1 2.12261e-08 -2.11895e-08 0 2.12261e-08 1 2.10703e-08 0 -2.11895e-08 2.10703e-08 1 0 
0.999998 0.000615891 0.0019252 -0.0137703 -0.000614239 1 -0.000836356 -0.00506075 -0.00192575 0.000835214 0.999998 0.448712 
0.999991 0.00209877 0.003619 -0.0197845 -0.00209208 0.999996 -0.00183912 -0.0115441 -0.00362289 0.00183157 0.999992 0.909053 
0.999979 0.00338968 0.00546169 -0.0296346 -0.00337708 0.999992 -0.00230622 -0.0178534 -0.00546951 0.00228777 0.999982 1.38853 
0.999969 0.00346538 0.00705349 -0.0354172 -0.00344778 0.999991 -0.00250075 -0.0233321 -0.00706213 0.0024764 0.999972 1.87436 
0.999958 0.00294666 0.0087179 -0.0394902 -0.00292671 0.999993 -0.00229525 -0.0297182 -0.00872465 0.00226968 0.999959 2.37563 
0.999938 0.00250948 0.010828 -0.0436881 -0.00249866 0.999996 -0.00100861 -0.0384873 -0.0108306 0.000981531 0.999941 2.88292 
0.999921 0.00244335 0.0123416 -0.0443426 -0.00244986 0.999997 0.000515381 -0.0457816 -0.0123404 -0.000545533 0.999924 3.39859 
0.999902 0.00344221 0.0136082 -0.0508582 -0.00346416 0.999993 0.00159319 -0.0516954 -0.0136027 -0.00164013 0.999906 3.91315 
0.999887 0.00478698 0.0142268 -0.0523924 -0.00480761 0.999987 0.00141922 -0.0578079 -0.0142199 -0.00148742 0.999898 4.42796 
0.99987 0.00551696 0.0151707 -0.0543066 -0.00553227 0.999984 0.000969824 -0.0646198 -0.0151651 -0.00105358 0.999884 4.94584 
0.99986 0.00552152 0.0157988 -0.0521646 -0.00553621 0.999984 0.000889355 -0.0730096 -0.0157936 -0.000976654 0.999875 5.46872 
0.999841 0.00693776 0.01645 -0.0528043 -0.00693992 0.999976 7.64438e-05 -0.0793559 -0.0164491 -0.000190552 0.999865 5.9957 
0.999816 0.00796059 0.0174309 -0.0576019 -0.00795054 0.999968 -0.000643181 -0.0853011 -0.0174355 0.000504519 0.999848 6.51679 
0.999783 0.00950848 0.018517 -0.0422389 -0.00949808 0.999955 -0.000647257 -0.101013 -0.0185223 0.000471282 0.999828 7.02489 
0.999767 0.00983455 0.019207 -0.041791 -0.00981041 0.999951 -0.0013482 -0.109443 -0.0192193 0.0011595 0.999815 7.56324 
0.999732 0.0108877 0.0204404 -0.0380796 -0.0108525 0.999939 -0.00183168 -0.117606 -0.0204591 0.0016094 0.999789 8.11376 
0.999655 0.0122683 0.0232467 -0.0379284 -0.0122269 0.999923 -0.00192303 -0.125131 -0.0232686 0.00163817 0.999728 8.67255 
0.999544 0.0130125 0.0272615 -0.0345133 -0.0129516 0.999913 -0.00240582 -0.131965 -0.0272905 0.00205169 0.999625 9.23411 
0.999422 0.01319 0.0313326 -0.028265 -0.0131051 0.99991 -0.0029127 -0.138251 -0.0313683 0.00250044 0.999505 9.80795 
0.999265 0.0127715 0.0361325 -0.00873831 -0.0126481 0.999913 -0.00363949 -0.145697 -0.0361759 0.00317985 0.99934 10.3865 
0.999041 0.0127441 0.0418945 0.00941872 -0.0126052 0.999914 -0.00357606 -0.157922 -0.0419365 0.00304458 0.999116 10.9674 
0.998774 0.0124105 0.0479252 0.029816 -0.0122709 0.99992 -0.00320343 -0.168572 -0.0479612 0.00261146 0.998846 11.5636 
0.998465 0.0126273 0.0539325 0.0556245 -0.0124418 0.999916 -0.00377374 -0.182606 -0.0539756 0.00309697 0.998537 12.1549 
0.998127 0.0107271 0.0602359 0.0867476 -0.010469 0.999935 -0.0045992 -0.193738 -0.0602813 0.00396001 0.998174 12.7667 
0.997741 0.0096944 0.0664745 0.116402 -0.00938022 0.999943 -0.00503607 -0.203044 -0.0665196 0.00440118 0.997775 13.394 
0.997274 0.012382 0.0727375 0.151464 -0.0118919 0.999904 -0.00716735 -0.212582 -0.0728192 0.00628287 0.997325 14.0268 
0.996751 0.0166968 0.0787949 0.196761 -0.0159332 0.99982 -0.0103094 -0.225693 -0.0789529 0.00902051 0.996838 14.6695 
0.996327 0.0137033 0.0845285 0.249898 -0.0128581 0.999862 -0.0105344 -0.236466 -0.0846612 0.0094089 0.996365 15.343 
0.996 0.00689435 0.0890836 0.316206 -0.00618955 0.999947 -0.00818508 -0.23851 -0.0891354 0.007601 0.995991 16.0271 
0.995595 0.00134434 0.0937455 0.38787 -0.000907749 0.999989 -0.00469921 -0.24947 -0.0937508 0.00459346 0.995585 16.7251 
0.995179 0.00158266 0.0980621 0.442879 -0.00147014 0.999998 -0.00121916 -0.261299 -0.0980639 0.00106916 0.99518 17.4357 
0.994936 0.000706701 0.100508 0.495319 -0.000585068 0.999999 -0.00123922 -0.267552 -0.100509 0.00117418 0.994936 18.1638 
0.994911 -0.00346302 0.100703 0.559354 0.00376677 0.999989 -0.0028259 -0.28159 -0.100692 0.00319088 0.994913 18.886 
0.99503 -0.00920461 0.0991526 0.625573 0.00975868 0.999939 -0.00510398 -0.282351 -0.0990997 0.00604625 0.995059 19.6436 
0.995462 -0.0106765 0.0945575 0.678827 0.0112879 0.999919 -0.0059336 -0.286484 -0.0944865 0.00697408 0.995502 20.4074 
0.996142 -0.0104583 0.0871289 0.730517 0.0110243 0.999921 -0.0060172 -0.298939 -0.0870592 0.00695456 0.996179 21.1969 
0.996907 -0.01034 0.0779126 0.774399 0.0106845 0.999935 -0.00400594 -0.313293 -0.0778661 0.00482604 0.996952 22.0097 
0.997598 -0.0107149 0.068431 0.807402 0.0108797 0.999939 -0.00203525 -0.321674 -0.0684051 0.00277492 0.997654 22.8158 
0.998197 -0.00946672 0.0592703 0.835057 0.00943379 0.999955 0.000836171 -0.330712 -0.0592756 -0.00027548 0.998242 23.6507 
0.998641 -0.00911205 0.0513232 0.859384 0.00896987 0.999955 0.00300082 -0.343255 -0.0513483 -0.00253633 0.998678 24.4839 
0.998976 -0.00780223 0.0445627 0.873856 0.00764401 0.999964 0.00372091 -0.349548 -0.0445901 -0.00337642 0.999 25.328 
0.999217 -0.00699946 0.0389366 0.887614 0.00683279 0.999967 0.00441292 -0.361723 -0.0389663 -0.00414338 0.999232 26.1646 
0.999412 -0.00532676 0.0338695 0.893734 0.00517816 0.999977 0.00447494 -0.372577 -0.0338926 -0.00429688 0.999416 27.0041 
0.999567 -0.00474381 0.0290373 0.896294 0.0046259 0.999981 0.00412797 -0.383865 -0.0290564 -0.00399182 0.99957 27.8399 
0.999699 -0.00492001 0.0240293 0.905107 0.00483169 0.999981 0.0037337 -0.397355 -0.0240473 -0.00361644 0.999704 28.6822 
0.999795 -0.00380675 0.0199043 0.897671 0.00372101 0.999984 0.00434503 -0.408763 -0.0199206 -0.00427003 0.999792 29.5158 
0.999866 -0.00234288 0.0161908 0.895137 0.00226021 0.999984 0.00512498 -0.419945 -0.0162026 -0.00508766 0.999856 30.35 
0.999912 0.000196457 0.013256 0.891917 -0.000277379 0.999981 0.00610624 -0.432141 -0.0132546 -0.00610934 0.999894 31.1799 
0.99993 0.00125216 0.0117335 0.883681 -0.00132089 0.999982 0.00585483 -0.437358 -0.011726 -0.00586988 0.999914 31.992 
0.999938 0.00244229 0.0108275 0.877339 -0.00250274 0.999981 0.00557637 -0.450417 -0.0108138 -0.00560308 0.999926 32.8052 
0.999939 0.00455568 0.0100671 0.865473 -0.00459877 0.99998 0.00426549 -0.464036 -0.0100475 -0.00431148 0.99994 33.6137 
0.999928 0.00725919 0.0095207 0.850931 -0.00729753 0.999965 0.00400327 -0.474572 -0.00949136 -0.00407242 0.999947 34.4193 
0.999924 0.00873674 0.00868825 0.841141 -0.00877709 0.999951 0.0046219 -0.489572 -0.00864749 -0.00469777 0.999952 35.2145 
0.99991 0.0105695 0.00830876 0.828081 -0.0106134 0.99993 0.00526223 -0.503285 -0.0082526 -0.0053499 0.999952 35.9906 
0.999904 0.0114469 0.00780437 0.817831 -0.0114895 0.999919 0.00543908 -0.518504 -0.00774152 -0.00552819 0.999955 36.7577 
0.999883 0.0135076 0.00724366 0.804588 -0.0135465 0.999894 0.00535513 -0.5294 -0.0071706 -0.00545258 0.999959 37.5099 
0.999851 0.0157224 0.00719713 0.792018 -0.0157626 0.99986 0.00557607 -0.540236 -0.0071085 -0.00568864 0.999959 38.2524 
0.999798 0.0186218 0.00754436 0.78169 -0.0186645 0.99981 0.00563335 -0.552069 -0.00743806 -0.00577299 0.999956 38.9808 
0.999723 0.0216815 0.00916202 0.765762 -0.0217331 0.999748 0.00557021 -0.566162 -0.00903898 -0.00576775 0.999943 39.6849 
0.999649 0.0236375 0.0119337 0.758011 -0.0236927 0.999709 0.00451212 -0.579773 -0.0118236 -0.00479324 0.999919 40.3842 
0.999551 0.025439 0.0158478 0.752083 -0.0255048 0.999667 0.00396869 -0.599092 -0.0157416 -0.00437106 0.999867 41.0609 
0.999463 0.0251205 0.0210374 0.750331 -0.0252113 0.999674 0.00406766 -0.609524 -0.0209284 -0.00459582 0.99977 41.7386 
0.999311 0.0260756 0.0264234 0.75327 -0.0261957 0.999648 0.00420903 -0.618103 -0.0263044 -0.00489827 0.999642 42.3977 
0.999143 0.0257661 0.0324036 0.773136 -0.0259319 0.999653 0.00470724 -0.634057 -0.0322711 -0.00554345 0.999464 43.0584 
0.998872 0.0253783 0.0401288 0.783027 -0.0256055 0.999659 0.00515806 -0.644333 -0.0399842 -0.00617972 0.999181 43.6901 
0.998476 0.0254013 0.0489891 0.802371 -0.0256697 0.999659 0.00485752 -0.652152 -0.0488491 -0.00610761 0.998788 44.3144 
0.997896 0.0262169 0.0592905 0.830739 -0.0265508 0.999636 0.00485193 -0.664042 -0.0591417 -0.00641589 0.998229 44.925 
0.997147 0.025371 0.0710876 0.870921 -0.0257636 0.999657 0.00461112 -0.674212 -0.0709463 -0.00642939 0.997459 45.5189 
0.996199 0.0243358 0.083635 0.917266 -0.0247947 0.999683 0.00445337 -0.681246 -0.0835002 -0.00651011 0.996487 46.1084 
0.995001 0.023784 0.09699 0.962449 -0.0242819 0.999697 0.00395692 -0.690084 -0.0968665 -0.0062922 0.995278 46.6807 
0.993446 0.0233612 0.111893 1.02345 -0.023945 0.999706 0.00387666 -0.700486 -0.111769 -0.00653049 0.993713 47.2414 
0.991445 0.02328 0.128436 1.09207 -0.0240286 0.999702 0.00428233 -0.710656 -0.128298 -0.00733178 0.991709 47.7938 
0.98898 0.0256642 0.145808 1.16707 -0.0264464 0.999644 0.00342892 -0.719199 -0.145668 -0.00724718 0.989307 48.3282 
0.985748 0.0240533 0.1665 1.26316 -0.0248414 0.999688 0.00265258 -0.729663 -0.166384 -0.00675084 0.986038 48.8571 
0.981499 0.0273271 0.189508 1.36463 -0.0281087 0.999604 0.00143746 -0.738745 -0.189394 -0.00673766 0.981878 49.3708 
0.976241 0.0264878 0.215061 1.47635 -0.0268929 0.999638 -0.00104254 -0.747521 -0.215011 -0.0047658 0.9766 49.8701 
0.970103 0.0256784 0.241332 1.6126 -0.0255068 0.999667 -0.00383562 -0.759786 -0.241351 -0.00243462 0.970435 50.349 
0.962636 0.0243026 0.269706 1.74596 -0.0234677 0.999705 -0.00631991 -0.773432 -0.26978 -0.000245594 0.962922 50.8084 
0.953937 0.0226865 0.299149 1.90156 -0.0213975 0.999742 -0.00758388 -0.77736 -0.299244 0.000833527 0.954176 51.2514 
0.943633 0.0248385 0.330059 2.05504 -0.0228555 0.99969 -0.00988783 -0.791789 -0.330202 0.00178686 0.943909 51.6785 
0.932007 0.0253143 0.361556 2.22203 -0.0234029 0.999679 -0.00966517 -0.806841 -0.361685 0.000546586 0.9323 52.0908 
0.918843 0.0247338 0.393847 2.40516 -0.0233142 0.999693 -0.0083892 -0.822856 -0.393934 -0.00147384 0.919138 52.4955 
0.903633 0.0239335 0.427638 2.60055 -0.0227813 0.99971 -0.00781171 -0.836503 -0.427701 -0.0026832 0.903916 52.8819 
0.886385 0.0232913 0.462363 2.80098 -0.0220837 0.999724 -0.00802442 -0.853215 -0.462422 -0.0030979 0.886655 53.2381 
0.867091 0.0229057 0.497623 3.0111 -0.021212 0.999734 -0.00905669 -0.868845 -0.497698 -0.00270259 0.867346 53.5749 
0.845842 0.0220518 0.532977 3.23574 -0.0191792 0.999756 -0.010927 -0.880984 -0.533089 -0.000979528 0.846059 53.8946 
0.822185 0.0208229 0.568839 3.46549 -0.0166689 0.999783 -0.0125052 -0.893865 -0.568976 0.000799695 0.822354 54.2023 
0.796685 0.0177687 0.604134 3.7164 -0.0125734 0.999839 -0.0128262 -0.90677 -0.604264 0.00262245 0.79678 54.4959 
0.768866 0.0139899 0.639257 3.9779 -0.00937623 0.9999 -0.0106051 -0.920537 -0.639342 0.00216011 0.76892 54.7696 
0.739127 0.00940474 0.673501 4.2463 -0.00661014 0.999956 -0.00670904 -0.93055 -0.673534 0.000506914 0.739156 55.0304 
0.706947 0.00578075 0.707243 4.52715 -0.00492328 0.999983 -0.0032522 -0.937242 -0.707249 -0.00118279 0.706963 55.2819 
0.671511 0.00351191 0.740986 4.81182 -0.00613646 0.999981 0.000821762 -0.945854 -0.740969 -0.00509883 0.67152 55.5199 
0.633656 -1.62531e-05 0.773615 5.10728 -0.00418767 0.999985 0.00345113 -0.95095 -0.773603 -0.00542645 0.633647 55.7389 
0.594659 -0.00356695 0.80397 5.41 -0.00101092 0.999986 0.0051844 -0.955426 -0.803978 -0.00389568 0.594647 55.9226 
0.552601 -0.0056938 0.833426 5.72847 0.00172916 0.999982 0.00568523 -0.967177 -0.833444 -0.00170052 0.552601 56.0953 
0.507828 -0.00453356 0.861447 6.05813 0.00356816 0.999989 0.00315927 -0.967912 -0.861451 0.00146942 0.507838 56.2586 
0.460725 -0.00213435 0.88754 6.40653 0.00189339 0.999997 0.00142198 -0.976235 -0.887541 0.00102533 0.460728 56.4204 
0.411426 0.000645072 0.911443 6.76891 -0.00213667 0.999998 0.000256804 -0.983359 -0.911441 -0.0020531 0.411427 56.5651 
0.361247 0.00319215 0.932465 7.15253 -0.00651332 0.999978 -0.000899889 -0.985091 -0.932448 -0.00574836 0.36126 56.7006 
0.311305 0.0037033 0.950303 7.54203 -0.0089527 0.99996 -0.000963994 -0.991868 -0.950268 -0.00820767 0.311325 56.8053 
0.262919 0.00356738 0.964811 7.95217 -0.00668094 0.999976 -0.00187674 -0.994293 -0.964795 -0.00595241 0.262936 56.8923 
0.217896 0.00285842 0.975968 8.3893 -0.00530095 0.999984 -0.00174521 -0.998709 -0.975958 -0.00479328 0.217908 56.9641 
0.175851 0.000815273 0.984417 8.84756 -0.00506786 0.999987 7.71738e-05 -1.00288 -0.984404 -0.00500245 0.175853 57.0314 
0.13725 -0.00151647 0.990535 9.32588 -0.00504712 0.999985 0.00223032 -1.00623 -0.990524 -0.00530546 0.137241 57.0776 
0.100861 -0.00328543 0.994895 9.82213 -0.00575622 0.999976 0.00388581 -1.01043 -0.994884 -0.00611876 0.10084 57.1153 
0.0682032 -0.00440994 0.997662 10.3393 -0.00472017 0.999978 0.0047429 -1.01369 -0.99766 -0.00503261 0.0681809 57.1364 
0.0387571 -0.00492727 0.999237 10.8776 -0.00448853 0.999977 0.00510505 -1.01662 -0.999239 -0.00468296 0.0387341 57.1462 
0.0123212 -0.00269519 0.999921 11.4371 -0.0067629 0.999973 0.00277871 -1.01582 -0.999901 -0.0067966 0.0123027 57.1487 
-0.010244 -0.000213723 0.999948 12.0113 -0.0108516 0.999941 0.000102594 -1.01519 -0.999889 -0.01085 -0.0102458 57.1455 
-0.0299451 0.000501579 0.999551 12.6061 -0.0108323 0.999941 -0.000826252 -1.01937 -0.999493 -0.0108522 -0.0299379 57.1263 
-0.047039 0.00104384 0.998893 13.2205 -0.00677966 0.999976 -0.0013642 -1.02498 -0.99887 -0.00683632 -0.0470308 57.0916 
-0.0628908 0.000749701 0.99802 13.8552 -0.0044355 0.99999 -0.00103065 -1.02907 -0.998011 -0.00449154 -0.0628868 57.0522 
-0.0783524 -9.34874e-05 0.996926 14.5134 -0.00481974 0.999988 -0.000284987 -1.03152 -0.996914 -0.00482725 -0.0783519 57.006 
-0.092888 0.00116616 0.995676 15.1912 -0.00366245 0.999992 -0.00151285 -1.03565 -0.99567 -0.00378714 -0.092883 56.9457 
-0.105029 0.00296201 0.994465 15.886 -0.00191879 0.999993 -0.00318108 -1.04445 -0.994467 -0.00224228 -0.105023 56.8759 
-0.114622 0.00576837 0.993393 16.5978 0.00545707 0.999972 -0.00517688 -1.04819 -0.993394 0.00482762 -0.11465 56.7923 
-0.120371 0.00852749 0.992692 17.3178 0.0131422 0.999889 -0.00699569 -1.05812 -0.992642 0.012204 -0.12047 56.7019 
-0.122777 0.00850695 0.992398 18.0595 0.0178021 0.999821 -0.00636811 -1.07 -0.992275 0.0168849 -0.122907 56.614 
-0.122595 0.00706133 0.992432 18.8184 0.018631 0.999815 -0.00481233 -1.08033 -0.992282 0.0179001 -0.122704 56.5325 
-0.119932 0.00653396 0.992761 19.5942 0.0224347 0.999741 -0.00386961 -1.08653 -0.992529 0.0218082 -0.120047 56.4506 
-0.115377 0.00551617 0.993306 20.3804 0.0239649 0.999709 -0.00276805 -1.09806 -0.993033 0.0234851 -0.115476 56.3708 
-0.111022 0.00623642 0.993798 21.1773 0.0226446 0.999737 -0.0037439 -1.11402 -0.99356 0.0220885 -0.111134 56.3022 
-0.106785 0.00729281 0.994255 21.9773 0.0221463 0.999743 -0.00495446 -1.1273 -0.994035 0.02149 -0.106919 56.2337 
-0.102515 0.00663531 0.994709 22.7903 0.0270071 0.999628 -0.00388471 -1.14217 -0.994365 0.0264659 -0.102656 56.1635 
-0.0986389 0.00476063 0.995112 23.5938 0.0328603 0.999459 -0.00152416 -1.15401 -0.994581 0.0325493 -0.0987419 56.0859 
-0.0946905 0.00135932 0.995506 24.4094 0.0352491 0.999377 0.00198826 -1.16831 -0.994883 0.035279 -0.0946794 56.0196 
-0.0900064 -0.00189472 0.995939 25.219 0.038331 0.999251 0.00536516 -1.17821 -0.995203 0.0386582 -0.0898663 55.9572 
-0.0845587 -0.00462994 0.996408 26.0324 0.0390839 0.999204 0.00795977 -1.187 -0.995652 0.0396166 -0.0843105 55.9045 
-0.0803298 -0.00584879 0.996751 26.8439 0.0367045 0.999287 0.00882179 -1.19384 -0.996092 0.0372939 -0.0800579 55.8592 
-0.0763295 -0.00770133 0.997053 27.6474 0.0303291 0.99949 0.010042 -1.20401 -0.996621 0.0310062 -0.0760569 55.8221 
-0.072167 -0.0109282 0.997333 28.4599 0.0243019 0.999624 0.0127118 -1.2059 -0.997096 0.0251545 -0.0718743 55.7914 
-0.0676576 -0.0124432 0.997631 29.2721 0.0215473 0.999671 0.01393 -1.21221 -0.997476 0.0224387 -0.0673672 55.758 
-0.0637628 -0.00841943 0.99793 30.0833 0.0221846 0.999705 0.00985194 -1.22103 -0.997719 0.0227668 -0.0635573 55.7244 
-0.0604509 -0.000699221 0.998171 30.8925 0.0230728 0.999732 0.00209768 -1.22791 -0.997905 0.0231574 -0.0604185 55.6917 
-0.0579079 0.00569179 0.998306 31.7069 0.0218306 0.999752 -0.00443368 -1.23321 -0.998083 0.0215368 -0.0580178 55.6651 
-0.0558243 0.00502276 0.998428 32.5329 0.0211463 0.999769 -0.00384713 -1.24354 -0.998217 0.0208983 -0.0559176 55.6307 
-0.0541764 0.00177502 0.99853 33.3732 0.0236194 0.999721 -0.0004956 -1.25136 -0.998252 0.0235579 -0.0542032 55.5897 
-0.053155 0.00137218 0.998585 34.2001 0.0247929 0.999693 -5.39233e-05 -1.27038 -0.998278 0.024755 -0.0531727 55.5548 
-0.0536738 0.00397583 0.998551 35.0184 0.022136 0.999751 -0.00279072 -1.28102 -0.998313 0.0219541 -0.0537484 55.537 
-0.0535486 0.00526016 0.998551 35.8616 0.0153227 0.999873 -0.00444538 -1.29424 -0.998448 0.0150625 -0.0536224 55.5141 
-0.0548011 0.00458349 0.998487 36.7026 0.0136074 0.9999 -0.00384311 -1.30456 -0.998405 0.0133762 -0.054858 55.4924 
-0.0561912 0.00339272 0.998414 37.5548 0.0138034 0.999901 -0.00262087 -1.32407 -0.998325 0.0136343 -0.0562325 55.4594 
-0.0576769 0.00713846 0.99831 38.4019 0.0131745 0.999893 -0.00638859 -1.34316 -0.998248 0.0127838 -0.0577648 55.4273 
-0.0591896 0.011156 0.998184 39.267 0.0134629 0.999856 -0.0103763 -1.35812 -0.998156 0.0128243 -0.0593312 55.3959 
-0.0597385 0.0137699 0.998119 40.1369 0.0150261 0.999804 -0.0128938 -1.37895 -0.998101 0.0142276 -0.0599337 55.3544 
-0.0607638 0.0150621 0.998039 41.0212 0.0172213 0.999753 -0.0140394 -1.39922 -0.998004 0.0163344 -0.0610082 55.3122 
-0.0615614 0.0163815 0.997969 41.9092 0.0176256 0.999727 -0.0153231 -1.42111 -0.997948 0.0166465 -0.0618334 55.2674 
-0.0626933 0.0161176 0.997903 42.804 0.0165792 0.999748 -0.0151058 -1.44252 -0.997895 0.0155974 -0.0629447 55.2259 
-0.0637766 0.01122 0.997901 43.72 0.0151179 0.999833 -0.0102755 -1.4695 -0.99785 0.0144308 -0.0639356 55.1844 
-0.065123 0.00964847 0.997831 44.6492 0.0151064 0.999848 -0.00868203 -1.49418 -0.997763 0.0145082 -0.0652589 55.1397 
-0.0666577 0.0130982 0.99769 45.5775 0.0154953 0.999807 -0.0120907 -1.51488 -0.997656 0.0146536 -0.0668478 55.0981 
-0.0671945 0.0167635 0.997599 46.5114 0.0165346 0.99974 -0.0156857 -1.53652 -0.997603 0.0154409 -0.0674542 55.0479 
-0.0670921 0.0180983 0.997583 47.4494 0.0196078 0.999666 -0.0168173 -1.56184 -0.997554 0.018432 -0.0674246 54.9991 
-0.0667766 0.0148772 0.997657 48.4129 0.0238051 0.999628 -0.0133132 -1.58502 -0.997484 0.0228603 -0.067106 54.9412 
-0.0669262 0.00928471 0.997715 49.3935 0.0258814 0.999636 -0.00756644 -1.60304 -0.997422 0.0253159 -0.0671421 54.8834 
-0.066327 0.00624205 0.997778 50.3747 0.0273834 0.999615 -0.0044332 -1.62831 -0.997422 0.0270285 -0.0664724 54.8358 
-0.0646278 0.00794094 0.997878 51.3678 0.0266614 0.999625 -0.00622807 -1.64285 -0.997553 0.0262023 -0.0648153 54.7905 
-0.0639118 0.0108171 0.997897 52.3582 0.0265721 0.999605 -0.00913378 -1.66136 -0.997602 0.0259324 -0.064174 54.7461 
-0.0637349 0.0123422 0.997891 53.3544 0.020746 0.999724 -0.0110398 -1.69297 -0.997751 0.0199986 -0.0639733 54.7077 
-0.0645282 0.0123524 0.997839 54.3666 0.0179793 0.999776 -0.0112136 -1.71367 -0.997754 0.0172169 -0.0647358 54.6719 
-0.0651142 0.00748624 0.99785 55.3859 0.0174242 0.999828 -0.00636403 -1.73773 -0.997726 0.0169724 -0.0652334 54.6253 
-0.0656247 0.00177327 0.997843 56.4291 0.0154037 0.999881 -0.000763801 -1.75591 -0.997726 0.0153204 -0.0656442 54.5755 
-0.0663814 0.00243631 0.997791 57.4635 0.0168195 0.999858 -0.00132235 -1.77315 -0.997653 0.0166945 -0.066413 54.5227 
-0.066685 0.00570539 0.997758 58.5004 0.0193839 0.999802 -0.00442152 -1.79192 -0.997586 0.0190456 -0.0667825 54.4681 
-0.0679176 0.00864304 0.997654 59.5509 0.0219851 0.999733 -0.00716433 -1.81174 -0.997449 0.021447 -0.0680895 54.419 
-0.0702657 0.0058163 0.997511 60.615 0.0225657 0.999736 -0.00423969 -1.82677 -0.997273 0.0222116 -0.0703784 54.3637 
-0.072949 0.000457351 0.997336 61.6885 0.02376 0.999717 0.00127949 -1.85062 -0.997053 0.02379 -0.0729392 54.299 
-0.075834 -0.00216708 0.997118 62.757 0.0251412 0.999676 0.00408475 -1.86302 -0.996803 0.0253786 -0.0757549 54.2301 
-0.0798912 -0.00119857 0.996803 63.8389 0.0298472 0.999548 0.00359408 -1.87358 -0.996357 0.0300389 -0.0798194 54.1681 
-0.0832151 -0.00233116 0.996529 64.9078 0.0325933 0.999456 0.00505975 -1.88576 -0.995998 0.0329012 -0.0830939 54.0891 
-0.0867763 -0.0040401 0.99622 65.9749 0.0368253 0.999295 0.00726031 -1.89765 -0.995547 0.0373161 -0.0865664 54.0057 
-0.0897874 -0.00351372 0.995955 67.0445 0.0400873 0.999171 0.00713906 -1.90927 -0.995154 0.0405661 -0.0895721 53.9267 
-0.0919121 0.000198854 0.995767 68.1 0.0443346 0.999009 0.00389275 -1.92327 -0.99478 0.0445047 -0.0918299 53.8396 
-0.093592 0.00467483 0.9956 69.1668 0.0472134 0.998885 -0.000251895 -1.94255 -0.994491 0.046982 -0.0937084 53.7547 
-0.0946987 0.00759554 0.995477 70.233 0.0508205 0.998704 -0.00278562 -1.95621 -0.994208 0.0503268 -0.094962 53.6669 
-0.0940538 0.00682022 0.995544 71.2777 0.0501307 0.99874 -0.00210599 -1.98048 -0.994304 0.0497092 -0.0942773 53.5875 
-0.0916576 0.00421225 0.995782 72.3554 0.0509705 0.9987 0.000467072 -2.00274 -0.994485 0.0507983 -0.0917532 53.5166 
-0.0869399 0.000868164 0.996213 73.4194 0.0543797 0.998513 0.00387561 -2.01761 -0.994728 0.0545108 -0.0868578 53.4356 
-0.0816897 -0.00188469 0.996656 74.5112 0.0545954 0.998488 0.00636304 -2.02843 -0.995161 0.0549326 -0.0814633 53.3682 
-0.0767669 -0.00530977 0.997035 75.5873 0.0558206 0.998395 0.00961497 -2.04319 -0.995485 0.0563932 -0.0763473 53.3033 
-0.0721794 -0.00661285 0.99737 76.6531 0.0568618 0.998324 0.0107343 -2.05976 -0.99577 0.057487 -0.0716824 53.2444 
-0.0685158 -0.0026738 0.997646 77.7251 0.0566772 0.998371 0.00656823 -2.07577 -0.996039 0.0569938 -0.0682526 53.1934 
-0.0661525 0.00222142 0.997807 78.8085 0.0553999 0.998463 0.00145006 -2.0859 -0.99627 0.0553743 -0.0661739 53.14 
-0.0650516 0.00199979 0.99788 79.869 0.0556808 0.998447 0.00162893 -2.10266 -0.996327 0.0556687 -0.0650619 53.0964 
-0.0633323 1.15708e-05 0.997993 80.9409 0.0561606 0.998415 0.0035524 -2.12159 -0.996411 0.0562728 -0.0632326 53.0397 
-0.0618788 0.00269424 0.99808 82.0372 0.0557549 0.998444 0.000761496 -2.14874 -0.996525 0.0556949 -0.0619327 53.0046 
-0.0600059 0.00832258 0.998163 83.1174 0.0560481 0.998416 -0.00495524 -2.1675 -0.996623 0.0556478 -0.0603773 52.9646 
-0.0577802 0.0115378 0.998263 84.1836 0.0552401 0.998438 -0.00834248 -2.18935 -0.9968 0.0546621 -0.0583273 52.9214 
-0.0552957 0.0110527 0.998409 85.259 0.0560992 0.998394 -0.00794551 -2.21443 -0.996893 0.0555706 -0.0558269 52.8753 
-0.0520148 0.00781061 0.998616 86.3421 0.053545 0.998553 -0.00502109 -2.24228 -0.99721 0.0532097 -0.0523577 52.8467 
-0.047738 0.00373731 0.998853 87.4363 0.0533321 0.998576 -0.00118735 -2.2611 -0.997435 0.0532143 -0.0478693 52.8144 
-0.0433221 0.00105175 0.999061 88.5429 0.0513718 0.998679 0.00117631 -2.29042 -0.99774 0.0513745 -0.0433189 52.7972 
-0.0398749 0.00521539 0.999191 89.6322 0.0479229 0.998846 -0.00330107 -2.30977 -0.998055 0.0477525 -0.0400788 52.7811 
-0.0382607 0.0145987 0.999161 90.7178 0.0439278 0.998951 -0.0129135 -2.33777 -0.998302 0.0433969 -0.0388619 52.7671 
-0.0374345 0.0225361 0.999045 91.7877 0.0386433 0.999031 -0.0210877 -2.37149 -0.998552 0.037817 -0.0382691 52.754 
-0.0372959 0.0222297 0.999057 92.8687 0.0379075 0.999064 -0.0208146 -2.40156 -0.998585 0.0370954 -0.0381037 52.7447 
-0.0365835 0.0158876 0.999204 93.9661 0.0373712 0.999196 -0.0145191 -2.44461 -0.998632 0.0368103 -0.0371478 52.723 
-0.0379917 0.0100146 0.999228 95.0731 0.0392028 0.999195 -0.00852368 -2.47208 -0.998509 0.0388487 -0.0383537 52.698 
-0.0397898 0.00394272 0.9992 96.1651 0.0375833 0.999291 -0.0024464 -2.49769 -0.998501 0.0374559 -0.0399098 52.6684 
-0.0420262 -0.000997211 0.999116 97.26 0.0370735 0.999309 0.00255688 -2.5229 -0.998428 0.0371482 -0.0419602 52.6418 
-0.0440974 -0.000482411 0.999027 98.3525 0.0377338 0.999286 0.00214816 -2.54412 -0.998314 0.0377918 -0.0440477 52.6081 
-0.0458386 -4.40992e-05 0.998949 99.4273 0.037482 0.999296 0.00176408 -2.55855 -0.998245 0.0375234 -0.0458047 52.576 
-0.0472498 -0.00134292 0.998882 100.504 0.0386655 0.999247 0.00317243 -2.57664 -0.998135 0.0387722 -0.0471623 52.5365 
-0.0482957 0.000328469 0.998833 101.59 0.0392701 0.999227 0.00157023 -2.6003 -0.998061 0.0393001 -0.0482712 52.5036 
-0.0488014 0.0086246 0.998771 102.657 0.0402429 0.999168 -0.00666165 -2.62255 -0.997998 0.0398684 -0.0491079 52.4658 
-0.0493762 0.0162625 0.998648 103.711 0.0370536 0.999209 -0.0144396 -2.65171 -0.998093 0.0362905 -0.0499397 52.4342 
-0.0507092 0.0167096 0.998574 104.775 0.0348062 0.999282 -0.0149539 -2.6798 -0.998107 0.0339983 -0.0512544 52.4006 
-0.0533209 0.0106972 0.99852 105.848 0.0302879 0.9995 -0.00909033 -2.71617 -0.998118 0.0297584 -0.0536183 52.3754 
-0.0562528 0.00296068 0.998412 106.911 0.0241035 0.999708 -0.00160644 -2.74305 -0.998126 0.0239749 -0.0563077 52.3442 
-0.0583044 -0.00514449 0.998286 107.975 0.0229252 0.999716 0.00649084 -2.7612 -0.998036 0.0232644 -0.0581699 52.3054 
-0.0599667 -0.0116309 0.998133 109.029 0.0261185 0.999572 0.0132169 -2.77618 -0.997859 0.0268623 -0.0596372 52.2555 
-0.0617208 -0.011888 0.998023 110.069 0.0245538 0.999608 0.0134254 -2.78402 -0.997791 0.0253338 -0.0614048 52.2091 
-0.0622672 -0.0044041 0.99805 111.102 0.0284512 0.999576 0.00618591 -2.79974 -0.997654 0.0287809 -0.0621155 52.1543 
-0.0625189 0.0101448 0.997992 112.119 0.037472 0.999267 -0.00781027 -2.82157 -0.99734 0.0369084 -0.0628533 52.0899 
-0.0635417 0.021207 0.997754 113.133 0.0423456 0.998931 -0.0185352 -2.84664 -0.99708 0.0410727 -0.0643718 52.0342 
-0.0640333 0.0183896 0.997778 114.167 0.042471 0.998975 -0.015686 -2.87115 -0.997044 0.0413722 -0.0647486 51.9934 
-0.0637796 0.0079705 0.997932 115.211 0.0447238 0.998986 -0.0051205 -2.89737 -0.996961 0.0443047 -0.0640714 51.9397 
-0.0632176 -0.00192978 0.997998 116.237 0.0451133 0.99897 0.00478937 -2.91854 -0.99698 0.0453257 -0.0630654 51.8881 
-0.0630866 -0.0074124 0.997981 117.258 0.0433 0.999011 0.0101573 -2.93185 -0.997068 0.0438534 -0.0627032 51.8437 
-0.0637174 -0.0127385 0.997887 118.273 0.0400449 0.999081 0.0153108 -2.93775 -0.997164 0.0409358 -0.0631487 51.8091 
-0.0634392 -0.0160113 0.997857 119.284 0.0372869 0.999135 0.0184024 -2.9429 -0.997289 0.0383745 -0.0627874 51.763 
-0.0632335 -0.013913 0.997902 120.29 0.0364862 0.999202 0.0162431 -2.95087 -0.997332 0.0374368 -0.0626754 51.7168 
-0.0625744 -0.00686853 0.998017 121.293 0.0340218 0.999381 0.00901108 -2.95336 -0.99746 0.0345182 -0.062302 51.6713 
-0.0622036 -0.0010155 0.998063 122.277 0.0340727 0.999414 0.00314047 -2.96568 -0.997482 0.034202 -0.0621326 51.6261 
-0.0621689 0.0040751 0.998057 123.245 0.0341869 0.999414 -0.0019511 -2.98492 -0.99748 0.0339992 -0.0622718 51.5826 
-0.0619675 0.00846536 0.998042 124.215 0.0359426 0.999334 -0.00624464 -3.00977 -0.997431 0.0354853 -0.0622305 51.5353 
-0.0619544 0.0125985 0.998 125.181 0.0348269 0.999339 -0.0104534 -3.04841 -0.997471 0.0341096 -0.0623522 51.4986 
-0.0618655 0.011988 0.998013 126.146 0.0360965 0.999301 -0.00976584 -3.07138 -0.997432 0.0354206 -0.062255 51.4525 
-0.0619602 0.00577465 0.998062 127.114 0.0349813 0.999381 -0.00361059 -3.0943 -0.997465 0.0346898 -0.0621239 51.4121 
-0.0626875 -0.00391574 0.998026 128.07 0.0327762 0.999445 0.00598006 -3.11478 -0.997495 0.0330863 -0.0625243 51.3739 
-0.0636525 -0.0121434 0.997898 129.015 0.0274468 0.999526 0.013914 -3.13149 -0.997595 0.0282748 -0.0632891 51.335 
-0.0661417 -0.015171 0.997695 129.936 0.0225279 0.999607 0.0166936 -3.13971 -0.997556 0.0235801 -0.0657739 51.3001 
-0.0677958 -0.0127583 0.997618 130.831 0.0179524 0.999741 0.0140055 -3.14952 -0.997538 0.0188592 -0.0675492 51.2606 
-0.068867 -0.00588731 0.997609 131.706 0.0154093 0.999857 0.00696436 -3.16201 -0.997507 0.0158521 -0.0687664 51.2201 
-0.0695534 0.00162319 0.997577 132.567 0.0170699 0.999854 -0.000436693 -3.17487 -0.997432 0.0169982 -0.069571 51.1741 
-0.0681922 0.00737751 0.997645 133.408 0.0217954 0.999745 -0.00590321 -3.19464 -0.997434 0.0213416 -0.0683356 51.1258 
-0.0654436 0.0099834 0.997806 134.228 0.0248218 0.999657 -0.00837388 -3.21543 -0.997548 0.0242193 -0.0656689 51.0832 
-0.0608773 0.00944727 0.998101 135.037 0.0292628 0.999542 -0.00767605 -3.2365 -0.997716 0.0287399 -0.0611259 51.0446 
-0.0558978 0.00421577 0.998428 135.829 0.0319273 0.999487 -0.00243273 -3.26006 -0.997926 0.0317411 -0.0560037 51.0102 
-0.051803 0.000180978 0.998657 136.6 0.0330439 0.999453 0.00153299 -3.2809 -0.998111 0.0330789 -0.0517806 50.9815 
-0.0474794 0.000743684 0.998872 137.342 0.0333141 0.999445 0.000839447 -3.30085 -0.998317 0.0333163 -0.0474778 50.9607 
-0.0430241 0.0050289 0.999061 138.048 0.034817 0.999388 -0.00353112 -3.32129 -0.998467 0.0346324 -0.0431728 50.9445 
-0.0387579 0.00894386 0.999209 138.736 0.0349896 0.999359 -0.00758797 -3.33879 -0.998636 0.0346678 -0.039046 50.9374 
-0.0342773 0.00953052 0.999367 139.393 0.0364572 0.999301 -0.0082794 -3.35625 -0.998747 0.0361503 -0.0346008 50.9242 
-0.0301999 0.00902616 0.999503 140.015 0.0335555 0.999405 -0.00801135 -3.37933 -0.998981 0.0332969 -0.0304848 50.9219 
-0.0263473 0.00807545 0.99962 140.612 0.0285568 0.999565 -0.00732229 -3.40239 -0.999245 0.028353 -0.0265665 50.9242 
-0.0225546 0.00832912 0.999711 141.171 0.0237762 0.999687 -0.00779246 -3.42472 -0.999463 0.0235936 -0.0227456 50.9255 
-0.0196585 0.0115932 0.99974 141.714 0.0223467 0.999688 -0.0111531 -3.44113 -0.999557 0.0221216 -0.0199114 50.9262 
-0.0185037 0.0156673 0.999706 142.254 0.0208974 0.999665 -0.0152798 -3.45916 -0.99961 0.0206085 -0.0188249 50.9202 
-0.0189413 0.0169456 0.999677 142.793 0.0175498 0.999708 -0.0166136 -3.47192 -0.999667 0.0172295 -0.0192332 50.9222 
-0.0205457 0.0150868 0.999675 143.324 0.0115879 0.999823 -0.0148508 -3.49028 -0.999722 0.011279 -0.0207169 50.926 
-0.0223596 0.0108719 0.999691 143.868 0.006587 0.999921 -0.010727 -3.50393 -0.999728 0.00634511 -0.0224294 50.9229 
-0.0244411 0.00574696 0.999685 144.402 0.00547773 0.999969 -0.00561463 -3.51647 -0.999686 0.00533878 -0.0244718 50.9161 
-0.026513 0.00260403 0.999645 144.927 0.00884534 0.999958 -0.0023702 -3.53271 -0.999609 0.00877936 -0.0265349 50.9014 
-0.0287309 0.00466537 0.999576 145.437 0.0113049 0.999927 -0.00434202 -3.55198 -0.999523 0.0111753 -0.0287816 50.8874 
-0.0317172 0.00799025 0.999465 145.949 0.010971 0.999911 -0.00764561 -3.56425 -0.999437 0.0107226 -0.031802 50.877 
-0.0345997 0.00969062 0.999354 146.45 0.00711398 0.99993 -0.00944986 -3.57535 -0.999376 0.00678243 -0.0346662 50.8755 
-0.0369818 0.0113922 0.999251 146.944 0.00646324 0.999917 -0.0111606 -3.5837 -0.999295 0.00604566 -0.0370523 50.8704 
-0.038745 0.0128511 0.999167 147.441 0.00815242 0.999888 -0.0125442 -3.59339 -0.999216 0.0076596 -0.0388454 50.853 
-0.0417737 0.010183 0.999075 147.936 0.00835109 0.999917 -0.00984238 -3.60986 -0.999092 0.00793221 -0.0418552 50.841 
-0.0444007 0.00494577 0.999002 148.44 0.00781392 0.999959 -0.00460318 -3.6217 -0.998983 0.00760174 -0.0444375 50.8298 
-0.046999 0.00187856 0.998893 148.927 0.00683973 0.999975 -0.00155874 -3.62923 -0.998872 0.0067589 -0.0470107 50.8176 
-0.049613 0.000714265 0.998768 149.418 0.00451931 0.99999 -0.000490604 -3.63997 -0.998758 0.0044894 -0.0496157 50.8036 
-0.0518252 -0.000799546 0.998656 149.906 0.00323028 0.999994 0.000968294 -3.6527 -0.998651 0.00327612 -0.0518223 50.7921 
-0.0531546 -0.00264406 0.998583 150.396 0.00280808 0.999992 0.0027973 -3.6681 -0.998582 0.00295279 -0.0531468 50.7791 
-0.0543035 -0.00254818 0.998521 150.881 0.00197461 0.999995 0.00265936 -3.67406 -0.998523 0.0021161 -0.0542982 50.7671 
-0.0535303 -0.000596743 0.998566 151.363 0.00486545 0.999988 0.000858457 -3.67638 -0.998554 0.00490443 -0.0535267 50.7532 
-0.048371 0.00180084 0.998828 151.836 0.00722839 0.999973 -0.00145281 -3.68839 -0.998803 0.00714964 -0.0483827 50.7319 
-0.0409489 0.00357391 0.999155 152.306 0.00752015 0.999966 -0.00326857 -3.6985 -0.999133 0.00737995 -0.0409744 50.7236 
-0.0313817 0.00360005 0.999501 152.767 0.00527772 0.99998 -0.00343602 -3.70567 -0.999494 0.00516725 -0.0314001 50.7366 
-0.0160633 0.00273872 0.999867 153.225 0.00694707 0.999972 -0.00262736 -3.71031 -0.999847 0.00690395 -0.0160819 50.7505 
0.00613692 0.00308758 0.999976 153.675 0.0123559 0.999919 -0.00316319 -3.71581 -0.999905 0.012375 0.00609827 50.7684 
0.0357002 0.00383458 0.999355 154.118 0.0189774 0.99981 -0.00451421 -3.72084 -0.999182 0.0191264 0.0356206 50.8027 
0.0719137 0.00306955 0.997406 154.553 0.0204965 0.99978 -0.00455462 -3.73061 -0.9972 0.0207709 0.0718349 50.8604 
0.112587 0.00275898 0.993638 154.984 0.0170953 0.999843 -0.0047132 -3.74514 -0.993495 0.0175172 0.112522 50.9456 
0.154344 0.00582761 0.988 155.397 0.0124722 0.999891 -0.00784609 -3.75779 -0.987938 0.0135335 0.154255 51.0541 
0.1961 0.0105868 0.980527 155.809 0.0117268 0.999845 -0.0131406 -3.76424 -0.980514 0.0140753 0.195945 51.1708 
0.238486 0.0144778 0.971038 156.211 0.0128653 0.999754 -0.0180656 -3.77611 -0.971061 0.0168011 0.238241 51.3 
0.280818 0.0171837 0.959607 156.608 0.0137517 0.999665 -0.0219252 -3.78244 -0.959662 0.0193533 0.280488 51.4532 
0.32237 0.0193621 0.946416 156.994 0.0101718 0.999662 -0.0239162 -3.79028 -0.946559 0.0173366 0.322064 51.6271 
0.362868 0.0226382 0.931566 157.355 0.00270632 0.999675 -0.0253475 -3.80706 -0.931837 0.0117189 0.362688 51.8164 
0.402382 0.0279645 0.915045 157.7 -0.00609803 0.999593 -0.0278667 -3.81539 -0.915452 0.0056331 0.402389 52.0251 
0.4419 0.0337877 0.896428 158.057 -0.0105459 0.999417 -0.0324708 -3.83208 -0.897002 0.00489526 0.441999 52.2461 
0.480231 0.0374193 0.876344 158.409 -0.0116966 0.999274 -0.0362586 -3.84938 -0.877064 0.00716224 0.48032 52.4829 
0.518132 0.0367843 0.854509 158.767 -0.0105854 0.999274 -0.0365975 -3.86347 -0.855235 0.00991707 0.518145 52.737 
0.554129 0.035105 0.83169 159.11 -0.0120448 0.999344 -0.0341564 -3.88143 -0.832344 0.00890959 0.554189 53.0098 
0.587592 0.035947 0.808358 159.443 -0.0165786 0.999338 -0.0323888 -3.89823 -0.808988 0.00562995 0.587799 53.3101 
0.619534 0.0399881 0.783951 159.772 -0.0236212 0.999199 -0.0323004 -3.91746 -0.784615 0.00149334 0.619982 53.6271 
0.649492 0.043617 0.759116 160.095 -0.0292356 0.999048 -0.0323891 -3.93497 -0.759806 -0.00115673 0.650149 53.9661 
0.677492 0.0446734 0.734172 160.424 -0.0296514 0.999001 -0.0334255 -3.95819 -0.734932 0.000876319 0.67814 54.3149 
0.702901 0.0429097 0.709992 160.753 -0.0247712 0.99905 -0.0358556 -3.96852 -0.710856 0.0076156 0.703296 54.6738 
0.725493 0.044118 0.686814 161.071 -0.0259792 0.998988 -0.0367283 -3.98423 -0.68774 0.00880321 0.725904 55.0584 
0.7453 0.0480121 0.664999 161.386 -0.0327217 0.998836 -0.0354418 -4.00483 -0.665926 0.00465492 0.746003 55.4675 
0.761807 0.0504812 0.645834 161.697 -0.0403074 0.998721 -0.030519 -4.02881 -0.646549 -0.00278226 0.762868 55.8948 
0.775003 0.0486003 0.630086 162.014 -0.0413992 0.998801 -0.0261194 -4.0494 -0.6306 -0.00584239 0.776086 56.3332 
0.785951 0.0432609 0.616774 162.345 -0.03713 0.999051 -0.0227594 -4.06659 -0.617173 -0.00501303 0.786811 56.7778 
0.795327 0.0356508 0.605131 162.687 -0.0309605 0.999355 -0.0181846 -4.0856 -0.605389 -0.00427237 0.795918 57.2355 
0.802763 0.028692 0.595608 163.028 -0.0258097 0.999578 -0.0133658 -4.10381 -0.59574 -0.0046429 0.803164 57.7118 
0.809384 0.0253193 0.586734 163.365 -0.0240571 0.999661 -0.00995211 -4.12013 -0.586787 -0.00606003 0.809719 58.2029 
0.816489 0.0223015 0.57693 163.706 -0.0217748 0.999732 -0.00782868 -4.13383 -0.57695 -0.00617049 0.816756 58.7119 
0.823818 0.0178009 0.566575 164.051 -0.0161903 0.999838 -0.00787202 -4.14588 -0.566623 -0.0026879 0.823973 59.2365 
0.830426 0.0184235 0.556824 164.396 -0.0145572 0.999829 -0.011371 -4.15882 -0.556939 0.00133699 0.830553 59.7787 
0.836022 0.0226385 0.548229 164.73 -0.0162231 0.999732 -0.0165433 -4.17534 -0.548456 0.00493658 0.836165 60.3296 
0.840373 0.0279948 0.541285 165.078 -0.0194513 0.99958 -0.0214981 -4.19244 -0.541659 0.00753773 0.840565 60.9057 
0.84221 0.0327252 0.538156 165.426 -0.0225752 0.999421 -0.0254445 -4.20594 -0.538677 0.00928067 0.842461 61.5228 
0.842044 0.0375003 0.538104 165.789 -0.027823 0.999272 -0.0261005 -4.22765 -0.538691 0.00700617 0.842475 62.1353 
0.840217 0.0377679 0.540933 166.166 -0.0304688 0.999284 -0.0224433 -4.2502 -0.541393 0.00237566 0.840766 62.7555 
0.837806 0.0388812 0.544582 166.558 -0.0325437 0.999244 -0.0212758 -4.27847 -0.544998 0.000102261 0.838438 63.3845 
0.835107 0.0402954 0.548609 166.963 -0.0346696 0.999186 -0.0206153 -4.30203 -0.548994 -0.00180404 0.835825 64.0198 
0.831906 0.0404947 0.553438 167.375 -0.0360388 0.999171 -0.0189365 -4.32032 -0.553746 -0.0041918 0.832675 64.6777 
0.828736 0.03817 0.558337 167.801 -0.0331484 0.999268 -0.0191116 -4.33487 -0.558658 -0.0026695 0.829394 65.3301 
0.825361 0.0354646 0.563491 168.241 -0.0316908 0.999362 -0.0164787 -4.35946 -0.563716 -0.00425656 0.825958 65.9856 
0.821494 0.0362555 0.569064 168.693 -0.0329287 0.999328 -0.0161324 -4.37702 -0.569266 -0.00548589 0.822135 66.6629 
0.818018 0.0382496 0.57392 169.15 -0.0341929 0.999256 -0.0178608 -4.40145 -0.574176 -0.00501352 0.818717 67.3382 
0.815001 0.0393064 0.578125 169.616 -0.0330404 0.999226 -0.0213586 -4.42333 -0.578517 -0.00169414 0.815669 68.0139 
0.812061 0.0412974 0.58211 170.089 -0.0330979 0.999147 -0.0247111 -4.45027 -0.582634 0.000800344 0.812735 68.7043 
0.809091 0.0408683 0.586261 170.574 -0.0327021 0.999164 -0.0245201 -4.47323 -0.586773 0.000667043 0.809751 69.4046 
0.80662 0.0376422 0.589871 171.073 -0.0336415 0.999276 -0.0177649 -4.50027 -0.590112 -0.00551458 0.807302 70.1194 
0.804211 0.0342258 0.593357 171.576 -0.0338648 0.999357 -0.0117455 -4.52962 -0.593378 -0.010648 0.804853 70.8295 
0.802452 0.0329967 0.595804 172.081 -0.0299027 0.999439 -0.0150766 -4.56135 -0.595967 -0.00571789 0.802988 71.5238 
0.801241 0.0381414 0.597125 172.582 -0.0283633 0.999266 -0.0257693 -4.596 -0.597669 0.00371099 0.801734 72.2042 
0.799859 0.0407165 0.598805 173.084 -0.0262311 0.999114 -0.0328975 -4.62509 -0.599614 0.0106061 0.800219 72.89 
0.799101 0.0371366 0.600049 173.595 -0.0220499 0.999229 -0.0324771 -4.66416 -0.600793 0.0127214 0.799304 73.5906 
0.798296 0.0312833 0.601453 174.106 -0.0192997 0.999466 -0.0263688 -4.70363 -0.601957 0.00944227 0.798473 74.2966 
0.797938 0.0269857 0.602136 174.621 -0.0160904 0.999595 -0.0234759 -4.74221 -0.602525 0.00904373 0.798048 74.9957 
0.798442 0.0220747 0.601667 175.136 -0.0117224 0.999708 -0.0211222 -4.78057 -0.601958 0.00981185 0.798468 75.6807 
0.798743 0.0179106 0.601405 175.647 -0.00646875 0.999755 -0.0211825 -4.8123 -0.601637 0.0130291 0.798663 76.3738 
0.799609 0.0158057 0.600313 176.148 -0.00363681 0.999763 -0.0214787 -4.84941 -0.60051 0.0149913 0.799477 77.0527 
0.800381 0.018315 0.599212 176.644 -0.00323556 0.999651 -0.0262326 -4.88335 -0.599483 0.0190573 0.80016 77.7391 
0.80092 0.0183645 0.59849 177.138 -0.000309085 0.999542 -0.030257 -4.91976 -0.598772 0.0240485 0.800559 78.421 
0.801181 0.0156816 0.598217 177.63 0.0019357 0.999583 -0.0287954 -4.95463 -0.598419 0.0242283 0.800817 79.0975 
0.800877 0.0138533 0.598669 178.121 -0.00023523 0.99974 -0.0228194 -4.98614 -0.598829 0.0181347 0.800672 79.7869 
0.800376 0.00790323 0.599447 178.612 0.000268264 0.999908 -0.0135411 -5.02503 -0.599499 0.0109988 0.8003 80.4643 
0.800086 0.00326054 0.599877 179.099 0.00240579 0.99996 -0.00864377 -5.05452 -0.599881 0.00835896 0.800046 81.1272 
0.799338 0.000150046 0.600881 179.572 0.00545342 0.999957 -0.00750417 -5.0817 -0.600857 0.00927525 0.799303 81.7739 
0.798455 0.00401646 0.602041 180.032 0.00311644 0.999937 -0.0108041 -5.10593 -0.602046 0.0105028 0.798392 82.4064 
0.797387 0.0118045 0.603353 180.48 8.26407e-05 0.999807 -0.0196702 -5.13471 -0.603468 0.0157347 0.797232 83.0212 
0.795872 0.0161774 0.605249 180.916 0.000403705 0.999629 -0.0272494 -5.16381 -0.605465 0.0219314 0.79557 83.621 
0.793646 0.0160355 0.608169 181.341 0.003648 0.999509 -0.0311144 -5.19393 -0.60837 0.0269124 0.793197 84.1952 
