1 -4.23778e-08 4.22719e-08 0 -4.23778e-08 1 -4.19404e-08 0 4.22719e-08 -4.19404e-08 1 0 
0.999991 -0.00256905 -0.00339685 -0.00673185 0.00256149 0.999994 -0.00220131 -0.00331671 0.00340257 0.0021925 0.999992 0.676733 
0.999972 -0.0014092 -0.00739447 -0.0255045 0.00138053 0.999991 -0.00386967 -0.00440058 0.00739994 0.00385927 0.999965 1.37788 
0.999934 -0.00128117 -0.0113758 -0.0460721 0.0012201 0.999985 -0.00536603 -0.00907336 0.0113826 0.00535172 0.999921 2.09394 
0.999863 2.04297e-05 -0.0165544 -0.0668735 -0.000119665 0.999982 -0.00598846 -0.0149615 0.0165541 0.00598953 0.999845 2.82714 
0.999778 -0.00108337 -0.0210587 -0.0908822 0.000953164 0.99998 -0.00618827 -0.023662 0.0210651 0.00616674 0.999759 3.57169 
0.999672 0.000697322 -0.0256163 -0.124316 -0.000892746 0.999971 -0.00761498 -0.0303109 0.0256103 0.00763527 0.999643 4.33241 
0.999523 0.00320902 -0.03072 -0.160492 -0.00346333 0.99996 -0.00822581 -0.0401329 0.0306925 0.0083282 0.999494 5.11065 
0.999369 0.00355431 -0.0353342 -0.196444 -0.00379648 0.99997 -0.00678669 -0.0453203 0.0353091 0.00691647 0.999352 5.90807 
0.999201 0.00260146 -0.0398679 -0.238351 -0.00277238 0.999987 -0.0042303 -0.0533644 0.0398564 0.00433736 0.999196 6.71113 
0.999047 0.0024608 -0.0435728 -0.280293 -0.00253863 0.999995 -0.00172884 -0.0612586 0.0435684 0.00183773 0.999049 7.52718 
0.998912 0.00382311 -0.0464664 -0.329711 -0.00393722 0.999989 -0.00236269 -0.0698618 0.046457 0.00254298 0.998917 8.35112 
0.998804 0.00342738 -0.0487771 -0.379378 -0.00355363 0.99999 -0.00250022 -0.0807018 0.0487682 0.00267048 0.998806 9.16851 
0.998719 0.000644292 -0.0505956 -0.426404 -0.000805772 0.999995 -0.0031696 -0.0870153 0.0505934 0.00320622 0.998714 10.0043 
0.998609 0.000566801 -0.052717 -0.479867 -0.000690636 0.999997 -0.0023293 -0.0969042 0.0527156 0.00236238 0.998607 10.8441 
0.998528 -0.000921667 -0.0542338 -0.534636 0.000785495 0.999996 -0.00253058 -0.107937 0.0542361 0.00248417 0.998525 11.7003 
0.99844 0.00129626 -0.0558254 -0.600561 -0.00157912 0.999986 -0.00502158 -0.117057 0.0558182 0.00510181 0.998428 12.5591 
0.998358 0.00167443 -0.0572591 -0.663228 -0.00211291 0.999969 -0.00759664 -0.128067 0.0572447 0.00770507 0.99833 13.4277 
0.998245 0.00546775 -0.0589572 -0.734025 -0.00602282 0.999939 -0.00923986 -0.139617 0.0589032 0.00957866 0.998218 14.3089 
0.99818 0.00650773 -0.05995 -0.799483 -0.00704007 0.999938 -0.00867137 -0.15567 0.0598899 0.00907755 0.998164 15.1959 
0.998092 0.00549972 -0.0614917 -0.862873 -0.00595478 0.999956 -0.00721805 -0.169416 0.0614494 0.00757036 0.998081 16.0921 
0.997992 0.00612133 -0.0630379 -0.929184 -0.00648839 0.999963 -0.00561843 -0.185131 0.0630012 0.00601607 0.997995 16.9947 
0.997938 0.00576032 -0.0639231 -0.999922 -0.0061301 0.999966 -0.00558889 -0.197727 0.0638888 0.00596914 0.997939 17.8998 
0.997831 0.00545495 -0.0656027 -1.07111 -0.00589282 0.999962 -0.00648174 -0.211801 0.0655649 0.00685417 0.997825 18.8036 
0.997767 0.00388042 -0.0666713 -1.14598 -0.00437322 0.999964 -0.00724595 -0.223609 0.0666409 0.00752125 0.997749 19.7249 
0.99773 0.00392484 -0.0672206 -1.21814 -0.00430316 0.999976 -0.00548288 -0.236797 0.0671976 0.00575961 0.997723 20.6478 
0.997723 0.00505589 -0.0672487 -1.29572 -0.00520765 0.999984 -0.00208035 -0.250111 0.0672372 0.00242573 0.997734 21.5778 
0.997774 0.00587659 -0.0664302 -1.37002 -0.00577648 0.999982 0.00170029 -0.26226 0.0664391 -0.00131286 0.99779 22.5149 
0.997878 0.00482899 -0.0649326 -1.43964 -0.00454085 0.999979 0.00458564 -0.269181 0.0649535 -0.00428115 0.997879 23.453 
0.997977 0.0050376 -0.0633709 -1.5128 -0.00471585 0.999975 0.00522701 -0.272798 0.0633958 -0.00491767 0.997976 24.3987 
0.99805 0.00531979 -0.0621878 -1.57849 -0.00518072 0.999984 0.00239873 -0.278936 0.0621996 -0.00207196 0.998061 25.347 
0.998091 0.00600602 -0.0614668 -1.6475 -0.0061668 0.999978 -0.002425 -0.287609 0.061451 0.00279934 0.998106 26.2961 
0.998173 0.00521721 -0.0601976 -1.71765 -0.00555296 0.99997 -0.00541024 -0.296212 0.0601676 0.00573454 0.998172 27.2554 
0.998222 0.00267561 -0.059544 -1.78527 -0.00294309 0.999986 -0.00440349 -0.306181 0.0595315 0.00457082 0.998216 28.2261 
0.998217 0.000744614 -0.059678 -1.86089 -0.000712776 1 0.000556157 -0.317003 0.0596785 -0.000512715 0.998217 29.2143 
0.998165 -0.00309346 -0.0604705 -1.9279 0.00333872 0.999987 0.00395662 -0.327868 0.0604576 -0.00415134 0.998162 30.1944 
0.998037 -0.0106186 -0.0617212 -1.98889 0.0108533 0.999935 0.00346925 -0.337172 0.0616804 -0.00413241 0.998087 31.1781 
0.997923 -0.0126053 -0.0631676 -2.05511 0.0125949 0.99992 -0.000561138 -0.342198 0.0631698 -0.000235703 0.998003 32.1583 
0.997836 -0.0123473 -0.0645755 -2.13104 0.0120787 0.999917 -0.0045466 -0.354608 0.0646263 0.00375669 0.997902 33.1343 
0.997718 -0.0105839 -0.066684 -2.21531 0.01025 0.999933 -0.00534605 -0.366956 0.0667362 0.00465025 0.99776 34.1178 
0.997662 -0.0107204 -0.0674954 -2.29265 0.0104759 0.999937 -0.00397541 -0.379135 0.0675338 0.00325896 0.997712 35.1169 
0.997613 -0.00739458 -0.068649 -2.38662 0.00731148 0.999972 -0.00146057 -0.391038 0.068658 0.000955074 0.99764 36.1157 
0.997533 -0.00737869 -0.0698061 -2.47046 0.00737499 0.999973 -0.000309558 -0.402833 0.0698066 -0.000206112 0.99756 37.1204 
0.997464 -0.00604228 -0.0709097 -2.55525 0.00622428 0.999978 0.00234721 -0.416118 0.0708941 -0.00278271 0.99748 38.118 
0.997484 -0.00606798 -0.0706369 -2.63844 0.00645423 0.999965 0.00524227 -0.42384 0.0706028 -0.00568507 0.997488 39.1209 
0.997457 -0.000228142 -0.0712761 -2.7325 0.000764977 0.999971 0.00750571 -0.431179 0.0712724 -0.00754123 0.997428 40.1208 
0.997453 -0.000491231 -0.0713196 -2.82204 0.000990281 0.999975 0.00696333 -0.439321 0.0713145 -0.00701631 0.997429 41.1255 
0.997451 -0.000377404 -0.0713552 -2.90272 0.000748081 0.999986 0.0051693 -0.444737 0.0713524 -0.00520959 0.997437 42.1181 
0.997444 0.00172767 -0.0714365 -2.99051 -0.00151231 0.999994 0.00306983 -0.455326 0.0714415 -0.00295403 0.99744 43.1131 
0.997382 0.0014311 -0.0722941 -3.07217 -0.00122389 0.999995 0.00291165 -0.462445 0.072298 -0.00281563 0.997379 44.1065 
0.997284 -0.000469397 -0.07365 -3.15726 0.000780422 0.999991 0.0041954 -0.472281 0.0736474 -0.00424157 0.997275 45.1011 
0.997235 9.81601e-05 -0.0743134 -3.24366 0.000291147 0.999986 0.00522896 -0.482256 0.074313 -0.00523622 0.997221 46.0869 
0.997212 0.00261386 -0.0745687 -3.33141 -0.0025042 0.999996 0.00156511 -0.494984 0.0745726 -0.0013741 0.997215 47.0576 
0.997147 0.00312593 -0.0754175 -3.42027 -0.00333018 0.999991 -0.0025816 -0.505216 0.0754089 0.0028253 0.997149 48.0253 
0.997091 0.0038827 -0.0761207 -3.50808 -0.00417963 0.999984 -0.00374072 -0.520439 0.0761051 0.0040479 0.997092 49.001 
0.997086 0.00283621 -0.0762373 -3.59404 -0.00287398 0.999996 -0.000384647 -0.533396 0.076236 0.000602545 0.99709 49.9811 
0.997098 0.000837379 -0.0761167 -3.68585 -0.000638902 0.999996 0.00263292 -0.54363 0.0761187 -0.00257674 0.997095 50.9541 
0.997077 -0.00104626 -0.0764014 -3.76732 0.00130609 0.999993 0.00335203 -0.556995 0.0763974 -0.00344211 0.997071 51.9174 
0.997045 -0.00410469 -0.0767114 -3.84836 0.00428035 0.999988 0.00212676 -0.567725 0.0767019 -0.00244891 0.997051 52.8774 
0.996995 -0.00680661 -0.0771638 -3.92752 0.00689064 0.999976 0.00082387 -0.579742 0.0771564 -0.00135319 0.997018 53.8332 
0.996887 -0.0083583 -0.0783995 -4.00774 0.00853251 0.999962 0.0018884 -0.589424 0.0783808 -0.00255155 0.99692 54.7854 
0.996762 -0.011523 -0.0795792 -4.09109 0.01204 0.999909 0.00602184 -0.599105 0.0795027 -0.00696056 0.99681 55.7413 
0.996698 -0.0123586 -0.0802486 -4.17629 0.0132787 0.999852 0.0109435 -0.60414 0.0801016 -0.0119731 0.996715 56.6956 
0.996676 -0.0105954 -0.0807781 -4.2663 0.0116976 0.999845 0.0131848 -0.610393 0.0806259 -0.014086 0.996645 57.6413 
0.996573 -0.00947815 -0.0821768 -4.35451 0.0102745 0.999904 0.00927363 -0.617942 0.0820811 -0.0100863 0.996575 58.5727 
0.996473 -0.00797248 -0.083529 -4.44465 0.00811908 0.999966 0.00141657 -0.623294 0.083515 -0.00208984 0.996504 59.4953 
0.996416 -0.00638964 -0.0843489 -4.53699 0.00611723 0.999975 -0.00348675 -0.633731 0.0843691 0.00295819 0.99643 60.4058 
0.99635 -0.00128696 -0.08535 -4.63271 0.00106494 0.999996 -0.00264583 -0.648033 0.0853531 0.00254519 0.996347 61.3085 
0.996234 0.00131046 -0.0866908 -4.72752 -0.00134475 0.999999 -0.000336268 -0.663072 0.0866904 0.000451492 0.996235 62.2091 
0.996144 0.00382269 -0.0876543 -4.81917 -0.00372517 0.999992 0.00127701 -0.680659 0.0876586 -0.000945641 0.99615 63.0981 
0.996042 0.00455029 -0.0887624 -4.91068 -0.00448075 0.999989 0.000983606 -0.690677 0.088766 -0.000582078 0.996052 63.9635 
0.995888 0.00622948 -0.0903784 -5.00304 -0.00610706 0.99998 0.00163186 -0.700971 0.0903869 -0.00107329 0.995906 64.8211 
0.995745 0.00707799 -0.0918776 -5.0919 -0.00689774 0.999974 0.00228014 -0.71514 0.0918914 -0.00163678 0.995768 65.6633 
0.995608 0.00693226 -0.0933671 -5.17863 -0.00669086 0.999973 0.00289915 -0.730153 0.0933848 -0.00226179 0.995627 66.4807 
0.99549 0.00659806 -0.0946329 -5.26705 -0.00624573 0.999972 0.00401964 -0.740264 0.0946569 -0.00341055 0.995504 67.2776 
0.995326 0.00930308 -0.0961266 -5.35723 -0.00870239 0.99994 0.00666712 -0.747482 0.0961829 -0.00579951 0.995347 68.0773 
0.995186 0.010764 -0.09741 -5.44977 -0.00975323 0.999894 0.010848 -0.759352 0.0975165 -0.00984576 0.995185 68.8609 
0.994985 0.0139811 -0.0990426 -5.54339 -0.0128133 0.999841 0.0124179 -0.763101 0.0992006 -0.0110866 0.995006 69.6386 
0.994823 0.0165383 -0.100262 -5.63721 -0.0157805 0.999841 0.00834751 -0.772367 0.100384 -0.0067222 0.994926 70.3891 
0.994692 0.0164892 -0.101566 -5.72482 -0.0164641 0.999864 0.00108626 -0.784085 0.10157 0.000591614 0.994828 71.1134 
0.994544 0.0155113 -0.103153 -5.8069 -0.0160985 0.999859 -0.00486191 -0.788724 0.103063 0.0064959 0.994654 71.826 
0.994497 0.0164002 -0.103476 -5.89303 -0.0171276 0.999834 -0.00614482 -0.796388 0.103358 0.00788321 0.994613 72.5211 
0.994348 0.0191631 -0.104428 -5.97962 -0.0195476 0.999805 -0.0026593 -0.810737 0.104357 0.0046855 0.994529 73.2024 
0.994206 0.0192341 -0.105755 -6.06235 -0.0193787 0.999812 -0.000339016 -0.828162 0.105729 0.00238635 0.994392 73.8644 
0.994147 0.0161118 -0.106826 -6.13518 -0.0165964 0.999856 -0.00364789 -0.84339 0.106752 0.00539938 0.994271 74.5032 
0.994248 0.00784893 -0.10681 -6.20182 -0.00883896 0.999922 -0.00879803 -0.854668 0.106733 0.00969143 0.99424 75.1191 
0.994373 0.00381934 -0.105865 -6.26628 -0.00528855 0.999893 -0.0136001 -0.869611 0.105802 0.0140834 0.994287 75.7185 
0.994675 0.00621947 -0.102875 -6.33468 -0.0077013 0.999872 -0.0140126 -0.879572 0.102774 0.0147301 0.994596 76.3044 
0.995045 0.0111583 -0.098797 -6.40499 -0.0123141 0.999863 -0.0110962 -0.894497 0.0986597 0.0122578 0.995046 76.8768 
0.995496 0.00967729 -0.0943093 -6.45828 -0.0104785 0.999913 -0.00800358 -0.906843 0.0942237 0.00895567 0.995511 77.4376 
0.996034 0.0059382 -0.0887755 -6.50041 -0.00629917 0.999973 -0.00378554 -0.920267 0.0887507 0.00432965 0.996044 77.9843 
0.996741 0.00156559 -0.0806505 -6.53904 -0.0015973 0.999999 -0.00032768 -0.93363 0.08065 0.000455348 0.996742 78.5142 
0.997533 0.00517317 -0.0700021 -6.57769 -0.00522148 0.999986 -0.000505938 -0.944103 0.0699986 0.000870118 0.997547 79.0305 
0.998439 0.0104135 -0.0548693 -6.61325 -0.0104852 0.999944 -0.00101776 -0.954205 0.0548557 0.00159141 0.998493 79.5326 
0.999195 0.0154878 -0.0370041 -6.63079 -0.0155245 0.999879 -0.000700422 -0.959868 0.0369889 0.00127424 0.999315 80.0248 
0.999794 0.0138796 -0.0147789 -6.63043 -0.0138859 0.999903 -0.000313324 -0.963576 0.0147732 0.000518394 0.999891 80.505 
0.999881 0.0103361 0.0114111 -6.60559 -0.0103465 0.999946 0.00084178 -0.974819 -0.0114017 -0.000959827 0.999934 80.9709 
0.999115 0.00929794 0.0410169 -6.57015 -0.00940053 0.999953 0.00230689 -0.981664 -0.0409934 -0.00269052 0.999156 81.4261 
0.997208 0.00896463 0.0741329 -6.52109 -0.00926321 0.99995 0.00368353 -0.989376 -0.0740961 -0.00436004 0.997241 81.8697 
0.993692 0.00891575 0.111789 -6.45266 -0.0094371 0.999947 0.00413456 -0.995844 -0.111746 -0.00516352 0.993723 82.3084 
0.988117 0.00911362 0.153435 -6.36277 -0.00986879 0.999943 0.0041602 -1.00232 -0.153388 -0.00562506 0.98815 82.7349 
0.98004 0.00880092 0.198604 -6.25409 -0.00983986 0.999942 0.00424442 -1.01077 -0.198555 -0.00611401 0.980071 83.1462 
0.968799 0.0110505 0.247601 -6.12577 -0.0119701 0.999926 0.00220829 -1.02213 -0.247558 -0.00510326 0.96886 83.5423 
0.953634 0.0119863 0.30073 -5.97682 -0.0123256 0.999924 -0.000769488 -1.03003 -0.300716 -0.00297292 0.953709 83.9191 
0.934019 0.0123283 0.357011 -5.80971 -0.0121799 0.999922 -0.00266416 -1.0408 -0.357016 -0.00186006 0.934096 84.282 
0.910037 0.0131276 0.41432 -5.61805 -0.0122946 0.999913 -0.0046776 -1.04562 -0.414345 -0.000837186 0.910119 84.6231 
0.881285 0.0131556 0.472402 -5.40672 -0.011444 0.999913 -0.00649698 -1.0536 -0.472447 0.000319475 0.881359 84.9464 
0.848045 0.0115138 0.529799 -5.17496 -0.00841328 0.99993 -0.00826398 -1.06479 -0.529857 0.00255083 0.848083 85.243 
0.8113 0.0112075 0.584522 -4.92684 -0.00701247 0.999931 -0.00943951 -1.07447 -0.584587 0.00355929 0.811323 85.5248 
0.771336 0.00984532 0.636352 -4.66342 -0.00602163 0.999948 -0.00817191 -1.08693 -0.6364 0.00247137 0.771355 85.7907 
0.728249 0.00950063 0.685247 -4.38482 -0.00736937 0.999955 -0.00603222 -1.09468 -0.685273 -0.000656918 0.728286 86.0438 
0.682648 0.00856208 0.730697 -4.09155 -0.00670377 0.999963 -0.00545444 -1.10325 -0.730717 -0.001175 0.68268 86.2734 
0.635585 0.00735147 0.771996 -3.78636 -0.00347107 0.999972 -0.0066648 -1.11114 -0.772023 0.00155635 0.635592 86.4789 
0.588211 0.00473076 0.808694 -3.4662 0.00223379 0.999969 -0.00747459 -1.11945 -0.808705 0.00620305 0.588182 86.6647 
0.540875 0.00691706 0.841074 -3.14457 0.000296223 0.999964 -0.0084144 -1.12929 -0.841103 0.00480026 0.540854 86.8379 
0.493132 0.00991239 0.869898 -2.81804 -0.00344382 0.999949 -0.00944218 -1.13809 -0.869948 0.00166044 0.493141 86.9964 
0.447153 0.012138 0.894375 -2.4848 -0.00428463 0.999925 -0.0114285 -1.14791 -0.894447 0.0012782 0.447172 87.135 
0.404645 0.00958096 0.914423 -2.13818 0.00294212 0.999926 -0.0117789 -1.15447 -0.914469 0.00745658 0.404587 87.2461 
0.3649 0.00204711 0.931044 -1.77871 0.0180764 0.999793 -0.00928298 -1.15664 -0.930871 0.0202173 0.364788 87.3349 
0.329358 -0.00149379 0.944204 -1.41849 0.0224017 0.99973 -0.00623265 -1.15975 -0.943939 0.0232045 0.329303 87.4276 
0.296037 0.00263807 0.955173 -1.05615 0.0197789 0.999765 -0.0088914 -1.16654 -0.954972 0.0215244 0.295915 87.5246 
0.264837 0.0104288 0.964237 -0.695346 0.00890185 0.999872 -0.0132593 -1.18193 -0.964252 0.012095 0.26471 87.6254 
0.236461 0.0148995 0.971527 -0.318284 0.00441436 0.999856 -0.0164085 -1.1985 -0.971631 0.00816863 0.236362 87.7108 
0.210711 0.016625 0.977407 0.0751548 0.00571963 0.999817 -0.0182393 -1.21221 -0.977531 0.00943363 0.210578 87.7812 
0.187378 0.017885 0.982125 0.477144 0.0132042 0.999698 -0.0207244 -1.22356 -0.982199 0.0168515 0.187086 87.8342 
0.167113 0.0241962 0.985641 0.88713 0.0200574 0.999408 -0.0279349 -1.22338 -0.985734 0.0244376 0.166529 87.8812 
0.147372 0.0310042 0.988595 1.30719 0.0223507 0.999149 -0.0346671 -1.22399 -0.988828 0.0272048 0.146554 87.9338 
0.129694 0.0318178 0.991043 1.74043 0.0196966 0.999205 -0.0346576 -1.23946 -0.991358 0.0240151 0.128964 87.9899 
0.114333 0.0274096 0.993064 2.19631 0.0181051 0.999396 -0.029669 -1.26219 -0.993277 0.0213717 0.113768 88.0401 
0.0998363 0.0242241 0.994709 2.66276 0.0181662 0.999493 -0.026164 -1.28281 -0.994838 0.0206822 0.0993456 88.0832 
0.0867463 0.0216684 0.995995 3.14325 0.0209714 0.999502 -0.0235713 -1.30053 -0.99601 0.0229321 0.0862487 88.1162 
0.0751536 0.0208809 0.996953 3.64281 0.0250821 0.999425 -0.0228235 -1.31555 -0.996856 0.026721 0.0745867 88.1442 
0.0650207 0.0215421 0.997651 4.1572 0.0285076 0.999319 -0.0234362 -1.3279 -0.997477 0.0299645 0.0643622 88.1731 
0.0571238 0.0220821 0.998123 4.69094 0.030543 0.999249 -0.0238551 -1.34318 -0.9979 0.0318483 0.0564064 88.2023 
0.0514868 0.0224371 0.998422 5.23718 0.0320812 0.999194 -0.0241089 -1.3587 -0.998158 0.0332718 0.0507256 88.2308 
0.0460407 0.0234949 0.998663 5.8018 0.033408 0.999128 -0.0250461 -1.37507 -0.998381 0.0345164 0.0452156 88.2554 
0.0402001 0.0241793 0.998899 6.38387 0.0340727 0.999092 -0.0255553 -1.3927 -0.99861 0.0350625 0.0393398 88.2804 
0.0357887 0.0242943 0.999064 6.98698 0.0365013 0.999006 -0.0256005 -1.40858 -0.998692 0.0373834 0.0348663 88.3036 
0.0330711 0.024184 0.99916 7.60471 0.0382233 0.998945 -0.0254441 -1.42819 -0.998722 0.0390326 0.0321118 88.3222 
0.0299506 0.0238174 0.999267 8.24526 0.0390535 0.998925 -0.0249798 -1.44651 -0.998788 0.0397731 0.0289883 88.3455 
0.0277279 0.0232329 0.999345 8.90263 0.0412005 0.998854 -0.0243647 -1.466 -0.998766 0.0418491 0.0267389 88.3658 
0.0270531 0.0228101 0.999374 9.57741 0.0456329 0.998669 -0.0240294 -1.48793 -0.998592 0.0462544 0.0259762 88.3848 
0.0281322 0.0224587 0.999352 10.2699 0.0492615 0.998502 -0.0238264 -1.50876 -0.99839 0.0498999 0.0269837 88.4067 
0.0305278 0.0224829 0.999281 10.977 0.0508988 0.998415 -0.0240184 -1.52876 -0.998237 0.0515955 0.029335 88.4354 
0.0344273 0.0224717 0.999154 11.7001 0.0533579 0.99828 -0.0242906 -1.54975 -0.997982 0.054149 0.033169 88.4665 
0.0388378 0.0220077 0.999003 12.4438 0.0538661 0.998258 -0.0240855 -1.57283 -0.997793 0.0547478 0.0375847 88.5045 
0.042871 0.0203688 0.998873 13.2043 0.0553925 0.998206 -0.0227326 -1.59434 -0.997544 0.0563046 0.0416658 88.5461 
0.0469047 0.0189143 0.99872 13.9723 0.0552414 0.998241 -0.0214997 -1.61604 -0.997371 0.0561792 0.0457773 88.5934 
0.0512246 0.0169153 0.998544 14.7606 0.0520923 0.99845 -0.0195861 -1.63791 -0.997328 0.0530198 0.0502641 88.6458 
0.0551323 0.0159504 0.998352 15.5601 0.0512398 0.99851 -0.0187826 -1.65841 -0.997163 0.0521909 0.0542329 88.7059 
0.0593707 0.0168598 0.998094 16.3654 0.0486446 0.998621 -0.0197624 -1.68366 -0.99705 0.0497252 0.0584687 88.7673 
0.0625253 0.0211115 0.99782 17.1699 0.046706 0.998619 -0.0240552 -1.70836 -0.99695 0.0481082 0.0614529 88.8307 
0.0638709 0.0265175 0.997606 17.9802 0.0408733 0.998739 -0.0291646 -1.73636 -0.997121 0.0426382 0.0627065 88.9038 
0.0635962 0.0296435 0.997535 18.7953 0.0382097 0.998753 -0.0321158 -1.76776 -0.997244 0.040158 0.0623842 88.9722 
0.0638394 0.0292132 0.997532 19.6138 0.0358984 0.998857 -0.0315495 -1.80014 -0.997314 0.037824 0.0627178 89.0385 
0.0638953 0.0275472 0.997576 20.4406 0.033287 0.999004 -0.0297188 -1.83582 -0.997401 0.0351052 0.0629147 89.1068 
0.0636234 0.0262108 0.99763 21.2617 0.0342047 0.99901 -0.0284286 -1.87061 -0.997388 0.0359324 0.0626639 89.1708 
0.0641155 0.0257408 0.99761 22.0849 0.0317614 0.999108 -0.0278208 -1.90473 -0.997437 0.0334692 0.0632408 89.2374 
0.0641712 0.0260624 0.997598 22.9039 0.0300997 0.999153 -0.0280393 -1.94019 -0.997485 0.0318268 0.0633324 89.3047 
0.0643894 0.0267746 0.997566 23.7232 0.0272393 0.99922 -0.0285773 -1.97459 -0.997553 0.0290131 0.0636099 89.3695 
0.0632521 0.0281467 0.997601 24.5425 0.0244295 0.999259 -0.0297426 -2.00923 -0.997698 0.0262522 0.0625176 89.4344 
0.0605267 0.0277964 0.997779 25.361 0.0212892 0.999349 -0.0291317 -2.0425 -0.997939 0.0230052 0.0598955 89.4977 
0.0568274 0.0265485 0.998031 26.1774 0.0190883 0.999435 -0.0276728 -2.07624 -0.998201 0.0206233 0.0562886 89.5537 
0.0522014 0.0242178 0.998343 26.993 0.0171979 0.999536 -0.0251461 -2.1097 -0.998488 0.018482 0.0517607 89.6054 
0.0459554 0.0220537 0.9987 27.8077 0.0152122 0.999625 -0.0227742 -2.14347 -0.998828 0.0162391 0.0456027 89.6533 
0.0386322 0.0224458 0.999001 28.6118 0.0147808 0.999625 -0.0230315 -2.17313 -0.999144 0.0156558 0.038286 89.6921 
0.0300064 0.0233051 0.999278 29.4139 0.0146865 0.99961 -0.0237539 -2.20452 -0.999442 0.0153886 0.0296525 89.7241 
0.020187 0.023909 0.99951 30.2207 0.0153662 0.999588 -0.0242213 -2.23022 -0.999678 0.0158476 0.0198113 89.7446 
0.00989942 0.0228627 0.99969 31.0178 0.0166044 0.999597 -0.0230251 -2.26182 -0.999813 0.0168272 0.00951581 89.7592 
-0.000750203 0.0219442 0.999759 31.813 0.0156867 0.999636 -0.0219298 -2.29096 -0.999877 0.0156664 -0.00109416 89.765 
-0.0118386 0.0211923 0.999705 32.6009 0.0170264 0.999635 -0.0209893 -2.3192 -0.999785 0.0167729 -0.0121951 89.7589 
-0.0228081 0.0215427 0.999508 33.3834 0.0172222 0.999628 -0.0211523 -2.34796 -0.999591 0.0167313 -0.0231706 89.7466 
-0.0337649 0.0220376 0.999187 34.1608 0.0174368 0.999618 -0.021458 -2.37747 -0.999278 0.0166981 -0.0341363 89.7243 
-0.0443813 0.0232226 0.998745 34.9335 0.017044 0.999602 -0.0224852 -2.4053 -0.998869 0.0160246 -0.0447594 89.6951 
-0.0546702 0.0243066 0.998208 35.6997 0.017923 0.999566 -0.0233582 -2.43174 -0.998344 0.0166139 -0.0550821 89.6581 
-0.0641923 0.0251205 0.997621 36.4605 0.0188215 0.999536 -0.0239578 -2.45825 -0.99776 0.0172388 -0.0646353 89.6137 
-0.0738082 0.0255901 0.996944 37.214 0.0194613 0.999517 -0.0242154 -2.48695 -0.997082 0.0176146 -0.0742706 89.5605 
-0.0832721 0.0259746 0.996188 37.956 0.0202354 0.999498 -0.0243695 -2.51606 -0.996321 0.018129 -0.0837559 89.505 
-0.0917948 0.0253929 0.995454 38.694 0.0214634 0.999493 -0.0235168 -2.54465 -0.995547 0.0192071 -0.0922933 89.4419 
-0.0992937 0.0244113 0.994759 39.4249 0.0234479 0.999479 -0.0221867 -2.5702 -0.994782 0.021122 -0.0998144 89.3745 
-0.104371 0.0226664 0.99428 40.1482 0.0263214 0.999453 -0.0200214 -2.59927 -0.99419 0.0240812 -0.10491 89.2984 
-0.108021 0.0209995 0.993927 40.8616 0.0293381 0.999409 -0.0179269 -2.62625 -0.993716 0.0272234 -0.108573 89.2221 
-0.110651 0.0199602 0.993659 41.5634 0.031198 0.999375 -0.016601 -2.6488 -0.993369 0.0291633 -0.111205 89.148 
-0.112496 0.0190151 0.99347 42.2579 0.031463 0.999384 -0.0155656 -2.6746 -0.993154 0.0295064 -0.113025 89.0763 
-0.113165 0.0195619 0.993384 42.9381 0.0322621 0.999351 -0.0160042 -2.69554 -0.993052 0.0302376 -0.113723 89.0061 
-0.112157 0.020596 0.993477 43.602 0.033252 0.999303 -0.0169629 -2.71791 -0.993134 0.0311326 -0.112764 88.934 
-0.109294 0.022227 0.993761 44.2468 0.0341233 0.999245 -0.0185969 -2.74006 -0.993424 0.0318779 -0.10997 88.8725 
-0.104032 0.0228088 0.994312 44.8729 0.0341891 0.999228 -0.0193445 -2.76178 -0.993986 0.0319822 -0.104732 88.8161 
-0.0961087 0.0233921 0.995096 45.4673 0.0334491 0.999235 -0.0202588 -2.78802 -0.994809 0.031338 -0.0968177 88.7704 
-0.0850104 0.0233108 0.996107 46.048 0.0323898 0.999262 -0.0206205 -2.81168 -0.995853 0.0305107 -0.0857027 88.7354 
-0.0712687 0.0235286 0.99718 46.6166 0.0316353 0.999272 -0.0213171 -2.83586 -0.996955 0.0300269 -0.0719612 88.7105 
-0.0541243 0.0248804 0.998224 47.1672 0.0307516 0.999257 -0.0232388 -2.85927 -0.99806 0.0294392 -0.0548492 88.6999 
-0.0327594 0.027403 0.999087 47.7043 0.0291821 0.999224 -0.02645 -2.88222 -0.999037 0.028289 -0.0335337 88.7004 
-0.00799253 0.0303716 0.999507 48.2374 0.0272699 0.999173 -0.0301435 -2.90667 -0.999596 0.0270155 -0.00881416 88.7175 
0.0205204 0.0321677 0.999272 48.7656 0.0255315 0.999139 -0.0326878 -2.92841 -0.999463 0.0261837 0.0196815 88.749 
0.0539517 0.0315933 0.998044 49.2911 0.0235109 0.999182 -0.0329004 -2.95247 -0.998267 0.0252399 0.0531648 88.8 
0.0925504 0.0292364 0.995279 49.816 0.0226889 0.999247 -0.0314629 -2.97151 -0.995449 0.0254937 0.0918174 88.8663 
0.135008 0.025473 0.990517 50.3328 0.0203628 0.999387 -0.0284767 -2.99528 -0.990635 0.0240143 0.134407 88.9623 
0.181119 0.0212679 0.983231 50.8328 0.0182043 0.999522 -0.0249737 -3.01541 -0.983293 0.0224222 0.180645 89.0731 
0.230131 0.0180972 0.972991 51.3271 0.0136461 0.999669 -0.0218211 -3.03597 -0.973064 0.0182992 0.229808 89.2182 
0.282608 0.0167054 0.95909 51.8092 0.0102138 0.999739 -0.0204232 -3.05202 -0.959181 0.0155677 0.282363 89.3833 
0.338565 0.015883 0.940809 52.2731 0.00885596 0.999759 -0.0200653 -3.07673 -0.940901 0.0151252 0.338343 89.5731 
0.397346 0.0162459 0.917525 52.7275 0.0109421 0.999688 -0.0224394 -3.0933 -0.917604 0.0189559 0.397044 89.795 
0.457379 0.0195546 0.889057 53.155 0.0115042 0.999544 -0.0279033 -3.11145 -0.889197 0.0229903 0.456945 90.0492 
0.516887 0.0226213 0.855755 53.5525 0.012396 0.999348 -0.0339046 -3.13149 -0.855964 0.0281328 0.51627 90.329 
0.574615 0.0269372 0.81798 53.9229 0.00780142 0.999232 -0.0383866 -3.14961 -0.818386 0.0284389 0.573964 90.646 
0.630245 0.0294412 0.775838 54.2767 0.00377282 0.999153 -0.0409804 -3.17022 -0.776387 0.0287548 0.6296 90.9911 
0.682594 0.0302119 0.730173 54.5815 0.00186936 0.99907 -0.0430855 -3.18893 -0.730795 0.0307748 0.681902 91.3341 
0.730978 0.0284297 0.681808 54.8725 0.000916261 0.99909 -0.042642 -3.20895 -0.6824 0.031795 0.730287 91.7092 
0.775778 0.0250181 0.63051 55.1396 -0.00166062 0.999291 -0.0376079 -3.22926 -0.631004 0.0281283 0.77527 92.1071 
0.816554 0.0203113 0.576911 55.3745 -0.00296353 0.999515 -0.0309956 -3.24742 -0.577261 0.0235998 0.816218 92.5199 
0.85246 0.0178766 0.522486 55.5796 -0.00574304 0.999675 -0.0248336 -3.26422 -0.52276 0.0181689 0.852286 92.9494 
0.883083 0.0145956 0.468989 55.7599 -0.00700988 0.999815 -0.0179167 -3.27811 -0.469164 0.0125343 0.883022 93.3924 
0.908135 0.0152666 0.4184 55.9098 -0.0110465 0.999861 -0.012507 -3.29745 -0.418532 0.00673612 0.908177 93.8329 
0.927845 0.017256 0.372566 56.0426 -0.0149807 0.999847 -0.00900169 -3.31339 -0.372664 0.00277083 0.927962 94.2868 
0.942825 0.0230198 0.332493 56.1573 -0.022132 0.999734 -0.00645796 -3.3233 -0.332553 -0.00127007 0.943084 94.7497 
0.954338 0.0274986 0.297461 56.2592 -0.0264614 0.999622 -0.00751409 -3.33132 -0.297555 -0.000700331 0.954704 95.2173 
0.963377 0.0294656 0.266527 56.363 -0.0285189 0.999566 -0.00742328 -3.33771 -0.26663 -0.000449719 0.963799 95.692 
0.969372 0.0236771 0.244454 56.4685 -0.0225944 0.999718 -0.00723297 -3.34514 -0.244556 0.00148808 0.969634 96.176 
0.973193 0.0208378 0.229045 56.5655 -0.0198574 0.999781 -0.00658484 -3.35787 -0.229132 0.00186 0.973393 96.6682 
0.975992 0.0249248 0.216374 56.6531 -0.024 0.999688 -0.00690151 -3.36605 -0.216478 0.00154279 0.976286 97.1658 
0.977942 0.030283 0.206671 56.7384 -0.0295749 0.999541 -0.00651592 -3.36904 -0.206773 0.000259838 0.978389 97.6728 
0.978932 0.0380547 0.200611 56.8218 -0.0372227 0.999276 -0.00791962 -3.37426 -0.200767 0.000285417 0.979639 98.1861 
0.979292 0.0439495 0.197625 56.9082 -0.0424988 0.999029 -0.0115781 -3.38495 -0.197942 0.00293944 0.980209 98.7106 
0.979412 0.0451674 0.196752 57.0063 -0.0432462 0.998966 -0.0140526 -3.3989 -0.197183 0.00525446 0.980352 99.2448 
0.978996 0.0435858 0.199164 57.1138 -0.0408963 0.999008 -0.0176004 -3.41166 -0.199734 0.00908558 0.979808 99.7827 
0.978311 0.0418042 0.202878 57.2296 -0.0376901 0.998999 -0.0241024 -3.42103 -0.203682 0.0159331 0.978907 100.329 
0.977483 0.0418789 0.206817 57.3485 -0.0366834 0.998909 -0.0288947 -3.43203 -0.207801 0.0206573 0.977953 100.889 
0.976301 0.0468352 0.211288 57.4602 -0.0417367 0.998721 -0.0285291 -3.44884 -0.212354 0.0190344 0.977007 101.474 
0.974888 0.0498459 0.217047 57.5769 -0.0455716 0.998657 -0.0246575 -3.46589 -0.217984 0.0141471 0.97585 102.071 
0.973954 0.0468946 0.221843 57.709 -0.0435144 0.99885 -0.0201032 -3.48386 -0.222531 0.00992613 0.974875 102.679 
0.9733 0.042369 0.225594 57.8536 -0.0401484 0.99909 -0.0144246 -3.50211 -0.226 0.00498216 0.974115 103.297 
0.972522 0.0398259 0.229378 57.996 -0.0385897 0.999206 -0.00987482 -3.5166 -0.229589 0.00075178 0.973287 103.929 
0.972003 0.0352701 0.232305 58.1443 -0.0340472 0.999377 -0.00927293 -3.52811 -0.232487 0.0011039 0.972599 104.565 
0.972074 0.0317264 0.232519 58.2975 -0.0296915 0.999484 -0.0122477 -3.54348 -0.232788 0.00500176 0.972515 105.213 
0.9722 0.0308974 0.232106 58.4468 -0.0271785 0.999446 -0.0192044 -3.5602 -0.232571 0.0123622 0.972501 105.861 
0.972363 0.032916 0.231142 58.5949 -0.0276642 0.999281 -0.0259272 -3.57753 -0.231829 0.0188163 0.972575 106.525 
0.972909 0.0355383 0.228442 58.7382 -0.0295076 0.999121 -0.0297624 -3.59336 -0.229299 0.0222152 0.973102 107.202 
0.973517 0.0339035 0.226085 58.8902 -0.0288765 0.999257 -0.0255068 -3.61224 -0.226782 0.0183028 0.973774 107.907 
0.973977 0.029831 0.224676 59.0488 -0.0264672 0.999488 -0.0179699 -3.63219 -0.225097 0.0115556 0.974268 108.621 
0.974565 0.0301006 0.222075 59.2028 -0.028093 0.999531 -0.0121944 -3.65365 -0.222338 0.00564538 0.974953 109.347 
0.974845 0.0334092 0.220364 59.3512 -0.0313351 0.999426 -0.0129025 -3.67273 -0.220668 0.0056728 0.975332 110.08 
0.975148 0.0388671 0.218117 59.4981 -0.0358798 0.9992 -0.0176418 -3.68869 -0.218628 0.00937733 0.975763 110.823 
0.976008 0.0395614 0.214111 59.6493 -0.0354792 0.999108 -0.0228772 -3.70718 -0.214825 0.0147318 0.976541 111.569 
0.976948 0.0379613 0.210077 59.8049 -0.033301 0.999115 -0.0256785 -3.72772 -0.210866 0.0180907 0.977348 112.333 
0.97789 0.0356969 0.20605 59.9626 -0.0313631 0.999213 -0.0242621 -3.75024 -0.206754 0.0172633 0.978241 113.108 
0.978756 0.0316151 0.202577 60.1203 -0.0276856 0.99937 -0.0222031 -3.77496 -0.203151 0.0161229 0.979015 113.895 
0.979194 0.0304627 0.200626 60.2754 -0.0271138 0.999444 -0.0194202 -3.80038 -0.201106 0.0135763 0.979475 114.692 
0.979565 0.0271674 0.199285 60.4343 -0.0242392 0.99956 -0.0171195 -3.82027 -0.199662 0.0119391 0.979792 115.497 
0.979792 0.0218519 0.198821 60.5956 -0.0190786 0.999692 -0.0158545 -3.84193 -0.199106 0.0117408 0.979908 116.308 
0.979921 0.0225862 0.198103 60.7469 -0.0201518 0.999695 -0.0142968 -3.86351 -0.198365 0.0100175 0.980077 117.123 
0.979698 0.027793 0.198543 60.8909 -0.0250291 0.999552 -0.0164179 -3.8816 -0.19891 0.0111152 0.979955 117.949 
0.979403 0.0335031 0.199115 61.038 -0.0301532 0.999348 -0.0198337 -3.90213 -0.199649 0.0134211 0.979775 118.78 
0.978897 0.0423176 0.199924 61.1866 -0.0387865 0.999015 -0.0215487 -3.92228 -0.200639 0.0133395 0.979574 119.61 
0.977984 0.048283 0.203016 61.3318 -0.0449543 0.998769 -0.0209791 -3.94718 -0.203778 0.0113907 0.978951 120.448 
0.977249 0.050825 0.205915 61.4897 -0.0479226 0.998669 -0.0190622 -3.97412 -0.20661 0.00876046 0.978384 121.296 
0.976642 0.0513986 0.208636 61.6526 -0.0483156 0.998635 -0.0198504 -4.0011 -0.209372 0.00930627 0.977792 122.145 
0.976373 0.0498146 0.210271 61.8262 -0.046084 0.998682 -0.0226082 -4.02502 -0.21112 0.0123838 0.977382 122.992 
0.976374 0.0435682 0.211651 62.0063 -0.0399668 0.998975 -0.0212666 -4.05295 -0.212361 0.012305 0.977114 123.836 
0.9766 0.0368808 0.211877 62.1851 -0.0328252 0.999205 -0.0226283 -4.08325 -0.212543 0.0151438 0.977034 124.674 
0.97638 0.036215 0.213004 62.3612 -0.0321027 0.999226 -0.0227347 -4.11439 -0.213662 0.0153597 0.976787 125.525 
0.975877 0.0387356 0.214857 62.533 -0.0352774 0.999179 -0.0199082 -4.13862 -0.215451 0.0118483 0.976443 126.374 
0.975453 0.0409997 0.216355 62.6996 -0.0388346 0.999144 -0.0142513 -4.16422 -0.216754 0.00549938 0.976211 127.217 
0.975129 0.0444128 0.217144 62.8683 -0.0432762 0.999013 -0.00998974 -4.19133 -0.217373 0.000344042 0.976088 128.054 
0.974927 0.0435369 0.218224 63.0413 -0.0409265 0.999026 -0.0164703 -4.21874 -0.218729 0.00712616 0.97576 128.885 
0.975182 0.0393499 0.217879 63.2208 -0.0334306 0.998967 -0.0307899 -4.24751 -0.218865 0.0227418 0.97549 129.698 
0.975411 0.0370053 0.217263 63.3979 -0.0290381 0.998788 -0.0397508 -4.27898 -0.218471 0.0324644 0.975303 130.507 
0.975687 0.0340745 0.216505 63.5721 -0.0280491 0.99913 -0.030844 -4.30674 -0.217368 0.0240212 0.975794 131.334 
0.976127 0.0273258 0.215476 63.7509 -0.0257663 0.999617 -0.010044 -4.33789 -0.215668 0.00425216 0.976457 132.177 
0.976482 0.0235525 0.214307 63.9294 -0.0252456 0.999668 0.00516619 -4.36704 -0.214114 -0.0104551 0.976753 133.02 
0.976489 0.0282498 0.213707 64.0906 -0.0287747 0.999586 -0.000655032 -4.38509 -0.213637 -0.0055098 0.976898 133.832 
0.976681 0.0362782 0.211606 64.2446 -0.0334918 0.999299 -0.0167389 -4.39812 -0.212065 0.00926144 0.977212 134.64 
0.97693 0.0363406 0.210446 64.4068 -0.0318455 0.999187 -0.0247111 -4.41438 -0.211173 0.0174392 0.977293 135.457 
0.977543 0.0321132 0.208275 64.5748 -0.0274403 0.999303 -0.0252881 -4.44725 -0.208942 0.019005 0.977743 136.275 
0.978135 0.0315529 0.205563 64.7344 -0.0272815 0.99935 -0.0235817 -4.4825 -0.206173 0.017458 0.97836 137.099 
0.978889 0.031229 0.201994 64.8866 -0.0267212 0.99933 -0.0250064 -4.50936 -0.202639 0.0190809 0.979067 137.919 
0.979862 0.0322717 0.197048 65.0346 -0.0275772 0.999268 -0.0265231 -4.53861 -0.19776 0.0205549 0.980035 138.732 
0.980227 0.0372285 0.194341 65.1711 -0.0326584 0.999111 -0.026669 -4.57094 -0.195161 0.0197947 0.980571 139.543 
0.980381 0.043441 0.192267 65.3045 -0.0389508 0.998874 -0.0270746 -4.59821 -0.193226 0.0190544 0.980969 140.349 
0.980707 0.0447455 0.190291 65.446 -0.0407314 0.998858 -0.0249559 -4.63025 -0.191191 0.0167235 0.98141 141.157 
0.98104 0.0424238 0.189106 65.5902 -0.039316 0.999023 -0.0201574 -4.66067 -0.189776 0.0123402 0.98175 141.962 
0.981459 0.0407938 0.187281 65.734 -0.0376863 0.999087 -0.0201252 -4.68948 -0.187931 0.012694 0.9821 142.767 
0.982036 0.0389456 0.184629 65.8753 -0.0352776 0.99911 -0.0231121 -4.72036 -0.185365 0.0161836 0.982536 143.562 
0.98307 0.0341112 0.180029 66.0082 -0.029798 0.999202 -0.0266094 -4.7527 -0.180793 0.0207943 0.983301 144.352 
0.984352 0.0310256 0.17346 66.1411 -0.0266498 0.999266 -0.0274998 -4.78157 -0.174186 0.0224467 0.984457 145.137 
0.985525 0.0290407 0.167023 66.2641 -0.0256761 0.999422 -0.0222698 -4.80781 -0.167573 0.0176589 0.985701 145.937 
0.986641 0.0263699 0.160761 66.3836 -0.0244569 0.999605 -0.013868 -4.83206 -0.161063 0.00975093 0.986896 146.744 
0.987283 0.0233649 0.157246 66.502 -0.0229304 0.999727 -0.00457755 -4.85204 -0.15731 0.000913552 0.987549 147.557 
0.987784 0.029965 0.152922 66.6037 -0.0300076 0.999548 -0.00203076 -4.86843 -0.152913 -0.00258294 0.988236 148.36 
0.988389 0.0328204 0.148357 66.6997 -0.0321587 0.999459 -0.00685802 -4.88266 -0.148502 0.00200735 0.98891 149.157 
0.989526 0.0330278 0.140527 66.8029 -0.0309374 0.999376 -0.017035 -4.90125 -0.141002 0.0125089 0.98993 149.951 
0.990541 0.0297684 0.133945 66.9038 -0.0269802 0.999381 -0.0225843 -4.91373 -0.134534 0.0187568 0.990731 150.753 
0.991458 0.0287552 0.127214 66.994 -0.0262362 0.999426 -0.021434 -4.93741 -0.127757 0.0179133 0.991644 151.564 
0.992192 0.0353258 0.119613 67.0678 -0.0333993 0.999279 -0.0180743 -4.96208 -0.120165 0.0139381 0.992656 152.385 
0.992894 0.0408226 0.111777 67.1308 -0.0388485 0.999049 -0.0197845 -4.98692 -0.112478 0.0153015 0.993536 153.199 
0.993895 0.0434575 0.101409 67.1978 -0.0410713 0.998831 -0.0255033 -5.0128 -0.102398 0.0211825 0.994518 154.005 
0.994783 0.0421275 0.0929128 67.2613 -0.0396937 0.998823 -0.0278897 -5.03717 -0.0939782 0.024056 0.995283 154.819 
0.995503 0.0421579 0.0848338 67.3179 -0.0401566 0.998876 -0.0251625 -5.06136 -0.0857992 0.0216427 0.996077 155.642 
0.996011 0.0448905 0.0771216 67.3599 -0.0436269 0.998886 -0.0179943 -5.08971 -0.0778433 0.0145579 0.996859 156.469 
0.996451 0.0483037 0.0689296 67.3951 -0.0475636 0.998792 -0.0123404 -5.11264 -0.0694423 0.00901795 0.997545 157.3 
0.996975 0.0474064 0.0615837 67.4284 -0.0469355 0.998857 -0.00907314 -5.13142 -0.0619433 0.00615516 0.998061 158.126 
0.997302 0.048303 0.0552696 67.4591 -0.0479904 0.998823 -0.00697226 -5.14876 -0.0555413 0.00430097 0.998447 158.954 
0.997587 0.0471706 0.0509359 67.4911 -0.0467789 0.998866 -0.00885739 -5.16445 -0.0512958 0.00645321 0.998663 159.781 
0.997576 0.0519432 0.0463042 67.5099 -0.05133 0.998579 -0.0143381 -5.18421 -0.046983 0.0119264 0.998824 160.601 
0.997424 0.0578728 0.0423888 67.5206 -0.0570208 0.998151 -0.0210422 -5.20459 -0.0435281 0.0185709 0.998879 161.415 
0.997478 0.0591271 0.0392696 67.5367 -0.0582383 0.998028 -0.023407 -5.22605 -0.040576 0.0210609 0.998954 162.235 
0.997495 0.0607891 0.0361587 67.5519 -0.0601957 0.998037 -0.0172826 -5.24822 -0.0371382 0.0150627 0.999197 163.068 
0.997427 0.0629978 0.0342228 67.5623 -0.0627928 0.998002 -0.00703588 -5.26542 -0.0345976 0.00486875 0.999389 163.905 
0.997439 0.064341 0.0312331 67.5687 -0.0643805 0.997925 0.000254306 -5.28265 -0.0311518 -0.00226453 0.999512 164.741 
0.997823 0.0606634 0.0258745 67.5821 -0.0606067 0.998157 -0.00297603 -5.29912 -0.0260073 0.0014013 0.999661 165.564 
0.998638 0.048209 0.0199327 67.6032 -0.0479637 0.998769 -0.0126104 -5.3141 -0.020516 0.0116371 0.999722 166.377 
0.99887 0.0458469 0.0125247 67.6073 -0.0456271 0.998808 -0.0173114 -5.32501 -0.0133033 0.0167203 0.999772 167.198 
0.998752 0.0496068 0.00583202 67.5894 -0.0495082 0.998645 -0.0160052 -5.34192 -0.006618 0.0156964 0.999855 168.034 
0.998861 0.0476824 -0.00161281 67.5744 -0.0476963 0.998812 -0.00997583 -5.36128 0.00113531 0.0100413 0.999949 168.87 
0.99907 0.042146 -0.00907989 67.5588 -0.0422038 0.999089 -0.00625698 -5.3779 0.00880801 0.00663428 0.999939 169.706 
0.999335 0.0333374 -0.014785 67.5413 -0.0333726 0.999441 -0.00213447 -5.38642 0.0147056 0.00262638 0.999888 170.546 
0.999353 0.0290691 -0.0211727 67.5173 -0.0291196 0.999574 -0.00207645 -5.40195 0.0211034 0.00269157 0.999774 171.383 
0.99929 0.0256587 -0.0275835 67.4831 -0.0259116 0.999625 -0.00884856 -5.42116 0.0273462 0.00955692 0.99958 172.22 
0.999246 0.0164581 -0.0351747 67.4507 -0.0171376 0.999671 -0.0191044 -5.43506 0.0348488 0.0196927 0.999198 173.052 
0.999113 0.00611559 -0.0416708 67.4226 -0.00708949 0.999704 -0.0232619 -5.45052 0.0415163 0.0235366 0.99886 173.884 
0.998789 0.00982971 -0.0482045 67.3678 -0.0106037 0.999818 -0.015825 -5.47059 0.0480403 0.0163169 0.998712 174.724 
0.998366 0.0205379 -0.05332 67.294 -0.0207213 0.999781 -0.00288754 -5.48945 0.0532491 0.0039876 0.998573 175.576 
0.997981 0.0257136 -0.0580811 67.225 -0.0254629 0.999663 0.00505375 -5.50796 0.0581915 -0.00356472 0.998299 176.425 
0.997776 0.0250904 -0.061746 67.1584 -0.0250114 0.999685 0.00205329 -5.52026 0.0617782 -0.000504451 0.99809 177.264 
0.997607 0.0266165 -0.0638059 67.0883 -0.0272344 0.99959 -0.00883198 -5.53052 0.0635448 0.0105485 0.997923 178.093 
0.997072 0.0371476 -0.0668308 67.0045 -0.0384394 0.999096 -0.0181475 -5.54496 0.0660963 0.0206633 0.997599 178.925 
0.996985 0.0354095 -0.0690392 66.9298 -0.0369815 0.999082 -0.0216237 -5.56694 0.0682102 0.0241116 0.997379 179.77 
0.996982 0.0302857 -0.0714738 66.8692 -0.0315538 0.999363 -0.016679 -5.58958 0.0709232 0.0188838 0.997303 180.63 
0.997002 0.0303689 -0.0711693 66.7989 -0.0310029 0.999489 -0.00781979 -5.61054 0.0708955 0.0100027 0.997434 181.49 
0.996946 0.0323471 -0.0710836 66.7216 -0.0326023 0.999465 -0.00243246 -5.62815 0.070967 0.00474244 0.997467 182.347 
0.996833 0.0321218 -0.0727482 66.6452 -0.0324517 0.999468 -0.00335469 -5.64302 0.0726018 0.00570478 0.997345 183.207 
0.996766 0.0286435 -0.0750768 66.5718 -0.0296695 0.99948 -0.0125855 -5.66177 0.0746774 0.0147722 0.997098 184.054 
0.996823 0.0176371 -0.0776725 66.5114 -0.0195487 0.999523 -0.0239179 -5.68325 0.0772137 0.0253602 0.996692 184.9 
0.996785 0.00706014 -0.0798105 66.4493 -0.00931595 0.999566 -0.0279267 -5.70716 0.0795789 0.0285803 0.996419 185.755 
0.99667 0.00941234 -0.0809997 66.369 -0.0113517 0.999659 -0.0235149 -5.7322 0.0807509 0.024356 0.996437 186.609 
0.996494 0.015704 -0.0821714 66.2778 -0.0168191 0.999775 -0.0128949 -5.76046 0.0819505 0.0142317 0.996535 187.468 
0.99634 0.0167909 -0.0838172 66.1932 -0.0176355 0.999801 -0.00934598 -5.7876 0.0836437 0.0107898 0.996437 188.32 
0.996277 0.0157178 -0.084768 66.1129 -0.0168822 0.999772 -0.0130361 -5.81099 0.0845439 0.0144186 0.996315 189.162 
0.996297 0.0156751 -0.0845371 66.0295 -0.0173623 0.999664 -0.0192594 -5.82981 0.0842069 0.0206558 0.996234 189.996 
0.996131 0.0223709 -0.0849852 65.9381 -0.0241399 0.999512 -0.0198439 -5.85144 0.0844999 0.0218186 0.996184 190.831 
0.996032 0.0252858 -0.0853275 65.8509 -0.0268065 0.999501 -0.0167229 -5.87902 0.0848621 0.0189438 0.996213 191.667 
0.995867 0.029146 -0.0860178 65.7623 -0.0304207 0.999445 -0.0135442 -5.9059 0.0855754 0.0161049 0.996201 192.499 
0.995762 0.0325215 -0.0860217 65.6747 -0.0335695 0.999378 -0.0107631 -5.92797 0.0856182 0.0136051 0.996235 193.328 
0.995589 0.036069 -0.0866119 65.5848 -0.0371647 0.999248 -0.0110696 -5.9496 0.0861476 0.0142396 0.996181 194.149 
