1 -4.23778e-08 4.22719e-08 0 -4.23778e-08 1 -4.19404e-08 0 4.22719e-08 -4.19404e-08 1 0 
0.99907 -0.00067997 0.0431034 0.0766239 0.000785157 0.999997 -0.00242546 -0.0203148 -0.0431015 0.00245697 0.999068 1.06272 
0.996111 -0.00505254 0.0879592 0.188601 0.00571857 0.999957 -0.00732262 -0.0369407 -0.0879183 0.00779706 0.996097 2.11528 
0.991061 -0.00445354 0.133337 0.318912 0.0060059 0.999919 -0.0112432 -0.0583044 -0.133276 0.0119434 0.991007 3.19218 
0.983803 -0.00226753 0.179239 0.51735 0.00480151 0.999894 -0.0137053 -0.0890082 -0.179189 0.0143439 0.98371 4.2768 
0.974372 -0.00485882 0.224891 0.73591 0.00808442 0.999877 -0.0134248 -0.120196 -0.224798 0.0148988 0.974291 5.28984 
0.962786 -0.0055065 0.270209 1.00601 0.00978417 0.999847 -0.0144869 -0.152478 -0.270088 0.0165915 0.962693 6.31622 
0.949348 -0.00806777 0.314124 1.31544 0.0140279 0.999762 -0.0167183 -0.187713 -0.313914 0.0202779 0.949235 7.28879 
0.934353 -0.00985942 0.356213 1.68206 0.0175018 0.99968 -0.0182381 -0.22067 -0.35592 0.0232752 0.934227 8.24076 
0.917168 -0.00970763 0.398382 2.08008 0.0187263 0.999649 -0.0187535 -0.2556 -0.39806 0.0246602 0.917028 9.1643 
0.897458 -0.0101389 0.440984 2.51709 0.0198333 0.999652 -0.01738 -0.281222 -0.440654 0.0243439 0.897347 10.1189 
0.875473 -0.00972367 0.483169 2.99877 0.0201598 0.999662 -0.0164106 -0.316186 -0.482847 0.0241076 0.875373 11.0289 
0.851615 -0.0102313 0.524067 3.51451 0.0212985 0.999659 -0.0150944 -0.352654 -0.523734 0.0240164 0.851543 11.8813 
0.826083 -0.0104287 0.563452 4.09475 0.022743 0.999631 -0.0148421 -0.394174 -0.563089 0.0250753 0.826015 12.7615 
0.798749 -0.0122405 0.60154 4.71421 0.0261151 0.999556 -0.0143373 -0.428679 -0.601097 0.0271611 0.798714 13.5928 
0.770125 -0.0111074 0.637797 5.34631 0.0266465 0.999536 -0.014768 -0.461111 -0.637336 0.0283682 0.770063 14.3675 
0.739725 -0.014482 0.672753 6.04744 0.031572 0.999414 -0.0132012 -0.493271 -0.672168 0.0310054 0.739749 15.1148 
0.707911 -0.0137731 0.706167 6.76254 0.0320452 0.999407 -0.0126321 -0.523995 -0.705574 0.0315717 0.707932 15.8381 
0.673719 -0.0127191 0.738878 7.4916 0.0333019 0.999359 -0.0131621 -0.556233 -0.738237 0.0334735 0.67371 16.5121 
0.637982 -0.0140134 0.769924 8.24271 0.0377259 0.999203 -0.0130745 -0.585077 -0.769126 0.0373873 0.638002 17.145 
0.601351 -0.0122407 0.798891 9.0303 0.03764 0.999206 -0.013023 -0.612364 -0.798098 0.0379017 0.601335 17.7513 
0.563298 -0.0110014 0.826181 9.86369 0.0403284 0.999086 -0.0141926 -0.637776 -0.825269 0.0413132 0.563226 18.344 
0.524143 -0.00923937 0.85158 10.7237 0.0448619 0.998852 -0.0167752 -0.661023 -0.850448 0.0469961 0.523956 18.8999 
0.485186 -0.00838953 0.874371 11.633 0.0465592 0.998783 -0.0162525 -0.685499 -0.87317 0.0485955 0.484986 19.4219 
0.446834 -0.0103712 0.894557 12.5127 0.0516013 0.998567 -0.0141981 -0.712405 -0.893127 0.0525045 0.446729 19.8592 
0.410044 -0.0112786 0.911996 13.4114 0.0556151 0.998372 -0.0126584 -0.740906 -0.910368 0.0559112 0.410004 20.2559 
0.375158 -0.00911481 0.926916 14.3525 0.057688 0.998243 -0.0135324 -0.762027 -0.925164 0.0585487 0.375025 20.6288 
0.341985 -0.00985767 0.939654 15.3245 0.0582643 0.998243 -0.010733 -0.780987 -0.937897 0.0584188 0.341959 20.9833 
0.309314 -0.0115029 0.95089 16.3823 0.0606991 0.998127 -0.00767049 -0.78637 -0.949021 0.0600907 0.309433 21.2873 
0.276719 -0.0114096 0.960883 17.4033 0.0612933 0.998103 -0.00580004 -0.798526 -0.958994 0.0605007 0.276893 21.5828 
0.245111 -0.00842509 0.969458 18.5094 0.0591621 0.998229 -0.00628311 -0.817335 -0.967688 0.0588952 0.245176 21.8448 
0.214667 -0.00680407 0.976664 19.5272 0.0594909 0.99821 -0.00612178 -0.82889 -0.974874 0.0594167 0.214687 22.0684 
0.184046 -0.00665805 0.982895 20.57 0.0614353 0.9981 -0.00474272 -0.842023 -0.980996 0.0612573 0.184105 22.2785 
0.153756 -0.00689661 0.988085 21.7402 0.0632118 0.997996 -0.00287071 -0.849832 -0.986085 0.0629 0.153884 22.467 
0.123166 -0.00740994 0.992358 22.9198 0.0620769 0.998071 -0.000252151 -0.849024 -0.990442 0.0616336 0.123389 22.6581 
0.0936028 -0.00787005 0.995578 23.9933 0.0626874 0.998031 0.00199557 -0.859533 -0.993634 0.0622235 0.0939118 22.773 
0.0665034 -0.00776557 0.997756 25.091 0.0655181 0.997846 0.00339921 -0.864375 -0.995633 0.065145 0.0668689 22.8453 
0.0411065 -0.00716858 0.999129 26.3668 0.0694051 0.997579 0.00430189 -0.853803 -0.996741 0.0691678 0.0415046 22.9201 
0.0181784 -0.00688106 0.999811 27.5811 0.0735359 0.997277 0.00552652 -0.863354 -0.997127 0.0734215 0.0186349 22.954 
-0.0018042 -0.00678629 0.999975 28.8935 0.0789917 0.996851 0.00690753 -0.839379 -0.996874 0.0790022 -0.00126246 22.9236 
-0.0196337 -0.00763616 0.999778 30.1108 0.0829623 0.99651 0.00924033 -0.841327 -0.996359 0.0831253 -0.0189317 22.9138 
-0.0358638 -0.00765732 0.999327 31.3872 0.0861057 0.996228 0.0107237 -0.83976 -0.99564 0.0864324 -0.0350692 22.9133 
-0.0506254 -0.00834546 0.998683 32.6673 0.0882696 0.996014 0.0127977 -0.834526 -0.994809 0.0888012 -0.049687 22.8876 
-0.0639553 -0.00944951 0.997908 33.9473 0.0884065 0.99597 0.015097 -0.828158 -0.994029 0.0891871 -0.0628621 22.8235 
-0.0761116 -0.00951241 0.997054 35.231 0.0880985 0.995979 0.0162272 -0.82296 -0.9932 0.0890741 -0.0749676 22.7541 
-0.0875235 -0.00677903 0.996139 36.4812 0.0882525 0.995992 0.0145321 -0.814674 -0.992245 0.0891837 -0.0865744 22.6711 
-0.0980207 -0.00330401 0.995179 37.7671 0.0884654 0.996007 0.0120201 -0.796239 -0.991244 0.0892171 -0.097337 22.5801 
-0.107636 -0.000826887 0.99419 39.0646 0.0896297 0.995919 0.010532 -0.787928 -0.990142 0.0902426 -0.107123 22.4759 
-0.115286 0.000124075 0.993332 40.4021 0.0893489 0.995948 0.0102454 -0.781971 -0.989306 0.0899343 -0.11483 22.3355 
-0.120834 0.000848828 0.992672 41.7937 0.0888261 0.995997 0.00996069 -0.76667 -0.988691 0.0893788 -0.120426 22.1465 
-0.126055 0.002136 0.992021 43.1662 0.0897971 0.995917 0.00926592 -0.76054 -0.987951 0.0902486 -0.125732 21.9944 
-0.130819 0.00371352 0.991399 44.5555 0.0887619 0.996021 0.00798157 -0.756153 -0.987425 0.0890426 -0.130628 21.8305 
-0.134933 0.00450688 0.990844 45.9603 0.0892939 0.995976 0.00762976 -0.754824 -0.986823 0.0895058 -0.134793 21.664 
-0.138173 0.0032301 0.990403 47.3859 0.0892456 0.995967 0.00920248 -0.75679 -0.986379 0.0896606 -0.137904 21.4982 
-0.140541 0.00127318 0.990074 48.8379 0.0899015 0.995884 0.0114808 -0.749113 -0.985985 0.0906227 -0.140077 21.2874 
-0.142955 -0.000114582 0.989729 50.2722 0.0896054 0.995892 0.0130577 -0.746761 -0.985665 0.0905518 -0.142357 21.072 
-0.145067 0.000579731 0.989422 51.7091 0.0921321 0.995663 0.0129247 -0.734718 -0.985123 0.0930324 -0.144491 20.8767 
-0.14638 0.000229786 0.989228 53.161 0.0916046 0.995706 0.0133238 -0.720947 -0.984978 0.0925682 -0.145773 20.6841 
-0.146963 0.00151152 0.989141 54.7187 0.0939004 0.995504 0.01243 -0.705991 -0.984675 0.0947075 -0.146444 20.4714 
-0.147203 0.00171139 0.989105 56.2737 0.0935655 0.995538 0.0122022 -0.693919 -0.984671 0.0943423 -0.146706 20.2588 
-0.146527 0.00301425 0.989202 57.8252 0.0936847 0.995543 0.0108436 -0.690844 -0.98476 0.094262 -0.146157 20.0386 
-0.145295 0.00258138 0.989385 59.3723 0.0944318 0.995467 0.0112703 -0.68656 -0.984872 0.0950669 -0.14488 19.8247 
-0.143941 0.00148499 0.989585 60.9603 0.0932992 0.995565 0.0120769 -0.673527 -0.985178 0.0940659 -0.143441 19.6097 
-0.142796 0.00210404 0.98975 62.5723 0.0946469 0.995444 0.0115389 -0.668461 -0.985216 0.0953245 -0.142344 19.3872 
-0.142098 0.00257472 0.989849 64.1733 0.0944683 0.995467 0.0109721 -0.661216 -0.985334 0.0950685 -0.141698 19.1808 
-0.141119 0.00316171 0.989988 65.8251 0.0957629 0.995349 0.0104717 -0.648582 -0.98535 0.0962819 -0.140765 18.9591 
-0.14022 0.00280841 0.990116 67.4919 0.0961324 0.99531 0.0107911 -0.648968 -0.985442 0.0966954 -0.139833 18.7395 
-0.13992 0.00126574 0.990162 69.1756 0.0976207 0.995145 0.0125226 -0.632154 -0.985339 0.0984125 -0.139364 18.5322 
-0.139287 -0.000840091 0.990252 70.8549 0.0992215 0.994955 0.0148003 -0.621233 -0.985269 0.100316 -0.138501 18.3118 
-0.138686 0.000274424 0.990336 72.5591 0.100689 0.994822 0.0138247 -0.608836 -0.985204 0.101633 -0.137996 18.1025 
-0.138311 0.00186631 0.990387 74.2886 0.102388 0.994667 0.0124245 -0.603548 -0.985082 0.103123 -0.137765 17.8913 
-0.137861 0.00141359 0.990451 75.9932 0.101969 0.994706 0.0127733 -0.602904 -0.985189 0.102756 -0.137275 17.6816 
-0.137704 0.00124827 0.990473 77.7205 0.102895 0.994607 0.0130517 -0.599263 -0.985114 0.103712 -0.13709 17.4617 
-0.137253 -0.000138814 0.990536 79.4647 0.102832 0.994595 0.0143881 -0.59594 -0.985184 0.103833 -0.136497 17.2278 
-0.136856 0.000128679 0.990591 81.2299 0.104708 0.9944 0.0143369 -0.582693 -0.985041 0.105685 -0.136103 16.9892 
-0.136586 -0.000145063 0.990628 82.9924 0.106054 0.994251 0.0147681 -0.570261 -0.984935 0.107077 -0.135785 16.7609 
-0.136721 0.000772086 0.990609 84.7822 0.106565 0.994208 0.0139329 -0.560161 -0.984861 0.10747 -0.136012 16.5405 
-0.137061 0.00139279 0.990561 86.5691 0.106787 0.994192 0.0133779 -0.560321 -0.98479 0.107613 -0.136414 16.3087 
-0.138288 0.00189499 0.99039 88.3926 0.105619 0.994324 0.0128451 -0.553395 -0.984744 0.106381 -0.137704 16.0865 
-0.139564 0.00262372 0.990209 90.2229 0.105159 0.994381 0.0121867 -0.540655 -0.984613 0.10583 -0.139056 15.8579 
-0.140518 0.00189313 0.990076 92.0978 0.103852 0.99451 0.0128378 -0.522626 -0.984616 0.104626 -0.139944 15.6228 
-0.141452 0.0015757 0.989944 93.9714 0.103919 0.994497 0.0132658 -0.509788 -0.984476 0.10475 -0.140837 15.3761 
-0.141788 0.000187145 0.989897 95.7776 0.10154 0.994728 0.014356 -0.511033 -0.984675 0.10255 -0.141059 15.1361 
-0.143413 0.00120782 0.989662 97.6334 0.101504 0.994744 0.0134949 -0.495299 -0.984444 0.10239 -0.142782 14.891 
-0.145746 0.00184211 0.98932 99.5075 0.100374 0.994866 0.0129346 -0.485434 -0.984217 0.101187 -0.145183 14.6332 
-0.149721 0.00263451 0.988725 101.409 0.101058 0.9948 0.0126523 -0.475459 -0.98355 0.101813 -0.149208 14.3569 
-0.154116 0.00178479 0.988051 103.29 0.0992742 0.994966 0.0136874 -0.464936 -0.983053 0.100197 -0.153517 14.0906 
-0.158811 0.00101012 0.987308 105.208 0.0977254 0.995105 0.0147012 -0.45339 -0.982461 0.0988198 -0.158132 13.8042 
-0.163248 0.00199431 0.986583 107.116 0.0966605 0.995219 0.0139823 -0.439922 -0.981839 0.0976462 -0.16266 13.5095 
-0.16795 0.003824 0.985788 109.031 0.0973172 0.995172 0.0127195 -0.428941 -0.98098 0.0980703 -0.167511 13.2078 
-0.172236 0.00572463 0.985039 110.96 0.0968484 0.995237 0.0111502 -0.414556 -0.980283 0.09732 -0.17197 12.8873 
-0.177078 0.00596889 0.984179 112.874 0.0953882 0.995378 0.0111258 -0.409206 -0.979563 0.0958491 -0.176829 12.5712 
-0.181757 0.00576837 0.983326 114.834 0.0937818 0.995526 0.0114945 -0.400683 -0.978861 0.0943073 -0.181485 12.2287 
-0.187122 0.00500596 0.982324 116.817 0.0918363 0.995697 0.0124197 -0.392059 -0.978034 0.092537 -0.186777 11.8789 
-0.19243 0.00451399 0.9813 118.797 0.0909478 0.995767 0.013254 -0.380517 -0.977087 0.0917976 -0.192026 11.5139 
-0.197841 0.00426121 0.980225 120.783 0.0910773 0.995745 0.0140536 -0.370485 -0.975994 0.0920566 -0.197387 11.139 
-0.20338 0.00593995 0.979082 122.753 0.0915659 0.995714 0.0129796 -0.358987 -0.974809 0.0922904 -0.203052 10.7591 
-0.208756 0.00701256 0.977943 124.722 0.0915829 0.99572 0.0124096 -0.350529 -0.97367 0.0921534 -0.208505 10.3651 
-0.214413 0.0069972 0.976718 126.727 0.0918995 0.995683 0.013041 -0.338019 -0.97241 0.0925561 -0.21413 9.94571 
-0.219712 0.0070564 0.975539 128.713 0.0914552 0.995719 0.0133952 -0.329409 -0.971268 0.0921613 -0.219417 9.52193 
-0.224684 0.00787695 0.9744 130.682 0.0907036 0.995795 0.0128651 -0.310776 -0.970201 0.0912722 -0.224454 9.08322 
-0.22953 0.00844697 0.973265 132.679 0.0901754 0.995846 0.0126235 -0.299531 -0.969115 0.090662 -0.229338 8.62939 
-0.233821 0.00785877 0.972248 134.703 0.0915102 0.995706 0.0139593 -0.284907 -0.967964 0.0922346 -0.233536 8.17149 
-0.237321 0.00777532 0.9714 136.758 0.0941673 0.995443 0.015038 -0.272472 -0.966856 0.095043 -0.236972 7.68347 
-0.240675 0.00844343 0.970569 138.778 0.095034 0.995362 0.0149067 -0.255279 -0.965942 0.0958248 -0.240361 7.2056 
-0.243579 0.00908735 0.969838 140.817 0.0955877 0.995313 0.0146811 -0.242673 -0.965159 0.0962807 -0.243306 6.718 
-0.246584 0.00883148 0.969081 142.87 0.0946009 0.995402 0.0149999 -0.228647 -0.964493 0.0953747 -0.246285 6.21369 
-0.250109 0.00938224 0.968172 144.918 0.0933202 0.995531 0.0144601 -0.213468 -0.96371 0.0939666 -0.249867 5.69677 
-0.254248 0.0103727 0.967083 146.973 0.0923958 0.995629 0.0136122 -0.196622 -0.962715 0.0928153 -0.254096 5.17911 
-0.258416 0.0100922 0.965981 149.041 0.0921835 0.99564 0.0142585 -0.183158 -0.961625 0.0927322 -0.25822 4.66695 
-0.26289 0.0106239 0.964767 151.138 0.0925584 0.995605 0.0142578 -0.177505 -0.960376 0.0930456 -0.262718 4.15685 
-0.267606 0.0110502 0.963465 153.158 0.0920442 0.995654 0.0141461 -0.174006 -0.959122 0.092467 -0.26746 3.6403 
-0.271941 0.0113564 0.962247 155.205 0.0917621 0.99568 0.0141819 -0.160594 -0.957929 0.0921545 -0.271808 3.08803 
-0.27621 0.0103748 0.961041 157.177 0.0914694 0.995687 0.0155401 -0.166311 -0.956735 0.0921982 -0.275967 2.55771 
-0.280489 0.0104122 0.959801 159.192 0.091971 0.995632 0.0160762 -0.166211 -0.955441 0.0927831 -0.280221 2.01929 
-0.284561 0.0111498 0.958593 161.225 0.0931167 0.995526 0.0160625 -0.160455 -0.954125 0.0938318 -0.284326 1.45366 
-0.288303 0.0124139 0.957459 163.287 0.0931932 0.995533 0.0151541 -0.147457 -0.952993 0.0935976 -0.288172 0.87683 
-0.291873 0.0138861 0.956356 165.292 0.0932557 0.995544 0.0140058 -0.151612 -0.9519 0.0932736 -0.291867 0.303805 
-0.295153 0.0148773 0.955334 167.353 0.0939596 0.995484 0.0135265 -0.147149 -0.950819 0.0937552 -0.295218 -0.300131 
-0.298261 0.0156241 0.954356 169.383 0.0938609 0.9955 0.0130362 -0.139579 -0.949858 0.0934649 -0.298386 -0.907688 
-0.301603 0.0155626 0.953306 171.437 0.094221 0.995459 0.0135585 -0.138074 -0.948766 0.0939108 -0.3017 -1.52548 
-0.305422 0.0158925 0.952084 173.534 0.0941248 0.995468 0.0135779 -0.127657 -0.947553 0.0937617 -0.305534 -2.16424 
-0.30922 0.0166012 0.950846 175.6 0.0963566 0.995249 0.0139592 -0.125155 -0.946096 0.0959367 -0.30935 -2.80357 
-0.312199 0.0167908 0.949868 177.645 0.0984385 0.995034 0.0147651 -0.122955 -0.944903 0.0981133 -0.312302 -3.44943 
-0.314789 0.0162272 0.949023 179.683 0.0991038 0.994951 0.01586 -0.119507 -0.943974 0.0990444 -0.314808 -4.0996 
-0.317671 0.0157038 0.948071 181.761 0.0986394 0.994985 0.0165703 -0.102444 -0.943056 0.098781 -0.317627 -4.75325 
-0.320309 0.0162295 0.947174 183.847 0.0977228 0.995085 0.0159967 -0.0946644 -0.942259 0.0976844 -0.320321 -5.43055 
-0.323173 0.0183634 0.946162 185.942 0.097129 0.995175 0.0138609 -0.0823181 -0.941342 0.0963793 -0.323398 -6.10094 
-0.3263 0.0202011 0.94505 188.064 0.0967728 0.995232 0.0121392 -0.0787649 -0.9403 0.0954162 -0.326699 -6.80428 
-0.329485 0.0209376 0.943928 190.127 0.0956657 0.995349 0.0113145 -0.0787638 -0.939302 0.0940295 -0.329956 -7.49558 
-0.332664 0.0217627 0.942794 192.254 0.0938065 0.995539 0.0101192 -0.0811063 -0.938368 0.0918065 -0.333222 -8.20755 
-0.336494 0.0217853 0.941434 194.326 0.0947023 0.995447 0.0108138 -0.0940813 -0.936912 0.0927947 -0.337025 -8.90293 
-0.340102 0.0211004 0.940152 196.361 0.0942168 0.995482 0.0117408 -0.0992403 -0.935657 0.0925711 -0.340554 -9.61205 
-0.343815 0.0203564 0.938817 198.457 0.0940062 0.995489 0.0128419 -0.104776 -0.93432 0.0926699 -0.344178 -10.3281 
-0.347723 0.0200933 0.937382 200.592 0.0941106 0.995469 0.0135719 -0.10605 -0.932862 0.0929369 -0.348038 -11.0793 
-0.351562 0.0200557 0.93595 202.728 0.0928736 0.995586 0.0135515 -0.104181 -0.931546 0.0916892 -0.351872 -11.8354 
-0.355291 0.0204643 0.934532 204.81 0.0921964 0.995653 0.0132485 -0.112907 -0.930198 0.0908675 -0.355633 -12.5772 
-0.358707 0.0209666 0.933215 206.942 0.092154 0.995659 0.0130523 -0.116556 -0.92889 0.0906815 -0.359082 -13.3543 
-0.361589 0.021606 0.932087 209.015 0.0927841 0.995602 0.0129158 -0.123533 -0.927709 0.0911531 -0.362004 -14.1298 
-0.364211 0.0211709 0.931076 211.125 0.0938262 0.995489 0.0140666 -0.130233 -0.926578 0.0924825 -0.364554 -14.9126 
-0.366664 0.0206605 0.930124 213.271 0.0953118 0.995327 0.0154639 -0.123843 -0.925458 0.0943218 -0.36692 -15.7332 
-0.369268 0.021403 0.929077 215.429 0.0963249 0.995231 0.0153579 -0.118309 -0.924318 0.0951644 -0.369568 -16.5676 
-0.371991 0.0224624 0.927964 217.664 0.096213 0.995255 0.0144773 -0.0981203 -0.923237 0.0946677 -0.372387 -17.4314 
-0.374313 0.022562 0.927028 219.816 0.0956764 0.995308 0.0144081 -0.0974412 -0.922353 0.0940878 -0.374715 -18.2713 
-0.377006 0.0237991 0.925905 221.964 0.0955148 0.995339 0.0133074 -0.10043 -0.921273 0.0934547 -0.377522 -19.1169 
-0.380002 0.024943 0.924649 224.028 0.0952752 0.995375 0.0123042 -0.0989886 -0.920066 0.0927717 -0.380621 -19.9198 
-0.382665 0.0247882 0.923555 226.078 0.0928958 0.995606 0.0117682 -0.111924 -0.919205 0.0902976 -0.383286 -20.725 
-0.385834 0.0257599 0.922208 228.047 0.0937693 0.995528 0.0114233 -0.121001 -0.91779 0.0908823 -0.386524 -21.5081 
-0.388317 0.0250316 0.921186 230.104 0.0951566 0.995376 0.0130647 -0.139447 -0.9166 0.0927301 -0.388904 -22.3354 
-0.391355 0.0240596 0.919925 232.121 0.0956796 0.995304 0.0146729 -0.144635 -0.915252 0.0937604 -0.391819 -23.1387 
-0.394751 0.0235917 0.918485 234.105 0.0947518 0.995385 0.0151559 -0.160718 -0.913889 0.0930109 -0.395165 -23.9336 
-0.397792 0.0237422 0.917168 236.205 0.0932865 0.995531 0.0146892 -0.165007 -0.912721 0.0914027 -0.398229 -24.7937 
-0.401461 0.0232296 0.915582 238.298 0.0915842 0.995686 0.0148955 -0.157065 -0.911286 0.0898328 -0.401856 -25.6654 
-0.404961 0.0222742 0.914062 240.386 0.0907401 0.995747 0.0159362 -0.162773 -0.90982 0.0893956 -0.40526 -26.5336 
-0.408509 0.0225874 0.912475 242.524 0.0900608 0.995813 0.0156692 -0.154348 -0.9083 0.0885793 -0.408833 -27.4448 
-0.412593 0.0220548 0.910649 244.625 0.089317 0.995869 0.0163485 -0.158782 -0.906526 0.0880817 -0.412858 -28.3533 
-0.416227 0.0214335 0.909008 246.76 0.0883834 0.995942 0.0169866 -0.156587 -0.904955 0.0874115 -0.416432 -29.2945 
-0.41995 0.0216383 0.907289 248.877 0.087998 0.995976 0.0169774 -0.139613 -0.903271 0.0869694 -0.420164 -30.2291 
-0.423643 0.0223431 0.905553 250.992 0.0878903 0.995993 0.0165429 -0.130277 -0.901555 0.0865977 -0.423909 -31.188 
-0.427097 0.0228794 0.903916 253.115 0.0880992 0.995976 0.0164169 -0.119908 -0.899904 0.0866459 -0.427394 -32.1568 
-0.43094 0.0227204 0.902094 255.309 0.0878395 0.995992 0.0168764 -0.114507 -0.898095 0.0865122 -0.431208 -33.1475 
-0.434709 0.0231499 0.900273 257.469 0.0867148 0.9961 0.0162572 -0.110883 -0.896386 0.0851342 -0.435021 -34.1296 
-0.43862 0.0233395 0.898369 259.561 0.0873693 0.996035 0.0167804 -0.111061 -0.894415 0.0858502 -0.43892 -35.0945 
-0.442069 0.0237594 0.896666 261.662 0.0875291 0.996021 0.016761 -0.0934273 -0.8927 0.0858939 -0.44239 -36.0928 
-0.44567 0.0247661 0.894854 263.814 0.0887207 0.995918 0.016623 -0.085313 -0.89079 0.0868005 -0.446048 -37.11 
-0.448962 0.0271083 0.89314 265.943 0.0909423 0.995736 0.0154924 -0.0679958 -0.888911 0.0881797 -0.449512 -38.1479 
-0.451771 0.0278648 0.891699 268.036 0.0923564 0.995602 0.0156798 -0.055009 -0.88734 0.0894377 -0.452358 -39.1511 
-0.454645 0.0301705 0.890161 270.142 0.0943801 0.995431 0.0144656 -0.0423688 -0.885658 0.0905903 -0.455416 -40.1696 
-0.457182 0.0326771 0.888772 272.21 0.096 0.995299 0.0127884 -0.0333012 -0.884177 0.0911688 -0.45817 -41.1818 
-0.45997 0.0333621 0.887307 274.336 0.0970374 0.995197 0.0128844 -0.0262665 -0.882616 0.0920285 -0.460999 -42.2459 
-0.462781 0.0343105 0.885808 276.527 0.0974185 0.995167 0.0123488 -0.0101482 -0.881103 0.0920089 -0.463887 -43.366 
-0.466136 0.0343171 0.884047 278.72 0.0966015 0.995247 0.0123018 0.00811164 -0.879423 0.0911346 -0.467236 -44.4834 
-0.469777 0.0357056 0.882063 280.849 0.0973863 0.995179 0.0115823 0.0170328 -0.877397 0.0913419 -0.470989 -45.5652 
-0.4732 0.0360133 0.880219 282.996 0.0965116 0.995269 0.0111635 0.0279496 -0.875653 0.0902339 -0.474437 -46.6654 
-0.476146 0.0357186 0.87864 285.096 0.09498 0.995418 0.0110049 0.023609 -0.874222 0.0886933 -0.477357 -47.7359 
-0.478921 0.036205 0.877111 287.176 0.097107 0.995202 0.011943 0.00722825 -0.87247 0.0908934 -0.480139 -48.7896 
-0.481357 0.0366046 0.87576 289.326 0.0993105 0.994972 0.0129982 0.00731986 -0.87088 0.0932289 -0.482572 -49.9141 
-0.48391 0.0368664 0.874341 291.474 0.100571 0.994835 0.0137147 0.0105915 -0.86932 0.0945701 -0.485118 -51.0114 
-0.485636 0.0370255 0.873377 293.637 0.101083 0.994779 0.0140341 0.0180182 -0.868297 0.0950986 -0.486843 -52.1628 
-0.487895 0.0363247 0.872146 295.846 0.100655 0.99481 0.0148746 0.0387922 -0.86708 0.0950431 -0.489019 -53.3509 
-0.490602 0.0366828 0.870611 298.058 0.101977 0.994665 0.0155556 0.0623246 -0.865396 0.0964139 -0.491725 -54.5632 
-0.492833 0.0364156 0.869361 300.252 0.102145 0.994637 0.0162418 0.0814507 -0.864107 0.0968052 -0.49391 -55.7727 
-0.494467 0.0371668 0.868401 302.52 0.101108 0.994762 0.0149959 0.114654 -0.863296 0.0952176 -0.495635 -57.0623 
-0.4975 0.0397059 0.866555 304.653 0.101104 0.994798 0.012463 0.126268 -0.861552 0.0938126 -0.498926 -58.1798 
-0.500874 0.0390413 0.864639 306.834 0.0997148 0.994933 0.0128389 0.130447 -0.859757 0.092648 -0.502229 -59.3941 
-0.505102 0.037425 0.862247 309.024 0.0979347 0.995092 0.0141788 0.138557 -0.857485 0.0916057 -0.506288 -60.6259 
-0.50977 0.0351433 0.859593 311.293 0.0960943 0.995239 0.0162983 0.156135 -0.854927 0.0909103 -0.510719 -61.9239 
-0.514528 0.0338691 0.856804 313.593 0.0947363 0.995348 0.0175454 0.181326 -0.852224 0.0901981 -0.515343 -63.2466 
-0.518969 0.0337871 0.854125 315.857 0.0948483 0.995324 0.0182575 0.206966 -0.849514 0.0904874 -0.519747 -64.5684 
-0.522652 0.0349325 0.85183 318.089 0.0970325 0.995105 0.0187276 0.232105 -0.847006 0.0924432 -0.523483 -65.9285 
-0.52662 0.0359883 0.849338 320.373 0.0982394 0.994986 0.0187522 0.262253 -0.844405 0.0933138 -0.527515 -67.2978 
-0.530239 0.0361694 0.847077 322.48 0.098987 0.994898 0.0194809 0.294933 -0.84205 0.0941791 -0.531114 -68.5885 
-0.533697 0.0346706 0.844965 324.68 0.0988742 0.994865 0.0216296 0.312813 -0.839876 0.0950889 -0.534384 -69.9603 
-0.537842 0.0330248 0.842398 326.841 0.0975336 0.99496 0.0232661 0.33723 -0.837384 0.0946756 -0.538353 -71.2813 
-0.541481 0.0328286 0.840072 329.004 0.0968087 0.995025 0.0235156 0.359205 -0.835121 0.0940596 -0.541965 -72.6349 
-0.545442 0.0326227 0.837513 331.214 0.096793 0.995008 0.0242802 0.385096 -0.83254 0.0943089 -0.545877 -74.03 
-0.54915 0.0327205 0.835083 333.439 0.0979423 0.994867 0.0254255 0.419217 -0.829965 0.0957524 -0.549536 -75.4545 
-0.553326 0.0320849 0.832347 335.624 0.0980408 0.994821 0.0268274 0.456589 -0.827175 0.0964482 -0.553606 -76.862 
-0.556939 0.0311239 0.82997 337.824 0.0967364 0.994927 0.0276037 0.493089 -0.8249 0.0956619 -0.557125 -78.2888 
-0.560184 0.0302379 0.827816 340.02 0.0959625 0.994974 0.0285941 0.542639 -0.822791 0.0954573 -0.560271 -79.7445 
-0.562914 0.0296389 0.825984 342.169 0.0959919 0.994938 0.0297176 0.589354 -0.820922 0.0960162 -0.56291 -81.1701 
-0.565695 0.029087 0.824101 344.328 0.0939624 0.995142 0.0293755 0.639415 -0.819244 0.0940521 -0.56568 -82.603 
-0.568168 0.0279442 0.822438 346.482 0.0899706 0.995541 0.028329 0.68038 -0.817979 0.0900909 -0.568149 -84.0625 
-0.571741 0.0271549 0.819985 348.613 0.0858915 0.995941 0.0269066 0.730012 -0.815926 0.0858133 -0.571753 -85.4762 
-0.574612 0.0245431 0.818058 350.763 0.0838002 0.996061 0.0289785 0.774809 -0.814125 0.0852049 -0.574405 -86.9055 
-0.578204 0.0237609 0.815546 352.959 0.0837381 0.996025 0.0303492 0.820403 -0.811583 0.0858404 -0.577896 -88.4081 
-0.581025 0.0241712 0.813526 355.141 0.0832351 0.996083 0.0298517 0.87635 -0.809618 0.0850585 -0.580761 -89.904 
-0.584295 0.0232658 0.811207 357.285 0.081335 0.996235 0.0300113 0.92195 -0.807455 0.0835151 -0.583988 -91.3811 
-0.587329 0.0195806 0.809111 359.467 0.0786526 0.996356 0.0329815 0.975806 -0.805518 0.0830097 -0.586729 -92.916 
-0.590345 0.0173138 0.806965 361.648 0.0761161 0.996509 0.0343031 1.03657 -0.803554 0.0816737 -0.589602 -94.4556 
-0.593153 0.0161619 0.804927 363.841 0.0743145 0.996629 0.0347515 1.09292 -0.801652 0.0804308 -0.592355 -96.022 
-0.596079 0.0164584 0.802757 366.024 0.0738989 0.996671 0.0344388 1.15233 -0.799518 0.0798511 -0.595311 -97.5812 
-0.598538 0.0157203 0.80094 368.029 0.0735385 0.996664 0.0353929 1.21083 -0.797712 0.080084 -0.597697 -99.0742 
-0.601334 0.0147741 0.798861 370.182 0.0724615 0.996717 0.0361114 1.26503 -0.795705 0.0796017 -0.60043 -100.643 
-0.603673 0.0132938 0.797121 372.348 0.0691324 0.996967 0.0357283 1.33142 -0.794229 0.0766752 -0.602761 -102.24 
-0.605651 0.0094817 0.795674 374.466 0.0587319 0.997734 0.0328159 1.39497 -0.79356 0.0666064 -0.604836 -103.873 
-0.608552 0.0123764 0.793418 376.256 0.0511454 0.998411 0.0236544 1.46064 -0.791864 0.0549746 -0.608218 -105.34 
-0.611489 0.0224732 0.790934 378.371 0.0615426 0.997919 0.0192256 1.49144 -0.788856 0.0604324 -0.611599 -106.879 
-0.612034 0.0233944 0.790485 380.525 0.0689041 0.997338 0.0238328 1.52059 -0.787824 0.0690542 -0.612017 -108.51 
-0.613927 0.0138227 0.789242 382.677 0.0675322 0.997101 0.035068 1.56268 -0.786469 0.0748285 -0.61308 -110.137 
-0.616117 0.00330936 0.787647 384.986 0.0612985 0.99716 0.0437595 1.66628 -0.785266 0.0752426 -0.61457 -111.983 
-0.618432 -0.00711374 0.785806 387.435 0.0555568 0.997061 0.0527496 1.80022 -0.783872 0.076279 -0.61622 -113.948 
-0.620954 -0.00732148 0.783813 389.554 0.0547842 0.997106 0.052715 1.90031 -0.78193 0.0756742 -0.618755 -115.565 
-0.623288 -0.00259019 0.781988 391.602 0.0593709 0.996951 0.0506241 1.98372 -0.779735 0.0779808 -0.621234 -117.143 
-0.625141 0.00450261 0.780499 393.735 0.0647553 0.996835 0.0461151 2.07648 -0.777821 0.0793699 -0.623454 -118.827 
-0.626971 0.00716664 0.77901 395.863 0.0656942 0.996882 0.0437016 2.16362 -0.776268 0.0785761 -0.625487 -120.525 
-0.629985 0.00723566 0.776573 397.95 0.0656552 0.996873 0.0439736 2.23852 -0.773827 0.0786888 -0.628491 -122.17 
-0.632633 0.00608284 0.774427 400.026 0.0651398 0.996844 0.0453831 2.30085 -0.771707 0.0791569 -0.631033 -123.836 
-0.635046 0.00513712 0.772457 402.033 0.0657336 0.99671 0.0474118 2.36476 -0.769673 0.080885 -0.633294 -125.424 
-0.637864 0.00518964 0.770132 403.822 0.0659797 0.996669 0.0479317 2.4151 -0.767318 0.081387 -0.636082 -126.706 
-0.641141 0.00469408 0.767408 405.586 0.0650289 0.996717 0.0482325 2.45454 -0.764663 0.0808276 -0.639342 -127.864 
-0.64236 0.00511634 0.766386 407.621 0.065794 0.996654 0.0484927 2.53616 -0.763574 0.0815734 -0.640547 -129.515 
-0.644038 0.00438032 0.764981 409.604 0.0668339 0.996482 0.0505616 2.61638 -0.762068 0.0836903 -0.642065 -131.081 
-0.645734 0.00365171 0.763554 411.597 0.0686901 0.996212 0.0533264 2.69614 -0.760467 0.0868833 -0.643538 -132.658 
-0.646999 0.0029547 0.762485 413.536 0.0702171 0.995974 0.0557225 2.77169 -0.759251 0.0895919 -0.644602 -134.245 
-0.648102 0.00305376 0.761548 415.51 0.0686615 0.996154 0.0544386 2.86802 -0.758452 0.0875708 -0.645818 -135.887 
-0.649138 0.00274562 0.760666 417.377 0.0644018 0.996601 0.0513621 2.94041 -0.757939 0.0823294 -0.647109 -137.441 
-0.650782 0.00212328 0.759261 419.38 0.0614624 0.996862 0.0498932 3.03125 -0.756772 0.0791357 -0.64887 -139.081 
-0.65156 0.00117859 0.758596 421.379 0.0605368 0.99689 0.0504462 3.13224 -0.756178 0.0787917 -0.649605 -140.756 
-0.652595 0.000175988 0.757707 423.419 0.0589516 0.99698 0.050542 3.23215 -0.75541 0.0776515 -0.650635 -142.459 
-0.653549 -0.00059823 0.756884 425.45 0.0562187 0.997199 0.0493315 3.33502 -0.754793 0.0747916 -0.651685 -144.158 
-0.654725 -0.00104955 0.755867 427.515 0.0551658 0.997266 0.0491688 3.43797 -0.753852 0.07389 -0.652877 -145.883 
-0.655395 -0.00245891 0.755282 429.528 0.055691 0.997115 0.051572 3.53566 -0.75323 0.0758624 -0.653367 -147.572 
-0.654993 -0.0039258 0.755625 431.548 0.0577579 0.996801 0.0552446 3.64312 -0.753425 0.0798281 -0.65267 -149.285 
-0.654081 -0.00529162 0.756406 433.567 0.0622224 0.99621 0.0607744 3.75545 -0.753861 0.0868168 -0.651273 -150.99 
-0.65271 -0.00652787 0.75758 435.539 0.065676 0.995711 0.0651643 3.87302 -0.754756 0.0922882 -0.649481 -152.677 
-0.651454 -0.00874057 0.758637 437.528 0.0598609 0.996224 0.0628814 4.00708 -0.756323 0.0863771 -0.648471 -154.29 
-0.650183 -0.00920481 0.759722 439.556 0.0526337 0.996979 0.0571242 4.13911 -0.757953 0.0771282 -0.647734 -155.984 
-0.648538 -0.0111911 0.7611 441.618 0.0478871 0.997311 0.0554691 4.25903 -0.759675 0.0724207 -0.646258 -157.68 
-0.645925 -0.0118033 0.76331 443.662 0.0454636 0.997511 0.0538967 4.37193 -0.762046 0.069516 -0.64378 -159.339 
-0.643196 -0.0116501 0.765613 445.702 0.0469192 0.997406 0.0545942 4.4782 -0.764263 0.0710367 -0.64098 -161.014 
-0.64064 -0.0117039 0.767752 447.752 0.0473999 0.997374 0.0547565 4.58721 -0.766377 0.0714705 -0.638403 -162.64 
-0.638358 -0.0109091 0.769662 449.828 0.0451455 0.997648 0.0515841 4.69585 -0.768415 0.0676759 -0.636364 -164.316 
-0.636855 -0.0155255 0.770827 451.92 0.0385246 0.997907 0.051928 4.80034 -0.770021 0.0627665 -0.634924 -165.976 
-0.636034 -0.021759 0.771354 454.029 0.0296367 0.998176 0.0525948 4.90417 -0.771092 0.0563125 -0.634229 -167.634 
-0.635577 -0.0261819 0.771593 456.037 0.0206223 0.998492 0.0508681 4.99847 -0.771762 0.0482426 -0.634079 -169.252 
-0.634303 -0.0267243 0.772622 457.975 0.0190853 0.998556 0.0502076 5.11316 -0.772849 0.0465926 -0.632877 -170.883 
-0.633111 -0.0269133 0.773593 459.963 0.0207167 0.998448 0.0516905 5.20135 -0.773784 0.0487522 -0.631571 -172.489 
-0.631822 -0.028157 0.774602 462.095 0.0219243 0.998291 0.0541711 5.32168 -0.774804 0.0512091 -0.630125 -174.168 
-0.630196 -0.0307303 0.775828 464.142 0.0198017 0.998255 0.0556252 5.42177 -0.776184 0.0504174 -0.628488 -175.798 
-0.629421 -0.030778 0.776455 466.259 0.0179384 0.998373 0.0541161 5.53546 -0.776858 0.0479902 -0.627845 -177.456 
-0.62862 -0.0299393 0.777136 468.344 0.0167665 0.998505 0.0520299 5.64311 -0.777531 0.0457369 -0.627179 -179.051 
-0.627257 -0.0282959 0.778298 470.384 0.017796 0.998558 0.0506461 5.74531 -0.778609 0.0456187 -0.625849 -180.64 
-0.626007 -0.0279021 0.779318 472.553 0.0198455 0.998466 0.0516896 5.85034 -0.779565 0.047824 -0.624493 -182.328 
-0.624895 -0.0281038 0.780203 474.676 0.0213108 0.998365 0.0530309 5.9633 -0.780418 0.0497655 -0.623274 -183.992 
-0.623749 -0.0285685 0.781103 476.76 0.0208699 0.998367 0.0531804 6.06676 -0.781346 0.0494728 -0.622134 -185.597 
-0.622388 -0.0295959 0.782149 478.527 0.0201586 0.998347 0.0538175 6.14344 -0.782449 0.0492624 -0.620762 -186.892 
-0.621807 -0.0302691 0.782585 480.205 0.0199589 0.998316 0.0544715 6.22434 -0.782916 0.0494903 -0.620155 -188.105 
-0.620984 -0.0314617 0.783192 482.044 0.0192613 0.99828 0.0553741 6.30406 -0.783587 0.0494717 -0.61931 -189.412 
-0.619265 -0.0304981 0.78459 484.194 0.0189927 0.998371 0.0537986 6.42402 -0.784952 0.048217 -0.617677 -191.11 
-0.618624 -0.0289686 0.785153 486.331 0.0195102 0.998445 0.0522102 6.53997 -0.785445 0.047617 -0.617097 -192.759 
-0.618247 -0.0264506 0.785538 488.528 0.0231222 0.998389 0.0518156 6.67136 -0.785643 0.0501983 -0.61664 -194.406 
-0.617703 -0.0277303 0.785922 490.693 0.0223855 0.998353 0.0528197 6.78629 -0.786092 0.0502202 -0.616065 -196.052 
-0.617685 -0.0290804 0.785888 492.77 0.02119 0.998338 0.0535964 6.88635 -0.78614 0.0497586 -0.616042 -197.651 
-0.618451 -0.0299225 0.785253 494.953 0.0209714 0.99829 0.0545571 7.01731 -0.785543 0.0502088 -0.616766 -199.288 
-0.619216 -0.0307642 0.784617 497.134 0.020752 0.998242 0.0555175 7.1509 -0.784946 0.0506597 -0.617489 -200.926 
-0.619496 -0.0305377 0.784405 498.748 0.0210961 0.998234 0.0555232 7.19798 -0.784716 0.0509443 -0.617758 -202.218 
-0.61959 -0.0322747 0.784262 500.374 0.0203717 0.998156 0.0571714 7.2673 -0.784661 0.0513996 -0.61779 -203.469 
-0.619029 -0.0344362 0.784612 502.137 0.0192006 0.998076 0.0589534 7.33135 -0.785133 0.0515589 -0.617177 -204.903 
-0.619697 -0.0350289 0.784059 503.857 0.0182713 0.998089 0.059032 7.3986 -0.784628 0.0509078 -0.617873 -206.099 
-0.619913 -0.0354987 0.783867 505.014 0.0173319 0.998113 0.0589078 7.38908 -0.784479 0.0501036 -0.618128 -207.123 
-0.619385 -0.0350454 0.784305 506.423 0.017558 0.998135 0.058466 7.41062 -0.784891 0.0499838 -0.617615 -208.333 
-0.619253 -0.0344917 0.784433 508.321 0.018601 0.99811 0.0585712 7.49661 -0.784971 0.0508617 -0.617441 -209.741 
-0.617946 -0.034989 0.785441 510.417 0.0183172 0.998097 0.0588731 7.6258 -0.786007 0.0507675 -0.616129 -211.373 
-0.617013 -0.034643 0.78619 512.516 0.0180329 0.998146 0.0581352 7.75566 -0.786746 0.0500475 -0.615245 -213.035 
-0.616607 -0.0345275 0.786514 514.534 0.0174808 0.998191 0.0575245 7.86163 -0.787077 0.0492189 -0.614888 -214.588 
-0.615946 -0.034473 0.787034 516.535 0.01758 0.998192 0.0574803 7.95495 -0.787592 0.0492409 -0.614226 -216.113 
-0.614895 -0.0352935 0.787819 518.713 0.0177071 0.998128 0.0585355 8.08139 -0.78841 0.0499432 -0.613119 -217.79 
-0.615052 -0.0366846 0.787632 520.856 0.0176387 0.998027 0.0602577 8.21327 -0.788289 0.0509545 -0.613192 -219.375 
-0.614806 -0.0356123 0.787874 522.958 0.0184635 0.998056 0.0595202 8.3323 -0.788462 0.0511403 -0.612953 -220.999 
-0.613955 -0.0345528 0.788584 524.304 0.0198348 0.998051 0.0591731 8.41612 -0.789092 0.0519711 -0.612073 -222.403 
-0.612746 -0.034434 0.789529 525.609 0.0202184 0.99804 0.0592191 8.48696 -0.790021 0.0522494 -0.610849 -223.82 
-0.612317 -0.0353962 0.78982 527.457 0.0196569 0.998007 0.0599654 8.58075 -0.790368 0.0522433 -0.6104 -225.338 
-0.612862 -0.035985 0.78937 529.534 0.018819 0.998014 0.0601074 8.69895 -0.789966 0.0516927 -0.610968 -226.897 
-0.613005 -0.0355304 0.789279 531.527 0.0187046 0.998056 0.0594558 8.80782 -0.789857 0.0512099 -0.611149 -228.403 
-0.613055 -0.0365566 0.789194 533.625 0.0187281 0.997976 0.0607759 8.92925 -0.789818 0.0520391 -0.611129 -229.987 
-0.612726 -0.0381704 0.789373 535.663 0.0182083 0.997886 0.0623867 9.05085 -0.790086 0.0525991 -0.610735 -231.548 
-0.612997 -0.0389007 0.789127 537.801 0.017551 0.99787 0.0628246 9.19192 -0.78989 0.0523612 -0.611009 -233.177 
-0.614089 -0.0397672 0.788234 540.514 0.0160958 0.997891 0.0628843 9.46675 -0.789072 0.0513039 -0.612154 -235.146 
-0.615179 -0.0406352 0.78734 543.224 0.0146405 0.99791 0.062942 9.74194 -0.788252 0.0502476 -0.613298 -237.118 
-0.616266 -0.0415045 0.786444 545.931 0.0131851 0.997926 0.0629975 10.0175 -0.787428 0.0491926 -0.614441 -239.095 
-0.617351 -0.0423754 0.785546 548.635 0.0117296 0.997941 0.0630509 10.2933 -0.786601 0.0481387 -0.615583 -241.075 
-0.617485 -0.0436311 0.785372 550.65 0.0122987 0.997803 0.0651022 10.4117 -0.786487 0.0498587 -0.615591 -242.621 
-0.617438 -0.0425502 0.785467 552.707 0.0132694 0.99783 0.064485 10.5484 -0.786507 0.0502382 -0.615534 -244.21 
-0.617116 -0.0423754 0.78573 554.741 0.0130144 0.997863 0.0640375 10.6691 -0.786765 0.0497444 -0.615245 -245.782 
-0.617183 -0.0409415 0.785753 556.695 0.0143857 0.997891 0.0632943 10.7965 -0.786688 0.0503678 -0.615293 -247.326 
-0.616663 -0.0409753 0.78616 558.568 0.015428 0.997824 0.064109 10.8952 -0.787076 0.0516625 -0.614688 -248.855 
-0.616526 -0.0416487 0.786232 560.634 0.0162079 0.997717 0.0655609 11.0308 -0.787168 0.0531632 -0.614443 -250.417 
-0.616289 -0.042785 0.786357 562.797 0.0154042 0.997677 0.0663554 11.1779 -0.787369 0.0530074 -0.614199 -252.039 
-0.616452 -0.0446502 0.786125 565.037 0.0124534 0.997713 0.0664333 11.3541 -0.787294 0.0507429 -0.614486 -253.687 
-0.616265 -0.0445673 0.786277 566.809 0.0129443 0.997689 0.0666958 11.4273 -0.787432 0.0512802 -0.614264 -254.973 
-0.61608 -0.0451908 0.786386 568.845 0.0135029 0.9976 0.0679071 11.5563 -0.787567 0.0524547 -0.613992 -256.526 
-0.615745 -0.0462994 0.786584 570.832 0.0122232 0.997591 0.0682879 11.6685 -0.78785 0.0516625 -0.613696 -258.084 
-0.615656 -0.0476769 0.786571 572.488 0.0107447 0.997567 0.068876 11.7899 -0.787942 0.0508554 -0.613646 -259.245 
-0.615676 -0.0470553 0.786593 574.572 0.0108098 0.997617 0.06814 11.9043 -0.787925 0.0504551 -0.6137 -260.784 
-0.614559 -0.0453596 0.787565 576.764 0.0128955 0.997634 0.0675211 12.0726 -0.788765 0.0516518 -0.612521 -262.493 
-0.614307 -0.0443098 0.787822 579.045 0.0140264 0.997651 0.0670483 12.2413 -0.788943 0.0522386 -0.612242 -264.183 
-0.614511 -0.043877 0.787687 581.474 0.0142958 0.997669 0.0667265 12.4442 -0.788778 0.0522648 -0.612451 -265.938 
-0.614716 -0.0434443 0.787551 583.903 0.0145652 0.997686 0.0664047 12.6462 -0.788614 0.0522909 -0.612661 -267.693 
-0.614529 -0.0423883 0.787754 585.851 0.0147983 0.99776 0.0652327 12.7372 -0.788755 0.0517449 -0.612525 -269.052 
-0.613924 -0.0428297 0.788202 587.809 0.0140056 0.997779 0.0651266 12.8512 -0.789241 0.0510221 -0.611961 -270.503 
-0.613433 -0.0430714 0.788571 589.86 0.0132735 0.997808 0.0648253 12.9871 -0.789635 0.0502331 -0.611517 -272.044 
-0.613197 -0.0442805 0.788688 592.008 0.0119479 0.997793 0.06531 13.1321 -0.78984 0.049471 -0.611315 -273.641 
-0.612491 -0.0447698 0.789209 594.074 0.011569 0.99778 0.0655799 13.2633 -0.790393 0.0492975 -0.610613 -275.202 
-0.61209 -0.0461951 0.789438 595.94 0.00972906 0.997777 0.0659298 13.3608 -0.790728 0.0480354 -0.61028 -276.646 
-0.611059 -0.0468954 0.790195 598.036 0.008271 0.997811 0.0656126 13.5035 -0.791542 0.0466289 -0.609333 -278.228 
-0.611354 -0.0462701 0.790003 599.768 0.00751941 0.997904 0.0642657 13.6132 -0.791321 0.0452295 -0.609725 -279.495 
-0.61131 -0.0462691 0.790037 601.879 0.00826951 0.997861 0.0648391 13.7464 -0.791348 0.04617 -0.60962 -281.073 
-0.611331 -0.0473228 0.789959 603.517 0.008638 0.997752 0.0664553 13.8741 -0.791328 0.0474499 -0.609548 -282.415 
-0.611268 -0.0487941 0.789918 605.253 0.00754471 0.997693 0.0674669 13.9543 -0.791388 0.0472 -0.609489 -283.78 
-0.611418 -0.0481717 0.78984 606.967 0.00687922 0.997784 0.0661792 14.0501 -0.791278 0.0458967 -0.609732 -285.041 
-0.6121 -0.0466524 0.789403 608.53 0.00705086 0.997897 0.0644411 14.0826 -0.790749 0.0450104 -0.610484 -285.985 
-0.611642 -0.0454183 0.789829 610.438 0.00759007 0.997968 0.0632647 14.195 -0.791098 0.0446903 -0.610055 -287.456 
-0.611911 -0.0453834 0.789623 612.529 0.00802593 0.997945 0.0635761 14.328 -0.790886 0.0452404 -0.610289 -289.012 
-0.612067 -0.0462518 0.789452 614.545 0.00801998 0.997874 0.0646805 14.4603 -0.790765 0.0459202 -0.610395 -290.493 
-0.612368 -0.0469596 0.789177 616.597 0.00853278 0.997783 0.0659937 14.6055 -0.790527 0.0471463 -0.61061 -291.964 
-0.611827 -0.0472167 0.789581 618.381 0.00897616 0.997738 0.0666198 14.7201 -0.790941 0.0478472 -0.610019 -293.315 
-0.611704 -0.0468653 0.789697 620.515 0.00861861 0.99779 0.0658908 14.8629 -0.791039 0.0471118 -0.609948 -294.908 
-0.611511 -0.0465379 0.789866 622.623 0.00833001 0.997835 0.0652401 15.0056 -0.791192 0.0464747 -0.6098 -296.478 
-0.611127 -0.0466766 0.790155 624.519 0.0085178 0.997814 0.0655314 15.1119 -0.791487 0.0467784 -0.609393 -297.955 
-0.610958 -0.0474435 0.79024 626.39 0.00723979 0.997826 0.0655036 15.2102 -0.79163 0.0457412 -0.609287 -299.409 
-0.610601 -0.0478016 0.790494 627.966 0.00687319 0.997819 0.0656477 15.3295 -0.791908 0.0455178 -0.608941 -300.748 
-0.609482 -0.0480643 0.791341 629.997 0.00641083 0.997829 0.0655434 15.4603 -0.792774 0.0450207 -0.607851 -302.287 
-0.609071 -0.047064 0.791718 632.056 0.00634702 0.997917 0.0642042 15.5858 -0.79309 0.04413 -0.607503 -303.834 
-0.609095 -0.0474914 0.791674 633.922 0.00633536 0.997882 0.0647358 15.6869 -0.793072 0.0444458 -0.607505 -305.07 
-0.608471 -0.0478185 0.792134 635.801 0.00702126 0.997819 0.0656283 15.7906 -0.793545 0.0454947 -0.606808 -306.521 
-0.60785 -0.047932 0.792603 637.615 0.00750425 0.997785 0.0660951 15.8812 -0.794016 0.0461239 -0.606144 -307.901 
-0.607383 -0.0477684 0.792972 639.261 0.00958186 0.997677 0.067439 15.9616 -0.794352 0.0485595 -0.605514 -309.162 
-0.606665 -0.046506 0.793596 641.182 0.0101775 0.997751 0.0662499 16.0715 -0.794892 0.0482683 -0.604827 -310.61 
