1 -4.23778e-08 4.22719e-08 0 -4.23778e-08 1 -4.19404e-08 0 4.22719e-08 -4.19404e-08 1 0 
0.999996 -0.00246438 -0.00120209 -0.0317682 0.00246794 0.999992 0.00304277 -0.0214232 0.00119467 -0.00304581 0.999995 1.50867 
0.999992 -0.00290211 -0.00282039 -0.0495261 0.00291251 0.999989 0.00372017 -0.0337767 0.00280965 -0.00372843 0.999989 3.03206 
0.999989 -0.00195871 -0.0041256 -0.0857824 0.00197352 0.999991 0.00360968 -0.0528018 0.00411858 -0.00361787 0.999985 4.54163 
0.999983 -0.00163082 -0.00565807 -0.120144 0.00165059 0.999992 0.00350625 -0.0698525 0.00565239 -0.00351562 0.999978 6.05137 
0.999975 -0.00163664 -0.00683139 -0.160574 0.00166248 0.999991 0.00379191 -0.0869864 0.00682521 -0.00380326 0.999969 7.55413 
0.999962 -0.00171577 -0.00851796 -0.200577 0.00175183 0.999989 0.00423832 -0.105221 0.00851068 -0.00425316 0.999955 9.06203 
0.999942 -0.00394327 -0.0100438 -0.248381 0.00397767 0.999986 0.00341541 -0.115943 0.0100303 -0.00345525 0.999944 10.5534 
0.99992 -0.00501268 -0.0116239 -0.278649 0.00505653 0.99998 0.00375385 -0.132723 0.0116049 -0.00381241 0.999925 12.0206 
0.999903 -0.00483197 -0.0130857 -0.314197 0.0048806 0.999981 0.00369285 -0.149878 0.0130677 -0.00375645 0.999907 13.5159 
0.999886 -0.00442525 -0.0144275 -0.354727 0.00447905 0.999983 0.00370495 -0.165856 0.0144109 -0.00376923 0.999889 15.0135 
0.999881 -0.00276468 -0.015143 -0.395298 0.00282886 0.999987 0.00422387 -0.182311 0.0151313 -0.00426629 0.999876 16.4961 
0.999873 -0.00121395 -0.0158964 -0.439043 0.00129118 0.999987 0.00485375 -0.192069 0.0158904 -0.00487374 0.999862 18.0022 
0.999861 -0.000298509 -0.0166526 -0.480908 0.000391688 0.999984 0.00559751 -0.202268 0.0166507 -0.00560334 0.999846 19.5017 
0.99985 -0.000605671 -0.017299 -0.523615 0.000704718 0.999983 0.00572496 -0.218496 0.0172953 -0.00573638 0.999834 20.9367 
0.999838 0.000181326 -0.0179744 -0.569632 -7.58538e-05 0.999983 0.00587308 -0.232894 0.0179753 -0.00587085 0.999821 22.405 
0.999831 0.000248136 -0.0183553 -0.611217 -0.000130155 0.999979 0.00643313 -0.247257 0.0183566 -0.00642974 0.999811 23.87 
0.999828 0.00126262 -0.0184787 -0.650971 -0.00112127 0.99997 0.00766234 -0.257562 0.0184879 -0.00764039 0.9998 25.3549 
0.999828 0.00120368 -0.0184791 -0.696588 -0.00108657 0.999979 0.00635056 -0.271239 0.0184864 -0.00632948 0.999809 26.8075 
0.999825 0.0016934 -0.0186027 -0.739438 -0.00161364 0.999989 0.00430637 -0.281713 0.0186099 -0.00427569 0.999818 28.2632 
0.99983 -0.000317665 -0.018455 -0.782898 0.000395796 0.999991 0.00423462 -0.298653 0.0184535 -0.00424129 0.999821 29.6875 
0.999829 -0.00134885 -0.0184263 -0.822156 0.00147654 0.999975 0.00692288 -0.309737 0.0184166 -0.006949 0.999806 31.1311 
0.999825 -0.00307599 -0.0184657 -0.861854 0.0032223 0.999963 0.00790367 -0.317201 0.0184408 -0.00796187 0.999798 32.5439 
0.999824 -0.00372718 -0.0183826 -0.903082 0.0038648 0.999965 0.00746119 -0.332602 0.0183542 -0.00753101 0.999803 33.9453 
0.999829 -0.00371455 -0.0181134 -0.939856 0.00381788 0.999977 0.00567803 -0.343909 0.0180919 -0.0057463 0.99982 35.3409 
0.999837 -0.00284382 -0.0178271 -0.980716 0.00293294 0.999983 0.00497967 -0.359414 0.0178128 -0.00503122 0.999829 36.717 
0.999856 -0.00213363 -0.0168591 -1.02369 0.00220058 0.99999 0.00395891 -0.375696 0.0168505 -0.00399552 0.99985 38.0917 
0.999878 -0.00181793 -0.0154772 -1.06737 0.00189684 0.999985 0.00509038 -0.393851 0.0154678 -0.00511921 0.999867 39.4265 
0.9999 -0.00132556 -0.0140965 -1.107 0.00142777 0.999973 0.00724954 -0.411812 0.0140866 -0.00726902 0.999874 40.7514 
0.99992 -0.00190428 -0.0124639 -1.1446 0.00200786 0.999963 0.00830972 -0.426967 0.0124477 -0.00833417 0.999888 42.0567 
0.999946 -0.00133734 -0.0102671 -1.17211 0.00142932 0.999959 0.00896488 -0.438756 0.0102547 -0.00897916 0.999907 43.3384 
0.999974 -0.00167057 -0.00694825 -1.20036 0.00172852 0.999964 0.00835456 -0.451446 0.00693412 -0.00836644 0.999941 44.6051 
0.999992 -0.00232897 -0.00336285 -1.21973 0.00235075 0.999976 0.00651112 -0.459604 0.00334769 -0.00651905 0.999973 45.8701 
0.999997 -0.00231277 -0.000169025 -1.23245 0.00231346 0.999986 0.00475301 -0.471674 0.000158114 -0.00475347 0.999989 47.1141 
0.99999 -0.00233175 0.00385147 -1.24556 0.00231054 0.999982 0.00547908 -0.490517 -0.0038641 -0.00547021 0.999977 48.2809 
0.999957 -0.00189454 0.00907299 -1.2477 0.00184617 0.999984 0.00532752 -0.502802 -0.00908285 -0.00531062 0.999945 49.5062 
0.999881 -0.000229643 0.015411 -1.25034 0.000160486 0.99999 0.00448303 -0.519194 -0.0154118 -0.00448011 0.999871 50.7066 
0.999738 0.00125181 0.0228424 -1.24407 -0.00135663 0.999989 0.00457023 -0.532565 -0.0228364 -0.00460011 0.999729 51.9068 
0.999507 0.00213657 0.0313056 -1.22832 -0.00231251 0.999982 0.00558223 -0.546651 -0.031293 -0.00565196 0.999494 53.0984 
0.999124 0.00445031 0.0416041 -1.19805 -0.00471391 0.999969 0.00623776 -0.561503 -0.041575 -0.00642849 0.999115 54.2773 
0.998497 0.00679894 0.0543867 -1.15119 -0.00714556 0.999955 0.00617974 -0.570825 -0.0543422 -0.00655916 0.998501 55.4491 
0.997589 0.00834838 0.0688986 -1.08946 -0.00881878 0.99994 0.00652478 -0.579898 -0.0688399 -0.00711673 0.997602 56.5963 
0.996326 0.0104807 0.0849969 -1.01122 -0.0111819 0.999907 0.00777618 -0.590275 -0.0849074 -0.00869812 0.996351 57.7349 
0.994679 0.0104699 0.102486 -0.910845 -0.0114062 0.999898 0.00855275 -0.601588 -0.102386 -0.00967629 0.994698 58.8429 
0.992537 0.0101594 0.121521 -0.791134 -0.0111775 0.999908 0.00769906 -0.609607 -0.121431 -0.00899998 0.992559 59.9548 
0.989866 0.0093575 0.141693 -0.655467 -0.0104363 0.999922 0.00687186 -0.619683 -0.141618 -0.00828105 0.989887 61.0454 
0.986641 0.00626614 0.162787 -0.493331 -0.00744708 0.99995 0.00664471 -0.630062 -0.162737 -0.00776831 0.986639 62.1291 
0.982887 0.00131276 0.184202 -0.303711 -0.00299093 0.999956 0.00883244 -0.638773 -0.184182 -0.00923231 0.982849 63.1993 
0.978278 -0.00430909 0.207254 -0.0871154 0.00221805 0.999944 0.0103202 -0.647216 -0.207286 -0.00963637 0.978233 64.2426 
0.972878 -0.00929801 0.231132 0.149786 0.00720711 0.999925 0.00988868 -0.655615 -0.231206 -0.00795476 0.972872 65.2689 
0.966529 -0.0154502 0.256092 0.411994 0.0137972 0.999871 0.00824954 -0.662969 -0.256186 -0.00444014 0.966617 66.2673 
0.95913 -0.0190141 0.282326 0.69608 0.0171783 0.999812 0.00897626 -0.670007 -0.282443 -0.0037596 0.959277 67.2498 
0.950716 -0.021645 0.309307 1.00277 0.0190368 0.999753 0.0114482 -0.676961 -0.309479 -0.0049958 0.950893 68.2087 
0.941214 -0.0261481 0.336798 1.34212 0.022638 0.999641 0.0143453 -0.679786 -0.337052 -0.00587762 0.941468 69.1618 
0.930401 -0.0293278 0.365367 1.6985 0.0259085 0.999563 0.0142586 -0.687633 -0.365625 -0.00380016 0.930754 70.0775 
0.918393 -0.0285548 0.394638 2.07264 0.0265745 0.999592 0.0104835 -0.692565 -0.394776 0.000859259 0.918777 70.9865 
0.905424 -0.0296598 0.423471 2.47691 0.0302533 0.999528 0.00532203 -0.696629 -0.423429 0.00799263 0.905894 71.8626 
0.891406 -0.0315809 0.452103 2.90608 0.0338453 0.999422 0.00308035 -0.704762 -0.451939 0.0125557 0.89196 72.7137 
0.87592 -0.0323094 0.481373 3.36453 0.0333458 0.999423 0.00640346 -0.71355 -0.481302 0.0104428 0.876492 73.5584 
0.858366 -0.0310034 0.5121 3.84684 0.0288873 0.999509 0.0120918 -0.719492 -0.512224 0.00441396 0.858841 74.391 
0.838867 -0.0310743 0.543449 4.35086 0.0267482 0.999516 0.0158635 -0.725882 -0.543679 0.00122887 0.839292 75.1926 
0.81794 -0.0248417 0.574767 4.88262 0.0226372 0.999683 0.010992 -0.728306 -0.574858 0.00402023 0.818243 75.9688 
0.796117 -0.0177874 0.604881 5.43305 0.0194229 0.999804 0.00383696 -0.729043 -0.604831 0.00869381 0.796306 76.7142 
0.773875 -0.0155171 0.633149 6.01421 0.0185337 0.999826 0.0018504 -0.732691 -0.633068 0.0103026 0.774028 77.4337 
0.750841 -0.0180628 0.660235 6.62585 0.0196001 0.999795 0.0050625 -0.741651 -0.660192 0.00913951 0.751042 78.1291 
0.726587 -0.0182544 0.686832 7.24589 0.0196597 0.99979 0.00577429 -0.754173 -0.686793 0.00930737 0.726793 78.7906 
0.701529 -0.01648 0.71245 7.884 0.020366 0.999788 0.00307256 -0.763761 -0.712349 0.0123542 0.701716 79.4247 
0.675591 -0.0141602 0.737141 8.54629 0.0202013 0.999796 0.000691016 -0.773154 -0.737 0.0144243 0.675739 80.0356 
0.648697 -0.0118366 0.760955 9.225 0.0184776 0.999829 -0.000199549 -0.782368 -0.760823 0.01419 0.648805 80.6253 
0.620942 -0.0105831 0.783785 9.92568 0.0184875 0.999828 -0.00114641 -0.795446 -0.783638 0.0152021 0.621031 81.1872 
0.592383 -0.00388547 0.805647 10.6488 0.0167532 0.999831 -0.00749663 -0.810142 -0.805482 0.017938 0.592349 81.7264 
0.562454 0.00541442 0.826811 11.3872 0.0153604 0.999737 -0.0169962 -0.827482 -0.826686 0.0222597 0.562224 82.2428 
0.531822 0.0137242 0.846745 12.1549 0.0141863 0.999584 -0.0251117 -0.848679 -0.846737 0.0253671 0.531406 82.7344 
0.500326 0.0186485 0.865636 12.9475 0.0114977 0.999537 -0.0281788 -0.877304 -0.86576 0.0240515 0.49988 83.2001 
0.467972 0.0181804 0.883556 13.7592 0.00944713 0.999628 -0.0255725 -0.908729 -0.883693 0.0203143 0.467626 83.6414 
0.434943 0.016988 0.900298 14.5927 0.00450592 0.999768 -0.0210419 -0.939997 -0.900446 0.0132087 0.434766 84.0569 
0.400702 0.0182634 0.916026 15.437 0.000150437 0.9998 -0.0199996 -0.971044 -0.916208 0.00815167 0.40062 84.4419 
0.365843 0.0213282 0.930432 16.2998 -0.00714093 0.999772 -0.0201099 -0.999447 -0.930649 0.000712904 0.365912 84.797 
0.330057 0.0232556 0.943674 17.1777 -0.0123042 0.999717 -0.0203334 -1.02539 -0.943881 -0.00489997 0.33025 85.126 
0.294174 0.0229025 0.955477 18.0846 -0.0149725 0.999701 -0.0193528 -1.04825 -0.955635 -0.00861284 0.294429 85.4187 
0.258057 0.0222652 0.965873 18.9986 -0.0156358 0.9997 -0.0188675 -1.07865 -0.966003 -0.0102333 0.258328 85.6764 
0.222142 0.0217312 0.974772 19.9316 -0.0149858 0.99971 -0.0188721 -1.10575 -0.974899 -0.0104155 0.222403 85.8977 
0.186773 0.02063 0.982186 20.8777 -0.0130162 0.999744 -0.0185237 -1.12693 -0.982317 -0.00932463 0.186993 86.0838 
0.1525 0.019468 0.988112 21.8324 -0.00514426 0.999808 -0.0189046 -1.15721 -0.98829 -0.00220016 0.152571 86.2297 
0.119048 0.0230501 0.992621 22.8053 -0.00299321 0.999734 -0.0228564 -1.18385 -0.992884 -0.000250119 0.119085 86.3451 
0.0863989 0.0281513 0.995863 23.7721 -0.00206187 0.999604 -0.0280782 -1.21189 -0.996258 0.00037259 0.0864227 86.4372 
0.0576232 0.0317217 0.997834 24.7421 0.00473998 0.999475 -0.0320477 -1.24859 -0.998327 0.0065764 0.0574426 86.4906 
0.0319954 0.0300105 0.999037 25.7306 0.00625325 0.999523 -0.0302255 -1.28228 -0.999468 0.00721431 0.0317925 86.5324 
0.00959036 0.0269998 0.999589 26.7214 0.00802819 0.999601 -0.0270772 -1.31841 -0.999922 0.00828458 0.00936978 86.5528 
-0.00920062 0.0244226 0.999659 27.7117 0.00836963 0.999668 -0.0243458 -1.35412 -0.999923 0.00814279 -0.00940197 86.552 
-0.0256621 0.0275856 0.99929 28.7028 0.00991438 0.999577 -0.027339 -1.38838 -0.999621 0.00920576 -0.0259248 86.5295 
-0.0403283 0.0318716 0.998678 29.6883 0.0132929 0.99942 -0.0313586 -1.42605 -0.999098 0.0120107 -0.0407286 86.4957 
-0.0523671 0.036944 0.997944 30.6742 0.0175741 0.999195 -0.0360681 -1.46456 -0.998473 0.0156492 -0.0529742 86.4512 
-0.0611566 0.0405163 0.997305 31.6822 0.0226603 0.998975 -0.0391946 -1.50549 -0.997871 0.0202022 -0.062012 86.3933 
-0.066995 0.0457884 0.996702 32.6857 0.026654 0.998672 -0.0440874 -1.55558 -0.997397 0.0236124 -0.0681265 86.3268 
-0.0705958 0.0506012 0.996221 33.6848 0.028443 0.998408 -0.0486968 -1.60721 -0.997099 0.0248977 -0.0719227 86.2642 
-0.0733448 0.0545497 0.995814 34.6874 0.0308283 0.99815 -0.0524071 -1.66447 -0.99683 0.0268554 -0.0748908 86.1931 
-0.0758897 0.0575624 0.995453 35.6946 0.031215 0.99798 -0.0553289 -1.72568 -0.996627 0.0268742 -0.0775333 86.1221 
-0.0781873 0.0609431 0.995074 36.7022 0.0322076 0.997763 -0.0585772 -1.79192 -0.996418 0.027469 -0.0799752 86.0486 
-0.0800472 0.0646599 0.994692 37.7159 0.0336477 0.9975 -0.0621348 -1.85799 -0.996223 0.0284953 -0.0820228 85.9718 
-0.0823566 0.0661474 0.994405 38.7408 0.0364435 0.997327 -0.0633236 -1.92642 -0.995936 0.0310245 -0.0845471 85.8937 
-0.0840852 0.0648499 0.994346 39.7613 0.0365873 0.997408 -0.0619557 -1.99893 -0.995787 0.0311709 -0.08624 85.8094 
-0.0865713 0.0645454 0.994152 40.79 0.035897 0.997453 -0.0616338 -2.06929 -0.995599 0.0303513 -0.0886678 85.7392 
-0.0884671 0.0659255 0.993895 41.8301 0.0357058 0.997376 -0.0629783 -2.13679 -0.995439 0.0299164 -0.0905889 85.6447 
-0.0909942 0.0680655 0.993523 42.8526 0.034522 0.997277 -0.065161 -2.20882 -0.995253 0.0283692 -0.0930962 85.5683 
-0.0935947 0.0702641 0.993128 43.8858 0.0328627 0.997181 -0.0674538 -2.28554 -0.995068 0.0263236 -0.0956399 85.484 
-0.0961328 0.0739743 0.992616 44.9357 0.030317 0.996989 -0.0713642 -2.36135 -0.994907 0.0232327 -0.0980861 85.3943 
-0.0984272 0.0782455 0.992063 45.9733 0.0269826 0.996747 -0.075938 -2.44239 -0.994778 0.0192941 -0.100218 85.3069 
-0.101038 0.0807905 0.991597 47.0138 0.0247262 0.996593 -0.0786782 -2.52546 -0.994575 0.016569 -0.102691 85.2142 
-0.103816 0.079293 0.991431 48.0611 0.0226009 0.996748 -0.0773517 -2.61139 -0.99434 0.0143769 -0.10527 85.1187 
-0.106698 0.0751182 0.99145 49.1137 0.0195469 0.997108 -0.0734434 -2.69778 -0.994099 0.0115436 -0.107858 85.0247 
-0.109022 0.07351 0.991317 50.1778 0.0196673 0.997226 -0.0717852 -2.78139 -0.993845 0.0116704 -0.110165 84.918 
-0.110975 0.0740319 0.991062 51.231 0.0187295 0.9972 -0.0723933 -2.86434 -0.993647 0.0105283 -0.112051 84.8155 
-0.112066 0.0769294 0.990718 52.2927 0.020072 0.996971 -0.0751445 -2.94451 -0.993498 0.0114645 -0.113271 84.7026 
-0.112823 0.0796943 0.990414 53.3511 0.0203004 0.996755 -0.0778921 -3.02965 -0.993408 0.0113178 -0.114074 84.594 
-0.112967 0.0803341 0.990346 54.4115 0.0190528 0.996718 -0.0786778 -3.11892 -0.993416 0.00998084 -0.114127 84.4839 
-0.112932 0.0789818 0.990458 55.4715 0.0160394 0.996851 -0.0776628 -3.20921 -0.993473 0.00711574 -0.113843 84.3847 
-0.113056 0.0783803 0.990492 56.5328 0.0122683 0.996918 -0.0774886 -3.29939 -0.993513 0.00339117 -0.113669 84.283 
-0.11318 0.0794176 0.990395 57.5985 0.00848076 0.996841 -0.0789654 -3.3887 -0.993538 -0.000537949 -0.113496 84.1818 
-0.113378 0.0798064 0.990341 58.6909 0.00456986 0.9968 -0.0798038 -3.47672 -0.993541 -0.00452223 -0.11338 84.0722 
-0.113689 0.0792169 0.990353 59.7691 0.00114961 0.996826 -0.0796028 -3.57189 -0.993516 -0.00791144 -0.113419 83.9719 
-0.113976 0.0739804 0.990725 60.8576 0.00157683 0.997236 -0.0742852 -3.66261 -0.993482 -0.00690453 -0.113778 83.8663 
-0.114388 0.065266 0.99129 61.96 0.00460252 0.997864 -0.0651678 -3.74793 -0.993425 -0.00289199 -0.114444 83.7542 
-0.11399 0.0597065 0.991686 63.0572 0.0102197 0.99821 -0.0589247 -3.82983 -0.993429 0.00341795 -0.114396 83.6311 
-0.113287 0.0620602 0.991622 64.1609 0.018466 0.998006 -0.0603502 -3.90282 -0.993391 0.0114745 -0.114207 83.506 
-0.112067 0.067725 0.99139 65.2521 0.023582 0.997575 -0.0654819 -3.97272 -0.993421 0.0160406 -0.113393 83.3832 
-0.111176 0.0732447 0.991098 66.3547 0.0270257 0.997134 -0.0706593 -4.05319 -0.993433 0.0189295 -0.112837 83.2671 
-0.110579 0.0775579 0.990836 67.4673 0.0276903 0.996804 -0.0749348 -4.14033 -0.993481 0.0191503 -0.112373 83.1545 
-0.110299 0.074797 0.99108 68.5912 0.0247459 0.997062 -0.0724945 -4.22663 -0.99359 0.0165291 -0.111826 83.0463 
-0.110063 0.0701353 0.991447 69.7337 0.0238686 0.997406 -0.0679072 -4.31609 -0.993638 0.0161904 -0.111452 82.933 
-0.109852 0.0683172 0.991597 70.8698 0.0217143 0.997562 -0.0663226 -4.39311 -0.993711 0.0142462 -0.111068 82.8221 
-0.109771 0.0689081 0.991565 72.0089 0.0199604 0.997546 -0.0671141 -4.47852 -0.993756 0.0124249 -0.110877 82.7147 
-0.109347 0.0740738 0.99124 73.1462 0.0211368 0.997167 -0.0721852 -4.56495 -0.993779 0.0130584 -0.110602 82.5989 
-0.108386 0.0767606 0.991141 74.2905 0.020847 0.996971 -0.0749324 -4.65015 -0.99389 0.0125407 -0.109658 82.4825 
-0.107957 0.0758149 0.99126 75.443 0.0212257 0.997036 -0.073945 -4.73866 -0.993929 0.0130574 -0.109246 82.3656 
-0.107191 0.0687953 0.991855 76.5981 0.02319 0.997505 -0.0666811 -4.83348 -0.993968 0.0158535 -0.108519 82.2507 
-0.107792 0.0672649 0.991895 77.7549 0.0224413 0.997619 -0.0652143 -4.91713 -0.99392 0.0152298 -0.109045 82.1412 
-0.107558 0.0703932 0.991703 78.8974 0.0199978 0.997442 -0.0686316 -4.99955 -0.993998 0.01245 -0.108691 82.044 
-0.107125 0.073378 0.991534 80.0598 0.0196648 0.997234 -0.0716753 -5.08772 -0.994051 0.0118201 -0.108271 81.9309 
-0.106909 0.0728012 0.9916 81.2331 0.0187007 0.997286 -0.0712026 -5.17782 -0.994093 0.0109314 -0.107981 81.8147 
-0.106737 0.0690215 0.991889 82.4103 0.0184249 0.997554 -0.0674331 -5.27296 -0.994116 0.0110778 -0.107748 81.7045 
-0.10572 0.0678163 0.992081 83.6014 0.0192762 0.997624 -0.0661412 -5.36091 -0.994209 0.0121311 -0.106776 81.5888 
-0.104643 0.0681423 0.992173 84.7905 0.0208279 0.997581 -0.0663172 -5.44746 -0.994292 0.0137252 -0.105809 81.4748 
-0.103726 0.0683034 0.992258 85.983 0.0233645 0.997531 -0.0662241 -5.53328 -0.994331 0.0163144 -0.105066 81.3607 
-0.102823 0.0677699 0.992388 87.1753 0.0229469 0.997572 -0.0657465 -5.61988 -0.994435 0.016012 -0.104128 81.255 
-0.101433 0.0683038 0.992495 88.3753 0.0243092 0.997512 -0.0661648 -5.70728 -0.994545 0.0174155 -0.102841 81.1458 
-0.100299 0.0664519 0.992736 89.5874 0.0244068 0.997631 -0.0643138 -5.79394 -0.994658 0.0177789 -0.101683 81.0358 
-0.0990371 0.0656972 0.992913 90.8092 0.0228466 0.997705 -0.0637356 -5.87774 -0.994821 0.0163725 -0.100311 80.9293 
-0.0974986 0.065095 0.993104 92.032 0.0238747 0.997724 -0.063054 -5.95975 -0.994949 0.0175624 -0.0988309 80.8174 
-0.0959126 0.0657729 0.993214 93.259 0.0218634 0.997713 -0.0639595 -6.047 -0.99515 0.0155805 -0.0971313 80.7166 
-0.0944664 0.0684959 0.993169 94.4785 0.0220565 0.997529 -0.0666988 -6.13199 -0.995284 0.0156051 -0.0957438 80.6126 
-0.0934076 0.067477 0.993339 95.709 0.0199941 0.997627 -0.0658882 -6.21605 -0.995427 0.0137064 -0.0945351 80.5136 
-0.0929662 0.0660109 0.993479 96.9469 0.0163201 0.997767 -0.0647687 -6.30585 -0.995535 0.0101924 -0.0938359 80.4172 
-0.0930253 0.067035 0.993404 98.1903 0.0133324 0.997725 -0.0660781 -6.39331 -0.995574 0.0070975 -0.0937075 80.3259 
-0.0930861 0.0664531 0.993438 99.4432 0.0107505 0.997779 -0.0657363 -6.48035 -0.9956 0.0045608 -0.0935938 80.2233 
-0.0941311 0.0639897 0.993501 100.699 0.00844433 0.997948 -0.0634761 -6.56828 -0.995524 0.00241438 -0.0944783 80.1224 
-0.0955615 0.0625621 0.993455 101.965 0.00615392 0.998041 -0.0622589 -6.65683 -0.995404 0.000164093 -0.0957593 80.0234 
-0.0970233 0.0618365 0.993359 103.225 0.00441678 0.998085 -0.0616993 -6.74513 -0.995272 -0.00159882 -0.0971106 79.9191 
-0.0985148 0.0619095 0.993208 104.483 0.00460341 0.998081 -0.0617567 -6.83311 -0.995125 -0.00151179 -0.0986107 79.8096 
-0.100657 0.0605601 0.993076 105.747 0.00383448 0.998162 -0.0604817 -6.9179 -0.994914 -0.00228 -0.100705 79.6951 
-0.103726 0.0558615 0.993036 107.013 0.00164845 0.99843 -0.0559929 -7.00412 -0.994604 -0.00417094 -0.103655 79.5805 
-0.10793 0.0558718 0.992587 108.265 0.00149411 0.998427 -0.0560382 -7.08515 -0.994157 -0.00456517 -0.107844 79.4599 
-0.113567 0.061797 0.991607 109.502 -0.00321916 0.998036 -0.0625664 -7.16796 -0.993525 -0.0102976 -0.113145 79.3451 
-0.120543 0.0648699 0.990586 110.734 -0.0026405 0.997838 -0.0656662 -7.25406 -0.992705 -0.0105312 -0.120111 79.2163 
-0.129355 0.0608435 0.98973 111.984 -0.0010816 0.998106 -0.0614999 -7.34516 -0.991598 -0.00902583 -0.129045 79.0683 
-0.140071 0.0585698 0.988408 113.23 0.00120499 0.998258 -0.0589829 -7.43564 -0.990141 -0.00707078 -0.139898 78.9073 
-0.153086 0.0594912 0.98642 114.468 0.00152845 0.998199 -0.0599645 -7.51912 -0.988212 -0.00767201 -0.152901 78.7326 
-0.167258 0.0597232 0.984103 115.688 0.00345439 0.998193 -0.0599913 -7.60177 -0.985907 -0.00663452 -0.167162 78.5422 
-0.181713 0.0573472 0.981678 116.905 0.00406203 0.998333 -0.0575683 -7.68878 -0.983343 -0.00647327 -0.181643 78.3355 
-0.197097 0.0599764 0.978548 118.104 0.00842137 0.998194 -0.0594844 -7.77289 -0.980348 -0.00348349 -0.197246 78.1036 
-0.212364 0.0632006 0.975145 119.282 0.00882687 0.99799 -0.062759 -7.85886 -0.977151 -0.00472029 -0.212495 77.8637 
-0.227386 0.0670309 0.971495 120.451 0.0088876 0.997729 -0.0667609 -7.9463 -0.973764 -0.00654622 -0.227465 77.6098 
-0.243155 0.0650891 0.967801 121.605 0.00571529 0.997825 -0.0656724 -8.03194 -0.969971 -0.0104373 -0.242998 77.3335 
-0.259148 0.0594715 0.964005 122.794 0.000316583 0.998108 -0.0614904 -8.11979 -0.965838 -0.0156299 -0.258676 77.0401 
-0.274903 0.0556672 0.959859 123.961 -0.00353479 0.998257 -0.0589065 -8.20468 -0.961465 -0.0195865 -0.274227 76.7345 
-0.289902 0.0570207 0.955356 125.125 -0.00531193 0.998112 -0.0611846 -8.2874 -0.957041 -0.0228123 -0.289052 76.4036 
-0.30413 0.0589913 0.950802 126.285 -0.00553564 0.997954 -0.0636875 -8.37238 -0.952614 -0.0246326 -0.303181 76.0477 
-0.317937 0.0611789 0.946136 127.438 -0.0039973 0.997821 -0.0658642 -8.46182 -0.948103 -0.0247227 -0.317 75.676 
-0.331973 0.0612445 0.941299 128.578 -0.00179417 0.997847 -0.0655566 -8.54913 -0.943287 -0.0234518 -0.331148 75.2876 
-0.345796 0.0591016 0.936446 129.717 -0.00220976 0.99796 -0.0637999 -8.6389 -0.938307 -0.0241311 -0.34496 74.8815 
-0.360233 0.057817 0.931069 130.846 -0.00263608 0.99801 -0.0629939 -8.72491 -0.932859 -0.0251468 -0.359363 74.4633 
-0.374902 0.0593153 0.925165 131.967 -0.00417207 0.997833 -0.065665 -8.81102 -0.927055 -0.0284778 -0.373842 74.0301 
-0.389607 0.0616155 0.918918 133.073 -0.00316458 0.997664 -0.0682374 -8.89646 -0.920976 -0.0294937 -0.388502 73.577 
-0.404244 0.0633354 0.912456 134.179 -0.00192759 0.997538 -0.0700953 -8.98839 -0.914649 -0.0300944 -0.403127 73.1024 
-0.418964 0.0657042 0.905622 135.275 0.000442993 0.997393 -0.0721574 -9.08266 -0.908003 -0.0298302 -0.417901 72.6168 
-0.43368 0.0691856 0.898407 136.364 0.000232551 0.997056 -0.0766704 -9.18042 -0.901067 -0.0330415 -0.43242 72.1114 
-0.448557 0.0716364 0.890878 137.442 0.00129745 0.996834 -0.0795032 -9.27537 -0.893753 -0.0345059 -0.44723 71.5764 
-0.463809 0.0689078 0.883251 138.524 -7.46597e-05 0.996967 -0.0778187 -9.37604 -0.885935 -0.036159 -0.462397 71.0304 
-0.480005 0.0646574 0.874879 139.614 -0.00293638 0.997156 -0.0753053 -9.47591 -0.877261 -0.0387159 -0.47845 70.4653 
-0.496204 0.0646953 0.865792 140.68 -0.00362325 0.997057 -0.0765806 -9.57551 -0.868198 -0.0411365 -0.494509 69.8837 
-0.512285 0.0638798 0.856436 141.746 -0.00498224 0.996992 -0.0773438 -9.67272 -0.858801 -0.0438891 -0.510426 69.2754 
-0.528118 0.0629755 0.846832 142.803 -0.00545784 0.996974 -0.0775447 -9.77283 -0.849153 -0.0455746 -0.526177 68.642 
-0.544011 0.0625574 0.836743 143.85 -0.00683321 0.996853 -0.0789704 -9.87316 -0.83905 -0.0486784 -0.541871 67.9982 
-0.559751 0.0617953 0.826353 144.896 -0.00741663 0.996802 -0.0795655 -9.97729 -0.828627 -0.0506657 -0.557503 67.3278 
-0.575243 0.0591825 0.815839 145.943 -0.00775775 0.99694 -0.0777898 -10.0802 -0.817946 -0.0510771 -0.573023 66.6231 
-0.590714 0.055638 0.80496 146.974 -0.0077479 0.997183 -0.07461 -10.1848 -0.806844 -0.0503099 -0.588619 65.9039 
-0.60597 0.0540237 0.793651 147.991 -0.00693423 0.997295 -0.0731802 -10.2847 -0.795458 -0.0498483 -0.603956 65.1623 
-0.620791 0.052162 0.782239 148.986 -0.00798481 0.997312 -0.0728405 -10.3856 -0.783936 -0.0514647 -0.618705 64.4021 
-0.635786 0.0531914 0.77003 149.97 -0.00939363 0.997016 -0.0766269 -10.4888 -0.771808 -0.0559517 -0.633389 63.621 
-0.651406 0.0526355 0.756901 150.96 -0.0116792 0.996777 -0.0793681 -10.5931 -0.758639 -0.0605408 -0.648692 62.8127 
-0.667371 0.0493976 0.743085 151.94 -0.0137159 0.996813 -0.078583 -10.6966 -0.744599 -0.0626361 -0.664567 61.9688 
-0.683948 0.0419095 0.728326 152.91 -0.0173555 0.997131 -0.0736752 -10.8026 -0.729325 -0.0630305 -0.681258 61.1084 
-0.701155 0.0392897 0.711925 153.853 -0.0186533 0.997128 -0.0734006 -10.902 -0.712764 -0.064745 -0.698409 60.2302 
-0.718689 0.0367341 0.69436 154.769 -0.0203649 0.997063 -0.0738267 -11.0007 -0.695033 -0.067199 -0.71583 59.327 
-0.736464 0.0328243 0.675679 155.669 -0.0237761 0.996949 -0.0743466 -11.1028 -0.676058 -0.0708186 -0.733437 58.4016 
-0.753158 0.0309424 0.657112 156.532 -0.023464 0.996994 -0.0738406 -11.206 -0.657421 -0.0710321 -0.750168 57.4512 
-0.769421 0.033277 0.637874 157.378 -0.0210517 0.996778 -0.0773937 -11.3119 -0.638394 -0.0729767 -0.766242 56.4773 
-0.784745 0.0326767 0.618957 158.195 -0.0179004 0.996998 -0.0753298 -11.4184 -0.619561 -0.0701942 -0.781804 55.4743 
-0.799497 0.0337852 0.599719 158.996 -0.0139484 0.997103 -0.0747668 -11.5324 -0.600508 -0.0681409 -0.79671 54.443 
-0.814177 0.0347276 0.579577 159.761 -0.0125589 0.996923 -0.0773769 -11.6393 -0.580481 -0.0702774 -0.811236 53.4049 
-0.828117 0.0362974 0.559379 160.505 -0.0116497 0.996571 -0.0819127 -11.7494 -0.560434 -0.0743499 -0.824855 52.3484 
-0.841474 0.0364547 0.539066 161.225 -0.00931583 0.996594 -0.0819371 -11.8624 -0.540217 -0.0739698 -0.838268 51.2723 
-0.853338 0.0346533 0.520205 161.915 -0.00786312 0.99682 -0.0793014 -11.979 -0.521299 -0.0717613 -0.850351 50.1823 
-0.863953 0.0364087 0.502254 162.57 -0.00514309 0.996693 -0.0810977 -12.0909 -0.503546 -0.0726477 -0.860909 49.0745 
-0.873594 0.0390149 0.485088 163.204 -0.00264777 0.996385 -0.0849061 -12.1985 -0.486647 -0.0754579 -0.870333 47.9634 
-0.882839 0.036692 0.468239 163.829 -0.00437496 0.996258 -0.0863171 -12.3181 -0.469655 -0.0782526 -0.879375 46.8307 
-0.891274 0.033832 0.4522 164.44 -0.00558087 0.996319 -0.0855408 -12.4451 -0.45343 -0.078764 -0.887805 45.6856 
-0.898825 0.031618 0.437166 165.044 -0.00649895 0.996324 -0.0854211 -12.5778 -0.438259 -0.0796198 -0.895315 44.5438 
-0.906065 0.0294709 0.422111 165.635 -0.00722083 0.996349 -0.0850628 -12.6955 -0.423077 -0.0801204 -0.902545 43.3942 
-0.912661 0.0265563 0.407853 166.194 -0.00869376 0.9964 -0.0843323 -12.8143 -0.408624 -0.0805126 -0.909145 42.2339 
-0.918509 0.0215875 0.39481 166.732 -0.0112302 0.996681 -0.0806233 -12.9333 -0.39524 -0.078487 -0.915218 41.0519 
-0.923676 0.0184173 0.382732 167.252 -0.0121945 0.996925 -0.0774027 -13.0452 -0.382981 -0.0761622 -0.920611 39.8569 
-0.928142 0.0185842 0.371762 167.752 -0.0098829 0.99717 -0.0745217 -13.148 -0.372095 -0.0728408 -0.925332 38.6639 
-0.931466 0.0225375 0.363129 168.234 -0.00571576 0.99705 -0.0765431 -13.2485 -0.363783 -0.0733728 -0.928589 37.4779 
-0.933771 0.0276211 0.356803 168.701 -0.000313039 0.996954 -0.0779964 -13.3578 -0.35787 -0.0729424 -0.930918 36.2834 
-0.935616 0.0309822 0.351656 169.159 0.00269049 0.996738 -0.0806578 -13.4628 -0.353008 -0.0745187 -0.932648 35.0834 
-0.937488 0.0282129 0.346871 169.623 0.000519143 0.996821 -0.0796739 -13.5712 -0.348016 -0.0745132 -0.934523 33.8876 
-0.9394 0.020651 0.342201 170.092 -0.00584294 0.997075 -0.0762109 -13.6792 -0.342774 -0.073592 -0.936531 32.6833 
-0.94123 0.0146034 0.337451 170.556 -0.0112222 0.997161 -0.0744541 -13.7878 -0.337581 -0.0738653 -0.938394 31.4736 
-0.942909 0.00854586 0.332941 171.015 -0.0176187 0.996991 -0.0754876 -13.8994 -0.332585 -0.0770439 -0.939921 30.2743 
-0.94423 0.00635167 0.329225 171.462 -0.0205672 0.996724 -0.0782172 -14.0078 -0.328643 -0.0806263 -0.941006 29.0666 
-0.9451 0.00672074 0.326712 171.904 -0.0207544 0.996535 -0.0805373 -14.1167 -0.326121 -0.0828965 -0.941686 27.8672 
-0.945307 0.00732466 0.3261 172.338 -0.0207572 0.996371 -0.0825512 -14.227 -0.325522 -0.0848051 -0.941724 26.6635 
-0.945259 0.00993787 0.326171 172.771 -0.0186511 0.996257 -0.084406 -14.3412 -0.325789 -0.0858689 -0.941535 25.463 
-0.944915 0.0109737 0.32713 173.207 -0.0182566 0.996115 -0.0861492 -14.4573 -0.326805 -0.087376 -0.941044 24.263 
-0.944612 0.0114849 0.327989 173.648 -0.0184799 0.99594 -0.0880964 -14.5766 -0.32767 -0.0892781 -0.940565 23.0539 
-0.943929 0.0130148 0.329892 174.087 -0.0169106 0.996005 -0.0876807 -14.6979 -0.329716 -0.088343 -0.939938 21.8387 
-0.943134 0.0129013 0.332163 174.529 -0.0173404 0.995977 -0.0879199 -14.8206 -0.331961 -0.0886801 -0.939115 20.6466 
-0.941879 0.0115197 0.335755 174.976 -0.0192183 0.995928 -0.0880823 -14.9402 -0.335403 -0.0894155 -0.937822 19.4628 
-0.940197 0.00982082 0.340489 175.428 -0.0206883 0.996093 -0.0858577 -15.0603 -0.340002 -0.0877673 -0.93632 18.2691 
-0.938132 0.00801917 0.346184 175.888 -0.0221129 0.996304 -0.0830029 -15.177 -0.345571 -0.0855228 -0.934487 17.0776 
-0.935572 0.00573213 0.35309 176.354 -0.0242345 0.996469 -0.0803905 -15.2874 -0.352304 -0.083768 -0.932129 15.8845 
-0.932907 0.00772086 0.360035 176.82 -0.0225972 0.996545 -0.0799236 -15.4043 -0.359408 -0.082697 -0.929509 14.7269 
-0.929693 0.00822657 0.368243 177.294 -0.0228998 0.996526 -0.0800771 -15.5124 -0.367622 -0.0828799 -0.926275 13.5809 
-0.925831 0.0110165 0.377778 177.775 -0.0217162 0.996373 -0.0822759 -15.625 -0.377314 -0.0843774 -0.922233 12.4231 
-0.921604 0.0119146 0.387948 178.275 -0.0212969 0.996471 -0.0811962 -15.7402 -0.387546 -0.0830928 -0.918098 11.2819 
-0.91644 0.0136529 0.39994 178.788 -0.0211809 0.996362 -0.082548 -15.8535 -0.399612 -0.0841213 -0.912816 10.1313 
-0.91083 0.0154446 0.412493 179.327 -0.0209667 0.996279 -0.0835995 -15.9665 -0.41225 -0.0847935 -0.907116 8.98829 
-0.904723 0.0181935 0.425612 179.881 -0.0193867 0.996294 -0.0837984 -16.0773 -0.425559 -0.0840655 -0.901017 7.8429 
-0.898566 0.0175771 0.438485 180.452 -0.0198379 0.996549 -0.0806004 -16.1996 -0.438389 -0.0811234 -0.895117 6.71086 
-0.891894 0.0204361 0.451782 181.041 -0.0181487 0.996556 -0.0809073 -16.311 -0.45188 -0.08036 -0.888452 5.57167 
-0.884953 0.0230265 0.46511 181.644 -0.0161194 0.996663 -0.0800125 -16.4199 -0.465401 -0.0783046 -0.881629 4.44267 
-0.877233 0.0248731 0.47942 182.253 -0.0140814 0.996894 -0.0774866 -16.5341 -0.479858 -0.0747247 -0.874158 3.33085 
-0.869461 0.0270106 0.493262 182.878 -0.0111406 0.997178 -0.074242 -16.6442 -0.493875 -0.0700457 -0.866707 2.2489 
-0.861058 0.0304069 0.507596 183.532 -0.0074432 0.99735 -0.0723714 -16.7498 -0.508451 -0.0660941 -0.85855 1.15205 
-0.851682 0.0334808 0.522989 184.185 -0.00453793 0.997448 -0.0712449 -16.8506 -0.52404 -0.0630513 -0.849357 0.0939911 
-0.841232 0.0360445 0.539471 184.861 -0.00221252 0.997537 -0.0701002 -16.9479 -0.540669 -0.0601641 -0.839081 -0.946303 
-0.830112 0.0390774 0.556226 185.553 0.000905855 0.997634 -0.0687366 -17.0502 -0.557596 -0.0565552 -0.828184 -1.97153 
-0.819148 0.0408523 0.572126 186.278 0.00212961 0.99767 -0.068189 -17.1455 -0.573578 -0.0546384 -0.817326 -2.97213 
-0.807258 0.0430141 0.588629 187.013 0.0031843 0.997643 -0.0685358 -17.2345 -0.59019 -0.0534517 -0.805492 -3.96873 
-0.793912 0.0450657 0.60636 187.753 0.00487187 0.997689 -0.0677712 -17.337 -0.608013 -0.0508502 -0.792297 -4.94884 
-0.780413 0.0460487 0.623567 188.521 0.00631826 0.997814 -0.0657784 -17.424 -0.625233 -0.0473944 -0.778998 -5.89091 
-0.765214 0.0476427 0.64201 189.316 0.00828887 0.997904 -0.0641736 -17.5155 -0.643722 -0.043785 -0.764005 -6.82939 
-0.748883 0.0501006 0.660806 190.121 0.0097278 0.997862 -0.064631 -17.6131 -0.662631 -0.0419728 -0.747769 -7.72157 
-0.731527 0.0528169 0.679764 190.938 0.0102303 0.997733 -0.0665136 -17.7067 -0.681736 -0.0417023 -0.730409 -8.59627 
-0.715017 0.0530302 0.697093 191.785 0.00896719 0.997732 -0.0667031 -17.7972 -0.69905 -0.0414429 -0.713871 -9.40933 
-0.695811 0.0530334 0.716264 192.648 0.00803593 0.997782 -0.0660711 -17.8904 -0.718179 -0.0402172 -0.694695 -10.2393 
-0.675509 0.0527748 0.735461 193.525 0.00667416 0.997832 -0.0654719 -17.9825 -0.737322 -0.0393182 -0.674397 -11.0458 
-0.654369 0.0533608 0.754291 194.429 0.0050112 0.997791 -0.0662395 -18.0721 -0.756159 -0.0395651 -0.653191 -11.8303 
-0.633638 0.0530442 0.771809 195.346 0.00277189 0.997796 -0.0663 -18.1621 -0.773624 -0.0398708 -0.632389 -12.5659 
-0.612671 0.0530033 0.788558 196.286 0.00148943 0.997824 -0.065912 -18.2493 -0.790336 -0.0392079 -0.611417 -13.2759 
-0.589734 0.0526901 0.805876 197.242 0.00134787 0.997932 -0.0642609 -18.3403 -0.807596 -0.0368106 -0.588586 -13.9717 
-0.565628 0.0533353 0.822934 198.212 0.000846244 0.997943 -0.0640963 -18.4258 -0.82466 -0.0355583 -0.56451 -14.6294 
-0.539878 0.0569532 0.839814 199.21 0.00271323 0.997821 -0.0659245 -18.5055 -0.841739 -0.0333125 -0.538856 -15.2735 
-0.513561 0.0575278 0.856123 200.213 0.0016061 0.997813 -0.0660853 -18.5877 -0.858052 -0.0325638 -0.51253 -15.8629 
-0.486136 0.0563638 0.872063 201.239 0.000196457 0.997925 -0.0643891 -18.6748 -0.873883 -0.0311305 -0.485139 -16.4303 
-0.457803 0.05459 0.887376 202.279 -0.00142848 0.998067 -0.0621365 -18.7565 -0.889052 -0.0297139 -0.45684 -16.9611 
-0.427983 0.0560463 0.902047 203.349 -0.000803652 0.998051 -0.0623926 -18.8389 -0.903787 -0.0274279 -0.427104 -17.4607 
-0.396788 0.0587401 0.916029 204.442 -0.00125128 0.997915 -0.0645331 -18.9169 -0.917909 -0.0267522 -0.395887 -17.9305 
-0.36499 0.060271 0.929058 205.517 0.000489742 0.997915 -0.0645456 -19.0027 -0.931011 -0.0231035 -0.364258 -18.3518 
-0.333429 0.060931 0.940804 206.615 0.00131213 0.997938 -0.0641663 -19.0819 -0.942774 -0.0201604 -0.332821 -18.7344 
-0.302042 0.0606332 0.951364 207.64 -6.69369e-05 0.997974 -0.0636251 -19.1704 -0.953295 -0.0192811 -0.301426 -19.035 
-0.268467 0.0592647 0.961464 208.767 0.00130413 0.998127 -0.0611606 -19.2578 -0.963288 -0.0151657 -0.268042 -19.3449 
-0.234028 0.0575856 0.970523 209.907 0.00055717 0.998252 -0.0590966 -19.336 -0.97223 -0.0132895 -0.233651 -19.617 
-0.199474 0.0564525 0.978276 211.045 0.00118976 0.998352 -0.0573685 -19.4157 -0.979902 -0.0102796 -0.199212 -19.8436 
-0.164479 0.0561156 0.984783 212.185 0.00154084 0.998394 -0.0566339 -19.4925 -0.986379 -0.00779767 -0.164301 -20.031 
-0.128704 0.055178 0.990147 213.325 0.00278462 0.998467 -0.0552798 -19.5759 -0.991679 -0.00435754 -0.12866 -20.1836 
-0.0931252 0.0556691 0.994097 214.482 0.00231484 0.998445 -0.0556959 -19.6432 -0.995652 -0.0028855 -0.0931092 -20.2863 
-0.0575879 0.0562664 0.996754 215.638 0.00108515 0.998413 -0.0562975 -19.7189 -0.99834 -0.00216042 -0.0575576 -20.352 
-0.023002 0.0557083 0.998182 216.801 0.000354751 0.998447 -0.055715 -19.7928 -0.999735 -0.000927443 -0.022986 -20.3736 
0.0103525 0.0552721 0.998418 217.955 -0.00161852 0.998471 -0.0552584 -19.8639 -0.999945 -0.0010439 0.0104261 -20.3517 
0.0437816 0.055854 0.997478 219.11 -0.00284754 0.998439 -0.0557829 -19.9368 -0.999037 -0.000398095 0.0438723 -20.2991 
0.0766031 0.0551392 0.995536 220.26 -0.00178953 0.998476 -0.0551644 -20.0149 -0.99706 0.00244423 0.076585 -20.21 
0.108639 0.0532703 0.992653 221.422 -0.00117736 0.998569 -0.0534591 -20.0845 -0.994081 0.00463901 0.108546 -20.078 
0.140069 0.0518246 0.988784 222.579 0.000285315 0.998627 -0.052381 -20.158 -0.990142 0.00761907 0.139862 -19.9149 
0.170315 0.052084 0.984012 223.731 0.000849103 0.998594 -0.0530029 -20.2263 -0.985389 0.00986271 0.170031 -19.7129 
0.200676 0.0519792 0.978278 224.866 0.00259738 0.99856 -0.0535897 -20.2932 -0.979654 0.0132951 0.200252 -19.4787 
0.231026 0.0510924 0.971605 226.002 0.00522611 0.998541 -0.0537516 -20.3623 -0.972933 0.0174957 0.230422 -19.2098 
0.261132 0.0489892 0.964059 227.134 0.00802374 0.998567 -0.0529162 -20.4368 -0.96527 0.0215535 0.260364 -18.901 
0.291387 0.0475884 0.955421 228.27 0.0100633 0.998554 -0.0528061 -20.506 -0.956552 0.0250017 0.290487 -18.5576 
0.320931 0.0470885 0.945931 229.387 0.0125301 0.998465 -0.0539548 -20.5768 -0.94702 0.0291684 0.319848 -18.1789 
0.349467 0.0469013 0.935774 230.491 0.0126343 0.99842 -0.0547595 -20.6459 -0.936863 0.0309595 0.348322 -17.7655 
0.377614 0.0448363 0.924877 231.592 0.0137343 0.998446 -0.0540104 -20.7207 -0.925861 0.0330976 0.376411 -17.3128 
0.40552 0.0440582 0.913024 232.668 0.0135478 0.998438 -0.0541973 -20.7939 -0.913986 0.0343476 0.40429 -16.8305 
0.433981 0.0449994 0.899798 233.736 0.0149762 0.998253 -0.0571465 -20.868 -0.900798 0.038276 0.432549 -16.3142 
0.461912 0.0463085 0.885716 234.783 0.015942 0.998041 -0.0604953 -20.9413 -0.886782 0.0420636 0.460269 -15.7642 
0.489105 0.0443345 0.871098 235.805 0.0173332 0.998016 -0.0605264 -21.0248 -0.872053 0.0447026 0.487366 -15.1901 
0.516026 0.0417619 0.855554 236.84 0.0180275 0.99806 -0.0595913 -21.1069 -0.856383 0.0461741 0.514272 -14.5766 
0.540963 0.0397733 0.840105 237.837 0.017446 0.998136 -0.058489 -21.1842 -0.840865 0.0462968 0.539261 -13.9218 
0.564044 0.0397485 0.824787 238.82 0.0160416 0.998125 -0.0590725 -21.2689 -0.825589 0.0465504 0.562349 -13.2428 
0.584782 0.0398792 0.81021 239.8 0.0146358 0.998109 -0.0596915 -21.3455 -0.811058 0.0467645 0.583093 -12.524 
0.6044 0.0388305 0.795734 240.767 0.0137559 0.998154 -0.0591567 -21.421 -0.796562 0.0467003 0.60275 -11.7828 
0.622603 0.036138 0.781703 241.704 0.0135713 0.998284 -0.0569597 -21.5049 -0.78242 0.046072 0.621044 -11.0231 
0.6399 0.0329274 0.767752 242.642 0.0148772 0.998363 -0.0552178 -21.5814 -0.768314 0.0467559 0.638363 -10.234 
0.656025 0.0305702 0.75412 243.566 0.0157241 0.998409 -0.054152 -21.6558 -0.754575 0.0473829 0.654501 -9.42209 
0.67116 0.0287068 0.740757 244.47 0.0171584 0.998381 -0.054237 -21.7291 -0.741114 0.0491119 0.66958 -8.58467 
0.686451 0.0281516 0.72663 245.364 0.0168911 0.998363 -0.0546365 -21.8052 -0.726979 0.0497789 0.684852 -7.73273 
0.701327 0.0267426 0.712338 246.246 0.0176964 0.998335 -0.0549026 -21.8772 -0.71262 0.0511104 0.699686 -6.85991 
0.715847 0.0245367 0.697825 247.107 0.0171832 0.998461 -0.0527347 -21.947 -0.698045 0.0497409 0.714324 -5.96412 
0.730004 0.0216831 0.683099 247.941 0.0176819 0.998563 -0.0505927 -22.0244 -0.683214 0.0490113 0.728571 -5.05509 
0.743907 0.0200057 0.667984 248.766 0.0180932 0.998582 -0.0500567 -22.0951 -0.668038 0.0493234 0.742491 -4.12172 
0.757224 0.0200862 0.652847 249.565 0.0184111 0.998473 -0.052075 -22.166 -0.652896 0.051452 0.755698 -3.17206 
0.769472 0.0193053 0.638388 250.348 0.0187631 0.998428 -0.0528091 -22.2361 -0.638404 0.0526132 0.767901 -2.20637 
0.781141 0.0185848 0.624077 251.126 0.0181549 0.998458 -0.0524579 -22.3096 -0.62409 0.0523071 0.7796 -1.21715 
0.791921 0.0160094 0.610413 251.88 0.0186098 0.998559 -0.050333 -22.3826 -0.61034 0.0512194 0.790482 -0.215438 
0.802372 0.0135779 0.596669 252.624 0.0199542 0.998572 -0.0495573 -22.4549 -0.59649 0.0516695 0.800956 0.809852 
0.812085 0.0132215 0.583389 253.348 0.0197563 0.998547 -0.0501316 -22.5263 -0.583204 0.0522367 0.810644 1.83926 
0.821108 0.0106196 0.570674 254.062 0.0235835 0.998342 -0.052511 -22.595 -0.570285 0.0565756 0.819496 2.88597 
0.829428 0.00829473 0.558552 254.767 0.024677 0.998369 -0.0514708 -22.6679 -0.558068 0.0564746 0.827871 3.94937 
0.837044 0.00509177 0.547111 255.466 0.0273383 0.998318 -0.051117 -22.7417 -0.546452 0.0577443 0.835498 5.03141 
0.843756 0.00378076 0.536713 256.148 0.0282949 0.998271 -0.0515141 -22.813 -0.53598 0.0586515 0.84219 6.13386 
0.849274 0.00244785 0.527946 256.827 0.0288914 0.998275 -0.0511046 -22.8854 -0.52716 0.0586548 0.847739 7.24233 
0.853225 0.00135592 0.521541 257.5 0.0285178 0.998379 -0.04925 -22.9612 -0.520762 0.0568945 0.851804 8.36781 
0.856062 5.61491e-06 0.516873 258.171 0.0290388 0.99842 -0.0481061 -23.0324 -0.516056 0.0561911 0.85471 9.50394 
0.858607 -0.000844571 0.512633 258.833 0.0295123 0.998421 -0.0477852 -23.1046 -0.511784 0.0561577 0.857277 10.6373 
0.86097 -0.0022057 0.50865 259.497 0.0304664 0.998419 -0.0472398 -23.1751 -0.507742 0.0561688 0.859676 11.7849 
0.863371 -0.00465232 0.504549 260.235 0.0319713 0.998452 -0.0455021 -23.2489 -0.503556 0.0554162 0.862183 13.0226 
0.865549 -0.00660262 0.50078 260.901 0.0334775 0.998439 -0.0446986 -23.3191 -0.499703 0.0554537 0.86442 14.1855 
0.867773 -0.00713938 0.49691 261.556 0.0340677 0.998399 -0.0451495 -23.3863 -0.495792 0.056108 0.866627 15.3542 
0.870085 -0.00851412 0.492829 262.217 0.0350603 0.998387 -0.0446507 -23.4552 -0.491654 0.0561286 0.86898 16.528 
0.872191 -0.00830787 0.489094 262.865 0.0345005 0.99841 -0.0445649 -23.5253 -0.487947 0.055743 0.871092 17.7095 
0.874153 -0.00855171 0.485575 263.505 0.0342887 0.998436 -0.0441442 -23.5975 -0.484438 0.0552384 0.87308 18.8847 
0.876103 -0.00785391 0.482061 264.144 0.0331566 0.998481 -0.0439917 -23.6701 -0.480983 0.0545247 0.875033 20.0651 
0.877338 -0.0069242 0.479822 264.775 0.0320105 0.998513 -0.044121 -23.7427 -0.478803 0.0540684 0.876256 21.2466 
