1 2.12261e-08 -2.11895e-08 0 2.12261e-08 1 2.10703e-08 0 -2.11895e-08 2.10703e-08 1 0 
1 -0.000527023 -0.000125357 -0.0184576 0.000527239 0.999999 0.00139069 -0.013493 0.000124582 -0.00139071 0.999999 1.35644 
0.999999 -0.00161431 -0.00062077 -0.0381884 0.00161528 0.999998 0.0014907 -0.0313103 0.00061832 -0.00149166 0.999999 2.69511 
0.999995 -0.00302129 -0.000601467 -0.059632 0.00302157 0.999995 0.000405169 -0.0508658 0.000600198 -0.000406943 1 4.0383 
0.999995 -0.00310696 -0.000449996 -0.0810532 0.00310715 0.999995 0.000337773 -0.0667643 0.000448902 -0.000339127 1 5.38183 
0.999993 -0.0037611 -0.000167494 -0.111415 0.00376137 0.999992 0.00134432 -0.0889153 0.000162394 -0.0013449 0.999999 6.73159 
0.999986 -0.00533451 0.000214327 -0.134181 0.00533398 0.999983 0.00256634 -0.108679 -0.000228055 -0.00256512 0.999997 8.07724 
0.999987 -0.00502212 -9.89152e-05 -0.159503 0.00502244 0.999983 0.00300708 -0.127527 8.37693e-05 -0.0030075 0.999996 9.41734 
0.999992 -0.00409221 -0.000342911 -0.182257 0.00409259 0.999991 0.00101533 -0.141891 0.000338711 -0.00101668 0.999999 10.7919 
0.999999 -0.00138179 2.53092e-05 -0.215973 0.00138186 0.999998 -0.00119705 -0.163534 -2.36974e-05 0.00119712 0.999999 12.1406 
0.999997 0.00221633 0.000619267 -0.250843 -0.00221492 0.999995 -0.00220449 -0.185392 -0.000624192 0.00220315 0.999997 13.4871 
0.999988 0.00485335 0.00081019 -0.280205 -0.00485122 0.999985 -0.00256291 -0.205865 -0.000822658 0.00255899 0.999996 14.8444 
0.999983 0.0056694 0.00105202 -0.304743 -0.00566775 0.999983 -0.00153143 -0.231743 -0.00106073 0.00152549 0.999998 16.2064 
0.999993 0.00337021 0.00165021 -0.329173 -0.00337221 0.999994 0.00123818 -0.251839 -0.00164607 -0.0012437 0.999998 17.5576 
0.999998 -0.000513531 0.00171174 -0.34384 0.000508522 0.999996 0.00294984 -0.269736 -0.00171329 -0.00294892 0.999994 18.9255 
0.999995 -0.00290783 0.00142155 -0.359528 0.00290684 0.999996 0.000730099 -0.290071 -0.00142371 -0.000725921 0.999999 20.2902 
0.999992 -0.00379243 0.00138241 -0.381645 0.00379441 0.999992 -0.00140505 -0.307435 -0.00137711 0.00141032 0.999998 21.6516 
0.999997 -0.00123254 0.00214355 -0.409526 0.00123924 0.999994 -0.00311118 -0.330005 -0.00213975 0.00311387 0.999993 23.0229 
0.999993 0.00157154 0.00342513 -0.444109 -0.00156751 0.999998 -0.0011648 -0.351425 -0.00342699 0.00115946 0.999993 24.3971 
0.99999 0.00227813 0.00398141 -0.472492 -0.00228688 0.999995 0.00220545 -0.369135 -0.00397641 -0.00221449 0.99999 25.7649 
0.999989 0.000319309 0.00465808 -0.490996 -0.000338213 0.999992 0.00406708 -0.384917 -0.00465679 -0.00406857 0.999981 27.1389 
0.999984 -0.00381372 0.00409622 -0.501303 0.00380395 0.99999 0.00240035 -0.404112 -0.00410537 -0.00238469 0.999989 28.5153 
0.999984 -0.00381007 0.00413014 -0.520946 0.00381027 0.999993 -3.05877e-05 -0.423625 -0.00413004 4.63664e-05 0.999992 29.894 
0.99998 -0.00392438 0.00495522 -0.535541 0.00393654 0.999989 -0.00243726 -0.446971 -0.00494565 0.00245676 0.999985 31.2788 
0.999985 -0.000245254 0.00547912 -0.556088 0.000264089 0.999994 -0.00342938 -0.471236 -0.00547829 0.00343082 0.999979 32.6566 
0.999983 0.000422251 0.00576256 -0.575368 -0.000391757 0.999986 -0.00528442 -0.501589 -0.00576475 0.00528212 0.999969 34.047 
0.999981 0.00135093 0.00595903 -0.595508 -0.00132252 0.999988 -0.00476163 -0.528178 -0.00596544 0.0047537 0.999971 35.4502 
0.99998 0.00148098 0.00613268 -0.614842 -0.00145976 0.999993 -0.00345643 -0.557555 -0.0061378 0.00344745 0.999975 36.8528 
0.999978 0.00271333 0.00605235 -0.637705 -0.00270073 0.999994 -0.00208269 -0.582631 -0.00605801 0.00206635 0.99998 38.2512 
0.999963 0.0057511 0.00635823 -0.66668 -0.00573829 0.999982 -0.00202352 -0.598774 -0.00636979 0.001987 0.999978 39.6413 
0.999944 0.00804574 0.00684718 -0.690034 -0.00802821 0.999964 -0.00257666 -0.620698 -0.00686771 0.00252158 0.999973 41.0466 
0.999916 0.0108233 0.00718066 -0.714297 -0.0108066 0.999939 -0.00236222 -0.647314 -0.00720584 0.00228446 0.999971 42.4788 
0.999908 0.0114261 0.00726242 -0.74107 -0.01141 0.999932 -0.00225058 -0.673697 -0.00728769 0.00216755 0.999971 43.9151 
0.999918 0.0107294 0.00693502 -0.751283 -0.0107117 0.999939 -0.00258117 -0.694841 -0.00696234 0.00250671 0.999973 45.3603 
0.999928 0.0101371 0.00636591 -0.769951 -0.0101183 0.999944 -0.00297915 -0.72121 -0.0063958 0.00291457 0.999975 46.7899 
0.999937 0.00955481 0.00588451 -0.793346 -0.00953858 0.999951 -0.00277173 -0.748056 -0.00591074 0.00271547 0.999979 48.2069 
0.999937 0.0100115 0.00507923 -0.817762 -0.0100029 0.999949 -0.00171724 -0.771908 -0.00509621 0.00166637 0.999986 49.6319 
0.999934 0.0107196 0.00422554 -0.84115 -0.0107108 0.99994 -0.00209121 -0.796343 -0.00424775 0.00204585 0.999989 51.0566 
0.999935 0.0109987 0.00314323 -0.862366 -0.0109936 0.999938 -0.00162287 -0.822931 -0.00316092 0.00158825 0.999994 52.4851 
0.999937 0.0110175 0.00220767 -0.88748 -0.0110159 0.999939 -0.000704332 -0.848813 -0.00221534 0.00068001 0.999997 53.9351 
0.999955 0.00937884 0.00173287 -0.913768 -0.00937913 0.999956 0.00018681 -0.871958 -0.00173108 -0.000203012 0.999999 55.3826 
0.99997 0.00759935 0.0014474 -0.94453 -0.00760027 0.999971 0.000658848 -0.90388 -0.0014424 -0.000669787 0.999999 56.7928 
0.999987 0.00497616 0.000989309 -0.965199 -0.00497617 0.999988 4.29445e-05 -0.927713 -0.000989126 -4.78249e-05 1 58.2343 
0.999991 0.00405608 0.00103204 -0.991122 -0.00405632 0.999992 0.000267624 -0.953434 -0.00103099 -0.000271766 0.999999 59.6762 
0.999995 0.00291163 0.00154221 -1.01125 -0.00291325 0.999995 0.00107877 -0.980547 -0.00153911 -0.00108322 0.999998 61.1146 
0.999996 0.00192685 0.00212376 -1.0277 -0.00193054 0.999997 0.00175682 -1.00648 -0.00212041 -0.00176087 0.999996 62.5542 
0.999996 0.000495754 0.00282854 -1.05078 -0.000499319 0.999999 0.0012747 -1.03089 -0.00282795 -0.00127607 0.999995 63.989 
0.999994 -0.000567055 0.00340843 -1.06995 0.000565749 1 0.000396511 -1.05975 -0.0034087 -0.000394538 0.999994 65.451 
0.999992 0.000279171 0.00404882 -1.09144 -0.000279063 1 -1.66881e-05 -1.08698 -0.00404886 1.56002e-05 0.999992 66.8904 
0.999986 0.00166418 0.00500731 -1.1118 -0.00166269 0.999999 -0.000292054 -1.11356 -0.00500783 0.000283766 0.999987 68.3152 
0.999975 0.00478103 0.00530208 -1.12927 -0.0047867 0.999988 0.00106433 -1.13851 -0.00529697 -0.00108964 0.999985 69.7593 
0.999947 0.00826163 0.0061674 -1.14928 -0.00827529 0.999963 0.00219998 -1.161 -0.00614904 -0.00225085 0.999979 71.1925 
0.999905 0.0119774 0.00687365 -1.1749 -0.0119951 0.999925 0.00255207 -1.18152 -0.00684261 -0.00263423 0.999973 72.6107 
0.999837 0.016374 0.00763612 -1.19935 -0.016391 0.999863 0.0021803 -1.205 -0.00759942 -0.00230507 0.999969 74.0314 
0.999766 0.0198195 0.0086352 -1.22763 -0.0198331 0.999802 0.00149116 -1.22817 -0.00860398 -0.00166204 0.999962 75.4243 
0.999719 0.0216768 0.00961723 -1.24991 -0.0216914 0.999764 0.00142341 -1.25344 -0.00958415 -0.00163158 0.999953 76.8361 
0.999708 0.0219616 0.0100667 -1.27854 -0.0219785 0.999757 0.00158086 -1.26485 -0.0100296 -0.00180161 0.999948 78.3154 
0.999724 0.0211777 0.0102027 -1.29758 -0.0211891 0.999775 0.00102039 -1.28277 -0.0101789 -0.00123626 0.999947 79.748 
0.999758 0.0195625 0.010108 -1.30908 -0.0195649 0.999809 0.000148913 -1.30509 -0.0101032 -0.000346598 0.999949 81.1539 
0.999766 0.0192204 0.00990419 -1.31964 -0.0192215 0.999815 2.10636e-05 -1.32747 -0.009902 -0.000211391 0.999951 82.5835 
0.999777 0.0187133 0.00979976 -1.33807 -0.0187166 0.999825 0.000242253 -1.34956 -0.00979355 -0.000425575 0.999952 83.9984 
0.999784 0.0185667 0.00933827 -1.34857 -0.0185649 0.999828 -0.000268881 -1.37327 -0.0093417 9.54999e-05 0.999956 85.4042 
0.999786 0.0188033 0.00861759 -1.36472 -0.0188026 0.999823 -0.000156628 -1.3936 -0.00861906 -5.39703e-06 0.999963 86.7991 
0.999805 0.0182142 0.00764326 -1.37685 -0.0182197 0.999834 0.000656621 -1.41476 -0.00763008 -0.000795709 0.999971 88.1977 
0.99984 0.0164242 0.00714591 -1.40424 -0.016435 0.999864 0.00146913 -1.43421 -0.00712085 -0.00158629 0.999973 89.5777 
0.999877 0.0145721 0.00578455 -1.4081 -0.0145828 0.999892 0.0018338 -1.45313 -0.00575724 -0.00191789 0.999982 90.982 
0.999914 0.0121187 0.00492948 -1.42659 -0.0121289 0.999924 0.00205456 -1.47534 -0.00490425 -0.00211413 0.999986 92.3996 
0.999932 0.0106718 0.00464735 -1.4468 -0.0106787 0.999942 0.00146098 -1.49412 -0.00463153 -0.00151046 0.999988 93.7964 
0.999943 0.00966284 0.00456401 -1.46708 -0.00966701 0.999953 0.000900878 -1.51489 -0.00455513 -0.000944905 0.999989 95.1822 
0.999938 0.0102112 0.00436216 -1.486 -0.010212 0.999948 0.000178555 -1.53722 -0.00436015 -0.000223049 0.999991 96.5637 
0.999938 0.0101695 0.00459396 -1.50867 -0.0101676 0.999948 -0.000424113 -1.56314 -0.00459808 0.000377419 0.999989 97.9277 
0.999926 0.0112181 0.00467441 -1.52775 -0.0112128 0.999937 -0.00115253 -1.58842 -0.00468708 0.00110007 0.999988 99.2961 
0.999912 0.0122322 0.00513531 -1.55535 -0.0122282 0.999925 -0.000795927 -1.61661 -0.0051447 0.000733103 0.999987 100.655 
0.999903 0.0127982 0.00557281 -1.57449 -0.0128026 0.999918 0.000750616 -1.64459 -0.00556279 -0.000821847 0.999984 102.004 
0.999888 0.0137852 0.00578404 -1.59659 -0.0137977 0.999903 0.0021344 -1.67106 -0.00575409 -0.00221392 0.999981 103.36 
0.999901 0.0127733 0.00595279 -1.61361 -0.0127784 0.999918 0.000834645 -1.69721 -0.00594169 -0.000910588 0.999982 104.706 
0.999897 0.0128935 0.0062999 -1.63243 -0.0128833 0.999916 -0.0016389 -1.71921 -0.00632054 0.00155761 0.999979 106.067 
0.999905 0.0121949 0.00641869 -1.66194 -0.0121774 0.999922 -0.00273898 -1.74717 -0.00645163 0.0026606 0.999976 107.42 
0.999927 0.0100751 0.00668118 -1.67317 -0.0100648 0.999948 -0.00156824 -1.77107 -0.00669668 0.00150092 0.999976 108.775 
0.999946 0.00732183 0.00739793 -1.69034 -0.0073258 0.999973 0.000515703 -1.79712 -0.007394 -0.000569829 0.999973 110.127 
0.999944 0.00622872 0.00853522 -1.70548 -0.00623756 0.99998 0.00101464 -1.81921 -0.00852878 -0.00106778 0.999963 111.476 
0.999942 0.00547809 0.0092252 -1.70921 -0.00547408 0.999985 -0.00045548 -1.8388 -0.0092276 0.000404996 0.999957 112.839 
0.99992 0.0076775 0.0100401 -1.7232 -0.0076488 0.999967 -0.0028892 -1.86521 -0.010062 0.00281222 0.999945 114.204 
0.999887 0.00994748 0.011304 -1.73563 -0.00989128 0.999939 -0.00501269 -1.89102 -0.0113532 0.00490035 0.999924 115.552 
0.999838 0.0128302 0.0126059 -1.75225 -0.0127691 0.999906 -0.00491531 -1.92174 -0.0126679 0.00475359 0.999909 116.893 
0.999796 0.0141001 0.0144868 -1.76526 -0.0140558 0.999896 -0.00315255 -1.94643 -0.0145298 0.00294832 0.99989 118.267 
0.999769 0.0144942 0.0158593 -1.77324 -0.0144792 0.999895 -0.00106027 -1.9707 -0.0158731 0.000830433 0.999874 119.623 
0.999762 0.0140943 0.0166342 -1.7749 -0.0140854 0.999901 -0.000648595 -1.99318 -0.0166417 0.000414183 0.999861 120.97 
0.999736 0.0145281 0.0177984 -1.77669 -0.0145086 0.999894 -0.00122405 -2.01822 -0.0178143 0.000965543 0.999841 122.313 
0.999681 0.0163808 0.0192049 -1.7817 -0.0163485 0.999865 -0.00183658 -2.0416 -0.0192324 0.00152206 0.999814 123.668 
0.99962 0.018391 0.0205581 -1.78271 -0.0183482 0.999829 -0.00226711 -2.06502 -0.0205963 0.00188909 0.999786 125.02 
0.999575 0.0192006 0.0219184 -1.78175 -0.0191306 0.999811 -0.003396 -2.08815 -0.0219795 0.00297529 0.999754 126.382 
0.999534 0.0201562 0.0229307 -1.78376 -0.0200651 0.99979 -0.00419336 -2.11426 -0.0230105 0.00373134 0.999728 127.734 
0.999523 0.0192877 0.0241108 -1.7803 -0.0191849 0.999806 -0.00448425 -2.13814 -0.0241926 0.00401959 0.999699 129.097 
0.999504 0.0189154 0.0251844 -1.77385 -0.0188354 0.999817 -0.00340604 -2.16697 -0.0252443 0.00293004 0.999677 130.455 
0.999501 0.0175131 0.0262812 -1.76985 -0.0174511 0.999844 -0.00258483 -2.19003 -0.0263225 0.00212494 0.999651 131.829 
0.999502 0.0166385 0.026804 -1.76398 -0.0165853 0.99986 -0.00220139 -2.2153 -0.0268369 0.00175578 0.999638 133.183 
0.999521 0.0147148 0.0272135 -1.75885 -0.0146644 0.99989 -0.00204796 -2.24081 -0.0272407 0.00164795 0.999628 134.537 
0.999544 0.0132853 0.0271064 -1.75106 -0.01325 0.999911 -0.00148124 -2.26498 -0.0271237 0.00112145 0.999631 135.891 
0.999576 0.0116706 0.0266737 -1.74508 -0.0116309 0.999931 -0.00164179 -2.29105 -0.0266911 0.00133089 0.999643 137.246 
0.999609 0.0107108 0.0258398 -1.74011 -0.0106613 0.999941 -0.00205105 -2.31154 -0.0258603 0.0017748 0.999664 138.595 
0.999644 0.00933506 0.0249922 -1.73184 -0.0093117 0.999956 -0.00104912 -2.33693 -0.0250009 0.000816068 0.999687 139.958 
0.999679 0.00805576 0.0240166 -1.7254 -0.008035 0.999967 -0.000959185 -2.3583 -0.0240236 0.000765945 0.999711 141.315 
0.99971 0.00776023 0.0228048 -1.72248 -0.00774131 0.99997 -0.000916272 -2.38406 -0.0228113 0.000739508 0.99974 142.658 
0.999732 0.00799257 0.0217379 -1.71528 -0.00795762 0.999967 -0.00169209 -2.4052 -0.0217507 0.0015187 0.999762 144.019 
0.999755 0.00789438 0.0206712 -1.71284 -0.00785697 0.999967 -0.00188839 -2.43215 -0.0206855 0.00172556 0.999785 145.374 
0.999789 0.00563068 0.0197344 -1.7053 -0.0055491 0.999976 -0.00418405 -2.46158 -0.0197576 0.00407371 0.999797 146.723 
0.999825 0.000282028 0.0187134 -1.69844 -0.000197235 0.99999 -0.00453052 -2.4885 -0.0187145 0.00452608 0.999815 148.079 
0.999815 -0.00757242 0.0176792 -1.68764 0.00760963 0.999969 -0.00203603 -2.51693 -0.0176633 0.00217022 0.999842 149.423 
0.999771 -0.0143047 0.0159183 -1.67801 0.014315 0.999897 -0.000536057 -2.5409 -0.0159091 0.000763848 0.999873 150.777 
0.999736 -0.0173925 0.0149973 -1.67111 0.0174545 0.99984 -0.00401369 -2.56442 -0.0149252 0.00427445 0.99988 152.134 
0.999745 -0.0165764 0.015305 -1.67401 0.0166875 0.999835 -0.00715758 -2.59306 -0.0151839 0.0074112 0.999857 153.478 
0.999777 -0.013248 0.0164347 -1.68098 0.0134018 0.999867 -0.00928081 -2.62538 -0.0163096 0.00949904 0.999822 154.835 
0.99976 -0.0134728 0.0172777 -1.68233 0.0136339 0.999864 -0.00923768 -2.6636 -0.017151 0.00947107 0.999808 156.196 
0.999702 -0.0165341 0.0179496 -1.67765 0.016641 0.999845 -0.00582153 -2.69508 -0.0178506 0.00611854 0.999822 157.559 
0.99959 -0.0219503 0.0184072 -1.66685 0.0220051 0.999754 -0.00277361 -2.7298 -0.0183418 0.00317756 0.999827 158.91 
0.999492 -0.0258103 0.0187089 -1.66154 0.0258424 0.999665 -0.00146932 -2.75584 -0.0186647 0.0019521 0.999824 160.266 
0.99945 -0.027276 0.0188528 -1.65333 0.0273102 0.999626 -0.00155366 -2.78117 -0.0188034 0.00206772 0.999821 161.632 
0.999473 -0.0254255 0.0201776 -1.6547 0.0254462 0.999676 -0.00076543 -2.80818 -0.0201516 0.00127851 0.999796 162.99 
0.999536 -0.0216716 0.0213858 -1.64911 0.0217115 0.999763 -0.00163407 -2.83657 -0.0213454 0.00209768 0.99977 164.361 
0.999594 -0.0177932 0.0222598 -1.64505 0.0178858 0.999832 -0.00396774 -2.86115 -0.0221855 0.00436431 0.999744 165.721 
0.999627 -0.014497 0.0231484 -1.64476 0.0146102 0.999882 -0.00472497 -2.88483 -0.0230772 0.00506145 0.999721 167.078 
0.99964 -0.0127059 0.0236378 -1.63546 0.0127909 0.999912 -0.0034457 -2.9151 -0.023592 0.00374685 0.999715 168.451 
0.999669 -0.010648 0.0234047 -1.6236 0.0107447 0.999934 -0.00400831 -2.94306 -0.0233605 0.00425851 0.999718 169.831 
0.999694 -0.00864771 0.0231689 -1.61742 0.00879712 0.999941 -0.00635265 -2.97522 -0.0231127 0.00655456 0.999711 171.194 
0.999729 -0.00449446 0.0228235 -1.62173 0.00470312 0.999948 -0.00909514 -3.00896 -0.0227815 0.00920007 0.999698 172.579 
0.999739 0.000391098 0.0228274 -1.62581 -0.000151544 0.999945 -0.0104931 -3.03998 -0.0228303 0.0104869 0.999684 173.962 
0.999716 0.00495971 0.0233055 -1.62971 -0.00474123 0.999944 -0.00941885 -3.07464 -0.0233509 0.00930572 0.999684 175.358 
0.999687 0.00764626 0.0238203 -1.6238 -0.00747112 0.999945 -0.00743111 -3.11078 -0.0238759 0.00725086 0.999689 176.746 
0.999676 0.00862216 0.0239388 -1.61953 -0.00849618 0.99995 -0.00535716 -3.14002 -0.0239838 0.00515208 0.999699 178.133 
0.999716 0.00536424 0.0232151 -1.6075 -0.00526327 0.999976 -0.00440651 -3.16887 -0.0232383 0.00428311 0.999721 179.52 
0.999763 0.00327578 0.021528 -1.59419 -0.00318156 0.999985 -0.00440743 -3.19437 -0.0215422 0.00433793 0.999759 180.922 
0.999802 0.00308743 0.0196784 -1.59045 -0.00291778 0.999958 -0.00864151 -3.22598 -0.0197043 0.00858242 0.999769 182.318 
0.999826 0.00493177 0.0180131 -1.58813 -0.00469962 0.999906 -0.0129055 -3.26005 -0.0180751 0.0128186 0.999754 183.716 
0.999797 0.0097896 0.0176082 -1.59566 -0.00954885 0.999861 -0.0137028 -3.29922 -0.0177399 0.0135319 0.999751 185.128 
0.99976 0.0130636 0.017589 -1.60294 -0.0128417 0.999837 -0.0126689 -3.33873 -0.0177517 0.01244 0.999765 186.551 
0.99973 0.0148685 0.017875 -1.60759 -0.0147058 0.99985 -0.00920171 -3.37149 -0.0180092 0.0089364 0.999798 187.98 
0.999718 0.0151701 0.018245 -1.61087 -0.0150409 0.999861 -0.00719653 -3.40232 -0.0183517 0.00692012 0.999808 189.422 
0.999725 0.0146072 0.0183237 -1.60786 -0.0144908 0.999874 -0.00646686 -3.42706 -0.0184159 0.0061996 0.999811 190.864 
0.999744 0.0128681 0.0186006 -1.60526 -0.0127591 0.999901 -0.00596001 -3.4526 -0.0186755 0.0057212 0.999809 192.305 
0.99977 0.0104918 0.0187145 -1.59885 -0.0103916 0.999931 -0.00544116 -3.48381 -0.0187703 0.00524547 0.99981 193.738 
0.999787 0.00805627 0.0189916 -1.59999 -0.00795379 0.999953 -0.00546309 -3.51225 -0.0190347 0.00531091 0.999805 195.174 
0.999804 0.00480961 0.0191906 -1.58666 -0.00472564 0.999979 -0.00441623 -3.54002 -0.0192115 0.00432472 0.999806 196.621 
0.999805 0.000660338 0.0197156 -1.57861 -0.000604514 0.999996 -0.00283512 -3.56889 -0.0197174 0.00282269 0.999802 198.074 
0.999799 -0.00185411 0.0199631 -1.56387 0.00191569 0.999994 -0.00306373 -3.59234 -0.0199573 0.0031014 0.999796 199.532 
0.99979 0.000278155 0.0204873 -1.56634 -0.000124329 0.999972 -0.00750713 -3.61999 -0.0204889 0.00750305 0.999762 200.985 
0.999751 0.00754886 0.0210039 -1.57034 -0.00728443 0.999894 -0.0126359 -3.65281 -0.0210971 0.0124798 0.9997 202.409 
0.999609 0.0166532 0.0224761 -1.57997 -0.0163714 0.999786 -0.0126591 -3.69229 -0.0226821 0.0122862 0.999667 203.855 
0.999424 0.0243388 0.0236596 -1.59092 -0.0241221 0.999665 -0.00940002 -3.72474 -0.0238805 0.00882392 0.999676 205.324 
0.999377 0.0252556 0.0246396 -1.5855 -0.0250813 0.999658 -0.00735501 -3.7559 -0.024817 0.00673247 0.999669 206.803 
0.999434 0.0232902 0.0242717 -1.57728 -0.0231306 0.999709 -0.00683185 -3.78506 -0.0244238 0.0062666 0.999682 208.264 
0.999524 0.0203129 0.0232268 -1.5635 -0.0201574 0.999773 -0.00690878 -3.81424 -0.0233619 0.00643734 0.999706 209.74 
0.999585 0.0183096 0.0222342 -1.5522 -0.0181495 0.999808 -0.00737927 -3.848 -0.0223651 0.00697271 0.999726 211.207 
0.999592 0.0185806 0.0216885 -1.54888 -0.0184166 0.9998 -0.00773883 -3.88518 -0.021828 0.00733629 0.999735 212.679 
0.999559 0.0202029 0.0217448 -1.54942 -0.0200379 0.999769 -0.00777612 -3.91677 -0.0218969 0.00733702 0.999733 214.155 
0.999525 0.0217088 0.0218857 -1.55036 -0.0215629 0.999744 -0.0068781 -3.9509 -0.0220294 0.00640295 0.999737 215.625 
0.99954 0.0210913 0.0217877 -1.54504 -0.0209349 0.999754 -0.00738151 -3.98498 -0.021938 0.00692204 0.999735 217.1 
0.999558 0.0205456 0.021494 -1.53982 -0.0203717 0.999758 -0.00827391 -4.02056 -0.0216589 0.00783242 0.999735 218.566 
0.99957 0.0200617 0.0213838 -1.53897 -0.0198785 0.999764 -0.00874566 -4.05316 -0.0215543 0.00831686 0.999733 220.042 
0.999564 0.0205381 0.0212118 -1.53947 -0.0203548 0.999754 -0.00882053 -4.08975 -0.0213878 0.00838497 0.999736 221.534 
0.999554 0.0210628 0.0211701 -1.53839 -0.0208743 0.999741 -0.00908057 -4.12656 -0.0213559 0.00863465 0.999735 223.021 
0.99956 0.0209167 0.0210264 -1.53809 -0.0207298 0.999744 -0.00906576 -4.16338 -0.0212106 0.00862594 0.999738 224.511 
0.999539 0.022129 0.0208036 -1.53811 -0.0219345 0.999714 -0.00952954 -4.19965 -0.0210086 0.00906887 0.999738 225.999 
0.999555 0.02188 0.0202834 -1.52901 -0.0216872 0.999718 -0.00967326 -4.23462 -0.0204894 0.0092291 0.999748 227.515 
0.99955 0.0222047 0.0201793 -1.52757 -0.0220137 0.999711 -0.00963887 -4.27376 -0.0203875 0.00919035 0.99975 229.024 
0.999563 0.0216966 0.0200768 -1.52108 -0.0215037 0.999721 -0.00977357 -4.30698 -0.0202833 0.00933762 0.999751 230.539 
0.999588 0.0201943 0.0204218 -1.52348 -0.0199975 0.999752 -0.00979216 -4.34819 -0.0206145 0.00937978 0.999744 232.043 
0.999613 0.0188277 0.020466 -1.51723 -0.0186349 0.999781 -0.0095734 -4.38517 -0.0206418 0.00918836 0.999745 233.564 
0.999629 0.0174731 0.0208858 -1.51992 -0.0172935 0.999812 -0.00874474 -4.42243 -0.0210347 0.00838035 0.999744 235.08 
0.999628 0.0174762 0.0209532 -1.51853 -0.0173024 0.999815 -0.00844783 -4.46307 -0.021097 0.00808219 0.999745 236.609 
0.999616 0.0179282 0.0211202 -1.52008 -0.0177469 0.999804 -0.00874005 -4.50019 -0.0212728 0.00836192 0.999739 238.123 
0.999602 0.0181554 0.021586 -1.52006 -0.0179522 0.999793 -0.00956845 -4.53212 -0.0217553 0.00917717 0.999721 239.646 
0.999566 0.0194349 0.022133 -1.51849 -0.0192405 0.999775 -0.00896263 -4.56994 -0.0223022 0.00853294 0.999715 241.169 
0.999535 0.0197157 0.0232465 -1.52003 -0.0195606 0.999785 -0.00687946 -4.60691 -0.0233771 0.00642159 0.999706 242.695 
0.99952 0.0195108 0.0240791 -1.518 -0.0193606 0.999792 -0.00645331 -4.6422 -0.0242001 0.00598407 0.999689 244.2 
0.999491 0.0201225 0.0247387 -1.51394 -0.0199287 0.999769 -0.00805671 -4.67964 -0.0248951 0.00755965 0.999662 245.712 
0.999475 0.0203826 0.0251988 -1.5024 -0.0201494 0.999752 -0.0094747 -4.71491 -0.0253857 0.00896202 0.999638 247.244 
0.999443 0.0214512 0.0255508 -1.49222 -0.0212218 0.999732 -0.00921424 -4.74734 -0.0257417 0.00866692 0.999631 248.79 
0.999447 0.0211716 0.0256441 -1.48463 -0.020969 0.999747 -0.00813985 -4.78563 -0.02581 0.00759766 0.999638 250.328 
0.999452 0.0213442 0.0252843 -1.46956 -0.0211559 0.999747 -0.00769074 -4.82371 -0.0254421 0.00715166 0.999651 251.864 
0.999449 0.0215778 0.0252175 -1.46305 -0.0213925 0.999742 -0.0075928 -4.86225 -0.0253749 0.00704919 0.999653 253.395 
0.999414 0.0228684 0.0254845 -1.4556 -0.022688 0.999716 -0.00734402 -4.89867 -0.0256452 0.00676157 0.999648 254.925 
0.99937 0.0244322 0.0257518 -1.4441 -0.0242474 0.999678 -0.00746206 -4.93258 -0.0259259 0.00683298 0.999641 256.464 
0.999358 0.0249466 0.0257317 -1.43003 -0.0247674 0.999667 -0.00725602 -4.96753 -0.0259042 0.00661409 0.999643 258.025 
0.999385 0.0235115 0.0260009 -1.41781 -0.0233329 0.999702 -0.00715046 -5.00445 -0.0261613 0.00653943 0.999636 259.575 
0.999416 0.0220094 0.0261257 -1.40538 -0.0218488 0.999741 -0.00641688 -5.03897 -0.0262602 0.00584236 0.999638 261.125 
0.999459 0.0196716 0.02636 -1.3886 -0.0195291 0.999793 -0.00565103 -5.07406 -0.0264657 0.00513323 0.999637 262.675 
0.999489 0.0182922 0.0261981 -1.37235 -0.0181356 0.999816 -0.0062035 -5.11117 -0.0263068 0.00572525 0.999638 264.215 
0.999504 0.0172119 0.0263791 -1.36619 -0.0170308 0.99983 -0.00707255 -5.15275 -0.0264964 0.00661982 0.999627 265.754 
0.999521 0.0153082 0.0268925 -1.35614 -0.0151789 0.999872 -0.00500678 -5.19222 -0.0269658 0.00459622 0.999626 267.305 
0.99954 0.013178 0.027317 -1.33774 -0.0130937 0.999909 -0.00325869 -5.22664 -0.0273575 0.00289955 0.999622 268.852 
0.999542 0.0125975 0.0275234 -1.33033 -0.0124918 0.999914 -0.00400741 -5.25939 -0.0275716 0.0036618 0.999613 270.393 
0.999523 0.012524 0.0282488 -1.31821 -0.012382 0.99991 -0.00519498 -5.28917 -0.0283114 0.00484277 0.999587 271.945 
0.999494 0.0133048 0.0288895 -1.29953 -0.0131482 0.999898 -0.00560022 -5.31936 -0.0289611 0.00521759 0.999567 273.492 
0.999439 0.0149583 0.0299519 -1.28423 -0.0147966 0.999875 -0.00560919 -5.35695 -0.0300321 0.0051629 0.999536 275.048 
0.999381 0.0166731 0.0309755 -1.27039 -0.0165032 0.999847 -0.00573098 -5.39607 -0.0310664 0.00521628 0.999504 276.597 
0.99932 0.0179507 0.0322043 -1.25642 -0.017766 0.999824 -0.00601183 -5.43499 -0.0323066 0.00543564 0.999463 278.115 
0.999277 0.0185635 0.0331732 -1.23499 -0.0183642 0.999812 -0.00630125 -5.47061 -0.033284 0.00568753 0.99943 279.658 
0.999242 0.0189375 0.034001 -1.2149 -0.018715 0.999801 -0.00684671 -5.50999 -0.034124 0.00620523 0.999398 281.229 
0.999226 0.0180459 0.0349514 -1.19104 -0.017804 0.999815 -0.00721826 -5.55003 -0.0350753 0.00659043 0.999363 282.794 
0.999197 0.0175086 0.0360392 -1.1661 -0.0172676 0.999827 -0.00698414 -5.58487 -0.0361553 0.00635626 0.999326 284.362 
0.999183 0.0163701 0.0369546 -1.13843 -0.0161558 0.999851 -0.00608892 -5.61543 -0.0370488 0.00548695 0.999298 285.941 
0.999182 0.0155784 0.0373212 -1.11174 -0.0153759 0.999866 -0.00570541 -5.6512 -0.0374051 0.00512693 0.999287 287.507 
0.999183 0.0152165 0.0374287 -1.0816 -0.0149148 0.999854 -0.00832701 -5.68421 -0.0375499 0.00776201 0.999265 289.084 
0.999201 0.0139602 0.03744 -1.0522 -0.0135808 0.999854 -0.0103667 -5.72415 -0.0375793 0.00985 0.999245 290.646 
0.999225 0.0141395 0.0367323 -1.01988 -0.0137644 0.999851 -0.0104457 -5.76203 -0.0368745 0.00993201 0.999271 292.185 
0.999287 0.0128235 0.035505 -0.982813 -0.0124629 0.999869 -0.0103578 -5.80023 -0.0356332 0.00990795 0.999316 293.755 
0.999329 0.0123048 0.0344873 -0.959307 -0.0119425 0.999872 -0.0106896 -5.84463 -0.0346145 0.0102706 0.999348 295.312 
0.999343 0.0124513 0.0340511 -0.940386 -0.0120845 0.999867 -0.010954 -5.88581 -0.034183 0.0105354 0.99936 296.885 
0.999365 0.012415 0.0333887 -0.917034 -0.0120735 0.999873 -0.0104073 -5.92626 -0.0335137 0.00999766 0.999388 298.446 
0.999407 0.0118648 0.0323405 -0.892117 -0.0115409 0.999882 -0.010182 -5.96504 -0.0324575 0.00980279 0.999425 300.047 
0.999446 0.0111642 0.0313406 -0.869528 -0.0108923 0.999902 -0.00883021 -6.0018 -0.0314361 0.00848399 0.99947 301.663 
0.999436 0.0133276 0.030826 -0.851106 -0.0130997 0.999885 -0.00758315 -6.03814 -0.0309236 0.0071751 0.999496 303.255 
0.999408 0.0137412 0.0315347 -0.839889 -0.0135134 0.999881 -0.00742336 -6.07527 -0.031633 0.00699287 0.999475 304.861 
0.999378 0.0139197 0.0324134 -0.82141 -0.0136821 0.999878 -0.00754002 -6.11964 -0.0325144 0.00709188 0.999446 306.471 
0.999384 0.0128473 0.0326503 -0.794482 -0.0126047 0.999892 -0.00762602 -6.15849 -0.0327448 0.00720982 0.999438 308.064 
0.999409 0.0106826 0.0326671 -0.763805 -0.0104078 0.999909 -0.00856935 -6.19546 -0.0327557 0.00822433 0.99943 309.654 
0.999412 0.00921136 0.0330426 -0.740243 -0.00886772 0.999905 -0.0105301 -6.23437 -0.0331365 0.010231 0.999399 311.276 
0.999428 0.00849402 0.0327262 -0.712512 -0.00812015 0.9999 -0.0115386 -6.27708 -0.032821 0.0112664 0.999398 312.876 
0.999497 0.00912004 0.0303676 -0.692157 -0.00874587 0.999885 -0.0124301 -6.32062 -0.0304775 0.0121583 0.999462 314.503 
0.999552 0.0101443 0.0281772 -0.673325 -0.00981455 0.999882 -0.0118153 -6.36196 -0.0282938 0.0115335 0.999533 316.137 
0.999549 0.0112002 0.0278665 -0.66256 -0.0109675 0.999904 -0.00848916 -6.40468 -0.0279589 0.00817975 0.999576 317.771 
0.999539 0.00977582 0.028738 -0.656457 -0.00962056 0.999938 -0.00553438 -6.44027 -0.0287903 0.0052554 0.999572 319.413 
0.99954 0.00884074 0.0289961 -0.642002 -0.00870216 0.99995 -0.00490032 -6.47305 -0.029038 0.00464578 0.999568 321.046 
0.999536 0.00781114 0.0294564 -0.624595 -0.00763167 0.999952 -0.00619895 -6.50527 -0.0295034 0.00597131 0.999547 322.694 
0.999521 0.00691284 0.0301549 -0.613172 -0.00672643 0.999958 -0.00627731 -6.53935 -0.0301971 0.00607151 0.999526 324.349 
0.999505 0.00670026 0.0307497 -0.596441 -0.00652065 0.999961 -0.0059361 -6.57698 -0.0307883 0.00573269 0.99951 325.993 
0.999484 0.00668531 0.031423 -0.579442 -0.00650182 0.999961 -0.00593634 -6.61269 -0.0314615 0.00572901 0.999489 327.641 
0.999457 0.00803315 0.0319628 -0.562176 -0.007818 0.999946 -0.00684914 -6.65277 -0.0320162 0.00659557 0.999466 329.269 
0.999417 0.00889957 0.032961 -0.542937 -0.00865933 0.999935 -0.00742287 -6.6948 -0.033025 0.00713316 0.999429 330.898 
0.999391 0.00758095 0.0340664 -0.524111 -0.00739728 0.999957 -0.00551324 -6.73277 -0.0341068 0.00525793 0.999404 332.539 
0.999391 0.00619545 0.0343429 -0.506311 -0.00604355 0.999972 -0.00452396 -6.77022 -0.03437 0.00431369 0.9994 334.219 
0.999387 0.00502966 0.0346397 -0.485126 -0.00483747 0.999972 -0.00562886 -6.80441 -0.0346671 0.00545789 0.999384 335.852 
0.999369 0.00675761 0.0348766 -0.460357 -0.00656304 0.999962 -0.00568894 -6.83923 -0.0349138 0.00545649 0.999375 337.483 
0.999358 0.00851456 0.0348142 -0.442792 -0.00824985 0.999936 -0.00773902 -6.87868 -0.0348779 0.00744688 0.999364 339.111 
0.999355 0.0103266 0.0344031 -0.419237 -0.00996427 0.999893 -0.0106853 -6.92123 -0.0345098 0.0103356 0.999351 340.732 
0.999349 0.0118177 0.0340751 -0.411737 -0.0114715 0.999881 -0.0103366 -6.96165 -0.0341933 0.00993899 0.999366 342.367 
0.999356 0.0126465 0.0335717 -0.413201 -0.01241 0.999897 -0.00724173 -6.98983 -0.0336598 0.00682048 0.99941 344.016 
0.999369 0.0136164 0.0327993 -0.386848 -0.0134758 0.999899 -0.00450258 -7.02588 -0.0328573 0.00405778 0.999452 345.661 
0.99939 0.0140689 0.0319603 -0.383868 -0.0138873 0.999886 -0.00589769 -7.0553 -0.0320397 0.0054503 0.999472 347.309 
0.999446 0.0136851 0.0303443 -0.367082 -0.0134716 0.999883 -0.00723006 -7.098 -0.0304398 0.00681731 0.999513 348.91 
0.999512 0.0122914 0.0287302 -0.349032 -0.0121305 0.99991 -0.0057673 -7.13673 -0.0287985 0.00541602 0.999571 350.525 
0.999541 0.0107961 0.0283074 -0.345716 -0.0106507 0.999929 -0.00527902 -7.17365 -0.0283624 0.00497515 0.999585 352.142 
0.999547 0.0105945 0.0281665 -0.33628 -0.0104246 0.999927 -0.00617027 -7.20807 -0.0282299 0.00587389 0.999584 353.762 
0.999562 0.00969881 0.0279647 -0.323027 -0.00950551 0.99993 -0.0070354 -7.24467 -0.028031 0.00676654 0.999584 355.376 
0.999554 0.00951966 0.0283197 -0.314678 -0.00932494 0.999932 -0.00699866 -7.28529 -0.0283844 0.0067315 0.999574 356.996 
0.99955 0.00928873 0.02853 -0.301953 -0.00908078 0.999931 -0.00740853 -7.31953 -0.0285969 0.00714616 0.999566 358.597 
0.99955 0.00893766 0.0286342 -0.288643 -0.00871338 0.999931 -0.00794637 -7.36015 -0.0287032 0.00769334 0.999558 360.198 
0.999552 0.00849004 0.0287068 -0.273382 -0.00824589 0.999929 -0.00861083 -7.40077 -0.0287779 0.0083703 0.999551 361.8 
0.999542 0.00797095 0.0291916 -0.271631 -0.00771889 0.999932 -0.0087357 -7.43324 -0.0292592 0.00850642 0.999536 363.437 
0.999529 0.00872022 0.0294293 -0.255299 -0.00844846 0.999921 -0.00934441 -7.47913 -0.0295085 0.00909142 0.999523 365.014 
0.999535 0.00689771 0.0296927 -0.240912 -0.0065809 0.999921 -0.0107527 -7.51783 -0.0297646 0.0105524 0.999501 366.617 
0.999545 0.00530113 0.0297035 -0.219412 -0.00503429 0.999946 -0.00904954 -7.56066 -0.0297499 0.00889592 0.999518 368.235 
0.999553 0.00364686 0.029685 -0.20168 -0.00340258 0.99996 -0.00827396 -7.60141 -0.029714 0.0081693 0.999525 369.829 
0.999553 0.003038 0.0297385 -0.18235 -0.00276097 0.999953 -0.0093509 -7.64047 -0.0297655 0.00926466 0.999514 371.437 
0.999533 0.00438427 0.030252 -0.175315 -0.00407854 0.99994 -0.0101588 -7.67778 -0.0302948 0.0100308 0.999491 373.031 
0.999508 0.00583006 0.0308277 -0.165462 -0.00554654 0.999942 -0.00927332 -7.7239 -0.03088 0.00909781 0.999482 374.637 
0.999484 0.00745009 0.0312392 -0.143425 -0.00718369 0.999937 -0.00863002 -7.76144 -0.0313016 0.0084012 0.999475 376.261 
0.999464 0.0078033 0.0317854 -0.126225 -0.00752111 0.999931 -0.00898641 -7.80111 -0.0318534 0.00874257 0.999454 377.877 
0.999463 0.00755198 0.0318906 -0.106581 -0.00723581 0.999924 -0.0100167 -7.84112 -0.0319639 0.00978061 0.999441 379.484 
0.999455 0.0079107 0.0320593 -0.0813792 -0.00758543 0.999919 -0.0102535 -7.88244 -0.0321378 0.0100048 0.999433 381.103 
0.999437 0.00818912 0.0325468 -0.056669 -0.00785623 0.999916 -0.0103414 -7.92671 -0.0326288 0.0100799 0.999417 382.73 
0.999423 0.00950183 0.0326256 -0.0331953 -0.00917374 0.999906 -0.0101899 -7.9686 -0.0327194 0.0098848 0.999416 384.365 
0.999395 0.0112668 0.032912 -0.00747862 -0.0109475 0.999891 -0.00986573 -8.01131 -0.0330196 0.00949949 0.99941 386.021 
0.999357 0.0127748 0.0335078 0.0121299 -0.0124247 0.999866 -0.010633 -8.0544 -0.0336392 0.0102099 0.999382 387.654 
0.99933 0.0140881 0.0337802 0.0371541 -0.0137103 0.999841 -0.0113896 -8.09688 -0.0339353 0.0109188 0.999364 389.279 
0.999315 0.0150022 0.0338197 0.0702415 -0.0146221 0.999827 -0.0114593 -8.14007 -0.0339858 0.010957 0.999362 390.918 
0.99929 0.0162618 0.0339827 0.0964613 -0.0159089 0.999817 -0.0106266 -8.18656 -0.0341493 0.0100785 0.999366 392.55 
0.999261 0.0172526 0.0343404 0.119349 -0.0169024 0.999802 -0.0104594 -8.22862 -0.0345141 0.00987126 0.999356 394.173 
0.999238 0.0178731 0.0346954 0.142808 -0.0174989 0.999786 -0.0110572 -8.27013 -0.0348856 0.0104417 0.999337 395.81 
0.999217 0.0181873 0.0351438 0.162893 -0.0178116 0.999781 -0.0109724 -8.31038 -0.0353357 0.0103379 0.999322 397.429 
0.999212 0.018305 0.0352302 0.194099 -0.0179459 0.999784 -0.0104799 -8.35297 -0.0354145 0.00983947 0.999324 399.063 
0.999195 0.0183177 0.0356935 0.216617 -0.0179145 0.999772 -0.011583 -8.39614 -0.0358976 0.0109343 0.999296 400.718 
0.999192 0.0182156 0.0358212 0.243257 -0.0177807 0.999765 -0.0124207 -8.4435 -0.036039 0.0117738 0.999281 402.348 
0.99919 0.0178446 0.0360727 0.273084 -0.0174086 0.999772 -0.0123651 -8.4919 -0.0362852 0.0117271 0.999273 403.996 
0.999178 0.0179405 0.036358 0.298619 -0.0175397 0.999782 -0.0113111 -8.5319 -0.0365531 0.0106641 0.999275 405.647 
0.999179 0.016452 0.0370273 0.319595 -0.0160941 0.999821 -0.00994174 -8.57437 -0.0371843 0.0093377 0.999265 407.28 
0.999202 0.0149153 0.0370624 0.362214 -0.0145262 0.999837 -0.0107441 -8.61863 -0.0372166 0.0101972 0.999255 408.943 
0.999215 0.0139022 0.037099 0.391442 -0.0134801 0.999842 -0.0116024 -8.66479 -0.0372545 0.0110933 0.999244 410.569 
