1 2.12261e-08 -2.11895e-08 0 2.12261e-08 1 2.10703e-08 0 -2.11895e-08 2.10703e-08 1 0 
0.999997 -0.00170081 -0.00150033 -0.0113682 0.00169966 0.999998 -0.000797259 -0.0111124 0.00150164 0.000794749 0.999999 0.574292 
0.999994 -0.00216328 -0.00271848 -0.0222381 0.00215721 0.999995 -0.00225107 -0.0221503 0.00272329 0.00224523 0.999994 1.14629 
0.999987 -0.00251351 -0.00447734 -0.0386438 0.00249746 0.99999 -0.00359452 -0.0347742 0.00448629 0.00358333 0.999984 1.71739 
0.999969 -0.00461223 -0.00639016 -0.0498901 0.00457884 0.999976 -0.00523681 -0.0466452 0.00641412 0.00520743 0.999966 2.2798 
0.999947 -0.00691433 -0.00767917 -0.0715883 0.00686038 0.999952 -0.00703498 -0.0606035 0.0077274 0.00698196 0.999946 2.83765 
0.999924 -0.00821937 -0.00921558 -0.0839866 0.00814796 0.999937 -0.00776401 -0.0706176 0.00927877 0.00768837 0.999927 3.41801 
0.99991 -0.0083995 -0.0104375 -0.105368 0.00832684 0.999941 -0.00699029 -0.0852258 0.0104956 0.00690279 0.999921 4.00365 
0.999897 -0.0086507 -0.0114934 -0.124822 0.00856508 0.999935 -0.00748113 -0.0990584 0.0115573 0.00738196 0.999906 4.59811 
0.999889 -0.00808643 -0.0125148 -0.145431 0.00795886 0.999916 -0.010214 -0.115012 0.0125963 0.0101133 0.99987 5.19727 
0.999885 -0.0064366 -0.0137598 -0.169396 0.00624228 0.999881 -0.0141217 -0.129607 0.013849 0.0140342 0.999806 5.80418 
0.999876 -0.00482312 -0.0149655 -0.192254 0.00455514 0.99983 -0.0178921 -0.143208 0.0150492 0.0178218 0.999728 6.41755 
0.99987 -0.00323703 -0.0158114 -0.227662 0.00295257 0.999834 -0.0179842 -0.153165 0.0158669 0.0179352 0.999713 7.05307 
0.999857 -0.000762851 -0.0168705 -0.257863 0.000575834 0.999938 -0.01109 -0.165007 0.0168779 0.0110787 0.999796 7.70646 
0.999842 2.0311e-05 -0.0177561 -0.279685 -3.08815e-05 1 -0.000597411 -0.177099 0.017756 0.000597908 0.999842 8.37477 
0.999827 0.000890246 -0.0185712 -0.306385 -0.000776063 0.999981 0.00615244 -0.1926 0.0185763 -0.00613693 0.999809 9.05601 
0.9998 0.00293686 -0.0197709 -0.337849 -0.00283754 0.999983 0.0050477 -0.202912 0.0197854 -0.00499055 0.999792 9.74378 
0.999778 0.00503591 -0.020477 -0.372117 -0.00508391 0.999984 -0.00229489 -0.207456 0.0204651 0.00239852 0.999788 10.4412 
0.999758 0.00479038 -0.0214763 -0.40542 -0.00496951 0.999953 -0.00829721 -0.208677 0.0214355 0.00840197 0.999735 11.1557 
0.999739 0.00266615 -0.0227083 -0.432238 -0.00281912 0.999974 -0.00670887 -0.210828 0.0226898 0.00677117 0.99972 11.8987 
0.999727 0.00133262 -0.0233496 -0.456529 -0.00127006 0.999996 0.00269219 -0.220202 0.0233531 -0.00266176 0.999724 12.6703 
0.999719 0.000662388 -0.0236869 -0.488504 -0.000422082 0.999948 0.0101469 -0.226551 0.0236924 -0.010134 0.999668 13.4512 
0.999703 -0.000181429 -0.0243901 -0.520916 0.000487712 0.999921 0.0125506 -0.22861 0.0243859 -0.0125587 0.999624 14.2487 
0.999694 -0.00229937 -0.0246386 -0.550976 0.00258575 0.999929 0.0115957 -0.228444 0.0246101 -0.0116558 0.999629 15.0611 
0.99971 -0.00293172 -0.023893 -0.588083 0.00314487 0.999956 0.00888683 -0.224581 0.0238658 -0.00895936 0.999675 15.8909 
0.999725 -0.000422146 -0.0234437 -0.623475 0.000548084 0.999986 0.00536395 -0.224153 0.0234411 -0.00537528 0.999711 16.7342 
0.999756 -0.00351074 -0.0218023 -0.66602 0.00350846 0.999994 -0.000144896 -0.231127 0.0218026 6.84107e-05 0.999762 17.5796 
0.999758 -0.00631158 -0.0210833 -0.695101 0.00617968 0.999961 -0.00631727 -0.243387 0.0211223 0.0061855 0.999758 18.4513 
0.999788 -0.00521893 -0.0199168 -0.729903 0.00498459 0.999918 -0.0117999 -0.254588 0.0199767 0.0116981 0.999732 19.3371 
0.999798 -0.0039207 -0.0196906 -0.76486 0.00367328 0.999914 -0.0125883 -0.271557 0.0197382 0.0125134 0.999727 20.2406 
0.999789 -0.00392303 -0.0201899 -0.795115 0.00368248 0.999922 -0.0119398 -0.293038 0.0202351 0.011863 0.999725 21.1643 
0.999788 -0.00255692 -0.0204452 -0.830505 0.00228595 0.999909 -0.0132682 -0.31535 0.0204772 0.0132187 0.999703 22.1038 
0.999797 0.00046821 -0.0201449 -0.876655 -0.000779371 0.99988 -0.0154432 -0.337802 0.0201352 0.0154558 0.999678 23.0598 
0.999783 0.00393326 -0.0204391 -0.91989 -0.00426691 0.999858 -0.0163085 -0.361119 0.020372 0.0163922 0.999658 24.0291 
0.999775 0.00564391 -0.0204396 -0.961052 -0.00597599 0.999851 -0.0162243 -0.389829 0.0203449 0.0163429 0.999659 25.0051 
0.999765 0.00629874 -0.0207676 -0.998724 -0.00663561 0.999847 -0.0161944 -0.420036 0.0206624 0.0163284 0.999653 25.9886 
0.99976 0.00625154 -0.0210072 -1.03383 -0.0065894 0.999849 -0.0160548 -0.448453 0.0209037 0.0161894 0.99965 26.9782 
0.999741 0.00711234 -0.0216342 -1.07166 -0.0074358 0.999861 -0.0149096 -0.476905 0.0215251 0.0150667 0.999655 27.9873 
0.99973 0.00764037 -0.0219315 -1.11404 -0.00792634 0.999884 -0.012984 -0.503791 0.0218297 0.0131543 0.999675 29.0008 
0.999717 0.00835262 -0.0222627 -1.15588 -0.00861477 0.999894 -0.0117073 -0.533175 0.0221626 0.0118958 0.999684 30.0209 
0.999711 0.0082759 -0.0225801 -1.19601 -0.00856406 0.999883 -0.012697 -0.560241 0.0224723 0.0128868 0.999664 31.0476 
0.999693 0.0095314 -0.0228894 -1.24026 -0.00984218 0.99986 -0.0135054 -0.587622 0.0227574 0.0137265 0.999647 32.0829 
0.999686 0.00917943 -0.0233079 -1.28338 -0.00947615 0.999875 -0.0126541 -0.612831 0.0231888 0.012871 0.999648 33.1261 
0.999679 0.00841494 -0.0239084 -1.32744 -0.0086553 0.999913 -0.00996951 -0.638713 0.0238224 0.0101733 0.999664 34.1823 
0.999663 0.0089308 -0.0243803 -1.3714 -0.00908852 0.999938 -0.00636766 -0.662853 0.0243219 0.00658714 0.999683 35.2406 
0.999647 0.00892241 -0.025042 -1.41785 -0.00902028 0.999952 -0.0037996 -0.687553 0.0250069 0.00402418 0.999679 36.3095 
0.999637 0.00893624 -0.0254271 -1.46486 -0.00902611 0.999953 -0.00342345 -0.708211 0.0253952 0.00365176 0.999671 37.3825 
0.999625 0.00872193 -0.0259556 -1.51157 -0.00885105 0.999949 -0.00486544 -0.727424 0.0259118 0.00509339 0.999651 38.4606 
0.999603 0.0092372 -0.0266208 -1.5621 -0.00938448 0.999941 -0.00541445 -0.747846 0.0265692 0.00566216 0.999631 39.5484 
0.999586 0.00914194 -0.0272825 -1.61337 -0.00926002 0.999948 -0.00420656 -0.768334 0.0272425 0.0044575 0.999619 40.6385 
0.999561 0.0091653 -0.0281867 -1.66277 -0.00922971 0.999955 -0.00215718 -0.790643 0.0281656 0.00241643 0.9996 41.7281 
0.999543 0.00933921 -0.0287393 -1.7126 -0.00933288 0.999956 0.000352926 -0.811603 0.0287413 -8.45017e-05 0.999587 42.8147 
0.99952 0.0105647 -0.0291141 -1.76621 -0.0105621 0.999944 0.000243568 -0.833996 0.029115 6.40966e-05 0.999576 43.8984 
0.999496 0.0117763 -0.029466 -1.81848 -0.011887 0.999923 -0.00358842 -0.856145 0.0294214 0.00393692 0.999559 44.9795 
0.999487 0.0130939 -0.0292363 -1.87453 -0.0133175 0.999883 -0.00746712 -0.879243 0.0291351 0.00785269 0.999545 46.0549 
0.999486 0.0137183 -0.0289679 -1.93044 -0.0139546 0.999871 -0.00797286 -0.900952 0.0288547 0.00837304 0.999549 47.1376 
0.99948 0.0143262 -0.0288766 -1.98109 -0.0144842 0.999881 -0.00526813 -0.926149 0.0287977 0.00568368 0.999569 48.2231 
0.999479 0.0149074 -0.0286283 -2.03569 -0.0150042 0.999882 -0.0031696 -0.950295 0.0285776 0.00359754 0.999585 49.3038 
0.9995 0.0131563 -0.0287666 -2.0824 -0.0132131 0.999911 -0.00178927 -0.97227 0.0287405 0.00216851 0.999585 50.3927 
0.999512 0.0132941 -0.0282567 -2.13553 -0.0133788 0.999907 -0.00281105 -0.994997 0.0282167 0.00318776 0.999597 51.4873 
0.999532 0.0122875 -0.0279981 -2.18624 -0.0124244 0.999912 -0.00472182 -1.01428 0.0279376 0.00506751 0.999597 52.5824 
0.999533 0.01246 -0.0279096 -2.23119 -0.0126526 0.999897 -0.00673608 -1.04007 0.0278228 0.0070861 0.999588 53.6745 
0.999555 0.0111883 -0.0276556 -2.28024 -0.0114402 0.999894 -0.00896887 -1.06961 0.0275523 0.00928131 0.999577 54.7665 
0.999572 0.00957952 -0.0276454 -2.32483 -0.00992363 0.999875 -0.0123385 -1.0985 0.0275237 0.0126076 0.999542 55.8563 
0.999589 0.00803622 -0.0275044 -2.37173 -0.0084238 0.999866 -0.0140062 -1.12891 0.0273882 0.0142321 0.999524 56.9484 
0.999604 0.00639269 -0.0273944 -2.41664 -0.00671592 0.999909 -0.0117249 -1.16005 0.0273169 0.0119043 0.999556 58.0369 
0.999617 0.00492809 -0.0272478 -2.4608 -0.00508414 0.999971 -0.00566258 -1.18979 0.0272191 0.00579899 0.999613 59.1282 
0.999625 0.00342096 -0.027182 -2.50684 -0.00341226 0.999994 0.000364917 -1.21375 0.0271831 -0.000271986 0.99963 60.2284 
0.999624 0.00173096 -0.0273651 -2.54955 -0.00169993 0.999998 0.00115554 -1.23406 0.027367 -0.00110854 0.999625 61.3193 
0.999628 -0.00161313 -0.0272323 -2.59199 0.00156409 0.999997 -0.00182333 -1.25258 0.0272352 0.0017801 0.999628 62.4189 
0.999617 -0.00312703 -0.027506 -2.63647 0.00299365 0.999984 -0.00489042 -1.27332 0.0275208 0.00480624 0.99961 63.5099 
0.999612 -0.0012242 -0.0278304 -2.6844 0.000976698 0.99996 -0.00890652 -1.30113 0.0278402 0.00887592 0.999573 64.6016 
0.999618 -0.00097674 -0.0276296 -2.73759 0.000610796 0.999912 -0.0132515 -1.32843 0.0276401 0.0132296 0.99953 65.6916 
0.99963 0.00217618 -0.0271099 -2.79205 -0.00255495 0.9999 -0.0139463 -1.35652 0.0270767 0.0140105 0.999535 66.7957 
0.999641 0.00606896 -0.0261051 -2.85112 -0.00633913 0.999927 -0.0102806 -1.38977 0.0260408 0.0104425 0.999606 67.9058 
0.999635 0.00760891 -0.0259386 -2.90815 -0.00782307 0.999936 -0.0081665 -1.41786 0.0258747 0.00836648 0.99963 69.0131 
0.999633 0.00703436 -0.0261651 -2.95287 -0.00723033 0.999946 -0.0074043 -1.44314 0.0261115 0.00759081 0.99963 70.1148 
0.99964 0.00544676 -0.0262686 -3.00104 -0.00561896 0.999963 -0.00648782 -1.4713 0.0262322 0.00663313 0.999634 71.2162 
0.999636 0.00437397 -0.0266256 -3.04938 -0.00450823 0.999977 -0.00498608 -1.4989 0.0266031 0.00510434 0.999633 72.3167 
0.999626 0.00261339 -0.0272356 -3.09119 -0.00269119 0.999992 -0.00282185 -1.52498 0.0272279 0.00289413 0.999625 73.4197 
0.999607 0.00142634 -0.0280105 -3.14048 -0.00146186 0.999998 -0.00124896 -1.54585 0.0280086 0.00128945 0.999607 74.528 
0.999582 0.000565219 -0.0289192 -3.18428 -0.000636326 0.999997 -0.0024511 -1.57104 0.0289177 0.00246852 0.999579 75.6245 
0.999558 0.000787589 -0.0297122 -3.23263 -0.000974859 0.99998 -0.00629027 -1.5949 0.0297066 0.0063165 0.999539 76.7161 
0.999531 0.00154476 -0.0305875 -3.2859 -0.00179804 0.999964 -0.00825626 -1.62082 0.0305736 0.00830742 0.999498 77.7977 
0.9995 0.00340072 -0.0314487 -3.33829 -0.00360954 0.999972 -0.00658697 -1.64884 0.0314253 0.00669723 0.999484 78.8814 
0.999479 0.00427147 -0.0319953 -3.3995 -0.00434873 0.999988 -0.00234695 -1.67235 0.0319848 0.00248491 0.999485 79.9733 
0.99945 0.00565274 -0.0326744 -3.45612 -0.00559889 0.999983 0.00173778 -1.69635 0.0326836 -0.00155384 0.999465 81.0698 
0.999418 0.00681715 -0.0334232 -3.50982 -0.00674976 0.999975 0.00212765 -1.71259 0.0334369 -0.00190077 0.999439 82.1599 
0.999415 0.00665015 -0.0335519 -3.58985 -0.00665524 0.999978 -4.12681e-05 -1.72951 0.0335509 0.000264583 0.999437 83.2518 
0.999394 0.00660128 -0.0341671 -3.64278 -0.00663447 0.999978 -0.000859166 -1.74784 0.0341607 0.00108537 0.999416 84.3184 
0.999378 0.00618327 -0.0347196 -3.69539 -0.00622615 0.99998 -0.00112823 -1.76919 0.0347118 0.00134374 0.999397 85.3748 
0.999354 0.0050591 -0.0355728 -3.75007 -0.00508762 0.999987 -0.000712294 -1.79444 0.0355687 0.000892857 0.999367 86.4121 
0.999344 0.00380995 -0.0360071 -3.80228 -0.00379524 0.999993 0.000475519 -1.80964 0.0360086 -0.000338509 0.999351 87.4395 
0.999328 0.00401676 -0.0364383 -3.86059 -0.00389255 0.999986 0.00347799 -1.83666 0.0364518 -0.00333377 0.99933 88.4504 
0.999294 0.00308912 -0.0374389 -3.91315 -0.00293533 0.999987 0.00416116 -1.85637 0.0374513 -0.00404828 0.99929 89.4349 
0.99921 0.00205402 -0.0396935 -3.96591 -0.00187767 0.999988 0.00447845 -1.87573 0.0397021 -0.00440034 0.999202 90.3978 
0.999079 0.001378 -0.0428841 -4.0235 -0.00122303 0.999993 0.00363865 -1.89423 0.0428887 -0.0035828 0.999073 91.3376 
0.998931 0.00126515 -0.0462066 -4.08351 -0.00114024 0.999996 0.00272864 -1.91339 0.0462098 -0.002673 0.998928 92.255 
0.998805 0.00129369 -0.048858 -4.15398 -0.00116087 0.999996 0.00274586 -1.92754 0.0488612 -0.00268581 0.998802 93.1472 
0.998645 0.00256747 -0.0519711 -4.21737 -0.00236828 0.99999 0.00389297 -1.94455 0.0519805 -0.00376458 0.998641 94.0172 
0.998482 0.00340541 -0.0549687 -4.27996 -0.00313029 0.999982 0.00508965 -1.96381 0.054985 -0.00490982 0.998475 94.8655 
0.998304 0.0044344 -0.0580509 -4.3426 -0.00405666 0.99997 0.00662263 -1.97894 0.0580785 -0.00637586 0.998292 95.6879 
0.998166 0.0062187 -0.0602173 -4.41722 -0.00579416 0.999957 0.00722147 -1.99152 0.0602596 -0.00685928 0.998159 96.4891 
0.998001 0.00830001 -0.0626513 -4.48446 -0.0078329 0.99994 0.00769697 -2.00758 0.0627114 -0.0071908 0.998006 97.2557 
0.997816 0.0101489 -0.0652648 -4.55218 -0.00974259 0.999931 0.0065409 -2.02379 0.0653267 -0.00589073 0.997847 97.9928 
0.997638 0.0114572 -0.0677291 -4.61782 -0.0112884 0.999932 0.00287513 -2.04011 0.0677574 -0.00210375 0.9977 98.6989 
0.997437 0.0138525 -0.0702019 -4.68175 -0.0139514 0.999902 -0.000918129 -2.05349 0.0701823 0.00189523 0.997532 99.3783 
0.997277 0.0156695 -0.0720669 -4.74613 -0.0159708 0.999866 -0.00360657 -2.06697 0.0720006 0.00474776 0.997393 100.02 
0.997177 0.0176647 -0.0729861 -4.80428 -0.0180475 0.999827 -0.00458883 -2.08166 0.0728923 0.00589314 0.997322 100.643 
0.997196 0.0200288 -0.0721036 -4.86111 -0.0203915 0.999783 -0.00429819 -2.09486 0.0720018 0.00575649 0.997388 101.241 
0.997313 0.0237526 -0.0693054 -4.91246 -0.0240074 0.999708 -0.00284649 -2.11056 0.0692175 0.00450273 0.997591 101.817 
0.997613 0.0263546 -0.0638223 -4.95765 -0.0265012 0.999648 -0.0014522 -2.12466 0.0637615 0.00314014 0.99796 102.367 
0.998032 0.0271017 -0.0565507 -4.99152 -0.0271185 0.999632 0.000470158 -2.13808 0.0565426 0.00106438 0.9984 102.892 
0.998535 0.0269964 -0.0468915 -5.01685 -0.0268824 0.999634 0.00305925 -2.15071 0.0469569 -0.00179417 0.998895 103.395 
0.999028 0.0266166 -0.0351511 -5.03227 -0.0264852 0.99964 0.00419593 -2.1612 0.0352501 -0.00326082 0.999373 103.874 
0.999432 0.0257021 -0.0218161 -5.03935 -0.0256124 0.999662 0.00438054 -2.17398 0.0219213 -0.00381924 0.999752 104.33 
0.999652 0.0255527 -0.00652892 -5.03989 -0.0255293 0.999668 0.00363638 -2.18654 0.00661962 -0.0034684 0.999972 104.768 
0.999641 0.024198 0.0114781 -5.02859 -0.0242064 0.999707 0.00059789 -2.19847 -0.0114603 -0.000875477 0.999934 105.192 
0.999188 0.0235966 0.0326466 -5.00436 -0.0234772 0.999716 -0.00403694 -2.2099 -0.0327326 0.00326725 0.999459 105.601 
0.998137 0.0217847 0.0569874 -4.96441 -0.0213075 0.999733 -0.00896674 -2.21686 -0.0571676 0.00773582 0.998335 106.004 
0.99628 0.0192131 0.0840121 -4.91129 -0.0183029 0.999765 -0.0115913 -2.2298 -0.0842152 0.0100106 0.996397 106.399 
0.993332 0.0166121 0.114084 -4.84912 -0.015234 0.9998 -0.0129407 -2.23912 -0.114276 0.0111165 0.993387 106.782 
0.989118 0.0142939 0.146426 -4.76712 -0.0122601 0.999816 -0.0147824 -2.25259 -0.146611 0.0128264 0.989111 107.158 
0.983193 0.0118211 0.182184 -4.67445 -0.00900494 0.999827 -0.0162771 -2.26612 -0.182345 0.0143631 0.98313 107.525 
0.975319 0.00842148 0.220639 -4.56709 -0.00487263 0.99985 -0.0166236 -2.28226 -0.220746 0.0151382 0.975214 107.874 
0.96537 0.00628999 0.26081 -4.44848 -0.00176473 0.999844 -0.0175812 -2.29578 -0.26088 0.0165121 0.96523 108.217 
0.95302 0.00713713 0.302823 -4.32123 -0.00160124 0.999827 -0.0185251 -2.31159 -0.302903 0.01717 0.952867 108.549 
0.937668 0.0091729 0.347411 -4.18477 -0.00274597 0.999816 -0.0189872 -2.32626 -0.347521 0.0168497 0.937521 108.867 
0.919745 0.00928453 0.392407 -4.02922 -0.00247683 0.999838 -0.0178512 -2.33688 -0.392509 0.0154466 0.919619 109.177 
0.899296 0.00852115 0.437258 -3.8576 -0.00146499 0.999863 -0.0164719 -2.35121 -0.437339 0.0141726 0.899185 109.474 
0.875879 0.00727822 0.482476 -3.67347 0.000999118 0.999857 -0.0168967 -2.36533 -0.48253 0.0152815 0.875746 109.755 
0.850196 0.00789017 0.526408 -3.47778 0.00242725 0.999818 -0.0189061 -2.38101 -0.526462 0.0173516 0.850022 110.03 
0.822083 0.0100545 0.569279 -3.26887 0.0031348 0.999749 -0.0221842 -2.39752 -0.569359 0.0200219 0.821845 110.292 
0.790873 0.0148425 0.6118 -3.04772 0.00186196 0.999643 -0.0266585 -2.41044 -0.611978 0.0222227 0.790563 110.548 
0.756274 0.0212263 0.653911 -2.81011 -0.00143227 0.999525 -0.0307885 -2.42022 -0.654254 0.022348 0.755945 110.801 
0.718333 0.0260033 0.695213 -2.55553 -0.00363571 0.999428 -0.0336253 -2.43075 -0.69569 0.0216266 0.718017 111.037 
0.678271 0.0262984 0.734341 -2.27743 -0.00148693 0.999406 -0.0344175 -2.44521 -0.73481 0.0222525 0.677908 111.261 
0.636409 0.0238136 0.770984 -1.9786 0.0024665 0.999455 -0.0329064 -2.45815 -0.771348 0.0228436 0.636004 111.466 
0.591673 0.0219381 0.805879 -1.67226 0.00364967 0.999547 -0.0298898 -2.47264 -0.80617 0.0206262 0.591325 111.659 
0.54451 0.0205805 0.838502 -1.35014 0.00417974 0.99962 -0.0272493 -2.48427 -0.838744 0.0183422 0.544217 111.84 
0.495729 0.018053 0.86829 -1.01426 0.00539957 0.999701 -0.023868 -2.50152 -0.86846 0.0165204 0.495483 112.003 
0.444123 0.0141997 0.895853 -0.667727 0.00737444 0.999783 -0.0195029 -2.521 -0.895936 0.0152681 0.443922 112.147 
0.391759 0.0143451 0.919956 -0.298488 0.00477149 0.999833 -0.0176225 -2.53807 -0.920055 0.0112934 0.391625 112.282 
0.340074 0.0192108 0.940203 0.0631156 0.000881349 0.999784 -0.020747 -2.55545 -0.940398 0.00788415 0.339984 112.394 
0.289073 0.0244868 0.956994 0.450197 -4.64789e-05 0.999673 -0.0255648 -2.56753 -0.957307 0.0073456 0.288979 112.49 
0.241897 0.0264753 0.969941 0.83936 0.00144973 0.999617 -0.0276468 -2.58239 -0.970301 0.00809383 0.241766 112.564 
0.200347 0.0259847 0.97938 1.24884 0.00844454 0.999565 -0.0282477 -2.60086 -0.979689 0.0139298 0.200041 112.618 
0.165235 0.0259898 0.985912 1.67905 0.016151 0.999447 -0.0290535 -2.61292 -0.986122 0.0207241 0.164724 112.657 
0.134624 0.0273682 0.990519 2.1344 0.0206427 0.999324 -0.030417 -2.62335 -0.990682 0.0245418 0.133968 112.703 
0.106397 0.0258834 0.993987 2.59826 0.0185824 0.999435 -0.0280142 -2.63907 -0.99415 0.0214513 0.105856 112.746 
0.0809582 0.022354 0.996467 3.08269 0.0122892 0.99965 -0.0234238 -2.65598 -0.996642 0.0141422 0.0806552 112.786 
0.0570151 0.0183974 0.998204 3.5848 0.00732676 0.999796 -0.0188452 -2.6726 -0.998346 0.00838806 0.0568687 112.819 
0.0345261 0.0158852 0.999278 4.10278 0.0116625 0.999799 -0.0162964 -2.69132 -0.999336 0.0122167 0.0343339 112.823 
0.0142832 0.0164439 0.999763 4.6367 0.0193262 0.999673 -0.0167185 -2.7111 -0.999711 0.0195604 0.0139607 112.815 
-0.00297565 0.0189255 0.999817 5.19199 0.0242259 0.999529 -0.0188479 -2.72815 -0.999702 0.0241654 -0.00343274 112.802 
-0.0174265 0.0243869 0.999551 5.76808 0.0248379 0.999405 -0.0239503 -2.74095 -0.99954 0.0244093 -0.0180218 112.795 
-0.0282644 0.0290858 0.999177 6.36238 0.0223201 0.999346 -0.0284593 -2.7525 -0.999351 0.0214973 -0.0288951 112.786 
-0.0346936 0.0288663 0.998981 6.98208 0.0247679 0.999301 -0.0280153 -2.77055 -0.999091 0.0237707 -0.0353843 112.768 
-0.0373501 0.0256411 0.998973 7.63274 0.0310213 0.999219 -0.0244875 -2.79235 -0.998821 0.0300748 -0.0381163 112.748 
-0.0367797 0.0240215 0.999035 8.28842 0.0325863 0.999208 -0.0228259 -2.8138 -0.998792 0.0317153 -0.0375333 112.727 
-0.03472 0.02366 0.999117 8.97018 0.0314615 0.99925 -0.0225698 -2.83569 -0.998902 0.0306501 -0.0354384 112.718 
-0.0333395 0.0239248 0.999158 9.66825 0.0277891 0.999349 -0.0230021 -2.86043 -0.999058 0.0269988 -0.0339826 112.715 
-0.0322416 0.0251336 0.999164 10.3799 0.0267956 0.999346 -0.0242735 -2.88364 -0.999121 0.0259906 -0.032894 112.708 
-0.0311791 0.0259137 0.999178 11.1143 0.0266513 0.99933 -0.025086 -2.90819 -0.999158 0.0258473 -0.0318488 112.698 
-0.0303394 0.0254886 0.999215 11.8608 0.0263803 0.999347 -0.024691 -2.9319 -0.999192 0.0256105 -0.030992 112.69 
-0.0297355 0.0242658 0.999263 12.6261 0.0253182 0.999403 -0.0235157 -2.95671 -0.999237 0.0246003 -0.0303321 112.685 
-0.0293064 0.0229012 0.999308 13.4053 0.0261898 0.999412 -0.0221355 -2.98272 -0.999227 0.0255229 -0.029889 112.675 
-0.0298093 0.0207144 0.999341 14.1919 0.0266669 0.999446 -0.0199211 -3.00921 -0.9992 0.0260555 -0.0303452 112.664 
-0.030914 0.0189643 0.999342 14.9813 0.0243604 0.999537 -0.0182144 -3.03697 -0.999225 0.0237813 -0.0313617 112.654 
-0.032061 0.0178777 0.999326 15.7781 0.0234217 0.999579 -0.0171308 -3.06225 -0.999211 0.0228567 -0.0324662 112.642 
-0.0330346 0.0152394 0.999338 16.585 0.0258617 0.999562 -0.0143879 -3.08466 -0.99912 0.0253693 -0.0334143 112.623 
-0.0342811 0.013763 0.999318 17.4074 0.0272553 0.999546 -0.0128311 -3.10573 -0.999041 0.0267969 -0.0346406 112.606 
-0.0360541 0.012782 0.999268 18.2388 0.0246336 0.999626 -0.0118978 -3.13427 -0.999046 0.0241866 -0.0363555 112.594 
-0.0368379 0.0175102 0.999168 19.0681 0.0219081 0.99962 -0.0167104 -3.15628 -0.999081 0.0212743 -0.0372076 112.577 
-0.0375445 0.0221592 0.999049 19.9022 0.0231197 0.999506 -0.0213004 -3.1807 -0.999028 0.022298 -0.0380382 112.556 
-0.0386028 0.023741 0.998973 20.7445 0.0234659 0.999464 -0.0228459 -3.20934 -0.998979 0.0225599 -0.0391392 112.539 
-0.0401141 0.0215536 0.998963 21.5986 0.0199396 0.999586 -0.0207663 -3.23882 -0.998996 0.0190859 -0.0405273 112.526 
-0.0412119 0.017207 0.999002 22.4496 0.0171123 0.999717 -0.0165134 -3.27126 -0.999004 0.0164146 -0.0414947 112.514 
-0.0413766 0.011872 0.999073 23.3035 0.0156172 0.999815 -0.011234 -3.29917 -0.999022 0.0151379 -0.0415543 112.493 
-0.0415453 0.00626327 0.999117 24.158 0.0121556 0.99991 -0.00576274 -3.32145 -0.999063 0.0119054 -0.0416177 112.475 
-0.0414292 0.00484606 0.99913 25.0093 0.00953612 0.999945 -0.00445455 -3.34631 -0.999096 0.00934327 -0.0414732 112.46 
-0.0405044 0.0116786 0.999111 25.8535 0.0124716 0.99986 -0.0111817 -3.37381 -0.999102 0.0120076 -0.0406444 112.44 
-0.0392777 0.022817 0.998968 26.6875 0.0147386 0.999644 -0.0222529 -3.39751 -0.99912 0.0138494 -0.0396 112.416 
-0.038729 0.0280407 0.998856 27.5248 0.0166369 0.999486 -0.0274133 -3.42139 -0.999111 0.0155562 -0.0391756 112.399 
-0.0373102 0.0224712 0.999051 28.3679 0.0182632 0.999596 -0.0218014 -3.45481 -0.999137 0.0174324 -0.0377055 112.379 
-0.0362306 0.0145802 0.999237 29.2142 0.0212699 0.999678 -0.0138154 -3.48817 -0.999117 0.0207531 -0.0365291 112.357 
-0.0356814 0.0116109 0.999296 30.0423 0.0222753 0.999693 -0.0108201 -3.51404 -0.999115 0.0218735 -0.0359291 112.34 
-0.0357091 0.0122466 0.999287 30.8686 0.0210922 0.999711 -0.011498 -3.53933 -0.99914 0.0206666 -0.0359571 112.324 
-0.0365619 0.0131805 0.999245 31.6891 0.0182758 0.999755 -0.0125185 -3.56506 -0.999164 0.0178043 -0.0367938 112.313 
-0.0382696 0.0133315 0.999179 32.5053 0.0162697 0.999787 -0.0127165 -3.59038 -0.999135 0.0157696 -0.0384784 112.297 
-0.0402551 0.0132642 0.999101 33.3202 0.0162365 0.999789 -0.0126191 -3.61868 -0.999058 0.0157139 -0.040462 112.277 
-0.0423825 0.0136051 0.999009 34.1336 0.015096 0.999802 -0.0129754 -3.64511 -0.998987 0.0145311 -0.0425795 112.26 
-0.0444856 0.013911 0.998913 34.9416 0.0132803 0.999823 -0.0133322 -3.66898 -0.998922 0.0126728 -0.0446625 112.243 
-0.0464025 0.0130868 0.998837 35.746 0.0116475 0.999853 -0.0125589 -3.69428 -0.998855 0.0110512 -0.0465481 112.218 
-0.0484087 0.0118903 0.998757 36.5443 0.0125189 0.999858 -0.0112966 -3.7217 -0.998749 0.0119565 -0.0485507 112.194 
-0.0500527 0.0119612 0.998675 37.3376 0.0125537 0.999857 -0.0113461 -3.7489 -0.998668 0.0119692 -0.0501957 112.165 
-0.051922 0.0130247 0.998566 38.1237 0.0124288 0.999846 -0.0123951 -3.77072 -0.998574 0.0117674 -0.0520759 112.14 
-0.0528044 0.0132716 0.998517 38.9063 0.0129502 0.999837 -0.0126043 -3.79571 -0.998521 0.0122655 -0.0529676 112.112 
-0.0539193 0.0121622 0.998471 39.6896 0.0150286 0.999822 -0.011367 -3.81897 -0.998432 0.0143927 -0.0540925 112.082 
-0.0553677 0.01135 0.998402 40.4656 0.0152726 0.999828 -0.0105192 -3.84618 -0.998349 0.0146657 -0.0555315 112.052 
-0.0565152 0.0109047 0.998342 41.2348 0.0138365 0.999853 -0.0101379 -3.87045 -0.998306 0.0132406 -0.0566577 112.023 
-0.05766 0.0101018 0.998285 41.9899 0.0123073 0.99988 -0.009407 -3.89183 -0.99826 0.0117438 -0.0577774 111.997 
-0.0584692 0.00877301 0.998251 42.7329 0.0111842 0.999904 -0.00813243 -3.91493 -0.998227 0.0106892 -0.0585618 111.971 
-0.0593338 0.00865648 0.998201 43.4518 0.0113711 0.999903 -0.0079953 -3.93523 -0.998173 0.0108762 -0.0594265 111.945 
-0.0593873 0.0111562 0.998173 44.1582 0.0117669 0.999876 -0.0104751 -3.95927 -0.998166 0.0111233 -0.0595112 111.916 
-0.0591693 0.0139553 0.99815 44.8637 0.0118228 0.999842 -0.0132781 -3.98191 -0.998178 0.0110153 -0.0593249 111.883 
-0.0590584 0.0154511 0.998135 45.5667 0.00990927 0.99984 -0.0148912 -4.00615 -0.998205 0.00901134 -0.059202 111.855 
-0.0589988 0.0163039 0.998125 46.2655 0.0105704 0.999821 -0.0157067 -4.02951 -0.998202 0.00962392 -0.0591606 111.825 
-0.0586545 0.0161388 0.998148 46.9598 0.0120006 0.999809 -0.0154604 -4.05239 -0.998206 0.0110716 -0.0588369 111.791 
-0.058947 0.016004 0.998133 47.6624 0.0131808 0.999797 -0.0152522 -4.06805 -0.998174 0.0122571 -0.0591459 111.764 
-0.0593262 0.0162373 0.998107 48.3562 0.00936817 0.999833 -0.0157085 -4.08942 -0.998195 0.00841851 -0.0594684 111.744 
-0.0590247 0.0162749 0.998124 49.0428 0.00685989 0.99985 -0.0158973 -4.11719 -0.998233 0.00590868 -0.0591275 111.72 
-0.0587459 0.0150445 0.99816 49.7283 0.00917859 0.999852 -0.0145298 -4.13879 -0.998231 0.00830813 -0.0588753 111.689 
-0.0597288 0.0145397 0.998109 50.4079 0.00953406 0.999857 -0.0139946 -4.15826 -0.998169 0.00868015 -0.0598588 111.66 
-0.0632028 0.0138529 0.997905 51.0822 0.00624915 0.99989 -0.0134846 -4.18387 -0.997981 0.00538379 -0.0632824 111.633 
-0.0683785 0.0134019 0.997569 51.7584 0.00221623 0.999909 -0.0132814 -4.20796 -0.997657 0.00130268 -0.068402 111.604 
-0.0741182 0.0172951 0.9971 52.429 0.00598401 0.999839 -0.0168978 -4.22733 -0.997232 0.00471422 -0.0742098 111.561 
-0.0806069 0.0202633 0.99654 53.1045 0.00833871 0.999772 -0.0196545 -4.24614 -0.996711 0.00672557 -0.0807575 111.511 
-0.0880452 0.0219581 0.995874 53.7742 0.00771272 0.999742 -0.0213614 -4.26818 -0.996087 0.00580012 -0.0881918 111.464 
-0.0941581 0.0211598 0.995332 54.4565 0.00407087 0.999774 -0.0208691 -4.29311 -0.995549 0.00208687 -0.0942229 111.414 
-0.0995376 0.02007 0.994831 55.1465 0.00383265 0.999797 -0.0197867 -4.31634 -0.995026 0.00184332 -0.0995943 111.36 
-0.104135 0.0208167 0.994345 55.8424 0.00171983 0.999783 -0.0207504 -4.33726 -0.994562 -0.000450738 -0.104148 111.303 
-0.108103 0.0202236 0.993934 56.5443 -0.000407826 0.999792 -0.0203871 -4.35894 -0.99414 -0.00260926 -0.108072 111.243 
-0.110603 0.0170367 0.993719 57.255 0.00027697 0.999854 -0.0171111 -4.38116 -0.993865 -0.0016173 -0.110591 111.175 
-0.112344 0.0138824 0.993572 57.9675 0.00231613 0.999903 -0.013709 -4.4028 -0.993667 0.000761118 -0.112365 111.105 
-0.113638 0.0110292 0.993461 58.6923 0.00207359 0.999939 -0.0108639 -4.42585 -0.99352 0.000825485 -0.113654 111.034 
-0.114883 0.0109055 0.993319 59.4162 0.00114407 0.999941 -0.0108459 -4.44364 -0.993378 -0.000109584 -0.114889 110.966 
-0.115161 0.0145835 0.99324 60.1463 0.00302298 0.999893 -0.0143307 -4.46352 -0.993342 0.0013522 -0.115193 110.893 
-0.114962 0.0186166 0.993196 60.89 0.00886406 0.999804 -0.0177144 -4.48405 -0.99333 0.00676725 -0.115104 110.807 
-0.115197 0.0234131 0.993067 61.6325 0.0163847 0.999631 -0.0216672 -4.51024 -0.993208 0.0137751 -0.115539 110.719 
-0.115797 0.0248074 0.992963 62.3866 0.0172662 0.999587 -0.0229593 -4.53145 -0.993123 0.0144861 -0.116177 110.64 
-0.116009 0.0224929 0.992994 63.1431 0.0152942 0.999666 -0.0208572 -4.55897 -0.99313 0.0127674 -0.116314 110.568 
-0.115781 0.017678 0.993117 63.8956 0.0156932 0.999749 -0.0159665 -4.58589 -0.993151 0.0137366 -0.11603 110.491 
-0.11546 0.0155895 0.99319 64.6467 0.0179259 0.999747 -0.0136085 -4.61236 -0.99315 0.0162326 -0.11571 110.41 
-0.116322 0.0152146 0.993095 65.3987 0.0181503 0.999748 -0.0131905 -4.63771 -0.993046 0.0164906 -0.116569 110.331 
-0.117978 0.0160251 0.992887 66.1445 0.01678 0.999759 -0.0141421 -4.66396 -0.992874 0.0149922 -0.118218 110.258 
-0.120046 0.0166762 0.992628 66.8879 0.0160272 0.999761 -0.0148577 -4.68694 -0.992639 0.0141254 -0.120284 110.181 
-0.121985 0.0169166 0.992388 67.6335 0.0175099 0.999736 -0.0148895 -4.71124 -0.992377 0.0155603 -0.122249 110.098 
-0.123666 0.01705 0.992177 68.3748 0.0179173 0.999728 -0.0149464 -4.73578 -0.992162 0.0159288 -0.123938 110.015 
-0.125517 0.0166883 0.991951 69.12 0.0176377 0.999738 -0.0145874 -4.75908 -0.991935 0.0156648 -0.125779 109.934 
-0.127036 0.0170283 0.991752 69.8699 0.0155566 0.999764 -0.0151731 -4.78263 -0.991776 0.0135007 -0.127271 109.854 
-0.128164 0.0184954 0.991581 70.6362 0.0159305 0.999736 -0.0165884 -4.8084 -0.991625 0.0136703 -0.128424 109.772 
-0.129051 0.0189131 0.991458 71.3999 0.0149705 0.999741 -0.0171225 -4.8325 -0.991525 0.012633 -0.129301 109.69 
-0.130361 0.0194022 0.991277 72.1735 0.0149757 0.999733 -0.0175982 -4.85218 -0.991353 0.0125509 -0.130617 109.607 
-0.131507 0.0177373 0.991157 72.9543 0.0153511 0.999757 -0.0158543 -4.87668 -0.991196 0.0131304 -0.131747 109.52 
-0.132632 0.0154903 0.991044 73.7431 0.0131643 0.999817 -0.0138656 -4.90131 -0.991078 0.0112074 -0.132811 109.436 
-0.134319 0.0136364 0.990844 74.5364 0.0104112 0.99987 -0.0123492 -4.92119 -0.990883 0.00865712 -0.134444 109.349 
-0.136442 0.0129848 0.990563 75.3303 0.0118501 0.999864 -0.0114744 -4.94597 -0.990577 0.0101727 -0.136578 109.253 
-0.1382 0.0136793 0.99031 76.1269 0.0130378 0.999843 -0.0119915 -4.96639 -0.990319 0.0112543 -0.138357 109.155 
-0.14041 0.014925 0.989981 76.9326 0.0125541 0.999833 -0.0132929 -4.98756 -0.990014 0.0105619 -0.140574 109.058 
-0.141831 0.018606 0.989716 77.7415 0.0141584 0.999759 -0.0167658 -5.01098 -0.98979 0.0116348 -0.14206 108.955 
-0.142375 0.0224488 0.989558 78.5513 0.0160985 0.999663 -0.0203618 -5.03865 -0.989682 0.0130314 -0.142688 108.852 
-0.143406 0.0263638 0.989313 79.3693 0.0172818 0.999559 -0.0241317 -5.0669 -0.989513 0.0136365 -0.143798 108.748 
-0.143158 0.0276025 0.989315 80.2004 0.019506 0.999496 -0.0250639 -5.09493 -0.989508 0.0157095 -0.143624 108.642 
-0.142663 0.026921 0.989405 81.0381 0.0232991 0.999444 -0.0238346 -5.12731 -0.989497 0.0196519 -0.143211 108.533 
-0.142527 0.0251657 0.989471 81.8844 0.0238702 0.999473 -0.0219817 -5.15711 -0.989503 0.0204859 -0.143052 108.427 
-0.141952 0.023592 0.989592 82.73 0.0232169 0.99952 -0.0204983 -5.18681 -0.989601 0.0200655 -0.142431 108.325 
-0.140224 0.0210869 0.989895 83.5814 0.0224056 0.999585 -0.0181194 -5.21655 -0.989866 0.0196384 -0.140638 108.225 
-0.138595 0.0179251 0.990187 84.4409 0.0228804 0.999627 -0.0148935 -5.24469 -0.990085 0.0205917 -0.138953 108.123 
-0.137052 0.014618 0.990456 85.298 0.0235073 0.999658 -0.011501 -5.27023 -0.990285 0.0217067 -0.137349 108.022 
-0.13549 0.0144945 0.990673 86.1584 0.0218486 0.999694 -0.0116383 -5.29665 -0.990538 0.0200679 -0.135765 107.926 
-0.134006 0.0185691 0.990807 86.9992 0.0227734 0.999618 -0.0156541 -5.32572 -0.990719 0.0204663 -0.134378 107.825 
-0.131957 0.0248117 0.990945 87.8553 0.0235434 0.999483 -0.0218903 -5.35406 -0.990976 0.0204416 -0.132473 107.722 
-0.130616 0.0282656 0.99103 88.7094 0.0214612 0.99944 -0.0256768 -5.3839 -0.991201 0.0179149 -0.131149 107.629 
-0.129161 0.0257958 0.991288 89.5667 0.0200508 0.999525 -0.0233976 -5.4174 -0.991421 0.016854 -0.129617 107.533 
-0.127879 0.0231545 0.991519 90.4273 0.0203203 0.999579 -0.0207219 -5.45211 -0.991582 0.017498 -0.128296 107.437 
-0.127202 0.0216386 0.991641 91.3019 0.0214368 0.999589 -0.0190622 -5.48266 -0.991645 0.0188328 -0.127614 107.341 
-0.126459 0.0212916 0.991743 92.1698 0.0203116 0.999616 -0.0188706 -5.5139 -0.991764 0.0177575 -0.126842 107.248 
-0.125751 0.021148 0.991836 93.034 0.0198764 0.999626 -0.018794 -5.54745 -0.991863 0.0173507 -0.126125 107.15 
-0.124925 0.0193771 0.991977 93.9011 0.0224524 0.999608 -0.0166986 -5.57717 -0.991912 0.0201861 -0.125312 107.053 
-0.123564 0.018655 0.992161 94.7682 0.0250396 0.999564 -0.0156757 -5.60926 -0.992021 0.0229064 -0.123978 106.952 
-0.122764 0.0199315 0.992236 95.6366 0.0271365 0.999492 -0.0167198 -5.64052 -0.992065 0.0248732 -0.123243 106.855 
-0.12168 0.0221361 0.992323 96.5056 0.0278949 0.999433 -0.0188741 -5.66911 -0.992177 0.0253841 -0.122229 106.757 
-0.120861 0.0235689 0.99239 97.3774 0.0251592 0.99947 -0.020673 -5.70291 -0.992351 0.0224692 -0.12139 106.67 
-0.120118 0.0194499 0.992569 98.2409 0.0201956 0.999649 -0.0171446 -5.73182 -0.992554 0.0179861 -0.120468 106.587 
-0.119952 0.0173268 0.992629 99.1057 0.015742 0.999755 -0.0155488 -5.76616 -0.992655 0.0137608 -0.120195 106.5 
-0.120942 0.0176812 0.992502 99.9547 0.0123226 0.999791 -0.0163094 -5.79803 -0.992583 0.0102577 -0.121135 106.415 
-0.121945 0.0222333 0.992288 100.8 0.00934871 0.999731 -0.0212512 -5.83145 -0.992493 0.00668513 -0.12212 106.33 
-0.122636 0.0247163 0.992144 101.641 0.00855444 0.999679 -0.0238466 -5.86298 -0.992415 0.00556278 -0.122808 106.241 
-0.122993 0.0251364 0.992089 102.477 0.00932683 0.999664 -0.024172 -5.89804 -0.992364 0.00628006 -0.123186 106.15 
-0.123059 0.024564 0.992095 103.307 0.0109238 0.999667 -0.0233964 -5.93479 -0.992339 0.00795829 -0.123286 106.056 
-0.123482 0.0253318 0.992023 104.134 0.0122917 0.999637 -0.0239961 -5.96857 -0.992271 0.00923052 -0.123749 105.965 
-0.123791 0.0283411 0.991904 104.952 0.0137017 0.999546 -0.0268495 -6.00712 -0.992214 0.0102671 -0.124123 105.875 
-0.124205 0.0297935 0.991809 105.766 0.0134505 0.999508 -0.0283403 -6.04341 -0.992165 0.00982034 -0.124544 105.785 
-0.125351 0.0302098 0.991652 106.579 0.0119475 0.99951 -0.0289389 -6.07818 -0.99204 0.00822019 -0.125651 105.702 
-0.127422 0.029055 0.991423 107.387 0.0102938 0.999556 -0.0279703 -6.11708 -0.991795 0.00664147 -0.127664 105.613 
-0.130462 0.0302323 0.990992 108.187 0.0102266 0.999523 -0.0291462 -6.15617 -0.991401 0.00633197 -0.130709 105.522 
-0.133777 0.0328025 0.990468 108.979 0.00970793 0.999448 -0.0317886 -6.19617 -0.990964 0.00536281 -0.134021 105.432 
-0.136999 0.034218 0.98998 109.767 0.00825491 0.999408 -0.0334015 -6.23287 -0.990537 0.00359623 -0.1372 105.339 
-0.140244 0.0343994 0.989519 110.552 0.00866357 0.999401 -0.033515 -6.27067 -0.990079 0.00387247 -0.140458 105.243 
-0.143072 0.032909 0.989165 111.336 0.00997881 0.999444 -0.0318076 -6.31225 -0.989662 0.0053199 -0.143321 105.142 
-0.145508 0.0338853 0.988777 112.112 0.0115575 0.999403 -0.0325486 -6.35145 -0.98929 0.00669175 -0.145812 105.037 
-0.147387 0.0383268 0.988336 112.885 0.00706398 0.999264 -0.0376972 -6.3936 -0.989054 0.00142549 -0.14755 104.942 
-0.149094 0.0451732 0.987791 113.654 0.00461019 0.998977 -0.0449889 -6.43984 -0.988812 -0.00215368 -0.14915 104.845 
-0.151579 0.0481393 0.987272 114.419 0.00898777 0.998839 -0.0473233 -6.48058 -0.988404 0.00170014 -0.151836 104.734 
-0.154158 0.0463549 0.986958 115.188 0.0111708 0.998917 -0.0451717 -6.52206 -0.987983 0.00406154 -0.154509 104.621 
-0.157279 0.0384404 0.986806 115.966 0.00949921 0.999255 -0.0374114 -6.57166 -0.987509 0.00348985 -0.157527 104.513 
-0.159431 0.0362862 0.986542 116.737 0.00855031 0.999338 -0.035375 -6.61835 -0.987172 0.00279535 -0.159636 104.404 
-0.160912 0.039201 0.98619 117.496 0.00818072 0.99923 -0.0383845 -6.65976 -0.986935 0.00189121 -0.161109 104.291 
-0.163668 0.0427061 0.985591 118.249 0.00564406 0.999087 -0.0423536 -6.70003 -0.986499 -0.00136921 -0.16376 104.182 
-0.166087 0.0452671 0.985072 118.995 0.00512332 0.998972 -0.045042 -6.74465 -0.986098 -0.00243406 -0.166148 104.069 
-0.167703 0.0493322 0.984603 119.737 0.00896333 0.998782 -0.048516 -6.7952 -0.985797 0.000689053 -0.167941 103.948 
-0.16962 0.0539146 0.984034 120.482 0.00934745 0.998546 -0.0530985 -6.84115 -0.985465 0.000191655 -0.169877 103.835 
-0.172798 0.0562854 0.983348 121.231 0.00856475 0.998414 -0.0556427 -6.88657 -0.98492 -0.00119284 -0.173006 103.725 
-0.175113 0.0540125 0.983066 121.98 0.009502 0.99854 -0.0531701 -6.93494 -0.984503 3.03171e-05 -0.17537 103.608 
-0.178883 0.0506092 0.982568 122.722 0.0136015 0.998708 -0.0489642 -6.9847 -0.983776 0.00460551 -0.179341 103.478 
-0.184605 0.0490527 0.981588 123.462 0.015792 0.998773 -0.0469415 -7.03481 -0.982686 0.00683554 -0.185154 103.349 
-0.190789 0.0478978 0.980462 124.195 0.0145606 0.998837 -0.0459621 -7.08076 -0.981523 0.00550705 -0.191265 103.221 
-0.199142 0.0481479 0.978787 124.924 0.013545 0.998832 -0.0463781 -7.12874 -0.979877 0.00402188 -0.199562 103.086 
-0.209882 0.048498 0.976523 125.647 0.0129374 0.998819 -0.0468247 -7.17575 -0.977641 0.00280604 -0.210262 102.944 
-0.221665 0.049334 0.973874 126.361 0.0134071 0.998779 -0.0475439 -7.22219 -0.975031 0.00251803 -0.222056 102.788 
-0.234088 0.0501984 0.970919 127.075 0.0146886 0.998735 -0.0480951 -7.26798 -0.972105 0.00300294 -0.234529 102.624 
-0.245774 0.0502387 0.968025 127.784 0.0178945 0.998721 -0.0472885 -7.31239 -0.969162 0.00570007 -0.246358 102.448 
-0.256604 0.0504666 0.965198 128.488 0.0212126 0.998689 -0.0465782 -7.3563 -0.966284 0.00852221 -0.257338 102.26 
-0.266688 0.0504028 0.962464 129.191 0.0249852 0.998658 -0.0453751 -7.4001 -0.963459 0.0119464 -0.26759 102.068 
-0.275409 0.0508831 0.95998 129.887 0.0306895 0.998555 -0.0441232 -7.44627 -0.960837 0.0173094 -0.276572 101.868 
-0.282991 0.0509236 0.95777 130.578 0.0358829 0.998453 -0.0424844 -7.49117 -0.958451 0.0223448 -0.28438 101.665 
-0.289177 0.0510656 0.955913 131.27 0.0362394 0.998444 -0.0423747 -7.53498 -0.95659 0.0223879 -0.290577 101.463 
-0.293809 0.0492996 0.954592 131.955 0.0400679 0.998427 -0.0392311 -7.57351 -0.955024 0.026722 -0.295322 101.257 
-0.295679 0.0466395 0.954148 132.643 0.0459463 0.998346 -0.0345616 -7.61031 -0.954182 0.0336205 -0.297333 101.043 
-0.296683 0.0452883 0.953902 133.32 0.0523388 0.998145 -0.0311104 -7.64784 -0.953541 0.0406961 -0.298503 100.831 
-0.297405 0.0437229 0.95375 133.993 0.0547948 0.998086 -0.0286689 -7.68636 -0.953178 0.0437343 -0.299232 100.626 
-0.297121 0.0489904 0.953582 134.655 0.0569938 0.997812 -0.0335044 -7.7217 -0.953137 0.0443934 -0.299263 100.428 
-0.295663 0.0522057 0.953865 135.321 0.0570732 0.997687 -0.0369135 -7.75706 -0.953586 0.0435261 -0.297959 100.23 
-0.294767 0.0521141 0.954147 135.982 0.0590075 0.997599 -0.036258 -7.79113 -0.953745 0.0456141 -0.297135 100.034 
-0.293134 0.0506478 0.954729 136.641 0.0602768 0.997588 -0.0344144 -7.82619 -0.954169 0.0474599 -0.29548 99.8416 
-0.291094 0.0478116 0.955499 137.299 0.0625268 0.997566 -0.0308676 -7.86634 -0.954649 0.0507589 -0.293375 99.6457 
-0.289999 0.0483642 0.955804 137.941 0.0632315 0.997508 -0.0312895 -7.90499 -0.954936 0.0513629 -0.292335 99.4627 
-0.28742 0.0508213 0.956455 138.578 0.0644898 0.997352 -0.0336147 -7.93737 -0.955631 0.0520201 -0.289936 99.2792 
-0.283151 0.0522 0.957654 139.215 0.0657917 0.997223 -0.0349041 -7.97246 -0.956816 0.0531225 -0.285799 99.1002 
-0.277733 0.0514007 0.959282 139.85 0.0669869 0.997173 -0.0340368 -8.00666 -0.95832 0.0548062 -0.280391 98.926 
-0.272336 0.0496656 0.96092 140.482 0.0684805 0.997135 -0.0321292 -8.04281 -0.959762 0.0570543 -0.274957 98.7569 
-0.267598 0.0476396 0.962352 141.106 0.0682879 0.997203 -0.0303762 -8.07725 -0.961108 0.0575884 -0.270102 98.5934 
-0.263682 0.0468082 0.963473 141.727 0.0682697 0.997223 -0.0297638 -8.11124 -0.962191 0.0579279 -0.266145 98.4361 
-0.259786 0.0454099 0.964598 142.349 0.0689674 0.997215 -0.0283711 -8.14061 -0.9632 0.0591555 -0.262194 98.2801 
-0.256061 0.0440277 0.965657 142.965 0.0722586 0.997039 -0.0262978 -8.16969 -0.963956 0.0630432 -0.258485 98.125 
-0.252417 0.042429 0.966688 143.578 0.0739418 0.996963 -0.0244504 -8.19667 -0.964789 0.065307 -0.254788 97.9727 
-0.249017 0.0409631 0.967633 144.182 0.0721669 0.997112 -0.0236392 -8.22848 -0.965807 0.0639445 -0.251254 97.8298 
-0.245482 0.04175 0.968502 144.779 0.0692329 0.997276 -0.0254422 -8.26177 -0.966926 0.0608066 -0.247703 97.6956 
-0.24119 0.0453264 0.969419 145.372 0.0703514 0.997097 -0.0291172 -8.2879 -0.967925 0.0611772 -0.243679 97.5652 
-0.235365 0.0485128 0.970696 145.954 0.0720536 0.996876 -0.0323503 -8.31455 -0.969232 0.062328 -0.238125 97.4311 
-0.228767 0.0494698 0.972224 146.541 0.0712418 0.996881 -0.033961 -8.34378 -0.970871 0.0614938 -0.231578 97.3093 
