1 2.12261e-08 -2.11895e-08 0 2.12261e-08 1 2.10703e-08 0 -2.11895e-08 2.10703e-08 1 0 
0.999998 0.000718817 0.0017655 -0.0227441 -0.000717168 0.999999 -0.000910393 -0.0212593 -0.00176619 0.000909167 0.999998 1.21248 
0.999995 0.000882885 0.00297581 -0.0366368 -0.000881386 1 -0.000490856 -0.0414301 -0.00297629 0.000488273 0.999995 2.42899 
0.999992 0.000203266 0.00395575 -0.0513965 -0.000202553 1 -0.000169882 -0.0635289 -0.00395582 0.000169121 0.999992 3.63248 
0.99999 -0.000333416 0.00456039 -0.0653554 0.000333837 1 -8.21976e-05 -0.083918 -0.00456041 8.37612e-05 0.99999 4.83869 
0.999986 -0.000603635 0.0053107 -0.0764623 0.000603638 1 8.93659e-06 -0.105414 -0.00531075 -5.68868e-06 0.999986 6.05229 
0.999983 -0.0002555 0.00589049 -0.0876139 0.000261616 0.999999 -0.00103038 -0.126962 -0.00589027 0.00103195 0.999982 7.25654 
0.999979 -0.000655786 0.0064408 -0.0945017 0.000665325 0.999999 -0.00147241 -0.146321 -0.00643987 0.00147671 0.999978 8.47368 
0.999978 -0.0011717 0.0065383 -0.109843 0.00117213 0.999999 -5.48533e-05 -0.165268 -0.00653827 6.25579e-05 0.999979 9.69839 
0.999984 -0.00188147 0.00539828 -0.131237 0.00187723 0.999998 0.000798081 -0.183822 -0.00539981 -0.000787892 0.999985 10.9184 
0.999991 -0.0030495 0.00296452 -0.148898 0.0030489 0.999995 0.000223101 -0.202549 -0.00296523 -0.000214019 0.999996 12.1325 
0.999996 -0.00278562 0.000887339 -0.171336 0.00278591 0.999996 -0.000276012 -0.222531 -0.000886609 0.000278525 1 13.3394 
0.999997 -0.00241226 -0.000426284 -0.194806 0.00241211 0.999997 -0.000449398 -0.243479 0.000427324 0.000448411 1 14.5476 
0.999999 -0.00111611 -0.000937391 -0.227052 0.00111554 0.999999 -0.000654194 -0.265512 0.000938079 0.00065319 0.999999 15.7689 
0.999997 -0.0016097 -0.00158134 -0.251314 0.00160853 0.999998 -0.000763816 -0.284206 0.00158252 0.000761313 0.999999 16.9808 
0.999996 -0.00219382 -0.00205571 -0.279857 0.00219351 0.999998 -0.000172385 -0.308252 0.00205604 0.000167918 0.999998 18.2004 
0.999993 -0.0027194 -0.00252625 -0.306949 0.00271995 0.999996 0.000195992 -0.333809 0.00252567 -0.00020282 0.999997 19.4206 
0.999993 -0.00254351 -0.00292478 -0.340206 0.00254153 0.999997 -0.000697189 -0.355976 0.0029265 0.000689793 0.999996 20.6386 
0.99999 -0.00282691 -0.0033886 -0.371281 0.00282165 0.999995 -0.00156802 -0.376464 0.00339297 0.00155848 0.999993 21.8437 
0.999989 -0.00221739 -0.00421134 -0.400899 0.00221311 0.999997 -0.00103159 -0.398068 0.00421357 0.0010223 0.999991 23.0485 
0.999985 -0.00235948 -0.00495011 -0.428907 0.00235405 0.999997 -0.00111045 -0.420326 0.00495267 0.00109883 0.999987 24.2583 
0.99998 -0.00237137 -0.00587708 -0.457408 0.00236079 0.999996 -0.00181286 -0.442952 0.00588131 0.00179899 0.999981 25.4601 
0.999976 -0.00177029 -0.0067445 -0.48675 0.00176304 0.999998 -0.00108759 -0.464787 0.00674637 0.00107571 0.999977 26.6672 
0.999966 -0.00312988 -0.00758482 -0.511048 0.00313442 0.999995 0.000582102 -0.484207 0.00758292 -0.000605814 0.999971 27.8751 
0.999955 -0.00348354 -0.00881011 -0.531228 0.00348996 0.999994 0.000708315 -0.502838 0.00880754 -0.000738988 0.999961 29.114 
0.999943 -0.00443914 -0.00969402 -0.562166 0.00443781 0.99999 -0.000163062 -0.524362 0.00969461 0.000120075 0.999953 30.3215 
0.99993 -0.00498878 -0.0107249 -0.589819 0.0049762 0.999987 -0.00120314 -0.545969 0.0107307 0.00114973 0.999942 31.5434 
0.999925 -0.00440944 -0.0114005 -0.623034 0.00439653 0.99999 -0.00116058 -0.567721 0.0114054 0.00111041 0.999934 32.753 
0.999917 -0.00508737 -0.011861 -0.660364 0.00508024 0.999987 -0.000634711 -0.587065 0.011864 0.000574444 0.999929 33.9692 
0.999907 -0.00535372 -0.0125071 -0.700177 0.00534988 0.999986 -0.000344065 -0.605733 0.0125087 0.000277164 0.999922 35.1797 
0.999897 -0.00594924 -0.0130777 -0.736578 0.00594386 0.999982 -0.000453545 -0.62851 0.0130801 0.000375809 0.999914 36.3909 
0.999884 -0.00656009 -0.013784 -0.773423 0.00655515 0.999978 -0.000406409 -0.652463 0.0137863 0.000316048 0.999905 37.5902 
0.999874 -0.00766972 -0.0138922 -0.811682 0.00767267 0.999971 0.000155709 -0.673699 0.0138906 -0.000262238 0.999904 38.8028 
0.999875 -0.00760805 -0.0138551 -0.85045 0.00762995 0.99997 0.00152484 -0.69866 0.013843 -0.00163032 0.999903 40.0211 
0.99988 -0.00716606 -0.0137338 -0.893358 0.00719857 0.999971 0.00231617 -0.716992 0.0137168 -0.00241471 0.999903 41.2415 
0.999888 -0.0064106 -0.0135157 -0.936912 0.00643594 0.999978 0.00182928 -0.735628 0.0135036 -0.00191602 0.999907 42.4654 
0.9999 -0.00543272 -0.0130628 -0.981028 0.00545606 0.999984 0.00174882 -0.753139 0.0130531 -0.00181987 0.999913 43.6838 
0.999919 -0.00286808 -0.0124244 -1.02076 0.00291237 0.99999 0.00354514 -0.772559 0.0124141 -0.00358099 0.999917 44.9086 
0.999936 -0.00316391 -0.0108621 -1.05687 0.00323723 0.999972 0.00673573 -0.792617 0.0108404 -0.00677042 0.999918 46.1199 
0.999954 -0.00287296 -0.00918969 -1.08838 0.00296001 0.999951 0.00946866 -0.805944 0.009162 -0.00949538 0.999913 47.3448 
0.999969 -0.00232877 -0.00748371 -1.12028 0.00242459 0.999915 0.012814 -0.813186 0.00745319 -0.0128317 0.99989 48.5694 
0.999975 -0.00347092 -0.00610785 -1.15155 0.00355663 0.999895 0.0140718 -0.819852 0.00605833 -0.0140931 0.999882 49.7797 
0.999972 -0.00576852 -0.00468872 -1.17464 0.00582731 0.999903 0.0126146 -0.826113 0.00461546 -0.0126416 0.999909 50.9943 
0.999981 -0.00494334 -0.00372501 -1.19905 0.00498385 0.999928 0.0109345 -0.832198 0.00367065 -0.0109528 0.999933 52.2079 
0.999986 -0.00437355 -0.00287745 -1.22528 0.00440303 0.999937 0.0103029 -0.836291 0.00283216 -0.0103154 0.999943 53.421 
0.999984 -0.00486655 -0.00287573 -1.24925 0.00489478 0.999939 0.00987935 -0.846189 0.00282743 -0.00989322 0.999947 54.631 
0.999977 -0.00562047 -0.00375879 -1.2722 0.00565355 0.999945 0.00883767 -0.854918 0.00370887 -0.00885868 0.999954 55.8548 
0.999972 -0.00541592 -0.00512127 -1.30488 0.00546288 0.999943 0.00919204 -0.863961 0.00507116 -0.00921972 0.999945 57.08 
0.999965 -0.00545171 -0.00627536 -1.33937 0.00551683 0.999931 0.0104004 -0.872151 0.00621818 -0.0104347 0.999926 58.2997 
0.999956 -0.00582418 -0.00733362 -1.36921 0.00590278 0.999925 0.010736 -0.883207 0.0072705 -0.0107787 0.999916 59.5183 
0.999956 -0.00489647 -0.00801382 -1.40584 0.00498029 0.999933 0.0104676 -0.893774 0.00796198 -0.010507 0.999913 60.7244 
0.999954 -0.00451455 -0.00844971 -1.44032 0.00460184 0.999936 0.0103341 -0.902463 0.00840247 -0.0103725 0.999911 61.9444 
0.99995 -0.00517062 -0.00858527 -1.47263 0.00525572 0.999937 0.00991419 -0.914741 0.00853342 -0.00995878 0.999914 63.1637 
0.999942 -0.00638138 -0.00869747 -1.49738 0.00645822 0.99994 0.00883139 -0.923964 0.00864055 -0.008887 0.999923 64.3945 
0.999937 -0.00667111 -0.00904661 -1.53204 0.00676303 0.999926 0.0101637 -0.93654 0.00897809 -0.0102242 0.999907 65.5976 
0.999934 -0.00691005 -0.00919973 -1.56782 0.00701947 0.999904 0.0119102 -0.949362 0.00911651 -0.0119739 0.999887 66.8014 
0.999937 -0.00647634 -0.00917997 -1.60216 0.00657042 0.999926 0.0102503 -0.960296 0.00911286 -0.0103099 0.999905 68.0123 
0.999951 -0.0044796 -0.00880898 -1.64151 0.00455866 0.999949 0.00897095 -0.967106 0.0087683 -0.00901063 0.999921 69.2287 
0.999962 -0.00234665 -0.00843603 -1.68456 0.0024246 0.999954 0.00923707 -0.97679 0.00841393 -0.00925713 0.999922 70.4283 
0.999968 -0.000500888 -0.00800603 -1.72247 0.000577037 0.999955 0.00950669 -0.988016 0.00800086 -0.00951097 0.999923 71.629 
0.99997 0.00104152 -0.0076677 -1.76004 -0.000964508 0.999949 0.0100349 -0.99936 0.00767772 -0.0100271 0.99992 72.8292 
0.999978 0.0014564 -0.00652302 -1.79071 -0.00138373 0.999937 0.0111242 -1.01109 0.00653877 -0.0111148 0.999917 74.0224 
0.999984 0.00322112 -0.00475739 -1.81622 -0.003165 0.999926 0.0117482 -1.0181 0.00479484 -0.0117329 0.99992 75.2164 
0.999996 0.00188935 -0.00195347 -1.84345 -0.00187043 0.999952 0.00962222 -1.02859 0.00197151 -0.00961849 0.999952 76.4122 
0.999999 -0.00097517 0.000690259 -1.86109 0.000971985 0.999989 0.00466034 -1.04025 -0.000694838 -0.00465963 0.999989 77.5938 
0.999995 0.000190039 0.0032352 -1.87916 -0.000203314 0.999992 0.00411665 -1.05355 -0.00323443 -0.00411725 0.999986 78.7712 
0.999981 -0.000595395 0.00610538 -1.89349 0.000548174 0.99997 0.00774017 -1.06939 -0.00610985 -0.00773664 0.999951 79.9527 
0.999956 1.54084e-05 0.00937288 -1.90334 -0.000101023 0.999958 0.00913843 -1.08278 -0.00937239 -0.00913894 0.999914 81.1306 
0.999904 0.000331835 0.0138699 -1.915 -0.000433859 0.999973 0.00735647 -1.09423 -0.0138671 -0.00736174 0.999877 82.2966 
0.999842 -0.000232171 0.0177805 -1.92266 0.000152992 0.99999 0.0044568 -1.11442 -0.0177814 -0.00445334 0.999832 83.4679 
0.999767 -0.0015369 0.0215465 -1.92963 0.00151328 0.999998 0.0011146 -1.13718 -0.0215482 -0.0010817 0.999767 84.6622 
0.999684 -0.00219976 0.0250453 -1.92331 0.00219838 0.999998 8.46068e-05 -1.15316 -0.0250454 -2.94795e-05 0.999686 85.8411 
0.999573 -0.00216731 0.0291339 -1.92017 0.00211664 0.999996 0.00177146 -1.1691 -0.0291376 -0.001709 0.999574 87.0203 
0.999462 -0.00086495 0.0327798 -1.90048 0.000788366 0.999997 0.00235049 -1.1906 -0.0327817 -0.00232335 0.99946 88.1863 
0.999316 -0.00146671 0.0369432 -1.88425 0.00145532 0.999999 0.000336365 -1.21141 -0.0369437 -0.000282329 0.999317 89.3519 
0.999183 -0.00173255 0.0403731 -1.86141 0.00180771 0.999997 -0.00182407 -1.23565 -0.0403699 0.0018956 0.999183 90.5051 
0.999053 -0.00160193 0.0434897 -1.83204 0.00169376 0.999996 -0.00207379 -1.2592 -0.0434862 0.00214552 0.999052 91.6603 
0.998929 -0.00314403 0.0461646 -1.79332 0.00318207 0.999995 -0.000749509 -1.28256 -0.046162 0.000895647 0.998934 92.8277 
0.998804 -0.00379447 0.048752 -1.7519 0.00376481 0.999993 0.000700981 -1.30104 -0.0487544 -0.000516559 0.998811 94.0013 
0.998662 -0.00427017 0.0515295 -1.71554 0.00414846 0.999988 0.00246959 -1.31932 -0.0515395 -0.00225247 0.998668 95.1623 
0.998526 -0.0059216 0.0539573 -1.66637 0.00574335 0.999978 0.00345881 -1.33377 -0.0539766 -0.00314377 0.998537 96.3425 
0.998394 -0.00708542 0.0562113 -1.61641 0.00703021 0.999975 0.00118066 -1.3529 -0.0562183 -0.000783545 0.998418 97.5194 
0.998274 -0.00875215 0.058078 -1.55497 0.00890711 0.999957 -0.00240897 -1.37022 -0.0580545 0.00292216 0.998309 98.6934 
0.99817 -0.00809182 0.0599273 -1.50037 0.00842643 0.99995 -0.00533215 -1.39003 -0.0598812 0.0058274 0.998189 99.8797 
0.998066 -0.00800284 0.0616425 -1.45154 0.00840092 0.999946 -0.00620076 -1.4136 -0.0615895 0.00670666 0.998079 101.072 
0.998057 -0.00775449 0.0618231 -1.38807 0.00812355 0.999951 -0.00571976 -1.43423 -0.0617758 0.00621091 0.998071 102.288 
0.998099 -0.00796993 0.0611087 -1.33669 0.00821996 0.999959 -0.00384055 -1.46049 -0.0610756 0.0043356 0.998124 103.483 
0.998164 -0.00862283 0.0599578 -1.29232 0.00878537 0.999958 -0.00244713 -1.48277 -0.0599342 0.00296943 0.998198 104.697 
0.998282 -0.00832151 0.0580067 -1.24061 0.00842678 0.999963 -0.00156953 -1.50282 -0.0579915 0.00205568 0.998315 105.904 
0.998435 -0.00812352 0.0553332 -1.18686 0.00820069 0.999966 -0.00116701 -1.52251 -0.0553219 0.00161899 0.998467 107.132 
0.998608 -0.0077511 0.0521728 -1.14032 0.00782209 0.999969 -0.0011557 -1.54557 -0.0521622 0.00156223 0.998637 108.35 
0.998786 -0.00634343 0.0488483 -1.12945 0.00642957 0.999978 -0.00160561 -1.5686 -0.0488371 0.00191778 0.998805 109.608 
0.998977 -0.00630381 0.0447896 -1.09091 0.00636459 0.999979 -0.00121343 -1.58875 -0.0447811 0.0014973 0.998996 110.845 
0.999156 -0.0056664 0.0406787 -1.05735 0.00568227 0.999984 -0.000273668 -1.60762 -0.0406765 0.000504626 0.999172 112.085 
0.999314 -0.00518461 0.0366742 -1.04291 0.00516692 0.999987 0.000578427 -1.62868 -0.0366767 -0.000388496 0.999327 113.328 
0.999456 -0.00531015 0.0325412 -1.03146 0.00527527 0.999985 0.00115916 -1.65032 -0.0325469 -0.000986825 0.99947 114.581 
0.999604 -0.00467669 0.0277445 -1.0196 0.00464346 0.999988 0.00126338 -1.67142 -0.0277501 -0.001134 0.999614 115.824 
0.999735 -0.00376402 0.0226944 -1.00226 0.00374196 0.999993 0.00101636 -1.68492 -0.0226981 -0.00093113 0.999742 117.072 
0.999836 -0.00331064 0.0178263 -1.00062 0.00330012 0.999994 0.000622016 -1.70323 -0.0178283 -0.000563043 0.999841 118.313 
0.999913 -0.0022092 0.0130341 -0.996603 0.00221024 0.999998 -6.19448e-05 -1.71869 -0.013034 9.07898e-05 0.999915 119.58 
0.999953 -0.000401065 0.00969379 -1.01282 0.000402716 1 -0.000164005 -1.74016 -0.00969377 0.000167943 0.999953 120.816 
0.999971 0.00151106 0.00752543 -1.03204 -0.00151053 0.999999 -7.11234e-05 -1.75781 -0.00752557 5.97958e-05 0.999972 122.052 
0.999974 0.00289353 0.00667007 -1.05157 -0.0028902 0.999996 -0.000503116 -1.77599 -0.00667154 0.000483867 0.999978 123.306 
0.999971 0.00508247 0.00563141 -1.0694 -0.00508004 0.999987 -0.0004373 -1.79356 -0.0056336 0.000408722 0.999984 124.56 
0.999969 0.00629736 0.00477102 -1.09314 -0.00629909 0.99998 0.000356364 -1.81243 -0.00476872 -0.000386364 0.999989 125.832 
0.999974 0.00592719 0.00413653 -1.10952 -0.00593101 0.999982 0.000920995 -1.83598 -0.00413104 -0.000945463 0.999991 127.089 
0.999947 0.00977138 0.00333377 -1.13958 -0.0097811 0.999948 0.0029252 -1.85371 -0.00330505 -0.00295761 0.99999 128.352 
0.999938 0.0108476 0.00261239 -1.15893 -0.0108636 0.999922 0.00622117 -1.87561 -0.00254474 -0.00624912 0.999977 129.64 
0.999952 0.00958478 0.00218238 -1.18584 -0.00959725 0.999937 0.00579968 -1.88933 -0.0021267 -0.0058203 0.999981 130.919 
0.999954 0.00944223 0.00178441 -1.21378 -0.00944958 0.999947 0.0041812 -1.89951 -0.00174488 -0.00419782 0.99999 132.211 
0.999976 0.00677803 0.00112049 -1.23817 -0.00678382 0.999963 0.00528144 -1.91567 -0.0010847 -0.00528888 0.999985 133.497 
0.999989 0.00473838 8.53276e-05 -1.25999 -0.00473884 0.999963 0.00725336 -1.92912 -5.09979e-05 -0.00725364 0.999974 134.78 
0.999999 0.00109135 -0.000284822 -1.27883 -0.00108867 0.999958 0.00912453 -1.94079 0.000294725 -0.00912417 0.999958 136.067 
0.999999 -0.000933337 -0.000815822 -1.30002 0.000941693 0.999947 0.010251 -1.95412 0.000806169 -0.0102517 0.999947 137.343 
0.999987 -0.0049899 -0.000612213 -1.31765 0.00499494 0.999952 0.00845562 -1.96398 0.000569948 -0.00845853 0.999964 138.617 
0.99997 -0.00773793 -0.000480409 -1.33798 0.00774134 0.999942 0.00745706 -1.9739 0.000422637 -0.00746051 0.999972 139.892 
0.999959 -0.00905629 -0.000199499 -1.36039 0.00905756 0.999932 0.00740139 -1.98828 0.000132413 -0.00740285 0.999973 141.171 
0.999957 -0.00929769 0.000137489 -1.38215 0.00929638 0.999926 0.00779362 -2.00264 -0.000209984 -0.00779196 0.99997 142.451 
0.999964 -0.00851358 0.000768678 -1.40594 0.00850583 0.999917 0.00963112 -2.01084 -0.000850652 -0.00962419 0.999953 143.735 
0.999979 -0.0062397 0.00150143 -1.42788 0.00622258 0.999918 0.0111802 -2.02182 -0.00157111 -0.0111706 0.999936 145.016 
0.999977 -0.00641638 0.00211557 -1.451 0.00639598 0.999934 0.0095304 -2.03432 -0.00217663 -0.00951661 0.999952 146.305 
0.99998 -0.00576466 0.00262532 -1.47229 0.00574441 0.999954 0.00767087 -2.04617 -0.00266946 -0.00765559 0.999967 147.605 
0.999978 -0.00594359 0.00299513 -1.48898 0.00592774 0.999968 0.00528827 -2.06173 -0.00302651 -0.00527035 0.999982 148.893 
0.99997 -0.00709704 0.00324332 -1.50526 0.00709291 0.999974 0.00129589 -2.08175 -0.00325248 -0.0012728 0.999994 150.178 
0.999967 -0.00721497 0.003797 -1.52768 0.00722316 0.999972 -0.00213533 -2.10524 -0.00378152 0.00216273 0.999991 151.464 
0.999964 -0.00743752 0.00403417 -1.54761 0.00744954 0.999968 -0.00296234 -2.13293 -0.00401205 0.00299233 0.999988 152.751 
0.999964 -0.00752049 0.00406233 -1.56647 0.00753121 0.999968 -0.00261954 -2.16098 -0.00404254 0.00265008 0.999988 154.033 
0.99997 -0.00680154 0.00384332 -1.58512 0.00680962 0.999975 -0.00208407 -2.18831 -0.00382909 0.00211023 0.99999 155.305 
0.999975 -0.00599786 0.00369188 -1.60432 0.00600166 0.999982 -0.0010075 -2.21477 -0.00368581 0.00102967 0.999993 156.584 
0.999979 -0.00560566 0.00324069 -1.61934 0.00560747 0.999984 -0.000537173 -2.23768 -0.00323767 0.000555376 0.999995 157.895 
0.999983 -0.00530198 0.00260998 -1.63612 0.00530437 0.999986 -0.000894021 -2.26093 -0.00260524 0.000907892 0.999996 159.173 
0.999987 -0.00481585 0.00194265 -1.66061 0.00481693 0.999988 -0.000533732 -2.28611 -0.0019401 0.000543125 0.999998 160.462 
0.999986 -0.00517532 0.00139618 -1.68159 0.00517441 0.999986 0.000683893 -2.30947 -0.00139974 -0.000676617 0.999999 161.74 
0.99999 -0.00434513 0.000701482 -1.70449 0.0043445 0.99999 0.000963943 -2.33046 -0.000705706 -0.000960844 0.999999 163.021 
0.999993 -0.0036728 0.000233713 -1.73004 0.0036728 0.999993 0.000159532 -2.35554 -0.00023434 -0.00015863 1 164.314 
0.999995 -0.00323877 -0.000424686 -1.7573 0.00323834 0.999994 -0.00111903 -2.37722 0.000428266 0.00111769 0.999999 165.587 
0.999996 -0.00261419 -0.0012538 -1.78147 0.00261282 0.999996 -0.00113044 -2.4013 0.00125671 0.0011272 0.999999 166.863 
0.999994 -0.00285725 -0.00204878 -1.80478 0.00285289 0.999994 -0.00214701 -2.42346 0.00205486 0.00214119 0.999996 168.149 
0.999994 -0.00223424 -0.00278465 -1.83461 0.00222536 0.999992 -0.00320102 -2.44842 0.00279174 0.00319484 0.999991 169.424 
0.999991 -0.00216469 -0.00355684 -1.8632 0.00215422 0.999993 -0.00295647 -2.47429 0.00356317 0.00294882 0.999989 170.712 
0.99999 -0.00173224 -0.00416599 -1.89453 0.0017257 0.999997 -0.00158198 -2.49995 0.00416868 0.00157482 0.99999 171.995 
0.999986 -0.00190694 -0.00488243 -1.92665 0.00190101 0.999997 -0.00122826 -2.52537 0.00488471 0.001219 0.999987 173.277 
0.999983 -0.00144097 -0.00573959 -1.95562 0.00143611 0.999999 -0.000858901 -2.54962 0.00574078 0.000850685 0.999983 174.564 
0.999979 -0.00112669 -0.0063472 -1.99139 0.00112224 0.999999 -0.000711792 -2.56995 0.00634796 0.000704696 0.99998 175.848 
0.999976 -0.000875752 -0.00690179 -2.02485 0.00086604 0.999999 -0.00141617 -2.59796 0.00690297 0.0014102 0.999975 177.126 
0.99997 -8.14599e-05 -0.00770074 -2.05721 6.86259e-05 0.999999 -0.00167233 -2.62807 0.00770083 0.00167179 0.999969 178.399 
0.999968 -0.00010584 -0.00804075 -2.09386 9.53574e-05 0.999999 -0.00130929 -2.65353 0.00804084 0.00130852 0.999967 179.677 
0.999966 -0.00010514 -0.00823708 -2.1287 8.5942e-05 0.999997 -0.00233615 -2.68046 0.00823726 0.00233541 0.999963 180.958 
0.999965 -0.00157624 -0.00827383 -2.1621 0.0015436 0.999991 -0.00395594 -2.7052 0.00827995 0.00394307 0.999958 182.231 
0.999951 -0.0047703 -0.00869714 -2.18872 0.00473765 0.999982 -0.00377538 -2.73147 0.00871495 0.00373403 0.999955 183.509 
0.999949 -0.00445578 -0.00905675 -2.22263 0.00445619 0.99999 2.05843e-05 -2.75762 0.00905652 -6.08993e-05 0.999959 184.785 
0.999941 -0.00565982 -0.00929923 -2.25106 0.00570157 0.999974 0.00446427 -2.78064 0.00927368 -0.00451698 0.999947 186.058 
0.999949 -0.00415415 -0.00925892 -2.2837 0.00418853 0.999984 0.00369272 -2.79866 0.00924339 -0.00373127 0.99995 187.321 
0.99995 -0.00355533 -0.00930427 -2.31783 0.00356024 0.999994 0.000506086 -2.82149 0.00930237 -0.000539144 0.999957 188.568 
0.999948 -0.00339255 -0.00960666 -2.35549 0.0033798 0.999993 -0.00134723 -2.84314 0.00961112 0.00131474 0.999953 189.811 
0.999947 -0.0034922 -0.0097279 -2.38933 0.00348182 0.999993 -0.00108724 -2.86918 0.00973159 0.00105336 0.999952 191.085 
0.999949 -0.00371005 -0.0094007 -2.4294 0.00371266 0.999993 0.00025616 -2.89391 0.00939964 -0.000291006 0.999956 192.343 
0.999952 -0.00361943 -0.00908192 -2.46349 0.00364152 0.999991 0.00241292 -2.92055 0.00907306 -0.00244583 0.999956 193.614 
0.999956 -0.00439514 -0.00829859 -2.495 0.00442309 0.999985 0.00334687 -2.94443 0.00828371 -0.00338338 0.99996 194.878 
0.999969 -0.00424409 -0.00671325 -2.52898 0.00426252 0.999987 0.0027268 -2.96485 0.00670155 -0.00275528 0.999974 196.123 
0.999971 -0.00549665 -0.00522712 -2.55739 0.00550314 0.999984 0.00122113 -2.98543 0.00522028 -0.00124982 0.999986 197.362 
0.999975 -0.00581989 -0.0041482 -2.58057 0.00581931 0.999983 -0.0001635 -3.00986 0.00414904 0.000139398 0.999991 198.605 
0.999975 -0.00646717 -0.00272094 -2.60465 0.00646552 0.999979 -0.000631443 -3.03386 0.00272492 0.000613878 0.999996 199.834 
0.99998 -0.00624273 -0.00105112 -2.64559 0.00624282 0.999981 4.29701e-05 -3.05565 0.00105079 -4.94889e-05 0.999999 201.086 
0.999978 -0.00654003 0.000708807 -2.68279 0.00653851 0.999976 0.00218466 -3.08835 -0.00072312 -0.00217993 0.999997 202.336 
0.999984 -0.005455 0.0016639 -2.70067 0.00545073 0.999982 0.00258607 -3.1107 -0.00167801 -0.00257692 0.999995 203.563 
0.999979 -0.00592215 0.00282397 -2.72017 0.00591475 0.999979 0.00263512 -3.13374 -0.00283956 -0.00261832 0.999993 204.787 
0.999978 -0.00550758 0.00378063 -2.73794 0.00549746 0.999981 0.00269461 -3.15171 -0.00379544 -0.00267373 0.999989 206.008 
0.999972 -0.00566668 0.00485531 -2.75236 0.00565222 0.99998 0.00299535 -3.17259 -0.00487223 -0.00296778 0.999984 207.22 
0.99997 -0.00525459 0.00577471 -2.77062 0.00523853 0.999982 0.00279948 -3.19153 -0.00578936 -0.0027691 0.999979 208.437 
0.999964 -0.00541849 0.00654877 -2.78504 0.00539907 0.999981 0.00298663 -3.21568 -0.00656487 -0.00295113 0.999974 209.63 
0.999954 -0.0064521 0.00710201 -2.80006 0.00643066 0.999975 0.00304392 -3.23703 -0.00712151 -0.00299806 0.99997 210.821 
0.999951 -0.00677974 0.0071765 -2.80955 0.00675244 0.99997 0.00382733 -3.25605 -0.00720227 -0.00377864 0.999967 211.987 
0.999952 -0.00731276 0.00660098 -2.81455 0.00728099 0.999962 0.00483054 -3.27502 -0.00663609 -0.0047822 0.999967 213.132 
0.999957 -0.00708336 0.00600747 -2.82597 0.00705444 0.999964 0.00482827 -3.29723 -0.00604149 -0.00478564 0.99997 214.258 
0.999961 -0.00668421 0.00569923 -2.83938 0.0066612 0.99997 0.004054 -3.31754 -0.0057262 -0.00401584 0.999976 215.377 
0.999964 -0.00668877 0.00517138 -2.85476 0.00667204 0.999972 0.00325307 -3.33639 -0.00519304 -0.00321841 0.999981 216.471 
0.999967 -0.00678838 0.0045685 -2.87084 0.00677443 0.999972 0.00307137 -3.3565 -0.00458926 -0.00304028 0.999985 217.55 
0.99997 -0.00717786 0.00303455 -2.88461 0.00716782 0.999969 0.00332111 -3.37967 -0.00305834 -0.00329922 0.99999 218.619 
0.999969 -0.00781749 0.00103238 -2.89009 0.00781339 0.999962 0.0039519 -3.39613 -0.00106327 -0.00394367 0.999992 219.69 
0.999959 -0.00898554 -0.00134321 -2.90097 0.00899299 0.999944 0.00561384 -3.41386 0.00129265 -0.00562565 0.999983 220.751 
0.999956 -0.00865939 -0.00371234 -2.92043 0.00868617 0.999936 0.00724613 -3.43063 0.00364931 -0.00727801 0.999967 221.796 
0.999944 -0.00847997 -0.00634047 -2.93785 0.00852659 0.999937 0.0073544 -3.44968 0.00627766 -0.00740801 0.999953 222.832 
0.999926 -0.00833121 -0.00886692 -2.96476 0.0083935 0.99994 0.00700632 -3.46693 0.00880798 -0.00708018 0.999936 223.846 
0.999894 -0.00825788 -0.0119886 -2.98539 0.00834516 0.999939 0.00724467 -3.48337 0.011928 -0.00734391 0.999902 224.839 
0.999858 -0.00775266 -0.0149511 -3.01571 0.00786883 0.999939 0.00772438 -3.49837 0.0148903 -0.00784089 0.999858 225.798 
0.999814 -0.00727604 -0.0178733 -3.04954 0.00741275 0.999944 0.00759268 -3.51587 0.017817 -0.00772372 0.999811 226.731 
0.999737 -0.0078536 -0.0215501 -3.07665 0.00800803 0.999943 0.00708704 -3.53248 0.0214932 -0.00725771 0.999743 227.645 
0.999655 -0.00784737 -0.025087 -3.11212 0.00801517 0.999946 0.00659332 -3.5487 0.0250338 -0.00679208 0.999664 228.528 
0.999562 -0.00681278 -0.0288149 -3.14035 0.00700012 0.999955 0.00640414 -3.56468 0.0287699 -0.00660299 0.999564 229.406 
0.99947 -0.00654513 -0.0318832 -3.1802 0.00673382 0.99996 0.00581313 -3.58045 0.0318438 -0.0060247 0.999475 230.256 
0.999399 -0.00483331 -0.034315 -3.2226 0.00503457 0.999971 0.00577999 -3.59507 0.034286 -0.00594924 0.999394 231.095 
0.999369 -0.00428809 -0.0352707 -3.26238 0.0045129 0.99997 0.00629538 -3.6102 0.0352426 -0.00645054 0.999358 231.903 
0.999377 -0.00416776 -0.0350525 -3.30244 0.00442823 0.999963 0.00735508 -3.62316 0.0350205 -0.00750567 0.999358 232.691 
0.999391 -0.00406283 -0.0346609 -3.33813 0.00435109 0.999957 0.00824393 -3.6369 0.0346259 -0.00838968 0.999365 233.467 
0.999404 -0.00402415 -0.0342843 -3.37742 0.00429458 0.99996 0.00781676 -3.64925 0.0342514 -0.0079593 0.999382 234.216 
0.999417 -0.00364129 -0.0339577 -3.41622 0.0038446 0.999975 0.00592259 -3.66094 0.0339353 -0.00604964 0.999406 234.952 
0.999446 -0.003681 -0.0330786 -3.45326 0.00380905 0.999986 0.00380771 -3.67221 0.0330641 -0.00393156 0.999446 235.684 
0.999487 -0.0035247 -0.0318244 -3.49081 0.00360662 0.99999 0.00251589 -3.68469 0.0318152 -0.00262933 0.99949 236.411 
0.999528 -0.0028536 -0.0305736 -3.52456 0.00291722 0.999994 0.00203512 -3.69649 0.0305676 -0.00212331 0.99953 237.144 
0.999577 -0.00328347 -0.0288869 -3.55427 0.00333901 0.999993 0.00187338 -3.70721 0.0288805 -0.001969 0.999581 237.871 
0.999629 -0.00339014 -0.0270162 -3.58544 0.00344158 0.999992 0.00185617 -3.71843 0.0270097 -0.00194842 0.999633 238.594 
0.999686 -0.00336785 -0.0248364 -3.62257 0.00341299 0.999993 0.00177374 -3.73274 0.0248302 -0.0018579 0.99969 239.323 
0.999738 -0.00365471 -0.0226093 -3.65426 0.00368967 0.999992 0.00150275 -3.74522 0.0226036 -0.00158573 0.999743 240.045 
0.999799 -0.00348476 -0.0197384 -3.67723 0.00352228 0.999992 0.00186459 -3.75581 0.0197317 -0.0019337 0.999803 240.777 
0.999852 -0.00457408 -0.0165915 -3.698 0.00461704 0.999986 0.0025495 -3.76676 0.0165796 -0.00262568 0.999859 241.499 
0.999889 -0.00559688 -0.0137919 -3.71334 0.00563766 0.99998 0.00291661 -3.77827 0.0137752 -0.002994 0.999901 242.217 
0.999929 -0.00574412 -0.0104866 -3.73711 0.00577564 0.999979 0.00297393 -3.7905 0.0104692 -0.00303424 0.999941 242.93 
0.999953 -0.00607326 -0.00750245 -3.75169 0.0060937 0.999978 0.0026991 -3.8022 0.00748585 -0.00274465 0.999968 243.627 
0.999969 -0.00633532 -0.00460973 -3.76452 0.00634731 0.999977 0.00258123 -3.81366 0.00459323 -0.00261037 0.999986 244.319 
0.999985 -0.00532406 -0.00143153 -3.7803 0.0053265 0.999984 0.00167307 -3.8232 0.00142256 -0.00168062 0.999998 245.013 
0.999985 -0.00522464 0.00168748 -3.7919 0.00522279 0.999986 0.001124 -3.83473 -0.00169337 -0.00111513 0.999998 245.711 
0.999977 -0.00504464 0.00456105 -3.79687 0.00503484 0.999985 0.00216691 -3.8462 -0.00457196 -0.00214385 0.999987 246.429 
0.999964 -0.00461445 0.00718853 -3.80091 0.00459503 0.999986 0.00272134 -3.85622 -0.00720103 -0.00268817 0.999971 247.143 
0.999942 -0.00466038 0.00973232 -3.80614 0.00463525 0.999986 0.00260734 -3.86738 -0.00974438 -0.00256203 0.999949 247.847 
0.999914 -0.00472337 0.0122058 -3.81047 0.0047104 0.999988 0.00109471 -3.879 -0.0122108 -0.00103708 0.999925 248.555 
0.999894 -0.0045026 0.0138556 -3.81062 0.00452072 0.999989 -0.00127403 -3.88956 -0.0138497 0.00133657 0.999903 249.266 
0.999872 -0.00580751 0.0148915 -3.81001 0.00585019 0.999979 -0.00282135 -3.90096 -0.0148749 0.00290815 0.999885 249.981 
0.999871 -0.0055621 0.015041 -3.8102 0.00561137 0.999979 -0.00323237 -3.91284 -0.0150228 0.0033164 0.999882 250.702 
0.999863 -0.00656471 0.0152193 -3.80994 0.00662194 0.999971 -0.00371002 -3.92714 -0.0151945 0.00381033 0.999877 251.426 
0.999866 -0.00535338 0.0154911 -3.81126 0.00541651 0.999977 -0.00403354 -3.94046 -0.0154692 0.00411695 0.999872 252.163 
0.999861 -0.00464653 0.0159939 -3.81517 0.0047211 0.999978 -0.00462539 -3.95161 -0.0159721 0.0047003 0.999861 252.905 
0.999846 -0.00576791 0.0165661 -3.8256 0.00587918 0.99996 -0.00667317 -3.96006 -0.016527 0.00676958 0.999841 253.667 
0.999807 -0.00951604 0.0171856 -3.82851 0.00966826 0.999915 -0.0087935 -3.9748 -0.0171005 0.008958 0.999814 254.433 
0.999752 -0.0128209 0.0181934 -3.82762 0.0129963 0.99987 -0.0095546 -3.99046 -0.0180686 0.00978872 0.999789 255.199 
0.99977 -0.0103727 0.0187685 -3.83038 0.0104825 0.999929 -0.00575942 -4.0018 -0.0187075 0.00595488 0.999807 255.971 
0.999791 -0.00660482 0.0193623 -3.8368 0.00659839 0.999978 0.000398058 -4.01892 -0.0193646 -0.000270173 0.999812 256.766 
0.999768 -0.00718535 0.020331 -3.83564 0.00710548 0.999967 0.00400001 -4.03484 -0.0203592 -0.00385458 0.999785 257.562 
0.999709 -0.00811055 0.0227355 -3.82681 0.00806733 0.999966 0.001994 -4.04756 -0.0227509 -0.00180996 0.99974 258.355 
0.999608 -0.00688875 0.0271338 -3.82237 0.00700497 0.999967 -0.00418893 -4.05697 -0.0271041 0.0043774 0.999623 259.152 
0.999511 -0.00472264 0.030896 -3.81536 0.0049669 0.999957 -0.0078324 -4.06724 -0.0308577 0.00798207 0.999492 259.96 
0.999412 -0.00319461 0.034147 -3.80313 0.00345524 0.999965 -0.00757502 -4.08394 -0.0341216 0.00768859 0.999388 260.782 
0.999282 -0.00517869 0.0375415 -3.78663 0.00537806 0.999972 -0.00521038 -4.10197 -0.0375135 0.00540858 0.999282 261.617 
0.99914 -0.00810745 0.0406624 -3.76377 0.00819757 0.999964 -0.00204911 -4.11592 -0.0406444 0.00238073 0.999171 262.458 
0.998993 -0.0104368 0.0436416 -3.73788 0.0104705 0.999945 -0.000541991 -4.1279 -0.0436336 0.000998436 0.999047 263.304 
0.998859 -0.010218 0.0466441 -3.71316 0.0102223 0.999948 0.000148589 -4.14418 -0.0466433 0.000328431 0.998912 264.141 
0.998757 -0.00787813 0.0492118 -3.68746 0.00798333 0.999966 -0.00194069 -4.16018 -0.0491949 0.00233119 0.998787 264.984 
0.998654 -0.00716858 0.0513793 -3.65501 0.00738771 0.999964 -0.00407537 -4.17623 -0.0513483 0.0044495 0.998671 265.825 
0.998506 -0.00653235 0.0542597 -3.63066 0.00677323 0.999968 -0.0042558 -4.18773 -0.0542302 0.004617 0.998518 266.663 
0.998344 -0.00558896 0.0572598 -3.59912 0.00572521 0.999981 -0.0022149 -4.20586 -0.0572464 0.0025391 0.998357 267.522 
0.998144 -0.00408905 0.0607654 -3.57086 0.00413064 0.999991 -0.000558165 -4.22204 -0.0607626 0.00080817 0.998152 268.383 
0.997948 -0.00332994 0.0639427 -3.53837 0.00338578 0.999994 -0.000764224 -4.23473 -0.0639398 0.000979192 0.997953 269.229 
0.997771 -0.00368076 0.0666275 -3.4984 0.0037561 0.999992 -0.00100488 -4.25481 -0.0666233 0.00125294 0.997777 270.081 
0.997586 -0.00512791 0.069251 -3.45117 0.00524763 0.999985 -0.00154637 -4.26667 -0.0692421 0.00190608 0.997598 270.93 
0.997424 -0.00821998 0.0712544 -3.40319 0.00829731 0.999965 -0.000788735 -4.28144 -0.0712454 0.00137796 0.997458 271.78 
0.99734 -0.00897677 0.0723345 -3.3546 0.00907187 0.999958 -0.000985745 -4.29569 -0.0723227 0.00163937 0.99738 272.648 
0.997269 -0.00967061 0.0732252 -3.31026 0.00976994 0.999952 -0.00099777 -4.3096 -0.073212 0.00171049 0.997315 273.506 
0.997224 -0.00954495 0.0738465 -3.26745 0.00964523 0.999953 -0.00100097 -4.324 -0.0738335 0.0017105 0.997269 274.363 
0.997229 -0.00937827 0.0738027 -3.22102 0.00942849 0.999956 -0.0003315 -4.33968 -0.0737964 0.00102647 0.997273 275.225 
0.997259 -0.00883596 0.0734544 -3.17638 0.00885628 0.999961 4.96127e-05 -4.35377 -0.073452 0.000601097 0.997299 276.084 
0.997351 -0.00882041 0.0722073 -3.12768 0.00891018 0.99996 -0.000920652 -4.36702 -0.0721963 0.00156163 0.997389 276.949 
0.997461 -0.00897397 0.0706468 -3.08421 0.00911589 0.999957 -0.00168607 -4.3846 -0.0706287 0.00232584 0.9975 277.807 
0.997579 -0.00807273 0.0690761 -3.04118 0.0082637 0.999963 -0.00247876 -4.40057 -0.0690536 0.00304363 0.997608 278.665 
0.997696 -0.00708344 0.067476 -2.99947 0.00728814 0.99997 -0.00278729 -4.41852 -0.0674542 0.00327269 0.997717 279.52 
0.997816 -0.0056883 0.0658083 -2.96595 0.00589694 0.999978 -0.00297598 -4.43656 -0.06579 0.00335759 0.997828 280.374 
0.997955 -0.00506806 0.0637168 -2.92785 0.00524327 0.999983 -0.0025822 -4.45417 -0.0637027 0.00291105 0.997965 281.23 
0.998126 -0.00552762 0.0609504 -2.89329 0.00559857 0.999984 -0.000992505 -4.47197 -0.060944 0.00133192 0.99814 282.086 
0.998339 -0.00691074 0.0571913 -2.86599 0.00685174 0.999976 0.00122828 -4.48836 -0.0571984 -0.000834341 0.998363 282.937 
0.998579 -0.00819827 0.0526611 -2.84348 0.00804831 0.999963 0.00305986 -4.50613 -0.0526843 -0.00263164 0.998608 283.788 
0.998799 -0.00864202 0.0482281 -2.82188 0.00844395 0.999955 0.00431015 -4.52026 -0.0482632 -0.0038977 0.998827 284.628 
0.999012 -0.00911028 0.0434883 -2.79914 0.00890126 0.999948 0.00499852 -4.53483 -0.0435316 -0.00460644 0.999041 285.465 
0.999193 -0.00952575 0.0390222 -2.786 0.0093229 0.999942 0.00537823 -4.54549 -0.0390712 -0.00501005 0.999224 286.278 
0.999353 -0.0104625 0.0344091 -2.77389 0.0102799 0.999932 0.00547872 -4.55713 -0.0344642 -0.00512141 0.999393 287.085 
0.999477 -0.0106746 0.0305164 -2.77434 0.0105225 0.999931 0.00513942 -4.57163 -0.0305692 -0.00481558 0.999521 287.891 
0.999585 -0.010229 0.0269457 -2.7797 0.0100964 0.999936 0.00505695 -4.58266 -0.0269958 -0.00478276 0.999624 288.672 
0.999684 -0.0101921 0.02299 -2.77174 0.0100782 0.999936 0.00506503 -4.59644 -0.0230402 -0.00483169 0.999723 289.427 
0.999757 -0.0104829 0.019406 -2.7807 0.0103874 0.999933 0.00501863 -4.60835 -0.0194574 -0.00481579 0.999799 290.179 
0.99982 -0.011475 0.0150894 -2.78062 0.011412 0.999926 0.00425283 -4.62025 -0.0151371 -0.00407982 0.999877 290.906 
0.999899 -0.0100466 0.0100623 -2.78674 0.0100191 0.999946 0.00278323 -4.63558 -0.0100897 -0.00268209 0.999946 291.606 
0.999957 -0.00844029 0.00384464 -2.80834 0.008437 0.999964 0.000881432 -4.65269 -0.00385199 -0.000848915 0.999992 292.301 
0.999962 -0.00755448 -0.00441112 -2.83342 0.0075516 0.999971 -0.000679686 -4.67052 0.00441609 0.000646392 0.99999 292.971 
0.999856 -0.00781896 -0.0150629 -2.86107 0.00779162 0.999968 -0.00187575 -4.68496 0.0150771 0.00175816 0.999885 293.63 
0.999567 -0.00748793 -0.0284534 -2.89884 0.0074279 0.99997 -0.00221639 -4.70065 0.0284691 0.00200412 0.999593 294.279 
0.998954 -0.00645499 -0.0452768 -2.95226 0.00638281 0.999978 -0.0017395 -4.7167 0.045287 0.00144873 0.998973 294.907 
0.997868 -0.00402597 -0.0651345 -3.02164 0.00395818 0.999992 -0.00117036 -4.72836 0.0651387 0.000910093 0.997876 295.54 
0.996137 -0.00251634 -0.0877766 -3.10759 0.00240974 0.999996 -0.00132086 -4.74315 0.0877795 0.00110428 0.996139 296.154 
0.993571 -0.0012657 -0.113202 -3.20761 0.00109619 0.999998 -0.00155997 -4.75499 0.113204 0.0014259 0.993571 296.764 
0.989969 -1.82508e-05 -0.141283 -3.31749 -0.0001914 0.999999 -0.0014706 -4.76242 0.141282 0.00148293 0.989968 297.356 
0.985055 0.00101103 -0.172235 -3.44506 -0.00108759 0.999999 -0.000350332 -4.77633 0.172234 0.000532462 0.985056 297.934 
0.978481 0.000789137 -0.206337 -3.59005 -0.00054784 0.999999 0.00122638 -4.78321 0.206338 -0.0010869 0.97848 298.5 
0.970058 0.00067147 -0.242874 -3.74817 1.57852e-05 0.999996 0.00282757 -4.79259 0.242875 -0.0027467 0.970054 299.049 
0.959706 0.0017777 -0.281001 -3.92664 -0.000406505 0.999988 0.00493777 -4.79717 0.281006 -0.00462454 0.959695 299.586 
0.947131 0.00327889 -0.320829 -4.11071 -0.00101657 0.999973 0.00721863 -4.80681 0.320844 -0.0065108 0.94711 300.114 
0.932344 0.00375592 -0.361553 -4.31974 -0.000479709 0.999958 0.00915073 -4.81816 0.361572 -0.00835814 0.932307 300.629 
0.915076 0.00353851 -0.403265 -4.54126 0.000794617 0.999944 0.0105772 -4.82476 0.40328 -0.00999933 0.915022 301.132 
0.894914 0.00304338 -0.446228 -4.77553 0.00243038 0.999929 0.0116938 -4.83338 0.446232 -0.0115494 0.894843 301.618 
0.871736 0.00232643 -0.489971 -5.03541 0.00427606 0.999915 0.0123554 -4.8402 0.489958 -0.0128657 0.871651 302.084 
0.845578 0.00158036 -0.53385 -5.31539 0.00647785 0.999892 0.0132203 -4.84411 0.533813 -0.014637 0.845476 302.52 
0.816188 0.00172861 -0.577784 -5.61786 0.00820343 0.99986 0.0145796 -4.85052 0.577728 -0.0166395 0.816059 302.941 
0.783749 0.00326329 -0.62107 -5.95287 0.00758029 0.999861 0.0148194 -4.85544 0.621032 -0.0163225 0.783615 303.333 
0.748054 0.00220338 -0.663634 -6.30658 0.00974589 0.99985 0.0143053 -4.85158 0.663566 -0.0171688 0.747921 303.704 
0.709208 0.00128274 -0.704998 -6.68021 0.0139075 0.999778 0.0158095 -4.85484 0.704862 -0.0210169 0.709033 304.011 
0.665943 0.000503149 -0.746003 -7.06725 0.0200452 0.999627 0.0185681 -4.85103 0.745734 -0.027319 0.665684 304.294 
0.618477 0.000937443 -0.785802 -7.47171 0.0242296 0.999501 0.0202626 -4.84576 0.785429 -0.0315716 0.618146 304.536 
0.56778 0.00475048 -0.823166 -7.89243 0.0232915 0.99949 0.0218334 -4.84485 0.822851 -0.0315693 0.56738 304.747 
0.514769 0.0109846 -0.857259 -8.31371 0.0184179 0.999546 0.0238674 -4.84253 0.857131 -0.028075 0.514333 304.929 
0.45937 0.0147832 -0.888122 -8.73347 0.0158269 0.999567 0.0248245 -4.83631 0.888104 -0.0254598 0.458937 305.085 
0.401686 0.0169742 -0.91562 -9.15701 0.0149666 0.999573 0.0250964 -4.83073 0.915655 -0.0237846 0.40126 305.224 
0.342131 0.0191489 -0.939457 -9.5568 0.0166014 0.999513 0.0264189 -4.82856 0.939506 -0.024635 0.341647 305.352 
0.281924 0.0223744 -0.959176 -9.9627 0.0186377 0.999412 0.028791 -4.82478 0.959256 -0.0259937 0.281341 305.452 
0.220745 0.0262048 -0.974979 -10.3795 0.0205337 0.999293 0.0315073 -4.8182 0.975115 -0.026975 0.220051 305.527 
0.156459 0.0294223 -0.987246 -10.8048 0.0228431 0.999181 0.0333982 -4.81043 0.98742 -0.0277772 0.155658 305.58 
0.090705 0.0332516 -0.995323 -11.249 0.0231794 0.999101 0.0354902 -4.79966 0.995608 -0.0262901 0.0898527 305.595 
0.0240322 0.0386661 -0.998963 -11.7011 0.0248821 0.998919 0.039263 -4.7836 0.999402 -0.0257999 0.0230441 305.577 
-0.0441203 0.0453021 -0.997999 -12.1747 0.0263467 0.998677 0.0441682 -4.76823 0.998679 -0.0243452 -0.0452555 305.526 
-0.1122 0.0518957 -0.99233 -12.6477 0.0283238 0.998397 0.0490105 -4.74833 0.993282 -0.0226075 -0.11349 305.437 
-0.179931 0.0579858 -0.981969 -13.128 0.0302513 0.998115 0.0533962 -4.72926 0.983214 -0.0200982 -0.181346 305.313 
-0.246662 0.063929 -0.966991 -13.61 0.0338592 0.997781 0.0573277 -4.70985 0.96851 -0.0186009 -0.24828 305.156 
-0.311649 0.0681834 -0.947748 -14.0964 0.037774 0.997523 0.0593431 -4.68575 0.949446 -0.0173059 -0.313453 304.964 
-0.373526 0.0703121 -0.924951 -14.5721 0.0409749 0.997401 0.0592725 -4.65811 0.926714 -0.0157599 -0.375436 304.73 
-0.432646 0.0705565 -0.898799 -15.0464 0.0437245 0.997402 0.0572497 -4.62721 0.900503 -0.0145307 -0.434607 304.46 
-0.488311 0.0704806 -0.869819 -15.5171 0.0458126 0.997429 0.0551019 -4.59495 0.871466 -0.0129417 -0.490285 304.152 
-0.53952 0.0704602 -0.839019 -15.9838 0.0473389 0.997455 0.0533248 -4.56312 0.840641 -0.0109484 -0.541482 303.809 
-0.585609 0.07027 -0.807542 -16.4544 0.0484515 0.997489 0.0516628 -4.5296 0.809144 -0.00887235 -0.587543 303.428 
-0.625882 0.0709182 -0.776687 -16.9108 0.0492138 0.997464 0.0514189 -4.5002 0.778363 -0.00604151 -0.627785 303.014 
-0.662667 0.0747684 -0.745172 -17.3648 0.0535195 0.997188 0.0524611 -4.47384 0.746999 -0.00511698 -0.664806 302.57 
-0.698777 0.0821273 -0.710609 -17.8221 0.0617506 0.996605 0.0544583 -4.44626 0.712669 -0.0058263 -0.701476 302.093 
-0.733799 0.0880567 -0.673636 -18.281 0.0679203 0.996105 0.0562231 -4.41939 0.675963 -0.00449707 -0.736922 301.573 
-0.765843 0.0899292 -0.636708 -18.7145 0.0707695 0.995945 0.0555453 -4.39011 0.639122 -0.00252052 -0.769102 301.012 
-0.795043 0.0863679 -0.600373 -19.1205 0.0698377 0.996262 0.050837 -4.35892 0.602519 -0.00151106 -0.798103 300.41 
-0.821442 0.0836826 -0.56412 -19.521 0.0706093 0.996488 0.0450034 -4.33108 0.565905 -0.0028644 -0.824466 299.769 
-0.845481 0.0788316 -0.528154 -19.8949 0.0688911 0.996881 0.0385107 -4.30004 0.529543 -0.00382508 -0.848275 299.089 
-0.867328 0.0765399 -0.491816 -20.2652 0.0689267 0.997055 0.033615 -4.27689 0.492941 -0.004744 -0.87005 298.378 
-0.887226 0.0752204 -0.455161 -20.6184 0.0680348 0.997164 0.032175 -4.2582 0.456291 -0.0024203 -0.889828 297.624 
-0.905784 0.0715532 -0.417656 -20.9518 0.0650073 0.997437 0.0298983 -4.23941 0.418724 -6.92321e-05 -0.908113 296.833 
-0.922491 0.0711786 -0.379398 -21.2625 0.0656189 0.997463 0.0275834 -4.22019 0.3804 0.000549784 -0.924822 296.011 
-0.937564 0.0734434 -0.339969 -21.5478 0.0683931 0.997298 0.0268317 -4.20351 0.341021 0.0019049 -0.940054 295.155 
-0.950522 0.0769752 -0.300969 -21.8046 0.0724609 0.997028 0.0261517 -4.18987 0.302088 0.00304927 -0.953275 294.264 
-0.961713 0.0781266 -0.262685 -22.0292 0.0735301 0.996919 0.0272991 -4.17472 0.264009 0.00693867 -0.964495 293.349 
-0.970979 0.0808377 -0.22509 -22.2221 0.0766448 0.996684 0.0273185 -4.157 0.226552 0.00927375 -0.973955 292.402 
-0.978825 0.080319 -0.188282 -22.3931 0.0767721 0.996708 0.0260678 -4.14381 0.189756 0.0110611 -0.981769 291.422 
-0.984869 0.0790046 -0.154247 -22.5159 0.0765804 0.996829 0.0216051 -4.12748 0.155464 0.00946588 -0.987796 290.423 
