1 2.12261e-08 -2.11895e-08 0 2.12261e-08 1 2.10703e-08 0 -2.11895e-08 2.10703e-08 1 0 
0.999979 0.000494095 -0.00647323 -0.00983654 -0.00049249 1 0.000242968 -0.000159943 0.00647331 -0.000239732 0.999979 0.0950343 
0.999908 0.00109918 -0.013526 -0.0208368 -0.00109665 0.999999 0.00019201 -0.001733 0.0135262 -0.000177117 0.999909 0.193182 
0.999776 0.0014507 -0.0210997 -0.0334004 -0.00146248 0.999999 -0.000544826 -0.00176054 0.0210989 0.000575605 0.999777 0.294511 
0.999539 0.00194685 -0.0302988 -0.0496749 -0.00200527 0.999996 -0.00189921 -0.00255191 0.030295 0.00195914 0.999539 0.401029 
0.999124 0.00205402 -0.0418071 -0.0680188 -0.00220244 0.999991 -0.00350539 -0.00200033 0.0417995 0.00359444 0.99912 0.5206 
0.998457 0.00187069 -0.0555069 -0.0903605 -0.00211456 0.999988 -0.00433597 -0.00396148 0.0554981 0.00444669 0.998449 0.651869 
0.997421 0.00190348 -0.0717486 -0.119951 -0.00221834 0.999988 -0.00430958 -0.00389093 0.0717395 0.00445767 0.997413 0.795228 
0.995907 0.000392161 -0.0903842 -0.154125 -0.000787038 0.99999 -0.00433373 -0.0048063 0.0903816 0.00438717 0.995898 0.951579 
0.993892 -0.000837403 -0.110352 -0.193525 0.000353541 0.99999 -0.00440458 -0.00836373 0.110354 0.00433871 0.993883 1.11626 
0.991171 -0.000962195 -0.132589 -0.241992 0.000344951 0.999989 -0.0046785 -0.0128696 0.132592 0.0045915 0.99116 1.28915 
0.987646 0.00260538 -0.15668 -0.303568 -0.00360792 0.999975 -0.00611485 -0.0168515 0.15666 0.00660464 0.987631 1.46996 
0.983255 0.00685071 -0.182104 -0.374661 -0.00839082 0.999935 -0.00768838 -0.0232484 0.18204 0.00908769 0.983249 1.65609 
0.977841 0.0096497 -0.209127 -0.452757 -0.0116921 0.999895 -0.00853261 -0.0297747 0.209022 0.0107887 0.977851 1.84615 
0.971101 0.0104837 -0.238437 -0.536475 -0.0129211 0.999879 -0.00866187 -0.0333771 0.238318 0.0114925 0.971119 2.0439 
0.963026 0.0124523 -0.269119 -0.631796 -0.0152151 0.999851 -0.00818255 -0.0367963 0.268977 0.0119747 0.963072 2.24727 
0.953518 0.0142797 -0.300998 -0.73893 -0.017226 0.999826 -0.00713657 -0.039184 0.300844 0.0119899 0.953598 2.45395 
0.942171 0.0163599 -0.334733 -0.850188 -0.019524 0.999791 -0.00608988 -0.0394219 0.334563 0.0122731 0.942293 2.66056 
0.929538 0.0185322 -0.368261 -0.969706 -0.0221726 0.999738 -0.00565643 -0.0409627 0.368059 0.0134232 0.929705 2.86449 
0.915432 0.0211756 -0.401915 -1.09821 -0.0252894 0.999668 -0.00493193 -0.0408708 0.401677 0.0146791 0.915664 3.06707 
0.899118 0.0216603 -0.437169 -1.23515 -0.0262195 0.999647 -0.00439601 -0.037711 0.436919 0.0154149 0.899369 3.27421 
0.880333 0.0170274 -0.47405 -1.37284 -0.022055 0.999744 -0.0050474 -0.0363284 0.473843 0.0148986 0.880484 3.47568 
0.858695 0.0117824 -0.512352 -1.52277 -0.0170319 0.99984 -0.00555222 -0.036238 0.512204 0.013494 0.858758 3.67865 
0.833173 0.0134497 -0.552849 -1.69306 -0.0176348 0.999842 -0.00225246 -0.04087 0.552731 0.0116261 0.833279 3.87729 
0.803413 0.0188016 -0.595125 -1.88673 -0.0222527 0.999751 0.0015439 -0.0447614 0.595006 0.0120028 0.803632 4.0683 
0.770074 0.0216629 -0.637587 -2.09128 -0.025343 0.999673 0.00335616 -0.0470171 0.637451 0.0135739 0.770371 4.24949 
0.733248 0.0207606 -0.679644 -2.30852 -0.0246212 0.999689 0.00397362 -0.0462237 0.679515 0.01382 0.733531 4.42893 
0.692672 0.0165344 -0.721063 -2.5456 -0.0185442 0.999815 0.00511231 -0.0436655 0.721014 0.00983044 0.69285 4.62071 
0.649472 0.0130596 -0.760273 -2.7988 -0.0132274 0.999895 0.00587602 -0.0432377 0.76027 0.0062402 0.649577 4.78971 
0.604329 0.0126478 -0.796634 -3.07388 -0.0104666 0.999914 0.00793513 -0.0426744 0.796666 0.00354269 0.60441 4.94354 
0.555733 0.0132738 -0.831255 -3.36732 -0.00811661 0.999912 0.0105406 -0.039013 0.831321 0.000889279 0.555791 5.08737 
0.504458 0.0139406 -0.863324 -3.67758 -0.00664967 0.999903 0.0122605 -0.0346955 0.863411 -0.000444036 0.504501 5.21267 
0.451508 0.0154415 -0.892134 -3.98937 -0.00560579 0.99988 0.0144693 -0.0328449 0.89225 -0.00153183 0.45154 5.31863 
0.396904 0.0175291 -0.917693 -4.33286 -0.00439155 0.999842 0.0171989 -0.0278773 0.91785 -0.00279616 0.396918 5.41362 
0.341389 0.019451 -0.939721 -4.70125 -0.00404407 0.999807 0.0192255 -0.0216053 0.939913 -0.00276303 0.341402 5.49298 
0.286277 0.0224779 -0.957883 -5.08691 -0.00177311 0.999736 0.02293 -0.0184347 0.958145 -0.00486587 0.286242 5.56068 
0.232517 0.02444 -0.972285 -5.48322 0.00234337 0.999667 0.0256887 -0.0151935 0.97259 -0.00825145 0.232382 5.61305 
0.181553 0.0248613 -0.983067 -5.89433 0.00506112 0.999644 0.0262152 -0.0100445 0.983368 -0.00973483 0.181363 5.64563 
0.134076 0.0257592 -0.990636 -6.32411 0.00271788 0.999649 0.0263614 -0.00318467 0.990967 -0.00622682 0.133959 5.65547 
0.0916829 0.0259855 -0.995449 -6.76445 0.000676341 0.999658 0.0261577 0.00566315 0.995788 -0.00307143 0.091634 5.64946 
0.0537318 0.0244554 -0.998256 -7.22116 -0.000879155 0.999701 0.0244434 0.0156449 0.998555 -0.000435726 0.0537372 5.63526 
0.019191 0.0217215 -0.99958 -7.69013 0.000203593 0.999764 0.0217294 0.0233556 0.999816 -0.000620474 0.0191821 5.61141 
-0.0122994 0.0191775 -0.99974 -8.17594 0.000503086 0.999816 0.0191727 0.0276837 0.999924 -0.0002671 -0.0123068 5.57752 
-0.0390728 0.0173675 -0.999085 -8.68192 0.000685391 0.999849 0.0173539 0.0308199 0.999236 -6.65693e-06 -0.0390788 5.53281 
-0.0599685 0.0148677 -0.99809 -9.19492 0.00014448 0.999889 0.0148859 0.0401876 0.9982 0.000748519 -0.059964 5.47839 
-0.0763603 0.0140854 -0.996981 -9.72293 0.00076106 0.999901 0.0140683 0.0497421 0.99708 0.000315541 -0.0763634 5.41546 
-0.0895434 0.0145888 -0.995876 -10.2655 0.00155645 0.999894 0.0145077 0.0551724 0.995982 -0.000250926 -0.0895566 5.34989 
-0.0991925 0.0157006 -0.994944 -10.8253 0.000554745 0.999876 0.0157231 0.0571361 0.995068 0.00100772 -0.0991889 5.2759 
-0.106165 0.0170837 -0.994202 -11.3965 -0.00110309 0.99985 0.0172985 0.0561216 0.994348 0.00293324 -0.10613 5.19813 
-0.110751 0.0180239 -0.993685 -11.9877 -0.000827931 0.999834 0.0182277 0.0628484 0.993848 0.00284147 -0.110717 5.11898 
-0.112325 0.0186457 -0.993497 -12.6029 0.00168093 0.999826 0.0185744 0.0734937 0.99367 0.000416418 -0.112337 5.0435 
-0.111657 0.0209032 -0.993527 -13.2276 0.00383802 0.99978 0.0206034 0.0803986 0.993739 -0.00151262 -0.111713 4.96867 
-0.110469 0.0233683 -0.993605 -13.8676 0.0031853 0.999727 0.0231582 0.0855286 0.993875 -0.000606631 -0.110513 4.88908 
-0.109004 0.02326 -0.993769 -14.5198 0.00110826 0.999728 0.023278 0.0907327 0.994041 0.00143608 -0.109 4.80534 
-0.107596 0.0205296 -0.993983 -15.1864 -0.000379442 0.999786 0.0206905 0.101012 0.994195 0.00260341 -0.107565 4.72072 
-0.106394 0.0202206 -0.994118 -15.8698 -0.000538582 0.999792 0.0203936 0.114083 0.994324 0.00270521 -0.106361 4.63603 
-0.104849 0.0229525 -0.994223 -16.5719 -8.1602e-05 0.999733 0.0230883 0.126707 0.994488 0.00250196 -0.104819 4.55335 
-0.102876 0.0264559 -0.994342 -17.2922 -0.00122762 0.999642 0.0267239 0.134803 0.994693 0.00396996 -0.102807 4.46292 
-0.101176 0.0285926 -0.994458 -18.0217 -0.00158792 0.999581 0.0289014 0.142503 0.994867 0.00450329 -0.101088 4.37645 
-0.0992402 0.0277845 -0.994676 -18.769 -0.00324544 0.999596 0.0282458 0.156358 0.995058 0.00603132 -0.0991099 4.28189 
-0.097512 0.0246193 -0.99493 -19.5185 -0.00562464 0.999664 0.0252877 0.170423 0.995218 0.00806202 -0.0973408 4.19135 
-0.0961258 0.0239812 -0.99508 -20.2893 -0.00637006 0.999674 0.0247073 0.183102 0.995349 0.00871377 -0.0959417 4.10303 
-0.0947327 0.0265166 -0.99515 -21.0712 -0.00372722 0.999629 0.0269908 0.195293 0.995496 0.00626609 -0.0945987 4.02103 
-0.0936927 0.0286901 -0.995188 -21.8668 -0.00144271 0.99958 0.0289526 0.206966 0.9956 0.00414846 -0.093612 3.93462 
-0.0923846 0.0304139 -0.995259 -22.666 -0.000435838 0.999532 0.030585 0.217873 0.995723 0.00325939 -0.0923282 3.84546 
-0.091953 0.025883 -0.995427 -23.4656 -9.44634e-05 0.999662 0.0260019 0.224971 0.995763 0.00248502 -0.0919195 3.75901 
-0.0916342 0.0189794 -0.995612 -24.2717 0.00126096 0.99982 0.0189436 0.230691 0.995792 0.000480494 -0.0916416 3.67378 
-0.0919101 0.0144757 -0.995662 -25.09 0.00441419 0.99989 0.0141297 0.240575 0.995758 -0.00309634 -0.091964 3.58902 
-0.092498 0.0152309 -0.995596 -25.9201 0.00563854 0.999875 0.0147725 0.248923 0.995697 -0.00424724 -0.0925723 3.50051 
-0.0927085 0.0226785 -0.995435 -26.7629 0.00521582 0.999738 0.0222908 0.251961 0.99568 -0.00312543 -0.0928025 3.4065 
-0.0930082 0.0297059 -0.995222 -27.6129 0.00394425 0.999558 0.0294667 0.261862 0.995658 -0.00118472 -0.0930842 3.30851 
-0.0934 0.0349761 -0.995014 -28.4565 0.00193293 0.999387 0.0349484 0.271265 0.995627 0.00134093 -0.0934104 3.21195 
-0.0939173 0.035224 -0.994957 -29.2989 0.000329095 0.999375 0.0353493 0.282982 0.99558 0.00299252 -0.0938702 3.11406 
-0.0943582 0.0318844 -0.995028 -30.1348 0.000305945 0.999488 0.0319983 0.294482 0.995538 0.00271492 -0.0943197 3.02026 
-0.0949431 0.029084 -0.995058 -30.9694 0.000244752 0.999574 0.0291926 0.309806 0.995483 0.00252814 -0.0949097 2.92752 
-0.0952628 0.0302746 -0.994992 -31.81 -0.0011316 0.999534 0.0305211 0.32339 0.995452 0.0040335 -0.0951841 2.83347 
-0.0952308 0.032569 -0.994922 -32.6492 -0.00170756 0.999458 0.0328809 0.33354 0.995454 0.0048302 -0.0951236 2.73736 
-0.095146 0.0309574 -0.994982 -33.4848 -0.00257669 0.999505 0.0313445 0.342082 0.99546 0.00554611 -0.0950192 2.63886 
-0.0947192 0.0257606 -0.995171 -34.3176 -0.00311179 0.999653 0.0261727 0.353886 0.995499 0.00557587 -0.0946061 2.54007 
-0.0945406 0.0215456 -0.995288 -35.1518 -0.00434239 0.999747 0.0220546 0.3638 0.995512 0.00640702 -0.0944232 2.44031 
-0.0940627 0.0222774 -0.995317 -35.9871 -0.00374354 0.999735 0.0227301 0.371108 0.995559 0.0058641 -0.0939544 2.34496 
-0.0937249 0.0247495 -0.995291 -36.825 -0.00251522 0.999682 0.0250956 0.377629 0.995595 0.0048555 -0.0936328 2.25388 
-0.0931818 0.0295859 -0.995209 -37.6704 -0.0022236 0.99955 0.0299231 0.387542 0.995647 0.00500127 -0.093074 2.15676 
-0.0928155 0.0350959 -0.995065 -38.5101 -0.0011909 0.999374 0.035359 0.401622 0.995683 0.00446693 -0.0927156 2.06839 
-0.0930656 0.0384743 -0.994916 -39.3464 -0.00137511 0.999247 0.0387704 0.411684 0.995659 0.00497635 -0.0929427 1.97765 
-0.0926926 0.0382598 -0.994959 -40.1808 -0.000994217 0.999257 0.0385177 0.428803 0.995694 0.00455955 -0.0925857 1.88257 
-0.0926652 0.0336079 -0.99513 -41.0095 -0.00079546 0.999427 0.0338271 0.448718 0.995697 0.00392622 -0.0925854 1.78922 
-0.0923888 0.0293101 -0.995292 -41.8348 -0.00174685 0.99956 0.0295979 0.459961 0.995722 0.00447318 -0.092297 1.69551 
-0.0923118 0.026401 -0.99538 -42.6625 -0.00559876 0.999619 0.0270327 0.471601 0.995714 0.00806837 -0.0921288 1.59699 
-0.0928479 0.0244172 -0.995381 -43.4927 -0.00877601 0.99964 0.0253403 0.482299 0.995642 0.0110883 -0.0926002 1.49714 
-0.093553 0.0226378 -0.995357 -44.3212 -0.00658314 0.999706 0.0233555 0.485261 0.995593 0.00873759 -0.0933764 1.40489 
-0.0947348 0.0191134 -0.995319 -45.1476 -0.00315875 0.999805 0.0195002 0.48914 0.995498 0.00499135 -0.094656 1.31601 
-0.0956103 0.0176476 -0.995262 -45.9713 0.00122812 0.999844 0.0176109 0.497408 0.995418 0.000461514 -0.0956171 1.22594 
-0.0977595 0.0210853 -0.994987 -46.7985 0.00178746 0.999778 0.0210112 0.502219 0.995209 0.000275589 -0.0977754 1.12992 
-0.0997519 0.0274585 -0.994633 -47.6249 0.00433929 0.999622 0.027161 0.503296 0.995003 -0.0016066 -0.0998333 1.03724 
-0.101734 0.0313009 -0.994319 -48.4445 0.00635575 0.999505 0.0308139 0.508232 0.994791 -0.00318477 -0.101883 0.942124 
-0.103355 0.0303735 -0.994181 -49.2528 0.00635141 0.999533 0.0298768 0.516857 0.994624 -0.00322649 -0.1035 0.844979 
-0.104518 0.0263949 -0.994173 -50.0522 0.00313706 0.999652 0.0262106 0.52179 0.994518 -0.000379266 -0.104564 0.740882 
-0.105793 0.0225648 -0.994132 -50.8472 -0.00160206 0.999737 0.0228626 0.529063 0.994387 0.0040114 -0.105729 0.63331 
-0.10736 0.0209197 -0.994 -51.641 -0.00573249 0.999749 0.0216599 0.534369 0.994204 0.00802355 -0.107213 0.526088 
-0.108509 0.0221036 -0.99385 -52.4346 -0.00713665 0.99971 0.0230132 0.536851 0.99407 0.00958993 -0.108319 0.422441 
-0.109718 0.0235946 -0.993683 -53.2218 -0.00690762 0.999676 0.0244996 0.540141 0.993939 0.00955207 -0.10952 0.322968 
-0.110847 0.0231092 -0.993569 -54.0021 -0.00855881 0.99967 0.024206 0.544025 0.993801 0.011187 -0.110613 0.219866 
-0.111471 0.0230278 -0.993501 -54.7848 -0.00939655 0.999662 0.0242249 0.545685 0.993723 0.0120359 -0.111217 0.113055 
-0.112039 0.0248433 -0.993393 -55.5579 -0.00765287 0.999636 0.0258626 0.552739 0.993674 0.0105 -0.111808 0.0129984 
-0.11238 0.0276923 -0.993279 -56.3317 -0.00674882 0.999567 0.0286312 0.560942 0.993642 0.00992108 -0.112145 -0.0879552 
-0.112638 0.0319462 -0.993122 -57.0978 -0.00673845 0.999436 0.0329135 0.567179 0.993613 0.0103994 -0.112359 -0.189235 
-0.113291 0.0341137 -0.992976 -57.865 -0.00668899 0.999362 0.0350963 0.574543 0.993539 0.0106181 -0.112991 -0.29265 
-0.114219 0.0341478 -0.992869 -58.6187 -0.00623845 0.999365 0.0350889 0.583838 0.993436 0.0102018 -0.113934 -0.391211 
-0.114748 0.0322286 -0.992872 -59.3667 -0.00531405 0.999439 0.033056 0.594137 0.99338 0.00906932 -0.114513 -0.489846 
-0.115246 0.0286805 -0.992923 -60.1018 -0.00488405 0.999555 0.029439 0.601813 0.993325 0.00824225 -0.115055 -0.585623 
-0.115237 0.0258811 -0.993001 -60.8259 -0.00513414 0.999632 0.0266497 0.605714 0.993325 0.00816927 -0.115061 -0.682554 
-0.114329 0.0235949 -0.993163 -61.5354 -0.00574066 0.999686 0.0244107 0.611042 0.993426 0.0084923 -0.114157 -0.77431 
-0.112192 0.0228172 -0.993425 -62.2338 -0.00790598 0.999684 0.0238538 0.613493 0.993655 0.0105303 -0.111977 -0.869913 
-0.108312 0.0235818 -0.993837 -62.919 -0.00809467 0.999665 0.0246022 0.617772 0.994084 0.0107095 -0.108084 -0.957335 
-0.102761 0.0252474 -0.994386 -63.5877 -0.00724272 0.999632 0.0261291 0.619957 0.99468 0.00988714 -0.10254 -1.03352 
-0.0957834 0.0266922 -0.995044 -64.243 -0.00622413 0.999605 0.0274137 0.625184 0.995383 0.0088191 -0.0955794 -1.10316 
-0.0869704 0.0280015 -0.995817 -64.8809 -0.00723673 0.999561 0.0287388 0.627538 0.996185 0.00970592 -0.0867296 -1.17049 
-0.0753374 0.0296188 -0.996718 -65.5008 -0.00938065 0.999494 0.0304103 0.63152 0.997114 0.0116409 -0.0750214 -1.22632 
-0.0605007 0.0310032 -0.997687 -66.1082 -0.01238 0.999417 0.0318077 0.638241 0.998091 0.0142758 -0.0600817 -1.27319 
-0.0422345 0.0321563 -0.99859 -66.6972 -0.0138864 0.999367 0.0327686 0.645542 0.999011 0.0152509 -0.0417612 -1.29998 
-0.0202237 0.0328755 -0.999255 -67.2634 -0.0147192 0.999341 0.0331762 0.651363 0.999687 0.0153792 -0.0197265 -1.30769 
0.00517987 0.033306 -0.999432 -67.8048 -0.0142168 0.999347 0.0332295 0.654852 0.999886 0.0140366 0.00564999 -1.29578 
0.0343686 0.0328878 -0.998868 -68.3213 -0.0127134 0.999392 0.0324676 0.6607 0.999328 0.0115831 0.0347658 -1.26124 
0.0684281 0.0328616 -0.997115 -68.8165 -0.0113629 0.999418 0.0321577 0.668098 0.997591 0.00912963 0.0687617 -1.20874 
0.106122 0.0330423 -0.993804 -69.2916 -0.010714 0.999428 0.0320852 0.675077 0.994295 0.00724271 0.106416 -1.13637 
0.146961 0.0325906 -0.988605 -69.7492 -0.0104633 0.999452 0.0313928 0.683362 0.989087 0.0057306 0.147221 -1.04495 
0.192265 0.0336657 -0.980765 -70.1966 -0.00933662 0.999429 0.032476 0.686269 0.981299 0.00291307 0.19247 -0.932362 
0.241012 0.0323982 -0.969981 -70.6257 -0.00609676 0.999474 0.0318684 0.688996 0.970503 -0.00176688 0.241083 -0.798572 
0.291517 0.0277468 -0.956163 -71.0283 0.00164154 0.999563 0.0295067 0.689655 0.956564 -0.0101713 0.291345 -0.640047 
0.343346 0.0226322 -0.938936 -71.4174 0.00671455 0.999625 0.0265504 0.691968 0.939185 -0.0154205 0.343065 -0.46155 
0.396327 0.0179452 -0.917934 -71.7969 0.0117646 0.999628 0.0246217 0.698976 0.918034 -0.0205573 0.395968 -0.263746 
0.448319 0.0175943 -0.8937 -72.1729 0.0112199 0.999617 0.0253078 0.706122 0.893803 -0.0213732 0.44795 -0.0523994 
0.4974 0.0163581 -0.867367 -72.5366 0.0126183 0.99958 0.0260877 0.713375 0.86743 -0.0239207 0.496984 0.18301 
0.543028 0.0124061 -0.839623 -72.8749 0.0201022 0.999412 0.0277682 0.7173 0.839474 -0.0319571 0.542459 0.446561 
0.587451 0.00609404 -0.809237 -73.1908 0.0304945 0.999095 0.0296607 0.719603 0.808685 -0.0421014 0.586733 0.732535 
0.630882 0.00122881 -0.775878 -73.4969 0.0316154 0.999128 0.0272895 0.721011 0.775234 -0.0417461 0.630293 1.01873 
0.673098 -0.00350478 -0.739545 -73.7905 0.0281652 0.999385 0.0208983 0.724813 0.739017 -0.034896 0.672783 1.31164 
0.714624 -0.0104244 -0.699431 -74.0762 0.0243356 0.999654 0.00996527 0.733148 0.699085 -0.0241425 0.714631 1.63067 
0.754947 -0.0135433 -0.655646 -74.3511 0.01958 0.999807 0.00189309 0.738716 0.655494 -0.0142667 0.755066 1.97289 
0.792965 -0.0143879 -0.609097 -74.6097 0.0177763 0.999842 -0.00047549 0.737572 0.609008 -0.0104504 0.793095 2.34864 
0.827862 -0.0159771 -0.560704 -74.8596 0.0178904 0.999838 -0.00207563 0.741028 0.560646 -0.00831281 0.828014 2.75678 
0.859336 -0.0145331 -0.511204 -75.089 0.0145896 0.999886 -0.00390069 0.736744 0.511203 -0.00410623 0.85945 3.1781 
0.886112 -0.0129191 -0.463291 -75.3079 0.0135134 0.999907 -0.00203641 0.728872 0.463274 -0.00445612 0.886204 3.63364 
0.908012 -0.00640961 -0.418895 -75.5162 0.00668665 0.999977 -0.000806741 0.722826 0.418891 -0.00206843 0.908034 4.11462 
0.926206 -0.0022496 -0.377011 -75.7213 0.00153831 0.999996 -0.00218783 0.718121 0.377015 0.00144647 0.926206 4.58184 
0.940158 0.0028397 -0.340727 -75.9069 -0.00323556 0.999995 -0.00059369 0.713629 0.340724 0.00166065 0.940162 5.10627 
0.950542 0.00351205 -0.310576 -76.0783 -0.00316337 0.999994 0.00162624 0.705212 0.31058 -0.000563293 0.950547 5.65702 
0.958187 0.00301376 -0.286126 -76.2413 -0.00216514 0.999992 0.00328209 0.701889 0.286133 -0.0025253 0.958187 6.23418 
0.964228 0.00332625 -0.265052 -76.3996 -0.00197438 0.999984 0.00536651 0.699056 0.265065 -0.00465118 0.964219 6.81927 
0.969076 0.00563272 -0.246697 -76.5597 -0.00378313 0.999961 0.00797059 0.697159 0.246733 -0.00679077 0.96906 7.42791 
0.972815 0.0104854 -0.231347 -76.7212 -0.00853363 0.999919 0.00943554 0.698606 0.231427 -0.00720476 0.972826 8.05487 
0.975822 0.0141809 -0.218106 -76.8739 -0.0121171 0.999868 0.0107968 0.69517 0.21823 -0.00789286 0.975866 8.69425 
0.9787 0.0129378 -0.204887 -77.0165 -0.0109981 0.999883 0.010603 0.694869 0.205001 -0.00812371 0.978728 9.34834 
0.98143 0.0129664 -0.19138 -77.1471 -0.0112035 0.999884 0.0102902 0.69368 0.191492 -0.00795498 0.981462 10.0204 
0.984182 0.0133225 -0.176661 -77.2831 -0.0115931 0.999874 0.0108173 0.697737 0.176783 -0.00859807 0.984212 10.7153 
0.986572 0.0146344 -0.16267 -77.405 -0.0129437 0.999851 0.0114485 0.694715 0.162813 -0.0091892 0.986614 11.4133 
0.988568 0.014837 -0.150046 -77.5201 -0.0136826 0.999868 0.00872329 0.690405 0.150155 -0.0065705 0.988641 12.1277 
0.990164 0.015379 -0.139065 -77.6307 -0.0150473 0.999881 0.00343625 0.68447 0.139102 -0.00130985 0.990277 12.8493 
0.991492 0.0135113 -0.129468 -77.7377 -0.0139896 0.999898 -0.00278654 0.682814 0.129417 0.00457409 0.99158 13.5893 
0.992524 0.0133856 -0.12131 -77.8392 -0.0138537 0.9999 -0.00301617 0.680627 0.121258 0.00467426 0.99261 14.3433 
0.993301 0.0153698 -0.114528 -77.9453 -0.0150946 0.999881 0.00326898 0.670526 0.114564 -0.00151829 0.993415 15.1094 
0.993775 0.0200168 -0.109592 -78.0452 -0.0188741 0.999756 0.0114542 0.659091 0.109795 -0.00931438 0.993911 15.8731 
0.994226 0.0207105 -0.105285 -78.1443 -0.0192127 0.9997 0.0152202 0.655315 0.105568 -0.0131095 0.994326 16.6407 
0.994606 0.0195094 -0.101879 -78.2354 -0.0181654 0.999736 0.0141029 0.652996 0.102127 -0.0121761 0.994697 17.4067 
0.994928 0.0193012 -0.0987251 -78.3269 -0.0180822 0.999749 0.0132272 0.64934 0.0989556 -0.0113749 0.995027 18.1736 
0.995246 0.0177593 -0.0957645 -78.4147 -0.0163586 0.999748 0.0153914 0.649126 0.0960136 -0.0137516 0.995285 18.945 
0.995514 0.015903 -0.0932681 -78.4959 -0.0142915 0.999737 0.0179198 0.645893 0.0935285 -0.0165064 0.99548 19.7119 
0.995814 0.0139162 -0.0903378 -78.5745 -0.0121861 0.999732 0.019674 0.642641 0.0905873 -0.0184907 0.995717 20.4778 
0.996059 0.0132232 -0.0877026 -78.6545 -0.0118527 0.9998 0.0161284 0.63898 0.0878983 -0.0150252 0.996016 21.2382 
0.996166 0.0157888 -0.0860526 -78.7364 -0.0150845 0.999847 0.00882829 0.634509 0.0861788 -0.00749633 0.996252 21.9892 
0.996301 0.0162176 -0.0843892 -78.8165 -0.0161787 0.999869 0.00114356 0.627381 0.0843966 0.000226023 0.996432 22.7422 
0.996389 0.0172038 -0.0831496 -78.8922 -0.0175039 0.999843 -0.00288242 0.616336 0.0830869 0.0043275 0.996533 23.4946 
0.996542 0.0187162 -0.0809566 -78.9711 -0.018856 0.999822 -0.000963448 0.601647 0.0809241 0.00248668 0.996717 24.2487 
0.996675 0.0220328 -0.0784469 -79.0535 -0.0218759 0.999757 0.00285797 0.588667 0.0784907 -0.00113233 0.996914 25.0063 
0.996759 0.0254596 -0.0763057 -79.1323 -0.0249182 0.999657 0.00803892 0.575039 0.0764842 -0.00611142 0.997052 25.7669 
0.997005 0.0229716 -0.0738408 -79.1991 -0.0222996 0.999702 0.0099117 0.568992 0.0740464 -0.00823535 0.997221 26.5248 
0.997152 0.0200064 -0.0727227 -79.263 -0.0193483 0.999765 0.0097421 0.561289 0.0729005 -0.00830724 0.997305 27.2769 
0.997258 0.0183314 -0.0716968 -79.3267 -0.0176648 0.999795 0.00992056 0.551569 0.0718639 -0.00862681 0.997377 28.0279 
0.997352 0.0178067 -0.0705188 -79.3966 -0.0172883 0.999819 0.00795487 0.547946 0.0706476 -0.0067146 0.997479 28.7811 
0.997434 0.0156918 -0.0698499 -79.4602 -0.0152534 0.999861 0.00680513 0.541272 0.0699469 -0.00572217 0.997534 29.5406 
0.997493 0.0146793 -0.069228 -79.5249 -0.0142388 0.999875 0.00685169 0.535426 0.0693199 -0.00584875 0.997577 30.3019 
0.997488 0.0175975 -0.0686206 -79.5959 -0.0171021 0.999823 0.00780029 0.530236 0.0687457 -0.00660709 0.997612 31.0729 
0.997499 0.0170083 -0.0686038 -79.665 -0.0165698 0.999839 0.00695468 0.522843 0.068711 -0.0058005 0.99762 31.8515 
0.997393 0.0166789 -0.0702088 -79.7355 -0.0162395 0.999845 0.0068233 0.517493 0.0703117 -0.00566531 0.997509 32.6255 
0.997291 0.0141739 -0.0721857 -79.8045 -0.0136804 0.99988 0.00732538 0.512004 0.0722807 -0.00631796 0.997364 33.4111 
0.997031 0.016054 -0.075303 -79.8823 -0.0155592 0.999853 0.00715161 0.506802 0.0754068 -0.00595868 0.997135 34.1991 
0.996762 0.0195046 -0.0780104 -79.9665 -0.0190411 0.999796 0.00668079 0.501107 0.0781248 -0.00517371 0.99693 34.9888 
0.996555 0.0199632 -0.0804995 -80.0517 -0.019884 0.999801 0.00178507 0.49382 0.080519 -0.00017823 0.996753 35.785 
0.996328 0.0205289 -0.0831265 -80.1344 -0.0207372 0.999784 -0.00164327 0.485371 0.0830747 0.00336109 0.996538 36.5875 
0.996168 0.0194684 -0.0852663 -80.2193 -0.019811 0.999799 -0.00317374 0.47527 0.0851873 0.00485083 0.996353 37.4039 
0.995995 0.0197353 -0.0872074 -80.3103 -0.0199523 0.9998 -0.00161783 0.461582 0.0871579 0.00335138 0.996189 38.226 
0.995816 0.0182395 -0.0895421 -80.3971 -0.0183893 0.999831 -0.000847987 0.448578 0.0895114 0.0024911 0.995983 39.0554 
0.995668 0.017533 -0.0913082 -80.487 -0.0175295 0.999846 0.000840255 0.440179 0.0913089 0.000764014 0.995822 39.8857 
0.995555 0.0170852 -0.0926225 -80.5812 -0.0167292 0.999849 0.00461831 0.430202 0.0926874 -0.00304824 0.995691 40.7256 
0.995475 0.0170603 -0.093477 -80.6768 -0.0162576 0.999824 0.00934181 0.423676 0.0936199 -0.00777979 0.995578 41.5798 
0.995537 0.0169101 -0.0928443 -80.7721 -0.015905 0.999807 0.0115547 0.416812 0.0930217 -0.0100264 0.995614 42.431 
0.995663 0.0199829 -0.0908659 -80.8701 -0.0190122 0.999753 0.0115354 0.414067 0.0910739 -0.00975774 0.995796 43.2861 
0.995835 0.0201223 -0.0889261 -80.9693 -0.0192845 0.999761 0.0102698 0.412007 0.0891115 -0.00851213 0.995985 44.1389 
0.99602 0.0176001 -0.0873699 -81.06 -0.0169545 0.999823 0.00812552 0.405706 0.0874974 -0.00661184 0.996143 45.0035 
0.996227 0.0136618 -0.0857016 -81.1427 -0.0131484 0.999892 0.00655136 0.399599 0.0857818 -0.00539976 0.996299 45.8734 
0.996407 0.0125078 -0.0837616 -81.2312 -0.0120255 0.999908 0.0062604 0.395167 0.0838322 -0.00523059 0.996466 46.7434 
0.996498 0.0101517 -0.0830015 -81.3158 -0.00945985 0.999917 0.00872415 0.386623 0.0830831 -0.00790837 0.996511 47.6183 
0.996588 0.00721134 -0.0822272 -81.3968 -0.00628849 0.999914 0.0114762 0.377057 0.0823029 -0.0109199 0.996548 48.4915 
0.996655 0.00685161 -0.0814367 -81.4839 -0.00591887 0.999914 0.011689 0.371354 0.0815097 -0.0111678 0.99661 49.3642 
0.996742 0.00806463 -0.0802579 -81.573 -0.00740038 0.999936 0.00856996 0.360772 0.0803218 -0.00794805 0.996737 50.2299 
0.996769 0.0105922 -0.0796167 -81.6625 -0.0104144 0.999942 0.00264722 0.352877 0.0796401 -0.00180947 0.996822 51.0899 
0.996823 0.0121234 -0.0787217 -81.7483 -0.0123743 0.99992 -0.00270054 0.338003 0.0786826 0.00366613 0.996893 51.9477 
0.99682 0.0167009 -0.0779203 -81.8387 -0.0174101 0.999813 -0.00843249 0.318957 0.0777648 0.00976231 0.996924 52.7976 
0.996921 0.0168257 -0.0765916 -81.9237 -0.0175921 0.999802 -0.00934422 0.299067 0.0764191 0.0106629 0.997019 53.6461 
0.996965 0.0133986 -0.0766945 -81.9991 -0.0136855 0.999901 -0.00321694 0.280265 0.0766438 0.00425682 0.997049 54.4944 
0.996921 0.0128049 -0.0773647 -82.0788 -0.012379 0.999906 0.00598137 0.262638 0.0774339 -0.00500521 0.996985 55.3541 
0.996833 0.0115899 -0.0786801 -82.1592 -0.0105327 0.999849 0.0138373 0.247792 0.0788285 -0.0129647 0.996804 56.2052 
0.99667 0.00982444 -0.080948 -82.2439 -0.0089193 0.999894 0.0115353 0.242751 0.0810527 -0.0107748 0.996652 57.0526 
0.996553 0.00465539 -0.0828319 -82.3204 -0.00399958 0.999959 0.0080811 0.236194 0.0828661 -0.00772191 0.996531 57.8858 
0.996343 0.00315276 -0.0853912 -82.405 -0.00259525 0.999975 0.00663867 0.225572 0.0854099 -0.00639273 0.996325 58.7153 
0.996091 0.00540449 -0.0881684 -82.4973 -0.00504091 0.999978 0.00434535 0.212699 0.0881899 -0.00388387 0.996096 59.5422 
0.995783 0.00700683 -0.0914702 -82.5927 -0.00695151 0.999975 0.000923035 0.200739 0.0914744 -0.000283243 0.995807 60.3639 
0.995414 0.00764733 -0.0953569 -82.6895 -0.00792108 0.999966 -0.002493 0.188172 0.0953345 0.00323694 0.99544 61.179 
0.995094 0.00957627 -0.0984654 -82.7889 -0.0102576 0.999927 -0.00641612 0.170466 0.0983968 0.0073947 0.99512 61.9891 
0.994722 0.0140566 -0.101643 -82.8962 -0.0147879 0.99987 -0.00644486 0.151038 0.101539 0.00791397 0.9948 62.7962 
0.994308 0.0176417 -0.105077 -83.005 -0.0182379 0.999823 -0.00471689 0.136304 0.104976 0.00660648 0.994453 63.5994 
0.993838 0.0205456 -0.10892 -83.1154 -0.020561 0.999788 0.000981898 0.121392 0.108917 0.00126369 0.99405 64.4012 
0.993374 0.0212317 -0.112952 -83.2261 -0.020611 0.999765 0.00666008 0.106355 0.113067 -0.00428785 0.993578 65.1994 
0.992809 0.0202146 -0.11799 -83.3357 -0.0191477 0.999765 0.0101686 0.0968843 0.118168 -0.00783619 0.992963 65.9932 
0.992016 0.0200399 -0.124512 -83.4497 -0.0187937 0.999761 0.0111744 0.0915203 0.124706 -0.00874508 0.992155 66.7828 
0.991331 0.0180139 -0.13015 -83.5679 -0.016212 0.999758 0.014891 0.0854854 0.130387 -0.0126519 0.991383 67.5642 
0.990439 0.0182585 -0.136739 -83.6897 -0.0164077 0.999758 0.0146501 0.079467 0.136973 -0.0122664 0.990499 68.3385 
0.989514 0.0232749 -0.142547 -83.8293 -0.0215442 0.999674 0.0136725 0.0745387 0.142819 -0.010458 0.989694 69.1123 
0.988573 0.0254396 -0.148582 -83.9672 -0.0242382 0.999657 0.00989062 0.0700471 0.148783 -0.00617619 0.988851 69.8787 
0.98767 0.0240553 -0.15469 -84.1019 -0.023245 0.999705 0.00704514 0.065748 0.154814 -0.00336247 0.987938 70.6433 
0.986801 0.0253103 -0.159946 -84.2455 -0.024706 0.999678 0.00576557 0.0581944 0.160041 -0.0017378 0.987109 71.4154 
0.986003 0.0274666 -0.164448 -84.3966 -0.0260666 0.999603 0.010666 0.0561547 0.164676 -0.00623007 0.986328 72.1791 
0.984952 0.0281083 -0.170526 -84.5495 -0.025956 0.999553 0.0148379 0.0523526 0.170867 -0.0101884 0.985242 72.9432 
0.983867 0.0272753 -0.17681 -84.7006 -0.0246606 0.999552 0.0169688 0.0449549 0.177194 -0.0123347 0.984099 73.701 
0.982656 0.024754 -0.183779 -84.8578 -0.0227388 0.999656 0.0130644 0.0429191 0.184039 -0.00865885 0.982881 74.4467 
0.981114 0.0230896 -0.192045 -85.0217 -0.0223729 0.999732 0.00589965 0.0423693 0.19213 -0.00149158 0.981368 75.186 
0.979335 0.0205652 -0.201195 -85.1885 -0.0201626 0.999789 0.00404988 0.0362907 0.201236 9.04713e-05 0.979543 75.9254 
0.977118 0.0202779 -0.211729 -85.3709 -0.0192258 0.999791 0.00702663 0.0276078 0.211827 -0.00279515 0.977303 76.6661 
0.974671 0.0201638 -0.222734 -85.5566 -0.0177152 0.999759 0.0129859 0.0275549 0.222942 -0.00871111 0.974793 77.4023 
0.97185 0.0218817 -0.234583 -85.7566 -0.0174985 0.999632 0.0207501 0.0236725 0.234951 -0.016061 0.971875 78.1359 
0.96912 0.0227411 -0.245538 -85.9642 -0.0173069 0.999556 0.0242668 0.0209011 0.245981 -0.0192679 0.969083 78.8592 
0.966132 0.0258901 -0.256746 -86.1817 -0.0215512 0.999574 0.019699 0.0177659 0.257146 -0.0134986 0.966278 79.5732 
0.962921 0.0249387 -0.268629 -86.4021 -0.0229676 0.999681 0.0104781 0.0168889 0.268804 -0.00391973 0.963187 80.2742 
0.959492 0.0224527 -0.280841 -86.6302 -0.0217986 0.999748 0.00545307 0.0204516 0.280892 0.000889802 0.959739 80.9822 
0.955895 0.0213071 -0.292936 -86.8669 -0.019167 0.999765 0.0101744 0.0231283 0.293084 -0.00411096 0.956078 81.6993 
0.952306 0.0226338 -0.304304 -87.1174 -0.0181027 0.999679 0.0177034 0.016726 0.304607 -0.0113503 0.952411 82.4192 
0.948477 0.0225899 -0.31604 -87.3777 -0.0161214 0.999604 0.0230671 0.0156634 0.316436 -0.0167836 0.948466 83.1291 
0.944264 0.0202549 -0.328566 -87.6429 -0.0141047 0.999678 0.021091 0.0190393 0.328888 -0.0152811 0.944245 83.8346 
0.940275 0.0183233 -0.339921 -87.9121 -0.0135344 0.999773 0.0164538 0.0212387 0.340146 -0.0108704 0.94031 84.5358 
0.937075 0.0143177 -0.348835 -88.192 -0.0116791 0.999885 0.00966601 0.0180709 0.348933 -0.00498364 0.937135 85.2313 
0.934191 0.0100681 -0.356631 -88.4745 -0.00935661 0.999949 0.00372012 0.0143503 0.35665 -0.000138397 0.934238 85.9337 
0.931443 0.0098605 -0.363754 -88.7684 -0.00996079 0.999949 0.00160013 0.0100829 0.363751 0.00213289 0.931494 86.634 
0.928283 0.0150281 -0.37157 -89.0718 -0.0155595 0.999878 0.00156805 -0.000678727 0.371548 0.00432589 0.928404 87.3273 
0.925087 0.0148978 -0.379462 -89.3777 -0.0145428 0.999887 0.00380196 -0.00984413 0.379476 0.00200136 0.925199 88.0276 
0.921792 0.0156111 -0.38737 -89.6878 -0.0125853 0.999867 0.0103465 -0.0117762 0.38748 -0.00466205 0.921866 88.7312 
0.918878 0.0175582 -0.394151 -90.0021 -0.0111893 0.999767 0.018451 -0.0119913 0.394383 -0.0125439 0.918861 89.4337 
0.916158 0.0274024 -0.399879 -90.3359 -0.0188671 0.999503 0.0252662 -0.0181885 0.400373 -0.0156032 0.91622 90.1276 
0.913443 0.0338345 -0.405559 -90.6721 -0.0272498 0.999387 0.0220008 -0.0165391 0.406054 -0.00904508 0.913804 90.8098 
0.910978 0.0301 -0.411354 -91.0012 -0.0265213 0.999544 0.0144059 -0.0136364 0.411601 -0.00221377 0.911362 91.4947 
0.909023 0.0224684 -0.416141 -91.3314 -0.021501 0.999744 0.00701146 -0.0118674 0.416192 0.0025739 0.909273 92.1812 
0.907334 0.0231789 -0.419771 -91.6722 -0.0225742 0.999725 0.00640873 -0.0136095 0.419804 0.00366116 0.907608 92.8688 
0.905047 0.0291537 -0.424312 -92.0264 -0.0268085 0.999575 0.0114971 -0.0165039 0.424467 0.000969838 0.905443 93.5642 
0.902454 0.0313543 -0.429644 -92.3763 -0.0272065 0.999505 0.0157946 -0.0204882 0.429927 -0.00256475 0.90286 94.2619 
0.900099 0.0278813 -0.434792 -92.723 -0.0242566 0.999609 0.0138849 -0.0270942 0.435009 -0.00195121 0.900424 94.9533 
0.897675 0.0258831 -0.439898 -93.0765 -0.0251639 0.999655 0.0074679 -0.0309756 0.439939 0.00436585 0.898017 95.6373 
0.895418 0.0232559 -0.444619 -93.4364 -0.0254884 0.999675 0.000957056 -0.0351352 0.444496 0.0104757 0.895719 96.3198 
0.893053 0.0240741 -0.449307 -93.8052 -0.0271436 0.999632 -0.000390592 -0.0417638 0.449132 0.0125447 0.893377 97.0057 
0.890954 0.0269955 -0.45329 -94.1743 -0.0282358 0.999593 0.00403209 -0.0550518 0.453214 0.00920665 0.891354 97.6928 
0.888846 0.0286785 -0.457307 -94.547 -0.0290959 0.999558 0.00613149 -0.06428 0.457281 0.00785587 0.889288 98.3721 
0.886473 0.0296467 -0.46183 -94.9236 -0.0298605 0.999531 0.0068472 -0.0736288 0.461817 0.00772066 0.886942 99.0516 
0.884185 0.027787 -0.46631 -95.2969 -0.0281407 0.999585 0.00620579 -0.0846206 0.466289 0.00763529 0.8846 99.7264 
0.882019 0.0260164 -0.470495 -95.6697 -0.0265336 0.999633 0.00553401 -0.0925446 0.470466 0.00760284 0.882386 100.395 
0.879804 0.0255433 -0.47465 -96.0476 -0.0257619 0.99965 0.00604428 -0.0996715 0.474638 0.00691017 0.880154 101.061 
0.877425 0.0268561 -0.478961 -96.4293 -0.0269684 0.999614 0.00664548 -0.108638 0.478954 0.00708595 0.877811 101.721 
0.875133 0.0272311 -0.483115 -96.8125 -0.0274742 0.999601 0.00657529 -0.118405 0.483102 0.00751898 0.875532 102.377 
0.872641 0.0242583 -0.487759 -97.1896 -0.0264167 0.999648 0.00245508 -0.127779 0.487647 0.0107426 0.872975 103.029 
0.870154 0.0207671 -0.492343 -97.5654 -0.0249742 0.999686 -0.00197179 -0.140567 0.492148 0.0140117 0.870399 103.678 
0.86802 0.0192761 -0.496155 -97.9455 -0.0248725 0.99968 -0.00467583 -0.150542 0.495906 0.0163994 0.868221 104.313 
0.866055 0.0209 -0.499513 -98.3294 -0.0246617 0.999695 -0.000930476 -0.159075 0.499341 0.0131247 0.866306 104.946 
0.864108 0.0251119 -0.50268 -98.7142 -0.0244991 0.999669 0.00782551 -0.169598 0.502711 0.00555319 0.864437 105.577 
0.862579 0.0268952 -0.505207 -99.096 -0.0210963 0.99963 0.017197 -0.177543 0.505483 -0.00417571 0.862827 106.206 
0.861066 0.0264681 -0.507804 -99.4696 -0.0178098 0.999602 0.0219025 -0.183171 0.508181 -0.00981556 0.861194 106.815 
0.859426 0.0233897 -0.510725 -99.8353 -0.0144964 0.999666 0.0213879 -0.183271 0.511055 -0.0109776 0.859478 107.408 
0.857629 0.0214213 -0.513823 -100.196 -0.0143089 0.999739 0.0177959 -0.184173 0.51407 -0.00790998 0.857712 107.985 
0.85596 0.0193887 -0.516678 -100.549 -0.0136448 0.999796 0.0149131 -0.186253 0.516862 -0.00571502 0.85605 108.545 
0.854415 0.017544 -0.519296 -100.898 -0.0121558 0.999831 0.0137781 -0.189393 0.51945 -0.00545969 0.854484 109.092 
0.853174 0.0159942 -0.521381 -101.234 -0.0105884 0.999855 0.0133456 -0.191026 0.521519 -0.00586551 0.853219 109.624 
0.851801 0.0163415 -0.52361 -101.566 -0.0103402 0.999843 0.014383 -0.196798 0.523763 -0.00683713 0.851837 110.135 
0.85055 0.0159711 -0.525652 -101.886 -0.00901735 0.999835 0.0157875 -0.200648 0.525817 -0.00868799 0.850553 110.631 
0.849046 0.0146713 -0.528116 -102.192 -0.00702939 0.99984 0.0164749 -0.205867 0.528273 -0.0102756 0.849013 111.11 
0.847693 0.0131138 -0.530325 -102.489 -0.00515872 0.999851 0.0164781 -0.206731 0.530462 -0.0112325 0.847634 111.572 
0.846529 0.0119888 -0.532208 -102.776 -0.00450191 0.999872 0.0153629 -0.210135 0.532324 -0.0106091 0.846474 112.004 
0.845197 0.0118243 -0.534324 -103.052 -0.0064906 0.999909 0.0118605 -0.215895 0.534415 -0.00655637 0.845197 112.419 
0.84371 0.0092111 -0.536721 -103.318 -0.00596017 0.999952 0.00779172 -0.221097 0.536767 -0.00337495 0.843724 112.813 
0.841349 0.00532375 -0.540466 -103.568 -0.00276808 0.999981 0.00554095 -0.223525 0.540485 -0.00316577 0.841348 113.196 
0.838609 0.00122112 -0.544733 -103.811 0.00229479 0.999981 0.0057744 -0.223609 0.544729 -0.00609246 0.83859 113.565 
0.834954 0.0021016 -0.550316 -104.046 0.00223744 0.999972 0.00721345 -0.228829 0.550315 -0.00725415 0.834925 113.913 
0.830928 0.00575491 -0.55635 -104.278 -0.000902 0.999959 0.0089964 -0.234744 0.556379 -0.00697348 0.830899 114.245 
0.827069 0.0117949 -0.561977 -104.506 -0.00499823 0.999895 0.01363 -0.240882 0.562079 -0.00846401 0.827041 114.559 
0.82293 0.0170285 -0.567888 -104.725 -0.0066793 0.999772 0.0202997 -0.24135 0.568104 -0.0129121 0.822856 114.857 
0.818029 0.0184955 -0.57488 -104.929 -0.00561101 0.999692 0.0241786 -0.240891 0.57515 -0.0165531 0.817881 115.138 
0.812433 0.0157105 -0.582843 -105.12 -0.00122697 0.999681 0.0252361 -0.240554 0.583053 -0.0197875 0.812193 115.402 
0.805243 0.013788 -0.592784 -105.3 0.0021462 0.999655 0.026167 -0.241544 0.592941 -0.022343 0.804936 115.645 
0.796311 0.0123848 -0.604761 -105.479 0.00515214 0.999615 0.027255 -0.24208 0.604865 -0.0248192 0.795941 115.874 
0.785914 0.0129849 -0.6182 -105.659 0.00560347 0.999589 0.0281194 -0.244145 0.618311 -0.0255634 0.785518 116.081 
0.77348 0.0142068 -0.633662 -105.836 0.00405115 0.999618 0.0273566 -0.241651 0.633808 -0.0237268 0.773127 116.271 
0.759259 0.0126423 -0.650666 -106.008 0.00426412 0.999693 0.0243995 -0.241373 0.650775 -0.0213 0.758972 116.447 
0.7442 0.0102171 -0.667879 -106.176 0.00352976 0.999809 0.0192279 -0.244566 0.667948 -0.0166668 0.744021 116.607 
0.728953 0.00623321 -0.684535 -106.338 0.00389417 0.999905 0.0132517 -0.238131 0.684553 -0.0123255 0.728859 116.757 
0.71318 0.00613104 -0.700954 -106.501 0.000117057 0.999961 0.00886543 -0.233488 0.700981 -0.00640465 0.713152 116.898 
0.697088 0.00967296 -0.71692 -106.675 -0.00718188 0.999953 0.00650851 -0.232086 0.71695 0.000611881 0.697125 117.031 
0.679539 0.0115415 -0.733548 -106.851 -0.00979497 0.99993 0.00665885 -0.231597 0.733574 0.00266018 0.679605 117.164 
0.660198 0.0100225 -0.751025 -107.022 -0.0065115 0.99995 0.00762033 -0.227648 0.751064 -0.000140575 0.66023 117.304 
0.639844 0.00912691 -0.768451 -107.202 -0.00357695 0.999954 0.00889814 -0.224296 0.768496 -0.00294466 0.639847 117.434 
0.617155 0.0106226 -0.78677 -107.388 -0.00349993 0.999936 0.0107552 -0.217967 0.786834 -0.00388393 0.617152 117.558 
0.592881 0.0148346 -0.805154 -107.586 -0.00695115 0.999887 0.013304 -0.211342 0.80526 -0.00229087 0.592917 117.666 
0.567971 0.0188526 -0.822833 -107.783 -0.00904476 0.99982 0.0166644 -0.208367 0.822999 -0.00202251 0.56804 117.77 
0.542151 0.0215981 -0.840004 -107.984 -0.0107814 0.999766 0.0187474 -0.203424 0.840212 -0.0011075 0.542257 117.869 
0.515927 0.0247084 -0.856276 -108.186 -0.013838 0.999694 0.020509 -0.20291 0.856521 0.00126801 0.516111 117.957 
0.489133 0.0288558 -0.871732 -108.398 -0.0180916 0.999573 0.0229363 -0.199083 0.872022 0.00455221 0.489446 118.035 
0.461002 0.0316852 -0.886833 -108.606 -0.0202243 0.999478 0.0251967 -0.197999 0.887169 0.00631995 0.461402 118.109 
0.431074 0.0307898 -0.901791 -108.821 -0.0190488 0.999505 0.0250203 -0.193602 0.902116 0.0063925 0.431447 118.18 
0.398854 0.0275763 -0.9166 -109.051 -0.0189731 0.999582 0.0218168 -0.191491 0.916818 0.00868912 0.39921 118.243 
0.364161 0.0232554 -0.931046 -109.298 -0.0183827 0.999673 0.0177795 -0.187494 0.931155 0.0106406 0.364469 118.304 
0.324952 0.0208542 -0.945501 -109.562 -0.0180258 0.999712 0.0158547 -0.180642 0.945559 0.0118914 0.325234 118.359 
0.283379 0.0194725 -0.95881 -109.848 -0.0173822 0.999734 0.0151663 -0.170815 0.958851 0.0123685 0.283642 118.406 
0.239285 0.0174681 -0.970792 -110.151 -0.0165444 0.999766 0.0139115 -0.162041 0.970808 0.0127324 0.239518 118.448 
0.192152 0.0143888 -0.98126 -110.473 -0.0154723 0.999813 0.011631 -0.150524 0.981243 0.0129474 0.192338 118.471 
0.142786 0.0122766 -0.989677 -110.806 -0.0146811 0.999839 0.0102845 -0.14382 0.989645 0.0130611 0.142944 118.482 
0.0925619 0.0118267 -0.995637 -111.158 -0.0140533 0.999845 0.0105702 -0.135188 0.995608 0.0130136 0.0927138 118.472 
0.0402505 0.013163 -0.999103 -111.526 -0.0128137 0.999838 0.0126565 -0.130085 0.999107 0.0122929 0.0404126 118.448 
-0.0131485 0.0150256 -0.999801 -111.908 -0.0100956 0.999834 0.0151589 -0.118633 0.999863 0.0102929 -0.0129946 118.408 
-0.0667554 0.0170282 -0.997624 -112.292 -0.00661438 0.999825 0.0175084 -0.113416 0.997747 0.00776748 -0.0666311 118.344 
-0.120565 0.0189301 -0.992525 -112.691 -0.00250021 0.999809 0.0193728 -0.110564 0.992702 0.00481722 -0.120494 118.262 
-0.173362 0.0206035 -0.984643 -113.097 0.000322717 0.999782 0.0208635 -0.103344 0.984858 0.00329923 -0.173331 118.149 
-0.224615 0.0221874 -0.974195 -113.514 0.00222206 0.99975 0.0222571 -0.0969247 0.974445 0.00283459 -0.224608 118.012 
-0.274005 0.0235151 -0.961441 -113.935 0.00546892 0.999723 0.0228928 -0.0875624 0.961713 0.00101471 -0.274057 117.853 
-0.322127 0.0253412 -0.946357 -114.367 0.0105109 0.999676 0.0231912 -0.0819193 0.946638 -0.0024765 -0.322289 117.672 
-0.368568 0.0267282 -0.929217 -114.804 0.0150676 0.999627 0.0227771 -0.0722001 0.929479 -0.00560611 -0.368833 117.462 
-0.412415 0.0287206 -0.910543 -115.24 0.0196005 0.999551 0.0226504 -0.0661408 0.910785 -0.00850575 -0.412793 117.224 
