1 2.12261e-08 -2.11895e-08 -5.38632e-16 2.12261e-08 1 2.10703e-08 -4.44089e-16 -2.11895e-08 2.10703e-08 1 -2.38143e-14 
0.999996 0.00270626 0.000101645 -0.0114041 -0.00270637 0.999995 0.00155461 -0.0164686 -9.74793e-05 -0.00155484 0.999999 0.787436 
0.999986 0.00526643 0.000215672 -0.0245385 -0.0052668 0.999984 0.0019148 -0.0318603 -0.000205627 -0.00191587 0.999998 1.5571 
0.999978 0.00662342 0.000570708 -0.0396303 -0.00662433 0.999977 0.00167381 -0.0492375 -0.000559651 -0.00167751 0.999998 2.30445 
0.999964 0.00849777 0.000687551 -0.0563268 -0.00849872 0.999963 0.00146312 -0.0668493 -0.000675135 -0.00146887 0.999999 3.02894 
0.999964 0.0084535 0.00102519 -0.0676128 -0.00845471 0.999964 0.00122693 -0.0795418 -0.00101482 -0.00123552 0.999999 3.74967 
0.999963 0.00855605 0.000980096 -0.0731769 -0.00855822 0.999961 0.00227632 -0.0945577 -0.000960623 -0.00228458 0.999997 4.45936 
0.999955 0.00935973 0.00143469 -0.0829482 -0.0093669 0.999943 0.00510309 -0.107123 -0.00138689 -0.00511626 0.999986 5.14912 
0.999956 0.0090029 0.00259479 -0.0868428 -0.00902594 0.999919 0.00902281 -0.114699 -0.00251339 -0.00904579 0.999956 5.82654 
0.999958 0.00833353 0.00376455 -0.0893533 -0.00838008 0.999886 0.0125369 -0.123862 -0.00365969 -0.0125678 0.999914 6.47413 
0.999961 0.00748309 0.00460249 -0.0901967 -0.00755034 0.999862 0.0147806 -0.131069 -0.00449129 -0.0148148 0.99988 7.10093 
0.999951 0.00806559 0.00570563 -0.0959012 -0.0081488 0.999858 0.0147217 -0.14119 -0.00558613 -0.0147674 0.999875 7.693 
0.999937 0.00901826 0.00671947 -0.0997276 -0.00909883 0.999886 0.0120652 -0.148503 -0.00660993 -0.0121255 0.999905 8.2544 
0.999933 0.0088898 0.00743998 -0.100321 -0.00895819 0.999917 0.00921582 -0.153611 -0.00735749 -0.00928181 0.99993 8.79253 
0.999935 0.00699525 0.00899011 -0.0998453 -0.00706536 0.999945 0.00779541 -0.159361 -0.00893513 -0.00785838 0.999929 9.29818 
0.999937 0.00349244 0.0106749 -0.0905456 -0.0035501 0.999979 0.00539126 -0.162889 -0.0106559 -0.00542878 0.999929 9.78374 
0.999918 0.00155274 0.0127448 -0.0891188 -0.00160617 0.99999 0.00418603 -0.171721 -0.0127382 -0.00420612 0.99991 10.2291 
0.999876 0.00565647 0.0147149 -0.093569 -0.00569089 0.999981 0.00230087 -0.18325 -0.0147016 -0.00238428 0.999889 10.6484 
0.999794 0.010089 0.0176128 -0.0957759 -0.0101176 0.999948 0.00153791 -0.192334 -0.0175964 -0.00171575 0.999844 11.0357 
0.999723 0.0106013 0.021003 -0.0922777 -0.0106557 0.99994 0.00247887 -0.197361 -0.0209755 -0.00270194 0.999776 11.3904 
0.999692 0.0064356 0.0239835 -0.0799163 -0.0065097 0.999974 0.0030145 -0.201763 -0.0239635 -0.00316965 0.999708 11.7131 
0.999653 0.00168291 0.0262954 -0.0625356 -0.00175791 0.999994 0.00283073 -0.205227 -0.0262905 -0.00287593 0.99965 12.0043 
0.999586 -0.00175616 0.0287362 -0.051384 0.00163604 0.99999 0.00420457 -0.211326 -0.0287433 -0.00415577 0.999578 12.2681 
0.99951 -0.00207123 0.0312408 -0.0433646 0.00190991 0.999985 0.00519386 -0.215805 -0.0312511 -0.00513161 0.999498 12.5047 
0.99944 -0.00140819 0.0334186 -0.0390449 0.00126368 0.99999 0.00434604 -0.222244 -0.0334244 -0.00430134 0.999432 12.7074 
0.99937 -0.000454454 0.0354766 -0.033985 0.000351655 0.999996 0.00290505 -0.226032 -0.0354778 -0.0028907 0.999366 12.8968 
0.999277 0.00168243 0.0379715 -0.0315064 -0.00176697 0.999996 0.0021943 -0.232325 -0.0379677 -0.00225977 0.999276 13.0686 
0.999207 0.00430906 0.039583 -0.0306833 -0.00437822 0.999989 0.00166178 -0.241074 -0.0395754 -0.00183372 0.999215 13.2344 
0.999141 0.00553568 0.0410594 -0.0270996 -0.00555038 0.999985 0.000244957 -0.246155 -0.0410574 -0.000472601 0.999157 13.3942 
0.999068 0.00453037 0.0429178 -0.0182652 -0.00447434 0.999989 -0.00140048 -0.251592 -0.0429237 0.00120718 0.999078 13.5449 
0.999009 0.00312677 0.0443917 -0.00999644 -0.00300314 0.999991 -0.00285044 -0.2535 -0.0444003 0.00271434 0.99901 13.6924 
0.998955 0.00247211 0.0456474 -0.00438833 -0.00229345 0.99999 -0.0039649 -0.255454 -0.0456567 0.0038561 0.99895 13.8296 
0.998882 0.00320027 0.0471558 0.00145469 -0.0029491 0.999981 -0.00539415 -0.258017 -0.0471722 0.0052491 0.998873 13.9645 
0.998825 0.00416215 0.0482776 0.00802876 -0.00380689 0.999965 -0.00744724 -0.261868 -0.0483069 0.00725474 0.998806 14.0917 
0.998788 0.00412124 0.0490539 0.0138032 -0.00365772 0.999948 -0.00953426 -0.266318 -0.0490906 0.00934332 0.998751 14.2162 
0.998762 0.00330509 0.0496332 0.0233095 -0.00272284 0.999927 -0.0117933 -0.269823 -0.0496686 0.0116436 0.998698 14.34 
0.998787 0.00227103 0.0491824 0.0294429 -0.00160363 0.999906 -0.0136042 -0.273714 -0.0492088 0.0135089 0.998697 14.466 
0.998891 0.00178023 0.0470573 0.0326329 -0.00108877 0.999891 -0.0147147 -0.278469 -0.0470784 0.0146472 0.998784 14.5942 
0.999026 0.00184282 0.0440837 0.0342708 -0.00115806 0.999878 -0.0155527 -0.282531 -0.0441071 0.0154865 0.998907 14.723 
0.999195 0.00212772 0.0400611 0.032526 -0.0014567 0.999858 -0.0167706 -0.286794 -0.0400912 0.0166988 0.999057 14.8496 
0.999409 0.00255417 0.0342711 0.0300156 -0.00193945 0.999837 -0.0179569 -0.288201 -0.0343114 0.0178798 0.999251 14.9758 
0.999617 0.00237564 0.0275777 0.0279924 -0.00186181 0.999825 -0.0186413 -0.291962 -0.0276171 0.0185828 0.999446 15.1075 
0.999789 0.00223515 0.0204176 0.0215864 -0.00184043 0.999812 -0.019329 -0.294864 -0.020457 0.0192874 0.999605 15.2367 
0.999921 0.00228377 0.0123718 0.0133456 -0.00203153 0.999791 -0.0203591 -0.297332 -0.0124157 0.0203324 0.999716 15.3697 
0.999997 0.00105494 0.00225286 0.00302021 -0.00100617 0.999768 -0.0215203 -0.30178 -0.00227509 0.021518 0.999766 15.5082 
0.999941 -0.000561826 -0.0108715 -0.00702944 0.000309415 0.999731 -0.0232093 -0.303383 0.0108816 0.0232046 0.999672 15.6583 
0.99963 -0.00125126 -0.0271696 -0.0274108 0.000570297 0.999686 -0.0250582 -0.308024 0.0271924 0.0250335 0.999317 15.8212 
0.998926 -0.000954288 -0.0463249 -0.0590203 -0.000248203 0.999663 -0.025946 -0.313816 0.0463341 0.0259296 0.998589 15.9964 
0.997669 -0.00010669 -0.0682444 -0.0958446 -0.00163836 0.999673 -0.0255148 -0.319489 0.0682247 0.0255671 0.997342 16.192 
0.995768 0.000530691 -0.0918966 -0.146298 -0.00276232 0.999704 -0.0241591 -0.324719 0.0918566 0.0243108 0.995475 16.4091 
0.992942 0.00139507 -0.118596 -0.206437 -0.00411915 0.999733 -0.0227277 -0.330408 0.118533 0.0230559 0.992682 16.6418 
0.988865 0.00242553 -0.148796 -0.276728 -0.00555511 0.999772 -0.0206209 -0.337867 0.148712 0.0212179 0.988653 16.8891 
0.983285 0.00250901 -0.182056 -0.358513 -0.00573765 0.999835 -0.01721 -0.344119 0.181983 0.017967 0.983138 17.1489 
0.975712 0.00345278 -0.219032 -0.457158 -0.00652127 0.99989 -0.0132881 -0.347642 0.218962 0.0143937 0.975627 17.4247 
0.965823 0.00518849 -0.25915 -0.566097 -0.00753079 0.999939 -0.00804658 -0.349804 0.259093 0.00972323 0.965803 17.7141 
0.953625 0.00934897 -0.300852 -0.702219 -0.010803 0.999937 -0.00316981 -0.353563 0.300804 0.00627296 0.953666 18.0043 
0.939175 0.012739 -0.343202 -0.856811 -0.013182 0.999913 0.00104197 -0.351725 0.343185 0.00354554 0.939261 18.3122 
0.921989 0.0151501 -0.386919 -1.02252 -0.0136616 0.999885 0.00659691 -0.35237 0.386974 -0.00079629 0.92209 18.619 
0.902213 0.0182054 -0.430907 -1.20493 -0.0134344 0.99981 0.0141128 -0.353437 0.431082 -0.00694373 0.902286 18.9266 
0.879739 0.0223723 -0.474931 -1.40346 -0.01423 0.999684 0.0207324 -0.354698 0.475245 -0.0114807 0.879779 19.2295 
0.854035 0.0275938 -0.519483 -1.61629 -0.016874 0.999536 0.0253521 -0.356601 0.519941 -0.0128858 0.854105 19.5226 
0.825163 0.0304769 -0.564072 -1.85747 -0.0174891 0.999443 0.0284158 -0.351398 0.564624 -0.0135825 0.825236 19.8209 
0.793342 0.0335717 -0.60785 -2.12332 -0.0195761 0.999369 0.0296453 -0.339506 0.608461 -0.0116195 0.793499 20.1121 
0.758541 0.0358406 -0.650639 -2.41468 -0.0196902 0.999291 0.0320906 -0.326835 0.651328 -0.0115308 0.758709 20.4006 
0.720606 0.0394122 -0.692224 -2.73578 -0.0204989 0.999158 0.0355483 -0.310925 0.693042 -0.0114264 0.720807 20.6842 
0.680698 0.0403944 -0.73145 -3.08411 -0.0180434 0.9991 0.0383839 -0.296397 0.732342 -0.0129299 0.680814 20.9626 
0.639077 0.0401732 -0.768093 -3.45695 -0.0152773 0.999101 0.0395442 -0.282606 0.768991 -0.0135373 0.639116 21.2287 
0.595674 0.0389877 -0.80228 -3.85716 -0.00992898 0.999102 0.0411805 -0.267214 0.803165 -0.0165643 0.595526 21.485 
0.550611 0.0392244 -0.83384 -4.28064 -0.00545948 0.999043 0.0433907 -0.252083 0.834744 -0.019339 0.550299 21.7209 
0.503359 0.0404442 -0.86313 -4.73087 -0.00344568 0.99899 0.0448008 -0.231421 0.864071 -0.0195768 0.50299 21.9384 
0.453543 0.0401045 -0.890332 -5.20725 -0.0025096 0.999041 0.0437228 -0.210667 0.891231 -0.0175957 0.453208 22.1284 
0.4009 0.0389245 -0.915295 -5.70588 0.00267827 0.999043 0.0436592 -0.190271 0.916118 -0.0199543 0.400412 22.3045 
0.347205 0.0381986 -0.937011 -6.22895 0.0078809 0.999016 0.0436465 -0.17089 0.937756 -0.0225387 0.346562 22.4579 
0.292763 0.0370506 -0.955467 -6.78288 0.0105562 0.999063 0.0419757 -0.146299 0.956127 -0.022375 0.292097 22.5914 
0.239009 0.0427853 -0.970074 -7.36162 0.0110385 0.998845 0.0467739 -0.118885 0.970955 -0.0218875 0.238261 22.6935 
0.18728 0.0478063 -0.981143 -7.96342 0.0136423 0.998592 0.0512606 -0.0932925 0.982212 -0.0229851 0.186364 22.7687 
0.138688 0.0493013 -0.989108 -8.58084 0.0191429 0.99844 0.0524505 -0.0694146 0.990151 -0.0262086 0.137528 22.8236 
0.0943233 0.0507768 -0.994246 -9.21726 0.0214479 0.998363 0.0530218 -0.0502027 0.995311 -0.0263256 0.0930799 22.8502 
0.0537849 0.0489288 -0.997353 -9.86731 0.0212075 0.998518 0.0501296 -0.0238428 0.998327 -0.0238475 0.0526675 22.8522 
0.0180928 0.0444596 -0.998847 -10.529 0.0184852 0.998825 0.0447935 0.00865528 0.999665 -0.0192743 0.0172497 22.8282 
-0.0104832 0.0443695 -0.99896 -11.2181 0.0164188 0.998888 0.044194 0.0402071 0.99981 -0.0159384 -0.0112 22.79 
-0.031566 0.0484997 -0.998324 -11.9264 0.0150802 0.998731 0.0480426 0.069047 0.999388 -0.0135384 -0.0322573 22.7407 
-0.0444454 0.0544978 -0.997524 -12.6549 0.0164968 0.998415 0.0538115 0.0970929 0.998876 -0.0140642 -0.045274 22.6856 
-0.0525779 0.0571281 -0.996981 -13.4095 0.0163187 0.998278 0.0563418 0.128679 0.998484 -0.0133071 -0.0534196 22.6303 
-0.0565039 0.0544276 -0.996918 -14.1782 0.0175178 0.998413 0.0535164 0.158514 0.998249 -0.0144399 -0.0573677 22.5763 
-0.0559365 0.0507208 -0.997145 -14.9626 0.0251196 0.998464 0.0493787 0.194498 0.998118 -0.0222858 -0.0571247 22.53 
-0.0518526 0.0493418 -0.997435 -15.7661 0.0369663 0.998189 0.0474574 0.234995 0.99797 -0.0344107 -0.0535827 22.4952 
-0.0464773 0.0493659 -0.997699 -16.6066 0.0374927 0.998161 0.0476421 0.27078 0.998216 -0.0351921 -0.0482426 22.4523 
-0.0414301 0.0478664 -0.997994 -17.455 0.0356873 0.998285 0.0463989 0.296864 0.998504 -0.0336934 -0.0430673 22.4009 
-0.0382747 0.0416832 -0.998398 -18.3175 0.0393001 0.998419 0.0401775 0.32929 0.998494 -0.0376993 -0.0398524 22.3657 
-0.0361636 0.0309029 -0.998868 -19.1849 0.037122 0.998874 0.0295591 0.354992 0.998656 -0.036011 -0.0372701 22.3187 
-0.0355116 0.0223333 -0.99912 -20.0859 0.0295373 0.999337 0.0212883 0.375023 0.998933 -0.0287553 -0.0361477 22.2571 
-0.0369273 0.0193782 -0.99913 -21.0117 0.0239283 0.999542 0.0185018 0.396396 0.999031 -0.0232242 -0.0373741 22.1999 
-0.040483 0.0251797 -0.998863 -21.9591 0.0147345 0.999589 0.0246008 0.410154 0.999072 -0.0137217 -0.0408373 22.1297 
-0.0457131 0.0330727 -0.998407 -22.9473 0.0100057 0.999417 0.032648 0.432551 0.998905 -0.00849731 -0.0460173 22.0575 
-0.0506214 0.0425554 -0.997811 -23.9632 0.00870238 0.999073 0.0421678 0.462645 0.99868 -0.0065487 -0.0509448 21.9906 
-0.0524259 0.0525088 -0.997243 -24.9918 0.00760199 0.998609 0.052181 0.501798 0.998596 -0.00484535 -0.0527522 21.9219 
-0.0535062 0.0603147 -0.996744 -26.0185 0.00945583 0.99816 0.0598928 0.544356 0.998523 -0.00622037 -0.0539781 21.8521 
-0.055042 0.0610788 -0.996614 -27.0401 0.0105211 0.998107 0.0605892 0.593021 0.998429 -0.00715046 -0.0555804 21.7791 
-0.0567657 0.0583959 -0.996678 -28.0557 0.00940805 0.998275 0.0579536 0.63698 0.998343 -0.00608699 -0.0572171 21.6991 
-0.0594847 0.0533601 -0.996802 -29.0746 0.00923744 0.998557 0.0529028 0.679748 0.998187 -0.00606095 -0.0598918 21.6185 
-0.0641041 0.0482612 -0.996776 -30.0937 0.00947537 0.998814 0.0477505 0.715381 0.997898 -0.00638377 -0.0644854 21.5338 
-0.0697377 0.0437641 -0.996605 -31.1145 0.00964895 0.99902 0.043195 0.748962 0.997519 -0.00660383 -0.0700916 21.4464 
-0.0768294 0.0419131 -0.996163 -32.1418 0.00878122 0.999106 0.0413597 0.779266 0.997006 -0.00556985 -0.0771288 21.3464 
-0.0834285 0.0443705 -0.995526 -33.2045 0.00915256 0.999 0.0437584 0.81401 0.996472 -0.00546088 -0.0837512 21.2346 
-0.0897315 0.0492438 -0.994748 -34.2761 0.00777426 0.998781 0.0487421 0.849302 0.995936 -0.00335968 -0.090005 21.1139 
-0.0960056 0.0520808 -0.994017 -35.3485 0.00525021 0.998643 0.051816 0.886468 0.995367 -0.000244135 -0.0961488 20.9866 
-0.100764 0.0541782 -0.993434 -36.4254 0.0022439 0.998526 0.0542283 0.930424 0.994908 0.00323511 -0.100737 20.8564 
-0.103604 0.0555414 -0.993067 -37.5027 -0.00234646 0.998423 0.0560858 0.972548 0.994616 0.00814091 -0.10331 20.7178 
-0.105443 0.0566606 -0.99281 -38.5835 -0.00606025 0.99832 0.0576187 1.01699 0.994407 0.0120922 -0.104923 20.5777 
-0.107045 0.0561588 -0.992667 -39.6717 -0.00734762 0.998332 0.0572716 1.06434 0.994227 0.0134244 -0.106453 20.4353 
-0.108444 0.0552196 -0.992568 -40.7595 -0.00779149 0.998378 0.0563942 1.11177 0.994072 0.0138492 -0.107838 20.2926 
-0.109564 0.0545822 -0.99248 -41.8488 -0.00898111 0.998396 0.0558991 1.15575 0.993939 0.0150381 -0.108898 20.1514 
-0.110329 0.0535999 -0.992449 -42.9378 -0.0112018 0.998414 0.0551673 1.1995 0.993832 0.0172038 -0.109554 20.0039 
-0.111121 0.0510782 -0.992493 -44.0248 -0.0154777 0.998468 0.0531186 1.24189 0.993686 0.0212641 -0.110161 19.857 
-0.111586 0.0461722 -0.992682 -45.1166 -0.0209136 0.99859 0.0487979 1.27942 0.993535 0.0262057 -0.110463 19.7083 
-0.110891 0.0455679 -0.992787 -46.2183 -0.0223381 0.998582 0.048329 1.32059 0.993582 0.0275363 -0.109716 19.5622 
-0.109297 0.0496528 -0.992768 -47.3328 -0.023128 0.998354 0.0524784 1.36384 0.99374 0.0286965 -0.107968 19.4149 
-0.107581 0.052824 -0.992792 -48.4509 -0.0231072 0.998185 0.0556149 1.40637 0.993928 0.0289238 -0.106165 19.2745 
-0.106191 0.0525191 -0.992958 -49.5604 -0.0212598 0.998256 0.0550729 1.45525 0.994119 0.0269583 -0.104889 19.1384 
-0.103879 0.0519067 -0.993235 -50.6726 -0.021043 0.998299 0.0543722 1.49809 0.994367 0.0265488 -0.10261 19.0039 
-0.0999542 0.0523588 -0.993614 -51.8097 -0.0253799 0.998155 0.0551512 1.54449 0.994668 0.0307305 -0.0984409 18.8649 
-0.0942604 0.0531308 -0.994129 -52.9368 -0.030602 0.997948 0.0562365 1.59153 0.995077 0.0357232 -0.0924411 18.732 
-0.0886983 0.0526313 -0.994667 -54.0601 -0.0341175 0.997857 0.0558425 1.63742 0.995474 0.0388887 -0.0867125 18.6087 
-0.0832497 0.051932 -0.995175 -55.1904 -0.0356855 0.997845 0.0550566 1.68246 0.99589 0.0400968 -0.0812171 18.4956 
-0.0775385 0.0511419 -0.995677 -56.3249 -0.0351032 0.997924 0.053991 1.73031 0.996371 0.0391379 -0.0755823 18.387 
-0.072637 0.0512054 -0.996043 -57.4716 -0.0334053 0.997996 0.0537419 1.77442 0.996799 0.0371768 -0.0707809 18.2884 
-0.0670016 0.0517655 -0.996409 -58.6144 -0.0326566 0.998004 0.0540444 1.82144 0.997218 0.0361605 -0.0651774 18.1922 
-0.0614802 0.0534531 -0.996676 -59.7717 -0.0313663 0.997968 0.0554572 1.86809 0.997615 0.0346716 -0.0596787 18.1022 
-0.0562101 0.0545584 -0.996927 -60.9175 -0.0319961 0.997895 0.0564154 1.91647 0.997906 0.0350689 -0.0543461 18.0203 
-0.0512009 0.0538916 -0.997233 -62.0722 -0.0314992 0.997959 0.0555481 1.9627 0.998192 0.0342562 -0.0493988 17.9442 
-0.0466189 0.0493629 -0.997692 -63.2192 -0.031198 0.998219 0.0508467 2.00753 0.998425 0.0334965 -0.0449958 17.8757 
-0.042135 0.0441821 -0.998135 -64.3653 -0.0312529 0.998475 0.0455164 2.0473 0.998623 0.0331124 -0.0406899 17.8078 
-0.0382289 0.0434971 -0.998322 -65.5195 -0.0312483 0.998512 0.0447019 2.08777 0.99878 0.0329048 -0.0368127 17.7385 
-0.035111 0.0459495 -0.998327 -66.6862 -0.0306984 0.998422 0.0470335 2.12193 0.998912 0.0322984 -0.033645 17.6784 
-0.0328505 0.0452802 -0.998434 -67.85 -0.0309554 0.998448 0.0462993 2.16329 0.998981 0.0324279 -0.0313978 17.6169 
-0.0318547 0.044997 -0.998479 -69.0222 -0.0326041 0.998408 0.0460339 2.20465 0.998961 0.034021 -0.0303369 17.5566 
-0.0308622 0.045837 -0.998472 -70.1924 -0.0338106 0.998328 0.0468754 2.24147 0.998952 0.0352056 -0.0292608 17.4931 
-0.0298259 0.045302 -0.998528 -71.3709 -0.0345878 0.998327 0.046326 2.28189 0.998957 0.0359187 -0.0282092 17.4369 
-0.0286948 0.0432371 -0.998653 -72.5449 -0.0350389 0.998407 0.0442333 2.31746 0.998974 0.036261 -0.0271341 17.3796 
-0.0282011 0.0420621 -0.998717 -73.728 -0.0332209 0.998523 0.042992 2.35329 0.99905 0.0343907 -0.0267622 17.3268 
-0.0278079 0.0418256 -0.998738 -74.9143 -0.0301968 0.998633 0.042662 2.38906 0.999157 0.0313451 -0.0265069 17.2779 
-0.0275229 0.0428366 -0.998703 -76.1061 -0.0278242 0.998662 0.0436016 2.42027 0.999234 0.0289882 -0.0262942 17.2294 
-0.0274645 0.0456852 -0.998578 -77.2881 -0.0274153 0.998545 0.0464377 2.45366 0.999247 0.0286518 -0.0261721 17.1762 
-0.0273666 0.0492235 -0.998413 -78.4746 -0.0296697 0.998307 0.0500315 2.48942 0.999185 0.0309918 -0.0258598 17.1247 
-0.0268996 0.0492141 -0.998426 -79.6523 -0.0321422 0.998228 0.0500703 2.52622 0.999121 0.0334385 -0.0252701 17.0694 
-0.0266744 0.0473339 -0.998523 -80.8302 -0.0330232 0.998291 0.0482051 2.56299 0.999099 0.0342603 -0.0250657 17.0159 
-0.0265188 0.0450249 -0.998634 -82.0179 -0.0330674 0.998399 0.0458924 2.59937 0.999101 0.0342393 -0.0249875 16.9642 
-0.0265328 0.0443964 -0.998662 -83.1937 -0.0306843 0.998506 0.0452048 2.63285 0.999177 0.0318427 -0.0251309 16.9147 
-0.0266733 0.0460394 -0.998583 -84.3658 -0.0293057 0.998474 0.0468172 2.66536 0.999215 0.030513 -0.0252834 16.8685 
-0.026263 0.0487216 -0.998467 -85.5404 -0.0286108 0.998366 0.0494692 2.7057 0.999246 0.0298662 -0.0248261 16.8149 
-0.0256109 0.0511206 -0.998364 -86.7103 -0.0288883 0.998237 0.0518551 2.74144 0.999255 0.0301691 -0.0240889 16.763 
-0.0255441 0.0514009 -0.998351 -87.8845 -0.0304717 0.998173 0.0521714 2.78021 0.999209 0.0317542 -0.0239312 16.7098 
-0.0255279 0.0491891 -0.998463 -89.0578 -0.0296075 0.998313 0.0499387 2.82259 0.999236 0.0308369 -0.0240285 16.6675 
-0.0253887 0.0479392 -0.998528 -90.2349 -0.0281979 0.998418 0.0486509 2.8604 0.99928 0.0293916 -0.0239968 16.6234 
-0.0255245 0.0490283 -0.998471 -91.4063 -0.0267948 0.998404 0.04971 2.89872 0.999315 0.0280227 -0.02417 16.5781 
-0.0256351 0.0520454 -0.998316 -92.5759 -0.0243972 0.998314 0.0526717 2.93605 0.999374 0.0257064 -0.0243221 16.5369 
-0.0256921 0.0546529 -0.998175 -93.7539 -0.0231389 0.998204 0.05525 2.97766 0.999402 0.0245162 -0.0243814 16.4902 
-0.0252549 0.0563617 -0.998091 -94.9305 -0.0235252 0.998099 0.0569574 3.02418 0.999404 0.0249188 -0.0238809 16.4402 
-0.024995 0.058277 -0.997988 -96.1019 -0.0262273 0.997918 0.0589298 3.06938 0.999344 0.0276475 -0.0234145 16.3882 
-0.0246519 0.0573771 -0.998048 -97.2676 -0.028304 0.997911 0.0580684 3.11508 0.999295 0.0296803 -0.0229764 16.336 
-0.024941 0.0533662 -0.998264 -98.4361 -0.0308278 0.998058 0.0541255 3.16164 0.999214 0.0321243 -0.0232474 16.2846 
-0.0247252 0.0515165 -0.998366 -99.6 -0.0316616 0.99813 0.0522885 3.20819 0.999193 0.0329027 -0.0230479 16.2364 
-0.0248645 0.0498591 -0.998447 -100.768 -0.0314148 0.998223 0.0506303 3.25117 0.999197 0.0326249 -0.023254 16.1941 
-0.0247795 0.0502009 -0.998432 -101.922 -0.0304273 0.998238 0.0509464 3.29279 0.99923 0.031642 -0.0232084 16.1474 
-0.0249986 0.0524049 -0.998313 -103.09 -0.0305432 0.998119 0.0531596 3.33384 0.999221 0.0318206 -0.0233509 16.0975 
-0.0251747 0.0545214 -0.998195 -104.256 -0.0289483 0.998053 0.0552437 3.37823 0.999264 0.0302868 -0.0235474 16.0508 
-0.0256808 0.0534451 -0.998241 -105.433 -0.0327746 0.997988 0.0542748 3.42659 0.999133 0.0341107 -0.0238775 15.9922 
-0.0260761 0.0544938 -0.998174 -106.606 -0.0368618 0.997782 0.0554353 3.47511 0.99898 0.03824 -0.0240095 15.9381 
-0.0263995 0.0535522 -0.998216 -107.774 -0.0400812 0.997704 0.0545847 3.5229 0.998848 0.0414508 -0.0241925 15.8809 
-0.026811 0.0496539 -0.998407 -108.956 -0.0408657 0.997876 0.0507249 3.56933 0.998805 0.0421606 -0.0247249 15.8279 
-0.0276929 0.0456233 -0.998575 -110.135 -0.0408617 0.998071 0.0467335 3.61361 0.998781 0.0420977 -0.0257753 15.7781 
-0.0288795 0.0446935 -0.998583 -111.343 -0.0370923 0.998264 0.045752 3.65582 0.998894 0.0383611 -0.0271716 15.7312 
-0.0296205 0.0440642 -0.99859 -112.553 -0.0321606 0.998469 0.0450129 3.69654 0.999044 0.0334486 -0.028158 15.6862 
-0.0300757 0.0456858 -0.998503 -113.773 -0.0312072 0.998425 0.0466222 3.74399 0.99906 0.0325627 -0.0286026 15.6265 
-0.03096 0.0496281 -0.998288 -115.001 -0.0301556 0.998266 0.0505622 3.7871 0.999066 0.0316694 -0.0294097 15.5684 
-0.031875 0.0497649 -0.998252 -116.228 -0.0283382 0.998313 0.0506728 3.83285 0.99909 0.0299039 -0.0304109 15.5157 
-0.0325593 0.0452699 -0.998444 -117.468 -0.02844 0.998527 0.0462011 3.88049 0.999065 0.0299001 -0.0312238 15.4534 
-0.0333784 0.0414444 -0.998583 -118.724 -0.0286019 0.998691 0.042405 3.92571 0.999033 0.0299768 -0.0321494 15.3858 
-0.0341518 0.0399916 -0.998616 -119.984 -0.0278214 0.998774 0.0409493 3.96581 0.999029 0.0291814 -0.0329973 15.3192 
-0.0347486 0.0411096 -0.99855 -121.242 -0.0297428 0.998669 0.0421495 4.00546 0.998953 0.0311643 -0.0334796 15.2498 
-0.0353309 0.0457025 -0.99833 -122.502 -0.0346588 0.998297 0.0469275 4.04418 0.998775 0.0362589 -0.0336868 15.1754 
-0.0356638 0.0486988 -0.998177 -123.764 -0.0400308 0.997941 0.0501175 4.08662 0.998562 0.0417452 -0.0336409 15.1002 
-0.0361581 0.04815 -0.998185 -125.024 -0.0470113 0.997651 0.0498272 4.13366 0.99824 0.0487276 -0.0338096 15.0257 
-0.0363146 0.0460861 -0.998277 -126.293 -0.0501165 0.997595 0.0478777 4.17554 0.998083 0.0517689 -0.0339176 14.9564 
-0.0372268 0.044587 -0.998312 -127.565 -0.051979 0.997565 0.046492 4.21963 0.997954 0.0536221 -0.0348186 14.888 
-0.0380462 0.0438423 -0.998314 -128.849 -0.0517784 0.997609 0.0457846 4.2633 0.997934 0.053433 -0.0356851 14.8147 
-0.0384269 0.0431413 -0.99833 -130.135 -0.0496606 0.997751 0.0450278 4.3015 0.998027 0.051308 -0.036198 14.7407 
-0.0387703 0.0437342 -0.998291 -131.406 -0.0497128 0.99772 0.0456398 4.34091 0.998011 0.0513973 -0.0365077 14.6644 
-0.0398985 0.0488116 -0.998011 -132.668 -0.0491882 0.997499 0.0507531 4.38247 0.997992 0.0511153 -0.0373977 14.5974 
-0.0406992 0.0529091 -0.99777 -133.944 -0.0480138 0.99734 0.0548448 4.42977 0.998017 0.0501389 -0.0380505 14.5268 
-0.0407738 0.0515287 -0.997839 -135.209 -0.0486398 0.997383 0.0534927 4.4786 0.997984 0.0507158 -0.0381608 14.4514 
-0.0400296 0.0500169 -0.997946 -136.464 -0.0481247 0.997491 0.0519244 4.52916 0.998039 0.0501044 -0.0375222 14.3773 
-0.0393078 0.0495079 -0.998 -137.723 -0.0472507 0.997562 0.0513472 4.57232 0.998109 0.0491745 -0.0368727 14.3125 
-0.0385546 0.0487861 -0.998065 -138.983 -0.0474395 0.997592 0.0505956 4.61581 0.99813 0.0492984 -0.0361474 14.2439 
-0.0380139 0.0507776 -0.997986 -140.253 -0.0474142 0.997492 0.0525585 4.66325 0.998152 0.0493167 -0.0355109 14.1781 
-0.0372447 0.0544819 -0.99782 -141.526 -0.0485006 0.997237 0.0562605 4.71188 0.998129 0.0504903 -0.0344994 14.1051 
-0.0364221 0.0556372 -0.997787 -142.786 -0.0501661 0.997088 0.0574295 4.75852 0.998077 0.0521468 -0.0335249 14.0409 
-0.0355757 0.0527685 -0.997973 -144.045 -0.0521092 0.997149 0.0545825 4.80754 0.998008 0.0539455 -0.0327245 13.9735 
-0.0355564 0.0498996 -0.998121 -145.298 -0.0508219 0.99737 0.0516725 4.85378 0.998075 0.0525637 -0.0329269 13.9052 
-0.0357363 0.0485041 -0.998184 -146.544 -0.0480482 0.997583 0.0501951 4.89569 0.998206 0.0497547 -0.0333194 13.8459 
-0.0362035 0.0481798 -0.998182 -147.789 -0.0466953 0.997665 0.0498484 4.93673 0.998253 0.0484151 -0.0338692 13.7819 
-0.0365715 0.0485985 -0.998149 -149.04 -0.0440294 0.997769 0.0501932 4.97739 0.998361 0.0457835 -0.0343502 13.7193 
-0.0370891 0.047134 -0.9982 -150.28 -0.0420129 0.99793 0.0486823 5.01881 0.998428 0.0437429 -0.0350321 13.6585 
-0.0377674 0.0472118 -0.998171 -151.523 -0.0412032 0.99796 0.0487609 5.06145 0.998437 0.0429694 -0.0357451 13.5993 
-0.0383101 0.0499746 -0.998016 -152.786 -0.0388212 0.99792 0.05146 5.10675 0.998512 0.0407157 -0.0362904 13.5372 
-0.0382911 0.0513547 -0.997946 -154.034 -0.0365641 0.997938 0.0527572 5.15243 0.998597 0.0385091 -0.0363344 13.4678 
-0.0387134 0.0498646 -0.998005 -155.265 -0.0340989 0.998107 0.0511924 5.19846 0.998668 0.0360127 -0.0369398 13.4039 
-0.0398358 0.0499623 -0.997956 -156.504 -0.0351227 0.998062 0.0513696 5.24327 0.998589 0.0370973 -0.0380038 13.3381 
-0.0401115 0.054655 -0.997699 -157.75 -0.0359088 0.997779 0.0561031 5.29094 0.99855 0.0380766 -0.0380598 13.2673 
-0.0398463 0.0609733 -0.997344 -158.988 -0.0409721 0.997197 0.0626013 5.34238 0.998365 0.0433577 -0.0372364 13.1934 
-0.0390745 0.0607485 -0.997388 -160.216 -0.0456015 0.997002 0.0625115 5.40052 0.998195 0.0479251 -0.0361871 13.1184 
-0.0374681 0.056679 -0.997689 -161.461 -0.0493871 0.997065 0.0584983 5.46011 0.998077 0.0514649 -0.0345589 13.0314 
-0.0357222 0.0510185 -0.998059 -162.706 -0.0512091 0.997291 0.0528121 5.5161 0.998049 0.0529963 -0.0330128 12.9556 
-0.0352219 0.0492505 -0.998165 -163.931 -0.0538047 0.997243 0.0511036 5.55998 0.99793 0.055506 -0.0324749 12.8902 
-0.0341888 0.0463735 -0.998339 -165.155 -0.0485762 0.997665 0.0480057 5.60099 0.998234 0.0501368 -0.0318563 12.8339 
-0.0341691 0.0419626 -0.998535 -166.362 -0.0452685 0.998028 0.0434903 5.63858 0.99839 0.0466883 -0.0322021 12.7758 
-0.0343366 0.0389715 -0.99865 -167.59 -0.0393506 0.998412 0.0403152 5.67329 0.998635 0.0406818 -0.0327485 12.7093 
-0.0352779 0.041819 -0.998502 -168.837 -0.0372068 0.998377 0.0431283 5.71283 0.998685 0.0386726 -0.0336646 12.6463 
-0.0350333 0.0482285 -0.998222 -170.081 -0.0376341 0.998063 0.0495416 5.75016 0.998677 0.0393028 -0.0331504 12.5874 
-0.0334778 0.0512038 -0.998127 -171.315 -0.039546 0.997837 0.0525153 5.79504 0.998657 0.04123 -0.0313804 12.5209 
-0.0317858 0.0481311 -0.998335 -172.54 -0.04059 0.997954 0.049405 5.83735 0.99867 0.0420929 -0.0297672 12.4612 
-0.0315081 0.0480402 -0.998348 -173.771 -0.0428495 0.997861 0.0493691 5.8816 0.998585 0.0443343 -0.0293822 12.4023 
-0.0306642 0.0492632 -0.998315 -174.992 -0.0407244 0.997894 0.0504933 5.91942 0.9987 0.0422042 -0.0285934 12.3483 
-0.0303273 0.0473506 -0.998418 -176.195 -0.0408067 0.997986 0.0485696 5.95827 0.998707 0.0422152 -0.028334 12.2931 
-0.0287715 0.0459116 -0.998531 -177.385 -0.0408545 0.998056 0.0470669 5.99488 0.998751 0.0421487 -0.0268399 12.2406 
-0.0271254 0.0476773 -0.998494 -178.54 -0.0425223 0.997903 0.0488042 6.02583 0.998727 0.0437821 -0.0250411 12.1837 
-0.0257342 0.049514 -0.998442 -179.686 -0.0422098 0.997828 0.0505715 6.05812 0.998777 0.0434455 -0.0235883 12.128 
-0.0253728 0.0508225 -0.998385 -180.792 -0.0429614 0.997729 0.0518809 6.08824 0.998755 0.0442085 -0.0231318 12.0806 
-0.0253853 0.0520566 -0.998321 -181.874 -0.0431864 0.997654 0.0531199 6.11893 0.998745 0.0444625 -0.0230776 12.0347 
-0.0256444 0.0530682 -0.998262 -182.941 -0.0424226 0.997633 0.0541246 6.14989 0.998771 0.0437368 -0.0233324 11.9861 
-0.0251842 0.0520439 -0.998327 -183.979 -0.0424022 0.99769 0.0530803 6.18462 0.998783 0.0436681 -0.0229193 11.939 
-0.0239615 0.052055 -0.998357 -184.967 -0.0433174 0.997652 0.0530579 6.21034 0.998774 0.0445176 -0.0216503 11.8997 
-0.0227507 0.0528375 -0.998344 -185.924 -0.0440043 0.997582 0.0538 6.23795 0.998772 0.0451555 -0.0203706 11.8617 
-0.0237743 0.0514266 -0.998394 -186.863 -0.0420489 0.997741 0.0523943 6.26105 0.998833 0.043227 -0.0215581 11.8268 
-0.0272028 0.0483891 -0.998458 -187.806 -0.0398026 0.997983 0.0494505 6.29035 0.998837 0.0410865 -0.0252219 11.7899 
-0.0324101 0.0449578 -0.998463 -188.742 -0.0397732 0.998139 0.0462343 6.3159 0.998683 0.0412106 -0.0305616 11.7422 
-0.0376859 0.0416724 -0.99842 -189.684 -0.0410833 0.998221 0.0432148 6.34684 0.998445 0.0426471 -0.0359068 11.6932 
-0.0418406 0.0407106 -0.998295 -190.617 -0.0431659 0.998163 0.0425144 6.37439 0.998191 0.0448712 -0.0400064 11.6334 
-0.0451113 0.0413098 -0.998128 -191.553 -0.0447715 0.998057 0.0433304 6.39903 0.997978 0.0466424 -0.0431742 11.5765 
-0.0475679 0.0429068 -0.997946 -192.495 -0.0434892 0.998041 0.0449838 6.42865 0.997921 0.0455397 -0.0456087 11.5238 
-0.0495373 0.0447176 -0.997771 -193.414 -0.0403689 0.998091 0.0467362 6.45096 0.997956 0.0425942 -0.0476375 11.4707 
-0.051187 0.0452455 -0.997664 -194.336 -0.038897 0.998125 0.0472622 6.47671 0.997931 0.0412254 -0.0493311 11.412 
-0.0523427 0.0440632 -0.997657 -195.252 -0.0391488 0.998168 0.0461397 6.50484 0.997862 0.0414722 -0.0505217 11.3477 
-0.0530383 0.0427856 -0.997676 -196.162 -0.040846 0.998153 0.0449775 6.53048 0.997757 0.0431366 -0.0511927 11.2782 
-0.0530361 0.0417462 -0.99772 -197.071 -0.0443461 0.998042 0.044117 6.55976 0.997607 0.0465848 -0.0510809 11.2078 
-0.0523148 0.0397411 -0.99784 -197.982 -0.0472425 0.997991 0.0422239 6.58704 0.997513 0.0493494 -0.0503322 11.1384 
-0.0514731 0.0370687 -0.997986 -198.892 -0.0474536 0.998091 0.0395201 6.61126 0.997546 0.0493923 -0.0496158 11.0753 
-0.0510387 0.0343922 -0.998104 -199.804 -0.047433 0.998196 0.0368208 6.636 0.99757 0.0492224 -0.0493153 11.0105 
-0.0505444 0.0340136 -0.998142 -200.73 -0.0476659 0.998199 0.0364292 6.65877 0.997584 0.0494187 -0.048832 10.9451 
-0.0500275 0.0367009 -0.998073 -201.661 -0.0449809 0.998228 0.0389612 6.68301 0.997734 0.0468434 -0.048288 10.8828 
-0.0503076 0.0380968 -0.998007 -202.602 -0.0444276 0.998198 0.0403436 6.70321 0.997745 0.0463687 -0.0485244 10.8208 
-0.0496904 0.0344906 -0.998169 -203.543 -0.0395509 0.998552 0.0364727 6.72644 0.997981 0.0412909 -0.0482543 10.7647 
-0.0494452 0.0312412 -0.998288 -204.484 -0.0382215 0.998719 0.0331478 6.75379 0.998045 0.0397952 -0.0481878 10.7057 
-0.0489043 0.0312014 -0.998316 -205.428 -0.0425705 0.998539 0.0332937 6.78172 0.997896 0.044127 -0.0475046 10.6335 
-0.047812 0.0352771 -0.998233 -206.39 -0.0440746 0.998328 0.0373915 6.79894 0.997884 0.0457845 -0.0461773 10.5705 
-0.045861 0.0346916 -0.998345 -207.353 -0.0415096 0.998467 0.0366026 6.82509 0.998085 0.0431196 -0.0443507 10.5112 
-0.0439774 0.03602 -0.998383 -208.322 -0.0403019 0.998472 0.0377985 6.85391 0.998219 0.041899 -0.0424586 10.4556 
-0.0425821 0.0407604 -0.998261 -209.306 -0.0411703 0.998247 0.042516 6.88199 0.998244 0.0429092 -0.0408294 10.3976 
-0.040729 0.0449192 -0.99816 -210.304 -0.0382229 0.998188 0.0464801 6.9121 0.998439 0.0400457 -0.0389383 10.3405 
-0.0394386 0.045299 -0.998195 -211.302 -0.0378648 0.998187 0.0467946 6.94847 0.998504 0.039642 -0.0376519 10.2821 
-0.0373102 0.045887 -0.99825 -212.31 -0.0414075 0.998016 0.0474239 6.9833 0.998446 0.0431045 -0.0353362 10.2225 
-0.0344013 0.0473739 -0.998285 -213.335 -0.0442822 0.997823 0.0488779 7.02256 0.998427 0.0458878 -0.0322285 10.1637 
-0.0310765 0.0476735 -0.998379 -214.361 -0.0456188 0.997753 0.0490635 7.05634 0.998475 0.0470697 -0.0288319 10.1139 
-0.0282525 0.0447769 -0.998597 -215.387 -0.0486562 0.99775 0.0461155 7.09458 0.998416 0.0498909 -0.0260102 10.0631 
-0.0253777 0.0415747 -0.998813 -216.42 -0.0485408 0.997905 0.0427702 7.12918 0.998499 0.0495687 -0.0233065 10.0172 
-0.0237663 0.0407614 -0.998886 -217.463 -0.0480085 0.997969 0.0418663 7.16195 0.998564 0.04895 -0.0217611 9.97518 
-0.0223462 0.0428472 -0.998832 -218.517 -0.0487751 0.997845 0.0438961 7.19559 0.99856 0.049699 -0.0202082 9.93335 
-0.0208842 0.0461243 -0.998717 -219.581 -0.0508953 0.997591 0.0471366 7.22916 0.998486 0.0518145 -0.0184864 9.88638 
-0.019521 0.0457036 -0.998764 -220.65 -0.0510385 0.997607 0.0466481 7.26406 0.998506 0.0518861 -0.0171416 9.84567 
-0.0183555 0.0431166 -0.998901 -221.722 -0.0499671 0.997782 0.0439864 7.29818 0.998582 0.0507196 -0.0161604 9.80312 
-0.0183436 0.0403235 -0.999018 -222.8 -0.047204 0.998037 0.0411507 7.33064 0.998717 0.0479126 -0.0164042 9.76688 
-0.0185929 0.039227 -0.999057 -223.896 -0.0457318 0.998151 0.0400425 7.36357 0.998781 0.0464332 -0.0167645 9.7348 
-0.0183898 0.0383047 -0.999097 -224.998 -0.0460729 0.998172 0.0391172 7.39387 0.998769 0.0467507 -0.0165914 9.6944 
-0.01797 0.0382891 -0.999105 -226.106 -0.0460783 0.998173 0.0390821 7.42504 0.998776 0.0467394 -0.0161728 9.65494 
-0.0179426 0.0391195 -0.999073 -227.213 -0.0482495 0.998036 0.0399455 7.45575 0.998674 0.0489215 -0.0160199 9.60914 
-0.0183613 0.0413338 -0.998977 -228.337 -0.0488533 0.997915 0.0421878 7.48971 0.998637 0.049578 -0.0163038 9.56725 
-0.0190742 0.0430448 -0.998891 -229.481 -0.0490045 0.997832 0.0439349 7.52478 0.998616 0.0497882 -0.0169235 9.51819 
-0.0198514 0.0447162 -0.998803 -230.625 -0.0502843 0.99769 0.0456659 7.56506 0.998538 0.0511307 -0.017557 9.47439 
-0.0210767 0.0457078 -0.998733 -231.776 -0.0524946 0.997526 0.0467604 7.60143 0.998399 0.0534136 -0.0186252 9.43323 
-0.0220206 0.0443118 -0.998775 -232.93 -0.0546701 0.997469 0.0454592 7.64219 0.998262 0.0556042 -0.0195423 9.37783 
-0.0229686 0.0399921 -0.998936 -234.094 -0.052846 0.997754 0.0411599 7.67597 0.998339 0.0537352 -0.0208035 9.32798 
-0.0240747 0.0338003 -0.999139 -235.256 -0.0499739 0.998138 0.0349706 7.71117 0.99846 0.0507728 -0.0223407 9.27321 
-0.026213 0.029528 -0.99922 -236.438 -0.0451811 0.998507 0.0306922 7.73795 0.998635 0.0459504 -0.0248398 9.22737 
-0.028447 0.0298085 -0.999151 -237.627 -0.0391091 0.998757 0.0309103 7.7619 0.99883 0.0399553 -0.0272458 9.18063 
-0.0308403 0.0340042 -0.998946 -238.832 -0.0345456 0.998788 0.0350654 7.78631 0.998927 0.0355907 -0.0296282 9.13163 
-0.0329357 0.036424 -0.998794 -240.044 -0.0322812 0.998776 0.0374878 7.81517 0.998936 0.033477 -0.0317196 9.07235 
-0.0351051 0.0360208 -0.998734 -241.246 -0.0303985 0.998849 0.0370935 7.84234 0.998921 0.0316622 -0.0339697 9.01184 
-0.0372416 0.0366678 -0.998633 -242.456 -0.0306512 0.998815 0.0378175 7.87383 0.998836 0.0320178 -0.0360736 8.94216 
-0.0392356 0.0382398 -0.998498 -243.677 -0.0297246 0.998781 0.0394186 7.90395 0.998788 0.0312266 -0.0380511 8.86933 
-0.041465 0.0378933 -0.998421 -244.901 -0.0288445 0.998819 0.0391063 7.93591 0.998724 0.0304206 -0.040323 8.79326 
-0.043866 0.0365285 -0.998369 -246.13 -0.028593 0.998876 0.0378033 7.96711 0.998628 0.0302047 -0.0427722 8.71934 
-0.0461685 0.0362162 -0.998277 -247.369 -0.0285005 0.998888 0.0375565 7.99755 0.998527 0.0301854 -0.045085 8.63845 
-0.0485747 0.037168 -0.998128 -248.611 -0.0289508 0.998835 0.0386033 8.02989 0.9984 0.0307718 -0.0474421 8.55613 
-0.0509425 0.0374944 -0.997998 -249.858 -0.0293508 0.998807 0.039023 8.05984 0.99827 0.03128 -0.0497812 8.47037 
-0.0535326 0.0384566 -0.997825 -251.112 -0.030841 0.998718 0.0401456 8.09285 0.99809 0.0329231 -0.052278 8.37974 
-0.0559343 0.0401897 -0.997625 -252.374 -0.0326407 0.998582 0.0420583 8.12516 0.997901 0.0349158 -0.0545431 8.28726 
-0.0573842 0.040968 -0.997511 -253.645 -0.0343985 0.998483 0.0429867 8.1589 0.997759 0.0367797 -0.0558879 8.18796 
-0.0586966 0.0412882 -0.997422 -254.902 -0.0368812 0.998373 0.043498 8.1938 0.997594 0.0393393 -0.0570783 8.09229 
-0.0588118 0.0413238 -0.997413 -256.169 -0.0372141 0.998358 0.0435572 8.2282 0.997575 0.0396796 -0.0571774 7.99463 
-0.0587181 0.0401862 -0.997465 -257.445 -0.0363963 0.998439 0.0423679 8.26656 0.997611 0.0387919 -0.0571638 7.89029 
-0.0584833 0.0391317 -0.997521 -258.706 -0.0336422 0.998587 0.0411459 8.30253 0.997721 0.0359652 -0.0570842 7.79659 
-0.0589383 0.0389316 -0.997502 -259.971 -0.032396 0.998638 0.0408901 8.33601 0.997736 0.0347251 -0.0575968 7.70195 
-0.0588603 0.0392673 -0.997494 -261.237 -0.0323681 0.998626 0.0412219 8.36927 0.997741 0.0347134 -0.0575084 7.60316 
-0.058562 0.0390898 -0.997518 -262.5 -0.0315285 0.998662 0.0409856 8.40439 0.997786 0.0338505 -0.0572512 7.5046 
-0.0584759 0.0398431 -0.997493 -263.783 -0.0310491 0.998647 0.0417094 8.43654 0.997806 0.0334103 -0.0571597 7.41282 
-0.0587175 0.0410915 -0.997429 -265.05 -0.0284916 0.998676 0.0428202 8.46563 0.997868 0.0309327 -0.0574691 7.32304 
-0.0589008 0.0436085 -0.997311 -266.309 -0.0240756 0.998693 0.0450908 8.50068 0.997974 0.0266667 -0.0577739 7.23707 
-0.0594482 0.0472742 -0.997111 -267.562 -0.0207357 0.998604 0.0485812 8.53612 0.998016 0.0235639 -0.0583849 7.15129 
-0.0596611 0.0498675 -0.996972 -268.815 -0.0184285 0.998526 0.0510481 8.57336 0.998049 0.0214183 -0.0586542 7.06402 
-0.0594842 0.0483256 -0.997059 -270.048 -0.0190886 0.99859 0.0495386 8.61133 0.998047 0.0219793 -0.0584779 6.9685 
-0.0595179 0.0466936 -0.997135 -271.255 -0.02118 0.998621 0.0480274 8.65045 0.998003 0.0239778 -0.0584469 6.86837 
-0.0600675 0.049558 -0.996963 -272.491 -0.0270835 0.998318 0.0512571 8.69162 0.997827 0.0300802 -0.0586243 6.76546 
-0.0600659 0.0553259 -0.99666 -273.727 -0.0324149 0.997828 0.0573443 8.73483 0.997668 0.0357511 -0.0581421 6.66098 
-0.059812 0.0546017 -0.996715 -274.953 -0.0366935 0.997708 0.056858 8.78123 0.997535 0.0399738 -0.0576714 6.5574 
-0.0594529 0.047943 -0.997079 -276.185 -0.0363274 0.99808 0.0501572 8.82712 0.99757 0.0392033 -0.0575971 6.45688 
-0.0600979 0.0425046 -0.997287 -277.413 -0.0334938 0.998445 0.0445723 8.86852 0.99763 0.0360816 -0.0585808 6.36706 
-0.0601756 0.0418015 -0.997312 -278.654 -0.0273441 0.998679 0.0435087 8.90544 0.997813 0.0298888 -0.058953 6.28603 
-0.0592311 0.043512 -0.997296 -279.888 -0.0240992 0.998696 0.0450044 8.94098 0.997953 0.0266997 -0.0581052 6.19651 
-0.0575454 0.0453096 -0.997314 -281.143 -0.0233174 0.998636 0.046715 8.98464 0.998071 0.025943 -0.0564104 6.09578 
-0.0563716 0.047555 -0.997277 -282.378 -0.0246016 0.998496 0.0490038 9.02576 0.998107 0.0272971 -0.0551169 6.0008 
-0.0553522 0.0488941 -0.997269 -283.612 -0.0257632 0.998398 0.0503794 9.06563 0.998135 0.0284814 -0.0540038 5.90605 
-0.0546606 0.0499057 -0.997257 -284.848 -0.0264907 0.998326 0.0514112 9.10775 0.998154 0.0292282 -0.0532471 5.8175 
-0.0539988 0.049285 -0.997324 -286.076 -0.0260632 0.998371 0.0507479 9.14581 0.998201 0.0287338 -0.0526263 5.72842 
-0.0539215 0.0476235 -0.997409 -287.295 -0.0266661 0.998437 0.0491142 9.18522 0.998189 0.0292454 -0.0525673 5.64069 
-0.0538969 0.0465264 -0.997462 -288.517 -0.0264639 0.998497 0.0480046 9.22482 0.998196 0.028984 -0.0525846 5.55749 
-0.0536867 0.046173 -0.99749 -289.745 -0.027116 0.998495 0.0476789 9.26473 0.99819 0.0296077 -0.0523539 5.46382 
-0.0533571 0.0460054 -0.997515 -290.977 -0.0277132 0.998485 0.0475325 9.30174 0.998191 0.0301805 -0.0520013 5.37391 
-0.0532941 0.0463183 -0.997504 -292.208 -0.0282149 0.998455 0.0478699 9.34015 0.99818 0.0306957 -0.0519049 5.28704 
-0.0530114 0.0464539 -0.997513 -293.439 -0.0275405 0.998469 0.047962 9.37801 0.998214 0.0300146 -0.0516509 5.19977 
-0.0531006 0.0447963 -0.997584 -294.669 -0.0273545 0.998553 0.0462959 9.41709 0.998214 0.0297468 -0.0517984 5.11146 
-0.0532318 0.0422158 -0.997689 -295.892 -0.0267048 0.998689 0.0436829 9.45122 0.998225 0.0289684 -0.0520347 5.02631 
-0.053513 0.03929 -0.997794 -297.124 -0.0276103 0.998785 0.0408098 9.48462 0.998185 0.0297333 -0.0523632 4.93554 
-0.0541852 0.0377767 -0.997816 -298.377 -0.029449 0.998789 0.0394127 9.51969 0.998097 0.0315203 -0.0530071 4.85711 
-0.0544499 0.0376503 -0.997806 -299.625 -0.0328419 0.998681 0.0394755 9.55286 0.997976 0.0349193 -0.0531416 4.7583 
-0.0547053 0.0387688 -0.99775 -300.865 -0.0361279 0.998515 0.0407794 9.58293 0.997849 0.0382775 -0.0532234 4.65942 
-0.0549932 0.0395123 -0.997705 -302.11 -0.0396843 0.998341 0.0417248 9.61619 0.997698 0.0418879 -0.0533339 4.5578 
-0.0549871 0.0394461 -0.997708 -303.355 -0.0411503 0.998281 0.0417367 9.64847 0.997639 0.043351 -0.0532694 4.45822 
-0.055607 0.0373474 -0.997754 -304.593 -0.0409116 0.998376 0.0396507 9.68136 0.997614 0.0430246 -0.0539887 4.36946 
-0.0563315 0.0352306 -0.99779 -305.843 -0.0385553 0.998555 0.0374343 9.71284 0.997667 0.0405789 -0.0548918 4.27986 
-0.0572108 0.0348464 -0.997754 -307.094 -0.0356033 0.998684 0.0369203 9.74308 0.997727 0.0376356 -0.0558948 4.18914 
-0.058238 0.0371144 -0.997613 -308.345 -0.0333018 0.99868 0.0390982 9.76821 0.997747 0.0354993 -0.0569252 4.09943 
