1 2.12261e-08 -2.11895e-08 0 2.12261e-08 1 2.10703e-08 0 -2.11895e-08 2.10703e-08 1 0 
0.999998 0.000771557 0.00169762 -0.00662277 -0.000769919 0.999999 -0.000940204 -0.00663913 -0.00169838 0.000938937 0.999998 0.445325 
0.999991 0.0023299 0.00359102 -0.0156274 -0.00232272 0.999995 -0.00198815 -0.01191 -0.00359568 0.00197983 0.999992 0.906909 
0.999979 0.00373294 0.00531143 -0.0242846 -0.00371865 0.99999 -0.00269024 -0.0177421 -0.00532146 0.00267047 0.999982 1.38435 
0.99997 0.00380171 0.00673808 -0.029087 -0.0037839 0.999989 -0.00264742 -0.0244508 -0.00674811 0.00262189 0.999974 1.87476 
0.999959 0.00337176 0.00837492 -0.032906 -0.00335209 0.999992 -0.00235637 -0.032362 -0.00838284 0.00232824 0.999962 2.37595 
0.999944 0.00251558 0.0102879 -0.0376605 -0.00250404 0.999996 -0.00113104 -0.0435392 -0.0102907 0.00110525 0.999946 2.87687 
0.999928 0.00224186 0.0118028 -0.0395323 -0.00224766 0.999997 0.00048159 -0.0508311 -0.0118018 -0.000508042 0.99993 3.38983 
0.999918 0.0026212 0.0125206 -0.0420079 -0.0026411 0.999995 0.00157629 -0.0586772 -0.0125165 -0.00160918 0.99992 3.90433 
0.999908 0.00330119 0.0131407 -0.04439 -0.00332267 0.999993 0.00161632 -0.0677114 -0.0131353 -0.0016598 0.999912 4.42144 
0.999893 0.00372832 0.0141335 -0.0457315 -0.00374556 0.999992 0.00119637 -0.0754327 -0.014129 -0.00124914 0.999899 4.94154 
0.99988 0.00423231 0.0149042 -0.0480857 -0.00424719 0.999991 0.000969427 -0.082288 -0.0149 -0.00103257 0.999888 5.46087 
0.999868 0.00494526 0.015471 -0.0485394 -0.00495245 0.999988 0.000429061 -0.0905992 -0.0154687 -0.000505582 0.99988 5.98813 
0.999851 0.00569146 0.0162858 -0.0500112 -0.00568792 0.999984 -0.000261506 -0.0983329 -0.0162871 0.000168877 0.999867 6.51788 
0.999829 0.00665761 0.0172645 -0.0509236 -0.00665072 0.999978 -0.000453869 -0.105617 -0.0172671 0.000339012 0.999851 7.0564 
0.999812 0.00728737 0.0179969 -0.0515776 -0.00726979 0.999973 -0.00103978 -0.114775 -0.018004 0.000908789 0.999838 7.59635 
0.999778 0.00853154 0.0192493 -0.0515007 -0.00850581 0.999963 -0.00141606 -0.123554 -0.0192608 0.00125205 0.999814 8.14538 
0.999709 0.00979246 0.0220677 -0.0479558 -0.00976232 0.999951 -0.00147088 -0.132069 -0.022081 0.00125506 0.999755 8.70326 
0.999607 0.0105886 0.0259676 -0.0471744 -0.0105432 0.999943 -0.00188235 -0.139658 -0.0259861 0.00160787 0.999661 9.27191 
0.999493 0.0106951 0.0299772 -0.0379172 -0.0106316 0.999941 -0.00227599 -0.149047 -0.0299998 0.00195617 0.999548 9.84009 
0.999338 0.0103562 0.0348638 -0.0244584 -0.0102643 0.999943 -0.00281176 -0.159697 -0.034891 0.00245208 0.999388 10.418 
0.999113 0.0105631 0.0407533 -0.00691267 -0.0104613 0.999942 -0.00270967 -0.170038 -0.0407796 0.00228098 0.999166 11.0042 
0.998852 0.0102646 0.0467851 0.0144896 -0.0101728 0.999946 -0.00219891 -0.181097 -0.0468052 0.00172049 0.998903 11.6003 
0.998546 0.0105875 0.0528623 0.0388151 -0.010451 0.999941 -0.00285646 -0.190423 -0.0528895 0.00229988 0.998598 12.2019 
0.998212 0.00850029 0.0591608 0.0698328 -0.00829829 0.999959 -0.00365858 -0.204941 -0.0591895 0.00316115 0.998242 12.8141 
0.997832 0.00775506 0.0653491 0.101839 -0.0075005 0.999963 -0.00413925 -0.214032 -0.0653788 0.00364017 0.997854 13.44 
0.997376 0.010366 0.0716479 0.137467 -0.00996067 0.999932 -0.00601094 -0.226305 -0.0717054 0.00528155 0.997412 14.0752 
0.996854 0.014409 0.0779434 0.171797 -0.0137291 0.999863 -0.00925241 -0.238728 -0.0780661 0.00815325 0.996915 14.7207 
0.996444 0.0113608 0.0834892 0.227049 -0.010619 0.9999 -0.00932244 -0.249213 -0.0835868 0.00840275 0.996465 15.3914 
0.996093 0.0039417 0.0882189 0.290292 -0.00336498 0.999972 -0.00668467 -0.256174 -0.0882428 0.00636174 0.996079 16.0784 
0.995663 -0.00179534 0.0930198 0.357806 0.00209822 0.999993 -0.00315784 -0.266135 -0.0930135 0.00333936 0.995659 16.7783 
0.99526 -0.0011205 0.0972487 0.413913 0.00108517 0.999999 0.000416613 -0.280231 -0.0972491 -0.000309067 0.99526 17.4934 
0.995046 -0.00223744 0.0993921 0.475317 0.00220914 0.999998 0.000395262 -0.28666 -0.0993927 -0.000173693 0.995048 18.2236 
0.995016 -0.00632198 0.0995199 0.544217 0.00649144 0.999978 -0.00137863 -0.292738 -0.099509 0.00201783 0.995035 18.9617 
0.995137 -0.0125316 0.0976984 0.611974 0.0129119 0.999911 -0.00326053 -0.299632 -0.0976489 0.00450618 0.995211 19.7168 
0.995583 -0.0147953 0.0927167 0.675387 0.0152243 0.999876 -0.00392067 -0.305661 -0.0926473 0.00531494 0.995685 20.4902 
0.996254 -0.0144572 0.085259 0.723546 0.0148504 0.999882 -0.0039789 -0.317964 -0.0851915 0.00523017 0.996351 21.275 
0.996998 -0.0143409 0.076088 0.76333 0.0145471 0.999892 -0.00215569 -0.327785 -0.0760489 0.00325612 0.997099 22.0794 
0.997678 -0.0146278 0.066526 0.799922 0.0146707 0.999892 -0.000155856 -0.335772 -0.0665166 0.00113152 0.997785 22.8999 
0.998263 -0.0136318 0.0573255 0.826739 0.0134853 0.999905 0.00294254 -0.348824 -0.0573602 -0.00216434 0.998351 23.731 
0.998701 -0.0130318 0.0492518 0.849194 0.0127949 0.999905 0.0051235 -0.357143 -0.0493139 -0.00448663 0.998773 24.568 
0.999037 -0.0114683 0.0423544 0.864154 0.011227 0.999919 0.00593198 -0.363349 -0.0424191 -0.00545071 0.999085 25.4086 
0.99927 -0.0104456 0.0367446 0.877114 0.010215 0.999927 0.00645894 -0.371959 -0.0368094 -0.00607884 0.999304 26.2453 
0.99946 -0.00918451 0.031544 0.884829 0.00898227 0.999938 0.0065482 -0.381611 -0.0316023 -0.00626128 0.999481 27.0837 
0.999609 -0.00903964 0.0264468 0.88832 0.00887279 0.99994 0.00642113 -0.393965 -0.0265033 -0.00618393 0.99963 27.9203 
0.999723 -0.0090605 0.0217292 0.890395 0.00892992 0.999942 0.00610131 -0.405933 -0.0217832 -0.00590554 0.999745 28.7563 
0.999819 -0.00790539 0.017317 0.887797 0.00778749 0.999946 0.00686782 -0.417153 -0.0173704 -0.00673168 0.999827 29.5923 
0.999884 -0.00629246 0.0138667 0.880316 0.00618749 0.999952 0.00760264 -0.426335 -0.0139139 -0.00751592 0.999875 30.4224 
0.999929 -0.00397125 0.0112582 0.868735 0.00387411 0.999955 0.00864102 -0.440631 -0.011292 -0.00859675 0.999899 31.2596 
0.99995 -0.0025432 0.00964986 0.85987 0.00246042 0.99996 0.00858417 -0.450494 -0.00967135 -0.00855996 0.999917 32.0856 
0.99996 -0.00165985 0.00873685 0.850816 0.00158854 0.999965 0.00816656 -0.459465 -0.00875014 -0.00815232 0.999929 32.9059 
0.999968 0.00018525 0.00801558 0.836692 -0.000239648 0.999977 0.00679152 -0.469957 -0.00801418 -0.00679318 0.999945 33.7178 
0.999969 0.00263754 0.00742328 0.82134 -0.00268704 0.999974 0.00667243 -0.482202 -0.00740554 -0.00669212 0.99995 34.5222 
0.999968 0.00426505 0.00676561 0.809204 -0.004314 0.999965 0.00724274 -0.495131 -0.00673452 -0.00727166 0.999951 35.3196 
0.999965 0.00572195 0.006048 0.797548 -0.00576886 0.999953 0.00777353 -0.507127 -0.00600328 -0.00780811 0.999952 36.1035 
0.999959 0.00719667 0.00556905 0.784916 -0.00724056 0.999943 0.00790952 -0.518456 -0.00551185 -0.00794948 0.999953 36.8714 
0.999944 0.00935893 0.00499243 0.772693 -0.00939756 0.999926 0.00778053 -0.528606 -0.00491929 -0.00782697 0.999957 37.6252 
0.999925 0.0112985 0.00479778 0.760357 -0.0113374 0.999903 0.00815559 -0.538207 -0.00470521 -0.00820933 0.999955 38.3698 
0.999888 0.0140346 0.00519103 0.746983 -0.0140768 0.999867 0.00819499 -0.54796 -0.00507537 -0.0082671 0.999953 39.0962 
0.999823 0.0175637 0.00680096 0.733145 -0.0176192 0.999811 0.00819024 -0.559666 -0.00665587 -0.00830857 0.999943 39.8079 
0.999762 0.0196352 0.00949971 0.725707 -0.0197022 0.999781 0.00701104 -0.571178 -0.00936001 -0.00719649 0.99993 40.501 
0.999683 0.0212365 0.0134916 0.718479 -0.0213182 0.999755 0.00594816 -0.580182 -0.013362 -0.00623385 0.999891 41.1898 
0.999616 0.0207316 0.0183766 0.723698 -0.0208497 0.999763 0.00626383 -0.59167 -0.0182424 -0.00664453 0.999812 41.8714 
0.99948 0.0217905 0.0237716 0.728021 -0.0219516 0.999738 0.00653684 -0.601049 -0.0236229 -0.00705523 0.999696 42.535 
0.999303 0.0221335 0.0300541 0.734815 -0.0223509 0.999726 0.00691928 -0.608815 -0.0298928 -0.00758616 0.999524 43.1852 
0.99907 0.0215478 0.0373397 0.751929 -0.0218409 0.999734 0.00746055 -0.618005 -0.0371691 -0.00826911 0.999275 43.8204 
0.998709 0.021637 0.0459546 0.773967 -0.0219993 0.999731 0.00739369 -0.627546 -0.0457823 -0.00839507 0.998916 44.4442 
0.998162 0.0223565 0.0563307 0.801704 -0.0227928 0.999715 0.0071158 -0.635842 -0.0561556 -0.00838662 0.998387 45.0503 
0.99742 0.0220558 0.0683199 0.838746 -0.0225856 0.99972 0.00699264 -0.645175 -0.0681466 -0.00851761 0.997639 45.648 
0.996509 0.0208698 0.080838 0.884453 -0.0215043 0.999744 0.00698571 -0.652428 -0.0806716 -0.00869964 0.996703 46.2311 
0.995385 0.020164 0.0938225 0.937287 -0.0208724 0.999761 0.00657623 -0.660604 -0.0936675 -0.00850414 0.995567 46.8069 
0.993878 0.0201346 0.108637 0.997306 -0.020967 0.999759 0.0065256 -0.668122 -0.10848 -0.00876341 0.99406 47.3676 
0.991936 0.0200049 0.125147 1.06535 -0.0210257 0.999756 0.0068413 -0.675787 -0.12498 -0.00941741 0.992115 47.9188 
0.989527 0.02254 0.142579 1.14042 -0.0236699 0.9997 0.00623351 -0.684422 -0.142396 -0.00954301 0.989764 48.4613 
0.986323 0.0210227 0.16348 1.22837 -0.0222155 0.999738 0.0054718 -0.692079 -0.163322 -0.00902872 0.986531 48.9886 
0.982159 0.024412 0.186462 1.32862 -0.025708 0.999659 0.00453572 -0.702397 -0.186288 -0.00924833 0.982452 49.504 
0.977029 0.0232759 0.21183 1.44537 -0.0243233 0.999701 0.00234026 -0.713907 -0.211712 -0.00743887 0.977304 50.0029 
0.970944 0.0223879 0.238257 1.57623 -0.0229177 0.999737 -0.000546584 -0.722859 -0.238207 -0.00492956 0.971202 50.4859 
0.963611 0.0212752 0.266461 1.71064 -0.0212142 0.99977 -0.00310727 -0.731616 -0.266466 -0.00265854 0.963841 50.9447 
0.954951 0.0190321 0.296152 1.861 -0.0186409 0.999818 -0.00414464 -0.742304 -0.296177 -0.00156258 0.955132 51.3924 
0.94483 0.0212119 0.326875 2.02071 -0.0202064 0.999775 -0.00647188 -0.752355 -0.326939 -0.000490108 0.945046 51.8232 
0.933241 0.0219626 0.358579 2.1855 -0.0210855 0.999758 -0.00635649 -0.763701 -0.358631 -0.00162866 0.933478 52.2381 
0.920234 0.021184 0.390795 2.36438 -0.0209612 0.999769 -0.00483588 -0.77811 -0.390807 -0.00374134 0.920465 52.638 
0.905134 0.0204086 0.424637 2.55523 -0.0205594 0.99978 -0.00422727 -0.789392 -0.424629 -0.00490399 0.905354 53.0203 
0.888013 0.0196372 0.459399 2.75836 -0.0198717 0.999793 -0.0043246 -0.805337 -0.459389 -0.00528869 0.88822 53.3839 
0.868839 0.019429 0.494713 2.96717 -0.0193105 0.999799 -0.00535125 -0.817895 -0.494718 -0.00490376 0.86904 53.7218 
0.84753 0.0185014 0.530425 3.1847 -0.017365 0.999824 -0.0071277 -0.829133 -0.530464 -0.00316988 0.847702 54.0435 
0.824172 0.0171433 0.56608 3.41518 -0.0149268 0.999852 -0.00854741 -0.840915 -0.566143 -0.00140519 0.824306 54.3486 
0.798769 0.01416 0.601471 3.66265 -0.0112079 0.9999 -0.00865544 -0.85282 -0.601534 0.000172518 0.798847 54.642 
0.770823 0.0103611 0.636965 3.92121 -0.008092 0.999946 -0.00647288 -0.863127 -0.636998 -0.00016485 0.770866 54.922 
0.741037 0.00567173 0.67144 4.19245 -0.00558696 0.999982 -0.00228082 -0.875667 -0.671441 -0.00206111 0.741056 55.1899 
0.709029 0.00203881 0.705176 4.47193 -0.00421534 0.99999 0.00134726 -0.881856 -0.705167 -0.00392778 0.709031 55.4409 
0.673753 -0.000451906 0.738956 4.75721 -0.00558652 0.999968 0.00570518 -0.892451 -0.738935 -0.00797205 0.673729 55.679 
0.636106 -0.00406735 0.771591 5.0529 -0.00427956 0.999952 0.0087993 -0.899702 -0.77159 -0.00889934 0.636058 55.8958 
0.597053 -0.00782456 0.802163 5.3571 -0.0015493 0.999939 0.0109069 -0.90615 -0.8022 -0.00775479 0.597005 56.0863 
0.554862 -0.00996544 0.831883 5.67383 0.00124486 0.999937 0.0111484 -0.912214 -0.831942 -0.00515022 0.554839 56.2654 
0.510108 -0.00890414 0.860064 6.00476 0.00251729 0.999958 0.00885948 -0.914241 -0.860107 -0.00235425 0.510109 56.4334 
0.463331 -0.00634903 0.886162 6.35223 0.00118491 0.999978 0.006545 -0.913732 -0.886184 -0.00198247 0.463329 56.592 
0.414219 -0.00339127 0.910171 6.72042 -0.00157548 0.999989 0.00444298 -0.908295 -0.910176 -0.00327431 0.414209 56.743 
0.363982 -0.000887926 0.931406 7.108 -0.00665962 0.999972 0.00355584 -0.91057 -0.931382 -0.00749706 0.363965 56.8834 
0.314103 -0.000354593 0.949389 7.50391 -0.00864922 0.999957 0.00323511 -0.911657 -0.94935 -0.00922762 0.314087 56.9941 
0.265995 -0.000519803 0.963974 7.91526 -0.0072387 0.999971 0.00253668 -0.915257 -0.963947 -0.00765266 0.265984 57.0803 
0.220815 -0.00130026 0.975315 8.34364 -0.00595708 0.999979 0.00268189 -0.918172 -0.975297 -0.00640222 0.220803 57.1539 
0.179171 -0.00341027 0.983812 8.79724 -0.00598827 0.999972 0.00455691 -0.920694 -0.9838 -0.0067078 0.179145 57.2181 
0.140401 -0.00570686 0.990078 9.27431 -0.00622629 0.999959 0.00664679 -0.921721 -0.990075 -0.00709772 0.140359 57.2693 
0.104085 -0.00747298 0.99454 9.77069 -0.00709144 0.999941 0.00825577 -0.92479 -0.994543 -0.00791202 0.104026 57.3086 
0.0714115 -0.00877398 0.997408 10.2901 -0.00629194 0.999937 0.00924675 -0.926791 -0.997427 -0.00693596 0.0713519 57.334 
0.042034 -0.00934083 0.999073 10.8257 -0.00616736 0.999935 0.00960842 -0.927559 -0.999097 -0.00656552 0.0419737 57.3453 
0.0155886 -0.00706414 0.999854 11.3823 -0.00849719 0.999938 0.00719726 -0.924824 -0.999842 -0.00860814 0.0155276 57.3513 
-0.00693596 -0.00476932 0.999965 11.9627 -0.0126532 0.999909 0.00468133 -0.92491 -0.999896 -0.0126203 -0.00699568 57.3485 
-0.0264898 -0.00384456 0.999642 12.5636 -0.0126952 0.999913 0.00350923 -0.924438 -0.999569 -0.0125977 -0.0265363 57.3312 
-0.0436083 -0.00326545 0.999043 13.1808 -0.00903768 0.999955 0.00287398 -0.925658 -0.999008 -0.0089037 -0.0436359 57.2973 
-0.0593748 -0.00352326 0.99823 13.8174 -0.00680153 0.999972 0.00312489 -0.927253 -0.998213 -0.00660395 -0.0593971 57.2576 
-0.0747759 -0.00463638 0.99719 14.4692 -0.00760936 0.999963 0.00407872 -0.931236 -0.997171 -0.00728299 -0.0748084 57.2128 
-0.0894167 -0.00360613 0.995988 15.1451 -0.00684587 0.999972 0.003006 -0.934863 -0.995971 -0.00654962 -0.0894389 57.1571 
-0.101707 -0.00186568 0.994813 15.8323 -0.00503942 0.999986 0.0013602 -0.940927 -0.994802 -0.00487494 -0.101715 57.0903 
-0.11132 0.000628139 0.993784 16.539 0.00198729 0.999998 -0.000409418 -0.945166 -0.993783 0.00192936 -0.111321 57.0103 
-0.11707 0.00348074 0.993118 17.2645 0.00990369 0.999948 -0.00233718 -0.949956 -0.993074 0.00956192 -0.117098 56.9206 
-0.119259 0.00339976 0.992857 18.0049 0.0146634 0.999891 -0.00166248 -0.960003 -0.992755 0.0143604 -0.119296 56.8332 
-0.119019 0.00181852 0.99289 18.7642 0.0155599 0.999879 3.39082e-05 -0.967616 -0.99277 0.0154533 -0.119033 56.7521 
-0.116239 0.00116946 0.993221 19.5412 0.0190895 0.999817 0.00105692 -0.971269 -0.993038 0.019083 -0.116241 56.6728 
-0.111801 0.000103625 0.993731 20.3305 0.0208397 0.99978 0.00224038 -0.980876 -0.993512 0.0209595 -0.111778 56.595 
-0.107351 0.000954396 0.994221 21.1281 0.0194323 0.999811 0.00113848 -0.990074 -0.994031 0.0194422 -0.107349 56.5249 
-0.103172 0.00199609 0.994662 21.9332 0.0189902 0.99982 -3.6634e-05 -0.997978 -0.994482 0.018885 -0.103191 56.4596 
-0.0985636 0.00127595 0.99513 22.743 0.0238187 0.999716 0.00107735 -1.00776 -0.994846 0.0238089 -0.0985659 56.3879 
-0.0947879 -0.000786577 0.995497 23.5551 0.0294316 0.99956 0.00359221 -1.01843 -0.995062 0.0296396 -0.094723 56.3162 
-0.0910167 -0.00423138 0.99584 24.3675 0.0320666 0.99946 0.00717759 -1.02703 -0.995333 0.0325865 -0.0908319 56.2538 
-0.0864388 -0.00789896 0.996226 25.177 0.0350021 0.999327 0.0109606 -1.03558 -0.995642 0.0358174 -0.0861042 56.1972 
-0.0809951 -0.0107651 0.996656 25.9879 0.0358154 0.999265 0.0137039 -1.0423 -0.996071 0.0368056 -0.08055 56.1447 
-0.0769018 -0.01222 0.996964 26.7997 0.0335236 0.999328 0.0148349 -1.04676 -0.996475 0.0345626 -0.0764404 56.1028 
-0.0730941 -0.0138097 0.997229 27.607 0.0267457 0.999517 0.0158018 -1.04778 -0.996966 0.0278266 -0.0726895 56.0704 
-0.0688027 -0.0172491 0.997481 28.4179 0.0208514 0.999607 0.0187242 -1.04742 -0.997412 0.0220871 -0.068416 56.0421 
-0.0642879 -0.0187493 0.997755 29.2338 0.0182616 0.999634 0.0199613 -1.0484 -0.997764 0.0195039 -0.063922 56.0099 
-0.060247 -0.0148198 0.998074 30.0417 0.018834 0.999695 0.0159808 -1.05223 -0.998006 0.0197605 -0.0599495 55.9797 
-0.0567829 -0.00696369 0.998362 30.8524 0.0200844 0.999765 0.00811584 -1.05344 -0.998185 0.0205124 -0.0566297 55.9475 
-0.054072 -0.000977733 0.998537 31.669 0.0185 0.999827 0.00198084 -1.05638 -0.998366 0.0185801 -0.0540445 55.9208 
-0.0520128 -0.00159335 0.998645 32.4945 0.0176072 0.999842 0.00251234 -1.06184 -0.998491 0.0177141 -0.0519765 55.8899 
-0.0506996 -0.00542388 0.998699 33.3293 0.0204457 0.99977 0.00646767 -1.07127 -0.998505 0.020747 -0.050577 55.8594 
-0.049771 -0.00566893 0.998745 34.1588 0.0214387 0.999747 0.00674302 -1.0825 -0.998531 0.0217473 -0.0496369 55.8314 
-0.0496601 -0.00328317 0.998761 34.9907 0.0195113 0.999801 0.00425677 -1.09254 -0.998576 0.0196986 -0.0495861 55.8052 
-0.0498413 -0.00200204 0.998755 35.8279 0.01232 0.999921 0.00261923 -1.10214 -0.998681 0.0124352 -0.0498127 55.79 
-0.0511608 -0.0027761 0.998687 36.6756 0.0107337 0.999937 0.00332948 -1.10884 -0.998633 0.0108899 -0.0511278 55.7714 
-0.0522862 -0.00379102 0.998625 37.5297 0.010993 0.99993 0.00437159 -1.12005 -0.998572 0.0112065 -0.0522409 55.7396 
-0.0538461 -7.08672e-06 0.998549 38.3822 0.0107131 0.999942 0.000584835 -1.13135 -0.998492 0.0107291 -0.053843 55.7096 
-0.0550916 0.00408882 0.998473 39.2499 0.0111902 0.999931 -0.00347733 -1.14031 -0.998419 0.0109816 -0.0551336 55.6759 
-0.0557429 0.00697517 0.998421 40.1233 0.0126546 0.9999 -0.00627895 -1.15047 -0.998365 0.0122846 -0.0558256 55.6397 
-0.0566592 0.0079185 0.998362 41.0066 0.0152931 0.999858 -0.00706241 -1.16962 -0.998276 0.014868 -0.0567723 55.5979 
-0.057773 0.00939451 0.998286 41.8919 0.0155382 0.999843 -0.0085099 -1.1847 -0.998209 0.0150199 -0.0579099 55.5671 
-0.0591329 0.00912444 0.998208 42.7984 0.0144384 0.999861 -0.00828419 -1.19865 -0.998146 0.0139227 -0.0592565 55.5308 
-0.0604451 0.00442481 0.998162 43.7143 0.0125139 0.999915 -0.00367474 -1.21688 -0.998093 0.0122688 -0.0604954 55.4976 
-0.0618634 0.00283403 0.998081 44.6445 0.0124551 0.99992 -0.00206721 -1.23586 -0.998007 0.0123033 -0.0618937 55.456 
-0.0630661 0.00610296 0.997991 45.5744 0.0126922 0.999905 -0.00531257 -1.25268 -0.997929 0.0123316 -0.0631376 55.4118 
-0.0636427 0.00983869 0.997924 46.5103 0.013894 0.999863 -0.00897167 -1.26648 -0.997876 0.0132942 -0.0637707 55.3669 
-0.0634973 0.0110455 0.997921 47.4574 0.0166827 0.999811 -0.0100048 -1.28527 -0.997843 0.0160127 -0.0636696 55.3187 
-0.063483 0.00764992 0.997954 48.4244 0.0213305 0.999753 -0.00630677 -1.30453 -0.997755 0.0208865 -0.0636305 55.2641 
-0.0639149 0.00202537 0.997953 49.4045 0.0230455 0.999734 -0.000552971 -1.31668 -0.997689 0.0229629 -0.0639446 55.2144 
-0.062981 -0.00108193 0.998014 50.39 0.024483 0.999697 0.00262883 -1.33373 -0.997714 0.0245999 -0.0629354 55.1632 
-0.0613727 0.000511644 0.998115 51.3799 0.0235693 0.999722 0.000936815 -1.34328 -0.997837 0.0235824 -0.0613677 55.1217 
-0.0606398 0.00356668 0.998153 52.3819 0.0233842 0.999724 -0.00215161 -1.35215 -0.997886 0.0232106 -0.0607065 55.0829 
-0.0603659 0.00545512 0.998161 53.3852 0.0175363 0.999837 -0.00440369 -1.37106 -0.998022 0.0172383 -0.0604517 55.0478 
-0.0610609 0.00521531 0.99812 54.3999 0.0146727 0.999883 -0.00432686 -1.38724 -0.998026 0.014381 -0.0611303 55.0125 
-0.0615089 0.000472664 0.998106 55.4296 0.01452 0.999895 0.000421334 -1.40049 -0.998001 0.0145184 -0.0615093 54.9669 
-0.0622673 -0.00555699 0.998044 56.4677 0.0125875 0.999901 0.0063527 -1.41577 -0.99798 0.0129585 -0.0621911 54.9231 
-0.0628257 -0.00498212 0.998012 57.5085 0.0145484 0.999877 0.00590731 -1.42695 -0.997919 0.0148906 -0.0627455 54.871 
-0.0630521 -0.00152664 0.998009 58.5399 0.0175526 0.999843 0.00263842 -1.43408 -0.997856 0.017684 -0.0630154 54.8184 
-0.0641247 0.00132895 0.997941 59.5863 0.0198286 0.999803 -5.72641e-05 -1.44774 -0.997745 0.0197841 -0.0641385 54.7658 
-0.0664359 -0.00159925 0.997789 60.6548 0.0202625 0.99979 0.00295164 -1.45875 -0.997585 0.0204138 -0.0663896 54.7179 
-0.0691571 -0.00671269 0.997583 61.7297 0.0215667 0.999734 0.0082223 -1.46972 -0.997373 0.0220832 -0.0689939 54.6619 
-0.0723147 -0.0096885 0.997335 62.8032 0.0229864 0.999671 0.0113779 -1.47898 -0.997117 0.0237479 -0.0720682 54.6005 
-0.0759274 -0.00870869 0.997075 63.8701 0.0273386 0.999568 0.0108123 -1.48215 -0.996739 0.0280796 -0.0756565 54.5327 
-0.0792946 -0.00976904 0.996803 64.9431 0.030588 0.999457 0.0122283 -1.48786 -0.996382 0.0314598 -0.0789528 54.4612 
-0.0829959 -0.0118314 0.99648 66.0121 0.0341333 0.999309 0.014708 -1.49477 -0.995965 0.0352338 -0.0825347 54.3875 
-0.0859 -0.0114179 0.996238 67.0788 0.0377205 0.99918 0.0147041 -1.49863 -0.995589 0.0388417 -0.0853989 54.312 
-0.0880943 -0.00775707 0.996082 68.1482 0.0415787 0.99907 0.0114576 -1.50423 -0.995244 0.0424252 -0.0876898 54.2289 
-0.0897544 -0.0032925 0.995959 69.2153 0.0438567 0.999012 0.00725493 -1.51249 -0.994998 0.0443306 -0.0895213 54.1473 
-0.0910847 -0.000508196 0.995843 70.283 0.0475406 0.998858 0.00485807 -1.52345 -0.994708 0.0477855 -0.0909565 54.0644 
-0.0904484 -0.00121072 0.9959 71.3518 0.0464702 0.998905 0.00543487 -1.53521 -0.994816 0.0467712 -0.0902931 53.9884 
-0.0876823 -0.00367315 0.996142 72.4245 0.0476889 0.998831 0.00788078 -1.54751 -0.995006 0.0481959 -0.0874046 53.9129 
-0.0830468 -0.00686786 0.996522 73.4992 0.0507979 0.998647 0.0111159 -1.55405 -0.99525 0.0515444 -0.0825855 53.8357 
-0.0777234 -0.0100225 0.996925 74.5675 0.0512089 0.998589 0.0140317 -1.56345 -0.995659 0.052142 -0.0771005 53.7707 
-0.0728392 -0.0132673 0.997255 75.6419 0.0526425 0.998467 0.0171284 -1.5649 -0.995953 0.0537456 -0.0720291 53.7136 
-0.0679872 -0.0146387 0.997579 76.7187 0.0539676 0.998375 0.0183284 -1.56969 -0.996226 0.055083 -0.0670866 53.6563 
-0.0642996 -0.0106012 0.997874 77.7886 0.0543172 0.998424 0.0141071 -1.57466 -0.996451 0.0551088 -0.0636225 53.6079 
-0.0620732 -0.0058988 0.998054 78.8549 0.0536489 0.998517 0.00923823 -1.57706 -0.996629 0.0541179 -0.0616647 53.5584 
-0.0606698 -0.00601129 0.99814 79.9316 0.0541998 0.998487 0.00930784 -1.58018 -0.996685 0.0546637 -0.0602522 53.5113 
-0.0591248 -0.00797337 0.998219 81.008 0.0547577 0.998437 0.0112185 -1.58962 -0.996748 0.0553234 -0.0585957 53.4636 
-0.0571502 -0.00495886 0.998353 82.0871 0.05524 0.99844 0.00812151 -1.59732 -0.996836 0.0556131 -0.0567871 53.4195 
-0.0550934 0.000886034 0.998481 83.1603 0.0553891 0.998463 0.00217024 -1.60893 -0.996944 0.0554246 -0.0550577 53.3785 
-0.0530566 0.00396208 0.998584 84.2351 0.054232 0.998528 -0.00108037 -1.62469 -0.997118 0.0540979 -0.0531934 53.3429 
-0.0507057 0.0032956 0.998708 85.3145 0.0548125 0.998497 -0.000511965 -1.64391 -0.997208 0.0547157 -0.0508101 53.3063 
-0.0470595 -1.23342e-05 0.998892 86.4011 0.0529541 0.998594 0.00250713 -1.6625 -0.997488 0.0530135 -0.0469927 53.2745 
-0.0427462 -0.00418357 0.999077 87.4875 0.0526399 0.998593 0.00643382 -1.67719 -0.997698 0.0528664 -0.0424658 53.249 
-0.0380539 -0.00673386 0.999253 88.5737 0.0509851 0.998662 0.00867155 -1.69021 -0.997974 0.051277 -0.0376597 53.2249 
-0.0345854 -0.00268688 0.999398 89.6544 0.0470826 0.998882 0.00431488 -1.70262 -0.998292 0.0472035 -0.0344202 53.2128 
-0.032667 0.00660859 0.999444 90.7347 0.0437603 0.999029 -0.00517549 -1.72212 -0.998508 0.0435669 -0.0329245 53.1998 
-0.0317062 0.0145572 0.999391 91.8167 0.0380695 0.999186 -0.0133464 -1.74705 -0.998772 0.0376232 -0.0322346 53.1923 
-0.0310829 0.0141058 0.999417 92.9086 0.0374376 0.999215 -0.0129386 -1.77447 -0.998815 0.0370136 -0.0315866 53.1781 
-0.0301203 0.00780196 0.999516 94.0112 0.0372371 0.999284 -0.00667797 -1.80481 -0.998852 0.0370179 -0.0303893 53.1607 
-0.0314813 0.0016086 0.999503 95.116 0.0387614 0.999248 -0.000387283 -1.82922 -0.998753 0.03873 -0.03152 53.1404 
-0.0335056 -0.00419234 0.99943 96.2167 0.0371033 0.999297 0.0054357 -1.84161 -0.99875 0.0372642 -0.0333265 53.121 
-0.0353086 -0.00921466 0.999334 97.3112 0.0367133 0.999271 0.0105113 -1.85968 -0.998702 0.03706 -0.0349445 53.0974 
-0.0374411 -0.00858452 0.999262 98.4073 0.0372782 0.999255 0.00998127 -1.86996 -0.998603 0.0376244 -0.0370932 53.0737 
-0.0392977 -0.0083019 0.999193 99.4924 0.036787 0.999276 0.00974944 -1.87959 -0.99855 0.0371405 -0.0389638 53.0476 
-0.040785 -0.00955817 0.999122 100.578 0.0380532 0.999214 0.0111125 -1.88902 -0.998443 0.038473 -0.0403892 53.0165 
-0.0415984 -0.00806345 0.999102 101.656 0.0389342 0.999195 0.00968529 -1.9039 -0.998376 0.0393021 -0.0412509 52.9857 
-0.0420379 0.000273662 0.999116 102.73 0.0396155 0.999214 0.00139318 -1.91759 -0.99833 0.0396391 -0.0420157 52.9566 
-0.0424249 0.00818266 0.999066 103.795 0.0367309 0.999303 -0.0066248 -1.93554 -0.998424 0.0364156 -0.0426959 52.9312 
-0.0434759 0.00842422 0.999019 104.859 0.0341664 0.999392 -0.00694045 -1.95821 -0.99847 0.0338312 -0.0437373 52.9054 
-0.0457501 0.00242104 0.99895 105.935 0.0294943 0.999564 -0.0010717 -1.9832 -0.998517 0.0294143 -0.0458015 52.8816 
-0.0487276 -0.00507745 0.998799 107.002 0.0233399 0.999708 0.00622077 -1.99815 -0.998539 0.0236149 -0.0485949 52.8604 
-0.0506826 -0.0133686 0.998625 108.063 0.0217078 0.999659 0.0144842 -2.00749 -0.998479 0.022412 -0.0503752 52.8295 
-0.0523963 -0.0197163 0.998432 109.12 0.0248414 0.99947 0.0210405 -2.01244 -0.998317 0.0259048 -0.0518787 52.7874 
-0.0545245 -0.0200489 0.998311 110.159 0.0234913 0.999496 0.0213557 -2.01371 -0.998236 0.024616 -0.0540261 52.7523 
-0.0551338 -0.0123785 0.998402 111.191 0.0271813 0.999534 0.0138936 -2.01871 -0.998109 0.0279039 -0.0547716 52.707 
-0.055644 0.00220464 0.998448 112.214 0.0360774 0.999349 -0.000195977 -2.03013 -0.997799 0.0360106 -0.0556874 52.6532 
-0.0567346 0.0133544 0.9983 113.231 0.0409349 0.999101 -0.0110387 -2.04564 -0.99755 0.040239 -0.0572302 52.6019 
-0.0570809 0.0102129 0.998317 114.261 0.0412913 0.999116 -0.00786009 -2.06758 -0.997515 0.0407732 -0.0574522 52.5589 
-0.0567922 -0.000389237 0.998386 115.298 0.0437614 0.999038 0.00287885 -2.08888 -0.997427 0.0438542 -0.0567205 52.5124 
-0.0564506 -0.0102712 0.998353 116.326 0.0439141 0.998954 0.0127605 -2.10214 -0.997439 0.0445621 -0.0559405 52.4714 
-0.056054 -0.0157786 0.998303 117.35 0.0426564 0.998924 0.0181836 -2.11032 -0.997516 0.0436033 -0.0553207 52.4299 
-0.056054 -0.0211395 0.998204 118.372 0.040405 0.998909 0.0234234 -2.10897 -0.99761 0.0416454 -0.0551387 52.3934 
-0.0556609 -0.0245971 0.998147 119.382 0.037527 0.998939 0.0267093 -2.10958 -0.997744 0.0389441 -0.0546787 52.3568 
-0.0555549 -0.0224802 0.998203 120.379 0.0361674 0.999045 0.0245121 -2.1075 -0.9978 0.0374642 -0.0546888 52.3192 
-0.0547092 -0.0155596 0.998381 121.375 0.0340239 0.999269 0.0174379 -2.10545 -0.997923 0.0349229 -0.0541398 52.2795 
-0.0542785 -0.00933578 0.998482 122.371 0.0338598 0.999364 0.0111847 -2.10511 -0.997952 0.0344155 -0.0539279 52.2387 
-0.0539892 -0.0042776 0.998532 123.35 0.0344465 0.999388 0.00614378 -2.11561 -0.997947 0.0347277 -0.0538088 52.2005 
-0.0539898 0.000373652 0.998541 124.324 0.0358576 0.999356 0.00156485 -2.12868 -0.997897 0.0358898 -0.0539684 52.1622 
-0.0535285 0.00473279 0.998555 125.291 0.0361607 0.999342 -0.00279805 -2.14582 -0.997911 0.0359586 -0.0536644 52.1266 
-0.0533115 0.00389803 0.99857 126.258 0.0376668 0.999289 -0.00188985 -2.16446 -0.997867 0.0375122 -0.0534204 52.087 
-0.0533344 -0.0023755 0.998574 127.222 0.0364994 0.999324 0.00432678 -2.18043 -0.997909 0.0366781 -0.0532116 52.0547 
-0.0537958 -0.012372 0.998475 128.179 0.0344643 0.999305 0.0142392 -2.19505 -0.997957 0.0351777 -0.053332 52.0224 
-0.0549611 -0.0203228 0.998282 129.121 0.0290091 0.999338 0.0219414 -2.20243 -0.998067 0.0301652 -0.0543352 51.9957 
-0.0571503 -0.0232755 0.998094 130.042 0.0243091 0.999399 0.0246979 -2.20385 -0.99807 0.0256743 -0.0565502 51.9656 
-0.0590789 -0.0207663 0.998037 130.943 0.019528 0.999568 0.0219542 -2.20651 -0.998062 0.0207867 -0.0586479 51.9358 
-0.0600323 -0.0137199 0.998102 131.821 0.0166314 0.999753 0.014743 -2.21219 -0.998058 0.0174849 -0.0597893 51.9016 
-0.0605033 -0.00682289 0.998145 132.683 0.0188865 0.99979 0.007979 -2.21969 -0.997989 0.0193342 -0.0603617 51.8613 
-0.059433 -0.000806436 0.998232 133.526 0.0225563 0.999743 0.00215066 -2.23073 -0.997977 0.0226442 -0.0593995 51.8202 
-0.0562854 0.00162879 0.998413 134.353 0.0263044 0.999654 -0.00014787 -2.24754 -0.998068 0.0262543 -0.0563087 51.781 
-0.051801 0.00104046 0.998657 135.163 0.0304648 0.999536 0.000538889 -2.26383 -0.998193 0.0304518 -0.0518086 51.75 
-0.0468458 -0.0039249 0.998894 135.956 0.0331546 0.999435 0.00548194 -2.27917 -0.998352 0.0333747 -0.0466893 51.7223 
-0.0427909 -0.00825622 0.99905 136.725 0.0339606 0.999376 0.00971354 -2.29787 -0.998507 0.034344 -0.0424838 51.7032 
-0.0386291 -0.00799441 0.999222 137.462 0.034637 0.999356 0.00933456 -2.31337 -0.998653 0.0349706 -0.0383274 51.6895 
-0.0339218 -0.00357366 0.999418 138.175 0.0359361 0.999343 0.00479315 -2.32922 -0.998778 0.0360778 -0.0337711 51.6738 
-0.0293782 0.00046267 0.999568 138.854 0.0362443 0.999343 0.000602727 -2.34103 -0.998911 0.0362464 -0.0293756 51.6647 
-0.0250691 0.00110789 0.999685 139.504 0.0374616 0.999298 -0.000167993 -2.35377 -0.998984 0.0374456 -0.025093 51.6616 
-0.0208591 0.000803338 0.999782 140.129 0.034648 0.9994 -8.01062e-05 -2.36962 -0.999182 0.0346387 -0.0208744 51.6652 
-0.0170997 -0.000222342 0.999854 140.72 0.0298481 0.999554 0.000732785 -2.38743 -0.999408 0.0298563 -0.0170854 51.675 
-0.0135028 0.000155362 0.999909 141.285 0.0252886 0.99968 0.000186213 -2.40344 -0.999589 0.0252888 -0.0135024 51.6842 
-0.0104808 0.00334943 0.99994 141.829 0.0235427 0.999718 -0.00310188 -2.41535 -0.999668 0.0235088 -0.0105567 51.6889 
-0.00946385 0.00742295 0.999928 142.365 0.0225221 0.99972 -0.00720821 -2.42759 -0.999702 0.0224523 -0.00962839 51.6951 
-0.00972843 0.00858442 0.999916 142.895 0.0195207 0.999774 -0.00839324 -2.4414 -0.999762 0.0194374 -0.00989381 51.7002 
-0.0115669 0.00700274 0.999909 143.428 0.0133487 0.999887 -0.00684813 -2.44911 -0.999844 0.0132683 -0.0116591 51.7116 
-0.0138092 0.00272927 0.999901 143.957 0.0075948 0.999968 -0.00262452 -2.46065 -0.999876 0.00755781 -0.0138294 51.7204 
-0.0159046 -0.00238429 0.999871 144.489 0.00672599 0.999974 0.00249157 -2.47006 -0.999851 0.00676475 -0.0158881 51.7183 
-0.0180301 -0.00532687 0.999823 145.011 0.010117 0.999934 0.00550994 -2.48054 -0.999786 0.0102146 -0.017975 51.7072 
-0.0206141 -0.00324982 0.999782 145.521 0.012279 0.999919 0.00350348 -2.4947 -0.999712 0.0123485 -0.0205725 51.6999 
-0.0234511 -7.42997e-05 0.999725 146.025 0.0119081 0.999929 0.000353691 -2.50544 -0.999654 0.0119131 -0.0234486 51.6931 
-0.0259528 0.00163356 0.999662 146.527 0.00804972 0.999967 -0.00142503 -2.5129 -0.999631 0.00801002 -0.0259651 51.6915 
-0.0282627 0.00338589 0.999595 147.028 0.0073385 0.999968 -0.00317963 -2.5179 -0.999574 0.00724566 -0.0282867 51.6868 
-0.0300608 0.00468837 0.999537 147.527 0.00872906 0.999952 -0.00442775 -2.525 -0.99951 0.00859192 -0.0301003 51.6753 
-0.0327209 0.00212161 0.999462 148.029 0.00945479 0.999954 -0.00181307 -2.53471 -0.99942 0.00939038 -0.0327394 51.662 
-0.0351807 -0.0030997 0.999376 148.53 0.00893356 0.999954 0.00341602 -2.54457 -0.999341 0.00904817 -0.0351514 51.6515 
-0.037558 -0.00629579 0.999275 149.025 0.00800599 0.999946 0.00660097 -2.54951 -0.999262 0.0082481 -0.0375056 51.6408 
-0.0402979 -0.00721265 0.999162 149.52 0.00557067 0.999957 0.00744311 -2.5528 -0.999172 0.00586594 -0.0402559 51.6329 
-0.0423717 -0.0088065 0.999063 150.01 0.00416057 0.999951 0.00899082 -2.56221 -0.999093 0.00453763 -0.042333 51.623 
-0.0434158 -0.0104507 0.999002 150.5 0.0036063 0.999937 0.0106173 -2.57127 -0.999051 0.00406366 -0.0433754 51.6082 
-0.0443552 -0.0106843 0.998959 150.986 0.00313142 0.999936 0.0108339 -2.5764 -0.999011 0.0036087 -0.0443189 51.597 
-0.0434775 -0.00887611 0.999015 151.467 0.00609087 0.99994 0.00914944 -2.57644 -0.999036 0.00648267 -0.0434208 51.5836 
-0.0384038 -0.00610219 0.999244 151.943 0.00839862 0.999944 0.00642929 -2.57941 -0.999227 0.00863917 -0.0383504 51.5702 
-0.0311318 -0.00426656 0.999506 152.413 0.00865788 0.999952 0.00453817 -2.58508 -0.999478 0.00879488 -0.0310934 51.5695 
-0.0210522 -0.00446962 0.999768 152.88 0.00671914 0.999967 0.00461203 -2.59155 -0.999756 0.00681467 -0.0210215 51.5776 
-0.00551639 -0.00552442 0.99997 153.337 0.00833692 0.99995 0.00557034 -2.59498 -0.99995 0.00836739 -0.00547006 51.5911 
0.0167747 -0.00504344 0.999847 153.791 0.0141832 0.999888 0.00480573 -2.59296 -0.999759 0.0141004 0.0168444 51.61 
0.0466293 -0.00475355 0.998901 154.233 0.0210947 0.99977 0.00377301 -2.60003 -0.99869 0.0208956 0.0467188 51.6433 
0.082665 -0.00551654 0.996562 154.668 0.0227422 0.999735 0.00364768 -2.60647 -0.996318 0.0223624 0.0827685 51.707 
0.123442 -0.00575051 0.992335 155.097 0.0198776 0.999797 0.00332112 -2.61632 -0.992153 0.0193153 0.123531 51.7961 
0.165269 -0.00277088 0.986245 155.515 0.015553 0.999879 0.000202956 -2.62646 -0.986126 0.0153055 0.165292 51.9072 
0.206925 0.00180471 0.978355 155.922 0.0153512 0.999869 -0.00509116 -2.6306 -0.978236 0.0160724 0.20687 52.0302 
0.249175 0.00598523 0.96844 156.326 0.0166229 0.999807 -0.010456 -2.63527 -0.968316 0.0187037 0.249028 52.1651 
0.291516 0.0082334 0.956531 156.72 0.0178711 0.999742 -0.0140518 -2.64193 -0.956399 0.0211906 0.291293 52.3187 
0.332846 0.0101111 0.942927 157.098 0.0147444 0.999765 -0.0159251 -2.65071 -0.942866 0.0192035 0.332619 52.4944 
0.373062 0.0141932 0.927698 157.456 0.0069932 0.999812 -0.0181087 -2.65773 -0.92778 0.0132433 0.372893 52.6899 
0.412657 0.0191441 0.910685 157.804 -0.00112081 0.999789 -0.0205093 -2.66954 -0.910886 0.00744261 0.412591 52.9013 
0.451743 0.0252716 0.89179 158.158 -0.00575655 0.999661 -0.0254124 -2.67916 -0.89213 0.00634623 0.451735 53.1294 
0.489867 0.0290584 0.871313 158.504 -0.00686528 0.999542 -0.029475 -2.69168 -0.87177 0.00845705 0.489842 53.366 
0.527463 0.0281636 0.849111 158.852 -0.00505731 0.999537 -0.0300113 -2.70516 -0.849563 0.0115357 0.527361 53.6177 
0.563275 0.0265598 0.825842 159.198 -0.00647863 0.999595 -0.0277289 -2.7195 -0.826244 0.0102687 0.563219 53.896 
0.596732 0.0273029 0.801976 159.539 -0.010649 0.999602 -0.0261073 -2.73495 -0.80237 0.00703887 0.596786 54.2003 
0.628321 0.0313409 0.777323 159.863 -0.0175987 0.999505 -0.0260738 -2.7533 -0.777755 0.00270282 0.628562 54.5245 
0.658149 0.0348839 0.75208 160.186 -0.0228866 0.999391 -0.0263269 -2.77049 -0.75254 0.000114505 0.658546 54.8657 
0.685854 0.0358444 0.726856 160.506 -0.0228452 0.999355 -0.0277259 -2.78732 -0.727381 0.00241071 0.68623 55.2136 
0.710843 0.0336972 0.702544 160.832 -0.017664 0.999392 -0.0300627 -2.8009 -0.703129 0.00896014 0.711006 55.5791 
0.733259 0.0351663 0.67904 161.15 -0.0189536 0.999331 -0.0312866 -2.81115 -0.679686 0.0100709 0.733435 55.9663 
0.752812 0.0393055 0.657061 161.459 -0.0257173 0.99921 -0.0303079 -2.82855 -0.657733 0.00591837 0.753228 56.3806 
0.769174 0.0417326 0.637675 161.772 -0.0330063 0.999128 -0.0255751 -2.84907 -0.638186 -0.00137558 0.769881 56.8149 
0.782192 0.0398539 0.621761 162.088 -0.0340135 0.999195 -0.0212568 -2.86683 -0.622108 -0.00452131 0.782918 57.2543 
0.79299 0.0344476 0.60826 162.417 -0.029553 0.9994 -0.0180706 -2.88095 -0.608517 -0.00364611 0.793532 57.704 
0.802066 0.0269429 0.596628 162.751 -0.0234136 0.999632 -0.0136663 -2.89747 -0.596777 -0.0030079 0.802402 58.1615 
0.809395 0.020031 0.586922 163.086 -0.0183089 0.999793 -0.00887273 -2.91433 -0.586979 -0.00356435 0.809595 58.6405 
0.81581 0.016853 0.578074 163.418 -0.0166024 0.999846 -0.00571893 -2.92602 -0.578081 -0.00493181 0.815964 59.1417 
0.822862 0.0137652 0.568075 163.755 -0.0141763 0.999893 -0.00369416 -2.93803 -0.568065 -0.00501338 0.822969 59.6534 
0.830054 0.00945163 0.557603 164.096 -0.00876775 0.999954 -0.00389783 -2.94554 -0.557614 -0.00165348 0.830099 60.178 
0.836548 0.00977765 0.547806 164.435 -0.00682675 0.999949 -0.00742268 -2.95737 -0.547851 0.00246971 0.836572 60.7209 
0.842097 0.0138594 0.539149 164.77 -0.0083051 0.999885 -0.0127313 -2.97135 -0.539263 0.00624333 0.842114 61.2926 
0.846309 0.0192836 0.532344 165.11 -0.0115578 0.999774 -0.0178413 -2.98258 -0.532568 0.00894655 0.84634 61.8797 
0.848361 0.0237205 0.528887 165.456 -0.0143587 0.999659 -0.0218024 -2.99693 -0.529224 0.0109022 0.848412 62.4805 
0.848292 0.0288097 0.528744 165.813 -0.0198847 0.999548 -0.0225602 -3.01615 -0.529155 0.00862376 0.848482 63.0926 
0.846549 0.0289167 0.531525 166.183 -0.0223801 0.999574 -0.0187357 -3.03928 -0.53184 0.00396516 0.846835 63.719 
0.844119 0.030344 0.535296 166.565 -0.0247543 0.999538 -0.0176245 -3.06117 -0.535584 0.00162637 0.84448 64.3507 
0.841288 0.0318761 0.539647 166.959 -0.0271112 0.999492 -0.016773 -3.08211 -0.539907 -0.000519502 0.841725 65.0002 
0.838257 0.0319443 0.544338 167.363 -0.0283371 0.999486 -0.0150165 -3.0994 -0.544538 -0.00283721 0.838731 65.6558 
0.835054 0.0297492 0.549363 167.784 -0.0257713 0.999556 -0.0149547 -3.1135 -0.549564 -0.00166974 0.83545 66.3159 
0.831674 0.0266908 0.554623 168.217 -0.0238002 0.99964 -0.0124176 -3.13504 -0.554754 -0.00287269 0.832009 66.9849 
0.827818 0.027475 0.560323 168.657 -0.0252621 0.999613 -0.0116929 -3.15465 -0.560427 -0.00447532 0.828192 67.66 
0.824452 0.0296721 0.565153 169.106 -0.026723 0.999552 -0.0134953 -3.17292 -0.5653 -0.0039763 0.824876 68.3421 
0.821425 0.0304359 0.569504 169.567 -0.0254313 0.999536 -0.016737 -3.19593 -0.569749 -0.000735057 0.821818 69.0307 
0.818523 0.0325084 0.573554 170.035 -0.0255805 0.99947 -0.0201427 -3.21761 -0.573904 0.00181544 0.81892 69.729 
0.81567 0.0319405 0.577635 170.515 -0.0250798 0.999488 -0.0198522 -3.24031 -0.577974 0.00170591 0.816054 70.4326 
0.81323 0.0288719 0.581226 171.007 -0.0262677 0.999572 -0.0129 -3.26481 -0.581349 -0.00477681 0.81364 71.1519 
0.810871 0.0252678 0.584679 171.502 -0.0262179 0.999633 -0.00683979 -3.29109 -0.584637 -0.00978287 0.811236 71.8674 
0.808969 0.0237969 0.587369 172 -0.0220011 0.999706 -0.0102007 -3.31919 -0.587439 -0.00467068 0.809255 72.5699 
0.807583 0.0289592 0.589043 172.49 -0.020479 0.999568 -0.0210649 -3.34335 -0.589399 0.00494862 0.807827 73.2656 
0.806094 0.031502 0.590949 172.985 -0.0185571 0.999437 -0.0279641 -3.37157 -0.591497 0.0115754 0.806224 73.9629 
0.805267 0.0280016 0.592251 173.491 -0.0144649 0.999515 -0.0275894 -3.40649 -0.592736 0.01365 0.805281 74.6656 
0.804659 0.022218 0.593321 173.998 -0.0119075 0.999703 -0.0212868 -3.4453 -0.593617 0.0100637 0.804685 75.3726 
0.804077 0.0181413 0.594248 174.501 -0.00892774 0.99979 -0.0184415 -3.47707 -0.594458 0.00952308 0.80407 76.0786 
0.804336 0.0134645 0.594022 175.004 -0.00459453 0.999854 -0.016442 -3.50656 -0.594157 0.0104957 0.804281 76.775 
0.804641 0.00921974 0.59369 175.505 0.000606478 0.999866 -0.0163494 -3.53654 -0.593762 0.0135154 0.804528 77.4673 
0.805326 0.00754348 0.592785 175.998 0.0029286 0.999856 -0.0167022 -3.56882 -0.592825 0.0151868 0.805188 78.1557 
0.806116 0.00973889 0.591678 176.488 0.00356842 0.999766 -0.0213176 -3.60115 -0.591747 0.0192958 0.805893 78.8422 
0.806567 0.00956609 0.591065 176.972 0.00662991 0.99966 -0.0252261 -3.63502 -0.591105 0.0242653 0.80623 79.5278 
0.80689 0.00663278 0.590664 177.46 0.00902001 0.999682 -0.0235477 -3.66681 -0.590633 0.0243282 0.806574 80.2083 
0.806602 0.00520464 0.591072 177.939 0.00636788 0.999827 -0.0174937 -3.6996 -0.59106 0.0178744 0.806429 80.8941 
0.806002 -0.000468371 0.591912 178.42 0.0068635 0.99994 -0.00855464 -3.72871 -0.591873 0.0109577 0.805957 81.5764 
0.805715 -0.00534428 0.59228 178.9 0.00929273 0.99995 -0.00361861 -3.75122 -0.592231 0.00841949 0.805724 82.2428 
0.805035 -0.0082443 0.59317 179.366 0.0121433 0.999923 -0.00258292 -3.77201 -0.593103 0.00928244 0.805073 82.8908 
0.804134 -0.00444637 0.594432 179.815 0.00973829 0.999936 -0.00569409 -3.79559 -0.594369 0.0103676 0.804126 83.5271 
0.802936 0.00329865 0.596056 180.25 0.00665142 0.999873 -0.0144933 -3.82162 -0.596028 0.0156019 0.802812 84.1445 
0.801472 0.00767822 0.597983 180.682 0.00687186 0.999733 -0.022047 -3.84772 -0.597993 0.0217793 0.801206 84.7464 
0.799443 0.00720553 0.600699 181.113 0.0104165 0.999612 -0.0258534 -3.87231 -0.600652 0.0269255 0.799057 85.3265 
