1 2.12261e-08 -2.11895e-08 0 2.12261e-08 1 2.10703e-08 0 -2.11895e-08 2.10703e-08 1 0 
0.999934 -0.00298284 0.0111405 0.0146698 0.00297056 0.999995 0.00112239 -0.0058849 -0.0111438 -0.00108918 0.999937 0.284013 
0.99983 -0.00514356 0.01773 0.0233858 0.00512405 0.999986 0.00114802 -0.00963527 -0.0177357 -0.00105694 0.999842 0.575868 
0.99978 -0.00807836 0.0193778 0.0361095 0.00808171 0.999967 -9.252e-05 -0.0129652 -0.0193765 0.000249148 0.999812 0.878964 
0.999814 -0.0095075 0.0168111 0.0434497 0.00953613 0.999953 -0.00162081 -0.0163005 -0.016795 0.00178087 0.999857 1.18628 
0.999879 -0.0119846 0.00994179 0.0404111 0.0120161 0.999923 -0.00311384 -0.0171513 -0.00990375 0.00323296 0.999946 1.50687 
0.999901 -0.0138115 -0.00261688 0.0346925 0.0137981 0.999892 -0.00510003 -0.02059 0.00268699 0.00506346 0.999984 1.84113 
0.999724 -0.0131335 -0.0194586 0.0134648 0.0130335 0.999901 -0.00526144 -0.0276995 0.0195257 0.00500642 0.999797 2.1808 
0.999198 -0.00866585 -0.0390974 -0.0226485 0.00846176 0.99995 -0.0053835 -0.0319585 0.039142 0.0050484 0.999221 2.53613 
0.998235 -0.00520635 -0.0591655 -0.0648367 0.00482261 0.999966 -0.00662756 -0.0367045 0.059198 0.00633057 0.998226 2.90375 
0.996805 -0.00503658 -0.0797132 -0.112141 0.00448078 0.999964 -0.00715041 -0.0395519 0.0797463 0.00677043 0.996792 3.28036 
0.994865 -0.00665978 -0.100994 -0.16593 0.00602555 0.99996 -0.00658407 -0.0435586 0.101034 0.00594176 0.994865 3.66683 
0.992643 -0.00801998 -0.12081 -0.230734 0.00736874 0.999956 -0.00583671 -0.0471426 0.120851 0.0049036 0.992659 4.06134 
0.990306 -0.00678521 -0.138739 -0.308169 0.00610583 0.999967 -0.00532218 -0.052044 0.13877 0.00442352 0.990315 4.4594 
0.987996 -0.00547787 -0.154382 -0.395588 0.00479813 0.999977 -0.00477554 -0.0568782 0.154404 0.00397751 0.988 4.87699 
0.98578 -0.00473474 -0.167977 -0.488741 0.00395994 0.99998 -0.00494742 -0.0624556 0.167997 0.00421193 0.985778 5.30045 
0.983592 -0.00632884 -0.180296 -0.580658 0.00535248 0.999968 -0.00590155 -0.0699867 0.180327 0.00483973 0.983595 5.74156 
0.981694 -0.0100667 -0.190201 -0.673282 0.00866165 0.999929 -0.00821733 -0.0757417 0.19027 0.0064195 0.981711 6.19383 
0.980153 -0.00892763 -0.19804 -0.782312 0.00704508 0.999923 -0.0102087 -0.0801635 0.198116 0.00861088 0.980141 6.65717 
0.978598 -0.00855011 -0.205603 -0.894373 0.0062319 0.99991 -0.0119203 -0.0876068 0.205686 0.0103839 0.978563 7.13516 
0.976891 -0.00933988 -0.213535 -1.01476 0.00634093 0.999872 -0.0147251 -0.0966622 0.213645 0.0130308 0.976825 7.62056 
0.975122 -0.0131461 -0.221279 -1.13684 0.00973936 0.999817 -0.01648 -0.107244 0.221455 0.0139149 0.975071 8.11921 
0.973233 -0.0194813 -0.228993 -1.26082 0.0158424 0.999718 -0.0177187 -0.119944 0.229274 0.0136167 0.973267 8.63587 
0.971133 -0.0200538 -0.237696 -1.40198 0.0157225 0.999674 -0.0201044 -0.136158 0.238021 0.0157869 0.971132 9.15316 
0.969069 -0.0156122 -0.246295 -1.56344 0.00983138 0.999647 -0.0246836 -0.146286 0.246593 0.0214987 0.968881 9.68582 
0.966831 -0.012438 -0.255114 -1.72956 0.00552207 0.999598 -0.0278076 -0.163987 0.255357 0.0254765 0.966511 10.2323 
0.964569 -0.0150812 -0.2634 -1.89451 0.00757081 0.999536 -0.0295053 -0.186212 0.263723 0.0264657 0.964235 10.7927 
0.962184 -0.0178971 -0.271811 -2.06404 0.00962045 0.99945 -0.0317525 -0.208011 0.272229 0.0279368 0.961827 11.357 
0.959898 -0.0173133 -0.279814 -2.24842 0.00799714 0.999376 -0.0344017 -0.230877 0.280235 0.0307844 0.959438 11.9319 
0.95757 -0.0162894 -0.287741 -2.44628 0.00565571 0.999271 -0.0377485 -0.260475 0.288146 0.0345195 0.956964 12.5178 
0.955336 -0.0174084 -0.295009 -2.65007 0.00489842 0.999059 -0.0430915 -0.288091 0.295482 0.0397219 0.954522 13.1145 
0.953558 -0.0189291 -0.300615 -2.8573 0.00384537 0.998707 -0.0506892 -0.321576 0.301186 0.0471791 0.952398 13.7208 
0.952281 -0.0195962 -0.304593 -3.07606 0.0017235 0.998266 -0.058836 -0.359015 0.305218 0.0555035 0.950664 14.3325 
0.950986 -0.0198506 -0.308596 -3.29792 -0.00110032 0.997714 -0.0675693 -0.40204 0.309232 0.0645971 0.94879 14.9576 
0.949609 -0.0194113 -0.312834 -3.52864 -0.00485315 0.99705 -0.0765988 -0.449555 0.313398 0.0742572 0.946714 15.5911 
0.94829 -0.0187945 -0.316848 -3.7665 -0.00818155 0.996466 -0.083594 -0.50632 0.317299 0.0818637 0.944785 16.2369 
0.94672 -0.0166353 -0.321628 -4.01396 -0.0131283 0.995842 -0.0901506 -0.570172 0.32179 0.0895698 0.942565 16.8927 
0.94505 -0.0159554 -0.326537 -4.26603 -0.0162669 0.995276 -0.0957105 -0.640912 0.326522 0.095763 0.940326 17.5574 
0.943466 -0.0136384 -0.331188 -4.52716 -0.0211792 0.994631 -0.101293 -0.710944 0.330791 0.102581 0.938112 18.216 
0.941722 -0.0110958 -0.336209 -4.79605 -0.0254877 0.994229 -0.104203 -0.791302 0.335425 0.1067 0.936005 18.8943 
0.939971 -0.0101948 -0.341103 -5.07706 -0.0275415 0.994027 -0.105605 -0.870091 0.340142 0.10866 0.934075 19.595 
0.937832 -0.0094565 -0.346961 -5.36452 -0.028785 0.994066 -0.104899 -0.951298 0.345894 0.108365 0.931995 20.3044 
0.935499 -0.00928849 -0.353209 -5.65658 -0.0291623 0.994214 -0.103384 -1.03539 0.352125 0.107016 0.929815 21.0255 
0.932965 -0.00947905 -0.359843 -5.95267 -0.0290105 0.994422 -0.101411 -1.12069 0.358797 0.105052 0.927485 21.7442 
0.929701 -0.00856457 -0.368215 -6.26407 -0.0298117 0.9947 -0.0984075 -1.20221 0.367107 0.102467 0.924518 22.4802 
0.926369 -0.00650764 -0.376562 -6.58705 -0.0306459 0.995233 -0.0925905 -1.28626 0.375369 0.0973131 0.921753 23.2266 
0.922899 -0.00326154 -0.385028 -6.92563 -0.0329746 0.995621 -0.0874728 -1.36664 0.383627 0.0934247 0.91875 23.9695 
0.919271 0.000672854 -0.393625 -7.26911 -0.0364253 0.995853 -0.0833654 -1.4447 0.391936 0.0909733 0.915483 24.712 
0.915473 0.00170049 -0.402376 -7.62524 -0.0377085 0.995953 -0.0815843 -1.52113 0.400609 0.0898613 0.911832 25.4632 
0.911493 0.00182035 -0.411311 -7.99184 -0.0386282 0.995949 -0.0811951 -1.59148 0.409497 0.089897 0.907872 26.2173 
0.907616 0.00184586 -0.419797 -8.36909 -0.0390128 0.996034 -0.0799676 -1.66282 0.417984 0.0889574 0.904088 26.9812 
0.903734 0.00306004 -0.428083 -8.75741 -0.0403599 0.99613 -0.0780841 -1.73756 0.426187 0.0878447 0.90036 27.7462 
0.900002 0.00250168 -0.435879 -9.15695 -0.0395567 0.996326 -0.0759584 -1.80821 0.434088 0.0856047 0.896794 28.5209 
0.896167 0.00285177 -0.443708 -9.56779 -0.0387336 0.996665 -0.0718253 -1.8772 0.442024 0.0815539 0.893288 29.3076 
0.892389 0.00537194 -0.451235 -9.99203 -0.0395217 0.997017 -0.0662911 -1.94154 0.449533 0.0769911 0.889939 30.105 
0.888616 0.00549439 -0.458619 -10.4278 -0.0382341 0.997335 -0.0621338 -2.0082 0.457055 0.072748 0.886458 30.9045 
0.88498 0.00438518 -0.465609 -10.8704 -0.0365406 0.997526 -0.0600576 -2.07387 0.464194 0.0701634 0.88295 31.7086 
0.881652 0.00354576 -0.471887 -11.3241 -0.0356305 0.997618 -0.0590744 -2.13185 0.470553 0.0688967 0.879678 32.5195 
0.878511 0.00400213 -0.477706 -11.795 -0.0355287 0.997743 -0.0569792 -2.19205 0.4764 0.0670291 0.87667 33.3404 
0.87556 0.00262954 -0.483102 -12.275 -0.0337669 0.997873 -0.0557667 -2.25314 0.481927 0.06514 0.873786 34.1745 
0.873188 0.00202393 -0.487379 -12.8146 -0.0333266 0.997899 -0.055564 -2.3158 0.486242 0.0647605 0.871421 35.0406 
0.871238 0.00179339 -0.490858 -13.3142 -0.0337031 0.997852 -0.0561749 -2.37532 0.489703 0.0654852 0.869427 35.8825 
0.869902 0.001603 -0.493223 -13.826 -0.0339495 0.997818 -0.0566343 -2.43248 0.492055 0.066011 0.868058 36.7409 
0.869517 0.00206576 -0.493899 -14.3443 -0.034039 0.997864 -0.0557526 -2.49305 0.492729 0.0652898 0.86773 37.6021 
0.869414 0.00301941 -0.494075 -14.8616 -0.0341284 0.99796 -0.0539564 -2.55831 0.492904 0.0637724 0.867744 38.465 
0.869102 0.00178735 -0.49463 -15.4152 -0.0325067 0.998038 -0.0535104 -2.61914 0.493564 0.0625848 0.867455 39.3769 
0.868531 1.98184e-05 -0.495635 -15.9491 -0.0310373 0.99804 -0.0543486 -2.68158 0.494662 0.0625867 0.866829 40.2672 
0.867473 -0.00194432 -0.49748 -16.4942 -0.0291867 0.998071 -0.0547948 -2.74526 0.496627 0.0620529 0.865743 41.1744 
0.865929 -0.00246664 -0.500161 -17.0494 -0.0277185 0.998214 -0.052912 -2.80762 0.499399 0.0596818 0.864314 42.0943 
0.863973 -0.00146301 -0.503536 -17.6121 -0.0269807 0.998425 -0.0491948 -2.86684 0.502815 0.0560888 0.862573 43.0045 
0.861145 -0.00185471 -0.508356 -18.1723 -0.0244487 0.998685 -0.0450593 -2.9345 0.507771 0.0512313 0.859967 43.9166 
0.857217 -0.00189378 -0.514952 -18.742 -0.0237297 0.998786 -0.043175 -2.99468 0.514408 0.04923 0.856131 44.8268 
0.852012 -0.00572393 -0.523491 -19.3126 -0.0209911 0.998763 -0.045085 -3.05779 0.523101 0.0494017 0.850838 45.7187 
0.845906 -0.00917156 -0.533253 -19.8918 -0.0196693 0.998635 -0.0483776 -3.11764 0.532969 0.0514117 0.844572 46.6136 
0.839844 -0.00961286 -0.542743 -20.4889 -0.0193361 0.998679 -0.0476091 -3.17833 0.542483 0.0504788 0.838549 47.4904 
0.834058 -0.00637388 -0.55164 -21.1073 -0.0202841 0.998903 -0.0422106 -3.23967 0.551304 0.0463957 0.833014 48.3806 
0.828877 -0.00176903 -0.559429 -21.7309 -0.0234114 0.999009 -0.0378466 -3.29696 0.558942 0.0444673 0.828014 49.2624 
0.824857 -0.0019858 -0.565337 -22.3623 -0.0244903 0.99893 -0.0392415 -3.3536 0.56481 0.046214 0.823926 50.1388 
0.821619 -0.00420464 -0.570022 -22.9961 -0.0249321 0.998751 -0.0433039 -3.41069 0.569492 0.0497912 0.820488 51.0098 
0.818647 -0.00620733 -0.574263 -23.6386 -0.0277808 0.998343 -0.0503946 -3.46953 0.573624 0.0572089 0.817118 51.8692 
0.815553 -0.0074111 -0.578635 -24.2763 -0.0278608 0.998256 -0.0520538 -3.53207 0.578011 0.0585739 0.813924 52.7266 
0.81202 -0.00599956 -0.583598 -24.9161 -0.0269217 0.998498 -0.0477238 -3.60156 0.583008 0.0544642 0.810639 53.5918 
0.808824 -0.00368962 -0.588039 -25.5703 -0.0264155 0.998743 -0.0426001 -3.66326 0.587457 0.0499894 0.80771 54.4628 
0.806031 -0.00163876 -0.591871 -26.2304 -0.0271017 0.998845 -0.0396737 -3.71838 0.591252 0.048019 0.805056 55.3008 
0.802935 -0.00140347 -0.596065 -26.8956 -0.0280257 0.998802 -0.0401041 -3.77222 0.595407 0.0489062 0.801934 56.1534 
0.799462 -0.00234356 -0.600712 -27.5568 -0.0284889 0.998719 -0.041811 -3.82824 0.600041 0.0505399 0.798371 56.9973 
0.795562 -0.00506917 -0.605851 -28.2293 -0.0274097 0.99864 -0.0443483 -3.88752 0.605252 0.051888 0.794341 57.8427 
0.79147 -0.00599312 -0.611178 -28.9085 -0.0269597 0.998636 -0.0447051 -3.9441 0.610613 0.05186 0.790229 58.6861 
0.78698 -0.00635698 -0.616945 -29.5972 -0.0262994 0.998692 -0.0438383 -4.00283 0.616417 0.0507252 0.785784 59.5307 
0.782161 -0.00604267 -0.623047 -30.294 -0.0265122 0.998725 -0.0429692 -4.06465 0.622512 0.0501272 0.781003 60.3602 
0.776871 -0.00723627 -0.629618 -30.9965 -0.0263309 0.998686 -0.0439672 -4.12325 0.629109 0.0507353 0.77566 61.1921 
0.771454 -0.00863142 -0.636227 -31.7089 -0.0258036 0.998661 -0.0448365 -4.18133 0.635762 0.0510063 0.770198 62.0165 
0.765913 -0.00994315 -0.642868 -32.4364 -0.0253894 0.998633 -0.0456947 -4.24062 0.642443 0.0513202 0.764613 62.8486 
0.760345 -0.0114043 -0.649419 -33.1697 -0.0248861 0.9986 -0.046673 -4.30353 0.649043 0.0516491 0.758997 63.6692 
0.754296 -0.0134617 -0.656396 -33.9084 -0.0239035 0.998564 -0.0479477 -4.36277 0.656099 0.0518569 0.752891 64.4889 
0.748126 -0.0147442 -0.663393 -34.6661 -0.0228762 0.998586 -0.0479922 -4.42496 0.663162 0.0510802 0.746731 65.3146 
0.741979 -0.014369 -0.670269 -35.4202 -0.0225102 0.998673 -0.0463277 -4.48944 0.670045 0.0494621 0.740671 66.1129 
0.735448 -0.0148925 -0.677417 -36.1876 -0.0216438 0.998732 -0.0454543 -4.55509 0.677235 0.0480912 0.734193 66.9218 
0.728999 -0.0172444 -0.684298 -36.9682 -0.0196356 0.998744 -0.0460867 -4.61944 0.684234 0.0470338 0.727745 67.7216 
0.722916 -0.0181232 -0.690698 -37.7506 -0.0205787 0.998648 -0.0477421 -4.6861 0.690629 0.0487273 0.721566 68.4914 
0.716776 -0.0177035 -0.697079 -38.562 -0.0215572 0.998637 -0.0475284 -4.74723 0.69697 0.0490943 0.715418 69.2913 
0.711727 -0.0167052 -0.702258 -39.3924 -0.0226928 0.998649 -0.0467545 -4.81098 0.70209 0.0492126 0.710386 70.0803 
0.706823 -0.0161218 -0.707207 -40.2094 -0.0238075 0.998632 -0.0465599 -4.87675 0.70699 0.0497465 0.705472 70.8637 
0.702187 -0.017058 -0.711788 -41.0479 -0.0239217 0.998583 -0.0475301 -4.94322 0.711591 0.0504022 0.700784 71.6479 
0.697064 -0.0184349 -0.716772 -41.8925 -0.025267 0.998417 -0.050251 -5.01158 0.716563 0.0531388 0.695495 72.4335 
0.691923 -0.0213229 -0.721657 -42.739 -0.0243124 0.998309 -0.0528078 -5.07689 0.721562 0.0540842 0.690234 73.2215 
0.686835 -0.0218545 -0.726485 -43.5917 -0.0248059 0.998261 -0.0534824 -5.14868 0.72639 0.0547547 0.685098 73.9972 
0.681965 -0.021747 -0.731061 -44.4626 -0.0240406 0.998351 -0.0521243 -5.21494 0.730989 0.0531222 0.680318 74.7859 
0.676843 -0.0216318 -0.735809 -45.3388 -0.0235793 0.998418 -0.0510418 -5.28922 0.73575 0.0518972 0.675262 75.5631 
0.671941 -0.0227306 -0.740256 -46.2201 -0.0227507 0.998424 -0.0513091 -5.3674 0.740256 0.0513181 0.670364 76.3209 
0.667142 -0.0237268 -0.744553 -47.1066 -0.0217764 0.998444 -0.0513299 -5.44185 0.744612 0.050458 0.665587 77.0911 
0.662787 -0.0242082 -0.748417 -48.0072 -0.0211759 0.998472 -0.0510495 -5.5121 0.748509 0.0496834 0.661261 77.8555 
0.658651 -0.0250827 -0.752031 -48.9158 -0.0200124 0.998507 -0.050831 -5.58575 0.752183 0.0485299 0.657165 78.6276 
0.654782 -0.0278939 -0.755303 -49.8401 -0.0175152 0.99849 -0.0520591 -5.65696 0.755615 0.0473167 0.653305 79.4015 
0.65077 -0.0324592 -0.758581 -50.7721 -0.0146896 0.998361 -0.0553211 -5.7293 0.759133 0.0471446 0.649226 80.1685 
0.646002 -0.0366677 -0.762455 -51.6879 -0.0104399 0.998328 -0.0568566 -5.80532 0.763265 0.0446894 0.644539 80.9252 
0.639433 -0.040047 -0.767803 -52.615 -0.00573185 0.998367 -0.0568463 -5.88614 0.768826 0.0407504 0.638159 81.6759 
0.631124 -0.0438048 -0.774444 -53.5585 -0.000812723 0.998366 -0.0571328 -5.96768 0.775682 0.0366873 0.630057 82.4245 
0.622095 -0.0449565 -0.78165 -54.5173 0.00196256 0.998437 -0.055863 -6.04436 0.782939 0.0332181 0.62121 83.1706 
0.613349 -0.0434264 -0.788618 -55.4975 0.00211172 0.998574 -0.0533456 -6.12356 0.78981 0.0310542 0.612566 83.9057 
0.604279 -0.04327 -0.795597 -56.4792 0.00163936 0.99859 -0.053065 -6.20324 0.796771 0.0307619 0.603498 84.6251 
0.594819 -0.0446029 -0.802621 -57.4782 0.000734579 0.998489 -0.0549432 -6.27827 0.803859 0.0320918 0.593954 85.3349 
0.584846 -0.0468928 -0.809788 -58.4964 0.00129603 0.99838 -0.0568778 -6.35828 0.811144 0.0322153 0.583959 86.0457 
0.574932 -0.0486286 -0.816755 -59.5416 0.00167411 0.9983 -0.0582591 -6.43695 0.8182 0.0321278 0.574036 86.7586 
0.565064 -0.0494643 -0.823563 -60.5916 0.00456676 0.998373 -0.0568303 -6.5187 0.825034 0.0283518 0.564371 87.45 
0.554937 -0.0494815 -0.830419 -61.6411 0.00564832 0.998431 -0.0557181 -6.60209 0.831873 0.0262296 0.554346 88.1236 
0.544711 -0.0503169 -0.837113 -62.7058 0.00607421 0.998409 -0.0560595 -6.68525 0.838602 0.0254515 0.54415 88.7917 
0.534441 -0.0512849 -0.843649 -63.7789 0.00510755 0.998335 -0.0574527 -6.76575 0.845191 0.0263961 0.533813 89.453 
0.524463 -0.0514896 -0.849875 -64.8578 0.00318757 0.998282 -0.0585137 -6.85182 0.851427 0.0279793 0.523726 90.0877 
0.51481 -0.0525177 -0.855694 -65.9565 0.00209751 0.998196 -0.0600018 -6.93893 0.857302 0.0290947 0.513991 90.7166 
0.505392 -0.0522061 -0.861309 -67.064 0.000899839 0.998199 -0.0599754 -7.02601 0.86289 0.0295361 0.504529 91.3349 
0.496594 -0.0502502 -0.866527 -68.1736 0.000255569 0.998331 -0.0577471 -7.11357 0.867983 0.0284554 0.495778 91.9469 
0.488788 -0.0486794 -0.871043 -69.2928 0.000876502 0.998469 -0.0553089 -7.1996 0.872402 0.0262709 0.488083 92.5466 
0.480973 -0.0492165 -0.875353 -70.4176 0.00122971 0.99846 -0.0554625 -7.28276 0.876735 0.0255996 0.480293 93.1429 
0.47326 -0.0523415 -0.879367 -71.5584 0.00304896 0.998325 -0.0577812 -7.36711 0.880918 0.0246644 0.472626 93.7389 
0.466396 -0.0558608 -0.882811 -72.6984 0.00559941 0.998171 -0.0602022 -7.45283 0.884559 0.0231349 0.465855 94.3196 
0.460325 -0.0585232 -0.88582 -73.8403 0.00637465 0.998017 -0.0626231 -7.5444 0.887728 0.0231802 0.459785 94.8844 
0.45468 -0.0621663 -0.888483 -74.9865 0.00857232 0.99782 -0.0654297 -7.63877 0.890614 0.0221333 0.454221 95.4593 
0.449717 -0.0633279 -0.890923 -76.1398 0.0111861 0.997804 -0.0652786 -7.7325 0.893101 0.019391 0.449438 96.0317 
0.445421 -0.0608086 -0.893254 -77.2909 0.012922 0.998024 -0.0614973 -7.83216 0.895228 0.0158496 0.445326 96.5903 
0.441319 -0.0590781 -0.895403 -78.4402 0.0162425 0.998193 -0.0578546 -7.92812 0.897203 0.0109888 0.441481 97.1464 
0.4379 -0.0585302 -0.897116 -79.5867 0.0178693 0.998248 -0.0564059 -8.02078 0.898846 0.00866939 0.438179 97.6866 
0.435015 -0.0584671 -0.898523 -80.7227 0.0194131 0.998267 -0.0555587 -8.10891 0.900214 0.00672586 0.435396 98.2155 
0.432413 -0.0577919 -0.899822 -81.855 0.0214891 0.998321 -0.0537915 -8.19558 0.901419 0.00392388 0.432929 98.7446 
0.429943 -0.0570214 -0.901054 -82.9785 0.0231719 0.998372 -0.0521235 -8.28123 0.902559 0.0015311 0.430565 99.2606 
0.42756 -0.0582332 -0.902109 -84.1087 0.0260243 0.998302 -0.0521083 -8.36779 0.903612 -0.0011973 0.42835 99.7811 
0.425249 -0.0586478 -0.903174 -85.2422 0.0283633 0.998272 -0.0514685 -8.44919 0.904632 -0.00372999 0.426178 100.298 
0.422897 -0.0582123 -0.904306 -86.3603 0.0318081 0.998273 -0.0493862 -8.52596 0.905619 -0.00787893 0.424018 100.808 
0.420839 -0.0573815 -0.905319 -87.4665 0.0335068 0.9983 -0.0476992 -8.60562 0.906516 -0.0102606 0.422046 101.299 
0.418798 -0.058733 -0.906178 -88.5597 0.0360483 0.998195 -0.048037 -8.68519 0.907363 -0.0125483 0.42016 101.793 
0.417754 -0.0600946 -0.906571 -89.6472 0.0377634 0.998096 -0.0487601 -8.76313 0.907775 -0.0138654 0.419228 102.271 
0.417103 -0.0614125 -0.906782 -90.7182 0.0383939 0.998014 -0.0499308 -8.84582 0.908048 -0.0139885 0.418633 102.749 
0.417596 -0.0623537 -0.906491 -91.7831 0.0375755 0.997974 -0.0513364 -8.92255 0.907855 -0.0126239 0.419093 103.217 
0.419941 -0.0621539 -0.905421 -92.8273 0.035554 0.998013 -0.0520199 -9.00426 0.906855 -0.010346 0.421316 103.679 
0.423739 -0.062437 -0.90363 -93.8585 0.0335976 0.998018 -0.0532039 -9.08257 0.905161 -0.00781518 0.424997 104.153 
0.428639 -0.0632297 -0.901261 -94.8836 0.0328525 0.997979 -0.0543906 -9.16284 0.902878 -0.00629466 0.42985 104.622 
0.434476 -0.0634436 -0.898446 -95.9059 0.0320271 0.997974 -0.0549839 -9.23865 0.900114 -0.00488546 0.435627 105.096 
0.441303 -0.0626586 -0.895168 -96.9199 0.0313706 0.998027 -0.0543932 -9.31597 0.89681 -0.00407801 0.442398 105.575 
0.449376 -0.0614061 -0.89123 -97.9193 0.029916 0.99811 -0.0536859 -9.3931 0.892842 -0.00253683 0.450363 106.057 
0.458066 -0.0613169 -0.886801 -98.9145 0.0297488 0.998117 -0.0536474 -9.46605 0.88842 -0.00180716 0.459028 106.551 
0.467414 -0.0605175 -0.881965 -99.9004 0.0286487 0.998167 -0.053308 -9.54513 0.883574 -0.000350162 0.468291 107.053 
0.477068 -0.0614463 -0.876716 -100.87 0.027937 0.998109 -0.0547524 -9.62263 0.878422 0.00162785 0.477882 107.562 
0.487139 -0.0632283 -0.871032 -101.838 0.0265773 0.997987 -0.0575802 -9.6999 0.87292 0.0049 0.487839 108.083 
0.498507 -0.0638119 -0.864534 -102.799 0.0248251 0.997929 -0.0593432 -9.78171 0.86653 0.00812098 0.499059 108.616 
0.510224 -0.061984 -0.857805 -103.742 0.022756 0.998023 -0.0585807 -9.86516 0.85974 0.0103692 0.510626 109.162 
0.522766 -0.0595402 -0.850395 -104.678 0.0213078 0.998159 -0.0567873 -9.94089 0.85221 0.0115665 0.523072 109.721 
0.535042 -0.057249 -0.842884 -105.602 0.020795 0.998292 -0.0546042 -10.0188 0.84457 0.0116878 0.535318 110.284 
0.54687 -0.0571304 -0.835266 -106.517 0.0213046 0.998296 -0.0543326 -10.0974 0.836946 0.0119179 0.547155 110.859 
0.557931 -0.0574445 -0.827897 -107.405 0.0213007 0.998264 -0.0549108 -10.1722 0.829614 0.0130017 0.558186 111.443 
0.568737 -0.0589603 -0.820403 -108.279 0.0220681 0.998162 -0.0564369 -10.2451 0.822223 0.013993 0.568993 112.033 
0.579483 -0.060613 -0.812728 -109.138 0.0243848 0.998074 -0.0570494 -10.3231 0.81462 0.013241 0.579844 112.63 
0.58988 -0.0606489 -0.80521 -109.984 0.0251997 0.998072 -0.0567147 -10.4015 0.807098 0.0131639 0.590271 113.239 
0.600369 -0.0583715 -0.79759 -110.821 0.0243384 0.998204 -0.0547333 -10.4751 0.799353 0.0134482 0.600712 113.85 
0.609732 -0.0558232 -0.79064 -111.639 0.0250447 0.998376 -0.0511762 -10.5501 0.792212 0.0114025 0.610139 114.479 
0.619477 -0.054576 -0.783116 -112.441 0.0242537 0.998435 -0.0503962 -10.6178 0.78464 0.0122259 0.619831 115.094 
0.629188 -0.0541551 -0.775364 -113.217 0.0226047 0.998423 -0.0513914 -10.6893 0.776924 0.014808 0.62942 115.711 
0.638233 -0.053875 -0.767956 -113.99 0.0209167 0.998394 -0.0526576 -10.7579 0.769559 0.0175447 0.638334 116.343 
0.647326 -0.0534277 -0.760338 -114.746 0.0208679 0.998409 -0.0523903 -10.8256 0.761927 0.018047 0.647411 116.971 
0.656039 -0.0514042 -0.752975 -115.505 0.0206697 0.998527 -0.0501589 -10.8954 0.754444 0.0173425 0.656135 117.628 
0.664431 -0.0497913 -0.745689 -116.236 0.0211489 0.998631 -0.0478366 -10.9616 0.74705 0.0160137 0.664575 118.268 
0.672516 -0.0495055 -0.738425 -116.959 0.0217906 0.998652 -0.0471061 -11.0253 0.739762 0.015589 0.672688 118.912 
0.679943 -0.0491823 -0.731614 -117.662 0.0212175 0.99865 -0.0474147 -11.0856 0.732958 0.0167164 0.680068 119.562 
0.687003 -0.0484235 -0.72504 -118.358 0.0208444 0.99868 -0.0469484 -11.1443 0.726356 0.0171407 0.687105 120.214 
0.693918 -0.0451791 -0.718635 -119.034 0.0195612 0.998844 -0.0439068 -11.2046 0.719788 0.0164105 0.694 120.86 
0.701051 -0.0425633 -0.71184 -119.712 0.0187657 0.998973 -0.0412508 -11.2636 0.712864 0.0155609 0.70113 121.52 
0.70799 -0.0409292 -0.705036 -120.366 0.0176678 0.999033 -0.0402548 -11.3179 0.706002 0.0160436 0.708028 122.181 
0.715194 -0.0402824 -0.697764 -121.007 0.017268 0.999051 -0.0399766 -11.373 0.698712 0.0165421 0.715212 122.834 
0.722822 -0.0373727 -0.690023 -121.639 0.0147139 0.999143 -0.0387018 -11.4249 0.690877 0.0178216 0.722752 123.494 
0.731858 -0.0345873 -0.680579 -122.252 0.0139746 0.999263 -0.0357554 -11.4754 0.681314 0.0166571 0.731802 124.135 
0.741442 -0.0307131 -0.670314 -122.869 0.0122054 0.999404 -0.0322912 -11.5257 0.670906 0.0157606 0.741375 124.789 
0.751766 -0.028572 -0.658811 -123.455 0.0104545 0.999452 -0.0314157 -11.5707 0.659347 0.0167297 0.751653 125.432 
0.761685 -0.0278466 -0.647349 -124.027 0.00905248 0.999436 -0.0323407 -11.6126 0.647884 0.0187734 0.761507 126.106 
0.771593 -0.0287254 -0.635467 -124.589 0.00908057 0.999376 -0.0341496 -11.6565 0.636051 0.0205793 0.771372 126.777 
0.781329 -0.0278322 -0.623498 -125.139 0.00877008 0.999396 -0.0336217 -11.6996 0.624058 0.0208015 0.781101 127.473 
0.791297 -0.0262047 -0.61087 -125.652 0.0084778 0.999455 -0.0318923 -11.7392 0.611373 0.0200575 0.791088 128.149 
0.801529 -0.0240966 -0.59747 -126.175 0.00843022 0.999544 -0.0290032 -11.7797 0.597897 0.0182101 0.801366 128.828 
0.811105 -0.0227681 -0.584458 -126.687 0.00887408 0.999606 -0.0266252 -11.8214 0.584834 0.0164094 0.810987 129.543 
0.820231 -0.021108 -0.571643 -127.177 0.00925586 0.999678 -0.0236323 -11.8544 0.571958 0.014093 0.820162 130.238 
0.828391 -0.0202723 -0.559784 -127.682 0.00992051 0.999719 -0.0215237 -11.8908 0.560063 0.0122767 0.828359 130.965 
0.835699 -0.0203939 -0.54881 -128.155 0.0112895 0.999737 -0.0199595 -11.9257 0.549072 0.0104844 0.835709 131.694 
0.842292 -0.0202224 -0.538642 -128.611 0.0115262 0.999743 -0.0195098 -11.9567 0.538898 0.0102245 0.842309 132.401 
0.848954 -0.0193608 -0.528111 -129.063 0.0106748 0.999753 -0.0194914 -11.9838 0.528358 0.0109099 0.848952 133.119 
0.855517 -0.0176348 -0.517474 -129.514 0.00935729 0.999783 -0.0186013 -12.0107 0.51769 0.0110716 0.855497 133.865 
0.861798 -0.0164101 -0.506985 -129.962 0.00849313 0.999803 -0.0179247 -12.0477 0.50718 0.0111416 0.861768 134.605 
0.867559 -0.0168509 -0.497049 -130.395 0.00916631 0.999798 -0.017896 -12.0767 0.49725 0.0109698 0.867538 135.358 
0.872566 -0.0182341 -0.488157 -130.814 0.0103612 0.999769 -0.0188241 -12.1046 0.488387 0.0113674 0.872553 136.105 
0.876992 -0.0188557 -0.480135 -131.241 0.010902 0.999753 -0.019349 -12.1307 0.480382 0.0117345 0.876981 136.866 
0.880323 -0.0177691 -0.474041 -131.662 0.0102752 0.999778 -0.0183942 -12.1576 0.474263 0.011322 0.880311 137.638 
0.88335 -0.015831 -0.468446 -132.097 0.00994765 0.999838 -0.0150311 -12.1843 0.468608 0.00861781 0.883364 138.442 
0.886507 -0.0118041 -0.462564 -132.526 0.0077057 0.999913 -0.0107486 -12.208 0.462651 0.00596441 0.886521 139.242 
0.889786 -0.00907874 -0.456288 -132.951 0.00616359 0.99995 -0.00787668 -12.2312 0.456337 0.00419624 0.889797 140.058 
0.893061 -0.00644446 -0.449889 -133.384 0.00434646 0.999974 -0.00569624 -12.2472 0.449914 0.00313172 0.893067 140.889 
0.896279 -0.00463346 -0.443467 -133.815 0.00345738 0.999988 -0.0034606 -12.2622 0.443477 0.00156848 0.896284 141.733 
0.899532 -0.00308869 -0.436845 -134.25 0.00321806 0.999995 -0.000444003 -12.2741 0.436844 -0.00100635 0.899537 142.598 
0.902905 -0.00332943 -0.429827 -134.676 0.004385 0.999989 0.00146527 -12.2821 0.429817 -0.00320775 0.90291 143.47 
0.906307 -0.00376561 -0.422602 -135.094 0.00532963 0.999983 0.0025194 -12.2881 0.422586 -0.00453562 0.906312 144.369 
0.909969 -0.00457867 -0.414651 -135.522 0.00621932 0.999977 0.00260649 -12.2995 0.41463 -0.00495062 0.909977 145.306 
0.913878 -0.00711682 -0.405926 -135.955 0.00870232 0.99996 0.00206022 -12.3052 0.405895 -0.00541523 0.913904 146.247 
0.918008 -0.0084229 -0.396474 -136.387 0.00966996 0.999953 0.00114653 -12.3239 0.396445 -0.00488635 0.918045 147.194 
0.922536 -0.00939511 -0.385796 -136.795 0.0098222 0.999951 -0.000864056 -12.3362 0.385785 -0.00299219 0.922584 148.146 
0.927939 -0.00768451 -0.372654 -137.204 0.00768748 0.999969 -0.00147804 -12.3483 0.372654 -0.00149319 0.927969 149.112 
0.934121 -0.00394003 -0.356936 -137.586 0.00414438 0.999991 -0.000192402 -12.3594 0.356933 -0.0012995 0.934129 150.07 
0.940789 -0.000291654 -0.338992 -137.958 0.00137228 0.999995 0.00294798 -12.3735 0.338989 -0.00323857 0.940785 151.062 
0.947595 0.0030325 -0.31946 -138.317 -0.00163412 0.999988 0.00464519 -12.3822 0.31947 -0.00387968 0.947589 152.095 
0.954332 0.00453411 -0.298713 -138.659 -0.00302841 0.99998 0.00550319 -12.3916 0.298732 -0.0043472 0.954327 153.126 
0.960654 0.00566465 -0.277689 -138.976 -0.00385238 0.999968 0.00707128 -12.3992 0.27772 -0.00572324 0.960645 154.178 
0.966598 0.00656101 -0.256212 -139.284 -0.00419973 0.999944 0.00976202 -12.4011 0.256261 -0.00835989 0.966571 155.259 
0.972024 0.00866783 -0.234724 -139.558 -0.00565662 0.999893 0.0134988 -12.4067 0.234816 -0.0117934 0.971968 156.339 
0.97705 0.0107674 -0.21274 -139.817 -0.00716861 0.999818 0.0176804 -12.4021 0.212892 -0.0157496 0.976949 157.464 
0.981644 0.0128427 -0.190288 -140.094 -0.00899647 0.999738 0.0210627 -12.4011 0.190509 -0.0189641 0.981502 158.666 
0.985616 0.0146539 -0.168364 -140.3 -0.0112452 0.999712 0.0211815 -12.3989 0.168626 -0.0189835 0.985497 159.822 
0.989121 0.0138365 -0.146449 -140.49 -0.0111482 0.999754 0.019161 -12.387 0.146678 -0.0173198 0.989033 160.972 
0.991941 0.014029 -0.12592 -140.637 -0.0118057 0.999761 0.0183856 -12.3841 0.126148 -0.0167508 0.99187 162.287 
0.994304 0.0128917 -0.105798 -140.782 -0.0107846 0.999732 0.0204637 -12.3819 0.106033 -0.0192061 0.994177 163.501 
0.99619 0.0134379 -0.0861694 -140.899 -0.0115697 0.999688 0.0221428 -12.3732 0.0864401 -0.0210614 0.996034 164.701 
0.997715 0.0138389 -0.0661302 -140.997 -0.0123245 0.999654 0.0232526 -12.3654 0.066429 -0.0223844 0.99754 165.941 
0.998818 0.0153999 -0.0461035 -141.072 -0.0143022 0.999609 0.0240439 -12.3569 0.0464557 -0.023356 0.998647 167.185 
0.999543 0.0158533 -0.0257438 -141.119 -0.0152149 0.999577 0.024804 -12.343 0.0261261 -0.024401 0.999361 168.464 
0.999821 0.0180942 -0.00554444 -141.14 -0.0179543 0.999543 0.0243031 -12.3254 0.00598161 -0.0241991 0.999689 169.764 
0.999716 0.0190768 0.0142635 -141.145 -0.0194057 0.99954 0.0232917 -12.3109 -0.0138127 -0.0235618 0.999627 171.033 
0.999247 0.0190706 0.0337856 -141.131 -0.0197905 0.999581 0.0211051 -12.2976 -0.033369 -0.0217578 0.999206 172.371 
0.998377 0.0210234 0.0529329 -141.102 -0.0220311 0.999586 0.0185273 -12.2784 -0.0525216 -0.0196634 0.998426 173.703 
0.997178 0.0211333 0.0720389 -141.022 -0.0223978 0.999608 0.0167915 -12.2698 -0.0716558 -0.0183576 0.997261 175.096 
0.995637 0.0212776 0.0908479 -140.923 -0.0226363 0.999646 0.0139519 -12.2737 -0.0905189 -0.0159474 0.995767 176.51 
0.993755 0.0222426 0.109345 -140.796 -0.0233396 0.999689 0.00876274 -12.2763 -0.109117 -0.0112601 0.993965 177.922 
0.991606 0.0238882 0.127067 -140.631 -0.0243581 0.999701 0.00214568 -12.2901 -0.126978 -0.00522275 0.991892 179.324 
0.98916 0.0259362 0.144532 -140.46 -0.0258097 0.999663 -0.00275015 -12.3045 -0.144555 -0.00100995 0.989496 180.702 
0.986496 0.0282436 0.161333 -140.148 -0.0275412 0.999599 -0.00658839 -12.353 -0.161454 0.00205615 0.986878 182.21 
0.983377 0.030163 0.179055 -139.933 -0.0289606 0.999537 -0.00932571 -12.3865 -0.179254 0.00398518 0.983795 183.647 
0.9801 0.0294008 0.196317 -139.657 -0.0281449 0.999562 -0.00918444 -12.4066 -0.196501 0.00347639 0.980498 185.151 
0.976583 0.028355 0.213262 -139.345 -0.0269122 0.999591 -0.00966566 -12.4512 -0.213449 0.00369999 0.976947 186.633 
0.972756 0.0281598 0.230114 -139.048 -0.0254854 0.999569 -0.0145863 -12.4898 -0.230426 0.00832437 0.973054 188.058 
0.968725 0.0291663 0.246417 -138.72 -0.025338 0.999504 -0.0186929 -12.5378 -0.24684 0.0118646 0.968984 189.468 
0.964381 0.0312506 0.262663 -138.285 -0.0273111 0.999453 -0.0186368 -12.5993 -0.263102 0.0107994 0.964708 190.999 
0.959475 0.0335136 0.279794 -137.846 -0.029368 0.999388 -0.018997 -12.6554 -0.280259 0.0100102 0.959872 192.517 
0.954217 0.0369892 0.296819 -137.344 -0.0319021 0.99925 -0.0219657 -12.7149 -0.297409 0.0114909 0.954681 194.046 
0.948666 0.0375618 0.314041 -136.887 -0.0310318 0.999186 -0.0257685 -12.7665 -0.314754 0.0147004 0.94906 195.492 
0.942702 0.0383584 0.331422 -136.424 -0.0307836 0.999132 -0.0280768 -12.8299 -0.332212 0.0162657 0.943065 196.963 
0.936516 0.038519 0.348504 -135.872 -0.0287426 0.999036 -0.0331815 -12.897 -0.349446 0.0210581 0.93672 198.463 
0.929235 0.0415021 0.367152 -135.288 -0.0291715 0.998811 -0.0390726 -12.9823 -0.368336 0.0255973 0.92934 199.974 
0.920142 0.0451164 0.388977 -134.663 -0.0310933 0.998622 -0.042275 -13.089 -0.390348 0.0268045 0.920277 201.565 
0.909584 0.0481138 0.412724 -134.075 -0.033065 0.998505 -0.0435313 -13.1667 -0.414202 0.0259487 0.909815 202.974 
0.8974 0.053025 0.438021 -133.381 -0.0364568 0.998269 -0.046155 -13.2663 -0.43971 0.0254507 0.897779 204.512 
0.884236 0.0572932 0.463513 -132.697 -0.0386812 0.998021 -0.0495703 -13.357 -0.465436 0.0259026 0.884702 205.993 
0.87042 0.0614743 0.488457 -131.956 -0.0408383 0.99777 -0.0528003 -13.4542 -0.490614 0.0260107 0.870989 207.443 
0.856336 0.0628969 0.512575 -131.2 -0.0402759 0.997666 -0.0551342 -13.5506 -0.514846 0.026569 0.856871 208.828 
0.841278 0.0646209 0.536727 -130.374 -0.0401263 0.997556 -0.0572088 -13.6871 -0.539112 0.0265917 0.841814 210.31 
0.825695 0.0662913 0.560208 -129.5 -0.0381742 0.997361 -0.0617557 -13.8405 -0.562824 0.0296059 0.826047 211.774 
0.809881 0.068632 0.582565 -128.558 -0.0363354 0.997094 -0.0669542 -13.9844 -0.585468 0.0330572 0.810022 213.227 
0.794497 0.0708411 0.603122 -127.65 -0.0355474 0.996895 -0.0702657 -14.1031 -0.606227 0.0343865 0.794548 214.511 
0.779123 0.0721194 0.622708 -126.682 -0.0335344 0.996733 -0.0734796 -14.2425 -0.625973 0.0363676 0.778996 215.813 
0.764437 0.0723696 0.640624 -125.673 -0.0314693 0.996684 -0.0750413 -14.3864 -0.64393 0.0372044 0.764179 217.05 
0.750035 0.0730567 0.657351 -124.604 -0.0300554 0.996619 -0.076469 -14.5435 -0.660715 0.0375974 0.749694 218.305 
0.735687 0.0733623 0.673336 -123.538 -0.0272219 0.996516 -0.078831 -14.695 -0.676774 0.0396655 0.735122 219.523 
0.721584 0.0746503 0.688291 -122.448 -0.02493 0.996327 -0.0819231 -14.8601 -0.691878 0.0419553 0.720794 220.714 
0.707361 0.0766486 0.702684 -121.332 -0.0224001 0.996035 -0.086098 -15.0202 -0.706497 0.0451623 0.706273 221.881 
0.693215 0.0783289 0.716462 -120.192 -0.0211914 0.995862 -0.0883712 -15.1966 -0.72042 0.0460774 0.692006 223.003 
0.678695 0.0791405 0.730144 -119.032 -0.0201315 0.995808 -0.0892229 -15.3552 -0.734144 0.0458563 0.677443 224.116 
0.662951 0.0804114 0.744332 -117.881 -0.0207606 0.995807 -0.0890878 -15.5206 -0.748375 0.0436081 0.661841 225.194 
0.646514 0.0815388 0.758532 -116.695 -0.0228188 0.995894 -0.0876051 -15.6829 -0.762561 0.0393292 0.64572 226.248 
0.629625 0.0825251 0.772504 -115.512 -0.0248372 0.995972 -0.0861543 -15.839 -0.776502 0.0350581 0.629139 227.267 
0.612654 0.0843198 0.78584 -114.317 -0.0273774 0.99596 -0.0855214 -15.9982 -0.789877 0.0308808 0.612488 228.247 
0.595408 0.0872092 0.798676 -113.115 -0.0281435 0.995745 -0.0877468 -16.1638 -0.80293 0.0297676 0.595329 229.197 
0.578164 0.0908228 0.81085 -111.898 -0.0305927 0.9955 -0.0896916 -16.3314 -0.815347 0.0270503 0.57834 230.103 
0.559902 0.0907721 0.823572 -110.662 -0.0302533 0.995558 -0.0891603 -16.494 -0.828006 0.0250053 0.560161 230.982 
0.539761 0.0899173 0.837002 -109.408 -0.0312286 0.995734 -0.0868308 -16.6599 -0.841239 0.0207295 0.540266 231.85 
0.519183 0.0882295 0.850097 -108.132 -0.031156 0.99595 -0.0843391 -16.8186 -0.854095 0.0173018 0.519829 232.689 
0.498731 0.0868597 0.862394 -106.814 -0.0315007 0.996125 -0.0821119 -16.9825 -0.866185 0.0137857 0.499534 233.481 
0.477859 0.0857908 0.874237 -105.557 -0.0308221 0.996244 -0.0809161 -17.135 -0.877896 0.0117206 0.478709 234.224 
0.457178 0.0852499 0.88528 -104.288 -0.029566 0.996302 -0.0806723 -17.2791 -0.888884 0.0107074 0.458007 234.93 
0.437198 0.0843848 0.895398 -102.976 -0.0270166 0.996372 -0.0807093 -17.4295 -0.89896 0.0110954 0.437891 235.606 
0.417114 0.0843185 0.904934 -101.65 -0.0244008 0.996367 -0.0815907 -17.5909 -0.908526 0.0119515 0.417657 236.241 
0.397194 0.0834778 0.91393 -100.354 -0.0205717 0.996414 -0.0820713 -17.7355 -0.917504 0.0137972 0.397487 236.827 
0.376702 0.0815861 0.922735 -99.0506 -0.0188278 0.996583 -0.0804291 -17.8821 -0.926143 0.0129248 0.376951 237.399 
0.35667 0.0813614 0.930681 -97.7394 -0.0179319 0.996613 -0.0802531 -18.0273 -0.934058 0.011935 0.356921 237.94 
0.337203 0.0860326 0.937493 -96.4531 -0.0183763 0.996227 -0.0848129 -18.172 -0.941253 0.0113715 0.337512 238.432 
0.318274 0.0953225 0.943194 -95.1598 -0.0196435 0.995381 -0.0939681 -18.3181 -0.947795 0.0113799 0.318676 238.9 
0.299089 0.103121 0.948637 -93.8462 -0.0218993 0.994624 -0.101215 -18.4778 -0.953974 0.00949776 0.299739 239.357 
0.279735 0.107268 0.954066 -92.5339 -0.0242642 0.994211 -0.104668 -18.6398 -0.959771 0.00612954 0.280719 239.786 
0.260248 0.108655 0.959409 -91.2402 -0.0269683 0.994078 -0.105266 -18.8079 -0.965165 0.00152177 0.261637 240.174 
0.240551 0.108928 0.964505 -89.9712 -0.0307871 0.994039 -0.104585 -18.9694 -0.970148 -0.00453622 0.242471 240.53 
0.22141 0.109325 0.969033 -88.6928 -0.0323955 0.993972 -0.104736 -19.1275 -0.974643 -0.0082026 0.223617 240.862 
0.202795 0.107767 0.973273 -87.4312 -0.0323692 0.99412 -0.10333 -19.286 -0.978686 -0.0105491 0.205091 241.155 
0.18418 0.107927 0.976949 -86.1914 -0.0324105 0.99408 -0.103709 -19.4347 -0.982358 -0.0125623 0.186587 241.428 
0.16608 0.108729 0.9801 -84.9658 -0.0316451 0.993979 -0.104906 -19.5813 -0.985604 -0.0135926 0.16852 241.665 
0.147073 0.112287 0.982732 -83.7317 -0.0352949 0.993499 -0.108235 -19.7352 -0.988496 -0.018767 0.15008 241.897 
0.128691 0.114107 0.985098 -82.4798 -0.0353468 0.993255 -0.110434 -19.8907 -0.991055 -0.0206083 0.131856 242.1 
0.111249 0.111259 0.987545 -81.2266 -0.0354327 0.993526 -0.107941 -20.0518 -0.993161 -0.022983 0.114471 242.296 
0.0955836 0.106758 0.98968 -80.001 -0.0330533 0.994024 -0.104034 -20.2052 -0.994873 -0.0227682 0.0985411 242.449 
0.0814442 0.102651 0.991378 -78.7983 -0.0326649 0.994423 -0.100282 -20.35 -0.996143 -0.0242158 0.084343 242.578 
0.0687679 0.0991585 0.992693 -77.6038 -0.0306139 0.994789 -0.0972471 -20.4952 -0.997163 -0.0237027 0.0714452 242.688 
0.0582696 0.0992182 0.993358 -76.4273 -0.0302107 0.994768 -0.0975869 -20.6354 -0.997844 -0.0243237 0.0609622 242.781 
0.0497761 0.101422 0.993598 -75.2664 -0.0305799 0.994519 -0.0999841 -20.7756 -0.998292 -0.0254073 0.0526047 242.864 
0.0427717 0.103216 0.993739 -74.1412 -0.0319901 0.994281 -0.101895 -20.9063 -0.998573 -0.0274316 0.0458289 242.946 
0.0366143 0.107065 0.993578 -73.026 -0.0323106 0.993851 -0.105904 -21.0524 -0.998807 -0.0282255 0.0398485 243.023 
0.0311569 0.115768 0.992788 -71.9143 -0.0316654 0.992886 -0.114786 -21.1939 -0.999013 -0.0278606 0.0346011 243.082 
0.0261179 0.11839 0.992624 -70.8118 -0.0334093 0.992511 -0.117498 -21.3346 -0.9991 -0.0300941 0.0298776 243.145 
0.0223404 0.110034 0.993677 -69.7094 -0.0321919 0.993489 -0.10929 -21.474 -0.999232 -0.0295467 0.0257371 243.195 
0.0198919 0.100108 0.994778 -68.6114 -0.0308868 0.994561 -0.0994687 -21.6113 -0.999325 -0.0287468 0.0228757 243.24 
0.0183548 0.0965152 0.995162 -67.5313 -0.0305765 0.994919 -0.0959276 -21.7358 -0.999364 -0.0286678 0.0212126 243.287 
0.0181988 0.0985932 0.994961 -66.4614 -0.0314994 0.994689 -0.09799 -21.8572 -0.999338 -0.0295574 0.0212078 243.334 
0.0186051 0.101716 0.99464 -65.3951 -0.0310629 0.99439 -0.10111 -21.9793 -0.999344 -0.0290153 0.0216604 243.374 
0.0203563 0.104193 0.994349 -64.3436 -0.0335818 0.994065 -0.103475 -22.1043 -0.999229 -0.0312857 0.0237345 243.42 
0.0222013 0.104959 0.994229 -63.3013 -0.035887 0.993917 -0.104124 -22.2275 -0.999109 -0.0333682 0.0258329 243.469 
0.0253055 0.106677 0.993972 -62.274 -0.0366912 0.993719 -0.105716 -22.349 -0.999006 -0.0337948 0.0290607 243.518 
0.0285875 0.107647 0.993778 -61.2532 -0.0390915 0.993544 -0.106497 -22.4735 -0.998827 -0.0358037 0.032611 243.58 
0.0331513 0.108718 0.99352 -60.2315 -0.0404326 0.993398 -0.107355 -22.5964 -0.998632 -0.0366116 0.0373282 243.644 
0.0392282 0.107695 0.99341 -59.2181 -0.0415897 0.99349 -0.106061 -22.7193 -0.998364 -0.037155 0.0434518 243.711 
0.0455169 0.106369 0.993284 -58.2043 -0.040208 0.993704 -0.104572 -22.8399 -0.998154 -0.0351782 0.0495072 243.785 
0.052774 0.105532 0.993015 -57.2065 -0.0384799 0.993877 -0.103578 -22.9613 -0.997865 -0.0327449 0.0565118 243.857 
0.060062 0.106451 0.992502 -56.2088 -0.0374999 0.993836 -0.104325 -23.0779 -0.99749 -0.0309528 0.0636837 243.939 
0.0667016 0.106423 0.992081 -55.219 -0.0380403 0.993844 -0.104055 -23.1929 -0.997048 -0.0307985 0.0703394 244.03 
0.0731656 0.105396 0.991735 -54.2356 -0.0391353 0.993938 -0.102743 -23.3074 -0.996552 -0.0312946 0.0768467 244.131 
0.0796974 0.103306 0.991452 -53.2477 -0.0399408 0.994148 -0.100376 -23.4218 -0.996019 -0.0315996 0.0833571 244.238 
0.0864376 0.101944 0.991028 -52.2637 -0.0400433 0.994303 -0.0987882 -23.5327 -0.995452 -0.031145 0.0900273 244.346 
0.0930906 0.102551 0.990362 -51.2862 -0.0404588 0.99425 -0.099151 -23.6454 -0.994835 -0.0308388 0.0967044 244.462 
0.0995954 0.104539 0.989521 -50.3178 -0.03988 0.994086 -0.101008 -23.7575 -0.994229 -0.0294022 0.103175 244.587 
0.105977 0.106065 0.988696 -49.3537 -0.039895 0.993948 -0.102352 -23.8657 -0.993568 -0.028597 0.109567 244.715 
0.112166 0.107967 0.987807 -48.3955 -0.0418814 0.99371 -0.103856 -23.9809 -0.992807 -0.0297216 0.115982 244.851 
0.118268 0.108715 0.987013 -47.4386 -0.0441642 0.993581 -0.104146 -24.0922 -0.991999 -0.0312734 0.12231 244.997 
0.124693 0.1083 0.986267 -46.4767 -0.0447973 0.993626 -0.103444 -24.2055 -0.991184 -0.0312834 0.128749 245.149 
0.130855 0.106038 0.985714 -45.5161 -0.0457802 0.993849 -0.100835 -24.3179 -0.990344 -0.0319314 0.134905 245.303 
0.136934 0.104542 0.985048 -44.5526 -0.0463733 0.994002 -0.0990454 -24.4283 -0.989494 -0.0321173 0.14096 245.464 
0.143376 0.103829 0.984207 -43.6077 -0.0462371 0.994098 -0.0981364 -24.538 -0.988588 -0.0314365 0.14733 245.625 
0.150099 0.105057 0.983074 -42.6706 -0.0462974 0.993994 -0.099155 -24.6454 -0.987586 -0.0306307 0.154061 245.796 
0.157425 0.105162 0.981916 -41.731 -0.0440745 0.994071 -0.0993977 -24.753 -0.986547 -0.0276298 0.161127 245.963 
0.166121 0.10681 0.980304 -40.79 -0.0428258 0.99396 -0.101041 -24.8613 -0.985175 -0.0251973 0.169692 246.144 
