1 2.12261e-08 -2.11895e-08 0 2.12261e-08 1 2.10703e-08 0 -2.11895e-08 2.10703e-08 1 0 
0.999872 0.0017621 0.0159175 0.0079471 -0.0017474 0.999998 -0.000934907 -0.00198326 -0.0159192 0.000907014 0.999873 0.126246 
0.999293 0.00508248 0.037249 0.020782 -0.00506654 0.999987 -0.000521174 -0.00553127 -0.0372512 0.000332123 0.999306 0.274226 
0.997901 0.00675939 0.0644081 0.0517704 -0.00682346 0.999976 0.000775495 -0.00523055 -0.0644014 -0.00121331 0.997923 0.427489 
0.99511 0.00649721 0.0985614 0.094448 -0.00683404 0.999972 0.00308067 -0.00869855 -0.0985386 -0.00373914 0.995126 0.5919 
0.990611 0.00337273 0.136669 0.157719 -0.00409036 0.999979 0.00497073 -0.00746067 -0.13665 -0.00548305 0.990604 0.768101 
0.984354 0.000400231 0.1762 0.233356 -0.00135757 0.999985 0.00531301 -0.00461351 -0.176196 -0.00546906 0.98434 0.949712 
0.975539 0.000415491 0.219825 0.29156 -0.00190006 0.999977 0.00654225 -0.0052521 -0.219818 -0.00679986 0.975517 1.09388 
0.963448 0.000646485 0.267896 0.391429 -0.00322099 0.999953 0.0091709 -0.000147345 -0.267877 -0.00969854 0.963404 1.29224 
0.94901 -0.00349648 0.315227 0.518643 -0.00181541 0.999861 0.016556 -0.0111693 -0.315241 -0.016284 0.948872 1.49433 
0.931987 -0.0130003 0.36226 0.64229 0.00438533 0.999688 0.0245935 -0.0213616 -0.362466 -0.0213321 0.931753 1.68108 
0.910534 -0.0184272 0.413024 0.781222 0.00704971 0.999553 0.029054 -0.0246446 -0.413375 -0.0235429 0.910257 1.87295 
0.885061 -0.0193779 0.465072 0.927203 0.00470002 0.999454 0.0326995 -0.0154845 -0.465451 -0.0267552 0.884669 2.06901 
0.856569 -0.02141 0.515588 1.0937 0.00261479 0.999306 0.0371527 -0.00971768 -0.516026 -0.0304756 0.856031 2.26881 
0.823964 -0.0261338 0.566039 1.2792 0.00339563 0.999146 0.0411873 -0.00410447 -0.566632 -0.0320147 0.823349 2.46606 
0.78745 -0.0316731 0.615564 1.47011 0.00533275 0.998992 0.0445801 -0.00661357 -0.616355 -0.031822 0.786825 2.6605 
0.748944 -0.035697 0.661671 1.67887 0.00592962 0.998869 0.0471771 -0.0016905 -0.662606 -0.0314095 0.748309 2.84451 
0.708309 -0.0384251 0.704856 1.91054 0.00657648 0.998833 0.0478425 0.0158877 -0.705872 -0.0292518 0.707735 3.03978 
0.665571 -0.0402354 0.74525 2.17541 0.00550687 0.998783 0.0490055 0.0258669 -0.746315 -0.0285126 0.664982 3.24814 
0.621951 -0.0403627 0.782016 2.46678 0.000487535 0.99869 0.0511585 0.0345492 -0.783056 -0.0314368 0.621156 3.46676 
0.57931 -0.0410268 0.814074 2.79229 -0.00255484 0.998636 0.0521463 0.0481761 -0.815103 -0.0322887 0.578416 3.68241 
0.53851 -0.04235 0.841554 3.14084 -0.00421528 0.998588 0.0529499 0.0636737 -0.842608 -0.0320614 0.537572 3.88469 
0.499357 -0.0444394 0.865256 3.51841 -0.00582933 0.998489 0.0546465 0.0815317 -0.866377 -0.032332 0.498343 4.08436 
0.461544 -0.0441411 0.886018 3.93153 -0.00901335 0.998476 0.0544389 0.0961389 -0.887072 -0.033112 0.460443 4.28179 
0.42462 -0.0434134 0.90433 4.36587 -0.00998637 0.998564 0.0526263 0.114463 -0.905317 -0.0313771 0.423577 4.4755 
0.390567 -0.0419218 0.91962 4.8459 -0.00873886 0.998749 0.0492405 0.139105 -0.920533 -0.0272681 0.389712 4.66352 
0.360613 -0.0400372 0.931856 5.35132 -0.00648212 0.998947 0.0454283 0.163169 -0.932693 -0.0224224 0.359973 4.84445 
0.334877 -0.0382382 0.941486 5.88848 -0.00529157 0.999084 0.0424598 0.184484 -0.942247 -0.0192007 0.334368 5.031 
0.314339 -0.037564 0.948567 6.45238 -0.00414472 0.999153 0.0409408 0.210091 -0.949302 -0.0168008 0.313917 5.22022 
0.299516 -0.0381221 0.953329 7.05519 -0.00296671 0.999159 0.0408869 0.234196 -0.954087 -0.0150745 0.299151 5.41106 
0.287897 -0.0395357 0.956845 7.67913 -0.00210945 0.999119 0.0419171 0.258342 -0.957659 -0.0140862 0.28756 5.60479 
0.276972 -0.0413632 0.959987 8.32548 -0.00322255 0.999027 0.0439751 0.281943 -0.960873 -0.0152735 0.27657 5.79685 
0.266281 -0.0431151 0.962931 8.99568 -0.00481954 0.998927 0.0460597 0.306156 -0.963884 -0.0169057 0.265787 5.99169 
0.255892 -0.0448356 0.965665 9.69965 -0.0056032 0.998838 0.0478607 0.336853 -0.966689 -0.017658 0.255343 6.19524 
0.245855 -0.0465856 0.968186 10.4262 -0.00646525 0.998743 0.0496977 0.369287 -0.969285 -0.018478 0.245245 6.38451 
0.235376 -0.0481746 0.97071 11.1679 -0.00654149 0.99867 0.0511484 0.397827 -0.971882 -0.018389 0.234748 6.57469 
0.224783 -0.049373 0.973157 11.9358 -0.00657909 0.998616 0.0521843 0.433506 -0.974387 -0.0181326 0.224147 6.76607 
0.214236 -0.0521273 0.97539 12.7162 -0.00774177 0.998453 0.0550603 0.469323 -0.976751 -0.0193472 0.213501 6.94957 
0.202791 -0.0556859 0.977637 13.5077 -0.00950412 0.998223 0.0588299 0.504971 -0.979176 -0.0212218 0.201902 7.12951 
0.190521 -0.0595989 0.979872 14.3015 -0.0101351 0.997983 0.0626711 0.542644 -0.981631 -0.0218712 0.189532 7.29498 
0.177527 -0.0617813 0.982175 15.1015 -0.0110112 0.99784 0.064757 0.579232 -0.984054 -0.022311 0.176464 7.44812 
0.163501 -0.0625041 0.984561 15.9114 -0.0114453 0.997804 0.0652455 0.614443 -0.986477 -0.0219363 0.162426 7.59063 
0.148899 -0.0613834 0.986945 16.7225 -0.0128971 0.997866 0.0640084 0.653403 -0.988768 -0.0222595 0.147789 7.72425 
0.132249 -0.0602643 0.989383 17.539 -0.0135818 0.997946 0.0626014 0.69095 -0.991123 -0.0217165 0.131159 7.8419 
0.111578 -0.0586108 0.992026 18.3615 -0.0161407 0.998021 0.0607805 0.728292 -0.993625 -0.0227937 0.110412 7.94799 
0.0858253 -0.0571622 0.994669 19.1949 -0.020572 0.998038 0.0591309 0.764712 -0.996098 -0.0255373 0.084481 8.03252 
0.055036 -0.0565905 0.996879 20.029 -0.0246891 0.99801 0.0580178 0.798861 -0.998179 -0.0278052 0.0535293 8.09353 
0.0219522 -0.0561273 0.998182 20.8663 -0.0275712 0.998009 0.056724 0.835644 -0.999379 -0.0287663 0.020361 8.11467 
-0.0127342 -0.0554945 0.998378 21.7022 -0.0293217 0.99805 0.0551023 0.866561 -0.999489 -0.0285725 -0.0143366 8.11412 
-0.0467932 -0.0541259 0.997437 22.5472 -0.0298311 0.998161 0.0527657 0.894754 -0.998459 -0.0272856 -0.0483218 8.0793 
-0.0798237 -0.0521814 0.995442 23.3923 -0.0318962 0.998251 0.049771 0.921943 -0.996299 -0.0277779 -0.0813485 8.01764 
-0.11224 -0.049331 0.992456 24.2325 -0.0343484 0.998363 0.0457401 0.944968 -0.993087 -0.0289554 -0.11375 7.93028 
-0.144767 -0.0448689 0.988448 25.0679 -0.0316774 0.998669 0.0406934 0.965204 -0.988959 -0.0254204 -0.145996 7.81072 
-0.176235 -0.0390446 0.983574 25.8947 -0.0270041 0.999029 0.0348196 0.985059 -0.983978 -0.0204241 -0.177118 7.65838 
-0.206515 -0.0325598 0.977902 26.711 -0.0202265 0.999375 0.0290033 0.994305 -0.978234 -0.0137899 -0.207045 7.47813 
-0.235222 -0.0269894 0.971567 27.5182 -0.014619 0.9996 0.0242288 1.00104 -0.971832 -0.00850414 -0.235522 7.27505 
-0.262837 -0.0207454 0.964617 28.328 -0.00551193 0.999785 0.0199998 1.00132 -0.964825 -6.02073e-05 -0.262895 7.04418 
-0.288987 -0.0104 0.957277 29.1263 0.000530739 0.999939 0.0110237 0.992521 -0.957333 0.00369377 -0.288964 6.7989 
-0.314251 0.00501097 0.949327 29.9031 0.00494088 0.999981 -0.00364275 0.976296 -0.949327 0.00354576 -0.31427 6.53892 
-0.338819 0.0225105 0.940582 30.6605 0.00676838 0.999746 -0.0214882 0.948512 -0.940827 -0.000914401 -0.338885 6.27639 
-0.363915 0.0374654 0.930679 31.4011 0.00786587 0.999279 -0.0371512 0.910587 -0.931399 -0.00619928 -0.363947 6.0037 
-0.388006 0.0480138 0.920405 32.1647 0.0119333 0.99882 -0.0470738 0.868887 -0.92158 -0.00728139 -0.388121 5.67852 
-0.411076 0.0520628 0.910113 32.9134 0.0155985 0.998623 -0.0500805 0.811001 -0.911468 -0.0063905 -0.411322 5.33892 
-0.433559 0.0518038 0.899635 33.6539 0.0192456 0.998651 -0.0482304 0.759241 -0.90092 -0.00359668 -0.433971 4.98549 
-0.453558 0.0476954 0.88995 34.3815 0.0226678 0.998861 -0.0419798 0.709061 -0.890938 0.00113293 -0.454123 4.61942 
-0.471143 0.0464471 0.880833 35.0966 0.0303938 0.998875 -0.0364143 0.660105 -0.881533 0.00961546 -0.472025 4.23097 
-0.484944 0.0469292 0.873285 35.7945 0.0326266 0.998835 -0.0355581 0.613007 -0.873936 0.0112486 -0.48591 3.85472 
-0.495896 0.0509871 0.866884 36.4922 0.0364189 0.998618 -0.0379019 0.568766 -0.867618 0.0127755 -0.497068 3.45932 
-0.50583 0.0534199 0.860978 37.1892 0.0369181 0.998507 -0.0402633 0.523578 -0.861843 0.0114193 -0.507046 3.06225 
-0.516673 0.0527673 0.854556 37.8618 0.0313952 0.998595 -0.0426797 0.471211 -0.855607 0.00477753 -0.517603 2.68445 
-0.527814 0.0511568 0.847818 38.5416 0.0307135 0.998681 -0.0411389 0.418953 -0.848805 0.00432579 -0.528689 2.28066 
-0.536385 0.052474 0.842341 39.2161 0.0326967 0.998608 -0.0413882 0.37199 -0.84334 0.00534177 -0.537354 1.85828 
-0.543742 0.0554695 0.837418 39.9026 0.0354245 0.998441 -0.0431341 0.329758 -0.838505 0.00621126 -0.544859 1.42405 
-0.547256 0.0582377 0.834937 40.5884 0.0364429 0.998288 -0.0457452 0.284813 -0.836171 0.00539316 -0.548442 0.99005 
-0.547066 0.0604472 0.834904 41.2969 0.0360865 0.998165 -0.0486218 0.243153 -0.836311 0.00352941 -0.548244 0.53974 
-0.543841 0.0607111 0.836989 42.026 0.0381226 0.998137 -0.0476294 0.19482 -0.838322 0.00600535 -0.545143 0.0830052 
-0.537946 0.0596312 0.840867 42.7757 0.0361715 0.998209 -0.0476485 0.145926 -0.842203 0.00478312 -0.53914 -0.377907 
-0.531101 0.0582783 0.845302 43.5425 0.033743 0.998295 -0.0476255 0.097755 -0.846637 0.00322905 -0.532162 -0.839271 
-0.523995 0.0577661 0.84976 44.321 0.0319787 0.998328 -0.0481463 0.0459001 -0.851121 0.00194583 -0.524966 -1.29875 
-0.517683 0.0562866 0.853719 45.1192 0.0290345 0.998415 -0.0482204 -0.0091898 -0.855079 -0.000175629 -0.518497 -1.76085 
-0.513504 0.0538256 0.856397 45.9287 0.0245423 0.998544 -0.0480439 -0.0647462 -0.857736 -0.0036528 -0.514077 -2.21521 
-0.512393 0.0511541 0.857226 46.7621 0.0204303 0.998668 -0.0473826 -0.122948 -0.858508 -0.00676516 -0.512756 -2.68235 
-0.513108 0.0484737 0.856954 47.6064 0.0170791 0.998783 -0.04627 -0.178967 -0.858154 -0.00910552 -0.513312 -3.15089 
-0.514242 0.0474105 0.856334 48.4577 0.0159053 0.998826 -0.0457481 -0.234384 -0.857498 -0.00990538 -0.514392 -3.63467 
-0.515174 0.0466504 0.855815 49.3134 0.0155566 0.998862 -0.0450833 -0.287721 -0.856944 -0.00991216 -0.515314 -4.11048 
-0.515808 0.0461744 0.855459 50.1843 0.0154153 0.998885 -0.0446212 -0.343635 -0.856566 -0.0098288 -0.515944 -4.60376 
-0.516776 0.0450537 0.854935 51.0603 0.015378 0.998942 -0.0433471 -0.404364 -0.855983 -0.00925351 -0.516922 -5.06881 
-0.517058 0.0447118 0.854782 51.9483 0.0148559 0.998953 -0.0432667 -0.463374 -0.855822 -0.00967287 -0.517181 -5.5829 
-0.517641 0.043269 0.854503 52.8678 0.0128486 0.999001 -0.0428024 -0.516036 -0.855502 -0.0111771 -0.51768 -6.10465 
-0.517656 0.0424703 0.854534 53.7592 0.01216 0.999032 -0.0422856 -0.575946 -0.855503 -0.0114983 -0.517671 -6.62408 
-0.517175 0.0416568 0.854866 54.639 0.0107868 0.999053 -0.0421571 -0.638317 -0.855812 -0.0125813 -0.517134 -7.13164 
-0.516131 0.0399569 0.855577 55.5235 0.010272 0.999128 -0.0404643 -0.70196 -0.856448 -0.0120964 -0.516091 -7.63676 
-0.513839 0.0378215 0.857053 56.4128 0.0103868 0.999229 -0.0378683 -0.763471 -0.857824 -0.0105562 -0.513835 -8.16288 
-0.511955 0.0363946 0.858241 57.2951 0.010697 0.999295 -0.0359952 -0.823558 -0.858946 -0.00924733 -0.511983 -8.65633 
-0.5099 0.0360678 0.859477 58.1939 0.0104456 0.999307 -0.0357386 -0.877802 -0.86017 -0.0092454 -0.509924 -9.16005 
-0.508558 0.0362602 0.860264 59.0761 0.0104738 0.9993 -0.0359288 -0.933257 -0.860964 -0.0092617 -0.508582 -9.6433 
-0.507771 0.0368396 0.860704 59.9747 0.0104737 0.999275 -0.0365917 -0.987376 -0.861429 -0.00956543 -0.507789 -10.1498 
-0.509225 0.0382835 0.859782 60.8647 0.00970885 0.999202 -0.0387412 -1.04183 -0.860579 -0.0113805 -0.50919 -10.6328 
-0.512768 0.0398694 0.857601 61.7654 0.00818157 0.999103 -0.0415559 -1.10648 -0.858488 -0.014292 -0.512634 -11.1185 
-0.517303 0.0403221 0.854852 62.6424 0.00689291 0.999053 -0.0429527 -1.167 -0.855774 -0.0163272 -0.517092 -11.6251 
-0.522931 0.0389304 0.851486 63.5181 0.00769131 0.999131 -0.0409573 -1.2233 -0.852341 -0.0148688 -0.522776 -12.1359 
-0.528598 0.0366796 0.848079 64.3751 0.00905282 0.999253 -0.0375753 -1.2827 -0.848824 -0.0121848 -0.528535 -12.648 
-0.533988 0.0342716 0.844797 65.2391 0.00635148 0.999313 -0.0365252 -1.33864 -0.845468 -0.0141383 -0.533838 -13.1668 
-0.538934 0.037594 0.841509 66.0882 0.00829482 0.999192 -0.0393261 -1.39354 -0.842307 -0.014214 -0.538811 -13.6938 
-0.543976 0.039122 0.838189 66.9261 0.00867156 0.999121 -0.0410057 -1.45037 -0.839056 -0.0150377 -0.543837 -14.2187 
-0.548466 0.0401584 0.835208 67.7546 0.00762269 0.999045 -0.0430303 -1.50784 -0.836138 -0.0172341 -0.548248 -14.7398 
-0.552294 0.0402761 0.832676 68.5791 0.00625503 0.999004 -0.0441725 -1.56612 -0.833626 -0.0191878 -0.551996 -15.2646 
-0.555442 0.0395235 0.830616 69.397 0.00701714 0.999057 -0.042846 -1.62363 -0.831526 -0.0179699 -0.555195 -15.7955 
-0.557853 0.0328602 0.829289 70.2245 0.00768288 0.999378 -0.0344317 -1.67506 -0.829904 -0.0128365 -0.557758 -16.3342 
-0.56006 0.0241208 0.828101 71.0422 0.00713979 0.99968 -0.0242898 -1.72766 -0.828421 -0.00769128 -0.560053 -16.8679 
-0.561466 0.0230098 0.82718 71.8506 0.00884453 0.999723 -0.0218061 -1.77582 -0.827453 -0.00492734 -0.561514 -17.3977 
-0.562742 0.0273296 0.826181 72.6472 0.00853455 0.999592 -0.0272528 -1.81655 -0.826589 -0.0082852 -0.562745 -17.9179 
-0.563903 0.0337945 0.825149 73.4426 0.0102818 0.999372 -0.0339033 -1.85935 -0.825777 -0.0106342 -0.563897 -18.4467 
-0.564248 0.0376317 0.824747 74.234 0.0157682 0.99927 -0.0348071 -1.90576 -0.825455 -0.00663502 -0.564429 -18.9782 
-0.563935 0.039027 0.824896 75.0304 0.0192227 0.999232 -0.0341336 -1.95625 -0.825595 -0.0033924 -0.564253 -19.5215 
-0.563649 0.0356381 0.825246 75.8247 0.0175456 0.99936 -0.0311734 -1.99933 -0.825828 -0.0030914 -0.563913 -20.0444 
-0.562958 0.0309323 0.825906 76.6162 0.016416 0.999521 -0.0262451 -2.04189 -0.826322 -0.00121681 -0.563196 -20.5651 
-0.5623 0.0241775 0.82658 77.4117 0.012875 0.999707 -0.0204829 -2.08303 -0.826833 -0.000875312 -0.562447 -21.0821 
-0.561912 0.0183946 0.826993 78.2094 0.0042065 0.999803 -0.0193802 -2.1209 -0.827187 -0.00741122 -0.561878 -21.587 
-0.560515 0.0130846 0.828041 79.005 -0.00341554 0.99983 -0.0181112 -2.15209 -0.828137 -0.0129798 -0.560375 -22.0846 
-0.55819 0.0140552 0.829594 79.7929 0.000331973 0.99986 -0.0167165 -2.1888 -0.829713 -0.0090556 -0.558117 -22.6047 
-0.555235 0.0172443 0.831515 80.581 0.00416114 0.99983 -0.0179563 -2.22468 -0.831683 -0.0065099 -0.555212 -23.1178 
-0.549922 0.0205972 0.834962 81.3687 0.00621455 0.999769 -0.0205697 -2.25454 -0.835193 -0.00612282 -0.549923 -23.6208 
-0.542085 0.0230162 0.840009 82.1609 0.0111074 0.999734 -0.0202247 -2.28732 -0.84025 -0.00163321 -0.542196 -24.1245 
-0.53405 0.0264581 0.845039 82.9579 0.0188025 0.999635 -0.0194156 -2.32754 -0.845244 0.00551997 -0.534353 -24.6198 
-0.524339 0.0254938 0.851128 83.7593 0.0159703 0.99967 -0.0201045 -2.35774 -0.85136 0.00305121 -0.524573 -25.0945 
-0.513376 0.0232934 0.857847 84.5681 0.0139573 0.999726 -0.0187932 -2.39005 -0.85805 0.00232523 -0.513561 -25.5575 
-0.501952 0.0199965 0.864665 85.3824 0.0143323 0.999788 -0.0148013 -2.42556 -0.864777 0.00496305 -0.502132 -26.0096 
-0.491003 0.0192649 0.870945 86.2002 0.0139575 0.999801 -0.0142465 -2.45912 -0.871046 0.00516113 -0.491174 -26.4517 
-0.479432 0.01863 0.877381 87.0167 0.0145251 0.999806 -0.0132924 -2.48504 -0.877459 0.00637122 -0.47961 -26.8743 
-0.467427 0.0197463 0.883811 87.8435 0.0161041 0.999775 -0.01382 -2.51735 -0.883885 0.00777316 -0.46764 -27.2942 
-0.455699 0.0233502 0.889828 88.6704 0.0157077 0.999711 -0.0181894 -2.55666 -0.889996 0.0056883 -0.455934 -27.6975 
-0.444359 0.0326803 0.895253 89.4942 0.0184284 0.999456 -0.0273371 -2.58824 -0.895659 0.0043506 -0.444719 -28.0898 
-0.431708 0.0373159 0.901241 90.327 0.0177576 0.999302 -0.0328699 -2.62276 -0.901839 0.00181367 -0.432069 -28.4721 
-0.420479 0.0338248 0.906671 91.1721 0.0162703 0.999425 -0.0297396 -2.66809 -0.907156 0.00224691 -0.420788 -28.841 
-0.409018 0.0301392 0.912029 92.0153 0.0148432 0.999542 -0.0263744 -2.71167 -0.912406 0.00274979 -0.409278 -29.1995 
-0.399293 0.0311398 0.916294 92.8519 0.012519 0.999515 -0.0285125 -2.75675 -0.916738 8.61927e-05 -0.399489 -29.5415 
-0.392665 0.0353685 0.919001 93.691 0.00784608 0.999353 -0.0351084 -2.80513 -0.919648 -0.00657528 -0.392688 -29.8736 
-0.387896 0.0402166 0.920825 94.5275 0.00219123 0.999085 -0.0427114 -2.85161 -0.921701 -0.0145498 -0.387629 -30.1986 
-0.384657 0.0420205 0.922103 95.3678 -0.00104796 0.998943 -0.0459592 -2.90316 -0.923059 -0.0186449 -0.384206 -30.5222 
-0.38113 0.0416374 0.923584 96.2051 -0.00255365 0.998934 -0.0460882 -2.96059 -0.924518 -0.0199241 -0.380617 -30.8468 
-0.376299 0.041765 0.925556 97.0392 -0.00354364 0.998911 -0.0465158 -3.01506 -0.926491 -0.0207837 -0.375742 -31.1636 
-0.370561 0.037548 0.928049 97.8836 -0.00667539 0.999049 -0.043086 -3.06716 -0.928784 -0.0221611 -0.369958 -31.4815 
-0.365458 0.0337411 0.930216 98.7318 -0.00720485 0.99921 -0.0390742 -3.12275 -0.9308 -0.0209821 -0.364927 -31.7939 
-0.359631 0.0307827 0.932587 99.5736 -0.00876081 0.9993 -0.0363631 -3.1755 -0.933054 -0.0212475 -0.359109 -32.0987 
-0.353953 0.0290622 0.934812 100.428 -0.0169347 0.999154 -0.0374745 -3.22363 -0.93511 -0.029095 -0.353162 -32.3915 
-0.348138 0.0292872 0.936986 101.275 -0.0243472 0.998892 -0.0402684 -3.26953 -0.937127 -0.0368319 -0.347039 -32.6712 
-0.341505 0.0334306 0.939285 102.115 -0.0226522 0.998784 -0.0437841 -3.32189 -0.939607 -0.0362293 -0.340332 -32.9586 
-0.33453 0.0367141 0.94167 102.958 -0.020998 0.998702 -0.0463972 -3.37452 -0.942151 -0.0352944 -0.333325 -33.2411 
-0.328337 0.03471 0.943923 103.813 -0.0226031 0.99875 -0.0445883 -3.42658 -0.94429 -0.0359756 -0.327142 -33.516 
-0.321234 0.0299255 0.946527 104.673 -0.0229632 0.998961 -0.0393765 -3.48121 -0.946722 -0.0343843 -0.320213 -33.7888 
-0.314261 0.0273025 0.948944 105.533 -0.0243094 0.999027 -0.036794 -3.53178 -0.949025 -0.0346312 -0.313292 -34.0549 
-0.308167 0.0303141 0.950849 106.388 -0.0270008 0.998811 -0.040594 -3.58331 -0.950949 -0.0381835 -0.306982 -34.307 
-0.302009 0.0329022 0.952737 107.241 -0.0265311 0.998727 -0.0429006 -3.63192 -0.952936 -0.0382336 -0.300752 -34.555 
-0.295411 0.0334417 0.954785 108.098 -0.0289206 0.998616 -0.043925 -3.68257 -0.954932 -0.0405889 -0.294035 -34.7965 
-0.288503 0.0330025 0.95691 108.951 -0.0289386 0.998649 -0.0431668 -3.73592 -0.957042 -0.0401454 -0.287158 -35.0373 
-0.280193 0.0328358 0.959382 109.806 -0.0250145 0.998826 -0.0414914 -3.78711 -0.959618 -0.035624 -0.279043 -35.2758 
-0.272738 0.0336771 0.961499 110.678 -0.0229247 0.998876 -0.0414891 -3.8415 -0.961815 -0.0333577 -0.27166 -35.5055 
-0.266365 0.0340142 0.963272 111.539 -0.0226156 0.998882 -0.0415253 -3.89357 -0.963607 -0.0328458 -0.265297 -35.7257 
-0.259447 0.0328957 0.965197 112.397 -0.0282759 0.998733 -0.0416392 -3.94356 -0.965343 -0.038095 -0.258188 -35.9336 
-0.253763 0.0310054 0.966769 113.272 -0.0323089 0.998657 -0.0405086 -3.99553 -0.966727 -0.0415149 -0.252421 -36.131 
-0.249122 0.030958 0.967977 114.143 -0.0295263 0.998782 -0.0395421 -4.04886 -0.968022 -0.0384316 -0.247905 -36.3395 
-0.244518 0.0313532 0.969138 115.018 -0.0276524 0.998845 -0.039291 -4.09957 -0.96925 -0.0364063 -0.243368 -36.5433 
-0.239964 0.0327064 0.970231 115.888 -0.0269493 0.998823 -0.0403355 -4.14724 -0.970408 -0.0358261 -0.2388 -36.7401 
-0.233884 0.031867 0.971742 116.761 -0.0205924 0.999076 -0.0377197 -4.19485 -0.972046 -0.0288325 -0.233012 -36.9403 
-0.228558 0.0309406 0.973038 117.637 -0.0135722 0.999296 -0.0349635 -4.23862 -0.973436 -0.0211975 -0.227978 -37.1409 
-0.223605 0.0299555 0.974219 118.513 -0.0117322 0.999373 -0.0334217 -4.28799 -0.974609 -0.018903 -0.223114 -37.3287 
-0.219452 0.031583 0.975112 119.388 -0.0136648 0.999278 -0.035441 -4.33295 -0.975528 -0.0211024 -0.218862 -37.5075 
-0.215954 0.0334182 0.975832 120.261 -0.0154013 0.999173 -0.0376258 -4.37769 -0.976282 -0.0231545 -0.215261 -37.6803 
-0.214355 0.0328527 0.976203 121.138 -0.0178111 0.999137 -0.0375354 -4.42492 -0.976593 -0.0254332 -0.213585 -37.8502 
-0.213594 0.0317439 0.976407 122.012 -0.0186221 0.999158 -0.0365572 -4.46811 -0.976745 -0.0259912 -0.212823 -38.0171 
-0.212644 0.0274067 0.976745 122.885 -0.0169138 0.999354 -0.0317233 -4.51123 -0.976983 -0.0232663 -0.212043 -38.1904 
-0.211504 0.0222709 0.977123 123.761 -0.0178164 0.999486 -0.026637 -4.5549 -0.977215 -0.0230427 -0.210999 -38.3633 
-0.210751 0.0203324 0.977328 124.625 -0.0172338 0.999551 -0.024511 -4.59614 -0.977388 -0.0220088 -0.210306 -38.5328 
-0.209609 0.0252148 0.97746 125.473 -0.0163083 0.999438 -0.0292789 -4.64052 -0.977649 -0.0220778 -0.20908 -38.6957 
-0.209555 0.0290019 0.977367 126.324 -0.0163252 0.999317 -0.0331535 -4.67885 -0.977661 -0.0229032 -0.208938 -38.8602 
-0.209596 0.0281156 0.977384 127.188 -0.0198141 0.999259 -0.0329938 -4.71925 -0.977587 -0.0262813 -0.208884 -39.0261 
-0.208838 0.0271389 0.977574 128.038 -0.0214225 0.999248 -0.032317 -4.76649 -0.977716 -0.0276911 -0.2081 -39.1914 
-0.208201 0.0282205 0.977679 128.885 -0.0168736 0.999331 -0.0324387 -4.80723 -0.977941 -0.0232508 -0.207585 -39.3612 
-0.207177 0.0309695 0.977813 129.725 -0.0185926 0.999194 -0.035586 -4.84669 -0.978127 -0.0255528 -0.206435 -39.5258 
-0.207713 0.031818 0.977672 130.564 -0.0275714 0.998883 -0.038366 -4.8904 -0.977801 -0.0349249 -0.206604 -39.6742 
-0.207155 0.0330182 0.977751 131.41 -0.0338215 0.998591 -0.0408877 -4.93745 -0.977723 -0.0415391 -0.205746 -39.8304 
-0.206988 0.0366509 0.977657 132.234 -0.0310031 0.99855 -0.0439981 -4.98584 -0.977852 -0.0394175 -0.205552 -39.9883 
-0.206224 0.0377184 0.977778 133.056 -0.0289122 0.998586 -0.044619 -5.03903 -0.978078 -0.0374712 -0.204842 -40.147 
-0.204298 0.0390032 0.978132 133.88 -0.0287705 0.998535 -0.0458259 -5.09146 -0.978486 -0.0375034 -0.202876 -40.3053 
-0.202086 0.0386131 0.978606 134.698 -0.0193994 0.998869 -0.0434186 -5.14162 -0.979176 -0.0277586 -0.201108 -40.4701 
-0.198866 0.0354804 0.979384 135.51 -0.0143795 0.999131 -0.0391155 -5.19235 -0.979921 -0.0218618 -0.198183 -40.6284 
-0.19683 0.0309368 0.979949 136.323 -0.0100758 0.999385 -0.0335741 -5.24079 -0.980386 -0.0164822 -0.196397 -40.7829 
-0.193139 0.0304753 0.980698 137.128 -0.00850891 0.999428 -0.032733 -5.28526 -0.981135 -0.0146667 -0.192769 -40.9265 
-0.188185 0.0353405 0.981498 137.919 -0.00739336 0.999273 -0.0373981 -5.33556 -0.982106 -0.0142943 -0.187787 -41.0639 
-0.181591 0.0387689 0.98261 138.715 -0.00604081 0.99916 -0.0405382 -5.37707 -0.983356 -0.0132971 -0.181204 -41.1966 
-0.173494 0.0394077 0.984046 139.517 -0.00595435 0.999139 -0.0410618 -5.418 -0.984817 -0.0129833 -0.17311 -41.3213 
-0.163814 0.0349266 0.985873 140.311 -0.00417016 0.99934 -0.0360966 -5.46493 -0.986482 -0.0100244 -0.16356 -41.4403 
-0.151898 0.0337155 0.987821 141.101 -0.000180673 0.999417 -0.0341391 -5.51017 -0.988396 -0.00536415 -0.151804 -41.5498 
-0.138308 0.0364983 0.989717 141.886 0.00443843 0.999334 -0.0362327 -5.55118 -0.990379 -0.000618469 -0.138377 -41.6487 
-0.124261 0.0377335 0.991532 142.665 0.00378714 0.999287 -0.037554 -5.59146 -0.992242 -0.00091142 -0.124315 -41.7283 
-0.110397 0.0378201 0.993168 143.452 0.00488293 0.999284 -0.0375102 -5.63296 -0.993876 0.000708537 -0.110503 -41.801 
-0.0968549 0.0396493 0.994509 144.237 0.00533324 0.999213 -0.0393174 -5.67696 -0.995284 0.00149587 -0.0969901 -41.8635 
-0.0833339 0.0459664 0.995461 145.014 0.00243514 0.998942 -0.0459233 -5.72813 -0.996519 -0.00140288 -0.0833576 -41.9065 
-0.0705902 0.0550143 0.995987 145.776 -0.00398756 0.998454 -0.0554332 -5.78039 -0.997497 -0.00788459 -0.0702617 -41.9344 
-0.0570074 0.0628743 0.996392 146.532 -0.00847026 0.997949 -0.0634571 -5.83146 -0.998338 -0.0120572 -0.0563579 -41.9514 
-0.0439606 0.0635913 0.997007 147.297 -0.00899373 0.997907 -0.0640451 -5.88538 -0.998993 -0.0117823 -0.0432966 -41.9668 
-0.0320253 0.0596005 0.997708 148.069 -0.0125473 0.998118 -0.0600277 -5.94638 -0.999408 -0.0144409 -0.0312172 -41.9718 
-0.0213133 0.0571807 0.998136 148.835 -0.0163974 0.998209 -0.057535 -6.00815 -0.999638 -0.0175931 -0.0203375 -41.9648 
-0.012224 0.0635588 0.997903 149.59 -0.0201886 0.997759 -0.0637969 -6.07066 -0.999722 -0.0209261 -0.0109134 -41.9526 
-0.00589735 0.0715534 0.997419 150.338 -0.0236792 0.997147 -0.0716738 -6.12787 -0.999702 -0.0240408 -0.0041862 -41.9357 
-0.00286849 0.0741933 0.99724 151.09 -0.0266137 0.996885 -0.0742434 -6.18673 -0.999642 -0.0267533 -0.000884996 -41.9186 
-0.00278334 0.0698233 0.997556 151.843 -0.0288285 0.997139 -0.0698745 -6.24904 -0.999581 -0.0289525 -0.000762482 -41.9039 
-0.00456393 0.0651273 0.997867 152.596 -0.0305091 0.997403 -0.0652366 -6.31984 -0.999524 -0.0307418 -0.0025651 -41.8897 
-0.00733788 0.0620998 0.998043 153.346 -0.0289969 0.997637 -0.0622876 -6.37741 -0.999553 -0.0293972 -0.00551985 -41.8837 
-0.0100096 0.0622946 0.998008 154.089 -0.0266597 0.997686 -0.0625419 -6.43352 -0.999594 -0.0272326 -0.00832572 -41.8807 
-0.0136837 0.0622685 0.997966 154.831 -0.0249513 0.997727 -0.0625956 -6.49351 -0.999595 -0.0257571 -0.0120989 -41.8809 
-0.0180593 0.0606106 0.997998 155.577 -0.0256062 0.997805 -0.0610622 -6.55414 -0.999509 -0.0266577 -0.0164676 -41.8826 
-0.0233363 0.0610739 0.99786 156.322 -0.0259156 0.99776 -0.0616738 -6.60649 -0.999392 -0.0272994 -0.0217012 -41.8901 
-0.0293073 0.0592317 0.997814 157.056 -0.0272794 0.997824 -0.0600334 -6.66067 -0.999198 -0.0289792 -0.0276277 -41.896 
-0.0352168 0.0563911 0.997788 157.794 -0.0250921 0.998042 -0.0572911 -6.72221 -0.999065 -0.0270542 -0.0337329 -41.9136 
-0.0407197 0.0566283 0.997565 158.521 -0.0258856 0.997998 -0.0577095 -6.77248 -0.998835 -0.0281724 -0.0391723 -41.93 
-0.0461868 0.0578918 0.997254 159.247 -0.0276319 0.997863 -0.0592069 -6.82559 -0.998551 -0.0302906 -0.0444884 -41.9472 
-0.0502144 0.0599448 0.996938 159.97 -0.0279424 0.997722 -0.0613993 -6.88418 -0.998348 -0.03094 -0.048425 -41.9697 
-0.0527006 0.0623018 0.996665 160.687 -0.0282631 0.997559 -0.0638521 -6.94114 -0.99821 -0.0315339 -0.0508112 -41.9967 
-0.0540759 0.063933 0.996488 161.404 -0.0252364 0.997542 -0.0653701 -6.99472 -0.998218 -0.0286827 -0.0523295 -42.0285 
-0.0530163 0.0623143 0.996648 162.121 -0.0215764 0.997747 -0.0635307 -7.05043 -0.998361 -0.0248723 -0.0515523 -42.0617 
-0.0491329 0.0583997 0.997084 162.829 -0.0190662 0.998052 -0.059396 -7.11045 -0.99861 -0.0219289 -0.0479237 -42.0865 
-0.0416545 0.0583395 0.997427 163.532 -0.0181731 0.998084 -0.0591368 -7.16694 -0.998967 -0.0205896 -0.0405145 -42.1011 
-0.0304254 0.0591086 0.997788 164.225 -0.0155761 0.998101 -0.0596021 -7.22112 -0.999416 -0.017355 -0.029447 -42.1084 
-0.0157333 0.0592136 0.998121 164.919 -0.0129983 0.998148 -0.05942 -7.27302 -0.999792 -0.0139088 -0.0149345 -42.1089 
-0.000601388 0.0568482 0.998383 165.606 -0.0142073 0.998282 -0.056851 -7.32152 -0.999899 -0.0142185 0.000207305 -42.0899 
0.0154199 0.0521354 0.998521 166.293 -0.0190988 0.998473 -0.0518379 -7.37007 -0.999699 -0.0182712 0.0163921 -42.054 
0.0317148 0.045468 0.998462 166.977 -0.020365 0.998787 -0.0448359 -7.41618 -0.99929 -0.0189117 0.0326023 -42.011 
0.0490238 0.0378784 0.998079 167.657 -0.0205815 0.999107 -0.0369065 -7.45753 -0.998586 -0.0187326 0.0497596 -41.9613 
0.0666846 0.0305499 0.997306 168.331 -0.0211758 0.999349 -0.0291965 -7.49296 -0.997549 -0.0191718 0.0672881 -41.8972 
0.0836437 0.0244729 0.996195 168.995 -0.0228812 0.999482 -0.0226324 -7.52812 -0.996233 -0.0209011 0.0841604 -41.8183 
0.101651 0.0221564 0.994573 169.651 -0.0236748 0.999523 -0.0198469 -7.55819 -0.994538 -0.0215289 0.102127 -41.7297 
0.119511 0.0209657 0.992612 170.3 -0.0224966 0.999578 -0.0184042 -7.58126 -0.992578 -0.0201309 0.119932 -41.6336 
0.137034 0.0204583 0.990355 170.94 -0.0239867 0.999562 -0.0173294 -7.60366 -0.990276 -0.0213806 0.137464 -41.5251 
0.153204 0.0194204 0.988004 171.574 -0.0286841 0.999473 -0.0151979 -7.62416 -0.987778 -0.0260116 0.15368 -41.402 
0.167762 0.015741 0.985702 172.202 -0.0308831 0.999466 -0.0107046 -7.64621 -0.985344 -0.0286457 0.168158 -41.2704 
0.180162 0.0118605 0.983565 172.83 -0.0275021 0.999597 -0.00701617 -7.66542 -0.983252 -0.025786 0.180416 -41.1434 
0.19079 0.0107532 0.981572 173.445 -0.025426 0.999659 -0.00600917 -7.68232 -0.981302 -0.023811 0.190998 -41.0078 
0.200719 0.0144699 0.979542 174.049 -0.0297389 0.99952 -0.00867113 -7.70243 -0.979197 -0.02739 0.201053 -40.8611 
0.209865 0.0214903 0.977494 174.642 -0.0335234 0.999329 -0.0147729 -7.72225 -0.977156 -0.0296686 0.210444 -40.7128 
0.218927 0.0315214 0.975232 175.234 -0.0338065 0.999123 -0.0247045 -7.74164 -0.975156 -0.0275607 0.2198 -40.5615 
0.227333 0.0373015 0.973102 175.825 -0.0278554 0.999106 -0.0317908 -7.75927 -0.973419 -0.0198791 0.228169 -40.4183 
0.233823 0.0354572 0.971633 176.427 -0.0272477 0.999181 -0.0299054 -7.77693 -0.971897 -0.0194822 0.234598 -40.2558 
0.239793 0.0278063 0.970426 177.034 -0.0295005 0.999337 -0.0213451 -7.79835 -0.970376 -0.0235097 0.240455 -40.0862 
0.244211 0.0172576 0.969569 177.649 -0.0339457 0.999381 -0.0092381 -7.82167 -0.969128 -0.0306567 0.244645 -39.9118 
0.246101 0.00910243 0.969202 178.256 -0.0341517 0.999416 -0.000714302 -7.84449 -0.968642 -0.0329241 0.246268 -39.7396 
0.247238 0.00847838 0.968918 178.863 -0.0307114 0.999528 -0.000909579 -7.86034 -0.968468 -0.0295319 0.247382 -39.5789 
0.248436 0.010519 0.968591 179.463 -0.0273269 0.999619 -0.00384681 -7.87101 -0.968263 -0.0255129 0.248629 -39.4167 
0.250374 0.010035 0.968097 180.073 -0.0239517 0.999704 -0.00416802 -7.87802 -0.967853 -0.022144 0.25054 -39.256 
0.252194 0.00758298 0.967647 180.681 -0.0254766 0.999675 -0.00119407 -7.8878 -0.967341 -0.0243512 0.252305 -39.0848 
0.255106 0.00372684 0.966906 181.297 -0.025765 0.999664 0.00294471 -7.89943 -0.96657 -0.0256635 0.255116 -38.9089 
0.258301 -0.00149773 0.966063 181.914 -0.0250938 0.999651 0.00825931 -7.91089 -0.965738 -0.0263756 0.258174 -38.7327 
0.262775 -0.00439279 0.964847 182.531 -0.0236732 0.999659 0.0109987 -7.91732 -0.964567 -0.0257312 0.262581 -38.5529 
0.269253 -0.00664572 0.963047 183.154 -0.0217401 0.999679 0.0129768 -7.91806 -0.962824 -0.0244307 0.269022 -38.3668 
0.277209 -0.00987651 0.960759 183.782 -0.0199367 0.999673 0.0160289 -7.91944 -0.960603 -0.0235977 0.276921 -38.1737 
0.287064 -0.0116814 0.95784 184.404 -0.0176945 0.99969 0.0174949 -7.9227 -0.957748 -0.0219706 0.286768 -37.9757 
0.297978 -0.00975502 0.954523 185.02 -0.0190679 0.999687 0.0161691 -7.92694 -0.954382 -0.0230187 0.297698 -37.7615 
0.30967 -0.00616401 0.950824 185.639 -0.0201268 0.999712 0.013036 -7.92855 -0.950631 -0.0231739 0.309457 -37.5397 
0.321687 -0.00309831 0.946841 186.262 -0.0210387 0.999724 0.0104193 -7.92731 -0.946612 -0.0232721 0.321533 -37.3124 
0.333224 -0.00287119 0.942843 186.88 -0.019595 0.999758 0.00996991 -7.92668 -0.942644 -0.0217972 0.333087 -37.0755 
0.344524 -0.00604219 0.938758 187.505 -0.0188063 0.999734 0.0133366 -7.92729 -0.938589 -0.0222493 0.344319 -36.8287 
0.355442 -0.00738794 0.934669 188.134 -0.0198634 0.999683 0.0154557 -7.9299 -0.934487 -0.0240593 0.355182 -36.5626 
0.366825 -0.00806833 0.930255 188.762 -0.0213105 0.999627 0.0170734 -7.9294 -0.930046 -0.0260872 0.366516 -36.2932 
0.376293 -0.00920464 0.926455 189.399 -0.0250603 0.999484 0.0201089 -7.92349 -0.926162 -0.0307841 0.375868 -36.0084 
0.383393 -0.00812347 0.92355 190.033 -0.0286481 0.999376 0.0206832 -7.91908 -0.923141 -0.0343877 0.382921 -35.7228 
0.387796 -0.0110985 0.921678 190.679 -0.0286662 0.999299 0.0240946 -7.91476 -0.921299 -0.0357648 0.387206 -35.4327 
0.389854 -0.0148932 0.920756 191.333 -0.0257224 0.999303 0.0270548 -7.90712 -0.920517 -0.0342315 0.389199 -35.1423 
0.389954 -0.0142053 0.920725 191.986 -0.0212635 0.999476 0.0244261 -7.89849 -0.920589 -0.0291029 0.389447 -34.8588 
0.388931 -0.0138722 0.921163 192.646 -0.0198749 0.999528 0.0234439 -7.89498 -0.921053 -0.027426 0.388471 -34.5685 
0.387984 -0.0126668 0.921579 193.314 -0.016543 0.999649 0.0207045 -7.88578 -0.921518 -0.0232787 0.387638 -34.2745 
0.387667 -0.0146726 0.921683 193.994 -0.0133974 0.999678 0.0215493 -7.87708 -0.921702 -0.0207021 0.387345 -33.9836 
0.386718 -0.0203043 0.921975 194.681 -0.0101367 0.999604 0.0262657 -7.86802 -0.922143 -0.0195031 0.386358 -33.6854 
0.385358 -0.0230029 0.92248 195.365 -0.0101523 0.999523 0.0291651 -7.85965 -0.922711 -0.0206043 0.384941 -33.3857 
0.38367 -0.0255694 0.923116 196.048 -0.00933099 0.999458 0.0315623 -7.85368 -0.923423 -0.0207231 0.383224 -33.0916 
0.38241 -0.0256221 0.923637 196.734 -0.0102293 0.999437 0.03196 -7.83971 -0.923936 -0.02167 0.381933 -32.7964 
0.380243 -0.0258831 0.924524 197.422 -0.0115727 0.999397 0.032739 -7.82683 -0.924814 -0.0231481 0.379714 -32.4956 
0.378418 -0.0246852 0.925306 198.113 -0.0125637 0.999415 0.0318005 -7.82023 -0.92555 -0.0236592 0.377886 -32.1979 
0.377257 -0.0211511 0.925867 198.8 -0.0119666 0.999544 0.0277103 -7.81348 -0.926031 -0.0215334 0.376832 -31.91 
0.376738 -0.0152883 0.926194 199.484 -0.0123156 0.999693 0.021511 -7.8048 -0.926238 -0.0195106 0.376434 -31.6238 
0.375386 -0.0124672 0.926785 200.164 -0.0144505 0.999709 0.0193013 -7.79775 -0.926756 -0.0206379 0.375096 -31.3298 
0.37413 -0.0151042 0.927253 200.86 -0.0154874 0.999626 0.0225321 -7.79165 -0.927247 -0.0227907 0.373756 -31.0385 
0.373055 -0.0182333 0.92763 201.535 -0.0174727 0.999492 0.0266727 -7.78997 -0.927645 -0.0261585 0.372547 -30.7582 
0.370557 -0.017081 0.928653 202.223 -0.0220479 0.999387 0.0271798 -7.78646 -0.928548 -0.0305465 0.369954 -30.4647 
0.36586 -0.0171902 0.930511 202.919 -0.0241169 0.999319 0.0279437 -7.77786 -0.930358 -0.0326645 0.365196 -30.1746 
0.359367 -0.0185348 0.933012 203.609 -0.0234845 0.999307 0.0288974 -7.767 -0.932901 -0.0322961 0.358683 -29.9019 
0.350585 -0.0188155 0.936342 204.303 -0.0232425 0.999315 0.0287834 -7.76208 -0.936243 -0.031854 0.349907 -29.6374 
0.34024 -0.0177263 0.940172 204.997 -0.0204715 0.999446 0.0262523 -7.75816 -0.940116 -0.0281788 0.339688 -29.3727 
0.32963 -0.0143603 0.944001 205.689 -0.0214857 0.999511 0.0227073 -7.75046 -0.943866 -0.0277676 0.32916 -29.1242 
0.318233 -0.0143539 0.947904 206.382 -0.0242749 0.999434 0.0232839 -7.74033 -0.947702 -0.0304199 0.317704 -28.8849 
0.307097 -0.0224214 0.951414 207.085 -0.0193186 0.99937 0.0297873 -7.73292 -0.951482 -0.0275275 0.30647 -28.6533 
0.298733 -0.0310177 0.953833 207.796 -0.0151357 0.999192 0.0372332 -7.72594 -0.954217 -0.0255596 0.298022 -28.4334 
0.291752 -0.03648 0.955798 208.504 -0.0146811 0.998984 0.0426096 -7.71245 -0.956381 -0.0264636 0.29092 -28.211 
0.287383 -0.037255 0.957091 209.212 -0.0204428 0.998777 0.045016 -7.69272 -0.957597 -0.0325025 0.28627 -27.9768 
0.284906 -0.0397574 0.957731 209.931 -0.0181939 0.998735 0.046872 -7.68079 -0.958383 -0.030779 0.283822 -27.7563 
0.283287 -0.0407334 0.95817 210.645 -0.0171039 0.998724 0.0475143 -7.65969 -0.958883 -0.0298487 0.282229 -27.5351 
0.282533 -0.0390081 0.958464 211.36 -0.0172778 0.998804 0.045743 -7.63971 -0.959102 -0.0294841 0.281521 -27.3113 
0.282129 -0.036791 0.958671 212.083 -0.0208294 0.998794 0.0444608 -7.61567 -0.95915 -0.0325122 0.281023 -27.0804 
0.282583 -0.037548 0.958508 212.799 -0.0213531 0.99874 0.0454193 -7.59349 -0.959005 -0.0333018 0.281425 -26.8554 
0.284267 -0.0387573 0.957961 213.518 -0.0218028 0.998663 0.0468738 -7.57019 -0.958497 -0.0342109 0.283042 -26.6253 
0.285724 -0.0405764 0.957452 214.248 -0.0206552 0.99861 0.0484846 -7.54808 -0.958089 -0.0336296 0.284489 -26.3961 
0.287362 -0.0416624 0.956915 214.981 -0.0169828 0.998675 0.0485805 -7.52436 -0.957671 -0.0302113 0.286274 -26.1693 
0.290566 -0.0431957 0.955879 215.717 -0.015763 0.998629 0.0499192 -7.49679 -0.956725 -0.0295723 0.289487 -25.9365 
0.2946 -0.0445515 0.954582 216.455 -0.0174384 0.998496 0.0519828 -7.47084 -0.955461 -0.0319605 0.29338 -25.691 
0.299928 -0.0486867 0.952719 217.194 -0.0188659 0.998199 0.0569501 -7.4444 -0.953775 -0.0350548 0.298469 -25.4417 
0.304991 -0.0523868 0.950913 217.936 -0.0193061 0.997941 0.0611698 -7.41196 -0.95216 -0.0370147 0.303352 -25.1877 
0.309263 -0.0523985 0.949532 218.677 -0.0203971 0.997886 0.0617103 -7.38028 -0.950758 -0.0384524 0.307541 -24.929 
0.313538 -0.047643 0.94838 219.411 -0.0258281 0.997943 0.0586718 -7.35027 -0.949224 -0.0428907 0.311663 -24.6626 
0.318083 -0.0415568 0.947152 220.147 -0.0306327 0.998067 0.0540782 -7.31268 -0.947568 -0.0462151 0.316195 -24.3917 
0.322702 -0.0385653 0.945715 220.885 -0.034299 0.998037 0.0524026 -7.281 -0.945879 -0.0493474 0.320745 -24.1185 
0.327279 -0.0389162 0.944126 221.637 -0.035738 0.997927 0.0535224 -7.25445 -0.944252 -0.0512579 0.32521 -23.8433 
0.331276 -0.0365113 0.942827 222.381 -0.0375607 0.997949 0.0518434 -7.22809 -0.942786 -0.0525877 0.329225 -23.5656 
0.335051 -0.0337007 0.941597 223.115 -0.0380797 0.998059 0.0492716 -7.19918 -0.94143 -0.0523642 0.333117 -23.2845 
0.339665 -0.0331578 0.939962 223.856 -0.0384856 0.998051 0.0491141 -7.1704 -0.939759 -0.0528573 0.337727 -22.9992 
0.344254 -0.0348693 0.938229 224.591 -0.0380755 0.99797 0.0510603 -7.1489 -0.938104 -0.0533013 0.342228 -22.7113 
0.348596 -0.0353786 0.936605 225.332 -0.0339915 0.998153 0.0503549 -7.12539 -0.936656 -0.0493901 0.34675 -22.4245 
0.352973 -0.0352109 0.934971 226.072 -0.0309452 0.998306 0.0492786 -7.10026 -0.935122 -0.0463269 0.351285 -22.1358 
0.356936 -0.0328884 0.93355 226.809 -0.0322667 0.99835 0.0475082 -7.07209 -0.933571 -0.0470799 0.355286 -21.8351 
0.361599 -0.0332296 0.931742 227.543 -0.0368293 0.998076 0.0498885 -7.04713 -0.931606 -0.052355 0.359679 -21.5283 
0.36617 -0.0335054 0.929945 228.28 -0.0397152 0.997878 0.0515911 -7.02177 -0.9297 -0.055824 0.364062 -21.2149 
0.370289 -0.0311243 0.928395 229.015 -0.0368734 0.998158 0.0481701 -7.00236 -0.928184 -0.05207 0.36846 -20.9103 
0.374118 -0.0243071 0.927063 229.735 -0.0364246 0.9985 0.0408794 -6.98045 -0.926666 -0.0490616 0.372671 -20.6036 
0.377477 -0.0178033 0.925848 230.453 -0.0424071 0.998434 0.0364889 -6.95547 -0.925047 -0.0530362 0.376131 -20.2859 
0.380488 -0.0189738 0.924591 231.175 -0.0481898 0.998024 0.0403119 -6.93265 -0.923529 -0.059894 0.378822 -19.9594 
0.382994 -0.0294014 0.923283 231.912 -0.0470707 0.997574 0.051293 -6.91263 -0.922551 -0.0631045 0.380681 -19.6381 
0.384963 -0.0417682 0.921986 232.65 -0.0434262 0.997049 0.0633009 -6.8807 -0.92191 -0.0644068 0.382014 -19.3223 
0.386611 -0.0494384 0.920917 233.384 -0.0448449 0.996373 0.0723156 -6.84553 -0.921152 -0.0692564 0.382992 -18.9955 
0.388875 -0.0514869 0.919851 234.114 -0.0461274 0.996097 0.0752554 -6.81281 -0.920135 -0.0716952 0.384982 -18.6702 
0.391644 -0.0469766 0.918917 234.839 -0.0456802 0.996472 0.0704104 -6.77253 -0.918982 -0.0695521 0.388116 -18.3465 
0.395788 -0.041344 0.917411 235.56 -0.0443007 0.996964 0.0640413 -6.73002 -0.917273 -0.0659887 0.392755 -18.0247 
0.400326 -0.0368808 0.91563 236.282 -0.0442849 0.997244 0.0595302 -6.69199 -0.915302 -0.0643801 0.39759 -17.694 
0.404251 -0.0351899 0.913971 237.001 -0.0422832 0.997472 0.0571069 -6.6632 -0.91367 -0.0617312 0.401741 -17.3627 
0.408443 -0.0329507 0.912189 237.723 -0.0416471 0.997635 0.0546852 -6.62696 -0.911833 -0.0603258 0.406105 -17.0262 
0.412373 -0.0343475 0.910367 238.445 -0.0405513 0.997607 0.0560078 -6.59368 -0.910112 -0.0600127 0.409993 -16.6853 
0.415724 -0.0394906 0.908633 239.173 -0.0389104 0.99737 0.0611498 -6.56293 -0.908658 -0.0607767 0.413094 -16.3373 
0.418887 -0.0455047 0.906897 239.902 -0.0368698 0.997068 0.0670589 -6.52675 -0.90729 -0.0615272 0.415981 -15.9899 
0.421389 -0.0510378 0.905443 240.634 -0.0354098 0.996728 0.072663 -6.48706 -0.906188 -0.0626809 0.418203 -15.6377 
0.423594 -0.0563667 0.904097 241.366 -0.0333631 0.996414 0.0777538 -6.43968 -0.905238 -0.0630995 0.420194 -15.2844 
0.425108 -0.0632171 0.902932 242.102 -0.0316999 0.995906 0.0846511 -6.39211 -0.904587 -0.0646087 0.421364 -14.9272 
0.426913 -0.0636538 0.90205 242.833 -0.032132 0.995822 0.0854781 -6.34142 -0.903722 -0.0654764 0.423084 -14.5699 
0.428411 -0.0519833 0.902087 243.543 -0.0411039 0.996189 0.0769268 -6.29716 -0.902648 -0.0700356 0.424642 -14.1973 
0.429139 -0.0383971 0.902422 244.257 -0.0429912 0.997095 0.0628696 -6.25107 -0.902215 -0.065776 0.426242 -13.839 
0.430003 -0.0305592 0.90231 244.975 -0.0429388 0.997604 0.0542495 -6.20382 -0.901806 -0.0620715 0.42766 -13.4811 
