1 -4.23778e-08 4.22719e-08 0 -4.23778e-08 1 -4.19404e-08 0 4.22719e-08 -4.19404e-08 1 0 
0.99999 -0.0029022 -0.00338971 -0.0114923 0.00289488 0.999993 -0.0021363 -0.00534128 0.00339597 0.00212638 0.999992 0.675108 
0.99997 -0.00133659 -0.00758523 -0.0261121 0.0013058 0.999991 -0.00405209 -0.00310905 0.00759066 0.00404198 0.999963 1.37898 
0.999929 -0.00166507 -0.011755 -0.0471423 0.0016029 0.999985 -0.00528958 -0.010659 0.0117637 0.00527028 0.999917 2.09543 
0.999863 -0.000177689 -0.0165162 -0.0747461 7.8739e-05 0.999982 -0.00598644 -0.0154958 0.0165171 0.00598424 0.999846 2.83505 
0.999777 -0.000909396 -0.0210858 -0.0967401 0.00078431 0.999982 -0.0059358 -0.0309585 0.0210909 0.00591785 0.99976 3.57283 
0.999674 0.000814297 -0.0255183 -0.13597 -0.00100198 0.999972 -0.00733951 -0.0359765 0.0255117 0.0073626 0.999647 4.33211 
0.999531 0.00328601 -0.0304484 -0.175767 -0.00353033 0.999962 -0.00797115 -0.0468071 0.0304211 0.00807482 0.999504 5.10565 
0.999382 0.00387353 -0.0349239 -0.215117 -0.00409129 0.999973 -0.00616376 -0.056814 0.0348992 0.00630275 0.999371 5.89825 
0.99922 0.00305694 -0.0393687 -0.262479 -0.00320094 0.999988 -0.00359298 -0.0653807 0.0393573 0.0037161 0.999218 6.69824 
0.999081 0.00287719 -0.0427616 -0.306477 -0.00293507 0.999995 -0.00128887 -0.0716354 0.0427577 0.00141311 0.999084 7.50238 
0.998975 0.00432443 -0.045056 -0.370962 -0.00440691 0.999989 -0.0017297 -0.0791764 0.0450481 0.0019264 0.998983 8.33339 
0.998877 0.00387629 -0.0472214 -0.426009 -0.00397019 0.99999 -0.00189307 -0.0882722 0.0472137 0.00207833 0.998883 9.16861 
0.998801 0.00116008 -0.0489331 -0.476397 -0.00127891 0.999996 -0.00239547 -0.0982312 0.0489302 0.00245509 0.998799 9.99981 
0.998692 0.00105109 -0.0511081 -0.529944 -0.00112246 0.999998 -0.00136626 -0.10667 0.0511067 0.00142176 0.998692 10.8404 
0.998619 -0.000716941 -0.0525232 -0.586726 0.000637677 0.999999 -0.0015243 -0.118935 0.0525243 0.00148862 0.998618 11.6917 
0.998508 0.00127769 -0.0545801 -0.644376 -0.00150097 0.999991 -0.00404853 -0.128023 0.0545745 0.00412433 0.998501 12.5469 
0.998422 0.00167625 -0.0561281 -0.705645 -0.00205845 0.999975 -0.00675083 -0.137701 0.0561155 0.00685563 0.998401 13.4144 
0.998297 0.00537595 -0.0580857 -0.767459 -0.00586401 0.999949 -0.00823386 -0.151977 0.0580385 0.00856037 0.998278 14.2934 
0.998256 0.00627688 -0.0587007 -0.838132 -0.00675548 0.999945 -0.00795684 -0.162944 0.0586476 0.00833943 0.998244 15.173 
0.998178 0.00509304 -0.0601272 -0.903454 -0.00546872 0.999966 -0.0060838 -0.180104 0.0600943 0.00640144 0.998172 16.0668 
0.998074 0.00570312 -0.0617739 -0.965515 -0.00602478 0.999969 -0.0050207 -0.187935 0.0617435 0.00538312 0.998077 16.9665 
0.998004 0.00530452 -0.0629222 -1.03204 -0.00561799 0.999973 -0.00480466 -0.203789 0.0628951 0.00514849 0.998007 17.8683 
0.997901 0.00516438 -0.0645456 -1.09914 -0.00553873 0.999969 -0.0056208 -0.217513 0.0645146 0.00596641 0.997899 18.774 
0.997833 0.00384336 -0.0656841 -1.17 -0.00426704 0.999971 -0.00630994 -0.230009 0.065658 0.00657646 0.99782 19.6838 
0.997833 0.0036388 -0.0656885 -1.24999 -0.00397485 0.99998 -0.00498458 -0.235938 0.0656691 0.00523479 0.997828 20.6093 
0.997838 0.00499799 -0.0655348 -1.33005 -0.00510169 0.999986 -0.00141381 -0.252442 0.0655269 0.00174501 0.997849 21.5431 
0.997893 0.00568287 -0.0646351 -1.40505 -0.00555163 0.999982 0.00221105 -0.261442 0.0646466 -0.00184764 0.997906 22.4732 
0.998019 0.00490329 -0.0627127 -1.48292 -0.00460649 0.999977 0.00487764 -0.266521 0.0627353 -0.00457918 0.99802 23.4181 
0.99809 0.00474807 -0.0615858 -1.54772 -0.00438994 0.999973 0.00595035 -0.274932 0.0616124 -0.00566872 0.998084 24.367 
0.99817 0.00518987 -0.06025 -1.61551 -0.00501395 0.999983 0.00307207 -0.279738 0.0602649 -0.00276445 0.998179 25.3157 
0.998208 0.00590171 -0.0595529 -1.68786 -0.00603674 0.99998 -0.00208628 -0.281665 0.0595395 0.00244196 0.998223 26.2626 
0.998298 0.0048722 -0.0581078 -1.75486 -0.0051845 0.999973 -0.00522362 -0.288869 0.0580809 0.00551591 0.998297 27.223 
0.998359 0.00285379 -0.0571843 -1.82726 -0.00309189 0.999987 -0.00407429 -0.300054 0.057172 0.00424432 0.998355 28.1896 
0.998343 0.00103408 -0.057529 -1.89372 -0.00098958 0.999999 0.000803382 -0.308275 0.0575298 -0.000745208 0.998343 29.162 
0.99832 -0.00273818 -0.0578735 -1.97081 0.00299682 0.999986 0.0043842 -0.31913 0.0578608 -0.00455035 0.998314 30.1397 
0.998208 -0.00963572 -0.0590553 -2.02734 0.00985366 0.999946 0.00340167 -0.323352 0.0590194 -0.00397757 0.998249 31.1232 
0.998092 -0.0119195 -0.06058 -2.09173 0.0119179 0.999929 -0.000386125 -0.333264 0.0605804 -0.000336686 0.998163 32.1028 
0.998045 -0.0113246 -0.0614557 -2.17628 0.0110545 0.999928 -0.00473142 -0.339859 0.0615049 0.00404272 0.998099 33.0664 
0.997926 -0.0100017 -0.0635887 -2.25314 0.00968174 0.999939 -0.00533697 -0.355175 0.0636383 0.00471017 0.997962 34.0512 
0.997881 -0.00972079 -0.0643385 -2.3248 0.00948893 0.999947 -0.00390702 -0.367661 0.0643732 0.00328815 0.99792 35.0478 
0.997821 -0.00625964 -0.0656756 -2.41116 0.00616954 0.99998 -0.0015734 -0.379714 0.0656842 0.0011647 0.99784 36.0482 
0.997765 -0.00633771 -0.0665202 -2.49807 0.00632521 0.99998 -0.000397347 -0.395505 0.0665215 -2.43822e-05 0.997785 37.0461 
0.997722 -0.0047009 -0.0672935 -2.58498 0.00484927 0.999986 0.00204282 -0.405694 0.0672831 -0.00236458 0.997731 38.0185 
0.997725 -0.00470379 -0.0672562 -2.65753 0.00504397 0.999975 0.00489016 -0.414418 0.0672316 -0.00521836 0.997724 39.0088 
0.997719 0.000984954 -0.0675012 -2.75704 -0.000509062 0.999975 0.00706818 -0.416203 0.0675066 -0.00701778 0.997694 39.9857 
0.997729 0.00088717 -0.0673534 -2.85005 -0.000457252 0.999979 0.00639938 -0.423909 0.0673578 -0.00635413 0.997709 40.9687 
0.997755 0.00121121 -0.0669591 -2.93203 -0.000911336 0.999989 0.00450999 -0.429453 0.066964 -0.00443893 0.997745 41.9628 
0.997743 0.00321017 -0.0670744 -3.01555 -0.00305533 0.999992 0.00241211 -0.441804 0.0670817 -0.00220182 0.997745 42.9525 
0.9977 0.00248197 -0.0677354 -3.09752 -0.0022984 0.999993 0.00278908 -0.457319 0.067742 -0.00262707 0.997699 43.9431 
0.997604 0.000673714 -0.0691752 -3.17391 -0.000406529 0.999992 0.00387763 -0.463264 0.0691774 -0.0038403 0.997597 44.9277 
0.997545 0.00154382 -0.0700081 -3.25405 -0.00119784 0.999987 0.00498487 -0.477804 0.070015 -0.00488887 0.997534 45.9154 
0.997505 0.00372198 -0.07049 -3.33338 -0.00365266 0.999993 0.00111341 -0.48559 0.0704937 -0.000853243 0.997512 46.8934 
0.997454 0.00442287 -0.0711739 -3.42345 -0.00465624 0.999984 -0.00311216 -0.494284 0.0711591 0.00343556 0.997459 47.8602 
0.997414 0.00525128 -0.0716734 -3.51383 -0.00556967 0.999975 -0.00424191 -0.508851 0.0716494 0.00463005 0.997419 48.8279 
0.99739 0.00419264 -0.0720817 -3.59015 -0.00426731 0.99999 -0.00088075 -0.523193 0.0720774 0.00118596 0.997398 49.8073 
0.997387 0.00233356 -0.0721987 -3.66943 -0.0021743 0.999995 0.00228554 -0.5357 0.0722038 -0.00212268 0.997388 50.7843 
0.997389 0.000331695 -0.0722103 -3.75454 -0.000128025 0.999996 0.00282625 -0.548157 0.0722111 -0.00280972 0.997385 51.7445 
0.997377 -0.00258003 -0.072332 -3.83251 0.00270786 0.999995 0.00167047 -0.561233 0.0723274 -0.00186204 0.997379 52.707 
0.997315 -0.00549597 -0.0730199 -3.90419 0.00553643 0.999985 0.000352837 -0.57443 0.0730169 -0.000756247 0.99733 53.6622 
0.997236 -0.00722161 -0.0739501 -3.99251 0.00737283 0.999971 0.00177319 -0.589313 0.0739353 -0.0023136 0.99726 54.6095 
0.997098 -0.0104961 -0.0753988 -4.06432 0.0109635 0.999923 0.00578902 -0.594929 0.0753323 -0.00659894 0.997137 55.5618 
0.997019 -0.011876 -0.0762321 -4.14772 0.0127287 0.999862 0.0107096 -0.59723 0.0760944 -0.0116481 0.997032 56.5212 
0.996981 -0.0100283 -0.0769888 -4.232 0.0110291 0.99986 0.0125861 -0.59912 0.0768519 -0.0133973 0.996952 57.4723 
0.996903 -0.00883572 -0.0781381 -4.32457 0.00953829 0.999917 0.0086238 -0.606616 0.0780555 -0.00934249 0.996905 58.3997 
0.996784 -0.00744455 -0.0797844 -4.40795 0.00753217 0.999971 0.000798249 -0.612144 0.0797763 -0.00139672 0.996812 59.3239 
0.996733 -0.00574045 -0.0805596 -4.49648 0.00541258 0.999976 -0.0042867 -0.619127 0.0805823 0.00383657 0.99674 60.2308 
0.996693 -0.0010587 -0.0812519 -4.58995 0.00078955 0.999994 -0.00334356 -0.635899 0.0812551 0.00326826 0.996688 61.1361 
0.996607 0.0018236 -0.0822865 -4.68345 -0.00192602 0.999997 -0.00116438 -0.651228 0.0822842 0.00131883 0.996608 62.0345 
0.996526 0.00455176 -0.0831606 -4.77427 -0.00452488 0.99999 0.000512656 -0.669143 0.0831622 -0.000134669 0.996536 62.9168 
0.99643 0.00483626 -0.0842799 -4.86095 -0.00481995 0.999988 0.000397952 -0.682434 0.0842809 9.60657e-06 0.996442 63.7866 
0.996242 0.00669581 -0.0863552 -4.94348 -0.00661988 0.999977 0.0011665 -0.696696 0.0863611 -0.000590543 0.996264 64.6433 
0.996149 0.00777861 -0.0873276 -5.03473 -0.0076139 0.999968 0.00221996 -0.721134 0.0873422 -0.00154659 0.996177 65.4603 
0.996038 0.00782402 -0.0885815 -5.12122 -0.00760252 0.999967 0.00283856 -0.735923 0.0886009 -0.00215395 0.996065 66.2803 
0.995916 0.00804174 -0.0899218 -5.20369 -0.00773611 0.999963 0.0037477 -0.744307 0.0899487 -0.00303684 0.995942 67.0952 
0.995752 0.0106022 -0.0914615 -5.29249 -0.0100747 0.99993 0.0062288 -0.751808 0.0915213 -0.00528099 0.995789 67.8966 
0.995647 0.0122069 -0.0923975 -5.38462 -0.0113067 0.999883 0.0102605 -0.759015 0.0925121 -0.00917121 0.995669 68.6845 
0.995435 0.015407 -0.0941929 -5.47023 -0.0143364 0.999825 0.0120323 -0.769872 0.0943619 -0.0106271 0.995481 69.4608 
0.995278 0.0183401 -0.095311 -5.55853 -0.0176572 0.999812 0.00800512 -0.780513 0.09544 -0.00628449 0.995415 70.212 
0.995145 0.0183239 -0.0966945 -5.64161 -0.0183417 0.999831 0.00070572 -0.790996 0.0966912 0.00107116 0.995314 70.9423 
0.995023 0.017746 -0.0980502 -5.72645 -0.0183122 0.99982 -0.00487614 -0.801437 0.0979461 0.0066473 0.995169 71.6464 
0.994957 0.0187032 -0.0985408 -5.80634 -0.0194017 0.999793 -0.00613436 -0.810034 0.0984058 0.0080152 0.995114 72.3427 
0.994844 0.0213852 -0.0991408 -5.90077 -0.0217792 0.999759 -0.00289191 -0.820098 0.0990551 0.00503612 0.995069 73.0214 
0.99469 0.0214338 -0.100655 -5.97489 -0.0215852 0.999767 -0.000414293 -0.840703 0.100623 0.00258467 0.994921 73.6852 
0.99463 0.0182798 -0.10187 -6.04012 -0.0187509 0.999817 -0.00366729 -0.856572 0.101785 0.00555766 0.994791 74.3239 
0.994727 0.0102653 -0.10204 -6.09856 -0.0112267 0.999898 -0.00885066 -0.869185 0.101939 0.00994948 0.994741 74.9439 
0.994904 0.0059933 -0.100649 -6.17518 -0.00744267 0.999874 -0.0140301 -0.874921 0.100552 0.0147076 0.994823 75.5505 
0.995165 0.0082345 -0.0978727 -6.23591 -0.00969344 0.999849 -0.0144395 -0.885769 0.0977391 0.0153184 0.995094 76.1386 
0.995536 0.0134893 -0.0934077 -6.3129 -0.0146194 0.999828 -0.0114237 -0.900952 0.0932376 0.0127382 0.995562 76.7098 
0.995991 0.0119263 -0.0886548 -6.37256 -0.0127015 0.999886 -0.00818497 -0.918933 0.0885471 0.00927812 0.996029 77.2535 
0.996539 0.00841643 -0.0827027 -6.42242 -0.00880122 0.999952 -0.00428826 -0.928369 0.0826627 0.00500121 0.996565 77.8028 
0.997178 0.00407883 -0.0749653 -6.44827 -0.00414316 0.999991 -0.000701472 -0.941934 0.0749618 0.00101 0.997186 78.3337 
0.997891 0.00760628 -0.0644565 -6.48145 -0.0076828 0.99997 -0.000938091 -0.953768 0.0644475 0.00143123 0.99792 78.8502 
0.9987 0.0129974 -0.0492863 -6.51446 -0.0130833 0.999913 -0.00141888 -0.964638 0.0492636 0.00206178 0.998784 79.3552 
0.99936 0.0180573 -0.0308841 -6.53997 -0.0181043 0.999835 -0.00123973 -0.969107 0.0308567 0.00179798 0.999522 79.8414 
0.999825 0.0164926 -0.00877118 -6.53512 -0.0165016 0.999863 -0.000943796 -0.972989 0.0087545 0.00108829 0.999961 80.3227 
0.999758 0.0131371 0.0176538 -6.51304 -0.01314 0.999914 4.14752e-05 -0.984461 -0.0176517 -0.000273519 0.999844 80.7862 
0.998801 0.0120179 0.0474594 -6.47761 -0.0121044 0.999925 0.00153497 -0.993407 -0.0474373 -0.00210767 0.998872 81.2407 
0.996683 0.0115157 0.0805595 -6.42532 -0.011775 0.999927 0.00274243 -1.00062 -0.0805219 -0.003682 0.996746 81.687 
0.99292 0.0116286 0.118217 -6.35502 -0.0121003 0.999921 0.00327255 -1.00963 -0.11817 -0.00467992 0.992982 82.1207 
0.987031 0.0119318 0.160087 -6.26754 -0.0125411 0.999917 0.00279564 -1.0124 -0.160041 -0.00476712 0.987099 82.5479 
0.978629 0.0119747 0.205282 -6.15734 -0.0127918 0.999915 0.00265341 -1.02017 -0.205233 -0.00522272 0.978699 82.9596 
0.967064 0.0141535 0.25414 -6.02662 -0.01477 0.999891 0.000517509 -1.03288 -0.254104 -0.00425419 0.967167 83.3516 
0.951508 0.0147871 0.307268 -5.87674 -0.0148375 0.999887 -0.00217267 -1.04703 -0.307266 -0.00249185 0.95162 83.7233 
0.931592 0.0151775 0.363189 -5.70852 -0.014471 0.999884 -0.00466614 -1.05322 -0.363218 -0.000908858 0.931704 84.0788 
0.907237 0.0159359 0.420318 -5.51264 -0.0143181 0.999873 -0.00700422 -1.05753 -0.420376 0.000336259 0.90735 84.4236 
0.878064 0.0155251 0.478291 -5.29971 -0.0129525 0.999878 -0.00867699 -1.06988 -0.478367 0.00142382 0.878159 84.7425 
0.84441 0.0141562 0.53551 -5.06304 -0.00960997 0.99989 -0.011279 -1.0738 -0.535611 0.00437779 0.844454 85.0402 
0.807448 0.0136142 0.589781 -4.81068 -0.00801446 0.999894 -0.0121089 -1.0889 -0.589884 0.00505049 0.807472 85.3158 
0.767137 0.0125548 0.64136 -4.54668 -0.0068906 0.999912 -0.0113318 -1.09822 -0.641446 0.00427362 0.767156 85.5775 
0.72354 0.0124502 0.69017 -4.27043 -0.00822053 0.999922 -0.00942006 -1.10481 -0.690233 0.00114219 0.723586 85.8273 
0.677332 0.0113132 0.735591 -3.97677 -0.0070967 0.999936 -0.00884426 -1.11475 -0.735643 0.000770195 0.677368 86.0591 
0.629835 0.00999949 0.776664 -3.66865 -0.00342135 0.999943 -0.0100998 -1.12251 -0.776721 0.00370393 0.629834 86.2655 
0.582199 0.00757889 0.813011 -3.34692 0.00228694 0.999937 -0.0109592 -1.13245 -0.813043 0.00823973 0.582146 86.4471 
0.53464 0.00960269 0.845025 -3.02483 0.000402689 0.999932 -0.0116179 -1.14515 -0.84508 0.00655166 0.5346 86.6169 
0.486551 0.0124685 0.873563 -2.69588 -0.00298651 0.999916 -0.0126087 -1.15515 -0.873647 0.00352585 0.486547 86.7738 
0.440528 0.0145913 0.89762 -2.36122 -0.00343047 0.999888 -0.0145702 -1.16637 -0.897732 0.0033393 0.440529 86.9074 
0.397712 0.0119519 0.917432 -2.0133 0.00390834 0.999884 -0.0147205 -1.17537 -0.917502 0.00944013 0.397619 87.0173 
0.357975 0.00442706 0.933721 -1.65134 0.019254 0.999741 -0.0121219 -1.17999 -0.933533 0.0223172 0.357797 87.1046 
0.322588 0.000901098 0.946539 -1.29169 0.0237239 0.999678 -0.0090371 -1.1832 -0.946242 0.0253709 0.322463 87.1909 
0.288994 0.00514256 0.957317 -0.932905 0.0212282 0.999705 -0.0117787 -1.19085 -0.957095 0.0237261 0.2888 87.2863 
0.257959 0.0128727 0.96607 -0.575654 0.0106147 0.999813 -0.0161567 -1.20813 -0.966097 0.0144223 0.257774 87.3805 
0.229544 0.0171663 0.973147 -0.196546 0.00667676 0.999793 -0.0192113 -1.22543 -0.973275 0.0109073 0.229382 87.4632 
0.203582 0.0188673 0.978876 0.192245 0.00834266 0.999744 -0.0210047 -1.23931 -0.979022 0.0124426 0.203372 87.5292 
0.180207 0.0204393 0.983416 0.596408 0.0158764 0.999593 -0.0236849 -1.24946 -0.983501 0.0198813 0.179809 87.5805 
0.159974 0.0269179 0.986754 1.00463 0.0229521 0.999256 -0.0309801 -1.25056 -0.986854 0.0276041 0.159237 87.6213 
0.140177 0.0339997 0.989542 1.42433 0.0255066 0.998954 -0.0379364 -1.25065 -0.989798 0.0305576 0.139163 87.6706 
0.122109 0.0347246 0.991909 1.86787 0.0221983 0.999042 -0.0377071 -1.26755 -0.992268 0.0266231 0.121222 87.7274 
0.106556 0.0301239 0.99385 2.33568 0.0195727 0.999284 -0.0323872 -1.29234 -0.994114 0.0229034 0.105891 87.7806 
0.0920699 0.0269533 0.995388 2.80088 0.0209046 0.999361 -0.0289946 -1.3135 -0.995533 0.0234777 0.0914476 87.8248 
0.0789117 0.0242127 0.996587 3.27615 0.0239451 0.99937 -0.0261765 -1.33396 -0.996594 0.0259291 0.0782822 87.8521 
0.0673504 0.0234664 0.997453 3.76705 0.0266662 0.999324 -0.0253111 -1.34825 -0.997373 0.028303 0.0666791 87.8805 
0.0572966 0.0239913 0.998069 4.2763 0.0300536 0.999217 -0.0257443 -1.36385 -0.997905 0.0314706 0.0565307 87.903 
0.0495584 0.0246392 0.998467 4.80109 0.0318766 0.999147 -0.0262382 -1.38157 -0.998262 0.0331281 0.0487307 87.923 
0.0437822 0.0248806 0.998731 5.34972 0.0336426 0.999086 -0.0263643 -1.39765 -0.998474 0.0347542 0.0429052 87.9507 
0.0381791 0.0260115 0.998932 5.89866 0.0353541 0.999 -0.0273646 -1.41935 -0.998645 0.0363611 0.0372213 87.9747 
0.0322296 0.0264661 0.99913 6.47517 0.0356405 0.998983 -0.027612 -1.44263 -0.998845 0.0364994 0.0312535 87.9973 
0.0280795 0.0264479 0.999256 7.07599 0.038453 0.998881 -0.0275187 -1.46168 -0.998866 0.039197 0.0270311 88.0076 
0.0252197 0.0263279 0.999335 7.6975 0.0399327 0.998829 -0.0273224 -1.48115 -0.998884 0.0405952 0.0241388 88.023 
0.0221986 0.0259979 0.999415 8.33949 0.0407419 0.998808 -0.0268871 -1.50337 -0.998923 0.0413149 0.0211129 88.0455 
0.0194703 0.0252784 0.999491 8.98531 0.0426069 0.998751 -0.0260898 -1.52561 -0.998902 0.0430932 0.0183689 88.07 
0.0190798 0.0251649 0.999501 9.65258 0.0473369 0.998539 -0.0260444 -1.544 -0.998697 0.0478102 0.0178607 88.08 
0.0200703 0.0247003 0.999493 10.3518 0.0510171 0.998367 -0.025697 -1.56976 -0.998496 0.051507 0.0187773 88.0993 
0.022195 0.0247777 0.999446 11.0568 0.0523075 0.998295 -0.0259108 -1.58878 -0.998384 0.0528536 0.0208611 88.1267 
0.0257151 0.0248419 0.999361 11.7858 0.0548582 0.99815 -0.0262235 -1.6121 -0.998163 0.0554975 0.0243048 88.1646 
0.0302565 0.0245753 0.99924 12.5219 0.0551098 0.998136 -0.0262169 -1.63234 -0.998022 0.0558612 0.0288457 88.1942 
0.0340754 0.022971 0.999155 13.2758 0.0565361 0.998091 -0.0248747 -1.6544 -0.997819 0.0573359 0.0327117 88.234 
0.0378277 0.0214381 0.999054 14.0436 0.0562442 0.998139 -0.0235482 -1.68034 -0.9977 0.0570818 0.0365515 88.2792 
0.0418902 0.0193963 0.998934 14.8352 0.0531757 0.998351 -0.021615 -1.70207 -0.997706 0.0540245 0.0407897 88.3319 
0.046002 0.0186465 0.998767 15.6365 0.0521113 0.99842 -0.0210403 -1.72272 -0.997581 0.053015 0.0449576 88.3832 
0.050229 0.0194238 0.998549 16.4439 0.0494744 0.998535 -0.0219123 -1.7512 -0.997511 0.0505033 0.0491944 88.4383 
0.0534369 0.0235636 0.998293 17.2563 0.0476164 0.998524 -0.0261179 -1.77963 -0.997435 0.0489308 0.0522361 88.4945 
0.0547606 0.0289465 0.99808 18.0635 0.0419614 0.99863 -0.0312648 -1.81085 -0.997617 0.0435929 0.0534709 88.562 
0.0544773 0.032196 0.997996 18.8754 0.0392379 0.998639 -0.0343587 -1.83956 -0.997744 0.041031 0.0531399 88.6228 
0.0547042 0.0322376 0.997982 19.6984 0.0368145 0.998734 -0.0342799 -1.86669 -0.997824 0.0386155 0.0534481 88.6827 
0.0551075 0.030049 0.998028 20.5258 0.0341938 0.998904 -0.0319635 -1.91177 -0.997895 0.0358878 0.0540196 88.7345 
0.0549904 0.0291433 0.998061 21.3573 0.0350387 0.998902 -0.0310985 -1.94369 -0.997872 0.0366809 0.0539089 88.7915 
0.0551719 0.0284754 0.998071 22.1784 0.0324227 0.999015 -0.0302947 -1.98116 -0.99795 0.0340316 0.0541943 88.8555 
0.0551981 0.0285891 0.998066 22.995 0.031087 0.999056 -0.0303368 -2.02145 -0.997991 0.0327014 0.0542573 88.9162 
0.0549479 0.029652 0.998049 23.8138 0.0278651 0.999124 -0.0312182 -2.0516 -0.9981 0.0295261 0.0540735 88.9818 
0.0535744 0.0309728 0.998083 24.6296 0.0254608 0.999151 -0.0323727 -2.08616 -0.998239 0.0271464 0.0527404 89.0488 
0.0510811 0.0309991 0.998213 25.4493 0.0226214 0.999226 -0.0321882 -2.11583 -0.998438 0.0242252 0.0503403 89.0988 
0.0472668 0.0299608 0.998433 26.273 0.0198106 0.999325 -0.0309255 -2.14737 -0.998686 0.0212413 0.0466414 89.1461 
0.0424776 0.0274459 0.99872 27.0877 0.0183722 0.999432 -0.028247 -2.18553 -0.998928 0.0195485 0.0419492 89.1943 
0.0359451 0.0254997 0.999028 27.9 0.0163105 0.999526 -0.0260994 -2.22095 -0.999221 0.0172328 0.0355122 89.2388 
0.028628 0.025782 0.999258 28.7131 0.0158806 0.999529 -0.026244 -2.25057 -0.999464 0.0166201 0.0282051 89.2664 
0.0197584 0.0264924 0.999454 29.5015 0.0150329 0.999528 -0.0267916 -2.28545 -0.999692 0.0155541 0.0193509 89.2992 
0.0097193 0.0269518 0.999589 30.3066 0.015495 0.999513 -0.0271005 -2.31629 -0.999833 0.015752 0.00929694 89.314 
-0.00023461 0.0262052 0.999656 31.1031 0.0168702 0.999514 -0.0261976 -2.34796 -0.999858 0.0168583 -0.000676583 89.3167 
-0.0110662 0.0248409 0.99963 31.8861 0.0162502 0.999564 -0.0246595 -2.38827 -0.999807 0.0159713 -0.0114651 89.3197 
-0.0220427 0.0240409 0.999468 32.6745 0.0176476 0.999564 -0.0236541 -2.41748 -0.999601 0.0171168 -0.0224574 89.3041 
-0.03296 0.024415 0.999158 33.453 0.0183463 0.999548 -0.0238194 -2.45341 -0.999288 0.0175457 -0.033393 89.2846 
-0.043893 0.0250639 0.998722 34.2262 0.0188196 0.999529 -0.0242571 -2.48482 -0.998859 0.0177308 -0.044344 89.2532 
-0.0545369 0.0262072 0.998168 34.9974 0.018785 0.999505 -0.0252161 -2.51312 -0.998335 0.0173754 -0.0550022 89.2176 
-0.0649687 0.0274126 0.997511 35.7706 0.0199116 0.999459 -0.0261694 -2.54178 -0.997689 0.0181618 -0.0654794 89.1764 
-0.0743679 0.0280999 0.996835 36.5304 0.0207335 0.99943 -0.0266264 -2.57145 -0.997015 0.0186878 -0.0749082 89.125 
-0.0840604 0.0288254 0.996044 37.2781 0.0212751 0.999405 -0.0271272 -2.60149 -0.996233 0.0189106 -0.0846237 89.0669 
-0.0932713 0.0289338 0.99522 38.0267 0.0222965 0.999388 -0.0269654 -2.63629 -0.995391 0.0196749 -0.0938593 89.0016 
-0.102189 0.0283281 0.994362 38.7594 0.0232716 0.999389 -0.0260798 -2.66632 -0.994493 0.0204754 -0.102785 88.938 
-0.109081 0.0270448 0.993665 39.4898 0.0252208 0.999383 -0.0244318 -2.69933 -0.993713 0.022396 -0.109696 88.8552 
-0.114245 0.0255863 0.993123 40.2114 0.0284844 0.999342 -0.0224699 -2.72744 -0.993044 0.0257215 -0.114898 88.7747 
-0.118091 0.0242991 0.992705 40.9243 0.0314187 0.999291 -0.0207229 -2.75065 -0.992506 0.0287423 -0.11877 88.6965 
-0.120592 0.0234885 0.992424 41.6304 0.0329318 0.999264 -0.0196488 -2.7704 -0.992156 0.0303129 -0.121276 88.6157 
-0.122361 0.0227923 0.992224 42.3277 0.0335201 0.999261 -0.0188203 -2.79247 -0.991919 0.0309566 -0.123034 88.5367 
-0.12324 0.0228706 0.992113 42.9863 0.0342226 0.999238 -0.0187838 -2.8247 -0.991787 0.0316378 -0.123929 88.4668 
-0.122687 0.0239561 0.992156 43.6416 0.035423 0.999177 -0.0197454 -2.8484 -0.991813 0.0327227 -0.123435 88.4016 
-0.120007 0.0258177 0.992437 44.2959 0.0361157 0.999114 -0.0216243 -2.86732 -0.992116 0.0332475 -0.120833 88.3348 
-0.115098 0.0264167 0.993003 44.9138 0.0362532 0.999092 -0.0223767 -2.89396 -0.992692 0.033424 -0.115951 88.2785 
-0.10735 0.027111 0.993852 45.5129 0.0353212 0.999101 -0.0234391 -2.91711 -0.993594 0.0325879 -0.108211 88.2284 
-0.0966198 0.0273572 0.994945 46.0955 0.0342015 0.999123 -0.0241508 -2.94191 -0.994733 0.0316952 -0.0974708 88.1914 
-0.0827373 0.0276303 0.996188 46.6637 0.0334122 0.99913 -0.024937 -2.9661 -0.996011 0.0312216 -0.0835886 88.1576 
-0.0654879 0.0288072 0.997437 47.2096 0.0325279 0.999114 -0.0267201 -2.9933 -0.997323 0.0306947 -0.0663669 88.136 
-0.0438431 0.0312019 0.998551 47.7456 0.0308926 0.999076 -0.029862 -3.02309 -0.998561 0.0295386 -0.0447666 88.1299 
-0.0192505 0.0341028 0.999233 48.2768 0.0288306 0.999021 -0.0335402 -3.04672 -0.999399 0.0281628 -0.0202148 88.1396 
0.00914714 0.0353464 0.999333 48.7984 0.0263392 0.99902 -0.0355765 -3.07692 -0.999611 0.0266471 0.00820717 88.17 
0.0427417 0.0350357 0.998472 49.3232 0.0241472 0.999057 -0.0360899 -3.09817 -0.998794 0.0256529 0.0418554 88.2134 
0.081235 0.0326398 0.99616 49.8441 0.0231069 0.999133 -0.0346216 -3.12066 -0.996427 0.0258307 0.0804104 88.282 
0.124054 0.0288214 0.991857 50.3499 0.0209581 0.999279 -0.0316584 -3.14901 -0.992054 0.0247148 0.123361 88.3621 
0.170071 0.0242364 0.985134 50.8583 0.017919 0.999456 -0.0276823 -3.17568 -0.985269 0.0223606 0.169544 88.4723 
0.219795 0.0210195 0.97532 51.3461 0.0134876 0.999607 -0.0245825 -3.19702 -0.975453 0.0185578 0.219425 88.6025 
0.272612 0.0197363 0.961922 51.8209 0.00954946 0.999685 -0.0232176 -3.21398 -0.962077 0.0155152 0.272337 88.7582 
0.328431 0.0196715 0.944323 52.2919 0.00863264 0.999679 -0.0238272 -3.22844 -0.944488 0.0159776 0.328156 88.9505 
0.387653 0.020104 0.921586 52.7481 0.0106672 0.999597 -0.0262929 -3.24405 -0.921744 0.0200233 0.387282 89.1634 
0.447783 0.0235524 0.893832 53.1747 0.0103657 0.999449 -0.0315284 -3.26406 -0.894082 0.023383 0.447292 89.4184 
0.507401 0.0266877 0.861297 53.573 0.011008 0.999238 -0.037447 -3.28583 -0.86164 0.0284817 0.506721 89.6982 
0.56575 0.0309673 0.823995 53.9412 0.00624311 0.999105 -0.0418349 -3.30481 -0.824553 0.0288124 0.56505 90.0027 
0.621521 0.0338329 0.782666 54.2903 0.00163614 0.999009 -0.0444842 -3.32237 -0.783395 0.0289284 0.62085 90.3407 
0.674533 0.0352771 0.737401 54.6127 -0.00122276 0.99891 -0.0466693 -3.34008 -0.738243 0.0305783 0.673841 90.6945 
0.723352 0.0336102 0.689661 54.8794 -0.00243615 0.998933 -0.0461273 -3.36369 -0.690475 0.0316862 0.722662 91.0357 
0.768883 0.0293667 0.638715 55.154 -0.00467591 0.999176 -0.0403112 -3.38752 -0.639372 0.0280079 0.768387 91.4324 
0.810108 0.0252834 0.585735 55.3891 -0.00660316 0.9994 -0.0340069 -3.40175 -0.586243 0.0236816 0.809789 91.8497 
0.846696 0.0234171 0.531562 55.5994 -0.0102342 0.999563 -0.0277327 -3.41963 -0.531979 0.018041 0.846565 92.2735 
0.877813 0.0194761 0.478608 55.7797 -0.0112057 0.999734 -0.0201303 -3.4367 -0.478873 0.0123075 0.877798 92.7128 
0.903436 0.0201941 0.428248 55.9326 -0.0154639 0.999775 -0.0145222 -3.45481 -0.428444 0.00649743 0.903545 93.1584 
0.923632 0.0225517 0.382616 56.0698 -0.0197448 0.999742 -0.011262 -3.46838 -0.382771 0.00284722 0.923839 93.6072 
0.93891 0.0289359 0.342945 56.1866 -0.0276036 0.99958 -0.00876715 -3.47864 -0.343055 -0.001235 0.939315 94.0739 
0.950863 0.0334164 0.307805 56.2987 -0.0320396 0.999441 -0.00952729 -3.48753 -0.307951 -0.00080285 0.951402 94.5442 
0.960196 0.0359364 0.277006 56.4061 -0.0346544 0.999354 -0.00952413 -3.49238 -0.277169 -0.000454525 0.960821 95.019 
0.9665 0.0299959 0.254906 56.5184 -0.0286488 0.999549 -0.00899727 -3.50152 -0.255061 0.00139304 0.966924 95.4955 
0.970577 0.0268687 0.239288 56.6231 -0.0256331 0.999637 -0.0082749 -3.51299 -0.239423 0.00189766 0.970913 95.982 
0.97347 0.0311292 0.226687 56.7159 -0.0299953 0.999514 -0.00844611 -3.52296 -0.22684 0.0014224 0.973931 96.4768 
0.975342 0.0369605 0.217583 56.794 -0.0360332 0.999317 -0.00822974 -3.52488 -0.217738 0.000186542 0.976007 96.9964 
0.976371 0.0444973 0.211471 56.8851 -0.0434324 0.999009 -0.00968069 -3.52981 -0.211692 0.00026718 0.977336 97.5196 
0.97673 0.0499582 0.208573 56.9751 -0.0482454 0.998747 -0.0132953 -3.53983 -0.208975 0.00292318 0.977916 98.04 
0.976795 0.0513823 0.20792 57.0723 -0.0491725 0.998665 -0.0157867 -3.55544 -0.208454 0.00519639 0.978018 98.5832 
0.976281 0.0498443 0.210689 57.1805 -0.0467805 0.998715 -0.0195047 -3.56582 -0.211391 0.00918588 0.977358 99.125 
0.975535 0.0484784 0.214434 57.3012 -0.0439127 0.998697 -0.0260081 -3.57846 -0.215415 0.0159553 0.976392 99.6738 
0.974604 0.0488753 0.218537 57.4197 -0.0432273 0.998598 -0.0305549 -3.59361 -0.219724 0.0203321 0.97535 100.242 
0.973439 0.053355 0.222644 57.5444 -0.0477517 0.998394 -0.0304795 -3.60792 -0.223913 0.0190382 0.974423 100.819 
0.971926 0.0563712 0.228433 57.6669 -0.0515973 0.998308 -0.0268224 -3.62403 -0.229559 0.0142827 0.97319 101.418 
0.970963 0.0533172 0.233212 57.8067 -0.0494728 0.998526 -0.0223077 -3.6422 -0.234058 0.0101223 0.97217 102.019 
0.970291 0.0490296 0.23692 57.9585 -0.0464001 0.998784 -0.0166658 -3.6607 -0.237449 0.0051775 0.971386 102.632 
0.969474 0.0463695 0.240767 58.1053 -0.0447644 0.998924 -0.0121348 -3.67441 -0.241071 0.000986523 0.970507 103.269 
0.968932 0.0417085 0.243786 58.2578 -0.0400577 0.999128 -0.011728 -3.68521 -0.244062 0.00159804 0.969758 103.907 
0.969008 0.0380778 0.244077 58.4154 -0.0355544 0.999259 -0.0147377 -3.69946 -0.244457 0.00560288 0.969644 104.548 
0.969195 0.0373129 0.243452 58.575 -0.0330484 0.999221 -0.0215794 -3.72045 -0.244067 0.0128689 0.969673 105.195 
0.969318 0.0391914 0.242664 58.7255 -0.0332821 0.999042 -0.0284057 -3.73559 -0.243545 0.0194577 0.969694 105.863 
0.969836 0.0418694 0.240134 58.8729 -0.0350879 0.998857 -0.0324488 -3.74878 -0.241218 0.0230442 0.970197 106.541 
0.970468 0.0398755 0.237913 59.0251 -0.03414 0.99902 -0.0281815 -3.77149 -0.238803 0.0192268 0.970877 107.24 
0.970978 0.0357386 0.236483 59.1961 -0.0317778 0.999284 -0.0205408 -3.79404 -0.237048 0.0124297 0.971418 107.946 
0.971484 0.0363061 0.234307 59.3538 -0.0337879 0.99932 -0.0147549 -3.8166 -0.234684 0.00641731 0.972051 108.676 
0.971852 0.03988 0.23219 59.5148 -0.0372685 0.999183 -0.0156252 -3.8353 -0.232623 0.00653198 0.972545 109.404 
0.972073 0.0456121 0.230204 59.661 -0.0420751 0.998909 -0.0202532 -3.85282 -0.230877 0.0100017 0.972932 110.137 
0.972962 0.0462241 0.22629 59.8191 -0.0415272 0.998812 -0.0254755 -3.87155 -0.227199 0.0153895 0.973727 110.885 
0.973968 0.0449978 0.222175 59.9829 -0.0397554 0.998817 -0.0280148 -3.89556 -0.223173 0.0184528 0.974604 111.649 
0.97489 0.0426643 0.218559 60.1376 -0.0377862 0.998936 -0.0264531 -3.92192 -0.219455 0.0175303 0.975465 112.422 
0.975895 0.0382743 0.214859 60.3044 -0.0337828 0.999128 -0.0245399 -3.94649 -0.21561 0.0166897 0.976337 113.212 
0.976321 0.0373609 0.213077 60.4675 -0.0334662 0.999201 -0.0218575 -3.9742 -0.213723 0.014209 0.976791 114.007 
0.976756 0.0338465 0.211664 60.6342 -0.030394 0.999347 -0.0195447 -3.99718 -0.212188 0.012657 0.977147 114.816 
0.976966 0.0285388 0.211477 60.8005 -0.0252327 0.999514 -0.0183165 -4.01994 -0.211897 0.0125583 0.977211 115.633 
0.977087 0.0291567 0.210833 60.9628 -0.0261468 0.999513 -0.0170507 -4.04018 -0.211228 0.0111473 0.977373 116.445 
0.976816 0.0347815 0.211237 61.117 -0.0315194 0.999326 -0.018792 -4.06938 -0.211749 0.0116982 0.977254 117.26 
0.976523 0.040446 0.211584 61.2787 -0.0366023 0.999086 -0.0220534 -4.09531 -0.212282 0.0137911 0.977111 118.078 
0.97584 0.0494554 0.212815 61.4295 -0.0454164 0.998684 -0.0238295 -4.11582 -0.213713 0.0135884 0.976802 118.909 
0.974861 0.0553434 0.215831 61.5903 -0.0515089 0.998399 -0.0233558 -4.14135 -0.216778 0.0116513 0.976151 119.747 
0.974037 0.0582524 0.218767 61.7571 -0.0548743 0.998262 -0.0214918 -4.16739 -0.219639 0.00892901 0.97554 120.585 
0.973493 0.058495 0.221108 61.9356 -0.0549359 0.998243 -0.0222182 -4.19771 -0.222019 0.00948247 0.974996 121.433 
0.973079 0.0569626 0.223319 62.1067 -0.052706 0.998298 -0.0249801 -4.22238 -0.224362 0.0125372 0.974425 122.281 
0.973191 0.0503908 0.22441 62.3013 -0.0462495 0.998649 -0.0236765 -4.25101 -0.2253 0.0126629 0.974207 123.118 
0.973525 0.0436222 0.224379 62.4939 -0.0390298 0.998929 -0.0248643 -4.28496 -0.225224 0.0154485 0.974185 123.956 
0.973236 0.0430451 0.225739 62.6763 -0.0383551 0.998948 -0.0251236 -4.31719 -0.226583 0.0157929 0.973864 124.796 
0.972696 0.0456208 0.227553 62.8609 -0.0416071 0.998883 -0.0224072 -4.34368 -0.22832 0.0123275 0.973508 125.648 
0.972331 0.0476619 0.228693 63.0419 -0.0449394 0.998843 -0.0171009 -4.3659 -0.229243 0.00635031 0.973348 126.494 
0.971893 0.0509694 0.229837 63.2178 -0.0493895 0.9987 -0.0126255 -4.39957 -0.230182 0.000919022 0.973147 127.335 
0.971736 0.0504161 0.230622 63.4037 -0.0472616 0.998698 -0.0191861 -4.42702 -0.231289 0.00774422 0.972854 128.161 
0.972061 0.0464058 0.230094 63.5938 -0.039763 0.99865 -0.0334261 -4.45954 -0.231335 0.0233429 0.972594 128.969 
0.972298 0.0441551 0.229537 63.7835 -0.035319 0.998473 -0.0424648 -4.49264 -0.231062 0.0331813 0.972373 129.782 
0.972577 0.0411691 0.228906 63.9627 -0.0343528 0.998842 -0.0336853 -4.51899 -0.230028 0.0248979 0.972865 130.609 
0.972992 0.034418 0.228257 64.1455 -0.0323867 0.999395 -0.0126404 -4.55518 -0.228554 0.00490647 0.973519 131.463 
0.973329 0.030441 0.227385 64.3323 -0.0318686 0.999489 0.0026086 -4.58734 -0.22719 -0.00978557 0.973801 132.305 
0.973364 0.0350683 0.226569 64.5069 -0.0352496 0.999373 -0.00324699 -4.60566 -0.22654 -0.00482602 0.97399 133.124 
0.973471 0.0433844 0.224661 64.6662 -0.0400361 0.999009 -0.0194406 -4.61879 -0.225282 0.00993023 0.974243 133.938 
0.973786 0.0431792 0.223328 64.8398 -0.0379797 0.998899 -0.0275273 -4.63469 -0.22427 0.0183237 0.974355 134.752 
0.974369 0.0393239 0.22149 65.0127 -0.0339065 0.999027 -0.0282099 -4.66921 -0.222383 0.0199769 0.974755 135.565 
0.975001 0.0388484 0.218776 65.1786 -0.033875 0.999076 -0.02644 -4.70685 -0.219601 0.0183679 0.975417 136.388 
0.975853 0.0385024 0.215009 65.3451 -0.0333617 0.999065 -0.0274891 -4.73828 -0.215867 0.0196522 0.976225 137.188 
0.976966 0.039718 0.209666 65.5086 -0.0343602 0.998985 -0.0291369 -4.76846 -0.21061 0.0212615 0.977339 137.988 
0.977303 0.0446215 0.207094 65.653 -0.0394155 0.998796 -0.0291997 -4.80395 -0.208148 0.0203741 0.977885 138.804 
0.977466 0.0508074 0.204887 65.8 -0.0456434 0.998511 -0.0298556 -4.83098 -0.206099 0.019831 0.97833 139.607 
0.977801 0.0518066 0.203028 65.9506 -0.0470773 0.998497 -0.0280578 -4.86302 -0.204176 0.0178768 0.978771 140.409 
0.978109 0.0498931 0.202025 66.1034 -0.046153 0.998665 -0.0231849 -4.89729 -0.202912 0.0133532 0.979106 141.205 
0.97851 0.0484185 0.200433 66.2556 -0.0446878 0.998734 -0.0230992 -4.92825 -0.201297 0.0136459 0.979435 142.001 
0.979026 0.0472595 0.198177 66.3985 -0.0429018 0.998735 -0.0262283 -4.95657 -0.199166 0.017176 0.979815 142.805 
0.98018 0.0425781 0.193477 66.5499 -0.0374898 0.99885 -0.0298868 -4.99126 -0.194527 0.022041 0.980649 143.596 
0.981616 0.0394193 0.186753 66.6954 -0.0342893 0.998943 -0.0306221 -5.02737 -0.187762 0.0236554 0.98193 144.379 
0.982846 0.0373392 0.180606 66.8286 -0.0333151 0.999125 -0.0252648 -5.05446 -0.181391 0.0188144 0.983231 145.18 
0.984131 0.0344017 0.174076 66.9645 -0.0320104 0.999351 -0.0165272 -5.085 -0.174531 0.0106926 0.984593 145.983 
0.984816 0.0315518 0.170709 67.0952 -0.030742 0.9995 -0.00738624 -5.10595 -0.170857 0.00202606 0.985294 146.788 
0.985301 0.0381249 0.16652 67.205 -0.0378129 0.999272 -0.00504545 -5.12121 -0.166591 -0.0013254 0.986025 147.584 
0.985968 0.0408543 0.161861 67.3141 -0.03981 0.99916 -0.00969158 -5.14224 -0.16212 0.00311184 0.986766 148.382 
0.987269 0.0411897 0.153635 67.4339 -0.0385835 0.999057 -0.0199091 -5.16075 -0.15431 0.0137278 0.987927 149.182 
0.988328 0.0382687 0.147453 67.5369 -0.0349613 0.999077 -0.024959 -5.1822 -0.148272 0.0195125 0.988754 149.98 
0.989343 0.0370808 0.1408 67.6378 -0.0340041 0.999129 -0.0241963 -5.20329 -0.141575 0.0191506 0.989742 150.785 
0.990155 0.0435974 0.133013 67.7248 -0.0412087 0.998937 -0.0206605 -5.23179 -0.133772 0.0149757 0.990899 151.601 
0.990932 0.0493563 0.124973 67.8047 -0.0469215 0.998648 -0.0223547 -5.25725 -0.125907 0.016288 0.991908 152.414 
0.992004 0.0521854 0.114915 67.8777 -0.0492614 0.998389 -0.0281425 -5.28301 -0.116198 0.0222565 0.992977 153.217 
0.993023 0.0509578 0.106338 67.9566 -0.0480055 0.998392 -0.0301432 -5.31336 -0.107703 0.024828 0.993873 154.03 
0.993877 0.0507424 0.0981553 68.0244 -0.0482722 0.998459 -0.0273817 -5.34029 -0.0993933 0.0224757 0.994794 154.852 
0.994443 0.0533836 0.0907414 68.0728 -0.0517398 0.998453 -0.0203745 -5.36753 -0.0916885 0.0155662 0.995666 155.681 
0.994969 0.0564928 0.0827407 68.1182 -0.0554839 0.998355 -0.0144451 -5.39431 -0.0834205 0.00978158 0.996466 156.506 
0.995623 0.055508 0.0751862 68.1657 -0.0548448 0.998436 -0.0108592 -5.4172 -0.0756713 0.00668807 0.99711 157.327 
0.996046 0.0563131 0.0687119 68.2081 -0.0558405 0.998401 -0.00878272 -5.43476 -0.0690965 0.00491101 0.997598 158.153 
0.996381 0.0551319 0.0646888 68.2465 -0.0545623 0.998455 -0.0105422 -5.45228 -0.06517 0.00697438 0.99785 158.976 
0.996417 0.0596052 0.0600031 68.2753 -0.0587415 0.998144 -0.0160602 -5.47129 -0.0608489 0.0124779 0.998069 159.795 
0.996241 0.0658735 0.0562565 68.2961 -0.064697 0.997651 -0.0224882 -5.49757 -0.0576057 0.018764 0.998163 160.601 
0.996313 0.0674183 0.053059 68.3232 -0.0661714 0.997497 -0.0249192 -5.52016 -0.0546062 0.0213163 0.99828 161.423 
0.996336 0.0691821 0.0502818 68.3497 -0.0683159 0.997487 -0.0187493 -5.54367 -0.0514525 0.0152454 0.998559 162.258 
0.996288 0.0710825 0.0485453 68.3663 -0.0707438 0.997457 -0.00866489 -5.56218 -0.0490377 0.00519837 0.998783 163.098 
0.996349 0.0721289 0.0456622 68.3877 -0.0721552 0.997393 -0.0010772 -5.58124 -0.0456207 -0.00222157 0.998956 163.924 
0.996799 0.0690868 0.0402202 68.4133 -0.0689633 0.997609 -0.00445468 -5.59804 -0.0404318 0.00166663 0.999181 164.743 
0.997778 0.0571387 0.0342693 68.4454 -0.0566976 0.998297 -0.0137107 -5.61836 -0.0349943 0.0117372 0.999318 165.551 
0.998162 0.0544879 0.0265149 68.465 -0.0540098 0.99837 -0.01843 -5.62796 -0.0274759 0.0169639 0.999478 166.37 
0.998103 0.0583304 0.0196923 68.4632 -0.0579971 0.99817 -0.0171003 -5.64704 -0.0206537 0.0159257 0.99966 167.2 
0.998314 0.0566335 0.0127098 68.4523 -0.0564982 0.998345 -0.0107661 -5.66992 -0.0132984 0.0100298 0.999861 168.04 
0.998683 0.0510813 0.00486595 68.455 -0.0510457 0.99867 -0.00719873 -5.68393 -0.00522711 0.00694078 0.999962 168.881 
0.999101 0.042376 -0.000678114 68.4486 -0.0423781 0.999096 -0.00330637 -5.68879 0.000537477 0.00333205 0.999994 169.722 
0.999237 0.0384058 -0.00714449 68.4368 -0.0384299 0.999256 -0.0032547 -5.70318 0.00701426 0.0035267 0.999969 170.554 
0.999287 0.0352308 -0.01359 68.4137 -0.035368 0.999324 -0.00997824 -5.7239 0.0132293 0.0104517 0.999858 171.392 
0.999437 0.025848 -0.0213725 68.3928 -0.0262746 0.999456 -0.0199246 -5.74491 0.020846 0.0204749 0.999573 172.214 
0.999488 0.0157244 -0.0278454 68.3752 -0.0163991 0.999573 -0.0241664 -5.75953 0.0274536 0.0246106 0.99932 173.046 
0.999226 0.0188301 -0.0345469 68.336 -0.01941 0.999675 -0.0165256 -5.78196 0.0342246 0.0171832 0.999266 173.881 
0.998785 0.0296575 -0.0393583 68.2677 -0.0298273 0.999548 -0.00373167 -5.8001 0.0392299 0.004901 0.999218 174.738 
0.998437 0.0343288 -0.0441017 68.2121 -0.0341708 0.999407 0.00433465 -5.81882 0.0442245 -0.00282097 0.999018 175.585 
0.998284 0.034015 -0.047666 68.1533 -0.0339761 0.999421 0.00162733 -5.83372 0.0476938 -5.11925e-06 0.998862 176.424 
0.998132 0.035779 -0.0495167 68.091 -0.0362752 0.9993 -0.00915716 -5.84421 0.0491545 0.0109362 0.998731 177.256 
0.99753 0.0462809 -0.0528466 68.0193 -0.0473082 0.998712 -0.0183539 -5.86132 0.0519291 0.0208086 0.998434 178.088 
0.997508 0.0442151 -0.0549804 67.9533 -0.0454906 0.998719 -0.0221655 -5.87712 0.05393 0.0246113 0.998241 178.95 
0.997621 0.0384593 -0.0572189 67.8991 -0.0395042 0.999071 -0.0172428 -5.89795 0.0565027 0.0194621 0.998213 179.813 
0.997657 0.038701 -0.0564186 67.8317 -0.0392414 0.999194 -0.0085005 -5.91811 0.0560442 0.0106944 0.998371 180.678 
0.997598 0.0403457 -0.0563007 67.7666 -0.040585 0.999171 -0.00311233 -5.93617 0.0561286 0.00538974 0.998409 181.534 
0.997512 0.0406769 -0.0575762 67.6973 -0.0409859 0.999151 -0.00419422 -5.95024 0.0573568 0.00654351 0.998332 182.387 
0.997488 0.0367437 -0.0605594 67.6456 -0.0376219 0.999202 -0.0134236 -5.96719 0.060018 0.0156682 0.998074 183.235 
0.997698 0.0262195 -0.0625311 67.5852 -0.0277892 0.999317 -0.0243655 -5.99414 0.0618496 0.0260471 0.997745 184.081 
0.997741 0.0153233 -0.0654085 67.5456 -0.0171839 0.999461 -0.0279775 -6.02461 0.0649446 0.0290382 0.997466 184.931 
0.997608 0.0173909 -0.0669045 67.4853 -0.0190034 0.999542 -0.0235386 -6.04941 0.0664646 0.0247536 0.997482 185.782 
0.997425 0.0228988 -0.0679593 67.4093 -0.0238363 0.999631 -0.0130137 -6.07511 0.0676363 0.0146 0.997603 186.635 
0.997314 0.0240307 -0.0691943 67.331 -0.0247565 0.999647 -0.00964951 -6.10031 0.0689381 0.0113365 0.997556 187.488 
0.997286 0.0229335 -0.0699645 67.2617 -0.0239312 0.999623 -0.0134533 -6.12298 0.0696297 0.0150911 0.997459 188.329 
0.997285 0.0233612 -0.06984 67.1934 -0.0247904 0.999499 -0.0196669 -6.14203 0.0693456 0.0213448 0.997364 189.162 
0.997088 0.0297668 -0.0702069 67.1086 -0.0312716 0.999302 -0.0204314 -6.16252 0.0695498 0.0225673 0.997323 190.003 
0.996994 0.0324378 -0.0703643 67.0321 -0.0337263 0.999283 -0.0171997 -6.19173 0.0697561 0.0195211 0.997373 190.837 
0.996811 0.0365999 -0.0709156 66.9564 -0.0376906 0.99919 -0.0141021 -6.21924 0.0703421 0.0167299 0.997383 191.67 
0.996666 0.0401547 -0.0710212 66.8807 -0.0410392 0.999096 -0.011037 -6.24349 0.070514 0.0139148 0.997414 192.498 
0.99651 0.0426689 -0.0717447 66.8051 -0.0436186 0.998979 -0.0117216 -6.26446 0.0711714 0.0148101 0.997354 193.325 
