1 -4.23778e-08 4.22719e-08 0 -4.23778e-08 1 -4.19404e-08 0 4.22719e-08 -4.19404e-08 1 0 
0.999069 -0.000756373 0.0431375 0.065648 0.000848262 0.999997 -0.00211389 -0.0500307 -0.0431357 0.00214843 0.999067 1.00493 
0.996122 -0.00534059 0.0878218 0.181847 0.00595609 0.999959 -0.00674896 -0.0735691 -0.0877821 0.00724578 0.996113 2.05869 
0.991165 -0.00513417 0.132536 0.38052 0.00656473 0.999925 -0.0103597 -0.0980073 -0.132473 0.0111382 0.991124 3.16947 
0.984085 -0.00312869 0.177669 0.58699 0.00556235 0.999897 -0.0132018 -0.113806 -0.177609 0.0139799 0.984002 4.19465 
0.97489 -0.00464032 0.222638 0.859324 0.00756863 0.999896 -0.0123018 -0.170383 -0.222558 0.0136779 0.974823 5.1879 
0.963343 -0.00630938 0.268197 1.11036 0.0104799 0.999845 -0.0141218 -0.175471 -0.268066 0.0164147 0.963261 6.30759 
0.950223 -0.00973252 0.311417 1.40398 0.0156728 0.99974 -0.0165783 -0.207506 -0.311175 0.0206338 0.950129 7.21218 
0.935366 -0.0121366 0.353472 1.77928 0.019732 0.999645 -0.0178925 -0.250169 -0.353129 0.0237107 0.935274 8.1963 
0.918083 -0.0122535 0.396199 2.18056 0.0214825 0.999591 -0.0188652 -0.266257 -0.395806 0.0258311 0.917971 9.18916 
0.898665 -0.0127147 0.438451 2.63475 0.0228164 0.999581 -0.0177785 -0.284846 -0.438041 0.0259807 0.898579 10.12 
0.877001 -0.0126004 0.480322 3.10566 0.0235407 0.999582 -0.0167601 -0.313526 -0.479911 0.0260057 0.876932 11.0115 
0.852943 -0.012445 0.521856 3.6228 0.0239607 0.999595 -0.0153246 -0.34858 -0.521454 0.025575 0.852896 11.8995 
0.826986 -0.0125333 0.562083 4.21993 0.0255367 0.999557 -0.015284 -0.37637 -0.561642 0.0269933 0.82694 12.8818 
0.79974 -0.0143429 0.600176 4.78473 0.0290553 0.999468 -0.0148315 -0.413647 -0.599643 0.0292995 0.799731 13.6553 
0.770845 -0.0129745 0.63689 5.40382 0.0293605 0.999454 -0.0151754 -0.447732 -0.636345 0.0303972 0.770805 14.4362 
0.740255 -0.016355 0.672128 6.04019 0.0342765 0.999322 -0.0134343 -0.477849 -0.671452 0.032983 0.740313 15.1561 
0.707881 -0.0151999 0.706168 6.73401 0.03422 0.999332 -0.012793 -0.507224 -0.705502 0.033221 0.707929 15.8719 
0.673349 -0.0138234 0.739195 7.49479 0.0353343 0.999284 -0.0134998 -0.533032 -0.738479 0.035209 0.673356 16.6332 
0.637848 -0.0151554 0.770013 8.27825 0.0400128 0.999108 -0.0134806 -0.560107 -0.769122 0.0394089 0.637886 17.2775 
0.601731 -0.0135199 0.798584 9.13279 0.0403714 0.999093 -0.0135053 -0.58354 -0.797678 0.0403665 0.601731 17.8907 
0.56409 -0.0128053 0.825614 9.97052 0.0438992 0.998931 -0.0145003 -0.605951 -0.824545 0.0444232 0.564049 18.4925 
0.525388 -0.0111103 0.85079 10.8165 0.0483494 0.998689 -0.0168156 -0.629529 -0.849488 0.0499699 0.525236 19.0045 
0.486655 -0.0102232 0.873534 11.7726 0.0498517 0.998627 -0.0160859 -0.672433 -0.872171 0.0513754 0.486497 19.5386 
0.448665 -0.0124139 0.893614 12.6707 0.0555794 0.998356 -0.0140364 -0.698705 -0.89197 0.0559641 0.448617 19.9861 
0.411642 -0.0127999 0.911256 13.652 0.0591008 0.998171 -0.012677 -0.718311 -0.909427 0.0590743 0.411646 20.4327 
0.376206 -0.0111796 0.926468 14.6844 0.0611929 0.998044 -0.0128051 -0.770225 -0.924513 0.0615107 0.376154 20.8993 
0.344035 -0.0120616 0.938879 15.7213 0.062414 0.998 -0.0100495 -0.782033 -0.93688 0.0620565 0.3441 21.232 
0.311984 -0.0138759 0.949986 16.7506 0.0662283 0.997779 -0.00717612 -0.794629 -0.947776 0.0651548 0.31221 21.5158 
0.279003 -0.0136255 0.960193 17.841 0.0669668 0.997741 -0.00530031 -0.815477 -0.957952 0.0657799 0.279285 21.8634 
0.246087 -0.0106071 0.96919 18.8366 0.0639818 0.997937 -0.00532396 -0.829245 -0.967134 0.0633206 0.246258 22.1516 
0.215633 -0.00927014 0.97643 20.0075 0.064948 0.997877 -0.00486934 -0.838259 -0.974312 0.0644672 0.215778 22.4122 
0.185226 -0.00904464 0.982654 21.0379 0.0671041 0.99774 -0.00346541 -0.856322 -0.980402 0.066582 0.185414 22.609 
0.154821 -0.00967234 0.987895 22.1352 0.0692432 0.997599 -0.00108441 -0.871222 -0.985513 0.0685729 0.155119 22.7699 
0.124007 -0.0102569 0.992228 23.1064 0.0673871 0.997725 0.00189168 -0.888158 -0.98999 0.0666288 0.124416 22.936 
0.0942571 -0.0105521 0.995492 24.1612 0.0680892 0.997671 0.00412819 -0.89784 -0.993217 0.0673931 0.094756 23.0561 
0.0664031 -0.0104782 0.997738 25.2487 0.0702393 0.997513 0.00580109 -0.897798 -0.995317 0.0696952 0.0669739 23.1401 
0.0399702 -0.00955377 0.999155 26.4354 0.0725716 0.997341 0.00663318 -0.893991 -0.996562 0.0722452 0.0405572 23.2366 
0.0172496 -0.00890191 0.999812 27.6583 0.0767003 0.997025 0.00755372 -0.880776 -0.996905 0.0765555 0.017881 23.2774 
-0.00328234 -0.00916225 0.999953 28.8022 0.0828007 0.996522 0.00940253 -0.877108 -0.996561 0.0828277 -0.00251228 23.2779 
-0.0217628 -0.00960045 0.999717 29.9959 0.0861837 0.996213 0.0114429 -0.867279 -0.996041 0.0864083 -0.020853 23.2658 
-0.0380312 -0.00928544 0.999233 31.2738 0.0892649 0.995927 0.0126521 -0.844473 -0.995281 0.0896776 -0.0370474 23.264 
-0.0533942 -0.00992588 0.998524 32.5292 0.090538 0.995784 0.0147399 -0.838418 -0.994461 0.0911914 -0.0522704 23.2406 
-0.0662661 -0.0110041 0.997741 33.7738 0.0912878 0.995679 0.0170443 -0.82359 -0.993617 0.0922111 -0.0649752 23.1679 
-0.0785615 -0.011128 0.996847 34.9985 0.0906681 0.995714 0.0182608 -0.810078 -0.992778 0.0918168 -0.0772158 23.1002 
-0.0902965 -0.00779546 0.995884 36.2711 0.0906943 0.99575 0.0160175 -0.783947 -0.991777 0.0917673 -0.0892057 23.025 
-0.100386 -0.00427499 0.994939 37.4908 0.0913092 0.995731 0.0134911 -0.770481 -0.99075 0.0922014 -0.0995668 22.9192 
-0.110501 -0.00169795 0.993874 38.8128 0.0919373 0.995693 0.0119228 -0.749216 -0.989615 0.0926917 -0.109869 22.8245 
-0.117946 -0.000481461 0.99302 40.154 0.0919472 0.995698 0.0114037 -0.731263 -0.988754 0.0926504 -0.117394 22.6756 
-0.124326 0.000274602 0.992241 41.5178 0.0914605 0.995746 0.0111842 -0.724914 -0.988017 0.0921414 -0.123822 22.5645 
-0.129636 0.00192943 0.99156 42.8538 0.092879 0.995625 0.0102055 -0.709399 -0.987202 0.0934181 -0.129248 22.4116 
-0.134081 0.00376729 0.990963 44.2651 0.0918171 0.995738 0.00863764 -0.685241 -0.986708 0.0921455 -0.133855 22.203 
-0.138558 0.00467656 0.990343 45.6908 0.0924576 0.995682 0.00823383 -0.680665 -0.986029 0.0927056 -0.138392 22.0473 
-0.141735 0.00411693 0.989896 47.1379 0.0918727 0.99573 0.00901322 -0.649313 -0.985632 0.0922219 -0.141508 21.8345 
-0.145089 0.00180313 0.989417 48.5898 0.0922089 0.995671 0.011707 -0.665802 -0.985113 0.0929316 -0.144627 21.7157 
-0.14772 0.00100275 0.989029 50.0033 0.0907072 0.995799 0.0125382 -0.642672 -0.984861 0.0915642 -0.14719 21.5318 
-0.149734 0.00147467 0.988725 51.5017 0.0940524 0.995485 0.0127586 -0.635653 -0.984243 0.0949024 -0.149197 21.2892 
-0.151447 0.000948022 0.988465 53.0938 0.0928623 0.99559 0.0132729 -0.634063 -0.984094 0.0938013 -0.150867 21.111 
-0.152523 0.00219003 0.988297 54.5321 0.0947647 0.995422 0.0124191 -0.634813 -0.983746 0.09555 -0.152032 20.9409 
-0.152137 0.0020138 0.988357 56.0397 0.0938711 0.995507 0.0124211 -0.638807 -0.983891 0.0946679 -0.151643 20.6977 
-0.152332 0.00341137 0.988323 57.6807 0.0936523 0.995544 0.0109985 -0.628621 -0.983882 0.0942342 -0.151973 20.523 
-0.151981 0.00317277 0.988378 59.1612 0.094066 0.995502 0.0112686 -0.629048 -0.983897 0.0946854 -0.151596 20.3493 
-0.150707 0.00228286 0.988576 60.6546 0.0929198 0.995603 0.0118663 -0.61622 -0.984202 0.0936466 -0.150256 20.1359 
-0.149854 0.00280596 0.988704 62.2063 0.0934342 0.995561 0.0113359 -0.607123 -0.984283 0.0940775 -0.149451 19.9157 
-0.148905 0.00354981 0.988845 63.7743 0.0932213 0.99559 0.0104637 -0.591649 -0.984447 0.0937395 -0.14858 19.6937 
-0.14788 0.00405506 0.988997 65.379 0.0945319 0.995471 0.0100532 -0.588796 -0.984477 0.0949784 -0.147593 19.4596 
-0.147005 0.00378033 0.989128 67.0271 0.0947765 0.995445 0.0102812 -0.582523 -0.984585 0.0952575 -0.146694 19.2174 
-0.14679 0.00219822 0.989165 68.7567 0.0961698 0.995292 0.0120595 -0.568315 -0.984482 0.0968981 -0.14631 18.9929 
-0.146069 0.000703672 0.989274 70.5157 0.098517 0.995039 0.0138384 -0.533964 -0.984357 0.0994816 -0.145413 18.7742 
-0.145307 0.0016182 0.989385 72.0964 0.101045 0.994794 0.0132129 -0.541933 -0.984213 0.101892 -0.144714 18.558 
-0.144658 0.0031631 0.989477 73.7564 0.103366 0.994572 0.0119323 -0.540337 -0.984068 0.104004 -0.1442 18.3206 
-0.14502 0.00243767 0.989426 75.3659 0.1024 0.994664 0.0125581 -0.552891 -0.984115 0.103138 -0.144496 18.1761 
-0.145159 0.00230013 0.989406 77.0633 0.102438 0.994658 0.0127166 -0.537181 -0.984091 0.103198 -0.14462 17.9493 
-0.144941 0.000981335 0.98944 78.7529 0.102275 0.994658 0.0139955 -0.541906 -0.98414 0.103223 -0.144268 17.7213 
-0.14489 0.000661744 0.989447 80.4053 0.104046 0.994466 0.0145709 -0.549272 -0.983962 0.105059 -0.144157 17.5287 
-0.145294 0.000501625 0.989388 82.1731 0.105178 0.994341 0.0149414 -0.527039 -0.983782 0.106233 -0.144525 17.2949 
-0.144893 0.00110536 0.989447 83.9554 0.106125 0.994248 0.0144301 -0.514563 -0.983739 0.107096 -0.144177 17.0358 
-0.145809 0.00141845 0.989312 85.7556 0.105261 0.994345 0.0140881 -0.505465 -0.983697 0.10619 -0.145134 16.8069 
-0.146968 0.00201133 0.989139 87.6876 0.104731 0.994408 0.013539 -0.494701 -0.983581 0.105583 -0.146357 16.5539 
-0.147564 0.00300868 0.989048 89.5286 0.10366 0.994535 0.0124404 -0.466603 -0.983605 0.104361 -0.147069 16.275 
-0.1492 0.00171843 0.988805 91.3485 0.102606 0.994627 0.0137536 -0.472976 -0.983469 0.10351 -0.148575 16.0549 
-0.150642 0.00119059 0.988588 93.1335 0.102233 0.994656 0.0143804 -0.470223 -0.983288 0.103232 -0.149959 15.8194 
-0.151251 -6.78466e-05 0.988495 94.9655 0.0992486 0.994946 0.0152543 -0.453857 -0.9835 0.100414 -0.150479 15.5717 
-0.153697 0.00084906 0.988118 96.7953 0.0986413 0.995017 0.0144881 -0.443259 -0.983182 0.099696 -0.153015 15.3365 
-0.157229 0.00126853 0.987561 98.6424 0.0967483 0.995209 0.0141248 -0.436415 -0.982812 0.0977657 -0.156598 15.1033 
-0.162049 0.00266845 0.986779 100.585 0.0975348 0.995143 0.0133261 -0.40343 -0.981951 0.0984048 -0.161522 14.8205 
-0.166183 0.00193304 0.986093 102.457 0.0955059 0.995328 0.0141441 -0.386665 -0.981459 0.0965282 -0.165592 14.5323 
-0.170993 0.000915067 0.985272 104.371 0.0943135 0.995423 0.0154434 -0.370219 -0.980748 0.0955651 -0.170296 14.2232 
-0.175468 0.00173754 0.984484 106.28 0.0930574 0.99555 0.0148288 -0.35762 -0.980077 0.0942154 -0.174849 13.9065 
-0.179705 0.00346974 0.983714 108.198 0.0934508 0.995531 0.0135601 -0.337133 -0.979272 0.0943658 -0.179227 13.5679 
-0.18345 0.00469922 0.983018 110.13 0.0932715 0.99556 0.012647 -0.332607 -0.978594 0.0940076 -0.183074 13.2002 
-0.188021 0.005154 0.982151 112.064 0.0927844 0.995607 0.0125377 -0.323309 -0.977773 0.0934857 -0.187673 12.8464 
-0.192172 0.00493006 0.981349 113.98 0.0905677 0.995809 0.0127326 -0.293551 -0.977173 0.0913254 -0.191813 12.487 
-0.197343 0.00409452 0.980326 115.943 0.0886026 0.995973 0.013676 -0.286468 -0.976322 0.0895583 -0.196911 12.119 
-0.202953 0.00388902 0.979181 117.908 0.0871128 0.996099 0.0140994 -0.262834 -0.975306 0.0881607 -0.2025 11.7442 
-0.20826 0.00368398 0.978067 119.869 0.0875273 0.996051 0.0148854 -0.252073 -0.974149 0.0887076 -0.20776 11.3567 
-0.213515 0.00499361 0.976927 121.85 0.0881121 0.99601 0.0141663 -0.241458 -0.972958 0.0891038 -0.213103 10.9432 
-0.21912 0.0057277 0.975681 123.809 0.0871984 0.996096 0.0137355 -0.22884 -0.971794 0.0880876 -0.218764 10.5357 
-0.224634 0.00611787 0.974424 125.78 0.0887008 0.995957 0.0141951 -0.217067 -0.970398 0.0896209 -0.224269 10.1106 
-0.229928 0.00640029 0.973186 127.753 0.0885933 0.995964 0.0143812 -0.208112 -0.969167 0.0895245 -0.229567 9.67221 
-0.234831 0.00694007 0.972011 129.758 0.0874539 0.99607 0.0140163 -0.198275 -0.968094 0.0882977 -0.234515 9.21849 
-0.241156 0.00732683 0.970459 131.692 0.0861662 0.996184 0.0138909 -0.187217 -0.966653 0.0869706 -0.240867 8.90817 
-0.245098 0.00729794 0.969471 133.733 0.0873095 0.996075 0.014575 -0.155015 -0.965559 0.0882163 -0.244773 8.42121 
-0.248405 0.00715051 0.96863 135.724 0.0892068 0.995892 0.0155253 -0.148027 -0.96454 0.0902649 -0.248023 7.92248 
-0.251867 0.00766673 0.967731 137.779 0.0899859 0.995822 0.0155308 -0.130888 -0.963569 0.0909939 -0.251504 7.41505 
-0.254684 0.00800348 0.966991 139.772 0.0893012 0.995887 0.0152772 -0.117069 -0.962892 0.0902444 -0.254351 6.90832 
-0.257679 0.00751256 0.966201 141.833 0.0883441 0.995964 0.0158167 -0.0986637 -0.962183 0.0894338 -0.257303 6.38626 
-0.261563 0.0078146 0.965155 143.853 0.087544 0.996037 0.0156602 -0.101284 -0.961208 0.0885897 -0.26121 5.8599 
-0.265178 0.00829935 0.964164 145.875 0.0867185 0.996116 0.0152761 -0.0859179 -0.960292 0.0876617 -0.264868 5.32442 
-0.269627 0.00763238 0.962935 147.951 0.0853698 0.996221 0.0160077 -0.0764726 -0.959173 0.0865217 -0.269259 4.78395 
-0.274322 0.00793636 0.961605 149.881 0.0862778 0.996136 0.0163915 -0.0889383 -0.957759 0.0874617 -0.273947 4.29722 
-0.279377 0.00862601 0.960143 151.981 0.0865477 0.996115 0.0162339 -0.0596688 -0.956273 0.0876335 -0.279038 3.7779 
-0.283974 0.00900662 0.95879 153.922 0.0869743 0.996075 0.0164031 -0.0345876 -0.954879 0.0880481 -0.283643 3.25248 
-0.287438 0.00852113 0.957761 155.848 0.0863311 0.996121 0.0170467 -0.0120748 -0.953901 0.0875845 -0.287058 2.62963 
-0.291418 0.00878343 0.956555 157.818 0.08692 0.996064 0.0173342 0.010266 -0.952639 0.0881954 -0.291035 2.05582 
-0.295957 0.0091033 0.955158 159.819 0.0879245 0.995969 0.0177512 0.00189227 -0.951146 0.0892354 -0.295564 1.49768 
-0.299127 0.0103212 0.954158 161.954 0.0881929 0.99596 0.0168749 0.0271262 -0.950129 0.0891976 -0.298828 0.843335 
-0.303463 0.0114453 0.952774 163.978 0.08805 0.995986 0.0160798 0.0232689 -0.948766 0.0887715 -0.303253 0.252671 
-0.30682 0.0122336 0.951689 166.055 0.0887197 0.995931 0.0158003 0.0157589 -0.947624 0.0892814 -0.306657 -0.374749 
-0.309863 0.0129617 0.950693 168.094 0.0888446 0.995927 0.015379 0.0285386 -0.946621 0.0892293 -0.309752 -1.01635 
-0.31301 0.0130537 0.94966 170.04 0.0892207 0.995888 0.0157182 0.0290053 -0.94555 0.0896493 -0.312888 -1.6515 
-0.316847 0.0135467 0.94838 172.093 0.0894502 0.995868 0.0156596 0.0448494 -0.944249 0.0897944 -0.31675 -2.3206 
-0.32063 0.0141123 0.947099 174.13 0.0916516 0.995659 0.0161917 0.0387611 -0.94276 0.0919947 -0.320532 -2.9695 
-0.323669 0.0137996 0.94607 176.092 0.0931018 0.995506 0.0173312 0.0170492 -0.941579 0.0936904 -0.323499 -3.60533 
-0.326223 0.0135685 0.945195 178.18 0.0939589 0.995411 0.0181394 0.0338992 -0.940612 0.094727 -0.326001 -4.29733 
-0.328851 0.0129911 0.944292 180.273 0.0931078 0.99548 0.0187295 0.0436185 -0.939781 0.0940802 -0.328574 -5.00031 
-0.331171 0.0137269 0.943471 182.327 0.0932261 0.995478 0.01824 0.0609334 -0.938954 0.0939967 -0.330953 -5.70391 
-0.334812 0.0151808 0.942163 184.294 0.0911002 0.995708 0.0163303 0.0584335 -0.937871 0.0912988 -0.334758 -6.35842 
-0.338007 0.01687 0.940992 186.408 0.0911383 0.995727 0.0148857 0.0606145 -0.93672 0.0907919 -0.3381 -7.08473 
-0.340931 0.0177894 0.93992 188.575 0.0903497 0.995813 0.0139246 0.0808616 -0.935736 0.0896688 -0.341111 -7.84041 
-0.343688 0.0188979 0.938893 190.616 0.0896269 0.995894 0.0127633 0.0908781 -0.934797 0.0885367 -0.343971 -8.58394 
-0.347405 0.0187872 0.937527 192.741 0.0899014 0.995861 0.0133571 0.0861965 -0.933396 0.0889253 -0.347656 -9.33936 
-0.351731 0.0181933 0.935924 194.815 0.0898442 0.995852 0.0144062 0.0905905 -0.93178 0.0891544 -0.351907 -10.0586 
-0.355737 0.0171321 0.934429 196.815 0.0889203 0.995917 0.0155924 0.0789535 -0.930346 0.0886366 -0.355808 -10.7444 
-0.359649 0.0170838 0.932931 198.906 0.0894672 0.995857 0.0162538 0.0772982 -0.928789 0.0893125 -0.359687 -11.5077 
-0.36308 0.0168365 0.931606 200.962 0.0875335 0.996031 0.016114 0.0849691 -0.927637 0.0873974 -0.363113 -12.2857 
-0.366738 0.017442 0.930161 203.109 0.0858889 0.996189 0.0151836 0.105931 -0.926351 0.0854589 -0.366839 -13.1046 
-0.370122 0.0178952 0.928811 205.209 0.0856589 0.996212 0.0149403 0.104767 -0.925025 0.0850907 -0.370253 -13.9001 
-0.373388 0.0184056 0.927493 207.238 0.0858248 0.9962 0.014782 0.0969077 -0.923697 0.0851213 -0.373549 -14.6784 
-0.37599 0.0183668 0.926442 209.315 0.0872777 0.996061 0.015674 0.0944623 -0.922504 0.086751 -0.376112 -15.4806 
-0.378541 0.0178518 0.925412 211.399 0.0890546 0.995878 0.0172167 0.0916905 -0.92129 0.0889294 -0.378571 -16.2898 
-0.381401 0.0180133 0.924234 213.555 0.088779 0.995902 0.017226 0.10357 -0.920137 0.0886226 -0.381437 -17.144 
-0.384887 0.0187794 0.922773 215.584 0.0884132 0.995945 0.0166084 0.0973154 -0.918719 0.0879776 -0.384986 -17.8481 
-0.387958 0.0186696 0.921488 217.501 0.0875274 0.996023 0.0166703 0.0869587 -0.917512 0.0871228 -0.388049 -18.5671 
-0.390672 0.0194669 0.920324 219.611 0.0871082 0.996072 0.0159077 0.0822071 -0.916399 0.0863825 -0.390833 -19.423 
-0.393294 0.0209632 0.919174 221.669 0.0871712 0.996087 0.0145812 0.105866 -0.915271 0.0858602 -0.393582 -20.3182 
-0.395761 0.0209769 0.918114 223.752 0.0851741 0.996268 0.0139524 0.105635 -0.914395 0.0837213 -0.39607 -21.1814 
-0.398528 0.0219861 0.916892 225.833 0.0863918 0.996167 0.0136632 0.0983413 -0.913078 0.0846572 -0.3989 -22.0495 
-0.400903 0.0208833 0.915882 227.944 0.087063 0.996084 0.0153974 0.093935 -0.911974 0.0859124 -0.401151 -22.9381 
-0.404236 0.0196446 0.914444 229.922 0.087155 0.996047 0.0171297 0.0864309 -0.910493 0.0866228 -0.40435 -23.7599 
-0.407675 0.0197007 0.912914 232.011 0.086342 0.996119 0.0170609 0.0997709 -0.909036 0.0857782 -0.407794 -24.6103 
-0.411171 0.0194312 0.911351 234.08 0.0843786 0.996292 0.0168265 0.0949531 -0.907644 0.0838171 -0.411286 -25.4862 
-0.415235 0.0183506 0.909529 236.161 0.0822941 0.996455 0.0174659 0.0799017 -0.905984 0.0821013 -0.415273 -26.3672 
-0.41837 0.0176597 0.908105 238.272 0.0815279 0.996505 0.0181816 0.0875716 -0.90461 0.0816426 -0.418348 -27.2961 
-0.422394 0.0177816 0.906238 240.351 0.0811889 0.996531 0.0182886 0.0811718 -0.902769 0.0813014 -0.422373 -28.2213 
-0.42587 0.0175097 0.904615 242.53 0.0804898 0.996582 0.0186027 0.0923218 -0.901197 0.0807347 -0.425824 -29.2172 
-0.429931 0.0169096 0.902703 244.617 0.0797906 0.996624 0.0193329 0.0968403 -0.899329 0.080339 -0.429828 -30.1525 
-0.434652 0.0174869 0.900428 246.684 0.0793416 0.996667 0.0189436 0.140652 -0.897097 0.0796753 -0.434591 -31.0591 
-0.437249 0.0183274 0.899154 248.801 0.0800532 0.996617 0.018615 0.161639 -0.89577 0.0801195 -0.437237 -32.116 
-0.441118 0.0184495 0.897259 250.796 0.0802803 0.996592 0.018976 0.140203 -0.893851 0.0804029 -0.441095 -33.0149 
-0.446684 0.0181065 0.894509 252.824 0.0799619 0.996602 0.0197568 0.122025 -0.891111 0.0803516 -0.446614 -33.7952 
-0.450433 0.0187313 0.892613 254.862 0.0787129 0.99672 0.0188044 0.14958 -0.889333 0.0787303 -0.45043 -34.7647 
-0.453819 0.01872 0.890897 256.924 0.079684 0.996626 0.0196489 0.136406 -0.887524 0.0799073 -0.45378 -35.803 
-0.458341 0.0186479 0.888581 259.105 0.0799183 0.996594 0.0203081 0.111987 -0.885176 0.0803219 -0.45827 -36.7714 
-0.462397 0.0194238 0.88646 261.17 0.0810295 0.996502 0.0204318 0.104576 -0.882962 0.0812771 -0.462354 -37.7741 
-0.465893 0.0215717 0.884578 263.269 0.0819882 0.996454 0.0188818 0.130224 -0.881034 0.0813219 -0.46601 -38.8131 
-0.468709 0.0221841 0.883074 265.293 0.0836652 0.996305 0.0193783 0.136242 -0.879381 0.0829654 -0.468834 -39.8052 
-0.471471 0.0245974 0.881538 267.33 0.0858637 0.996142 0.018127 0.157096 -0.877691 0.0842385 -0.471764 -40.8223 
-0.475673 0.0269831 0.879208 269.454 0.0876698 0.996007 0.0168637 0.144794 -0.875242 0.0851016 -0.476139 -41.757 
-0.479025 0.0273243 0.877376 271.546 0.0881053 0.995965 0.0170856 0.153121 -0.873368 0.085486 -0.479499 -42.8261 
-0.481942 0.0283638 0.875744 273.693 0.0890913 0.995882 0.0167741 0.166304 -0.871662 0.0861054 -0.482484 -43.968 
-0.484909 0.0283978 0.874103 275.893 0.0887691 0.995909 0.0168896 0.187684 -0.870048 0.0857833 -0.485446 -45.1338 
-0.488287 0.0297444 0.872176 278.055 0.0896344 0.995843 0.0162198 0.194745 -0.868068 0.0860969 -0.488923 -46.2952 
-0.491752 0.0303136 0.870207 280.217 0.0884116 0.995967 0.0152668 0.237964 -0.866235 0.0844439 -0.492449 -47.4524 
-0.494263 0.0302707 0.868785 282.33 0.0874887 0.996051 0.0150684 0.248212 -0.864898 0.0834566 -0.49496 -48.6023 
-0.496662 0.030738 0.8674 284.239 0.0890922 0.995899 0.0157214 0.268491 -0.86336 0.0850868 -0.497364 -49.6773 
-0.499812 0.0303773 0.865601 286.277 0.089451 0.995851 0.0167021 0.276566 -0.861503 0.0857768 -0.500455 -50.7431 
-0.502159 0.0306194 0.864233 288.33 0.0911374 0.995681 0.0176783 0.268785 -0.85996 0.0876413 -0.502781 -51.863 
-0.504751 0.0302121 0.862736 290.453 0.0910857 0.995673 0.0184229 0.264872 -0.858446 0.0878819 -0.505318 -52.9859 
-0.50787 0.0297298 0.86092 292.517 0.0920178 0.995558 0.0199034 0.24091 -0.856505 0.0893284 -0.50835 -54.0438 
-0.510599 0.0296291 0.859308 294.479 0.0920862 0.995542 0.0203908 0.276544 -0.854874 0.0895419 -0.511051 -55.1726 
-0.512638 0.0298987 0.858084 296.411 0.092508 0.995499 0.0205795 0.331662 -0.853606 0.0899295 -0.513097 -56.3519 
-0.51296 0.0288706 0.857927 297.722 0.0870284 0.996034 0.0185167 0.457183 -0.85399 0.0841623 -0.513438 -57.5427 
-0.515487 0.03129 0.856326 299.822 0.0878139 0.996001 0.016468 0.463249 -0.852386 0.0836864 -0.516173 -58.7378 
-0.51862 0.030922 0.854446 301.916 0.0864024 0.996125 0.016394 0.486289 -0.850628 0.0823284 -0.519282 -59.9613 
-0.522638 0.0311061 0.851987 304.073 0.085631 0.996196 0.0161577 0.52785 -0.848243 0.0814011 -0.523314 -61.1931 
-0.526646 0.0312859 0.849509 306.224 0.0848606 0.996266 0.0159178 0.568877 -0.845839 0.0804729 -0.527334 -62.4351 
-0.530641 0.0314613 0.847012 308.369 0.0840913 0.996335 0.0156742 0.60936 -0.843415 0.0795438 -0.531342 -63.6873 
-0.534626 0.0316323 0.844497 310.509 0.0833231 0.996403 0.015427 0.649291 -0.840971 0.0786138 -0.535338 -64.9495 
-0.538598 0.0317989 0.841962 312.642 0.082556 0.996471 0.0151762 0.68866 -0.838509 0.077683 -0.539322 -66.2219 
-0.543153 0.031608 0.839039 314.829 0.0820024 0.996511 0.0155441 0.672749 -0.83562 0.077246 -0.54385 -67.5711 
-0.548891 0.0298632 0.83536 317.021 0.079253 0.996719 0.0164432 0.620109 -0.832128 0.0752304 -0.549457 -68.8683 
-0.5546 0.0281046 0.831642 319.205 0.0764971 0.996919 0.0173238 0.570045 -0.828593 0.073226 -0.555042 -70.18 
-0.559236 0.0261817 0.828595 321.297 0.0754234 0.996963 0.019403 0.572484 -0.82557 0.0733463 -0.559512 -71.468 
-0.562794 0.0260832 0.826185 323.44 0.0751123 0.996981 0.0196908 0.583629 -0.823177 0.0731386 -0.563054 -72.9092 
-0.567446 0.0259882 0.823001 325.606 0.0743231 0.997038 0.0197607 0.62164 -0.82005 0.0723811 -0.567696 -74.3003 
-0.572729 0.0264904 0.819316 327.825 0.0739232 0.997074 0.019437 0.679419 -0.816405 0.0716986 -0.573012 -75.6726 
-0.577989 0.0269882 0.815598 330.036 0.0735254 0.99711 0.0191107 0.736407 -0.812725 0.0710129 -0.578303 -77.0592 
-0.583225 0.0274815 0.811846 332.238 0.0731296 0.997145 0.0187818 0.792597 -0.809012 0.070324 -0.58357 -78.4601 
-0.588437 0.0279704 0.808059 334.43 0.072736 0.99718 0.0184503 0.847981 -0.805265 0.0696318 -0.588812 -79.8752 
-0.590808 0.0267212 0.806369 336.459 0.0713307 0.997268 0.0192152 0.864034 -0.803653 0.0688714 -0.5911 -81.3413 
-0.593179 0.0256867 0.804661 338.597 0.0687471 0.997456 0.0188377 0.87094 -0.80213 0.0664922 -0.593436 -82.921 
-0.596048 0.0253414 0.802549 340.759 0.0668326 0.997599 0.0181358 0.890081 -0.800163 0.0644463 -0.59631 -84.4682 
-0.600049 0.0242433 0.799595 342.839 0.0628258 0.997881 0.0168918 0.902227 -0.797492 0.0603712 -0.600301 -85.9284 
-0.601759 0.0218458 0.798378 345.003 0.0610842 0.997957 0.018734 0.916902 -0.796338 0.0600417 -0.601864 -87.5316 
-0.604928 0.020433 0.796018 347.331 0.0593875 0.998044 0.0195123 0.948211 -0.794062 0.0590771 -0.604959 -89.2386 
-0.608358 0.02161 0.793368 349.622 0.0599324 0.998026 0.0187718 0.996029 -0.791397 0.0589685 -0.608452 -90.8774 
-0.611899 0.0204351 0.790671 351.736 0.0573595 0.99818 0.0185922 1.02032 -0.788853 0.0567291 -0.611958 -92.432 
-0.61482 0.0163092 0.788499 353.805 0.054796 0.998253 0.0220786 1.03183 -0.786762 0.056781 -0.61464 -93.9842 
-0.618226 0.0145222 0.785866 355.807 0.0532694 0.998305 0.023458 1.05263 -0.784193 0.056365 -0.617951 -95.5025 
-0.621624 0.0135364 0.783198 357.955 0.0517654 0.998375 0.0238307 1.08149 -0.781603 0.0553564 -0.621315 -97.1313 
-0.625137 0.0136718 0.780395 359.986 0.0512995 0.998404 0.0236024 1.09311 -0.778827 0.0547887 -0.624841 -98.5834 
-0.62763 0.0129034 0.778404 362.073 0.0505166 0.99843 0.0241809 1.11967 -0.776871 0.054499 -0.627297 -100.217 
-0.630239 0.0116237 0.776314 364.237 0.0492982 0.998469 0.0250719 1.15468 -0.774834 0.0540722 -0.629848 -101.924 
-0.632785 0.00998451 0.774263 366.463 0.0462264 0.99862 0.0249019 1.18869 -0.772947 0.051549 -0.632374 -103.677 
-0.634441 0.00932424 0.772915 368.69 0.0432976 0.998786 0.0234914 1.23035 -0.771758 0.0483693 -0.634074 -105.435 
-0.637379 0.0123278 0.770452 370.549 0.0366907 0.999223 0.0143651 1.27483 -0.769676 0.0374244 -0.637337 -106.941 
-0.639661 0.022292 0.768334 372.543 0.046721 0.998859 0.00991623 1.26478 -0.767236 0.0422404 -0.639972 -108.598 
-0.640537 0.02423 0.767545 374.631 0.0551523 0.998372 0.0145092 1.27299 -0.765944 0.0516255 -0.640831 -110.309 
-0.641618 0.0248463 0.766621 376.815 0.0627418 0.997826 0.0201716 1.28864 -0.764454 0.0610417 -0.641782 -112.101 
-0.643763 0.0146747 0.765084 378.356 0.0557404 0.998059 0.0277582 1.43821 -0.763192 0.0605158 -0.643332 -113.735 
-0.646529 0.00784912 0.762849 380.336 0.0490397 0.998306 0.0312902 1.46931 -0.761311 0.0576399 -0.645819 -115.333 
-0.649851 0.00193 0.760059 382.228 0.0437975 0.99843 0.0349115 1.5049 -0.758798 0.055976 -0.648916 -116.817 
-0.653131 -0.00399636 0.757234 384.114 0.0385391 0.998515 0.0385105 1.54966 -0.756263 0.0543355 -0.652007 -118.31 
-0.654702 0.00251855 0.755883 386.173 0.0434004 0.99847 0.034264 1.59922 -0.75464 0.0552383 -0.653809 -120.067 
-0.657868 0.0049919 0.753117 388.283 0.0431931 0.998582 0.0311114 1.66515 -0.751894 0.0529966 -0.657151 -121.825 
-0.660686 0.00544314 0.750643 390.299 0.0434143 0.998577 0.0309705 1.71109 -0.749406 0.0530504 -0.659982 -123.535 
-0.663381 0.00557529 0.748261 392.255 0.0444454 0.9985 0.0319639 1.72824 -0.74696 0.054461 -0.662634 -125.185 
-0.666068 0.00571252 0.745869 394.206 0.0454729 0.998422 0.0329609 1.74788 -0.744504 0.055871 -0.665276 -126.843 
-0.667439 0.005983 0.74464 396.259 0.0462434 0.998371 0.0334273 1.79761 -0.743227 0.0567454 -0.666628 -128.71 
-0.668939 0.00617532 0.743292 398.242 0.0459666 0.998395 0.0330737 1.84692 -0.741895 0.0562908 -0.668149 -130.413 
-0.669429 0.0055334 0.742855 400.248 0.0439988 0.998512 0.032212 1.92225 -0.741572 0.0542484 -0.668676 -132.147 
-0.669918 0.00489014 0.742419 402.252 0.0420314 0.998624 0.031349 1.9954 -0.741245 0.0522062 -0.669202 -133.883 
-0.670405 0.00424554 0.741983 404.255 0.0400643 0.998732 0.0304846 2.06636 -0.740913 0.0501641 -0.669725 -135.62 
-0.67089 0.0035996 0.741548 406.257 0.0380975 0.998835 0.0296189 2.13512 -0.740577 0.0481222 -0.670246 -137.359 
-0.671375 0.00295233 0.741112 408.258 0.0361311 0.998933 0.0287518 2.20169 -0.740237 0.0460805 -0.670765 -139.099 
-0.671857 0.00230372 0.740677 410.258 0.0341651 0.999027 0.0278833 2.26606 -0.739892 0.044039 -0.671282 -140.84 
-0.672338 0.00165379 0.740242 412.257 0.0321995 0.999116 0.0270135 2.32822 -0.739544 0.0419977 -0.671797 -142.583 
-0.67272 5.33647e-05 0.739897 414.061 0.0307242 0.999139 0.0278625 2.32155 -0.739259 0.0414764 -0.672143 -144.206 
-0.673819 -0.00176241 0.738894 415.677 0.0285558 0.999188 0.0284241 2.28464 -0.738344 0.0402525 -0.673222 -145.702 
-0.674905 -0.00270785 0.7379 417.695 0.026217 0.999274 0.0276458 2.33217 -0.737439 0.0380038 -0.674344 -147.484 
-0.676377 -0.00320749 0.736548 419.65 0.0250655 0.999311 0.0273696 2.36613 -0.736129 0.0369741 -0.675831 -149.178 
-0.678348 -0.00326233 0.734733 421.61 0.0216082 0.999469 0.0243877 2.46523 -0.734423 0.0324196 -0.677917 -150.863 
-0.676034 -0.00368812 0.736861 423.652 0.0260152 0.999245 0.028869 2.49701 -0.736411 0.038686 -0.675428 -152.788 
-0.675214 -0.00501821 0.737605 425.655 0.0297661 0.998977 0.0340447 2.55198 -0.737021 0.0449431 -0.674374 -154.586 
-0.674473 -0.00592094 0.738275 427.65 0.0335636 0.998688 0.0386724 2.61212 -0.737536 0.0508627 -0.67339 -156.368 
-0.672132 -0.00816856 0.740386 429.623 0.0284571 0.998915 0.0368545 2.67927 -0.739885 0.0458404 -0.67117 -158.133 
-0.671985 -0.00833004 0.740518 431.65 0.0226697 0.999237 0.0318119 2.73144 -0.740218 0.0381645 -0.671283 -159.909 
-0.669952 -0.0110845 0.742322 433.638 0.0166345 0.999413 0.0299362 2.7813 -0.742218 0.032404 -0.669374 -161.675 
-0.667039 -0.0112155 0.744938 435.658 0.0144354 0.999504 0.0279739 2.8304 -0.744883 0.0294131 -0.666546 -163.447 
-0.664107 -0.0112751 0.747552 437.552 0.0153589 0.999469 0.028719 2.8582 -0.74748 0.0305541 -0.663582 -165.122 
-0.661551 -0.011104 0.749818 439.348 0.0162146 0.999445 0.0291065 2.89702 -0.749725 0.0314134 -0.661004 -166.704 
-0.658642 -0.0107636 0.75238 441.361 0.0132956 0.999575 0.0259391 2.93422 -0.752339 0.0270879 -0.658219 -168.455 
-0.656528 -0.0149568 0.754153 443.387 0.00716643 0.999635 0.0260641 2.97133 -0.754267 0.0225164 -0.656181 -170.189 
-0.655659 -0.0209786 0.754765 445.411 -0.00125235 0.999643 0.0266969 3.01657 -0.755056 0.0165589 -0.655451 -171.873 
-0.654608 -0.0239781 0.755588 447.455 -0.00755758 0.999654 0.0251757 3.05675 -0.755931 0.0107698 -0.654563 -173.593 
-0.654334 -0.0240615 0.755823 448.857 -0.00819602 0.999661 0.0247285 3.10779 -0.756161 0.00998595 -0.654309 -174.923 
-0.655219 -0.0234702 0.755074 450.309 -0.0077933 0.999674 0.0243105 3.19755 -0.755399 0.0100442 -0.655188 -176.207 
-0.656103 -0.0228789 0.754324 451.759 -0.0073901 0.999687 0.0238929 3.28652 -0.754635 0.0101017 -0.656067 -177.492 
-0.654071 -0.0250559 0.756018 453.769 -0.00851502 0.999632 0.0257629 3.31616 -0.756385 0.0104133 -0.654044 -179.249 
-0.653352 -0.0243781 0.756662 455.728 -0.00927596 0.999664 0.0241976 3.34937 -0.756998 0.00879079 -0.653358 -180.88 
-0.652413 -0.0234479 0.757501 457.721 -0.0108666 0.999708 0.0215862 3.38731 -0.757786 0.00585165 -0.652477 -182.545 
-0.651124 -0.0222312 0.758646 459.663 -0.00919632 0.999729 0.0214029 3.3854 -0.758916 0.00695918 -0.651152 -184.224 
-0.649564 -0.0209865 0.760017 461.863 -0.00628444 0.999733 0.0222346 3.43532 -0.76028 0.00966656 -0.649523 -186.025 
-0.647988 -0.020519 0.761374 464.033 -0.00424107 0.999719 0.0233328 3.48754 -0.761639 0.0118904 -0.647893 -187.837 
-0.64752 -0.0209793 0.76176 466.037 -0.00482654 0.999714 0.0234299 3.52439 -0.762033 0.0114947 -0.647436 -189.5 
-0.645947 -0.0215319 0.763078 468.019 -0.00472048 0.999696 0.0242126 3.55136 -0.763367 0.012038 -0.645852 -191.159 
-0.644315 -0.0219828 0.764444 469.874 -0.00413873 0.999672 0.0252588 3.55705 -0.764749 0.0131108 -0.644195 -192.721 
-0.64305 -0.0229482 0.76548 471.845 -0.00448824 0.999647 0.0261978 3.58221 -0.765811 0.0134109 -0.642926 -194.378 
-0.641504 -0.0225339 0.766789 473.957 -0.005419 0.999677 0.0248442 3.61816 -0.767101 0.0117824 -0.641418 -196.11 
-0.640774 -0.0207222 0.76745 476.023 -0.00432266 0.999717 0.0233845 3.64217 -0.767718 0.0116667 -0.640682 -197.817 
-0.639735 -0.0217849 0.768287 477.615 -0.00483965 0.999693 0.0243165 3.60182 -0.76858 0.0118379 -0.639643 -199.226 
-0.638496 -0.0230347 0.769281 479.208 -0.00490085 0.999653 0.0258651 3.55559 -0.76961 0.0127446 -0.638387 -200.632 
-0.637345 -0.024587 0.770187 481.042 -0.00622959 0.999622 0.0267562 3.61811 -0.770554 0.012255 -0.637257 -202.316 
-0.636226 -0.0233974 0.771147 483.084 -0.00549229 0.999652 0.025799 3.8945 -0.771483 0.0121787 -0.636133 -204.244 
-0.636291 -0.0229239 0.771109 484.363 -0.00515171 0.999662 0.0254674 3.89513 -0.771432 0.0122321 -0.636194 -205.445 
-0.636095 -0.0222416 0.77129 486.064 -0.00435834 0.999672 0.0252329 3.95686 -0.771599 0.012689 -0.635983 -206.978 
-0.635898 -0.0215593 0.771472 487.765 -0.00356503 0.999681 0.0249982 4.01813 -0.771765 0.013146 -0.635772 -208.512 
-0.635701 -0.0208773 0.771653 489.467 -0.00277178 0.999689 0.0247633 4.07895 -0.77193 0.0136032 -0.635562 -210.045 
-0.635364 -0.0206765 0.771936 491.091 -0.00234357 0.999688 0.0248479 4.10048 -0.77221 0.0139784 -0.635214 -211.577 
-0.635469 -0.0209915 0.77184 493.068 -0.0032285 0.999694 0.0245302 4.1125 -0.772119 0.0130963 -0.635343 -213.183 
-0.635256 -0.0201954 0.772038 494.3 -0.00222117 0.999702 0.024323 3.99948 -0.772299 0.0137365 -0.635111 -214.394 
-0.633446 -0.0191869 0.773549 495.985 -0.000873043 0.99971 0.0240816 3.98313 -0.773787 0.014579 -0.633278 -215.917 
-0.632294 -0.0197024 0.774477 498.062 -0.00100518 0.999697 0.0246112 4.00852 -0.774727 0.014783 -0.632122 -217.603 
-0.630228 -0.0208001 0.776131 500.221 -0.00206487 0.999682 0.0251145 4.05834 -0.776407 0.0142252 -0.630071 -219.351 
-0.629954 -0.0211818 0.776343 501.951 -0.0032314 0.999691 0.0246536 4.04388 -0.776626 0.013022 -0.629828 -220.637 
-0.629795 -0.0210605 0.776476 504.02 -0.00248344 0.999682 0.0251002 4.09511 -0.776757 0.0138796 -0.629647 -222.275 
-0.629898 -0.0187683 0.776451 506.052 0.00127433 0.999682 0.0251979 4.15356 -0.776677 0.0168616 -0.629674 -223.866 
-0.6277 -0.0203612 0.778189 507.473 0.000438857 0.999648 0.0265096 4.20397 -0.778455 0.0169816 -0.62747 -225.324 
-0.626889 -0.0194444 0.778866 509.523 0.000831135 0.999671 0.0256257 4.24165 -0.779108 0.0167118 -0.626666 -226.943 
-0.626119 -0.0184414 0.779509 511.211 0.00191775 0.999681 0.0251905 4.25076 -0.779725 0.0172672 -0.625884 -228.356 
-0.62415 -0.0188984 0.781076 513.34 0.00206842 0.999664 0.02584 4.28698 -0.781302 0.0177437 -0.623901 -230.066 
-0.622365 -0.0169802 0.782543 515.645 0.00460523 0.999668 0.0253541 4.3524 -0.782713 0.0193833 -0.62208 -231.838 
-0.620573 -0.0150658 0.784004 517.954 0.0071409 0.999665 0.0248623 4.41627 -0.784116 0.0210274 -0.620257 -233.604 
-0.618772 -0.0131551 0.785461 520.268 0.00967539 0.999656 0.0243646 4.47858 -0.785511 0.0226758 -0.618432 -235.364 
-0.619135 -0.0149036 0.785143 522.09 0.00877037 0.999626 0.0258908 4.4754 -0.785235 0.0229159 -0.618773 -236.897 
-0.619968 -0.0161298 0.784461 524.156 0.00758329 0.999619 0.0265468 4.50534 -0.78459 0.022407 -0.61961 -238.551 
-0.619701 -0.0172547 0.784648 525.298 0.00647281 0.999612 0.0270939 4.48076 -0.784811 0.021869 -0.619349 -239.56 
-0.620576 -0.0150817 0.784001 527.209 0.00719527 0.999663 0.0249256 4.5389 -0.784113 0.0211094 -0.620258 -241.073 
-0.618634 -0.0126874 0.785577 528.395 0.00744927 0.99973 0.0220122 4.5787 -0.785644 0.0194695 -0.618373 -242.596 
-0.615783 -0.0105896 0.787844 529.687 0.0062785 0.999812 0.018346 4.55846 -0.787891 0.0162437 -0.615601 -244.133 
-0.615791 -0.0119772 0.787818 531.643 0.00721631 0.999757 0.0208398 4.55216 -0.787877 0.0185181 -0.615555 -245.668 
-0.616216 -0.0131567 0.787467 533.53 0.00956526 0.999662 0.0241869 4.52902 -0.787519 0.0224367 -0.615882 -247.146 
-0.616445 -0.0117017 0.787311 535.586 0.0109093 0.999667 0.0233996 4.55951 -0.787322 0.0230136 -0.616112 -248.719 
-0.61587 -0.0103244 0.78778 537.725 0.0126488 0.999656 0.0229897 4.59823 -0.787746 0.0241231 -0.615528 -250.39 
-0.615292 -0.00894797 0.788248 539.865 0.0143878 0.999641 0.0225785 4.63583 -0.788168 0.0252336 -0.614943 -252.061 
-0.614535 -0.00956769 0.788832 541.85 0.0139451 0.999638 0.0229883 4.65329 -0.788766 0.0251274 -0.614179 -253.623 
-0.61308 -0.0102779 0.789954 543.796 0.0146384 0.999596 0.0243663 4.66342 -0.789885 0.0265022 -0.612681 -255.126 
-0.611623 -0.0109907 0.791073 545.744 0.0153343 0.999551 0.0257429 4.67692 -0.791001 0.0278755 -0.611179 -256.625 
-0.612903 -0.0116462 0.790072 547.598 0.0159345 0.999506 0.0270945 4.61564 -0.789998 0.0291957 -0.612414 -257.526 
-0.61268 -0.0118964 0.790242 548.688 0.0162587 0.999485 0.0276517 4.57281 -0.790164 0.02979 -0.612171 -258.462 
-0.611237 -0.0124829 0.791349 550.224 0.0166588 0.999451 0.0286327 4.57718 -0.791272 0.0306843 -0.610694 -259.755 
-0.611187 -0.0139537 0.791363 551.714 0.0150365 0.999459 0.0292359 4.60857 -0.791343 0.0297679 -0.610647 -260.898 
-0.609156 -0.0157594 0.792894 553.269 0.0130109 0.999469 0.0298611 4.56993 -0.792943 0.0285063 -0.608628 -262.467 
-0.606714 -0.0174294 0.794729 555.035 0.00977408 0.99952 0.0293824 4.57448 -0.79486 0.0255945 -0.606253 -264.14 
-0.606912 -0.0157215 0.794614 556.88 0.0118633 0.999514 0.0288365 4.58124 -0.794681 0.026928 -0.60643 -265.327 
-0.606328 -0.0144272 0.795084 558.863 0.0135094 0.999504 0.0284386 4.61546 -0.7951 0.0279842 -0.605832 -266.755 
-0.605359 -0.0159675 0.795792 560.664 0.0130266 0.999466 0.0299634 4.59485 -0.795846 0.0285051 -0.604828 -268.159 
-0.605034 -0.0174204 0.796009 562.16 0.0124386 0.999432 0.0313265 4.57086 -0.796102 0.0288549 -0.604474 -269.139 
-0.604902 -0.0162242 0.796135 563.874 0.0128631 0.999463 0.030141 4.58038 -0.796196 0.0284731 -0.604368 -270.341 
-0.604118 -0.0167205 0.796719 565.782 0.0119668 0.999477 0.0300496 4.60226 -0.796805 0.0276878 -0.603602 -271.644 
-0.602206 -0.0168313 0.798163 567.779 0.0114069 0.999494 0.0296831 4.64196 -0.798259 0.02698 -0.601709 -273.147 
-0.599707 -0.0176157 0.800025 570.043 0.0115586 0.999463 0.0306714 4.69093 -0.800136 0.027641 -0.599182 -274.954 
-0.597422 -0.0189851 0.801702 572.497 0.0122288 0.999388 0.0327792 4.71482 -0.801834 0.0293869 -0.596824 -276.968 
-0.595133 -0.0203594 0.803369 574.956 0.012905 0.999308 0.0348849 4.74548 -0.803523 0.0311287 -0.594459 -278.975 
-0.594066 -0.0207668 0.804148 577.013 0.0118033 0.999334 0.034527 4.79692 -0.80433 0.0300029 -0.593425 -280.492 
-0.593266 -0.0205482 0.804744 578.76 0.0100185 0.999408 0.0329044 4.79452 -0.804944 0.0275834 -0.592709 -281.901 
-0.591614 -0.0220918 0.805919 580.197 0.00690436 0.999449 0.0324652 4.72523 -0.806192 0.0247713 -0.591135 -283.103 
-0.594061 -0.0229055 0.804094 581.681 0.00719516 0.999403 0.0337847 4.8244 -0.804388 0.0258558 -0.593541 -283.591 
-0.594881 -0.0249464 0.803426 582.781 0.00477669 0.999391 0.0345678 4.88547 -0.803799 0.0244015 -0.5944 -284.028 
-0.596134 -0.0281181 0.802393 583.995 0.0020071 0.999331 0.0365105 4.95283 -0.802883 0.0233756 -0.595678 -284.476 
-0.597376 -0.0312912 0.801351 585.209 -0.000765515 0.99926 0.0384484 5.02361 -0.801961 0.0223547 -0.596958 -284.926 
-0.598424 -0.0302768 0.800607 586.635 -0.0006463 0.999304 0.0373078 5.0048 -0.801179 0.0218085 -0.598027 -285.666 
-0.598272 -0.0285215 0.800785 588.237 0.00208569 0.999307 0.0371504 5.01835 -0.80129 0.0238962 -0.597798 -286.68 
-0.597672 -0.0295363 0.801196 590.3 0.00216562 0.999258 0.0384534 5.06439 -0.801737 0.0247176 -0.597165 -288.221 
-0.598058 -0.0298794 0.800895 592.5 0.00368682 0.999192 0.0400304 5.13743 -0.801444 0.0268933 -0.597465 -289.8 
-0.599444 -0.0269397 0.799963 594.86 0.0111959 0.999053 0.0420338 5.25542 -0.800338 0.0341533 -0.598575 -291.551 
-0.598593 -0.0261643 0.800625 596.985 0.0110661 0.999101 0.0409241 5.3439 -0.800976 0.0333567 -0.597766 -293.107 
-0.597643 -0.0239674 0.801404 599.124 0.0127627 0.999142 0.0393988 5.41852 -0.801661 0.0337745 -0.596824 -294.691 
-0.596688 -0.0217709 0.802178 601.265 0.0144575 0.999178 0.0378713 5.48906 -0.802343 0.0341948 -0.595883 -296.273 
-0.596687 -0.022446 0.80216 602.669 0.0141838 0.999157 0.0385089 5.48447 -0.802349 0.0343555 -0.595866 -297.178 
-0.597407 -0.0232433 0.801601 604.251 0.0138359 0.999132 0.0392823 5.44204 -0.801818 0.0345584 -0.596567 -298.069 
-0.59674 -0.0237186 0.802084 605.937 0.0155468 0.999034 0.0411092 5.38363 -0.802284 0.0370014 -0.595794 -299.116 
-0.595469 -0.0226272 0.80306 607.797 0.0155571 0.999091 0.0396862 5.41766 -0.803228 0.0361252 -0.594575 -300.549 
-0.593201 -0.0214598 0.804768 609.663 0.0143086 0.999206 0.0371915 5.46994 -0.804927 0.0335771 -0.592423 -301.996 
-0.59093 -0.0202851 0.806467 611.533 0.0130529 0.999312 0.0347 5.51626 -0.806617 0.0310321 -0.590259 -303.437 
-0.59061 -0.0201003 0.806706 612.991 0.0137558 0.999294 0.0349698 5.55468 -0.80684 0.0317504 -0.589917 -304.353 
-0.589819 -0.0201801 0.807283 614.426 0.013447 0.999304 0.0348048 5.59761 -0.807423 0.0313841 -0.589137 -305.277 
-0.589356 -0.0187037 0.807657 616.169 0.0142574 0.999335 0.0335463 5.60987 -0.807748 0.0312858 -0.588698 -306.462 
