1 -4.23778e-08 4.22719e-08 0 -4.23778e-08 1 -4.19404e-08 0 4.22719e-08 -4.19404e-08 1 0 
0.999997 -0.0018322 -0.00180034 0.00122496 0.00183746 0.999994 0.00297289 -0.0191048 0.00179496 -0.00297627 0.999994 1.48757 
0.999991 -0.00255634 -0.00346358 -0.00343688 0.00256853 0.99999 0.0035443 -0.0246181 0.00345457 -0.00355325 0.999988 3.02688 
0.999988 -0.000510521 -0.00476073 -0.0506445 0.000527643 0.999993 0.00361356 -0.0623609 0.00475894 -0.00361612 0.999982 4.56208 
0.99998 -0.000139794 -0.00633069 -0.0907397 0.000162789 0.999993 0.00364522 -0.0798198 0.00633022 -0.00364627 0.999973 6.0746 
0.999968 -0.00029404 -0.00793879 -0.12072 0.00032125 0.999994 0.003437 -0.0837317 0.00793782 -0.00343952 0.999962 7.5758 
0.999952 -0.000602506 -0.00981415 -0.150348 0.000644215 0.999991 0.00425587 -0.113056 0.00981158 -0.00426208 0.999943 9.04046 
0.999928 -0.00273658 -0.0116357 -0.173774 0.00277333 0.999991 0.00315065 -0.119381 0.011627 -0.00318278 0.999927 10.5395 
0.999902 -0.0040214 -0.0134365 -0.20545 0.00407101 0.999985 0.00367327 -0.143521 0.0134216 -0.0037277 0.999903 12.0458 
0.999889 -0.00352028 -0.0144624 -0.272934 0.00357399 0.999987 0.00369546 -0.159285 0.0144492 -0.00374682 0.999889 13.5785 
0.999868 -0.00291793 -0.0160055 -0.307584 0.00298213 0.999987 0.00399404 -0.179764 0.0159938 -0.00404133 0.999864 15.0558 
0.999852 -0.0011143 -0.0171799 -0.352394 0.00119091 0.999989 0.00445464 -0.195043 0.0171748 -0.00447453 0.999842 16.5416 
0.999841 0.000229403 -0.0178082 -0.395473 -0.000134262 0.999986 0.00534821 -0.209765 0.0178092 -0.00534506 0.999827 18.0263 
0.999825 0.000804575 -0.0186805 -0.438597 -0.000703525 0.999985 0.00541981 -0.205893 0.0186847 -0.00540581 0.999811 19.5241 
0.999815 0.00135814 -0.0191866 -0.487064 -0.00125301 0.999984 0.00549434 -0.227573 0.0191939 -0.00546936 0.999801 20.9873 
0.999796 0.00195696 -0.0200939 -0.524889 -0.00184828 0.999983 0.00543004 -0.237036 0.0201042 -0.00539188 0.999783 22.4488 
0.999784 0.00241502 -0.0206425 -0.570893 -0.00229268 0.99998 0.00595211 -0.249408 0.0206565 -0.00590358 0.999769 23.9017 
0.999774 0.00251285 -0.0211171 -0.607894 -0.00236419 0.999972 0.00706598 -0.256902 0.0211344 -0.00701454 0.999752 25.3976 
0.999769 0.00271641 -0.0212995 -0.645951 -0.00259645 0.999981 0.0056615 -0.271359 0.0213146 -0.00560498 0.999757 26.8705 
0.99976 0.00342093 -0.0216312 -0.693769 -0.00333689 0.999987 0.00392416 -0.293903 0.0216445 -0.00385113 0.999758 28.2518 
0.999767 0.00132 -0.0215285 -0.739138 -0.00123501 0.999991 0.0039646 -0.320301 0.0215336 -0.00393717 0.99976 29.6487 
0.999763 0.000370865 -0.0217562 -0.772042 -0.000235613 0.999981 0.00622277 -0.326 0.0217582 -0.00621626 0.999744 31.0727 
0.999758 -0.00109536 -0.0219527 -0.81872 0.001264 0.99997 0.00767337 -0.339943 0.0219437 -0.00769935 0.999729 32.4678 
0.999758 -0.00209782 -0.0218837 -0.868618 0.00224756 0.999974 0.00682418 -0.348824 0.0218689 -0.0068718 0.999737 33.8872 
0.999764 -0.00255748 -0.0215462 -0.922702 0.00267406 0.999982 0.00538759 -0.366506 0.0215321 -0.00544402 0.999753 35.2579 
0.999778 -0.00143438 -0.0210184 -0.974377 0.00153277 0.999988 0.00466976 -0.384855 0.0210115 -0.00470103 0.999768 36.6167 
0.999804 -0.000580123 -0.0197829 -1.03344 0.000646106 0.999994 0.00333335 -0.395669 0.0197809 -0.00334556 0.999799 37.9579 
0.999831 0.00013432 -0.0184056 -1.06872 -5.79146e-05 0.999991 0.0041562 -0.409028 0.0184061 -0.00415452 0.999822 39.2525 
0.999854 0.00116721 -0.0170321 -1.1102 -0.00106457 0.999981 0.00603899 -0.420203 0.0170389 -0.00602006 0.999837 40.563 
0.999878 0.000495894 -0.0156095 -1.14947 -0.000387223 0.999976 0.00696952 -0.435011 0.0156127 -0.00696271 0.999854 41.8637 
0.999903 0.000774724 -0.0139239 -1.17911 -0.000663874 0.999968 0.00797003 -0.458905 0.0139297 -0.00796009 0.999871 43.1463 
0.999942 0.000499398 -0.0107234 -1.19346 -0.000417058 0.99997 0.00768726 -0.474751 0.010727 -0.00768243 0.999913 44.3888 
0.999965 -0.000213117 -0.00833437 -1.19951 0.000257241 0.999986 0.00530359 -0.47365 0.00833321 -0.00530564 0.999951 45.6753 
0.999985 -0.000583094 -0.00542311 -1.2142 0.00060357 0.999993 0.00379024 -0.488755 0.00542095 -0.00379354 0.999978 46.9238 
0.999999 -0.000412334 -0.00126963 -1.23676 0.00041791 0.99999 0.00446199 -0.507207 0.00126786 -0.0044626 0.999989 48.1273 
0.999992 0.000212621 0.00384819 -1.24513 -0.000229848 0.99999 0.00445483 -0.528231 -0.00384712 -0.00445577 0.999983 49.323 
0.999948 0.00138547 0.0101189 -1.24807 -0.00142174 0.999993 0.00356965 -0.547416 -0.0101138 -0.00358393 0.999942 50.5389 
0.999849 0.00261998 0.0171506 -1.24511 -0.00268001 0.99999 0.00347294 -0.55977 -0.0171413 -0.00351846 0.999847 51.7367 
0.999667 0.0039767 0.0254803 -1.23135 -0.00409239 0.999981 0.00448643 -0.573392 -0.0254619 -0.0045893 0.999665 52.9122 
0.999344 0.00621958 0.0356633 -1.21361 -0.00640004 0.999967 0.00494603 -0.584124 -0.0356313 -0.00517111 0.999352 54.0703 
0.998808 0.00842828 0.0480807 -1.17244 -0.00868497 0.999949 0.00513067 -0.602284 -0.0480349 -0.00554222 0.99883 55.1959 
0.997985 0.0101603 0.0626269 -1.11915 -0.0105436 0.999928 0.00579155 -0.617606 -0.0625635 -0.00644027 0.99802 56.3222 
0.996846 0.0122008 0.0784139 -1.0445 -0.012786 0.999894 0.00696307 -0.632893 -0.0783205 -0.00794378 0.996896 57.4416 
0.995345 0.0123157 0.0955809 -0.951388 -0.0130923 0.999886 0.007501 -0.64065 -0.0954776 -0.00871754 0.995393 58.5539 
0.993366 0.0114922 0.114416 -0.838731 -0.0123459 0.999901 0.00675443 -0.65513 -0.114327 -0.00812227 0.99341 59.6609 
0.990869 0.0105636 0.134416 -0.705874 -0.0114478 0.999918 0.0058066 -0.663153 -0.134344 -0.00729242 0.990908 60.7397 
0.987835 0.00806082 0.155294 -0.550565 -0.00905353 0.999943 0.00568568 -0.675736 -0.155239 -0.00702255 0.987852 61.8123 
0.984305 0.00254759 0.176457 -0.363834 -0.00397609 0.999962 0.00774185 -0.681361 -0.176431 -0.00832203 0.984278 62.8659 
0.979936 -0.00317537 0.199286 -0.151402 0.00138701 0.999957 0.00911233 -0.690645 -0.199307 -0.00865316 0.979899 63.9096 
0.974774 -0.0084403 0.223036 0.0745426 0.00667839 0.99994 0.00865237 -0.701357 -0.223095 -0.00694466 0.974772 64.9271 
0.96862 -0.0144137 0.248127 0.327348 0.0130446 0.999889 0.00716044 -0.710268 -0.248202 -0.0036991 0.968701 65.9335 
0.961509 -0.018375 0.274157 0.6087 0.016861 0.999827 0.00787758 -0.717761 -0.274255 -0.00295185 0.961653 66.9093 
0.953164 -0.0209437 0.301728 0.901708 0.0188404 0.999774 0.00987914 -0.721139 -0.301866 -0.00373183 0.953343 67.8775 
0.943828 -0.0251473 0.329478 1.22501 0.0221566 0.999672 0.0128292 -0.727929 -0.329692 -0.00480854 0.944076 68.8165 
0.933292 -0.0286874 0.357971 1.5758 0.0258906 0.999585 0.0126042 -0.734648 -0.358184 -0.00249537 0.933648 69.7384 
0.92169 -0.0283876 0.386887 1.94963 0.0271089 0.999594 0.008762 -0.739237 -0.386978 0.00241217 0.922086 70.6379 
0.908919 -0.0298145 0.415905 2.34484 0.0312816 0.999505 0.00328734 -0.745016 -0.415797 0.0100222 0.909402 71.5222 
0.894986 -0.0310819 0.44501 2.75385 0.0340882 0.999418 0.00124761 -0.756205 -0.44479 0.0140529 0.895525 72.3588 
0.87972 -0.0316702 0.474436 3.18556 0.0334756 0.999429 0.00464322 -0.768744 -0.474312 0.0117972 0.880278 73.198 
0.862242 -0.0307321 0.505563 3.64133 0.0293411 0.999512 0.0107165 -0.787192 -0.505646 0.00559351 0.862723 74.0208 
0.843029 -0.030503 0.537002 4.13525 0.0271054 0.999531 0.0142232 -0.791621 -0.537185 0.00256503 0.843461 74.8141 
0.822329 -0.0244553 0.568486 4.65708 0.0230249 0.999688 0.00969854 -0.798047 -0.568546 0.00511388 0.822636 75.5898 
0.800673 -0.0177493 0.598838 5.19705 0.0201436 0.999793 0.00270045 -0.803054 -0.598762 0.0099005 0.800866 76.3329 
0.778629 -0.0156207 0.62729 5.78159 0.0195203 0.999809 0.000667341 -0.807937 -0.627181 0.0117252 0.778785 77.0663 
0.755917 -0.0181355 0.654416 6.40319 0.0206375 0.999779 0.00386773 -0.817485 -0.654342 0.0105818 0.756125 77.7744 
0.73193 -0.0183132 0.681134 7.02392 0.0206765 0.999775 0.00466166 -0.827804 -0.681066 0.0106714 0.732144 78.4464 
0.707288 -0.0168975 0.706723 7.66436 0.0219468 0.999757 0.00193924 -0.839679 -0.706584 0.0141387 0.707487 79.0803 
0.681355 -0.0144612 0.731811 8.31035 0.0217172 0.999764 -0.000463866 -0.847806 -0.731631 0.0162089 0.681508 79.6967 
0.65514 -0.0120007 0.755412 8.98883 0.0202018 0.999794 -0.00163738 -0.856289 -0.755237 0.0163334 0.655248 80.2828 
0.627272 -0.01049 0.77873 9.68502 0.019619 0.999805 -0.00233524 -0.871882 -0.778553 0.0167427 0.627355 80.857 
0.599255 -0.00410545 0.800547 10.4114 0.0183788 0.999794 -0.00863042 -0.887942 -0.800347 0.0198849 0.599207 81.4019 
0.569353 0.0052653 0.822076 11.1448 0.0167396 0.999698 -0.0179966 -0.911008 -0.821922 0.0240076 0.569093 81.9244 
0.53877 0.0136819 0.842341 11.9056 0.0154662 0.999539 -0.0261277 -0.933063 -0.842311 0.0271046 0.53831 82.4194 
0.507436 0.0185692 0.861489 12.6978 0.013032 0.999488 -0.0292199 -0.958779 -0.861591 0.0260541 0.506934 82.8923 
0.475043 0.0182361 0.879773 13.5037 0.010903 0.999586 -0.0266069 -0.991538 -0.879895 0.0222316 0.474648 83.3424 
0.442188 0.0167587 0.896766 14.3243 0.00631653 0.999742 -0.0217978 -1.02508 -0.8969 0.0153032 0.441968 83.7565 
0.407912 0.0182434 0.912839 15.1674 0.00183809 0.999782 -0.0208024 -1.05488 -0.913019 0.0101634 0.40779 84.1533 
0.372701 0.0213176 0.927707 16.0334 -0.00512873 0.999768 -0.0209132 -1.08423 -0.927937 0.00303638 0.372724 84.526 
0.337414 0.0237017 0.941058 16.9253 -0.010182 0.999716 -0.0215285 -1.10635 -0.941301 -0.00231783 0.33756 84.8549 
0.301779 0.0228328 0.953104 17.8203 -0.012602 0.999721 -0.0199595 -1.13523 -0.953294 -0.00598769 0.301983 85.1476 
0.265951 0.0223605 0.963727 18.7408 -0.0132877 0.999721 -0.0195289 -1.16242 -0.963895 -0.00761203 0.266174 85.4119 
0.230486 0.0220398 0.972826 19.6721 -0.0132781 0.999722 -0.0195033 -1.18569 -0.972985 -0.00842211 0.230714 85.6369 
0.194944 0.0207493 0.980595 20.6049 -0.011121 0.999759 -0.018944 -1.20941 -0.980751 -0.00721219 0.195128 85.8307 
0.160646 0.0195712 0.986818 21.5663 -0.00358349 0.999808 -0.0192456 -1.2382 -0.987005 -0.000444526 0.160685 85.985 
0.126829 0.0231544 0.991654 22.5265 -0.00152637 0.999731 -0.0231479 -1.2628 -0.991923 0.00142219 0.12683 86.1143 
0.0943478 0.0285921 0.995129 23.4973 -0.000948572 0.99959 -0.0286304 -1.28674 -0.995539 0.00175727 0.0943362 86.2123 
0.0651844 0.0323386 0.997349 24.4583 0.00638984 0.999441 -0.0328241 -1.3217 -0.997853 0.00851253 0.0649413 86.28 
0.0392742 0.0306486 0.998758 25.4525 0.00783339 0.999489 -0.0309791 -1.35188 -0.999198 0.00904035 0.039014 86.337 
0.0168128 0.0274752 0.999481 26.439 0.0098963 0.999569 -0.0276442 -1.39104 -0.99981 0.0103559 0.0165336 86.365 
-0.0018698 0.025005 0.999685 27.4089 0.0100343 0.999637 -0.0249851 -1.42602 -0.999948 0.00998447 -0.00212003 86.376 
-0.0188976 0.0279623 0.99943 28.4018 0.0119286 0.999544 -0.02774 -1.46218 -0.99975 0.0113976 -0.0192226 86.3708 
-0.0330067 0.0324395 0.998928 29.3815 0.0145749 0.999382 -0.0319728 -1.4995 -0.999349 0.0135039 -0.0334591 86.3376 
-0.044904 0.0375077 0.998287 30.3787 0.0197513 0.999133 -0.0366511 -1.53698 -0.998796 0.0180716 -0.0456059 86.2951 
-0.0538729 0.0405125 0.997726 31.3777 0.025045 0.998917 -0.0392087 -1.58449 -0.998234 0.0228758 -0.0548292 86.2483 
-0.0601531 0.0458289 0.997136 32.3954 0.0282242 0.998624 -0.0441947 -1.63471 -0.99779 0.0254849 -0.0613639 86.1952 
-0.0629318 0.0504875 0.99674 33.4182 0.0308812 0.99834 -0.0486189 -1.68424 -0.99754 0.0277208 -0.0643864 86.1279 
-0.0656658 0.0545239 0.996351 34.427 0.0333144 0.998069 -0.0524224 -1.74316 -0.997285 0.0297504 -0.0673554 86.0651 
-0.0685669 0.0574832 0.995989 35.4359 0.032958 0.997924 -0.0553261 -1.8039 -0.997102 0.0290323 -0.0703191 86.0094 
-0.0707355 0.0609478 0.995631 36.4735 0.0342797 0.99769 -0.0586385 -1.87104 -0.996906 0.0299822 -0.0726615 85.9459 
-0.0726295 0.0644831 0.995272 37.4831 0.0356611 0.997437 -0.0620211 -1.93786 -0.996721 0.0309879 -0.0747429 85.8802 
-0.0748457 0.0657659 0.995024 38.4856 0.0381545 0.997281 -0.0630451 -2.01014 -0.996465 0.033246 -0.0771514 85.8096 
-0.0766015 0.0645228 0.994972 39.5034 0.0387857 0.997341 -0.0616905 -2.08437 -0.996307 0.0338651 -0.0789004 85.7332 
-0.0786137 0.0640203 0.994847 40.5255 0.0384774 0.997387 -0.0611433 -2.16063 -0.996162 0.0334724 -0.0808716 85.6569 
-0.080876 0.0652884 0.994583 41.5639 0.0380571 0.997327 -0.0623739 -2.22952 -0.995997 0.0328065 -0.0831445 85.5715 
-0.0837286 0.0677192 0.994185 42.586 0.0370629 0.997209 -0.0648039 -2.29526 -0.995799 0.0314214 -0.0860049 85.5032 
-0.0862897 0.0698866 0.993816 43.6031 0.0348335 0.997138 -0.0670959 -2.37086 -0.995661 0.0288284 -0.0884772 85.4241 
-0.0885124 0.0734708 0.993362 44.6348 0.0328232 0.996949 -0.0708115 -2.44896 -0.995534 0.0263376 -0.0906539 85.338 
-0.090768 0.0773943 0.99286 45.6616 0.0300639 0.996734 -0.0749479 -2.53756 -0.995418 0.0230464 -0.0927984 85.256 
-0.093012 0.0798855 0.992455 46.6972 0.0273775 0.996604 -0.0776538 -2.62077 -0.995288 0.0199483 -0.0948832 85.1712 
-0.0955214 0.0789251 0.992293 47.7479 0.0253676 0.996721 -0.0768354 -2.69745 -0.995104 0.0178327 -0.0972103 85.0779 
-0.0988131 0.0745704 0.992308 48.7845 0.022271 0.997104 -0.0727132 -2.78572 -0.994857 0.0149147 -0.100188 85.0078 
-0.100841 0.07277 0.992238 49.8102 0.0227652 0.997229 -0.0708225 -2.87046 -0.994642 0.0154467 -0.102218 84.9069 
-0.102998 0.0730384 0.991996 50.8605 0.0222884 0.997219 -0.0711088 -2.95432 -0.994432 0.0147859 -0.104339 84.8168 
-0.104916 0.0754706 0.991613 51.9024 0.0247289 0.997006 -0.0732647 -3.05018 -0.994174 0.0168349 -0.106468 84.7383 
-0.105448 0.0781256 0.991351 52.9616 0.0252545 0.996798 -0.0758687 -3.13496 -0.994104 0.0170359 -0.107083 84.6283 
-0.10605 0.0787507 0.991237 53.9997 0.0238472 0.996774 -0.0766393 -3.22346 -0.994075 0.0155106 -0.107586 84.5377 
-0.105699 0.0773498 0.991385 55.0579 0.0213179 0.996917 -0.0755087 -3.30937 -0.99417 0.013153 -0.107022 84.4395 
-0.105419 0.0767305 0.991463 56.1357 0.0178899 0.997004 -0.0752571 -3.40119 -0.994267 0.00980363 -0.106476 84.3322 
-0.106249 0.078014 0.991274 57.2002 0.0139112 0.996936 -0.0769687 -3.48548 -0.994242 0.00561193 -0.107009 84.2546 
-0.106448 0.078315 0.991229 58.262 0.00941251 0.996928 -0.0777545 -3.57391 -0.994274 0.00105317 -0.106858 84.1608 
-0.106785 0.0778271 0.991231 59.3617 0.00656619 0.996965 -0.07757 -3.66212 -0.99426 -0.00177466 -0.106972 84.059 
-0.106989 0.0734611 0.991543 60.4678 0.00667787 0.997297 -0.073167 -3.73838 -0.994238 -0.00120664 -0.10719 83.9552 
-0.107546 0.0645123 0.992105 61.5781 0.0101352 0.997912 -0.0637914 -3.82544 -0.994148 0.00319467 -0.107975 83.8529 
-0.106974 0.0590026 0.99251 62.6863 0.0146736 0.998223 -0.0577608 -3.90515 -0.994153 0.00838481 -0.107649 83.7337 
-0.106634 0.0608327 0.992436 63.7798 0.0236822 0.997999 -0.0586292 -3.98799 -0.994016 0.0172512 -0.107861 83.6216 
-0.105687 0.0664447 0.992177 64.8614 0.0287284 0.997553 -0.0637446 -4.05524 -0.993984 0.0217667 -0.107337 83.5162 
-0.104402 0.0720531 0.991922 65.9665 0.0320748 0.997097 -0.0690532 -4.13213 -0.994018 0.0246064 -0.10641 83.4019 
-0.103702 0.0761588 0.991688 67.0758 0.0328081 0.996783 -0.0731194 -4.21789 -0.994067 0.0249528 -0.105867 83.2924 
-0.103623 0.0736545 0.991886 68.2166 0.0309883 0.997009 -0.0707977 -4.30206 -0.994134 0.0234006 -0.105595 83.1955 
-0.103233 0.0693691 0.992235 69.3615 0.0300881 0.997326 -0.0665948 -4.38287 -0.994202 0.0229798 -0.105044 83.0821 
-0.102018 0.0673279 0.992501 70.4788 0.0276525 0.997513 -0.0648256 -4.4588 -0.994398 0.0208318 -0.103626 82.9463 
-0.101567 0.0679445 0.992506 71.6022 0.0264935 0.997496 -0.065575 -4.54541 -0.994476 0.0196347 -0.103113 82.8426 
-0.101382 0.0730667 0.992161 72.7462 0.0273831 0.997126 -0.0706344 -4.62907 -0.994471 0.0200074 -0.103091 82.7459 
-0.100914 0.0754831 0.992027 73.8626 0.0265663 0.996966 -0.0731566 -4.70978 -0.99454 0.018972 -0.102613 82.6612 
-0.100576 0.0741159 0.992165 75.0128 0.0272353 0.997053 -0.0717203 -4.80329 -0.994556 0.0198086 -0.102298 82.5684 
-0.099705 0.0673923 0.992732 76.1662 0.0286804 0.997484 -0.0648344 -4.88281 -0.994604 0.0220077 -0.101387 82.4587 
-0.100518 0.0656684 0.992766 77.3184 0.0284209 0.997602 -0.0631107 -4.96647 -0.994529 0.0218716 -0.102144 82.3651 
-0.0996708 0.069059 0.992621 78.4746 0.0258545 0.997431 -0.0667977 -5.04078 -0.994684 0.019006 -0.1012 82.2583 
-0.0994583 0.0721391 0.992423 79.6355 0.0250812 0.997233 -0.0699753 -5.12176 -0.994726 0.0179315 -0.100992 82.1616 
-0.0993486 0.0716689 0.992468 80.8122 0.0245303 0.997276 -0.0695606 -5.20469 -0.99475 0.0174348 -0.100836 82.0565 
-0.0992549 0.0682634 0.992718 81.9914 0.0243922 0.997511 -0.0661543 -5.29123 -0.994763 0.0176484 -0.100673 81.9547 
-0.0984124 0.0671786 0.992876 83.176 0.0254531 0.997562 -0.0649729 -5.3753 -0.99482 0.0188776 -0.0998824 81.8525 
-0.0972338 0.0675601 0.992966 84.353 0.0262955 0.997519 -0.0652951 -5.45723 -0.994914 0.0197616 -0.0987692 81.7447 
-0.0963709 0.0676946 0.993041 85.5724 0.0289034 0.997454 -0.0651905 -5.53754 -0.994926 0.0224198 -0.0980821 81.6497 
-0.0957074 0.0681911 0.993071 86.7647 0.0290014 0.997418 -0.0656947 -5.59994 -0.994987 0.022513 -0.097438 81.5541 
-0.0952626 0.0687985 0.993072 87.9576 0.0305573 0.997341 -0.066163 -5.68292 -0.994983 0.0240427 -0.0971116 81.4667 
-0.0941447 0.0667863 0.993316 89.1547 0.0311732 0.997456 -0.0641102 -5.7729 -0.99507 0.0249292 -0.0959871 81.3625 
-0.093565 0.0659319 0.993428 90.378 0.0292457 0.997556 -0.0634515 -5.85668 -0.995183 0.0231167 -0.0952646 81.2768 
-0.0924391 0.0655527 0.993558 91.5749 0.0303434 0.997552 -0.0629932 -5.93175 -0.995256 0.0243249 -0.0942019 81.1898 
-0.0907679 0.0664726 0.993651 92.7918 0.0280712 0.997544 -0.0641688 -6.01309 -0.995476 0.0220685 -0.0924109 81.0937 
-0.0890833 0.0694065 0.993603 94.0125 0.0281957 0.997345 -0.06714 -6.0963 -0.995625 0.0220343 -0.0908037 80.9883 
-0.0879754 0.0682462 0.993782 95.2392 0.0252565 0.997482 -0.0662645 -6.18579 -0.995802 0.0192698 -0.0894776 80.8922 
-0.0877822 0.0663457 0.993928 96.4593 0.0214236 0.997674 -0.0647038 -6.28545 -0.995909 0.0156137 -0.0889994 80.8085 
-0.0874386 0.0672541 0.993897 97.7066 0.0177324 0.997665 -0.0659491 -6.36909 -0.996012 0.0118577 -0.0884271 80.7196 
-0.0877329 0.0671833 0.993876 98.9638 0.015988 0.997689 -0.0660299 -6.45765 -0.996016 0.0100971 -0.0886044 80.6245 
-0.0888485 0.0645344 0.993952 100.233 0.0130087 0.997889 -0.0636273 -6.5498 -0.99596 0.00727682 -0.0895005 80.5364 
-0.089683 0.0630906 0.99397 101.486 0.0106563 0.997995 -0.0623847 -6.64044 -0.995913 0.00499723 -0.0901756 80.4327 
-0.0911391 0.0626603 0.993865 102.749 0.00879011 0.99803 -0.062117 -6.72442 -0.995799 0.0030749 -0.0915104 80.3358 
-0.0924628 0.0630179 0.99372 104.007 0.0089547 0.998007 -0.0624567 -6.80811 -0.995676 0.00312355 -0.0928429 80.2316 
-0.0945193 0.0618683 0.993599 105.269 0.00936509 0.998078 -0.0612564 -6.89062 -0.995479 0.00351523 -0.0949171 80.1238 
-0.0974509 0.0570874 0.993602 106.536 0.00701798 0.998368 -0.0566731 -6.97706 -0.995216 0.00145025 -0.0976925 80.0219 
-0.101667 0.0568537 0.993192 107.793 0.00648999 0.998382 -0.0564865 -7.06079 -0.994797 0.000703016 -0.101871 79.9091 
-0.107548 0.0630479 0.992199 109.022 0.00167946 0.997997 -0.0632344 -7.14295 -0.994198 -0.00513439 -0.107439 79.8019 
-0.114675 0.0664878 0.991175 110.258 0.00265782 0.997775 -0.0666231 -7.22572 -0.993399 -0.00500564 -0.114597 79.6838 
-0.123837 0.0626018 0.990326 111.513 0.00402419 0.998031 -0.0625857 -7.31576 -0.992294 -0.00376514 -0.123845 79.5428 
-0.13476 0.0603142 0.989041 112.762 0.00671104 0.998178 -0.0599571 -7.40837 -0.990855 -0.00144232 -0.134919 79.3844 
-0.14805 0.0611319 0.987089 113.991 0.0069494 0.998127 -0.0607733 -7.49286 -0.988955 -0.00213781 -0.148198 79.2196 
-0.162384 0.0614133 0.984815 115.216 0.00897782 0.998112 -0.0607623 -7.57228 -0.986687 -0.00102532 -0.162629 79.0359 
-0.176726 0.058759 0.982505 116.446 0.0097549 0.998272 -0.0579474 -7.66412 -0.984212 -0.000656548 -0.176994 78.8419 
-0.192152 0.0609453 0.979471 117.628 0.0140801 0.998138 -0.0593447 -7.7488 -0.981264 0.00238784 -0.192652 78.6218 
-0.20758 0.0641822 0.97611 118.811 0.014842 0.997937 -0.0624611 -7.83545 -0.978105 0.00152178 -0.208105 78.3893 
-0.22226 0.0684341 0.972583 119.988 0.0151719 0.997656 -0.0667312 -7.91727 -0.974869 -7.5759e-05 -0.222778 78.1258 
-0.238043 0.0667336 0.968959 121.168 0.0116721 0.997761 -0.0658498 -8.00131 -0.971184 -0.00436535 -0.238289 77.8568 
-0.253975 0.0608266 0.965296 122.354 0.00628816 0.998103 -0.0612395 -8.09346 -0.96719 -0.00948336 -0.253876 77.5768 
-0.26964 0.0567963 0.961285 123.533 0.00173855 0.998286 -0.0584949 -8.17433 -0.96296 -0.0141013 -0.269276 77.2698 
-0.284837 0.0582719 0.956803 124.688 0.00057149 0.998161 -0.0606206 -8.25815 -0.958576 -0.0167202 -0.284346 76.9492 
-0.29942 0.0603048 0.952214 125.839 0.000534638 0.998011 -0.0630371 -8.34216 -0.954121 -0.0183655 -0.298857 76.608 
-0.313049 0.0626239 0.94767 126.989 0.0021657 0.997868 -0.0652257 -8.43018 -0.949734 -0.0183665 -0.312518 76.2416 
-0.326396 0.0630465 0.943128 128.122 0.00484038 0.997871 -0.065031 -8.51215 -0.945221 -0.0166607 -0.326006 75.8361 
-0.340869 0.0612521 0.938113 129.242 0.00438218 0.997968 -0.0635679 -8.59938 -0.9401 -0.0175574 -0.340445 75.4596 
-0.355042 0.0600284 0.932921 130.385 0.0042878 0.99803 -0.0625861 -8.68658 -0.93484 -0.0182205 -0.3546 75.0326 
-0.369728 0.0616834 0.92709 131.502 0.0031827 0.997872 -0.0651236 -8.77411 -0.929135 -0.0211273 -0.369137 74.6033 
-0.384445 0.0639253 0.920932 132.615 0.00437494 0.997714 -0.0674288 -8.86057 -0.923137 -0.0218936 -0.383846 74.1479 
-0.399148 0.0655872 0.914537 133.716 0.00513747 0.997583 -0.0693007 -8.94426 -0.916872 -0.0229628 -0.39852 73.6828 
-0.413605 0.0682398 0.907895 134.794 0.00832953 0.997429 -0.0711748 -9.03996 -0.910418 -0.0218759 -0.41311 73.2069 
-0.428588 0.072011 0.900626 135.881 0.00782263 0.997077 -0.0760004 -9.12802 -0.903466 -0.0255276 -0.427899 72.7121 
-0.44386 0.0744118 0.893001 136.97 0.00920043 0.996872 -0.0784942 -9.22468 -0.896049 -0.0266244 -0.443156 72.1878 
-0.459625 0.0715849 0.885223 138.057 0.00750057 0.997024 -0.0767314 -9.32295 -0.888081 -0.028628 -0.458794 71.6603 
-0.475951 0.0668296 0.876929 139.138 0.00408306 0.997266 -0.0737843 -9.42438 -0.879463 -0.0315371 -0.474922 71.1074 
-0.492032 0.0674802 0.867958 140.213 0.00413128 0.997161 -0.0751833 -9.51758 -0.870567 -0.0334068 -0.490914 70.5211 
-0.508216 0.0667839 0.858636 141.284 0.00267098 0.997106 -0.0759731 -9.61222 -0.861226 -0.0363173 -0.506923 69.9201 
-0.523979 0.0654762 0.849211 142.348 0.00143643 0.997107 -0.0759931 -9.71209 -0.85173 -0.038599 -0.522557 69.2871 
-0.539555 0.0649364 0.839443 143.386 2.84143e-06 0.997021 -0.0771244 -9.81512 -0.84195 -0.0416104 -0.537948 68.6426 
-0.555039 0.0644073 0.829327 144.427 -0.000147545 0.99699 -0.0775271 -9.91294 -0.831824 -0.0431529 -0.553359 67.9724 
-0.57093 0.0617812 0.818671 145.474 -0.000716538 0.997127 -0.0757482 -10.0133 -0.820999 -0.0438335 -0.569245 67.2808 
-0.586433 0.0583945 0.80789 146.511 -0.000275367 0.997383 -0.072291 -10.1145 -0.809998 -0.0426162 -0.584882 66.5674 
-0.601469 0.0562864 0.796911 147.525 -0.000243373 0.997502 -0.0706381 -10.2163 -0.798896 -0.0426806 -0.599953 65.8272 
-0.616302 0.0547506 0.785604 148.525 -0.00115133 0.997517 -0.0704225 -10.3115 -0.787509 -0.044306 -0.614709 65.0654 
-0.631253 0.0559271 0.773558 149.521 -0.00217623 0.997265 -0.0738767 -10.413 -0.775574 -0.0483183 -0.629405 64.2784 
-0.646757 0.0552397 0.760693 150.5 -0.0045031 0.99708 -0.0762342 -10.5194 -0.762683 -0.0527305 -0.644619 63.4856 
-0.662921 0.0521187 0.746873 151.484 -0.00631863 0.997149 -0.075192 -10.6189 -0.748663 -0.0545656 -0.660702 62.6538 
-0.679985 0.0442636 0.731888 152.469 -0.0100883 0.997517 -0.0697014 -10.7285 -0.733156 -0.0547794 -0.67785 61.8015 
-0.697067 0.04182 0.715785 153.423 -0.0111269 0.997546 -0.069118 -10.8294 -0.716919 -0.0561444 -0.694892 60.9039 
-0.714902 0.0391079 0.69813 154.352 -0.0133834 0.997486 -0.0695823 -10.9225 -0.699096 -0.0590879 -0.712582 60.0046 
-0.732851 0.0355431 0.67946 155.268 -0.016694 0.997395 -0.0701802 -11.0116 -0.680185 -0.0627745 -0.730348 59.0595 
-0.749651 0.0344338 0.660937 156.129 -0.0154069 0.997467 -0.0694414 -11.1107 -0.661654 -0.0622398 -0.747221 58.1207 
-0.766065 0.0366212 0.641719 156.971 -0.0130408 0.997285 -0.0724802 -11.2129 -0.642631 -0.0638931 -0.763507 57.1582 
-0.781263 0.0362765 0.623146 157.793 -0.0102392 0.997431 -0.0709027 -11.3029 -0.624117 -0.0617742 -0.778885 56.1396 
-0.796455 0.0375415 0.603531 158.599 -0.00586617 0.997544 -0.0697918 -11.4149 -0.604669 -0.0591265 -0.794279 55.1445 
-0.811115 0.0386259 0.583609 159.363 -0.00436467 0.997389 -0.0720779 -11.5191 -0.58487 -0.0610107 -0.808829 54.1131 
-0.824751 0.0405717 0.564039 160.099 -0.00332688 0.997058 -0.0765837 -11.6158 -0.565487 -0.0650389 -0.822189 53.0589 
-0.838148 0.0411779 0.543886 160.821 -0.000741652 0.997059 -0.0766307 -11.7185 -0.545442 -0.0646312 -0.835653 51.9914 
-0.850875 0.0391461 0.523908 161.524 0.000395022 0.997267 -0.0738737 -11.8286 -0.525369 -0.0626503 -0.848565 50.9323 
-0.861713 0.0404256 0.505782 162.189 0.00246964 0.997143 -0.075491 -11.9351 -0.507389 -0.0638025 -0.859352 49.8396 
-0.87153 0.0432353 0.488432 162.828 0.00542495 0.996894 -0.0785637 -12.0466 -0.490312 -0.0658209 -0.869058 48.7657 
-0.881714 0.0408841 0.470009 163.546 0.00345393 0.996771 -0.0802255 -12.1595 -0.471771 -0.0691126 -0.879008 47.6321 
-0.890466 0.0381701 0.453445 164.199 0.00250314 0.996871 -0.078999 -12.2795 -0.455042 -0.0692109 -0.887776 46.4818 
-0.898367 0.0357595 0.437788 164.811 0.00117415 0.996872 -0.0790174 -12.4073 -0.439244 -0.0704726 -0.895599 45.3548 
-0.904963 0.0339549 0.424132 165.4 0.000831403 0.99695 -0.0780391 -12.5318 -0.425489 -0.0702699 -0.902231 44.1482 
-0.911805 0.0315098 0.409413 165.977 -0.000257495 0.997007 -0.0773065 -12.644 -0.410624 -0.0705938 -0.909068 43.0022 
-0.91777 0.0264791 0.396228 166.508 -0.00291581 0.997298 -0.0734012 -12.751 -0.397102 -0.0685207 -0.915213 41.8436 
-0.922963 0.0231779 0.384191 167.024 -0.00384701 0.99758 -0.069425 -12.8659 -0.38487 -0.0655547 -0.92064 40.6521 
-0.927533 0.0235648 0.372999 167.535 -0.00140784 0.997783 -0.0665374 -12.9587 -0.37374 -0.0622407 -0.925443 39.4481 
-0.93095 0.0278631 0.364081 168.018 0.00337651 0.997699 -0.0677201 -13.0624 -0.36513 -0.0618147 -0.928902 38.2772 
-0.933256 0.033196 0.357674 168.483 0.00876472 0.997529 -0.0697122 -13.1511 -0.359104 -0.0619245 -0.931241 37.0981 
-0.935242 0.0362981 0.352143 168.944 0.0114562 0.997312 -0.0723746 -13.2465 -0.353824 -0.0636535 -0.933143 35.9226 
-0.937595 0.0331777 0.346142 169.444 0.00925397 0.997466 -0.0705409 -13.3615 -0.347605 -0.0629356 -0.935526 34.7304 
-0.939621 0.0255784 0.341258 169.918 0.00272351 0.99773 -0.0672842 -13.4559 -0.342205 -0.0622923 -0.937558 33.5222 
-0.941353 0.0195076 0.336859 170.375 -0.00301103 0.997802 -0.0661974 -13.5446 -0.33741 -0.0633294 -0.939225 32.3069 
-0.943411 0.0125207 0.331389 170.848 -0.010435 0.997671 -0.0674011 -13.6412 -0.331462 -0.067045 -0.941083 31.1082 
-0.94495 0.00980064 0.327067 171.304 -0.013911 0.997444 -0.07008 -13.7413 -0.326918 -0.070772 -0.942399 29.9026 
-0.945685 0.0101605 0.324927 171.736 -0.0141067 0.997287 -0.0722423 -13.838 -0.324779 -0.072902 -0.942976 28.7142 
-0.945808 0.0112164 0.324532 172.171 -0.013435 0.997196 -0.0736196 -13.944 -0.324448 -0.0739901 -0.943005 27.5064 
-0.945779 0.014141 0.324503 172.601 -0.0109951 0.997085 -0.075496 -14.0459 -0.324625 -0.0749704 -0.942867 26.3039 
-0.94576 0.0138689 0.32457 173.063 -0.0120583 0.996901 -0.0777344 -14.1423 -0.324642 -0.0774318 -0.942662 25.0985 
-0.945366 0.0143844 0.325692 173.501 -0.0124314 0.996709 -0.0801044 -14.2441 -0.325772 -0.0797768 -0.942076 23.8985 
-0.94481 0.0153178 0.32726 173.936 -0.0114883 0.996743 -0.0798212 -14.3504 -0.327417 -0.0791755 -0.941557 22.7027 
-0.944084 0.0143603 0.329392 174.37 -0.0129419 0.996667 -0.0805445 -14.4607 -0.329451 -0.0803037 -0.940752 21.5149 
-0.942892 0.0122017 0.332876 174.823 -0.0159375 0.996532 -0.0816723 -14.5591 -0.332718 -0.0823134 -0.939427 20.337 
-0.941481 0.0107555 0.336895 175.272 -0.0171247 0.996674 -0.0796756 -14.6671 -0.336631 -0.0807823 -0.938165 19.1797 
-0.939645 0.00766908 0.342066 175.756 -0.0200418 0.996798 -0.0774024 -14.767 -0.341564 -0.0795864 -0.936483 17.9729 
-0.936999 0.00578742 0.349285 176.212 -0.0216723 0.996974 -0.0746578 -14.8718 -0.34866 -0.077524 -0.934038 16.793 
-0.934563 0.00721874 0.355724 176.679 -0.0211727 0.996894 -0.0758554 -14.9546 -0.355167 -0.0784233 -0.931508 15.62 
-0.932493 0.0056552 0.361143 177.192 -0.0237671 0.99675 -0.0769764 -15.052 -0.360405 -0.0803632 -0.929328 14.511 
-0.929243 0.00921062 0.369355 177.654 -0.021422 0.996664 -0.0787484 -15.1591 -0.368848 -0.0810887 -0.925946 13.3954 
-0.924726 0.00953225 0.380514 178.127 -0.0216321 0.996754 -0.0775401 -15.2738 -0.380018 -0.0799347 -0.921518 12.2409 
-0.920504 0.0109718 0.390578 178.645 -0.0218654 0.996593 -0.0795274 -15.3774 -0.39012 -0.0817455 -0.917128 11.1303 
-0.914668 0.0152069 0.403919 179.164 -0.0186808 0.996634 -0.0798242 -15.4937 -0.403774 -0.0805582 -0.911305 9.96683 
-0.909088 0.0158664 0.416303 179.694 -0.019441 0.99657 -0.0804357 -15.5994 -0.416151 -0.0812164 -0.905661 8.85417 
-0.903002 0.0153794 0.429361 180.257 -0.0198181 0.996804 -0.0773848 -15.7087 -0.429179 -0.0783877 -0.899811 7.70824 
-0.897265 0.0171794 0.441157 180.841 -0.019285 0.996764 -0.0780392 -15.8176 -0.44107 -0.0785296 -0.89403 6.59927 
-0.890442 0.0197977 0.454665 181.442 -0.0172163 0.996873 -0.0771245 -15.9163 -0.454771 -0.0765026 -0.887317 5.47489 
-0.882801 0.0216671 0.469247 182.026 -0.0149155 0.997139 -0.074103 -16.0301 -0.46951 -0.0724173 -0.879952 4.37377 
-0.875167 0.0228703 0.48328 182.628 -0.0130058 0.997409 -0.0707527 -16.1428 -0.483646 -0.0682058 -0.872602 3.30872 
-0.866686 0.0265886 0.498145 183.266 -0.00823654 0.99768 -0.0675816 -16.2516 -0.498786 -0.062675 -0.864456 2.19956 
-0.857822 0.0292841 0.513111 183.893 -0.00507914 0.997844 -0.0654399 -16.3601 -0.513921 -0.058742 -0.855824 1.14401 
-0.84668 0.0319892 0.53114 184.561 -0.00292768 0.997896 -0.0647676 -16.453 -0.532095 -0.0563924 -0.844805 0.0458856 
-0.836048 0.035361 0.547515 185.249 8.07399e-05 0.997929 -0.0643274 -16.5374 -0.548656 -0.0537366 -0.834319 -0.987777 
-0.82458 0.0372003 0.564521 185.958 0.00124633 0.997953 -0.0639418 -16.6281 -0.565744 -0.0520215 -0.822938 -2.01033 
-0.814361 0.0387028 0.579067 186.678 0.00155466 0.997916 -0.0645109 -16.7193 -0.580357 -0.0516349 -0.812724 -2.97092 
-0.801526 0.0404511 0.59659 187.404 0.00316478 0.997982 -0.0634151 -16.8204 -0.597952 -0.0489408 -0.800037 -3.95014 
-0.787875 0.0409027 0.614475 188.143 0.00511207 0.998192 -0.0598903 -16.9159 -0.615814 -0.0440448 -0.786659 -4.89319 
-0.772973 0.0426988 0.633 188.925 0.00764762 0.998287 -0.0580005 -17.0036 -0.634392 -0.0399919 -0.771976 -5.83557 
-0.756179 0.0455342 0.652779 189.732 0.00979451 0.998252 -0.0582866 -17.0988 -0.654292 -0.0376814 -0.755303 -6.76982 
-0.740761 0.048438 0.67002 190.559 0.0099865 0.998081 -0.0611138 -17.1695 -0.671695 -0.0385795 -0.739823 -7.61411 
-0.721736 0.0494247 0.690401 191.38 0.00926442 0.998048 -0.0617638 -17.246 -0.692106 -0.038181 -0.720785 -8.50803 
-0.702496 0.0499519 0.709933 192.241 0.00852342 0.998053 -0.0617904 -17.3267 -0.711637 -0.0373564 -0.701553 -9.35871 
-0.682797 0.0491704 0.728951 193.117 0.00599531 0.998076 -0.0617082 -17.4106 -0.730583 -0.0377639 -0.681779 -10.1743 
-0.663011 0.0499207 0.746943 194.005 0.00414313 0.998003 -0.0630224 -17.4906 -0.748598 -0.0386898 -0.661894 -10.9443 
-0.642027 0.0494567 0.765085 194.904 0.0016481 0.998004 -0.0631301 -17.5776 -0.76668 -0.0392703 -0.640827 -11.6865 
-0.621814 0.0496895 0.781587 195.837 -0.000153275 0.997977 -0.0635686 -17.6501 -0.783164 -0.0396476 -0.620549 -12.3825 
-0.598874 0.0499885 0.799282 196.778 -0.00227855 0.997939 -0.0641202 -17.716 -0.80084 -0.0402211 -0.597526 -13.0845 
-0.574487 0.0506208 0.816947 197.732 -0.00392098 0.997904 -0.0645908 -17.8004 -0.818504 -0.0403098 -0.573085 -13.7578 
-0.549338 0.0539112 0.833859 198.717 -0.0037413 0.997748 -0.0669718 -17.8724 -0.835592 -0.0399098 -0.547899 -14.3886 
-0.523362 0.0551531 0.850323 199.717 -0.00487785 0.997693 -0.067714 -17.9466 -0.852096 -0.0395867 -0.521886 -14.9855 
-0.496407 0.0536781 0.866429 200.741 -0.00589496 0.997855 -0.0651979 -18.0425 -0.86807 -0.0374722 -0.495026 -15.5569 
-0.469524 0.0523764 0.881365 201.753 -0.00959269 0.997877 -0.0644107 -18.1083 -0.882867 -0.038697 -0.468025 -16.066 
-0.440897 0.0535163 0.895961 202.786 -0.01381 0.997698 -0.066389 -18.2087 -0.897451 -0.0416439 -0.439143 -16.555 
-0.411832 0.0560541 0.909534 203.798 -0.0148229 0.997562 -0.068191 -18.2799 -0.911139 -0.0415652 -0.409997 -16.9577 
-0.38136 0.057194 0.922656 204.759 -0.0121703 0.997687 -0.0668755 -18.3686 -0.924347 -0.0367326 -0.379782 -17.3363 
-0.350964 0.0571924 0.934641 205.779 -0.0110753 0.99781 -0.0652168 -18.4582 -0.936323 -0.0332401 -0.349562 -17.6979 
-0.321399 0.0571904 0.945215 206.684 -0.0144044 0.997764 -0.0652678 -18.5435 -0.946834 -0.0345923 -0.319857 -17.986 
-0.289725 0.0564564 0.955443 207.804 -0.0153103 0.997858 -0.0636054 -18.6216 -0.956987 -0.0330562 -0.28824 -18.2679 
-0.254661 0.0546466 0.965485 208.894 -0.0175598 0.997976 -0.0611173 -18.7175 -0.966871 -0.0325179 -0.253186 -18.5817 
-0.220711 0.0529464 0.973901 209.991 -0.0162446 0.998187 -0.0579483 -18.8074 -0.975204 -0.0286105 -0.219451 -18.8228 
-0.186691 0.0525365 0.981013 211.07 -0.0160897 0.998272 -0.0565228 -18.8913 -0.982287 -0.0263365 -0.185523 -19.0287 
-0.153221 0.0520932 0.986818 212.149 -0.0180244 0.998296 -0.0554978 -18.9807 -0.988027 -0.0262903 -0.152021 -19.1693 
-0.118441 0.0523136 0.991582 213.298 -0.0193379 0.9983 -0.054978 -19.0512 -0.992773 -0.0256867 -0.117228 -19.2825 
-0.0832798 0.0529298 0.995119 214.423 -0.0214073 0.998263 -0.0548886 -19.1251 -0.996296 -0.025874 -0.0820021 -19.3751 
-0.0487719 0.0520949 0.99745 215.595 -0.0213041 0.998357 -0.0531841 -19.1945 -0.998583 -0.0238437 -0.0475819 -19.4175 
-0.0158369 0.0513936 0.998553 216.694 -0.0235746 0.998381 -0.0517587 -19.2701 -0.999597 -0.0243602 -0.0145997 -19.4276 
0.0172889 0.0524829 0.998472 217.86 -0.0250176 0.998331 -0.0520424 -19.3277 -0.999537 -0.0240796 0.0185731 -19.3944 
0.0492747 0.0525223 0.997403 218.984 -0.024542 0.998378 -0.0513612 -19.391 -0.998484 -0.0219474 0.0504838 -19.3197 
0.0811345 0.0497781 0.995459 220.103 -0.0231544 0.998577 -0.0480469 -19.4648 -0.996434 -0.019151 0.0821716 -19.2168 
0.112704 0.0484468 0.992447 221.285 -0.0213851 0.998697 -0.0463235 -19.5306 -0.993398 -0.0160027 0.113593 -19.0756 
0.142894 0.0487272 0.988538 222.449 -0.0196105 0.998731 -0.0463951 -19.5857 -0.989544 -0.0127561 0.143669 -18.8948 
0.173535 0.0480849 0.983653 223.615 -0.0174289 0.998801 -0.0457507 -19.6554 -0.984673 -0.00920466 0.174165 -18.6891 
0.202986 0.0478198 0.978013 224.757 -0.0151463 0.998841 -0.0456947 -19.7127 -0.979064 -0.00553785 0.203475 -18.4386 
0.233418 0.044963 0.971336 225.887 -0.0113381 0.998988 -0.0435185 -19.7818 -0.97231 -0.000855142 0.233691 -18.1595 
0.262509 0.0435967 0.963944 226.986 -0.00892969 0.999046 -0.0427526 -19.8362 -0.964888 0.0026152 0.262648 -17.8315 
0.29297 0.0430429 0.955152 228.117 -0.00587613 0.999048 -0.0432188 -19.8945 -0.956104 0.00704919 0.292944 -17.5 
0.321744 0.0421255 0.945889 229.218 -0.00458024 0.999067 -0.042936 -19.9538 -0.946816 0.00948198 0.321637 -17.1199 
0.350085 0.0404865 0.935843 230.301 -0.00360007 0.999116 -0.0418772 -20.0089 -0.936711 0.0112915 0.349921 -16.7067 
0.378288 0.0399555 0.924825 231.38 -0.00382019 0.999127 -0.041603 -20.0673 -0.92568 0.0122049 0.37811 -16.2595 
0.407353 0.0412422 0.912339 232.492 -0.00251005 0.999027 -0.0440403 -20.1304 -0.913267 0.0156499 0.40706 -15.7655 
0.43594 0.042085 0.898991 233.547 -0.000657218 0.998921 -0.0464445 -20.1907 -0.899976 0.0196561 0.435497 -15.2598 
0.463895 0.041664 0.88491 234.612 -0.000452438 0.998904 -0.0467941 -20.2476 -0.88589 0.0213072 0.463406 -14.7025 
0.490131 0.0393347 0.870761 235.589 0.000564474 0.998967 -0.0454439 -20.3071 -0.871649 0.022765 0.489602 -14.1243 
0.515543 0.0378944 0.856025 236.64 -0.000825536 0.999043 -0.0437284 -20.3678 -0.856863 0.0218372 0.515081 -13.4865 
0.538909 0.0385403 0.841482 237.624 -0.00240308 0.999019 -0.0442167 -20.428 -0.84236 0.0218066 0.538473 -12.8465 
0.560126 0.038685 0.827504 238.614 -0.00341837 0.999008 -0.044389 -20.4858 -0.8284 0.0220347 0.559703 -12.1607 
0.579906 0.037577 0.813816 239.609 -0.0041725 0.999059 -0.0431573 -20.5494 -0.814672 0.0216315 0.579518 -11.4334 
0.598343 0.0350176 0.800475 240.578 -0.00421638 0.999168 -0.0405582 -20.6098 -0.801229 0.0208925 0.597993 -10.6875 
0.616099 0.0320953 0.787014 241.539 -0.00258261 0.999246 -0.0387287 -20.6606 -0.787664 0.0218281 0.615718 -9.93114 
0.633248 0.0296147 0.773382 242.498 -0.00144368 0.999311 -0.0370841 -20.7153 -0.773947 0.0223669 0.632855 -9.14544 
0.648796 0.0276942 0.760458 243.424 0.000569017 0.99932 -0.0368786 -20.7692 -0.760962 0.0243593 0.648339 -8.34058 
0.663891 0.0284018 0.74729 244.322 -0.000589883 0.999298 -0.0374559 -20.817 -0.747829 0.0244258 0.663442 -7.51609 
0.678969 0.0272816 0.733659 245.192 -0.000112908 0.999313 -0.0370557 -20.8743 -0.734166 0.0250768 0.678506 -6.67485 
0.693202 0.0259967 0.720274 246.034 -0.00130963 0.999393 -0.0348107 -20.923 -0.720742 0.0231875 0.692816 -5.82448 
0.708245 0.0223815 0.705612 246.919 0.00061186 0.999477 -0.032317 -20.9685 -0.705967 0.02332 0.707861 -4.91963 
0.722016 0.0211656 0.691553 247.739 0.000695084 0.999509 -0.0313167 -21.0184 -0.691876 0.0230918 0.721647 -4.01129 
0.736285 0.0205655 0.676359 248.596 0.0023591 0.999454 -0.0329579 -21.0632 -0.676667 0.0258619 0.735835 -3.08089 
0.749 0.0198 0.662274 249.411 0.0033415 0.999428 -0.0336591 -21.1126 -0.662562 0.0274236 0.748505 -2.13899 
0.760934 0.0197054 0.64853 250.223 0.00263391 0.999437 -0.0334582 -21.1558 -0.648824 0.0271676 0.760454 -1.16681 
0.771803 0.0174032 0.635624 251.006 0.00287734 0.999519 -0.0308605 -21.2079 -0.635856 0.025647 0.771382 -0.169046 
0.782645 0.0136411 0.622318 251.777 0.00565244 0.999563 -0.029019 -21.2659 -0.622442 0.0262291 0.782226 0.829971 
0.792785 0.0131209 0.60936 252.533 0.00605457 0.999549 -0.0293998 -21.3095 -0.609471 0.0269971 0.792349 1.84472 
0.802249 0.0107581 0.596892 253.286 0.00961994 0.999475 -0.0309438 -21.3595 -0.596911 0.0305667 0.801725 2.87835 
0.810082 0.0103285 0.586225 253.997 0.00923814 0.999496 -0.0303757 -21.4025 -0.586243 0.0300224 0.809578 3.92749 
0.818094 0.00753349 0.575035 254.723 0.0115698 0.999496 -0.0295547 -21.4549 -0.574968 0.0308316 0.817595 4.98236 
0.825133 0.00558038 0.564911 255.434 0.0134974 0.999471 -0.0295881 -21.4974 -0.564777 0.0320389 0.824621 6.02393 
0.830498 0.00414478 0.557006 256.137 0.0143594 0.999481 -0.0288475 -21.5394 -0.556836 0.031956 0.830007 7.12544 
0.834581 0.00225646 0.55088 256.853 0.0150932 0.999522 -0.0269604 -21.585 -0.550678 0.0308151 0.834149 8.23526 
0.837075 0.00239491 0.547083 257.553 0.0144777 0.999543 -0.0265276 -21.6193 -0.546897 0.030126 0.836658 9.35231 
0.839372 0.000239413 0.543557 258.263 0.0162632 0.999541 -0.0255544 -21.6643 -0.543314 0.0302896 0.838983 10.5133 
0.841723 -0.00125461 0.539908 258.963 0.0174665 0.999537 -0.024908 -21.7072 -0.539627 0.0303959 0.841356 11.6355 
0.84385 -0.00393424 0.536565 259.651 0.0189925 0.999565 -0.0225405 -21.7569 -0.536243 0.0292115 0.843558 12.7614 
0.845972 -0.00526692 0.5332 260.453 0.019848 0.999569 -0.0216172 -21.81 -0.532857 0.0288705 0.845713 14.0306 
0.847782 -0.0050624 0.530321 261.133 0.0196872 0.999566 -0.0219308 -21.8468 -0.529979 0.0290331 0.847513 15.1737 
0.850029 -0.00603723 0.526701 261.818 0.0205925 0.999551 -0.0217767 -21.8791 -0.526332 0.0293569 0.849772 16.3119 
0.852624 -0.00643892 0.522485 262.601 0.0207072 0.999555 -0.0214733 -21.9333 -0.522114 0.0291278 0.852378 17.5716 
0.855344 -0.00685378 0.518014 263.342 0.0205727 0.999573 -0.0207446 -21.9857 -0.517651 0.0284007 0.85512 18.7437 
0.858031 -0.00720029 0.513548 264.125 0.0206341 0.999578 -0.0204607 -22.0469 -0.513184 0.0281525 0.857817 19.9893 
