1 2.12261e-08 -2.11895e-08 0 2.12261e-08 1 2.10703e-08 0 -2.11895e-08 2.10703e-08 1 0 
0.999999 -0.000707825 -0.00111184 0.0321322 0.000709146 0.999999 0.00114993 -0.0110055 0.00111098 -0.00115067 0.999999 1.39302 
0.999997 -0.00192956 -0.00124596 0.00378065 0.00193074 0.999998 0.000914966 -0.0193379 0.00124415 -0.000917327 0.999999 2.71874 
0.999995 -0.00316894 -0.000784363 -0.0264474 0.00316883 0.999995 -0.000204856 -0.0351722 0.000784966 0.000202411 1 4.05932 
0.999992 -0.00394256 -0.000327855 -0.0566853 0.00394268 0.999992 0.000233718 -0.0587018 0.000326889 -0.000234966 1 5.37721 
0.99999 -0.00448851 0.000221115 -0.0900502 0.00448833 0.999989 0.000990756 -0.0753506 -0.000225602 -0.000989712 1 6.69749 
0.999981 -0.00606853 0.00137784 -0.134711 0.00606521 0.999979 0.00243134 -0.103303 -0.00139261 -0.00242289 0.999996 8.04017 
0.999985 -0.00511313 0.00186936 -0.1692 0.00510804 0.999983 0.00273818 -0.121363 -0.00188337 -0.00272855 0.999995 9.37911 
0.999989 -0.00457802 0.00145524 -0.185985 0.00457644 0.999989 0.00111219 -0.138711 -0.00146036 -0.00110547 0.999998 10.7686 
0.999996 -0.00143161 0.00263525 -0.252962 0.00143502 0.999998 -0.00127583 -0.158016 -0.00263346 0.00127965 0.999996 12.1528 
0.999992 0.00211475 0.00349573 -0.28742 -0.00210641 0.999995 -0.00237491 -0.176508 -0.00350078 0.00236757 0.999991 13.4992 
0.999981 0.00475559 0.0039987 -0.32157 -0.00474667 0.999986 -0.00222789 -0.205554 -0.00400928 0.00220891 0.99999 14.8464 
0.999975 0.00557732 0.00440845 -0.34334 -0.00557152 0.999984 -0.00131665 -0.22716 -0.00441576 0.0012921 0.999989 16.1979 
0.999981 0.00303774 0.00536277 -0.364068 -0.00304619 0.999994 0.00157696 -0.246681 -0.00535799 -0.00159322 0.999984 17.5587 
0.999985 -0.00070893 0.00534921 -0.375265 0.000691462 0.999994 0.00327463 -0.263191 -0.00535154 -0.00327084 0.99998 18.9184 
0.99998 -0.00342393 0.00530824 -0.390797 0.00341863 0.999994 0.00101669 -0.283561 -0.00531173 -0.000998481 0.999985 20.2877 
0.999977 -0.00431351 0.00518327 -0.405523 0.00431698 0.999991 -0.000650381 -0.311729 -0.00518046 0.000672784 0.999986 21.6569 
0.999978 -0.00309438 0.00583296 -0.435437 0.00310586 0.999993 -0.00195189 -0.338292 -0.00582692 0.00197 0.999981 23.0108 
0.999976 -0.000111509 0.00688113 -0.459824 0.000112929 1 -0.00019964 -0.355007 -0.00688115 0.000200454 0.999976 24.3635 
0.999968 2.82741e-05 0.00804577 -0.486939 -6.24733e-05 0.999991 0.00425565 -0.379363 -0.00804562 -0.00425598 0.999959 25.7239 
0.999965 -0.00200338 0.00809693 -0.480754 0.00195596 0.999981 0.00586569 -0.389104 -0.00810857 -0.00584961 0.99995 27.1266 
0.99995 -0.00620402 0.00788479 -0.493116 0.00617058 0.999972 0.00426405 -0.406604 -0.00791107 -0.00421514 0.99996 28.4969 
0.999946 -0.0069447 0.00775178 -0.505846 0.00692914 0.999974 0.00203753 -0.425042 -0.00776577 -0.00198366 0.999968 29.8875 
0.99994 -0.00673844 0.00861244 -0.528105 0.0067434 0.999977 -0.000541494 -0.446405 -0.00860864 0.000599581 0.999963 31.2541 
0.999957 -0.00408219 0.00838135 -0.529945 0.00409992 0.999989 -0.00209371 -0.45799 -0.00837276 0.00212803 0.999963 32.6263 
0.999955 -0.00323927 0.00888834 -0.553551 0.0032779 0.999985 -0.00433056 -0.482571 -0.00887423 0.00435955 0.999951 34.0225 
0.999959 -0.00182501 0.00888724 -0.569511 0.00185818 0.999991 -0.00372031 -0.511396 -0.00888042 0.00373671 0.999954 35.4238 
0.999957 -0.00229939 0.00903648 -0.589828 0.00231679 0.999996 -0.00191167 -0.542376 -0.00903208 0.00193256 0.999957 36.8267 
0.999958 -0.000893279 0.00916269 -0.614407 0.000897139 1 -0.000412558 -0.570387 -0.00916236 0.000420803 0.999958 38.2153 
0.99995 0.00240949 0.00967432 -0.641611 -0.00240741 0.999997 -0.00022248 -0.589284 -0.00967487 0.000199221 0.999953 39.6493 
0.99994 0.00436439 0.0100726 -0.661718 -0.00435785 0.99999 -0.000666784 -0.611095 -0.0100755 0.00062289 0.999949 41.0936 
0.999936 0.00629771 0.00944909 -0.660941 -0.00629861 0.99998 6.94468e-05 -0.642749 -0.00944851 -0.000128917 0.999955 42.5143 
0.999924 0.00694623 0.0101578 -0.702035 -0.00694923 0.999976 0.000264139 -0.666587 -0.0101557 -0.000334666 0.999948 43.9272 
0.99993 0.00607664 0.0102032 -0.724805 -0.00608017 0.999982 0.000318751 -0.687903 -0.0102011 -0.000380724 0.999948 45.3302 
0.999936 0.00546565 0.00990586 -0.746287 -0.00546232 0.999985 -0.000359378 -0.705516 -0.00990772 0.000305288 0.999951 46.759 
0.999948 0.00460054 0.00912271 -0.764487 -0.0046004 0.999989 -3.24004e-05 -0.725015 -0.0091228 -9.52747e-06 0.999958 48.2049 
0.999956 0.00452738 0.00821136 -0.781152 -0.00453533 0.999989 0.000956039 -0.745517 -0.00820698 -0.000993197 0.999966 49.6377 
0.999964 0.00415148 0.00739065 -0.806254 -0.0041618 0.99999 0.00138763 -0.775124 -0.00738486 -0.00141829 0.999972 51.0761 
0.999966 0.00465881 0.00674589 -0.829524 -0.00467087 0.999988 0.00177955 -0.798737 -0.00673755 -0.00181095 0.999976 52.4898 
0.999968 0.00491147 0.00639305 -0.866875 -0.00492612 0.999985 0.00228415 -0.812927 -0.00638178 -0.00231553 0.999977 53.9454 
0.999975 0.00376182 0.00597514 -0.886761 -0.00378128 0.999988 0.00325452 -0.830236 -0.00596286 -0.00327699 0.999977 55.397 
0.999981 0.00192317 0.00578156 -0.904933 -0.00194138 0.999993 0.00315316 -0.845984 -0.0057755 -0.00316429 0.999978 56.8505 
0.999986 -0.000507986 0.00530524 -0.916154 0.000493825 0.999996 0.00267829 -0.866271 -0.00530662 -0.00267559 0.999982 58.3036 
0.999984 -0.00189717 0.0052445 -0.936461 0.00188008 0.999993 0.00326979 -0.892125 -0.00525071 -0.00325983 0.999981 59.7388 
0.999976 -0.00347195 0.00606475 -0.958425 0.00344906 0.999987 0.00378856 -0.911482 -0.00607787 -0.0037675 0.999974 61.1507 
0.999971 -0.00408343 0.00646425 -0.96957 0.00405399 0.999981 0.00456643 -0.932589 -0.00648282 -0.00454005 0.999969 62.5925 
0.99996 -0.00520317 0.0073022 -0.990889 0.00517717 0.99998 0.00358096 -0.945053 -0.00732073 -0.00354297 0.999967 64.0358 
0.99995 -0.0063756 0.00769462 -1.00736 0.00635559 0.999976 0.00262716 -0.961974 -0.00771123 -0.00257808 0.999967 65.4789 
0.99995 -0.00556898 0.00835696 -1.01685 0.00555178 0.999982 0.00208437 -0.981708 -0.00836846 -0.00203783 0.999963 66.9264 
0.999948 -0.00373519 0.0095111 -1.03408 0.0037192 0.999992 0.0017033 -1.00042 -0.00951743 -0.00166779 0.999953 68.3517 
0.999953 -0.000623756 0.0096449 -1.04612 0.000590029 0.999994 0.00350368 -1.02418 -0.00964707 -0.00349778 0.999947 69.77 
0.999937 0.00275782 0.0108717 -1.07457 -0.00280487 0.999987 0.00431924 -1.03687 -0.0108597 -0.00434943 0.999932 71.2054 
0.999916 0.00620926 0.0113581 -1.09041 -0.00626363 0.999969 0.00476065 -1.0609 -0.0113282 -0.00483135 0.999924 72.6164 
0.999884 0.00984049 0.011648 -1.10123 -0.00989263 0.999941 0.00443124 -1.0645 -0.0116037 -0.00454591 0.999922 74.073 
0.99984 0.0127804 0.0124882 -1.12175 -0.0128278 0.999911 0.00372441 -1.08669 -0.0124395 -0.00388397 0.999915 75.475 
0.999806 0.0142397 0.0136139 -1.14499 -0.0142872 0.999892 0.00339712 -1.10496 -0.0135641 -0.00359092 0.999902 76.8798 
0.999785 0.0149684 0.0143264 -1.15941 -0.0150206 0.999881 0.00354676 -1.12182 -0.0142716 -0.00376115 0.999891 78.2752 
0.999812 0.0127947 0.0145399 -1.17213 -0.0128464 0.999912 0.00346927 -1.14337 -0.0144942 -0.00365536 0.999888 79.7024 
0.999817 0.0113036 0.0154187 -1.21389 -0.0113532 0.999931 0.00313701 -1.16873 -0.0153822 -0.00331145 0.999876 81.1629 
0.999814 0.0112483 0.0156774 -1.24701 -0.0112961 0.999932 0.00296917 -1.18784 -0.015643 -0.00314567 0.999873 82.5728 
0.999834 0.010471 0.0149303 -1.23381 -0.0105204 0.999939 0.00323413 -1.20521 -0.0148956 -0.00339062 0.999883 84.0146 
0.999838 0.0106456 0.0144925 -1.2425 -0.0106837 0.99994 0.00255638 -1.22248 -0.0144644 -0.00271076 0.999892 85.4066 
0.999839 0.0109763 0.0142004 -1.26076 -0.011016 0.999936 0.00272507 -1.23071 -0.0141696 -0.00288102 0.999895 86.7859 
0.999847 0.0101188 0.0142488 -1.31181 -0.0101703 0.999942 0.00354314 -1.2385 -0.0142122 -0.00368747 0.999892 88.1494 
0.999874 0.00818746 0.0136349 -1.32159 -0.00824762 0.999957 0.00436493 -1.25181 -0.0135986 -0.00447679 0.999898 89.489 
0.999916 0.00502786 0.011978 -1.32384 -0.00508779 0.999975 0.00498197 -1.26258 -0.0119527 -0.00504245 0.999916 90.9127 
0.999933 0.003007 0.0112111 -1.32505 -0.0030614 0.999984 0.00484263 -1.27915 -0.0111964 -0.00487658 0.999925 92.3149 
0.99994 0.00128073 0.010915 -1.33668 -0.00132917 0.999989 0.00443541 -1.29262 -0.0109092 -0.00444961 0.999931 93.7061 
0.999938 3.08585e-05 0.0111091 -1.35429 -7.71545e-05 0.999991 0.00417081 -1.30999 -0.011109 -0.00417137 0.99993 95.0918 
0.99994 -1.51393e-05 0.0109707 -1.36305 -2.41125e-05 0.999994 0.00358161 -1.32916 -0.0109707 -0.00358162 0.999933 96.4471 
0.999937 -0.000671373 0.0111667 -1.37461 0.000635882 0.999995 0.0031854 -1.35592 -0.0111688 -0.00317806 0.999933 97.7843 
0.999936 0.000154561 0.0113096 -1.39005 -0.000184887 0.999996 0.0026843 -1.38084 -0.0113092 -0.00268618 0.999932 99.1496 
0.999929 0.00132335 0.0118732 -1.40526 -0.0013601 0.999994 0.003092 -1.40488 -0.0118691 -0.00310789 0.999925 100.506 
0.999914 0.00196737 0.0129333 -1.44577 -0.00202477 0.999988 0.00442975 -1.41711 -0.0129244 -0.00445552 0.999907 101.87 
0.999895 0.00390435 0.0139486 -1.48389 -0.00397615 0.999979 0.00512649 -1.42924 -0.0139283 -0.00518138 0.99989 103.215 
0.999898 0.00267315 0.0140345 -1.49233 -0.00272947 0.999988 0.00399824 -1.45323 -0.0140236 -0.00403609 0.999894 104.581 
0.99989 0.00320139 0.0145038 -1.50499 -0.00322421 0.999994 0.0015529 -1.47537 -0.0144988 -0.00159945 0.999894 105.899 
0.999886 0.00277823 0.0148761 -1.52215 -0.00277934 0.999996 5.66976e-05 -1.49415 -0.0148759 -9.79949e-05 0.999889 107.258 
0.999883 0.000228791 0.0152738 -1.52825 -0.000252216 0.999999 0.0015346 -1.51474 -0.0152735 -0.00153823 0.999882 108.603 
0.999865 -0.00278281 0.0162166 -1.54497 0.00272141 0.999989 0.00380967 -1.54526 -0.0162271 -0.00376498 0.999861 109.956 
0.999843 -0.0044787 0.0171473 -1.54915 0.00440447 0.999981 0.00436634 -1.56424 -0.0171666 -0.00429009 0.999843 111.302 
0.99982 -0.00508471 0.0182824 -1.55449 0.00502747 0.999982 0.00317748 -1.58888 -0.0182983 -0.00308495 0.999828 112.621 
0.99981 -0.00339496 0.0191804 -1.55656 0.00337905 0.999994 0.000864123 -1.61474 -0.0191833 -0.000799106 0.999816 113.967 
0.99979 -0.000762534 0.0204581 -1.55695 0.000795161 0.999998 -0.00158466 -1.62668 -0.0204569 0.00160064 0.999789 115.319 
0.999765 0.00159646 0.0216347 -1.54846 -0.0015735 0.999998 -0.00107603 -1.65721 -0.0216364 0.00104177 0.999765 116.685 
0.999713 0.00361245 0.0237032 -1.55859 -0.00362277 0.999993 0.00039424 -1.67441 -0.0237016 -0.000479956 0.999719 118.041 
0.999685 0.00399369 0.0247632 -1.53391 -0.00404484 0.99999 0.00201728 -1.68072 -0.024755 -0.00211677 0.999691 119.461 
0.999664 0.00353021 0.0256918 -1.528 -0.00359524 0.99999 0.00248702 -1.70396 -0.0256829 -0.00257851 0.999667 120.797 
0.999609 0.00503847 0.0275017 -1.52581 -0.00507444 0.999986 0.00124001 -1.71518 -0.0274951 -0.00137904 0.999621 122.136 
0.999544 0.0072316 0.0293319 -1.52428 -0.00725994 0.999973 0.000861393 -1.73972 -0.0293249 -0.00107391 0.999569 123.459 
0.999484 0.00918255 0.0307665 -1.51119 -0.00920615 0.999957 0.00062696 -1.76336 -0.0307595 -0.000909837 0.999526 124.806 
0.999434 0.00965354 0.0322119 -1.50268 -0.00964046 0.999953 -0.000560197 -1.78283 -0.0322158 0.000249384 0.999481 126.13 
0.999376 0.0111473 0.033507 -1.49094 -0.01111 0.999937 -0.00129641 -1.80856 -0.0335194 0.000923375 0.999438 127.445 
0.99933 0.01062 0.0350189 -1.48335 -0.0105693 0.999943 -0.00163243 -1.83309 -0.0350343 0.00126126 0.999385 128.776 
0.999293 0.00999478 0.0362495 -1.472 -0.0099806 0.99995 -0.000570915 -1.86195 -0.0362534 0.000208761 0.999343 130.117 
0.999273 0.00825022 0.0372219 -1.45832 -0.00827359 0.999966 0.000474922 -1.88443 -0.0372167 -0.000782494 0.999307 131.488 
0.999233 0.00752577 0.0384246 -1.45011 -0.007556 0.999971 0.000642617 -1.90364 -0.0384187 -0.00093242 0.999261 132.85 
0.999244 0.00534176 0.0385147 -1.42702 -0.00538891 0.999985 0.00112153 -1.93048 -0.0385081 -0.00132819 0.999257 134.185 
0.999243 0.00404547 0.0386864 -1.41077 -0.00411426 0.99999 0.00169975 -1.94756 -0.0386792 -0.00185759 0.99925 135.525 
0.999272 0.00242407 0.0380816 -1.38586 -0.00248851 0.999996 0.00164595 -1.97367 -0.0380774 -0.00173948 0.999273 136.878 
0.999315 0.00103433 0.036998 -1.35597 -0.00108965 0.999998 0.00147623 -1.99108 -0.0369964 -0.00151549 0.999314 138.228 
0.999342 -0.000423133 0.0362667 -1.33256 0.000339836 0.999997 0.00230411 -2.01054 -0.0362676 -0.00229022 0.99934 139.583 
0.99936 -0.00176948 0.0357265 -1.32542 0.0016789 0.999995 0.00256646 -2.03442 -0.0357309 -0.0025048 0.999358 140.944 
0.999407 -0.00279035 0.0343245 -1.30719 0.00270878 0.999993 0.00242405 -2.04829 -0.0343311 -0.0023296 0.999408 142.287 
0.999449 -0.00309068 0.0330489 -1.28724 0.00301828 0.999993 0.00224167 -2.0775 -0.0330556 -0.00214065 0.999451 143.622 
0.999474 -0.00310714 0.032297 -1.27326 0.00303851 0.999993 0.00217502 -2.10274 -0.0323036 -0.00207569 0.999476 144.965 
0.999482 -0.00454452 0.0318728 -1.26165 0.00455062 0.99999 -0.000117672 -2.1246 -0.0318719 0.000262693 0.999492 146.31 
0.999481 -0.0104695 0.0304514 -1.22844 0.0104827 0.999945 -0.000272133 -2.14883 -0.0304469 0.000591247 0.999536 147.664 
0.999396 -0.0182439 0.0295796 -1.20005 0.0181811 0.999832 0.00239304 -2.17314 -0.0296183 -0.00185377 0.99956 149.002 
0.999289 -0.025301 0.0279431 -1.17432 0.0252048 0.999675 0.00379281 -2.18896 -0.02803 -0.00308577 0.999602 150.373 
0.999228 -0.0287545 0.0267557 -1.15185 0.0287493 0.999587 0.000578776 -2.20977 -0.0267613 0.00019092 0.999642 151.711 
0.999241 -0.027878 0.0272133 -1.14789 0.0279581 0.999606 -0.00256855 -2.23386 -0.027131 0.00332748 0.999626 153.041 
0.999297 -0.0247167 0.0282054 -1.13833 0.0248576 0.99968 -0.00465482 -2.2615 -0.0280814 0.00535271 0.999591 154.402 
0.999265 -0.0248385 0.0291981 -1.13419 0.0249672 0.99968 -0.00404877 -2.30097 -0.0290883 0.00477483 0.999565 155.741 
0.999166 -0.0277666 0.0299292 -1.12028 0.027806 0.999613 -0.000900009 -2.32103 -0.0298927 0.00173151 0.999552 157.087 
0.998991 -0.0333671 0.0300669 -1.08547 0.0333248 0.999443 0.00190808 -2.3454 -0.0301138 -0.000904136 0.999546 158.463 
0.998839 -0.0373531 0.0304186 -1.07837 0.0372635 0.999299 0.00351031 -2.37215 -0.0305285 -0.00237269 0.999531 159.783 
0.998794 -0.038339 0.0306857 -1.05492 0.0382541 0.999262 0.00335029 -2.38758 -0.0307915 -0.00217236 0.999524 161.145 
0.998791 -0.0375321 0.0317379 -1.04374 0.0374 0.999289 0.0047488 -2.41754 -0.0318936 -0.00355602 0.999485 162.487 
0.998883 -0.0334664 0.0333548 -1.03666 0.0333684 0.999437 0.003491 -2.43157 -0.0334529 -0.00237406 0.999438 163.836 
0.998978 -0.0294496 0.034293 -1.01936 0.0294227 0.999566 0.0012903 -2.45247 -0.0343161 -0.000279951 0.999411 165.19 
0.999017 -0.0264424 0.0355775 -1.01077 0.0264373 0.99965 0.00061667 -2.47029 -0.0355814 0.000324549 0.999367 166.524 
0.999031 -0.0250843 0.0361647 -0.9961 0.0250339 0.999685 0.00184951 -2.49062 -0.0361997 -0.000942338 0.999344 167.89 
0.99906 -0.0237702 0.036254 -0.977757 0.0237222 0.999717 0.00175554 -2.51865 -0.0362855 -0.000893823 0.999341 169.248 
0.999119 -0.0212163 0.0362186 -0.955847 0.0212696 0.999773 -0.00108535 -2.53834 -0.0361874 0.00185479 0.999343 170.618 
0.999215 -0.0175634 0.0355008 -0.922893 0.0177031 0.999837 -0.00362211 -2.56724 -0.0354314 0.00424778 0.999363 171.984 
0.99928 -0.0126519 0.0357737 -0.91275 0.0128331 0.999906 -0.00483943 -2.59332 -0.0357091 0.00529508 0.999348 173.366 
0.999307 -0.00837211 0.0362667 -0.916344 0.00851081 0.999957 -0.00367065 -2.61779 -0.0362344 0.0039768 0.999335 174.785 
0.999328 -0.00536699 0.0362614 -0.883871 0.00546615 0.999982 -0.00263485 -2.63339 -0.0362466 0.00283133 0.999339 176.212 
0.99934 -0.00471605 0.0360293 -0.849662 0.00473751 0.999989 -0.000509152 -2.65386 -0.0360265 0.000679546 0.999351 177.657 
0.999349 -0.00738716 0.0353127 -0.823568 0.00738513 0.999973 0.000189405 -2.67401 -0.0353132 7.15491e-05 0.999376 179.051 
0.999383 -0.00946875 0.0338344 -0.809223 0.00945771 0.999955 0.000487637 -2.70047 -0.0338376 -0.000167298 0.999427 180.454 
0.999436 -0.00947853 0.032218 -0.79015 0.00960648 0.999947 -0.00381768 -2.72212 -0.0321801 0.00412507 0.999474 181.849 
0.999487 -0.00778355 0.0310753 -0.779295 0.00803928 0.999935 -0.00811161 -2.74986 -0.0310102 0.00835731 0.999484 183.231 
0.999528 -0.00301204 0.0305826 -0.767176 0.00328698 0.999955 -0.00894239 -2.78119 -0.0305544 0.00903873 0.999492 184.645 
0.999534 0.000203203 0.0305219 -0.763004 3.67721e-05 0.999969 -0.00786023 -2.81777 -0.0305225 0.00785773 0.999503 186.068 
0.999519 0.00238632 0.0309245 -0.753724 -0.00223504 0.999985 -0.00492443 -2.84052 -0.0309358 0.00485299 0.99951 187.486 
0.999497 0.00295061 0.0315639 -0.743543 -0.00288035 0.999993 -0.00226987 -2.87981 -0.0315704 0.00217786 0.999499 188.875 
0.999483 0.00255139 0.0320561 -0.732178 -0.00250212 0.999996 -0.00157591 -2.89963 -0.0320601 0.00149493 0.999485 190.285 
0.999481 -7.41627e-05 0.0322283 -0.712005 8.68271e-05 1 -0.000390223 -2.93255 -0.0322283 0.00039286 0.99948 191.71 
0.999476 -0.0027178 0.0322462 -0.698565 0.00272398 0.999996 -0.000146404 -2.94825 -0.0322457 0.000234207 0.99948 193.156 
0.999451 -0.00614959 0.0325455 -0.693299 0.00613997 0.999981 0.000396686 -2.98143 -0.0325474 -0.000196598 0.99947 194.575 
0.9994 -0.00976593 0.0332334 -0.678585 0.00971773 0.999952 0.00161283 -3.00158 -0.0332476 -0.00128887 0.999446 196.008 
0.999323 -0.0138024 0.0340905 -0.660411 0.0137053 0.999901 0.00308396 -3.01826 -0.0341298 -0.00261461 0.999414 197.436 
0.999272 -0.0164435 0.034431 -0.628778 0.0163433 0.999861 0.00319149 -3.03709 -0.0344788 -0.00262641 0.999402 198.901 
0.999293 -0.015128 0.0344186 -0.606459 0.015164 0.999885 -0.000781771 -3.0675 -0.0344029 0.00130318 0.999407 200.334 
0.999359 -0.00759539 0.0349765 -0.589359 0.00779665 0.999954 -0.00561987 -3.09671 -0.0349322 0.00588901 0.999372 201.753 
0.999329 0.00183324 0.0365753 -0.586768 -0.00161919 0.999981 -0.00587991 -3.1173 -0.0365854 0.00581679 0.999314 203.199 
0.999231 0.00952346 0.0380251 -0.585566 -0.00942345 0.999952 -0.00280713 -3.137 -0.0380501 0.00244668 0.999273 204.669 
0.999186 0.0104393 0.0389703 -0.56006 -0.0104114 0.999945 -0.000917811 -3.14594 -0.0389778 0.00051137 0.99924 206.16 
0.999217 0.00849048 0.0386505 -0.525115 -0.00847539 0.999964 -0.000553183 -3.16469 -0.0386539 0.000225213 0.999253 207.63 
0.99927 0.00535783 0.0378288 -0.497429 -0.0053446 0.999986 -0.000449612 -3.18649 -0.0378307 0.000247145 0.999284 209.085 
0.999307 0.00309118 0.037089 -0.470937 -0.00305963 0.999995 -0.000906122 -3.21241 -0.0370917 0.000792056 0.999312 210.537 
0.999324 0.00363198 0.0365886 -0.439535 -0.00357738 0.999992 -0.00155636 -3.23478 -0.036594 0.00142446 0.999329 212.014 
0.999332 0.00474204 0.0362508 -0.405811 -0.00470278 0.999988 -0.0011669 -3.26029 -0.0362559 0.000995677 0.999342 213.477 
0.999303 0.00657775 0.0367438 -0.394177 -0.00656214 0.999978 -0.00054438 -3.27417 -0.0367466 0.000302924 0.999325 214.944 
0.99932 0.00574772 0.0364296 -0.363091 -0.0057161 0.999983 -0.000970906 -3.30068 -0.0364346 0.000762051 0.999336 216.411 
0.999346 0.0050536 0.0358067 -0.326884 -0.00499993 0.999986 -0.00158695 -3.33093 -0.0358143 0.00140693 0.999358 217.882 
0.999344 0.00437697 0.035958 -0.312239 -0.00431605 0.999989 -0.00177041 -3.35174 -0.0359654 0.0016141 0.999352 219.377 
0.999348 0.00470131 0.0357866 -0.290161 -0.0046413 0.999988 -0.00175847 -3.37947 -0.0357945 0.00159127 0.999358 220.89 
0.999344 0.00478071 0.03591 -0.25919 -0.00471582 0.999987 -0.00189013 -3.39785 -0.0359187 0.00171959 0.999353 222.399 
0.999345 0.00465438 0.0358803 -0.236661 -0.0045873 0.999988 -0.00195054 -3.42116 -0.035889 0.00178471 0.999354 223.897 
0.999361 0.00507214 0.0353778 -0.206266 -0.00499794 0.999985 -0.00218425 -3.4443 -0.0353884 0.00200608 0.999372 225.391 
0.999363 0.00478016 0.0353549 -0.190531 -0.0047205 0.999987 -0.00176948 -3.47994 -0.0353629 0.0016015 0.999373 226.896 
0.999362 0.00473757 0.0353919 -0.172678 -0.00467255 0.999987 -0.00191855 -3.50089 -0.0354006 0.001752 0.999372 228.375 
0.999373 0.00361003 0.0352099 -0.141152 -0.00356577 0.999993 -0.00131852 -3.53577 -0.0352144 0.00119218 0.999379 229.871 
0.999386 0.00159314 0.0350165 -0.116494 -0.00155508 0.999998 -0.00111274 -3.57059 -0.0350183 0.00105764 0.999386 231.358 
0.99936 0.000438497 0.0357817 -0.101928 -0.0004164 1 -0.000623787 -3.59779 -0.035782 0.000608529 0.999359 232.854 
0.999341 -0.000472112 0.0362954 -0.0753965 0.000464334 1 0.000223924 -3.62344 -0.0362955 -0.000206882 0.999341 234.364 
0.999331 -0.000687351 0.0365782 -0.060709 0.000660527 1 0.000746582 -3.6516 -0.0365787 -0.00072188 0.999331 235.873 
0.999328 -0.000501781 0.036661 -0.0266325 0.000485375 1 0.000457578 -3.67649 -0.0366612 -0.000439435 0.999328 237.412 
0.999305 0.000722224 0.0372613 0.00236555 -0.000716282 1 -0.000171668 -3.70416 -0.0372615 0.0001449 0.999306 238.93 
0.999266 0.00192647 0.0382685 0.00932008 -0.0019486 0.999998 0.000542226 -3.72962 -0.0382674 -0.000616356 0.999267 240.478 
0.99924 0.00148567 0.0389463 0.0374441 -0.00160883 0.999994 0.00313229 -3.76195 -0.0389415 -0.00319252 0.999236 241.997 
0.999202 0.00183607 0.0398978 0.0644996 -0.00199118 0.999991 0.00384931 -3.7892 -0.0398904 -0.00392564 0.999196 243.502 
0.999198 0.00187743 0.0399988 0.103214 -0.00195013 0.999997 0.00177961 -3.80073 -0.0399954 -0.00185614 0.999198 245.038 
0.999177 0.00245507 0.0405014 0.139574 -0.00247224 0.999997 0.000374809 -3.82287 -0.0405004 -0.000474588 0.999179 246.567 
0.999136 0.00327782 0.0414298 0.164873 -0.00331229 0.999994 0.000764287 -3.84543 -0.041427 -0.000900813 0.999141 248.091 
0.999134 0.00303997 0.0414931 0.200893 -0.00312533 0.999993 0.00199344 -3.8712 -0.0414868 -0.00212136 0.999137 249.621 
0.999139 0.00262813 0.0414079 0.23776 -0.00274954 0.999992 0.00287629 -3.89599 -0.0414001 -0.00298762 0.999138 251.153 
0.999158 0.00211633 0.0409834 0.277907 -0.00225649 0.999992 0.00337483 -3.925 -0.0409759 -0.00346443 0.999154 252.694 
0.999134 0.00393194 0.0414225 0.316087 -0.00406017 0.999987 0.00301297 -3.93709 -0.0414102 -0.0031785 0.999137 254.263 
0.999121 0.00524074 0.0415837 0.353975 -0.0053817 0.99998 0.00327953 -3.96031 -0.0415657 -0.0035004 0.99913 255.835 
0.999101 0.00403631 0.0422035 0.37881 -0.00421401 0.999983 0.00412347 -4.00002 -0.0421862 -0.00429757 0.999101 257.359 
0.999117 0.00360241 0.041867 0.420255 -0.00378382 0.999984 0.00425547 -4.01923 -0.0418511 -0.00441009 0.999114 258.897 
0.999141 0.00182644 0.0413919 0.47035 -0.00202116 0.999987 0.00466395 -4.03149 -0.0413829 -0.00474356 0.999132 260.409 
0.999137 -0.000744956 0.0415383 0.511187 0.000504643 0.999983 0.00579655 -4.05258 -0.041542 -0.00577055 0.99912 261.971 
0.999128 -0.00289885 0.0416473 0.547229 0.00267148 0.999981 0.00551527 -4.07573 -0.0416626 -0.00539916 0.999117 263.498 
0.999127 -0.00354881 0.0416373 0.579089 0.00337891 0.999986 0.00415135 -4.08939 -0.0416515 -0.00400699 0.999124 265.041 
0.99909 -0.00548385 0.0422922 0.618557 0.00523097 0.999968 0.00608876 -4.10146 -0.0423243 -0.00586195 0.999087 266.606 
0.999012 -0.00670754 0.0439345 0.636952 0.00636236 0.999948 0.00799281 -4.1241 -0.0439859 -0.00770534 0.999002 268.142 
0.999025 -0.00837809 0.0433565 0.688107 0.00807123 0.999941 0.00724882 -4.14058 -0.0434147 -0.00689176 0.999033 269.713 
0.998977 -0.00862111 0.0443902 0.715728 0.00837117 0.999948 0.00581434 -4.14848 -0.0444381 -0.00543675 0.998997 271.253 
0.999001 -0.00706593 0.0441289 0.784275 0.00685792 0.999965 0.00486414 -4.14665 -0.0441618 -0.00455661 0.999014 272.847 
0.998937 -0.00563483 0.045749 0.817567 0.00538633 0.99997 0.00555412 -4.1766 -0.045779 -0.00530176 0.998938 274.357 
0.998901 -0.00360192 0.0467383 0.857061 0.00336092 0.999981 0.00523484 -4.1957 -0.0467563 -0.00507196 0.998893 275.929 
0.998836 -0.00199658 0.0481926 0.897055 0.00176708 0.999987 0.00480531 -4.22306 -0.0482016 -0.00471452 0.998827 277.476 
0.998792 -0.000876025 0.0491296 0.941758 0.000635225 0.999988 0.00491761 -4.25163 -0.0491333 -0.00488042 0.99878 279.037 
0.998758 0.000665661 0.0498188 0.992517 -0.000875751 0.999991 0.00419624 -4.27691 -0.0498156 -0.00423461 0.99875 280.561 
0.998705 -0.000359024 0.0508688 1.04534 0.000170908 0.999993 0.00370322 -4.29215 -0.0508698 -0.00368969 0.998699 282.134 
0.99864 -0.000609785 0.0521285 1.08142 0.000421597 0.999993 0.00362183 -4.30381 -0.0521304 -0.00359488 0.998634 283.717 
0.998612 -0.00165061 0.0526533 1.14283 0.00143229 0.99999 0.00418465 -4.31263 -0.0526598 -0.00410338 0.998604 285.329 
0.998593 -0.0034331 0.0529092 1.20265 0.00316074 0.999981 0.00523143 -4.34201 -0.0529262 -0.0050568 0.998586 286.868 
0.998592 -0.00345918 0.0529386 1.26237 0.00332351 0.999991 0.00265145 -4.35889 -0.0529474 -0.00247173 0.998594 288.454 
0.998607 -0.00523661 0.0525047 1.32803 0.00521249 0.999986 0.000597013 -4.3819 -0.0525071 -0.00032246 0.998621 290.033 
0.998638 -0.00539114 0.0518905 1.37505 0.00535864 0.999985 0.00076625 -4.40323 -0.0518939 -0.000487103 0.998653 291.564 
0.998731 -0.00692158 0.0498844 1.44123 0.00688984 0.999976 0.000809169 -4.42664 -0.0498888 -0.000464406 0.998755 293.105 
0.998763 -0.00859209 0.0489836 1.49109 0.00858431 0.999963 0.00036998 -4.44392 -0.048985 5.101e-05 0.9988 294.638 
0.998766 -0.00821609 0.0489831 1.52837 0.0081984 0.999966 0.000562895 -4.48192 -0.0489862 -0.000160576 0.998799 296.201 
0.998798 -0.00868414 0.0482373 1.57154 0.00864591 0.999962 0.00100205 -4.50772 -0.0482442 -0.000583752 0.998835 297.829 
0.998826 -0.00953005 0.0474985 1.60471 0.00949513 0.999955 0.000961574 -4.51523 -0.0475055 -0.000509399 0.998871 299.457 
0.998872 -0.0106458 0.0462865 1.65489 0.0105463 0.999942 0.00239561 -4.54003 -0.0463094 -0.00190472 0.998925 301.056 
0.998938 -0.00883556 0.0452235 1.70414 0.00867964 0.999956 0.00364378 -4.55949 -0.0452538 -0.00324734 0.99897 302.668 
0.998893 -0.00859006 0.0462599 1.73525 0.00843303 0.999958 0.00358964 -4.57021 -0.0462889 -0.00319551 0.998923 304.27 
0.998849 -0.00791559 0.0473177 1.77301 0.00776176 0.999964 0.00343477 -4.58852 -0.0473433 -0.0030635 0.998874 305.877 
0.998795 -0.0088729 0.0482615 1.81927 0.00870184 0.999955 0.00375439 -4.6124 -0.0482927 -0.00332986 0.998828 307.48 
0.998761 -0.0108195 0.0485673 1.8654 0.0106838 0.999938 0.00305427 -4.64095 -0.0485974 -0.00253156 0.998815 309.071 
0.998704 -0.0116403 0.0495397 1.89507 0.0115989 0.999932 0.00112351 -4.66327 -0.0495495 -0.000547406 0.998772 310.675 
0.998724 -0.0117142 0.0491218 1.95102 0.0117082 0.999931 0.000410979 -4.68871 -0.0491233 0.000164715 0.998793 312.286 
0.998862 -0.0112424 0.0463577 2.0101 0.0112788 0.999936 -0.000522183 -4.71559 -0.0463489 0.00104449 0.998925 313.894 
0.998952 -0.010599 0.0445215 2.0337 0.0106253 0.999944 -0.000352712 -4.72296 -0.0445153 0.000825439 0.999008 315.526 
0.998987 -0.00890085 0.0441198 2.07924 0.00877501 0.999957 0.00304596 -4.74715 -0.0441451 -0.00265568 0.999022 317.149 
0.998952 -0.0108715 0.044454 2.13416 0.0106123 0.999925 0.00606366 -4.76591 -0.0445166 -0.0055855 0.998993 318.77 
0.998934 -0.0120613 0.044561 2.1707 0.0117692 0.999908 0.00681266 -4.78207 -0.0446391 -0.00628091 0.998983 320.407 
0.998911 -0.0136992 0.0445922 2.21746 0.013447 0.999892 0.0059517 -4.798 -0.0446689 -0.00534555 0.998988 322.065 
0.998872 -0.014451 0.0452245 2.26449 0.0142031 0.999882 0.00579924 -4.81409 -0.045303 -0.00515033 0.99896 323.716 
0.998838 -0.0145941 0.0459258 2.29919 0.0143274 0.999879 0.00613117 -4.83306 -0.0460098 -0.00546601 0.998926 325.358 
0.998789 -0.0146712 0.0469511 2.33379 0.0143996 0.999878 0.00611763 -4.85638 -0.0470351 -0.00543411 0.998878 327.014 
0.998799 -0.0130415 0.0472206 2.3871 0.0128053 0.999904 0.00530222 -4.87646 -0.0472852 -0.00469114 0.99887 328.651 
0.998773 -0.012389 0.0479478 2.4307 0.0121712 0.999914 0.00483306 -4.89488 -0.0480036 -0.00424351 0.998838 330.279 
0.998709 -0.0137025 0.0489129 2.4863 0.0133912 0.999888 0.00668692 -4.91274 -0.0489991 -0.00602324 0.998781 331.937 
0.998666 -0.0148795 0.0494505 2.52415 0.0145298 0.999867 0.00742611 -4.92905 -0.0495544 -0.00669766 0.998749 333.578 
0.998616 -0.0157069 0.0501855 2.54898 0.0154227 0.999863 0.00604554 -4.93665 -0.0502736 -0.00526314 0.998722 335.238 
0.998617 -0.0145204 0.050537 2.5948 0.0142177 0.999879 0.00634368 -4.95676 -0.050623 -0.00561634 0.998702 336.847 
0.998618 -0.0132811 0.0508455 2.64866 0.0130553 0.999903 0.00477062 -4.97936 -0.050904 -0.00410018 0.998695 338.423 
0.998605 -0.011526 0.0515242 2.65177 0.0114504 0.999933 0.00176216 -5.00342 -0.0515411 -0.00116968 0.99867 340.096 
0.998612 -0.010549 0.0515992 2.69353 0.0104343 0.999942 0.00249365 -5.03249 -0.0516226 -0.00195175 0.998665 341.684 
0.998665 -0.0104153 0.0505892 2.7472 0.0101147 0.99993 0.00619603 -5.0522 -0.0506503 -0.00567603 0.9987 343.305 
0.998725 -0.00958121 0.0495678 2.79575 0.009142 0.999917 0.00908086 -5.07069 -0.0496507 -0.00861609 0.99873 344.929 
0.998749 -0.00966838 0.0490677 2.82192 0.00929948 0.999927 0.00774171 -5.07715 -0.049139 -0.00727568 0.998765 346.522 
0.998798 -0.0105615 0.0478581 2.85279 0.0102675 0.999927 0.00638669 -5.09039 -0.0479221 -0.0058876 0.998834 348.155 
0.998853 -0.0115031 0.0464712 2.88816 0.0111578 0.999908 0.00768457 -5.10714 -0.0465553 -0.0071572 0.99889 349.77 
0.998863 -0.0130812 0.0458419 2.926 0.0127098 0.999884 0.00838427 -5.12696 -0.0459463 -0.00779205 0.998914 351.395 
0.998873 -0.0136146 0.0454718 2.96614 0.0132937 0.999885 0.00735345 -5.14045 -0.0455667 -0.00674063 0.998939 353.045 
0.998874 -0.0143965 0.0451964 3.00966 0.0141138 0.999879 0.00656836 -5.15886 -0.0452855 -0.00592304 0.998957 354.673 
0.998855 -0.0145005 0.0455808 3.0466 0.0142309 0.999879 0.00623325 -5.17069 -0.0456657 -0.00557742 0.998941 356.288 
0.998822 -0.0150451 0.0461297 3.0813 0.0147793 0.999872 0.0061 -5.18542 -0.0462156 -0.00541101 0.998917 357.905 
0.998815 -0.0158787 0.0460021 3.13408 0.0156449 0.999863 0.00543855 -5.20047 -0.0460822 -0.00471236 0.998927 359.533 
0.998792 -0.0162028 0.0463816 3.17543 0.015985 0.999859 0.00506196 -5.22247 -0.0464571 -0.00431439 0.998911 361.134 
0.998766 -0.0166836 0.0467744 3.22329 0.0164621 0.999851 0.00511748 -5.2328 -0.0468529 -0.00434112 0.998892 362.743 
0.99876 -0.0168159 0.046853 3.26964 0.0166193 0.999851 0.00458336 -5.2573 -0.0469231 -0.00379897 0.998891 364.351 
0.998709 -0.018302 0.0473805 3.30427 0.0181888 0.999831 0.00281837 -5.2596 -0.0474241 -0.0019529 0.998873 365.969 
0.998684 -0.0207904 0.0468756 3.36165 0.0205915 0.999777 0.00472387 -5.27933 -0.0469634 -0.00375237 0.99889 367.563 
0.998664 -0.0220227 0.0467545 3.41129 0.0217724 0.999746 0.00585673 -5.29929 -0.0468716 -0.00483091 0.998889 369.169 
0.99862 -0.0226808 0.0473751 3.44357 0.0225009 0.999737 0.00432765 -5.30647 -0.0474609 -0.00325565 0.998868 370.813 
0.99866 -0.0206942 0.047436 3.49175 0.0205367 0.999782 0.00380641 -5.32689 -0.0475045 -0.00282709 0.998867 372.428 
0.998686 -0.0184976 0.0477885 3.54271 0.0183036 0.999822 0.00449511 -5.34396 -0.0478632 -0.00361446 0.998847 374.05 
0.998644 -0.0184587 0.0486698 3.58176 0.0182166 0.999819 0.00541381 -5.37023 -0.048761 -0.00451983 0.9988 375.645 
0.998624 -0.0179991 0.0492482 3.62997 0.017764 0.999829 0.00520855 -5.39228 -0.0493335 -0.0043265 0.998773 377.245 
0.998611 -0.0185172 0.0493217 3.67802 0.0183301 0.999823 0.00424353 -5.40768 -0.0493916 -0.00333352 0.998774 378.87 
0.998627 -0.0181037 0.0491499 3.73552 0.0179398 0.999832 0.00377427 -5.42289 -0.04921 -0.00288731 0.998784 380.493 
0.99859 -0.0174622 0.0501337 3.76921 0.017296 0.999843 0.00374968 -5.44541 -0.0501914 -0.00287724 0.998736 382.097 
0.998602 -0.0144651 0.0508488 3.8146 0.0143394 0.999893 0.00283772 -5.45556 -0.0508845 -0.00210457 0.998702 383.713 
0.998598 -0.0129753 0.0513245 3.86365 0.0128294 0.999913 0.00317167 -5.47072 -0.0513612 -0.00250872 0.998677 385.361 
0.998595 -0.0115024 0.0517366 3.92195 0.011386 0.999932 0.00254473 -5.48934 -0.0517624 -0.00195204 0.998658 387.026 
0.998605 -0.0103247 0.0517858 3.97868 0.0102802 0.999947 0.00112598 -5.50163 -0.0517947 -0.000591999 0.998658 388.663 
0.998601 -0.0103064 0.0518631 4.03749 0.0102857 0.999947 0.00066685 -5.51801 -0.0518673 -0.000132427 0.998654 390.283 
0.998594 -0.00888529 0.0522588 4.07626 0.00884123 0.99996 0.0010751 -5.52945 -0.0522663 -0.000611511 0.998633 391.963 
0.998582 -0.0077011 0.0526778 4.12596 0.00766074 0.99997 0.000968724 -5.5481 -0.0526838 -0.000563758 0.998611 393.593 
0.998556 -0.00794836 0.0531385 4.18171 0.00795984 0.999968 -3.57897e-06 -5.55861 -0.0531369 0.000426589 0.998587 395.269 
0.998513 -0.00739146 0.0540139 4.22948 0.00738246 0.999973 0.000367061 -5.59176 -0.0540152 3.22815e-05 0.99854 396.859 
0.998546 -0.00766773 0.0533507 4.3132 0.0076092 0.99997 0.00130088 -5.61767 -0.0533591 -0.000892988 0.998575 398.544 
0.998522 -0.00707266 0.05389 4.37018 0.00708307 0.999975 -1.28596e-06 -5.64079 -0.0538887 0.000383032 0.998547 400.215 
0.998486 -0.00615493 0.0546619 4.41353 0.00624478 0.999979 -0.00147236 -5.66499 -0.0546517 0.00181152 0.998504 401.844 
0.998515 -0.00704163 0.0540152 4.4816 0.00711645 0.999974 -0.00119222 -5.69825 -0.0540054 0.00157489 0.998539 403.536 
0.99848 -0.00866103 0.0544234 4.55379 0.00866076 0.999963 0.000241583 -5.72708 -0.0544235 0.000230173 0.998518 405.205 
0.998427 -0.0103001 0.0551099 4.6004 0.0102274 0.999946 0.00160209 -5.75217 -0.0551235 -0.0010359 0.998479 406.87 
0.998373 -0.0114116 0.0558617 4.66385 0.0113992 0.999935 0.000541586 -5.77344 -0.0558643 9.61164e-05 0.998438 408.525 
0.99835 -0.0127643 0.0559902 4.72657 0.0127711 0.999918 0.000237158 -5.81293 -0.0559887 0.000478331 0.998431 410.128 
