1 2.12261e-08 -2.11895e-08 0 2.12261e-08 1 2.10703e-08 0 -2.11895e-08 2.10703e-08 1 0 
0.999997 -0.0017957 -0.00155786 -0.00943783 0.0017947 0.999998 -0.000669001 -0.0136818 0.00155902 0.000666245 0.999999 0.572796 
0.999993 -0.0025711 -0.00270011 -0.0179831 0.00256524 0.999994 -0.00218886 -0.0264607 0.00270568 0.00218196 0.999994 1.15031 
0.999986 -0.00300849 -0.0044184 -0.036725 0.00299315 0.999989 -0.00348388 -0.0380819 0.00442879 0.00347065 0.999984 1.71381 
0.999966 -0.00521481 -0.00639876 -0.0499418 0.00518229 0.999974 -0.00509449 -0.0503385 0.00642512 0.0050612 0.999967 2.27749 
0.999944 -0.00732859 -0.00761499 -0.0708029 0.00727708 0.999951 -0.00677546 -0.0643174 0.00766423 0.0067197 0.999948 2.8452 
0.999921 -0.00858284 -0.0092323 -0.0806421 0.0085141 0.999936 -0.00746374 -0.0750692 0.00929572 0.00738458 0.99993 3.42505 
0.999907 -0.00877901 -0.0104819 -0.0949808 0.00870548 0.999937 -0.00704462 -0.0857357 0.0105431 0.00695275 0.99992 4.02081 
0.999893 -0.00904153 -0.0114897 -0.116797 0.00895504 0.999931 -0.00756104 -0.0961644 0.0115573 0.00745738 0.999905 4.61049 
0.999885 -0.00834165 -0.0126629 -0.138671 0.00821438 0.999916 -0.010073 -0.117395 0.0127458 0.00996789 0.999869 5.22352 
0.999888 -0.0064107 -0.0135063 -0.167933 0.00621975 0.999881 -0.014136 -0.130396 0.0135953 0.0140504 0.999809 5.83355 
0.999881 -0.00516271 -0.0145645 -0.194413 0.00490246 0.999829 -0.0178509 -0.140867 0.0146541 0.0177774 0.999735 6.45464 
0.999876 -0.00331005 -0.0153824 -0.232878 0.00303483 0.999836 -0.0178836 -0.153098 0.015439 0.0178347 0.999722 7.09045 
0.999864 -0.000727116 -0.0164775 -0.25912 0.000540033 0.999935 -0.0113581 -0.159344 0.0164846 0.0113477 0.9998 7.72891 
0.999851 0.000106998 -0.0172812 -0.284976 -0.000125517 0.999999 -0.00107301 -0.166383 0.017281 0.00107506 0.99985 8.40225 
0.999831 0.000962912 -0.0183354 -0.307222 -0.000860064 0.999984 0.00561399 -0.184212 0.0183405 -0.00559723 0.999816 9.08548 
0.99981 0.00331232 -0.0191858 -0.346975 -0.00321719 0.999982 0.00498532 -0.201706 0.0192019 -0.0049226 0.999804 9.77373 
0.999786 0.0048753 -0.0200854 -0.386678 -0.00492742 0.999985 -0.00254808 -0.20443 0.0200726 0.00264654 0.999795 10.4744 
0.99976 0.00430246 -0.0214999 -0.409451 -0.00448793 0.999953 -0.00858784 -0.205092 0.0214619 0.00868231 0.999732 11.1894 
0.999739 0.00194914 -0.0227586 -0.430357 -0.00210285 0.999975 -0.00673369 -0.213869 0.0227449 0.00677983 0.999718 11.9423 
0.999729 0.000863982 -0.0232798 -0.460457 -0.000811067 0.999997 0.00228052 -0.217754 0.0232816 -0.00226098 0.999726 12.7076 
0.999732 0.000485242 -0.0231604 -0.504218 -0.00026586 0.999955 0.00947266 -0.221148 0.0231639 -0.00946392 0.999687 13.4915 
0.999732 -0.000322308 -0.0231628 -0.550242 0.000591028 0.999933 0.0115936 -0.215029 0.0231575 -0.0116041 0.999665 14.2896 
0.999719 -0.00219804 -0.0235961 -0.575418 0.00244902 0.999941 0.0106109 -0.213823 0.0235714 -0.0106657 0.999665 15.0979 
0.999731 -0.0024072 -0.0230688 -0.612297 0.00258936 0.999966 0.00786802 -0.213407 0.023049 -0.00792559 0.999703 15.9263 
0.999752 -0.000195023 -0.0222548 -0.649485 0.000288243 0.999991 0.00418376 -0.209336 0.0222537 -0.0041891 0.999744 16.765 
0.999764 -0.0031027 -0.0214912 -0.675473 0.00307865 0.999995 -0.00115387 -0.218989 0.0214946 0.00108748 0.999768 17.6273 
0.999777 -0.00532409 -0.0204165 -0.709317 0.00517526 0.99996 -0.00733795 -0.231797 0.0204547 0.0072307 0.999765 18.4635 
0.999805 -0.00431997 -0.0192839 -0.746901 0.00407646 0.999912 -0.0126513 -0.243011 0.0193368 0.0125703 0.999734 19.3564 
0.999818 -0.00310196 -0.0188026 -0.792102 0.00284938 0.999906 -0.0134473 -0.259898 0.0188425 0.0133914 0.999733 20.2663 
0.999822 -0.00280773 -0.0186697 -0.833791 0.00256591 0.999913 -0.0129661 -0.28158 0.0187044 0.0129159 0.999742 21.1966 
0.999815 -0.00130149 -0.0192055 -0.863971 0.00102504 0.999896 -0.014399 -0.303797 0.0192222 0.0143767 0.999712 22.1327 
0.999842 0.000776056 -0.0177807 -0.924377 -0.00106768 0.999865 -0.0164001 -0.325294 0.0177655 0.0164165 0.999707 23.095 
0.999825 0.00484966 -0.0180531 -0.961069 -0.00516313 0.999836 -0.0173607 -0.349686 0.0179659 0.0174509 0.999686 24.062 
0.999817 0.00664497 -0.0179513 -1.00063 -0.006955 0.999827 -0.0172663 -0.376539 0.0178334 0.017388 0.99969 25.0459 
0.999812 0.00755322 -0.0178665 -1.05014 -0.00786006 0.999822 -0.017169 -0.407781 0.0177336 0.0173062 0.999693 26.0365 
0.999807 0.0073578 -0.0182026 -1.0851 -0.00767079 0.999823 -0.0171875 -0.435594 0.0180728 0.0173238 0.999687 27.0302 
0.999798 0.00812343 -0.0183649 -1.12892 -0.00841943 0.999835 -0.0161005 -0.464171 0.018231 0.0162519 0.999702 28.0351 
0.999782 0.00912221 -0.0187749 -1.16828 -0.00939034 0.999854 -0.014245 -0.49356 0.0186422 0.0144183 0.999722 29.0382 
0.999763 0.0093079 -0.0196613 -1.20355 -0.00956266 0.999871 -0.0129055 -0.524893 0.0195386 0.0130905 0.999723 30.0474 
0.999758 0.00925133 -0.0199725 -1.23991 -0.00952882 0.999859 -0.0138456 -0.553393 0.0198415 0.0140326 0.999705 31.0581 
0.999744 0.0101498 -0.0202352 -1.28025 -0.010446 0.999839 -0.0145895 -0.585502 0.0200839 0.0147972 0.999689 32.0936 
0.999736 0.00978454 -0.0207918 -1.32021 -0.01007 0.999856 -0.0136706 -0.614099 0.020655 0.0138764 0.99969 33.1386 
0.999727 0.00903935 -0.0215619 -1.35858 -0.00927835 0.999896 -0.0110121 -0.640934 0.0214601 0.0112092 0.999707 34.1864 
0.999716 0.009304 -0.0219554 -1.4016 -0.00946762 0.999928 -0.00736216 -0.664762 0.0218853 0.00756797 0.999732 35.2393 
0.999698 0.00924846 -0.0227694 -1.44579 -0.00936846 0.999943 -0.00517077 -0.686706 0.0227202 0.00538256 0.999727 36.3067 
0.999688 0.0100215 -0.0228836 -1.49335 -0.0101349 0.999937 -0.00484686 -0.704583 0.0228336 0.00507732 0.999726 37.3776 
0.999674 0.00954483 -0.0236952 -1.5331 -0.0096921 0.999934 -0.00610994 -0.728083 0.0236353 0.00633764 0.999701 38.4506 
0.999653 0.00978406 -0.0244757 -1.57578 -0.00994881 0.999929 -0.00662022 -0.748637 0.0244091 0.00686147 0.999679 39.5267 
0.999639 0.0100173 -0.0249208 -1.6238 -0.0101535 0.999934 -0.00534885 -0.772485 0.0248655 0.00559999 0.999675 40.6081 
0.999615 0.0104419 -0.0256911 -1.66763 -0.0105368 0.999938 -0.00356145 -0.7912 0.0256523 0.00383083 0.999664 41.7072 
0.999595 0.010967 -0.0262607 -1.71088 -0.0110161 0.999938 -0.00172715 -0.807135 0.0262401 0.00201579 0.999654 42.7969 
0.999577 0.0119113 -0.0265302 -1.76665 -0.0119605 0.999927 -0.00169925 -0.831082 0.026508 0.00201589 0.999647 43.889 
0.999575 0.0131601 -0.0260328 -1.82639 -0.013299 0.999898 -0.00517129 -0.858639 0.0259621 0.00551535 0.999648 44.9639 
0.99957 0.0141864 -0.0256533 -1.88203 -0.0144178 0.999857 -0.00886093 -0.886736 0.0255239 0.00922703 0.999632 46.0427 
0.999562 0.0150819 -0.0254632 -1.9274 -0.0153174 0.999841 -0.00908137 -0.913341 0.0253221 0.00946746 0.999635 47.1233 
0.999557 0.0154459 -0.0254254 -1.96981 -0.0156162 0.999857 -0.00651412 -0.937545 0.0253211 0.00690833 0.999656 48.223 
0.999551 0.015661 -0.0255367 -2.01743 -0.0157751 0.999866 -0.0042747 -0.96563 0.0254663 0.00467567 0.999665 49.3225 
0.999566 0.0140809 -0.0258924 -2.05726 -0.0141709 0.999894 -0.00329492 -0.982475 0.0258433 0.00366045 0.999659 50.4061 
0.999583 0.0136242 -0.0254686 -2.10148 -0.0137293 0.999898 -0.00395546 -1.01038 0.0254121 0.00430352 0.999668 51.4993 
0.999608 0.0123748 -0.0251332 -2.14917 -0.0125313 0.999903 -0.00608132 -1.02701 0.0250554 0.00639393 0.999666 52.5935 
0.999608 0.0124146 -0.0251149 -2.1895 -0.0126234 0.999887 -0.00817265 -1.05333 0.0250106 0.00848652 0.999651 53.6941 
0.99961 0.0119236 -0.0252413 -2.23389 -0.0121959 0.999869 -0.0106643 -1.08453 0.0251108 0.010968 0.999625 54.794 
0.999626 0.0108239 -0.0251128 -2.28177 -0.0111717 0.999843 -0.0137502 -1.11756 0.02496 0.0140257 0.99959 55.8882 
0.999641 0.0095261 -0.0250624 -2.32864 -0.0099168 0.999831 -0.0155129 -1.14928 0.0249104 0.0157559 0.999566 56.9831 
0.999656 0.0075889 -0.0251186 -2.36786 -0.00791764 0.999884 -0.0130154 -1.18125 0.0250169 0.0132098 0.9996 58.0626 
0.999676 0.00653314 -0.024605 -2.41219 -0.00670217 0.999954 -0.00679547 -1.21554 0.0245594 0.00695821 0.999674 59.137 
0.999681 0.00482701 -0.0248089 -2.4525 -0.00484868 0.999988 -0.000814957 -1.24016 0.0248046 0.000935029 0.999692 60.2406 
0.999701 0.0027906 -0.0242891 -2.52198 -0.00279593 0.999996 -0.000187498 -1.25567 0.0242884 0.000255395 0.999705 61.3679 
0.999701 -0.000851339 -0.0244506 -2.55559 0.000779571 0.999995 -0.0029463 -1.28035 0.024453 0.0029264 0.999697 62.4535 
0.999676 -0.00184527 -0.0254071 -2.58316 0.00169765 0.999982 -0.00583232 -1.30598 0.0254173 0.00578733 0.99966 63.5247 
0.999675 0.000286386 -0.0254975 -2.63553 -0.00053623 0.999952 -0.00979414 -1.33295 0.0254934 0.00980467 0.999627 64.6169 
0.999672 0.000567611 -0.0256083 -2.68654 -0.000929127 0.9999 -0.0141091 -1.36109 0.0255977 0.0141283 0.999573 65.7226 
0.99968 0.00328507 -0.0250824 -2.7492 -0.00365632 0.999884 -0.0147714 -1.38296 0.0250309 0.0148584 0.999576 66.8407 
0.99968 0.0071725 -0.0242747 -2.80587 -0.00744789 0.999909 -0.011275 -1.41462 0.0241916 0.0114522 0.999642 67.9396 
0.999667 0.00909637 -0.0241601 -2.86256 -0.0093265 0.999912 -0.00943178 -1.44268 0.0240721 0.00965401 0.999664 69.0463 
0.999666 0.00767284 -0.0246773 -2.89923 -0.00788204 0.999934 -0.00839275 -1.46784 0.0246112 0.00858449 0.99966 70.1499 
0.999676 0.00632287 -0.0246587 -2.94568 -0.00650954 0.999951 -0.00749895 -1.49871 0.0246101 0.00765708 0.999668 71.254 
0.999669 0.00479243 -0.0252634 -2.98318 -0.00495083 0.999968 -0.00621287 -1.52156 0.0252328 0.00633593 0.999662 72.3476 
0.999663 0.00288969 -0.0258115 -3.02114 -0.00300297 0.999986 -0.0043527 -1.54296 0.0257985 0.00442878 0.999657 73.4549 
0.999651 0.0019569 -0.0263495 -3.07324 -0.00202009 0.999995 -0.00237347 -1.57252 0.0263446 0.00242591 0.99965 74.5721 
0.999631 0.001171 -0.0271341 -3.11748 -0.00126799 0.999993 -0.00355927 -1.59902 0.0271297 0.00359241 0.999626 75.6509 
0.999605 0.00133948 -0.028089 -3.16238 -0.00154462 0.999972 -0.00728446 -1.62337 0.0280784 0.00732501 0.999579 76.7345 
0.999572 0.00222286 -0.0291814 -3.21021 -0.00249942 0.999952 -0.00944548 -1.64836 0.029159 0.00951442 0.99953 77.8248 
0.999546 0.00428425 -0.0298333 -3.27011 -0.00451523 0.99996 -0.00768079 -1.678 0.0297992 0.00781204 0.999525 78.9136 
0.999524 0.00495754 -0.0304631 -3.32966 -0.00506297 0.999981 -0.00338637 -1.70305 0.0304457 0.00353904 0.99953 80.0082 
0.999498 0.00662958 -0.0309957 -3.38398 -0.00662143 0.999978 0.000364143 -1.72347 0.0309974 -0.000158681 0.999519 81.1 
0.999477 0.00723254 -0.0315104 -3.44895 -0.00720252 0.999974 0.00106473 -1.74935 0.0315173 -0.000837179 0.999503 82.1723 
0.999433 0.00686124 -0.0329747 -3.47929 -0.00690631 0.999975 -0.0012542 -1.7684 0.0329653 0.00148126 0.999455 83.2508 
0.999431 0.00734247 -0.032914 -3.5445 -0.00740479 0.999971 -0.00177309 -1.79594 0.0329 0.00201584 0.999457 84.3104 
0.999423 0.00717196 -0.0331991 -3.6064 -0.00723949 0.999972 -0.00191585 -1.82098 0.0331844 0.00215513 0.999447 85.3334 
0.999388 0.00623392 -0.0344321 -3.64631 -0.00629794 0.999979 -0.00175219 -1.84394 0.0344204 0.00196801 0.999406 86.3825 
0.999382 0.00547522 -0.0347113 -3.70176 -0.00548718 0.999985 -0.000250532 -1.86485 0.0347094 0.000440887 0.999397 87.4061 
0.999353 0.00576768 -0.0354975 -3.75258 -0.00569603 0.999982 0.00211803 -1.88795 0.035509 -0.00191442 0.999368 88.3884 
0.999338 0.00527746 -0.0360032 -3.81952 -0.00518431 0.999983 0.00267912 -1.90424 0.0360167 -0.00249065 0.999348 89.3896 
0.999254 0.00451137 -0.0383682 -3.86909 -0.00441786 0.999987 0.00252037 -1.91851 0.038379 -0.00234894 0.999261 90.3519 
0.999146 0.00347637 -0.0411723 -3.93001 -0.00339954 0.999992 0.00193489 -1.94439 0.0411787 -0.00179323 0.99915 91.2924 
0.999004 0.00333125 -0.0444934 -3.99222 -0.00329716 0.999994 0.000838605 -1.9638 0.0444958 -0.000691025 0.999009 92.1971 
0.9989 0.00403333 -0.0467219 -4.07728 -0.00397877 0.999991 0.00125963 -1.98163 0.0467266 -0.0010723 0.998907 93.0533 
0.99872 0.00544218 -0.0502919 -4.13167 -0.0053227 0.999983 0.00250852 -2.00234 0.0503047 -0.00223757 0.998731 93.9222 
0.998562 0.00588864 -0.0532877 -4.19267 -0.00570623 0.999977 0.00357372 -2.0255 0.0533075 -0.00326447 0.998573 94.7671 
0.998381 0.00648575 -0.056507 -4.25107 -0.00621151 0.999968 0.00502674 -2.04237 0.0565378 -0.00466757 0.99839 95.5777 
0.998209 0.008323 -0.0592427 -4.31363 -0.00799208 0.999951 0.00581986 -2.05981 0.0592882 -0.00533592 0.998227 96.3723 
0.998014 0.0110641 -0.0620115 -4.37837 -0.0106867 0.999922 0.00641295 -2.07443 0.0620776 -0.00573747 0.998055 97.1396 
0.99783 0.0132198 -0.0645077 -4.44613 -0.0129039 0.999903 0.00531153 -2.09083 0.0645716 -0.00446756 0.997903 97.8779 
0.997658 0.0144153 -0.0668657 -4.51253 -0.0143236 0.999896 0.00184962 -2.10972 0.0668853 -0.00088749 0.99776 98.5822 
0.997442 0.0170272 -0.0694236 -4.57538 -0.0171984 0.99985 -0.00186938 -2.12306 0.0693813 0.00305861 0.997586 99.2591 
0.997273 0.0185649 -0.0714292 -4.63694 -0.0189437 0.99981 -0.00462945 -2.13579 0.0713296 0.00597 0.997435 99.9062 
0.997183 0.0205882 -0.072123 -4.70217 -0.021034 0.999764 -0.00542768 -2.1512 0.0719942 0.00692947 0.997381 100.531 
0.997195 0.0225479 -0.0713647 -4.75645 -0.0229551 0.999725 -0.00489105 -2.17123 0.0712347 0.00651556 0.997438 101.137 
0.9973 0.0264013 -0.0685268 -4.8111 -0.026705 0.999637 -0.00352009 -2.1867 0.0684089 0.00534064 0.997643 101.703 
0.997581 0.0288825 -0.063225 -4.85502 -0.0290587 0.999576 -0.00186947 -2.20753 0.0631442 0.00370223 0.997998 102.266 
0.997992 0.0298929 -0.0558454 -4.88796 -0.029942 0.999552 -4.27274e-05 -2.21619 0.055819 0.0017148 0.998439 102.794 
0.998477 0.0290925 -0.0468693 -4.90368 -0.029019 0.999576 0.00224569 -2.22993 0.0469147 -0.00088213 0.998899 103.298 
0.998969 0.0285115 -0.0353331 -4.91423 -0.0284165 0.999591 0.00318655 -2.23798 0.0354095 -0.00217918 0.999371 103.786 
0.999376 0.0281087 -0.0213909 -4.9329 -0.0280404 0.999601 0.00348686 -2.25412 0.0214804 -0.00288483 0.999765 104.245 
0.999591 0.0278954 -0.00623559 -4.93182 -0.0278792 0.999608 0.00265393 -2.26368 0.00630713 -0.00247896 0.999977 104.681 
0.999576 0.0265856 0.0118964 -4.92428 -0.0265811 0.999647 -0.000535067 -2.27422 -0.0119065 0.000218662 0.999929 105.105 
0.9991 0.0261318 0.0334199 -4.90455 -0.025968 0.999649 -0.00532487 -2.28599 -0.0335473 0.00445227 0.999427 105.508 
0.998025 0.0240195 0.0580482 -4.87327 -0.0234544 0.999671 -0.0103953 -2.29431 -0.0582789 0.00901337 0.99826 105.914 
0.996106 0.0220719 0.085351 -4.82493 -0.021058 0.999697 -0.0127609 -2.30862 -0.0856069 0.010914 0.996269 106.305 
0.993121 0.0196823 0.115424 -4.76007 -0.0181899 0.999737 -0.0139677 -2.32361 -0.115669 0.0117721 0.993218 106.685 
0.988831 0.017319 0.148032 -4.68555 -0.0151077 0.999757 -0.0160489 -2.33425 -0.148274 0.0136333 0.988852 107.052 
0.982889 0.0145522 0.183625 -4.58976 -0.0115415 0.999781 -0.0174538 -2.3528 -0.183839 0.0150359 0.982841 107.419 
0.974701 0.011211 0.22323 -4.50412 -0.00742055 0.999814 -0.0178114 -2.36972 -0.223388 0.0157043 0.974603 107.764 
0.964629 0.00936492 0.263445 -4.38448 -0.00455142 0.999812 -0.0188755 -2.38243 -0.263572 0.0170089 0.96449 108.107 
0.952171 0.010498 0.305387 -4.25699 -0.00450889 0.999784 -0.0203101 -2.39354 -0.305534 0.0179617 0.952012 108.437 
0.936695 0.012355 0.349927 -4.12081 -0.00545393 0.999771 -0.0206998 -2.41077 -0.350103 0.017481 0.936548 108.751 
0.918616 0.0122294 0.394963 -3.96669 -0.00485265 0.999795 -0.0196704 -2.42389 -0.395123 0.016153 0.918486 109.058 
0.898013 0.0114866 0.43982 -3.79533 -0.00380351 0.999825 -0.018346 -2.43894 -0.439953 0.0148021 0.897899 109.349 
0.8744 0.0102731 0.485096 -3.61229 -0.00122152 0.999819 -0.0189716 -2.45392 -0.485204 0.0159963 0.874255 109.633 
0.848814 0.0108559 0.52858 -3.41129 0.000356757 0.999777 -0.0211061 -2.4706 -0.528691 0.0181038 0.848621 109.902 
0.82076 0.0129907 0.571125 -3.19791 0.00130836 0.999696 -0.024619 -2.48539 -0.571271 0.0209536 0.820494 110.161 
0.789307 0.017633 0.613745 -2.97693 0.000110256 0.999584 -0.0288599 -2.50345 -0.613999 0.022847 0.788976 110.416 
0.754441 0.0238651 0.655934 -2.74039 -0.00320272 0.999461 -0.03268 -2.51773 -0.656361 0.0225544 0.75411 110.671 
0.716198 0.0288992 0.697299 -2.48351 -0.00566971 0.99935 -0.0355941 -2.52917 -0.697874 0.021539 0.715896 110.915 
0.676067 0.0291458 0.736264 -2.20528 -0.00294797 0.999316 -0.036852 -2.54075 -0.736835 0.0227439 0.67569 111.136 
0.634087 0.02663 0.772803 -1.9055 0.00147928 0.999363 -0.0356507 -2.55375 -0.77326 0.0237489 0.633644 111.341 
0.589103 0.0246988 0.807681 -1.59417 0.00276167 0.999465 -0.0325777 -2.56991 -0.808054 0.0214222 0.588719 111.537 
0.541888 0.0232323 0.840129 -1.26847 0.00435108 0.999527 -0.0304465 -2.57858 -0.840439 0.0201541 0.541531 111.719 
0.493004 0.0205925 0.869783 -0.945696 0.00547662 0.999627 -0.0267708 -2.60008 -0.87001 0.0179616 0.492707 111.874 
0.441104 0.0170666 0.897294 -0.594802 0.00799108 0.999705 -0.0229428 -2.61278 -0.89742 0.0172905 0.440837 112.02 
0.388474 0.0171037 0.921301 -0.234528 0.00560594 0.999765 -0.0209241 -2.63349 -0.921443 0.0132932 0.388287 112.154 
0.336849 0.0220351 0.941301 0.133858 0.00159631 0.999711 -0.0239737 -2.65059 -0.941558 0.00957811 0.336716 112.263 
0.285543 0.0272323 0.957979 0.508012 0.00109247 0.999586 -0.0287407 -2.66119 -0.958365 0.00925328 0.285396 112.357 
0.238591 0.0294029 0.970675 0.898067 0.00256597 0.999519 -0.0309073 -2.6769 -0.971117 0.00986491 0.238401 112.426 
0.196883 0.0289172 0.98 1.30895 0.0100276 0.999453 -0.0315057 -2.69646 -0.980376 0.01603 0.196486 112.481 
0.161807 0.0290714 0.986394 1.73957 0.0180708 0.999311 -0.0324163 -2.7069 -0.986657 0.0230701 0.16117 112.521 
0.131324 0.0300422 0.990884 2.18442 0.0225491 0.999192 -0.0332825 -2.72305 -0.991083 0.0267144 0.13054 112.559 
0.103055 0.0286194 0.994264 2.65308 0.0206578 0.999309 -0.0309057 -2.73867 -0.994461 0.0237243 0.102392 112.603 
0.0773684 0.0251563 0.996685 3.13788 0.0138878 0.999557 -0.0263068 -2.75656 -0.996906 0.015877 0.0769848 112.642 
0.0534938 0.0216089 0.998334 3.66351 0.0098696 0.999706 -0.0221674 -2.76409 -0.998519 0.011039 0.0532647 112.677 
0.0306304 0.0192886 0.999345 4.18629 0.0139872 0.999708 -0.0197243 -2.78232 -0.999433 0.0145822 0.0303516 112.689 
0.0103736 0.0204672 0.999737 4.74355 0.0226631 0.999529 -0.0206981 -2.79262 -0.999689 0.0228719 0.00990482 112.692 
-0.00692707 0.0230005 0.999711 5.29859 0.027438 0.999363 -0.0228023 -2.81184 -0.9996 0.0272721 -0.00755375 112.677 
-0.0216137 0.0286844 0.999355 5.8779 0.0278907 0.999217 -0.0280772 -2.82382 -0.999377 0.0272659 -0.0223968 112.674 
-0.0327977 0.0333292 0.998906 6.47003 0.0251484 0.999155 -0.0325117 -2.84063 -0.999146 0.0240545 -0.0336082 112.669 
-0.03937 0.033139 0.998675 7.10704 0.0285692 0.999079 -0.0320261 -2.8599 -0.998816 0.0272705 -0.0402805 112.659 
-0.0417519 0.0298894 0.998681 7.74626 0.0346689 0.998994 -0.0284493 -2.88313 -0.998526 0.0334354 -0.0427461 112.626 
-0.0414083 0.0286248 0.998732 8.42277 0.0367132 0.998958 -0.027109 -2.89813 -0.998468 0.0355441 -0.042416 112.616 
-0.0396288 0.0283521 0.998812 9.10416 0.0353815 0.99901 -0.0269539 -2.92364 -0.998588 0.0342713 -0.0405927 112.606 
-0.0381588 0.0286069 0.998862 9.82229 0.0318005 0.999119 -0.0273993 -2.95259 -0.998766 0.0307187 -0.0390349 112.602 
-0.036967 0.0300016 0.998866 10.5414 0.03056 0.999116 -0.028878 -2.97673 -0.998849 0.0294579 -0.0378511 112.593 
-0.0361955 0.0309174 0.998866 11.2733 0.0305203 0.999089 -0.0298183 -2.99954 -0.998879 0.0294064 -0.0371061 112.584 
-0.0349994 0.0306218 0.998918 12.0268 0.0299154 0.999115 -0.0295797 -3.02285 -0.99894 0.0288477 -0.0358844 112.56 
-0.034673 0.0295611 0.998961 12.7975 0.0286176 0.999182 -0.0285743 -3.04958 -0.998989 0.0275972 -0.0354906 112.56 
-0.0343056 0.0284857 0.999005 13.5739 0.029411 0.99919 -0.027481 -3.07537 -0.998979 0.0284389 -0.0351156 112.55 
-0.034822 0.0261751 0.999051 14.3592 0.0297225 0.999242 -0.0251441 -3.11135 -0.998951 0.0288188 -0.0355736 112.53 
-0.0361148 0.0247494 0.999041 15.1546 0.0268164 0.999357 -0.0237878 -3.13433 -0.998988 0.0259316 -0.0367553 112.519 
-0.0372952 0.0234817 0.999028 15.9522 0.0261136 0.999405 -0.0225156 -3.16603 -0.998963 0.0252485 -0.0378863 112.503 
-0.0386159 0.0211047 0.999031 16.7661 0.0282555 0.9994 -0.0200202 -3.19266 -0.998855 0.0274551 -0.0391891 112.489 
-0.0395491 0.0194931 0.999028 17.5935 0.0298058 0.999388 -0.0183202 -3.22238 -0.998773 0.0290522 -0.0401059 112.466 
-0.0417773 0.0185388 0.998955 18.4204 0.0265174 0.999496 -0.0174399 -3.25769 -0.998775 0.0257611 -0.0422479 112.456 
-0.0425795 0.0232536 0.998822 19.2443 0.0238199 0.999469 -0.0222532 -3.28382 -0.998809 0.0228443 -0.0431108 112.434 
-0.0435122 0.0280929 0.998658 20.0891 0.0250851 0.99932 -0.0270185 -3.31006 -0.998738 0.0238758 -0.0441873 112.418 
-0.0444324 0.0295231 0.998576 20.9286 0.0252922 0.999276 -0.0284184 -3.34806 -0.998692 0.0239935 -0.045147 112.39 
-0.0458723 0.0271827 0.998577 21.7735 0.0216491 0.999422 -0.0262111 -3.383 -0.998713 0.020416 -0.0464343 112.366 
-0.0468056 0.0228332 0.998643 22.6278 0.0190444 0.999577 -0.0219619 -3.419 -0.998722 0.0179906 -0.0472207 112.345 
-0.0470004 0.017939 0.998734 23.5029 0.0173983 0.999702 -0.0171376 -3.44279 -0.998743 0.0165708 -0.0472985 112.317 
-0.0471334 0.012303 0.998813 24.3645 0.0139032 0.999835 -0.0116595 -3.47043 -0.998792 0.0133371 -0.0472967 112.293 
-0.0470463 0.0107198 0.998835 25.2021 0.0109834 0.999888 -0.0102138 -3.5011 -0.998832 0.0104901 -0.0471588 112.278 
-0.0465267 0.017286 0.998768 26.0478 0.0135046 0.99977 -0.0166742 -3.53674 -0.998826 0.0127121 -0.0467495 112.259 
-0.0456041 0.0285778 0.998551 26.882 0.0152935 0.999494 -0.0279063 -3.56277 -0.998843 0.0139987 -0.046018 112.235 
-0.0453565 0.0339417 0.998394 27.7285 0.0176051 0.999295 -0.0331725 -3.59001 -0.998816 0.0160722 -0.045922 112.215 
-0.0432861 0.0288376 0.998646 28.5759 0.0191003 0.999425 -0.0280321 -3.6198 -0.99888 0.017861 -0.043812 112.179 
-0.0422115 0.0208023 0.998892 29.422 0.0218539 0.999563 -0.0198927 -3.65801 -0.99887 0.02099 -0.0426477 112.149 
-0.0416913 0.0173884 0.998979 30.2631 0.0230443 0.999599 -0.0164374 -3.69347 -0.998865 0.0223354 -0.0420753 112.13 
-0.0422544 0.0183412 0.998939 31.0983 0.022086 0.999604 -0.0174191 -3.72315 -0.998863 0.0213265 -0.0426428 112.12 
-0.0425754 0.018945 0.998914 31.9178 0.0189913 0.999655 -0.0181496 -3.75669 -0.998913 0.018198 -0.0429205 112.095 
-0.0439417 0.0192309 0.998849 32.7386 0.0173429 0.999679 -0.0184839 -3.78323 -0.998884 0.0165108 -0.0442611 112.068 
-0.0459433 0.0189243 0.998765 33.5557 0.01629 0.999702 -0.0181927 -3.81627 -0.998811 0.0154341 -0.0462378 112.037 
-0.0478682 0.0194776 0.998664 34.3706 0.0155354 0.999703 -0.0187532 -3.84855 -0.998733 0.014617 -0.0481566 112.006 
-0.0497059 0.0197021 0.99857 35.1715 0.0138754 0.999723 -0.0190342 -3.87782 -0.998668 0.0129094 -0.0499654 111.984 
-0.0516273 0.0191127 0.998484 35.9801 0.0124129 0.999752 -0.0184951 -3.9048 -0.998589 0.0114392 -0.0518517 111.961 
-0.0538586 0.0177706 0.99839 36.7757 0.0131901 0.999767 -0.0170836 -3.93911 -0.998461 0.0122488 -0.0540805 111.937 
-0.0553939 0.0177348 0.998307 37.5751 0.0135679 0.999763 -0.0170077 -3.97754 -0.998372 0.0126028 -0.0556214 111.903 
-0.0569038 0.0188583 0.998202 38.3586 0.0131631 0.999749 -0.0181371 -4.00291 -0.998293 0.0121074 -0.0571378 111.869 
-0.0578996 0.0188781 0.998144 39.1406 0.0139899 0.999738 -0.0180967 -4.03562 -0.998224 0.0129161 -0.0581486 111.841 
-0.0587581 0.0175506 0.998118 39.9265 0.0155389 0.99974 -0.0166643 -4.06481 -0.998151 0.0145305 -0.0590156 111.801 
-0.0601322 0.0169181 0.998047 40.7068 0.0159412 0.999745 -0.0159864 -4.0945 -0.998063 0.0149487 -0.0603866 111.768 
-0.0616128 0.016592 0.997962 41.4741 0.0147632 0.999768 -0.0157105 -4.12242 -0.997991 0.0137651 -0.0618435 111.741 
-0.0625884 0.0159772 0.997912 42.2286 0.0132343 0.999797 -0.0151773 -4.14579 -0.997952 0.0122568 -0.0627872 111.709 
-0.0635566 0.0150333 0.997865 42.9697 0.0121878 0.999824 -0.0142865 -4.16939 -0.997904 0.0112537 -0.0637286 111.681 
-0.0639396 0.0145078 0.997848 43.6866 0.0122688 0.99983 -0.0137504 -4.19844 -0.997878 0.0113632 -0.0641067 111.645 
-0.0642149 0.01708 0.99779 44.3954 0.0128647 0.999785 -0.0162862 -4.22451 -0.997853 0.0117905 -0.0644208 111.614 
-0.0641982 0.0200451 0.997736 45.0997 0.0127138 0.999734 -0.0192672 -4.24815 -0.997856 0.0114481 -0.0644359 111.583 
-0.0646046 0.0219593 0.997669 45.8031 0.010953 0.999713 -0.021295 -4.27376 -0.997851 0.00955175 -0.0648266 111.558 
-0.0643335 0.0228209 0.997668 46.4936 0.0121621 0.999682 -0.0220826 -4.30236 -0.997854 0.0107131 -0.0645906 111.522 
-0.063896 0.02285 0.997695 47.1932 0.0138151 0.999662 -0.0220102 -4.33043 -0.997861 0.0123769 -0.0641901 111.481 
-0.0642755 0.0224854 0.997679 47.884 0.015016 0.999655 -0.0215624 -4.35497 -0.997819 0.0135952 -0.0645909 111.45 
-0.0643982 0.0225739 0.997669 48.5734 0.011333 0.999696 -0.0218882 -4.38443 -0.99786 0.00989706 -0.0646345 111.424 
-0.0641618 0.0225599 0.997685 49.2437 0.00857919 0.99972 -0.0220541 -4.41699 -0.997903 0.00714429 -0.0643374 111.398 
-0.0636056 0.0217549 0.997738 49.9239 0.0116985 0.99971 -0.0210521 -4.43968 -0.997907 0.010333 -0.0638417 111.358 
-0.0644727 0.0208414 0.997702 50.594 0.0114754 0.999731 -0.0201422 -4.47161 -0.997854 0.0101504 -0.0646946 111.323 
-0.0679075 0.0201163 0.997489 51.2711 0.00878054 0.99977 -0.0195645 -4.50143 -0.997653 0.00742991 -0.0680685 111.292 
-0.0730857 0.0199223 0.997127 51.9491 0.00489208 0.999796 -0.019617 -4.52921 -0.997314 0.0034443 -0.0731683 111.258 
-0.0784542 0.0237694 0.996634 52.6128 0.00910887 0.999691 -0.0231252 -4.55865 -0.996876 0.00726394 -0.0786465 111.207 
-0.0847684 0.0266507 0.996044 53.2808 0.0117475 0.9996 -0.0257461 -4.58057 -0.996331 0.0095186 -0.0850476 111.152 
-0.0918664 0.0286656 0.995359 53.9595 0.0115922 0.999549 -0.0277163 -4.60367 -0.995704 0.00899221 -0.0921572 111.097 
-0.0981814 0.0277139 0.994783 54.6398 0.00781109 0.999603 -0.0270772 -4.63401 -0.995138 0.00511185 -0.0983589 111.049 
-0.103153 0.0264403 0.994314 55.3235 0.00748381 0.999639 -0.0258055 -4.66421 -0.994637 0.00477933 -0.103314 110.986 
-0.107792 0.0273847 0.993796 56.0119 0.00561192 0.999621 -0.0269365 -4.68817 -0.994158 0.00267358 -0.107904 110.924 
-0.111914 0.0268027 0.993356 56.7204 0.00340653 0.999641 -0.0265885 -4.71279 -0.993712 0.000408287 -0.111965 110.868 
-0.114293 0.0239833 0.993158 57.4231 0.0039977 0.999712 -0.0236815 -4.73393 -0.993439 0.00126371 -0.114356 110.797 
-0.116011 0.0208534 0.993029 58.1381 0.0058177 0.999777 -0.0203154 -4.75915 -0.993231 0.00342033 -0.116106 110.724 
-0.117299 0.0180881 0.992932 58.8634 0.00589461 0.999829 -0.0175174 -4.78463 -0.993079 0.00379816 -0.117386 110.653 
-0.118402 0.0180491 0.992802 59.5874 0.00479477 0.999834 -0.0176051 -4.80483 -0.992954 0.00267578 -0.118468 110.577 
-0.118712 0.0214855 0.992696 60.3184 0.00673629 0.99976 -0.0208328 -4.83113 -0.992906 0.00421398 -0.118828 110.503 
-0.118336 0.0257523 0.99264 61.0438 0.0131122 0.999617 -0.0243701 -4.85703 -0.992887 0.0101319 -0.118629 110.415 
-0.118494 0.0307275 0.992479 61.7864 0.0208198 0.999378 -0.0284553 -4.88638 -0.992736 0.0172914 -0.11906 110.324 
-0.11895 0.0317759 0.992392 62.5307 0.0214139 0.999337 -0.0294316 -4.91588 -0.992669 0.0177501 -0.119551 110.245 
-0.118895 0.0292709 0.992475 63.2925 0.0198568 0.999436 -0.0270974 -4.95209 -0.992708 0.0164856 -0.11941 110.164 
-0.118458 0.0244122 0.992659 64.0383 0.0201176 0.999552 -0.022181 -4.98304 -0.992755 0.0173424 -0.118896 110.084 
-0.117807 0.0224742 0.992782 64.7957 0.0223575 0.999551 -0.0199743 -5.01419 -0.992785 0.019843 -0.118257 109.993 
-0.118922 0.0221831 0.992656 65.5433 0.0221799 0.99956 -0.0196801 -5.04114 -0.992656 0.0196766 -0.119362 109.919 
-0.119985 0.0232004 0.992505 66.2909 0.0210095 0.999562 -0.0208255 -5.07055 -0.992553 0.0183533 -0.12042 109.835 
-0.122199 0.0240124 0.992215 67.0418 0.0205779 0.999554 -0.0216556 -5.09999 -0.992292 0.0177714 -0.122639 109.757 
-0.12428 0.0243916 0.991947 67.7818 0.0222894 0.999514 -0.021785 -5.1273 -0.991997 0.0194025 -0.124763 109.672 
-0.125791 0.0246095 0.991752 68.5255 0.0226882 0.999502 -0.0219241 -5.15765 -0.991797 0.0197432 -0.126286 109.585 
-0.128054 0.0243558 0.991468 69.2865 0.0222615 0.999517 -0.0216783 -5.18719 -0.991517 0.0192956 -0.128535 109.508 
-0.129526 0.0250055 0.991261 70.0272 0.0204701 0.999536 -0.0225395 -5.21335 -0.991365 0.0173717 -0.129978 109.424 
-0.130565 0.0266445 0.991082 70.7947 0.0205541 0.999497 -0.0241629 -5.24445 -0.991227 0.017216 -0.131047 109.338 
-0.13133 0.026935 0.990973 71.554 0.0196204 0.999506 -0.0245666 -5.28145 -0.991145 0.016217 -0.131793 109.25 
-0.132639 0.0270506 0.990795 72.3146 0.0200891 0.999496 -0.0245987 -5.31864 -0.990961 0.0166414 -0.133115 109.168 
-0.133696 0.0257294 0.990688 73.0925 0.0206474 0.999518 -0.0231723 -5.34171 -0.990807 0.0173571 -0.134162 109.084 
-0.13437 0.0232232 0.990659 73.8976 0.0179311 0.999619 -0.0210011 -5.3767 -0.990769 0.0149417 -0.134735 108.973 
-0.136077 0.0212946 0.990469 74.6908 0.0154725 0.999693 -0.0193671 -5.40201 -0.990577 0.0126896 -0.136365 108.888 
-0.138486 0.0209909 0.990142 75.4817 0.0171372 0.999677 -0.0187961 -5.4275 -0.990216 0.0143652 -0.138801 108.798 
-0.139888 0.021284 0.989939 76.2693 0.0182845 0.999654 -0.018909 -5.45668 -0.989999 0.0154553 -0.140229 108.698 
-0.142382 0.0224623 0.989557 77.0743 0.0175015 0.999643 -0.020173 -5.48566 -0.989657 0.0144464 -0.142725 108.603 
-0.143956 0.0262563 0.989236 77.8831 0.0191744 0.999534 -0.0237393 -5.51379 -0.989398 0.0155506 -0.144392 108.501 
-0.14451 0.0302644 0.989041 78.6929 0.0210835 0.999399 -0.0275008 -5.54628 -0.989279 0.0168783 -0.145061 108.397 
-0.145851 0.0341344 0.988718 79.5113 0.0221765 0.999266 -0.0312272 -5.58217 -0.989058 0.0173718 -0.146501 108.296 
-0.1455 0.0354154 0.988724 80.335 0.0246084 0.99918 -0.0321685 -5.61401 -0.989052 0.0196504 -0.146252 108.187 
-0.145122 0.0344215 0.988815 81.1692 0.0282064 0.999132 -0.0306409 -5.65624 -0.989012 0.0234443 -0.145967 108.083 
-0.14483 0.0324579 0.988924 82.0113 0.0289243 0.999174 -0.0285583 -5.69672 -0.989034 0.0244678 -0.145649 107.97 
-0.144406 0.0307519 0.989041 82.8579 0.0279884 0.999244 -0.0269826 -5.73391 -0.989123 0.0237852 -0.145158 107.868 
-0.142733 0.0284588 0.989352 83.7115 0.0272815 0.99932 -0.0248096 -5.76855 -0.989385 0.0234498 -0.143413 107.764 
-0.141015 0.0252219 0.989686 84.5656 0.0280467 0.999376 -0.0214726 -5.80594 -0.98961 0.0247295 -0.141634 107.659 
-0.13924 0.0220518 0.990013 85.425 0.028539 0.999426 -0.0182476 -5.83574 -0.989847 0.0257132 -0.139789 107.552 
-0.137805 0.0220489 0.990214 86.2966 0.0266205 0.999474 -0.0185503 -5.86665 -0.990102 0.0238037 -0.138319 107.453 
-0.136194 0.0259269 0.990343 87.1476 0.0285533 0.999345 -0.0222358 -5.90985 -0.990271 0.0252492 -0.136845 107.353 
-0.134199 0.0325836 0.990419 88.0129 0.0286682 0.999169 -0.028987 -5.9343 -0.99054 0.0245035 -0.135022 107.243 
-0.132531 0.0358392 0.990531 88.8683 0.0273162 0.999099 -0.0324943 -5.97969 -0.990802 0.0227511 -0.133391 107.141 
-0.131614 0.0334513 0.990737 89.7399 0.0255556 0.999213 -0.0303425 -6.0148 -0.990972 0.0213253 -0.132365 107.055 
-0.130014 0.0308577 0.991032 90.5904 0.0263648 0.99927 -0.0276554 -6.05879 -0.991162 0.0225328 -0.130733 106.953 
-0.129306 0.0293507 0.99117 91.4562 0.02747 0.999284 -0.0260073 -6.09284 -0.991224 0.0238645 -0.13002 106.854 
-0.128095 0.0285372 0.991351 92.2959 0.0269262 0.999318 -0.0252873 -6.14185 -0.991396 0.0234541 -0.128776 106.76 
-0.127433 0.0285383 0.991437 93.1712 0.0266569 0.999323 -0.025339 -6.18168 -0.991489 0.0231997 -0.128107 106.658 
-0.126046 0.0269596 0.991658 94.0353 0.0301962 0.999272 -0.0233284 -6.21786 -0.991565 0.0270039 -0.126768 106.55 
-0.124596 0.0261742 0.991862 94.9071 0.0330705 0.999206 -0.0222137 -6.25694 -0.991656 0.0300336 -0.125363 106.445 
-0.123236 0.0274452 0.991998 95.7764 0.0353614 0.999104 -0.0232488 -6.29539 -0.991747 0.0322133 -0.124096 106.338 
-0.121777 0.0295051 0.992119 96.6384 0.0363986 0.999019 -0.0252425 -6.33576 -0.99189 0.0330378 -0.122732 106.23 
-0.120665 0.0311687 0.992204 97.5156 0.0334582 0.999067 -0.0273153 -6.36805 -0.992129 0.0299013 -0.121595 106.138 
-0.119922 0.0267643 0.992422 98.3756 0.0287739 0.99931 -0.023473 -6.413 -0.992366 0.0257409 -0.12061 106.053 
-0.119706 0.0248111 0.992499 99.2358 0.0243159 0.999461 -0.0220523 -6.45074 -0.992512 0.0214937 -0.120245 105.967 
-0.120614 0.0252955 0.992377 100.088 0.0209356 0.999518 -0.0229329 -6.48802 -0.992479 0.01801 -0.121085 105.881 
-0.121701 0.0300274 0.992112 100.928 0.0180825 0.999444 -0.028031 -6.52334 -0.992402 0.0145284 -0.122177 105.799 
-0.122185 0.0323572 0.99198 101.765 0.017963 0.999377 -0.0303859 -6.56433 -0.992345 0.0141062 -0.12269 105.708 
-0.12224 0.0329695 0.991953 102.603 0.0185637 0.999349 -0.0309276 -6.59964 -0.992327 0.0146337 -0.122772 105.613 
-0.12219 0.0324223 0.991977 103.44 0.0205797 0.999334 -0.0301277 -6.64227 -0.992293 0.0167333 -0.122776 105.515 
-0.122561 0.033005 0.991912 104.275 0.0219924 0.999292 -0.0305332 -6.68238 -0.992217 0.0180724 -0.1232 105.42 
-0.12292 0.0360661 0.991761 105.089 0.023466 0.999166 -0.0334269 -6.72585 -0.992139 0.0191638 -0.123664 105.33 
-0.123505 0.0378165 0.991623 105.911 0.0229552 0.999115 -0.0352432 -6.76104 -0.992078 0.0184102 -0.124264 105.243 
-0.124376 0.0383638 0.991493 106.72 0.0218068 0.999117 -0.0359232 -6.80021 -0.991996 0.0171533 -0.125103 105.155 
-0.126247 0.0373765 0.991295 107.526 0.0200983 0.999181 -0.0351142 -6.84329 -0.991795 0.0154903 -0.126894 105.066 
-0.12914 0.0381352 0.990893 108.321 0.0198487 0.999159 -0.0358665 -6.89365 -0.991428 0.0150362 -0.129789 104.972 
-0.132763 0.0408187 0.990307 109.12 0.0193049 0.999069 -0.0385917 -6.93736 -0.99096 0.0139942 -0.133427 104.891 
-0.136155 0.042342 0.989782 109.906 0.0182026 0.999025 -0.0402333 -6.97978 -0.99052 0.0125387 -0.136793 104.802 
-0.139768 0.042634 0.989266 110.69 0.0188726 0.999006 -0.0403873 -7.02171 -0.990004 0.0130251 -0.140433 104.713 
-0.142194 0.0415327 0.988967 111.47 0.0203485 0.999031 -0.0390295 -7.0647 -0.98963 0.0145743 -0.142901 104.608 
-0.144274 0.0421927 0.988638 112.245 0.0217178 0.998985 -0.0394649 -7.11022 -0.9893 0.0157773 -0.145044 104.501 
-0.146118 0.0466621 0.988166 113.021 0.0169169 0.998859 -0.0446655 -7.15737 -0.989123 0.0101902 -0.146741 104.406 
-0.14778 0.0534291 0.987576 113.786 0.0148153 0.998547 -0.0518056 -7.21001 -0.988909 0.00697543 -0.148357 104.311 
-0.150475 0.0564372 0.987002 114.551 0.0192664 0.998347 -0.0541486 -7.2569 -0.988426 0.0108679 -0.151314 104.203 
-0.152748 0.0550046 0.986733 115.318 0.0214141 0.9984 -0.05234 -7.30023 -0.988033 0.0131351 -0.153681 104.085 
-0.155957 0.0469039 0.98665 116.091 0.0197421 0.99882 -0.0443619 -7.35782 -0.987567 0.01256 -0.156699 103.98 
-0.158372 0.0445265 0.986375 116.864 0.0189269 0.998936 -0.0420546 -7.41282 -0.987198 0.0120087 -0.159046 103.872 
-0.160075 0.0475979 0.985957 117.622 0.0183551 0.998808 -0.0452382 -7.45803 -0.986934 0.0108558 -0.160757 103.763 
-0.162754 0.0513301 0.985331 118.38 0.0162261 0.99865 -0.0493438 -7.50189 -0.986533 0.00795718 -0.163368 103.65 
-0.165472 0.0538196 0.984745 119.131 0.0157297 0.998527 -0.0519297 -7.55254 -0.986089 0.0068968 -0.166075 103.544 
-0.167111 0.0579041 0.984236 119.869 0.0195094 0.998273 -0.0554174 -7.60769 -0.985745 0.00994101 -0.167952 103.422 
-0.168958 0.0622704 0.983654 120.613 0.0197875 0.998015 -0.0597807 -7.66305 -0.985425 0.00936366 -0.169855 103.305 
-0.171477 0.0641991 0.983094 121.351 0.0189203 0.997905 -0.0618661 -7.71884 -0.985006 0.00799178 -0.172333 103.186 
-0.173798 0.0622608 0.982811 122.094 0.0198976 0.998018 -0.0597055 -7.76729 -0.98458 0.00917888 -0.174692 103.067 
-0.177733 0.0588107 0.98232 122.836 0.0241361 0.998173 -0.0553927 -7.82346 -0.983783 0.0138642 -0.178828 102.944 
-0.182788 0.0575324 0.981468 123.589 0.0269428 0.998205 -0.0534956 -7.8736 -0.982783 0.0166652 -0.18401 102.809 
-0.188647 0.0563544 0.980427 124.317 0.0257208 0.998293 -0.0524323 -7.92464 -0.981708 0.0153261 -0.189774 102.675 
-0.197005 0.0566794 0.978763 125.051 0.0251931 0.998291 -0.0527394 -7.97644 -0.980079 0.0142682 -0.198097 102.542 
-0.207495 0.0571323 0.976566 125.772 0.0245899 0.998282 -0.053178 -8.02696 -0.977927 0.0129795 -0.208544 102.399 
-0.219662 0.0584445 0.973824 126.488 0.0254013 0.998208 -0.0541782 -8.07328 -0.975245 0.0128355 -0.220753 102.248 
-0.232018 0.0590035 0.97092 127.205 0.0266885 0.998169 -0.0542817 -8.12667 -0.972345 0.0133181 -0.233168 102.084 
-0.244179 0.0588317 0.967944 127.911 0.0296981 0.998144 -0.0531754 -8.17773 -0.969275 0.0157618 -0.245473 101.914 
-0.255261 0.0595933 0.965034 128.613 0.0326259 0.998061 -0.0530029 -8.21946 -0.966322 0.0179556 -0.25671 101.731 
-0.265601 0.0594068 0.962251 129.313 0.0371418 0.997989 -0.0513613 -8.27131 -0.963367 0.0220982 -0.267273 101.545 
-0.274364 0.0602478 0.959737 130.011 0.0435611 0.99779 -0.0501835 -8.32114 -0.960639 0.0280386 -0.276382 101.343 
-0.28176 0.0603013 0.957588 130.707 0.0487183 0.997635 -0.0484882 -8.36887 -0.958247 0.03299 -0.284032 101.133 
-0.288377 0.0605672 0.9556 131.387 0.0488777 0.997628 -0.0484809 -8.41627 -0.956269 0.0327268 -0.290653 100.94 
-0.293495 0.058551 0.954166 132.079 0.0523552 0.997609 -0.0451126 -8.4607 -0.954526 0.0367152 -0.295859 100.741 
-0.295298 0.0561423 0.953754 132.761 0.0586034 0.997457 -0.0405702 -8.50071 -0.953606 0.0439129 -0.297837 100.529 
-0.296181 0.0546285 0.953568 133.426 0.0648458 0.99721 -0.0369873 -8.54406 -0.952928 0.05088 -0.298897 100.318 
-0.29717 0.0530755 0.953348 134.1 0.066754 0.997166 -0.0347069 -8.58654 -0.952488 0.0533259 -0.299871 100.115 
-0.296909 0.058419 0.953117 134.76 0.0686751 0.996849 -0.0397062 -8.62633 -0.952433 0.0536663 -0.299986 99.9195 
-0.2955 0.0619518 0.953332 135.425 0.0681102 0.996722 -0.0436596 -8.66234 -0.952912 0.0520302 -0.298751 99.727 
-0.294215 0.061728 0.953744 136.085 0.069837 0.996633 -0.0429602 -8.70264 -0.953184 0.0539671 -0.297535 99.5248 
-0.29299 0.060651 0.95419 136.745 0.0708182 0.996621 -0.0416028 -8.73921 -0.953489 0.0553848 -0.296295 99.336 
-0.290675 0.0572037 0.955111 137.405 0.0731978 0.996615 -0.0374128 -8.78952 -0.954018 0.059037 -0.293878 99.1342 
-0.289024 0.0577526 0.955578 138.049 0.0738119 0.996552 -0.0379037 -8.83088 -0.954472 0.0595779 -0.29229 98.9417 
-0.287162 0.0601442 0.955992 138.686 0.0741997 0.996425 -0.0403998 -8.86942 -0.955004 0.059333 -0.290598 98.7685 
-0.282919 0.0618001 0.957151 139.315 0.0757299 0.996246 -0.0419397 -8.90892 -0.95615 0.0606194 -0.286537 98.5913 
-0.277337 0.061046 0.958831 139.953 0.0766775 0.996202 -0.0412467 -8.94701 -0.957708 0.0620815 -0.280965 98.4144 
-0.271996 0.0590215 0.960487 140.576 0.0778837 0.996193 -0.03916 -8.99002 -0.959141 0.0641548 -0.275558 98.2473 
-0.267465 0.0577465 0.961836 141.212 0.0785834 0.996185 -0.0379564 -9.01828 -0.960358 0.0654323 -0.270983 98.0902 
-0.263263 0.0571752 0.963028 141.826 0.0796749 0.996121 -0.0373591 -9.05318 -0.961428 0.0668939 -0.266797 97.9291 
-0.259713 0.0561669 0.964051 142.447 0.0804066 0.996098 -0.0363726 -9.08467 -0.962333 0.0680697 -0.263215 97.777 
-0.255677 0.0548888 0.965203 143.068 0.0836231 0.995901 -0.0344832 -9.11755 -0.963139 0.0718966 -0.259219 97.6167 
-0.251769 0.0536758 0.966298 143.674 0.0852593 0.995809 -0.0331008 -9.14813 -0.964025 0.0740521 -0.25529 97.4607 
-0.24823 0.0520404 0.967302 144.274 0.0836567 0.995977 -0.032115 -9.18555 -0.965082 0.0729494 -0.251585 97.3161 
-0.244288 0.0529969 0.968253 144.856 0.0818624 0.996068 -0.0338656 -9.22498 -0.966241 0.0709906 -0.247666 97.1813 
-0.239433 0.0565269 0.969266 145.45 0.0831725 0.995828 -0.0375302 -9.25772 -0.967344 0.0716303 -0.243136 97.0426 
-0.233522 0.0600759 0.970494 146.039 0.0850887 0.995523 -0.0411511 -9.2897 -0.968621 0.0729684 -0.237588 96.9066 
-0.227392 0.0609239 0.971896 146.623 0.0838515 0.995559 -0.0427887 -9.32133 -0.970187 0.0717651 -0.231491 96.7929 
-0.219071 0.058874 0.973931 147.206 0.080075 0.995896 -0.0421901 -9.36714 -0.972418 0.0687449 -0.222886 96.6828 
