1 2.12261e-08 -2.11895e-08 0 2.12261e-08 1 2.10703e-08 0 -2.11895e-08 2.10703e-08 1 0 
0.999998 0.00112788 0.00164461 -0.0143376 -0.0011264 0.999999 -0.000872009 -0.0243934 -0.00164563 0.000870197 0.999998 1.2259 
0.999995 0.00133503 0.00303419 -0.0361188 -0.0013339 0.999999 -0.000361396 -0.0486692 -0.00303471 0.000357389 0.999995 2.43388 
0.999993 0.00097732 0.00369226 -0.0432591 -0.000976479 1 -0.000217874 -0.0629893 -0.00369251 0.000214309 0.999993 3.64656 
0.999991 0.000404542 0.00426232 -0.0572067 -0.000403309 1 -0.000280097 -0.0817823 -0.00426248 0.000278417 0.999991 4.84773 
0.999989 0.000290656 0.00471526 -0.0579138 -0.000289546 1 -0.000227181 -0.100497 -0.00471537 0.000225856 0.999989 6.07281 
0.999987 0.000687875 0.00508935 -0.068546 -0.000682656 0.999999 -0.00101867 -0.126191 -0.00509009 0.00101522 0.999987 7.26816 
0.999986 8.77804e-05 0.00529284 -0.0642104 -8.08353e-05 0.999999 -0.00130432 -0.149099 -0.00529299 0.00130392 0.999985 8.49407 
0.999987 -0.000407772 0.00514253 -0.0698729 0.000408986 1 -0.000226757 -0.161714 -0.00514248 0.000228899 0.999987 9.72189 
0.999992 -0.00107553 0.00386421 -0.0882661 0.0010738 0.999999 0.000460515 -0.176473 -0.00386474 -0.00045632 0.999992 10.9411 
0.999997 -0.00189861 0.00163032 -0.110416 0.00189878 0.999998 -7.82194e-05 -0.19803 -0.00163021 8.13569e-05 0.999999 12.1428 
0.999999 -0.00166681 -2.3133e-05 -0.142634 0.00166683 0.999998 -0.000764924 -0.21626 2.43657e-05 0.000764927 1 13.3449 
0.999998 -0.00127475 -0.00153761 -0.165287 0.00127363 0.999999 -0.000760932 -0.240975 0.00153853 0.000759014 0.999999 14.5656 
0.999997 0.000296557 -0.00253664 -0.185817 -0.000298979 1 -0.000970996 -0.259062 0.00253631 0.000971794 0.999996 15.7671 
0.999996 0.000322947 -0.00285211 -0.218017 -0.000325391 1 -0.000871534 -0.277812 0.00285178 0.0008725 0.999996 16.9765 
0.999994 -0.000235963 -0.00340609 -0.246044 0.000233864 1 -0.000629091 -0.296169 0.00340619 0.000628333 0.999994 18.203 
0.999992 -0.000562661 -0.00385198 -0.270268 0.000561622 1 -0.000281667 -0.316685 0.0038521 0.000279544 0.999993 19.4217 
0.999989 -0.000503829 -0.00457358 -0.292041 0.000496273 0.999999 -0.00166248 -0.331579 0.00457437 0.00166024 0.999988 20.6484 
0.999985 -0.00107967 -0.00540823 -0.314841 0.00106518 0.999996 -0.00268943 -0.349584 0.00541107 0.00268367 0.999982 21.8563 
0.999979 -0.000139636 -0.00653659 -0.340727 0.000124705 0.999997 -0.00229102 -0.373252 0.00653685 0.0022902 0.999976 23.0608 
0.999975 -0.000907522 -0.00700582 -0.383763 0.000891832 0.999997 -0.00224854 -0.403774 0.00700779 0.00224228 0.999973 24.2703 
0.99997 -0.000720201 -0.0076907 -0.413175 0.000696352 0.999995 -0.00310881 -0.419359 0.00769286 0.0031034 0.999966 25.4693 
0.999965 -8.91959e-05 -0.00842704 -0.449446 6.95128e-05 0.999997 -0.00234099 -0.445698 0.00842718 0.00234037 0.999962 26.6552 
0.999959 -0.0010326 -0.00896895 -0.478889 0.00103118 0.999999 -0.000167556 -0.477865 0.00896908 0.000158343 0.99996 27.8523 
0.999946 -0.00184325 -0.0102118 -0.49905 0.00183984 0.999998 -0.000348028 -0.494628 0.0102124 0.000329264 0.999948 29.0555 
0.999935 -0.00258661 -0.011071 -0.534067 0.0025736 0.999996 -0.00119276 -0.517297 0.011074 0.00116423 0.999938 30.265 
0.999928 -0.00255716 -0.0117438 -0.579377 0.00252919 0.999994 -0.00239962 -0.526837 0.0117498 0.00236979 0.999928 31.5226 
0.999927 -0.00150938 -0.0119823 -0.622785 0.00147704 0.999995 -0.00271132 -0.542162 0.0119863 0.00269347 0.999925 32.7369 
0.999914 -0.0019998 -0.0130005 -0.643973 0.00197606 0.999996 -0.00184226 -0.572687 0.0130041 0.00181645 0.999914 33.9684 
0.999908 -0.00231669 -0.0133474 -0.686165 0.00229627 0.999996 -0.00154854 -0.596412 0.0133509 0.0015178 0.99991 35.1758 
0.999913 -0.00149312 -0.0131268 -0.752366 0.0014713 0.999998 -0.00167552 -0.615405 0.0131292 0.00165611 0.999912 36.3155 
0.999901 -0.00249774 -0.0138303 -0.787838 0.00246885 0.999995 -0.00210875 -0.625322 0.0138354 0.00207444 0.999902 37.5399 
0.999898 -0.00344942 -0.0138967 -0.824219 0.00342934 0.999993 -0.00147222 -0.653111 0.0139017 0.00142445 0.999902 38.7662 
0.999894 -0.00329645 -0.0141542 -0.863778 0.00328903 0.999994 -0.000550832 -0.667975 0.0141559 0.000504263 0.9999 39.9641 
0.999891 -0.00290623 -0.0144811 -0.899515 0.00291795 0.999995 0.000785822 -0.699762 0.0144787 -0.000827949 0.999895 41.1798 
0.999893 -0.00235897 -0.0144191 -0.94091 0.00236079 0.999997 0.000106249 -0.718461 0.0144187 -0.000140235 0.999896 42.3935 
0.999907 -0.00125863 -0.013558 -0.99338 0.00126019 0.999999 0.000103534 -0.736952 0.0135579 -0.000120567 0.999908 43.6114 
0.999909 0.00223266 -0.0133289 -1.0244 -0.00220954 0.999996 0.00174623 -0.747734 0.0133327 -0.00171657 0.99991 44.8343 
0.999918 0.0015061 -0.012717 -1.04034 -0.00144382 0.999987 0.00490165 -0.77059 0.0127242 -0.00488285 0.999907 46.0583 
0.999936 0.00193226 -0.0111877 -1.0639 -0.00184719 0.999969 0.00760504 -0.787434 0.011202 -0.00758384 0.999909 47.2913 
0.999955 0.00263851 -0.0091696 -1.10419 -0.00253934 0.999938 0.0108049 -0.792297 0.0091975 -0.0107811 0.9999 48.524 
0.99996 0.00210546 -0.00866996 -1.10828 -0.00200136 0.999926 0.0119934 -0.797828 0.00869453 -0.0119755 0.999891 49.7764 
0.999971 -0.000670335 -0.00758383 -1.13084 0.000747942 0.999947 0.0102295 -0.802078 0.00757653 -0.0102348 0.999919 50.9887 
0.999981 0.000704232 -0.00609078 -1.17116 -0.000652364 0.999964 0.00850674 -0.808508 0.0060965 -0.00850257 0.999945 52.1776 
0.999987 0.000905785 -0.00505786 -1.20874 -0.000865184 0.999968 0.00801534 -0.819859 0.00506491 -0.00801082 0.999955 53.3784 
0.999986 0.000514033 -0.00528977 -1.23208 -0.000473885 0.999971 0.00758022 -0.833477 0.00529347 -0.00757757 0.999957 54.5771 
0.999982 -9.06576e-05 -0.00594134 -1.26298 0.000129628 0.999979 0.00655197 -0.845903 0.00594057 -0.00655258 0.999961 55.7929 
0.999974 0.000181028 -0.00721507 -1.29637 -0.00012993 0.999975 0.0070761 -0.871869 0.00721613 -0.00707494 0.999949 57.0348 
0.999964 0.000254428 -0.00849404 -1.32928 -0.000183622 0.999965 0.00833082 -0.882557 0.00849582 -0.00832891 0.999929 58.2426 
0.999954 -0.000660861 -0.009556 -1.36275 0.0007435 0.999962 0.00864249 -0.899549 0.00954989 -0.00864916 0.999917 59.4519 
0.999946 0.000800519 -0.0103973 -1.39929 -0.000713759 0.999965 0.00834152 -0.910075 0.0104036 -0.0083336 0.999911 60.6717 
0.999949 0.00142143 -0.00999641 -1.46521 -0.00134309 0.999968 0.0078349 -0.908841 0.0100072 -0.00782103 0.999919 61.8543 
0.999949 0.00109913 -0.010082 -1.50041 -0.0010218 0.99997 0.00766753 -0.926043 0.0100901 -0.00765679 0.99992 63.0677 
0.999939 -0.000649963 -0.0110012 -1.52208 0.000725971 0.999976 0.00690266 -0.945683 0.0109964 -0.00691019 0.999916 64.2711 
0.999932 -0.000944835 -0.0116248 -1.55102 0.00104128 0.999965 0.00828995 -0.960945 0.0116166 -0.00830145 0.999898 65.4874 
0.999928 -0.00103741 -0.0119423 -1.58412 0.00115279 0.999953 0.009655 -0.969562 0.0119317 -0.00966804 0.999882 66.7079 
0.99993 8.25282e-06 -0.0118487 -1.62827 8.99812e-05 0.999966 0.00828663 -0.983752 0.0118483 -0.00828707 0.999896 67.9124 
0.999936 0.00149197 -0.0112299 -1.67946 -0.00141077 0.999973 0.00723088 -1.00194 0.0112403 -0.00721453 0.999911 69.1061 
0.999929 0.00415341 -0.0111972 -1.72119 -0.00407196 0.999965 0.00728353 -1.00524 0.011227 -0.00723737 0.999911 70.2899 
0.999922 0.00605777 -0.0109192 -1.75986 -0.00597817 0.999956 0.00730356 -1.01527 0.0109629 -0.00723767 0.999914 71.4992 
0.999906 0.00854001 -0.0107357 -1.79637 -0.0084641 0.999939 0.0070926 -1.00158 0.0107956 -0.00700103 0.999917 72.6798 
0.999913 0.00851487 -0.0101112 -1.82459 -0.00843175 0.999931 0.00823032 -1.02053 0.0101805 -0.0081443 0.999915 73.8651 
0.999919 0.00962486 -0.00836939 -1.85064 -0.0095469 0.999911 0.0093008 -1.03697 0.00845812 -0.0092201 0.999922 75.058 
0.999945 0.00905533 -0.00538954 -1.88333 -0.00901934 0.999937 0.00665812 -1.04218 0.00544945 -0.0066091 0.999963 76.2516 
0.99998 0.00548038 -0.00319664 -1.89946 -0.00547372 0.999983 0.00207786 -1.06526 0.00320793 -0.00206027 0.999993 77.442 
0.999982 0.00591635 -0.00107185 -1.91957 -0.00591444 0.999981 0.00173841 -1.08629 0.00108207 -0.001732 0.999998 78.621 
0.999984 0.00527885 0.00190827 -1.94172 -0.00528863 0.999973 0.00518223 -1.10554 -0.00188091 -0.0051922 0.999985 79.7971 
0.999963 0.0064713 0.00571234 -1.9744 -0.00650635 0.99996 0.00614665 -1.11279 -0.00567238 -0.00618355 0.999965 81.0208 
0.999935 0.00607298 0.00968753 -1.98028 -0.00611769 0.999971 0.00459609 -1.12923 -0.00965938 -0.00465502 0.999943 82.1924 
0.9999 0.00527494 0.0131096 -1.99044 -0.00529739 0.999985 0.00168165 -1.15179 -0.0131006 -0.00175088 0.999913 83.4072 
0.999847 0.00421047 0.017001 -2.01099 -0.00418205 0.99999 -0.00170407 -1.1729 -0.0170081 0.00163275 0.999854 84.5859 
0.999786 0.0034438 0.0204047 -2.02036 -0.00338605 0.99999 -0.00286232 -1.18909 -0.0204144 0.00279265 0.999788 85.809 
0.999689 0.00318688 0.0247325 -2.02075 -0.00316508 0.999995 -0.000918906 -1.21684 -0.0247353 0.000840382 0.999694 86.9948 
0.99957 0.00477819 0.0289198 -2.024 -0.0047569 0.999988 -0.000803471 -1.23576 -0.0289233 0.000665598 0.999581 88.1853 
0.999437 0.00461325 0.0332318 -2.0137 -0.00452268 0.999986 -0.00279884 -1.26038 -0.0332443 0.00264701 0.999444 89.3689 
0.999317 0.00415129 0.0367327 -1.98843 -0.00397271 0.99998 -0.00493185 -1.28835 -0.0367525 0.00478259 0.999313 90.573 
0.999182 0.00499278 0.0401356 -1.96581 -0.00476909 0.999973 -0.0056661 -1.30886 -0.0401628 0.00547009 0.999178 91.7328 
0.999064 0.00368133 0.0431108 -1.93316 -0.00349038 0.999984 -0.00450277 -1.33186 -0.0431267 0.00434812 0.99906 92.8937 
0.99896 0.0031754 0.045492 -1.89159 -0.00303644 0.999991 -0.00312234 -1.35282 -0.0455015 0.002981 0.99896 94.0521 
0.998824 0.00262054 0.0484041 -1.85346 -0.00256639 0.999996 -0.00117982 -1.38274 -0.048407 0.00105425 0.998827 95.2316 
0.998694 0.00166391 0.0510576 -1.81438 -0.00164039 0.999999 -0.000501834 -1.39548 -0.0510584 0.000417465 0.998696 96.4074 
0.99858 0.000321482 0.0532702 -1.77222 -0.000183021 0.999997 -0.00260326 -1.41736 -0.0532709 0.00258986 0.998577 97.5764 
0.998451 -0.000232929 0.0556414 -1.7306 0.000589266 0.999979 -0.00638707 -1.43335 -0.0556388 0.00641 0.99843 98.7464 
0.998336 0.000243848 0.0576601 -1.67851 0.000278537 0.999959 -0.00905075 -1.46481 -0.0576599 0.0090518 0.998295 99.9107 
0.998237 0.00085838 0.0593557 -1.6351 -0.000256064 0.999948 -0.0101537 -1.48609 -0.0593614 0.0101206 0.998185 101.105 
0.998224 0.00113086 0.0595585 -1.57346 -0.00056036 0.999954 -0.00959397 -1.51676 -0.0595667 0.0095436 0.998179 102.332 
0.998225 0.00139611 0.0595376 -1.55138 -0.000928659 0.999969 -0.00787755 -1.53463 -0.0595468 0.00780831 0.998195 103.554 
0.998277 0.000831052 0.0586637 -1.51987 -0.0004462 0.999978 -0.00657236 -1.55643 -0.0586679 0.0065349 0.998256 104.77 
0.998337 0.00153288 0.0576192 -1.49551 -0.00119011 0.999981 -0.00598191 -1.58026 -0.0576273 0.00590343 0.998321 105.974 
0.99844 0.00202323 0.0558046 -1.46914 -0.00173292 0.999985 -0.00524939 -1.60689 -0.0558144 0.00514453 0.998428 107.209 
0.998562 0.00273091 0.0535381 -1.46144 -0.00245254 0.999983 -0.00526371 -1.63911 -0.0535516 0.00512488 0.998552 108.474 
0.998719 0.00429143 0.0504106 -1.44924 -0.00400823 0.999976 -0.0057168 -1.66459 -0.0504339 0.00550746 0.998712 109.688 
0.998897 0.00474933 0.0467186 -1.42441 -0.0044863 0.999974 -0.00573238 -1.68031 -0.0467447 0.00551651 0.998892 110.914 
0.99904 0.00544262 0.0434733 -1.42342 -0.00524525 0.999975 -0.00465173 -1.71553 -0.0434976 0.00441928 0.999044 112.149 
0.999207 0.00537993 0.0394616 -1.41022 -0.00524747 0.99998 -0.00345833 -1.74476 -0.0394795 0.00324855 0.999215 113.426 
0.999338 0.00575664 0.0359321 -1.41361 -0.00563751 0.999978 -0.00341472 -1.76121 -0.035951 0.00320993 0.999348 114.671 
0.999475 0.00656286 0.0317139 -1.41474 -0.00646921 0.999974 -0.00305343 -1.79075 -0.0317332 0.0028467 0.999492 115.888 
0.999617 0.00738639 0.0266621 -1.39448 -0.00731303 0.999969 -0.00284639 -1.82968 -0.0266824 0.00265036 0.99964 117.134 
0.999719 0.00806341 0.0222881 -1.39835 -0.00798418 0.999962 -0.00363995 -1.84041 -0.0223166 0.00346102 0.999745 118.392 
0.999805 0.00888347 0.0176399 -1.40498 -0.00881465 0.999953 -0.00397279 -1.86577 -0.0176745 0.00381657 0.999837 119.633 
0.999832 0.0111265 0.0145507 -1.42062 -0.011065 0.99993 -0.00430021 -1.88682 -0.0145975 0.00413853 0.999885 120.89 
0.999835 0.0130658 0.0126058 -1.43296 -0.013014 0.999907 -0.00417541 -1.90937 -0.0126592 0.00401071 0.999912 122.14 
0.999827 0.0142516 0.0119298 -1.44109 -0.0141975 0.999889 -0.00460252 -1.93161 -0.0119941 0.00443239 0.999918 123.412 
0.999806 0.016392 0.010893 -1.45237 -0.0163426 0.999856 -0.00459962 -1.95075 -0.0109669 0.00442075 0.99993 124.665 
0.9998 0.0173427 0.00994771 -1.4633 -0.0173114 0.999845 -0.00322579 -1.98373 -0.0100022 0.00305298 0.999945 125.896 
0.999806 0.0170492 0.00986828 -1.48576 -0.0170191 0.99985 -0.00312193 -1.99613 -0.00992008 0.00295342 0.999946 127.177 
0.99973 0.0212178 0.00942727 -1.50769 -0.0212082 0.999775 -0.0011131 -2.01803 -0.00944881 0.000912902 0.999955 128.441 
0.999714 0.0220684 0.00925005 -1.52478 -0.0220884 0.999754 0.00206121 -2.03918 -0.00920233 -0.00226489 0.999955 129.731 
0.99974 0.0210399 0.00877203 -1.54403 -0.0210554 0.999777 0.00168218 -2.05906 -0.00873472 -0.0018664 0.99996 131.012 
0.999745 0.0209749 0.00833585 -1.55914 -0.0209772 0.99978 0.000192336 -2.08128 -0.00833003 -0.000367108 0.999965 132.304 
0.999805 0.0182695 0.00743727 -1.57461 -0.0182773 0.999833 0.000990033 -2.09196 -0.00741798 -0.00112573 0.999972 133.594 
0.999852 0.0160418 0.00623837 -1.58456 -0.0160608 0.999867 0.00301148 -2.11125 -0.00618927 -0.00311119 0.999976 134.876 
0.999904 0.0126794 0.00559795 -1.5846 -0.0127059 0.999908 0.00472604 -2.12228 -0.00553756 -0.00479667 0.999973 136.146 
0.999926 0.0110789 0.00503825 -1.59393 -0.0111097 0.99992 0.00613593 -2.14212 -0.00496991 -0.00619141 0.999969 137.405 
0.99996 0.00718641 0.00533107 -1.60711 -0.00720854 0.999965 0.00415193 -2.15562 -0.00530109 -0.00419015 0.999977 138.695 
0.999972 0.00468294 0.00578914 -1.6272 -0.00470053 0.999984 0.00303572 -2.16724 -0.00577488 -0.00306281 0.999979 139.974 
0.999976 0.00349457 0.0059929 -1.64138 -0.00351204 0.99999 0.00291384 -2.18692 -0.00598269 -0.00293478 0.999978 141.249 
0.999974 0.00377164 0.00622765 -1.65264 -0.00379086 0.999988 0.003083 -2.20122 -0.00621599 -0.00310649 0.999976 142.53 
0.99997 0.00388665 0.00669845 -1.66135 -0.00392126 0.999979 0.00516735 -2.21856 -0.00667826 -0.00519342 0.999964 143.858 
0.999957 0.00554813 0.0074935 -1.69505 -0.00559738 0.999963 0.00657363 -2.23514 -0.0074568 -0.00661525 0.99995 145.182 
0.999953 0.0055317 0.00795531 -1.70273 -0.00556961 0.999973 0.00475671 -2.24926 -0.00792883 -0.00480075 0.999957 146.465 
0.999948 0.00572376 0.00845867 -1.72295 -0.00575095 0.999978 0.00319887 -2.27161 -0.00844022 -0.0032473 0.999959 147.748 
0.99994 0.00595861 0.00914815 -1.74043 -0.00596233 0.999982 0.000384705 -2.28533 -0.00914574 -0.000439184 0.999958 149.024 
0.999944 0.00440763 0.0096455 -1.7547 -0.00437733 0.999985 -0.00315517 -2.31707 -0.00965931 0.00311281 0.999949 150.312 
0.999937 0.00491335 0.0101422 -1.76806 -0.00484184 0.999963 -0.00705839 -2.33579 -0.0101766 0.00700888 0.999924 151.589 
0.999935 0.00429544 0.0106075 -1.78058 -0.00421531 0.999963 -0.00756105 -2.37118 -0.0106397 0.00751588 0.999915 152.867 
0.999932 0.00396517 0.0109749 -1.79664 -0.00388345 0.999965 -0.0074535 -2.3986 -0.0110041 0.00741041 0.999912 154.129 
0.999927 0.00482984 0.0110798 -1.81147 -0.00475595 0.999966 -0.00668101 -2.43754 -0.0111117 0.00662787 0.999916 155.422 
0.999925 0.00560846 0.0108777 -1.8175 -0.00554196 0.999966 -0.00612987 -2.45877 -0.0109117 0.00606917 0.999922 156.679 
0.999926 0.00561237 0.0108272 -1.82863 -0.00555635 0.999971 -0.00519237 -2.49842 -0.0108561 0.00513187 0.999928 157.936 
0.99993 0.00612852 0.0101735 -1.84365 -0.00607377 0.999967 -0.0053994 -2.53557 -0.0102063 0.00533727 0.999934 159.202 
0.999941 0.00578348 0.00917922 -1.84584 -0.0057344 0.999969 -0.00535964 -2.55765 -0.00920997 0.00530673 0.999944 160.474 
0.99995 0.00536339 0.00841842 -1.85219 -0.00532843 0.999977 -0.00416492 -2.58403 -0.00844061 0.0041199 0.999956 161.748 
0.999952 0.00555425 0.00806706 -1.88529 -0.00552432 0.999978 -0.00372184 -2.61472 -0.00808759 0.00367713 0.999961 163.044 
0.99995 0.00624982 0.00775091 -1.90234 -0.00621479 0.99997 -0.00452933 -2.64551 -0.00777903 0.00448098 0.99996 164.318 
0.999954 0.00648496 0.00706878 -1.91659 -0.00644361 0.999962 -0.00585056 -2.67001 -0.0071065 0.00580478 0.999958 165.593 
0.999956 0.00719503 0.00599329 -1.92682 -0.00715995 0.999957 -0.00584564 -2.69881 -0.00603513 0.00580251 0.999965 166.864 
0.999965 0.00658139 0.00524327 -1.945 -0.00654616 0.999956 -0.00670009 -2.72818 -0.00528718 0.00666557 0.999964 168.133 
0.99996 0.00762578 0.00472477 -1.9651 -0.00758928 0.999942 -0.00768727 -2.7597 -0.00478316 0.00765114 0.999959 169.429 
0.999961 0.00781772 0.00399977 -1.98538 -0.00778762 0.999942 -0.00747522 -2.78816 -0.00405802 0.00744382 0.999964 170.72 
0.999959 0.0084439 0.00340355 -2.00185 -0.00842295 0.999946 -0.0061134 -2.81904 -0.00345503 0.00608453 0.999976 172.018 
0.999962 0.00846711 0.00228324 -2.01987 -0.00845402 0.999948 -0.00566124 -2.85064 -0.0023311 0.00564176 0.999981 173.292 
0.99997 0.00756133 0.00150783 -2.05321 -0.00755299 0.999957 -0.00543516 -2.88072 -0.0015489 0.00542365 0.999984 174.554 
0.999973 0.00735925 -4.65958e-05 -2.05817 -0.00735935 0.999959 -0.00534827 -2.912 7.19221e-06 0.00534851 0.999986 175.843 
0.999973 0.00740374 -0.000267471 -2.09924 -0.00740513 0.999956 -0.00578837 -2.95283 0.000224561 0.00579023 0.999983 177.103 
0.999966 0.00819788 -0.000754805 -2.12738 -0.00820245 0.999946 -0.00632687 -2.98338 0.000702855 0.00633289 0.99998 178.386 
0.99996 0.00887754 -0.000879959 -2.15163 -0.00888286 0.999941 -0.00629035 -3.00748 0.000824022 0.00629796 0.99998 179.696 
0.999963 0.00860285 -0.000705818 -2.18631 -0.00860775 0.999936 -0.00732444 -3.04221 0.00064272 0.00733028 0.999973 180.957 
0.999975 0.00696511 -0.000973255 -2.20802 -0.0069731 0.99994 -0.00851154 -3.07636 0.00091387 0.00851816 0.999963 182.234 
0.999992 0.00369185 -0.00138765 -2.22575 -0.00370317 0.999959 -0.00827455 -3.11342 0.001357 0.00827967 0.999965 183.512 
0.99999 0.00419785 -0.00153735 -2.25356 -0.00420542 0.999979 -0.00498132 -3.13492 0.00151637 0.00498778 0.999986 184.807 
0.999995 0.00280179 -0.00165941 -2.27494 -0.0028029 0.999996 -0.000695626 -3.16047 0.00165741 0.000700315 0.999998 186.079 
0.99999 0.00427946 -0.00152197 -2.29993 -0.00428123 0.99999 -0.00118892 -3.18123 0.00151682 0.00119547 0.999998 187.352 
0.999982 0.00575991 -0.00145849 -2.32502 -0.00576632 0.999973 -0.00445694 -3.20534 0.00143274 0.00446532 0.999989 188.623 
0.999981 0.00584179 -0.00209352 -2.34673 -0.00585471 0.999963 -0.00624035 -3.2357 0.00205695 0.00625253 0.999978 189.878 
0.999983 0.00527521 -0.00242369 -2.37061 -0.00528965 0.999968 -0.00600855 -3.26625 0.00239188 0.00602132 0.999979 191.133 
0.999986 0.00479516 -0.00216746 -2.39595 -0.00480516 0.999978 -0.00465399 -3.29838 0.00214506 0.00466439 0.999987 192.384 
0.999986 0.00518977 -0.00132041 -2.44375 -0.00519328 0.999983 -0.00270587 -3.3232 0.0013063 0.00271273 0.999996 193.643 
0.999989 0.00463149 -0.000548603 -2.46535 -0.00463241 0.999988 -0.00177331 -3.35491 0.000540341 0.00177587 0.999998 194.916 
0.999988 0.00479518 0.000954844 -2.47835 -0.00479299 0.999986 -0.00224718 -3.38163 -0.000965649 0.00224262 0.999997 196.195 
0.999994 0.00260866 0.00237433 -2.49079 -0.0025996 0.999989 -0.00379271 -3.40608 -0.00238424 0.00378655 0.99999 197.431 
0.999989 0.00244267 0.00389367 -2.51671 -0.00242376 0.999985 -0.00484271 -3.44673 -0.00390548 0.00483327 0.999981 198.685 
0.999985 0.00177843 0.0050927 -2.52774 -0.00175267 0.999986 -0.00505012 -3.48391 -0.00510165 0.00504116 0.999974 199.916 
0.999976 0.00214319 0.00652653 -2.54236 -0.00211551 0.999989 -0.00423733 -3.51438 -0.00653559 0.00422346 0.99997 201.163 
0.999963 0.00198203 0.00833583 -2.56552 -0.00196478 0.999996 -0.00207158 -3.54886 -0.00833994 0.00205517 0.999963 202.416 
0.999953 0.00265711 0.00930554 -2.57517 -0.00263986 0.999995 -0.00186118 -3.57521 -0.00931048 0.00183657 0.999955 203.647 
0.999947 0.00188635 0.0101159 -2.57549 -0.00186768 0.999997 -0.00185063 -3.59962 -0.0101194 0.00183168 0.999947 204.88 
0.999943 0.0021529 0.0104917 -2.56945 -0.00213287 0.999996 -0.00191576 -3.62349 -0.0104958 0.00189331 0.999943 206.098 
0.999929 0.00210118 0.0117559 -2.57565 -0.00208122 0.999996 -0.00170625 -3.65278 -0.0117595 0.0016817 0.999929 207.325 
0.99992 0.00225499 0.0124259 -2.57679 -0.00223006 0.999996 -0.00201658 -3.67326 -0.0124304 0.00198875 0.999921 208.541 
0.999905 0.00246626 0.0135628 -2.59294 -0.00243903 0.999995 -0.00202083 -3.69961 -0.0135678 0.0019876 0.999906 209.739 
0.999899 0.00135482 0.0141555 -2.59342 -0.00132837 0.999997 -0.00187525 -3.72541 -0.0141581 0.0018563 0.999898 210.916 
0.999893 0.00130324 0.0145515 -2.59797 -0.00128699 0.999999 -0.00112315 -3.75114 -0.0145529 0.00110434 0.999894 212.101 
0.9999 0.00108445 0.0140682 -2.5931 -0.0010818 0.999999 -0.000192754 -3.77571 -0.0140685 0.000177557 0.999901 213.249 
0.999904 0.00135148 0.0137576 -2.59865 -0.00134848 0.999999 -0.000224619 -3.79897 -0.0137579 0.000206088 0.999905 214.367 
0.999912 0.00220845 0.0131099 -2.58402 -0.00219355 0.999997 -0.00114787 -3.82924 -0.0131124 0.00111905 0.999913 215.525 
0.99991 0.00246727 0.0132045 -2.59659 -0.00244031 0.999995 -0.00205475 -3.85044 -0.0132096 0.00202239 0.999911 216.689 
0.999917 0.00217127 0.012696 -2.60953 -0.00214639 0.999996 -0.00196973 -3.87691 -0.0127002 0.00194236 0.999918 217.798 
0.999931 0.00233458 0.0115303 -2.62084 -0.00231533 0.999996 -0.00167903 -3.90634 -0.0115343 0.00165226 0.999932 218.867 
0.999949 0.00218509 0.00985409 -2.62432 -0.00217267 0.999997 -0.00126638 -3.92645 -0.00985687 0.00124495 0.999951 219.923 
0.99997 0.00103817 0.00771147 -2.63746 -0.00103879 0.999999 8.12567e-05 -3.94373 -0.00771143 -8.92228e-05 0.99997 220.96 
0.999988 0.000892318 0.00491825 -2.64227 -0.000902246 0.999998 0.00202544 -3.9737 -0.00491648 -0.00202981 0.999986 221.99 
0.999997 0.00121444 0.00233157 -2.6469 -0.00121895 0.999997 0.00195138 -3.99659 -0.00232924 -0.00195417 0.999995 223.021 
0.999999 0.00157728 -0.000204895 -2.66155 -0.00157692 0.999998 0.00155741 -4.01595 0.000207309 -0.00155705 0.999999 224.026 
0.999995 0.00148663 -0.00284838 -2.68413 -0.0014816 0.999997 0.00175246 -4.03606 0.00285094 -0.00174819 0.999994 225.009 
0.999983 0.00199502 -0.00553518 -2.70887 -0.00198231 0.999995 0.00229349 -4.05739 0.00553969 -0.00228243 0.999982 225.97 
0.99996 0.00223049 -0.00867661 -2.72255 -0.00220994 0.999995 0.00237214 -4.08094 0.00868181 -0.00235283 0.99996 226.927 
0.999929 0.00222848 -0.0117278 -2.74554 -0.0022055 0.999996 0.00196843 -4.10143 0.0117321 -0.00194238 0.999929 227.843 
0.999883 0.00223424 -0.0151194 -2.77191 -0.00221432 0.999997 0.00133152 -4.12189 0.0151223 -0.00129784 0.999885 228.733 
0.999821 0.00364703 -0.0185643 -2.80935 -0.00362719 0.999993 0.0011001 -4.13937 0.0185681 -0.00103252 0.999827 229.571 
0.99975 0.0039481 -0.0220262 -2.83365 -0.00393894 0.999992 0.000457526 -4.16018 0.0220278 -0.000370609 0.999757 230.422 
0.999676 0.00588011 -0.0247573 -2.86046 -0.00587115 0.999983 0.000433235 -4.17862 0.0247593 -0.000287699 0.999693 231.261 
0.999657 0.00669359 -0.0253159 -2.89612 -0.0066715 0.999977 0.000955345 -4.19635 0.0253217 -0.000786079 0.999679 232.071 
0.999665 0.0067635 -0.024991 -2.92635 -0.00671173 0.999975 0.0021532 -4.21336 0.0250049 -0.0019847 0.999685 232.863 
0.999687 0.00692941 -0.0240618 -2.96399 -0.00686252 0.999972 0.00285963 -4.22919 0.0240809 -0.00269356 0.999706 233.635 
0.999701 0.00692279 -0.0234325 -2.99939 -0.00686706 0.999973 0.00245597 -4.24559 0.0234489 -0.00229428 0.999722 234.385 
0.999707 0.00680946 -0.0232361 -3.03066 -0.00680016 0.999977 0.000477545 -4.26362 0.0232387 -0.000319353 0.99973 235.125 
0.999731 0.00705555 -0.0220802 -3.06553 -0.00709135 0.999974 -0.00154513 -4.2822 0.0220687 0.00170134 0.999755 235.854 
0.999752 0.00677643 -0.0211968 -3.09113 -0.00684235 0.999972 -0.00304096 -4.29815 0.0211756 0.00318529 0.999771 236.589 
0.999772 0.00711371 -0.0201458 -3.11593 -0.00718374 0.999968 -0.00340829 -4.31447 0.0201209 0.00355228 0.999791 237.317 
0.999808 0.00655696 -0.0184944 -3.13668 -0.00662553 0.999971 -0.00365105 -4.32822 0.0184699 0.00377292 0.999822 238.042 
0.999839 0.00655343 -0.0167086 -3.15779 -0.00661483 0.999972 -0.00362494 -4.34253 0.0166843 0.00373492 0.999854 238.77 
0.999866 0.0068185 -0.0149046 -3.17727 -0.00687858 0.999968 -0.00398579 -4.35642 0.0148769 0.00408782 0.999881 239.491 
0.9999 0.00644242 -0.0126115 -3.20334 -0.00649571 0.99997 -0.00419191 -4.3776 0.0125841 0.00427345 0.999912 240.229 
0.999933 0.00655254 -0.00958673 -3.22934 -0.0065908 0.99997 -0.00396916 -4.38806 0.0095604 0.00403212 0.999946 240.954 
0.999966 0.00542333 -0.00622541 -3.24802 -0.00544219 0.999981 -0.00302327 -4.40706 0.00620885 0.00305709 0.999976 241.673 
0.999984 0.00460979 -0.00324337 -3.26375 -0.0046181 0.999986 -0.00257081 -4.42553 0.00323143 0.00258579 0.999991 242.396 
0.99999 0.00444925 -9.31661e-06 -3.27891 -0.00444921 0.999987 -0.00266589 -4.43838 -2.58715e-06 0.00266595 0.999996 243.105 
0.999986 0.0040305 0.00335266 -3.29155 -0.00402071 0.999988 -0.00290686 -4.45888 -0.00336438 0.00289339 0.99999 243.801 
0.999971 0.0040574 0.00651167 -3.30069 -0.00403691 0.999987 -0.0031504 -4.47219 -0.00652441 0.00312407 0.999974 244.503 
0.999943 0.00473403 0.00962335 -3.30814 -0.00469671 0.999981 -0.0038924 -4.48817 -0.00964164 0.00384702 0.999946 245.217 
0.999909 0.00505031 0.0125498 -3.30644 -0.00499241 0.999977 -0.00463705 -4.50153 -0.012573 0.00457402 0.999911 245.928 
0.999853 0.00538497 0.0162967 -3.31599 -0.00532099 0.999978 -0.0039642 -4.5148 -0.0163177 0.00387694 0.999859 246.631 
0.9998 0.00615177 0.0190418 -3.31417 -0.00608028 0.999974 -0.00380775 -4.52532 -0.0190648 0.00369125 0.999811 247.337 
0.999748 0.00583411 0.0216606 -3.3132 -0.00575842 0.999977 -0.00355303 -4.54257 -0.0216809 0.00342744 0.999759 248.038 
0.999682 0.0057588 0.0245565 -3.31376 -0.00563195 0.999971 -0.00523011 -4.55741 -0.0245859 0.00509019 0.999685 248.739 
0.999638 0.00629081 0.02616 -3.3037 -0.00608198 0.999949 -0.0080529 -4.56807 -0.0262094 0.00789092 0.999625 249.455 
0.99962 0.00498407 0.0271084 -3.29473 -0.00473333 0.999946 -0.00930424 -4.58519 -0.0271533 0.00917243 0.999589 250.17 
0.999617 0.00447271 0.027317 -3.28816 -0.00421077 0.999945 -0.0096373 -4.60427 -0.0273586 0.00951862 0.99958 250.885 
0.999607 0.00552533 0.0274841 -3.27971 -0.00525888 0.999939 -0.00975578 -4.62099 -0.0275364 0.00960745 0.999575 251.608 
0.999587 0.00696066 0.0278684 -3.27407 -0.00668362 0.999928 -0.0100202 -4.64589 -0.0279362 0.00982986 0.999561 252.321 
0.999568 0.00783041 0.0283423 -3.27921 -0.00753079 0.999915 -0.0106615 -4.65738 -0.0284234 0.0104435 0.999541 253.113 
0.999561 0.00706242 0.028772 -3.27665 -0.0067195 0.999906 -0.0119964 -4.70604 -0.0288541 0.0117979 0.999514 253.898 
0.999545 0.00367846 0.0299276 -3.2842 -0.0032581 0.999896 -0.0140813 -4.72208 -0.0299763 0.0139775 0.999453 254.644 
0.999523 9.69949e-05 0.0308684 -3.27248 0.000355065 0.999893 -0.0146375 -4.74529 -0.0308665 0.0146416 0.999416 255.4 
0.999484 0.00259902 0.0320309 -3.27026 -0.00226212 0.999942 -0.0105482 -4.77148 -0.0320565 0.0104703 0.999431 256.198 
0.999438 0.00683883 0.0328116 -3.26852 -0.00668268 0.999966 -0.00486487 -4.77839 -0.0328438 0.00464291 0.99945 256.996 
0.999405 0.00561923 0.0340334 -3.26942 -0.00557343 0.999983 -0.00143916 -4.79382 -0.034041 0.00124866 0.99942 257.774 
0.999312 0.00506547 0.0367496 -3.25774 -0.00494259 0.999982 -0.00343252 -4.80871 -0.0367664 0.00324856 0.999319 258.552 
0.999158 0.00609542 0.0405771 -3.23453 -0.00570451 0.999936 -0.00974154 -4.82202 -0.0406339 0.00950191 0.999129 259.349 
0.998953 0.00847797 0.0449508 -3.23944 -0.0078712 0.999876 -0.0136575 -4.82774 -0.0450611 0.0132894 0.998896 260.14 
0.998777 0.0100054 0.0484128 -3.21449 -0.00935901 0.999864 -0.0135587 -4.84592 -0.048542 0.0130891 0.998735 260.971 
0.99864 0.00740136 0.0516153 -3.18085 -0.0068272 0.999913 -0.0112906 -4.86948 -0.0516944 0.0109229 0.998603 261.807 
0.998456 0.00440592 0.0553796 -3.16149 -0.00395524 0.999958 -0.00824429 -4.88628 -0.0554136 0.00801256 0.998431 262.643 
0.998267 0.00210484 0.058806 -3.13206 -0.00170465 0.999975 -0.00685389 -4.89983 -0.058819 0.00674182 0.998246 263.487 
0.998081 0.00233321 0.0618865 -3.09732 -0.00193441 0.999977 -0.00650246 -4.9182 -0.0619003 0.0063703 0.998062 264.321 
0.997896 0.00485455 0.0646519 -3.06896 -0.00433396 0.999957 -0.00818927 -4.94695 -0.0646889 0.00789188 0.997874 265.153 
0.997753 0.00517477 0.0668006 -3.02655 -0.00451805 0.99994 -0.00997781 -4.97436 -0.0668482 0.00965362 0.997716 266.001 
0.997553 0.00606492 0.0696486 -2.98767 -0.00536274 0.999933 -0.0102636 -4.993 -0.0697062 0.00986502 0.997519 266.841 
0.997337 0.00644684 0.0726526 -2.94685 -0.00588121 0.999951 -0.00799605 -5.02081 -0.0727006 0.00754751 0.997325 267.689 
0.997034 0.00811523 0.0765281 -2.90976 -0.00764061 0.99995 -0.006492 -5.04002 -0.076577 0.00588806 0.997046 268.541 
0.996772 0.00909086 0.0797747 -2.85801 -0.00857414 0.99994 -0.00681684 -5.05896 -0.0798319 0.00611088 0.99679 269.407 
0.996525 0.00913243 0.0827985 -2.81825 -0.00856604 0.999937 -0.00719265 -5.07781 -0.082859 0.00645843 0.99654 270.242 
0.996249 0.00781944 0.0861739 -2.7688 -0.0071733 0.999944 -0.00780463 -5.09329 -0.0862301 0.00715724 0.99625 271.086 
0.996035 0.00444072 0.0888572 -2.7192 -0.00382775 0.999968 -0.00706706 -5.11026 -0.0888858 0.00669895 0.996019 271.945 
0.995922 0.00393638 0.0901313 -2.66579 -0.00327329 0.999967 -0.00750301 -5.12492 -0.0901579 0.00717742 0.995902 272.786 
0.99586 0.00276293 0.090858 -2.60429 -0.0021262 0.999973 -0.00710355 -5.15093 -0.0908752 0.006881 0.995839 273.612 
0.995802 0.00267564 0.0914942 -2.54225 -0.00202019 0.999972 -0.00725523 -5.16974 -0.091511 0.00703998 0.995779 274.468 
0.995806 0.00327882 0.0914267 -2.48246 -0.00265375 0.999972 -0.00695715 -5.18447 -0.0914471 0.00668539 0.995788 275.327 
0.995819 0.0050839 0.0912117 -2.42571 -0.00447107 0.999966 -0.00692129 -5.19592 -0.0912438 0.00648457 0.995808 276.191 
0.995942 0.00461874 0.0898804 -2.35987 -0.00394352 0.999963 -0.00768809 -5.21938 -0.0899126 0.00730249 0.995923 277.046 
0.996059 0.00551728 0.0885181 -2.30274 -0.00477778 0.999952 -0.00856339 -5.24067 -0.0885611 0.00810676 0.996038 277.91 
0.996209 0.00620001 0.086774 -2.24468 -0.00541667 0.999943 -0.00925934 -5.26093 -0.0868264 0.00875425 0.996185 278.769 
0.996333 0.00778554 0.0852029 -2.18997 -0.0069585 0.999926 -0.00999893 -5.26886 -0.0852744 0.00936942 0.996313 279.622 
0.996477 0.00878021 0.083411 -2.12973 -0.0079681 0.999918 -0.0100637 -5.2923 -0.0834925 0.00936368 0.996464 280.482 
0.99662 0.0099734 0.0815413 -2.0855 -0.00919981 0.999909 -0.00985689 -5.31188 -0.0816322 0.00907345 0.996621 281.328 
0.996787 0.00997039 0.0794712 -2.05258 -0.00931862 0.99992 -0.00856746 -5.3275 -0.0795503 0.00779941 0.9968 282.168 
0.997068 0.00891008 0.0759979 -2.01187 -0.00845145 0.999944 -0.00635375 -5.34551 -0.0760503 0.00569287 0.997088 283.027 
0.997376 0.00855442 0.0718922 -1.97741 -0.00822542 0.999954 -0.00487055 -5.36207 -0.0719306 0.00426647 0.997401 283.868 
0.99766 0.0079596 0.0679134 -1.9504 -0.00774293 0.999964 -0.00345238 -5.38033 -0.0679385 0.0029185 0.997685 284.686 
0.997961 0.00771985 0.063364 -1.92004 -0.00755566 0.999967 -0.00282976 -5.39767 -0.0633839 0.00234527 0.997987 285.512 
0.998251 0.00692531 0.0587091 -1.88476 -0.00678881 0.999974 -0.00252329 -5.41274 -0.0587251 0.00212035 0.998272 286.333 
0.998517 0.00598792 0.0541195 -1.86043 -0.00587956 0.99998 -0.00216027 -5.43313 -0.0541314 0.00183891 0.998532 287.142 
0.99871 0.00613921 0.0504066 -1.84576 -0.00601197 0.999978 -0.00267459 -5.45114 -0.050422 0.00236813 0.998725 287.918 
0.998877 0.00633747 0.0469506 -1.83362 -0.0062233 0.999977 -0.00257653 -5.46908 -0.0469659 0.00228149 0.998894 288.689 
0.999021 0.00659944 0.0437481 -1.82832 -0.0064929 0.999976 -0.00257606 -5.48704 -0.0437641 0.00228952 0.999039 289.443 
0.999155 0.00568092 0.0407124 -1.82586 -0.00559653 0.999982 -0.00218531 -5.50905 -0.0407241 0.00195566 0.999169 290.163 
0.999322 0.00534076 0.0364419 -1.81108 -0.0052342 0.999982 -0.00301782 -5.52137 -0.0364574 0.00282507 0.999331 290.899 
0.999479 0.00678906 0.0315608 -1.80749 -0.00665196 0.999968 -0.00444587 -5.53773 -0.03159 0.00423365 0.999492 291.589 
0.999635 0.00840383 0.0256729 -1.8224 -0.00825536 0.999949 -0.00588188 -5.56904 -0.0257211 0.00566783 0.999653 292.263 
0.999796 0.00948389 0.0178409 -1.8549 -0.00935158 0.999928 -0.00748293 -5.58782 -0.0179107 0.0073146 0.999813 292.928 
0.999927 0.00965952 0.00728966 -1.87689 -0.00959802 0.999919 -0.00842038 -5.60805 -0.00737044 0.00834984 0.999938 293.61 
0.999932 0.0099827 -0.00602782 -1.90104 -0.0100329 0.999915 -0.00836986 -5.63106 0.00594371 0.00842981 0.999947 294.261 
0.99968 0.0103362 -0.023089 -1.93756 -0.0105248 0.999912 -0.00806529 -5.63722 0.0230035 0.00830575 0.999701 294.882 
0.999005 0.0130807 -0.0426465 -2.00079 -0.0133944 0.999885 -0.00707892 -5.65435 0.042549 0.00764314 0.999065 295.515 
0.997743 0.0147316 -0.0655078 -2.07063 -0.0152187 0.99986 -0.00694233 -5.67023 0.0653963 0.00792364 0.997828 296.138 
0.995692 0.0157981 -0.0913725 -2.14481 -0.0165059 0.999839 -0.00699679 -5.67817 0.0912472 0.00847488 0.995792 296.744 
0.992701 0.0173874 -0.119338 -2.24823 -0.0182052 0.999818 -0.00576616 -5.71402 0.119216 0.0078967 0.992837 297.35 
0.988499 0.0181789 -0.150132 -2.37246 -0.019024 0.99981 -0.00419463 -5.72101 0.150027 0.00700254 0.988657 297.92 
0.982683 0.017845 -0.184433 -2.49546 -0.0184954 0.999827 -0.00180726 -5.73443 0.184369 0.00518718 0.982843 298.474 
0.975203 0.017705 -0.220604 -2.65405 -0.018084 0.999836 0.000301469 -5.74106 0.220573 0.00369545 0.975363 299.025 
0.965751 0.0189812 -0.258775 -2.81832 -0.018765 0.999818 0.00330536 -5.75007 0.258791 0.00166381 0.965932 299.56 
0.954205 0.0204018 -0.298456 -3.01353 -0.0195116 0.999792 0.00596217 -5.74764 0.298516 0.000134262 0.954405 300.09 
0.940394 0.0205203 -0.339467 -3.20315 -0.0186611 0.999788 0.0087404 -5.75759 0.339574 -0.00188452 0.940577 300.585 
0.924519 0.0205003 -0.380584 -3.43334 -0.0175532 0.999783 0.0112132 -5.76825 0.380731 -0.00368628 0.924678 301.056 
0.905581 0.020359 -0.423684 -3.66173 -0.0161673 0.999778 0.0134857 -5.78144 0.423864 -0.00536252 0.90571 301.54 
0.883271 0.0194423 -0.468459 -3.90148 -0.0140956 0.999789 0.0149169 -5.78121 0.468651 -0.00657238 0.883359 302.023 
0.858137 0.018747 -0.513079 -4.17175 -0.0117765 0.999789 0.016834 -5.78699 0.513286 -0.00840351 0.858176 302.467 
0.829928 0.0189468 -0.557548 -4.45729 -0.0100485 0.999769 0.019017 -5.78846 0.557779 -0.0101802 0.829927 302.888 
0.798838 0.0201617 -0.601209 -4.79789 -0.0102822 0.99975 0.0198647 -5.77834 0.601459 -0.00968682 0.798845 303.277 
0.764231 0.0194175 -0.64465 -5.13082 -0.00791473 0.999754 0.0207306 -5.78212 0.644894 -0.0107407 0.764196 303.654 
0.727113 0.0186213 -0.686266 -5.48958 -0.0035096 0.99972 0.0234081 -5.7874 0.686509 -0.0146118 0.726974 303.938 
0.685158 0.0176996 -0.728179 -5.85449 0.00335046 0.999618 0.0274498 -5.78723 0.728387 -0.0212472 0.684837 304.216 
0.638962 0.0181294 -0.769025 -6.25576 0.00789445 0.999515 0.0301224 -5.773 0.769198 -0.025318 0.638509 304.465 
0.589522 0.0218157 -0.807458 -6.66324 0.00740123 0.999447 0.0324065 -5.76202 0.807719 -0.0250805 0.589035 304.67 
0.537684 0.0281665 -0.842676 -7.08153 0.00306333 0.99937 0.0353587 -5.75646 0.843141 -0.0215931 0.537259 304.847 
0.482967 0.0317772 -0.875062 -7.49135 0.0011479 0.999317 0.036923 -5.73724 0.875638 -0.018837 0.482601 305.014 
0.426128 0.0343518 -0.904011 -7.91206 0.00116489 0.999257 0.0385201 -5.73221 0.904662 -0.0174675 0.425771 305.158 
0.367512 0.0365662 -0.9293 -8.31787 0.00350455 0.999165 0.0407012 -5.72729 0.930012 -0.0182149 0.367077 305.291 
0.308117 0.0403853 -0.950491 -8.72297 0.00626578 0.998991 0.0444772 -5.72613 0.951328 -0.0196597 0.307553 305.397 
0.247734 0.0435718 -0.967848 -9.14364 0.00939687 0.998833 0.047372 -5.70374 0.968783 -0.0208303 0.247035 305.477 
0.183281 0.0472638 -0.981924 -9.55929 0.0126967 0.998646 0.0504387 -5.69728 0.982979 -0.0217116 0.182433 305.554 
0.117755 0.0512437 -0.99172 -9.99957 0.0141281 0.99848 0.0532706 -5.6787 0.992942 -0.020284 0.116852 305.58 
0.0508985 0.0563744 -0.997112 -10.4468 0.0172878 0.998206 0.0573188 -5.65015 0.998554 -0.0201553 0.0498326 305.582 
-0.0172403 0.062911 -0.99787 -10.9194 0.0202095 0.997837 0.0625597 -5.62345 0.999647 -0.0190878 -0.0184744 305.544 
-0.086031 0.0695852 -0.993859 -11.3964 0.0238009 0.997417 0.067774 -5.59291 0.996008 -0.017824 -0.0874649 305.477 
-0.154425 0.0763174 -0.985053 -11.88 0.0273012 0.996961 0.0729601 -5.57209 0.987627 -0.0156262 -0.156039 305.374 
-0.22164 0.0822023 -0.971658 -12.3613 0.0323426 0.996512 0.0769275 -5.54317 0.974592 -0.0143757 -0.223526 305.235 
-0.286922 0.0865555 -0.954036 -12.8509 0.0373125 0.996164 0.079156 -5.51115 0.957227 -0.0128859 -0.289051 305.053 
-0.348966 0.0882388 -0.932972 -13.3273 0.0415708 0.996035 0.0786542 -5.46861 0.936213 -0.0113367 -0.351251 304.826 
-0.40857 0.089083 -0.908369 -13.7977 0.0461671 0.995969 0.0769085 -5.43356 0.911559 -0.0105143 -0.411035 304.569 
-0.465153 0.0886399 -0.880781 -14.2773 0.0490376 0.996027 0.0743405 -5.38903 0.883871 -0.00861163 -0.467651 304.278 
-0.516938 0.0883233 -0.851454 -14.7471 0.051519 0.99607 0.0720462 -5.34296 0.854471 -0.00662258 -0.519457 303.944 
-0.563907 0.0883768 -0.821096 -15.2293 0.0539156 0.996076 0.0701825 -5.29955 0.824077 -0.00469349 -0.566459 303.576 
-0.60496 0.0884901 -0.791324 -15.6948 0.0550872 0.996076 0.0692729 -5.25523 0.794348 -0.0016845 -0.60746 303.174 
-0.64233 0.0919442 -0.760893 -16.1556 0.0598253 0.995764 0.0698221 -5.21275 0.76409 -0.000671822 -0.64511 302.741 
-0.679171 0.0992111 -0.727244 -16.6282 0.0689657 0.995065 0.0713405 -5.17299 0.730733 -0.00170245 -0.682662 302.273 
-0.71481 0.104893 -0.691407 -17.0906 0.0758048 0.994483 0.0725018 -5.1308 0.695198 -0.000586941 -0.718818 301.762 
-0.747558 0.106085 -0.65567 -17.529 0.0787953 0.994356 0.0710451 -5.08673 0.659506 0.00144659 -0.751698 301.21 
-0.777881 0.102738 -0.619956 -17.9495 0.0788168 0.994706 0.0659465 -5.04442 0.623449 0.00243561 -0.78186 300.629 
-0.80517 0.100391 -0.584485 -18.3568 0.0806334 0.994948 0.059813 -5.0096 0.587536 0.0010306 -0.809197 300.006 
-0.830342 0.0955016 -0.549009 -18.7587 0.0795313 0.995429 0.0528714 -4.96835 0.551549 0.000237995 -0.834142 299.335 
-0.852835 0.0936749 -0.51371 -19.134 0.0806639 0.995603 0.0476338 -4.93725 0.515913 -0.000814099 -0.856641 298.633 
-0.873839 0.0924477 -0.477346 -19.508 0.0803853 0.995716 0.0456856 -4.90888 0.479525 0.0015502 -0.877527 297.889 
-0.893494 0.0889375 -0.440181 -19.8578 0.0780238 0.996029 0.04287 -4.87836 0.442245 0.00395955 -0.896885 297.113 
-0.911224 0.0888047 -0.402224 -20.1972 0.0794473 0.996039 0.0399247 -4.84647 0.404176 0.00442479 -0.914671 296.292 
-0.926958 0.0922666 -0.363643 -20.5047 0.0838013 0.995718 0.0390251 -4.83023 0.365687 0.00570085 -0.930721 295.431 
-0.940858 0.0958052 -0.324974 -20.7822 0.0884719 0.99538 0.037305 -4.80189 0.327047 0.00634756 -0.944987 294.552 
-0.952995 0.0969833 -0.287046 -21.0213 0.0898049 0.99523 0.0381023 -4.78083 0.289372 0.0105332 -0.957159 293.641 
-0.963052 0.0998695 -0.250112 -21.2315 0.0934232 0.994918 0.0375456 -4.7545 0.252591 0.0127921 -0.967489 292.694 
-0.971892 0.0990354 -0.213583 -21.4249 0.0936162 0.99498 0.0353654 -4.72849 0.216013 0.0143766 -0.976285 291.721 
-0.978924 0.0979605 -0.179194 -21.5839 0.0939381 0.995101 0.0308177 -4.712 0.181336 0.013335 -0.983331 290.724 
-0.984493 0.0966669 -0.146388 -21.7027 0.0937733 0.995239 0.0265569 -4.69603 0.148259 0.0124177 -0.988871 289.692 
