1 2.12261e-08 -2.11895e-08 0 2.12261e-08 1 2.10703e-08 0 -2.11895e-08 2.10703e-08 1 0 
0.999978 0.000302284 -0.00660038 -0.00694587 -0.000300939 1 0.000198409 -0.000370993 0.0066004 -0.000196376 0.999978 0.0965503 
0.999906 0.000759522 -0.0136851 -0.0177792 -0.000756343 1 0.000234436 -0.00156272 0.0136852 -0.000224021 0.999906 0.194918 
0.999773 0.0011211 -0.021264 -0.0308976 -0.00113329 0.999999 -0.000563251 -0.000483422 0.0212633 0.000587264 0.999774 0.296895 
0.999542 0.00172241 -0.0302178 -0.051513 -0.00178093 0.999997 -0.00191116 -0.0027717 0.0302144 0.00196414 0.999542 0.404836 
0.999131 0.00196994 -0.0416315 -0.0728552 -0.00212516 0.999991 -0.00368552 0.00173649 0.0416238 0.00377084 0.999126 0.525344 
0.99846 0.00186643 -0.055448 -0.092657 -0.00211566 0.999988 -0.00443718 -0.00102095 0.055439 0.0045477 0.998452 0.655438 
0.997435 0.00168749 -0.0715638 -0.125253 -0.00201613 0.999988 -0.00452088 -0.000377412 0.0715553 0.00465361 0.997426 0.795473 
0.995932 0.000388711 -0.0901123 -0.159693 -0.00079778 0.99999 -0.00450402 -0.000573968 0.0901096 0.00455763 0.995921 0.951341 
0.993913 -0.000876639 -0.110161 -0.199132 0.000380243 0.99999 -0.00452738 -0.00514962 0.110164 0.00445798 0.993903 1.1195 
0.991214 -0.000861075 -0.132268 -0.249111 0.000206888 0.999988 -0.00495987 -0.00656162 0.132271 0.00488897 0.991202 1.29175 
0.987642 0.00248741 -0.15671 -0.304393 -0.00353545 0.999973 -0.00640966 -0.0117641 0.15669 0.00688453 0.987624 1.46827 
0.983257 0.00662666 -0.182102 -0.375504 -0.00822184 0.999934 -0.00800651 -0.0172945 0.182037 0.00936972 0.983247 1.65259 
0.977846 0.00955548 -0.209108 -0.454018 -0.0116303 0.999895 -0.00869495 -0.0256938 0.209003 0.0109344 0.977854 1.83982 
0.971091 0.0102288 -0.238492 -0.537657 -0.0126954 0.999881 -0.00880882 -0.0296824 0.238373 0.011582 0.971105 2.03471 
0.962992 0.0122344 -0.269252 -0.634691 -0.0149946 0.999854 -0.00819712 -0.0350574 0.269112 0.0119311 0.963035 2.23425 
0.953392 0.0141407 -0.301402 -0.73942 -0.0171965 0.999824 -0.00748788 -0.0334273 0.301243 0.012322 0.953468 2.438 
0.94194 0.0157658 -0.335411 -0.846461 -0.0190966 0.999796 -0.0066345 -0.0323857 0.335238 0.0126545 0.942049 2.64492 
0.929353 0.0180602 -0.36875 -0.973238 -0.0219466 0.999739 -0.00634769 -0.031323 0.368539 0.0139921 0.929507 2.85005 
0.915259 0.0209047 -0.402324 -1.10029 -0.0252694 0.999665 -0.00554374 -0.033262 0.402074 0.0152405 0.91548 3.04951 
0.898972 0.0216189 -0.437472 -1.23395 -0.0263203 0.999643 -0.00468614 -0.0364507 0.437214 0.0157272 0.89922 3.24827 
0.880044 0.0167153 -0.474598 -1.36952 -0.0219886 0.999743 -0.0055624 -0.0330348 0.474383 0.0153309 0.880185 3.45414 
0.858391 0.0116072 -0.512865 -1.52258 -0.0171034 0.999836 -0.00599784 -0.0328245 0.512711 0.0139203 0.858448 3.65961 
0.832779 0.0133231 -0.553446 -1.69282 -0.0178273 0.999837 -0.00275596 -0.0365307 0.553319 0.0121616 0.832881 3.85682 
0.802953 0.0185496 -0.595754 -1.88796 -0.0224103 0.999748 0.000924027 -0.0398559 0.595621 0.0126091 0.803166 4.0502 
0.769449 0.0215256 -0.638345 -2.07826 -0.0256395 0.999667 0.00280434 -0.0435173 0.638193 0.0142091 0.769745 4.22135 
0.732704 0.0212281 -0.680216 -2.29931 -0.0253366 0.999671 0.00390593 -0.0470524 0.680076 0.0143725 0.733001 4.39668 
0.691989 0.017208 -0.721703 -2.52819 -0.0190891 0.999803 0.00553572 -0.0518006 0.721656 0.00994608 0.69218 4.57817 
0.648447 0.0134769 -0.76114 -2.78253 -0.013544 0.999889 0.00616546 -0.0483981 0.761139 0.00631097 0.648558 4.75238 
0.603171 0.013004 -0.797506 -3.06044 -0.0108093 0.999909 0.00812906 -0.0451957 0.797539 0.00371733 0.603256 4.90595 
0.555029 0.0136856 -0.831719 -3.3472 -0.00872088 0.999905 0.0106333 -0.0399326 0.831785 0.00135158 0.555096 5.03652 
0.503817 0.0145303 -0.863688 -3.65219 -0.00760286 0.999894 0.0123868 -0.0371587 0.863777 0.000325894 0.503874 5.15407 
0.450732 0.0157484 -0.892521 -3.97372 -0.0065261 0.999876 0.0143469 -0.0313983 0.892636 -0.000641885 0.450778 5.2638 
0.396292 0.017971 -0.917949 -4.3211 -0.00542402 0.999837 0.0172326 -0.0273751 0.918109 -0.0018501 0.396324 5.35557 
0.340801 0.0199211 -0.939924 -4.68312 -0.00504813 0.9998 0.0193597 -0.0226727 0.940122 -0.0018529 0.340833 5.42922 
0.28563 0.0230575 -0.958062 -5.05195 -0.00273343 0.999726 0.0232452 -0.0244534 0.958336 -0.0040207 0.285615 5.48973 
0.232011 0.025038 -0.972391 -5.44975 0.00128328 0.99966 0.0260463 -0.0207603 0.972712 -0.00729083 0.231899 5.53955 
0.180669 0.0251786 -0.983222 -5.87258 0.00424489 0.999643 0.0263791 -0.0103247 0.983535 -0.00893951 0.180498 5.57815 
0.133357 0.0260661 -0.990725 -6.30242 0.00211216 0.999644 0.0265851 -0.00405305 0.991066 -0.00563783 0.133254 5.58828 
0.0906289 0.0259708 -0.995546 -6.75884 -0.000443456 0.999661 0.0260377 0.012334 0.995885 -0.00191825 0.0906097 5.58672 
0.0526907 0.0246667 -0.998306 -7.20491 -0.00165485 0.999696 0.0246137 0.0191671 0.99861 0.000355179 0.0527154 5.57117 
0.017929 0.0220157 -0.999597 -7.6739 -0.000747542 0.999758 0.0220059 0.0263199 0.999839 0.000352741 0.0179411 5.55137 
-0.0135934 0.0191067 -0.999725 -8.15858 -0.000309312 0.999817 0.0191126 0.0332413 0.999908 0.000569074 -0.013585 5.51652 
-0.0403054 0.0173936 -0.999036 -8.66124 -0.000614317 0.999848 0.0174325 0.0361414 0.999187 0.00131639 -0.0402886 5.46953 
-0.0610385 0.0147697 -0.998026 -9.17663 -0.00126624 0.999889 0.0148747 0.0479216 0.998135 0.00217171 -0.061013 5.41133 
-0.077589 0.013974 -0.996888 -9.70386 -0.000760786 0.999901 0.0140754 0.057691 0.996985 0.00185055 -0.0775706 5.35156 
-0.0905087 0.0139609 -0.995798 -10.2425 2.18549e-05 0.999902 0.0140164 0.0753052 0.995896 0.00124689 -0.0905001 5.28285 
-0.100443 0.0150188 -0.994829 -10.7949 -0.00122923 0.999883 0.0152192 0.0733163 0.994942 0.00275158 -0.100413 5.21201 
-0.106961 0.0162277 -0.994131 -11.3743 -0.00273128 0.999858 0.0166151 0.0747972 0.994259 0.00449247 -0.106902 5.12422 
-0.111631 0.0171557 -0.993602 -11.9652 -0.00286029 0.999841 0.0175848 0.0802938 0.993746 0.00480503 -0.111564 5.04604 
-0.113116 0.0177165 -0.993424 -12.5686 -0.00046334 0.99984 0.0178837 0.0906201 0.993582 0.00248326 -0.113089 4.96879 
-0.112299 0.0199428 -0.993474 -13.1891 0.00228651 0.999801 0.0198114 0.0998332 0.993672 -4.6765e-05 -0.112322 4.88836 
-0.111182 0.0224321 -0.993547 -13.8272 0.00182047 0.999748 0.0223684 0.104418 0.993798 0.000678287 -0.111195 4.81084 
-0.109545 0.0223586 -0.99373 -14.4819 -0.000219232 0.999746 0.0225181 0.109464 0.993982 0.00268465 -0.109512 4.7261 
-0.107774 0.0195731 -0.993983 -15.1429 -0.00211573 0.999799 0.019917 0.117828 0.994173 0.00424958 -0.107711 4.63732 
-0.106701 0.0193165 -0.994104 -15.822 -0.00262532 0.999802 0.019709 0.128325 0.994288 0.00471285 -0.106629 4.55579 
-0.105126 0.0217607 -0.994221 -16.523 -0.00202919 0.999754 0.0220964 0.142299 0.994457 0.0043404 -0.105056 4.47354 
-0.103135 0.0250486 -0.994352 -17.2439 -0.00282921 0.999671 0.0254761 0.154617 0.994663 0.00544075 -0.10303 4.38247 
-0.101297 0.0275434 -0.994475 -17.9773 -0.00369417 0.999599 0.0280616 0.152359 0.994849 0.00651635 -0.101154 4.29094 
-0.0997407 0.0267148 -0.994655 -18.712 -0.00505115 0.999613 0.0273545 0.16722 0.995001 0.00775255 -0.0995671 4.20555 
-0.0977755 0.0234487 -0.994932 -19.469 -0.0071737 0.99968 0.0242656 0.181355 0.995183 0.00950997 -0.097576 4.10765 
-0.0964261 0.0229016 -0.995077 -20.2355 -0.00791318 0.999686 0.0237745 0.18976 0.995309 0.0101667 -0.0962146 4.02109 
-0.0951256 0.0253066 -0.995144 -21.0189 -0.00470443 0.999654 0.025871 0.203331 0.995454 0.00714262 -0.0949737 3.9361 
-0.0941961 0.0273277 -0.995179 -21.8093 -0.00248109 0.999614 0.0276843 0.215379 0.995551 0.00507692 -0.0940919 3.85417 
-0.0929282 0.0292053 -0.995244 -22.6118 -0.00141848 0.999565 0.0294646 0.224917 0.995672 0.00414986 -0.0928463 3.76366 
-0.0925469 0.0246902 -0.995402 -23.4158 -0.000623655 0.999691 0.0248546 0.230867 0.995708 0.00292104 -0.0925029 3.67594 
-0.0920466 0.0176214 -0.995599 -24.2186 0.000944774 0.999845 0.0176092 0.237317 0.995754 0.00068029 -0.0920489 3.58437 
-0.092354 0.013183 -0.995639 -25.0229 0.00429842 0.999908 0.0128408 0.244599 0.995717 -0.00309373 -0.0924022 3.50224 
-0.0931019 0.0138758 -0.99556 -25.8532 0.00551227 0.999895 0.0134208 0.252008 0.995641 -0.00423825 -0.0931686 3.41614 
-0.0935554 0.0214113 -0.995384 -26.6984 0.00544745 0.999765 0.0209935 0.252828 0.995599 -0.00345821 -0.09365 3.32879 
-0.0936829 0.0284893 -0.995194 -27.5468 0.00424712 0.999593 0.0282154 0.260308 0.995593 -0.00158337 -0.0937657 3.23114 
-0.0940417 0.0336113 -0.995001 -28.3923 0.00221446 0.999435 0.0335518 0.271479 0.995566 0.000951923 -0.094063 3.13213 
-0.0945568 0.0337216 -0.994948 -29.2275 0.000810564 0.999428 0.0337964 0.283883 0.995519 0.00238925 -0.0945301 3.0369 
-0.0949629 0.0301853 -0.995023 -30.0632 0.00130878 0.999543 0.0301975 0.299346 0.99548 0.00156541 -0.094959 2.94242 
-0.0953402 0.0274871 -0.995065 -30.8971 0.00115788 0.999621 0.0275021 0.311667 0.995444 0.00146993 -0.0953359 2.84878 
-0.0951962 0.0285362 -0.995049 -31.7463 -0.000594003 0.999587 0.0287232 0.326653 0.995458 0.00332544 -0.09514 2.74086 
-0.095081 0.0308454 -0.994992 -32.581 -0.00149303 0.999514 0.0311283 0.334122 0.995468 0.0044453 -0.0949888 2.64462 
-0.0949217 0.0292046 -0.995056 -33.419 -0.00247138 0.99956 0.0295725 0.339958 0.995482 0.00526627 -0.0948078 2.54629 
-0.0944428 0.0244938 -0.995229 -34.2431 -0.00340089 0.999684 0.0249261 0.340988 0.995525 0.0057388 -0.0943296 2.45002 
-0.0944615 0.0200465 -0.995327 -35.0706 -0.00453791 0.999778 0.0205668 0.352955 0.995518 0.00645952 -0.0943496 2.36007 
-0.0940959 0.0207619 -0.995347 -35.9014 -0.0038331 0.999768 0.0212164 0.361427 0.995556 0.00581168 -0.0939944 2.26675 
-0.0938036 0.0232561 -0.995319 -36.7368 -0.00219112 0.99972 0.0235654 0.365654 0.995588 0.00439142 -0.0937264 2.17578 
-0.0933671 0.0283621 -0.995228 -37.5839 -0.00194991 0.999587 0.0286693 0.368917 0.99563 0.00461741 -0.0932732 2.08099 
-0.0928943 0.0338016 -0.995102 -38.4255 -0.000953397 0.99942 0.0340373 0.383339 0.995676 0.00411064 -0.0928082 1.98915 
-0.0931303 0.0370431 -0.994965 -39.2671 -0.00105428 0.999303 0.0373033 0.394715 0.995653 0.00452307 -0.0930263 1.89594 
-0.0929609 0.0366149 -0.994996 -40.0932 -0.000605987 0.999321 0.0368306 0.412933 0.99567 0.00402681 -0.0928756 1.80717 
-0.0929797 0.0324047 -0.995141 -40.92 -0.000579461 0.999468 0.0325998 0.422496 0.995668 0.0036078 -0.0929114 1.71654 
-0.0928918 0.0281968 -0.995277 -41.7422 -0.00137506 0.999594 0.0284474 0.432167 0.995675 0.00401114 -0.0928154 1.62885 
-0.0926698 0.0253471 -0.995374 -42.5691 -0.00539839 0.999648 0.0259585 0.440767 0.995682 0.00777903 -0.0925004 1.52712 
-0.0931123 0.0231603 -0.995386 -43.3975 -0.00856573 0.999674 0.0240613 0.452756 0.995619 0.0107667 -0.0928835 1.4295 
-0.0940479 0.0211369 -0.995343 -44.2264 -0.00645695 0.999741 0.0218404 0.457892 0.995547 0.00848096 -0.093887 1.33913 
-0.0948838 0.0177356 -0.99533 -45.0461 -0.00275736 0.999833 0.0180787 0.460038 0.995485 0.00445991 -0.0948191 1.24448 
-0.0959475 0.0164741 -0.99525 -45.8678 0.00125575 0.999864 0.0164294 0.463489 0.995386 0.000326609 -0.0959552 1.15711 
-0.0983677 0.0196889 -0.994955 -46.6872 0.00197789 0.999806 0.0195893 0.470464 0.995148 -4.09192e-05 -0.0983876 1.06872 
-0.100317 0.0257302 -0.994623 -47.5217 0.00473507 0.999667 0.0253832 0.475489 0.994944 -0.00216322 -0.100405 0.974822 
-0.102662 0.0297284 -0.994272 -48.3409 0.00643201 0.999552 0.0292222 0.476953 0.994696 -0.00339512 -0.102807 0.882773 
-0.104199 0.0285096 -0.994148 -49.1461 0.00666326 0.999587 0.0279672 0.487774 0.994534 -0.00371008 -0.104346 0.786632 
-0.105173 0.0245768 -0.99415 -49.9422 0.00341496 0.999698 0.0243526 0.491484 0.994448 -0.000833697 -0.105226 0.67969 
-0.106263 0.0207087 -0.994122 -50.7326 -0.00133143 0.999779 0.0209689 0.496865 0.994337 0.00355186 -0.106212 0.570697 
-0.107875 0.019154 -0.99398 -51.5257 -0.00521626 0.99979 0.019832 0.500437 0.994151 0.00732429 -0.107753 0.463228 
-0.108867 0.0201021 -0.993853 -52.3225 -0.00676411 0.999757 0.0209625 0.504124 0.994033 0.00900468 -0.108704 0.355102 
-0.109944 0.0215334 -0.993705 -53.1114 -0.00598793 0.999733 0.0223265 0.506717 0.99392 0.00840493 -0.109785 0.253718 
-0.111194 0.0208686 -0.99358 -53.8888 -0.00814178 0.999727 0.0219089 0.50751 0.993765 0.0105257 -0.110994 0.152222 
-0.111778 0.0205123 -0.993521 -54.6708 -0.0079898 0.999736 0.0215396 0.514888 0.993701 0.0103457 -0.111585 0.0392407 
-0.112421 0.0224946 -0.993406 -55.4418 -0.00663529 0.999704 0.0233882 0.513476 0.993639 0.0092209 -0.112239 -0.0562957 
-0.112664 0.0253956 -0.993309 -56.2195 -0.00558497 0.999641 0.026191 0.517921 0.993617 0.00849843 -0.112482 -0.16195 
-0.112919 0.0293654 -0.99317 -56.9864 -0.00578148 0.999527 0.0302107 0.526612 0.993587 0.0091534 -0.112696 -0.2616 
-0.113796 0.031339 -0.99301 -57.75 -0.00542086 0.999468 0.032164 0.53369 0.993489 0.00904315 -0.113566 -0.361275 
-0.114572 0.031464 -0.992917 -58.5014 -0.00527786 0.999465 0.0322805 0.537277 0.993401 0.00893895 -0.114345 -0.461382 
-0.115107 0.0295106 -0.992915 -59.2503 -0.00422859 0.999535 0.0301976 0.545459 0.993344 0.00767461 -0.114929 -0.560474 
-0.115444 0.0261187 -0.992971 -59.9921 -0.00373548 0.999636 0.0267283 0.548711 0.993307 0.00679488 -0.115304 -0.662112 
-0.115878 0.023544 -0.992984 -60.7104 -0.00383268 0.999701 0.0241505 0.550207 0.993256 0.00660434 -0.115753 -0.746546 
-0.114697 0.0208227 -0.993182 -61.4336 -0.00445862 0.999759 0.0214755 0.559967 0.993391 0.00689143 -0.114576 -0.848389 
-0.112652 0.0200017 -0.993433 -62.1361 -0.00672473 0.999759 0.0208916 0.561526 0.993612 0.00903409 -0.112491 -0.945881 
-0.109132 0.0209875 -0.993806 -62.8083 -0.00684627 0.999738 0.0218646 0.560287 0.994004 0.00919002 -0.108959 -1.02461 
-0.103562 0.0223791 -0.994371 -63.4744 -0.00609604 0.999714 0.0231342 0.565694 0.994604 0.00845759 -0.103396 -1.10182 
-0.096578 0.0239761 -0.995037 -64.1262 -0.00541902 0.999682 0.024614 0.565071 0.995311 0.00776934 -0.0964174 -1.17195 
-0.0877559 0.0253973 -0.995818 -64.7647 -0.00618547 0.999642 0.0260399 0.565595 0.996123 0.0084448 -0.0875674 -1.24036 
-0.0763394 0.0267794 -0.996722 -65.3838 -0.00817094 0.999589 0.0274822 0.57181 0.997048 0.0102422 -0.0760892 -1.29401 
-0.061922 0.0281092 -0.997685 -65.9864 -0.0111317 0.999522 0.0288519 0.577161 0.998019 0.0128925 -0.0615795 -1.33245 
-0.0435726 0.0293841 -0.998618 -66.5744 -0.0125495 0.999472 0.0299568 0.580171 0.998971 0.0138374 -0.0431809 -1.35908 
-0.02185 0.0299786 -0.999312 -67.1326 -0.0134225 0.999451 0.0302762 0.587131 0.999671 0.0140748 -0.0214357 -1.36283 
0.00384685 0.0302136 -0.999536 -67.6775 -0.0123241 0.999469 0.0301642 0.591598 0.999917 0.0122024 0.00421717 -1.35671 
0.0332041 0.03006 -0.998996 -68.1928 -0.0109486 0.999499 0.0297112 0.593454 0.999389 0.00995114 0.0335165 -1.32667 
0.0671023 0.0297338 -0.997303 -68.6849 -0.00958026 0.999529 0.0291555 0.603371 0.9977 0.00759807 0.0673556 -1.27131 
0.104729 0.0299156 -0.994051 -69.1557 -0.00881513 0.999536 0.0291519 0.606577 0.994462 0.00570969 0.104944 -1.19983 
0.145655 0.0296956 -0.98889 -69.615 -0.00853148 0.99955 0.0287591 0.610776 0.989299 0.00424783 0.145843 -1.11029 
0.191349 0.0307647 -0.98104 -70.0575 -0.00711949 0.999526 0.0299557 0.611266 0.981496 0.00125256 0.191477 -1.00611 
0.24008 0.0294111 -0.970307 -70.4802 -0.00341229 0.99956 0.0294534 0.610634 0.970747 -0.00376018 0.240075 -0.872235 
0.290812 0.0248933 -0.956456 -70.8848 0.00413955 0.999619 0.0272753 0.611621 0.956771 -0.0118912 0.290599 -0.717733 
0.342912 0.01954 -0.939164 -71.2736 0.00944379 0.999661 0.0242469 0.617455 0.93932 -0.0171838 0.342612 -0.547905 
0.395938 0.0150148 -0.918154 -71.6564 0.0144142 0.999642 0.0225633 0.624261 0.918164 -0.022168 0.39558 -0.34883 
0.447948 0.0145378 -0.893941 -72.034 0.01407 0.999629 0.0233069 0.632466 0.893949 -0.023018 0.447578 -0.135719 
0.49693 0.0136082 -0.867684 -72.3974 0.015236 0.999586 0.0244026 0.637845 0.867657 -0.0253463 0.496517 0.098276 
0.542563 0.00922438 -0.839964 -72.7373 0.0232618 0.999391 0.0260008 0.645138 0.839693 -0.0336462 0.542018 0.361398 
0.587044 0.00286297 -0.80955 -73.0571 0.0336586 0.999043 0.0279405 0.648909 0.808855 -0.0436506 0.586385 0.647531 
0.630586 -0.00199493 -0.776117 -73.3624 0.0349034 0.999058 0.0257906 0.649707 0.775334 -0.0433523 0.630062 0.933038 
0.672955 -0.00645696 -0.739655 -73.6468 0.0314839 0.999306 0.0199211 0.648764 0.739013 -0.0366932 0.672691 1.20838 
0.71466 -0.0131827 -0.699348 -73.9346 0.0274935 0.999579 0.0092534 0.655024 0.698932 -0.0258405 0.714721 1.52384 
0.755026 -0.015925 -0.655502 -74.2068 0.0224733 0.999746 0.00159718 0.658908 0.65531 -0.0159371 0.755192 1.86494 
0.793111 -0.0175368 -0.608825 -74.4773 0.0214672 0.999769 -0.000832589 0.663219 0.608699 -0.0124094 0.793304 2.24748 
0.828073 -0.0193968 -0.560285 -74.733 0.0218307 0.999759 -0.00234659 0.67016 0.560195 -0.0102882 0.828297 2.6561 
0.859529 -0.0175677 -0.510785 -74.9624 0.0181914 0.999827 -0.00377585 0.662758 0.510764 -0.00604639 0.8597 3.08406 
0.886346 -0.0159576 -0.462748 -75.1803 0.0171741 0.999851 -0.00158405 0.655422 0.462705 -0.00654321 0.886488 3.52655 
0.908136 -0.0096792 -0.418564 -75.3777 0.0105286 0.999945 -0.000280121 0.648607 0.418543 -0.00415247 0.908187 3.99792 
0.926331 -0.00567187 -0.376668 -75.5808 0.00550207 0.999984 -0.00152672 0.645118 0.376671 -0.000658158 0.926347 4.49965 
0.940167 -0.000709208 -0.340712 -75.7578 0.000780895 1 7.31716e-05 0.644307 0.340712 -0.000334806 0.940168 5.02504 
0.950566 -9.0542e-05 -0.310521 -75.9298 0.000830415 0.999997 0.00225037 0.639283 0.31052 -0.00239694 0.950564 5.57725 
0.958185 -0.00112684 -0.286147 -76.0927 0.00238299 0.999989 0.00404154 0.632849 0.28614 -0.00455438 0.958177 6.14564 
0.964206 -0.00119897 -0.265153 -76.2509 0.00294045 0.999977 0.00617083 0.630104 0.265139 -0.00672957 0.964187 6.73081 
0.969086 0.00118763 -0.24672 -76.4138 0.00111707 0.999957 0.00920102 0.624245 0.24672 -0.00919214 0.969043 7.33743 
0.972832 0.00616446 -0.23143 -76.5736 -0.00379556 0.999936 0.0106797 0.62739 0.231481 -0.00951106 0.972793 7.9604 
0.97597 0.0102042 -0.217665 -76.7334 -0.00772256 0.999895 0.0122488 0.622141 0.217768 -0.0102735 0.975947 8.59809 
0.978807 0.00895962 -0.204591 -76.8755 -0.00664554 0.999906 0.0119949 0.623168 0.204679 -0.010381 0.978774 9.25282 
0.981588 0.00903279 -0.190796 -77.0107 -0.00691956 0.999907 0.011739 0.623508 0.190884 -0.0102026 0.98156 9.92456 
0.984339 0.00907889 -0.176053 -77.148 -0.00700677 0.999899 0.0123877 0.627776 0.176148 -0.0109601 0.984303 10.608 
0.986777 0.0108032 -0.161726 -77.2756 -0.0088195 0.999877 0.0129788 0.628938 0.161846 -0.0113808 0.98675 11.3105 
0.988797 0.011004 -0.148864 -77.3944 -0.00957233 0.999901 0.01033 0.626173 0.148963 -0.00878921 0.988804 12.0231 
0.990378 0.0114898 -0.137909 -77.5063 -0.0108603 0.999927 0.00531601 0.616008 0.13796 -0.00376708 0.990431 12.7388 
0.991672 0.00956137 -0.128433 -77.6076 -0.00975236 0.999952 -0.000858582 0.617803 0.128419 0.00210401 0.991718 13.4813 
0.992759 0.00992701 -0.11971 -77.7208 -0.0101211 0.999948 -0.00101403 0.618167 0.119694 0.00221834 0.992808 14.2169 
0.993536 0.0119569 -0.112891 -77.8244 -0.0114553 0.999921 0.0050903 0.612757 0.112943 -0.00376415 0.993594 14.9781 
0.994059 0.0164399 -0.107597 -77.929 -0.015085 0.999797 0.0133944 0.598453 0.107795 -0.0116917 0.994104 15.7463 
0.994507 0.0170033 -0.103279 -78.0206 -0.0153246 0.999738 0.0170254 0.595033 0.103541 -0.0153492 0.994507 16.5256 
0.994896 0.0157784 -0.0996616 -78.1191 -0.0142614 0.999772 0.0159159 0.594151 0.0998899 -0.0144133 0.994894 17.3091 
0.995191 0.0153833 -0.0967364 -78.2004 -0.0140163 0.999792 0.0147944 0.594406 0.0969439 -0.0133673 0.9952 18.0749 
0.995471 0.0144815 -0.093953 -78.2771 -0.0129305 0.99977 0.0170957 0.590029 0.094179 -0.0158033 0.99543 18.8275 
0.99573 0.0127125 -0.0914396 -78.3577 -0.0109493 0.999745 0.0197579 0.586466 0.0916674 -0.0186723 0.995615 19.5902 
0.996043 0.0104608 -0.0882526 -78.4428 -0.00862094 0.999738 0.0212024 0.587979 0.0884513 -0.0203577 0.995872 20.3511 
0.996276 0.00884862 -0.0857724 -78.5158 -0.00735218 0.999816 0.0177464 0.584837 0.0859135 -0.0170497 0.996157 21.1066 
0.996374 0.0122723 -0.0841952 -78.5939 -0.0114307 0.99988 0.0104698 0.580515 0.0843136 -0.00946941 0.996394 21.8507 
0.996485 0.012183 -0.0828853 -78.6635 -0.0119957 0.999924 0.00275602 0.574052 0.0829126 -0.00175202 0.996555 22.5925 
0.996598 0.012974 -0.0813945 -78.7454 -0.0131193 0.999913 -0.00125077 0.562774 0.0813712 0.00231439 0.996681 23.351 
0.996743 0.0152819 -0.0791886 -78.8235 -0.0152832 0.999883 0.000589395 0.550747 0.0791883 0.000622822 0.99686 24.1102 
0.99687 0.0192048 -0.0766876 -78.9069 -0.0189366 0.999812 0.00422273 0.54292 0.0767542 -0.00275727 0.997046 24.8752 
0.996975 0.0224566 -0.074402 -78.9863 -0.0218265 0.999719 0.00927071 0.53355 0.0745892 -0.00761869 0.997185 25.6398 
0.99721 0.0197065 -0.0720035 -79.052 -0.0189457 0.999757 0.0112326 0.524768 0.0722074 -0.00983709 0.997341 26.3929 
0.997376 0.0162542 -0.0705425 -79.1213 -0.0155421 0.999823 0.0106312 0.524379 0.0707028 -0.00950688 0.997452 27.1483 
0.997454 0.0142665 -0.0698737 -79.1774 -0.013523 0.999847 0.0111008 0.511875 0.0700213 -0.0101276 0.997494 27.891 
0.997518 0.013875 -0.0690279 -79.2382 -0.0132528 0.999867 0.00946306 0.504108 0.06915 -0.00852472 0.99757 28.6342 
0.997591 0.0121654 -0.0682938 -79.3 -0.0116232 0.999898 0.00833137 0.498381 0.0683881 -0.00751747 0.997631 29.3876 
0.997636 0.0114816 -0.0677585 -79.3619 -0.0109191 0.999903 0.00866537 0.491981 0.0678513 -0.00790498 0.997664 30.146 
0.997613 0.0145484 -0.0675095 -79.428 -0.0139209 0.999856 0.00975481 0.486389 0.0676417 -0.00879169 0.997671 30.9043 
0.997639 0.0137906 -0.0672781 -79.4999 -0.0132314 0.999874 0.00875021 0.483665 0.0673903 -0.00783933 0.997696 31.6818 
0.997527 0.013822 -0.0689146 -79.5683 -0.0132849 0.999878 0.00824421 0.487024 0.06902 -0.00730825 0.997589 32.462 
0.997395 0.01175 -0.0711679 -79.6322 -0.0111377 0.999898 0.00899357 0.480533 0.0712662 -0.00817746 0.997424 33.2456 
0.997142 0.0132622 -0.0743819 -79.7052 -0.0126432 0.999882 0.00878541 0.474974 0.0744896 -0.00781982 0.997191 34.0328 
0.996895 0.016981 -0.0768911 -79.7921 -0.0163977 0.999832 0.00821045 0.469163 0.0770175 -0.00692408 0.997006 34.8219 
0.996674 0.0162873 -0.0798515 -79.8731 -0.0160614 0.999865 0.00347075 0.456905 0.0798972 -0.00217663 0.996801 35.6109 
0.996465 0.0170515 -0.0822583 -79.9598 -0.017094 0.999854 0.000186938 0.44752 0.0822494 0.00121989 0.996611 36.4074 
0.996314 0.0160256 -0.0842766 -80.0455 -0.0162219 0.999867 -0.00164612 0.444417 0.084239 0.00300723 0.996441 37.2232 
0.996145 0.016648 -0.0861291 -80.1366 -0.0166922 0.999861 0.000206473 0.429745 0.0861205 0.00123205 0.996284 38.0487 
0.995957 0.0151009 -0.0885496 -80.2194 -0.0150748 0.999886 0.000963963 0.417957 0.088554 0.000374841 0.996071 38.8778 
0.995846 0.0147566 -0.0898507 -80.3147 -0.0145653 0.99989 0.00278449 0.409681 0.0898819 -0.00146418 0.995951 39.7116 
0.995737 0.0146674 -0.0910634 -80.4108 -0.0141424 0.99988 0.00640665 0.401695 0.0911463 -0.00509143 0.995825 40.5568 
0.995677 0.0146991 -0.0917175 -80.5083 -0.0136899 0.999839 0.0116221 0.388744 0.0918735 -0.0103162 0.995717 41.4099 
0.99574 0.0147632 -0.0910189 -80.6028 -0.0135612 0.999813 0.0138092 0.382379 0.0912057 -0.012516 0.995753 42.2609 
0.995892 0.0171242 -0.0889157 -80.7049 -0.0159522 0.999777 0.0138749 0.380634 0.0891334 -0.0123994 0.995943 43.117 
0.996059 0.0176665 -0.0869122 -80.7961 -0.0166222 0.999781 0.0127249 0.376792 0.0871179 -0.0112301 0.996135 43.9822 
0.996238 0.0152 -0.0853128 -80.8871 -0.0143257 0.999839 0.0108511 0.370771 0.0854639 -0.00958807 0.996295 44.8424 
0.996426 0.0112463 -0.083714 -80.9687 -0.010529 0.999904 0.00900489 0.369751 0.0838072 -0.00809124 0.996449 45.7051 
0.996612 0.00990849 -0.0816462 -81.0563 -0.00921747 0.999919 0.00883568 0.364991 0.081727 -0.00805313 0.996622 46.5749 
0.996705 0.00807207 -0.0807082 -81.1407 -0.00718304 0.99991 0.0112991 0.36091 0.0807922 -0.0106821 0.996674 47.4396 
0.996751 0.00554187 -0.0803543 -81.2049 -0.00444934 0.999895 0.0137687 0.355823 0.0804222 -0.0133664 0.996671 48.2953 
0.996803 0.0050932 -0.0797418 -81.2855 -0.0039776 0.999892 0.0141423 0.348566 0.0798052 -0.0137798 0.996715 49.1694 
0.996902 0.00636804 -0.0783971 -81.3731 -0.00551715 0.999924 0.011065 0.338611 0.0784616 -0.0105981 0.996861 50.0406 
0.99694 0.0086634 -0.077687 -81.4611 -0.00825202 0.99995 0.00561435 0.321813 0.0777317 -0.00495605 0.996962 50.8965 
0.997019 0.0110917 -0.0763536 -81.5523 -0.0111187 0.999938 7.11951e-05 0.313641 0.0763496 0.00077801 0.997081 51.7446 
0.997026 0.0156466 -0.0754662 -81.6406 -0.0161044 0.999855 -0.00546181 0.29556 0.0753697 0.00666095 0.997133 52.5925 
0.997132 0.0154092 -0.0740985 -81.7244 -0.0158915 0.999856 -0.00592466 0.272871 0.0739965 0.00708525 0.997233 53.4404 
0.997174 0.0123528 -0.0741058 -81.7984 -0.0123918 0.999923 -6.69623e-05 0.262948 0.0740993 0.00098512 0.99725 54.298 
0.997132 0.0117193 -0.0747638 -81.8791 -0.0110524 0.999895 0.00932715 0.245101 0.0748652 -0.00847404 0.997158 55.144 
0.997054 0.0114322 -0.0758484 -81.9628 -0.0101659 0.999803 0.0170589 0.234579 0.0760284 -0.0162376 0.996973 55.9936 
0.996898 0.00943795 -0.0781343 -82.0418 -0.00829959 0.999855 0.0148807 0.226998 0.0782634 -0.0141861 0.996832 56.8284 
0.996771 0.00443544 -0.0801788 -82.1153 -0.00352382 0.999928 0.0115072 0.222968 0.080224 -0.0111875 0.996714 57.6643 
0.996604 0.00327845 -0.0822841 -82.202 -0.00247689 0.999949 0.00984115 0.218474 0.082312 -0.00960387 0.99656 58.4921 
0.996362 0.00549258 -0.0850441 -82.2928 -0.00486112 0.999959 0.00762993 0.206631 0.0850825 -0.00718872 0.996348 59.3206 
0.996093 0.00740303 -0.0879986 -82.3891 -0.00705728 0.999966 0.00423899 0.196963 0.0880269 -0.00360136 0.996112 60.1382 
0.995729 0.00801634 -0.0919762 -82.4821 -0.0079573 0.999968 0.00100814 0.184129 0.0919813 -0.000271907 0.995761 60.9556 
0.995431 0.0097636 -0.0949818 -82.5798 -0.0100827 0.999945 -0.0028807 0.169094 0.0949484 0.00382525 0.995475 61.7641 
0.995091 0.0131643 -0.0980818 -82.6885 -0.0135001 0.999905 -0.00276078 0.144729 0.0980361 0.00407138 0.995175 62.5684 
0.994699 0.0169496 -0.10142 -82.7963 -0.0171519 0.999852 -0.00112293 0.134684 0.101386 0.00285656 0.994843 63.3719 
0.994259 0.0204197 -0.105031 -82.9055 -0.0200505 0.999789 0.00457024 0.123292 0.105103 -0.00243803 0.994458 64.1766 
0.993809 0.0211364 -0.109075 -83.0143 -0.0201822 0.999748 0.00984444 0.116414 0.109255 -0.00758209 0.993985 64.975 
0.993255 0.0213129 -0.113972 -83.122 -0.019884 0.999709 0.0136584 0.111089 0.11423 -0.0113 0.99339 65.7702 
0.992531 0.0216706 -0.120053 -83.2393 -0.0200594 0.999692 0.0146132 0.110371 0.120332 -0.0120958 0.99266 66.5494 
0.991867 0.0186683 -0.125899 -83.352 -0.0165085 0.999699 0.0181761 0.106199 0.1262 -0.0159498 0.991877 67.335 
0.990996 0.0189999 -0.132536 -83.4679 -0.0167889 0.999701 0.0177795 0.106597 0.132834 -0.0153942 0.991019 68.1215 
0.990058 0.0230986 -0.138753 -83.5999 -0.0210012 0.999642 0.0165606 0.107394 0.139086 -0.0134819 0.990189 68.8954 
0.989169 0.0253037 -0.144585 -83.738 -0.0236805 0.999636 0.0129371 0.103782 0.14486 -0.00937311 0.989408 69.6642 
0.988297 0.0239657 -0.150649 -83.8686 -0.0226852 0.999691 0.0102127 0.0992547 0.150847 -0.00667561 0.988535 70.4264 
0.987437 0.0252325 -0.155984 -84.0068 -0.0241504 0.999669 0.00882839 0.0965674 0.156155 -0.00495037 0.98772 71.1987 
0.986658 0.0269864 -0.160554 -84.1518 -0.0251147 0.999591 0.013676 0.0980284 0.160858 -0.00946118 0.986932 71.9659 
0.98558 0.028304 -0.166825 -84.2985 -0.0256947 0.999512 0.0177789 0.0980998 0.167246 -0.0132359 0.985826 72.7305 
0.98457 0.0274485 -0.172823 -84.4511 -0.02438 0.999506 0.0198533 0.0936994 0.173283 -0.0153335 0.984753 73.4812 
0.983342 0.0245191 -0.180106 -84.6003 -0.0219925 0.99963 0.0160119 0.0907808 0.180432 -0.0117841 0.983517 74.2262 
0.981811 0.0225917 -0.18851 -84.7588 -0.0213367 0.999735 0.00868418 0.0927067 0.188657 -0.00450399 0.982033 74.9686 
0.98011 0.0199111 -0.197453 -84.9276 -0.0189073 0.999797 0.00696747 0.0877954 0.197551 -0.00309554 0.980288 75.7061 
0.977951 0.019495 -0.207924 -85.107 -0.0178687 0.999793 0.00969696 0.0835088 0.20807 -0.00576777 0.978097 76.4413 
0.975517 0.0196063 -0.219048 -85.2905 -0.0165676 0.99974 0.0157006 0.0861337 0.219299 -0.011687 0.975588 77.1777 
0.972823 0.02135 -0.230566 -85.4914 -0.0164224 0.999594 0.0232698 0.0875257 0.230969 -0.0188509 0.972779 77.9079 
0.970134 0.0221998 -0.241553 -85.6963 -0.0162626 0.999515 0.0265454 0.0886545 0.242025 -0.0218243 0.970025 78.6343 
0.967174 0.025636 -0.252819 -85.9107 -0.0207 0.99954 0.0221649 0.0845214 0.253271 -0.0162039 0.96726 79.345 
0.964058 0.0251407 -0.264498 -86.1315 -0.0224189 0.99966 0.0133044 0.0818871 0.264743 -0.00689641 0.964294 80.0403 
0.960697 0.0226988 -0.276671 -86.3558 -0.021243 0.99974 0.00825827 0.0865928 0.276787 -0.00205631 0.960929 80.7485 
0.957068 0.0209654 -0.289103 -86.5834 -0.0179842 0.999754 0.0129648 0.0905185 0.289304 -0.00720891 0.95721 81.4609 
0.953684 0.0219755 -0.300006 -86.8406 -0.016672 0.999656 0.0202266 0.0905227 0.300347 -0.014288 0.953723 82.1803 
0.949903 0.0219581 -0.311773 -87.0957 -0.0146987 0.999564 0.0256152 0.0885689 0.312199 -0.0197492 0.949811 82.8912 
0.945712 0.0191918 -0.32444 -87.3564 -0.0122827 0.999652 0.0233301 0.0962524 0.324775 -0.0180785 0.945619 83.5962 
0.941824 0.017237 -0.335665 -87.6262 -0.0115763 0.999755 0.018858 0.0985147 0.335908 -0.0138751 0.941793 84.2991 
0.938666 0.0133641 -0.344569 -87.9018 -0.00981721 0.999879 0.0120363 0.0951472 0.344688 -0.00791535 0.938684 84.9956 
0.935804 0.00934455 -0.352396 -88.1814 -0.00765245 0.999952 0.00619434 0.0919478 0.352437 -0.00309994 0.93583 85.6953 
0.933019 0.00891445 -0.359716 -88.4693 -0.00795909 0.99996 0.00413682 0.0879929 0.359738 -0.000996676 0.933053 86.3922 
0.930069 0.014093 -0.367114 -88.7764 -0.0135334 0.9999 0.00409839 0.0788285 0.367135 0.00115655 0.930167 87.0836 
0.926797 0.0138252 -0.375308 -89.0784 -0.0124119 0.999904 0.00618281 0.0723121 0.375357 -0.00107186 0.92688 87.7879 
0.923633 0.0149706 -0.382986 -89.391 -0.0107939 0.999857 0.0130523 0.0690912 0.383126 -0.00792158 0.923662 88.4927 
0.920898 0.0167662 -0.389442 -89.7067 -0.00924071 0.999733 0.0211892 0.0679353 0.389693 -0.0159144 0.920807 89.1969 
0.918189 0.026746 -0.39524 -90.0366 -0.017125 0.999465 0.0278509 0.0665862 0.395773 -0.0188039 0.918156 89.8916 
0.91561 0.033443 -0.400674 -90.3746 -0.02568 0.999364 0.0247305 0.065701 0.401246 -0.0123541 0.915887 90.5766 
0.913197 0.0297777 -0.406429 -90.6998 -0.0248775 0.99954 0.0173361 0.0685252 0.406758 -0.00572028 0.913518 91.2612 
0.911175 0.0219315 -0.411435 -91.0218 -0.019625 0.999759 0.00982989 0.0745878 0.411552 -0.000882276 0.911386 91.9466 
0.909182 0.0223308 -0.4158 -91.3453 -0.02049 0.999751 0.00888897 0.0766256 0.415895 0.000438108 0.909413 92.6367 
0.907197 0.0283282 -0.419751 -91.7047 -0.0246576 0.999596 0.014169 0.0692234 0.419983 -0.00250393 0.907529 93.3257 
0.904597 0.0305135 -0.425175 -92.0535 -0.02477 0.999512 0.0190315 0.0625652 0.425548 -0.00668415 0.904911 94.0229 
0.902234 0.0263599 -0.430441 -92.3959 -0.0212332 0.999635 0.0167107 0.0637473 0.430724 -0.00593724 0.902464 94.717 
0.899782 0.0248189 -0.435634 -92.7444 -0.0224636 0.999692 0.0105567 0.0579018 0.435762 0.000287229 0.900062 95.4049 
0.897549 0.0221331 -0.440359 -93.0999 -0.0226109 0.999736 0.0041621 0.0525752 0.440335 0.00622128 0.897812 96.0896 
0.895059 0.0224264 -0.445383 -93.4604 -0.0238033 0.999714 0.00250255 0.0516322 0.445312 0.00836169 0.895337 96.7792 
0.892925 0.0253564 -0.449491 -93.8292 -0.0250065 0.999665 0.00671631 0.0433637 0.449511 0.00524309 0.893259 97.4717 
0.890534 0.027196 -0.454102 -94.1928 -0.0259978 0.999623 0.00888295 0.036386 0.454173 0.00389514 0.890905 98.1595 
0.888297 0.0280684 -0.458411 -94.5689 -0.0267926 0.999598 0.00928706 0.0326326 0.458488 0.00403241 0.888692 98.8357 
0.885681 0.0260314 -0.463565 -94.9297 -0.0248163 0.999654 0.00872168 0.0225388 0.463631 0.00377937 0.88602 99.5159 
0.883463 0.0239277 -0.46789 -95.2986 -0.0229234 0.999707 0.0078408 0.0187211 0.46794 0.00379862 0.883752 100.187 
0.881034 0.0234276 -0.472472 -95.6665 -0.0221209 0.999721 0.00832164 0.0140475 0.472535 0.00311993 0.881306 100.853 
0.878644 0.0248491 -0.47683 -96.0481 -0.023652 0.999684 0.00851365 0.0108668 0.476891 0.00379755 0.878954 101.514 
0.876536 0.0252987 -0.480671 -96.4328 -0.024099 0.999672 0.00866861 0.001254 0.480732 0.00398537 0.876858 102.167 
0.873897 0.0223231 -0.485598 -96.8066 -0.0230205 0.999725 0.00452926 -0.00871335 0.485565 0.00722064 0.874171 102.821 
0.871889 0.0190421 -0.489333 -97.1867 -0.0215738 0.999767 0.000465321 -0.0248249 0.489228 0.0101511 0.872097 103.455 
0.869813 0.0173237 -0.493077 -97.5662 -0.0211776 0.999773 -0.00223256 -0.0328895 0.492927 0.0123842 0.869983 104.087 
0.867914 0.0197159 -0.496324 -97.945 -0.0215495 0.999766 0.00203126 -0.0460602 0.496248 0.00893261 0.868135 104.717 
0.865889 0.0237076 -0.499675 -98.3218 -0.0210178 0.999719 0.0110108 -0.0559596 0.499795 0.000967953 0.866143 105.35 
0.864324 0.0259744 -0.502264 -98.6974 -0.0180174 0.999624 0.0206899 -0.0631542 0.502613 -0.0088332 0.864467 105.978 
0.862888 0.0256232 -0.504745 -99.072 -0.0148841 0.999569 0.0252976 -0.0626568 0.505176 -0.0143163 0.862898 106.596 
0.860858 0.0224745 -0.508349 -99.4295 -0.011455 0.999627 0.024796 -0.059838 0.508717 -0.0155227 0.860794 107.204 
0.859631 0.0210421 -0.510482 -99.8012 -0.011826 0.999703 0.0212933 -0.0585346 0.510779 -0.0122674 0.859625 107.772 
0.857778 0.0192389 -0.51366 -100.152 -0.0116405 0.99977 0.0180071 -0.0520157 0.513888 -0.00946681 0.857805 108.34 
0.8563 0.0178624 -0.51617 -100.495 -0.0107215 0.999801 0.0168122 -0.0499106 0.516368 -0.00886213 0.856321 108.888 
0.854856 0.0159102 -0.518622 -100.828 -0.00882189 0.999831 0.0161313 -0.048126 0.518791 -0.00921462 0.854852 109.422 
0.853335 0.015947 -0.521119 -101.154 -0.0082787 0.999821 0.0170395 -0.051156 0.521297 -0.0102262 0.853314 109.938 
0.8522 0.0163577 -0.522961 -101.477 -0.00788487 0.999799 0.0184237 -0.0511731 0.523157 -0.0115771 0.852158 110.428 
0.850625 0.0146562 -0.525569 -101.779 -0.00550288 0.999805 0.0189745 -0.0517279 0.525744 -0.013248 0.85054 110.914 
0.849355 0.0134249 -0.527651 -102.074 -0.00430479 0.999819 0.0185088 -0.0480153 0.527804 -0.013449 0.849259 111.366 
0.848169 0.012268 -0.529584 -102.357 -0.00374616 0.999846 0.0171619 -0.0476408 0.529713 -0.0125722 0.848084 111.8 
0.847224 0.0120857 -0.531098 -102.64 -0.00564892 0.99989 0.0137422 -0.0525256 0.531205 -0.00864256 0.847199 112.207 
0.845854 0.00936995 -0.533332 -102.91 -0.00515884 0.999943 0.00938581 -0.0521186 0.53339 -0.0051876 0.845854 112.603 
0.843345 0.00517706 -0.537348 -103.155 -0.0017653 0.999975 0.0068636 -0.0465768 0.53737 -0.00483975 0.843333 112.987 
0.840599 0.000410902 -0.541658 -103.397 0.00356091 0.999974 0.00628471 -0.0356691 0.541646 -0.00721166 0.840576 113.357 
0.837051 0.00153882 -0.547123 -103.633 0.003384 0.999962 0.00798963 -0.0438887 0.547115 -0.00853914 0.837014 113.707 
0.833081 0.00475532 -0.553131 -103.87 0.000528291 0.999956 0.00939234 -0.0413824 0.553151 -0.00811674 0.833041 114.042 
0.829167 0.0104452 -0.558904 -104.091 -0.00337378 0.999901 0.0136816 -0.0429539 0.558991 -0.00945866 0.82912 114.354 
0.825049 0.0160985 -0.564833 -104.31 -0.00526825 0.99977 0.0207995 -0.0475128 0.565037 -0.0141848 0.824943 114.653 
0.820069 0.018211 -0.571975 -104.514 -0.00448155 0.999667 0.0254027 -0.057462 0.572247 -0.0182686 0.819878 114.937 
0.814472 0.0157938 -0.579988 -104.7 -0.000134526 0.999635 0.0270323 -0.0651172 0.580203 -0.021939 0.814177 115.195 
0.806815 0.0131999 -0.590657 -104.863 0.00338903 0.999631 0.0269688 -0.052028 0.590795 -0.0237605 0.806472 115.444 
0.798046 0.011715 -0.602483 -105.048 0.00621497 0.999598 0.027669 -0.0452975 0.602564 -0.0258255 0.797652 115.672 
0.787513 0.0123109 -0.616175 -105.227 0.00661032 0.999574 0.0284195 -0.0461283 0.616262 -0.0264538 0.787097 115.884 
0.77533 0.013981 -0.631401 -105.405 0.00505349 0.999586 0.0283391 -0.0548104 0.631536 -0.0251629 0.774938 116.068 
0.761065 0.0122954 -0.648559 -105.575 0.00547793 0.999663 0.0253798 -0.0536213 0.648652 -0.0228684 0.760741 116.244 
0.746243 0.00984782 -0.665601 -105.746 0.00461897 0.99979 0.0199708 -0.0541243 0.665657 -0.0179774 0.746041 116.403 
0.730717 0.00646242 -0.68265 -105.9 0.00516362 0.999874 0.0149926 -0.0589508 0.682661 -0.0144803 0.730591 116.551 
0.71521 0.0072151 -0.698873 -106.068 0.00115878 0.999933 0.0115091 -0.0680064 0.698909 -0.00904119 0.715154 116.689 
0.699045 0.0110415 -0.714992 -106.236 -0.00597719 0.999936 0.00959787 -0.0714098 0.715052 -0.00243565 0.699067 116.818 
0.681391 0.0123053 -0.731817 -106.41 -0.00856249 0.999924 0.00884093 -0.0595252 0.73187 0.000242091 0.681444 116.955 
0.662173 0.010911 -0.749272 -106.579 -0.00541329 0.999938 0.00977721 -0.0538624 0.749332 -0.00241813 0.66219 117.089 
0.641888 0.0102426 -0.76673 -106.76 -0.00260004 0.999934 0.0111811 -0.0517395 0.766794 -0.00518346 0.641872 117.221 
0.619615 0.0119078 -0.784816 -106.948 -0.00233881 0.999909 0.0133248 -0.0488842 0.784903 -0.00642063 0.619586 117.336 
0.595426 0.0163269 -0.803244 -107.144 -0.00605163 0.999856 0.0158374 -0.0396739 0.803387 -0.00456899 0.595439 117.442 
0.570889 0.0198885 -0.820786 -107.348 -0.00797627 0.999794 0.0186783 -0.0297507 0.820988 -0.00411635 0.57093 117.543 
0.545132 0.0225641 -0.838046 -107.545 -0.00966661 0.99974 0.0206297 -0.0226614 0.838294 -0.00314481 0.545209 117.639 
0.519467 0.0251616 -0.85412 -107.761 -0.0127842 0.999683 0.0216745 -0.0133928 0.854395 -0.000339902 0.519625 117.724 
0.492581 0.029194 -0.869777 -107.964 -0.0170042 0.999569 0.0239205 -0.00714141 0.870101 0.00300714 0.492865 117.8 
0.465205 0.0320971 -0.884621 -108.174 -0.0189227 0.999475 0.0263133 -0.00673673 0.885001 0.00449841 0.465568 117.865 
0.435424 0.031759 -0.899665 -108.389 -0.0180948 0.999484 0.0265251 -0.00806873 0.900044 0.0047296 0.435774 117.937 
0.402947 0.0287702 -0.914771 -108.616 -0.0180887 0.999561 0.023469 -0.00730134 0.915045 0.00709026 0.403291 118.002 
0.368365 0.0245802 -0.929356 -108.85 -0.0174804 0.999657 0.0195109 -0.00350562 0.929517 0.00905847 0.368668 118.063 
0.329028 0.0219275 -0.944066 -109.114 -0.0171773 0.999704 0.0172331 0.00851703 0.944164 0.0105464 0.329307 118.122 
0.287186 0.0200812 -0.957664 -109.399 -0.0165477 0.999735 0.0160011 0.0242474 0.957732 0.0112519 0.287442 118.174 
0.243057 0.0184333 -0.969837 -109.703 -0.0159535 0.99976 0.0150038 0.0322169 0.969881 0.0118256 0.243292 118.215 
0.19609 0.01531 -0.980466 -110.015 -0.0145066 0.999814 0.0127108 0.0444313 0.980479 0.0117308 0.196276 118.239 
0.146979 0.0141325 -0.989039 -110.34 -0.0136583 0.999832 0.012257 0.04213 0.989045 0.0117071 0.147147 118.245 
0.0977728 0.013161 -0.995122 -110.679 -0.01336 0.99984 0.0119108 0.0538102 0.995119 0.0121304 0.097933 118.225 
0.0457894 0.0142125 -0.99885 -111.044 -0.0124035 0.99983 0.0136579 0.0641649 0.998874 0.0117639 0.0459579 118.196 
-0.00744136 0.016088 -0.999843 -111.413 -0.00894893 0.99983 0.0161544 0.0773705 0.999932 0.00906777 -0.00729612 118.156 
-0.0611088 0.0180038 -0.997969 -111.789 -0.0057783 0.999814 0.0183909 0.0823342 0.998114 0.00689045 -0.0609934 118.093 
-0.114375 0.0197492 -0.993241 -112.179 -0.00174917 0.999797 0.020081 0.0889513 0.993436 0.00403414 -0.114317 118.005 
-0.167328 0.0206216 -0.985686 -112.575 0.000438142 0.999783 0.0208422 0.106946 0.985901 0.00305564 -0.1673 117.893 
-0.218467 0.0223348 -0.975589 -112.993 0.00272006 0.999748 0.0222788 0.111345 0.975841 0.00221356 -0.218472 117.755 
-0.267991 0.0237682 -0.963128 -113.414 0.00599984 0.999717 0.0230017 0.120132 0.963403 0.000385669 -0.268058 117.597 
-0.316362 0.0256544 -0.948292 -113.845 0.0109783 0.999666 0.0233817 0.125764 0.948575 -0.00301346 -0.316538 117.42 
-0.362779 0.0271853 -0.931479 -114.271 0.0158023 0.99961 0.0230193 0.133958 0.931741 -0.00636852 -0.363067 117.212 
-0.406846 0.0292135 -0.91303 -114.714 0.0205472 0.999528 0.0228253 0.14084 0.913266 -0.00947379 -0.407254 116.976 
