1 2.12261e-08 -2.11895e-08 -6.29878e-15 2.12261e-08 1 2.10703e-08 -2.22045e-16 -2.11895e-08 2.10703e-08 1 -1.69864e-14 
0.999997 0.00257044 0.00021768 -0.01722 -0.0025707 0.999996 0.00137625 -0.016559 -0.000214184 -0.00137676 0.999999 0.783026 
0.999985 0.00554856 0.000218576 -0.0331595 -0.00554891 0.999983 0.00188238 -0.0330648 -0.00020817 -0.00188352 0.999998 1.54619 
0.999977 0.00670937 0.000571888 -0.055068 -0.00671029 0.999976 0.00169379 -0.055728 -0.000560553 -0.00169755 0.999998 2.27324 
0.999962 0.00869892 0.000663263 -0.0760664 -0.00869986 0.999961 0.00149163 -0.0713321 -0.000650304 -0.0014973 0.999999 3.00468 
0.999963 0.00857784 0.00110382 -0.092705 -0.00857928 0.999962 0.00135041 -0.0854473 -0.00109224 -0.00135978 0.999999 3.70711 
0.999958 0.00909872 0.00144674 -0.121667 -0.00910223 0.999956 0.00246486 -0.104441 -0.0014243 -0.00247789 0.999996 4.38562 
0.999956 0.0093144 0.00104126 -0.106859 -0.00931991 0.999942 0.00545553 -0.12135 -0.000990424 -0.00546495 0.999985 5.07777 
0.999954 0.00925752 0.00247798 -0.118302 -0.00928038 0.999913 0.00939508 -0.129822 -0.00239083 -0.0094176 0.999953 5.73722 
0.999961 0.00819329 0.00320328 -0.112868 -0.008234 0.999883 0.0129227 -0.138885 -0.00309707 -0.0129486 0.999911 6.38645 
0.999965 0.0074034 0.00393407 -0.109152 -0.00746266 0.999855 0.0152806 -0.147764 -0.00382042 -0.0153093 0.999876 7.00308 
0.99995 0.00845369 0.00530955 -0.118501 -0.0085327 0.99985 0.0150462 -0.15403 -0.0051816 -0.0150907 0.999873 7.59698 
0.999936 0.00946106 0.00619034 -0.12359 -0.00953773 0.999877 0.0124812 -0.162039 -0.00607154 -0.0125394 0.999903 8.15127 
0.99993 0.00955481 0.00698428 -0.128452 -0.00962286 0.999906 0.00978069 -0.171809 -0.00689022 -0.00984717 0.999928 8.67711 
0.999943 0.00699937 0.00806713 -0.117724 -0.00706635 0.999941 0.00830994 -0.174185 -0.00800853 -0.00836643 0.999933 9.19955 
0.999946 0.00306805 0.00989161 -0.114281 -0.00312787 0.999977 0.00604289 -0.182693 -0.00987288 -0.00607347 0.999933 9.67909 
0.999923 0.00169054 0.0122696 -0.124225 -0.00175215 0.999986 0.00501531 -0.191013 -0.012261 -0.00503638 0.999912 10.1164 
0.999881 0.00593696 0.0142184 -0.129698 -0.00598316 0.999977 0.00321214 -0.203915 -0.0141991 -0.00329679 0.999894 10.5257 
0.999796 0.010479 0.0172419 -0.13632 -0.0105191 0.999942 0.00223682 -0.212709 -0.0172175 -0.00241769 0.999849 10.9113 
0.999727 0.0109423 0.0206529 -0.13334 -0.0110123 0.999934 0.00327801 -0.216957 -0.0206157 -0.00350451 0.999781 11.2666 
0.999699 0.0067667 0.0236035 -0.121932 -0.00685747 0.999969 0.00376857 -0.220398 -0.0235773 -0.00392925 0.999714 11.5866 
0.999657 0.00205746 0.0261147 -0.108582 -0.00215565 0.999991 0.00373415 -0.225778 -0.0261068 -0.00378912 0.999652 11.872 
0.999588 -0.00163754 0.0286549 -0.102885 0.00149231 0.999986 0.00509032 -0.23305 -0.0286629 -0.00504542 0.999576 12.1318 
0.999502 -0.00180475 0.0315168 -0.101027 0.00160766 0.999979 0.00627916 -0.237288 -0.0315275 -0.00622532 0.999484 12.3591 
0.999438 -0.00118671 0.0335142 -0.0960806 0.00100607 0.999985 0.00540745 -0.245436 -0.0335201 -0.00537065 0.999424 12.5642 
0.999362 -0.000199012 0.0357038 -0.0909769 5.87593e-05 0.999992 0.00393044 -0.246484 -0.0357044 -0.00392579 0.999355 12.7547 
0.999265 0.0020093 0.0382734 -0.0887248 -0.00213091 0.999993 0.00313776 -0.252576 -0.0382669 -0.00321697 0.999262 12.9286 
0.999186 0.00486676 0.0400542 -0.0889567 -0.00497269 0.999984 0.00254641 -0.259034 -0.0400412 -0.00274347 0.999194 13.0904 
0.999128 0.00596313 0.0413217 -0.0853243 -0.00602533 0.999981 0.00138181 -0.269823 -0.0413127 -0.00162954 0.999145 13.2422 
0.999051 0.00499454 0.0432621 -0.0784259 -0.00498747 0.999988 -0.000270356 -0.273566 -0.043263 5.43718e-05 0.999064 13.3945 
0.999007 0.0036136 0.0444104 -0.0634037 -0.0035326 0.999992 -0.0019014 -0.272966 -0.0444169 0.00174267 0.999012 13.5451 
0.998959 0.00278814 0.045539 -0.0540342 -0.00267171 0.999993 -0.00261649 -0.278658 -0.045546 0.00249214 0.998959 13.6873 
0.998885 0.00341533 0.0470852 -0.0496234 -0.00322583 0.999986 -0.00409905 -0.280281 -0.0470986 0.00394263 0.998883 13.8187 
0.998823 0.00392903 0.0483512 -0.0462893 -0.00364524 0.999976 -0.00595524 -0.287604 -0.0483735 0.00577201 0.998813 13.9408 
0.998784 0.00369064 0.0491673 -0.0458628 -0.00331496 0.999965 -0.00771943 -0.296779 -0.0491941 0.0075471 0.998761 14.0587 
0.998752 0.00279822 0.049874 -0.038702 -0.00231646 0.99995 -0.00971392 -0.303101 -0.0498988 0.0095863 0.998708 14.1814 
0.998741 0.00202177 0.050126 -0.0549353 -0.00145963 0.999936 -0.0112476 -0.312828 -0.0501456 0.0111603 0.99868 14.2963 
0.998852 0.00146388 0.047888 -0.0492463 -0.000861654 0.99992 -0.0125931 -0.314032 -0.0479027 0.0125374 0.998773 14.4256 
0.998988 0.00147059 0.0449526 -0.0499578 -0.000870289 0.99991 -0.0133697 -0.319636 -0.0449683 0.0133171 0.9989 14.5476 
0.999151 0.00192877 0.0411659 -0.0535703 -0.00133262 0.999894 -0.0145033 -0.32469 -0.0411896 0.0144361 0.999047 14.672 
0.99938 0.00203713 0.0351525 -0.0488653 -0.00148666 0.999876 -0.0156771 -0.326146 -0.0351801 0.0156152 0.999259 14.8091 
0.999584 0.00195253 0.0287846 -0.0587676 -0.00148275 0.999866 -0.0163312 -0.329594 -0.0288127 0.0162818 0.999452 14.9356 
0.99977 0.00187224 0.0213843 -0.0591941 -0.00150731 0.999853 -0.0170667 -0.331544 -0.0214132 0.0170306 0.999626 15.0705 
0.999909 0.00191905 0.0133268 -0.0652024 -0.00167792 0.999835 -0.0180781 -0.335535 -0.0133593 0.0180541 0.999748 15.2055 
0.999995 0.000701824 0.00321659 -0.0732678 -0.00063895 0.99981 -0.0194929 -0.335113 -0.0032297 0.0194908 0.999805 15.3486 
0.999954 -0.00090413 -0.00951566 -0.0954922 0.000704051 0.999779 -0.0210132 -0.339262 0.00953251 0.0210056 0.999734 15.501 
0.999668 -0.00109528 -0.0257595 -0.117762 0.000507181 0.999739 -0.0228274 -0.344424 0.0257777 0.0228068 0.999408 15.6585 
0.998992 -0.000708516 -0.0448932 -0.147604 -0.000353709 0.99972 -0.0236497 -0.351189 0.0448974 0.0236418 0.998712 15.8364 
0.997759 2.77109e-05 -0.0669177 -0.183641 -0.00159182 0.999727 -0.0233211 -0.354891 0.0668987 0.0233754 0.997486 16.0262 
0.995898 0.000604196 -0.0904856 -0.232524 -0.00261563 0.999752 -0.0221128 -0.357286 0.0904498 0.0222588 0.995652 16.245 
0.993062 0.00130678 -0.117583 -0.287286 -0.00375599 0.999781 -0.0206107 -0.36415 0.11753 0.0209094 0.992849 16.4741 
0.988984 0.00207655 -0.148007 -0.353896 -0.00492641 0.999809 -0.0188911 -0.365865 0.14794 0.0194122 0.988806 16.7257 
0.983464 0.0019032 -0.181093 -0.436984 -0.00476335 0.999871 -0.0153604 -0.377671 0.18104 0.0159691 0.983346 16.99 
0.975945 0.00274944 -0.217999 -0.536288 -0.00540973 0.999918 -0.0116075 -0.378977 0.217949 0.0125076 0.97588 17.2637 
0.966061 0.00431164 -0.258279 -0.64527 -0.006183 0.99996 -0.00643385 -0.380825 0.25824 0.00781247 0.966049 17.5519 
0.953826 0.00854186 -0.300239 -0.774859 -0.00940196 0.999955 -0.00142017 -0.38922 0.300213 0.00417748 0.953863 17.848 
0.939268 0.0118854 -0.342979 -0.914838 -0.011573 0.999929 0.0029575 -0.393471 0.34299 0.00119146 0.939338 18.1432 
0.922094 0.0139682 -0.386714 -1.08219 -0.0117271 0.999898 0.00815405 -0.391063 0.386788 -0.00298373 0.922164 18.4471 
0.902112 0.0170191 -0.431166 -1.25231 -0.0113578 0.999812 0.0157012 -0.392479 0.431352 -0.00926711 0.902136 18.7562 
0.879502 0.0212311 -0.475421 -1.45493 -0.0121115 0.999679 0.0222377 -0.392648 0.475741 -0.0138 0.879477 19.0652 
0.853973 0.0261167 -0.519662 -1.6844 -0.0143896 0.999543 0.0265873 -0.389299 0.520119 -0.015227 0.853958 19.3621 
0.824976 0.0294467 -0.5644 -1.91857 -0.0152229 0.999437 0.0298931 -0.389606 0.564963 -0.0160692 0.82496 19.6524 
0.793375 0.0327412 -0.607852 -2.19563 -0.0174386 0.999365 0.0310685 -0.379709 0.608483 -0.0140488 0.793442 19.9404 
0.758309 0.0351746 -0.650946 -2.4818 -0.0174596 0.999281 0.033658 -0.371064 0.651661 -0.0141579 0.758378 20.2365 
0.720239 0.0386379 -0.692649 -2.79931 -0.0181232 0.999155 0.0368905 -0.353119 0.693489 -0.0140169 0.720331 20.5167 
0.680126 0.0396579 -0.732022 -3.14815 -0.0158106 0.999097 0.0394372 -0.333872 0.732925 -0.0152485 0.680139 20.799 
0.638193 0.0393087 -0.768872 -3.52778 -0.0127368 0.999098 0.0405069 -0.320726 0.769771 -0.0160582 0.638118 21.0713 
0.594583 0.0379999 -0.803136 -3.92817 -0.00752882 0.999102 0.0416981 -0.302027 0.803999 -0.0187462 0.594335 21.3286 
0.549442 0.0382635 -0.834655 -4.35404 -0.00285264 0.999031 0.0439211 -0.288416 0.835527 -0.0217511 0.549019 21.5645 
0.502005 0.0397061 -0.863953 -4.81005 -0.00125969 0.998978 0.0451797 -0.268017 0.864864 -0.021592 0.501542 21.7859 
0.451896 0.039327 -0.891204 -5.28024 0.000208677 0.999023 0.0441907 -0.248617 0.892071 -0.0201555 0.451446 21.9742 
0.39956 0.0379723 -0.91592 -5.78028 0.00501847 0.999036 0.0436074 -0.225339 0.916693 -0.0220203 0.398985 22.1451 
0.345527 0.0373377 -0.937666 -6.30264 0.0100187 0.999004 0.0434721 -0.207841 0.938355 -0.0244149 0.344809 22.2991 
0.291167 0.0363258 -0.955982 -6.85093 0.0124749 0.99905 0.0417618 -0.183463 0.956591 -0.0240854 0.290437 22.4259 
0.23726 0.0421243 -0.970533 -7.42864 0.0133405 0.998824 0.0466135 -0.157279 0.971355 -0.0240068 0.236419 22.528 
0.185687 0.0472326 -0.981473 -8.02819 0.0160304 0.998566 0.051088 -0.133539 0.982478 -0.0252197 0.184663 22.5983 
0.137029 0.0483563 -0.989386 -8.64516 0.0214153 0.99843 0.0517643 -0.107621 0.990336 -0.0282812 0.135778 22.653 
0.0924783 0.0496463 -0.994476 -9.28156 0.0236731 0.998364 0.0520418 -0.0859617 0.995433 -0.0283551 0.0911517 22.6784 
0.0523742 0.0476725 -0.997489 -9.92893 0.0229048 0.99854 0.0489253 -0.0594508 0.998365 -0.0254097 0.0512058 22.6706 
0.0165862 0.0431197 -0.998932 -10.5871 0.0205398 0.998844 0.0434569 -0.0266996 0.999651 -0.0212386 0.0156814 22.6486 
-0.0119025 0.0429717 -0.999005 -11.2767 0.0180432 0.998923 0.0427532 0.00487665 0.999766 -0.0175164 -0.0126651 22.6094 
-0.0329412 0.046848 -0.998359 -11.9815 0.0164467 0.998791 0.0463256 0.0339772 0.999322 -0.0148936 -0.0336719 22.5568 
-0.0457364 0.0528471 -0.997555 -12.7142 0.0180213 0.998481 0.05207 0.0608089 0.998791 -0.0155957 -0.0466193 22.4994 
-0.0540938 0.0558155 -0.996975 -13.4613 0.0175148 0.998336 0.0549414 0.0844169 0.998382 -0.0144898 -0.0549814 22.4385 
-0.0576544 0.0531134 -0.996923 -14.2502 0.0189891 0.998462 0.0520972 0.117536 0.998156 -0.015927 -0.0585743 22.3709 
-0.0568674 0.0494878 -0.997155 -15.0251 0.0263711 0.998497 0.0480505 0.151616 0.998033 -0.0235635 -0.058087 22.318 
-0.0526424 0.0479064 -0.997464 -15.8311 0.0381798 0.998215 0.0459275 0.192837 0.997883 -0.0356652 -0.0543775 22.2819 
-0.0469706 0.0478096 -0.997752 -16.6644 0.0383929 0.998202 0.0460238 0.231749 0.998158 -0.0361447 -0.0487217 22.2255 
-0.0416079 0.0463528 -0.998058 -17.5213 0.0366795 0.998321 0.0448359 0.258844 0.998461 -0.0347427 -0.0432383 22.1678 
-0.0387611 0.0400517 -0.998446 -18.4011 0.0406465 0.998433 0.0384732 0.292357 0.998422 -0.039092 -0.0403283 22.1397 
-0.0365179 0.0294725 -0.998898 -19.2642 0.038069 0.998881 0.0280802 0.31603 0.998608 -0.0370016 -0.037599 22.085 
-0.0362605 0.020994 -0.999122 -20.184 0.0310336 0.999321 0.0198719 0.332625 0.99886 -0.0302857 -0.0368874 22.0312 
-0.037513 0.0176848 -0.99914 -21.1279 0.0251145 0.999544 0.0167491 0.3608 0.998981 -0.0244646 -0.0379401 21.9716 
-0.0412501 0.0234716 -0.998873 -22.0756 0.0160543 0.999611 0.022826 0.373611 0.99902 -0.0150946 -0.0416109 21.9012 
-0.046392 0.0314752 -0.998427 -23.0623 0.0112873 0.999456 0.0309832 0.39173 0.99886 -0.00983215 -0.046722 21.8251 
-0.0512308 0.040747 -0.997855 -24.0921 0.00920182 0.999144 0.0403272 0.428274 0.998644 -0.00711605 -0.0515619 21.7609 
-0.0529642 0.0506102 -0.997313 -25.1293 0.00795161 0.998705 0.0502586 0.469383 0.998565 -0.00526831 -0.053298 21.6862 
-0.0540681 0.0583283 -0.996832 -26.1628 0.00979556 0.998275 0.0578815 0.511524 0.998489 -0.00663496 -0.0545462 21.6145 
-0.0556674 0.058816 -0.996716 -27.1901 0.0109322 0.99824 0.0582953 0.560859 0.99839 -0.0076511 -0.0562124 21.5434 
-0.0571884 0.0560288 -0.99679 -28.2081 0.00985664 0.998407 0.0555542 0.603723 0.998315 -0.00664791 -0.0576496 21.4604 
-0.0601253 0.0511863 -0.996878 -29.2247 0.00967175 0.998667 0.0506949 0.643161 0.998144 -0.00659346 -0.0605403 21.38 
-0.0648353 0.0461681 -0.996827 -30.2423 0.0098301 0.99891 0.0456252 0.676191 0.997848 -0.00684074 -0.0652185 21.297 
-0.0704577 0.0417799 -0.996639 -31.2604 0.0103706 0.999099 0.0411499 0.705763 0.997461 -0.00743638 -0.0708275 21.2064 
-0.0775729 0.0399885 -0.996184 -32.2908 0.0096041 0.999179 0.0393609 0.732126 0.99694 -0.00651408 -0.0778932 21.1027 
-0.0839562 0.0425732 -0.99556 -33.3571 0.00988807 0.999073 0.0418896 0.763313 0.99642 -0.00632723 -0.0842994 20.9861 
-0.0895214 0.0473491 -0.994859 -34.4567 0.00827016 0.99887 0.0467959 0.799318 0.995951 -0.00403837 -0.0898119 20.8403 
-0.0955948 0.0501373 -0.994157 -35.5381 0.00585915 0.998742 0.0498051 0.836616 0.995403 -0.00106376 -0.0957683 20.7125 
-0.100198 0.0521589 -0.993599 -36.6174 0.0026548 0.998635 0.0521556 0.881001 0.994964 0.00258812 -0.1002 20.5742 
-0.103076 0.053369 -0.993241 -37.6894 -0.00137114 0.998551 0.0537966 0.919812 0.994673 0.00690706 -0.102853 20.4404 
-0.10483 0.0543682 -0.993003 -38.7679 -0.00519872 0.998461 0.0552158 0.965903 0.994477 0.0109507 -0.104386 20.2978 
-0.106643 0.0542401 -0.992817 -39.8631 -0.00682562 0.998448 0.0552808 1.00734 0.994274 0.0126719 -0.106107 20.1614 
-0.107956 0.0530165 -0.992741 -40.9496 -0.00706538 0.998511 0.054093 1.0562 0.994131 0.0128538 -0.107421 20.0112 
-0.108183 0.0518901 -0.992776 -42.0621 -0.00888858 0.998546 0.0531603 1.11134 0.994091 0.0145754 -0.107564 19.839 
-0.108826 0.0509305 -0.992755 -43.1424 -0.0109296 0.998565 0.0524267 1.15205 0.994001 0.0165559 -0.108114 19.6876 
-0.109236 0.0481584 -0.992849 -44.2246 -0.0150826 0.99863 0.0500983 1.19456 0.993901 0.0204473 -0.10836 19.5348 
-0.108614 0.0430063 -0.993153 -45.3207 -0.0209206 0.998744 0.0455363 1.23889 0.993864 0.0257233 -0.107578 19.3685 
-0.108039 0.0423767 -0.993243 -46.4149 -0.0221263 0.998741 0.045018 1.27894 0.9939 0.0268405 -0.106965 19.2273 
-0.106935 0.0461413 -0.993195 -47.5433 -0.022806 0.998546 0.0488454 1.32448 0.994004 0.0278742 -0.105727 19.0912 
-0.104942 0.0496221 -0.99324 -48.6665 -0.0232624 0.998359 0.0523357 1.3589 0.994206 0.0285974 -0.103616 18.9483 
-0.103591 0.0492223 -0.993401 -49.7665 -0.0211776 0.998439 0.0516803 1.40323 0.994395 0.0263915 -0.102387 18.8199 
-0.101242 0.0487794 -0.993665 -50.8821 -0.0205703 0.998481 0.0511117 1.44284 0.994649 0.0256147 -0.100084 18.6862 
-0.0968398 0.0492937 -0.994079 -52.0199 -0.0253517 0.998327 0.0519741 1.48538 0.994977 0.0302348 -0.0954281 18.5424 
-0.0907952 0.0501401 -0.994607 -53.1594 -0.0306023 0.99812 0.0531108 1.52917 0.995399 0.0352595 -0.08909 18.4037 
-0.0849084 0.0495358 -0.995157 -54.2928 -0.0342378 0.998029 0.0526 1.57238 0.9958 0.0385382 -0.083045 18.2806 
-0.0794044 0.0488656 -0.995644 -55.4057 -0.0358169 0.998013 0.0518384 1.61946 0.996199 0.0397771 -0.0774965 18.1721 
-0.073825 0.0483466 -0.996099 -56.5393 -0.0349967 0.998083 0.0510367 1.65936 0.996657 0.038628 -0.0719916 18.0697 
-0.0687116 0.0483331 -0.996465 -57.688 -0.032716 0.998179 0.0506722 1.70481 0.9971 0.0360822 -0.0670052 17.9744 
-0.063346 0.0490549 -0.996785 -58.8268 -0.0312235 0.998205 0.0511091 1.74548 0.997503 0.0343607 -0.0617006 17.8885 
-0.0585727 0.0508557 -0.996987 -59.9778 -0.0298025 0.998167 0.0526668 1.78747 0.997838 0.0327976 -0.0569497 17.8146 
-0.0530941 0.0516703 -0.997252 -61.1393 -0.0306389 0.998106 0.0533458 1.83553 0.998119 0.0333871 -0.0514104 17.7345 
-0.0476731 0.051261 -0.997547 -62.2961 -0.0301802 0.998152 0.0527344 1.8759 0.998407 0.0326203 -0.046038 17.6568 
-0.0422144 0.0467021 -0.998017 -63.4546 -0.0306713 0.998376 0.0480163 1.9243 0.998638 0.0326374 -0.0407134 17.577 
-0.0383105 0.041148 -0.998418 -64.6068 -0.0304798 0.998639 0.0423266 1.96459 0.998801 0.0320532 -0.0370041 17.5224 
-0.0342423 0.0403703 -0.998598 -65.7669 -0.0297873 0.998699 0.0413958 2.00204 0.99897 0.0311631 -0.0329952 17.46 
-0.0314052 0.0426528 -0.998596 -66.9254 -0.0295181 0.998614 0.0435818 2.03425 0.999071 0.0308454 -0.0301026 17.4079 
-0.0292773 0.0420296 -0.998687 -68.0847 -0.0297086 0.998638 0.0428984 2.07111 0.99913 0.0309256 -0.0279888 17.3489 
-0.028222 0.0413838 -0.998745 -69.2601 -0.0317473 0.998602 0.0422749 2.11211 0.999097 0.0329005 -0.0268687 17.2862 
-0.0267021 0.0424573 -0.998741 -70.434 -0.0331163 0.998512 0.043333 2.14118 0.999095 0.0342318 -0.0252563 17.2184 
-0.0251989 0.0419676 -0.998801 -71.6113 -0.0344139 0.99849 0.0428228 2.17613 0.99909 0.0354517 -0.0237165 17.1581 
-0.0241977 0.0402155 -0.998898 -72.7866 -0.0349717 0.998545 0.0410485 2.20526 0.999095 0.0359265 -0.0227561 17.1068 
-0.0239663 0.0392037 -0.998944 -73.9675 -0.0329136 0.998658 0.0399822 2.23135 0.999171 0.0338371 -0.0226438 17.0682 
-0.0237807 0.0390982 -0.998952 -75.152 -0.0298603 0.998761 0.0398016 2.26362 0.999271 0.0307756 -0.0225838 17.0248 
-0.0237852 0.0397561 -0.998926 -76.3328 -0.0277804 0.998797 0.0404124 2.2947 0.999331 0.0287118 -0.0226522 16.9827 
-0.0237182 0.0423168 -0.998823 -77.5132 -0.0285422 0.998668 0.042988 2.32726 0.999311 0.0295282 -0.0224787 16.9299 
-0.0236525 0.0468573 -0.998622 -78.6875 -0.0301932 0.998412 0.0475626 2.3479 0.999264 0.0312766 -0.0222002 16.8794 
-0.0228517 0.0473154 -0.998619 -79.8642 -0.0312309 0.998358 0.0480177 2.38099 0.999251 0.0322851 -0.0213364 16.8313 
-0.0215931 0.0450254 -0.998752 -81.0371 -0.0323202 0.998432 0.0457097 2.41675 0.999244 0.033267 -0.020104 16.7669 
-0.0216467 0.0424706 -0.998863 -82.2362 -0.0318068 0.998562 0.0431471 2.45112 0.99926 0.0327046 -0.0202648 16.7245 
-0.0217946 0.0419315 -0.998883 -83.4118 -0.0292609 0.998665 0.0425608 2.48232 0.999334 0.0301558 -0.0205386 16.685 
-0.0219173 0.0434201 -0.998817 -84.5977 -0.0281266 0.998634 0.0440294 2.51644 0.999364 0.0290584 -0.0206661 16.6455 
-0.0211267 0.0462202 -0.998708 -85.7658 -0.0275057 0.998526 0.0467936 2.54856 0.999398 0.0284588 -0.0198242 16.5977 
-0.0207093 0.0487143 -0.998598 -86.9435 -0.0273371 0.998411 0.0492721 2.58681 0.999412 0.0283192 -0.0193447 16.5513 
-0.0205542 0.0492617 -0.998574 -88.11 -0.0290523 0.998334 0.0498478 2.61763 0.999367 0.0300355 -0.0190888 16.5012 
-0.0203064 0.0471613 -0.998681 -89.2604 -0.0284647 0.998455 0.0477294 2.65488 0.999389 0.0293964 -0.0189326 16.4555 
-0.0193731 0.0454526 -0.998779 -90.4322 -0.0266553 0.998588 0.0459609 2.69933 0.999457 0.0275132 -0.0181342 16.4041 
-0.0192191 0.0463031 -0.998743 -91.6181 -0.0256393 0.998576 0.0467887 2.7417 0.999487 0.0265063 -0.0180045 16.361 
-0.0189698 0.0493834 -0.9986 -92.8047 -0.0239231 0.998471 0.0498315 2.77816 0.999534 0.0248349 -0.0177594 16.3213 
-0.0194275 0.0518929 -0.998464 -94.0217 -0.0224489 0.998378 0.0523253 2.81945 0.999559 0.023431 -0.018231 16.3015 
-0.0190717 0.0537378 -0.998373 -95.195 -0.0229987 0.998267 0.0541714 2.85953 0.999554 0.0239944 -0.0178027 16.263 
-0.0185834 0.0554365 -0.998289 -96.3747 -0.0255907 0.998108 0.0559028 2.90606 0.9995 0.0265858 -0.0171295 16.2188 
-0.0182107 0.0543685 -0.998355 -97.5444 -0.0275257 0.998115 0.0548575 2.95258 0.999455 0.0284794 -0.0166798 16.1789 
-0.0185465 0.0501661 -0.998569 -98.7114 -0.0299589 0.998264 0.0507072 3.00025 0.999379 0.0308565 -0.0170114 16.1348 
-0.0187744 0.0483016 -0.998656 -99.8915 -0.0312338 0.998317 0.0488723 3.04893 0.999336 0.0321094 -0.0172342 16.1034 
-0.0187708 0.0468302 -0.998727 -101.051 -0.0316136 0.998375 0.0474079 3.08514 0.999324 0.0324633 -0.0172599 16.0584 
-0.0190012 0.0469182 -0.998718 -102.217 -0.0295324 0.998436 0.0474668 3.1312 0.999383 0.0303965 -0.0175859 16.0226 
-0.0194124 0.0492522 -0.998598 -103.375 -0.0296723 0.998318 0.0498152 3.16649 0.999371 0.0305978 -0.0179183 15.985 
-0.0199852 0.0515043 -0.998473 -104.534 -0.0284141 0.99824 0.052061 3.20095 0.999396 0.0294112 -0.0184866 15.9523 
-0.020772 0.0501068 -0.998528 -105.708 -0.03121 0.998224 0.0507408 3.24941 0.999297 0.0322181 -0.0191712 15.9065 
-0.0213448 0.0513641 -0.998452 -106.866 -0.0356132 0.998007 0.0521025 3.2923 0.999138 0.0366702 -0.019473 15.8546 
-0.0217375 0.0502473 -0.9985 -108.034 -0.0389731 0.997935 0.0510673 3.33476 0.999004 0.0400248 -0.0197344 15.8063 
-0.0221036 0.04642 -0.998677 -109.214 -0.0398077 0.998088 0.0472737 3.37676 0.998963 0.0408001 -0.0202135 15.7594 
-0.0228763 0.0419399 -0.998858 -110.394 -0.0394446 0.998304 0.04282 3.42381 0.99896 0.0403792 -0.0211832 15.7145 
-0.0241354 0.0411608 -0.998861 -111.583 -0.0357101 0.998479 0.0420079 3.45994 0.999071 0.0366833 -0.0226289 15.6669 
-0.0248368 0.0406344 -0.998865 -112.796 -0.0310886 0.998659 0.041399 3.49383 0.999208 0.0320816 -0.0235402 15.6259 
-0.0254576 0.042223 -0.998784 -114.034 -0.0300342 0.998624 0.0429818 3.53947 0.999225 0.031092 -0.0241545 15.5708 
-0.0263724 0.0463474 -0.998577 -115.264 -0.0293545 0.998458 0.0471171 3.57402 0.999221 0.0305553 -0.0249712 15.5213 
-0.0276385 0.0464462 -0.998538 -116.485 -0.0276998 0.998501 0.0472112 3.61419 0.999234 0.0289642 -0.0263105 15.4801 
-0.028033 0.0417368 -0.998735 -117.738 -0.0279025 0.998706 0.0425188 3.66271 0.999218 0.0290592 -0.0268322 15.42 
-0.0287818 0.0383271 -0.998851 -118.997 -0.0282288 0.998835 0.0391399 3.70055 0.999187 0.0293229 -0.0276664 15.3567 
-0.0293195 0.0367546 -0.998894 -120.26 -0.0275964 0.998913 0.0375653 3.7382 0.999189 0.0286673 -0.0282733 15.2879 
-0.0302508 0.0382469 -0.99881 -121.505 -0.0296965 0.998792 0.0391456 3.76748 0.999101 0.0308454 -0.0290784 15.2294 
-0.0301999 0.0430842 -0.998615 -122.764 -0.0353948 0.998398 0.0441452 3.80069 0.998917 0.036679 -0.0286266 15.1474 
-0.030135 0.0460528 -0.998484 -124.046 -0.0406001 0.998057 0.0472584 3.84171 0.998721 0.0419628 -0.0282067 15.0679 
-0.0302264 0.0454693 -0.998508 -125.309 -0.0477808 0.997757 0.0468815 3.88685 0.9984 0.0491266 -0.0279861 14.9913 
-0.030403 0.0437196 -0.998581 -126.577 -0.050953 0.997676 0.0452314 3.92136 0.998238 0.0522559 -0.0281048 14.9301 
-0.031406 0.042394 -0.998607 -127.846 -0.0531229 0.997617 0.0440227 3.96173 0.998094 0.0544315 -0.0290791 14.8674 
-0.0325944 0.0420271 -0.998585 -129.102 -0.053057 0.997634 0.0437189 3.99204 0.998059 0.0544069 -0.0302875 14.8066 
-0.0336216 0.0412263 -0.998584 -130.361 -0.0503064 0.997813 0.0428882 4.0251 0.998168 0.0516772 -0.0314741 14.7544 
-0.0340019 0.0420407 -0.998537 -131.612 -0.0505523 0.997764 0.0437295 4.05509 0.998142 0.0519653 -0.0318006 14.6901 
-0.0344745 0.0470334 -0.998298 -132.902 -0.0502272 0.997548 0.0487326 4.09654 0.998143 0.0518218 -0.0320277 14.6112 
-0.0354944 0.0511846 -0.998058 -134.187 -0.0486459 0.997415 0.0528816 4.13873 0.998185 0.0504285 -0.0329127 14.5514 
-0.0364435 0.0495546 -0.998106 -135.431 -0.0488043 0.99749 0.0513059 4.18248 0.998143 0.0505817 -0.0339336 14.4982 
-0.0357881 0.0483379 -0.99819 -136.682 -0.0482008 0.997584 0.0500367 4.22652 0.998196 0.0499043 -0.0333717 14.4294 
-0.0353398 0.0478383 -0.99823 -137.938 -0.0470882 0.997665 0.0494783 4.26699 0.998265 0.0487535 -0.0330046 14.3773 
-0.0346107 0.0470612 -0.998292 -139.187 -0.0471641 0.997701 0.0486685 4.30826 0.998287 0.048768 -0.0323115 14.3121 
-0.0347369 0.049137 -0.998188 -140.45 -0.0474106 0.997585 0.0507572 4.35317 0.998271 0.0490879 -0.0323234 14.2599 
-0.0346532 0.0529252 -0.997997 -141.699 -0.0481897 0.997347 0.054564 4.39448 0.998237 0.049984 -0.0320108 14.2037 
-0.0336961 0.0537692 -0.997985 -142.963 -0.0496807 0.997227 0.0554059 4.44239 0.998197 0.0514476 -0.0309314 14.1401 
-0.0326535 0.051044 -0.998162 -144.216 -0.0518633 0.997263 0.0526946 4.48864 0.99812 0.0534887 -0.0299169 14.0697 
-0.032599 0.0483614 -0.998298 -145.459 -0.0511093 0.997441 0.0499888 4.53084 0.998161 0.0526519 -0.0300439 14.0067 
-0.032428 0.0467624 -0.99838 -146.718 -0.0484379 0.997658 0.0483019 4.57604 0.9983 0.0499258 -0.0300869 13.9371 
-0.0327453 0.045897 -0.998409 -147.971 -0.0463204 0.997802 0.0473883 4.62179 0.99839 0.0477985 -0.0305474 13.8782 
-0.0330036 0.0464281 -0.998376 -149.22 -0.0434439 0.99791 0.0478426 4.65723 0.998511 0.0449524 -0.0309176 13.8157 
-0.0335407 0.04478 -0.998434 -150.463 -0.0417123 0.998063 0.0461646 4.70138 0.998567 0.0431954 -0.0316078 13.7614 
-0.0336585 0.0448878 -0.998425 -151.708 -0.0407007 0.998101 0.0462453 4.74232 0.998604 0.0421931 -0.0317676 13.6923 
-0.0332695 0.0469148 -0.998345 -152.979 -0.0380697 0.998113 0.0481726 4.7996 0.998721 0.0396094 -0.0314207 13.6122 
-0.0346586 0.0482843 -0.998232 -154.201 -0.0347883 0.998169 0.049489 4.83664 0.998794 0.0364421 -0.0329154 13.5704 
-0.0347973 0.0469863 -0.998289 -155.419 -0.0326325 0.998308 0.0481246 4.87443 0.998862 0.0342514 -0.0332051 13.509 
-0.0352272 0.0476724 -0.998242 -156.669 -0.0344437 0.99821 0.0488864 4.91053 0.998786 0.0361053 -0.0335221 13.4401 
-0.0359759 0.052448 -0.997975 -157.922 -0.0351539 0.997937 0.0537133 4.95542 0.998734 0.0370151 -0.0340579 13.3799 
-0.0358912 0.0587721 -0.997626 -159.165 -0.0402423 0.997375 0.0602051 5.00341 0.998545 0.0423076 -0.0334318 13.3097 
-0.0351167 0.0581944 -0.997687 -160.393 -0.044653 0.997215 0.0597385 5.06153 0.998385 0.0466476 -0.0324204 13.2344 
-0.033929 0.0544435 -0.99794 -161.635 -0.0482026 0.997264 0.0560455 5.11421 0.998261 0.0500049 -0.0312118 13.163 
-0.032121 0.0487682 -0.998294 -162.87 -0.0505823 0.99745 0.0503545 5.16263 0.998203 0.0521135 -0.0295723 13.0925 
-0.0307776 0.047164 -0.998413 -164.113 -0.0529702 0.997406 0.0487493 5.20318 0.998122 0.0543866 -0.0281995 13.0175 
-0.0294297 0.0442602 -0.998587 -165.314 -0.0483482 0.997787 0.0456496 5.23619 0.998397 0.0496234 -0.0272247 12.9605 
-0.029533 0.0391564 -0.998797 -166.533 -0.0441804 0.998205 0.0404395 5.28021 0.998587 0.0453216 -0.0277501 12.9107 
-0.0306067 0.035966 -0.998884 -167.75 -0.0383386 0.998575 0.0371296 5.30936 0.998796 0.0394323 -0.0291842 12.8685 
-0.0319262 0.0387236 -0.99874 -168.977 -0.0357457 0.998566 0.0398595 5.34275 0.998851 0.0369733 -0.0304962 12.8153 
-0.0314263 0.0451823 -0.998484 -170.222 -0.0359213 0.998281 0.0463037 5.371 0.99886 0.0373221 -0.0297492 12.7552 
-0.0301144 0.0481703 -0.998385 -171.437 -0.0374957 0.998081 0.0492866 5.40874 0.998843 0.0389194 -0.0282505 12.6907 
-0.0289873 0.0448784 -0.998572 -172.652 -0.038429 0.998203 0.0459773 5.44907 0.998841 0.0397069 -0.0272105 12.6377 
-0.0292159 0.0447932 -0.998569 -173.875 -0.041181 0.998093 0.0459768 5.4896 0.998725 0.0424654 -0.0273156 12.5879 
-0.0283751 0.0464574 -0.998517 -175.094 -0.0393503 0.998093 0.0475559 5.51931 0.998823 0.0406414 -0.0264929 12.5345 
-0.027934 0.044304 -0.998628 -176.294 -0.0395264 0.998187 0.0453901 5.55551 0.998828 0.0407401 -0.0261321 12.4796 
-0.0259506 0.0429604 -0.99874 -177.486 -0.0403821 0.998216 0.0439872 5.58872 0.998847 0.0414728 -0.0241694 12.4203 
-0.0245325 0.0446146 -0.998703 -178.633 -0.0421874 0.998068 0.0456225 5.61634 0.998809 0.0432519 -0.0226029 12.3712 
-0.0235726 0.0468151 -0.998625 -179.741 -0.0418634 0.997981 0.0477731 5.63521 0.998845 0.042932 -0.0215651 12.327 
-0.0238317 0.0483446 -0.998546 -180.85 -0.0420314 0.997898 0.0493164 5.66045 0.998832 0.0431456 -0.0217496 12.2908 
-0.0239906 0.0501382 -0.998454 -181.926 -0.0430243 0.997764 0.0511373 5.68161 0.998786 0.0441847 -0.0217798 12.2514 
-0.0248674 0.0507301 -0.998403 -182.986 -0.0412781 0.997808 0.051728 5.71605 0.998838 0.0424985 -0.0227188 12.2158 
-0.0246442 0.0500451 -0.998443 -184.008 -0.0416166 0.997829 0.0510415 5.74529 0.99883 0.0428098 -0.022508 12.1758 
-0.0237614 0.0499851 -0.998467 -184.998 -0.0420332 0.997816 0.0509528 5.77122 0.998834 0.0431795 -0.0216084 12.1411 
-0.0221654 0.0508267 -0.998462 -185.961 -0.0429438 0.997737 0.0517431 5.79705 0.998832 0.0440246 -0.0199326 12.0961 
-0.0234369 0.0495381 -0.998497 -186.905 -0.0412342 0.997874 0.0504751 5.81798 0.998875 0.0423552 -0.0213444 12.0627 
-0.0270173 0.0462675 -0.998564 -187.857 -0.03851 0.998139 0.0472898 5.84803 0.998893 0.0397323 -0.0251852 12.0247 
-0.0327776 0.042848 -0.998544 -188.802 -0.0380365 0.998303 0.0440863 5.87147 0.998739 0.0394262 -0.0310922 11.9842 
-0.0381537 0.0400958 -0.998467 -189.748 -0.0400042 0.998332 0.041619 5.89508 0.998471 0.0415309 -0.0364861 11.9303 
-0.0430441 0.039644 -0.998286 -190.67 -0.0424198 0.998239 0.0414712 5.91166 0.998172 0.0441322 -0.0412866 11.8797 
-0.0464309 0.0398839 -0.998125 -191.617 -0.0436552 0.998167 0.0419164 5.94519 0.997967 0.0455196 -0.0446047 11.8223 
-0.0484528 0.0417 -0.997955 -192.586 -0.0426475 0.998131 0.043778 5.97685 0.997915 0.0446815 -0.0465838 11.7563 
-0.0508862 0.0434518 -0.997759 -193.516 -0.0396664 0.998177 0.045493 6.00006 0.997916 0.0418925 -0.0490698 11.7095 
-0.0527527 0.0435505 -0.997658 -194.444 -0.0375716 0.998255 0.0455632 6.03056 0.997901 0.0398872 -0.0510244 11.6507 
-0.0537916 0.0425053 -0.997647 -195.359 -0.0379602 0.998284 0.0445792 6.05481 0.99783 0.0402689 -0.0520858 11.5848 
-0.0548797 0.0416354 -0.997625 -196.273 -0.0402723 0.998225 0.0438758 6.07489 0.997681 0.0425846 -0.0531055 11.521 
-0.0550261 0.04072 -0.997654 -197.173 -0.0437349 0.998111 0.0431509 6.09852 0.997527 0.0460068 -0.0531413 11.4542 
-0.054271 0.0388169 -0.997772 -198.091 -0.0462444 0.998074 0.041344 6.12474 0.997455 0.0483852 -0.0523714 11.3826 
-0.0532196 0.0361436 -0.997929 -198.995 -0.0464822 0.998172 0.0386313 6.14645 0.9975 0.0484419 -0.0514423 11.3107 
-0.0527425 0.0340311 -0.998028 -199.901 -0.046044 0.998273 0.0364728 6.16396 0.997546 0.0478769 -0.0510845 11.24 
-0.0531519 0.0338926 -0.998011 -200.824 -0.0466274 0.99825 0.0363839 6.18452 0.997497 0.0484686 -0.0514785 11.1856 
-0.052106 0.0366629 -0.997968 -201.758 -0.0445426 0.998246 0.0389988 6.20765 0.997648 0.0464842 -0.0503816 11.1151 
-0.0514406 0.0375919 -0.997968 -202.703 -0.0446237 0.998207 0.039901 6.23793 0.997679 0.0465856 -0.0496709 11.0409 
-0.0508036 0.0341708 -0.998124 -203.633 -0.0394494 0.998566 0.0361938 6.25684 0.997929 0.0412142 -0.0493827 10.9861 
-0.050455 0.030784 -0.998252 -204.578 -0.0379049 0.998746 0.032715 6.28347 0.998007 0.0394893 -0.0492249 10.9216 
-0.0506049 0.0307915 -0.998244 -205.519 -0.0427174 0.998543 0.0329662 6.30682 0.997805 0.0443107 -0.0492158 10.855 
-0.0492329 0.0345277 -0.99819 -206.476 -0.0437485 0.998369 0.0366917 6.32959 0.997829 0.0454758 -0.0476421 10.7852 
-0.0469719 0.0336169 -0.99833 -207.435 -0.041713 0.998496 0.0355851 6.359 0.998025 0.0433149 -0.045499 10.7192 
-0.0451722 0.0349561 -0.998367 -208.406 -0.0409387 0.998483 0.0368125 6.38671 0.99814 0.0425348 -0.0436727 10.6614 
-0.0436781 0.0393228 -0.998272 -209.391 -0.041939 0.998272 0.0411578 6.41525 0.998165 0.0436642 -0.0419535 10.5959 
-0.0408467 0.0437992 -0.998205 -210.404 -0.0395478 0.998185 0.0454166 6.44466 0.998382 0.0413319 -0.0390404 10.5181 
-0.0401187 0.0442205 -0.998216 -211.405 -0.0388965 0.998194 0.0457828 6.47772 0.998438 0.0406639 -0.0383262 10.466 
-0.0380781 0.0444164 -0.998287 -212.4 -0.042231 0.998048 0.0460166 6.51562 0.998382 0.0439109 -0.036128 10.4067 
-0.0352053 0.04629 -0.998308 -213.417 -0.044904 0.997845 0.0478521 6.54728 0.998371 0.0465127 -0.0330508 10.3462 
-0.0314996 0.0465767 -0.998418 -214.434 -0.0463215 0.997772 0.048008 6.58184 0.99843 0.0477605 -0.0292719 10.2879 
-0.0281949 0.0438907 -0.998638 -215.455 -0.0489171 0.997778 0.045234 6.61419 0.998405 0.0501259 -0.0259852 10.232 
-0.0257132 0.0406888 -0.998841 -216.509 -0.0489609 0.997921 0.0419117 6.65196 0.99847 0.0499818 -0.0236676 10.1918 
-0.0244352 0.039902 -0.998905 -217.526 -0.0474752 0.998029 0.0410284 6.68071 0.998574 0.0484258 -0.0224927 10.1504 
-0.022809 0.0420927 -0.998853 -218.586 -0.048439 0.997893 0.0431583 6.71232 0.998566 0.0493679 -0.020722 10.1054 
-0.0213694 0.0457006 -0.998727 -219.655 -0.0504867 0.997631 0.0467307 6.7413 0.998496 0.051421 -0.0190115 10.0553 
-0.0202152 0.0453647 -0.998766 -220.713 -0.0506937 0.997639 0.0463395 6.77378 0.99851 0.051568 -0.0178678 10.0198 
-0.019511 0.0423655 -0.998912 -221.778 -0.0501268 0.997804 0.0432976 6.81162 0.998552 0.0509171 -0.0173445 9.98449 
-0.0196339 0.0393491 -0.999033 -222.862 -0.0470956 0.99808 0.0402371 6.8475 0.998697 0.0478401 -0.017743 9.95513 
-0.0194165 0.0383203 -0.999077 -223.967 -0.0461714 0.998165 0.0391826 6.8791 0.998745 0.0468896 -0.0176115 9.91154 
-0.0189809 0.0375158 -0.999116 -225.101 -0.0464106 0.998186 0.0383626 6.91139 0.998742 0.0470977 -0.0172053 9.85844 
-0.018689 0.0371645 -0.999134 -226.215 -0.0466014 0.998191 0.0380011 6.94661 0.998739 0.0472713 -0.0169232 9.81913 
-0.018849 0.0378203 -0.999107 -227.321 -0.0491322 0.998042 0.0387069 6.98062 0.998614 0.0498179 -0.0169539 9.77388 
-0.0191001 0.0400952 -0.999013 -228.445 -0.0496949 0.997923 0.0410015 7.01086 0.998582 0.0504291 -0.0170679 9.72933 
-0.0206093 0.0417762 -0.998914 -229.565 -0.0496179 0.997853 0.0427555 7.03957 0.998556 0.0504453 -0.0184922 9.6967 
-0.0214462 0.043414 -0.998827 -230.718 -0.0510455 0.997706 0.0444613 7.08028 0.998466 0.0519392 -0.0191809 9.65174 
-0.0228493 0.0445474 -0.998746 -231.869 -0.0531359 0.997541 0.0457092 7.11348 0.998326 0.0541137 -0.020426 9.61245 
-0.0235147 0.0431352 -0.998793 -233.003 -0.0556789 0.997462 0.0443886 7.14895 0.998172 0.0566555 -0.0210533 9.548 
-0.0246294 0.0387341 -0.998946 -234.164 -0.0540869 0.997734 0.0400207 7.18599 0.998232 0.0550156 -0.0224785 9.49385 
-0.0256901 0.0328326 -0.999131 -235.328 -0.0510089 0.998116 0.0341108 7.21612 0.998368 0.0518409 -0.0239669 9.43596 
-0.0276782 0.028717 -0.999204 -236.504 -0.0460094 0.998491 0.029971 7.23914 0.998558 0.0468024 -0.0263152 9.38756 
-0.0300308 0.0298216 -0.999104 -237.686 -0.0391392 0.998753 0.0309876 7.25179 0.998782 0.0400348 -0.0288262 9.33878 
-0.0319533 0.0337403 -0.99892 -238.882 -0.0347014 0.99879 0.034846 7.27513 0.998887 0.0357774 -0.0307438 9.27988 
-0.0344194 0.0363602 -0.998746 -240.093 -0.0325316 0.998768 0.0374822 7.30149 0.998878 0.0337809 -0.0331941 9.22748 
-0.0365314 0.0362749 -0.998674 -241.322 -0.031007 0.998819 0.0374144 7.32661 0.998851 0.0323327 -0.0353635 9.16614 
-0.0386718 0.0376186 -0.998544 -242.459 -0.0315391 0.998747 0.0388477 7.34269 0.998754 0.0329955 -0.0374369 9.10112 
-0.04085 0.0391533 -0.998398 -243.693 -0.030756 0.998709 0.0404239 7.37105 0.998692 0.0323581 -0.0395931 9.03111 
-0.0429397 0.0388337 -0.998323 -244.921 -0.0296335 0.998755 0.0401251 7.40406 0.998638 0.0313068 -0.0417355 8.9549 
-0.0451319 0.0377526 -0.998267 -246.135 -0.0301382 0.998779 0.0391345 7.42922 0.998526 0.0318522 -0.043939 8.86366 
-0.0472663 0.037131 -0.998192 -247.376 -0.0295347 0.99882 0.0385529 7.47003 0.998446 0.0313036 -0.0461139 8.77632 
-0.0499741 0.0380153 -0.998027 -248.602 -0.029476 0.998784 0.0395201 7.50404 0.998316 0.0313929 -0.0487928 8.69864 
-0.0525734 0.0384158 -0.997878 -249.844 -0.0298816 0.998752 0.0400238 7.53662 0.99817 0.0319225 -0.0513598 8.61421 
-0.0552697 0.0395637 -0.997687 -251.101 -0.031479 0.998649 0.0413457 7.56711 0.997975 0.0336914 -0.0539496 8.5201 
-0.0571363 0.0414201 -0.997507 -252.367 -0.0337946 0.998486 0.0433965 7.60213 0.997794 0.0361899 -0.0556501 8.40829 
-0.0583876 0.0422835 -0.997398 -253.617 -0.0355814 0.99838 0.044408 7.63318 0.99766 0.0380818 -0.0567885 8.29961 
-0.0591926 0.0427002 -0.997333 -254.887 -0.0383372 0.99825 0.0450148 7.67049 0.99751 0.0408995 -0.057452 8.1898 
-0.0591939 0.0425624 -0.997339 -256.171 -0.0388171 0.998237 0.0449046 7.71411 0.997492 0.041372 -0.0574373 8.08871 
-0.0596024 0.0413621 -0.997365 -257.461 -0.038239 0.998313 0.0436866 7.75446 0.99749 0.0407421 -0.0579202 7.99568 
-0.0594936 0.0406685 -0.9974 -258.717 -0.0355725 0.998449 0.0428331 7.78614 0.997595 0.0380284 -0.0579546 7.90044 
-0.0598629 0.0406384 -0.997379 -259.987 -0.0344798 0.998491 0.0427532 7.81592 0.997611 0.0369488 -0.0583713 7.80258 
-0.0598211 0.0407079 -0.997379 -261.258 -0.0340252 0.998504 0.0427947 7.85679 0.997629 0.036496 -0.0583465 7.70474 
-0.059944 0.0407859 -0.997368 -262.518 -0.0333858 0.998524 0.0428397 7.88885 0.997643 0.035866 -0.0584938 7.61068 
-0.0597141 0.0414096 -0.997356 -263.793 -0.03319 0.998504 0.0434445 7.92617 0.997664 0.0356965 -0.0582504 7.51136 
-0.0599534 0.042509 -0.997296 -265.054 -0.0307226 0.998541 0.044409 7.96121 0.997728 0.033302 -0.0585599 7.41771 
-0.0604709 0.0449249 -0.997159 -266.311 -0.0262388 0.99857 0.0465797 7.99751 0.997825 0.028981 -0.0592057 7.33611 
-0.0605494 0.0483723 -0.996992 -267.567 -0.0225457 0.998504 0.0498149 8.04313 0.997911 0.0254942 -0.0593682 7.23956 
-0.0606642 0.0510632 -0.996851 -268.824 -0.0202383 0.998422 0.0523753 8.08033 0.997953 0.0233519 -0.059535 7.14603 
-0.059916 0.0492412 -0.996988 -270.084 -0.0208131 0.998504 0.0505669 8.12738 0.997986 0.0237802 -0.0588015 7.02801 
-0.0602625 0.0475013 -0.997052 -271.327 -0.022835 0.99854 0.0489524 8.17143 0.997921 0.0257177 -0.0590898 6.94267 
-0.0610849 0.0503537 -0.996862 -272.562 -0.0283419 0.998237 0.0521599 8.2125 0.99773 0.0314391 -0.05955 6.84311 
-0.061037 0.0562333 -0.99655 -273.802 -0.0338429 0.997721 0.0583721 8.25648 0.997562 0.037289 -0.0589948 6.7331 
-0.061197 0.0554083 -0.996587 -275.05 -0.037669 0.997619 0.0577788 8.30686 0.997415 0.0410763 -0.0589641 6.63572 
-0.0610475 0.0488129 -0.996941 -276.268 -0.0371032 0.998002 0.0511369 8.35126 0.997445 0.0401115 -0.0591145 6.5389 
-0.061346 0.0435146 -0.997168 -277.51 -0.0345067 0.99836 0.0456895 8.39162 0.99752 0.0372119 -0.0597438 6.43769 
-0.0616686 0.0425478 -0.997189 -278.748 -0.0281774 0.998619 0.0443513 8.43392 0.997699 0.0308333 -0.0603845 6.35725 
-0.0605128 0.0445199 -0.997174 -279.963 -0.0252154 0.998618 0.0461146 8.46421 0.997849 0.0279347 -0.0593066 6.25411 
-0.0590319 0.0465632 -0.99717 -281.196 -0.0238298 0.998561 0.0480389 8.50414 0.997972 0.0265983 -0.0578374 6.1627 
-0.0574171 0.0487542 -0.997159 -282.462 -0.0250936 0.998421 0.0502608 8.54957 0.998035 0.0279082 -0.056103 6.04296 
-0.0562323 0.0501223 -0.997159 -283.681 -0.0263387 0.998317 0.0516658 8.59146 0.99807 0.0291692 -0.0548176 5.9422 
-0.0558652 0.051102 -0.99713 -284.9 -0.0272194 0.99824 0.0526839 8.63252 0.998067 0.0300845 -0.054376 5.85865 
-0.0552284 0.0508573 -0.997178 -286.164 -0.026864 0.998265 0.0524006 8.66531 0.998112 0.0296822 -0.0537664 5.77756 
-0.0550825 0.049245 -0.997267 -287.389 -0.0272621 0.998337 0.0508036 8.70695 0.99811 0.029986 -0.0536483 5.68732 
-0.0545932 0.0482189 -0.997344 -288.598 -0.0268281 0.998402 0.0497386 8.74659 0.998148 0.0294723 -0.0532123 5.59195 
-0.0544766 0.0480938 -0.997356 -289.827 -0.0269735 0.998404 0.0496176 8.78404 0.998151 0.0296052 -0.0530924 5.50308 
-0.0544623 0.0477813 -0.997372 -291.064 -0.0280695 0.998386 0.0493626 8.83329 0.998121 0.0306841 -0.0530332 5.41916 
-0.054815 0.0481706 -0.997334 -292.343 -0.0284685 0.998354 0.0497846 8.87304 0.998091 0.0311216 -0.0533534 5.3508 
-0.05468 0.0481563 -0.997342 -293.596 -0.027978 0.99837 0.0497399 8.91794 0.998112 0.0306234 -0.0532436 5.26685 
-0.0548764 0.0463587 -0.997416 -294.832 -0.0275495 0.998471 0.0479235 8.96217 0.998113 0.0301082 -0.0535154 5.17809 
-0.0549689 0.0436621 -0.997533 -296.054 -0.0276231 0.998595 0.0452308 9.00375 0.998106 0.0300413 -0.0536855 5.08689 
-0.055467 0.0410511 -0.997616 -297.265 -0.0284098 0.998685 0.0426746 9.03419 0.998056 0.0307092 -0.0542278 4.99332 
-0.0558618 0.0394961 -0.997657 -298.496 -0.0297986 0.998706 0.0412061 9.06826 0.997994 0.0320306 -0.0546126 4.90096 
-0.056284 0.039551 -0.997631 -299.722 -0.0328923 0.998599 0.0414451 9.09976 0.997873 0.0351471 -0.0549042 4.79717 
-0.0570765 0.0407403 -0.997538 -300.956 -0.0356962 0.998445 0.0428197 9.12494 0.997732 0.0380523 -0.0555334 4.70913 
-0.0575531 0.0411622 -0.997494 -302.205 -0.0397712 0.998262 0.0434886 9.16984 0.99755 0.0421745 -0.055816 4.60739 
-0.0578083 0.0407829 -0.997494 -303.439 -0.0411233 0.99822 0.0431958 9.20717 0.99748 0.0435174 -0.0560283 4.50878 
-0.0585868 0.0386982 -0.997532 -304.676 -0.0408025 0.998321 0.0411252 9.24079 0.997448 0.0431112 -0.0569095 4.41525 
-0.0597068 0.0365352 -0.997547 -305.919 -0.0383296 0.998509 0.0388646 9.27226 0.99748 0.0405561 -0.0582174 4.33001 
-0.0612215 0.036422 -0.997459 -307.155 -0.0351998 0.998634 0.0386253 9.29707 0.997503 0.0374751 -0.0598558 4.24465 
-0.0625259 0.0385582 -0.997298 -308.424 -0.0330226 0.998626 0.0406799 9.32865 0.997497 0.0354769 -0.0611668 4.16388 
