1 2.12261e-08 -2.11895e-08 0 2.12261e-08 1 2.10703e-08 0 -2.11895e-08 2.10703e-08 1 0 
0.999999 0.000491891 0.00168436 -0.00802841 -0.000490358 1 -0.000885116 -0.00584748 -0.00168484 0.000884331 0.999998 0.453722 
0.999992 0.00215337 0.00340021 -0.0134016 -0.00214721 0.999996 -0.00180015 -0.0120763 -0.00340411 0.00179288 0.999993 0.91183 
0.999981 0.00356688 0.00506074 -0.0218451 -0.0035552 0.999991 -0.00230742 -0.0201303 -0.00506897 0.00228942 0.999985 1.3885 
0.999972 0.0034832 0.00661218 -0.0270879 -0.00346711 0.999991 -0.00243677 -0.0259197 -0.00662065 0.00241381 0.999975 1.88099 
0.999961 0.00313426 0.00828009 -0.0307141 -0.00311635 0.999993 -0.00217058 -0.0329534 -0.00828688 0.00214473 0.999963 2.3788 
0.999945 0.00237294 0.010267 -0.0328287 -0.00236076 0.999997 -0.00119398 -0.0389657 -0.0102698 0.00116972 0.999947 2.88846 
0.999928 0.00229177 0.0118061 -0.0346762 -0.00229734 0.999997 0.000462078 -0.0470334 -0.0118051 -0.000489125 0.99993 3.40136 
0.999916 0.00274426 0.0126825 -0.0355909 -0.00276356 0.999995 0.00150766 -0.0555666 -0.0126784 -0.00154254 0.999918 3.91945 
0.999904 0.00366194 0.0133857 -0.040384 -0.00367864 0.999993 0.00122656 -0.061351 -0.0133812 -0.00127564 0.99991 4.43457 
0.999886 0.00438354 0.0144458 -0.0440209 -0.00439529 0.99999 0.00078488 -0.0693969 -0.0144423 -0.000848243 0.999895 4.94809 
0.999866 0.00623546 0.0151489 -0.0480617 -0.00624218 0.99998 0.000398578 -0.0719473 -0.0151461 -0.000493045 0.999885 5.46319 
0.999845 0.00768613 0.0158535 -0.0470776 -0.00768324 0.99997 -0.000240363 -0.0782951 -0.0158549 0.000118561 0.999874 5.99336 
0.999821 0.00860541 0.0168815 -0.0529659 -0.00859146 0.999963 -0.000895634 -0.0866176 -0.0168886 0.000750478 0.999857 6.51879 
0.99981 0.00842292 0.017557 -0.0393894 -0.00840522 0.999964 -0.00107943 -0.0942438 -0.0175655 0.000931699 0.999845 7.03749 
0.999762 0.0111349 0.0187787 -0.0384241 -0.0111105 0.999937 -0.00139823 -0.115314 -0.0187932 0.0011893 0.999823 7.54163 
0.999734 0.0116614 0.0198963 -0.0320994 -0.0116264 0.999931 -0.00187086 -0.123865 -0.0199168 0.00163909 0.9998 8.08389 
0.999666 0.012478 0.0226462 -0.0299641 -0.0124348 0.999921 -0.00204672 -0.132558 -0.02267 0.00176447 0.999741 8.64175 
0.99957 0.0128316 0.0263863 -0.0214945 -0.012778 0.999916 -0.00219725 -0.140919 -0.0264123 0.00185918 0.999649 9.20106 
0.999435 0.0133469 0.0308344 -0.0267994 -0.0132671 0.999908 -0.00279046 -0.150052 -0.0308689 0.00237985 0.999521 9.79231 
0.999266 0.0132805 0.0359394 -0.0168515 -0.0131687 0.999908 -0.00334281 -0.16119 -0.0359805 0.00286712 0.999348 10.3656 
0.999026 0.0138119 0.0419159 -0.00162734 -0.0136839 0.999901 -0.00333939 -0.171164 -0.0419579 0.00276261 0.999116 10.951 
0.998755 0.013628 0.0479851 0.0201401 -0.0135036 0.999905 -0.00291399 -0.183133 -0.0480203 0.00226243 0.998844 11.5582 
0.998436 0.0134681 0.0542616 0.0356071 -0.0133052 0.999906 -0.00336198 -0.20243 -0.0543018 0.0026348 0.998521 12.1564 
0.998126 0.0109295 0.0602069 0.0782626 -0.0106999 0.999934 -0.0041349 -0.215203 -0.0602482 0.00348298 0.998177 12.7556 
0.997739 0.00997654 0.0664687 0.109777 -0.009686 0.999942 -0.00469137 -0.22328 -0.0665117 0.00403699 0.997778 13.3791 
0.997277 0.0126278 0.0726622 0.15061 -0.0121684 0.999903 -0.00676059 -0.231528 -0.0727406 0.00585803 0.997334 14.0146 
0.996736 0.0164474 0.0790326 0.184352 -0.0157259 0.999829 -0.00974177 -0.247266 -0.0791793 0.00846716 0.996824 14.6548 
0.996284 0.0135805 0.085048 0.230051 -0.0127692 0.999868 -0.0100756 -0.254637 -0.0851736 0.00895223 0.996326 15.3147 
0.995972 0.00648119 0.0894302 0.304731 -0.00584688 0.999956 -0.00735242 -0.26165 -0.0894739 0.00679996 0.995966 16.0072 
0.99555 0.00104708 0.0942303 0.368342 -0.000666491 0.999992 -0.00406982 -0.267883 -0.0942338 0.00398894 0.995542 16.6973 
0.995147 0.00187115 0.0983833 0.427225 -0.00181272 0.999998 -0.000682769 -0.275958 -0.0983844 0.000501153 0.995148 17.4132 
0.994921 0.000475723 0.100663 0.47974 -0.000432224 1 -0.000453487 -0.289413 -0.100663 0.000407714 0.994921 18.1346 
0.994898 -0.00354193 0.100822 0.546499 0.00381562 0.99999 -0.00252139 -0.290892 -0.100813 0.00289326 0.994901 18.8745 
0.995059 -0.00944945 0.098833 0.622291 0.00992246 0.999942 -0.00429501 -0.298037 -0.0987867 0.00525449 0.995095 19.6326 
0.995475 -0.0127091 0.0941721 0.673997 0.0131996 0.999902 -0.00458687 -0.310716 -0.0941047 0.00580918 0.995545 20.3928 
0.996148 -0.0124073 0.0868007 0.726332 0.0128699 0.999906 -0.00477106 -0.322232 -0.0867333 0.00586984 0.996214 21.1846 
0.996918 -0.0122359 0.0774974 0.772289 0.0124987 0.999918 -0.00290755 -0.332472 -0.0774555 0.00386725 0.996988 21.9919 
0.997615 -0.0127336 0.0678379 0.809413 0.0128318 0.999917 -0.00101171 -0.341369 -0.0678194 0.00187983 0.997696 22.8074 
0.998212 -0.0121045 0.0585335 0.837537 0.0120079 0.999926 0.00200364 -0.351224 -0.0585535 -0.00129715 0.998283 23.6406 
0.998657 -0.0114744 0.0505184 0.860692 0.0112731 0.999927 0.0042674 -0.362962 -0.0505637 -0.00369213 0.998714 24.4786 
0.998991 -0.010309 0.0437033 0.87865 0.0100978 0.999936 0.00505252 -0.371579 -0.0437526 -0.00460608 0.999032 25.3124 
0.999228 -0.00914361 0.038216 0.889496 0.00894732 0.999946 0.00530535 -0.379331 -0.0382625 -0.00495928 0.999255 26.1488 
0.999427 -0.00782387 0.0329442 0.898725 0.00764704 0.999956 0.00549131 -0.391268 -0.0329857 -0.00523619 0.999442 26.9727 
0.999575 -0.00819198 0.0279891 0.900248 0.00804918 0.999954 0.00521207 -0.404427 -0.0280305 -0.00498452 0.999595 27.8098 
0.999697 -0.00788967 0.0232979 0.900192 0.00778108 0.999958 0.00474963 -0.416296 -0.0233344 -0.00456687 0.999717 28.6426 
0.999796 -0.00691903 0.0189655 0.900942 0.00681641 0.999962 0.00547282 -0.428012 -0.0190026 -0.00534239 0.999805 29.484 
0.999868 -0.00513708 0.0154133 0.897857 0.00504319 0.999969 0.00612702 -0.439618 -0.0154444 -0.00604844 0.999862 30.312 
0.999919 -0.00253508 0.0124883 0.895167 0.0024453 0.999971 0.00720248 -0.451511 -0.0125062 -0.00717131 0.999896 31.1453 
0.999937 -0.000833854 0.0112055 0.878474 0.000755403 0.999975 0.00700729 -0.462072 -0.0112111 -0.00699834 0.999913 31.9645 
0.999946 3.47094e-05 0.0103891 0.868176 -0.000105902 0.999977 0.00685625 -0.479781 -0.0103886 -0.00685694 0.999923 32.7913 
0.999951 0.00196946 0.00968944 0.857994 -0.00202402 0.999982 0.00562885 -0.492709 -0.00967822 -0.00564814 0.999937 33.5981 
0.999946 0.00471287 0.00923357 0.841132 -0.00476383 0.999974 0.00550893 -0.506047 -0.00920741 -0.00555257 0.999942 34.3937 
0.999947 0.00612272 0.00829883 0.832572 -0.00617328 0.999962 0.00608584 -0.517802 -0.0082613 -0.00613671 0.999947 35.1917 
0.999941 0.00760501 0.00774317 0.819493 -0.00765659 0.999949 0.00665909 -0.532627 -0.00769217 -0.00671794 0.999948 35.9735 
0.999929 0.00921078 0.00755059 0.806065 -0.00925959 0.999936 0.00646129 -0.54242 -0.00749063 -0.0065307 0.999951 36.7409 
0.999922 0.0105732 0.00668036 0.797942 -0.0106147 0.999924 0.00621175 -0.552856 -0.00661422 -0.00628213 0.999958 37.4985 
0.999897 0.0126925 0.00667241 0.783735 -0.0127356 0.999898 0.00645707 -0.560767 -0.00658981 -0.00654134 0.999957 38.2391 
0.999857 0.015278 0.00721443 0.769002 -0.0153267 0.99986 0.00675124 -0.578461 -0.00711032 -0.00686081 0.999951 38.964 
0.999788 0.018593 0.00888517 0.750515 -0.0186525 0.999804 0.00666627 -0.589985 -0.00875953 -0.00683054 0.999938 39.6675 
0.999722 0.0204987 0.0116906 0.743654 -0.0205649 0.999773 0.00556892 -0.603625 -0.0115738 -0.00580774 0.999916 40.3713 
0.999633 0.0222761 0.0154078 0.742901 -0.022353 0.999738 0.00484429 -0.617426 -0.0152959 -0.00518689 0.99987 41.0564 
0.999551 0.0221337 0.0202086 0.75029 -0.0222402 0.99974 0.00506673 -0.629079 -0.0200913 -0.00551386 0.999783 41.7405 
0.999408 0.0231186 0.0254871 0.76075 -0.0232719 0.999713 0.00573815 -0.647625 -0.0253472 -0.00632784 0.999659 42.4043 
0.999233 0.0231985 0.0315354 0.775338 -0.0233996 0.999708 0.00602445 -0.652727 -0.0313864 -0.0067577 0.999485 43.0528 
0.998978 0.0226397 0.0391146 0.787312 -0.02291 0.999717 0.00647804 -0.661967 -0.0389569 -0.0073675 0.999214 43.6917 
0.998616 0.0224941 0.0475411 0.812249 -0.0228224 0.999719 0.00637442 -0.671295 -0.0473844 -0.00745056 0.998849 44.3161 
0.998057 0.0231596 0.0578368 0.84296 -0.023558 0.999703 0.00621774 -0.682802 -0.0576756 -0.00756814 0.998307 44.9215 
0.997276 0.0228865 0.0701134 0.872292 -0.0233656 0.999709 0.00602131 -0.693365 -0.0699552 -0.00764311 0.997521 45.5187 
0.996351 0.021401 0.0826253 0.917223 -0.0219758 0.99974 0.00605424 -0.703624 -0.0824743 -0.00784786 0.996562 46.1012 
0.995203 0.0208517 0.0955876 0.970218 -0.0214639 0.999755 0.0053817 -0.707494 -0.095452 -0.00740752 0.995407 46.6691 
0.993685 0.0204272 0.110329 1.03014 -0.0211442 0.999762 0.00533251 -0.717173 -0.110194 -0.00763162 0.993881 47.2273 
0.991697 0.0203061 0.126982 1.09829 -0.0212043 0.999759 0.00572572 -0.726281 -0.126836 -0.00837071 0.991888 47.784 
0.989263 0.0228328 0.144349 1.17379 -0.0238092 0.999704 0.00504059 -0.734642 -0.144191 -0.00842326 0.989514 48.3227 
0.986072 0.0210639 0.164978 1.27067 -0.0221135 0.999745 0.00452836 -0.74978 -0.16484 -0.0081135 0.986287 48.8514 
0.981826 0.024412 0.188208 1.36783 -0.0255316 0.999668 0.00352617 -0.757461 -0.18806 -0.00826731 0.982123 49.3652 
0.976685 0.0231442 0.213427 1.48474 -0.0240127 0.999711 0.00147781 -0.771349 -0.213331 -0.00656827 0.976958 49.8639 
0.970556 0.0223518 0.239837 1.61612 -0.0226631 0.999742 -0.00145989 -0.780416 -0.239808 -0.00401852 0.970812 50.3463 
0.963248 0.0211885 0.267778 1.75789 -0.0209329 0.999774 -0.00380954 -0.793202 -0.267799 -0.00193582 0.963473 50.8065 
0.954631 0.0187015 0.297203 1.91597 -0.0180976 0.999825 -0.00478332 -0.80466 -0.297241 -0.000812337 0.954802 51.2542 
0.944476 0.0211443 0.3279 2.07778 -0.019875 0.999776 -0.00722185 -0.81495 -0.327979 0.00030389 0.944685 51.6839 
0.932813 0.0216755 0.359708 2.24207 -0.0205777 0.999765 -0.00688124 -0.826722 -0.359773 -0.000983016 0.93304 52.0999 
0.919742 0.021027 0.391961 2.42691 -0.0206088 0.999774 -0.00527465 -0.843733 -0.391983 -0.00322648 0.919967 52.5039 
0.904608 0.019787 0.425786 2.61381 -0.0197678 0.999795 -0.00446408 -0.858975 -0.425787 -0.00437859 0.904813 52.8798 
0.887388 0.0191786 0.460625 2.81179 -0.0192761 0.999804 -0.00449248 -0.873911 -0.460621 -0.00489248 0.887583 53.2365 
0.868172 0.0186783 0.495911 3.02433 -0.0182982 0.999817 -0.00562354 -0.8853 -0.495926 -0.00419206 0.868355 53.5804 
0.846937 0.017745 0.531397 3.24465 -0.0163468 0.99984 -0.00733438 -0.897378 -0.531442 -0.00247484 0.847091 53.8984 
0.823623 0.0165021 0.566898 3.47534 -0.013914 0.999864 -0.00889027 -0.907095 -0.566967 -0.000565562 0.82374 54.2021 
0.798124 0.013459 0.602343 3.72409 -0.0100456 0.999909 -0.0090315 -0.919357 -0.602409 0.00115737 0.798186 54.4959 
0.770005 0.00971215 0.637964 3.98006 -0.00714043 0.999953 -0.00660456 -0.933365 -0.637998 0.000530238 0.770038 54.775 
0.740467 0.00504613 0.672074 4.24993 -0.00440492 0.999987 -0.00265494 -0.943452 -0.672078 -0.000994513 0.740479 55.0364 
0.708317 0.00129727 0.705894 4.52755 -0.00264227 0.999996 0.000813646 -0.945803 -0.70589 -0.00244146 0.708317 55.2854 
0.673234 -0.000992267 0.739429 4.81244 -0.00318518 0.999986 0.00424203 -0.948625 -0.739423 -0.00521107 0.673221 55.5169 
0.635512 -0.00452124 0.772078 5.10637 -0.00216399 0.999969 0.00763703 -0.957731 -0.772088 -0.00652417 0.635482 55.7347 
0.59628 -0.00814286 0.802735 5.41077 0.000506487 0.999952 0.00976725 -0.963964 -0.802776 -0.00541743 0.596256 55.9286 
0.554181 -0.0104335 0.832331 5.72469 0.00378941 0.999943 0.0100115 -0.96864 -0.832388 -0.00239415 0.554189 56.0991 
0.50937 -0.0093373 0.860497 6.05643 0.00543392 0.999956 0.00763403 -0.968666 -0.860531 0.000787342 0.509398 56.2695 
0.462642 -0.00659245 0.88652 6.39937 0.00459398 0.999977 0.00503878 -0.965285 -0.886533 0.00174152 0.462662 56.424 
0.413196 -0.00383729 0.910634 6.7661 0.000858338 0.999992 0.00382442 -0.968357 -0.910642 -0.000798594 0.413196 56.5747 
0.363039 -0.0013902 0.931773 7.1481 -0.00397758 0.999988 0.00304177 -0.970056 -0.931766 -0.00481048 0.363029 56.7075 
0.313508 -0.000571581 0.949585 7.5482 -0.00584832 0.99998 0.0025328 -0.969308 -0.949567 -0.00634752 0.313499 56.8107 
0.264949 -0.000709679 0.964262 7.95791 -0.00453706 0.999988 0.00198266 -0.970906 -0.964252 -0.00490022 0.264942 56.9012 
0.2195 -0.00168633 0.975611 8.3891 -0.00352113 0.999991 0.00252073 -0.976016 -0.975606 -0.00398855 0.219492 56.9816 
0.178143 -0.00363147 0.983998 8.84688 -0.00366513 0.999984 0.00435404 -0.975407 -0.983998 -0.00438212 0.178126 57.0382 
0.139369 -0.00577661 0.990224 9.31924 -0.00392525 0.999972 0.00638598 -0.975048 -0.990233 -0.00477688 0.139343 57.0885 
0.1029 -0.00755798 0.994663 9.81209 -0.00507843 0.999954 0.0081236 -0.977957 -0.994679 -0.00588724 0.102857 57.1281 
0.0701907 -0.00863496 0.997496 10.3268 -0.00370527 0.999953 0.008917 -0.978425 -0.997527 -0.00432188 0.0701554 57.1504 
0.0406677 -0.0091975 0.99913 10.8596 -0.00394867 0.999948 0.00936579 -0.980439 -0.999165 -0.00432612 0.0406293 57.1639 
0.0140159 -0.00700157 0.999877 11.4164 -0.00665461 0.999953 0.00709542 -0.97908 -0.99988 -0.00675324 0.0139686 57.1694 
-0.00855887 -0.00460086 0.999953 11.9896 -0.0107645 0.999932 0.00450867 -0.977913 -0.999905 -0.0107254 -0.00860782 57.1682 
-0.0283253 -0.00392526 0.999591 12.5866 -0.0110558 0.999932 0.00361336 -0.979882 -0.999538 -0.0109489 -0.0283667 57.1518 
-0.045371 -0.0033846 0.998965 13.2013 -0.00694384 0.999971 0.00307268 -0.982302 -0.998946 -0.00679724 -0.0453932 57.1162 
-0.0611864 -0.00358826 0.99812 13.8354 -0.00480564 0.999983 0.00330041 -0.982012 -0.998115 -0.00459466 -0.0612026 57.0783 
-0.0765938 -0.00457536 0.997052 14.4803 -0.00547352 0.999976 0.00416834 -0.985941 -0.997047 -0.00513812 -0.0766171 57.0369 
-0.0915585 -0.00365783 0.995793 15.1574 -0.00470206 0.999984 0.00324093 -0.991788 -0.995789 -0.00438554 -0.0915742 56.9873 
-0.103611 -0.00159471 0.994617 15.853 -0.00276971 0.999995 0.00131484 -0.991323 -0.994614 -0.00261857 -0.103615 56.9172 
-0.113301 0.00102155 0.99356 16.5653 0.00448454 0.99999 -0.000516729 -0.993935 -0.993551 0.00439711 -0.113304 56.8385 
-0.119307 0.00375205 0.99285 17.2916 0.0121071 0.999924 -0.00232388 -1.00002 -0.992784 0.0117433 -0.119343 56.7514 
-0.12183 0.00389037 0.992543 18.0513 0.0171057 0.999852 -0.00181935 -1.0063 -0.992404 0.0167565 -0.121878 56.671 
-0.121704 0.00272292 0.992563 18.8129 0.018393 0.999831 -0.000487549 -1.00927 -0.992396 0.0181968 -0.121733 56.5891 
-0.11888 0.00198712 0.992907 19.5874 0.0222111 0.999753 0.000658542 -1.01832 -0.99266 0.0221318 -0.118895 56.5079 
-0.114194 0.00086451 0.993458 20.3716 0.0238004 0.999715 0.00186585 -1.02402 -0.993173 0.0238578 -0.114182 56.4242 
-0.109812 0.0019576 0.99395 21.1679 0.0223366 0.99975 0.000498768 -1.03019 -0.993701 0.0222562 -0.109828 56.3567 
-0.105611 0.00284839 0.994403 21.9662 0.0221785 0.999754 -0.000508196 -1.04287 -0.99416 0.0220007 -0.105649 56.2895 
-0.101413 0.00208311 0.994842 22.7713 0.0268483 0.999639 0.000643776 -1.05485 -0.994482 0.0267751 -0.101433 56.2215 
-0.0974842 3.89818e-05 0.995237 23.5795 0.0324156 0.99947 0.00313602 -1.06654 -0.994709 0.0325669 -0.0974337 56.1462 
-0.0938227 -0.00335812 0.995583 24.3919 0.0348613 0.99937 0.00665623 -1.0768 -0.994978 0.0353319 -0.0936465 56.0839 
-0.0890595 -0.00682954 0.996003 25.2057 0.0376257 0.99924 0.0102161 -1.08218 -0.995315 0.0383852 -0.0887348 56.0213 
-0.0838676 -0.00954775 0.996431 26.0138 0.0387012 0.999168 0.0128314 -1.08796 -0.995725 0.0396392 -0.0834284 55.9684 
-0.0794814 -0.0108258 0.996778 26.8193 0.0366565 0.999233 0.0137754 -1.09161 -0.996162 0.0376333 -0.0790236 55.9186 
-0.0754688 -0.0125431 0.997069 27.6246 0.0299722 0.999441 0.0148416 -1.09404 -0.996698 0.0310045 -0.0750507 55.8822 
-0.0713072 -0.0157891 0.997329 28.4318 0.0239512 0.999559 0.0175369 -1.09335 -0.997167 0.0251377 -0.0708976 55.8529 
-0.0669829 -0.0173574 0.997603 29.2482 0.0211066 0.9996 0.0188094 -1.09529 -0.997531 0.0223159 -0.0665898 55.8252 
-0.0629748 -0.0134217 0.997925 30.0619 0.0218164 0.999652 0.0148217 -1.10094 -0.997777 0.0227046 -0.0626601 55.7935 
-0.0598838 -0.00596581 0.998188 30.8652 0.0229715 0.999709 0.00735306 -1.10953 -0.997941 0.0233702 -0.0597294 55.765 
-0.0571455 0.000281582 0.998366 31.6796 0.0213792 0.999771 0.00094179 -1.11055 -0.998137 0.0213981 -0.0571385 55.7339 
-0.0554663 -0.000331706 0.998461 32.505 0.0201729 0.999795 0.00145283 -1.11605 -0.998257 0.0202224 -0.0554482 55.7072 
-0.0539157 -0.00409656 0.998537 33.3319 0.0231201 0.999718 0.00534981 -1.12917 -0.998278 0.0233747 -0.0538058 55.6722 
-0.0530326 -0.00452514 0.998583 34.1574 0.0239882 0.999695 0.00580419 -1.1427 -0.998305 0.024262 -0.0529079 55.6397 
-0.0530132 -0.00184268 0.998592 34.9869 0.0217234 0.99976 0.00299813 -1.15056 -0.998358 0.0218518 -0.0529605 55.6122 
-0.052653 -0.000416301 0.998613 35.8277 0.0153744 0.999881 0.00122751 -1.15779 -0.998495 0.0154177 -0.0526403 55.5855 
-0.053665 -0.00147731 0.998558 36.667 0.0138879 0.999901 0.00222571 -1.16825 -0.998462 0.0139873 -0.0536392 55.5581 
-0.0548731 -0.0021203 0.998491 37.5195 0.0135523 0.999904 0.00286812 -1.17763 -0.998401 0.0136892 -0.0548391 55.5257 
-0.056702 0.00160621 0.99839 38.3725 0.0123822 0.999923 -0.000905408 -1.19492 -0.998314 0.0123109 -0.0567175 55.4985 
-0.0581816 0.00576389 0.998289 39.2432 0.0129012 0.999904 -0.00502127 -1.20408 -0.998223 0.012587 -0.0582504 55.4689 
-0.0592207 0.00858699 0.998208 40.1145 0.0140712 0.999871 -0.00776645 -1.21455 -0.998146 0.013586 -0.0593338 55.4381 
-0.0599582 0.00979836 0.998153 41.0024 0.0164387 0.999826 -0.00882728 -1.23196 -0.998066 0.0158791 -0.0601089 55.394 
-0.0609519 0.0109394 0.998081 41.9052 0.0174512 0.999799 -0.0098925 -1.25104 -0.997988 0.0168147 -0.0611305 55.3565 
-0.0621183 0.0110828 0.998007 42.8097 0.0163904 0.999815 -0.0100826 -1.26066 -0.997934 0.0157314 -0.0622885 55.3155 
-0.0635535 0.00634748 0.997958 43.7287 0.0147938 0.999876 -0.00541751 -1.27897 -0.997869 0.0144193 -0.0636395 55.2786 
-0.0648523 0.00476192 0.997884 44.6528 0.0146237 0.999886 -0.00382105 -1.29999 -0.997788 0.0143449 -0.0649146 55.2324 
-0.0661363 0.00758359 0.997782 45.5836 0.0155791 0.999857 -0.00656669 -1.32553 -0.997689 0.0151103 -0.066245 55.1852 
-0.0664449 0.0112246 0.997727 46.5195 0.0168517 0.999807 -0.0101257 -1.34094 -0.997648 0.0161406 -0.0666212 55.1342 
-0.0663556 0.0124225 0.997719 47.457 0.0195808 0.999746 -0.0111455 -1.36117 -0.997604 0.0187966 -0.066582 55.086 
-0.0659026 0.0091381 0.997784 48.4198 0.0245447 0.99967 -0.00753418 -1.38082 -0.997524 0.0239938 -0.0661051 55.025 
-0.0664007 0.00331786 0.997788 49.3999 0.0262438 0.999654 -0.00157756 -1.39794 -0.997448 0.0260809 -0.0664648 54.9712 
-0.0658186 0.000528114 0.997832 50.3675 0.0273581 0.999625 0.00127557 -1.4133 -0.997457 0.0273828 -0.0658084 54.9263 
-0.0641633 0.00210595 0.997937 51.3566 0.0267389 0.999642 -0.000390311 -1.42514 -0.997581 0.0266587 -0.0641966 54.8861 
-0.063449 0.00500912 0.997973 52.3438 0.0263842 0.999646 -0.00334002 -1.43734 -0.997636 0.0261188 -0.0635587 54.8413 
-0.0629614 0.00701602 0.997991 53.3444 0.0208143 0.999767 -0.00571533 -1.45791 -0.997799 0.0204126 -0.0630928 54.8025 
-0.0632032 0.00663716 0.997979 54.3807 0.0184252 0.999815 -0.00548245 -1.47374 -0.997831 0.0180415 -0.0633138 54.7548 
-0.0637085 0.00205853 0.997966 55.4053 0.0179363 0.999839 -0.000917329 -1.48697 -0.997807 0.0178414 -0.0637351 54.7061 
-0.0640804 -0.00359634 0.997938 56.4417 0.0160071 0.999861 0.00463117 -1.50051 -0.997816 0.0162709 -0.0640139 54.6567 
-0.0651202 -0.00328639 0.997872 57.4877 0.0177686 0.999832 0.00445245 -1.51583 -0.997719 0.0180207 -0.0650509 54.6135 
-0.0653345 0.000499287 0.997863 58.5304 0.0204551 0.99979 0.000839075 -1.52079 -0.997654 0.0204662 -0.065331 54.558 
-0.0668483 0.00310338 0.997758 59.6109 0.0224324 0.999747 -0.00160658 -1.53952 -0.997511 0.0222747 -0.066901 54.523 
-0.0690711 0.00030646 0.997612 60.6641 0.0229304 0.999736 0.00128054 -1.55427 -0.997348 0.022964 -0.0690599 54.4645 
-0.0714273 -0.00506665 0.997433 61.7422 0.0243703 0.99968 0.00682329 -1.5685 -0.997148 0.0247951 -0.071281 54.4016 
-0.0744917 -0.00788565 0.99719 62.8177 0.0257135 0.999621 0.00982574 -1.57897 -0.99689 0.0263731 -0.0742607 54.3371 
-0.078365 -0.00695849 0.9969 63.8888 0.0301873 0.999501 0.00934967 -1.58262 -0.996468 0.0308265 -0.0781158 54.2708 
-0.0818274 -0.00759225 0.996618 64.961 0.0336915 0.999378 0.0103796 -1.58359 -0.996077 0.0344269 -0.0815207 54.1984 
-0.0854004 -0.00938164 0.996303 66.0312 0.0380619 0.999195 0.0126715 -1.58831 -0.995619 0.0390033 -0.0849745 54.1166 
-0.088038 -0.00902717 0.996076 67.1013 0.0421528 0.999029 0.0127796 -1.59229 -0.995225 0.0431125 -0.087572 54.0371 
-0.0901463 -0.00553766 0.995913 68.1626 0.0460044 0.998894 0.00971841 -1.60145 -0.994865 0.0466924 -0.0897919 53.9529 
-0.0919229 -0.00112318 0.995766 69.2297 0.0487139 0.998797 0.0056236 -1.61712 -0.994574 0.0490245 -0.0917576 53.8708 
-0.0933911 0.0014161 0.995629 70.2901 0.0519749 0.998642 0.00345496 -1.63479 -0.994272 0.0520703 -0.0933379 53.7898 
-0.0928128 0.00107135 0.995683 71.3467 0.0506766 0.998708 0.00364926 -1.64113 -0.994393 0.0507965 -0.0927472 53.716 
-0.0900079 -0.001012 0.995941 72.4302 0.052424 0.998608 0.00575256 -1.6515 -0.99456 0.0527289 -0.0898296 53.6356 
-0.0852145 -0.00454957 0.996352 73.503 0.0558814 0.998394 0.00933828 -1.66511 -0.994794 0.0564733 -0.0848234 53.5599 
-0.0800956 -0.00734821 0.99676 74.6012 0.0557474 0.998375 0.0118398 -1.67242 -0.995227 0.056515 -0.0795558 53.5011 
-0.0748756 -0.0105431 0.997137 75.663 0.0570364 0.998262 0.0148379 -1.6798 -0.99556 0.0579841 -0.0741441 53.4323 
-0.0701762 -0.0117071 0.997466 76.7288 0.0573594 0.998229 0.0157516 -1.68964 -0.995884 0.0583194 -0.0693804 53.3763 
-0.0664692 -0.00747744 0.997761 77.7791 0.057772 0.998266 0.0113299 -1.69622 -0.996115 0.0583957 -0.0659219 53.3238 
-0.0644921 -0.00307324 0.997914 78.8605 0.056433 0.998384 0.00672182 -1.70681 -0.996321 0.0567487 -0.0642145 53.2811 
-0.0634929 -0.00292488 0.997978 79.9408 0.0565119 0.998381 0.00652148 -1.71209 -0.996381 0.0568117 -0.0632248 53.2402 
-0.061695 -0.00494344 0.998083 81.016 0.0567339 0.998354 0.00845174 -1.72501 -0.996481 0.0571466 -0.0613129 53.1866 
-0.0596565 -0.00169952 0.998218 82.1033 0.0575665 0.998328 0.0051401 -1.73372 -0.996558 0.0577705 -0.059459 53.1437 
-0.0573539 0.00410911 0.998345 83.1642 0.0582188 0.998304 -0.000764288 -1.74547 -0.996655 0.0580786 -0.0574958 53.0923 
-0.055036 0.00700195 0.99846 84.2395 0.0576588 0.998329 -0.00382279 -1.76537 -0.996818 0.0573596 -0.0553478 53.0534 
-0.0526707 0.0063615 0.998592 85.3295 0.0574906 0.998341 -0.00332751 -1.79011 -0.996956 0.0572344 -0.052949 53.0172 
-0.0490078 0.00337072 0.998793 86.4167 0.0559784 0.998432 -0.00062277 -1.80838 -0.997229 0.0558803 -0.0491197 52.9846 
-0.044599 -0.00106921 0.999004 87.4898 0.0553359 0.998462 0.00353905 -1.82754 -0.997471 0.0554387 -0.0444712 52.9472 
-0.0400182 -0.00347959 0.999193 88.5903 0.0536806 0.998542 0.0056273 -1.83943 -0.997756 0.0538625 -0.0397731 52.928 
-0.0362721 0.000668582 0.999342 89.6692 0.0504478 0.998726 0.00116292 -1.85424 -0.998068 0.0504567 -0.0362597 52.9023 
-0.0346733 0.0102756 0.999346 90.7737 0.0471786 0.998849 -0.00863354 -1.87464 -0.998285 0.0468483 -0.0351182 52.8871 
-0.0339793 0.0180914 0.999259 91.8533 0.0419106 0.998982 -0.0166612 -1.90911 -0.998543 0.0413134 -0.0347029 52.8829 
-0.0334889 0.0179534 0.999278 92.9471 0.0417781 0.99899 -0.0165481 -1.93616 -0.998566 0.0411938 -0.0342051 52.8672 
-0.0329776 0.0116106 0.999389 94.0432 0.0414935 0.999086 -0.0102379 -1.97587 -0.998594 0.0411305 -0.0334292 52.8562 
-0.0341982 0.00588234 0.999398 95.1473 0.0433219 0.999052 -0.00439784 -1.99567 -0.998476 0.0431454 -0.0344205 52.8316 
-0.0363049 -1.946e-05 0.999341 96.2387 0.0419879 0.999117 0.00154487 -2.01399 -0.998458 0.0420163 -0.036272 52.8104 
-0.0381973 -0.00489542 0.999258 97.336 0.0418835 0.999101 0.00649572 -2.03532 -0.998392 0.0421006 -0.037958 52.7835 
-0.0398143 -0.00413924 0.999199 98.4392 0.042582 0.999076 0.00583551 -2.04608 -0.998299 0.0427802 -0.0396013 52.7477 
-0.0418773 -0.00418955 0.999114 99.5142 0.0422971 0.999087 0.00596234 -2.06543 -0.998227 0.0425093 -0.0416619 52.7178 
-0.0437758 -0.00559714 0.999026 100.596 0.0431922 0.999039 0.00748987 -2.08199 -0.998107 0.043478 -0.043492 52.6919 
-0.0447785 -0.00392812 0.998989 101.67 0.0438869 0.999019 0.00589546 -2.09918 -0.998033 0.0441066 -0.0445622 52.6608 
-0.045395 0.004155 0.998961 102.735 0.0448721 0.998991 -0.00211599 -2.11891 -0.997961 0.0447294 -0.0455356 52.6275 
-0.0459071 0.0121093 0.998872 103.793 0.0421733 0.999059 -0.0101733 -2.14142 -0.998055 0.0416587 -0.0463746 52.5985 
-0.0474623 0.0120112 0.998801 104.856 0.0394159 0.999171 -0.0101426 -2.17471 -0.998095 0.0388873 -0.0478964 52.5737 
-0.0497934 0.00593919 0.998742 105.937 0.0348667 0.999383 -0.00420464 -2.20529 -0.998151 0.0346134 -0.0499697 52.5488 
-0.0528288 -0.00137628 0.998603 106.996 0.0290884 0.999573 0.00291652 -2.22209 -0.99818 0.0292018 -0.0527662 52.5238 
-0.0546102 -0.00948502 0.998463 108.061 0.0271606 0.999571 0.0109811 -2.23344 -0.998138 0.0277185 -0.0543291 52.4865 
-0.0565413 -0.0160474 0.998271 109.111 0.0305693 0.999374 0.0177966 -2.24408 -0.997932 0.0315227 -0.0560153 52.4457 
-0.0583739 -0.016242 0.998163 110.156 0.0297697 0.999395 0.018003 -2.24866 -0.997851 0.0307659 -0.057855 52.4028 
-0.0590259 -0.00863236 0.998219 111.192 0.0334654 0.999383 0.0106213 -2.25705 -0.997695 0.0340327 -0.0587006 52.3519 
-0.0592678 0.00581589 0.998225 112.213 0.0424953 0.999091 -0.00329782 -2.27397 -0.997337 0.0422245 -0.0594611 52.289 
-0.0607086 0.0168879 0.998013 113.227 0.047263 0.998784 -0.0140259 -2.29639 -0.997036 0.0463176 -0.061433 52.2458 
-0.0610085 0.0138576 0.998041 114.247 0.0467498 0.998846 -0.011011 -2.32228 -0.997042 0.0459865 -0.0615859 52.2005 
-0.0610883 0.00322612 0.998127 115.279 0.0488694 0.998805 -0.000237315 -2.34771 -0.996935 0.0487634 -0.061173 52.1527 
-0.060641 -0.00652299 0.998138 116.308 0.0490963 0.998749 0.00950982 -2.3615 -0.996952 0.0495816 -0.0602449 52.1065 
-0.0606502 -0.0118238 0.998089 117.343 0.0474301 0.998766 0.014714 -2.37198 -0.997032 0.0482318 -0.0600146 52.0676 
-0.0608047 -0.0170095 0.998005 118.349 0.0451225 0.998786 0.019772 -2.37243 -0.997129 0.0462347 -0.0599634 52.0295 
-0.0604463 -0.0203734 0.997964 119.371 0.0423868 0.998837 0.0229587 -2.37628 -0.997271 0.0436882 -0.0595124 51.9876 
-0.0605969 -0.0183578 0.997994 120.376 0.0412351 0.998931 0.0208788 -2.37971 -0.99731 0.0424176 -0.0597752 51.948 
-0.0596313 -0.0113594 0.998156 121.365 0.0387183 0.999157 0.013684 -2.37819 -0.997469 0.0394629 -0.0591412 51.9012 
-0.0595776 -0.00523387 0.99821 122.348 0.0390251 0.99921 0.00756835 -2.3842 -0.997461 0.0394062 -0.0593262 51.8625 
-0.0592483 -3.23514e-05 0.998243 123.329 0.0393647 0.999222 0.00236882 -2.39641 -0.997467 0.0394359 -0.059201 51.8191 
-0.0590538 0.00437559 0.998245 124.288 0.0411277 0.999152 -0.00194651 -2.41695 -0.997407 0.0409405 -0.0591837 51.7696 
-0.0586471 0.00813905 0.998246 125.252 0.0418389 0.999108 -0.005688 -2.44564 -0.997402 0.0414319 -0.0589354 51.7291 
-0.0587066 0.00792323 0.998244 126.219 0.043085 0.999057 -0.00539582 -2.45889 -0.997345 0.0426926 -0.0589926 51.6912 
-0.0587292 0.00168446 0.998273 127.193 0.0423783 0.999101 0.000807334 -2.47748 -0.997374 0.0423525 -0.0587478 51.655 
-0.0593021 -0.00826007 0.998206 128.144 0.0401928 0.999135 0.0106556 -2.49511 -0.997431 0.0407525 -0.0589189 51.6188 
-0.0598393 -0.0160165 0.99808 129.085 0.0348809 0.999227 0.0181262 -2.50476 -0.997598 0.0358986 -0.0592344 51.5818 
-0.0628017 -0.0188842 0.997847 130.008 0.0298993 0.999337 0.0207942 -2.50836 -0.997578 0.0311408 -0.0621954 51.5535 
-0.064582 -0.0164194 0.997777 130.904 0.0248918 0.999527 0.0180594 -2.51496 -0.997602 0.0260028 -0.0641428 51.5179 
-0.0658584 -0.00945657 0.997784 131.781 0.0221633 0.999695 0.0109376 -2.52457 -0.997583 0.0228345 -0.0656287 51.4826 
-0.0661274 -0.00228078 0.997809 132.651 0.0238756 0.999707 0.00386746 -2.53464 -0.997526 0.024079 -0.0660536 51.4325 
-0.0650704 0.00322478 0.997876 133.486 0.0286932 0.999587 -0.00135922 -2.55457 -0.997468 0.0285438 -0.065136 51.3903 
-0.0621442 0.00574849 0.998051 134.305 0.0318725 0.999485 -0.00377215 -2.5733 -0.997558 0.0315759 -0.0622954 51.3484 
-0.0576051 0.00542477 0.998325 135.109 0.0357775 0.999354 -0.0033659 -2.58995 -0.997698 0.0355237 -0.057762 51.3119 
-0.0524902 0.000210313 0.998621 135.905 0.0390147 0.999237 0.00184031 -2.60844 -0.997859 0.0390575 -0.0524583 51.2769 
-0.0487791 -0.00358113 0.998803 136.664 0.0397906 0.999193 0.00552584 -2.62737 -0.998017 0.0400125 -0.0485972 51.2545 
-0.0448076 -0.00312364 0.998991 137.408 0.0398774 0.999193 0.00491292 -2.6453 -0.998199 0.0400572 -0.0446468 51.2416 
-0.0406971 0.00118481 0.999171 138.115 0.0404307 0.999182 0.000461994 -2.66534 -0.998353 0.0404159 -0.0407117 51.2287 
-0.035806 0.00513039 0.999346 138.786 0.041315 0.99914 -0.003649 -2.67964 -0.998504 0.0411573 -0.0359871 51.211 
-0.031646 0.00581331 0.999482 139.433 0.0425671 0.999084 -0.00446317 -2.69634 -0.998592 0.0424038 -0.0318644 51.207 
-0.0276823 0.00592524 0.999599 140.049 0.0394011 0.999212 -0.00483175 -2.7123 -0.99884 0.0392516 -0.0278939 51.2088 
-0.0237739 0.0044434 0.999708 140.642 0.034928 0.999383 -0.0036113 -2.73516 -0.999107 0.034832 -0.0239144 51.2144 
-0.0200431 0.00487901 0.999787 141.208 0.0305512 0.999524 -0.00426521 -2.75184 -0.999332 0.0304592 -0.0201826 51.2191 
-0.0172503 0.00836382 0.999816 141.764 0.028707 0.999557 -0.00786631 -2.76425 -0.999439 0.0285661 -0.0174828 51.2239 
-0.0160201 0.012355 0.999795 142.295 0.0278463 0.999541 -0.0119056 -2.77988 -0.999484 0.0276498 -0.0163568 51.2214 
-0.0163155 0.0132664 0.999779 142.832 0.0249433 0.999606 -0.012857 -2.80044 -0.999556 0.024728 -0.01664 51.2231 
-0.0179277 0.0119356 0.999768 143.367 0.0186569 0.999759 -0.0116009 -2.8115 -0.999665 0.0184446 -0.0181461 51.2267 
-0.0202196 0.00764343 0.999766 143.9 0.0131333 0.999887 -0.0073787 -2.82323 -0.999709 0.0129811 -0.0203176 51.233 
-0.0222069 0.00244529 0.99975 144.438 0.0126848 0.999917 -0.00216389 -2.83636 -0.999673 0.0126336 -0.022236 51.2246 
-0.0242735 -0.000560771 0.999705 144.96 0.015631 0.999877 0.00094044 -2.84939 -0.999583 0.0156492 -0.0242618 51.2111 
-0.0268826 0.00150984 0.999637 145.47 0.0180594 0.999836 -0.00102444 -2.86754 -0.999475 0.0180253 -0.0269055 51.2004 
-0.0297606 0.00485445 0.999545 145.976 0.0170959 0.999844 -0.00434685 -2.87727 -0.999411 0.0169588 -0.0298389 51.1896 
-0.0323073 0.0062413 0.999459 146.469 0.0132985 0.999895 -0.00581411 -2.89013 -0.99939 0.0131034 -0.0323869 51.1833 
-0.034368 0.00798476 0.999377 146.968 0.0130271 0.999887 -0.0075408 -2.89553 -0.999324 0.0127598 -0.0344682 51.1726 
-0.0370146 0.00984704 0.999266 147.464 0.0141925 0.999856 -0.0093271 -2.89585 -0.999214 0.0138368 -0.037149 51.1741 
-0.0400194 0.00733794 0.999172 147.956 0.0145491 0.999871 -0.0067603 -2.90799 -0.999093 0.0142665 -0.040121 51.1646 
-0.0422561 0.00213114 0.999105 148.457 0.0139038 0.999902 -0.00154476 -2.92252 -0.99901 0.013826 -0.0422816 51.1456 
-0.0447832 -0.000977356 0.998996 148.952 0.0129136 0.999915 0.00155719 -2.92852 -0.998913 0.0129704 -0.0447667 51.1327 
-0.0475655 -0.00229108 0.998866 149.444 0.0107801 0.999938 0.00280692 -2.94145 -0.99881 0.0109014 -0.0475379 51.121 
-0.0499241 -0.0040473 0.998745 149.929 0.00920487 0.999947 0.00451234 -2.95523 -0.998711 0.00941859 -0.0498842 51.1161 
-0.0512744 -0.00568683 0.998668 150.415 0.0085312 0.999945 0.00613216 -2.96637 -0.998648 0.00883426 -0.051223 51.1016 
-0.0525977 -0.00565577 0.9986 150.902 0.00810807 0.999949 0.00609051 -2.9689 -0.998583 0.00841706 -0.0525491 51.0957 
-0.0512914 -0.0037612 0.998677 151.388 0.0110014 0.99993 0.00433099 -2.9716 -0.998623 0.011209 -0.0512464 51.0729 
-0.0469134 -0.001209 0.998898 151.858 0.0133979 0.999909 0.00183949 -2.97902 -0.998809 0.0134694 -0.0468929 51.0665 
-0.0395511 0.000552498 0.999217 152.33 0.0136238 0.999907 -1.35782e-05 -2.98914 -0.999125 0.0136126 -0.039555 51.0594 
-0.0301265 0.000651803 0.999546 152.793 0.0115499 0.999933 -0.000303897 -2.99413 -0.999479 0.0115355 -0.030132 51.0751 
-0.0144393 -0.000528355 0.999896 153.247 0.0134004 0.99991 0.000721918 -3.00264 -0.999806 0.0134095 -0.0144309 51.0806 
0.00756636 -0.000227881 0.999971 153.697 0.0190486 0.999819 8.37555e-05 -3.00621 -0.99979 0.0190474 0.00756933 51.1021 
0.0372821 0.000472419 0.999305 154.137 0.0254965 0.999674 -0.00142377 -3.0126 -0.99898 0.0255318 0.0372579 51.1327 
0.0737555 -0.000405342 0.997276 154.573 0.0274031 0.999623 -0.00162031 -3.02117 -0.9969 0.027448 0.0737388 51.1868 
0.113929 -0.000255857 0.993489 154.996 0.0240308 0.999708 -0.00249824 -3.02909 -0.993198 0.024159 0.113901 51.2815 
0.155684 0.00281663 0.987803 155.407 0.0194184 0.999794 -0.00591123 -3.04005 -0.987616 0.0201018 0.155597 51.3881 
0.197359 0.00737753 0.980304 155.812 0.0189877 0.999755 -0.0113466 -3.04742 -0.980147 0.0208531 0.197171 51.5071 
0.240084 0.0115878 0.970683 156.218 0.0200439 0.999656 -0.0168912 -3.05625 -0.970545 0.0235116 0.23977 51.6324 
0.282397 0.0139994 0.959195 156.615 0.0208584 0.999568 -0.0207295 -3.06587 -0.959071 0.0258612 0.281983 51.787 
0.324042 0.0161342 0.945905 157.002 0.017383 0.999584 -0.0230047 -3.07269 -0.945883 0.0238972 0.323627 51.957 
0.36432 0.0194971 0.93107 157.366 0.0100297 0.999641 -0.0248575 -3.08913 -0.93122 0.0183944 0.363993 52.1548 
0.40395 0.0249651 0.91444 157.722 0.00100744 0.999615 -0.0277354 -3.09881 -0.914781 0.012125 0.403769 52.3627 
0.443205 0.030764 0.895892 158.085 -0.00367399 0.999465 -0.0325029 -3.11395 -0.896413 0.011114 0.443081 52.5918 
0.481369 0.0346324 0.875833 158.434 -0.00514322 0.999314 -0.0366883 -3.13178 -0.876503 0.013156 0.481217 52.8309 
0.519264 0.0336121 0.853953 158.783 -0.00363596 0.999304 -0.0371222 -3.1499 -0.854606 0.0161713 0.519025 53.0811 
0.555173 0.0322197 0.831111 159.129 -0.00540144 0.999368 -0.0351344 -3.16682 -0.831718 0.0150165 0.554996 53.358 
0.58873 0.0331325 0.807651 159.466 -0.0102105 0.999385 -0.0335552 -3.18413 -0.808266 0.0115085 0.588706 53.6595 
0.620276 0.0374826 0.783487 159.785 -0.0177866 0.999273 -0.0337244 -3.2022 -0.784182 0.00698284 0.620492 53.9804 
0.650223 0.0409912 0.758637 160.103 -0.0231295 0.999149 -0.0341625 -3.22033 -0.759391 0.00466638 0.650617 54.3175 
0.678365 0.0416836 0.733542 160.43 -0.0232484 0.999107 -0.0352746 -3.24535 -0.734358 0.00687543 0.678728 54.6578 
0.703619 0.0398116 0.709461 160.757 -0.0183964 0.999115 -0.0378207 -3.25905 -0.710339 0.0135599 0.703729 55.0201 
0.726252 0.0411545 0.686196 161.078 -0.0198648 0.999046 -0.0388933 -3.27531 -0.687142 0.0146152 0.726376 55.4063 
0.745924 0.0453895 0.664482 161.386 -0.027073 0.998917 -0.0378429 -3.29707 -0.66548 0.0102384 0.746345 55.8181 
0.762773 0.0472371 0.644939 161.713 -0.0338966 0.998878 -0.0330708 -3.32876 -0.645778 0.00336429 0.763518 56.2549 
0.77605 0.0451681 0.629052 162.042 -0.0349632 0.998979 -0.0285966 -3.35584 -0.629702 0.000198732 0.776837 56.694 
0.786933 0.0400353 0.615738 162.381 -0.0308404 0.999198 -0.0255527 -3.37277 -0.616267 0.00111864 0.787536 57.1463 
0.796283 0.032475 0.604052 162.723 -0.0247434 0.999471 -0.0211158 -3.39543 -0.604418 0.00186786 0.796665 57.6053 
0.803621 0.0257913 0.594582 163.063 -0.0198778 0.999666 -0.0164964 -3.41406 -0.594809 0.00143791 0.803866 58.083 
0.810375 0.022339 0.585485 163.404 -0.0179868 0.99975 -0.0132493 -3.43191 -0.585635 0.000205938 0.810575 58.577 
0.817492 0.0192914 0.575617 163.748 -0.015542 0.999814 -0.0114352 -3.4454 -0.575731 0.000401942 0.817639 59.0902 
0.82495 0.0150017 0.565006 164.096 -0.0103943 0.999881 -0.0113717 -3.46111 -0.56511 0.00350821 0.825008 59.6095 
0.831317 0.0157647 0.555576 164.433 -0.00900873 0.999849 -0.0148912 -3.47769 -0.555726 0.00737427 0.831333 60.153 
0.83713 0.019671 0.54665 164.779 -0.0102507 0.999742 -0.0202776 -3.49355 -0.546908 0.0113715 0.837116 60.7089 
0.841271 0.0250947 0.540031 165.117 -0.0133682 0.999582 -0.0256243 -3.50857 -0.540449 0.0143378 0.841255 61.2951 
0.84339 0.0296161 0.536485 165.473 -0.0163875 0.999433 -0.0294104 -3.52993 -0.537051 0.0160128 0.843398 61.8887 
0.843508 0.0344378 0.536012 165.841 -0.0217086 0.999313 -0.0300417 -3.55751 -0.536678 0.0137044 0.843676 62.493 
0.841729 0.0346396 0.538788 166.219 -0.0243215 0.999359 -0.0262538 -3.58117 -0.539352 0.00899455 0.842032 63.1188 
0.839308 0.0360291 0.542461 166.61 -0.0267272 0.99933 -0.0250204 -3.61464 -0.542999 0.00650143 0.839709 63.7533 
0.836466 0.0375149 0.546733 167.008 -0.0290673 0.999287 -0.0240964 -3.64367 -0.547248 0.00426375 0.83696 64.391 
0.833495 0.0373842 0.551261 167.422 -0.0302128 0.999299 -0.0220869 -3.67258 -0.551701 0.00175421 0.83404 65.0354 
0.830272 0.0351937 0.556247 167.844 -0.0274727 0.999376 -0.0222239 -3.69029 -0.556681 0.00317029 0.83072 65.6957 
0.82706 0.0321237 0.561194 168.285 -0.025685 0.999483 -0.0193587 -3.72059 -0.561526 0.00159661 0.827458 66.3506 
0.823129 0.0330869 0.56689 168.729 -0.027068 0.999452 -0.0190307 -3.74119 -0.567209 0.000320186 0.823574 67.0261 
0.819781 0.0351257 0.571599 169.189 -0.0284164 0.999383 -0.0206592 -3.76981 -0.571971 0.000693287 0.820273 67.7006 
0.816894 0.0357511 0.575679 169.662 -0.0269322 0.999353 -0.0238452 -3.79964 -0.576159 0.00397477 0.817328 68.3798 
0.81402 0.0374357 0.579629 170.144 -0.0265039 0.999275 -0.0273171 -3.83056 -0.580232 0.00687422 0.814422 69.0753 
0.811382 0.0367226 0.583362 170.635 -0.0257397 0.999301 -0.0271053 -3.85758 -0.58395 0.00697719 0.81176 69.7714 
0.809068 0.0338864 0.586737 171.143 -0.0273707 0.999426 -0.0199785 -3.89523 -0.587077 0.000104662 0.809531 70.4842 
0.806729 0.0300694 0.590157 171.646 -0.0270267 0.999537 -0.0139832 -3.92896 -0.590304 -0.00466933 0.807168 71.198 
0.804901 0.0276101 0.592767 172.131 -0.0217481 0.999618 -0.0170295 -3.97372 -0.593011 0.0008155 0.805194 71.8825 
0.803376 0.0331067 0.59455 172.629 -0.0207647 0.999404 -0.0275924 -4.00856 -0.595109 0.00982141 0.803585 72.5835 
0.802016 0.0352925 0.596259 173.125 -0.0181795 0.999233 -0.0346914 -4.04362 -0.597025 0.0169834 0.802043 73.2701 
0.801194 0.032303 0.597533 173.64 -0.0147844 0.999306 -0.0341995 -4.0833 -0.598223 0.0185663 0.801115 73.9657 
0.800608 0.0265291 0.598601 174.148 -0.0121179 0.999532 -0.0280904 -4.12644 -0.599066 0.0152356 0.800555 74.6681 
0.80007 0.0223508 0.59949 174.658 -0.00905358 0.999642 -0.0251869 -4.16422 -0.599838 0.0147238 0.799986 75.3731 
0.800289 0.0172359 0.599367 175.166 -0.0041022 0.999721 -0.0232714 -4.20154 -0.599601 0.0161652 0.800136 76.0706 
0.800787 0.0126005 0.598817 175.674 0.00148324 0.999734 -0.0230201 -4.23852 -0.598948 0.0193224 0.800555 76.7554 
0.801649 0.0105397 0.597702 176.177 0.00430554 0.999717 -0.0234033 -4.27772 -0.59778 0.0213347 0.801377 77.4415 
0.802461 0.012937 0.596564 176.674 0.00486693 0.99959 -0.0282236 -4.31277 -0.596684 0.0255518 0.802069 78.123 
0.802999 0.0125291 0.595849 177.163 0.00816515 0.999454 -0.0320196 -4.35623 -0.595924 0.0305769 0.802458 78.8042 
0.803105 0.00985896 0.595757 177.65 0.0103176 0.999483 -0.0304486 -4.39038 -0.595749 0.0306002 0.802588 79.4843 
0.802955 0.00780231 0.595988 178.135 0.00818177 0.999676 -0.0241101 -4.43422 -0.595983 0.0242356 0.802631 80.1606 
0.802265 0.00205049 0.596964 178.619 0.00879514 0.999845 -0.0152541 -4.46754 -0.596903 0.0174883 0.802123 80.8572 
0.801948 -0.003003 0.597387 179.103 0.0113914 0.999882 -0.0102657 -4.49833 -0.597286 0.0150376 0.801888 81.5234 
0.801178 -0.00582294 0.598398 179.572 0.0139395 0.999863 -0.00893358 -4.52677 -0.598264 0.0154988 0.801149 82.1684 
0.800197 -0.00197354 0.599734 180.022 0.0115838 0.999859 -0.0121654 -4.55682 -0.599625 0.0166819 0.800107 82.7991 
0.799099 0.00574936 0.601171 180.461 0.00853396 0.999745 -0.0209047 -4.58758 -0.601138 0.0218354 0.798847 83.4094 
0.79756 0.0103713 0.603151 180.897 0.00861999 0.999554 -0.0285858 -4.61402 -0.603178 0.0279981 0.797115 84.0116 
0.795527 0.00999169 0.605836 181.33 0.012061 0.999405 -0.0323198 -4.64849 -0.605798 0.0330183 0.794933 84.5874 
