1 2.12261e-08 -2.11895e-08 0 2.12261e-08 1 2.10703e-08 0 -2.11895e-08 2.10703e-08 1 0 
0.999927 -0.00271074 0.0117582 0.00182635 0.00269984 0.999996 0.000946328 -0.00244888 -0.0117608 -0.000914472 0.99993 0.28925 
0.999829 -0.00478724 0.0178427 0.0194646 0.00476656 0.999988 0.00120369 -0.00926468 -0.0178483 -0.00111839 0.99984 0.589481 
0.999783 -0.00770424 0.0193623 0.0313954 0.00771007 0.99997 -0.000224325 -0.0111751 -0.01936 0.000373603 0.999813 0.896336 
0.999814 -0.00914921 0.0169588 0.0414248 0.00918222 0.999956 -0.00186655 -0.00851242 -0.016941 0.00202196 0.999854 1.21882 
0.99988 -0.0118404 0.00999905 0.0364416 0.0118749 0.999924 -0.00339077 -0.00914562 -0.00995818 0.00350914 0.999944 1.53414 
0.999905 -0.0135844 -0.00249191 0.0277055 0.0135717 0.999895 -0.00506983 -0.0149421 0.00256048 0.00503557 0.999984 1.85875 
0.999733 -0.0126937 -0.019303 0.00773195 0.0125921 0.999906 -0.00537762 -0.0213191 0.0193694 0.00513317 0.999799 2.20669 
0.999184 -0.00862012 -0.0394623 -0.0201266 0.00840818 0.999949 -0.00553451 -0.0261466 0.039508 0.00519823 0.999206 2.54512 
0.99826 -0.00503467 -0.0587456 -0.0736261 0.00465352 0.999967 -0.00662382 -0.0334007 0.058777 0.00633897 0.998251 2.90673 
0.99682 -0.00521804 -0.0795174 -0.11317 0.00468145 0.999965 -0.00693358 -0.0394904 0.0795508 0.00653932 0.996809 3.28407 
0.994848 -0.00671494 -0.101152 -0.164419 0.00606272 0.999959 -0.0067543 -0.0375904 0.101193 0.00610629 0.994848 3.66242 
0.992616 -0.00823496 -0.121019 -0.229344 0.00756183 0.999953 -0.00602071 -0.0438765 0.121062 0.00506118 0.992632 4.05206 
0.990245 -0.00720522 -0.13915 -0.305452 0.00649878 0.999964 -0.00553085 -0.0508772 0.139185 0.00457264 0.990256 4.4408 
0.987965 -0.00605556 -0.154561 -0.390642 0.00538137 0.999974 -0.00478019 -0.0574587 0.154586 0.00389096 0.987972 4.86153 
0.985686 -0.00531784 -0.168507 -0.476531 0.00451494 0.999977 -0.00514784 -0.063088 0.16853 0.0043134 0.985687 5.27944 
0.983512 -0.00745819 -0.18069 -0.572111 0.00647299 0.999961 -0.00604171 -0.0695871 0.180728 0.00477253 0.983522 5.71975 
0.981618 -0.010548 -0.190563 -0.66553 0.00912909 0.999924 -0.00832222 -0.0777862 0.190636 0.00642962 0.98164 6.15959 
0.979967 -0.010335 -0.19889 -0.769553 0.00851397 0.999914 -0.0100091 -0.0882421 0.198976 0.00811533 0.979971 6.61745 
0.978434 -0.0099318 -0.206322 -0.884372 0.00759524 0.999898 -0.012114 -0.0917451 0.206421 0.0102857 0.978409 7.08219 
0.976713 -0.0101637 -0.214311 -1.00748 0.00707357 0.99986 -0.015181 -0.100948 0.214436 0.0133115 0.976647 7.56268 
0.974884 -0.0145772 -0.222236 -1.12551 0.0111219 0.999797 -0.0167918 -0.113336 0.222435 0.0138984 0.974848 8.06314 
0.973124 -0.0199476 -0.229414 -1.26187 0.0161472 0.9997 -0.0184315 -0.1215 0.229713 0.0142318 0.973154 8.55681 
0.970951 -0.0204748 -0.238401 -1.39832 0.0158759 0.999649 -0.0211951 -0.132162 0.238752 0.0167946 0.970935 9.07889 
0.968954 -0.0163785 -0.246698 -1.5613 0.0102606 0.999608 -0.0260643 -0.13784 0.247028 0.0227239 0.968742 9.60246 
0.966717 -0.0128559 -0.255524 -1.71876 0.00561969 0.999563 -0.0290292 -0.160941 0.255786 0.0266271 0.966367 10.1295 
0.964413 -0.0139331 -0.264034 -1.85995 0.00606241 0.999513 -0.030601 -0.191815 0.264332 0.0279113 0.964028 10.6542 
0.962106 -0.0168583 -0.272154 -2.03314 0.00841787 0.999448 -0.0321516 -0.221884 0.272545 0.0286423 0.961717 11.1969 
0.959749 -0.0157403 -0.280418 -2.21596 0.00614203 0.999366 -0.0350748 -0.241515 0.280792 0.0319407 0.959237 11.7817 
0.957401 -0.0153369 -0.288354 -2.41206 0.00443461 0.999252 -0.0384241 -0.269094 0.288728 0.0355085 0.956753 12.3583 
0.955073 -0.0162015 -0.295929 -2.61386 0.00335567 0.999032 -0.0438652 -0.299061 0.296353 0.0409014 0.954202 12.9554 
0.953295 -0.0179663 -0.301506 -2.82745 0.00268285 0.998694 -0.0510283 -0.334813 0.302029 0.0478362 0.952098 13.5723 
0.951785 -0.0193976 -0.306153 -3.0336 0.00129372 0.998244 -0.0592258 -0.368965 0.306765 0.0559742 0.950138 14.1795 
0.950722 -0.01926 -0.309447 -3.26304 -0.00192929 0.997682 -0.0680233 -0.412957 0.310039 0.0652683 0.948481 14.8056 
0.949276 -0.0189578 -0.313873 -3.49819 -0.00556523 0.997012 -0.0770508 -0.460174 0.314396 0.0748893 0.946334 15.4501 
0.947949 -0.0191831 -0.317843 -3.74097 -0.00809725 0.996409 -0.084287 -0.510405 0.318318 0.0824735 0.94439 16.1251 
0.946468 -0.0184128 -0.322271 -4.00389 -0.0116518 0.995772 -0.0911127 -0.566603 0.322586 0.0899904 0.942253 16.7933 
0.944793 -0.0177149 -0.327187 -4.25339 -0.015018 0.995147 -0.0972466 -0.632058 0.327322 0.0967917 0.939942 17.4631 
0.943188 -0.0145837 -0.331939 -4.51778 -0.0206792 0.994523 -0.102453 -0.711992 0.331615 0.103497 0.937721 18.118 
0.941406 -0.0128395 -0.337031 -4.79179 -0.0240501 0.994176 -0.105052 -0.792736 0.336417 0.107002 0.935614 18.8138 
0.939666 -0.0111338 -0.341912 -5.07148 -0.0269494 0.993955 -0.106431 -0.872479 0.341031 0.109224 0.933685 19.5077 
0.93745 -0.0105217 -0.34796 -5.34603 -0.0279005 0.994057 -0.105226 -0.964193 0.347 0.108353 0.931585 20.2057 
0.935071 -0.00974705 -0.354326 -5.63747 -0.0291203 0.99413 -0.104196 -1.04141 0.353262 0.107749 0.929299 20.9237 
0.932396 -0.0098778 -0.361303 -5.92088 -0.0291695 0.994309 -0.10246 -1.12929 0.360259 0.106073 0.926802 21.6207 
0.929301 -0.00927137 -0.369208 -6.2423 -0.0295442 0.994615 -0.0993395 -1.21128 0.36814 0.103224 0.924022 22.3548 
0.925896 -0.00783639 -0.377697 -6.56838 -0.0297463 0.995168 -0.0935684 -1.29415 0.376606 0.0978697 0.921189 23.1091 
0.922573 -0.00346598 -0.385806 -6.91827 -0.0333102 0.99551 -0.0885977 -1.37505 0.384381 0.0945892 0.918316 23.8559 
0.918741 -0.000837217 -0.39486 -7.27575 -0.0353338 0.995812 -0.0843245 -1.45226 0.393277 0.0914243 0.914863 24.6275 
0.915186 0.00118505 -0.403031 -7.64518 -0.0377704 0.995847 -0.0828394 -1.5238 0.401259 0.0910361 0.91143 25.3829 
0.911353 0.00173576 -0.411623 -8.01583 -0.0391021 0.995834 -0.0823746 -1.59841 0.409765 0.0911676 0.907624 26.1353 
0.907371 0.00117035 -0.420329 -8.39421 -0.0388013 0.99596 -0.0809878 -1.67065 0.418536 0.0897954 0.90375 26.905 
0.903276 0.00261223 -0.429052 -8.7961 -0.0406233 0.99601 -0.0794595 -1.74156 0.427133 0.0892034 0.899778 27.691 
0.899493 0.00191826 -0.436931 -9.17716 -0.0394217 0.996268 -0.0767821 -1.82014 0.435153 0.0862896 0.896212 28.445 
0.895679 0.00330719 -0.44469 -9.58768 -0.0399199 0.996533 -0.072994 -1.88943 0.442907 0.0831312 0.892705 29.22 
0.892085 0.00581054 -0.451831 -10.0096 -0.0407528 0.996877 -0.0676416 -1.9533 0.450027 0.0787554 0.889535 29.9982 
0.888168 0.00642362 -0.459474 -10.4421 -0.0401114 0.997169 -0.063595 -2.01933 0.457765 0.0749132 0.885912 30.7991 
0.884444 0.0056505 -0.466613 -10.8828 -0.0391433 0.997301 -0.0621176 -2.08296 0.465002 0.0732044 0.882278 31.6004 
0.881057 0.00388262 -0.472994 -11.3532 -0.0373701 0.997412 -0.0614229 -2.13573 0.471531 0.071793 0.878922 32.4355 
0.87816 0.00378039 -0.478352 -11.8081 -0.0363571 0.997604 -0.0588607 -2.2054 0.476983 0.0690807 0.876194 33.2291 
0.875137 0.00155771 -0.483873 -12.2862 -0.0337416 0.997757 -0.0578134 -2.26476 0.482698 0.0669213 0.873227 34.0612 
0.87251 0.00162278 -0.488594 -12.7653 -0.0344784 0.997706 -0.0582563 -2.32593 0.487379 0.0676752 0.870564 34.8755 
0.870832 0.0012963 -0.491579 -13.3248 -0.0352635 0.997585 -0.0598387 -2.35979 0.490315 0.0694443 0.868774 35.7465 
0.869563 -2.27903e-05 -0.493823 -13.9041 -0.0343847 0.99757 -0.0605934 -2.39981 0.492624 0.0696698 0.867449 36.6612 
0.869279 0.000457005 -0.494321 -14.4353 -0.0348609 0.997566 -0.0603817 -2.45958 0.493091 0.069721 0.86718 37.5339 
0.869022 0.000449945 -0.494773 -14.9573 -0.0338364 0.997712 -0.0585232 -2.53232 0.493615 0.0675993 0.867049 38.4176 
0.868556 -0.00167195 -0.495588 -15.4676 -0.0311455 0.997833 -0.0579513 -2.60064 0.494611 0.0657694 0.866622 39.2954 
0.868046 -0.00366674 -0.49647 -16.0054 -0.029274 0.997855 -0.0585535 -2.66907 0.49562 0.0653609 0.866077 40.1916 
0.867411 -0.00506404 -0.497567 -16.5387 -0.0281918 0.997842 -0.0593026 -2.73467 0.496794 0.065467 0.865396 41.05 
0.866262 -0.0051448 -0.499563 -17.1233 -0.0273452 0.99796 -0.0576954 -2.7959 0.498841 0.0636401 0.864354 41.9629 
0.864056 -0.00526364 -0.503368 -17.6624 -0.0249925 0.998264 -0.0533396 -2.8697 0.502775 0.0586689 0.862424 42.867 
0.861186 -0.00559882 -0.50826 -18.2119 -0.022751 0.998513 -0.0495482 -2.93759 0.507781 0.0542337 0.859777 43.7616 
0.857338 -0.00611888 -0.514717 -18.7988 -0.0217216 0.998609 -0.0480519 -3.00065 0.514295 0.0523773 0.856012 44.6794 
0.852129 -0.0100023 -0.523237 -19.3516 -0.0188899 0.998578 -0.0498527 -3.07703 0.522991 0.0523648 0.850728 45.5439 
0.845907 -0.0139937 -0.533147 -19.9429 -0.0169534 0.998445 -0.0531054 -3.13805 0.533061 0.053961 0.844354 46.4565 
0.839892 -0.0144498 -0.542562 -20.5269 -0.016389 0.998515 -0.0519634 -3.21555 0.542507 0.0525357 0.838407 47.2995 
0.833782 -0.0107011 -0.551989 -21.1343 -0.0180468 0.99875 -0.0466219 -3.28103 0.551798 0.0488342 0.832547 48.196 
0.828677 -0.0063482 -0.559691 -21.7623 -0.0211343 0.998868 -0.042621 -3.33338 0.559327 0.0471477 0.827605 49.0723 
0.824508 -0.00682104 -0.56581 -22.3911 -0.0219891 0.998786 -0.0440837 -3.39529 0.565424 0.0487891 0.823356 49.9512 
0.821432 -0.00854793 -0.570243 -23.0176 -0.0231909 0.99856 -0.0483749 -3.45904 0.569835 0.0529612 0.820051 50.8009 
0.818322 -0.0120537 -0.574634 -23.6528 -0.0241982 0.998171 -0.055398 -3.52741 0.574251 0.0592386 0.816534 51.6532 
0.815218 -0.0134544 -0.578998 -24.2875 -0.0240032 0.998086 -0.0569889 -3.5968 0.578656 0.0603563 0.813335 52.5134 
0.811639 -0.0116034 -0.584044 -24.9196 -0.024053 0.998291 -0.0532596 -3.66594 0.583664 0.0572757 0.809973 53.3617 
0.808788 -0.00892693 -0.588032 -25.5817 -0.0237569 0.998573 -0.047835 -3.7394 0.58762 0.0526582 0.807422 54.2131 
0.805962 -0.00723954 -0.591924 -26.226 -0.0235907 0.998738 -0.0443361 -3.81215 0.591498 0.0496971 0.804774 55.0455 
0.802633 -0.00700247 -0.596432 -26.876 -0.0244963 0.998701 -0.0446906 -3.87613 0.59597 0.0504806 0.801418 55.87 
0.799032 -0.00895736 -0.601222 -27.5469 -0.0234973 0.99866 -0.0461068 -3.94267 0.600829 0.0509679 0.797751 56.7284 
0.794889 -0.0122534 -0.606631 -28.2206 -0.0219317 0.998563 -0.048908 -3.99801 0.606358 0.052181 0.793478 57.5855 
0.790899 -0.0133729 -0.6118 -28.9037 -0.0211936 0.998563 -0.0492248 -4.06516 0.611579 0.0518982 0.789479 58.419 
0.786446 -0.0140501 -0.617499 -29.5844 -0.0201834 0.998623 -0.0484275 -4.12892 0.617329 0.0505489 0.78508 59.2459 
0.781702 -0.0138414 -0.623498 -30.285 -0.0204128 0.99865 -0.0477618 -4.19453 0.623318 0.0500629 0.780365 60.0763 
0.776644 -0.0150643 -0.629759 -30.9831 -0.0201073 0.998612 -0.0486848 -4.2634 0.629618 0.0504736 0.775263 60.905 
0.771572 -0.0160169 -0.635941 -31.697 -0.0203839 0.998547 -0.0498809 -4.3225 0.635816 0.0514497 0.770124 61.729 
0.766139 -0.0173859 -0.64244 -32.4135 -0.0202466 0.998485 -0.0511662 -4.38755 0.642356 0.0522077 0.764626 62.5429 
0.76043 -0.0194691 -0.649128 -33.1384 -0.0185499 0.998492 -0.0516781 -4.46205 0.649155 0.0513389 0.758922 63.3638 
0.753956 -0.0218487 -0.656561 -33.8691 -0.01671 0.998486 -0.0524159 -4.5305 0.656712 0.0504904 0.752449 64.1922 
0.748095 -0.0236903 -0.663168 -34.6723 -0.0149093 0.99851 -0.0524883 -4.59544 0.663424 0.0491537 0.746628 65.0268 
0.742224 -0.0236406 -0.669735 -35.4519 -0.0140553 0.998609 -0.050826 -4.66294 0.670005 0.0471376 0.740859 65.8333 
0.735485 -0.0236942 -0.677126 -36.1792 -0.0139097 0.99865 -0.0500537 -4.74085 0.677398 0.0462324 0.734163 66.6237 
0.729428 -0.0251091 -0.683597 -36.9698 -0.0136022 0.998596 -0.0511936 -4.80468 0.683922 0.0466405 0.728062 67.4096 
0.723155 -0.0275566 -0.690136 -37.7578 -0.0128741 0.998492 -0.0533592 -4.86873 0.690565 0.0474719 0.72171 68.2071 
0.717102 -0.0264682 -0.696466 -38.5602 -0.0151737 0.998449 -0.053568 -4.93491 0.696804 0.0489817 0.715588 68.9922 
0.711891 -0.0253338 -0.701833 -39.3837 -0.016558 0.998466 -0.0528366 -5.00471 0.702095 0.0492349 0.710379 69.7866 
0.707179 -0.0252684 -0.706583 -40.1792 -0.0174913 0.99843 -0.0532114 -5.07255 0.706818 0.0499891 0.705627 70.548 
0.702679 -0.0257761 -0.71104 -41.0304 -0.0179239 0.998385 -0.0539059 -5.1589 0.711281 0.0506232 0.701082 71.3285 
0.697323 -0.0272994 -0.716237 -41.8635 -0.018824 0.998232 -0.0563746 -5.23787 0.71651 0.0527938 0.695576 72.1084 
0.692043 -0.0304325 -0.721215 -42.7351 -0.017482 0.998111 -0.0588914 -5.31409 0.721645 0.0533637 0.690204 72.907 
0.686999 -0.0313236 -0.725983 -43.5864 -0.0174844 0.998069 -0.0596087 -5.38999 0.726448 0.0536446 0.685125 73.6771 
0.682473 -0.0295625 -0.730313 -44.4759 -0.0193434 0.998101 -0.0584788 -5.46966 0.730655 0.054037 0.680606 74.4612 
0.677573 -0.0287956 -0.734891 -45.3362 -0.0193385 0.99819 -0.0569427 -5.56304 0.735201 0.0527946 0.67579 75.2181 
0.672629 -0.0294891 -0.739392 -46.2276 -0.0196474 0.998142 -0.0576822 -5.6432 0.739719 0.0533259 0.6708 75.9847 
0.668528 -0.0305026 -0.743061 -47.1817 -0.019221 0.998116 -0.0582657 -5.71441 0.743438 0.0532347 0.666682 76.764 
0.663931 -0.0304956 -0.747172 -48.0874 -0.0188159 0.998171 -0.0574598 -5.80158 0.747557 0.0522081 0.662143 77.5397 
0.660059 -0.0315148 -0.750553 -48.9935 -0.0173985 0.99821 -0.0572144 -5.88197 0.751012 0.0508234 0.658329 78.3018 
0.656559 -0.0339286 -0.753512 -49.9106 -0.0151537 0.998193 -0.0581499 -5.96927 0.754123 0.0495973 0.654858 79.0583 
0.652623 -0.0381996 -0.756719 -50.8239 -0.0124717 0.998051 -0.0611383 -6.05157 0.75758 0.0493379 0.650875 79.8194 
0.64787 -0.0421861 -0.760582 -51.7163 -0.00847574 0.998004 -0.0625746 -6.13646 0.761704 0.0469868 0.64622 80.5481 
0.641533 -0.0453841 -0.765752 -52.6299 -0.00404407 0.998034 -0.062539 -6.22113 0.767085 0.0432176 0.640089 81.2826 
0.633488 -0.0488701 -0.772207 -53.5715 -0.000233508 0.997991 -0.0633506 -6.30212 0.773752 0.0403123 0.632204 82.0318 
0.624716 -0.0500658 -0.779246 -54.5416 0.00284768 0.998082 -0.0618429 -6.38762 0.780847 0.0364152 0.62366 82.7789 
0.616089 -0.0486084 -0.786175 -55.5385 0.00289928 0.998227 -0.0594473 -6.47403 0.787671 0.0343456 0.615138 83.527 
0.607506 -0.0483967 -0.79284 -56.5381 0.00195532 0.99823 -0.0594359 -6.56029 0.794313 0.0345575 0.606525 84.2537 
0.598012 -0.0499848 -0.799927 -57.5259 0.000761769 0.998088 -0.0617978 -6.63647 0.801487 0.0363465 0.596907 84.9653 
0.588379 -0.0521395 -0.806902 -58.5491 0.000857075 0.997959 -0.06386 -6.72511 0.808585 0.0368824 0.587223 85.6748 
0.578259 -0.0539642 -0.814066 -59.5772 0.00199659 0.997901 -0.0647323 -6.82236 0.815851 0.0358068 0.577153 86.3885 
0.568534 -0.0546637 -0.820842 -60.6078 0.00455078 0.997984 -0.0633085 -6.91539 0.822647 0.0322576 0.567636 87.0777 
0.558949 -0.0544322 -0.827414 -61.6384 0.00509293 0.99805 -0.0622172 -7.00678 0.829187 0.0305623 0.558136 87.7342 
0.548816 -0.0552951 -0.834112 -62.6773 0.00535587 0.998022 -0.0626371 -7.09456 0.835926 0.0299089 0.548027 88.3923 
0.539141 -0.0561008 -0.840345 -63.7402 0.0040946 0.997942 -0.0639949 -7.18185 0.842205 0.0310615 0.538262 89.0448 
0.529174 -0.0568013 -0.84661 -64.806 0.00289167 0.997872 -0.0651424 -7.27663 0.848509 0.0320236 0.528212 89.6875 
0.519537 -0.0571996 -0.852531 -65.9034 0.000752659 0.997787 -0.0664868 -7.37505 0.854448 0.0339007 0.51843 90.323 
0.51043 -0.0568848 -0.858036 -66.9936 -7.12272e-05 0.997807 -0.0661935 -7.4806 0.859919 0.0338483 0.509306 90.9318 
0.501629 -0.0548429 -0.863343 -68.0887 -0.000806968 0.997958 -0.0638631 -7.58207 0.865082 0.0327323 0.500561 91.5408 
0.493442 -0.0534904 -0.868132 -69.1921 0.000323088 0.998118 -0.061316 -7.6762 0.869778 0.0299755 0.492531 92.1451 
0.486233 -0.0536738 -0.872179 -70.301 -3.36738e-05 0.998111 -0.0614424 -7.76811 0.873829 0.0299048 0.485312 92.73 
0.478914 -0.0564401 -0.876046 -71.441 0.000473212 0.997948 -0.064035 -7.85631 0.877862 0.0302528 0.477958 93.3266 
0.471907 -0.0601995 -0.879591 -72.5692 0.00412147 0.997806 -0.066079 -7.95809 0.881639 0.027558 0.47112 93.9085 
0.465146 -0.0623832 -0.883033 -73.6797 0.00496272 0.997682 -0.0678686 -8.06322 0.88522 0.0271866 0.464378 94.4814 
0.458842 -0.0666243 -0.886016 -74.8363 0.00758677 0.997442 -0.0710741 -8.1736 0.888485 0.0258898 0.458174 95.09 
0.454767 -0.0668836 -0.888095 -75.9647 0.0101619 0.997501 -0.0699195 -8.29484 0.890552 0.0227724 0.454311 95.6259 
0.450596 -0.0642532 -0.890413 -77.1028 0.0117166 0.997746 -0.0660693 -8.40427 0.892651 0.019338 0.450334 96.1747 
0.446657 -0.0629911 -0.892485 -78.2561 0.0153249 0.997911 -0.0627625 -8.49994 0.894574 0.0143561 0.446689 96.7406 
0.44328 -0.0620425 -0.894233 -79.3974 0.0169302 0.998003 -0.0608497 -8.60913 0.896223 0.011834 0.443446 97.2875 
0.440562 -0.0620782 -0.895573 -80.5432 0.018493 0.998022 -0.0600823 -8.69846 0.897532 0.00990818 0.440839 97.8337 
0.437926 -0.0608993 -0.896946 -81.6724 0.0201586 0.998117 -0.0579263 -8.79612 0.898785 0.00728629 0.438329 98.3723 
0.436326 -0.0601097 -0.897779 -82.8215 0.0216532 0.998179 -0.0563083 -8.88788 0.899528 0.00512911 0.436833 98.8974 
0.43449 -0.0607473 -0.898626 -83.9343 0.0242046 0.99815 -0.0557722 -8.98668 0.900351 0.00248168 0.435157 99.4105 
0.432608 -0.0606617 -0.899539 -85.0587 0.0266166 0.998158 -0.0545117 -9.07895 0.901189 -0.000360421 0.433426 99.9287 
0.430031 -0.0595743 -0.900846 -86.1606 0.0294049 0.998215 -0.0519766 -9.16562 0.902335 -0.00413774 0.431015 100.448 
0.427871 -0.0586124 -0.901937 -87.2694 0.0313467 0.998257 -0.0500012 -9.25382 0.903296 -0.00687865 0.428963 100.951 
0.426099 -0.0603347 -0.902663 -88.3835 0.0331343 0.998145 -0.0510759 -9.32608 0.90407 -0.00814568 0.427308 101.457 
0.425193 -0.0616099 -0.903003 -89.4531 0.0341393 0.998062 -0.0520206 -9.406 0.904459 -0.0087091 0.426472 101.939 
0.423923 -0.0628115 -0.903518 -90.5104 0.0350868 0.997982 -0.0529161 -9.49754 0.905019 -0.00926913 0.425271 102.421 
0.424147 -0.0639599 -0.903332 -91.5815 0.0353964 0.997911 -0.0540367 -9.58016 0.904901 -0.00905513 0.425525 102.905 
0.426522 -0.063756 -0.902227 -92.641 0.0334924 0.997942 -0.0546864 -9.66165 0.903857 -0.0068927 0.42778 103.382 
0.430269 -0.0651178 -0.900349 -93.68 0.0323253 0.997867 -0.0567228 -9.73944 0.902122 -0.00469788 0.431456 103.869 
0.436031 -0.0651006 -0.897574 -94.7226 0.0306646 0.997876 -0.0574789 -9.82734 0.899409 -0.00246112 0.437101 104.332 
0.441627 -0.0655171 -0.894803 -95.7102 0.0307685 0.99785 -0.0578764 -9.90963 0.896671 -0.00197192 0.442694 104.804 
0.448133 -0.0651548 -0.89159 -96.7289 0.0309177 0.997873 -0.0573819 -9.98695 0.893432 -0.00185113 0.449194 105.297 
0.456226 -0.0649939 -0.887487 -97.7396 0.0307447 0.997885 -0.057274 -10.0617 0.889333 -0.00115564 0.457259 105.792 
0.465292 -0.0637697 -0.882857 -98.7381 0.0296636 0.997965 -0.0564504 -10.1462 0.88466 7.72814e-05 0.466237 106.287 
0.474197 -0.0626858 -0.878185 -99.7025 0.0290143 0.998033 -0.0555737 -10.2332 0.879941 0.000873 0.475083 106.797 
0.484317 -0.0636584 -0.872574 -100.675 0.0278417 0.997966 -0.057353 -10.3105 0.87445 0.00348309 0.485104 107.308 
0.494374 -0.0653455 -0.86679 -101.635 0.0265843 0.997841 -0.0600628 -10.3922 0.868843 0.00665052 0.495043 107.841 
0.506301 -0.0653804 -0.859875 -102.607 0.0235257 0.997798 -0.0620152 -10.4737 0.862036 0.0111692 0.506724 108.381 
0.518925 -0.0633973 -0.852466 -103.561 0.0211871 0.997894 -0.0613153 -10.5601 0.854557 0.0137569 0.519175 108.932 
0.531935 -0.0609554 -0.844589 -104.503 0.0191084 0.998016 -0.0599937 -10.6364 0.84657 0.015774 0.532044 109.496 
0.543341 -0.0590804 -0.837431 -105.405 0.0193837 0.998138 -0.0578417 -10.714 0.839288 0.0151954 0.543475 110.079 
0.554655 -0.0586573 -0.830011 -106.3 0.0194027 0.998153 -0.0575742 -10.7931 0.831854 0.0158294 0.554768 110.662 
0.566062 -0.059389 -0.82222 -107.174 0.0205633 0.998109 -0.0579365 -10.8759 0.824106 0.0158881 0.566213 111.243 
0.576902 -0.0613969 -0.814502 -108.025 0.0222882 0.997983 -0.0594411 -10.9543 0.816509 0.016138 0.577107 111.834 
0.587493 -0.0629232 -0.806779 -108.878 0.0251406 0.99791 -0.0595228 -11.0457 0.808839 0.0146863 0.587847 112.44 
0.597911 -0.063668 -0.79903 -109.712 0.0261762 0.99786 -0.0599236 -11.1227 0.801135 0.0149134 0.598298 113.051 
0.608074 -0.0617651 -0.791474 -110.534 0.0256574 0.997977 -0.0581682 -11.1976 0.793466 0.0150635 0.608429 113.668 
0.617934 -0.058846 -0.784025 -111.353 0.0260475 0.99818 -0.0543902 -11.28 0.785798 0.0131877 0.618342 114.297 
0.627782 -0.0570636 -0.776294 -112.161 0.0245849 0.998265 -0.0534986 -11.3514 0.778001 0.0145004 0.628096 114.937 
0.637639 -0.0562704 -0.768277 -112.943 0.0231021 0.998277 -0.0539423 -11.4332 0.769989 0.016647 0.63784 115.574 
0.646667 -0.0560011 -0.760714 -113.73 0.0214578 0.998242 -0.0552462 -11.502 0.76247 0.0194027 0.646732 116.229 
0.655166 -0.055457 -0.753447 -114.474 0.0216514 0.998271 -0.05465 -11.5751 0.755175 0.0194917 0.655233 116.873 
0.664557 -0.0538919 -0.745292 -115.235 0.0217165 0.998368 -0.0528278 -11.6419 0.746922 0.018922 0.664643 117.518 
0.672468 -0.0516394 -0.738322 -115.95 0.0218238 0.998513 -0.0499603 -11.7151 0.739804 0.0174838 0.672595 118.17 
0.680549 -0.0507976 -0.73094 -116.648 0.0219953 0.998561 -0.0489173 -11.7808 0.732372 0.0172134 0.680687 118.801 
0.688228 -0.0497028 -0.72379 -117.348 0.0206257 0.998588 -0.048961 -11.8392 0.725201 0.0187677 0.688282 119.449 
0.695592 -0.0487558 -0.716781 -118.047 0.020167 0.998627 -0.0483563 -11.9032 0.718154 0.019181 0.69562 120.102 
0.702165 -0.0464243 -0.710499 -118.703 0.0197321 0.998758 -0.0457586 -11.9616 0.71174 0.0181105 0.702209 120.754 
0.70917 -0.0439445 -0.703667 -119.355 0.0191948 0.998889 -0.0430364 -12.0249 0.704776 0.0170134 0.709226 121.406 
0.716377 -0.0428602 -0.696396 -119.997 0.0187648 0.998934 -0.0421769 -12.079 0.697461 0.0171469 0.716418 122.049 
0.723408 -0.0417949 -0.689154 -120.627 0.0178758 0.998965 -0.0418196 -12.1297 0.690189 0.0179335 0.723407 122.708 
0.731674 -0.0393713 -0.680517 -121.255 0.0158909 0.999045 -0.0407142 -12.1782 0.68147 0.0189755 0.7316 123.347 
0.740614 -0.0364275 -0.670943 -121.857 0.0146931 0.999169 -0.0380291 -12.2275 0.67177 0.0183067 0.740533 123.99 
0.750144 -0.0324657 -0.660477 -122.447 0.0126754 0.999317 -0.0347251 -12.2762 0.661153 0.0176771 0.750043 124.646 
0.760389 -0.0306773 -0.648743 -123.022 0.0111433 0.999353 -0.0341957 -12.3208 0.649372 0.0187729 0.760239 125.295 
0.770302 -0.029526 -0.636996 -123.573 0.00962262 0.999352 -0.0346855 -12.3691 0.637607 0.0205888 0.770087 125.949 
0.779869 -0.0308802 -0.625181 -124.121 0.0100007 0.99927 -0.0368828 -12.4019 0.625863 0.0225115 0.779608 126.625 
0.789159 -0.0302844 -0.613442 -124.596 0.0100744 0.999288 -0.0363728 -12.4497 0.614106 0.0225239 0.788902 127.27 
0.799326 -0.0287969 -0.600208 -125.128 0.0100652 0.999353 -0.0345428 -12.4979 0.600814 0.0215698 0.799098 127.946 
0.808987 -0.0266339 -0.587222 -125.6 0.00996363 0.999451 -0.0316044 -12.5358 0.587742 0.0197168 0.808808 128.614 
0.818576 -0.0248721 -0.573859 -126.095 0.0100896 0.999531 -0.0289292 -12.5833 0.574309 0.0178908 0.818443 129.309 
0.827805 -0.0235431 -0.560522 -126.623 0.0106251 0.999598 -0.0262937 -12.613 0.560915 0.0158105 0.827722 130.03 
0.835761 -0.0230199 -0.548611 -127.102 0.0117045 0.999641 -0.0241146 -12.6466 0.548968 0.0137329 0.83573 130.757 
0.84296 -0.0229494 -0.537487 -127.561 0.0129725 0.999666 -0.0223382 -12.6832 0.53782 0.0118577 0.842976 131.468 
0.849581 -0.0228341 -0.526964 -128.02 0.0132579 0.999671 -0.0219426 -12.7137 0.527292 0.0116556 0.849604 132.199 
0.856266 -0.0218984 -0.516071 -128.464 0.0123365 0.999683 -0.0219507 -12.739 0.516388 0.0124292 0.856264 132.912 
0.86301 -0.0200544 -0.504789 -128.906 0.0110709 0.999723 -0.0207901 -12.7725 0.505066 0.0123537 0.862992 133.633 
0.869102 -0.0195737 -0.494246 -129.341 0.0108424 0.999731 -0.0205268 -12.8037 0.494515 0.0124811 0.86908 134.388 
0.874961 -0.0200326 -0.48378 -129.765 0.0115499 0.999723 -0.020508 -12.8325 0.484056 0.0123561 0.87495 135.135 
0.879762 -0.0211978 -0.474942 -130.187 0.0125567 0.999693 -0.0213592 -12.8631 0.475249 0.0128274 0.879758 135.912 
0.884093 -0.0225422 -0.466767 -130.604 0.0138881 0.999662 -0.0219728 -12.893 0.467105 0.0129435 0.884107 136.674 
0.887488 -0.0223795 -0.460288 -131.011 0.0142349 0.999675 -0.0211583 -12.9188 0.460612 0.0122256 0.887518 137.444 
0.890286 -0.0205673 -0.454937 -131.414 0.0140051 0.999744 -0.0177903 -12.9507 0.455187 0.00946709 0.890346 138.236 
0.893428 -0.0166501 -0.448899 -131.853 0.0117309 0.999837 -0.0137374 -12.9689 0.449054 0.00700749 0.893477 139.069 
0.896742 -0.0135796 -0.442346 -132.264 0.00985344 0.999894 -0.0107205 -12.996 0.442445 0.00525495 0.89678 139.879 
0.899944 -0.0107938 -0.435872 -132.69 0.00783189 0.999932 -0.00859166 -13.0143 0.435935 0.00431837 0.899968 140.721 
0.903105 -0.00911187 -0.429324 -133.117 0.00702821 0.999955 -0.00643868 -13.0308 0.429363 0.00279747 0.903128 141.589 
0.906245 -0.0069121 -0.422696 -133.539 0.00609912 0.999976 -0.00327579 -13.0523 0.422708 0.000390642 0.906266 142.455 
0.90945 -0.00717455 -0.415751 -133.944 0.00725385 0.999973 -0.00138876 -13.0627 0.415749 -0.00175274 0.909478 143.34 
0.912822 -0.00719696 -0.408293 -134.351 0.00790305 0.999969 4.24147e-05 -13.083 0.40828 -0.00326543 0.912851 144.244 
0.916371 -0.00823576 -0.400247 -134.755 0.00899174 0.99996 1.07578e-05 -13.0899 0.40023 -0.00360872 0.916408 145.151 
0.920232 -0.0105975 -0.39123 -135.147 0.0113354 0.999936 -0.000423368 -13.1007 0.39121 -0.00404511 0.920293 146.056 
0.924101 -0.0120933 -0.381957 -135.538 0.0125121 0.999921 -0.0013873 -13.1172 0.381943 -0.00349703 0.924179 146.987 
0.928392 -0.0128141 -0.371381 -135.919 0.0125502 0.999916 -0.00312752 -13.1358 0.37139 -0.00175731 0.928475 147.923 
0.933459 -0.0111849 -0.358511 -136.308 0.0104969 0.999937 -0.00386553 -13.1438 0.358532 -0.000154876 0.933518 148.922 
0.939638 -0.00772893 -0.342083 -136.69 0.00722676 0.99997 -0.00274259 -13.1444 0.342094 0.000104945 0.939666 149.883 
0.946084 -0.00439918 -0.323891 -137.068 0.00470301 0.999989 0.000155206 -13.1441 0.323887 -0.00167005 0.946094 150.966 
0.952491 -0.00149488 -0.304562 -137.396 0.00215052 0.999996 0.00181716 -13.1536 0.304558 -0.00238575 0.952491 151.987 
0.959021 -0.000160434 -0.283334 -137.743 0.000985547 0.999996 0.00276949 -13.1642 0.283333 -0.00293519 0.959017 153.048 
0.965004 0.00140654 -0.262233 -138.048 -0.000220339 0.99999 0.00455265 -13.1723 0.262237 -0.0043355 0.964994 154.124 
0.970508 0.0018583 -0.241062 -138.31 -8.76116e-05 0.999973 0.00735574 -13.1824 0.241069 -0.00711763 0.970482 155.163 
0.975676 0.00414942 -0.219178 -138.576 -0.00180077 0.999939 0.0109143 -13.1833 0.219209 -0.0102541 0.975624 156.247 
0.980267 0.00650018 -0.197572 -138.808 -0.00349393 0.999873 0.0155606 -13.1853 0.197648 -0.0145632 0.980165 157.322 
0.98446 0.0080983 -0.175421 -139.026 -0.00488587 0.999813 0.0187367 -13.1801 0.17554 -0.0175884 0.984315 158.438 
0.988008 0.0104302 -0.154047 -139.189 -0.00753824 0.999784 0.0193452 -13.1904 0.154216 -0.017952 0.987874 159.523 
0.991123 0.00976309 -0.132591 -139.346 -0.00744649 0.999811 0.0179562 -13.202 0.132741 -0.0168094 0.991008 160.711 
0.993646 0.00910083 -0.112183 -139.48 -0.00724072 0.99983 0.0169769 -13.1941 0.112319 -0.0160567 0.993543 161.829 
0.995688 0.00764489 -0.0924482 -139.614 -0.00590517 0.999801 0.0190768 -13.1882 0.0925755 -0.0184486 0.995535 162.96 
0.997323 0.00797888 -0.0726891 -139.689 -0.00649565 0.999766 0.0206182 -13.1752 0.0728365 -0.0200908 0.997142 164.245 
0.998549 0.00852889 -0.053171 -139.74 -0.00736204 0.999729 0.0221018 -13.1797 0.053345 -0.0216783 0.998341 165.434 
0.999365 0.0096479 -0.0343038 -139.735 -0.00887603 0.999706 0.0225814 -13.1631 0.0345115 -0.0222626 0.999156 166.612 
0.999844 0.0102349 -0.0143778 -139.759 -0.00988857 0.999664 0.0239557 -13.1636 0.0146181 -0.0238097 0.99961 167.823 
0.999907 0.0124632 0.00558217 -139.758 -0.0125928 0.999637 0.0238313 -13.1604 -0.00528317 -0.0238993 0.9997 169.152 
0.99959 0.0135926 0.0251912 -139.731 -0.0141755 0.999633 0.0231077 -13.1516 -0.0248679 -0.0234552 0.999416 170.408 
0.998922 0.0136734 0.0443638 -139.672 -0.0146231 0.999669 0.0211546 -13.1533 -0.04406 -0.0217805 0.998791 171.68 
0.99792 0.0153632 0.0626024 -139.573 -0.016587 0.99968 0.019077 -13.1645 -0.0622894 -0.0200757 0.997856 172.94 
0.996585 0.0157256 0.0810614 -139.415 -0.0172285 0.999692 0.0178747 -13.188 -0.0807554 -0.0192102 0.996549 174.299 
0.994904 0.0156997 0.0995976 -139.263 -0.0173055 0.999734 0.01528 -13.1966 -0.0993312 -0.0169256 0.994911 175.687 
0.992905 0.0165417 0.117752 -139.097 -0.0179024 0.999785 0.0105083 -13.2123 -0.117553 -0.0125418 0.992987 177.063 
0.990579 0.0182841 0.135713 -138.937 -0.0190523 0.999809 0.00436415 -13.2317 -0.135608 -0.00690865 0.990739 178.445 
0.988106 0.020269 0.152435 -138.736 -0.0204604 0.999791 -0.000312572 -13.2535 -0.15241 -0.00280999 0.988313 179.724 
0.985312 0.0222325 0.169308 -138.485 -0.0219023 0.999753 -0.00381781 -13.3095 -0.169351 5.35441e-05 0.985556 180.968 
0.982215 0.0240672 0.186209 -138.152 -0.0233847 0.999709 -0.00586106 -13.3976 -0.186296 0.00140242 0.982493 182.404 
0.978764 0.0237883 0.203608 -137.881 -0.0232151 0.999717 -0.00520338 -13.4306 -0.203674 0.000366142 0.979039 183.813 
0.975308 0.0223628 0.219713 -137.504 -0.0217544 0.99975 -0.00518827 -13.495 -0.219774 0.000280478 0.975551 185.181 
0.971651 0.0223739 0.235359 -137.097 -0.0205862 0.999738 -0.0100501 -13.5304 -0.235523 0.00492012 0.971856 186.599 
0.967584 0.0228936 0.251512 -136.766 -0.0199926 0.999701 -0.0140838 -13.5606 -0.251759 0.00859893 0.967752 187.982 
0.963206 0.0251698 0.267584 -136.358 -0.0222346 0.999655 -0.0139939 -13.5993 -0.267844 0.00752945 0.963433 189.39 
0.958264 0.0273306 0.284577 -135.971 -0.0243217 0.999605 -0.0141022 -13.6494 -0.28485 0.00659225 0.95855 190.759 
0.952785 0.0310497 0.302055 -135.56 -0.0271546 0.999485 -0.0170871 -13.6816 -0.30243 0.00807814 0.953137 192.178 
0.947182 0.0313865 0.319156 -135.127 -0.0261143 0.999443 -0.0207862 -13.7213 -0.31963 0.0113538 0.947474 193.585 
0.941274 0.0324427 0.336081 -134.608 -0.0263419 0.999395 -0.0226972 -13.7993 -0.336614 0.0125113 0.94156 195.054 
0.934915 0.0325233 0.353377 -134.058 -0.0244243 0.999327 -0.0273551 -13.8773 -0.354029 0.0169437 0.935081 196.503 
0.927279 0.0356554 0.372669 -133.472 -0.0250835 0.999135 -0.0331798 -13.9624 -0.37353 0.0214192 0.927371 198.123 
0.918112 0.0391494 0.394384 -132.826 -0.0270287 0.998977 -0.0362439 -14.068 -0.395399 0.0226163 0.918231 199.73 
0.907116 0.0419247 0.418788 -132.225 -0.0290259 0.998889 -0.0371266 -14.1452 -0.419879 0.0215225 0.907325 201.214 
0.895346 0.0469583 0.44289 -131.461 -0.0329853 0.998687 -0.0392046 -14.2726 -0.444149 0.0204929 0.895719 202.637 
0.882235 0.0508098 0.468059 -130.742 -0.0350398 0.998488 -0.0423442 -14.3696 -0.469503 0.0209569 0.882682 204.156 
0.868429 0.0544378 0.492816 -130.027 -0.0370414 0.9983 -0.0450013 -14.4601 -0.494428 0.0208258 0.868969 205.518 
0.854424 0.0558415 0.516568 -129.267 -0.036678 0.99821 -0.0472406 -14.5498 -0.518281 0.0214168 0.854942 206.873 
0.839533 0.056853 0.540325 -128.435 -0.0363072 0.998158 -0.0486134 -14.6984 -0.542094 0.0211949 0.840051 208.309 
0.823978 0.058899 0.563552 -127.586 -0.0350103 0.997975 -0.0531131 -14.8248 -0.565539 0.024034 0.824372 209.704 
0.808569 0.0608035 0.585251 -126.654 -0.0333892 0.997785 -0.0575332 -14.9823 -0.587453 0.0269785 0.808808 211.038 
0.793253 0.0623561 0.605691 -125.68 -0.0326148 0.997666 -0.0599955 -15.1507 -0.608018 0.0278372 0.793435 212.385 
0.777716 0.0635222 0.625398 -124.677 -0.0311483 0.997553 -0.0625876 -15.3084 -0.627843 0.0291953 0.777792 213.689 
0.762951 0.0635396 0.643327 -123.67 -0.0291236 0.997526 -0.0639837 -15.4387 -0.6458 0.0300805 0.762913 214.926 
0.748677 0.0638389 0.659854 -122.618 -0.0277962 0.9975 -0.0649673 -15.6013 -0.662351 0.0302981 0.74858 216.126 
0.73378 0.0640361 0.676363 -121.538 -0.025338 0.997435 -0.0669453 -15.7652 -0.678915 0.0319854 0.73352 217.418 
0.718906 0.0652736 0.692036 -120.426 -0.0232646 0.997283 -0.0698968 -15.9289 -0.694718 0.0341493 0.718471 218.721 
0.704791 0.0667136 0.706271 -119.341 -0.0203229 0.997059 -0.0739006 -16.0686 -0.709124 0.037731 0.704074 219.851 
0.690366 0.0683516 0.720225 -118.222 -0.0186327 0.996877 -0.0767465 -16.1977 -0.723221 0.0395634 0.689483 220.978 
0.676528 0.068872 0.733189 -117.091 -0.0181952 0.996876 -0.0768523 -16.3599 -0.736192 0.0386523 0.675668 221.989 
0.660744 0.07024 0.747318 -115.897 -0.0191792 0.996867 -0.0767374 -16.5195 -0.750367 0.0363708 0.66002 223.087 
0.644184 0.0708023 0.761587 -114.713 -0.0207197 0.996956 -0.0751582 -16.6636 -0.76459 0.0326358 0.64369 224.144 
0.626977 0.0716213 0.775739 -113.511 -0.0230363 0.997034 -0.073434 -16.8046 -0.778697 0.0281713 0.626767 225.167 
0.609856 0.0731423 0.78913 -112.302 -0.0257955 0.997036 -0.0724773 -16.9566 -0.792092 0.0238448 0.609936 226.148 
0.591563 0.0765328 0.802618 -111.081 -0.0275489 0.996822 -0.0747462 -17.1106 -0.805788 0.0221059 0.591791 227.162 
0.574019 0.0803274 0.814893 -109.819 -0.0295035 0.996559 -0.0774524 -17.2376 -0.818311 0.0204169 0.574414 228.104 
0.555119 0.0803932 0.827877 -108.581 -0.0299395 0.996604 -0.0767024 -17.3881 -0.831232 0.0177927 0.555641 229.014 
0.534764 0.0797092 0.841233 -107.326 -0.0315305 0.99673 -0.0743991 -17.5356 -0.844413 0.0132615 0.535529 229.87 
0.514793 0.0772983 0.853822 -106.135 -0.0310963 0.996955 -0.0715075 -17.6847 -0.85675 0.0102608 0.51563 230.598 
0.49473 0.0746811 0.865832 -104.899 -0.0301089 0.997176 -0.068806 -17.8509 -0.868525 0.00797111 0.495581 231.319 
0.474309 0.0728595 0.877338 -103.633 -0.0285073 0.997318 -0.0674116 -17.9907 -0.879897 0.00696338 0.475114 232.039 
0.45362 0.072705 0.888225 -102.377 -0.0279816 0.997337 -0.067346 -18.1109 -0.890756 0.00569552 0.454446 232.724 
0.433685 0.071475 0.898225 -101.058 -0.0249858 0.99742 -0.0673044 -18.2348 -0.900718 0.0067461 0.434352 233.388 
0.413387 0.0720031 0.907704 -99.7488 -0.0232183 0.997378 -0.0685423 -18.3627 -0.910259 0.00725911 0.413975 234.019 
0.393188 0.0708491 0.916724 -98.414 -0.0190104 0.99744 -0.0689336 -18.4998 -0.919262 0.0096766 0.393529 234.625 
0.372288 0.0695943 0.925505 -97.1857 -0.0185898 0.997544 -0.0675335 -18.6167 -0.927931 0.00793693 0.372667 235.158 
0.351809 0.0694964 0.933488 -95.8752 -0.0179944 0.997558 -0.0674845 -18.7408 -0.935899 0.00694414 0.352201 235.699 
0.332409 0.0737797 0.940245 -94.5439 -0.018615 0.997255 -0.0716721 -18.8943 -0.942952 0.00632177 0.33287 236.188 
0.312906 0.0831173 0.94614 -93.1985 -0.020424 0.996522 -0.0807887 -19.0314 -0.949564 0.00595533 0.313515 236.679 
0.292862 0.090792 0.951834 -91.8845 -0.0225816 0.995861 -0.0880435 -19.1656 -0.955888 0.00429063 0.2937 237.176 
0.273411 0.0947456 0.95722 -90.5716 -0.0256912 0.995502 -0.0911964 -19.3235 -0.961554 0.000341929 0.274615 237.582 
0.253071 0.0961924 0.962654 -89.2581 -0.0287651 0.995353 -0.0918977 -19.4712 -0.96702 -0.0044342 0.254662 237.996 
0.233092 0.0964047 0.967664 -87.9842 -0.0324986 0.99529 -0.0913286 -19.6148 -0.971911 -0.0101597 0.235127 238.354 
0.21415 0.0966309 0.972009 -86.7202 -0.0344236 0.995223 -0.0913545 -19.763 -0.976194 -0.0138965 0.216453 238.671 
0.195289 0.0949883 0.976135 -85.4493 -0.0346756 0.995345 -0.0899203 -19.9093 -0.980133 -0.0162877 0.197673 238.957 
0.176494 0.0949795 0.979709 -84.1671 -0.0353134 0.995304 -0.0901297 -20.0539 -0.983668 -0.0186894 0.179019 239.235 
0.157989 0.0953411 0.982827 -82.931 -0.0348448 0.995246 -0.0909444 -20.1989 -0.986826 -0.0198783 0.16056 239.478 
0.139117 0.0988023 0.985335 -81.7002 -0.0386764 0.994793 -0.09429 -20.3372 -0.98952 -0.0249918 0.142214 239.69 
0.120698 0.100466 0.987592 -80.4582 -0.0394717 0.994564 -0.0963511 -20.4795 -0.991904 -0.0273526 0.124007 239.876 
0.103251 0.0981699 0.989799 -79.198 -0.0400406 0.994721 -0.0944812 -20.6039 -0.993849 -0.0298769 0.106636 240.058 
0.0877061 0.0935166 0.991747 -77.9612 -0.0380324 0.995172 -0.0904761 -20.7485 -0.99542 -0.0297832 0.0908393 240.191 
0.0730252 0.0891462 0.993338 -76.7589 -0.0373296 0.995544 -0.0865998 -20.8859 -0.996631 -0.0307569 0.0760276 240.326 
0.0608 0.0855773 0.994475 -75.5696 -0.0349576 0.995889 -0.0835618 -21.0152 -0.997538 -0.0296839 0.0635417 240.416 
0.0496833 0.0855314 0.995096 -74.3899 -0.0346004 0.995876 -0.0838708 -21.1466 -0.998166 -0.0302638 0.0524378 240.521 
0.0410727 0.0876552 0.995304 -73.2214 -0.0351781 0.995654 -0.0862343 -21.2711 -0.998537 -0.0314711 0.0439777 240.592 
0.0338839 0.0894398 0.995416 -72.081 -0.0367948 0.995424 -0.088188 -21.3879 -0.998748 -0.033638 0.0370198 240.67 
0.0280766 0.0935463 0.995219 -70.955 -0.0371198 0.995022 -0.0924805 -21.5133 -0.998916 -0.0343458 0.0314093 240.729 
0.022381 0.102005 0.994532 -69.8492 -0.0364553 0.994203 -0.101151 -21.6429 -0.999085 -0.0339921 0.0259699 240.783 
0.0175826 0.104525 0.994367 -68.7355 -0.038166 0.993866 -0.103798 -21.7739 -0.999117 -0.0361259 0.0214641 240.827 
0.0148873 0.0963472 0.995236 -67.6196 -0.0370067 0.994718 -0.0957434 -21.8956 -0.999204 -0.0354051 0.0183741 240.841 
0.0120208 0.0862843 0.996198 -66.5206 -0.0358386 0.995667 -0.0858059 -22.0215 -0.999285 -0.0346709 0.015061 240.886 
0.0105498 0.0825263 0.996533 -65.4364 -0.0350264 0.996007 -0.082112 -22.1325 -0.999331 -0.0340387 0.0133982 240.922 
0.0103132 0.0846088 0.996361 -64.3613 -0.0359857 0.9958 -0.0841886 -22.2388 -0.999299 -0.0349865 0.0133146 240.96 
0.0106443 0.0879427 0.996069 -63.2927 -0.0354728 0.995531 -0.0875162 -22.3439 -0.999314 -0.0344018 0.0137163 240.995 
0.0120898 0.0904746 0.995825 -62.2393 -0.0379042 0.995224 -0.0899597 -22.4558 -0.999208 -0.0366584 0.0154614 241.041 
0.0137495 0.0909639 0.995759 -61.1866 -0.040236 0.995097 -0.0903478 -22.5706 -0.999096 -0.0388232 0.0173421 241.084 
0.0167197 0.0926778 0.995556 -60.1495 -0.0410577 0.994919 -0.0919289 -22.6777 -0.999017 -0.0393382 0.0204399 241.13 
0.0190005 0.0934111 0.995446 -59.1251 -0.0434676 0.994762 -0.0925172 -22.7898 -0.998874 -0.0415118 0.0229613 241.203 
0.023071 0.0946559 0.995243 -58.102 -0.0448989 0.994601 -0.0935541 -22.8957 -0.998725 -0.0425269 0.0271964 241.27 
0.0290245 0.0938886 0.99516 -57.0866 -0.0453971 0.994676 -0.0925188 -22.9977 -0.998547 -0.0424921 0.0331322 241.335 
0.0354992 0.0925974 0.995071 -56.0679 -0.0442894 0.994866 -0.0909982 -23.106 -0.998388 -0.0408407 0.0394181 241.392 
0.042438 0.0922693 0.994829 -55.0712 -0.0435139 0.994952 -0.0904244 -23.2061 -0.998151 -0.0394515 0.0462388 241.46 
0.0496528 0.0929234 0.994434 -54.079 -0.0421452 0.994971 -0.0908691 -23.3136 -0.997877 -0.0373987 0.0533194 241.533 
0.0564621 0.0927036 0.994092 -53.1023 -0.0424472 0.995003 -0.0903776 -23.4168 -0.997502 -0.0370935 0.0601149 241.614 
0.0628255 0.0918658 0.993788 -52.108 -0.0432391 0.99507 -0.0892508 -23.5155 -0.997087 -0.0373632 0.066488 241.709 
0.068547 0.0898764 0.993591 -51.1194 -0.0443516 0.995224 -0.0869642 -23.6136 -0.996662 -0.0381062 0.0722057 241.818 
0.0747175 0.0885913 0.993262 -50.0975 -0.0446358 0.995345 -0.0854194 -23.7146 -0.996205 -0.0379527 0.078324 241.934 
0.0808282 0.0890318 0.992744 -49.1266 -0.0446593 0.995326 -0.0856272 -23.8128 -0.995727 -0.0374142 0.0844265 242.05 
0.0876907 0.0911252 0.991971 -48.1432 -0.0438876 0.995194 -0.0875415 -23.9143 -0.995181 -0.0358586 0.0912684 242.164 
0.0936613 0.0925605 0.991292 -47.1728 -0.0438513 0.995086 -0.0887714 -24.013 -0.994638 -0.035155 0.0972599 242.291 
0.0994935 0.0943779 0.990552 -46.2223 -0.0456692 0.994876 -0.0902027 -24.1136 -0.99399 -0.0362632 0.103294 242.416 
0.105529 0.0948891 0.989879 -45.2861 -0.047594 0.994778 -0.0902848 -24.2111 -0.993277 -0.0375846 0.109494 242.55 
0.111723 0.0947249 0.989214 -44.3164 -0.0478502 0.994805 -0.0898559 -24.3043 -0.992587 -0.0372951 0.115675 242.7 
0.117204 0.0924832 0.988792 -43.3445 -0.0496783 0.994954 -0.0871709 -24.4079 -0.991865 -0.0389047 0.121207 242.863 
0.123119 0.0910578 0.988206 -42.3645 -0.0498297 0.995093 -0.0854842 -24.5069 -0.99114 -0.0387173 0.127052 243.019 
0.129412 0.0905906 0.987444 -41.4056 -0.0496204 0.995162 -0.0847955 -24.5996 -0.990349 -0.0380238 0.133281 243.172 
0.135951 0.0915891 0.986473 -40.4618 -0.0489852 0.995121 -0.0856411 -24.6998 -0.989504 -0.0366795 0.139774 243.338 
0.14329 0.0917591 0.985418 -39.5133 -0.0460628 0.995232 -0.0859749 -24.798 -0.988608 -0.0330718 0.146834 243.493 
