1 2.12261e-08 -2.11895e-08 0 2.12261e-08 1 2.10703e-08 0 -2.11895e-08 2.10703e-08 1 0 
0.999876 0.00144923 0.0156757 0.00979846 -0.00143308 0.999998 -0.00103886 -0.0045163 -0.0156773 0.00101631 0.999877 0.142905 
0.999304 0.00480404 0.0370017 0.0260883 -0.00478215 0.999988 -0.00067901 -0.00389811 -0.0370046 0.000501631 0.999315 0.271012 
0.997914 0.00605302 0.064274 0.0498392 -0.00610037 0.999981 0.000541194 -0.0030964 -0.0642695 -0.000932119 0.997932 0.439671 
0.995131 0.00556778 0.0984088 0.0917494 -0.00586423 0.999979 0.00272383 -0.0033475 -0.0983916 -0.00328761 0.995142 0.59959 
0.990627 0.00268832 0.136565 0.153439 -0.00334418 0.999984 0.00457366 0.00820626 -0.136551 -0.00498745 0.990621 0.761652 
0.984321 -0.000554025 0.176386 0.228971 -0.000317203 0.999988 0.00491136 0.00582444 -0.176387 -0.00489026 0.984309 0.949449 
0.975446 -0.00033347 0.220239 0.303146 -0.000985269 0.999982 0.0058781 0.0139989 -0.220237 -0.00595072 0.975428 1.13104 
0.963322 -0.000144939 0.26835 0.402466 -0.00225042 0.99996 0.00861881 0.0192569 -0.26834 -0.00890655 0.963283 1.33779 
0.948645 -0.00426659 0.316314 0.475749 -0.000870555 0.99987 0.0160977 0.0118276 -0.316342 -0.0155463 0.948518 1.50368 
0.931693 -0.0145916 0.362954 0.604096 0.00615244 0.999683 0.0243965 0.00437655 -0.363195 -0.020497 0.931488 1.6825 
0.910089 -0.0201195 0.413924 0.729884 0.00902678 0.999546 0.0287376 -0.00183794 -0.414315 -0.0224174 0.909858 1.86584 
0.884615 -0.0218677 0.465808 0.855912 0.00740904 0.999433 0.0328488 -0.00371704 -0.466263 -0.0256073 0.884276 2.04142 
0.855917 -0.0230023 0.516601 0.96797 0.00462787 0.999311 0.036828 0.0251768 -0.517092 -0.029131 0.855434 2.18199 
0.823196 -0.0284482 0.567045 1.13168 0.00590098 0.999119 0.0415585 0.0152364 -0.567727 -0.0308646 0.822638 2.36811 
0.78692 -0.0341134 0.616111 1.30914 0.00778695 0.99894 0.0453645 1.65836e-05 -0.617006 -0.0309006 0.786352 2.52778 
0.748221 -0.0384724 0.662333 1.50474 0.00892677 0.998811 0.0479327 -0.00324015 -0.66339 -0.0299517 0.747674 2.70109 
0.707778 -0.041777 0.705199 1.74671 0.00981608 0.998735 0.0493146 -0.00692975 -0.706367 -0.0279814 0.707292 2.88744 
0.665112 -0.043112 0.745498 2.00129 0.00848884 0.998704 0.0501814 0.0211832 -0.746695 -0.0270479 0.664616 3.08621 
0.621733 -0.0433826 0.782027 2.31448 0.0035636 0.998611 0.0525645 0.0258117 -0.783221 -0.0298942 0.621024 3.30197 
0.579082 -0.0439249 0.814085 2.64222 0.000460694 0.998565 0.0535511 0.0504287 -0.81527 -0.0306354 0.578271 3.51187 
0.53851 -0.0450958 0.841412 2.9941 -0.00113293 0.998527 0.0542416 0.0668051 -0.842619 -0.0301629 0.537665 3.70302 
0.499391 -0.0471004 0.865095 3.38211 -0.00258243 0.998436 0.055851 0.0881799 -0.866373 -0.0301255 0.498489 3.91447 
0.461717 -0.046555 0.885805 3.80229 -0.00560808 0.998449 0.0553984 0.112886 -0.88701 -0.030546 0.460739 4.1108 
0.424942 -0.0457503 0.904064 4.2614 -0.00661265 0.998539 0.0536394 0.139518 -0.905197 -0.0287719 0.424018 4.30155 
0.390734 -0.0445886 0.919423 4.72943 -0.00568792 0.99869 0.0508501 0.150708 -0.920486 -0.0250984 0.389969 4.49382 
0.36125 -0.0426504 0.931493 5.23937 -0.00364028 0.998881 0.0471477 0.178124 -0.932462 -0.020423 0.360691 4.66186 
0.33604 -0.040895 0.94096 5.77234 -0.00302808 0.999005 0.0444991 0.195736 -0.941843 -0.0178028 0.335582 4.82884 
0.315637 -0.0401422 0.948031 6.34769 -0.00178257 0.999078 0.0428972 0.229504 -0.948879 -0.0152298 0.315274 5.01716 
0.300948 -0.0405712 0.952777 6.94162 -0.000617674 0.999086 0.0427383 0.257607 -0.953641 -0.0134505 0.300648 5.19916 
0.289039 -0.0417827 0.956405 7.56588 -0.000267378 0.999044 0.0437263 0.285945 -0.957317 -0.0128943 0.288751 5.40099 
0.277654 -0.0438462 0.95968 8.19633 -0.00153287 0.998936 0.0460833 0.304526 -0.96068 -0.0142663 0.277291 5.6055 
0.267345 -0.0454555 0.962528 8.87294 -0.00246797 0.998851 0.0478564 0.336668 -0.963598 -0.0151696 0.266925 5.79018 
0.256614 -0.0470444 0.965368 9.56464 -0.00344949 0.998764 0.0495888 0.369253 -0.966508 -0.0160552 0.256135 5.99243 
0.246295 -0.0490125 0.967955 10.2867 -0.0042238 0.998657 0.0516419 0.39565 -0.969186 -0.0168076 0.245757 6.18904 
0.235651 -0.0502865 0.970536 11.0347 -0.00530821 0.998579 0.0530284 0.427208 -0.971823 -0.017648 0.235049 6.38447 
0.225654 -0.0517713 0.972831 11.8002 -0.0057204 0.998499 0.0544642 0.457276 -0.974191 -0.0178551 0.225019 6.56223 
0.215079 -0.0545735 0.975071 12.5674 -0.00700268 0.998326 0.0574197 0.49221 -0.976572 -0.0191779 0.214337 6.74225 
0.204244 -0.0581047 0.977194 13.356 -0.00802479 0.998104 0.0610253 0.534516 -0.978887 -0.0203058 0.203391 6.90882 
0.191944 -0.0622775 0.979428 14.1472 -0.00912648 0.997828 0.0652361 0.562896 -0.981364 -0.0214604 0.190958 7.07342 
0.178913 -0.0645709 0.981744 14.9275 -0.0104184 0.997664 0.0675167 0.595818 -0.98381 -0.0223079 0.177822 7.22214 
0.164933 -0.0651089 0.984153 15.7334 -0.0106456 0.997643 0.0677855 0.634903 -0.986247 -0.0216569 0.163851 7.36315 
0.15069 -0.0639087 0.986513 16.5374 -0.011327 0.997731 0.0663656 0.680225 -0.988516 -0.0211749 0.149624 7.49274 
0.133773 -0.0629543 0.98901 17.347 -0.0119359 0.997806 0.0651286 0.718389 -0.99094 -0.0205171 0.132728 7.61511 
0.113495 -0.0613245 0.991644 18.1643 -0.0143524 0.997888 0.0633533 0.754931 -0.993435 -0.0214227 0.112375 7.71305 
0.0878188 -0.0602134 0.994315 18.9781 -0.0191386 0.997885 0.06212 0.784642 -0.995953 -0.0244851 0.0864807 7.79 
0.0571864 -0.059748 0.996574 19.7991 -0.0234634 0.997852 0.0611711 0.815605 -0.998088 -0.0268812 0.0556616 7.84951 
0.0238425 -0.0595085 0.997943 20.6334 -0.0259731 0.997853 0.0601238 0.85431 -0.999378 -0.0273531 0.0222457 7.87975 
-0.0110457 -0.0589802 0.998198 21.4723 -0.0281282 0.997882 0.0586503 0.884682 -0.999543 -0.0274297 -0.0126813 7.88408 
-0.0449397 -0.057945 0.997308 22.3033 -0.0289792 0.997972 0.0566778 0.911775 -0.998569 -0.0263541 -0.0465278 7.84241 
-0.0774588 -0.0558535 0.99543 23.1479 -0.0305804 0.998093 0.0536234 0.940959 -0.996526 -0.026287 -0.0790191 7.77804 
-0.110114 -0.0530041 0.992505 23.9718 -0.033269 0.998214 0.049618 0.964347 -0.993362 -0.027556 -0.111681 7.69363 
-0.142872 -0.0487907 0.988538 24.8124 -0.0308249 0.998519 0.0448283 0.988899 -0.989261 -0.0240669 -0.144165 7.57653 
-0.174417 -0.0432978 0.983719 25.6343 -0.0256684 0.998893 0.0394146 0.999296 -0.984337 -0.0183759 -0.175336 7.42767 
-0.205087 -0.0374786 0.978026 26.4567 -0.0212608 0.999201 0.0338318 1.01137 -0.978513 -0.0138551 -0.20572 7.25057 
-0.233615 -0.0317221 0.971812 27.2618 -0.0142571 0.999472 0.0291977 1.01358 -0.972225 -0.00703413 -0.233944 7.05283 
-0.260902 -0.0247531 0.965048 28.1224 -0.00414944 0.999691 0.0245199 1.02274 -0.965356 0.00239288 -0.260924 6.78602 
-0.287175 -0.0142377 0.957772 28.9183 0.0029485 0.999872 0.0157476 1.00761 -0.957874 0.0073463 -0.287096 6.55165 
-0.312954 0.000991219 0.949768 29.643 0.00677107 0.999976 0.00118752 0.990118 -0.949744 0.00680258 -0.312953 6.34261 
-0.3376 0.0179438 0.941119 30.4199 0.00650526 0.999839 -0.0167298 0.972132 -0.941267 0.000474227 -0.337663 6.07415 
-0.363063 0.0328187 0.931186 31.1535 0.00706547 0.999448 -0.0324696 0.943491 -0.931738 -0.00520927 -0.363095 5.8112 
-0.387144 0.0430865 0.921012 31.8982 0.0109156 0.999052 -0.0421489 0.901036 -0.921955 -0.00626437 -0.387247 5.49565 
-0.410897 0.0483253 0.9104 32.6021 0.0164995 0.998825 -0.0455722 0.852528 -0.911532 -0.00370433 -0.411212 5.22002 
-0.432652 0.0479996 0.900282 33.3296 0.020549 0.998847 -0.0433794 0.79992 -0.901327 -0.000268278 -0.43314 4.86585 
-0.45338 0.0437146 0.890245 34.0287 0.0241853 0.999032 -0.0367395 0.757207 -0.890989 0.00487386 -0.453998 4.54996 
-0.471025 0.0423749 0.881102 34.7483 0.0311323 0.999022 -0.0314031 0.715215 -0.88157 0.0126391 -0.471883 4.14568 
-0.484729 0.0428207 0.873616 35.4514 0.0327113 0.99899 -0.030816 0.677769 -0.874053 0.0136397 -0.48564 3.76726 
-0.496349 0.047121 0.866843 36.1317 0.0371166 0.998765 -0.0330394 0.630986 -0.867329 0.0157752 -0.497485 3.41313 
-0.5068 0.0494371 0.860645 36.8099 0.0379515 0.998666 -0.0350171 0.583166 -0.861228 0.0149161 -0.508 3.07481 
-0.518706 0.0485526 0.853573 37.4091 0.0335965 0.998773 -0.0363956 0.518219 -0.854293 0.00979849 -0.5197 2.79061 
-0.531167 0.0464739 0.845992 37.989 0.0333469 0.998868 -0.0339347 0.448881 -0.846611 0.0101862 -0.532115 2.52838 
-0.540179 0.0479164 0.840185 38.6264 0.0357362 0.998783 -0.0339856 0.412228 -0.840791 0.0116667 -0.541234 2.1486 
-0.547574 0.0508054 0.835214 39.312 0.0383613 0.99863 -0.0355958 0.36872 -0.835878 0.0125486 -0.548772 1.72767 
-0.551408 0.0533648 0.832527 39.9934 0.0393907 0.998504 -0.0379142 0.323117 -0.833305 0.0118876 -0.552685 1.30642 
-0.551416 0.0557139 0.832368 40.6917 0.0397958 0.998388 -0.0404629 0.279211 -0.833281 0.0108128 -0.552744 0.875382 
-0.548578 0.0558038 0.834235 41.4119 0.0412135 0.998362 -0.0396813 0.242144 -0.835083 0.0126135 -0.549979 0.434687 
-0.544312 0.0545483 0.837107 42.1249 0.0396309 0.998442 -0.039292 0.195143 -0.837946 0.0117882 -0.545626 0.0819328 
-0.53745 0.053235 0.841614 42.8867 0.0375649 0.998526 -0.0391715 0.150815 -0.842459 0.0105624 -0.538658 -0.379898 
-0.530528 0.0527603 0.846024 43.6537 0.0365899 0.998556 -0.0393277 0.0966624 -0.846877 0.0100914 -0.531693 -0.831951 
-0.524208 0.0513378 0.850041 44.4482 0.0333909 0.998653 -0.0397214 0.0526789 -0.850935 0.0075613 -0.525216 -1.29307 
-0.520143 0.0487745 0.852685 45.2466 0.0294562 0.998799 -0.0391639 -0.000164647 -0.853571 0.00474599 -0.520955 -1.73924 
-0.518905 0.0462768 0.853578 46.0761 0.024937 0.998928 -0.0389972 -0.0400433 -0.854468 0.00104984 -0.519503 -2.21255 
-0.519413 0.0437198 0.853404 46.9285 0.0223077 0.999044 -0.0376036 -0.0923517 -0.854232 -0.000494332 -0.519892 -2.6939 
-0.520591 0.0424866 0.852748 47.7747 0.0204741 0.999095 -0.0372789 -0.139525 -0.85356 -0.00194782 -0.52099 -3.18594 
-0.522487 0.0415413 0.851635 48.5885 0.0203607 0.999136 -0.0362446 -0.19289 -0.852404 -0.00159749 -0.522881 -3.58888 
-0.523534 0.0412474 0.851006 49.4494 0.0194749 0.999146 -0.0364467 -0.222799 -0.851782 -0.00250785 -0.52389 -4.06635 
-0.524677 0.0401824 0.850353 50.2889 0.0194771 0.999191 -0.035198 -0.272953 -0.851079 -0.00190519 -0.525035 -4.53971 
-0.525886 0.03991 0.849618 51.1579 0.0189604 0.9992 -0.0352005 -0.318015 -0.850344 -0.00240238 -0.526222 -5.02589 
-0.526782 0.0379292 0.849154 52.0375 0.0167087 0.999273 -0.0342692 -0.376277 -0.849836 -0.0038641 -0.527033 -5.52202 
-0.52769 0.0362196 0.848664 52.9822 0.016122 0.999338 -0.0326256 -0.481418 -0.849284 -0.00353402 -0.527925 -6.01644 
-0.527337 0.0354235 0.848918 53.8468 0.0151373 0.999364 -0.0322981 -0.53611 -0.849521 -0.00418166 -0.527538 -6.51954 
-0.527187 0.0331576 0.849102 54.6785 0.0140366 0.999442 -0.0303133 -0.598577 -0.849633 -0.00406225 -0.527358 -6.98396 
-0.526071 0.0308215 0.849882 55.5164 0.0140533 0.999522 -0.0275493 -0.661093 -0.850325 -0.00254926 -0.526252 -7.45749 
-0.524941 0.0293885 0.850631 56.4018 0.014218 0.999567 -0.0257598 -0.704324 -0.85102 -0.00142809 -0.525131 -7.923 
-0.523371 0.0287756 0.851619 57.2746 0.0139182 0.999585 -0.0252217 -0.764796 -0.851991 -0.00134729 -0.523555 -8.41714 
-0.521853 0.0288981 0.852546 58.1384 0.0143083 0.999582 -0.0251238 -0.816795 -0.852916 -0.000912432 -0.522048 -8.90878 
-0.521402 0.0294438 0.852803 59.0097 0.014699 0.999566 -0.025524 -0.861204 -0.853185 -0.000772974 -0.521608 -9.41224 
-0.523227 0.0304828 0.851648 59.8653 0.013947 0.999533 -0.0272073 -0.914794 -0.852079 -0.0023576 -0.523407 -9.88865 
-0.527232 0.0319147 0.849122 60.7683 0.0111614 0.999468 -0.0306353 -0.96941 -0.849648 -0.00667449 -0.527308 -10.3728 
-0.532737 0.0321284 0.845671 61.6375 0.00974911 0.999446 -0.031829 -1.02095 -0.846225 -0.00871196 -0.532755 -10.8591 
-0.538886 0.030736 0.841818 62.4972 0.0108144 0.999504 -0.0295705 -1.0679 -0.842309 -0.00683138 -0.538951 -11.3671 
-0.544854 0.0289949 0.838029 63.3734 0.0118014 0.999568 -0.0269111 -1.10624 -0.838448 -0.00477268 -0.544961 -11.8946 
-0.550633 0.0266984 0.834321 64.2477 0.00914754 0.999621 -0.0259508 -1.15223 -0.834698 -0.0066574 -0.550668 -12.4192 
-0.555941 0.0299889 0.830681 65.1227 0.0109725 0.999527 -0.0287411 -1.19895 -0.83115 -0.00686374 -0.556007 -12.9654 
-0.561071 0.0314915 0.827168 65.958 0.0102354 0.999464 -0.0311083 -1.23907 -0.827704 -0.00898761 -0.561093 -13.5083 
-0.566274 0.0322039 0.823588 66.7881 0.00876131 0.999415 -0.0330551 -1.29064 -0.82417 -0.0115025 -0.566225 -14.028 
-0.569882 0.0319752 0.821104 67.5944 0.00725409 0.9994 -0.0338836 -1.34387 -0.821695 -0.0133533 -0.569771 -14.5642 
-0.57307 0.0316696 0.818894 68.3868 0.00817279 0.999424 -0.032932 -1.38469 -0.819465 -0.0121797 -0.572999 -15.1024 
-0.575562 0.0250256 0.817376 69.194 0.00964108 0.99967 -0.023818 -1.4382 -0.817702 -0.00582837 -0.575613 -15.6443 
-0.577516 0.0168476 0.816206 69.9908 0.00940478 0.999858 -0.013984 -1.47842 -0.816325 -0.000399732 -0.577592 -16.1912 
-0.579084 0.0156498 0.815118 70.7862 0.0103342 0.999876 -0.0118553 -1.50903 -0.815203 0.0015584 -0.579174 -16.7312 
-0.580313 0.0197639 0.814154 71.569 0.00937823 0.999801 -0.0175859 -1.53412 -0.814339 -0.00257 -0.580383 -17.2675 
-0.581634 0.0262721 0.813026 72.3532 0.0112216 0.999642 -0.0242745 -1.56862 -0.813373 -0.00499542 -0.581721 -17.81 
-0.582324 0.0305222 0.812383 73.1353 0.01688 0.999534 -0.0254538 -1.60239 -0.812781 -0.00110938 -0.582568 -18.3516 
-0.582615 0.0317968 0.812126 73.9114 0.0200945 0.999493 -0.024717 -1.64246 -0.8125 0.00191878 -0.582958 -18.8893 
-0.581786 0.0284346 0.812845 74.6924 0.0183219 0.999593 -0.0218537 -1.67878 -0.813136 0.00217871 -0.58207 -19.4377 
-0.581404 0.0237807 0.813267 75.4748 0.0173831 0.999708 -0.0168052 -1.71258 -0.813429 0.00436653 -0.581648 -19.9747 
-0.580595 0.01688 0.814018 76.2568 0.0138581 0.999845 -0.0108492 -1.74594 -0.814075 0.00498174 -0.580739 -20.5107 
-0.580282 0.0114567 0.814335 77.0434 0.00536523 0.999933 -0.0102446 -1.7713 -0.814398 -0.00157566 -0.580305 -21.0324 
-0.578196 0.00597606 0.815876 77.8277 -0.00208143 0.999959 -0.00879946 -1.7943 -0.815895 -0.00678601 -0.57816 -21.559 
-0.576716 0.00709069 0.816914 78.6056 0.00159079 0.99997 -0.00755651 -1.82428 -0.816943 -0.00305843 -0.576711 -22.0746 
-0.574016 0.0105852 0.818775 79.3795 0.00564699 0.999944 -0.00896837 -1.85285 -0.818824 -0.000524381 -0.574044 -22.6009 
-0.568695 0.0138514 0.822432 80.1511 0.0083541 0.999904 -0.0110636 -1.88039 -0.822506 0.000578841 -0.568756 -23.1169 
-0.561916 0.0161606 0.827036 80.9325 0.0132599 0.999857 -0.0105284 -1.90367 -0.827088 0.00505032 -0.56205 -23.6132 
-0.553816 0.0197434 0.832405 81.7113 0.022006 0.999717 -0.00907064 -1.94437 -0.832348 0.0132945 -0.554094 -24.1244 
-0.54485 0.0186986 0.838325 82.4821 0.0193952 0.999765 -0.00969394 -1.96695 -0.838309 0.0109777 -0.545085 -24.5911 
-0.535059 0.0164217 0.844655 83.2813 0.0166532 0.999822 -0.00888917 -1.98309 -0.844651 0.00930995 -0.535237 -25.0543 
-0.523737 0.0132407 0.851777 84.0802 0.0164689 0.99985 -0.00541605 -2.00555 -0.851721 0.0111913 -0.523876 -25.5269 
-0.513262 0.0126603 0.858139 84.8819 0.0164622 0.999853 -0.00490485 -2.03061 -0.858074 0.0116093 -0.513394 -25.9787 
-0.502266 0.0121968 0.864627 85.6938 0.0170214 0.999846 -0.00421641 -2.04531 -0.864546 0.0125994 -0.502396 -26.4189 
-0.490374 0.0130733 0.871414 86.4999 0.018483 0.999819 -0.00459862 -2.07171 -0.871316 0.0138513 -0.490526 -26.857 
-0.478998 0.0165093 0.877661 87.3141 0.0179078 0.999799 -0.00903327 -2.10352 -0.877634 0.01139 -0.479197 -27.2768 
-0.467447 0.0257623 0.883646 88.1203 0.0217761 0.999608 -0.0176235 -2.13291 -0.883753 0.0110043 -0.467825 -27.6902 
-0.454661 0.0300969 0.890156 88.9516 0.021161 0.999512 -0.0229859 -2.161 -0.890413 0.00838581 -0.455076 -28.1034 
-0.443446 0.0269104 0.895897 89.7877 0.0189748 0.999607 -0.0206335 -2.19173 -0.896101 0.00784965 -0.443782 -28.4969 
-0.432257 0.0231449 0.901453 90.6275 0.0180551 0.999692 -0.0170096 -2.22897 -0.90157 0.00892326 -0.432542 -28.8795 
-0.422481 0.0237726 0.90606 91.4664 0.0154395 0.9997 -0.0190303 -2.26502 -0.90624 0.00594919 -0.422721 -29.2511 
-0.415914 0.0273171 0.908994 92.2925 0.00869446 0.999623 -0.0260624 -2.30089 -0.909362 -0.00293653 -0.415994 -29.6004 
-0.411791 0.0305655 0.910766 93.0883 -0.000407734 0.999431 -0.0337255 -2.34786 -0.911278 -0.0142592 -0.411544 -29.9291 
-0.408887 0.0318834 0.912028 93.9476 -0.0054164 0.999287 -0.0373622 -2.38705 -0.912569 -0.0202168 -0.408423 -30.2728 
-0.406118 0.0313461 0.913283 94.8119 -0.00671177 0.999282 -0.0372823 -2.44237 -0.913796 -0.0212708 -0.405616 -30.6124 
-0.401406 0.031324 0.915364 95.6242 -0.00734519 0.999273 -0.0374163 -2.49337 -0.915871 -0.0217427 -0.400884 -30.9462 
-0.396414 0.0259423 0.917705 96.4834 -0.0145349 0.999298 -0.0345273 -2.53041 -0.917957 -0.0270259 -0.395759 -31.2774 
-0.39137 0.0224223 0.91996 97.3113 -0.0134049 0.999458 -0.0300626 -2.58238 -0.920136 -0.0240976 -0.390857 -31.6087 
-0.385885 0.019485 0.922341 98.1516 -0.0150141 0.999512 -0.0273968 -2.62722 -0.922425 -0.0244202 -0.385404 -31.9347 
-0.380207 0.017414 0.924738 99.005 -0.0235866 0.999315 -0.028516 -2.66485 -0.924601 -0.0326534 -0.379536 -32.2618 
-0.374397 0.0175216 0.927103 99.8477 -0.0310709 0.999023 -0.0314284 -2.70502 -0.926748 -0.0405726 -0.373487 -32.5609 
-0.368362 0.0216883 0.92943 100.682 -0.029308 0.99896 -0.0349264 -2.74764 -0.92922 -0.0401053 -0.367343 -32.8657 
-0.362222 0.0248762 0.93176 101.525 -0.0280727 0.998899 -0.037582 -2.79178 -0.931669 -0.03977 -0.361125 -33.162 
-0.356772 0.0229856 0.933909 102.376 -0.0303153 0.998886 -0.0361659 -2.83296 -0.9337 -0.0412147 -0.355677 -33.4527 
-0.350174 0.0178671 0.936514 103.244 -0.0315801 0.999025 -0.0308679 -2.88104 -0.936152 -0.0403843 -0.349268 -33.7476 
-0.343448 0.0156648 0.939041 104.105 -0.0318095 0.999093 -0.0283007 -2.91771 -0.938633 -0.0395903 -0.342638 -34.0415 
-0.337698 0.0187898 0.941067 104.96 -0.034037 0.998903 -0.0321586 -2.95419 -0.940639 -0.042891 -0.336688 -34.317 
-0.331712 0.0209373 0.943148 105.797 -0.0340659 0.998836 -0.0341547 -2.99907 -0.942765 -0.0434587 -0.330613 -34.5937 
-0.325001 0.0211263 0.945478 106.611 -0.0368961 0.998706 -0.0349983 -3.04433 -0.944994 -0.0462589 -0.323801 -34.8593 
-0.31808 0.0204411 0.947844 107.446 -0.0364356 0.998765 -0.0337663 -3.09417 -0.947364 -0.0452756 -0.316942 -35.124 
-0.309942 0.020498 0.950535 108.299 -0.0326839 0.998947 -0.0321992 -3.13482 -0.950194 -0.0410471 -0.308945 -35.3889 
-0.30279 0.0216077 0.952813 109.165 -0.0302919 0.99902 -0.0322819 -3.1736 -0.952576 -0.0386371 -0.301838 -35.644 
-0.296749 0.020993 0.954725 110.032 -0.031262 0.999009 -0.0316836 -3.22843 -0.954444 -0.0392486 -0.295798 -35.8848 
-0.290796 0.0196731 0.956583 110.9 -0.0375646 0.998783 -0.0319603 -3.26454 -0.956047 -0.0452276 -0.289703 -36.1073 
-0.284578 0.0176971 0.95849 111.762 -0.0412403 0.998678 -0.0306834 -3.30505 -0.957766 -0.0482602 -0.283471 -36.3404 
-0.280348 0.0180908 0.959728 112.624 -0.0383707 0.998812 -0.030036 -3.34567 -0.959131 -0.045246 -0.27932 -36.5686 
-0.275753 0.0183213 0.961054 113.483 -0.0356704 0.998935 -0.0292782 -3.39636 -0.960567 -0.0423548 -0.274806 -36.795 
-0.271063 0.0196334 0.962361 114.348 -0.0346756 0.998944 -0.0301466 -3.43628 -0.961937 -0.0415421 -0.270096 -37.0228 
-0.264957 0.0187173 0.964079 115.209 -0.0292136 0.999197 -0.0274278 -3.47301 -0.963818 -0.0354314 -0.264198 -37.2525 
-0.259956 0.0180608 0.965451 116.073 -0.0215224 0.999468 -0.0244922 -3.50951 -0.965381 -0.0271457 -0.259429 -37.4776 
-0.254906 0.0170746 0.966815 116.938 -0.0194805 0.999551 -0.0227888 -3.55026 -0.96677 -0.024643 -0.254458 -37.6935 
-0.250961 0.0186717 0.967817 117.808 -0.0213161 0.999465 -0.0248097 -3.58859 -0.967763 -0.0268563 -0.250428 -37.896 
-0.247025 0.0206166 0.96879 118.674 -0.0228381 0.999372 -0.0270907 -3.62057 -0.96874 -0.0288174 -0.246399 -38.1041 
-0.245236 0.0193198 0.969271 119.538 -0.0258652 0.999315 -0.0264628 -3.66344 -0.969118 -0.03156 -0.244569 -38.3022 
-0.244272 0.0182118 0.969536 120.403 -0.0262864 0.999332 -0.0253942 -3.70165 -0.96935 -0.0316887 -0.24363 -38.4998 
-0.242691 0.0135522 0.970009 121.272 -0.0253191 0.999473 -0.0202985 -3.73483 -0.969773 -0.0294861 -0.24222 -38.7111 
-0.240987 0.00852401 0.970491 122.14 -0.0262791 0.999538 -0.0153046 -3.76925 -0.970173 -0.0291918 -0.240651 -38.9176 
-0.240585 0.00659226 0.970606 123.001 -0.0258459 0.999579 -0.0131954 -3.80201 -0.970284 -0.0282608 -0.240313 -39.1057 
-0.239888 0.0109647 0.970739 123.842 -0.0259346 0.999507 -0.0176986 -3.83245 -0.970454 -0.0294214 -0.239486 -39.2881 
-0.238993 0.0148807 0.970907 124.683 -0.024425 0.999474 -0.0213308 -3.86916 -0.970714 -0.0288123 -0.238504 -39.4872 
-0.238862 0.0142104 0.97095 125.536 -0.0280218 0.999376 -0.02152 -3.89513 -0.970649 -0.0323481 -0.238315 -39.6796 
-0.238378 0.0127489 0.971089 126.386 -0.0303113 0.999329 -0.0205603 -3.93344 -0.970699 -0.0343361 -0.237832 -39.8654 
-0.237991 0.0140041 0.971166 127.237 -0.0262795 0.999437 -0.0208517 -3.95949 -0.970912 -0.0304843 -0.237489 -40.0647 
-0.237311 0.0166564 0.971291 128.065 -0.0281617 0.999315 -0.0240176 -3.9868 -0.971025 -0.0330528 -0.23668 -40.2486 
-0.237229 0.0173005 0.9713 128.895 -0.0365358 0.998975 -0.0267169 -4.02391 -0.970767 -0.0418252 -0.236353 -40.423 
-0.236852 0.0178444 0.971382 129.722 -0.0433811 0.99864 -0.0289227 -4.06649 -0.970577 -0.04899 -0.235756 -40.6011 
-0.237514 0.0214432 0.971148 130.527 -0.0415599 0.998617 -0.032214 -4.10398 -0.970495 -0.0480121 -0.236294 -40.7676 
-0.236686 0.0220876 0.971335 131.325 -0.0400928 0.998668 -0.0324786 -4.15144 -0.970759 -0.0466308 -0.235485 -40.954 
-0.235196 0.0231272 0.971673 132.11 -0.0419396 0.998544 -0.0339183 -4.19864 -0.971043 -0.0487291 -0.233884 -41.1256 
-0.234424 0.0224481 0.971875 132.884 -0.0353008 0.998877 -0.0315865 -4.23217 -0.971493 -0.0417126 -0.233368 -41.2794 
-0.231459 0.019396 0.972651 133.727 -0.0317891 0.999117 -0.0274885 -4.26976 -0.972325 -0.0372822 -0.230638 -41.4651 
-0.229636 0.0148178 0.973164 134.534 -0.0285174 0.999352 -0.0219457 -4.3088 -0.972859 -0.0327917 -0.229064 -41.6435 
-0.226535 0.0146465 0.973893 135.288 -0.0255103 0.999455 -0.0209648 -4.3386 -0.973669 -0.0295936 -0.226038 -41.7992 
-0.222103 0.0195285 0.974828 136.078 -0.0258875 0.999329 -0.0259174 -4.37543 -0.97468 -0.0309922 -0.221448 -41.9575 
-0.215349 0.0223323 0.976282 136.859 -0.0247292 0.999293 -0.0283134 -4.41145 -0.976224 -0.0302399 -0.214645 -42.1162 
-0.207202 0.0228414 0.978032 137.656 -0.0237967 0.999314 -0.0283799 -4.44687 -0.978009 -0.0291543 -0.206516 -42.2692 
-0.198111 0.0184001 0.980007 138.446 -0.0227967 0.999467 -0.0233739 -4.48271 -0.979914 -0.0269716 -0.197586 -42.4073 
-0.187067 0.0175024 0.982191 139.216 -0.0184196 0.999603 -0.0213209 -4.51578 -0.982174 -0.0220801 -0.186671 -42.5378 
-0.174061 0.0201255 0.984529 139.988 -0.0151071 0.999619 -0.0231048 -4.54629 -0.984619 -0.018895 -0.17369 -42.6533 
-0.159979 0.0212341 0.986892 140.768 -0.0157923 0.999586 -0.0240672 -4.57892 -0.986994 -0.0194356 -0.159577 -42.7607 
-0.146027 0.0210754 0.989056 141.561 -0.0144281 0.999621 -0.0234307 -4.61023 -0.989175 -0.0176918 -0.145667 -42.8692 
-0.131859 0.0232413 0.990996 142.342 -0.0127784 0.999602 -0.0251433 -4.63835 -0.991186 -0.0159787 -0.131509 -42.9683 
-0.118117 0.029796 0.992553 143.116 -0.0167922 0.999347 -0.0319982 -4.67225 -0.992858 -0.0204467 -0.11754 -43.0449 
-0.105747 0.0380441 0.993665 143.874 -0.0253664 0.99884 -0.0409417 -4.71888 -0.99407 -0.0295352 -0.104659 -43.0879 
-0.091804 0.0454348 0.99474 144.659 -0.0281933 0.998439 -0.0482057 -4.76268 -0.995378 -0.0324705 -0.0903797 -43.1418 
-0.0786847 0.0461224 0.995832 145.404 -0.0281071 0.998429 -0.0484635 -4.80269 -0.996503 -0.0318033 -0.0772648 -43.1744 
-0.0671819 0.0422607 0.996845 146.165 -0.0337579 0.998434 -0.0446031 -4.84489 -0.99717 -0.036648 -0.06565 -43.1979 
-0.056599 0.0391322 0.99763 146.946 -0.0371585 0.998457 -0.0412727 -4.90364 -0.997705 -0.0394064 -0.0550576 -43.2232 
-0.0480295 0.0454789 0.99781 147.709 -0.0415127 0.998009 -0.0474861 -4.95258 -0.997983 -0.0437025 -0.0460459 -43.2276 
-0.0415397 0.0535119 0.997703 148.464 -0.0432927 0.997531 -0.0553051 -4.99473 -0.998199 -0.0454907 -0.0391205 -43.239 
-0.0380938 0.056327 0.997685 149.226 -0.0460393 0.997251 -0.0580603 -5.03721 -0.998213 -0.0481445 -0.0353959 -43.2555 
-0.0391198 0.0517193 0.997895 149.984 -0.0485123 0.997384 -0.0535945 -5.08964 -0.998056 -0.0505068 -0.0365085 -43.2538 
-0.0404723 0.0478441 0.998035 150.727 -0.049288 0.997541 -0.0498192 -5.13614 -0.997964 -0.0512075 -0.0380147 -43.2674 
-0.0431239 0.0449043 0.99806 151.477 -0.0480885 0.997738 -0.0469676 -5.18116 -0.997912 -0.0500207 -0.040867 -43.2921 
-0.0453591 0.0453645 0.99794 152.224 -0.0456084 0.997833 -0.0474326 -5.2247 -0.997929 -0.047666 -0.0431917 -43.3217 
-0.049426 0.0451366 0.997757 152.961 -0.0449498 0.997866 -0.0473682 -5.27299 -0.997766 -0.0471902 -0.0472917 -43.3408 
-0.0529424 0.0435403 0.997648 153.698 -0.0460976 0.997877 -0.0459965 -5.32342 -0.997533 -0.0484243 -0.050823 -43.3783 
-0.058551 0.0437681 0.997325 154.436 -0.0473657 0.997791 -0.0465693 -5.36364 -0.99716 -0.0499657 -0.0563486 -43.4052 
-0.064376 0.0415017 0.997062 155.166 -0.0483292 0.997833 -0.0446541 -5.40853 -0.996755 -0.0510619 -0.0622307 -43.4378 
-0.0703899 0.0390953 0.996753 155.91 -0.046791 0.998002 -0.0424486 -5.4541 -0.996422 -0.049627 -0.0684199 -43.4835 
-0.0754463 0.0387259 0.996398 156.636 -0.0464872 0.998023 -0.042309 -5.5008 -0.996066 -0.0495118 -0.0734968 -43.5277 
-0.0818147 0.0400901 0.995841 157.358 -0.0479316 0.997876 -0.0441099 -5.53575 -0.995494 -0.0513411 -0.0797194 -43.5557 
-0.0857694 0.0422044 0.995421 158.078 -0.0475635 0.99779 -0.046403 -5.58133 -0.995179 -0.0513257 -0.0835724 -43.6041 
-0.0871945 0.0444746 0.995198 158.793 -0.0484494 0.997631 -0.0488282 -5.63073 -0.995012 -0.0524743 -0.0848333 -43.667 
-0.0890204 0.0463617 0.99495 159.505 -0.0457048 0.997674 -0.0505779 -5.67078 -0.994981 -0.0499764 -0.0866944 -43.7185 
-0.0881822 0.0448421 0.995095 160.219 -0.0417049 0.997944 -0.0486662 -5.71415 -0.995231 -0.0457919 -0.0861308 -43.7729 
-0.0841603 0.0410696 0.995606 160.927 -0.0393037 0.998236 -0.0445005 -5.76345 -0.995677 -0.0428762 -0.0823976 -43.8223 
-0.0770886 0.0408922 0.996185 161.629 -0.0380787 0.998309 -0.0439259 -5.80814 -0.996297 -0.0413196 -0.0754011 -43.8577 
-0.0661403 0.0419493 0.996928 162.32 -0.0360098 0.998365 -0.0443988 -5.85024 -0.99716 -0.0388357 -0.0645216 -43.8868 
-0.0515963 0.0418357 0.997791 163.011 -0.0327669 0.998513 -0.0435603 -5.89309 -0.99813 -0.0349421 -0.0501488 -43.9098 
-0.0365272 0.0393806 0.998556 163.685 -0.0333658 0.998618 -0.0406035 -5.9316 -0.998776 -0.0348008 -0.0351628 -43.9185 
-0.0204376 0.0341508 0.999208 164.37 -0.0368334 0.998712 -0.0348872 -5.96967 -0.999112 -0.0375173 -0.0191534 -43.9071 
-0.00400265 0.0277637 0.999607 165.049 -0.0391379 0.998844 -0.0278992 -6.0011 -0.999226 -0.0392342 -0.00291141 -43.8875 
0.0133338 0.0206222 0.999698 165.734 -0.0393722 0.999023 -0.0200831 -6.02881 -0.999136 -0.0390926 0.0141327 -43.8597 
0.0303717 0.0133752 0.999449 166.402 -0.040133 0.99912 -0.0121512 -6.05174 -0.998733 -0.0397419 0.0308818 -43.8154 
0.048004 0.00720498 0.998821 167.075 -0.0421702 0.999097 -0.00518021 -6.07398 -0.997957 -0.0418718 0.0482645 -43.7635 
0.0662959 0.00494061 0.997788 167.727 -0.0427745 0.999083 -0.00210492 -6.09114 -0.996883 -0.0425403 0.0664464 -43.6995 
0.0839825 0.00342845 0.996461 168.371 -0.0410154 0.999159 1.91233e-05 -6.10419 -0.995623 -0.0408719 0.0840524 -43.6265 
0.101457 0.00297231 0.994836 169.025 -0.0409634 0.99916 0.00119239 -6.10851 -0.993996 -0.0408728 0.101493 -43.5378 
0.117534 0.00183632 0.993067 169.659 -0.0462367 0.998924 0.00362523 -6.11746 -0.991992 -0.0463422 0.117493 -43.4342 
0.13253 -0.00187145 0.991177 170.292 -0.0488886 0.998769 0.00842269 -6.1285 -0.989973 -0.0495735 0.132275 -43.3284 
0.144834 -0.0054991 0.989441 170.919 -0.0452058 0.998904 0.012169 -6.13295 -0.988423 -0.0464909 0.144427 -43.2253 
0.155875 -0.00671723 0.987754 171.538 -0.0424771 0.999006 0.013497 -6.14024 -0.986863 -0.0440608 0.155435 -43.1185 
0.165957 -0.00290526 0.986129 172.145 -0.046569 0.998857 0.01078 -6.14005 -0.985033 -0.0477121 0.165632 -42.9965 
0.175076 0.00420119 0.984546 172.738 -0.0509571 0.998689 0.00479993 -6.14618 -0.983235 -0.05101 0.175061 -42.86 
0.184278 0.0138845 0.982776 173.341 -0.0501864 0.998729 -0.00469949 -6.1574 -0.981592 -0.048456 0.18474 -42.7275 
0.192642 0.0202876 0.981059 173.921 -0.0446432 0.998932 -0.0118909 -6.16151 -0.980253 -0.0415069 0.193342 -42.6146 
0.199214 0.0183398 0.979784 174.521 -0.0433698 0.99901 -0.00988154 -6.16805 -0.978996 -0.0405245 0.199812 -42.4764 
0.205661 0.0104875 0.978567 175.147 -0.0453517 0.99897 -0.0011747 -6.17797 -0.977572 -0.0441381 0.205925 -42.3364 
0.209845 -0.000402316 0.977735 175.751 -0.0496284 0.998707 0.0110624 -6.18853 -0.976474 -0.0508448 0.209554 -42.1835 
0.211792 -0.00875129 0.977276 176.376 -0.0502659 0.998539 0.0198352 -6.19964 -0.976021 -0.0533246 0.211043 -42.0296 
0.212909 -0.00954039 0.977025 176.997 -0.0464389 0.998723 0.0198721 -6.2047 -0.975968 -0.049603 0.212195 -41.892 
0.214356 -0.00753146 0.976727 177.612 -0.0425939 0.998947 0.0170507 -6.20389 -0.975826 -0.0452575 0.21381 -41.7582 
0.215459 -0.00818995 0.976479 178.182 -0.0391648 0.999088 0.0170213 -6.20446 -0.975727 -0.041911 0.214942 -41.6122 
0.217477 -0.0103703 0.97601 178.795 -0.0413935 0.998946 0.0198375 -6.19895 -0.975187 -0.0447147 0.216819 -41.4626 
0.220757 -0.0138177 0.975231 179.423 -0.0416135 0.998856 0.0235723 -6.19008 -0.974441 -0.0457865 0.21993 -41.3141 
0.22359 -0.0191368 0.974495 180.034 -0.0406507 0.998754 0.0289402 -6.18887 -0.973835 -0.0460846 0.222533 -41.1552 
0.228284 -0.0218431 0.97335 180.651 -0.03916 0.998733 0.0315971 -6.1811 -0.972807 -0.0453294 0.227139 -41.0037 
0.234875 -0.0240534 0.971728 181.281 -0.0370274 0.998747 0.0336721 -6.16706 -0.97132 -0.0438893 0.23369 -40.8427 
0.243133 -0.0272852 0.969609 181.912 -0.0352202 0.998697 0.0369354 -6.15858 -0.969353 -0.0431301 0.241856 -40.6732 
0.253233 -0.0293241 0.966961 182.557 -0.0322067 0.998731 0.038722 -6.15016 -0.966869 -0.0409483 0.251967 -40.5006 
0.264402 -0.0272496 0.964027 183.188 -0.0335072 0.998738 0.0374208 -6.13639 -0.96383 -0.042196 0.263156 -40.3066 
0.275967 -0.0234701 0.96088 183.805 -0.0344096 0.99882 0.0342793 -6.1247 -0.960551 -0.0425235 0.274834 -40.1064 
0.289063 -0.0199266 0.957103 184.478 -0.0351427 0.998889 0.0314104 -6.10233 -0.956665 -0.0427147 0.288041 -39.9198 
0.300851 -0.0197296 0.953467 185.114 -0.033357 0.998957 0.0311962 -6.08592 -0.953088 -0.0411902 0.299879 -39.7035 
0.311806 -0.0231379 0.949864 185.733 -0.0320563 0.998878 0.0348548 -6.07865 -0.949605 -0.0413171 0.310714 -39.4743 
0.322259 -0.0243265 0.946339 186.365 -0.0335504 0.998748 0.0370988 -6.06273 -0.946057 -0.0437054 0.32104 -39.215 
0.334028 -0.0251674 0.942227 187.001 -0.0347783 0.998634 0.0390033 -6.04735 -0.941921 -0.0457972 0.332696 -38.9746 
0.343268 -0.0267516 0.938857 187.639 -0.0381769 0.998371 0.0424059 -6.02826 -0.938461 -0.0503992 0.341687 -38.7059 
0.350565 -0.0256674 0.936187 188.302 -0.0419179 0.998193 0.0430641 -6.00479 -0.9356 -0.0543397 0.348855 -38.4319 
0.354835 -0.0287335 0.934487 188.957 -0.0417664 0.998043 0.0465469 -5.98115 -0.933996 -0.0555466 0.35294 -38.1647 
0.357445 -0.0325727 0.933366 189.624 -0.0385842 0.998023 0.0496056 -5.95838 -0.933137 -0.0537444 0.355482 -37.906 
0.357324 -0.0313734 0.933454 190.287 -0.0339558 0.998339 0.0465524 -5.92456 -0.933363 -0.0483305 0.355665 -37.6409 
0.356466 -0.0315722 0.933775 190.966 -0.0322011 0.99842 0.0460507 -5.90617 -0.933753 -0.0464841 0.354887 -37.3823 
0.356246 -0.0298547 0.933915 191.659 -0.0281037 0.998695 0.0426459 -5.87233 -0.933969 -0.0414389 0.354942 -37.1188 
0.355851 -0.0318845 0.933999 192.348 -0.0247753 0.998745 0.0435341 -5.8455 -0.934214 -0.0386317 0.354615 -36.8552 
0.355151 -0.0371169 0.934072 193.057 -0.0221308 0.998598 0.0480956 -5.81586 -0.934547 -0.0377529 0.353831 -36.5707 
0.354146 -0.0397472 0.934345 193.753 -0.021327 0.998493 0.0505597 -5.78536 -0.934947 -0.0378323 0.352765 -36.295 
0.35256 -0.0421445 0.93484 194.451 -0.0201994 0.99841 0.0526283 -5.75964 -0.935571 -0.0374379 0.351148 -36.0192 
0.351289 -0.0424142 0.935306 195.144 -0.020782 0.998374 0.0530797 -5.7328 -0.936037 -0.0380838 0.349836 -35.7502 
0.349577 -0.0431854 0.935912 195.84 -0.0218195 0.998291 0.0542137 -5.70863 -0.936654 -0.039373 0.348037 -35.4787 
0.347588 -0.0423765 0.936689 196.536 -0.0230254 0.998291 0.0537078 -5.68902 -0.937365 -0.0402358 0.346018 -35.2072 
0.346574 -0.0382357 0.937243 197.233 -0.0240663 0.998478 0.0496332 -5.66186 -0.937714 -0.0397575 0.345126 -34.935 
0.345551 -0.031831 0.93786 197.923 -0.0239312 0.998801 0.0427168 -5.63287 -0.938095 -0.037205 0.344375 -34.6691 
0.344872 -0.0303498 0.938159 198.626 -0.0243569 0.998851 0.041267 -5.61671 -0.938334 -0.0370825 0.343736 -34.4063 
0.343391 -0.0332347 0.938604 199.325 -0.0250727 0.998693 0.0445353 -5.59553 -0.938858 -0.0388264 0.342109 -34.1362 
0.342329 -0.0364451 0.938873 200.037 -0.0277079 0.998421 0.0488595 -5.57942 -0.939172 -0.0427402 0.340778 -33.8586 
0.340346 -0.0358041 0.939618 200.708 -0.0317262 0.998269 0.0495308 -5.56471 -0.939765 -0.0466681 0.338621 -33.6206 
0.33567 -0.0358706 0.941296 201.406 -0.0344901 0.998137 0.050336 -5.54854 -0.941348 -0.0493617 0.333808 -33.3534 
0.329568 -0.037319 0.943394 202.082 -0.0350229 0.998048 0.0517161 -5.52958 -0.943482 -0.0500843 0.327617 -33.1334 
0.320564 -0.0378225 0.946472 202.784 -0.0337478 0.998112 0.0513164 -5.49937 -0.946626 -0.0483914 0.318682 -32.8886 
0.310395 -0.0365114 0.949906 203.476 -0.0310909 0.998338 0.0485324 -5.47772 -0.950099 -0.0445977 0.308744 -32.6584 
0.299666 -0.0334574 0.953457 204.176 -0.0325939 0.998443 0.0452801 -5.46158 -0.953487 -0.0446458 0.298109 -32.4327 
0.28794 -0.0331471 0.957075 204.873 -0.0352525 0.998357 0.0451828 -5.4284 -0.957 -0.0467492 0.286298 -32.2124 
0.276555 -0.0411946 0.960115 205.578 -0.0302264 0.998214 0.0515358 -5.40623 -0.960523 -0.0432733 0.274816 -32.0084 
0.267846 -0.0491866 0.962205 206.306 -0.0275268 0.997898 0.0586737 -5.37213 -0.963069 -0.042202 0.265929 -31.8094 
0.260948 -0.0557632 0.963741 207.031 -0.0252167 0.997596 0.06455 -5.35477 -0.965024 -0.0411466 0.258914 -31.6196 
0.256391 -0.0561024 0.964944 207.741 -0.0315798 0.997295 0.0663743 -5.31055 -0.966057 -0.0474905 0.253926 -31.4063 
0.254128 -0.0581574 0.965421 208.462 -0.0307269 0.997201 0.0681602 -5.27588 -0.966682 -0.0469858 0.25163 -31.215 
0.252644 -0.058882 0.965766 209.181 -0.0295511 0.997211 0.0685298 -5.23811 -0.967108 -0.0458531 0.250199 -31.0164 
0.251975 -0.057018 0.966053 209.894 -0.0292503 0.997358 0.0664951 -5.1998 -0.967292 -0.0450124 0.249641 -30.8205 
0.251538 -0.0552008 0.966272 210.612 -0.0329287 0.997306 0.0655457 -5.16264 -0.967287 -0.0483053 0.249042 -30.6156 
0.252296 -0.0556347 0.966049 211.348 -0.033247 0.997258 0.066115 -5.12068 -0.967079 -0.0487988 0.249755 -30.4176 
0.253656 -0.0568807 0.965621 212.064 -0.0335308 0.997153 0.0675463 -5.0834 -0.966713 -0.0495116 0.251027 -30.2076 
0.255201 -0.0591298 0.965078 212.807 -0.0319214 0.997069 0.0695311 -5.04764 -0.966361 -0.0485511 0.252565 -29.9996 
0.256369 -0.0600501 0.964712 213.522 -0.0287558 0.997153 0.0697112 -5.01155 -0.966151 -0.0456128 0.253912 -29.789 
0.259241 -0.0612561 0.963868 214.259 -0.0276518 0.997107 0.0708057 -4.96803 -0.965417 -0.0450083 0.256797 -29.5715 
0.263133 -0.0627151 0.962719 215.006 -0.029279 0.996906 0.0729448 -4.92165 -0.964315 -0.0473815 0.260482 -29.3418 
0.268407 -0.0667277 0.960992 215.749 -0.0304444 0.996512 0.0776973 -4.87346 -0.962824 -0.0501114 0.265439 -29.1182 
0.273533 -0.0702155 0.959296 216.506 -0.0312921 0.996154 0.081836 -4.82338 -0.961353 -0.0524033 0.270284 -28.8877 
0.278572 -0.0703579 0.957835 217.241 -0.0316724 0.996098 0.0823799 -4.77428 -0.959893 -0.0532856 0.275256 -28.6709 
0.282863 -0.0654536 0.956925 217.976 -0.0385179 0.996089 0.0795182 -4.72918 -0.958387 -0.0593515 0.279235 -28.43 
0.287568 -0.0595425 0.955908 218.709 -0.0431476 0.996247 0.0750354 -4.6751 -0.956788 -0.0628229 0.283919 -28.1873 
0.292077 -0.0564002 0.95473 219.445 -0.0474031 0.996179 0.0733507 -4.62506 -0.955219 -0.0666812 0.288288 -27.9336 
0.296618 -0.0569246 0.953298 220.194 -0.0490324 0.995998 0.0747307 -4.58554 -0.953737 -0.068909 0.292639 -27.6878 
0.300367 -0.054238 0.952281 220.948 -0.0512099 0.996025 0.0728821 -4.53847 -0.952448 -0.0706575 0.296395 -27.4317 
0.304293 -0.0511397 0.951205 221.708 -0.0514367 0.996219 0.0700145 -4.48893 -0.951189 -0.0702317 0.300512 -27.1734 
0.308904 -0.0505597 0.949748 222.444 -0.0519103 0.996201 0.0699164 -4.44423 -0.949676 -0.0708991 0.305106 -26.916 
0.312856 -0.0530921 0.948316 223.17 -0.0501087 0.996123 0.0722999 -4.41805 -0.948478 -0.0701383 0.308982 -26.6456 
0.317108 -0.0536116 0.946873 223.918 -0.0454286 0.996396 0.0716297 -4.37824 -0.947301 -0.0657294 0.313529 -26.3859 
0.321453 -0.0534112 0.945418 224.656 -0.0419443 0.996625 0.0705658 -4.33727 -0.945996 -0.0623385 0.318128 -26.1226 
0.325519 -0.0513885 0.944138 225.394 -0.042982 0.996686 0.0690679 -4.29409 -0.944558 -0.0630639 0.322231 -25.8495 
0.330295 -0.0517085 0.942461 226.137 -0.0473793 0.996331 0.0712688 -4.24989 -0.942688 -0.0681928 0.326633 -25.5705 
0.334705 -0.0526066 0.940853 226.883 -0.0498431 0.996054 0.0734247 -4.21075 -0.941004 -0.0714707 0.330763 -25.2811 
0.338663 -0.0494675 0.939607 227.62 -0.0477055 0.99643 0.0696537 -4.16909 -0.939698 -0.0684135 0.335094 -25.0021 
0.342621 -0.0430183 0.938488 228.353 -0.0465048 0.99695 0.0626759 -4.13271 -0.938322 -0.0651182 0.339575 -24.7236 
0.346259 -0.0363264 0.937436 229.091 -0.0531374 0.996886 0.0582574 -4.0853 -0.936633 -0.069985 0.34325 -24.4286 
0.349464 -0.0380137 0.936178 229.831 -0.0582223 0.996365 0.0621913 -4.04729 -0.935139 -0.07624 0.34598 -24.1275 
0.35169 -0.0480892 0.934881 230.576 -0.058013 0.99564 0.0730384 -4.00348 -0.934317 -0.0799221 0.347367 -23.8297 
0.353485 -0.0601848 0.933502 231.319 -0.0548644 0.994876 0.084917 -3.94825 -0.93383 -0.0812329 0.348372 -23.5356 
0.35534 -0.0681749 0.932248 232.055 -0.0558792 0.994004 0.0939904 -3.89604 -0.933065 -0.0854918 0.3494 -23.2399 
0.357623 -0.0698525 0.93125 232.794 -0.0575558 0.993654 0.0966363 -3.84105 -0.932091 -0.0881582 0.351333 -22.9348 
0.360139 -0.0652211 0.930616 233.533 -0.0569922 0.994152 0.0917294 -3.78116 -0.931156 -0.0860732 0.354315 -22.6317 
0.364534 -0.0593168 0.929299 234.265 -0.0555836 0.994804 0.0853016 -3.72176 -0.92953 -0.082749 0.359342 -22.3382 
0.368692 -0.0546053 0.927947 234.987 -0.0557757 0.995175 0.0807222 -3.66067 -0.927877 -0.0815184 0.363867 -22.0278 
0.372862 -0.0526526 0.926392 235.72 -0.0542143 0.995447 0.0783981 -3.61409 -0.926302 -0.0794554 0.36831 -21.7235 
0.377048 -0.0509934 0.924789 236.448 -0.0524006 0.995709 0.0762684 -3.5622 -0.92471 -0.0772163 0.372758 -21.4132 
0.381901 -0.0516789 0.922757 237.205 -0.0517604 0.995672 0.0771846 -3.50305 -0.922753 -0.0772392 0.377574 -21.1084 
0.385248 -0.0570126 0.92105 237.927 -0.0493054 0.995392 0.0822374 -3.4486 -0.921495 -0.0770945 0.380662 -20.7925 
0.388455 -0.0633211 0.919289 238.66 -0.0469644 0.994979 0.08838 -3.39998 -0.92027 -0.0775055 0.383531 -20.476 
0.390852 -0.0686562 0.917889 239.397 -0.0456896 0.994538 0.0938447 -3.33843 -0.919319 -0.0786174 0.38558 -20.1525 
0.392871 -0.0735978 0.916644 240.13 -0.0439274 0.994152 0.0986483 -3.271 -0.918544 -0.0790219 0.387341 -19.8261 
0.394199 -0.080789 0.915467 240.873 -0.0420346 0.993501 0.105776 -3.20718 -0.918063 -0.0801779 0.388242 -19.4934 
0.395932 -0.0812415 0.914679 241.621 -0.0424012 0.993399 0.106587 -3.13754 -0.917301 -0.0809848 0.389873 -19.1573 
0.397757 -0.0692339 0.914875 242.349 -0.0520151 0.993844 0.0978243 -3.06784 -0.916015 -0.0864976 0.391707 -18.8149 
0.398514 -0.0557541 0.915466 243.073 -0.0537687 0.995014 0.084005 -3.01035 -0.915585 -0.0827005 0.393529 -18.4804 
0.399227 -0.0477034 0.91561 243.801 -0.0538654 0.9957 0.0753627 -2.9438 -0.915268 -0.0794065 0.394941 -18.1489 
0.398846 -0.0505035 0.915626 244.544 -0.0536091 0.995491 0.0782608 -2.89093 -0.91545 -0.0802999 0.39434 -17.8129 
