1 -4.23778e-08 4.22719e-08 0 -4.23778e-08 1 -4.19404e-08 0 4.22719e-08 -4.19404e-08 1 0 
0.999991 -0.00264822 -0.00340634 -0.00700662 0.0026409 0.999994 -0.00212674 -0.00457609 0.00341204 0.00211764 0.999992 0.679619 
0.99997 -0.00129221 -0.00758943 -0.0229121 0.00126379 0.999992 -0.00373786 -0.00761404 0.00759428 0.00372808 0.999964 1.37874 
0.999931 -0.00145991 -0.0116844 -0.0407499 0.00139916 0.999985 -0.00519865 -0.0127279 0.0116919 0.00518186 0.999918 2.09747 
0.999861 7.62015e-05 -0.0166819 -0.0630913 -0.000173564 0.999983 -0.00583 -0.0177636 0.0166812 0.005832 0.999844 2.82878 
0.999774 -0.00116141 -0.0212377 -0.0873786 0.00103495 0.999982 -0.00596078 -0.0277602 0.0212443 0.00593737 0.999757 3.5777 
0.999661 0.000529042 -0.0260354 -0.117378 -0.000720419 0.999973 -0.0073386 -0.0335961 0.0260308 0.00735479 0.999634 4.34459 
0.999512 0.00325618 -0.031058 -0.155019 -0.00350696 0.999962 -0.00802083 -0.0418175 0.0310308 0.00812575 0.999485 5.12228 
0.999363 0.00364075 -0.0355081 -0.197356 -0.00387303 0.999971 -0.00647257 -0.0495228 0.0354836 0.00660589 0.999348 5.91664 
0.999189 0.00259349 -0.0401922 -0.238858 -0.00274486 0.999989 -0.00370934 -0.0592369 0.0401822 0.00381657 0.999185 6.72429 
0.999047 0.00227736 -0.0435824 -0.285431 -0.00232487 0.999997 -0.00103762 -0.0694513 0.0435799 0.00113787 0.999049 7.54132 
0.998917 0.00371924 -0.0463708 -0.337384 -0.00379638 0.999991 -0.00157387 -0.0786086 0.0463646 0.00174812 0.998923 8.36144 
0.998802 0.00307761 -0.0488288 -0.387666 -0.00317209 0.999993 -0.00185589 -0.0854902 0.0488228 0.00200847 0.998805 9.19056 
0.998714 0.000132728 -0.0506995 -0.433911 -0.00025849 0.999997 -0.00247235 -0.0909323 0.0506991 0.00248219 0.998711 10.0259 
0.998612 6.91438e-05 -0.0526592 -0.4927 -0.000153399 0.999999 -0.00159441 -0.101203 0.0526591 0.00160019 0.998611 10.8682 
0.99853 -0.00143543 -0.0541839 -0.547668 0.00133582 0.999997 -0.00187288 -0.110887 0.0541866 0.00179766 0.998529 11.7229 
0.998433 0.000729582 -0.05596 -0.610546 -0.000966457 0.999991 -0.00420452 -0.121707 0.0559565 0.00425193 0.998424 12.5843 
0.998346 0.00104969 -0.057479 -0.671765 -0.0014506 0.999975 -0.00693222 -0.129549 0.0574704 0.00700405 0.998323 13.455 
0.998232 0.00513277 -0.0592144 -0.740868 -0.00564753 0.999948 -0.00852766 -0.142348 0.0591676 0.00884692 0.998209 14.3321 
0.998171 0.00587269 -0.060162 -0.809097 -0.00636832 0.999947 -0.00804855 -0.157305 0.0601117 0.00841688 0.998156 15.2201 
0.998087 0.00496647 -0.0616208 -0.875072 -0.00538072 0.999964 -0.00655707 -0.171301 0.0615861 0.00687601 0.998078 16.1159 
0.997987 0.00569909 -0.0631574 -0.943145 -0.00603012 0.999969 -0.00505065 -0.186435 0.0631267 0.00542124 0.997991 17.0168 
0.997927 0.00513841 -0.0641446 -1.0121 -0.00546462 0.999973 -0.00490986 -0.200515 0.0641177 0.00525012 0.997928 17.9224 
0.997819 0.0049129 -0.0658298 -1.08427 -0.00530069 0.99997 -0.00571621 -0.214837 0.0657998 0.0060526 0.997814 18.8302 
0.997741 0.00349495 -0.0670913 -1.15452 -0.00393248 0.999972 -0.00638929 -0.227636 0.0670672 0.00663861 0.997726 19.7491 
0.997703 0.00349589 -0.0676495 -1.22813 -0.0038354 0.999981 -0.0048882 -0.237915 0.0676312 0.00513635 0.997697 20.6732 
0.997695 0.00475017 -0.0676846 -1.30602 -0.00485567 0.999987 -0.00139304 -0.253072 0.0676772 0.0017184 0.997706 21.6067 
0.997742 0.00568691 -0.0669216 -1.3809 -0.00554655 0.999982 0.00228421 -0.263321 0.0669335 -0.00190796 0.997756 22.5435 
0.997849 0.00460351 -0.0653853 -1.45318 -0.00427373 0.999977 0.00518399 -0.268939 0.0654077 -0.00489349 0.997847 23.4839 
0.997934 0.00484807 -0.0640621 -1.52402 -0.00448267 0.999973 0.00584755 -0.274438 0.0640888 -0.00554839 0.997929 24.4314 
0.998027 0.00494344 -0.0625828 -1.59745 -0.00476905 0.999984 0.00293697 -0.279464 0.0625964 -0.0026328 0.998035 25.3805 
0.998072 0.00571166 -0.0618046 -1.66918 -0.00583782 0.999981 -0.00185956 -0.287572 0.0617929 0.00221669 0.998086 26.331 
0.998149 0.0048736 -0.0606266 -1.7384 -0.00517495 0.999975 -0.00481329 -0.298252 0.0606017 0.00511803 0.998149 27.2894 
0.998199 0.00237012 -0.0599356 -1.80645 -0.00259902 0.99999 -0.00373992 -0.310267 0.0599262 0.00388888 0.998195 28.2601 
0.99818 0.000373033 -0.0603022 -1.8734 -0.000299965 0.999999 0.0012221 -0.320314 0.0603027 -0.00120188 0.998179 29.238 
0.998115 -0.00373563 -0.0612521 -1.9388 0.00403454 0.99998 0.00475838 -0.331747 0.0612332 -0.00499663 0.998111 30.2206 
0.997993 -0.0108556 -0.0623863 -2.0005 0.0111311 0.99993 0.00407202 -0.338731 0.0623378 -0.00475837 0.998044 31.2013 
0.997872 -0.0129816 -0.0638961 -2.06822 0.0130191 0.999915 0.000171936 -0.34479 0.0638885 -0.00100353 0.997956 32.1807 
0.997787 -0.0127776 -0.0652526 -2.14539 0.0125472 0.999913 -0.003939 -0.35413 0.0652974 0.00311146 0.997861 33.161 
0.99766 -0.011255 -0.0674344 -2.22716 0.0109598 0.999929 -0.00474536 -0.366026 0.0674831 0.0039951 0.997712 34.1495 
0.997617 -0.011017 -0.0681118 -2.30677 0.010806 0.999936 -0.00346363 -0.378754 0.0681456 0.00271927 0.997672 35.1451 
0.997548 -0.00791464 -0.069538 -2.3921 0.00787755 0.999969 -0.000806297 -0.392101 0.0695423 0.000256443 0.997579 36.1451 
0.997478 -0.00771702 -0.0705576 -2.47918 0.007765 0.99997 0.000406896 -0.405063 0.0705524 -0.000953836 0.997508 37.1464 
0.997391 -0.00627507 -0.0719124 -2.55687 0.0065031 0.999974 0.00293842 -0.415681 0.0718922 -0.00339849 0.997407 38.144 
0.997391 -0.00647505 -0.0718963 -2.63672 0.00691696 0.999959 0.00590029 -0.426639 0.0718553 -0.00638228 0.997395 39.1438 
0.997355 -0.000774297 -0.0726741 -2.73003 0.00137454 0.999965 0.00821085 -0.43263 0.0726653 -0.00828911 0.997322 40.1427 
0.997339 -0.000912622 -0.0729021 -2.81567 0.00145989 0.999971 0.00745509 -0.436744 0.0728933 -0.00754177 0.997311 41.1484 
0.997345 -0.000913263 -0.0728123 -2.89866 0.00133603 0.999982 0.0057589 -0.442509 0.0728058 -0.00584098 0.997329 42.1437 
0.997336 0.00125171 -0.0729345 -2.98898 -0.00100517 0.999994 0.00341808 -0.448974 0.0729384 -0.00333575 0.997331 43.1406 
0.997271 0.000715165 -0.0738213 -3.07524 -0.000465115 0.999994 0.00340548 -0.458064 0.0738234 -0.00336194 0.997266 44.1384 
0.997161 -0.00124036 -0.075288 -3.15685 0.00159807 0.999988 0.00469218 -0.466708 0.0752813 -0.00479926 0.997151 45.1336 
0.997106 -0.000677546 -0.0760238 -3.24568 0.00112231 0.999982 0.00580879 -0.479509 0.0760187 -0.00587738 0.997089 46.1182 
0.997096 0.00164414 -0.0761415 -3.33872 -0.00148283 0.999996 0.00217613 -0.491653 0.0761449 -0.00205699 0.997095 47.0925 
0.997015 0.00188998 -0.0771815 -3.42686 -0.00204821 0.999996 -0.00196992 -0.502633 0.0771775 0.00212203 0.997015 48.0578 
0.996942 0.00287931 -0.0780891 -3.51357 -0.0031469 0.99999 -0.00330295 -0.513627 0.0780789 0.0035385 0.996941 49.0288 
0.996933 0.00169437 -0.0782455 -3.60086 -0.00169532 0.999998 5.54433e-05 -0.526579 0.0782456 7.72907e-05 0.996934 50.0092 
0.996922 -0.000178481 -0.0783952 -3.68532 0.000429465 0.999995 0.00318571 -0.539349 0.0783943 -0.00320966 0.996917 50.9814 
0.996891 -0.00204722 -0.0787693 -3.76953 0.0023582 0.99999 0.00385617 -0.55061 0.0787607 -0.00403002 0.996885 51.9441 
0.996857 -0.00518418 -0.0790531 -3.85502 0.00541096 0.999982 0.00265579 -0.563001 0.079038 -0.00307528 0.996867 52.9014 
0.996801 -0.00799169 -0.0795199 -3.93657 0.00811983 0.999966 0.00128922 -0.574214 0.079507 -0.00193087 0.996832 53.8556 
0.996703 -0.00951093 -0.0805728 -4.02442 0.00974071 0.999949 0.00246025 -0.584154 0.0805455 -0.00323707 0.996746 54.8062 
0.996568 -0.0126482 -0.081804 -4.10764 0.0132253 0.999891 0.0065172 -0.593233 0.0817128 -0.00757681 0.996627 55.7613 
0.996495 -0.0135423 -0.0825422 -4.19524 0.0145314 0.999829 0.0113942 -0.597668 0.0823739 -0.0125538 0.996522 56.7161 
0.996472 -0.0116416 -0.0831097 -4.28669 0.0128053 0.999827 0.0134836 -0.601819 0.0829384 -0.0145004 0.996449 57.6641 
0.996364 -0.0106963 -0.0845263 -4.37764 0.0115429 0.999888 0.00953424 -0.607921 0.0844149 -0.0104753 0.996376 58.5979 
0.996259 -0.00921199 -0.0859184 -4.46947 0.00938862 0.999954 0.0016529 -0.61283 0.0858994 -0.00245346 0.996301 59.519 
0.996205 -0.00752389 -0.0867151 -4.56437 0.00727218 0.999968 -0.00321737 -0.623237 0.0867367 0.00257447 0.996228 60.4316 
0.996143 -0.00278645 -0.0876976 -4.66287 0.00257595 0.999993 -0.00251247 -0.637578 0.0877041 0.00227678 0.996144 61.3342 
0.996024 -0.000211067 -0.08908 -4.75859 0.000210493 1 -1.49344e-05 -0.655585 0.0890801 -3.96317e-06 0.996024 62.2339 
0.995937 0.00221648 -0.0900264 -4.85324 -0.00208523 0.999997 0.0015529 -0.671195 0.0900296 -0.00135895 0.995938 63.1226 
0.995821 0.00297348 -0.0912807 -4.94349 -0.00287835 0.999995 0.00117465 -0.681612 0.0912838 -0.000907087 0.995824 63.9918 
0.995674 0.00472817 -0.092796 -5.04294 -0.00456089 0.999987 0.00201546 -0.696306 0.0928045 -0.0015836 0.995683 64.8447 
0.995535 0.00541507 -0.0942409 -5.13493 -0.00518445 0.999983 0.00269271 -0.711112 0.094254 -0.00219219 0.995546 65.6845 
0.995396 0.00530574 -0.0957001 -5.22405 -0.00503037 0.999982 0.00311928 -0.723814 0.095715 -0.0026236 0.995405 66.5102 
0.995273 0.00519036 -0.0969818 -5.31482 -0.00481058 0.99998 0.00415024 -0.733336 0.0970015 -0.00366416 0.995277 67.3201 
0.995114 0.00807228 -0.098405 -5.40841 -0.00743367 0.999949 0.00685539 -0.743051 0.0984554 -0.00609047 0.995123 68.1169 
0.994964 0.00956874 -0.0997706 -5.50111 -0.00852039 0.999904 0.0109292 -0.751159 0.0998656 -0.0100242 0.99495 68.9054 
0.994749 0.0126551 -0.10156 -5.59339 -0.0114405 0.999856 0.0125335 -0.757014 0.101704 -0.0113058 0.99475 69.6809 
0.994579 0.0155297 -0.102819 -5.68665 -0.0147418 0.999856 0.00841876 -0.766408 0.102935 -0.00685747 0.994664 70.4336 
0.994435 0.0156038 -0.104187 -5.77612 -0.0155698 0.999878 0.00114027 -0.777178 0.104192 0.000488154 0.994557 71.1628 
0.994285 0.01461 -0.105755 -5.86056 -0.015187 0.999874 -0.00465284 -0.784333 0.105674 0.00623227 0.994381 71.8724 
0.994226 0.0155192 -0.106179 -5.94682 -0.016244 0.99985 -0.00596397 -0.791116 0.106071 0.00765423 0.994329 72.564 
0.994058 0.018271 -0.10731 -6.02941 -0.0186548 0.999823 -0.00257296 -0.802548 0.107244 0.00455943 0.994222 73.2439 
0.993918 0.0184889 -0.108557 -6.11686 -0.0186098 0.999827 -9.91341e-05 -0.822388 0.108537 0.00211866 0.99409 73.9036 
0.993856 0.0152711 -0.109623 -6.19152 -0.0157497 0.99987 -0.0035005 -0.834073 0.109555 0.00520542 0.993967 74.5386 
0.993937 0.00710691 -0.109724 -6.25797 -0.00810157 0.99993 -0.00862125 -0.846475 0.109655 0.00945783 0.993925 75.155 
0.994064 0.00305012 -0.108749 -6.32674 -0.00454179 0.999899 -0.0134709 -0.857733 0.108697 0.0138847 0.993978 75.7563 
0.994373 0.00546385 -0.10579 -6.39638 -0.00694781 0.999882 -0.0136632 -0.872948 0.105703 0.0143213 0.994295 76.3404 
0.99476 0.0104082 -0.10171 -6.46949 -0.0115712 0.999874 -0.0108508 -0.88532 0.101584 0.0119708 0.994755 76.9157 
0.995232 0.00878282 -0.0971399 -6.52592 -0.00958524 0.999924 -0.00779598 -0.897712 0.0970641 0.00868983 0.99524 77.4759 
0.995782 0.00508396 -0.0916108 -6.56899 -0.00544193 0.999978 -0.00365725 -0.909159 0.0915903 0.00414028 0.995788 78.0233 
0.996503 0.000767738 -0.0835495 -6.608 -0.000778783 1 -9.86455e-05 -0.925269 0.0835495 0.00016328 0.996504 78.553 
0.997326 0.00452217 -0.072934 -6.64851 -0.00455628 0.999989 -0.000300152 -0.936056 0.0729319 0.00063157 0.997337 79.0683 
0.99828 0.00976151 -0.0578108 -6.68596 -0.00982526 0.999951 -0.000817167 -0.94495 0.0578001 0.00138368 0.998327 79.5697 
0.999098 0.0147908 -0.0397937 -6.70934 -0.0148239 0.99989 -0.000535259 -0.950404 0.0397815 0.00112459 0.999208 80.0628 
0.999755 0.0132734 -0.0177318 -6.70738 -0.0132744 0.999912 6.94262e-05 -0.957012 0.0177312 0.000165884 0.999843 80.5434 
0.999914 0.00985533 0.00858584 -6.68643 -0.00986475 0.999951 0.0010459 -0.965818 -0.00857502 -0.00113059 0.999963 81.0072 
0.999231 0.00880014 0.0382092 -6.65358 -0.00890926 0.999957 0.00268448 -0.975278 -0.0381838 -0.00302291 0.999266 81.4607 
0.997413 0.00852956 0.0713736 -6.6062 -0.00883695 0.999953 0.0039908 -0.981863 -0.0713361 -0.00461128 0.997442 81.9086 
0.994013 0.00841191 0.108934 -6.53761 -0.00896247 0.999949 0.00456459 -0.989397 -0.10889 -0.00551367 0.994038 82.3437 
0.98854 0.00870545 0.15071 -6.45104 -0.00950912 0.999944 0.00461209 -0.994989 -0.150661 -0.00599243 0.988567 82.7695 
0.980593 0.00847298 0.195872 -6.34199 -0.00955522 0.999944 0.00458042 -1.00225 -0.195822 -0.0063632 0.980619 83.1817 
0.969463 0.010622 0.245008 -6.21663 -0.0116038 0.999929 0.00256348 -1.01367 -0.244963 -0.00532828 0.969518 83.5789 
0.954458 0.011489 0.298125 -6.06495 -0.0119598 0.999928 -0.000245346 -1.02397 -0.298107 -0.00333141 0.954527 83.9578 
0.9352 0.0116984 0.353927 -5.89161 -0.0116595 0.999929 -0.00224253 -1.03339 -0.353928 -0.00202946 0.93527 84.32 
0.911428 0.0124308 0.411271 -5.70036 -0.0117774 0.999922 -0.00412286 -1.03938 -0.41129 -0.00108609 0.911504 84.6616 
0.882911 0.0127143 0.469368 -5.48823 -0.0111117 0.999919 -0.00618419 -1.04412 -0.469408 0.000244538 0.882981 84.9825 
0.849943 0.0110534 0.526758 -5.25735 -0.00807044 0.999936 -0.00796069 -1.05556 -0.526812 0.00251491 0.849978 85.2786 
0.81337 0.0106124 0.58165 -5.01069 -0.00681317 0.999939 -0.00871696 -1.06919 -0.581706 0.00312718 0.813393 85.5596 
0.773573 0.00924827 0.63364 -4.74887 -0.00588012 0.999955 -0.00741629 -1.08162 -0.63368 0.00201112 0.773593 85.8255 
0.730607 0.00888431 0.682741 -4.47334 -0.00744015 0.999959 -0.00505058 -1.0916 -0.682758 -0.00138975 0.730643 86.0796 
0.685008 0.00795657 0.728492 -4.18295 -0.00672981 0.999967 -0.00459366 -1.09905 -0.728505 -0.00175596 0.685038 86.311 
0.638011 0.00666345 0.769999 -3.87757 -0.00362524 0.999977 -0.00564995 -1.10831 -0.770019 0.000813263 0.63802 86.5198 
0.590805 0.00395618 0.806804 -3.55852 0.0020957 0.999977 -0.00643817 -1.11576 -0.806811 0.00549449 0.590784 86.7044 
0.543623 0.00615293 0.839307 -3.23777 0.000115936 0.999972 -0.00740598 -1.12506 -0.839329 0.00412334 0.543607 86.8763 
0.495873 0.00914362 0.868347 -2.9113 -0.00370397 0.999958 -0.00841442 -1.13381 -0.868387 0.000956133 0.495886 87.0378 
0.450004 0.0113914 0.892954 -2.57881 -0.00453509 0.999935 -0.0104708 -1.14211 -0.893015 0.000662242 0.450026 87.1771 
0.407464 0.00878258 0.913179 -2.23187 0.00269282 0.999938 -0.0108186 -1.1483 -0.913217 0.00686722 0.407415 87.2901 
0.367549 0.00121062 0.930003 -1.87246 0.0178302 0.999806 -0.00834829 -1.15028 -0.929833 0.0196505 0.367456 87.3834 
0.332073 -0.00232876 0.943251 -1.51163 0.021909 0.999746 -0.00524496 -1.15365 -0.942999 0.0224074 0.33204 87.4764 
0.298753 0.00179625 0.954329 -1.15329 0.0191351 0.999786 -0.00787215 -1.1614 -0.954139 0.020613 0.298654 87.5747 
0.267584 0.00962132 0.963486 -0.792361 0.00846822 0.999888 -0.0123367 -1.17509 -0.963497 0.0114601 0.267472 87.676 
0.239128 0.014063 0.970886 -0.415428 0.0037557 0.999874 -0.015408 -1.19213 -0.970981 0.00733084 0.239045 87.7643 
0.213313 0.015736 0.976857 -0.0255991 0.0051685 0.999838 -0.0172349 -1.2063 -0.97697 0.00872531 0.213197 87.8337 
0.189914 0.0169981 0.981654 0.375458 0.0125141 0.999727 -0.0197322 -1.21718 -0.981721 0.0160319 0.189649 87.8878 
0.169784 0.0233271 0.985205 0.7836 0.0196087 0.999442 -0.0270435 -1.21672 -0.985286 0.0239101 0.169232 87.935 
0.149991 0.0301125 0.988229 1.20327 0.0216095 0.999197 -0.0337266 -1.21756 -0.988451 0.0264138 0.14922 87.9877 
0.132354 0.0309519 0.990719 1.63957 0.0195235 0.999237 -0.0338264 -1.23005 -0.99101 0.0238194 0.131649 88.0449 
0.117004 0.0265517 0.992776 2.0912 0.0173518 0.999435 -0.0287749 -1.25329 -0.99298 0.0205932 0.116477 88.0968 
0.102538 0.0232828 0.994456 2.55571 0.0176584 0.999526 -0.0252223 -1.27404 -0.994572 0.0201468 0.102079 88.138 
0.0893393 0.0208322 0.995783 3.03054 0.0199689 0.999543 -0.0227025 -1.29093 -0.995801 0.0219129 0.0888825 88.1737 
0.0776795 0.0200146 0.996777 3.52543 0.0236809 0.999479 -0.0219144 -1.30525 -0.996697 0.0253069 0.0771651 88.2063 
0.0675617 0.020603 0.997502 4.0351 0.026962 0.999384 -0.0224682 -1.31918 -0.997351 0.0284127 0.0669646 88.2341 
0.0596526 0.0211256 0.997996 4.56354 0.0289524 0.999319 -0.0228843 -1.33413 -0.997799 0.0302595 0.0590004 88.2668 
0.0542021 0.0214804 0.998299 5.10816 0.0307227 0.999259 -0.0231692 -1.34856 -0.998057 0.0319262 0.053502 88.2928 
0.0486026 0.0225782 0.998563 5.66943 0.0320336 0.999195 -0.0241518 -1.36524 -0.998304 0.0331614 0.0478402 88.3221 
0.0426065 0.0232315 0.998822 6.25298 0.0324357 0.99917 -0.0246233 -1.38133 -0.998565 0.0334466 0.0418176 88.3507 
0.0383507 0.0232422 0.998994 6.85274 0.0350285 0.999084 -0.0245891 -1.3995 -0.99865 0.0359363 0.0375015 88.3732 
0.0353551 0.023093 0.999108 7.4771 0.0364944 0.999036 -0.0243828 -1.42107 -0.998708 0.0373239 0.0344783 88.4011 
0.0323326 0.022662 0.99922 8.11766 0.0374739 0.999012 -0.0238699 -1.43929 -0.998774 0.0382164 0.0314515 88.4253 
0.0299523 0.0220249 0.999309 8.7749 0.0397332 0.998941 -0.0232078 -1.45873 -0.998761 0.0404009 0.0290454 88.4479 
0.0292555 0.0216264 0.999338 9.4476 0.0442067 0.99876 -0.0229081 -1.47848 -0.998594 0.0448476 0.0282632 88.47 
0.0305719 0.0213114 0.999305 10.1384 0.0480262 0.998587 -0.0227654 -1.49837 -0.998378 0.0486888 0.0295051 88.4899 
0.0329781 0.0213199 0.999229 10.8486 0.049586 0.998506 -0.0229411 -1.51695 -0.998225 0.0503043 0.0318717 88.5192 
0.0369742 0.021253 0.99909 11.5726 0.0520945 0.998373 -0.0231658 -1.53754 -0.997957 0.0529037 0.0358069 88.5503 
0.0415491 0.0207943 0.99892 12.3131 0.05256 0.998354 -0.0229687 -1.55867 -0.997753 0.0534575 0.0403878 88.5858 
0.0455019 0.01916 0.99878 13.0671 0.0539512 0.99831 -0.0216089 -1.57799 -0.997506 0.0548686 0.0443913 88.6273 
0.0494957 0.0177526 0.998616 13.8379 0.0536876 0.998349 -0.020409 -1.59897 -0.99733 0.0546235 0.0484609 88.6767 
0.0536817 0.0156513 0.998435 14.624 0.050703 0.998545 -0.0183792 -1.62192 -0.99727 0.0516103 0.05281 88.7345 
0.0578709 0.0147289 0.998215 15.424 0.0500035 0.998593 -0.0176335 -1.64018 -0.997071 0.0509348 0.057053 88.7925 
0.0620627 0.0157728 0.997948 16.2264 0.0470663 0.998716 -0.0187121 -1.66338 -0.996962 0.0481311 0.0612407 88.8574 
0.0654413 0.0198813 0.997658 17.0339 0.0451811 0.998717 -0.0228661 -1.68957 -0.996833 0.0465717 0.064459 88.917 
0.0668758 0.0255139 0.997435 17.8418 0.0393934 0.998826 -0.0281908 -1.71279 -0.996983 0.0411777 0.0657922 88.9901 
0.0666797 0.0285819 0.997365 18.6547 0.0368794 0.998836 -0.0310897 -1.74267 -0.997093 0.0388553 0.065548 89.0594 
0.0668707 0.0281736 0.997364 19.4728 0.0346228 0.998934 -0.0305394 -1.77493 -0.997161 0.0365737 0.0658239 89.1296 
0.0667441 0.026527 0.997417 20.2969 0.0318333 0.999081 -0.0287015 -1.80978 -0.997262 0.0336667 0.0658383 89.2054 
0.0666071 0.0251755 0.997462 21.1221 0.0328387 0.999085 -0.0274094 -1.84549 -0.997239 0.034581 0.0657194 89.2705 
0.0670608 0.0245974 0.997446 21.9445 0.0303479 0.999183 -0.0266807 -1.8796 -0.997287 0.0320596 0.0662596 89.3414 
0.0670624 0.0249118 0.997438 22.763 0.0287388 0.999225 -0.0268888 -1.91436 -0.997335 0.0304684 0.0662945 89.4127 
0.0671261 0.0257205 0.997413 23.5843 0.0259571 0.999284 -0.0275158 -1.94537 -0.997407 0.027737 0.0664105 89.4846 
0.0660195 0.0271646 0.997448 24.3963 0.0232255 0.999317 -0.0287528 -1.97959 -0.997548 0.0250645 0.0653435 89.5524 
0.0633012 0.0267089 0.997637 25.2113 0.0202525 0.999401 -0.0280413 -2.0132 -0.997789 0.0219797 0.0627224 89.6186 
0.0595246 0.0255215 0.9979 26.0253 0.017738 0.999488 -0.0266203 -2.04671 -0.998069 0.0192853 0.0590414 89.6789 
0.0549696 0.023137 0.99822 26.8407 0.0160789 0.999581 -0.0240541 -2.07909 -0.998358 0.0173725 0.0545746 89.7332 
0.0487903 0.0211112 0.998586 27.6553 0.0136866 0.999669 -0.0218029 -2.11155 -0.998715 0.014731 0.0484852 89.7835 
0.0414496 0.0212767 0.998914 28.4624 0.013143 0.999675 -0.0218384 -2.14376 -0.999054 0.0140339 0.0411565 89.8254 
0.0327963 0.0222993 0.999213 29.265 0.0130207 0.999657 -0.0227367 -2.17234 -0.999377 0.0137561 0.0324946 89.8604 
0.023036 0.0227428 0.999476 30.0685 0.0133954 0.999644 -0.0230555 -2.19921 -0.999645 0.0139195 0.0227231 89.8831 
0.0128416 0.0217955 0.99968 30.8699 0.0146482 0.999651 -0.0219831 -2.22815 -0.99981 0.0149258 0.0125178 89.8992 
0.00222428 0.0208826 0.999779 31.6658 0.0137887 0.999686 -0.0209114 -2.25711 -0.999902 0.0138321 0.00193564 89.9066 
-0.00883046 0.020041 0.99976 32.4535 0.0151973 0.999686 -0.0199054 -2.28554 -0.999845 0.0150179 -0.00913226 89.9033 
-0.0196572 0.0204518 0.999597 33.238 0.0154307 0.999678 -0.0201501 -2.31309 -0.999688 0.0150284 -0.0199664 89.8913 
-0.0306301 0.020923 0.999312 34.0188 0.0158969 0.999665 -0.0204432 -2.3419 -0.999404 0.0152597 -0.0309525 89.8706 
-0.0412323 0.0220986 0.998905 34.7947 0.0153867 0.999651 -0.02148 -2.36909 -0.999031 0.0144842 -0.041558 89.844 
-0.0514723 0.0233493 0.998401 35.5667 0.016581 0.999609 -0.0225228 -2.39181 -0.998537 0.0153952 -0.0518393 89.8099 
-0.0609047 0.0239079 0.997857 36.3255 0.0172442 0.999589 -0.0228969 -2.42324 -0.997995 0.0158128 -0.0612919 89.7669 
-0.0705692 0.0244207 0.997208 37.0802 0.0179937 0.999569 -0.0232052 -2.45003 -0.997344 0.0163059 -0.0709782 89.7174 
-0.0798182 0.0248472 0.9965 37.8261 0.0187425 0.99955 -0.0234221 -2.47877 -0.996633 0.0168074 -0.080248 89.662 
-0.0882672 0.0243246 0.9958 38.5667 0.0200286 0.999543 -0.0226408 -2.50627 -0.995895 0.0179461 -0.0887141 89.5986 
-0.0955994 0.0231822 0.99515 39.2984 0.0218147 0.999537 -0.0211888 -2.53464 -0.995181 0.0196832 -0.0960609 89.5325 
-0.100783 0.0216123 0.994674 40.021 0.0247932 0.999508 -0.0192053 -2.55946 -0.994599 0.0227255 -0.10127 89.4614 
-0.104523 0.0199897 0.994321 40.7348 0.0279477 0.999462 -0.0171553 -2.58546 -0.99413 0.0259959 -0.105025 89.3891 
-0.107189 0.0187751 0.994061 41.4382 0.0296251 0.999438 -0.0156823 -2.61005 -0.993797 0.0277682 -0.107685 89.3189 
-0.109003 0.0180247 0.993878 42.1255 0.029933 0.999442 -0.0148428 -2.63199 -0.993591 0.0281319 -0.109482 89.2507 
-0.109924 0.018541 0.993767 42.8018 0.0307073 0.999412 -0.0152497 -2.65312 -0.993465 0.0288396 -0.110429 89.1864 
-0.108942 0.0195917 0.993855 43.4576 0.0316361 0.999368 -0.0162327 -2.67509 -0.993545 0.0296732 -0.109492 89.1198 
-0.105712 0.0211528 0.994172 44.0996 0.0326646 0.999308 -0.0177889 -2.69731 -0.99386 0.0305937 -0.10633 89.0561 
-0.100572 0.021677 0.994694 44.7284 0.0327391 0.999293 -0.0184671 -2.71964 -0.994391 0.0307081 -0.10121 89.0033 
-0.0924965 0.0225684 0.995457 45.3361 0.0321854 0.999288 -0.0196647 -2.73936 -0.995193 0.0302203 -0.093157 88.9576 
-0.0814001 0.0225228 0.996427 45.9263 0.0309476 0.99932 -0.0200601 -2.76257 -0.996201 0.0292041 -0.0820418 88.9253 
-0.067674 0.0227812 0.997447 46.4875 0.0301741 0.999329 -0.020777 -2.78639 -0.997251 0.028691 -0.068316 88.9039 
-0.0502366 0.024123 0.998446 47.0422 0.0291159 0.999319 -0.0226792 -2.80925 -0.998313 0.0279314 -0.0509048 88.8912 
-0.0288682 0.0266068 0.999229 47.576 0.0274829 0.999289 -0.0258144 -2.83355 -0.999205 0.0267165 -0.0295789 88.8949 
-0.00394978 0.0296247 0.999553 48.1076 0.0257468 0.999233 -0.0295135 -2.85628 -0.999661 0.0256187 -0.00470949 88.9122 
0.02472 0.0313185 0.999204 48.6367 0.0239253 0.999204 -0.0319105 -2.88002 -0.999408 0.0246951 0.023951 88.9471 
0.0583881 0.0307943 0.997819 49.1621 0.0218012 0.999246 -0.0321141 -2.90142 -0.998056 0.0236287 0.0576727 88.9986 
0.0970539 0.0285059 0.994871 49.6829 0.0208802 0.999311 -0.0306701 -2.91988 -0.99506 0.0237497 0.0963919 89.0674 
0.139736 0.0246284 0.989882 50.1952 0.0186005 0.999449 -0.0274922 -2.94541 -0.990014 0.022254 0.1392 89.161 
0.185662 0.0202732 0.982404 50.6973 0.0159801 0.999593 -0.023648 -2.96844 -0.982484 0.0200894 0.185263 89.2793 
0.234878 0.017166 0.971873 51.1921 0.0114779 0.999725 -0.0204319 -2.98843 -0.971957 0.015954 0.234617 89.4212 
0.287298 0.0154705 0.957716 51.6735 0.00777548 0.999799 -0.0184828 -3.00964 -0.957809 0.0127568 0.28712 89.5905 
0.343213 0.0149524 0.939139 52.1414 0.00694526 0.999805 -0.0184566 -3.02751 -0.939232 0.0128571 0.343042 89.7844 
0.401969 0.0151176 0.915528 52.5938 0.00893023 0.999751 -0.0204293 -3.04603 -0.91561 0.0163878 0.401734 90.0069 
0.462229 0.0182207 0.886573 53.0201 0.00971718 0.999625 -0.0256104 -3.06363 -0.886707 0.0204528 0.461878 90.2613 
0.521581 0.0211275 0.85294 53.4162 0.010866 0.999448 -0.0314013 -3.08311 -0.853132 0.0256464 0.521063 90.545 
0.579168 0.0251536 0.81482 53.7835 0.00671753 0.999343 -0.0356247 -3.10052 -0.81518 0.0261062 0.578619 90.8615 
0.634383 0.0280058 0.772511 54.1244 0.0026143 0.99926 -0.038373 -3.11653 -0.773014 0.0263628 0.633841 91.2034 
0.686417 0.0286026 0.726646 54.4309 0.000952769 0.99919 -0.0402308 -3.13566 -0.727208 0.0283074 0.685834 91.556 
0.73466 0.0270818 0.677895 54.7212 -4.69206e-05 0.999205 -0.0398674 -3.15217 -0.678435 0.0292571 0.734077 91.9325 
0.779107 0.0236688 0.626445 54.9828 -0.00242503 0.999393 -0.0347439 -3.17185 -0.626887 0.02555 0.778691 92.3305 
0.819662 0.0188148 0.572539 55.2175 -0.00341473 0.999603 -0.0279606 -3.18883 -0.572837 0.0209632 0.819401 92.7457 
0.855284 0.0164322 0.517899 55.4167 -0.0060201 0.999745 -0.0217787 -3.20491 -0.518125 0.0155091 0.855164 93.1691 
0.885615 0.0130178 0.464237 55.5947 -0.00698892 0.999867 -0.0147051 -3.21906 -0.464367 0.00977848 0.885589 93.6126 
0.910444 0.0135702 0.413409 55.743 -0.0106354 0.999899 -0.00939989 -3.23453 -0.413495 0.00416124 0.910497 94.0626 
0.929908 0.0155738 0.367462 55.8745 -0.0143949 0.999879 -0.00594899 -3.24895 -0.36751 0.000242369 0.930019 94.5206 
0.944612 0.0217468 0.327468 55.9841 -0.02182 0.999756 -0.00345124 -3.2588 -0.327463 -0.00388534 0.944856 94.9854 
0.955998 0.0261356 0.292206 56.0854 -0.0259321 0.999653 -0.0045707 -3.26285 -0.292224 -0.00320801 0.956344 95.4548 
0.964874 0.0281394 0.261203 56.1863 -0.0279347 0.9996 -0.00449759 -3.26824 -0.261224 -0.00295708 0.965273 95.9265 
0.970755 0.0224455 0.23902 56.2906 -0.0220577 0.999747 -0.00429813 -3.27528 -0.239056 -0.00109986 0.971005 96.4043 
0.974504 0.0194228 0.223528 56.3868 -0.0190968 0.999811 -0.00362075 -3.28631 -0.223556 -0.000740308 0.974691 96.8905 
0.977266 0.0236935 0.21069 56.4753 -0.0233969 0.999719 -0.00390128 -3.29549 -0.210723 -0.00111698 0.977545 97.3821 
0.979155 0.029195 0.201003 56.5562 -0.0291034 0.999571 -0.00341187 -3.2988 -0.201016 -0.0025092 0.979585 97.8894 
0.980126 0.0367152 0.194947 56.6369 -0.0364545 0.999323 -0.00492683 -3.29953 -0.194996 -0.00227787 0.980801 98.4038 
0.980504 0.042399 0.191869 56.722 -0.0415224 0.999101 -0.00858929 -3.30766 -0.192061 0.000454894 0.981383 98.9302 
0.980643 0.0435106 0.190907 56.8171 -0.04217 0.999049 -0.011082 -3.3207 -0.191208 0.00281688 0.981545 99.4641 
0.980233 0.041964 0.193347 56.9219 -0.0398891 0.999097 -0.0146143 -3.33315 -0.193786 0.00661289 0.981022 100.007 
0.979499 0.0404038 0.197353 57.0289 -0.0369562 0.999094 -0.0211233 -3.34274 -0.198028 0.0133968 0.980105 100.561 
0.978679 0.040563 0.201349 57.1423 -0.0360846 0.999014 -0.0258651 -3.3523 -0.2022 0.018048 0.979178 101.124 
0.977541 0.0454153 0.205795 57.2491 -0.0410341 0.998832 -0.0255099 -3.367 -0.206713 0.0164923 0.978262 101.709 
0.976175 0.0485059 0.211495 57.3628 -0.0449322 0.998755 -0.0216737 -3.38148 -0.212283 0.0116543 0.977139 102.307 
0.975311 0.0454839 0.216101 57.4939 -0.0428149 0.998938 -0.0170192 -3.39921 -0.216645 0.00734656 0.976223 102.912 
0.974644 0.0410531 0.219963 57.6319 -0.0394838 0.999154 -0.0115282 -3.41165 -0.22025 0.00255077 0.97544 103.536 
0.973893 0.0385584 0.223709 57.7709 -0.0379668 0.999255 -0.00694713 -3.42483 -0.22381 -0.00172784 0.974631 104.167 
0.973412 0.0338169 0.226553 57.9156 -0.0332548 0.999427 -0.00629874 -3.43487 -0.226636 -0.00140277 0.973978 104.805 
0.973458 0.030246 0.226858 58.0637 -0.0288711 0.999539 -0.00937725 -3.44591 -0.227037 0.00257863 0.973883 105.452 
0.973573 0.0292037 0.2265 58.2091 -0.026175 0.999523 -0.0163648 -3.4606 -0.22687 0.0100036 0.973874 106.107 
0.97371 0.0311924 0.225646 58.3516 -0.0266587 0.999377 -0.0231127 -3.47438 -0.226226 0.0164896 0.973935 106.772 
0.974259 0.0338217 0.222881 58.4937 -0.0285164 0.999229 -0.0269805 -3.48655 -0.223622 0.0199302 0.974472 107.452 
0.974876 0.0320556 0.22043 58.6422 -0.0277027 0.999356 -0.0228114 -3.50245 -0.221019 0.0161317 0.975136 108.155 
0.975321 0.0278114 0.219032 58.7958 -0.0250799 0.999569 -0.015242 -3.52282 -0.219361 0.00937246 0.975599 108.87 
0.975898 0.0281091 0.216409 58.9454 -0.0266951 0.999599 -0.00945521 -3.54441 -0.216588 0.0034502 0.976257 109.597 
0.976217 0.0311798 0.214542 59.091 -0.0296886 0.999507 -0.0101705 -3.5611 -0.214754 0.00355912 0.976662 110.328 
0.976508 0.0367306 0.212328 59.2304 -0.0343741 0.9993 -0.0147809 -3.57623 -0.212722 0.00713498 0.977087 111.071 
0.977307 0.0375777 0.208468 59.3757 -0.0341141 0.999214 -0.0201865 -3.59018 -0.209062 0.0126166 0.977821 111.822 
0.978206 0.0360559 0.204481 59.5249 -0.0320264 0.999223 -0.022983 -3.60853 -0.20515 0.0159332 0.978601 112.581 
0.979122 0.0336607 0.200467 59.6767 -0.0299346 0.999319 -0.0215908 -3.62881 -0.201057 0.0151391 0.979462 113.356 
0.97997 0.0296474 0.196928 59.827 -0.0263175 0.999463 -0.0195058 -3.65092 -0.197401 0.0139324 0.980224 114.143 
0.980389 0.0286464 0.19498 59.9807 -0.0258688 0.999524 -0.0167779 -3.67331 -0.195368 0.0114049 0.980664 114.946 
0.98074 0.0253286 0.193669 60.1312 -0.0229707 0.999632 -0.014412 -3.69366 -0.193963 0.00968562 0.980961 115.752 
0.980933 0.0203095 0.193281 60.2876 -0.0181039 0.999749 -0.0131717 -3.71143 -0.1935 0.00942139 0.981055 116.563 
0.981026 0.0211993 0.192713 60.4319 -0.0193099 0.999745 -0.011678 -3.73058 -0.192911 0.00773504 0.981186 117.382 
0.980852 0.0264482 0.19295 60.5764 -0.0242566 0.999612 -0.0137127 -3.74906 -0.193238 0.00876978 0.981113 118.203 
0.980591 0.0320736 0.193424 60.7196 -0.0293028 0.999423 -0.0171701 -3.76721 -0.193863 0.0111689 0.980965 119.032 
0.980096 0.0409147 0.194264 60.8643 -0.0379528 0.9991 -0.0189467 -3.78496 -0.194864 0.0111966 0.980766 119.871 
0.979258 0.0466367 0.197176 61.0107 -0.0438875 0.998869 -0.0182927 -3.80941 -0.197806 0.00925964 0.980197 120.711 
0.978536 0.0492799 0.200096 61.1618 -0.0469549 0.998763 -0.0163524 -3.83595 -0.200655 0.00660582 0.97964 121.558 
0.977989 0.0497649 0.202637 61.3226 -0.0472755 0.998735 -0.0171103 -3.85937 -0.203232 0.0071539 0.979104 122.406 
0.977687 0.0481625 0.204473 61.4869 -0.0450674 0.998788 -0.0197701 -3.88269 -0.205177 0.0101138 0.978672 123.251 
0.977676 0.0419275 0.205892 61.6602 -0.0389734 0.999071 -0.0183848 -3.90847 -0.206471 0.00995001 0.978402 124.095 
0.97795 0.0349405 0.205896 61.8388 -0.0315551 0.999308 -0.0197043 -3.93764 -0.206442 0.0127727 0.978375 124.934 
0.977686 0.0344279 0.207233 62.0047 -0.0309992 0.999324 -0.019771 -3.96701 -0.207773 0.0129057 0.978092 125.785 
0.977196 0.0371123 0.209073 62.1712 -0.0343534 0.999268 -0.0168134 -3.99183 -0.209544 0.00924752 0.977755 126.632 
0.976751 0.0393896 0.210726 62.3266 -0.0378477 0.999219 -0.0113472 -4.01143 -0.211008 0.00310779 0.977479 127.481 
0.976455 0.0428521 0.21142 62.4919 -0.0423265 0.999079 -0.00701345 -4.03758 -0.211526 -0.00210041 0.97737 128.321 
0.976234 0.0421265 0.212586 62.6565 -0.0401681 0.999101 -0.0135255 -4.06162 -0.212965 0.00466478 0.977049 129.155 
0.976508 0.0375318 0.212186 62.8337 -0.0323754 0.999091 -0.0277253 -4.08898 -0.213033 0.0202044 0.976836 129.971 
0.976713 0.0352723 0.211629 63.0065 -0.0281004 0.998927 -0.0368026 -4.11798 -0.2127 0.0299987 0.976657 130.783 
0.976988 0.0324466 0.21081 63.1748 -0.0272036 0.999245 -0.0277245 -4.14411 -0.21155 0.0213517 0.977134 131.611 
0.977399 0.0261723 0.209775 63.3471 -0.0252967 0.999656 -0.00685688 -4.17487 -0.209882 0.00139522 0.977726 132.457 
0.977683 0.0228788 0.208836 63.5149 -0.0251918 0.999647 0.0084218 -4.20253 -0.20857 -0.0134949 0.977914 133.298 
0.97771 0.0274623 0.208157 63.6731 -0.0286106 0.999587 0.00250672 -4.21666 -0.208002 -0.00840642 0.978092 134.117 
0.977909 0.0352813 0.20603 63.8222 -0.0331966 0.999357 -0.0135678 -4.22704 -0.206376 0.00642846 0.978452 134.924 
0.978179 0.0352064 0.20476 63.9816 -0.031458 0.999273 -0.0215342 -4.24056 -0.205369 0.014623 0.978575 135.738 
0.978741 0.0310547 0.202737 64.1414 -0.0271044 0.999385 -0.0222334 -4.26824 -0.203303 0.0162656 0.978981 136.561 
0.979322 0.0306732 0.19997 64.2949 -0.0271307 0.999423 -0.0204325 -4.30265 -0.200482 0.0145846 0.979589 137.384 
0.980064 0.0302193 0.19637 64.4427 -0.0264387 0.999412 -0.0218465 -4.32625 -0.196914 0.0162191 0.980286 138.194 
0.981009 0.0312176 0.191431 64.5868 -0.027215 0.999353 -0.0235035 -4.35283 -0.192041 0.0178473 0.981225 139.01 
0.981409 0.0361158 0.188497 64.7233 -0.032251 0.999203 -0.0235321 -4.38561 -0.189197 0.0170153 0.981792 139.821 
0.981567 0.0420385 0.186436 64.8517 -0.0382437 0.998982 -0.0239065 -4.41119 -0.187251 0.0163358 0.982176 140.633 
0.981867 0.0435226 0.184505 64.9868 -0.0401796 0.998954 -0.021821 -4.44104 -0.185262 0.0140119 0.982589 141.439 
0.982184 0.0412416 0.183343 65.124 -0.0387662 0.999102 -0.0170671 -4.46921 -0.183882 0.00965545 0.982901 142.244 
0.982593 0.0395625 0.18151 65.2623 -0.0370809 0.999167 -0.0170472 -4.49551 -0.182033 0.0100199 0.983241 143.046 
0.983149 0.0378056 0.178856 65.398 -0.0347721 0.999194 -0.0200666 -4.52388 -0.17947 0.0135092 0.983671 143.845 
0.98421 0.0327793 0.173945 65.5349 -0.029086 0.999295 -0.0237407 -4.55058 -0.1746 0.0183064 0.984469 144.635 
0.98543 0.0299025 0.167429 65.6608 -0.0261517 0.999356 -0.0245635 -4.57869 -0.168056 0.019827 0.985578 145.426 
0.986578 0.0282588 0.160829 65.7831 -0.0254762 0.999488 -0.0193387 -4.6009 -0.161293 0.0149817 0.986793 146.225 
0.987674 0.0255119 0.15443 65.8999 -0.0241311 0.99965 -0.0108097 -4.62557 -0.154652 0.00694979 0.987945 147.035 
0.988291 0.0226308 0.150892 66.0135 -0.0226429 0.999742 -0.0016392 -4.64191 -0.15089 -0.0017967 0.988549 147.848 
0.988759 0.0292809 0.14662 66.1091 -0.0297277 0.999558 0.000856244 -4.65397 -0.14653 -0.00520539 0.989192 148.652 
0.989344 0.0321074 0.142012 66.2006 -0.0318503 0.999484 -0.00408455 -4.66583 -0.14207 -0.000482183 0.989856 149.453 
0.990433 0.0323303 0.134155 66.2997 -0.0306932 0.999427 -0.0142549 -4.682 -0.134539 0.0100008 0.990858 150.246 
0.9914 0.0290607 0.127597 66.3938 -0.0267557 0.999447 -0.0197425 -4.69273 -0.1281 0.0161587 0.99163 151.049 
0.99225 0.0281755 0.121019 66.4748 -0.0260978 0.999484 -0.0187208 -4.71272 -0.121484 0.0154173 0.992474 151.865 
0.992926 0.0349221 0.11348 66.5414 -0.0334017 0.999325 -0.0152732 -4.73723 -0.113937 0.0113746 0.993423 152.683 
0.993591 0.040417 0.105561 66.5999 -0.0388305 0.9991 -0.0170431 -4.75837 -0.106155 0.0128348 0.994267 153.499 
0.994538 0.04299 0.0951068 66.6625 -0.0409862 0.998897 -0.0229246 -4.77967 -0.0959873 0.0189012 0.995203 154.31 
0.995394 0.0413902 0.0864731 66.7224 -0.0393495 0.998908 -0.0251735 -4.80341 -0.0874205 0.0216547 0.995936 155.13 
0.996051 0.0415933 0.0784393 66.7723 -0.039946 0.998949 -0.0224556 -4.82645 -0.0792908 0.0192335 0.996666 155.954 
0.996526 0.0442009 0.070577 66.8103 -0.0432194 0.998947 -0.0153762 -4.85097 -0.0711823 0.0122724 0.997388 156.784 
0.99692 0.0476826 0.0622617 66.8413 -0.0471694 0.99884 -0.00968977 -4.87168 -0.0626514 0.006723 0.998013 157.617 
0.997414 0.0467087 0.054628 66.8717 -0.046427 0.998901 -0.00641812 -4.8876 -0.0548676 0.00386523 0.998486 158.445 
0.997712 0.0473544 0.0482469 66.8985 -0.0471976 0.998876 -0.00438689 -4.90184 -0.0484003 0.00209963 0.998826 159.274 
0.997952 0.0464194 0.0440042 66.9232 -0.0461972 0.998914 -0.00605614 -4.92007 -0.0442374 0.00401079 0.999013 160.1 
0.997904 0.0511356 0.0396617 66.9287 -0.0507192 0.998647 -0.0114363 -4.93904 -0.0401928 0.00940068 0.999148 160.918 
0.99774 0.0569406 0.0356717 66.935 -0.0563182 0.998247 -0.0182212 -4.95639 -0.0366466 0.0161709 0.999197 161.733 
0.997784 0.0580789 0.0324695 66.9446 -0.0574318 0.998138 -0.0205213 -4.97615 -0.0336008 0.0186109 0.999262 162.554 
0.997775 0.0598723 0.0293418 66.9541 -0.0594669 0.998125 -0.0145043 -4.99563 -0.0301551 0.012727 0.999464 163.388 
0.99769 0.0621225 0.0274994 66.9561 -0.062034 0.998066 -0.0040639 -5.01423 -0.0276986 0.00234853 0.999613 164.224 
0.997691 0.0633542 0.0244508 66.959 -0.0634532 0.997979 0.00329086 -5.02993 -0.0241928 -0.00483483 0.999696 165.057 
0.998032 0.0597694 0.0189811 66.9675 -0.0597828 0.998211 0.000132361 -5.04462 -0.0189392 -0.00126693 0.99982 165.875 
0.998807 0.0470566 0.0130799 66.9807 -0.0469329 0.998852 -0.00960813 -5.05684 -0.0135169 0.00898271 0.999868 166.69 
0.998986 0.0446604 0.00565806 66.9795 -0.0445762 0.998905 -0.0142295 -5.06636 -0.00628728 0.0139628 0.999883 167.513 
0.998826 0.0484302 -0.00111171 66.9582 -0.0484406 0.998743 -0.0128605 -5.08224 0.000487565 0.0128991 0.999917 168.345 
0.99888 0.0465261 -0.00855651 66.9356 -0.046584 0.998892 -0.0066902 -5.1014 0.00823585 0.00708122 0.999941 169.18 
0.999024 0.0410767 -0.0162252 66.9185 -0.0411296 0.999149 -0.0029351 -5.1162 0.016091 0.00359949 0.999864 170.016 
0.999233 0.032323 -0.0220832 66.8966 -0.0323063 0.999477 0.00111743 -5.12066 0.0221079 -0.000403227 0.999755 170.86 
0.999205 0.0281096 -0.028281 66.8599 -0.0280897 0.999605 0.00110562 -5.13388 0.028301 -0.000310415 0.999599 171.702 
0.9991 0.0245997 -0.0345434 66.8156 -0.0248133 0.999675 -0.00576535 -5.14774 0.0343905 0.00661722 0.999386 172.538 
0.998996 0.0152948 -0.0421047 66.7756 -0.0159763 0.999746 -0.0158954 -5.16099 0.041851 0.016552 0.998987 173.369 
0.99881 0.00505049 -0.048508 66.7385 -0.00603219 0.999779 -0.0201111 -5.17348 0.0483958 0.0203797 0.99862 174.204 
0.998443 0.00883529 -0.055081 66.6764 -0.00955383 0.999872 -0.0127939 -5.18911 0.054961 0.0133001 0.9984 175.047 
0.997992 0.0193172 -0.060315 66.5981 -0.0193398 0.999813 0.000209248 -5.2042 0.0603079 0.000957569 0.998179 175.895 
0.997585 0.0245418 -0.0649731 66.5212 -0.024064 0.999677 0.00812723 -5.2212 0.0651517 -0.00654417 0.997854 176.742 
0.997357 0.0239178 -0.0686081 66.4456 -0.0236267 0.999708 0.00505295 -5.22922 0.068709 -0.0034187 0.997631 177.585 
0.99718 0.0252175 -0.0706817 66.3703 -0.0256859 0.999654 -0.00572485 -5.23921 0.070513 0.00752414 0.997482 178.413 
0.996659 0.0354872 -0.0735559 66.2787 -0.0366886 0.999213 -0.015045 -5.25161 0.0729642 0.0176933 0.997178 179.245 
0.996537 0.0338995 -0.0759253 66.2012 -0.0354144 0.999198 -0.0186946 -5.26895 0.0752307 0.0213187 0.996938 180.086 
0.996501 0.028719 -0.0784937 66.1376 -0.0298763 0.999461 -0.0136088 -5.29033 0.0780607 0.0159062 0.996822 180.943 
0.996511 0.0290251 -0.0782473 66.0604 -0.0294985 0.999553 -0.00490028 -5.30692 0.0780701 0.00719128 0.996922 181.804 
0.996467 0.0308556 -0.0781086 65.9771 -0.0309055 0.999522 0.000571045 -5.32257 0.0780889 0.00184487 0.996945 182.665 
0.996338 0.0306948 -0.0798013 65.8947 -0.0308135 0.999525 -0.000255474 -5.33625 0.0797556 0.00271341 0.996811 183.517 
0.996246 0.0268853 -0.0822802 65.8175 -0.02776 0.999569 -0.00950299 -5.35251 0.0819894 0.0117513 0.996564 184.366 
0.996272 0.0159065 -0.0847838 65.7493 -0.017736 0.999625 -0.0208682 -5.37094 0.0844201 0.022294 0.996181 185.213 
0.996203 0.00537023 -0.0868982 65.6807 -0.00755172 0.999664 -0.0247938 -5.39303 0.0867359 0.0253558 0.995909 186.067 
0.996086 0.00784122 -0.0880435 65.5928 -0.00968007 0.999743 -0.0204773 -5.41475 0.0878604 0.0212493 0.995906 186.923 
0.995904 0.0137709 -0.0893635 65.4971 -0.0147181 0.999842 -0.00994845 -5.44003 0.0892125 0.0112229 0.995949 187.781 
0.995722 0.0147476 -0.0912127 65.4087 -0.0153919 0.999861 -0.00636326 -5.46468 0.0911063 0.00773989 0.995811 188.63 
0.995658 0.0134367 -0.0921157 65.3219 -0.0144258 0.999845 -0.0100789 -5.48521 0.0919661 0.0113639 0.995697 189.472 
0.995677 0.0135398 -0.0918886 65.2322 -0.0151025 0.999752 -0.0163323 -5.50117 0.0916448 0.0176494 0.995635 190.306 
0.995532 0.0201426 -0.0922548 65.1337 -0.02178 0.999622 -0.0167751 -5.52196 0.0918821 0.0187093 0.995594 191.14 
0.99543 0.0228545 -0.0927133 65.0396 -0.0242322 0.999612 -0.0137612 -5.54541 0.0923629 0.0159449 0.995598 191.975 
0.995274 0.0265488 -0.0934054 64.9447 -0.0276764 0.999559 -0.0107961 -5.56788 0.0930776 0.0133301 0.99557 192.809 
0.995163 0.0303031 -0.093443 64.85 -0.0311832 0.999482 -0.00797175 -5.58674 0.0931531 0.010847 0.995593 193.64 
0.995009 0.0327792 -0.0942452 64.7569 -0.0337043 0.999398 -0.00823983 -5.60779 0.0939184 0.0113751 0.995515 194.462 
