1 -4.23778e-08 4.22719e-08 0 -4.23778e-08 1 -4.19404e-08 0 4.22719e-08 -4.19404e-08 1 0 
0.999036 -0.000317165 0.0438906 0.0305358 0.00042245 0.999997 -0.00239153 -0.0210165 -0.0438897 0.00240768 0.999033 1.01845 
0.996046 -0.00489346 0.0887028 0.13409 0.00555172 0.999959 -0.00717681 -0.0491008 -0.0886639 0.0076408 0.996032 2.09076 
0.990952 -0.00485052 0.13413 0.239216 0.00642956 0.999915 -0.0113424 -0.0639052 -0.134063 0.0121021 0.990899 3.15451 
0.9837 -0.00258082 0.179797 0.41202 0.00510313 0.999895 -0.013568 -0.0930246 -0.179743 0.0142643 0.98361 4.16512 
0.974262 -0.0050575 0.225363 0.673954 0.00832252 0.999874 -0.0135406 -0.120029 -0.225266 0.0150676 0.974181 5.26749 
0.962759 -0.00592958 0.270296 0.962432 0.010242 0.999842 -0.0145472 -0.157744 -0.270167 0.0167737 0.962667 6.27925 
0.94947 -0.00903076 0.313727 1.29998 0.0151952 0.999736 -0.0172096 -0.185349 -0.313489 0.0211071 0.949357 7.29171 
0.934464 -0.0111072 0.355884 1.68633 0.0190389 0.999642 -0.0187927 -0.216568 -0.355548 0.0243367 0.934341 8.27821 
0.917207 -0.0110901 0.398256 2.08139 0.0204531 0.999605 -0.0192693 -0.251742 -0.397885 0.0258195 0.917072 9.21096 
0.897538 -0.0113698 0.44079 2.51766 0.0213637 0.999615 -0.0177167 -0.285723 -0.440419 0.0253183 0.897435 10.1312 
0.875756 -0.0112154 0.482623 2.99124 0.0220375 0.999617 -0.0167594 -0.318831 -0.48225 0.0253129 0.875668 11.0095 
0.851867 -0.0114204 0.523633 3.51006 0.0229175 0.999617 -0.0154818 -0.351284 -0.523256 0.0251888 0.851803 11.8699 
0.826148 -0.0114054 0.563337 4.08872 0.0242775 0.999587 -0.015366 -0.384392 -0.562929 0.026371 0.826084 12.7568 
0.798759 -0.0132026 0.601507 4.68473 0.0275804 0.999512 -0.0146865 -0.41831 -0.601019 0.0283207 0.798733 13.5698 
0.769979 -0.0121357 0.637954 5.32291 0.0282736 0.999486 -0.015112 -0.451089 -0.637443 0.0296732 0.769926 14.3627 
0.739248 -0.0153894 0.673258 6.00301 0.0331632 0.999358 -0.0135705 -0.477225 -0.672616 0.0323593 0.739283 15.1242 
0.706761 -0.0138575 0.707316 6.70299 0.0326367 0.999382 -0.0130317 -0.501759 -0.706699 0.0322947 0.706777 15.858 
0.672601 -0.0126513 0.739897 7.45004 0.0339247 0.99933 -0.013752 -0.530871 -0.739227 0.0343503 0.672579 16.553 
0.637028 -0.0138788 0.770715 8.21511 0.0383124 0.999172 -0.0136741 -0.559273 -0.769888 0.0382387 0.637033 17.1887 
0.600469 -0.0120493 0.799557 9.06992 0.0386465 0.999155 -0.0139666 -0.574918 -0.798713 0.0392866 0.600428 17.8438 
0.562727 -0.0109935 0.826569 9.93635 0.0414956 0.999027 -0.014963 -0.603676 -0.8256 0.042719 0.562636 18.4481 
0.523501 -0.0094885 0.851972 10.7773 0.0461984 0.998783 -0.0172635 -0.632137 -0.850771 0.0483972 0.523303 18.9794 
0.484997 -0.00882617 0.874471 11.6387 0.0481201 0.998703 -0.0166084 -0.65841 -0.873191 0.0501346 0.484793 19.4553 
0.447145 -0.0108247 0.894396 12.5175 0.0536885 0.998449 -0.0147571 -0.684334 -0.892849 0.0546173 0.447033 19.8861 
0.410143 -0.0115789 0.911948 13.4185 0.0576894 0.998246 -0.013271 -0.710912 -0.910195 0.0580527 0.410092 20.2866 
0.375103 -0.00927556 0.926936 14.3763 0.0595974 0.998122 -0.0141295 -0.726801 -0.925065 0.060543 0.374952 20.6804 
0.341901 -0.0101278 0.939681 15.3276 0.0601568 0.998127 -0.0111303 -0.746555 -0.937808 0.0603337 0.34187 21.0313 
0.309041 -0.0116804 0.950977 16.3753 0.0627221 0.997998 -0.00812511 -0.755443 -0.948978 0.0621583 0.309155 21.3485 
0.276064 -0.0114266 0.961071 17.4463 0.063486 0.997962 -0.006371 -0.758613 -0.95904 0.0627734 0.276227 21.6904 
0.243763 -0.0084181 0.969798 18.4496 0.0609644 0.998118 -0.00665984 -0.769638 -0.967917 0.0607466 0.243817 21.9603 
0.212719 -0.00698061 0.977088 19.4991 0.0615849 0.998082 -0.00627694 -0.778228 -0.975171 0.0615091 0.212741 22.2113 
0.182572 -0.00699267 0.983168 20.5693 0.0637371 0.997955 -0.00473805 -0.793362 -0.981124 0.0635293 0.182644 22.4031 
0.152692 -0.00715129 0.988248 21.7201 0.0655627 0.997844 -0.00290931 -0.794512 -0.986097 0.0652364 0.152832 22.5479 
0.122565 -0.00783147 0.99243 22.7989 0.064351 0.997927 -7.25485e-05 -0.805537 -0.990372 0.0638727 0.122814 22.6819 
0.0932284 -0.00803264 0.995612 23.9574 0.0646297 0.997907 0.00199919 -0.801732 -0.993545 0.0641598 0.0935524 22.8112 
0.0663532 -0.00784605 0.997765 25.1898 0.0674621 0.997716 0.00335922 -0.813091 -0.995513 0.0670885 0.066731 22.8849 
0.0409174 -0.00741113 0.999135 26.368 0.0719964 0.997395 0.00444968 -0.806125 -0.996565 0.071752 0.0413444 22.9655 
0.0182656 -0.00702559 0.999808 27.5773 0.076451 0.997057 0.00560949 -0.805978 -0.996906 0.0763339 0.018749 22.9991 
-0.00199638 -0.00701403 0.999973 28.8568 0.0822098 0.996589 0.00715434 -0.792468 -0.996613 0.0822219 -0.00141295 22.9979 
-0.0196578 -0.00786145 0.999776 30.1704 0.0863887 0.996216 0.00953197 -0.794805 -0.996067 0.0865567 -0.0189043 22.9796 
-0.0353296 -0.00771686 0.999346 31.4794 0.0895462 0.995923 0.0108561 -0.783757 -0.995356 0.0898711 -0.0344946 22.9518 
-0.0501008 -0.00856329 0.998707 32.7756 0.0920737 0.995665 0.0131561 -0.786562 -0.994491 0.0926138 -0.0490951 22.9199 
-0.063571 -0.00966795 0.99793 34.0787 0.0919807 0.99564 0.0155051 -0.781377 -0.993729 0.092776 -0.0624046 22.8587 
-0.0758356 -0.00964384 0.997074 35.3854 0.0915901 0.995658 0.0165962 -0.776052 -0.992905 0.0925806 -0.0746231 22.7817 
-0.0871491 -0.00676679 0.996172 36.6681 0.0918159 0.995666 0.0147957 -0.760747 -0.991955 0.0927539 -0.0861501 22.6898 
-0.0978456 -0.00341797 0.995196 37.9554 0.092109 0.995671 0.0124755 -0.752794 -0.99093 0.0928871 -0.0971071 22.6081 
-0.107279 -0.00107863 0.994228 39.3027 0.09337 0.995569 0.0111548 -0.746422 -0.989835 0.0940278 -0.106703 22.4699 
-0.115425 0.00016842 0.993316 40.6498 0.0929146 0.995617 0.0106279 -0.724996 -0.988961 0.0935203 -0.114934 22.3603 
-0.121375 0.000858485 0.992606 42.0459 0.0926195 0.995646 0.0104643 -0.718705 -0.988276 0.0932049 -0.120927 22.2029 
-0.126442 0.00216662 0.991972 43.4431 0.0938579 0.995537 0.00978913 -0.716109 -0.987524 0.0943421 -0.126081 22.0242 
-0.131392 0.00390086 0.991323 44.843 0.0927075 0.995658 0.00836962 -0.704075 -0.986986 0.0930027 -0.131183 21.8555 
-0.135521 0.00466527 0.990763 46.2892 0.093342 0.995601 0.0080796 -0.697581 -0.986368 0.0935748 -0.13536 21.6801 
-0.139512 0.00380473 0.990213 47.7789 0.0934107 0.995584 0.00933528 -0.676302 -0.985805 0.0937989 -0.139251 21.5545 
-0.14194 0.00180167 0.989874 49.2549 0.0941968 0.995485 0.0116951 -0.666429 -0.985383 0.094903 -0.141468 21.3589 
-0.144503 0.000604298 0.989504 50.7213 0.0938862 0.995497 0.0131028 -0.654743 -0.98504 0.0947942 -0.143909 21.1738 
-0.146235 0.00132887 0.989249 52.2293 0.0961642 0.995282 0.0128784 -0.636889 -0.984565 0.0970136 -0.145673 20.9259 
-0.147313 0.000982389 0.989089 53.729 0.0961507 0.995277 0.0133319 -0.627911 -0.984405 0.0970657 -0.146712 20.711 
-0.148111 0.00224186 0.988968 55.2579 0.097742 0.995135 0.0123822 -0.614616 -0.984129 0.0984977 -0.147609 20.4939 
-0.148073 0.00248179 0.988973 56.7612 0.0982267 0.995089 0.0122096 -0.591869 -0.984086 0.0989515 -0.147589 20.2849 
-0.147531 0.00403931 0.989049 58.3132 0.098 0.99513 0.0105539 -0.579923 -0.98419 0.0984839 -0.147209 20.0674 
-0.146616 0.00366273 0.989187 59.8854 0.098682 0.995059 0.010942 -0.574599 -0.984259 0.0992191 -0.146253 19.858 
-0.145217 0.00265012 0.989396 61.4541 0.098052 0.995112 0.0117259 -0.565533 -0.984529 0.0987151 -0.144767 19.6483 
-0.144158 0.00346585 0.989548 63.041 0.0990779 0.995019 0.0109487 -0.550167 -0.984582 0.0996208 -0.143784 19.4252 
-0.143156 0.00414784 0.989691 64.6544 0.0991323 0.995022 0.010169 -0.53693 -0.984723 0.0995661 -0.142855 19.2107 
-0.142195 0.00470668 0.989827 66.2756 0.100191 0.994921 0.00966216 -0.525013 -0.984755 0.100546 -0.141945 18.9962 
-0.141358 0.00468671 0.989947 67.9416 0.0998807 0.994953 0.00955182 -0.512609 -0.984907 0.100227 -0.141113 18.782 
-0.140388 0.00312015 0.990092 69.5971 0.101893 0.994731 0.0113129 -0.498787 -0.984839 0.102472 -0.139966 18.5525 
-0.139836 0.00114836 0.990174 71.2938 0.103599 0.994528 0.0134772 -0.487393 -0.98474 0.104466 -0.139189 18.3319 
-0.138753 0.00240989 0.990324 73.0149 0.105175 0.994377 0.0123161 -0.47206 -0.984726 0.105867 -0.138226 18.0919 
-0.137967 0.0041364 0.990428 74.7115 0.107491 0.994147 0.0108215 -0.466688 -0.984587 0.107955 -0.137604 17.8653 
-0.137158 0.00379961 0.990542 76.4273 0.1069 0.994209 0.0109885 -0.45649 -0.984764 0.107396 -0.13677 17.6434 
-0.137233 0.003655 0.990532 78.1574 0.107277 0.994166 0.0111942 -0.454759 -0.984712 0.107798 -0.136825 17.4346 
-0.136837 0.00258467 0.99059 79.9128 0.107207 0.994162 0.0122152 -0.445189 -0.984775 0.107869 -0.136316 17.2079 
-0.136614 0.00275748 0.99062 81.6859 0.108704 0.993999 0.0122242 -0.437526 -0.984642 0.109355 -0.136094 16.9787 
-0.136578 0.00257806 0.990626 83.4809 0.110087 0.993842 0.0125913 -0.429351 -0.984493 0.110775 -0.136021 16.7499 
-0.1365 0.00341571 0.990634 85.301 0.110451 0.993811 0.0117923 -0.424504 -0.984463 0.111026 -0.136032 16.5091 
-0.137114 0.00409365 0.990547 87.0867 0.110066 0.993862 0.0111281 -0.422652 -0.984421 0.110551 -0.136723 16.2917 
-0.138004 0.0048209 0.99042 88.9101 0.109874 0.99389 0.0104718 -0.412813 -0.984318 0.110266 -0.13769 16.0599 
-0.139055 0.00551235 0.990269 90.7621 0.109816 0.993903 0.00988777 -0.407461 -0.984177 0.110122 -0.138812 15.8155 
-0.139745 0.00480888 0.990176 92.5863 0.109133 0.993971 0.0105747 -0.401446 -0.984155 0.109538 -0.139427 15.5711 
-0.140715 0.00446397 0.99004 94.4192 0.109295 0.993948 0.0110525 -0.39425 -0.983999 0.109762 -0.140351 15.3303 
-0.140883 0.00340775 0.99002 96.2415 0.10688 0.994202 0.0117872 -0.388481 -0.98424 0.107474 -0.14043 15.0872 
-0.141905 0.00476372 0.989869 98.1107 0.107525 0.994145 0.0106301 -0.369746 -0.984023 0.107944 -0.141587 14.8227 
-0.144106 0.00554382 0.989547 100.005 0.106506 0.994262 0.00993993 -0.358555 -0.983814 0.106825 -0.14387 14.5593 
-0.148096 0.00631896 0.988953 101.873 0.106898 0.994223 0.00965533 -0.357142 -0.983179 0.107147 -0.147916 14.302 
-0.15241 0.0052513 0.988303 103.76 0.105137 0.994398 0.0109298 -0.355724 -0.982709 0.105573 -0.152108 14.0341 
-0.157207 0.00446278 0.987555 105.661 0.103658 0.99454 0.0120067 -0.351292 -0.98211 0.104256 -0.156812 13.7562 
-0.161689 0.00525746 0.986828 107.555 0.102277 0.99469 0.0114584 -0.34531 -0.981527 0.102783 -0.161369 13.4741 
-0.166131 0.00704125 0.986078 109.459 0.103046 0.994624 0.0102585 -0.342518 -0.980705 0.103316 -0.165963 13.1799 
-0.170542 0.00866609 0.985312 111.409 0.102483 0.994694 0.00898944 -0.342003 -0.980006 0.10251 -0.170525 12.8624 
-0.175548 0.00908434 0.984429 113.324 0.101331 0.994813 0.00888948 -0.341143 -0.979242 0.101313 -0.175557 12.5522 
-0.180114 0.00863657 0.983608 115.25 0.0998264 0.994959 0.00954345 -0.345071 -0.978567 0.0999089 -0.180068 12.2231 
-0.185308 0.00795829 0.982648 117.216 0.0979529 0.995136 0.0104124 -0.338671 -0.977786 0.0981827 -0.185186 11.8756 
-0.190742 0.00752677 0.981611 119.184 0.0975532 0.995166 0.0113253 -0.332489 -0.976781 0.0979195 -0.190554 11.5205 
-0.195966 0.0072373 0.980584 121.152 0.0975789 0.995153 0.0121558 -0.327289 -0.975744 0.0980665 -0.195722 11.1523 
-0.201306 0.00900909 0.979487 123.136 0.0981855 0.995107 0.0110264 -0.317149 -0.974595 0.0983911 -0.201205 10.7693 
-0.206595 0.00997678 0.978376 125.116 0.0977441 0.995156 0.0104918 -0.311431 -0.973532 0.097798 -0.20657 10.3795 
-0.212443 0.0100686 0.977122 127.104 0.0980143 0.995124 0.0110557 -0.303868 -0.972245 0.0981206 -0.212394 9.97671 
-0.217933 0.0100079 0.975912 129.093 0.0970934 0.995209 0.0114763 -0.299665 -0.971122 0.0972557 -0.21786 9.57289 
-0.222974 0.0106836 0.974766 131.097 0.0965407 0.995266 0.011175 -0.292521 -0.970032 0.0965964 -0.222949 9.14267 
-0.228104 0.0112335 0.973572 133.138 0.096096 0.995311 0.0110305 -0.28667 -0.968883 0.0960724 -0.228114 8.70477 
-0.232289 0.0104905 0.97259 135.158 0.0972478 0.995182 0.012492 -0.278907 -0.967773 0.097484 -0.23219 8.24638 
-0.236073 0.0105732 0.971678 137.208 0.0996712 0.99493 0.0133892 -0.267975 -0.96661 0.100009 -0.23593 7.77325 
-0.239388 0.0113258 0.970858 139.228 0.100601 0.994839 0.0131999 -0.254685 -0.965698 0.100829 -0.239292 7.29598 
-0.242396 0.0120143 0.970103 141.277 0.101407 0.99476 0.0130185 -0.246149 -0.964863 0.101531 -0.242344 6.80482 
-0.245535 0.011703 0.969317 143.31 0.100698 0.994825 0.0134964 -0.242439 -0.964143 0.100922 -0.245443 6.31257 
-0.249559 0.0121956 0.968283 145.372 0.099593 0.994941 0.0131371 -0.241923 -0.963224 0.0997127 -0.249511 5.81057 
-0.254176 0.0133281 0.967066 147.424 0.0981493 0.995098 0.0120823 -0.224019 -0.962165 0.0979879 -0.254238 5.31304 
-0.258758 0.0125649 0.96586 149.411 0.0969437 0.995205 0.0130249 -0.231862 -0.961065 0.0970044 -0.258735 4.82856 
-0.263226 0.0133351 0.964642 151.483 0.09773 0.995129 0.0129114 -0.21749 -0.959771 0.0976731 -0.263247 4.3055 
-0.267669 0.0139442 0.96341 153.509 0.097423 0.995162 0.0126637 -0.213489 -0.958573 0.097248 -0.267732 3.7729 
-0.271885 0.014178 0.962225 155.564 0.0971956 0.995183 0.0127998 -0.208553 -0.957409 0.0970041 -0.271954 3.21663 
-0.275957 0.0134153 0.961076 157.621 0.096996 0.995187 0.0139592 -0.20444 -0.956263 0.0970727 -0.27593 2.65693 
-0.280087 0.0133546 0.959882 159.672 0.0975453 0.995124 0.0146181 -0.204765 -0.955006 0.0977263 -0.280024 2.09856 
-0.284121 0.0140946 0.958685 161.704 0.0989761 0.994981 0.0147047 -0.200881 -0.953666 0.0990648 -0.28409 1.54667 
-0.287715 0.0156141 0.957589 163.767 0.099169 0.994978 0.0135723 -0.182399 -0.952568 0.0988681 -0.287818 0.961202 
-0.291254 0.017244 0.95649 165.824 0.0992395 0.994988 0.0122807 -0.177091 -0.951484 0.0984984 -0.291506 0.371639 
-0.29458 0.0183547 0.955451 167.906 0.0998537 0.994934 0.0116731 -0.172035 -0.950396 0.0988439 -0.29492 -0.235163 
-0.298051 0.0190157 0.95436 169.971 0.0994415 0.99498 0.0112309 -0.173956 -0.949356 0.0982504 -0.298446 -0.831189 
-0.30115 0.0191351 0.953385 172.077 0.0999162 0.994928 0.0115919 -0.164854 -0.948328 0.0987495 -0.301534 -1.47772 
-0.304792 0.0195113 0.952219 174.119 0.0997956 0.994941 0.0115564 -0.156501 -0.947176 0.0985496 -0.305198 -2.11046 
-0.308401 0.0202895 0.95104 176.201 0.102172 0.994695 0.0119112 -0.156217 -0.945753 0.100843 -0.308838 -2.75749 
-0.311543 0.0204921 0.950011 178.333 0.103775 0.994521 0.0125794 -0.147418 -0.944548 0.102507 -0.311962 -3.42962 
-0.313987 0.0200737 0.949215 180.446 0.104835 0.994396 0.0136487 -0.14039 -0.943622 0.103797 -0.314332 -4.10401 
-0.316591 0.0196275 0.948359 182.565 0.104506 0.994421 0.0143066 -0.128425 -0.942788 0.103639 -0.316876 -4.79422 
-0.319362 0.0200914 0.94742 184.671 0.1033 0.994555 0.0137298 -0.122146 -0.941985 0.102253 -0.319699 -5.46938 
-0.322067 0.0220141 0.946461 186.795 0.102433 0.994671 0.0117209 -0.117245 -0.941159 0.100724 -0.322605 -6.16136 
-0.324924 0.0240785 0.945434 188.93 0.102236 0.994712 0.0098027 -0.112639 -0.940198 0.0998428 -0.325667 -6.86858 
-0.327902 0.0248038 0.944386 191.038 0.101365 0.994808 0.00906709 -0.119774 -0.939258 0.0987009 -0.328714 -7.56254 
-0.331091 0.0255105 0.943254 193.141 0.0997339 0.994981 0.00809806 -0.132406 -0.938313 0.0967556 -0.331974 -8.26607 
-0.334657 0.0256912 0.94199 195.249 0.100765 0.994872 0.00866468 -0.140585 -0.936937 0.0978188 -0.33553 -8.974 
-0.338525 0.0250758 0.940623 197.307 0.100028 0.994939 0.00947568 -0.136528 -0.935625 0.0972963 -0.339321 -9.67008 
-0.342106 0.0241953 0.93935 199.462 0.0993631 0.994995 0.0105588 -0.143537 -0.934393 0.0969489 -0.342798 -10.4171 
-0.34575 0.0239132 0.938022 201.504 0.0994062 0.994983 0.0112753 -0.146036 -0.933046 0.0971436 -0.346393 -11.156 
-0.349379 0.0239846 0.936674 203.647 0.0983225 0.995092 0.0111938 -0.148609 -0.931808 0.096007 -0.350022 -11.9184 
-0.352714 0.02449 0.935411 205.811 0.0974635 0.995182 0.0106955 -0.150423 -0.930642 0.0949409 -0.353401 -12.7035 
-0.356215 0.0250241 0.934069 207.961 0.0974505 0.995185 0.010502 -0.162397 -0.929309 0.0947664 -0.356938 -13.4543 
-0.359 0.0257017 0.932983 210.064 0.098144 0.995118 0.0103511 -0.174875 -0.928163 0.0952828 -0.35977 -14.2346 
-0.361473 0.0253566 0.932038 212.148 0.0995873 0.994962 0.0115544 -0.191387 -0.927049 0.0969957 -0.362177 -15.0038 
-0.364084 0.0245515 0.931042 214.327 0.100347 0.994867 0.0130059 -0.189427 -0.925944 0.0981623 -0.364679 -15.827 
-0.366669 0.025449 0.930003 216.513 0.101807 0.99472 0.0129192 -0.183909 -0.924764 0.0994181 -0.367324 -16.6666 
-0.369286 0.0261208 0.928949 218.631 0.101498 0.994759 0.0123771 -0.192017 -0.923756 0.0988568 -0.370002 -17.4714 
-0.371739 0.0262601 0.927966 220.832 0.100848 0.994826 0.0122471 -0.18736 -0.922843 0.0981364 -0.372464 -18.3273 
-0.374219 0.027716 0.926926 223.048 0.100596 0.994868 0.0108652 -0.185654 -0.921868 0.0973115 -0.375086 -19.1939 
-0.376987 0.0287563 0.925772 225.13 0.100743 0.994861 0.0101217 -0.208977 -0.920723 0.097081 -0.377947 -20.0007 
-0.379299 0.0289818 0.92482 227.24 0.0987504 0.995069 0.00931747 -0.204364 -0.919989 0.0948604 -0.380291 -20.8352 
-0.38266 0.0297029 0.923412 229.328 0.0993535 0.99501 0.00916586 -0.234514 -0.918531 0.0952516 -0.383702 -21.6472 
-0.385032 0.0294556 0.922433 231.464 0.101187 0.994812 0.0104696 -0.236014 -0.917339 0.0973695 -0.386015 -22.507 
-0.387948 0.02856 0.921238 233.518 0.101497 0.994765 0.0119025 -0.238168 -0.916076 0.0981204 -0.388816 -23.3309 
-0.390875 0.0282254 0.920011 235.469 0.1005 0.994862 0.0121766 -0.248183 -0.914941 0.0972211 -0.391704 -24.1356 
-0.393523 0.0285158 0.918872 237.564 0.0991366 0.995006 0.0115785 -0.248656 -0.913954 0.0956502 -0.394385 -24.9978 
-0.396931 0.0282168 0.917415 239.69 0.0977451 0.995143 0.0116831 -0.242888 -0.912629 0.0943102 -0.397761 -25.8866 
-0.400107 0.0276385 0.916051 241.843 0.0972207 0.995185 0.0124372 -0.239031 -0.911297 0.0940354 -0.400868 -26.7976 
-0.403215 0.0279747 0.914677 244.029 0.0968051 0.995228 0.012236 -0.239865 -0.90997 0.0934792 -0.403999 -27.7273 
-0.406689 0.0277468 0.913145 246.195 0.0964207 0.99526 0.012701 -0.239855 -0.908464 0.0932114 -0.407436 -28.6659 
-0.410175 0.0271892 0.911601 248.324 0.0955708 0.995333 0.0133155 -0.243216 -0.906985 0.0925842 -0.41086 -29.5935 
-0.414059 0.0272807 0.909841 250.479 0.0947284 0.995415 0.0132633 -0.241375 -0.905308 0.0916796 -0.414745 -30.5323 
-0.41752 0.0282964 0.908227 252.653 0.0952827 0.995368 0.0127909 -0.229336 -0.903658 0.0918788 -0.418282 -31.4968 
-0.420885 0.0290152 0.90665 254.828 0.0958039 0.99532 0.0126212 -0.228674 -0.90204 0.0921727 -0.421695 -32.4597 
-0.424461 0.029066 0.904979 256.963 0.0954973 0.995347 0.0128225 -0.221536 -0.900396 0.0918658 -0.425262 -33.415 
-0.428093 0.0296289 0.903249 259.093 0.094073 0.995494 0.011931 -0.218664 -0.898825 0.0900789 -0.428952 -34.3846 
-0.431748 0.0298319 0.901501 261.266 0.0944554 0.995453 0.0122958 -0.218553 -0.897035 0.0904604 -0.432603 -35.3852 
-0.434786 0.0305614 0.900015 263.419 0.0951313 0.99539 0.0121566 -0.208547 -0.895495 0.0909051 -0.435689 -36.4019 
-0.438989 0.0319514 0.897924 265.55 0.0964179 0.995272 0.0117227 -0.1974 -0.893304 0.0917221 -0.439994 -37.3294 
-0.442225 0.0341674 0.896253 267.683 0.0988242 0.995046 0.0108276 -0.197415 -0.891443 0.0933597 -0.443411 -38.3496 
-0.444723 0.0350421 0.894982 269.812 0.100205 0.994908 0.010838 -0.195328 -0.890045 0.0945019 -0.44597 -39.3658 
-0.447329 0.0371531 0.893598 271.957 0.10174 0.994765 0.00957085 -0.189416 -0.888564 0.0951958 -0.448767 -40.4052 
-0.45016 0.039769 0.892062 274.025 0.103535 0.994594 0.00790681 -0.181775 -0.886925 0.0959193 -0.451844 -41.3667 
-0.453076 0.0404495 0.890554 276.135 0.105006 0.994437 0.00825473 -0.204196 -0.885266 0.0972538 -0.454803 -42.3697 
-0.456069 0.0412844 0.888986 278.318 0.104994 0.994443 0.00768242 -0.202538 -0.883729 0.0968421 -0.457869 -43.4579 
-0.459656 0.0413037 0.887136 280.551 0.104104 0.994537 0.00763576 -0.204 -0.881974 0.0958643 -0.461445 -44.5633 
-0.46304 0.0427271 0.885307 282.714 0.104986 0.99445 0.00691605 -0.208647 -0.880098 0.0961476 -0.464955 -45.6557 
-0.466168 0.0432949 0.883636 284.871 0.104453 0.994509 0.00637754 -0.207909 -0.878508 0.0952715 -0.468131 -46.7624 
-0.468729 0.0430955 0.88229 287.027 0.102821 0.994681 0.00603957 -0.21467 -0.877337 0.0935485 -0.470667 -47.8664 
-0.471209 0.0435493 0.880946 289.199 0.104584 0.994493 0.00677859 -0.22587 -0.875799 0.0953274 -0.473169 -48.9747 
-0.473957 0.0436639 0.879465 291.339 0.106342 0.994298 0.0079442 -0.242652 -0.874103 0.0972895 -0.475897 -50.0326 
-0.476188 0.0440504 0.87824 293.461 0.107673 0.99415 0.0085169 -0.249812 -0.872727 0.0986185 -0.478145 -51.1321 
-0.478658 0.043698 0.876913 295.617 0.107843 0.994124 0.00932682 -0.268696 -0.871353 0.0990337 -0.480558 -52.2041 
-0.481302 0.0433954 0.87548 297.863 0.1086 0.994031 0.0104323 -0.289712 -0.869801 0.100099 -0.483142 -53.3424 
-0.483896 0.0438751 0.874025 300.027 0.110527 0.993809 0.0113039 -0.292027 -0.868118 0.102073 -0.485749 -54.4863 
-0.485922 0.0440019 0.872894 302.221 0.11101 0.99375 0.0117026 -0.275465 -0.866924 0.102586 -0.48777 -55.6637 
-0.48768 0.045073 0.871858 304.501 0.110606 0.993809 0.0104907 -0.264391 -0.865988 0.101549 -0.489646 -56.8825 
-0.490013 0.0477171 0.870408 306.733 0.110566 0.993838 0.00776159 -0.25522 -0.864675 0.100041 -0.49227 -58.1087 
-0.49343 0.0472328 0.868502 308.891 0.109196 0.993988 0.00798145 -0.259142 -0.862904 0.0987757 -0.495621 -59.2768 
-0.497814 0.0452069 0.866105 311.104 0.106672 0.99425 0.00941672 -0.256337 -0.860699 0.097077 -0.499773 -60.4952 
-0.502536 0.0429074 0.863491 313.391 0.104634 0.994444 0.0114805 -0.251804 -0.858201 0.0961199 -0.504234 -61.7812 
-0.506959 0.0419511 0.860949 315.667 0.103846 0.994512 0.0126895 -0.239254 -0.855692 0.0958395 -0.508533 -63.0792 
-0.511447 0.0418281 0.858296 317.949 0.103746 0.994514 0.013354 -0.228308 -0.853029 0.0958744 -0.51298 -64.3782 
-0.515384 0.0430366 0.855878 320.249 0.105908 0.99428 0.0137787 -0.216899 -0.85039 0.0977458 -0.516994 -65.7364 
-0.519307 0.0440027 0.853454 322.533 0.10707 0.994154 0.0138928 -0.199727 -0.847854 0.0985944 -0.520982 -67.0907 
-0.522904 0.0440897 0.85125 324.791 0.108011 0.994038 0.0148634 -0.182813 -0.84552 0.0997165 -0.524549 -68.438 
-0.526687 0.0424717 0.848998 327.044 0.107571 0.994052 0.0170047 -0.173968 -0.843226 0.100284 -0.528123 -69.7937 
-0.530708 0.0408642 0.846569 329.305 0.106044 0.994189 0.0184882 -0.159143 -0.840894 0.0995853 -0.531958 -71.1641 
-0.534434 0.0406002 0.844234 331.57 0.104676 0.994335 0.0184451 -0.133921 -0.838703 0.0982286 -0.535656 -72.5471 
-0.538575 0.0404723 0.841605 333.825 0.104819 0.994305 0.0192622 -0.117435 -0.836032 0.0985905 -0.53975 -73.9351 
-0.54244 0.0400815 0.839138 336.057 0.105234 0.994235 0.0205364 -0.0975656 -0.833478 0.099446 -0.543531 -75.3376 
-0.546532 0.039403 0.836511 338.218 0.10533 0.994194 0.0219866 -0.0827696 -0.830788 0.100126 -0.547509 -76.7244 
-0.550336 0.0380783 0.834075 340.461 0.103405 0.994377 0.0228317 -0.0578426 -0.828515 0.0988129 -0.551179 -78.1487 
-0.553649 0.0371466 0.831921 342.668 0.102453 0.994454 0.023779 -0.0266175 -0.826424 0.0983979 -0.554384 -79.582 
-0.556139 0.0365543 0.830285 344.869 0.10256 0.994415 0.0249161 0.00676709 -0.824736 0.0990107 -0.556782 -81.0257 
-0.558878 0.0358435 0.828475 347.054 0.100256 0.994658 0.0245978 0.04182 -0.823167 0.0968065 -0.559486 -82.4659 
-0.561591 0.0350702 0.826671 349.27 0.0970272 0.994999 0.0237032 0.0723468 -0.821706 0.0935211 -0.562186 -83.9184 
-0.564728 0.0348416 0.824541 351.425 0.0942229 0.995297 0.0224762 0.107974 -0.81988 0.0903836 -0.565356 -85.3481 
-0.567416 0.0322338 0.8228 353.634 0.091654 0.995497 0.0242067 0.146808 -0.818314 0.0891483 -0.567815 -86.8054 
-0.571067 0.0317719 0.820288 355.819 0.0923938 0.995389 0.0257686 0.187563 -0.815687 0.0905051 -0.57137 -88.2666 
-0.573842 0.0319397 0.818343 358.016 0.0920034 0.995428 0.0256637 0.219994 -0.813782 0.0900172 -0.574157 -89.7647 
-0.576958 0.0308581 0.816191 360.16 0.0898497 0.995619 0.0258721 0.254382 -0.811817 0.0882616 -0.577203 -91.2448 
-0.579873 0.0274084 0.814245 362.36 0.0878497 0.99571 0.0290463 0.294104 -0.809956 0.0883745 -0.579794 -92.7578 
-0.58266 0.0248868 0.812335 364.581 0.0851265 0.995902 0.0305477 0.339032 -0.808245 0.0869501 -0.582391 -94.3008 
-0.585738 0.0239935 0.810145 366.764 0.0834863 0.996031 0.0308621 0.39181 -0.806189 0.0857131 -0.585416 -95.8268 
-0.588437 0.024375 0.808176 368.905 0.0832429 0.99606 0.0305678 0.438644 -0.804247 0.0852621 -0.588148 -97.3501 
-0.59107 0.0235673 0.806276 371.105 0.0826642 0.99608 0.0314848 0.487675 -0.802373 0.0852599 -0.590702 -98.9057 
-0.593755 0.0232135 0.804311 373.305 0.082361 0.996087 0.0320516 0.543319 -0.80042 0.0852747 -0.593344 -100.47 
-0.596323 0.0218286 0.802447 375.499 0.0792664 0.996346 0.0318022 0.593438 -0.798821 0.0825715 -0.595875 -102.044 
-0.598621 0.0182228 0.800825 377.608 0.0690372 0.997195 0.0289144 0.630559 -0.798052 0.0725955 -0.5982 -103.613 
-0.601799 0.0214766 0.798359 379.789 0.061729 0.997899 0.0196866 0.67012 -0.796259 0.0611293 -0.60186 -105.207 
-0.604047 0.0315388 0.796324 381.926 0.0720105 0.997289 0.015125 0.693702 -0.793689 0.06648 -0.60468 -106.796 
-0.604816 0.0329295 0.795684 384.071 0.0797737 0.996624 0.0193922 0.729053 -0.792359 0.0752034 -0.605401 -108.389 
-0.606749 0.0234356 0.794548 386.237 0.0785945 0.996436 0.0306275 0.775742 -0.790998 0.0810303 -0.606429 -110.016 
-0.609672 0.0134272 0.79254 388.494 0.0730919 0.996549 0.0393433 0.868611 -0.789277 0.0819148 -0.608549 -111.667 
-0.612927 0.00791616 0.7901 390.606 0.067255 0.996843 0.042186 0.953316 -0.787272 0.0789951 -0.611525 -113.238 
-0.615786 0.00713607 0.787881 392.752 0.0659845 0.996913 0.0425423 1.02886 -0.785146 0.0781849 -0.614356 -114.844 
-0.618263 0.0120796 0.785878 394.84 0.0712412 0.996627 0.0407275 1.08515 -0.782736 0.0811673 -0.617039 -116.43 
-0.620395 0.0186299 0.784068 396.95 0.0759243 0.996449 0.036399 1.12847 -0.780606 0.0821116 -0.619606 -118.041 
-0.622891 0.0214205 0.782015 399.093 0.0766646 0.996485 0.0337697 1.20153 -0.778543 0.0809877 -0.622344 -119.701 
-0.625959 0.0217978 0.779551 401.191 0.0770987 0.996442 0.0340456 1.24907 -0.776036 0.0814136 -0.625412 -121.33 
-0.628782 0.0208191 0.777303 403.302 0.0773469 0.996358 0.0358818 1.30355 -0.773725 0.0826838 -0.628102 -122.98 
-0.630144 0.0203962 0.77621 405.601 0.0783106 0.996227 0.0373967 1.39391 -0.772519 0.0843508 -0.629364 -124.881 
-0.631835 0.0209375 0.77482 407.75 0.0790142 0.996167 0.037514 1.47455 -0.771065 0.0849245 -0.631068 -126.587 
-0.633283 0.021107 0.773632 410.054 0.0792313 0.996144 0.0376796 1.53511 -0.769854 0.0851578 -0.632513 -128.424 
-0.635066 0.0215 0.772158 412.185 0.0793914 0.996136 0.0375595 1.61245 -0.768367 0.0851555 -0.634319 -130.119 
-0.6369 0.020753 0.770667 414.112 0.0806637 0.995945 0.0398432 1.65898 -0.766715 0.087541 -0.635991 -131.646 
-0.637571 0.0198941 0.770134 416.184 0.082831 0.995642 0.0428539 1.70371 -0.765925 0.0911135 -0.636441 -133.325 
-0.638512 0.0195134 0.769365 418.337 0.0841404 0.995456 0.0445821 1.80329 -0.764999 0.0932009 -0.637252 -135.083 
-0.639333 0.0188893 0.768698 420.499 0.0855037 0.995245 0.0466579 1.89537 -0.764161 0.0955564 -0.637908 -136.878 
-0.640595 0.0188635 0.767647 422.281 0.0815269 0.995718 0.0435656 1.92347 -0.763538 0.0904918 -0.63939 -138.333 
-0.641708 0.0179099 0.766739 424.192 0.0781714 0.996048 0.0421578 1.99303 -0.762954 0.0869901 -0.640573 -139.909 
-0.642899 0.016864 0.765765 426.274 0.0773049 0.996081 0.0429652 2.05976 -0.76204 0.0868197 -0.641683 -141.587 
-0.64379 0.0152175 0.76505 428.356 0.0745289 0.996296 0.0428989 2.1446 -0.761564 0.0846363 -0.64254 -143.284 
-0.644627 0.0144783 0.76436 430.415 0.0720866 0.996517 0.0419188 2.22053 -0.761091 0.0821221 -0.643425 -144.977 
-0.64559 0.013966 0.763556 432.472 0.0710694 0.996593 0.041861 2.30041 -0.76037 0.0812905 -0.644383 -146.66 
-0.64586 0.0127563 0.763349 434.531 0.0718645 0.996437 0.0441521 2.38 -0.760066 0.0833738 -0.644475 -148.357 
-0.645814 0.0108238 0.763418 436.6 0.0733574 0.996153 0.0479332 2.46749 -0.759962 0.0869583 -0.644124 -150.061 
-0.643958 0.00968613 0.765 438.686 0.0781664 0.99552 0.0531936 2.57362 -0.761057 0.0940517 -0.64183 -151.797 
-0.642292 0.00885484 0.766409 440.72 0.0821791 0.994965 0.057375 2.68698 -0.762042 0.0998343 -0.639786 -153.49 
-0.640646 0.0066227 0.767808 442.772 0.0764129 0.995549 0.0551704 2.80269 -0.764025 0.0940152 -0.6383 -155.154 
-0.639506 0.0061335 0.768761 444.842 0.0691197 0.996377 0.0495488 2.91137 -0.765672 0.0848233 -0.637614 -156.828 
-0.637715 0.00397289 0.770262 446.919 0.0642127 0.99678 0.0480217 3.00456 -0.767591 0.0800848 -0.635917 -158.491 
-0.634868 0.0037105 0.772611 448.965 0.0624124 0.996967 0.0464973 3.09684 -0.770095 0.0777402 -0.633174 -160.135 
-0.631816 0.0040617 0.775108 451.039 0.0641145 0.996833 0.0470381 3.18375 -0.772462 0.0794151 -0.630075 -161.798 
-0.628433 0.00399156 0.777853 453.127 0.0646353 0.996797 0.0471042 3.28131 -0.775173 0.0798786 -0.626678 -163.478 
-0.626276 0.00459 0.779588 455.22 0.0616747 0.99714 0.0436749 3.36353 -0.777158 0.0754334 -0.624768 -165.101 
-0.625014 0.000204831 0.780613 457.323 0.0551513 0.997513 0.0438963 3.44287 -0.778663 0.0704877 -0.623471 -166.73 
-0.62372 -0.0058106 0.781626 459.448 0.0463286 0.997939 0.0443878 3.53119 -0.780274 0.0638972 -0.622165 -168.388 
-0.623376 -0.00899808 0.78187 461.57 0.0394989 0.998295 0.0429808 3.61228 -0.780924 0.0576762 -0.621958 -170.017 
-0.622204 -0.00948558 0.782797 463.68 0.0378174 0.998395 0.0421571 3.69277 -0.781941 0.0558337 -0.620847 -171.656 
-0.62095 -0.00967648 0.78379 465.77 0.0395276 0.998265 0.0436396 3.76553 -0.782853 0.0580794 -0.61949 -173.259 
-0.619844 -0.0111786 0.784645 467.906 0.0409406 0.998076 0.046561 3.84455 -0.783656 0.0609844 -0.618194 -174.894 
-0.617848 -0.0134832 0.786182 469.963 0.0394488 0.998062 0.0481191 3.93035 -0.785307 0.0607442 -0.616119 -176.482 
-0.617064 -0.0137719 0.786792 472.066 0.0370288 0.998231 0.0465137 4.02211 -0.786041 0.0578359 -0.615462 -178.075 
-0.61595 -0.0126129 0.787684 474.164 0.0360079 0.998376 0.0441439 4.10946 -0.786962 0.0555533 -0.614496 -179.652 
-0.614675 -0.0112601 0.7887 476.249 0.0368676 0.998395 0.0429866 4.18837 -0.787918 0.0555003 -0.613273 -181.234 
-0.613249 -0.0107049 0.789817 478.357 0.0391761 0.998265 0.0439481 4.26412 -0.788917 0.0578931 -0.611766 -182.799 
-0.611049 -0.0105886 0.791522 480.48 0.0411994 0.99813 0.0451581 4.35413 -0.79052 0.0602041 -0.60947 -184.432 
-0.610094 -0.0106367 0.792257 482.599 0.0415975 0.998101 0.0454332 4.4393 -0.791236 0.0606745 -0.608493 -186.017 
-0.608325 -0.011632 0.793602 484.722 0.0409896 0.998098 0.0460493 4.52307 -0.792629 0.0605425 -0.606691 -187.627 
-0.607565 -0.0123042 0.794175 486.8 0.0408347 0.998074 0.0467028 4.61855 -0.793219 0.0608049 -0.605892 -189.163 
-0.605912 -0.0131311 0.795424 488.93 0.040673 0.998045 0.0474585 4.71302 -0.794492 0.0611079 -0.604193 -190.769 
-0.605471 -0.012688 0.795766 491.013 0.0395251 0.99816 0.0459883 4.78939 -0.794886 0.0592973 -0.603855 -192.275 
-0.604554 -0.0110142 0.796488 493.187 0.0403614 0.998196 0.0444387 4.88327 -0.795541 0.059013 -0.603019 -193.908 
-0.603889 -0.0113325 0.796988 495.321 0.0410444 0.99813 0.0452925 4.96459 -0.796011 0.0600636 -0.602295 -195.467 
-0.603769 -0.0128536 0.797056 497.399 0.0398945 0.99813 0.0463161 5.04495 -0.796161 0.0597624 -0.602127 -196.936 
-0.603902 -0.0142116 0.796932 499.561 0.0385204 0.998152 0.04699 5.1355 -0.796127 0.0590755 -0.602239 -198.519 
-0.603962 -0.014524 0.796881 501.574 0.0381431 0.998162 0.0471014 5.23201 -0.7961 0.058843 -0.602298 -200.027 
-0.603754 -0.0136235 0.797054 503.678 0.0390919 0.998145 0.0466719 5.31865 -0.796212 0.0593368 -0.602101 -201.59 
-0.60354 -0.0130634 0.797225 505.779 0.0397184 0.998132 0.0464242 5.40466 -0.796343 0.0596834 -0.601894 -203.143 
-0.602888 -0.0146062 0.797692 507.429 0.0394096 0.998067 0.0480605 5.46666 -0.796852 0.0604119 -0.601146 -204.546 
-0.602668 -0.0165115 0.797821 509.534 0.0382824 0.998036 0.0495734 5.56492 -0.797073 0.0604188 -0.600853 -206.105 
-0.601782 -0.0168515 0.798482 511.506 0.0378474 0.998052 0.0495872 5.64471 -0.797763 0.0600612 -0.599972 -207.628 
-0.601652 -0.0173352 0.79857 513.591 0.0365119 0.998122 0.0491756 5.73741 -0.797923 0.0587439 -0.59989 -209.182 
-0.601318 -0.0164981 0.798839 515.619 0.0371 0.998132 0.0485406 5.82061 -0.798148 0.0588253 -0.599582 -210.691 
-0.601008 -0.0160916 0.799081 517.73 0.0378075 0.998106 0.0485354 5.90437 -0.798348 0.0593814 -0.599261 -212.231 
-0.600032 -0.0166589 0.799802 519.806 0.0374688 0.998101 0.0488991 6.00305 -0.799098 0.0593087 -0.598268 -213.772 
-0.599033 -0.0163271 0.800558 521.841 0.0371023 0.998152 0.0481194 6.09229 -0.799864 0.0585276 -0.59732 -215.327 
-0.598459 -0.0160658 0.800992 523.735 0.0367529 0.998196 0.0474809 6.17588 -0.80031 0.0578541 -0.596788 -216.778 
-0.598655 -0.016763 0.800831 525.868 0.0366641 0.99816 0.0483013 6.26968 -0.800167 0.0582776 -0.596939 -218.302 
-0.598724 -0.0180915 0.800751 528.018 0.036142 0.998116 0.049574 6.36389 -0.80014 0.058622 -0.596942 -219.839 
-0.598121 -0.0194243 0.801171 530.143 0.0362098 0.99803 0.0512298 6.45816 -0.800588 0.0596518 -0.596239 -221.392 
-0.59813 -0.0186735 0.801181 532.301 0.0364417 0.998061 0.0504681 6.55503 -0.80057 0.0593829 -0.596289 -222.938 
-0.597078 -0.0172857 0.801996 534.179 0.0379941 0.998036 0.0497972 6.64454 -0.801283 0.060204 -0.595249 -224.422 
-0.594593 -0.014708 0.803892 535.587 0.0413084 0.997953 0.0488119 6.71879 -0.802965 0.0622308 -0.592769 -225.8 
-0.592094 -0.0121365 0.805777 537 0.0446194 0.997859 0.0478163 6.79199 -0.804633 0.0642651 -0.590285 -227.173 
-0.591653 -0.0126014 0.806094 538.93 0.0438923 0.997891 0.0478155 6.87484 -0.804997 0.0636715 -0.589852 -228.635 
-0.591519 -0.0120327 0.806201 541.099 0.0439586 0.99792 0.047147 6.96339 -0.805092 0.0633278 -0.58976 -230.192 
-0.591881 -0.0135956 0.80591 543.225 0.0433203 0.997876 0.0486495 7.04621 -0.80486 0.063707 -0.590035 -231.696 
-0.591819 -0.0152361 0.805927 545.403 0.0427219 0.997823 0.050236 7.14813 -0.804938 0.0641614 -0.58988 -233.262 
-0.591868 -0.0163826 0.805868 547.464 0.0416575 0.997835 0.0508803 7.24713 -0.804957 0.0636849 -0.589905 -234.741 
-0.592508 -0.0149127 0.805426 549.632 0.0412275 0.997957 0.0488063 7.34306 -0.804508 0.0621239 -0.590683 -236.291 
-0.592843 -0.012799 0.805217 551.703 0.0411037 0.998089 0.0461274 7.42927 -0.804269 0.0604437 -0.591184 -237.755 
-0.592419 -0.0122652 0.805536 553.733 0.0416087 0.998084 0.0457973 7.51169 -0.804555 0.0606486 -0.590774 -239.245 
-0.591882 -0.0141501 0.8059 555.818 0.0422734 0.997925 0.0485687 7.59622 -0.804915 0.0628151 -0.590056 -240.783 
-0.591998 -0.0154854 0.805791 557.988 0.0429069 0.997792 0.0506979 7.68541 -0.804797 0.064587 -0.590026 -242.332 
-0.59172 -0.0145948 0.806011 560.146 0.043492 0.997802 0.0499966 7.78963 -0.804969 0.0646391 -0.589785 -243.891 
-0.591636 -0.0139994 0.806084 562.323 0.0438068 0.997814 0.0494817 7.88679 -0.805014 0.0645871 -0.589729 -245.428 
-0.59144 -0.0129905 0.806245 564.415 0.0446699 0.997807 0.0488457 7.97799 -0.805111 0.0649042 -0.589562 -246.905 
-0.590772 -0.0127324 0.806738 566.574 0.0462868 0.997694 0.0496418 8.07662 -0.80551 0.0666683 -0.58882 -248.47 
-0.590552 -0.0136919 0.806884 568.752 0.0468465 0.997588 0.0512145 8.16917 -0.805639 0.0680445 -0.588486 -250.002 
-0.589897 -0.0146811 0.807345 570.979 0.0461919 0.997584 0.0518912 8.28139 -0.806156 0.0679033 -0.587794 -251.611 
-0.590002 -0.0142914 0.807275 573.154 0.0466871 0.997566 0.0517816 8.38363 -0.806051 0.0682406 -0.587899 -253.15 
-0.589823 -0.0137259 0.807416 575.308 0.0479994 0.997492 0.052021 8.48352 -0.806105 0.0694387 -0.587685 -254.677 
-0.589681 -0.0145657 0.807504 577.614 0.0482157 0.997419 0.0532009 8.61011 -0.806195 0.070306 -0.587457 -256.259 
-0.589571 -0.0156718 0.807564 579.841 0.0466818 0.997479 0.0534378 8.73065 -0.806366 0.069204 -0.587353 -257.816 
-0.589556 -0.0170239 0.807548 582.078 0.0450395 0.997529 0.0539102 8.8415 -0.806471 0.0681547 -0.587333 -259.373 
-0.589366 -0.0160726 0.807706 584.285 0.0453631 0.997566 0.0529511 8.95146 -0.806592 0.0678477 -0.587202 -260.916 
-0.589234 -0.0146066 0.80783 586.422 0.046995 0.997524 0.0523147 9.05702 -0.806594 0.0687896 -0.587089 -262.426 
-0.588257 -0.0136673 0.808559 588.551 0.0480131 0.997503 0.0517923 9.15701 -0.807248 0.0692886 -0.586132 -263.941 
-0.587407 -0.0144168 0.809163 590.623 0.0482665 0.997437 0.0528099 9.24082 -0.807851 0.0700764 -0.585206 -265.386 
-0.587196 -0.0154151 0.809298 592.728 0.0485041 0.997352 0.0541898 9.34283 -0.80799 0.0710743 -0.584894 -266.832 
-0.586857 -0.0140942 0.809568 594.867 0.0489902 0.997399 0.0528772 9.44801 -0.808207 0.0706923 -0.58464 -268.331 
-0.586198 -0.0145229 0.810038 597.089 0.0482559 0.997438 0.052804 9.5558 -0.808729 0.0700427 -0.583995 -269.905 
-0.585686 -0.0147126 0.810404 599.35 0.0476092 0.997484 0.0525165 9.67227 -0.809138 0.0693409 -0.583513 -271.455 
-0.584861 -0.0153739 0.810988 601.48 0.0471433 0.997486 0.0529077 9.77318 -0.809762 0.0691763 -0.582666 -272.927 
-0.584713 -0.0158517 0.811085 603.39 0.0466562 0.997497 0.0531294 9.85243 -0.809897 0.0689076 -0.58251 -274.143 
-0.584371 -0.0171451 0.811305 605.561 0.0450413 0.99755 0.0535235 9.95704 -0.810235 0.0678199 -0.582168 -275.656 
-0.583425 -0.0175441 0.811977 607.724 0.0440212 0.997614 0.0531854 10.0659 -0.810973 0.0667739 -0.581261 -277.176 
-0.58209 -0.0179619 0.812926 609.879 0.0431479 0.997665 0.0529395 10.1813 -0.811979 0.0658916 -0.579956 -278.701 
-0.582286 -0.0176394 0.812793 612.049 0.0445237 0.997572 0.0535463 10.2852 -0.811764 0.0673678 -0.580087 -280.202 
-0.581891 -0.0188258 0.813049 614.19 0.0448424 0.997468 0.0551891 10.3976 -0.812029 0.0685731 -0.579574 -281.713 
-0.582256 -0.0199937 0.812759 616.167 0.0439188 0.997464 0.0560006 10.4715 -0.811818 0.0683021 -0.579902 -282.988 
-0.582228 -0.0192713 0.812797 618.332 0.0431488 0.997578 0.054561 10.5824 -0.81188 0.0668382 -0.579986 -284.495 
-0.582434 -0.0194462 0.812645 620.478 0.0406672 0.997765 0.0530227 10.6795 -0.81186 0.0639303 -0.580341 -285.976 
-0.582463 -0.017844 0.812662 622.682 0.041241 0.997823 0.0514684 10.8065 -0.811811 0.0634934 -0.580458 -287.535 
-0.582866 -0.0178267 0.812373 624.812 0.0413303 0.997815 0.0515499 10.9129 -0.811517 0.0636223 -0.580855 -289.007 
-0.582387 -0.0185608 0.8127 626.984 0.0418049 0.997733 0.0527443 11.0179 -0.811836 0.0646924 -0.58029 -290.542 
-0.582153 -0.0193861 0.812848 629.158 0.0421337 0.997653 0.0539692 11.1259 -0.811987 0.0656667 -0.57997 -292.069 
-0.581613 -0.0196695 0.813228 631.328 0.0424805 0.997609 0.0545108 11.2382 -0.812356 0.0662505 -0.579387 -293.58 
-0.581877 -0.0190375 0.813054 633.793 0.0424372 0.997653 0.0537307 11.3819 -0.812169 0.0657684 -0.579704 -295.236 
-0.581679 -0.0183811 0.81321 635.987 0.0425613 0.997687 0.0529943 11.4866 -0.812304 0.065437 -0.579552 -296.758 
-0.582149 -0.0183816 0.812874 637.89 0.0425964 0.997682 0.0530664 11.6216 -0.811966 0.065518 -0.580016 -297.879 
-0.58189 -0.0187948 0.81305 640.077 0.042476 0.997666 0.053462 11.735 -0.812157 0.0656442 -0.579734 -299.384 
-0.581547 -0.0191464 0.813288 642.222 0.0419709 0.997685 0.053499 11.8472 -0.812429 0.0652466 -0.579397 -300.877 
-0.580741 -0.0194668 0.813855 644.353 0.041628 0.997696 0.0535685 11.9458 -0.813023 0.0649886 -0.578593 -302.364 
-0.580856 -0.0183332 0.8138 646.508 0.0418548 0.997751 0.0523514 12.0431 -0.81293 0.0644701 -0.578782 -303.846 
-0.580221 -0.0187198 0.814244 648.688 0.0416321 0.997747 0.0526051 12.1545 -0.813395 0.0644213 -0.578134 -305.354 
-0.578881 -0.0190777 0.815189 650.864 0.0423509 0.997673 0.0534225 12.2622 -0.814311 0.0654493 -0.576726 -306.881 
-0.578351 -0.0190392 0.815566 653.059 0.0427347 0.997648 0.0535947 12.3669 -0.814668 0.0658495 -0.576177 -308.395 
-0.578162 -0.0184673 0.815713 655.143 0.0423948 0.997713 0.0526362 12.4678 -0.81482 0.0650142 -0.576057 -309.827 
-0.578137 -0.0181727 0.815737 657.219 0.0427431 0.997705 0.0525198 12.5416 -0.814819 0.0652308 -0.576034 -311.238 
-0.577358 -0.0182147 0.816288 659.268 0.0435206 0.997643 0.0530434 12.6313 -0.81533 0.0661504 -0.575205 -312.678 
