1 -4.23778e-08 4.22719e-08 0 -4.23778e-08 1 -4.19404e-08 0 4.22719e-08 -4.19404e-08 1 0 
0.999995 -0.00281651 -0.00158285 -0.0149888 0.00282131 0.999991 0.00309231 -0.0231028 0.00157421 -0.00309685 0.999994 1.53338 
0.99999 -0.00337738 -0.00303547 -0.0410091 0.00338933 0.999986 0.00396746 -0.0406705 0.00302211 -0.00397779 0.999987 3.05464 
0.999987 -0.0023831 -0.0045857 -0.0682631 0.00239992 0.99999 0.00368535 -0.0560657 0.00457696 -0.00369639 0.999983 4.56153 
0.999979 -0.00195602 -0.00618242 -0.105718 0.00197757 0.999992 0.00349512 -0.0710102 0.00617562 -0.00350735 0.999975 6.08917 
0.99997 -0.00206831 -0.00745348 -0.143035 0.00209577 0.999991 0.00368858 -0.0831414 0.00744587 -0.00370417 0.999965 7.59029 
0.999954 -0.00236356 -0.00933432 -0.173164 0.00240112 0.999989 0.00402399 -0.100032 0.00932479 -0.00404631 0.999948 9.09487 
0.999926 -0.0042897 -0.0113502 -0.201012 0.0043281 0.999985 0.00336762 -0.119114 0.0113357 -0.00341658 0.99993 10.6017 
0.999902 -0.00554204 -0.0128835 -0.242925 0.00559032 0.999977 0.00372037 -0.136512 0.0128627 -0.00379211 0.99991 12.1159 
0.999884 -0.00523068 -0.0143115 -0.283986 0.00528308 0.999979 0.00363177 -0.150232 0.0142923 -0.00370705 0.999891 13.6203 
0.999866 -0.00486649 -0.0156554 -0.318761 0.00492291 0.999981 0.0035724 -0.16556 0.0156378 -0.00364907 0.999871 15.0973 
0.999857 -0.00358706 -0.0164983 -0.361736 0.00365331 0.999985 0.00399256 -0.179007 0.0164839 -0.00405235 0.999856 16.5929 
0.99985 -0.00189289 -0.0171866 -0.409354 0.00197317 0.999987 0.00466037 -0.19328 0.0171777 -0.00469367 0.999841 18.0798 
0.999839 -0.00116575 -0.0179105 -0.457195 0.00126363 0.999984 0.00545937 -0.208357 0.0179039 -0.00548121 0.999825 19.5815 
0.999825 -0.00160268 -0.0186088 -0.502082 0.00170381 0.999984 0.0054247 -0.224878 0.0185999 -0.00545555 0.999812 21.0376 
0.999812 -0.000979721 -0.0193487 -0.547922 0.00108944 0.999983 0.00566523 -0.24015 0.0193429 -0.00568533 0.999797 22.5198 
0.999809 -0.000521944 -0.0195471 -0.59585 0.000641578 0.999981 0.00611878 -0.250976 0.0195436 -0.00613023 0.99979 23.9925 
0.999807 0.000165188 -0.0196275 -0.642858 -2.11256e-05 0.999973 0.00734407 -0.265349 0.0196283 -0.00734232 0.99978 25.4448 
0.999804 0.000352145 -0.0197784 -0.688706 -0.000233728 0.999982 0.00599345 -0.274782 0.0197802 -0.00598774 0.999786 26.923 
0.999803 0.000785417 -0.0198267 -0.73545 -0.000708658 0.999992 0.00388244 -0.287327 0.0198297 -0.00386771 0.999796 28.3539 
0.99981 -0.000937276 -0.0194694 -0.78428 0.00100752 0.999993 0.00360274 -0.299581 0.0194659 -0.00362175 0.999804 29.7852 
0.999804 -0.00191104 -0.0196862 -0.82258 0.00203416 0.999978 0.00623991 -0.311346 0.019674 -0.00627882 0.999787 31.2239 
0.999796 -0.00345706 -0.0199115 -0.862024 0.00360593 0.999966 0.00744947 -0.323111 0.0198852 -0.00751983 0.999774 32.6533 
0.999795 -0.00408771 -0.0198153 -0.906334 0.00422368 0.999968 0.00682909 -0.334408 0.0197868 -0.00691147 0.99978 34.0629 
0.9998 -0.00387867 -0.0195981 -0.95102 0.00397713 0.99998 0.00499167 -0.348709 0.0195784 -0.00506871 0.999795 35.4498 
0.999811 -0.00278752 -0.0192438 -0.995941 0.00286457 0.999988 0.00398196 -0.359714 0.0192325 -0.00403642 0.999807 36.8351 
0.999828 -0.0020015 -0.0184586 -1.04107 0.00205911 0.999993 0.00310726 -0.377671 0.0184523 -0.00314481 0.999825 38.1938 
0.999852 -0.00144525 -0.0171483 -1.08837 0.00151715 0.99999 0.00418564 -0.396589 0.0171422 -0.00421113 0.999844 39.5373 
0.999875 -0.000852276 -0.0157993 -1.12786 0.000949333 0.999981 0.0061419 -0.410766 0.0157939 -0.00615621 0.999856 40.872 
0.999895 -0.00134521 -0.0144175 -1.16073 0.00144772 0.999974 0.00710785 -0.425919 0.0144076 -0.00712806 0.999871 42.1817 
0.999924 -0.000829019 -0.0123277 -1.19178 0.000923256 0.99997 0.00764743 -0.437475 0.0123211 -0.00765831 0.999895 43.4814 
0.999957 -0.00127177 -0.00914471 -1.21752 0.0013363 0.999974 0.00706381 -0.453263 0.00913558 -0.00707581 0.999933 44.758 
0.999982 -0.00192228 -0.00566424 -1.23825 0.00195201 0.999984 0.00526339 -0.464969 0.00565412 -0.00527444 0.99997 46.0218 
0.999995 -0.00224619 -0.00239259 -1.25859 0.00225461 0.999991 0.00356173 -0.482184 0.00238465 -0.00356719 0.999991 47.2572 
0.999996 -0.00202627 0.00170513 -1.27318 0.00201897 0.999989 0.00422655 -0.498329 -0.00171359 -0.00422317 0.99999 48.488 
0.999973 -0.00166048 0.00709939 -1.28421 0.00163147 0.99999 0.00407835 -0.514275 -0.00710601 -0.00406674 0.999966 49.6924 
0.999911 3.76442e-06 0.0133673 -1.28614 -4.60889e-05 0.999995 0.00315958 -0.528728 -0.0133672 -0.00316 0.999906 50.9024 
0.999785 0.00137258 0.0206696 -1.28053 -0.00143839 0.999994 0.00316527 -0.544054 -0.020665 -0.0031944 0.999781 52.1051 
0.999578 0.0024709 0.0289574 -1.26445 -0.00258897 0.999988 0.00403774 -0.557259 -0.028947 -0.00411109 0.999572 53.2943 
0.999222 0.00473205 0.0391517 -1.23377 -0.00492119 0.999977 0.00473372 -0.571671 -0.0391283 -0.00492279 0.999222 54.4982 
0.998619 0.00724497 0.0520355 -1.19075 -0.00749352 0.999961 0.00458131 -0.584288 -0.0520002 -0.00496499 0.998635 55.667 
0.997716 0.00930094 0.0669031 -1.13737 -0.00966791 0.99994 0.0051621 -0.598075 -0.066851 -0.0057972 0.997746 56.8232 
0.99649 0.0114824 0.0829249 -1.06035 -0.012057 0.999907 0.00643065 -0.610691 -0.0828433 -0.00740799 0.996535 57.9615 
0.994865 0.0115382 0.100553 -0.964015 -0.0123209 0.999898 0.00716607 -0.622404 -0.10046 -0.00836826 0.994906 59.08 
0.992783 0.010879 0.119425 -0.8454 -0.0117166 0.999911 0.00631307 -0.633553 -0.119346 -0.00766685 0.992823 60.1818 
0.990164 0.00998816 0.139557 -0.707802 -0.01084 0.999927 0.00534436 -0.644093 -0.139493 -0.00680466 0.9902 61.2703 
0.987009 0.0070305 0.160511 -0.547039 -0.00796539 0.999955 0.00518119 -0.654032 -0.160467 -0.00639249 0.98702 62.3379 
0.98331 0.00192204 0.18193 -0.360249 -0.00331512 0.999967 0.00735291 -0.665188 -0.18191 -0.00783338 0.983284 63.3931 
0.978757 -0.0035677 0.204991 -0.146461 0.00176822 0.999958 0.00896039 -0.677355 -0.205014 -0.00840765 0.978723 64.4423 
0.973471 -0.00882878 0.228641 0.0889432 0.00704954 0.999938 0.00859696 -0.688549 -0.228702 -0.00675715 0.973473 65.4605 
0.967192 -0.014985 0.253605 0.348668 0.0136594 0.999882 0.00698694 -0.697729 -0.253679 -0.00329371 0.967283 66.4593 
0.959882 -0.0186327 0.279784 0.629681 0.0171837 0.999823 0.00763055 -0.705186 -0.279877 -0.00251677 0.960033 67.4356 
0.951478 -0.0211292 0.30699 0.930728 0.0189434 0.999769 0.0100979 -0.713374 -0.307132 -0.0037926 0.951659 68.3966 
0.942004 -0.0255884 0.334626 1.26334 0.022512 0.999661 0.013069 -0.718537 -0.334847 -0.00477798 0.94226 69.3468 
0.931264 -0.028684 0.363215 1.61925 0.0257638 0.999585 0.0128826 -0.724897 -0.363434 -0.00263941 0.931616 70.2721 
0.91939 -0.0279388 0.392355 1.99352 0.0265317 0.999607 0.00900905 -0.729764 -0.392452 0.00212694 0.91977 71.1718 
0.906516 -0.0289634 0.421176 2.39648 0.0302698 0.999535 0.0035846 -0.733324 -0.421084 0.00949936 0.906972 72.0472 
0.892548 -0.0309124 0.449892 2.82462 0.033954 0.999422 0.00130889 -0.741163 -0.449673 0.0141073 0.893082 72.8995 
0.877089 -0.0313745 0.479302 3.27765 0.0332125 0.999437 0.00464528 -0.749107 -0.479179 0.0118444 0.877637 73.7441 
0.859613 -0.0301963 0.510053 3.75428 0.0289891 0.999526 0.0103175 -0.757613 -0.510123 0.00591686 0.860081 74.5736 
0.840221 -0.0302644 0.541399 4.25758 0.0268719 0.999538 0.0141706 -0.766424 -0.541578 0.00264191 0.840646 75.374 
0.819305 -0.0240556 0.572853 4.78269 0.0228848 0.999695 0.00924927 -0.769709 -0.572901 0.00553161 0.819606 76.1493 
0.797511 -0.0170654 0.603063 5.33352 0.0198062 0.999802 0.00209966 -0.771443 -0.602979 0.0102698 0.797691 76.8988 
0.775256 -0.0147612 0.631475 5.9088 0.0188503 0.999822 0.000229043 -0.778192 -0.631366 0.0117259 0.775396 77.6175 
0.752084 -0.0171651 0.658844 6.51719 0.0197949 0.999798 0.00345168 -0.788137 -0.65877 0.0104457 0.752272 78.3199 
0.727733 -0.0173772 0.68564 7.14127 0.0199391 0.999792 0.00417589 -0.800953 -0.68557 0.0106321 0.727929 78.9927 
0.702763 -0.0155293 0.711255 7.78236 0.0206397 0.999786 0.00143551 -0.81086 -0.711125 0.0136712 0.702933 79.6306 
0.676698 -0.0130095 0.736146 8.43778 0.0205897 0.999787 -0.00125839 -0.816718 -0.735973 0.0160085 0.676822 80.242 
0.64992 -0.0105707 0.759929 9.11881 0.0187636 0.999822 -0.00213989 -0.82735 -0.759771 0.0156497 0.650002 80.8384 
0.62226 -0.00919545 0.782757 9.82234 0.0188299 0.999817 -0.00322373 -0.84136 -0.782584 0.0167452 0.62232 81.4033 
0.593714 -0.00270311 0.804672 10.5411 0.0172586 0.999807 -0.00937544 -0.859268 -0.804491 0.0194538 0.593646 81.944 
0.563856 0.00654654 0.825847 11.2821 0.0161882 0.999689 -0.0189774 -0.87645 -0.825714 0.0240695 0.563575 82.4624 
0.533148 0.0147932 0.845893 12.0459 0.0150754 0.999522 -0.0269817 -0.901224 -0.845888 0.0271374 0.53267 82.9542 
0.501425 0.019789 0.864975 12.8368 0.0126282 0.999464 -0.0301866 -0.927401 -0.865109 0.0260594 0.500906 83.4273 
0.469094 0.0195154 0.882932 13.6531 0.0105251 0.999561 -0.0276852 -0.95861 -0.883085 0.0222799 0.468683 83.8743 
0.435787 0.0184199 0.899861 14.4839 0.00569604 0.999714 -0.0232224 -0.990834 -0.900032 0.0152457 0.435558 84.2966 
0.401544 0.0198065 0.915626 15.3341 0.00149926 0.99975 -0.0222838 -1.02109 -0.915839 0.0103207 0.401414 84.6859 
0.366491 0.0229115 0.930139 16.1985 -0.00555502 0.999733 -0.0224371 -1.04994 -0.930405 0.00305605 0.366521 85.0461 
0.330893 0.0248315 0.943341 17.0817 -0.0104633 0.999689 -0.0226447 -1.07859 -0.94361 -0.00237755 0.33105 85.3752 
0.29485 0.0243388 0.955233 17.9838 -0.0131228 0.999684 -0.0214209 -1.10559 -0.955453 -0.00621935 0.295077 85.6711 
0.258771 0.0237694 0.965646 18.9001 -0.0138321 0.999686 -0.0209007 -1.13627 -0.96584 -0.0079484 0.259018 85.9281 
0.222828 0.0232495 0.97458 19.8306 -0.0133168 0.999695 -0.0208039 -1.16544 -0.974767 -0.00834256 0.22307 86.151 
0.187692 0.0220717 0.98198 20.7747 -0.0108752 0.999733 -0.0203921 -1.18898 -0.982168 -0.00685181 0.187882 86.335 
0.153313 0.0209985 0.987954 21.7269 -0.00283955 0.999779 -0.0208092 -1.21871 -0.988173 0.000384981 0.153339 86.4816 
0.119731 0.024461 0.992505 22.6896 -0.000620293 0.999698 -0.0245635 -1.24964 -0.992806 0.00232536 0.11971 86.5993 
0.0869107 0.0293733 0.995783 23.6526 0.000229423 0.999565 -0.029505 -1.28302 -0.996216 0.00279275 0.0868661 86.6928 
0.0578468 0.0330929 0.997777 24.6147 0.00696841 0.999413 -0.0335512 -1.31859 -0.998301 0.00889375 0.0575822 86.7492 
0.0325376 0.0312794 0.998981 25.5907 0.00870144 0.999463 -0.031578 -1.35623 -0.999433 0.00972004 0.032248 86.7836 
0.0100736 0.0282925 0.999549 26.5756 0.0103967 0.999543 -0.0283972 -1.3943 -0.999895 0.010678 0.00977484 86.8031 
-0.00874814 0.0256402 0.999633 27.5656 0.0106875 0.999616 -0.0255463 -1.4324 -0.999905 0.0104601 -0.00901882 86.8025 
-0.0253177 0.0287528 0.999266 28.5527 0.0124956 0.999517 -0.0284436 -1.46758 -0.999601 0.0117663 -0.0256648 86.7841 
-0.0398337 0.0332959 0.998651 29.5413 0.0153618 0.999347 -0.0327064 -1.50243 -0.999088 0.0140383 -0.0403192 86.7487 
-0.0520271 0.0383624 0.997908 30.5298 0.0196777 0.999107 -0.0373826 -1.54267 -0.998452 0.0176917 -0.0527355 86.7043 
-0.060809 0.0416956 0.997278 31.5265 0.0246782 0.998884 -0.0402581 -1.58812 -0.997844 0.022163 -0.0617701 86.6458 
-0.0665847 0.0471334 0.996667 32.5297 0.0287247 0.99856 -0.045304 -1.63614 -0.997367 0.0256124 -0.0678427 86.5778 
-0.070158 0.0519692 0.996181 33.5305 0.0304906 0.998287 -0.0499318 -1.68816 -0.99707 0.026871 -0.0716224 86.5135 
-0.072808 0.0557994 0.995784 34.5358 0.0326377 0.998032 -0.0535391 -1.74906 -0.996812 0.028602 -0.0744859 86.444 
-0.0754045 0.0587593 0.99542 35.544 0.0330798 0.99786 -0.0563975 -1.81135 -0.996604 0.0286757 -0.0771869 86.3733 
-0.0777037 0.0620712 0.995042 36.5527 0.034056 0.997643 -0.059574 -1.88074 -0.996395 0.029258 -0.0796345 86.2997 
-0.0796313 0.0657493 0.994654 37.5683 0.0353723 0.99738 -0.0630978 -1.94745 -0.996197 0.0301586 -0.0817484 86.2294 
-0.0817494 0.0672062 0.994384 38.5827 0.0379684 0.99721 -0.0642758 -2.01804 -0.995929 0.0325007 -0.084073 86.1489 
-0.0837821 0.0659129 0.994302 39.6012 0.0380599 0.997294 -0.0629043 -2.09151 -0.995757 0.0325728 -0.086064 86.0718 
-0.0857827 0.065657 0.994148 40.6265 0.0374195 0.997334 -0.0626387 -2.16356 -0.995611 0.0318272 -0.0880108 85.9892 
-0.0877903 0.0671279 0.993875 41.6579 0.037451 0.997244 -0.0640475 -2.23272 -0.995435 0.0315989 -0.0900623 85.9032 
-0.0900292 0.0693956 0.993518 42.6835 0.0365786 0.997127 -0.0663331 -2.30624 -0.995267 0.0303696 -0.0923089 85.8192 
-0.092466 0.0717812 0.993125 43.7229 0.0349026 0.997019 -0.068813 -2.37993 -0.995104 0.0282998 -0.0946957 85.7308 
-0.0946882 0.0754177 0.992646 44.7679 0.0325256 0.996828 -0.0726329 -2.45937 -0.994975 0.0254089 -0.0968409 85.6395 
-0.0969329 0.0796222 0.992101 45.8094 0.0291336 0.996595 -0.0771364 -2.54293 -0.994864 0.0214264 -0.0989225 85.5519 
-0.0996582 0.0821174 0.991627 46.8523 0.0268448 0.996448 -0.0798188 -2.62814 -0.994659 0.0186654 -0.101509 85.462 
-0.102175 0.0807174 0.991486 47.9062 0.0248452 0.996599 -0.0785734 -2.71245 -0.994456 0.0166054 -0.103832 85.3606 
-0.105185 0.0764746 0.991508 48.9553 0.021696 0.996978 -0.0745949 -2.80132 -0.994216 0.0136655 -0.106526 85.2685 
-0.107526 0.0749154 0.991376 50.0087 0.0218516 0.997094 -0.0729775 -2.88517 -0.993962 0.0138162 -0.108851 85.1661 
-0.109514 0.075497 0.991114 51.0626 0.0211706 0.997062 -0.0736109 -2.9701 -0.99376 0.012921 -0.11079 85.0652 
-0.110585 0.0783276 0.990775 52.1209 0.0226352 0.996829 -0.0762799 -3.05521 -0.993609 0.013991 -0.112007 84.9556 
-0.111268 0.0810891 0.990477 53.1804 0.0228894 0.99661 -0.07902 -3.14118 -0.993527 0.013879 -0.112747 84.8457 
-0.111619 0.0817254 0.990385 54.2335 0.0216628 0.996576 -0.0797949 -3.23359 -0.993515 0.0125479 -0.113007 84.7435 
-0.111434 0.0806057 0.990497 55.2951 0.0187323 0.996698 -0.0790029 -3.32406 -0.993595 0.00975066 -0.112576 84.6411 
-0.11155 0.0799023 0.990541 56.3612 0.0149459 0.996784 -0.0787229 -3.41724 -0.993646 0.00602303 -0.112385 84.542 
-0.111537 0.0809935 0.990454 57.4335 0.0110369 0.996713 -0.0802625 -3.5113 -0.993699 0.00197926 -0.112065 84.4398 
-0.111859 0.0812114 0.9904 58.4951 0.00668507 0.996694 -0.0809726 -3.60325 -0.993702 -0.00243659 -0.112032 84.3399 
-0.112024 0.0808255 0.990413 59.5802 0.00343892 0.996712 -0.0809507 -3.69577 -0.993699 -0.00566246 -0.111934 84.2354 
-0.112369 0.0756372 0.990784 60.6707 0.00365584 0.997123 -0.0757066 -3.78706 -0.99366 -0.00488488 -0.112322 84.1285 
-0.112643 0.0669311 0.991379 61.7707 0.00668482 0.997757 -0.0666022 -3.87442 -0.993613 -0.000875045 -0.112837 84.0162 
-0.112607 0.0613751 0.991742 62.8762 0.01212 0.998101 -0.0603926 -3.95627 -0.993566 0.00521928 -0.113137 83.9002 
-0.111788 0.0638541 0.991678 63.9804 0.0203196 0.997872 -0.0619624 -4.02852 -0.993524 0.0132239 -0.112848 83.7766 
-0.110639 0.0694051 0.991434 65.0813 0.0257369 0.997424 -0.0669524 -4.10398 -0.993527 0.0181089 -0.11214 83.6552 
-0.109507 0.0751769 0.991139 66.1932 0.0293019 0.996947 -0.0723801 -4.18381 -0.993554 0.0211162 -0.111375 83.5346 
-0.10875 0.0794699 0.990887 67.3038 0.0300302 0.996607 -0.0766329 -4.27296 -0.993615 0.0214228 -0.110767 83.4222 
-0.108534 0.0767146 0.991128 68.428 0.0270411 0.996877 -0.0741985 -4.36279 -0.993725 0.0187482 -0.110269 83.3141 
-0.108353 0.0721205 0.991493 69.5663 0.026056 0.997228 -0.0696903 -4.45282 -0.993771 0.0182832 -0.109932 83.205 
-0.108122 0.0699735 0.991672 70.6936 0.0236743 0.997418 -0.0677979 -4.53776 -0.993856 0.0161468 -0.109499 83.096 
-0.10811 0.070762 0.991617 71.8256 0.0219921 0.99739 -0.0687763 -4.6222 -0.993896 0.0143723 -0.109384 82.9916 
-0.107664 0.0760348 0.991275 72.9669 0.0232775 0.996991 -0.0739451 -4.70835 -0.993915 0.0151132 -0.10911 82.878 
-0.106742 0.0787222 0.991165 74.1066 0.0231374 0.996787 -0.076677 -4.79672 -0.994017 0.0147484 -0.10822 82.7633 
-0.106197 0.0776432 0.991309 75.2571 0.0235409 0.996864 -0.0755564 -4.88742 -0.994066 0.0153124 -0.107692 82.6517 
-0.105191 0.0708143 0.991927 76.4215 0.0252681 0.99733 -0.0685204 -4.97832 -0.994131 0.0178564 -0.106699 82.5345 
-0.105519 0.0692805 0.992001 77.5758 0.0248566 0.997442 -0.0670166 -5.06596 -0.994106 0.0175863 -0.106972 82.4198 
-0.104822 0.0724176 0.991851 78.7289 0.0223972 0.997264 -0.0704459 -5.15107 -0.994239 0.0148303 -0.106157 82.3122 
-0.104614 0.075673 0.99163 79.8941 0.0216967 0.997037 -0.0737968 -5.23658 -0.994276 0.0137949 -0.105946 82.2071 
-0.104367 0.0751553 0.991695 81.0695 0.0210171 0.997085 -0.073352 -5.32859 -0.994317 0.013187 -0.105642 82.0938 
-0.104063 0.0716075 0.991989 82.2504 0.0206908 0.997345 -0.0698236 -5.42031 -0.994355 0.013259 -0.105268 81.9855 
-0.102956 0.0703945 0.992192 83.4398 0.0214471 0.997418 -0.0685398 -5.51217 -0.994455 0.0142231 -0.1042 81.8679 
-0.10172 0.0708008 0.99229 84.631 0.0228765 0.997367 -0.068818 -5.60102 -0.99455 0.0157 -0.103072 81.7544 
-0.100593 0.0710556 0.992387 85.8344 0.0255262 0.997302 -0.0688202 -5.68721 -0.9946 0.0184091 -0.102135 81.6385 
-0.099446 0.0705354 0.99254 87.0289 0.0250831 0.997345 -0.0683638 -5.77765 -0.994727 0.0180975 -0.100951 81.5331 
-0.0980715 0.0710953 0.992637 88.2306 0.0265166 0.997277 -0.0688079 -5.86782 -0.994826 0.0195732 -0.0996897 81.4268 
-0.0968587 0.0692936 0.992883 89.4436 0.0268269 0.997393 -0.0669914 -5.95658 -0.994936 0.0201472 -0.0984651 81.32 
-0.0954704 0.0684901 0.993073 90.6609 0.0253052 0.997475 -0.066361 -6.04552 -0.99511 0.0187944 -0.0969625 81.2142 
-0.0940936 0.0678841 0.993246 91.8828 0.0264755 0.99749 -0.0656661 -6.13123 -0.995211 0.0201179 -0.0956547 81.1101 
-0.0924086 0.0688506 0.993338 93.108 0.0243929 0.997464 -0.0668674 -6.21989 -0.995422 0.0180513 -0.0938537 81.0111 
-0.0907099 0.0715205 0.993306 94.3333 0.0250805 0.997265 -0.0695153 -6.30845 -0.995561 0.0186069 -0.0922557 80.9082 
-0.0896561 0.0704869 0.993475 95.5642 0.0228412 0.997376 -0.0687024 -6.3973 -0.995711 0.0165326 -0.0910308 80.8152 
-0.0891732 0.0691132 0.993615 96.8016 0.0193323 0.997522 -0.06765 -6.49072 -0.995828 0.0131763 -0.0902883 80.7216 
-0.0890093 0.0703374 0.993544 98.0403 0.0164922 0.997471 -0.0691379 -6.57999 -0.995894 0.0102318 -0.0899442 80.629 
-0.0891785 0.0698065 0.993566 99.2838 0.013919 0.997531 -0.0688358 -6.6707 -0.995918 0.00769079 -0.0899299 80.5348 
-0.0902273 0.0673051 0.993644 100.533 0.011321 0.997719 -0.0665532 -6.76448 -0.995857 0.00524411 -0.0907834 80.4395 
-0.0914668 0.0657484 0.993635 101.794 0.00912491 0.997831 -0.0651861 -6.85855 -0.995766 0.00310447 -0.0918684 80.3415 
-0.0930761 0.0652219 0.99352 103.054 0.00752311 0.99787 -0.0648027 -6.94702 -0.99563 0.00144278 -0.0933685 80.2432 
-0.094563 0.0654553 0.993365 104.314 0.00786344 0.997854 -0.0650027 -7.03745 -0.995488 0.00166442 -0.0948748 80.1371 
-0.0968695 0.0640709 0.993233 105.575 0.00736402 0.997945 -0.0636568 -7.12662 -0.99527 0.0011478 -0.0971422 80.0303 
-0.0998865 0.0594996 0.993218 106.836 0.0047142 0.998227 -0.0593256 -7.21405 -0.994988 -0.0012436 -0.09999 79.9219 
-0.104231 0.0594207 0.992776 108.093 0.00430779 0.998231 -0.059295 -7.3 -0.994544 -0.00190369 -0.104302 79.8083 
-0.109747 0.0653562 0.991808 109.324 -0.000723527 0.99783 -0.0658332 -7.38913 -0.993959 -0.00794261 -0.109462 79.6939 
-0.116645 0.0684068 0.990815 110.562 6.15612e-05 0.997626 -0.0688698 -7.47999 -0.993174 -0.00797229 -0.116372 79.5667 
-0.125503 0.0644256 0.989999 111.815 0.00189605 0.997903 -0.0646997 -7.57472 -0.992091 -0.00624287 -0.125361 79.4236 
-0.13613 0.0623071 0.98873 113.068 0.00420869 0.998048 -0.0623149 -7.66853 -0.990682 -0.00432166 -0.136126 79.2615 
-0.148926 0.0632153 0.986826 114.299 0.00494054 0.99799 -0.0631849 -7.75744 -0.988836 -0.0045344 -0.148939 79.089 
-0.163257 0.0634391 0.984542 115.523 0.00697692 0.99798 -0.0631482 -7.84487 -0.986559 -0.00344029 -0.16337 78.9059 
-0.177606 0.0610351 0.982207 116.739 0.00761758 0.99813 -0.0606472 -7.93668 -0.984072 -0.00328927 -0.177739 78.7028 
-0.193106 0.0634174 0.979126 117.935 0.0118615 0.997987 -0.0622997 -8.02535 -0.981106 -0.000416516 -0.193469 78.4808 
-0.208243 0.0669133 0.975785 119.115 0.012544 0.997758 -0.0657431 -8.11306 -0.977997 -0.0014503 -0.208615 78.2451 
-0.223402 0.0708616 0.972147 120.29 0.0125536 0.99748 -0.0698234 -8.20356 -0.974646 -0.00339468 -0.223729 77.9947 
-0.23937 0.0689591 0.968476 121.472 0.00902699 0.997589 -0.068801 -8.29468 -0.970886 -0.00772644 -0.239415 77.724 
-0.255266 0.063479 0.964785 122.659 0.00385749 0.997901 -0.0646374 -8.38754 -0.966863 -0.012778 -0.254975 77.4362 
-0.271041 0.0596342 0.960719 123.829 -7.22405e-05 0.998078 -0.0619737 -8.47607 -0.962568 -0.0168668 -0.270516 77.1344 
-0.286044 0.0612751 0.956255 124.996 -0.00135295 0.997926 -0.0643501 -8.56221 -0.958216 -0.0197007 -0.285368 76.8085 
-0.300473 0.0633627 0.951683 126.158 -0.00154685 0.997757 -0.0669188 -8.64841 -0.953789 -0.0215794 -0.299701 76.4625 
-0.314205 0.0658247 0.94707 127.309 0.00037689 0.997602 -0.0692119 -8.73839 -0.949355 -0.0213897 -0.313476 76.0957 
-0.328149 0.0659689 0.942319 128.449 0.00268223 0.997619 -0.0689063 -8.82957 -0.944622 -0.020084 -0.327545 75.7105 
-0.342214 0.0639904 0.93744 129.587 0.00232002 0.997733 -0.0672592 -8.92151 -0.939619 -0.0208422 -0.341587 75.3159 
-0.356677 0.0629112 0.932107 130.72 0.00214311 0.997782 -0.0665239 -9.01117 -0.934225 -0.0217299 -0.356021 74.9005 
-0.371339 0.064474 0.926256 131.833 0.000996741 0.997613 -0.0690414 -9.10152 -0.928497 -0.0247145 -0.370517 74.4744 
-0.386539 0.0666356 0.919862 132.942 0.00188922 0.997441 -0.0714617 -9.19342 -0.922271 -0.0258849 -0.385676 74.0341 
-0.401098 0.0684422 0.913475 134.041 0.00320697 0.997304 -0.0733151 -9.28665 -0.91603 -0.026477 -0.400236 73.5678 
-0.415652 0.0711029 0.90674 135.134 0.00604767 0.997134 -0.075419 -9.38375 -0.909503 -0.0258644 -0.414891 73.0827 
-0.430388 0.0746505 0.899552 136.223 0.00581916 0.996783 -0.0799353 -9.48185 -0.902625 -0.0291686 -0.429438 72.5797 
-0.445481 0.0769962 0.891974 137.309 0.00679399 0.996557 -0.0826308 -9.58186 -0.895265 -0.0307504 -0.44447 72.0571 
-0.460789 0.0744604 0.884381 138.392 0.00565384 0.9967 -0.0809714 -9.6868 -0.887492 -0.0323106 -0.45969 71.5164 
-0.476896 0.0701826 0.876153 139.478 0.00272473 0.99692 -0.0783734 -9.79046 -0.878955 -0.0349887 -0.475618 70.9525 
-0.493025 0.0703108 0.867169 140.547 0.00224414 0.996828 -0.0795478 -9.89356 -0.870012 -0.037273 -0.491619 70.3709 
-0.509063 0.0694911 0.85792 141.617 0.000920747 0.996779 -0.0801923 -9.99399 -0.860729 -0.040033 -0.507487 69.7621 
-0.52498 0.0685588 0.848348 142.675 0.000390955 0.99677 -0.0803115 -10.0982 -0.851114 -0.0418303 -0.523311 69.1339 
-0.540774 0.0681967 0.838399 143.723 -0.000847383 0.996663 -0.0816169 -10.2046 -0.841167 -0.0448467 -0.538912 68.4876 
-0.556288 0.0675673 0.828238 144.762 -0.00118552 0.996623 -0.0821005 -10.3122 -0.830988 -0.0466534 -0.55433 67.8186 
-0.571846 0.0649051 0.817789 145.806 -0.0016358 0.996773 -0.0802543 -10.4193 -0.820359 -0.0472308 -0.569894 67.1241 
-0.587338 0.0614291 0.807007 146.835 -0.00149862 0.997031 -0.0769844 -10.5255 -0.809341 -0.0464252 -0.585502 66.4103 
-0.602527 0.059906 0.795847 147.848 -0.000579513 0.997146 -0.0754972 -10.6281 -0.798098 -0.0459503 -0.600772 65.6753 
-0.617647 0.0581421 0.784303 148.853 -0.00137085 0.997182 -0.0750029 -10.7335 -0.786454 -0.0474005 -0.615827 64.9202 
-0.632661 0.059331 0.772152 149.841 -0.00268054 0.996887 -0.0787957 -10.8368 -0.774424 -0.0519207 -0.630533 64.1411 
-0.648075 0.0587192 0.75931 150.818 -0.00490337 0.996681 -0.0812608 -10.9442 -0.761561 -0.0563862 -0.645636 63.3438 
-0.664292 0.0556015 0.745402 151.811 -0.00674153 0.996743 -0.0803578 -11.0506 -0.747442 -0.0584062 -0.661754 62.5084 
-0.680812 0.0479518 0.730887 152.78 -0.0106901 0.997098 -0.0753751 -11.1567 -0.73238 -0.0591295 -0.678324 61.6441 
-0.698125 0.0455394 0.714526 153.727 -0.0115519 0.997129 -0.0748375 -11.2614 -0.715883 -0.0605001 -0.695595 60.7641 
-0.715841 0.0428684 0.696946 154.649 -0.0133622 0.99709 -0.0750544 -11.364 -0.698135 -0.0630397 -0.713185 59.8574 
-0.733826 0.0389571 0.67822 155.55 -0.0166634 0.997022 -0.0752988 -11.468 -0.679133 -0.0665576 -0.730991 58.9346 
-0.750781 0.0370817 0.659509 156.417 -0.0164201 0.997067 -0.0747539 -11.57 -0.660347 -0.066953 -0.74797 57.9924 
-0.767042 0.0389614 0.640413 157.263 -0.0144686 0.99685 -0.0779758 -11.6786 -0.641434 -0.0690765 -0.764062 57.0228 
-0.782434 0.0384475 0.621545 158.085 -0.0111523 0.997067 -0.0757157 -11.7856 -0.622634 -0.0661742 -0.77971 56.0229 
-0.797245 0.0395992 0.602356 158.889 -0.00727089 0.997144 -0.0751762 -11.8966 -0.603613 -0.0643135 -0.79468 54.9858 
-0.812195 0.0408112 0.581956 159.662 -0.00543333 0.996978 -0.0774986 -12.0101 -0.58336 -0.0661059 -0.809519 53.9566 
-0.826091 0.0425573 0.561927 160.404 -0.00436502 0.996631 -0.0818965 -12.1188 -0.56352 -0.0701068 -0.823123 52.9088 
-0.839413 0.0429613 0.541793 161.122 -0.00177948 0.996648 -0.081786 -12.2306 -0.543491 -0.0696163 -0.836523 51.8345 
-0.851377 0.0409928 0.52295 161.82 -0.000563232 0.99687 -0.0790591 -12.3465 -0.524554 -0.0676036 -0.848689 50.7351 
-0.862204 0.0426407 0.504764 162.482 0.00201493 0.996732 -0.0807588 -12.4589 -0.506558 -0.0686134 -0.859472 49.6407 
-0.871901 0.0454061 0.487573 163.119 0.00484014 0.996442 -0.0841402 -12.5723 -0.489659 -0.0710019 -0.869018 48.5338 
-0.881115 0.0433203 0.470914 163.745 0.00333358 0.99634 -0.0854181 -12.691 -0.47289 -0.0736933 -0.878034 47.4073 
-0.889629 0.040547 0.454879 164.352 0.00217728 0.996416 -0.0845602 -12.8125 -0.456678 -0.0742368 -0.886529 46.2638 
-0.897247 0.0379137 0.439899 164.966 0.000931179 0.996467 -0.0839834 -12.9622 -0.441529 -0.0749442 -0.894112 45.114 
-0.904308 0.0357348 0.425381 165.552 0.000117206 0.996511 -0.0834643 -13.079 -0.426879 -0.0754276 -0.901157 43.9476 
-0.910863 0.0328418 0.411401 166.12 -0.00126506 0.996602 -0.082359 -13.2041 -0.412708 -0.0755382 -0.907726 42.768 
-0.916816 0.0279281 0.398331 166.661 -0.00378785 0.996898 -0.0786135 -13.3195 -0.399291 -0.0735829 -0.913866 41.5931 
-0.921974 0.0247578 0.386459 167.181 -0.00483679 0.99714 -0.0754191 -13.4261 -0.387221 -0.0714037 -0.919218 40.4074 
-0.926587 0.0247685 0.375265 167.691 -0.00254188 0.997394 -0.0721071 -13.5334 -0.376073 -0.0677673 -0.924109 39.22 
-0.929747 0.0291492 0.367042 168.171 0.0021183 0.997268 -0.0738337 -13.6374 -0.368192 -0.0678692 -0.927269 38.0222 
-0.932036 0.0343087 0.360738 168.643 0.00749025 0.997119 -0.0754804 -13.7404 -0.362289 -0.0676484 -0.929608 36.8244 
-0.933974 0.0376063 0.355357 169.109 0.0104277 0.996892 -0.0780911 -13.8415 -0.35719 -0.0692295 -0.931463 35.6312 
-0.935784 0.0349097 0.350842 169.573 0.0083912 0.997009 -0.0768237 -13.9508 -0.352475 -0.0689464 -0.933278 34.4365 
-0.937695 0.0275487 0.346365 170.043 0.00213684 0.99729 -0.0735362 -14.0531 -0.347452 -0.0682144 -0.935213 33.236 
-0.939618 0.0213593 0.341557 170.511 -0.00345133 0.997408 -0.0718675 -14.1567 -0.342207 -0.0687068 -0.937109 32.0302 
-0.94133 0.014891 0.33716 170.971 -0.0104965 0.997251 -0.0733502 -14.2586 -0.337325 -0.0725857 -0.938586 30.828 
-0.942682 0.0126479 0.333453 171.426 -0.0135902 0.996997 -0.0762363 -14.3614 -0.333416 -0.0763983 -0.939679 29.6193 
-0.943437 0.0130563 0.331294 171.869 -0.0138521 0.9968 -0.0787311 -14.4664 -0.331262 -0.078867 -0.940237 28.4172 
-0.943755 0.0136775 0.330363 172.312 -0.0139389 0.99661 -0.0810806 -14.5725 -0.330352 -0.0811251 -0.940365 27.2161 
-0.943609 0.0163716 0.330658 172.749 -0.0117053 0.996502 -0.0827428 -14.6874 -0.330856 -0.0819473 -0.940116 26.0088 
-0.943243 0.0172571 0.331655 173.19 -0.0114421 0.996367 -0.0843862 -14.8032 -0.331906 -0.0833915 -0.939619 24.8058 
-0.94275 0.0182335 0.333001 173.635 -0.0112201 0.996205 -0.0863122 -14.9222 -0.333311 -0.0851071 -0.938968 23.5878 
-0.942008 0.0194869 0.335024 174.078 -0.00998947 0.996242 -0.0860353 -15.0395 -0.335442 -0.0843926 -0.938273 22.3837 
-0.941142 0.0190813 0.337471 174.524 -0.0108669 0.996181 -0.086632 -15.1587 -0.337835 -0.0852003 -0.937341 21.1892 
-0.939768 0.017845 0.341346 174.976 -0.0126057 0.996147 -0.0867821 -15.2775 -0.34158 -0.0858579 -0.935923 19.9974 
-0.938045 0.0162512 0.346131 175.432 -0.0140653 0.996291 -0.0848951 -15.3908 -0.346227 -0.0845038 -0.934337 18.8091 
-0.936082 0.0138098 0.35151 175.9 -0.0162455 0.996466 -0.0824105 -15.5041 -0.351406 -0.0828534 -0.93255 17.6349 
-0.933416 0.0116959 0.358604 176.37 -0.0181546 0.996649 -0.0797609 -15.6156 -0.358336 -0.0809604 -0.930076 16.454 
-0.930715 0.0138369 0.365482 176.85 -0.0166293 0.99665 -0.0800797 -15.7246 -0.365366 -0.0806092 -0.927367 15.2811 
-0.927532 0.0136864 0.373493 177.334 -0.017694 0.996601 -0.080461 -15.8332 -0.373325 -0.0812387 -0.924137 14.1403 
-0.923528 0.0170154 0.383153 177.824 -0.0159827 0.99644 -0.0827744 -15.9431 -0.383198 -0.0825683 -0.919968 12.9828 
-0.919107 0.0182295 0.393587 178.331 -0.015431 0.996497 -0.0821886 -16.0526 -0.393706 -0.0816135 -0.915606 11.8306 
-0.913867 0.0202756 0.405507 178.856 -0.014886 0.996408 -0.0833687 -16.1692 -0.405741 -0.0822242 -0.910282 10.6776 
-0.907834 0.0226136 0.418718 179.398 -0.0141666 0.996321 -0.084523 -16.2859 -0.419089 -0.0826647 -0.904174 9.52048 
-0.901475 0.0252552 0.432094 179.963 -0.0123945 0.996381 -0.0840955 -16.4074 -0.432654 -0.0811655 -0.897899 8.36131 
-0.894994 0.0243784 0.445412 180.54 -0.0133815 0.996589 -0.0814341 -16.5245 -0.445878 -0.0788433 -0.891615 7.22631 
-0.888128 0.0271485 0.458793 181.133 -0.0118687 0.996566 -0.0819459 -16.6374 -0.459442 -0.0782237 -0.884756 6.09667 
-0.881057 0.029143 0.472112 181.74 -0.0103576 0.996672 -0.080853 -16.7521 -0.472897 -0.076126 -0.877823 4.98475 
-0.873375 0.0306797 0.486081 182.363 -0.00892922 0.996838 -0.0789606 -16.863 -0.486967 -0.0733025 -0.870339 3.8776 
-0.865438 0.0321297 0.499984 182.997 -0.00697412 0.997072 -0.0761451 -16.9748 -0.500967 -0.0693858 -0.862681 2.79524 
-0.857129 0.0346287 0.513937 183.643 -0.00428617 0.997224 -0.0743405 -17.086 -0.515084 -0.0659222 -0.854601 1.73205 
-0.847659 0.0377406 0.529198 184.307 -0.00115876 0.997332 -0.0729825 -17.1914 -0.530541 -0.0624775 -0.845354 0.675294 
-0.83701 0.0401286 0.545715 184.99 0.00116138 0.997435 -0.0715643 -17.2975 -0.547187 -0.0592662 -0.83491 -0.362701 
-0.825736 0.0432333 0.562397 185.69 0.00416617 0.997498 -0.0705642 -17.3993 -0.564041 -0.0559243 -0.823851 -1.38429 
-0.814182 0.0449858 0.578865 186.412 0.00517091 0.997516 -0.0702478 -17.4969 -0.580587 -0.0542012 -0.812392 -2.38565 
-0.802254 0.0470939 0.595122 187.159 0.00634766 0.9975 -0.0703785 -17.5931 -0.596948 -0.0526838 -0.800548 -3.37244 
-0.789081 0.0494204 0.612298 187.919 0.00811635 0.99751 -0.0700525 -17.6918 -0.614235 -0.0503074 -0.787517 -4.34589 
-0.775014 0.0502226 0.629946 188.698 0.00941122 0.997644 -0.0679589 -17.7872 -0.631874 -0.0467405 -0.77366 -5.29726 
-0.759298 0.0519374 0.648667 189.496 0.0112574 0.997709 -0.0667071 -17.8811 -0.650645 -0.0433482 -0.758143 -6.23036 
-0.742261 0.0545417 0.667887 190.315 0.0123112 0.997624 -0.0677869 -17.9756 -0.669998 -0.042093 -0.741169 -7.1354 
-0.72461 0.0574154 0.686763 191.144 0.0129398 0.997481 -0.0697396 -18.0713 -0.689038 -0.0416474 -0.723528 -8.01078 
-0.706843 0.0579037 0.704997 191.995 0.0112464 0.997438 -0.070647 -18.1621 -0.707281 -0.0420076 -0.705683 -8.84215 
-0.687916 0.0579781 0.723471 192.875 0.00928607 0.997426 -0.0711029 -18.2533 -0.725731 -0.0421946 -0.686684 -9.65675 
-0.667614 0.0573666 0.742294 193.764 0.00717096 0.997476 -0.0706383 -18.3521 -0.744473 -0.0418361 -0.66634 -10.4458 
-0.646884 0.0580987 0.760372 194.667 0.0051885 0.997406 -0.071796 -18.444 -0.762571 -0.0424985 -0.645507 -11.2032 
-0.625937 0.0578142 0.777727 195.601 0.00188612 0.997358 -0.072623 -18.5354 -0.779871 -0.0439905 -0.624392 -11.9349 
-0.604597 0.0583304 0.794393 196.552 -0.00016622 0.997306 -0.0733564 -18.6207 -0.796532 -0.0444831 -0.602958 -12.6406 
-0.58161 0.0583313 0.811374 197.513 -0.000874103 0.99738 -0.0723303 -18.714 -0.813468 -0.0427772 -0.580035 -13.3194 
-0.557283 0.059224 0.828208 198.494 -0.00152474 0.997378 -0.0723472 -18.8071 -0.830321 -0.0415807 -0.555732 -13.9674 
-0.531514 0.0624745 0.844743 199.491 -0.000378852 0.997259 -0.0739925 -18.9015 -0.84705 -0.039648 -0.530033 -14.5887 
-0.50414 0.0632948 0.861299 200.51 -0.00111778 0.997262 -0.0739407 -18.9932 -0.863621 -0.0382392 -0.502689 -15.1844 
-0.476611 0.0620898 0.876919 201.551 -0.0028813 0.997387 -0.0721856 -19.0912 -0.87911 -0.0369311 -0.475187 -15.7401 
-0.448092 0.0601709 0.89196 202.6 -0.00463308 0.997563 -0.0696223 -19.1847 -0.893976 -0.0353297 -0.446721 -16.2616 
-0.418494 0.0617469 0.906118 203.662 -0.00553861 0.997494 -0.0705317 -19.2689 -0.908203 -0.0345357 -0.417103 -16.7401 
-0.387158 0.0644478 0.919758 204.744 -0.00636074 0.997344 -0.0725617 -19.3578 -0.921991 -0.0339432 -0.385719 -17.188 
-0.355103 0.0660331 0.932492 205.815 -0.00518623 0.997348 -0.0726008 -19.4527 -0.934813 -0.0306168 -0.353818 -17.5938 
-0.323552 0.0664972 0.943871 206.89 -0.00477536 0.9974 -0.0719054 -19.5432 -0.946198 -0.0277725 -0.322393 -17.951 
-0.290985 0.0667165 0.954398 207.999 -0.00536742 0.997436 -0.0713615 -19.6317 -0.956712 -0.0258878 -0.289881 -18.2766 
-0.257123 0.0655822 0.964151 209.126 -0.00497547 0.997591 -0.0691838 -19.7266 -0.966366 -0.0225858 -0.256177 -18.5709 
-0.22211 0.0637179 0.972937 210.276 -0.00542417 0.997766 -0.0665823 -19.8188 -0.975006 -0.020066 -0.221268 -18.8342 
-0.187165 0.062375 0.980346 211.423 -0.00510651 0.997907 -0.0644673 -19.9102 -0.982315 -0.0170722 -0.186455 -19.0502 
-0.151649 0.061804 0.9865 212.571 -0.00461362 0.997988 -0.0632331 -19.9981 -0.988424 -0.0141406 -0.151059 -19.2265 
-0.116105 0.0614435 0.991335 213.721 -0.00500886 0.998036 -0.0624456 -20.0802 -0.993224 -0.0122157 -0.115569 -19.3577 
-0.0802504 0.0614431 0.994879 214.871 -0.00496175 0.998061 -0.0620399 -20.1632 -0.996762 -0.00991506 -0.0797899 -19.4497 
-0.044942 0.0619919 0.997064 216.026 -0.00646173 0.998034 -0.0623436 -20.2469 -0.998969 -0.0092446 -0.0444531 -19.4946 
-0.0104639 0.0614024 0.998058 217.186 -0.00754127 0.99808 -0.0614829 -20.3291 -0.999917 -0.00816997 -0.00998076 -19.5027 
0.0229721 0.0610521 0.99787 218.346 -0.00972671 0.9981 -0.0608423 -20.4064 -0.999689 -0.00830832 0.0235222 -19.4655 
0.0561784 0.0614228 0.99653 219.486 -0.0111591 0.998082 -0.0608895 -20.4902 -0.998358 -0.00769971 0.0567561 -19.3949 
0.0890057 0.0618244 0.99411 220.646 -0.0114074 0.998069 -0.0610494 -20.5651 -0.995966 -0.00590643 0.0895391 -19.2855 
0.121356 0.0600716 0.99079 221.805 -0.0107919 0.998188 -0.0591984 -20.6389 -0.99255 -0.0035084 0.121785 -19.1419 
0.152746 0.0590171 0.986502 222.96 -0.00987351 0.998257 -0.0581917 -20.7164 -0.988216 -0.000851672 0.153063 -18.9632 
0.183146 0.0589983 0.981314 224.116 -0.00884824 0.998256 -0.0583656 -20.794 -0.983046 0.00200653 0.183349 -18.7449 
0.213284 0.0586648 0.975227 225.263 -0.00727661 0.998263 -0.0584593 -20.8693 -0.976963 0.00537206 0.21334 -18.4902 
0.243416 0.0578109 0.968198 226.393 -0.00499276 0.998283 -0.0583522 -20.9446 -0.969909 0.00936985 0.243286 -18.2025 
0.273727 0.0562034 0.960164 227.529 -0.00278727 0.998333 -0.0576432 -21.0209 -0.961803 0.0131023 0.273428 -17.881 
0.304075 0.0549 0.951065 228.66 -0.00114885 0.998358 -0.0572628 -21.0963 -0.952647 0.0163195 0.303639 -17.5236 
0.333606 0.0540201 0.941163 229.771 0.00155081 0.998324 -0.0578507 -21.1755 -0.942711 0.0207589 0.332964 -17.1289 
0.362407 0.05336 0.930491 230.872 0.00198895 0.998313 -0.0580241 -21.2527 -0.932018 0.0228791 0.36169 -16.7019 
0.390721 0.051509 0.919067 231.968 0.00256006 0.998368 -0.0570419 -21.3303 -0.920505 0.0246403 0.389952 -16.2383 
0.418904 0.0504541 0.906628 233.056 0.00274071 0.99838 -0.0568266 -21.4053 -0.908026 0.0262897 0.418087 -15.7388 
0.447096 0.0512042 0.893019 234.108 0.00421547 0.998228 -0.0593473 -21.4837 -0.894476 0.0302984 0.446088 -15.2089 
0.475251 0.0523403 0.878292 235.142 0.00512931 0.998047 -0.0622525 -21.5635 -0.879835 0.0340906 0.474055 -14.6555 
0.502464 0.0505807 0.863117 236.174 0.00631559 0.998046 -0.0621646 -21.647 -0.864575 0.0366866 0.501163 -14.0577 
0.52896 0.0478772 0.847295 237.187 0.00709222 0.998123 -0.0608277 -21.7299 -0.848617 0.0381846 0.527628 -13.4263 
0.554021 0.0460681 0.831227 238.186 0.00638345 0.998203 -0.059577 -21.8102 -0.832478 0.038313 0.552732 -12.7587 
0.576967 0.0461937 0.81546 239.158 0.00478855 0.998191 -0.0599331 -21.8951 -0.816753 0.0384842 0.575702 -12.0636 
0.597641 0.0463055 0.800425 240.119 0.00349486 0.998171 -0.0603549 -21.9729 -0.801756 0.0388679 0.596386 -11.3343 
0.616944 0.044976 0.785721 241.071 0.00272622 0.998237 -0.0592816 -22.0525 -0.787002 0.0387155 0.615734 -10.573 
0.635017 0.0423202 0.771338 242.012 0.00267637 0.998372 -0.0569802 -22.1337 -0.772493 0.0382477 0.63387 -9.78602 
0.652291 0.0387604 0.756977 242.942 0.00435433 0.998483 -0.0548789 -22.2132 -0.757956 0.0390931 0.651133 -8.98622 
0.668502 0.036211 0.742828 243.858 0.00525534 0.998559 -0.0534069 -22.2885 -0.743691 0.0396064 0.667349 -8.15876 
0.683766 0.0336783 0.728923 244.745 0.00725532 0.998571 -0.0529427 -22.3651 -0.729665 0.041489 0.682545 -7.31585 
0.698696 0.0331109 0.714652 245.617 0.00699413 0.998564 -0.0531031 -22.4415 -0.715384 0.0421013 0.697462 -6.45099 
0.71332 0.0317382 0.700119 246.467 0.0075917 0.998565 -0.0530026 -22.5124 -0.700797 0.0431229 0.712056 -5.56713 
0.727492 0.0295828 0.685478 247.303 0.0070538 0.998695 -0.0505864 -22.5832 -0.68608 0.0416364 0.726334 -4.66073 
0.741588 0.0266503 0.670326 248.121 0.00776722 0.998802 -0.0483028 -22.6542 -0.67081 0.0410273 0.740493 -3.74171 
0.755294 0.0247787 0.654918 248.925 0.00830858 0.998843 -0.0473732 -22.7254 -0.655334 0.041222 0.754214 -2.79957 
0.768358 0.0240675 0.639567 249.701 0.00955805 0.99875 -0.0490668 -22.7944 -0.639949 0.0438138 0.767167 -1.83501 
0.780452 0.02324 0.624783 250.47 0.0100531 0.998713 -0.0497071 -22.8622 -0.625134 0.0450749 0.779215 -0.852468 
0.791885 0.0225502 0.610253 251.227 0.0094981 0.998742 -0.049231 -22.9328 -0.610596 0.0447815 0.790675 0.152428 
0.802816 0.0201713 0.595886 251.978 0.00997778 0.998833 -0.0472544 -22.9989 -0.596143 0.0438821 0.801678 1.17698 
0.81318 0.0175954 0.581745 252.705 0.0114359 0.998867 -0.0461972 -23.0683 -0.581899 0.0442194 0.812058 2.21304 
0.822734 0.0169994 0.568173 253.416 0.0116002 0.998842 -0.0466825 -23.1355 -0.568308 0.0449982 0.821584 3.26975 
0.831553 0.0141618 0.555264 254.117 0.0155876 0.998686 -0.048815 -23.2023 -0.555226 0.0492474 0.83024 4.33843 
0.839698 0.0116291 0.542928 254.805 0.0170286 0.998715 -0.0477285 -23.2699 -0.542786 0.0493228 0.838421 5.41843 
0.847078 0.0085615 0.5314 255.48 0.019489 0.998697 -0.0471569 -23.3396 -0.531111 0.0503019 0.845807 6.51174 
0.853722 0.00727527 0.520678 256.141 0.0205211 0.998656 -0.0476012 -23.4044 -0.520324 0.051323 0.852425 7.61661 
0.858832 0.00622041 0.512219 256.796 0.0208465 0.998673 -0.0470811 -23.4707 -0.511833 0.0511127 0.857563 8.7452 
0.862553 0.00575774 0.505933 257.44 0.0200259 0.998763 -0.0455082 -23.5394 -0.50557 0.049385 0.861371 9.87692 
0.865317 0.00476921 0.501201 258.088 0.0201309 0.998817 -0.0442602 -23.6058 -0.50082 0.0483887 0.864198 11.0243 
0.867829 0.00350065 0.496851 258.728 0.0209673 0.998826 -0.0436603 -23.6765 -0.49642 0.0483073 0.866737 12.1656 
0.870152 0.00199208 0.492779 259.365 0.0220944 0.998828 -0.0430525 -23.7424 -0.492288 0.0483498 0.869089 13.3161 
0.872176 -1.13051e-05 0.489191 260.002 0.0230324 0.998892 -0.0410415 -23.8086 -0.488649 0.0470627 0.87121 14.4855 
0.874233 -0.0020722 0.485502 260.635 0.0246411 0.998891 -0.0401075 -23.8791 -0.484881 0.0470265 0.873315 15.6469 
0.876425 -0.00281503 0.48153 261.263 0.0254661 0.998854 -0.0405113 -23.9418 -0.480864 0.0477678 0.875493 16.8171 
0.878589 -0.00398401 0.477562 261.891 0.0262062 0.998861 -0.0398799 -24.0047 -0.476859 0.0475531 0.877692 17.9883 
0.880576 -0.00392355 0.473888 262.506 0.0257236 0.998887 -0.0395294 -24.071 -0.473206 0.0469987 0.879697 19.1687 
0.882488 -0.00436206 0.470315 263.124 0.0257927 0.998901 -0.0391324 -24.1335 -0.469627 0.0466645 0.881631 20.3565 
0.884547 -0.00389651 0.466435 263.739 0.0250353 0.99892 -0.0391323 -24.194 -0.465779 0.0462917 0.883689 21.5386 
