1 2.12261e-08 -2.11895e-08 0 2.12261e-08 1 2.10703e-08 0 -2.11895e-08 2.10703e-08 1 0 
1 -0.000528838 8.1372e-05 -0.030535 0.000528747 0.999999 0.00162386 -0.0192872 -8.22731e-05 -0.00162378 0.999999 1.35418 
0.999999 -0.00145356 -8.48769e-05 -0.0606714 0.00145373 0.999998 0.00147037 -0.0326574 8.2697e-05 -0.00147045 0.999999 2.70566 
0.999996 -0.00292952 -0.000147289 -0.0810953 0.00292961 0.999996 0.000317283 -0.0499562 0.000146316 -0.000317671 1 4.05849 
0.999995 -0.00308209 -1.38709e-05 -0.105169 0.00308213 0.999995 0.000246247 -0.0648494 1.30696e-05 -0.000246247 1 5.40319 
0.999994 -0.00356508 0.000271095 -0.13717 0.00356485 0.999993 0.000973229 -0.0821317 -0.000274605 -0.000972214 1 6.77077 
0.999988 -0.00482318 0.000719075 -0.159049 0.00482168 0.999986 0.00213194 -0.0998397 -0.00072939 -0.00212841 0.999998 8.12448 
0.999991 -0.00425107 0.000374458 -0.177365 0.00425017 0.999988 0.00247558 -0.116441 -0.000385019 -0.00247393 0.999997 9.47695 
0.999994 -0.00338351 0.000118048 -0.204197 0.00338349 0.999994 0.000534607 -0.134165 -0.000119899 -0.000534163 1 10.8343 
1 -0.000302025 0.000314298 -0.232272 0.000302642 0.999998 -0.00183003 -0.155368 -0.000313787 0.00183016 0.999998 12.1887 
0.999995 0.00316644 0.000814913 -0.264702 -0.00316408 0.999991 -0.00282497 -0.176892 -0.000823893 0.00282242 0.999996 13.5516 
0.999983 0.00572893 0.000926436 -0.289408 -0.00572602 0.999979 -0.00306442 -0.199409 -0.000944015 0.00305911 0.999995 14.9113 
0.999976 0.00684479 0.00133663 -0.315245 -0.00684152 0.999974 -0.00240643 -0.220661 -0.00135311 0.00239727 0.999996 16.2801 
0.999988 0.0044826 0.00201011 -0.337258 -0.00448324 0.99999 0.000337494 -0.241289 -0.00200862 -0.00034646 0.999998 17.6524 
0.999997 0.000605334 0.00225141 -0.360736 -0.000609953 0.999998 0.00207038 -0.262094 -0.00225019 -0.0020717 0.999995 19.0077 
0.999996 -0.00169344 0.00213117 -0.379836 0.00169389 0.999999 -0.000191584 -0.284382 -0.00213088 0.000195235 0.999998 20.3721 
0.999994 -0.00259736 0.00221688 -0.403619 0.00260244 0.999994 -0.00227396 -0.304172 -0.002211 0.00227976 0.999995 21.7365 
0.999995 -0.000277263 0.00311834 -0.431537 0.00028953 0.999992 -0.00392018 -0.330327 -0.00311728 0.00392111 0.999987 23.1042 
0.999988 0.00291023 0.00403025 -0.452248 -0.00290119 0.999993 -0.00223847 -0.347981 -0.00403678 0.00222679 0.999989 24.4931 
0.999985 0.00328084 0.00443056 -0.46911 -0.00328651 0.999994 0.00128126 -0.370808 -0.00442637 -0.00129576 0.999989 25.8843 
0.999987 0.00109576 0.00502956 -0.48625 -0.00111166 0.999994 0.00316836 -0.388484 -0.0050261 -0.00317387 0.999982 27.2589 
0.999985 -0.00288043 0.00456226 -0.498116 0.00287393 0.999995 0.00144018 -0.406417 -0.00456642 -0.001427 0.999989 28.6391 
0.999985 -0.00330685 0.00438591 -0.513497 0.00331033 0.999994 -0.000777637 -0.431008 -0.00438336 0.000792186 0.99999 30.021 
0.999981 -0.00346107 0.00518202 -0.529162 0.00347781 0.999989 -0.00321639 -0.456486 -0.00517088 0.00323439 0.999981 31.4139 
0.999983 -0.000175975 0.00587819 -0.553818 0.000199593 0.999992 -0.00401019 -0.485233 -0.00587748 0.00401133 0.999975 32.7963 
0.999981 0.000568217 0.00622123 -0.574189 -0.000530318 0.999981 -0.006085 -0.512687 -0.00622462 0.00608162 0.999962 34.1885 
0.999979 0.00158997 0.00634982 -0.588666 -0.0015543 0.999983 -0.00561195 -0.539654 -0.00635868 0.005602 0.999964 35.5991 
0.999979 0.00164827 0.00626732 -0.607166 -0.00162081 0.999989 -0.00437796 -0.569631 -0.00627451 0.00436775 0.999971 36.9971 
0.999979 0.00266681 0.00596071 -0.625003 -0.00264962 0.999992 -0.00288307 -0.598089 -0.0059684 0.00286725 0.999978 38.4023 
0.999966 0.00557875 0.00615981 -0.647285 -0.0055619 0.999981 -0.0027418 -0.624437 -0.00617503 0.00270749 0.999977 39.8079 
0.999944 0.00829148 0.0065953 -0.670374 -0.00826923 0.99996 -0.00338618 -0.645616 -0.00662315 0.0033315 0.999973 41.2303 
0.999924 0.0103521 0.00669161 -0.68787 -0.0103323 0.999942 -0.00298743 -0.671956 -0.00672219 0.00291811 0.999973 42.6508 
0.999919 0.0109921 0.00640188 -0.704053 -0.0109732 0.999935 -0.00297358 -0.69622 -0.00643419 0.00290313 0.999975 44.0836 
0.999929 0.010221 0.00617174 -0.730625 -0.0102012 0.999943 -0.00321324 -0.718945 -0.00620427 0.00315009 0.999976 45.5182 
0.999943 0.00920053 0.00550851 -0.744122 -0.00918027 0.999951 -0.00368315 -0.745062 -0.00554217 0.00363242 0.999978 46.95 
0.99995 0.00869715 0.00502013 -0.771253 -0.00867954 0.999956 -0.00351074 -0.770693 -0.00505049 0.00346704 0.999981 48.3638 
0.999949 0.00923491 0.0040701 -0.792116 -0.00922516 0.999955 -0.00239759 -0.796637 -0.0040921 0.00235996 0.999989 49.7965 
0.999952 0.00928225 0.0030592 -0.815007 -0.00927414 0.999954 -0.00264124 -0.827602 -0.00308361 0.00261279 0.999992 51.2209 
0.999952 0.00962597 0.00195983 -0.836391 -0.00962156 0.999951 -0.00222365 -0.854671 -0.00198118 0.00220473 0.999996 52.6503 
0.999956 0.00933989 0.00106303 -0.865745 -0.00933843 0.999956 -0.00132511 -0.881709 -0.0010754 0.00131517 0.999999 54.1126 
0.999967 0.00811133 0.000603473 -0.895236 -0.00811104 0.999967 -0.000421842 -0.908623 -0.000606917 0.000416975 1 55.5679 
0.999976 0.00697692 0.000188042 -0.917722 -0.00697679 0.999976 -0.000452015 -0.931542 -0.000191233 0.000450734 1 57.011 
0.99999 0.00455495 -0.000163147 -0.940399 -0.00455508 0.999989 -0.00104717 -0.958232 0.000158333 0.00104795 0.999999 58.4458 
0.999993 0.00375629 -0.0002803 -0.960437 -0.00375649 0.999993 -0.000869891 -0.9823 0.000276988 0.00087098 1 59.8887 
0.999998 0.00220652 0.000181409 -0.986493 -0.00220646 0.999998 -0.000116081 -1.01016 -0.000181707 0.000115723 1 61.3261 
0.999999 0.0011395 0.000656545 -1.00952 -0.00113973 0.999999 0.000422444 -1.03396 -0.000656105 -0.000423149 1 62.7886 
0.999999 -0.000286982 0.00128142 -1.03512 0.00028718 1 -0.000121537 -1.06009 -0.00128143 0.000121947 0.999999 64.238 
0.999996 -0.00207819 0.00166516 -1.052 0.00207969 0.999997 -0.000874456 -1.08901 -0.00166338 0.000877958 0.999998 65.6661 
0.999997 -0.00127418 0.00226302 -1.07502 0.00127707 0.999998 -0.00125448 -1.11726 -0.00226146 0.0012574 0.999997 67.1016 
0.999995 -6.08881e-05 0.0031793 -1.09877 6.54355e-05 0.999999 -0.00141683 -1.14751 -0.00317925 0.00141707 0.999994 68.5312 
0.999987 0.00358603 0.0037477 -1.12531 -0.00358528 0.999994 -0.000195539 -1.1742 -0.00374842 0.000182142 0.999993 69.9592 
0.999967 0.00660271 0.00480497 -1.15447 -0.00660807 0.999978 0.00111106 -1.20218 -0.00479757 -0.00114273 0.999988 71.3767 
0.999926 0.0107602 0.0056772 -1.17938 -0.0107687 0.999941 0.0014749 -1.22609 -0.00566104 -0.00153589 0.999983 72.799 
0.999861 0.0153117 0.00656047 -1.20946 -0.0153179 0.999882 0.000893489 -1.24998 -0.00654605 -0.000993816 0.999978 74.1949 
0.999812 0.0180644 0.00711656 -1.23557 -0.0180676 0.999837 0.000392058 -1.27789 -0.00710835 -0.000520522 0.999975 75.6061 
0.999771 0.0198819 0.00788007 -1.25411 -0.0198849 0.999802 0.000300588 -1.30282 -0.00787258 -0.000457172 0.999969 77.022 
0.999771 0.0197422 0.00829956 -1.30261 -0.019747 0.999805 0.000502382 -1.32017 -0.00828807 -0.000666117 0.999965 78.5167 
0.999784 0.0189491 0.00848574 -1.31236 -0.0189504 0.99982 7.89985e-05 -1.34379 -0.00848277 -0.000239748 0.999964 79.9246 
0.999806 0.0177707 0.00847412 -1.3283 -0.0177649 0.999842 -0.000752623 -1.37204 -0.0084862 0.000601977 0.999964 81.3302 
0.999811 0.0176108 0.00820991 -1.34281 -0.0176035 0.999845 -0.000948692 -1.39543 -0.00822538 0.000804031 0.999966 82.741 
0.999818 0.0173491 0.00799155 -1.35597 -0.0173441 0.999849 -0.000697571 -1.42525 -0.00800249 0.000558879 0.999968 84.1272 
0.999826 0.0170509 0.0075788 -1.37707 -0.017042 0.999854 -0.00122859 -1.44763 -0.00759868 0.00109926 0.999971 85.5419 
0.999829 0.0171544 0.00697715 -1.39511 -0.0171482 0.999853 -0.000931829 -1.47189 -0.00699215 0.000812065 0.999975 86.9407 
0.99985 0.0162813 0.00599658 -1.41432 -0.016281 0.999867 -8.08243e-05 -1.49904 -0.00599714 -1.67768e-05 0.999982 88.3524 
0.99989 0.0139141 0.00513191 -1.4313 -0.0139195 0.999903 0.0010237 -1.52351 -0.00511721 -0.00109498 0.999986 89.7457 
0.999924 0.0117348 0.00375779 -1.44435 -0.0117399 0.99993 0.00134006 -1.54455 -0.00374185 -0.00138403 0.999992 91.1405 
0.999948 0.00973858 0.0030613 -1.46657 -0.00974266 0.999952 0.00133341 -1.56726 -0.00304821 -0.00136312 0.999994 92.5358 
0.999965 0.0079628 0.0024932 -1.48194 -0.00796491 0.999968 0.000854222 -1.58612 -0.00248637 -0.000874008 0.999997 93.9404 
0.999973 0.00691373 0.00240312 -1.50074 -0.00691469 0.999976 0.000408078 -1.61066 -0.00240028 -0.000424642 0.999997 95.3082 
0.999971 0.00729184 0.00224182 -1.52363 -0.00729122 0.999973 -0.000266597 -1.63509 -0.00224375 0.000250286 0.999997 96.6725 
0.999971 0.00732349 0.00225495 -1.54507 -0.00732145 0.999973 -0.000891051 -1.66005 -0.00226145 0.000874557 0.999997 98.039 
0.999963 0.00823146 0.00250432 -1.5719 -0.00822733 0.999965 -0.00163551 -1.6864 -0.00251773 0.00161489 0.999996 99.4105 
0.999949 0.00967089 0.00306585 -1.60251 -0.00966666 0.999952 -0.00137944 -1.71367 -0.00307908 0.00134977 0.999994 100.775 
0.999943 0.0102001 0.00329477 -1.62416 -0.0102005 0.999948 0.000107278 -1.73914 -0.00329354 -0.000140838 0.999995 102.145 
0.999933 0.011071 0.0033266 -1.64471 -0.0110761 0.999938 0.00153544 -1.76821 -0.00330944 -0.00157214 0.999993 103.515 
0.999938 0.0105135 0.00359635 -1.66726 -0.0105134 0.999945 -3.71136e-05 -1.79071 -0.00359658 -6.56692e-07 0.999994 104.883 
0.999936 0.0105741 0.00413221 -1.68992 -0.0105637 0.999941 -0.0025145 -1.81372 -0.0041586 0.00247073 0.999988 106.24 
0.999943 0.00995855 0.00396004 -1.71218 -0.0099436 0.999944 -0.00376812 -1.83974 -0.00399738 0.00372857 0.999985 107.591 
0.99996 0.00788875 0.0041899 -1.72938 -0.00787783 0.999966 -0.00260614 -1.86587 -0.00421036 0.00257307 0.999988 108.935 
0.999973 0.00546758 0.00488146 -1.74978 -0.00546329 0.999985 -0.00088495 -1.88875 -0.00488626 0.000858299 0.999988 110.294 
0.999973 0.00414459 0.00605213 -1.76473 -0.00414182 0.999991 -0.000462633 -1.91193 -0.00605404 0.000437596 0.999982 111.652 
0.999973 0.00338119 0.00656252 -1.76966 -0.00336824 0.999992 -0.00197806 -1.93514 -0.0065692 0.00195594 0.999977 113.001 
0.999957 0.0056662 0.00738333 -1.78637 -0.00563202 0.999973 -0.00463686 -1.95816 -0.00740945 0.00459512 0.999962 114.354 
0.999931 0.00786884 0.00872041 -1.802 -0.00780945 0.999946 -0.00681926 -1.98673 -0.00877364 0.00675073 0.999939 115.694 
0.999885 0.0112233 0.010222 -1.82005 -0.0111522 0.999913 -0.00698186 -2.01538 -0.0102995 0.0068671 0.999923 117.039 
0.999853 0.012235 0.0119954 -1.83523 -0.0121746 0.999913 -0.00509492 -2.04458 -0.0120567 0.00494817 0.999915 118.397 
0.999835 0.0124133 0.0132686 -1.84244 -0.0123738 0.999919 -0.00304785 -2.07201 -0.0133054 0.0028832 0.999907 119.756 
0.999832 0.0117455 0.0140755 -1.84782 -0.01171 0.999928 -0.00259843 -2.09584 -0.0141051 0.00243321 0.999898 121.115 
0.999806 0.0123665 0.0153028 -1.85433 -0.0123171 0.999919 -0.00331808 -2.12 -0.0153426 0.00312899 0.999877 122.467 
0.99976 0.0142076 0.0166501 -1.86124 -0.0141431 0.999892 -0.00398301 -2.14686 -0.0167049 0.00374661 0.999853 123.809 
0.999708 0.0162048 0.0179312 -1.8653 -0.0161299 0.999861 -0.00431078 -2.17383 -0.0179986 0.00402034 0.99983 125.167 
0.999679 0.0167185 0.019046 -1.86856 -0.0166201 0.999848 -0.00530944 -2.20269 -0.0191319 0.00499123 0.999805 126.501 
0.999634 0.0180848 0.0201269 -1.87144 -0.017961 0.999819 -0.00631314 -2.22926 -0.0202375 0.00594937 0.999778 127.867 
0.999625 0.0172351 0.0213043 -1.86707 -0.0170966 0.999832 -0.00666271 -2.25787 -0.0214156 0.00629601 0.999751 129.228 
0.999606 0.0168239 0.0224869 -1.8665 -0.0167015 0.999845 -0.00561498 -2.28544 -0.0225779 0.00523724 0.999731 130.593 
0.999593 0.0157758 0.0237603 -1.86784 -0.0156633 0.999865 -0.00491128 -2.31048 -0.0238347 0.00453715 0.999706 131.966 
0.999594 0.0149329 0.0242707 -1.8637 -0.0148244 0.999879 -0.00464263 -2.33612 -0.0243371 0.00428099 0.999695 133.327 
0.999615 0.0127258 0.0246415 -1.86258 -0.0126204 0.999911 -0.00442461 -2.36505 -0.0246956 0.00411197 0.999687 134.695 
0.999634 0.0110771 0.0246874 -1.8571 -0.0109838 0.999932 -0.00390892 -2.39222 -0.024729 0.00363637 0.999688 136.051 
0.999658 0.00961763 0.0243013 -1.85063 -0.00951944 0.999946 -0.00415108 -2.41963 -0.02434 0.00391837 0.999696 137.414 
0.999691 0.00837571 0.0233917 -1.84706 -0.0082758 0.999956 -0.00436308 -2.44597 -0.0234272 0.00416819 0.999717 138.775 
0.999722 0.00699045 0.0224995 -1.84161 -0.00691385 0.99997 -0.00347853 -2.47202 -0.0225232 0.00332205 0.999741 140.138 
0.999754 0.00547497 0.0215161 -1.83571 -0.00540505 0.99998 -0.00330431 -2.50127 -0.0215338 0.00318724 0.999763 141.488 
0.999782 0.00507793 0.020258 -1.83291 -0.00501301 0.999982 -0.00325163 -2.53038 -0.0202742 0.00314941 0.99979 142.836 
0.999804 0.00476738 0.0192417 -1.83382 -0.00469553 0.999982 -0.00377488 -2.56013 -0.0192594 0.00368383 0.999808 144.187 
0.999821 0.00487869 0.0182714 -1.83365 -0.00480271 0.99998 -0.00419802 -2.58747 -0.0182916 0.00410956 0.999824 145.544 
0.999844 0.002582 0.0174752 -1.83588 -0.00246802 0.999976 -0.00653821 -2.61594 -0.0174917 0.0064941 0.999826 146.894 
0.999864 -0.0028147 0.0162802 -1.82712 0.00292559 0.999973 -0.0067888 -2.64894 -0.0162607 0.00683555 0.999844 148.247 
0.999826 -0.0104898 0.0154014 -1.81882 0.0105583 0.999935 -0.00437025 -2.67893 -0.0153546 0.00453214 0.999872 149.594 
0.99976 -0.0172052 0.0135853 -1.80777 0.0172462 0.999847 -0.00290107 -2.70649 -0.0135333 0.00313471 0.999904 150.947 
0.999712 -0.0202946 0.0128163 -1.80617 0.0203769 0.999772 -0.00632778 -2.73433 -0.012685 0.00658715 0.999898 152.307 
0.99972 -0.0196556 0.0131564 -1.80972 0.0197819 0.999759 -0.0095336 -2.76612 -0.0129659 0.00979124 0.999868 153.667 
0.999766 -0.0163786 0.014105 -1.81693 0.0165451 0.999794 -0.0117674 -2.80099 -0.0139094 0.0119981 0.999831 155.026 
0.999754 -0.0164467 0.0149165 -1.8213 0.0166256 0.99979 -0.0119493 -2.83677 -0.0147169 0.0121944 0.999817 156.384 
0.999683 -0.0197602 0.0156102 -1.81934 0.0198928 0.999767 -0.00838847 -2.87461 -0.0154408 0.00869638 0.999843 157.742 
0.999565 -0.0248669 0.0158546 -1.80924 0.0249587 0.999673 -0.00561517 -2.90749 -0.0157098 0.00600848 0.999859 159.101 
0.999459 -0.0287835 0.0158918 -1.79976 0.0288524 0.999575 -0.00412018 -2.94126 -0.0157665 0.00457651 0.999865 160.474 
0.999414 -0.0301914 0.016113 -1.80042 0.0302647 0.999533 -0.00432532 -2.97011 -0.0159749 0.00481049 0.999861 161.833 
0.999453 -0.0282656 0.017191 -1.80325 0.02833 0.999593 -0.00350805 -3.00242 -0.0170849 0.00399319 0.999846 163.188 
0.999533 -0.0243465 0.0184424 -1.8083 0.0244324 0.999692 -0.0044495 -3.03284 -0.0183284 0.00489806 0.99982 164.542 
0.999594 -0.0207768 0.0194889 -1.81391 0.0209112 0.999759 -0.00671409 -3.06356 -0.0193448 0.00711894 0.999788 165.893 
0.999638 -0.0178096 0.0201821 -1.81173 0.0179597 0.999812 -0.00727428 -3.09484 -0.0200488 0.00763416 0.99977 167.256 
0.99966 -0.0159734 0.0206305 -1.80588 0.0161037 0.999851 -0.00616139 -3.12856 -0.0205291 0.00649156 0.999768 168.633 
0.99969 -0.014001 0.0205919 -1.80228 0.0141384 0.999879 -0.00653966 -3.16146 -0.0204979 0.00682881 0.999767 170.006 
0.999724 -0.0119253 0.0202425 -1.80336 0.0121081 0.999887 -0.0089258 -3.19579 -0.0201338 0.00916847 0.999755 171.372 
0.999767 -0.00782729 0.0201036 -1.81059 0.0080661 0.999898 -0.0118234 -3.23251 -0.0200091 0.0119828 0.999728 172.733 
0.999794 -0.00245886 0.0201333 -1.81791 0.00272599 0.999909 -0.0132492 -3.26922 -0.020099 0.0133014 0.99971 174.11 
0.999788 0.00223825 0.0204528 -1.82023 -0.00198953 0.999924 -0.0121711 -3.30808 -0.0204786 0.0121279 0.999717 175.491 
0.999762 0.00526022 0.0211762 -1.82344 -0.00504223 0.999934 -0.0103321 -3.34663 -0.0212292 0.0102229 0.999722 176.875 
0.999756 0.00602806 0.0212628 -1.81856 -0.00585241 0.999948 -0.0083116 -3.38048 -0.0213118 0.00818518 0.999739 178.277 
0.999782 0.00312058 0.0206386 -1.8151 -0.00296615 0.999967 -0.00750704 -3.41145 -0.0206614 0.00744423 0.999759 179.66 
0.999818 0.00081004 0.0190383 -1.81041 -0.000670182 0.999973 -0.00734908 -3.44665 -0.0190438 0.00733503 0.999792 181.051 
0.999852 0.000702666 0.0172041 -1.80815 -0.000504141 0.999933 -0.0115385 -3.48258 -0.0172111 0.0115282 0.999785 182.447 
0.99987 0.00264051 0.0159121 -1.81208 -0.00238958 0.999873 -0.0157655 -3.52164 -0.0159518 0.0157255 0.999749 183.848 
0.999855 0.00728713 0.015395 -1.82397 -0.00703519 0.999842 -0.0163534 -3.56624 -0.0155117 0.0162427 0.999748 185.249 
0.999823 0.0106919 0.0154893 -1.83397 -0.0104553 0.999829 -0.0152744 -3.61146 -0.01565 0.0151098 0.999763 186.657 
0.999794 0.0127466 0.0158123 -1.84108 -0.0125589 0.99985 -0.0119132 -3.65057 -0.0159618 0.0117122 0.999804 188.07 
0.999785 0.0133019 0.0158872 -1.8423 -0.0131446 0.999864 -0.00996187 -3.68506 -0.0160176 0.00975094 0.999824 189.511 
0.999791 0.0127539 0.0159988 -1.84754 -0.012607 0.999878 -0.00924619 -3.71368 -0.0161148 0.0090426 0.999829 190.959 
0.999814 0.0109048 0.015905 -1.84611 -0.0107669 0.999904 -0.00872814 -3.74307 -0.0159987 0.00855531 0.999835 192.415 
0.999835 0.00828175 0.0161437 -1.84859 -0.00815052 0.999933 -0.00817525 -3.77664 -0.0162104 0.00804237 0.999836 193.848 
0.999854 0.00527457 0.0162708 -1.84867 -0.00514243 0.999954 -0.00815018 -3.81011 -0.0163131 0.00806536 0.999834 195.285 
0.999858 0.00219593 0.0166902 -1.84618 -0.00207505 0.999972 -0.00725346 -3.83934 -0.0167057 0.00721784 0.999834 196.732 
0.999853 -0.00190003 0.017033 -1.83836 0.0020003 0.999981 -0.00586873 -3.86646 -0.0170216 0.00590198 0.999838 198.191 
0.99984 -0.00453935 0.0173176 -1.83202 0.00464298 0.999972 -0.00594627 -3.89845 -0.0172902 0.00602577 0.999832 199.645 
0.999843 -0.00233638 0.017591 -1.83344 0.00251968 0.999943 -0.0104027 -3.9331 -0.0175657 0.0104455 0.999791 201.08 
0.999825 0.00501692 0.0180273 -1.84358 -0.00473849 0.999869 -0.0154525 -3.9744 -0.0181026 0.0153644 0.999718 202.509 
0.999714 0.0140465 0.0193792 -1.85593 -0.0137451 0.999784 -0.0155981 -4.01385 -0.0195941 0.0153273 0.999691 203.938 
0.999556 0.0216526 0.0204865 -1.8697 -0.0214078 0.999698 -0.0120944 -4.05619 -0.0207422 0.0116505 0.999717 205.375 
0.999512 0.022656 0.0215282 -1.87485 -0.0224431 0.999697 -0.0100787 -4.09136 -0.0217501 0.00959068 0.999717 206.842 
0.999567 0.0206808 0.0209524 -1.86508 -0.0204822 0.999744 -0.00964581 -4.12403 -0.0211466 0.00921252 0.999734 208.299 
0.999647 0.0176728 0.019831 -1.85939 -0.0174837 0.9998 -0.00966308 -4.16015 -0.0199979 0.00931299 0.999757 209.758 
0.999699 0.0155384 0.0189688 -1.85863 -0.015346 0.99983 -0.0102456 -4.19667 -0.0191248 0.00995145 0.999768 211.223 
0.999699 0.0162026 0.0184431 -1.85651 -0.016006 0.999814 -0.010758 -4.23543 -0.018614 0.0104596 0.999772 212.697 
0.999676 0.0175883 0.018409 -1.85844 -0.017394 0.999792 -0.0106631 -4.27444 -0.0185927 0.0103395 0.999774 214.167 
0.999649 0.0188646 0.0186005 -1.86496 -0.0186831 0.999777 -0.0098805 -4.31153 -0.0187827 0.00952956 0.999778 215.644 
0.999663 0.0182352 0.0184874 -1.86575 -0.0180447 0.999783 -0.010418 -4.35081 -0.0186734 0.0100809 0.999775 217.115 
0.999668 0.0181478 0.0182656 -1.86658 -0.0179389 0.999773 -0.0115329 -4.38787 -0.0184708 0.0112015 0.999767 218.584 
0.99968 0.0176683 0.0181067 -1.87079 -0.0174562 0.999778 -0.0118037 -4.42842 -0.0183113 0.0114839 0.999766 220.061 
0.999676 0.0180111 0.0179816 -1.87588 -0.0177971 0.99977 -0.0119854 -4.46715 -0.0181934 0.0116615 0.999767 221.553 
0.999667 0.0185412 0.017936 -1.87955 -0.0183218 0.999756 -0.0123171 -4.506 -0.0181601 0.0119844 0.999763 223.057 
0.999671 0.018534 0.0177077 -1.88201 -0.0183134 0.999754 -0.0125373 -4.54715 -0.0179358 0.0122089 0.999765 224.549 
0.999659 0.0196367 0.0172042 -1.88204 -0.0194151 0.999728 -0.0129556 -4.58849 -0.0174539 0.0126172 0.999768 226.052 
0.999663 0.0195812 0.0170279 -1.8865 -0.019359 0.999727 -0.0131176 -4.62947 -0.0172801 0.0127836 0.999769 227.556 
0.999667 0.0196948 0.0166785 -1.88479 -0.0194769 0.999724 -0.0131258 -4.67404 -0.0169325 0.0127967 0.999775 229.061 
0.999681 0.019069 0.0165894 -1.88841 -0.0188514 0.999736 -0.0131766 -4.71619 -0.0168363 0.0128597 0.999776 230.563 
0.999701 0.0177234 0.0168331 -1.89155 -0.0175003 0.999758 -0.0133101 -4.76065 -0.017065 0.0130116 0.99977 232.073 
0.999717 0.0166447 0.0170153 -1.89062 -0.0164224 0.999779 -0.013119 -4.80228 -0.0172299 0.0128359 0.999769 233.592 
0.99973 0.0153701 0.0174199 -1.89597 -0.0151557 0.999809 -0.0123733 -4.8464 -0.0176068 0.012106 0.999772 235.11 
0.99973 0.015376 0.0174523 -1.89689 -0.0151651 0.999811 -0.012154 -4.88945 -0.017636 0.0118861 0.999774 236.631 
0.999724 0.0155346 0.0176533 -1.89853 -0.0153176 0.999806 -0.0123586 -4.93632 -0.0178419 0.0120849 0.999768 238.152 
0.999706 0.0162113 0.0180089 -1.89689 -0.0159795 0.999789 -0.0129398 -4.98128 -0.0182149 0.0126483 0.999754 239.666 
0.999673 0.0175922 0.0185662 -1.90174 -0.0173656 0.999774 -0.0122926 -5.02475 -0.0187783 0.0119662 0.999752 241.186 
0.999651 0.0177367 0.0195625 -1.91089 -0.0175396 0.999794 -0.0101984 -5.06797 -0.0197394 0.00985174 0.999757 242.707 
0.999637 0.0177417 0.0202658 -1.91041 -0.0175453 0.999798 -0.00983013 -5.10766 -0.0204362 0.00947104 0.999746 244.232 
0.999626 0.0179231 0.0206613 -1.90736 -0.0176889 0.999778 -0.0114627 -5.15108 -0.0208622 0.011093 0.999721 245.75 
0.99961 0.01823 0.021139 -1.90638 -0.0179635 0.999758 -0.012724 -5.19333 -0.0213659 0.0123394 0.999696 247.277 
0.999583 0.0191279 0.0216365 -1.90835 -0.0188639 0.999746 -0.0123405 -5.23659 -0.0218671 0.0119273 0.99969 248.804 
0.999594 0.0186059 0.0215947 -1.90642 -0.0183631 0.999767 -0.011382 -5.27787 -0.0218015 0.0109809 0.999702 250.349 
0.999596 0.0186287 0.0214915 -1.90674 -0.018397 0.999771 -0.010927 -5.31988 -0.0216902 0.0105272 0.999709 251.9 
0.999592 0.019076 0.0212418 -1.90155 -0.0188446 0.999762 -0.0110374 -5.355 -0.0214474 0.0106327 0.999713 253.433 
0.999556 0.0206621 0.021449 -1.89872 -0.0204299 0.999731 -0.0109854 -5.39437 -0.0216702 0.0105423 0.99971 254.994 
0.999522 0.022009 0.0217048 -1.89461 -0.0217679 0.999699 -0.0112797 -5.43105 -0.0219465 0.0108019 0.999701 256.542 
0.999518 0.0222145 0.0216971 -1.88868 -0.0219786 0.999697 -0.0110499 -5.47215 -0.021936 0.0105678 0.999704 258.106 
0.999542 0.021042 0.0217388 -1.88154 -0.0208058 0.999723 -0.0110337 -5.51296 -0.021965 0.0105764 0.999703 259.644 
0.99958 0.0192058 0.0217264 -1.87898 -0.0189856 0.999767 -0.0102939 -5.55389 -0.0219191 0.00987711 0.999711 261.186 
0.999623 0.0167832 0.0217439 -1.86749 -0.0165774 0.999816 -0.00961078 -5.59254 -0.0219012 0.00924674 0.999717 262.734 
0.999655 0.0152208 0.0213943 -1.85697 -0.0150025 0.999834 -0.0103256 -5.63448 -0.0215479 0.0100011 0.999718 264.276 
0.999671 0.0143276 0.021264 -1.84725 -0.0140862 0.999835 -0.0114565 -5.6744 -0.0214247 0.0111532 0.999708 265.824 
0.999677 0.012843 0.0219283 -1.84052 -0.0126329 0.999873 -0.00968864 -5.71528 -0.02205 0.00940853 0.999713 267.373 
0.99968 0.0111386 0.0227004 -1.83874 -0.010957 0.999907 -0.0081052 -5.75539 -0.0227886 0.00785392 0.999709 268.931 
0.999697 0.00967323 0.0226202 -1.83115 -0.00947234 0.999915 -0.00896952 -5.79549 -0.0227051 0.00875258 0.999704 270.485 
0.999686 0.00935716 0.0232459 -1.82475 -0.00912708 0.999909 -0.00998235 -5.83613 -0.0233372 0.00976709 0.99968 272.033 
0.999663 0.0100178 0.0239433 -1.81665 -0.00977287 0.999899 -0.0103222 -5.87677 -0.0240443 0.0100848 0.99966 273.581 
0.999621 0.0119345 0.0248241 -1.80924 -0.0116808 0.999878 -0.01034 -5.91987 -0.0249445 0.0100462 0.999638 275.13 
0.999576 0.0135459 0.0257704 -1.80053 -0.0132716 0.999854 -0.0107816 -5.96095 -0.0259127 0.010435 0.99961 276.686 
0.999527 0.0149885 0.0268392 -1.79158 -0.0146895 0.999828 -0.0113048 -6.0027 -0.0270041 0.0109052 0.999576 278.24 
0.999499 0.0154457 0.0276133 -1.77875 -0.0151311 0.999819 -0.0115653 -6.04461 -0.0277869 0.0111417 0.999552 279.795 
0.99949 0.0153076 0.0280352 -1.76205 -0.0149653 0.999811 -0.012379 -6.0865 -0.0282195 0.0119531 0.99953 281.362 
0.999466 0.0149084 0.0290675 -1.74731 -0.0145419 0.999813 -0.0127785 -6.13435 -0.0292526 0.0123491 0.999496 282.907 
0.999438 0.0148803 0.0300455 -1.72858 -0.0145108 0.999817 -0.0124779 -6.18409 -0.0302258 0.012035 0.999471 284.476 
0.999436 0.0134885 0.0307488 -1.71173 -0.0131382 0.999847 -0.0115647 -6.22816 -0.0309001 0.0111543 0.99946 286.05 
0.999442 0.0122474 0.0310737 -1.69346 -0.0119046 0.999867 -0.01119 -6.27248 -0.0312067 0.0108139 0.999454 287.604 
0.99945 0.0117597 0.0310163 -1.67638 -0.0113454 0.999845 -0.0134976 -6.32074 -0.0311702 0.0131383 0.999428 289.18 
0.99946 0.0106478 0.0310718 -1.65677 -0.0101638 0.999825 -0.0156941 -6.36728 -0.0312336 0.0153698 0.999394 290.741 
0.99948 0.0107838 0.030402 -1.63473 -0.0103139 0.999826 -0.0155705 -6.42052 -0.0305647 0.0152488 0.999417 292.286 
0.999523 0.00971778 0.0293184 -1.61495 -0.00926744 0.999838 -0.0154559 -6.46618 -0.0294639 0.0151769 0.999451 293.831 
0.999557 0.00915257 0.0283208 -1.60029 -0.00870293 0.999835 -0.0159581 -6.5167 -0.0284622 0.0157046 0.999472 295.41 
0.99957 0.00934013 0.0278044 -1.58616 -0.00888861 0.999827 -0.0163171 -6.5635 -0.027952 0.016063 0.99948 297.009 
0.999592 0.00897063 0.0271254 -1.57162 -0.00854492 0.999839 -0.015768 -6.61373 -0.0272625 0.0155298 0.999508 298.585 
0.999622 0.00847903 0.0261443 -1.55908 -0.00807137 0.999845 -0.0156574 -6.66006 -0.026273 0.0154405 0.999536 300.157 
0.999653 0.00770694 0.0251893 -1.54965 -0.00734913 0.999871 -0.0142652 -6.70367 -0.025296 0.0140752 0.999581 301.761 
0.999648 0.00959142 0.0247305 -1.54906 -0.00926805 0.999871 -0.0131553 -6.74742 -0.0248535 0.0129215 0.999608 303.373 
0.999627 0.00987046 0.0254723 -1.54282 -0.00953573 0.999867 -0.0132276 -6.78823 -0.0255995 0.0129798 0.999588 304.98 
0.9996 0.0104264 0.026283 -1.52991 -0.0100684 0.999855 -0.0137143 -6.82943 -0.0264222 0.0134442 0.999561 306.588 
0.999603 0.00918842 0.0266252 -1.51829 -0.00881948 0.999864 -0.0139396 -6.87608 -0.0267497 0.0136993 0.999548 308.194 
0.999629 0.00710088 0.0262937 -1.4836 -0.006711 0.999867 -0.0148849 -6.92352 -0.0263959 0.014703 0.999543 309.809 
0.999626 0.00579398 0.0267406 -1.47478 -0.00534481 0.999844 -0.0168368 -6.97236 -0.0268341 0.0166876 0.999501 311.432 
0.999639 0.00512818 0.0263829 -1.45688 -0.00466028 0.999831 -0.0177644 -7.02523 -0.0264696 0.017635 0.999494 313.046 
0.999694 0.0058611 0.0240511 -1.44517 -0.00540892 0.999808 -0.0188211 -7.07484 -0.0241568 0.0186853 0.999534 314.67 
0.999736 0.0069457 0.0218863 -1.44052 -0.00654867 0.999814 -0.0181586 -7.12867 -0.0220084 0.0180105 0.999596 316.286 
0.999741 0.00777879 0.0213983 -1.43452 -0.00746227 0.999862 -0.0148301 -7.18087 -0.0215108 0.0146666 0.999661 317.924 
0.999743 0.00645873 0.0217529 -1.41494 -0.00619784 0.999908 -0.0120376 -7.22397 -0.0218287 0.0118997 0.999691 319.583 
0.999748 0.00552458 0.0217805 -1.4097 -0.00527619 0.999921 -0.0114435 -7.26469 -0.021842 0.0113257 0.999697 321.22 
0.999749 0.00442659 0.0219845 -1.40243 -0.00414935 0.999912 -0.0126384 -7.30994 -0.0220386 0.012544 0.999678 322.865 
0.999741 0.0035585 0.0224955 -1.40044 -0.0032726 0.999914 -0.0127312 -7.354 -0.0225389 0.0126543 0.999666 324.516 
0.999729 0.00338775 0.0230325 -1.39894 -0.0031001 0.999917 -0.0125114 -7.40076 -0.023073 0.0124367 0.999656 326.173 
0.999712 0.00348671 0.0237381 -1.39605 -0.00318892 0.999916 -0.0125695 -7.44835 -0.0237799 0.0124902 0.999639 327.828 
0.999696 0.00491687 0.0241636 -1.39258 -0.00459172 0.999898 -0.0134916 -7.49766 -0.0242275 0.0133766 0.999617 329.479 
0.999669 0.00573225 0.0250683 -1.39042 -0.00537953 0.999886 -0.0141136 -7.54663 -0.0251464 0.0139741 0.999586 331.128 
0.999646 0.00439291 0.0262533 -1.38775 -0.00407035 0.999916 -0.0123255 -7.59339 -0.0263052 0.0122143 0.999579 332.762 
0.999642 0.00361235 0.0265041 -1.3813 -0.00330712 0.999928 -0.0115494 -7.64192 -0.026544 0.0114577 0.999582 334.42 
0.999646 0.00227176 0.0265277 -1.3667 -0.0019357 0.999918 -0.0126857 -7.68696 -0.0265543 0.0126299 0.999568 336.05 
0.999633 0.00370143 0.0268353 -1.3582 -0.00336575 0.999916 -0.0125418 -7.73932 -0.0268795 0.0124469 0.999561 337.678 
0.999633 0.00541297 0.0265525 -1.34805 -0.0050286 0.999882 -0.0145197 -7.79267 -0.026628 0.0143809 0.999542 339.301 
0.999628 0.00692089 0.0264016 -1.35168 -0.00645697 0.999824 -0.0176152 -7.83781 -0.0265189 0.0174382 0.999496 340.948 
0.999628 0.00834397 0.0259758 -1.34728 -0.00789803 0.999821 -0.0172213 -7.89113 -0.0261149 0.0170098 0.999514 342.579 
0.999646 0.00894584 0.0250497 -1.34411 -0.00859997 0.999867 -0.0138795 -7.94081 -0.0251706 0.0136592 0.99959 344.21 
0.999668 0.00983798 0.0238138 -1.33088 -0.00957989 0.999894 -0.0109258 -7.99224 -0.0239189 0.0106941 0.999657 345.854 
0.999678 0.0103334 0.0231731 -1.34591 -0.0100444 0.999871 -0.0125515 -8.03153 -0.0232999 0.0123147 0.999653 347.509 
0.999718 0.00983436 0.0215955 -1.34216 -0.00953334 0.999857 -0.0139956 -8.07791 -0.02173 0.0137859 0.999669 349.127 
0.999761 0.00862706 0.0201026 -1.34394 -0.00837289 0.999884 -0.0126917 -8.12898 -0.0202098 0.0125204 0.999717 350.756 
0.999782 0.00727818 0.0195542 -1.34776 -0.00703607 0.999898 -0.0124199 -8.1756 -0.0196426 0.0122797 0.999732 352.378 
0.999792 0.00702871 0.0191334 -1.34922 -0.00677713 0.99989 -0.0131799 -8.22396 -0.0192239 0.0130475 0.99973 354.004 
0.999799 0.00652483 0.0189392 -1.34842 -0.00625944 0.999882 -0.0140359 -8.27431 -0.0190286 0.0139146 0.999722 355.628 
0.999801 0.00635109 0.0189256 -1.34466 -0.00608092 0.999879 -0.0142968 -8.32171 -0.0190142 0.0141789 0.999719 357.239 
0.999796 0.00592993 0.0193344 -1.35027 -0.00564678 0.999877 -0.0146648 -8.36905 -0.019419 0.0145527 0.999706 358.847 
0.999798 0.00530068 0.0193704 -1.3517 -0.00500427 0.99987 -0.0153168 -8.41835 -0.0194492 0.0152169 0.999695 360.457 
0.999801 0.00488568 0.0193254 -1.35031 -0.00457677 0.999862 -0.0159948 -8.47009 -0.0194009 0.0159032 0.999685 362.058 
0.999803 0.00405244 0.019421 -1.34799 -0.00374627 0.999869 -0.0157732 -8.52193 -0.0194824 0.0156974 0.999687 363.672 
0.999799 0.00421657 0.0196241 -1.34779 -0.00389324 0.999857 -0.0164836 -8.57482 -0.0196908 0.0164039 0.999672 365.272 
0.9998 0.00256771 0.0198592 -1.35209 -0.00221668 0.999841 -0.0176757 -8.6308 -0.0199014 0.0176282 0.999647 366.881 
0.999801 0.00103852 0.0199244 -1.3537 -0.000720124 0.999872 -0.0159785 -8.68167 -0.0199385 0.015961 0.999674 368.493 
0.999803 -0.000774356 0.0198304 -1.3477 0.00107409 0.999885 -0.0151064 -8.73456 -0.0198164 0.0151247 0.999689 370.106 
0.999799 -0.00118809 0.0200166 -1.34563 0.00151149 0.999869 -0.0161472 -8.78415 -0.0199948 0.0161743 0.999669 371.709 
0.999795 -0.000365207 0.0202416 -1.34321 0.000704099 0.99986 -0.0167357 -8.83847 -0.0202327 0.0167465 0.999655 373.31 
0.999788 0.00106364 0.0205881 -1.34468 -0.000733896 0.999872 -0.0160153 -8.88879 -0.0206025 0.0159969 0.99966 374.934 
0.999774 0.002608 0.0210867 -1.34675 -0.00228502 0.99988 -0.0153243 -8.93788 -0.0211241 0.0152727 0.99966 376.549 
0.999761 0.00307535 0.0216296 -1.34544 -0.00273489 0.999872 -0.0157508 -8.98767 -0.0216754 0.015688 0.999642 378.164 
0.999758 0.0030156 0.0217776 -1.3416 -0.00265257 0.999857 -0.0166777 -9.03813 -0.0218248 0.0166159 0.999624 379.775 
0.999759 0.00292979 0.0217421 -1.32702 -0.00256092 0.999853 -0.016972 -9.08914 -0.0217887 0.0169122 0.99962 381.416 
0.999751 0.00348619 0.0220451 -1.31266 -0.00310769 0.999848 -0.0171783 -9.1444 -0.0221016 0.0171055 0.999609 383.05 
0.999742 0.0047531 0.0221966 -1.31603 -0.00437175 0.999843 -0.0171957 -9.19554 -0.0222749 0.0170942 0.999606 384.697 
0.999727 0.00623351 0.0225127 -1.3135 -0.00585637 0.999842 -0.0167775 -9.2497 -0.0226138 0.0166411 0.999606 386.346 
0.999713 0.00761293 0.0227256 -1.30261 -0.0072155 0.999821 -0.0175173 -9.30385 -0.022855 0.0173483 0.999588 387.985 
0.999705 0.00843339 0.0227932 -1.29023 -0.00801537 0.999799 -0.0183674 -9.35287 -0.0229436 0.0181794 0.999572 389.629 
0.999693 0.00922895 0.0229762 -1.28138 -0.00880202 0.999788 -0.0186117 -9.40434 -0.0231431 0.0184038 0.999563 391.261 
0.999682 0.0101444 0.023108 -1.27577 -0.00973124 0.999792 -0.0179186 -9.45363 -0.023285 0.0176881 0.999572 392.915 
0.999672 0.0110559 0.0231157 -1.26269 -0.0106487 0.999787 -0.0176648 -9.50769 -0.0233062 0.0174129 0.999577 394.556 
0.999651 0.0119429 0.0235755 -1.25871 -0.0115109 0.999765 -0.0183733 -9.56075 -0.0237895 0.0180956 0.999553 396.193 
0.999639 0.0122979 0.0238945 -1.24926 -0.0118643 0.999764 -0.0182008 -9.61468 -0.0241127 0.0179108 0.999549 397.833 
0.999634 0.012379 0.0240386 -1.23978 -0.0119501 0.999768 -0.0179057 -9.66482 -0.0242547 0.0176119 0.999551 399.484 
0.999631 0.0123317 0.0241966 -1.22997 -0.0118749 0.99975 -0.0189302 -9.72212 -0.024424 0.018636 0.999528 401.116 
0.999638 0.0115787 0.0243031 -1.21596 -0.0110963 0.999741 -0.0198906 -9.77999 -0.0245272 0.0196137 0.999507 402.742 
0.999638 0.011085 0.0245336 -1.20692 -0.0105965 0.999745 -0.0199508 -9.83757 -0.0247485 0.0196836 0.9995 404.397 
0.99963 0.0110675 0.0248446 -1.19776 -0.0106023 0.999768 -0.0187781 -9.88875 -0.0250467 0.0185078 0.999515 406.056 
0.999642 0.00946191 0.0250126 -1.18445 -0.00902872 0.999808 -0.0173737 -9.9454 -0.0251722 0.0171417 0.999536 407.708 
0.999652 0.00788064 0.0251844 -1.16558 -0.00742544 0.999808 -0.0181156 -10.0042 -0.0253223 0.0179224 0.999519 409.338 
0.999653 0.00695372 0.0254266 -1.1605 -0.00647411 0.999801 -0.0188948 -10.0632 -0.025553 0.0187236 0.999498 411 
