1 2.12261e-08 -2.11895e-08 0 2.12261e-08 1 2.10703e-08 0 -2.11895e-08 2.10703e-08 1 0 
0.999997 -0.00177334 -0.00187125 -0.00146081 0.00177181 0.999998 -0.000839999 -0.0104987 0.0018727 0.000836723 0.999998 0.576199 
0.999992 -0.00237239 -0.00321201 -0.00798436 0.0023652 0.999995 -0.00225221 -0.0219493 0.00321729 0.00224464 0.999992 1.15038 
0.999983 -0.00266744 -0.00520791 -0.0202079 0.00264849 0.99999 -0.00365008 -0.0335795 0.00521755 0.00363626 0.99998 1.71917 
0.999963 -0.00483347 -0.0071382 -0.0313475 0.00479519 0.999974 -0.00537646 -0.0441336 0.00716396 0.00534207 0.99996 2.28431 
0.999936 -0.00724273 -0.0087046 -0.0441879 0.00717954 0.999948 -0.00727363 -0.0554069 0.00875678 0.00721071 0.999936 2.85793 
0.99991 -0.00846806 -0.0104068 -0.0534588 0.00838287 0.999931 -0.0082063 -0.0628792 0.0104755 0.00811837 0.999912 3.44 
0.999895 -0.00858595 -0.0117067 -0.0717623 0.0084975 0.999935 -0.00758718 -0.0754006 0.0117711 0.00748694 0.999903 4.02904 
0.999878 -0.00891752 -0.0128103 -0.0911043 0.00881578 0.999929 -0.00797982 -0.0905912 0.0128806 0.00786596 0.999886 4.62284 
0.99987 -0.00827007 -0.0138241 -0.113234 0.00812049 0.999908 -0.0108444 -0.104607 0.0139125 0.0107308 0.999846 5.2248 
0.999865 -0.0065168 -0.0150953 -0.134717 0.00629459 0.999872 -0.0147241 -0.11947 0.0151893 0.0146271 0.999778 5.83035 
0.999855 -0.00514378 -0.0162186 -0.162483 0.00484219 0.999816 -0.0185826 -0.133108 0.0163111 0.0185014 0.999696 6.4502 
0.999844 -0.00330359 -0.0173784 -0.188176 0.00297885 0.999821 -0.0186813 -0.144155 0.017437 0.0186266 0.999674 7.08436 
0.999829 -0.000872993 -0.0184863 -0.218557 0.000656072 0.999931 -0.0117393 -0.157436 0.0184952 0.0117252 0.99976 7.74484 
0.999814 -0.000105474 -0.0192843 -0.24591 7.89659e-05 0.999999 -0.00137754 -0.168719 0.0192844 0.00137581 0.999813 8.4204 
0.999797 0.00103435 -0.0201321 -0.272495 -0.000930096 0.999986 0.00518534 -0.181352 0.0201372 -0.00516552 0.999784 9.10268 
0.999766 0.00317958 -0.021402 -0.301818 -0.00308691 0.999986 0.00435949 -0.197413 0.0214156 -0.00429236 0.999761 9.79148 
0.999741 0.00535634 -0.0221148 -0.337805 -0.00542544 0.999981 -0.00306807 -0.2027 0.0220979 0.00318731 0.999751 10.4908 
0.999715 0.00493449 -0.0233806 -0.366472 -0.00514936 0.999945 -0.00914078 -0.202439 0.0233342 0.0092586 0.999685 11.2068 
0.999693 0.00277879 -0.0246406 -0.393045 -0.00296548 0.999967 -0.00754496 -0.20527 0.0246188 0.00761575 0.999668 11.9494 
0.999678 0.00171227 -0.025311 -0.419728 -0.00166867 0.999997 0.00174192 -0.214005 0.0253138 -0.00169909 0.999678 12.7169 
0.999672 0.00117136 -0.0255848 -0.456846 -0.000936312 0.999957 0.0091956 -0.223453 0.0255945 -0.00916859 0.99963 13.5007 
0.999654 0.000393215 -0.0263014 -0.489226 -8.85304e-05 0.999933 0.0115829 -0.225996 0.0263041 -0.0115766 0.999587 14.3021 
0.999651 -0.00161681 -0.0263807 -0.520916 0.00189669 0.999942 0.0105861 -0.226489 0.026362 -0.0106324 0.999596 15.115 
0.999658 -0.0019689 -0.0260629 -0.553351 0.00217753 0.999966 0.00797701 -0.225464 0.0260463 -0.00803099 0.999629 15.9413 
0.999673 0.00053185 -0.0255711 -0.592873 -0.000418217 0.99999 0.00444729 -0.22642 0.0255732 -0.0044351 0.999663 16.7788 
0.999695 -0.00256871 -0.0245755 -0.628099 0.00254685 0.999996 -0.000922363 -0.234653 0.0245778 0.000859534 0.999698 17.6416 
0.9997 -0.00535514 -0.0239013 -0.658158 0.00518379 0.99996 -0.00722712 -0.245168 0.023939 0.00710109 0.999688 18.5166 
0.999732 -0.00439396 -0.0227428 -0.693839 0.00410504 0.999911 -0.0127367 -0.255959 0.0227967 0.01264 0.99966 19.4084 
0.999739 -0.00303121 -0.0226418 -0.731582 0.00272258 0.999903 -0.0136513 -0.271932 0.0226809 0.0135862 0.99965 20.315 
0.999737 -0.00294388 -0.0227346 -0.772191 0.00264884 0.999912 -0.0129988 -0.294622 0.0227708 0.0129352 0.999657 21.2444 
0.999732 -0.00156837 -0.0230837 -0.806393 0.00123605 0.999896 -0.0144057 -0.318004 0.0231038 0.0143734 0.99963 22.1835 
0.999735 0.00131797 -0.022969 -0.848871 -0.0016985 0.999862 -0.0165572 -0.34152 0.022944 0.0165919 0.999599 23.139 
0.999714 0.00475283 -0.0234542 -0.891575 -0.00516225 0.999835 -0.0174282 -0.365968 0.0233675 0.0175443 0.999573 24.1082 
0.999705 0.00634212 -0.0234532 -0.936582 -0.00674914 0.999827 -0.0173183 -0.395946 0.0233392 0.0174715 0.999575 25.0814 
0.999693 0.00709053 -0.0237236 -0.982336 -0.00750374 0.999821 -0.0173761 -0.42671 0.0235961 0.0175489 0.999568 26.0737 
0.999684 0.0073664 -0.0240517 -1.02087 -0.00778226 0.999821 -0.0172442 -0.456957 0.0239204 0.017426 0.999562 27.0658 
0.999665 0.00819187 -0.024571 -1.06517 -0.00858485 0.999836 -0.0159326 -0.490866 0.0244364 0.0161382 0.999571 28.0762 
0.99965 0.00877995 -0.0249414 -1.10886 -0.00912959 0.999861 -0.0139409 -0.520669 0.0248155 0.0141638 0.999592 29.0916 
0.999639 0.00939085 -0.0251843 -1.15641 -0.00971616 0.999871 -0.0128278 -0.548712 0.0250606 0.0130679 0.999601 30.1103 
0.999639 0.00909932 -0.025299 -1.20211 -0.00945053 0.99986 -0.0137994 -0.57844 0.0251698 0.0140335 0.999585 31.1408 
0.999613 0.0103714 -0.0258046 -1.24596 -0.0107534 0.999834 -0.014712 -0.60573 0.0256477 0.0149838 0.999559 32.1739 
0.999599 0.0103247 -0.0263766 -1.29157 -0.0106955 0.999845 -0.0139566 -0.63179 0.0262283 0.0142332 0.999555 33.2164 
0.999586 0.00951115 -0.0271466 -1.33526 -0.00981894 0.999889 -0.0112289 -0.660225 0.0270367 0.0114908 0.999568 34.2726 
0.999567 0.00977105 -0.0277629 -1.38117 -0.00998417 0.999922 -0.00754967 -0.6858 0.0276869 0.00782364 0.999586 35.3315 
0.999548 0.00988251 -0.0283899 -1.4281 -0.010035 0.999936 -0.00523501 -0.70969 0.0283363 0.00551758 0.999583 36.4035 
0.999535 0.00993472 -0.0288196 -1.47802 -0.0100786 0.999937 -0.00485288 -0.732378 0.0287695 0.00514113 0.999573 37.4759 
0.999521 0.00952586 -0.0294343 -1.52673 -0.00971222 0.999934 -0.00619658 -0.753913 0.0293732 0.00647953 0.999548 38.5541 
0.999493 0.00999184 -0.030244 -1.58022 -0.0102041 0.999924 -0.00687292 -0.773238 0.030173 0.00717809 0.999519 39.6429 
0.99947 0.00971652 -0.0310704 -1.631 -0.00989903 0.999935 -0.00572703 -0.795886 0.0310126 0.0060316 0.999501 40.7329 
0.999445 0.00969482 -0.0318868 -1.68455 -0.00981674 0.999945 -0.00367059 -0.820154 0.0318495 0.00398162 0.999485 41.826 
0.999428 0.00965275 -0.0324112 -1.73884 -0.00969855 0.999952 -0.00125733 -0.841112 0.0323975 0.001571 0.999474 42.9129 
0.9994 0.0106888 -0.0329515 -1.79165 -0.0107418 0.999941 -0.00143187 -0.86439 0.0329343 0.00178501 0.999456 44.0002 
0.999373 0.0120126 -0.0333013 -1.84931 -0.0121949 0.999912 -0.00527944 -0.88727 0.0332349 0.00568228 0.999431 45.0788 
0.999356 0.0133639 -0.0333106 -1.90669 -0.013682 0.999863 -0.00934271 -0.910879 0.0331811 0.00979249 0.999401 46.1602 
0.999351 0.013622 -0.0333466 -1.96186 -0.0139479 0.999857 -0.00956241 -0.937333 0.0332116 0.0100214 0.999398 47.2456 
0.99935 0.0141279 -0.0331674 -2.01909 -0.0143673 0.999872 -0.00699411 -0.962959 0.0330643 0.00746614 0.999425 48.3277 
0.999347 0.0148378 -0.0329607 -2.07756 -0.0150059 0.999876 -0.00485761 -0.989862 0.0328845 0.00534908 0.999445 49.4148 
0.999362 0.0132023 -0.033197 -2.12708 -0.0133312 0.999904 -0.0036652 -1.01348 0.0331454 0.00410546 0.999442 50.5089 
0.999383 0.0130317 -0.0326041 -2.18391 -0.0131865 0.999903 -0.0045371 -1.03867 0.0325417 0.00496428 0.999458 51.5964 
0.9994 0.0121969 -0.0324067 -2.23817 -0.012408 0.999903 -0.00632215 -1.06351 0.0323264 0.00672051 0.999455 52.6993 
0.999411 0.0121687 -0.032093 -2.28934 -0.0124418 0.999888 -0.00832534 -1.08979 0.031988 0.00871978 0.99945 53.7968 
0.999423 0.0107965 -0.0322012 -2.33746 -0.0111458 0.999881 -0.0106913 -1.11877 0.0320819 0.0110441 0.999424 54.8902 
0.999438 0.00909092 -0.0322759 -2.38636 -0.00954148 0.999859 -0.0138347 -1.15269 0.0321456 0.0141349 0.999383 55.9781 
0.999457 0.00756736 -0.0320583 -2.44117 -0.00806784 0.999847 -0.0155123 -1.18612 0.031936 0.0157625 0.999366 57.0718 
0.999474 0.00593928 -0.0318816 -2.49241 -0.00636416 0.999892 -0.0132432 -1.21789 0.0317994 0.0134392 0.999404 58.1661 
0.999481 0.00459683 -0.0318783 -2.54143 -0.00483321 0.999961 -0.00734327 -1.2467 0.0318433 0.00749357 0.999465 59.2629 
0.999486 0.00319368 -0.0318896 -2.59091 -0.00324009 0.999994 -0.00140499 -1.27029 0.0318849 0.00150763 0.99949 60.3613 
0.999485 0.00144955 -0.0320478 -2.64065 -0.00147197 0.999999 -0.000677356 -1.29106 0.0320467 0.000724224 0.999486 61.4609 
0.999487 -0.0020259 -0.0319632 -2.6875 0.00190611 0.999991 -0.00377925 -1.3093 0.0319706 0.00371643 0.999482 62.5561 
0.999478 -0.0034485 -0.0321107 -2.73919 0.00322722 0.999971 -0.00694181 -1.33149 0.0321337 0.0068346 0.99946 63.6515 
0.999481 -0.00160885 -0.0321762 -2.79554 0.00126015 0.99994 -0.0108558 -1.36244 0.0321917 0.0108096 0.999423 64.7443 
0.999477 -0.00146186 -0.0323007 -2.84708 0.000970518 0.999884 -0.0152232 -1.39003 0.0323191 0.0151839 0.999362 65.8402 
0.999493 0.00159258 -0.0318124 -2.9033 -0.00210291 0.99987 -0.0160161 -1.41917 0.0317827 0.016075 0.999366 66.9451 
0.999506 0.00563603 -0.0309076 -2.96685 -0.00601723 0.999907 -0.0122558 -1.45436 0.0308356 0.0124358 0.999447 68.051 
0.999493 0.00698018 -0.0310742 -3.02018 -0.00730277 0.999921 -0.0102811 -1.48424 0.031 0.0105029 0.999464 69.1512 
0.999494 0.00629563 -0.0311864 -3.07163 -0.00659228 0.999934 -0.00942002 -1.5134 0.031125 0.00962088 0.999469 70.2539 
0.999502 0.0046593 -0.0312238 -3.12409 -0.0049307 0.999951 -0.00862206 -1.54144 0.0311821 0.00877176 0.999475 71.3547 
0.999495 0.00341516 -0.0315846 -3.17486 -0.00364453 0.999967 -0.00720864 -1.56926 0.0315589 0.00732016 0.999475 72.4558 
0.999482 0.00184467 -0.0321263 -3.2239 -0.00201322 0.999984 -0.00521612 -1.59539 0.0321161 0.00527814 0.99947 73.5566 
0.999451 0.000630344 -0.0331386 -3.27529 -0.000749944 0.999993 -0.00359804 -1.6214 0.0331361 0.00362096 0.999444 74.6598 
0.999433 -0.000257257 -0.0336746 -3.33602 9.36817e-05 0.999988 -0.00486027 -1.64779 0.0336754 0.0048544 0.999421 75.7586 
0.999406 -0.00010924 -0.0344536 -3.38812 -0.000191652 0.999962 -0.00873103 -1.67279 0.0344532 0.00873249 0.999368 76.8466 
0.999376 0.000450238 -0.0353128 -3.44243 -0.000832233 0.999941 -0.0108047 -1.70097 0.0353058 0.0108274 0.999318 77.9399 
0.999342 0.00235865 -0.0361938 -3.50224 -0.00269062 0.999955 -0.0091271 -1.73083 0.0361706 0.00921852 0.999303 79.0257 
0.999307 0.00316059 -0.037099 -3.55872 -0.0033462 0.999982 -0.00494312 -1.75696 0.0370827 0.00506388 0.999299 80.1122 
0.999272 0.00466441 -0.0378682 -3.616 -0.00470221 0.999989 -0.00091015 -1.78116 0.0378635 0.00108759 0.999282 81.1947 
0.999243 0.00576623 -0.0384636 -3.6806 -0.00578444 0.999983 -0.000363155 -1.80276 0.0384608 0.000585413 0.99926 82.2794 
0.999216 0.00553685 -0.0391989 -3.73755 -0.00563816 0.999981 -0.00247556 -1.82292 0.0391844 0.00269467 0.999228 83.3576 
0.999195 0.00551111 -0.0397496 -3.79776 -0.00564865 0.999978 -0.00334961 -1.8439 0.0397303 0.00357149 0.999204 84.4248 
0.999174 0.00469898 -0.0403716 -3.85787 -0.00484276 0.999982 -0.0034653 -1.86963 0.0403546 0.00365799 0.999179 85.4793 
0.999144 0.00355742 -0.0412219 -3.91678 -0.00369049 0.999988 -0.00315344 -1.89588 0.0412102 0.00330291 0.999145 86.5214 
0.99911 0.00243163 -0.0421102 -3.96589 -0.00250494 0.999995 -0.00168921 -1.91766 0.0421058 0.00179324 0.999112 87.5574 
0.999086 0.00254049 -0.0426686 -4.02862 -0.00250125 0.999996 0.000972096 -1.94076 0.0426709 -0.00086444 0.999089 88.5591 
0.999056 0.00162905 -0.0434135 -4.0936 -0.00154843 0.999997 0.00188977 -1.96465 0.0434164 -0.00182072 0.999055 89.5449 
0.99896 0.000749761 -0.0455898 -4.15296 -0.000657354 0.999998 0.00204097 -1.98406 0.0455912 -0.00200884 0.998958 90.5083 
0.998809 7.9898e-05 -0.0487951 -4.21479 -2.54156e-05 0.999999 0.00111633 -2.00609 0.0487951 -0.00111371 0.998808 91.451 
0.998641 7.75054e-05 -0.0521179 -4.28061 -6.28556e-05 1 0.000281935 -2.02747 0.0521179 -0.000278233 0.998641 92.3681 
0.998485 -0.000346531 -0.0550171 -4.34886 0.000375805 1 0.000520997 -2.04731 0.0550168 -0.00054084 0.998485 93.2665 
0.998322 0.000962768 -0.0578962 -4.41993 -0.000870551 0.999998 0.0016173 -2.06805 0.0578976 -0.00156414 0.998321 94.1352 
0.998133 0.00192248 -0.0610466 -4.48816 -0.00175735 0.999995 0.00275791 -2.08855 0.0610516 -0.00264544 0.998131 94.9804 
0.997964 0.00323549 -0.0637054 -4.56215 -0.00298395 0.999987 0.0040426 -2.10306 0.0637176 -0.00384423 0.997961 95.8012 
0.997788 0.00482058 -0.0663086 -4.63249 -0.00451311 0.999978 0.00478524 -2.11775 0.0663302 -0.00447535 0.997788 96.5961 
0.997616 0.00700723 -0.0686603 -4.70643 -0.00666692 0.999964 0.00518374 -2.13522 0.0686941 -0.00471358 0.997627 97.358 
0.997403 0.0088862 -0.0714702 -4.77459 -0.00861606 0.999955 0.00408667 -2.15305 0.0715032 -0.00346023 0.997434 98.0935 
0.997207 0.0100894 -0.0740097 -4.84378 -0.0100878 0.999949 0.000395378 -2.17125 0.0740099 0.000352367 0.997257 98.795 
0.99699 0.0124581 -0.0765184 -4.915 -0.0127568 0.999913 -0.00341673 -2.18671 0.0764691 0.00438262 0.997062 99.4744 
0.996805 0.0141698 -0.0786047 -4.9763 -0.0147017 0.999873 -0.00619348 -2.20064 0.0785069 0.00732936 0.996887 100.127 
0.996709 0.0162688 -0.0794179 -5.04003 -0.0168926 0.999831 -0.00719024 -2.21676 0.0792875 0.0085082 0.996816 100.744 
0.996721 0.0184892 -0.0787714 -5.09704 -0.019085 0.999795 -0.0068178 -2.23353 0.0786291 0.00829883 0.996869 101.338 
0.996872 0.0222342 -0.0758396 -5.15567 -0.0226995 0.999728 -0.00527977 -2.25246 0.0757015 0.00698482 0.997106 101.912 
0.997203 0.0249943 -0.070445 -5.2038 -0.0253324 0.999671 -0.00391088 -2.26739 0.0703241 0.00568452 0.997508 102.462 
0.997667 0.0257691 -0.0632145 -5.23878 -0.0259459 0.999661 -0.00197815 -2.28162 0.0631421 0.00361374 0.997998 102.99 
0.998232 0.0256958 -0.0535971 -5.26861 -0.0257133 0.999669 0.000362435 -2.2914 0.0535886 0.00101641 0.998563 103.492 
0.998809 0.0251516 -0.0418154 -5.2876 -0.0251099 0.999684 0.00152264 -2.30279 0.0418404 -0.000470808 0.999124 103.972 
0.999299 0.0242833 -0.0284854 -5.29741 -0.0242489 0.999705 0.00155073 -2.31393 0.0285146 -0.00085886 0.999593 104.429 
0.99962 0.0241235 -0.0133695 -5.29948 -0.0241154 0.999709 0.00076369 -2.32667 0.013384 -0.000440946 0.99991 104.866 
0.999729 0.0228169 0.00471713 -5.29024 -0.022806 0.999737 -0.00234228 -2.33877 -0.00476937 0.0022341 0.999986 105.292 
0.999409 0.022352 0.0261145 -5.27293 -0.0221768 0.99973 -0.00697897 -2.35015 -0.0262635 0.00639575 0.999635 105.702 
0.998528 0.0201786 0.0503549 -5.23536 -0.0196096 0.999739 -0.011766 -2.36135 -0.0505792 0.0107613 0.998662 106.104 
0.996817 0.0179272 0.0776858 -5.18871 -0.0168617 0.999755 -0.0143503 -2.37492 -0.077924 0.0129947 0.996875 106.5 
0.994064 0.0151384 0.107737 -5.127 -0.0135363 0.999787 -0.0155856 -2.38697 -0.10795 0.0140348 0.994057 106.882 
0.990026 0.0129306 0.140289 -5.05026 -0.0105918 0.999792 -0.0174048 -2.40053 -0.140485 0.0157453 0.989958 107.259 
0.984314 0.010455 0.176118 -4.95991 -0.00722809 0.999794 -0.0189538 -2.4147 -0.17628 0.0173835 0.984187 107.625 
0.976677 0.00716645 0.214593 -4.85407 -0.00310964 0.99981 -0.0192361 -2.4293 -0.21469 0.0181202 0.976514 107.977 
0.966929 0.00504257 0.254995 -4.73739 0.000100073 0.999797 -0.0201505 -2.44323 -0.255044 0.0195096 0.966733 108.322 
0.954835 0.00599658 0.297075 -4.61254 0.000310444 0.999776 -0.0211785 -2.4585 -0.297135 0.0203143 0.954619 108.655 
0.93973 0.00814007 0.341822 -4.47835 -0.000812344 0.999767 -0.0215748 -2.47389 -0.341918 0.0199969 0.939517 108.974 
0.922041 0.00816319 0.387006 -4.32585 -0.00038272 0.999796 -0.0201769 -2.48831 -0.387092 0.0184559 0.921856 109.285 
0.901827 0.00767275 0.432029 -4.15595 0.000544316 0.999821 -0.0188927 -2.50021 -0.432097 0.0172731 0.901662 109.583 
0.87869 0.00618837 0.477353 -3.97457 0.00329542 0.999814 -0.0190274 -2.51762 -0.477382 0.0182923 0.878505 109.865 
0.853419 0.00670851 0.521182 -3.77918 0.00488598 0.99977 -0.0208693 -2.53467 -0.521203 0.0203568 0.85319 110.135 
0.825509 0.00886639 0.564319 -3.573 0.00566591 0.999696 -0.0239951 -2.55118 -0.564361 0.0230056 0.825208 110.399 
0.794595 0.0136202 0.606988 -3.35096 0.004322 0.999596 -0.0280877 -2.56754 -0.607125 0.0249417 0.794215 110.656 
0.760325 0.0200186 0.649234 -3.1147 0.00105356 0.999486 -0.0320521 -2.57826 -0.649542 0.025054 0.759913 110.908 
0.722379 0.0247572 0.691055 -2.86103 -0.0011999 0.999402 -0.0345494 -2.59135 -0.691497 0.0241286 0.721976 111.153 
0.68248 0.0250906 0.730473 -2.58325 0.00113528 0.999373 -0.0353876 -2.60472 -0.730903 0.0249806 0.682024 111.379 
0.640694 0.0225668 0.767465 -2.28345 0.0051671 0.999419 -0.0337008 -2.61913 -0.767779 0.0255575 0.640205 111.591 
0.595987 0.0206457 0.802728 -1.96973 0.00671753 0.999506 -0.0306941 -2.63028 -0.802966 0.0236857 0.595554 111.793 
0.548913 0.0193954 0.835655 -1.65579 0.00692218 0.999591 -0.0277472 -2.64441 -0.835851 0.0210153 0.548554 111.971 
0.500365 0.0168196 0.865651 -1.31833 0.00859068 0.999666 -0.0243891 -2.65925 -0.865772 0.01964 0.500053 112.135 
0.448963 0.0131053 0.893454 -0.965778 0.0107113 0.999742 -0.0200467 -2.6767 -0.893486 0.0185704 0.448707 112.282 
0.396693 0.0132217 0.917856 -0.605664 0.00811177 0.999807 -0.017908 -2.6941 -0.917915 0.0145494 0.39651 112.415 
0.345111 0.0181732 0.938386 -0.245242 0.00440855 0.99977 -0.0209833 -2.70969 -0.938552 0.0113785 0.344951 112.527 
0.29427 0.0232687 0.955439 0.129448 0.00405941 0.999664 -0.025596 -2.72093 -0.955714 0.0114107 0.294077 112.618 
0.247254 0.0253798 0.968618 0.519335 0.00506923 0.999609 -0.0274858 -2.73619 -0.968937 0.0117061 0.247029 112.692 
0.205746 0.0249758 0.978287 0.926589 0.0118362 0.999538 -0.0280075 -2.75347 -0.978534 0.0173416 0.205355 112.746 
0.17052 0.0248508 0.985041 1.35992 0.0198568 0.999392 -0.0286502 -2.76521 -0.985154 0.0244452 0.169923 112.791 
0.139956 0.0261678 0.989812 1.80319 0.0238853 0.999271 -0.0297951 -2.77705 -0.98987 0.027812 0.139229 112.834 
0.111764 0.0248127 0.993425 2.27363 0.022056 0.99938 -0.0274428 -2.79085 -0.99349 0.0249781 0.111148 112.883 
0.0862123 0.0214338 0.996046 2.76165 0.0160248 0.999609 -0.0228975 -2.8054 -0.996148 0.0179355 0.0858351 112.928 
0.0622334 0.01749 0.997908 3.26465 0.0110306 0.999773 -0.0182106 -2.82185 -0.998001 0.0121409 0.0620264 112.962 
0.0395742 0.0149316 0.999105 3.78331 0.0153651 0.999761 -0.01555 -2.84078 -0.999099 0.0159667 0.0393353 112.972 
0.0193352 0.0154662 0.999693 4.33077 0.0228452 0.999613 -0.0159068 -2.86218 -0.999552 0.0231457 0.0189744 112.972 
0.00208883 0.0178069 0.999839 4.88134 0.0281517 0.999444 -0.0178587 -2.8774 -0.999602 0.0281844 0.00158637 112.962 
-0.0123868 0.0233261 0.999651 5.45206 0.0284093 0.999333 -0.0229666 -2.88972 -0.99952 0.0281149 -0.0130412 112.956 
-0.0231731 0.0280358 0.999338 6.04649 0.0257798 0.999291 -0.0274366 -2.90159 -0.999399 0.025127 -0.0238794 112.949 
-0.0296366 0.0278043 0.999174 6.66926 0.0283819 0.999233 -0.026964 -2.91716 -0.999158 0.0275594 -0.030403 112.937 
-0.03216 0.024416 0.999185 7.31027 0.0343482 0.999138 -0.0233093 -2.94273 -0.998892 0.0335706 -0.0329709 112.914 
-0.0313909 0.0228538 0.999246 7.95805 0.0361577 0.99911 -0.0217147 -2.96011 -0.998853 0.0354488 -0.0321893 112.893 
-0.0294771 0.0224958 0.999312 8.63908 0.0349347 0.999159 -0.0214618 -2.98081 -0.998955 0.0342781 -0.0302382 112.887 
-0.0280101 0.0229358 0.999345 9.33665 0.031471 0.999261 -0.0220518 -3.00202 -0.999112 0.0308327 -0.0287112 112.887 
-0.0269404 0.0242472 0.999343 10.0531 0.0307057 0.999254 -0.0234172 -3.02036 -0.999165 0.0300546 -0.0276649 112.888 
-0.0259315 0.0250383 0.99935 10.7856 0.0303687 0.999245 -0.0242476 -3.0447 -0.999202 0.0297202 -0.0266723 112.88 
-0.0250229 0.024423 0.999389 11.5304 0.0300583 0.999268 -0.0236674 -3.07263 -0.999235 0.0294477 -0.0257387 112.876 
-0.0243107 0.0232559 0.999434 12.2927 0.0289611 0.999326 -0.0225489 -3.09647 -0.999285 0.0283965 -0.0249678 112.874 
-0.0239048 0.0220488 0.999471 13.0725 0.0296006 0.999334 -0.0213377 -3.1207 -0.999276 0.0290749 -0.0245416 112.871 
-0.0244782 0.0197873 0.999505 13.8591 0.0303075 0.999359 -0.0190422 -3.14718 -0.999241 0.0298264 -0.0250622 112.865 
-0.0258755 0.0181284 0.999501 14.6542 0.0278451 0.999461 -0.0174068 -3.17176 -0.999277 0.0273808 -0.0263663 112.868 
-0.0270926 0.0169968 0.999488 15.4525 0.0268516 0.999507 -0.0162692 -3.19734 -0.999272 0.0263971 -0.0275356 112.864 
-0.0280334 0.0145119 0.999502 16.2641 0.0294795 0.999472 -0.0136846 -3.21843 -0.999172 0.0290811 -0.0284463 112.849 
-0.0290027 0.0128987 0.999496 17.0893 0.0310451 0.999446 -0.0119972 -3.2412 -0.999097 0.0306815 -0.0293871 112.834 
-0.0306895 0.012021 0.999457 17.9191 0.0282276 0.999539 -0.0111552 -3.26671 -0.99913 0.02787 -0.0310147 112.824 
-0.0315691 0.0167458 0.999361 18.7475 0.0254815 0.999548 -0.015944 -3.28746 -0.999177 0.0249619 -0.0319815 112.814 
-0.0322512 0.0213628 0.999252 19.5855 0.0268746 0.999429 -0.0204992 -3.31156 -0.999118 0.0261933 -0.0328069 112.798 
-0.0332838 0.0230413 0.99918 20.4315 0.0272032 0.999385 -0.0221398 -3.33681 -0.999076 0.026444 -0.0338901 112.783 
-0.0347635 0.020897 0.999177 21.2808 0.0237564 0.999516 -0.0200775 -3.36487 -0.999113 0.0230389 -0.0352432 112.774 
-0.0359233 0.0167817 0.999214 22.1345 0.0209046 0.999653 -0.0160375 -3.39404 -0.999136 0.020312 -0.0362617 112.765 
-0.0363325 0.0115191 0.999273 22.9895 0.0193803 0.999754 -0.0108199 -3.42125 -0.999152 0.0189731 -0.0365468 112.752 
-0.0366684 0.00596941 0.99931 23.8477 0.0158139 0.99986 -0.00539238 -3.44267 -0.999202 0.0156052 -0.0367577 112.742 
-0.0366245 0.00468667 0.999318 24.7028 0.0132878 0.999903 -0.00420238 -3.46847 -0.999241 0.0131248 -0.0366832 112.733 
-0.0356557 0.0115068 0.999298 25.547 0.0162731 0.999808 -0.010932 -3.49579 -0.999232 0.0158719 -0.0358361 112.715 
-0.0347439 0.0226097 0.999141 26.3833 0.0184615 0.999588 -0.0219778 -3.51969 -0.999226 0.0176821 -0.035147 112.701 
-0.0341443 0.0279303 0.999027 27.2209 0.0204151 0.99942 -0.0272435 -3.54181 -0.999208 0.019465 -0.0346947 112.684 
-0.032757 0.0223398 0.999214 28.0619 0.0220509 0.999523 -0.0216238 -3.57506 -0.99922 0.0213253 -0.033234 112.669 
-0.0317689 0.0145405 0.99939 28.9024 0.0251716 0.999589 -0.0137432 -3.60682 -0.999178 0.0247196 -0.0321219 112.65 
-0.0310733 0.0116991 0.999449 29.7332 0.0266293 0.999586 -0.0108727 -3.6332 -0.999162 0.0262768 -0.0313719 112.636 
-0.0313092 0.0122063 0.999435 30.5568 0.0253903 0.999613 -0.011413 -3.66179 -0.999187 0.0250186 -0.031607 112.627 
-0.0321227 0.0131323 0.999398 31.379 0.022535 0.999669 -0.0124115 -3.68659 -0.99923 0.0221228 -0.032408 112.619 
-0.0340299 0.0133419 0.999332 32.1947 0.0205896 0.999708 -0.0126457 -3.71058 -0.999209 0.0201455 -0.0342947 112.61 
-0.0362542 0.0133221 0.999254 33.0156 0.0203928 0.999713 -0.0125883 -3.737 -0.999135 0.0199212 -0.0365154 112.598 
-0.0381532 0.0136532 0.999179 33.823 0.0195088 0.999726 -0.0129157 -3.76425 -0.999081 0.019 -0.0384091 112.581 
-0.0401297 0.0139456 0.999097 34.6302 0.0178464 0.999753 -0.0132379 -3.79097 -0.999035 0.0172991 -0.0403686 112.566 
-0.0420608 0.013116 0.999029 35.4326 0.0161298 0.999792 -0.0124469 -3.81482 -0.998985 0.0155906 -0.0422636 112.55 
-0.0440532 0.011917 0.998958 36.231 0.0169549 0.999794 -0.0111793 -3.84404 -0.998885 0.0164448 -0.0442461 112.528 
-0.0460898 0.0120887 0.998864 37.0233 0.0167477 0.999796 -0.0113272 -3.86908 -0.998797 0.0162066 -0.0462828 112.509 
-0.0479622 0.0131451 0.998763 37.8111 0.0166405 0.999785 -0.0123595 -3.89262 -0.998711 0.0160271 -0.0481706 112.488 
-0.0487733 0.0133762 0.99872 38.592 0.0171677 0.999774 -0.0125519 -3.91673 -0.998662 0.0165335 -0.0489919 112.462 
-0.0498898 0.0122218 0.99868 39.3738 0.0192241 0.999752 -0.0112745 -3.9419 -0.99857 0.0186362 -0.0501123 112.434 
-0.0514656 0.0113259 0.998611 40.1533 0.0193578 0.999759 -0.0103412 -3.96926 -0.998487 0.0187987 -0.0516725 112.41 
-0.0526366 0.0110217 0.998553 40.925 0.0183515 0.999781 -0.0100678 -3.99202 -0.998445 0.017795 -0.0528274 112.385 
-0.0538803 0.0102116 0.998495 41.6811 0.0165261 0.99982 -0.00933337 -4.01364 -0.998411 0.0159983 -0.0540393 112.363 
-0.0546883 0.0090304 0.998463 42.4213 0.0154439 0.999847 -0.00819698 -4.03587 -0.998384 0.0149718 -0.0548194 112.339 
-0.0553779 0.008631 0.998428 43.1381 0.0158942 0.999844 -0.00776162 -4.05915 -0.998339 0.0154394 -0.0555064 112.313 
-0.0555579 0.0112228 0.998392 43.8442 0.0160393 0.999818 -0.0103462 -4.0832 -0.998327 0.0154387 -0.0557277 112.287 
-0.0553811 0.0139339 0.998368 44.5462 0.0160382 0.999786 -0.013064 -4.10668 -0.998337 0.0152885 -0.0555927 112.259 
-0.0553579 0.0155699 0.998345 45.2469 0.0142618 0.999789 -0.0148016 -4.1315 -0.998365 0.0134188 -0.0555683 112.235 
-0.0555661 0.0163724 0.998321 45.9413 0.0146352 0.999772 -0.0155816 -4.15633 -0.998348 0.0137448 -0.055793 112.209 
-0.0552698 0.016267 0.998339 46.6351 0.0159969 0.999753 -0.0154044 -4.17887 -0.998343 0.0151189 -0.0555164 112.178 
-0.0553188 0.0159166 0.998342 47.3237 0.0169869 0.999743 -0.0149977 -4.20087 -0.998324 0.0161291 -0.0555749 112.15 
-0.0553582 0.0159373 0.998339 48.0085 0.0131664 0.999797 -0.0152305 -4.22491 -0.99838 0.0123014 -0.0555568 112.127 
-0.0551292 0.0161411 0.998349 48.693 0.0107061 0.999821 -0.0155737 -4.25041 -0.998422 0.00982985 -0.0552921 112.108 
-0.0548684 0.0146729 0.998386 49.3819 0.012663 0.999822 -0.0139981 -4.27369 -0.998413 0.0118745 -0.0550445 112.08 
-0.0557143 0.0141021 0.998347 50.0594 0.0132063 0.999823 -0.0133859 -4.29608 -0.998359 0.0124386 -0.0558907 112.052 
-0.059258 0.0136641 0.998149 50.7387 0.0101528 0.999863 -0.0130847 -4.31714 -0.998191 0.00935866 -0.0593886 112.029 
-0.0644407 0.0133373 0.997832 51.4137 0.00625907 0.999896 -0.0129606 -4.34074 -0.997902 0.00541031 -0.0645175 112.004 
-0.0701373 0.0171326 0.99739 52.0836 0.0101335 0.999813 -0.0164616 -4.36156 -0.997486 0.0089525 -0.0702979 111.964 
-0.0766061 0.0200508 0.99686 52.7577 0.012535 0.999738 -0.0191454 -4.38007 -0.996983 0.0110289 -0.0768374 111.916 
-0.0840007 0.0218171 0.996227 53.4339 0.0118117 0.999712 -0.0208975 -4.40098 -0.996396 0.0100117 -0.0842342 111.872 
-0.090199 0.0210622 0.995701 54.1148 0.00814527 0.999759 -0.0204102 -4.42488 -0.99589 0.00626928 -0.0903488 111.827 
-0.0954865 0.0199187 0.995231 54.8036 0.00782524 0.999784 -0.019259 -4.44916 -0.9954 0.00594895 -0.0956217 111.774 
-0.099886 0.0204693 0.994788 55.4966 0.00556219 0.999784 -0.0200136 -4.47367 -0.994983 0.00353412 -0.0999783 111.717 
-0.103826 0.0199376 0.994396 56.1975 0.0034993 0.9998 -0.0196806 -4.49434 -0.994589 0.00143633 -0.103875 111.661 
-0.106452 0.0167715 0.994176 56.9044 0.00412562 0.999857 -0.0164255 -4.5161 -0.994309 0.00235307 -0.106506 111.599 
-0.108185 0.0137183 0.994036 57.6196 0.00628379 0.999894 -0.0131152 -4.5353 -0.994111 0.00482744 -0.10826 111.531 
-0.109519 0.0109461 0.993924 58.3412 0.00611662 0.999928 -0.0103382 -4.55726 -0.993966 0.00494723 -0.109578 111.466 
-0.110834 0.0107931 0.99378 59.0681 0.00526969 0.999933 -0.0102722 -4.57585 -0.993825 0.00409841 -0.110883 111.402 
-0.110992 0.0146312 0.993714 59.7976 0.00725107 0.999877 -0.013912 -4.59408 -0.993795 0.00566137 -0.111084 111.331 
-0.110945 0.0185124 0.993654 60.5364 0.0130668 0.999767 -0.0171673 -4.61665 -0.993741 0.0110793 -0.111161 111.253 
-0.111336 0.0232783 0.99351 61.2779 0.0207543 0.999562 -0.0210943 -4.64201 -0.993566 0.018271 -0.11177 111.171 
-0.111825 0.0245163 0.993425 62.0266 0.0213616 0.999524 -0.0222622 -4.66528 -0.993498 0.0187317 -0.112296 111.096 
-0.112048 0.0223498 0.993451 62.7797 0.0194602 0.999605 -0.0202934 -4.68957 -0.993512 0.0170589 -0.112439 111.029 
-0.111745 0.0173816 0.993585 63.5338 0.0198123 0.999687 -0.0152601 -4.71851 -0.993539 0.01798 -0.112055 110.955 
-0.111539 0.015322 0.993642 64.2876 0.022041 0.999673 -0.0129408 -4.7442 -0.993516 0.0204574 -0.11184 110.878 
-0.112521 0.0149242 0.993537 65.0347 0.0223077 0.999673 -0.0124899 -4.76991 -0.993399 0.0207582 -0.112817 110.807 
-0.114175 0.0157186 0.993336 65.779 0.0206399 0.999697 -0.0134469 -4.7943 -0.993246 0.018967 -0.114465 110.737 
-0.116233 0.0164356 0.993086 66.5202 0.0198666 0.999702 -0.0142198 -4.81676 -0.993023 0.0180764 -0.116525 110.665 
-0.118327 0.0165793 0.992836 67.2643 0.0211053 0.999677 -0.0141782 -4.84102 -0.99275 0.0192765 -0.118638 110.588 
-0.120048 0.0167991 0.992626 68.0068 0.0214639 0.999667 -0.0143224 -4.86494 -0.992536 0.0195862 -0.120368 110.509 
-0.121972 0.016433 0.992398 68.7555 0.0213948 0.999674 -0.0139239 -4.88787 -0.992303 0.0195338 -0.122284 110.43 
-0.123487 0.0167941 0.992204 69.5042 0.0193396 0.999708 -0.0145141 -4.9104 -0.992158 0.0173965 -0.123776 110.352 
-0.124634 0.018276 0.992035 70.2676 0.0193509 0.999685 -0.0159858 -4.93437 -0.992014 0.0172043 -0.124948 110.273 
-0.125487 0.0186423 0.99192 71.0296 0.0180401 0.999701 -0.0165063 -4.95722 -0.991931 0.015823 -0.125786 110.194 
-0.126952 0.0190762 0.991725 71.8003 0.0179412 0.999696 -0.0169328 -4.97898 -0.991747 0.0156431 -0.127255 110.118 
-0.128037 0.0173407 0.991618 72.5847 0.018634 0.999713 -0.0150762 -5.00486 -0.991594 0.0165475 -0.128324 110.031 
-0.129182 0.0150543 0.991507 73.3721 0.0163217 0.999782 -0.0130533 -5.02765 -0.991487 0.0144968 -0.1294 109.949 
-0.131109 0.0133139 0.991279 74.1685 0.013666 0.999839 -0.0116213 -5.04427 -0.991274 0.0120232 -0.13127 109.871 
-0.13329 0.0128242 0.990994 74.9609 0.0151061 0.999826 -0.0109067 -5.06607 -0.990962 0.0135163 -0.133461 109.78 
-0.135027 0.0133243 0.990752 75.753 0.0163932 0.999803 -0.0112118 -5.08998 -0.990706 0.0147277 -0.135219 109.685 
-0.137266 0.0145593 0.990427 76.5579 0.015844 0.999796 -0.0125011 -5.11232 -0.990408 0.0139764 -0.137469 109.592 
-0.138761 0.0181378 0.99016 77.3643 0.0174086 0.999722 -0.0158733 -5.13666 -0.990173 0.0150347 -0.139038 109.493 
-0.139154 0.0221117 0.990024 78.1746 0.0193099 0.999621 -0.0196118 -5.16209 -0.990083 0.0163882 -0.139528 109.391 
-0.140171 0.0260187 0.989785 78.9913 0.0203645 0.999519 -0.0233906 -5.19079 -0.989918 0.0168778 -0.140633 109.29 
-0.139846 0.0271609 0.989801 79.8215 0.0227012 0.999449 -0.0242182 -5.21895 -0.989913 0.0190829 -0.140386 109.187 
-0.139358 0.02649 0.989888 80.6574 0.0263793 0.999387 -0.0230304 -5.25068 -0.989891 0.022903 -0.139972 109.081 
-0.139333 0.024682 0.989938 81.5011 0.0269247 0.999414 -0.0211286 -5.28155 -0.98988 0.0237098 -0.139916 108.979 
-0.138734 0.0230742 0.990061 82.3468 0.0262213 0.999464 -0.0196189 -5.31144 -0.989982 0.0232388 -0.139265 108.881 
-0.13692 0.0205877 0.990368 83.1963 0.025194 0.999533 -0.017295 -5.34203 -0.990262 0.0225833 -0.137375 108.781 
-0.135243 0.0175212 0.990658 84.0562 0.0258558 0.999566 -0.0141489 -5.3686 -0.990475 0.0237007 -0.135637 108.683 
-0.133666 0.014166 0.990925 84.9137 0.0263208 0.999596 -0.0107395 -5.39446 -0.990677 0.0246464 -0.133985 108.584 
-0.132035 0.0139112 0.991148 85.7752 0.0245752 0.99964 -0.0107566 -5.42156 -0.99094 0.0229374 -0.132329 108.49 
-0.130712 0.018071 0.991256 86.6304 0.0255875 0.999562 -0.0148483 -5.45021 -0.99109 0.0234229 -0.131117 108.395 
-0.128709 0.0244277 0.991382 87.4812 0.0263373 0.999428 -0.0212067 -5.47583 -0.991333 0.0233808 -0.129279 108.3 
-0.12737 0.0278982 0.991463 88.3383 0.024225 0.999394 -0.0250092 -5.50344 -0.991559 0.0208327 -0.127969 108.21 
-0.126049 0.0254312 0.991698 89.1988 0.0227649 0.999482 -0.0227372 -5.53676 -0.991763 0.0197099 -0.126563 108.119 
-0.1247 0.0228207 0.991932 90.0611 0.0231213 0.999531 -0.0200888 -5.57004 -0.991925 0.0204297 -0.125169 108.027 
-0.124208 0.0212791 0.992028 90.9354 0.0240733 0.99954 -0.018426 -5.59952 -0.991964 0.0215927 -0.124663 107.937 
-0.123474 0.0209927 0.992126 91.8113 0.0230566 0.999567 -0.0182806 -5.62944 -0.99208 0.0206179 -0.123904 107.848 
-0.123062 0.0209337 0.992178 92.6789 0.0222619 0.999584 -0.0183287 -5.66174 -0.992149 0.0198323 -0.123476 107.761 
-0.122283 0.0192063 0.992309 93.5469 0.0249519 0.999556 -0.0162717 -5.69164 -0.992182 0.0227702 -0.122708 107.668 
-0.121022 0.0183187 0.992481 94.4186 0.0275948 0.999505 -0.0150835 -5.72566 -0.992266 0.0255619 -0.121468 107.572 
-0.120135 0.0196362 0.992563 95.2882 0.0297983 0.999425 -0.0161653 -5.75722 -0.99231 0.0276347 -0.120651 107.48 
-0.11911 0.0216872 0.992644 96.1596 0.03049 0.99937 -0.0181756 -5.79017 -0.992413 0.0281008 -0.119696 107.386 
-0.118028 0.0233513 0.992736 97.0279 0.0278797 0.999407 -0.0201935 -5.81776 -0.992619 0.0252937 -0.118609 107.296 
-0.117304 0.0192285 0.99291 97.8947 0.0229586 0.999598 -0.0166456 -5.84878 -0.992831 0.0208432 -0.117699 107.214 
-0.117106 0.0171724 0.992971 98.7607 0.0186832 0.999712 -0.0150856 -5.88338 -0.992944 0.0167852 -0.117394 107.13 
-0.118139 0.0176235 0.992841 99.6164 0.0151406 0.999758 -0.0159447 -5.91427 -0.992882 0.0131485 -0.118378 107.047 
-0.11926 0.0223181 0.992612 100.459 0.0121343 0.999705 -0.0210197 -5.94432 -0.992789 0.00953783 -0.119496 106.965 
-0.11999 0.024822 0.992465 101.305 0.0115236 0.999655 -0.0236086 -5.97537 -0.992708 0.00860395 -0.120235 106.88 
-0.120398 0.0251979 0.992406 102.141 0.0120994 0.999641 -0.0239137 -6.01061 -0.992652 0.00912834 -0.120659 106.792 
-0.120609 0.024666 0.992394 102.976 0.0136037 0.999638 -0.0231928 -6.04546 -0.992607 0.010703 -0.120901 106.702 
-0.121057 0.0253327 0.992322 103.802 0.0149981 0.999607 -0.0236889 -6.08281 -0.992532 0.0120152 -0.121389 106.614 
-0.121447 0.0284258 0.992191 104.623 0.0164309 0.999511 -0.0266243 -6.11967 -0.992462 0.0130691 -0.121855 106.527 
-0.121925 0.0297828 0.992092 105.435 0.0158232 0.999481 -0.02806 -6.15673 -0.992413 0.0122768 -0.122333 106.441 
-0.122797 0.0302081 0.991972 106.245 0.0142969 0.999487 -0.028667 -6.19157 -0.992329 0.0106619 -0.123166 106.353 
-0.124947 0.0290683 0.991738 107.052 0.0124924 0.999538 -0.0277229 -6.23 -0.992085 0.00892527 -0.125253 106.269 
-0.128133 0.0302207 0.991297 107.852 0.0124564 0.999506 -0.0288608 -6.26983 -0.991679 0.00865001 -0.128446 106.183 
-0.131342 0.0328698 0.990792 108.648 0.0122308 0.999428 -0.0315349 -6.30713 -0.991262 0.00797633 -0.131668 106.092 
-0.134659 0.0342689 0.990299 109.439 0.0105426 0.999395 -0.0331501 -6.345 -0.990836 0.00597632 -0.134939 106.003 
-0.137859 0.0343643 0.989856 110.222 0.0110548 0.999389 -0.0331556 -6.38343 -0.99039 0.00637189 -0.138154 105.908 
-0.140759 0.0330553 0.989492 111.005 0.0125263 0.999422 -0.031605 -6.42343 -0.989965 0.00794596 -0.141092 105.81 
-0.14305 0.0339227 0.989134 111.782 0.014123 0.999381 -0.0322316 -6.46311 -0.989615 0.00935882 -0.14344 105.705 
-0.145033 0.0383381 0.988684 112.556 0.00956158 0.999257 -0.0373454 -6.5064 -0.989381 0.00403704 -0.145292 105.615 
-0.146697 0.0452404 0.988146 113.321 0.00732128 0.998976 -0.0446493 -6.5526 -0.989154 0.000684544 -0.146878 105.521 
-0.149287 0.0482474 0.987616 114.088 0.0115402 0.998826 -0.0470506 -6.59292 -0.988727 0.00437318 -0.149669 105.412 
-0.151844 0.0463808 0.987316 114.858 0.013623 0.998902 -0.0448299 -6.63586 -0.988311 0.00664303 -0.152309 105.3 
-0.155056 0.0384567 0.987157 115.635 0.0119652 0.999242 -0.037048 -6.68481 -0.987833 0.00606705 -0.155399 105.196 
-0.157302 0.036226 0.986886 116.402 0.010894 0.99933 -0.0349464 -6.73296 -0.98749 0.00525399 -0.157591 105.09 
-0.15886 0.0392166 0.986522 117.162 0.0105639 0.999221 -0.0380203 -6.77348 -0.987245 0.00438159 -0.15915 104.978 
-0.161505 0.0426052 0.985952 117.915 0.00813931 0.999091 -0.0418396 -6.81447 -0.986838 0.00126766 -0.161705 104.87 
-0.164076 0.0451077 0.985416 118.661 0.00764324 0.998982 -0.044456 -6.85921 -0.986418 0.000237595 -0.164254 104.762 
-0.165858 0.0493898 0.984912 119.406 0.0116924 0.998773 -0.0481159 -6.90672 -0.98608 0.00353558 -0.166232 104.645 
-0.167641 0.0539469 0.984371 120.146 0.0119814 0.998539 -0.0526829 -6.95236 -0.985775 0.00296238 -0.168042 104.531 
-0.170651 0.0562464 0.983725 120.89 0.0114085 0.998415 -0.0551072 -6.99969 -0.985266 0.0018187 -0.171022 104.422 
-0.173281 0.0538806 0.983398 121.642 0.012294 0.998543 -0.0525441 -7.04811 -0.984796 0.002985 -0.173691 104.314 
-0.177148 0.0503509 0.982895 122.384 0.016441 0.998703 -0.0481975 -7.10066 -0.984047 0.00762167 -0.177746 104.188 
-0.183021 0.0489941 0.981887 123.124 0.0187215 0.99875 -0.0463458 -7.14803 -0.982931 0.00990019 -0.183709 104.064 
-0.189228 0.0476824 0.980775 123.855 0.0174202 0.998826 -0.045199 -7.1959 -0.981779 0.0085324 -0.189837 103.937 
-0.197619 0.04793 0.979107 124.585 0.0164253 0.998826 -0.0455801 -7.24266 -0.980141 0.00707461 -0.198174 103.803 
-0.208239 0.0484957 0.976875 125.311 0.0156342 0.998808 -0.0462517 -7.28751 -0.977953 0.0056412 -0.208749 103.661 
-0.220013 0.0494716 0.974242 126.027 0.0163531 0.99876 -0.0470236 -7.33224 -0.97536 0.00558613 -0.220549 103.505 
-0.232384 0.0502764 0.971324 126.74 0.0174923 0.998718 -0.0475093 -7.37809 -0.972467 0.00595026 -0.232966 103.341 
-0.244096 0.0503738 0.968442 127.449 0.0203471 0.998696 -0.0468189 -7.42273 -0.969538 0.00827669 -0.244803 103.167 
-0.255042 0.0503734 0.965617 128.151 0.0237672 0.998667 -0.04582 -7.469 -0.966638 0.011264 -0.255899 102.984 
-0.265119 0.050337 0.962901 128.852 0.0277647 0.998621 -0.0445597 -7.51345 -0.963816 0.0149211 -0.266151 102.794 
-0.274076 0.051043 0.960353 129.55 0.0336113 0.998489 -0.0434776 -7.55644 -0.961121 0.0203626 -0.275377 102.598 
-0.28167 0.0510509 0.958152 130.241 0.0388072 0.998373 -0.0417855 -7.60114 -0.958726 0.0254134 -0.283193 102.396 
-0.288122 0.051305 0.956218 130.932 0.0389283 0.998366 -0.0418367 -7.64279 -0.956802 0.0251699 -0.289648 102.198 
-0.292788 0.0493886 0.954901 131.62 0.0426933 0.998344 -0.0385451 -7.68229 -0.955224 0.0294824 -0.294411 101.994 
-0.294686 0.0467123 0.954452 132.307 0.0486928 0.998241 -0.0338215 -7.72008 -0.954353 0.0365082 -0.296442 101.781 
-0.295711 0.0454302 0.954197 132.987 0.055201 0.998012 -0.0304092 -7.75613 -0.953681 0.0436802 -0.297631 101.568 
-0.296559 0.0439558 0.954002 133.662 0.0574485 0.997952 -0.0281224 -7.79374 -0.953285 0.046466 -0.298477 101.366 
-0.296229 0.0492516 0.953846 134.326 0.059858 0.997664 -0.0329244 -7.82887 -0.953239 0.0473421 -0.298485 101.166 
-0.294865 0.0526997 0.954085 134.99 0.0598115 0.997538 -0.0366148 -7.86192 -0.953665 0.0462689 -0.297291 100.97 
-0.294027 0.0526833 0.954344 135.648 0.0620606 0.997425 -0.035941 -7.89634 -0.95378 0.0486596 -0.29654 100.776 
-0.29232 0.0510745 0.954956 136.308 0.063303 0.997416 -0.0339678 -7.93219 -0.954223 0.0505221 -0.294798 100.583 
-0.29033 0.0482079 0.955712 136.963 0.0651552 0.997408 -0.030518 -7.97195 -0.954706 0.0534093 -0.292718 100.389 
-0.289041 0.0487762 0.956073 137.611 0.0658994 0.997346 -0.0309589 -8.00878 -0.955046 0.0540563 -0.291488 100.204 
-0.28662 0.0512665 0.956672 138.25 0.0671218 0.997188 -0.0333279 -8.04144 -0.95569 0.0546611 -0.289255 100.023 
-0.282284 0.0529452 0.957869 138.887 0.0689005 0.997016 -0.034804 -8.07572 -0.956854 0.056173 -0.285089 99.8436 
-0.276911 0.0520543 0.959485 139.52 0.0698713 0.996979 -0.0339232 -8.10983 -0.958352 0.0576467 -0.279712 99.6719 
-0.271476 0.0502872 0.961131 140.153 0.0715084 0.996928 -0.0319621 -8.14575 -0.959785 0.060052 -0.274238 99.5027 
-0.266758 0.0482025 0.962557 140.778 0.0712587 0.997001 -0.0301791 -8.18142 -0.961126 0.0605401 -0.269393 99.3394 
-0.262624 0.0473399 0.963736 141.396 0.0713864 0.997012 -0.0295211 -8.21498 -0.962254 0.0610447 -0.265219 99.1821 
-0.258864 0.0458326 0.964826 142.014 0.0719322 0.997015 -0.0280621 -8.24652 -0.963232 0.0621378 -0.261389 99.0274 
-0.254948 0.0443984 0.965935 142.628 0.0753617 0.996819 -0.025927 -8.27504 -0.964014 0.0661845 -0.257483 98.8709 
-0.251289 0.0427093 0.966969 143.238 0.077322 0.996719 -0.0239294 -8.30386 -0.964819 0.0687548 -0.253767 98.7191 
-0.247927 0.0412626 0.9679 143.84 0.0756273 0.996868 -0.0231256 -8.33679 -0.965822 0.0674662 -0.250271 98.5779 
-0.244249 0.0420433 0.968801 144.437 0.0728284 0.997033 -0.0249074 -8.36953 -0.966974 0.0644726 -0.246586 98.4432 
-0.239582 0.0454344 0.969813 145.021 0.0741596 0.996843 -0.0283804 -8.40017 -0.96804 0.0651214 -0.242195 98.3074 
-0.233731 0.048691 0.971081 145.604 0.0760142 0.996604 -0.0316747 -8.42747 -0.969325 0.0664126 -0.236638 98.1733 
-0.227041 0.0494863 0.972627 146.19 0.0750337 0.996628 -0.0331922 -8.45694 -0.97099 0.0654438 -0.229989 98.0492 
-0.218678 0.0479307 0.974619 146.779 0.071764 0.996878 -0.0329235 -8.48864 -0.973155 0.0627429 -0.221435 97.9387 
