1 2.12261e-08 -2.11895e-08 0 2.12261e-08 1 2.10703e-08 0 -2.11895e-08 2.10703e-08 1 0 
0.999998 0.000768866 0.00180027 -0.0229441 -0.00076708 0.999999 -0.000969023 -0.021088 -0.00180106 0.000967682 0.999998 1.21708 
0.999994 0.00109308 0.00335891 -0.0442382 -0.00109114 0.999999 -0.000566609 -0.0395339 -0.00335957 0.000562983 0.999994 2.42862 
0.999991 0.000452167 0.00427359 -0.0557107 -0.000451145 1 -0.000230207 -0.061304 -0.00427373 0.000228319 0.999991 3.64328 
0.999987 0.000160477 0.00512071 -0.0760953 -0.000160982 1 0.000106463 -0.0872608 -0.00512074 -0.000107244 0.999987 4.85111 
0.999983 -0.000156367 0.00582644 -0.0855379 0.000155383 1 0.000176659 -0.108511 -0.00582651 -0.000175709 0.999983 6.06339 
0.999979 9.86794e-05 0.00643661 -0.0968569 -9.2971e-05 1 -0.000880552 -0.129057 -0.00643674 0.000879978 0.999979 7.27329 
0.999975 -0.000193482 0.00711879 -0.107371 0.000201282 0.999999 -0.00108898 -0.152425 -0.00711862 0.00109042 0.999974 8.48163 
0.999975 -0.00071498 0.00703261 -0.116513 0.000711807 1 0.000459816 -0.174619 -0.00703298 -0.000454757 0.999975 9.69254 
0.999982 -0.00126697 0.00594646 -0.136701 0.00125975 0.999998 0.00122485 -0.191283 -0.00594804 -0.0012173 0.999982 10.9037 
0.999991 -0.00244965 0.00358444 -0.157261 0.00244677 0.999997 0.000817631 -0.212889 -0.00358648 -0.000808811 0.999993 12.1028 
0.999996 -0.00213904 0.00158739 -0.175526 0.00213837 0.999998 0.000452086 -0.234238 -0.0015884 -0.000448647 0.999999 13.3081 
0.999998 -0.00192667 0.00045119 -0.200533 0.00192661 0.999998 0.000248815 -0.255862 -0.000451711 -0.000247903 1 14.5293 
1 -0.000384321 -0.000196522 -0.231366 0.000384363 1 -2.78444e-06 -0.276637 0.000196481 2.75106e-06 1 15.7419 
0.999999 -0.000942624 -0.000538461 -0.260899 0.000942661 1 -9.87297e-06 -0.298945 0.000538427 9.40755e-06 1 16.9594 
0.999998 -0.00153807 -0.00106133 -0.287568 0.00153873 0.999999 0.000582382 -0.322261 0.00106039 -0.000583972 0.999999 18.1762 
0.999997 -0.00203099 -0.00132753 -0.3178 0.00203217 0.999998 0.000855212 -0.345577 0.00132575 -0.000857865 0.999999 19.3964 
0.999997 -0.00177641 -0.00185375 -0.347278 0.00177641 0.999998 -2.46675e-05 -0.369572 0.00185375 2.14167e-05 0.999998 20.6141 
0.999994 -0.00225174 -0.00253843 -0.371386 0.00224979 0.999997 -0.000788642 -0.391662 0.00254016 0.000782969 0.999997 21.8161 
0.999993 -0.00089803 -0.00359983 -0.389859 0.000896556 1 -0.000422899 -0.405245 0.00360016 0.000419711 0.999993 23.0388 
0.99999 -0.00103752 -0.00437849 -0.415013 0.00103448 0.999999 -0.000705947 -0.425964 0.00437918 0.000701452 0.99999 24.262 
0.999986 -0.00100785 -0.00529679 -0.441559 0.00100015 0.999998 -0.00146362 -0.447161 0.00529822 0.00145834 0.999985 25.477 
0.99998 -0.000371008 -0.00628216 -0.469394 0.00036561 1 -0.000867009 -0.465814 0.00628243 0.000864737 0.99998 26.6872 
0.999974 -0.00188105 -0.00698387 -0.497772 0.00188832 0.999998 0.00102755 -0.491618 0.00698188 -0.00104066 0.999975 27.9066 
0.999964 -0.00215536 -0.00825617 -0.522639 0.00216479 0.999997 0.00112762 -0.512755 0.00825367 -0.00114541 0.999965 29.1255 
0.999949 -0.00317269 -0.00960708 -0.548342 0.00317417 0.999995 0.000134178 -0.532439 0.00960656 -0.000164623 0.999954 30.3326 
0.999935 -0.00367953 -0.0107798 -0.575345 0.00366976 0.999993 -0.000929412 -0.552984 0.0107831 0.000889835 0.999942 31.5455 
0.99993 -0.00311701 -0.0114261 -0.614272 0.00310682 0.999995 -0.000913197 -0.575072 0.0114288 0.000877677 0.999934 32.7603 
0.999922 -0.00376065 -0.011897 -0.653789 0.00375768 0.999993 -0.000275311 -0.599647 0.0118979 0.000230626 0.999929 33.976 
0.99991 -0.00422227 -0.0127387 -0.689137 0.00422352 0.999991 6.83093e-05 -0.621127 0.0127383 -0.000122063 0.999919 35.183 
0.999896 -0.00484093 -0.0135976 -0.717839 0.00484004 0.999988 -0.000101302 -0.64271 0.0135979 3.55208e-05 0.999908 36.3906 
0.999884 -0.0053473 -0.0142643 -0.754197 0.00534592 0.999986 -0.000138142 -0.664736 0.0142647 6.19129e-05 0.999898 37.596 
0.999876 -0.00615774 -0.0144653 -0.791393 0.00616376 0.999981 0.000368535 -0.684922 0.0144627 -0.000457607 0.999895 38.8175 
0.999877 -0.00604858 -0.0144627 -0.830364 0.00607379 0.99998 0.00169664 -0.708666 0.0144521 -0.00178424 0.999894 40.0338 
0.999881 -0.00589456 -0.0142657 -0.879288 0.00593106 0.999979 0.00251441 -0.728827 0.0142505 -0.00259868 0.999895 41.2413 
0.999887 -0.00511231 -0.0141049 -0.92004 0.00514201 0.999985 0.00206693 -0.748567 0.014094 -0.00213918 0.999898 42.4684 
0.999897 -0.00404996 -0.0137457 -0.960438 0.0040783 0.99999 0.00203188 -0.768054 0.0137373 -0.00208769 0.999904 43.7007 
0.999914 -0.00129913 -0.013027 -1.00534 0.00134934 0.999992 0.00384278 -0.785725 0.0130218 -0.00385999 0.999908 44.919 
0.999936 -0.00151316 -0.0112404 -1.04494 0.00159158 0.999975 0.0069673 -0.805146 0.0112295 -0.0069847 0.999913 46.132 
0.999954 -0.000927874 -0.00959921 -1.08029 0.00102179 0.999952 0.00977924 -0.818026 0.00958963 -0.00978855 0.999906 47.3405 
0.999966 -0.000560368 -0.00823767 -1.11079 0.00066783 0.999915 0.0130431 -0.825826 0.00822962 -0.0130481 0.999881 48.5545 
0.999975 -0.0015653 -0.00690953 -1.14247 0.00166451 0.999895 0.0143694 -0.833323 0.00688627 -0.0143805 0.999873 49.7689 
0.99998 -0.00361384 -0.00526176 -1.17041 0.00368106 0.999911 0.0128141 -0.834627 0.00521494 -0.0128332 0.999904 50.9821 
0.999988 -0.00252495 -0.00416564 -1.19887 0.00257078 0.999936 0.0110221 -0.838619 0.0041375 -0.0110326 0.999931 52.1898 
0.999992 -0.00216236 -0.00335 -1.22625 0.00219747 0.999943 0.0104991 -0.845275 0.00332706 -0.0105063 0.999939 53.4052 
0.999991 -0.00251189 -0.00330975 -1.25058 0.00254465 0.999948 0.00991856 -0.852462 0.00328462 -0.00992685 0.999945 54.6196 
0.999987 -0.00325585 -0.00405152 -1.27907 0.00329187 0.999955 0.00890607 -0.86222 0.0040223 -0.00891924 0.999952 55.841 
0.999979 -0.00312887 -0.00561664 -1.30959 0.00318098 0.999952 0.00928593 -0.872303 0.00558727 -0.00930356 0.999941 57.0609 
0.999971 -0.00305331 -0.00691577 -1.34058 0.00312602 0.99994 0.0105205 -0.8815 0.00688319 -0.0105418 0.999921 58.2847 
0.999964 -0.00323749 -0.00784468 -1.37433 0.00332206 0.999936 0.0107853 -0.891265 0.00780922 -0.010811 0.999911 59.5068 
0.99996 -0.00219304 -0.00862796 -1.4088 0.00228332 0.999943 0.0104627 -0.898559 0.00860448 -0.010482 0.999908 60.7237 
0.999959 -0.00182412 -0.00890375 -1.44712 0.00191698 0.999944 0.0104269 -0.909801 0.00888419 -0.0104435 0.999906 61.9392 
0.999955 -0.00264834 -0.00906269 -1.48131 0.00273854 0.999947 0.00995123 -0.920728 0.00903581 -0.00997556 0.999909 63.1485 
0.999949 -0.00360571 -0.00946124 -1.50951 0.00369017 0.999953 0.00891955 -0.930299 0.0094286 -0.00895396 0.999916 64.3634 
0.999943 -0.00383191 -0.0100033 -1.53817 0.0039329 0.999941 0.010091 -0.938982 0.00996402 -0.0101297 0.999899 65.5764 
0.999941 -0.00402325 -0.0101138 -1.57464 0.00414128 0.999923 0.0116723 -0.950864 0.010066 -0.0117135 0.999881 66.7821 
0.999941 -0.00359284 -0.0102978 -1.61086 0.00369812 0.999941 0.0102179 -0.969153 0.0102604 -0.0102553 0.999895 67.9868 
0.999949 -0.00188804 -0.00994834 -1.65395 0.00197827 0.999957 0.00906359 -0.979374 0.00993075 -0.00908276 0.999909 69.1958 
0.999952 0.000425912 -0.00974554 -1.69601 -0.000333865 0.999955 0.00944032 -0.991316 0.00974909 -0.00943658 0.999908 70.401 
0.999955 0.00242393 -0.00918111 -1.74074 -0.00233603 0.999952 0.00956798 -1.00164 0.00920381 -0.00954606 0.999912 71.592 
0.999955 0.00416746 -0.00851727 -1.78451 -0.00408215 0.999942 0.0100037 -1.0108 0.00855842 -0.00996841 0.999914 72.7855 
0.999962 0.00501046 -0.00720682 -1.81968 -0.00493229 0.999929 0.010817 -1.01913 0.00726047 -0.010781 0.999916 73.9761 
0.999965 0.00661616 -0.0051164 -1.85278 -0.00655652 0.999912 0.0115783 -1.0295 0.00519251 -0.0115443 0.99992 75.1689 
0.999984 0.00518493 -0.00232028 -1.88033 -0.00516282 0.999942 0.00941904 -1.04155 0.00236894 -0.00940687 0.999953 76.3611 
0.999997 0.00228946 0.000112476 -1.89358 -0.0022899 0.999987 0.00449564 -1.05324 -0.000102224 -0.00449584 0.99999 77.5494 
0.999991 0.00333629 0.00258504 -1.91282 -0.00334627 0.999987 0.00388202 -1.06557 -0.00257209 -0.00389059 0.999989 78.7274 
0.999982 0.00241685 0.00545855 -1.92813 -0.00245812 0.999968 0.00757436 -1.08485 -0.00544012 -0.0075876 0.999956 79.9116 
0.999956 0.00285442 0.00898981 -1.94389 -0.00293404 0.999956 0.00886151 -1.09758 -0.00896417 -0.00888745 0.99992 81.0826 
0.999904 0.00333151 0.0134459 -1.95308 -0.00342532 0.99997 0.00696301 -1.10863 -0.0134223 -0.00700836 0.999885 82.2521 
0.999844 0.00269792 0.0174304 -1.95505 -0.00276742 0.999988 0.00396667 -1.1253 -0.0174195 -0.00401425 0.99984 83.4169 
0.999777 0.00126613 0.0210904 -1.95219 -0.00128206 0.999999 0.000743571 -1.14497 -0.0210895 -0.000770402 0.999777 84.575 
0.999686 0.00102197 0.0250439 -1.9485 -0.00101632 0.999999 -0.00023681 -1.16679 -0.0250442 0.000211325 0.999686 85.728 
0.999584 0.000658292 0.028825 -1.93538 -0.000704376 0.999999 0.00159009 -1.18775 -0.028824 -0.0016097 0.999583 86.887 
0.999453 0.0019302 0.0330251 -1.92957 -0.00199649 0.999996 0.00197546 -1.20831 -0.0330212 -0.00204027 0.999453 88.063 
0.9993 0.00156446 0.0373692 -1.9184 -0.00156218 0.999999 -8.91538e-05 -1.23013 -0.0373693 3.07553e-05 0.999302 89.2367 
0.999159 0.00136434 0.0409743 -1.89522 -0.00126677 0.999996 -0.002406 -1.2525 -0.0409775 0.00235211 0.999157 90.4051 
0.999028 0.00128397 0.0440633 -1.86166 -0.0011647 0.999996 -0.0027314 -1.27396 -0.0440667 0.00267746 0.999025 91.571 
0.998896 -0.000136889 0.0469859 -1.82667 0.000208345 0.999999 -0.00151496 -1.29553 -0.0469857 0.00152312 0.998894 92.7382 
0.998777 -0.000868471 0.0494259 -1.78219 0.000871293 1 -3.46685e-05 -1.31536 -0.0494259 7.77317e-05 0.998778 93.9096 
0.998647 -0.00165715 0.0519849 -1.73771 0.0015749 0.999997 0.00162392 -1.33304 -0.0519875 -0.00153981 0.998647 95.083 
0.998511 -0.00328999 0.0544547 -1.69855 0.00314737 0.999991 0.0027054 -1.35388 -0.0544631 -0.00252994 0.998513 96.248 
0.998389 -0.00432669 0.0565803 -1.64365 0.00430544 0.999991 0.000498236 -1.37249 -0.056582 -0.000253789 0.998398 97.4284 
0.998241 -0.00546006 0.0590301 -1.60019 0.00565255 0.999979 -0.00309362 -1.39036 -0.059012 0.00342189 0.998251 98.5928 
0.998135 -0.00484162 0.060861 -1.54576 0.00521903 0.999968 -0.00604298 -1.41102 -0.0608299 0.00634938 0.998128 99.768 
0.998025 -0.0048839 0.0626354 -1.49711 0.00532455 0.999962 -0.00686955 -1.43757 -0.0625995 0.00718952 0.998013 100.955 
0.997999 -0.00487234 0.0630449 -1.4464 0.00528433 0.999966 -0.00636904 -1.46154 -0.0630118 0.00668949 0.99799 102.16 
0.998041 -0.00460317 0.0623888 -1.39839 0.0049002 0.999977 -0.00460806 -1.487 -0.0623662 0.0049048 0.998041 103.377 
0.998125 -0.00516429 0.0609964 -1.34134 0.00536839 0.999981 -0.00318205 -1.50969 -0.0609789 0.00350357 0.998133 104.594 
0.99824 -0.00479947 0.0591114 -1.29196 0.00494844 0.999985 -0.00237323 -1.53042 -0.0590992 0.00266161 0.998249 105.806 
0.998373 -0.00485893 0.0568202 -1.2583 0.00497329 0.999986 -0.00187081 -1.55143 -0.0568103 0.00215039 0.998383 107.054 
0.998547 -0.00433943 0.0537189 -1.21264 0.0044554 0.999988 -0.00203852 -1.56865 -0.0537095 0.00227494 0.998554 108.29 
0.998741 -0.00296657 0.0500814 -1.18379 0.00309756 0.999992 -0.00253732 -1.58921 -0.0500735 0.00268929 0.998742 109.509 
0.998932 -0.0025518 0.0461341 -1.1455 0.00266218 0.999994 -0.00233051 -1.60545 -0.0461279 0.00245088 0.998933 110.748 
0.999114 -0.00207739 0.0420462 -1.11245 0.00213659 0.999997 -0.00136213 -1.62561 -0.0420433 0.0014508 0.999115 111.986 
0.99928 -0.00158209 0.0379023 -1.08859 0.00161114 0.999998 -0.000734784 -1.6444 -0.0379011 0.000795363 0.999281 113.208 
0.999427 -0.00153982 0.0338239 -1.08786 0.00154681 0.999999 -0.000179434 -1.66386 -0.0338236 0.000231692 0.999428 114.451 
0.999576 -0.000826897 0.0291194 -1.07262 0.000833122 1 -0.000200169 -1.68202 -0.0291192 0.000224386 0.999576 115.691 
0.999706 -2.05792e-05 0.0242679 -1.06854 2.85609e-05 1 -0.000326782 -1.70617 -0.0242679 0.000327421 0.999705 116.949 
0.999813 0.000346917 0.0193239 -1.06439 -0.000332001 1 -0.000772835 -1.72383 -0.0193242 0.000766316 0.999813 118.212 
0.99989 0.00132736 0.0147561 -1.07429 -0.00130732 0.999998 -0.00136461 -1.74439 -0.0147579 0.00134521 0.99989 119.47 
0.999927 0.00335624 0.0115753 -1.08974 -0.0033369 0.999993 -0.00168558 -1.7621 -0.0115809 0.00164688 0.999932 120.715 
0.999941 0.00530116 0.0094722 -1.10475 -0.00528672 0.999985 -0.00154422 -1.78646 -0.00948028 0.00149409 0.999954 121.988 
0.999942 0.00645231 0.00858157 -1.12551 -0.00643652 0.999978 -0.00186103 -1.80721 -0.00859343 0.00180573 0.999961 123.264 
0.999935 0.00862837 0.00749863 -1.13781 -0.00861542 0.999961 -0.00175118 -1.82806 -0.0075135 0.0016865 0.99997 124.533 
0.999929 0.00990928 0.00666383 -1.15765 -0.0099031 0.999951 -0.000953085 -1.85098 -0.00667299 0.000887066 0.999977 125.801 
0.999932 0.00991629 0.00619454 -1.17364 -0.00991337 0.999951 -0.000496053 -1.87445 -0.00619919 0.000434652 0.999981 127.063 
0.999896 0.0133965 0.00530023 -1.19438 -0.0134046 0.999909 0.00151856 -1.89341 -0.00527945 -0.00158941 0.999985 128.326 
0.999885 0.014396 0.00467819 -1.21944 -0.0144172 0.999886 0.0045537 -1.90557 -0.00461214 -0.00462058 0.999979 129.608 
0.999905 0.0131733 0.00405321 -1.24036 -0.0131897 0.999905 0.00407689 -1.91848 -0.00399916 -0.00412992 0.999984 130.883 
0.999908 0.0130895 0.00363143 -1.26785 -0.0130989 0.999911 0.00260293 -1.93352 -0.00359708 -0.00265021 0.99999 132.167 
0.999944 0.0101944 0.00293872 -1.2929 -0.0102046 0.999942 0.0035008 -1.94475 -0.0029029 -0.00353055 0.99999 133.451 
0.999968 0.00779949 0.00174875 -1.31575 -0.00780884 0.999955 0.00542976 -1.9621 -0.00170636 -0.0054432 0.999984 134.752 
0.99999 0.00432729 0.001282 -1.33841 -0.00433624 0.999965 0.00709799 -1.97324 -0.00125129 -0.00710344 0.999974 136.041 
0.999997 0.00224967 0.000856778 -1.36003 -0.00225665 0.999963 0.00829152 -1.9899 -0.000838136 -0.00829339 0.999965 137.332 
0.999998 -0.00197013 0.000985018 -1.37625 0.00196381 0.999978 0.00641203 -2.00118 -0.000997671 -0.00641003 0.999979 138.612 
0.999989 -0.00446183 0.0011739 -1.39646 0.00445538 0.999975 0.00547376 -2.01365 -0.00119834 -0.00546843 0.999984 139.891 
0.999981 -0.00593769 0.00136094 -1.41597 0.0059304 0.999968 0.00533009 -2.02894 -0.00139259 -0.00532188 0.999985 141.172 
0.99998 -0.00610665 0.00190837 -1.43951 0.0060959 0.999966 0.00561256 -2.04153 -0.00194262 -0.00560077 0.999982 142.456 
0.999983 -0.00545107 0.0022106 -1.45498 0.0054343 0.999957 0.00754253 -2.05364 -0.00225167 -0.00753034 0.999969 143.745 
0.999991 -0.00304985 0.00301624 -1.48056 0.00302286 0.999956 0.00892445 -2.06522 -0.00304337 -0.0089152 0.999956 145.039 
0.999988 -0.00337241 0.00361426 -1.49825 0.00334606 0.999968 0.00728358 -2.08205 -0.00363875 -0.00727136 0.999967 146.326 
0.999987 -0.00272917 0.00425616 -1.5211 0.00270685 0.999983 0.0052523 -2.09457 -0.00427046 -0.00524067 0.999977 147.624 
0.999983 -0.00303926 0.00494395 -1.54298 0.00302508 0.999991 0.00288276 -2.11517 -0.00495271 -0.00286772 0.999984 148.907 
0.999978 -0.00412093 0.00518844 -1.55689 0.0041278 0.999991 -0.00130675 -2.13434 -0.00518305 0.00132818 0.999986 150.2 
0.999976 -0.00408496 0.00566346 -1.57438 0.00411258 0.99998 -0.00486603 -2.15895 -0.00564351 0.00488924 0.999972 151.485 
0.999973 -0.00431039 0.00588632 -1.59278 0.00434459 0.999974 -0.00580195 -2.18823 -0.0058612 0.00582741 0.999966 152.775 
0.999972 -0.00459969 0.00592615 -1.61076 0.00463207 0.999974 -0.00545534 -2.22102 -0.00590095 0.00548268 0.999968 154.063 
0.999975 -0.00412581 0.00582712 -1.62929 0.00415517 0.999979 -0.00502716 -2.2509 -0.00580629 0.00505129 0.99997 155.345 
0.999978 -0.00330284 0.00570417 -1.64733 0.00332575 0.999986 -0.0040035 -2.28035 -0.00569091 0.00402243 0.999976 156.637 
0.999981 -0.00273198 0.00544516 -1.66701 0.00275112 0.99999 -0.00350125 -2.30775 -0.00543559 0.00351621 0.999979 157.925 
0.999986 -0.00266667 0.00459912 -1.67827 0.00268463 0.999989 -0.00389465 -2.33692 -0.00458873 0.00390698 0.999982 159.188 
0.99999 -0.00217026 0.00385281 -1.69508 0.00218411 0.999991 -0.00358315 -2.36381 -0.00384504 0.00359157 0.999986 160.462 
0.999991 -0.00265865 0.00335618 -1.72184 0.00266727 0.999993 -0.00255338 -2.38825 -0.00334942 0.00256235 0.999991 161.778 
0.999994 -0.00195347 0.00270134 -1.74436 0.00195949 0.999996 -0.00221134 -2.41677 -0.00269706 0.00221666 0.999994 163.055 
0.999997 -0.0015474 0.00208163 -1.76626 0.00155408 0.999994 -0.00319144 -2.44382 -0.00207672 0.00319471 0.999993 164.335 
0.999998 -0.00128258 0.0013298 -1.78927 0.00128852 0.999989 -0.00443673 -2.47021 -0.00132413 0.00443847 0.999989 165.601 
1 -0.000526022 0.000637367 -1.81419 0.00052886 0.99999 -0.00439429 -2.50083 -0.000635092 0.00439466 0.99999 166.865 
1 -0.000997208 1.87638e-06 -1.83897 0.000997246 0.999986 -0.00521535 -2.53155 3.28218e-06 0.00521539 0.999986 168.14 
0.999999 -0.000604633 -0.000866601 -1.86203 0.000599206 0.99998 -0.00629764 -2.55984 0.000870349 0.00629716 0.99998 169.421 
0.999998 -0.000362386 -0.00171874 -1.88754 0.000352009 0.999982 -0.00605905 -2.58756 0.00172086 0.00605847 0.99998 170.712 
0.999997 -0.00018768 -0.00255979 -1.91316 0.000175468 0.999989 -0.00478658 -2.61712 0.00256062 0.00478615 0.999985 172.001 
0.999994 -0.000440656 -0.00357996 -1.93943 0.000424811 0.99999 -0.0044375 -2.64576 0.00358184 0.004436 0.999984 173.273 
0.999989 -9.57104e-06 -0.00461312 -1.96244 -9.62845e-06 0.999991 -0.00417109 -2.67115 0.00461308 0.00417113 0.999981 174.566 
0.999985 0.000355315 -0.00553225 -1.99289 -0.00037713 0.999992 -0.00395033 -2.69961 0.00553076 0.00395239 0.999977 175.845 
0.999983 0.00061339 -0.00582621 -2.02987 -0.000641543 0.999988 -0.00483869 -2.72725 0.00582313 0.00484238 0.999971 177.124 
0.999979 0.00158281 -0.00627148 -2.06618 -0.00161638 0.999984 -0.00535873 -2.75589 0.00626286 0.0053688 0.999966 178.403 
0.999977 0.00165592 -0.00652001 -2.10271 -0.00168837 0.999986 -0.00498064 -2.78632 0.00651163 0.00499158 0.999966 179.685 
0.999978 0.00170055 -0.00647389 -2.13832 -0.00174023 0.99998 -0.00613396 -2.81517 0.00646328 0.00614513 0.99996 180.965 
0.999977 0.000376852 -0.00672503 -2.16711 -0.000428709 0.99997 -0.00771759 -2.84453 0.00672188 0.00772034 0.999948 182.242 
0.99997 -0.00286215 -0.00713519 -2.19348 0.00280861 0.999968 -0.00750909 -2.87686 0.00715642 0.00748887 0.999946 183.518 
0.999968 -0.00250512 -0.00757323 -2.22451 0.00247722 0.99999 -0.00369677 -2.90823 0.00758237 0.00367794 0.999965 184.79 
0.999966 -0.00334029 -0.00751095 -2.25708 0.00334523 0.999994 0.000639619 -2.93548 0.00750872 -0.000664681 0.999972 186.066 
0.999972 -0.000971627 -0.00748534 -2.28977 0.000971469 1 -3.03428e-05 -2.95413 0.00748532 2.31124e-05 0.999972 187.322 
0.999973 0.000371816 -0.00733197 -2.32614 -0.000396323 0.999994 -0.00334702 -2.97753 0.00733064 0.00334988 0.999968 188.563 
0.999969 0.000993478 -0.00780987 -2.35755 -0.00103474 0.999986 -0.00528599 -3.00183 0.00780446 0.00529395 0.999956 189.812 
0.999969 0.00057382 -0.00788771 -2.39233 -0.000612649 0.999988 -0.00492657 -3.03177 0.00788475 0.00493129 0.999957 191.061 
0.999971 0.000462588 -0.00763704 -2.42563 -0.000490587 0.999993 -0.00367033 -3.06352 0.00763525 0.00367401 0.999964 192.323 
0.999974 0.000641019 -0.00724848 -2.4599 -0.000652672 0.999999 -0.0016113 -3.09181 0.0072474 0.00161603 0.999972 193.578 
0.999979 7.2775e-06 -0.00645971 -2.48763 -1.22345e-05 1 -0.000773888 -3.11825 0.00645966 0.000773993 0.999979 194.842 
0.999989 -3.62854e-05 -0.00476929 -2.52168 2.98696e-05 0.999999 -0.00135418 -3.14596 0.00476929 0.00135407 0.999988 196.091 
0.999994 -0.00118496 -0.00340997 -2.54784 0.00117572 0.999996 -0.00272248 -3.17391 0.00341314 0.00271849 0.999991 197.342 
0.999997 -0.00142877 -0.00213354 -2.57456 0.00142012 0.999991 -0.00407089 -3.20619 0.0021393 0.00406789 0.999989 198.575 
0.999998 -0.00209068 -0.000719681 -2.5977 0.00208749 0.999988 -0.00445625 -3.23715 0.000728946 0.00445478 0.99999 199.796 
0.999999 -0.00154473 0.000765579 -2.62454 0.00154772 0.999991 -0.00386007 -3.26434 -0.000759652 0.00386129 0.999992 201.027 
0.999996 -0.00210988 0.00213204 -2.64547 0.00211363 0.999996 -0.00173696 -3.29681 -0.00212841 0.0017415 0.999996 202.248 
0.999995 -0.00105896 0.00301175 -2.66412 0.00106301 0.999999 -0.00132661 -3.32213 -0.00301038 0.00132985 0.999995 203.463 
0.999992 -0.00137327 0.00383498 -2.67643 0.00137824 0.999998 -0.00128328 -3.34791 -0.00383325 0.0012886 0.999992 204.671 
0.999989 -0.000750565 0.00463521 -2.68535 0.000756242 0.999999 -0.00121377 -3.37007 -0.00463434 0.00121731 0.999989 205.902 
0.999983 -0.000921007 0.00576234 -2.70412 0.000926839 0.999999 -0.00100211 -3.3942 -0.00576146 0.00100747 0.999983 207.113 
0.999977 -0.000703209 0.00681555 -2.72416 0.000710615 0.999999 -0.00107808 -3.42198 -0.00681483 0.00108294 0.999976 208.317 
0.999971 -0.00104961 0.00750184 -2.73688 0.00105662 0.999999 -0.000925262 -3.44964 -0.00750091 0.000933204 0.999971 209.509 
0.999966 -0.0020848 0.00800558 -2.74736 0.00209119 0.999998 -0.00078435 -3.47672 -0.00800396 0.000801107 0.999968 210.693 
0.999965 -0.00235295 0.00798786 -2.75321 0.00235311 0.999997 -4.18547e-06 -3.50275 -0.00798787 2.30236e-05 0.999968 211.863 
0.999968 -0.00291643 0.00751306 -2.76157 0.00290809 0.999995 0.00112703 -3.52818 -0.00751635 -0.0011051 0.999971 213.005 
0.999974 -0.00272414 0.00672503 -2.7735 0.00271676 0.999996 0.00111209 -3.55436 -0.00672808 -0.00109374 0.999977 214.13 
0.999979 -0.00247936 0.00604229 -2.78372 0.00247746 0.999997 0.000327546 -3.58005 -0.00604313 -0.000312527 0.999982 215.237 
0.999981 -0.00233143 0.0057617 -2.80434 0.00233331 0.999997 -0.000312128 -3.60606 -0.005761 0.000325608 0.999983 216.354 
0.999983 -0.00234328 0.00531304 -2.82432 0.00234562 0.999997 -0.000426324 -3.63301 -0.00531207 0.000438821 0.999986 217.45 
0.999989 -0.00280576 0.00381215 -2.83748 0.00280726 0.999996 -0.00037748 -3.65692 -0.00381112 0.000388219 0.999993 218.513 
0.999993 -0.00329607 0.00175718 -2.84806 0.00329544 0.999995 0.000387713 -3.67947 -0.00175849 -0.000381878 0.999998 219.568 
0.99999 -0.00448968 -0.000652938 -2.85929 0.00449101 0.999988 0.00197768 -3.69997 0.000644009 -0.00198055 0.999998 220.625 
0.999987 -0.00409456 -0.00293415 -2.88211 0.0041054 0.999985 0.00368221 -3.72086 0.00291898 -0.00369417 0.999989 221.673 
0.999978 -0.00376722 -0.00538922 -2.90755 0.00378733 0.999986 0.00371881 -3.74094 0.0053751 -0.0037391 0.999979 222.704 
0.99996 -0.00360541 -0.00815953 -2.92846 0.00363237 0.999988 0.00328654 -3.76096 0.00814754 -0.003316 0.999961 223.719 
0.99993 -0.00372265 -0.0112505 -2.95007 0.00376132 0.999987 0.00341372 -3.77847 0.0112376 -0.00345575 0.999931 224.715 
0.999893 -0.00319313 -0.0142708 -2.97749 0.00324904 0.999987 0.00389387 -3.79693 0.0142582 -0.00393978 0.999891 225.684 
0.999847 -0.00297885 -0.0172121 -3.00934 0.00304468 0.999988 0.00379735 -3.82069 0.0172006 -0.00384913 0.999845 226.631 
0.999783 -0.00313036 -0.0205824 -3.04042 0.00320056 0.999989 0.00337683 -3.83995 0.0205716 -0.00344194 0.999782 227.552 
0.999703 -0.00338401 -0.024122 -3.07093 0.00345269 0.99999 0.00280437 -3.85917 0.0241122 -0.00288678 0.999705 228.449 
0.999621 -0.00232708 -0.0274434 -3.10947 0.00240058 0.999994 0.00264406 -3.87854 0.0274371 -0.0027089 0.99962 229.313 
0.999528 -0.00208333 -0.0306385 -3.14946 0.00214785 0.999996 0.0020718 -3.89846 0.030634 -0.00213659 0.999528 230.152 
0.999471 -7.60733e-06 -0.0325102 -3.19988 7.35456e-05 0.999998 0.00202576 -3.91512 0.03251 -0.00202703 0.999469 230.975 
0.999453 0.000700558 -0.0330715 -3.24453 -0.000617568 0.999997 0.0025183 -3.93179 0.0330731 -0.00249646 0.99945 231.781 
0.999451 0.000594193 -0.0331238 -3.2744 -0.000476541 0.999994 0.00355843 -3.94729 0.0331256 -0.00354065 0.999445 232.582 
0.999469 0.000944557 -0.0325808 -3.31505 -0.000803361 0.99999 0.00434525 -3.96241 0.0325846 -0.00431672 0.99946 233.35 
0.999485 0.000904802 -0.0320724 -3.3544 -0.000779837 0.999992 0.00390732 -3.97698 0.0320756 -0.00388025 0.999478 234.099 
0.999492 0.00123984 -0.0318624 -3.38881 -0.00117733 0.999997 0.00197954 -3.99177 0.0318647 -0.00194098 0.99949 234.838 
0.999517 0.0012934 -0.0310372 -3.42481 -0.00129624 0.999999 -7.26489e-05 -4.00721 0.031037 0.000112888 0.999518 235.569 
0.999554 0.001188 -0.0298267 -3.46146 -0.00122834 0.999998 -0.00133563 -4.02395 0.029825 0.00137172 0.999554 236.297 
0.999593 0.00173944 -0.0284846 -3.49595 -0.00179079 0.999997 -0.00177909 -4.03939 0.0284813 0.00182942 0.999593 237.022 
0.99964 0.00122069 -0.026813 -3.5226 -0.00127294 0.999997 -0.00193321 -4.05316 0.0268106 0.00196669 0.999639 237.757 
0.999688 0.00105116 -0.0249495 -3.55099 -0.00110095 0.999997 -0.00198391 -4.06751 0.0249473 0.0020108 0.999687 238.482 
0.999733 0.00112237 -0.0230984 -3.57648 -0.00117377 0.999997 -0.00221343 -4.08272 0.0230958 0.00223999 0.999731 239.206 
0.999778 0.000895102 -0.0210326 -3.60103 -0.000947405 0.999997 -0.00247895 -4.09787 0.0210303 0.00249837 0.999776 239.929 
0.999836 0.000969445 -0.018093 -3.62662 -0.0010063 0.999997 -0.00203014 -4.11372 0.018091 0.00204806 0.999834 240.655 
0.999889 -1.63481e-06 -0.0149117 -3.64591 -2.11102e-05 0.999999 -0.00152798 -4.12469 0.0149117 0.00152817 0.999888 241.379 
0.999929 -0.000941184 -0.0118702 -3.66588 0.000927261 0.999999 -0.00118194 -4.13924 0.0118712 0.00117089 0.999929 242.102 
0.99996 -0.00122116 -0.00884343 -3.68007 0.00121088 0.999999 -0.00117178 -4.15316 0.00884481 0.00116106 0.99996 242.808 
0.999983 -0.00155762 -0.00570356 -3.69923 0.00154896 0.999998 -0.0015288 -4.16632 0.00570588 0.00151998 0.999983 243.515 
0.999996 -0.0015654 -0.00250483 -3.71602 0.0015609 0.999997 -0.00181342 -4.17869 0.00250761 0.00180954 0.999995 244.213 
1 -0.000799882 0.000368138 -3.72713 0.000800884 0.999996 -0.00261242 -4.19326 -0.000366089 0.00261275 0.999997 244.908 
0.999994 -0.000588087 0.00349782 -3.73709 0.000599234 0.999995 -0.00317444 -4.20731 -0.00349598 0.00317656 0.999989 245.611 
0.999979 -0.000582998 0.00646319 -3.74588 0.000597495 0.999997 -0.00223475 -4.22221 -0.00646192 0.00223861 0.999977 246.318 
0.999955 -0.000134653 0.0094413 -3.7534 0.00015052 0.999999 -0.00167538 -4.23494 -0.0094411 0.00167677 0.999954 247.025 
0.999929 -0.000387679 0.0119543 -3.75875 0.000409074 0.999998 -0.00178376 -4.24981 -0.0119537 0.00178856 0.999927 247.728 
0.999896 -0.000149107 0.0144364 -3.7619 0.000197966 0.999994 -0.00338008 -4.2632 -0.0144358 0.00338263 0.99989 248.435 
0.99986 -0.000548721 0.0167475 -3.76499 0.00063765 0.999986 -0.00530251 -4.28041 -0.0167444 0.00531249 0.999846 249.148 
0.999839 -0.00170284 0.0178608 -3.76332 0.00182525 0.999975 -0.00683721 -4.29464 -0.0178487 0.00686875 0.999817 249.863 
0.999837 -0.00151847 0.017987 -3.76142 0.00164953 0.999972 -0.00727112 -4.3101 -0.0179755 0.00729965 0.999812 250.584 
0.999833 -0.00245144 0.0181355 -3.7611 0.00259067 0.999967 -0.00765511 -4.32745 -0.0181162 0.00770085 0.999806 251.307 
0.99983 -0.00121735 0.0183858 -3.76036 0.00136464 0.999967 -0.00799819 -4.34466 -0.0183755 0.00802197 0.999799 252.043 
0.999823 -0.000384493 0.0187979 -3.76186 0.000545322 0.999963 -0.00854905 -4.36275 -0.0187939 0.00855783 0.999787 252.775 
0.999812 -0.00131016 0.0193503 -3.77117 0.001514 0.999944 -0.010521 -4.37711 -0.0193355 0.0105484 0.999757 253.54 
0.999785 -0.00517872 0.020085 -3.77687 0.00543448 0.999905 -0.0126984 -4.39439 -0.0200174 0.0128048 0.999718 254.311 
0.999746 -0.00834002 0.0209242 -3.77047 0.00862312 0.999872 -0.0134742 -4.41356 -0.0208092 0.0136512 0.99969 255.079 
0.999743 -0.00566816 0.0219455 -3.77996 0.00588316 0.999935 -0.00974316 -4.42674 -0.0218889 0.00986981 0.999712 255.858 
0.999736 -0.00189064 0.0229183 -3.79513 0.00197314 0.999992 -0.00357579 -4.44656 -0.0229114 0.00362011 0.999731 256.638 
0.99971 -0.00260763 0.0239349 -3.79244 0.00261029 0.999997 -7.81304e-05 -4.46428 -0.0239346 0.000140626 0.999714 257.433 
0.999645 -0.00349682 0.0263984 -3.78113 0.00355343 0.999992 -0.00209647 -4.47928 -0.0263909 0.00218957 0.999649 258.225 
0.999523 -0.00226176 0.0308125 -3.77504 0.00252078 0.999962 -0.00836876 -4.49096 -0.0307924 0.00844248 0.99949 259.022 
0.999398 -0.000120233 0.0346971 -3.76781 0.000534276 0.999929 -0.0119228 -4.50755 -0.0346933 0.0119342 0.999327 259.828 
0.999272 0.00138463 0.0381361 -3.75538 -0.000934403 0.99993 -0.01182 -4.52566 -0.0381498 0.0117758 0.999203 260.648 
0.999128 -0.000364532 0.041745 -3.7386 0.000758211 0.999955 -0.00941408 -4.54842 -0.0417398 0.00943757 0.999084 261.48 
0.998989 -0.00390099 0.0447788 -3.71202 0.00417835 0.999973 -0.00610116 -4.56968 -0.0447539 0.00628214 0.998978 262.319 
0.998844 -0.00648564 0.0476243 -3.68037 0.00670546 0.999968 -0.00445659 -4.58816 -0.0475939 0.00477083 0.998855 263.163 
0.998694 -0.00596958 0.0507466 -3.64985 0.00617981 0.999973 -0.00398596 -4.60553 -0.0507215 0.0042944 0.998704 264.018 
0.998572 -0.00363173 0.0532957 -3.62408 0.00396289 0.999974 -0.00610847 -4.62289 -0.0532722 0.006311 0.99856 264.862 
0.998447 -0.00295117 0.0556241 -3.59275 0.00342029 0.999959 -0.00833977 -4.64204 -0.0555973 0.00851711 0.998417 265.701 
0.998312 -0.00262494 0.0580176 -3.55072 0.00312166 0.999959 -0.00847195 -4.65887 -0.057993 0.0086388 0.99828 266.558 
0.99812 -0.00173159 0.0612693 -3.52445 0.00212753 0.999977 -0.00639687 -4.68238 -0.0612569 0.00651524 0.998101 267.417 
0.997911 -0.000380886 0.0645974 -3.48433 0.000691721 0.999988 -0.00478889 -4.70207 -0.0645949 0.00482361 0.9979 268.274 
0.997711 0.000359898 0.0676229 -3.44474 -2.15634e-05 0.999988 -0.00500326 -4.72027 -0.0676239 0.00499039 0.997698 269.129 
0.997518 0.000559683 0.0704109 -3.40167 -0.000159152 0.999984 -0.00569334 -4.73561 -0.070413 0.00566804 0.997502 269.978 
0.997311 -0.00105414 0.0732781 -3.3554 0.00150431 0.99998 -0.00608788 -4.75257 -0.0732703 0.00618179 0.997293 270.835 
0.997154 -0.00405618 0.0752832 -3.3072 0.00448446 0.999975 -0.00552017 -4.76691 -0.0752589 0.00584211 0.997147 271.685 
0.997062 -0.00524801 0.0764147 -3.25835 0.0056953 0.999968 -0.0056361 -4.78547 -0.0763827 0.00605479 0.99706 272.546 
0.996993 -0.00583402 0.077268 -3.2099 0.00629611 0.999964 -0.00573752 -4.80006 -0.0772317 0.00620679 0.996994 273.401 
0.99694 -0.00568325 0.0779703 -3.16166 0.00615679 0.999964 -0.0058337 -4.8147 -0.0779344 0.00629593 0.996939 274.264 
0.996925 -0.0052894 0.0781796 -3.11691 0.00572071 0.99997 -0.00529332 -4.83211 -0.0781493 0.00572433 0.996925 275.123 
0.996966 -0.00524571 0.0776604 -3.06803 0.00564054 0.999972 -0.00486499 -4.85192 -0.0776327 0.00528832 0.996968 275.981 
0.99705 -0.00551958 0.076562 -3.01961 0.00596468 0.999967 -0.00558555 -4.87313 -0.0765287 0.00602578 0.997049 276.841 
0.997176 -0.00519023 0.0749247 -2.97256 0.00569594 0.999962 -0.00653699 -4.89293 -0.074888 0.00694534 0.997168 277.703 
0.99729 -0.00438467 0.0734449 -2.92759 0.00492715 0.999962 -0.00720605 -4.91507 -0.0734106 0.00754843 0.997273 278.561 
0.997413 -0.0035167 0.0717931 -2.88514 0.00405776 0.999964 -0.00739124 -4.93771 -0.0717646 0.00766348 0.997392 279.408 
0.997528 -0.00239575 0.070225 -2.84664 0.00294445 0.999966 -0.00771046 -4.95696 -0.0702042 0.00789822 0.997501 280.272 
0.997673 -0.00198686 0.0681548 -2.8078 0.00248201 0.999971 -0.0071806 -4.97748 -0.0681386 0.00733309 0.997649 281.132 
0.997847 -0.00222065 0.0655427 -2.77563 0.00260335 0.99998 -0.00575346 -4.99827 -0.0655287 0.00591174 0.997833 281.988 
0.998093 -0.00356559 0.0616297 -2.74002 0.00377678 0.999987 -0.00330986 -5.02109 -0.0616171 0.00353635 0.998094 282.844 
0.998355 -0.00476517 0.0571445 -2.71299 0.00486364 0.999987 -0.0015835 -5.04041 -0.0571362 0.00185886 0.998365 283.692 
0.998608 -0.00531283 0.0524775 -2.68519 0.00533953 0.999986 -0.000367801 -5.0576 -0.0524748 0.000647536 0.998622 284.535 
0.998836 -0.00559025 0.0479058 -2.66473 0.00558115 0.999984 0.000324547 -5.07553 -0.0479069 -5.67581e-05 0.998852 285.359 
0.999043 -0.00618999 0.043293 -2.64652 0.00616567 0.999981 0.000696364 -5.09101 -0.0432965 -0.000428727 0.999062 286.18 
0.999225 -0.00722118 0.0386844 -2.63108 0.0071928 0.999974 0.000873956 -5.10609 -0.0386897 -0.000594988 0.999251 286.986 
0.999371 -0.00752045 0.0346584 -2.61952 0.00750736 0.999972 0.000508848 -5.12126 -0.0346613 -0.000248293 0.999399 287.781 
0.999497 -0.00673089 0.0309869 -2.61497 0.00672333 0.999977 0.000349473 -5.13626 -0.0309886 -0.000140921 0.99952 288.552 
0.999611 -0.00660857 0.0271 -2.6051 0.00660021 0.999978 0.000399669 -5.15404 -0.0271021 -0.000220607 0.999633 289.309 
0.999706 -0.00740258 0.023084 -2.59663 0.00739341 0.999973 0.000484455 -5.17077 -0.023087 -0.000313601 0.999733 290.047 
0.999786 -0.00831775 0.0189339 -2.59876 0.00832364 0.999965 -0.000230085 -5.18933 -0.0189313 0.000387676 0.999821 290.767 
0.999879 -0.00674656 0.0140484 -2.60382 0.00677018 0.999976 -0.00163088 -5.20704 -0.0140371 0.00172583 0.9999 291.463 
0.999959 -0.00512689 0.00752715 -2.61131 0.00515425 0.99998 -0.00361319 -5.2221 -0.00750851 0.00365188 0.999965 292.146 
0.99999 -0.0045043 -0.00079972 -2.62974 0.0045 0.999976 -0.0053588 -5.23857 0.000823796 0.00535519 0.999985 292.808 
0.999924 -0.004803 -0.011367 -2.656 0.00472942 0.999968 -0.00649495 -5.25474 0.0113977 0.00644074 0.999914 293.457 
0.999685 -0.00441342 -0.0246894 -2.69701 0.00424584 0.999968 -0.00683742 -5.27012 0.0247187 0.00673048 0.999672 294.106 
0.999133 -0.00322608 -0.0414969 -2.74588 0.00297136 0.999976 -0.00619936 -5.28964 0.0415159 0.00607073 0.999119 294.734 
0.998105 -0.000792212 -0.0615292 -2.81032 0.000455519 0.999985 -0.00548659 -5.30787 0.0615325 0.00544821 0.99809 295.362 
0.996456 0.00069486 -0.0841179 -2.89753 -0.00118442 0.999983 -0.00577069 -5.31839 0.0841124 0.00584991 0.996439 295.993 
0.993965 0.00183249 -0.109685 -2.99138 -0.00250678 0.999979 -0.00601034 -5.33045 0.109671 0.00624907 0.993948 296.6 
0.990454 0.00300856 -0.137813 -3.10196 -0.00383189 0.999976 -0.00570964 -5.34474 0.137792 0.00618326 0.990442 297.199 
0.985617 0.00400931 -0.168948 -3.22567 -0.00483834 0.999978 -0.00449586 -5.35804 0.168926 0.00524866 0.985615 297.792 
0.979151 0.00379672 -0.203098 -3.36873 -0.00446858 0.999986 -0.0028498 -5.36704 0.203085 0.00369799 0.979154 298.365 
0.970802 0.00381215 -0.239851 -3.51886 -0.00422546 0.99999 -0.00120914 -5.37783 0.239845 0.00218737 0.970809 298.922 
0.960518 0.00484956 -0.278177 -3.69322 -0.0047179 0.999988 0.00114261 -5.38467 0.278179 0.000214961 0.960529 299.466 
0.948012 0.00612092 -0.318175 -3.87728 -0.00527724 0.99998 0.00351338 -5.39441 0.31819 -0.00165159 0.948025 299.995 
0.933321 0.00659458 -0.358982 -4.08664 -0.00487539 0.999972 0.00569405 -5.41106 0.35901 -0.00356416 0.933327 300.511 
0.916095 0.00648173 -0.400909 -4.30309 -0.00384598 0.999965 0.0073787 -5.41764 0.400943 -0.00521766 0.916088 301.016 
0.896232 0.00596323 -0.443545 -4.54998 -0.00238714 0.99996 0.00862039 -5.42505 0.443578 -0.00666702 0.896211 301.489 
0.873145 0.00525162 -0.487432 -4.81049 -0.000752994 0.999955 0.00942466 -5.42953 0.48746 -0.00786201 0.87311 301.958 
0.846915 0.0043367 -0.531711 -5.08449 0.00147962 0.999944 0.0105124 -5.43181 0.531727 -0.00968975 0.846861 302.406 
0.817498 0.00450253 -0.575914 -5.38676 0.00295868 0.999923 0.0120172 -5.43593 0.575923 -0.0115279 0.817422 302.838 
0.78547 0.00603334 -0.61887 -5.7271 0.00227543 0.999918 0.0126361 -5.44133 0.618895 -0.0113334 0.785392 303.212 
0.749797 0.00502957 -0.661649 -6.07817 0.00443875 0.99991 0.012631 -5.44398 0.661653 -0.0124075 0.749707 303.592 
0.710205 0.00412252 -0.703983 -6.40895 0.00865883 0.999856 0.0145905 -5.45104 0.703942 -0.0164578 0.710067 303.916 
0.667029 0.00360047 -0.745023 -6.79649 0.0146614 0.999731 0.0179579 -5.45356 0.744888 -0.0229015 0.666797 304.198 
0.619426 0.00409829 -0.785044 -7.19673 0.0185944 0.999629 0.0198901 -5.4481 0.784834 -0.0269179 0.619121 304.447 
0.568645 0.00769239 -0.822547 -7.61368 0.0180928 0.999597 0.0218561 -5.44603 0.822384 -0.0273105 0.568277 304.658 
0.515921 0.014032 -0.856521 -8.04659 0.0131553 0.999618 0.0243003 -5.44449 0.856535 -0.0238047 0.515539 304.832 
0.46001 0.017944 -0.887733 -8.45874 0.0103349 0.99962 0.025561 -5.43849 0.887854 -0.0209328 0.459649 305 
0.402143 0.0200826 -0.915357 -8.87773 0.00975913 0.999609 0.0262185 -5.4321 0.915525 -0.0194766 0.401789 305.139 
0.342946 0.0219627 -0.939098 -9.28782 0.0116424 0.999551 0.0276281 -5.42365 0.939283 -0.0204083 0.342536 305.259 
0.283111 0.0251494 -0.958757 -9.70733 0.0136904 0.999448 0.0302594 -5.41655 0.958989 -0.0216925 0.282611 305.353 
0.222002 0.0287854 -0.974621 -10.128 0.0158377 0.999326 0.0331226 -5.40577 0.974918 -0.022789 0.221396 305.426 
0.157936 0.0319954 -0.986931 -10.5599 0.0182972 0.999209 0.0353215 -5.39668 0.98728 -0.0236366 0.157226 305.474 
0.0924057 0.0357046 -0.995081 -11.0014 0.0186625 0.999119 0.0375825 -5.38236 0.995547 -0.0220435 0.0916579 305.483 
0.0257458 0.0413838 -0.998812 -11.4589 0.0205928 0.998909 0.0419186 -5.3699 0.999456 -0.0216475 0.0248655 305.467 
-0.0425429 0.0478621 -0.997948 -11.9293 0.0224753 0.998645 0.0469374 -5.35043 0.998842 -0.0204323 -0.043561 305.418 
-0.110915 0.0547274 -0.992322 -12.4037 0.0246948 0.998326 0.0522983 -5.33211 0.993523 -0.0187045 -0.11208 305.334 
-0.178913 0.0608772 -0.98198 -12.8903 0.0270146 0.998012 0.0569491 -5.31181 0.983494 -0.0163388 -0.180202 305.213 
-0.245936 0.0669874 -0.966969 -13.3778 0.0309164 0.997644 0.0612492 -5.29261 0.968793 -0.0148318 -0.247427 305.061 
-0.311189 0.0711777 -0.947679 -13.8708 0.0350774 0.997372 0.0633917 -5.26494 0.9497 -0.0135153 -0.312868 304.87 
-0.373495 0.073396 -0.924724 -14.3583 0.0386202 0.997231 0.0635523 -5.2354 0.926828 -0.0119765 -0.375295 304.638 
-0.432668 0.0736967 -0.898536 -14.8329 0.0416673 0.997223 0.061727 -5.20295 0.90059 -0.0107323 -0.434537 304.368 
-0.488467 0.0734054 -0.869489 -15.3058 0.0438162 0.997262 0.0595771 -5.16726 0.871482 -0.00899628 -0.490346 304.061 
-0.539919 0.0734846 -0.838503 -15.7824 0.0458629 0.99727 0.0578671 -5.13106 0.840466 -0.00721253 -0.541816 303.718 
-0.585959 0.0733551 -0.807013 -16.2488 0.0473197 0.997292 0.0562929 -5.09632 0.808958 -0.00520225 -0.587844 303.337 
-0.62639 0.0739753 -0.775992 -16.7138 0.0482821 0.997257 0.0560946 -5.06338 0.778014 -0.00232941 -0.628243 302.92 
-0.663073 0.0777226 -0.744509 -17.1673 0.0527163 0.996974 0.0571285 -5.03298 0.746696 -0.00136731 -0.665164 302.475 
-0.699024 0.0846812 -0.710067 -17.6214 0.0608633 0.996406 0.0589127 -4.99875 0.712504 -0.00203562 -0.701665 301.996 
-0.733917 0.0900032 -0.673249 -18.075 0.0668789 0.995941 0.0602367 -4.96035 0.675938 -0.000817383 -0.736958 301.473 
-0.766006 0.0914116 -0.6363 -18.5108 0.0695324 0.995812 0.0593534 -4.92321 0.639061 0.00122162 -0.769155 300.91 
-0.795429 0.0881863 -0.599596 -18.9237 0.0690683 0.996102 0.0548763 -4.89281 0.602098 0.00223718 -0.798419 300.311 
-0.821875 0.0855839 -0.563202 -19.3251 0.0701017 0.996331 0.0491032 -4.86333 0.565338 0.000875355 -0.824859 299.67 
-0.846076 0.0808153 -0.526901 -19.7083 0.0686738 0.996729 0.0426033 -4.82825 0.52862 -0.000138581 -0.848858 298.989 
-0.867826 0.0783326 -0.490655 -20.0754 0.0687667 0.996927 0.0375299 -4.79923 0.492087 -0.00117132 -0.870545 298.275 
-0.88771 0.0768537 -0.453944 -20.4258 0.0679358 0.997042 0.0359496 -4.77509 0.455364 0.00107382 -0.890305 297.521 
-0.906162 0.0731432 -0.416558 -20.7535 0.0649971 0.997315 0.0337263 -4.75344 0.417907 0.0034864 -0.908483 296.73 
-0.922813 0.0726589 -0.378335 -21.0629 0.0656812 0.997349 0.0313342 -4.72963 0.379608 0.00406612 -0.925138 295.908 
-0.937798 0.0748813 -0.339009 -21.3452 0.0685648 0.997178 0.0305893 -4.70687 0.340343 0.00544252 -0.940286 295.048 
-0.950645 0.0782821 -0.300242 -21.595 0.0726835 0.99691 0.0297891 -4.68906 0.301647 0.00649622 -0.953398 294.16 
-0.961797 0.0791097 -0.262085 -21.8162 0.073612 0.996813 0.0307451 -4.66751 0.263682 0.0102779 -0.964555 293.236 
-0.971022 0.0819908 -0.224487 -22.0075 0.0769803 0.996551 0.0309971 -4.65082 0.226254 0.0128178 -0.973984 292.289 
-0.978778 0.0816114 -0.187972 -22.1651 0.0773981 0.996559 0.0296586 -4.63378 0.189746 0.0144805 -0.981727 291.317 
-0.984841 0.0801082 -0.153851 -22.2877 0.0771393 0.996702 0.0251807 -4.61293 0.155361 0.0129311 -0.987773 290.318 
