1 2.12261e-08 -2.11895e-08 0 2.12261e-08 1 2.10703e-08 0 -2.11895e-08 2.10703e-08 1 0 
0.999979 0.000475339 -0.0064812 -0.00980768 -0.000473189 1 0.000326646 -0.00100679 0.00648131 -0.00032353 0.999979 0.094937 
0.999907 0.00102906 -0.0135958 -0.0192119 -0.00102633 0.999999 0.000204159 -0.00171564 0.0135959 -0.000190144 0.999908 0.194315 
0.999775 0.00140644 -0.0211579 -0.0318304 -0.00141692 0.999999 -0.000482677 -0.00300688 0.0211572 0.00051259 0.999776 0.294579 
0.999533 0.001862 -0.0304916 -0.0460061 -0.00191841 0.999997 -0.00182231 -0.00408889 0.030488 0.00188 0.999533 0.401633 
0.999117 0.00194747 -0.0419732 -0.0648744 -0.00209195 0.999992 -0.00339942 -0.00461077 0.0419662 0.00348427 0.999113 0.521254 
0.998455 0.00186587 -0.0555383 -0.0888687 -0.00210665 0.999989 -0.0042779 -0.00505174 0.0555296 0.00438834 0.998447 0.65178 
0.997409 0.00174528 -0.0719209 -0.116961 -0.00206012 0.999989 -0.00430421 -0.00508917 0.0719125 0.00444127 0.997401 0.795386 
0.995887 0.000129891 -0.0906086 -0.149822 -0.000513841 0.999991 -0.00421459 -0.00740206 0.0906072 0.00424386 0.995878 0.953224 
0.993862 -0.00108677 -0.11062 -0.189017 0.000612779 0.999991 -0.00431911 -0.0104048 0.110624 0.00422486 0.993853 1.11806 
0.991138 -0.00119441 -0.13283 -0.238797 0.000583526 0.999989 -0.00463811 -0.0147352 0.132834 0.00451954 0.991128 1.2928 
0.987599 0.00242904 -0.156979 -0.299835 -0.00342121 0.999976 -0.00605072 -0.0200166 0.15696 0.00651278 0.987584 1.4705 
0.983213 0.00669264 -0.18234 -0.371916 -0.00821111 0.999938 -0.00757421 -0.0262847 0.182278 0.00894431 0.983206 1.65548 
0.977784 0.00956562 -0.209397 -0.449349 -0.0115864 0.999897 -0.00842614 -0.0335114 0.209295 0.0106651 0.977795 1.84574 
0.970947 0.0102706 -0.239074 -0.528509 -0.012654 0.999884 -0.00843637 -0.0384897 0.23896 0.0112166 0.970965 2.04705 
0.962826 0.0121627 -0.26985 -0.623696 -0.0148376 0.999859 -0.0078752 -0.0432459 0.269716 0.0115864 0.96287 2.25125 
0.95328 0.0138402 -0.30177 -0.730998 -0.0167158 0.999836 -0.00694895 -0.0446591 0.301624 0.0116687 0.953356 2.45939 
0.941898 0.0160218 -0.335517 -0.844321 -0.0191102 0.9998 -0.00590546 -0.0458002 0.335355 0.0119742 0.942016 2.66811 
0.929222 0.0182463 -0.36907 -0.966278 -0.021814 0.999747 -0.00549602 -0.0476345 0.368877 0.013158 0.929385 2.8714 
0.915159 0.0209208 -0.40255 -1.09933 -0.0250185 0.999675 -0.0049236 -0.0463391 0.402316 0.0145771 0.915385 3.07661 
0.89883 0.0213411 -0.437778 -1.23557 -0.0258258 0.999657 -0.00429286 -0.0444949 0.437536 0.0151646 0.899073 3.28117 
0.880016 0.0166654 -0.474652 -1.37538 -0.0216167 0.999754 -0.00497584 -0.0432547 0.474452 0.0146393 0.88016 3.48816 
0.858317 0.011432 -0.512993 -1.52493 -0.0166154 0.999847 -0.00551866 -0.0434282 0.512852 0.0132604 0.858375 3.69072 
0.832748 0.0129605 -0.5535 -1.69606 -0.0170928 0.999851 -0.00230429 -0.0477309 0.553388 0.0113798 0.832846 3.88734 
0.80292 0.0183167 -0.595805 -1.88824 -0.0217769 0.999762 0.00138848 -0.0521256 0.595689 0.01186 0.803128 4.07852 
0.769567 0.021182 -0.638215 -2.09475 -0.0248537 0.999686 0.00321011 -0.0552162 0.638082 0.0133916 0.769852 4.26011 
0.732678 0.0203661 -0.68027 -2.31465 -0.02419 0.9997 0.00387561 -0.0551323 0.680145 0.0136162 0.732951 4.44393 
0.692015 0.0161519 -0.721702 -2.54717 -0.0180518 0.999824 0.00506703 -0.0553623 0.721657 0.0095216 0.692185 4.6266 
0.648496 0.0127459 -0.761111 -2.80135 -0.0127984 0.999901 0.00584001 -0.0548725 0.76111 0.00595385 0.648595 4.80115 
0.603139 0.0123125 -0.797541 -3.07875 -0.0099359 0.999919 0.00792284 -0.0550048 0.797575 0.00314577 0.603212 4.95719 
0.554424 0.0129641 -0.832134 -3.37161 -0.00733508 0.999916 0.0106909 -0.0529756 0.832202 0.000176503 0.554472 5.10102 
0.503228 0.0136384 -0.864046 -3.68153 -0.00580115 0.999906 0.0124042 -0.0485774 0.864135 -0.00122961 0.503259 5.22122 
0.450243 0.0150662 -0.892779 -4.01133 -0.00525247 0.999885 0.0142247 -0.0419586 0.89289 -0.00171524 0.450271 5.32958 
0.39548 0.0170742 -0.918316 -4.36301 -0.00423348 0.999851 0.016767 -0.0360113 0.918465 -0.00274327 0.395493 5.42591 
0.339949 0.0191435 -0.940249 -4.72722 -0.00370585 0.999812 0.0190163 -0.0321784 0.940437 -0.0029801 0.339956 5.50248 
0.284841 0.022153 -0.958319 -5.11109 -0.00145672 0.999742 0.0226776 -0.0294806 0.958574 -0.00506346 0.284799 5.56516 
0.231161 0.024009 -0.972619 -5.50734 0.00277005 0.999675 0.0253352 -0.0247822 0.972912 -0.00855067 0.23102 5.6126 
0.180076 0.0244773 -0.983348 -5.91979 0.00539355 0.999651 0.0258708 -0.021608 0.983638 -0.0099624 0.179881 5.64654 
0.132782 0.0253753 -0.99082 -6.34708 0.00305907 0.999657 0.0260116 -0.0145214 0.991141 -0.00648481 0.132659 5.6523 
0.0903147 0.0255359 -0.995586 -6.78953 0.00112034 0.999668 0.0257422 -0.00533809 0.995913 -0.00344025 0.0902561 5.64636 
0.0522398 0.0240032 -0.998346 -7.24911 -0.000196579 0.999711 0.0240257 0.00491928 0.998635 -0.0010588 0.0522295 5.63384 
0.0176457 0.0212216 -0.999619 -7.71795 0.000621183 0.999774 0.0212359 0.0133428 0.999844 -0.000995628 0.0176286 5.61063 
-0.0138417 0.0185646 -0.999732 -8.20298 0.000800536 0.999828 0.0185553 0.018683 0.999904 -0.000543443 -0.0138542 5.57423 
-0.0404601 0.0166963 -0.999042 -8.70279 0.000137309 0.999861 0.0167044 0.0233368 0.999181 0.000538725 -0.0404568 5.5248 
-0.0614034 0.0144085 -0.998009 -9.21243 -0.000208949 0.999896 0.0144486 0.0314663 0.998113 0.00109577 -0.061394 5.46892 
-0.077879 0.0135963 -0.99687 -9.73734 0.000214951 0.999907 0.013621 0.0415716 0.996963 0.00084655 -0.0778746 5.40817 
-0.0911311 0.0140337 -0.99574 -10.2788 0.00113565 0.999902 0.0139884 0.0486888 0.995838 0.000144001 -0.091138 5.34399 
-0.100751 0.015224 -0.994795 -10.8378 -0.000251348 0.999883 0.0153273 0.045695 0.994912 0.00179433 -0.100736 5.26827 
-0.107558 0.0164512 -0.994063 -11.4095 -0.0021722 0.999857 0.0167821 0.0460356 0.994197 0.00396439 -0.107507 5.18765 
-0.112143 0.017403 -0.99354 -12.002 -0.00209999 0.99984 0.0177504 0.0510172 0.99369 0.00407704 -0.112089 5.10583 
-0.113724 0.0181331 -0.993347 -12.6057 0.000560002 0.999834 0.0181874 0.0606134 0.993512 0.00151211 -0.113715 5.03088 
-0.112968 0.020316 -0.993391 -13.2294 0.00263037 0.999794 0.0201478 0.068826 0.993595 -0.000336893 -0.112998 4.95443 
-0.111664 0.0227969 -0.993485 -13.8694 0.00193796 0.99974 0.0227227 0.0727688 0.993744 0.000612003 -0.111679 4.8723 
-0.110328 0.0225558 -0.993639 -14.5238 -7.26589e-05 0.999742 0.0227024 0.0792115 0.993895 0.00257694 -0.110298 4.78872 
-0.108928 0.019939 -0.99385 -15.188 -0.00174211 0.999793 0.0202492 0.0875278 0.994048 0.00393715 -0.108871 4.70425 
-0.107868 0.0196788 -0.99397 -15.8705 -0.00197026 0.999798 0.020008 0.0989443 0.994163 0.00411664 -0.107808 4.62193 
-0.106166 0.0224028 -0.994096 -16.5719 -0.001528 0.999741 0.0226933 0.11154 0.994347 0.00392827 -0.106104 4.53646 
-0.104411 0.0257337 -0.994201 -17.291 -0.00229021 0.999656 0.0261154 0.123194 0.994532 0.0050037 -0.104316 4.4485 
-0.102714 0.0278509 -0.994321 -18.0236 -0.00256527 0.999597 0.0282637 0.130789 0.994708 0.00545383 -0.102601 4.35959 
-0.100916 0.0270272 -0.994528 -18.764 -0.00428804 0.99961 0.0276005 0.14381 0.994886 0.00704994 -0.10076 4.26838 
-0.0992417 0.0238583 -0.994777 -19.5197 -0.00644902 0.999676 0.0246191 0.157183 0.995043 0.00885863 -0.0990557 4.17436 
-0.0976887 0.0231849 -0.994947 -20.287 -0.00729117 0.999685 0.0240112 0.169755 0.99519 0.00959999 -0.0974889 4.08151 
-0.0962234 0.025594 -0.995031 -21.0705 -0.00465299 0.999647 0.0261627 0.181342 0.995349 0.00714737 -0.0960703 3.99424 
-0.0951901 0.0278244 -0.99507 -21.8672 -0.00238542 0.9996 0.0281793 0.190898 0.995456 0.00505609 -0.0950857 3.90693 
-0.0940319 0.0296195 -0.995129 -22.6671 -0.00114072 0.999554 0.029859 0.200636 0.995569 0.0039429 -0.0939562 3.81778 
-0.0935141 0.0249641 -0.995305 -23.4682 -0.000828522 0.999683 0.0251518 0.208971 0.995618 0.00317672 -0.0934638 3.72844 
-0.0932489 0.0181016 -0.995478 -24.2736 0.000668723 0.999836 0.0181182 0.214141 0.995643 0.00102384 -0.0932457 3.63974 
-0.0934789 0.0135772 -0.995529 -25.0896 0.00393193 0.999904 0.0132677 0.222811 0.995614 -0.00267406 -0.0935233 3.55439 
-0.0941247 0.014347 -0.995457 -25.9172 0.00508953 0.99989 0.0139296 0.229353 0.995547 -0.00375525 -0.0941874 3.46567 
-0.0942352 0.0218356 -0.995311 -26.7556 0.00484901 0.999758 0.0214741 0.231125 0.995538 -0.00280262 -0.0943182 3.36865 
-0.0945528 0.0288797 -0.995101 -27.5995 0.00337583 0.999583 0.028689 0.239125 0.995514 -0.000646628 -0.0946108 3.27208 
-0.0950511 0.0340972 -0.994888 -28.4456 0.00141809 0.999417 0.0341169 0.248713 0.995471 0.00183205 -0.095044 3.17408 
-0.0955144 0.0343143 -0.994836 -29.2857 -7.13134e-05 0.999405 0.0344787 0.261575 0.995428 0.0033642 -0.0954551 3.07604 
-0.095942 0.0307964 -0.99491 -30.1221 1.45923e-05 0.999521 0.0309377 0.27399 0.995387 0.00295375 -0.0958965 2.9809 
-0.0965813 0.0280571 -0.99493 -30.9578 -0.000240133 0.999602 0.0282122 0.28763 0.995325 0.00296372 -0.0965361 2.8868 
-0.0967796 0.0291394 -0.994879 -31.7963 -0.00160102 0.999566 0.0294324 0.300466 0.995305 0.00444132 -0.0966909 2.78952 
-0.0968365 0.0315243 -0.994801 -32.6332 -0.00222164 0.999489 0.0318891 0.308947 0.995298 0.00529816 -0.0967169 2.69274 
-0.0967205 0.0298035 -0.994865 -33.4731 -0.00291929 0.999539 0.0302274 0.317027 0.995307 0.00582794 -0.0965889 2.591 
-0.0964244 0.0245861 -0.995037 -34.3032 -0.00374234 0.999679 0.0250634 0.326896 0.995333 0.00614053 -0.0963015 2.49476 
-0.0961529 0.0203425 -0.995159 -35.1373 -0.00499626 0.999769 0.0209194 0.336382 0.995354 0.00698358 -0.096029 2.39233 
-0.0956813 0.0210653 -0.995189 -35.9742 -0.00424178 0.999758 0.0215698 0.343428 0.995403 0.00628525 -0.0955688 2.29484 
-0.0954229 0.0236491 -0.995156 -36.8131 -0.00304478 0.999706 0.0240492 0.345623 0.995432 0.00532492 -0.0953228 2.20174 
-0.0950275 0.0284336 -0.995069 -37.6583 -0.00262041 0.999581 0.0288128 0.355988 0.995471 0.00534553 -0.0949132 2.1049 
-0.0944211 0.0339917 -0.994952 -38.5019 -0.00173787 0.99941 0.0343089 0.368006 0.995531 0.00496862 -0.0943062 2.0078 
-0.094703 0.0372359 -0.994809 -39.3413 -0.00189675 0.999292 0.0375843 0.379017 0.995504 0.00544628 -0.0945653 1.91287 
-0.0945458 0.0370675 -0.99483 -40.171 -0.00147874 0.9993 0.0373745 0.393925 0.995519 0.00500474 -0.0944248 1.82304 
-0.0943992 0.0324616 -0.995005 -41.0034 -0.00122163 0.999464 0.0327229 0.412431 0.995534 0.00430458 -0.0943089 1.72329 
-0.0941121 0.0280698 -0.995166 -41.8331 -0.00232589 0.999594 0.0284147 0.423824 0.995559 0.00498885 -0.0940086 1.62751 
-0.0940413 0.0251105 -0.995252 -42.6659 -0.00614385 0.999648 0.025802 0.434973 0.995549 0.00854117 -0.093854 1.52527 
-0.0947057 0.0231799 -0.995235 -43.4969 -0.00930432 0.999665 0.0241685 0.444183 0.995462 0.0115489 -0.0944582 1.42663 
-0.0954345 0.021372 -0.995206 -44.3298 -0.00703205 0.99973 0.0221435 0.446557 0.995411 0.00911163 -0.0952584 1.33056 
-0.0966 0.0177575 -0.995165 -45.1571 -0.00363629 0.999828 0.0181937 0.450253 0.995317 0.00537626 -0.0965188 1.23656 
-0.097522 0.0163695 -0.995099 -45.981 0.000887162 0.999866 0.0163609 0.456379 0.995233 0.000712777 -0.0975234 1.14504 
-0.099745 0.0198898 -0.994814 -46.8072 0.00135031 0.999802 0.0198541 0.458075 0.995012 0.00063708 -0.0997521 1.04961 
-0.101463 0.0261475 -0.994496 -47.6393 0.00385231 0.999657 0.0258902 0.461548 0.994832 -0.00120416 -0.101529 0.949719 
-0.103404 0.0298875 -0.99419 -48.4595 0.00569027 0.99955 0.0294568 0.465915 0.994623 -0.00261123 -0.103527 0.851361 
-0.105129 0.0289399 -0.994037 -49.2651 0.00585782 0.999577 0.0284817 0.47346 0.994441 -0.0028286 -0.105254 0.755262 
-0.10618 0.0250167 -0.994032 -50.064 0.00249301 0.999687 0.0248927 0.476925 0.994344 0.000165021 -0.106209 0.64935 
-0.107523 0.0212671 -0.993975 -50.8598 -0.00219254 0.999764 0.0216281 0.482192 0.9942 0.0045049 -0.107451 0.541139 
-0.109124 0.0195189 -0.993837 -51.6559 -0.00620303 0.999774 0.0203166 0.488157 0.994009 0.00838187 -0.108979 0.431993 
-0.110255 0.0206174 -0.993689 -52.4501 -0.00781006 0.999736 0.0216095 0.488865 0.993873 0.0101434 -0.110065 0.325454 
-0.111497 0.0221745 -0.993517 -53.2387 -0.00736718 0.999705 0.0231394 0.491349 0.993738 0.00989942 -0.1113 0.224467 
-0.112537 0.0215888 -0.993413 -54.0217 -0.00939909 0.999696 0.0227901 0.494407 0.993603 0.0119019 -0.1123 0.11604 
-0.113194 0.0214117 -0.993342 -54.7963 -0.0100514 0.999692 0.0226939 0.496077 0.993522 0.0125534 -0.112944 0.0114187 
-0.113826 0.0232773 -0.993228 -55.5726 -0.00836333 0.999668 0.0243867 0.500052 0.993466 0.0110826 -0.113593 -0.090591 
-0.114088 0.0261905 -0.993125 -56.3431 -0.00748238 0.999601 0.0272209 0.504449 0.993443 0.0105366 -0.113847 -0.193227 
-0.114357 0.0303198 -0.992977 -57.1119 -0.00760351 0.999478 0.031394 0.510153 0.993411 0.0111403 -0.114067 -0.297201 
-0.115134 0.0325051 -0.992818 -57.8746 -0.00741321 0.999409 0.0335805 0.516421 0.993322 0.0112263 -0.114825 -0.39758 
-0.116061 0.0324202 -0.992713 -58.6259 -0.00704626 0.999415 0.0334629 0.525177 0.993217 0.0108787 -0.115765 -0.496886 
-0.116491 0.0305428 -0.992722 -59.3687 -0.00618013 0.999485 0.0314761 0.532823 0.993173 0.00980188 -0.116242 -0.596352 
-0.117078 0.0270659 -0.992754 -60.1029 -0.00580839 0.999593 0.0279374 0.539298 0.993106 0.00903719 -0.116873 -0.691984 
-0.117022 0.0241915 -0.992835 -60.8297 -0.00608958 0.999667 0.0250757 0.543252 0.993111 0.00898039 -0.116835 -0.791633 
-0.115921 0.0217457 -0.99302 -61.5425 -0.00642431 0.999723 0.0226424 0.550196 0.993238 0.00900423 -0.115749 -0.890604 
-0.113743 0.0208958 -0.99329 -62.2382 -0.00856332 0.999721 0.0220117 0.552326 0.993473 0.0110096 -0.113532 -0.985963 
-0.109915 0.0219138 -0.993699 -62.9208 -0.00876782 0.999697 0.0230158 0.551927 0.993902 0.0112424 -0.10969 -1.07226 
-0.104231 0.0234015 -0.994278 -63.5891 -0.0079164 0.999672 0.0243583 0.554331 0.994522 0.01041 -0.104012 -1.15266 
-0.0970992 0.0249077 -0.994963 -64.2403 -0.0068627 0.999646 0.0256946 0.556881 0.995251 0.0093231 -0.0968939 -1.2236 
-0.0884343 0.0262766 -0.995735 -64.8763 -0.00780862 0.999603 0.0270722 0.557394 0.996051 0.0101695 -0.088194 -1.28948 
-0.0767572 0.0279535 -0.996658 -65.4955 -0.00992068 0.999536 0.0287982 0.558819 0.997001 0.012098 -0.0764442 -1.34656 
-0.0618546 0.0294181 -0.997652 -66.1024 -0.0130024 0.999457 0.0302775 0.562764 0.998001 0.0148447 -0.0614385 -1.39473 
-0.043535 0.0305616 -0.998584 -66.6876 -0.0143616 0.99941 0.031213 0.568914 0.998949 0.0157002 -0.0430704 -1.42311 
-0.0214923 0.0312933 -0.999279 -67.2526 -0.015167 0.999385 0.0316229 0.572895 0.999654 0.0158358 -0.0210045 -1.4325 
0.00386425 0.0317391 -0.999489 -67.7906 -0.0145339 0.999392 0.0316798 0.574981 0.999887 0.0144041 0.0043232 -1.42147 
0.0331813 0.031335 -0.998958 -68.3089 -0.0129837 0.999438 0.0309188 0.58006 0.999365 0.0119443 0.0335695 -1.39082 
0.0672435 0.0313649 -0.997244 -68.8036 -0.0117259 0.999462 0.030644 0.585813 0.997668 0.00963302 0.0675751 -1.33836 
0.104868 0.0316478 -0.993983 -69.2779 -0.0109833 0.999469 0.0306637 0.590225 0.994426 0.00770158 0.10516 -1.26695 
0.145643 0.0313843 -0.988839 -69.7365 -0.010717 0.999488 0.0301438 0.594064 0.989279 0.00620724 0.145904 -1.17358 
0.190987 0.0324953 -0.981055 -70.1839 -0.00960899 0.999466 0.0312345 0.595695 0.981546 0.00346159 0.191198 -1.06344 
0.239804 0.0312642 -0.970318 -70.6109 -0.00628872 0.99951 0.0306506 0.596222 0.970801 -0.00124804 0.239884 -0.930794 
0.290368 0.0267007 -0.956543 -71.0158 0.00135888 0.999598 0.028315 0.595674 0.956914 -0.00952154 0.290215 -0.773444 
0.342282 0.0216724 -0.939347 -71.4056 0.00662489 0.999653 0.0254778 0.595531 0.939574 -0.0149436 0.34202 -0.597168 
0.395412 0.0169574 -0.918347 -71.7845 0.0117547 0.999654 0.0235199 0.601769 0.918429 -0.020095 0.395076 -0.401167 
0.447565 0.01664 -0.894097 -72.159 0.0113265 0.999641 0.024274 0.607314 0.89418 -0.0209912 0.447216 -0.191145 
0.49671 0.0152702 -0.867782 -72.5231 0.0128509 0.999606 0.0249456 0.61563 0.867821 -0.0235425 0.496318 0.0443664 
0.542445 0.0113019 -0.840015 -72.865 0.0204613 0.999435 0.0266598 0.618106 0.839842 -0.0316492 0.541908 0.308292 
0.587071 0.00494586 -0.809521 -73.1866 0.0309006 0.999116 0.0285136 0.621105 0.808946 -0.0417541 0.586399 0.594316 
0.63062 6.13646e-05 -0.776092 -73.497 0.0321095 0.999142 0.0261698 0.62195 0.775427 -0.0414231 0.630077 0.881814 
0.672822 -0.00486288 -0.739788 -73.7944 0.0288301 0.999391 0.019651 0.627339 0.739242 -0.0345497 0.672553 1.1786 
0.71443 -0.0118933 -0.699606 -74.0807 0.0252586 0.999642 0.00879992 0.632381 0.699251 -0.0239579 0.714475 1.4956 
0.75476 -0.0147306 -0.655835 -74.3524 0.0203506 0.999792 0.000964106 0.636146 0.655685 -0.0140743 0.754904 1.83519 
0.792822 -0.0159502 -0.609245 -74.6163 0.0188533 0.999821 -0.00164146 0.638746 0.609162 -0.0101849 0.79298 2.21266 
0.827736 -0.0172452 -0.560853 -74.8621 0.0188545 0.999818 -0.00291612 0.637133 0.560801 -0.00816077 0.82791 2.61762 
0.859258 -0.015738 -0.5113 -75.0951 0.0155002 0.999869 -0.00472778 0.633228 0.511307 -0.0038628 0.859389 3.04244 
0.886028 -0.0141323 -0.463415 -75.3111 0.0145141 0.999891 -0.00274234 0.623625 0.463404 -0.00429623 0.886137 3.49434 
0.907965 -0.00776666 -0.418974 -75.5201 0.00785572 0.999968 -0.00151256 0.616773 0.418972 -0.00191794 0.907997 3.97433 
0.926059 -0.00348102 -0.377362 -75.7139 0.00261519 0.999993 -0.00280687 0.611218 0.377369 0.0016125 0.926062 4.47245 
0.940032 0.00174629 -0.341081 -75.8992 -0.00228696 0.999997 -0.0011832 0.608057 0.341077 0.00189233 0.940033 4.99595 
0.950452 0.0023946 -0.310861 -76.0726 -0.00220121 0.999997 0.000972828 0.601121 0.310862 -0.00024031 0.950455 5.5471 
0.958088 0.001847 -0.286467 -76.2361 -0.00112625 0.999996 0.00268061 0.595809 0.286471 -0.00224558 0.958086 6.11784 
0.964148 0.00195466 -0.265357 -76.3961 -0.000681646 0.999988 0.00488924 0.590762 0.265364 -0.00453302 0.964138 6.70703 
0.968994 0.00456088 -0.247044 -76.556 -0.00281137 0.999968 0.00743389 0.591872 0.24707 -0.00650882 0.968976 7.31734 
0.972742 0.00923788 -0.231705 -76.714 -0.0073458 0.999932 0.00902723 0.590613 0.231772 -0.00707906 0.972744 7.93994 
0.97578 0.0130395 -0.218367 -76.8679 -0.0110314 0.999885 0.0104125 0.5863 0.218478 -0.00775135 0.975811 8.58055 
0.978635 0.0115918 -0.205279 -77.0094 -0.00969317 0.999901 0.0102519 0.585253 0.205377 -0.00804306 0.97865 9.23793 
0.981399 0.0115828 -0.191629 -77.1428 -0.00987422 0.999903 0.00986859 0.58498 0.191724 -0.0077928 0.981418 9.91346 
0.984125 0.0120371 -0.177069 -77.272 -0.0103436 0.999892 0.0104836 0.58734 0.177176 -0.00848557 0.984143 10.6024 
0.986543 0.0136581 -0.162928 -77.3987 -0.0120151 0.999867 0.0110649 0.585448 0.163057 -0.00895836 0.986576 11.3007 
0.988534 0.0136319 -0.15038 -77.5129 -0.0125069 0.999886 0.00842406 0.579204 0.150477 -0.00644665 0.988592 12.0182 
0.990132 0.0141801 -0.13942 -77.6237 -0.0138796 0.999899 0.00312712 0.574086 0.13945 -0.00116112 0.990228 12.7449 
0.991449 0.0122283 -0.129924 -77.728 -0.0127237 0.999915 -0.00298346 0.569999 0.129876 0.0046111 0.99152 13.4787 
0.992492 0.0123893 -0.121679 -77.831 -0.0128724 0.999912 -0.00318504 0.565932 0.121629 0.00472747 0.992564 14.2289 
0.993257 0.0143197 -0.11505 -77.9313 -0.014063 0.999897 0.003042 0.55765 0.115082 -0.00140349 0.993355 14.9937 
0.993754 0.0187529 -0.110009 -78.0373 -0.0176245 0.999782 0.0112198 0.547 0.110195 -0.00921083 0.993867 15.7632 
0.994196 0.0195354 -0.105793 -78.1329 -0.0180551 0.999726 0.0149324 0.541485 0.106056 -0.0129356 0.994276 16.531 
0.994583 0.0183192 -0.102321 -78.2249 -0.0169823 0.999759 0.0139207 0.537965 0.102551 -0.0121076 0.994654 17.2932 
0.994893 0.0179744 -0.0993201 -78.3133 -0.0167704 0.999776 0.0129439 0.536545 0.0995304 -0.0112121 0.994971 18.0571 
0.99521 0.0165004 -0.0963613 -78.4019 -0.0151241 0.999773 0.0149953 0.538558 0.0965868 -0.013466 0.995234 18.8303 
0.995461 0.0141523 -0.0941081 -78.4806 -0.0125644 0.999769 0.0174434 0.536541 0.0943332 -0.0161818 0.995409 19.5998 
0.995758 0.0121908 -0.0911993 -78.5631 -0.0104775 0.99976 0.0192408 0.532646 0.0914119 -0.0182036 0.995647 20.3624 
0.996022 0.0115005 -0.088363 -78.6459 -0.0101594 0.999827 0.0156115 0.529356 0.0885271 -0.0146516 0.995966 21.1238 
0.996147 0.0138896 -0.0865877 -78.73 -0.0132321 0.999879 0.00816319 0.526546 0.0866905 -0.00698596 0.996211 21.877 
0.99628 0.0142475 -0.0849953 -78.8103 -0.0142561 0.999898 0.000505837 0.519977 0.0849938 0.000707787 0.996381 22.6274 
0.996382 0.0146937 -0.0837119 -78.888 -0.0150505 0.99988 -0.0036332 0.510271 0.0836484 0.00488 0.996483 23.3818 
0.996539 0.0164521 -0.0814825 -78.9683 -0.0166591 0.99986 -0.00186208 0.496321 0.0814404 0.0032131 0.996673 24.1412 
0.996674 0.0198625 -0.0790318 -79.0516 -0.0197608 0.999803 0.00206864 0.481138 0.0790572 -0.000499988 0.99687 24.8993 
0.996771 0.0232855 -0.0768443 -79.1324 -0.0228014 0.999714 0.00717133 0.467024 0.0769893 -0.00539597 0.997017 25.658 
0.997013 0.0209247 -0.0743468 -79.2013 -0.0203104 0.999753 0.00900874 0.460639 0.0745169 -0.00747178 0.997192 26.4151 
0.997148 0.0181424 -0.0732527 -79.2671 -0.017543 0.999807 0.00881666 0.452605 0.0733985 -0.00750641 0.997274 27.1676 
0.997253 0.0163374 -0.072242 -79.3312 -0.015732 0.999836 0.0089405 0.442793 0.0723762 -0.00777938 0.997347 27.9185 
0.997322 0.0160123 -0.071358 -79.3972 -0.0155302 0.999853 0.00730593 0.434674 0.0714644 -0.00617812 0.997424 28.6667 
0.997404 0.0137692 -0.0706847 -79.4612 -0.0133704 0.999892 0.00611075 0.427759 0.0707612 -0.00514976 0.99748 29.4194 
0.997459 0.012843 -0.070082 -79.5278 -0.0124355 0.999903 0.0062472 0.419572 0.0701554 -0.00535977 0.997522 30.1825 
0.997466 0.0159903 -0.0693204 -79.6012 -0.0155291 0.999854 0.00718516 0.414499 0.0694251 -0.00609042 0.997569 30.9528 
0.997473 0.0163349 -0.0691419 -79.6733 -0.0159452 0.999854 0.006184 0.411677 0.0692327 -0.00506585 0.997588 31.7265 
0.997368 0.015711 -0.070778 -79.7438 -0.0153162 0.999864 0.00611668 0.403986 0.0708645 -0.00501649 0.997473 32.5029 
0.997267 0.0128229 -0.0727627 -79.816 -0.0123691 0.999901 0.0066833 0.396168 0.0728412 -0.00576498 0.997327 33.2825 
0.997021 0.0147714 -0.0757022 -79.8969 -0.0143255 0.999877 0.00642819 0.391027 0.0757878 -0.00532452 0.99711 34.0686 
0.996754 0.0182373 -0.0784215 -79.9833 -0.0178092 0.999823 0.00615451 0.381551 0.0785198 -0.00473786 0.996901 34.8637 
0.996535 0.0187445 -0.0810304 -80.0689 -0.0187143 0.999824 0.00113183 0.375348 0.0810374 0.000388564 0.996711 35.6549 
0.996332 0.0193226 -0.0833598 -80.1565 -0.0195922 0.999805 -0.00241786 0.368342 0.0832968 0.00404223 0.996517 36.4565 
0.996185 0.0182705 -0.0853277 -80.2459 -0.0186894 0.999817 -0.00411393 0.360677 0.0852369 0.00569301 0.996344 37.2735 
0.995998 0.0184223 -0.0874525 -80.3351 -0.0187109 0.999822 -0.00248215 0.345105 0.0873911 0.00410858 0.996166 38.0968 
0.995825 0.0171028 -0.0896649 -80.425 -0.0173184 0.999849 -0.00162816 0.331543 0.0896235 0.00317427 0.995971 38.9244 
0.995681 0.0164097 -0.0913737 -80.5176 -0.0164678 0.999864 0.000118185 0.320906 0.0913633 0.00138709 0.995817 39.7572 
0.995575 0.016208 -0.0925593 -80.6126 -0.0159232 0.999866 0.00381404 0.31144 0.0926087 -0.00232327 0.9957 40.5982 
0.995493 0.0159209 -0.0934865 -80.7071 -0.0151862 0.999848 0.00856462 0.302535 0.0936086 -0.00710627 0.995584 41.4493 
0.995549 0.0159416 -0.092891 -80.801 -0.0150056 0.999829 0.0107655 0.29576 0.0930467 -0.00932366 0.995618 42.3049 
0.995669 0.018932 -0.091018 -80.8973 -0.0180313 0.99978 0.0107081 0.292543 0.0912007 -0.00902047 0.995792 43.1622 
0.995839 0.0191787 -0.0890906 -80.993 -0.0184168 0.999787 0.00936588 0.288619 0.0892511 -0.0076861 0.99598 44.0236 
0.996017 0.0166016 -0.087609 -81.0823 -0.0160385 0.999846 0.00712667 0.283019 0.0877138 -0.00569312 0.996129 44.8903 
0.996235 0.0128278 -0.0857354 -81.1672 -0.0123947 0.999908 0.00558158 0.275735 0.085799 -0.00449786 0.996302 45.7592 
0.996417 0.0115443 -0.08379 -81.2564 -0.0111438 0.999924 0.00524603 0.270475 0.0838441 -0.00429345 0.99647 46.6308 
0.996514 0.00916382 -0.0829244 -81.343 -0.0085433 0.999933 0.0078343 0.259411 0.0829906 -0.0070985 0.996525 47.505 
0.996599 0.00636669 -0.0821543 -81.4243 -0.00552704 0.99993 0.0104433 0.250268 0.0822151 -0.00995369 0.996565 48.379 
0.996672 0.00604554 -0.08129 -81.514 -0.00519212 0.999929 0.0107052 0.241034 0.0813489 -0.0102475 0.996633 49.2474 
0.99675 0.00726648 -0.0802325 -81.6034 -0.0066822 0.999949 0.00754801 0.229287 0.0802832 -0.00698731 0.996748 50.1097 
0.996781 0.00977261 -0.0795743 -81.6928 -0.00966225 0.999952 0.00177136 0.217969 0.0795878 -0.000996752 0.996827 50.9687 
0.996845 0.0114526 -0.07854 -81.7809 -0.0117856 0.999923 -0.0037782 0.20432 0.0784907 0.00469196 0.996904 51.8231 
0.996837 0.0160322 -0.0778354 -81.87 -0.0168151 0.999814 -0.0094146 0.183344 0.07767 0.0106937 0.996922 52.6747 
0.996929 0.0159374 -0.0766755 -81.9533 -0.0167824 0.999805 -0.0103897 0.163802 0.0764949 0.0116447 0.997002 53.5274 
0.996969 0.0128922 -0.0767262 -82.0293 -0.0132666 0.999902 -0.00437206 0.148618 0.0766623 0.00537675 0.997043 54.3828 
0.99693 0.0120704 -0.077361 -82.1094 -0.0117318 0.99992 0.00482881 0.12964 0.077413 -0.00390636 0.996992 55.2414 
0.996843 0.0111949 -0.0786 -82.1918 -0.010236 0.999868 0.012591 0.114217 0.0787306 -0.0117466 0.996827 56.0943 
0.996683 0.0091627 -0.0808656 -82.2746 -0.00836211 0.999913 0.0102328 0.107082 0.0809523 -0.00952264 0.996673 56.9397 
0.996554 0.00405011 -0.0828498 -82.3511 -0.00349277 0.99997 0.00687037 0.0979813 0.0828751 -0.00655727 0.996538 57.7745 
0.996333 0.00253158 -0.0855204 -82.4348 -0.0020729 0.999983 0.00545128 0.0860312 0.0855327 -0.00525397 0.996322 58.6048 
0.996094 0.00470588 -0.0881751 -82.5287 -0.00445476 0.999985 0.00304416 0.0727689 0.0881881 -0.00263943 0.9961 59.4289 
0.99578 0.00631871 -0.091554 -82.6236 -0.00637628 0.99998 -0.000336739 0.0589577 0.0915499 0.000919136 0.9958 60.2508 
0.995413 0.00666273 -0.0954385 -82.7207 -0.00705973 0.999968 -0.00382309 0.0447344 0.0954099 0.00447937 0.995428 61.0664 
0.995097 0.0085401 -0.0985383 -82.8209 -0.0093439 0.999927 -0.00769902 0.0239335 0.0984653 0.00858205 0.995104 61.874 
0.99472 0.0130509 -0.101795 -82.928 -0.0139092 0.999873 -0.0077269 0.0041771 0.101681 0.00910203 0.994775 62.681 
0.994325 0.0166456 -0.105071 -83.0389 -0.0173854 0.99983 -0.00612932 -0.0108664 0.104951 0.00792129 0.994446 63.4845 
0.993857 0.0199101 -0.108869 -83.1497 -0.0200548 0.999799 -0.000233818 -0.0283317 0.108842 0.00241577 0.994056 64.2875 
0.993388 0.0206133 -0.112942 -83.2601 -0.0201361 0.999783 0.0053639 -0.0443102 0.113028 -0.00305417 0.993587 65.0875 
0.992805 0.0197323 -0.118105 -83.3689 -0.0187982 0.999783 0.0090173 -0.0551459 0.118257 -0.00673222 0.99296 65.8807 
0.992029 0.0191866 -0.124543 -83.4846 -0.0180737 0.999786 0.0100597 -0.0630901 0.124709 -0.00772849 0.992163 66.665 
0.991306 0.0168389 -0.130495 -83.6013 -0.0151677 0.99979 0.0137896 -0.070202 0.1307 -0.0116904 0.991353 67.4486 
0.990409 0.0173946 -0.137068 -83.7247 -0.015692 0.999786 0.0134922 -0.07646 0.137274 -0.0112119 0.99047 68.224 
0.989464 0.0221036 -0.143084 -83.8611 -0.0205445 0.999713 0.0123647 -0.0821015 0.143316 -0.00929484 0.989633 68.9956 
0.988509 0.0239449 -0.149253 -83.9978 -0.0229175 0.9997 0.00859996 -0.0879749 0.149414 -0.0050806 0.988762 69.7624 
0.987624 0.0231076 -0.155132 -84.1361 -0.0225014 0.999731 0.00566252 -0.0914859 0.155221 -0.0021017 0.987878 70.529 
0.986742 0.0243322 -0.160462 -84.2799 -0.0239256 0.999704 0.00446609 -0.10003 0.160523 -0.000567694 0.987032 71.2932 
0.985933 0.0261521 -0.165083 -84.4278 -0.0249446 0.999645 0.00938338 -0.104783 0.16527 -0.00513339 0.986235 72.0569 
0.984864 0.0269958 -0.171213 -84.5801 -0.0250571 0.999595 0.0134745 -0.109937 0.171508 -0.0089804 0.985142 72.8188 
0.983762 0.0260979 -0.177569 -84.7321 -0.0236793 0.999596 0.0157261 -0.120234 0.177907 -0.011266 0.983983 73.5778 
0.982534 0.0235321 -0.184591 -84.8891 -0.0217148 0.999694 0.0118606 -0.123649 0.184814 -0.00764501 0.982744 74.325 
0.980974 0.0216734 -0.192926 -85.0516 -0.0211586 0.999765 0.00472832 -0.125848 0.192983 -0.000556249 0.981202 75.0637 
0.979212 0.0190655 -0.20194 -85.2226 -0.0188943 0.999818 0.00277525 -0.132964 0.201956 0.001098 0.979394 75.8035 
0.976963 0.0187129 -0.212589 -85.4035 -0.0179263 0.999824 0.00562702 -0.14204 0.212657 -0.00168642 0.977126 76.5408 
0.974536 0.0187816 -0.223445 -85.5941 -0.0165942 0.999794 0.0116631 -0.144477 0.223618 -0.00765816 0.974647 77.2771 
0.971738 0.0205365 -0.235168 -85.7965 -0.0164597 0.999679 0.0192856 -0.147525 0.235489 -0.0148697 0.971763 78.0104 
0.968975 0.0211259 -0.246256 -86.0033 -0.0160507 0.999616 0.0225986 -0.151056 0.246638 -0.0179449 0.968941 78.7344 
0.965952 0.0243192 -0.257576 -86.2219 -0.0203489 0.99963 0.0180691 -0.155978 0.25792 -0.0122125 0.966089 79.4436 
0.962773 0.0235782 -0.26928 -86.4464 -0.0219932 0.999719 0.00890176 -0.157958 0.269414 -0.00264801 0.963021 80.1451 
0.959338 0.0211039 -0.28147 -86.6749 -0.0208495 0.999775 0.00389895 -0.155735 0.281489 0.00212815 0.959562 80.8483 
0.955758 0.01977 -0.29349 -86.9131 -0.0180207 0.9998 0.00866347 -0.155893 0.293602 -0.00299125 0.955923 81.5606 
0.952209 0.0210483 -0.304721 -87.165 -0.016977 0.999728 0.0160043 -0.162171 0.304975 -0.0100661 0.952307 82.2747 
0.948315 0.0210643 -0.31663 -87.4238 -0.0151192 0.999661 0.0212212 -0.163514 0.31697 -0.0153372 0.948312 82.9877 
0.944067 0.0186068 -0.329228 -87.6888 -0.012983 0.99973 0.0192722 -0.162907 0.329497 -0.0139199 0.944054 83.6945 
0.940096 0.0166705 -0.340501 -87.9621 -0.0124391 0.999816 0.0146063 -0.162307 0.340682 -0.00949574 0.940131 84.3947 
0.936783 0.0124413 -0.349688 -88.2392 -0.0103771 0.999916 0.00777603 -0.168194 0.349756 -0.00365568 0.936834 85.0921 
0.933956 0.00827979 -0.357291 -88.5242 -0.00814887 0.999965 0.00187179 -0.172479 0.357294 0.00116339 0.933991 85.7909 
0.931151 0.00812204 -0.364544 -88.8167 -0.00882353 0.999961 -0.000258791 -0.178653 0.364528 0.00345759 0.931186 86.4889 
0.928087 0.0133644 -0.372123 -89.1251 -0.0145479 0.999894 -0.000372914 -0.190183 0.372078 0.00575974 0.928184 87.1822 
0.92482 0.0132469 -0.380174 -89.4294 -0.0135531 0.999906 0.00187139 -0.200665 0.380163 0.0034219 0.924913 87.8817 
0.921442 0.0139436 -0.388265 -89.7383 -0.0116537 0.999898 0.00825193 -0.202934 0.388341 -0.00307889 0.921511 88.5881 
0.918555 0.0160345 -0.394968 -90.0547 -0.0104259 0.999812 0.0163423 -0.204991 0.395156 -0.0108933 0.91855 89.2903 
0.915785 0.0257656 -0.400841 -90.388 -0.0179984 0.99957 0.0231309 -0.212555 0.401265 -0.0139683 0.915856 89.9849 
0.913054 0.0323748 -0.406552 -90.7249 -0.0265377 0.999448 0.0199891 -0.213781 0.406975 -0.00746209 0.913409 90.6674 
0.910544 0.0288092 -0.412408 -91.0519 -0.0260519 0.999585 0.0123076 -0.211091 0.412591 -0.000462546 0.910916 91.3507 
0.908479 0.020959 -0.417405 -91.3788 -0.0208835 0.999771 0.00474827 -0.209035 0.417409 0.00440323 0.908708 92.0394 
0.906733 0.0217587 -0.421144 -91.7199 -0.0219477 0.999749 0.00439877 -0.215862 0.421134 0.0052547 0.906983 92.7275 
0.904415 0.027732 -0.425751 -92.0733 -0.0261767 0.999612 0.00950462 -0.222005 0.425849 0.00254866 0.904791 93.4201 
0.901697 0.0301553 -0.431316 -92.4238 -0.0267797 0.999545 0.0138977 -0.228171 0.431539 -0.000980895 0.902094 94.119 
0.899364 0.0264453 -0.436401 -92.7738 -0.0236488 0.99965 0.0118403 -0.235055 0.436561 -0.000328348 0.899675 94.8097 
0.896952 0.0245404 -0.441446 -93.1303 -0.0246498 0.999681 0.00548841 -0.24129 0.441439 0.00595876 0.897271 95.4927 
0.894658 0.0217642 -0.446221 -93.4932 -0.0248765 0.99969 -0.0011172 -0.246643 0.446058 0.0121 0.894922 96.1755 
0.892257 0.0225001 -0.450967 -93.8607 -0.0264066 0.999649 -0.00237115 -0.257073 0.450755 0.0140243 0.892537 96.8591 
0.890157 0.0254156 -0.454944 -94.2337 -0.0275852 0.999618 0.00186984 -0.269338 0.454818 0.0108853 0.890518 97.5468 
0.887961 0.0269968 -0.459127 -94.6076 -0.0283194 0.999591 0.00400604 -0.280732 0.459047 0.00944502 0.888362 98.2293 
0.885556 0.0281137 -0.463682 -94.9827 -0.0292403 0.999561 0.00476061 -0.292954 0.463612 0.00934246 0.885989 98.9043 
0.883166 0.0259968 -0.468341 -95.3575 -0.027303 0.999619 0.00400077 -0.303593 0.468266 0.00925383 0.883539 99.5806 
0.880968 0.0241406 -0.472559 -95.7323 -0.0255941 0.999667 0.00335381 -0.313278 0.472483 0.00914018 0.881293 100.252 
0.878669 0.0235309 -0.476851 -96.1094 -0.0247287 0.999687 0.00376463 -0.321245 0.47679 0.00848411 0.878976 100.918 
0.87626 0.0250365 -0.481187 -96.4934 -0.0262286 0.999647 0.00424903 -0.330621 0.481124 0.00889765 0.876608 101.578 
0.873887 0.025346 -0.485468 -96.8776 -0.0266206 0.999637 0.00427077 -0.343669 0.485399 0.00919132 0.874244 102.233 
0.871362 0.0222635 -0.490136 -97.2558 -0.0254206 0.999677 0.000215728 -0.355731 0.489983 0.0122716 0.871646 102.883 
0.868914 0.0187152 -0.494609 -97.6346 -0.0240323 0.999702 -0.00439228 -0.369493 0.494379 0.0157031 0.869105 103.523 
0.866805 0.017146 -0.498352 -98.0168 -0.0237956 0.999692 -0.00699383 -0.382618 0.498079 0.0179209 0.866947 104.157 
0.864732 0.0189028 -0.501878 -98.3995 -0.023761 0.999712 -0.00328675 -0.394175 0.501672 0.0147673 0.864932 104.791 
0.862807 0.0230304 -0.505008 -98.7854 -0.0234793 0.999709 0.00547623 -0.406653 0.504987 0.00713234 0.863097 105.419 
0.861265 0.0250038 -0.507541 -99.1676 -0.0202524 0.999684 0.0148819 -0.415962 0.507753 -0.00253828 0.861499 106.046 
0.859633 0.0245268 -0.510324 -99.5404 -0.016844 0.999665 0.0196717 -0.424181 0.510635 -0.00831449 0.859757 106.654 
0.85799 0.0213713 -0.513222 -99.906 -0.013615 0.999729 0.0188689 -0.422244 0.513486 -0.00920171 0.858049 107.246 
0.856216 0.0193742 -0.516255 -100.269 -0.0132942 0.999792 0.0154719 -0.426383 0.516448 -0.00638401 0.856295 107.82 
0.854534 0.017498 -0.5191 -100.625 -0.0128682 0.999839 0.0125195 -0.430285 0.519236 -0.00401838 0.854622 108.38 
0.853021 0.0156157 -0.521643 -100.976 -0.0114379 0.999872 0.0112278 -0.432519 0.521751 -0.00361101 0.85309 108.926 
0.851783 0.0141152 -0.523704 -101.316 -0.00983135 0.999892 0.0109594 -0.439303 0.523802 -0.0041863 0.85183 109.456 
0.850459 0.0146835 -0.525837 -101.652 -0.00985074 0.99988 0.0119887 -0.446487 0.52595 -0.00501597 0.850501 109.966 
0.849333 0.0145855 -0.527657 -101.977 -0.00874034 0.99987 0.0135696 -0.453363 0.527786 -0.00691318 0.849349 110.46 
0.847875 0.0131938 -0.530033 -102.287 -0.0067217 0.999878 0.0141369 -0.458725 0.530154 -0.00842358 0.847859 110.936 
0.846391 0.0115362 -0.532437 -102.579 -0.0046308 0.999887 0.014303 -0.464408 0.532542 -0.00964025 0.846349 111.393 
0.845146 0.0102834 -0.534436 -102.869 -0.00389487 0.999907 0.0130804 -0.466171 0.534521 -0.00897323 0.845108 111.835 
0.843872 0.0102092 -0.536448 -103.149 -0.0060358 0.999936 0.00953504 -0.472929 0.536511 -0.00480841 0.84388 112.246 
0.842287 0.00734614 -0.538979 -103.417 -0.00538401 0.999972 0.00521547 -0.474531 0.539002 -0.00149101 0.842303 112.646 
0.839956 0.00340078 -0.542644 -103.67 -0.00224546 0.999994 0.00279123 -0.474489 0.54265 -0.00112598 0.839958 113.03 
0.83706 -0.000609584 -0.547112 -103.909 0.00274515 0.999992 0.00308574 -0.477523 0.547105 -0.0040848 0.837054 113.399 
0.833513 0.000409916 -0.5525 -104.15 0.00246238 0.999987 0.00445667 -0.481306 0.552495 -0.00507511 0.833501 113.748 
0.829513 0.00397138 -0.558474 -104.385 -0.000642773 0.999981 0.00615622 -0.487475 0.558488 -0.00474764 0.829499 114.079 
0.825695 0.00997979 -0.564028 -104.615 -0.00485424 0.999932 0.0105863 -0.492241 0.564095 -0.00600307 0.825688 114.389 
0.821446 0.015171 -0.570084 -104.834 -0.00641695 0.999829 0.0173609 -0.496636 0.57025 -0.0106028 0.821403 114.689 
0.816535 0.0168748 -0.57705 -105.04 -0.00555249 0.999756 0.0213791 -0.498914 0.57727 -0.0142527 0.816429 114.968 
0.81108 0.0138682 -0.584771 -105.238 -0.00108675 0.999753 0.0222023 -0.495792 0.584935 -0.0173723 0.810894 115.23 
0.803846 0.0114586 -0.594727 -105.423 0.00247012 0.999742 0.0226006 -0.490568 0.594832 -0.0196364 0.80361 115.475 
0.794931 0.00996075 -0.606618 -105.606 0.00548616 0.999706 0.0236045 -0.490122 0.606675 -0.0220919 0.794643 115.704 
0.784487 0.0105926 -0.620054 -105.789 0.00581419 0.999685 0.024434 -0.493223 0.620118 -0.0227732 0.784178 115.911 
0.771956 0.0117401 -0.635568 -105.969 0.00424972 0.999712 0.0236282 -0.490724 0.635662 -0.0209409 0.771684 116.102 
0.757812 0.010216 -0.652393 -106.146 0.00438737 0.999775 0.020752 -0.492426 0.652458 -0.0185884 0.757597 116.276 
0.742699 0.00755697 -0.669582 -106.317 0.00359442 0.999877 0.0152716 -0.492841 0.669615 -0.0137489 0.742581 116.438 
0.727228 0.00378787 -0.686385 -106.479 0.00375914 0.999948 0.00950108 -0.488615 0.686385 -0.00948962 0.727176 116.587 
0.711609 0.00364062 -0.702566 -106.649 -0.000126754 0.999987 0.00505341 -0.484612 0.702575 -0.00350695 0.711601 116.727 
0.695495 0.00710349 -0.718496 -106.825 -0.0075521 0.999968 0.00257593 -0.48225 0.718491 0.00363466 0.695526 116.858 
0.677892 0.00882284 -0.735109 -107 -0.0101571 0.999945 0.00263486 -0.481232 0.735092 0.00568048 0.677944 116.989 
0.658671 0.00740587 -0.752395 -107.174 -0.00702367 0.999969 0.00369398 -0.478445 0.752398 0.00285151 0.658702 117.125 
0.638101 0.00636303 -0.769927 -107.352 -0.00420172 0.99998 0.00478197 -0.472695 0.769942 0.00018369 0.638114 117.257 
0.615573 0.00806289 -0.788039 -107.54 -0.00426163 0.999967 0.00690228 -0.47077 0.788069 -0.000890476 0.615587 117.374 
0.591153 0.0121993 -0.806467 -107.737 -0.00780309 0.999925 0.00940594 -0.463637 0.806521 0.000732632 0.591205 117.482 
0.566235 0.0160675 -0.824087 -107.937 -0.0100472 0.99987 0.0125913 -0.45815 0.824183 0.00115018 0.566323 117.584 
0.540556 0.0185842 -0.841103 -108.139 -0.0119643 0.999825 0.014402 -0.451767 0.841223 0.00227816 0.540684 117.678 
0.514432 0.0216088 -0.857259 -108.343 -0.0151498 0.999755 0.0161095 -0.45079 0.857397 0.00470012 0.514634 117.763 
0.487495 0.0256261 -0.872749 -108.551 -0.0194562 0.99964 0.0184842 -0.447422 0.872909 0.00796949 0.487819 117.838 
0.459411 0.0283377 -0.887772 -108.762 -0.0217608 0.99955 0.0206447 -0.445415 0.887957 0.00983422 0.459821 117.909 
0.429303 0.0278996 -0.902729 -108.972 -0.0206656 0.999565 0.0210647 -0.449064 0.902924 0.00961234 0.429693 117.979 
0.396871 0.024865 -0.917538 -109.199 -0.0205547 0.999623 0.0181987 -0.449607 0.917644 0.0116372 0.397232 118.042 
0.362106 0.0203796 -0.931914 -109.444 -0.0200023 0.999701 0.0140898 -0.445035 0.931922 0.0135384 0.362405 118.102 
0.322704 0.0181178 -0.946327 -109.704 -0.0197399 0.999728 0.0124088 -0.441091 0.946294 0.0146761 0.322974 118.156 
0.280942 0.0166847 -0.95958 -109.987 -0.0193294 0.999744 0.0117239 -0.43168 0.95953 0.0152544 0.281193 118.202 
0.237156 0.0148059 -0.971359 -110.284 -0.0185226 0.999771 0.0107167 -0.425972 0.971295 0.0154506 0.237376 118.237 
0.189591 0.0119404 -0.981791 -110.601 -0.0176275 0.999806 0.00875551 -0.417086 0.981705 0.0156466 0.189765 118.262 
0.140273 0.0100067 -0.990062 -110.934 -0.016977 0.999826 0.00770011 -0.412613 0.989967 0.0157282 0.140418 118.269 
0.0899622 0.00957319 -0.995899 -111.282 -0.0164389 0.999832 0.00812602 -0.405668 0.99581 0.0156405 0.0901045 118.258 
0.0375955 0.0107911 -0.999235 -111.652 -0.0157221 0.999824 0.010206 -0.399451 0.999169 0.0153264 0.0377585 118.232 
-0.0156888 0.0129936 -0.999793 -112.027 -0.0127587 0.999832 0.0131943 -0.393208 0.999796 0.0129631 -0.0155203 118.187 
-0.0693915 0.0148647 -0.997479 -112.411 -0.00956585 0.999833 0.0155652 -0.386808 0.997544 0.0106219 -0.0692377 118.121 
-0.123181 0.0167784 -0.992242 -112.804 -0.00548207 0.99983 0.0175873 -0.38387 0.992369 0.00760599 -0.123068 118.035 
-0.176019 0.0186693 -0.98421 -113.209 -0.00250818 0.999808 0.0194138 -0.37929 0.984384 0.00588581 -0.175938 117.921 
-0.22729 0.0202577 -0.973617 -113.625 -0.000510838 0.999781 0.0209213 -0.373168 0.973827 0.0052526 -0.227229 117.781 
-0.27657 0.0216046 -0.960751 -114.046 0.00263919 0.999761 0.0217221 -0.364537 0.96099 0.0034721 -0.276561 117.618 
-0.324604 0.0233743 -0.945561 -114.468 0.00746451 0.999727 0.0221508 -0.359017 0.945821 0.000132115 -0.324689 117.433 
-0.37105 0.0248009 -0.928282 -114.904 0.0120719 0.999688 0.0218833 -0.350711 0.928534 -0.00308631 -0.371234 117.221 
-0.414955 0.0269758 -0.909442 -115.344 0.0166602 0.999618 0.022049 -0.345815 0.90969 -0.00600206 -0.415246 116.981 
