1 2.12261e-08 -2.11895e-08 0 2.12261e-08 1 2.10703e-08 0 -2.11895e-08 2.10703e-08 1 0 
0.999998 0.000628336 0.00177114 -0.00862137 -0.000626676 0.999999 -0.000913528 -0.00529781 -0.00177176 0.000912459 0.999998 0.45207 
0.999992 0.00203988 0.00357081 -0.015767 -0.00203267 0.999996 -0.00200918 -0.0105355 -0.00357493 0.00200195 0.999992 0.915159 
0.999981 0.00319848 0.0053127 -0.0258492 -0.00318423 0.999991 -0.00267947 -0.0164248 -0.00532127 0.00266255 0.999982 1.39191 
0.999972 0.00331196 0.00669747 -0.0302199 -0.00329355 0.999991 -0.00275041 -0.0228813 -0.00670656 0.00272831 0.999974 1.8824 
0.999961 0.00283531 0.00835808 -0.0341806 -0.00281572 0.999993 -0.00234938 -0.0314971 -0.00836473 0.0023258 0.999962 2.38389 
0.999946 0.00216845 0.0101905 -0.0377223 -0.00215562 0.999997 -0.00126524 -0.0400919 -0.0101933 0.00124325 0.999947 2.89181 
0.999928 0.00214851 0.011794 -0.0415593 -0.00215325 0.999998 0.000393371 -0.0481344 -0.0117932 -0.000418696 0.99993 3.4033 
0.999917 0.00253836 0.0126526 -0.0455325 -0.00255736 0.999996 0.00148916 -0.0562024 -0.0126488 -0.00152135 0.999919 3.91803 
0.999906 0.00357654 0.0132422 -0.0482127 -0.00359585 0.999993 0.0014381 -0.0637944 -0.013237 -0.00148554 0.999911 4.43341 
0.99989 0.00407825 0.0142806 -0.0510931 -0.004093 0.999991 0.00100664 -0.0720371 -0.0142764 -0.00106494 0.999898 4.95292 
0.999877 0.00434842 0.0150444 -0.0529899 -0.00436239 0.99999 0.000898687 -0.0798783 -0.0150404 -0.000964164 0.999886 5.47607 
0.999862 0.00546604 0.015687 -0.0559345 -0.00547222 0.999985 0.000354036 -0.0881213 -0.0156849 -0.000439788 0.999877 6.00189 
0.999843 0.00638879 0.0165503 -0.0574519 -0.00638328 0.99998 -0.000382779 -0.0953518 -0.0165525 0.000277115 0.999863 6.53397 
0.99982 0.0070641 0.0175839 -0.0586317 -0.00705646 0.999975 -0.00049407 -0.104547 -0.017587 0.000369943 0.999845 7.07254 
0.999801 0.0078774 0.0183349 -0.059116 -0.00785749 0.999969 -0.00115537 -0.113628 -0.0183434 0.00101112 0.999831 7.61493 
0.999767 0.00914108 0.019549 -0.0580719 -0.00911362 0.999957 -0.00149123 -0.123342 -0.0195618 0.00131276 0.999808 8.1628 
0.999694 0.0105693 0.0223622 -0.0561124 -0.0105365 0.999943 -0.00157938 -0.132643 -0.0223776 0.00134332 0.999749 8.71813 
0.999596 0.0112255 0.0261285 -0.0517669 -0.0111782 0.999936 -0.00195152 -0.142171 -0.0261487 0.00165871 0.999657 9.28237 
0.999481 0.0112499 0.0301706 -0.0414511 -0.0111844 0.999935 -0.00233728 -0.150672 -0.0301949 0.00199866 0.999542 9.85172 
0.999324 0.0110958 0.0350592 -0.0291084 -0.011005 0.999936 -0.00277936 -0.162633 -0.0350878 0.00239169 0.999381 10.427 
0.999091 0.011585 0.0410281 -0.014176 -0.0114832 0.99993 -0.00271552 -0.172812 -0.0410567 0.00224196 0.999154 11.0149 
0.998828 0.0111164 0.0471143 0.00534905 -0.0110171 0.999937 -0.00236566 -0.182338 -0.0471376 0.00184386 0.998887 11.6091 
0.998516 0.0114699 0.0532297 0.0258055 -0.0113295 0.999932 -0.00293688 -0.195152 -0.0532598 0.0023295 0.998578 12.2098 
0.998178 0.0094499 0.0595996 0.0562908 -0.00923602 0.99995 -0.00386233 -0.206781 -0.0596332 0.00330487 0.998215 12.8244 
0.997811 0.00823002 0.0656207 0.0912526 -0.00797151 0.999959 -0.00419967 -0.217649 -0.0656527 0.00366742 0.997836 13.4461 
0.997351 0.0109164 0.0719126 0.127836 -0.0104993 0.999926 -0.0061748 -0.227596 -0.0719747 0.00540346 0.997392 14.0811 
0.996827 0.0147358 0.0782222 0.160074 -0.0140553 0.999859 -0.00924205 -0.242913 -0.0783473 0.00811332 0.996893 14.7291 
0.9964 0.0117857 0.0839547 0.210664 -0.0110356 0.999895 -0.00939328 -0.251728 -0.0840566 0.00843301 0.996425 15.3978 
0.996054 0.00421721 0.0886521 0.275494 -0.0036319 0.999971 -0.00676208 -0.258141 -0.0886781 0.00641346 0.99604 16.0854 
0.99562 -0.00154426 0.0934779 0.340861 0.00185789 0.999993 -0.00326769 -0.26841 -0.0934722 0.00342709 0.995616 16.7862 
0.995231 -0.00088781 0.0975412 0.400713 0.000863337 1 0.000293561 -0.281157 -0.0975415 -0.00020791 0.995231 17.5002 
0.995011 -0.00212491 0.0997457 0.460918 0.0021134 0.999998 0.000221474 -0.287504 -0.0997459 -9.52673e-06 0.995013 18.2274 
0.994987 -0.00642082 0.0997974 0.529921 0.00660367 0.999977 -0.00150148 -0.296096 -0.0997855 0.00215303 0.995007 18.9651 
0.995107 -0.0125194 0.0980069 0.600413 0.0129116 0.999911 -0.00336833 -0.302594 -0.0979561 0.00461732 0.99518 19.7214 
0.995535 -0.0148382 0.0932155 0.657503 0.0152745 0.999876 -0.0039692 -0.308768 -0.0931451 0.00537534 0.995638 20.4911 
0.996221 -0.0142842 0.0856736 0.710416 0.0146966 0.999883 -0.00418487 -0.318921 -0.0856039 0.00542821 0.996315 21.2841 
0.996971 -0.0142719 0.0764587 0.749108 0.0144916 0.999892 -0.00231928 -0.330224 -0.0764174 0.00342031 0.99707 22.0893 
0.997658 -0.0143613 0.0668692 0.786764 0.014425 0.999896 -0.000468683 -0.336952 -0.0668555 0.00143221 0.997762 22.9118 
0.998253 -0.0133702 0.0575583 0.814798 0.013244 0.999909 0.00257349 -0.348313 -0.0575875 -0.00180665 0.998339 23.7434 
0.998689 -0.0129553 0.0495204 0.838107 0.0127384 0.999908 0.00469279 -0.357621 -0.0495766 -0.00405579 0.998762 24.5777 
0.999026 -0.0114245 0.0426277 0.853032 0.0111965 0.999922 0.00558369 -0.366952 -0.0426882 -0.00510093 0.999075 25.4134 
0.99926 -0.0101229 0.0371007 0.864906 0.00990355 0.999932 0.0060926 -0.375968 -0.0371599 -0.00572063 0.999293 26.2481 
0.999451 -0.00888542 0.0319053 0.870657 0.00869023 0.999943 0.00625259 -0.386458 -0.031959 -0.00597186 0.999471 27.0867 
0.999605 -0.00865485 0.0267512 0.877569 0.00849801 0.999946 0.00597264 -0.396967 -0.0268015 -0.00574291 0.999624 27.9237 
0.999718 -0.00835446 0.0222281 0.87605 0.00823241 0.999951 0.00557866 -0.406681 -0.0222737 -0.00539405 0.999737 28.757 
0.999817 -0.00717342 0.01775 0.872781 0.00706331 0.999955 0.00626056 -0.417355 -0.0177942 -0.006134 0.999823 29.594 
0.999883 -0.00579083 0.0141483 0.866323 0.00569217 0.999959 0.0070071 -0.429768 -0.0141884 -0.00692571 0.999875 30.4267 
0.999929 -0.00351095 0.0114219 0.858545 0.00341985 0.999962 0.0079889 -0.440729 -0.0114496 -0.00794923 0.999903 31.2555 
0.999951 -0.00214699 0.00970973 0.851234 0.00207143 0.999968 0.00778992 -0.450862 -0.00972619 -0.00776938 0.999923 32.0847 
0.999961 -0.00116052 0.00879205 0.843093 0.0010954 0.999972 0.00741325 -0.462068 -0.00880045 -0.00740328 0.999934 32.9032 
0.999967 0.000824728 0.00804976 0.830329 -0.000873513 0.999981 0.00606417 -0.471623 -0.00804465 -0.00607096 0.999949 33.7121 
0.999967 0.00327324 0.00742881 0.816799 -0.00331627 0.999978 0.00579387 -0.480698 -0.00740972 -0.00581828 0.999956 34.5159 
0.999965 0.00505599 0.00670173 0.803482 -0.00509917 0.999966 0.0064488 -0.492881 -0.00666894 -0.0064827 0.999957 35.3141 
0.999955 0.00715353 0.00624467 0.788405 -0.00719675 0.99995 0.00693302 -0.503211 -0.00619481 -0.00697761 0.999957 36.0936 
0.99995 0.00825966 0.00565975 0.77726 -0.0082998 0.99994 0.00711251 -0.515585 -0.00560071 -0.00715909 0.999959 36.8622 
0.999932 0.0104723 0.00510385 0.763768 -0.0105074 0.999921 0.00690972 -0.525577 -0.00503113 -0.00696284 0.999963 37.6198 
0.999907 0.0126443 0.00502731 0.749855 -0.0126807 0.999893 0.00729526 -0.536728 -0.00493458 -0.00735829 0.999961 38.3614 
0.999869 0.0152583 0.0053259 0.738542 -0.0152973 0.999856 0.00737015 -0.548834 -0.00521272 -0.00745061 0.999959 39.0887 
0.999806 0.0184953 0.00674973 0.727686 -0.0185445 0.999801 0.00731046 -0.560244 -0.00661322 -0.00743417 0.999951 39.8016 
0.999747 0.0203844 0.00956354 0.716462 -0.0204426 0.999773 0.00604122 -0.569855 -0.00943827 -0.00623515 0.999936 40.4988 
0.999669 0.0219827 0.0133635 0.712616 -0.0220543 0.999743 0.00523425 -0.584048 -0.013245 -0.0055272 0.999897 41.1856 
0.999599 0.0215378 0.0184065 0.712959 -0.0216403 0.999751 0.00539091 -0.593605 -0.0182858 -0.00578703 0.999816 41.8648 
0.999457 0.022801 0.0237916 0.717095 -0.0229412 0.999721 0.00564018 -0.60403 -0.0236564 -0.00618289 0.999701 42.5308 
0.99929 0.0228676 0.0299423 0.727318 -0.0230635 0.999715 0.00621499 -0.615942 -0.0297917 -0.00690111 0.999532 43.1807 
0.999053 0.0223699 0.0373109 0.740927 -0.0226362 0.999721 0.00673222 -0.626008 -0.0371499 -0.00757039 0.999281 43.811 
0.998692 0.0225102 0.0459046 0.761812 -0.0228348 0.999718 0.00656126 -0.63611 -0.045744 -0.00760087 0.998924 44.4303 
0.998144 0.0231295 0.05633 0.788009 -0.0235294 0.999702 0.00644743 -0.646467 -0.0561641 -0.00776083 0.998391 45.04 
0.997408 0.022599 0.0683062 0.824932 -0.0230846 0.999714 0.00632826 -0.656031 -0.0681436 -0.00788864 0.997644 45.6376 
0.996498 0.0212825 0.0808578 0.869666 -0.0218702 0.99974 0.00638943 -0.665741 -0.0807009 -0.00813539 0.996705 46.2242 
0.99537 0.020688 0.0938657 0.922205 -0.0213318 0.999755 0.00586075 -0.673594 -0.0937216 -0.0078359 0.995568 46.7984 
0.993866 0.0205721 0.108659 0.982608 -0.0213297 0.999756 0.00581496 -0.681838 -0.108513 -0.00809692 0.994062 47.3609 
0.99194 0.0203838 0.125059 1.05322 -0.0213324 0.999753 0.00625109 -0.692123 -0.1249 -0.00886846 0.99213 47.9096 
0.989548 0.0229638 0.142364 1.12864 -0.0239967 0.999697 0.00554295 -0.699857 -0.142193 -0.00890124 0.989799 48.4491 
0.986368 0.0214428 0.163154 1.21967 -0.0225348 0.999734 0.00484542 -0.709744 -0.163007 -0.00845597 0.986589 48.9758 
0.982199 0.0248028 0.1862 1.31863 -0.0259785 0.999655 0.00387701 -0.720346 -0.186039 -0.00864514 0.982504 49.4911 
0.977096 0.0237797 0.211465 1.4343 -0.0246715 0.999694 0.00157947 -0.731791 -0.211362 -0.0067604 0.977384 49.9901 
0.971026 0.0229108 0.237873 1.56406 -0.0232742 0.999728 -0.00128094 -0.740874 -0.237838 -0.00429244 0.971295 50.472 
0.963755 0.0218271 0.265896 1.70693 -0.0215486 0.99976 -0.00396496 -0.749093 -0.265919 -0.00190841 0.963994 50.9398 
0.955144 0.019464 0.2955 1.86074 -0.0188587 0.99981 -0.00489852 -0.760701 -0.29554 -0.000893917 0.95533 51.3895 
0.945047 0.0214746 0.326228 2.01936 -0.0202574 0.999769 -0.0071281 -0.773181 -0.326306 0.000127883 0.945264 51.8215 
0.933595 0.0220498 0.357652 2.1912 -0.0209498 0.999756 -0.00695022 -0.784127 -0.357718 -0.00100402 0.933829 52.239 
0.920622 0.0215634 0.38986 2.37206 -0.0210132 0.999763 -0.00567644 -0.796948 -0.38989 -0.00296632 0.920857 52.6408 
0.905552 0.0203653 0.423745 2.56037 -0.0203293 0.999783 -0.00460559 -0.814972 -0.423747 -0.0044438 0.90577 53.0199 
0.888432 0.0199294 0.458576 2.75999 -0.0199119 0.99979 -0.00487343 -0.828467 -0.458577 -0.00480138 0.888642 53.3811 
0.869184 0.0196016 0.494101 2.96614 -0.0192382 0.999798 -0.00582067 -0.841387 -0.494115 -0.00444637 0.869385 53.7207 
0.847987 0.0186183 0.529689 3.18651 -0.0172061 0.999823 -0.0075976 -0.852451 -0.529737 -0.00267121 0.848158 54.0427 
0.824676 0.0174038 0.565338 3.418 -0.0148679 0.999848 -0.00909182 -0.863929 -0.56541 -0.000907552 0.824809 54.3499 
0.799285 0.0144677 0.600778 3.66331 -0.0110924 0.999895 -0.00932156 -0.874376 -0.60085 0.000786544 0.799362 54.6424 
0.771408 0.0106505 0.636252 3.92188 -0.00801123 0.999943 -0.00702545 -0.885666 -0.63629 0.000322352 0.77145 54.9206 
0.741563 0.00609169 0.670856 4.18902 -0.00534522 0.999981 -0.00317163 -0.895419 -0.670863 -0.00123389 0.741581 55.1878 
0.709374 0.00237108 0.704828 4.46715 -0.00419791 0.999991 0.000861035 -0.905492 -0.704819 -0.00356958 0.709378 55.443 
0.674263 2.66587e-05 0.738491 4.75104 -0.00542082 0.999973 0.00491333 -0.912959 -0.738471 -0.00731608 0.674245 55.6776 
0.636738 -0.00371963 0.771071 5.04524 -0.00454222 0.999953 0.00857471 -0.926045 -0.771067 -0.0089622 0.636691 55.8921 
0.597673 -0.00734395 0.801706 5.35109 -0.0015723 0.999945 0.0103321 -0.929097 -0.801738 -0.00743574 0.597629 56.0838 
0.555489 -0.00954884 0.831469 5.66743 0.00127414 0.999943 0.0106325 -0.936147 -0.831523 -0.00484681 0.55547 56.2615 
0.510698 -0.00848113 0.859718 5.99861 0.00248445 0.999962 0.00838885 -0.939413 -0.859757 -0.00214822 0.510699 56.4311 
0.463779 -0.00596267 0.885931 6.34689 0.000963008 0.99998 0.0062262 -0.941712 -0.88595 -0.00203441 0.463776 56.5936 
0.414595 -0.00321745 0.91 6.70784 -0.00293361 0.999984 0.00487221 -0.945538 -0.910001 -0.00468957 0.414579 56.7387 
0.364508 -0.000787742 0.9312 7.0872 -0.00808193 0.999959 0.00400954 -0.950198 -0.931165 -0.00898739 0.364487 56.8681 
0.31461 -0.000234927 0.949221 7.48664 -0.0100756 0.999943 0.003587 -0.950551 -0.949168 -0.0106925 0.314589 56.9785 
0.266319 -0.000411269 0.963885 7.89912 -0.00853936 0.99996 0.00278612 -0.953014 -0.963847 -0.00897295 0.266305 57.0663 
0.221047 -0.00117497 0.975262 8.32601 -0.00730439 0.999969 0.00286036 -0.956467 -0.975236 -0.00775596 0.221032 57.1409 
0.179375 -0.00332133 0.983775 8.77636 -0.00719308 0.999963 0.00468757 -0.959809 -0.983754 -0.0079172 0.179345 57.2067 
0.14072 -0.00560083 0.990034 9.25238 -0.00745623 0.99995 0.00671677 -0.96061 -0.990021 -0.0083271 0.140671 57.2578 
0.104283 -0.00739886 0.99452 9.74833 -0.00861865 0.999928 0.00834287 -0.963558 -0.99451 -0.00944143 0.104211 57.2983 
0.0715482 -0.00876407 0.997399 10.2678 -0.00774523 0.999926 0.00934193 -0.966827 -0.997407 -0.00839348 0.0714751 57.3231 
0.0422224 -0.00929986 0.999065 10.8039 -0.00750671 0.999926 0.00962516 -0.967879 -0.99908 -0.00790609 0.0421494 57.3317 
0.0158241 -0.00709069 0.99985 11.361 -0.0100737 0.999923 0.00725068 -0.965452 -0.999824 -0.0101869 0.0157514 57.337 
-0.00670058 -0.00472275 0.999966 11.9383 -0.0140921 0.99989 0.004628 -0.964765 -0.999878 -0.0140607 -0.00676639 57.3349 
-0.0262358 -0.00389977 0.999648 12.5374 -0.01415 0.999894 0.0035294 -0.964951 -0.999556 -0.0140524 -0.0262882 57.3181 
-0.0432372 -0.00319403 0.99906 13.1557 -0.0104486 0.999942 0.0027447 -0.965528 -0.99901 -0.0103201 -0.043268 57.2838 
-0.0589808 -0.0034381 0.998253 13.7944 -0.00815095 0.999962 0.00296244 -0.967213 -0.998226 -0.00796199 -0.0590066 57.2438 
-0.0744061 -0.00454394 0.997218 14.4519 -0.008926 0.999953 0.00389044 -0.970956 -0.997188 -0.0086117 -0.0744431 57.2012 
-0.0889613 -0.003499 0.996029 15.1243 -0.00809135 0.999963 0.00279017 -0.974573 -0.996002 -0.007811 -0.0889863 57.1446 
-0.101149 -0.00175561 0.99487 15.8155 -0.00655993 0.999978 0.00109771 -0.979418 -0.99485 -0.00641524 -0.101159 57.0769 
-0.11075 0.000870806 0.993848 16.5225 0.000719855 0.999999 -0.000795939 -0.983478 -0.993848 0.000627274 -0.110751 56.9955 
-0.116589 0.0035979 0.993174 17.2461 0.00840455 0.999961 -0.00263584 -0.990675 -0.993145 0.00803987 -0.116615 56.9086 
-0.118799 0.00358746 0.992912 17.9912 0.0131133 0.999912 -0.00204374 -1.00006 -0.992832 0.0127775 -0.118836 56.8217 
-0.118583 0.00204481 0.992942 18.7521 0.0140703 0.999901 -0.000378744 -1.00767 -0.992845 0.0139261 -0.1186 56.7408 
-0.115786 0.00119891 0.993273 19.5266 0.0172116 0.999852 0.000799556 -1.0139 -0.993125 0.0171884 -0.11579 56.6606 
-0.11115 0.000136825 0.993804 20.3148 0.0190583 0.999816 0.00199391 -1.02477 -0.993621 0.0191618 -0.111132 56.5823 
-0.106811 0.00104642 0.994279 21.113 0.0176779 0.999843 0.000846825 -1.03295 -0.994122 0.0176672 -0.106813 56.5159 
-0.102628 0.00205685 0.994718 21.9199 0.0172474 0.999851 -0.00028797 -1.04101 -0.99457 0.0171267 -0.102648 56.4524 
-0.0982294 0.00140751 0.995163 22.7274 0.0219722 0.999758 0.000754837 -1.05051 -0.994921 0.02194 -0.0982366 56.3843 
-0.0945895 -0.000682732 0.995516 23.5386 0.0273747 0.99962 0.00328661 -1.06196 -0.99514 0.0275628 -0.0945348 56.3166 
-0.0908378 -0.00403985 0.995858 24.3516 0.0299866 0.999527 0.00679002 -1.07065 -0.995414 0.0304791 -0.0906737 56.2532 
-0.0861261 -0.00765603 0.996255 25.1638 0.0329197 0.999403 0.0105262 -1.0794 -0.99574 0.033703 -0.0858226 56.1925 
-0.0806473 -0.010576 0.996687 25.9745 0.03364 0.999345 0.0133262 -1.0878 -0.996175 0.0346033 -0.0802387 56.1409 
-0.0765814 -0.0119606 0.996992 26.7866 0.0314514 0.999402 0.0144054 -1.09143 -0.996567 0.03246 -0.0761594 56.1002 
-0.072812 -0.0134676 0.997255 27.5962 0.0246391 0.999579 0.015298 -1.09305 -0.997041 0.0256853 -0.0724495 56.0687 
-0.068569 -0.0168638 0.997504 28.4101 0.0186207 0.999661 0.0181803 -1.09279 -0.997473 0.0198208 -0.0682318 56.0408 
-0.0642367 -0.0183895 0.997765 29.2241 0.0158068 0.999686 0.0194426 -1.09471 -0.99781 0.0170204 -0.0639259 56.012 
-0.0601135 -0.0145326 0.998086 30.0339 0.0163142 0.999746 0.0155394 -1.10016 -0.998058 0.0172171 -0.0598612 55.9798 
-0.056768 -0.00675711 0.998365 30.8449 0.0173178 0.99982 0.00775171 -1.1026 -0.998237 0.0177296 -0.0566407 55.9485 
-0.0538832 -0.000797265 0.998547 31.6614 0.0156016 0.999877 0.00164025 -1.10527 -0.998425 0.0156673 -0.0538641 55.9201 
-0.0520649 -0.00145413 0.998643 32.4841 0.0148905 0.999887 0.00223231 -1.11222 -0.998533 0.0149865 -0.0520373 55.8928 
-0.0505944 -0.00526637 0.998705 33.3145 0.0178325 0.999822 0.00617569 -1.12246 -0.99856 0.0181219 -0.0504914 55.86 
-0.0495471 -0.00557965 0.998756 34.1475 0.0189698 0.999799 0.00652658 -1.13527 -0.998592 0.0192695 -0.0494313 55.8318 
-0.049612 -0.00313332 0.998764 34.9751 0.0166193 0.999854 0.00396232 -1.14503 -0.99863 0.0167954 -0.0495527 55.8097 
-0.0495647 -0.00178226 0.998769 35.8123 0.00983682 0.999949 0.00227257 -1.15265 -0.998723 0.00993735 -0.0495446 55.7915 
-0.0505727 -0.00268812 0.998717 36.6565 0.00800674 0.999963 0.00309696 -1.15926 -0.998688 0.00815309 -0.0505493 55.7671 
-0.051871 -0.00354347 0.998648 37.5068 0.00842721 0.999957 0.00398587 -1.16955 -0.998618 0.00862256 -0.0518388 55.7386 
-0.0533825 0.000293853 0.998574 38.3634 0.0079961 0.999968 0.000133239 -1.18051 -0.998542 0.0079918 -0.0533831 55.7077 
-0.0547256 0.00443191 0.998492 39.2264 0.00859287 0.999955 -0.00396741 -1.18906 -0.998464 0.00836279 -0.0547612 55.676 
-0.0553429 0.00723991 0.998441 40.0985 0.0098275 0.999929 -0.00670593 -1.2013 -0.998419 0.00944106 -0.0554102 55.6404 
-0.0564497 0.00823472 0.998372 40.9793 0.0125141 0.999893 -0.00753966 -1.21996 -0.998327 0.0120681 -0.0565467 55.6033 
-0.0572326 0.00961874 0.998315 41.8742 0.0129321 0.999877 -0.00889236 -1.23753 -0.998277 0.0124014 -0.05735 55.5653 
-0.0584473 0.00945886 0.998246 42.7778 0.0115424 0.999895 -0.00879864 -1.25003 -0.998224 0.0110079 -0.0585503 55.528 
-0.0598222 0.00476358 0.998198 43.6975 0.00974729 0.999944 -0.00418771 -1.26745 -0.998161 0.0094792 -0.0598652 55.495 
-0.0613262 0.00328328 0.998112 44.6266 0.00954969 0.999951 -0.00270253 -1.28495 -0.998072 0.00936593 -0.0613545 55.4568 
-0.0627095 0.00649991 0.998011 45.5568 0.0102494 0.99993 -0.00586835 -1.3042 -0.997979 0.00986101 -0.0627717 55.417 
-0.0632716 0.0103468 0.997943 46.4983 0.0113635 0.999889 -0.00964649 -1.31663 -0.997932 0.0107298 -0.0633822 55.3712 
-0.0631294 0.0116914 0.997937 47.4433 0.014326 0.999839 -0.0108074 -1.33602 -0.997903 0.0136142 -0.0632868 55.3253 
-0.0630228 0.00834835 0.997977 48.4063 0.0187964 0.999798 -0.00717653 -1.35451 -0.997835 0.0183061 -0.063167 55.2725 
-0.0632299 0.00262726 0.997996 49.3863 0.0206289 0.999786 -0.00132496 -1.36865 -0.997786 0.0205038 -0.0632706 55.2195 
-0.0624859 -0.000283453 0.998046 50.3711 0.0219642 0.999757 0.00165912 -1.38438 -0.997804 0.0220249 -0.0624645 55.1724 
-0.0607852 0.00131706 0.99815 51.3629 0.0212139 0.999775 -2.72805e-05 -1.3955 -0.997925 0.021173 -0.0607994 55.1304 
-0.0598835 0.00419069 0.998197 52.362 0.0209693 0.999776 -0.0029393 -1.40902 -0.997985 0.0207555 -0.0599579 55.0881 
-0.0596543 0.00599552 0.998201 53.3673 0.0154942 0.999867 -0.00507952 -1.43063 -0.998099 0.0151634 -0.0597392 55.0548 
-0.0602406 0.0059514 0.998166 54.3817 0.0126805 0.999906 -0.00519644 -1.44533 -0.998103 0.0123442 -0.0603104 55.0206 
-0.06077 0.00120574 0.998151 55.4111 0.012789 0.999918 -0.000429208 -1.45964 -0.99807 0.0127393 -0.0607804 54.9781 
-0.0614044 -0.00472768 0.998102 56.452 0.0108677 0.999926 0.00540496 -1.47431 -0.998054 0.011179 -0.0613485 54.9341 
-0.0620349 -0.00406651 0.998066 57.4898 0.0128311 0.999906 0.00487157 -1.48339 -0.997992 0.0131084 -0.0619769 54.8848 
-0.0621405 -0.000686713 0.998067 58.5225 0.016131 0.999868 0.00169232 -1.49267 -0.997937 0.016205 -0.0621213 54.831 
-0.0631454 0.00215285 0.998002 59.5685 0.0183499 0.999831 -0.000995724 -1.50734 -0.997836 0.0182503 -0.0631742 54.7768 
-0.0653391 -0.000899931 0.997863 60.6274 0.018614 0.999825 0.00212057 -1.52102 -0.99769 0.0187128 -0.0653108 54.7241 
-0.0680279 -0.00605769 0.997665 61.7005 0.0201544 0.999769 0.00744478 -1.53381 -0.99748 0.0206138 -0.0678901 54.6695 
-0.0709778 -0.0090062 0.997437 62.7695 0.0216484 0.99971 0.0105673 -1.5437 -0.997243 0.022343 -0.0707622 54.6057 
-0.0746028 -0.00803183 0.997181 63.8438 0.0258807 0.999615 0.0099877 -1.54691 -0.996877 0.0265528 -0.0743662 54.538 
-0.0782535 -0.00900185 0.996893 64.9202 0.0288505 0.99952 0.0112903 -1.55368 -0.996516 0.0296444 -0.0779562 54.4718 
-0.0819109 -0.0111039 0.996578 65.9906 0.0328208 0.999366 0.0138326 -1.56216 -0.996099 0.0338415 -0.0814945 54.3985 
-0.084789 -0.0106206 0.996342 67.0596 0.0366246 0.999234 0.0137682 -1.56603 -0.995726 0.0376581 -0.0843351 54.3234 
-0.0869881 -0.00701763 0.996185 68.1236 0.0406506 0.999117 0.010588 -1.57264 -0.99538 0.0414166 -0.086626 54.242 
-0.0887818 -0.00251473 0.996048 69.1907 0.0428972 0.999059 0.00634597 -1.58241 -0.995127 0.0432911 -0.0885904 54.1616 
-0.0899668 0.000357097 0.995945 70.2635 0.046581 0.998907 0.00384969 -1.59154 -0.994855 0.0467385 -0.0898852 54.0791 
-0.0894207 -0.000369897 0.995994 71.342 0.0455049 0.998954 0.00445648 -1.60646 -0.994954 0.0457211 -0.0893103 54.0059 
-0.0865696 -0.00271926 0.996242 72.413 0.0465499 0.998893 0.00677154 -1.61823 -0.995158 0.0469612 -0.0863472 53.9316 
-0.0819268 -0.00601891 0.99662 73.4867 0.0499932 0.998698 0.0101412 -1.62748 -0.995384 0.050655 -0.0815192 53.8566 
-0.0765376 -0.00897134 0.997026 74.5591 0.0502312 0.998655 0.0128421 -1.6329 -0.995801 0.0510647 -0.075984 53.7904 
-0.0714335 -0.0121517 0.997371 75.6359 0.0518476 0.998529 0.0158793 -1.63651 -0.996097 0.0528457 -0.0706984 53.7298 
-0.0666086 -0.0134713 0.997688 76.7172 0.053192 0.998439 0.0170327 -1.64321 -0.99636 0.0542036 -0.065788 53.6774 
-0.0626667 -0.00937413 0.997991 77.7951 0.0535638 0.998483 0.0127422 -1.64778 -0.996596 0.0542547 -0.0620695 53.6268 
-0.0604512 -0.00465379 0.99816 78.8663 0.0530299 0.998562 0.00786733 -1.65202 -0.996762 0.0534079 -0.0601175 53.581 
-0.0589699 -0.00481693 0.998248 79.943 0.0533203 0.998546 0.00796822 -1.6585 -0.996835 0.0536967 -0.0586273 53.5346 
-0.0573656 -0.00684194 0.99833 81.0244 0.0540843 0.998487 0.00995082 -1.66944 -0.996887 0.0545648 -0.0569087 53.4892 
-0.0555204 -0.00388375 0.99845 82.1028 0.0544444 0.998493 0.00691142 -1.67931 -0.996972 0.0547438 -0.0552253 53.4468 
-0.0531956 0.00202391 0.998582 83.1722 0.054558 0.99851 0.000882637 -1.692 -0.997093 0.0545276 -0.0532267 53.4049 
-0.0511688 0.0052067 0.998676 84.2415 0.0534469 0.998568 -0.00246765 -1.70931 -0.997259 0.0532499 -0.0513738 53.3697 
-0.0487768 0.00444924 0.9988 85.3224 0.0540207 0.998538 -0.00180991 -1.72975 -0.997348 0.0538676 -0.0489459 53.3346 
-0.0450363 0.00129975 0.998985 86.4105 0.052124 0.99864 0.0010506 -1.75043 -0.997625 0.0521184 -0.0450428 53.3048 
-0.040623 -0.002909 0.99917 87.5013 0.0520393 0.998632 0.00502323 -1.76479 -0.997819 0.0522002 -0.040416 53.2787 
-0.0357434 -0.00525764 0.999347 88.5876 0.0505258 0.998698 0.00706141 -1.77781 -0.998083 0.0507452 -0.0354313 53.2553 
-0.0323162 -0.00124662 0.999477 89.679 0.0465291 0.998913 0.00275039 -1.79546 -0.998394 0.0465937 -0.0322231 53.2456 
-0.0305136 0.00805656 0.999502 90.7582 0.0432718 0.999041 -0.00673177 -1.81832 -0.998597 0.0430448 -0.030833 53.2388 
-0.0295426 0.0160842 0.999434 91.8438 0.0375731 0.999182 -0.0149694 -1.84217 -0.998857 0.0371096 -0.0301228 53.2336 
-0.0289372 0.0156701 0.999458 92.9344 0.0370622 0.999206 -0.014593 -1.87114 -0.998894 0.0366198 -0.029495 53.2214 
-0.0282317 0.00952633 0.999556 94.0418 0.0369991 0.999279 -0.00847864 -1.90164 -0.998916 0.0367433 -0.0285638 53.2131 
-0.0294191 0.00345395 0.999561 95.1427 0.0387161 0.999248 -0.00231333 -1.92351 -0.998817 0.038631 -0.0295307 53.1931 
-0.0314502 -0.00250213 0.999502 96.2434 0.0370542 0.999307 0.00366763 -1.94294 -0.998818 0.0371511 -0.0313356 53.177 
-0.0332299 -0.00726945 0.999421 97.3385 0.0366737 0.999291 0.00848791 -1.95837 -0.998775 0.0369345 -0.0329398 53.1536 
-0.0351807 -0.00673672 0.999358 98.4288 0.0371352 0.999278 0.0080435 -1.9732 -0.998691 0.0373944 -0.0349052 53.1294 
-0.0368806 -0.00647048 0.999299 99.5119 0.0366487 0.999298 0.00782309 -1.98272 -0.998647 0.0369115 -0.0366176 53.104 
-0.038572 -0.00781431 0.999225 100.591 0.0381127 0.99923 0.00928562 -1.99631 -0.998529 0.0384414 -0.0382444 53.0789 
-0.03937 -0.0062774 0.999205 101.673 0.0389612 0.99921 0.00781259 -2.01259 -0.998465 0.0392378 -0.0390943 53.0512 
-0.0397385 0.00201368 0.999208 102.744 0.0396553 0.999213 -0.000436566 -2.03023 -0.998423 0.0396065 -0.039787 53.0236 
-0.0400338 0.00993207 0.999149 103.808 0.0368556 0.999285 -0.00845665 -2.04957 -0.998518 0.0364857 -0.0403712 52.9989 
-0.0410203 0.0101782 0.999107 104.873 0.0343679 0.999371 -0.00876978 -2.0753 -0.998567 0.0339775 -0.0413443 52.9747 
-0.0431877 0.00425702 0.999058 105.953 0.0299918 0.999546 -0.00296256 -2.10292 -0.998617 0.0298356 -0.0432958 52.9531 
-0.0459422 -0.00333963 0.998939 107.022 0.0238595 0.999706 0.00443955 -2.12155 -0.998659 0.0240381 -0.045849 52.9326 
-0.0477234 -0.0115064 0.998794 108.084 0.0225969 0.999665 0.0125962 -2.1327 -0.998605 0.0231707 -0.0474474 52.9033 
-0.0492294 -0.0180583 0.998624 109.15 0.0258032 0.99948 0.0193459 -2.1408 -0.998454 0.0267201 -0.0487379 52.8611 
-0.0511523 -0.0183781 0.998522 110.191 0.0247267 0.999501 0.0196628 -2.14428 -0.998385 0.025696 -0.0506724 52.8278 
-0.0517482 -0.0108471 0.998601 111.223 0.0284941 0.999518 0.0123337 -2.15207 -0.998254 0.0290925 -0.0514141 52.7869 
-0.0522772 0.00363628 0.998626 112.25 0.0372099 0.999306 -0.00169081 -2.16601 -0.997939 0.0370704 -0.0523762 52.7367 
-0.0534602 0.0147313 0.998461 113.272 0.0421796 0.999032 -0.0124813 -2.18444 -0.997679 0.0414475 -0.0540298 52.6965 
-0.0537284 0.0115999 0.998488 114.305 0.0425671 0.99905 -0.00931587 -2.20811 -0.997648 0.0420022 -0.0541711 52.657 
-0.053487 0.000928192 0.998568 115.349 0.0451457 0.998979 0.00148964 -2.23126 -0.997548 0.0451608 -0.0534743 52.6151 
-0.0527996 -0.00900805 0.998565 116.384 0.0451396 0.998916 0.011398 -2.24581 -0.997584 0.0456767 -0.0523357 52.5743 
-0.0526167 -0.0143643 0.998512 117.408 0.0437836 0.998902 0.0166772 -2.25323 -0.997655 0.044596 -0.05193 52.5409 
-0.0525312 -0.0197593 0.998424 118.426 0.0412735 0.998907 0.0219405 -2.2543 -0.997766 0.042361 -0.0516582 52.5082 
-0.0519374 -0.0230615 0.998384 119.446 0.0386128 0.998939 0.0250831 -2.25487 -0.997904 0.0398532 -0.0509918 52.4724 
-0.0516404 -0.0210223 0.998445 120.448 0.0374717 0.999034 0.0229728 -2.25597 -0.997963 0.0385997 -0.0508027 52.4353 
-0.0507871 -0.0140224 0.998611 121.444 0.0349962 0.999262 0.0158114 -2.25421 -0.998096 0.0357507 -0.0502589 52.4004 
-0.0502587 -0.00792378 0.998705 122.438 0.0349862 0.999341 0.0096895 -2.25694 -0.998123 0.0354279 -0.0499483 52.3623 
-0.0497568 -0.00281607 0.998757 123.42 0.0355532 0.999357 0.00458901 -2.26718 -0.998128 0.0357373 -0.0496247 52.3255 
-0.0494111 0.00193502 0.998777 124.397 0.0370286 0.999314 -0.000104155 -2.28046 -0.998092 0.0369781 -0.0494489 52.2881 
-0.0490392 0.00624578 0.998777 125.367 0.0375371 0.999286 -0.00440587 -2.30023 -0.998091 0.0372752 -0.0492386 52.2588 
-0.0488635 0.00538663 0.998791 126.33 0.0390881 0.99923 -0.00347666 -2.31881 -0.99804 0.0388709 -0.0490364 52.2241 
-0.0486447 -0.000862644 0.998816 127.29 0.0377449 0.999284 0.00270135 -2.33806 -0.998103 0.0378316 -0.0485773 52.1922 
-0.0491545 -0.0108791 0.998732 128.246 0.0358963 0.999275 0.0126518 -2.35399 -0.998146 0.0364726 -0.0487284 52.165 
-0.0500028 -0.0188231 0.998572 129.188 0.0306588 0.999322 0.0203725 -2.36418 -0.998278 0.0316337 -0.0493919 52.14 
-0.052202 -0.0217928 0.998399 130.112 0.0261101 0.99939 0.0231796 -2.36805 -0.998295 0.0272783 -0.0516012 52.1145 
-0.0540071 -0.0194186 0.998352 131.011 0.0212356 0.999562 0.0205909 -2.37321 -0.998315 0.0223127 -0.0535711 52.0887 
-0.0550942 -0.0121828 0.998407 131.892 0.0181818 0.999748 0.0132025 -2.3782 -0.998316 0.0188802 -0.0548588 52.0607 
-0.0555995 -0.00522149 0.99844 132.753 0.0203971 0.999772 0.00636434 -2.38691 -0.998245 0.0207191 -0.0554803 52.0266 
-0.0545081 0.000718634 0.998513 133.597 0.0242981 0.999705 0.000606964 -2.40096 -0.998218 0.024295 -0.0545095 51.9906 
-0.0514754 0.00294541 0.99867 134.421 0.0280659 0.999605 -0.0015015 -2.41952 -0.99828 0.0279512 -0.0515377 51.9574 
-0.0469696 0.00250188 0.998893 135.231 0.0322226 0.99948 -0.000988151 -2.43538 -0.998377 0.0321406 -0.0470258 51.9306 
-0.0419602 -0.00228528 0.999117 136.027 0.0351681 0.999374 0.00376288 -2.44921 -0.9985 0.0352949 -0.0418536 51.9075 
-0.0378176 -0.00654209 0.999263 136.794 0.0365575 0.9993 0.00792591 -2.46758 -0.998616 0.0368303 -0.037552 51.8909 
-0.033629 -0.00648995 0.999413 137.532 0.0373879 0.999271 0.00774712 -2.48618 -0.998735 0.0376265 -0.0333618 51.8794 
-0.0291206 -0.00202867 0.999574 138.236 0.0388501 0.99924 0.00315985 -2.50325 -0.998821 0.0389256 -0.0290197 51.8708 
-0.0246877 0.00194676 0.999693 138.914 0.0391139 0.999234 -0.000979893 -2.51486 -0.99893 0.0390778 -0.024745 51.8665 
-0.0201618 0.00257136 0.999793 139.567 0.0403712 0.999183 -0.00175563 -2.52854 -0.998981 0.0403275 -0.0202492 51.8647 
-0.0157574 0.00226147 0.999873 140.191 0.0377606 0.999285 -0.00166502 -2.54657 -0.999163 0.0377295 -0.0158316 51.8687 
-0.0119126 0.00129386 0.999928 140.784 0.0329048 0.999458 -0.000901201 -2.56518 -0.999388 0.0328917 -0.0119487 51.8809 
-0.00829156 0.00163227 0.999964 141.35 0.0281753 0.999602 -0.00139801 -2.58268 -0.999569 0.0281627 -0.00833425 51.8953 
-0.00529696 0.00498623 0.999974 141.899 0.0264732 0.999638 -0.00484428 -2.59376 -0.999636 0.0264469 -0.00542704 51.9043 
-0.00429515 0.00909372 0.999949 142.433 0.0254749 0.999635 -0.0089814 -2.60752 -0.999666 0.025435 -0.00452525 51.9126 
-0.00464354 0.0102168 0.999937 142.964 0.0222504 0.999701 -0.010111 -2.62238 -0.999742 0.022202 -0.00486948 51.9217 
-0.00625351 0.00848048 0.999945 143.496 0.0162459 0.999833 -0.00837789 -2.63603 -0.999849 0.0161926 -0.00639023 51.9338 
-0.008404 0.00420364 0.999956 144.027 0.0107957 0.999933 -0.00411278 -2.64811 -0.999906 0.0107606 -0.00844882 51.9451 
-0.0105257 -0.00093519 0.999944 144.558 0.00981112 0.999951 0.00103851 -2.65788 -0.999897 0.0098215 -0.010516 51.9471 
-0.0125694 -0.00401113 0.999913 145.079 0.0134274 0.999901 0.00417992 -2.67088 -0.999831 0.0134788 -0.0125143 51.9389 
-0.014951 -0.0020453 0.999886 145.589 0.0156021 0.999876 0.00227862 -2.6858 -0.999767 0.0156344 -0.0149173 51.9329 
-0.0179278 0.00137725 0.999838 146.093 0.0149999 0.999887 -0.00110831 -2.69553 -0.999727 0.0149776 -0.0179464 51.9315 
-0.0204823 0.00303152 0.999786 146.595 0.011471 0.99993 -0.00279692 -2.70431 -0.999724 0.0114112 -0.0205156 51.9339 
-0.022827 0.00473184 0.999728 147.095 0.0103194 0.999937 -0.00449716 -2.71039 -0.999686 0.010214 -0.0228744 51.9324 
-0.0247228 0.00618834 0.999675 147.592 0.0119171 0.999912 -0.00589504 -2.71688 -0.999623 0.0117674 -0.0247944 51.9246 
-0.027646 0.00363183 0.999611 148.092 0.0122783 0.999919 -0.00329333 -2.72699 -0.999542 0.0121825 -0.0276884 51.9169 
-0.0302368 -0.0015357 0.999542 148.592 0.0116492 0.99993 0.00188874 -2.73793 -0.999475 0.0117009 -0.0302168 51.91 
-0.0328286 -0.00463741 0.99945 149.083 0.0108251 0.999929 0.00499524 -2.74244 -0.999402 0.0109831 -0.032776 51.9043 
-0.0355391 -0.00576946 0.999352 149.576 0.00849546 0.999946 0.00607504 -2.74946 -0.999332 0.00870585 -0.0354882 51.8976 
-0.0376044 -0.00726559 0.999266 150.069 0.00712453 0.999946 0.00753868 -2.75772 -0.999267 0.00740279 -0.0375506 51.8894 
-0.0389085 -0.0088398 0.999204 150.559 0.00638851 0.999938 0.0090951 -2.76569 -0.999222 0.0067373 -0.0388496 51.8818 
-0.0398788 -0.00888381 0.999165 151.045 0.00595397 0.999941 0.00912839 -2.76945 -0.999187 0.00631302 -0.0398236 51.8739 
-0.0390403 -0.00712094 0.999212 151.523 0.00877275 0.999934 0.00746888 -2.77101 -0.999199 0.00905743 -0.0389752 51.8638 
-0.0341009 -0.00435176 0.999409 151.997 0.011075 0.999928 0.00473195 -2.77537 -0.999357 0.0112298 -0.0340502 51.8538 
-0.0268303 -0.00261173 0.999637 152.462 0.0114157 0.999931 0.00291893 -2.7836 -0.999575 0.0114899 -0.0267986 51.8548 
-0.016752 -0.00278862 0.999856 152.93 0.009455 0.999951 0.00294734 -2.78967 -0.999815 0.00950301 -0.0167248 51.8661 
-0.00127864 -0.00364624 0.999993 153.389 0.011205 0.999931 0.00366038 -2.79206 -0.999936 0.0112096 -0.00123769 51.8821 
0.0211062 -0.00345678 0.999771 153.839 0.0171772 0.999848 0.00309446 -2.79411 -0.99963 0.017108 0.0211624 51.9022 
0.0509234 -0.00296351 0.998698 154.28 0.0240798 0.999709 0.00173873 -2.79726 -0.998412 0.0239599 0.05098 51.9377 
0.0871327 -0.00344884 0.996191 154.718 0.0256398 0.999671 0.00121832 -2.8005 -0.995867 0.025436 0.0871924 52.0016 
0.127824 -0.00378049 0.99179 155.146 0.0226096 0.999744 0.000896888 -2.81387 -0.991539 0.0223093 0.127876 52.0938 
0.169553 -0.000612791 0.985521 155.563 0.0181857 0.999832 -0.00250701 -2.82266 -0.985353 0.0183475 0.169535 52.2088 
0.211134 0.00380107 0.97745 155.971 0.0178974 0.99981 -0.0077539 -2.83105 -0.977293 0.0191309 0.211025 52.334 
0.253321 0.0081892 0.967348 156.369 0.0189454 0.99973 -0.0134246 -2.83453 -0.967197 0.0217275 0.253098 52.4706 
0.295808 0.0104275 0.955191 156.761 0.020116 0.999651 -0.0171424 -2.8429 -0.955036 0.0242855 0.295495 52.6222 
0.337012 0.0126339 0.941416 157.14 0.0165897 0.999675 -0.0193545 -2.84964 -0.941354 0.0221405 0.336693 52.8005 
0.377205 0.0165112 0.925983 157.501 0.00887123 0.999731 -0.0214399 -2.86002 -0.926087 0.0163019 0.376957 52.9982 
0.416903 0.0216792 0.908692 157.852 0.000426096 0.999711 -0.0240461 -2.87111 -0.908951 0.0104121 0.416773 53.2115 
0.455953 0.0276191 0.889575 158.199 -0.00410368 0.999573 -0.0289308 -2.88415 -0.889995 0.00954057 0.455871 53.4382 
0.494096 0.0311749 0.868848 158.55 -0.00527141 0.999446 -0.032863 -2.90027 -0.869392 0.0116574 0.493986 53.6784 
0.53148 0.0303667 0.846526 158.886 -0.00373237 0.999432 -0.0335084 -2.91457 -0.847062 0.0146495 0.531292 53.9258 
0.567115 0.028939 0.82313 159.23 -0.00532513 0.999491 -0.0314704 -2.92777 -0.823621 0.0134641 0.566981 54.2074 
0.60035 0.0297711 0.799183 159.559 -0.00979991 0.999506 -0.0298718 -2.94521 -0.799678 0.0101016 0.600345 54.5095 
0.631839 0.0339157 0.774357 159.882 -0.016969 0.999408 -0.0299266 -2.96473 -0.774914 0.00576874 0.632041 54.8346 
0.661558 0.0373976 0.748961 160.202 -0.0223057 0.999295 -0.0301948 -2.9841 -0.749562 0.00326952 0.661926 55.1747 
0.689115 0.0384097 0.723633 160.521 -0.0223694 0.999246 -0.0317365 -3.0005 -0.724306 0.0056829 0.689455 55.5266 
0.714038 0.0363832 0.699161 160.841 -0.0175613 0.999265 -0.0340651 -3.01538 -0.699887 0.0120456 0.714152 55.8883 
0.736339 0.0376844 0.675562 161.158 -0.0188266 0.999202 -0.0352173 -3.02917 -0.676351 0.0132134 0.736461 56.2763 
0.755774 0.0417593 0.6535 161.463 -0.0255893 0.999086 -0.0342485 -3.04838 -0.654332 0.00916157 0.756152 56.691 
0.772034 0.0443776 0.63403 161.772 -0.0331642 0.999013 -0.029541 -3.07127 -0.634715 0.00177962 0.772744 57.1275 
0.784988 0.0423199 0.618064 162.087 -0.0340566 0.999103 -0.0251557 -3.0918 -0.618574 -0.00130218 0.785726 57.5693 
0.795702 0.0370833 0.604552 162.411 -0.0298815 0.999312 -0.0219682 -3.10803 -0.604951 -0.000584777 0.796263 58.0191 
0.804843 0.0293537 0.592762 162.744 -0.0234772 0.999569 -0.0176219 -3.1267 -0.593024 0.000266536 0.805185 58.4824 
0.812113 0.0225053 0.583066 163.077 -0.0185078 0.999747 -0.0128101 -3.14607 -0.583206 -0.000387965 0.812324 58.9625 
0.818678 0.0190343 0.573937 163.411 -0.0165782 0.999817 -0.00951073 -3.1622 -0.574013 -0.00172857 0.818844 59.4616 
0.825641 0.0160391 0.563968 163.745 -0.0141768 0.99987 -0.00768132 -3.1731 -0.564018 -0.00165322 0.825761 59.977 
0.832818 0.0116631 0.553424 164.088 -0.00875733 0.999931 -0.00789441 -3.18281 -0.553478 0.00172812 0.832862 60.5116 
0.839271 0.0120751 0.54358 164.425 -0.00696538 0.99991 -0.0114576 -3.19816 -0.543669 0.00582984 0.839279 61.0571 
0.844854 0.0160882 0.534755 164.758 -0.00846663 0.999825 -0.0167035 -3.21456 -0.53493 0.00958449 0.844842 61.6207 
0.848987 0.0213994 0.52798 165.094 -0.0116916 0.999696 -0.0217184 -3.22989 -0.528284 0.0122658 0.848979 62.2074 
0.851104 0.0258925 0.524358 165.44 -0.0146221 0.999565 -0.0256243 -3.24817 -0.524794 0.0141418 0.851112 62.8034 
0.850956 0.0308426 0.524331 165.792 -0.0200166 0.999454 -0.0263049 -3.27234 -0.524856 0.011889 0.851108 63.4236 
0.84918 0.0311708 0.527184 166.158 -0.0227314 0.999489 -0.0224814 -3.29926 -0.527615 0.00710718 0.849454 64.0507 
0.84671 0.032618 0.531054 166.534 -0.025127 0.999457 -0.0213254 -3.32431 -0.531461 0.00471267 0.84707 64.6824 
0.843905 0.0341574 0.535404 166.923 -0.027436 0.999413 -0.0205151 -3.34764 -0.53579 0.00262353 0.844347 65.3334 
0.840933 0.0340989 0.540064 167.324 -0.0284628 0.999418 -0.0187824 -3.36766 -0.540391 0.00042303 0.841414 65.9921 
0.837756 0.0318199 0.545118 167.742 -0.0258266 0.999492 -0.0186516 -3.38627 -0.545434 0.00154698 0.838152 66.6536 
0.834495 0.0287525 0.550264 168.173 -0.0238343 0.999587 -0.0160848 -3.41056 -0.550499 0.000307542 0.834836 67.3236 
0.83071 0.0293872 0.55593 168.609 -0.0250337 0.999568 -0.0154313 -3.43294 -0.556143 -0.00109803 0.831086 68.0017 
0.827307 0.0316011 0.560861 169.054 -0.0264717 0.9995 -0.0172681 -3.45459 -0.561126 -0.000560886 0.82773 68.6865 
0.824386 0.0322012 0.565111 169.512 -0.024999 0.999478 -0.0204837 -3.48145 -0.565476 0.00275926 0.82476 69.3737 
0.821654 0.0342141 0.568959 169.979 -0.0251269 0.999401 -0.0238117 -3.5083 -0.569433 0.00526882 0.822021 70.0689 
0.818842 0.0336182 0.573033 170.455 -0.0245774 0.999421 -0.0235129 -3.5334 -0.573492 0.00516969 0.819195 70.7777 
0.81643 0.0305329 0.576636 170.943 -0.025633 0.999533 -0.0166327 -3.56033 -0.576875 -0.00120144 0.816832 71.5008 
0.814043 0.0270283 0.580176 171.434 -0.0255334 0.999616 -0.0107426 -3.58871 -0.580244 -0.00606887 0.81442 72.2228 
0.812184 0.0255481 0.582841 171.928 -0.0213612 0.999673 -0.0140527 -3.62003 -0.58301 -0.00103683 0.812464 72.9277 
0.810826 0.0306531 0.584484 172.416 -0.0198574 0.999493 -0.0248709 -3.64909 -0.58495 0.00855967 0.811024 73.6264 
0.809416 0.0331179 0.586301 172.909 -0.0178562 0.999335 -0.0317973 -3.68139 -0.586964 0.0152681 0.809469 74.3261 
0.808653 0.0293999 0.587551 173.41 -0.0135395 0.999416 -0.0313743 -3.71983 -0.58813 0.0174158 0.808579 75.0291 
0.808008 0.0237067 0.588694 173.913 -0.0109772 0.999623 -0.025188 -3.7603 -0.589069 0.01389 0.807963 75.7397 
0.807461 0.0197415 0.58959 174.412 -0.00822356 0.99972 -0.0222116 -3.79799 -0.589864 0.0130865 0.807397 76.4495 
0.807767 0.0151075 0.589308 174.909 -0.00394701 0.999788 -0.0202203 -3.83073 -0.589489 0.0140073 0.807655 77.1459 
0.808088 0.0105602 0.588967 175.407 0.00153524 0.999798 -0.0200326 -3.86462 -0.58906 0.0170924 0.807909 77.842 
0.808797 0.00873183 0.588023 175.898 0.00402883 0.999784 -0.0203877 -3.90176 -0.588074 0.0188585 0.808587 78.5352 
0.80955 0.0109192 0.586949 176.381 0.00466239 0.999676 -0.0250278 -3.93657 -0.587032 0.0229978 0.809237 79.2221 
0.810146 0.0106137 0.586133 176.864 0.0078816 0.999549 -0.0289936 -3.97441 -0.586176 0.0281087 0.809696 79.9049 
0.810455 0.00757203 0.585751 177.348 0.0104298 0.999571 -0.0273522 -4.00842 -0.585708 0.0282771 0.810029 80.5898 
0.810142 0.00623255 0.586201 177.822 0.00773233 0.999743 -0.0213155 -4.04449 -0.586183 0.0218013 0.809885 81.2806 
0.809573 0.000368032 0.58702 178.296 0.00843769 0.999889 -0.0122634 -4.07826 -0.586959 0.0148812 0.80948 81.9647 
0.809293 -0.00464915 0.587388 178.771 0.0110515 0.999912 -0.0073122 -4.10358 -0.587302 0.0124092 0.809273 82.6351 
0.808573 -0.0074906 0.588348 179.237 0.0138295 0.999885 -0.00627581 -4.12733 -0.588233 0.013211 0.808583 83.289 
0.807707 -0.00373903 0.589573 179.685 0.0114659 0.99989 -0.00936677 -4.15468 -0.589473 0.0143256 0.807661 83.9283 
0.806666 0.00382331 0.590995 180.121 0.00857811 0.999798 -0.0181764 -4.18309 -0.590945 0.0197319 0.80647 84.5486 
0.805181 0.00805957 0.592975 180.552 0.00883924 0.999634 -0.0255892 -4.21411 -0.592964 0.0258454 0.804814 85.1597 
0.803127 0.0076296 0.595759 180.977 0.0122605 0.999495 -0.0293281 -4.24431 -0.595681 0.0308585 0.802628 85.7411 
