1 2.12261e-08 -2.11895e-08 0 2.12261e-08 1 2.10703e-08 0 -2.11895e-08 2.10703e-08 1 0 
0.999933 -0.00288362 0.0112449 0.012723 0.00287037 0.999995 0.00119882 -0.00674598 -0.0112483 -0.00116642 0.999936 0.290673 
0.99983 -0.00488462 0.0177914 0.0242137 0.00486173 0.999987 0.001332 -0.0109854 -0.0177977 -0.00124523 0.999841 0.58636 
0.999779 -0.00781465 0.0195376 0.0331448 0.00781514 0.99997 5.35165e-05 -0.0149148 -0.0195375 9.92263e-05 0.999809 0.888347 
0.999814 -0.009239 0.0169494 0.0413151 0.00926398 0.999956 -0.00139304 -0.0174156 -0.0169358 0.00154984 0.999855 1.19865 
0.999881 -0.011907 0.00978095 0.0447719 0.0119362 0.999925 -0.00292671 -0.0175244 -0.0097454 0.00304316 0.999948 1.51974 
0.999901 -0.0138013 -0.00281695 0.0375261 0.0137876 0.999893 -0.00480891 -0.0218876 0.00288298 0.00476964 0.999985 1.85064 
0.99972 -0.013128 -0.0197108 0.0178558 0.0130279 0.999902 -0.00520278 -0.0248526 0.0197771 0.00494458 0.999792 2.19317 
0.999184 -0.00873102 -0.0394304 -0.0166772 0.00853251 0.99995 -0.00520095 -0.0310962 0.0394738 0.00486031 0.999209 2.54755 
0.998218 -0.00519452 -0.0594523 -0.0599211 0.00481013 0.999967 -0.00660761 -0.0338455 0.0594845 0.00630991 0.998209 2.9135 
0.996779 -0.00508528 -0.0800416 -0.106384 0.00452417 0.999964 -0.00719046 -0.0363664 0.0800752 0.00680522 0.996766 3.28817 
0.994815 -0.00660115 -0.101488 -0.158659 0.00595204 0.99996 -0.00669782 -0.0379939 0.101528 0.00605907 0.994814 3.67597 
0.992559 -0.00809212 -0.121497 -0.221857 0.00742903 0.999955 -0.00591004 -0.0428514 0.121539 0.00496351 0.992574 4.06959 
0.990195 -0.0071385 -0.139507 -0.298182 0.00648779 0.999966 -0.0051189 -0.0506381 0.139539 0.00416366 0.990208 4.47287 
0.987867 -0.00584543 -0.155191 -0.384788 0.00520175 0.999976 -0.00455372 -0.055 0.155214 0.00369125 0.987874 4.88843 
0.985637 -0.00523442 -0.168795 -0.475868 0.00449187 0.999979 -0.00478093 -0.0620968 0.168817 0.0039541 0.98564 5.3141 
0.983446 -0.0067859 -0.181072 -0.569485 0.00584562 0.999967 -0.00572617 -0.0679302 0.181105 0.00457295 0.983453 5.75281 
0.981586 -0.0103414 -0.190741 -0.66503 0.00897507 0.999928 -0.00802591 -0.0753646 0.19081 0.00616625 0.981608 6.19948 
0.980006 -0.00969325 -0.198732 -0.771846 0.00787328 0.99992 -0.0099463 -0.080921 0.198812 0.00818281 0.980003 6.66461 
0.978463 -0.00926222 -0.206214 -0.886785 0.00699648 0.999907 -0.011714 -0.087941 0.206303 0.010019 0.978437 7.14085 
0.976662 -0.01014 -0.214543 -1.00432 0.00718233 0.999868 -0.014561 -0.0967683 0.214663 0.0126803 0.976606 7.63008 
0.974872 -0.0140095 -0.222324 -1.12857 0.0106291 0.999809 -0.0163944 -0.106045 0.222511 0.0136194 0.974835 8.12841 
0.972923 -0.0203632 -0.230231 -1.25175 0.0167453 0.999704 -0.0176577 -0.118144 0.230522 0.0133243 0.972976 8.64411 
0.970819 -0.0210649 -0.238889 -1.39499 0.0167126 0.999656 -0.0202301 -0.131797 0.239232 0.0156474 0.970836 9.16718 
0.968714 -0.0170329 -0.247594 -1.55227 0.0112913 0.999634 -0.0245914 -0.146419 0.247922 0.0210264 0.968552 9.69341 
0.966506 -0.0140246 -0.256261 -1.72037 0.00718107 0.999593 -0.0276217 -0.164821 0.256544 0.0248564 0.966213 10.235 
0.964159 -0.0166924 -0.264799 -1.88348 0.00922752 0.999525 -0.02941 -0.183992 0.265164 0.0259125 0.963855 10.7942 
0.961747 -0.019544 -0.273241 -2.05428 0.0112713 0.99943 -0.0318134 -0.204009 0.273707 0.0275167 0.96142 11.3586 
0.95945 -0.0192719 -0.281218 -2.2407 0.0100031 0.99936 -0.0343581 -0.227919 0.2817 0.0301519 0.959029 11.9359 
0.957123 -0.0184503 -0.289094 -2.44026 0.00779611 0.999249 -0.0379621 -0.254373 0.289578 0.0340807 0.956548 12.519 
0.954823 -0.0194758 -0.296536 -2.64299 0.00692764 0.999038 -0.0433083 -0.282885 0.297094 0.0392975 0.954039 13.1153 
0.95303 -0.0208411 -0.302159 -2.85226 0.00570234 0.998688 -0.0508982 -0.317517 0.302823 0.0467845 0.951898 13.7222 
0.951694 -0.0216034 -0.306287 -3.0686 0.00371594 0.998259 -0.0588643 -0.35738 0.307025 0.0548827 0.950118 14.335 
0.950419 -0.0217093 -0.310214 -3.29112 0.000715482 0.99771 -0.0676294 -0.39983 0.310972 0.0640543 0.948258 14.9595 
0.949089 -0.0211006 -0.314302 -3.52498 -0.00317869 0.997062 -0.0765361 -0.450563 0.314993 0.0736387 0.946233 15.5984 
0.947703 -0.0206907 -0.318483 -3.76136 -0.00627391 0.996496 -0.0834081 -0.507414 0.319093 0.0810442 0.944252 16.2424 
0.946105 -0.0191147 -0.323296 -4.0087 -0.0105904 0.995897 -0.089874 -0.572156 0.323687 0.0884542 0.94202 16.8916 
0.944473 -0.0180589 -0.328094 -4.26324 -0.0142024 0.995312 -0.0956679 -0.640491 0.328283 0.0950155 0.939788 17.5624 
0.94283 -0.0158989 -0.332896 -4.52688 -0.0189804 0.994679 -0.101262 -0.711242 0.332734 0.101791 0.937511 18.2353 
0.941076 -0.0132418 -0.337937 -4.80055 -0.0235516 0.994241 -0.104544 -0.785143 0.337375 0.106343 0.935344 18.9263 
0.939306 -0.012174 -0.342865 -5.0797 -0.0257431 0.994052 -0.105821 -0.866963 0.342113 0.108225 0.933406 19.6222 
0.937087 -0.0117796 -0.348899 -5.36509 -0.0265313 0.994137 -0.104823 -0.952866 0.348088 0.107485 0.93128 20.3331 
0.934788 -0.0113067 -0.355027 -5.659 -0.0272147 0.994276 -0.103322 -1.03742 0.354163 0.106246 0.929129 21.0517 
0.932199 -0.011408 -0.361768 -5.95739 -0.0272114 0.994466 -0.101478 -1.12218 0.360923 0.104442 0.926729 21.7688 
0.928968 -0.0105541 -0.37001 -6.26938 -0.0279292 0.994746 -0.0984946 -1.20476 0.369105 0.101832 0.923792 22.5011 
0.92564 -0.00846525 -0.378311 -6.59357 -0.0288936 0.99525 -0.0929661 -1.28471 0.377301 0.0969839 0.920998 23.2385 
0.922069 -0.00502581 -0.386993 -6.93186 -0.0314182 0.995644 -0.087789 -1.36608 0.385748 0.0931062 0.917894 23.9862 
0.918502 -0.00140675 -0.395414 -7.29817 -0.0345931 0.995874 -0.083899 -1.44137 0.3939 0.09074 0.914663 24.7511 
0.914699 -0.000541363 -0.404135 -7.6561 -0.0357577 0.995969 -0.0822665 -1.51463 0.402551 0.0897001 0.910992 25.505 
0.910668 -0.000612999 -0.41314 -8.02404 -0.0364602 0.995978 -0.0818458 -1.58662 0.411528 0.0895975 0.906982 26.2655 
0.906792 -0.000796625 -0.421577 -8.40189 -0.0365504 0.996084 -0.0805006 -1.65944 0.41999 0.0884062 0.903212 27.0285 
0.902808 3.45702e-05 -0.430044 -8.79229 -0.0376141 0.996174 -0.0788847 -1.73118 0.428396 0.0873935 0.899355 27.8007 
0.898893 -0.00116584 -0.438167 -9.19077 -0.0360605 0.996407 -0.0766288 -1.80364 0.436682 0.0846816 0.895622 28.5812 
0.895044 -0.000520121 -0.445977 -9.60599 -0.0356295 0.99672 -0.0726683 -1.87317 0.444552 0.0809313 0.892089 29.3664 
0.891288 0.00179903 -0.453433 -10.0317 -0.0361422 0.997092 -0.0670867 -1.9402 0.451994 0.0761818 0.888762 30.1599 
0.887473 0.00186428 -0.460856 -10.4674 -0.0347691 0.997413 -0.0629202 -2.0089 0.459547 0.0718636 0.885242 30.9556 
0.883582 0.000777778 -0.468277 -10.9098 -0.0332918 0.997573 -0.0611607 -2.07305 0.467093 0.0696303 0.881463 31.7628 
0.880316 -0.000126773 -0.474389 -11.3713 -0.0322454 0.997671 -0.060104 -2.13335 0.473291 0.0682074 0.878261 32.5788 
0.877139 -3.4134e-05 -0.480236 -11.8438 -0.0319422 0.997781 -0.0584125 -2.19023 0.479173 0.0665758 0.875192 33.4013 
0.874053 -0.00173555 -0.485828 -12.3246 -0.0298565 0.997912 -0.0572798 -2.25099 0.484913 0.0645708 0.872176 34.2364 
0.87132 -0.00296333 -0.490707 -12.8159 -0.0288786 0.997939 -0.0573046 -2.31287 0.489865 0.0641017 0.869438 35.0764 
0.869293 -0.00368879 -0.494283 -13.3199 -0.0287028 0.997908 -0.0579269 -2.3736 0.493462 0.0645429 0.867369 35.9166 
0.867925 -0.00314019 -0.496686 -13.8324 -0.0298205 0.997847 -0.0584181 -2.43541 0.495799 0.065514 0.865962 36.7682 
0.867385 -0.00332816 -0.497627 -14.3507 -0.0291969 0.997915 -0.0575656 -2.49899 0.496781 0.0644608 0.865479 37.6298 
0.867125 -0.00308552 -0.498082 -14.8808 -0.0286406 0.998017 -0.0560438 -2.56181 0.497267 0.0628623 0.865317 38.5145 
0.866781 -0.00453341 -0.498669 -15.4172 -0.0267473 0.998097 -0.0555656 -2.62628 0.497972 0.0615012 0.86501 39.4084 
0.866151 -0.00655639 -0.499739 -15.9599 -0.0250074 0.998093 -0.0564376 -2.69051 0.499156 0.0613807 0.864335 40.3089 
0.86488 -0.00891354 -0.501899 -16.5019 -0.0226635 0.998129 -0.0567805 -2.7564 0.501467 0.0604832 0.86306 41.2162 
0.863174 -0.0094615 -0.504818 -17.0581 -0.0211214 0.998273 -0.0548249 -2.8225 0.504465 0.0579859 0.861483 42.1389 
0.861034 -0.00914356 -0.508465 -17.6215 -0.0195118 0.998508 -0.0509971 -2.89025 0.508173 0.0538314 0.859571 43.0602 
0.858096 -0.00956009 -0.5134 -18.1881 -0.0169706 0.998753 -0.0469625 -2.95466 0.513209 0.0490111 0.856863 43.9719 
0.853997 -0.00985713 -0.520185 -18.7597 -0.0159655 0.998853 -0.0451385 -3.01927 0.520033 0.0468532 0.85286 44.8738 
0.848638 -0.0134129 -0.528804 -19.3381 -0.0137508 0.998781 -0.0474013 -3.08346 0.528796 0.0474981 0.847419 45.7707 
0.842485 -0.0171794 -0.538446 -19.9258 -0.0120787 0.998638 -0.0507611 -3.14546 0.538585 0.0492692 0.84113 46.6611 
0.836223 -0.0175707 -0.548108 -20.5333 -0.0118074 0.998678 -0.0500286 -3.21123 0.548263 0.0483069 0.83491 47.5442 
0.830403 -0.0141381 -0.556984 -21.1485 -0.0131583 0.998902 -0.044973 -3.27468 0.557008 0.0446747 0.829304 48.4206 
0.825205 -0.00971857 -0.56475 -21.7795 -0.0160652 0.999044 -0.0406664 -3.33464 0.564605 0.042631 0.824259 49.2992 
0.821092 -0.00983931 -0.570711 -22.416 -0.0173256 0.998961 -0.0421492 -3.39258 0.570533 0.0444963 0.820068 50.1751 
0.817662 -0.0121927 -0.575569 -23.0538 -0.0178442 0.998759 -0.0465072 -3.44968 0.575422 0.0482979 0.81643 51.0452 
0.814533 -0.0144568 -0.579938 -23.6957 -0.0204798 0.99835 -0.0536512 -3.51245 0.579756 0.0555777 0.812892 51.9037 
0.811334 -0.0157218 -0.584372 -24.3356 -0.0205414 0.998254 -0.0553762 -3.57607 0.584223 0.0569325 0.809594 52.76 
0.807849 -0.0143095 -0.589216 -24.991 -0.0198255 0.99848 -0.0514307 -3.64472 0.589056 0.0532297 0.806337 53.6235 
0.804563 -0.011615 -0.593754 -25.6482 -0.0197782 0.99873 -0.0463376 -3.70992 0.593538 0.049025 0.803311 54.4837 
0.801479 -0.00989229 -0.597941 -26.3082 -0.019951 0.998864 -0.0432674 -3.77204 0.59769 0.0466075 0.800371 55.3313 
0.798312 -0.00958981 -0.602168 -26.9755 -0.0210167 0.998821 -0.0437692 -3.83106 0.601877 0.0475971 0.797169 56.1754 
0.794741 -0.0109847 -0.60685 -27.6448 -0.0210352 0.998737 -0.0456265 -3.89089 0.606585 0.0490265 0.793506 57.0193 
0.790582 -0.0137636 -0.612202 -28.3201 -0.0200593 0.998629 -0.0483555 -3.95061 0.612028 0.0505094 0.789222 57.8623 
0.786286 -0.01479 -0.617686 -29.0055 -0.0194974 0.998622 -0.0487305 -4.0135 0.617555 0.0503595 0.784914 58.7 
0.781777 -0.0150376 -0.623377 -29.7075 -0.0189194 0.998677 -0.0478178 -4.07768 0.623271 0.0491768 0.780458 59.5422 
0.776824 -0.0147298 -0.629545 -30.4087 -0.0191871 0.998709 -0.0470432 -4.1438 0.629425 0.0486235 0.775538 60.3711 
0.771452 -0.0159921 -0.636086 -31.1182 -0.0189884 0.99866 -0.0481372 -4.20721 0.636004 0.0492138 0.770115 61.1976 
0.76595 -0.0174229 -0.642665 -31.8362 -0.0184385 0.998626 -0.0490487 -4.27234 0.642636 0.0494187 0.764576 62.0231 
0.760323 -0.0191196 -0.649264 -32.5653 -0.0175426 0.998598 -0.0499502 -4.33629 0.649309 0.0493681 0.758921 62.8424 
0.754577 -0.020699 -0.655885 -33.3084 -0.0170772 0.998545 -0.0511598 -4.40035 0.655989 0.0498047 0.753125 63.6659 
0.748309 -0.0226688 -0.662963 -34.0542 -0.0159857 0.998509 -0.0521859 -4.46806 0.663158 0.0496492 0.746831 64.4865 
0.742111 -0.0241951 -0.66984 -34.8112 -0.0146398 0.998525 -0.0522867 -4.53458 0.670117 0.0486089 0.740662 65.2953 
0.735605 -0.0241917 -0.676978 -35.5715 -0.0137167 0.998625 -0.0505903 -4.60413 0.677271 0.0465005 0.734262 66.0989 
0.729203 -0.0246855 -0.683853 -36.3567 -0.0131537 0.998659 -0.0500753 -4.67123 0.684171 0.0455103 0.7279 66.9024 
0.722633 -0.0268299 -0.690711 -37.1584 -0.0115458 0.998639 -0.0508705 -4.74016 0.691135 0.0447355 0.72134 67.7075 
0.716239 -0.0283249 -0.69728 -37.9564 -0.0119132 0.998534 -0.0527996 -4.80975 0.697753 0.046124 0.714852 68.4954 
0.710082 -0.0279676 -0.703563 -38.7662 -0.0126244 0.998545 -0.0524349 -4.87968 0.704006 0.0461152 0.708696 69.2775 
0.704613 -0.0274483 -0.709061 -39.5836 -0.0129211 0.99859 -0.0514962 -4.95256 0.709474 0.0454468 0.703264 70.0621 
0.69958 -0.0270285 -0.714043 -40.4192 -0.0140363 0.998572 -0.0515508 -5.02217 0.714417 0.0460865 0.698201 70.8444 
0.694882 -0.0277977 -0.718586 -41.2537 -0.0144635 0.99851 -0.0526127 -5.09214 0.718978 0.0469529 0.693445 71.6151 
0.689527 -0.0297304 -0.723649 -42.1021 -0.0151046 0.99835 -0.0554086 -5.16214 0.724102 0.0491362 0.68794 72.3959 
0.684487 -0.0324612 -0.728302 -42.9676 -0.0146433 0.998194 -0.058253 -5.23519 0.728878 0.0505382 0.682775 73.1765 
0.679386 -0.0329048 -0.733043 -43.8436 -0.0151711 0.998151 -0.0588656 -5.31331 0.733625 0.0511136 0.67763 73.9517 
0.674545 -0.0324916 -0.737518 -44.72 -0.0148327 0.998233 -0.0575436 -5.39078 0.738085 0.0497552 0.672871 74.719 
0.669533 -0.0327206 -0.742062 -45.6131 -0.0139716 0.998298 -0.0566251 -5.46683 0.742651 0.0482802 0.667936 75.49 
0.664279 -0.0341698 -0.746703 -46.5042 -0.0127734 0.99829 -0.0570461 -5.54583 0.747376 0.0474325 0.662706 76.2557 
0.659571 -0.0355091 -0.750803 -47.4096 -0.0115848 0.998285 -0.0573908 -5.62022 0.751553 0.0465512 0.658028 77.0194 
0.65508 -0.0363629 -0.754684 -48.3229 -0.0106413 0.998298 -0.0573378 -5.69617 0.755485 0.0455917 0.653578 77.7835 
0.651006 -0.0374005 -0.758151 -49.2378 -0.00924406 0.998321 -0.0571861 -5.77676 0.759016 0.0442369 0.649567 78.5368 
0.647092 -0.0403142 -0.761345 -50.1618 -0.00639047 0.998279 -0.0582916 -5.86017 0.762385 0.0425854 0.645721 79.2925 
0.642883 -0.0449628 -0.764644 -51.0911 -0.00325119 0.998106 -0.0614245 -5.94235 0.765958 0.0419748 0.641519 80.0477 
0.638203 -0.0489236 -0.768312 -52.0203 0.000777199 0.998019 -0.062905 -6.02634 0.769868 0.0395491 0.636977 80.7941 
0.631489 -0.0525317 -0.773604 -52.9622 0.00570893 0.99799 -0.0631086 -6.11206 0.775364 0.035436 0.630519 81.5418 
0.623109 -0.0562046 -0.780113 -53.9157 0.0102839 0.997917 -0.0636825 -6.19971 0.782068 0.0316586 0.622389 82.285 
0.614035 -0.0572851 -0.787197 -54.8886 0.0130001 0.997961 -0.0624822 -6.2847 0.789172 0.0281327 0.613528 83.025 
0.605256 -0.0558956 -0.794066 -55.8831 0.0133926 0.998106 -0.0600502 -6.37183 0.795918 0.0257112 0.604858 83.7552 
0.596194 -0.0555993 -0.800913 -56.882 0.012663 0.998126 -0.0598636 -6.45917 0.80274 0.0255484 0.595781 84.4717 
0.586516 -0.057048 -0.807926 -57.8891 0.0117228 0.99801 -0.0619597 -6.54156 0.809853 0.0268693 0.586018 85.1777 
0.576589 -0.0592757 -0.814881 -58.9086 0.0120928 0.997875 -0.0640304 -6.63025 0.816945 0.0270651 0.576081 85.8665 
0.566539 -0.0610602 -0.82177 -59.9493 0.0126754 0.997779 -0.0653997 -6.72115 0.823938 0.0266352 0.566054 86.5646 
0.556459 -0.0617317 -0.828579 -61.0052 0.0152544 0.997827 -0.0640967 -6.8126 0.830735 0.0230278 0.556191 87.2522 
0.546095 -0.0618137 -0.835439 -62.068 0.0163667 0.997871 -0.0631336 -6.90521 0.837563 0.0208036 0.545944 87.9259 
0.535636 -0.0625592 -0.842129 -63.1327 0.0167312 0.997843 -0.0634848 -6.99848 0.844283 0.019915 0.535527 88.5819 
0.525343 -0.0636996 -0.848503 -64.2031 0.0158398 0.997753 -0.0650972 -7.08688 0.850743 0.0207583 0.525172 89.2216 
0.515133 -0.0642627 -0.854698 -65.2907 0.0144275 0.997694 -0.0663188 -7.18193 0.856989 0.0218319 0.514872 89.8515 
0.505153 -0.0654875 -0.860542 -66.3832 0.0134582 0.997593 -0.068017 -7.2775 0.862925 0.0227777 0.504818 90.4698 
0.495602 -0.0652833 -0.866093 -67.486 0.0122291 0.997597 -0.0681979 -7.37584 0.868464 0.0232076 0.495209 91.0715 
0.486874 -0.0632427 -0.87118 -68.6028 0.0114566 0.997752 -0.0660284 -7.47463 0.873397 0.0221668 0.486504 91.6672 
0.478627 -0.0616993 -0.875848 -69.7275 0.0120871 0.997896 -0.0636918 -7.5728 0.877935 0.0198983 0.478366 92.2633 
0.470793 -0.0619836 -0.880064 -70.8558 0.0122097 0.997891 -0.0637507 -7.67031 0.882159 0.0192681 0.470557 92.8432 
0.463054 -0.0651632 -0.883932 -71.9926 0.0139692 0.997706 -0.0662328 -7.7645 0.88622 0.0183216 0.462902 93.4195 
0.455925 -0.0686431 -0.887367 -73.1348 0.016793 0.997507 -0.0685349 -7.8651 0.88986 0.0163452 0.455941 93.9901 
0.449646 -0.0714812 -0.890342 -74.2866 0.0177309 0.997311 -0.0711146 -7.96712 0.893031 0.0161899 0.449704 94.5511 
0.443941 -0.0751705 -0.892897 -75.4448 0.0198417 0.997055 -0.0740741 -8.07281 0.895836 0.0151679 0.444125 95.1145 
0.439001 -0.0762701 -0.895244 -76.5895 0.0227435 0.997015 -0.0737878 -8.18269 0.898199 0.012032 0.439425 95.6589 
0.434529 -0.0736418 -0.897642 -77.7412 0.0243688 0.997248 -0.070017 -8.29305 0.900328 0.00855003 0.435128 96.2018 
0.430371 -0.0717783 -0.899794 -78.8936 0.0275583 0.997414 -0.0663845 -8.39807 0.902231 0.00377324 0.431236 96.7406 
0.426905 -0.0711353 -0.901494 -80.0398 0.0295205 0.997466 -0.0647288 -8.50572 0.903815 0.00102058 0.427923 97.2658 
0.423695 -0.0711285 -0.903008 -81.1892 0.0312976 0.997466 -0.0638839 -8.60534 0.905264 -0.00119462 0.424848 97.793 
0.420944 -0.070357 -0.904354 -82.3395 0.0331521 0.997515 -0.0621736 -8.70094 0.906481 -0.00380961 0.42223 98.3174 
0.418334 -0.0698356 -0.905605 -83.4792 0.0352261 0.997537 -0.0606527 -8.79588 0.90761 -0.00652775 0.419764 98.8307 
0.416072 -0.0708539 -0.906567 -84.6248 0.0378502 0.997445 -0.0605851 -8.89097 0.908544 -0.00910598 0.41769 99.3397 
0.413483 -0.0717421 -0.907681 -85.7515 0.0410364 0.997346 -0.0601355 -8.9812 0.909587 -0.0123829 0.41533 99.8446 
0.411237 -0.0713103 -0.908735 -86.8817 0.0446286 0.997315 -0.0580652 -9.06961 0.910435 -0.016677 0.413315 100.34 
0.409028 -0.0706695 -0.909781 -87.9991 0.046546 0.997315 -0.0565423 -9.1591 0.911334 -0.0192193 0.411219 100.83 
0.407002 -0.0719237 -0.910591 -89.1001 0.0489508 0.99718 -0.0568837 -9.2503 0.912115 -0.0214223 0.409375 101.312 
0.405706 -0.0733057 -0.911059 -90.1917 0.0503025 0.997059 -0.057825 -9.33826 0.912618 -0.0223685 0.4082 101.783 
0.404915 -0.0745212 -0.911312 -91.2687 0.0504387 0.996976 -0.0591153 -9.42809 0.912962 -0.0220287 0.40745 102.248 
0.405247 -0.0754477 -0.911089 -92.335 0.0497195 0.996933 -0.0604415 -9.51672 0.912854 -0.0208051 0.407756 102.705 
0.407359 -0.0754328 -0.910148 -93.3884 0.0480019 0.996974 -0.0611445 -9.6077 0.912006 -0.018781 0.409747 103.159 
0.411475 -0.0757471 -0.908268 -94.4278 0.0461084 0.996995 -0.062258 -9.69763 0.910254 -0.0162611 0.413731 103.616 
0.416485 -0.0762626 -0.905938 -95.4441 0.0449314 0.996984 -0.0632707 -9.78877 0.908031 -0.0143537 0.418656 104.062 
0.422277 -0.0765255 -0.903231 -96.4666 0.0445632 0.996978 -0.063634 -9.87678 0.905371 -0.0133796 0.424411 104.523 
0.429202 -0.0752905 -0.900065 -97.4774 0.0433435 0.997088 -0.0627379 -9.96605 0.902168 -0.0120847 0.431216 104.985 
0.437248 -0.0742793 -0.896268 -98.4775 0.0422976 0.997179 -0.0620073 -10.052 0.898346 -0.0107974 0.439157 105.451 
0.445988 -0.0740615 -0.891969 -99.4768 0.0421875 0.997202 -0.0617053 -10.1359 0.894044 -0.0101101 0.447865 105.933 
0.455299 -0.073771 -0.887277 -100.465 0.04189 0.997233 -0.0614176 -10.2216 0.889353 -0.00920458 0.45713 106.424 
0.464947 -0.0747456 -0.882178 -101.445 0.0412395 0.997177 -0.0627543 -10.3071 0.884378 -0.00720308 0.466716 106.922 
0.475273 -0.076458 -0.87651 -102.396 0.0402111 0.997064 -0.0651701 -10.3953 0.878919 -0.00427177 0.476952 107.416 
0.486595 -0.0775559 -0.870179 -103.352 0.0387069 0.996988 -0.0672135 -10.481 0.87277 -0.000976129 0.488131 107.933 
0.499169 -0.0757835 -0.863184 -104.307 0.0365269 0.997123 -0.0664197 -10.5693 0.865734 0.0016253 0.500501 108.456 
0.511971 -0.0733877 -0.855862 -105.252 0.0352203 0.997299 -0.064447 -10.6563 0.858281 0.00285128 0.513173 108.997 
0.524109 -0.0707818 -0.848705 -106.173 0.0343904 0.997486 -0.0619527 -10.7431 0.850957 0.00328266 0.525225 109.549 
0.53561 -0.0702306 -0.84154 -107.084 0.0349851 0.997526 -0.0609817 -10.832 0.843741 0.0032211 0.536741 110.116 
0.5471 -0.0708396 -0.834065 -107.978 0.0354723 0.99748 -0.0614511 -10.916 0.836316 0.00403376 0.548234 110.681 
0.557973 -0.0716599 -0.826759 -108.86 0.0353425 0.997413 -0.062599 -10.9976 0.829106 0.0057089 0.559062 111.262 
0.568695 -0.0734005 -0.819267 -109.728 0.0378394 0.997291 -0.063084 -11.0824 0.821677 0.0048751 0.569932 111.854 
0.579199 -0.0732316 -0.811891 -110.583 0.0384233 0.997302 -0.0625446 -11.1661 0.814281 0.00503033 0.58045 112.454 
0.589553 -0.0710192 -0.804601 -111.424 0.0377199 0.997461 -0.0604039 -11.2465 0.806848 0.00526187 0.590735 113.055 
0.59921 -0.0681413 -0.797687 -112.253 0.0381541 0.99767 -0.0565639 -11.3303 0.799682 0.00345867 0.600414 113.668 
0.609048 -0.0664091 -0.790349 -113.061 0.0370848 0.997783 -0.055261 -11.407 0.792266 0.00434676 0.61016 114.279 
0.619141 -0.0660271 -0.782499 -113.859 0.0355767 0.997794 -0.0560441 -11.4817 0.784473 0.00686057 0.620125 114.889 
0.628625 -0.0660523 -0.774898 -114.643 0.0341071 0.99777 -0.0573809 -11.5521 0.77696 0.00964164 0.629476 115.5 
0.637584 -0.0655745 -0.767585 -115.405 0.0343066 0.997799 -0.0567453 -11.6267 0.769617 0.00984672 0.63843 116.127 
0.646573 -0.0637911 -0.760181 -116.158 0.0344491 0.997923 -0.0544407 -11.6981 0.762074 0.00901233 0.647427 116.751 
0.654899 -0.0620405 -0.753166 -116.897 0.0346971 0.998042 -0.0520416 -11.7652 0.754919 0.00794938 0.655769 117.393 
0.663037 -0.0615475 -0.746052 -117.62 0.0351692 0.998075 -0.051083 -11.8332 0.74776 0.00763196 0.663925 118.021 
0.670938 -0.0609418 -0.739005 -118.331 0.0343814 0.998102 -0.0510934 -11.8994 0.740716 0.00887251 0.67176 118.647 
0.678178 -0.0600247 -0.732442 -119.026 0.0339231 0.998153 -0.0503904 -11.9623 0.734114 0.009327 0.678962 119.279 
0.685248 -0.0574311 -0.726042 -119.717 0.0332618 0.998314 -0.0475754 -12.0225 0.72755 0.00845152 0.686003 119.921 
0.692409 -0.0547937 -0.719422 -120.396 0.0324417 0.998468 -0.0448234 -12.0828 0.720776 0.0076969 0.693125 120.568 
0.699511 -0.0534549 -0.71262 -121.067 0.031705 0.998538 -0.0437804 -12.1406 0.713918 0.00803134 0.700183 121.216 
0.706835 -0.0526555 -0.705416 -121.71 0.0310934 0.998575 -0.0433823 -12.1948 0.706695 0.00873039 0.707465 121.859 
0.714446 -0.0497929 -0.697917 -122.346 0.0287067 0.998711 -0.0418666 -12.2503 0.699102 0.00987655 0.714954 122.508 
0.723452 -0.0471771 -0.688761 -122.971 0.0281873 0.998849 -0.0388097 -12.302 0.689799 0.00866264 0.723949 123.158 
0.733126 -0.0432043 -0.678719 -123.577 0.0262474 0.999034 -0.0352427 -12.3507 0.679586 0.00802279 0.733552 123.801 
0.743329 -0.0409757 -0.66767 -124.164 0.0244962 0.99912 -0.0340452 -12.3985 0.668477 0.00895141 0.743679 124.44 
0.753484 -0.0404038 -0.656224 -124.746 0.0233205 0.999124 -0.0347395 -12.4412 0.657053 0.0108722 0.753766 125.095 
0.763665 -0.0415156 -0.644276 -125.342 0.023649 0.999059 -0.0363457 -12.4914 0.645179 0.0125195 0.763929 125.759 
0.77384 -0.0408323 -0.632063 -125.909 0.0234981 0.999084 -0.0357735 -12.5271 0.632945 0.0128308 0.774091 126.44 
0.784301 -0.0389985 -0.619154 -126.437 0.0230341 0.999165 -0.0337562 -12.5729 0.619953 0.0122134 0.784544 127.098 
0.794573 -0.0367222 -0.606057 -126.955 0.0228559 0.999271 -0.0305824 -12.6132 0.606739 0.010448 0.794833 127.763 
0.804396 -0.0355403 -0.593029 -127.464 0.0234368 0.99933 -0.0280999 -12.6489 0.59363 0.00870479 0.804691 128.446 
0.813752 -0.0340281 -0.580215 -127.975 0.0239733 0.9994 -0.0249896 -12.6855 0.580717 0.00642577 0.81408 129.149 
0.822065 -0.0331366 -0.568429 -128.465 0.0246402 0.99944 -0.0226276 -12.7203 0.56886 0.00459522 0.822421 129.846 
0.829497 -0.0336631 -0.557496 -128.959 0.0265016 0.99943 -0.0209168 -12.7483 0.557882 0.00257593 0.829916 130.581 
0.836239 -0.0333911 -0.547348 -129.456 0.0265982 0.999439 -0.0203342 -12.7812 0.54772 0.00244585 0.836658 131.327 
0.843235 -0.0325082 -0.536562 -129.945 0.0257493 0.999467 -0.0200875 -12.8174 0.536929 0.00312242 0.843622 132.06 
0.849987 -0.0306623 -0.52591 -130.404 0.0243187 0.999524 -0.0189712 -12.8472 0.526241 0.00333591 0.850329 132.79 
0.856412 -0.0296678 -0.51544 -130.847 0.0236331 0.999554 -0.0182658 -12.8773 0.515752 0.00346163 0.856731 133.512 
0.862513 -0.0301042 -0.505138 -131.286 0.0242964 0.999541 -0.0180831 -12.9057 0.505451 0.00332396 0.862849 134.24 
0.867803 -0.0314452 -0.495912 -131.735 0.0254399 0.999498 -0.0188594 -12.9332 0.496256 0.0037503 0.868168 134.993 
0.872292 -0.0315503 -0.487967 -132.177 0.0255021 0.999494 -0.0190363 -12.9638 0.48832 0.00416108 0.872655 135.757 
0.875596 -0.0304458 -0.482085 -132.586 0.0248402 0.999529 -0.0180082 -12.9943 0.482406 0.00379287 0.87594 136.519 
0.878667 -0.0284748 -0.476586 -133.014 0.0245916 0.999594 -0.0143846 -13.0206 0.476802 0.000919287 0.87901 137.299 
0.881833 -0.0244976 -0.470926 -133.451 0.0224043 0.999699 -0.0100512 -13.0416 0.47103 -0.00168722 0.882116 138.099 
0.885335 -0.0214921 -0.464456 -133.903 0.0205566 0.999764 -0.00707829 -13.0646 0.464499 -0.00328096 0.885568 138.924 
0.88867 -0.0188288 -0.45816 -134.348 0.0187428 0.999813 -0.0047345 -13.0842 0.458164 -0.00437973 0.888857 139.755 
0.89192 -0.0171715 -0.451867 -134.781 0.0180205 0.999835 -0.00242523 -13.0965 0.451834 -0.0059797 0.892082 140.586 
0.895159 -0.0158381 -0.445466 -135.212 0.017968 0.999838 0.000558226 -13.1053 0.445386 -0.0085038 0.895299 141.448 
0.898463 -0.0160345 -0.438756 -135.639 0.0191427 0.999813 0.00266093 -13.1121 0.438631 -0.0107897 0.898603 142.317 
0.901998 -0.0160967 -0.43144 -136.072 0.0197678 0.999797 0.00402626 -13.1252 0.431288 -0.0121603 0.902133 143.21 
0.90585 -0.0165607 -0.423274 -136.52 0.0202534 0.999786 0.00422739 -13.1287 0.423114 -0.0124021 0.905992 144.125 
0.909789 -0.019203 -0.414626 -136.94 0.0228797 0.999731 0.00390183 -13.1363 0.41444 -0.0130363 0.909983 145.036 
0.913786 -0.0208452 -0.405662 -137.363 0.024075 0.999706 0.00286032 -13.1437 0.405483 -0.01238 0.914019 145.977 
0.918397 -0.0219775 -0.39505 -137.767 0.024391 0.999702 0.00108748 -13.1545 0.394908 -0.0106343 0.918659 146.905 
0.923942 -0.02025 -0.381995 -138.184 0.022139 0.999755 0.000549899 -13.1625 0.38189 -0.008965 0.924164 147.865 
0.930298 -0.0169317 -0.366415 -138.583 0.0189068 0.99982 0.00180196 -13.164 0.366318 -0.00860402 0.93045 148.854 
0.937304 -0.013211 -0.348261 -138.973 0.0160249 0.999858 0.00520012 -13.1733 0.348143 -0.0104549 0.937383 149.847 
0.944285 -0.00966221 -0.328986 -139.334 0.0127698 0.999892 0.00728649 -13.1825 0.32888 -0.0110816 0.944307 150.853 
0.951233 -0.00854801 -0.308356 -139.679 0.0116506 0.999898 0.00822191 -13.1826 0.308254 -0.0114134 0.951236 151.869 
0.957719 -0.00720744 -0.287617 -140.004 0.0105747 0.999893 0.0101556 -13.1814 0.287512 -0.0127676 0.957692 152.91 
0.963835 -0.00654994 -0.266418 -140.311 0.0104348 0.999859 0.0131686 -13.1804 0.266294 -0.0154723 0.963768 153.968 
0.96955 -0.00404014 -0.244859 -140.605 0.00852858 0.999814 0.0172731 -13.1828 0.244743 -0.0188354 0.969405 155.055 
0.974823 -0.00188304 -0.222974 -140.881 0.00692297 0.999738 0.0218235 -13.1732 0.222874 -0.0228177 0.97458 156.175 
0.979661 -0.000117477 -0.200658 -141.179 0.00529179 0.999667 0.0252503 -13.1501 0.200589 -0.0257985 0.979336 157.357 
0.983859 0.00120857 -0.178944 -141.405 0.00340937 0.999669 0.0254967 -13.1356 0.178915 -0.0256952 0.983529 158.5 
0.987572 0.00039494 -0.157168 -141.619 0.00338172 0.999712 0.0237612 -13.1132 0.157132 -0.0239973 0.987286 159.676 
0.990701 0.000359629 -0.13606 -141.855 0.00280383 0.99973 0.0230577 -13.0814 0.136032 -0.0232248 0.990432 160.925 
0.993246 -0.000829231 -0.116026 -142.019 0.00380124 0.99967 0.0253958 -13.068 0.115966 -0.0256653 0.992922 162.138 
0.995356 -0.000189033 -0.0962636 -142.163 0.00284849 0.999618 0.0274897 -13.0586 0.0962216 -0.0276362 0.994976 163.39 
0.997091 0.000302171 -0.0762152 -142.265 0.00189961 0.999583 0.0288144 -13.0394 0.0761921 -0.0288753 0.996675 164.606 
0.998414 0.00182022 -0.0562639 -142.347 -0.000142283 0.999556 0.0298116 -13.0172 0.0562931 -0.0297562 0.997971 165.846 
0.99935 0.00236043 -0.0359766 -142.396 -0.00124721 0.999521 0.0309329 -13.0129 0.0360323 -0.0308678 0.998874 167.195 
0.999868 0.00463885 -0.0155673 -142.434 -0.00415615 0.999514 0.0308955 -12.9978 0.015703 -0.0308267 0.999401 168.567 
0.999974 0.00581185 0.00421732 -142.459 -0.00593658 0.999526 0.0302034 -12.9744 -0.00403983 -0.0302277 0.999535 169.859 
0.999701 0.0057483 0.023777 -142.442 -0.00642008 0.99958 0.0282763 -12.9558 -0.0236045 -0.0284204 0.999317 171.22 
0.999079 0.00774993 0.042206 -142.357 -0.00885644 0.99962 0.0260942 -12.9371 -0.0419878 -0.0264439 0.998768 172.604 
0.998074 0.00789066 0.0615252 -142.311 -0.0094189 0.999653 0.0245897 -12.9167 -0.0613099 -0.0251218 0.997803 174.023 
0.996737 0.00798031 0.0803255 -142.22 -0.00976831 0.999713 0.0218917 -12.9058 -0.0801277 -0.0226049 0.996528 175.406 
0.995083 0.00889166 0.0986428 -142.074 -0.0106186 0.999799 0.0169963 -12.9081 -0.0984719 -0.0179601 0.994978 176.819 
0.993139 0.0103144 0.116487 -141.929 -0.0116281 0.999876 0.0106046 -12.9049 -0.116363 -0.0118863 0.993136 178.205 
0.990901 0.0122796 0.134028 -141.77 -0.013173 0.999897 0.00578083 -12.9027 -0.133943 -0.00749375 0.990961 179.619 
0.98837 0.0142046 0.151403 -141.576 -0.0146428 0.999891 0.00178008 -12.905 -0.151361 -0.00397631 0.988471 181.015 
0.985366 0.0163625 0.169667 -141.392 -0.0165077 0.999864 -0.000554722 -12.9354 -0.169653 -0.00225417 0.985501 182.492 
0.982246 0.0156106 0.186946 -141.156 -0.0158985 0.999874 4.07256e-05 -12.9546 -0.186921 -0.00301212 0.98237 183.873 
0.978945 0.0147082 0.203593 -140.804 -0.0149403 0.999888 -0.000396979 -12.9756 -0.203576 -0.00265308 0.979056 185.4 
0.975393 0.0143901 0.220003 -140.456 -0.0135688 0.999894 -0.00524362 -13.0013 -0.220055 0.00212944 0.975485 186.849 
0.971513 0.0154771 0.236479 -140.146 -0.0136503 0.999863 -0.00935996 -13.0253 -0.236592 0.00586534 0.971591 188.264 
0.967346 0.01789 0.252827 -139.724 -0.0160909 0.999828 -0.00918167 -13.0599 -0.252948 0.00481367 0.967468 189.821 
0.962702 0.0199672 0.269826 -139.295 -0.0180815 0.999792 -0.00947269 -13.098 -0.269959 0.00424057 0.962863 191.328 
0.957601 0.023545 0.287133 -138.845 -0.020901 0.999706 -0.0122703 -13.137 -0.287338 0.0057487 0.957812 192.846 
0.952203 0.0242146 0.304504 -138.346 -0.020269 0.999665 -0.0161124 -13.1772 -0.304792 0.00917036 0.952375 194.436 
0.946528 0.0251822 0.321639 -137.856 -0.0203778 0.999625 -0.0182955 -13.2212 -0.321979 0.010763 0.946686 195.906 
0.94033 0.0253223 0.33932 -137.34 -0.0186648 0.999564 -0.0228696 -13.3122 -0.339751 0.0151717 0.940393 197.452 
0.932957 0.02871 0.358841 -136.844 -0.0197078 0.999393 -0.0287203 -13.3545 -0.359448 0.0197228 0.932957 198.98 
0.924627 0.0317882 0.379545 -136.146 -0.0214096 0.999273 -0.0315355 -13.4732 -0.380271 0.0210328 0.924636 200.539 
0.914225 0.0350915 0.403685 -135.508 -0.0239884 0.999183 -0.0325302 -13.5517 -0.404497 0.0200562 0.91432 202.102 
0.902465 0.0398491 0.428916 -134.797 -0.0276498 0.999017 -0.0346382 -13.6633 -0.429875 0.0194003 0.90268 203.667 
0.889812 0.043664 0.454233 -134.082 -0.0298385 0.998849 -0.0375647 -13.7678 -0.45535 0.0198719 0.890091 205.188 
0.876269 0.0476831 0.479457 -133.301 -0.0323171 0.998667 -0.0402561 -13.89 -0.480737 0.0197805 0.876642 206.768 
0.862787 0.0489272 0.503194 -132.44 -0.0321642 0.998602 -0.0419478 -14.0137 -0.504543 0.0200072 0.863155 208.244 
0.848151 0.050778 0.527315 -131.658 -0.0322713 0.998499 -0.0442445 -14.0975 -0.52877 0.020509 0.848517 209.655 
0.832659 0.0527737 0.551265 -130.823 -0.030727 0.998318 -0.0491592 -14.1823 -0.552933 0.0239941 0.83288 211.138 
0.817435 0.0549532 0.573393 -129.944 -0.0290553 0.998105 -0.0542354 -14.2839 -0.575287 0.0276738 0.817483 212.493 
0.802123 0.0570885 0.594423 -129.025 -0.0284861 0.997945 -0.0574032 -14.3938 -0.596479 0.0291117 0.802101 213.845 
0.787254 0.0584391 0.613853 -128.038 -0.0270586 0.997814 -0.0602901 -14.5248 -0.616034 0.0308537 0.787115 215.137 
0.772376 0.0587174 0.632446 -127.078 -0.0253549 0.997775 -0.0616703 -14.6435 -0.634659 0.0315971 0.772146 216.396 
0.758073 0.0595095 0.649449 -126.048 -0.0241209 0.997705 -0.0632652 -14.7644 -0.651723 0.0322943 0.757769 217.655 
0.744055 0.0596462 0.66545 -124.991 -0.0214229 0.997625 -0.0654665 -14.8997 -0.667774 0.0344549 0.743566 218.879 
0.730169 0.0610097 0.680537 -123.943 -0.0191808 0.997443 -0.0688404 -15.0182 -0.682997 0.037212 0.729473 220.057 
0.716324 0.0626268 0.694952 -122.865 -0.0163744 0.997199 -0.0729863 -15.1453 -0.697576 0.0409024 0.715343 221.202 
0.702323 0.0640431 0.708972 -121.73 -0.0151205 0.997062 -0.0750882 -15.3045 -0.711698 0.0420162 0.701228 222.354 
0.687904 0.0649998 0.722886 -120.57 -0.0147337 0.997027 -0.0756291 -15.4557 -0.725653 0.0413747 0.686816 223.483 
0.672559 0.0662595 0.737072 -119.426 -0.0154917 0.997026 -0.0754924 -15.5921 -0.739882 0.0393546 0.671585 224.562 
0.656435 0.0674958 0.751357 -118.242 -0.0180331 0.997109 -0.0738171 -15.7392 -0.754167 0.0349069 0.655754 225.63 
0.639668 0.0682331 0.765617 -117.047 -0.0202305 0.997202 -0.0719697 -15.8839 -0.768386 0.0305479 0.639258 226.685 
0.622675 0.0704015 0.779307 -115.842 -0.0235505 0.997179 -0.0712665 -16.0246 -0.782126 0.0260229 0.622577 227.705 
0.605701 0.0735888 0.792282 -114.656 -0.0247499 0.996975 -0.0736797 -16.1632 -0.795307 0.025019 0.60569 228.662 
0.588657 0.0772031 0.804688 -113.442 -0.0272463 0.996758 -0.075699 -16.3075 -0.807924 0.022636 0.588852 229.599 
0.570192 0.0773598 0.817861 -112.216 -0.0275592 0.996797 -0.0750713 -16.4497 -0.821049 0.0202655 0.570498 230.506 
0.550562 0.0764441 0.831287 -110.967 -0.0284556 0.996938 -0.0728309 -16.587 -0.834309 0.0164432 0.551052 231.379 
0.530363 0.0747126 0.844472 -109.692 -0.0287991 0.997122 -0.0701309 -16.7238 -0.847282 0.0128748 0.530988 232.222 
0.509783 0.0734123 0.857165 -108.445 -0.029619 0.99726 -0.0677954 -16.859 -0.859793 0.00917257 0.51056 233.011 
0.489472 0.0723728 0.86901 -107.182 -0.0291238 0.997351 -0.0666571 -16.9913 -0.871532 0.00731797 0.490284 233.759 
0.468905 0.0721476 0.880297 -105.896 -0.0289092 0.997378 -0.0663443 -17.1173 -0.882776 0.00566051 0.469761 234.495 
0.449079 0.0711687 0.890653 -104.651 -0.026498 0.997445 -0.0663413 -17.2385 -0.893099 0.00619193 0.449817 235.15 
0.428914 0.0714431 0.900516 -103.369 -0.0244661 0.997421 -0.0674779 -17.365 -0.903014 0.00691013 0.429556 235.795 
0.40941 0.0705417 0.909619 -102.084 -0.020594 0.997467 -0.0680852 -17.4837 -0.912118 0.0091421 0.409826 236.382 
0.389152 0.0685912 0.918616 -100.794 -0.018992 0.997609 -0.0664438 -17.6085 -0.920978 0.00841038 0.389524 236.959 
0.369196 0.0683972 0.926831 -99.4793 -0.0185217 0.997632 -0.066244 -17.7373 -0.929167 0.00729049 0.369588 237.523 
0.349438 0.0731434 0.9341 -98.182 -0.0194083 0.997299 -0.0708316 -17.8663 -0.936759 0.00662188 0.349913 238.057 
0.330342 0.082464 0.940252 -96.8491 -0.0207124 0.99657 -0.0801263 -17.9954 -0.943634 0.00699413 0.330917 238.573 
0.311076 0.0903608 0.94608 -95.5612 -0.023411 0.995896 -0.0874212 -18.1321 -0.950097 0.00504603 0.311915 239.043 
0.291729 0.0946222 0.951809 -94.2724 -0.0261532 0.995512 -0.0909508 -18.2714 -0.956144 0.00164005 0.292894 239.482 
0.272376 0.0960402 0.957386 -92.9917 -0.0291589 0.995373 -0.0915551 -18.419 -0.961749 -0.00297893 0.273916 239.887 
0.252612 0.0965272 0.962741 -91.7007 -0.0330487 0.995291 -0.0911192 -18.5606 -0.967003 -0.00879946 0.254613 240.275 
0.233536 0.0968665 0.967511 -90.4481 -0.0348223 0.99522 -0.0912354 -18.7025 -0.971724 -0.0123842 0.235793 240.62 
0.214502 0.09539 0.972054 -89.1896 -0.035083 0.99533 -0.0899323 -18.841 -0.976093 -0.0148119 0.216847 240.942 
0.196001 0.0955504 0.975937 -87.9508 -0.0352015 0.995286 -0.0903751 -18.9735 -0.979972 -0.0166408 0.198441 241.228 
0.17782 0.0962732 0.979342 -86.7153 -0.0344985 0.995201 -0.0915682 -19.1078 -0.983458 -0.0175031 0.180288 241.483 
0.158871 0.100029 0.982219 -85.4749 -0.038424 0.994727 -0.0950879 -19.2406 -0.986551 -0.0226341 0.161877 241.731 
0.140269 0.101857 0.98486 -84.2205 -0.0387574 0.994497 -0.0973332 -19.3819 -0.989355 -0.0245178 0.143445 241.959 
0.1234 0.0989155 0.987415 -82.9693 -0.0391259 0.994731 -0.0947587 -19.5279 -0.991585 -0.0269402 0.12662 242.147 
0.107855 0.0944965 0.989666 -81.7343 -0.036763 0.995171 -0.0910157 -19.6634 -0.993487 -0.0265666 0.110808 242.313 
0.093703 0.090447 0.991483 -80.5352 -0.0367831 0.9955 -0.0873371 -19.7919 -0.994921 -0.0282861 0.0966082 242.452 
0.0809771 0.0870259 0.99291 -79.3423 -0.0347873 0.995821 -0.084444 -19.9186 -0.996109 -0.0277026 0.0836661 242.575 
0.0703219 0.0872168 0.993704 -78.1758 -0.0345648 0.995785 -0.0849533 -20.0414 -0.996925 -0.0283731 0.0730402 242.689 
0.0615328 0.0895931 0.994076 -77.0097 -0.0348082 0.99555 -0.0875713 -20.1655 -0.997498 -0.0292135 0.0643776 242.796 
0.0544854 0.0913423 0.994328 -75.8667 -0.0360836 0.995337 -0.0894577 -20.2863 -0.997862 -0.0310048 0.0575273 242.892 
0.0485112 0.0954275 0.994254 -74.7429 -0.0368154 0.99492 -0.0936951 -20.4143 -0.998144 -0.0320585 0.051778 242.974 
0.0429314 0.104056 0.993645 -73.6309 -0.0363155 0.994067 -0.102531 -20.5441 -0.998418 -0.0316829 0.0464555 243.05 
0.0378111 0.106775 0.993564 -72.5309 -0.0384569 0.993694 -0.105326 -20.6692 -0.998545 -0.034227 0.0416789 243.126 
0.0340684 0.0983504 0.994569 -71.4256 -0.03732 0.994577 -0.0970728 -20.7967 -0.998723 -0.0338102 0.0375541 243.188 
0.0314986 0.0886793 0.995562 -70.323 -0.0362648 0.995502 -0.0875265 -20.9156 -0.998846 -0.0333469 0.0345728 243.249 
0.0301656 0.0851151 0.995914 -69.2357 -0.0356221 0.995826 -0.0840286 -21.0255 -0.99891 -0.0329418 0.0330717 243.304 
0.0298662 0.0871589 0.995747 -68.1615 -0.0366683 0.995616 -0.0860476 -21.135 -0.998881 -0.0339424 0.0329312 243.365 
0.0301579 0.0901996 0.995467 -67.1043 -0.0362902 0.995362 -0.0890907 -21.245 -0.998886 -0.0334389 0.0332914 243.422 
0.031639 0.0927571 0.995186 -66.0501 -0.0386561 0.995053 -0.0915157 -21.3554 -0.998752 -0.0355745 0.0350681 243.486 
0.0334059 0.0937065 0.995039 -65.0046 -0.0409229 0.994888 -0.0923184 -21.4647 -0.998604 -0.0376359 0.0370698 243.55 
0.0363217 0.0953349 0.994782 -63.9752 -0.041887 0.99471 -0.0937985 -21.5734 -0.998462 -0.0382615 0.0401228 243.615 
0.0399227 0.0963374 0.994548 -62.9589 -0.0441263 0.99454 -0.0945653 -21.6851 -0.998228 -0.0401105 0.0439557 243.683 
0.0442288 0.0974814 0.994254 -61.9406 -0.0453636 0.994397 -0.0954775 -21.7948 -0.997991 -0.0408801 0.0484031 243.762 
0.0504434 0.0965423 0.99405 -60.9316 -0.0460964 0.994481 -0.0942449 -21.904 -0.997663 -0.0410681 0.0546153 243.839 
0.0570704 0.0950109 0.993839 -59.9234 -0.044877 0.994699 -0.0925161 -22.0157 -0.997361 -0.0393206 0.0610316 243.918 
0.0643599 0.0942535 0.993466 -58.9267 -0.042947 0.994869 -0.0916043 -22.1222 -0.997002 -0.0367707 0.0680776 244 
0.0715004 0.0951285 0.992894 -57.9385 -0.0417305 0.994855 -0.0923113 -22.2277 -0.996567 -0.0348336 0.0751023 244.095 
0.0782718 0.0949403 0.992401 -56.9477 -0.0423847 0.994872 -0.0918337 -22.3336 -0.996031 -0.0348747 0.0818945 244.199 
0.0846004 0.0939444 0.991976 -55.961 -0.0435044 0.994944 -0.0905151 -22.4358 -0.995465 -0.0354977 0.0882597 244.315 
0.0911343 0.0917845 0.9916 -54.968 -0.0441574 0.995137 -0.0880535 -22.5407 -0.994859 -0.0357618 0.094744 244.433 
0.0975635 0.090193 0.991134 -53.9876 -0.0441318 0.995298 -0.0862277 -22.6415 -0.99425 -0.0353279 0.101085 244.556 
0.104122 0.0907062 0.99042 -53.0143 -0.0443212 0.995266 -0.0864906 -22.7416 -0.993577 -0.034891 0.107649 244.685 
0.110671 0.0929144 0.989504 -52.0459 -0.0439112 0.995105 -0.088529 -22.8399 -0.992887 -0.0336527 0.11421 244.82 
0.117067 0.094275 0.988639 -51.0802 -0.0438708 0.995003 -0.0896869 -22.9383 -0.992155 -0.032873 0.120618 244.958 
0.122955 0.0961292 0.987746 -50.1217 -0.0457052 0.99479 -0.0911253 -23.0395 -0.991359 -0.0339408 0.126708 245.11 
0.129359 0.0968392 0.986858 -49.1655 -0.0477145 0.994675 -0.0913518 -23.1378 -0.990449 -0.0352703 0.13329 245.262 
0.135758 0.0965669 0.986025 -48.1986 -0.0484937 0.994693 -0.0907391 -23.2392 -0.989555 -0.0354975 0.13972 245.428 
0.141859 0.0943239 0.985383 -47.2422 -0.0494344 0.994883 -0.0881165 -23.3396 -0.988652 -0.0362117 0.145796 245.593 
0.148098 0.0927124 0.984617 -46.2885 -0.0494083 0.995047 -0.0862628 -23.438 -0.987738 -0.035873 0.151945 245.76 
0.154416 0.0919676 0.983716 -45.3418 -0.0493356 0.995134 -0.0852907 -23.5349 -0.986773 -0.035362 0.158202 245.933 
0.161441 0.0931618 0.982475 -44.3974 -0.0492531 0.995054 -0.0862612 -23.6292 -0.985653 -0.0344639 0.165231 246.107 
0.168582 0.0932179 0.98127 -43.4595 -0.0467721 0.995153 -0.0865013 -23.7256 -0.984577 -0.0313135 0.172125 246.288 
