1 2.12261e-08 -2.11895e-08 0 2.12261e-08 1 2.10703e-08 0 -2.11895e-08 2.10703e-08 1 0 
0.999874 0.00158988 0.0157997 0.00959221 -0.00157613 0.999998 -0.000880119 -0.00395275 -0.0158012 0.000855148 0.999875 0.12006 
0.999295 0.00456744 0.0372702 0.0268146 -0.00455256 0.99999 -0.00048301 -0.00655767 -0.0372721 0.000313036 0.999305 0.256442 
0.997903 0.00628461 0.0644211 0.0599745 -0.00634676 0.99998 0.000760852 -0.00337793 -0.0644151 -0.00116808 0.997923 0.412801 
0.995128 0.00584524 0.0984203 0.107257 -0.0061779 0.999976 0.003076 -0.00659221 -0.0984 -0.00366901 0.99514 0.570281 
0.990653 0.00295335 0.136372 0.179147 -0.00367302 0.999981 0.00502629 -0.000826917 -0.136354 -0.00548017 0.990645 0.738844 
0.984367 -0.000217721 0.176128 0.251039 -0.000743072 0.999985 0.00538937 0.00144446 -0.176127 -0.00543595 0.984353 0.917891 
0.975513 -4.00267e-05 0.21994 0.340379 -0.00144308 0.999977 0.0065828 -0.00040545 -0.219935 -0.00673896 0.975491 1.10572 
0.963371 0.000257571 0.268173 0.437129 -0.00285235 0.999953 0.00928641 0.00333515 -0.268158 -0.00971115 0.963326 1.30447 
0.948807 -0.0036846 0.315835 0.537878 -0.00164374 0.999861 0.0166027 -0.000748871 -0.315853 -0.0162719 0.948669 1.49512 
0.931754 -0.0132948 0.362847 0.657276 0.00467672 0.999686 0.0246195 -0.0121687 -0.363061 -0.0212424 0.931523 1.6783 
0.910215 -0.0184697 0.413724 0.790567 0.00715085 0.999557 0.0288907 -0.0137481 -0.414074 -0.0233382 0.909944 1.87471 
0.884585 -0.0199932 0.46595 0.921368 0.00520679 0.999442 0.0329997 -0.0191554 -0.46635 -0.0267649 0.884195 2.06081 
0.855969 -0.0222268 0.516549 1.09188 0.00330584 0.99929 0.0375209 -0.0177675 -0.517017 -0.0304091 0.855435 2.26561 
0.823237 -0.0271097 0.56705 1.24873 0.00410978 0.999118 0.0417997 -0.01631 -0.567683 -0.0320806 0.822622 2.43993 
0.786652 -0.0323444 0.616548 1.42891 0.00574462 0.998967 0.0450768 -0.0110406 -0.61737 -0.0319179 0.786026 2.61972 
0.747919 -0.0363662 0.662793 1.63369 0.00635281 0.998845 0.047636 -0.00871671 -0.66376 -0.0314173 0.747286 2.81184 
0.707114 -0.0391274 0.706016 1.86682 0.00704442 0.998808 0.0482987 0.00912648 -0.707064 -0.0291792 0.706547 3.01325 
0.664407 -0.0409738 0.746247 2.12863 0.00605671 0.998758 0.0494459 0.0197934 -0.747346 -0.0283324 0.66383 3.21156 
0.620794 -0.0409642 0.782903 2.41988 0.000885923 0.99867 0.0515515 0.0297398 -0.783973 -0.0313092 0.620005 3.42244 
0.577952 -0.0417772 0.815 2.73782 -0.00234944 0.998599 0.0528547 0.03694 -0.816067 -0.0324623 0.577045 3.64192 
0.537088 -0.0428801 0.842436 3.09773 -0.00433195 0.998554 0.0535884 0.0538518 -0.843515 -0.032431 0.536125 3.84768 
0.497858 -0.0450316 0.866089 3.49258 -0.00581823 0.998455 0.0552585 0.0707505 -0.867239 -0.0325499 0.496827 4.05061 
0.459873 -0.0446543 0.886861 3.90361 -0.00887771 0.998454 0.0548766 0.0914232 -0.88794 -0.0331095 0.458765 4.25124 
0.423011 -0.0439155 0.90506 4.3411 -0.00981931 0.998544 0.053041 0.110189 -0.906071 -0.031324 0.421964 4.43824 
0.388945 -0.0424552 0.920282 4.81299 -0.00868604 0.998724 0.049745 0.132449 -0.92122 -0.0273417 0.38808 4.62636 
0.358899 -0.040525 0.932496 5.32097 -0.0063777 0.998927 0.0458667 0.157847 -0.933355 -0.0224087 0.358256 4.80942 
0.333337 -0.0386176 0.942017 5.85895 -0.00519055 0.999071 0.0427933 0.181852 -0.942794 -0.0191542 0.332826 4.98955 
0.313119 -0.0379552 0.948955 6.42632 -0.00378469 0.999143 0.0412114 0.20822 -0.949706 -0.0164956 0.312707 5.16917 
0.298286 -0.0384848 0.953701 7.02491 -0.00272714 0.999148 0.0411717 0.231918 -0.954473 -0.0148818 0.297927 5.3589 
0.286899 -0.0399673 0.957127 7.64113 -0.00169568 0.999107 0.0422286 0.253984 -0.957959 -0.0137383 0.286575 5.54104 
0.27605 -0.0417124 0.960238 8.2942 -0.00285915 0.999018 0.044219 0.280216 -0.961139 -0.0149521 0.27566 5.73405 
0.265319 -0.0435167 0.963178 8.9687 -0.00420134 0.998919 0.0462889 0.305887 -0.964152 -0.016328 0.264849 5.93169 
0.255237 -0.045227 0.96582 9.66871 -0.00517305 0.998827 0.0481398 0.333635 -0.966865 -0.0172833 0.254704 6.12332 
0.245237 -0.0469184 0.968327 10.3895 -0.00589123 0.998738 0.0498839 0.367314 -0.969445 -0.017938 0.244651 6.30917 
0.234752 -0.0485163 0.970844 11.1435 -0.00589381 0.998664 0.0513317 0.397755 -0.972038 -0.0177722 0.234152 6.5017 
0.224332 -0.0495832 0.973251 11.9062 -0.00615676 0.998613 0.0522944 0.433271 -0.974493 -0.0177234 0.223715 6.68653 
0.213815 -0.0524698 0.975464 12.6838 -0.00758675 0.998437 0.0553685 0.465591 -0.976845 -0.0192392 0.213083 6.86428 
0.202502 -0.0559471 0.977683 13.4806 -0.00919619 0.998214 0.0590268 0.50514 -0.979239 -0.020944 0.201625 7.0397 
0.190317 -0.059742 0.979903 14.2758 -0.00998906 0.997977 0.062784 0.542078 -0.981672 -0.0217372 0.189335 7.20372 
0.177557 -0.0618887 0.982163 15.0777 -0.0107142 0.99784 0.0648135 0.580505 -0.984052 -0.0220312 0.176511 7.35267 
0.163425 -0.0623983 0.984581 15.8874 -0.0109926 0.997821 0.0650621 0.619358 -0.986495 -0.0214558 0.162383 7.497 
0.148833 -0.0612478 0.986964 16.701 -0.0123818 0.997886 0.0637928 0.659197 -0.988785 -0.0217149 0.14776 7.63276 
0.132078 -0.0600305 0.98942 17.5195 -0.0130114 0.997974 0.0622865 0.6985 -0.991154 -0.0211004 0.131029 7.754 
0.111536 -0.0583345 0.992047 18.344 -0.0155432 0.998051 0.0604351 0.736748 -0.993639 -0.0221603 0.110412 7.85852 
0.0856926 -0.0570865 0.994685 19.1758 -0.0200331 0.998057 0.059006 0.770396 -0.99612 -0.024983 0.0843825 7.9449 
0.0548744 -0.0566071 0.996887 20.0157 -0.0241018 0.998026 0.0579985 0.805054 -0.998202 -0.0272094 0.0534017 8.00576 
0.0215085 -0.0563834 0.998178 20.847 -0.0271849 0.998006 0.0569596 0.838223 -0.999399 -0.0283604 0.0199328 8.02963 
-0.0132365 -0.0557355 0.998358 21.6913 -0.0289418 0.998048 0.0553346 0.86854 -0.999493 -0.0281618 -0.0148238 8.02554 
-0.0473965 -0.0544411 0.997392 22.5341 -0.029788 0.998147 0.0530669 0.898471 -0.998432 -0.0271951 -0.0489304 7.99104 
-0.0803322 -0.0524516 0.995387 23.3722 -0.0314143 0.998252 0.0500673 0.924558 -0.996273 -0.0272474 -0.0818395 7.92766 
-0.112927 -0.0496187 0.992364 24.216 -0.0338033 0.998366 0.0460722 0.947965 -0.993028 -0.0283423 -0.11442 7.84106 
-0.145443 -0.0451432 0.988336 25.0498 -0.031002 0.998676 0.0410533 0.96745 -0.988881 -0.0246695 -0.14665 7.71879 
-0.17697 -0.0391882 0.983436 25.8746 -0.0255191 0.999054 0.0352184 0.982622 -0.983885 -0.0188638 -0.177803 7.56502 
-0.20733 -0.0329451 0.977716 26.6987 -0.0192536 0.999377 0.0295922 0.991679 -0.978082 -0.0126892 -0.207835 7.38588 
-0.23612 -0.027071 0.971347 27.5132 -0.0128808 0.999611 0.0247276 0.998127 -0.971639 -0.006673 -0.236377 7.17935 
-0.263982 -0.0210956 0.964297 28.3232 -0.0044671 0.999777 0.0206489 0.996797 -0.964517 0.00114333 -0.264017 6.95376 
-0.289988 -0.0106409 0.956971 29.1221 0.00152333 0.999932 0.0115802 0.98917 -0.957029 0.00481591 -0.289952 6.70575 
-0.314975 0.00491522 0.949087 29.9136 0.00648854 0.999974 -0.00302536 0.974523 -0.949078 0.00520527 -0.314999 6.43024 
-0.339705 0.0222564 0.940269 30.6876 0.00730854 0.999752 -0.0210239 0.955222 -0.940504 -0.000269936 -0.339783 6.15407 
-0.36475 0.0371295 0.930365 31.4466 0.00797473 0.999293 -0.0367537 0.920548 -0.931071 -0.00598652 -0.364788 5.86071 
-0.389053 0.0476063 0.919984 32.2005 0.011809 0.99884 -0.0466929 0.87742 -0.92114 -0.00730191 -0.389164 5.54391 
-0.412249 0.0515964 0.909609 32.9548 0.0148569 0.998643 -0.0499134 0.824831 -0.91095 -0.00706281 -0.412456 5.19844 
-0.434738 0.0513516 0.899092 33.6889 0.0182561 0.99867 -0.0482116 0.775203 -0.900372 -0.00454548 -0.435097 4.84658 
-0.454644 0.0471178 0.889426 34.4247 0.0217678 0.998889 -0.0417897 0.721912 -0.890407 0.000361457 -0.455164 4.46879 
-0.472232 0.0459666 0.880275 35.1406 0.0294104 0.998905 -0.0363837 0.674089 -0.880983 0.00870765 -0.473067 4.07592 
-0.485747 0.0464279 0.872865 35.8486 0.0315799 0.998869 -0.0355559 0.625586 -0.873529 0.0102938 -0.486664 3.67999 
-0.49665 0.0506062 0.866475 36.5451 0.0358327 0.998643 -0.0377867 0.578344 -0.867211 0.0122813 -0.497789 3.28383 
-0.506341 0.0529701 0.860705 37.2397 0.0361664 0.998538 -0.0401765 0.533629 -0.861575 0.0107856 -0.507517 2.87434 
-0.517062 0.0522565 0.854351 37.924 0.0301815 0.998627 -0.042815 0.485031 -0.855416 0.00364757 -0.51793 2.47974 
-0.527935 0.0508859 0.847759 38.6065 0.0295417 0.9987 -0.0415492 0.43764 -0.848771 0.00310895 -0.528752 2.06374 
-0.536562 0.0521206 0.84225 39.2871 0.0313759 0.998633 -0.0418098 0.390268 -0.843278 0.0039928 -0.537463 1.63725 
-0.543794 0.0551012 0.837408 39.9681 0.034365 0.998467 -0.043383 0.343089 -0.838515 0.00518606 -0.544854 1.20239 
-0.547419 0.057982 0.834848 40.6624 0.0353163 0.998309 -0.0461774 0.300245 -0.836113 0.00420528 -0.548541 0.765911 
-0.547072 0.0601589 0.834921 41.3757 0.0347165 0.998187 -0.0491751 0.258944 -0.836365 0.0020832 -0.548169 0.309976 
-0.543696 0.0604721 0.837101 42.1054 0.0368426 0.998159 -0.0481776 0.208526 -0.838473 0.00464702 -0.544923 -0.155971 
-0.537907 0.0592978 0.840916 42.8564 0.0348812 0.998234 -0.0480789 0.156429 -0.842282 0.00347015 -0.539026 -0.616281 
-0.53105 0.057989 0.845354 43.6278 0.0324311 0.998316 -0.0481085 0.108236 -0.84672 0.00186776 -0.532036 -1.0782 
-0.523796 0.0576371 0.849892 44.4185 0.0305654 0.998338 -0.0488664 0.0578821 -0.851295 0.00038129 -0.524687 -1.55191 
-0.517471 0.0561452 0.853857 45.2188 0.0277627 0.998421 -0.0488257 0.00212256 -0.85525 -0.00156058 -0.518213 -2.01478 
-0.513167 0.0538022 0.856601 46.0426 0.0231805 0.998538 -0.0488302 -0.0505289 -0.857976 -0.00520162 -0.513664 -2.48444 
-0.511972 0.0511328 0.857479 46.8809 0.0189043 0.998656 -0.0482642 -0.105342 -0.858794 -0.0084999 -0.51225 -2.955 
-0.512478 0.0485946 0.857325 47.7268 0.0155613 0.998759 -0.0473093 -0.159956 -0.85856 -0.0109039 -0.512598 -3.43405 
-0.513517 0.0474365 0.856767 48.5838 0.01458 0.998809 -0.0465621 -0.220062 -0.857955 -0.0114188 -0.513597 -3.92522 
-0.514243 0.046552 0.85638 49.4441 0.0145112 0.998855 -0.0455831 -0.27887 -0.857522 -0.0110137 -0.51433 -4.41536 
-0.514959 0.0461569 0.855972 50.3149 0.0142958 0.998873 -0.0452621 -0.331997 -0.857096 -0.0110714 -0.515038 -4.90301 
-0.515742 0.0451404 0.855554 51.2144 0.0143423 0.998926 -0.0440591 -0.395151 -0.856624 -0.0104525 -0.515835 -5.38815 
-0.515954 0.0447569 0.855446 52.112 0.0140193 0.998942 -0.0438089 -0.458216 -0.856502 -0.0106106 -0.516035 -5.9145 
-0.516324 0.0432326 0.855302 53.0166 0.0122504 0.998996 -0.0431005 -0.515726 -0.856306 -0.011776 -0.516335 -6.43488 
-0.516766 0.0423782 0.855077 53.9158 0.0112327 0.999024 -0.0427237 -0.578553 -0.856053 -0.0124733 -0.516737 -6.94398 
-0.516368 0.0417191 0.85535 54.8012 0.00989096 0.999037 -0.0427562 -0.637506 -0.85631 -0.0136177 -0.516283 -7.45313 
-0.515352 0.0400784 0.856041 55.6852 0.00958033 0.999113 -0.0410092 -0.69998 -0.856925 -0.012933 -0.515279 -7.9581 
-0.513523 0.0382054 0.857225 56.5825 0.00978837 0.999204 -0.0386695 -0.755081 -0.85802 -0.0114669 -0.513488 -8.46883 
-0.511558 0.0367586 0.858462 57.4627 0.0100518 0.999272 -0.0367981 -0.813499 -0.85919 -0.0101953 -0.511555 -8.96114 
-0.509761 0.036461 0.859543 58.3601 0.0102075 0.999288 -0.0363352 -0.872925 -0.860255 -0.00974852 -0.50977 -9.44777 
-0.508217 0.0366584 0.860449 59.2448 0.0103199 0.999281 -0.0364779 -0.929456 -0.861167 -0.00965896 -0.50823 -9.94125 
-0.507874 0.0371227 0.860631 60.1289 0.00996442 0.999257 -0.037222 -0.985329 -0.861374 -0.0103284 -0.507867 -10.4306 
-0.509069 0.0383794 0.85987 61.0124 0.00926773 0.999192 -0.0391111 -1.04411 -0.860676 -0.0119412 -0.509013 -10.9253 
-0.512168 0.0401754 0.857945 61.8874 0.00799219 0.999085 -0.0420135 -1.10175 -0.858848 -0.0146611 -0.51202 -11.4244 
-0.517026 0.0407784 0.854998 62.7895 0.00687998 0.99903 -0.0434874 -1.16144 -0.855942 -0.0166018 -0.516805 -11.9258 
-0.522506 0.0394945 0.85172 63.6586 0.00827371 0.999114 -0.0412535 -1.22071 -0.852595 -0.0145083 -0.522371 -12.4383 
-0.527949 0.0371812 0.848462 64.5194 0.00948136 0.999237 -0.0378888 -1.28219 -0.849223 -0.0119588 -0.527898 -12.9597 
-0.533799 0.0346291 0.844902 65.399 0.00625561 0.999296 -0.0370048 -1.33932 -0.845588 -0.0144678 -0.53364 -13.4691 
-0.538788 0.0378937 0.841589 66.2416 0.00837998 0.99918 -0.0396246 -1.39588 -0.842399 -0.0142968 -0.538664 -13.9937 
-0.543748 0.0395708 0.838316 67.0745 0.00889222 0.999103 -0.0413927 -1.45155 -0.839202 -0.0150527 -0.543612 -14.5198 
-0.54818 0.0407113 0.835369 67.9095 0.00789448 0.999022 -0.0435064 -1.50754 -0.836323 -0.0172545 -0.547966 -15.0448 
-0.551945 0.0407771 0.832883 68.7411 0.00651312 0.998984 -0.044593 -1.56733 -0.833855 -0.0191882 -0.55165 -15.5747 
-0.555143 0.0402111 0.830783 69.56 0.00765158 0.999035 -0.0432418 -1.62633 -0.83172 -0.0176486 -0.554915 -16.1048 
-0.557522 0.0337219 0.829477 70.3803 0.00851577 0.999354 -0.0349043 -1.67773 -0.830119 -0.0123963 -0.557449 -16.6389 
-0.559616 0.0250668 0.828373 71.1981 0.00811995 0.99966 -0.0247644 -1.73198 -0.828713 -0.00713221 -0.559629 -17.174 
-0.560995 0.0237431 0.827479 72.0067 0.00932826 0.999706 -0.0223606 -1.77784 -0.827767 -0.00482528 -0.561052 -17.7046 
-0.562203 0.02811 0.826522 72.8054 0.00880727 0.999569 -0.0280046 -1.81592 -0.826953 -0.00846485 -0.562208 -18.2284 
-0.563295 0.034619 0.825531 73.6014 0.0106167 0.999343 -0.0346636 -1.85996 -0.826188 -0.0107615 -0.563292 -18.7555 
-0.563703 0.0383909 0.825085 74.3975 0.0156804 0.999237 -0.0357812 -1.90392 -0.825829 -0.00723232 -0.563875 -19.2894 
-0.563462 0.0398141 0.825182 75.1874 0.0190489 0.999199 -0.035203 -1.95326 -0.825922 -0.00411678 -0.563769 -19.8224 
-0.562991 0.0364016 0.825661 75.9783 0.0176251 0.999331 -0.0320404 -2.00265 -0.826275 -0.0034861 -0.563256 -20.3443 
-0.562311 0.0316964 0.826318 76.7724 0.0164877 0.999496 -0.0271193 -2.04561 -0.826761 -0.00162544 -0.562551 -20.8668 
-0.561642 0.0250699 0.827 77.5685 0.0130714 0.999685 -0.0214275 -2.08714 -0.827277 -0.00122454 -0.561793 -21.3818 
-0.561209 0.0194157 0.827446 78.3645 0.00446894 0.999781 -0.0204284 -2.12667 -0.827662 -0.00776683 -0.561173 -21.8853 
-0.559709 0.0142458 0.828567 79.1647 -0.00298328 0.999811 -0.0192053 -2.1589 -0.828684 -0.0132212 -0.55956 -22.3878 
-0.557638 0.0151742 0.829946 79.9556 0.000445293 0.999838 -0.0179812 -2.19449 -0.830084 -0.00965745 -0.557554 -22.9026 
-0.554577 0.0183164 0.831931 80.74 0.00430934 0.999808 -0.0191399 -2.2331 -0.832122 -0.00702944 -0.554549 -23.4117 
-0.549297 0.0217092 0.835345 81.532 0.00670376 0.999745 -0.0215734 -2.26618 -0.8356 -0.00625029 -0.549302 -23.915 
-0.541395 0.0240454 0.840424 82.3235 0.0118685 0.99971 -0.020957 -2.30285 -0.840685 -0.00137146 -0.541523 -24.4182 
-0.533291 0.0274288 0.845487 83.1181 0.0192425 0.999609 -0.0202915 -2.3424 -0.845713 0.00544803 -0.53361 -24.9114 
-0.523627 0.0264885 0.851536 83.9234 0.0161864 0.999645 -0.0211423 -2.37255 -0.851794 0.00271257 -0.52387 -25.387 
-0.512639 0.0243318 0.85826 84.7351 0.0138428 0.999703 -0.0200734 -2.40371 -0.858493 0.00159026 -0.512823 -25.8517 
-0.50115 0.0209992 0.865106 85.5474 0.0139922 0.999772 -0.0161624 -2.43941 -0.865247 0.00400491 -0.501329 -26.3036 
-0.490271 0.0202207 0.871336 86.3626 0.0136134 0.999787 -0.0155418 -2.47613 -0.871464 0.00424211 -0.490441 -26.7412 
-0.478448 0.0195113 0.877899 87.1873 0.0140704 0.999795 -0.0145522 -2.50449 -0.878003 0.00538993 -0.478625 -27.1685 
-0.466735 0.0205081 0.884159 88.0166 0.0154633 0.999768 -0.0150267 -2.53762 -0.884262 0.00665851 -0.466944 -27.5859 
-0.454893 0.0242328 0.890217 88.8477 0.0150964 0.999696 -0.0194988 -2.57636 -0.890418 0.00456922 -0.45512 -27.9905 
-0.443525 0.0336326 0.895631 89.6727 0.0178053 0.999429 -0.0287131 -2.60982 -0.896085 0.00321198 -0.44387 -28.3835 
-0.430859 0.0381736 0.901612 90.5056 0.0173334 0.999271 -0.0340251 -2.64708 -0.902253 0.000967963 -0.431207 -28.7634 
-0.419661 0.0347194 0.907017 91.3516 0.0157526 0.999396 -0.0309671 -2.69318 -0.907544 0.00129212 -0.419955 -29.1314 
-0.408218 0.0310711 0.912356 92.1971 0.0143776 0.999516 -0.0276064 -2.73855 -0.912771 0.0018481 -0.408467 -29.4896 
-0.398602 0.0317824 0.916573 93.0335 0.011654 0.999494 -0.0295895 -2.78437 -0.91705 -0.00111265 -0.39877 -29.8306 
-0.391944 0.0361161 0.91928 93.8695 0.00686101 0.999316 -0.0363352 -2.8326 -0.919963 -0.00793419 -0.391924 -30.1585 
-0.387263 0.040965 0.921059 94.7079 0.0012437 0.999035 -0.0439101 -2.87994 -0.921969 -0.0158593 -0.38694 -30.4822 
-0.383843 0.0428861 0.922402 95.5476 -0.00128978 0.998895 -0.0469793 -2.93426 -0.923398 -0.0192224 -0.383363 -30.8077 
-0.380359 0.0425486 0.92386 96.3841 -0.00305469 0.998878 -0.0472612 -2.9894 -0.924834 -0.0207983 -0.379802 -31.1288 
-0.375392 0.0427331 0.925881 97.2179 -0.00382565 0.998857 -0.0476523 -3.04501 -0.926858 -0.0214304 -0.374799 -31.4465 
-0.369538 0.0383503 0.928424 98.0601 -0.00659124 0.999015 -0.0438897 -3.10148 -0.929192 -0.0223384 -0.368921 -31.7617 
-0.364385 0.0346583 0.930603 98.9061 -0.00675967 0.999182 -0.0398592 -3.15668 -0.931224 -0.0208147 -0.363853 -32.0713 
-0.358586 0.0316712 0.932959 99.7494 -0.00858619 0.99927 -0.0372224 -3.21062 -0.933457 -0.021358 -0.358053 -32.3748 
-0.353062 0.0299343 0.935121 100.599 -0.0169376 0.99912 -0.0383779 -3.25976 -0.935447 -0.0293885 -0.352245 -32.6636 
-0.347136 0.0301253 0.937331 101.447 -0.0240402 0.99887 -0.0410063 -3.30817 -0.937507 -0.0367684 -0.346019 -32.9441 
-0.340666 0.0342127 0.939562 102.287 -0.0223667 0.99876 -0.044478 -3.3613 -0.939918 -0.0361671 -0.339478 -33.2279 
-0.333606 0.037494 0.941967 103.128 -0.020681 0.998677 -0.0470756 -3.41377 -0.942486 -0.0351855 -0.332389 -33.5095 
-0.327363 0.0355532 0.94423 103.983 -0.0220025 0.998734 -0.0452337 -3.46548 -0.944642 -0.0355833 -0.326166 -33.784 
-0.320357 0.0308158 0.946796 104.839 -0.022263 0.99895 -0.0400462 -3.52002 -0.947035 -0.0339076 -0.319334 -34.0543 
-0.313382 0.0281122 0.949211 105.701 -0.0238135 0.999015 -0.0374492 -3.5739 -0.949329 -0.03434 -0.312403 -34.3192 
-0.307119 0.0313615 0.951154 106.554 -0.0255613 0.998824 -0.0411868 -3.62241 -0.951328 -0.036962 -0.305956 -34.5741 
-0.300837 0.0340097 0.953069 107.409 -0.0251572 0.998733 -0.0435801 -3.67269 -0.953344 -0.0370871 -0.2996 -34.8243 
-0.294385 0.0347543 0.955055 108.279 -0.0269961 0.998637 -0.0446614 -3.7211 -0.955306 -0.0389304 -0.293045 -35.0602 
-0.287616 0.0340813 0.957139 109.137 -0.0272026 0.998673 -0.0437344 -3.77582 -0.957359 -0.0386154 -0.286307 -35.297 
-0.279492 0.0340349 0.959545 109.995 -0.022829 0.998853 -0.0420787 -3.82995 -0.959877 -0.0336661 -0.278395 -35.5344 
-0.271763 0.0351901 0.961721 110.855 -0.0202747 0.9989 -0.0422797 -3.88155 -0.962151 -0.0309887 -0.270751 -35.7658 
-0.265215 0.035574 0.963533 111.712 -0.0194099 0.99892 -0.0422231 -3.93562 -0.963994 -0.0299003 -0.264238 -35.9837 
-0.258635 0.0344485 0.965361 112.581 -0.0255956 0.998769 -0.0424981 -3.98549 -0.965636 -0.0357005 -0.257435 -36.1871 
-0.252779 0.0324998 0.966978 113.456 -0.029676 0.998705 -0.0413237 -4.0383 -0.967069 -0.0391419 -0.251488 -36.387 
-0.248262 0.0327562 0.968139 114.334 -0.0267468 0.998815 -0.0406529 -4.08957 -0.968324 -0.0359872 -0.247092 -36.5943 
-0.243816 0.0330169 0.969259 115.207 -0.0250838 0.998871 -0.0403354 -4.14188 -0.969497 -0.0341471 -0.242712 -36.7953 
-0.239178 0.0343836 0.970367 116.077 -0.0244741 0.998842 -0.041425 -4.19077 -0.970667 -0.0336568 -0.238059 -36.9912 
-0.233218 0.0336051 0.971844 116.954 -0.0182455 0.999076 -0.0389251 -4.23854 -0.972253 -0.0268098 -0.23239 -37.1901 
-0.227807 0.0325554 0.973162 117.824 -0.0108845 0.999293 -0.0359774 -4.28564 -0.973646 -0.0187883 -0.227291 -37.3888 
-0.222801 0.031551 0.974353 118.699 -0.00913274 0.999365 -0.0344492 -4.3364 -0.974821 -0.0165738 -0.222371 -37.5758 
-0.218758 0.033293 0.975211 119.576 -0.0110544 0.999269 -0.036594 -4.38075 -0.975716 -0.0187857 -0.21823 -37.7525 
-0.215193 0.0353103 0.975933 120.449 -0.0126855 0.999161 -0.0389479 -4.42332 -0.976489 -0.0207615 -0.214565 -37.9258 
-0.21359 0.0347265 0.976306 121.321 -0.0151377 0.99913 -0.03885 -4.47254 -0.976806 -0.023077 -0.212878 -38.094 
-0.212604 0.0337366 0.976556 122.196 -0.0155275 0.999161 -0.037898 -4.51932 -0.977015 -0.0232207 -0.211901 -38.2645 
-0.211624 0.0292161 0.976914 123.072 -0.0141773 0.999356 -0.0329584 -4.56581 -0.977248 -0.0208248 -0.211074 -38.4389 
-0.210441 0.0241273 0.977309 123.943 -0.0149192 0.9995 -0.0278876 -4.61071 -0.977493 -0.0204493 -0.209976 -38.6097 
-0.209641 0.0223009 0.977524 124.808 -0.0144606 0.99956 -0.0259048 -4.65246 -0.977671 -0.0195663 -0.209227 -38.7785 
-0.2084 0.0272162 0.977665 125.663 -0.0143698 0.99942 -0.0308849 -4.69271 -0.977938 -0.0204853 -0.207888 -38.946 
-0.208288 0.0309317 0.977578 126.514 -0.0144429 0.999294 -0.034696 -4.73495 -0.977961 -0.0213458 -0.207694 -39.1119 
-0.208242 0.0299866 0.977618 127.37 -0.0176963 0.999251 -0.0344196 -4.7779 -0.977917 -0.0244678 -0.207555 -39.2739 
-0.207689 0.0291078 0.977762 128.219 -0.0192596 0.999242 -0.0338382 -4.82606 -0.978005 -0.0258591 -0.206971 -39.4359 
-0.206842 0.0298745 0.977918 129.069 -0.0145896 0.999328 -0.0336144 -4.87279 -0.978266 -0.0212203 -0.206267 -39.6066 
-0.205898 0.0324998 0.978034 129.91 -0.0164638 0.999192 -0.0366688 -4.91387 -0.978435 -0.0236522 -0.205196 -39.7689 
-0.206416 0.0333252 0.977897 130.746 -0.0251669 0.998908 -0.0393535 -4.96093 -0.978141 -0.0327338 -0.205352 -39.9143 
-0.20592 0.0347964 0.97795 131.579 -0.0309579 0.998636 -0.0420509 -5.00997 -0.978079 -0.0389344 -0.204561 -40.0636 
-0.205689 0.0383671 0.977865 132.404 -0.0281388 0.998586 -0.045099 -5.06034 -0.978213 -0.0367923 -0.204318 -40.2202 
-0.205038 0.039414 0.97796 133.229 -0.0267807 0.998589 -0.0458601 -5.11243 -0.978388 -0.0355935 -0.203693 -40.3781 
-0.203252 0.0405654 0.978286 134.048 -0.0268507 0.998535 -0.0469836 -5.16729 -0.978758 -0.0358172 -0.201865 -40.5305 
-0.201235 0.040055 0.978724 134.864 -0.018499 0.99883 -0.0446814 -5.21749 -0.979368 -0.0270968 -0.200258 -40.6925 
-0.198007 0.036781 0.97951 135.674 -0.0142498 0.999082 -0.0403965 -5.26807 -0.980097 -0.0219566 -0.197302 -40.8504 
-0.195921 0.0320066 0.980097 136.492 -0.0102943 0.999345 -0.034693 -5.31962 -0.980566 -0.0168865 -0.195463 -41.0053 
-0.192292 0.0314679 0.980833 137.296 -0.00900883 0.999387 -0.0338293 -5.36686 -0.981296 -0.0153413 -0.191891 -41.148 
-0.187513 0.0363917 0.981588 138.094 -0.0086882 0.999213 -0.0387048 -5.41571 -0.982224 -0.0157859 -0.187049 -41.2858 
-0.180799 0.0395893 0.982723 138.889 -0.00705363 0.999112 -0.0415472 -5.46013 -0.983495 -0.0144435 -0.18036 -41.4185 
-0.172662 0.0404791 0.984149 139.687 -0.00708049 0.999078 -0.0423353 -5.5001 -0.984956 -0.014278 -0.172216 -41.5414 
-0.162898 0.0360259 0.985985 140.492 -0.00505315 0.99929 -0.0373469 -5.54803 -0.98663 -0.0110661 -0.1626 -41.6606 
-0.151074 0.034759 0.987911 141.289 -0.00128294 0.999374 -0.0353584 -5.59433 -0.988522 -0.00660918 -0.150935 -41.7715 
-0.137227 0.0375706 0.989827 142.076 0.00280262 0.999291 -0.0375412 -5.63539 -0.990536 -0.00237756 -0.137235 -41.8698 
-0.122885 0.0388313 0.991661 142.864 0.00287924 0.999244 -0.0387714 -5.67821 -0.992417 -0.00190922 -0.122904 -41.954 
-0.108886 0.038959 0.993291 143.652 0.00444287 0.999241 -0.0387053 -5.72168 -0.994044 0.000198612 -0.108976 -42.0267 
-0.0953623 0.0406558 0.994612 144.43 0.00509812 0.999173 -0.0403534 -5.76946 -0.99543 0.00122246 -0.0954907 -42.0858 
-0.0817936 0.0467936 0.99555 145.203 0.00195854 0.998903 -0.0467902 -5.8217 -0.996647 -0.00187731 -0.0817955 -42.1272 
-0.0691815 0.0560887 0.996026 145.965 -0.00543056 0.998382 -0.0565986 -5.87103 -0.997589 -0.00932456 -0.068765 -42.1515 
-0.0555577 0.0639917 0.996403 146.725 -0.00971687 0.997862 -0.0646271 -5.92294 -0.998408 -0.0132725 -0.0548171 -42.169 
-0.0423753 0.0647872 0.996999 147.489 -0.0105887 0.99781 -0.0652899 -5.97749 -0.999046 -0.0133236 -0.0415965 -42.1836 
-0.0307321 0.0608525 0.997674 148.257 -0.0147259 0.998009 -0.0613266 -6.03759 -0.999419 -0.0165763 -0.0297749 -42.1834 
-0.0199418 0.0585923 0.998083 149.02 -0.0184862 0.998089 -0.058962 -6.09984 -0.99963 -0.0196266 -0.0188205 -42.1744 
-0.0110391 0.0649968 0.997824 149.774 -0.0220841 0.997626 -0.0652281 -6.16349 -0.999695 -0.0227561 -0.00957753 -42.1594 
-0.00438732 0.0729592 0.997325 150.52 -0.0251565 0.997011 -0.0730468 -6.22166 -0.999674 -0.0254097 -0.00253881 -42.1432 
-0.00112993 0.0758527 0.997118 151.271 -0.0281614 0.996721 -0.0758544 -6.28019 -0.999603 -0.0281659 0.00100989 -42.1255 
-0.00121184 0.0712415 0.997458 152.026 -0.0304905 0.996993 -0.0712452 -6.34457 -0.999534 -0.0304993 0.000963992 -42.1083 
-0.00293308 0.0668249 0.99776 152.777 -0.0320408 0.997246 -0.0668846 -6.41477 -0.999482 -0.0321653 -0.000783877 -42.0942 
-0.00579677 0.0639991 0.997933 153.522 -0.030588 0.997472 -0.0641471 -6.47346 -0.999515 -0.0308967 -0.00382451 -42.0854 
-0.00846719 0.0643313 0.997893 154.265 -0.0287212 0.997501 -0.0645498 -6.52965 -0.999552 -0.0292073 -0.00659836 -42.0817 
-0.0120275 0.0643371 0.997856 155.01 -0.0268601 0.997547 -0.0646409 -6.5912 -0.999567 -0.02758 -0.0102699 -42.0809 
-0.0163468 0.062927 0.997884 155.755 -0.027802 0.997603 -0.0633647 -6.65183 -0.99948 -0.028779 -0.0145581 -42.0824 
-0.0216489 0.0633733 0.997755 156.495 -0.0283189 0.99755 -0.0639747 -6.70482 -0.999365 -0.0296404 -0.0198012 -42.0867 
-0.0275923 0.061406 0.997731 157.233 -0.0295466 0.997625 -0.0622165 -6.76165 -0.999183 -0.0311962 -0.0257125 -42.0921 
-0.0333575 0.0585311 0.997728 157.966 -0.0270747 0.997864 -0.0594442 -6.82417 -0.999077 -0.0289961 -0.0317016 -42.1078 
-0.0386326 0.0584613 0.997542 158.696 -0.0275434 0.997846 -0.0595457 -6.87925 -0.998874 -0.0297761 -0.0369391 -42.1246 
-0.0440641 0.0597781 0.997239 159.421 -0.0292915 0.997702 -0.0611001 -6.93291 -0.998599 -0.0319029 -0.0422119 -42.1415 
-0.0480858 0.0618957 0.996924 160.142 -0.0295318 0.997554 -0.0633593 -6.99342 -0.998407 -0.0324876 -0.0461402 -42.1628 
-0.0505468 0.0642366 0.996654 160.857 -0.0294469 0.9974 -0.0657781 -7.05113 -0.998288 -0.0326732 -0.0485238 -42.1876 
-0.0519923 0.065806 0.996477 161.571 -0.0267156 0.997378 -0.0672594 -7.10545 -0.99829 -0.0301184 -0.0500979 -42.2173 
-0.0510259 0.0643894 0.99662 162.283 -0.0234428 0.997567 -0.0656509 -7.1616 -0.998422 -0.0267134 -0.0493923 -42.2472 
-0.0469905 0.0606087 0.997055 162.993 -0.0207841 0.997882 -0.0616385 -7.22134 -0.998679 -0.0236193 -0.0456312 -42.2718 
-0.0393055 0.0603582 0.997403 163.696 -0.0195705 0.997936 -0.0611616 -7.28084 -0.999036 -0.0219236 -0.0380431 -42.2873 
-0.0280979 0.0611611 0.997732 164.39 -0.0169216 0.997954 -0.0616512 -7.33616 -0.999462 -0.0186155 -0.0270055 -42.2932 
-0.0135184 0.0613456 0.998025 165.083 -0.0144069 0.998001 -0.0615392 -7.38922 -0.999805 -0.0152104 -0.0126076 -42.2909 
0.00160411 0.0590034 0.998257 165.77 -0.0158135 0.998134 -0.0589707 -7.43883 -0.999874 -0.0156913 0.00253416 -42.2701 
0.0177259 0.0541716 0.998374 166.457 -0.0205625 0.99834 -0.0538046 -7.49008 -0.999631 -0.0195754 0.0188104 -42.2326 
0.0340679 0.0475912 0.998286 167.142 -0.0216615 0.998666 -0.0468701 -7.53739 -0.999185 -0.0200276 0.0350534 -42.1889 
0.0512773 0.0402519 0.997873 167.823 -0.0219329 0.998992 -0.0391699 -7.57814 -0.998444 -0.0198777 0.0521084 -42.137 
0.0689961 0.0328824 0.997075 168.497 -0.0226173 0.999251 -0.0313891 -7.61502 -0.997361 -0.0203854 0.0696882 -42.0721 
0.0860991 0.0269044 0.995923 169.163 -0.0244917 0.99939 -0.0248807 -7.65075 -0.995986 -0.0222497 0.0867056 -41.9926 
0.104263 0.0246311 0.994245 169.821 -0.0250385 0.999441 -0.0221341 -7.68295 -0.994235 -0.0225866 0.104821 -41.9045 
0.122308 0.0232679 0.992219 170.468 -0.0236202 0.99951 -0.0205273 -7.70889 -0.992211 -0.0209258 0.122798 -41.8074 
0.139786 0.0227654 0.98992 171.109 -0.0250841 0.999496 -0.0194435 -7.73142 -0.989864 -0.0221133 0.140286 -41.6966 
0.155695 0.021765 0.987565 171.741 -0.0300013 0.9994 -0.0172959 -7.75394 -0.987349 -0.0269354 0.156255 -41.5692 
0.170087 0.018155 0.985262 172.369 -0.0322528 0.999397 -0.0128476 -7.77676 -0.984901 -0.0295922 0.17057 -41.4356 
0.182454 0.0142366 0.983111 172.991 -0.0287225 0.999546 -0.00914401 -7.79593 -0.982795 -0.0265691 0.18278 -41.3062 
0.193241 0.0132007 0.981063 173.607 -0.0268632 0.999606 -0.0081589 -7.81399 -0.980784 -0.0247779 0.193519 -41.1726 
0.203245 0.01682 0.978984 174.211 -0.0309341 0.999464 -0.0107496 -7.8356 -0.978639 -0.0280991 0.203656 -41.0256 
0.212322 0.0240065 0.976905 174.807 -0.0351228 0.99924 -0.0169216 -7.85712 -0.976568 -0.0307188 0.213004 -40.8707 
0.221491 0.0338141 0.974576 175.394 -0.0348644 0.999034 -0.0267391 -7.88057 -0.974539 -0.0280556 0.222456 -40.7227 
0.229937 0.0395022 0.972403 175.987 -0.0291485 0.999007 -0.0336903 -7.89989 -0.972769 -0.0205974 0.230861 -40.5782 
0.236611 0.0375617 0.970878 176.588 -0.0283907 0.999093 -0.0317342 -7.92089 -0.97119 -0.0200553 0.237463 -40.4197 
0.242659 0.0301321 0.969644 177.197 -0.0308661 0.999251 -0.0233277 -7.94134 -0.969621 -0.0242684 0.243407 -40.2494 
0.246905 0.0196804 0.96884 177.807 -0.0355294 0.999305 -0.0112447 -7.96651 -0.968388 -0.0316459 0.247433 -40.0703 
0.249025 0.0113076 0.968431 178.419 -0.0354336 0.999369 -0.0025573 -7.99151 -0.967849 -0.0336782 0.249268 -39.8963 
0.2501 0.0106487 0.968161 179.034 -0.0320837 0.999482 -0.00270511 -8.00858 -0.967688 -0.0303857 0.250312 -39.7319 
0.251429 0.0125565 0.967794 179.635 -0.0284534 0.99958 -0.00557682 -8.02099 -0.967457 -0.0261348 0.251681 -39.5707 
0.253153 0.0120492 0.967351 180.24 -0.02494 0.999671 -0.005925 -8.02958 -0.967105 -0.0226258 0.25337 -39.4044 
0.254995 0.00972412 0.966893 180.849 -0.0265621 0.999643 -0.0030483 -8.03846 -0.966577 -0.0249054 0.255162 -39.2312 
0.258073 0.00596955 0.966107 181.462 -0.0267081 0.999643 0.000957728 -8.04977 -0.965756 -0.02605 0.25814 -39.0558 
0.261236 0.000558451 0.965275 182.08 -0.0258394 0.999646 0.00641473 -8.06347 -0.964929 -0.0266178 0.261158 -38.8782 
0.265654 -0.00223168 0.964066 182.697 -0.0246327 0.999655 0.00910182 -8.07016 -0.963754 -0.0261655 0.265508 -38.6964 
0.272174 -0.00452109 0.962238 183.317 -0.0226581 0.999682 0.011106 -8.07217 -0.961981 -0.0248253 0.271985 -38.5108 
0.280269 -0.00767635 0.959891 183.946 -0.0210805 0.999678 0.0141497 -8.07504 -0.95969 -0.0242007 0.280016 -38.3191 
0.290086 -0.00962807 0.956952 184.572 -0.0186845 0.999702 0.0157222 -8.08058 -0.956818 -0.0224409 0.28982 -38.1175 
0.301385 -0.00769341 0.953472 185.192 -0.0200632 0.999695 0.0144082 -8.08684 -0.953292 -0.0234721 0.301138 -37.9053 
0.313044 -0.00402523 0.94973 185.813 -0.0210344 0.999716 0.0111704 -8.08946 -0.949506 -0.0234738 0.312871 -37.6824 
0.325086 -0.000885315 0.945684 186.447 -0.021945 0.999723 0.00847971 -8.08746 -0.94543 -0.0235096 0.324977 -37.4506 
0.337051 -0.000887443 0.941486 187.072 -0.0203412 0.999759 0.00822457 -8.08891 -0.941267 -0.0219231 0.336952 -37.2137 
0.348395 -0.0040602 0.937339 187.697 -0.0194886 0.999743 0.0115742 -8.09063 -0.937145 -0.0222998 0.348226 -36.9636 
0.359456 -0.00533217 0.933147 188.325 -0.0205549 0.999696 0.0136304 -8.09248 -0.932935 -0.0240803 0.359238 -36.6978 
0.370869 -0.00593002 0.928666 188.954 -0.0221937 0.999637 0.0152465 -8.09282 -0.92842 -0.026265 0.370603 -36.4238 
0.380502 -0.00710293 0.924753 189.588 -0.025968 0.999494 0.018362 -8.08924 -0.924415 -0.0310007 0.380126 -36.1381 
0.387754 -0.00601065 0.921743 190.223 -0.0295983 0.999382 0.0189682 -8.08659 -0.921288 -0.034637 0.387336 -35.8503 
0.392278 -0.00913966 0.919802 190.865 -0.0295192 0.999311 0.0225191 -8.08496 -0.919373 -0.0359856 0.391737 -35.5608 
0.394547 -0.0129109 0.918785 191.514 -0.0266484 0.99932 0.0254861 -8.07899 -0.918489 -0.0345396 0.393935 -35.2709 
0.394862 -0.0123083 0.918658 192.166 -0.0221377 0.999493 0.0229066 -8.07351 -0.918474 -0.0293819 0.394389 -34.9855 
0.393853 -0.0119971 0.919095 192.831 -0.0208771 0.99954 0.0219935 -8.07303 -0.918936 -0.0278502 0.393421 -34.6893 
0.393324 -0.0108577 0.919336 193.503 -0.0171889 0.999669 0.0191605 -8.06409 -0.919239 -0.0233386 0.393007 -34.3954 
0.393178 -0.0128152 0.919373 194.181 -0.0139217 0.999705 0.0198887 -8.05565 -0.919357 -0.020619 0.392884 -34.1021 
0.392586 -0.0186806 0.919526 194.865 -0.0103563 0.999641 0.0247298 -8.04932 -0.919657 -0.0192314 0.392252 -33.8032 
0.39129 -0.0214329 0.920018 195.547 -0.0104317 0.999561 0.0277227 -8.04389 -0.920208 -0.020445 0.390895 -33.5009 
0.389454 -0.0240208 0.920733 196.231 -0.0096338 0.999499 0.0301507 -8.03764 -0.920996 -0.0206125 0.389027 -33.1984 
0.388169 -0.0240005 0.921276 196.917 -0.010548 0.99948 0.0304822 -8.02365 -0.921528 -0.0215498 0.387714 -32.8974 
0.386239 -0.0242822 0.922079 197.604 -0.0120301 0.999436 0.0313586 -8.01211 -0.922321 -0.0232046 0.385729 -32.5948 
0.384644 -0.0232185 0.922773 198.291 -0.0128311 0.999453 0.0304964 -8.0078 -0.922976 -0.0235704 0.384135 -32.2938 
0.383429 -0.0198193 0.923358 198.979 -0.0117376 0.999584 0.0263296 -8.0019 -0.923496 -0.0209335 0.383037 -31.9989 
0.382996 -0.0137961 0.923647 199.664 -0.0119348 0.999731 0.0198814 -7.99271 -0.923673 -0.018638 0.382728 -31.7061 
0.381868 -0.0108996 0.924153 200.348 -0.0141797 0.999744 0.0176504 -7.98482 -0.924108 -0.0198443 0.381615 -31.4085 
0.380332 -0.0134498 0.924752 201.031 -0.0156735 0.999657 0.0209855 -7.98133 -0.924717 -0.0224755 0.379991 -31.1102 
0.379353 -0.0165148 0.925105 201.723 -0.0174883 0.999534 0.0250149 -7.98003 -0.925087 -0.025668 0.378888 -30.813 
0.37688 -0.0157306 0.926128 202.404 -0.0213502 0.999443 0.0256642 -7.97754 -0.926016 -0.0294453 0.376334 -30.5173 
0.372196 -0.0154927 0.928025 203.086 -0.0240928 0.999363 0.0263464 -7.97058 -0.927841 -0.0321647 0.371586 -30.2269 
0.36566 -0.0168303 0.930596 203.779 -0.023539 0.99935 0.027323 -7.96059 -0.930451 -0.0318962 0.365026 -29.9486 
0.356946 -0.0173017 0.933965 204.469 -0.0229032 0.999366 0.0272666 -7.9575 -0.933844 -0.0311235 0.356323 -29.6802 
0.347001 -0.0163048 0.937723 205.16 -0.0205239 0.999477 0.0249734 -7.95732 -0.93764 -0.0279115 0.346485 -29.4217 
0.336274 -0.0129453 0.941675 205.851 -0.0214537 0.999541 0.021402 -7.95064 -0.94152 -0.0273994 0.335842 -29.166 
0.324727 -0.0128474 0.94572 206.546 -0.024312 0.999464 0.0219255 -7.94019 -0.945495 -0.0301122 0.324241 -28.9147 
0.313847 -0.0208596 0.949244 207.252 -0.0191363 0.999417 0.0282892 -7.93271 -0.949281 -0.0270435 0.313265 -28.6794 
0.305356 -0.0296684 0.951776 207.96 -0.0147396 0.999248 0.0358771 -7.92784 -0.952124 -0.024984 0.304689 -28.452 
0.298209 -0.0351077 0.953855 208.669 -0.0144545 0.999043 0.0412899 -7.91521 -0.954391 -0.0261005 0.297416 -28.2222 
0.294106 -0.0359916 0.955095 209.379 -0.0198914 0.998844 0.0437655 -7.89848 -0.955566 -0.0318699 0.29305 -27.9871 
0.291688 -0.0381033 0.955754 210.089 -0.0186918 0.998788 0.0455236 -7.88014 -0.956331 -0.0311435 0.290622 -27.7625 
0.290168 -0.0391055 0.956177 210.802 -0.0176825 0.998775 0.0462138 -7.86114 -0.956813 -0.0303174 0.289121 -27.5376 
0.289403 -0.0371215 0.956487 211.516 -0.017986 0.99886 0.044208 -7.8401 -0.957038 -0.0299973 0.288406 -27.3062 
0.288828 -0.0349955 0.956741 212.233 -0.0214768 0.998843 0.0430191 -7.81837 -0.95714 -0.0329729 0.287742 -27.069 
0.289314 -0.0356419 0.95657 212.952 -0.0219496 0.998797 0.043854 -7.79632 -0.956983 -0.0336839 0.288184 -26.8366 
0.291054 -0.0370273 0.95599 213.674 -0.0224393 0.998712 0.0455137 -7.77534 -0.956444 -0.0346987 0.289848 -26.6037 
0.292547 -0.0389832 0.955456 214.4 -0.0210878 0.998663 0.0472029 -7.75695 -0.956019 -0.0339575 0.291334 -26.371 
0.294477 -0.0402552 0.95481 215.128 -0.0174277 0.99872 0.0474815 -7.73691 -0.9555 -0.0306223 0.293399 -26.143 
0.29761 -0.0416801 0.953777 215.858 -0.016537 0.998672 0.0488021 -7.71128 -0.954544 -0.0302967 0.296526 -25.9031 
0.301561 -0.043134 0.952471 216.588 -0.018251 0.998532 0.0509984 -7.68657 -0.953272 -0.0327627 0.300331 -25.6519 
0.30688 -0.0470613 0.950584 217.327 -0.0196239 0.998252 0.0557565 -7.65816 -0.951546 -0.0357648 0.30542 -25.394 
0.31187 -0.0507165 0.94877 218.065 -0.0203509 0.997989 0.0600371 -7.62707 -0.949907 -0.0380321 0.310211 -25.1346 
0.316235 -0.0506405 0.947328 218.803 -0.0216674 0.997928 0.0605784 -7.59544 -0.948433 -0.0396832 0.314483 -24.8693 
0.320502 -0.046071 0.946127 219.533 -0.0266485 0.997983 0.0576234 -7.56862 -0.946873 -0.0436813 0.318628 -24.5973 
0.325137 -0.0400783 0.944817 220.266 -0.031424 0.998092 0.053152 -7.53275 -0.945145 -0.0469716 0.323258 -24.3225 
0.329781 -0.0369025 0.943336 221.006 -0.035281 0.998056 0.051377 -7.50016 -0.943398 -0.050225 0.327838 -24.0423 
0.334099 -0.0370399 0.94181 221.745 -0.0371839 0.997932 0.0524378 -7.47277 -0.941804 -0.0525396 0.332031 -23.7596 
0.338062 -0.0347225 0.940483 222.484 -0.0388526 0.997952 0.0508101 -7.44802 -0.940322 -0.0537172 0.336021 -23.4739 
0.342088 -0.0320814 0.93912 223.22 -0.0391376 0.998063 0.0483514 -7.42189 -0.938853 -0.0532953 0.340169 -23.1904 
0.346704 -0.031981 0.937429 223.96 -0.0388118 0.998074 0.0484043 -7.39822 -0.937171 -0.0531653 0.344795 -22.9002 
0.351577 -0.0333163 0.935566 224.712 -0.0385721 0.998002 0.0500348 -7.3728 -0.935364 -0.0536778 0.34959 -22.61 
0.355817 -0.0338741 0.933942 225.451 -0.0344407 0.998189 0.0493257 -7.35015 -0.933921 -0.0497165 0.354005 -22.3153 
0.360281 -0.0337682 0.932232 226.186 -0.031431 0.998338 0.04831 -7.32673 -0.932314 -0.0467061 0.358621 -22.0206 
0.364349 -0.0315461 0.930728 226.918 -0.0324383 0.99839 0.046538 -7.30072 -0.930697 -0.0471472 0.362739 -21.7177 
0.368989 -0.031892 0.928886 227.652 -0.0368606 0.998123 0.0489116 -7.2768 -0.928703 -0.0522872 0.367121 -21.404 
0.373481 -0.032042 0.927084 228.383 -0.0399255 0.997922 0.0505746 -7.25151 -0.926778 -0.0559029 0.371426 -21.0861 
0.377564 -0.0297538 0.925505 229.109 -0.037117 0.998194 0.0472328 -7.23492 -0.925239 -0.0521854 0.375778 -20.7755 
0.381438 -0.0231877 0.924104 229.83 -0.0362783 0.99854 0.0400299 -7.21552 -0.923682 -0.0487938 0.380039 -20.462 
0.384734 -0.0164436 0.922881 230.55 -0.0425156 0.998464 0.0355144 -7.19037 -0.922048 -0.0529004 0.383445 -20.1348 
0.38776 -0.0176186 0.921592 231.276 -0.0481744 0.998064 0.03935 -7.16851 -0.9205 -0.0596555 0.386161 -19.8034 
0.390335 -0.0277993 0.920253 232.005 -0.0475201 0.997603 0.0502922 -7.1466 -0.919446 -0.0633613 0.388079 -19.4761 
0.392302 -0.0400643 0.918964 232.744 -0.0438562 0.9971 0.0621929 -7.1147 -0.918791 -0.0647006 0.389407 -19.152 
0.394067 -0.0478296 0.917837 233.476 -0.0451608 0.996431 0.0713148 -7.08043 -0.917972 -0.069553 0.3905 -18.8209 
0.396394 -0.0496264 0.916738 234.208 -0.0464301 0.996177 0.0740029 -7.0442 -0.916906 -0.0718985 0.392574 -18.4859 
0.399151 -0.0450046 0.91578 234.929 -0.0462132 0.996538 0.0691158 -7.00309 -0.91572 -0.0699088 0.39569 -18.1561 
0.403255 -0.0392028 0.914247 235.647 -0.0450223 0.997022 0.0626106 -6.9606 -0.913979 -0.0664095 0.400289 -17.826 
0.40777 -0.0350236 0.912413 236.364 -0.0445276 0.997312 0.0581826 -6.92501 -0.911999 -0.0643526 0.405114 -17.49 
0.411918 -0.0330601 0.910621 237.082 -0.0427994 0.997537 0.0555759 -6.89167 -0.910215 -0.0618667 0.409489 -17.1515 
0.415766 -0.0308831 0.908947 237.79 -0.0422834 0.997686 0.0532393 -6.86061 -0.908488 -0.0605685 0.413498 -16.8079 
0.419839 -0.032315 0.907023 238.514 -0.0410355 0.997668 0.0545388 -6.8263 -0.90667 -0.0601176 0.417534 -16.4596 
0.423281 -0.0374718 0.905223 239.237 -0.0393029 0.997444 0.0596673 -6.79435 -0.905146 -0.0608339 0.420726 -16.1088 
0.426321 -0.043383 0.903531 239.962 -0.0372803 0.997158 0.0654688 -6.75872 -0.903804 -0.0615946 0.423492 -15.7535 
0.428757 -0.0488678 0.902097 240.684 -0.0359952 0.996819 0.0711071 -6.7197 -0.902703 -0.0629589 0.425634 -15.3966 
0.430785 -0.054114 0.900831 241.412 -0.0341271 0.99651 0.0761815 -6.67395 -0.901809 -0.0635606 0.427435 -15.0352 
0.43247 -0.0607134 0.899602 242.146 -0.0327173 0.996017 0.0829488 -6.62563 -0.901054 -0.0653054 0.428761 -14.6726 
0.434185 -0.061328 0.898734 242.874 -0.0330171 0.995926 0.0839112 -6.57643 -0.900218 -0.0661065 0.430391 -14.3063 
0.435938 -0.0496008 0.898609 243.586 -0.0420208 0.996269 0.0753768 -6.53357 -0.898995 -0.0706198 0.432228 -13.932 
0.436556 -0.036008 0.898956 244.297 -0.0438234 0.997162 0.0612235 -6.48814 -0.898609 -0.0661228 0.433739 -13.5658 
0.437442 -0.0283159 0.898801 245.013 -0.0437422 0.997651 0.0527193 -6.44333 -0.898182 -0.0623771 0.435176 -13.2013 
0.437368 -0.0307796 0.898756 245.742 -0.043337 0.997532 0.0552519 -6.40579 -0.898238 -0.0631148 0.434955 -12.832 
