1 2.12261e-08 -2.11895e-08 0 2.12261e-08 1 2.10703e-08 0 -2.11895e-08 2.10703e-08 1 0 
0.999999 0.00065309 0.00161527 -0.00637419 -0.000651543 0.999999 -0.000931864 -0.00498539 -0.00161592 0.000930852 0.999998 0.446621 
0.999992 0.00208238 0.00340901 -0.0136286 -0.00207557 0.999996 -0.0019876 -0.0103995 -0.00341317 0.00198055 0.999992 0.909361 
0.999981 0.00328587 0.00522394 -0.0230678 -0.00327246 0.999991 -0.00256389 -0.0167855 -0.00523236 0.00254679 0.999983 1.38604 
0.999972 0.00336854 0.00666207 -0.028014 -0.00335079 0.999991 -0.00266683 -0.0227603 -0.00667103 0.00264447 0.999974 1.87439 
0.99996 0.00297253 0.00839201 -0.0311311 -0.00295238 0.999993 -0.00240704 -0.0301191 -0.00839915 0.00238221 0.999962 2.37539 
0.999946 0.00228582 0.010188 -0.033685 -0.0022741 0.999997 -0.00115807 -0.0400906 -0.0101907 0.00113488 0.999947 2.88135 
0.999929 0.00215107 0.0117489 -0.0363022 -0.0021552 0.999998 0.000343 -0.0472882 -0.0117482 -0.000368255 0.999931 3.39416 
0.999917 0.00256289 0.0126507 -0.0392791 -0.00258158 0.999996 0.00146457 -0.0550832 -0.0126469 -0.00149707 0.999919 3.90896 
0.999906 0.00355467 0.0132781 -0.0420968 -0.00357345 0.999993 0.00139406 -0.0622687 -0.0132731 -0.00144134 0.999911 4.42478 
0.99989 0.00430542 0.0142128 -0.0460164 -0.00432081 0.99999 0.00105527 -0.071195 -0.0142081 -0.00111652 0.999898 4.9388 
0.999878 0.0045733 0.0149144 -0.0483913 -0.00458834 0.999989 0.000977031 -0.0786483 -0.0149098 -0.0010453 0.999888 5.46015 
0.999866 0.00532949 0.015468 -0.0493074 -0.0053336 0.999986 0.000227825 -0.0862113 -0.0154666 -0.000310252 0.99988 5.98728 
0.999848 0.00612561 0.0163319 -0.050397 -0.00612094 0.999981 -0.00033339 -0.0953598 -0.0163337 0.000233414 0.999867 6.52191 
0.999825 0.00693877 0.0173532 -0.0521206 -0.00693085 0.999976 -0.000514085 -0.102576 -0.0173564 0.000393765 0.999849 7.06048 
0.999804 0.00786247 0.0181593 -0.0529979 -0.00784276 0.999969 -0.00115411 -0.112266 -0.0181678 0.00101151 0.999834 7.60244 
0.999769 0.00904894 0.0194928 -0.0550779 -0.00901925 0.999958 -0.00160804 -0.120223 -0.0195066 0.0014319 0.999809 8.15494 
0.999701 0.0102379 0.0222119 -0.0529555 -0.0102036 0.999947 -0.00165886 -0.128386 -0.0222278 0.00143177 0.999752 8.71356 
0.9996 0.010925 0.0260988 -0.0507133 -0.0108729 0.999939 -0.00213629 -0.136389 -0.0261206 0.00185171 0.999657 9.27902 
0.999483 0.0112168 0.0301391 -0.0415197 -0.011145 0.999935 -0.0025457 -0.145389 -0.0301657 0.00220852 0.999543 9.84777 
0.999329 0.0109035 0.0349752 -0.0261605 -0.0108031 0.999937 -0.0030578 -0.155803 -0.0350064 0.00267795 0.999384 10.4257 
0.999101 0.0112894 0.0408575 -0.009195 -0.0111774 0.999933 -0.00296722 -0.166535 -0.0408883 0.00250792 0.999161 11.0101 
0.998842 0.0110268 0.0468387 0.0124023 -0.0109198 0.999937 -0.0025374 -0.174644 -0.0468638 0.00202303 0.998899 11.6098 
0.998542 0.011051 0.0528433 0.0375243 -0.010905 0.999936 -0.00304949 -0.188777 -0.0528737 0.00246883 0.998598 12.2113 
0.998201 0.009079 0.0592576 0.0666026 -0.00885608 0.999953 -0.00402268 -0.19829 -0.0592913 0.00349069 0.998235 12.825 
0.997833 0.00825982 0.0652755 0.102918 -0.00798953 0.999958 -0.00439998 -0.207454 -0.0653092 0.00386896 0.997858 13.4453 
0.997373 0.0110415 0.0715962 0.139551 -0.010609 0.999923 -0.00641736 -0.218435 -0.0716616 0.00564097 0.997413 14.085 
0.996846 0.0148755 0.0779496 0.170267 -0.0141756 0.999854 -0.0095239 -0.232328 -0.0780799 0.00838892 0.996912 14.7308 
0.996442 0.0119187 0.0834367 0.228655 -0.011153 0.999891 -0.0096365 -0.242171 -0.0835425 0.00867168 0.996467 15.4056 
0.996096 0.00436189 0.0881638 0.288977 -0.00376173 0.999969 -0.00697186 -0.250815 -0.0881915 0.00661304 0.996082 16.0924 
0.99565 -0.00135635 0.0931608 0.351807 0.00168518 0.999993 -0.00345061 -0.2614 -0.0931555 0.00359263 0.995645 16.7925 
0.995241 -0.000288417 0.0974401 0.405717 0.000294565 1 -4.82549e-05 -0.270214 -0.0974402 7.67677e-05 0.995241 17.5044 
0.995038 -0.00144845 0.0994895 0.470748 0.00146469 0.999999 -8.97249e-05 -0.278409 -0.0994893 0.000235041 0.995039 18.239 
0.995024 -0.00550301 0.0994882 0.543415 0.00571952 0.999982 -0.00189069 -0.284902 -0.099476 0.00245035 0.995037 18.9865 
0.995152 -0.0116597 0.09766 0.614076 0.0120975 0.999919 -0.00389122 -0.28938 -0.0976067 0.00505384 0.995212 19.7488 
0.995588 -0.0141897 0.0927505 0.674934 0.014657 0.999883 -0.00435764 -0.299053 -0.0926779 0.0056979 0.99568 20.5197 
0.996259 -0.0138934 0.0852891 0.723831 0.0143283 0.999887 -0.00448835 -0.309287 -0.0852172 0.00569364 0.996346 21.3049 
0.997002 -0.0136625 0.0761606 0.764493 0.0139046 0.9999 -0.00264943 -0.320066 -0.0761168 0.00370051 0.997092 22.1102 
0.997683 -0.0139664 0.0665797 0.799508 0.0140414 0.999901 -0.000658052 -0.328135 -0.0665639 0.00159144 0.997781 22.9236 
0.998274 -0.0128656 0.0573014 0.828143 0.012746 0.999916 0.00245351 -0.340297 -0.0573282 -0.00171887 0.998354 23.7567 
0.998709 -0.0122625 0.0492978 0.848595 0.0120492 0.999917 0.00462224 -0.350576 -0.0493504 -0.00402223 0.998773 24.597 
0.99904 -0.0109266 0.042424 0.864728 0.0107014 0.999927 0.00553348 -0.358192 -0.0424814 -0.00507413 0.999084 25.4345 
0.999272 -0.0097493 0.0368787 0.877068 0.00953259 0.999936 0.00604859 -0.365698 -0.0369354 -0.0056926 0.999301 26.2703 
0.999461 -0.00860056 0.0316874 0.883913 0.00841017 0.999946 0.00613821 -0.375295 -0.0317385 -0.00586836 0.999479 27.1068 
0.99961 -0.00812416 0.0267322 0.887113 0.00796949 0.999951 0.00588905 -0.385165 -0.0267788 -0.00567367 0.999625 27.947 
0.999726 -0.00813757 0.0219363 0.88879 0.00801679 0.999952 0.00558998 -0.396022 -0.0219808 -0.00541254 0.999744 28.786 
0.999818 -0.00707393 0.0177413 0.878526 0.00696662 0.999957 0.00610561 -0.403362 -0.0177838 -0.00598086 0.999824 29.6323 
0.999885 -0.00536807 0.0141515 0.872318 0.00527079 0.999962 0.00690558 -0.414768 -0.014188 -0.00683016 0.999876 30.4602 
0.999929 -0.0032267 0.0114446 0.864433 0.00313821 0.999965 0.00774499 -0.424282 -0.0114693 -0.00770849 0.999905 31.2904 
0.999951 -0.00189775 0.00974402 0.857449 0.00182232 0.999968 0.00774857 -0.437435 -0.00975846 -0.00773039 0.999923 32.1174 
0.99996 -0.00102072 0.00893609 0.847367 0.00095596 0.999973 0.00725311 -0.446575 -0.0089433 -0.00724423 0.999934 32.9373 
0.999967 0.000992105 0.00807455 0.836896 -0.00103976 0.999982 0.00590566 -0.457031 -0.00806859 -0.00591382 0.99995 33.748 
0.999966 0.00337896 0.00750939 0.820689 -0.0034221 0.999978 0.00574601 -0.468721 -0.00748985 -0.00577147 0.999955 34.5537 
0.999959 0.00563174 0.00709293 0.80284 -0.00567785 0.999963 0.00650293 -0.482947 -0.00705609 -0.0065429 0.999954 35.3526 
0.999952 0.00725233 0.00655728 0.789944 -0.00729828 0.999949 0.00701787 -0.495299 -0.00650609 -0.00706535 0.999954 36.1345 
0.999944 0.00862154 0.00615126 0.777155 -0.00866503 0.999937 0.00708583 -0.506314 -0.00608983 -0.00713869 0.999956 36.903 
0.999927 0.0106936 0.00562053 0.761887 -0.0107334 0.999917 0.00711945 -0.518706 -0.00554398 -0.00717922 0.999959 37.6563 
0.999905 0.012607 0.00563448 0.748148 -0.0126484 0.999893 0.00738459 -0.526531 -0.00554083 -0.00745511 0.999957 38.4026 
0.999862 0.0154731 0.00603188 0.734021 -0.0155181 0.999852 0.00749259 -0.538539 -0.00591509 -0.00758512 0.999954 39.1266 
0.999792 0.0189226 0.00758582 0.721635 -0.0189786 0.999793 0.00738918 -0.54825 -0.00744447 -0.00753157 0.999944 39.8368 
0.999731 0.0208489 0.0101509 0.71912 -0.0209131 0.999762 0.00626076 -0.562444 -0.010018 -0.00647132 0.999929 40.5221 
0.999653 0.0223425 0.0139541 0.716219 -0.0224198 0.999734 0.00540628 -0.576467 -0.0138296 -0.00571721 0.999888 41.2074 
0.999574 0.0220425 0.0191176 0.715981 -0.0221516 0.999739 0.00551736 -0.582566 -0.018991 -0.00593845 0.999802 41.8872 
0.999436 0.0230457 0.0244426 0.722451 -0.0231961 0.999714 0.00589122 -0.594866 -0.0242999 -0.00645483 0.999684 42.5529 
0.999252 0.0233586 0.0308092 0.729019 -0.0235635 0.999702 0.00630543 -0.601905 -0.0306528 -0.00702665 0.999505 43.2036 
0.99901 0.0227797 0.0382134 0.743088 -0.0230562 0.999711 0.00681199 -0.611354 -0.0380472 -0.00768626 0.999246 43.8379 
0.998634 0.0230803 0.0468775 0.7647 -0.0234117 0.999705 0.00653477 -0.617677 -0.0467128 -0.00762329 0.998879 44.4589 
0.99807 0.0238321 0.0573411 0.7921 -0.0242367 0.999686 0.00637191 -0.627111 -0.0571713 -0.00774933 0.998334 45.0677 
0.997308 0.0235931 0.0694307 0.828759 -0.0240821 0.999691 0.00621507 -0.636044 -0.0692627 -0.00787034 0.997567 45.6659 
0.996395 0.0222452 0.0818641 0.875693 -0.0228306 0.99972 0.00622254 -0.644338 -0.0817028 -0.00806908 0.996624 46.2517 
0.995254 0.0214875 0.0949148 0.927719 -0.0221377 0.999738 0.00580304 -0.653904 -0.0947653 -0.00787666 0.995469 46.8262 
0.993718 0.0214633 0.109836 0.986849 -0.0222242 0.999737 0.00570807 -0.661601 -0.109685 -0.00811319 0.993933 47.3891 
0.99177 0.0214112 0.126228 1.05815 -0.0223442 0.999732 0.00598028 -0.669339 -0.126066 -0.00875149 0.991983 47.9396 
0.989345 0.0238579 0.14362 1.13395 -0.0248733 0.999677 0.00527873 -0.677086 -0.143447 -0.00879474 0.989619 48.4782 
0.986127 0.0224153 0.164471 1.22432 -0.0234776 0.999714 0.00451759 -0.686733 -0.164323 -0.00831627 0.986372 49.0034 
0.981952 0.0257884 0.187362 1.32634 -0.0269202 0.999632 0.00349832 -0.69646 -0.187203 -0.00847897 0.982285 49.5167 
0.976815 0.0248722 0.212638 1.44084 -0.0256889 0.999669 0.00107878 -0.703888 -0.21254 -0.00651616 0.977131 50.0138 
0.970706 0.0239646 0.239073 1.57205 -0.0242478 0.999704 -0.00175658 -0.715158 -0.239044 -0.00409183 0.971 50.4951 
0.963388 0.023004 0.267122 1.71147 -0.022642 0.999734 -0.00443551 -0.724177 -0.267153 -0.00177504 0.963652 50.9567 
0.954735 0.0205566 0.296747 1.86723 -0.0198575 0.999788 -0.00537013 -0.73813 -0.296794 -0.00076557 0.954941 51.4087 
0.944573 0.0225804 0.327525 2.02491 -0.0212548 0.999745 -0.00762636 -0.750533 -0.327614 0.000242194 0.944812 51.839 
0.932977 0.0231357 0.359191 2.19231 -0.021955 0.999732 -0.00736623 -0.764197 -0.359265 -0.00101349 0.933235 52.2547 
0.919907 0.0223294 0.391501 2.37248 -0.0217487 0.999746 -0.00591786 -0.77965 -0.391534 -0.00307075 0.920159 52.6569 
0.904814 0.0213491 0.425271 2.56589 -0.0212106 0.999762 -0.00506115 -0.795802 -0.425278 -0.00444081 0.905052 53.0392 
0.887636 0.0207135 0.460079 2.76603 -0.0205802 0.999774 -0.00530566 -0.809444 -0.460085 -0.00475899 0.887862 53.4002 
0.868443 0.0204686 0.495367 2.97613 -0.0199698 0.999781 -0.00630121 -0.82308 -0.495387 -0.00442012 0.868661 53.7408 
0.847175 0.0195338 0.530955 3.19676 -0.0179996 0.999806 -0.00806316 -0.834733 -0.53101 -0.00272605 0.847361 54.0622 
0.823876 0.0182407 0.566477 3.42856 -0.0155629 0.999833 -0.00956043 -0.846224 -0.566557 -0.000939375 0.824022 54.3664 
0.798498 0.0152147 0.601806 3.67615 -0.0117668 0.999884 -0.00966598 -0.858925 -0.601883 0.000636935 0.798584 54.6599 
0.770429 0.0114303 0.637423 3.93347 -0.00866372 0.999935 -0.00745934 -0.869899 -0.637467 0.000224467 0.770478 54.9412 
0.740683 0.00688525 0.67182 4.205 -0.0060498 0.999975 -0.00357841 -0.879302 -0.671828 -0.00141388 0.740706 55.2065 
0.708601 0.00319385 0.705602 4.48225 -0.00457587 0.99999 6.90191e-05 -0.886892 -0.705595 -0.00327763 0.708608 55.4559 
0.67335 0.000716056 0.739323 4.76811 -0.0056089 0.999976 0.00413996 -0.895663 -0.739302 -0.00693441 0.673338 55.6927 
0.63583 -0.00290715 0.771824 5.06521 -0.00445212 0.999962 0.00743419 -0.904396 -0.771817 -0.00816311 0.635793 55.9087 
0.596762 -0.00652611 0.802392 5.36998 -0.00159265 0.999955 0.00931753 -0.909943 -0.802417 -0.00683826 0.596725 56.0993 
0.554606 -0.00867573 0.832068 5.68558 0.00153284 0.999955 0.0094046 -0.914939 -0.832111 -0.00394041 0.554595 56.2754 
0.509888 -0.00764354 0.860207 6.01679 0.00282333 0.99997 0.00721196 -0.919036 -0.860236 -0.00124863 0.509895 56.4424 
0.462989 -0.0051641 0.886349 6.36203 0.0012827 0.999986 0.00515621 -0.922476 -0.886363 -0.00125033 0.462989 56.6007 
0.413721 -0.00225083 0.910401 6.72861 -0.00262008 0.99999 0.00366304 -0.925338 -0.9104 -0.00390079 0.413711 56.7515 
0.363624 0.000211241 0.931546 7.10619 -0.00757442 0.999968 0.00272993 -0.927759 -0.931515 -0.00804858 0.363613 56.88 
0.31376 0.000701526 0.949502 7.50265 -0.00989484 0.999948 0.00253098 -0.932013 -0.949451 -0.0101893 0.313751 56.9886 
0.265528 0.000450841 0.964103 7.91317 -0.0083011 0.999964 0.00181868 -0.936657 -0.964067 -0.00848602 0.265522 57.0756 
0.220053 -0.000362021 0.975488 8.34428 -0.007136 0.999973 0.00198091 -0.940019 -0.975462 -0.00739698 0.220044 57.1527 
0.178403 -0.00245198 0.983955 8.79617 -0.0071701 0.999967 0.00379195 -0.942749 -0.983932 -0.00773154 0.178379 57.2168 
0.139559 -0.00468057 0.990203 9.27559 -0.00722763 0.999957 0.00574539 -0.943577 -0.990187 -0.00795863 0.13952 57.271 
0.103181 -0.00643565 0.994642 9.77193 -0.00823997 0.999939 0.00732476 -0.946411 -0.994629 -0.00895159 0.103121 57.3105 
0.0704013 -0.00770789 0.997489 10.2899 -0.00729186 0.999939 0.00824152 -0.949199 -0.997492 -0.00785377 0.0703408 57.3354 
0.0410624 -0.00820103 0.999123 10.8268 -0.00688833 0.99994 0.00849088 -0.949826 -0.999133 -0.00723095 0.0410035 57.3446 
0.0145934 -0.00602065 0.999875 11.3848 -0.00945621 0.999936 0.00615907 -0.948416 -0.999849 -0.00954491 0.0145355 57.3511 
-0.00809206 -0.00364331 0.999961 11.9615 -0.0135498 0.999902 0.00353349 -0.947994 -0.999875 -0.0135207 -0.00814063 57.351 
-0.027579 -0.00278026 0.999616 12.5615 -0.0137823 0.999902 0.00240085 -0.947481 -0.999525 -0.0137108 -0.0276146 57.332 
-0.0446376 -0.00208393 0.999001 13.1767 -0.00982876 0.99995 0.00164678 -0.948882 -0.998955 -0.00974544 -0.0446559 57.2976 
-0.0603931 -0.00242947 0.998172 13.8123 -0.00785197 0.999967 0.00195881 -0.952344 -0.998144 -0.00771932 -0.0604102 57.2574 
-0.0759694 -0.00355926 0.997104 14.4672 -0.00844571 0.99996 0.00292602 -0.957517 -0.997074 -0.00819896 -0.0759964 57.2143 
-0.0906313 -0.00258562 0.995881 15.141 -0.0077224 0.999968 0.00189348 -0.963495 -0.995855 -0.00751899 -0.0906484 57.1576 
-0.102969 -0.000811541 0.994684 15.8349 -0.00590197 0.999983 0.000204939 -0.968326 -0.994667 -0.0058495 -0.102972 57.0913 
-0.112657 0.00173352 0.993632 16.5435 0.00112868 0.999998 -0.00161662 -0.973479 -0.993633 0.000939364 -0.112659 57.0101 
-0.118423 0.00453095 0.992953 17.2699 0.00885404 0.999955 -0.0035069 -0.979682 -0.992924 0.00837635 -0.118458 56.9198 
-0.120529 0.00452536 0.992699 18.0134 0.0137544 0.999901 -0.00288815 -0.989219 -0.992615 0.0133059 -0.12058 56.8298 
-0.120516 0.00297269 0.992707 18.7757 0.0145665 0.999893 -0.00122579 -0.997556 -0.992605 0.0143125 -0.120546 56.7512 
-0.117838 0.00214907 0.993031 19.56 0.0177977 0.999842 -5.18154e-05 -1.00383 -0.992873 0.0176675 -0.117858 56.6722 
-0.1135 0.00113475 0.993537 20.3544 0.0198036 0.999803 0.00112046 -1.0149 -0.993341 0.0198027 -0.1135 56.5982 
-0.109095 0.00206007 0.994029 21.1513 0.0183399 0.999832 -5.92506e-05 -1.02244 -0.993862 0.018224 -0.109114 56.5266 
-0.105124 0.00309115 0.994454 21.9559 0.0180069 0.999837 -0.00120434 -1.03217 -0.994296 0.0177804 -0.105162 56.4655 
-0.100593 0.00226797 0.994925 22.7628 0.0227008 0.999742 1.62881e-05 -1.04571 -0.994669 0.0225872 -0.100619 56.3925 
-0.0968194 0.00023382 0.995302 23.5753 0.0284271 0.999593 0.0025305 -1.05669 -0.994896 0.0285386 -0.0967866 56.3191 
-0.0931189 -0.00324324 0.99565 24.3881 0.0310818 0.999498 0.00616276 -1.06699 -0.99517 0.0315204 -0.0929713 56.256 
-0.088629 -0.00677187 0.996042 25.201 0.0341275 0.999369 0.00983124 -1.07557 -0.99548 0.0348637 -0.088342 56.1973 
-0.0830949 -0.00957247 0.996496 26.0087 0.0348895 0.999313 0.0125089 -1.08186 -0.995931 0.0358066 -0.0827039 56.1419 
-0.0791154 -0.0110234 0.996805 26.8208 0.0326787 0.999373 0.0136455 -1.08838 -0.99633 0.0336538 -0.0787056 56.1012 
-0.0752559 -0.0126036 0.997085 27.6271 0.0260449 0.999554 0.0146006 -1.08956 -0.996824 0.0270677 -0.074894 56.0661 
-0.0710342 -0.0161294 0.997344 28.441 0.0202693 0.999639 0.0176102 -1.09139 -0.997268 0.0214664 -0.0706816 56.0373 
-0.0666815 -0.0175921 0.997619 29.2571 0.017484 0.99967 0.018797 -1.0932 -0.997621 0.0186957 -0.0663519 56.0053 
-0.062776 -0.0136427 0.997934 30.0662 0.0180878 0.999727 0.014805 -1.09843 -0.997864 0.0189798 -0.0625121 55.9745 
-0.0593057 -0.00589283 0.998223 30.8759 0.0193583 0.999788 0.00705221 -1.1026 -0.998052 0.0197421 -0.059179 55.9402 
-0.0565166 -9.57131e-06 0.998402 31.6938 0.0179289 0.999839 0.00102453 -1.10876 -0.998241 0.0179582 -0.0565074 55.9103 
-0.0545297 -0.000677065 0.998512 32.5207 0.0173215 0.999849 0.00162396 -1.11531 -0.998362 0.0173843 -0.0545098 55.8776 
-0.0533074 -0.00436708 0.998569 33.3521 0.0199289 0.999787 0.00543633 -1.12472 -0.998379 0.0201902 -0.053209 55.8468 
-0.0523103 -0.00466613 0.99862 34.1806 0.0210353 0.999762 0.0057734 -1.13697 -0.998409 0.0213083 -0.0521997 55.8148 
-0.052302 -0.00224956 0.998629 35.0105 0.0191458 0.999811 0.00325501 -1.14767 -0.998448 0.0192898 -0.0522491 55.7897 
-0.0525676 -0.00101103 0.998617 35.8426 0.0121574 0.999925 0.00165236 -1.15706 -0.998543 0.0122274 -0.0525514 55.7727 
-0.0536843 -0.00181255 0.998556 36.6891 0.0105112 0.999942 0.00238021 -1.16426 -0.998503 0.0106239 -0.0536622 55.746 
-0.0547523 -0.00271221 0.998496 37.5417 0.0107788 0.999936 0.00330722 -1.17525 -0.998442 0.0109437 -0.0547196 55.7123 
-0.0563137 0.000974959 0.998413 38.3956 0.0102721 0.999947 -0.000397037 -1.18848 -0.99836 0.0102334 -0.0563208 55.68 
-0.0577059 0.00515605 0.99832 39.2586 0.0106599 0.999933 -0.00454816 -1.19779 -0.998277 0.0103795 -0.057757 55.6464 
-0.0584639 0.00798571 0.998258 40.1333 0.0121027 0.9999 -0.00729 -1.20896 -0.998216 0.0116554 -0.0585547 55.611 
-0.059416 0.00902077 0.998193 41.0179 0.0146116 0.99986 -0.00816606 -1.22715 -0.998126 0.0141 -0.0595395 55.5684 
-0.0602729 0.0103513 0.998128 41.9095 0.0152145 0.99984 -0.00945026 -1.24636 -0.998066 0.0146164 -0.0604207 55.5285 
-0.0614608 0.00999062 0.99806 42.8176 0.0140956 0.999859 -0.00914057 -1.26355 -0.99801 0.0135065 -0.0615929 55.4859 
-0.062769 0.00526787 0.998014 43.7373 0.0120023 0.999918 -0.00452301 -1.28147 -0.997956 0.0116946 -0.0628271 55.4484 
-0.0643221 0.00360015 0.997923 44.6665 0.011906 0.999925 -0.00283992 -1.30261 -0.997858 0.0116986 -0.0643601 55.4072 
-0.0654887 0.00706718 0.997828 45.5966 0.0124033 0.999903 -0.00626779 -1.31819 -0.997776 0.0119659 -0.06557 55.361 
-0.0661833 0.010662 0.997751 46.5335 0.0134216 0.999862 -0.00979425 -1.33358 -0.997717 0.0127432 -0.0663173 55.3163 
-0.0659754 0.0118888 0.99775 47.4805 0.0165116 0.999805 -0.0108215 -1.35356 -0.997685 0.0157605 -0.0661589 55.2643 
-0.0659343 0.00837743 0.997789 48.4444 0.0210571 0.999754 -0.00700242 -1.37433 -0.997602 0.0205488 -0.0660944 55.2081 
-0.0663846 0.00264135 0.997791 49.4234 0.0228395 0.999739 -0.00112691 -1.38811 -0.997533 0.0227142 -0.0664275 55.1553 
-0.065828 -0.000449689 0.997831 50.4086 0.0241761 0.999706 0.0020455 -1.40713 -0.997538 0.0242583 -0.0657977 55.1106 
-0.064235 0.00108129 0.997934 51.3976 0.0232136 0.99973 0.000411009 -1.41723 -0.997665 0.023192 -0.0642427 55.0672 
-0.0635645 0.00406713 0.997969 52.3868 0.0226163 0.999741 -0.00263379 -1.42824 -0.997721 0.0224029 -0.06364 55.0254 
-0.063372 0.00593721 0.997972 53.3913 0.0167362 0.999848 -0.00488557 -1.44769 -0.99785 0.0163927 -0.0634618 54.987 
-0.0639556 0.00579068 0.997936 54.4027 0.0137899 0.999893 -0.00491823 -1.4626 -0.997858 0.0134469 -0.0640286 54.9466 
-0.0645379 0.00107011 0.997915 55.4297 0.0138276 0.999904 -0.000177928 -1.47667 -0.997819 0.0137873 -0.0645465 54.9004 
-0.0651648 -0.00485419 0.997863 56.4723 0.0117493 0.999915 0.00563149 -1.4903 -0.997805 0.0120912 -0.0651022 54.8515 
-0.065754 -0.00436309 0.997826 57.5101 0.0137581 0.999891 0.00527878 -1.50167 -0.997741 0.0140753 -0.0656869 54.7979 
-0.0659477 -0.000906044 0.997823 58.5432 0.0167718 0.999857 0.00201641 -1.50913 -0.997682 0.0168683 -0.0659231 54.7404 
-0.0671034 0.00199657 0.997744 59.5906 0.0188687 0.999822 -0.000731677 -1.52151 -0.997568 0.018777 -0.0671291 54.6851 
-0.0694035 -0.00102864 0.997588 60.6491 0.019305 0.999811 0.00237405 -1.53397 -0.997402 0.0194232 -0.0693705 54.6291 
-0.0719912 -0.0061201 0.997387 61.714 0.0206426 0.999758 0.00762467 -1.54513 -0.997192 0.0211376 -0.0718474 54.5655 
-0.0752323 -0.00905267 0.997125 62.7931 0.0220275 0.9997 0.010738 -1.55529 -0.996923 0.022772 -0.0750103 54.5033 
-0.0786639 -0.00812045 0.996868 63.8611 0.0265385 0.999595 0.0102369 -1.55908 -0.996548 0.0272606 -0.0784166 54.4277 
-0.0821509 -0.00908197 0.996579 64.9294 0.0298804 0.999487 0.0115716 -1.56451 -0.996172 0.0307288 -0.0818373 54.3543 
-0.0857302 -0.0110439 0.996257 65.9996 0.0336373 0.999336 0.0139727 -1.57136 -0.99575 0.0347093 -0.0853019 54.275 
-0.088624 -0.0105587 0.996009 67.0718 0.0369604 0.99922 0.0138815 -1.57362 -0.995379 0.0380432 -0.0881647 54.1963 
-0.0909137 -0.00684748 0.995835 68.1366 0.0407984 0.999111 0.0105947 -1.57769 -0.995023 0.0415917 -0.0905535 54.1131 
-0.0926992 -0.00219437 0.995692 69.2061 0.0430761 0.999053 0.00621221 -1.58524 -0.994762 0.0434664 -0.0925168 54.0298 
-0.0938571 0.000640528 0.995586 70.2762 0.0466548 0.998904 0.00375568 -1.59479 -0.994492 0.0468013 -0.0937842 53.9406 
-0.0931717 8.49753e-05 0.99565 71.346 0.0456079 0.998951 0.00418271 -1.60564 -0.994605 0.0457992 -0.0930778 53.8597 
-0.0903795 -0.0022734 0.995905 72.4159 0.0468653 0.99888 0.00653331 -1.61681 -0.994804 0.0472638 -0.0901717 53.7802 
-0.0857142 -0.00570111 0.996304 73.488 0.0502635 0.998686 0.0100391 -1.62759 -0.995051 0.0509382 -0.0853149 53.6976 
-0.0804309 -0.00861092 0.996723 74.5612 0.050694 0.998633 0.0127182 -1.63523 -0.99547 0.0515509 -0.0798844 53.631 
-0.0756106 -0.0120149 0.997065 75.6398 0.051955 0.998522 0.0159724 -1.63912 -0.995783 0.0530102 -0.0748746 53.5723 
-0.0708568 -0.0132366 0.997399 76.7163 0.0532467 0.998436 0.0170332 -1.64496 -0.996064 0.0543151 -0.0700412 53.5138 
-0.067095 -0.00920405 0.997704 77.793 0.053453 0.998488 0.012806 -1.65093 -0.996314 0.0541895 -0.0665016 53.462 
-0.0647642 -0.00437771 0.997891 78.8648 0.0527568 0.998577 0.00780473 -1.65429 -0.996505 0.053151 -0.0644411 53.4076 
-0.0634116 -0.00461552 0.997977 79.9412 0.0529778 0.998564 0.00798449 -1.66143 -0.99658 0.0533769 -0.063076 53.3572 
-0.0618684 -0.00659967 0.998063 81.0238 0.0539644 0.998493 0.00994773 -1.66962 -0.996624 0.0544753 -0.061419 53.3067 
-0.0600612 -0.00355728 0.998188 82.1099 0.0543057 0.998501 0.00682603 -1.67993 -0.996716 0.0546173 -0.059778 53.2623 
-0.0577846 0.00229226 0.998326 83.1797 0.0544516 0.998516 0.000859082 -1.6925 -0.996843 0.0544101 -0.0578237 53.211 
-0.0557736 0.00541697 0.998429 84.2541 0.0535631 0.998562 -0.00242554 -1.70899 -0.997006 0.0533437 -0.0559835 53.1705 
-0.0533999 0.00462795 0.998563 85.332 0.0540488 0.998537 -0.00173743 -1.73178 -0.997109 0.0538783 -0.0535719 53.1317 
-0.0496919 0.00138432 0.998764 86.4198 0.0519878 0.998647 0.00120246 -1.75154 -0.997411 0.0519833 -0.0496967 53.0976 
-0.0452868 -0.00281819 0.99897 87.5063 0.0518644 0.998641 0.00516849 -1.76576 -0.997627 0.052045 -0.045079 53.0679 
-0.0406091 -0.00530668 0.999161 88.5936 0.0503787 0.998703 0.00735184 -1.77901 -0.997904 0.050635 -0.040289 53.0426 
-0.0371483 -0.00123684 0.999309 89.6831 0.0465549 0.998911 0.00296702 -1.79468 -0.998225 0.046633 -0.0370503 53.0265 
-0.0354179 0.00813625 0.99934 90.7637 0.0429632 0.999055 -0.00661122 -1.81363 -0.998449 0.0427007 -0.035734 53.0133 
-0.0344279 0.0160709 0.999278 91.8504 0.0373766 0.999192 -0.0147818 -1.84053 -0.998708 0.0368407 -0.0350008 53.0016 
-0.0338983 0.0156669 0.999303 92.9479 0.036706 0.999222 -0.0144205 -1.86893 -0.998751 0.0361916 -0.034447 52.9826 
-0.0331554 0.00935006 0.999407 94.0535 0.0364143 0.999304 -0.00814101 -1.90086 -0.998787 0.0361228 -0.0334728 52.9649 
-0.0345292 0.00318279 0.999399 95.1542 0.0381841 0.999269 -0.00186308 -1.92523 -0.998674 0.0380968 -0.0346255 52.9409 
-0.0367133 -0.0026287 0.999322 96.2508 0.03647 0.999327 0.00396859 -1.94051 -0.99866 0.0365909 -0.0365927 52.9236 
-0.038699 -0.00765 0.999222 97.3506 0.0359981 0.999311 0.0090449 -1.96011 -0.998602 0.0363201 -0.0383969 52.8995 
-0.0408983 -0.00703284 0.999139 98.4343 0.0364364 0.9993 0.00852548 -1.97283 -0.998499 0.0367537 -0.0406134 52.8729 
-0.0429118 -0.00680962 0.999056 99.5188 0.0358696 0.999322 0.00835216 -1.98535 -0.998435 0.0361941 -0.0426384 52.8451 
-0.0444832 -0.00806524 0.998978 100.6 0.0370037 0.999268 0.00971535 -1.99667 -0.998325 0.037398 -0.0441522 52.8114 
-0.0452775 -0.00647589 0.998953 101.678 0.0380078 0.999244 0.00820051 -2.0126 -0.998251 0.0383393 -0.0449972 52.7777 
-0.045755 0.00179988 0.998951 102.752 0.038611 0.999254 -3.18793e-05 -2.02859 -0.998206 0.0385691 -0.0457904 52.7446 
-0.046045 0.00969622 0.998892 103.816 0.0357761 0.999327 -0.00805126 -2.04759 -0.998299 0.0353658 -0.046361 52.7138 
-0.0473771 0.0101275 0.998826 104.886 0.0334216 0.999405 -0.00854806 -2.07021 -0.998318 0.0329774 -0.0476874 52.6862 
-0.0496918 0.00406504 0.998756 105.96 0.0288832 0.999579 -0.00263131 -2.09716 -0.998347 0.0287165 -0.0497884 52.6599 
-0.0528221 -0.00360229 0.998597 107.03 0.0226907 0.999731 0.00480668 -2.11527 -0.998346 0.0229128 -0.0527261 52.6354 
-0.0547833 -0.0117917 0.998429 108.09 0.0207549 0.999701 0.0129455 -2.12468 -0.998283 0.0214314 -0.0545221 52.5985 
-0.0564256 -0.0181955 0.998241 109.141 0.0238351 0.999524 0.0195662 -2.13212 -0.998122 0.0248972 -0.055965 52.5516 
-0.058511 -0.0184653 0.998116 110.181 0.0225207 0.99955 0.019812 -2.13479 -0.998033 0.0236375 -0.0580688 52.5122 
-0.0593309 -0.0108012 0.99818 111.213 0.026239 0.999579 0.012376 -2.14273 -0.997894 0.0269255 -0.0590225 52.4659 
-0.0598603 0.00375188 0.9982 112.236 0.0348615 0.999391 -0.00166573 -2.15547 -0.997598 0.0346991 -0.0599546 52.4094 
-0.0608916 0.0147593 0.998035 113.251 0.039701 0.999135 -0.0123533 -2.17582 -0.997355 0.0388708 -0.0614249 52.352 
-0.0611699 0.0115653 0.99806 114.277 0.0400556 0.999156 -0.00912303 -2.19991 -0.997323 0.0394199 -0.0615816 52.3049 
-0.0610101 0.0010098 0.998137 115.32 0.0425326 0.999094 0.00158903 -2.22263 -0.997231 0.0425503 -0.0609978 52.2564 
-0.0605521 -0.00896707 0.998125 116.351 0.042511 0.999029 0.0115542 -2.2375 -0.997259 0.0431309 -0.0601121 52.2079 
-0.0604518 -0.0142893 0.998069 117.373 0.0410163 0.999017 0.0167873 -2.24433 -0.997328 0.0419519 -0.0598063 52.1665 
-0.0604834 -0.0196622 0.997976 118.391 0.0385158 0.999015 0.022017 -2.24383 -0.997426 0.0397694 -0.0596666 52.1262 
-0.0599546 -0.0229377 0.997938 119.407 0.0357742 0.999044 0.0251125 -2.24418 -0.99756 0.0372061 -0.0590767 52.0803 
-0.0598763 -0.0207588 0.99799 120.403 0.0344091 0.999147 0.0228473 -2.24403 -0.997613 0.035708 -0.0591109 52.0389 
-0.059271 -0.0139122 0.998145 121.394 0.0320024 0.999362 0.0158295 -2.2441 -0.997729 0.0328813 -0.058788 51.9996 
-0.0591126 -0.00769126 0.998222 122.389 0.031795 0.999449 0.00958359 -2.24534 -0.997745 0.032305 -0.0588355 51.9587 
-0.0586845 -0.00252308 0.998273 123.372 0.0324793 0.999463 0.00443545 -2.25567 -0.997748 0.0326835 -0.058571 51.9143 
-0.0586559 0.00223481 0.998276 124.344 0.033787 0.999429 -0.000252119 -2.26923 -0.997706 0.0337139 -0.058698 51.8729 
-0.0579627 0.0064247 0.998298 125.31 0.0347872 0.999385 -0.00441186 -2.28882 -0.997713 0.0344722 -0.0581506 51.8295 
-0.0580441 0.00570963 0.998298 126.275 0.0359684 0.999346 -0.00362428 -2.30706 -0.997666 0.0356968 -0.0582115 51.7904 
-0.0579633 -0.000708914 0.998319 127.242 0.0345128 0.999401 0.00271357 -2.32693 -0.997722 0.034612 -0.0579041 51.7528 
-0.0586846 -0.0106512 0.99822 128.201 0.0324826 0.999393 0.0125734 -2.34202 -0.997748 0.0331627 -0.058303 51.7187 
-0.059472 -0.0186327 0.998056 129.141 0.0272399 0.999423 0.0202814 -2.3519 -0.997858 0.0283931 -0.0589301 51.6832 
-0.0619523 -0.0216093 0.997845 130.064 0.0222667 0.999487 0.0230274 -2.35485 -0.997831 0.0236453 -0.0614393 51.6511 
-0.0636481 -0.0194234 0.997783 130.965 0.0178174 0.999629 0.0205959 -2.36096 -0.997813 0.0190888 -0.0632784 51.6151 
-0.0648272 -0.0121525 0.997823 131.842 0.0146065 0.999807 0.0131257 -2.36614 -0.99779 0.0154256 -0.0646372 51.5791 
-0.0655009 -0.00519816 0.997839 132.7 0.0168201 0.999839 0.00631274 -2.37445 -0.997711 0.0171972 -0.0654029 51.5381 
-0.0644248 0.000819134 0.997922 133.543 0.0209004 0.999781 0.000528688 -2.38724 -0.997704 0.020891 -0.0644278 51.4933 
-0.0613958 0.0030918 0.998109 134.369 0.0246385 0.999695 -0.0015811 -2.40554 -0.997809 0.0244948 -0.0614533 51.4509 
-0.0569529 0.00266843 0.998373 135.177 0.028715 0.999587 -0.00103357 -2.42222 -0.997964 0.0286095 -0.057006 51.4168 
-0.0520156 -0.0023201 0.998644 135.968 0.0312655 0.999503 0.00395065 -2.43864 -0.998157 0.0314286 -0.0519172 51.386 
-0.0480521 -0.00651669 0.998824 136.739 0.0320182 0.999455 0.0080612 -2.45654 -0.998332 0.0323679 -0.0478173 51.3646 
-0.0437389 -0.00632833 0.999023 137.474 0.0326924 0.999435 0.00776231 -2.47418 -0.998508 0.0329999 -0.0435073 51.3437 
-0.039166 -0.00182705 0.999231 138.182 0.0338229 0.999423 0.00315317 -2.49021 -0.99866 0.0339204 -0.0390816 51.3269 
-0.0347311 0.00221708 0.999394 138.861 0.0343591 0.999409 -0.00102302 -2.50191 -0.998806 0.0343027 -0.0347868 51.3158 
-0.0303307 0.00295569 0.999536 139.515 0.0353544 0.999373 -0.00188234 -2.51329 -0.998915 0.0352809 -0.0304162 51.308 
-0.0260668 0.00261534 0.999657 140.139 0.0329193 0.999457 -0.00175638 -2.52992 -0.999118 0.0328622 -0.0261387 51.3064 
-0.0222744 0.00163629 0.999751 140.726 0.0279051 0.99961 -0.00101429 -2.54772 -0.999362 0.0278756 -0.0223113 51.3126 
-0.0188188 0.00200139 0.999821 141.294 0.0234751 0.999723 -0.0015593 -2.56409 -0.999547 0.0234416 -0.0188605 51.3199 
-0.0159039 0.00524723 0.99986 141.844 0.0219394 0.999747 -0.00489762 -2.57623 -0.999633 0.0218585 -0.016015 51.3257 
-0.0147937 0.00929203 0.999847 142.382 0.0208019 0.999743 -0.00898324 -2.58988 -0.999674 0.0206658 -0.0149832 51.3255 
-0.015147 0.0102947 0.999832 142.913 0.0177199 0.999793 -0.0100258 -2.60703 -0.999728 0.0175651 -0.0153262 51.3292 
-0.0169709 0.00833282 0.999821 143.446 0.0116023 0.9999 -0.00813649 -2.62141 -0.999789 0.0114622 -0.0170659 51.3372 
-0.0189982 0.00417256 0.999811 143.982 0.00634528 0.999972 -0.00405262 -2.63115 -0.999799 0.00626709 -0.0190241 51.3391 
-0.0211322 -0.00104599 0.999776 144.51 0.00551623 0.999984 0.00116285 -2.64224 -0.999762 0.00553957 -0.0211261 51.3348 
-0.0233017 -0.00399474 0.999721 145.031 0.00877991 0.999953 0.00420035 -2.65365 -0.99969 0.00887533 -0.0232656 51.3221 
-0.0256226 -0.00190276 0.99967 145.543 0.0110266 0.999937 0.00218594 -2.66849 -0.999611 0.011079 -0.0256 51.3087 
-0.0287656 0.00142003 0.999585 146.051 0.010554 0.999944 -0.00111678 -2.67775 -0.999531 0.0105175 -0.028779 51.3042 
-0.0312183 0.00304839 0.999508 146.555 0.00675198 0.999973 -0.00283888 -2.68585 -0.99949 0.00666003 -0.031238 51.2997 
-0.0336318 0.00478042 0.999423 147.052 0.00588594 0.999972 -0.00458494 -2.69182 -0.999417 0.00572834 -0.033659 51.2943 
-0.035505 0.00624342 0.99935 147.551 0.00736936 0.999955 -0.00598534 -2.69753 -0.999342 0.00715206 -0.0355495 51.2805 
-0.0383451 0.0037247 0.999258 148.052 0.00807413 0.999962 -0.00341745 -2.70727 -0.999232 0.00793709 -0.0383737 51.2662 
-0.0407817 -0.00162939 0.999167 148.551 0.00729192 0.999972 0.00192837 -2.72012 -0.999142 0.00736449 -0.0407687 51.2522 
-0.0433628 -0.00469239 0.999048 149.046 0.00639928 0.999967 0.0049745 -2.72354 -0.999039 0.00660889 -0.0433314 51.2412 
-0.0461071 -0.00576833 0.99892 149.536 0.00397716 0.999974 0.00595804 -2.72989 -0.998929 0.00424757 -0.046083 51.229 
-0.0481648 -0.00754797 0.998811 150.029 0.00273242 0.999967 0.0076885 -2.7429 -0.998836 0.00309948 -0.0481426 51.2162 
-0.049333 -0.00921406 0.99874 150.516 0.00215076 0.999954 0.00933154 -2.75253 -0.99878 0.0026084 -0.0493109 51.2013 
-0.0502558 -0.009341 0.998693 151 0.00160752 0.999954 0.00943373 -2.75656 -0.998735 0.00207952 -0.0502384 51.1862 
-0.0494491 -0.00742892 0.998749 151.481 0.00442299 0.999961 0.00765696 -2.75683 -0.998767 0.00479608 -0.0494143 51.1725 
-0.0446906 -0.00463011 0.99899 151.953 0.00671005 0.999965 0.00493485 -2.76022 -0.998978 0.00692382 -0.044658 51.1592 
-0.0375018 -0.00292545 0.999292 152.422 0.0070142 0.99997 0.0031907 -2.76773 -0.999272 0.00712889 -0.0374802 51.1556 
-0.0275559 -0.0031226 0.999615 152.887 0.00499461 0.999982 0.00326147 -2.77465 -0.999608 0.00508256 -0.0275399 51.1631 
-0.0120155 -0.004222 0.999919 153.342 0.0067812 0.999968 0.00430373 -2.77969 -0.999905 0.00683236 -0.0119865 51.1728 
0.0102418 -0.00390357 0.99994 153.793 0.0126107 0.999913 0.00377434 -2.78158 -0.999868 0.0125713 0.0102902 51.1897 
0.0399268 -0.00348603 0.999197 154.238 0.0195064 0.999806 0.00270875 -2.78729 -0.999012 0.0193826 0.0399871 51.2233 
0.0762226 -0.00416954 0.997082 154.676 0.0212919 0.99977 0.00255315 -2.7926 -0.996864 0.0210352 0.0762939 51.2813 
0.116924 -0.00445658 0.993131 155.104 0.018144 0.999833 0.00235056 -2.80585 -0.992975 0.0177445 0.116985 51.3693 
0.158801 -0.00152588 0.98731 155.524 0.0138525 0.999904 -0.000682669 -2.81641 -0.987214 0.0137851 0.158806 51.4779 
0.200462 0.00318712 0.979696 155.932 0.0135613 0.99989 -0.00602764 -2.81899 -0.979608 0.0144943 0.200397 51.5988 
0.24274 0.00744005 0.970063 156.336 0.0147961 0.999826 -0.0113707 -2.82305 -0.969979 0.0171133 0.242588 51.7308 
0.285335 0.00947258 0.958381 156.731 0.0162152 0.99976 -0.0147092 -2.83315 -0.958291 0.0197374 0.285113 51.879 
0.326812 0.0114292 0.94502 157.112 0.012968 0.999779 -0.016576 -2.84047 -0.945 0.0176723 0.326592 52.0525 
0.367112 0.0155324 0.930047 157.477 0.00522189 0.99981 -0.0187587 -2.84599 -0.930162 0.0117432 0.366961 52.248 
0.406836 0.020681 0.913267 157.83 -0.00320904 0.99977 -0.0212102 -2.85768 -0.913495 0.00569839 0.406809 52.4589 
0.446181 0.0265123 0.89455 158.183 -0.00761219 0.999637 -0.02583 -2.8696 -0.894911 0.00471536 0.446221 52.6817 
0.484413 0.0304698 0.874309 158.53 -0.00891127 0.999513 -0.0298959 -2.88106 -0.874794 0.00669075 0.484449 52.9167 
0.522108 0.029394 0.852373 158.879 -0.00693629 0.999519 -0.0302196 -2.8965 -0.852851 0.00986559 0.522061 53.1651 
0.557885 0.0278742 0.82945 159.22 -0.00827395 0.999573 -0.0280262 -2.90835 -0.829877 0.00877258 0.557878 53.4418 
0.591433 0.0284665 0.805852 159.555 -0.0124593 0.99958 -0.0261658 -2.92468 -0.806258 0.00543498 0.591539 53.7412 
0.623151 0.0324968 0.781426 159.88 -0.0193928 0.999471 -0.0260997 -2.9431 -0.781861 0.00111001 0.623451 54.0614 
0.653129 0.0359923 0.756391 160.203 -0.0246421 0.999351 -0.0262753 -2.95945 -0.756845 -0.0014779 0.653592 54.3997 
0.681072 0.0369477 0.731284 160.528 -0.0245247 0.999317 -0.0276492 -2.97465 -0.731806 0.000896577 0.681512 54.7472 
0.706207 0.0350815 0.707136 160.853 -0.0195425 0.999357 -0.0300619 -2.98618 -0.707736 0.00741078 0.706438 55.1078 
0.728723 0.0363836 0.683841 161.172 -0.020688 0.999302 -0.0311217 -2.99677 -0.684496 0.00853178 0.728967 55.4939 
0.748432 0.0406836 0.661963 161.49 -0.0276711 0.999163 -0.0301219 -3.01296 -0.662634 0.00422697 0.748931 55.912 
0.764894 0.0430206 0.642718 161.805 -0.0349228 0.999069 -0.0253118 -3.03469 -0.643209 -0.00308465 0.765684 56.3455 
0.778016 0.0411666 0.626894 162.124 -0.0359617 0.999133 -0.0209797 -3.05185 -0.627214 -0.00622157 0.778822 56.7837 
0.788837 0.0358501 0.613555 162.453 -0.0317083 0.999342 -0.0176247 -3.06842 -0.613783 -0.00555173 0.789455 57.2326 
0.798103 0.0281979 0.60186 162.79 -0.025292 0.999592 -0.0132932 -3.08336 -0.60199 -0.0046129 0.798491 57.6912 
0.805336 0.0218448 0.592416 163.126 -0.0208165 0.999747 -0.00856645 -3.10135 -0.592453 -0.00543316 0.805586 58.1696 
0.811887 0.0185312 0.583521 163.465 -0.0190295 0.999805 -0.00527441 -3.11499 -0.583505 -0.00682187 0.812081 58.6765 
0.818905 0.0156483 0.573716 163.805 -0.0168077 0.999853 -0.00328052 -3.12497 -0.573684 -0.00695639 0.819048 59.1872 
0.826269 0.0113391 0.563161 164.154 -0.0113522 0.99993 -0.0034773 -3.1305 -0.563161 -0.00351992 0.82634 59.7108 
0.832876 0.0116094 0.553338 164.498 -0.00933764 0.999932 -0.00692424 -3.14357 -0.553381 0.000600188 0.832928 60.2498 
0.83859 0.0157373 0.544536 164.837 -0.0109426 0.999868 -0.0120446 -3.15966 -0.544654 0.00414187 0.838651 60.7993 
0.842889 0.0210801 0.537674 165.184 -0.014117 0.999755 -0.0170657 -3.1689 -0.537902 0.00679421 0.84298 61.3835 
0.845103 0.0255635 0.533992 165.539 -0.0169058 0.999634 -0.0210995 -3.18177 -0.534336 0.00880371 0.845226 61.9737 
0.844937 0.0303828 0.534002 165.894 -0.0221911 0.999517 -0.0217565 -3.19977 -0.534405 0.0065328 0.845204 62.5861 
0.843236 0.030493 0.536678 166.27 -0.024752 0.999533 -0.0179007 -3.22272 -0.536973 0.00181075 0.843598 63.2071 
0.840767 0.0319611 0.540454 166.655 -0.0271968 0.999489 -0.0167979 -3.24412 -0.540714 -0.000575517 0.841206 63.8403 
0.838002 0.0334877 0.544639 167.056 -0.0295084 0.999436 -0.0160484 -3.26313 -0.544869 -0.00262281 0.838517 64.4837 
0.835016 0.0334985 0.549205 167.465 -0.0307899 0.999426 -0.0141461 -3.28316 -0.549364 -0.00509772 0.835568 65.1334 
0.831735 0.0313368 0.554288 167.888 -0.0282602 0.999501 -0.0141011 -3.29638 -0.554453 -0.00393586 0.832206 65.7931 
0.828385 0.0282354 0.559448 168.325 -0.0263085 0.999588 -0.0114939 -3.31828 -0.559542 -0.00519685 0.828786 66.4557 
0.824461 0.0289494 0.565178 168.77 -0.0276126 0.999559 -0.0109188 -3.33495 -0.565245 -0.00660386 0.824897 67.1342 
0.821013 0.0312207 0.570056 169.222 -0.0291511 0.999494 -0.0127557 -3.35317 -0.570165 -0.00614515 0.821507 67.8142 
0.818051 0.0318672 0.574262 169.691 -0.0276906 0.999488 -0.016018 -3.37703 -0.574478 -0.00279809 0.818515 68.4983 
0.815178 0.0338448 0.578221 170.166 -0.0277314 0.999427 -0.0194032 -3.39877 -0.578547 -0.000217801 0.815649 69.1921 
0.812326 0.0331819 0.582258 170.649 -0.027098 0.999449 -0.0191516 -3.41904 -0.582573 -0.000220668 0.812778 69.8923 
0.809748 0.0301729 0.586002 171.142 -0.0283417 0.999523 -0.0123018 -3.44182 -0.586093 -0.00664692 0.810216 70.6162 
0.807346 0.0264058 0.589487 171.642 -0.0281899 0.999584 -0.00616763 -3.46953 -0.589404 -0.0116382 0.807754 71.3342 
0.805413 0.0252338 0.592176 172.143 -0.0242522 0.99966 -0.0096122 -3.49554 -0.592217 -0.00661973 0.805751 72.033 
0.804011 0.0303178 0.593841 172.637 -0.0226764 0.999536 -0.020328 -3.52314 -0.594182 0.00287773 0.804325 72.7206 
0.802596 0.0328141 0.59562 173.136 -0.0206576 0.999416 -0.027224 -3.55216 -0.596166 0.00954585 0.802805 73.4146 
0.801646 0.0293631 0.597078 173.645 -0.0166232 0.999502 -0.0268348 -3.58639 -0.597568 0.0115867 0.801734 74.1263 
0.800916 0.0237764 0.598304 174.152 -0.014331 0.999686 -0.020543 -3.62531 -0.598605 0.007879 0.801006 74.8292 
0.800364 0.0196258 0.599192 174.661 -0.0113613 0.999781 -0.0175707 -3.65791 -0.599406 0.00725534 0.800412 75.5328 
0.800702 0.0148819 0.598878 175.17 -0.0069962 0.999856 -0.015492 -3.6882 -0.599022 0.00821462 0.800691 76.2269 
0.800973 0.0107625 0.598604 175.673 -0.00190558 0.999879 -0.0154273 -3.71673 -0.598698 0.0112162 0.800896 76.9156 
0.801694 0.0090162 0.597667 176.172 0.000506369 0.999876 -0.0157629 -3.74855 -0.597734 0.0129397 0.80159 77.6043 
0.802459 0.0113105 0.5966 176.664 0.00111474 0.99979 -0.0204536 -3.77922 -0.596706 0.0170782 0.802278 78.285 
0.802987 0.0113033 0.595889 177.153 0.00405416 0.999693 -0.024426 -3.81227 -0.595982 0.0220297 0.802695 78.9633 
0.803297 0.00839918 0.59552 177.645 0.00645253 0.999719 -0.0228037 -3.84297 -0.595544 0.0221608 0.803017 79.6439 
0.803031 0.00683265 0.595898 178.131 0.00390462 0.999853 -0.0167262 -3.8757 -0.595924 0.0157585 0.802886 80.3268 
0.802431 0.000904991 0.596745 178.615 0.00458959 0.99996 -0.00768792 -3.9054 -0.596728 0.00890786 0.802394 81.0092 
0.802099 -0.00391807 0.597178 179.095 0.00690678 0.999973 -0.00271596 -3.92853 -0.597151 0.00630307 0.802104 81.6697 
0.801347 -0.00678371 0.598162 179.568 0.00968148 0.999952 -0.00162963 -3.94868 -0.598122 0.00709702 0.801374 82.3173 
0.800395 -0.00309292 0.599465 180.019 0.00742252 0.999961 -0.00475107 -3.97263 -0.599427 0.0082523 0.800387 82.9513 
0.799096 0.00442745 0.601187 180.447 0.0045624 0.999899 -0.013428 -3.99981 -0.601186 0.0134732 0.798996 83.564 
0.79764 0.00891831 0.603067 180.888 0.00486312 0.999763 -0.0212168 -4.01829 -0.603114 0.0198562 0.797408 84.171 
