1 -4.23778e-08 4.22719e-08 0 -4.23778e-08 1 -4.19404e-08 0 4.22719e-08 -4.19404e-08 1 0 
0.99999 -0.00322538 -0.00315461 -0.0256808 0.00321937 0.999993 -0.00188144 -0.0112393 0.00316074 0.00187118 0.999993 0.659759 
0.999977 -0.000810357 -0.00670187 -0.0521643 0.000785585 0.999993 -0.00368544 -0.0048244 0.00670489 0.00368001 0.999971 1.35691 
0.99994 -0.00115914 -0.0109173 -0.0697481 0.00110258 0.999986 -0.00517726 -0.0121037 0.0109232 0.00516483 0.999927 2.06676 
0.999877 0.000399706 -0.0156815 -0.106724 -0.000491917 0.999983 -0.00587143 -0.0155661 0.015679 0.00587834 0.99986 2.7856 
0.999794 -0.000630794 -0.0202766 -0.131249 0.000504606 0.99998 -0.00622369 -0.0233322 0.0202802 0.00621209 0.999775 3.52012 
0.999696 0.00151174 -0.0245971 -0.177467 -0.00168352 0.999974 -0.00696136 -0.0380175 0.024586 0.00700057 0.999673 4.25708 
0.999553 0.00416857 -0.0296175 -0.208029 -0.00439194 0.999962 -0.00747777 -0.0473116 0.0295853 0.00760442 0.999533 5.02704 
0.999439 0.00466032 -0.0331617 -0.264255 -0.00486566 0.999969 -0.00611154 -0.0507905 0.0331323 0.00626938 0.999431 5.78828 
0.999317 0.00403897 -0.0367239 -0.325658 -0.00420288 0.999981 -0.004385 -0.0380522 0.0367056 0.00453627 0.999316 6.5671 
0.999158 0.00411434 -0.0408297 -0.356027 -0.00413925 0.999991 -0.000523632 -0.0668922 0.0408273 0.00069211 0.999166 7.38113 
0.99906 0.00551743 -0.0430025 -0.421127 -0.00560229 0.999983 -0.00185105 -0.0620703 0.0429916 0.00209013 0.999073 8.20744 
0.998965 0.00469766 -0.0452445 -0.479472 -0.00480055 0.999986 -0.0021639 -0.0601477 0.0452337 0.00237878 0.998974 9.02859 
0.998912 0.00149471 -0.0466072 -0.533428 -0.0016187 0.999995 -0.00262091 -0.0633468 0.0466031 0.00269341 0.99891 9.85559 
0.998824 0.000615799 -0.0484809 -0.583262 -0.000731074 0.999997 -0.00235833 -0.0618208 0.0484794 0.00239091 0.998821 10.707 
0.998803 0.000381478 -0.0489086 -0.658975 -0.000502126 0.999997 -0.00245285 -0.0761158 0.0489076 0.00247439 0.9988 11.5424 
0.998732 0.00376825 -0.0501995 -0.721204 -0.00401092 0.999981 -0.00473257 -0.0834266 0.0501808 0.00492783 0.998728 12.4143 
0.998659 0.00409874 -0.0516068 -0.776466 -0.00449205 0.999962 -0.00750606 -0.0960255 0.0515742 0.00772773 0.998639 13.2892 
0.998552 0.00832946 -0.0531513 -0.846825 -0.00884401 0.999916 -0.00945134 -0.100764 0.0530682 0.00990763 0.998542 14.1691 
0.998479 0.00816443 -0.0545211 -0.913305 -0.00867973 0.99992 -0.00921981 -0.1124 0.0544415 0.00967893 0.99847 15.0562 
0.9984 0.00792947 -0.0559777 -0.972717 -0.0083868 0.999933 -0.00793806 -0.132103 0.0559111 0.00839475 0.9984 15.9556 
0.998294 0.00736536 -0.057919 -1.02719 -0.00776908 0.999947 -0.00674691 -0.138705 0.0578663 0.00718529 0.998298 16.8517 
0.998288 0.00726893 -0.058032 -1.11194 -0.00767776 0.999947 -0.00682356 -0.155304 0.0579794 0.00725735 0.998291 17.7369 
0.99823 0.008015 -0.0589217 -1.19094 -0.00846542 0.999937 -0.00739735 -0.176908 0.0588588 0.00788297 0.998235 18.6522 
0.998299 0.00630336 -0.0579584 -1.29599 -0.00677976 0.999945 -0.00802522 -0.189438 0.0579047 0.00840443 0.998287 19.5624 
0.998224 0.00674506 -0.05919 -1.34853 -0.00714734 0.999953 -0.006586 -0.20401 0.0591429 0.00699726 0.998225 20.4895 
0.99819 0.0080193 -0.0595941 -1.40872 -0.00823574 0.99996 -0.00338579 -0.213681 0.0595646 0.00387038 0.998217 21.4211 
0.998235 0.00827402 -0.0588012 -1.48034 -0.00824012 0.999966 0.000820367 -0.234804 0.0588061 -0.000334476 0.998269 22.3356 
0.99828 0.00769301 -0.0581204 -1.5385 -0.00752527 0.999967 0.00310573 -0.235636 0.0581424 -0.0026631 0.998305 23.2882 
0.99837 0.00768537 -0.0565601 -1.60331 -0.00744053 0.999962 0.00453957 -0.256166 0.056593 -0.00411142 0.998389 24.2354 
0.998462 0.00840735 -0.0547961 -1.68377 -0.00831163 0.999963 0.00197602 -0.264603 0.0548108 -0.00151763 0.998496 25.1755 
0.998477 0.00982268 -0.0542803 -1.74996 -0.0100546 0.999941 -0.00400027 -0.2555 0.0542379 0.00453986 0.998518 26.1111 
0.99854 0.00855829 -0.0533389 -1.81949 -0.00889614 0.999942 -0.0060982 -0.278751 0.0532837 0.00656372 0.998558 27.0635 
0.99854 0.00526391 -0.0537548 -1.86271 -0.00555033 0.999971 -0.00517887 -0.289916 0.0537261 0.00546958 0.998541 28.0145 
0.99851 0.00361358 -0.0544394 -1.92207 -0.00366784 0.999993 -0.000895237 -0.300523 0.0544358 0.00109349 0.998517 28.992 
0.998477 0.000881273 -0.0551588 -1.98648 -0.000730921 0.999996 0.00274741 -0.30955 0.0551611 -0.00270299 0.998474 29.9811 
0.99838 -0.00630972 -0.0565532 -2.0443 0.00642294 0.999978 0.00182199 -0.322328 0.0565406 -0.00218236 0.998398 30.9625 
0.998317 -0.00820187 -0.0574093 -2.12413 0.00812215 0.999966 -0.00162031 -0.336829 0.0574207 0.00115121 0.998349 31.9435 
0.998205 -0.00659102 -0.0595192 -2.18813 0.00620258 0.999958 -0.00670728 -0.338951 0.059561 0.00632598 0.998205 32.9062 
0.99807 -0.00559162 -0.0618531 -2.25736 0.00515277 0.99996 -0.00725094 -0.355692 0.0618913 0.00691814 0.998059 33.9237 
0.998072 -0.00569803 -0.0617963 -2.35305 0.00533137 0.999967 -0.00609533 -0.366839 0.0618291 0.00575403 0.99807 34.8876 
0.998035 -0.00170969 -0.0626395 -2.4424 0.00145133 0.99999 -0.00416852 -0.383093 0.0626461 0.00406933 0.998027 35.8726 
0.997925 -0.00168414 -0.0643695 -2.51632 0.00147847 0.999994 -0.00324146 -0.387998 0.0643746 0.00313947 0.997921 36.8756 
0.997879 -4.15522e-05 -0.0650903 -2.60616 2.18924e-05 1 -0.000301493 -0.407734 0.0650904 0.000299342 0.997879 37.8542 
0.997938 0.00195963 -0.0641499 -2.70065 -0.00181881 0.999996 0.00225487 -0.412721 0.0641542 -0.00213363 0.997938 38.8609 
0.997904 0.00818975 -0.0641933 -2.80185 -0.00795195 0.99996 0.00396034 -0.419368 0.0642233 -0.00344167 0.99793 39.8425 
0.997934 0.00937054 -0.0635519 -2.89392 -0.0092028 0.999953 0.00293295 -0.424111 0.0635765 -0.00234212 0.997974 40.8348 
0.997963 0.00927416 -0.0631139 -2.97713 -0.00917295 0.999956 0.00189448 -0.446861 0.0631288 -0.00131177 0.998004 41.8293 
0.997951 0.0106993 -0.0630764 -3.06402 -0.0107595 0.999942 -0.0006137 -0.453623 0.0630663 0.00129103 0.998008 42.8464 
0.99794 0.0107902 -0.0632383 -3.15067 -0.0108515 0.999941 -0.000624384 -0.4788 0.0632279 0.00130924 0.997998 43.8492 
0.997958 0.0090602 -0.0632272 -3.25462 -0.00904634 0.999959 0.000506669 -0.493929 0.0632293 6.62545e-05 0.997999 44.8273 
0.997967 0.00940232 -0.063041 -3.35176 -0.00935915 0.999956 0.000981331 -0.495995 0.0630475 -0.000389411 0.99801 45.7781 
0.997986 0.0120699 -0.0622792 -3.44533 -0.0122612 0.999921 -0.00268835 -0.515295 0.0622419 0.00344647 0.998055 46.7403 
0.997946 0.01347 -0.0626343 -3.53628 -0.0139002 0.999883 -0.00643546 -0.535038 0.0625404 0.00729278 0.998016 47.6918 
0.997911 0.0136966 -0.0631309 -3.61731 -0.0142578 0.999863 -0.00844549 -0.54355 0.0630066 0.00932787 0.997969 48.6611 
0.997947 0.0120808 -0.0628947 -3.70176 -0.0124641 0.999906 -0.00570367 -0.552136 0.06282 0.0064758 0.998004 49.6055 
0.998032 0.0102083 -0.0618611 -3.79132 -0.0103427 0.999945 -0.00185036 -0.582826 0.0618389 0.00248645 0.998083 50.5531 
0.997999 0.00883474 -0.0626071 -3.85922 -0.00896361 0.999958 -0.00177639 -0.594832 0.0625889 0.00233393 0.998037 51.5149 
0.998031 0.00627763 -0.062413 -3.93236 -0.00649375 0.999974 -0.00325922 -0.613688 0.062391 0.00365801 0.998045 52.4751 
0.998023 0.0039221 -0.0627335 -4.00349 -0.00427797 0.999975 -0.00553805 -0.61777 0.0627104 0.00579539 0.998015 53.4219 
0.997925 0.00316828 -0.0643119 -4.07241 -0.0034733 0.999983 -0.00463037 -0.634595 0.0642963 0.00484405 0.997919 54.3722 
0.997857 -0.000330504 -0.0654239 -4.14504 0.000287595 1 -0.000664017 -0.650675 0.0654242 0.000643692 0.997857 55.323 
0.997855 -0.00111768 -0.0654529 -4.23745 0.00139867 0.99999 0.00424858 -0.665957 0.0654476 -0.0043311 0.997847 56.2564 
0.997812 0.000623202 -0.0661136 -4.31932 -0.000222131 0.999981 0.0060748 -0.673192 0.0661162 -0.00604691 0.997794 57.199 
0.997742 0.00197303 -0.0671311 -4.40281 -0.00185145 0.999996 0.00187461 -0.689652 0.0671346 -0.00174618 0.997742 58.1091 
0.997655 0.00384765 -0.068338 -4.48543 -0.00423887 0.999975 -0.00557957 -0.711272 0.068315 0.00585607 0.997647 59.0204 
0.997558 0.00568829 -0.0696026 -4.56491 -0.00637731 0.999933 -0.00967995 -0.741082 0.069543 0.0101001 0.997528 59.946 
0.997462 0.00960126 -0.0705541 -4.64997 -0.0102316 0.999911 -0.008577 -0.766365 0.0704656 0.00927703 0.997471 60.8493 
0.997246 0.0122297 -0.0731466 -4.72194 -0.012776 0.999894 -0.00700311 -0.775418 0.0730532 0.00791825 0.997297 61.7559 
0.997151 0.0148474 -0.0739586 -4.80831 -0.0152782 0.999869 -0.00526128 -0.802249 0.0738709 0.00637616 0.997247 62.639 
0.997106 0.0155136 -0.0744208 -4.89213 -0.0160183 0.999852 -0.00618854 -0.813013 0.0743139 0.00736263 0.997208 63.4964 
0.996952 0.0173617 -0.0760609 -4.9706 -0.0178259 0.999826 -0.00542809 -0.834111 0.0759535 0.00676732 0.997088 64.367 
0.996828 0.0188164 -0.0773314 -5.05512 -0.0193261 0.999796 -0.00584751 -0.844037 0.0772057 0.00732339 0.996988 65.2094 
0.996714 0.0176525 -0.0790519 -5.12935 -0.0181066 0.999823 -0.00502943 -0.868609 0.0789492 0.00644418 0.996858 66.043 
0.996604 0.0187327 -0.0801852 -5.20737 -0.0191857 0.999804 -0.00488204 -0.883098 0.0800781 0.00640378 0.996768 66.8383 
0.996533 0.0197672 -0.0808158 -5.31076 -0.019991 0.999798 -0.00195975 -0.906329 0.0807608 0.00356846 0.996727 67.5621 
0.996428 0.0219339 -0.0815511 -5.39988 -0.021936 0.999759 0.000872308 -0.905359 0.0815506 0.000919624 0.996669 68.3454 
0.996228 0.0248966 -0.0831223 -5.48394 -0.0246802 0.999689 0.00363148 -0.925634 0.0831869 -0.0015664 0.996533 69.1281 
0.996055 0.0273684 -0.084409 -5.56824 -0.0274834 0.999622 -0.000199451 -0.943739 0.0843717 0.00251842 0.996431 69.8829 
0.995862 0.0275864 -0.0865892 -5.62516 -0.0283466 0.999569 -0.00756097 -0.957389 0.0863434 0.00998411 0.996215 70.6215 
0.995776 0.0261787 -0.0880059 -5.71236 -0.027512 0.999524 -0.0139701 -0.967656 0.0875983 0.0163323 0.996022 71.3401 
0.995701 0.0267639 -0.0886688 -5.78401 -0.0282177 0.999486 -0.0151818 -0.975218 0.088217 0.0176185 0.995945 72.0352 
0.995492 0.0308889 -0.0896707 -5.85111 -0.0321076 0.99941 -0.0121787 -0.984462 0.0892417 0.0150028 0.995897 72.7126 
0.995316 0.0305347 -0.0917229 -5.91175 -0.0316607 0.99944 -0.0108443 -0.992515 0.0913405 0.0136974 0.995725 73.3586 
0.995346 0.0275746 -0.092338 -5.99028 -0.0288675 0.999503 -0.0126946 -1.04098 0.0919421 0.015301 0.995647 73.9806 
0.995469 0.0194649 -0.0930759 -6.03053 -0.0211841 0.999622 -0.0175181 -1.06634 0.0926998 0.0194104 0.995505 74.5936 
0.995647 0.0152908 -0.0919448 -6.09436 -0.0173855 0.999606 -0.0220228 -1.09616 0.0915719 0.0235253 0.99552 75.1708 
0.99588 0.0174055 -0.088999 -6.15629 -0.0194072 0.999577 -0.0216743 -1.12536 0.0885842 0.0233122 0.995796 75.7636 
0.996154 0.0226654 -0.0846367 -6.22693 -0.024287 0.99954 -0.018178 -1.15353 0.0841858 0.0201636 0.996246 76.3428 
0.996519 0.0218538 -0.0804469 -6.26495 -0.0232485 0.999594 -0.0164401 -1.15086 0.080055 0.018253 0.996623 76.9206 
0.997058 0.0173931 -0.0746532 -6.30876 -0.0183721 0.999754 -0.0124462 -1.17285 0.0744184 0.013781 0.997132 77.4556 
0.997646 0.012987 -0.0673286 -6.32234 -0.0136165 0.999868 -0.00889864 -1.19583 0.0672042 0.0097944 0.997691 77.9805 
0.998241 0.0163894 -0.0569678 -6.35055 -0.0169134 0.999819 -0.00872616 -1.21431 0.0568146 0.00967425 0.998338 78.4898 
0.998864 0.0217242 -0.0424071 -6.36787 -0.022156 0.999707 -0.00973854 -1.22518 0.0421832 0.010667 0.999053 78.9923 
0.999352 0.0268024 -0.0240175 -6.39609 -0.0270566 0.999581 -0.0103172 -1.22405 0.023731 0.0109603 0.999658 79.4802 
0.999674 0.0254347 -0.00234702 -6.37976 -0.025455 0.999635 -0.00904375 -1.24798 0.00211622 0.00910046 0.999956 79.9564 
0.999471 0.0218672 0.0240506 -6.35749 -0.0216437 0.99972 -0.00951624 -1.24355 -0.0242518 0.00899058 0.999665 80.4231 
0.998376 0.0205497 0.0531345 -6.30997 -0.0201773 0.999768 -0.00753789 -1.27114 -0.053277 0.00645346 0.998559 80.8642 
0.995927 0.0211663 0.0876425 -6.2782 -0.0205986 0.999761 -0.00737724 -1.26855 -0.0877776 0.0055418 0.996125 81.3065 
0.991958 0.021515 0.124726 -6.18967 -0.0207385 0.999757 -0.00752114 -1.27743 -0.124857 0.00487395 0.992163 81.7523 
0.985895 0.0205204 0.166103 -6.09556 -0.0195218 0.99978 -0.00764351 -1.29875 -0.166224 0.00429299 0.986079 82.1574 
0.977067 0.0209972 0.211896 -5.99188 -0.0196017 0.99977 -0.00868471 -1.30383 -0.212029 0.00433195 0.977254 82.5681 
0.965267 0.0238201 0.260177 -5.85642 -0.0218252 0.999706 -0.0105546 -1.32428 -0.260351 0.00450953 0.965503 82.9533 
0.949354 0.0246175 0.313243 -5.70427 -0.0211553 0.999672 -0.0144477 -1.33537 -0.313496 0.00708916 0.949563 83.3309 
0.929493 0.0252297 0.367976 -5.51945 -0.0201574 0.999641 -0.0176223 -1.34576 -0.368288 0.00896229 0.929668 83.6829 
0.904846 0.0250556 0.425 -5.32872 -0.0185428 0.999639 -0.0194548 -1.36277 -0.425334 0.00972285 0.904984 84.0197 
0.874758 0.0263705 0.483842 -5.13178 -0.0175938 0.999588 -0.0226714 -1.36807 -0.484241 0.0113193 0.874862 84.3421 
0.840609 0.0250445 0.541064 -4.90209 -0.0135622 0.99959 -0.0251982 -1.38264 -0.541473 0.0138437 0.840604 84.6342 
0.80237 0.0257123 0.596272 -4.66465 -0.0114784 0.999551 -0.0276568 -1.38671 -0.596716 0.0153467 0.802306 84.9238 
0.762008 0.0239981 0.647122 -4.39099 -0.00887987 0.999606 -0.0266136 -1.40614 -0.647506 0.0145334 0.761921 85.1716 
0.718042 0.0238244 0.695592 -4.11707 -0.0096953 0.999659 -0.0242308 -1.4254 -0.695932 0.0106547 0.718028 85.4085 
0.671523 0.0228581 0.740631 -3.82139 -0.00793731 0.999689 -0.0236569 -1.44277 -0.740941 0.0100075 0.671495 85.6412 
0.624385 0.0219016 0.78081 -3.50914 -0.00281294 0.999663 -0.0257911 -1.45212 -0.781112 0.0139072 0.624236 85.8411 
0.576918 0.0192806 0.816575 -3.18829 0.00461191 0.999628 -0.0268613 -1.46572 -0.816789 0.0192627 0.576615 86.0113 
0.52982 0.0211317 0.847846 -2.85572 0.00441492 0.999607 -0.0276732 -1.4808 -0.848098 0.018405 0.529519 86.1774 
0.480947 0.024135 0.876417 -2.53244 0.00259812 0.999577 -0.0289525 -1.49042 -0.876746 0.0162016 0.480681 86.3361 
0.435069 0.0257426 0.900029 -2.19052 0.0037107 0.999531 -0.0303824 -1.51068 -0.90039 0.0165581 0.434769 86.4674 
0.391864 0.0231346 0.919732 -1.85032 0.0115535 0.999481 -0.0300632 -1.52658 -0.91995 0.0224068 0.391394 86.576 
0.352066 0.0159 0.93584 -1.4885 0.0280433 0.999228 -0.0275271 -1.53047 -0.935555 0.0359354 0.351349 86.6615 
0.316695 0.0122022 0.948449 -1.1365 0.0334875 0.99915 -0.0240364 -1.54031 -0.947936 0.0393734 0.316017 86.7442 
0.283115 0.0164638 0.958945 -0.789693 0.0311274 0.999168 -0.0263444 -1.55281 -0.958581 0.0373079 0.282367 86.8314 
0.25135 0.0236561 0.967607 -0.431397 0.0228135 0.999279 -0.0303566 -1.57202 -0.967627 0.0297047 0.250629 86.9297 
0.222957 0.027363 0.974444 -0.0652093 0.0163909 0.999359 -0.031813 -1.60525 -0.97469 0.0230649 0.222365 87.0034 
0.196925 0.0296297 0.979971 0.334571 0.0210457 0.999185 -0.0344399 -1.61406 -0.980193 0.0274063 0.196141 87.0758 
0.173249 0.0313944 0.984377 0.731565 0.029069 0.998893 -0.0369735 -1.63011 -0.984449 0.0350205 0.172145 87.1246 
0.153214 0.0364931 0.987519 1.13458 0.0359669 0.99845 -0.0424775 -1.64655 -0.987538 0.0420261 0.151664 87.1592 
0.133529 0.0434081 0.990094 1.5457 0.0388077 0.998045 -0.0489906 -1.64994 -0.990285 0.0449649 0.131583 87.1974 
0.116298 0.044297 0.992226 1.98688 0.0378113 0.998083 -0.0489904 -1.66279 -0.992494 0.0432148 0.1144 87.2459 
0.100065 0.0403715 0.994161 2.43686 0.0358293 0.998382 -0.0441493 -1.67927 -0.994335 0.0400379 0.0984568 87.3024 
0.0848974 0.0382067 0.995657 2.89567 0.0373163 0.998442 -0.0414955 -1.69518 -0.995691 0.040677 0.0833394 87.3468 
0.0724912 0.0354221 0.99674 3.37702 0.0419938 0.998374 -0.0385344 -1.72262 -0.996485 0.0446503 0.0708858 87.361 
0.060893 0.0355025 0.997513 3.87265 0.0440682 0.998297 -0.0382207 -1.73724 -0.997171 0.0462859 0.0592247 87.3875 
0.0503251 0.0368695 0.998052 4.39185 0.0486516 0.998041 -0.0393224 -1.75412 -0.997547 0.0505358 0.0484328 87.4124 
0.0433823 0.0373984 0.998358 4.91272 0.0503576 0.997947 -0.0395713 -1.78292 -0.997789 0.0519916 0.0414099 87.4291 
0.0373625 0.0373117 0.998605 5.46047 0.0523155 0.997859 -0.0392413 -1.80978 -0.997931 0.0537086 0.0353305 87.4598 
0.0323019 0.0386404 0.998731 6.01436 0.0540449 0.997723 -0.0403494 -1.83215 -0.998016 0.0552797 0.0301401 87.4721 
0.0267333 0.0391049 0.998877 6.60561 0.0539392 0.997722 -0.0405034 -1.8579 -0.998186 0.0549615 0.0245631 87.4846 
0.0226976 0.0388738 0.998986 7.21283 0.0576127 0.997532 -0.0401263 -1.88892 -0.998081 0.058465 0.020402 87.4975 
0.019251 0.0390604 0.999051 7.82999 0.0586556 0.997471 -0.0401289 -1.91426 -0.998093 0.0593725 0.0169112 87.5219 
0.016198 0.0384268 0.99913 8.47445 0.0592845 0.997466 -0.039324 -1.94644 -0.99811 0.0598699 0.0138788 87.5355 
0.0142267 0.0377111 0.999187 9.12551 0.0605713 0.997421 -0.0385069 -1.97767 -0.998062 0.0610699 0.0119058 87.5407 
0.0134674 0.0365266 0.999242 9.81588 0.0658357 0.997132 -0.0373369 -2.01788 -0.99774 0.0662887 0.011024 87.5596 
0.0145071 0.0373084 0.999198 10.5173 0.0693557 0.996859 -0.0382281 -2.03314 -0.997486 0.0698547 0.011874 87.5832 
0.0161585 0.0363523 0.999208 11.2006 0.0710263 0.996772 -0.0374124 -2.08601 -0.997343 0.0715746 0.0135244 87.6162 
0.0199333 0.0368932 0.99912 11.9262 0.074018 0.996522 -0.0382741 -2.10718 -0.997058 0.0747158 0.0171332 87.6439 
0.024212 0.0360932 0.999055 12.682 0.0743462 0.996516 -0.0378033 -2.15711 -0.996938 0.0751912 0.0214442 87.6806 
0.028678 0.0346803 0.998987 13.4245 0.0754451 0.996472 -0.0367588 -2.18809 -0.996737 0.0764229 0.0259604 87.6949 
0.0316441 0.0333984 0.998941 14.1672 0.0750564 0.99654 -0.0356958 -2.22097 -0.996677 0.0761065 0.0290279 87.7581 
0.0360222 0.0309029 0.998873 14.942 0.0723401 0.996819 -0.0334482 -2.26226 -0.996729 0.0734635 0.0336721 87.7978 
0.0388616 0.0304567 0.99878 15.7393 0.0714624 0.996891 -0.0331798 -2.29028 -0.996686 0.0726646 0.0365643 87.8718 
0.0426391 0.0323107 0.998568 16.5618 0.0688505 0.997006 -0.0352002 -2.31107 -0.996715 0.0702528 0.0402868 87.9336 
0.0460446 0.0360371 0.998289 17.354 0.0666712 0.99701 -0.0390661 -2.35846 -0.996712 0.0683559 0.0435043 87.9749 
0.0469778 0.0407445 0.998065 18.1666 0.0616451 0.997145 -0.0436086 -2.40374 -0.996992 0.0635745 0.044332 88.0505 
0.0464187 0.0439095 0.997956 18.9781 0.0580762 0.997225 -0.0465787 -2.44717 -0.997232 0.0601196 0.0437398 88.1126 
0.0464198 0.0439703 0.997954 19.794 0.0549343 0.997406 -0.0465016 -2.48623 -0.99741 0.0569805 0.0438839 88.1658 
0.0467709 0.042218 0.998013 20.6023 0.0528892 0.9976 -0.0446792 -2.53654 -0.997504 0.0548738 0.0444258 88.2136 
0.0461551 0.0414256 0.998075 21.4281 0.054017 0.997574 -0.0439029 -2.58274 -0.997473 0.0559394 0.0438055 88.27 
0.0472631 0.0415373 0.998018 22.2521 0.0516399 0.997697 -0.0439695 -2.61961 -0.997547 0.0536157 0.0450092 88.304 
0.0488096 0.0424451 0.997906 23.0627 0.0502284 0.997728 -0.0448944 -2.65816 -0.997544 0.0523145 0.0465667 88.3461 
0.0482983 0.0430906 0.997903 23.8804 0.0474165 0.997844 -0.0453831 -2.70539 -0.997707 0.049509 0.0461509 88.4053 
0.0463115 0.043627 0.997974 24.6808 0.0446404 0.997957 -0.045698 -2.76454 -0.997929 0.0466663 0.0442694 88.4733 
0.0435537 0.0442141 0.998072 25.5129 0.0412651 0.998088 -0.0460156 -2.80066 -0.998198 0.0431897 0.0416459 88.5241 
0.0391806 0.0425812 0.998324 26.3316 0.0391281 0.99826 -0.0441142 -2.85056 -0.998466 0.0407909 0.0374463 88.5758 
0.0352615 0.0402862 0.998566 27.1295 0.0403755 0.998314 -0.0417019 -2.90451 -0.998562 0.041788 0.0335755 88.6154 
0.0300763 0.0387669 0.998795 27.9473 0.0395235 0.99842 -0.0399425 -2.94438 -0.998766 0.0406772 0.0284966 88.6394 
0.0220311 0.0392375 0.998987 28.7507 0.0391439 0.998429 -0.040079 -2.98655 -0.998991 0.0399873 0.0204605 88.6701 
0.0133024 0.0404931 0.999091 29.5502 0.0389669 0.9984 -0.040984 -3.02867 -0.999152 0.0394767 0.0117032 88.6888 
0.00406406 0.0405433 0.999169 30.3436 0.0401733 0.998364 -0.0406742 -3.07968 -0.999184 0.0403052 0.00242865 88.6931 
-0.00621026 0.0392604 0.99921 31.1366 0.0403458 0.998425 -0.0389789 -3.12653 -0.999166 0.0400719 -0.00778448 88.6903 
-0.0173088 0.0386538 0.999103 31.9556 0.0391973 0.99851 -0.037952 -3.17416 -0.999081 0.0385052 -0.0187981 88.7011 
-0.0291499 0.03719 0.998883 32.7535 0.0398807 0.998555 -0.0360141 -3.22901 -0.998779 0.0387863 -0.0305909 88.6926 
-0.0402306 0.0382676 0.998457 33.5267 0.039896 0.998531 -0.036663 -3.26158 -0.998394 0.0383595 -0.0416982 88.6732 
-0.0508144 0.0391656 0.99794 34.3044 0.0408394 0.998476 -0.0371073 -3.30002 -0.997873 0.0388697 -0.0523365 88.6299 
-0.0627776 0.0405779 0.997202 35.0711 0.040655 0.998448 -0.0380693 -3.32875 -0.997199 0.0381514 -0.0643298 88.6155 
-0.0721136 0.0422969 0.996499 35.8569 0.0423298 0.99833 -0.0393114 -3.35016 -0.996498 0.0393467 -0.0737835 88.546 
-0.0817638 0.0434451 0.995704 36.6182 0.0432008 0.998265 -0.0400094 -3.38446 -0.995715 0.0397439 -0.0834988 88.4913 
-0.091286 0.0444022 0.994834 37.3711 0.0436823 0.998222 -0.0405452 -3.41829 -0.994866 0.0397554 -0.0930633 88.4214 
-0.100707 0.0452383 0.993887 38.1191 0.0452639 0.99814 -0.0408456 -3.45679 -0.993886 0.0408738 -0.102567 88.3525 
-0.10852 0.0444099 0.993102 38.8559 0.0456193 0.998172 -0.0396516 -3.50093 -0.993047 0.0410016 -0.110348 88.2613 
-0.11646 0.0440896 0.992216 39.5856 0.0466189 0.998156 -0.0388818 -3.53002 -0.992101 0.0417278 -0.118301 88.1902 
-0.121589 0.042792 0.991658 40.3066 0.0501786 0.998058 -0.0369157 -3.56727 -0.991311 0.0452714 -0.123501 88.1082 
-0.125672 0.0413556 0.991209 40.9989 0.0526691 0.998 -0.0349612 -3.59669 -0.990673 0.0478125 -0.127599 88.0334 
-0.127947 0.0407708 0.990942 41.6975 0.054575 0.99793 -0.0340118 -3.62864 -0.990278 0.049729 -0.129908 87.9467 
-0.130314 0.0401547 0.990659 42.3884 0.0542673 0.997971 -0.0333127 -3.66634 -0.989986 0.0494193 -0.132229 87.8716 
-0.130096 0.040966 0.990655 43.0633 0.0556341 0.997873 -0.0339585 -3.69756 -0.989939 0.0506963 -0.132098 87.7717 
-0.129601 0.0416877 0.990689 43.7093 0.0570326 0.997775 -0.034525 -3.73675 -0.989925 0.0520271 -0.13169 87.702 
-0.126902 0.0429433 0.990985 44.3479 0.0569078 0.997732 -0.0359483 -3.77857 -0.990281 0.0518329 -0.129058 87.6372 
-0.121818 0.043338 0.991606 44.9788 0.0584202 0.997627 -0.0364243 -3.81154 -0.990832 0.0534927 -0.124061 87.5741 
-0.11452 0.0439917 0.992446 45.5768 0.0570916 0.997659 -0.0376349 -3.84482 -0.991779 0.0523504 -0.116764 87.5327 
-0.103209 0.043773 0.993696 46.1753 0.0563349 0.997685 -0.0380976 -3.88007 -0.993063 0.0520478 -0.105436 87.4779 
-0.0892562 0.0440226 0.995035 46.7333 0.0548464 0.997724 -0.0392218 -3.90974 -0.994497 0.0510733 -0.0914675 87.4409 
-0.0728721 0.0452559 0.996314 47.2705 0.053966 0.997685 -0.0413711 -3.94622 -0.99588 0.0507523 -0.0751457 87.4314 
-0.0520823 0.0479785 0.99749 47.8001 0.0519788 0.997621 -0.045271 -3.98371 -0.997289 0.0494905 -0.0544523 87.4223 
-0.0271775 0.0504856 0.998355 48.3122 0.0496449 0.99756 -0.049094 -4.02099 -0.998397 0.048229 -0.0296175 87.4349 
0.00200645 0.0532871 0.998577 48.8484 0.0487759 0.997385 -0.0533216 -4.04194 -0.998808 0.0488135 -0.000597923 87.4472 
0.0361268 0.0529065 0.997946 49.3771 0.0469771 0.997404 -0.0545784 -4.07033 -0.998242 0.0488523 0.0335477 87.4784 
0.0750923 0.0505715 0.995893 49.8966 0.0454014 0.997504 -0.0540768 -4.1049 -0.996142 0.0492757 0.0726089 87.5311 
0.117244 0.0468047 0.992 50.3941 0.0411592 0.997801 -0.0519431 -4.14803 -0.99225 0.0469199 0.115059 87.6204 
0.1635 0.0409612 0.985693 50.8851 0.037191 0.998171 -0.0476489 -4.20431 -0.985842 0.0444495 0.161677 87.7158 
0.214042 0.0379428 0.976087 51.379 0.0311884 0.99847 -0.0456522 -4.2361 -0.976326 0.0402141 0.212532 87.8275 
0.266545 0.036857 0.963117 51.8457 0.0270305 0.99859 -0.0456954 -4.2599 -0.963443 0.0382134 0.265173 87.9792 
0.322818 0.0354751 0.945796 52.3142 0.0240785 0.998666 -0.0456767 -4.30959 -0.946155 0.0375185 0.321533 88.157 
0.382412 0.0369558 0.923253 52.7719 0.0240669 0.998462 -0.0499349 -4.32581 -0.923678 0.0413155 0.380934 88.3647 
0.443535 0.0413557 0.895302 53.1986 0.0220302 0.99813 -0.0570194 -4.34196 -0.895986 0.0450138 0.441795 88.5975 
0.503592 0.0455714 0.862739 53.6257 0.0207596 0.997681 -0.0648171 -4.36692 -0.863692 0.0505515 0.501478 88.8846 
0.561693 0.0507981 0.825785 53.9842 0.0134126 0.997423 -0.0704797 -4.39419 -0.827237 0.0506638 0.559564 89.194 
0.616573 0.0543556 0.785419 54.3106 0.00673301 0.997213 -0.0742987 -4.4223 -0.787269 0.0510988 0.614488 89.5365 
0.669899 0.0556534 0.740363 54.6341 0.00153099 0.997081 -0.0763364 -4.45534 -0.74245 0.0522711 0.667858 89.8948 
0.718798 0.0530278 0.693193 54.9133 -0.000280123 0.997109 -0.0759863 -4.48354 -0.695219 0.0544246 0.716735 90.249 
0.764597 0.0499384 0.642571 55.1799 -0.00593157 0.997497 -0.0704641 -4.5211 -0.644482 0.0500651 0.762979 90.6338 
0.806547 0.0463165 0.589353 55.4233 -0.0100482 0.997856 -0.0646691 -4.54248 -0.591085 0.0462366 0.805283 91.0403 
0.842842 0.0427242 0.536462 55.6219 -0.0142823 0.998268 -0.0570638 -4.58036 -0.537971 0.0404338 0.841993 91.4641 
0.874356 0.0405209 0.48359 55.8118 -0.0182766 0.99855 -0.0506255 -4.59865 -0.48494 0.0354262 0.873829 91.9085 
0.90018 0.0422897 0.433459 55.9711 -0.0252541 0.998668 -0.0449874 -4.62628 -0.434785 0.0295501 0.900049 92.3593 
0.920577 0.043755 0.388103 56.1042 -0.0301977 0.998704 -0.0409663 -4.65553 -0.389392 0.0259928 0.920705 92.8125 
0.935864 0.0516424 0.348557 56.2278 -0.0408608 0.998434 -0.0382189 -4.67838 -0.349985 0.0215253 0.936508 93.2729 
0.947749 0.0557742 0.314102 56.3273 -0.0461042 0.998208 -0.0381377 -4.70786 -0.315667 0.0216634 0.948623 93.7421 
0.95713 0.0582305 0.283746 56.4358 -0.0496987 0.998072 -0.0371817 -4.72956 -0.285364 0.0214858 0.958178 94.2192 
0.963651 0.0530415 0.261847 56.5487 -0.0448397 0.998301 -0.0372037 -4.74705 -0.263376 0.0241101 0.964392 94.699 
0.967787 0.0500963 0.246736 56.6518 -0.0426208 0.998459 -0.0355498 -4.78083 -0.248136 0.0238885 0.96843 95.1835 
0.970601 0.0545208 0.234438 56.7427 -0.0474188 0.998232 -0.0358297 -4.80277 -0.235977 0.0236595 0.97147 95.6751 
0.972425 0.0602214 0.225307 56.8272 -0.0537251 0.997947 -0.0348599 -4.82313 -0.226944 0.0217939 0.973664 96.1869 
0.973189 0.0688417 0.21946 56.9105 -0.0625099 0.997406 -0.0356749 -4.85064 -0.221347 0.0209999 0.974969 96.6964 
0.973873 0.0724003 0.215243 57.0272 -0.0652407 0.99706 -0.0401936 -4.85548 -0.21752 0.0251008 0.975733 97.2039 
0.973585 0.0758993 0.21534 57.1178 -0.0685038 0.996783 -0.0416129 -4.90906 -0.217805 0.025762 0.975652 97.7521 
0.973216 0.0737098 0.217754 57.2321 -0.0652919 0.996823 -0.0456138 -4.93074 -0.220424 0.0301744 0.974937 98.2963 
0.972593 0.072297 0.220988 57.3664 -0.0623068 0.996709 -0.0518579 -4.95288 -0.22401 0.0366675 0.973897 98.829 
0.971774 0.0725352 0.224484 57.4973 -0.0612417 0.996501 -0.0568787 -4.98459 -0.227824 0.0415254 0.972816 99.3818 
0.970435 0.0770321 0.228738 57.621 -0.0655996 0.996206 -0.0571822 -5.00728 -0.232275 0.0404864 0.971807 99.9505 
0.968753 0.0798968 0.234806 57.7466 -0.0693348 0.996189 -0.0529124 -5.05896 -0.238138 0.0349787 0.970601 100.537 
0.968161 0.0760997 0.23848 57.9115 -0.0666721 0.99665 -0.0473647 -5.10168 -0.241286 0.0299566 0.969992 101.13 
0.967474 0.0722296 0.242438 58.0665 -0.0638959 0.997069 -0.0420743 -5.14219 -0.244766 0.025215 0.969254 101.723 
0.966971 0.0687783 0.24543 58.2255 -0.061245 0.997391 -0.0382058 -5.16758 -0.247417 0.0219125 0.968661 102.365 
0.96663 0.0638394 0.248094 58.3874 -0.0559687 0.997684 -0.0386569 -5.18418 -0.249987 0.0234814 0.967964 102.988 
0.966586 0.0622817 0.248659 58.5408 -0.0533865 0.997675 -0.0423642 -5.21044 -0.25072 0.0276736 0.967664 103.629 
0.966811 0.061348 0.248016 58.6992 -0.0507045 0.997507 -0.0490833 -5.24929 -0.250409 0.0348787 0.967512 104.268 
0.967091 0.0626725 0.246592 58.8594 -0.0506715 0.997215 -0.0547224 -5.29983 -0.249335 0.0404263 0.967573 104.914 
0.967674 0.0646524 0.243777 59.0104 -0.0519728 0.996957 -0.0580981 -5.34112 -0.246792 0.0435502 0.968089 105.587 
0.968418 0.0634813 0.241115 59.1748 -0.0515948 0.997136 -0.0553021 -5.36722 -0.243935 0.0411152 0.968919 106.281 
0.969009 0.0593627 0.239786 59.3457 -0.0493206 0.997645 -0.0476711 -5.41376 -0.242051 0.0343673 0.969654 106.994 
0.969778 0.0586678 0.23683 59.5131 -0.0501664 0.997867 -0.0417704 -5.45981 -0.238775 0.0286271 0.970653 107.7 
0.969794 0.062795 0.235702 59.6616 -0.054229 0.997617 -0.0426575 -5.507 -0.237819 0.028587 0.970889 108.426 
0.970327 0.0686346 0.231851 59.8355 -0.0594803 0.997157 -0.0462548 -5.56243 -0.234367 0.0310916 0.971651 109.133 
0.971557 0.068599 0.226654 60.0086 -0.0585805 0.996997 -0.0506447 -5.61881 -0.229447 0.0359267 0.972658 109.876 
0.972556 0.0669977 0.222812 60.1598 -0.0565155 0.996989 -0.053101 -5.66507 -0.225698 0.0390513 0.973414 110.633 
0.973382 0.0648092 0.219836 60.3077 -0.0547644 0.997171 -0.0514898 -5.7203 -0.222551 0.03808 0.974177 111.421 
0.974326 0.0610321 0.216711 60.4632 -0.0515241 0.997456 -0.0492623 -5.77239 -0.219166 0.0368316 0.974992 112.187 
0.974917 0.0591087 0.214577 60.6326 -0.0501217 0.997632 -0.0470895 -5.81651 -0.216852 0.0351533 0.975571 112.98 
0.975478 0.055898 0.21288 60.8044 -0.0473807 0.997867 -0.044908 -5.85629 -0.214936 0.0337203 0.976046 113.772 
0.975967 0.0501945 0.21206 60.9838 -0.0417248 0.99815 -0.044231 -5.89532 -0.213888 0.0343197 0.976255 114.575 
0.975824 0.0516974 0.212355 61.1195 -0.0435674 0.998134 -0.0427914 -5.9359 -0.214171 0.032505 0.976255 115.395 
0.975688 0.0565036 0.211754 61.2906 -0.0480496 0.997837 -0.0448638 -5.98341 -0.213831 0.0335983 0.976293 116.206 
0.975139 0.0626853 0.212542 61.4365 -0.0537146 0.997415 -0.0477277 -6.03973 -0.214985 0.0351244 0.975985 117.019 
0.97448 0.0716225 0.212743 61.6132 -0.0623921 0.996809 -0.0497979 -6.07855 -0.21563 0.0352535 0.975838 117.863 
0.973441 0.0776751 0.215358 61.7846 -0.0687634 0.996449 -0.048581 -6.14237 -0.218367 0.0324819 0.975326 118.699 
0.972566 0.0805203 0.218248 61.95 -0.0719357 0.996301 -0.0470125 -6.1896 -0.221226 0.0300229 0.97476 119.542 
0.972249 0.0813354 0.219354 62.1458 -0.0724716 0.996206 -0.0481712 -6.23561 -0.222439 0.0309374 0.974455 120.398 
0.972101 0.0799469 0.220519 62.3312 -0.0703122 0.996209 -0.0512126 -6.28804 -0.223778 0.0342785 0.974037 121.224 
0.972176 0.0744167 0.222116 62.514 -0.0648961 0.996645 -0.0498693 -6.34 -0.225081 0.0340673 0.973744 122.063 
0.972636 0.0688269 0.221904 62.6979 -0.0590066 0.996975 -0.0505933 -6.39414 -0.224715 0.036115 0.973755 122.89 
0.972435 0.0682277 0.222967 62.8813 -0.0582744 0.997001 -0.0509272 -6.45278 -0.225773 0.0365301 0.973495 123.714 
0.971468 0.0718807 0.226014 63.0423 -0.0625574 0.996879 -0.0481557 -6.50881 -0.22877 0.0326428 0.972933 124.575 
0.971097 0.0737305 0.22701 63.2186 -0.065777 0.996932 -0.0424145 -6.55963 -0.229441 0.0262565 0.972968 125.401 
0.970458 0.0778308 0.228373 63.3933 -0.070809 0.996735 -0.0387947 -6.59969 -0.230646 0.0214777 0.9728 126.239 
0.97028 0.0767863 0.22948 63.5729 -0.0679912 0.996625 -0.0460032 -6.64351 -0.232238 0.0290333 0.972226 127.071 
0.970843 0.07259 0.228463 63.7545 -0.0604674 0.996387 -0.0596315 -6.70693 -0.231966 0.0440781 0.971725 127.88 
0.971117 0.0714577 0.227653 63.9442 -0.0571664 0.995993 -0.0687725 -6.76162 -0.231655 0.0537719 0.971311 128.685 
0.971677 0.0680673 0.226297 64.1375 -0.0559195 0.99665 -0.0596724 -6.81665 -0.229601 0.0453278 0.972229 129.52 
0.971976 0.0631079 0.22645 64.3232 -0.0557228 0.997689 -0.0388653 -6.87614 -0.228379 0.0251577 0.973247 130.374 
0.972486 0.0586928 0.225448 64.5089 -0.054819 0.998222 -0.0234104 -6.93527 -0.226421 0.0104073 0.973974 131.209 
0.972318 0.0636088 0.224838 64.6713 -0.0586294 0.997865 -0.0287618 -6.98523 -0.226187 0.0147834 0.973972 132.007 
0.972286 0.0720473 0.222418 64.8245 -0.0634945 0.99695 -0.0453779 -7.01347 -0.225009 0.0299979 0.973895 132.824 
0.972168 0.0723504 0.222834 64.96 -0.0621743 0.996691 -0.0523585 -7.07273 -0.225885 0.0370466 0.973449 133.646 
0.973045 0.0689555 0.220064 65.1441 -0.0585647 0.996854 -0.0534051 -7.12273 -0.223054 0.0390775 0.974022 134.452 
0.973663 0.068485 0.217461 65.3135 -0.0586555 0.996957 -0.051347 -7.18473 -0.220316 0.0372393 0.974717 135.268 
0.974508 0.0670286 0.214107 65.4704 -0.0570544 0.996993 -0.0524374 -7.24059 -0.216978 0.0388848 0.975402 136.066 
0.975395 0.0696444 0.209175 65.631 -0.0596216 0.996767 -0.0538534 -7.29515 -0.212249 0.040057 0.976394 136.888 
0.97581 0.0741721 0.205651 65.7844 -0.064402 0.996472 -0.0538112 -7.35693 -0.208916 0.0392652 0.977145 137.675 
0.975767 0.0800558 0.20364 65.9263 -0.0703045 0.996025 -0.0546892 -7.40395 -0.207208 0.0390471 0.977517 138.487 
0.975736 0.0824268 0.202844 66.055 -0.0733331 0.995953 -0.0519595 -7.4715 -0.206306 0.0358235 0.977832 139.282 
0.976092 0.0811501 0.201639 66.21 -0.0729567 0.996191 -0.0477519 -7.51716 -0.204746 0.0318993 0.978295 140.07 
0.976809 0.0787143 0.199119 66.3749 -0.0705524 0.996363 -0.0477701 -7.57594 -0.202155 0.0326139 0.97881 140.882 
0.977499 0.0780697 0.19596 66.5319 -0.0694867 0.996313 -0.0503104 -7.62331 -0.199165 0.0355617 0.97932 141.679 
0.978976 0.0722621 0.190746 66.6875 -0.0631522 0.996573 -0.0534224 -7.68095 -0.193953 0.0402531 0.980185 142.476 
0.980301 0.0700542 0.184666 66.8126 -0.060977 0.996656 -0.0543912 -7.71595 -0.187858 0.0420593 0.981295 143.25 
0.981375 0.0692989 0.179164 66.9336 -0.0613869 0.996894 -0.0493409 -7.75653 -0.182027 0.0374236 0.982581 144.054 
0.982486 0.0668201 0.173944 67.0583 -0.060685 0.997341 -0.0403598 -7.80948 -0.176179 0.0290971 0.983928 144.854 
0.983409 0.0633375 0.169986 67.1916 -0.0589943 0.997793 -0.0304861 -7.86156 -0.171542 0.019952 0.984975 145.641 
0.98368 0.0696131 0.165917 67.2968 -0.0659784 0.997447 -0.0273261 -7.90655 -0.167395 0.0159332 0.985761 146.447 
0.984282 0.0736891 0.160494 67.4129 -0.0694932 0.997081 -0.0316099 -7.95336 -0.162355 0.0199598 0.98653 147.224 
0.985195 0.0747877 0.154266 67.5006 -0.0691809 0.996744 -0.0414068 -8.00108 -0.15686 0.0301215 0.987161 148.016 
0.986271 0.0735369 0.147856 67.6018 -0.0672921 0.996635 -0.0468106 -8.02459 -0.150801 0.0362183 0.9879 148.828 
0.987301 0.0730801 0.14105 67.7095 -0.0672422 0.996688 -0.045727 -8.0584 -0.143925 0.0356618 0.988946 149.635 
0.987879 0.0803229 0.132829 67.8028 -0.0752721 0.996251 -0.0426277 -8.0929 -0.135755 0.0321126 0.990222 150.465 
0.988446 0.0857576 0.124981 67.8713 -0.0807794 0.995743 -0.0443793 -8.13626 -0.128255 0.0337706 0.991166 151.283 
0.989467 0.0882744 0.114724 67.9478 -0.0829687 0.995285 -0.0502373 -8.17378 -0.118618 0.0401895 0.992126 152.085 
0.990547 0.0869757 0.106077 68.0234 -0.081807 0.995283 -0.0521496 -8.21883 -0.110112 0.0429787 0.992989 152.91 
0.991422 0.0868562 0.0976589 68.094 -0.0823048 0.995366 -0.0497146 -8.25835 -0.101524 0.0412503 0.993977 153.729 
0.991919 0.0889535 0.0904615 68.1441 -0.0853969 0.995442 -0.0424632 -8.30243 -0.0938263 0.0343948 0.994994 154.529 
0.99225 0.0923849 0.0830953 68.1843 -0.0895488 0.995286 -0.0372419 -8.339 -0.0861441 0.0295121 0.995845 155.356 
0.99283 0.0921932 0.0760891 68.2247 -0.0898224 0.995376 -0.0340208 -8.37404 -0.0788737 0.0269422 0.99652 156.182 
0.993273 0.0927678 0.0692954 68.273 -0.0907581 0.995371 -0.0316159 -8.41297 -0.0719075 0.025114 0.997095 157.013 
0.993671 0.0912676 0.0654811 68.3016 -0.0892443 0.995456 -0.0331937 -8.45563 -0.068213 0.0271398 0.997301 157.841 
0.993499 0.0963548 0.0606308 68.3358 -0.0941399 0.994818 -0.0383915 -8.49322 -0.0640158 0.032434 0.997422 158.642 
0.993092 0.10323 0.0557786 68.3621 -0.100781 0.993887 -0.0450823 -8.53419 -0.0600914 0.0391494 0.997425 159.466 
0.993226 0.103749 0.0523228 68.3933 -0.10128 0.993708 -0.0478261 -8.56508 -0.0569554 0.0422028 0.997484 160.267 
0.993193 0.105603 0.04915 68.4222 -0.103593 0.993741 -0.0418078 -8.60209 -0.0532573 0.0364315 0.997916 161.085 
0.993003 0.10786 0.0480831 68.4382 -0.106405 0.993812 -0.0318579 -8.63679 -0.0512217 0.0265186 0.998335 161.91 
0.993027 0.108872 0.0452141 68.46 -0.107865 0.993872 -0.0241506 -8.68414 -0.0475662 0.0191051 0.998685 162.737 
0.993673 0.105195 0.0393405 68.4806 -0.104182 0.994192 -0.0269828 -8.72239 -0.0419504 0.0227134 0.998861 163.556 
0.995215 0.0919019 0.033167 68.5067 -0.0907056 0.995229 -0.0359361 -8.76356 -0.0363113 0.0327556 0.998803 164.36 
0.995605 0.0901334 0.0254121 68.5209 -0.0890911 0.995238 -0.0395362 -8.8048 -0.0288545 0.0370983 0.998895 165.175 
0.99541 0.0938623 0.0186514 68.5177 -0.0930885 0.994903 -0.0387483 -8.83308 -0.0221933 0.0368341 0.999075 166.009 
0.995793 0.0908976 0.0115304 68.5115 -0.0905094 0.995424 -0.0306278 -8.90379 -0.0142615 0.0294553 0.999464 166.851 
0.99631 0.0856896 0.00481908 68.4946 -0.0855283 0.995964 -0.0272113 -8.92988 -0.00713126 0.0266986 0.999618 167.695 
0.996988 0.0775564 0.000172781 68.4739 -0.0775328 0.996733 -0.0226057 -8.95797 -0.00192535 0.0225241 0.999744 168.514 
0.997331 0.0727273 -0.00646349 68.4689 -0.0728547 0.997092 -0.0223336 -8.99303 0.00482052 0.0227448 0.99973 169.343 
0.997498 0.0693606 -0.0136689 68.4527 -0.0697399 0.997127 -0.0295537 -9.02214 0.0115798 0.030433 0.99947 170.171 
0.997941 0.0608031 -0.0203998 68.4139 -0.0615558 0.997359 -0.0385517 -9.06116 0.0180019 0.039728 0.999048 170.998 
0.9983 0.0514504 -0.0273942 68.4065 -0.0525857 0.997713 -0.0424731 -9.09562 0.0251464 0.0438413 0.998722 171.826 
0.997962 0.0543734 -0.0334071 68.3551 -0.0555297 0.997853 -0.0347159 -9.13418 0.0314479 0.0365001 0.998839 172.666 
0.997263 0.0640458 -0.0369258 68.2743 -0.0649151 0.997629 -0.0228409 -9.14994 0.0353755 0.0251754 0.999057 173.526 
0.996557 0.0714402 -0.0420709 68.2262 -0.0721134 0.997288 -0.014702 -9.19326 0.0409066 0.0176852 0.999006 174.366 
0.996383 0.0714009 -0.046075 68.1738 -0.0722976 0.997219 -0.0180943 -9.2168 0.044655 0.0213599 0.998774 175.203 
0.996204 0.0724854 -0.0482063 68.1146 -0.0739134 0.996856 -0.0285282 -9.24495 0.045987 0.0319829 0.99843 176.029 
0.995262 0.0824595 -0.0515198 68.0371 -0.0844475 0.995715 -0.0376777 -9.27979 0.0481923 0.0418498 0.997961 176.855 
0.99526 0.0813019 -0.0533626 67.9684 -0.083562 0.995635 -0.041581 -9.31227 0.0497491 0.0458429 0.997709 177.696 
0.995594 0.0752856 -0.0559034 67.9351 -0.0774342 0.996299 -0.0373128 -9.34203 0.0528875 0.0414771 0.997739 178.538 
0.995613 0.0754894 -0.0552833 67.8743 -0.0771764 0.996594 -0.0290407 -9.37431 0.0529029 0.0331798 0.998048 179.398 
0.995544 0.0770809 -0.0543236 67.7965 -0.0784312 0.99665 -0.0231754 -9.41373 0.0523553 0.0273327 0.998254 180.253 
0.995438 0.0771431 -0.056146 67.7334 -0.0785496 0.996638 -0.0232854 -9.45603 0.054161 0.0275894 0.998151 181.111 
0.995494 0.0735291 -0.0598744 67.6929 -0.0755522 0.99662 -0.0322538 -9.49218 0.0573005 0.036632 0.997685 181.943 
0.996062 0.0634848 -0.0618913 67.6253 -0.066239 0.996855 -0.0435104 -9.53308 0.0589345 0.0474386 0.997134 182.783 
0.996554 0.0531187 -0.0637016 67.5647 -0.0561687 0.99731 -0.047083 -9.5752 0.0610294 0.0504987 0.996858 183.614 
0.996315 0.0548603 -0.0659214 67.5134 -0.0578026 0.997376 -0.0435855 -9.60469 0.0633574 0.0472353 0.996872 184.476 
0.995897 0.0612367 -0.0666207 67.4344 -0.0634974 0.997457 -0.0323603 -9.65999 0.0644698 0.0364577 0.997253 185.332 
0.995786 0.0613963 -0.0681177 67.357 -0.0635129 0.997549 -0.0293517 -9.69234 0.0661488 0.0335543 0.997245 186.195 
0.995889 0.0581771 -0.0694288 67.2923 -0.060622 0.997594 -0.0336398 -9.72387 0.0673048 0.0377104 0.997019 187.03 
0.995997 0.0572049 -0.0686788 67.2049 -0.0600962 0.997358 -0.040796 -9.75478 0.0661638 0.04476 0.996804 187.873 
0.995618 0.0634883 -0.068653 67.1228 -0.0663932 0.996955 -0.0408898 -9.79579 0.0658481 0.0452687 0.996802 188.701 
0.995466 0.0654827 -0.0689939 67.0504 -0.0682463 0.996926 -0.0384874 -9.83357 0.0662616 0.0430214 0.996874 189.525 
0.995143 0.0681735 -0.0710116 66.9783 -0.070818 0.99686 -0.0354098 -9.87582 0.0683747 0.0402666 0.996847 190.363 
0.99497 0.0701715 -0.0714811 66.9058 -0.0727502 0.996766 -0.0341304 -9.90581 0.068855 0.0391589 0.996858 191.189 
0.994711 0.0724914 -0.0727641 66.8307 -0.0750807 0.996614 -0.0335004 -9.94821 0.0700894 0.0387863 0.996786 192.02 
0.994787 0.0722097 -0.0720095 66.7414 -0.0749868 0.996511 -0.0366343 -9.99465 0.069113 0.041843 0.996731 192.826 
0.994509 0.0736999 -0.0743009 66.6782 -0.0769842 0.996132 -0.0423481 -10.0283 0.0708926 0.0478354 0.996336 193.618 
