1 -4.23778e-08 4.22719e-08 0 -4.23778e-08 1 -4.19404e-08 0 4.22719e-08 -4.19404e-08 1 0 
0.99999 -0.00276821 -0.00347828 -0.00655354 0.00276104 0.999994 -0.00203978 -0.0059478 0.00348399 0.00203007 0.999992 0.677993 
0.99997 -0.00133676 -0.00757185 -0.024071 0.00130823 0.999992 -0.00376064 -0.00727683 0.0075769 0.00375054 0.999964 1.37491 
0.999932 -0.00142959 -0.0116095 -0.0428542 0.00136816 0.999985 -0.0052898 -0.0112677 0.0116169 0.00527347 0.999919 2.08868 
0.999863 -7.57585e-06 -0.0165474 -0.0662213 -9.20212e-05 0.999982 -0.00601304 -0.0173669 0.0165472 0.00601366 0.999845 2.81961 
0.999775 -0.00112789 -0.0211611 -0.0887623 0.000997789 0.99998 -0.00615387 -0.0278657 0.0211677 0.00613129 0.999757 3.56756 
0.999667 0.000690353 -0.0258092 -0.119704 -0.000879422 0.999973 -0.00731174 -0.0388484 0.0258036 0.00733191 0.99964 4.32934 
0.999518 0.00336667 -0.0308642 -0.156333 -0.00361469 0.999962 -0.00798077 -0.0479118 0.0308362 0.0080884 0.999492 5.10456 
0.999364 0.00365278 -0.03547 -0.193538 -0.00388506 0.999971 -0.00647968 -0.0553512 0.0354454 0.00661328 0.99935 5.89554 
0.999188 0.00278129 -0.040204 -0.232846 -0.0029373 0.999988 -0.00381987 -0.0644759 0.040193 0.00393477 0.999184 6.7016 
0.999036 0.00221915 -0.0438472 -0.276907 -0.00227444 0.999997 -0.00120922 -0.073086 0.0438445 0.00130769 0.999037 7.51681 
0.998899 0.00361387 -0.0467772 -0.326405 -0.00370261 0.999991 -0.0018089 -0.0828855 0.0467704 0.00198002 0.998904 8.3389 
0.99878 0.00303109 -0.0492956 -0.375763 -0.00313525 0.999993 -0.0020341 -0.089289 0.0492892 0.00218608 0.998782 9.16842 
0.998676 -8.46981e-05 -0.0514404 -0.419276 -4.75135e-05 0.999997 -0.00256736 -0.0960348 0.0514405 0.00256632 0.998673 10.0075 
0.998555 -0.000340893 -0.053736 -0.471422 0.000247154 0.999998 -0.00174954 -0.104322 0.0537366 0.00173364 0.998554 10.8513 
0.998471 -0.00188557 -0.0552482 -0.527269 0.00177537 0.999996 -0.00204212 -0.114524 0.0552519 0.00194082 0.99847 11.7018 
0.998365 0.00062586 -0.0571517 -0.589135 -0.000883768 0.999989 -0.00448608 -0.124923 0.0571484 0.00452917 0.998355 12.5627 
0.998287 0.00104684 -0.0584889 -0.655717 -0.00146458 0.999974 -0.00709831 -0.13528 0.0584801 0.00717173 0.998263 13.4319 
0.998173 0.00494971 -0.0602122 -0.725441 -0.005486 0.999947 -0.00874331 -0.148379 0.0601658 0.00905758 0.998147 14.3061 
0.998112 0.00600707 -0.0611173 -0.794174 -0.00653281 0.999943 -0.00840468 -0.163532 0.0610634 0.008788 0.998095 15.1894 
0.998026 0.00510386 -0.0625991 -0.859642 -0.00554901 0.99996 -0.00693802 -0.177859 0.0625613 0.0072716 0.998015 16.0821 
0.997937 0.00568113 -0.063954 -0.929776 -0.00603287 0.999968 -0.00530682 -0.193639 0.0639219 0.00568161 0.997939 16.9838 
0.997886 0.00531779 -0.0647756 -1.00174 -0.00566965 0.99997 -0.00524809 -0.208046 0.0647459 0.00560416 0.997886 17.8877 
0.997772 0.00520829 -0.066504 -1.07324 -0.0056336 0.999965 -0.00620813 -0.221355 0.0664694 0.00656887 0.997767 18.7956 
0.997709 0.00373475 -0.0675544 -1.14558 -0.00421019 0.999967 -0.00689572 -0.234861 0.0675265 0.00716425 0.997692 19.7117 
0.997671 0.00402529 -0.068088 -1.21826 -0.0043916 0.999977 -0.00522996 -0.247642 0.0680655 0.00551671 0.997666 20.6353 
0.997658 0.00567493 -0.0681617 -1.29492 -0.00581677 0.999981 -0.00188144 -0.261536 0.0681499 0.00227343 0.997672 21.5628 
0.997706 0.00664101 -0.0673691 -1.37025 -0.00653484 0.999977 0.00179749 -0.272799 0.0673795 -0.00135321 0.997726 22.5018 
0.997817 0.00562815 -0.0657918 -1.44184 -0.00534262 0.999975 0.00451624 -0.27867 0.0658157 -0.00415497 0.997823 23.4409 
0.997915 0.00597604 -0.0642602 -1.5148 -0.00565729 0.999971 0.00514238 -0.28479 0.0642892 -0.00476821 0.99792 24.3857 
0.997998 0.00605341 -0.0629478 -1.58555 -0.00591875 0.99998 0.00232668 -0.291981 0.0629607 -0.00194954 0.998014 25.3316 
0.998041 0.00709539 -0.0621529 -1.65723 -0.00727877 0.99997 -0.0027232 -0.298283 0.0621318 0.00317017 0.998063 26.2808 
0.998117 0.00637283 -0.0610068 -1.72756 -0.00673849 0.99996 -0.00578844 -0.307043 0.0609676 0.00618855 0.99812 27.2364 
0.99817 0.00386315 -0.0603389 -1.79511 -0.00416047 0.99998 -0.00480117 -0.31845 0.0603192 0.00504334 0.998166 28.2037 
0.998163 0.00211179 -0.0605405 -1.86441 -0.00211138 0.999998 7.21742e-05 -0.329036 0.0605406 5.5696e-05 0.998166 29.1788 
0.998112 -0.00177356 -0.0613858 -1.92982 0.00198471 0.999992 0.0033802 -0.338639 0.0613794 -0.00349574 0.998108 30.1584 
0.997997 -0.00914896 -0.0625874 -1.99088 0.00934002 0.999952 0.00276221 -0.347871 0.0625592 -0.00334134 0.998036 31.1374 
0.997886 -0.011177 -0.0640243 -2.05743 0.0111245 0.999937 -0.00117514 -0.35654 0.0640335 0.000460323 0.997948 32.1148 
0.997798 -0.0108927 -0.0654188 -2.13461 0.0105686 0.99993 -0.00529654 -0.366631 0.065472 0.00459341 0.997844 33.0977 
0.997668 -0.00941945 -0.0676038 -2.21495 0.00902996 0.999941 -0.00606343 -0.378367 0.067657 0.00543874 0.997694 34.0881 
0.997628 -0.0091655 -0.0682263 -2.29478 0.00885435 0.999949 -0.00486031 -0.392704 0.0682674 0.00424459 0.997658 35.0818 
0.997562 -0.0058169 -0.0695479 -2.38166 0.00568425 0.999982 -0.00210394 -0.409502 0.0695589 0.0017034 0.997576 36.0784 
0.997476 -0.00583058 -0.0707674 -2.46355 0.00578467 0.999983 -0.000852632 -0.423961 0.0707712 0.000441027 0.997492 37.0782 
0.997391 -0.00403786 -0.0720804 -2.54236 0.00415767 0.99999 0.00151335 -0.435745 0.0720737 -0.00180918 0.997398 38.0716 
0.9974 -0.00394869 -0.0719488 -2.62325 0.00428132 0.999981 0.00447062 -0.449487 0.0719298 -0.00476712 0.997398 39.0646 
0.997349 0.00188395 -0.0727446 -2.71452 -0.0013989 0.999976 0.00671937 -0.457347 0.0727557 -0.00659988 0.997328 40.0623 
0.997335 0.00192261 -0.0729252 -2.80159 -0.0014862 0.999981 0.00603927 -0.466758 0.0729355 -0.00591489 0.997319 41.0624 
0.997344 0.0020829 -0.0728046 -2.88567 -0.00178445 0.99999 0.0041652 -0.472347 0.0728126 -0.00402431 0.997337 42.0585 
0.997343 0.00441695 -0.0727127 -2.97928 -0.00429724 0.999989 0.00180388 -0.482087 0.0727199 -0.00148671 0.997351 43.0517 
0.99727 0.00408665 -0.073724 -3.06238 -0.00396856 0.999991 0.00174927 -0.494013 0.0737306 -0.00145201 0.997277 44.0475 
0.997164 0.00222434 -0.0752232 -3.14228 -0.00201193 0.999994 0.00290046 -0.504051 0.0752293 -0.00274098 0.997162 45.0399 
0.997108 0.00301676 -0.0759425 -3.23004 -0.00273801 0.999989 0.00377537 -0.515559 0.0759532 -0.0035566 0.997105 46.0224 
0.997079 0.00550043 -0.0761785 -3.31885 -0.00551225 0.999985 5.6214e-05 -0.529094 0.0761777 0.000363778 0.997094 46.9931 
0.996993 0.00628504 -0.0772382 -3.4066 -0.00663542 0.999969 -0.0042795 -0.539919 0.077209 0.00477905 0.997003 47.9599 
0.996937 0.00727434 -0.077874 -3.49717 -0.00773624 0.999954 -0.00563033 -0.554723 0.0778296 0.00621545 0.996947 48.9309 
0.996929 0.00603516 -0.078077 -3.58214 -0.00622606 0.999978 -0.00220074 -0.570748 0.0780621 0.00268 0.996945 49.9082 
0.99692 0.00428718 -0.0783005 -3.66698 -0.00423632 0.999991 0.000816676 -0.584926 0.0783034 -0.000482542 0.996929 50.8826 
0.996903 0.00260018 -0.0785939 -3.75184 -0.00249538 0.999996 0.00143259 -0.599098 0.0785974 -0.00123212 0.996906 51.8455 
0.996869 -0.000532251 -0.079068 -3.83003 0.000549954 1 0.000203148 -0.612545 0.0790679 -0.000246082 0.996869 52.8017 
0.996827 -0.00328533 -0.079527 -3.91173 0.00319356 0.999994 -0.00128012 -0.623515 0.0795308 0.001022 0.996832 53.7565 
0.996727 -0.00460352 -0.0807121 -3.99679 0.00460393 0.999989 -0.000179976 -0.636513 0.0807121 -0.000192293 0.996737 54.7078 
0.99661 -0.00735199 -0.0819366 -4.079 0.00769165 0.999963 0.00383148 -0.64827 0.0819055 -0.00444881 0.99663 55.6578 
0.99656 -0.0079234 -0.0824937 -4.16621 0.00867958 0.999923 0.00881293 -0.657542 0.0824176 -0.00949871 0.996553 56.6096 
0.996538 -0.00580036 -0.0829401 -4.25915 0.00671225 0.99992 0.0107209 -0.663746 0.0828714 -0.0112406 0.996497 57.5568 
0.996431 -0.00471515 -0.0842734 -4.35183 0.005298 0.999963 0.00669491 -0.671453 0.0842388 -0.00711759 0.99642 58.4949 
0.996316 -0.00307983 -0.0856982 -4.44238 0.00299466 0.999995 -0.00112138 -0.680873 0.0857013 0.000860529 0.99632 59.4146 
0.996243 -0.00140975 -0.0865897 -4.53641 0.00088491 0.999981 -0.0060984 -0.692088 0.0865967 0.00599878 0.996225 60.3272 
0.996151 0.00370123 -0.0875727 -4.63378 -0.0041833 0.999977 -0.00532105 -0.70851 0.087551 0.00566683 0.996144 61.2296 
0.996021 0.00616113 -0.0889089 -4.73013 -0.00644523 0.999975 -0.00290768 -0.726926 0.0888889 0.00346906 0.996035 62.1297 
0.995904 0.00853599 -0.0900124 -4.82191 -0.00869306 0.999961 -0.00135221 -0.745419 0.0899974 0.00212907 0.99594 63.0198 
0.995792 0.0091394 -0.0911855 -4.913 -0.00933173 0.999955 -0.0016822 -0.75881 0.0911661 0.00252596 0.995832 63.8864 
0.995621 0.0108117 -0.0928549 -5.00574 -0.0109501 0.999939 -0.0009803 -0.773282 0.0928388 0.00199269 0.995679 64.7382 
0.995476 0.0116342 -0.0943025 -5.09605 -0.0117137 0.999931 -0.000289601 -0.790603 0.0942928 0.00139284 0.995543 65.5772 
0.995338 0.0116149 -0.0957484 -5.185 -0.0116665 0.999932 2.12554e-05 -0.803368 0.0957422 0.00109581 0.995405 66.3997 
0.995212 0.0114277 -0.0970727 -5.27341 -0.0113878 0.999935 0.000965575 -0.813555 0.0970775 0.000144408 0.995277 67.2056 
0.995021 0.0143968 -0.0986191 -5.36468 -0.014111 0.999894 0.00359564 -0.824608 0.0986605 -0.00218622 0.995119 68.0025 
0.994876 0.0160045 -0.0998231 -5.46105 -0.0153297 0.999854 0.00752405 -0.833462 0.0999291 -0.00595533 0.994977 68.7915 
0.994657 0.0192315 -0.101429 -5.55609 -0.0183964 0.999789 0.00916309 -0.842019 0.101584 -0.00724829 0.994801 69.5648 
0.994471 0.0221206 -0.102651 -5.65005 -0.0217116 0.999751 0.00510083 -0.855426 0.102739 -0.002844 0.994704 70.3118 
0.994331 0.022051 -0.104019 -5.73878 -0.0223999 0.999747 -0.00218652 -0.868607 0.103945 0.00450406 0.994573 71.0358 
0.994185 0.021201 -0.105579 -5.82527 -0.0221726 0.999722 -0.00803574 -0.878871 0.105379 0.0103299 0.994378 71.7468 
0.994127 0.0221794 -0.10592 -5.91351 -0.0232999 0.999685 -0.00935187 -0.88914 0.105679 0.0117648 0.994331 72.4397 
0.993972 0.0247693 -0.106795 -6.00224 -0.0255479 0.999656 -0.00592816 -0.903068 0.106612 0.00862074 0.994263 73.1176 
0.993823 0.0249354 -0.108137 -6.08756 -0.025472 0.999669 -0.00358253 -0.922898 0.108012 0.00631479 0.994129 73.7797 
0.993797 0.0218161 -0.10905 -6.1664 -0.0227022 0.999718 -0.00689055 -0.938802 0.108869 0.0093234 0.994012 74.4154 
0.99393 0.0136731 -0.109163 -6.23163 -0.0150631 0.999815 -0.0119175 -0.956071 0.10898 0.0134894 0.993952 75.0324 
0.994065 0.00963291 -0.108356 -6.29975 -0.0115241 0.999792 -0.0168401 -0.969795 0.108172 0.0179888 0.993969 75.6371 
0.994357 0.0121151 -0.105394 -6.37097 -0.0140066 0.999753 -0.0172239 -0.984664 0.105159 0.0186028 0.994281 76.2267 
0.994699 0.0170863 -0.1014 -6.44266 -0.0186412 0.999722 -0.0144058 -1.00094 0.101126 0.0162195 0.994741 76.8023 
0.995174 0.0155352 -0.0968827 -6.49865 -0.0167153 0.999795 -0.0113808 -1.01602 0.0966862 0.0129452 0.995231 77.3617 
0.995748 0.011788 -0.0913582 -6.54099 -0.0125107 0.999895 -0.00734098 -1.02868 0.0912622 0.00845264 0.995791 77.9078 
0.99649 0.00735243 -0.0833836 -6.57733 -0.00770087 0.999963 -0.00385691 -1.04668 0.0833522 0.00448541 0.99651 78.4399 
0.997283 0.0110536 -0.0728249 -6.61807 -0.0113927 0.999926 -0.00424207 -1.05764 0.0727727 0.00506013 0.997336 78.9559 
0.998197 0.0162004 -0.0578014 -6.65292 -0.0165086 0.999852 -0.0048561 -1.06836 0.0577143 0.00580148 0.998316 79.4611 
0.998978 0.0212514 -0.0398998 -6.67373 -0.0214515 0.999759 -0.0045923 -1.07732 0.0397927 0.00544343 0.999193 79.9539 
0.999646 0.0198068 -0.0177493 -6.67149 -0.0198819 0.999794 -0.00405752 -1.0876 0.0176654 0.00440889 0.999834 80.4321 
0.99983 0.0162771 0.00863188 -6.65022 -0.0162501 0.999863 -0.00320268 -1.09866 -0.00868274 0.00306178 0.999958 80.8964 
0.999148 0.0152998 0.03833 -6.61764 -0.0152384 0.999882 -0.00189493 -1.10933 -0.0383544 0.00130914 0.999263 81.3486 
0.997331 0.0148927 0.0714703 -6.56819 -0.0148856 0.999889 -0.000632852 -1.11922 -0.0714717 -0.000432799 0.997442 81.7963 
0.993911 0.0150335 0.109152 -6.5002 -0.0150859 0.999886 -0.000347018 -1.1284 -0.109144 -0.00130182 0.994025 82.2333 
0.988396 0.0153167 0.151122 -6.41519 -0.0153922 0.999881 -0.000670806 -1.13556 -0.151114 -0.00166316 0.988515 82.6587 
0.980397 0.0151776 0.196448 -6.30756 -0.0153036 0.999882 -0.000877277 -1.14616 -0.196439 -0.00214636 0.980514 83.0711 
0.969201 0.0174461 0.24565 -6.1816 -0.0171736 0.999847 -0.00325198 -1.15873 -0.245669 -0.00106694 0.969353 83.47 
0.954049 0.0183809 0.299085 -6.03595 -0.0172904 0.999831 -0.00629242 -1.17155 -0.29915 0.00083192 0.954206 83.8492 
0.934643 0.0186435 0.355099 -5.86599 -0.0166223 0.999824 -0.00874224 -1.18164 -0.355199 0.00226825 0.934788 84.2096 
0.91071 0.0193024 0.412595 -5.67665 -0.016266 0.999809 -0.0108707 -1.19115 -0.412726 0.00318877 0.91085 84.5514 
0.882058 0.0193976 0.470742 -5.46519 -0.0150006 0.999802 -0.0130909 -1.20065 -0.470903 0.00448546 0.882174 84.872 
0.848806 0.0179307 0.5284 -5.23385 -0.0115964 0.999816 -0.0152999 -1.21294 -0.528577 0.00685903 0.848858 85.1729 
0.812001 0.0173133 0.583399 -4.98893 -0.00954189 0.99982 -0.0163906 -1.22849 -0.583578 0.00774238 0.81202 85.4543 
0.772023 0.0157755 0.635398 -4.72559 -0.00791837 0.999853 -0.0152032 -1.24369 -0.635545 0.00670587 0.772035 85.7216 
0.728922 0.0156077 0.684419 -4.44976 -0.00900912 0.999872 -0.0132066 -1.25403 -0.684537 0.00346053 0.72897 85.9747 
0.683299 0.014605 0.729992 -4.15635 -0.00772695 0.999888 -0.0127722 -1.2642 -0.730097 0.0030866 0.683336 86.206 
0.636309 0.0133107 0.771319 -3.85061 -0.00387508 0.999894 -0.0140586 -1.27443 -0.771424 0.00595666 0.636293 86.4124 
0.588945 0.0108642 0.8081 -3.52908 0.00223893 0.999884 -0.0150745 -1.28354 -0.80817 0.0106873 0.588852 86.5992 
0.541538 0.01308 0.840574 -3.20461 0.000636439 0.999872 -0.015969 -1.29665 -0.840676 0.00918275 0.541461 86.7771 
0.493595 0.0162165 0.869541 -2.87535 -0.00274878 0.99985 -0.0170865 -1.30772 -0.869687 0.00604359 0.493566 86.9416 
0.447554 0.0183933 0.894068 -2.54029 -0.00313944 0.999815 -0.0189974 -1.32058 -0.894251 0.00569546 0.447529 87.0837 
0.404891 0.0159168 0.914226 -2.19109 0.00435811 0.999803 -0.0193369 -1.32957 -0.914354 0.0118136 0.404742 87.1986 
0.365275 0.00842185 0.930862 -1.82921 0.0197995 0.999662 -0.0168138 -1.33417 -0.930689 0.0245722 0.364985 87.288 
0.329777 0.00495618 0.944046 -1.46738 0.0241141 0.999616 -0.0136716 -1.34131 -0.943751 0.0272734 0.329531 87.3806 
0.296339 0.00926839 0.955038 -1.10511 0.0217164 0.999629 -0.0164396 -1.34953 -0.954836 0.0256117 0.296028 87.4796 
0.264992 0.0171457 0.964098 -0.741568 0.0110031 0.999723 -0.0208037 -1.36802 -0.964188 0.0161209 0.26473 87.5822 
0.236398 0.0215701 0.971417 -0.365918 0.00634342 0.999698 -0.0237419 -1.38984 -0.971635 0.0117746 0.23619 87.6689 
0.210701 0.0232733 0.977273 0.025157 0.00768848 0.999646 -0.0254638 -1.40817 -0.97752 0.012879 0.210448 87.7368 
0.187128 0.0246684 0.982026 0.42703 0.0148645 0.999499 -0.0279399 -1.42254 -0.982223 0.0198256 0.186667 87.7926 
0.167051 0.0310707 0.985458 0.838463 0.0218439 0.999141 -0.0352051 -1.42548 -0.985706 0.0274073 0.166229 87.839 
0.147222 0.0379081 0.988377 1.25585 0.0239591 0.998835 -0.0418782 -1.43094 -0.988813 0.029846 0.146142 87.8901 
0.129531 0.0387683 0.990817 1.69082 0.0216595 0.998886 -0.0419156 -1.44823 -0.991339 0.02689 0.128547 87.9443 
0.114008 0.0344851 0.992881 2.15187 0.0199845 0.999115 -0.0369965 -1.47356 -0.993279 0.0240601 0.113218 87.9983 
0.0994856 0.0312282 0.994549 2.61892 0.0203968 0.999233 -0.0334157 -1.49791 -0.99483 0.02361 0.0987723 88.0414 
0.0863017 0.028828 0.995852 3.09793 0.0229785 0.999258 -0.0309181 -1.51824 -0.996004 0.0255515 0.0855752 88.0746 
0.0747242 0.0280987 0.996808 3.58995 0.026892 0.999183 -0.0301817 -1.53613 -0.996841 0.0290615 0.0739075 88.1037 
0.0646096 0.0288019 0.997495 4.09886 0.030155 0.99907 -0.0308006 -1.5541 -0.997455 0.0320695 0.063681 88.1313 
0.0568214 0.0293075 0.997954 4.6274 0.032377 0.998989 -0.0311815 -1.57284 -0.997859 0.0340826 0.0558151 88.1585 
0.0512481 0.0296829 0.998245 5.17181 0.0341496 0.998921 -0.0314563 -1.59216 -0.998102 0.0357018 0.0501792 88.1864 
0.0457464 0.0307287 0.99848 5.73578 0.0355266 0.998844 -0.0323677 -1.61237 -0.998321 0.0369533 0.0446018 88.2115 
0.0397891 0.0314612 0.998713 6.31785 0.0362095 0.998802 -0.0329067 -1.63202 -0.998552 0.0374722 0.0386022 88.2368 
0.0354669 0.0315552 0.998872 6.92083 0.0386963 0.998708 -0.0329241 -1.65333 -0.998621 0.0398203 0.0342 88.2593 
0.0325879 0.0315914 0.998969 7.5438 0.040276 0.998647 -0.0328952 -1.67633 -0.998657 0.0413065 0.0312715 88.2811 
0.0296372 0.0311563 0.999075 8.18103 0.0411542 0.998628 -0.0323632 -1.70075 -0.998713 0.0420753 0.0283144 88.3017 
0.0273981 0.0305908 0.999156 8.83767 0.0436702 0.998541 -0.0317695 -1.72613 -0.99867 0.0445038 0.0260222 88.3214 
0.0269665 0.0302117 0.99918 9.51117 0.048229 0.99834 -0.031488 -1.75262 -0.998472 0.0490385 0.0254646 88.3374 
0.0281281 0.0298956 0.999157 10.2026 0.0516894 0.998172 -0.0313213 -1.77875 -0.998267 0.0525268 0.0265314 88.3577 
0.0306535 0.0299357 0.999082 10.911 0.0531899 0.998086 -0.0315379 -1.8052 -0.998114 0.0541078 0.0290026 88.3832 
0.0347508 0.0299126 0.998948 11.6322 0.05563 0.997944 -0.0318179 -1.83212 -0.997846 0.0566772 0.0330153 88.4115 
0.0393631 0.0295558 0.998788 12.3763 0.0560882 0.997921 -0.0317407 -1.85807 -0.997649 0.0572696 0.0376236 88.446 
0.0434994 0.0280227 0.99866 13.1341 0.057628 0.997872 -0.0305108 -1.88371 -0.99739 0.058878 0.0417919 88.4851 
0.0474949 0.0265631 0.998518 13.9026 0.0573794 0.997923 -0.0292766 -1.91173 -0.997222 0.0586849 0.0458721 88.5331 
0.051633 0.0245326 0.998365 14.6859 0.0542352 0.998154 -0.0273324 -1.94105 -0.997192 0.0555577 0.0502071 88.5888 
0.0557936 0.0236249 0.998163 15.4853 0.0535565 0.99821 -0.0266197 -1.9669 -0.997005 0.0549433 0.0544284 88.6447 
0.0601207 0.0246903 0.997886 16.2911 0.0508996 0.998318 -0.0277676 -1.99684 -0.996892 0.0524614 0.0587628 88.7054 
0.0635432 0.0287519 0.997565 17.0914 0.0488475 0.998297 -0.0318846 -2.03032 -0.996783 0.0507546 0.0620305 88.7614 
0.0649863 0.034208 0.9973 17.9008 0.0432588 0.998376 -0.0370638 -2.06422 -0.996948 0.0455507 0.0634009 88.8311 
0.064881 0.0374974 0.997188 18.7174 0.0406003 0.998367 -0.0401835 -2.09945 -0.997067 0.0430933 0.0632527 88.8972 
0.0651546 0.0372383 0.99718 19.5361 0.0383627 0.998471 -0.0397932 -2.13786 -0.997137 0.0408473 0.0636264 88.9634 
0.0650978 0.0356963 0.99724 20.3563 0.0356533 0.998639 -0.0380738 -2.17888 -0.997242 0.0380334 0.0637365 89.0337 
0.0650075 0.0344819 0.997289 21.1778 0.0366215 0.998647 -0.0369161 -2.21913 -0.997212 0.0389221 0.0636568 89.0972 
0.0653668 0.0340399 0.99728 21.9976 0.0340622 0.998759 -0.036323 -2.25999 -0.99728 0.0363439 0.0641263 89.1657 
0.0655119 0.0345336 0.997254 22.8161 0.0326968 0.99879 -0.0367348 -2.29937 -0.997316 0.0350136 0.0643035 89.2337 
0.0657116 0.0352368 0.997216 23.6356 0.0299 0.998858 -0.0372652 -2.34049 -0.99739 0.0322655 0.064583 89.3023 
0.0646206 0.0366715 0.997236 24.4519 0.0273675 0.998883 -0.0385056 -2.38029 -0.997534 0.0297801 0.0635449 89.3684 
0.0618686 0.0364117 0.99742 25.2682 0.0242306 0.998985 -0.0379719 -2.4206 -0.99779 0.0265174 0.0609235 89.4335 
0.0580407 0.0351864 0.997694 26.0794 0.021948 0.999092 -0.0365126 -2.46058 -0.998073 0.0240166 0.0572157 89.492 
0.0532956 0.0328279 0.998039 26.8931 0.0198841 0.999226 -0.0339289 -2.50149 -0.998381 0.0216534 0.0526016 89.5468 
0.0470341 0.0309661 0.998413 27.7053 0.0179461 0.999332 -0.0318401 -2.53857 -0.998732 0.0194152 0.046447 89.5957 
0.0397189 0.0312796 0.998721 28.5104 0.0177527 0.99933 -0.0320048 -2.57608 -0.999053 0.0190012 0.039137 89.6349 
0.0309729 0.0322365 0.999 29.3117 0.0174327 0.99931 -0.0327871 -2.61359 -0.999368 0.0184308 0.0303896 89.6689 
0.0210152 0.0328539 0.999239 30.1164 0.0180595 0.999284 -0.0332353 -2.64605 -0.999616 0.0187442 0.0204068 89.6936 
0.0107875 0.0318705 0.999434 30.9132 0.0193547 0.999298 -0.0320752 -2.6832 -0.999754 0.0196897 0.0101631 89.7056 
-1.11903e-05 0.0310125 0.999519 31.708 0.0184019 0.99935 -0.0310071 -2.72043 -0.999831 0.0183927 -0.00058187 89.7121 
-0.0111513 0.0302716 0.999479 32.4974 0.0198204 0.999352 -0.0300467 -2.75569 -0.999741 0.019475 -0.0117441 89.707 
-0.0220435 0.0306094 0.999288 33.2801 0.020261 0.99934 -0.0301641 -2.79153 -0.999552 0.0195817 -0.0226491 89.6941 
-0.0331875 0.0311752 0.998963 34.0614 0.0208844 0.999317 -0.0304925 -2.82799 -0.999231 0.0198508 -0.0338159 89.6753 
-0.0437584 0.0323109 0.998519 34.8359 0.0206434 0.999293 -0.0314313 -2.8624 -0.998829 0.0192375 -0.0443945 89.6473 
-0.0540328 0.0334139 0.99798 35.6038 0.0216479 0.999244 -0.0322843 -2.89535 -0.998304 0.0198598 -0.0547153 89.6114 
-0.0634872 0.0341285 0.997399 36.3689 0.0225755 0.999208 -0.0327535 -2.93093 -0.997727 0.0204373 -0.0642074 89.5661 
-0.0732803 0.0347612 0.996705 37.123 0.0233883 0.999177 -0.0331279 -2.96371 -0.997037 0.0208836 -0.0740331 89.5173 
-0.082621 0.0350923 0.995963 37.8666 0.0240605 0.999159 -0.033209 -2.99999 -0.99629 0.0212196 -0.0833959 89.4594 
-0.0912431 0.0346188 0.995227 38.6062 0.0253511 0.999152 -0.0324312 -3.03287 -0.995506 0.0222709 -0.0920434 89.3972 
-0.0985741 0.0334902 0.994566 39.338 0.0272911 0.999149 -0.0309397 -3.06623 -0.994755 0.024093 -0.0994042 89.3287 
-0.103725 0.0319246 0.994093 40.0588 0.0300074 0.99913 -0.0289555 -3.09799 -0.994153 0.0268268 -0.104593 89.2543 
-0.107471 0.0303285 0.993745 40.772 0.032947 0.999094 -0.0269287 -3.13003 -0.993662 0.0298469 -0.108373 89.1796 
-0.110102 0.0290061 0.993497 41.4664 0.0344863 0.999084 -0.0253474 -3.16549 -0.993322 0.0314712 -0.111001 89.1018 
-0.11179 0.0282155 0.993331 42.1507 0.0348464 0.999093 -0.0244577 -3.19364 -0.993121 0.0318799 -0.112672 89.0279 
-0.112381 0.0288122 0.993247 42.8235 0.0355437 0.999056 -0.0249592 -3.2186 -0.993029 0.0324988 -0.113299 88.9541 
-0.11142 0.030012 0.99332 43.4808 0.036711 0.998986 -0.0260654 -3.24514 -0.993095 0.0335616 -0.112408 88.8854 
-0.108397 0.0317238 0.993601 44.1166 0.0379606 0.998894 -0.0277515 -3.27168 -0.993383 0.0347095 -0.109481 88.8236 
-0.103064 0.0322922 0.99415 44.7396 0.0380634 0.998869 -0.0284994 -3.29959 -0.993946 0.0349034 -0.104177 88.7671 
-0.095113 0.0330131 0.994919 45.3454 0.0375053 0.998859 -0.0295584 -3.3288 -0.99476 0.0345034 -0.0962426 88.7236 
-0.0839609 0.0329322 0.995925 45.9287 0.0361808 0.998895 -0.0299803 -3.35963 -0.995812 0.0335161 -0.0850597 88.6883 
-0.0701934 0.0333088 0.996977 46.4923 0.0355285 0.998892 -0.0308714 -3.38733 -0.9969 0.0332541 -0.071299 88.6651 
-0.0528557 0.0345919 0.998003 47.0411 0.0343987 0.99887 -0.0328002 -3.41807 -0.998009 0.0325964 -0.0539858 88.6518 
-0.0313958 0.0372693 0.998812 47.5832 0.0329628 0.9988 -0.0362328 -3.44419 -0.998963 0.0317861 -0.0325866 88.6529 
-0.00668665 0.0402159 0.999169 48.1134 0.0307879 0.998725 -0.0399921 -3.47364 -0.999503 0.0304949 -0.00791629 88.6702 
0.0217924 0.0420292 0.998879 48.6419 0.0286574 0.998679 -0.0426461 -3.50238 -0.999352 0.0295546 0.0205591 88.7037 
0.055377 0.0415141 0.997602 49.1697 0.0261735 0.998731 -0.043014 -3.53171 -0.998122 0.0284927 0.0542202 88.7527 
0.0938237 0.0390154 0.994824 49.6933 0.0246092 0.998836 -0.0414938 -3.56039 -0.995285 0.0283749 0.0927543 88.8236 
0.136498 0.0352465 0.990013 50.2058 0.0217789 0.999018 -0.0385699 -3.58906 -0.990401 0.0268262 0.135597 88.9167 
0.183168 0.0302998 0.982614 50.6219 0.0186959 0.999237 -0.0342975 -3.63255 -0.982904 0.0246531 0.182462 89.0215 
0.232548 0.0272506 0.972203 51.1214 0.0138912 0.999412 -0.0313361 -3.65758 -0.972486 0.0207922 0.232033 89.1608 
0.285031 0.025704 0.958173 51.5981 0.00973502 0.999511 -0.0297089 -3.68302 -0.958469 0.0177958 0.284642 89.3282 
0.341087 0.0252718 0.939692 52.0637 0.00817551 0.999521 -0.0298484 -3.70652 -0.939996 0.0178633 0.340717 89.5209 
0.400204 0.0255432 0.91607 52.5175 0.00936947 0.999445 -0.0319613 -3.7295 -0.916378 0.0213741 0.399743 89.742 
0.460507 0.0287306 0.887191 52.9471 0.00932012 0.999264 -0.0371978 -3.75315 -0.887607 0.0253985 0.4599 89.9958 
0.519931 0.0321274 0.853604 53.3452 0.00934643 0.999019 -0.0432935 -3.77393 -0.854157 0.0304877 0.51912 90.2816 
0.57759 0.036673 0.815503 53.7141 0.00394712 0.998853 -0.047714 -3.79288 -0.816317 0.030778 0.576783 90.5985 
0.632879 0.0398042 0.773227 54.0617 -0.00108641 0.998722 -0.0505231 -3.8117 -0.77425 0.031135 0.632114 90.949 
0.685177 0.0408936 0.727227 54.3833 -0.0039848 0.998618 -0.0524003 -3.83293 -0.728365 0.0330056 0.684394 91.3128 
0.733551 0.0386631 0.678534 54.6752 -0.00512196 0.998667 -0.0513672 -3.85837 -0.679615 0.034205 0.732771 91.6863 
0.778149 0.0352914 0.627088 54.9401 -0.00826435 0.998909 -0.0459618 -3.88307 -0.628026 0.0305826 0.777591 92.0847 
0.818848 0.0301748 0.573217 55.1766 -0.00974043 0.999204 -0.0386851 -3.90552 -0.573928 0.0260938 0.81849 92.5021 
0.854546 0.027799 0.518631 55.3771 -0.0130491 0.9994 -0.0320677 -3.92523 -0.519211 0.0206356 0.854397 92.9347 
0.885022 0.024475 0.464905 55.5585 -0.0147583 0.99959 -0.0245291 -3.94292 -0.465315 0.0148475 0.88502 93.3815 
0.909848 0.0254556 0.41416 55.7071 -0.0194126 0.999635 -0.0187945 -3.96188 -0.414487 0.00906014 0.91001 93.833 
0.929284 0.0274227 0.368347 55.8363 -0.0235851 0.99961 -0.0149176 -3.97874 -0.368613 0.00517514 0.929569 94.2945 
0.943922 0.0333605 0.328479 55.9454 -0.031171 0.999443 -0.0119308 -3.99182 -0.328694 0.00102269 0.944436 94.7613 
0.955309 0.0376428 0.293204 56.047 -0.0354963 0.99929 -0.0126406 -4.00083 -0.293471 0.001668 0.955966 95.2286 
0.964167 0.0397609 0.262298 56.1467 -0.0378698 0.999207 -0.0122633 -4.00775 -0.262577 0.00189059 0.964909 95.7078 
0.970118 0.0342446 0.240205 56.2527 -0.0323364 0.999406 -0.0118826 -4.01547 -0.24047 0.00376011 0.970649 96.1894 
0.973942 0.0313154 0.224625 56.3501 -0.0295983 0.999501 -0.0110087 -4.02961 -0.224858 0.00407322 0.974383 96.6776 
0.976634 0.0356646 0.21193 56.4352 -0.0340663 0.999357 -0.01119 -4.04049 -0.212193 0.00370875 0.977221 97.1737 
0.978475 0.0409224 0.202265 56.5163 -0.0395743 0.999159 -0.010707 -4.04527 -0.202533 0.00247196 0.979272 97.6818 
0.979344 0.0487004 0.196251 56.596 -0.047263 0.99881 -0.0120043 -4.05254 -0.196602 0.00248088 0.98048 98.197 
0.979658 0.0543712 0.193169 56.6815 -0.0523323 0.998507 -0.0156462 -4.06491 -0.193731 0.00521884 0.981041 98.7193 
0.979768 0.0555834 0.192262 56.7763 -0.0530875 0.998425 -0.0181133 -4.08179 -0.192966 0.00754004 0.981176 99.2548 
0.97935 0.0541622 0.194779 56.8798 -0.0509148 0.998468 -0.0216445 -4.09834 -0.195653 0.0112803 0.980608 99.8006 
0.978695 0.0527055 0.19844 56.9925 -0.048039 0.998445 -0.0282611 -4.10906 -0.199621 0.0181261 0.979705 100.348 
0.977847 0.0529391 0.202514 57.1041 -0.0472113 0.998339 -0.0330141 -4.12466 -0.203925 0.0227217 0.978723 100.915 
0.976653 0.0578706 0.20688 57.2135 -0.0522052 0.998099 -0.0327449 -4.14301 -0.208382 0.0211801 0.977818 101.496 
0.97523 0.0610421 0.212603 57.3288 -0.0561613 0.998002 -0.0289275 -4.16299 -0.213944 0.0162708 0.97671 102.093 
0.974391 0.0579191 0.217273 57.4603 -0.0538954 0.998248 -0.0244051 -4.18513 -0.218305 0.01207 0.975806 102.698 
0.973775 0.0537104 0.221082 57.6023 -0.0508003 0.998531 -0.0188326 -4.2056 -0.221768 0.00710769 0.975073 103.317 
0.973045 0.0511918 0.224861 57.7439 -0.0492234 0.998685 -0.0143552 -4.22197 -0.2253 0.00289972 0.974285 103.949 
0.972597 0.0467905 0.227742 57.8917 -0.0447991 0.998899 -0.013909 -4.23445 -0.228142 0.00332517 0.973622 104.589 
0.972711 0.0433121 0.227942 58.0415 -0.0405234 0.999036 -0.0169027 -4.25196 -0.228454 0.0072044 0.973528 105.236 
0.972868 0.0425261 0.22742 58.1899 -0.0380685 0.998988 -0.0239535 -4.27001 -0.228209 0.0146459 0.973502 105.892 
0.972962 0.0449019 0.226557 58.3309 -0.038952 0.99877 -0.0306677 -4.28964 -0.227655 0.0210136 0.973515 106.557 
0.973466 0.0475953 0.223825 58.4716 -0.040904 0.998569 -0.0344407 -4.30933 -0.225144 0.0243714 0.97402 107.239 
0.974109 0.0457679 0.221399 58.6204 -0.0400378 0.998738 -0.0303033 -4.33193 -0.222507 0.0206544 0.974712 107.938 
0.974593 0.0415264 0.220099 58.7737 -0.0374138 0.999039 -0.0228231 -4.35685 -0.220835 0.0140085 0.975211 108.652 
0.975178 0.0415765 0.217484 58.9253 -0.0388018 0.999102 -0.0170158 -4.38312 -0.217997 0.00815457 0.975915 109.375 
0.975429 0.0449024 0.215691 59.0706 -0.0420715 0.998958 -0.0177012 -4.40631 -0.216261 0.00819174 0.976301 110.111 
0.975652 0.0504212 0.213448 59.2102 -0.0467083 0.998657 -0.0224058 -4.42582 -0.214291 0.0118904 0.976697 110.853 
0.97648 0.0512493 0.209429 59.3593 -0.0464618 0.998535 -0.0277201 -4.44521 -0.210543 0.0173376 0.977431 111.602 
0.977392 0.050105 0.205413 59.5083 -0.0447598 0.998529 -0.0305897 -4.46792 -0.206643 0.0207038 0.978197 112.36 
0.978329 0.0477355 0.201478 59.6588 -0.0427299 0.998662 -0.0291235 -4.49453 -0.202599 0.0198832 0.97906 113.136 
0.979234 0.0437599 0.197952 59.8111 -0.0391888 0.998868 -0.0269534 -4.52516 -0.198908 0.0186361 0.979841 113.92 
0.979635 0.0427892 0.196172 59.9577 -0.0387832 0.998954 -0.0242191 -4.55537 -0.197003 0.0161176 0.98027 114.711 
0.980029 0.0397172 0.194845 60.1113 -0.0361368 0.999107 -0.021898 -4.58009 -0.195541 0.0144196 0.980589 115.512 
0.980312 0.0347082 0.194378 60.2681 -0.0312803 0.999297 -0.0206785 -4.60359 -0.194959 0.0141911 0.980709 116.319 
0.980423 0.0355029 0.193675 60.4158 -0.0323816 0.99929 -0.0192596 -4.62625 -0.194221 0.012611 0.980877 117.135 
0.980136 0.0410807 0.194027 60.5585 -0.0376352 0.999062 -0.0214127 -4.6496 -0.194724 0.013685 0.980762 117.954 
0.979777 0.0465768 0.194597 60.6986 -0.0425299 0.998784 -0.0249254 -4.67308 -0.195521 0.016145 0.980566 118.784 
0.97911 0.055445 0.195623 60.8369 -0.0511977 0.998331 -0.0267063 -4.6971 -0.196777 0.016133 0.980315 119.623 
0.978131 0.0614292 0.198713 60.9792 -0.0573318 0.998008 -0.026314 -4.72285 -0.199934 0.0143458 0.979704 120.465 
0.977404 0.0638807 0.201494 61.134 -0.0601857 0.997888 -0.0244186 -4.75481 -0.202628 0.0117398 0.979185 121.308 
0.976817 0.0645514 0.204111 61.294 -0.060655 0.997838 -0.0252957 -4.78419 -0.205302 0.0123288 0.978621 122.151 
0.976531 0.0631051 0.205923 61.46 -0.0585711 0.997889 -0.0280464 -4.81482 -0.207258 0.015327 0.978166 122.999 
0.976594 0.0567805 0.207463 61.6306 -0.0523436 0.998269 -0.0268189 -4.84413 -0.208627 0.0153317 0.977875 123.847 
0.97694 0.0501492 0.207542 61.8092 -0.0452793 0.998578 -0.0281526 -4.88011 -0.208658 0.0181059 0.977821 124.69 
0.976709 0.0496171 0.20875 61.9794 -0.0446784 0.9986 -0.0283109 -4.91623 -0.209863 0.0183248 0.977559 125.541 
0.976141 0.0523169 0.210738 62.1453 -0.0480227 0.998522 -0.0254475 -4.94785 -0.211758 0.0147201 0.977211 126.385 
0.975685 0.0546031 0.212268 62.3074 -0.0515096 0.998471 -0.0200812 -4.97375 -0.21304 0.00865899 0.977005 127.229 
0.97529 0.0582141 0.21312 62.4703 -0.0561252 0.998298 -0.0158442 -5.00537 -0.213679 0.00349122 0.976898 128.063 
0.975122 0.0574804 0.214087 62.6386 -0.0539228 0.998293 -0.0224255 -5.03583 -0.215011 0.0103233 0.976557 128.89 
0.97548 0.053197 0.213562 62.8138 -0.0464218 0.99825 -0.0366193 -5.0717 -0.215136 0.0258074 0.976243 129.702 
0.975779 0.0507697 0.212784 62.9897 -0.0419425 0.99807 -0.0457984 -5.10593 -0.214699 0.0357644 0.976025 130.514 
0.976076 0.0478194 0.212104 63.1611 -0.0408956 0.998481 -0.0369143 -5.13808 -0.213547 0.027357 0.97655 131.343 
0.976548 0.0413911 0.211283 63.3368 -0.0388633 0.999115 -0.0161048 -5.17498 -0.211762 0.00751584 0.977292 132.184 
0.976899 0.0378565 0.210321 63.5101 -0.0385025 0.999258 -0.00102427 -5.20663 -0.210203 -0.00709734 0.977632 133.023 
0.976847 0.0424495 0.209683 63.6663 -0.0419441 0.999096 -0.00685925 -5.22964 -0.209785 -0.00209458 0.977745 133.838 
0.976966 0.0504891 0.207335 63.8152 -0.0467578 0.998645 -0.0228615 -5.24848 -0.208208 0.0126404 0.978003 134.65 
0.977231 0.0503618 0.206113 63.9721 -0.0449422 0.998512 -0.0308959 -5.26677 -0.207362 0.0209292 0.97804 135.463 
0.977888 0.0463018 0.203937 64.1351 -0.0407162 0.998674 -0.031503 -5.30345 -0.205125 0.0225028 0.978477 136.279 
0.9785 0.0459169 0.20107 64.2912 -0.0407654 0.998727 -0.0296891 -5.34413 -0.202177 0.0208541 0.979127 137.097 
0.979248 0.0455668 0.197478 64.4398 -0.0402207 0.99871 -0.0310012 -5.37538 -0.198636 0.0224151 0.979817 137.912 
0.980195 0.0465435 0.192489 64.5836 -0.0410395 0.998629 -0.0324857 -5.40961 -0.193737 0.0239426 0.980761 138.724 
0.980513 0.0515825 0.189562 64.7207 -0.0462149 0.998398 -0.0326315 -5.44697 -0.190942 0.023235 0.981326 139.541 
0.980561 0.0575373 0.187589 64.8478 -0.0522422 0.998087 -0.0330549 -5.47874 -0.189132 0.0226123 0.981691 140.35 
0.980842 0.0590025 0.185655 64.9847 -0.0541555 0.998049 -0.0310766 -5.51396 -0.187126 0.0204269 0.982123 141.156 
0.981179 0.0569718 0.184506 65.1258 -0.053007 0.998246 -0.0263551 -5.54798 -0.185684 0.0160789 0.982478 141.961 
0.98161 0.0553159 0.182707 65.2637 -0.0513643 0.998334 -0.0262944 -5.58038 -0.183857 0.0164261 0.982816 142.761 
0.982229 0.0534997 0.179897 65.4021 -0.0490113 0.998368 -0.0293065 -5.61353 -0.181171 0.0199686 0.983249 143.557 
0.983382 0.0485098 0.174948 65.5388 -0.0433701 0.998511 -0.0330862 -5.64529 -0.176292 0.0249488 0.984022 144.348 
0.984637 0.0456035 0.168552 65.6711 -0.0401749 0.998562 -0.0354804 -5.65164 -0.169927 0.0281638 0.985054 145.197 
0.985769 0.0437422 0.162315 65.7885 -0.0393932 0.998776 -0.0299179 -5.69049 -0.163425 0.023098 0.986285 145.996 
0.986876 0.0410753 0.156169 65.9033 -0.0381749 0.999039 -0.021528 -5.71989 -0.156903 0.0152836 0.987496 146.811 
0.987535 0.0380554 0.152731 66.0154 -0.0366043 0.999254 -0.0123026 -5.74593 -0.153085 0.00655859 0.988191 147.626 
0.987902 0.0446918 0.148501 66.1114 -0.0437356 0.998996 -0.00970101 -5.76833 -0.148785 0.0030888 0.988865 148.437 
0.988488 0.0475131 0.143645 66.2063 -0.0459018 0.99884 -0.0145131 -5.79028 -0.144168 0.00775237 0.989523 149.236 
0.989612 0.0477966 0.135585 66.3044 -0.0448656 0.99869 -0.0245934 -5.81348 -0.136583 0.0182547 0.99046 150.03 
0.990667 0.0443354 0.128893 66.3975 -0.0407859 0.998716 -0.030051 -5.83257 -0.130059 0.0245135 0.991203 150.841 
0.991559 0.0434321 0.122167 66.483 -0.0401911 0.998775 -0.0288717 -5.86128 -0.123271 0.0237179 0.992089 151.653 
0.992163 0.049962 0.11453 66.5536 -0.0473571 0.998556 -0.025356 -5.89348 -0.115632 0.0197333 0.993096 152.472 
0.992759 0.0553076 0.106631 66.6126 -0.0527232 0.998246 -0.0269084 -5.92418 -0.107932 0.0210916 0.993934 153.288 
0.993684 0.0576911 0.09625 66.6744 -0.0547824 0.997966 -0.0325978 -5.9539 -0.0979348 0.0271191 0.994823 154.099 
0.994575 0.0560773 0.0876059 66.7339 -0.0531964 0.997974 -0.0348839 -5.98405 -0.0893846 0.0300343 0.995544 154.918 
0.995262 0.0561044 0.0794112 66.7869 -0.0536987 0.998041 -0.0321146 -6.01472 -0.0810573 0.0276981 0.996324 155.743 
0.995663 0.0590283 0.0719125 66.8213 -0.0573591 0.998039 -0.0250619 -6.04524 -0.0732508 0.0208282 0.997096 156.575 
0.996003 0.0625472 0.0637672 66.8514 -0.0614242 0.997923 -0.0194253 -6.07205 -0.0648497 0.0154307 0.997776 157.405 
0.996512 0.061568 0.056326 66.881 -0.060754 0.998024 -0.0160564 -6.09567 -0.0572031 0.0125783 0.998283 158.23 
0.996809 0.0622282 0.0499914 66.9083 -0.0616026 0.998003 -0.0139623 -6.11831 -0.0507603 0.0108381 0.998652 159.057 
0.997086 0.0610095 0.0457843 66.9336 -0.0603472 0.998054 -0.0157157 -6.1411 -0.046654 0.0129069 0.998828 159.88 
0.996975 0.0659537 0.0411081 66.9482 -0.0651219 0.997651 -0.0212585 -6.16307 -0.0424135 0.0185171 0.998928 160.695 
0.996742 0.0716817 0.0369702 66.9562 -0.0706726 0.997109 -0.0279178 -6.18993 -0.0388644 0.025214 0.998926 161.512 
0.996766 0.0728971 0.0338243 66.9674 -0.071884 0.996954 -0.0302627 -6.21539 -0.0359272 0.0277333 0.998969 162.331 
0.996753 0.0744556 0.0306602 66.98 -0.0737314 0.996986 -0.0241135 -6.24299 -0.0323631 0.0217745 0.999239 163.164 
0.99663 0.0767651 0.0288918 66.984 -0.0763918 0.996982 -0.013812 -6.26831 -0.0298648 0.0115583 0.999487 164 
0.996623 0.0779541 0.0257944 66.9906 -0.0778125 0.996947 -0.00645185 -6.29113 -0.0262185 0.00442285 0.999646 164.83 
0.997038 0.0741308 0.0204747 66.9964 -0.073948 0.997216 -0.00954716 -6.31192 -0.0211254 0.00800474 0.999745 165.653 
0.997984 0.0617939 0.0144991 67.0114 -0.0615127 0.997923 -0.0191043 -6.33211 -0.0156495 0.0181738 0.999712 166.461 
0.998221 0.0591963 0.00709233 67.0076 -0.0590119 0.997972 -0.0238798 -6.34474 -0.00849145 0.0234187 0.99969 167.283 
0.998025 0.0628152 0.000388621 66.9841 -0.0627906 0.997772 -0.0225233 -6.36606 -0.00180248 0.0224544 0.999746 168.119 
0.998106 0.0611225 -0.00693401 66.9659 -0.0612287 0.997991 -0.0162814 -6.39471 0.00592501 0.016675 0.999843 168.95 
0.99836 0.0553389 -0.0146464 66.9517 -0.0555238 0.998379 -0.0125295 -6.41552 0.0139294 0.0133221 0.999814 169.782 
0.998713 0.0464066 -0.0204396 66.9331 -0.0465854 0.998879 -0.00835358 -6.42895 0.0200291 0.00929494 0.999756 170.615 
0.998763 0.0418974 -0.0267839 66.9034 -0.0421351 0.999077 -0.00836843 -6.44672 0.0264086 0.00948654 0.999606 171.45 
0.998699 0.0385093 -0.0334121 66.8698 -0.0390325 0.999123 -0.0151486 -6.46963 0.0327996 0.016433 0.999327 172.278 
0.998722 0.0293794 -0.0411326 66.8349 -0.0304334 0.999218 -0.0252341 -6.49223 0.0403592 0.0264535 0.998835 173.103 
0.998679 0.0190516 -0.0477148 66.8036 -0.0204704 0.999357 -0.0294214 -6.51231 0.0471237 0.0303592 0.998428 173.929 
0.998261 0.0227665 -0.0543756 66.7508 -0.0239922 0.99947 -0.0219939 -6.53806 0.0538462 0.0232601 0.998278 174.761 
0.997669 0.0333146 -0.0595551 66.6766 -0.0339096 0.999384 -0.0090068 -6.56079 0.0592184 0.0110052 0.998184 175.61 
0.997196 0.0382899 -0.0642876 66.6039 -0.0384449 0.99926 -0.0011751 -6.58424 0.0641952 0.00364326 0.997931 176.454 
0.996971 0.0372985 -0.0682493 66.535 -0.0376781 0.999281 -0.00428054 -6.59846 0.0680407 0.00683899 0.997659 177.29 
0.996761 0.0386198 -0.0705421 66.4613 -0.0397811 0.999094 -0.0151304 -6.61342 0.0698939 0.0178875 0.997394 178.118 
0.996076 0.0489491 -0.0737305 66.3717 -0.0508828 0.998402 -0.0245793 -6.63139 0.0724096 0.0282344 0.996975 178.952 
0.995981 0.0470699 -0.0761967 66.296 -0.0493256 0.99839 -0.0279946 -6.6592 0.0747565 0.0316405 0.9967 179.791 
0.996026 0.0415189 -0.0787945 66.2327 -0.0434574 0.998789 -0.0230469 -6.68742 0.0777423 0.0263794 0.996624 180.649 
0.996052 0.041941 -0.0782429 66.1528 -0.0431808 0.998966 -0.0142194 -6.71388 0.0775657 0.0175418 0.996833 181.51 
0.995993 0.0438299 -0.0779485 66.0671 -0.0446493 0.998964 -0.00879927 -6.73713 0.0774822 0.0122443 0.996918 182.364 
0.995848 0.0435798 -0.0799178 65.9909 -0.0444788 0.998965 -0.00950168 -6.7609 0.0794211 0.0130168 0.996756 183.215 
0.995799 0.0401764 -0.082277 65.912 -0.0418419 0.998951 -0.0186184 -6.78623 0.0814428 0.0219828 0.996435 184.057 
0.995965 0.0292483 -0.0848406 65.841 -0.0318926 0.999041 -0.02998 -6.81249 0.0838826 0.0325647 0.995943 184.903 
0.996035 0.0188381 -0.0869428 65.7733 -0.0218644 0.999183 -0.033987 -6.84118 0.0862317 0.0357531 0.995633 185.75 
0.995905 0.0212898 -0.0878625 65.6848 -0.0239877 0.999269 -0.0297643 -6.86916 0.0871647 0.03175 0.995688 186.599 
0.995647 0.0272908 -0.0891188 65.593 -0.0291128 0.999391 -0.0192078 -6.90216 0.0885405 0.0217186 0.995836 187.449 
0.995466 0.0283672 -0.0907871 65.5037 -0.0298901 0.999434 -0.0154578 -6.93693 0.0902973 0.0181013 0.99575 188.297 
0.995411 0.0275163 -0.0916457 65.4137 -0.0293933 0.999384 -0.0191937 -6.96472 0.0910611 0.0217993 0.995607 189.141 
0.995428 0.0277361 -0.0914013 65.3235 -0.0301804 0.99922 -0.0254687 -6.98871 0.0906237 0.0281107 0.995488 189.976 
0.995198 0.0342406 -0.0916922 65.2227 -0.036773 0.998983 -0.0260716 -7.01518 0.0907064 0.0293181 0.995446 190.813 
0.995069 0.0368509 -0.0920849 65.1296 -0.0391113 0.998973 -0.0228626 -7.04699 0.0911479 0.0263514 0.995489 191.647 
0.994838 0.040763 -0.0929327 65.0366 -0.0427706 0.99889 -0.0197128 -7.0783 0.0920261 0.0235857 0.995477 192.48 
0.994692 0.0443714 -0.0928425 64.9406 -0.0461252 0.998794 -0.0168284 -7.1057 0.0919839 0.0210214 0.995538 193.311 
0.994494 0.047229 -0.0935421 64.8463 -0.0490405 0.998649 -0.0171603 -7.13235 0.0926054 0.0216531 0.995467 194.132 
0.994529 0.0453142 -0.094117 64.7602 -0.047459 0.998659 -0.0206751 -7.16298 0.093054 0.0250286 0.995346 194.943 
