1 -4.23778e-08 4.22719e-08 0 -4.23778e-08 1 -4.19404e-08 0 4.22719e-08 -4.19404e-08 1 0 
0.999054 -0.000403731 0.043494 0.0378469 0.000514856 0.999997 -0.00254577 -0.0193786 -0.0434928 0.00256567 0.99905 1.01409 
0.996051 -0.00463441 0.0886638 0.120115 0.00529882 0.99996 -0.00726064 -0.0423642 -0.0886265 0.0077017 0.996035 2.0273 
0.991033 -0.00437191 0.133549 0.253191 0.00589848 0.999922 -0.011038 -0.0668881 -0.13349 0.0117267 0.990981 3.03736 
0.983863 -0.00243682 0.178905 0.431101 0.00489472 0.999899 -0.013299 -0.0960475 -0.178854 0.01396 0.983776 4.03136 
0.97447 -0.005027 0.224462 0.659444 0.0081609 0.999882 -0.0130366 -0.127462 -0.22437 0.0145356 0.974395 5.03362 
0.962922 -0.00554458 0.269722 0.92227 0.00964673 0.999857 -0.013886 -0.16094 -0.269607 0.015973 0.962838 6.01803 
0.949459 -0.00812514 0.313786 1.23072 0.0139461 0.99977 -0.0163106 -0.19139 -0.313581 0.0198623 0.949354 7.0038 
0.934309 -0.0100823 0.356322 1.58515 0.0176322 0.999683 -0.017947 -0.220044 -0.356028 0.0230507 0.934191 7.96463 
0.916994 -0.00993375 0.398776 1.98267 0.0188588 0.999652 -0.0184645 -0.254919 -0.398454 0.0244522 0.916862 8.9103 
0.897324 -0.0102787 0.441253 2.41418 0.0198302 0.999658 -0.01704 -0.288377 -0.440927 0.0240405 0.897221 9.81849 
0.875416 -0.00990148 0.483268 2.88528 0.020161 0.999668 -0.016039 -0.323984 -0.482949 0.0237839 0.875325 10.7055 
0.851318 -0.0100043 0.524554 3.39731 0.0209472 0.999669 -0.0149305 -0.353137 -0.524231 0.0236985 0.851246 11.5783 
0.825648 -0.0102515 0.564092 3.95493 0.0225671 0.999635 -0.0148643 -0.385272 -0.563734 0.0250025 0.825578 12.4235 
0.798355 -0.0121169 0.602065 4.55472 0.0261079 0.999554 -0.0145033 -0.413669 -0.601621 0.0272974 0.798315 13.2296 
0.769846 -0.0115182 0.638126 5.19095 0.0274015 0.999512 -0.0150166 -0.444814 -0.637641 0.0290461 0.769786 14.0011 
0.739282 -0.0149348 0.673231 5.86099 0.032407 0.999385 -0.0134165 -0.475521 -0.672616 0.0317359 0.739311 14.7342 
0.707304 -0.0141362 0.706768 6.56641 0.032681 0.999385 -0.012717 -0.50371 -0.706153 0.0320926 0.707331 15.4497 
0.672959 -0.0129711 0.739566 7.30206 0.0339915 0.999332 -0.0134032 -0.530612 -0.738898 0.0341587 0.67295 16.1413 
0.637183 -0.0140899 0.770584 8.07091 0.0384513 0.999169 -0.0135254 -0.554142 -0.769753 0.038248 0.637195 16.7992 
0.600296 -0.0123564 0.799682 8.85784 0.0384706 0.999169 -0.0134399 -0.578963 -0.798852 0.0388321 0.600273 17.4134 
0.561909 -0.0111015 0.827124 9.69188 0.0411424 0.999047 -0.0145413 -0.607001 -0.826175 0.0422007 0.561831 18.0151 
0.522022 -0.00918721 0.852883 10.6037 0.0459149 0.998795 -0.0173441 -0.627083 -0.851695 0.048214 0.521815 18.6822 
0.482747 -0.00754557 0.875727 11.5648 0.0475433 0.998714 -0.0176032 -0.621237 -0.874468 0.0501328 0.482485 19.2585 
0.443826 -0.00877333 0.89607 12.6079 0.0527006 0.998477 -0.0163269 -0.6246 -0.894562 0.0544697 0.443612 19.8136 
0.406237 -0.00882001 0.913725 13.7094 0.0569392 0.998254 -0.015679 -0.631808 -0.911992 0.0583961 0.40603 20.3767 
0.371469 -0.00659249 0.928422 14.6844 0.0588866 0.998129 -0.0164736 -0.653036 -0.926576 0.060791 0.371162 20.7571 
0.338564 -0.00766241 0.940912 15.6707 0.0597404 0.998124 -0.0133679 -0.676673 -0.939045 0.0607363 0.338386 21.1034 
0.305175 -0.00939288 0.95225 16.6956 0.0624266 0.997998 -0.0101623 -0.69252 -0.950248 0.062547 0.30515 21.443 
0.271972 -0.00914004 0.962262 17.7451 0.0631883 0.997966 -0.00838032 -0.708731 -0.960228 0.0630829 0.271996 21.7716 
0.240328 -0.00569335 0.970675 18.861 0.0609409 0.998099 -0.00923416 -0.714071 -0.968777 0.0613731 0.240218 22.0498 
0.208813 -0.00347428 0.977949 19.9986 0.0609302 0.998097 -0.00946413 -0.708993 -0.976056 0.0615629 0.208627 22.3533 
0.178203 -0.00316107 0.983989 21.1456 0.0630416 0.997977 -0.00821107 -0.72563 -0.981972 0.0634955 0.178041 22.5872 
0.147113 -0.0030488 0.989115 22.3093 0.0647595 0.997879 -0.00655608 -0.726996 -0.986997 0.0650191 0.146998 22.818 
0.117919 -0.0033037 0.993018 23.5144 0.0633391 0.997983 -0.00420127 -0.718446 -0.991001 0.0633923 0.11789 22.9104 
0.0879753 -0.00328521 0.996117 24.7252 0.0639304 0.997951 -0.00235505 -0.721586 -0.994069 0.0638894 0.0880051 23.0788 
0.0624164 -0.00284148 0.998046 25.8591 0.0671198 0.997744 -0.00135704 -0.72043 -0.995791 0.0670734 0.0624663 23.1198 
0.0365397 -0.00189723 0.99933 27.0961 0.071494 0.997441 -0.000720554 -0.716071 -0.996771 0.0714725 0.0365818 23.2253 
0.0129676 -0.00114478 0.999915 28.361 0.0757833 0.997124 0.000158696 -0.715768 -0.99704 0.0757748 0.0130171 23.2997 
-0.00735473 -0.000929314 0.999972 29.6443 0.081473 0.996674 0.0015254 -0.707822 -0.996648 0.081482 -0.00725456 23.2961 
-0.0249414 -0.00113114 0.999688 30.9529 0.0854349 0.996338 0.0032588 -0.694026 -0.996031 0.0854896 -0.0247534 23.2543 
-0.0409606 -0.000701904 0.99916 32.2418 0.0885807 0.996059 0.00433101 -0.688629 -0.995226 0.0886837 -0.040737 23.2304 
-0.0555612 -0.00120698 0.998454 33.5509 0.0908122 0.995848 0.0062572 -0.687896 -0.994317 0.0910195 -0.055221 23.1714 
-0.0687102 -0.00185816 0.997635 34.8635 0.09072 0.995843 0.00810292 -0.672369 -0.993503 0.0910622 -0.0682561 23.0784 
-0.0812684 -0.00148199 0.996691 36.1539 0.0903652 0.995869 0.00884891 -0.664802 -0.992587 0.0907853 -0.0807988 23.0017 
-0.0920805 0.00181201 0.99575 37.4824 0.0903782 0.995886 0.00654526 -0.649542 -0.991641 0.0905968 -0.0918655 22.8576 
-0.101572 0.00586921 0.994811 38.8101 0.0904517 0.995895 0.0033596 -0.625934 -0.990708 0.0903235 -0.101686 22.6971 
-0.110578 0.00887352 0.993828 40.1454 0.0913362 0.995819 0.00127112 -0.606615 -0.989662 0.090913 -0.110926 22.5384 
-0.11749 0.0106686 0.993017 41.5315 0.0906306 0.995884 2.35373e-05 -0.583107 -0.98893 0.0900005 -0.117973 22.3431 
-0.122924 0.0117467 0.992346 42.9067 0.0899696 0.995944 -0.000644695 -0.570697 -0.988329 0.0892018 -0.123482 22.1566 
-0.127752 0.013647 0.991712 44.3022 0.0905376 0.995891 -0.0020416 -0.557787 -0.987665 0.0895265 -0.128462 21.9583 
-0.131736 0.0155489 0.991163 45.6918 0.0893269 0.995995 -0.00375232 -0.553867 -0.987252 0.0880432 -0.132597 21.7605 
-0.135137 0.0167515 0.990685 47.1039 0.0894794 0.995978 -0.00463543 -0.548244 -0.986778 0.0880195 -0.136092 21.5493 
-0.137538 0.0157573 0.990371 48.5274 0.0889305 0.996032 -0.00349722 -0.549735 -0.986496 0.0875933 -0.138393 21.3406 
-0.139229 0.0141766 0.990159 49.9923 0.0889184 0.996037 -0.00175777 -0.540103 -0.98626 0.0877986 -0.139938 21.1114 
-0.140491 0.0130768 0.989996 51.4763 0.0880711 0.996114 -0.000659508 -0.531134 -0.986157 0.0870974 -0.141097 20.867 
-0.14216 0.0139173 0.989746 52.9367 0.0902442 0.995919 -0.00104213 -0.528447 -0.985721 0.0891707 -0.142836 20.6541 
-0.143064 0.0137083 0.989618 54.3989 0.0897432 0.995965 -0.000822565 -0.532854 -0.985636 0.0886939 -0.143717 20.4582 
-0.143279 0.0150344 0.989568 55.8676 0.09151 0.995802 -0.00187951 -0.5394 -0.985442 0.0902861 -0.144054 20.2534 
-0.142922 0.0152404 0.989617 57.3833 0.0909211 0.995856 -0.00220559 -0.544298 -0.985549 0.0896618 -0.143715 20.0391 
-0.142007 0.0166443 0.989726 58.9093 0.0905195 0.995887 -0.00376015 -0.554634 -0.985718 0.0890555 -0.142929 19.8275 
-0.140676 0.016401 0.98992 60.4538 0.0908924 0.995854 -0.00358281 -0.56419 -0.985875 0.0894722 -0.141583 19.6182 
-0.138762 0.015458 0.990205 62.0404 0.0900027 0.995937 -0.00293511 -0.57191 -0.986227 0.0887138 -0.139589 19.3967 
-0.137339 0.0161556 0.990392 63.6352 0.0909832 0.995846 -0.00362781 -0.58568 -0.986337 0.0896108 -0.138239 19.1845 
-0.135985 0.0168962 0.990567 65.2388 0.0908894 0.995851 -0.00450914 -0.59675 -0.986533 0.0894189 -0.136957 18.9753 
-0.134416 0.0175818 0.990769 66.8719 0.0923783 0.995711 -0.00513677 -0.614169 -0.98661 0.0908351 -0.135464 18.754 
-0.132647 0.0176856 0.991005 68.5422 0.09253 0.995695 -0.00538419 -0.628825 -0.986835 0.0909835 -0.133712 18.5239 
-0.131244 0.0163167 0.991216 70.2284 0.0944662 0.99552 -0.00387964 -0.640094 -0.986839 0.0931272 -0.132197 18.2917 
-0.129738 0.0145904 0.991441 71.9131 0.0963087 0.995349 -0.00204523 -0.64893 -0.98686 0.095219 -0.13054 18.0639 
-0.128552 0.0157308 0.991578 73.6179 0.0978354 0.995198 -0.00310456 -0.66224 -0.986865 0.0966124 -0.129474 17.8521 
-0.127339 0.0177144 0.991701 75.3417 0.100334 0.994942 -0.00488895 -0.680207 -0.986771 0.0988792 -0.128472 17.6292 
-0.126339 0.0175799 0.991831 77.0876 0.0995871 0.995016 -0.00495115 -0.692408 -0.986976 0.0981481 -0.12746 17.4055 
-0.125889 0.0177472 0.991885 78.8304 0.100371 0.994937 -0.00506293 -0.708366 -0.986954 0.098919 -0.127033 17.1924 
-0.125381 0.0170289 0.991962 80.5974 0.100466 0.994931 -0.0043812 -0.719767 -0.987009 0.0991096 -0.126457 16.978 
-0.1248 0.0176928 0.992024 82.3729 0.10219 0.994753 -0.00488572 -0.729461 -0.986905 0.100765 -0.125953 16.7586 
-0.1244 0.0183085 0.992063 84.2146 0.10331 0.994634 -0.0054015 -0.728263 -0.986839 0.101818 -0.125624 16.5119 
-0.123957 0.0197647 0.992091 86.0227 0.104152 0.994538 -0.00680028 -0.744132 -0.986806 0.102485 -0.125339 16.2795 
-0.124054 0.020839 0.992057 87.8472 0.104098 0.994536 -0.00787399 -0.767817 -0.9868 0.102294 -0.125545 16.0464 
-0.124221 0.0215941 0.99202 89.7096 0.104508 0.994487 -0.00856147 -0.811823 -0.986736 0.10261 -0.125793 15.7855 
-0.124776 0.0224999 0.99193 91.5847 0.104308 0.9945 -0.00943722 -0.842473 -0.986687 0.102289 -0.126437 15.5257 
-0.125099 0.0220609 0.991899 93.4695 0.103467 0.994591 -0.00907164 -0.863648 -0.986734 0.101494 -0.126705 15.2788 
-0.12569 0.0220736 0.991824 95.3558 0.103689 0.994569 -0.00899463 -0.887658 -0.986636 0.10171 -0.127297 15.0369 
-0.125781 0.0213782 0.991828 97.2376 0.10154 0.994794 -0.00856512 -0.909526 -0.986848 0.0996332 -0.127297 14.8082 
-0.127017 0.0227349 0.99164 99.1279 0.101778 0.994759 -0.00976997 -0.933702 -0.986665 0.0996864 -0.128665 14.5676 
-0.129151 0.0236938 0.991342 101.034 0.100938 0.994836 -0.0106274 -0.964405 -0.986474 0.0986911 -0.130876 14.3245 
-0.133066 0.0249477 0.990793 102.927 0.101885 0.994731 -0.0113637 -0.993311 -0.985856 0.0994345 -0.134906 14.0815 
-0.13736 0.0241486 0.990227 104.824 0.100136 0.99492 -0.0103728 -1.0313 -0.985447 0.0977325 -0.13908 13.8333 
-0.14221 0.0235981 0.989555 106.749 0.0989259 0.995049 -0.00951249 -1.06818 -0.984881 0.0965399 -0.14384 13.5771 
-0.14638 0.0247844 0.988918 108.675 0.0976389 0.995167 -0.0104885 -1.09446 -0.984398 0.0950215 -0.148092 13.2988 
-0.150211 0.0267987 0.988291 110.625 0.0979392 0.995119 -0.0120982 -1.12096 -0.983791 0.0949752 -0.152102 12.9918 
-0.154148 0.0289498 0.987624 112.581 0.0976948 0.995119 -0.0139214 -1.14926 -0.983206 0.0943397 -0.156224 12.6858 
-0.158564 0.0296378 0.986904 114.527 0.0961926 0.995258 -0.0144337 -1.17944 -0.982652 0.0926442 -0.160663 12.3823 
-0.162551 0.0295196 0.986258 116.495 0.0944118 0.995431 -0.0142337 -1.21734 -0.982173 0.0908008 -0.164595 12.0615 
-0.167823 0.0292609 0.985383 118.508 0.0927676 0.995593 -0.0137647 -1.2541 -0.981443 0.0891015 -0.169797 11.7373 
-0.173369 0.0287247 0.984438 120.504 0.0924463 0.995636 -0.0127708 -1.30122 -0.980508 0.0887936 -0.175268 11.408 
-0.178733 0.0285067 0.983485 122.504 0.0927086 0.995621 -0.0120102 -1.34182 -0.97952 0.0890308 -0.180593 11.0669 
-0.184097 0.0302115 0.982444 124.493 0.0934882 0.995534 -0.0130957 -1.38011 -0.978452 0.089436 -0.186099 10.7145 
-0.189654 0.0312119 0.981355 126.486 0.0933364 0.995541 -0.0136252 -1.42469 -0.977405 0.089012 -0.191721 10.3553 
-0.195458 0.0310234 0.980221 128.476 0.0939232 0.995497 -0.0127786 -1.47188 -0.976204 0.0895679 -0.197491 9.97683 
-0.200879 0.0308699 0.97913 130.467 0.0931327 0.995578 -0.0122814 -1.51825 -0.975179 0.0887219 -0.202865 9.59433 
-0.206101 0.0315316 0.978022 132.47 0.0927237 0.995613 -0.0125589 -1.56515 -0.974128 0.0880975 -0.208121 9.19913 
-0.211196 0.0318439 0.976925 134.481 0.0920506 0.995675 -0.0125552 -1.61424 -0.9731 0.0872749 -0.213214 8.78834 
-0.215082 0.0309021 0.976107 136.493 0.0933116 0.995577 -0.0109576 -1.65961 -0.972128 0.0887253 -0.217015 8.35134 
-0.21896 0.0306822 0.975251 138.536 0.0953311 0.995396 -0.00991267 -1.69808 -0.971066 0.0908013 -0.220877 7.90938 
-0.221823 0.0314486 0.97458 140.57 0.0968622 0.995247 -0.0100688 -1.7374 -0.970264 0.0921664 -0.223815 7.44557 
-0.22391 0.0321339 0.97408 142.614 0.09755 0.995176 -0.0104062 -1.77675 -0.969715 0.0926915 -0.225965 6.96562 
-0.226717 0.0319316 0.973437 144.677 0.0967992 0.995253 -0.0101024 -1.81407 -0.969138 0.0919375 -0.228731 6.49226 
-0.230369 0.0327786 0.972551 146.741 0.0955726 0.995363 -0.0109091 -1.85284 -0.968399 0.0904361 -0.232433 6.02057 
-0.235327 0.0336931 0.971332 148.805 0.0942597 0.995479 -0.0116942 -1.88998 -0.967335 0.0888055 -0.237439 5.56467 
-0.24035 0.033501 0.970108 150.864 0.0934203 0.995563 -0.0112347 -1.93286 -0.96618 0.0879276 -0.242413 5.11595 
-0.245361 0.0345883 0.968814 152.942 0.0939849 0.995504 -0.0117387 -1.96612 -0.964865 0.0881738 -0.247509 4.63239 
-0.24998 0.0354448 0.967602 155.006 0.0940032 0.995497 -0.012181 -2.00952 -0.963677 0.0879127 -0.252187 4.12746 
-0.254961 0.036037 0.966279 157.098 0.0938945 0.995505 -0.0123522 -2.05292 -0.962382 0.0875791 -0.257199 3.60949 
-0.259406 0.035972 0.965098 159.173 0.0945624 0.99545 -0.0116862 -2.09411 -0.961128 0.0882306 -0.261627 3.08242 
-0.263748 0.0365232 0.9639 161.245 0.0957659 0.995337 -0.0115104 -2.1368 -0.959826 0.089273 -0.266016 2.54914 
-0.268066 0.037851 0.962657 163.324 0.0975969 0.995154 -0.0119515 -2.18449 -0.958444 0.0907486 -0.270461 2.00304 
-0.271803 0.0396155 0.961537 165.383 0.0985496 0.995045 -0.0131386 -2.22974 -0.957294 0.091188 -0.27436 1.44909 
-0.275563 0.0418 0.960374 167.463 0.0991257 0.994964 -0.0148631 -2.277 -0.956158 0.091102 -0.278319 0.875501 
-0.278956 0.0430512 0.959338 169.542 0.100369 0.99483 -0.0154588 -2.33393 -0.955044 0.0919754 -0.281835 0.294837 
-0.282297 0.0443591 0.958301 171.646 0.100743 0.994778 -0.0163706 -2.38079 -0.954023 0.0919211 -0.285292 -0.2984 
-0.286 0.0447194 0.957186 173.773 0.10135 0.994719 -0.0161903 -2.43331 -0.952855 0.0923806 -0.289022 -0.90486 
-0.289874 0.0454225 0.955986 175.905 0.10161 0.994688 -0.0164512 -2.48671 -0.951656 0.0923692 -0.292949 -1.5306 
-0.293695 0.0467657 0.954754 178.033 0.104744 0.994363 -0.0164852 -2.54942 -0.950143 0.0951629 -0.296938 -2.17673 
-0.296558 0.0472408 0.953846 180.101 0.107248 0.994105 -0.0158906 -2.60594 -0.948974 0.0975851 -0.299877 -2.80726 
-0.299207 0.047206 0.95302 182.234 0.108565 0.993974 -0.0151499 -2.66008 -0.947992 0.098932 -0.302529 -3.45219 
-0.301825 0.0471382 0.952197 184.359 0.108736 0.993961 -0.0147388 -2.71049 -0.947142 0.09909 -0.305128 -4.12018 
-0.304569 0.0482123 0.951269 186.486 0.108379 0.993986 -0.0156774 -2.76525 -0.946304 0.0983228 -0.307963 -4.78334 
-0.307384 0.0509306 0.950221 188.616 0.108195 0.993962 -0.0182754 -2.81715 -0.945414 0.0971918 -0.311039 -5.45452 
-0.31046 0.053385 0.949086 190.748 0.108383 0.993899 -0.020452 -2.87963 -0.944387 0.0965154 -0.314352 -6.13463 
-0.313648 0.0546306 0.947966 192.885 0.108034 0.993914 -0.0215341 -2.94833 -0.943373 0.0956583 -0.317641 -6.8127 
-0.316747 0.0561124 0.946849 195.033 0.107036 0.993987 -0.0230996 -3.01712 -0.942451 0.0940298 -0.320848 -7.51506 
-0.320371 0.0567658 0.94559 197.203 0.108508 0.993832 -0.0228987 -3.09185 -0.941057 0.0952684 -0.324554 -8.22846 
-0.323969 0.056592 0.944373 199.344 0.108365 0.993859 -0.0223827 -3.15901 -0.939841 0.0950855 -0.328112 -8.93595 
-0.327499 0.0564636 0.943163 201.512 0.10858 0.993849 -0.0217951 -3.22758 -0.938592 0.0952711 -0.331615 -9.66086 
-0.331041 0.0567084 0.941911 203.706 0.109064 0.993802 -0.0215015 -3.29649 -0.937292 0.0956103 -0.335174 -10.4076 
-0.334629 0.0572663 0.940608 205.873 0.108536 0.993851 -0.0218955 -3.36826 -0.936079 0.0947627 -0.338787 -11.1453 
-0.338453 0.0581233 0.939186 208.023 0.108413 0.993853 -0.022438 -3.45206 -0.934717 0.0942255 -0.342673 -11.8656 
-0.341666 0.0590053 0.937967 210.198 0.109153 0.993764 -0.0227551 -3.53906 -0.933461 0.0946075 -0.345976 -12.6077 
-0.344621 0.0600961 0.936816 212.359 0.110504 0.993607 -0.0230888 -3.62347 -0.932215 0.0955653 -0.349059 -13.3491 
-0.347048 0.059985 0.935927 214.504 0.112053 0.993456 -0.0221221 -3.70519 -0.931129 0.0971962 -0.351499 -14.1085 
-0.349468 0.0597328 0.935042 216.695 0.11364 0.9933 -0.0209822 -3.77724 -0.930031 0.0989253 -0.353915 -14.8911 
-0.351909 0.0609267 0.934049 218.877 0.115335 0.993098 -0.0213251 -3.84835 -0.928901 0.100224 -0.356507 -15.6885 
-0.354529 0.0622092 0.932973 221.061 0.115659 0.993039 -0.0222639 -3.92034 -0.927864 0.100014 -0.359257 -16.4874 
-0.356857 0.0626875 0.932053 223.26 0.115465 0.993055 -0.0225822 -3.99633 -0.926995 0.0995606 -0.361617 -17.3084 
-0.359659 0.0645296 0.93085 225.467 0.115747 0.992986 -0.0241154 -4.07134 -0.925877 0.0990695 -0.364605 -18.1131 
-0.363115 0.0661349 0.929394 227.647 0.115889 0.992938 -0.0253787 -4.15122 -0.924509 0.0984912 -0.368215 -18.8713 
-0.366403 0.0665769 0.928071 229.84 0.113881 0.993147 -0.026285 -4.23356 -0.923461 0.0960589 -0.371473 -19.6226 
-0.369361 0.0678008 0.926809 231.905 0.11504 0.992999 -0.0267961 -4.32319 -0.922138 0.0967229 -0.374575 -20.4243 
-0.371928 0.0678335 0.92578 234.122 0.116932 0.992806 -0.0257679 -4.405 -0.920867 0.0986691 -0.377184 -21.2461 
-0.375408 0.0670221 0.924433 236.223 0.11758 0.992768 -0.0242278 -4.50051 -0.919372 0.0995996 -0.380573 -22.0153 
-0.37861 0.0669574 0.923131 238.253 0.116939 0.992848 -0.024053 -4.58528 -0.918139 0.0988437 -0.383732 -22.8021 
-0.381046 0.0675027 0.922088 240.35 0.115966 0.992944 -0.0247676 -4.65792 -0.917254 0.0974937 -0.386186 -23.6573 
-0.384326 0.0672416 0.920745 242.457 0.114764 0.993088 -0.0246216 -4.73577 -0.916037 0.0962055 -0.389386 -24.5139 
-0.387227 0.0667365 0.919566 244.586 0.114195 0.993169 -0.0239911 -4.81221 -0.914885 0.0957196 -0.392203 -25.4041 
-0.390138 0.0673654 0.918289 246.762 0.114133 0.993166 -0.0243687 -4.89225 -0.913655 0.0953 -0.39516 -26.3141 
-0.393383 0.0676269 0.916884 248.882 0.114004 0.993182 -0.0243416 -4.95649 -0.912279 0.0949532 -0.398411 -27.2085 
-0.39635 0.0674926 0.915615 250.99 0.113539 0.993242 -0.0240661 -5.03211 -0.911052 0.0944199 -0.401334 -28.1273 
-0.399589 0.0679931 0.914169 253.121 0.113207 0.993272 -0.024393 -5.10165 -0.909677 0.0937434 -0.404597 -29.0534 
-0.402885 0.0691535 0.912634 255.291 0.113753 0.993193 -0.0250415 -5.17549 -0.908154 0.0937258 -0.408009 -29.9993 
-0.405883 0.07024 0.911222 257.457 0.114545 0.99309 -0.0255293 -5.25147 -0.906719 0.094014 -0.411124 -30.9557 
-0.409258 0.0705465 0.909687 259.612 0.114792 0.993065 -0.025369 -5.33283 -0.905169 0.0940423 -0.414518 -31.9071 
-0.41242 0.0715137 0.908182 261.776 0.113955 0.993134 -0.0264543 -5.40677 -0.903838 0.0925818 -0.417737 -32.8741 
-0.4155 0.072357 0.90671 263.969 0.114707 0.993041 -0.0266819 -5.47124 -0.902331 0.0929196 -0.420909 -33.8795 
-0.418709 0.0732606 0.90516 266.159 0.115467 0.992945 -0.0269529 -5.54636 -0.90075 0.0932307 -0.424215 -34.8717 
-0.421619 0.0746185 0.903697 268.308 0.117202 0.992733 -0.0272897 -5.63492 -0.899167 0.0944094 -0.427301 -35.8577 
-0.424497 0.0772752 0.902126 270.428 0.119834 0.992381 -0.0286182 -5.7205 -0.897464 0.0959573 -0.430523 -36.8334 
-0.426952 0.0783568 0.900873 272.538 0.121673 0.992157 -0.0286321 -5.81473 -0.896051 0.097387 -0.433138 -37.7989 
-0.429615 0.0806785 0.899401 274.615 0.123757 0.991863 -0.029858 -5.90763 -0.894491 0.0984796 -0.436104 -38.7674 
-0.432184 0.0835998 0.897902 276.767 0.125963 0.991529 -0.0316878 -5.99825 -0.892945 0.0994072 -0.439054 -39.7673 
-0.434797 0.0845422 0.896551 278.916 0.127465 0.991337 -0.031664 -6.09457 -0.891462 0.100512 -0.441807 -40.7929 
-0.437403 0.0857158 0.895171 281.11 0.128144 0.991229 -0.0322995 -6.18745 -0.890089 0.100583 -0.444551 -41.8485 
-0.440406 0.0861086 0.89366 283.327 0.127787 0.991268 -0.0325387 -6.28072 -0.888658 0.099868 -0.447564 -42.9231 
-0.443365 0.0882461 0.891986 285.516 0.12926 0.991035 -0.0337961 -6.36429 -0.886972 0.100314 -0.450797 -43.9979 
-0.445504 0.0883979 0.890905 287.621 0.129019 0.991065 -0.0338193 -6.48249 -0.885935 0.0998769 -0.452929 -45.0749 
-0.448392 0.0886311 0.889432 289.78 0.128191 0.991161 -0.0341429 -6.5945 -0.884597 0.0987081 -0.455791 -46.1074 
-0.450542 0.089642 0.888243 291.985 0.13053 0.990868 -0.0337907 -6.69774 -0.883161 0.100718 -0.458129 -47.2063 
-0.452389 0.0904492 0.887222 294.216 0.132965 0.990565 -0.0331866 -6.80276 -0.881853 0.102956 -0.460147 -48.3311 
-0.454633 0.0914914 0.885967 296.417 0.134817 0.990318 -0.0330862 -6.89989 -0.880417 0.104402 -0.462565 -49.4303 
-0.456682 0.0919608 0.884864 298.608 0.135969 0.990172 -0.0327308 -7.01532 -0.879178 0.105367 -0.464698 -50.4911 
-0.458165 0.0919091 0.884103 300.842 0.136378 0.990131 -0.0322571 -7.11205 -0.878343 0.105793 -0.466178 -51.6565 
-0.460378 0.092654 0.882874 303.047 0.138594 0.989845 -0.0316098 -7.21461 -0.876837 0.107809 -0.468544 -52.7779 
-0.46204 0.0929552 0.881974 305.285 0.139658 0.98971 -0.0311471 -7.31804 -0.875794 0.108784 -0.470268 -53.9412 
-0.46318 0.0944651 0.881215 307.547 0.139629 0.989664 -0.0326997 -7.41121 -0.875196 0.107897 -0.471583 -55.1277 
-0.464988 0.0972548 0.879959 309.766 0.139957 0.989524 -0.0354081 -7.5141 -0.874184 0.106692 -0.473728 -56.2909 
-0.468159 0.0972081 0.878281 311.98 0.139248 0.989628 -0.0353071 -7.62955 -0.872604 0.10577 -0.476839 -57.4416 
-0.472564 0.0962215 0.876028 314.247 0.137886 0.989852 -0.0343426 -7.73385 -0.870443 0.104563 -0.481036 -58.6286 
-0.477285 0.094461 0.873657 316.539 0.136598 0.990096 -0.0324263 -7.83802 -0.868067 0.103863 -0.485461 -59.8525 
-0.481893 0.0941171 0.871161 318.864 0.136016 0.990198 -0.0317387 -7.92739 -0.865609 0.103197 -0.489971 -61.1082 
-0.486219 0.0947278 0.868687 321.224 0.136954 0.990082 -0.0313104 -8.0266 -0.863038 0.103746 -0.49437 -62.3942 
-0.490435 0.0965135 0.866117 323.554 0.139871 0.989682 -0.0310814 -8.13213 -0.86018 0.105901 -0.498874 -63.6765 
-0.493958 0.0982157 0.86392 325.858 0.142015 0.98937 -0.0312784 -8.23746 -0.857809 0.10724 -0.502656 -64.9878 
-0.497506 0.098586 0.86184 328.154 0.143196 0.989224 -0.0304962 -8.33941 -0.85556 0.10824 -0.506262 -66.2974 
-0.50105 0.0978448 0.859869 330.447 0.14402 0.98916 -0.0286357 -8.43797 -0.85335 0.109491 -0.509711 -67.619 
-0.505572 0.0967307 0.857345 332.684 0.143863 0.989235 -0.0267762 -8.5532 -0.850706 0.109803 -0.514046 -68.8629 
-0.509571 0.0971222 0.854929 334.941 0.143625 0.98927 -0.0267773 -8.64836 -0.848356 0.109145 -0.518053 -70.1673 
-0.513475 0.0968548 0.852621 337.219 0.14362 0.989294 -0.0258881 -8.74622 -0.846 0.10916 -0.521888 -71.5283 
-0.517698 0.0970146 0.850045 339.527 0.144704 0.989165 -0.0247643 -8.83172 -0.843237 0.110184 -0.526127 -72.8918 
-0.5218 0.0968629 0.847551 341.791 0.145224 0.989116 -0.023634 -8.91873 -0.840616 0.110752 -0.530188 -74.2602 
-0.525486 0.0962504 0.84534 344.043 0.144072 0.989298 -0.0230827 -9.00382 -0.838515 0.10966 -0.533729 -75.6267 
-0.528333 0.0962145 0.843568 346.285 0.144738 0.989221 -0.0221769 -9.091 -0.836609 0.11038 -0.536564 -77.0184 
-0.530279 0.0961682 0.842351 348.508 0.145968 0.989066 -0.0210283 -9.1823 -0.835163 0.111805 -0.538519 -78.424 
-0.532512 0.0958507 0.840978 350.737 0.144337 0.989298 -0.0213606 -9.2735 -0.834025 0.110009 -0.540647 -79.8313 
-0.534657 0.0952902 0.839679 352.964 0.140763 0.989783 -0.0226953 -9.35251 -0.833263 0.106061 -0.542608 -81.2453 
-0.537807 0.0948575 0.837714 355.182 0.137311 0.990238 -0.0239754 -9.44095 -0.831811 0.102133 -0.545582 -82.6288 
-0.539253 0.0926164 0.837035 357.452 0.135702 0.990501 -0.0221721 -9.53897 -0.831138 0.101631 -0.546699 -84.0916 
-0.542032 0.0922224 0.835282 359.74 0.137242 0.99033 -0.0202818 -9.63165 -0.829076 0.103643 -0.549447 -85.5614 
-0.545143 0.092555 0.833218 362.008 0.1367 0.990399 -0.0205772 -9.7069 -0.827123 0.102683 -0.552561 -87.0136 
-0.547912 0.0918121 0.831482 364.255 0.134379 0.990711 -0.020844 -9.77731 -0.825672 0.100313 -0.55516 -88.4862 
-0.550985 0.0885464 0.829804 366.48 0.132378 0.991038 -0.0178531 -9.86324 -0.823949 0.100011 -0.557769 -89.9279 
-0.55417 0.0864826 0.827899 368.726 0.129902 0.991388 -0.0166084 -9.93776 -0.822205 0.0983418 -0.560632 -91.3828 
-0.557018 0.0858402 0.826052 370.975 0.128444 0.991581 -0.0164299 -10.0094 -0.820508 0.0969497 -0.563354 -92.8616 
-0.559788 0.0855149 0.824212 372.967 0.12718 0.991742 -0.0165189 -10.0791 -0.818818 0.095576 -0.566041 -94.2297 
-0.562349 0.0847872 0.822542 375.083 0.126709 0.991817 -0.0156087 -10.1653 -0.817135 0.095446 -0.56849 -95.638 
-0.564532 0.0842 0.821105 377.26 0.126314 0.991879 -0.0148675 -10.2501 -0.815689 0.0953243 -0.570583 -97.1166 
-0.566444 0.0838794 0.81982 379.382 0.126458 0.991871 -0.014108 -10.3268 -0.81434 0.0956818 -0.572447 -98.5872 
-0.569545 0.0806311 0.817996 381.178 0.115992 0.993102 -0.0171299 -10.3346 -0.813735 0.085125 -0.574969 -100.032 
-0.573447 0.0838987 0.814935 383.386 0.108408 0.993766 -0.026026 -10.4241 -0.812038 0.0734208 -0.578968 -101.527 
-0.574991 0.093534 0.812795 385.541 0.118001 0.992537 -0.0307413 -10.5302 -0.809605 0.0782349 -0.581737 -103.029 
-0.575297 0.0944927 0.812468 387.705 0.124724 0.991823 -0.0270369 -10.6159 -0.808379 0.0857801 -0.582379 -104.549 
-0.577968 0.0846434 0.811658 389.902 0.123589 0.992213 -0.0154667 -10.7099 -0.806646 0.091373 -0.583929 -106.077 
-0.581359 0.074253 0.810252 392.108 0.11792 0.993002 -0.00639224 -10.7694 -0.805056 0.091829 -0.586047 -107.624 
-0.585095 0.0685106 0.808066 394.316 0.11216 0.993685 -0.00303659 -10.8166 -0.803171 0.088856 -0.589084 -109.176 
-0.588413 0.0678595 0.805708 396.499 0.111032 0.993813 -0.00261484 -10.867 -0.800901 0.0879212 -0.592307 -110.695 
-0.590743 0.072982 0.803552 398.647 0.116035 0.993233 -0.00490457 -10.9078 -0.798472 0.0903431 -0.595214 -112.222 
-0.592984 0.0791936 0.80131 400.821 0.120182 0.992709 -0.00917286 -10.9614 -0.796195 0.0908638 -0.598178 -113.79 
-0.594708 0.0853772 0.799396 402.974 0.124532 0.992126 -0.0133164 -11.0283 -0.794238 0.0916309 -0.600657 -115.376 
-0.597025 0.0859668 0.797603 405.165 0.126215 0.991925 -0.0124365 -11.1111 -0.792232 0.0932443 -0.603054 -117.051 
-0.597612 0.090739 0.796634 407.354 0.140782 0.990015 -0.0071552 -11.3616 -0.789329 0.107876 -0.604419 -118.81 
-0.598127 0.0955241 0.795688 409.54 0.155307 0.987864 -0.0018497 -11.5959 -0.786208 0.122469 -0.605704 -120.577 
-0.600987 0.0938652 0.793728 411.661 0.151403 0.98847 -0.00225768 -11.6128 -0.784788 0.118816 -0.608269 -122.094 
-0.589979 0.0964229 0.80164 414.11 0.151116 0.988486 -0.00768097 -11.4226 -0.793151 0.116609 -0.597757 -124.68 
-0.591098 0.0968609 0.800763 416.274 0.152102 0.988338 -0.00727357 -11.4797 -0.792129 0.117498 -0.598937 -126.27 
-0.592025 0.0955713 0.800233 418.404 0.151572 0.988428 -0.00591207 -11.5134 -0.791538 0.117793 -0.59966 -127.827 
-0.590477 0.0950818 0.801434 420.678 0.154216 0.988031 -0.00359735 -11.5299 -0.792183 0.12147 -0.598072 -129.672 
-0.591134 0.0947818 0.800985 422.831 0.156907 0.987613 -0.00106722 -11.5838 -0.791164 0.125049 -0.598684 -131.254 
-0.597766 0.0932434 0.79623 423.82 0.151377 0.988474 -0.00211061 -11.6733 -0.787249 0.119269 -0.604991 -131.802 
-0.598817 0.0935011 0.795409 425.906 0.147149 0.989099 -0.00548933 -11.7205 -0.787251 0.113757 -0.606048 -133.36 
-0.600036 0.0932911 0.794515 428.012 0.141308 0.98992 -0.00951604 -11.7543 -0.787394 0.106562 -0.60717 -134.94 
-0.601252 0.0930702 0.793621 430.116 0.135466 0.990689 -0.013551 -11.7986 -0.787493 0.0993613 -0.608262 -136.524 
-0.602404 0.0918281 0.792891 432.237 0.132638 0.991065 -0.014007 -11.8598 -0.787094 0.0967297 -0.609202 -138.11 
-0.603476 0.0912127 0.792147 434.382 0.130068 0.991391 -0.0150664 -11.9345 -0.786701 0.0939405 -0.610144 -139.723 
-0.604211 0.091484 0.791555 436.501 0.12862 0.991558 -0.0164208 -11.9815 -0.786375 0.0918884 -0.610877 -141.308 
-0.604658 0.0901443 0.791367 438.622 0.129333 0.991501 -0.0141219 -12.0601 -0.785914 0.0938113 -0.611178 -142.903 
-0.604255 0.088546 0.791855 440.769 0.131607 0.991247 -0.0104143 -12.1297 -0.785847 0.097921 -0.61062 -144.513 
-0.612763 0.08383 0.785808 443.689 0.133397 0.991061 -0.00170552 -12.4042 -0.778927 0.103779 -0.618469 -145.993 
-0.611557 0.0827684 0.786859 445.751 0.137481 0.990501 0.00266262 -12.4441 -0.779164 0.109806 -0.617127 -147.565 
-0.610164 0.080745 0.78815 447.878 0.131304 0.991342 9.03025e-05 -12.4735 -0.781319 0.103543 -0.615483 -149.184 
-0.610972 0.0804355 0.787555 449.995 0.123992 0.99227 -0.00515319 -12.5269 -0.781882 0.0945017 -0.616223 -150.742 
-0.610029 0.078687 0.788462 452.112 0.11883 0.992889 -0.00714994 -12.5803 -0.783418 0.0893317 -0.615042 -152.339 
-0.60915 0.0780567 0.789204 454.219 0.115134 0.993306 -0.00937735 -12.6198 -0.784653 0.0851517 -0.614059 -153.817 
-0.607427 0.0768319 0.790651 456.339 0.108465 0.994012 -0.0132644 -12.6367 -0.786935 0.0777005 -0.612123 -155.36 
-0.607708 0.0760563 0.79051 458.186 0.108546 0.994017 -0.0121909 -12.7402 -0.786707 0.0783982 -0.612328 -156.526 
-0.604688 0.0777862 0.792654 460.324 0.105351 0.994286 -0.0172044 -12.7942 -0.789464 0.0731038 -0.609428 -158.149 
-0.604342 0.0727403 0.793397 462.442 0.0974756 0.995093 -0.0169836 -12.874 -0.79074 0.067073 -0.608467 -159.712 
-0.604404 0.0672266 0.793836 464.571 0.0883863 0.99594 -0.0170472 -12.9469 -0.79176 0.0598609 -0.607892 -161.277 
-0.603917 0.0644731 0.794435 466.693 0.0810345 0.996525 -0.0192728 -13.025 -0.792917 0.0527375 -0.607043 -162.853 
-0.602386 0.0620884 0.795786 468.824 0.0753396 0.996942 -0.0207532 -13.1173 -0.794641 0.0474528 -0.605221 -164.469 
-0.600838 0.0597142 0.797137 470.959 0.0696389 0.997325 -0.0222205 -13.2136 -0.796332 0.0421608 -0.603389 -166.08 
-0.598711 0.0586269 0.798817 473.091 0.071225 0.997263 -0.0198084 -13.301 -0.797792 0.0450363 -0.601248 -167.656 
-0.602414 0.054963 0.796289 475.028 0.0677716 0.997546 -0.0175835 -13.4299 -0.795302 0.0433733 -0.60466 -168.846 
-0.600932 0.0549746 0.797407 477.131 0.0654163 0.997668 -0.0194827 -13.5117 -0.796619 0.0404557 -0.603127 -170.41 
-0.599111 0.0565117 0.798669 479.264 0.0639722 0.997696 -0.0226064 -13.5683 -0.798106 0.0375489 -0.601345 -172.003 
-0.598741 0.0584564 0.798807 481.341 0.0647468 0.997601 -0.0244736 -13.642 -0.798322 0.0370669 -0.60109 -173.511 
-0.601999 0.0575423 0.79642 483.39 0.0666732 0.997539 -0.0216764 -13.789 -0.795708 0.0400507 -0.604355 -174.846 
-0.599757 0.0574546 0.798117 485.563 0.0681305 0.997463 -0.0206075 -13.8744 -0.797276 0.0420166 -0.60215 -176.508 
-0.590939 0.0594962 0.804519 487.673 0.0675449 0.997424 -0.0241487 -13.86 -0.803884 0.0400708 -0.593435 -178.445 
-0.586726 0.0615865 0.80744 489.721 0.0669322 0.99738 -0.0274378 -13.8656 -0.807015 0.0379453 -0.589311 -180.114 
-0.585721 0.0612523 0.808195 491.864 0.0669027 0.997391 -0.0271051 -13.9699 -0.807747 0.0381944 -0.588291 -181.644 
-0.581889 0.0612109 0.810962 494.011 0.0636435 0.997533 -0.0296272 -14.018 -0.810774 0.0343727 -0.584349 -183.237 
-0.584877 0.0593448 0.808948 496.015 0.0606236 0.997729 -0.0293625 -14.1734 -0.808853 0.0318679 -0.587146 -184.44 
-0.58123 0.0658559 0.81107 497.741 0.0646083 0.997308 -0.0346782 -14.1209 -0.81117 0.0322458 -0.58392 -186.007 
-0.578933 0.065617 0.812731 499.923 0.0651118 0.997294 -0.0341369 -14.2433 -0.812771 0.0331554 -0.581638 -187.554 
-0.573719 0.0728434 0.815806 501.526 0.0709245 0.996714 -0.0391187 -14.2645 -0.815975 0.0354175 -0.577001 -189.028 
-0.568361 0.0787293 0.819004 503.136 0.0757433 0.996191 -0.0431987 -14.3052 -0.819286 0.0374817 -0.572159 -190.462 
-0.562953 0.0845993 0.822148 504.755 0.0805345 0.995629 -0.0473059 -14.3535 -0.822556 0.0395803 -0.567305 -191.887 
-0.577649 0.0831489 0.812039 506.973 0.0815212 0.995701 -0.0439645 -14.5798 -0.812205 0.0408024 -0.581944 -193.061 
-0.590366 0.0834941 0.802805 509.188 0.0821853 0.995684 -0.0431168 -14.7577 -0.80294 0.0405241 -0.59468 -194.323 
-0.588501 0.081629 0.804365 511.291 0.0810257 0.995836 -0.0417788 -14.8989 -0.804426 0.0405874 -0.592665 -195.865 
-0.586429 0.0799774 0.806042 513.444 0.0800917 0.995962 -0.0405517 -15.027 -0.806031 0.0407766 -0.590467 -197.478 
-0.584352 0.0783251 0.807712 515.601 0.0791608 0.996086 -0.039322 -15.1519 -0.80763 0.0409612 -0.588265 -199.086 
-0.582268 0.0766722 0.809373 517.763 0.0782331 0.996207 -0.0380897 -15.2734 -0.809224 0.0411414 -0.586058 -200.688 
-0.580179 0.0750186 0.811027 519.929 0.0773086 0.996326 -0.0368547 -15.3917 -0.810812 0.041317 -0.583847 -202.283 
-0.578084 0.0733643 0.812672 522.1 0.0763873 0.996442 -0.0356171 -15.5066 -0.812394 0.0414882 -0.581631 -203.873 
-0.575983 0.0717094 0.81431 524.275 0.0754691 0.996555 -0.0343769 -15.6182 -0.81397 0.0416548 -0.579411 -205.457 
-0.573877 0.0700538 0.81594 526.455 0.0745542 0.996666 -0.0331341 -15.7266 -0.815541 0.0418169 -0.577187 -207.035 
-0.573654 0.0701894 0.816085 528.657 0.0733759 0.99672 -0.034147 -15.8429 -0.815805 0.0402924 -0.576922 -208.537 
-0.573306 0.0708327 0.816274 530.869 0.0718657 0.996764 -0.0360204 -15.9509 -0.816184 0.0380114 -0.576541 -210.042 
-0.570498 0.0703799 0.818278 533.078 0.0719698 0.996773 -0.0355554 -16.0663 -0.81814 0.038607 -0.573722 -211.701 
-0.574837 0.0679239 0.815444 535.149 0.0704347 0.996957 -0.0333914 -16.2063 -0.815231 0.038241 -0.577872 -212.911 
-0.572563 0.0682256 0.817017 537.342 0.0702515 0.996949 -0.034019 -16.3289 -0.816845 0.0379186 -0.57561 -214.485 
-0.570332 0.0717468 0.818275 539.76 0.0730092 0.996663 -0.0365011 -16.4313 -0.818163 0.0389238 -0.573667 -216.418 
-0.56942 0.0713568 0.818944 541.951 0.0736102 0.996649 -0.035659 -16.5701 -0.818745 0.0399777 -0.572764 -217.958 
-0.567332 0.0725635 0.820285 544.187 0.0735575 0.996594 -0.0372856 -16.6804 -0.820197 0.0391848 -0.570738 -219.562 
-0.563721 0.0743954 0.822608 546.422 0.0743266 0.996464 -0.0391838 -16.7839 -0.822614 0.0390529 -0.567257 -221.186 
-0.564589 0.0750203 0.821956 548.598 0.074854 0.996411 -0.0395268 -16.9264 -0.821971 0.0392103 -0.568178 -222.631 
-0.566308 0.0749843 0.820776 550.765 0.0744897 0.996434 -0.0396367 -17.0709 -0.820821 0.0386928 -0.569873 -224.045 
-0.568024 0.0749472 0.819593 552.93 0.0741256 0.996456 -0.0397472 -17.2157 -0.819667 0.0381755 -0.571566 -225.463 
-0.569737 0.074909 0.818406 555.091 0.0737618 0.996479 -0.0398585 -17.3607 -0.81851 0.0376582 -0.573257 -226.886 
-0.571448 0.0748697 0.817215 557.249 0.0733981 0.996501 -0.0399706 -17.506 -0.817349 0.037141 -0.574944 -228.314 
-0.573157 0.0748294 0.816022 559.405 0.0730347 0.996523 -0.0400834 -17.6515 -0.816184 0.0366238 -0.57663 -229.745 
-0.574612 0.0745492 0.815024 561.509 0.072583 0.996561 -0.0399815 -17.8022 -0.815201 0.0361831 -0.578046 -231.116 
-0.574548 0.0733715 0.815176 563.789 0.073339 0.996582 -0.0380091 -17.9125 -0.815179 0.0379461 -0.577965 -232.651 
-0.57995 0.0725663 0.811414 568.333 0.0763808 0.996481 -0.0345249 -18.1472 -0.811063 0.0419537 -0.583452 -236.58 
-0.580491 0.0679107 0.81143 570.454 0.068038 0.997076 -0.0347741 -18.2655 -0.811419 0.0350221 -0.583414 -238.048 
-0.581009 0.0671299 0.811124 572.607 0.0662975 0.997184 -0.0350396 -18.389 -0.811193 0.0334172 -0.583823 -239.524 
-0.580797 0.069034 0.811116 574.785 0.0679316 0.997032 -0.0362152 -18.4926 -0.811209 0.0340667 -0.583763 -241.093 
-0.581215 0.0705075 0.810689 577.055 0.0674853 0.996984 -0.0383271 -18.5873 -0.810947 0.0324334 -0.584221 -242.687 
-0.581579 0.0693425 0.810529 579.233 0.0679188 0.997021 -0.0365635 -18.7305 -0.81065 0.0337856 -0.584556 -244.201 
-0.578748 0.0677047 0.812691 581.446 0.0661514 0.997161 -0.0359639 -18.8602 -0.812819 0.0329467 -0.581584 -245.826 
-0.577958 0.0675233 0.813268 583.644 0.0658172 0.997181 -0.0360194 -18.9873 -0.813408 0.0327093 -0.580774 -247.372 
-0.575292 0.0682601 0.815095 585.941 0.0661386 0.997131 -0.0368243 -19.0652 -0.81527 0.0327245 -0.578156 -249.12 
-0.573484 0.0670715 0.816466 588.297 0.0656511 0.9972 -0.0358054 -19.1905 -0.816582 0.0330681 -0.576282 -250.81 
-0.568363 0.0673787 0.820015 590.639 0.0629107 0.997282 -0.0383403 -19.1745 -0.82037 0.0297965 -0.571057 -252.774 
-0.562437 0.0680595 0.824034 592.922 0.0612391 0.997298 -0.0405717 -19.1795 -0.824569 0.0276441 -0.565085 -254.803 
-0.564564 0.0683998 0.82255 595.289 0.0578863 0.997388 -0.0432079 -19.306 -0.823357 0.0232208 -0.567049 -256.254 
-0.564777 0.0691102 0.822344 597.534 0.0573862 0.997364 -0.0444067 -19.4598 -0.823246 0.0221113 -0.567254 -257.735 
-0.564991 0.0698201 0.822138 599.778 0.0568863 0.997338 -0.0456057 -19.6168 -0.823134 0.0210016 -0.567459 -259.218 
-0.563466 0.0676627 0.823364 601.951 0.0561233 0.997473 -0.0435631 -19.7813 -0.824231 0.0216636 -0.56584 -260.689 
-0.561381 0.0675123 0.824799 604.122 0.0568326 0.997459 -0.0429632 -19.9226 -0.825604 0.0227568 -0.563791 -262.177 
-0.559077 0.0695568 0.826193 606.194 0.0583003 0.997306 -0.0445116 -20.0599 -0.827064 0.0232819 -0.561626 -263.667 
-0.557623 0.0693781 0.82719 608.337 0.0584546 0.997309 -0.0442412 -20.233 -0.828034 0.0236831 -0.560178 -265.104 
-0.555997 0.0687816 0.828333 610.479 0.0561162 0.997403 -0.045154 -20.3796 -0.829288 0.0213774 -0.558413 -266.524 
-0.553837 0.0712987 0.829567 612.745 0.0612681 0.997116 -0.0447952 -20.5029 -0.830368 0.0260167 -0.556608 -268.002 
-0.550445 0.0748194 0.831512 615.002 0.0670669 0.99672 -0.0452879 -20.6198 -0.832173 0.0308384 -0.553658 -269.484 
-0.548461 0.0734905 0.83294 616.94 0.0654169 0.996848 -0.0448775 -20.7628 -0.833613 0.0298748 -0.55154 -270.898 
-0.547904 0.0726653 0.833379 619.173 0.0635123 0.996958 -0.0451724 -20.9188 -0.834127 0.0281797 -0.550852 -272.334 
-0.547269 0.0737584 0.8337 621.548 0.0612519 0.996968 -0.0479951 -21.0621 -0.834712 0.0247995 -0.550128 -273.787 
-0.546529 0.0738433 0.834178 623.771 0.062256 0.996931 -0.0474623 -21.2202 -0.835123 0.0259931 -0.549449 -275.219 
-0.545723 0.0719665 0.834869 625.735 0.0621504 0.997037 -0.0453201 -21.3858 -0.835657 0.0271553 -0.548579 -276.634 
-0.54285 0.0708837 0.836833 627.446 0.0629356 0.997063 -0.04363 -21.5206 -0.837468 0.0289821 -0.545717 -278.07 
-0.539971 0.0697945 0.838785 629.162 0.0637265 0.997086 -0.0419425 -21.6514 -0.839268 0.0308051 -0.542845 -279.5 
-0.540119 0.0720457 0.838499 631.416 0.0641826 0.996954 -0.0443173 -21.7896 -0.839137 0.0298805 -0.543098 -280.906 
-0.539987 0.0737686 0.838434 633.687 0.0638141 0.996873 -0.0466097 -21.9381 -0.83925 0.0283353 -0.543006 -282.336 
-0.539617 0.0736765 0.838681 636.14 0.0640837 0.996868 -0.0463408 -22.0933 -0.839468 0.0287396 -0.542648 -283.952 
-0.539579 0.0730121 0.838763 638.423 0.0644478 0.996891 -0.0453173 -22.2508 -0.839464 0.0296042 -0.542608 -285.38 
-0.540515 0.0725469 0.838201 640.713 0.0659275 0.996864 -0.043766 -22.3951 -0.838748 0.0316043 -0.543602 -286.776 
-0.542897 0.0723579 0.836676 643.457 0.0662539 0.996866 -0.0432212 -22.5447 -0.837182 0.0319685 -0.545989 -288.199 
-0.541685 0.073362 0.837374 645.914 0.0656343 0.996834 -0.0448744 -22.6268 -0.838015 0.0306527 -0.544785 -289.953 
-0.539859 0.0742869 0.838471 648.135 0.0653002 0.996792 -0.0462696 -22.7705 -0.839219 0.0297733 -0.542978 -291.396 
-0.540231 0.0738875 0.838266 650.355 0.065058 0.996824 -0.0459359 -22.9273 -0.838998 0.0297199 -0.543322 -292.783 
-0.540971 0.07288 0.837877 652.557 0.063995 0.996917 -0.0453955 -23.0826 -0.838603 0.0290623 -0.543967 -294.154 
-0.539051 0.0727086 0.839129 654.823 0.0631198 0.996953 -0.0458359 -23.2199 -0.839905 0.0282578 -0.541998 -295.646 
-0.532887 0.0743844 0.842911 657.097 0.0622805 0.996875 -0.0485977 -23.1837 -0.843892 0.0265999 -0.535854 -297.858 
-0.532579 0.0755902 0.842998 659.649 0.0624109 0.9968 -0.0499522 -23.3794 -0.844076 0.0260088 -0.535592 -299.481 
-0.532672 0.0750615 0.842987 661.881 0.0619071 0.996846 -0.0496434 -23.5394 -0.844055 0.0257432 -0.535639 -300.842 
-0.532584 0.0745457 0.843088 664.167 0.0622721 0.996865 -0.048805 -23.7129 -0.844083 0.0265081 -0.535557 -302.232 
-0.531376 0.0737802 0.843917 666.584 0.0608492 0.996951 -0.0488455 -23.8607 -0.844948 0.0253964 -0.534245 -303.849 
-0.532512 0.075018 0.843091 669.165 0.0603685 0.996894 -0.0505735 -24.0252 -0.844267 0.0239651 -0.535387 -305.212 
-0.530834 0.0776051 0.843915 671.656 0.060959 0.996715 -0.0533125 -24.1546 -0.845281 0.0231441 -0.533821 -306.899 
