1 -4.23778e-08 4.22719e-08 0 -4.23778e-08 1 -4.19404e-08 0 4.22719e-08 -4.19404e-08 1 0 
0.999996 -0.00229097 -0.00127787 -0.019516 0.00229454 0.999993 0.00286598 -0.0153865 0.00127138 -0.00286898 0.999995 1.53495 
0.999991 -0.00303624 -0.0028997 -0.0421743 0.00304707 0.999988 0.0037684 -0.0350091 0.00288831 -0.00377729 0.999989 3.06207 
0.999989 -0.00197957 -0.0042825 -0.0725423 0.00199416 0.999992 0.0034251 -0.0497901 0.00427577 -0.00343368 0.999985 4.57719 
0.999982 -0.00194085 -0.0056895 -0.110289 0.0019597 0.999992 0.00332377 -0.0665222 0.00568309 -0.00333494 0.999978 6.09023 
0.999972 -0.0021214 -0.00718713 -0.142473 0.00214763 0.999991 0.00365518 -0.0856046 0.0071794 -0.00367059 0.999967 7.61451 
0.999957 -0.00241142 -0.00894052 -0.176387 0.00244796 0.999989 0.00408725 -0.104134 0.00893064 -0.00410904 0.999952 9.12204 
0.999929 -0.00426838 -0.0110867 -0.196741 0.0043057 0.999985 0.00335212 -0.121064 0.0110723 -0.0033997 0.999933 10.6364 
0.999908 -0.00536246 -0.0124686 -0.240146 0.0054109 0.999978 0.00386196 -0.138248 0.0124477 -0.00392915 0.999915 12.1397 
0.999891 -0.00488844 -0.0138915 -0.282839 0.00494275 0.99998 0.0038843 -0.154003 0.0138723 -0.00395263 0.999896 13.6468 
0.999871 -0.00458256 -0.0154077 -0.3159 0.00464337 0.999981 0.00391905 -0.169022 0.0153896 -0.00399017 0.999874 15.145 
0.999863 -0.00335631 -0.0162043 -0.36066 0.00342803 0.999984 0.00440523 -0.183086 0.0161893 -0.00446026 0.999859 16.6523 
0.999854 -0.00236129 -0.0169116 -0.405328 0.00244538 0.999985 0.00495837 -0.192315 0.0168997 -0.00499908 0.999845 18.1557 
0.999842 -0.00169946 -0.0176709 -0.451322 0.00180049 0.999982 0.00570755 -0.203135 0.017661 -0.00573855 0.999827 19.6468 
0.99983 -0.00164328 -0.0183389 -0.496683 0.00174465 0.999983 0.00551793 -0.210887 0.0183296 -0.00554908 0.999817 21.134 
0.999816 -0.00119285 -0.0191562 -0.539509 0.00130407 0.999982 0.00579907 -0.225783 0.019149 -0.00582307 0.9998 22.6034 
0.999809 -0.000451127 -0.019519 -0.580427 0.000572619 0.99998 0.00622343 -0.235829 0.0195159 -0.00623351 0.99979 24.0696 
0.99981 0.000313109 -0.0194746 -0.631108 -0.000169713 0.999973 0.00736872 -0.245527 0.0194765 -0.0073641 0.999783 25.5252 
0.99981 0.000483974 -0.0194814 -0.679312 -0.00036659 0.999982 0.00603286 -0.256521 0.0194841 -0.00602466 0.999792 26.9784 
0.999807 0.000914026 -0.0196307 -0.728323 -0.000835144 0.999991 0.00403041 -0.26973 0.0196343 -0.00401332 0.999799 28.4166 
0.99981 -0.000859366 -0.0194899 -0.772065 0.000935692 0.999992 0.00391167 -0.286404 0.0194865 -0.00392925 0.999802 29.8448 
0.999807 -0.00172225 -0.0195421 -0.815834 0.00185251 0.999976 0.00665374 -0.301366 0.0195303 -0.00668874 0.999787 31.2664 
0.999802 -0.00331485 -0.0195978 -0.856939 0.00347286 0.999962 0.00803818 -0.322039 0.0195705 -0.00810474 0.999776 32.6985 
0.9998 -0.00415082 -0.0195588 -0.897589 0.00429259 0.999965 0.00721603 -0.330519 0.0195283 -0.00729863 0.999783 34.0989 
0.999805 -0.00396867 -0.0193495 -0.935839 0.00407151 0.999978 0.00528277 -0.342795 0.0193282 -0.0053606 0.999799 35.5 
0.99982 -0.00306241 -0.0187401 -0.98405 0.00314616 0.999985 0.00444577 -0.356647 0.0187263 -0.00450401 0.999814 36.8718 
0.999832 -0.00242917 -0.0181629 -1.0248 0.00248757 0.999992 0.0031978 -0.369405 0.0181551 -0.00324253 0.99983 38.2371 
0.999858 -0.00165075 -0.0167756 -1.07047 0.00171957 0.99999 0.00409357 -0.384421 0.0167688 -0.00412192 0.999851 39.5895 
0.99988 -0.00133813 -0.015397 -1.11273 0.00143467 0.999979 0.00626625 -0.402213 0.0153884 -0.00628767 0.999862 40.9174 
0.999901 -0.00179603 -0.0139607 -1.14822 0.00189627 0.999972 0.00717613 -0.416379 0.0139475 -0.00720197 0.999877 42.2254 
0.99993 -0.00112264 -0.0117976 -1.1804 0.00121436 0.999969 0.00777717 -0.429291 0.0117885 -0.00779103 0.9999 43.5288 
0.99996 -0.00162856 -0.00877924 -1.20471 0.00169134 0.999973 0.00715819 -0.442184 0.00876743 -0.00717284 0.999936 44.8141 
0.999982 -0.00246459 -0.00544573 -1.22312 0.00249355 0.999983 0.00533154 -0.45403 0.00543258 -0.0053451 0.999971 46.0777 
0.999992 -0.00309753 -0.00243121 -1.23751 0.00310598 0.999989 0.00351357 -0.470103 0.00242039 -0.00352118 0.999991 47.3292 
0.999995 -0.0027127 0.00165175 -1.2563 0.00270586 0.999988 0.0040806 -0.485993 -0.00166271 -0.00407619 0.99999 48.5444 
0.999974 -0.00225688 0.00683929 -1.2662 0.0022307 0.99999 0.00381952 -0.499594 -0.00684776 -0.00380425 0.999969 49.7638 
0.999913 -0.000950362 0.0131851 -1.26738 0.000911842 0.999995 0.00292076 -0.516403 -0.0131877 -0.00290857 0.999909 50.9811 
0.999791 0.000438673 0.02044 -1.25723 -0.000496832 0.999996 0.00283621 -0.527008 -0.0204386 -0.00284585 0.999787 52.1976 
0.999593 0.00117755 0.0284986 -1.23332 -0.00128424 0.999992 0.00372268 -0.540597 -0.0284939 -0.00375785 0.999587 53.3934 
0.999247 0.00334591 0.0386637 -1.20233 -0.00351503 0.999984 0.00430482 -0.554534 -0.0386487 -0.00443756 0.999243 54.5753 
0.998664 0.0053835 0.0513876 -1.15643 -0.00560171 0.999976 0.00410157 -0.566198 -0.0513642 -0.00438403 0.99867 55.7387 
0.997794 0.00731393 0.0659867 -1.09756 -0.00762666 0.999961 0.00448735 -0.578707 -0.0659512 -0.00498079 0.99781 56.8878 
0.996574 0.00962043 0.0821409 -1.02234 -0.0101183 0.999933 0.00564614 -0.58912 -0.082081 -0.006458 0.996605 58.0403 
0.994962 0.00971817 0.0997769 -0.928905 -0.0104193 0.999924 0.00650767 -0.602777 -0.099706 -0.00751457 0.994988 59.15 
0.992888 0.00916813 0.118702 -0.811201 -0.00990694 0.999935 0.0056347 -0.61526 -0.118642 -0.00677068 0.992914 60.2454 
0.99029 0.00829661 0.13877 -0.676437 -0.00903113 0.999948 0.00466366 -0.623648 -0.138724 -0.0058717 0.990314 61.3393 
0.987137 0.00546524 0.15978 -0.517557 -0.00625719 0.99997 0.00445325 -0.633555 -0.159751 -0.00539582 0.987142 62.413 
0.983455 0.00028385 0.181152 -0.327202 -0.00149121 0.999977 0.00652823 -0.641722 -0.181146 -0.00669044 0.983433 63.4851 
0.978907 -0.00507246 0.204243 -0.116254 0.00350823 0.999962 0.0080196 -0.651887 -0.204275 -0.00713399 0.978887 64.5348 
0.973585 -0.0100796 0.228103 0.11881 0.00859156 0.999935 0.00751523 -0.659898 -0.228164 -0.00535703 0.973608 65.5647 
0.967298 -0.0162495 0.253121 0.37787 0.0152718 0.999866 0.0058265 -0.666073 -0.253182 -0.00177041 0.967417 66.5699 
0.960035 -0.0200327 0.279161 0.658441 0.0189874 0.999799 0.00644775 -0.673027 -0.279234 -0.000889603 0.960223 67.5517 
0.951676 -0.0226845 0.306266 0.961618 0.0209726 0.999741 0.00887922 -0.682377 -0.306388 -0.002027 0.951904 68.5137 
0.942317 -0.0271729 0.333617 1.29299 0.0246049 0.999626 0.0119207 -0.690278 -0.333817 -0.00302453 0.942633 69.4585 
0.931689 -0.0303967 0.361983 1.64959 0.0280499 0.999538 0.0117373 -0.697231 -0.362172 -0.000781988 0.932111 70.378 
0.919901 -0.0297181 0.391022 2.02263 0.0288994 0.99955 0.00797921 -0.703656 -0.391083 0.00396013 0.920347 71.275 
0.907094 -0.0308264 0.419798 2.42384 0.0327211 0.999461 0.00268826 -0.708067 -0.419655 0.0112977 0.907613 72.1489 
0.893207 -0.0328247 0.448446 2.854 0.036489 0.999334 0.000469563 -0.716515 -0.448163 0.0159439 0.89381 73.0027 
0.877817 -0.033398 0.47783 3.30657 0.0358963 0.999348 0.00390461 -0.727265 -0.477649 0.0137247 0.878444 73.8458 
0.860345 -0.0322145 0.508693 3.78265 0.0316923 0.999451 0.00969224 -0.735816 -0.508726 0.00778293 0.860893 74.6767 
0.840928 -0.0323694 0.540178 4.28428 0.029749 0.999465 0.0135793 -0.74616 -0.540329 0.00465049 0.841441 75.4819 
0.820065 -0.0261945 0.571671 4.80568 0.0257297 0.999629 0.00889434 -0.751275 -0.571692 0.00741493 0.820435 76.2568 
0.798401 -0.0193288 0.601816 5.35757 0.0227742 0.999739 0.00189542 -0.755138 -0.601695 0.0121925 0.798633 77.0062 
0.776125 -0.0170087 0.63035 5.93732 0.0219144 0.99976 -6.01936e-06 -0.759217 -0.630198 0.0138184 0.776311 77.7345 
0.752923 -0.0193475 0.657824 6.54226 0.02281 0.999734 0.00329581 -0.768692 -0.657713 0.0125234 0.753164 78.4347 
0.728521 -0.0195526 0.684744 7.16128 0.0229898 0.999727 0.00408707 -0.782619 -0.684637 0.0127646 0.728772 79.1042 
0.703353 -0.0175503 0.710624 7.79999 0.0235164 0.999722 0.00141431 -0.792222 -0.710451 0.0157165 0.703571 79.7438 
0.677156 -0.0150509 0.735686 8.45962 0.0232836 0.999728 -0.000978498 -0.79988 -0.735471 0.0177919 0.677322 80.3633 
0.650242 -0.0126039 0.759623 9.14149 0.0215537 0.999766 -0.00186184 -0.80851 -0.759421 0.0175833 0.650361 80.9593 
0.62228 -0.0110624 0.782716 9.8469 0.0214306 0.999766 -0.00290806 -0.819997 -0.782501 0.0185837 0.622372 81.5335 
0.593678 -0.00436971 0.804691 10.5727 0.0198444 0.999761 -0.00921176 -0.833822 -0.804458 0.0214374 0.593622 82.0796 
0.563684 0.00506949 0.825975 11.3188 0.018675 0.999647 -0.0188802 -0.847597 -0.82578 0.0260675 0.56339 82.604 
0.53267 0.0134418 0.846216 12.0821 0.0176039 0.999481 -0.0269576 -0.869464 -0.84614 0.0292562 0.532157 83.1046 
0.500865 0.0184779 0.865328 12.8724 0.0150972 0.999433 -0.0300802 -0.896014 -0.865393 0.0281302 0.500303 83.5793 
0.468303 0.0181876 0.883381 13.6857 0.0130863 0.999536 -0.0275166 -0.927262 -0.883471 0.0244463 0.467848 84.0294 
0.435126 0.0171288 0.900206 14.5177 0.00828998 0.9997 -0.0230291 -0.959108 -0.900331 0.0174832 0.434854 84.4491 
0.400647 0.0185339 0.916045 15.3659 0.00407829 0.999749 -0.0220112 -0.989492 -0.916223 0.0125546 0.400471 84.842 
0.365505 0.0217533 0.930555 16.2309 -0.00322267 0.99975 -0.0221052 -1.01833 -0.930804 0.00508068 0.365484 85.2039 
0.329725 0.0238746 0.943775 17.1192 -0.00829821 0.999715 -0.0223907 -1.04412 -0.94404 -0.000448883 0.32983 85.5324 
0.293598 0.0233682 0.955643 18.0281 -0.0111194 0.999717 -0.0210299 -1.07216 -0.955864 -0.00445189 0.293774 85.8276 
0.257325 0.023073 0.966049 18.9569 -0.0119969 0.999714 -0.0206816 -1.09858 -0.96625 -0.0062677 0.257528 86.0862 
0.221503 0.0226925 0.974895 19.9013 -0.0113466 0.999721 -0.0206924 -1.12286 -0.975094 -0.00647832 0.221699 86.3058 
0.186248 0.0215275 0.982267 20.8454 -0.00921091 0.999754 -0.0201644 -1.14743 -0.98246 -0.00529202 0.1864 86.4889 
0.151986 0.0205526 0.988169 21.8035 -0.00106583 0.999787 -0.0206304 -1.17571 -0.988382 0.0020823 0.151975 86.631 
0.118516 0.024213 0.992657 22.7708 0.00121079 0.999698 -0.0245294 -1.2031 -0.992951 0.00410903 0.118451 86.7447 
0.0859614 0.0293494 0.995866 23.7391 0.00202673 0.999559 -0.0296333 -1.23221 -0.996296 0.00456567 0.085864 86.8332 
0.057189 0.0332975 0.997808 24.7134 0.00886495 0.999387 -0.0338584 -1.26368 -0.998324 0.0107818 0.0568588 86.8838 
0.0320415 0.0316528 0.998985 25.7039 0.0107337 0.99943 -0.0320113 -1.29686 -0.999429 0.0117485 0.0316835 86.9132 
0.0100549 0.0290182 0.999528 26.7024 0.0124698 0.999497 -0.0291428 -1.32761 -0.999872 0.0127569 0.00968796 86.9218 
-0.00827008 0.0265893 0.999612 27.7014 0.0129833 0.999565 -0.0264807 -1.36314 -0.999881 0.0127593 -0.0086117 86.9126 
-0.0246117 0.0298398 0.999252 28.6958 0.0145646 0.999459 -0.0294873 -1.39862 -0.999591 0.013828 -0.025033 86.8894 
-0.0387552 0.0342881 0.99866 29.6912 0.0174929 0.999281 -0.0336306 -1.43584 -0.999096 0.0161662 -0.0393272 86.8474 
-0.0502538 0.0393648 0.99796 30.6926 0.0220375 0.999023 -0.0382971 -1.47821 -0.998493 0.020068 -0.0510722 86.794 
-0.0589589 0.0428206 0.997342 31.6985 0.0273595 0.998774 -0.0412648 -1.5244 -0.997885 0.0248538 -0.0600581 86.7323 
-0.0648325 0.0482148 0.996731 32.7008 0.0311414 0.998443 -0.0462721 -1.57479 -0.99741 0.0280397 -0.0662331 86.6671 
-0.0682942 0.0530417 0.996254 33.706 0.0329365 0.998161 -0.0508855 -1.62814 -0.997121 0.0293379 -0.0699156 86.6023 
-0.0710053 0.0570878 0.995841 34.7144 0.0351913 0.997883 -0.0546957 -1.6873 -0.996855 0.0311613 -0.0728639 86.5336 
-0.0734749 0.0600726 0.995486 35.7291 0.0354841 0.99771 -0.0575878 -1.74972 -0.996666 0.0310927 -0.0754383 86.4619 
-0.0757422 0.0636063 0.995097 36.7419 0.0364992 0.997471 -0.0609801 -1.8163 -0.996459 0.0317015 -0.0778722 86.3882 
-0.0772534 0.0675189 0.994723 37.7591 0.0378492 0.997184 -0.0647466 -1.88135 -0.996293 0.0326475 -0.0795913 86.3087 
-0.0793837 0.0691418 0.994443 38.7775 0.0404104 0.996995 -0.0660935 -1.9507 -0.996025 0.0349391 -0.0819392 86.2285 
-0.0814506 0.0679435 0.994359 39.7987 0.0402395 0.997084 -0.0648337 -2.02431 -0.995865 0.0347318 -0.0839472 86.1513 
-0.0835133 0.0676616 0.994207 40.8256 0.0396175 0.997129 -0.0645327 -2.09893 -0.995719 0.0339987 -0.0859542 86.0715 
-0.0857383 0.0691799 0.993913 41.8512 0.0395417 0.997037 -0.0659864 -2.16957 -0.995533 0.0336435 -0.0882197 85.9942 
-0.0879388 0.0715734 0.993551 42.8823 0.0386702 0.996909 -0.0683927 -2.24322 -0.995375 0.0324065 -0.0904348 85.9118 
-0.090327 0.0740421 0.993156 43.9176 0.0370109 0.996793 -0.0709472 -2.31984 -0.995224 0.0303492 -0.0927777 85.8265 
-0.0926357 0.077854 0.992652 44.9592 0.0346729 0.996586 -0.0749269 -2.3999 -0.995096 0.0274772 -0.0950188 85.7404 
-0.0948486 0.0823138 0.992083 45.9958 0.031219 0.996331 -0.0796817 -2.4838 -0.995002 0.0234141 -0.0970704 85.6548 
-0.0973064 0.0849373 0.991623 47.0315 0.0290793 0.996169 -0.0824732 -2.56946 -0.994829 0.0208106 -0.0994035 85.5639 
-0.100113 0.0836547 0.991453 48.0742 0.0271826 0.996317 -0.0813204 -2.65737 -0.994605 0.0188091 -0.102019 85.4717 
-0.102996 0.0796464 0.991488 49.1206 0.0240365 0.996697 -0.077568 -2.74668 -0.994391 0.0158428 -0.10457 85.3812 
-0.105342 0.0781157 0.991363 50.1754 0.0241388 0.996817 -0.0759805 -2.83452 -0.994143 0.0159263 -0.106893 85.2834 
-0.107159 0.0786416 0.991127 51.2268 0.0235003 0.996789 -0.0765501 -2.9236 -0.993964 0.0150887 -0.108663 85.1822 
-0.108187 0.081464 0.990787 52.2768 0.0248285 0.996547 -0.0792266 -3.01242 -0.99382 0.0160284 -0.109836 85.0769 
-0.109091 0.0842229 0.990457 53.3223 0.0252454 0.996317 -0.0819408 -3.1032 -0.993711 0.0160655 -0.110815 84.9791 
-0.109363 0.085117 0.990351 54.3811 0.0239451 0.996263 -0.082981 -3.19498 -0.993713 0.014639 -0.110992 84.8745 
-0.10925 0.0839991 0.990459 55.4442 0.0206955 0.996399 -0.0822203 -3.28821 -0.993799 0.0115155 -0.110595 84.7772 
-0.109539 0.0836043 0.99046 56.5148 0.0164679 0.996472 -0.0822906 -3.38228 -0.993846 0.00729678 -0.11053 84.6789 
-0.109533 0.0846631 0.990371 57.5834 0.0124924 0.996404 -0.0837973 -3.48122 -0.993905 0.00319357 -0.110197 84.5806 
-0.109787 0.0850091 0.990313 58.6538 0.00836212 0.99638 -0.0846029 -3.57777 -0.99392 -0.00100717 -0.1101 84.4816 
-0.110014 0.0846074 0.990322 59.7311 0.00501271 0.996405 -0.0845703 -3.67663 -0.993917 -0.00433971 -0.110043 84.3825 
-0.110293 0.0794992 0.990714 60.8192 0.00536287 0.996829 -0.0793929 -3.77165 -0.993885 -0.00344338 -0.11037 84.2792 
-0.110482 0.0708726 0.991348 61.9232 0.00863162 0.997485 -0.0703494 -3.86269 -0.993841 0.00078462 -0.110816 84.1673 
-0.110167 0.0655375 0.99175 63.0278 0.014163 0.997826 -0.0643658 -3.9481 -0.993812 0.00695521 -0.110855 84.0516 
-0.109141 0.0679759 0.991699 64.133 0.0224431 0.997573 -0.0659086 -4.02561 -0.993773 0.0150635 -0.110401 83.9258 
-0.107877 0.0736673 0.991431 65.2349 0.0279224 0.997082 -0.0710491 -4.10383 -0.993772 0.0200186 -0.109619 83.8074 
-0.107 0.0795324 0.991073 66.3444 0.031385 0.996569 -0.0765851 -4.189 -0.993763 0.0229102 -0.109129 83.6947 
-0.10621 0.083917 0.990796 67.4592 0.0322036 0.9962 -0.0809227 -4.28212 -0.993822 0.0233124 -0.108509 83.5813 
-0.106006 0.0812545 0.99104 68.5883 0.0290874 0.996483 -0.0785895 -4.37515 -0.99394 0.0204959 -0.107996 83.4751 
-0.10563 0.0767336 0.99144 69.7262 0.0282289 0.996848 -0.0741446 -4.47005 -0.994005 0.0201554 -0.107463 83.3635 
-0.105244 0.0747743 0.991631 70.8602 0.0259175 0.997037 -0.0724313 -4.55943 -0.994109 0.0180776 -0.10687 83.2557 
-0.105043 0.0756713 0.991584 71.9969 0.0240926 0.997002 -0.0735326 -4.64739 -0.994176 0.0161657 -0.106551 83.1493 
-0.104476 0.0809444 0.991228 73.1369 0.0249937 0.996581 -0.0787473 -4.7382 -0.994213 0.0165472 -0.106142 83.0359 
-0.10355 0.0836396 0.991101 74.286 0.024515 0.99637 -0.081523 -4.83242 -0.994322 0.0158551 -0.105225 82.9205 
-0.103034 0.0826576 0.991237 75.4401 0.0247569 0.996446 -0.0805186 -4.93047 -0.99437 0.0162438 -0.104714 82.809 
-0.101992 0.0758704 0.991888 76.6048 0.0263569 0.996943 -0.073547 -5.02897 -0.994436 0.0186419 -0.10368 82.6948 
-0.102388 0.0745356 0.991948 77.7631 0.0257066 0.997054 -0.0722659 -5.12108 -0.994412 0.0181005 -0.104002 82.5845 
-0.101733 0.077838 0.991762 78.9159 0.0232246 0.996848 -0.075855 -5.2096 -0.994541 0.0153163 -0.10322 82.4796 
-0.101406 0.0810102 0.991541 80.0863 0.0225551 0.99661 -0.0791177 -5.30226 -0.994589 0.0143413 -0.10289 82.3733 
-0.101405 0.0806184 0.991573 81.2652 0.0216127 0.996654 -0.0788213 -5.39888 -0.99461 0.0134377 -0.102808 82.2667 
-0.100932 0.0771725 0.991896 82.4536 0.0214194 0.996924 -0.0753843 -5.49823 -0.994663 0.0136371 -0.102275 82.1552 
-0.0998777 0.0760538 0.992089 83.6447 0.022098 0.996998 -0.0742056 -5.5956 -0.994754 0.0145117 -0.101259 82.0436 
-0.0987111 0.076538 0.992168 84.8414 0.0236796 0.996936 -0.07455 -5.68982 -0.994834 0.0161352 -0.100221 81.9357 
-0.0975563 0.0767725 0.992264 86.041 0.0260998 0.996875 -0.0745632 -5.78478 -0.994888 0.0186238 -0.0992552 81.8237 
-0.096188 0.0762615 0.992437 87.2466 0.0258884 0.996915 -0.0740965 -5.88156 -0.995026 0.0185654 -0.0978655 81.7147 
-0.0948812 0.0769364 0.992511 88.4499 0.0270411 0.99684 -0.0746871 -5.9776 -0.995121 0.0197522 -0.0966619 81.6136 
-0.093589 0.0753274 0.992757 89.6615 0.0270834 0.996957 -0.073093 -6.07262 -0.995242 0.0200466 -0.0953444 81.5082 
-0.0922513 0.0747213 0.992928 90.8816 0.0254329 0.997032 -0.0726673 -6.16603 -0.995411 0.0185494 -0.0938778 81.4078 
-0.0908695 0.0743076 0.993087 92.1038 0.0265171 0.997039 -0.072177 -6.25679 -0.99551 0.0197751 -0.0925709 81.3066 
-0.0892346 0.0752944 0.99316 93.3268 0.0244879 0.997003 -0.0733856 -6.35264 -0.995709 0.0177719 -0.090811 81.2119 
-0.0877573 0.0780478 0.99308 94.5528 0.0249919 0.996785 -0.0761306 -6.44807 -0.995828 0.018138 -0.0894256 81.1157 
-0.0866057 0.0770864 0.993256 95.7844 0.0229754 0.996891 -0.0753653 -6.54508 -0.995978 0.0162934 -0.0881076 81.0227 
-0.0860933 0.0757677 0.993402 97.0216 0.0194131 0.997042 -0.074363 -6.64656 -0.996098 0.0128829 -0.0873096 80.9344 
-0.0859219 0.0770301 0.993319 98.26 0.0164679 0.99698 -0.0758896 -6.74269 -0.996166 0.00983733 -0.086931 80.8452 
-0.0860232 0.0767484 0.993333 99.5043 0.0139232 0.997024 -0.0758279 -6.83942 -0.996196 0.00730738 -0.0868357 80.7524 
-0.0870637 0.0742602 0.993431 100.756 0.0112882 0.997227 -0.0735548 -6.94251 -0.996139 0.00481013 -0.0876605 80.6613 
-0.0884757 0.0728797 0.993408 102.014 0.00902516 0.997337 -0.0723642 -7.04366 -0.996037 0.0025632 -0.0888979 80.5702 
-0.0900756 0.0723016 0.993307 103.271 0.00686128 0.997383 -0.0719762 -7.14308 -0.995911 0.000332064 -0.0903359 80.4765 
-0.0917222 0.0724731 0.993144 104.526 0.0067936 0.99737 -0.0721542 -7.24516 -0.995761 0.000128891 -0.0919733 80.3759 
-0.0940679 0.0712457 0.993013 105.789 0.00632353 0.997459 -0.0709657 -7.34305 -0.995546 -0.000396236 -0.0942794 80.2724 
-0.0971148 0.0666463 0.993039 107.055 0.00358947 0.997772 -0.066613 -7.43906 -0.995267 -0.00290462 -0.0971377 80.1655 
-0.101351 0.0666485 0.992616 108.307 0.00288389 0.997769 -0.0667001 -7.53298 -0.994846 -0.00389752 -0.101317 80.0535 
-0.107004 0.0728507 0.991586 109.537 -0.00196493 0.997295 -0.0734822 -7.62582 -0.994257 -0.00981131 -0.106572 79.9482 
-0.113712 0.0759957 0.990603 110.775 -0.0012194 0.997059 -0.076631 -7.72608 -0.993513 -0.00992181 -0.113285 79.8236 
-0.122417 0.0720045 0.989863 112.026 0.000470023 0.997369 -0.0724924 -7.82942 -0.992479 -0.00840903 -0.122129 79.6808 
-0.132816 0.0698893 0.988673 113.283 0.00258453 0.997532 -0.0701683 -7.9324 -0.991137 -0.00676422 -0.132669 79.5201 
-0.145639 0.070801 0.986801 114.515 0.00305171 0.997463 -0.0711157 -8.03034 -0.989333 -0.00734575 -0.145485 79.3509 
-0.15984 0.0710745 0.984581 115.735 0.00513826 0.997451 -0.0711694 -8.12696 -0.987129 -0.00631671 -0.159798 79.1692 
-0.174002 0.0688635 0.982334 116.953 0.00603059 0.997608 -0.0688661 -8.22706 -0.984727 -0.00605878 -0.174001 78.9688 
-0.189503 0.0713729 0.979283 118.152 0.0106221 0.997445 -0.0706412 -8.32605 -0.981823 -0.00298461 -0.189777 78.7486 
-0.204798 0.0747034 0.975949 119.332 0.0110448 0.997196 -0.0740121 -8.42569 -0.978742 -0.00437838 -0.205049 78.518 
-0.22001 0.0786406 0.972323 120.507 0.011056 0.996882 -0.0781254 -8.52545 -0.975435 -0.00643836 -0.220193 78.2718 
-0.236225 0.0766859 0.968667 121.685 0.00742216 0.996994 -0.0771185 -8.62746 -0.97167 -0.0110277 -0.236085 78.0081 
-0.252262 0.0711461 0.96504 122.864 0.00210842 0.997331 -0.0729756 -8.7301 -0.967657 -0.0163742 -0.251738 77.7271 
-0.268036 0.0672646 0.961058 124.034 -0.00154797 0.997528 -0.070249 -8.82955 -0.963408 -0.0203169 -0.26727 77.4298 
-0.283212 0.0689033 0.956579 125.203 -0.00304497 0.997346 -0.0727414 -8.92481 -0.959053 -0.023514 -0.28225 77.1107 
-0.297703 0.0708796 0.952023 126.359 -0.00313104 0.997162 -0.0752194 -9.022 -0.954653 -0.0253739 -0.296637 76.7713 
-0.311618 0.0732469 0.94738 127.51 -0.00126358 0.996992 -0.0774983 -9.12291 -0.950207 -0.025347 -0.310588 76.4114 
-0.325718 0.0732828 0.942622 128.65 0.00106923 0.997019 -0.0771424 -9.22306 -0.945466 -0.0241188 -0.324826 76.0322 
-0.339724 0.0713416 0.937815 129.787 0.00106477 0.997147 -0.0754695 -9.3253 -0.940524 -0.0246402 -0.338831 75.6398 
-0.354226 0.0702257 0.932519 130.913 0.000964773 0.997203 -0.0747305 -9.42498 -0.935159 -0.0255718 -0.353303 75.2295 
-0.36898 0.071769 0.926662 132.026 -0.000174676 0.997009 -0.0772869 -9.52553 -0.929437 -0.0286792 -0.367864 74.8081 
-0.383814 0.0741173 0.920431 133.128 0.000866841 0.996802 -0.0799057 -9.62443 -0.92341 -0.029871 -0.382651 74.366 
-0.398438 0.0759381 0.914046 134.23 0.00234751 0.996648 -0.0817774 -9.72859 -0.917192 -0.0304375 -0.397281 73.9012 
-0.412876 0.0786512 0.907385 135.323 0.00544057 0.99646 -0.0838966 -9.83612 -0.910771 -0.0297022 -0.411842 73.4157 
-0.427677 0.0821477 0.900191 136.413 0.00550666 0.99608 -0.088282 -9.94897 -0.903915 -0.0327991 -0.426453 72.9178 
-0.442662 0.0845232 0.892696 137.493 0.00689085 0.995839 -0.0908722 -10.0619 -0.896662 -0.0340742 -0.441402 72.398 
-0.457871 0.0820349 0.885225 138.584 0.00594343 0.995994 -0.0892258 -10.1767 -0.888999 -0.0355927 -0.456524 71.8535 
-0.473884 0.0777956 0.877144 139.667 0.0034353 0.996246 -0.0865031 -10.292 -0.88058 -0.0379792 -0.472372 71.2893 
-0.49007 0.078118 0.868175 140.742 0.00319254 0.99613 -0.0878293 -10.4027 -0.871677 -0.0402708 -0.488423 70.7067 
-0.506219 0.0772611 0.858937 141.812 0.00200509 0.996082 -0.0884156 -10.5151 -0.862403 -0.0430354 -0.50439 70.1036 
-0.522152 0.0763196 0.849431 142.874 0.00167701 0.996078 -0.0884647 -10.6301 -0.852851 -0.0447675 -0.520232 69.4788 
-0.537981 0.0758652 0.839536 143.932 0.000475747 0.995969 -0.0896966 -10.7491 -0.842957 -0.0478556 -0.535849 68.8331 
-0.553553 0.0751366 0.829417 144.972 0.000121276 0.995929 -0.0901399 -10.8675 -0.832814 -0.0497967 -0.551309 68.1681 
-0.569134 0.0724701 0.819045 146.017 -0.000136418 0.9961 -0.088231 -10.9847 -0.822245 -0.050327 -0.566904 67.4765 
-0.584635 0.0689889 0.808357 147.048 0.000123859 0.996385 -0.0849465 -11.0993 -0.811296 -0.0495626 -0.582531 66.7635 
-0.599984 0.0674351 0.797165 148.065 0.00124609 0.996519 -0.0833613 -11.214 -0.800011 -0.0490221 -0.597979 66.0309 
-0.615187 0.0655983 0.785647 149.075 0.000330992 0.996554 -0.082949 -11.3285 -0.788381 -0.0507691 -0.613089 65.277 
-0.630547 0.0666521 0.773284 150.068 -0.000859806 0.996245 -0.0865711 -11.4455 -0.77615 -0.055252 -0.628122 64.5073 
-0.646159 0.0660659 0.760338 151.046 -0.0030583 0.996014 -0.0891429 -11.5598 -0.763197 -0.0599258 -0.643381 63.7149 
-0.662555 0.0627633 0.746379 152.025 -0.00475043 0.996111 -0.0879804 -11.6784 -0.748998 -0.0618374 -0.65968 62.8933 
-0.679578 0.0551328 0.731529 152.989 -0.00833814 0.996527 -0.0828508 -11.7983 -0.733556 -0.0624031 -0.676758 62.05 
-0.69717 0.052645 0.71497 153.933 -0.00904646 0.996575 -0.0822015 -11.9124 -0.716849 -0.0637764 -0.694305 61.1838 
-0.715191 0.0497869 0.697154 154.865 -0.0108551 0.996548 -0.0823041 -12.0255 -0.698845 -0.0664308 -0.712182 60.2851 
-0.733297 0.0458614 0.678359 155.773 -0.0140857 0.996484 -0.0825952 -12.1384 -0.679762 -0.070122 -0.730073 59.3649 
-0.750233 0.0440592 0.659704 156.647 -0.0135129 0.996547 -0.081923 -12.2519 -0.661036 -0.0703758 -0.747047 58.4158 
-0.766401 0.0461121 0.640705 157.494 -0.0111708 0.996312 -0.0850678 -12.3691 -0.642265 -0.0723533 -0.76306 57.4441 
-0.781892 0.0455121 0.62175 158.322 -0.00775597 0.996544 -0.0827007 -12.4855 -0.623365 -0.0694853 -0.778837 56.4475 
-0.796784 0.0467466 0.602453 159.123 -0.00350574 0.996629 -0.0819687 -12.6056 -0.604254 -0.0674234 -0.793934 55.4296 
-0.811645 0.0478817 0.582185 159.894 -0.0017936 0.996426 -0.0844514 -12.7212 -0.584148 -0.0695888 -0.808658 54.4 
-0.82547 0.0497508 0.562249 160.636 -0.000330263 0.996065 -0.0886221 -12.8405 -0.564445 -0.0733406 -0.822206 53.3485 
-0.838643 0.0503298 0.542352 161.354 0.00249803 0.996067 -0.0885714 -12.9586 -0.544676 -0.0729249 -0.83547 52.2713 
-0.850602 0.0481897 0.523596 162.047 0.00357673 0.996299 -0.0858849 -13.0801 -0.525797 -0.0711811 -0.847626 51.1834 
-0.861413 0.0496289 0.505474 162.71 0.00595242 0.996133 -0.0876592 -13.1944 -0.50787 -0.072502 -0.858377 50.0905 
-0.870995 0.052504 0.488478 163.346 0.00885208 0.995789 -0.0912483 -13.3113 -0.491212 -0.0751527 -0.867792 48.9881 
-0.880137 0.0502394 0.472054 163.97 0.00704005 0.995656 -0.0928389 -13.433 -0.474668 -0.0783877 -0.876667 47.8546 
-0.888641 0.0474881 0.456138 164.568 0.00588644 0.995723 -0.0921958 -13.5589 -0.458566 -0.0792439 -0.88512 46.7281 
-0.896095 0.0456117 0.441512 165.167 0.00509694 0.995698 -0.0925188 -13.6867 -0.443832 -0.0806553 -0.892473 45.5644 
-0.90307 0.0436351 0.427272 165.749 0.00461703 0.995754 -0.0919329 -13.8141 -0.429469 -0.081049 -0.899437 44.4012 
-0.909691 0.0408611 0.41327 166.315 0.00339975 0.995847 -0.0909785 -13.9428 -0.415271 -0.0813574 -0.906052 43.2374 
-0.91554 0.0359911 0.400613 166.848 0.000986768 0.996187 -0.0872423 -14.0672 -0.402226 -0.0794785 -0.912084 42.0708 
-0.920841 0.0325128 0.388579 167.372 -0.000165325 0.996485 -0.0837687 -14.1895 -0.389937 -0.0772019 -0.9176 40.8948 
-0.925381 0.032617 0.377632 167.88 0.00232905 0.996761 -0.0803853 -14.3076 -0.379031 -0.0735075 -0.92246 39.7107 
-0.928595 0.03697 0.369249 168.365 0.0070171 0.996596 -0.0821346 -14.4202 -0.371029 -0.0736787 -0.925694 38.524 
-0.930896 0.0419707 0.362864 168.839 0.0122732 0.99641 -0.083764 -14.5346 -0.365077 -0.0735221 -0.928069 37.3362 
-0.932774 0.0455008 0.357578 169.303 0.0155032 0.996147 -0.0863155 -14.6483 -0.360128 -0.0749692 -0.929886 36.1502 
-0.934531 0.042909 0.353286 169.77 0.0135155 0.996268 -0.0852515 -14.767 -0.355626 -0.0748953 -0.931623 34.9501 
-0.936486 0.0355036 0.348903 170.242 0.00726714 0.996613 -0.0819075 -14.8799 -0.35063 -0.0741697 -0.933572 33.752 
-0.93845 0.0295471 0.344148 170.712 0.00207573 0.996799 -0.0799206 -14.9972 -0.345408 -0.0742871 -0.935508 32.5485 
-0.940285 0.0230435 0.339607 171.177 -0.00502862 0.996657 -0.0815494 -15.1085 -0.340351 -0.0783875 -0.937025 31.3463 
-0.941542 0.0207787 0.336254 171.625 -0.00809785 0.996412 -0.0842476 -15.2235 -0.336798 -0.0820456 -0.937995 30.1459 
-0.942337 0.0211191 0.333998 172.071 -0.00848439 0.996178 -0.0869273 -15.3386 -0.334558 -0.0847486 -0.938557 28.9457 
-0.94255 0.0216839 0.333359 172.515 -0.00852732 0.996004 -0.0888971 -15.4602 -0.333955 -0.0866327 -0.938599 27.741 
-0.942477 0.0241949 0.333394 172.96 -0.0065156 0.995858 -0.0906899 -15.5842 -0.334207 -0.0876454 -0.938415 26.5357 
-0.942077 0.0252546 0.334445 173.402 -0.00612357 0.9957 -0.0924365 -15.7101 -0.335341 -0.0891303 -0.937871 25.3337 
-0.941663 0.0262695 0.335531 173.849 -0.00583392 0.995525 -0.0943148 -15.8381 -0.336508 -0.0907701 -0.937296 24.1292 
-0.940927 0.0273283 0.337504 174.299 -0.00481842 0.995556 -0.0940454 -15.968 -0.338574 -0.0901161 -0.936614 22.9192 
-0.940113 0.0265443 0.339829 174.75 -0.00614389 0.995482 -0.0947545 -16.0984 -0.340808 -0.0911677 -0.935702 21.723 
-0.938738 0.0249923 0.343723 175.207 -0.00828137 0.995443 -0.0949963 -16.228 -0.344531 -0.0920232 -0.934254 20.53 
-0.93696 0.0235905 0.348639 175.667 -0.00962986 0.995596 -0.0932466 -16.351 -0.349303 -0.0907257 -0.932607 19.3367 
-0.934774 0.0215319 0.35459 176.135 -0.0114336 0.995821 -0.0906111 -16.4766 -0.355059 -0.0887551 -0.930621 18.146 
-0.93219 0.0189788 0.361472 176.617 -0.0139448 0.996 -0.0882563 -16.5965 -0.361701 -0.0873122 -0.928196 16.9645 
-0.92942 0.0206697 0.368444 177.097 -0.0129631 0.995985 -0.0885747 -16.7152 -0.368796 -0.0870992 -0.92542 15.8019 
-0.926053 0.0203779 0.376844 177.585 -0.014446 0.995895 -0.0893527 -16.8343 -0.377118 -0.0881891 -0.921957 14.6548 
-0.922157 0.0231732 0.386121 178.075 -0.0134398 0.995682 -0.0918541 -16.956 -0.386582 -0.0898933 -0.917863 13.5228 
-0.91752 0.0246863 0.396923 178.584 -0.0125674 0.995773 -0.090982 -17.0787 -0.397491 -0.0884661 -0.913331 12.3611 
-0.912465 0.0263407 0.408305 179.119 -0.0127448 0.995611 -0.0927108 -17.2015 -0.408956 -0.0897991 -0.908125 11.2148 
-0.906589 0.0282911 0.421064 179.666 -0.0125774 0.995496 -0.0939672 -17.3284 -0.421826 -0.0904856 -0.90215 10.0703 
-0.900273 0.0305617 0.434251 180.231 -0.0116037 0.995493 -0.0941171 -17.4548 -0.43517 -0.08977 -0.895862 8.92654 
-0.893858 0.0296721 0.447368 180.816 -0.0128169 0.995709 -0.09165 -17.5822 -0.448168 -0.0876559 -0.889642 7.79502 
-0.886824 0.0328542 0.460939 181.417 -0.0109773 0.99569 -0.0920894 -17.7059 -0.461978 -0.0867269 -0.882641 6.65272 
-0.879441 0.0353538 0.474693 182.028 -0.00923691 0.995783 -0.0912759 -17.8294 -0.475919 -0.0846564 -0.875405 5.52751 
-0.871588 0.0370284 0.488838 182.652 -0.00776718 0.995975 -0.0892917 -17.9536 -0.490177 -0.0816225 -0.867793 4.42466 
-0.86349 0.0390133 0.502854 183.292 -0.00533044 0.996242 -0.0864456 -18.0761 -0.504337 -0.0773254 -0.860038 3.3437 
-0.854922 0.0418737 0.517064 183.946 -0.00264254 0.996372 -0.085059 -18.1957 -0.51875 -0.0740851 -0.85171 2.27284 
-0.845321 0.0453778 0.532329 184.612 0.000717443 0.996482 -0.0838047 -18.3122 -0.534259 -0.07046 -0.842379 1.21979 
-0.834316 0.0481733 0.549177 185.293 0.00313085 0.996573 -0.082662 -18.4291 -0.551277 -0.0672469 -0.831608 0.181569 
-0.823013 0.0508764 0.56574 185.999 0.00537229 0.996633 -0.0818109 -18.5438 -0.567997 -0.0642921 -0.820515 -0.837857 
-0.811245 0.0526782 0.582329 186.725 0.00635685 0.996669 -0.0813042 -18.6576 -0.584672 -0.0622558 -0.808877 -1.84398 
-0.799155 0.0548178 0.598621 187.476 0.00730645 0.996645 -0.0815123 -18.7659 -0.601081 -0.0607671 -0.796874 -2.82778 
-0.785952 0.0573424 0.615623 188.244 0.00890421 0.996636 -0.0814643 -18.8744 -0.618223 -0.0585454 -0.783819 -3.79735 
-0.771723 0.0584882 0.633263 189.031 0.0104686 0.996795 -0.0793065 -18.9817 -0.635873 -0.0545732 -0.769862 -4.75049 
-0.756107 0.0602907 0.651665 189.836 0.0121549 0.996869 -0.0781254 -19.087 -0.654335 -0.0511502 -0.754473 -5.67488 
-0.738723 0.0636421 0.670998 190.655 0.0138416 0.996755 -0.0793005 -19.1934 -0.673867 -0.0492933 -0.737206 -6.58266 
-0.721226 0.0666492 0.689486 191.488 0.0138913 0.996552 -0.0818011 -19.2987 -0.69256 -0.0494192 -0.719665 -7.44313 
-0.702896 0.0673815 0.708094 192.343 0.0126936 0.996533 -0.0822287 -19.4084 -0.71118 -0.0488099 -0.701314 -8.28259 
-0.683205 0.067764 0.727076 193.221 0.011448 0.996556 -0.0821226 -19.5178 -0.730137 -0.047783 -0.681628 -9.10463 
-0.662743 0.0673319 0.745814 194.111 0.00919916 0.996606 -0.0817989 -19.6294 -0.748791 -0.0473508 -0.661113 -9.88699 
-0.641799 0.0677683 0.763872 195.024 0.00624368 0.996516 -0.0831619 -19.7366 -0.766847 -0.0486038 -0.639987 -10.6436 
-0.620628 0.0674067 0.781202 195.958 0.00279511 0.996482 -0.0837618 -19.845 -0.7841 -0.0498014 -0.618633 -11.3747 
-0.598759 0.0674946 0.79808 196.909 0.000941402 0.996501 -0.0835691 -19.9535 -0.800929 -0.0492864 -0.596728 -12.0795 
-0.575449 0.0675354 0.815044 197.88 0.000344848 0.996604 -0.0823363 -20.0616 -0.817837 -0.0470993 -0.573518 -12.7585 
-0.550844 0.0683367 0.831806 198.866 -0.000866947 0.996595 -0.0824491 -20.1682 -0.834608 -0.0461377 -0.548909 -13.4015 
-0.524819 0.0716308 0.848195 199.865 -8.71625e-07 0.996453 -0.0841519 -20.2706 -0.851214 -0.0441653 -0.522957 -14.0155 
-0.497603 0.072426 0.864376 200.888 -0.00119028 0.99645 -0.0841777 -20.3746 -0.867404 -0.0429159 -0.49575 -14.6036 
-0.469966 0.0713966 0.879792 201.925 -0.00363039 0.996559 -0.0828116 -20.4807 -0.882677 -0.0421126 -0.468089 -15.1467 
-0.441326 0.0697271 0.894634 202.979 -0.00593489 0.996728 -0.080612 -20.5805 -0.897327 -0.0408857 -0.439468 -15.6601 
-0.411196 0.0708955 0.908786 204.047 -0.00630608 0.996726 -0.0806091 -20.6845 -0.911525 -0.038877 -0.409402 -16.1347 
-0.379954 0.0736723 0.922067 205.135 -0.00709264 0.996562 -0.0825471 -20.7829 -0.924978 -0.0379039 -0.378125 -16.5734 
-0.348109 0.0759779 0.93437 206.235 -0.00785023 0.996439 -0.0839497 -20.8745 -0.937421 -0.0365586 -0.346273 -16.9717 
-0.315809 0.0766341 0.945723 207.344 -0.00727789 0.996508 -0.0831798 -20.9769 -0.948795 -0.0331518 -0.314149 -17.336 
-0.282721 0.0769151 0.956113 208.466 -0.00882552 0.996529 -0.0827762 -21.0763 -0.959161 -0.0318408 -0.281061 -17.6593 
-0.248551 0.0759496 0.965636 209.606 -0.0084763 0.996712 -0.0805757 -21.1789 -0.968582 -0.0282122 -0.24709 -17.9514 
-0.21381 0.0742805 0.974047 210.753 -0.0100408 0.996885 -0.0782262 -21.2779 -0.976824 -0.0265058 -0.212398 -18.1988 
-0.178718 0.0731079 0.98118 211.902 -0.0100844 0.997047 -0.076127 -21.3781 -0.983849 -0.0234998 -0.177453 -18.4057 
-0.14314 0.0729074 0.987013 213.061 -0.0103801 0.997117 -0.0751592 -21.4741 -0.989648 -0.0210036 -0.14197 -18.5745 
-0.107141 0.072485 0.991598 214.224 -0.0109021 0.997193 -0.074072 -21.5688 -0.994184 -0.0187466 -0.10605 -18.7025 
-0.0708674 0.0727249 0.994831 215.391 -0.0115793 0.997211 -0.0737239 -21.66 -0.997418 -0.016744 -0.0698277 -18.7881 
-0.0354916 0.0734985 0.996664 216.552 -0.0137608 0.997161 -0.0740253 -21.7524 -0.999275 -0.0163422 -0.0343795 -18.8222 
-0.000646394 0.0731743 0.997319 217.718 -0.0152936 0.997202 -0.0731757 -21.8438 -0.999883 -0.0152999 0.000474516 -18.8216 
0.0331023 0.072799 0.996797 218.875 -0.0177653 0.997229 -0.0722406 -21.9318 -0.999294 -0.0153171 0.0343039 -18.7752 
0.0665332 0.0735133 0.995072 220.038 -0.0197009 0.997184 -0.0723522 -22.0217 -0.99759 -0.01479 0.0677941 -18.6918 
0.09955 0.0735936 0.992307 221.2 -0.0197987 0.99721 -0.071971 -22.1105 -0.994835 -0.0124817 0.100729 -18.5718 
0.131782 0.0717204 0.988681 222.362 -0.0196483 0.997372 -0.069732 -22.1988 -0.991084 -0.0102365 0.132845 -18.4126 
0.162825 0.0707936 0.984112 223.514 -0.0192534 0.997461 -0.0685684 -22.2855 -0.986467 -0.00778283 0.163774 -18.2138 
0.193305 0.0707633 0.978583 224.665 -0.018502 0.997481 -0.0684751 -22.3733 -0.980964 -0.00486917 0.194128 -17.9854 
0.223661 0.0701476 0.972139 225.808 -0.0169065 0.997536 -0.0680905 -22.4645 -0.97452 -0.00120632 0.224296 -17.7208 
0.253887 0.0693941 0.964741 226.945 -0.0150693 0.997586 -0.067791 -22.5493 -0.967116 0.00267332 0.25432 -17.4185 
0.284106 0.0677666 0.956395 228.079 -0.0131542 0.997681 -0.0667844 -22.6355 -0.958703 0.00639325 0.284338 -17.0812 
0.314165 0.0664556 0.94704 229.203 -0.0116885 0.997742 -0.0661361 -22.7216 -0.949296 0.00970822 0.314232 -16.7084 
0.34385 0.0656082 0.93673 230.318 -0.00924081 0.997744 -0.0664896 -22.81 -0.938979 0.0142063 0.34368 -16.3026 
0.372591 0.0648201 0.925729 231.42 -0.00883964 0.99776 -0.0663061 -22.8976 -0.927954 0.0165219 0.372329 -15.8608 
0.400767 0.063022 0.91401 232.514 -0.00838086 0.997842 -0.0651277 -22.9824 -0.916141 0.0184408 0.400431 -15.3792 
0.428808 0.06188 0.901274 233.592 -0.0084735 0.997883 -0.0644816 -23.0706 -0.903356 0.0200133 0.428424 -14.8647 
0.457119 0.0629249 0.887177 234.654 -0.00761466 0.997734 -0.0668431 -23.1569 -0.889373 0.0237996 0.456562 -14.3181 
0.484835 0.0639087 0.872267 235.69 -0.00648625 0.997562 -0.0694835 -23.2423 -0.874581 0.0280303 0.484068 -13.7372 
0.511739 0.0624127 0.856871 236.716 -0.00579985 0.997586 -0.0691985 -23.331 -0.859121 0.0304418 0.510866 -13.1221 
0.5381 0.0596746 0.840766 237.718 -0.00526139 0.997709 -0.0674466 -23.4242 -0.842865 0.0318694 0.537181 -12.4819 
0.562912 0.0574111 0.82452 238.708 -0.00583097 0.997836 -0.0654982 -23.5177 -0.826496 0.032062 0.562029 -11.8021 
0.585498 0.057489 0.808633 239.674 -0.00732336 0.997817 -0.0656364 -23.6076 -0.81064 0.0325081 0.584641 -11.0886 
0.606034 0.0572776 0.793374 240.63 -0.00862855 0.997819 -0.0654466 -23.6956 -0.795392 0.0328171 0.605206 -10.3479 
0.625305 0.0558312 0.77838 241.575 -0.00945851 0.997906 -0.063979 -23.7843 -0.780323 0.032644 0.624524 -9.57564 
0.643299 0.0530873 0.763772 242.506 -0.00958599 0.998073 -0.061299 -23.8705 -0.765555 0.032112 0.642569 -8.77925 
0.660241 0.0497713 0.749403 243.43 -0.00834535 0.998226 -0.0589445 -23.9527 -0.751007 0.0326635 0.659485 -7.95412 
0.676304 0.0471441 0.735112 244.337 -0.00744872 0.998336 -0.0571725 -24.0324 -0.736585 0.0331903 0.67553 -7.11265 
0.691575 0.0449552 0.720904 245.232 -0.0058189 0.998376 -0.0566761 -24.1093 -0.722281 0.0350009 0.690714 -6.2488 
0.706284 0.0446462 0.706519 246.095 -0.00629421 0.998366 -0.0567966 -24.185 -0.7079 0.0356675 0.705411 -5.37197 
0.720694 0.0434045 0.691893 246.939 -0.0058182 0.998382 -0.0565711 -24.2604 -0.693229 0.0367449 0.71978 -4.47401 
0.73466 0.0415112 0.677164 247.767 -0.00661291 0.998517 -0.0540364 -24.3314 -0.678403 0.0352203 0.733845 -3.5556 
0.748313 0.0390797 0.662194 248.57 -0.00647254 0.998646 -0.0516215 -24.4043 -0.663314 0.0343429 0.747552 -2.62844 
0.761777 0.0375103 0.646752 249.367 -0.00632855 0.998705 -0.050469 -24.4782 -0.647808 0.0343531 0.761029 -1.671 
0.774778 0.0370824 0.631145 250.14 -0.00547413 0.998634 -0.0519542 -24.5495 -0.632209 0.036798 0.773923 -0.70268 
0.786776 0.0358534 0.616196 250.9 -0.00468045 0.998629 -0.0521293 -24.6192 -0.617221 0.0381299 0.785866 0.289742 
0.798005 0.0348463 0.601643 251.649 -0.00495001 0.998672 -0.0512762 -24.6946 -0.602631 0.0379405 0.797118 1.30666 
0.808657 0.0324412 0.587385 252.386 -0.00452246 0.998792 -0.0489371 -24.7641 -0.588263 0.0369169 0.807826 2.33901 
0.818812 0.0296928 0.573294 253.095 -0.00301799 0.99887 -0.0474245 -24.8372 -0.574054 0.0371015 0.817976 3.3832 
0.828216 0.0291904 0.559649 253.792 -0.00307221 0.998864 -0.0475528 -24.9066 -0.560401 0.0376645 0.827364 4.43875 
0.836928 0.0261661 0.546687 254.479 0.000939468 0.998786 -0.0492433 -24.978 -0.547312 0.0417266 0.835887 5.50852 
0.844945 0.0240358 0.534312 255.154 0.00193726 0.998846 -0.0479964 -25.0464 -0.534849 0.0415894 0.843924 6.59613 
0.852316 0.0209073 0.522609 255.819 0.00449332 0.998871 -0.0472888 -25.1174 -0.523007 0.0426532 0.85126 7.70338 
0.858888 0.0191492 0.511804 256.471 0.00597422 0.998858 -0.0473983 -25.1829 -0.512128 0.0437674 0.857793 8.82779 
0.864088 0.0179575 0.503021 257.116 0.00647107 0.998884 -0.0467756 -25.2493 -0.5033 0.0436733 0.863008 9.96907 
0.867693 0.0178788 0.496778 257.751 0.00522729 0.998969 -0.0450828 -25.3194 -0.497072 0.0417148 0.866706 11.1129 
0.870316 0.0171667 0.492194 258.384 0.00504156 0.999029 -0.043759 -25.3892 -0.492467 0.0405655 0.869385 12.2661 
0.872701 0.0167773 0.487967 259.011 0.00504741 0.999046 -0.0433764 -25.4586 -0.488229 0.0403175 0.871783 13.4173 
0.87496 0.0160829 0.483929 259.636 0.00524155 0.999075 -0.0426803 -25.5281 -0.484168 0.0398801 0.874066 14.5674 
0.877028 0.0140891 0.480232 260.26 0.00602017 0.999169 -0.0403083 -25.5978 -0.480401 0.0382426 0.876215 15.7262 
0.879069 0.0123141 0.476535 260.884 0.00736192 0.999196 -0.0394009 -25.6694 -0.476637 0.0381443 0.878272 16.8877 
0.881257 0.0112256 0.472504 261.501 0.00851299 0.999179 -0.0396157 -25.7338 -0.472561 0.038934 0.880437 18.058 
0.883374 0.00999838 0.468562 262.114 0.00928772 0.999203 -0.0388317 -25.7985 -0.468576 0.0386547 0.882577 19.2396 
0.885404 0.0108403 0.464695 262.727 0.00803484 0.999222 -0.0386189 -25.8666 -0.464752 0.037927 0.884628 20.4294 
0.887323 0.010455 0.46103 263.329 0.00807529 0.999237 -0.0382025 -25.9288 -0.461078 0.0376209 0.886562 21.6216 
0.889217 0.0113656 0.457345 263.929 0.00681529 0.999251 -0.0380839 -25.9915 -0.457435 0.0369817 0.888474 22.8189 
