1 2.12261e-08 -2.11895e-08 0 2.12261e-08 1 2.10703e-08 0 -2.11895e-08 2.10703e-08 1 0 
1 -0.000446271 -0.000209792 -0.0203206 0.000446562 0.999999 0.00118933 -0.0112918 0.000209219 -0.00118938 0.999999 1.36069 
0.999998 -0.00136855 -0.0011348 -0.0200931 0.00136939 0.999999 0.000707221 -0.0182432 0.00113378 -0.000708731 0.999999 2.75328 
0.999996 -0.00245418 -0.0013025 -0.0363631 0.00245308 0.999997 -0.00088123 -0.0277641 0.00130462 0.000878074 0.999999 4.12567 
0.999996 -0.00247471 -0.0015105 -0.0472149 0.0024729 0.999996 -0.00122809 -0.0399068 0.00151349 0.00122439 0.999998 5.50222 
0.999995 -0.00284646 -0.00168533 -0.0648657 0.00284555 0.999996 -0.000570746 -0.0584919 0.0016869 0.00056599 0.999998 6.87617 
0.999991 -0.00404552 -0.00156155 -0.0810319 0.00404633 0.999992 0.000489702 -0.0778634 0.00155952 -0.000495974 0.999999 8.2409 
0.999992 -0.00354659 -0.00205658 -0.0962106 0.00354836 0.999993 0.00083627 -0.0969816 0.00205356 -0.000843518 0.999998 9.60457 
0.999993 -0.00241124 -0.00278586 -0.106321 0.00240735 0.999996 -0.00141555 -0.109584 0.00278922 0.00140888 0.999995 10.987 
0.999997 0.000720803 -0.00255123 -0.136866 -0.000731255 0.999991 -0.0041149 -0.126257 0.0025482 0.0041168 0.999988 12.3463 
0.999988 0.00439567 -0.00238543 -0.161775 -0.00440841 0.999976 -0.0053786 -0.144798 0.00236168 0.00538909 0.999983 13.7136 
0.999972 0.00704694 -0.00237669 -0.18076 -0.00706063 0.999958 -0.00582006 -0.165462 0.00233553 0.00583672 0.99998 15.0873 
0.999964 0.00810417 -0.00239206 -0.198663 -0.00811612 0.999954 -0.00504742 -0.190616 0.00235101 0.0050667 0.999984 16.4748 
0.999981 0.00563271 -0.00238308 -0.201591 -0.00563813 0.999982 -0.00229021 -0.216238 0.00237009 0.00230364 0.999995 17.8726 
0.999996 0.00152429 -0.00239191 -0.212752 -0.00152553 0.999999 -0.000534843 -0.239413 0.00239105 0.000538532 0.999997 19.2608 
0.999997 -0.000499691 -0.00235909 -0.234243 0.000492356 0.999995 -0.0031266 -0.260402 0.0023606 0.00312547 0.999992 20.6371 
0.999997 -0.00126264 -0.00206972 -0.256889 0.0012513 0.999984 -0.00549011 -0.279422 0.00207658 0.00548755 0.999983 22.015 
0.999997 0.00132214 -0.00183616 -0.263247 -0.00133589 0.999971 -0.00753047 -0.301569 0.00182611 0.00753295 0.99997 23.4232 
0.999989 0.00444202 -0.0012018 -0.281889 -0.00444934 0.999971 -0.00619581 -0.318202 0.0011742 0.00620114 0.99998 24.8313 
0.999987 0.00501991 -0.00113628 -0.292544 -0.00502305 0.999983 -0.00282253 -0.343344 0.00112205 0.00282824 0.999995 26.2391 
0.999996 0.00281308 -0.000343497 -0.324802 -0.00281342 0.999995 -0.00113043 -0.363208 0.000340273 0.00113144 0.999999 27.6073 
0.999999 -0.000830044 -0.00100807 -0.339827 0.000826974 0.999995 -0.00308362 -0.38565 0.00101058 0.00308282 0.999995 28.9922 
0.999999 -0.00115609 -0.00128555 -0.359394 0.00114917 0.999985 -0.00539958 -0.413285 0.00129173 0.00539814 0.999985 30.3846 
0.999999 -0.00099462 -0.000694792 -0.378306 0.000988978 0.999966 -0.00813443 -0.439826 0.000702817 0.00813378 0.999967 31.7783 
0.999997 0.00245234 -0.000271902 -0.401976 -0.0024547 0.999955 -0.00922251 -0.4717 0.00024923 0.00922319 0.999957 33.1735 
0.999995 0.00316325 -0.000162616 -0.419033 -0.00316488 0.999928 -0.0115821 -0.498363 0.000125925 0.0115826 0.999933 34.5824 
0.999991 0.00420308 -7.92609e-05 -0.441568 -0.00420366 0.999929 -0.0111212 -0.530615 3.24699e-05 0.0111215 0.999938 35.9896 
0.999991 0.00421333 -0.000248895 -0.462882 -0.00421559 0.99994 -0.0100897 -0.56232 0.000206327 0.0100907 0.999949 37.4015 
0.999984 0.00555414 -0.00053325 -0.488564 -0.00555857 0.999946 -0.00880406 -0.594277 0.00048428 0.00880693 0.999961 38.8139 
0.999964 0.00847714 -0.000564681 -0.514435 -0.00848177 0.999925 -0.00886251 -0.620694 0.000489467 0.00886702 0.999961 40.251 
0.999942 0.0107865 -0.000374351 -0.543232 -0.0107895 0.999897 -0.00946113 -0.648644 0.000272218 0.00946466 0.999955 41.6888 
0.999912 0.0132825 -0.000421387 -0.570747 -0.0132858 0.999868 -0.00937091 -0.678459 0.000296821 0.00937572 0.999956 43.1382 
0.999898 0.0142513 -0.000674798 -0.598378 -0.0142572 0.99985 -0.00981963 -0.704317 0.000534712 0.00982829 0.999952 44.599 
0.999908 0.0134961 -0.00128001 -0.618488 -0.0135085 0.999857 -0.0102244 -0.735496 0.00114179 0.0102408 0.999947 46.0548 
0.999916 0.0127872 -0.00196752 -0.640876 -0.0128077 0.99986 -0.0107938 -0.771537 0.00182918 0.0108182 0.99994 47.5065 
0.999919 0.0123445 -0.00299243 -0.660354 -0.012376 0.999866 -0.0107592 -0.804679 0.00285917 0.0107954 0.999938 48.9549 
0.999909 0.0128456 -0.00414538 -0.68225 -0.0128864 0.999867 -0.00997451 -0.833839 0.00401666 0.0100271 0.999942 50.3966 
0.999893 0.0136656 -0.00526936 -0.710489 -0.0137208 0.99985 -0.0105948 -0.866146 0.00512374 0.0106661 0.99993 51.84 
0.999871 0.0146168 -0.00659145 -0.735595 -0.0146854 0.999837 -0.0104928 -0.900759 0.00643697 0.0105883 0.999923 53.2987 
0.999858 0.0149281 -0.00786007 -0.760286 -0.0150045 0.99984 -0.00976423 -0.938715 0.007713 0.00988082 0.999921 54.7595 
0.999869 0.0137086 -0.00858277 -0.788396 -0.0137848 0.999866 -0.00888233 -0.97607 0.00845981 0.00899953 0.999924 56.2284 
0.999877 0.0127732 -0.00907713 -0.818994 -0.0128539 0.999878 -0.00889761 -1.01247 0.00896232 0.00901323 0.999919 57.6917 
0.999901 0.0104729 -0.00944345 -0.850177 -0.0105631 0.999899 -0.00955917 -1.05026 0.00934234 0.00965801 0.99991 59.1412 
0.99991 0.0094566 -0.00956436 -0.880468 -0.0095463 0.99991 -0.00938107 -1.08833 0.00947475 0.00947157 0.99991 60.5841 
0.999925 0.00815024 -0.00914583 -0.914879 -0.00823008 0.999928 -0.0087308 -1.12766 0.00907397 0.00880545 0.99992 62.0305 
0.999937 0.00704327 -0.00877652 -0.945163 -0.00711532 0.999941 -0.00821054 -1.16413 0.00871814 0.00827251 0.999928 63.4792 
0.999951 0.00496813 -0.00852961 -0.973456 -0.00504175 0.99995 -0.00863562 -1.20274 0.00848624 0.00867825 0.999926 64.9291 
0.99996 0.00337229 -0.00827287 -1.00288 -0.00345135 0.999948 -0.00956723 -1.23811 0.00824013 0.00959544 0.99992 66.3734 
0.999963 0.00351813 -0.00787654 -1.03536 -0.00359677 0.999944 -0.00999744 -1.27205 0.00784088 0.0100254 0.999919 67.8375 
0.999965 0.00444958 -0.00705798 -1.07578 -0.00452175 0.999937 -0.0102486 -1.30528 0.00701189 0.0102802 0.999923 69.3033 
0.999949 0.00749148 -0.00675941 -1.11214 -0.0075531 0.99993 -0.00914392 -1.33591 0.00669039 0.00919455 0.999935 70.7669 
0.999926 0.0105687 -0.00600375 -1.15035 -0.0106169 0.999911 -0.00804919 -1.36676 0.0059181 0.00811238 0.99995 72.2142 
0.999879 0.0146404 -0.00527188 -1.18901 -0.0146808 0.999862 -0.00772011 -1.40286 0.00515809 0.00779661 0.999956 73.6304 
0.999808 0.0190855 -0.00447543 -1.22653 -0.0191215 0.999784 -0.00815539 -1.43993 0.00431877 0.00823944 0.999957 75.0378 
0.999745 0.0222418 -0.00399381 -1.26042 -0.022276 0.999714 -0.00874491 -1.47622 0.00379812 0.00883168 0.999954 76.4653 
0.999712 0.023722 -0.0035861 -1.28823 -0.0237533 0.999678 -0.00898348 -1.50863 0.0033718 0.00906612 0.999953 77.9119 
0.999706 0.0240086 -0.00352094 -1.30919 -0.0240386 0.999673 -0.00874317 -1.54635 0.00330983 0.00882528 0.999956 79.3485 
0.999729 0.02299 -0.00365444 -1.32951 -0.0230225 0.999693 -0.0091145 -1.58303 0.00344373 0.0091962 0.999952 80.7714 
0.999763 0.0214226 -0.00397058 -1.35706 -0.0214613 0.99972 -0.00998219 -1.61738 0.00375558 0.0100651 0.999942 82.203 
0.999771 0.0209471 -0.00444809 -1.38681 -0.0209915 0.999728 -0.010178 -1.65284 0.00423364 0.010269 0.999938 83.6246 
0.999769 0.0209131 -0.00490528 -1.41365 -0.0209625 0.999728 -0.0102423 -1.68658 0.00468971 0.0103428 0.999936 85.0533 
0.999776 0.0203968 -0.00571671 -1.44285 -0.020458 0.999732 -0.0108667 -1.71861 0.00549349 0.0109813 0.999925 86.4742 
0.999773 0.0202302 -0.00662942 -1.48083 -0.0203013 0.999735 -0.010837 -1.74644 0.00640839 0.0109692 0.999919 87.9094 
0.999782 0.019388 -0.00779454 -1.51661 -0.0194666 0.999759 -0.0101461 -1.77946 0.00759591 0.0102957 0.999918 89.3456 
0.999814 0.0170139 -0.00908042 -1.55065 -0.0170985 0.99981 -0.00933454 -1.81161 0.00891983 0.00948811 0.999915 90.7763 
0.999833 0.0147547 -0.010803 -1.57671 -0.0148525 0.999849 -0.00902711 -1.84494 0.0106681 0.0091861 0.999901 92.192 
0.999854 0.0125549 -0.011626 -1.61137 -0.0126611 0.999878 -0.00911467 -1.87659 0.0115101 0.00926057 0.999891 93.6113 
0.999868 0.0108263 -0.0121041 -1.65037 -0.0109439 0.999893 -0.00969781 -1.90752 0.0119978 0.00982904 0.99988 95.0388 
0.999876 0.00985554 -0.0123013 -1.68826 -0.0099825 0.999897 -0.010306 -1.94259 0.0121985 0.0104276 0.999871 96.4482 
0.999867 0.0101735 -0.0127595 -1.72402 -0.0103153 0.999885 -0.011105 -1.97725 0.012645 0.0112352 0.999857 97.8578 
0.99987 0.00982859 -0.0127976 -1.76189 -0.00997983 0.99988 -0.0118109 -2.01296 0.0126799 0.0119371 0.999848 99.2607 
0.999858 0.0109604 -0.0127918 -1.8032 -0.0111268 0.999854 -0.0130076 -2.04536 0.0126473 0.0131481 0.999834 100.669 
0.99985 0.0122162 -0.0123199 -1.8477 -0.012375 0.99984 -0.0129029 -2.08212 0.0121603 0.0130535 0.999841 102.053 
0.999849 0.0128115 -0.0117039 -1.89313 -0.0129448 0.999851 -0.0113949 -2.12427 0.0115562 0.0115447 0.999867 103.413 
0.99984 0.0138063 -0.0113918 -1.9354 -0.0139205 0.999853 -0.0100134 -2.16797 0.0112518 0.0101704 0.999885 104.767 
0.999855 0.0131345 -0.0108065 -1.97591 -0.0132584 0.999846 -0.0114781 -2.20737 0.0106541 0.0116197 0.999876 106.113 
0.999863 0.0130979 -0.0101451 -2.01963 -0.0132367 0.999818 -0.0137427 -2.2493 0.00996318 0.0138751 0.999854 107.456 
0.999874 0.0122892 -0.0100633 -2.05557 -0.0124393 0.99981 -0.0149951 -2.28784 0.00987707 0.0151184 0.999837 108.821 
0.999905 0.00960657 -0.00984129 -2.08642 -0.00973886 0.999862 -0.0134884 -2.32913 0.00971031 0.013583 0.999861 110.185 
0.999937 0.00693455 -0.00884331 -2.12078 -0.00703542 0.99991 -0.0114316 -2.36803 0.0087632 0.0114931 0.999896 111.541 
0.999954 0.00536358 -0.00795346 -2.14994 -0.00545041 0.999925 -0.0109418 -2.40512 0.00789414 0.0109847 0.999909 112.902 
0.999964 0.00456554 -0.00716374 -2.17869 -0.00465372 0.999913 -0.0123471 -2.44269 0.0071067 0.01238 0.999898 114.257 
0.999958 0.00655981 -0.00645716 -2.21085 -0.00665539 0.999867 -0.0149016 -2.47927 0.0063585 0.014944 0.999868 115.617 
0.999948 0.00893986 -0.00484189 -2.24899 -0.00902182 0.999812 -0.0171891 -2.51979 0.00468727 0.0172319 0.999841 116.955 
0.999925 0.0117965 -0.00337061 -2.28214 -0.0118528 0.999781 -0.017235 -2.56234 0.00316652 0.0172737 0.999846 118.324 
0.999913 0.0130957 -0.00158981 -2.31115 -0.0131185 0.999796 -0.0153663 -2.6063 0.00138821 0.0153859 0.999881 119.686 
0.999911 0.0133379 -0.000241051 -2.33913 -0.0133399 0.999822 -0.0133126 -2.64881 6.34043e-05 0.0133147 0.999911 121.053 
0.999921 0.0125642 0.000445731 -2.35602 -0.0125574 0.999838 -0.0128957 -2.68606 -0.000607725 0.0128891 0.999917 122.42 
0.999917 0.012801 0.00144386 -2.37209 -0.0127802 0.999826 -0.0135898 -2.72232 -0.00161762 0.0135703 0.999907 123.785 
0.999892 0.0145044 0.0025178 -2.38522 -0.014467 0.999793 -0.0142881 -2.75827 -0.00272456 0.0142501 0.999895 125.158 
0.999866 0.0159992 0.00358637 -2.40566 -0.0159443 0.999763 -0.0148506 -2.79054 -0.00382316 0.0147915 0.999883 126.557 
0.99985 0.0166912 0.00469001 -2.43212 -0.016613 0.99973 -0.0162422 -2.82322 -0.00495989 0.0161618 0.999857 127.948 
0.999828 0.0176136 0.00579723 -2.46097 -0.0175115 0.999699 -0.0172092 -2.86266 -0.00609864 0.0171047 0.999835 129.331 
0.999839 0.0165094 0.00703755 -2.48621 -0.0163827 0.999709 -0.0176877 -2.89869 -0.00732756 0.0175696 0.999819 130.736 
0.99984 0.0159259 0.00819452 -2.50747 -0.0157874 0.999736 -0.0166949 -2.93967 -0.00845828 0.0165629 0.999827 132.113 
0.999849 0.0146226 0.00942438 -2.52387 -0.0144704 0.999767 -0.0160109 -2.97966 -0.00965635 0.0158722 0.999827 133.486 
0.999854 0.0138962 0.00999071 -2.54299 -0.0137367 0.99978 -0.0158531 -3.01852 -0.0102089 0.0157136 0.999824 134.873 
0.999881 0.01163 0.0101669 -2.55463 -0.0114669 0.999807 -0.0159578 -3.05714 -0.0103506 0.0158394 0.999821 136.246 
0.999896 0.0102093 0.0101437 -2.57039 -0.010051 0.999829 -0.0155344 -3.09647 -0.0103006 0.0154309 0.999828 137.612 
0.999914 0.00874568 0.00980224 -2.58535 -0.00858782 0.999835 -0.0160287 -3.13712 -0.00994084 0.0159431 0.999824 138.984 
0.999931 0.00748325 0.00909512 -2.60643 -0.00733462 0.999841 -0.0162617 -3.17923 -0.00921541 0.0161939 0.999826 140.352 
0.999947 0.00611536 0.00831091 -2.62318 -0.0059867 0.999863 -0.0154138 -3.22263 -0.00840407 0.0153633 0.999847 141.723 
0.999962 0.00449437 0.00744201 -2.64039 -0.00438056 0.999874 -0.0152338 -3.26643 -0.00750959 0.0152007 0.999856 143.078 
0.999973 0.00377551 0.00633871 -2.65735 -0.00367794 0.999876 -0.0153278 -3.30789 -0.00639583 0.0153041 0.999862 144.441 
0.999979 0.00352861 0.00540942 -2.67659 -0.00344101 0.999864 -0.0161104 -3.34793 -0.00546558 0.0160915 0.999856 145.813 
0.999982 0.00367255 0.00466808 -2.69907 -0.00359402 0.999854 -0.0167117 -3.39 -0.00472882 0.0166947 0.999849 147.183 
0.999991 0.00148187 0.00402648 -2.71825 -0.00140419 0.999814 -0.019216 -3.43353 -0.00405425 0.0192102 0.999807 148.548 
0.999987 -0.00406892 0.00300039 -2.72931 0.00412681 0.999801 -0.0195344 -3.47809 -0.00292035 0.0195466 0.999805 149.905 
0.99993 -0.0116627 0.00192652 -2.73288 0.0116943 0.999783 -0.0172692 -3.52334 -0.00172474 0.0172906 0.999849 151.262 
0.999833 -0.0182685 0.00017644 -2.74305 0.0182691 0.999705 -0.0159984 -3.56616 0.000115839 0.015999 0.999872 152.618 
0.99977 -0.0214396 -0.000791342 -2.75534 0.02142 0.999579 -0.0195844 -3.6096 0.00121085 0.019563 0.999808 153.976 
0.999783 -0.0208211 -0.00040538 -2.78026 0.0208065 0.999523 -0.0228272 -3.65984 0.000880432 0.0228138 0.999739 155.333 
0.999849 -0.0173859 0.000820097 -2.81186 0.017401 0.999533 -0.0251111 -3.71338 -0.000383178 0.0251216 0.999684 156.687 
0.999848 -0.0173803 0.00168798 -2.83223 0.0174175 0.999528 -0.025305 -3.7667 -0.00124742 0.0253305 0.999678 158.055 
0.999786 -0.0206013 0.0021379 -2.83379 0.0206433 0.999546 -0.0219459 -3.81956 -0.00168486 0.0219854 0.999757 159.446 
0.99967 -0.0255667 0.0025687 -2.84242 0.0256116 0.999486 -0.0192861 -3.86978 -0.00207434 0.0193456 0.999811 160.814 
0.999561 -0.0294988 0.00261144 -2.84949 0.0295407 0.999405 -0.0178185 -3.92235 -0.0020843 0.0178879 0.999838 162.174 
0.999517 -0.0309523 0.00278317 -2.8641 0.0309975 0.999358 -0.0179783 -3.96857 -0.00222496 0.0180559 0.999835 163.535 
0.999564 -0.0292639 0.0038292 -2.88177 0.0293255 0.999423 -0.0171532 -4.01789 -0.00332506 0.0172581 0.999846 164.899 
0.99966 -0.025536 0.00521059 -2.9177 0.0256264 0.999508 -0.0180762 -4.06488 -0.00474647 0.0182036 0.999823 166.289 
0.999744 -0.0218166 0.0060454 -2.93853 0.0219362 0.99955 -0.0204732 -4.1132 -0.00559607 0.0206006 0.999772 167.662 
0.999803 -0.01874 0.00659807 -2.94977 0.0188762 0.999597 -0.0212147 -4.16233 -0.00619789 0.0213351 0.999753 169.052 
0.999832 -0.0169852 0.00695066 -2.96938 0.017122 0.999651 -0.0201119 -4.21247 -0.00660667 0.0202275 0.999774 170.454 
0.999866 -0.0149177 0.00678884 -2.98418 0.0150537 0.999678 -0.0204419 -4.26753 -0.00648175 0.0205414 0.999768 171.843 
0.999903 -0.012443 0.00629155 -3.04111 0.0125829 0.999663 -0.0227032 -4.34796 -0.00600697 0.0227802 0.999722 173.326 
0.999945 -0.00888898 0.00560418 -3.07054 0.00902936 0.999633 -0.0255354 -4.39987 -0.00537518 0.0255847 0.999658 174.759 
0.999977 -0.00391821 0.00552177 -3.09628 0.0040647 0.999634 -0.026765 -4.4612 -0.00541491 0.0267868 0.999627 176.166 
0.999982 0.000414955 0.00592332 -3.13312 -0.000262096 0.999668 -0.0257765 -4.51353 -0.00593209 0.0257746 0.99965 177.59 
0.999974 0.00327803 0.00639778 -3.15638 -0.00312367 0.999708 -0.0239828 -4.56851 -0.00647456 0.0239623 0.999692 179.028 
0.999971 0.00435196 0.00627413 -3.17142 -0.00421264 0.999748 -0.0220426 -4.61891 -0.00636852 0.0220156 0.999737 180.479 
0.999986 0.000964981 0.0052875 -3.18427 -0.000852191 0.999773 -0.0212843 -4.6619 -0.00530688 0.0212795 0.99976 181.948 
0.999993 -0.0014391 0.00338075 -3.19842 0.00151118 0.99977 -0.0214019 -4.70224 -0.00334922 0.0214069 0.999765 183.406 
0.999997 -0.00171258 0.00147555 -3.21816 0.00175016 0.999665 -0.0258259 -4.75254 -0.00143087 0.0258284 0.999665 184.83 
1 0.000133537 4.20292e-05 -3.2443 -0.000132162 0.999543 -0.0302441 -4.80596 -4.60905e-05 0.0302442 0.999543 186.264 
0.999988 0.00480239 -0.000618467 -3.27268 -0.00481924 0.999506 -0.03107 -4.86438 0.00046891 0.0310727 0.999517 187.686 
0.999968 0.0079991 -0.000749599 -3.30947 -0.00801811 0.999508 -0.0303289 -4.91878 0.000506584 0.030334 0.99954 189.142 
0.999952 0.00975887 -0.000495257 -3.34715 -0.00976868 0.999583 -0.0271802 -4.96627 0.00022976 0.0271838 0.99963 190.614 
0.999948 0.0102093 -0.000261252 -3.37796 -0.0102126 0.999627 -0.025342 -5.01824 2.38957e-06 0.0253434 0.999679 192.088 
0.999955 0.00944682 -0.000227609 -3.40852 -0.00944952 0.999653 -0.0245858 -5.06537 -4.76999e-06 0.0245869 0.999698 193.574 
0.999972 0.00750158 -0.000163214 -3.43631 -0.00750329 0.99968 -0.0241766 -5.11432 -1.82431e-05 0.0241772 0.999708 195.05 
0.999988 0.00485028 -0.000145447 -3.4579 -0.00485233 0.999701 -0.0239675 -5.16231 2.91127e-05 0.0239679 0.999713 196.51 
0.999998 0.00208363 4.7396e-05 -3.48229 -0.00208184 0.999709 -0.0240389 -5.21262 -9.75121e-05 0.0240388 0.999711 197.972 
0.999999 -0.00101395 0.000636464 -3.50706 0.00102837 0.999735 -0.0229992 -5.26772 -0.000613017 0.0229999 0.999735 199.424 
0.999985 -0.00534043 0.00113744 -3.52475 0.00536361 0.999756 -0.0214145 -5.32147 -0.00102284 0.0214203 0.99977 200.889 
0.999968 -0.00779606 0.0016519 -3.54365 0.00783003 0.999735 -0.0216365 -5.37325 -0.00148283 0.0216488 0.999765 202.36 
0.999982 -0.00563582 0.00216611 -3.56414 0.00569082 0.999639 -0.0262649 -5.42567 -0.00201735 0.0262768 0.999653 203.818 
0.999996 0.00143735 0.00257869 -3.58994 -0.00135563 0.999506 -0.0314011 -5.48622 -0.00262259 0.0313975 0.999504 205.276 
0.999939 0.0103582 0.00377418 -3.62031 -0.0102336 0.999447 -0.0316469 -5.54508 -0.00409994 0.0316064 0.999492 206.741 
0.999825 0.018084 0.00482885 -3.65214 -0.0179409 0.999441 -0.0281957 -5.60514 -0.00533609 0.0281042 0.999591 208.22 
0.999801 0.0190355 0.00589314 -3.67626 -0.0188743 0.999476 -0.0263005 -5.66021 -0.00639074 0.0261841 0.999637 209.702 
0.999838 0.0171611 0.00546083 -3.68652 -0.0170139 0.999519 -0.0259299 -5.71629 -0.00590323 0.0258329 0.999649 211.179 
0.999889 0.0142635 0.00423442 -3.69455 -0.0141477 0.999557 -0.0261967 -5.77151 -0.00460624 0.0261339 0.999648 212.658 
0.999919 0.0123601 0.0031937 -3.70461 -0.0122694 0.999561 -0.0269866 -5.83004 -0.00352589 0.0269453 0.999631 214.133 
0.999916 0.0127104 0.00244987 -3.71829 -0.0126379 0.999539 -0.027616 -5.89016 -0.00279979 0.0275827 0.999616 215.614 
0.999899 0.0140089 0.00230794 -3.73881 -0.01394 0.999524 -0.0275285 -5.95135 -0.00269252 0.0274936 0.999618 217.093 
0.999881 0.015257 0.00222433 -3.76424 -0.0151921 0.999528 -0.0266962 -6.01378 -0.00263063 0.0266593 0.999641 218.57 
0.99989 0.0147227 0.00200003 -3.78978 -0.0146625 0.999519 -0.0273387 -6.07599 -0.00240161 0.0273064 0.999624 220.047 
0.999894 0.0144454 0.00178763 -3.81474 -0.0143888 0.999493 -0.0283891 -6.13852 -0.00219686 0.0283604 0.999595 221.525 
0.999905 0.0136924 0.0013944 -3.83344 -0.0136468 0.999495 -0.0286993 -6.20242 -0.0017867 0.0286776 0.999587 223.014 
0.999901 0.0140033 0.00108785 -3.85972 -0.013966 0.999484 -0.0289168 -6.26297 -0.00149226 0.0288988 0.999581 224.518 
0.999895 0.014488 0.00086161 -3.88522 -0.0144563 0.999463 -0.0294201 -6.32386 -0.00128743 0.0294046 0.999567 226.028 
0.999892 0.0146615 0.000554398 -3.90841 -0.0146384 0.999449 -0.0297797 -6.38933 -0.000990749 0.0297685 0.999556 227.538 
0.999877 0.0157012 0.000132065 -3.93795 -0.0156899 0.999415 -0.0303891 -6.45244 -0.000609174 0.0303833 0.999538 229.05 
0.999879 0.0155577 -0.000244621 -3.96133 -0.0155578 0.999407 -0.030731 -6.51719 -0.000233668 0.0307311 0.999528 230.578 
0.999866 0.016338 -0.000507706 -3.98479 -0.0163458 0.999385 -0.0310219 -6.58216 5.16385e-07 0.0310261 0.999519 232.104 
0.999874 0.015886 -0.000455348 -4.01221 -0.0158924 0.999388 -0.0311604 -6.6512 -3.9986e-05 0.0311638 0.999514 233.622 
0.999894 0.0145784 -0.000388373 -4.03408 -0.0145834 0.999398 -0.0314954 -6.72232 -7.1055e-05 0.0314977 0.999504 235.151 
0.999906 0.0136771 -0.000132618 -4.06145 -0.0136745 0.999414 -0.0313823 -6.79249 -0.00029672 0.0313812 0.999507 236.672 
0.999923 0.0124415 0.000250391 -4.08739 -0.012428 0.999453 -0.0306419 -6.86154 -0.000631527 0.0306365 0.99953 238.202 
0.999918 0.0127794 0.000301061 -4.11009 -0.0127641 0.99945 -0.030606 -6.92876 -0.000692063 0.0305997 0.999532 239.726 
0.999912 0.0132606 0.000216776 -4.12896 -0.0132474 0.999428 -0.0311185 -6.99959 -0.000629346 0.031113 0.999516 241.256 
0.999901 0.0140374 0.000389247 -4.14677 -0.0140178 0.999392 -0.0319119 -7.07012 -0.000837012 0.0319033 0.999491 242.787 
0.999879 0.0154951 0.0010856 -4.18358 -0.0154527 0.999376 -0.031773 -7.13361 -0.00157729 0.0317525 0.999495 244.336 
0.99987 0.0159682 0.00221376 -4.22671 -0.0158937 0.999413 -0.0303552 -7.19118 -0.00269722 0.0303161 0.999537 245.894 
0.999868 0.0159895 0.00298208 -4.25948 -0.0158915 0.999412 -0.0303846 -7.25399 -0.0034662 0.0303332 0.999534 247.441 
0.999858 0.0164762 0.00341333 -4.28103 -0.0163561 0.999333 -0.0326575 -7.31617 -0.00394917 0.0325971 0.999461 248.99 
0.99985 0.0169686 0.00354339 -4.29308 -0.0168366 0.999265 -0.0344259 -7.38464 -0.00412499 0.0343611 0.999401 250.54 
0.999835 0.0178176 0.00353054 -4.30873 -0.0176869 0.999262 -0.0340937 -7.46247 -0.00413544 0.0340256 0.999412 252.083 
0.99984 0.0176133 0.00320774 -4.32834 -0.0174963 0.999288 -0.0334356 -7.53439 -0.00379441 0.0333741 0.999436 253.63 
0.999833 0.0182411 0.00121801 -4.32329 -0.0181862 0.999201 -0.0355773 -7.56025 -0.00186605 0.0355492 0.999366 255.278 
0.999827 0.0185763 0.000667037 -4.34316 -0.0185403 0.999182 -0.0359332 -7.6342 -0.00133404 0.0359146 0.999354 256.83 
0.999794 0.0202679 0.000610393 -4.36241 -0.0202325 0.99914 -0.0361816 -7.70912 -0.00134324 0.0361619 0.999345 258.387 
0.999764 0.0217406 0.000537601 -4.38468 -0.0217063 0.999093 -0.0366283 -7.78409 -0.00133348 0.036608 0.999329 259.951 
0.999745 0.0225841 0.0003749 -4.40724 -0.0225549 0.999068 -0.0368169 -7.86347 -0.00120607 0.0367991 0.999322 261.517 
0.999767 0.0215963 0.000394491 -4.42949 -0.0215669 0.999084 -0.0369719 -7.94257 -0.00119263 0.0369548 0.999316 263.072 
0.999793 0.0203441 0.000317244 -4.44976 -0.0203188 0.999123 -0.0366232 -8.02153 -0.00106207 0.0366092 0.999329 264.634 
0.999834 0.0181997 0.000355132 -4.46834 -0.0181748 0.999178 -0.0362437 -8.09957 -0.00101451 0.0362312 0.999343 266.202 
0.999855 0.0170444 -0.000115441 -4.48758 -0.0170367 0.999155 -0.037414 -8.17572 -0.000522396 0.0374106 0.9993 267.763 
0.999871 0.0160436 -0.000576541 -4.50199 -0.0160538 0.999119 -0.038768 -8.25409 -4.59847e-05 0.0387723 0.999248 269.305 
0.999894 0.0145617 -0.000388127 -4.52238 -0.014566 0.999204 -0.0371374 -8.3373 -0.000153008 0.0371392 0.99931 270.858 
0.999918 0.012823 -0.000197241 -4.54212 -0.0128218 0.999284 -0.0355986 -8.41937 -0.000259422 0.0355982 0.999366 272.412 
0.999934 0.0114776 -0.000451887 -4.56845 -0.0114864 0.999268 -0.0364983 -8.49566 3.26003e-05 0.0365011 0.999334 273.97 
0.999937 0.011247 -0.000248093 -4.58779 -0.0112483 0.999227 -0.0376621 -8.57812 -0.000175726 0.0376625 0.999291 275.537 
0.999922 0.0125194 0.000336916 -4.61642 -0.0124973 0.999187 -0.0383224 -8.65973 -0.000816459 0.0383153 0.999265 277.099 
0.999893 0.0145925 0.00113166 -4.64215 -0.0145379 0.999149 -0.0385928 -8.74455 -0.0016939 0.0385722 0.999254 278.648 
0.999864 0.0163946 0.00180846 -4.66588 -0.0163111 0.999099 -0.0391817 -8.82964 -0.00244924 0.0391469 0.999231 280.204 
0.999838 0.0177633 0.00283696 -4.69306 -0.0176371 0.999061 -0.0395809 -8.91579 -0.00353743 0.0395245 0.999212 281.752 
0.999821 0.018602 0.00355831 -4.71539 -0.0184451 0.999031 -0.039956 -9.00384 -0.00429817 0.0398832 0.999195 283.296 
0.999818 0.0186931 0.00389521 -4.74318 -0.0185184 0.998993 -0.0408742 -9.089 -0.0046554 0.0407947 0.999157 284.891 
0.999827 0.0179834 0.00467966 -4.76203 -0.0177736 0.998979 -0.0415392 -9.17535 -0.00542194 0.0414489 0.999126 286.47 
0.999841 0.0170525 0.00531335 -4.78021 -0.0168177 0.998998 -0.0414736 -9.25908 -0.0060153 0.0413776 0.999126 288.068 
0.999855 0.0159518 0.00595332 -4.80458 -0.0156962 0.999046 -0.040755 -9.3446 -0.0065978 0.0406557 0.999151 289.648 
0.99987 0.0149334 0.00608269 -4.82661 -0.0146738 0.999064 -0.0406996 -9.43186 -0.00668482 0.0406051 0.999153 291.223 
0.999879 0.0142746 0.00614813 -4.85361 -0.0139964 0.998971 -0.0431306 -9.52487 -0.00675752 0.0430394 0.999051 292.821 
0.999897 0.0129863 0.00608883 -4.87576 -0.0126952 0.998879 -0.0456116 -9.6121 -0.00667437 0.0455296 0.998941 294.404 
0.999901 0.0130413 0.00520046 -4.89183 -0.0127899 0.998872 -0.0457367 -9.70431 -0.0057911 0.0456657 0.99894 295.962 
0.999924 0.0116744 0.00402599 -4.91382 -0.011478 0.998887 -0.0457518 -9.79596 -0.00455568 0.0457022 0.998945 297.525 
0.999928 0.0115498 0.00313744 -4.94305 -0.0113913 0.998852 -0.0465294 -9.8888 -0.00367129 0.0464904 0.998912 299.131 
0.999935 0.0111085 0.00259023 -4.98145 -0.010974 0.998827 -0.0471689 -9.97601 -0.00311121 0.0471374 0.998884 300.777 
0.999939 0.0109458 0.00169149 -5.0028 -0.0108546 0.998845 -0.0468106 -10.075 -0.00220196 0.0467894 0.998902 302.394 
0.999946 0.0103555 0.000608273 -5.03227 -0.0103158 0.998857 -0.0466657 -10.1713 -0.00109087 0.046657 0.99891 303.986 
0.999952 0.00977305 -0.000428695 -5.06 -0.00978239 0.998925 -0.0453219 -10.2683 -1.47402e-05 0.0453239 0.998972 305.581 
0.999934 0.0114809 -0.00101092 -5.09349 -0.0115143 0.998962 -0.0440809 -10.3623 0.000503738 0.0440896 0.999027 307.185 
0.999931 0.0117205 -0.000384097 -5.12433 -0.011726 0.998959 -0.0440791 -10.4552 -0.000132974 0.0440806 0.999028 308.8 
0.999926 0.012198 0.000338538 -5.15068 -0.0121708 0.998937 -0.0444722 -10.5464 -0.000880692 0.0444648 0.999011 310.422 
0.999938 0.0111403 0.000528502 -5.17428 -0.0111054 0.998936 -0.0447707 -10.639 -0.00102674 0.0447621 0.998997 312.041 
0.999959 0.00901692 0.000412683 -5.19263 -0.00898857 0.998914 -0.0457274 -10.7371 -0.000824596 0.0457219 0.998954 313.655 
0.999972 0.00749302 0.000541342 -5.21453 -0.0074586 0.998832 -0.0477366 -10.8351 -0.000898442 0.0477312 0.99886 315.283 
0.999976 0.00698668 0.000162241 -5.23367 -0.00697027 0.998773 -0.0490336 -10.9293 -0.000504665 0.0490313 0.998797 316.91 
0.999969 0.0076052 -0.0022807 -5.25962 -0.00770998 0.998712 -0.0501502 -11.0307 0.00189632 0.0501663 0.998739 318.542 
0.999953 0.00860194 -0.00457288 -5.2916 -0.00881851 0.998727 -0.0496744 -11.1318 0.00413972 0.0497124 0.998755 320.192 
0.999938 0.009877 -0.00512877 -5.32787 -0.0101057 0.998859 -0.0466685 -11.2297 0.00466193 0.0467175 0.998897 321.849 
0.999953 0.00854465 -0.00460173 -5.36044 -0.00873829 0.999 -0.0438579 -11.3257 0.00422233 0.0438961 0.999027 323.499 
0.999959 0.00786252 -0.00458512 -5.39435 -0.00805355 0.999031 -0.0432597 -11.4189 0.00424051 0.0432949 0.999053 325.148 
0.999966 0.00701735 -0.00424494 -5.42653 -0.00720015 0.998974 -0.0447134 -11.5128 0.00392677 0.0447425 0.998991 326.802 
0.999973 0.00619447 -0.00388316 -5.45411 -0.00636301 0.998966 -0.0450192 -11.6065 0.00360023 0.0450427 0.998979 328.47 
0.999973 0.00655473 -0.00337202 -5.48657 -0.0067001 0.99896 -0.0450913 -11.6995 0.00307292 0.0451127 0.998977 330.139 
0.999971 0.00706128 -0.00281135 -5.51105 -0.0071819 0.998938 -0.0455146 -11.7937 0.00248693 0.0455335 0.99896 331.801 
0.999955 0.00919603 -0.00218572 -5.55832 -0.00928871 0.998848 -0.0470818 -11.8864 0.00175019 0.0471001 0.998889 333.484 
0.999944 0.0105525 -0.00104373 -5.59909 -0.0105905 0.998787 -0.0480816 -11.9851 0.00053504 0.0480899 0.998843 335.132 
0.99995 0.0100205 0.00011721 -5.63382 -0.0100041 0.998862 -0.046637 -12.0828 -0.000584445 0.0466335 0.998912 336.786 
0.999955 0.00944612 0.00045986 -5.66757 -0.00941486 0.998893 -0.0460787 -12.1832 -0.000894658 0.0460724 0.998938 338.429 
0.99996 0.00890706 0.000743635 -5.7037 -0.00886139 0.998822 -0.0477111 -12.2792 -0.00116777 0.0477027 0.998861 340.084 
0.99994 0.0108745 0.00111248 -5.73762 -0.0108085 0.99879 -0.0479856 -12.3812 -0.00163299 0.0479707 0.998847 341.72 
0.999916 0.012928 0.00106715 -5.77388 -0.0128579 0.998651 -0.0503108 -12.4845 -0.00171618 0.0502929 0.998733 343.374 
0.999885 0.0151403 0.000907905 -5.81423 -0.0150697 0.998446 -0.05366 -12.591 -0.00171896 0.0536402 0.998559 345.027 
0.999854 0.01705 0.000744431 -5.85396 -0.0169856 0.998419 -0.0535769 -12.6991 -0.00165678 0.0535565 0.998563 346.649 
0.999832 0.0183097 0.000153139 -5.89019 -0.0182786 0.998562 -0.0504051 -12.8079 -0.00107586 0.0503938 0.998729 348.279 
0.999804 0.0197983 -0.000523924 -5.92596 -0.0198006 0.99866 -0.0478064 -12.9136 -0.000423304 0.0478074 0.998857 349.908 
0.999786 0.0206539 -0.00134798 -5.96111 -0.0206952 0.998568 -0.049335 -13.0156 0.000327052 0.0493524 0.998781 351.527 
0.99979 0.0202619 -0.00305888 -5.9868 -0.0203914 0.998495 -0.0509212 -13.1204 0.00202247 0.0509729 0.998698 353.133 
0.999806 0.0192103 -0.00445244 -6.02831 -0.0194083 0.998571 -0.049792 -13.2248 0.00348951 0.0498688 0.99875 354.766 
0.999823 0.0181405 -0.00492039 -6.06958 -0.0183618 0.998607 -0.049466 -13.331 0.00401615 0.0495476 0.998764 356.381 
0.999821 0.0182073 -0.00516497 -6.112 -0.0184457 0.998546 -0.0506463 -13.4351 0.00423529 0.0507325 0.998703 358.016 
0.999827 0.0178728 -0.00507575 -6.1544 -0.0181118 0.998495 -0.0517692 -13.5385 0.00414281 0.0518522 0.998646 359.626 
0.99983 0.0178547 -0.00455155 -6.20126 -0.0180684 0.998468 -0.0522979 -13.6427 0.00361077 0.0523713 0.998621 361.252 
0.999831 0.017929 -0.00401849 -6.24358 -0.0181161 0.998442 -0.0527763 -13.7508 0.00306596 0.0528403 0.998598 362.853 
0.999837 0.0176901 -0.00369924 -6.28645 -0.0178629 0.998405 -0.0535603 -13.8607 0.00274581 0.0536177 0.998558 364.47 
0.999836 0.0177407 -0.00370772 -6.32088 -0.0179164 0.998354 -0.0544798 -13.9742 0.00273506 0.0545373 0.998508 366.095 
0.999844 0.0173431 -0.00342568 -6.35613 -0.0175041 0.99836 -0.0545046 -14.0855 0.00247474 0.0545561 0.998508 367.72 
0.999835 0.0177956 -0.00359649 -6.38248 -0.0179675 0.998303 -0.0553886 -14.2021 0.00260468 0.0554441 0.998458 369.339 
0.999856 0.0165961 -0.00361127 -6.41143 -0.0167747 0.998241 -0.0568684 -14.3168 0.00266108 0.0569208 0.998375 370.936 
0.999875 0.0154176 -0.00339123 -6.44589 -0.0155819 0.99834 -0.0554447 -14.429 0.00253074 0.0554907 0.998456 372.55 
0.999894 0.014155 -0.00343033 -6.47425 -0.0143221 0.998387 -0.0549386 -14.5399 0.0026471 0.0549819 0.998484 374.165 
0.999897 0.0139245 -0.00343245 -6.50287 -0.0140962 0.998303 -0.0564985 -14.6463 0.00263987 0.0565411 0.998397 375.783 
0.999879 0.0151595 -0.00352246 -6.52875 -0.015337 0.998227 -0.0575191 -14.7594 0.00264421 0.0575662 0.998338 377.408 
0.999854 0.0167913 -0.00326522 -6.56148 -0.0169499 0.998235 -0.056924 -14.8743 0.00230359 0.056971 0.998373 379.012 
0.999833 0.0180063 -0.00307127 -6.59262 -0.0181507 0.998249 -0.0563051 -14.9898 0.002052 0.0563515 0.998409 380.617 
0.999828 0.0183274 -0.00291153 -6.62336 -0.0184632 0.998215 -0.0568056 -15.105 0.00186519 0.0568496 0.998381 382.222 
0.999829 0.0182796 -0.00293301 -6.65547 -0.0184188 0.998151 -0.0579322 -15.2222 0.00186857 0.0579764 0.998316 383.826 
0.999823 0.0185719 -0.00310094 -6.68117 -0.0187214 0.998116 -0.0584306 -15.3408 0.00200989 0.0584783 0.998287 385.454 
0.99981 0.019281 -0.00276359 -6.70921 -0.0194104 0.99807 -0.0589904 -15.4573 0.00162082 0.0590329 0.998255 387.073 
0.999778 0.0209026 -0.00280516 -6.73548 -0.0210317 0.998037 -0.0589839 -15.5792 0.0015667 0.0590298 0.998255 388.696 
0.999742 0.0225384 -0.00282713 -6.76604 -0.0226657 0.998009 -0.0588528 -15.6985 0.00149501 0.0589017 0.998263 390.359 
0.999708 0.0240118 -0.00271876 -6.79116 -0.0241314 0.997916 -0.0598422 -15.8155 0.00127614 0.0598904 0.998204 391.998 
0.999692 0.0246626 -0.00288518 -6.81907 -0.0247921 0.997852 -0.0606299 -15.9324 0.00138366 0.0606828 0.998156 393.615 
0.999682 0.0250167 -0.00305381 -6.84776 -0.025156 0.997838 -0.0607248 -16.0543 0.00152803 0.0607824 0.99815 395.243 
0.999645 0.0264995 -0.00280837 -6.88299 -0.0266201 0.99785 -0.059885 -16.1811 0.00121536 0.0599385 0.998201 396.85 
0.99962 0.0274593 -0.00255348 -6.91799 -0.0275628 0.997835 -0.0597172 -16.3039 0.000908118 0.0597649 0.998212 398.468 
0.999605 0.0280133 -0.00247904 -6.94962 -0.0281118 0.997787 -0.0602638 -16.4263 0.000785319 0.0603097 0.998179 400.102 
0.99959 0.0285327 -0.00228849 -6.98431 -0.0286187 0.997779 -0.0601515 -16.5492 0.00056708 0.0601924 0.998187 401.729 
0.999587 0.0286702 -0.00208324 -7.01752 -0.0287434 0.997804 -0.0596711 -16.674 0.000367846 0.0597064 0.998216 403.37 
0.999596 0.0283769 -0.00189482 -7.04819 -0.0284395 0.997757 -0.0605983 -16.8004 0.00017094 0.0606277 0.99816 404.991 
0.9996 0.0282249 -0.0016927 -7.07912 -0.0282755 0.997696 -0.0616746 -16.9247 -5.19977e-05 0.0616978 0.998095 406.625 
0.999608 0.0279563 -0.00151094 -7.11557 -0.0279962 0.997693 -0.0618477 -17.0535 -0.000221622 0.0618658 0.998084 408.282 
0.999623 0.027415 -0.00134088 -7.14796 -0.0274459 0.997789 -0.0605299 -17.1791 -0.000321558 0.0605439 0.998166 409.938 
0.999671 0.0256122 -0.00133552 -7.18247 -0.0256463 0.997912 -0.059273 -17.3013 -0.000185424 0.0592878 0.998241 411.614 
0.999718 0.0237257 -0.00122951 -7.21672 -0.0237567 0.997904 -0.0602008 -17.4232 -0.00020142 0.0602131 0.998186 413.283 
0.999759 0.0218834 -0.00162019 -7.24517 -0.0219414 0.997887 -0.0611512 -17.5435 0.000278527 0.0611721 0.998127 414.956 
