1 2.12261e-08 -2.11895e-08 0 2.12261e-08 1 2.10703e-08 0 -2.11895e-08 2.10703e-08 1 0 
0.999997 -0.00174626 -0.00154639 -0.00830155 0.00174477 0.999998 -0.000990164 -0.00738584 0.00154808 0.000987505 0.999998 0.57602 
0.999994 -0.00228709 -0.00254894 -0.0233868 0.00228078 0.999994 -0.00249202 -0.0186279 0.00255458 0.00248624 0.999994 1.14745 
0.999987 -0.00268809 -0.00443295 -0.0357137 0.00267088 0.999989 -0.00389313 -0.0309881 0.00444332 0.00388128 0.999983 1.71735 
0.999968 -0.00482044 -0.00635374 -0.0475202 0.0047841 0.999972 -0.00572846 -0.0406275 0.00638113 0.00569793 0.999963 2.28655 
0.999943 -0.0071434 -0.00796173 -0.0579458 0.00708113 0.999944 -0.00782821 -0.0505448 0.00801716 0.00777143 0.999938 2.85757 
0.999921 -0.00839405 -0.00939155 -0.0730559 0.00831253 0.999928 -0.00869006 -0.0596928 0.00946378 0.00861135 0.999918 3.43999 
0.999906 -0.00847534 -0.0107891 -0.090115 0.0083881 0.999932 -0.00810949 -0.0730625 0.0108571 0.00801827 0.999909 4.03058 
0.99989 -0.0087256 -0.0119723 -0.106275 0.00862408 0.999927 -0.00850846 -0.0898684 0.0120456 0.00840432 0.999892 4.62525 
0.99988 -0.008147 -0.0132007 -0.1236 0.00799959 0.999905 -0.0111847 -0.10758 0.0132906 0.0110778 0.99985 5.22822 
0.999876 -0.00653863 -0.0143021 -0.149435 0.00632119 0.999865 -0.0151987 -0.122229 0.0143995 0.0151065 0.999782 5.83741 
0.999868 -0.00522236 -0.0153945 -0.179131 0.00492865 0.999806 -0.0190582 -0.134808 0.015491 0.0189799 0.9997 6.46238 
0.99986 -0.00352332 -0.0163694 -0.210403 0.00320981 0.999812 -0.0191421 -0.146801 0.0164337 0.0190869 0.999683 7.10094 
0.99985 -0.00116417 -0.0172601 -0.246454 0.000950908 0.999923 -0.0123613 -0.15845 0.0172731 0.0123431 0.999775 7.76 
0.999843 -0.000177697 -0.0177235 -0.279744 0.000144292 0.999998 -0.00188843 -0.173371 0.0177238 0.00188561 0.999841 8.43887 
0.999829 0.000903731 -0.0184541 -0.311198 -0.000816236 0.999988 0.00474597 -0.189885 0.0184581 -0.00473005 0.999818 9.1256 
0.999804 0.00306254 -0.0195734 -0.34456 -0.00298837 0.999988 0.00381526 -0.206005 0.0195848 -0.00375598 0.999801 9.81985 
0.999782 0.00522914 -0.0202133 -0.381002 -0.00530359 0.999979 -0.00363349 -0.211691 0.0201939 0.00373994 0.999789 10.5229 
0.99976 0.00488854 -0.0213601 -0.412033 -0.00509722 0.99994 -0.00972819 -0.213156 0.0213112 0.00983477 0.999725 11.2462 
0.999737 0.00278787 -0.0227508 -0.437842 -0.00297563 0.999962 -0.00822526 -0.215491 0.0227269 0.00829084 0.999707 11.9965 
0.999726 0.00181056 -0.023348 -0.464641 -0.00178557 0.999998 0.00108939 -0.225975 0.0233499 -0.00104736 0.999727 12.7667 
0.999712 0.00141907 -0.0239639 -0.492672 -0.00121867 0.999964 0.00837342 -0.230883 0.0239749 -0.00834176 0.999678 13.5523 
0.999694 0.000552616 -0.0247222 -0.520396 -0.000288485 0.999943 0.0106846 -0.232462 0.0247266 -0.0106741 0.999637 14.3483 
0.999682 -0.00149834 -0.0251905 -0.547508 0.00173974 0.999953 0.00956222 -0.231901 0.0251749 -0.00960296 0.999637 15.1633 
0.999693 -0.00198376 -0.0246862 -0.581058 0.0021565 0.999973 0.00697119 -0.230847 0.0246717 -0.00702224 0.999671 15.9909 
0.999706 0.000630834 -0.0242457 -0.61748 -0.000549206 0.999994 0.00337146 -0.232559 0.0242476 -0.00335711 0.9997 16.8348 
0.999721 -0.00250511 -0.0234706 -0.646479 0.00245625 0.999995 -0.00211199 -0.241501 0.0234757 0.0020538 0.999722 17.6933 
0.999726 -0.00529381 -0.0228016 -0.676649 0.00510238 0.999951 -0.00844729 -0.253705 0.0228452 0.00832867 0.999704 18.5716 
0.999757 -0.00421306 -0.0216588 -0.710985 0.00391293 0.999896 -0.0138832 -0.266629 0.021715 0.0137951 0.999669 19.4652 
0.999763 -0.00294425 -0.0215579 -0.746943 0.00262733 0.999888 -0.0147165 -0.286088 0.0215988 0.0146564 0.999659 20.3762 
0.999757 -0.00283716 -0.0218443 -0.78161 0.00253141 0.999899 -0.0140137 -0.310399 0.0218818 0.013955 0.999663 21.3083 
0.999757 -0.00135757 -0.0219976 -0.818749 0.0010188 0.999881 -0.0154058 -0.336161 0.0220158 0.0153797 0.999639 22.2511 
0.999754 0.001614 -0.022124 -0.856163 -0.00200117 0.999845 -0.0174908 -0.361707 0.0220923 0.0175308 0.999602 23.2056 
0.999731 0.00512218 -0.0226364 -0.894264 -0.00553833 0.999816 -0.0183617 -0.38607 0.0225382 0.0184822 0.999575 24.1746 
0.999717 0.00656115 -0.0228835 -0.932196 -0.00697902 0.999809 -0.0182306 -0.416619 0.0227595 0.0183852 0.999572 25.1528 
0.999699 0.00742142 -0.0234035 -0.969336 -0.00784965 0.999802 -0.0182611 -0.447333 0.0232633 0.0184393 0.999559 26.14 
0.999689 0.00742201 -0.0237993 -1.00625 -0.00785532 0.999804 -0.0181672 -0.476323 0.0236597 0.0183485 0.999552 27.1358 
0.999665 0.00812245 -0.0245608 -1.04545 -0.0085409 0.999819 -0.0169822 -0.507241 0.0244184 0.0171863 0.999554 28.1428 
0.999649 0.00867745 -0.025044 -1.08819 -0.00905434 0.999847 -0.0149769 -0.537655 0.0249102 0.0151984 0.999574 29.1618 
0.999629 0.00932257 -0.0255967 -1.1316 -0.00968003 0.999857 -0.0138784 -0.566196 0.0254636 0.014121 0.999576 30.1848 
0.999621 0.00906557 -0.0259982 -1.17319 -0.00945517 0.999844 -0.0149039 -0.59569 0.025859 0.0151441 0.999551 31.2177 
0.999596 0.0103166 -0.0265006 -1.21548 -0.010742 0.999815 -0.0159627 -0.621905 0.026331 0.016241 0.999521 32.2552 
0.99958 0.00996789 -0.0272202 -1.2589 -0.0103813 0.999832 -0.0150913 -0.649805 0.0270652 0.0153676 0.999516 33.3045 
0.999569 0.00945012 -0.0277824 -1.30407 -0.00979934 0.999874 -0.0124622 -0.677252 0.0276611 0.0127291 0.999536 34.3607 
0.999556 0.0097719 -0.0281353 -1.35276 -0.0100256 0.99991 -0.00889101 -0.702969 0.0280459 0.00916918 0.999565 35.4204 
0.999535 0.0100775 -0.0287882 -1.40088 -0.0102718 0.999925 -0.00660931 -0.727474 0.0287194 0.00690199 0.999564 36.4912 
0.999524 0.00999811 -0.0291916 -1.44943 -0.0101831 0.999929 -0.00619756 -0.751852 0.0291275 0.00649191 0.999555 37.568 
0.999515 0.00966043 -0.0296068 -1.50138 -0.00989419 0.999921 -0.00776058 -0.77212 0.0295294 0.00804979 0.999532 38.6526 
0.99949 0.0101628 -0.0302676 -1.55553 -0.0104199 0.999911 -0.0083527 -0.795681 0.03018 0.00866387 0.999507 39.7441 
0.999472 0.00985724 -0.0309458 -1.60791 -0.0100819 0.999924 -0.00711422 -0.820333 0.0308733 0.00742251 0.999496 40.8366 
0.999442 0.0100128 -0.0318791 -1.65696 -0.0101816 0.999935 -0.00513994 -0.845128 0.0318255 0.00546169 0.999479 41.935 
0.999427 0.0102532 -0.0322515 -1.71299 -0.0103454 0.999943 -0.00269681 -0.869111 0.0322219 0.00302896 0.999476 43.0223 
0.999403 0.0116392 -0.0325456 -1.77132 -0.0117406 0.999927 -0.00292701 -0.893759 0.0325091 0.00330741 0.999466 44.1023 
0.999378 0.0129445 -0.032818 -1.82882 -0.013174 0.99989 -0.00678716 -0.91864 0.0327265 0.00721532 0.999438 45.1822 
0.999363 0.0142968 -0.0327068 -1.88641 -0.0146585 0.999834 -0.0108462 -0.943657 0.0325463 0.0113188 0.999406 46.2614 
0.999367 0.0146112 -0.032439 -1.94481 -0.014978 0.999826 -0.0110929 -0.972225 0.0322712 0.0115718 0.999412 47.3436 
0.999361 0.0152364 -0.0323451 -1.99824 -0.0155189 0.999843 -0.00850425 -1.00073 0.0322104 0.00900082 0.999441 48.4351 
0.999353 0.0160518 -0.0322009 -2.05183 -0.016267 0.999847 -0.00643481 -1.02825 0.0320926 0.00695449 0.999461 49.5274 
0.999372 0.0145381 -0.0323078 -2.10014 -0.0147101 0.999879 -0.0050922 -1.05488 0.0322298 0.00556429 0.999465 50.6256 
0.99939 0.0144067 -0.0318058 -2.15566 -0.0146058 0.999875 -0.00603936 -1.08001 0.0317148 0.00650027 0.999476 51.7304 
0.999409 0.0135097 -0.0316034 -2.20551 -0.0137672 0.999874 -0.00794457 -1.10422 0.031492 0.00837501 0.999469 52.825 
0.999418 0.0135924 -0.0312834 -2.25807 -0.0139173 0.999851 -0.0101937 -1.13047 0.0311401 0.0106232 0.999459 53.9302 
0.999442 0.0124643 -0.0310048 -2.31492 -0.0128646 0.999836 -0.0127447 -1.15976 0.0308409 0.0131365 0.999438 55.033 
0.999467 0.0108894 -0.0307734 -2.36689 -0.011389 0.999805 -0.0161077 -1.19365 0.030592 0.0164496 0.999397 56.1276 
0.999489 0.00901053 -0.0306658 -2.41481 -0.00956347 0.999793 -0.0179341 -1.22542 0.0304978 0.0182182 0.999369 57.2229 
0.999502 0.00735416 -0.0306864 -2.46242 -0.00784025 0.999845 -0.0157518 -1.25848 0.0305658 0.0159846 0.999405 58.3215 
0.999511 0.00608404 -0.0306597 -2.50904 -0.0063957 0.999929 -0.0100785 -1.28666 0.0305962 0.0102698 0.999479 59.4151 
0.999517 0.00469863 -0.0307301 -2.55533 -0.00482777 0.99998 -0.0041308 -1.31257 0.03071 0.00427721 0.999519 60.5178 
0.999524 0.00283412 -0.0307088 -2.60547 -0.00294108 0.99999 -0.00343958 -1.33598 0.0306987 0.00352831 0.999522 61.6225 
0.999537 -0.000359132 -0.0304348 -2.65787 0.000163338 0.999979 -0.00643687 -1.36127 0.0304364 0.00642896 0.999516 62.7279 
0.999527 -0.00180322 -0.0307157 -2.70709 0.00150669 0.999952 -0.00967555 -1.38534 0.0307316 0.00962473 0.999481 63.8251 
0.999527 0.000227105 -0.0307628 -2.76353 -0.000650464 0.999905 -0.0137541 -1.41777 0.0307567 0.0137677 0.999432 64.9202 
0.999524 0.000445618 -0.0308453 -2.8132 -0.00100675 0.999834 -0.0181799 -1.44806 0.0308321 0.0182023 0.999359 66.0161 
0.999535 0.00348743 -0.0302989 -2.86948 -0.00406078 0.999813 -0.0188836 -1.48236 0.0302273 0.0189979 0.999363 67.124 
0.999543 0.0073236 -0.0293247 -2.92946 -0.00777446 0.999853 -0.0152916 -1.51825 0.0292084 0.0155126 0.999453 68.2314 
0.99953 0.00868735 -0.0293954 -2.98275 -0.00908103 0.999871 -0.0132871 -1.55109 0.0292761 0.0135479 0.99948 69.3384 
0.999535 0.00811424 -0.0294006 -3.03354 -0.00848897 0.999884 -0.0126449 -1.58136 0.0292946 0.0128886 0.999488 70.447 
0.999546 0.00633703 -0.0294574 -3.08325 -0.00668992 0.999907 -0.0118981 -1.6124 0.0293792 0.0120898 0.999495 71.5528 
0.999544 0.0052945 -0.0297398 -3.13585 -0.00561197 0.999928 -0.0106031 -1.64421 0.0296815 0.0107652 0.999501 72.6615 
0.99954 0.003639 -0.0301243 -3.18509 -0.00389698 0.999956 -0.00851082 -1.67353 0.0300919 0.00862434 0.99951 73.7674 
0.999516 0.00238383 -0.0310041 -3.23279 -0.00260031 0.999973 -0.00694525 -1.70092 0.0309866 0.00702255 0.999495 74.8696 
0.99949 0.00154243 -0.0319026 -3.28047 -0.00180423 0.999965 -0.00818042 -1.73178 0.0318888 0.00823385 0.999458 75.9668 
0.999466 0.00174005 -0.032645 -3.33297 -0.00213244 0.999926 -0.0119903 -1.7617 0.0326217 0.0120535 0.999395 77.0556 
0.999431 0.00221926 -0.0336432 -3.38362 -0.00269644 0.999896 -0.014146 -1.79212 0.0336083 0.0142287 0.999334 78.1416 
0.999395 0.00408668 -0.034534 -3.43887 -0.00452109 0.999912 -0.0125117 -1.82514 0.0344798 0.0126603 0.999325 79.2286 
0.999373 0.00494337 -0.0350626 -3.50222 -0.0052391 0.999951 -0.00834875 -1.85338 0.0350196 0.00852726 0.99935 80.322 
0.999345 0.00646437 -0.0355985 -3.56313 -0.00662593 0.999968 -0.00442347 -1.88051 0.0355688 0.00465649 0.999356 81.41 
0.999325 0.00736927 -0.0359917 -3.62792 -0.00751271 0.999964 -0.00385296 -1.90688 0.035962 0.0041208 0.999345 82.4875 
0.99932 0.00739235 -0.0361202 -3.69645 -0.00761223 0.999953 -0.00595499 -1.93126 0.0360744 0.00622594 0.99933 83.5602 
0.999308 0.00726372 -0.0364905 -3.75754 -0.00751739 0.999949 -0.00682037 -1.95577 0.0364391 0.00709 0.999311 84.6333 
0.999288 0.00661395 -0.037142 -3.81104 -0.00688021 0.999952 -0.00704664 -1.98394 0.0370935 0.00729721 0.999285 85.6999 
0.999259 0.00561615 -0.0380737 -3.86322 -0.0058789 0.99996 -0.00679363 -2.01268 0.038034 0.00701247 0.999252 86.7528 
0.999237 0.00437665 -0.038815 -3.91501 -0.00459352 0.999974 -0.00550105 -2.03625 0.0387899 0.00567519 0.999231 87.7848 
0.999208 0.00442688 -0.0395408 -3.96998 -0.00455047 0.999985 -0.0030374 -2.0609 0.0395268 0.00321497 0.999213 88.7973 
0.999174 0.00344354 -0.0404987 -4.02754 -0.00353759 0.999991 -0.00225178 -2.08585 0.0404906 0.00239323 0.999177 89.7892 
0.999083 0.00248989 -0.042753 -4.08373 -0.00258304 0.999994 -0.00212458 -2.10929 0.0427475 0.00223311 0.999083 90.7616 
0.998944 0.00165134 -0.0459179 -4.14494 -0.00179268 0.999994 -0.00303796 -2.13408 0.0459126 0.00311711 0.998941 91.7105 
0.99878 0.00158987 -0.0493528 -4.20797 -0.00179274 0.99999 -0.0040673 -2.15721 0.0493458 0.00415085 0.998773 92.6367 
0.99862 0.00146303 -0.0524957 -4.27109 -0.00167037 0.999991 -0.00390669 -2.1799 0.0524895 0.00398903 0.998614 93.5379 
0.998447 0.00254483 -0.0556554 -4.33689 -0.00270585 0.999992 -0.00281864 -2.20466 0.0556477 0.0029649 0.998446 94.4116 
0.998264 0.0034285 -0.058803 -4.40167 -0.0035326 0.999992 -0.00166716 -2.22971 0.0587968 0.00187203 0.998268 95.2587 
0.998078 0.00450331 -0.0617998 -4.46834 -0.0045237 0.99999 -0.000190706 -2.25041 0.0617983 0.000469946 0.998089 96.0829 
0.997902 0.00610492 -0.0644513 -4.53681 -0.00607989 0.999981 0.00058379 -2.2699 0.0644536 -0.000190664 0.997921 96.8797 
0.997724 0.00820923 -0.0669233 -4.60675 -0.00816141 0.999966 0.000987301 -2.29024 0.0669291 -0.000438822 0.997758 97.6447 
0.997517 0.010003 -0.0697135 -4.67492 -0.0100448 0.99995 -0.000249692 -2.31041 0.0697075 0.000949376 0.997567 98.3795 
0.997314 0.0113007 -0.0723748 -4.74202 -0.0116248 0.999924 -0.00405815 -2.32995 0.0723234 0.00488863 0.997369 99.0858 
0.997102 0.0138252 -0.0748085 -4.81366 -0.0144524 0.999865 -0.00784936 -2.34866 0.0746898 0.00890782 0.997167 99.759 
0.99693 0.0156304 -0.0767241 -4.88145 -0.0164833 0.999809 -0.0104956 -2.36739 0.0765454 0.0117281 0.996997 100.403 
0.996831 0.017692 -0.0775597 -4.946 -0.0186497 0.999758 -0.0116416 -2.38481 0.077335 0.0130512 0.99692 101.02 
0.996859 0.0200514 -0.0766117 -5.0082 -0.020979 0.999716 -0.0113228 -2.40353 0.0763628 0.0128945 0.996997 101.612 
0.997001 0.0238831 -0.0736179 -5.0663 -0.0246791 0.999646 -0.00992323 -2.42249 0.0733548 0.0117103 0.997237 102.182 
0.997339 0.0264887 -0.0679155 -5.11806 -0.0271334 0.999595 -0.0085887 -2.44034 0.0676605 0.0104087 0.997654 102.727 
0.997791 0.0273473 -0.0605479 -5.15401 -0.0278108 0.99959 -0.00682695 -2.45501 0.0603363 0.0084958 0.998142 103.255 
0.998338 0.0273689 -0.0507096 -5.18284 -0.0276313 0.999608 -0.00448202 -2.46817 0.050567 0.00587579 0.998703 103.76 
0.998879 0.0270311 -0.0388513 -5.20072 -0.0271868 0.999624 -0.00348508 -2.48051 0.0387425 0.00453746 0.999239 104.242 
0.99933 0.0262469 -0.0254923 -5.20749 -0.0263429 0.999647 -0.00343807 -2.49466 0.025393 0.00410735 0.999669 104.699 
0.999608 0.0260841 -0.0101994 -5.20865 -0.0261293 0.999649 -0.00432145 -2.50925 0.010083 0.0045863 0.999939 105.138 
0.999662 0.0248413 0.00766452 -5.19374 -0.0247845 0.999665 -0.00741301 -2.52377 -0.00784614 0.00722058 0.999943 105.563 
0.999289 0.0243617 0.0287928 -5.16553 -0.0240202 0.999638 -0.0121448 -2.53757 -0.0290783 0.0114446 0.999512 105.98 
0.998334 0.0223613 0.0532 -5.12787 -0.021493 0.999627 -0.0168379 -2.55288 -0.0535567 0.0156665 0.998442 106.386 
0.996558 0.0201732 0.0804115 -5.07585 -0.0186519 0.999633 -0.0196254 -2.56595 -0.080778 0.0180581 0.996569 106.783 
0.99372 0.0176148 0.110497 -5.01125 -0.0153936 0.999663 -0.0209231 -2.57942 -0.110828 0.0190908 0.993656 107.174 
0.989578 0.0155221 0.143161 -4.93326 -0.0123755 0.999663 -0.0228432 -2.59417 -0.143467 0.0208335 0.989436 107.552 
0.983782 0.013203 0.178881 -4.83892 -0.00896622 0.99966 -0.0244723 -2.60957 -0.179143 0.0224716 0.983566 107.92 
0.976015 0.0101236 0.217466 -4.72965 -0.00480714 0.999677 -0.0249622 -2.62491 -0.217649 0.0233182 0.975749 108.275 
0.966175 0.00811033 0.25776 -4.61107 -0.00150038 0.999665 -0.02583 -2.64179 -0.257883 0.0245696 0.965864 108.62 
0.953939 0.00933914 0.299854 -4.48318 -0.00130308 0.999635 -0.0269885 -2.6579 -0.299997 0.0253547 0.953603 108.955 
0.938672 0.0114894 0.344621 -4.34759 -0.00214293 0.99962 -0.0274895 -2.67389 -0.344806 0.0250651 0.938339 109.276 
0.920832 0.0117888 0.389781 -4.19341 -0.00162376 0.99965 -0.0263979 -2.68644 -0.389955 0.0236752 0.920529 109.587 
0.900409 0.0113215 0.434896 -4.02479 -0.000388832 0.999682 -0.0252193 -2.69977 -0.435043 0.0225386 0.900127 109.885 
0.87706 0.0101094 0.480275 -3.84311 0.00248229 0.99967 -0.0255752 -2.71722 -0.480375 0.0236232 0.876745 110.168 
0.851667 0.0105991 0.523976 -3.64578 0.00440921 0.999615 -0.0273871 -2.73638 -0.524065 0.0256351 0.851293 110.439 
0.823723 0.0129374 0.566845 -3.43698 0.00541994 0.999514 -0.0306884 -2.75402 -0.566967 0.028351 0.823253 110.701 
0.792553 0.0177423 0.609545 -3.21751 0.0044894 0.99938 -0.0349265 -2.77133 -0.609786 0.0304176 0.791982 110.957 
0.757949 0.0240977 0.651869 -2.98182 0.00153287 0.999249 -0.0387216 -2.78578 -0.652312 0.0303483 0.757342 111.211 
0.719834 0.0289137 0.693543 -2.72603 -2.89228e-05 0.999133 -0.0416237 -2.79628 -0.694146 0.0299421 0.719211 111.457 
0.67965 0.0291954 0.732955 -2.44743 0.00273426 0.9991 -0.0423319 -2.81235 -0.733532 0.030775 0.678958 111.685 
0.63768 0.0267434 0.769837 -2.14749 0.0072874 0.999143 -0.0407455 -2.82705 -0.770267 0.0315927 0.636939 111.895 
0.592775 0.0248724 0.804984 -1.83225 0.0094163 0.999241 -0.0378085 -2.83874 -0.805313 0.0299919 0.592091 112.097 
0.545425 0.0234803 0.837831 -1.50187 0.0109565 0.999322 -0.0351387 -2.85069 -0.838088 0.0283452 0.544798 112.286 
0.496512 0.0210613 0.867774 -1.15612 0.0133701 0.999401 -0.0319058 -2.86319 -0.867927 0.0274439 0.495933 112.455 
0.444894 0.0172544 0.895417 -0.801195 0.016031 0.999501 -0.0272251 -2.88356 -0.89544 0.0264667 0.444396 112.601 
0.392472 0.0176275 0.919595 -0.431593 0.0141461 0.999582 -0.025198 -2.89743 -0.919655 0.0228982 0.392059 112.738 
0.340695 0.0226237 0.939902 -0.0547666 0.0109611 0.999547 -0.0280325 -2.91333 -0.94011 0.019853 0.340293 112.857 
0.289773 0.0278213 0.956691 0.327745 0.0108941 0.999417 -0.0323635 -2.92605 -0.957034 0.0198003 0.289301 112.95 
0.242701 0.0298913 0.96964 0.723976 0.0125344 0.999345 -0.0339443 -2.94305 -0.97002 0.0203921 0.242168 113.024 
0.201191 0.029645 0.979103 1.13784 0.0199454 0.999211 -0.0343522 -2.95875 -0.979349 0.02644 0.200441 113.078 
0.165963 0.0295947 0.985688 1.5727 0.0278118 0.999012 -0.0346775 -2.97451 -0.98574 0.033169 0.164976 113.121 
0.135567 0.0310063 0.990283 2.02443 0.0324809 0.998834 -0.0357206 -2.98512 -0.990236 0.0370078 0.134402 113.162 
0.107395 0.0296147 0.993775 2.49622 0.0307841 0.998978 -0.0330965 -3.00073 -0.99374 0.0341469 0.106373 113.207 
0.081738 0.0261966 0.99631 2.98208 0.0249997 0.999286 -0.0283258 -3.01637 -0.99634 0.0272227 0.0810248 113.251 
0.0578234 0.0222967 0.998078 3.48348 0.0204083 0.999515 -0.0235111 -3.0331 -0.998118 0.0217286 0.0573403 113.282 
0.0351264 0.0198835 0.999185 4.00161 0.0247037 0.999479 -0.0207577 -3.05397 -0.999078 0.0254127 0.0346169 113.29 
0.015016 0.02054 0.999676 4.538 0.0327465 0.999243 -0.021023 -3.07376 -0.999351 0.0330516 0.014332 113.281 
-0.00236361 0.0230122 0.999732 5.09602 0.037459 0.999036 -0.0229076 -3.09247 -0.999295 0.0373948 -0.00322334 113.272 
-0.0165874 0.0286386 0.999452 5.67116 0.0383149 0.998874 -0.0279861 -3.1042 -0.999128 0.0378297 -0.017666 113.263 
-0.0275986 0.0334921 0.999058 6.26994 0.0360363 0.998822 -0.0324886 -3.11574 -0.998969 0.0351057 -0.028773 113.26 
-0.034094 0.033341 0.998862 6.89739 0.038512 0.998745 -0.0320225 -3.13378 -0.998676 0.0373764 -0.0353352 113.246 
-0.0364837 0.030282 0.998875 7.53799 0.0450761 0.998573 -0.0286264 -3.15582 -0.998317 0.043981 -0.0377967 113.218 
-0.0359819 0.0287081 0.99894 8.19468 0.0467517 0.998541 -0.0270126 -3.17905 -0.998258 0.0457301 -0.0372716 113.201 
-0.0340693 0.0284326 0.999015 8.87004 0.0454888 0.998603 -0.0268695 -3.20331 -0.998384 0.0445286 -0.0353151 113.191 
-0.0328374 0.0289994 0.99904 9.57655 0.0421415 0.99873 -0.0276052 -3.225 -0.998572 0.0411945 -0.0340178 113.194 
-0.0317015 0.0303923 0.999035 10.2914 0.0410063 0.998736 -0.0290819 -3.24632 -0.998656 0.0400448 -0.0329077 113.188 
-0.0307243 0.0312423 0.99904 11.0191 0.040797 0.998718 -0.0299775 -3.27446 -0.998695 0.0398368 -0.0319595 113.178 
-0.0298454 0.0307609 0.999081 11.769 0.0401962 0.998755 -0.02955 -3.30398 -0.998746 0.0392773 -0.0310447 113.17 
-0.0291459 0.0295329 0.999139 12.529 0.0391719 0.998829 -0.0283811 -3.33334 -0.998807 0.0383109 -0.0302686 113.162 
-0.0287837 0.0283436 0.999184 13.3079 0.0397253 0.998841 -0.0271895 -3.36153 -0.998796 0.0389103 -0.0298763 113.155 
-0.029546 0.0262679 0.999218 14.097 0.0401503 0.998879 -0.0250717 -3.3898 -0.998757 0.0393781 -0.0305676 113.148 
-0.0308484 0.024609 0.999221 14.8895 0.0379369 0.999005 -0.0234325 -3.41878 -0.998804 0.0371845 -0.0317513 113.143 
-0.0320733 0.0235429 0.999208 15.6938 0.0369872 0.999066 -0.0223523 -3.44871 -0.998801 0.036241 -0.0329141 113.131 
-0.0332451 0.0210695 0.999225 16.5141 0.0394435 0.999027 -0.0197529 -3.47242 -0.998669 0.0387562 -0.0340438 113.115 
-0.034568 0.019622 0.99921 17.3431 0.0406743 0.999007 -0.0182108 -3.4965 -0.998574 0.0400126 -0.0353318 113.101 
-0.036547 0.0188071 0.999155 18.1787 0.0378139 0.999133 -0.0174235 -3.52688 -0.998616 0.0371452 -0.0372265 113.092 
-0.0377361 0.0236912 0.999007 19.0107 0.0348872 0.999141 -0.0223765 -3.55118 -0.998679 0.0340082 -0.0385302 113.082 
-0.0387407 0.0284792 0.998843 19.8497 0.0361775 0.998978 -0.0270798 -3.57881 -0.998594 0.0350865 -0.0397314 113.067 
-0.0401753 0.0302148 0.998736 20.6986 0.0365527 0.998918 -0.0287499 -3.60912 -0.998524 0.0353514 -0.0412363 113.053 
-0.0418836 0.0281745 0.998725 21.556 0.0331786 0.99909 -0.0267933 -3.64209 -0.998571 0.0320141 -0.0427803 113.041 
-0.0432754 0.0240702 0.998773 22.4134 0.030298 0.999282 -0.0227696 -3.67627 -0.998604 0.0292755 -0.0439736 113.029 
-0.0438049 0.0188366 0.998863 23.2732 0.0287554 0.999432 -0.0175862 -3.70799 -0.998626 0.0279524 -0.0443217 113.012 
-0.0443018 0.0132598 0.99893 24.1273 0.0250002 0.999614 -0.0121601 -3.73535 -0.998705 0.0244348 -0.0446161 112.996 
-0.0444459 0.0120626 0.998939 24.9787 0.0225719 0.999684 -0.0110673 -3.76385 -0.998757 0.0220561 -0.0447042 112.984 
-0.0434294 0.0190289 0.998875 25.8171 0.0255526 0.999513 -0.01793 -3.79594 -0.99873 0.0247452 -0.0438945 112.961 
-0.0424476 0.0302845 0.99864 26.6502 0.0278249 0.999189 -0.0291184 -3.82559 -0.998711 0.026551 -0.0432558 112.939 
-0.0418486 0.0357174 0.998485 27.4852 0.0296644 0.998965 -0.0344912 -3.85402 -0.998684 0.0281761 -0.0428648 112.919 
-0.0403198 0.030206 0.99873 28.3284 0.031479 0.999085 -0.0289458 -3.89282 -0.998691 0.0302719 -0.0412337 112.896 
-0.0392527 0.0226206 0.998973 29.1682 0.0346817 0.999172 -0.0212623 -3.92916 -0.998627 0.0338115 -0.0400047 112.871 
-0.038658 0.0198388 0.999056 30.0073 0.0362711 0.999172 -0.0184376 -3.96085 -0.998594 0.035524 -0.0393456 112.852 
-0.0388751 0.020439 0.999035 30.8318 0.0348325 0.999211 -0.0190871 -3.99534 -0.998637 0.0340568 -0.0395564 112.838 
-0.0397464 0.0213417 0.998982 31.6492 0.032095 0.999283 -0.0200712 -4.02922 -0.998694 0.0312646 -0.0404028 112.822 
-0.041615 0.0216287 0.9989 32.4629 0.0303361 0.999332 -0.0203742 -4.05913 -0.998673 0.0294549 -0.0422433 112.805 
-0.0440143 0.0215049 0.998799 33.2777 0.0300207 0.999345 -0.0201937 -4.09207 -0.99858 0.0290958 -0.0446311 112.789 
-0.0460053 0.0217911 0.998704 34.0849 0.0289979 0.99937 -0.0204698 -4.12593 -0.99852 0.0280186 -0.0466082 112.766 
-0.0479535 0.0219842 0.998608 34.8863 0.0274982 0.999408 -0.0206813 -4.15857 -0.998471 0.0264681 -0.0485297 112.742 
-0.0501799 0.0212649 0.998514 35.6942 0.0258938 0.999465 -0.0199839 -4.1882 -0.998405 0.0248526 -0.0507037 112.723 
-0.0522216 0.0201001 0.998433 36.4967 0.027243 0.999454 -0.0186957 -4.22107 -0.998264 0.026224 -0.0527406 112.697 
-0.0542056 0.0200814 0.998328 37.2851 0.0265793 0.999473 -0.0186613 -4.25593 -0.998176 0.0255233 -0.0547107 112.669 
-0.0560618 0.0212705 0.998201 38.0736 0.026517 0.999452 -0.0198078 -4.28484 -0.998075 0.0253588 -0.0565951 112.642 
-0.0571034 0.0214621 0.998138 38.8548 0.0268695 0.99944 -0.0199529 -4.31548 -0.998007 0.02568 -0.0576481 112.612 
-0.0583065 0.0202921 0.998093 39.6346 0.0287319 0.999413 -0.0186405 -4.34693 -0.997885 0.0275903 -0.0588553 112.579 
-0.0599972 0.0197183 0.998004 40.4203 0.0291431 0.999413 -0.0179941 -4.37547 -0.997773 0.0280054 -0.0605367 112.552 
-0.0613558 0.0193553 0.997928 41.1861 0.0278258 0.999457 -0.017674 -4.4051 -0.997728 0.0266837 -0.0618611 112.522 
-0.0627045 0.0184874 0.997861 41.9414 0.0259602 0.99952 -0.0168868 -4.43405 -0.997694 0.0248458 -0.0631543 112.494 
-0.0636159 0.0173339 0.997824 42.6813 0.024934 0.999565 -0.0157744 -4.46124 -0.997663 0.0238762 -0.0640204 112.466 
-0.0644324 0.0170709 0.997776 43.4005 0.0251313 0.999564 -0.0154786 -4.48965 -0.997606 0.0240781 -0.0648333 112.435 
-0.0646127 0.0195607 0.997719 44.1059 0.0253208 0.999518 -0.0179562 -4.51876 -0.997589 0.0241028 -0.0650768 112.404 
-0.0647633 0.0222868 0.997652 44.811 0.0252182 0.999468 -0.0206903 -4.54781 -0.997582 0.023819 -0.0652909 112.374 
-0.0647879 0.0239336 0.997612 45.5103 0.0231425 0.99948 -0.0224754 -4.57683 -0.997631 0.0216311 -0.065308 112.343 
-0.0647798 0.0247741 0.997592 46.206 0.0236108 0.99945 -0.023287 -4.60673 -0.99762 0.0220454 -0.0653291 112.309 
-0.0647268 0.0246245 0.997599 46.8955 0.024968 0.999423 -0.0230494 -4.6358 -0.997591 0.0234162 -0.0653043 112.274 
-0.0649146 0.024219 0.997597 47.5847 0.0256975 0.999415 -0.0225909 -4.66222 -0.99756 0.0241693 -0.065499 112.24 
-0.0652401 0.024429 0.997571 48.271 0.021985 0.999493 -0.0230383 -4.68862 -0.997627 0.0204286 -0.0657441 112.214 
-0.0649084 0.0246107 0.997588 48.9513 0.0196633 0.999533 -0.0233793 -4.71863 -0.997698 0.0180984 -0.065362 112.186 
-0.064675 0.0231751 0.997637 49.6308 0.0216562 0.999527 -0.021815 -4.7488 -0.997671 0.0201942 -0.0651463 112.151 
-0.0656701 0.0225992 0.997585 50.3107 0.0219474 0.999534 -0.0211986 -4.77494 -0.9976 0.0205023 -0.0661355 112.118 
-0.069122 0.0221075 0.997363 50.9803 0.0188387 0.999605 -0.0208515 -4.80335 -0.99743 0.0173477 -0.0695111 112.086 
-0.0742632 0.0217829 0.997001 51.6519 0.0150071 0.999673 -0.0207234 -4.83095 -0.997126 0.0134231 -0.0745658 112.054 
-0.0799034 0.0256581 0.996472 52.3193 0.0188679 0.999529 -0.0242239 -4.85713 -0.996624 0.0168658 -0.0803499 112.006 
-0.086391 0.0285953 0.995851 52.9884 0.0212363 0.999414 -0.0268553 -4.88051 -0.996035 0.0188281 -0.0869477 111.952 
-0.0938286 0.0301752 0.995131 53.6601 0.0202916 0.999391 -0.0283911 -4.90792 -0.995382 0.0175289 -0.0943838 111.902 
-0.0999973 0.0294162 0.994553 54.3375 0.0165427 0.999474 -0.0278984 -4.93572 -0.99485 0.0136629 -0.100431 111.85 
-0.10529 0.0283595 0.994037 55.0263 0.0163839 0.999507 -0.0267801 -4.96479 -0.994307 0.0134665 -0.105703 111.79 
-0.109907 0.0289355 0.993521 55.7138 0.0139145 0.999523 -0.027571 -4.99292 -0.993845 0.0107941 -0.110257 111.727 
-0.113676 0.0284024 0.993112 56.4083 0.0120596 0.999557 -0.0272063 -5.01944 -0.993445 0.00888384 -0.113969 111.662 
-0.116261 0.0254347 0.992893 57.1171 0.0128608 0.999627 -0.0241012 -5.04386 -0.993135 0.00996736 -0.116545 111.592 
-0.118042 0.0222901 0.992758 57.8318 0.0147274 0.999677 -0.0206942 -5.07136 -0.992899 0.012178 -0.118333 111.519 
-0.119413 0.0193737 0.992656 58.5533 0.0142633 0.99974 -0.0177961 -5.09942 -0.992742 0.0120334 -0.119658 111.447 
-0.120706 0.0194591 0.992498 59.2824 0.0135852 0.999747 -0.017949 -5.12113 -0.992595 0.0113167 -0.12094 111.377 
-0.120913 0.0233607 0.992388 60.0171 0.0154785 0.999646 -0.0216456 -5.1453 -0.992543 0.0127434 -0.121231 111.3 
-0.12094 0.0274328 0.992281 60.7572 0.0211628 0.999462 -0.0250519 -5.17237 -0.992434 0.0179696 -0.121455 111.216 
-0.121351 0.0322162 0.992087 61.5009 0.0283285 0.999178 -0.0289813 -5.20312 -0.992205 0.0245874 -0.122164 111.128 
-0.121899 0.0335286 0.991976 62.2444 0.029129 0.99912 -0.0301905 -5.23135 -0.992115 0.0252151 -0.122768 111.046 
-0.122204 0.0312793 0.992012 62.9976 0.0270585 0.999237 -0.0281738 -5.26333 -0.992136 0.0233995 -0.122957 110.971 
-0.122103 0.0264827 0.992164 63.7484 0.0273218 0.999355 -0.0233122 -5.29569 -0.992141 0.0242613 -0.122748 110.892 
-0.121986 0.0244486 0.992231 64.4966 0.0295139 0.999344 -0.0209953 -5.32756 -0.992093 0.0267235 -0.122627 110.809 
-0.122905 0.0240505 0.992127 65.2411 0.0295916 0.999351 -0.0205598 -5.35782 -0.991977 0.0268317 -0.123537 110.729 
-0.124579 0.0250029 0.991895 65.9832 0.028307 0.999365 -0.0216359 -5.38586 -0.991806 0.0253822 -0.125208 110.652 
-0.126696 0.0257247 0.991608 66.7219 0.0277399 0.999365 -0.0223816 -5.41628 -0.991554 0.0246714 -0.127329 110.57 
-0.12888 0.02602 0.991319 67.4638 0.0288883 0.99933 -0.0224745 -5.44512 -0.991239 0.025741 -0.129545 110.486 
-0.130562 0.0262129 0.991094 68.2054 0.0293553 0.999314 -0.0225632 -5.47494 -0.991005 0.0261479 -0.131242 110.399 
-0.132483 0.0258131 0.990849 68.9521 0.0290471 0.999333 -0.0221503 -5.50429 -0.99076 0.0258468 -0.133145 110.312 
-0.134088 0.0261646 0.990624 69.7026 0.0269336 0.999378 -0.0227501 -5.53364 -0.990603 0.0236306 -0.134709 110.226 
-0.135132 0.0278144 0.990437 70.4601 0.0272657 0.999332 -0.0243441 -5.56352 -0.990452 0.0237153 -0.1358 110.137 
-0.136048 0.0282787 0.990299 71.2236 0.026133 0.999347 -0.0249469 -5.5926 -0.990358 0.0224855 -0.136698 110.049 
-0.137244 0.0287061 0.990121 71.992 0.0263593 0.999332 -0.0253194 -5.61961 -0.990187 0.022624 -0.137908 109.959 
-0.138364 0.0272102 0.990008 72.7747 0.0268624 0.999358 -0.0237129 -5.64705 -0.990017 0.0233129 -0.139006 109.867 
-0.13953 0.0251661 0.989898 73.5596 0.0246922 0.999455 -0.0219286 -5.67349 -0.98991 0.021383 -0.140075 109.778 
-0.141221 0.0232205 0.989706 74.3473 0.0219516 0.999553 -0.0203192 -5.69995 -0.989735 0.0188562 -0.141668 109.685 
-0.143412 0.0227553 0.989401 75.1385 0.0232682 0.999537 -0.0196157 -5.72864 -0.989389 0.0202084 -0.143875 109.585 
-0.145014 0.0234147 0.989153 75.9341 0.0246231 0.999496 -0.0200497 -5.75648 -0.989123 0.0214485 -0.145517 109.48 
-0.14724 0.0248621 0.988788 76.738 0.0243397 0.999472 -0.0215062 -5.7825 -0.988801 0.0209002 -0.147768 109.379 
-0.148768 0.0285542 0.98846 77.5423 0.0259112 0.999352 -0.024969 -5.81387 -0.988533 0.0218976 -0.149411 109.273 
-0.149205 0.0325965 0.988269 78.354 0.0279201 0.999197 -0.0287417 -5.84611 -0.988412 0.0233042 -0.149995 109.163 
-0.150328 0.0365249 0.987961 79.1636 0.028981 0.999051 -0.032525 -5.88139 -0.988211 0.0237427 -0.151244 109.054 
-0.149994 0.0377505 0.987966 79.9936 0.0312771 0.998952 -0.0334217 -5.91651 -0.988192 0.0258876 -0.151017 108.942 
-0.149369 0.037353 0.988076 80.8284 0.0351038 0.998857 -0.0324538 -5.95353 -0.988158 0.0298377 -0.150509 108.825 
-0.149368 0.0355487 0.988143 81.6738 0.0356741 0.998897 -0.030543 -5.9927 -0.988138 0.030689 -0.150471 108.714 
-0.148796 0.0340898 0.98828 82.5184 0.0349612 0.998962 -0.0291944 -6.02905 -0.98825 0.0302074 -0.149833 108.607 
-0.147104 0.0317444 0.988612 83.3691 0.0338239 0.999062 -0.027047 -6.06639 -0.988543 0.02946 -0.148039 108.501 
-0.145531 0.0286742 0.988938 84.225 0.0343633 0.999123 -0.0239127 -6.10121 -0.988757 0.0305032 -0.146389 108.393 
-0.144007 0.0253541 0.989252 85.0828 0.035011 0.999176 -0.0205118 -6.13513 -0.988957 0.0316808 -0.144776 108.286 
-0.142526 0.0249952 0.989476 85.9406 0.0329871 0.999246 -0.0204905 -6.17305 -0.989241 0.0297196 -0.143243 108.184 
-0.141274 0.0292491 0.989538 86.7928 0.0340297 0.999116 -0.0246739 -6.20999 -0.989386 0.030188 -0.142144 108.08 
-0.139355 0.0355251 0.989605 87.6467 0.0347843 0.998915 -0.030961 -6.24538 -0.989631 0.0301082 -0.140439 107.977 
-0.138103 0.0389871 0.98965 88.5002 0.0324693 0.998866 -0.0348192 -6.28276 -0.989886 0.0273247 -0.139212 107.878 
-0.136718 0.0366586 0.989932 89.3584 0.0313151 0.998976 -0.0326687 -6.32249 -0.990115 0.0265334 -0.137725 107.779 
-0.135413 0.03417 0.9902 90.2141 0.0318336 0.999039 -0.0301216 -6.36429 -0.990278 0.0274428 -0.136371 107.675 
-0.134692 0.0326234 0.99035 91.0786 0.0328348 0.999056 -0.0284444 -6.40382 -0.990343 0.0286867 -0.135636 107.572 
-0.133944 0.0324044 0.990459 91.9483 0.0321028 0.999083 -0.0283451 -6.44341 -0.990469 0.0279998 -0.134862 107.473 
-0.133549 0.0324293 0.990512 92.8139 0.0314011 0.999101 -0.0284768 -6.48267 -0.990545 0.0273001 -0.134447 107.374 
-0.132643 0.0307271 0.990688 93.6808 0.0342115 0.999066 -0.0264064 -6.52139 -0.990573 0.0303903 -0.13357 107.267 
-0.131371 0.0301453 0.990875 94.5503 0.0371386 0.998986 -0.0254681 -6.55938 -0.990637 0.0334539 -0.132357 107.162 
-0.130381 0.0314485 0.990965 95.4104 0.039625 0.998864 -0.0264857 -6.59783 -0.990672 0.0358138 -0.131479 107.057 
-0.129157 0.0337453 0.99105 96.2738 0.0406231 0.998762 -0.0287137 -6.6341 -0.990792 0.0365509 -0.130368 106.953 
-0.128002 0.0353128 0.991145 97.1377 0.038023 0.998806 -0.0306752 -6.67049 -0.991045 0.0337599 -0.129192 106.853 
-0.127115 0.0312607 0.991395 98.0039 0.0332843 0.999075 -0.0272352 -6.70757 -0.991329 0.0295359 -0.128038 106.76 
-0.1268 0.0293762 0.991493 98.8628 0.0289478 0.999245 -0.0259038 -6.746 -0.991506 0.025417 -0.127555 106.665 
-0.127717 0.0297741 0.991364 99.7167 0.0257339 0.999312 -0.0266975 -6.787 -0.991477 0.0221019 -0.128395 106.572 
-0.128817 0.0345298 0.991067 100.559 0.0229297 0.99923 -0.0318338 -6.82531 -0.991403 0.0186241 -0.12951 106.482 
-0.129656 0.0371351 0.990863 101.398 0.0222731 0.999155 -0.0345313 -6.86451 -0.991309 0.0175924 -0.130373 106.389 
-0.13 0.0376153 0.9908 102.229 0.0231443 0.999123 -0.0348945 -6.90821 -0.991244 0.0183951 -0.130757 106.294 
-0.13033 0.0369724 0.990781 103.057 0.0241859 0.999126 -0.0341023 -6.95387 -0.991176 0.0195183 -0.131111 106.196 
-0.13087 0.0377451 0.990681 103.876 0.025371 0.999075 -0.0347134 -6.99818 -0.991075 0.0205916 -0.131707 106.099 
-0.131225 0.0409281 0.990507 104.687 0.0270249 0.998924 -0.0376955 -7.04322 -0.990984 0.0218217 -0.13219 106.003 
-0.1317 0.042341 0.990385 105.498 0.0267551 0.998875 -0.039146 -7.08806 -0.990928 0.0213423 -0.132685 105.905 
-0.132694 0.0426271 0.99024 106.305 0.0251766 0.998897 -0.039626 -7.13326 -0.990837 0.0196727 -0.133621 105.811 
-0.13481 0.0414701 0.990003 107.107 0.0235523 0.998976 -0.0386388 -7.18106 -0.990592 0.0181079 -0.135649 105.716 
-0.137869 0.0427348 0.989528 107.907 0.02371 0.998925 -0.0398371 -7.22798 -0.990167 0.0179694 -0.138734 105.621 
-0.14111 0.0454543 0.98895 108.7 0.0234716 0.998818 -0.0425587 -7.27367 -0.989716 0.0172067 -0.14201 105.523 
-0.144384 0.0469426 0.988408 109.487 0.0220099 0.998779 -0.04422 -7.31925 -0.989277 0.0153701 -0.145241 105.424 
-0.147593 0.0470647 0.987928 110.271 0.0224925 0.998769 -0.0442208 -7.36647 -0.988792 0.0156943 -0.14847 105.323 
-0.150452 0.0457912 0.987556 111.054 0.0236443 0.998808 -0.0427107 -7.41513 -0.988335 0.0169242 -0.151355 105.216 
-0.15282 0.046831 0.987144 111.831 0.0252269 0.998736 -0.0434755 -7.46204 -0.987932 0.0182587 -0.153808 105.107 
-0.154743 0.0513555 0.986619 112.602 0.0207382 0.998597 -0.0487263 -7.51271 -0.987737 0.0129206 -0.155591 105.006 
-0.156484 0.058135 0.985968 113.366 0.018555 0.998263 -0.0559151 -7.5683 -0.987506 0.00954481 -0.157291 104.903 
-0.159097 0.0613988 0.985352 114.135 0.022992 0.998024 -0.058476 -7.61538 -0.986995 0.0133518 -0.160195 104.788 
-0.161868 0.0598461 0.984996 114.907 0.0251712 0.998085 -0.0565049 -7.66361 -0.986491 0.0156472 -0.163064 104.672 
-0.165094 0.0520517 0.984903 115.68 0.0237009 0.998527 -0.0487989 -7.7204 -0.985993 0.0152868 -0.166084 104.559 
-0.167556 0.0499635 0.984596 116.446 0.0225486 0.998648 -0.0468393 -7.77689 -0.985605 0.0143531 -0.168456 104.445 
-0.169193 0.0529937 0.984157 117.205 0.0218569 0.99851 -0.0500089 -7.82635 -0.985341 0.0130494 -0.170099 104.326 
-0.17209 0.0564554 0.983462 117.958 0.0190788 0.99836 -0.0539721 -7.8758 -0.984897 0.00947525 -0.172885 104.211 
-0.174592 0.0589409 0.982875 118.701 0.0186421 0.998226 -0.05655 -7.93021 -0.984464 0.00844973 -0.175381 104.093 
-0.176272 0.0631562 0.982313 119.441 0.0226585 0.997936 -0.0600946 -7.98759 -0.984081 0.0116648 -0.177339 103.966 
-0.178174 0.0676586 0.98167 120.182 0.0228216 0.997649 -0.0646177 -8.04295 -0.983734 0.0108901 -0.179299 103.845 
-0.181137 0.0699171 0.980969 120.919 0.0220005 0.997508 -0.0670334 -8.10002 -0.983212 0.00943961 -0.182224 103.723 
-0.18334 0.067584 0.980724 121.657 0.0228499 0.997657 -0.0644793 -8.15906 -0.982784 0.0105878 -0.184455 103.595 
-0.187231 0.0642839 0.98021 122.397 0.0272139 0.997813 -0.0602401 -8.21715 -0.981939 0.0153966 -0.188571 103.462 
-0.19284 0.0629768 0.979207 123.136 0.0297521 0.997855 -0.0583168 -8.27301 -0.980779 0.0178876 -0.1943 103.327 
-0.199089 0.0617887 0.978032 123.869 0.0286839 0.99795 -0.0572082 -8.32839 -0.979562 0.0166643 -0.200453 103.192 
-0.207707 0.0622872 0.976206 124.604 0.0280644 0.997939 -0.0577026 -8.38138 -0.977789 0.0154114 -0.209027 103.056 
-0.218462 0.0629478 0.973813 125.337 0.0275488 0.997917 -0.0583257 -8.43394 -0.975457 0.0140855 -0.219741 102.91 
-0.230291 0.0640556 0.971011 126.061 0.028562 0.997846 -0.0590518 -8.48555 -0.972703 0.0141349 -0.231625 102.751 
-0.242675 0.0650604 0.967924 126.778 0.0299269 0.997776 -0.0595637 -8.53668 -0.969646 0.0145124 -0.244082 102.581 
-0.254156 0.0651523 0.964966 127.486 0.0328956 0.997734 -0.0587005 -8.59159 -0.966604 0.016824 -0.255723 102.394 
-0.265088 0.0651477 0.962021 128.189 0.0360762 0.997686 -0.0576221 -8.64683 -0.963549 0.0194312 -0.266825 102.201 
-0.275113 0.0652013 0.959198 128.885 0.0401282 0.997607 -0.0563027 -8.70089 -0.960574 0.0230012 -0.277072 102.004 
-0.283693 0.0659466 0.956645 129.578 0.045804 0.997426 -0.0551747 -8.75205 -0.957821 0.0281654 -0.285983 101.796 
-0.291234 0.0660978 0.954366 130.268 0.0509337 0.997267 -0.0535261 -8.80333 -0.955295 0.0330208 -0.293805 101.587 
-0.297736 0.0662251 0.952348 130.957 0.0510686 0.997267 -0.053383 -8.85656 -0.953281 0.0327411 -0.300305 101.384 
-0.302508 0.0643534 0.950972 131.642 0.0546744 0.997247 -0.0500927 -8.90468 -0.951577 0.0368404 -0.305194 101.172 
-0.304316 0.0618781 0.950559 132.324 0.0607172 0.997119 -0.0454707 -8.95006 -0.950634 0.0438778 -0.307196 100.952 
-0.305119 0.0606236 0.950383 132.999 0.067108 0.99686 -0.0420433 -8.99492 -0.949947 0.0509501 -0.308229 100.732 
-0.30595 0.0592433 0.950203 133.672 0.069202 0.996806 -0.039867 -9.04105 -0.949529 0.0535586 -0.309072 100.521 
-0.305374 0.0648201 0.950024 134.334 0.0716153 0.996418 -0.0449657 -9.08311 -0.949536 0.0543048 -0.308922 100.312 
-0.303934 0.0681672 0.950251 134.995 0.0713947 0.996262 -0.0486325 -9.12514 -0.950014 0.0530618 -0.307665 100.109 
-0.303172 0.0683676 0.95048 135.654 0.0731564 0.996149 -0.048318 -9.16574 -0.950124 0.054885 -0.307007 99.9081 
-0.301281 0.0668453 0.95119 136.311 0.0744995 0.996141 -0.0464072 -9.20985 -0.950621 0.0568815 -0.305098 99.7068 
-0.299327 0.0640028 0.952002 136.964 0.0764136 0.996151 -0.042945 -9.25822 -0.951086 0.0598913 -0.303066 99.5059 
-0.298094 0.0645719 0.95235 137.611 0.0771283 0.996076 -0.0433948 -9.30413 -0.951415 0.0605174 -0.301905 99.3136 
-0.295518 0.067102 0.952978 138.249 0.0782991 0.995875 -0.045842 -9.34474 -0.952123 0.0610702 -0.299553 99.1231 
-0.291052 0.0687582 0.954233 138.884 0.080084 0.995664 -0.047317 -9.38685 -0.953349 0.0626471 -0.295297 98.9346 
-0.285532 0.0679548 0.955957 139.519 0.0815439 0.995588 -0.0464159 -9.42907 -0.954894 0.0646993 -0.289813 98.7515 
-0.279998 0.066263 0.957711 140.15 0.082995 0.995551 -0.0446165 -9.47305 -0.956406 0.0669927 -0.284252 98.5737 
-0.275183 0.0644319 0.95923 140.775 0.0829878 0.99562 -0.0430686 -9.51524 -0.957803 0.0677527 -0.279325 98.4018 
-0.27092 0.0636622 0.960494 141.399 0.0832779 0.99562 -0.0425006 -9.55631 -0.958993 0.0684737 -0.275035 98.235 
-0.267111 0.0625234 0.961635 142.025 0.0842309 0.995589 -0.0413343 -9.59377 -0.959978 0.0699585 -0.271199 98.0753 
-0.263295 0.0611967 0.962773 142.641 0.0873607 0.995398 -0.0393794 -9.63055 -0.960752 0.0737401 -0.267429 97.9148 
-0.259557 0.0596933 0.963881 143.251 0.0893443 0.995292 -0.0375796 -9.66576 -0.961586 0.0763632 -0.263668 97.7573 
-0.256296 0.0582464 0.964842 143.854 0.0873736 0.995492 -0.0368872 -9.70584 -0.962641 0.0748476 -0.26023 97.6095 
-0.252818 0.0590942 0.965707 144.45 0.0842719 0.995685 -0.0388665 -9.74589 -0.963837 0.0715558 -0.256707 97.4688 
-0.248159 0.0626854 0.966689 145.043 0.085349 0.995438 -0.0426397 -9.7816 -0.964952 0.0719245 -0.252378 97.3282 
-0.242487 0.0659326 0.967912 145.624 0.0868834 0.995155 -0.0460218 -9.81709 -0.966256 0.0729357 -0.247041 97.1889 
-0.235913 0.0666595 0.969485 146.212 0.0858006 0.995177 -0.0475474 -9.85851 -0.967979 0.0719653 -0.240495 97.0609 
-0.227488 0.0649248 0.971614 146.799 0.0823528 0.995483 -0.0472382 -9.90121 -0.970292 0.069269 -0.231807 96.9415 
-0.216973 0.0631299 0.974134 147.384 0.0814652 0.995597 -0.0463757 -9.94149 -0.972772 0.0692958 -0.221161 96.831 
