1 2.12261e-08 -2.11895e-08 0 2.12261e-08 1 2.10703e-08 0 -2.11895e-08 2.10703e-08 1 0 
0.999998 0.000749566 0.00177451 -0.0236267 -0.000747698 0.999999 -0.00102937 -0.0182439 -0.00177532 0.00102808 0.999998 1.21168 
0.999995 0.00102316 0.00298517 -0.0405155 -0.00102158 0.999999 -0.000516751 -0.0395734 -0.00298574 0.000513741 0.999995 2.42973 
0.999992 0.000298126 0.00399229 -0.0549701 -0.000297426 1 -0.000165207 -0.0612073 -0.00399238 0.000164061 0.999992 3.63869 
0.99999 -9.87565e-05 0.004503 -0.0684381 9.9276e-05 1 -0.000105681 -0.0816015 -0.00450303 0.000106169 0.99999 4.84218 
0.999987 -0.000466662 0.0051466 -0.0834448 0.000466575 1 2.6423e-05 -0.104681 -0.00514666 -2.39794e-05 0.999987 6.04536 
0.999984 -0.000199679 0.00574156 -0.097515 0.000205343 1 -0.000978338 -0.126579 -0.00574141 0.000979543 0.999983 7.24701 
0.999981 -0.000605672 0.00607754 -0.105621 0.000614403 0.999999 -0.00142783 -0.145699 -0.00607671 0.00143158 0.999981 8.45131 
0.999982 -0.00112864 0.00586473 -0.115854 0.00112879 0.999999 -1.44902e-05 -0.165791 -0.00586475 2.1152e-05 0.999983 9.65369 
0.999989 -0.00168821 0.00442056 -0.127482 0.00168507 0.999998 0.000723938 -0.183962 -0.00442182 -0.000716439 0.99999 10.8727 
0.999994 -0.00277453 0.00211838 -0.149611 0.00277399 0.999996 0.000279306 -0.206289 -0.00211919 -0.000273386 0.999998 12.0823 
0.999997 -0.00254142 0.000225649 -0.176047 0.00254154 0.999997 -0.000332742 -0.225449 -0.000224845 0.000333357 1 13.2901 
0.999997 -0.00234617 -0.000989242 -0.203561 0.00234565 0.999997 -0.000565292 -0.24708 0.000990523 0.000563012 0.999999 14.4969 
0.999998 -0.000981982 -0.00164472 -0.2341 0.000980779 0.999999 -0.000757849 -0.27035 0.00164542 0.000756277 0.999998 15.7006 
0.999997 -0.00138744 -0.00210216 -0.262002 0.00138622 0.999999 -0.000601822 -0.296072 0.00210295 0.000598948 0.999998 16.9057 
0.999995 -0.00186013 -0.00259476 -0.29166 0.00185972 0.999998 -0.000175254 -0.31863 0.00259503 0.00017047 0.999997 18.1131 
0.999994 -0.00203132 -0.00294693 -0.321581 0.00203141 0.999998 1.33144e-05 -0.340179 0.00294685 -1.92585e-05 0.999996 19.3243 
0.999992 -0.00158912 -0.00374062 -0.347828 0.00158582 0.999998 -0.000895882 -0.36243 0.00374199 0.000889985 0.999993 20.5303 
0.999988 -0.00176647 -0.00453329 -0.373589 0.00175902 0.999997 -0.00165643 -0.383953 0.00453616 0.00164848 0.999988 21.7354 
0.999985 -0.00080988 -0.00550992 -0.398125 0.000803015 0.999999 -0.00125569 -0.402324 0.00551089 0.00125129 0.999984 22.954 
0.99998 -0.000895492 -0.00634626 -0.425274 0.000886069 0.999999 -0.00149422 -0.424144 0.00634754 0.00148861 0.999979 24.1685 
0.999973 -0.000895956 -0.00728412 -0.454643 0.000879662 0.999997 -0.00224562 -0.445669 0.00728606 0.0022392 0.999971 25.3782 
0.999966 -0.000482704 -0.00822623 -0.483604 0.000469814 0.999999 -0.00157385 -0.467096 0.00822694 0.00156997 0.999965 26.5875 
0.999958 -0.00185609 -0.00896498 -0.515605 0.00185836 0.999998 0.000240145 -0.488994 0.00896447 -0.000256753 0.99996 27.7961 
0.999945 -0.0023261 -0.0102767 -0.541502 0.00232991 0.999997 0.000354016 -0.510379 0.0102758 -0.000377898 0.999947 29.0092 
0.999927 -0.00309221 -0.0116851 -0.564502 0.00308708 0.999995 -0.000460784 -0.532697 0.0116865 0.00042472 0.999932 30.2296 
0.99991 -0.00359495 -0.012906 -0.593535 0.00357764 0.999993 -0.00136748 -0.554983 0.0129108 0.00132122 0.999916 31.4345 
0.999903 -0.00287713 -0.0136054 -0.632907 0.00286278 0.999995 -0.00107673 -0.580798 0.0136084 0.00103771 0.999907 32.6351 
0.999898 -0.00322038 -0.0139458 -0.677638 0.00321555 0.999995 -0.000372286 -0.605788 0.0139469 0.000327447 0.999903 33.8417 
0.999891 -0.00362536 -0.0143286 -0.722179 0.00362758 0.999993 0.000126356 -0.630203 0.014328 -0.000178277 0.999897 35.0487 
0.999877 -0.00445401 -0.0150182 -0.760249 0.00445388 0.99999 -4.5134e-05 -0.651965 0.0150182 -2.1718e-05 0.999887 36.2445 
0.999864 -0.00474687 -0.0157755 -0.797439 0.00474596 0.999989 -9.73807e-05 -0.674189 0.0157757 2.25403e-05 0.999876 37.4448 
0.999856 -0.00559097 -0.0160189 -0.833944 0.00559788 0.999984 0.000383621 -0.692517 0.0160165 -0.000473195 0.999872 38.6626 
0.999858 -0.0053465 -0.0159994 -0.875487 0.00536919 0.999985 0.00137306 -0.708976 0.0159917 -0.00145872 0.999871 39.8812 
0.999861 -0.00483956 -0.0159514 -0.920835 0.00487272 0.999986 0.00203764 -0.726489 0.0159413 -0.00211504 0.999871 41.1011 
0.999858 -0.00483581 -0.0161702 -0.977863 0.00488695 0.999983 0.00312172 -0.780353 0.0161548 -0.00320025 0.999864 42.1999 
0.999872 -0.00369283 -0.0156 -1.02803 0.00374296 0.999988 0.00318328 -0.800705 0.015588 -0.00324122 0.999873 43.4175 
0.999887 -0.00115057 -0.0149979 -1.07428 0.00122233 0.999988 0.0047737 -0.815337 0.0149922 -0.00479145 0.999876 44.6306 
0.999911 -0.00134538 -0.0132958 -1.11723 0.00144883 0.999969 0.00777051 -0.832037 0.0132849 -0.00778904 0.999881 45.8438 
0.999936 -0.00102081 -0.0112384 -1.16264 0.00114084 0.999942 0.0106754 -0.847327 0.0112268 -0.0106875 0.99988 47.0577 
0.999955 -0.00081017 -0.00941311 -1.20383 0.000941978 0.999902 0.0140021 -0.855134 0.0094008 -0.0140103 0.999858 48.2727 
0.999969 -0.00136671 -0.00782195 -1.24048 0.00148607 0.999882 0.0152689 -0.85952 0.00780012 -0.01528 0.999853 49.4866 
0.999976 -0.0030041 -0.00627696 -1.26806 0.00308959 0.999902 0.0136486 -0.858944 0.0062353 -0.0136677 0.999887 50.701 
0.999984 -0.00197679 -0.00524955 -1.2973 0.00203848 0.999929 0.0117651 -0.861165 0.00522588 -0.0117756 0.999917 51.9123 
0.999992 -0.00178305 -0.00346648 -1.35801 0.00182321 0.999931 0.0116042 -0.872932 0.0034455 -0.0116104 0.999927 53.0791 
0.999992 -0.00210664 -0.00341624 -1.38359 0.00214391 0.999938 0.0109285 -0.876498 0.00339296 -0.0109357 0.999934 54.2903 
0.999988 -0.00297179 -0.00398861 -1.41735 0.00301101 0.999947 0.00985248 -0.883355 0.00395908 -0.00986432 0.999944 55.4974 
0.999983 -0.00265686 -0.00519271 -1.45379 0.00270904 0.999946 0.0100595 -0.890863 0.00516566 -0.0100733 0.999936 56.72 
0.999976 -0.00272883 -0.00637925 -1.48705 0.00280112 0.999932 0.0113427 -0.90034 0.00634782 -0.0113603 0.999915 57.9423 
0.999969 -0.00298429 -0.00726476 -1.52376 0.00306837 0.999928 0.0115847 -0.908933 0.00722962 -0.0116066 0.999907 59.1624 
0.999966 -0.00200336 -0.00797819 -1.56051 0.00209196 0.999936 0.0111065 -0.9157 0.00795539 -0.0111227 0.999907 60.3764 
0.999964 -0.00164669 -0.00832174 -1.59671 0.00173733 0.999939 0.0108921 -0.922928 0.00830326 -0.0109061 0.999906 61.5828 
0.999965 -0.0022958 -0.008102 -1.63299 0.00237957 0.999944 0.01034 -0.931404 0.00807777 -0.0103589 0.999914 62.7961 
0.999961 -0.00321438 -0.00819905 -1.66366 0.0032916 0.99995 0.00941682 -0.941723 0.00816833 -0.0094434 0.999922 64.0166 
0.999957 -0.00356802 -0.00855603 -1.69675 0.00365965 0.999936 0.0107134 -0.951751 0.00851721 -0.0107442 0.999906 65.2212 
0.999954 -0.00378135 -0.00879472 -1.72857 0.00388912 0.999917 0.0122646 -0.961948 0.00874758 -0.0122982 0.999886 66.4306 
0.999956 -0.0029891 -0.00891672 -1.75936 0.00308122 0.999942 0.01033 -0.965156 0.00888528 -0.010357 0.999907 67.6436 
0.999962 -0.00112474 -0.00869786 -1.79913 0.00120459 0.999957 0.00917549 -0.973822 0.00868713 -0.00918557 0.99992 68.8377 
0.999965 0.00117013 -0.00826927 -1.84181 -0.0010929 0.999956 0.00933307 -0.982992 0.00827979 -0.00932366 0.999922 70.043 
0.999965 0.00309691 -0.00773626 -1.88246 -0.00302369 0.999951 0.00945246 -0.994453 0.00776511 -0.0094287 0.999925 71.2377 
0.999964 0.00486781 -0.00698547 -1.92645 -0.00479893 0.99994 0.00983827 -1.00371 0.0070329 -0.00980435 0.999927 72.4334 
0.999971 0.005281 -0.00557539 -1.96104 -0.00522177 0.99993 0.010578 -1.0132 0.00563083 -0.0105485 0.999929 73.6207 
0.999969 0.00709754 -0.0033879 -1.99418 -0.00705866 0.999911 0.0113403 -1.02229 0.00346804 -0.011316 0.99993 74.8111 
0.999984 0.00558698 -0.000672805 -2.01914 -0.00558062 0.999944 0.00904381 -1.03355 0.000723252 -0.00903987 0.999959 76.0073 
0.999993 0.00297357 0.00211961 -2.03731 -0.00298197 0.999988 0.00399139 -1.04393 -0.00210776 -0.00399764 0.99999 77.1951 
0.999981 0.00397286 0.0047345 -2.05476 -0.00398953 0.999986 0.00352539 -1.05667 -0.00472047 -0.00354417 0.999983 78.3745 
0.999967 0.00287173 0.00761944 -2.06731 -0.00292615 0.99997 0.00714634 -1.07427 -0.00759873 -0.00716836 0.999945 79.5503 
0.99993 0.00362725 0.0113045 -2.07871 -0.00372182 0.999958 0.00835899 -1.08644 -0.0112738 -0.00840043 0.999901 80.7185 
0.999863 0.00417271 0.0160266 -2.08748 -0.00427526 0.999971 0.0063723 -1.09873 -0.0159996 -0.0064399 0.999851 81.8895 
0.999786 0.00358984 0.0203533 -2.09601 -0.00365565 0.999988 0.00319947 -1.11272 -0.0203416 -0.00327315 0.999788 83.0422 
0.999703 0.00220428 0.0242832 -2.09712 -0.00220118 0.999998 -0.000152734 -1.13223 -0.0242835 9.92781e-05 0.999705 84.2039 
0.999605 0.00153335 0.0280552 -2.08824 -0.0015001 0.999998 -0.00120467 -1.15266 -0.028057 0.00116215 0.999606 85.3674 
0.999486 0.00143255 0.0320208 -2.07646 -0.00145232 0.999999 0.000595384 -1.17631 -0.0320199 -0.000641541 0.999487 86.5312 
0.999337 0.00260189 0.0363126 -2.06802 -0.00264526 0.999996 0.0011475 -1.2 -0.0363095 -0.00124276 0.99934 87.6966 
0.999171 0.00248381 0.0406393 -2.05025 -0.00245006 0.999997 -0.000879298 -1.22309 -0.0406413 0.000779042 0.999174 88.8604 
0.999021 0.00249073 0.0441654 -2.02441 -0.00235977 0.999993 -0.00301615 -1.24833 -0.0441726 0.00290902 0.99902 90.0188 
0.99888 0.00255991 0.0472414 -1.98963 -0.00240573 0.999992 -0.00331938 -1.27148 -0.0472496 0.00320205 0.998878 91.1785 
0.99875 0.00144951 0.0499587 -1.94598 -0.00134895 0.999997 -0.0020457 -1.29235 -0.0499616 0.00197579 0.998749 92.3446 
0.998629 0.000854704 0.052344 -1.8975 -0.000824686 1 -0.000594233 -1.31185 -0.0523445 0.000550292 0.998629 93.5138 
0.998504 0.000105374 0.0546761 -1.84768 -0.000164007 0.999999 0.00106867 -1.32689 -0.054676 -0.001076 0.998504 94.6899 
0.99839 -0.00155946 0.0567025 -1.79099 0.0014434 0.999997 0.0020885 -1.34543 -0.0567056 -0.00200325 0.998389 95.8631 
0.99828 -0.00246396 0.0585785 -1.72642 0.00248095 0.999997 -0.00021649 -1.36221 -0.0585778 0.000361489 0.998283 97.0501 
0.99816 -0.00381334 0.0605182 -1.67027 0.00405225 0.999985 -0.00382469 -1.38157 -0.0605027 0.00406293 0.99816 98.2265 
0.99806 -0.00302788 0.0621943 -1.61562 0.00346029 0.999971 -0.00684536 -1.40028 -0.0621718 0.00704732 0.998041 99.4076 
0.998001 -0.00280917 0.063134 -1.52449 0.00332703 0.999962 -0.00809819 -1.41294 -0.0631088 0.00829209 0.997972 100.638 
0.998017 -0.00258928 0.0628983 -1.44111 0.00308071 0.999966 -0.00771676 -1.43288 -0.0628762 0.00789527 0.99799 101.876 
0.998089 -0.0021227 0.0617635 -1.36004 0.00251557 0.999977 -0.00628321 -1.44812 -0.0617488 0.00642661 0.998071 103.131 
0.998194 -0.00274848 0.0600044 -1.276 0.00306997 0.999981 -0.00526554 -1.46408 -0.0599888 0.00544029 0.998184 104.409 
0.99833 -0.00216238 0.0577228 -1.20771 0.00243304 0.999986 -0.00461844 -1.48167 -0.0577121 0.00475121 0.998322 105.669 
0.998483 -0.00194947 0.0550361 -1.14881 0.00219264 0.999988 -0.00435753 -1.49771 -0.0550269 0.00447164 0.998475 106.917 
0.998656 -0.00131205 0.0518145 -1.09366 0.00154972 0.999989 -0.0045463 -1.51692 -0.051808 0.00462053 0.998646 108.161 
0.998861 0.00015427 0.047712 -1.04105 9.16015e-05 0.999987 -0.00515011 -1.53823 -0.0477122 0.00514865 0.998848 109.411 
0.999047 0.000391679 0.0436504 -0.999098 -0.00017993 0.999988 -0.00485384 -1.55944 -0.0436518 0.0048414 0.999035 110.658 
0.999228 0.00103382 0.0392645 -0.954828 -0.000880686 0.999992 -0.00391597 -1.58062 -0.0392683 0.00387841 0.999221 111.911 
0.999388 0.00134811 0.0349658 -0.926661 -0.00124229 0.999995 -0.00304666 -1.60648 -0.0349698 0.0030014 0.999384 113.156 
0.999536 0.00145571 0.030442 -0.903093 -0.00137844 0.999996 -0.00255785 -1.62565 -0.0304457 0.00251474 0.999533 114.41 
0.999676 0.00208149 0.0253839 -0.883135 -0.00201687 0.999995 -0.00256928 -1.64535 -0.0253892 0.00251729 0.999675 115.674 
0.999796 0.00290248 0.0199931 -0.863458 -0.00284448 0.999992 -0.00292625 -1.66249 -0.0200015 0.00286883 0.999796 116.951 
0.999879 0.00333383 0.0151796 -0.873421 -0.00328373 0.999989 -0.00332166 -1.68312 -0.0151905 0.00327145 0.999879 118.208 
0.999937 0.00433081 0.0103757 -0.881448 -0.00428864 0.999983 -0.00407918 -1.70404 -0.0103932 0.00403447 0.999938 119.478 
0.999958 0.00618522 0.00677235 -0.89613 -0.00615615 0.999972 -0.00429831 -1.72525 -0.00679878 0.00425648 0.999968 120.737 
0.999958 0.0081698 0.00424572 -0.908033 -0.00815162 0.999958 -0.00427044 -1.74709 -0.00428047 0.00423569 0.999982 122.005 
0.999952 0.00942075 0.00264569 -0.916657 -0.00940868 0.999946 -0.0045217 -1.77233 -0.00268818 0.00449663 0.999986 123.277 
0.999933 0.0115373 0.0011861 -0.934035 -0.0115318 0.999924 -0.00447786 -1.79322 -0.00123771 0.00446392 0.999989 124.544 
0.99992 0.0126876 -0.000147796 -0.953569 -0.0126881 0.999912 -0.00381689 -1.81429 9.93135e-05 0.0038185 0.999993 125.821 
0.999922 0.0124941 -0.000746864 -0.97741 -0.0124965 0.999916 -0.00335237 -1.8401 0.000704874 0.00336149 0.999994 127.088 
0.999866 0.0162732 -0.00181131 -1.00191 -0.0162759 0.999866 -0.00148852 -1.8585 0.0017868 0.00151784 0.999997 128.361 
0.999849 0.0171286 -0.0027709 -1.0291 -0.017124 0.999852 0.00163603 -1.87921 0.00279847 -0.00158829 0.999995 129.634 
0.999867 0.0158808 -0.00363842 -1.05552 -0.0158766 0.999873 0.00117824 -1.89597 0.00365663 -0.00112027 0.999993 130.918 
0.999867 0.0157369 -0.00439051 -1.08749 -0.0157387 0.999876 -0.000389215 -1.91278 0.0043838 0.000458306 0.99999 132.204 
0.999904 0.01279 -0.00536896 -1.12062 -0.0127868 0.999918 0.000629409 -1.93144 0.00537653 -0.000560655 0.999985 133.501 
0.999924 0.0102525 -0.00683505 -1.14918 -0.0102356 0.999945 0.00248503 -1.95289 0.0068601 -0.00241484 0.999974 134.802 
0.999947 0.00651215 -0.00796067 -1.1694 -0.00647783 0.99997 0.00432499 -1.97117 0.00798855 -0.00427315 0.999959 136.092 
0.999949 0.00440674 -0.00913011 -1.19423 -0.0043566 0.999975 0.00549983 -1.99055 0.00915408 -0.00545973 0.999943 137.378 
0.999956 9.57009e-05 -0.00940771 -1.22239 -5.89477e-05 0.999992 0.00390242 -2.00968 0.00940797 -0.00390165 0.999948 138.659 
0.999951 -0.00264771 -0.00959139 -1.25344 0.00267722 0.999992 0.00306116 -2.0288 0.00958316 -0.00308664 0.999949 139.944 
0.999942 -0.00408006 -0.0100064 -1.28184 0.00411074 0.999987 0.00304309 -2.04849 0.00999381 -0.00308401 0.999945 141.225 
0.999944 -0.00432785 -0.00969216 -1.31637 0.00436122 0.999985 0.00341991 -2.065 0.00967717 -0.00346195 0.999947 142.507 
0.999949 -0.00377782 -0.0094221 -1.34725 0.00382838 0.999978 0.00534899 -2.08076 0.00940164 -0.00538475 0.999941 143.796 
0.99996 -0.00148795 -0.00882164 -1.38375 0.00154746 0.999976 0.0067376 -2.09455 0.00881137 -0.00675094 0.999938 145.085 
0.999964 -0.00173737 -0.00825747 -1.42018 0.001778 0.999986 0.00491137 -2.10734 0.00824878 -0.00492583 0.999954 146.374 
0.999969 -0.00124671 -0.00783136 -1.45571 0.00127007 0.999995 0.00297362 -2.12387 0.00782757 -0.00298343 0.999965 147.662 
0.999971 -0.00145118 -0.0074358 -1.48884 0.00145526 0.999999 0.000538437 -2.14562 0.00743497 -0.0005492 0.999972 148.949 
0.999971 -0.0025743 -0.00715798 -1.52144 0.00254952 0.999991 -0.00347468 -2.17128 0.00716681 0.00345637 0.999968 150.237 
0.999973 -0.00263889 -0.00685984 -1.55553 0.00259145 0.999973 -0.00692156 -2.20265 0.00687788 0.00690364 0.999953 151.523 
0.999973 -0.00291469 -0.00679472 -1.59037 0.00286183 0.999966 -0.00778249 -2.23612 0.00681713 0.00776288 0.999947 152.812 
0.99997 -0.00334748 -0.00704702 -1.62611 0.00329543 0.999967 -0.00739118 -2.27333 0.00707149 0.00736777 0.999948 154.094 
0.999969 -0.00268972 -0.00734045 -1.66519 0.00263879 0.999972 -0.0069451 -2.30447 0.00735888 0.00692556 0.999949 155.385 
0.999969 -0.00194749 -0.00764319 -1.70356 0.00190242 0.999981 -0.00590569 -2.33518 0.0076545 0.00589101 0.999953 156.686 
0.999966 -0.00155704 -0.00804789 -1.73909 0.00151375 0.999984 -0.00538788 -2.36455 0.00805611 0.00537556 0.999953 157.971 
0.999956 -0.00171695 -0.00919401 -1.76934 0.00166352 0.999982 -0.00582001 -2.39467 0.00920379 0.00580451 0.999941 159.244 
0.999945 -0.00168556 -0.0103619 -1.79989 0.00162699 0.999983 -0.00566164 -2.42537 0.0103713 0.00564451 0.99993 160.542 
0.999934 -0.00238343 -0.0112808 -1.8339 0.00233209 0.999987 -0.00456595 -2.45498 0.0112915 0.00453938 0.999926 161.833 
0.999927 -0.00162308 -0.0119724 -1.87888 0.00157157 0.99999 -0.0043141 -2.48394 0.0119792 0.00429501 0.999919 163.121 
0.999922 -0.00104875 -0.0124143 -1.92339 0.000983921 0.999986 -0.00523074 -2.51495 0.0124195 0.00521816 0.999909 164.396 
0.999916 -0.000505009 -0.0129795 -1.96748 0.000422932 0.99998 -0.00632883 -2.5459 0.0129824 0.00632284 0.999896 165.667 
0.999906 0.000276554 -0.0137025 -2.01298 -0.000363357 0.99998 -0.00633582 -2.57788 0.0137005 0.00634025 0.999886 166.933 
0.999895 -0.000263141 -0.0144947 -2.05777 0.00015935 0.999974 -0.00716426 -2.61203 0.0144962 0.00716124 0.999869 168.211 
0.999882 0.000208327 -0.0153957 -2.10318 -0.000333389 0.999967 -0.00812381 -2.64629 0.0153934 0.00812803 0.999849 169.492 
0.999866 0.000512004 -0.0163568 -2.14423 -0.000639478 0.999969 -0.00779158 -2.67701 0.0163523 0.00780104 0.999836 170.785 
0.999851 0.000817644 -0.0172731 -2.18591 -0.000928657 0.999979 -0.00642229 -2.70722 0.0172675 0.00643741 0.99983 172.08 
0.99983 0.000890493 -0.0184114 -2.2294 -0.00100203 0.999981 -0.00605207 -2.73716 0.0184056 0.00606954 0.999812 173.357 
0.999807 0.00127223 -0.0196276 -2.27313 -0.00138168 0.999984 -0.00556593 -2.76692 0.0196202 0.00559202 0.999792 174.634 
0.999783 0.00161955 -0.0207833 -2.3178 -0.00173114 0.999984 -0.00535461 -2.79672 0.0207743 0.00538947 0.99977 175.923 
0.999774 0.00182582 -0.0211934 -2.37197 -0.00195842 0.999979 -0.00623963 -2.82667 0.0211815 0.00627977 0.999756 177.199 
0.999764 0.00291156 -0.0215296 -2.4301 -0.00305926 0.999972 -0.00683246 -2.85513 0.0215091 0.00689675 0.999745 178.479 
0.999756 0.00308387 -0.0218742 -2.48176 -0.00322507 0.999974 -0.00642437 -2.88638 0.0218537 0.00649339 0.99974 179.765 
0.999755 0.00286 -0.0219478 -2.53811 -0.00302593 0.999967 -0.00753254 -2.92026 0.0219255 0.00759715 0.999731 181.044 
0.999755 0.00157309 -0.0220722 -2.59024 -0.0017723 0.999958 -0.00901065 -2.95453 0.0220571 0.0090476 0.999716 182.322 
0.999744 -0.00164734 -0.022564 -2.63678 0.00144908 0.99996 -0.0088022 -2.98961 0.0225776 0.00876729 0.999707 183.6 
0.999745 -0.00117504 -0.0225415 -2.69219 0.0010597 0.999986 -0.00512997 -3.02201 0.0225471 0.00510482 0.999733 184.871 
0.999748 -0.00188843 -0.0223774 -2.74429 0.00187438 0.999998 -0.000650737 -3.0519 0.0223785 0.000608672 0.999749 186.137 
0.999759 -0.000672806 -0.0219338 -2.79834 0.00064289 0.999999 -0.00137286 -3.07755 0.0219346 0.00135848 0.999759 187.39 
0.99977 0.00103345 -0.0214286 -2.85375 -0.00113123 0.999989 -0.00455353 -3.10324 0.0214236 0.00457677 0.99976 188.638 
0.99976 0.00175928 -0.0218205 -2.90524 -0.00190051 0.999977 -0.0064548 -3.13084 0.0218087 0.00649477 0.999741 189.884 
0.999757 0.00160943 -0.021981 -2.95477 -0.00174684 0.999979 -0.00623569 -3.16118 0.0219704 0.00627261 0.999739 191.135 
0.999763 0.00164249 -0.0217271 -3.00488 -0.00175072 0.999986 -0.00496533 -3.19167 0.0217186 0.00500223 0.999752 192.39 
0.999769 0.00193314 -0.0214201 -3.05676 -0.00199532 0.999994 -0.00288386 -3.21904 0.0214143 0.00292598 0.999766 193.64 
0.999793 0.00139589 -0.0203029 -3.11307 -0.00143502 0.999997 -0.00191512 -3.24618 0.0203001 0.0019439 0.999792 194.896 
0.999825 0.00151685 -0.0186576 -3.16331 -0.00156374 0.999996 -0.00250104 -3.27311 0.0186537 0.00252982 0.999823 196.149 
0.999851 0.000385797 -0.0172614 -3.20637 -0.000454719 0.999992 -0.00399153 -3.30198 0.0172596 0.00399882 0.999843 197.388 
0.999868 -2.69812e-05 -0.0162732 -3.2465 -6.20807e-05 0.999985 -0.00547497 -3.33207 0.0162731 0.0054753 0.999853 198.619 
0.999887 -0.000741266 -0.0149929 -3.28507 0.000652248 0.999982 -0.00594417 -3.36229 0.014997 0.00593377 0.99987 199.845 
0.999911 -0.0003675 -0.013321 -3.32934 0.000298705 0.999987 -0.00516925 -3.39465 0.0133227 0.00516486 0.999898 201.066 
0.99993 -0.00083906 -0.0118444 -3.36623 0.000800985 0.999995 -0.00322252 -3.42545 0.011847 0.00321285 0.999925 202.279 
0.999941 0.000187446 -0.0108302 -3.40433 -0.000217616 0.999996 -0.00278855 -3.45528 0.0108296 0.00279078 0.999938 203.503 
0.999953 -0.000169999 -0.0097291 -3.44275 0.000142406 0.999996 -0.00284107 -3.48018 0.0097295 0.00283959 0.999949 204.719 
0.99996 0.000133833 -0.00897869 -3.47259 -0.000160094 0.999996 -0.00292895 -3.50279 0.00897821 0.00293031 0.999955 205.937 
0.999968 -0.000106296 -0.00796675 -3.50307 8.37529e-05 0.999996 -0.00283522 -3.52855 0.00796698 0.00283451 0.999964 207.145 
0.999976 0.000277146 -0.00698473 -3.53865 -0.000298187 0.999995 -0.00301753 -3.5554 0.00698381 0.00301958 0.999971 208.348 
0.999981 -3.51909e-05 -0.0061876 -3.57315 1.69157e-05 0.999996 -0.00296039 -3.58345 0.00618764 0.00296028 0.999977 209.544 
0.999983 -0.00109371 -0.00580006 -3.60021 0.00107726 0.999995 -0.00284744 -3.61145 0.0058031 0.00284118 0.999979 210.726 
0.999982 -0.00122546 -0.00596131 -3.62439 0.00121369 0.999997 -0.00198446 -3.64058 0.00596369 0.00197723 0.99998 211.894 
0.999978 -0.00168556 -0.00647328 -3.65306 0.00167977 0.999998 -0.000905904 -3.6701 0.00647475 0.000895052 0.999979 213.049 
0.999971 -0.00148593 -0.00740909 -3.68052 0.00147992 0.999999 -0.00082183 -3.6987 0.00741026 0.000810884 0.999972 214.19 
0.999968 -0.00108188 -0.00794911 -3.71346 0.00106876 0.999998 -0.00166069 -3.727 0.00795085 0.00165218 0.999967 215.307 
0.999962 -0.000759032 -0.00872293 -3.74143 0.000739701 0.999997 -0.00222402 -3.75485 0.00872455 0.00221753 0.99996 216.406 
0.999953 -0.000876286 -0.00961177 -3.76946 0.000855574 0.999997 -0.00216313 -3.78256 0.0096136 0.00215484 0.999952 217.491 
0.999936 -0.00130951 -0.011254 -3.79836 0.00128632 0.999997 -0.00207147 -3.80847 0.0112567 0.0020569 0.999935 218.562 
0.999905 -0.00208852 -0.0136399 -3.81266 0.00206641 0.999997 -0.00163797 -3.82663 0.0136432 0.00160968 0.999906 219.648 
0.999854 -0.00324551 -0.0168003 -3.82377 0.00324185 0.999995 -0.000247148 -3.84424 0.016801 0.00019269 0.999859 220.718 
0.9998 -0.00304549 -0.0197438 -3.85014 0.00307614 0.999994 0.00151986 -3.86897 0.019739 -0.00158025 0.999804 221.769 
0.999741 -0.00287347 -0.022557 -3.88398 0.00290916 0.999995 0.00154758 -3.89111 0.0225524 -0.00161276 0.999744 222.801 
0.999674 -0.00266388 -0.0254024 -3.92309 0.00268982 0.999996 0.000985297 -3.91089 0.0253996 -0.00105326 0.999677 223.811 
0.999586 -0.00271421 -0.0286597 -3.96323 0.00274632 0.999996 0.00107933 -3.93108 0.0286566 -0.00115755 0.999589 224.806 
0.999491 -0.00224526 -0.031839 -4.00734 0.00229975 0.999996 0.00167372 -3.95566 0.0318351 -0.00174604 0.999492 225.764 
0.99938 -0.0020492 -0.0351479 -4.05312 0.00210863 0.999996 0.00165257 -3.98098 0.0351443 -0.00172562 0.999381 226.698 
0.999242 -0.00222106 -0.0388543 -4.09746 0.00227117 0.999997 0.00124456 -4.00188 0.0388514 -0.00133182 0.999244 227.603 
0.999089 -0.00226577 -0.0426144 -4.14683 0.00229496 0.999997 0.000634996 -4.02175 0.0426128 -0.000732172 0.999091 228.485 
0.998918 -0.00134195 -0.0464793 -4.19624 0.00136179 0.999999 0.000394401 -4.04303 0.0464787 -0.000457226 0.998919 229.347 
0.998762 -0.00112527 -0.0497265 -4.25305 0.00111867 0.999999 -0.000161312 -4.0649 0.0497266 0.000105528 0.998763 230.185 
0.998603 0.000674791 -0.0528422 -4.30602 -0.00067165 1 7.64045e-05 -4.08757 0.0528422 -4.0763e-05 0.998603 231.004 
0.998552 0.00151721 -0.0537679 -4.36368 -0.00148007 0.999999 0.000729899 -4.10651 0.0537689 -0.000649219 0.998553 231.804 
0.998545 0.00136957 -0.0539162 -4.41649 -0.0012725 0.999998 0.00183407 -4.12559 0.0539185 -0.00176275 0.998544 232.586 
0.998539 0.00142952 -0.054014 -4.4673 -0.00128713 0.999996 0.00266998 -4.14384 0.0540175 -0.00259652 0.998537 233.35 
0.998556 0.00118818 -0.0537015 -4.52112 -0.00107061 0.999997 0.00221723 -4.1603 0.0537039 -0.00215649 0.998555 234.096 
0.998556 0.00154968 -0.0537042 -4.56845 -0.00153405 0.999999 0.000331618 -4.1754 0.0537046 -0.000248711 0.998557 234.838 
0.998596 0.00140807 -0.0529546 -4.61661 -0.00150733 0.999997 -0.00183526 -4.19055 0.0529519 0.00191255 0.998595 235.57 
0.99865 0.00124437 -0.0519223 -4.66341 -0.00140535 0.999994 -0.00306475 -4.20824 0.0519182 0.00313362 0.998646 236.3 
0.99871 0.00173101 -0.0507499 -4.70987 -0.00190559 0.999992 -0.00339266 -4.22667 0.0507436 0.00348503 0.998706 237.03 
0.998787 0.00105365 -0.0492204 -4.75201 -0.00123123 0.999993 -0.00357865 -4.24223 0.0492162 0.00363496 0.998782 237.757 
0.998864 0.00104471 -0.0476509 -4.79399 -0.00121706 0.999993 -0.0035889 -4.25833 0.0476468 0.00364286 0.998858 238.478 
0.998946 0.00119836 -0.0458799 -4.83506 -0.00137421 0.999992 -0.00380237 -4.27456 0.0458749 0.00386145 0.99894 239.196 
0.999033 0.000954187 -0.0439496 -4.87635 -0.00113441 0.999991 -0.00407696 -4.2909 0.0439452 0.00412292 0.999025 239.921 
0.999149 0.00102926 -0.041241 -4.91539 -0.00118322 0.999992 -0.00370998 -4.3063 0.0412368 0.00375566 0.999142 240.641 
0.999267 -0.000137282 -0.0382867 -4.94797 2.46544e-05 0.999996 -0.00294325 -4.32168 0.0382869 0.00294019 0.999263 241.352 
0.999371 -0.00121712 -0.0354293 -4.98181 0.00113508 0.999997 -0.00233679 -4.34083 0.035432 0.00229515 0.999369 242.056 
0.999471 -0.00161643 -0.0324899 -5.01284 0.00154915 0.999997 -0.00209714 -4.35869 0.0324931 0.00204574 0.99947 242.755 
0.999557 -0.00218755 -0.0297001 -5.04196 0.0021257 0.999996 -0.00211517 -4.3754 0.0297045 0.00205114 0.999557 243.447 
0.999638 -0.00229721 -0.026809 -5.0699 0.00223436 0.999995 -0.00237538 -4.38837 0.0268143 0.00231466 0.999638 244.135 
0.999715 -0.00136581 -0.0238414 -5.09777 0.00128737 0.999994 -0.00330655 -4.40166 0.0238458 0.00327495 0.99971 244.825 
0.99978 -0.00150677 -0.0209205 -5.12413 0.00142772 0.999992 -0.00379467 -4.41792 0.020926 0.00376401 0.999774 245.528 
0.999838 -0.00130099 -0.0179329 -5.15066 0.0012492 0.999995 -0.00290078 -4.43227 0.0179366 0.00287795 0.999835 246.228 
0.999889 -0.000884315 -0.0148989 -5.17742 0.000848084 0.999997 -0.00244074 -4.44525 0.014901 0.00242787 0.999886 246.93 
0.999928 -0.000866937 -0.0119315 -5.20196 0.000834692 0.999996 -0.00271073 -4.45852 0.0119337 0.00270062 0.999925 247.634 
0.999958 -0.000876482 -0.00913418 -5.22379 0.00083655 0.99999 -0.00437928 -4.47276 0.00913788 0.0043715 0.999949 248.339 
0.999975 -0.000809071 -0.00709021 -5.24251 0.000761334 0.999977 -0.00673881 -4.48767 0.00709546 0.00673329 0.999952 249.05 
0.99998 -0.00234323 -0.00585167 -5.25811 0.00229503 0.999963 -0.00823624 -4.50325 0.00587071 0.00822269 0.999949 249.764 
0.999982 -0.00223432 -0.00560226 -5.27418 0.00218477 0.999959 -0.00884212 -4.51918 0.00562175 0.00882976 0.999945 250.483 
0.999983 -0.0026019 -0.00528267 -5.29012 0.0025515 0.999951 -0.00953232 -4.5364 0.00530717 0.00951872 0.999941 251.207 
0.999986 -0.0015755 -0.00513156 -5.30499 0.00152524 0.999951 -0.00979191 -4.5558 0.0051467 0.00978398 0.999939 251.947 
0.999988 -0.00107995 -0.00484069 -5.32272 0.00103038 0.999947 -0.0102396 -4.57539 0.00485145 0.0102346 0.999936 252.684 
0.999988 -0.00177067 -0.00452149 -5.33963 0.00171583 0.999925 -0.0121137 -4.5948 0.00454256 0.0121058 0.999916 253.424 
0.999974 -0.00582407 -0.00419059 -5.34989 0.00576397 0.999882 -0.0142218 -4.61712 0.00427288 0.0141973 0.99989 254.174 
0.999953 -0.00910665 -0.00347249 -5.36059 0.0090533 0.999845 -0.0150948 -4.63514 0.00360937 0.0150627 0.99988 254.934 
0.999972 -0.00684283 -0.00311589 -5.3777 0.00680694 0.999912 -0.0113995 -4.65143 0.00319358 0.011378 0.99993 255.706 
0.999992 -0.00299046 -0.00274987 -5.3996 0.00297559 0.999981 -0.00541308 -4.66887 0.00276596 0.00540489 0.999982 256.486 
0.999991 -0.0037437 -0.00192412 -5.41392 0.00373996 0.999991 -0.00196234 -4.68805 0.00193141 0.00195517 0.999996 257.276 
0.999989 -0.00460406 0.000413184 -5.42302 0.00460571 0.999982 -0.00395904 -4.70387 -0.000394991 0.00396094 0.999992 258.065 
0.999983 -0.0037133 0.00447758 -5.43439 0.00375853 0.999942 -0.0101278 -4.71888 -0.00443976 0.0101445 0.999939 258.857 
0.999965 -0.00178283 0.00818287 -5.44629 0.00189522 0.999904 -0.0137425 -4.73533 -0.00815762 0.0137576 0.999872 259.659 
0.999935 -0.000129045 0.0113936 -5.45283 0.0002856 0.999906 -0.0137362 -4.75449 -0.0113908 0.0137386 0.999841 260.479 
0.999889 -0.0016624 0.0147765 -5.45506 0.00183083 0.999934 -0.0113889 -4.77674 -0.0147566 0.0114148 0.999826 261.312 
0.999828 -0.00475736 0.0179297 -5.4525 0.0049072 0.999953 -0.00831987 -4.79632 -0.0178893 0.00840647 0.999805 262.152 
0.999759 -0.00688312 0.0208636 -5.44591 0.00702741 0.999952 -0.00684844 -4.81348 -0.0208155 0.00699344 0.999759 262.996 
0.999689 -0.0062799 0.0241337 -5.44313 0.00643555 0.999959 -0.00637532 -4.83299 -0.0240927 0.00652869 0.999688 263.837 
0.999638 -0.00403753 0.0265933 -5.43453 0.00426591 0.999955 -0.00853519 -4.85373 -0.0265577 0.00864559 0.99961 264.683 
0.999578 -0.00345597 0.0288331 -5.42316 0.00376814 0.999935 -0.0107777 -4.87561 -0.028794 0.0108819 0.999526 265.524 
0.999505 -0.00296434 0.0313269 -5.40837 0.00330787 0.999935 -0.0109186 -4.89789 -0.0312926 0.0110169 0.99945 266.373 
0.999414 -0.00179726 0.0341741 -5.38917 0.00211016 0.999956 -0.00912084 -4.91726 -0.0341563 0.00918765 0.999374 267.234 
0.999291 0.00022105 0.0376425 -5.37798 6.75124e-05 0.999971 -0.00766326 -4.93832 -0.0376431 0.00766041 0.999262 268.082 
0.99917 0.000901238 0.0407358 -5.35999 -0.000581685 0.999969 -0.00785465 -4.95951 -0.0407416 0.00782447 0.999139 268.936 
0.999057 0.00170928 0.043382 -5.33053 -0.00133119 0.999961 -0.00874176 -4.97032 -0.0433953 0.00867581 0.99902 269.799 
0.99892 -0.000293359 0.0464591 -5.31105 0.000708372 0.99996 -0.0089157 -4.99672 -0.0464547 0.00893903 0.99888 270.644 
0.998816 -0.00325167 0.048541 -5.2834 0.00366001 0.999959 -0.00832482 -5.01542 -0.048512 0.00849267 0.998787 271.495 
0.998737 -0.0042944 0.0500649 -5.26415 0.00472561 0.999953 -0.00849683 -5.03807 -0.0500261 0.00872273 0.99871 272.349 
0.998689 -0.0050697 0.0509418 -5.24092 0.00551597 0.999948 -0.00862272 -5.06059 -0.0508954 0.00889245 0.998664 273.198 
0.998665 -0.00509103 0.0514052 -5.21363 0.00554643 0.999947 -0.0087195 -5.08153 -0.0513581 0.00899302 0.99864 274.053 
0.99868 -0.00501222 0.0511141 -5.18375 0.00542306 0.999954 -0.00790139 -5.10698 -0.0510722 0.0081682 0.998662 274.915 
0.998712 -0.00444516 0.0505405 -5.15656 0.00483563 0.999959 -0.00760525 -5.12815 -0.0505047 0.00783989 0.998693 275.779 
0.998776 -0.00469503 0.0492444 -5.1281 0.00512116 0.999951 -0.00852992 -5.14812 -0.0492019 0.0087717 0.99875 276.642 
0.998855 -0.00472405 0.0476122 -5.10226 0.00518044 0.999942 -0.00946595 -5.16847 -0.0475648 0.0097018 0.998821 277.503 
0.998934 -0.00367386 0.0460159 -5.07841 0.00415306 0.999938 -0.0103216 -5.18956 -0.0459752 0.0105018 0.998887 278.363 
0.99901 -0.00268264 0.0444169 -5.05748 0.0031565 0.999939 -0.0106008 -5.21463 -0.0443858 0.0107306 0.998957 279.223 
0.999083 -0.00116484 0.0428077 -5.03615 0.00163662 0.999938 -0.0109865 -5.2363 -0.0427923 0.0110465 0.999023 280.091 
0.999166 -0.000786633 0.0408178 -5.02281 0.00121071 0.999946 -0.0103647 -5.26147 -0.0408075 0.0104055 0.999113 280.945 
0.99927 -0.000742051 0.0382001 -5.00962 0.00108437 0.999959 -0.0089401 -5.28344 -0.038192 0.00897504 0.99923 281.794 
0.99941 -0.00188472 0.0342821 -5.00162 0.0021138 0.999976 -0.00664589 -5.30537 -0.0342687 0.00671448 0.99939 282.635 
0.999551 -0.00270916 0.0298314 -4.99734 0.00286052 0.999983 -0.00503091 -5.32555 -0.0298173 0.00511403 0.999542 283.482 
0.999677 -0.00293522 0.0252299 -4.99712 0.0030311 0.999988 -0.00376088 -5.34376 -0.0252186 0.00383618 0.999675 284.314 
0.999785 -0.00277727 0.0205347 -4.9995 0.00284536 0.999991 -0.0032851 -5.35957 -0.0205254 0.00334286 0.999784 285.141 
0.999868 -0.00340486 0.0158666 -5.00119 0.00345146 0.99999 -0.00290794 -5.37664 -0.0158566 0.00296236 0.99987 285.96 
0.999929 -0.00442022 0.0110983 -5.00743 0.00445008 0.999987 -0.00266316 -5.39549 -0.0110865 0.0027124 0.999935 286.765 
0.999964 -0.00462811 0.00717552 -5.01919 0.00465039 0.999984 -0.00308545 -5.4142 -0.00716117 0.00311875 0.99997 287.554 
0.999986 -0.00413224 0.00330834 -5.03191 0.00414316 0.999986 -0.00328686 -5.43367 -0.00329476 0.00330057 0.999989 288.322 
0.999992 -0.00409076 -0.000576151 -5.0456 0.00408888 0.999986 -0.00329044 -5.45324 0.000589561 0.00328809 0.999994 289.074 
0.999981 -0.00451001 -0.00428332 -5.06317 0.00449615 0.999985 -0.00324983 -5.47097 0.00429787 0.00323055 0.999986 289.802 
0.99995 -0.0053215 -0.00845709 -5.08316 0.00528823 0.999978 -0.00395656 -5.49042 0.00847792 0.00391168 0.999956 290.517 
0.999903 -0.0039613 -0.0133613 -5.1084 0.00388893 0.999978 -0.00544136 -5.51227 0.0133826 0.00538891 0.999896 291.211 
0.999803 -0.00236787 -0.0196841 -5.13922 0.00222198 0.99997 -0.00743226 -5.52998 0.019701 0.00738711 0.999779 291.882 
0.99961 -0.00176037 -0.027883 -5.17879 0.00151035 0.999959 -0.00898708 -5.55253 0.0278977 0.0089415 0.999571 292.535 
0.999259 -0.00184326 -0.0384417 -5.21923 0.00145683 0.999948 -0.0100789 -5.57122 0.0384582 0.0100155 0.99921 293.189 
0.998651 -0.00154788 -0.0518982 -5.2704 0.00100979 0.999946 -0.0103936 -5.58954 0.0519114 0.0103272 0.998598 293.825 
0.997635 -0.000491172 -0.0687336 -5.33707 -0.000179749 0.999952 -0.00975526 -5.61002 0.068735 0.00974459 0.997587 294.454 
0.996057 0.00188102 -0.0886914 -5.41991 -0.00270832 0.999954 -0.00920896 -5.62708 0.08867 0.0094129 0.996017 295.083 
0.993783 0.00335327 -0.111282 -5.52346 -0.00442304 0.999946 -0.00936802 -5.6455 0.111245 0.00980203 0.993745 295.698 
0.990614 0.00455638 -0.136611 -5.63992 -0.00591579 0.999937 -0.00954688 -5.65921 0.136559 0.0102655 0.990579 296.302 
0.986338 0.00582966 -0.164631 -5.76757 -0.0074539 0.999929 -0.00925004 -5.67215 0.164566 0.0103509 0.986312 296.883 
0.980661 0.00681945 -0.195596 -5.90725 -0.00855581 0.999931 -0.00803393 -5.68595 0.195528 0.00955209 0.980652 297.449 
0.973248 0.00639869 -0.22967 -6.06009 -0.00808862 0.999947 -0.00641757 -5.6958 0.229616 0.00810365 0.973247 298.001 
0.963927 0.00620497 -0.266093 -6.23094 -0.00776397 0.999958 -0.00480746 -5.70678 0.266052 0.00670002 0.963935 298.538 
0.952651 0.00729481 -0.30398 -6.42461 -0.00843171 0.999962 -0.00242772 -5.71516 0.30395 0.00487589 0.952675 299.064 
0.939047 0.00863213 -0.34368 -6.62575 -0.00910568 0.999959 0.00023589 -5.73555 0.343668 0.00290798 0.939087 299.591 
0.923177 0.00899957 -0.38427 -6.83973 -0.00872646 0.999959 0.00245429 -5.75045 0.384277 0.00108762 0.923217 300.1 
0.904746 0.00912569 -0.425854 -7.06374 -0.00792759 0.999958 0.00458567 -5.77111 0.425878 -0.000772828 0.904781 300.591 
0.883436 0.00906446 -0.468465 -7.30807 -0.00685462 0.999956 0.00642186 -5.79451 0.468502 -0.00246211 0.883459 301.069 
0.858962 0.00876414 -0.511965 -7.56965 -0.00546444 0.999954 0.00794969 -5.81899 0.512011 -0.00403082 0.85897 301.527 
0.831386 0.0080727 -0.555636 -7.85723 -0.00351438 0.999951 0.0092695 -5.8252 0.555684 -0.00575377 0.831374 301.972 
0.800718 0.00833609 -0.598984 -8.17098 -0.0020973 0.999936 0.0111124 -5.83499 0.599038 -0.00764163 0.800684 302.393 
0.766832 0.00973076 -0.641774 -8.5121 -0.00275123 0.999926 0.0118738 -5.8422 0.641842 -0.00733947 0.766802 302.79 
0.729716 0.00884824 -0.683693 -8.87256 -0.000621743 0.999924 0.0122772 -5.85091 0.68375 -0.00853377 0.729667 303.16 
0.688839 0.00784107 -0.724872 -9.24994 0.00338974 0.999896 0.0140373 -5.84629 0.724906 -0.0121265 0.688741 303.494 
0.643759 0.00696553 -0.765197 -9.65218 0.00962952 0.999806 0.0172024 -5.84178 0.765168 -0.0184426 0.643567 303.799 
0.594467 0.0076022 -0.804084 -10.0666 0.0141473 0.999702 0.0199109 -5.8456 0.803996 -0.023212 0.594182 304.06 
0.542909 0.0113935 -0.839714 -10.502 0.0134549 0.999662 0.0222629 -5.84911 0.839684 -0.023385 0.542572 304.25 
0.488775 0.0174294 -0.872236 -10.9337 0.00870358 0.999653 0.0248527 -5.84616 0.872367 -0.0197389 0.488454 304.417 
0.432638 0.0214809 -0.901312 -11.374 0.00587373 0.999628 0.0266435 -5.84449 0.901549 -0.016821 0.432351 304.553 
0.374665 0.0235151 -0.926862 -11.8211 0.00529755 0.999608 0.0275021 -5.83279 0.927145 -0.0152141 0.374393 304.661 
0.314709 0.025431 -0.948848 -12.2457 0.0071955 0.999548 0.0291764 -5.82091 0.949161 -0.0160095 0.314384 304.77 
0.25501 0.0285349 -0.966517 -12.6707 0.00961826 0.99944 0.0320446 -5.81287 0.966891 -0.0174679 0.254593 304.832 
0.19346 0.0322221 -0.980579 -13.0957 0.0120433 0.999307 0.0352136 -5.80197 0.981034 -0.0186218 0.192938 304.893 
0.128891 0.0354285 -0.991026 -13.5257 0.0148179 0.999181 0.0376472 -5.79272 0.991548 -0.0195373 0.12826 304.931 
0.0632713 0.0392098 -0.997226 -13.968 0.0152728 0.999073 0.0402515 -5.7797 0.99788 -0.0177771 0.0626138 304.923 
-0.00344861 0.0448449 -0.998988 -14.4247 0.0172439 0.998848 0.0447791 -5.76605 0.999845 -0.017072 -0.00421794 304.889 
-0.0714187 0.0514827 -0.996117 -14.8882 0.0190951 0.998555 0.0502396 -5.74879 0.997264 -0.0154328 -0.0722986 304.819 
-0.139583 0.0582046 -0.988498 -15.363 0.0213387 0.998216 0.0557636 -5.72813 0.989981 -0.0133096 -0.140576 304.713 
-0.207213 0.0642872 -0.976181 -15.8402 0.0236931 0.997876 0.0606866 -5.70511 0.978009 -0.0105537 -0.208296 304.577 
-0.273746 0.0698736 -0.95926 -16.3198 0.0277163 0.997517 0.0647507 -5.67702 0.961402 -0.00886188 -0.275003 304.409 
-0.338371 0.0737917 -0.938115 -16.8014 0.0319065 0.997247 0.0669346 -5.64458 0.940472 -0.00728321 -0.339794 304.203 
-0.399636 0.0758921 -0.913527 -17.2754 0.0357191 0.997099 0.0672091 -5.61193 0.915978 -0.00577114 -0.401188 303.954 
-0.457775 0.0759639 -0.885817 -17.7352 0.0388253 0.997101 0.0654428 -5.5766 0.88822 -0.00443394 -0.459397 303.671 
-0.512269 0.07612 -0.855445 -18.1899 0.041304 0.997095 0.0639902 -5.54499 0.857831 -0.00255302 -0.513926 303.347 
-0.562691 0.0756478 -0.823199 -18.6508 0.043125 0.997135 0.0621539 -5.50363 0.825542 -0.000526967 -0.564341 302.99 
-0.60808 0.0749251 -0.790332 -19.1151 0.0443408 0.997188 0.0604197 -5.46034 0.792636 0.00169604 -0.609692 302.596 
-0.647506 0.0754151 -0.758319 -19.5564 0.0454604 0.997142 0.0603487 -5.42537 0.760703 0.00460273 -0.649084 302.169 
-0.683355 0.0790494 -0.725795 -19.9931 0.049982 0.996854 0.0615122 -5.39168 0.728374 0.005758 -0.685156 301.714 
-0.718239 0.0857225 -0.690496 -20.4243 0.0579959 0.996304 0.0633614 -5.35485 0.693375 0.00546278 -0.720556 301.225 
-0.752017 0.0914584 -0.652768 -20.852 0.0645777 0.995786 0.0651217 -5.31846 0.655973 0.00681841 -0.754754 300.697 
-0.783169 0.0928739 -0.614834 -21.2737 0.0675766 0.995639 0.064318 -5.27785 0.618126 0.00882356 -0.78603 300.124 
-0.811437 0.089448 -0.577555 -21.6581 0.0672258 0.995944 0.0597965 -5.24299 0.580561 0.00969454 -0.814159 299.52 
-0.836797 0.08681 -0.540587 -22.0337 0.0684249 0.996191 0.0540551 -5.20967 0.54322 0.00824357 -0.83955 298.873 
-0.860018 0.0822645 -0.503589 -22.394 0.0674116 0.996586 0.0476747 -5.1728 0.505792 0.00705334 -0.862627 298.186 
-0.880723 0.0798821 -0.466847 -22.7314 0.067756 0.996786 0.042736 -5.14277 0.46876 0.00600693 -0.883305 297.466 
-0.89959 0.078577 -0.429608 -23.056 0.0673306 0.996874 0.0413433 -5.11735 0.431514 0.00826623 -0.902068 296.706 
-0.917046 0.075121 -0.391643 -23.356 0.0649215 0.997119 0.0392414 -5.0925 0.393462 0.0105602 -0.91928 295.91 
-0.932605 0.0751411 -0.352991 -23.6329 0.0662939 0.99711 0.0371055 -5.06732 0.354759 0.0112036 -0.934891 295.085 
-0.946569 0.0772811 -0.313105 -23.8892 0.0693727 0.996929 0.0363385 -5.04282 0.314951 0.012676 -0.949023 294.228 
-0.958439 0.080581 -0.273681 -24.1172 0.0736808 0.996653 0.0354161 -5.02085 0.275619 0.0137791 -0.961168 293.336 
-0.968517 0.0813383 -0.235284 -24.3078 0.0748651 0.996532 0.036331 -4.99528 0.237423 0.0175726 -0.971247 292.415 
-0.976704 0.0838554 -0.197529 -24.471 0.0782327 0.996281 0.0361126 -4.96631 0.199822 0.0198181 -0.979632 291.47 
-0.983445 0.0831101 -0.161023 -24.5952 0.0785187 0.996309 0.0346816 -4.94234 0.163311 0.0214641 -0.986341 290.494 
-0.988561 0.0815457 -0.126874 -24.687 0.0783558 0.996476 0.0299413 -4.9149 0.128869 0.0196574 -0.991467 289.488 
-0.992389 0.0799147 -0.0936947 -24.7503 0.0778349 0.996636 0.0256517 -4.88879 0.0954296 0.0181638 -0.99527 288.452 
