1 2.12261e-08 -2.11895e-08 0 2.12261e-08 1 2.10703e-08 0 -2.11895e-08 2.10703e-08 1 0 
0.999979 0.000427022 -0.00650671 -0.00886876 -0.000425043 1 0.000299116 -0.000307091 0.00650679 -0.000296302 0.999979 0.0933267 
0.999909 0.000845905 -0.0134657 -0.021558 -0.000842707 1 0.000240075 -0.00144453 0.0134659 -0.000228663 0.999909 0.191431 
0.999779 0.00108883 -0.0209957 -0.0347915 -0.00109943 0.999999 -0.000495426 -0.00141142 0.0209951 0.000518442 0.999779 0.292525 
0.999542 0.00155708 -0.0302329 -0.0490301 -0.00161476 0.999997 -0.00188517 -0.00191641 0.0302298 0.00193317 0.999541 0.396015 
0.999131 0.00167154 -0.0416576 -0.0675619 -0.00181523 0.999993 -0.00341256 -0.00277878 0.0416515 0.00348525 0.999126 0.512083 
0.998469 0.00132375 -0.0553059 -0.0900283 -0.00156406 0.99999 -0.00430284 -0.00367428 0.0552996 0.00438279 0.99846 0.64002 
0.997428 0.00127597 -0.0716676 -0.118208 -0.00158959 0.999989 -0.0043198 -0.00406421 0.0716613 0.00442265 0.997419 0.784 
0.995917 -0.000250726 -0.0902763 -0.151668 -0.000145982 0.99999 -0.0043882 -0.00555325 0.0902765 0.0043835 0.995907 0.937618 
0.993884 -0.00155565 -0.110415 -0.188986 0.00105342 0.999989 -0.00460706 -0.00688316 0.110421 0.00446262 0.993875 1.10591 
0.991167 -0.00165454 -0.13261 -0.238738 0.00102055 0.999988 -0.00484894 -0.0123782 0.132616 0.00467082 0.991156 1.27799 
0.987639 0.00191216 -0.156731 -0.299464 -0.00294214 0.999976 -0.00634013 -0.0169135 0.156715 0.00672293 0.987621 1.45489 
0.983269 0.00611581 -0.182056 -0.371558 -0.00767878 0.999939 -0.00788166 -0.0228922 0.181997 0.00914781 0.983257 1.63714 
0.977874 0.00891855 -0.209004 -0.449657 -0.0110274 0.999899 -0.00892727 -0.0283087 0.208903 0.0110346 0.977874 1.82641 
0.971163 0.00951862 -0.238225 -0.535296 -0.0120334 0.999886 -0.00910433 -0.0318962 0.238111 0.0117085 0.971167 2.02239 
0.963135 0.0114397 -0.268774 -0.632435 -0.0142588 0.999862 -0.00853909 -0.036736 0.268639 0.0120567 0.963165 2.22262 
0.953632 0.0131697 -0.300688 -0.737514 -0.0162006 0.99984 -0.00758857 -0.0385697 0.30054 0.0121081 0.953692 2.42646 
0.942344 0.0151737 -0.334301 -0.849467 -0.018459 0.999808 -0.00665265 -0.0386334 0.334136 0.01244 0.942443 2.63033 
0.929739 0.0173918 -0.367807 -0.966751 -0.0211636 0.999757 -0.00622356 -0.0416102 0.367609 0.0135705 0.929881 2.82928 
0.915748 0.0201967 -0.401246 -1.09764 -0.0244615 0.999686 -0.00550841 -0.0427262 0.401009 0.0148595 0.915954 3.02893 
0.899509 0.0205625 -0.436419 -1.23351 -0.0252452 0.999669 -0.00493227 -0.0410778 0.436173 0.0154541 0.89973 3.23106 
0.880778 0.0161954 -0.473252 -1.36232 -0.0212655 0.99976 -0.00536443 -0.0445413 0.473051 0.0147889 0.880911 3.41931 
0.859173 0.0112729 -0.511562 -1.50783 -0.016542 0.999847 -0.00574967 -0.0477937 0.511418 0.0134023 0.859227 3.61518 
0.833724 0.0126715 -0.552037 -1.67784 -0.0168868 0.999854 -0.00255283 -0.0522398 0.551924 0.0114505 0.833816 3.8103 
0.804025 0.0182652 -0.594315 -1.86864 -0.0217772 0.999762 0.00126433 -0.0573686 0.594196 0.011926 0.804232 3.99634 
0.770737 0.0212183 -0.6368 -2.07476 -0.0249034 0.999685 0.00316829 -0.0615012 0.636667 0.0134166 0.771023 4.17823 
0.733951 0.0202627 -0.6789 -2.29575 -0.0240487 0.999703 0.00383872 -0.0618317 0.678777 0.0135093 0.73422 4.36092 
0.693383 0.01607 -0.72039 -2.52901 -0.0178965 0.999827 0.00507795 -0.0615549 0.720347 0.00937157 0.69355 4.54369 
0.649748 0.0124646 -0.760047 -2.78168 -0.012486 0.999906 0.00572419 -0.0608255 0.760047 0.00577073 0.649843 4.71997 
0.604254 0.0119883 -0.796702 -3.05686 -0.00955568 0.999924 0.00779878 -0.0610324 0.796735 0.00290063 0.604323 4.87921 
0.555758 0.012595 -0.831249 -3.35065 -0.00706643 0.999921 0.0104262 -0.0581829 0.831314 7.95654e-05 0.555803 5.02081 
0.504341 0.0132618 -0.863403 -3.6634 -0.00530473 0.999911 0.0122599 -0.055223 0.863488 -0.001603 0.504366 5.14763 
0.451266 0.014703 -0.892268 -3.99514 -0.00428052 0.999888 0.0143115 -0.0514801 0.892379 -0.00263885 0.451279 5.25866 
0.396399 0.0167143 -0.917926 -4.34814 -0.00316811 0.999853 0.016838 -0.0461112 0.918073 -0.00376643 0.396394 5.35907 
0.340874 0.0186212 -0.939925 -4.71554 -0.00280143 0.99982 0.0187919 -0.0403982 0.940105 -0.00377248 0.340865 5.43725 
0.28578 0.0215586 -0.958053 -5.09713 -0.000699076 0.999751 0.0222884 -0.0357251 0.958295 -0.00569979 0.285724 5.49777 
0.232038 0.0234007 -0.972425 -5.48698 0.00355843 0.999684 0.0249058 -0.0327202 0.9727 -0.00923936 0.231882 5.54651 
0.181226 0.0238241 -0.983153 -5.88361 0.00598894 0.999661 0.025328 -0.028878 0.983423 -0.0104781 0.181022 5.57416 
0.133896 0.0247695 -0.990686 -6.29963 0.003609 0.999669 0.0254819 -0.0233956 0.990989 -0.00698727 0.133762 5.57933 
0.0916034 0.0248398 -0.995486 -6.73848 0.00151789 0.999684 0.0250843 -0.0125605 0.995794 -0.0038088 0.0915368 5.57143 
0.0537687 0.0232635 -0.998282 -7.19068 -2.71793e-05 0.999729 0.0232958 -0.00257728 0.998553 -0.00122541 0.0537548 5.55436 
0.0192949 0.0204893 -0.999604 -7.66014 0.000814072 0.999789 0.0205088 0.0059846 0.999814 -0.00120942 0.0192742 5.52988 
-0.0120044 0.0177998 -0.99977 -8.14262 0.000998803 0.999841 0.0177891 0.00867542 0.999927 -0.000784983 -0.0120203 5.49071 
-0.0385869 0.0158581 -0.999129 -8.637 0.000283228 0.999874 0.0158589 0.0142087 0.999255 0.000329008 -0.0385866 5.44134 
-0.059326 0.0133474 -0.998149 -9.14586 -0.000543634 0.99991 0.0134032 0.0226012 0.998239 0.00133783 -0.0593134 5.38492 
-0.0756654 0.0124654 -0.997055 -9.66855 -0.000105019 0.999922 0.0125092 0.0319535 0.997133 0.00105126 -0.0756582 5.32325 
-0.0887272 0.0128593 -0.995973 -10.2103 0.0003612 0.999917 0.012878 0.0358365 0.996056 0.000782925 -0.0887245 5.25702 
-0.0983976 0.0138931 -0.99505 -10.7662 -0.000828183 0.999901 0.0140427 0.0355578 0.995147 0.0022059 -0.0983764 5.18361 
-0.105163 0.0151394 -0.99434 -11.3384 -0.00273321 0.999876 0.0155128 0.0343325 0.994451 0.00434915 -0.105109 5.10302 
-0.109763 0.0160102 -0.993829 -11.9325 -0.00264483 0.999862 0.0163995 0.0390827 0.993954 0.0044286 -0.109705 5.02153 
-0.111254 0.0165999 -0.993653 -12.538 -0.000180029 0.99986 0.0167238 0.048225 0.993792 0.00203951 -0.111236 4.94594 
-0.110496 0.0187148 -0.9937 -13.1641 0.00193469 0.999825 0.018615 0.0568455 0.993875 0.00013442 -0.110513 4.86833 
-0.109352 0.0211547 -0.993778 -13.803 0.00145603 0.999776 0.0211222 0.060922 0.994002 0.000862819 -0.109358 4.79039 
-0.107748 0.020999 -0.993957 -14.4565 -0.000673048 0.999775 0.0211949 0.0660869 0.994178 0.00295272 -0.107709 4.70542 
-0.106218 0.0182713 -0.994175 -15.1177 -0.00234607 0.999824 0.0186257 0.0738611 0.99434 0.00431083 -0.106156 4.62206 
-0.105075 0.018046 -0.994301 -15.7984 -0.00246076 0.999828 0.0184063 0.0842189 0.994461 0.00438081 -0.105012 4.54141 
-0.103655 0.0206867 -0.994398 -16.4979 -0.00195657 0.999778 0.0210026 0.0971415 0.994611 0.00412268 -0.103592 4.46323 
-0.101815 0.024041 -0.994513 -17.2175 -0.00301399 0.999696 0.0244749 0.106482 0.994799 0.00548939 -0.101711 4.37604 
-0.0998226 0.0260677 -0.994664 -17.9546 -0.0034386 0.999642 0.0265432 0.112768 0.994999 0.00606991 -0.0996972 4.28165 
-0.0980188 0.0252667 -0.994864 -18.6959 -0.00491591 0.999653 0.0258727 0.1251 0.995172 0.0074267 -0.0978606 4.19314 
-0.0964181 0.0221497 -0.995094 -19.4461 -0.00709309 0.999712 0.0229397 0.137227 0.995316 0.00927014 -0.0962332 4.10476 
-0.0950055 0.0213 -0.995249 -20.2112 -0.00763414 0.999726 0.0221246 0.151691 0.995448 0.00969987 -0.0948168 4.01817 
-0.0935833 0.0237382 -0.995328 -20.9909 -0.00505082 0.999692 0.0243171 0.161731 0.995599 0.00730294 -0.0934346 3.93511 
-0.0924436 0.0259898 -0.995379 -21.7864 -0.00292693 0.999648 0.0263731 0.170151 0.995714 0.00535147 -0.092335 3.84828 
-0.0912354 0.0276918 -0.995444 -22.586 -0.00187898 0.999607 0.0279798 0.178837 0.995828 0.00442321 -0.0911475 3.76132 
-0.0907065 0.0231652 -0.995608 -23.387 -0.00169316 0.999724 0.0234152 0.184541 0.995876 0.00380967 -0.0906422 3.67371 
-0.090569 0.0162973 -0.995757 -24.1872 -0.000345537 0.999866 0.016396 0.186962 0.99589 0.00182908 -0.0905512 3.59218 
-0.0907339 0.01176 -0.995806 -25.0029 0.00255461 0.99993 0.011576 0.193617 0.995872 -0.00149352 -0.0907576 3.50689 
-0.0912697 0.0124985 -0.995748 -25.8307 0.00377616 0.999918 0.0122047 0.198946 0.995819 -0.00264614 -0.0913095 3.41765 
-0.0914357 0.0199874 -0.99561 -26.6705 0.00336468 0.999799 0.0197624 0.199027 0.995805 -0.00154287 -0.0914846 3.32455 
-0.0916477 0.0270207 -0.995425 -27.5175 0.00183981 0.999635 0.0269656 0.205483 0.99579 0.000639975 -0.0916639 3.22666 
-0.0920432 0.0322383 -0.995233 -28.3606 -0.000304693 0.999475 0.0324039 0.212763 0.995755 0.00328584 -0.091985 3.13092 
-0.0925907 0.032528 -0.995173 -29.2029 -0.00196835 0.999458 0.0328512 0.221278 0.995702 0.00500061 -0.0924765 3.03621 
-0.0929736 0.0291256 -0.995243 -30.0323 -0.00200305 0.999565 0.0294392 0.229794 0.995667 0.00473063 -0.0928748 2.94352 
-0.0935372 0.0264061 -0.995266 -30.8691 -0.00213727 0.999641 0.026723 0.242166 0.995614 0.00462678 -0.0934471 2.85079 
-0.0937012 0.027536 -0.99522 -31.7123 -0.00360125 0.999602 0.0279963 0.253558 0.995594 0.00620736 -0.0935647 2.75265 
-0.0937865 0.0298725 -0.995144 -32.5503 -0.00417546 0.999529 0.0303976 0.260605 0.995584 0.00700611 -0.0936176 2.6593 
-0.0938427 0.0281468 -0.995189 -33.3843 -0.00484916 0.999576 0.0287281 0.26847 0.995575 0.00752179 -0.0936663 2.5663 
-0.0934793 0.0228669 -0.995359 -34.2178 -0.00535547 0.99971 0.0234698 0.279543 0.995607 0.0075246 -0.0933298 2.46801 
-0.0933788 0.0185296 -0.995458 -35.0501 -0.00647315 0.999794 0.0192175 0.290062 0.99561 0.0082383 -0.0932396 2.37117 
-0.0927545 0.0193685 -0.995501 -35.89 -0.00602453 0.999782 0.0200131 0.291679 0.995671 0.00785377 -0.0926176 2.27138 
-0.092335 0.0219275 -0.995487 -36.7306 -0.00504019 0.999734 0.0224886 0.292698 0.995715 0.00709396 -0.0921999 2.17752 
-0.0918447 0.0267836 -0.995413 -37.5774 -0.00488275 0.999614 0.0273472 0.29858 0.995761 0.00737209 -0.0916785 2.07968 
-0.0914606 0.0322789 -0.995285 -38.4202 -0.00371744 0.999457 0.0327558 0.3114 0.995802 0.00669582 -0.0912909 1.98901 
-0.0928664 0.0367411 -0.995001 -39.1137 -0.00529547 0.999287 0.0373936 0.288018 0.995665 0.00874164 -0.0926056 1.9745 
-0.0924734 0.036358 -0.995051 -39.9487 -0.00502669 0.999303 0.0369805 0.30531 0.995703 0.00842157 -0.0922263 1.87914 
-0.0924638 0.0317752 -0.995209 -40.781 -0.00491589 0.999464 0.0323678 0.322874 0.995704 0.00788523 -0.092258 1.78451 
-0.0921607 0.0273226 -0.995369 -41.6114 -0.00577697 0.999592 0.0279734 0.334675 0.995727 0.00832831 -0.0919653 1.69023 
-0.0922328 0.0243509 -0.99544 -42.4435 -0.0095536 0.999633 0.0253386 0.345594 0.995692 0.0118471 -0.0919663 1.59287 
-0.0928005 0.022352 -0.995434 -43.2765 -0.0126781 0.99964 0.0236284 0.354827 0.995604 0.014813 -0.0924837 1.49303 
-0.0936436 0.020482 -0.995395 -44.1078 -0.010467 0.999713 0.0215556 0.358012 0.995551 0.0124374 -0.0934023 1.40039 
-0.0948378 0.0167832 -0.995351 -44.9363 -0.00687001 0.999823 0.0175132 0.364647 0.995469 0.00849902 -0.0947057 1.30727 
-0.0956161 0.0152157 -0.995302 -45.763 -0.00234943 0.999877 0.0155114 0.371346 0.995416 0.00382157 -0.0955686 1.21288 
-0.0977391 0.018648 -0.995037 -46.5951 -0.00183367 0.999819 0.0189177 0.374756 0.99521 0.00367361 -0.0976873 1.11529 
-0.099531 0.0249097 -0.994723 -47.421 0.000723218 0.999688 0.0249617 0.376611 0.995034 0.0017651 -0.099518 1.01974 
-0.101533 0.0285581 -0.994422 -48.2394 0.00248024 0.999592 0.0284534 0.380825 0.994829 0.000422575 -0.101562 0.925127 
-0.103003 0.0275957 -0.994298 -49.0493 0.00244396 0.999619 0.0274902 0.386742 0.994678 0.000401607 -0.103032 0.825274 
-0.103974 0.0235578 -0.994301 -49.8491 -0.000971206 0.999717 0.0237877 0.389198 0.99458 0.00343901 -0.103921 0.718952 
-0.105297 0.0196943 -0.994246 -50.6451 -0.00575442 0.999775 0.0204133 0.394441 0.994424 0.0078708 -0.10516 0.611881 
-0.106775 0.0180816 -0.994119 -51.4372 -0.00980087 0.999767 0.019237 0.397579 0.994235 0.0117973 -0.106573 0.505712 
-0.107732 0.0191339 -0.993996 -52.2279 -0.0113759 0.999726 0.0204772 0.397994 0.994115 0.0135137 -0.107485 0.401462 
-0.108738 0.0205885 -0.993857 -53.0134 -0.0110811 0.999698 0.0219219 0.400433 0.994009 0.0133968 -0.108477 0.300681 
-0.109816 0.0200592 -0.99375 -53.796 -0.0128943 0.999683 0.0216039 0.402117 0.993868 0.0151862 -0.109523 0.196996 
-0.110519 0.0198737 -0.993675 -54.5729 -0.0133865 0.99968 0.0214826 0.404237 0.993784 0.0156761 -0.110217 0.09411 
-0.111069 0.0215939 -0.993578 -55.3516 -0.011805 0.999665 0.0230458 0.408501 0.993743 0.0142889 -0.110777 -0.0088273 
-0.111544 0.024431 -0.993459 -56.1209 -0.0108208 0.999609 0.0257971 0.414473 0.993701 0.0136275 -0.111236 -0.105229 
-0.111865 0.0285259 -0.993314 -56.8888 -0.010995 0.999491 0.0299415 0.420699 0.993663 0.014271 -0.111495 -0.205293 
-0.112667 0.0306581 -0.99316 -57.6508 -0.0108832 0.999426 0.0320861 0.42622 0.993573 0.0144239 -0.112269 -0.302864 
-0.113742 0.030555 -0.99304 -58.4059 -0.0103489 0.999436 0.0319371 0.435385 0.993456 0.0139095 -0.113361 -0.398291 
-0.114252 0.0286582 -0.993038 -59.1619 -0.00949799 0.999507 0.0299377 0.440248 0.993406 0.0128523 -0.113923 -0.500025 
-0.114444 0.0250888 -0.993113 -59.9059 -0.00901334 0.999614 0.0262917 0.444625 0.993389 0.0119602 -0.114174 -0.607136 
-0.11441 0.0221643 -0.993186 -60.6372 -0.00908965 0.999686 0.0233564 0.448216 0.993392 0.0116999 -0.114172 -0.708486 
-0.113381 0.0197147 -0.993356 -61.3505 -0.00955612 0.999735 0.0209321 0.453557 0.993506 0.011866 -0.113163 -0.80367 
-0.111378 0.0188489 -0.993599 -62.0471 -0.0117248 0.999726 0.0202794 0.454954 0.993709 0.0139085 -0.111126 -0.895025 
-0.107675 0.0197515 -0.99399 -62.7313 -0.0118477 0.999706 0.0211485 0.455721 0.994116 0.0140537 -0.10741 -0.97952 
-0.102098 0.0212693 -0.994547 -63.4001 -0.0109306 0.999687 0.0225014 0.457722 0.994714 0.0131684 -0.101834 -1.0564 
-0.0950495 0.0227297 -0.995213 -64.0547 -0.00972663 0.99967 0.0237605 0.460186 0.995425 0.0119385 -0.0947971 -1.12656 
-0.0863771 0.0240278 -0.995973 -64.6913 -0.0105679 0.999631 0.0250326 0.460692 0.996207 0.0126876 -0.0860913 -1.19216 
-0.0746032 0.025505 -0.996887 -65.3133 -0.0126689 0.999568 0.0265217 0.464131 0.997133 0.0146081 -0.0742478 -1.25 
-0.0598577 0.0269129 -0.997844 -65.9178 -0.015656 0.999488 0.0278964 0.467408 0.998084 0.0172922 -0.0594058 -1.29395 
-0.0414245 0.0280384 -0.998748 -66.5057 -0.0170299 0.999441 0.0287642 0.472353 0.998997 0.0182002 -0.0409238 -1.32301 
-0.0194706 0.0287998 -0.999396 -67.066 -0.0178495 0.999416 0.0291481 0.474253 0.999651 0.0184063 -0.0189452 -1.32792 
0.00587877 0.0291026 -0.999559 -67.6073 -0.0171863 0.999432 0.0289978 0.477435 0.999835 0.0170083 0.00637559 -1.31536 
0.0351303 0.0286866 -0.998971 -68.1242 -0.0154743 0.999484 0.0281571 0.481643 0.999263 0.0144692 0.0355561 -1.28222 
0.0691836 0.0286191 -0.997193 -68.6184 -0.0140493 0.999517 0.0277111 0.486568 0.997505 0.0120928 0.0695523 -1.22773 
0.107023 0.0288882 -0.993837 -69.0891 -0.0131546 0.999532 0.0276371 0.490012 0.99417 0.0101158 0.107353 -1.16006 
0.147887 0.0286239 -0.98859 -69.5471 -0.0127751 0.999553 0.0270303 0.491021 0.988922 0.00863191 0.148187 -1.0679 
0.193851 0.030636 -0.980552 -69.9199 -0.01115 0.999517 0.0290242 0.470799 0.980968 0.00530686 0.194099 -0.984922 
0.242645 0.0293338 -0.969672 -70.351 -0.00777486 0.999569 0.0282927 0.470755 0.970084 0.000674034 0.242768 -0.850188 
0.293155 0.0247543 -0.955745 -70.7556 2.56382e-05 0.999665 0.0258997 0.468864 0.956065 -0.00761707 0.293056 -0.689482 
0.345036 0.019594 -0.938385 -71.1473 0.00550649 0.999723 0.0228994 0.469635 0.938573 -0.0130683 0.344832 -0.511424 
0.398289 0.0149955 -0.917138 -71.5293 0.0106384 0.999724 0.0209657 0.473703 0.917199 -0.0181073 0.398019 -0.315836 
0.450308 0.0145234 -0.892755 -71.9027 0.0103974 0.999715 0.0215079 0.479689 0.892813 -0.0189674 0.450029 -0.10334 
0.49965 0.0133415 -0.866125 -72.265 0.0118679 0.999682 0.0222451 0.484241 0.866146 -0.0213938 0.499333 0.12935 
0.545553 0.00916406 -0.838026 -72.6107 0.019735 0.999523 0.0237775 0.488118 0.837844 -0.0295103 0.545112 0.392403 
0.59009 0.00296545 -0.807332 -72.9314 0.0301724 0.999214 0.0257237 0.487827 0.806773 -0.0395383 0.589537 0.680038 
0.633722 -0.0020339 -0.773558 -73.246 0.031504 0.999235 0.0231817 0.489664 0.772919 -0.0390609 0.633302 0.968751 
0.676059 -0.00660391 -0.736818 -73.549 0.0281122 0.999463 0.0168361 0.490563 0.736311 -0.0320958 0.675881 1.2666 
0.717672 -0.0138068 -0.696245 -73.8406 0.0248217 0.999675 0.00576165 0.497364 0.695939 -0.0214169 0.717782 1.58887 
0.757867 -0.0165628 -0.652199 -74.1146 0.0200236 0.999797 -0.00212238 0.500134 0.652102 -0.0114508 0.758045 1.93269 
0.795709 -0.0174711 -0.605428 -74.3805 0.0184812 0.999819 -0.00456259 0.498335 0.605398 -0.00755848 0.795887 2.31538 
0.830335 -0.0189615 -0.556941 -74.6274 0.018732 0.999806 -0.00611196 0.498748 0.556949 -0.00535759 0.830529 2.72745 
0.861532 -0.0174896 -0.507402 -74.8603 0.0155941 0.999847 -0.00798588 0.493981 0.507464 -0.00103235 0.861672 3.16214 
0.887944 -0.0158803 -0.459678 -75.073 0.0147269 0.999873 -0.0060947 0.483535 0.459716 -0.00135784 0.888065 3.62303 
0.909693 -0.00948923 -0.415173 -75.2823 0.00821734 0.999955 -0.00484995 0.474671 0.4152 0.0010004 0.90973 4.11091 
0.927591 -0.00532691 -0.37356 -75.4775 0.00321211 0.999975 -0.00628357 0.469905 0.373584 0.00462872 0.927585 4.60886 
0.941484 -0.000230975 -0.337057 -75.6671 -0.00144539 0.999988 -0.00472268 0.464544 0.337054 0.00493356 0.941472 5.13939 
0.951785 0.000642342 -0.306765 -75.8383 -0.00151373 0.999996 -0.00260278 0.455246 0.306762 0.00294169 0.951782 5.68103 
0.959275 -1.2606e-05 -0.282475 -75.9972 -0.000244707 1 -0.00087577 0.446682 0.282475 0.000909275 0.959274 6.25129 
0.96523 0.00027288 -0.261401 -76.1548 2.08777e-05 0.999999 0.00112086 0.442131 0.261402 -0.0010873 0.96523 6.84209 
0.970014 0.00269348 -0.243032 -76.3143 -0.00182359 0.999991 0.00380406 0.437652 0.24304 -0.00324675 0.970011 7.45459 
0.973683 0.00752325 -0.227781 -76.4696 -0.00648833 0.999965 0.00529178 0.433945 0.227813 -0.00367456 0.973698 8.08162 
0.976702 0.011367 -0.2143 -76.6258 -0.0102011 0.999927 0.00654537 0.428772 0.214359 -0.00420673 0.976746 8.72556 
0.979567 0.01007 -0.200866 -76.7711 -0.00898493 0.99994 0.0063128 0.425323 0.200918 -0.004379 0.979598 9.3863 
0.982278 0.00982271 -0.187174 -76.905 -0.00888807 0.999944 0.00583179 0.42491 0.18722 -0.00406478 0.98231 10.0634 
0.984937 0.0100559 -0.172621 -77.0321 -0.00910302 0.999939 0.00631046 0.426642 0.172674 -0.00464399 0.984968 10.7557 
0.987293 0.0115214 -0.158492 -77.1556 -0.010583 0.999921 0.00676343 0.424724 0.158557 -0.00500014 0.987337 11.4634 
0.989238 0.0115933 -0.145853 -77.2726 -0.0111343 0.99993 0.00396271 0.418839 0.145889 -0.00229605 0.989298 12.1868 
0.990794 0.0118438 -0.134857 -77.3825 -0.0121231 0.999926 -0.00125004 0.410989 0.134833 0.00287346 0.990864 12.9181 
0.992089 0.00983776 -0.125153 -77.4859 -0.0108388 0.999915 -0.00732086 0.405108 0.12507 0.0086195 0.992111 13.6602 
0.993097 0.00970796 -0.116891 -77.5857 -0.0106644 0.999915 -0.00755985 0.399631 0.116808 0.00875429 0.993116 14.4188 
0.993838 0.0114832 -0.110242 -77.6829 -0.0116887 0.999931 -0.00121877 0.387327 0.110221 0.0024999 0.993904 15.1865 
0.994335 0.0157225 -0.105126 -77.7835 -0.0150854 0.999863 0.00685292 0.374556 0.105219 -0.00522819 0.994435 15.9587 
0.994771 0.0163653 -0.100815 -77.8761 -0.0153834 0.999826 0.0105085 0.366002 0.100969 -0.00890263 0.99485 16.7303 
0.995117 0.0149973 -0.0975553 -77.9593 -0.014144 0.999856 0.0094321 0.360037 0.0976826 -0.00800618 0.995185 17.4943 
0.995407 0.0148083 -0.0945784 -78.044 -0.0140791 0.999866 0.00837327 0.354854 0.0946896 -0.0070032 0.995482 18.2617 
0.995687 0.0133603 -0.0918113 -78.1258 -0.012455 0.999868 0.0104262 0.351473 0.0919384 -0.00923764 0.995722 19.0348 
0.995931 0.0114943 -0.08938 -78.204 -0.0104016 0.999866 0.0126813 0.347017 0.0895137 -0.0117 0.995917 19.8055 
0.996198 0.00933042 -0.0866184 -78.2768 -0.00810887 0.999863 0.0144434 0.34065 0.0867412 -0.013686 0.996137 20.5717 
0.996441 0.00853672 -0.0838621 -78.3555 -0.0076653 0.999913 0.0107071 0.334507 0.0839461 -0.0100261 0.99642 21.3367 
0.996548 0.0107366 -0.0823162 -78.4343 -0.0104994 0.999939 0.00331292 0.329626 0.0823468 -0.00243716 0.996601 22.0945 
0.996677 0.01114 -0.0806964 -78.51 -0.0115391 0.999923 -0.00448223 0.321024 0.0806403 0.00539854 0.996729 22.8478 
0.996775 0.0119497 -0.0793586 -78.5845 -0.0126769 0.999882 -0.00866623 0.309895 0.0792457 0.00964434 0.996809 23.6036 
0.996924 0.0138922 -0.0771336 -78.659 -0.0144774 0.999871 -0.00703263 0.292907 0.0770258 0.00812774 0.996996 24.3588 
0.997049 0.0178004 -0.0746738 -78.739 -0.0180983 0.999831 -0.00331489 0.274535 0.0746021 0.00465662 0.997203 25.122 
0.99714 0.0214278 -0.0724749 -78.8153 -0.0213578 0.99977 0.00174057 0.257239 0.0724955 -0.000187647 0.997369 25.8863 
0.997378 0.0190327 -0.0698277 -78.8822 -0.0188368 0.999817 0.00346271 0.246853 0.0698808 -0.00213826 0.997553 26.645 
0.997502 0.0164201 -0.0687071 -78.9441 -0.0162356 0.999863 0.00324257 0.235315 0.0687509 -0.00211893 0.997632 27.3962 
0.997605 0.0147357 -0.067586 -79.0054 -0.0145486 0.999889 0.00325908 0.221618 0.0676265 -0.00226795 0.997708 28.1472 
0.997667 0.0147614 -0.0666609 -79.0673 -0.0146985 0.999891 0.00143276 0.209545 0.0666748 -0.000449555 0.997775 28.893 
0.997737 0.0126977 -0.0660248 -79.1263 -0.0127242 0.999919 1.73786e-05 0.20182 0.0660196 0.00082282 0.997818 29.6469 
0.997786 0.0122914 -0.0653607 -79.1856 -0.0123032 0.999924 0.000221656 0.186867 0.0653584 0.000583023 0.997862 30.4012 
0.997796 0.0152769 -0.0645779 -79.254 -0.0152342 0.999883 0.00115191 0.176705 0.0645879 -0.000165531 0.997912 31.1696 
0.997801 0.0155725 -0.06442 -79.3216 -0.0155898 0.999878 0.000233354 0.164831 0.0644158 0.000771498 0.997923 31.9443 
0.997699 0.0151574 -0.0660826 -79.387 -0.0151831 0.999885 0.000112225 0.152705 0.0660767 0.000891417 0.997814 32.7216 
0.997598 0.0126128 -0.0681151 -79.4526 -0.012596 0.99992 0.000675961 0.1428 0.0681182 0.000183686 0.997677 33.5048 
0.997358 0.0144797 -0.0711927 -79.527 -0.0144822 0.999895 0.000479855 0.131176 0.0711922 0.000552486 0.997463 34.2928 
0.997095 0.0180745 -0.0739958 -79.6078 -0.0181226 0.999836 2.11593e-05 0.118285 0.073984 0.00131994 0.997259 35.086 
0.996892 0.0186211 -0.0765426 -79.6907 -0.0190567 0.999806 -0.00496426 0.104902 0.0764352 0.00640752 0.997054 35.8793 
0.996686 0.0192757 -0.0790267 -79.7713 -0.0200163 0.999763 -0.00859013 0.092501 0.0788424 0.0101435 0.996836 36.6812 
0.996536 0.0184045 -0.0811068 -79.8551 -0.0193112 0.999759 -0.0104102 0.0792857 0.0808956 0.0119405 0.996651 37.5009 
0.996365 0.0186901 -0.0831143 -79.9421 -0.0194903 0.999771 -0.00882777 0.058378 0.0829302 0.0104156 0.996501 38.3239 
0.996197 0.0173638 -0.0853816 -80.0256 -0.0181177 0.999803 -0.00806373 0.03916 0.0852247 0.00958003 0.996316 39.1507 
0.996054 0.0165659 -0.0871863 -80.1104 -0.0171827 0.999832 -0.0063295 0.0241968 0.0870668 0.00780266 0.996172 39.9851 
0.995943 0.0160829 -0.0885422 -80.1989 -0.0163785 0.999862 -0.00261415 0.0088303 0.0884879 0.00405378 0.996069 40.8289 
0.995868 0.0158005 -0.0894265 -80.2913 -0.0156708 0.999875 0.00215184 -0.00543543 0.0894493 -0.000741517 0.995991 41.6822 
0.995906 0.0160311 -0.088964 -80.3799 -0.0157093 0.999867 0.00431573 -0.0189143 0.0890214 -0.00290045 0.996026 42.5387 
0.996033 0.0191672 -0.0869 -80.4761 -0.0188688 0.999813 0.00425366 -0.0282469 0.0869653 -0.00259704 0.996208 43.4002 
0.99619 0.01922 -0.0850673 -80.5661 -0.0190528 0.999815 0.0027773 -0.0352607 0.0851049 -0.00114591 0.996371 44.2661 
0.996359 0.0168779 -0.0835645 -80.6519 -0.016885 0.999857 0.000621546 -0.0480508 0.083563 0.000791747 0.996502 45.1375 
0.996578 0.0133459 -0.0815708 -80.7353 -0.0134826 0.999909 -0.00112619 -0.0597425 0.0815482 0.00222216 0.996667 46.0124 
0.996741 0.0123067 -0.0797231 -80.8187 -0.0124591 0.999921 -0.0014145 -0.0721071 0.0796994 0.00240321 0.996816 46.8849 
0.996837 0.0100425 -0.0788331 -80.9021 -0.00999816 0.99995 0.000956456 -0.0869917 0.0788387 -0.000165201 0.996887 47.7616 
0.996914 0.00739027 -0.0781534 -80.9769 -0.00713795 0.999968 0.00350687 -0.101716 0.0781768 -0.00293815 0.996935 48.6407 
0.996977 0.00729626 -0.0773547 -81.0566 -0.00704249 0.999969 0.00355236 -0.113575 0.0773782 -0.00299681 0.996997 49.5156 
0.997055 0.00861009 -0.0762001 -81.1417 -0.00862242 0.999963 0.00016673 -0.127324 0.0761986 0.000490833 0.997093 50.3896 
0.997081 0.0111185 -0.0755341 -81.2286 -0.0115926 0.999916 -0.00584217 -0.143504 0.0754627 0.0067008 0.997126 51.2582 
0.997152 0.0126525 -0.0743502 -81.3159 -0.0135258 0.999845 -0.0112545 -0.165661 0.0741962 0.0122282 0.997169 52.1231 
0.997147 0.0173883 -0.0734527 -81.4056 -0.0186951 0.999678 -0.0171423 -0.191005 0.0731309 0.0184666 0.997151 52.9817 
0.997243 0.0174147 -0.0721266 -81.4876 -0.0187591 0.999662 -0.0180058 -0.219475 0.0717886 0.0193092 0.997233 53.833 
0.997295 0.014334 -0.0720945 -81.5617 -0.0152416 0.999811 -0.0120562 -0.240872 0.071908 0.0131225 0.997325 54.6918 
0.997253 0.0133526 -0.0728516 -81.6361 -0.0135999 0.999903 -0.0029004 -0.266428 0.0728057 0.00388325 0.997339 55.551 
0.997179 0.0123734 -0.0740391 -81.7145 -0.0120499 0.999916 0.00481453 -0.287876 0.0740924 -0.00390874 0.997244 56.4031 
0.997023 0.0105055 -0.0763902 -81.7918 -0.0103522 0.999944 0.00240116 -0.300662 0.0764111 -0.00160315 0.997075 57.2449 
0.99691 0.00543397 -0.078368 -81.8646 -0.00553474 0.999984 -0.00106929 -0.315365 0.0783609 0.00149978 0.996924 58.081 
0.996703 0.00395415 -0.0810383 -81.9439 -0.00418659 0.999988 -0.00269898 -0.331526 0.0810266 0.0030294 0.996707 58.9126 
0.996459 0.00597186 -0.0838714 -82.0305 -0.00642793 0.999966 -0.00516931 -0.35081 0.0838376 0.00569016 0.996463 59.7389 
0.996155 0.00732484 -0.0873013 -82.1202 -0.00810108 0.999931 -0.00854095 -0.372302 0.0872326 0.00921539 0.996145 60.5628 
0.995788 0.00768076 -0.0913651 -82.211 -0.00881715 0.999889 -0.0120412 -0.393029 0.0912624 0.0127961 0.995745 61.3809 
0.995486 0.00948524 -0.0944377 -82.308 -0.0110379 0.999812 -0.015933 -0.41929 0.0942688 0.0169035 0.995403 62.1881 
0.995132 0.0140595 -0.0975469 -82.4126 -0.0156915 0.999749 -0.0159835 -0.446454 0.0972977 0.0174364 0.995103 62.9946 
0.994729 0.0176771 -0.101008 -82.5178 -0.0192281 0.999711 -0.0144024 -0.469188 0.100724 0.0162688 0.994781 63.798 
0.994254 0.0206016 -0.105045 -82.6216 -0.0216188 0.99973 -0.008554 -0.493239 0.10484 0.0107758 0.994431 64.6006 
0.993788 0.0209959 -0.109293 -82.7272 -0.0214552 0.999765 -0.00302855 -0.514708 0.109203 0.00535468 0.994005 65.4013 
0.993235 0.0201747 -0.114357 -82.8333 -0.0202553 0.999795 0.000456663 -0.530788 0.114342 0.0018628 0.99344 66.1963 
0.992469 0.0194384 -0.120946 -82.9438 -0.0193849 0.999811 0.00161878 -0.545348 0.120955 0.000737988 0.992658 66.9875 
0.991752 0.0171539 -0.127023 -83.0558 -0.016637 0.999848 0.00512845 -0.557498 0.127091 -0.00297283 0.991887 67.7736 
0.990866 0.0175788 -0.133703 -83.174 -0.0170914 0.999842 0.00479209 -0.569364 0.133766 -0.00246311 0.99101 68.5515 
0.989928 0.022294 -0.139803 -83.3059 -0.021986 0.999751 0.00374713 -0.582219 0.139852 -0.000635646 0.990172 69.324 
0.988991 0.0241758 -0.145987 -83.4401 -0.0244525 0.999701 -0.000101321 -0.593707 0.145941 0.00367 0.989287 70.0936 
0.988098 0.0229123 -0.152109 -83.5721 -0.0236367 0.999716 -0.00295554 -0.605579 0.151999 0.00651578 0.988359 70.8606 
0.987251 0.0240637 -0.157342 -83.7126 -0.0250373 0.999678 -0.00420855 -0.61975 0.15719 0.00809436 0.987535 71.626 
0.98644 0.0260228 -0.162045 -83.8577 -0.0262833 0.999654 0.000536026 -0.62914 0.162003 0.00373037 0.986783 72.3918 
0.985372 0.0268317 -0.168289 -84.0067 -0.0264367 0.99964 0.00458729 -0.640619 0.168352 -7.1126e-05 0.985727 73.1571 
0.984295 0.0260777 -0.174594 -84.1577 -0.025282 0.999657 0.00678055 -0.657116 0.17471 -0.00225994 0.984617 73.9171 
0.983074 0.0234809 -0.181696 -84.3109 -0.0233557 0.999723 0.00282867 -0.667018 0.181713 0.0014629 0.983351 74.665 
0.981521 0.0213251 -0.190164 -84.4709 -0.0225715 0.999736 -0.0043912 -0.67488 0.19002 0.00860239 0.981743 75.4058 
0.979769 0.0188039 -0.199246 -84.6381 -0.0204585 0.999771 -0.00624862 -0.68896 0.199082 0.0101985 0.97993 76.1461 
0.977554 0.0184502 -0.209874 -84.8183 -0.0196043 0.999802 -0.00342031 -0.703426 0.209769 0.00745803 0.977723 76.8878 
0.975127 0.0183078 -0.220892 -85.005 -0.0181893 0.999831 0.00257029 -0.712011 0.220902 0.00151155 0.975295 77.6235 
0.9723 0.0199231 -0.232885 -85.2038 -0.0180155 0.999785 0.0103155 -0.722994 0.23304 -0.00583415 0.97245 78.3566 
0.969552 0.0205456 -0.244023 -85.4063 -0.0177267 0.999748 0.013742 -0.73389 0.244244 -0.00899785 0.969672 79.079 
0.966607 0.0234258 -0.255191 -85.6245 -0.0218273 0.99972 0.00909432 -0.741871 0.255333 -0.00322045 0.966848 79.7835 
0.963387 0.0225627 -0.267165 -85.8431 -0.0234474 0.999725 -0.000121331 -0.750208 0.267088 0.00638124 0.963651 80.4837 
0.959919 0.0198826 -0.27957 -86.0676 -0.0221815 0.999741 -0.00506148 -0.756078 0.279397 0.01106 0.960112 81.1844 
0.956303 0.0183599 -0.2918 -86.303 -0.019324 0.999813 -0.000422023 -0.760736 0.291738 0.00604237 0.956479 81.8997 
0.95276 0.0195812 -0.303092 -86.5536 -0.0183381 0.999808 0.00694687 -0.772664 0.30317 -0.00106052 0.952936 82.6167 
0.948933 0.0193709 -0.314883 -86.8149 -0.016325 0.999791 0.0123077 -0.781975 0.315056 -0.00653864 0.949051 83.3289 
0.944719 0.0167559 -0.327454 -87.0796 -0.0141924 0.999847 0.0102167 -0.787151 0.327575 -0.00500455 0.944812 84.0361 
0.940773 0.0146245 -0.338721 -87.3524 -0.01359 0.999893 0.00542566 -0.792204 0.338764 -0.000501047 0.940871 84.7364 
0.937492 0.0102424 -0.347857 -87.6302 -0.0114572 0.999933 -0.00143547 -0.804524 0.347819 0.00533125 0.937547 85.4337 
0.934627 0.00626724 -0.355574 -87.9121 -0.00950206 0.999928 -0.00735189 -0.815979 0.355502 0.01025 0.934619 86.1336 
0.93188 0.00598231 -0.362718 -88.2056 -0.0100981 0.999904 -0.00945225 -0.828884 0.362627 0.0124712 0.931851 86.8351 
0.928834 0.011004 -0.370332 -88.5111 -0.0156672 0.999831 -0.00958619 -0.846139 0.370164 0.0147061 0.92885 87.5285 
0.925632 0.0108462 -0.378271 -88.8167 -0.0147007 0.999865 -0.00730371 -0.864081 0.378141 0.0123214 0.925666 88.2286 
0.922315 0.0117156 -0.386261 -89.1269 -0.0130324 0.999915 -0.00079078 -0.875298 0.386219 0.00576333 0.922389 88.9332 
0.919413 0.0133442 -0.393066 -89.4446 -0.011356 0.999908 0.00738336 -0.884131 0.393129 -0.00232467 0.919481 89.6404 
0.916735 0.0231528 -0.398826 -89.7783 -0.0190709 0.999717 0.0141998 -0.898332 0.399042 -0.00541141 0.916917 90.3355 
0.914053 0.02968 -0.404507 -90.1134 -0.0275617 0.999559 0.0110604 -0.906421 0.404656 0.00103918 0.914468 91.0173 
0.91163 0.0259354 -0.410194 -90.4425 -0.0269221 0.999632 0.00337137 -0.910118 0.41013 0.00796987 0.911992 91.7017 
0.90954 0.0178678 -0.415232 -90.7653 -0.0215169 0.99976 -0.00411096 -0.914967 0.415059 0.0126736 0.909706 92.3904 
0.907822 0.0184348 -0.418951 -91.1035 -0.0225394 0.999734 -0.0048498 -0.924157 0.41875 0.0138457 0.907996 93.0784 
0.905575 0.0241807 -0.423497 -91.4553 -0.0266086 0.999646 0.00017973 -0.935526 0.423352 0.0111059 0.905897 93.77 
0.902943 0.0265814 -0.428937 -91.8048 -0.0272347 0.999618 0.00461583 -0.948535 0.428896 0.00751417 0.903322 94.4677 
0.900631 0.0230898 -0.433971 -92.1529 -0.0243238 0.999701 0.00271003 -0.964414 0.433903 0.00811513 0.900923 95.1589 
0.898276 0.0211411 -0.438922 -92.5087 -0.0253311 0.999672 -0.00369127 -0.977399 0.438701 0.0144342 0.898517 95.8433 
0.896039 0.0185267 -0.443589 -92.8672 -0.0257629 0.999615 -0.0102912 -0.988191 0.443228 0.0206495 0.896171 96.5238 
0.893641 0.0189828 -0.44838 -93.2293 -0.027116 0.999564 -0.0117254 -1.00283 0.447962 0.0226366 0.893766 97.2054 
0.891561 0.0218771 -0.452372 -93.5994 -0.0283383 0.99957 -0.00751088 -1.02283 0.452013 0.0195159 0.891798 97.892 
0.889412 0.0234254 -0.456506 -93.9714 -0.0291315 0.999561 -0.00546508 -1.03992 0.456177 0.0181594 0.889704 98.5734 
0.88701 0.024356 -0.461107 -94.3451 -0.0300083 0.999538 -0.00492947 -1.05672 0.460773 0.0182096 0.887331 99.2511 
0.88465 0.0224249 -0.465717 -94.7163 -0.0283181 0.999583 -0.0056602 -1.0743 0.465396 0.0181956 0.884916 99.9259 
0.882514 0.0201737 -0.469854 -95.0886 -0.0263212 0.999632 -0.00651813 -1.08754 0.469549 0.0181195 0.88272 100.594 
0.880291 0.0196306 -0.474029 -95.4659 -0.0255281 0.999656 -0.00600879 -1.10391 0.473748 0.0173906 0.880489 101.259 
0.877897 0.020838 -0.478395 -95.8498 -0.0267689 0.999626 -0.00558143 -1.11986 0.4781 0.0177061 0.878127 101.923 
0.875551 0.0212287 -0.482659 -96.2316 -0.0273294 0.999611 -0.00561024 -1.13942 0.482352 0.0181029 0.875791 102.578 
0.873105 0.0181735 -0.487193 -96.6078 -0.0262497 0.999608 -0.0097547 -1.15944 0.486825 0.0213056 0.87324 103.227 
0.870721 0.0149149 -0.491551 -96.9852 -0.0250583 0.999587 -0.0140578 -1.18546 0.491138 0.0245579 0.870735 103.867 
0.868583 0.0134237 -0.495361 -97.3635 -0.0250251 0.999546 -0.0167933 -1.20523 0.494911 0.0269828 0.868525 104.501 
0.866537 0.0150194 -0.498887 -97.7435 -0.0249257 0.999602 -0.0132008 -1.22127 0.49849 0.0238741 0.866567 105.137 
0.864575 0.0186977 -0.502156 -98.1268 -0.0242744 0.999695 -0.00457047 -1.23736 0.501918 0.0161411 0.864765 105.769 
0.862935 0.0204288 -0.504901 -98.5051 -0.0208227 0.999771 0.0048633 -1.25467 0.504885 0.00631675 0.863164 106.396 
0.861312 0.0198277 -0.507689 -98.8765 -0.0173909 0.999803 0.0095428 -1.2695 0.507778 0.000609883 0.861488 107.006 
0.859588 0.0164241 -0.510723 -99.2406 -0.0138605 0.999865 0.00882576 -1.27759 0.510799 -0.000507601 0.8597 107.601 
0.857858 0.014512 -0.513682 -99.6005 -0.0138328 0.999891 0.00514673 -1.28501 0.5137 0.00269055 0.857966 108.17 
0.856339 0.012284 -0.516269 -99.9582 -0.0130585 0.999913 0.00213146 -1.29312 0.51625 0.00491647 0.856424 108.726 
0.854822 0.0103318 -0.518818 -100.307 -0.0116133 0.999932 0.000778164 -1.30132 0.518791 0.00536004 0.854884 109.274 
0.853546 0.00856645 -0.520947 -100.646 -0.00989294 0.999951 0.000234053 -1.31116 0.520924 0.00495397 0.853589 109.805 
0.85219 0.00876396 -0.523159 -100.979 -0.00967941 0.999953 0.00098406 -1.31997 0.523143 0.00422532 0.852234 110.318 
0.851025 0.00847197 -0.525057 -101.303 -0.00849067 0.999961 0.00237277 -1.33112 0.525057 0.00243885 0.851064 110.815 
0.849438 0.00673679 -0.527645 -101.607 -0.00624015 0.999977 0.00272148 -1.33947 0.527651 0.000980907 0.849461 111.292 
0.848063 0.00509091 -0.529871 -101.903 -0.00431487 0.999987 0.00270167 -1.34816 0.529878 -4.81356e-06 0.848074 111.751 
0.846832 0.00392186 -0.531847 -102.189 -0.00369199 0.999992 0.00149537 -1.35712 0.531848 0.000697299 0.846839 112.19 
0.845629 0.00387551 -0.533757 -102.469 -0.00586462 0.999981 -0.00203068 -1.36953 0.533739 0.00484754 0.845636 112.604 
0.844147 0.00129399 -0.53611 -102.738 -0.00551547 0.999965 -0.00627102 -1.37915 0.536083 0.00825062 0.844125 113.001 
0.841912 -0.00263641 -0.539609 -102.995 -0.00242532 0.99996 -0.00866969 -1.38575 0.53961 0.00860789 0.841871 113.385 
0.839237 -0.00672017 -0.543725 -103.239 0.00249322 0.999961 -0.00851081 -1.39115 0.543761 0.00578701 0.83922 113.752 
0.835755 -0.00578387 -0.549072 -103.479 0.00217432 0.999972 -0.00722407 -1.39877 0.549098 0.00484374 0.835744 114.101 
0.831856 -0.00228297 -0.554987 -103.713 -0.000960251 0.999984 -0.00555284 -1.40769 0.554991 0.00515214 0.83184 114.43 
0.828247 0.00369703 -0.560351 -103.946 -0.00525105 0.999986 -0.00116394 -1.41697 0.560339 0.00390651 0.828254 114.741 
0.824233 0.00893893 -0.56618 -104.166 -0.00705071 0.99996 0.00552318 -1.42271 0.566206 -0.000560377 0.824263 115.037 
0.81945 0.010474 -0.573055 -104.374 -0.00624982 0.999937 0.00933927 -1.42648 0.573117 -0.00407152 0.819464 115.316 
0.813928 0.00766636 -0.580916 -104.566 -0.00198134 0.999944 0.0104202 -1.43053 0.580963 -0.00733021 0.813897 115.577 
0.806962 0.00557299 -0.590577 -104.754 0.00119956 0.999938 0.011075 -1.43229 0.590602 -0.00964547 0.806906 115.818 
0.79821 0.00409593 -0.602366 -104.937 0.00396266 0.99992 0.0120502 -1.43558 0.602367 -0.0120055 0.798129 116.043 
0.787782 0.00463778 -0.615936 -105.117 0.0041618 0.999909 0.0128519 -1.44024 0.61594 -0.0126878 0.787691 116.251 
0.775469 0.00605672 -0.631356 -105.297 0.00216532 0.999923 0.012252 -1.44374 0.631382 -0.0108681 0.775396 116.439 
0.761344 0.00469991 -0.648331 -105.469 0.00200501 0.999952 0.00960336 -1.44992 0.648345 -0.00861132 0.761298 116.612 
0.746304 0.00216225 -0.665602 -105.636 0.000949851 0.99999 0.00431352 -1.45421 0.665605 -0.00385137 0.746295 116.772 
0.731041 -0.00160133 -0.682331 -105.799 0.000970704 0.999999 -0.00130688 -1.45493 0.682333 0.00029309 0.731042 116.921 
0.715485 -0.00164767 -0.698627 -105.966 -0.00319281 0.999979 -0.00562828 -1.45402 0.698621 0.00625758 0.715464 117.059 
0.699597 0.00187273 -0.714535 -106.141 -0.0108495 0.999909 -0.00800208 -1.45441 0.714455 0.0133507 0.699554 117.188 
0.682021 0.00355537 -0.731324 -106.315 -0.0136926 0.999875 -0.00790862 -1.45488 0.731204 0.0154077 0.681985 117.321 
0.662676 0.00198116 -0.748904 -106.488 -0.0108493 0.999917 -0.00695497 -1.45229 0.748828 0.012734 0.662642 117.46 
0.64211 0.000975714 -0.766612 -106.665 -0.00815617 0.999951 -0.0055589 -1.45188 0.766569 0.00982209 0.642087 117.592 
0.61938 0.00260906 -0.785087 -106.85 -0.00843695 0.999959 -0.00333306 -1.4515 0.785046 0.00868822 0.619377 117.713 
0.594865 0.00714439 -0.803794 -107.043 -0.012377 0.999923 -0.00027225 -1.45157 0.80373 0.0101106 0.594908 117.823 
0.569781 0.011053 -0.821722 -107.24 -0.0148009 0.999885 0.00318657 -1.45071 0.821664 0.0103466 0.569879 117.928 
0.543689 0.0138101 -0.839173 -107.437 -0.0168883 0.999842 0.00551246 -1.44996 0.839117 0.0111752 0.543837 118.029 
0.517277 0.0167162 -0.855655 -107.639 -0.0203411 0.999767 0.00723464 -1.44929 0.855576 0.0136627 0.517497 118.119 
0.490049 0.0209283 -0.871444 -107.844 -0.024813 0.999642 0.0100537 -1.45039 0.871342 0.0166963 0.490392 118.199 
0.461753 0.0238468 -0.886688 -108.049 -0.0273713 0.999546 0.012628 -1.45316 0.886586 0.0184389 0.462195 118.273 
0.431575 0.0230541 -0.901782 -108.258 -0.026573 0.999564 0.0128366 -1.45424 0.901686 0.0184231 0.432 118.345 
0.398856 0.01982 -0.916799 -108.482 -0.0268125 0.999591 0.00994497 -1.45539 0.916622 0.0206151 0.399224 118.412 
0.363924 0.0153226 -0.931302 -108.725 -0.0267006 0.999625 0.00601291 -1.45281 0.931046 0.0226781 0.364197 118.474 
0.324422 0.0128216 -0.945825 -108.987 -0.0267492 0.999633 0.0043759 -1.44894 0.945534 0.0238805 0.324646 118.53 
0.282465 0.0114055 -0.95921 -109.271 -0.0265672 0.999639 0.00406281 -1.44251 0.95891 0.024336 0.282666 118.581 
0.238389 0.00912449 -0.971127 -109.575 -0.0261919 0.999653 0.00296299 -1.43537 0.970816 0.0247294 0.238545 118.619 
0.190742 0.00601904 -0.981622 -109.896 -0.025481 0.999675 0.00117845 -1.42728 0.98131 0.0247879 0.190833 118.647 
0.141301 0.00353458 -0.98996 -110.232 -0.025081 0.999685 -1.06062e-05 -1.419 0.989649 0.0248307 0.141345 118.656 
0.0909044 0.00251023 -0.995857 -110.585 -0.0249732 0.999688 0.000240265 -1.40898 0.995546 0.0248479 0.0909388 118.647 
0.0385365 0.00388461 -0.99925 -110.947 -0.0243484 0.999699 0.00294734 -1.40653 0.998961 0.0242166 0.0386195 118.62 
-0.0149182 0.00613953 -0.99987 -111.321 -0.0216566 0.999745 0.00646188 -1.40342 0.999654 0.0217502 -0.0147814 118.577 
-0.06876 0.00786271 -0.997602 -111.703 -0.0188496 0.99978 0.00917909 -1.39891 0.997455 0.0194356 -0.0685967 118.514 
-0.122658 0.00948033 -0.992404 -112.095 -0.0152977 0.999818 0.0114419 -1.39571 0.992331 0.016585 -0.12249 118.43 
-0.175765 0.010752 -0.984373 -112.499 -0.0131619 0.999825 0.0132709 -1.38788 0.984344 0.0152889 -0.175593 118.319 
-0.227085 0.0119878 -0.973801 -112.911 -0.0116793 0.999819 0.0150317 -1.3804 0.973805 0.0147868 -0.226904 118.181 
-0.276403 0.013148 -0.960952 -113.332 -0.00893994 0.999828 0.0162513 -1.3729 0.961 0.0130828 -0.276238 118.021 
-0.324578 0.0144345 -0.945749 -113.763 -0.0047357 0.999846 0.0168855 -1.364 0.945847 0.00995947 -0.32446 117.839 
-0.371005 0.0159293 -0.928494 -114.194 -0.00034037 0.999851 0.0172895 -1.35805 0.928631 0.00673054 -0.370944 117.631 
-0.415011 0.0177311 -0.909643 -114.632 0.003744 0.999835 0.017781 -1.3511 0.909809 0.00397366 -0.415009 117.395 
