1 2.12261e-08 -2.11895e-08 -3.79384e-15 2.12261e-08 1 2.10703e-08 -1.77636e-15 -2.11895e-08 2.10703e-08 1 -2.87548e-14 
0.999996 0.00268373 0.000275238 -0.0159292 -0.00268411 0.999995 0.00157135 -0.0180806 -0.000271062 -0.00157204 0.999999 0.778577 
0.999985 0.00539362 0.000293912 -0.0282353 -0.00539416 0.999983 0.00201753 -0.0358075 -0.000283068 -0.00201905 0.999998 1.54855 
0.999977 0.00664196 0.00123687 -0.0622208 -0.00664408 0.999976 0.00175104 -0.0540531 -0.00122525 -0.00175918 0.999998 2.29858 
0.999962 0.00850513 0.00170984 -0.0915293 -0.00850793 0.999962 0.00166196 -0.0730051 -0.00169568 -0.0016764 0.999997 3.01953 
0.999963 0.00834185 0.00229788 -0.115519 -0.00834527 0.999964 0.00150447 -0.0884618 -0.00228529 -0.00152355 0.999996 3.73344 
0.999961 0.00841033 0.00270735 -0.134027 -0.00841713 0.999961 0.00252479 -0.104125 -0.00268605 -0.00254744 0.999993 4.43783 
0.999953 0.00911261 0.00321072 -0.146089 -0.00912931 0.999945 0.00524124 -0.117146 -0.00316282 -0.00527027 0.999981 5.12982 
0.999951 0.00876605 0.00460169 -0.156867 -0.00880763 0.99992 0.00910424 -0.125566 -0.00452156 -0.00914428 0.999948 5.80408 
0.999952 0.0080542 0.00567369 -0.158275 -0.0081243 0.99989 0.0124493 -0.131401 -0.00557283 -0.0124948 0.999906 6.45215 
0.999952 0.00721664 0.00656004 -0.160161 -0.00731174 0.999867 0.014597 -0.13943 -0.00645387 -0.0146442 0.999872 7.07447 
0.999941 0.00768613 0.00765748 -0.164681 -0.00779583 0.999866 0.0144062 -0.147593 -0.00754577 -0.014465 0.999867 7.67236 
0.999924 0.00873892 0.00864532 -0.168203 -0.00883948 0.999893 0.011668 -0.155023 -0.00854247 -0.0117435 0.999895 8.24219 
0.999916 0.00876644 0.0095045 -0.169737 -0.00885079 0.999921 0.00887387 -0.16219 -0.009426 -0.00895721 0.999915 8.77916 
0.999914 0.00714605 0.0109608 -0.166045 -0.0072258 0.999948 0.00725762 -0.165208 -0.0109084 -0.00733616 0.999914 9.29563 
0.999912 0.00331898 0.0128418 -0.162949 -0.00338089 0.999983 0.00480531 -0.170734 -0.0128256 -0.00484826 0.999906 9.77496 
0.999891 0.00165187 0.014657 -0.158572 -0.00170455 0.999992 0.00358521 -0.178145 -0.014651 -0.00360976 0.999886 10.2276 
0.999842 0.00589347 0.0167762 -0.16529 -0.00592092 0.999981 0.00158956 -0.188472 -0.0167666 -0.00168859 0.999858 10.6438 
0.999749 0.0102726 0.0198933 -0.171734 -0.010288 0.999947 0.000673304 -0.195317 -0.0198854 -0.000877757 0.999802 11.029 
0.999668 0.010842 0.0233938 -0.17104 -0.0108843 0.999939 0.00168625 -0.202083 -0.0233742 -0.00194028 0.999725 11.3883 
0.999628 0.00660799 0.0264496 -0.158565 -0.00666872 0.999975 0.00221039 -0.208555 -0.0264344 -0.00238591 0.999648 11.7131 
0.999575 0.00174096 0.0290975 -0.148732 -0.00180052 0.999996 0.00202228 -0.212203 -0.0290939 -0.00207377 0.999575 12.005 
0.999501 -0.0018358 0.0315231 -0.137584 0.00172875 0.999993 0.00342399 -0.218458 -0.0315292 -0.00336775 0.999497 12.2678 
0.999412 -0.00188559 0.0342282 -0.1322 0.00173865 0.999989 0.00432361 -0.222382 -0.034236 -0.00426151 0.999405 12.5003 
0.999327 -0.00112898 0.0366542 -0.132723 0.00100668 0.999994 0.00335604 -0.226158 -0.0366579 -0.00331684 0.999322 12.7064 
0.999246 -0.000140595 0.0388301 -0.128488 6.64409e-05 0.999998 0.00191209 -0.230445 -0.0388304 -0.00190803 0.999244 12.8952 
0.999133 0.00207366 0.0415808 -0.129272 -0.00212168 0.999997 0.00111175 -0.23587 -0.0415784 -0.00119897 0.999135 13.067 
0.999053 0.00480763 0.0432524 -0.129206 -0.00483337 0.999988 0.000491455 -0.243081 -0.0432495 -0.000700003 0.999064 13.2315 
0.998985 0.00600414 0.0446357 -0.125547 -0.00597415 0.999982 -0.000804203 -0.250537 -0.0446398 0.000536767 0.999003 13.3901 
0.998899 0.00522699 0.0466222 -0.118421 -0.0051129 0.999984 -0.00256503 -0.254525 -0.0466349 0.00232387 0.998909 13.5415 
0.998835 0.00395234 0.0480933 -0.109171 -0.00376395 0.999985 -0.00400628 -0.25797 -0.0481085 0.00382063 0.998835 13.6892 
0.998779 0.00330691 0.0492865 -0.101648 -0.00305872 0.999982 -0.00510932 -0.260604 -0.0493026 0.00495237 0.998772 13.8291 
0.998697 0.00394095 0.0508865 -0.0987332 -0.00361612 0.999973 -0.006473 -0.263302 -0.0509106 0.0062806 0.998684 13.9622 
0.998629 0.00488507 0.0521184 -0.0928096 -0.00444635 0.999954 -0.0085296 -0.267495 -0.0521577 0.00828621 0.998605 14.0875 
0.998586 0.00489916 0.0529272 -0.0859313 -0.00433979 0.999934 -0.0106776 -0.271547 -0.0529761 0.0104329 0.998541 14.2131 
0.998551 0.00407941 0.0536659 -0.0782028 -0.00338805 0.99991 -0.0129666 -0.275188 -0.053714 0.0127661 0.998475 14.3384 
0.998582 0.00315008 0.0531514 -0.0719028 -0.00236419 0.999887 -0.0148415 -0.278541 -0.0531922 0.0146948 0.998476 14.4654 
0.998694 0.0026413 0.0510144 -0.0662742 -0.00182681 0.99987 -0.0160049 -0.281881 -0.0510501 0.0158909 0.99857 14.5937 
0.99884 0.00281831 0.0480658 -0.0655501 -0.00200491 0.999854 -0.0169616 -0.286057 -0.0481066 0.0168456 0.9987 14.7222 
0.999025 0.00319554 0.0440371 -0.067043 -0.00240161 0.999834 -0.0180688 -0.290829 -0.0440876 0.0179454 0.998867 14.8504 
0.999264 0.00342908 0.038198 -0.0676493 -0.00269399 0.999811 -0.0192781 -0.292569 -0.0382569 0.0191611 0.999084 14.9781 
0.999499 0.00324927 0.0314859 -0.0705688 -0.00261981 0.999796 -0.0200111 -0.295165 -0.0315446 0.0199186 0.999304 15.1065 
0.999697 0.00334905 0.0243844 -0.0768981 -0.00284153 0.999779 -0.0208161 -0.297782 -0.0244488 0.0207406 0.999486 15.2351 
0.999864 0.00311592 0.0162086 -0.0827938 -0.0027639 0.999761 -0.0216929 -0.30181 -0.0162724 0.0216452 0.999633 15.3696 
0.99998 0.00199567 0.00606902 -0.0910157 -0.00185568 0.999734 -0.0229782 -0.303853 -0.00611331 0.0229665 0.999718 15.51 
0.999977 0.000216013 -0.00685829 -0.104865 -0.000384404 0.999698 -0.0245673 -0.306823 0.00685087 0.0245694 0.999675 15.6577 
0.999732 -0.000555263 -0.0231441 -0.124904 -5.89742e-05 0.999648 -0.0265324 -0.309292 0.0231507 0.0265267 0.99938 15.8192 
0.999096 -0.000201377 -0.0425213 -0.153283 -0.000966439 0.999623 -0.0274429 -0.314658 0.0425108 0.0274592 0.998719 15.996 
0.997931 0.000532309 -0.0642925 -0.190963 -0.00227598 0.999631 -0.0270513 -0.320155 0.0642544 0.0271417 0.997564 16.1904 
0.996103 0.000998387 -0.0881871 -0.233489 -0.00327064 0.999666 -0.025626 -0.326224 0.088132 0.0258146 0.995774 16.4046 
0.993356 0.00188153 -0.11507 -0.288326 -0.00468132 0.999699 -0.0240661 -0.33421 0.11499 0.0244449 0.993066 16.6327 
0.989375 0.00285183 -0.145358 -0.35475 -0.00611481 0.999739 -0.0220064 -0.341152 0.145257 0.0226615 0.989134 16.8724 
0.983904 0.00284885 -0.178674 -0.431408 -0.00626247 0.999808 -0.0185444 -0.347934 0.178587 0.0193649 0.983734 17.1261 
0.976412 0.0036641 -0.215886 -0.524405 -0.00697486 0.999869 -0.0145759 -0.352361 0.215805 0.0157379 0.97631 17.3973 
0.966716 0.00533405 -0.255797 -0.643729 -0.00797727 0.999925 -0.00929697 -0.354262 0.255728 0.0110281 0.966686 17.683 
0.954614 0.00902983 -0.297708 -0.766941 -0.0108502 0.999931 -0.00446271 -0.358073 0.297648 0.00749042 0.954646 17.9601 
0.940269 0.012484 -0.340202 -0.912767 -0.0132981 0.999912 -6.17128e-05 -0.361778 0.340172 0.00458214 0.940352 18.2475 
0.923252 0.0149483 -0.383904 -1.07021 -0.0138761 0.999888 0.0055625 -0.365831 0.383944 0.000191565 0.923356 18.5399 
0.903625 0.0182723 -0.427934 -1.24566 -0.0139108 0.999815 0.0133168 -0.371482 0.428098 -0.00608045 0.903712 18.8362 
0.881397 0.0223757 -0.471847 -1.44661 -0.0147108 0.999693 0.0199277 -0.372371 0.472148 -0.010623 0.881455 19.1331 
0.856062 0.0271953 -0.516157 -1.66779 -0.0170518 0.999557 0.0243836 -0.371878 0.516592 -0.0120724 0.856147 19.4248 
0.827374 0.0302066 -0.560839 -1.90778 -0.0178106 0.999462 0.0275558 -0.368477 0.561369 -0.01281 0.827466 19.719 
0.795716 0.0337174 -0.604731 -2.17056 -0.0202182 0.999372 0.0291174 -0.362743 0.605333 -0.0109426 0.795897 20.0081 
0.761007 0.0361719 -0.647734 -2.46011 -0.0204551 0.999286 0.0317716 -0.352653 0.648421 -0.0109289 0.761204 20.2978 
0.722852 0.0400301 -0.689842 -2.77602 -0.0214508 0.999139 0.0355007 -0.3391 0.690669 -0.0108641 0.723089 20.587 
0.683033 0.0412046 -0.729224 -3.12115 -0.0191093 0.999074 0.0385535 -0.326102 0.730138 -0.0123983 0.683188 20.8642 
0.641358 0.0410963 -0.76614 -3.49696 -0.0162956 0.999069 0.0399492 -0.313646 0.767069 -0.013137 0.641431 21.1362 
0.598038 0.0400071 -0.800468 -3.89672 -0.0107809 0.999065 0.0418783 -0.300728 0.801395 -0.0164151 0.59791 21.3936 
0.552861 0.0401043 -0.832308 -4.32088 -0.00600357 0.999007 0.0441487 -0.284271 0.833252 -0.0194112 0.552553 21.6343 
0.505646 0.0413521 -0.861749 -4.77252 -0.00406651 0.998954 0.04555 -0.263521 0.862731 -0.0195278 0.505286 21.8533 
0.455507 0.0407668 -0.889298 -5.25018 -0.00277946 0.999011 0.0443725 -0.239987 0.890228 -0.0177402 0.45517 22.05 
0.402762 0.0395764 -0.914449 -5.74996 0.00230206 0.999018 0.0442504 -0.217981 0.915302 -0.0199274 0.402275 22.2289 
0.348744 0.0386744 -0.93642 -6.27355 0.00746973 0.999002 0.0440409 -0.196715 0.937188 -0.0223538 0.348107 22.3874 
0.294415 0.037543 -0.95494 -6.82036 0.00990385 0.999055 0.0423307 -0.171924 0.955626 -0.0219203 0.293765 22.5165 
0.240636 0.0431999 -0.969654 -7.39641 0.0106611 0.998831 0.0471456 -0.144795 0.970557 -0.0216825 0.239894 22.6182 
0.188846 0.0481311 -0.980827 -7.99495 0.0131277 0.998585 0.0515301 -0.118645 0.981919 -0.0226072 0.187947 22.6926 
0.140271 0.049502 -0.988875 -8.61012 0.0185802 0.998442 0.0526165 -0.094911 0.989939 -0.025754 0.139133 22.7477 
0.0956785 0.0508922 -0.994111 -9.24506 0.021142 0.998363 0.0531447 -0.0757652 0.995188 -0.0261022 0.0944459 22.7768 
0.0549977 0.0490754 -0.99728 -9.89707 0.0210619 0.998512 0.0502975 -0.0486441 0.998264 -0.0237708 0.0538822 22.7813 
0.0190644 0.0446661 -0.99882 -10.5632 0.0186584 0.998812 0.0450218 -0.0156898 0.999644 -0.0194947 0.0182083 22.7609 
-0.00956054 0.044539 -0.998962 -11.2523 0.0164163 0.99888 0.0443783 0.0166391 0.99982 -0.0159749 -0.010281 22.7224 
-0.0305433 0.0485822 -0.998352 -11.9614 0.0149351 0.998729 0.0481436 0.045245 0.999422 -0.01344 -0.03123 22.6733 
-0.0433823 0.0545763 -0.997567 -12.6921 0.0164629 0.99841 0.0539065 0.0737877 0.998923 -0.0140843 -0.0442118 22.6205 
-0.0513751 0.057177 -0.997041 -13.4399 0.0160261 0.998278 0.0564222 0.103932 0.998551 -0.0130799 -0.052203 22.5628 
-0.0550936 0.0545019 -0.996993 -14.204 0.0171377 0.998414 0.0536326 0.134529 0.998334 -0.0141313 -0.0559402 22.5035 
-0.0542807 0.0507198 -0.997237 -14.983 0.024415 0.998478 0.049454 0.170363 0.998227 -0.0216631 -0.0554365 22.4532 
-0.0501537 0.0493109 -0.997523 -15.7863 0.0361834 0.998214 0.0475258 0.211259 0.998086 -0.0337101 -0.0518484 22.4193 
-0.0446583 0.049186 -0.997791 -16.6347 0.0363483 0.998206 0.0475796 0.253614 0.998341 -0.0341431 -0.046366 22.375 
-0.0394142 0.0475788 -0.99809 -17.5012 0.0344581 0.998336 0.0462298 0.283434 0.998629 -0.0325702 -0.0409881 22.3226 
-0.0360481 0.0413322 -0.998495 -18.363 0.0379013 0.998482 0.0399634 0.315659 0.998631 -0.0364036 -0.0375599 22.2845 
-0.0337359 0.0305488 -0.998964 -19.2281 0.035712 0.998931 0.0293418 0.34159 0.998793 -0.0346851 -0.0347908 22.2368 
-0.0330229 0.02201 -0.999212 -20.1258 0.0281288 0.999382 0.0210841 0.361433 0.999059 -0.0274103 -0.0336216 22.1773 
-0.0342264 0.0190649 -0.999232 -21.0505 0.0224606 0.99958 0.0183022 0.382459 0.999162 -0.0218169 -0.0346403 22.1196 
-0.0375368 0.0248748 -0.998986 -22 0.0133082 0.999614 0.0243903 0.395994 0.999207 -0.0123792 -0.0378534 22.0469 
-0.0423395 0.0329086 -0.998561 -22.9894 0.00842691 0.999434 0.03258 0.417655 0.999068 -0.00703533 -0.0425929 21.9689 
-0.0466558 0.0422143 -0.998019 -24.0104 0.00680323 0.999097 0.0419419 0.452912 0.998888 -0.00483288 -0.0469009 21.8895 
-0.0480062 0.0520792 -0.997488 -25.041 0.00538344 0.998639 0.0518802 0.494542 0.998833 -0.00287931 -0.0482212 21.8124 
-0.0490151 0.0598174 -0.997005 -26.0693 0.00716613 0.9982 0.0595368 0.536289 0.998772 -0.00422643 -0.0493555 21.7432 
-0.0505093 0.0605658 -0.996885 -27.0894 0.0079716 0.998152 0.0602388 0.583667 0.998692 -0.00490411 -0.0508988 21.6755 
-0.0524074 0.05778 -0.996953 -28.1094 0.0068456 0.998322 0.0574995 0.629815 0.998602 -0.0038113 -0.052715 21.6061 
-0.0552955 0.0528563 -0.99707 -29.1237 0.00666974 0.998595 0.0525672 0.669503 0.998448 -0.00374342 -0.0555704 21.5312 
-0.0599696 0.0476314 -0.997063 -30.1427 0.00669529 0.998858 0.0473145 0.705005 0.998178 -0.00383816 -0.06022 21.452 
-0.0656171 0.0429479 -0.99692 -31.1638 0.0067188 0.99907 0.0425983 0.739525 0.997822 -0.0039029 -0.0658446 21.3669 
-0.0727128 0.0409831 -0.996511 -32.1968 0.00581029 0.999156 0.040668 0.771553 0.997336 -0.00283289 -0.0728896 21.2705 
-0.0790812 0.0434567 -0.995921 -33.2552 0.00590411 0.999052 0.0431246 0.803563 0.996851 -0.00246964 -0.0792629 21.1623 
-0.0851018 0.0483774 -0.995197 -34.3226 0.00435156 0.998829 0.0481818 0.835218 0.996363 -0.000230263 -0.0852127 21.0444 
-0.0909624 0.0512162 -0.994536 -35.396 0.00155606 0.998683 0.0512874 0.871224 0.995853 0.00311771 -0.0909223 20.9171 
-0.0953224 0.0534171 -0.994012 -36.4746 -0.00165423 0.998549 0.0538196 0.913064 0.995445 0.00677457 -0.0950958 20.7827 
-0.0978301 0.0547107 -0.993698 -37.5524 -0.00612398 0.998436 0.0555745 0.954168 0.995184 0.0115223 -0.097342 20.6469 
-0.099492 0.0558642 -0.993469 -38.6324 -0.00999103 0.998316 0.0571374 0.997979 0.994988 0.0156105 -0.0987664 20.5114 
-0.101073 0.0553227 -0.99334 -39.716 -0.0114754 0.998321 0.0567678 1.04376 0.994813 0.0171367 -0.100269 20.3782 
-0.10249 0.0543954 -0.993246 -40.7997 -0.0119448 0.998364 0.0559083 1.0895 0.994662 0.0175942 -0.101673 20.2435 
-0.103602 0.0536477 -0.993171 -41.8868 -0.0130655 0.998385 0.0552923 1.1333 0.994533 0.0187048 -0.102734 20.1072 
-0.104473 0.0526109 -0.993135 -42.9811 -0.0152531 0.998398 0.0544942 1.17767 0.994411 0.0208417 -0.103503 19.9662 
-0.105214 0.0500439 -0.99319 -44.0658 -0.0197148 0.998432 0.0523966 1.21801 0.994254 0.0250934 -0.104063 19.8241 
-0.105455 0.0450132 -0.993405 -45.1572 -0.0250302 0.998538 0.0479029 1.25706 0.994109 0.0299167 -0.104174 19.6775 
-0.104777 0.0443005 -0.993509 -46.2604 -0.0263642 0.998533 0.0473049 1.29937 0.994146 0.0311496 -0.103455 19.5409 
-0.103227 0.048396 -0.99348 -47.378 -0.0272598 0.998303 0.0514634 1.34209 0.994284 0.0323945 -0.101733 19.4017 
-0.101264 0.0513675 -0.993533 -48.4966 -0.0274524 0.998142 0.0544039 1.38528 0.994481 0.032784 -0.099666 19.2651 
-0.0997413 0.0509106 -0.99371 -49.6064 -0.0255344 0.99823 0.0537052 1.43403 0.994686 0.0307305 -0.0982648 19.1337 
-0.097268 0.0500713 -0.993998 -50.7254 -0.0252931 0.998287 0.0527624 1.47819 0.994937 0.0302734 -0.0958349 19.0028 
-0.0930363 0.0504675 -0.994383 -51.8587 -0.0296741 0.99813 0.0534341 1.52295 0.99522 0.0344788 -0.0913648 18.865 
-0.0869611 0.0511812 -0.994896 -52.9927 -0.0346921 0.997918 0.054369 1.5694 0.995608 0.0392431 -0.0850045 18.7308 
-0.0810469 0.0505641 -0.995427 -54.1302 -0.0384889 0.997809 0.0538188 1.61827 0.995967 0.0426748 -0.0789231 18.6085 
-0.075262 0.0497048 -0.995924 -55.2793 -0.0399269 0.997806 0.0528159 1.66522 0.996364 0.0437392 -0.0731123 18.4981 
-0.0690645 0.0488307 -0.996416 -56.4308 -0.0395502 0.997882 0.0516438 1.71111 0.996828 0.0429753 -0.066987 18.3856 
-0.0640549 0.0487374 -0.996756 -57.569 -0.0377167 0.997975 0.0512209 1.75344 0.997233 0.0408753 -0.062087 18.2988 
-0.058406 0.049296 -0.997075 -58.7145 -0.0368595 0.997993 0.0515005 1.79742 0.997612 0.0397596 -0.0564717 18.2089 
-0.0524934 0.0508498 -0.997326 -59.8731 -0.0359221 0.99796 0.0527728 1.84301 0.997975 0.0385963 -0.0505597 18.1221 
-0.0465814 0.0519381 -0.997563 -61.0392 -0.0367714 0.997881 0.0536717 1.89127 0.998238 0.0391819 -0.0445729 18.0417 
-0.0411328 0.0510961 -0.997846 -62.2115 -0.0363849 0.997953 0.0526014 1.93859 0.998491 0.0384702 -0.0391894 17.9724 
-0.035681 0.0463252 -0.998289 -63.3852 -0.036664 0.998192 0.0476312 1.98442 0.99869 0.0383009 -0.033918 17.8998 
-0.0306348 0.0409288 -0.998692 -64.5571 -0.0365569 0.998447 0.0420401 2.02445 0.998862 0.037797 -0.029091 17.8337 
-0.0263834 0.0402555 -0.998841 -65.7313 -0.0365533 0.998482 0.0412065 2.06235 0.998983 0.0375982 -0.0248719 17.7726 
-0.0231237 0.0426557 -0.998822 -66.9092 -0.0358221 0.998412 0.0434675 2.0954 0.999091 0.0367851 -0.0215589 17.7239 
-0.0210159 0.0419708 -0.998898 -68.0863 -0.0361945 0.998432 0.0427127 2.13427 0.999124 0.0370523 -0.0194638 17.6751 
-0.0196622 0.0415193 -0.998944 -69.2653 -0.0380864 0.998381 0.0422456 2.17431 0.999081 0.0388769 -0.0180491 17.6223 
-0.0184058 0.0422512 -0.998938 -70.4471 -0.0393205 0.998303 0.0429489 2.20969 0.999057 0.0400693 -0.0167132 17.5702 
-0.0168212 0.0416907 -0.998989 -71.6328 -0.04008 0.998299 0.0423368 2.24449 0.999055 0.0407517 -0.0151217 17.5215 
-0.0151403 0.039449 -0.999107 -72.8236 -0.0407848 0.998365 0.0400378 2.28075 0.999053 0.0413546 -0.0135066 17.4735 
-0.0136329 0.0380223 -0.999184 -74.0192 -0.0393232 0.998483 0.0385322 2.31438 0.999134 0.0398164 -0.012117 17.4252 
-0.0123783 0.0379446 -0.999203 -75.2155 -0.0361262 0.99861 0.0383697 2.34279 0.999271 0.0365724 -0.0109903 17.3846 
-0.0121521 0.0388492 -0.999171 -76.4038 -0.0336368 0.998664 0.0392385 2.3693 0.99936 0.0340858 -0.0108291 17.3528 
-0.0120961 0.0416089 -0.999061 -77.5951 -0.0332119 0.998566 0.0419904 2.39897 0.999375 0.0336886 -0.0106968 17.3172 
-0.0114586 0.0451542 -0.998914 -78.7851 -0.0355292 0.998331 0.0455354 2.42956 0.999303 0.0360124 -0.0098352 17.2792 
-0.010655 0.0450104 -0.99893 -79.9658 -0.0379168 0.99825 0.0453842 2.46209 0.999224 0.0383598 -0.00892975 17.2423 
-0.0102308 0.0427215 -0.999035 -81.16 -0.0391342 0.998304 0.043091 2.4995 0.999182 0.0395374 -0.00854161 17.207 
-0.00972393 0.0401499 -0.999146 -82.3493 -0.0388905 0.998422 0.0404993 2.53304 0.999196 0.0392511 -0.00814714 17.1729 
-0.00951201 0.0394462 -0.999176 -83.5347 -0.036671 0.998536 0.03977 2.56086 0.999282 0.0370191 -0.00805155 17.1442 
-0.00954593 0.0409667 -0.999115 -84.7091 -0.0351384 0.99853 0.0412785 2.58831 0.999337 0.0355014 -0.00809239 17.1154 
-0.00938951 0.0437854 -0.998997 -85.8893 -0.0346048 0.998428 0.0440857 2.61695 0.999357 0.034984 -0.00785957 17.0874 
-0.00887163 0.0461805 -0.998894 -87.0709 -0.0350599 0.998305 0.0464647 2.64698 0.999346 0.0354334 -0.0072375 17.0577 
-0.00905215 0.0463832 -0.998883 -88.2562 -0.0362278 0.998253 0.0466823 2.68113 0.999303 0.03661 -0.00735596 17.028 
-0.00887253 0.0442201 -0.998982 -89.4384 -0.0354416 0.99838 0.0445082 2.7156 0.999332 0.0358005 -0.00729093 17.0023 
-0.00881891 0.0427334 -0.999048 -90.6185 -0.0337776 0.998504 0.0430083 2.74864 0.999391 0.0341247 -0.00736228 16.9784 
-0.00916667 0.0437421 -0.999001 -91.799 -0.0321423 0.998514 0.0440157 2.77995 0.999441 0.0325137 -0.00774707 16.9551 
-0.00936805 0.0466363 -0.998868 -92.9884 -0.0296713 0.998459 0.0468955 2.81438 0.999516 0.0300771 -0.00796986 16.9312 
-0.0094169 0.0490486 -0.998752 -94.1803 -0.0283876 0.998381 0.049298 2.85287 0.999553 0.0288164 -0.00800928 16.8983 
-0.00908596 0.0507577 -0.99867 -95.3658 -0.0287935 0.998284 0.051 2.89297 0.999544 0.0292186 -0.00760887 16.8647 
-0.00905383 0.0525061 -0.99858 -96.5405 -0.0310287 0.998125 0.0527635 2.9347 0.999478 0.0314624 -0.00740765 16.8338 
-0.00883641 0.051699 -0.998624 -97.7098 -0.0329607 0.998105 0.0519638 2.97333 0.999418 0.0333745 -0.00711563 16.8017 
-0.00924122 0.0477424 -0.998817 -98.8762 -0.0351722 0.998226 0.0480396 3.01066 0.999339 0.0355746 -0.00754562 16.7716 
-0.00908269 0.0459839 -0.998901 -100.044 -0.0361488 0.998274 0.0462837 3.04843 0.999305 0.0365295 -0.00740475 16.7413 
-0.00913741 0.0442929 -0.998977 -101.203 -0.0359275 0.998359 0.0445942 3.08327 0.999313 0.0362983 -0.00753108 16.7138 
-0.00928091 0.0444592 -0.998968 -102.358 -0.0344652 0.998403 0.0447543 3.11997 0.999363 0.0348451 -0.0077338 16.6893 
-0.00957711 0.046581 -0.998869 -103.519 -0.0345626 0.998302 0.0468859 3.15464 0.999357 0.0349726 -0.00795089 16.6607 
-0.00971251 0.0486158 -0.99877 -104.681 -0.0330291 0.998257 0.048912 3.19085 0.999407 0.0334636 -0.00808984 16.6351 
-0.0104218 0.0475044 -0.998817 -105.849 -0.0368316 0.998175 0.0478582 3.23205 0.999267 0.0372868 -0.00865309 16.5997 
-0.0105901 0.0485625 -0.998764 -107.02 -0.0408434 0.997965 0.0489568 3.27286 0.999109 0.0413114 -0.00858507 16.5611 
-0.0108795 0.0475751 -0.998808 -108.191 -0.0440667 0.997874 0.0480106 3.31276 0.998969 0.0445366 -0.00875987 16.5212 
-0.0111788 0.0437404 -0.99898 -109.367 -0.0447258 0.998021 0.0441989 3.34969 0.998937 0.0451743 -0.00920034 16.4853 
-0.0119339 0.0397348 -0.999139 -110.543 -0.0447703 0.998187 0.0402317 3.38595 0.998926 0.0452119 -0.0101333 16.4503 
-0.013152 0.0387392 -0.999163 -111.737 -0.041117 0.998383 0.0392501 3.41945 0.999068 0.0415988 -0.0115379 16.4197 
-0.0136562 0.0381686 -0.999178 -112.945 -0.0364906 0.998587 0.0386448 3.45225 0.999241 0.0369884 -0.0122441 16.3871 
-0.0142252 0.0400118 -0.999098 -114.165 -0.0356217 0.998545 0.0404968 3.48802 0.999264 0.0361657 -0.0127793 16.35 
-0.0150091 0.0440447 -0.998917 -115.394 -0.0346704 0.998406 0.0445431 3.52173 0.999286 0.0353015 -0.0134581 16.3091 
-0.0155875 0.0441423 -0.998904 -116.639 -0.0330433 0.998457 0.0446381 3.56168 0.999332 0.033703 -0.0141048 16.2689 
-0.0161438 0.0397372 -0.99908 -117.885 -0.0331267 0.99864 0.040255 3.603 0.999321 0.0337461 -0.0148055 16.2242 
-0.0172875 0.0359996 -0.999202 -119.131 -0.0332363 0.998779 0.0365593 3.63868 0.999298 0.0338419 -0.0160699 16.1838 
-0.0179738 0.0347275 -0.999235 -120.386 -0.0322547 0.998856 0.0352946 3.66705 0.999318 0.0328645 -0.0168332 16.1344 
-0.0186717 0.0360025 -0.999177 -121.641 -0.0343292 0.998739 0.0366283 3.69699 0.999236 0.0349849 -0.0174122 16.0851 
-0.0192785 0.0405425 -0.998992 -122.915 -0.0391056 0.998382 0.0412724 3.73056 0.999049 0.0398619 -0.0176619 16.0315 
-0.0193712 0.0436298 -0.99886 -124.189 -0.0445712 0.998017 0.0444574 3.76878 0.998818 0.0453816 -0.0173882 15.9731 
-0.0190794 0.0432901 -0.99888 -125.458 -0.051895 0.997673 0.044229 3.80959 0.99847 0.0526808 -0.0167885 15.9083 
-0.0184145 0.0412024 -0.998981 -126.731 -0.0552854 0.99758 0.0421637 3.84776 0.998301 0.0560056 -0.0160921 15.846 
-0.0185647 0.0399577 -0.999029 -128.005 -0.0575496 0.997502 0.040966 3.88233 0.99817 0.0582543 -0.0162187 15.79 
-0.0183977 0.0394554 -0.999052 -129.299 -0.0577009 0.997514 0.0404572 3.91605 0.998164 0.0583906 -0.0160753 15.7191 
-0.0186996 0.0385528 -0.999082 -130.569 -0.0554932 0.997676 0.0395372 3.94705 0.998284 0.0561816 -0.0165168 15.6674 
-0.0193015 0.0393389 -0.99904 -131.832 -0.0553446 0.997652 0.0403535 3.97577 0.998281 0.0560704 -0.0170789 15.6217 
-0.0199434 0.044416 -0.998814 -133.112 -0.0551745 0.997442 0.0454566 4.01097 0.998278 0.0560156 -0.0174418 15.568 
-0.0202306 0.0485324 -0.998617 -134.401 -0.0540535 0.997307 0.0495638 4.05094 0.998333 0.0549814 -0.0175527 15.5101 
-0.0200912 0.0470924 -0.998689 -135.672 -0.0546337 0.997346 0.0481282 4.09546 0.998304 0.055529 -0.0174651 15.4567 
-0.0192026 0.0457045 -0.99877 -136.94 -0.0545754 0.997417 0.0466918 4.13856 0.998325 0.0554049 -0.0166586 15.4029 
-0.0176921 0.0450693 -0.998827 -138.203 -0.0538489 0.997491 0.0459629 4.17731 0.998392 0.054599 -0.0152208 15.3509 
-0.0162989 0.0443895 -0.998881 -139.466 -0.0541808 0.997507 0.0452125 4.21621 0.998398 0.0548571 -0.0138532 15.298 
-0.015763 0.0464806 -0.998795 -140.72 -0.0542351 0.997409 0.047272 4.25348 0.998404 0.0549149 -0.0132013 15.2558 
-0.0150027 0.0501898 -0.998627 -141.983 -0.0552836 0.99717 0.0509471 4.29368 0.998358 0.0559721 -0.0121856 15.216 
-0.0135019 0.0511603 -0.998599 -143.247 -0.0570931 0.997022 0.0518514 4.33914 0.998278 0.0577133 -0.0105407 15.1735 
-0.0124922 0.0483443 -0.998753 -144.507 -0.0592963 0.997037 0.049003 4.38193 0.998162 0.0598345 -0.00958857 15.1305 
-0.0122433 0.0451791 -0.998904 -145.769 -0.0581166 0.997258 0.045817 4.42342 0.998235 0.0586139 -0.00958403 15.0898 
-0.0118041 0.043582 -0.99898 -147.027 -0.0553365 0.99749 0.0441708 4.46064 0.998398 0.0558015 -0.00936277 15.0499 
-0.0118834 0.0430398 -0.999003 -148.28 -0.0540998 0.997582 0.0436221 4.49493 0.998465 0.0545642 -0.00952625 15.0121 
-0.0121592 0.0432679 -0.99899 -149.528 -0.0515815 0.997706 0.0438401 4.52849 0.998595 0.0520625 -0.00989945 14.978 
-0.0127308 0.0418161 -0.999044 -150.772 -0.0496292 0.997867 0.0423993 4.56171 0.998687 0.0501216 -0.0106284 14.9513 
-0.012661 0.0419965 -0.999038 -152.025 -0.0488718 0.997898 0.0425679 4.59589 0.998725 0.0493638 -0.0105819 14.914 
-0.0125554 0.0447653 -0.998919 -153.28 -0.0463649 0.997897 0.0453023 4.63047 0.998846 0.0468836 -0.0104535 14.8736 
-0.0125097 0.0461046 -0.998858 -154.522 -0.0437751 0.997954 0.0466111 4.66619 0.998963 0.0443083 -0.0104658 14.8393 
-0.0124276 0.0446467 -0.998926 -155.757 -0.0417574 0.998108 0.0451297 4.70284 0.999051 0.0422734 -0.0105397 14.8012 
-0.012941 0.0449654 -0.998905 -156.997 -0.0431617 0.998032 0.0454853 4.73919 0.998984 0.0437031 -0.0109747 14.76 
-0.0127069 0.0497134 -0.998683 -158.255 -0.0442917 0.997755 0.0502308 4.78025 0.998938 0.0448716 -0.0104765 14.7202 
-0.012491 0.0561121 -0.998346 -159.492 -0.0490891 0.997186 0.0566611 4.8223 0.998716 0.0497157 -0.00970134 14.6833 
-0.0116562 0.0560935 -0.998358 -160.736 -0.0536745 0.996951 0.0566411 4.87214 0.99849 0.0542466 -0.00860991 14.6422 
-0.0101591 0.0519444 -0.998598 -162.012 -0.0577112 0.996955 0.052446 4.93005 0.998282 0.0581631 -0.00713038 14.6042 
-0.00807375 0.0461039 -0.998904 -163.294 -0.0599846 0.997115 0.0465062 4.98583 0.998167 0.0602944 -0.00528493 14.5648 
-0.00638671 0.0442155 -0.999002 -164.568 -0.0627002 0.997039 0.0445294 5.0317 0.998012 0.062922 -0.00359548 14.5134 
-0.00447311 0.0413052 -0.999137 -165.81 -0.057599 0.997477 0.0414945 5.06521 0.99833 0.0577349 -0.00208268 14.4782 
-0.00426427 0.0368093 -0.999313 -167.036 -0.0546567 0.99782 0.0369875 5.09835 0.998496 0.0547769 -0.0022431 14.4524 
-0.00477625 0.0336614 -0.999422 -168.262 -0.048378 0.998255 0.0338533 5.12345 0.998818 0.0485118 -0.00313944 14.4304 
-0.00596444 0.0363842 -0.99932 -169.51 -0.0462066 0.99826 0.0366214 5.15616 0.998914 0.0463937 -0.00427287 14.4069 
-0.00498137 0.0427882 -0.999072 -170.766 -0.0467076 0.997984 0.0429745 5.18755 0.998896 0.0468784 -0.00297279 14.3735 
-0.0031467 0.0457923 -0.998946 -172.015 -0.0484411 0.997771 0.045891 5.22607 0.998821 0.0485345 -0.00092146 14.3433 
-0.0010197 0.0425134 -0.999095 -173.247 -0.0496525 0.997861 0.0425116 5.2645 0.998766 0.049651 0.00109338 14.315 
-0.000346394 0.0425275 -0.999095 -174.478 -0.0518639 0.99775 0.0424882 5.30011 0.998654 0.0518317 0.00186003 14.2884 
0.000568571 0.0437087 -0.999044 -175.705 -0.0499026 0.997801 0.0436259 5.32982 0.998754 0.0498301 0.0027485 14.2688 
0.000933604 0.0417436 -0.999128 -176.908 -0.0501196 0.997875 0.0416444 5.36017 0.998743 0.050037 0.0030238 14.2496 
0.00260169 0.0402997 -0.999184 -178.091 -0.0502943 0.997928 0.0401181 5.38737 0.998731 0.0501489 0.00462314 14.232 
0.00436911 0.0421038 -0.999104 -179.257 -0.0518224 0.99778 0.0418214 5.41205 0.998647 0.0515933 0.00654133 14.2106 
0.00559475 0.0440578 -0.999013 -180.4 -0.0514351 0.997719 0.0437127 5.43308 0.998661 0.0511398 0.00784811 14.1966 
0.00589999 0.0454969 -0.998947 -181.509 -0.0522386 0.997615 0.0451277 5.45477 0.998617 0.0519174 0.00826262 14.1842 
0.00610862 0.0466099 -0.998895 -182.601 -0.0525244 0.997549 0.046226 5.48105 0.998601 0.052184 0.00854181 14.1678 
0.00612969 0.0475349 -0.998851 -183.675 -0.0518775 0.99754 0.0471542 5.50768 0.998635 0.0515289 0.0085806 14.1484 
0.00691192 0.0467506 -0.998883 -184.715 -0.0520232 0.997571 0.0463292 5.53237 0.998622 0.0516449 0.00932725 14.1267 
0.00820995 0.0465552 -0.998882 -185.714 -0.052958 0.997534 0.0460571 5.55811 0.998563 0.0525207 0.0106552 14.1157 
0.00948949 0.0473472 -0.998833 -186.681 -0.053651 0.997464 0.0467725 5.58089 0.998515 0.0531446 0.0120056 14.108 
0.00891663 0.0457192 -0.998915 -187.644 -0.0521284 0.997617 0.0451945 5.60297 0.998601 0.0516689 0.0112787 14.0916 
0.0059637 0.0427869 -0.999066 -188.603 -0.0500201 0.997846 0.0424361 5.62408 0.99873 0.0497203 0.00809106 14.0741 
0.00113042 0.0391922 -0.999231 -189.562 -0.0498713 0.997991 0.0390872 5.64538 0.998755 0.0497888 0.00308272 14.0513 
-0.0036982 0.0360153 -0.999344 -190.517 -0.0516482 0.998011 0.0361584 5.67097 0.998659 0.0517481 -0.00183071 14.0227 
-0.00760724 0.0349667 -0.99936 -191.467 -0.053653 0.997935 0.0353253 5.69576 0.998531 0.0538874 -0.00571545 13.9952 
-0.0104975 0.0356012 -0.999311 -192.41 -0.0554131 0.99781 0.0361298 5.71555 0.998408 0.0557543 -0.00850174 13.9621 
-0.0126288 0.0373853 -0.999221 -193.346 -0.054178 0.997807 0.0380172 5.73426 0.998451 0.054616 -0.0105757 13.9343 
-0.0146 0.0389649 -0.999134 -194.277 -0.0511458 0.997903 0.0396643 5.75293 0.998585 0.0516807 -0.0125764 13.9114 
-0.0167702 0.0395165 -0.999078 -195.202 -0.0494296 0.997964 0.0403021 5.77086 0.998637 0.05006 -0.0147828 13.8902 
-0.0185538 0.0384719 -0.999087 -196.122 -0.0495525 0.997996 0.0393502 5.78938 0.998599 0.0502374 -0.0166103 13.8657 
-0.0200396 0.037097 -0.999111 -197.039 -0.0512358 0.99796 0.038082 5.81235 0.998486 0.0519534 -0.018098 13.8374 
-0.0199315 0.0363756 -0.999139 -197.956 -0.0548184 0.997795 0.0374202 5.83299 0.998297 0.0555171 -0.0178935 13.7943 
-0.018973 0.0346613 -0.999219 -198.872 -0.0574272 0.997711 0.0356994 5.85096 0.998169 0.0580597 -0.016939 13.7518 
-0.0177499 0.0320452 -0.999329 -199.789 -0.057636 0.997792 0.0330196 5.86847 0.99818 0.0581834 -0.0158637 13.7111 
-0.0168732 0.0294089 -0.999425 -200.71 -0.0575301 0.997883 0.0303348 5.88635 0.998201 0.0580089 -0.0151456 13.6703 
-0.0155465 0.0291 -0.999456 -201.638 -0.0575708 0.997892 0.02995 5.90247 0.99822 0.0580052 -0.0138385 13.6261 
-0.0142893 0.0320367 -0.999385 -202.57 -0.0549467 0.997951 0.0327764 5.9171 0.998387 0.0553813 -0.0124997 13.5877 
-0.0137534 0.0336964 -0.999338 -203.509 -0.0543488 0.997929 0.0343969 5.92947 0.998427 0.0547859 -0.0118936 13.548 
-0.0122511 0.0300367 -0.999474 -204.45 -0.0493871 0.998311 0.0306071 5.9445 0.998705 0.0497361 -0.010747 13.5147 
-0.011774 0.0268604 -0.99957 -205.392 -0.0480052 0.998471 0.0273963 5.9634 0.998778 0.0483072 -0.0104666 13.4865 
-0.0110145 0.0271468 -0.999571 -206.342 -0.0524082 0.998242 0.0276882 5.98279 0.998565 0.0526908 -0.00957239 13.4473 
-0.00934463 0.0311133 -0.999472 -207.305 -0.0535751 0.998065 0.0315704 5.99738 0.99852 0.0538419 -0.00765965 13.4143 
-0.00691614 0.030546 -0.999509 -208.271 -0.0511594 0.998214 0.0308604 6.01588 0.998667 0.0513478 -0.00534107 13.3871 
-0.0045915 0.0316463 -0.999489 -209.244 -0.0498326 0.99825 0.031836 6.04028 0.998747 0.0499534 -0.00300644 13.3647 
-0.0026615 0.0364431 -0.999332 -210.233 -0.0506355 0.998049 0.0365312 6.06198 0.998714 0.0506989 -0.000810988 13.3401 
-0.00116385 0.0405767 -0.999176 -211.229 -0.0476276 0.99804 0.0405861 6.0832 0.998865 0.0476356 0.000771003 13.3265 
-1.92542e-05 0.0411422 -0.999153 -212.232 -0.0471442 0.998042 0.0410974 6.10995 0.998888 0.0471051 0.0019204 13.3114 
0.00232256 0.0417543 -0.999125 -213.248 -0.0505181 0.997857 0.0415839 6.14132 0.99872 0.0503773 0.00442693 13.2899 
0.00527225 0.0432611 -0.99905 -214.277 -0.0532146 0.99766 0.0429201 6.17571 0.998569 0.0529378 0.00756204 13.2701 
0.0085801 0.0433459 -0.999023 -215.307 -0.0542963 0.997606 0.0428181 6.20684 0.998488 0.0538759 0.0109131 13.2614 
0.0116742 0.0407689 -0.9991 -216.337 -0.0574449 0.997546 0.0400342 6.2366 0.99828 0.0569259 0.0139875 13.2502 
0.0144562 0.0374619 -0.999194 -217.369 -0.0570653 0.9977 0.0365803 6.26505 0.998266 0.0564905 0.0165607 13.249 
0.0159864 0.0365108 -0.999205 -218.41 -0.0562001 0.997786 0.0355598 6.29157 0.998292 0.055587 0.018003 13.2516 
0.017303 0.038707 -0.999101 -219.464 -0.0567574 0.997677 0.0376689 6.31741 0.998238 0.0560547 0.0194597 13.2544 
0.0186315 0.0421233 -0.998939 -220.526 -0.0584715 0.997448 0.0409699 6.34431 0.998115 0.0576461 0.0210469 13.2538 
0.0199634 0.0417846 -0.998927 -221.591 -0.0582018 0.997481 0.040561 6.37153 0.998105 0.0573297 0.0223451 13.2569 
0.0206583 0.0388325 -0.999032 -222.659 -0.0569787 0.997667 0.0376012 6.40113 0.998162 0.0561469 0.0228227 13.2628 
0.0203761 0.035714 -0.999154 -223.738 -0.0539712 0.997944 0.0345701 6.42866 0.998335 0.0532211 0.0222617 13.2741 
0.0203481 0.0344491 -0.999199 -224.835 -0.0527134 0.998053 0.0333362 6.45772 0.998402 0.0519929 0.0221244 13.2803 
0.0203392 0.0335219 -0.999231 -225.933 -0.0528842 0.998075 0.0324067 6.47966 0.998394 0.0521844 0.0220728 13.2862 
0.0204783 0.0334225 -0.999232 -227.041 -0.0527701 0.998084 0.0323026 6.50274 0.998397 0.0520681 0.0222027 13.2932 
0.0202256 0.0343457 -0.999205 -228.153 -0.0546863 0.997952 0.0331957 6.5244 0.998299 0.0539715 0.0220624 13.293 
0.0197431 0.0365212 -0.999138 -229.274 -0.0553456 0.99784 0.0353801 6.54916 0.998272 0.0545994 0.0217217 13.295 
0.0185661 0.0380791 -0.999102 -230.412 -0.0555331 0.997771 0.0369964 6.57817 0.998284 0.0547964 0.0206394 13.3002 
0.0178376 0.039703 -0.999052 -231.56 -0.0566033 0.997649 0.0386366 6.61081 0.998237 0.0558605 0.020043 13.3009 
0.0167888 0.0405085 -0.999038 -232.716 -0.0590126 0.997477 0.0394535 6.64341 0.998116 0.0582935 0.019137 13.2984 
0.0155445 0.0392102 -0.99911 -233.872 -0.0611303 0.997399 0.0381919 6.67432 0.998009 0.0604822 0.017901 13.2912 
0.0143864 0.0346906 -0.999295 -235.027 -0.0595844 0.997652 0.0337757 6.70069 0.99812 0.0590565 0.0164197 13.2856 
0.0131571 0.0285008 -0.999507 -236.193 -0.0566125 0.998012 0.0277129 6.72478 0.99831 0.0562201 0.0147444 13.279 
0.0113446 0.0241401 -0.999644 -237.372 -0.0517407 0.998384 0.0235225 6.741 0.998596 0.0514555 0.0125753 13.2691 
0.00931571 0.0243997 -0.999659 -238.562 -0.0454815 0.998678 0.0239519 6.75363 0.998922 0.0452429 0.0104131 13.2604 
0.00727102 0.0283945 -0.99957 -239.761 -0.0409185 0.998768 0.0280741 6.76909 0.999136 0.0406968 0.00842392 13.2455 
0.00559762 0.0309347 -0.999506 -240.97 -0.0390097 0.998767 0.0306934 6.78635 0.999223 0.0388187 0.00679747 13.2221 
0.00376935 0.0303321 -0.999533 -242.183 -0.0374842 0.998842 0.0301698 6.80835 0.99929 0.037353 0.00490196 13.2011 
0.00178781 0.0311349 -0.999514 -243.398 -0.037588 0.998811 0.0310458 6.83049 0.999292 0.0375142 0.00295598 13.1757 
-0.000261383 0.0326709 -0.999466 -244.62 -0.0368275 0.998788 0.0326583 6.8522 0.999322 0.0368164 0.00094212 13.1515 
-0.00247434 0.0322891 -0.999476 -245.846 -0.0360489 0.998826 0.0323574 6.87473 0.999347 0.0361101 -0.00130744 13.126 
-0.00459214 0.0308572 -0.999513 -247.078 -0.0358753 0.998875 0.0310023 6.89874 0.999346 0.0360002 -0.00347996 13.0951 
-0.00682866 0.0305089 -0.999511 -248.316 -0.0359292 0.998882 0.0307351 6.92171 0.999331 0.0361215 -0.00572486 13.0624 
-0.0090799 0.0315344 -0.999461 -249.563 -0.0364478 0.998828 0.0318455 6.94466 0.999294 0.0367173 -0.00791989 13.0263 
-0.011334 0.0318744 -0.999428 -250.814 -0.0368042 0.998801 0.0322718 6.96679 0.999258 0.037149 -0.0101473 12.9895 
-0.0137569 0.0329157 -0.999363 -252.071 -0.0381984 0.998711 0.03342 6.98878 0.999176 0.0386339 -0.0124818 12.9466 
-0.0159543 0.0346414 -0.999272 -253.335 -0.0401809 0.99857 0.0352586 7.01326 0.999065 0.0407142 -0.0145396 12.9001 
-0.0174464 0.035493 -0.999218 -254.596 -0.0416943 0.998475 0.0361945 7.03825 0.998978 0.0422931 -0.0159399 12.854 
-0.0184843 0.035798 -0.999188 -255.862 -0.0442044 0.998352 0.0365858 7.06627 0.998852 0.0448449 -0.0168714 12.8047 
-0.0184907 0.0357181 -0.999191 -257.137 -0.0446864 0.998334 0.0365144 7.09515 0.99883 0.0453255 -0.0168638 12.755 
-0.0187451 0.0346829 -0.999223 -258.402 -0.0438106 0.99841 0.0354765 7.11734 0.998864 0.0444416 -0.0171958 12.7102 
-0.0186885 0.0337618 -0.999255 -259.662 -0.041013 0.998563 0.0345055 7.13966 0.998984 0.0416274 -0.017277 12.6689 
-0.0184575 0.0336363 -0.999264 -260.881 -0.0399037 0.998613 0.0343515 7.15904 0.999033 0.0405084 -0.0170897 12.6046 
-0.0184142 0.0340496 -0.999251 -262.139 -0.0396991 0.998607 0.0347593 7.18074 0.999042 0.0403095 -0.0170368 12.5565 
-0.0182551 0.0340719 -0.999253 -263.403 -0.0386786 0.998647 0.0347578 7.20294 0.999085 0.0392842 -0.0169125 12.5101 
-0.017897 0.0347562 -0.999236 -264.675 -0.0382438 0.998641 0.0354204 7.22633 0.999108 0.0388485 -0.0165435 12.4589 
-0.017966 0.0357538 -0.999199 -265.947 -0.0356383 0.998703 0.0363768 7.25013 0.999203 0.0362634 -0.0166685 12.4142 
-0.0179431 0.0381482 -0.999111 -267.204 -0.0313432 0.998759 0.0386977 7.27453 0.999348 0.0320097 -0.0167252 12.3732 
-0.0181636 0.0416267 -0.998968 -268.458 -0.0281496 0.998716 0.042128 7.30072 0.999439 0.0288858 -0.0169685 12.3312 
-0.0180152 0.0441029 -0.998865 -269.707 -0.026119 0.998665 0.0445651 7.33022 0.999497 0.0268922 -0.0168392 12.2887 
-0.0179324 0.042448 -0.998938 -270.943 -0.0266097 0.998724 0.0429166 7.36201 0.999485 0.0273511 -0.01678 12.2454 
-0.0180693 0.0408819 -0.999001 -272.172 -0.0290234 0.998721 0.0413955 7.39368 0.999415 0.0297425 -0.0168597 12.2 
-0.0184936 0.0437354 -0.998872 -273.407 -0.0350439 0.998401 0.0443636 7.42831 0.999215 0.0358248 -0.0169314 12.1462 
-0.0184421 0.0496037 -0.998599 -274.649 -0.0406703 0.997905 0.0503203 7.46484 0.999002 0.0415413 -0.016386 12.0921 
-0.0180529 0.0489791 -0.998637 -275.881 -0.0447948 0.997757 0.0497458 7.50414 0.998833 0.0456318 -0.0158184 12.0391 
-0.0174054 0.0420002 -0.998966 -277.116 -0.044526 0.998094 0.0427393 7.54361 0.998857 0.0452239 -0.0155021 11.9851 
-0.0177185 0.0363704 -0.999181 -278.35 -0.0417483 0.99844 0.0370837 7.57755 0.998971 0.0423713 -0.0161724 11.9396 
-0.0174975 0.0354023 -0.99922 -279.579 -0.0360259 0.998702 0.0360148 7.60193 0.999198 0.036628 -0.0161994 11.9004 
-0.0167533 0.0370253 -0.999174 -280.817 -0.03271 0.998759 0.0375584 7.62557 0.999325 0.0333122 -0.0155214 11.8649 
-0.0150918 0.0389996 -0.999125 -282.059 -0.0319311 0.998711 0.0394658 7.65307 0.999376 0.0324989 -0.0138271 11.8212 
-0.0137659 0.0414227 -0.999047 -283.304 -0.0332087 0.998571 0.0418606 7.68182 0.999354 0.0337534 -0.0123707 11.7724 
-0.0125987 0.0427482 -0.999006 -284.541 -0.0344416 0.998474 0.0431598 7.71376 0.999327 0.0349512 -0.0111072 11.7273 
-0.0117072 0.043768 -0.998973 -285.774 -0.0352818 0.998401 0.0441564 7.74688 0.999309 0.0357626 -0.0101442 11.684 
-0.0108137 0.0430219 -0.999016 -287.006 -0.0349254 0.998448 0.0433755 7.77912 0.999331 0.0353601 -0.00929439 11.6438 
-0.0105192 0.0413238 -0.99909 -288.232 -0.0354828 0.998501 0.041673 7.81146 0.999315 0.0358889 -0.0090371 11.6052 
-0.0101474 0.0399981 -0.999148 -289.464 -0.0354641 0.998557 0.0403345 7.84503 0.999319 0.0358432 -0.00871427 11.5656 
-0.00978986 0.039573 -0.999169 -290.698 -0.0357597 0.998564 0.0398994 7.87502 0.999313 0.0361207 -0.00836068 11.5252 
-0.0093643 0.0393136 -0.999183 -291.93 -0.0363749 0.998552 0.0396296 7.90501 0.999294 0.0367163 -0.00792072 11.4893 
-0.00909528 0.0396545 -0.999172 -293.164 -0.0371138 0.998512 0.0399662 7.93397 0.99927 0.0374466 -0.00761001 11.4519 
-0.00877094 0.0397978 -0.999169 -294.394 -0.0365372 0.998528 0.040093 7.96162 0.999294 0.0368586 -0.00730392 11.4179 
-0.00868481 0.0380377 -0.999239 -295.623 -0.0363379 0.998604 0.0383293 7.99093 0.999302 0.0366432 -0.00729048 11.3795 
-0.00866155 0.0354367 -0.999334 -296.854 -0.0360078 0.998713 0.0357268 8.01876 0.999314 0.0362933 -0.00737441 11.343 
-0.00889302 0.0324812 -0.999433 -298.087 -0.036957 0.998779 0.0327888 8.04444 0.999277 0.0372277 -0.00768175 11.3018 
-0.00907973 0.0310425 -0.999477 -299.323 -0.0385842 0.998763 0.0313708 8.06817 0.999214 0.0388489 -0.00787074 11.259 
-0.00942111 0.0310686 -0.999473 -300.569 -0.0415865 0.99864 0.0314347 8.08986 0.999091 0.0418608 -0.00811626 11.2164 
-0.00961206 0.0321167 -0.999438 -301.821 -0.0447864 0.998467 0.0325163 8.11346 0.99895 0.0450738 -0.00815893 11.1716 
-0.00989297 0.0329743 -0.999407 -303.075 -0.0485439 0.998262 0.033417 8.13819 0.998772 0.0488457 -0.00827507 11.1299 
-0.0101407 0.0328919 -0.999408 -304.319 -0.0498893 0.998198 0.0333583 8.15944 0.998703 0.0501981 -0.00848143 11.0912 
-0.0103732 0.0307291 -0.999474 -305.565 -0.0496958 0.998277 0.0312081 8.18136 0.998711 0.0499934 -0.00882823 11.0512 
-0.0110417 0.0284658 -0.999534 -306.816 -0.0473182 0.99846 0.028958 8.20268 0.998819 0.0476159 -0.00967775 11.0157 
-0.0121945 0.0280166 -0.999533 -308.07 -0.0442652 0.998612 0.0285308 8.22137 0.998945 0.0445925 -0.0109374 10.9844 
