1 2.12261e-08 -2.11895e-08 0 2.12261e-08 1 2.10703e-08 0 -2.11895e-08 2.10703e-08 1 0 
0.999932 -0.00279668 0.0113227 0.0128105 0.00278314 0.999995 0.00121469 -0.00650754 -0.0113261 -0.00118306 0.999935 0.290562 
0.99983 -0.00501771 0.0177504 0.0256715 0.0049943 0.999987 0.00136562 -0.0119305 -0.0177571 -0.0012767 0.999842 0.586024 
0.999781 -0.00777552 0.0194273 0.0348838 0.00777633 0.99997 3.61932e-05 -0.0132628 -0.0194271 0.00011493 0.999811 0.888818 
0.999812 -0.00920831 0.0170746 0.0373056 0.00923223 0.999957 -0.00132029 -0.0187746 -0.0170617 0.00147772 0.999853 1.19923 
0.999884 -0.0116763 0.0098102 0.0420223 0.0117026 0.999928 -0.00263228 -0.0210445 -0.0097788 0.00274682 0.999948 1.52264 
0.999904 -0.0134935 -0.00316062 0.0425076 0.0134791 0.999899 -0.00454038 -0.0239618 0.00322152 0.00449738 0.999985 1.85946 
0.999713 -0.0127723 -0.0202577 0.0245381 0.0126803 0.999909 -0.00466815 -0.0295156 0.0203154 0.00440998 0.999784 2.20517 
0.999162 -0.00831752 -0.0400773 -0.0102138 0.0081346 0.999956 -0.00472604 -0.0336322 0.0401148 0.0043961 0.999185 2.56202 
0.998186 -0.00483856 -0.0600068 -0.0567161 0.0044687 0.99997 -0.00629697 -0.033436 0.0600354 0.00601744 0.998178 2.92535 
0.996751 -0.00466587 -0.0804099 -0.10526 0.00412149 0.999967 -0.00693521 -0.0342277 0.0804396 0.00658131 0.996738 3.30353 
0.994765 -0.00624303 -0.101998 -0.15288 0.00561185 0.999963 -0.00647438 -0.0357706 0.102035 0.00586813 0.994764 3.69287 
0.992496 -0.00789599 -0.122022 -0.215453 0.00724151 0.999957 -0.00580653 -0.038531 0.122063 0.00487938 0.99251 4.08821 
0.990125 -0.00692051 -0.14002 -0.291498 0.00621689 0.999966 -0.0054622 -0.0418832 0.140053 0.00453781 0.990134 4.49282 
0.987754 -0.00597323 -0.155907 -0.373421 0.00527627 0.999974 -0.00488407 -0.0464044 0.155932 0.0040017 0.98776 4.90642 
0.985495 -0.00547305 -0.169618 -0.46279 0.00465661 0.999976 -0.00521106 -0.051088 0.169642 0.00434568 0.985496 5.33706 
0.983308 -0.00721433 -0.181808 -0.556458 0.0062083 0.999962 -0.00610219 -0.0578552 0.181845 0.00487166 0.983315 5.77241 
0.981366 -0.011178 -0.191822 -0.648336 0.00974296 0.999917 -0.00842304 -0.0645838 0.191901 0.00639721 0.981394 6.22495 
0.979733 -0.0107138 -0.200021 -0.75131 0.00880727 0.999907 -0.0104194 -0.0702033 0.200114 0.00844665 0.979736 6.69167 
0.978209 -0.010542 -0.207356 -0.868484 0.00815253 0.99989 -0.0123751 -0.0763778 0.207463 0.010415 0.978187 7.16375 
0.976377 -0.0116638 -0.21576 -0.984038 0.00857452 0.999847 -0.0152487 -0.0874963 0.215905 0.0130385 0.976327 7.65442 
0.974545 -0.0157582 -0.22364 -1.10433 0.0123087 0.999783 -0.0168102 -0.100515 0.223856 0.0136296 0.974527 8.15785 
0.972579 -0.0222219 -0.231509 -1.22758 0.0185369 0.999665 -0.0180811 -0.112548 0.231833 0.0132939 0.972665 8.67571 
0.970459 -0.0227871 -0.240187 -1.36825 0.0183819 0.99962 -0.0205656 -0.126564 0.240564 0.0155431 0.970509 9.19981 
0.96838 -0.018745 -0.248776 -1.53447 0.012876 0.9996 -0.0251979 -0.139557 0.249148 0.0211979 0.968233 9.73552 
0.966097 -0.0161509 -0.257674 -1.70192 0.00916056 0.999557 -0.0283064 -0.155517 0.258017 0.0249864 0.965817 10.2815 
0.963766 -0.0186816 -0.266093 -1.86685 0.011042 0.999484 -0.0301778 -0.174688 0.266519 0.0261462 0.963475 10.8394 
0.961301 -0.0215326 -0.274657 -2.03934 0.0130721 0.999383 -0.0325974 -0.195304 0.275189 0.0277456 0.96099 11.414 
0.958997 -0.021343 -0.28261 -2.22669 0.0118271 0.999306 -0.035335 -0.217863 0.283168 0.0305438 0.958584 11.9919 
0.956625 -0.0206141 -0.290592 -2.42564 0.00968125 0.999192 -0.0390104 -0.244471 0.291161 0.0345051 0.956052 12.5765 
0.954219 -0.021801 -0.298312 -2.62414 0.0089567 0.998976 -0.0443563 -0.273156 0.298974 0.0396538 0.953437 13.1737 
0.952374 -0.0232102 -0.304049 -2.8306 0.00772713 0.998616 -0.0520278 -0.306728 0.304836 0.0472005 0.951235 13.7824 
0.951059 -0.0235582 -0.308109 -3.04666 0.00517546 0.998164 -0.0603449 -0.342722 0.308965 0.055797 0.949435 14.3972 
0.949786 -0.0233993 -0.312024 -3.27672 0.00183802 0.9976 -0.0692172 -0.384255 0.312895 0.0651681 0.947549 15.0271 
0.948463 -0.0226127 -0.316082 -3.5109 -0.00233969 0.996924 -0.0783415 -0.432043 0.316881 0.0750436 0.945492 15.666 
0.947117 -0.0218848 -0.320141 -3.75501 -0.00580969 0.996339 -0.0852971 -0.490659 0.320836 0.0826463 0.943522 16.315 
0.945497 -0.0202291 -0.325001 -4.00209 -0.0102793 0.995717 -0.0918815 -0.557459 0.325467 0.0902145 0.94124 16.9684 
0.943889 -0.0193106 -0.329699 -4.25733 -0.0137321 0.995131 -0.097599 -0.628235 0.329978 0.0966501 0.939028 17.6316 
0.942245 -0.0172486 -0.334479 -4.51976 -0.0183873 0.994503 -0.103083 -0.701261 0.334418 0.10328 0.936749 18.3003 
0.940484 -0.014703 -0.339519 -4.78926 -0.0228306 0.994073 -0.106291 -0.773974 0.33907 0.107716 0.934574 18.9875 
0.938755 -0.0129512 -0.344341 -5.07993 -0.0258236 0.993839 -0.107781 -0.857931 0.343615 0.110072 0.932638 19.6921 
0.936494 -0.0131288 -0.350438 -5.37939 -0.0260326 0.993939 -0.106805 -0.939858 0.349717 0.109145 0.930476 20.4129 
0.934128 -0.0131163 -0.356696 -5.68221 -0.0261835 0.994114 -0.105126 -1.02404 0.355976 0.10754 0.928287 21.137 
0.93155 -0.0129372 -0.363383 -5.99049 -0.0265139 0.99429 -0.103369 -1.11001 0.362645 0.105928 0.925888 21.8655 
0.928347 -0.0115044 -0.371536 -6.32251 -0.0278808 0.99455 -0.100461 -1.20024 0.370667 0.103621 0.922967 22.6103 
0.925013 -0.0101679 -0.3798 -6.67385 -0.0280482 0.995087 -0.0949525 -1.27751 0.378899 0.098485 0.920183 23.3719 
0.921516 -0.006849 -0.388281 -7.03708 -0.0305132 0.995476 -0.0899774 -1.35531 0.38714 0.0947633 0.917138 24.1369 
0.917896 -0.00324938 -0.396808 -7.39818 -0.0335655 0.995747 -0.0857977 -1.43642 0.395399 0.0920725 0.913883 24.8937 
0.913977 -0.00264518 -0.405756 -7.75627 -0.03444 0.995865 -0.0840694 -1.51183 0.404301 0.0908118 0.910107 25.6532 
0.90995 -0.00255675 -0.41471 -8.14402 -0.0352803 0.995879 -0.0835513 -1.59036 0.413214 0.0906587 0.90611 26.4288 
0.906075 -0.0024037 -0.423109 -8.54279 -0.0357891 0.995965 -0.0822995 -1.66881 0.4216 0.0897123 0.902333 27.2095 
0.902035 -0.00180584 -0.431659 -8.94032 -0.0365281 0.996085 -0.0804998 -1.74188 0.430114 0.0883814 0.898438 27.9865 
0.898087 -0.0031768 -0.439807 -9.34785 -0.0346885 0.996347 -0.0780308 -1.81542 0.438448 0.0853347 0.894696 28.7734 
0.894146 -0.0026336 -0.447768 -9.7756 -0.0341526 0.996669 -0.0740614 -1.88867 0.446471 0.0815142 0.891077 29.5694 
0.890501 0.000383195 -0.45498 -10.2417 -0.0355317 0.997004 -0.0687042 -1.96359 0.453591 0.0773474 0.887847 30.3853 
0.88675 0.000445558 -0.462249 -10.7442 -0.0343543 0.997298 -0.064942 -2.02895 0.460971 0.0734676 0.884369 31.2228 
0.883078 -0.00117163 -0.469224 -11.2295 -0.0322775 0.997476 -0.0632369 -2.08815 0.468114 0.0709886 0.880812 32.0526 
0.879798 -0.00287573 -0.475339 -11.7279 -0.0305137 0.997578 -0.0625125 -2.13873 0.474368 0.0695028 0.877579 32.8942 
0.876698 -0.00243792 -0.481035 -12.2183 -0.0305663 0.997684 -0.0607643 -2.19901 0.480069 0.0679755 0.874593 33.7232 
0.874145 -0.000613472 -0.485665 -12.7644 -0.0326922 0.997657 -0.0601026 -2.28295 0.484564 0.0684159 0.872076 34.5775 
0.871767 -0.000672323 -0.489921 -13.319 -0.0331754 0.997623 -0.0604016 -2.35385 0.488796 0.0689095 0.869672 35.4454 
0.869721 -0.0013212 -0.493541 -13.8375 -0.033031 0.997599 -0.060878 -2.4221 0.492437 0.0692491 0.867589 36.3052 
0.868387 -0.00117973 -0.495885 -14.38 -0.0337778 0.997534 -0.0615244 -2.48336 0.494735 0.070177 0.866206 37.1842 
0.867849 -0.00126787 -0.496826 -14.9039 -0.0332704 0.997604 -0.0606621 -2.55184 0.495713 0.0691753 0.865727 38.0628 
0.867733 -0.00174584 -0.497028 -15.4729 -0.0320335 0.997718 -0.0594301 -2.60588 0.495998 0.067491 0.865697 38.9765 
0.867495 -0.00287852 -0.497437 -16.0316 -0.0306334 0.997776 -0.0591964 -2.67229 0.496501 0.0665909 0.865478 39.8834 
0.866752 -0.00473882 -0.498717 -16.5701 -0.0291941 0.997758 -0.060219 -2.73862 0.497885 0.0667546 0.86467 40.7898 
0.865525 -0.00731963 -0.500813 -17.1362 -0.0267073 0.997796 -0.06074 -2.80561 0.500154 0.0659474 0.863422 41.72 
0.863866 -0.00778599 -0.503662 -17.7044 -0.0253692 0.997939 -0.0589394 -2.87465 0.503083 0.0636933 0.861888 42.652 
0.861771 -0.00662676 -0.507254 -18.2683 -0.0247538 0.998174 -0.0550944 -2.94541 0.506693 0.0600352 0.860034 43.5729 
0.859234 -0.00588931 -0.511549 -18.88 -0.0238251 0.998388 -0.0515125 -3.02069 0.511028 0.056449 0.857709 44.5021 
0.855207 -0.00595798 -0.518252 -19.4698 -0.023157 0.998496 -0.0496922 -3.08871 0.517769 0.0544983 0.853783 45.423 
0.849789 -0.0100236 -0.527028 -20.0406 -0.0203585 0.998449 -0.0518161 -3.15589 0.52673 0.0547623 0.848267 46.3204 
0.843648 -0.013695 -0.536721 -20.6367 -0.0189198 0.998295 -0.0552117 -3.22164 0.536563 0.0567339 0.841951 47.2207 
0.837351 -0.0139887 -0.546486 -21.2384 -0.0189769 0.998326 -0.054632 -3.28462 0.546336 0.0561168 0.835684 48.1113 
0.831473 -0.0105504 -0.555466 -21.86 -0.0204243 0.998563 -0.0495394 -3.35216 0.55519 0.0525357 0.830062 49.0071 
0.826147 -0.0062052 -0.563421 -22.4898 -0.0233378 0.998704 -0.0452196 -3.41641 0.562972 0.0505071 0.824932 49.8942 
0.821945 -0.00643936 -0.56953 -23.1258 -0.0244576 0.998615 -0.046588 -3.48025 0.569041 0.0522222 0.820649 50.7847 
0.818451 -0.00875559 -0.57451 -23.761 -0.024972 0.998397 -0.050791 -3.54729 0.574034 0.0559166 0.81692 51.667 
0.815334 -0.0110447 -0.578886 -24.4063 -0.0275763 0.997943 -0.0578798 -3.61469 0.578335 0.0631549 0.813352 52.5375 
0.812146 -0.0123906 -0.583323 -25.0552 -0.0275355 0.997847 -0.0595325 -3.68453 0.582805 0.0644112 0.810055 53.4069 
0.808703 -0.0107819 -0.588119 -25.7137 -0.0271545 0.998082 -0.0556369 -3.75531 0.587591 0.0609639 0.806859 54.2771 
0.805482 -0.00812937 -0.592565 -26.3733 -0.0270754 0.998357 -0.0505005 -3.82314 0.592002 0.0567212 0.803938 55.141 
0.802389 -0.00645991 -0.596767 -27.0323 -0.0273963 0.998489 -0.0476446 -3.88742 0.596172 0.0545787 0.800999 55.9924 
0.799179 -0.00584444 -0.601064 -27.6992 -0.0287993 0.998432 -0.048 -3.95395 0.600402 0.0556709 0.797758 56.8438 
0.795454 -0.00742934 -0.605968 -28.3678 -0.0285805 0.998352 -0.0497578 -4.01905 0.605339 0.0568989 0.793931 57.6983 
0.791316 -0.0103352 -0.61132 -29.0427 -0.0274848 0.998245 -0.0524541 -4.08473 0.610789 0.0583098 0.789643 58.5522 
0.786963 -0.0115205 -0.616892 -29.7311 -0.0268772 0.998237 -0.0529292 -4.1497 0.616414 0.0582338 0.785266 59.3988 
0.782287 -0.0118557 -0.622805 -30.4259 -0.0261642 0.998311 -0.051868 -4.22051 0.622368 0.0568709 0.780656 60.2448 
0.777358 -0.0113613 -0.628956 -31.1317 -0.0267719 0.998334 -0.0511223 -4.29102 0.628489 0.0565787 0.775758 61.0819 
0.771995 -0.0125489 -0.635505 -31.8392 -0.0266672 0.998285 -0.0521071 -4.36284 0.635069 0.0571736 0.770336 61.9103 
0.766501 -0.0140113 -0.64209 -32.5617 -0.0260678 0.998259 -0.0529022 -4.42987 0.641713 0.0572875 0.764802 62.7412 
0.760799 -0.0151249 -0.648811 -33.2905 -0.0261124 0.998205 -0.0538894 -4.4985 0.648462 0.0579411 0.759039 63.5675 
0.755056 -0.0164166 -0.655454 -34.0248 -0.0259592 0.998154 -0.0549039 -4.57096 0.655146 0.0584706 0.753237 64.383 
0.749038 -0.0181754 -0.662277 -34.7708 -0.0252318 0.998116 -0.0559294 -4.64282 0.662046 0.0586038 0.747169 65.1976 
0.742927 -0.0194811 -0.669089 -35.5408 -0.0242083 0.998141 -0.0559416 -4.71316 0.668934 0.0577581 0.741074 66.0171 
0.7364 -0.0196973 -0.67626 -36.3139 -0.0231534 0.998257 -0.0542885 -4.78346 0.67615 0.0556358 0.73466 66.8372 
0.72993 -0.0202518 -0.683222 -37.1184 -0.0226149 0.998298 -0.0537523 -4.85645 0.683147 0.0546864 0.72823 67.6514 
0.723438 -0.0223767 -0.690027 -37.9316 -0.0211868 0.998284 -0.0545858 -4.92716 0.690064 0.054109 0.721723 68.4629 
0.716743 -0.0247924 -0.696897 -38.7513 -0.0201183 0.998217 -0.0562031 -4.99372 0.697048 0.0543036 0.714966 69.2741 
0.710698 -0.024061 -0.703086 -39.5681 -0.0215709 0.9982 -0.0559648 -5.07008 0.703166 0.0549403 0.7089 70.0646 
0.705152 -0.0237837 -0.708658 -40.4006 -0.021571 0.998255 -0.0549674 -5.14409 0.708728 0.0540469 0.703408 70.8607 
0.700303 -0.0229764 -0.713476 -41.2403 -0.0230877 0.99823 -0.0548079 -5.22624 0.713472 0.0548547 0.698533 71.6435 
0.695541 -0.0239272 -0.718088 -42.0869 -0.0233275 0.998166 -0.0558546 -5.30405 0.718108 0.0556004 0.693707 72.4223 
0.690417 -0.0254994 -0.722962 -42.949 -0.0245283 0.997979 -0.0586235 -5.38489 0.722996 0.0582077 0.688396 73.1994 
0.685334 -0.0281743 -0.727683 -43.8082 -0.0240036 0.997834 -0.0612407 -5.4622 0.727833 0.0594375 0.683174 73.9794 
0.680227 -0.0285465 -0.732445 -44.675 -0.0247111 0.99778 -0.0618371 -5.54752 0.732585 0.0601628 0.678012 74.7556 
0.675284 -0.0285046 -0.737007 -45.5736 -0.0238384 0.997887 -0.0604364 -5.6274 0.737173 0.0583809 0.673178 75.5394 
0.670089 -0.0289124 -0.741718 -46.4581 -0.0227591 0.997971 -0.0594625 -5.70638 0.741932 0.056726 0.668071 76.3122 
0.664837 -0.0303591 -0.746372 -47.3569 -0.0216066 0.997974 -0.0598394 -5.78598 0.746676 0.05591 0.662834 77.0848 
0.660142 -0.0316576 -0.750473 -48.2842 -0.0203146 0.997994 -0.0599684 -5.86576 0.750866 0.0548333 0.658175 77.8546 
0.65582 -0.0326629 -0.75421 -49.222 -0.0190182 0.998032 -0.0597594 -5.94503 0.754678 0.0535352 0.653908 78.6217 
0.651715 -0.0337186 -0.757714 -50.1579 -0.0178426 0.998053 -0.0597604 -6.02474 0.758254 0.0524664 0.649845 79.392 
0.647803 -0.0367293 -0.760922 -51.093 -0.0151159 0.998021 -0.0610427 -6.10653 0.761658 0.0510457 0.645965 80.1538 
0.643602 -0.041339 -0.764243 -52.0337 -0.0122929 0.997853 -0.0643278 -6.19261 0.765262 0.0507963 0.641712 80.9152 
0.638886 -0.0456187 -0.767948 -52.9732 -0.00808566 0.997787 -0.0659987 -6.27444 0.769259 0.048375 0.637103 81.668 
0.632198 -0.0491317 -0.773248 -53.9199 -0.00337568 0.997803 -0.0661597 -6.36469 0.7748 0.0444363 0.630643 82.4178 
0.623825 -0.0530302 -0.779763 -54.8837 0.00146618 0.997773 -0.0666837 -6.45368 0.781563 0.0404558 0.622514 83.1666 
0.614872 -0.0541429 -0.786766 -55.8704 0.00437077 0.997859 -0.0652539 -6.54056 0.788615 0.0366841 0.613792 83.9099 
0.606151 -0.052843 -0.793593 -56.8649 0.00473749 0.998013 -0.0628362 -6.62632 0.795336 0.0343286 0.605196 84.6419 
0.597184 -0.0527509 -0.800368 -57.8639 0.00408647 0.998022 -0.0627289 -6.71276 0.802094 0.0341901 0.596219 85.3615 
0.587688 -0.0544322 -0.807255 -58.8997 0.0032685 0.997886 -0.0649068 -6.7964 0.809081 0.0355065 0.586624 86.0753 
0.577968 -0.0569844 -0.814068 -59.9657 0.00368769 0.997731 -0.0672226 -6.88479 0.816051 0.0358505 0.576866 86.7793 
0.567823 -0.0587351 -0.821053 -61.0334 0.00424484 0.997647 -0.0684324 -6.98224 0.82314 0.0353723 0.566736 87.4933 
0.557483 -0.0594182 -0.828059 -62.1037 0.00677779 0.997728 -0.0670299 -7.0823 0.830161 0.0317557 0.556619 88.1998 
0.546977 -0.0595865 -0.835024 -63.1874 0.00773279 0.997781 -0.0661354 -7.18024 0.837112 0.0297175 0.546224 88.8916 
0.536328 -0.0604713 -0.84184 -64.2555 0.00795335 0.997748 -0.0666035 -7.27404 0.843972 0.0290259 0.535601 89.5585 
0.525775 -0.0615116 -0.848396 -65.3312 0.00708166 0.997664 -0.0679453 -7.37278 0.850594 0.029716 0.524983 90.2128 
0.515447 -0.0620872 -0.85467 -66.4307 0.00527132 0.997583 -0.0692899 -7.47028 0.856906 0.0312101 0.514528 90.8543 
0.505288 -0.0633012 -0.860626 -67.5318 0.00415188 0.997473 -0.0709289 -7.56916 0.862941 0.0322664 0.504274 91.48 
0.495471 -0.0632342 -0.86632 -68.6524 0.00291197 0.997462 -0.0711411 -7.66975 0.86862 0.0327257 0.494398 92.0987 
0.486503 -0.0613769 -0.87152 -69.7938 0.00221216 0.997613 -0.0690221 -7.76962 0.873676 0.0316516 0.485477 92.7059 
0.478294 -0.0598557 -0.876158 -70.9231 0.00271535 0.997771 -0.0666815 -7.87183 0.878196 0.0295143 0.47739 93.301 
0.470478 -0.0601778 -0.880357 -72.0555 0.00269893 0.997765 -0.066761 -7.97237 0.882408 0.0290336 0.469589 93.8811 
0.462732 -0.0634289 -0.884226 -73.1927 0.00483955 0.997603 -0.0690292 -8.0731 0.886485 0.0276629 0.46193 94.4566 
0.455584 -0.0670842 -0.887662 -74.3298 0.00775874 0.997418 -0.0713968 -8.17512 0.890159 0.0256401 0.454928 95.0235 
0.44951 -0.0698043 -0.890544 -75.4729 0.00862125 0.997235 -0.0738155 -8.28245 0.893234 0.0255032 0.448869 95.5784 
0.443753 -0.0736 -0.893122 -76.6418 0.0106817 0.996985 -0.0768518 -8.38911 0.896085 0.0245632 0.443201 96.1434 
0.438882 -0.0744519 -0.895455 -77.7968 0.0131242 0.996986 -0.0764612 -8.50477 0.898449 0.0218054 0.438537 96.6916 
0.434415 -0.0720369 -0.897828 -78.952 0.0148752 0.997235 -0.0728154 -8.61532 0.90059 0.0182768 0.434285 97.2351 
0.430312 -0.0702022 -0.899946 -80.1157 0.0181423 0.997443 -0.0691328 -8.72431 0.902498 0.0134216 0.430486 97.7781 
0.427023 -0.0697536 -0.901547 -81.2757 0.0197864 0.997502 -0.0678059 -8.82973 0.904024 0.0111164 0.427336 98.3042 
0.424204 -0.0696256 -0.902886 -82.4292 0.0213831 0.997532 -0.0668778 -8.93276 0.905314 0.00906339 0.424646 98.8236 
0.422056 -0.0687951 -0.903956 -83.604 0.0233688 0.997611 -0.0650118 -9.03496 0.906269 0.00631427 0.422655 99.338 
0.419782 -0.0681076 -0.905066 -84.7526 0.0252008 0.997671 -0.0633878 -9.13266 0.907275 0.00380066 0.42052 99.853 
0.417901 -0.069776 -0.905809 -85.957 0.0285325 0.997562 -0.0636803 -9.22591 0.908044 0.000767123 0.418874 100.357 
0.415727 -0.0708982 -0.906722 -87.1233 0.0316275 0.997481 -0.0634938 -9.31403 0.90894 -0.00228121 0.416922 100.858 
0.413852 -0.0706723 -0.907597 -88.2756 0.0354156 0.997477 -0.0615221 -9.40269 0.909655 -0.00668197 0.415311 101.345 
0.412024 -0.0706472 -0.90843 -89.4265 0.0378339 0.997456 -0.0604109 -9.49179 0.910387 -0.00947863 0.413649 101.825 
0.409932 -0.0726763 -0.909216 -90.5386 0.0412016 0.997279 -0.0611391 -9.58078 0.911185 -0.0123982 0.411811 102.312 
0.408706 -0.0743869 -0.90963 -91.6262 0.0430408 0.997135 -0.0622042 -9.66943 0.911651 -0.0137279 0.410737 102.781 
0.40801 -0.0758731 -0.909819 -92.6999 0.0433677 0.997027 -0.0636973 -9.76255 0.911947 -0.0134676 0.410087 103.245 
0.40858 -0.0768121 -0.909485 -93.7726 0.0427933 0.996969 -0.0649761 -9.8566 0.911719 -0.0123719 0.410629 103.7 
0.410522 -0.0768538 -0.908606 -94.8176 0.0410039 0.99699 -0.0658035 -9.94972 0.910928 -0.0102426 0.412438 104.159 
0.414698 -0.076857 -0.906708 -95.8499 0.0389504 0.997013 -0.0666972 -10.0514 0.909125 -0.00765737 0.416452 104.618 
0.419864 -0.0772131 -0.904297 -96.8885 0.0378837 0.996997 -0.0675389 -10.1552 0.906796 -0.0059009 0.421529 105.073 
0.425636 -0.0772033 -0.901595 -97.9012 0.0376264 0.997002 -0.0676098 -10.2521 0.904112 -0.00514657 0.427264 105.531 
0.432437 -0.0756107 -0.898488 -98.9066 0.0364102 0.997129 -0.0663876 -10.3516 0.900929 -0.00400567 0.433948 105.996 
0.440575 -0.0737912 -0.894678 -99.9136 0.034802 0.997271 -0.0651149 -10.4535 0.897041 -0.00244853 0.44194 106.467 
0.449412 -0.0734479 -0.8903 -100.916 0.0348192 0.997297 -0.0646987 -10.5434 0.892646 -0.0019231 0.450755 106.952 
0.458638 -0.0732858 -0.885596 -101.906 0.0346048 0.997311 -0.0646092 -10.6291 0.887949 -0.00101364 0.45994 107.448 
0.468194 -0.0741356 -0.88051 -102.876 0.0340045 0.997248 -0.0658833 -10.7208 0.882971 0.000904834 0.469426 107.952 
0.478196 -0.0754777 -0.875004 -103.838 0.0322767 0.997138 -0.0683735 -10.8125 0.87766 0.00445374 0.479263 108.465 
0.489469 -0.0765175 -0.868657 -104.79 0.0310076 0.99704 -0.0703543 -10.9045 0.871469 0.00750136 0.490393 108.986 
0.501499 -0.0750019 -0.861901 -105.738 0.0292237 0.997135 -0.069766 -10.9934 0.864664 0.00979968 0.502254 109.521 
0.514045 -0.0722072 -0.854719 -106.674 0.0275691 0.997327 -0.0676742 -11.0902 0.85732 0.0112238 0.514661 110.071 
0.52643 -0.0697083 -0.847356 -107.6 0.0268207 0.997499 -0.0653972 -11.1835 0.849796 0.0117003 0.526983 110.622 
0.538245 -0.0689429 -0.839964 -108.52 0.0269836 0.997547 -0.0645861 -11.2761 0.842356 0.0120979 0.538785 111.189 
0.549891 -0.0691633 -0.832368 -109.417 0.0273147 0.997522 -0.0648412 -11.3682 0.83479 0.0129198 0.550418 111.76 
0.561123 -0.0699394 -0.824772 -110.302 0.0275461 0.99745 -0.0658416 -11.4571 0.827274 0.0142261 0.561619 112.338 
0.571846 -0.0719482 -0.8172 -111.167 0.0299847 0.997314 -0.0668237 -11.5394 0.819813 0.0137095 0.572468 112.929 
0.582201 -0.0717301 -0.809874 -112.017 0.0303507 0.997324 -0.066514 -11.6272 0.812478 0.0141443 0.58282 113.537 
0.592467 -0.0694628 -0.802594 -112.861 0.0295696 0.997479 -0.0645017 -11.7127 0.805052 0.0144828 0.593028 114.152 
0.602022 -0.0664966 -0.795706 -113.687 0.029971 0.997706 -0.060702 -11.7992 0.797917 0.0126959 0.602634 114.774 
0.611816 -0.0648657 -0.788336 -114.495 0.029147 0.997804 -0.0594805 -11.8836 0.790463 0.0134135 0.612363 115.389 
0.62164 -0.0644176 -0.78065 -115.285 0.0276376 0.997796 -0.0603279 -11.966 0.782815 0.015927 0.62205 116.002 
0.631172 -0.064462 -0.77296 -116.066 0.0262241 0.997744 -0.0617946 -12.0394 0.775199 0.0187329 0.631439 116.619 
0.640292 -0.0638989 -0.765469 -116.832 0.0264262 0.997777 -0.0611864 -12.1214 0.767677 0.0189488 0.640557 117.245 
0.64943 -0.0618708 -0.757901 -117.589 0.0263865 0.997918 -0.0588544 -12.1999 0.759964 0.0182235 0.64971 117.874 
0.658108 -0.0603768 -0.750499 -118.33 0.0268313 0.998027 -0.056762 -12.2722 0.752445 0.0172187 0.658429 118.508 
0.666204 -0.0599352 -0.743357 -119.056 0.027433 0.99806 -0.0558856 -12.3455 0.745265 0.0168388 0.666556 119.147 
0.673943 -0.0592532 -0.736403 -119.769 0.0264986 0.998076 -0.056057 -12.4157 0.738308 0.0182656 0.674217 119.785 
0.681152 -0.0585693 -0.729795 -120.468 0.0261988 0.998107 -0.0556499 -12.4826 0.731673 0.0187863 0.681397 120.429 
0.688256 -0.0558999 -0.723311 -121.16 0.0255629 0.998277 -0.0528262 -12.5484 0.725017 0.0178681 0.688499 121.074 
0.695648 -0.0531227 -0.716416 -121.841 0.0246735 0.998441 -0.0500768 -12.6149 0.717959 0.0171594 0.695874 121.722 
0.702859 -0.0518539 -0.709437 -122.504 0.0241612 0.998504 -0.0490452 -12.6774 0.710919 0.0173311 0.703061 122.371 
0.710455 -0.0511368 -0.701882 -123.153 0.0237236 0.99853 -0.0487361 -12.7361 0.703343 0.0179737 0.710624 123.014 
0.718468 -0.0484034 -0.693874 -123.787 0.0213241 0.99864 -0.0475835 -12.7922 0.695234 0.019391 0.718522 123.651 
0.727706 -0.0457647 -0.68436 -124.408 0.0208268 0.998786 -0.0446452 -12.8491 0.685572 0.0182356 0.727776 124.291 
0.73759 -0.0418588 -0.67395 -125.012 0.0190283 0.998969 -0.0412206 -12.9031 0.674981 0.0175798 0.737626 124.927 
0.748099 -0.0398299 -0.662391 -125.599 0.0176115 0.999037 -0.0401823 -12.9567 0.663353 0.0183947 0.74808 125.564 
0.758584 -0.0389135 -0.650412 -126.174 0.0161794 0.999032 -0.040901 -13.0079 0.651374 0.0205036 0.75848 126.208 
0.768974 -0.0398277 -0.638038 -126.735 0.01638 0.998957 -0.0426156 -13.0581 0.63907 0.0223193 0.768825 126.856 
0.779536 -0.0388538 -0.625151 -127.288 0.0161001 0.998987 -0.042012 -13.1046 0.62615 0.022685 0.779372 127.517 
0.789757 -0.0373322 -0.612283 -127.814 0.0159737 0.99906 -0.0403111 -13.1501 0.613212 0.0220556 0.78961 128.191 
0.799897 -0.0351378 -0.599108 -128.329 0.0159334 0.999176 -0.0373284 -13.1941 0.599926 0.0203131 0.799798 128.872 
0.809647 -0.0340616 -0.585928 -128.835 0.0166968 0.999247 -0.035017 -13.2353 0.58668 0.0185683 0.809606 129.564 
0.819069 -0.0326886 -0.572763 -129.341 0.0174209 0.999332 -0.0321214 -13.2734 0.57343 0.0163316 0.819092 130.266 
0.827437 -0.0319269 -0.56065 -129.833 0.0182468 0.999384 -0.0299815 -13.3123 0.561262 0.0145778 0.82751 130.973 
0.834759 -0.0324789 -0.549657 -130.303 0.0201953 0.999393 -0.0283831 -13.3497 0.550245 0.0125926 0.834908 131.676 
0.841445 -0.0327069 -0.539352 -130.765 0.0208292 0.999388 -0.0281085 -13.3846 0.539941 0.0124176 0.841611 132.388 
0.84826 -0.0317588 -0.528627 -131.221 0.0199945 0.999409 -0.0279583 -13.4188 0.529203 0.0131463 0.848394 133.105 
0.855043 -0.0298741 -0.517695 -131.673 0.0185793 0.999463 -0.0269889 -13.4547 0.518223 0.0134583 0.855139 133.827 
0.861403 -0.0289763 -0.507095 -132.113 0.0180328 0.999487 -0.0264801 -13.4898 0.507602 0.0136658 0.861484 134.554 
0.867266 -0.0296364 -0.496962 -132.545 0.0190099 0.99947 -0.0264287 -13.5241 0.497482 0.0134736 0.86737 135.294 
0.87238 -0.0310436 -0.487842 -132.971 0.0203135 0.999422 -0.0272723 -13.5581 0.488407 0.0138821 0.872506 136.044 
0.87679 -0.0316299 -0.479833 -133.394 0.0209289 0.999399 -0.0276361 -13.5932 0.480419 0.0141888 0.876924 136.803 
0.880403 -0.0306448 -0.473235 -133.816 0.0203558 0.999432 -0.0268494 -13.6256 0.473789 0.0140053 0.880527 137.568 
0.883549 -0.0289594 -0.467442 -134.237 0.0203045 0.999517 -0.0235439 -13.6544 0.467898 0.0113111 0.88371 138.351 
0.886694 -0.0249412 -0.461683 -134.665 0.0180481 0.99965 -0.0193409 -13.6824 0.462004 0.00881703 0.886834 139.15 
0.890148 -0.0221798 -0.455132 -135.092 0.016467 0.999728 -0.0165133 -13.7114 0.455375 0.00720465 0.890271 139.958 
0.893479 -0.0194632 -0.448683 -135.517 0.014633 0.999792 -0.0142304 -13.7339 0.448867 0.006149 0.893578 140.779 
0.896816 -0.0177693 -0.442048 -135.942 0.0139037 0.999832 -0.0119835 -13.754 0.442186 0.00460097 0.896912 141.613 
0.900202 -0.0162787 -0.435168 -136.367 0.0137148 0.999865 -0.00903195 -13.7739 0.435256 0.00216238 0.900304 142.461 
0.903693 -0.0165767 -0.42786 -136.802 0.0148942 0.999863 -0.0072797 -13.7876 0.427922 0.000206032 0.903816 143.336 
0.907321 -0.0169121 -0.420099 -137.235 0.0157167 0.999857 -0.00630718 -13.8034 0.420146 -0.000879906 0.907456 144.23 
0.911066 -0.0175208 -0.411887 -137.664 0.016438 0.999846 -0.00617179 -13.8189 0.411932 -0.00114763 0.911214 145.139 
0.915165 -0.0200502 -0.402582 -138.113 0.018967 0.999798 -0.00667748 -13.8351 0.402634 -0.00152473 0.91536 146.077 
0.91958 -0.0216307 -0.392307 -138.555 0.0201265 0.999766 -0.00794721 -13.8518 0.392387 -0.000587646 0.9198 147.017 
0.924352 -0.0227905 -0.38086 -138.979 0.0206033 0.99974 -0.00981964 -13.8742 0.380985 0.00122987 0.924581 147.971 
0.929807 -0.0209007 -0.367454 -139.393 0.0184043 0.999778 -0.0102971 -13.8977 0.367587 0.0028116 0.929985 148.946 
0.936117 -0.0173753 -0.35126 -139.791 0.0152255 0.999845 -0.00888183 -13.9164 0.35136 0.00296638 0.936236 149.936 
0.942817 -0.0137392 -0.333028 -140.162 0.0125802 0.999905 -0.0056364 -13.9361 0.333073 0.00112458 0.9429 150.94 
0.949563 -0.0108064 -0.31339 -140.513 0.0100956 0.999942 -0.00389092 -13.9495 0.313413 0.000530857 0.949617 151.951 
0.956259 -0.00942613 -0.292371 -140.863 0.00897689 0.999956 -0.00287828 -13.9632 0.292385 0.000127849 0.956301 153.002 
0.962481 -0.00808026 -0.271227 -141.178 0.00807369 0.999967 -0.00114021 -13.9732 0.271228 -0.00109233 0.962515 154.061 
0.968254 -0.00731108 -0.249861 -141.479 0.00801211 0.999966 0.00178855 -13.9814 0.24984 -0.00373365 0.96828 155.139 
0.973728 -0.00509412 -0.227656 -141.778 0.00652011 0.999964 0.00551204 -13.9864 0.22762 -0.00685153 0.973726 156.247 
0.978659 -0.00291138 -0.205469 -142.039 0.00505858 0.999938 0.0099255 -13.9894 0.205428 -0.010753 0.978613 157.365 
0.983063 -0.000949803 -0.183264 -142.268 0.00348044 0.999903 0.0134873 -13.9921 0.183234 -0.0138967 0.982971 158.496 
0.986912 0.000735906 -0.161258 -142.474 0.00149459 0.999905 0.0137098 -13.9919 0.161253 -0.0137714 0.986817 159.644 
0.99021 -0.000217443 -0.139585 -142.654 0.0018883 0.999928 0.0118376 -13.9868 0.139572 -0.0119853 0.990139 160.799 
0.992926 -3.52924e-08 -0.118732 -142.833 0.00134214 0.999936 0.0112234 -13.9825 0.118724 -0.0113033 0.992863 162.003 
0.99515 -0.0010578 -0.0983639 -142.992 0.00239008 0.999907 0.0134272 -13.9755 0.0983405 -0.0135972 0.99506 163.229 
0.996914 -0.000621339 -0.0785003 -143.104 0.00183458 0.99988 0.0153836 -13.9726 0.0784812 -0.0154801 0.996795 164.436 
0.998296 -2.0326e-05 -0.0583585 -143.198 0.000994947 0.999861 0.0166709 -13.9664 0.05835 -0.0167005 0.998157 165.659 
0.999268 0.00142925 -0.0382245 -143.27 -0.000761522 0.999847 0.0174764 -13.955 0.0382436 -0.0174344 0.999116 166.91 
0.999843 0.00152361 -0.017655 -143.318 -0.0012013 0.999833 0.01825 -13.9412 0.0176798 -0.0182259 0.999678 168.17 
0.999989 0.0037588 0.00270397 -143.341 -0.00380687 0.999831 0.0180144 -13.931 -0.00263585 -0.0180245 0.999834 169.434 
0.999732 0.00474819 0.0226687 -143.336 -0.00513835 0.999839 0.0171861 -13.9225 -0.0225835 -0.0172979 0.999595 170.708 
0.999088 0.00484686 0.0424266 -143.32 -0.00549043 0.999871 0.0150667 -13.9129 -0.0423481 -0.0152858 0.998986 172.024 
0.998064 0.00697363 0.0618061 -143.282 -0.00777712 0.999888 0.0127699 -13.9049 -0.0617102 -0.0132258 0.998007 173.355 
0.996636 0.00720505 0.081633 -143.23 -0.00813424 0.999906 0.0110562 -13.892 -0.0815457 -0.011683 0.996601 174.728 
0.994875 0.00751669 0.100834 -143.129 -0.00840674 0.999929 0.00840534 -13.894 -0.100764 -0.00920991 0.994868 176.054 
0.992755 0.00837232 0.119867 -143.015 -0.00882889 0.999956 0.0032788 -13.8954 -0.119835 -0.0043133 0.992785 177.43 
0.9903 0.0100687 0.138582 -142.893 -0.00967109 0.999947 -0.00354214 -13.8949 -0.13861 0.00216758 0.990345 178.84 
0.987583 0.0122085 0.156624 -142.725 -0.0110199 0.999904 -0.00845501 -13.9138 -0.156712 0.00662408 0.987622 180.253 
0.98456 0.0147423 0.174425 -142.499 -0.0127484 0.99984 -0.0125459 -13.9353 -0.174582 0.0101286 0.984591 181.686 
0.981083 0.0168333 0.192853 -142.274 -0.0141942 0.999786 -0.0150579 -13.9696 -0.193065 0.0120358 0.981112 183.151 
0.977385 0.016512 0.21082 -142.026 -0.0137534 0.9998 -0.0145446 -14.0025 -0.211018 0.0113163 0.977417 184.565 
0.973507 0.0157458 0.228116 -141.736 -0.0126481 0.999807 -0.0150349 -14.0368 -0.228309 0.0117513 0.973518 185.968 
0.969328 0.0155292 0.245281 -141.429 -0.0109728 0.999741 -0.0199317 -14.0745 -0.245527 0.0166289 0.969247 187.369 
0.964883 0.0167402 0.262146 -141.09 -0.0107172 0.999645 -0.0243888 -14.0939 -0.262461 0.0207229 0.96472 188.875 
0.96004 0.0191417 0.279207 -140.713 -0.0127748 0.999616 -0.0246053 -14.1241 -0.27957 0.0200553 0.959916 190.369 
0.954685 0.0217057 0.296825 -140.321 -0.0149622 0.999576 -0.0249716 -14.1691 -0.297241 0.0193989 0.954605 191.802 
0.948872 0.0258304 0.314602 -139.857 -0.017893 0.999445 -0.0280924 -14.2143 -0.315153 0.021027 0.948808 193.315 
0.943272 0.0267573 0.330942 -139.277 -0.0170718 0.999338 -0.0321391 -14.263 -0.331583 0.0246662 0.943104 194.829 
0.936905 0.0280264 0.348458 -138.804 -0.0170249 0.999256 -0.0345949 -14.3142 -0.349169 0.0264797 0.936686 196.318 
0.930585 0.0286693 0.364952 -138.182 -0.0150385 0.999081 -0.0401377 -14.3593 -0.365768 0.0318633 0.930161 197.827 
0.922965 0.0320587 0.383547 -137.576 -0.0155873 0.998821 -0.045977 -14.4341 -0.384569 0.0364567 0.922376 199.315 
0.913981 0.0358807 0.404166 -136.882 -0.0172813 0.998621 -0.0495746 -14.5082 -0.405388 0.0383258 0.913341 200.833 
0.90291 0.0390753 0.428051 -136.222 -0.0191211 0.998525 -0.0508189 -14.5957 -0.429405 0.0377001 0.902325 202.361 
0.89021 0.0444712 0.453374 -135.488 -0.0226579 0.998314 -0.0534346 -14.6901 -0.454986 0.0372956 0.889717 203.906 
0.876536 0.0490022 0.478836 -134.79 -0.0248764 0.998087 -0.0566025 -14.7871 -0.480693 0.0377025 0.876078 205.362 
0.862113 0.0533353 0.503902 -134.03 -0.026648 0.997841 -0.0600247 -14.8793 -0.506015 0.0383201 0.861673 206.852 
0.851843 0.0521832 0.521191 -132.583 -0.0260762 0.998016 -0.0573048 -15.3176 -0.523148 0.0352241 0.851514 208.106 
0.836789 0.0544208 0.544815 -131.678 -0.0261788 0.997887 -0.0594689 -15.4331 -0.5469 0.0355003 0.836445 209.58 
0.820666 0.056609 0.568598 -130.824 -0.0243716 0.997643 -0.0641483 -15.5503 -0.570889 0.0387867 0.820111 210.997 
0.804686 0.0590739 0.590755 -129.927 -0.0224845 0.997356 -0.0691059 -15.6752 -0.593275 0.0423257 0.803886 212.344 
0.788628 0.061148 0.611823 -128.996 -0.0213529 0.997166 -0.0721371 -15.8104 -0.6145 0.0438251 0.787698 213.693 
0.773059 0.0628161 0.631216 -128.015 -0.019644 0.996978 -0.0751569 -15.94 -0.63403 0.0457012 0.771957 214.962 
0.757784 0.0635382 0.649404 -126.998 -0.0177969 0.99689 -0.0767693 -16.0656 -0.652263 0.0466172 0.756558 216.221 
0.742682 0.0644193 0.666538 -125.943 -0.0164049 0.996814 -0.0780606 -16.2159 -0.669443 0.0470397 0.741373 217.472 
0.72795 0.0648154 0.68256 -124.886 -0.0136415 0.996694 -0.0800965 -16.3606 -0.685495 0.0489951 0.726427 218.659 
0.713507 0.066375 0.697497 -123.807 -0.0113595 0.996468 -0.0832052 -16.5039 -0.700556 0.0514443 0.711741 219.815 
0.698981 0.0688113 0.711822 -122.687 -0.0090452 0.996131 -0.0874132 -16.6467 -0.715083 0.0546617 0.6969 220.95 
0.683407 0.0706774 0.726608 -121.548 -0.00772501 0.995947 -0.0896103 -16.8138 -0.729996 0.0556273 0.681183 222.118 
0.667087 0.0718209 0.74151 -120.364 -0.00720588 0.995918 -0.0899795 -16.99 -0.744945 0.0546809 0.664881 223.285 
0.649913 0.073373 0.756459 -119.18 -0.00804255 0.995937 -0.0896915 -17.1559 -0.759966 0.0522078 0.647862 224.404 
0.633266 0.0749158 0.7703 -117.974 -0.0106211 0.996052 -0.0881396 -17.3116 -0.773861 0.0476344 0.631561 225.428 
0.616114 0.0759724 0.783984 -116.775 -0.0131254 0.99619 -0.0862213 -17.4713 -0.787548 0.042832 0.614764 226.421 
0.598305 0.0780096 0.797462 -115.553 -0.016403 0.996233 -0.0851472 -17.6366 -0.801101 0.0378632 0.597331 227.393 
0.580248 0.0814259 0.810359 -114.287 -0.017599 0.996011 -0.0874788 -17.7991 -0.81425 0.0364979 0.579367 228.345 
0.562485 0.0850859 0.822418 -113.031 -0.0197983 0.995792 -0.0894819 -17.9592 -0.826571 0.0340497 0.561802 229.247 
0.543746 0.0854898 0.834885 -111.745 -0.0200816 0.995839 -0.0888922 -18.1192 -0.83901 0.0315689 0.5432 230.11 
0.523733 0.0849061 0.847641 -110.457 -0.0210943 0.996008 -0.0867341 -18.2757 -0.851621 0.0275452 0.523434 230.935 
0.503133 0.0829891 0.860215 -109.186 -0.0207347 0.996251 -0.0839855 -18.4306 -0.86396 0.0244196 0.502967 231.718 
0.4823 0.0815171 0.872205 -107.935 -0.020917 0.996449 -0.0815626 -18.5858 -0.875756 0.0210938 0.482293 232.448 
0.461576 0.0803995 0.88345 -106.657 -0.0199508 0.996573 -0.0802708 -18.7319 -0.886876 0.0194255 0.461598 233.155 
0.440851 0.079865 0.89402 -105.381 -0.018651 0.996634 -0.0798347 -18.8749 -0.897387 0.0185208 0.440857 233.82 
0.420812 0.0791588 0.903687 -104.08 -0.015791 0.996674 -0.0799506 -19.0108 -0.90701 0.0193741 0.420663 234.454 
0.40018 0.0795503 0.912978 -102.769 -0.0132456 0.996623 -0.0810327 -19.1518 -0.916341 0.0203348 0.399882 235.077 
0.37972 0.0790468 0.921718 -101.48 -0.00938037 0.996621 -0.081606 -19.291 -0.925054 0.0223414 0.379179 235.646 
0.358928 0.0773694 0.930153 -100.175 -0.00786873 0.996774 -0.0798744 -19.4305 -0.933332 0.0213501 0.358379 236.194 
0.338446 0.0772448 0.93781 -98.8788 -0.00700077 0.996804 -0.0795774 -19.5665 -0.94096 0.0203673 0.337905 236.706 
0.318365 0.0822111 0.944397 -97.6088 -0.00757114 0.996421 -0.0841875 -19.6987 -0.947938 0.0196522 0.317848 237.184 
0.298801 0.0915925 0.94991 -96.2766 -0.00846692 0.995599 -0.0933346 -19.8455 -0.954278 0.0198457 0.298262 237.666 
0.27948 0.0993399 0.954999 -94.9835 -0.0105873 0.994892 -0.100391 -20.0015 -0.960093 0.0179464 0.279104 238.087 
0.260074 0.103552 0.96002 -93.6878 -0.0130648 0.994519 -0.103734 -20.1576 -0.9655 0.014436 0.260002 238.481 
0.240506 0.104752 0.964979 -92.4058 -0.0156201 0.994449 -0.104058 -20.3199 -0.970522 0.00995342 0.240807 238.84 
0.220583 0.10495 0.969706 -91.1298 -0.0192349 0.994469 -0.103255 -20.4795 -0.975179 0.00412409 0.221381 239.177 
0.20149 0.105265 0.973818 -89.8545 -0.0206759 0.994444 -0.103217 -20.6361 -0.979272 0.000662541 0.202547 239.48 
0.182189 0.103749 0.977775 -88.5822 -0.0207648 0.994602 -0.101665 -20.7904 -0.983044 -0.00178111 0.183359 239.764 
0.163451 0.103735 0.981082 -87.3243 -0.0205975 0.994599 -0.101733 -20.943 -0.986336 -0.00357956 0.164705 240.014 
0.144934 0.104651 0.983891 -86.0839 -0.0201397 0.994497 -0.102812 -21.0896 -0.989236 -0.0049143 0.146244 240.23 
0.125806 0.108258 0.98613 -84.8477 -0.0240084 0.994069 -0.106067 -21.2379 -0.991764 -0.0103316 0.127659 240.427 
0.107705 0.110071 0.988071 -83.6227 -0.0238969 0.993852 -0.10811 -21.3874 -0.993896 -0.0119679 0.109673 240.588 
0.0910752 0.107225 0.990055 -82.4009 -0.0238546 0.994136 -0.105472 -21.5375 -0.995558 -0.0140114 0.093099 240.728 
0.0758971 0.10296 0.991786 -81.1879 -0.0213002 0.994595 -0.101621 -21.6825 -0.996888 -0.0134125 0.0776799 240.84 
0.0620132 0.0988833 0.993165 -80.0014 -0.0210197 0.994989 -0.0977524 -21.8211 -0.997854 -0.0148141 0.0637809 240.934 
0.0495621 0.0956679 0.994179 -78.8158 -0.0189291 0.995313 -0.0948334 -21.9574 -0.998592 -0.0141187 0.0511407 241.013 
0.0391638 0.0958435 0.994626 -77.6458 -0.018612 0.995287 -0.0951743 -22.0928 -0.999059 -0.0147846 0.040763 241.08 
0.0306231 0.0980507 0.99471 -76.5077 -0.0189721 0.995055 -0.0975005 -22.229 -0.999351 -0.015886 0.0323319 241.141 
0.0239448 0.0998588 0.994714 -75.3734 -0.0202018 0.994844 -0.0993855 -22.3582 -0.999509 -0.0177153 0.0258386 241.19 
0.0182093 0.103954 0.994415 -74.2533 -0.0207354 0.994406 -0.103573 -22.4931 -0.999619 -0.0187336 0.020263 241.23 
0.013049 0.112957 0.993514 -73.1513 -0.0201885 0.993426 -0.112682 -22.6257 -0.999711 -0.0185872 0.0152436 241.262 
0.0083294 0.115738 0.993245 -72.0546 -0.02219 0.993056 -0.11553 -22.7571 -0.999719 -0.0210778 0.0108398 241.292 
0.00464213 0.107427 0.994202 -70.9545 -0.0211667 0.994001 -0.107307 -22.8945 -0.999765 -0.0205459 0.00688816 241.318 
0.00236562 0.0978424 0.995199 -69.8653 -0.0198921 0.99501 -0.0977764 -23.023 -0.999799 -0.0195653 0.0043001 241.338 
0.00101366 0.0943508 0.995539 -68.7781 -0.0192904 0.995356 -0.0943138 -23.1466 -0.999813 -0.0191087 0.00282901 241.36 
0.000916718 0.096542 0.995329 -67.7086 -0.0202527 0.995127 -0.0965037 -23.2656 -0.999795 -0.0200696 0.00286748 241.387 
0.00140769 0.0998226 0.995004 -66.6513 -0.0198582 0.994812 -0.0997752 -23.3859 -0.999802 -0.0196185 0.00338268 241.411 
0.00309477 0.102395 0.994739 -65.6003 -0.0223129 0.994503 -0.102301 -23.507 -0.999746 -0.0218789 0.00536249 241.44 
0.00498888 0.103334 0.994634 -64.5618 -0.0244899 0.994361 -0.103183 -23.6266 -0.999688 -0.0238437 0.00749139 241.473 
0.0081077 0.105217 0.994416 -63.5373 -0.0255592 0.994146 -0.10498 -23.7449 -0.99964 -0.0245653 0.0107495 241.504 
0.0117664 0.106194 0.994276 -62.5151 -0.0278265 0.993994 -0.105835 -23.8673 -0.999544 -0.026422 0.0146507 241.542 
0.0167806 0.107482 0.994065 -61.5012 -0.0292235 0.993833 -0.106963 -23.987 -0.999432 -0.0272552 0.0198181 241.58 
0.0231802 0.106615 0.99403 -60.4904 -0.0300228 0.993923 -0.105903 -24.1067 -0.99928 -0.0273887 0.0262402 241.626 
0.0299233 0.105324 0.993988 -59.4733 -0.0290671 0.994104 -0.104462 -24.2284 -0.99913 -0.0257665 0.0328084 241.675 
0.0371672 0.104774 0.993801 -58.4675 -0.0272237 0.994226 -0.1038 -24.3451 -0.998938 -0.023197 0.0398049 241.73 
0.0446652 0.105694 0.993395 -57.4724 -0.0259073 0.994176 -0.104612 -24.463 -0.998666 -0.0210636 0.0471433 241.789 
0.0514259 0.105759 0.993061 -56.4824 -0.0266506 0.994168 -0.104497 -24.5781 -0.998321 -0.0210918 0.0539446 241.863 
0.0580614 0.104822 0.992795 -55.5002 -0.0276049 0.994261 -0.103363 -24.6929 -0.997931 -0.0214046 0.0606217 241.94 
0.0647711 0.102637 0.992608 -54.513 -0.028323 0.994485 -0.100983 -24.8108 -0.997498 -0.0215728 0.0673209 242.028 
0.0714875 0.101076 0.992307 -53.5314 -0.0282265 0.994659 -0.0992818 -24.9255 -0.997042 -0.020912 0.0739587 242.12 
0.0782414 0.101711 0.991732 -52.5593 -0.028711 0.994599 -0.0997394 -25.0403 -0.996521 -0.0206699 0.080739 242.219 
0.0850079 0.103855 0.990953 -51.5882 -0.0283275 0.994403 -0.101787 -25.1523 -0.995978 -0.0194185 0.087474 242.324 
0.0915625 0.105375 0.990208 -50.6191 -0.0282079 0.994261 -0.103198 -25.2627 -0.9954 -0.0184826 0.0940094 242.435 
0.0975606 0.107468 0.98941 -49.6584 -0.0299548 0.994019 -0.105015 -25.3741 -0.994779 -0.0193922 0.100196 242.559 
0.103577 0.108198 0.988719 -48.6972 -0.0320656 0.993912 -0.105407 -25.4856 -0.994105 -0.0207861 0.106415 242.691 
0.10972 0.107802 0.988099 -47.7394 -0.0329553 0.993949 -0.104781 -25.6009 -0.993416 -0.0210667 0.112608 242.831 
0.11557 0.105673 0.987662 -46.7808 -0.0339988 0.994163 -0.10239 -25.7118 -0.992717 -0.021746 0.118489 242.972 
0.121495 0.104218 0.987106 -45.8271 -0.0343693 0.994318 -0.100749 -25.8245 -0.991997 -0.0216856 0.124386 243.117 
0.12763 0.103593 0.986397 -44.8802 -0.0344009 0.994394 -0.0999818 -25.9343 -0.991225 -0.0211723 0.130478 243.264 
0.134343 0.104795 0.985378 -43.9346 -0.0344464 0.994285 -0.101046 -26.042 -0.990336 -0.0203679 0.137185 243.416 
0.141488 0.105128 0.984342 -42.9927 -0.0322645 0.994307 -0.101555 -26.1493 -0.989414 -0.0173905 0.144075 243.571 
0.150247 0.106677 0.982876 -42.0607 -0.0308091 0.994184 -0.103194 -26.2596 -0.988168 -0.0147769 0.152659 243.73 
