1 2.12261e-08 -2.11895e-08 0 2.12261e-08 1 2.10703e-08 0 -2.11895e-08 2.10703e-08 1 0 
0.999874 0.00146076 0.01582 0.00955769 -0.0014461 0.999999 -0.000935225 -0.0016006 -0.0158214 0.000912271 0.999874 0.124981 
0.999294 0.0044582 0.0373127 0.0236911 -0.00444223 0.99999 -0.000509776 -0.00282453 -0.0373147 0.000343706 0.999304 0.266349 
0.997884 0.00609915 0.0647341 0.0477856 -0.00616906 0.999981 0.00088078 -0.00393668 -0.0647275 -0.00127822 0.997902 0.422571 
0.99505 0.00570739 0.0992167 0.0863179 -0.00606445 0.999976 0.00329798 -0.0069353 -0.0991956 -0.00388331 0.99506 0.589327 
0.990457 0.00258909 0.137799 0.141373 -0.00337512 0.999979 0.00547115 -0.00892315 -0.137782 -0.00588399 0.990445 0.764907 
0.98403 -0.00029771 0.178001 0.207797 -0.000772577 0.999982 0.00594372 -0.00955319 -0.178 -0.00598628 0.984012 0.953301 
0.975042 -0.000305444 0.222021 0.288317 -0.00127729 0.999975 0.00698537 -0.00800318 -0.222017 -0.00709458 0.975017 1.148 
0.962742 -2.78246e-05 0.270421 0.380158 -0.00266726 0.99995 0.00959895 -0.00422967 -0.270407 -0.00996256 0.962694 1.35137 
0.948009 -0.00383135 0.31822 0.496121 -0.00157181 0.999859 0.016721 -0.00568867 -0.31824 -0.0163518 0.947869 1.56429 
0.930727 -0.013094 0.365479 0.632298 0.00443162 0.999689 0.0245304 -0.00873825 -0.365687 -0.0212114 0.930496 1.77203 
0.908965 -0.018187 0.416476 0.774752 0.00681863 0.999563 0.028768 -0.00678087 -0.416817 -0.0233093 0.908691 1.98107 
0.883175 -0.0194757 0.468639 0.927519 0.00467132 0.999453 0.0327321 -0.00701057 -0.46902 -0.026719 0.882783 2.1893 
0.854207 -0.0217285 0.519478 1.10086 0.0028887 0.999309 0.0370486 -0.00294151 -0.519924 -0.0301466 0.85368 2.40168 
0.821059 -0.0267054 0.570219 1.27237 0.00384627 0.999141 0.0412552 -0.00520843 -0.570831 -0.0316797 0.820456 2.59655 
0.784191 -0.0321855 0.619684 1.46903 0.005749 0.998988 0.044611 -0.00803639 -0.620493 -0.031421 0.783583 2.78797 
0.745246 -0.0360149 0.665817 1.69886 0.00612526 0.998868 0.0471742 -0.00345507 -0.666762 -0.0310781 0.744623 2.98879 
0.70433 -0.0388556 0.708809 1.95658 0.00677687 0.998823 0.0480197 0.00709087 -0.70984 -0.0290182 0.703765 3.19559 
0.661664 -0.0405314 0.748704 2.22833 0.00553087 0.998775 0.0491813 0.0150913 -0.74978 -0.0284005 0.661077 3.39117 
0.618175 -0.0405349 0.784995 2.53017 0.000450001 0.998688 0.0512151 0.02601 -0.786041 -0.0313066 0.617382 3.59636 
0.57568 -0.0412559 0.816634 2.86262 -0.00244836 0.998635 0.0521765 0.0383979 -0.817672 -0.0320364 0.574793 3.80027 
0.534774 -0.0424662 0.843927 3.22583 -0.00437309 0.998584 0.0530197 0.0534839 -0.844984 -0.0320441 0.533831 4.0026 
0.495455 -0.0445956 0.867488 3.62047 -0.00605113 0.99848 0.0547857 0.06938 -0.868613 -0.0323931 0.494432 4.20515 
0.457441 -0.0441287 0.888144 4.03924 -0.00937347 0.998473 0.0544384 0.0873476 -0.889191 -0.0332273 0.456329 4.40619 
0.420389 -0.0433161 0.90631 4.49296 -0.0105078 0.99856 0.0525992 0.107074 -0.907283 -0.0316354 0.419328 4.60001 
0.386323 -0.0418214 0.921415 4.97183 -0.00925777 0.998745 0.0492129 0.129393 -0.922317 -0.0275423 0.385451 4.78362 
0.356304 -0.0398586 0.93352 5.47812 -0.0070515 0.998947 0.0453436 0.152526 -0.934344 -0.0227388 0.355647 4.96143 
0.330662 -0.0379193 0.942987 6.01306 -0.00590589 0.99909 0.0422462 0.175509 -0.943731 -0.0195384 0.330137 5.13971 
0.310413 -0.0372994 0.94987 6.57382 -0.00469312 0.999158 0.0407685 0.197615 -0.95059 -0.0171129 0.309976 5.31706 
0.295764 -0.0378799 0.95451 7.16753 -0.0036266 0.999162 0.0407758 0.219869 -0.955254 -0.0155216 0.295379 5.49781 
0.284285 -0.0393019 0.957934 7.7896 -0.00261866 0.999124 0.041769 0.242156 -0.958736 -0.0143828 0.283933 5.68053 
0.27348 -0.0411195 0.960998 8.43684 -0.00401804 0.999028 0.0438903 0.264871 -0.961869 -0.0158644 0.273049 5.8693 
0.26287 -0.0426677 0.963887 9.1081 -0.00542531 0.998941 0.045699 0.293262 -0.964816 -0.0172423 0.26236 6.06053 
0.252607 -0.0448378 0.966529 9.79399 -0.00631012 0.998828 0.0479854 0.312306 -0.967548 -0.0182204 0.252028 6.25029 
0.242475 -0.046616 0.969037 10.5111 -0.00723227 0.99873 0.0498541 0.341624 -0.970131 -0.0190967 0.24183 6.43451 
0.23211 -0.0480839 0.9715 11.2539 -0.0071192 0.998667 0.0511294 0.37312 -0.972663 -0.018784 0.231459 6.6171 
0.221806 -0.0493188 0.973843 12.0138 -0.0070368 0.998613 0.052176 0.407121 -0.975065 -0.0184257 0.221151 6.79771 
0.21123 -0.0520873 0.976048 12.7893 -0.00825758 0.998448 0.0550699 0.442542 -0.977402 -0.0196922 0.210472 6.97457 
0.199992 -0.0556535 0.978216 13.5736 -0.00958951 0.998227 0.0587525 0.479076 -0.979751 -0.0211306 0.199104 7.14478 
0.187826 -0.0593281 0.980409 14.3666 -0.0103367 0.997999 0.0623729 0.51668 -0.982148 -0.0218495 0.186837 7.3047 
0.174882 -0.0615194 0.982666 15.1662 -0.0110352 0.997861 0.0644346 0.552147 -0.984528 -0.0221123 0.173829 7.45443 
0.160775 -0.0620051 0.985042 15.9743 -0.0113369 0.997843 0.0646613 0.590199 -0.986926 -0.0215632 0.159725 7.59561 
0.146488 -0.0608094 0.987342 16.7827 -0.0126773 0.997911 0.0633413 0.629648 -0.989131 -0.0217955 0.145411 7.72291 
0.129934 -0.0596669 0.989726 17.5956 -0.0131252 0.997997 0.0618887 0.667011 -0.991436 -0.0210317 0.12889 7.83622 
0.109509 -0.0579804 0.992293 18.4172 -0.0157165 0.998072 0.0600525 0.702884 -0.993862 -0.0221717 0.108386 7.93536 
0.0836234 -0.0565003 0.994894 19.2497 -0.0202993 0.998088 0.0583879 0.739342 -0.996291 -0.0250783 0.0823165 8.01893 
0.0529945 -0.0558017 0.997035 20.0873 -0.0242586 0.998071 0.0571492 0.775112 -0.9983 -0.0272152 0.0515386 8.07417 
0.0194348 -0.0556797 0.99826 20.9213 -0.0273756 0.998044 0.0562007 0.804975 -0.999436 -0.0284202 0.0178725 8.09983 
-0.0153413 -0.0550477 0.998366 21.7593 -0.0288996 0.998091 0.0545885 0.833894 -0.999465 -0.0280149 -0.0169029 8.09387 
-0.0494962 -0.0538015 0.997324 22.5953 -0.0298171 0.998183 0.052368 0.860968 -0.998329 -0.0271453 -0.0510105 8.05831 
-0.0828516 -0.0518284 0.995213 23.435 -0.031946 0.998272 0.0493282 0.887385 -0.99605 -0.0277061 -0.0843641 7.9991 
-0.115572 -0.0489001 0.992095 24.2728 -0.0342193 0.998391 0.0452242 0.910414 -0.992709 -0.0287221 -0.11706 7.91205 
-0.148188 -0.0442558 0.987968 25.1068 -0.0312202 0.99871 0.0400542 0.930754 -0.988466 -0.0249091 -0.149379 7.78867 
-0.17971 -0.038321 0.982973 25.9303 -0.0258126 0.999081 0.0342299 0.945205 -0.983381 -0.0192217 -0.180534 7.63473 
-0.210229 -0.0319253 0.977131 26.7521 -0.0195248 0.999404 0.0284524 0.956434 -0.977457 -0.0130967 -0.210727 7.45377 
-0.239097 -0.0262648 0.970641 27.5723 -0.0134346 0.999628 0.0237399 0.962315 -0.970903 -0.00736402 -0.239361 7.24669 
-0.266993 -0.0200944 0.963489 28.386 -0.0049703 0.999798 0.0194743 0.963199 -0.963686 0.000410674 -0.267039 7.01207 
-0.293128 -0.009731 0.956024 29.1845 0.000922364 0.999945 0.0104609 0.955967 -0.956073 0.00394818 -0.293103 6.75901 
-0.318386 0.00580744 0.947943 29.9706 0.00568101 0.999975 -0.00421809 0.941145 -0.947944 0.00404229 -0.318411 6.49081 
-0.343234 0.0229673 0.938969 30.7448 0.00659839 0.999735 -0.0220416 0.919186 -0.939227 -0.00136976 -0.343295 6.21298 
-0.368485 0.0378552 0.928863 31.5115 0.00686204 0.999254 -0.0380017 0.888525 -0.929608 -0.00762918 -0.36847 5.91683 
-0.392672 0.0482205 0.918414 32.2687 0.0106877 0.998796 -0.0478713 0.843369 -0.919617 -0.00898196 -0.392715 5.59342 
-0.415837 0.0522423 0.907937 33.0217 0.0138343 0.998597 -0.0511226 0.789626 -0.909334 -0.00869798 -0.415976 5.2463 
-0.438236 0.0519967 0.897355 33.7628 0.0174778 0.99863 -0.0493295 0.736545 -0.89869 -0.00593417 -0.438545 4.88309 
-0.458058 0.047754 0.887639 34.4914 0.0209879 0.998859 -0.0429069 0.682068 -0.888674 -0.00102419 -0.458538 4.50486 
-0.475511 0.0467332 0.878467 35.2069 0.0289687 0.998878 -0.0374582 0.631632 -0.879232 0.00763623 -0.476332 4.10849 
-0.48898 0.0472521 0.871014 35.9105 0.0312467 0.99884 -0.0366449 0.583372 -0.871735 0.00929771 -0.489889 3.71247 
-0.499861 0.0513859 0.86458 36.6082 0.0353046 0.998618 -0.0389409 0.535939 -0.865386 0.0110586 -0.500985 3.31053 
-0.509591 0.0538765 0.858728 37.2978 0.0360526 0.998498 -0.0412511 0.488466 -0.859661 0.00993814 -0.510768 2.90593 
-0.520324 0.0531105 0.852316 37.9802 0.0300446 0.998585 -0.0438832 0.438405 -0.85344 0.002774 -0.521183 2.50944 
-0.531318 0.0517326 0.845591 38.6614 0.0294151 0.998659 -0.0426144 0.389772 -0.846662 0.00223139 -0.532127 2.09723 
-0.540143 0.0530247 0.839901 39.3407 0.0312682 0.998589 -0.0429342 0.343229 -0.840992 0.00307155 -0.541039 1.67256 
-0.547365 0.0560684 0.835014 40.0212 0.0343088 0.998418 -0.0445504 0.296355 -0.836191 0.00426305 -0.548422 1.2324 
-0.550885 0.0590008 0.832493 40.7157 0.0354825 0.998252 -0.0472687 0.250208 -0.833827 0.00349931 -0.552015 0.789617 
-0.550748 0.0612252 0.832423 41.4244 0.0351706 0.998123 -0.0501429 0.205556 -0.83393 0.00166075 -0.551868 0.33887 
-0.547641 0.0614357 0.834455 42.1514 0.037016 0.998103 -0.049191 0.157363 -0.835895 0.00394916 -0.548876 -0.120659 
-0.541862 0.0603717 0.838296 42.8987 0.0350775 0.998172 -0.0492118 0.106058 -0.839735 0.00273932 -0.54299 -0.581856 
-0.535131 0.0590705 0.842701 43.6674 0.0327493 0.998253 -0.0491776 0.0554595 -0.844134 0.00128138 -0.536131 -1.04314 
-0.528122 0.0586196 0.847143 44.4508 0.0310916 0.99828 -0.0496948 0.00233666 -0.848599 9.41416e-05 -0.529036 -1.50815 
-0.521922 0.0571481 0.851077 45.2513 0.0281429 0.998364 -0.0497795 -0.0539388 -0.852529 -0.00202924 -0.522676 -1.9725 
-0.518029 0.0548376 0.853604 46.0703 0.0235538 0.998479 -0.0498505 -0.106972 -0.855039 -0.0057184 -0.518532 -2.43602 
-0.517106 0.0521779 0.854329 46.9064 0.0193025 0.998597 -0.0493056 -0.163463 -0.855704 -0.00900561 -0.517388 -2.90633 
-0.517996 0.049532 0.853948 47.7489 0.0158593 0.998707 -0.0483084 -0.220683 -0.855236 -0.0114806 -0.518111 -3.38354 
-0.519288 0.0484153 0.853227 48.5986 0.0148479 0.998754 -0.0476363 -0.279693 -0.854471 -0.0120684 -0.51936 -3.87214 
-0.520367 0.0474482 0.852623 49.4545 0.0142516 0.998799 -0.0468848 -0.337614 -0.853824 -0.0122461 -0.520418 -4.36542 
-0.521108 0.0470135 0.852195 50.3248 0.0140019 0.998818 -0.0465403 -0.393594 -0.853376 -0.0123202 -0.52115 -4.86946 
-0.521532 0.0461077 0.851985 51.2043 0.0142389 0.99887 -0.0453406 -0.452407 -0.853113 -0.0115152 -0.521599 -5.38453 
-0.52234 0.0456901 0.851513 52.0894 0.0137059 0.998884 -0.0451901 -0.513024 -0.852627 -0.0119338 -0.522383 -5.89889 
-0.522858 0.0440157 0.851283 52.9817 0.0117418 0.998943 -0.0444387 -0.573527 -0.852339 -0.0132395 -0.522823 -6.41695 
-0.523102 0.0433182 0.851168 53.8733 0.0110425 0.998968 -0.0440536 -0.636536 -0.852198 -0.0136455 -0.523041 -6.93772 
-0.522624 0.042575 0.8515 54.7543 0.00967303 0.998984 -0.0440122 -0.69959 -0.852509 -0.0147652 -0.522505 -7.4524 
-0.521403 0.0410451 0.852323 55.6377 0.00930682 0.999057 -0.0424179 -0.763287 -0.85326 -0.0141844 -0.521293 -7.97133 
-0.519501 0.0390896 0.853575 56.5236 0.00931616 0.999153 -0.0400863 -0.822618 -0.854419 -0.0128728 -0.519425 -8.48953 
-0.517295 0.0375424 0.854983 57.4055 0.00936404 0.999226 -0.0382105 -0.884969 -0.855756 -0.01176 -0.517246 -8.99975 
-0.515159 0.0371992 0.856287 58.2944 0.00959173 0.999245 -0.0376391 -0.944805 -0.857041 -0.0111769 -0.515128 -9.5088 
-0.513569 0.0374337 0.857231 59.178 0.00974419 0.999238 -0.0377971 -1.00213 -0.857993 -0.0110584 -0.513543 -10.0123 
-0.513107 0.0377625 0.857493 60.059 0.00956854 0.999221 -0.0382783 -1.06278 -0.858271 -0.0114359 -0.513069 -10.5139 
-0.514426 0.0391212 0.856642 60.9455 0.0089105 0.999149 -0.0402782 -1.12151 -0.857489 -0.0130871 -0.514336 -11.015 
-0.517651 0.0408853 0.854615 61.816 0.00768423 0.99904 -0.0431403 -1.18093 -0.855558 -0.0157645 -0.517468 -11.5161 
-0.522398 0.0411885 0.851706 62.6842 0.00608854 0.998987 -0.0445766 -1.24211 -0.85268 -0.0181011 -0.52212 -12.0192 
-0.528013 0.0400007 0.848294 63.5502 0.00741156 0.999069 -0.0424971 -1.29976 -0.849204 -0.0161518 -0.527818 -12.5354 
-0.533608 0.0377657 0.844889 64.4093 0.00863497 0.999194 -0.0392093 -1.35992 -0.845688 -0.0136268 -0.533503 -13.057 
-0.539196 0.0353295 0.841439 65.2606 0.00588261 0.999253 -0.038186 -1.41891 -0.84216 -0.0156399 -0.539002 -13.5735 
-0.544322 0.0386709 0.837985 66.1015 0.00773298 0.999126 -0.041084 -1.47477 -0.838841 -0.0158828 -0.544145 -14.1005 
-0.549574 0.0401618 0.834479 66.9307 0.00783176 0.999048 -0.0429243 -1.53174 -0.835409 -0.0170546 -0.549365 -14.6257 
-0.554225 0.0411391 0.83135 67.7602 0.00679071 0.998968 -0.0449066 -1.59299 -0.832339 -0.0192429 -0.553932 -15.151 
-0.557972 0.0412129 0.828836 68.5818 0.00534001 0.998924 -0.0460754 -1.65374 -0.829843 -0.0212828 -0.557591 -15.6797 
-0.561039 0.0407901 0.826784 69.3923 0.00653996 0.998972 -0.0448473 -1.71359 -0.827764 -0.0197539 -0.560729 -16.2152 
-0.563233 0.0342617 0.825588 70.2087 0.00748361 0.999311 -0.0363657 -1.76784 -0.826265 -0.014304 -0.563101 -16.7555 
-0.56527 0.0256189 0.824508 71.0206 0.00693547 0.99963 -0.0263053 -1.8228 -0.824877 -0.00915127 -0.565238 -17.2953 
-0.566675 0.0244499 0.823578 71.8289 0.00836238 0.999679 -0.0239239 -1.87123 -0.823899 -0.00667003 -0.566698 -17.8313 
-0.567844 0.0288458 0.822631 72.6222 0.00820779 0.999535 -0.0293833 -1.91386 -0.823095 -0.00993315 -0.567816 -18.3583 
-0.568985 0.0354119 0.821585 73.4162 0.0102165 0.9993 -0.0359963 -1.95961 -0.822284 -0.0120877 -0.568948 -18.8908 
-0.569219 0.0393589 0.821243 74.2075 0.0157281 0.999192 -0.0369858 -2.00791 -0.822036 -0.00813646 -0.569378 -19.4323 
-0.569016 0.0409297 0.821307 74.9947 0.0193443 0.99915 -0.0363904 -2.05917 -0.822099 -0.00481914 -0.569325 -19.9725 
-0.568657 0.0374936 0.82172 75.7845 0.0177896 0.999288 -0.0332847 -2.10738 -0.822382 -0.0043095 -0.568919 -20.4992 
-0.56781 0.0330687 0.822496 76.5745 0.0170598 0.999451 -0.028406 -2.15298 -0.822983 -0.0020976 -0.568062 -21.0308 
-0.566862 0.0264852 0.823387 77.3674 0.0140067 0.999648 -0.022512 -2.19812 -0.823694 -0.00122829 -0.567033 -21.5592 
-0.566412 0.0207488 0.823861 78.1632 0.00540704 0.999755 -0.0214613 -2.23932 -0.824104 -0.00770128 -0.566386 -22.0721 
-0.564714 0.015549 0.82514 78.9583 -0.00219583 0.999791 -0.0203429 -2.27238 -0.825284 -0.0132998 -0.564561 -22.5832 
-0.562533 0.0165847 0.826609 79.7463 0.0014432 0.999817 -0.0190777 -2.31052 -0.826774 -0.00953888 -0.562454 -23.1068 
-0.559338 0.0198672 0.828702 80.5286 0.00537974 0.999779 -0.0203374 -2.3501 -0.828922 -0.00691732 -0.559321 -23.6244 
-0.55402 0.0233153 0.832177 81.3116 0.00760658 0.999708 -0.022945 -2.38396 -0.832469 -0.00638196 -0.554036 -24.1301 
-0.546074 0.0257804 0.83734 82.0987 0.0126147 0.999666 -0.0225514 -2.42041 -0.837642 -0.00175196 -0.546217 -24.639 
-0.537804 0.0292382 0.842563 82.8896 0.0200127 0.99956 -0.0219122 -2.46213 -0.842832 0.00507744 -0.538152 -25.14 
-0.528012 0.028149 0.84877 83.6918 0.0167609 0.999601 -0.0227244 -2.49491 -0.849071 0.00222741 -0.528273 -25.6222 
-0.517093 0.0258942 0.855537 84.5008 0.0144007 0.999664 -0.0215525 -2.5277 -0.855808 0.00117565 -0.517293 -26.0903 
-0.505429 0.0228028 0.862567 85.3131 0.0142928 0.999735 -0.018054 -2.56122 -0.86275 0.00320347 -0.505621 -26.5515 
-0.494519 0.02209 0.868886 86.126 0.0136292 0.999751 -0.0176601 -2.59661 -0.86906 0.00310894 -0.494697 -26.9945 
-0.482664 0.0214198 0.875544 86.9453 0.0140988 0.999761 -0.0166864 -2.62682 -0.875692 0.00429019 -0.482851 -27.4264 
-0.4707 0.0225219 0.882006 87.7684 0.0152908 0.999732 -0.0173677 -2.65988 -0.882161 0.00531163 -0.470918 -27.8503 
-0.458902 0.0261997 0.888101 88.5944 0.0144747 0.999653 -0.0220112 -2.69943 -0.888369 0.00275402 -0.459122 -28.2567 
-0.447363 0.0355332 0.893646 89.4158 0.0169982 0.999368 -0.0312275 -2.73458 -0.894191 0.00122031 -0.447685 -28.6533 
-0.43454 0.0401426 0.899758 90.2454 0.0167351 0.999194 -0.0364967 -2.77503 -0.900497 -0.000801684 -0.434861 -29.0387 
-0.423301 0.0367656 0.905243 91.0887 0.01523 0.999324 -0.0334649 -2.8238 -0.905861 -0.000378891 -0.423575 -29.4111 
-0.411746 0.0329461 0.910703 91.9299 0.0137051 0.999457 -0.0299606 -2.87262 -0.911196 0.000145109 -0.411974 -29.7728 
-0.401881 0.0338622 0.915066 92.7646 0.011445 0.999424 -0.0319574 -2.92198 -0.91562 -0.00237011 -0.402037 -30.1182 
-0.395297 0.0382506 0.917757 93.5991 0.00656806 0.999225 -0.038817 -2.97137 -0.91853 -0.00931636 -0.395241 -30.4485 
-0.390543 0.0432333 0.919569 94.4341 0.000917958 0.998914 -0.0465738 -3.02005 -0.920584 -0.017345 -0.390159 -30.7747 
-0.387101 0.0452169 0.920928 95.268 -0.0014918 0.998765 -0.0496656 -3.07651 -0.922036 -0.0205995 -0.386556 -31.1014 
-0.383716 0.0447825 0.922365 96.1016 -0.00338508 0.998749 -0.0498993 -3.13458 -0.923445 -0.0222695 -0.383085 -31.4248 
-0.378716 0.0449589 0.92442 96.9359 -0.00408271 0.998729 -0.0502455 -3.19272 -0.925504 -0.0228029 -0.378051 -31.7468 
-0.373048 0.040685 0.92692 97.7755 -0.00655995 0.998898 -0.0464844 -3.25082 -0.927789 -0.0234215 -0.37237 -32.0619 
-0.36787 0.0370558 0.929139 98.6184 -0.00687595 0.99907 -0.0425672 -3.30638 -0.929852 -0.0220479 -0.367273 -32.3742 
-0.362129 0.0338595 0.931513 99.4639 -0.00924499 0.99916 -0.0399124 -3.36177 -0.932082 -0.0230653 -0.361512 -32.6825 
-0.356596 0.0320979 0.933707 100.31 -0.0176497 0.999 -0.0410831 -3.41254 -0.934092 -0.0311297 -0.355673 -32.9737 
-0.350822 0.0321415 0.93589 101.158 -0.0249113 0.998737 -0.0436379 -3.46372 -0.936111 -0.0386234 -0.349579 -33.2566 
-0.344125 0.0362293 0.938225 102 -0.0228762 0.998635 -0.0469526 -3.52045 -0.938645 -0.0376205 -0.342826 -33.5483 
-0.337338 0.0396523 0.940548 102.841 -0.0210804 0.998544 -0.049658 -3.57471 -0.941148 -0.0365786 -0.336011 -33.8318 
-0.331076 0.0378724 0.942844 103.7 -0.0223039 0.998601 -0.0479439 -3.62703 -0.943341 -0.0369022 -0.329768 -34.1118 
-0.324146 0.0332693 0.945422 104.561 -0.0220146 0.998846 -0.0426972 -3.68463 -0.945751 -0.0346532 -0.323039 -34.388 
-0.317069 0.0306177 0.947908 105.425 -0.0233105 0.998925 -0.0400628 -3.74053 -0.948116 -0.0347989 -0.316014 -34.66 
-0.310767 0.0339009 0.949881 106.28 -0.025268 0.998716 -0.0439105 -3.78997 -0.95015 -0.0376475 -0.309512 -34.9178 
-0.304522 0.0365006 0.951806 107.129 -0.0248224 0.998622 -0.0462377 -3.84417 -0.952182 -0.0377065 -0.303196 -35.169 
-0.297865 0.0369517 0.953893 107.978 -0.0273858 0.998509 -0.0472315 -3.89817 -0.954215 -0.0401917 -0.296408 -35.41 
-0.290929 0.0363614 0.956053 108.829 -0.0270469 0.998566 -0.0462086 -3.95561 -0.956362 -0.0393017 -0.289528 -35.6506 
-0.282583 0.036174 0.95856 109.68 -0.0227334 0.998756 -0.0443927 -4.01167 -0.958973 -0.034336 -0.281409 -35.8897 
-0.274858 0.0372158 0.960764 110.533 -0.0201845 0.998807 -0.0444638 -4.06818 -0.961273 -0.0316138 -0.273779 -36.1213 
-0.268252 0.037823 0.962606 111.39 -0.0190111 0.998827 -0.0445441 -4.12099 -0.963161 -0.0302492 -0.267219 -36.3442 
-0.26165 0.0365494 0.964471 112.255 -0.0251523 0.998685 -0.0446694 -4.17489 -0.964835 -0.0359464 -0.260386 -36.5483 
-0.255702 0.0346479 0.966135 113.125 -0.0291835 0.998626 -0.0435369 -4.22897 -0.966315 -0.0393277 -0.254339 -36.7501 
-0.251242 0.0346248 0.967305 113.996 -0.0265657 0.998737 -0.0426499 -4.28473 -0.96756 -0.0364125 -0.250004 -36.9574 
-0.24647 0.0350468 0.968516 114.864 -0.0245346 0.9988 -0.0423863 -4.33831 -0.96884 -0.0342092 -0.245315 -37.1634 
-0.241728 0.036515 0.969657 115.73 -0.0236297 0.998774 -0.0435021 -4.38983 -0.970056 -0.0334284 -0.240568 -37.3612 
-0.235798 0.0358948 0.971139 116.603 -0.0176253 0.998995 -0.0412039 -4.43765 -0.971642 -0.0268324 -0.234928 -37.5611 
-0.230419 0.0348123 0.972469 117.476 -0.0103102 0.999216 -0.0382127 -4.48688 -0.973037 -0.0188313 -0.22988 -37.7623 
-0.225462 0.0339646 0.97366 118.351 -0.00867729 0.999283 -0.0368677 -4.53756 -0.974213 -0.016761 -0.225006 -37.9519 
-0.221459 0.0356034 0.97452 119.228 -0.0105676 0.999187 -0.0389061 -4.58478 -0.975112 -0.0189145 -0.220903 -38.1306 
-0.217979 0.037623 0.975228 120.097 -0.0123253 0.999071 -0.0412977 -4.62945 -0.975876 -0.021022 -0.217312 -38.3043 
-0.216545 0.0368543 0.975577 120.966 -0.0150538 0.999042 -0.0410821 -4.681 -0.976157 -0.0235823 -0.215783 -38.4698 
-0.215712 0.0358133 0.9758 121.846 -0.0153937 0.999078 -0.0400705 -4.73127 -0.976336 -0.0236648 -0.214962 -38.6437 
-0.214665 0.0316046 0.976176 122.72 -0.0140586 0.999273 -0.0354439 -4.77682 -0.976587 -0.0213323 -0.214064 -38.822 
-0.213669 0.0265774 0.976545 123.595 -0.0156447 0.999409 -0.0306227 -4.82102 -0.976781 -0.0218209 -0.213127 -38.9949 
-0.212895 0.024763 0.976761 124.466 -0.0151447 0.999475 -0.0286397 -4.86535 -0.976958 -0.02089 -0.212408 -39.17 
-0.211565 0.0295788 0.976916 125.322 -0.0152554 0.99932 -0.0335609 -4.90602 -0.977245 -0.0220036 -0.21097 -39.343 
-0.211333 0.0333924 0.976844 126.171 -0.0149297 0.999189 -0.0373861 -4.95117 -0.9773 -0.0224849 -0.210663 -39.512 
-0.211544 0.0325745 0.976826 127.036 -0.0186146 0.999129 -0.0373495 -4.99396 -0.977191 -0.0260842 -0.210753 -39.6769 
-0.211085 0.0316974 0.976954 127.887 -0.0203923 0.999114 -0.0368224 -5.04401 -0.977255 -0.027695 -0.210252 -39.842 
-0.210386 0.0325208 0.977077 128.735 -0.0162338 0.999193 -0.0367523 -5.09003 -0.977484 -0.0235939 -0.209688 -40.0173 
-0.209452 0.0351635 0.977187 129.567 -0.0176541 0.999054 -0.0397343 -5.13454 -0.97766 -0.0255738 -0.208633 -40.1797 
-0.209956 0.0360458 0.977046 130.404 -0.0263516 0.998749 -0.0425091 -5.18339 -0.977356 -0.0346717 -0.208743 -40.3296 
-0.209386 0.0374368 0.977116 131.239 -0.0318741 0.998475 -0.0450853 -5.23644 -0.977314 -0.0405849 -0.207873 -40.4836 
-0.209049 0.0409818 0.977046 132.067 -0.0292781 0.998411 -0.0481422 -5.28846 -0.977467 -0.0386702 -0.207517 -40.6472 
-0.208419 0.0420858 0.977134 132.887 -0.0271482 0.99844 -0.048794 -5.34521 -0.977663 -0.036697 -0.206951 -40.8054 
-0.206822 0.0432134 0.977424 133.706 -0.0280759 0.998351 -0.0500794 -5.39885 -0.977976 -0.0377996 -0.205267 -40.9587 
-0.204846 0.0427945 0.977858 134.517 -0.0195683 0.998665 -0.0478042 -5.4518 -0.978599 -0.0289276 -0.203735 -41.1196 
-0.201449 0.0398414 0.978688 135.325 -0.0142093 0.998948 -0.043591 -5.5055 -0.979396 -0.0226879 -0.200671 -41.2818 
-0.199275 0.0351208 0.979314 136.138 -0.00960081 0.99924 -0.0377889 -5.56078 -0.979897 -0.0169326 -0.198786 -41.4397 
-0.195404 0.0346436 0.980111 136.944 -0.00718268 0.999299 -0.0367538 -5.61197 -0.980697 -0.0142217 -0.195018 -41.5892 
-0.190525 0.0397365 0.980878 137.736 -0.00604388 0.999114 -0.0416492 -5.66242 -0.981664 -0.0138635 -0.190116 -41.7291 
-0.18374 0.0429819 0.982035 138.531 -0.00449409 0.998996 -0.0445651 -5.7101 -0.982965 -0.0126017 -0.183362 -41.864 
-0.175628 0.0437548 0.983484 139.325 -0.00467716 0.998963 -0.0452787 -5.753 -0.984446 -0.0125521 -0.175241 -41.9887 
-0.166142 0.0394645 0.985312 140.12 -0.00279314 0.999176 -0.0404907 -5.80267 -0.986098 -0.00947932 -0.165895 -42.106 
-0.153947 0.0381184 0.987344 140.916 0.000854459 0.99926 -0.0384452 -5.85107 -0.988079 -0.00507487 -0.153865 -42.2221 
-0.140247 0.0407943 0.989276 141.704 0.0047308 0.999167 -0.0405315 -5.8949 -0.990105 -0.00100434 -0.140323 -42.3223 
-0.126146 0.0419163 0.991126 142.489 0.00411986 0.99912 -0.0417301 -5.94105 -0.992003 -0.00118079 -0.126208 -42.4071 
-0.112236 0.0419956 0.992794 143.275 0.00548295 0.999118 -0.0416432 -5.9862 -0.993667 0.000769581 -0.112367 -42.481 
-0.0988484 0.0437725 0.994139 144.054 0.00623626 0.99904 -0.0433681 -6.03545 -0.995083 0.00191283 -0.0990265 -42.5425 
-0.0850455 0.0500958 0.995117 144.828 0.00315797 0.998744 -0.0500085 -6.08942 -0.996372 -0.00111044 -0.0850968 -42.5891 
-0.0724578 0.0590461 0.995622 145.596 -0.00377716 0.998223 -0.0594751 -6.14535 -0.997364 -0.00807006 -0.072106 -42.617 
-0.0588506 0.067056 0.996012 146.349 -0.00790467 0.997679 -0.0676353 -6.19999 -0.998236 -0.0118535 -0.0581839 -42.6353 
-0.0456789 0.0675858 0.996667 147.114 -0.00837733 0.997648 -0.0680362 -6.25785 -0.998921 -0.0114572 -0.0450053 -42.6526 
-0.0337731 0.0637778 0.997393 147.879 -0.0123614 0.997859 -0.0642262 -6.32002 -0.999353 -0.0144982 -0.0329124 -42.6557 
-0.0231746 0.0613002 0.99785 148.64 -0.0162824 0.997963 -0.0616852 -6.387 -0.999599 -0.0176769 -0.0221293 -42.6486 
-0.0144025 0.067523 0.997614 149.389 -0.0202067 0.997494 -0.0678066 -6.45403 -0.999692 -0.0211351 -0.013002 -42.6338 
-0.00790728 0.0755761 0.997109 150.132 -0.0232623 0.996856 -0.0757414 -6.5141 -0.999698 -0.0237939 -0.00612435 -42.6188 
-0.00468685 0.0785515 0.996899 150.884 -0.0260996 0.996561 -0.0786475 -6.57268 -0.999648 -0.0263873 -0.00262057 -42.605 
-0.00481905 0.0739151 0.997253 151.637 -0.0285893 0.996847 -0.0740231 -6.63995 -0.99958 -0.0288675 -0.00269068 -42.5906 
-0.00661722 0.0695255 0.997558 152.389 -0.0303306 0.997107 -0.0696952 -6.71171 -0.999518 -0.0307178 -0.00448932 -42.5807 
-0.00963492 0.0666534 0.99773 153.138 -0.0291616 0.997333 -0.0669084 -6.77229 -0.999528 -0.02974 -0.00766551 -42.5753 
-0.0122042 0.0670841 0.997673 153.88 -0.0271997 0.997356 -0.0673954 -6.82985 -0.999556 -0.0279589 -0.0103473 -42.5747 
-0.0159708 0.067045 0.997622 154.621 -0.02579 0.99739 -0.0674423 -6.89236 -0.99954 -0.0268057 -0.0142 -42.5758 
-0.0204786 0.0655857 0.997637 155.363 -0.0267007 0.997454 -0.0661217 -6.9565 -0.999434 -0.0279916 -0.0186753 -42.5772 
-0.0259958 0.0659725 0.997483 156.104 -0.0276136 0.997392 -0.0666861 -7.01155 -0.999281 -0.0292777 -0.0241062 -42.5827 
-0.0319639 0.0641219 0.99743 156.84 -0.0290842 0.997458 -0.0650557 -7.0698 -0.999066 -0.0310889 -0.0300178 -42.5919 
-0.0377598 0.0614527 0.997396 157.575 -0.0267376 0.997688 -0.0624829 -7.13264 -0.998929 -0.0290273 -0.0360294 -42.6111 
-0.0429539 0.0614473 0.997186 158.307 -0.0272518 0.997663 -0.0626505 -7.19047 -0.998705 -0.0298662 -0.041179 -42.6327 
-0.0484234 0.062607 0.996863 159.03 -0.0287746 0.997532 -0.0640467 -7.2479 -0.998412 -0.0317857 -0.0465024 -42.6518 
-0.0523841 0.0648795 0.996517 159.75 -0.0292299 0.99736 -0.0664709 -7.30921 -0.998199 -0.0326101 -0.0503494 -42.6767 
-0.0549041 0.0672443 0.996225 160.465 -0.0292164 0.997194 -0.0689198 -7.36913 -0.998064 -0.0328901 -0.0527854 -42.7043 
-0.0564019 0.0687851 0.996036 161.176 -0.0263114 0.997175 -0.0703536 -7.42613 -0.998061 -0.0301751 -0.0544328 -42.7351 
-0.0555485 0.0672234 0.99619 161.888 -0.0230106 0.99738 -0.0685867 -7.48592 -0.998191 -0.0267328 -0.0538561 -42.7675 
-0.051386 0.0634953 0.996658 162.599 -0.0205495 0.997698 -0.064621 -7.54876 -0.998467 -0.0238015 -0.0499629 -42.7967 
-0.0439817 0.0633041 0.997025 163.3 -0.0194788 0.997746 -0.0642092 -7.61016 -0.998842 -0.0222448 -0.0426495 -42.8136 
-0.0325559 0.0641341 0.99741 163.996 -0.0167154 0.997765 -0.0647024 -7.6673 -0.99933 -0.0187786 -0.031411 -42.8244 
-0.0180091 0.0642275 0.997773 164.688 -0.0140013 0.997821 -0.0644832 -7.72268 -0.99974 -0.0151314 -0.0170706 -42.8254 
-0.0029438 0.0620953 0.998066 165.376 -0.0153517 0.99795 -0.0621333 -7.77347 -0.999878 -0.0155049 -0.00198449 -42.8071 
0.0132061 0.0573668 0.998266 166.062 -0.0203039 0.998162 -0.0570922 -7.82569 -0.999707 -0.0195147 0.0143466 -42.7737 
0.0293859 0.0507689 0.998278 166.742 -0.0219617 0.998501 -0.0501337 -7.87421 -0.999327 -0.0204507 0.0304568 -42.731 
0.0464931 0.0436268 0.997966 167.421 -0.022318 0.998842 -0.0426253 -7.91603 -0.998669 -0.0202908 0.047413 -42.6809 
0.064247 0.0362045 0.997277 168.096 -0.0229036 0.999132 -0.0347963 -7.95575 -0.997671 -0.0206057 0.0650204 -42.6195 
0.0814485 0.0302896 0.996217 168.762 -0.024967 0.999286 -0.0283416 -7.99365 -0.996365 -0.0225642 0.0821466 -42.5436 
0.0996199 0.0280078 0.994631 169.417 -0.0260705 0.999334 -0.025529 -8.02793 -0.994684 -0.0233874 0.100284 -42.4582 
0.117509 0.0267229 0.992712 170.063 -0.0250327 0.9994 -0.0239397 -8.05583 -0.992756 -0.0220371 0.118108 -42.3629 
0.13503 0.0262692 0.990493 170.701 -0.0263831 0.999389 -0.0229084 -8.0804 -0.99049 -0.023039 0.13564 -42.2553 
0.151187 0.0250529 0.988188 171.336 -0.0308947 0.99931 -0.0206082 -8.10572 -0.988022 -0.0274141 0.151857 -42.1311 
0.165578 0.0215413 0.985961 171.967 -0.0332883 0.999314 -0.0162427 -8.13058 -0.985635 -0.0301315 0.166182 -42.0007 
0.178002 0.0175901 0.983873 172.594 -0.0299701 0.999473 -0.0124468 -8.1532 -0.983574 -0.0272713 0.178435 -41.8747 
0.188825 0.016453 0.981873 173.21 -0.0277083 0.999551 -0.0114206 -8.17349 -0.98162 -0.0250495 0.189196 -41.745 
0.19878 0.020073 0.979839 173.812 -0.0322398 0.999383 -0.0139329 -8.19695 -0.979514 -0.0288202 0.199305 -41.6016 
0.207886 0.027182 0.977775 174.406 -0.0362542 0.999141 -0.0200679 -8.22062 -0.977481 -0.0312767 0.208693 -41.4509 
0.217161 0.0370708 0.975432 174.995 -0.0360691 0.998901 -0.0299326 -8.24312 -0.975469 -0.0286827 0.21826 -41.3056 
0.225804 0.043073 0.97322 175.589 -0.0304768 0.998845 -0.0371359 -8.26162 -0.973696 -0.0212751 0.226856 -41.1646 
0.232491 0.0412279 0.971724 176.185 -0.0298903 0.998932 -0.0352308 -8.28141 -0.972139 -0.0208543 0.233475 -41.0129 
0.238413 0.0336498 0.970581 176.794 -0.0325141 0.999116 -0.0266523 -8.3047 -0.97062 -0.0252033 0.239296 -40.8426 
0.24265 0.0233135 0.969834 177.407 -0.0372516 0.999198 -0.014699 -8.32853 -0.969398 -0.0325611 0.243324 -40.6657 
0.244745 0.0152115 0.969468 178.018 -0.0376861 0.999271 -0.0061651 -8.35416 -0.968855 -0.0350266 0.24514 -40.4953 
0.245798 0.0148668 0.969207 178.621 -0.0345172 0.999383 -0.00657584 -8.36727 -0.968706 -0.031838 0.246159 -40.338 
0.247135 0.0167232 0.968837 179.22 -0.0307438 0.999483 -0.00940988 -8.38218 -0.968493 -0.0274602 0.247521 -40.1774 
0.248904 0.0163704 0.96839 179.825 -0.0276012 0.999571 -0.0098031 -8.39299 -0.968135 -0.0242887 0.249249 -40.0152 
0.250804 0.0141478 0.967934 180.435 -0.0292999 0.999546 -0.00701778 -8.4028 -0.967594 -0.0266003 0.251105 -39.8447 
0.253781 0.0109043 0.9672 181.055 -0.0300811 0.999542 -0.00337595 -8.41134 -0.966794 -0.0282377 0.253993 -39.6721 
0.256953 0.00578857 0.966407 181.677 -0.0294361 0.999565 0.00183948 -8.42451 -0.965976 -0.0289199 0.257011 -39.4966 
0.26156 0.00293696 0.965183 182.301 -0.0280348 0.999597 0.00455566 -8.43476 -0.96478 -0.0282503 0.261536 -39.314 
0.268114 0.000800075 0.963387 182.924 -0.0262829 0.999634 0.00648451 -8.43929 -0.963029 -0.0270592 0.268037 -39.1326 
0.276068 -0.00237178 0.961135 183.55 -0.0247104 0.999649 0.00956445 -8.44501 -0.960821 -0.0263904 0.275912 -38.9401 
0.285843 -0.00435798 0.958267 184.172 -0.0222369 0.99969 0.0111795 -8.45382 -0.958018 -0.0245045 0.285658 -38.7417 
0.296852 -0.00227262 0.954921 184.788 -0.0237696 0.99967 0.00976834 -8.46021 -0.954628 -0.0255979 0.2967 -38.5292 
0.308301 0.0016107 0.951288 185.405 -0.0253083 0.999659 0.00650955 -8.46598 -0.950952 -0.0260823 0.308236 -38.3044 
0.320047 0.00494836 0.947389 186.037 -0.0266225 0.999638 0.0037724 -8.46682 -0.947028 -0.0264292 0.320063 -38.0663 
0.331619 0.0052742 0.943399 186.662 -0.0252051 0.999677 0.0032712 -8.46831 -0.943077 -0.0248632 0.331645 -37.8253 
0.342961 0.00219003 0.939347 187.289 -0.0245335 0.999677 0.00662669 -8.47298 -0.939029 -0.0253182 0.342904 -37.5761 
0.3541 0.000817167 0.935207 187.922 -0.0256953 0.999631 0.00885569 -8.48006 -0.934854 -0.0271662 0.35399 -37.3124 
0.365502 0.000186706 0.93081 188.551 -0.027163 0.999576 0.0104657 -8.48279 -0.930414 -0.0291088 0.365352 -37.046 
0.375204 -0.00106921 0.926942 189.186 -0.0308567 0.999431 0.013643 -8.48205 -0.926428 -0.0337213 0.374958 -36.7641 
0.382217 0.000167305 0.924073 189.824 -0.0348205 0.999292 0.0142216 -8.48187 -0.923416 -0.0376124 0.381952 -36.4742 
0.386758 -0.00281367 0.922177 190.473 -0.0347347 0.999241 0.0176165 -8.47917 -0.921527 -0.0388449 0.386367 -36.1833 
0.389134 -0.00649621 0.921158 191.133 -0.0317183 0.999288 0.0204463 -8.4748 -0.920635 -0.0371739 0.388651 -35.8922 
0.389389 -0.00570483 0.921056 191.794 -0.0273366 0.999469 0.0177475 -8.47137 -0.920668 -0.0320891 0.389026 -35.6026 
0.388554 -0.00546527 0.92141 192.461 -0.0259042 0.999522 0.0168523 -8.47224 -0.921062 -0.0304164 0.388227 -35.3109 
0.388225 -0.00440933 0.921554 193.135 -0.0221726 0.999654 0.0141237 -8.46708 -0.921298 -0.0259164 0.387993 -35.0202 
0.388005 -0.00620192 0.921637 193.815 -0.0189917 0.999711 0.0147228 -8.46046 -0.921462 -0.0232159 0.387775 -34.7302 
0.387229 -0.0119603 0.921906 194.499 -0.0156902 0.999686 0.0195598 -8.45782 -0.92185 -0.0220389 0.38692 -34.4356 
0.386298 -0.0149459 0.922253 195.184 -0.0152254 0.999629 0.0225772 -8.45534 -0.922249 -0.0227632 0.385927 -34.1416 
0.384662 -0.0173835 0.922894 195.872 -0.01438 0.999589 0.0248218 -8.45224 -0.922945 -0.0228192 0.384254 -33.8437 
0.383427 -0.0172805 0.923409 196.557 -0.0152283 0.999571 0.025029 -8.44125 -0.923446 -0.0236587 0.383 -33.5477 
0.381593 -0.0173199 0.924168 197.246 -0.0171643 0.999519 0.0258193 -8.43388 -0.924171 -0.0257151 0.381112 -33.2472 
0.379902 -0.0160264 0.924888 197.937 -0.0182057 0.999527 0.0247978 -8.43215 -0.924848 -0.0262589 0.37943 -32.9477 
0.378609 -0.0123975 0.925474 198.623 -0.0176475 0.999632 0.0206105 -8.42827 -0.925388 -0.0241356 0.378251 -32.6538 
0.377912 -0.00651536 0.925819 199.31 -0.0175824 0.999744 0.0142126 -8.42511 -0.925675 -0.0216492 0.377701 -32.3603 
0.376814 -0.00353287 0.926282 200.001 -0.0201371 0.999725 0.0120048 -8.42415 -0.92607 -0.0231762 0.376639 -32.0637 
0.375513 -0.00619826 0.926797 200.694 -0.0209347 0.999666 0.0151678 -8.42154 -0.926581 -0.0250979 0.375258 -31.7684 
0.374459 -0.00932786 0.927197 201.385 -0.0225737 0.999561 0.0191726 -8.42493 -0.926969 -0.0281096 0.374084 -31.4777 
0.371678 -0.00806217 0.928327 202.077 -0.0272191 0.999438 0.0195776 -8.42607 -0.927963 -0.0325447 0.37125 -31.1757 
0.366786 -0.0076843 0.930273 202.768 -0.0297706 0.999357 0.0199929 -8.42305 -0.929829 -0.0350279 0.366322 -30.8836 
0.360336 -0.00890073 0.93278 203.46 -0.0291156 0.99936 0.0207836 -8.41745 -0.932368 -0.0346475 0.359846 -30.6119 
0.35147 -0.0092187 0.936154 204.151 -0.0291207 0.99936 0.0207743 -8.42042 -0.935746 -0.034563 0.350977 -30.3441 
0.34158 -0.00782811 0.93982 204.842 -0.0260881 0.999501 0.0178071 -8.41954 -0.939491 -0.0306007 0.341205 -30.0881 
0.331037 -0.00447157 0.943607 205.53 -0.0271613 0.999529 0.0142653 -8.41965 -0.943227 -0.0303519 0.330759 -29.8407 
0.319153 -0.00417765 0.947694 206.225 -0.0299282 0.999447 0.0144847 -8.41194 -0.947231 -0.0329856 0.318852 -29.591 
0.307955 -0.012359 0.951321 206.928 -0.0245805 0.999479 0.0209418 -8.41302 -0.951083 -0.0298331 0.307491 -29.3597 
0.29938 -0.02054 0.953913 207.638 -0.0205874 0.999396 0.0279807 -8.40937 -0.953912 -0.0280154 0.298777 -29.1371 
0.292409 -0.0257366 0.955947 208.347 -0.02017 0.999249 0.0330721 -8.40075 -0.956081 -0.028952 0.29167 -28.9148 
0.288021 -0.0265326 0.957257 209.054 -0.0256631 0.999043 0.0354124 -8.38824 -0.95728 -0.0347656 0.287064 -28.6847 
0.285529 -0.0283724 0.95795 209.765 -0.0247534 0.99901 0.0369666 -8.37322 -0.95805 -0.0342675 0.284544 -28.4626 
0.283907 -0.0291819 0.958408 210.475 -0.0237536 0.999016 0.0374549 -8.36031 -0.958558 -0.0333993 0.282934 -28.2429 
0.283272 -0.0271495 0.958655 211.188 -0.0239627 0.999087 0.0353753 -8.346 -0.95874 -0.0329928 0.282363 -28.0182 
0.282644 -0.0247651 0.958905 211.903 -0.0276729 0.99904 0.0339584 -8.32934 -0.958826 -0.0361338 0.281687 -27.7866 
0.283149 -0.0252597 0.958743 212.627 -0.0283048 0.998998 0.0346797 -8.31267 -0.958658 -0.0369565 0.28215 -27.5572 
0.284982 -0.0262339 0.958174 213.342 -0.0292279 0.998923 0.0360426 -8.29837 -0.958087 -0.0382769 0.283908 -27.3326 
0.286433 -0.0282563 0.957684 214.067 -0.0277226 0.998902 0.037764 -8.28882 -0.957699 -0.0373663 0.285335 -27.1035 
0.288241 -0.0292359 0.957111 214.796 -0.0242127 0.998992 0.0378071 -8.27471 -0.957252 -0.0340718 0.287243 -26.8794 
0.291356 -0.0306471 0.956124 215.532 -0.0231523 0.998968 0.0390756 -8.25623 -0.956335 -0.0335213 0.290345 -26.6417 
0.295409 -0.0318709 0.954839 216.266 -0.0252108 0.998835 0.0411392 -8.23932 -0.955038 -0.0362251 0.294262 -26.3959 
0.300608 -0.0358762 0.953073 217.002 -0.0270385 0.99857 0.0461171 -8.2197 -0.953365 -0.0396328 0.299208 -26.1453 
0.305587 -0.0394729 0.951346 217.743 -0.0276379 0.998352 0.050301 -8.1951 -0.951763 -0.0416645 0.303992 -25.8898 
0.309775 -0.0393168 0.949997 218.481 -0.0291451 0.998283 0.0508188 -8.1714 -0.950363 -0.0434301 0.308097 -25.629 
0.314109 -0.0345446 0.948758 219.213 -0.0348207 0.998246 0.0478748 -8.1519 -0.948748 -0.0480743 0.312355 -25.3643 
0.318545 -0.028355 0.947483 219.947 -0.0399906 0.998261 0.0433196 -8.1222 -0.947064 -0.0516896 0.316857 -25.091 
0.322955 -0.0250209 0.946084 220.686 -0.0440165 0.998172 0.041424 -8.09475 -0.94539 -0.0550213 0.321263 -24.8141 
0.327293 -0.0252309 0.944586 221.427 -0.0460418 0.99803 0.0426117 -8.07751 -0.943801 -0.057437 0.325486 -24.5378 
0.331276 -0.0229407 0.943255 222.165 -0.0474776 0.998033 0.0409474 -8.0619 -0.942339 -0.0583484 0.329535 -24.2586 
0.335337 -0.0200856 0.941884 222.901 -0.0479568 0.998113 0.0383587 -8.04097 -0.940877 -0.0580328 0.333741 -23.9821 
0.339957 -0.0196093 0.940236 223.641 -0.0483492 0.998096 0.0382975 -8.02203 -0.939197 -0.0584792 0.338362 -23.6969 
0.344417 -0.0210661 0.938581 224.381 -0.0482198 0.998032 0.0400949 -8.00725 -0.937578 -0.0590675 0.342723 -23.4086 
0.348825 -0.0214634 0.936942 225.12 -0.0443416 0.99824 0.0393762 -7.9917 -0.936138 -0.0552809 0.34726 -23.1227 
0.353257 -0.0211956 0.935286 225.856 -0.0414194 0.998409 0.0382702 -7.97526 -0.934609 -0.0522582 0.351817 -22.8339 
0.357315 -0.0189602 0.933791 226.59 -0.0423886 0.998435 0.0364928 -7.95764 -0.933021 -0.0526215 0.355952 -22.5364 
0.361836 -0.0191066 0.932046 227.324 -0.0472839 0.998127 0.0388177 -7.9401 -0.931042 -0.0581164 0.360255 -22.2279 
0.366433 -0.0192186 0.930246 228.059 -0.0504649 0.997905 0.0404951 -7.92457 -0.929075 -0.0617835 0.364695 -21.9173 
0.370606 -0.0167208 0.92864 228.789 -0.0478285 0.998168 0.0370604 -7.9152 -0.927558 -0.0581502 0.369127 -21.6116 
0.374579 -0.00985869 0.927142 229.513 -0.0473806 0.998434 0.0297593 -7.9021 -0.925983 -0.0550758 0.373526 -21.3046 
0.378081 -0.00333274 0.925767 230.236 -0.0533153 0.998256 0.0253676 -7.88423 -0.924236 -0.0589485 0.377244 -20.9871 
0.381006 -0.00418035 0.924563 230.967 -0.0596036 0.997799 0.0290737 -7.86622 -0.922649 -0.0661845 0.379918 -20.658 
0.383639 -0.014369 0.923372 231.71 -0.0588791 0.997464 0.0399849 -7.85005 -0.921604 -0.0697071 0.38182 -20.3358 
0.385798 -0.0271795 0.922183 232.454 -0.0545066 0.997148 0.052192 -7.83003 -0.920972 -0.0704006 0.383216 -20.0188 
0.387689 -0.0348996 0.921129 233.195 -0.0556958 0.99657 0.0611994 -7.80145 -0.920106 -0.0750294 0.384416 -19.6931 
0.389792 -0.0364053 0.920183 233.92 -0.0575995 0.996298 0.063816 -7.77345 -0.9191 -0.077877 0.386252 -19.3629 
0.392635 -0.0316828 0.919149 234.644 -0.0574035 0.996614 0.0588742 -7.74034 -0.917901 -0.0758784 0.389486 -19.038 
0.396754 -0.0255799 0.917569 235.363 -0.0565327 0.997033 0.0522398 -7.70595 -0.916183 -0.0725989 0.394131 -18.7147 
0.401257 -0.0210581 0.915724 236.084 -0.0565925 0.997256 0.0477311 -7.67875 -0.914216 -0.0709755 0.398964 -18.3807 
0.40532 -0.019076 0.913976 236.805 -0.0549605 0.997465 0.0451919 -7.65672 -0.912521 -0.0685497 0.403244 -18.0467 
0.409511 -0.0168039 0.91215 237.521 -0.0544294 0.997599 0.0428142 -7.63311 -0.91068 -0.0671806 0.407613 -17.71 
0.413518 -0.0181341 0.910315 238.24 -0.0533895 0.997598 0.0441255 -7.60807 -0.908929 -0.0668479 0.411557 -17.3669 
0.416775 -0.0229552 0.90872 238.96 -0.0521261 0.997433 0.0491033 -7.58258 -0.907514 -0.067833 0.414509 -17.0184 
0.419876 -0.0288927 0.907122 239.682 -0.0502757 0.997218 0.0550333 -7.55565 -0.906188 -0.0687133 0.417255 -16.6715 
0.422189 -0.0340992 0.905866 240.403 -0.0493027 0.99695 0.0605059 -7.52516 -0.905166 -0.0702066 0.41922 -16.3179 
0.424244 -0.0391299 0.904702 241.131 -0.0477662 0.996708 0.0655085 -7.48588 -0.904287 -0.0710058 0.420978 -15.9621 
0.42588 -0.0457156 0.903624 241.869 -0.046577 0.996291 0.0723556 -7.44485 -0.90358 -0.0729029 0.422171 -15.6044 
0.427674 -0.046265 0.902748 242.6 -0.0467514 0.996221 0.0732037 -7.40369 -0.902723 -0.0735121 0.423895 -15.246 
0.42935 -0.0345441 0.902478 243.316 -0.0557792 0.996346 0.0646738 -7.36836 -0.901414 -0.0781072 0.425854 -14.876 
0.430021 -0.0206589 0.902582 244.026 -0.0576961 0.997066 0.05031 -7.32764 -0.900973 -0.0737098 0.427568 -14.5161 
0.430811 -0.0124718 0.902356 244.743 -0.0582495 0.997435 0.041596 -7.29013 -0.900561 -0.0704818 0.428979 -14.156 
0.430585 -0.0146774 0.902431 245.475 -0.0584898 0.997312 0.0441284 -7.26337 -0.900653 -0.071784 0.428569 -13.7908 
