1 -4.23778e-08 4.22719e-08 0 -4.23778e-08 1 -4.19404e-08 0 4.22719e-08 -4.19404e-08 1 0 
0.999991 -0.00264822 -0.00340634 -0.00700662 0.0026409 0.999994 -0.00212674 -0.00457609 0.00341204 0.00211764 0.999992 0.679619 
0.99997 -0.00129221 -0.00758943 -0.0229121 0.00126379 0.999992 -0.00373786 -0.00761404 0.00759428 0.00372808 0.999964 1.37874 
0.999931 -0.00145991 -0.0116844 -0.0407499 0.00139916 0.999985 -0.00519865 -0.0127279 0.0116919 0.00518186 0.999918 2.09747 
0.999861 7.62015e-05 -0.0166819 -0.0630913 -0.000173564 0.999983 -0.00583 -0.0177636 0.0166812 0.005832 0.999844 2.82878 
0.999774 -0.00116141 -0.0212377 -0.0873786 0.00103495 0.999982 -0.00596078 -0.0277602 0.0212443 0.00593737 0.999757 3.5777 
0.999661 0.000529042 -0.0260354 -0.117378 -0.000720419 0.999973 -0.0073386 -0.0335961 0.0260308 0.00735479 0.999634 4.34459 
0.999512 0.00325618 -0.031058 -0.155019 -0.00350696 0.999962 -0.00802083 -0.0418175 0.0310308 0.00812575 0.999485 5.12228 
0.999363 0.00364075 -0.0355081 -0.197356 -0.00387303 0.999971 -0.00647257 -0.0495228 0.0354836 0.00660589 0.999348 5.91664 
0.999189 0.00259349 -0.0401922 -0.238858 -0.00274486 0.999989 -0.00370934 -0.0592369 0.0401822 0.00381657 0.999185 6.72429 
0.999047 0.00227736 -0.0435824 -0.285431 -0.00232487 0.999997 -0.00103762 -0.0694513 0.0435799 0.00113787 0.999049 7.54132 
0.998917 0.00371924 -0.0463708 -0.337384 -0.00379638 0.999991 -0.00157387 -0.0786086 0.0463646 0.00174812 0.998923 8.36144 
0.998802 0.00307761 -0.0488288 -0.387666 -0.00317209 0.999993 -0.00185589 -0.0854902 0.0488228 0.00200847 0.998805 9.19056 
0.998714 0.000132728 -0.0506995 -0.433911 -0.00025849 0.999997 -0.00247235 -0.0909323 0.0506991 0.00248219 0.998711 10.0259 
0.998612 6.91438e-05 -0.0526592 -0.4927 -0.000153399 0.999999 -0.00159441 -0.101203 0.0526591 0.00160019 0.998611 10.8682 
0.99853 -0.00143543 -0.0541839 -0.547668 0.00133582 0.999997 -0.00187288 -0.110887 0.0541866 0.00179766 0.998529 11.7229 
0.998433 0.000729582 -0.05596 -0.610546 -0.000966457 0.999991 -0.00420452 -0.121707 0.0559565 0.00425193 0.998424 12.5843 
0.998346 0.00104969 -0.057479 -0.671765 -0.0014506 0.999975 -0.00693222 -0.129549 0.0574704 0.00700405 0.998323 13.455 
0.998232 0.00513277 -0.0592144 -0.740868 -0.00564753 0.999948 -0.00852766 -0.142348 0.0591676 0.00884692 0.998209 14.3321 
0.998171 0.00587269 -0.060162 -0.809097 -0.00636832 0.999947 -0.00804855 -0.157305 0.0601117 0.00841688 0.998156 15.2201 
0.998087 0.00496647 -0.0616208 -0.875072 -0.00538072 0.999964 -0.00655707 -0.171301 0.0615861 0.00687601 0.998078 16.1159 
0.997987 0.00569909 -0.0631574 -0.943145 -0.00603012 0.999969 -0.00505065 -0.186435 0.0631267 0.00542124 0.997991 17.0168 
0.997927 0.00513841 -0.0641446 -1.0121 -0.00546462 0.999973 -0.00490986 -0.200515 0.0641177 0.00525012 0.997928 17.9224 
0.997819 0.0049129 -0.0658298 -1.08427 -0.00530069 0.99997 -0.00571621 -0.214837 0.0657998 0.0060526 0.997814 18.8302 
0.997741 0.00349495 -0.0670913 -1.15452 -0.00393248 0.999972 -0.00638929 -0.227636 0.0670672 0.00663861 0.997726 19.7491 
0.997703 0.00349589 -0.0676495 -1.22813 -0.0038354 0.999981 -0.0048882 -0.237915 0.0676312 0.00513635 0.997697 20.6732 
0.997695 0.00475017 -0.0676846 -1.30602 -0.00485567 0.999987 -0.00139304 -0.253072 0.0676772 0.0017184 0.997706 21.6067 
0.997742 0.00568691 -0.0669216 -1.3809 -0.00554655 0.999982 0.00228421 -0.263321 0.0669335 -0.00190796 0.997756 22.5435 
0.997849 0.00460351 -0.0653853 -1.45318 -0.00427373 0.999977 0.00518399 -0.268939 0.0654077 -0.00489349 0.997847 23.4839 
0.997934 0.00484807 -0.0640621 -1.52402 -0.00448267 0.999973 0.00584755 -0.274438 0.0640888 -0.00554839 0.997929 24.4314 
0.998027 0.00494344 -0.0625828 -1.59745 -0.00476905 0.999984 0.00293697 -0.279464 0.0625964 -0.0026328 0.998035 25.3805 
0.998072 0.00571166 -0.0618046 -1.66918 -0.00583782 0.999981 -0.00185956 -0.287572 0.0617929 0.00221669 0.998086 26.331 
0.998149 0.0048736 -0.0606266 -1.7384 -0.00517495 0.999975 -0.00481329 -0.298252 0.0606017 0.00511803 0.998149 27.2894 
0.998199 0.00237012 -0.0599356 -1.80645 -0.00259902 0.99999 -0.00373992 -0.310267 0.0599262 0.00388888 0.998195 28.2601 
0.99818 0.000373033 -0.0603022 -1.8734 -0.000299965 0.999999 0.0012221 -0.320314 0.0603027 -0.00120188 0.998179 29.238 
0.998115 -0.00373563 -0.0612521 -1.9388 0.00403454 0.99998 0.00475838 -0.331747 0.0612332 -0.00499663 0.998111 30.2206 
0.997993 -0.0108556 -0.0623863 -2.0005 0.0111311 0.99993 0.00407202 -0.338731 0.0623378 -0.00475837 0.998044 31.2013 
0.997872 -0.0129816 -0.0638961 -2.06822 0.0130191 0.999915 0.000171936 -0.34479 0.0638885 -0.00100353 0.997956 32.1807 
0.997787 -0.0127776 -0.0652526 -2.14539 0.0125472 0.999913 -0.003939 -0.35413 0.0652974 0.00311146 0.997861 33.161 
0.99766 -0.011255 -0.0674344 -2.22716 0.0109598 0.999929 -0.00474536 -0.366026 0.0674831 0.0039951 0.997712 34.1495 
0.997617 -0.011017 -0.0681118 -2.30677 0.010806 0.999936 -0.00346363 -0.378754 0.0681456 0.00271927 0.997672 35.1451 
0.997548 -0.00791464 -0.069538 -2.3921 0.00787755 0.999969 -0.000806297 -0.392101 0.0695423 0.000256443 0.997579 36.1451 
0.997478 -0.00771702 -0.0705576 -2.47918 0.007765 0.99997 0.000406896 -0.405063 0.0705524 -0.000953836 0.997508 37.1464 
0.997391 -0.00627507 -0.0719124 -2.55687 0.0065031 0.999974 0.00293842 -0.415681 0.0718922 -0.00339849 0.997407 38.144 
0.997391 -0.00647505 -0.0718963 -2.63672 0.00691696 0.999959 0.00590029 -0.426639 0.0718553 -0.00638228 0.997395 39.1438 
0.997355 -0.000774297 -0.0726741 -2.73003 0.00137454 0.999965 0.00821085 -0.43263 0.0726653 -0.00828911 0.997322 40.1427 
0.997339 -0.000912622 -0.0729021 -2.81567 0.00145989 0.999971 0.00745509 -0.436744 0.0728933 -0.00754177 0.997311 41.1484 
0.997345 -0.000913263 -0.0728123 -2.89866 0.00133603 0.999982 0.0057589 -0.442509 0.0728058 -0.00584098 0.997329 42.1437 
0.997336 0.00125171 -0.0729345 -2.98898 -0.00100517 0.999994 0.00341808 -0.448974 0.0729384 -0.00333575 0.997331 43.1406 
0.997271 0.000715165 -0.0738213 -3.07524 -0.000465115 0.999994 0.00340548 -0.458064 0.0738234 -0.00336194 0.997266 44.1384 
0.997161 -0.00124036 -0.075288 -3.15685 0.00159807 0.999988 0.00469218 -0.466708 0.0752813 -0.00479926 0.997151 45.1336 
0.997106 -0.000677546 -0.0760238 -3.24568 0.00112231 0.999982 0.00580879 -0.479509 0.0760187 -0.00587738 0.997089 46.1182 
0.997096 0.00164414 -0.0761415 -3.33872 -0.00148283 0.999996 0.00217613 -0.491653 0.0761449 -0.00205699 0.997095 47.0925 
0.997015 0.00188998 -0.0771815 -3.42686 -0.00204821 0.999996 -0.00196992 -0.502633 0.0771775 0.00212203 0.997015 48.0578 
0.996942 0.00287931 -0.0780891 -3.51357 -0.0031469 0.99999 -0.00330295 -0.513627 0.0780789 0.0035385 0.996941 49.0288 
0.996933 0.00169437 -0.0782455 -3.60086 -0.00169532 0.999998 5.54433e-05 -0.526579 0.0782456 7.72907e-05 0.996934 50.0092 
0.996922 -0.000178481 -0.0783952 -3.68532 0.000429465 0.999995 0.00318571 -0.539349 0.0783943 -0.00320966 0.996917 50.9814 
0.996891 -0.00204722 -0.0787693 -3.76953 0.0023582 0.99999 0.00385617 -0.55061 0.0787607 -0.00403002 0.996885 51.9441 
0.996857 -0.00518418 -0.0790531 -3.85502 0.00541096 0.999982 0.00265579 -0.563001 0.079038 -0.00307528 0.996867 52.9014 
0.996801 -0.00799169 -0.0795199 -3.93657 0.00811983 0.999966 0.00128922 -0.574214 0.079507 -0.00193087 0.996832 53.8556 
0.996703 -0.00951093 -0.0805728 -4.02442 0.00974071 0.999949 0.00246025 -0.584154 0.0805455 -0.00323707 0.996746 54.8062 
0.996568 -0.0126482 -0.081804 -4.10764 0.0132253 0.999891 0.0065172 -0.593233 0.0817128 -0.00757681 0.996627 55.7613 
0.996495 -0.0135423 -0.0825422 -4.19524 0.0145314 0.999829 0.0113942 -0.597668 0.0823739 -0.0125538 0.996522 56.7161 
0.996472 -0.0116416 -0.0831097 -4.28669 0.0128053 0.999827 0.0134836 -0.601819 0.0829384 -0.0145004 0.996449 57.6641 
0.996364 -0.0106963 -0.0845263 -4.37764 0.0115429 0.999888 0.00953424 -0.607921 0.0844149 -0.0104753 0.996376 58.5979 
0.99626 -0.00920987 -0.085913 -4.46955 0.00938703 0.999954 0.00165929 -0.612908 0.0858939 -0.00245964 0.996301 59.5187 
0.996205 -0.00752175 -0.0867098 -4.56445 0.00727059 0.999968 -0.00321098 -0.623308 0.0867312 0.00256827 0.996228 60.4312 
0.996144 -0.00252603 -0.0876938 -4.66284 0.00231221 0.999994 -0.00253885 -0.636417 0.0876998 0.00232621 0.996144 61.3377 
0.996025 4.93406e-05 -0.0890756 -4.75857 -5.32814e-05 1 -4.09557e-05 -0.654444 0.0890757 4.54514e-05 0.996025 62.2373 
0.995937 0.00247689 -0.0900216 -4.85322 -0.00234903 0.999996 0.00152713 -0.670074 0.0900251 -0.00130955 0.995939 63.1261 
0.99582 0.00323388 -0.0912759 -4.94347 -0.00314218 0.999994 0.00114921 -0.68051 0.0912792 -0.000857687 0.995825 63.9953 
0.995673 0.00492917 -0.0927925 -5.04143 -0.00477686 0.999987 0.00186431 -0.691552 0.0928005 -0.00141307 0.995684 64.8464 
0.995531 0.00558437 -0.0942728 -5.13226 -0.00537003 0.999982 0.00252799 -0.706083 0.0942853 -0.00201053 0.995543 65.6854 
0.995392 0.00547504 -0.0957319 -5.22141 -0.00521619 0.999982 0.00295483 -0.71892 0.0957464 -0.00244195 0.995403 66.5111 
0.995269 0.0053597 -0.0970134 -5.31221 -0.00499661 0.999979 0.00398603 -0.728574 0.0970329 -0.00348252 0.995275 67.321 
0.995116 0.00819746 -0.098375 -5.40796 -0.00757656 0.999949 0.00668433 -0.738065 0.0984248 -0.00590643 0.995127 68.1177 
0.994966 0.00969379 -0.0997401 -5.50064 -0.00866352 0.999905 0.0107584 -0.746307 0.0998349 -0.00984022 0.994955 68.9062 
0.99475 0.0127801 -0.101529 -5.5929 -0.011584 0.999856 0.0123629 -0.752293 0.101673 -0.011122 0.994756 69.6817 
0.99458 0.0156548 -0.102789 -5.68614 -0.0148855 0.999855 0.00824834 -0.761814 0.102903 -0.00667366 0.994669 70.4344 
0.994436 0.0157291 -0.104157 -5.77559 -0.0157137 0.999876 0.000970045 -0.772707 0.10416 0.00067196 0.99456 71.1637 
0.994286 0.0147355 -0.105727 -5.86 -0.0153312 0.999871 -0.00482284 -0.779982 0.105642 0.00641611 0.994383 71.8732 
0.994227 0.0156448 -0.106151 -5.94625 -0.0163882 0.999847 -0.00613391 -0.786882 0.106039 0.00783803 0.994331 72.5648 
0.994058 0.0183965 -0.107281 -6.02882 -0.0187992 0.999819 -0.00274273 -0.798429 0.107211 0.00474315 0.994225 73.2447 
0.993919 0.0186143 -0.108528 -6.11625 -0.0187543 0.999824 -0.000268726 -0.818379 0.108504 0.00230238 0.994093 73.9044 
0.993857 0.0153966 -0.109594 -6.19089 -0.0158945 0.999867 -0.00366993 -0.830172 0.109523 0.00538924 0.99397 74.5394 
0.993939 0.00723253 -0.109696 -6.25733 -0.00824637 0.999927 -0.00879067 -0.842679 0.109624 0.00964189 0.993926 75.1558 
0.994067 0.00316645 -0.10872 -6.32601 -0.00467689 0.999896 -0.01364 -0.854082 0.108666 0.0140675 0.993979 75.7568 
0.994376 0.00558019 -0.105762 -6.39564 -0.0070824 0.999879 -0.0138328 -0.869395 0.105672 0.0145039 0.994295 76.341 
0.994761 0.0105245 -0.101681 -6.46874 -0.0117051 0.999871 -0.0110209 -0.881864 0.101552 0.0121533 0.994756 76.9162 
0.995234 0.008899 -0.0971107 -6.52515 -0.00971834 0.999921 -0.00796669 -0.894352 0.0970322 0.00887239 0.995242 77.4764 
0.995784 0.0052 -0.0915811 -6.5682 -0.0055741 0.999977 -0.00382871 -0.905894 0.0915592 0.00432296 0.99579 78.0238 
0.996506 0.000883662 -0.0835193 -6.6072 -0.000909568 0.999999 -0.000271163 -0.922096 0.0835191 0.000346095 0.996506 78.5536 
0.997328 0.00463811 -0.0729038 -6.64769 -0.00468521 0.999989 -0.000474052 -0.932972 0.0729009 0.000814269 0.997339 79.0688 
0.99828 0.00987747 -0.0577807 -6.68513 -0.00995155 0.99995 -0.000993001 -0.941953 0.0577681 0.00156621 0.998329 79.5702 
0.9991 0.0147585 -0.0397756 -6.70764 -0.0148 0.99989 -0.000748523 -0.947756 0.0397603 0.00133644 0.999208 80.0597 
0.999755 0.0132411 -0.0177137 -6.70566 -0.0132458 0.999912 -0.000143259 -0.954466 0.0177103 0.000377772 0.999843 80.5404 
0.999914 0.0098241 0.00865893 -6.68585 -0.00983174 0.999951 0.000830037 -0.963388 -0.00865027 -0.000915181 0.999962 81.0041 
0.999228 0.00876877 0.0382822 -6.65296 -0.00886987 0.999958 0.00246969 -0.972945 -0.0382588 -0.00280742 0.999264 81.4577 
0.997408 0.00849808 0.0714464 -6.60555 -0.00879045 0.999954 0.00377744 -0.979625 -0.071411 -0.00439577 0.997437 81.9055 
0.994006 0.00838036 0.109007 -6.53693 -0.00890795 0.999951 0.00435314 -0.987251 -0.108965 -0.00529815 0.994031 82.3406 
0.988529 0.00867387 0.150782 -6.45032 -0.00944575 0.999946 0.00440311 -0.992933 -0.150736 -0.00577693 0.988557 82.7664 
0.980579 0.00844137 0.195944 -6.34125 -0.00948233 0.999945 0.00437457 -1.00027 -0.195896 -0.00614769 0.980605 83.1787 
0.969445 0.0105905 0.245078 -6.21586 -0.0115206 0.999931 0.00236156 -1.01178 -0.245036 -0.00511293 0.9695 83.5758 
0.954436 0.0114576 0.298195 -6.06415 -0.0118656 0.999929 -0.000442368 -1.02216 -0.298179 -0.00311612 0.954505 83.9547 
0.935174 0.0116671 0.353996 -5.89078 -0.0115538 0.99993 -0.00243365 -1.03165 -0.353999 -0.00181419 0.935244 84.3169 
0.911398 0.0123995 0.411338 -5.6995 -0.0116601 0.999923 -0.00430706 -1.03771 -0.41136 -0.000870875 0.911473 84.6585 
0.882877 0.0126832 0.469433 -5.48736 -0.0109828 0.999919 -0.00636042 -1.04251 -0.469475 0.000459734 0.882945 84.9794 
0.849905 0.0110224 0.526821 -5.25645 -0.00793008 0.999935 -0.00812799 -1.05401 -0.526876 0.00273023 0.849937 85.2754 
0.813328 0.0105815 0.581709 -5.00977 -0.00666209 0.999938 -0.00887464 -1.06769 -0.581767 0.00334254 0.813348 85.5565 
0.773527 0.00921727 0.633697 -4.74793 -0.00571905 0.999955 -0.00756375 -1.08017 -0.633738 0.00222657 0.773545 85.8224 
0.730557 0.00885306 0.682794 -4.47238 -0.00726981 0.99996 -0.00518722 -1.0902 -0.682813 -0.00117426 0.730592 86.0764 
0.684955 0.0079253 0.728543 -4.18197 -0.006551 0.999967 -0.00471902 -1.09769 -0.728556 -0.00154041 0.684984 86.3078 
0.637954 0.00663236 0.770045 -3.87658 -0.00343893 0.999977 -0.00576386 -1.10698 -0.770066 0.00102891 0.637963 86.5165 
0.590746 0.00392544 0.806848 -3.55752 0.00228849 0.999976 -0.00654072 -1.11447 -0.806854 0.00571034 0.590723 86.7011 
0.543562 0.00612209 0.839347 -3.23675 0.00031429 0.999972 -0.00749732 -1.12379 -0.839369 0.00433902 0.543544 86.873 
0.49581 0.00911254 0.868383 -2.91027 -0.00350082 0.999958 -0.00849454 -1.13257 -0.868424 0.0011716 0.495821 87.0345 
0.449939 0.0113603 0.892987 -2.57777 -0.00432805 0.999935 -0.0105402 -1.14089 -0.893049 0.000877538 0.449959 87.1738 
0.407397 0.00875194 0.913209 -2.23082 0.00290291 0.999937 -0.0108782 -1.14709 -0.913247 0.0070827 0.407345 87.2867 
0.36748 0.00118092 0.930031 -1.8714 0.0180426 0.999802 -0.00839873 -1.14907 -0.929856 0.0198665 0.367386 87.3799 
0.332003 -0.00235826 0.943275 -1.51057 0.0221231 0.999741 -0.00528733 -1.15245 -0.943019 0.0226236 0.33197 87.473 
0.298682 0.00176662 0.954351 -1.15222 0.0193506 0.999781 -0.00790696 -1.16022 -0.954156 0.0208289 0.298583 87.5713 
0.267513 0.00959101 0.963506 -0.791283 0.00868481 0.999886 -0.0123645 -1.17392 -0.963515 0.0116755 0.267399 87.6725 
0.239057 0.0140324 0.970904 -0.414343 0.00397302 0.999873 -0.0154294 -1.19097 -0.970997 0.00754593 0.238971 87.7608 
0.213242 0.0157055 0.976873 -0.0245087 0.00538631 0.999837 -0.0172505 -1.20514 -0.976985 0.00894026 0.213122 87.8301 
0.189842 0.0169681 0.981668 0.376552 0.0127322 0.999724 -0.0197426 -1.21601 -0.981732 0.0162468 0.189573 87.8842 
0.169712 0.0232977 0.985218 0.784698 0.0198269 0.999437 -0.0270494 -1.21555 -0.985294 0.0241244 0.169154 87.9313 
0.149918 0.0300833 0.988241 1.20437 0.0218278 0.999193 -0.0337281 -1.21639 -0.988457 0.0266275 0.14914 87.9841 
0.132281 0.0309226 0.99073 1.64067 0.0197418 0.999233 -0.033824 -1.22889 -0.991016 0.0240331 0.131569 88.0412 
0.11693 0.0265221 0.992786 2.09232 0.01757 0.999432 -0.0287691 -1.25212 -0.992985 0.0208073 0.116398 88.0931 
0.102465 0.0232531 0.994465 2.55682 0.0178766 0.999522 -0.0252134 -1.27287 -0.994576 0.0203611 0.102001 88.1342 
0.0892659 0.0208027 0.99579 3.03166 0.0201869 0.999539 -0.0226907 -1.28975 -0.995803 0.0221274 0.0888048 88.1699 
0.0776059 0.0199853 0.996784 3.52655 0.0238987 0.999474 -0.0219 -1.30406 -0.996698 0.0255214 0.0770875 88.2024 
0.067488 0.020574 0.997508 4.03623 0.0271797 0.999378 -0.0224515 -1.31798 -0.99735 0.0286272 0.0668868 88.2302 
0.0595788 0.0210967 0.998001 4.56466 0.0291699 0.999313 -0.022866 -1.33292 -0.997797 0.0304739 0.0589224 88.2628 
0.0541281 0.0214516 0.998303 5.10929 0.0309401 0.999253 -0.0231497 -1.34733 -0.998054 0.0321406 0.053424 88.2888 
0.0485286 0.0225495 0.998567 5.67056 0.0322509 0.999188 -0.024131 -1.364 -0.998301 0.0333758 0.0477619 88.3181 
0.0425325 0.0232029 0.998826 6.25411 0.0326528 0.999164 -0.0246012 -1.38009 -0.998561 0.0336608 0.0417393 88.3467 
0.0382766 0.0232137 0.998997 6.85387 0.0352456 0.999077 -0.0245661 -1.39824 -0.998645 0.0361506 0.0374231 88.3691 
0.035281 0.0230646 0.999111 7.47824 0.0367114 0.999029 -0.0243592 -1.4198 -0.998703 0.0375382 0.0344 88.397 
0.0322584 0.0226337 0.999223 8.1188 0.0376908 0.999005 -0.0238456 -1.43801 -0.998769 0.0384307 0.0313732 88.4211 
0.029878 0.0219967 0.999311 8.77605 0.03995 0.998933 -0.0231829 -1.45743 -0.998755 0.0406152 0.0289673 88.4437 
0.0291811 0.0215985 0.999341 9.44874 0.0444234 0.998751 -0.022883 -1.47716 -0.998586 0.0450619 0.0281852 88.4657 
0.0304973 0.0212839 0.999308 10.1395 0.0482429 0.998577 -0.0227407 -1.49703 -0.99837 0.0489031 0.0294271 88.4855 
0.0329036 0.0212925 0.999232 10.8497 0.0498027 0.998496 -0.0229169 -1.5156 -0.998217 0.0505185 0.0317937 88.5148 
0.0368996 0.0212258 0.999093 11.5737 0.0523114 0.998363 -0.0231424 -1.53617 -0.997949 0.0531179 0.0357288 88.5458 
0.0414745 0.0207671 0.998924 12.3143 0.0527769 0.998343 -0.0229463 -1.55728 -0.997745 0.0536718 0.0403097 88.5813 
0.0454273 0.0191329 0.998784 13.0683 0.0541682 0.998298 -0.0215874 -1.57659 -0.997498 0.055083 0.0443136 88.6227 
0.0494211 0.0177255 0.998621 13.839 0.0539047 0.998338 -0.0203883 -1.59756 -0.997322 0.0548379 0.0483835 88.6721 
0.0536072 0.015624 0.99844 14.6251 0.0509202 0.998534 -0.0183595 -1.6205 -0.997263 0.051825 0.052733 88.7298 
0.0577964 0.0147015 0.99822 15.4252 0.0502208 0.998583 -0.0176147 -1.63875 -0.997064 0.0511495 0.0569762 88.7877 
0.0619883 0.0157452 0.997953 16.2276 0.0472838 0.998706 -0.0186943 -1.66193 -0.996956 0.0483458 0.0611636 88.8526 
0.065367 0.0198536 0.997664 17.0351 0.0453986 0.998708 -0.022849 -1.68811 -0.996828 0.0467861 0.0643812 88.9121 
0.0668017 0.0254858 0.997441 17.843 0.039611 0.998818 -0.028174 -1.71132 -0.99698 0.0413917 0.0657132 88.9852 
0.0666056 0.0285536 0.997371 18.6559 0.037097 0.998828 -0.0310728 -1.74119 -0.997089 0.0390691 0.0654683 89.0543 
0.0667967 0.0281452 0.997369 19.474 0.0348404 0.998927 -0.0305226 -1.77344 -0.997158 0.0367875 0.0657444 89.1245 
0.0666702 0.0264983 0.997423 20.2981 0.0320509 0.999074 -0.0286846 -1.80828 -0.99726 0.0338807 0.0657592 89.2002 
0.0665332 0.0251469 0.997467 21.1233 0.0330563 0.999078 -0.0273925 -1.84398 -0.997236 0.0347951 0.0656406 89.2653 
0.0669869 0.0245686 0.997451 21.9457 0.0305655 0.999177 -0.026664 -1.87808 -0.997285 0.0322737 0.0661809 89.3361 
0.0669886 0.0248829 0.997443 22.7642 0.0289564 0.999219 -0.026872 -1.91282 -0.997333 0.0306825 0.0662158 89.4073 
0.0670524 0.0256914 0.997419 23.5855 0.0261748 0.999279 -0.027499 -1.94383 -0.997406 0.0279511 0.0663316 89.4792 
0.0659458 0.0271353 0.997454 24.3975 0.0234431 0.999312 -0.0287359 -1.97804 -0.997548 0.0252785 0.0652643 89.5469 
0.0632276 0.0266794 0.997642 25.2126 0.0204702 0.999398 -0.0280237 -2.01164 -0.997789 0.0221938 0.0626434 89.613 
0.059451 0.0254918 0.997906 26.0266 0.0179556 0.999485 -0.026602 -2.04513 -0.99807 0.0194995 0.0589627 89.6733 
0.0548961 0.0231071 0.998225 26.8419 0.0162964 0.999578 -0.0240347 -2.07751 -0.998359 0.0175869 0.0544964 89.7275 
0.0487169 0.0210812 0.99859 27.6565 0.013904 0.999666 -0.0217823 -2.10994 -0.998716 0.0149455 0.0484075 89.7777 
0.0413761 0.0212466 0.998918 28.4637 0.0133603 0.999673 -0.0218162 -2.14214 -0.999054 0.0142485 0.0410787 89.8196 
0.0327228 0.0222692 0.999216 29.2663 0.0132377 0.999654 -0.0227126 -2.17071 -0.999377 0.0139706 0.0324167 89.8545 
0.0229625 0.0227127 0.999478 30.0698 0.0136122 0.999642 -0.0230292 -2.19755 -0.999644 0.0141339 0.0226451 89.8771 
0.012768 0.0217655 0.999681 30.8711 0.0148647 0.999648 -0.0219547 -2.22647 -0.999808 0.0151403 0.01244 89.8931 
0.00215072 0.0208525 0.99978 31.6671 0.0140049 0.999684 -0.0208807 -2.25541 -0.9999 0.0140467 0.00185801 89.9005 
-0.00890405 0.0200109 0.99976 32.4548 0.0154132 0.999684 -0.0198722 -2.28381 -0.999841 0.0152325 -0.00920967 89.8971 
-0.0197308 0.0204217 0.999597 33.2393 0.0156461 0.999675 -0.0201146 -2.31134 -0.999683 0.0152429 -0.0200439 89.885 
-0.0307037 0.020893 0.99931 34.0201 0.0161119 0.999662 -0.0204054 -2.34012 -0.999399 0.0154743 -0.03103 89.8643 
-0.0413059 0.0220685 0.998903 34.796 0.0156014 0.999648 -0.0214399 -2.36728 -0.999025 0.0146987 -0.0416357 89.8377 
-0.0515459 0.0233193 0.998398 35.568 0.0167952 0.999606 -0.0224805 -2.38997 -0.998529 0.0156095 -0.0519172 89.8035 
-0.0609782 0.0238779 0.997853 36.3268 0.017458 0.999586 -0.0228526 -2.42136 -0.997986 0.0160271 -0.0613698 89.7604 
-0.0706427 0.0243907 0.997203 37.0815 0.0182071 0.999566 -0.0231588 -2.44812 -0.997335 0.0165202 -0.0710562 89.7109 
-0.0798917 0.0248173 0.996494 37.8273 0.0189555 0.999547 -0.0233737 -2.47682 -0.996623 0.0170217 -0.0803259 89.6554 
-0.0883407 0.0242948 0.995794 38.5679 0.0202411 0.99954 -0.0225906 -2.50429 -0.995885 0.0181604 -0.0887918 89.592 
-0.0956729 0.0231525 0.995143 39.2996 0.0220268 0.999534 -0.0211371 -2.53262 -0.995169 0.0198976 -0.0961383 89.5258 
-0.100857 0.0215829 0.994667 40.0223 0.025005 0.999504 -0.0191525 -2.5574 -0.994587 0.02294 -0.101347 89.4546 
-0.104596 0.0199605 0.994314 40.736 0.0281593 0.999457 -0.0171016 -2.58337 -0.994116 0.0262104 -0.105102 89.3823 
-0.107263 0.018746 0.994054 41.4395 0.0298366 0.999433 -0.015628 -2.60791 -0.993783 0.0279829 -0.107761 89.312 
-0.109077 0.0179956 0.99387 42.1267 0.0301444 0.999436 -0.0147881 -2.62982 -0.993576 0.0283466 -0.109558 89.2437 
-0.109998 0.0185119 0.993759 42.803 0.0309186 0.999406 -0.0151949 -2.65091 -0.993451 0.0290543 -0.110505 89.1794 
-0.109015 0.0195628 0.993847 43.4589 0.0318474 0.999362 -0.0161781 -2.67285 -0.99353 0.0298878 -0.109569 89.1127 
-0.105786 0.0211239 0.994164 44.1008 0.0328761 0.999302 -0.0177349 -2.69503 -0.993845 0.0308081 -0.106406 89.049 
-0.100645 0.0216481 0.994687 44.7296 0.0329509 0.999287 -0.0184142 -2.71733 -0.994376 0.0309225 -0.101287 88.9961 
-0.0925702 0.0225395 0.995451 45.3373 0.0323976 0.999283 -0.0196135 -2.73703 -0.995179 0.0304346 -0.093234 88.9504 
-0.0814739 0.0224938 0.996422 45.9276 0.0311604 0.999314 -0.0200113 -2.76021 -0.996188 0.0294185 -0.082119 88.918 
-0.0677479 0.0227521 0.997443 46.4887 0.0303876 0.999323 -0.0207311 -2.78401 -0.99724 0.0289054 -0.0683934 88.8966 
-0.0503105 0.0240939 0.998443 47.0434 0.0293301 0.999313 -0.0226371 -2.80685 -0.998303 0.0281456 -0.0509827 88.8839 
-0.0289421 0.0265776 0.999228 47.5773 0.0276979 0.999284 -0.0257769 -2.83114 -0.999197 0.0269305 -0.0296576 88.8875 
-0.00402369 0.0295954 0.999554 48.1088 0.0259627 0.999228 -0.0294813 -2.85385 -0.999655 0.0258325 -0.00478896 88.9048 
0.0246461 0.0312892 0.999206 48.6379 0.0241421 0.9992 -0.0318846 -2.87759 -0.999405 0.0249088 0.023871 88.9396 
0.0583144 0.0307649 0.997824 49.1633 0.0220187 0.999242 -0.0320955 -2.89898 -0.998055 0.0238424 0.0575928 88.9911 
0.0969805 0.0284765 0.994879 49.6842 0.0210983 0.999307 -0.03066 -2.91743 -0.995063 0.0239636 0.0963125 89.0598 
0.139663 0.0245989 0.989893 50.1965 0.0188189 0.999445 -0.0274914 -2.94297 -0.99002 0.0224682 0.139122 89.1534 
0.18559 0.0202435 0.982419 50.6986 0.0161982 0.999589 -0.0236574 -2.96601 -0.982494 0.020304 0.185186 89.2716 
0.234807 0.017136 0.971891 51.1933 0.0116953 0.999722 -0.0204524 -2.98602 -0.971972 0.0161689 0.234541 89.4135 
0.287228 0.0154402 0.957738 51.6748 0.00799145 0.999797 -0.0185151 -3.00725 -0.957829 0.0129717 0.287046 89.5827 
0.343144 0.0149222 0.939164 52.1427 0.00715896 0.999803 -0.0185014 -3.02515 -0.939255 0.0130721 0.34297 89.7767 
0.401902 0.0150877 0.915558 52.5951 0.00914065 0.999748 -0.0204876 -3.0437 -0.915637 0.0166028 0.401663 89.9991 
0.462164 0.0181911 0.886608 53.0215 0.00992323 0.999621 -0.0256826 -3.06134 -0.886739 0.0206676 0.461808 90.2534 
0.521518 0.0210982 0.852979 53.4176 0.0110667 0.999443 -0.0314874 -3.08087 -0.853168 0.0258609 0.520994 90.5371 
0.579108 0.0251243 0.814863 53.7848 0.00691177 0.999338 -0.0357244 -3.09833 -0.815221 0.0263204 0.578551 90.8535 
0.634327 0.0279766 0.772559 54.1258 0.00280115 0.999255 -0.038486 -3.11441 -0.77306 0.0265767 0.633776 91.1955 
0.686364 0.0285736 0.726697 54.4323 0.00113134 0.999185 -0.0403564 -3.1336 -0.727258 0.0285213 0.685772 91.548 
0.73461 0.0270528 0.67795 54.7227 0.000122611 0.999199 -0.0400049 -3.15019 -0.678489 0.0294711 0.734019 91.9245 
0.779061 0.0236395 0.626503 54.9842 -0.00226526 0.999388 -0.0348927 -3.16994 -0.626944 0.0257643 0.778638 92.3225 
0.81962 0.0187852 0.572599 55.219 -0.00326537 0.999599 -0.0281199 -3.187 -0.572898 0.0211778 0.819353 92.7377 
0.855246 0.0164022 0.517962 55.4183 -0.00588146 0.999742 -0.0219474 -3.20317 -0.518189 0.015724 0.855122 93.1611 
0.885581 0.0129874 0.464302 55.5962 -0.00686096 0.999866 -0.014882 -3.21741 -0.464433 0.00999364 0.885552 93.6045 
0.910414 0.0135394 0.413476 55.7446 -0.0105177 0.999899 -0.0095838 -3.23298 -0.413563 0.00437637 0.910465 94.0545 
0.929882 0.0155426 0.36753 55.8762 -0.0142865 0.999879 -0.00613855 -3.24749 -0.367581 0.000457347 0.929991 94.5125 
0.944589 0.0217154 0.327537 55.9858 -0.0217198 0.999757 -0.00364526 -3.25744 -0.327537 -0.00367084 0.944831 94.9773 
0.955978 0.0261042 0.292276 56.0872 -0.0258392 0.999655 -0.0047683 -3.26159 -0.2923 -0.00299386 0.956322 95.4467 
0.964855 0.0281081 0.261273 56.188 -0.0278482 0.999601 -0.00469809 -3.26707 -0.261301 -0.00274308 0.965253 95.9184 
0.970738 0.0224143 0.239091 56.2924 -0.0219757 0.999748 -0.00450056 -3.27421 -0.239132 -0.000885411 0.970987 96.3962 
0.974488 0.0193916 0.223599 56.3886 -0.0190181 0.999812 -0.00382445 -3.28535 -0.223631 -0.000525626 0.974674 96.8824 
0.977251 0.0236623 0.210762 56.4772 -0.0233209 0.99972 -0.004106 -3.29463 -0.2108 -0.000902631 0.977529 97.374 
0.979142 0.0291637 0.201075 56.5581 -0.0290294 0.999572 -0.00361733 -3.29804 -0.201094 -0.00229528 0.979569 97.8813 
0.98007 0.0369753 0.195181 56.6352 -0.0366989 0.999314 -0.0050338 -3.30147 -0.195233 -0.00222953 0.980754 98.4004 
0.980447 0.0426596 0.192102 56.7204 -0.0417671 0.999089 -0.00869549 -3.30965 -0.192298 0.000501861 0.981336 98.9268 
0.980586 0.0437718 0.191139 56.8157 -0.0424147 0.999037 -0.011188 -3.32274 -0.191445 0.00286358 0.981499 99.4607 
0.980176 0.0422261 0.193578 56.9206 -0.0401336 0.999086 -0.0147208 -3.33526 -0.194023 0.00665996 0.980974 100.004 
0.979442 0.0406676 0.197582 57.0277 -0.0372002 0.999082 -0.0212309 -3.3449 -0.198264 0.0134442 0.980056 100.557 
0.978621 0.0408279 0.201577 57.1413 -0.0363282 0.999002 -0.0259737 -3.35453 -0.202436 0.0180954 0.979128 101.121 
0.97748 0.0456797 0.206023 57.2482 -0.0412772 0.998819 -0.0256196 -3.36928 -0.20695 0.0165385 0.978212 101.705 
0.976112 0.0487691 0.211723 57.362 -0.0451746 0.998741 -0.0217848 -3.38383 -0.212519 0.0116998 0.977087 102.304 
0.975248 0.0457462 0.21633 57.4932 -0.0430568 0.998926 -0.0171314 -3.40163 -0.216881 0.00739278 0.97617 102.909 
0.974581 0.0413142 0.220194 57.6313 -0.0397254 0.999143 -0.0116413 -3.41414 -0.220486 0.00259807 0.975387 103.532 
0.973829 0.0388186 0.223941 57.7706 -0.038208 0.999245 -0.00706124 -3.42739 -0.224046 -0.00167995 0.974577 104.164 
0.973349 0.0340772 0.226784 57.9154 -0.0334957 0.999418 -0.00641356 -3.43751 -0.226871 -0.00135373 0.973924 104.802 
0.973396 0.0305073 0.227089 58.0637 -0.029112 0.999531 -0.00949214 -3.44862 -0.227272 0.00262853 0.973828 105.449 
0.973512 0.0294667 0.226729 58.2092 -0.0264159 0.999515 -0.0164796 -3.46339 -0.227104 0.0100538 0.973818 106.103 
0.973649 0.031457 0.225873 58.3518 -0.0268996 0.999368 -0.0232273 -3.47724 -0.226461 0.0165392 0.97388 106.768 
0.974198 0.0340871 0.223107 58.4941 -0.0287576 0.999219 -0.0270944 -3.48949 -0.223857 0.0199792 0.974417 107.448 
0.974816 0.03232 0.220658 58.6428 -0.0279442 0.999346 -0.0229247 -3.50547 -0.221254 0.0161812 0.975082 108.151 
0.975262 0.0280743 0.219261 58.7965 -0.0253217 0.999561 -0.0153549 -3.52592 -0.219596 0.00942295 0.975545 108.866 
0.975839 0.0283706 0.21664 58.9463 -0.0269372 0.999591 -0.00956752 -3.54759 -0.216823 0.00350062 0.976205 109.593 
0.976158 0.0314413 0.214774 59.0921 -0.0299309 0.999499 -0.0102824 -3.56436 -0.214989 0.0036088 0.97661 110.324 
0.976448 0.0369929 0.212558 59.2316 -0.0346165 0.99929 -0.0148922 -3.57957 -0.212958 0.00718331 0.977035 111.067 
0.977248 0.0378412 0.208697 59.3771 -0.034357 0.999203 -0.0202968 -3.5936 -0.209298 0.0126648 0.97777 111.818 
0.978149 0.0363203 0.204709 59.5265 -0.0322697 0.999212 -0.0230923 -3.61203 -0.205387 0.0159817 0.97855 112.577 
0.979066 0.0339249 0.200696 59.6785 -0.0301784 0.999309 -0.0216991 -3.6324 -0.201293 0.0151881 0.979413 113.351 
0.979915 0.0299113 0.197158 59.829 -0.0265617 0.999455 -0.0196132 -3.65459 -0.197637 0.0139824 0.980176 114.139 
0.980335 0.0289098 0.195211 59.9829 -0.0261133 0.999516 -0.0168849 -3.67707 -0.195604 0.0114552 0.980616 114.942 
0.980687 0.0255916 0.1939 60.1335 -0.0232153 0.999625 -0.0145186 -3.6975 -0.194199 0.00973671 0.980914 115.748 
0.980882 0.0205725 0.193513 60.2901 -0.0183486 0.999743 -0.0132783 -3.71536 -0.193736 0.00947368 0.981008 116.559 
0.980975 0.0214619 0.192945 60.4346 -0.0195547 0.999739 -0.0117844 -3.7346 -0.193147 0.00778712 0.981139 117.377 
0.980799 0.0267109 0.193182 60.5793 -0.0245013 0.999604 -0.0138192 -3.75316 -0.193474 0.00882059 0.981066 118.199 
0.980537 0.0323369 0.193655 60.7227 -0.0295474 0.999414 -0.0172767 -3.77139 -0.1941 0.0112184 0.980918 119.028 
0.980039 0.0411779 0.194493 60.8676 -0.0381972 0.999088 -0.0190535 -3.78923 -0.195101 0.011244 0.980719 119.867 
0.979199 0.0468994 0.197406 61.0141 -0.0441315 0.998856 -0.0184002 -3.81376 -0.198043 0.00930557 0.980149 120.707 
0.978476 0.049542 0.200327 61.1655 -0.0471985 0.99875 -0.0164606 -3.8404 -0.200892 0.00665112 0.979591 121.553 
0.977928 0.0500271 0.202867 61.3265 -0.0475189 0.998722 -0.0172192 -3.8639 -0.203469 0.00719908 0.979055 122.402 
0.977626 0.0484254 0.204702 61.491 -0.0453106 0.998775 -0.0198794 -3.88731 -0.205414 0.0101594 0.978622 123.247 
0.977616 0.0421904 0.206121 61.6644 -0.0392165 0.999059 -0.0184945 -3.91319 -0.206707 0.00999709 0.978352 124.09 
0.977892 0.0352041 0.206125 61.8433 -0.0317983 0.999298 -0.019814 -3.94245 -0.206678 0.0128214 0.978325 124.93 
0.977628 0.0346915 0.207462 62.0094 -0.0312422 0.999314 -0.019881 -3.97192 -0.208009 0.0129546 0.978041 125.78 
0.977136 0.037375 0.209302 62.176 -0.0345962 0.999258 -0.0169238 -3.99682 -0.20978 0.00929577 0.977704 126.627 
0.976691 0.0396509 0.210957 62.3317 -0.0380903 0.999209 -0.0114581 -4.01652 -0.211244 0.00315549 0.977428 127.476 
0.976394 0.0431121 0.211652 62.4972 -0.042569 0.999068 -0.00712452 -4.04275 -0.211762 -0.00205355 0.977319 128.316 
0.976172 0.0423882 0.212816 62.6619 -0.0404104 0.99909 -0.0136368 -4.06688 -0.213201 0.00471182 0.976997 129.151 
0.976449 0.0377971 0.212412 62.8394 -0.0326178 0.99908 -0.0278366 -4.09434 -0.213269 0.0202525 0.976783 129.966 
0.976655 0.0355399 0.211853 63.0123 -0.0283429 0.998916 -0.0369137 -4.12343 -0.212935 0.0300473 0.976604 130.778 
0.976931 0.0327123 0.211036 63.1808 -0.0274462 0.999236 -0.0278354 -4.14965 -0.211786 0.0214011 0.977082 131.606 
0.977342 0.0264333 0.210007 63.3533 -0.0255396 0.999649 -0.00696754 -4.18051 -0.210118 0.0014461 0.977675 132.452 
0.977626 0.0231362 0.209073 63.5213 -0.0254348 0.999642 0.00831138 -4.20826 -0.208805 -0.0134432 0.977865 133.293 
0.977652 0.0277209 0.208392 63.6797 -0.0288536 0.999581 0.00239647 -4.22248 -0.208238 -0.00835585 0.978042 134.112 
0.977851 0.0355434 0.206261 63.829 -0.0334398 0.999347 -0.0136775 -4.23294 -0.206612 0.00647715 0.978401 134.919 
0.978121 0.0354704 0.204988 63.9886 -0.0317013 0.999263 -0.0216436 -4.24655 -0.205605 0.0146717 0.978525 135.733 
0.978685 0.0313192 0.202966 64.1485 -0.027348 0.999376 -0.0223423 -4.27432 -0.203539 0.0163153 0.978931 136.556 
0.979266 0.0309373 0.2002 64.3023 -0.0273746 0.999414 -0.0205407 -4.30882 -0.200718 0.0146344 0.97954 137.379 
0.98001 0.0304838 0.196599 64.4502 -0.026683 0.999403 -0.0219538 -4.3325 -0.19715 0.016269 0.980238 138.188 
0.980956 0.0314824 0.19166 64.5945 -0.0274598 0.999344 -0.0236096 -4.35917 -0.192278 0.0178969 0.981177 139.005 
0.981356 0.0363805 0.188726 64.7312 -0.032496 0.999192 -0.0236375 -4.39203 -0.189434 0.0170638 0.981745 139.816 
0.981512 0.0423029 0.186665 64.8598 -0.0384889 0.99897 -0.0240114 -4.41769 -0.187488 0.0163829 0.98213 140.628 
0.981812 0.0437864 0.184735 64.9951 -0.0404251 0.998942 -0.0219254 -4.44761 -0.185499 0.0140586 0.982544 141.433 
0.982129 0.0415044 0.183573 65.1325 -0.0390118 0.999091 -0.0171712 -4.47587 -0.184119 0.00970269 0.982856 142.239 
0.98254 0.0398255 0.181741 65.2709 -0.0373267 0.999156 -0.0171508 -4.50226 -0.182271 0.0100675 0.983197 143.04 
0.983096 0.0380694 0.179086 65.4069 -0.0350182 0.999183 -0.0201696 -4.5307 -0.179708 0.0135573 0.983627 143.839 
0.98416 0.0330443 0.174174 65.5439 -0.0293326 0.999285 -0.0238424 -4.55748 -0.174838 0.0183557 0.984426 144.629 
0.985383 0.0301679 0.167659 65.67 -0.0263991 0.999347 -0.0246636 -4.58567 -0.168294 0.019877 0.985536 145.42 
0.986532 0.028523 0.161061 65.7925 -0.0257242 0.99948 -0.0194371 -4.60796 -0.161531 0.0150321 0.986753 146.219 
0.987631 0.0257742 0.154664 65.9095 -0.0243798 0.999643 -0.0109065 -4.63271 -0.15489 0.00700083 0.987907 147.029 
0.988249 0.0228911 0.151128 66.0233 -0.0228919 0.999736 -0.00173513 -4.64912 -0.151128 -0.00174496 0.988513 147.842 
0.988716 0.0295403 0.146857 66.1191 -0.0299772 0.99955 0.000761395 -4.66125 -0.146769 -0.00515525 0.989157 148.647 
0.989302 0.03237 0.142243 66.211 -0.0321024 0.999476 -0.00417688 -4.67327 -0.142304 -0.00043422 0.989823 149.447 
0.990393 0.0325953 0.134384 66.3103 -0.030946 0.999418 -0.0143452 -4.68951 -0.134773 0.0100487 0.990825 150.24 
0.991363 0.0293271 0.127824 66.4046 -0.0270092 0.999438 -0.0198312 -4.70031 -0.128333 0.0162074 0.991599 151.044 
0.992215 0.0284418 0.121246 66.4857 -0.0263518 0.999476 -0.0188078 -4.72037 -0.121717 0.0154662 0.992444 151.859 
0.992891 0.0351874 0.113709 66.5526 -0.0336563 0.999315 -0.0153582 -4.74494 -0.114171 0.0114219 0.993395 152.677 
0.993556 0.0406826 0.105789 66.6112 -0.0390857 0.999089 -0.0171261 -4.76614 -0.10639 0.0128808 0.994241 153.493 
0.994505 0.0432569 0.0953337 66.674 -0.0412422 0.998884 -0.0230049 -4.7875 -0.0962224 0.0189466 0.995179 154.304 
0.995363 0.0416578 0.0866996 66.7341 -0.0396062 0.998896 -0.0252515 -4.8113 -0.0876557 0.0217005 0.995914 155.124 
0.996022 0.0418603 0.0786667 66.7842 -0.0402034 0.998937 -0.0225316 -4.8344 -0.0795262 0.0192792 0.996646 155.948 
0.996498 0.0444663 0.0708065 66.8223 -0.0434773 0.998935 -0.0154501 -4.85898 -0.071418 0.0123175 0.99737 156.778 
0.996893 0.0479467 0.0624928 66.8536 -0.0474279 0.998827 -0.00976159 -4.87974 -0.0628874 0.00676728 0.997998 157.611 
0.997389 0.0469722 0.05486 66.8842 -0.046686 0.998888 -0.00648797 -4.89571 -0.0551037 0.00390975 0.998473 158.439 
0.997688 0.0476174 0.0484796 66.9112 -0.0474571 0.998863 -0.00445507 -4.91001 -0.0486365 0.00214399 0.998814 159.269 
0.99793 0.0466829 0.0442364 66.936 -0.046457 0.998901 -0.00612322 -4.92829 -0.0444736 0.00405537 0.999002 160.094 
0.997881 0.0514002 0.0398926 66.9417 -0.0509793 0.998633 -0.0115023 -4.94731 -0.0404292 0.00944414 0.999138 160.912 
0.997717 0.0572068 0.0359008 66.9482 -0.0565783 0.998231 -0.0182861 -4.9647 -0.0368833 0.016213 0.999188 161.727 
0.997761 0.0583455 0.0326981 66.958 -0.0576921 0.998122 -0.0205853 -4.98452 -0.0338376 0.0186527 0.999253 162.549 
0.997752 0.0601376 0.029572 66.9677 -0.0597274 0.998108 -0.0145675 -5.00404 -0.030392 0.0127684 0.999456 163.382 
0.997667 0.0623853 0.0277324 66.9699 -0.0622946 0.998049 -0.00412668 -5.02269 -0.0279356 0.00238939 0.999607 164.218 
0.997669 0.0636153 0.0246857 66.973 -0.0637141 0.997963 0.00322888 -5.03843 -0.0244299 -0.00479426 0.99969 165.051 
0.998011 0.0600314 0.0192152 66.9816 -0.060044 0.998196 7.18124e-05 -5.05318 -0.0191762 -0.00122551 0.999815 165.869 
0.998791 0.0473212 0.0133114 66.995 -0.0471947 0.998839 -0.00966713 -5.06544 -0.0137533 0.00902714 0.999865 166.684 
0.998973 0.0449262 0.0058884 66.994 -0.0448384 0.998892 -0.0142866 -5.07501 -0.00652363 0.0140078 0.999881 167.507 
0.998813 0.0486957 -0.000881006 66.9729 -0.0487031 0.99873 -0.0129157 -5.09093 0.000251031 0.0129432 0.999916 168.339 
0.99887 0.0467902 -0.00832418 66.9505 -0.0468469 0.998879 -0.00674351 -5.11013 0.00799941 0.00712577 0.999943 169.174 
0.999017 0.0413402 -0.0159919 66.9336 -0.0413931 0.999138 -0.0029864 -5.12497 0.0158548 0.00364534 0.999868 170.01 
0.99923 0.0325856 -0.0218489 66.9119 -0.0325701 0.999469 0.00106767 -5.12947 0.0218722 -0.000355315 0.999761 170.854 
0.999204 0.0283723 -0.0280467 66.8754 -0.0283538 0.999597 0.0010575 -5.14273 0.0280655 -0.00026151 0.999606 171.696 
0.999102 0.024864 -0.034311 66.8313 -0.0250778 0.999669 -0.00581181 -5.15663 0.0341552 0.00666695 0.999394 172.532 
0.999002 0.0155614 -0.041875 66.7915 -0.0162411 0.999741 -0.0159398 -5.16991 0.0416162 0.0166039 0.998996 173.363 
0.99882 0.00531802 -0.0482795 66.7546 -0.00629737 0.999777 -0.0201539 -5.18244 0.0481617 0.020434 0.99863 174.198 
0.998453 0.00910119 -0.0548506 66.6926 -0.00981927 0.999869 -0.0128349 -5.1981 0.0547267 0.0133536 0.998412 175.041 
0.998001 0.0195801 -0.0600813 66.6145 -0.0196055 0.999808 0.00016963 -5.21321 0.0600731 0.00100854 0.998193 175.89 
0.997594 0.024803 -0.0647374 66.5378 -0.0243298 0.999671 0.00808885 -5.23024 0.0649168 -0.00649443 0.997869 176.736 
0.997367 0.0241797 -0.0683732 66.4624 -0.0238926 0.999702 0.00501554 -5.23829 0.0684742 -0.00336881 0.997647 177.579 
0.99719 0.025482 -0.0704497 66.3873 -0.0259519 0.999647 -0.0057617 -5.2483 0.0702781 0.00757373 0.997499 178.407 
0.996667 0.0357539 -0.0733264 66.2959 -0.0369545 0.999203 -0.0150811 -5.26073 0.0727288 0.0177404 0.997194 179.239 
0.996545 0.0341671 -0.0756968 66.2186 -0.0356805 0.999188 -0.0187301 -5.2781 0.0749955 0.0213662 0.996955 180.081 
0.996511 0.0289854 -0.078264 66.1552 -0.0301425 0.999452 -0.0136435 -5.2995 0.0778257 0.0159549 0.996839 180.937 
0.996522 0.0292895 -0.0780152 66.0782 -0.0297648 0.999545 -0.00493511 -5.31613 0.0778352 0.00723997 0.99694 181.799 
0.996477 0.0311188 -0.077875 65.9951 -0.0311718 0.999514 0.000536172 -5.3318 0.0778539 0.00189313 0.996963 182.66 
0.996349 0.0309581 -0.079568 65.9129 -0.0310797 0.999517 -0.000289895 -5.3455 0.0795206 0.0027617 0.996829 183.511 
0.996258 0.0271508 -0.0820494 65.8358 -0.0280263 0.999562 -0.00953674 -5.36179 0.0817546 0.0118005 0.996583 184.361 
0.996287 0.0161744 -0.084556 65.7679 -0.0180025 0.999619 -0.0209012 -5.38025 0.0841859 0.0223458 0.996199 185.207 
0.996221 0.00563889 -0.0866715 65.6995 -0.00781834 0.999661 -0.0248264 -5.40237 0.0865023 0.0254101 0.995927 186.062 
0.996104 0.00810894 -0.0878157 65.6118 -0.00994673 0.99974 -0.0205095 -5.42412 0.0876267 0.021303 0.995925 186.917 
0.995921 0.0140363 -0.089133 65.5162 -0.0149848 0.999838 -0.00998031 -5.44942 0.0889785 0.0112751 0.99597 187.775 
0.995739 0.0150122 -0.0909813 65.428 -0.0156586 0.999857 -0.00639463 -5.47409 0.0908724 0.00779194 0.995832 188.625 
0.995675 0.0137022 -0.0918852 65.3415 -0.0146926 0.999841 -0.01011 -5.49465 0.0917322 0.0114163 0.995718 189.466 
0.995695 0.0138066 -0.0916598 65.2519 -0.0153693 0.999748 -0.0163635 -5.51063 0.0914108 0.0177017 0.995656 190.301 
0.995547 0.0204097 -0.0920261 65.1536 -0.0220467 0.999616 -0.0168061 -5.53144 0.0916478 0.0187601 0.995615 191.134 
0.995446 0.0231209 -0.0924838 65.0597 -0.024499 0.999605 -0.0137922 -5.55491 0.0921285 0.0159951 0.995619 191.97 
0.995288 0.0268146 -0.0931751 64.965 -0.0279431 0.999551 -0.0108269 -5.5774 0.0928431 0.0133794 0.995591 192.804 
0.995177 0.0305683 -0.093212 64.8705 -0.0314499 0.999473 -0.00800252 -5.59628 0.0929184 0.0108953 0.995614 193.634 
