1 -4.23778e-08 4.22719e-08 0 -4.23778e-08 1 -4.19404e-08 0 4.22719e-08 -4.19404e-08 1 0 
0.999036 -0.000317165 0.0438906 0.0305358 0.00042245 0.999997 -0.00239153 -0.0210165 -0.0438897 0.00240768 0.999033 1.01845 
0.996046 -0.00489346 0.0887028 0.13409 0.00555172 0.999959 -0.00717681 -0.0491008 -0.0886639 0.0076408 0.996032 2.09076 
0.990952 -0.00485052 0.13413 0.239216 0.00642956 0.999915 -0.0113424 -0.0639052 -0.134063 0.0121021 0.990899 3.15451 
0.9837 -0.00258082 0.179797 0.41202 0.00510313 0.999895 -0.013568 -0.0930246 -0.179743 0.0142643 0.98361 4.16512 
0.974262 -0.0050575 0.225363 0.673954 0.00832252 0.999874 -0.0135406 -0.120029 -0.225266 0.0150676 0.974181 5.26749 
0.962759 -0.00592958 0.270296 0.962432 0.010242 0.999842 -0.0145472 -0.157744 -0.270167 0.0167737 0.962667 6.27925 
0.94947 -0.00903076 0.313727 1.29998 0.0151952 0.999736 -0.0172096 -0.185349 -0.313489 0.0211071 0.949357 7.29171 
0.934464 -0.0111072 0.355884 1.68633 0.0190389 0.999642 -0.0187927 -0.216568 -0.355548 0.0243367 0.934341 8.27821 
0.917207 -0.0110901 0.398256 2.08139 0.0204531 0.999605 -0.0192693 -0.251742 -0.397885 0.0258195 0.917072 9.21096 
0.897538 -0.0113698 0.44079 2.51766 0.0213637 0.999615 -0.0177167 -0.285723 -0.440419 0.0253183 0.897435 10.1312 
0.875756 -0.0112154 0.482623 2.99124 0.0220375 0.999617 -0.0167594 -0.318831 -0.48225 0.0253129 0.875668 11.0095 
0.851867 -0.0114204 0.523633 3.51006 0.0229175 0.999617 -0.0154818 -0.351284 -0.523256 0.0251888 0.851803 11.8699 
0.826148 -0.0114054 0.563337 4.08872 0.0242775 0.999587 -0.015366 -0.384392 -0.562929 0.026371 0.826084 12.7568 
0.798759 -0.0132026 0.601507 4.68473 0.0275804 0.999512 -0.0146865 -0.41831 -0.601019 0.0283207 0.798733 13.5698 
0.769979 -0.0121357 0.637954 5.32291 0.0282736 0.999486 -0.015112 -0.451089 -0.637443 0.0296732 0.769926 14.3627 
0.739248 -0.0153894 0.673258 6.00301 0.0331632 0.999358 -0.0135705 -0.477225 -0.672616 0.0323593 0.739283 15.1242 
0.706761 -0.0138575 0.707316 6.70299 0.0326367 0.999382 -0.0130317 -0.501759 -0.706699 0.0322947 0.706777 15.858 
0.672601 -0.0126513 0.739897 7.45004 0.0339247 0.99933 -0.013752 -0.530871 -0.739227 0.0343503 0.672579 16.553 
0.637028 -0.0138788 0.770715 8.21511 0.0383124 0.999172 -0.0136741 -0.559273 -0.769888 0.0382387 0.637033 17.1887 
0.600469 -0.0120493 0.799557 9.06992 0.0386465 0.999155 -0.0139666 -0.574918 -0.798713 0.0392866 0.600428 17.8438 
0.562727 -0.0109935 0.826569 9.93635 0.0414956 0.999027 -0.014963 -0.603676 -0.8256 0.042719 0.562636 18.4481 
0.523501 -0.0094885 0.851972 10.7773 0.0461984 0.998783 -0.0172635 -0.632137 -0.850771 0.0483972 0.523303 18.9794 
0.484997 -0.00882617 0.874471 11.6387 0.0481201 0.998703 -0.0166084 -0.65841 -0.873191 0.0501346 0.484793 19.4553 
0.447145 -0.0108247 0.894396 12.5175 0.0536885 0.998449 -0.0147571 -0.684334 -0.892849 0.0546173 0.447033 19.8861 
0.410143 -0.0115789 0.911948 13.4185 0.0576894 0.998246 -0.013271 -0.710912 -0.910195 0.0580527 0.410092 20.2866 
0.375103 -0.00927556 0.926936 14.3763 0.0595974 0.998122 -0.0141295 -0.726801 -0.925065 0.060543 0.374952 20.6804 
0.342117 -0.0100867 0.939603 15.3832 0.0605082 0.998103 -0.0113168 -0.740528 -0.937707 0.0607254 0.342078 21.0357 
0.308727 -0.0116951 0.951079 16.3623 0.0627624 0.997996 -0.00810125 -0.758476 -0.949078 0.0621931 0.308842 21.3543 
0.275746 -0.0114411 0.961162 17.4334 0.0635255 0.99796 -0.00634575 -0.761618 -0.959129 0.0628081 0.275911 21.6959 
0.243442 -0.00843323 0.969879 18.4368 0.061003 0.998115 -0.00663328 -0.772616 -0.967995 0.0607804 0.243498 21.9654 
0.212396 -0.0069955 0.977159 19.4864 0.0616226 0.99808 -0.00624916 -0.781177 -0.975239 0.0615424 0.212419 22.2161 
0.182247 -0.00700689 0.983228 20.5567 0.063774 0.997953 -0.00470912 -0.796279 -0.981182 0.0635626 0.18232 22.4076 
0.152365 -0.00716494 0.988298 21.7075 0.0655987 0.997842 -0.00287927 -0.797393 -0.986145 0.0652698 0.152507 22.5519 
0.122237 -0.00784557 0.99247 22.7864 0.064386 0.997925 -4.14365e-05 -0.808385 -0.99041 0.0639063 0.122488 22.6857 
0.0928993 -0.00804665 0.995643 23.945 0.0646639 0.997905 0.00203132 -0.804543 -0.993573 0.0641934 0.093225 22.8145 
0.0660234 -0.00785909 0.997787 25.1774 0.0674954 0.997714 0.00339227 -0.815861 -0.995533 0.067122 0.0664029 22.8878 
0.0405871 -0.00742262 0.999148 26.3556 0.0720288 0.997392 0.00448356 -0.808856 -0.996576 0.0717855 0.0410159 22.968 
0.0180753 -0.00707774 0.999811 27.6432 0.0765158 0.997052 0.00567482 -0.812411 -0.996904 0.0763988 0.0185636 22.9798 
-0.00218701 -0.00706505 0.999973 28.9227 0.0822732 0.996584 0.00722097 -0.798816 -0.996607 0.0822868 -0.00159828 22.9783 
-0.0198486 -0.00791165 0.999772 30.2363 0.0864509 0.99621 0.0095997 -0.801064 -0.996058 0.0866217 -0.0190894 22.9598 
-0.0354357 -0.00776993 0.999342 31.5316 0.0896599 0.995912 0.0109224 -0.791035 -0.995342 0.0899879 -0.0345942 22.9298 
-0.0502069 -0.00861607 0.998702 32.8278 0.0921865 0.995654 0.0132241 -0.793755 -0.994475 0.0927307 -0.0491944 22.8977 
-0.0636771 -0.00972071 0.997923 34.1309 0.0920925 0.995629 0.0155747 -0.788482 -0.993712 0.092893 -0.0625035 22.8364 
-0.0759415 -0.00969662 0.997065 35.4376 0.091701 0.995647 0.0166672 -0.783066 -0.992887 0.0926976 -0.0747218 22.7593 
-0.087255 -0.00681955 0.996163 36.7203 0.091926 0.995655 0.0148679 -0.76767 -0.991935 0.0928706 -0.0862489 22.6672 
-0.0979513 -0.00347072 0.995185 38.0076 0.0922183 0.99566 0.0125489 -0.759627 -0.990909 0.0930035 -0.0972061 22.5854 
-0.107084 -0.000965742 0.994249 39.3543 0.0934658 0.995561 0.0110335 -0.741241 -0.989847 0.0941098 -0.106518 22.4316 
-0.115229 0.000281412 0.993339 40.7014 0.0930115 0.99561 0.0105074 -0.719981 -0.988975 0.0936027 -0.11475 22.3222 
-0.121065 0.000953108 0.992644 42.1045 0.0927358 0.995637 0.0103542 -0.714402 -0.988303 0.0933072 -0.120625 22.1615 
-0.126132 0.00226088 0.992011 43.5018 0.0939747 0.995527 0.00967967 -0.71196 -0.987552 0.0944448 -0.12578 21.9833 
-0.131082 0.00399555 0.991363 44.9017 0.0928248 0.995648 0.00826077 -0.700081 -0.987016 0.093106 -0.130882 21.8149 
-0.135211 0.00475978 0.990805 46.348 0.0934597 0.995591 0.00797124 -0.693747 -0.986399 0.0936782 -0.13506 21.64 
-0.139203 0.00389917 0.990256 47.8377 0.0935289 0.995574 0.00922739 -0.672639 -0.985837 0.0939021 -0.138951 21.5149 
-0.14163 0.00189576 0.989918 49.3138 0.0943153 0.995475 0.0115875 -0.662928 -0.985416 0.0950055 -0.141168 21.3197 
-0.144194 0.000698422 0.989549 50.7803 0.094005 0.995487 0.0129954 -0.651404 -0.985074 0.0948964 -0.143609 21.1351 
-0.145926 0.0014223 0.989294 52.2883 0.0962831 0.995272 0.0127713 -0.633711 -0.984599 0.097116 -0.145373 20.8876 
-0.147004 0.0010758 0.989135 53.7881 0.0962698 0.995267 0.0132249 -0.624896 -0.98444 0.097168 -0.146412 20.6731 
-0.147801 0.00233482 0.989014 55.3171 0.0978611 0.995124 0.0122753 -0.611767 -0.984164 0.0986004 -0.147309 20.4565 
-0.147763 0.00257461 0.989019 56.8204 0.0983458 0.995079 0.0121028 -0.589185 -0.984121 0.0990542 -0.147289 20.248 
-0.147222 0.00413227 0.989095 58.3725 0.0981191 0.99512 0.010447 -0.577408 -0.984225 0.0985871 -0.146909 20.031 
-0.146306 0.00375546 0.989232 59.9447 0.0988009 0.995048 0.0108349 -0.572257 -0.984293 0.0993222 -0.145953 19.822 
-0.144908 0.00274302 0.989441 61.5135 0.0981708 0.995102 0.0116187 -0.563362 -0.984563 0.0988179 -0.144467 19.6128 
-0.143848 0.00355845 0.989593 63.1005 0.0991966 0.995009 0.0108413 -0.54817 -0.984615 0.0997238 -0.143484 19.3902 
-0.142846 0.00424047 0.989736 64.7139 0.0992508 0.995011 0.0100615 -0.53511 -0.984756 0.0996694 -0.142555 19.1762 
-0.141885 0.00479899 0.989871 66.3352 0.10031 0.99491 0.0095546 -0.52337 -0.984787 0.100649 -0.141645 18.9621 
-0.141048 0.00477912 0.989991 68.0013 0.099999 0.994943 0.00944415 -0.51115 -0.984939 0.10033 -0.140813 18.7485 
-0.140078 0.00321186 0.990135 69.6568 0.102012 0.99472 0.0112051 -0.497509 -0.984871 0.102575 -0.139666 18.5195 
-0.139525 0.00123944 0.990218 71.3537 0.103717 0.994517 0.0133693 -0.486301 -0.984772 0.104568 -0.138889 18.2994 
-0.138442 0.00250053 0.990367 73.0748 0.105293 0.994366 0.0122081 -0.471156 -0.984757 0.105969 -0.137925 18.0599 
-0.137656 0.00422638 0.990471 74.7715 0.107609 0.994135 0.0107134 -0.46597 -0.984617 0.108059 -0.137303 17.8338 
-0.136847 0.00388977 0.990584 76.4874 0.107018 0.994197 0.0108803 -0.455961 -0.984794 0.107499 -0.136469 17.6124 
-0.136922 0.00374502 0.990575 78.2175 0.107395 0.994155 0.0110861 -0.454422 -0.984743 0.107901 -0.136524 17.4042 
-0.136526 0.00267467 0.990633 79.973 0.107325 0.99415 0.012107 -0.445045 -0.984805 0.107972 -0.136015 17.178 
-0.136303 0.00284702 0.990663 81.7461 0.108822 0.993987 0.0121159 -0.437577 -0.984672 0.109458 -0.135793 16.9493 
-0.136267 0.00266715 0.990668 83.5413 0.110205 0.99383 0.012483 -0.4296 -0.984523 0.110878 -0.13572 16.7211 
-0.136188 0.00350472 0.990677 85.3614 0.110569 0.9938 0.0116841 -0.424954 -0.984493 0.111129 -0.135731 16.4808 
-0.136802 0.00419321 0.990589 87.1458 0.109963 0.993875 0.0109788 -0.419958 -0.984476 0.11043 -0.136425 16.2609 
-0.137692 0.00492055 0.990463 88.9692 0.109771 0.993903 0.0103224 -0.410391 -0.984373 0.110145 -0.137393 16.0296 
-0.138743 0.00561205 0.990312 90.8213 0.109713 0.993916 0.00973824 -0.405317 -0.984232 0.110001 -0.138515 15.7858 
-0.139433 0.00490876 0.990219 92.6456 0.10903 0.993984 0.0104251 -0.399576 -0.984211 0.109417 -0.13913 15.5419 
-0.140403 0.00456378 0.990084 94.4786 0.109192 0.993961 0.0109028 -0.392654 -0.984055 0.10964 -0.140054 15.3016 
-0.14058 0.00351306 0.990063 96.3022 0.106862 0.994206 0.0116457 -0.387841 -0.984285 0.107438 -0.140141 15.0594 
-0.141603 0.00486889 0.989912 98.1714 0.107507 0.994149 0.0104886 -0.369373 -0.984068 0.107908 -0.141298 14.7954 
-0.143804 0.00564934 0.98959 100.066 0.106488 0.994266 0.00979839 -0.358452 -0.98386 0.106789 -0.143581 14.5326 
-0.147794 0.00642437 0.988997 101.934 0.106881 0.994226 0.00951371 -0.357305 -0.983226 0.107111 -0.147627 14.2759 
-0.152108 0.00535719 0.988349 103.821 0.10512 0.994401 0.0107881 -0.356157 -0.982758 0.105537 -0.151819 14.0085 
-0.156906 0.00456908 0.987603 105.723 0.103642 0.994544 0.0118649 -0.351997 -0.98216 0.104219 -0.156523 13.7311 
-0.161388 0.00536421 0.986876 107.616 0.102262 0.994693 0.0113166 -0.346286 -0.981578 0.102746 -0.16108 13.4497 
-0.16583 0.00714784 0.986128 109.52 0.103032 0.994627 0.0101166 -0.343768 -0.980757 0.10328 -0.165675 13.156 
-0.170241 0.00877293 0.985363 111.471 0.102469 0.994697 0.00884746 -0.343532 -0.98006 0.102475 -0.170238 12.839 
-0.175247 0.00919154 0.984481 113.385 0.101318 0.994816 0.00874743 -0.342948 -0.979297 0.101278 -0.17527 12.5294 
-0.179814 0.00874419 0.983662 115.312 0.099814 0.994962 0.00940134 -0.347153 -0.978624 0.0998737 -0.179781 12.2009 
-0.185008 0.00806644 0.982704 117.277 0.0979413 0.995139 0.0102703 -0.341036 -0.977844 0.0981473 -0.184899 11.854 
-0.190443 0.00763501 0.981668 119.246 0.0975423 0.995168 0.0111831 -0.335139 -0.97684 0.097884 -0.190268 11.4994 
-0.195667 0.00734549 0.980643 121.214 0.0975688 0.995156 0.0120136 -0.330223 -0.975805 0.0980308 -0.195436 11.1318 
-0.201007 0.00911719 0.979547 123.198 0.0981762 0.995109 0.010884 -0.320371 -0.974658 0.098356 -0.200919 10.7494 
-0.206297 0.0100851 0.978437 125.178 0.0977355 0.995159 0.0103494 -0.31494 -0.973596 0.0977632 -0.206284 10.3601 
-0.212145 0.0101768 0.977185 127.167 0.0980066 0.995126 0.0109133 -0.307666 -0.972311 0.0980858 -0.212108 9.95793 
-0.217636 0.0101163 0.975978 129.156 0.0970865 0.995211 0.0113338 -0.303752 -0.971189 0.0972209 -0.217576 9.5547 
-0.222677 0.0107922 0.974833 131.16 0.0965346 0.995268 0.0110324 -0.296899 -0.970101 0.0965618 -0.222665 9.12506 
-0.227807 0.0113423 0.97364 133.201 0.0960906 0.995313 0.010888 -0.291346 -0.968953 0.096038 -0.22783 8.68776 
-0.231993 0.0105989 0.97266 135.22 0.097243 0.995184 0.0123494 -0.283878 -0.967845 0.0974494 -0.231906 8.22995 
-0.235776 0.0106808 0.971749 137.271 0.099667 0.994933 0.0132466 -0.273246 -0.966683 0.0999745 -0.235646 7.75743 
-0.239092 0.0114332 0.970929 139.291 0.100597 0.994841 0.0130573 -0.260251 -0.965772 0.100795 -0.239009 7.28074 
-0.2421 0.0121214 0.970175 141.34 0.101404 0.994762 0.0128759 -0.252016 -0.964938 0.101497 -0.242061 6.79019 
-0.24524 0.0118103 0.96939 143.374 0.100695 0.994828 0.0133538 -0.248605 -0.964219 0.100888 -0.24516 6.29853 
-0.249264 0.0123032 0.968357 145.435 0.0995908 0.994944 0.0129944 -0.248391 -0.963301 0.0996786 -0.249229 5.79713 
-0.253881 0.0134363 0.967142 147.487 0.0981477 0.9951 0.0119397 -0.230788 -0.962243 0.0979541 -0.253956 5.3002 
-0.258463 0.0126734 0.965938 149.475 0.0969429 0.995206 0.0128822 -0.238923 -0.961144 0.0969704 -0.258453 4.81631 
-0.262932 0.0134434 0.964721 151.546 0.0977298 0.995131 0.0127687 -0.224856 -0.959852 0.0976393 -0.262966 4.29385 
-0.267375 0.0140526 0.96349 153.573 0.0974234 0.995164 0.012521 -0.221153 -0.958655 0.0972143 -0.267451 3.76184 
-0.271592 0.0142865 0.962306 155.628 0.0971966 0.995185 0.0126571 -0.216521 -0.957492 0.0969705 -0.271673 3.20617 
-0.275664 0.0135238 0.961159 157.685 0.0969976 0.995189 0.0138165 -0.212712 -0.956348 0.0970389 -0.275649 2.64708 
-0.279794 0.0134629 0.959965 159.736 0.0975476 0.995125 0.0144754 -0.21334 -0.955091 0.0976925 -0.279744 2.08931 
-0.283828 0.0142025 0.95877 161.769 0.098979 0.994983 0.0145621 -0.209757 -0.953753 0.0990312 -0.28381 1.53801 
-0.287423 0.015722 0.957675 163.832 0.0991724 0.99498 0.0134297 -0.191581 -0.952656 0.0988349 -0.287539 0.953142 
-0.290962 0.017352 0.956577 165.889 0.0992434 0.994989 0.012138 -0.186578 -0.951573 0.0984657 -0.291227 0.36418 
-0.294288 0.0184627 0.955538 167.971 0.0998582 0.994935 0.0115305 -0.181832 -0.950486 0.0988116 -0.294641 -0.242013 
-0.29776 0.0191239 0.954449 170.036 0.0994464 0.994981 0.0110883 -0.184059 -0.949447 0.0982182 -0.298167 -0.837435 
-0.300859 0.0192431 0.953474 172.142 0.0999216 0.994929 0.0114494 -0.175271 -0.94842 0.0987174 -0.301256 -1.48335 
-0.304502 0.0196194 0.95231 174.184 0.0998016 0.994942 0.0114139 -0.167223 -0.947269 0.0985176 -0.30492 -2.11549 
-0.30811 0.0203968 0.951132 176.267 0.102178 0.994696 0.0117687 -0.16725 -0.945847 0.100811 -0.30856 -2.76192 
-0.311252 0.0205989 0.950104 178.4 0.103782 0.994522 0.0124369 -0.158769 -0.944643 0.102475 -0.311685 -3.43342 
-0.313697 0.0201801 0.949309 180.513 0.104842 0.994397 0.0135062 -0.152057 -0.943717 0.103765 -0.314055 -4.1072 
-0.316301 0.0197339 0.948453 182.631 0.104514 0.994422 0.0141641 -0.14041 -0.942884 0.103607 -0.3166 -4.79679 
-0.319073 0.0201983 0.947515 184.738 0.103308 0.994557 0.0135874 -0.134447 -0.942083 0.102221 -0.319423 -5.47133 
-0.321777 0.0221214 0.946557 186.862 0.102441 0.994672 0.0115785 -0.129864 -0.941257 0.100692 -0.322329 -6.16269 
-0.324635 0.0241861 0.94553 188.997 0.102245 0.994712 0.00966033 -0.125578 -0.940297 0.0998121 -0.325391 -6.86929 
-0.327614 0.0249117 0.944483 191.105 0.101375 0.994808 0.00892474 -0.13303 -0.939357 0.0986705 -0.328438 -7.56262 
-0.330803 0.025619 0.943352 193.209 0.0997438 0.994981 0.00795575 -0.145977 -0.938414 0.0967253 -0.331698 -8.26555 
-0.334369 0.0257994 0.942089 195.316 0.100775 0.994873 0.0085224 -0.154473 -0.937039 0.0977886 -0.335255 -8.97286 
-0.338238 0.0251842 0.940723 197.375 0.100039 0.99494 0.00933345 -0.150726 -0.935728 0.0972659 -0.339046 -9.66833 
-0.341819 0.0243038 0.939451 199.53 0.0993747 0.994995 0.0104166 -0.15806 -0.934497 0.0969183 -0.342523 -10.4147 
-0.345464 0.0240216 0.938125 201.572 0.0994183 0.994983 0.0111331 -0.160867 -0.933151 0.0971129 -0.346119 -11.1531 
-0.349093 0.0240933 0.936778 203.715 0.0983352 0.995092 0.0110517 -0.163764 -0.931914 0.0959763 -0.349749 -11.9148 
-0.352428 0.0245991 0.935515 205.88 0.0974767 0.995182 0.0105534 -0.165905 -0.930748 0.0949103 -0.353128 -12.6992 
-0.355929 0.0251333 0.934175 208.03 0.0974642 0.995185 0.01036 -0.178204 -0.929416 0.094736 -0.356665 -13.4494 
-0.358715 0.0258107 0.93309 210.133 0.0981581 0.995118 0.0102091 -0.191 -0.928272 0.0952526 -0.359498 -14.2291 
-0.361188 0.0254651 0.932145 212.217 0.0996018 0.994962 0.0114125 -0.207828 -0.927158 0.0969654 -0.361905 -14.9977 
-0.363814 0.0246978 0.931144 214.401 0.100431 0.994861 0.0128522 -0.205164 -0.926042 0.0981915 -0.364425 -15.8251 
-0.366399 0.0255949 0.930106 216.587 0.101892 0.994713 0.0127657 -0.200008 -0.924862 0.0994477 -0.36707 -16.6641 
-0.369016 0.0262669 0.929052 218.706 0.101583 0.994752 0.0122239 -0.208466 -0.923855 0.0988865 -0.369748 -17.4683 
-0.37147 0.0264064 0.928069 220.908 0.100934 0.99482 0.0120941 -0.204172 -0.922942 0.0981661 -0.372211 -18.3236 
-0.37395 0.0278625 0.92703 223.123 0.100682 0.994861 0.0107124 -0.202832 -0.921968 0.0973416 -0.374833 -19.1896 
-0.376719 0.0289029 0.925877 225.205 0.10083 0.994854 0.00996916 -0.226499 -0.920824 0.0971115 -0.377694 -19.9958 
-0.379031 0.0291291 0.924925 227.316 0.0988372 0.995061 0.00916517 -0.222234 -0.920091 0.0948909 -0.380038 -20.8297 
-0.382392 0.02985 0.923518 229.404 0.0994408 0.995003 0.00901388 -0.25273 -0.918634 0.0952822 -0.383449 -21.6412 
-0.384764 0.0296021 0.92254 231.541 0.101275 0.994805 0.0103178 -0.254582 -0.917442 0.0974001 -0.385763 -22.5003 
-0.387681 0.0287063 0.921347 233.594 0.101585 0.994757 0.011751 -0.257074 -0.916179 0.0981507 -0.388564 -23.3238 
-0.390608 0.028372 0.92012 235.546 0.100589 0.994855 0.0120254 -0.267411 -0.915045 0.0972514 -0.391452 -24.1279 
-0.393257 0.0286628 0.918982 237.641 0.0992257 0.994999 0.0114275 -0.268229 -0.914059 0.0956806 -0.394134 -24.9895 
-0.396665 0.0283642 0.917525 239.768 0.0978349 0.995136 0.0115325 -0.26281 -0.912735 0.0943405 -0.39751 -25.8778 
-0.399841 0.027786 0.916163 241.92 0.0973109 0.995178 0.0122869 -0.259307 -0.911404 0.0940655 -0.400617 -26.7881 
-0.40295 0.0281224 0.91479 244.106 0.0968958 0.995221 0.012086 -0.2605 -0.910078 0.0935094 -0.403749 -27.7172 
-0.406424 0.0278946 0.913259 246.273 0.096512 0.995253 0.0125513 -0.260846 -0.908573 0.0932416 -0.407187 -28.6552 
-0.409911 0.0273371 0.911716 248.402 0.0956628 0.995327 0.0131662 -0.264556 -0.907095 0.0926142 -0.41061 -29.5823 
-0.413795 0.0274289 0.909957 250.558 0.094821 0.995408 0.0131144 -0.263069 -0.905418 0.0917097 -0.414496 -30.5205 
-0.417257 0.0284445 0.908343 252.732 0.0953758 0.995361 0.0126423 -0.251387 -0.90377 0.0919091 -0.418034 -31.4844 
-0.420623 0.0291632 0.906767 254.907 0.0958976 0.995313 0.012473 -0.251081 -0.902153 0.0922032 -0.421448 -32.4467 
-0.424199 0.0292141 0.905098 257.042 0.0955916 0.99534 0.0126747 -0.244293 -0.900509 0.0918963 -0.425015 -33.4014 
-0.427832 0.0297775 0.903368 259.173 0.0941679 0.995487 0.0117835 -0.24177 -0.89894 0.0901096 -0.428705 -34.3705 
-0.431487 0.0299804 0.901621 261.345 0.0945509 0.995446 0.0121487 -0.242014 -0.897151 0.0904911 -0.432356 -35.3705 
-0.434525 0.0307098 0.900136 263.499 0.0952272 0.995383 0.0120099 -0.23236 -0.895611 0.0909361 -0.435443 -36.3866 
-0.438728 0.0320995 0.898046 265.631 0.0965146 0.995264 0.0115764 -0.221562 -0.893422 0.0917534 -0.439749 -37.3134 
-0.441965 0.0343151 0.896376 267.763 0.0989213 0.995038 0.0106817 -0.221926 -0.891561 0.0933916 -0.443166 -38.3331 
-0.444462 0.0351894 0.895106 269.892 0.100303 0.994899 0.0106924 -0.220186 -0.890164 0.094534 -0.445725 -39.3487 
-0.447068 0.0373002 0.893722 272.039 0.101838 0.994756 0.00942554 -0.214623 -0.888684 0.0952285 -0.448523 -40.3875 
-0.4499 0.0399159 0.892187 274.107 0.103634 0.994585 0.00776183 -0.207321 -0.887046 0.0959528 -0.4516 -41.3485 
-0.452816 0.040596 0.890679 276.217 0.105105 0.994428 0.00811008 -0.230086 -0.885387 0.0972874 -0.45456 -42.3509 
-0.45581 0.041431 0.889112 278.401 0.105094 0.994434 0.00753811 -0.228784 -0.883851 0.0968759 -0.457627 -43.4385 
-0.459397 0.0414505 0.887263 280.634 0.104204 0.994528 0.00749186 -0.230609 -0.882097 0.0958981 -0.461202 -44.5433 
-0.462781 0.0428739 0.885435 282.796 0.105087 0.99444 0.00677254 -0.235607 -0.880222 0.0961818 -0.464714 -45.6351 
-0.46591 0.043442 0.883765 284.954 0.104554 0.9945 0.0062344 -0.235219 -0.878633 0.0953059 -0.467889 -46.7412 
-0.468472 0.043243 0.882419 287.11 0.102922 0.994672 0.00589672 -0.242331 -0.877463 0.0935828 -0.470426 -47.8446 
-0.470952 0.0436964 0.881076 289.282 0.104686 0.994483 0.00663602 -0.253883 -0.875925 0.0953618 -0.472928 -48.9524 
-0.4737 0.0438104 0.879596 291.423 0.106445 0.994288 0.00780196 -0.271014 -0.87423 0.097324 -0.475657 -50.0096 
-0.475931 0.0441965 0.878371 293.546 0.107776 0.99414 0.00837492 -0.278518 -0.872854 0.0986531 -0.477905 -51.1086 
-0.478401 0.043844 0.877046 295.701 0.107946 0.994114 0.00918513 -0.297753 -0.871481 0.0990682 -0.480319 -52.18 
-0.481046 0.043541 0.875613 297.948 0.108704 0.994021 0.0102909 -0.319134 -0.86993 0.100133 -0.482903 -53.3177 
-0.48364 0.0440201 0.874159 300.112 0.11063 0.993799 0.0111628 -0.3218 -0.868247 0.102107 -0.48551 -54.461 
-0.485666 0.0441468 0.873029 302.306 0.111114 0.99374 0.0115618 -0.305593 -0.867054 0.102621 -0.487531 -55.6377 
-0.487424 0.0452182 0.871993 304.586 0.110711 0.993799 0.0103501 -0.294887 -0.866118 0.101584 -0.489408 -56.856 
-0.489758 0.0478628 0.870544 306.819 0.110671 0.993828 0.00762129 -0.286077 -0.864806 0.100077 -0.492032 -58.0815 
-0.493175 0.0473788 0.868639 308.978 0.109302 0.993978 0.00784156 -0.290349 -0.863036 0.0988111 -0.495384 -59.2491 
-0.49756 0.0453534 0.866243 311.191 0.106778 0.994239 0.00927734 -0.287901 -0.860832 0.0971119 -0.499537 -60.4668 
-0.502284 0.0430542 0.86363 313.479 0.104741 0.994435 0.0113416 -0.283737 -0.858336 0.0961542 -0.503998 -61.7522 
-0.506707 0.0420979 0.86109 315.754 0.103954 0.994503 0.0125512 -0.271553 -0.855828 0.0958735 -0.508298 -63.0496 
-0.511196 0.0419749 0.858439 318.036 0.103854 0.994505 0.0132163 -0.260974 -0.853167 0.0959084 -0.512746 -64.348 
-0.515134 0.0431829 0.856021 320.337 0.106017 0.994271 0.0136415 -0.249936 -0.850528 0.0977801 -0.516761 -65.7055 
-0.518948 0.0440857 0.853668 322.586 0.107178 0.994144 0.0138137 -0.234891 -0.84806 0.0986632 -0.520634 -67.0509 
-0.522547 0.0441723 0.851466 324.845 0.108119 0.994028 0.0147847 -0.218187 -0.845728 0.0997854 -0.524202 -68.3973 
-0.52633 0.0425541 0.849215 327.098 0.107679 0.994041 0.0169265 -0.209552 -0.843435 0.100352 -0.527776 -69.7521 
-0.530352 0.0409469 0.846788 329.36 0.106153 0.994179 0.0184105 -0.194938 -0.841105 0.0996529 -0.531612 -71.1216 
-0.53408 0.0406835 0.844455 331.625 0.104785 0.994325 0.0183679 -0.169926 -0.838915 0.0982961 -0.535312 -72.5037 
-0.538222 0.0405554 0.841827 333.881 0.104929 0.994295 0.0191855 -0.153648 -0.836246 0.098658 -0.539407 -73.8907 
-0.542087 0.0401642 0.839362 336.114 0.105344 0.994225 0.0204602 -0.133984 -0.833693 0.0995132 -0.543188 -75.2924 
-0.54618 0.0394855 0.836736 338.275 0.105441 0.994184 0.0219109 -0.119385 -0.831005 0.100193 -0.547167 -76.6782 
-0.549986 0.0381613 0.834302 340.518 0.103516 0.994367 0.0227565 -0.0946626 -0.828734 0.0988793 -0.550838 -78.1016 
-0.5533 0.0372298 0.83215 342.726 0.102564 0.994444 0.0237042 -0.0636378 -0.826644 0.098464 -0.554044 -79.5341 
-0.555791 0.0366372 0.830514 344.929 0.102671 0.994405 0.0248416 -0.0304522 -0.824958 0.0990766 -0.556443 -80.9768 
-0.55853 0.0359327 0.828706 347.113 0.100378 0.994647 0.0245244 0.00459709 -0.823389 0.0968813 -0.559147 -82.4152 
-0.561244 0.0351608 0.826903 349.331 0.0971495 0.994989 0.0236302 0.0349248 -0.821929 0.0935956 -0.561847 -83.8669 
-0.564172 0.0348864 0.82492 351.509 0.0944247 0.995278 0.022487 0.0672481 -0.82024 0.0905794 -0.564802 -85.3192 
-0.566861 0.0322795 0.823181 353.719 0.0918558 0.995478 0.0242182 0.106101 -0.818676 0.0893423 -0.567263 -86.775 
-0.570514 0.0318166 0.820671 355.904 0.0925955 0.99537 0.0257809 0.146879 -0.816052 0.0906988 -0.570818 -88.2347 
-0.573289 0.0319847 0.818728 358.103 0.092205 0.995409 0.0256767 0.179338 -0.814148 0.0902111 -0.573607 -89.7314 
-0.576407 0.0309043 0.816578 360.248 0.0900513 0.995601 0.0258858 0.213755 -0.812186 0.0884547 -0.576654 -91.2101 
-0.579324 0.0274546 0.814635 362.449 0.0880514 0.995692 0.0290608 0.253507 -0.810327 0.0885653 -0.579246 -92.7215 
-0.582112 0.024934 0.812726 364.67 0.0853281 0.995884 0.0305628 0.298468 -0.808619 0.0871393 -0.581844 -94.2631 
-0.585192 0.0240415 0.810538 366.854 0.0836879 0.996013 0.0308779 0.35128 -0.806565 0.0859018 -0.584871 -95.7876 
-0.587892 0.0244233 0.808571 368.997 0.0834444 0.996043 0.0305843 0.398152 -0.804624 0.085451 -0.587604 -97.3095 
-0.590527 0.0236156 0.806672 371.198 0.0828657 0.996063 0.0315019 0.447219 -0.802752 0.0854482 -0.590159 -98.8636 
-0.593213 0.0232618 0.804709 373.399 0.0825624 0.99607 0.0320695 0.502902 -0.800801 0.0854628 -0.592802 -100.427 
-0.595782 0.0218787 0.802848 375.594 0.0794679 0.996329 0.0318206 0.553062 -0.799205 0.0827588 -0.595334 -101.999 
-0.598081 0.0182797 0.801227 377.704 0.0692388 0.99718 0.0289334 0.590232 -0.798439 0.0727805 -0.597661 -103.567 
-0.601261 0.0215412 0.798762 379.886 0.0619306 0.997886 0.0197065 0.629838 -0.796649 0.0613166 -0.601324 -105.159 
-0.60351 0.0315998 0.796729 382.024 0.0722119 0.997274 0.0151456 0.65347 -0.794079 0.0666739 -0.604147 -106.747 
-0.60428 0.0329846 0.796089 384.17 0.0799749 0.996608 0.019413 0.688871 -0.792748 0.0753981 -0.604868 -108.338 
-0.606214 0.0234868 0.794955 386.337 0.0787957 0.996419 0.0306486 0.735612 -0.791389 0.0812186 -0.605894 -109.964 
-0.609138 0.0134778 0.792949 388.595 0.0732931 0.996533 0.039365 0.828529 -0.78967 0.0820965 -0.608014 -111.613 
-0.612395 0.00796873 0.790511 390.708 0.0674562 0.996829 0.0422085 0.913283 -0.787668 0.0791732 -0.610991 -113.183 
-0.615255 0.00718919 0.788295 392.855 0.0661857 0.996899 0.0425655 0.988874 -0.785545 0.0783625 -0.613823 -114.788 
-0.617734 0.0121307 0.786293 394.945 0.0714422 0.996612 0.0407514 1.04523 -0.783135 0.0813481 -0.616508 -116.372 
-0.619867 0.0186804 0.784485 397.056 0.0761252 0.996433 0.0364235 1.0886 -0.781006 0.0822968 -0.619077 -117.982 
-0.622364 0.0214717 0.782433 399.2 0.0768653 0.996468 0.0337949 1.16172 -0.778945 0.0811747 -0.621817 -119.64 
-0.625433 0.0218487 0.779972 401.299 0.0772993 0.996425 0.0340716 1.20932 -0.776439 0.0816008 -0.624887 -121.268 
-0.628258 0.0208692 0.777725 403.411 0.0775475 0.996342 0.0359085 1.26386 -0.774131 0.0828704 -0.627578 -122.917 
-0.629621 0.0204451 0.776633 405.711 0.078511 0.99621 0.0374238 1.35431 -0.772925 0.0845371 -0.62884 -124.816 
-0.631312 0.020986 0.775244 407.861 0.0792146 0.99615 0.0375415 1.43502 -0.771472 0.0851111 -0.630545 -126.521 
-0.632761 0.0211554 0.774058 410.167 0.0794316 0.996127 0.0377074 1.49566 -0.770262 0.0853445 -0.631991 -128.356 
-0.634546 0.0215484 0.772585 412.299 0.0795917 0.996119 0.0375878 1.57306 -0.768776 0.0853425 -0.633798 -130.049 
-0.63638 0.0207998 0.771095 414.227 0.0808639 0.995927 0.039872 1.61966 -0.767125 0.0877275 -0.635471 -131.575 
-0.637052 0.0199385 0.770563 416.3 0.0830312 0.995624 0.0428828 1.66446 -0.766336 0.0912993 -0.63592 -133.253 
-0.637993 0.0195563 0.769794 418.454 0.0843405 0.995438 0.0446112 1.76411 -0.76541 0.0933865 -0.636731 -135.01 
-0.638815 0.0189307 0.769127 420.617 0.0857037 0.995226 0.0466872 1.85628 -0.764572 0.0957415 -0.637388 -136.803 
-0.640078 0.0189083 0.768077 422.4 0.0817269 0.995701 0.0435953 1.88444 -0.763951 0.090677 -0.638871 -138.257 
-0.641192 0.0179571 0.767171 424.312 0.0783714 0.996031 0.0421878 1.95407 -0.763368 0.0871747 -0.640054 -139.831 
-0.642356 0.0168869 0.76622 426.432 0.0775582 0.996057 0.043068 2.01945 -0.762472 0.0870917 -0.641133 -141.537 
-0.643248 0.015242 0.765506 428.516 0.0747822 0.996272 0.043002 2.10455 -0.761997 0.0849071 -0.64199 -143.232 
-0.644085 0.0145046 0.764816 430.576 0.0723398 0.996494 0.0420221 2.18075 -0.761526 0.0823925 -0.642876 -144.924 
-0.645049 0.0139929 0.764013 432.634 0.0713225 0.99657 0.0419646 2.2609 -0.760806 0.0815606 -0.643834 -146.606 
-0.645319 0.0127818 0.763807 434.694 0.0721176 0.996414 0.0442558 2.34076 -0.760502 0.083643 -0.643926 -148.301 
-0.645273 0.0108466 0.763875 436.764 0.0736104 0.996129 0.0480367 2.42852 -0.760398 0.087226 -0.643574 -150.003 
-0.643415 0.00970394 0.765456 438.851 0.0784195 0.995495 0.0532964 2.53493 -0.76149 0.0943184 -0.641278 -151.738 
-0.641749 0.00886853 0.766864 440.886 0.0824323 0.994938 0.0574772 2.64855 -0.762472 0.1001 -0.639231 -153.43 
-0.640101 0.00664055 0.768262 442.94 0.0766665 0.995524 0.0552721 2.76453 -0.764456 0.0942797 -0.637745 -155.092 
-0.638962 0.00615788 0.769214 445.011 0.0693737 0.996354 0.0496502 2.87347 -0.766104 0.0850878 -0.637059 -156.764 
-0.637169 0.00400064 0.770714 447.089 0.064467 0.996759 0.0481225 2.96692 -0.768023 0.0803478 -0.635362 -158.426 
-0.634321 0.00373992 0.773061 449.136 0.0626671 0.996946 0.0465972 3.05945 -0.770526 0.0780031 -0.632618 -160.068 
-0.631266 0.00408993 0.775555 451.212 0.0643695 0.996812 0.0471371 3.14662 -0.77289 0.0796782 -0.629517 -161.73 
-0.627882 0.00401946 0.778298 453.301 0.0648908 0.996775 0.047202 3.24444 -0.775598 0.0801417 -0.626118 -163.408 
-0.625723 0.00462105 0.780031 455.395 0.0619305 0.99712 0.043772 3.3269 -0.777583 0.0756969 -0.624208 -165.03 
-0.624461 0.000239401 0.781055 457.499 0.0554075 0.997494 0.043993 3.4065 -0.779088 0.0707483 -0.62291 -166.657 
-0.623167 -0.00577135 0.782068 459.626 0.046585 0.997923 0.0444841 3.49507 -0.7807 0.0641536 -0.621604 -168.314 
-0.622823 -0.00895443 0.782312 461.748 0.0397555 0.99828 0.043077 3.5764 -0.781352 0.0579305 -0.621396 -169.942 
-0.62165 -0.00944061 0.783238 463.86 0.0380741 0.998381 0.0422529 3.65714 -0.782369 0.0560877 -0.620285 -171.579 
-0.620395 -0.00963311 0.78423 465.951 0.0397845 0.998251 0.0437351 3.73014 -0.783279 0.0583333 -0.618927 -173.181 
-0.619289 -0.0111373 0.785084 468.088 0.0411976 0.998061 0.046656 3.80941 -0.784082 0.0612371 -0.617629 -174.814 
-0.617292 -0.0134417 0.786619 470.146 0.039706 0.998047 0.0482134 3.89545 -0.785732 0.0609953 -0.615553 -176.4 
-0.616507 -0.0137283 0.787229 472.25 0.0372862 0.998217 0.0466078 3.98745 -0.786466 0.0580869 -0.614896 -177.992 
-0.615393 -0.0125677 0.78812 474.349 0.0362654 0.998362 0.0442377 4.07503 -0.787385 0.0558051 -0.61393 -179.567 
-0.614117 -0.0112149 0.789135 476.435 0.0371253 0.998382 0.04308 4.15418 -0.788341 0.055753 -0.612707 -181.148 
-0.61269 -0.0106614 0.790251 478.544 0.0394339 0.998251 0.044041 4.23017 -0.789339 0.0581462 -0.611198 -182.711 
-0.610489 -0.0105468 0.791954 480.669 0.0414574 0.998115 0.0452503 4.32042 -0.790939 0.0604572 -0.608901 -184.343 
-0.609534 -0.0105951 0.792689 482.788 0.0418556 0.998086 0.0455251 4.40582 -0.791654 0.0609276 -0.607923 -185.927 
-0.607764 -0.0115904 0.794033 484.913 0.041248 0.998083 0.0461406 4.48984 -0.793046 0.0607949 -0.606121 -187.535 
-0.607003 -0.0122627 0.794605 486.992 0.0410932 0.998059 0.0467938 4.58554 -0.793636 0.0610568 -0.605321 -189.069 
-0.605349 -0.0130899 0.795853 489.123 0.0409316 0.99803 0.047549 4.68025 -0.794907 0.0613592 -0.60362 -190.674 
-0.604908 -0.0126455 0.796195 491.207 0.0397838 0.998145 0.0460786 4.75683 -0.795301 0.059549 -0.603283 -192.179 
-0.603991 -0.0109714 0.796916 493.383 0.0406202 0.998182 0.0445288 4.85096 -0.795956 0.0592658 -0.602447 -193.81 
-0.603325 -0.0112906 0.797415 495.517 0.0413033 0.998115 0.0453823 4.93251 -0.796425 0.0603162 -0.601722 -195.367 
-0.603205 -0.0128114 0.797483 497.597 0.0401534 0.998115 0.0464059 5.01307 -0.796575 0.060014 -0.601553 -196.835 
-0.603338 -0.0141689 0.797359 499.759 0.0387793 0.998138 0.0470798 5.10385 -0.796542 0.0593261 -0.601665 -198.417 
-0.603398 -0.0144811 0.797308 501.774 0.038402 0.998147 0.0471912 5.20059 -0.796515 0.0590934 -0.601724 -199.923 
-0.60319 -0.013581 0.797482 503.879 0.0393508 0.998131 0.0467617 5.28745 -0.796626 0.0595878 -0.601528 -201.485 
-0.602976 -0.0130212 0.797653 505.981 0.0399773 0.998117 0.0465139 5.3737 -0.796757 0.0599348 -0.60132 -203.036 
-0.602323 -0.0145645 0.798119 507.632 0.0396686 0.998052 0.04815 5.43592 -0.797266 0.0606622 -0.600572 -204.438 
-0.602104 -0.0164698 0.798248 509.738 0.0385415 0.998022 0.0496627 5.53441 -0.797487 0.0606678 -0.600278 -205.995 
-0.601217 -0.0168095 0.798909 511.711 0.0381066 0.998038 0.0496763 5.61443 -0.798176 0.0603099 -0.599397 -207.517 
-0.601087 -0.0172924 0.798996 513.797 0.0367711 0.998109 0.0492646 5.70736 -0.798337 0.0589923 -0.599314 -209.07 
-0.600753 -0.0164553 0.799265 515.826 0.0373592 0.998118 0.0486295 5.79078 -0.798561 0.0590743 -0.599007 -210.577 
-0.600443 -0.0160492 0.799506 517.938 0.0380667 0.998091 0.0486242 5.87476 -0.798761 0.0596307 -0.598686 -212.115 
-0.599466 -0.0166164 0.800227 520.015 0.0377281 0.998086 0.0489877 5.97367 -0.79951 0.0595575 -0.597692 -213.655 
-0.598467 -0.016284 0.800982 522.051 0.0373617 0.998138 0.0482076 6.06314 -0.800276 0.0587767 -0.596744 -215.208 
-0.597892 -0.0160223 0.801416 523.946 0.0370124 0.998182 0.0475689 6.14695 -0.800722 0.0581034 -0.596212 -216.658 
-0.598089 -0.0167197 0.801255 526.08 0.0369236 0.998146 0.0483894 6.24097 -0.800579 0.0585264 -0.596363 -218.18 
-0.598158 -0.0180485 0.801175 528.232 0.0364016 0.998102 0.0496621 6.33539 -0.800551 0.0588698 -0.596366 -219.717 
-0.597554 -0.0193821 0.801594 530.358 0.0364693 0.998016 0.0513177 6.42989 -0.800999 0.0598987 -0.595662 -221.267 
-0.597563 -0.0186311 0.801605 532.517 0.0367013 0.998047 0.050556 6.52698 -0.800981 0.0596304 -0.595712 -222.812 
-0.596511 -0.0172438 0.802419 534.396 0.0382538 0.998022 0.0498847 6.61673 -0.801693 0.0604524 -0.594672 -224.294 
-0.594025 -0.0146675 0.804313 535.805 0.0415683 0.997938 0.0488987 6.69121 -0.803372 0.062481 -0.59219 -225.671 
-0.591524 -0.0120975 0.806197 537.218 0.0448795 0.997843 0.0479022 6.76466 -0.805037 0.064517 -0.589705 -227.044 
-0.591083 -0.012562 0.806513 539.15 0.0441525 0.997876 0.0479013 6.84773 -0.805402 0.0639232 -0.589272 -228.504 
-0.590948 -0.011993 0.80662 541.32 0.0442188 0.997905 0.0472327 6.93649 -0.805497 0.0635799 -0.58918 -230.06 
-0.591311 -0.0135562 0.806329 543.447 0.0435804 0.99786 0.0487353 7.01953 -0.805265 0.0639579 -0.589455 -231.562 
-0.591249 -0.0151971 0.806346 545.626 0.0429821 0.997808 0.0503219 7.12167 -0.805343 0.0644112 -0.589299 -233.126 
-0.591298 -0.0163432 0.806287 547.688 0.0419176 0.99782 0.0509661 7.22089 -0.805363 0.0639339 -0.589324 -234.604 
-0.591939 -0.0148722 0.805846 549.858 0.0414876 0.997942 0.0488924 7.31703 -0.804915 0.0623739 -0.590103 -236.152 
-0.592273 -0.0127573 0.805636 551.929 0.0413638 0.998075 0.0462136 7.40346 -0.804675 0.0606953 -0.590605 -237.615 
-0.591849 -0.0122236 0.805956 553.96 0.0418688 0.998069 0.0458834 7.48609 -0.804961 0.0609005 -0.590194 -239.104 
-0.591312 -0.0141101 0.80632 556.046 0.0425335 0.99791 0.0486546 7.57084 -0.805321 0.0630657 -0.589475 -240.641 
-0.591428 -0.0154467 0.80621 558.218 0.043167 0.997776 0.0507838 7.66026 -0.805202 0.0648366 -0.589446 -242.188 
-0.59115 -0.0145561 0.80643 560.377 0.0437522 0.997786 0.0500824 7.7647 -0.805374 0.0648893 -0.589204 -243.745 
-0.591065 -0.0139606 0.806503 562.555 0.044067 0.997798 0.0495675 7.86208 -0.805419 0.0648378 -0.589149 -245.281 
-0.590869 -0.012952 0.806663 564.647 0.0449301 0.997791 0.0489314 7.95349 -0.805515 0.0651555 -0.588982 -246.756 
-0.590201 -0.0126951 0.807157 566.808 0.046547 0.997678 0.0497272 8.05234 -0.805913 0.0669198 -0.588239 -248.32 
-0.589981 -0.0136556 0.807302 568.987 0.0471068 0.997572 0.0512999 8.14511 -0.806042 0.0682953 -0.587905 -249.849 
-0.589326 -0.0146447 0.807763 571.215 0.0464523 0.997567 0.0519764 8.25756 -0.806559 0.0681534 -0.587212 -251.458 
-0.589431 -0.0142552 0.807693 573.391 0.0469474 0.99755 0.0518668 8.36002 -0.806454 0.068491 -0.587317 -252.995 
-0.589251 -0.0136906 0.807834 575.547 0.0482597 0.997475 0.0521061 8.46013 -0.806507 0.0696894 -0.587103 -254.521 
-0.58911 -0.014531 0.807922 577.853 0.048476 0.997402 0.053286 8.58693 -0.806598 0.0705562 -0.586875 -256.101 
-0.588999 -0.0156363 0.807982 580.081 0.0469422 0.997463 0.0535228 8.70769 -0.806769 0.0694534 -0.586771 -257.656 
-0.588984 -0.0169877 0.807966 582.319 0.0452999 0.997513 0.0539952 8.81876 -0.806874 0.0684031 -0.58675 -259.211 
-0.588794 -0.0160361 0.808124 584.528 0.0456235 0.99755 0.053036 8.92894 -0.806994 0.0680968 -0.58662 -260.753 
-0.588662 -0.0145708 0.808248 586.666 0.0472554 0.997507 0.0523997 9.03471 -0.806997 0.0690398 -0.586507 -262.262 
-0.587684 -0.0136318 0.808975 588.796 0.0482736 0.997486 0.0518769 9.13491 -0.807649 0.0695394 -0.585549 -263.775 
-0.586834 -0.0143819 0.809579 590.869 0.048527 0.99742 0.0528942 9.21893 -0.808252 0.0703266 -0.584622 -265.218 
-0.586624 -0.015381 0.809714 592.974 0.0487647 0.997335 0.054274 9.32113 -0.80839 0.0713239 -0.58431 -266.662 
-0.586284 -0.0140597 0.809984 595.115 0.0492508 0.997381 0.0529613 9.42652 -0.808607 0.0709427 -0.584056 -268.16 
-0.585624 -0.0144881 0.810453 597.338 0.0485166 0.997421 0.0528879 9.53454 -0.809129 0.0702929 -0.583411 -269.733 
-0.585113 -0.0146772 0.810819 599.6 0.04787 0.997468 0.0526003 9.65122 -0.809538 0.069591 -0.582928 -271.281 
-0.584287 -0.0153384 0.811402 601.731 0.0474042 0.997469 0.0529912 9.75233 -0.810161 0.0694259 -0.582081 -272.752 
-0.584139 -0.015816 0.811499 603.642 0.046917 0.99748 0.0532128 9.83174 -0.810296 0.0691569 -0.581925 -273.966 
-0.583797 -0.0171087 0.811719 605.814 0.0453022 0.997534 0.0536069 9.93656 -0.810635 0.0680682 -0.581583 -275.478 
-0.58285 -0.0175069 0.812391 607.979 0.0442823 0.997598 0.0532684 10.0457 -0.811372 0.067022 -0.580675 -276.996 
-0.581515 -0.0179241 0.813338 610.134 0.043409 0.997649 0.0530221 10.1612 -0.812377 0.0661394 -0.57937 -278.519 
-0.581711 -0.0176026 0.813205 612.305 0.0447848 0.997556 0.053629 10.2654 -0.812162 0.0676158 -0.579501 -280.019 
-0.581316 -0.0187899 0.813461 614.448 0.0451036 0.997452 0.0552716 10.3779 -0.812427 0.0688203 -0.578987 -281.528 
-0.581681 -0.0199576 0.813172 616.425 0.0441799 0.997448 0.0560832 10.4521 -0.812216 0.0685485 -0.579315 -282.802 
-0.581653 -0.0192342 0.81321 618.591 0.04341 0.997562 0.0546437 10.5631 -0.812278 0.0670851 -0.579399 -284.307 
-0.581859 -0.019407 0.813058 620.739 0.0409284 0.99775 0.0531055 10.6605 -0.812259 0.0641771 -0.579755 -285.786 
-0.581888 -0.0178045 0.813074 622.944 0.0415022 0.997808 0.0515512 10.7876 -0.81221 0.0637414 -0.579873 -287.344 
-0.582291 -0.0177873 0.812786 625.075 0.0415914 0.9978 0.0516328 10.8942 -0.811916 0.0638703 -0.58027 -288.815 
-0.581812 -0.0185221 0.813113 627.248 0.0420661 0.997717 0.052827 10.9995 -0.812235 0.0649398 -0.579704 -290.349 
-0.581578 -0.0193481 0.813261 629.423 0.0423949 0.997638 0.0540519 11.1077 -0.812385 0.0659135 -0.579384 -291.873 
-0.581037 -0.019632 0.81364 631.594 0.0427417 0.997593 0.0545932 11.2202 -0.812754 0.0664971 -0.5788 -293.383 
-0.581302 -0.0189995 0.813466 634.06 0.0426984 0.997638 0.0538133 11.3641 -0.812567 0.0660155 -0.579117 -295.038 
-0.581104 -0.0183429 0.813623 636.255 0.0428226 0.997672 0.0530768 11.4691 -0.812702 0.0656846 -0.578965 -296.558 
-0.581573 -0.0183435 0.813287 638.159 0.0428575 0.997666 0.0531491 11.6042 -0.812364 0.0657656 -0.57943 -297.678 
-0.581315 -0.0187568 0.813462 640.347 0.0427372 0.99765 0.0535446 11.7178 -0.812555 0.0658914 -0.579147 -299.18 
-0.580971 -0.0191081 0.8137 642.493 0.0422321 0.99767 0.0535814 11.8302 -0.812828 0.0654936 -0.578811 -300.672 
-0.580165 -0.0194283 0.814267 644.625 0.0418893 0.997681 0.0536507 11.929 -0.813421 0.0652353 -0.578006 -302.157 
-0.58028 -0.0182944 0.814212 646.781 0.0421161 0.997736 0.0524336 12.0265 -0.813327 0.0647177 -0.578195 -303.639 
-0.579644 -0.0186809 0.814655 648.962 0.0418935 0.997732 0.0526871 12.1381 -0.813792 0.0646686 -0.577547 -305.145 
-0.578304 -0.0190396 0.815599 651.139 0.0426124 0.997658 0.0535041 12.246 -0.814708 0.0656963 -0.576138 -306.67 
-0.577773 -0.0190014 0.815976 653.335 0.0429963 0.997632 0.0536762 12.351 -0.815064 0.0660966 -0.575588 -308.182 
-0.577585 -0.0184288 0.816123 655.421 0.0426564 0.997698 0.0527176 12.452 -0.815216 0.0652617 -0.575469 -309.613 
-0.57756 -0.0181344 0.816147 657.497 0.0430047 0.997689 0.0526012 12.526 -0.815215 0.0654785 -0.575446 -311.022 
-0.57678 -0.018177 0.816697 659.548 0.0437823 0.997628 0.0531245 12.616 -0.815725 0.066398 -0.574616 -312.461 
