1 -4.23778e-08 4.22719e-08 0 -4.23778e-08 1 -4.19404e-08 0 4.22719e-08 -4.19404e-08 1 0 
0.999995 -0.00281651 -0.00158285 -0.0149888 0.00282131 0.999991 0.00309231 -0.0231028 0.00157421 -0.00309685 0.999994 1.53338 
0.99999 -0.00337738 -0.00303547 -0.0410091 0.00338933 0.999986 0.00396746 -0.0406705 0.00302211 -0.00397779 0.999987 3.05464 
0.999987 -0.0023831 -0.0045857 -0.0682631 0.00239992 0.99999 0.00368535 -0.0560657 0.00457696 -0.00369639 0.999983 4.56153 
0.999979 -0.00195602 -0.00618242 -0.105718 0.00197757 0.999992 0.00349512 -0.0710102 0.00617562 -0.00350735 0.999975 6.08917 
0.99997 -0.00206831 -0.00745348 -0.143035 0.00209577 0.999991 0.00368858 -0.0831414 0.00744587 -0.00370417 0.999965 7.59029 
0.999952 -0.00254604 -0.00943076 -0.166072 0.00258256 0.999989 0.00387076 -0.0965347 0.00942089 -0.00389502 0.999948 9.11421 
0.999924 -0.00447224 -0.0114465 -0.194061 0.00450922 0.999985 0.00321402 -0.11585 0.0114321 -0.00326548 0.999929 10.621 
0.999899 -0.00572455 -0.0129799 -0.236115 0.0057712 0.999977 0.00356649 -0.133486 0.0129593 -0.00364113 0.999909 12.1352 
0.999881 -0.00541319 -0.0144079 -0.277318 0.00546375 0.999979 0.00347764 -0.147441 0.0143889 -0.00355603 0.99989 13.6396 
0.999863 -0.00504901 -0.0157518 -0.312232 0.00510337 0.999981 0.00341802 -0.162999 0.0157343 -0.00349803 0.99987 15.1166 
0.999855 -0.00376954 -0.0165948 -0.355348 0.00383364 0.999985 0.00383804 -0.176681 0.0165801 -0.00390118 0.999855 16.6122 
0.999848 -0.00207531 -0.0172832 -0.403105 0.0021534 0.999987 0.00450571 -0.191187 0.0172737 -0.00454233 0.99984 18.0991 
0.999837 -0.00134809 -0.0180072 -0.451087 0.00144374 0.999985 0.00530459 -0.206501 0.0179998 -0.0053298 0.999824 19.6008 
0.999823 -0.00178502 -0.0187055 -0.496111 0.00188382 0.999984 0.0052698 -0.223251 0.0186958 -0.00530419 0.999811 21.0569 
0.99981 -0.00116205 -0.0194454 -0.54209 0.00126933 0.999984 0.00551019 -0.238756 0.0194388 -0.00553391 0.999796 22.539 
0.999807 -0.000704226 -0.0196439 -0.590157 0.000821438 0.999982 0.0059637 -0.249814 0.0196394 -0.00597877 0.999789 24.0118 
0.999805 -1.69755e-05 -0.0197246 -0.637301 0.000158722 0.999974 0.00718898 -0.264416 0.019724 -0.0071908 0.99978 25.4641 
0.999802 0.00016985 -0.0198752 -0.683288 -5.39037e-05 0.999983 0.00583833 -0.274081 0.0198759 -0.00583619 0.999785 26.9423 
0.999799 0.000428732 -0.0200307 -0.732826 -0.000352235 0.999993 0.00382654 -0.289121 0.0200323 -0.0038188 0.999792 28.3687 
0.999806 -0.00129401 -0.0196733 -0.781941 0.00136396 0.999993 0.00354696 -0.301462 0.0196686 -0.00357319 0.9998 29.8 
0.999799 -0.00226724 -0.0198911 -0.820529 0.00239059 0.999978 0.00618406 -0.313312 0.0198767 -0.00623046 0.999783 31.2387 
0.999789 -0.0037631 -0.0201728 -0.855154 0.00391279 0.999965 0.00739046 -0.324536 0.0201444 -0.00746792 0.999769 32.6905 
0.999789 -0.0043939 -0.0200764 -0.899825 0.00453055 0.999967 0.00677011 -0.335922 0.0200461 -0.00685972 0.999775 34.1001 
0.999794 -0.00418535 -0.0198587 -0.944866 0.00428402 0.999979 0.00493276 -0.35031 0.0198377 -0.0050169 0.999791 35.487 
0.999805 -0.00309446 -0.019504 -0.990143 0.00317148 0.999987 0.00392316 -0.361402 0.0194917 -0.00398433 0.999802 36.8723 
0.999822 -0.00230868 -0.0187186 -1.03562 0.00236606 0.999992 0.00304869 -0.379444 0.0187115 -0.00309252 0.99982 38.231 
0.999847 -0.00163054 -0.0174235 -1.08208 0.0017023 0.99999 0.00410883 -0.397608 0.0174167 -0.00413795 0.99984 39.591 
0.99987 -0.00103704 -0.0160748 -1.12193 0.00113458 0.999981 0.00606534 -0.411891 0.0160683 -0.00608288 0.999852 40.9257 
0.99989 -0.0016408 -0.0147218 -1.15249 0.00174361 0.999974 0.00697889 -0.426229 0.01471 -0.00700387 0.999867 42.2539 
0.999919 -0.00112445 -0.0126322 -1.18392 0.00121941 0.999971 0.00751909 -0.437957 0.0126234 -0.00753397 0.999892 43.5537 
0.999954 -0.00156737 -0.00944902 -1.21005 0.00163287 0.999975 0.00693641 -0.453911 0.00943799 -0.00695161 0.999931 44.8302 
0.99998 -0.00221843 -0.00596802 -1.23116 0.00224902 0.999984 0.00513702 -0.465781 0.00595661 -0.00515043 0.999969 46.094 
0.999993 -0.00254286 -0.00269587 -1.25186 0.00255203 0.999991 0.00343633 -0.483156 0.00268719 -0.00344327 0.99999 47.3294 
0.999996 -0.00232275 0.00140165 -1.26682 0.00231689 0.999989 0.00410237 -0.499459 -0.00141108 -0.00409919 0.999991 48.5601 
0.999975 -0.001957 0.00679597 -1.27821 0.00193006 0.99999 0.00395578 -0.515559 -0.00680356 -0.00394265 0.999969 49.7645 
0.999915 6.78581e-05 0.0129977 -1.27693 -0.000105761 0.999996 0.00290894 -0.526161 -0.0129974 -0.00291015 0.999911 50.9962 
0.999793 0.00132138 0.0202868 -1.27113 -0.00138376 0.999994 0.00305701 -0.548943 -0.0202825 -0.00308453 0.999789 52.1985 
0.999589 0.00242005 0.0285746 -1.25549 -0.00253345 0.999989 0.00392993 -0.562277 -0.0285647 -0.00400079 0.999584 53.3877 
0.999237 0.00468151 0.038769 -1.22528 -0.00486457 0.999977 0.00462648 -0.576819 -0.0387464 -0.00481163 0.999237 54.5916 
0.998639 0.00719445 0.0516531 -1.1827 -0.00743552 0.999962 0.00447481 -0.589562 -0.0516188 -0.00485287 0.998655 55.7604 
0.997742 0.00925074 0.066521 -1.12976 -0.00960834 0.999941 0.00505648 -0.603472 -0.0664702 -0.0056843 0.997772 56.9166 
0.996522 0.0114329 0.0825432 -1.05318 -0.0119958 0.999908 0.00632601 -0.616209 -0.0824632 -0.00729425 0.996567 58.055 
0.994904 0.011489 0.100172 -0.957273 -0.0122579 0.9999 0.00706253 -0.628039 -0.100081 -0.00825451 0.994945 59.1735 
0.99283 0.0108295 0.119045 -0.839079 -0.0116515 0.999913 0.00621074 -0.639303 -0.118967 -0.00755335 0.992869 60.2753 
0.990218 0.00993834 0.139177 -0.701897 -0.0107729 0.999928 0.00524337 -0.649955 -0.139115 -0.00669149 0.990254 61.3639 
0.987071 0.00698053 0.160133 -0.541542 -0.00789614 0.999956 0.00508164 -0.660001 -0.160091 -0.00628045 0.987082 62.4316 
0.983379 0.00187262 0.181553 -0.355155 -0.00324372 0.999968 0.0072549 -0.671264 -0.181534 -0.0077233 0.983354 63.4868 
0.978836 -0.0036169 0.204616 -0.141768 0.00184191 0.999959 0.00886408 -0.683534 -0.204639 -0.00829967 0.978802 64.5361 
0.973558 -0.00887861 0.228268 0.0932465 0.00712554 0.999938 0.00850247 -0.694826 -0.228329 -0.00665119 0.973561 65.5545 
0.967288 -0.0150362 0.253234 0.35259 0.0137378 0.999882 0.00689443 -0.704102 -0.253308 -0.00319011 0.96738 66.5533 
0.959988 -0.0186841 0.279416 0.63323 0.0172646 0.999822 0.00754021 -0.711652 -0.279507 -0.00241457 0.96014 67.5297 
0.951595 -0.0211801 0.306625 0.933909 0.0190268 0.999769 0.0100099 -0.719929 -0.306766 -0.00369136 0.951778 68.4908 
0.94213 -0.0256389 0.334264 1.26616 0.022598 0.99966 0.0129834 -0.725178 -0.334484 -0.00467846 0.94239 69.4412 
0.931401 -0.0287354 0.362858 1.62172 0.0258523 0.999584 0.0127998 -0.731621 -0.363075 -0.00254109 0.931757 70.3666 
0.919538 -0.027992 0.392002 1.99564 0.0266228 0.999606 0.00892901 -0.736566 -0.392097 0.00222556 0.919921 71.2665 
0.906676 -0.0290194 0.420828 2.39826 0.0303634 0.999533 0.00350747 -0.740201 -0.420733 0.00959757 0.907133 72.142 
0.892718 -0.0309701 0.44955 2.82608 0.0340499 0.999419 0.00123478 -0.748111 -0.449327 0.0142048 0.893254 72.9944 
0.87727 -0.0314314 0.478966 3.27879 0.0333108 0.999434 0.00457439 -0.756124 -0.478839 0.0119417 0.877821 73.8393 
0.859806 -0.030251 0.509724 3.7551 0.0290899 0.999524 0.0102502 -0.764696 -0.509791 0.0060146 0.860277 74.6689 
0.840426 -0.0303178 0.541077 4.2581 0.0269751 0.999536 0.014107 -0.773568 -0.541254 0.00273963 0.840855 75.4695 
0.819523 -0.0241101 0.572539 4.78291 0.0229904 0.999693 0.00918963 -0.77691 -0.572584 0.00563172 0.819826 76.245 
0.797741 -0.0171217 0.602757 5.33345 0.0199139 0.9998 0.002044 -0.778697 -0.602671 0.0103726 0.797922 76.9947 
0.775496 -0.0148181 0.631178 5.90846 0.01896 0.99982 0.000177313 -0.785494 -0.631067 0.0118296 0.775638 77.7136 
0.752335 -0.0172215 0.658556 6.51657 0.0199063 0.999796 0.00340392 -0.795484 -0.65848 0.0105485 0.752524 78.4162 
0.727995 -0.0174337 0.685361 7.1404 0.0200522 0.99979 0.00413219 -0.808341 -0.685289 0.0107347 0.728192 79.0893 
0.703034 -0.0155869 0.710986 7.78124 0.0207543 0.999784 0.00139589 -0.818285 -0.710853 0.0137746 0.703205 79.7275 
0.676978 -0.0130681 0.735887 8.43643 0.0207057 0.999785 -0.00129385 -0.824175 -0.735712 0.0161129 0.677103 80.3391 
0.650209 -0.0106291 0.759681 9.11724 0.0188807 0.999819 -0.00217118 -0.834837 -0.75952 0.015755 0.650293 80.9357 
0.622558 -0.00925427 0.782519 9.82055 0.018948 0.999815 -0.00325079 -0.848871 -0.782344 0.016851 0.622619 81.5009 
0.594021 -0.00276297 0.804445 10.5391 0.0173776 0.999805 -0.00939823 -0.866801 -0.804262 0.0195621 0.593953 82.0418 
0.564171 0.00648493 0.825632 11.2799 0.0163081 0.999686 -0.0189958 -0.884001 -0.825497 0.0241813 0.563889 82.5606 
0.533471 0.0147304 0.84569 12.0435 0.0151959 0.99952 -0.0269957 -0.908789 -0.845682 0.0272524 0.532991 83.0526 
0.501755 0.0197266 0.864785 12.8342 0.0127491 0.999463 -0.030196 -0.934976 -0.864916 0.0261762 0.501234 83.5261 
0.469432 0.0194544 0.882754 13.6503 0.0106463 0.99956 -0.0276902 -0.966192 -0.882904 0.0223967 0.469018 83.9733 
0.436131 0.0183616 0.899696 14.481 0.0058173 0.999713 -0.0232229 -0.998418 -0.899864 0.015362 0.4359 84.396 
0.401894 0.0197501 0.915473 15.3311 0.00162046 0.99975 -0.0222798 -1.02867 -0.915685 0.0104376 0.401762 84.7856 
0.366848 0.022858 0.93 16.1953 -0.00543406 0.999734 -0.0224285 -1.05751 -0.930265 0.00317414 0.366874 85.1461 
0.331255 0.02478 0.943216 17.0784 -0.0103428 0.99969 -0.0226315 -1.08616 -0.943484 -0.00225873 0.331409 85.4756 
0.295217 0.0242887 0.955121 17.9804 -0.0130028 0.999686 -0.0214031 -1.11315 -0.955342 -0.00610072 0.29544 85.7718 
0.259141 0.02372 0.965548 18.8966 -0.0137129 0.999688 -0.0208784 -1.1438 -0.965742 -0.00782999 0.259386 86.0291 
0.223202 0.0232003 0.974496 19.827 -0.0131985 0.999697 -0.0207773 -1.17295 -0.974683 -0.00822434 0.223441 86.2524 
0.188069 0.0220219 0.981909 20.771 -0.010758 0.999735 -0.0203612 -1.19645 -0.982097 -0.00673405 0.188256 86.4368 
0.153692 0.0209459 0.987897 21.7232 -0.00272344 0.99978 -0.0207743 -1.22615 -0.988115 0.000502344 0.153715 86.5838 
0.120111 0.0244077 0.99246 22.6858 -0.000505438 0.999699 -0.0245246 -1.25704 -0.99276 0.00244403 0.120087 86.7017 
0.0872919 0.0293199 0.995751 23.6488 0.000342931 0.999566 -0.0294624 -1.29038 -0.996183 0.0029133 0.087244 86.7956 
0.0582285 0.0330371 0.997756 24.6109 0.00708063 0.999413 -0.0335052 -1.32591 -0.998278 0.0090157 0.0579604 86.8525 
0.0329104 0.0312067 0.998971 25.5854 0.00881907 0.999464 -0.0315128 -1.36372 -0.999419 0.00984709 0.0326175 86.8874 
0.0104464 0.0282194 0.999547 26.5703 0.0105128 0.999543 -0.0283293 -1.40173 -0.99989 0.010804 0.010145 86.9073 
-0.00837535 0.0255672 0.999638 27.5602 0.0108023 0.999617 -0.0254763 -1.43976 -0.999906 0.0105851 -0.00864832 86.907 
-0.0249451 0.0286794 0.999277 28.5474 0.0126092 0.999518 -0.0283716 -1.47487 -0.999609 0.0118924 -0.0252947 86.889 
-0.0394615 0.0332215 0.998669 29.536 0.0154744 0.999348 -0.0326328 -1.50964 -0.999101 0.0141661 -0.0399499 86.854 
-0.0516554 0.0382867 0.997931 30.5245 0.0197894 0.999108 -0.0373076 -1.54981 -0.998469 0.0178213 -0.052367 86.8099 
-0.0604379 0.0416183 0.997304 31.5212 0.0247892 0.998885 -0.0401821 -1.59518 -0.997864 0.0222939 -0.0614022 86.7518 
-0.0662141 0.0470548 0.996695 32.5244 0.0288353 0.99856 -0.0452273 -1.64313 -0.997389 0.0257453 -0.0674756 86.6842 
-0.0697876 0.0518902 0.996211 33.5253 0.0306009 0.998287 -0.0498547 -1.69507 -0.997092 0.0270057 -0.071256 86.6203 
-0.0724379 0.0557197 0.995815 34.5306 0.0327478 0.998033 -0.0534618 -1.75589 -0.996835 0.0287381 -0.0741201 86.5511 
-0.0750409 0.058658 0.995454 35.5383 0.0332016 0.997862 -0.0562971 -1.81849 -0.996627 0.028826 -0.076828 86.4818 
-0.0773404 0.0619697 0.995077 36.5471 0.0341775 0.997645 -0.0594733 -1.88779 -0.996419 0.0294095 -0.0792762 86.4085 
-0.0792681 0.0656475 0.994689 37.5627 0.0354936 0.997382 -0.0629968 -1.95439 -0.996221 0.0303115 -0.0813907 86.3386 
-0.0813865 0.0671036 0.994421 38.5772 0.0380894 0.997211 -0.0641746 -2.02488 -0.995954 0.032654 -0.0837155 86.2585 
-0.0834194 0.0658102 0.994339 39.5957 0.0381807 0.997295 -0.0628028 -2.09825 -0.995783 0.0327256 -0.0857064 86.1817 
-0.0854199 0.0655546 0.994186 40.621 0.0375401 0.997336 -0.062537 -2.1702 -0.995637 0.03198 -0.0876533 86.0995 
-0.0874276 0.0670256 0.993913 41.6524 0.0375715 0.997246 -0.0639455 -2.23925 -0.995462 0.0317522 -0.0897051 86.0138 
-0.0896665 0.0692938 0.993558 42.6782 0.0366988 0.997129 -0.0662309 -2.31267 -0.995295 0.0305237 -0.0919521 85.9303 
-0.0921032 0.0716801 0.993166 43.7176 0.0350226 0.997022 -0.0687105 -2.38625 -0.995133 0.0284548 -0.0943393 85.8422 
-0.0943253 0.0753177 0.992688 44.7626 0.0326453 0.996832 -0.0725302 -2.46559 -0.995006 0.0255652 -0.0964852 85.7513 
-0.0965681 0.0795229 0.992144 45.8039 0.0292541 0.996599 -0.0770327 -2.54907 -0.994896 0.0215854 -0.0985661 85.6642 
-0.0992933 0.0820192 0.991672 46.8469 0.026965 0.996453 -0.0797147 -2.63418 -0.994693 0.0188253 -0.101153 85.5746 
-0.101809 0.08062 0.991532 47.9009 0.0249651 0.996604 -0.0784691 -2.71837 -0.994491 0.0167648 -0.103476 85.4736 
-0.104819 0.0763782 0.991554 48.9499 0.0218157 0.996983 -0.0744903 -2.80713 -0.994252 0.0138234 -0.106169 85.3818 
-0.107161 0.0748189 0.991422 50.0034 0.021971 0.997099 -0.0728725 -2.89087 -0.993999 0.0139735 -0.108494 85.2798 
-0.109149 0.0754008 0.991162 51.0574 0.0212898 0.997067 -0.0735057 -2.9757 -0.993797 0.0130786 -0.110434 85.1793 
-0.11022 0.0782311 0.990824 52.1157 0.0227543 0.996835 -0.0761746 -3.06069 -0.993647 0.0141496 -0.111651 85.0701 
-0.110903 0.0809926 0.990525 53.1752 0.0230084 0.996616 -0.0789146 -3.14655 -0.993565 0.0140385 -0.112392 84.9605 
-0.111254 0.0816294 0.990434 54.2284 0.0217818 0.996582 -0.0796895 -3.23885 -0.993553 0.0127077 -0.112652 84.8588 
-0.111068 0.0805107 0.990546 55.29 0.0188513 0.996704 -0.0788976 -3.32921 -0.993634 0.00991003 -0.11222 84.7567 
-0.111184 0.0798087 0.99059 56.3562 0.0150649 0.996791 -0.0786175 -3.42229 -0.993686 0.00618215 -0.112029 84.658 
-0.111171 0.0809015 0.990503 57.4285 0.0111559 0.99672 -0.0801572 -3.51623 -0.993739 0.00213877 -0.111709 84.5562 
-0.111477 0.08123 0.990442 58.5051 0.00681747 0.996693 -0.0809754 -3.60675 -0.993744 -0.00227456 -0.111662 84.4555 
-0.111642 0.0808453 0.990454 59.5902 0.00357131 0.996711 -0.0809536 -3.69927 -0.993742 -0.00550057 -0.111563 84.3514 
-0.111986 0.0756567 0.990825 60.6808 0.00378824 0.997123 -0.0757095 -3.79056 -0.993702 -0.00472494 -0.111951 84.2449 
-0.11226 0.0669491 0.991421 61.7808 0.00681722 0.997756 -0.066605 -3.87793 -0.993655 -0.000718362 -0.112465 84.133 
-0.112225 0.0613908 0.991785 62.8863 0.0122524 0.998099 -0.0603953 -3.95978 -0.993607 0.00537388 -0.112763 84.0174 
-0.111406 0.0638666 0.991721 63.9906 0.020452 0.997869 -0.0619652 -4.03204 -0.993564 0.0133794 -0.112475 83.8943 
-0.110257 0.0694158 0.991476 65.0915 0.0258692 0.99742 -0.0669553 -4.1075 -0.993566 0.0182665 -0.111768 83.7733 
-0.109124 0.0751865 0.99118 66.2035 0.0294343 0.996942 -0.072383 -4.18734 -0.993592 0.0212759 -0.111004 83.6531 
-0.108367 0.0794793 0.990929 67.3141 0.0301626 0.996603 -0.0766359 -4.27649 -0.993653 0.0215842 -0.110396 83.5411 
-0.108151 0.076725 0.991169 68.4383 0.0271735 0.996873 -0.0742016 -4.36633 -0.993763 0.0189085 -0.109898 83.4334 
-0.107971 0.0721311 0.991534 69.5767 0.0261884 0.997225 -0.0696935 -4.45636 -0.993809 0.0184418 -0.10956 83.3247 
-0.107739 0.069985 0.991713 70.704 0.0238067 0.997415 -0.0678011 -4.5413 -0.993894 0.0163046 -0.109127 83.2161 
-0.107728 0.0707741 0.991658 71.8361 0.0221244 0.997386 -0.0687796 -4.62576 -0.993934 0.0145304 -0.109012 83.1122 
-0.107282 0.0760467 0.991316 72.9774 0.0234098 0.996987 -0.0739483 -4.71191 -0.993953 0.0152733 -0.108739 82.999 
-0.106359 0.0787341 0.991206 74.1172 0.0232698 0.996784 -0.0766804 -4.80028 -0.994055 0.0149095 -0.107849 82.8848 
-0.105814 0.0776549 0.991349 75.2677 0.0236732 0.99686 -0.0755599 -4.89099 -0.994104 0.0154731 -0.10732 82.7735 
-0.104808 0.0708251 0.991967 76.4322 0.0254004 0.997326 -0.068524 -4.98189 -0.994168 0.0180146 -0.106327 82.6568 
-0.105137 0.0692914 0.992041 77.5865 0.024989 0.997439 -0.0670201 -5.06954 -0.994144 0.0177438 -0.106599 82.5426 
-0.10444 0.0724295 0.99189 78.7396 0.0225295 0.997261 -0.0704496 -5.15466 -0.994276 0.0149891 -0.105785 82.4354 
-0.104232 0.0756853 0.991669 79.9049 0.021829 0.997034 -0.0738005 -5.24018 -0.994313 0.0139548 -0.105575 82.3308 
-0.103985 0.0751679 0.991734 81.0803 0.0211494 0.997081 -0.0733557 -5.3322 -0.994354 0.0133468 -0.105271 82.2179 
-0.10368 0.07162 0.992029 82.2613 0.0208231 0.997342 -0.0698274 -5.42392 -0.994393 0.0134174 -0.104896 82.11 
-0.102573 0.0704066 0.992231 83.4507 0.0215794 0.997415 -0.0685438 -5.51579 -0.994491 0.014381 -0.103827 81.9928 
-0.101338 0.0708124 0.992329 84.6419 0.0230089 0.997364 -0.0688221 -5.60464 -0.994586 0.0158581 -0.1027 81.8798 
-0.10021 0.0710662 0.992425 85.8454 0.0256586 0.997299 -0.0688244 -5.69084 -0.994635 0.0185673 -0.101763 81.7644 
-0.0990631 0.0705461 0.992577 87.0399 0.0252154 0.997341 -0.0683682 -5.78129 -0.994762 0.0182555 -0.100579 81.6594 
-0.0976885 0.0711054 0.992674 88.2417 0.0266489 0.997274 -0.0688125 -5.87146 -0.99486 0.0197314 -0.099317 81.5535 
-0.0964757 0.0693035 0.99292 89.4547 0.0269591 0.997389 -0.0669961 -5.96022 -0.99497 0.0203048 -0.0980922 81.4472 
-0.0950874 0.0685006 0.993109 90.672 0.0254375 0.997471 -0.0663659 -6.04917 -0.995144 0.0189517 -0.0965894 81.3419 
-0.0937105 0.067894 0.993282 91.894 0.0266078 0.997486 -0.0656712 -6.1349 -0.995244 0.0202749 -0.0952815 81.2382 
-0.0920254 0.0688613 0.993373 93.1192 0.0245252 0.99746 -0.0668727 -6.22357 -0.995455 0.0182087 -0.0934805 81.1397 
-0.0903267 0.071531 0.99334 94.3445 0.0252127 0.997262 -0.0695208 -6.31213 -0.995593 0.0187652 -0.0918829 81.0372 
-0.0892728 0.0704982 0.993509 95.5754 0.0229735 0.997372 -0.0687081 -6.40099 -0.995742 0.0166906 -0.0906578 80.9447 
-0.0887899 0.0691257 0.993649 96.813 0.0194645 0.997519 -0.0676557 -6.49442 -0.99586 0.0133338 -0.0899151 80.8516 
-0.0886261 0.0703511 0.993577 98.0517 0.0166244 0.997468 -0.0691438 -6.5837 -0.995926 0.0103897 -0.0895712 80.7594 
-0.0887953 0.0698212 0.9936 99.2952 0.0140513 0.997529 -0.0688416 -6.67442 -0.995951 0.00784855 -0.0895569 80.6657 
-0.0898442 0.0673207 0.993678 100.545 0.0114533 0.997717 -0.0665589 -6.76821 -0.99589 0.00540093 -0.0904101 80.5708 
-0.0910838 0.0657648 0.993669 101.805 0.00925721 0.99783 -0.0651917 -6.86229 -0.9958 0.0032607 -0.0914949 80.4733 
-0.0926932 0.065239 0.993555 103.066 0.00765542 0.997868 -0.0648081 -6.95077 -0.995665 0.00159882 -0.092995 80.3755 
-0.0941801 0.0654723 0.9934 104.326 0.00799576 0.997853 -0.0650079 -7.0412 -0.995523 0.00182054 -0.0945014 80.2699 
-0.0964867 0.0640881 0.993269 105.586 0.00749636 0.997943 -0.0636616 -7.13038 -0.995306 0.00130341 -0.0967687 80.1635 
-0.0995039 0.0595177 0.993255 106.848 0.00484655 0.998227 -0.0593301 -7.21782 -0.995025 -0.00108971 -0.0996159 80.0556 
-0.103848 0.0594391 0.992815 108.104 0.00444016 0.99823 -0.059299 -7.30378 -0.994583 -0.00174983 -0.103929 79.9425 
-0.109365 0.0653769 0.991849 109.335 -0.000591134 0.99783 -0.0658364 -7.39292 -0.994001 -0.00778653 -0.109089 79.8286 
-0.116263 0.0684275 0.990858 110.574 0.000193973 0.997625 -0.0688721 -7.48379 -0.993218 -0.00781506 -0.116 79.7018 
-0.125121 0.0644457 0.990046 111.826 0.00202848 0.997903 -0.0647008 -7.57852 -0.992139 -0.00608713 -0.124989 79.5592 
-0.135749 0.0623264 0.988781 113.08 0.00434112 0.998047 -0.0623146 -7.67233 -0.990734 -0.00416671 -0.135754 79.3976 
-0.148545 0.0632347 0.986882 114.311 0.00507295 0.997989 -0.0631829 -7.76124 -0.988892 -0.00437911 -0.148567 79.2255 
-0.162877 0.0634581 0.984603 115.535 0.00710929 0.997979 -0.0631442 -7.84866 -0.986621 -0.00328492 -0.162999 79.0429 
-0.177228 0.061054 0.982274 116.751 0.00774988 0.998129 -0.0606413 -7.94047 -0.984139 -0.0031348 -0.177369 78.8402 
-0.192728 0.0634352 0.979199 117.947 0.0119937 0.997986 -0.0622917 -8.02913 -0.981179 -0.000261154 -0.193101 78.6186 
-0.207867 0.0669315 0.975864 119.127 0.012676 0.997757 -0.0657331 -8.11683 -0.978075 -0.00129363 -0.208249 78.3834 
-0.223027 0.0708805 0.972232 120.302 0.0126855 0.997479 -0.0698113 -8.20732 -0.97473 -0.00323652 -0.223364 78.1334 
-0.238996 0.0689797 0.968567 121.485 0.00915865 0.997589 -0.0687868 -8.29843 -0.970977 -0.00756899 -0.239052 77.8632 
-0.254894 0.0635016 0.964882 122.672 0.00398891 0.997902 -0.064621 -8.39127 -0.966961 -0.0126227 -0.254612 77.5758 
-0.270671 0.0596584 0.960822 123.842 5.88951e-05 0.998079 -0.0619552 -8.47978 -0.962672 -0.0167129 -0.270154 77.2744 
-0.285675 0.0613004 0.956364 125.009 -0.00122212 0.997928 -0.0643296 -8.5659 -0.958326 -0.0195462 -0.285009 76.949 
-0.300106 0.0633887 0.951797 126.171 -0.00141634 0.997759 -0.0668963 -8.65207 -0.953905 -0.021424 -0.299344 76.6034 
-0.31384 0.0658506 0.94719 127.322 0.000507058 0.997603 -0.0691875 -8.74203 -0.949476 -0.0212335 -0.313121 76.2371 
-0.327786 0.0659942 0.942444 128.462 0.00281202 0.997621 -0.06888 -8.83317 -0.944748 -0.0199277 -0.327192 75.8523 
-0.341853 0.0640161 0.93757 129.6 0.0024494 0.997734 -0.067231 -8.92508 -0.93975 -0.0206866 -0.341235 75.4581 
-0.356318 0.0629372 0.932243 130.734 0.00227204 0.997784 -0.0664937 -9.01471 -0.934362 -0.0215748 -0.355671 75.0432 
-0.370982 0.0645011 0.926397 131.847 0.00112519 0.997615 -0.0690092 -9.10502 -0.928639 -0.0245588 -0.37017 74.6175 
-0.386185 0.0666632 0.920009 132.956 0.00201712 0.997444 -0.0714274 -9.19689 -0.922419 -0.0257284 -0.385332 74.1776 
-0.400746 0.0684701 0.913627 134.055 0.00333431 0.997306 -0.0732787 -9.29008 -0.916183 -0.0263198 -0.399894 73.7117 
-0.415302 0.0711305 0.906898 135.148 0.00617441 0.997136 -0.0753807 -9.38713 -0.909662 -0.0257062 -0.414552 73.227 
-0.430041 0.0746793 0.899715 136.238 0.00594526 0.996785 -0.0798949 -9.48518 -0.90279 -0.029009 -0.429103 72.7244 
-0.445137 0.0770256 0.892144 137.324 0.00691939 0.99656 -0.0825883 -9.58514 -0.895436 -0.03059 -0.444138 72.2022 
-0.460448 0.0744905 0.884556 138.407 0.00577849 0.996703 -0.0809268 -9.69003 -0.887668 -0.0321512 -0.45936 71.6619 
-0.476558 0.0702137 0.876335 139.493 0.00284855 0.996924 -0.0783266 -9.79363 -0.879138 -0.0348309 -0.475292 71.0984 
-0.49269 0.0703428 0.867357 140.563 0.00236707 0.996832 -0.0794987 -9.89668 -0.870202 -0.0371151 -0.491296 70.5173 
-0.508732 0.0695241 0.858113 141.633 0.00104274 0.996783 -0.080141 -9.99704 -0.860924 -0.0398754 -0.507168 69.9089 
-0.524653 0.0685926 0.848548 142.691 0.000511972 0.996774 -0.0802579 -10.1012 -0.851316 -0.0416731 -0.522996 69.281 
-0.540451 0.0682316 0.838604 143.738 -0.000727391 0.996668 -0.081561 -10.2076 -0.841375 -0.0446897 -0.5386 68.6351 
-0.555969 0.0676029 0.828449 144.778 -0.00106659 0.996628 -0.0820424 -10.315 -0.831202 -0.0464966 -0.554022 67.9665 
-0.571531 0.0649409 0.818007 145.822 -0.00151798 0.996778 -0.080194 -10.4221 -0.820579 -0.047075 -0.569591 67.2724 
-0.587026 0.0614646 0.807231 146.852 -0.00138198 0.997036 -0.0769219 -10.5282 -0.809567 -0.0462708 -0.585202 66.5589 
-0.60222 0.0599413 0.796077 147.865 -0.000464078 0.997151 -0.0754325 -10.6307 -0.79833 -0.0457964 -0.600476 65.8243 
-0.617345 0.0581779 0.784538 148.87 -0.00125668 0.997187 -0.074936 -10.7361 -0.786692 -0.0472472 -0.615536 65.0696 
-0.632363 0.0593686 0.772393 149.858 -0.00256768 0.996893 -0.0787266 -10.8393 -0.774668 -0.0517671 -0.630246 64.2908 
-0.647782 0.0587585 0.759556 150.836 -0.00479192 0.996687 -0.0811895 -10.9466 -0.761811 -0.0562328 -0.645354 63.494 
-0.664005 0.0556416 0.745655 151.83 -0.00663165 0.99675 -0.0802841 -11.0529 -0.747699 -0.058254 -0.661478 62.6589 
-0.680531 0.0479922 0.731146 152.798 -0.0105819 0.997105 -0.075299 -11.1589 -0.732643 -0.0589802 -0.678053 61.7949 
-0.69785 0.0455803 0.714792 153.746 -0.0114456 0.997136 -0.0747589 -11.2635 -0.716152 -0.0603517 -0.69533 60.9153 
-0.715573 0.0429102 0.697219 154.668 -0.0132579 0.997097 -0.0749732 -11.366 -0.698412 -0.0628924 -0.712927 60.0089 
-0.733565 0.0390003 0.678499 155.569 -0.0165612 0.99703 -0.0752149 -11.4699 -0.679417 -0.0664118 -0.73074 59.0864 
-0.750528 0.0371251 0.659795 156.437 -0.0163201 0.997075 -0.0746675 -11.5718 -0.660637 -0.0668079 -0.747726 58.1446 
-0.766795 0.0390056 0.640706 157.284 -0.0143708 0.996859 -0.0778869 -11.6802 -0.641731 -0.0689307 -0.763826 57.1754 
-0.782195 0.0384906 0.621844 158.106 -0.0110567 0.997075 -0.0756244 -11.7871 -0.622936 -0.0660285 -0.779481 56.1757 
-0.797013 0.0396416 0.60266 158.91 -0.00717752 0.997151 -0.0750826 -11.898 -0.60392 -0.0641674 -0.794458 55.1389 
-0.811971 0.0408542 0.582266 159.683 -0.00534236 0.996986 -0.0774027 -12.0114 -0.583673 -0.0659594 -0.809305 54.11 
-0.825874 0.0426019 0.562242 160.426 -0.0042764 0.99664 -0.0817985 -12.1199 -0.563838 -0.0699596 -0.822917 53.0624 
-0.839204 0.0430057 0.542113 161.145 -0.00169325 0.996657 -0.0816858 -12.2316 -0.543814 -0.069469 -0.836326 51.9884 
-0.851175 0.0410364 0.523275 161.843 -0.000479278 0.996878 -0.078957 -12.3474 -0.524882 -0.067457 -0.848498 50.8893 
-0.862009 0.0426847 0.505093 162.505 0.00209671 0.99674 -0.0806549 -12.4597 -0.506889 -0.0684662 -0.859288 49.7952 
-0.871712 0.045451 0.487906 163.142 0.00491988 0.996451 -0.0840348 -12.573 -0.489993 -0.0708537 -0.868842 48.6884 
-0.880933 0.0433663 0.47125 163.769 0.00341128 0.996348 -0.0853112 -12.6915 -0.473228 -0.0735459 -0.877864 47.5622 
-0.889454 0.0405931 0.455219 164.377 0.002253 0.996425 -0.0844519 -12.8129 -0.45702 -0.0740904 -0.886365 46.4189 
-0.897077 0.0379601 0.440241 164.991 0.00100505 0.996476 -0.0838739 -12.9624 -0.441874 -0.0747989 -0.893953 45.2693 
-0.904144 0.0357814 0.425726 165.578 0.000189281 0.99652 -0.0833536 -13.0791 -0.427227 -0.0752831 -0.901005 44.1031 
-0.910704 0.0328885 0.411748 166.146 -0.00119473 0.996611 -0.0822472 -13.2041 -0.413058 -0.0753947 -0.907578 42.9237 
-0.916663 0.027974 0.398681 166.687 -0.00371918 0.996907 -0.0785006 -13.3194 -0.399644 -0.0734413 -0.913724 41.749 
-0.921825 0.0248029 0.386811 167.208 -0.00476961 0.997149 -0.0753054 -13.4257 -0.387576 -0.0712633 -0.919079 40.5635 
-0.926442 0.0248122 0.375619 167.718 -0.00247608 0.997402 -0.0719925 -13.5329 -0.376429 -0.0676269 -0.923974 39.3763 
-0.929606 0.0291929 0.367397 168.198 0.00218313 0.997277 -0.0737185 -13.6368 -0.368549 -0.0677271 -0.927138 38.1787 
-0.931896 0.0343523 0.361094 168.671 0.00755434 0.997127 -0.0753648 -13.7396 -0.362646 -0.0675043 -0.929479 36.981 
-0.933836 0.0376506 0.355714 169.138 0.0104911 0.9969 -0.0779752 -13.8405 -0.357547 -0.0690842 -0.931336 35.788 
-0.935648 0.0349539 0.351199 169.602 0.00845407 0.997018 -0.0767075 -13.9498 -0.352833 -0.0688021 -0.933153 34.5934 
-0.937562 0.0275925 0.346723 170.072 0.00219908 0.997299 -0.0734196 -14.0518 -0.347812 -0.0680729 -0.93509 33.3931 
-0.939487 0.0214033 0.341916 170.541 -0.00338975 0.997417 -0.0717505 -14.1553 -0.342569 -0.0685677 -0.936987 32.1875 
-0.9412 0.0149366 0.337519 171.002 -0.0104355 0.99726 -0.073233 -14.257 -0.337689 -0.0724491 -0.938465 30.9855 
-0.942554 0.012695 0.333813 171.457 -0.0135298 0.997007 -0.0761189 -14.3598 -0.33378 -0.0762626 -0.939561 29.7769 
-0.94331 0.0131043 0.331654 171.9 -0.0137919 0.99681 -0.0786136 -14.4645 -0.331626 -0.0787311 -0.94012 28.575 
-0.943628 0.0137263 0.330723 172.344 -0.0138788 0.99662 -0.0809631 -14.5705 -0.330717 -0.080989 -0.940248 27.3741 
-0.943482 0.0164207 0.331018 172.781 -0.0116452 0.996513 -0.0826253 -14.6852 -0.33122 -0.0818102 -0.94 26.1669 
-0.943115 0.0173067 0.332015 173.223 -0.0113818 0.996378 -0.0842687 -14.801 -0.332271 -0.0832541 -0.939502 24.9641 
-0.942622 0.0182839 0.333361 173.669 -0.0111596 0.996216 -0.0861949 -14.9198 -0.333675 -0.0849693 -0.938851 23.7462 
-0.941879 0.019537 0.335383 174.111 -0.00992873 0.996253 -0.0859181 -15.0369 -0.335805 -0.0842544 -0.938156 22.5422 
-0.941013 0.0191317 0.33783 174.558 -0.0108059 0.996192 -0.086515 -15.156 -0.338199 -0.0850622 -0.937222 21.3479 
-0.939637 0.0178957 0.341704 175.01 -0.0125442 0.996158 -0.0866653 -15.2746 -0.341943 -0.0857203 -0.935803 20.1562 
-0.937912 0.0163014 0.346489 175.467 -0.0140032 0.996301 -0.0847786 -15.3878 -0.34659 -0.0843668 -0.934215 18.9682 
-0.935947 0.0138592 0.351867 175.936 -0.0161828 0.996477 -0.0822943 -15.501 -0.351768 -0.0827173 -0.932425 17.7941 
-0.933279 0.0117447 0.358961 176.406 -0.018091 0.996659 -0.0796452 -15.6123 -0.358697 -0.0808251 -0.929948 16.6133 
-0.930575 0.0138855 0.365837 176.886 -0.0165648 0.99666 -0.0799645 -15.7211 -0.365726 -0.080473 -0.927237 15.4407 
-0.927388 0.0137353 0.373847 177.37 -0.0176285 0.996611 -0.0803463 -15.8296 -0.373684 -0.0811026 -0.924004 14.3 
-0.923381 0.0170648 0.383506 177.861 -0.015916 0.996451 -0.0826605 -15.9393 -0.383555 -0.082431 -0.919832 13.1426 
-0.918955 0.0182785 0.393937 178.368 -0.015363 0.996508 -0.0820754 -16.0487 -0.394062 -0.0814757 -0.915465 11.9906 
-0.913711 0.0203249 0.405856 178.894 -0.0148165 0.996418 -0.0832564 -16.1652 -0.406094 -0.0820856 -0.910137 10.8378 
-0.907674 0.022663 0.419064 179.437 -0.0140955 0.996331 -0.0844118 -16.2817 -0.41944 -0.0825252 -0.904024 9.6809 
-0.901308 0.0253041 0.432438 180.002 -0.0123217 0.996391 -0.0839853 -16.4031 -0.433002 -0.081025 -0.897744 8.52194 
-0.894822 0.0244264 0.445753 180.58 -0.0133071 0.996599 -0.0813249 -16.52 -0.446224 -0.0787031 -0.891454 7.38714 
-0.887952 0.0271962 0.459132 181.173 -0.0117926 0.996576 -0.081838 -16.6328 -0.459785 -0.0780825 -0.884591 6.25771 
-0.880875 0.0291899 0.472448 181.78 -0.0102799 0.996682 -0.0807462 -16.7474 -0.473237 -0.075984 -0.877652 5.14601 
-0.873188 0.0307256 0.486414 182.403 -0.00884981 0.996847 -0.078855 -16.8582 -0.487304 -0.0731599 -0.870162 4.03909 
-0.865246 0.032174 0.500314 183.038 -0.00689301 0.997081 -0.0760407 -16.9698 -0.5013 -0.0692426 -0.862498 2.95696 
-0.856931 0.0346717 0.514264 183.684 -0.00420336 0.997232 -0.0742375 -17.0809 -0.515415 -0.065778 -0.854413 1.894 
-0.847455 0.0377823 0.529521 184.349 -0.00107409 0.99734 -0.072881 -17.1861 -0.530867 -0.062332 -0.84516 0.837485 
-0.836799 0.0401691 0.546034 185.033 0.00124805 0.997442 -0.0714644 -17.2921 -0.547508 -0.0591198 -0.834709 -0.20026 
-0.825519 0.0432725 0.562712 185.732 0.00425485 0.997505 -0.070466 -17.3938 -0.564358 -0.0557768 -0.823644 -1.22159 
-0.813958 0.0450242 0.579176 186.455 0.00526155 0.997522 -0.0701515 -17.4913 -0.580899 -0.054053 -0.812179 -2.22269 
-0.802025 0.0471318 0.595428 187.203 0.00644024 0.997506 -0.070284 -17.5874 -0.597256 -0.0525348 -0.800328 -3.2092 
-0.788845 0.0494574 0.612599 187.963 0.00821097 0.997516 -0.06996 -17.686 -0.614538 -0.0501575 -0.787291 -4.18238 
-0.77477 0.0502582 0.630242 188.742 0.0095079 0.997649 -0.0678686 -17.7813 -0.632171 -0.0465903 -0.773427 -5.13346 
-0.759048 0.0519717 0.648957 189.541 0.0113563 0.997714 -0.0666191 -17.875 -0.650936 -0.0431973 -0.757903 -6.06626 
-0.742003 0.0545755 0.668171 190.36 0.0124123 0.997628 -0.0677014 -17.9694 -0.670281 -0.0419411 -0.740921 -6.971 
-0.724345 0.0574491 0.68704 191.19 0.013043 0.997486 -0.0696568 -18.065 -0.689315 -0.0414944 -0.723273 -7.84607 
-0.70657 0.0579375 0.705267 192.041 0.0113518 0.997442 -0.0705669 -18.1557 -0.707552 -0.0418544 -0.705421 -8.67713 
-0.687637 0.058012 0.723733 192.921 0.00939352 0.99743 -0.0710256 -18.2468 -0.725994 -0.0420414 -0.686415 -9.49141 
-0.667328 0.0574003 0.742549 193.811 0.00728051 0.997481 -0.070564 -18.3455 -0.744729 -0.0416832 -0.666064 -10.2802 
-0.64659 0.0581327 0.760619 194.714 0.00530006 0.99741 -0.0717248 -18.4374 -0.762819 -0.0423452 -0.645224 -11.0371 
-0.625637 0.0578488 0.777966 195.647 0.00199958 0.997362 -0.0725549 -18.5287 -0.780111 -0.0438374 -0.624103 -11.7685 
-0.60429 0.0583652 0.794624 196.599 -5.09533e-05 0.99731 -0.0732914 -18.6139 -0.796764 -0.0443297 -0.602662 -12.4739 
-0.581297 0.0583654 0.811596 197.561 -0.000757022 0.997385 -0.0722686 -18.7072 -0.813691 -0.0426239 -0.579732 -13.1524 
-0.556964 0.0592577 0.82842 198.542 -0.00140588 0.997383 -0.072289 -18.8002 -0.830535 -0.041427 -0.555423 -13.7999 
-0.531188 0.0625073 0.844945 199.538 -0.000258253 0.997263 -0.0739379 -18.8945 -0.847254 -0.0394931 -0.529718 -14.4209 
-0.503808 0.0633271 0.861491 200.558 -0.000995494 0.997266 -0.07389 -18.9862 -0.863815 -0.038084 -0.502367 -15.0162 
-0.476273 0.0621217 0.8771 201.599 -0.00275747 0.997391 -0.0721388 -19.0841 -0.879293 -0.0367763 -0.474859 -15.5716 
-0.447748 0.0602021 0.892131 202.648 -0.0045078 0.997566 -0.0695795 -19.1775 -0.894148 -0.0351756 -0.446387 -16.0926 
-0.418145 0.0617778 0.906277 203.71 -0.00541199 0.997498 -0.0704931 -19.2617 -0.908364 -0.0343811 -0.416764 -16.5707 
-0.386803 0.0644785 0.919905 204.792 -0.00623287 0.997347 -0.0725275 -19.3506 -0.922141 -0.0337875 -0.385375 -17.0182 
-0.354743 0.0660625 0.932627 205.864 -0.00505724 0.99735 -0.0725709 -19.4454 -0.93495 -0.0304605 -0.353469 -17.4237 
-0.323188 0.0665255 0.943993 206.939 -0.00464544 0.997402 -0.0718799 -19.5359 -0.946323 -0.027616 -0.32204 -17.7805 
-0.290617 0.0667441 0.954509 208.048 -0.0052367 0.997438 -0.0713404 -19.6244 -0.956825 -0.0257312 -0.289523 -18.1056 
-0.256751 0.0656085 0.964248 209.175 -0.00484408 0.997593 -0.0691673 -19.7193 -0.966465 -0.0224297 -0.255816 -18.3995 
-0.221735 0.0637433 0.973021 210.325 -0.00529227 0.997768 -0.0665705 -19.8115 -0.975092 -0.0199105 -0.220903 -18.6623 
-0.186787 0.0623992 0.980417 211.473 -0.00497427 0.997908 -0.0644602 -19.9028 -0.982388 -0.0169172 -0.186086 -18.8779 
-0.151269 0.0618271 0.986557 212.62 -0.00448121 0.997989 -0.0632307 -19.9907 -0.988482 -0.0139858 -0.150688 -19.0538 
-0.115723 0.0614659 0.991378 213.771 -0.00487645 0.998036 -0.062448 -20.0729 -0.993269 -0.0120611 -0.115196 -19.1845 
-0.0798672 0.0614645 0.994909 214.92 -0.00482951 0.998061 -0.0620471 -20.1558 -0.996794 -0.00976045 -0.0794156 -19.2762 
-0.0445581 0.0620132 0.99708 216.076 -0.00632983 0.998034 -0.0623554 -20.2395 -0.998987 -0.00908978 -0.0440779 -19.3206 
-0.0100796 0.0614232 0.998061 217.236 -0.00740986 0.99808 -0.0614993 -20.3218 -0.999922 -0.00801537 -0.0096051 -19.3283 
0.0233562 0.0610729 0.99786 218.395 -0.00959592 0.9981 -0.0608631 -20.3991 -0.999681 -0.00815385 0.0238979 -19.2907 
0.0565621 0.0614435 0.996507 219.536 -0.0110291 0.998082 -0.0609147 -20.483 -0.998338 -0.0075451 0.0571313 -19.2196 
0.0893884 0.0618443 0.994075 220.696 -0.0112782 0.998069 -0.0610788 -20.5579 -0.995933 -0.00575167 0.0899133 -19.1098 
0.121738 0.0600906 0.990742 221.855 -0.0106638 0.998187 -0.059232 -20.6317 -0.992505 -0.0033543 0.122158 -18.9658 
0.153126 0.0590351 0.986442 223.009 -0.00974653 0.998256 -0.0582293 -20.7093 -0.988158 -0.000697966 0.153434 -18.7866 
0.183524 0.0590152 0.981242 224.165 -0.00872247 0.998255 -0.0584071 -20.7869 -0.982976 0.00216022 0.183718 -18.5679 
0.213659 0.0586804 0.975144 225.312 -0.00715218 0.998261 -0.0585046 -20.8623 -0.976882 0.00552563 0.213707 -18.3128 
0.243788 0.057825 0.968103 226.442 -0.00486979 0.998281 -0.0584013 -20.9376 -0.969816 0.0095231 0.243651 -18.0246 
0.274097 0.0562161 0.960058 227.578 -0.00266591 0.998331 -0.0576961 -21.014 -0.961698 0.0132549 0.273789 -17.7027 
0.304441 0.0549114 0.950947 228.709 -0.00102923 0.998355 -0.0573195 -21.0894 -0.95253 0.0164717 0.303997 -17.3449 
0.333969 0.0540298 0.941034 229.82 0.0016686 0.99832 -0.0579111 -21.1687 -0.942583 0.0209107 0.333318 -16.9498 
0.362766 0.0533689 0.930351 230.92 0.00210483 0.998309 -0.0580881 -21.246 -0.931878 0.0230306 0.36204 -16.5224 
0.391075 0.0515172 0.918916 232.017 0.00267393 0.998364 -0.0571094 -21.3237 -0.920355 0.0247912 0.390298 -16.0584 
0.419253 0.0504617 0.906466 233.104 0.00285244 0.998376 -0.0568976 -21.3987 -0.907865 0.0264401 0.418429 -15.5584 
0.44744 0.0512102 0.892846 234.156 0.00432492 0.998224 -0.0594217 -21.4773 -0.894303 0.0304491 0.446424 -15.0281 
0.47559 0.0523448 0.878108 235.19 0.00523634 0.998042 -0.0623303 -21.5571 -0.879652 0.0342417 0.474384 -14.4743 
0.502797 0.0505842 0.862923 236.221 0.00642014 0.99804 -0.0622457 -21.6408 -0.864381 0.036837 0.501487 -13.8761 
0.529287 0.0478802 0.847091 237.234 0.0071942 0.998117 -0.0609119 -21.7237 -0.848412 0.038334 0.527946 -13.2443 
0.554341 0.046071 0.831013 238.233 0.00648287 0.998197 -0.0596642 -21.8042 -0.832264 0.0384617 0.553044 -12.5764 
0.577281 0.0461965 0.815238 239.205 0.00488549 0.998185 -0.0600231 -21.8891 -0.816531 0.038633 0.576008 -11.881 
0.597949 0.0463082 0.800195 240.165 0.00358947 0.998165 -0.0604474 -21.9671 -0.801526 0.0390167 0.596686 -11.1513 
0.617247 0.0449788 0.785483 241.117 0.00281856 0.998232 -0.0593764 -22.0468 -0.786764 0.0388638 0.616029 -10.3896 
0.635314 0.0423232 0.771093 242.058 0.00276648 0.998366 -0.057077 -22.1281 -0.772249 0.038395 0.634159 -9.60229 
0.652582 0.0387631 0.756726 242.988 0.00444222 0.998478 -0.0549778 -22.2077 -0.757705 0.039239 0.651417 -8.80214 
0.668788 0.0362134 0.74257 243.903 0.00534107 0.998553 -0.0535076 -22.2832 -0.743434 0.0397514 0.667627 -7.97434 
0.684047 0.03368 0.72866 244.79 0.00733894 0.998565 -0.0530453 -22.3599 -0.729401 0.041633 0.682818 -7.1311 
0.698971 0.0331124 0.714383 245.662 0.00707561 0.998558 -0.0532073 -22.4364 -0.715114 0.0422451 0.697729 -6.26592 
0.71359 0.0317393 0.699845 246.511 0.00767101 0.998559 -0.0531084 -22.5074 -0.700522 0.0432661 0.712318 -5.38174 
0.727756 0.0295844 0.685198 247.347 0.00713092 0.998689 -0.0506939 -22.5783 -0.685799 0.0417788 0.726591 -4.47502 
0.741846 0.0266522 0.67004 248.164 0.00784209 0.998797 -0.0484119 -22.6495 -0.670524 0.0411686 0.740744 -3.5557 
0.755546 0.0247805 0.654627 248.968 0.00838118 0.998837 -0.0474838 -22.7208 -0.655042 0.0413627 0.754459 -2.61326 
0.768604 0.0240683 0.639271 249.744 0.00962839 0.998743 -0.0491788 -22.79 -0.639652 0.0439541 0.767407 -1.64841 
0.780693 0.0232403 0.624482 250.512 0.0101213 0.998707 -0.0498204 -22.8579 -0.624833 0.045215 0.779448 -0.665582 
0.79212 0.0225507 0.609948 251.269 0.00956418 0.998736 -0.0493456 -22.9287 -0.61029 0.0449213 0.790903 0.339596 
0.803045 0.0201721 0.595577 252.019 0.0100418 0.998827 -0.0473702 -22.9949 -0.595833 0.044021 0.801901 1.36443 
0.813404 0.0175961 0.581432 252.746 0.0114978 0.998861 -0.0463141 -23.0644 -0.581585 0.0443572 0.812275 2.40076 
0.822952 0.0169998 0.567856 253.457 0.0116602 0.998836 -0.0468004 -23.1318 -0.567991 0.0451358 0.821796 3.45773 
0.831767 0.0141605 0.554944 254.158 0.0156457 0.998679 -0.0489338 -23.1987 -0.554904 0.0493839 0.830447 4.52667 
0.839907 0.0116278 0.542605 254.844 0.017085 0.998708 -0.0478481 -23.2666 -0.542461 0.0494583 0.838624 5.60693 
0.847282 0.00855984 0.531074 255.519 0.0195437 0.998691 -0.0472773 -23.3364 -0.530783 0.0504363 0.846005 6.70049 
0.853923 0.00727322 0.520349 256.18 0.0205742 0.998649 -0.0477223 -23.4014 -0.519993 0.0514569 0.852619 7.80561 
0.859029 0.00621843 0.511889 256.835 0.0208984 0.998667 -0.0472028 -23.4678 -0.5115 0.0512462 0.857754 8.93444 
0.862748 0.00575643 0.505601 257.478 0.0200769 0.998757 -0.0456303 -23.5366 -0.505235 0.0495183 0.86156 10.0664 
0.86551 0.00476828 0.500868 258.126 0.0201813 0.998811 -0.0443825 -23.6032 -0.500484 0.0485216 0.864385 11.2141 
0.86802 0.00349976 0.496517 258.766 0.021017 0.99882 -0.0437829 -23.6741 -0.496084 0.0484397 0.866922 12.3556 
0.870342 0.00199117 0.492444 259.402 0.0221436 0.998822 -0.0431753 -23.7401 -0.49195 0.0484817 0.869272 13.5063 
0.872365 -1.17189e-05 0.488856 260.038 0.0230811 0.998886 -0.0411645 -23.8065 -0.48831 0.0471937 0.871393 14.6759 
0.87442 -0.0020726 0.485165 260.671 0.0246892 0.998885 -0.0402307 -23.8772 -0.484541 0.0471568 0.873496 15.8375 
0.87661 -0.00281571 0.481192 261.298 0.0255136 0.998848 -0.0406348 -23.94 -0.480524 0.0478978 0.875673 17.0079 
0.878773 -0.00398461 0.477224 261.926 0.0262532 0.998855 -0.0400036 -24.0031 -0.476518 0.0476826 0.877871 18.1794 
0.880758 -0.00392394 0.47355 262.541 0.0257701 0.998881 -0.0396533 -24.0696 -0.472864 0.0471283 0.879874 19.3601 
0.882669 -0.00436232 0.469975 263.158 0.0258386 0.998895 -0.0392565 -24.1322 -0.469285 0.0467939 0.881806 20.5481 
0.884725 -0.00377989 0.466097 263.774 0.0249634 0.998916 -0.0392837 -24.1931 -0.465444 0.0463906 0.883861 21.7334 
0.886019 -0.00324942 0.463637 264.408 0.0241018 0.998946 -0.039058 -24.263 -0.463021 0.0457806 0.885164 22.9481 
