1 2.12261e-08 -2.11895e-08 0 2.12261e-08 1 2.10703e-08 0 -2.11895e-08 2.10703e-08 1 0 
1 -0.000528838 8.1372e-05 -0.030535 0.000528747 0.999999 0.00162386 -0.0192872 -8.22731e-05 -0.00162378 0.999999 1.35418 
0.999999 -0.00145356 -8.48769e-05 -0.0606714 0.00145373 0.999998 0.00147037 -0.0326574 8.2697e-05 -0.00147045 0.999999 2.70566 
0.999996 -0.00292952 -0.000147289 -0.0810953 0.00292961 0.999996 0.000317283 -0.0499562 0.000146316 -0.000317671 1 4.05849 
0.999995 -0.00308209 -1.38709e-05 -0.105169 0.00308213 0.999995 0.000246247 -0.0648494 1.30696e-05 -0.000246247 1 5.40319 
0.999994 -0.00356508 0.000271095 -0.13717 0.00356485 0.999993 0.000973229 -0.0821317 -0.000274605 -0.000972214 1 6.77077 
0.999988 -0.00482318 0.000719075 -0.159049 0.00482168 0.999986 0.00213194 -0.0998397 -0.00072939 -0.00212841 0.999998 8.12448 
0.999991 -0.00425107 0.000374458 -0.177365 0.00425017 0.999988 0.00247558 -0.116441 -0.000385019 -0.00247393 0.999997 9.47695 
0.999994 -0.00338351 0.000118048 -0.204197 0.00338349 0.999994 0.000534607 -0.134165 -0.000119899 -0.000534163 1 10.8343 
1 -0.000302025 0.000314298 -0.232272 0.000302642 0.999998 -0.00183003 -0.155368 -0.000313787 0.00183016 0.999998 12.1887 
0.999995 0.00316644 0.000814913 -0.264702 -0.00316408 0.999991 -0.00282497 -0.176892 -0.000823893 0.00282242 0.999996 13.5516 
0.999983 0.00572893 0.000926436 -0.289408 -0.00572602 0.999979 -0.00306442 -0.199409 -0.000944015 0.00305911 0.999995 14.9113 
0.999976 0.00684479 0.00133663 -0.315245 -0.00684152 0.999974 -0.00240643 -0.220661 -0.00135311 0.00239727 0.999996 16.2801 
0.999988 0.0044826 0.00201011 -0.337258 -0.00448324 0.99999 0.000337494 -0.241289 -0.00200862 -0.00034646 0.999998 17.6524 
0.999997 0.000605334 0.00225141 -0.360736 -0.000609953 0.999998 0.00207038 -0.262094 -0.00225019 -0.0020717 0.999995 19.0077 
0.999996 -0.00169344 0.00213117 -0.379836 0.00169389 0.999999 -0.000191584 -0.284382 -0.00213088 0.000195235 0.999998 20.3721 
0.999994 -0.00259736 0.00221688 -0.403619 0.00260244 0.999994 -0.00227396 -0.304172 -0.002211 0.00227976 0.999995 21.7365 
0.999995 -0.000277263 0.00311834 -0.431537 0.00028953 0.999992 -0.00392018 -0.330327 -0.00311728 0.00392111 0.999987 23.1042 
0.999988 0.00291023 0.00403025 -0.452248 -0.00290119 0.999993 -0.00223847 -0.347981 -0.00403678 0.00222679 0.999989 24.4931 
0.999985 0.00328084 0.00443056 -0.46911 -0.00328651 0.999994 0.00128126 -0.370808 -0.00442637 -0.00129576 0.999989 25.8843 
0.999987 0.00109576 0.00502956 -0.48625 -0.00111166 0.999994 0.00316836 -0.388484 -0.0050261 -0.00317387 0.999982 27.2589 
0.999985 -0.00288043 0.00456226 -0.498116 0.00287393 0.999995 0.00144018 -0.406417 -0.00456642 -0.001427 0.999989 28.6391 
0.999985 -0.00330685 0.00438591 -0.513497 0.00331033 0.999994 -0.000777637 -0.431008 -0.00438336 0.000792186 0.99999 30.021 
0.999981 -0.00346107 0.00518202 -0.529162 0.00347781 0.999989 -0.00321639 -0.456486 -0.00517088 0.00323439 0.999981 31.4139 
0.999983 -0.000175975 0.00587819 -0.553818 0.000199593 0.999992 -0.00401019 -0.485233 -0.00587748 0.00401133 0.999975 32.7963 
0.999981 0.000568217 0.00622123 -0.574189 -0.000530318 0.999981 -0.006085 -0.512687 -0.00622462 0.00608162 0.999962 34.1885 
0.999979 0.00158997 0.00634982 -0.588666 -0.0015543 0.999983 -0.00561195 -0.539654 -0.00635868 0.005602 0.999964 35.5991 
0.999979 0.00164827 0.00626732 -0.607166 -0.00162081 0.999989 -0.00437796 -0.569631 -0.00627451 0.00436775 0.999971 36.9971 
0.999979 0.00266681 0.00596071 -0.625003 -0.00264962 0.999992 -0.00288307 -0.598089 -0.0059684 0.00286725 0.999978 38.4023 
0.999966 0.00557875 0.00615981 -0.647285 -0.0055619 0.999981 -0.0027418 -0.624437 -0.00617503 0.00270749 0.999977 39.8079 
0.999944 0.00829148 0.0065953 -0.670374 -0.00826923 0.99996 -0.00338618 -0.645616 -0.00662315 0.0033315 0.999973 41.2303 
0.999924 0.0103521 0.00669161 -0.68787 -0.0103323 0.999942 -0.00298743 -0.671956 -0.00672219 0.00291811 0.999973 42.6508 
0.999919 0.0109921 0.00640188 -0.704053 -0.0109732 0.999935 -0.00297358 -0.69622 -0.00643419 0.00290313 0.999975 44.0836 
0.999929 0.010221 0.00617174 -0.730625 -0.0102012 0.999943 -0.00321324 -0.718945 -0.00620427 0.00315009 0.999976 45.5182 
0.999943 0.00920053 0.00550851 -0.744122 -0.00918027 0.999951 -0.00368315 -0.745062 -0.00554217 0.00363242 0.999978 46.95 
0.99995 0.00869715 0.00502013 -0.771253 -0.00867954 0.999956 -0.00351074 -0.770693 -0.00505049 0.00346704 0.999981 48.3638 
0.999949 0.00923491 0.0040701 -0.792116 -0.00922516 0.999955 -0.00239759 -0.796637 -0.0040921 0.00235996 0.999989 49.7965 
0.999952 0.00928225 0.0030592 -0.815007 -0.00927414 0.999954 -0.00264124 -0.827602 -0.00308361 0.00261279 0.999992 51.2209 
0.999952 0.00962597 0.00195983 -0.836391 -0.00962156 0.999951 -0.00222365 -0.854671 -0.00198118 0.00220473 0.999996 52.6503 
0.999956 0.00933989 0.00106303 -0.865745 -0.00933843 0.999956 -0.00132511 -0.881709 -0.0010754 0.00131517 0.999999 54.1126 
0.999967 0.00811133 0.000603473 -0.895236 -0.00811104 0.999967 -0.000421842 -0.908623 -0.000606917 0.000416975 1 55.5679 
0.999976 0.00697692 0.000188042 -0.917722 -0.00697679 0.999976 -0.000452015 -0.931542 -0.000191233 0.000450734 1 57.011 
0.99999 0.00455495 -0.000163147 -0.940399 -0.00455508 0.999989 -0.00104717 -0.958232 0.000158333 0.00104795 0.999999 58.4458 
0.999993 0.00375629 -0.0002803 -0.960437 -0.00375649 0.999993 -0.000869891 -0.9823 0.000276988 0.00087098 1 59.8887 
0.999998 0.00220652 0.000181409 -0.986493 -0.00220646 0.999998 -0.000116081 -1.01016 -0.000181707 0.000115723 1 61.3261 
0.999999 0.0011395 0.000656545 -1.00952 -0.00113973 0.999999 0.000422444 -1.03396 -0.000656105 -0.000423149 1 62.7886 
0.999999 -0.000286982 0.00128142 -1.03512 0.00028718 1 -0.000121537 -1.06009 -0.00128143 0.000121947 0.999999 64.238 
0.999996 -0.00207819 0.00166516 -1.052 0.00207969 0.999997 -0.000874456 -1.08901 -0.00166338 0.000877958 0.999998 65.6661 
0.999997 -0.00127418 0.00226302 -1.07502 0.00127707 0.999998 -0.00125448 -1.11726 -0.00226146 0.0012574 0.999997 67.1016 
0.999995 -6.08881e-05 0.0031793 -1.09877 6.54355e-05 0.999999 -0.00141683 -1.14751 -0.00317925 0.00141707 0.999994 68.5312 
0.999987 0.00358603 0.0037477 -1.12531 -0.00358528 0.999994 -0.000195539 -1.1742 -0.00374842 0.000182142 0.999993 69.9592 
0.999967 0.00660271 0.00480497 -1.15447 -0.00660807 0.999978 0.00111106 -1.20218 -0.00479757 -0.00114273 0.999988 71.3767 
0.999926 0.0107602 0.0056772 -1.17938 -0.0107687 0.999941 0.0014749 -1.22609 -0.00566104 -0.00153589 0.999983 72.799 
0.999861 0.0153117 0.00656047 -1.20946 -0.0153179 0.999882 0.000893489 -1.24998 -0.00654605 -0.000993816 0.999978 74.1949 
0.999812 0.0180644 0.00711656 -1.23557 -0.0180676 0.999837 0.000392058 -1.27789 -0.00710835 -0.000520522 0.999975 75.6061 
0.999771 0.0198819 0.00788007 -1.25411 -0.0198849 0.999802 0.000300588 -1.30282 -0.00787258 -0.000457172 0.999969 77.022 
0.999771 0.0197422 0.00829956 -1.30261 -0.019747 0.999805 0.000502382 -1.32017 -0.00828807 -0.000666117 0.999965 78.5167 
0.999784 0.0189491 0.00848574 -1.31236 -0.0189504 0.99982 7.89985e-05 -1.34379 -0.00848277 -0.000239748 0.999964 79.9246 
0.999806 0.0177707 0.00847412 -1.3283 -0.0177649 0.999842 -0.000752623 -1.37204 -0.0084862 0.000601977 0.999964 81.3302 
0.999811 0.0176108 0.00820991 -1.34281 -0.0176035 0.999845 -0.000948692 -1.39543 -0.00822538 0.000804031 0.999966 82.741 
0.999818 0.0173491 0.00799155 -1.35597 -0.0173441 0.999849 -0.000697571 -1.42525 -0.00800249 0.000558879 0.999968 84.1272 
0.999826 0.0170509 0.0075788 -1.37707 -0.017042 0.999854 -0.00122859 -1.44763 -0.00759868 0.00109926 0.999971 85.5419 
0.999829 0.0171544 0.00697715 -1.39511 -0.0171482 0.999853 -0.000931829 -1.47189 -0.00699215 0.000812065 0.999975 86.9407 
0.99985 0.0162813 0.00599658 -1.41432 -0.016281 0.999867 -8.08243e-05 -1.49904 -0.00599714 -1.67768e-05 0.999982 88.3524 
0.99989 0.0139141 0.00513191 -1.4313 -0.0139195 0.999903 0.0010237 -1.52351 -0.00511721 -0.00109498 0.999986 89.7457 
0.999924 0.0117348 0.00375779 -1.44435 -0.0117399 0.99993 0.00134006 -1.54455 -0.00374185 -0.00138403 0.999992 91.1405 
0.999948 0.00973858 0.0030613 -1.46657 -0.00974266 0.999952 0.00133341 -1.56726 -0.00304821 -0.00136312 0.999994 92.5358 
0.999965 0.0079628 0.0024932 -1.48194 -0.00796491 0.999968 0.000854222 -1.58612 -0.00248637 -0.000874008 0.999997 93.9404 
0.999973 0.00691373 0.00240312 -1.50074 -0.00691469 0.999976 0.000408078 -1.61066 -0.00240028 -0.000424642 0.999997 95.3082 
0.999971 0.00729184 0.00224182 -1.52363 -0.00729122 0.999973 -0.000266597 -1.63509 -0.00224375 0.000250286 0.999997 96.6725 
0.999971 0.00732349 0.00225495 -1.54507 -0.00732145 0.999973 -0.000891051 -1.66005 -0.00226145 0.000874557 0.999997 98.039 
0.999963 0.00823146 0.00250432 -1.5719 -0.00822733 0.999965 -0.00163551 -1.6864 -0.00251773 0.00161489 0.999996 99.4105 
0.999949 0.00967089 0.00306585 -1.60251 -0.00966666 0.999952 -0.00137944 -1.71367 -0.00307908 0.00134977 0.999994 100.775 
0.999943 0.0102001 0.00329477 -1.62416 -0.0102005 0.999948 0.000107278 -1.73914 -0.00329354 -0.000140838 0.999995 102.145 
0.999933 0.011071 0.0033266 -1.64471 -0.0110761 0.999938 0.00153544 -1.76821 -0.00330944 -0.00157214 0.999993 103.515 
0.999938 0.0105135 0.00359635 -1.66726 -0.0105134 0.999945 -3.71136e-05 -1.79071 -0.00359658 -6.56692e-07 0.999994 104.883 
0.999935 0.0105968 0.00417197 -1.69894 -0.0105865 0.999941 -0.00246692 -1.81454 -0.00419791 0.00242263 0.999988 106.242 
0.999942 0.00998133 0.00399976 -1.72114 -0.00996642 0.999943 -0.00372053 -1.84049 -0.00403671 0.00368049 0.999985 107.593 
0.99996 0.00791148 0.00422965 -1.7383 -0.00790066 0.999966 -0.00255856 -1.86656 -0.00424979 0.00252508 0.999988 108.937 
0.999973 0.00549025 0.00492125 -1.75864 -0.00548615 0.999985 -0.000837384 -1.88937 -0.00492581 0.000810404 0.999988 110.296 
0.999973 0.00416724 0.00609193 -1.77353 -0.00416474 0.999991 -0.000415094 -1.91249 -0.00609365 0.000389753 0.999981 111.654 
0.999972 0.0034039 0.00660228 -1.77842 -0.00339118 0.999992 -0.00193053 -1.93564 -0.00660885 0.00190813 0.999976 113.003 
0.999956 0.00568901 0.00742303 -1.79507 -0.005655 0.999974 -0.00458935 -1.95859 -0.00744899 0.00454722 0.999962 114.356 
0.999931 0.00789174 0.00876006 -1.81064 -0.0078325 0.999946 -0.00677179 -1.98709 -0.00881308 0.00670274 0.999939 115.696 
0.999884 0.0112462 0.0102617 -1.82864 -0.0111754 0.999914 -0.00693442 -2.01568 -0.0103388 0.00681898 0.999923 117.041 
0.999852 0.0122578 0.0120351 -1.84377 -0.0121978 0.999913 -0.00504751 -2.04482 -0.0120959 0.00490001 0.999915 118.399 
0.999834 0.012436 0.0133083 -1.85093 -0.0123971 0.999919 -0.00300048 -2.07219 -0.0133446 0.00283504 0.999907 119.758 
0.999831 0.0117682 0.0141153 -1.85626 -0.0117333 0.999928 -0.00255108 -2.09595 -0.0141443 0.00238507 0.999897 121.117 
0.999806 0.0123892 0.0153425 -1.86271 -0.0123404 0.999919 -0.00327075 -2.12004 -0.0153818 0.00308083 0.999877 122.469 
0.999759 0.0142304 0.0166898 -1.86957 -0.0141665 0.999892 -0.00393572 -2.14684 -0.0167441 0.00369838 0.999853 123.811 
0.999707 0.0162276 0.0179709 -1.87358 -0.0161534 0.99986 -0.00426352 -2.17374 -0.0180376 0.00397202 0.999829 125.169 
0.999678 0.0167413 0.0190857 -1.87678 -0.0166436 0.999848 -0.0052622 -2.20254 -0.0191709 0.00494289 0.999804 126.504 
0.999633 0.0181077 0.0201666 -1.8796 -0.0179846 0.999819 -0.00626593 -2.22905 -0.0202764 0.00590098 0.999777 127.869 
0.999623 0.0172579 0.0213439 -1.87518 -0.0171202 0.999832 -0.00661552 -2.25759 -0.0214546 0.00624766 0.99975 129.23 
0.999604 0.0168467 0.0225266 -1.87456 -0.0167252 0.999845 -0.00556782 -2.2851 -0.0226169 0.0051889 0.999731 130.595 
0.999592 0.0157986 0.0238 -1.87585 -0.0156871 0.999865 -0.00486415 -2.31006 -0.0238737 0.00448885 0.999705 131.968 
0.999593 0.0149557 0.0243104 -1.87165 -0.0148482 0.999879 -0.00459552 -2.33565 -0.0243762 0.00423272 0.999694 133.329 
0.999614 0.0127486 0.0246812 -1.87047 -0.0126442 0.999911 -0.00437751 -2.36451 -0.0247348 0.00406379 0.999686 134.698 
0.999633 0.0110999 0.0247271 -1.86495 -0.0110076 0.999932 -0.00386182 -2.39162 -0.0247683 0.00358825 0.999687 136.053 
0.999657 0.00964041 0.024341 -1.85842 -0.00954322 0.999946 -0.00410397 -2.41896 -0.0243793 0.00387031 0.999695 137.416 
0.99969 0.00839851 0.0234314 -1.85479 -0.00829954 0.999956 -0.00431594 -2.44523 -0.0234667 0.00412018 0.999716 138.777 
0.999721 0.0070132 0.0225392 -1.84929 -0.00693754 0.99997 -0.00343137 -2.47122 -0.0225627 0.00327409 0.99974 140.14 
0.999753 0.00549772 0.0215558 -1.84334 -0.0054287 0.99998 -0.00325713 -2.5004 -0.0215734 0.00313935 0.999762 141.49 
0.999781 0.00510068 0.0202977 -1.84049 -0.00503661 0.999982 -0.00320443 -2.52945 -0.0203138 0.00310153 0.999789 142.838 
0.999803 0.00479015 0.0192814 -1.84135 -0.00471908 0.999982 -0.00372765 -2.55913 -0.019299 0.00363596 0.999807 144.189 
0.99982 0.00490149 0.0183111 -1.84112 -0.00482621 0.99998 -0.00415077 -2.58642 -0.0183312 0.00406169 0.999824 145.546 
0.999843 0.00260488 0.0175149 -1.8433 -0.00249148 0.999976 -0.00649094 -2.61482 -0.0175314 0.00644632 0.999826 146.896 
0.999863 -0.0027918 0.0163199 -1.83448 0.00290219 0.999973 -0.0067415 -2.64776 -0.0163006 0.00678798 0.999844 148.25 
0.999826 -0.010467 0.0154411 -1.82613 0.0105349 0.999935 -0.00432292 -2.67768 -0.0153949 0.00448488 0.999871 149.596 
0.99976 -0.0171825 0.013625 -1.81503 0.0172229 0.999848 -0.0028537 -2.70518 -0.0135739 0.00308772 0.999903 150.949 
0.999712 -0.0202717 0.012856 -1.81337 0.0203537 0.999773 -0.00628039 -2.73295 -0.0127258 0.00654029 0.999898 152.309 
0.99972 -0.0196326 0.013196 -1.81687 0.0197587 0.99976 -0.00948623 -2.76468 -0.0130066 0.00974436 0.999868 153.669 
0.999766 -0.0163555 0.0141445 -1.82403 0.0165218 0.999795 -0.0117201 -2.79948 -0.0139499 0.0119511 0.999831 155.028 
0.999753 -0.0164236 0.0149561 -1.82835 0.0166023 0.999791 -0.011902 -2.83519 -0.0147575 0.0121474 0.999817 156.386 
0.999683 -0.0197372 0.0156498 -1.82633 0.0198695 0.999768 -0.00834115 -2.87297 -0.0154816 0.0086495 0.999843 157.744 
0.999565 -0.0248441 0.0158943 -1.81618 0.0249354 0.999674 -0.00556786 -2.90578 -0.0157508 0.00596181 0.999858 159.103 
0.999459 -0.0287607 0.0159315 -1.80664 0.028829 0.999576 -0.00407287 -2.93949 -0.0158077 0.00453 0.999865 160.477 
0.999414 -0.0301686 0.0161527 -1.80725 0.0302413 0.999534 -0.00427801 -2.96828 -0.0160162 0.00476403 0.99986 161.835 
0.999453 -0.0282429 0.0172307 -1.81003 0.0283066 0.999593 -0.00346077 -3.00052 -0.017126 0.00394666 0.999846 163.19 
0.999533 -0.0243236 0.0184821 -1.81503 0.024409 0.999692 -0.00440225 -3.03088 -0.0183694 0.00485137 0.99982 164.544 
0.999594 -0.0207539 0.0195286 -1.82058 0.0208877 0.99976 -0.00666686 -3.06153 -0.0193856 0.00707211 0.999787 165.895 
0.999637 -0.0177867 0.0202218 -1.81835 0.0179361 0.999813 -0.00722708 -3.09275 -0.0200895 0.0075872 0.999769 167.258 
0.999659 -0.0159505 0.0206702 -1.81244 0.0160801 0.999852 -0.00611419 -3.1264 -0.0205696 0.00644452 0.999768 168.635 
0.999689 -0.0139781 0.0206315 -1.80879 0.0141148 0.999879 -0.00649246 -3.15924 -0.0205383 0.00678169 0.999766 170.009 
0.999723 -0.0119024 0.0202821 -1.80981 0.0120845 0.999888 -0.00887859 -3.19351 -0.0201742 0.00912128 0.999755 171.374 
0.999767 -0.00780419 0.0201432 -1.81699 0.00804253 0.999898 -0.0117762 -3.23015 -0.0200493 0.0119355 0.999728 172.736 
0.999794 -0.0024357 0.0201728 -1.82426 0.00270241 0.999909 -0.013202 -3.2668 -0.0201389 0.0132538 0.999709 174.112 
0.999787 0.00226136 0.0204923 -1.82652 -0.00201313 0.999925 -0.0121239 -3.3056 -0.0205183 0.0120801 0.999717 175.493 
0.999761 0.00528325 0.0212158 -1.82968 -0.00506587 0.999934 -0.0102849 -3.34407 -0.0212688 0.010175 0.999722 176.877 
0.999755 0.00605101 0.0213024 -1.82474 -0.00587605 0.999949 -0.00826442 -3.37786 -0.0213514 0.00813726 0.999739 178.279 
0.999781 0.0031435 0.0206782 -1.82123 -0.00298976 0.999968 -0.00745984 -3.40877 -0.020701 0.00739643 0.999758 179.662 
0.999818 0.000832959 0.019078 -1.81649 -0.000693716 0.999973 -0.00730185 -3.4439 -0.0190836 0.00728732 0.999791 181.053 
0.999851 0.000725751 0.0172437 -1.81417 -0.000527587 0.999934 -0.0114912 -3.47976 -0.0172509 0.0114805 0.999785 182.449 
0.999869 0.00266376 0.0159516 -1.81804 -0.00241297 0.999874 -0.0157182 -3.51875 -0.0159915 0.0156777 0.999749 183.851 
0.999854 0.0073104 0.0154344 -1.82988 -0.00705855 0.999842 -0.016306 -3.56329 -0.0155512 0.0161948 0.999748 185.252 
0.999822 0.0107151 0.0155288 -1.83982 -0.0104787 0.999829 -0.0152271 -3.60844 -0.0156893 0.0150617 0.999764 186.659 
0.999793 0.0127697 0.0158518 -1.84688 -0.0125823 0.99985 -0.0118658 -3.64748 -0.016001 0.011664 0.999804 188.072 
0.999784 0.0133249 0.0159268 -1.84804 -0.013168 0.999864 -0.00991456 -3.68191 -0.0160568 0.00970274 0.999824 189.513 
0.99979 0.0127769 0.0160383 -1.85323 -0.0126304 0.999878 -0.00919889 -3.71046 -0.016154 0.00899442 0.999829 190.961 
0.999813 0.0109278 0.0159446 -1.85174 -0.0107903 0.999904 -0.00868083 -3.73977 -0.016038 0.0085072 0.999835 192.417 
0.999835 0.0083047 0.0161833 -1.85416 -0.00817392 0.999934 -0.00812795 -3.77327 -0.0162498 0.00799436 0.999836 193.851 
0.999853 0.00529752 0.0163104 -1.85419 -0.00516583 0.999954 -0.00810288 -3.80668 -0.0163526 0.00801748 0.999834 195.288 
0.999858 0.00221884 0.0167299 -1.85164 -0.00209848 0.999972 -0.00720617 -3.83584 -0.0167454 0.00717008 0.999834 196.734 
0.999853 -0.00187717 0.0170727 -1.84376 0.00197686 0.999981 -0.00582145 -3.86289 -0.0170615 0.00585438 0.999837 198.193 
0.999839 -0.00451648 0.0173573 -1.83737 0.00461953 0.999972 -0.005899 -3.89481 -0.0173302 0.00597827 0.999832 199.648 
0.999842 -0.00231334 0.0176305 -1.83873 0.00249622 0.999943 -0.0103555 -3.92939 -0.0176056 0.0103979 0.999791 201.082 
0.999824 0.00504016 0.0180668 -1.84882 -0.00476198 0.99987 -0.0154053 -3.97062 -0.0181421 0.0153166 0.999718 202.512 
0.999712 0.0140698 0.0194186 -1.86111 -0.0137687 0.999784 -0.0155508 -4.01 -0.0196333 0.015279 0.999691 203.941 
0.999554 0.0216757 0.020526 -1.87483 -0.0214314 0.999698 -0.0120472 -4.05227 -0.020781 0.011602 0.999717 205.377 
0.99951 0.022679 0.0215678 -1.87991 -0.0224667 0.999697 -0.0100315 -4.08738 -0.0217888 0.00954212 0.999717 206.844 
0.999565 0.0207037 0.020992 -1.87008 -0.0205058 0.999744 -0.00959862 -4.11998 -0.0211854 0.00916403 0.999734 208.302 
0.999646 0.0176958 0.0198706 -1.86434 -0.0175073 0.999801 -0.00961586 -4.15603 -0.0200368 0.00926462 0.999756 209.76 
0.999698 0.0155614 0.0190084 -1.86352 -0.0153695 0.99983 -0.0101983 -4.19248 -0.0191639 0.00990316 0.999767 211.225 
0.999698 0.0162256 0.0184826 -1.86134 -0.0160295 0.999814 -0.0107107 -4.23117 -0.018653 0.0104113 0.999772 212.699 
0.999675 0.0176114 0.0184485 -1.86322 -0.0174175 0.999792 -0.0106159 -4.27011 -0.0186317 0.0102911 0.999773 214.169 
0.999648 0.0188876 0.01864 -1.86968 -0.0187067 0.999777 -0.00983326 -4.30713 -0.0188216 0.00948114 0.999778 215.646 
0.999662 0.0182582 0.018527 -1.87042 -0.0180682 0.999783 -0.0103708 -4.34633 -0.0187123 0.0100326 0.999775 217.117 
0.999667 0.0181709 0.0183051 -1.87119 -0.0179624 0.999773 -0.0114857 -4.38333 -0.0185097 0.0111531 0.999767 218.586 
0.999679 0.0176914 0.0181462 -1.87534 -0.0174797 0.999778 -0.0117564 -4.42381 -0.0183502 0.0114355 0.999766 220.063 
0.999675 0.0180342 0.0180211 -1.88037 -0.0178206 0.99977 -0.0119381 -4.46247 -0.0182323 0.0116131 0.999766 221.556 
0.999666 0.0185643 0.0179756 -1.88398 -0.0183453 0.999756 -0.0122698 -4.50124 -0.018199 0.011936 0.999763 223.059 
0.99967 0.0185571 0.0177473 -1.88638 -0.0183368 0.999754 -0.01249 -4.54233 -0.0179747 0.0121605 0.999765 224.552 
0.999658 0.0196599 0.0172437 -1.88635 -0.0194385 0.999728 -0.0129083 -4.5836 -0.0174928 0.0125687 0.999768 226.054 
0.999662 0.0196044 0.0170674 -1.89076 -0.0193824 0.999727 -0.0130704 -4.6245 -0.017319 0.0127352 0.999769 227.559 
0.999666 0.0197179 0.016718 -1.88898 -0.0195003 0.999724 -0.0130786 -4.669 -0.0169713 0.0127482 0.999775 229.063 
0.999679 0.0190922 0.0166289 -1.89254 -0.0188748 0.999736 -0.0131293 -4.71108 -0.0168752 0.0128112 0.999776 230.566 
0.9997 0.0177466 0.0168726 -1.89563 -0.0175237 0.999759 -0.0132629 -4.75546 -0.017104 0.0129633 0.99977 232.075 
0.999716 0.0166679 0.0170548 -1.89463 -0.0164459 0.999779 -0.0130717 -4.79702 -0.0172689 0.0127876 0.999769 233.594 
0.999729 0.0153932 0.0174594 -1.89993 -0.0151792 0.999809 -0.012326 -4.84107 -0.0176459 0.0120577 0.999772 235.112 
0.999728 0.0153991 0.0174919 -1.90078 -0.0151885 0.999811 -0.0121067 -4.88405 -0.017675 0.0118378 0.999774 236.633 
0.999722 0.0155577 0.0176928 -1.90237 -0.015341 0.999807 -0.0123114 -4.93084 -0.017881 0.0120366 0.999768 238.155 
0.999705 0.0162344 0.0180484 -1.90067 -0.016003 0.999789 -0.0128925 -4.97573 -0.0182539 0.0126 0.999754 239.668 
0.999672 0.0176153 0.0186057 -1.90546 -0.0173891 0.999774 -0.0122454 -5.01913 -0.0188172 0.0119179 0.999752 241.189 
0.99965 0.0177597 0.0196021 -1.91455 -0.0175631 0.999794 -0.0101512 -5.06227 -0.0197784 0.00980337 0.999756 242.709 
0.999636 0.0177647 0.0203054 -1.91401 -0.0175689 0.999798 -0.00978293 -5.10189 -0.0204752 0.00942266 0.999746 244.234 
0.999625 0.0179462 0.0207008 -1.91091 -0.0177125 0.999778 -0.0114155 -5.14525 -0.0209012 0.0110446 0.999721 245.752 
0.999609 0.0182531 0.0211786 -1.90986 -0.0179872 0.999758 -0.0126768 -5.18742 -0.0214049 0.012291 0.999695 247.28 
0.999582 0.019151 0.021676 -1.91177 -0.0188876 0.999746 -0.0122934 -5.2306 -0.021906 0.0118789 0.99969 248.806 
0.999592 0.0186289 0.0216342 -1.90978 -0.0183868 0.999767 -0.0113349 -5.27182 -0.0218404 0.0109325 0.999702 250.351 
0.999592 0.0187301 0.0215527 -1.90961 -0.0184961 0.999768 -0.0110017 -5.31198 -0.0217538 0.0105986 0.999707 251.907 
0.999589 0.0191774 0.021303 -1.90432 -0.0189438 0.999759 -0.0111122 -5.34721 -0.021511 0.0107041 0.999711 253.44 
0.999553 0.0207635 0.0215101 -1.9014 -0.0205291 0.999728 -0.0110601 -5.38669 -0.021734 0.0106136 0.999707 255.001 
0.999519 0.0221104 0.0217659 -1.8972 -0.0218671 0.999696 -0.0113545 -5.42349 -0.0220104 0.0108731 0.999699 256.548 
0.999514 0.0223159 0.0217582 -1.89118 -0.0220777 0.999694 -0.0111247 -5.4647 -0.0219999 0.010639 0.999701 258.113 
0.99954 0.0211077 0.0217927 -1.88383 -0.0208693 0.999721 -0.0111071 -5.50558 -0.0220211 0.0106472 0.999701 259.653 
0.999578 0.019283 0.0217346 -1.87951 -0.0190608 0.999764 -0.0103838 -5.54586 -0.0219298 0.00996513 0.99971 261.194 
0.999624 0.0165997 0.0218266 -1.87068 -0.016396 0.999821 -0.00947684 -5.587 -0.02198 0.00911545 0.999717 262.734 
0.999656 0.0150373 0.0214771 -1.86002 -0.0148211 0.999838 -0.0101917 -5.62875 -0.0216269 0.00986994 0.999717 264.276 
0.999672 0.0141442 0.0213471 -1.85018 -0.0139048 0.999839 -0.0113226 -5.66846 -0.0215038 0.0110221 0.999708 265.825 
0.999678 0.0126594 0.022011 -1.84331 -0.0124515 0.999877 -0.00955467 -5.70914 -0.0221293 0.00927756 0.999712 267.373 
0.99968 0.0109549 0.0227829 -1.84139 -0.0107757 0.99991 -0.00797109 -5.74905 -0.0228682 0.00772308 0.999709 268.931 
0.999697 0.00948964 0.0227028 -1.83367 -0.00929104 0.999918 -0.00883542 -5.78894 -0.0227848 0.00862186 0.999703 270.486 
0.999686 0.00917366 0.0233287 -1.82714 -0.00894587 0.999912 -0.00984814 -5.82938 -0.023417 0.00963639 0.999679 272.034 
0.999663 0.0098343 0.0240261 -1.81891 -0.00959176 0.999902 -0.0101879 -5.86982 -0.024124 0.00995401 0.999659 273.582 
0.999621 0.0117511 0.024907 -1.81137 -0.0114998 0.999882 -0.0102055 -5.91271 -0.025024 0.00991528 0.999638 275.13 
0.999576 0.0133624 0.0258533 -1.80252 -0.0130908 0.999858 -0.0106469 -5.95359 -0.025992 0.010304 0.999609 276.687 
0.999528 0.0148051 0.0269223 -1.79344 -0.0145087 0.999832 -0.0111699 -5.99514 -0.0270832 0.0107741 0.999575 278.24 
0.9995 0.0152623 0.0276963 -1.78048 -0.0149505 0.999823 -0.0114303 -6.03684 -0.0278659 0.0110105 0.999551 279.796 
0.99949 0.0151243 0.0281185 -1.76364 -0.0147847 0.999816 -0.0122439 -6.07852 -0.0282985 0.011822 0.99953 281.362 
0.999467 0.0147252 0.0291508 -1.74876 -0.0143615 0.999817 -0.0126433 -6.12617 -0.0293317 0.0122179 0.999495 282.908 
0.999438 0.014697 0.0301288 -1.72989 -0.0143306 0.999821 -0.0123425 -6.1757 -0.0303048 0.0119038 0.99947 284.477 
0.999436 0.0133051 0.0308319 -1.71292 -0.012958 0.999851 -0.0114292 -6.21957 -0.0309794 0.0110232 0.999459 286.051 
0.999442 0.012064 0.0311568 -1.6945 -0.0117245 0.99987 -0.0110544 -6.26368 -0.0312861 0.010683 0.999453 287.605 
0.999449 0.0115764 0.0310997 -1.67729 -0.0111652 0.999848 -0.013362 -6.31174 -0.0312497 0.0130074 0.999427 289.181 
0.99946 0.0104648 0.0311557 -1.65755 -0.00998361 0.999829 -0.0155584 -6.35807 -0.0313132 0.015239 0.999393 290.742 
0.999479 0.0106007 0.0304859 -1.63537 -0.0101336 0.99983 -0.015435 -6.41111 -0.0306443 0.015118 0.999416 292.286 
0.999522 0.00953473 0.0294022 -1.61546 -0.00908705 0.999841 -0.0153206 -6.45656 -0.0295437 0.0150462 0.99945 293.832 
0.999556 0.00896957 0.0284047 -1.60066 -0.00852241 0.999839 -0.015823 -6.50687 -0.0285421 0.015574 0.999471 295.411 
0.999569 0.00915715 0.0278883 -1.58639 -0.00870802 0.999831 -0.0161821 -6.55346 -0.0280318 0.0159323 0.99948 297.01 
0.999591 0.00878761 0.0272093 -1.57171 -0.00836424 0.999843 -0.0156331 -6.60349 -0.0273424 0.0153992 0.999508 298.586 
0.999622 0.008296 0.0262281 -1.55904 -0.00789055 0.999848 -0.0155227 -6.64961 -0.0263529 0.0153099 0.999536 300.158 
0.999652 0.00752379 0.0252728 -1.54948 -0.00716818 0.999875 -0.0141307 -6.693 -0.025376 0.0139446 0.999581 301.762 
0.999648 0.00940818 0.0248139 -1.54875 -0.00908705 0.999874 -0.0130208 -6.73655 -0.0249333 0.0127908 0.999607 303.374 
0.999627 0.00968723 0.0255557 -1.54237 -0.00935482 0.999871 -0.013093 -6.77715 -0.0256793 0.0128491 0.999588 304.98 
0.9996 0.0102432 0.0263664 -1.52932 -0.00988766 0.999859 -0.0135795 -6.81813 -0.0265019 0.0133134 0.99956 306.589 
0.999603 0.00900524 0.0267087 -1.51755 -0.00863873 0.999867 -0.0138047 -6.86457 -0.0268295 0.0135686 0.999548 308.195 
0.999628 0.00691779 0.0263774 -1.48273 -0.0065302 0.99987 -0.0147501 -6.9118 -0.026476 0.0145724 0.999543 309.809 
0.999624 0.00561105 0.0268247 -1.47377 -0.00516407 0.999847 -0.0167019 -6.96042 -0.0269143 0.0165572 0.999501 311.433 
0.999637 0.00494533 0.0264672 -1.45573 -0.00447948 0.999835 -0.0176296 -7.01308 -0.02655 0.0175047 0.999494 313.047 
0.999693 0.00567834 0.0241355 -1.44388 -0.00522782 0.999812 -0.0186868 -7.06248 -0.0242371 0.0185549 0.999534 314.671 
0.999736 0.00676288 0.0219706 -1.43909 -0.00636728 0.999817 -0.0180246 -7.1161 -0.0220886 0.01788 0.999596 316.287 
0.99974 0.00759569 0.021482 -1.43294 -0.00728081 0.999866 -0.0146962 -7.16809 -0.0215908 0.014536 0.999661 317.925 
0.999742 0.00627541 0.0218361 -1.41322 -0.00601643 0.999911 -0.0119037 -7.21097 -0.0219089 0.0117692 0.999691 319.584 
0.999747 0.0053412 0.0218636 -1.40784 -0.00509477 0.999923 -0.0113095 -7.25147 -0.0219223 0.0111953 0.999697 321.22 
0.999748 0.00424331 0.0220678 -1.40043 -0.00396796 0.999914 -0.0125044 -7.2965 -0.022119 0.0124137 0.999678 322.866 
0.999739 0.00337523 0.0225789 -1.3983 -0.00309128 0.999916 -0.0125971 -7.34035 -0.0226195 0.0125241 0.999666 324.517 
0.999728 0.00320446 0.0231157 -1.39666 -0.00291885 0.999919 -0.0123772 -7.3869 -0.0231536 0.0123064 0.999656 326.174 
0.999711 0.00330343 0.0238213 -1.39362 -0.00300776 0.999918 -0.0124352 -7.43427 -0.0238605 0.01236 0.999639 327.828 
0.999695 0.00473366 0.0242471 -1.39002 -0.00441063 0.999901 -0.0133572 -7.48337 -0.0243079 0.0132462 0.999617 329.48 
0.999668 0.0055491 0.0251518 -1.38771 -0.00519856 0.999889 -0.013979 -7.53212 -0.0252266 0.0138437 0.999586 331.129 
0.999644 0.0042096 0.0263365 -1.3849 -0.00388953 0.999918 -0.0121908 -7.57867 -0.0263857 0.012084 0.999579 332.763 
0.999641 0.00342898 0.0265872 -1.3783 -0.00312634 0.99993 -0.0114146 -7.62698 -0.0266245 0.0113275 0.999581 334.421 
0.999644 0.00208849 0.0266109 -1.36357 -0.00175491 0.99992 -0.0125509 -7.67181 -0.0266351 0.0124997 0.999567 336.051 
0.999631 0.00351814 0.0269186 -1.35492 -0.00318501 0.999918 -0.0124069 -7.72396 -0.0269601 0.0123167 0.999561 337.679 
0.999632 0.00522984 0.0266362 -1.34463 -0.00484783 0.999885 -0.0143849 -7.77709 -0.0267084 0.0142505 0.999542 339.302 
0.999627 0.00673803 0.0264858 -1.34812 -0.00627618 0.999828 -0.0174804 -7.82202 -0.026599 0.0173077 0.999496 340.949 
0.999627 0.00816107 0.0260599 -1.34358 -0.00771719 0.999824 -0.0170866 -7.87512 -0.0261948 0.0168792 0.999514 342.58 
0.999646 0.00876266 0.0251333 -1.34027 -0.00841901 0.99987 -0.0137449 -7.92459 -0.0252505 0.0135285 0.99959 344.211 
0.999668 0.00965455 0.0238968 -1.3269 -0.00939876 0.999898 -0.0107915 -7.97581 -0.0239986 0.0105634 0.999656 345.855 
0.999678 0.0101501 0.0232564 -1.34178 -0.00986321 0.999874 -0.0124173 -8.01488 -0.0233796 0.012184 0.999652 347.51 
0.999718 0.00965119 0.021679 -1.33789 -0.00935192 0.99986 -0.0138617 -8.06105 -0.0218098 0.0136551 0.999669 349.128 
0.999761 0.00844378 0.0201859 -1.33954 -0.00819126 0.999888 -0.012558 -8.11191 -0.0202897 0.0123897 0.999717 350.756 
0.999782 0.00709488 0.0196375 -1.34321 -0.00685436 0.999901 -0.0122864 -8.15833 -0.0197227 0.0121491 0.999732 352.379 
0.999792 0.00684548 0.0192167 -1.34453 -0.00659537 0.999893 -0.0130464 -8.20647 -0.019304 0.012917 0.99973 354.005 
0.999799 0.00634167 0.0190228 -1.34359 -0.00607765 0.999885 -0.0139025 -8.25661 -0.0191088 0.0137841 0.999722 355.629 
0.9998 0.00616795 0.0190092 -1.33969 -0.00589913 0.999882 -0.0141634 -8.3038 -0.0190944 0.0140484 0.999719 357.24 
0.999795 0.00574682 0.019418 -1.34516 -0.00546504 0.99988 -0.0145313 -8.35093 -0.0194992 0.0144222 0.999706 358.848 
0.999798 0.00511763 0.0194542 -1.34645 -0.00482253 0.999873 -0.0151833 -8.40002 -0.0195295 0.0150865 0.999695 360.458 
0.999801 0.00470268 0.0194093 -1.34493 -0.00439502 0.999865 -0.0158613 -8.45155 -0.0194813 0.0157728 0.999686 362.059 
0.999802 0.00386943 0.0195048 -1.34246 -0.00356454 0.999871 -0.0156397 -8.50318 -0.0195629 0.0155671 0.999687 363.673 
0.999798 0.00403362 0.0197081 -1.34212 -0.00371153 0.999859 -0.01635 -8.55586 -0.0197713 0.0162736 0.999672 365.273 
0.999798 0.00238486 0.0199434 -1.34628 -0.002035 0.999844 -0.0175421 -8.61164 -0.0199821 0.017498 0.999647 366.882 
0.999799 0.000855524 0.0200083 -1.34776 -0.000538452 0.999874 -0.0158449 -8.66229 -0.0200194 0.015831 0.999674 368.494 
0.999801 -0.00095742 0.0199141 -1.34161 0.00125577 0.999887 -0.0149728 -8.71498 -0.0198976 0.0149949 0.99969 370.108 
0.999797 -0.00137106 0.0201005 -1.3394 0.00169315 0.99987 -0.0160136 -8.76436 -0.020076 0.0160444 0.99967 371.711 
0.999793 -0.000548135 0.0203256 -1.33684 0.000885731 0.999862 -0.016602 -8.81847 -0.0203137 0.0166166 0.999656 373.311 
0.999786 0.000880653 0.020672 -1.33817 -0.000552313 0.999874 -0.0158816 -8.86858 -0.0206834 0.0158668 0.99966 374.935 
0.999773 0.00242495 0.0211704 -1.3401 -0.00210351 0.999882 -0.0151905 -8.91746 -0.0212048 0.0151425 0.999661 376.55 
0.99976 0.00289234 0.0217135 -1.33865 -0.00255345 0.999875 -0.0156169 -8.96704 -0.021756 0.0155578 0.999642 378.165 
0.999757 0.00283266 0.0218616 -1.33467 -0.00247115 0.99986 -0.0165437 -9.01728 -0.0219055 0.0164857 0.999624 379.776 
0.999758 0.00274687 0.0218262 -1.31995 -0.0023795 0.999855 -0.016838 -9.06808 -0.0218693 0.0167821 0.99962 381.417 
0.99975 0.00330329 0.0221292 -1.30545 -0.00292631 0.99985 -0.0170443 -9.12313 -0.0221822 0.0169753 0.99961 383.051 
0.999741 0.0045702 0.0222807 -1.30867 -0.00419039 0.999846 -0.0170617 -9.17406 -0.0223553 0.0169639 0.999606 384.698 
0.999726 0.00605057 0.0225967 -1.306 -0.00567506 0.999845 -0.0166434 -9.228 -0.022694 0.0165107 0.999606 386.347 
0.999712 0.00743006 0.0228098 -1.29497 -0.00703422 0.999824 -0.0173832 -9.28194 -0.022935 0.0172178 0.999589 387.986 
0.999704 0.00825059 0.0228776 -1.28245 -0.0078341 0.999803 -0.0182333 -9.33074 -0.0230236 0.0180488 0.999572 389.631 
0.999693 0.00904617 0.0230605 -1.27345 -0.00862079 0.999792 -0.0184775 -9.38199 -0.0232229 0.0182731 0.999563 391.262 
0.999681 0.00996151 0.0231922 -1.2677 -0.00955002 0.999796 -0.0177845 -9.43107 -0.0233647 0.0175573 0.999573 392.917 
0.999672 0.0108731 0.0231999 -1.25448 -0.0104675 0.999792 -0.0175307 -9.48491 -0.0233858 0.0172821 0.999577 394.557 
0.999651 0.0117601 0.0236599 -1.25036 -0.0113298 0.99977 -0.0182391 -9.53776 -0.023869 0.0179647 0.999554 396.194 
0.999639 0.012115 0.0239788 -1.24076 -0.0116832 0.999769 -0.0180665 -9.59148 -0.0241921 0.0177799 0.999549 397.834 
0.999635 0.0121962 0.0241229 -1.23114 -0.011769 0.999773 -0.0177714 -9.6414 -0.0243342 0.017481 0.999551 399.485 
0.999631 0.0121489 0.024281 -1.22119 -0.0116938 0.999755 -0.0187959 -9.69849 -0.0245035 0.018505 0.999529 401.117 
0.999638 0.011396 0.0243877 -1.20704 -0.0109152 0.999745 -0.0197562 -9.75614 -0.0246067 0.0194829 0.999507 402.743 
0.999638 0.0109024 0.0246182 -1.19785 -0.0104155 0.999749 -0.0198163 -9.81351 -0.0248281 0.0195528 0.999501 404.398 
0.99963 0.0108847 0.024929 -1.18855 -0.0104213 0.999772 -0.0186436 -9.86446 -0.0251263 0.018377 0.999515 406.057 
0.999642 0.00927903 0.0250967 -1.1751 -0.00884776 0.999812 -0.0172392 -9.9209 -0.025252 0.017011 0.999536 407.709 
0.999651 0.00769782 0.0252687 -1.15608 -0.0072445 0.999812 -0.0179811 -9.97945 -0.0254024 0.0177918 0.999519 409.339 
0.999652 0.00677096 0.025511 -1.15086 -0.00629319 0.999804 -0.0187602 -10.0382 -0.0256331 0.0185932 0.999499 411.001 
