1 2.12261e-08 -2.11895e-08 0 2.12261e-08 1 2.10703e-08 0 -2.11895e-08 2.10703e-08 1 0 
0.999997 -0.00175017 -0.00163786 -0.00751371 0.00174887 0.999998 -0.000819026 -0.0111352 0.00163925 0.000816201 0.999998 0.574516 
0.999993 -0.00234889 -0.00297865 -0.0139035 0.00234229 0.999995 -0.00223121 -0.0225736 0.00298383 0.00222426 0.999993 1.1487 
0.999984 -0.00264362 -0.00497458 -0.0259946 0.00262562 0.99999 -0.00362903 -0.0341917 0.00498409 0.00361595 0.999981 1.71749 
0.999965 -0.00480925 -0.00690493 -0.0370025 0.00477236 0.999974 -0.00535537 -0.0447337 0.00693046 0.00532227 0.999962 2.28264 
0.999938 -0.00721807 -0.00847137 -0.0497092 0.00715674 0.999948 -0.0072525 -0.0559946 0.00852324 0.00719147 0.999938 2.85626 
0.999913 -0.00844319 -0.0101736 -0.0588445 0.00836011 0.999932 -0.00818514 -0.0634546 0.0102419 0.00809941 0.999915 3.43833 
0.999898 -0.00856122 -0.0114735 -0.0770108 0.00847477 0.999936 -0.00756598 -0.0759632 0.0115375 0.00746801 0.999906 4.02738 
0.999881 -0.0088927 -0.0125771 -0.0962145 0.00879307 0.99993 -0.0079586 -0.091141 0.012647 0.0078471 0.999889 4.62118 
0.999874 -0.00824459 -0.013591 -0.118204 0.0080978 0.999909 -0.0108232 -0.105144 0.0136789 0.0107118 0.999849 5.22315 
0.999869 -0.00649041 -0.0148623 -0.139546 0.00627193 0.999872 -0.0147028 -0.119994 0.0149558 0.0146077 0.999781 5.8287 
0.999859 -0.00511649 -0.0159857 -0.167168 0.00481956 0.999816 -0.0185613 -0.133618 0.0160777 0.0184817 0.9997 6.44856 
0.999848 -0.00327627 -0.0171455 -0.192713 0.00295624 0.999822 -0.01866 -0.144651 0.0172036 0.0186065 0.999679 7.08272 
0.999833 -0.000847282 -0.0182532 -0.22294 0.000633482 0.999931 -0.0117179 -0.157918 0.0182619 0.0117044 0.999765 7.74321 
0.999819 -8.21772e-05 -0.019051 -0.250136 5.6393e-05 0.999999 -0.00135617 -0.169186 0.019051 0.0013549 0.999818 8.41877 
0.999801 0.00105612 -0.0198986 -0.276561 -0.00095265 0.999986 0.00520673 -0.181804 0.0199038 -0.00518669 0.999788 9.10106 
0.999771 0.00320155 -0.0211686 -0.305725 -0.00310944 0.999986 0.0043809 -0.19785 0.0211823 -0.00431404 0.999766 9.78987 
0.999746 0.00538006 -0.0218815 -0.341548 -0.00544796 0.999981 -0.00304664 -0.203121 0.0218647 0.00316512 0.999756 10.4892 
0.99972 0.00495963 -0.0231475 -0.370048 -0.00517185 0.999945 -0.00911932 -0.202844 0.023101 0.00923652 0.999691 11.2052 
0.999698 0.00280354 -0.0244075 -0.396448 -0.00298794 0.999967 -0.00752347 -0.20566 0.0243855 0.00759417 0.999674 11.9478 
0.999684 0.00173485 -0.0250776 -0.422952 -0.00169111 0.999997 0.00176343 -0.214378 0.0250805 -0.00172042 0.999684 12.7153 
0.999678 0.0011922 -0.0253513 -0.459887 -0.00095875 0.999957 0.00921711 -0.223809 0.0253611 -0.00918979 0.999636 13.4991 
0.99966 0.000413487 -0.0260678 -0.49208 -0.000110953 0.999933 0.0116045 -0.226334 0.0260708 -0.0115976 0.999593 14.3006 
0.999657 -0.00159632 -0.0261471 -0.523581 0.00187427 0.999942 0.0106076 -0.226809 0.0261286 -0.0106529 0.999602 15.1134 
0.999665 -0.0019478 -0.0258294 -0.555823 0.0021551 0.999966 0.00799853 -0.225766 0.0258129 -0.00805147 0.999634 15.9398 
0.999679 0.00055379 -0.0253377 -0.595149 -0.000440655 0.99999 0.00446881 -0.226704 0.0253399 -0.00445616 0.999669 16.7772 
0.9997 -0.00254553 -0.0243422 -0.630174 0.00252439 0.999996 -0.000900874 -0.234918 0.0243444 0.000839198 0.999703 17.6401 
0.999706 -0.00533051 -0.0236681 -0.660029 0.00516131 0.999961 -0.00720564 -0.245414 0.0237056 0.00708141 0.999694 18.5151 
0.999737 -0.00436803 -0.0225098 -0.695502 0.00408254 0.999911 -0.0127153 -0.256186 0.0225633 0.0126201 0.999666 19.4069 
0.999744 -0.00300506 -0.0224088 -0.733033 0.00270008 0.999904 -0.0136299 -0.272139 0.0224475 0.0135659 0.999656 20.3135 
0.999743 -0.00291789 -0.0225015 -0.773427 0.00262634 0.999912 -0.0129774 -0.294809 0.0225374 0.012915 0.999663 21.2429 
0.999738 -0.00154205 -0.0228507 -0.807409 0.00121355 0.999896 -0.0143843 -0.318169 0.0228704 0.0143528 0.999635 22.1821 
0.999741 0.00134482 -0.0227361 -0.849666 -0.001721 0.999862 -0.0165358 -0.341664 0.0227107 0.0165706 0.999605 23.1375 
0.999719 0.0047799 -0.0232213 -0.892144 -0.00518473 0.999835 -0.0174067 -0.366092 0.0231342 0.0175223 0.999579 24.1067 
0.99971 0.00636917 -0.0232202 -0.936924 -0.00677163 0.999828 -0.0172968 -0.396048 0.023106 0.0174491 0.999581 25.0799 
0.999696 0.00706395 -0.0236269 -0.978528 -0.00747536 0.999821 -0.017372 -0.426796 0.0234999 0.0175434 0.99957 26.0688 
0.999686 0.00733981 -0.023955 -1.01697 -0.00775388 0.999821 -0.0172401 -0.457039 0.0238242 0.0174205 0.999564 27.0609 
0.999667 0.00816515 -0.0244743 -1.06117 -0.00855646 0.999837 -0.0159285 -0.490945 0.0243402 0.0161326 0.999574 28.0713 
0.999653 0.00875304 -0.0248448 -1.10476 -0.0091012 0.999861 -0.0139368 -0.520744 0.0247193 0.0141581 0.999594 29.0867 
0.999641 0.00936383 -0.0250877 -1.15221 -0.00968777 0.999871 -0.0128237 -0.548784 0.0249644 0.0130622 0.999603 30.1055 
0.999641 0.0090724 -0.0252024 -1.19781 -0.00942215 0.99986 -0.0137953 -0.578508 0.0250737 0.0140278 0.999587 31.1359 
0.999616 0.0103446 -0.025708 -1.24156 -0.0107251 0.999834 -0.0147079 -0.605795 0.0255515 0.014978 0.999561 32.1691 
0.999602 0.0102978 -0.02628 -1.28707 -0.0106671 0.999846 -0.0139526 -0.63185 0.0261322 0.0142274 0.999557 33.2116 
0.999589 0.00948398 -0.02705 -1.33065 -0.00979054 0.999889 -0.0112248 -0.660282 0.0269405 0.0114851 0.999571 34.2678 
0.99957 0.00974353 -0.0276664 -1.37646 -0.00995577 0.999922 -0.00754566 -0.685853 0.0275907 0.0078179 0.999589 35.3267 
0.999551 0.00985476 -0.0282936 -1.42329 -0.0100066 0.999936 -0.00523102 -0.709739 0.0282402 0.00551183 0.999586 36.3987 
0.999538 0.00990694 -0.0287232 -1.47311 -0.0100502 0.999938 -0.0048489 -0.732423 0.0286734 0.00513538 0.999576 37.4711 
0.999524 0.00949821 -0.0293379 -1.52171 -0.00968382 0.999934 -0.00619261 -0.753955 0.0292771 0.00647381 0.99955 38.5493 
0.999496 0.00996426 -0.0301476 -1.57509 -0.0101757 0.999925 -0.00686898 -0.773276 0.0300768 0.00717233 0.999522 39.6381 
0.999473 0.00968883 -0.030974 -1.62577 -0.00987062 0.999935 -0.00572311 -0.79592 0.0309165 0.00602587 0.999504 40.7281 
0.999448 0.00966693 -0.0317905 -1.67922 -0.00978833 0.999945 -0.00366669 -0.820185 0.0317533 0.00397588 0.999488 41.8212 
0.999431 0.00962463 -0.032315 -1.7334 -0.00967013 0.999952 -0.00125345 -0.841139 0.0323014 0.00156527 0.999477 42.9081 
0.999403 0.0106607 -0.0328553 -1.7861 -0.0107134 0.999942 -0.001428 -0.864413 0.0328381 0.00177918 0.999459 43.9954 
0.999377 0.0119849 -0.033205 -1.84366 -0.0121665 0.999912 -0.00527558 -0.887289 0.0331388 0.00567633 0.999435 45.074 
0.999359 0.0133365 -0.0332141 -1.90094 -0.0136536 0.999863 -0.00933885 -0.910895 0.033085 0.0097864 0.999405 46.1554 
0.999355 0.0135947 -0.0332502 -1.956 -0.0139195 0.999857 -0.00955856 -0.937345 0.0331154 0.0100153 0.999401 47.2408 
0.999354 0.0141003 -0.033071 -2.01313 -0.0143389 0.999873 -0.00699025 -0.962968 0.0329682 0.00745998 0.999429 48.3229 
0.99935 0.0148101 -0.0328644 -2.07149 -0.0149774 0.999876 -0.00485374 -0.989867 0.0327884 0.00534286 0.999448 49.4101 
0.999365 0.0131744 -0.0331007 -2.1209 -0.0133028 0.999905 -0.00366134 -1.01348 0.0330493 0.00409939 0.999445 50.5041 
0.999387 0.0130039 -0.0325077 -2.17763 -0.0131581 0.999903 -0.00453322 -1.03867 0.0324456 0.00495823 0.999461 51.5916 
0.999404 0.0121693 -0.0323103 -2.23178 -0.0123796 0.999903 -0.00631827 -1.06351 0.0322303 0.00671453 0.999458 52.6945 
0.999414 0.0121413 -0.0319966 -2.28285 -0.0124134 0.999888 -0.00832145 -1.08978 0.0318919 0.00871381 0.999453 53.7921 
0.999427 0.0107693 -0.0321047 -2.33086 -0.0111174 0.999881 -0.0106874 -1.11876 0.0319858 0.0110382 0.999427 54.8855 
0.999441 0.00906401 -0.0321794 -2.37966 -0.00951307 0.999859 -0.0138308 -1.15267 0.0320494 0.0141292 0.999386 55.9733 
0.999461 0.00754061 -0.0319617 -2.43435 -0.00803942 0.999847 -0.0155084 -1.1861 0.0318398 0.015757 0.999369 57.0671 
0.999477 0.0059123 -0.031785 -2.48549 -0.00633575 0.999892 -0.0132393 -1.21786 0.0317033 0.0134338 0.999407 58.1613 
0.999484 0.00456928 -0.0317819 -2.5344 -0.0048048 0.999962 -0.00733937 -1.24667 0.0317471 0.00748833 0.999468 59.2582 
0.999489 0.00316555 -0.0317934 -2.58378 -0.00321168 0.999994 -0.00140109 -1.27026 0.0317887 0.00150253 0.999494 60.3566 
0.999488 0.00142134 -0.0319516 -2.63342 -0.00144356 0.999999 -0.000673462 -1.29102 0.0319505 0.000719284 0.999489 61.4562 
0.99949 -0.00205382 -0.0318669 -2.68015 0.00193452 0.999991 -0.00377535 -1.30926 0.0318744 0.00371182 0.999485 62.5514 
0.999481 -0.00347612 -0.0320143 -2.73174 0.00325564 0.999971 -0.00693792 -1.33144 0.0320374 0.00683013 0.999463 63.6468 
0.999484 -0.00163608 -0.0320797 -2.78798 0.00128857 0.99994 -0.0108519 -1.36239 0.0320955 0.010805 0.999426 64.7396 
0.99948 -0.00148867 -0.0322041 -2.83942 0.000998935 0.999884 -0.0152193 -1.38998 0.0322229 0.0151793 0.999365 65.8355 
0.999496 0.00156586 -0.0317157 -2.89553 -0.0020745 0.99987 -0.0160122 -1.41911 0.0316865 0.01607 0.999369 66.9404 
0.99951 0.00560896 -0.0308111 -2.95897 -0.00598882 0.999907 -0.0122519 -1.4543 0.0307394 0.0124305 0.99945 68.0463 
0.999496 0.00695292 -0.0309778 -3.01219 -0.00727435 0.999921 -0.0102772 -1.48418 0.0309038 0.0104974 0.999467 69.1465 
0.999497 0.00626828 -0.03109 -3.06354 -0.00656387 0.999934 -0.0094161 -1.51334 0.0310289 0.00961548 0.999472 70.2493 
0.999505 0.00463187 -0.0311274 -3.11589 -0.00490229 0.999951 -0.00861814 -1.54137 0.0310859 0.00876651 0.999478 71.35 
0.999498 0.00338759 -0.0314882 -3.16655 -0.00361611 0.999968 -0.00720474 -1.56919 0.0314627 0.00731503 0.999478 72.4511 
0.999485 0.0018169 -0.0320299 -3.21548 -0.0019848 0.999984 -0.00521223 -1.59531 0.0320199 0.00527316 0.999473 73.5519 
0.999457 0.000680459 -0.032938 -3.2717 -0.00079849 0.999993 -0.00357168 -1.6228 0.0329353 0.00359609 0.999451 74.6613 
0.99944 -0.000206895 -0.0334741 -3.33221 4.51495e-05 0.999988 -0.00483388 -1.64915 0.0334747 0.0048297 0.999428 75.7602 
0.999413 -5.80999e-05 -0.0342534 -3.3841 -0.000240163 0.999962 -0.00870461 -1.67412 0.0342525 0.00870777 0.999375 76.8482 
0.999383 0.000501798 -0.0351126 -3.43818 -0.000880722 0.999942 -0.0107782 -1.70227 0.0351051 0.0108026 0.999325 77.9414 
0.999349 0.00240989 -0.0359936 -3.49778 -0.00273909 0.999955 -0.00910059 -1.7321 0.03597 0.0091933 0.999311 79.0273 
0.999314 0.00321099 -0.0368985 -3.55404 -0.00339464 0.999982 -0.00491657 -1.75821 0.036882 0.0050385 0.999307 80.1138 
0.999279 0.00471402 -0.0376676 -3.61111 -0.00475063 0.999988 -0.000883562 -1.78238 0.0376629 0.00106191 0.99929 81.1963 
0.999251 0.00581574 -0.0382629 -3.67549 -0.00583284 0.999983 -0.000336538 -1.80395 0.0382602 0.000559511 0.999268 82.281 
0.999224 0.00558678 -0.0389983 -3.73223 -0.00568655 0.999981 -0.0024489 -1.82408 0.0389838 0.00266881 0.999236 83.3592 
0.999202 0.00556122 -0.0395491 -3.79222 -0.00569702 0.999978 -0.00332293 -1.84503 0.0395297 0.00354563 0.999212 84.4264 
0.999182 0.0047491 -0.0401711 -3.85212 -0.00489111 0.999982 -0.00343859 -1.87073 0.040154 0.0036323 0.999187 85.481 
0.999152 0.00360747 -0.0410214 -3.91083 -0.00373882 0.999988 -0.00312669 -1.89695 0.0410096 0.00327746 0.999153 86.5231 
0.999118 0.00248138 -0.0419096 -3.95973 -0.00255325 0.999995 -0.00166242 -1.9187 0.0419053 0.001768 0.99912 87.5591 
0.999095 0.0025897 -0.0424679 -4.02225 -0.00254954 0.999996 0.000998916 -1.94178 0.0424703 -0.000889695 0.999097 88.5608 
0.999065 0.00167807 -0.0432128 -4.08704 -0.0015967 0.999997 0.00191662 -1.96564 0.0432158 -0.00184579 0.999064 89.5467 
0.998969 0.000798745 -0.0453891 -4.1462 -0.000705568 0.999998 0.00206794 -1.98502 0.0453906 -0.00203374 0.998967 90.51 
0.998819 0.000129062 -0.0485944 -4.20785 -7.35429e-05 0.999999 0.00114344 -2.00702 0.0485945 -0.00113847 0.998818 91.4528 
0.998651 0.000126838 -0.0519173 -4.27348 -0.000110892 1 0.000309211 -2.02838 0.0519173 -0.000302993 0.998651 92.3698 
0.998496 -0.000297252 -0.0548165 -4.34156 0.000327848 1 0.000548412 -2.04819 0.0548163 -0.000565516 0.998496 93.2683 
0.998334 0.00101184 -0.0576956 -4.41245 -0.000918429 0.999998 0.00164485 -2.0689 0.0576971 -0.00158908 0.998333 94.137 
0.998145 0.00197134 -0.060846 -4.48051 -0.00180514 0.999995 0.00278561 -2.08938 0.0608512 -0.00267057 0.998143 94.9822 
0.997976 0.0032841 -0.0635048 -4.55434 -0.00303166 0.999987 0.00407043 -2.10387 0.0635173 -0.00386962 0.997973 95.803 
0.997801 0.00486907 -0.0661079 -4.62452 -0.00456076 0.999978 0.0048132 -2.11854 0.0661299 -0.00450107 0.997801 96.5979 
0.997629 0.00705567 -0.0684597 -4.69831 -0.0067145 0.999964 0.00521181 -2.13598 0.068494 -0.00473974 0.99764 97.3598 
0.997417 0.0089349 -0.0712697 -4.76633 -0.00866356 0.999954 0.00411488 -2.15379 0.0713031 -0.00348675 0.997449 98.0953 
0.997221 0.0101389 -0.0738094 -4.83537 -0.0101352 0.999949 0.0004237 -2.17197 0.0738099 0.000325597 0.997272 98.7968 
0.997005 0.0125084 -0.0763183 -4.90646 -0.0128042 0.999912 -0.00338828 -2.18741 0.0762692 0.00435537 0.997078 99.4763 
0.99682 0.0142206 -0.0784048 -4.96762 -0.014749 0.999872 -0.00616494 -2.20132 0.0783071 0.00730177 0.996903 100.129 
0.996724 0.0163199 -0.0792181 -5.03123 -0.0169399 0.999831 -0.00716166 -2.21742 0.0790878 0.00848019 0.996832 100.746 
0.996736 0.0185402 -0.0785715 -5.08813 -0.0191322 0.999794 -0.00678925 -2.23418 0.0784294 0.00827038 0.996885 101.34 
0.996886 0.022285 -0.0756396 -5.14664 -0.0227469 0.999728 -0.00525136 -2.25309 0.0755019 0.00695562 0.997121 101.914 
0.997215 0.0250448 -0.0702448 -5.19466 -0.0253799 0.99967 -0.00388273 -2.268 0.0701244 0.00565477 0.997522 102.464 
0.997679 0.0258192 -0.0630142 -5.22954 -0.0259936 0.99966 -0.00195034 -2.28222 0.0629424 0.00358383 0.998011 102.992 
0.998241 0.0257454 -0.0533965 -5.25927 -0.0257613 0.999668 0.000389781 -2.29198 0.0533888 0.000986511 0.998573 103.494 
0.998816 0.0252009 -0.0416147 -5.27816 -0.0251582 0.999682 0.00154942 -2.30336 0.0416404 -0.000500596 0.999133 103.974 
0.999305 0.024333 -0.0282523 -5.28782 -0.0242981 0.999704 0.00157391 -2.31445 0.0282821 -0.000886292 0.9996 104.432 
0.999622 0.0241732 -0.0131363 -5.28979 -0.0241649 0.999708 0.000786119 -2.32718 0.0131514 -0.000468341 0.999913 104.869 
0.999726 0.0228672 0.0049502 -5.28045 -0.0228559 0.999736 -0.00232075 -2.33927 -0.00500201 0.00220701 0.999985 105.295 
0.999402 0.0224033 0.0263472 -5.26304 -0.0222272 0.999729 -0.00695851 -2.35064 -0.026496 0.00636877 0.999629 105.706 
0.998515 0.0202309 0.0505872 -5.22539 -0.0196605 0.999738 -0.0117468 -2.36183 -0.0508116 0.0107348 0.998651 106.108 
0.996798 0.0179801 0.0779175 -5.17865 -0.016913 0.999754 -0.0143324 -2.3754 -0.0781561 0.0129688 0.996857 106.503 
0.994038 0.0151915 0.107968 -5.11685 -0.0135882 0.999786 -0.0155694 -2.38744 -0.108181 0.0140095 0.994032 106.885 
0.989993 0.0129841 0.140519 -5.04002 -0.0106442 0.999792 -0.0173902 -2.401 -0.140716 0.0157205 0.989925 107.262 
0.984272 0.0105089 0.176347 -4.94958 -0.00728099 0.999794 -0.0189412 -2.41516 -0.17651 0.0173593 0.984146 107.629 
0.976627 0.00722051 0.214819 -4.84367 -0.003163 0.99981 -0.0192255 -2.42976 -0.214917 0.0180967 0.976465 107.981 
0.966865 0.00504377 0.25524 -4.72833 9.98198e-05 0.999797 -0.0201349 -2.44367 -0.255289 0.0194932 0.966668 108.323 
0.95476 0.00599799 0.297317 -4.60339 0.000309508 0.999776 -0.0211629 -2.45893 -0.297377 0.0202976 0.954544 108.656 
0.939643 0.0081414 0.34206 -4.46912 -0.000814015 0.999767 -0.0215593 -2.47432 -0.342156 0.0199796 0.939431 108.975 
0.921943 0.00816413 0.38724 -4.31654 -0.000385142 0.999797 -0.0201615 -2.48873 -0.387326 0.0184387 0.921759 109.286 
0.901717 0.00767339 0.432258 -4.14657 0.000541137 0.999822 -0.0188774 -2.50062 -0.432326 0.0172561 0.901552 109.584 
0.878586 0.00622313 0.477544 -3.96469 0.00326444 0.999814 -0.0190349 -2.51779 -0.477573 0.0182827 0.878402 109.865 
0.853306 0.00674372 0.521367 -3.76924 0.00485542 0.99977 -0.0208783 -2.53485 -0.521388 0.0203471 0.853077 110.135 
0.825386 0.00890217 0.564498 -3.563 0.00563585 0.999696 -0.0240057 -2.55136 -0.56454 0.0229954 0.825085 110.399 
0.794463 0.0136564 0.60716 -3.34091 0.00429254 0.999596 -0.0280998 -2.56772 -0.607298 0.0249305 0.794083 110.656 
0.760184 0.0200548 0.649398 -3.1046 0.00102481 0.999485 -0.0320658 -2.57845 -0.649707 0.0250415 0.759772 110.908 
0.722228 0.0247932 0.691211 -2.85087 -0.00122783 0.999402 -0.0345647 -2.59154 -0.691654 0.024115 0.721826 111.153 
0.682321 0.0251268 0.73062 -2.57304 0.00110826 0.999372 -0.0354045 -2.60492 -0.731051 0.024967 0.681865 111.379 
0.640527 0.0226031 0.767603 -2.2732 0.00514106 0.999418 -0.0337191 -2.61934 -0.767918 0.0255443 0.640038 111.591 
0.595813 0.0206816 0.802857 -1.95943 0.00669258 0.999506 -0.0307139 -2.63049 -0.803095 0.023673 0.59538 111.794 
0.548697 0.0193735 0.835797 -1.64546 0.00710675 0.999587 -0.0278356 -2.64417 -0.835991 0.0212132 0.548333 111.974 
0.500142 0.0167974 0.865781 -1.30796 0.00878 0.999662 -0.0244669 -2.65903 -0.865899 0.0198385 0.499825 112.137 
0.448733 0.0130828 0.89357 -0.955369 0.0109049 0.999738 -0.0201133 -2.67651 -0.893599 0.0187698 0.448473 112.285 
0.396457 0.0131982 0.917959 -0.59522 0.00830884 0.999804 -0.0179634 -2.69392 -0.918016 0.0147489 0.396269 112.417 
0.344869 0.0181488 0.938475 -0.234769 0.0046084 0.999768 -0.0210276 -2.70952 -0.93864 0.0115766 0.344705 112.529 
0.294024 0.0232444 0.955516 0.139945 0.00426135 0.999662 -0.0256296 -2.72078 -0.955789 0.0116075 0.293825 112.62 
0.247004 0.0253556 0.968683 0.529851 0.00527257 0.999608 -0.0275095 -2.73604 -0.969 0.0119024 0.246774 112.694 
0.205493 0.024953 0.97834 0.93712 0.0120403 0.999535 -0.0280225 -2.75331 -0.978585 0.017538 0.205097 112.748 
0.170265 0.0248299 0.985085 1.37046 0.0200614 0.999388 -0.0286578 -2.76506 -0.985194 0.0246416 0.169663 112.793 
0.1397 0.0261477 0.989849 1.81374 0.02409 0.999266 -0.0297963 -2.77689 -0.989901 0.028008 0.138968 112.835 
0.111507 0.0247919 0.993454 2.2842 0.0222606 0.999376 -0.0274382 -2.79069 -0.993514 0.0251745 0.110886 112.884 
0.0859551 0.0214112 0.996069 2.77222 0.0162293 0.999606 -0.0228877 -2.80523 -0.996167 0.0181328 0.0855738 112.93 
0.0619759 0.0174659 0.997925 3.27524 0.0112348 0.999771 -0.0181959 -2.82168 -0.998014 0.0123392 0.0617655 112.963 
0.0393163 0.0149084 0.999116 3.7939 0.0155689 0.999758 -0.0155306 -2.84059 -0.999106 0.0161657 0.0390747 112.973 
0.019077 0.0154449 0.999699 4.34136 0.0230485 0.999608 -0.0158833 -2.86198 -0.999552 0.0233445 0.0187135 112.973 
0.00183044 0.017787 0.99984 4.89193 0.0283545 0.999439 -0.0178317 -2.87718 -0.999596 0.0283826 0.00132507 112.963 
-0.0127222 0.0232804 0.999648 5.46652 0.0286867 0.999326 -0.0229078 -2.89066 -0.999508 0.0283851 -0.0133815 112.961 
-0.0235084 0.0279892 0.999332 6.06095 0.0260565 0.999286 -0.0273749 -2.9025 -0.999384 0.0253956 -0.0242209 112.953 
-0.0299719 0.0277584 0.999165 6.68372 0.0286582 0.999227 -0.0269005 -2.91803 -0.99914 0.0278281 -0.0307443 112.942 
-0.0324955 0.0243722 0.999175 7.32472 0.0346243 0.99913 -0.023245 -2.94355 -0.998872 0.0338404 -0.0333111 112.918 
-0.0319337 0.0227573 0.999231 7.98005 0.0362009 0.999111 -0.0215976 -2.96417 -0.998834 0.0354833 -0.0327292 112.904 
-0.0300199 0.0223986 0.999298 8.66109 0.0349781 0.99916 -0.0213447 -2.98479 -0.998937 0.0343128 -0.0307781 112.898 
-0.0285525 0.0228368 0.999331 9.35866 0.0315146 0.999263 -0.0219348 -3.00592 -0.999095 0.0308672 -0.0292512 112.898 
-0.0274572 0.0241022 0.999332 10.0731 0.0307166 0.999258 -0.0232564 -3.02552 -0.999151 0.0300576 -0.0281771 112.897 
-0.0264482 0.0248932 0.99934 10.8056 0.0303799 0.999248 -0.0240868 -3.04974 -0.999188 0.0297228 -0.0271846 112.889 
-0.0255396 0.0242778 0.999379 11.5504 0.0300695 0.999271 -0.0235067 -3.07755 -0.999222 0.0294505 -0.026251 112.885 
-0.0248272 0.0231101 0.999425 12.3127 0.0289725 0.999329 -0.0223882 -3.10127 -0.999272 0.0284 -0.0254801 112.882 
-0.0244214 0.0219033 0.999462 13.0925 0.0296121 0.999337 -0.021177 -3.12537 -0.999263 0.029079 -0.0250539 112.879 
-0.0249949 0.0196423 0.999495 13.8791 0.0303189 0.999362 -0.0188814 -3.15173 -0.999228 0.0298316 -0.0255745 112.872 
-0.0263918 0.0179821 0.99949 14.6742 0.0278563 0.999463 -0.017246 -3.17618 -0.999264 0.0273869 -0.0268786 112.876 
-0.0276088 0.01685 0.999477 15.4725 0.0268625 0.999509 -0.0161085 -3.20163 -0.999258 0.0264037 -0.0280478 112.87 
-0.0285499 0.0143665 0.999489 16.2841 0.0294902 0.999474 -0.0135238 -3.22259 -0.999157 0.0290891 -0.0289585 112.855 
-0.0295194 0.0127541 0.999483 17.1093 0.0310557 0.999448 -0.0118364 -3.24523 -0.999082 0.0306903 -0.0298992 112.84 
-0.0312059 0.0118749 0.999442 17.9391 0.028238 0.999541 -0.0109943 -3.2706 -0.999114 0.0278792 -0.0315269 112.829 
-0.032085 0.0165982 0.999347 18.7675 0.0254917 0.99955 -0.0157831 -3.29123 -0.99916 0.0249687 -0.0324937 112.819 
-0.0327673 0.0212159 0.999238 19.6055 0.0268847 0.999432 -0.0203384 -3.31519 -0.999101 0.0261978 -0.0333191 112.803 
-0.0337999 0.0228945 0.999166 20.4515 0.0272132 0.999388 -0.021979 -3.3403 -0.999058 0.0264476 -0.0344023 112.787 
-0.0352791 0.0207485 0.999162 21.3008 0.0237661 0.999519 -0.0199167 -3.36823 -0.999095 0.0230436 -0.0357553 112.778 
-0.0364385 0.0166317 0.999198 22.1545 0.0209141 0.999655 -0.0158766 -3.39726 -0.999117 0.0203188 -0.0367738 112.768 
-0.0368474 0.0113684 0.999256 23.0095 0.0193898 0.999755 -0.010659 -3.42433 -0.999133 0.0189826 -0.0370588 112.754 
-0.0371828 0.00581698 0.999292 23.8677 0.0158233 0.999861 -0.00523149 -3.44561 -0.999183 0.0156176 -0.0372697 112.745 
-0.0371384 0.00453297 0.9993 24.7228 0.0132972 0.999903 -0.00404148 -3.47128 -0.999222 0.0131378 -0.0371951 112.735 
-0.0361701 0.0113545 0.999281 25.567 0.0162827 0.999809 -0.0107711 -3.49846 -0.999213 0.0158814 -0.0363481 112.717 
-0.0352587 0.0224583 0.999126 26.4032 0.0184713 0.999591 -0.0218169 -3.52223 -0.999208 0.0176859 -0.0356592 112.702 
-0.0346594 0.0277799 0.999013 27.2408 0.0204249 0.999425 -0.0270827 -3.54421 -0.99919 0.0194661 -0.0352068 112.685 
-0.0332724 0.0221904 0.9992 28.0819 0.022061 0.999526 -0.0214629 -3.57733 -0.999203 0.0213292 -0.0337461 112.669 
-0.0322848 0.0143928 0.999375 28.9223 0.0251818 0.999591 -0.0135824 -3.60895 -0.999161 0.0247276 -0.032634 112.65 
-0.0315894 0.0115522 0.999434 29.7532 0.0266396 0.999588 -0.0107119 -3.6352 -0.999146 0.0262862 -0.0318841 112.635 
-0.0318251 0.0120588 0.999421 30.5768 0.0254006 0.999614 -0.0112522 -3.66366 -0.999171 0.0250277 -0.0321191 112.626 
-0.0326381 0.0129832 0.999383 31.399 0.0225452 0.999671 -0.0122506 -3.68832 -0.999213 0.0221314 -0.0329201 112.618 
-0.0345451 0.0131918 0.999316 32.2146 0.0205995 0.99971 -0.0124849 -3.71218 -0.999191 0.0201541 -0.0348068 112.608 
-0.0367693 0.0131719 0.999237 33.0356 0.0204023 0.999715 -0.0124274 -3.73847 -0.999116 0.0199298 -0.0370275 112.596 
-0.0386681 0.0135025 0.999161 33.8429 0.019518 0.999728 -0.0127548 -3.76559 -0.999062 0.0190084 -0.0389212 112.578 
-0.0406443 0.0137941 0.999079 34.6501 0.0178553 0.999755 -0.013077 -3.79218 -0.999014 0.0173073 -0.0408806 112.562 
-0.0425751 0.0129636 0.999009 35.4525 0.0161384 0.999794 -0.012286 -3.8159 -0.998963 0.0155993 -0.0427755 112.546 
-0.0445676 0.0117651 0.998937 36.251 0.0169631 0.999795 -0.0110183 -3.845 -0.998862 0.016454 -0.044758 112.524 
-0.0466041 0.0119366 0.998842 37.0432 0.0167556 0.999797 -0.0111662 -3.86991 -0.998773 0.0162158 -0.0467947 112.505 
-0.0484764 0.0129929 0.99874 37.831 0.0166481 0.999787 -0.0121985 -3.89332 -0.998686 0.0160357 -0.0486824 112.483 
-0.0492876 0.0132243 0.998697 38.612 0.0171752 0.999776 -0.0123909 -3.9173 -0.998637 0.0165421 -0.0495037 112.457 
-0.0504211 0.0120049 0.998656 39.3969 0.0190062 0.999758 -0.0110585 -3.9429 -0.998547 0.018423 -0.0506371 112.429 
-0.051997 0.0111091 0.998585 40.1765 0.0191395 0.999766 -0.0101256 -3.97008 -0.998464 0.018586 -0.0521974 112.404 
-0.0531677 0.0108043 0.998527 40.9482 0.0181329 0.999787 -0.00985243 -3.99268 -0.998421 0.0175824 -0.0533523 112.379 
-0.0544109 0.00999334 0.998469 41.7043 0.0163073 0.999825 -0.00911822 -4.01412 -0.998385 0.0157862 -0.0545644 112.356 
-0.0552186 0.00881156 0.998435 42.4445 0.0152249 0.999852 -0.00798201 -4.0362 -0.998358 0.0147603 -0.0553446 112.332 
-0.0559083 0.0084124 0.998401 43.1612 0.0156751 0.999849 -0.00754679 -4.05931 -0.998313 0.0152281 -0.0560318 112.305 
-0.0560883 0.0110042 0.998365 43.8673 0.0158202 0.999824 -0.0101314 -4.08321 -0.998301 0.0152261 -0.0562525 112.279 
-0.0559116 0.0137153 0.998342 44.5693 0.0158191 0.999792 -0.0128492 -4.10654 -0.99831 0.0150744 -0.0561169 112.25 
-0.055888 0.0153502 0.998319 45.27 0.0140427 0.999795 -0.0145868 -4.1312 -0.998338 0.0132038 -0.0560921 112.226 
-0.0560963 0.016153 0.998295 45.9644 0.0144161 0.999778 -0.0153669 -4.15588 -0.998321 0.0135294 -0.0563167 112.2 
-0.0558003 0.0160482 0.998313 46.6582 0.0157778 0.99976 -0.0151896 -4.17827 -0.998317 0.0149036 -0.0560401 112.169 
-0.0558495 0.0156984 0.998316 47.3468 0.0167678 0.99975 -0.0147829 -4.20012 -0.998298 0.0159139 -0.0560987 112.14 
-0.0558881 0.0157171 0.998313 48.0316 0.0129472 0.999803 -0.0150157 -4.22401 -0.998353 0.0120862 -0.0560806 112.117 
-0.0556585 0.0159196 0.998323 48.7161 0.010487 0.999827 -0.0153589 -4.24936 -0.998395 0.00961457 -0.0558158 112.098 
-0.0553982 0.0144524 0.99836 49.405 0.012444 0.999828 -0.0137831 -4.27249 -0.998387 0.01166 -0.0555685 112.069 
-0.0562442 0.0138819 0.998321 50.0824 0.0129871 0.999829 -0.0131712 -4.29473 -0.998333 0.0122244 -0.0564148 112.041 
-0.059787 0.0134423 0.998121 50.7617 0.00993285 0.999868 -0.0128708 -4.31564 -0.998162 0.00914468 -0.0599127 112.018 
-0.0649687 0.0131134 0.997801 51.4368 0.00603798 0.999901 -0.0127478 -4.33909 -0.997869 0.0051965 -0.0650414 111.992 
-0.070666 0.0169106 0.997357 52.1066 0.00991122 0.999819 -0.0162501 -4.35977 -0.997451 0.00873669 -0.0708208 111.952 
-0.0771351 0.0198299 0.996823 52.7807 0.0123113 0.999745 -0.0189353 -4.37813 -0.996945 0.0108116 -0.0773596 111.904 
-0.0845292 0.0215957 0.996187 53.4569 0.0115865 0.999719 -0.0206891 -4.3989 -0.996354 0.00979346 -0.0847557 111.86 
-0.0907264 0.0208388 0.995658 54.1377 0.00791876 0.999765 -0.0202032 -4.42266 -0.995844 0.00605141 -0.0908701 111.814 
-0.0960208 0.0196786 0.995185 54.825 0.00756623 0.99979 -0.0190395 -4.4467 -0.995351 0.0057016 -0.0961495 111.761 
-0.10055 0.0202711 0.994726 55.521 0.00531806 0.999789 -0.0198366 -4.47023 -0.994918 0.00329544 -0.100636 111.704 
-0.104489 0.019738 0.99433 56.2219 0.00325447 0.999805 -0.0195046 -4.49077 -0.994521 0.001198 -0.104533 111.647 
-0.107115 0.0165725 0.994109 56.9287 0.00388033 0.99986 -0.0162502 -4.5124 -0.994239 0.00211683 -0.107164 111.585 
-0.108849 0.0135209 0.993966 57.6439 0.00603819 0.999898 -0.0129403 -4.53147 -0.99404 0.00459322 -0.108919 111.517 
-0.110182 0.0107487 0.993853 58.3654 0.00587079 0.999931 -0.0101636 -4.5533 -0.993894 0.00471485 -0.110238 111.451 
-0.111496 0.0105952 0.993708 59.0923 0.00502363 0.999936 -0.0100979 -4.57176 -0.993752 0.00386614 -0.111543 111.387 
-0.111655 0.0144343 0.993642 59.8218 0.00700498 0.999881 -0.0137378 -4.58986 -0.993722 0.00542655 -0.111743 111.315 
-0.11161 0.0183192 0.993583 60.5605 0.0128207 0.999773 -0.0169931 -4.61229 -0.993669 0.0108419 -0.111819 111.236 
-0.112002 0.02309 0.99344 61.3019 0.0205082 0.999571 -0.0209203 -4.63753 -0.993496 0.0180305 -0.112427 111.154 
-0.112491 0.0243282 0.993355 62.0506 0.0211155 0.999533 -0.0220883 -4.66066 -0.993428 0.0184904 -0.112952 111.078 
-0.112713 0.0221606 0.99338 62.8037 0.019214 0.999613 -0.0201195 -4.68482 -0.993442 0.0168191 -0.113096 111.011 
-0.112411 0.017193 0.993513 63.5578 0.0195661 0.999695 -0.0150862 -4.71363 -0.993469 0.0177434 -0.112713 110.937 
-0.112205 0.0151351 0.99357 64.3114 0.0217948 0.999681 -0.0127668 -4.73918 -0.993446 0.0202222 -0.112499 110.86 
-0.113187 0.0147375 0.993464 65.0585 0.0220614 0.999681 -0.0123162 -4.76476 -0.993329 0.0205232 -0.113476 110.788 
-0.114841 0.0155307 0.993263 65.8029 0.0203933 0.999704 -0.0132735 -4.78902 -0.993175 0.0187315 -0.115123 110.717 
-0.116898 0.016247 0.993011 66.544 0.0196197 0.999709 -0.0140469 -4.81134 -0.99295 0.0178405 -0.117183 110.644 
-0.118992 0.0163916 0.99276 67.288 0.020858 0.999684 -0.0140058 -4.83547 -0.992676 0.0190404 -0.119296 110.568 
-0.120713 0.0166115 0.992549 68.0305 0.0212163 0.999675 -0.0141505 -4.85926 -0.992461 0.01935 -0.121026 110.487 
-0.122637 0.0162455 0.992319 68.7791 0.0211468 0.999682 -0.0137525 -4.88206 -0.992226 0.0192978 -0.122942 110.408 
-0.124152 0.0166051 0.992124 69.5278 0.0190914 0.999715 -0.0143431 -4.90446 -0.99208 0.0171603 -0.124433 110.33 
-0.125298 0.0180869 0.991954 70.2911 0.0191024 0.999692 -0.015815 -4.92829 -0.991935 0.0169671 -0.125605 110.25 
-0.126151 0.0184523 0.991839 71.0531 0.0177916 0.999708 -0.0163358 -4.951 -0.991852 0.0155856 -0.126443 110.17 
-0.127616 0.0188861 0.991644 71.8238 0.0176924 0.999703 -0.0167627 -4.97262 -0.991666 0.0154054 -0.127912 110.095 
-0.128701 0.0171512 0.991535 72.6081 0.018385 0.99972 -0.0149063 -4.99837 -0.991513 0.0163109 -0.128981 110.006 
-0.129846 0.0148633 0.991423 73.3955 0.0160725 0.999788 -0.0128837 -5.02102 -0.991404 0.0142617 -0.130057 109.924 
-0.131585 0.012944 0.99122 74.1865 0.0133026 0.999848 -0.0112907 -5.03986 -0.991216 0.0117001 -0.131738 109.841 
-0.133767 0.012455 0.990935 74.9789 0.0147419 0.999835 -0.0105768 -5.0614 -0.990903 0.0131935 -0.133928 109.75 
-0.135505 0.0129557 0.990692 75.7709 0.0160285 0.999812 -0.0108826 -5.08503 -0.990647 0.0144046 -0.135687 109.655 
-0.137743 0.0141903 0.990366 76.5758 0.0154786 0.999806 -0.0121727 -5.10711 -0.990347 0.0136528 -0.137936 109.561 
-0.139238 0.0177693 0.990099 77.3821 0.0170426 0.999734 -0.0155455 -5.13118 -0.990112 0.0147094 -0.139504 109.462 
-0.139632 0.0217439 0.989965 78.1924 0.0189438 0.999635 -0.0192843 -5.15633 -0.990022 0.016061 -0.139993 109.359 
-0.140649 0.0256512 0.989727 79.009 0.019998 0.999534 -0.0230635 -5.18476 -0.989858 0.0165487 -0.141097 109.258 
-0.140326 0.0267944 0.989743 79.8392 0.022335 0.999465 -0.023891 -5.21264 -0.989854 0.0187533 -0.140849 109.154 
-0.139839 0.0261254 0.98983 80.6751 0.0260132 0.999404 -0.0227031 -5.24409 -0.989833 0.0225739 -0.140435 109.048 
-0.139814 0.0243178 0.989879 81.5187 0.0265586 0.999431 -0.0208012 -5.27467 -0.989822 0.0233815 -0.14038 108.946 
-0.139215 0.0227097 0.990002 82.3644 0.0258554 0.99948 -0.0192913 -5.30428 -0.989925 0.0229113 -0.13973 108.847 
-0.1374 0.0202229 0.990309 83.2139 0.0248287 0.999548 -0.0169666 -5.33458 -0.990204 0.0222569 -0.13784 108.747 
-0.135723 0.0171569 0.990598 84.0737 0.0254911 0.99958 -0.0138198 -5.36085 -0.990419 0.0233757 -0.136104 108.648 
-0.134147 0.0138022 0.990865 84.9312 0.0259566 0.999609 -0.0104098 -5.38643 -0.990622 0.024323 -0.134453 108.549 
-0.132515 0.0135465 0.991088 85.7926 0.0242115 0.999653 -0.0104263 -5.41324 -0.990885 0.0226141 -0.132797 108.455 
-0.131193 0.0177066 0.991199 86.6478 0.0252243 0.999576 -0.0145176 -5.44159 -0.991036 0.0230977 -0.131584 108.359 
-0.12919 0.0240634 0.991328 87.4986 0.0259747 0.999445 -0.0208753 -5.46692 -0.99128 0.0230526 -0.129743 108.264 
-0.127851 0.0275326 0.991411 88.3557 0.0238629 0.999411 -0.0246774 -5.49423 -0.991506 0.0205029 -0.128432 108.174 
-0.126529 0.025065 0.991646 89.2161 0.0224032 0.999498 -0.0224049 -5.52726 -0.99171 0.0193812 -0.127027 108.082 
-0.12518 0.0224549 0.99188 90.0784 0.0227601 0.999546 -0.0197559 -5.56025 -0.991873 0.0201022 -0.125634 107.99 
-0.124689 0.0209138 0.991976 90.9526 0.0237122 0.999555 -0.018093 -5.58943 -0.991913 0.0212659 -0.125129 107.9 
-0.123954 0.020627 0.992074 91.8285 0.0226958 0.999581 -0.0179473 -5.61905 -0.992028 0.0202913 -0.12437 107.81 
-0.123542 0.0205676 0.992126 92.6961 0.0219013 0.999598 -0.0179952 -5.65105 -0.992098 0.0195056 -0.123942 107.722 
-0.122764 0.0188416 0.992257 93.5641 0.0245915 0.999571 -0.0159379 -5.68066 -0.992131 0.0224444 -0.123175 107.629 
-0.121504 0.0179554 0.992429 94.4358 0.0272349 0.99952 -0.0147492 -5.71437 -0.992217 0.0252366 -0.121935 107.533 
-0.120617 0.0192739 0.992512 95.3053 0.0294387 0.999441 -0.0158308 -5.74564 -0.992263 0.0273088 -0.121117 107.44 
-0.119593 0.0213251 0.992594 96.1767 0.0301307 0.999387 -0.0178407 -5.77829 -0.992366 0.0277739 -0.120162 107.346 
-0.11851 0.0229878 0.992687 97.0449 0.0275207 0.999424 -0.0198583 -5.80559 -0.992571 0.024966 -0.119075 107.255 
-0.117785 0.0188629 0.99286 97.9117 0.0225999 0.999612 -0.01631 -5.8363 -0.992782 0.0205175 -0.118166 107.173 
-0.117585 0.0168048 0.992921 98.7776 0.0183245 0.999723 -0.0147499 -5.8706 -0.992894 0.0164604 -0.117861 107.089 
-0.118617 0.0172542 0.99279 99.6333 0.0147815 0.999769 -0.0156093 -5.9012 -0.99283 0.0128234 -0.118845 107.006 
-0.119736 0.0219471 0.992563 100.476 0.0117748 0.999717 -0.0206848 -5.93096 -0.992736 0.00921053 -0.119961 106.923 
-0.120466 0.0244505 0.992416 101.322 0.0111639 0.999667 -0.023274 -5.96172 -0.992655 0.00827548 -0.120699 106.838 
-0.120874 0.0248267 0.992357 102.158 0.0117395 0.999653 -0.0235792 -5.99667 -0.992598 0.00879969 -0.121123 106.75 
-0.121086 0.0242956 0.992345 102.993 0.0132438 0.999651 -0.0228584 -6.03124 -0.992554 0.0103746 -0.121366 106.659 
-0.121535 0.0249628 0.992273 103.819 0.014638 0.99962 -0.0233547 -6.06831 -0.992479 0.0116865 -0.121854 106.57 
-0.121925 0.0280565 0.992143 104.64 0.0160707 0.999525 -0.0262903 -6.10488 -0.992409 0.012739 -0.122318 106.483 
-0.122307 0.0293907 0.992057 105.454 0.0156284 0.999495 -0.0276843 -6.14196 -0.992369 0.0121183 -0.122705 106.394 
-0.123178 0.0298153 0.991937 106.264 0.0141018 0.9995 -0.0282915 -6.1765 -0.992284 0.0105032 -0.123537 106.306 
-0.125328 0.0286749 0.991701 107.07 0.0122965 0.99955 -0.0273478 -6.21462 -0.992039 0.00876697 -0.125624 106.222 
-0.128513 0.0298272 0.991259 107.871 0.0122593 0.999519 -0.0284863 -6.25415 -0.991632 0.00849128 -0.128817 106.135 
-0.131722 0.0324761 0.990755 108.667 0.0120324 0.999442 -0.0311611 -6.29114 -0.991214 0.0078166 -0.132039 106.045 
-0.135039 0.0338745 0.990261 109.457 0.010343 0.999409 -0.0327769 -6.32871 -0.990786 0.00581606 -0.135309 105.955 
-0.138238 0.0339699 0.989816 110.241 0.010854 0.999404 -0.0327831 -6.36684 -0.99034 0.0062116 -0.138524 105.86 
-0.141139 0.0326616 0.989451 111.023 0.0123244 0.999436 -0.0312331 -6.40655 -0.989913 0.00778616 -0.141462 105.761 
-0.143431 0.0335295 0.989092 111.8 0.0139203 0.999395 -0.0318601 -6.44594 -0.989563 0.0091987 -0.143811 105.657 
-0.145412 0.037943 0.988643 112.575 0.00935807 0.999272 -0.0369745 -6.48893 -0.989327 0.00387526 -0.145661 105.566 
-0.147075 0.0448441 0.988108 113.339 0.00711714 0.998994 -0.0442788 -6.53485 -0.9891 0.000520192 -0.147246 105.471 
-0.149667 0.0478526 0.987578 114.107 0.0113351 0.998846 -0.0466807 -6.57487 -0.988672 0.00420771 -0.150036 105.362 
-0.152224 0.0459868 0.987276 114.876 0.0134169 0.998921 -0.0444605 -6.61752 -0.988255 0.00647825 -0.152677 105.251 
-0.155435 0.0380623 0.987113 115.653 0.011758 0.999258 -0.0366791 -6.66618 -0.987776 0.00590522 -0.155767 105.146 
-0.157681 0.0358313 0.98684 116.42 0.0106859 0.999345 -0.0345779 -6.71404 -0.987432 0.005093 -0.15796 105.04 
-0.159238 0.0388216 0.986477 117.181 0.0103552 0.999237 -0.0376522 -6.75428 -0.987186 0.00421949 -0.159518 104.928 
-0.161882 0.042209 0.985907 117.933 0.00792964 0.999108 -0.0414722 -6.79498 -0.986778 0.00110429 -0.162072 104.819 
-0.164453 0.0447112 0.985371 118.68 0.00743261 0.999 -0.0440891 -6.83944 -0.986357 7.32922e-05 -0.164621 104.71 
-0.166236 0.0489947 0.984868 119.424 0.0114811 0.998793 -0.0477495 -6.88667 -0.986019 0.00336969 -0.166598 104.593 
-0.168019 0.0535517 0.984328 120.164 0.0117695 0.998561 -0.052317 -6.93204 -0.985714 0.0027948 -0.168407 104.479 
-0.171029 0.0558507 0.983682 120.908 0.0111954 0.998438 -0.054742 -6.97909 -0.985203 0.00165026 -0.171387 104.37 
-0.173659 0.0534853 0.983352 121.66 0.01208 0.998565 -0.0521794 -7.02722 -0.984732 0.00281744 -0.174056 104.261 
-0.177528 0.0499574 0.982847 122.402 0.0162255 0.998724 -0.0478336 -7.0795 -0.983982 0.00745542 -0.178112 104.135 
-0.183401 0.0486014 0.981836 123.142 0.0185039 0.998771 -0.0459832 -7.12659 -0.982864 0.00973445 -0.184075 104.011 
-0.189607 0.0472892 0.980721 123.873 0.0172003 0.998846 -0.0448377 -7.1742 -0.981709 0.00836714 -0.190202 103.884 
-0.197996 0.0475362 0.979049 124.604 0.0162022 0.998846 -0.0452207 -7.22069 -0.980069 0.00690926 -0.198538 103.749 
-0.208616 0.0481013 0.976814 125.329 0.0154073 0.998827 -0.0458948 -7.26527 -0.977876 0.00547563 -0.209113 103.607 
-0.220389 0.0490773 0.974177 126.045 0.0161219 0.99878 -0.0466694 -7.30974 -0.975279 0.00542021 -0.220911 103.451 
-0.23276 0.0498822 0.971254 126.758 0.0172566 0.998738 -0.0471582 -7.35532 -0.972381 0.00578403 -0.233327 103.287 
-0.244472 0.0499804 0.968368 127.467 0.0201072 0.998717 -0.0464706 -7.39971 -0.969448 0.00811043 -0.245163 103.113 
-0.255417 0.0499812 0.965538 128.169 0.0235234 0.998689 -0.0454745 -7.44573 -0.966545 0.0110978 -0.256258 102.929 
-0.265495 0.0499462 0.962818 128.87 0.0275173 0.998643 -0.0442168 -7.48993 -0.963719 0.0147548 -0.266509 102.739 
-0.274453 0.0506544 0.960265 129.568 0.0333608 0.998512 -0.043137 -7.53267 -0.961022 0.0201961 -0.275735 102.542 
-0.282049 0.0506642 0.958061 130.258 0.038554 0.998397 -0.041447 -7.57713 -0.958625 0.025247 -0.28355 102.341 
-0.2885 0.0509182 0.956125 130.949 0.0386728 0.99839 -0.0414998 -7.61853 -0.956699 0.0250033 -0.290004 102.142 
-0.293166 0.0490035 0.954805 131.638 0.0424362 0.998368 -0.0382095 -7.65779 -0.955119 0.0293165 -0.294768 101.937 
-0.295067 0.0463298 0.954353 132.324 0.048435 0.998265 -0.0334864 -7.69534 -0.954248 0.0363434 -0.296799 101.724 
-0.296094 0.0450506 0.954096 133.004 0.0549429 0.998037 -0.0300744 -7.73115 -0.953577 0.0435159 -0.297988 101.511 
-0.296943 0.0435772 0.9539 133.68 0.0571901 0.997977 -0.0277878 -7.76852 -0.953181 0.0463023 -0.298835 101.309 
-0.296614 0.0488735 0.953746 134.343 0.0595998 0.99769 -0.0325898 -7.80342 -0.953136 0.0471764 -0.298842 101.109 
-0.29525 0.0523213 0.953987 135.008 0.0595538 0.997566 -0.03628 -7.83623 -0.953562 0.0461019 -0.297647 100.913 
-0.294413 0.0523058 0.954246 135.665 0.0618032 0.997453 -0.0356059 -7.87042 -0.953678 0.0484926 -0.296896 100.719 
-0.292706 0.0506977 0.954858 136.325 0.0630462 0.997444 -0.0336322 -7.90604 -0.954122 0.0503558 -0.295154 100.525 
-0.290717 0.0478322 0.955613 136.98 0.0648992 0.997435 -0.0301818 -7.94556 -0.954606 0.0532441 -0.293076 100.331 
-0.289429 0.0484007 0.955975 137.628 0.0656438 0.997373 -0.0306225 -7.98216 -0.954946 0.0538908 -0.291846 100.146 
-0.287008 0.0508914 0.956575 138.267 0.0668671 0.997216 -0.0329909 -8.01459 -0.955591 0.0544947 -0.289612 99.9646 
-0.282673 0.0525707 0.957775 138.904 0.0686473 0.997046 -0.0344659 -8.04865 -0.956757 0.056006 -0.285447 99.7848 
-0.277302 0.0516803 0.959392 139.536 0.06962 0.997008 -0.0335837 -8.08253 -0.958257 0.05748 -0.280071 99.6129 
-0.271868 0.0499142 0.961039 140.169 0.0712591 0.996957 -0.0316211 -8.11823 -0.959693 0.059886 -0.274598 99.4435 
-0.26715 0.0478297 0.962467 140.794 0.071011 0.997029 -0.0298368 -8.15367 -0.961035 0.0603749 -0.269753 99.28 
-0.263017 0.0469672 0.963647 141.412 0.0711402 0.99704 -0.0291777 -8.18702 -0.962165 0.0608798 -0.26558 99.1224 
-0.259258 0.0454603 0.964738 142.03 0.0716874 0.997042 -0.0277177 -8.21833 -0.963144 0.0619735 -0.26175 98.9675 
-0.255343 0.0440277 0.965848 142.645 0.0751183 0.996846 -0.0255816 -8.24663 -0.963928 0.0660207 -0.257845 98.8108 
-0.251685 0.0423397 0.966883 143.255 0.0770799 0.996746 -0.023583 -8.27523 -0.964735 0.0685918 -0.25413 98.6588 
-0.248323 0.0408924 0.967814 143.856 0.0753865 0.996894 -0.0227783 -8.30794 -0.965739 0.0673037 -0.250635 98.5173 
-0.244644 0.041672 0.968717 144.454 0.0725889 0.99706 -0.0245592 -8.34046 -0.966892 0.0643098 -0.24695 98.3825 
-0.239978 0.0450634 0.969732 145.038 0.0739217 0.99687 -0.0280312 -8.3709 -0.96796 0.0649573 -0.242558 98.2464 
-0.234128 0.0483206 0.971004 145.621 0.0757784 0.996633 -0.0313242 -8.39798 -0.969248 0.0662473 -0.237001 98.112 
-0.227439 0.0491154 0.972553 146.207 0.0748003 0.996658 -0.0328401 -8.42724 -0.970915 0.0652782 -0.230353 97.9877 
-0.219075 0.0475588 0.974548 146.795 0.0715336 0.996906 -0.0325693 -8.45872 -0.973082 0.0625779 -0.2218 97.877 
