1 2.12261e-08 -2.11895e-08 0 2.12261e-08 1 2.10703e-08 0 -2.11895e-08 2.10703e-08 1 0 
0.999998 0.000768866 0.00180027 -0.0229441 -0.00076708 0.999999 -0.000969023 -0.021088 -0.00180106 0.000967682 0.999998 1.21708 
0.999994 0.00109308 0.00335891 -0.0442382 -0.00109114 0.999999 -0.000566609 -0.0395339 -0.00335957 0.000562983 0.999994 2.42862 
0.999991 0.000452167 0.00427359 -0.0557107 -0.000451145 1 -0.000230207 -0.061304 -0.00427373 0.000228319 0.999991 3.64328 
0.999987 0.000160477 0.00512071 -0.0760953 -0.000160982 1 0.000106463 -0.0872608 -0.00512074 -0.000107244 0.999987 4.85111 
0.999983 -0.000156367 0.00582644 -0.0855379 0.000155383 1 0.000176659 -0.108511 -0.00582651 -0.000175709 0.999983 6.06339 
0.999979 9.86794e-05 0.00643661 -0.0968569 -9.2971e-05 1 -0.000880552 -0.129057 -0.00643674 0.000879978 0.999979 7.27329 
0.999975 -0.000132176 0.00711566 -0.107143 0.000140391 0.999999 -0.00114798 -0.151122 -0.00711554 0.00114899 0.999974 8.48421 
0.999975 -0.00065367 0.00702957 -0.11629 0.000650911 1 0.000400819 -0.173387 -0.00702987 -0.000396191 0.999975 9.69511 
0.999982 -0.00120565 0.00594347 -0.136482 0.00119879 0.999999 0.00116592 -0.19012 -0.00594491 -0.00115873 0.999982 10.9062 
0.999991 -0.00238834 0.00358142 -0.157048 0.00238568 0.999997 0.000758844 -0.211795 -0.00358327 -0.00075025 0.999993 12.1054 
0.999997 -0.00207773 0.00158435 -0.175318 0.00207716 0.999998 0.00039342 -0.233214 -0.00158521 -0.000390086 0.999999 13.3107 
0.999998 -0.00186537 0.000448137 -0.20033 0.00186532 0.999998 0.00019022 -0.254908 -0.000448533 -0.000189341 1 14.5319 
1 -0.000323012 -0.000199591 -0.231168 0.000323043 1 -6.13405e-05 -0.275752 0.000199569 6.13182e-05 1 15.7444 
1 -0.000881315 -0.00054153 -0.260706 0.000881321 1 -6.8408e-05 -0.29813 0.000541548 6.79729e-05 1 16.962 
0.999998 -0.00147676 -0.00106437 -0.28738 0.00147736 0.999999 0.000523879 -0.321516 0.00106355 -0.000525408 0.999999 18.1788 
0.999997 -0.00196968 -0.00133055 -0.317617 0.00197078 0.999998 0.000796725 -0.344901 0.00132894 -0.000799303 0.999999 19.399 
0.999997 -0.0017151 -0.00185682 -0.347101 0.00171499 0.999999 -8.31219e-05 -0.368966 0.00185692 7.99794e-05 0.999998 20.6167 
0.999994 -0.00219049 -0.00251959 -0.37178 0.00218842 0.999997 -0.00084132 -0.39141 0.00252139 0.000835843 0.999997 21.8201 
0.999993 -0.000836788 -0.00358096 -0.39023 0.000835133 1 -0.000475511 -0.405056 0.00358132 0.00047256 0.999994 23.0428 
0.99999 -0.000976269 -0.00435964 -0.415362 0.000973013 0.999999 -0.000758511 -0.425839 0.00436034 0.000754304 0.99999 24.266 
0.999986 -0.000946587 -0.00527799 -0.441886 0.000938639 0.999998 -0.00151613 -0.447098 0.00527938 0.00151119 0.999985 25.481 
0.99998 -0.000309757 -0.00626332 -0.469701 0.000304046 1 -0.000919456 -0.465813 0.00626356 0.000917576 0.99998 26.6912 
0.999974 -0.00181984 -0.00696492 -0.498057 0.00182672 0.999998 0.000975142 -0.49168 0.00696308 -0.000987797 0.999975 27.9106 
0.999964 -0.00209415 -0.00823721 -0.522902 0.00210312 0.999997 0.0010753 -0.51288 0.00823489 -0.00109254 0.999966 29.1295 
0.999949 -0.00311146 -0.00958818 -0.548583 0.00311243 0.999995 8.19356e-05 -0.532626 0.00958783 -0.000111732 0.999954 30.3366 
0.999936 -0.00361828 -0.0107609 -0.575565 0.00360796 0.999993 -0.000981582 -0.553234 0.0107644 0.000942736 0.999942 31.5495 
0.99993 -0.00305576 -0.0114072 -0.61447 0.00304499 0.999995 -0.000965327 -0.575383 0.0114101 0.000930568 0.999935 32.7643 
0.999923 -0.00369941 -0.0118782 -0.653966 0.00369582 0.999993 -0.000327411 -0.60002 0.0118792 0.000283529 0.999929 33.98 
0.99991 -0.00416103 -0.0127198 -0.689292 0.00416162 0.999991 1.62605e-05 -0.621561 0.0127196 -6.91517e-05 0.999919 35.187 
0.999896 -0.00477969 -0.0135787 -0.717972 0.00477809 0.999989 -0.000153297 -0.643207 0.0135793 8.84435e-05 0.999908 36.3946 
0.999887 -0.00524338 -0.0141133 -0.757675 0.00524194 0.999986 -0.000142095 -0.666197 0.0141138 6.81406e-05 0.9999 37.6008 
0.999879 -0.0060539 -0.0143143 -0.794689 0.00605978 0.999982 0.000364602 -0.686385 0.0143118 -0.000451257 0.999898 38.8224 
0.99988 -0.00594494 -0.0143115 -0.833479 0.00596981 0.999981 0.00169271 -0.710132 0.0143011 -0.0017779 0.999896 40.0387 
0.999881 -0.00562394 -0.0143578 -0.872184 0.00565961 0.999981 0.0024424 -0.729073 0.0143438 -0.00252333 0.999894 41.2651 
0.999888 -0.00484173 -0.0141972 -0.913056 0.00487057 0.999986 0.00199487 -0.748895 0.0141873 -0.00206376 0.999897 42.4922 
0.999897 -0.00377938 -0.013838 -0.953574 0.0038069 0.999991 0.00195973 -0.768464 0.0138304 -0.00201216 0.999902 43.7245 
0.999913 -0.00102839 -0.0131188 -0.998589 0.00107798 0.999992 0.00377043 -0.786216 0.0131148 -0.00378421 0.999907 44.9428 
0.999935 -0.00124213 -0.0113314 -1.03831 0.00132035 0.999975 0.00689447 -0.805718 0.0113225 -0.00690894 0.999912 46.1558 
0.999953 -0.000656591 -0.00968943 -1.07378 0.000750683 0.999953 0.00970596 -0.818681 0.00968256 -0.00971273 0.999906 47.3642 
0.999965 -0.000288793 -0.008327 -1.10439 0.000396822 0.999916 0.0129695 -0.826564 0.00832251 -0.0129723 0.999881 48.5783 
0.999975 -0.00129361 -0.00699851 -1.13618 0.0013936 0.999897 0.0142954 -0.834145 0.00697925 -0.0143048 0.999873 49.7927 
0.99998 -0.00334229 -0.00535116 -1.16424 0.00341028 0.999913 0.0127397 -0.835533 0.00530807 -0.0127576 0.999905 51.0059 
0.999988 -0.00225356 -0.00425552 -1.19281 0.00230007 0.999937 0.0109473 -0.83961 0.00423055 -0.010957 0.999931 52.2136 
0.999992 -0.00189102 -0.00344003 -1.2203 0.00192683 0.999944 0.0104241 -0.84635 0.00342008 -0.0104306 0.99994 53.4289 
0.999992 -0.0022406 -0.00339994 -1.24475 0.00227401 0.999949 0.00984358 -0.853622 0.00337767 -0.00985118 0.999946 54.6434 
0.999987 -0.00298465 -0.00414198 -1.27335 0.00302118 0.999956 0.00883128 -0.863465 0.0041154 -0.00884364 0.999952 55.8647 
0.99998 -0.00285763 -0.00570699 -1.30399 0.00291017 0.999953 0.00921157 -0.873633 0.00568036 -0.00922795 0.999941 57.0847 
0.999972 -0.00278197 -0.00700579 -1.3351 0.00285511 0.999941 0.0104465 -0.882914 0.00697628 -0.0104662 0.999921 58.3084 
0.999964 -0.00296612 -0.00793463 -1.36897 0.00305108 0.999938 0.0107116 -0.892763 0.00790232 -0.0107354 0.999911 59.5306 
0.99996 -0.0019217 -0.008718 -1.40355 0.00201229 0.999944 0.0103892 -0.90014 0.0086975 -0.0104063 0.999908 60.7474 
0.999958 -0.00155278 -0.00899379 -1.44199 0.00164592 0.999945 0.0103534 -0.911464 0.00897718 -0.0103677 0.999906 61.963 
0.999955 -0.00237704 -0.00915286 -1.47629 0.00246748 0.999948 0.00987781 -0.922474 0.00912887 -0.00989991 0.999909 63.1722 
0.999949 -0.00333451 -0.00955169 -1.50461 0.00341907 0.999955 0.00884623 -0.932129 0.00952172 -0.0088784 0.999915 64.3871 
0.999943 -0.0035606 -0.0100934 -1.53339 0.00366176 0.999943 0.0100178 -0.940896 0.0100572 -0.0100541 0.999899 65.6001 
0.999941 -0.0037518 -0.0102035 -1.56997 0.00387014 0.999925 0.0115992 -0.95286 0.0101591 -0.0116379 0.999881 66.8058 
0.999941 -0.00311178 -0.0104024 -1.60353 0.00321497 0.999946 0.00991381 -0.963252 0.010371 -0.00994662 0.999897 68.0166 
0.999949 -0.00140709 -0.0100536 -1.64676 0.00149522 0.999961 0.00875932 -0.973827 0.0100408 -0.00877386 0.999911 69.2256 
0.999951 0.000906896 -0.00985058 -1.68896 -0.000816861 0.999958 0.00913596 -0.986121 0.00985841 -0.00912742 0.99991 70.4308 
0.999953 0.00290493 -0.00928608 -1.73382 -0.00281886 0.999953 0.00926334 -0.996788 0.00931251 -0.00923669 0.999914 71.6218 
0.999952 0.00464849 -0.00862203 -1.77772 -0.00456478 0.999943 0.00969872 -1.0063 0.00866658 -0.00965885 0.999916 72.8153 
0.999958 0.00549158 -0.0073112 -1.81303 -0.00541452 0.99993 0.0105114 -1.01498 0.00736837 -0.0104714 0.999918 74.0058 
0.999961 0.00701363 -0.00530787 -1.84309 -0.00695366 0.999913 0.0112274 -1.02526 0.00538611 -0.0111901 0.999923 75.2034 
0.999981 0.005582 -0.00251261 -1.87087 -0.00555896 0.999943 0.00906707 -1.03771 0.00256304 -0.00905289 0.999956 76.3955 
0.999996 0.00271122 0.00025387 -1.89173 -0.00271222 0.999988 0.00420118 -1.05138 -0.000242519 -0.00420181 0.999991 77.5736 
0.999989 0.00375813 0.00272617 -1.91081 -0.00376786 0.999987 0.00358652 -1.06406 -0.0027127 -0.00359671 0.99999 78.7515 
0.99998 0.00283817 0.00560124 -1.92597 -0.00287886 0.999969 0.00727766 -1.08367 -0.00558046 -0.0072936 0.999958 79.9358 
0.999954 0.00331687 0.00901771 -1.93863 -0.00339422 0.999957 0.0085814 -1.09759 -0.00898891 -0.00861157 0.999923 81.1162 
0.999902 0.00379401 0.0134729 -1.9478 -0.00388424 0.99997 0.00668086 -1.10896 -0.0134472 -0.00673249 0.999887 82.2857 
0.999843 0.0031605 0.017456 -1.94974 -0.00322521 0.999988 0.00368268 -1.12595 -0.0174442 -0.00373836 0.999841 83.4505 
0.999776 0.00172879 0.0211146 -1.94687 -0.00173881 0.999998 0.000457908 -1.14594 -0.0211138 -0.000494478 0.999777 84.6085 
0.999685 0.00148466 0.0250676 -1.94316 -0.00147194 0.999999 -0.000524277 -1.16808 -0.0250684 0.000487255 0.999686 85.7616 
0.999583 0.00112093 0.0288495 -1.93002 -0.0011589 0.999999 0.00130091 -1.18936 -0.0288481 -0.00133376 0.999583 86.9205 
0.999451 0.00239283 0.0330498 -1.92419 -0.00244979 0.999996 0.00168436 -1.21026 -0.0330456 -0.00176436 0.999452 88.0966 
0.999299 0.00202715 0.0373929 -1.91301 -0.00201422 0.999998 -0.000382217 -1.2324 -0.0373937 0.000306672 0.999301 89.2702 
0.999158 0.00182708 0.040997 -1.88981 -0.00171775 0.999995 -0.00270069 -1.25511 -0.0410018 0.00262803 0.999156 90.4386 
0.999026 0.00174671 0.0440858 -1.85623 -0.00161476 0.999994 -0.00302748 -1.27691 -0.0440909 0.00295338 0.999023 91.6045 
0.998894 0.000325827 0.047009 -1.82122 -0.000240852 0.999998 -0.00181236 -1.29881 -0.0470095 0.00179908 0.998893 92.7717 
0.998777 -0.000405788 0.0494497 -1.77672 0.000422824 1 -0.000333165 -1.31898 -0.0494496 0.000353707 0.998777 93.9431 
0.998646 -0.00119451 0.0520094 -1.73222 0.0011272 0.999999 0.00132427 -1.33701 -0.052011 -0.00126381 0.998646 95.1165 
0.998511 -0.00282738 0.0544797 -1.69304 0.00270042 0.999994 0.00240464 -1.35819 -0.0544862 -0.0022539 0.998512 96.2815 
0.998389 -0.00386402 0.0566043 -1.63813 0.00385912 0.999993 0.000196534 -1.37715 -0.0566047 2.22666e-05 0.998397 97.4619 
0.998242 -0.00499731 0.0590524 -1.59465 0.00520697 0.999981 -0.00339641 -1.39536 -0.0590343 0.00369797 0.998249 98.6263 
0.998135 -0.0043788 0.060882 -1.5402 0.004774 0.999969 -0.00634659 -1.41637 -0.0608523 0.00662544 0.998125 99.8015 
0.998025 -0.00442106 0.062656 -1.49153 0.00488007 0.999962 -0.00717394 -1.44327 -0.062622 0.00746558 0.998009 100.989 
0.998 -0.00440951 0.0630657 -1.44081 0.00483997 0.999966 -0.00667362 -1.4676 -0.0630342 0.00696555 0.997987 102.193 
0.998042 -0.00414038 0.0624104 -1.39278 0.00445564 0.999978 -0.00491235 -1.49341 -0.0623888 0.00518085 0.998039 103.411 
0.998121 -0.00473628 0.0610898 -1.33874 0.00495835 0.999982 -0.0034834 -1.51625 -0.0610723 0.0037798 0.998126 104.624 
0.998236 -0.00437154 0.0592052 -1.28925 0.00453783 0.999986 -0.00267381 -1.53734 -0.0591927 0.0029378 0.998242 105.836 
0.998369 -0.00443104 0.0569142 -1.25548 0.004562 0.999987 -0.00217044 -1.5587 -0.0569039 0.00242658 0.998377 107.084 
0.998543 -0.00391153 0.0538128 -1.20971 0.00404318 0.999989 -0.00233688 -1.57629 -0.0538032 0.00255109 0.998548 108.32 
0.998737 -0.00253863 0.0501752 -1.18075 0.00268425 0.999992 -0.00283417 -1.5972 -0.0501676 0.00296531 0.998736 109.539 
0.998929 -0.00212388 0.0462279 -1.14236 0.0022477 0.999994 -0.00262573 -1.6138 -0.0462221 0.00272686 0.998928 110.778 
0.99911 -0.00164957 0.0421405 -1.1092 0.00172091 0.999997 -0.00165564 -1.63431 -0.0421377 0.00172673 0.99911 112.016 
0.999277 -0.00115433 0.0379968 -1.08522 0.00119425 0.999999 -0.00102658 -1.65344 -0.0379956 0.00107125 0.999277 113.238 
0.999424 -0.00111211 0.0339187 -1.08439 0.00112873 0.999999 -0.000469523 -1.67326 -0.0339182 0.000507579 0.999425 114.482 
0.999573 -0.000399191 0.0292142 -1.06904 0.000413676 1 -0.000488286 -1.69176 -0.029214 0.000500205 0.999573 115.721 
0.999703 0.000407136 0.0243627 -1.06485 -0.000392279 1 -0.00061286 -1.71625 -0.024363 0.000603163 0.999703 116.979 
0.999811 0.000774673 0.0194185 -1.06058 -0.00075425 0.999999 -0.00105683 -1.73426 -0.0194193 0.00104202 0.999811 118.242 
0.999888 0.00175517 0.0148505 -1.07038 -0.00173086 0.999997 -0.00164667 -1.75517 -0.0148533 0.00162083 0.999888 119.5 
0.999925 0.00378408 0.0116695 -1.08571 -0.00376134 0.999991 -0.0019663 -1.77322 -0.0116769 0.0019223 0.99993 120.746 
0.999938 0.00572898 0.00956649 -1.10061 -0.00571173 0.999982 -0.00182404 -1.79792 -0.00957681 0.00176933 0.999953 122.018 
0.999939 0.00688015 0.00867573 -1.12126 -0.00686178 0.999974 -0.00214047 -1.81901 -0.00869027 0.00208085 0.99996 123.294 
0.99993 0.0090562 0.00759284 -1.13345 -0.00904098 0.999957 -0.00203016 -1.84021 -0.00761094 0.00196141 0.999969 124.563 
0.999924 0.010337 0.00675838 -1.15317 -0.0103289 0.999946 -0.00123171 -1.86347 -0.00677079 0.00116185 0.999976 125.832 
0.999927 0.010344 0.00628928 -1.16906 -0.0103393 0.999946 -0.000774478 -1.88728 -0.006297 0.000709436 0.99998 127.093 
0.99989 0.013824 0.00539584 -1.18969 -0.0138308 0.999904 0.00124051 -1.90658 -0.00537821 -0.00131496 0.999985 128.356 
0.999879 0.0148232 0.0047751 -1.21462 -0.0148436 0.999881 0.00427592 -1.91908 -0.00471119 -0.00434624 0.999979 129.638 
0.999899 0.0136005 0.00414991 -1.23544 -0.0136163 0.9999 0.00379938 -1.93234 -0.00409787 -0.00385546 0.999984 130.913 
0.999903 0.0135562 0.00334719 -1.25378 -0.0135639 0.999905 0.00230373 -1.94708 -0.00331569 -0.00234887 0.999992 132.187 
0.99994 0.0106614 0.0026549 -1.2792 -0.0106698 0.999938 0.00320193 -1.95867 -0.00262064 -0.00323003 0.999991 133.471 
0.999965 0.00826706 0.00146583 -1.30244 -0.00827444 0.999953 0.00513144 -1.9764 -0.00142338 -0.00514335 0.999986 134.773 
0.999988 0.00479534 0.000999867 -1.32547 -0.00480199 0.999965 0.0067999 -1.98791 -0.000967267 -0.00680458 0.999976 136.062 
0.999996 0.00271806 0.000575201 -1.34747 -0.00272253 0.999964 0.00799363 -2.00495 -0.000553496 -0.00799512 0.999968 137.353 
0.999999 -0.00150227 0.000702562 -1.36405 0.00149799 0.99998 0.00611407 -2.0166 -0.000711775 -0.00611296 0.999981 138.632 
0.999992 -0.00399424 0.000891009 -1.38464 0.00398962 0.999979 0.00517571 -2.02944 -0.000911705 -0.00517207 0.999986 139.911 
0.999984 -0.00547015 0.00107798 -1.40451 0.0054647 0.999972 0.00503196 -2.04511 -0.00110552 -0.00502595 0.999987 141.192 
0.999983 -0.00563903 0.00162554 -1.42843 0.00563036 0.99997 0.00531417 -2.05806 -0.0016555 -0.00530488 0.999985 142.476 
0.999986 -0.0049829 0.00192868 -1.44427 0.00496885 0.999961 0.007244 -2.07055 -0.00196474 -0.00723427 0.999972 143.766 
0.999993 -0.00258128 0.00273496 -1.47023 0.00255765 0.99996 0.00862555 -2.0825 -0.00275716 -0.00861845 0.999959 145.06 
0.99999 -0.00290431 0.00333222 -1.48829 0.00288103 0.999972 0.0069844 -2.09971 -0.00335245 -0.00697469 0.99997 146.346 
0.99999 -0.00226164 0.00397316 -1.51152 0.002242 0.999985 0.00495282 -2.11261 -0.00398435 -0.00494382 0.99998 147.644 
0.999986 -0.00257241 0.00465985 -1.53378 0.00256043 0.999993 0.00258296 -2.13357 -0.0046665 -0.00257095 0.999986 148.927 
0.999981 -0.00365527 0.00490238 -1.54807 0.00366323 0.999992 -0.00160666 -2.15312 -0.00489651 0.00162464 0.999987 150.22 
0.999979 -0.00362033 0.00537575 -1.56593 0.00364815 0.99998 -0.00516616 -2.17811 -0.00535698 0.0051857 0.999972 151.505 
0.999977 -0.00384603 0.00559817 -1.58472 0.00388022 0.999974 -0.00610219 -2.20777 -0.0055746 0.00612381 0.999966 152.796 
0.999976 -0.00413523 0.00563817 -1.60307 0.00416772 0.999975 -0.00575559 -2.24093 -0.00561427 0.00577899 0.999968 154.083 
0.999978 -0.00366123 0.00553933 -1.62199 0.00369078 0.999979 -0.00532737 -2.27119 -0.00551975 0.00534774 0.999971 155.365 
0.999981 -0.00283796 0.00541686 -1.64041 0.00286133 0.999987 -0.00430365 -2.30101 -0.00540462 0.00431911 0.999976 156.657 
0.999984 -0.00226695 0.00515809 -1.66046 0.00228662 0.99999 -0.00380129 -2.32879 -0.00514946 0.00381306 0.99998 157.946 
0.999988 -0.00220175 0.00431186 -1.6721 0.00221988 0.999989 -0.00419429 -2.35832 -0.00430262 0.00420386 0.999982 159.208 
0.999992 -0.00170525 0.0035657 -1.68929 0.00171914 0.999991 -0.00388245 -2.38558 -0.00355908 0.00388859 0.999986 160.482 
0.999993 -0.00219335 0.00306955 -1.71644 0.00220214 0.999994 -0.00285244 -2.4104 -0.00306331 0.00285922 0.999991 161.798 
0.999996 -0.00148807 0.00241487 -1.73934 0.00149417 0.999996 -0.0025101 -2.4393 -0.00241116 0.00251374 0.999994 163.076 
0.999998 -0.00108228 0.0017947 -1.76161 0.00108858 0.999993 -0.00348991 -2.46671 -0.00179095 0.0034919 0.999992 164.355 
0.999999 -0.000817818 0.00104228 -1.78499 0.000822787 0.999988 -0.00473484 -2.49347 -0.00103844 0.00473574 0.999988 165.621 
1 -6.12427e-05 0.000349872 -1.81029 6.29262e-05 0.999989 -0.00469208 -2.52445 -0.000349623 0.00469215 0.999989 166.885 
1 -0.000532665 -0.000286001 -1.83544 0.000531122 0.999985 -0.00551285 -2.55554 0.000288891 0.00551274 0.999985 168.16 
0.999999 -0.000140401 -0.00115498 -1.85889 0.000132824 0.999978 -0.00659473 -2.5842 0.00115584 0.00659461 0.999978 169.441 
0.999998 -2.92611e-05 -0.00191568 -1.88797 1.73889e-05 0.999981 -0.0062193 -2.61697 0.00191579 0.0062193 0.999979 170.728 
0.999996 0.000145695 -0.00275632 -1.91385 -0.000159286 0.999988 -0.00494655 -2.64673 0.00275552 0.00494701 0.999984 172.018 
0.999993 -0.000107212 -0.00377637 -1.94038 8.98934e-05 0.999989 -0.00459714 -2.67556 0.00377678 0.00459681 0.999982 173.29 
0.999988 0.000323925 -0.00480944 -1.96365 -0.00034471 0.999991 -0.00433037 -2.70115 0.00480795 0.00433202 0.999979 174.582 
0.999983 0.000688854 -0.00572849 -1.99436 -0.000712358 0.999991 -0.0041093 -2.7298 0.00572557 0.00411336 0.999975 175.861 
0.999981 0.000946755 -0.00602275 -2.0316 -0.000976817 0.999987 -0.00499756 -2.75764 0.0060179 0.0050034 0.999969 177.141 
0.999977 0.00191607 -0.00646819 -2.06817 -0.00195173 0.999983 -0.00551746 -2.78647 0.00645747 0.00553 0.999964 178.42 
0.999976 0.00198926 -0.00671659 -2.10496 -0.00202375 0.999985 -0.00513929 -2.8171 0.00670622 0.0051528 0.999964 179.701 
0.999976 0.00203366 -0.00667085 -2.14083 -0.0020756 0.999978 -0.00629262 -2.84614 0.00665787 0.00630635 0.999958 180.981 
0.999976 0.000709649 -0.00692253 -2.16987 -0.000764126 0.999969 -0.00787617 -2.8757 0.00691668 0.00788131 0.999945 182.259 
0.99997 -0.00252931 -0.00733262 -2.19651 0.00247312 0.999968 -0.00766753 -2.90822 0.00735173 0.0076492 0.999944 183.535 
0.999968 -0.00217153 -0.00776939 -2.2278 0.00214167 0.99999 -0.00385507 -2.93979 0.00777764 0.00383835 0.999962 184.806 
0.999966 -0.00300585 -0.00770565 -2.26062 0.00300969 0.999995 0.000481303 -2.96723 0.00770413 -0.000504436 0.99997 186.082 
0.99997 -0.00173869 -0.00751349 -2.29438 0.00173695 0.999999 -0.000244163 -2.98896 0.00751386 0.000231148 0.999972 187.339 
0.999973 -0.000395336 -0.00735759 -2.33077 0.000369188 0.999994 -0.00356073 -3.01264 0.0073589 0.00355796 0.999967 188.58 
0.999969 0.000226277 -0.007834 -2.3622 -0.000269327 0.999985 -0.00550006 -3.03723 0.00783259 0.00550204 0.999954 189.829 
0.999969 -0.000193372 -0.00791212 -2.397 0.000152742 0.999987 -0.0051407 -3.06745 0.00791296 0.00513937 0.999956 191.079 
0.999971 -0.000304573 -0.00766241 -2.4303 0.000274858 0.999992 -0.00388426 -3.09949 0.00766349 0.00388208 0.999963 192.34 
0.999974 -0.000126088 -0.00727543 -2.46459 0.000112856 0.999998 -0.00182494 -3.12807 0.0072756 0.00182411 0.999972 193.595 
0.999979 -0.000759806 -0.00648729 -2.49234 0.000753462 0.999999 -0.000986923 -3.15479 0.006488 0.000982056 0.999979 194.859 
0.999988 -0.000803385 -0.00479643 -2.5264 0.000795925 0.999998 -0.00156592 -3.18279 0.00479764 0.00156213 0.999987 196.108 
0.999992 -0.0019521 -0.00343607 -2.55257 0.00194207 0.999994 -0.00293318 -3.21102 0.00344173 0.00292652 0.99999 197.359 
0.999995 -0.00219594 -0.0021586 -2.5793 0.00218673 0.999988 -0.00428061 -3.24358 0.00216793 0.00427591 0.999989 198.592 
0.999996 -0.00285786 -0.000744447 -2.60246 0.0028544 0.999985 -0.00466488 -3.27481 0.000757725 0.00466278 0.999989 199.813 
0.999997 -0.0023119 0.000740355 -2.62931 0.00231493 0.999989 -0.00406757 -3.30228 -0.000730986 0.00406931 0.999991 201.044 
0.999994 -0.00287699 0.00210519 -2.65024 0.00288112 0.999994 -0.0019434 -3.33502 -0.00209962 0.0019495 0.999996 202.265 
0.999994 -0.00182606 0.00298458 -2.66891 0.00183069 0.999997 -0.00153238 -3.36061 -0.00298182 0.00153788 0.999994 203.48 
0.99999 -0.00218766 0.00399979 -2.68493 0.0021938 0.999996 -0.00152195 -3.38639 -0.00399649 0.00153075 0.999991 204.703 
0.999987 -0.00156496 0.00479997 -2.69363 0.00157199 0.999998 -0.00145178 -3.40886 -0.00479773 0.00145935 0.999987 205.934 
0.999981 -0.00173544 0.00592692 -2.71218 0.00174286 0.999998 -0.00123919 -3.43329 -0.0059248 0.00124954 0.999982 207.145 
0.999975 -0.00151763 0.00698019 -2.732 0.00152688 0.999998 -0.0013143 -3.46138 -0.00697823 0.00132497 0.999975 208.349 
0.999969 -0.00186405 0.00766636 -2.7445 0.00187305 0.999998 -0.00116093 -3.48934 -0.00766422 0.0011753 0.99997 209.541 
0.999962 -0.00289927 0.00816998 -2.75476 0.00290774 0.999995 -0.00101961 -3.51671 -0.00816702 0.00104337 0.999966 210.725 
0.999962 -0.00316755 0.00815162 -2.7604 0.00316965 0.999995 -0.000239458 -3.54303 -0.00815086 0.000265328 0.999967 211.895 
0.999964 -0.00373121 0.00767591 -2.76856 0.00372452 0.999993 0.000891365 -3.56874 -0.00767922 -0.000862701 0.99997 213.037 
0.99997 -0.00353891 0.00688789 -2.78028 0.00353301 0.999993 0.000875783 -3.59521 -0.00689099 -0.00085138 0.999976 214.162 
0.999975 -0.003294 0.00620579 -2.7903 0.00329355 0.999995 9.06856e-05 -3.62117 -0.0062061 -7.02022e-05 0.999981 215.269 
0.999978 -0.00314597 0.00592572 -2.81071 0.00314932 0.999995 -0.000549218 -3.64747 -0.005924 0.000567909 0.999982 216.385 
0.99998 -0.00315781 0.00547715 -2.83049 0.00316153 0.999995 -0.000663779 -3.6747 -0.00547507 0.000681124 0.999985 217.482 
0.999986 -0.00362029 0.00397623 -2.84345 0.00362281 0.999993 -0.000616159 -3.69887 -0.00397401 0.000630598 0.999992 218.545 
0.99999 -0.00411073 0.00192063 -2.85384 0.0041105 0.999992 0.000147358 -3.72169 -0.00192126 -0.00013942 0.999998 219.6 
0.999986 -0.0053046 -0.00049078 -2.86488 0.00530548 0.999984 0.00173536 -3.74245 0.000481525 -0.00173789 0.999998 220.657 
0.999984 -0.00490975 -0.00277338 -2.88752 0.00491932 0.999982 0.00343804 -3.76362 0.00275641 -0.00345158 0.99999 221.705 
0.999976 -0.00458241 -0.00522849 -2.91277 0.00460065 0.999983 0.00347264 -3.78397 0.00521244 -0.00349657 0.99998 222.736 
0.999958 -0.00442054 -0.00799844 -2.9335 0.004445 0.999986 0.00303811 -3.80425 0.00798485 -0.0030735 0.999963 223.751 
0.999928 -0.00453781 -0.0110895 -2.95493 0.00457318 0.999985 0.00316278 -3.82201 0.0110749 -0.00321323 0.999934 224.747 
0.999892 -0.00400836 -0.0141102 -2.98218 0.00406015 0.999985 0.00364048 -3.84074 0.0140954 -0.00369734 0.999894 225.716 
0.999841 -0.00388385 -0.0174262 -2.99862 0.00394543 0.999986 0.00349857 -3.86316 0.0174123 -0.00356672 0.999842 226.684 
0.999766 -0.00417978 -0.0212071 -3.02569 0.00424541 0.999986 0.00304878 -3.88287 0.021194 -0.00313805 0.99977 227.595 
0.999684 -0.00443378 -0.024746 -3.05674 0.00449637 0.999987 0.00247261 -3.90239 0.0247347 -0.00258306 0.999691 228.491 
0.9996 -0.00337696 -0.0280672 -3.09579 0.00344315 0.999991 0.00230884 -3.92206 0.0280592 -0.00240452 0.999603 229.355 
0.999506 -0.00313357 -0.0312617 -3.13628 0.00318935 0.999993 0.00173325 -3.94229 0.031256 -0.00183206 0.99951 230.194 
0.999439 -0.00115198 -0.0334704 -3.18275 0.00121229 0.999998 0.00178035 -3.96079 0.0334682 -0.00181989 0.999438 231.023 
0.999421 -0.000443361 -0.0340322 -3.22816 0.000521033 0.999997 0.00227226 -3.97768 0.0340311 -0.00228863 0.999418 231.829 
0.999419 -0.000548722 -0.0340857 -3.25877 0.000662048 0.999994 0.00331233 -3.99338 0.0340836 -0.00333293 0.999413 232.63 
0.999437 -0.00019761 -0.0335437 -3.30014 0.00033536 0.999992 0.00409977 -4.00871 0.0335425 -0.00410866 0.999429 233.398 
0.999454 -0.000237786 -0.0330347 -3.3402 0.000359009 0.999993 0.00366241 -4.02347 0.0330336 -0.00367223 0.999448 234.146 
0.999465 0.000194378 -0.0327221 -3.37878 -0.000137174 0.999999 0.00174916 -4.03859 0.0327223 -0.00174369 0.999463 234.883 
0.999491 0.00024617 -0.0318948 -3.4154 -0.000255896 1 -0.000302173 -4.05421 0.0318946 0.000310224 0.999491 235.615 
0.999529 0.000139691 -0.030683 -3.45265 -0.000187722 0.999999 -0.00156389 -4.07114 0.0306827 0.00156896 0.999528 236.342 
0.999569 0.000690733 -0.0293404 -3.48775 -0.000749869 0.999998 -0.00200596 -4.08675 0.0293389 0.00202714 0.999568 237.068 
0.999617 0.000171867 -0.0276688 -3.51501 -0.000231632 0.999998 -0.00215834 -4.1007 0.0276683 0.00216396 0.999615 237.803 
0.999667 2.29958e-06 -0.0258052 -3.54401 -5.92318e-05 0.999998 -0.00220709 -4.11522 0.0258051 0.00220793 0.999665 238.528 
0.999713 7.33174e-05 -0.023954 -3.5701 -0.000131633 0.999997 -0.00243468 -4.1306 0.0239537 0.00243718 0.99971 239.252 
0.99976 -0.000154173 -0.0218879 -3.59526 9.51826e-05 0.999996 -0.00269805 -4.14592 0.0218882 0.00269536 0.999757 239.974 
0.99982 -7.94445e-05 -0.0189489 -3.62146 3.69306e-05 0.999998 -0.00224617 -4.16193 0.0189489 0.00224511 0.999818 240.701 
0.999875 -0.00105008 -0.0157681 -3.64136 0.0010228 0.999998 -0.0017407 -4.17307 0.0157699 0.00172439 0.999874 241.425 
0.999917 -0.00198932 -0.012727 -3.66194 0.00197181 0.999997 -0.00139148 -4.18778 0.0127297 0.00136631 0.999918 242.147 
0.99995 -0.00226928 -0.00970027 -3.67672 0.00225606 0.999997 -0.00137815 -4.20185 0.00970332 0.00135624 0.999952 242.854 
0.999975 -0.00260605 -0.00656004 -3.69647 0.00259478 0.999995 -0.00173189 -4.21518 0.00656448 0.00171486 0.999977 243.561 
0.999991 -0.00261408 -0.00336102 -3.71384 0.00260737 0.999995 -0.00201316 -4.22771 0.00336622 0.00200442 0.999992 244.258 
0.999998 -0.00184925 -0.000487227 -3.72553 0.00184792 0.999994 -0.00280915 -4.24242 0.000492376 0.00280829 0.999996 244.953 
0.999995 -0.00163794 0.00264305 -3.73608 0.00164688 0.999993 -0.0033679 -4.25662 -0.00263755 0.00337228 0.999991 245.657 
0.999983 -0.00163205 0.00560745 -3.74546 0.00164571 0.999996 -0.00242511 -4.27167 -0.00560351 0.00243433 0.999981 246.364 
0.999962 -0.00118322 0.00858498 -3.75358 0.0011993 0.999998 -0.00186261 -4.28455 -0.0085828 0.00187288 0.999961 247.07 
0.999939 -0.0010911 0.010988 -3.75807 0.00111456 0.999997 -0.00212593 -4.29813 -0.0109857 0.00213809 0.999937 247.775 
0.999909 -0.000854065 0.0134712 -3.7619 0.000904303 0.999993 -0.0037205 -4.31176 -0.013468 0.00373238 0.999902 248.482 
0.999878 -0.000856821 0.015574 -3.76543 0.000950638 0.999982 -0.00601481 -4.32663 -0.0155686 0.00602892 0.999861 249.192 
0.999859 -0.00201276 0.0166877 -3.7646 0.00213902 0.999969 -0.00754915 -4.34138 -0.016672 0.00758382 0.999832 249.907 
0.999857 -0.0018289 0.0168141 -3.76355 0.00196339 0.999966 -0.00798302 -4.35735 -0.016799 0.00801493 0.999827 250.628 
0.999852 -0.00276234 0.0169627 -3.76407 0.00290463 0.999961 -0.00836696 -4.37522 -0.0169389 0.00841503 0.999821 251.351 
0.999851 -0.00152863 0.0172131 -3.76419 0.00167879 0.999961 -0.00870996 -4.39296 -0.0171992 0.00873759 0.999814 252.087 
0.999844 -0.0006964 0.0176253 -3.76654 0.00085977 0.999957 -0.00926068 -4.41158 -0.0176182 0.00927444 0.999802 252.819 
0.999833 -0.0016244 0.0181784 -3.77675 0.00182883 0.999935 -0.0112325 -4.42648 -0.018159 0.0112639 0.999772 253.585 
0.999806 -0.0054956 0.0189138 -3.78335 0.0057498 0.999894 -0.0134096 -4.44432 -0.0188382 0.0135158 0.999731 254.356 
0.999767 -0.00865788 0.0197533 -3.77784 0.00893898 0.999859 -0.0141851 -4.46404 -0.0196278 0.0143584 0.999704 255.123 
0.999766 -0.0059816 0.0207734 -3.78825 0.00619981 0.999926 -0.0104538 -4.47778 -0.0207094 0.0105802 0.99973 255.902 
0.999761 -0.00219675 0.0217443 -3.80433 0.00229051 0.999988 -0.00428615 -4.49817 -0.0217347 0.00433497 0.999754 256.682 
0.999737 -0.00290965 0.0227599 -3.80256 0.00292839 0.999995 -0.000788165 -4.51646 -0.0227575 0.000854649 0.999741 257.477 
0.999675 -0.00380124 0.0252241 -3.79219 0.00387328 0.999989 -0.00280572 -4.53202 -0.0252132 0.00290255 0.999678 258.27 
0.999557 -0.00257353 0.0296402 -3.78702 0.00284375 0.999955 -0.00907656 -4.54428 -0.0296156 0.00915687 0.999519 259.067 
0.999438 -0.000436099 0.0335261 -3.78074 0.000860002 0.99992 -0.0126293 -4.56144 -0.033518 0.0126511 0.999358 259.873 
0.999316 0.00106895 0.0369652 -3.76927 -0.000606234 0.999921 -0.0125253 -4.58013 -0.0369757 0.0124944 0.999238 260.692 
0.999176 -0.000677471 0.0405736 -3.75346 0.00108891 0.999948 -0.0101183 -4.60349 -0.0405647 0.0101542 0.999125 261.525 
0.999034 -0.00393783 0.0437582 -3.7295 0.00424048 0.999968 -0.00682479 -4.62417 -0.0437299 0.0070038 0.999019 262.366 
0.998892 -0.00652093 0.0466037 -3.69871 0.00676964 0.999964 -0.00518005 -4.64326 -0.0465683 0.00548984 0.9989 263.209 
0.998748 -0.00606341 0.049666 -3.6675 0.00630448 0.999969 -0.00469774 -4.66147 -0.049636 0.00500502 0.998755 264.058 
0.998635 -0.00337873 0.0521178 -3.63819 0.00374682 0.999969 -0.00696569 -4.67571 -0.0520927 0.0071515 0.998617 264.906 
0.998513 -0.00270077 0.0544458 -3.60785 0.00320621 0.999953 -0.00919747 -4.69558 -0.0544184 0.0093584 0.998474 265.746 
0.998381 -0.00237468 0.0568394 -3.56683 0.00290965 0.999952 -0.00933016 -4.71314 -0.0568146 0.00948048 0.99834 266.603 
0.998192 -0.00147883 0.0600919 -3.54158 0.00191832 0.999972 -0.00725579 -4.73738 -0.0600795 0.00735798 0.998167 267.462 
0.997987 -0.000126132 0.0634207 -3.50248 0.000485383 0.999984 -0.0056485 -4.75781 -0.063419 0.00566795 0.997971 268.319 
0.99779 0.000614455 0.0664463 -3.46389 -0.00022529 0.999983 -0.0058635 -4.77673 -0.0664488 0.00583561 0.997773 269.174 
0.9976 0.000813441 0.0692344 -3.42183 -0.000360473 0.999978 -0.00655413 -4.7928 -0.0692383 0.00651349 0.997579 270.023 
0.997397 -0.000800984 0.0721017 -3.37657 0.00130546 0.999975 -0.00694925 -4.8105 -0.0720944 0.00702533 0.997373 270.881 
0.997243 -0.00380263 0.0741071 -3.32937 0.00428733 0.99997 -0.00638194 -4.82557 -0.0740807 0.00668211 0.99723 271.73 
0.997153 -0.00499471 0.0752387 -3.28155 0.00549914 0.999964 -0.00649809 -4.84488 -0.0752035 0.00689338 0.997144 272.591 
0.997085 -0.0055809 0.076092 -3.2341 0.00610068 0.99996 -0.00659968 -4.86019 -0.0760521 0.00704469 0.997079 273.446 
0.997032 -0.00543024 0.0767944 -3.18688 0.00596197 0.99996 -0.006696 -4.87558 -0.076755 0.00713401 0.997025 274.309 
0.997018 -0.00503571 0.0770038 -3.14315 0.00552607 0.999966 -0.00615566 -4.89373 -0.0769702 0.00656287 0.997012 275.169 
0.997058 -0.00499151 0.0764847 -3.09529 0.00544546 0.999969 -0.00572723 -4.91428 -0.0764537 0.00612692 0.997054 276.026 
0.997141 -0.00526625 0.075386 -3.04789 0.00576865 0.999963 -0.00644757 -4.93622 -0.0753493 0.00686405 0.997134 276.886 
0.997265 -0.00493797 0.0737483 -3.00186 0.00549849 0.999958 -0.00739868 -4.95677 -0.0737087 0.00778399 0.997249 277.748 
0.997377 -0.00413313 0.0722682 -2.9579 0.00472841 0.999956 -0.00806744 -4.97964 -0.0722318 0.00838803 0.997353 278.606 
0.997498 -0.0032653 0.0706163 -2.91646 0.00385761 0.999959 -0.00825231 -5.00301 -0.0705864 0.00850411 0.997469 279.454 
0.997611 -0.00214462 0.0690479 -2.87898 0.00274295 0.99996 -0.00857121 -5.023 -0.0690268 0.00874017 0.997577 280.317 
0.997753 -0.00173506 0.0669777 -2.84116 0.00227873 0.999965 -0.00804093 -5.04425 -0.0669614 0.00817553 0.997722 281.178 
0.997924 -0.00196718 0.0643658 -2.81001 0.00239782 0.999975 -0.00661326 -5.06577 -0.0643512 0.00675391 0.997905 282.034 
0.998166 -0.00330932 0.060453 -2.77541 0.00356788 0.999985 -0.00416887 -5.08932 -0.0604384 0.00437695 0.998162 282.89 
0.998422 -0.00450692 0.055968 -2.74938 0.00465089 0.999986 -0.00244155 -5.10936 -0.0559563 0.00269804 0.99843 283.737 
0.99867 -0.00505316 0.051301 -2.72258 0.00512278 0.999986 -0.00122486 -5.12728 -0.0512942 0.00148607 0.998683 284.581 
0.998893 -0.00532974 0.0467293 -2.7031 0.00536048 0.999986 -0.000531508 -5.1459 -0.0467258 0.000781452 0.998907 285.405 
0.999095 -0.00592905 0.0421163 -2.68586 0.00594104 0.999982 -0.000158662 -5.16209 -0.0421147 0.000408774 0.999113 286.225 
0.999272 -0.00696004 0.0375075 -2.67137 0.00696424 0.999976 1.99749e-05 -5.17785 -0.0375068 0.000241292 0.999296 287.032 
0.999413 -0.00725972 0.0334812 -2.66075 0.00727536 0.999974 -0.000344206 -5.19369 -0.0334779 0.000587633 0.999439 287.826 
0.999535 -0.00647029 0.0298096 -2.65711 0.0064882 0.999979 -0.000502722 -5.20934 -0.0298057 0.00069594 0.999556 288.598 
0.999644 -0.00634788 0.0259226 -2.64814 0.00636176 0.99998 -0.000451605 -5.22777 -0.0259192 0.000616399 0.999664 289.355 
0.999735 -0.00714178 0.0219065 -2.64055 0.00715155 0.999974 -0.000365855 -5.24512 -0.0219033 0.000522465 0.99976 290.093 
0.99981 -0.00805777 0.017756 -2.64353 0.00807824 0.999967 -0.00107938 -5.26429 -0.0177468 0.00122266 0.999842 290.813 
0.999896 -0.00648816 0.0128701 -2.64941 0.00652063 0.999976 -0.00247896 -5.28259 -0.0128538 0.00256267 0.999914 291.509 
0.999968 -0.00487076 0.00634829 -2.65771 0.00489916 0.999978 -0.00445963 -5.29822 -0.00632647 0.00449063 0.99997 292.192 
0.999989 -0.00425018 -0.00197905 -2.67693 0.00423787 0.999972 -0.00620308 -5.31525 0.00200532 0.00619467 0.999979 292.854 
0.999911 -0.00455015 -0.0125465 -2.70395 0.00445838 0.999963 -0.00733641 -5.33196 0.0125794 0.00727986 0.999894 293.503 
0.999657 -0.00416091 -0.0258687 -2.74573 0.00396362 0.999963 -0.00767518 -5.34788 0.0258996 0.00757006 0.999636 294.152 
0.999085 -0.00297279 -0.0426754 -2.79535 0.00267509 0.999972 -0.00703226 -5.36791 0.0426951 0.00691171 0.999064 294.78 
0.998032 -0.000538194 -0.0627063 -2.86053 0.000142616 0.99998 -0.00631339 -5.38666 0.0627084 0.00629206 0.998012 295.407 
0.996355 0.000948403 -0.0852931 -2.94849 -0.00151596 0.999977 -0.00659018 -5.39769 0.0852849 0.00669551 0.996334 296.038 
0.993834 0.00208556 -0.110857 -3.04305 -0.00285925 0.999973 -0.00682106 -5.41024 0.11084 0.00709601 0.993813 296.645 
0.990254 0.00336389 -0.139232 -3.14228 -0.00429591 0.99997 -0.00639432 -5.42995 0.139206 0.00693018 0.990239 297.253 
0.985376 0.00427998 -0.170342 -3.26618 -0.00524235 0.999973 -0.00520044 -5.44262 0.170315 0.00601743 0.985371 297.832 
0.978862 0.00406958 -0.204483 -3.41007 -0.00489683 0.999982 -0.00353992 -5.45202 0.204465 0.00446646 0.978864 298.405 
0.970461 0.00408715 -0.241224 -3.56098 -0.00467942 0.999987 -0.00188264 -5.46319 0.241213 0.00295587 0.970468 298.962 
0.960122 0.00512735 -0.279534 -3.73611 -0.00519822 0.999986 0.000487648 -5.4704 0.279533 0.000984925 0.960136 299.505 
0.947551 0.00642368 -0.319541 -3.9192 -0.00581125 0.999979 0.00286993 -5.47939 0.319552 -0.000862424 0.947568 300.033 
0.932801 0.0069001 -0.360326 -4.12931 -0.0054368 0.999972 0.00507437 -5.49638 0.360351 -0.00277431 0.932813 300.549 
0.915535 0.00703047 -0.402177 -4.35574 -0.00460552 0.999965 0.0069961 -5.50908 0.402212 -0.00455289 0.915535 301.058 
0.895614 0.00651398 -0.444785 -4.60328 -0.00316384 0.999961 0.00827393 -5.51667 0.444822 -0.00600297 0.895599 301.531 
0.872459 0.00562976 -0.488655 -4.86255 -0.00143663 0.999959 0.00895539 -5.51522 0.488685 -0.00711114 0.872431 302.003 
0.846167 0.0047174 -0.532896 -5.13717 0.000772746 0.999949 0.0100789 -5.51773 0.532917 -0.00894017 0.846121 302.45 
0.816689 0.00488581 -0.577057 -5.44005 0.0022298 0.99993 0.0116219 -5.52206 0.577073 -0.0107781 0.816621 302.882 
0.784601 0.00641634 -0.619968 -5.78092 0.00152641 0.999923 0.0122804 -5.52762 0.619999 -0.0105815 0.784531 303.256 
0.748868 0.00541408 -0.662697 -6.13252 0.00367109 0.999917 0.0123175 -5.53042 0.662709 -0.011657 0.748786 303.635 
0.709159 0.00462011 -0.705033 -6.45796 0.00783184 0.999865 0.0144298 -5.54032 0.705005 -0.0157547 0.709027 303.957 
0.665925 0.00410761 -0.746008 -6.84592 0.0138264 0.999745 0.0178468 -5.54285 0.745891 -0.0221992 0.665698 304.238 
0.618265 0.00461136 -0.785957 -7.24653 0.0177542 0.999646 0.0198312 -5.53738 0.785769 -0.0262149 0.617964 304.487 
0.567427 0.00820604 -0.823383 -7.6638 0.0172504 0.999612 0.0218503 -5.53526 0.823243 -0.0266021 0.567066 304.697 
0.51465 0.0145404 -0.857277 -8.09697 0.0123141 0.999628 0.0243474 -5.53363 0.857312 -0.023087 0.514279 304.871 
0.458691 0.0184481 -0.888405 -8.50936 0.00949845 0.999626 0.0256618 -5.52755 0.888545 -0.0202092 0.458344 305.038 
0.400782 0.0205845 -0.915942 -8.92855 0.00893087 0.999612 0.0263727 -5.52107 0.91613 -0.0187498 0.400443 305.176 
0.341551 0.022466 -0.939595 -9.33882 0.0108257 0.999554 0.0278348 -5.5125 0.939801 -0.0196787 0.341155 305.295 
0.281688 0.0256546 -0.959163 -9.75846 0.0128883 0.999451 0.0305172 -5.50527 0.959419 -0.0209582 0.281203 305.389 
0.220556 0.0292921 -0.974934 -10.1792 0.0150535 0.999328 0.0334305 -5.49434 0.975258 -0.0220495 0.219967 305.461 
0.156473 0.0325033 -0.987147 -10.6112 0.0175348 0.999209 0.03568 -5.48508 0.987527 -0.0228923 0.155779 305.509 
0.0909305 0.0362101 -0.995199 -11.0527 0.0179254 0.999117 0.0379905 -5.47055 0.995696 -0.0212938 0.0902012 305.517 
0.0242658 0.0418886 -0.998828 -11.5102 0.0198845 0.998904 0.0423749 -5.45786 0.999508 -0.0208894 0.0234063 305.5 
-0.044021 0.048365 -0.997859 -11.9805 0.0217999 0.998636 0.0474409 -5.43814 0.998793 -0.0196648 -0.0450153 305.451 
-0.112384 0.0552276 -0.992129 -12.4548 0.0240555 0.998313 0.0528469 -5.41954 0.993374 -0.017927 -0.113523 305.366 
-0.180366 0.0613737 -0.981683 -12.9412 0.0264145 0.997994 0.0575402 -5.39892 0.983245 -0.0155523 -0.181626 305.245 
-0.247365 0.0674814 -0.96657 -13.4285 0.0303583 0.997622 0.06188 -5.37938 0.968447 -0.0140364 -0.248825 305.091 
-0.312588 0.0716697 -0.947181 -13.9212 0.0345636 0.997347 0.0640589 -5.35135 0.94926 -0.0127139 -0.314236 304.9 
-0.374857 0.0738856 -0.924134 -14.4082 0.0381518 0.997204 0.0642521 -5.32141 0.926297 -0.011172 -0.376628 304.667 
-0.43399 0.0741844 -0.897858 -14.8825 0.0412453 0.997195 0.0624557 -5.28855 0.899973 -0.00992724 -0.435833 304.396 
-0.489745 0.0738906 -0.868729 -15.3548 0.0434409 0.997233 0.0603308 -5.25242 0.870783 -0.00819168 -0.491599 304.089 
-0.54115 0.0739671 -0.837667 -15.8309 0.0455336 0.99724 0.058642 -5.21576 0.839693 -0.00640781 -0.543024 303.745 
-0.587142 0.0738346 -0.80611 -16.2968 0.0470341 0.997261 0.0570849 -5.18053 0.808116 -0.00439772 -0.589006 303.363 
-0.627526 0.0744505 -0.775028 -16.7611 0.0480373 0.997224 0.0569001 -5.14708 0.777113 -0.00152398 -0.62936 302.946 
-0.66416 0.0781962 -0.743489 -17.214 0.0525107 0.996938 0.0579447 -5.11616 0.745744 -0.000556488 -0.666233 302.5 
-0.700056 0.0851556 -0.708992 -17.6673 0.0606986 0.996367 0.059738 -5.08138 0.711504 -0.00121483 -0.702681 302.021 
-0.734892 0.0904755 -0.672122 -18.1201 0.0667562 0.995899 0.0610692 -5.0424 0.67489 1.10158e-05 -0.737918 301.497 
-0.766925 0.0918808 -0.635125 -18.555 0.0694505 0.995768 0.0601907 -5.00466 0.637968 0.00205202 -0.770061 300.933 
-0.796293 0.0886542 -0.598379 -18.967 0.0690261 0.996058 0.0557166 -4.97364 0.60096 0.00306298 -0.799273 300.334 
-0.822684 0.0860539 -0.561948 -19.3675 0.0700977 0.996289 0.0499447 -4.94353 0.564161 0.00169744 -0.825663 299.692 
-0.84683 0.081287 -0.525615 -19.7497 0.0687068 0.996691 0.0434443 -4.9078 0.527407 0.000676675 -0.849613 299.01 
-0.868525 0.0788059 -0.48934 -20.1157 0.0688355 0.99689 0.0383688 -4.8781 0.490841 -0.000359623 -0.871249 298.296 
-0.888355 0.0773237 -0.452599 -20.465 0.0680395 0.997004 0.0367848 -4.85327 0.454087 0.00188339 -0.890955 297.541 
-0.906753 0.0736098 -0.415188 -20.7914 0.0651357 0.997278 0.0345565 -4.83091 0.416601 0.00429063 -0.909079 296.75 
-0.923346 0.0731246 -0.37694 -21.0996 0.0658544 0.997311 0.0321578 -4.80639 0.378278 0.00486965 -0.925679 295.927 
-0.938272 0.0753449 -0.337593 -21.3807 0.0687724 0.997138 0.0314049 -4.78289 0.338993 0.00624924 -0.940768 295.067 
-0.951059 0.078744 -0.298807 -21.6291 0.0729242 0.996868 0.0305954 -4.76435 0.30028 0.00730782 -0.953823 294.179 
-0.962154 0.0795659 -0.260633 -21.8489 0.0738844 0.996768 0.031541 -4.74204 0.2623 0.0110907 -0.964923 293.254 
-0.971321 0.0824431 -0.22302 -22.0388 0.0772832 0.996503 0.0317818 -4.7246 0.22486 0.0136347 -0.974296 292.307 
-0.979023 0.0820612 -0.186494 -22.195 0.0777301 0.99651 0.0304314 -4.70681 0.188341 0.0152968 -0.981985 291.335 
-0.985035 0.0805604 -0.152366 -22.3161 0.0774981 0.996655 0.0259416 -4.68521 0.153947 0.0137452 -0.987984 290.336 
