1 2.12261e-08 -2.11895e-08 0 2.12261e-08 1 2.10703e-08 0 -2.11895e-08 2.10703e-08 1 0 
0.999979 0.000475339 -0.0064812 -0.00980768 -0.000473189 1 0.000326646 -0.00100679 0.00648131 -0.00032353 0.999979 0.094937 
0.999907 0.00102906 -0.0135958 -0.0192119 -0.00102633 0.999999 0.000204159 -0.00171564 0.0135959 -0.000190144 0.999908 0.194315 
0.999775 0.00140644 -0.0211579 -0.0318304 -0.00141692 0.999999 -0.000482677 -0.00300688 0.0211572 0.00051259 0.999776 0.294579 
0.999533 0.001862 -0.0304916 -0.0460061 -0.00191841 0.999997 -0.00182231 -0.00408889 0.030488 0.00188 0.999533 0.401633 
0.999117 0.00194747 -0.0419732 -0.0648744 -0.00209195 0.999992 -0.00339942 -0.00461077 0.0419662 0.00348427 0.999113 0.521254 
0.998455 0.00186587 -0.0555383 -0.0888687 -0.00210665 0.999989 -0.0042779 -0.00505174 0.0555296 0.00438834 0.998447 0.65178 
0.997409 0.00174528 -0.0719209 -0.116961 -0.00206012 0.999989 -0.00430421 -0.00508917 0.0719125 0.00444127 0.997401 0.795386 
0.995887 0.000129891 -0.0906086 -0.149822 -0.000513841 0.999991 -0.00421459 -0.00740206 0.0906072 0.00424386 0.995878 0.953224 
0.993862 -0.00108677 -0.11062 -0.189017 0.000612779 0.999991 -0.00431911 -0.0104048 0.110624 0.00422486 0.993853 1.11806 
0.991138 -0.00119441 -0.13283 -0.238797 0.000583526 0.999989 -0.00463811 -0.0147352 0.132834 0.00451954 0.991128 1.2928 
0.987599 0.00242904 -0.156979 -0.299835 -0.00342121 0.999976 -0.00605072 -0.0200166 0.15696 0.00651278 0.987584 1.4705 
0.983213 0.00669264 -0.18234 -0.371916 -0.00821111 0.999938 -0.00757421 -0.0262847 0.182278 0.00894431 0.983206 1.65548 
0.977784 0.00956562 -0.209397 -0.449349 -0.0115864 0.999897 -0.00842614 -0.0335114 0.209295 0.0106651 0.977795 1.84574 
0.970947 0.0102706 -0.239074 -0.528509 -0.012654 0.999884 -0.00843637 -0.0384897 0.23896 0.0112166 0.970965 2.04705 
0.962826 0.0121627 -0.26985 -0.623696 -0.0148376 0.999859 -0.0078752 -0.0432459 0.269716 0.0115864 0.96287 2.25125 
0.95328 0.0138402 -0.30177 -0.730998 -0.0167158 0.999836 -0.00694895 -0.0446591 0.301624 0.0116687 0.953356 2.45939 
0.941898 0.0160218 -0.335517 -0.844321 -0.0191102 0.9998 -0.00590546 -0.0458002 0.335355 0.0119742 0.942016 2.66811 
0.929222 0.0182463 -0.36907 -0.966278 -0.021814 0.999747 -0.00549602 -0.0476345 0.368877 0.013158 0.929385 2.8714 
0.915159 0.0209208 -0.40255 -1.09933 -0.0250185 0.999675 -0.0049236 -0.0463391 0.402316 0.0145771 0.915385 3.07661 
0.89883 0.0213411 -0.437778 -1.23557 -0.0258258 0.999657 -0.00429286 -0.0444949 0.437536 0.0151646 0.899073 3.28117 
0.880016 0.0166654 -0.474652 -1.37538 -0.0216167 0.999754 -0.00497584 -0.0432547 0.474452 0.0146393 0.88016 3.48816 
0.858317 0.011432 -0.512993 -1.52493 -0.0166154 0.999847 -0.00551866 -0.0434282 0.512852 0.0132604 0.858375 3.69072 
0.832748 0.0129605 -0.5535 -1.69606 -0.0170928 0.999851 -0.00230429 -0.0477309 0.553388 0.0113798 0.832846 3.88734 
0.80292 0.0183167 -0.595805 -1.88824 -0.0217769 0.999762 0.00138848 -0.0521256 0.595689 0.01186 0.803128 4.07852 
0.769567 0.021182 -0.638215 -2.09475 -0.0248537 0.999686 0.00321011 -0.0552162 0.638082 0.0133916 0.769852 4.26011 
0.732678 0.0203661 -0.68027 -2.31465 -0.02419 0.9997 0.00387561 -0.0551323 0.680145 0.0136162 0.732951 4.44393 
0.692015 0.0161519 -0.721702 -2.54717 -0.0180518 0.999824 0.00506703 -0.0553623 0.721657 0.0095216 0.692185 4.6266 
0.648496 0.0127459 -0.761111 -2.80135 -0.0127984 0.999901 0.00584001 -0.0548725 0.76111 0.00595385 0.648595 4.80115 
0.603139 0.0123125 -0.797541 -3.07875 -0.0099359 0.999919 0.00792284 -0.0550048 0.797575 0.00314577 0.603212 4.95719 
0.554424 0.0129641 -0.832134 -3.37161 -0.00733508 0.999916 0.0106909 -0.0529756 0.832202 0.000176503 0.554472 5.10102 
0.503228 0.0136384 -0.864046 -3.68153 -0.00580115 0.999906 0.0124042 -0.0485774 0.864135 -0.00122961 0.503259 5.22122 
0.450243 0.0150662 -0.892779 -4.01133 -0.00525247 0.999885 0.0142247 -0.0419586 0.89289 -0.00171524 0.450271 5.32958 
0.39548 0.0170742 -0.918316 -4.36301 -0.00423348 0.999851 0.016767 -0.0360113 0.918465 -0.00274327 0.395493 5.42591 
0.339949 0.0191435 -0.940249 -4.72722 -0.00370585 0.999812 0.0190163 -0.0321784 0.940437 -0.0029801 0.339956 5.50248 
0.284841 0.022153 -0.958319 -5.11109 -0.00145672 0.999742 0.0226776 -0.0294806 0.958574 -0.00506346 0.284799 5.56516 
0.231161 0.024009 -0.972619 -5.50734 0.00277005 0.999675 0.0253352 -0.0247822 0.972912 -0.00855067 0.23102 5.6126 
0.180076 0.0244773 -0.983348 -5.91979 0.00539355 0.999651 0.0258708 -0.021608 0.983638 -0.0099624 0.179881 5.64654 
0.132782 0.0253753 -0.99082 -6.34708 0.00305907 0.999657 0.0260116 -0.0145214 0.991141 -0.00648481 0.132659 5.6523 
0.0903147 0.0255359 -0.995586 -6.78953 0.00112034 0.999668 0.0257422 -0.00533809 0.995913 -0.00344025 0.0902561 5.64636 
0.0522398 0.0240032 -0.998346 -7.24911 -0.000196579 0.999711 0.0240257 0.00491928 0.998635 -0.0010588 0.0522295 5.63384 
0.0176457 0.0212216 -0.999619 -7.71795 0.000621183 0.999774 0.0212359 0.0133428 0.999844 -0.000995628 0.0176286 5.61063 
-0.0138417 0.0185646 -0.999732 -8.20298 0.000800536 0.999828 0.0185553 0.018683 0.999904 -0.000543443 -0.0138542 5.57423 
-0.0404601 0.0166963 -0.999042 -8.70279 0.000137309 0.999861 0.0167044 0.0233368 0.999181 0.000538725 -0.0404568 5.5248 
-0.0614034 0.0144085 -0.998009 -9.21243 -0.000208949 0.999896 0.0144486 0.0314663 0.998113 0.00109577 -0.061394 5.46892 
-0.077879 0.0135963 -0.99687 -9.73734 0.000214951 0.999907 0.013621 0.0415716 0.996963 0.00084655 -0.0778746 5.40817 
-0.0911311 0.0140337 -0.99574 -10.2788 0.00113565 0.999902 0.0139884 0.0486888 0.995838 0.000144001 -0.091138 5.34399 
-0.100751 0.015224 -0.994795 -10.8378 -0.000251348 0.999883 0.0153273 0.045695 0.994912 0.00179433 -0.100736 5.26827 
-0.107558 0.0164512 -0.994063 -11.4095 -0.0021722 0.999857 0.0167821 0.0460356 0.994197 0.00396439 -0.107507 5.18765 
-0.112143 0.017403 -0.99354 -12.002 -0.00209999 0.99984 0.0177504 0.0510172 0.99369 0.00407704 -0.112089 5.10583 
-0.113724 0.0181331 -0.993347 -12.6057 0.000560002 0.999834 0.0181874 0.0606134 0.993512 0.00151211 -0.113715 5.03088 
-0.112968 0.020316 -0.993391 -13.2294 0.00263037 0.999794 0.0201478 0.068826 0.993595 -0.000336893 -0.112998 4.95443 
-0.111664 0.0227969 -0.993485 -13.8694 0.00193796 0.99974 0.0227227 0.0727688 0.993744 0.000612003 -0.111679 4.8723 
-0.110328 0.0225558 -0.993639 -14.5238 -7.26589e-05 0.999742 0.0227024 0.0792115 0.993895 0.00257694 -0.110298 4.78872 
-0.108928 0.019939 -0.99385 -15.188 -0.00174211 0.999793 0.0202492 0.0875278 0.994048 0.00393715 -0.108871 4.70425 
-0.107868 0.0196788 -0.99397 -15.8705 -0.00197026 0.999798 0.020008 0.0989443 0.994163 0.00411664 -0.107808 4.62193 
-0.106166 0.0224028 -0.994096 -16.5719 -0.001528 0.999741 0.0226933 0.11154 0.994347 0.00392827 -0.106104 4.53646 
-0.104411 0.0257337 -0.994201 -17.291 -0.00229021 0.999656 0.0261154 0.123194 0.994532 0.0050037 -0.104316 4.4485 
-0.102714 0.0278509 -0.994321 -18.0236 -0.00256527 0.999597 0.0282637 0.130789 0.994708 0.00545383 -0.102601 4.35959 
-0.100916 0.0270272 -0.994528 -18.764 -0.00428804 0.99961 0.0276005 0.14381 0.994886 0.00704994 -0.10076 4.26838 
-0.0992417 0.0238583 -0.994777 -19.5197 -0.00644902 0.999676 0.0246191 0.157183 0.995043 0.00885863 -0.0990557 4.17436 
-0.0976887 0.0231849 -0.994947 -20.287 -0.00729117 0.999685 0.0240112 0.169755 0.99519 0.00959999 -0.0974889 4.08151 
-0.0962234 0.025594 -0.995031 -21.0705 -0.00465299 0.999647 0.0261627 0.181342 0.995349 0.00714737 -0.0960703 3.99424 
-0.0951901 0.0278244 -0.99507 -21.8672 -0.00238542 0.9996 0.0281793 0.190898 0.995456 0.00505609 -0.0950857 3.90693 
-0.0940319 0.0296195 -0.995129 -22.6671 -0.00114072 0.999554 0.029859 0.200636 0.995569 0.0039429 -0.0939562 3.81778 
-0.0935141 0.0249641 -0.995305 -23.4682 -0.000828522 0.999683 0.0251518 0.208971 0.995618 0.00317672 -0.0934638 3.72844 
-0.0932489 0.0181016 -0.995478 -24.2736 0.000668723 0.999836 0.0181182 0.214141 0.995643 0.00102384 -0.0932457 3.63974 
-0.0934789 0.0135772 -0.995529 -25.0896 0.00393193 0.999904 0.0132677 0.222811 0.995614 -0.00267406 -0.0935233 3.55439 
-0.0941247 0.014347 -0.995457 -25.9172 0.00508953 0.99989 0.0139296 0.229353 0.995547 -0.00375525 -0.0941874 3.46567 
-0.0942352 0.0218356 -0.995311 -26.7556 0.00484901 0.999758 0.0214741 0.231125 0.995538 -0.00280262 -0.0943182 3.36865 
-0.0945528 0.0288797 -0.995101 -27.5995 0.00337583 0.999583 0.028689 0.239125 0.995514 -0.000646628 -0.0946108 3.27208 
-0.0950511 0.0340972 -0.994888 -28.4456 0.00141809 0.999417 0.0341169 0.248713 0.995471 0.00183205 -0.095044 3.17408 
-0.0955173 0.0343479 -0.994835 -29.287 -0.000160864 0.999404 0.0345211 0.260455 0.995428 0.00345743 -0.0954548 3.07552 
-0.095945 0.03083 -0.994909 -30.1234 -7.49399e-05 0.99952 0.0309801 0.272907 0.995387 0.00304698 -0.0958966 2.98038 
-0.0965843 0.0280907 -0.994928 -30.959 -0.000329638 0.999601 0.0282546 0.286584 0.995325 0.00305696 -0.0965364 2.88629 
-0.0967826 0.029173 -0.994878 -31.7975 -0.00169052 0.999564 0.0294749 0.299457 0.995304 0.00453455 -0.0966911 2.78901 
-0.0968395 0.0315579 -0.9948 -32.6344 -0.00231113 0.999487 0.0319315 0.307976 0.995297 0.00539139 -0.0967169 2.69223 
-0.0967235 0.0298371 -0.994864 -33.4743 -0.00300879 0.999537 0.0302698 0.316094 0.995307 0.00592117 -0.096589 2.59048 
-0.0964275 0.0246196 -0.995036 -34.3044 -0.00383185 0.999677 0.0251058 0.325999 0.995333 0.00623376 -0.0963021 2.49423 
-0.096156 0.0203761 -0.995158 -35.1385 -0.00508578 0.999767 0.0209618 0.335523 0.995353 0.0070768 -0.09603 2.39181 
-0.0956844 0.0210989 -0.995188 -35.9754 -0.00433132 0.999757 0.0216122 0.342606 0.995402 0.00637847 -0.0955697 2.29432 
-0.0954259 0.0236827 -0.995155 -36.8143 -0.00313433 0.999705 0.0240916 0.344838 0.995432 0.00541815 -0.0953235 2.20121 
-0.0950305 0.0284671 -0.995067 -37.6595 -0.00270998 0.99958 0.028855 0.35524 0.995471 0.00543876 -0.0949134 2.10437 
-0.094424 0.0340253 -0.99495 -38.5031 -0.00182746 0.999408 0.0343512 0.367296 0.99553 0.00506185 -0.094306 2.00727 
-0.094706 0.0372695 -0.994807 -39.3425 -0.00198633 0.99929 0.0376265 0.378344 0.995503 0.00553951 -0.0945647 1.91234 
-0.0945487 0.037101 -0.994829 -40.1722 -0.00156833 0.999299 0.0374168 0.393288 0.995519 0.00509797 -0.0944242 1.82251 
-0.0945568 0.0325849 -0.994986 -40.9988 -0.00132034 0.999459 0.0328569 0.410053 0.995519 0.0044206 -0.0944626 1.72729 
-0.0942621 0.02816 -0.995149 -41.8278 -0.00239429 0.999591 0.0285125 0.421735 0.995545 0.00507037 -0.0941561 1.6308 
-0.0941917 0.0252002 -0.995235 -42.6606 -0.00621226 0.999645 0.0258998 0.432968 0.995535 0.00862224 -0.0940017 1.52843 
-0.0948563 0.0232691 -0.995219 -43.4916 -0.00937266 0.999662 0.0242663 0.442261 0.995447 0.0116297 -0.0946061 1.42967 
-0.0955849 0.0214616 -0.99519 -44.3245 -0.00710032 0.999727 0.0222414 0.444718 0.995396 0.00919215 -0.0954065 1.33347 
-0.0967501 0.0178476 -0.995149 -45.1517 -0.00370445 0.999826 0.0182917 0.448497 0.995302 0.00545624 -0.0966672 1.23935 
-0.0976716 0.0164603 -0.995083 -45.9757 0.000819095 0.999864 0.016459 0.454704 0.995218 0.000792551 -0.0976719 1.14771 
-0.0998946 0.0199806 -0.994797 -46.8019 0.00128246 0.9998 0.0199523 0.456483 0.994997 0.000717379 -0.0999003 1.05216 
-0.101664 0.026237 -0.994473 -47.6318 0.00381189 0.999655 0.025984 0.459476 0.994812 -0.00114913 -0.101729 0.9539 
-0.103604 0.0299772 -0.994167 -48.452 0.00565003 0.999547 0.0295507 0.463921 0.994603 -0.00255545 -0.103727 0.855376 
-0.10533 0.0290297 -0.994014 -49.2576 0.00581775 0.999575 0.0285756 0.471543 0.99442 -0.00277301 -0.105454 0.759115 
-0.106381 0.0251059 -0.994008 -50.0565 0.00245304 0.999685 0.0249867 0.475084 0.994322 0.000219817 -0.106409 0.653041 
-0.107725 0.0213554 -0.993951 -50.8522 -0.00223238 0.999762 0.0217222 0.480428 0.994178 0.00455894 -0.107651 0.54467 
-0.109326 0.0196064 -0.993813 -51.6483 -0.00624272 0.999772 0.0204107 0.48647 0.993986 0.00843556 -0.109179 0.435363 
-0.110457 0.0207046 -0.993665 -52.4426 -0.00784964 0.999734 0.0217036 0.487254 0.99385 0.0101973 -0.110265 0.328663 
-0.111698 0.0222617 -0.993493 -53.2311 -0.00740664 0.999703 0.0232336 0.489813 0.993715 0.00995364 -0.1115 0.227516 
-0.112749 0.0216807 -0.993387 -54.0133 -0.00947748 0.999693 0.0228941 0.49282 0.993578 0.0119961 -0.112508 0.119838 
-0.113406 0.0215035 -0.993316 -54.7879 -0.0101298 0.999689 0.0227979 0.494572 0.993497 0.0126475 -0.113153 0.0150531 
-0.114037 0.0233694 -0.993202 -55.5642 -0.00844159 0.999664 0.0244908 0.498629 0.993441 0.0111771 -0.113802 -0.087121 
-0.1143 0.0262827 -0.993099 -56.3346 -0.00756061 0.999598 0.0273249 0.503109 0.993418 0.0106317 -0.114055 -0.18992 
-0.114568 0.0304119 -0.99295 -57.1034 -0.00768172 0.999474 0.031498 0.508895 0.993386 0.0112363 -0.114275 -0.294057 
-0.115345 0.0325971 -0.99279 -57.8661 -0.00749133 0.999404 0.0336846 0.515244 0.993297 0.0113227 -0.115032 -0.394598 
-0.116273 0.0325123 -0.992685 -58.6174 -0.00712428 0.999411 0.0335671 0.52408 0.993192 0.0109751 -0.115973 -0.494062 
-0.116702 0.0306352 -0.992694 -59.3602 -0.00625812 0.999482 0.0315804 0.531805 0.993147 0.00989794 -0.11645 -0.593685 
-0.11729 0.0271584 -0.992726 -60.0943 -0.00588631 0.999589 0.0280417 0.538358 0.99308 0.00913252 -0.117082 -0.689472 
-0.117233 0.024284 -0.992808 -60.8211 -0.00616751 0.999664 0.02518 0.542389 0.993085 0.00907512 -0.117044 -0.789274 
-0.116132 0.0218382 -0.992994 -61.5338 -0.00650235 0.99972 0.0227466 0.549409 0.993213 0.00909845 -0.115958 -0.888396 
-0.113955 0.020988 -0.993264 -62.2296 -0.00864159 0.999718 0.0221158 0.551614 0.993448 0.0111036 -0.113741 -0.983902 
-0.110127 0.0220058 -0.993674 -62.9121 -0.00884649 0.999694 0.0231196 0.551288 0.993878 0.0113367 -0.109899 -1.07034 
-0.104443 0.0234937 -0.994253 -63.5804 -0.00799566 0.999669 0.0244616 0.553761 0.994499 0.0105046 -0.104221 -1.15089 
-0.097311 0.0250001 -0.99494 -64.2316 -0.0069427 0.999643 0.0257973 0.556379 0.99523 0.00941798 -0.0971027 -1.22196 
-0.0886464 0.0263689 -0.995714 -64.8675 -0.00788951 0.9996 0.0271742 0.556959 0.996032 0.0102646 -0.0884028 -1.28798 
-0.0769697 0.0280453 -0.996639 -65.4868 -0.0100028 0.999532 0.0288993 0.558447 0.996983 0.0121935 -0.0766532 -1.34519 
-0.0620676 0.0295093 -0.997636 -66.0937 -0.013086 0.999453 0.0303772 0.562453 0.997986 0.0149406 -0.0616475 -1.39349 
-0.0437484 0.0306527 -0.998572 -66.6789 -0.014447 0.999405 0.0313112 0.568662 0.998938 0.0157962 -0.0432795 -1.42199 
-0.0217059 0.0313844 -0.999272 -67.2439 -0.0152545 0.99938 0.0317192 0.572697 0.999648 0.015932 -0.0212137 -1.43151 
0.00365069 0.0318305 -0.999487 -67.7818 -0.0146239 0.999388 0.0317739 0.574833 0.999886 0.0145004 0.00411394 -1.42058 
0.032968 0.0314269 -0.998962 -68.3001 -0.0130764 0.999434 0.0310102 0.579958 0.999371 0.0120405 0.0333603 -1.39005 
0.0670306 0.0314573 -0.997255 -68.7949 -0.0118217 0.999458 0.0307322 0.585753 0.997681 0.00972925 0.0673662 -1.33769 
0.104656 0.0317406 -0.994002 -69.2692 -0.0110823 0.999466 0.0307482 0.590203 0.994447 0.00779788 0.104951 -1.26638 
0.145432 0.0314774 -0.988867 -69.7278 -0.0108194 0.999485 0.0302242 0.594077 0.989309 0.00630347 0.145697 -1.17311 
0.190778 0.032589 -0.981092 -70.1753 -0.00971499 0.999463 0.0313101 0.595741 0.981585 0.00355806 0.190992 -1.06306 
0.239598 0.0313589 -0.970366 -70.6023 -0.00639837 0.999508 0.0307208 0.596296 0.970851 -0.00115183 0.23968 -0.930506 
0.290165 0.0267971 -0.956602 -71.0072 0.00124569 0.999596 0.0283794 0.595773 0.956976 -0.00942628 0.290014 -0.773242 
0.342083 0.02177 -0.939418 -71.397 0.00650836 0.999653 0.0255359 0.59565 0.939647 -0.0148494 0.341823 -0.597049 
0.395218 0.0170561 -0.918429 -71.776 0.0116351 0.999654 0.0235713 0.601906 0.918514 -0.0200018 0.394883 -0.401128 
0.447376 0.0167389 -0.894189 -72.1505 0.0112041 0.999642 0.0243185 0.607468 0.894276 -0.020898 0.447028 -0.191185 
0.496527 0.0153697 -0.867885 -72.5147 0.0127262 0.999607 0.0249831 0.615797 0.867928 -0.0234496 0.496136 0.0442497 
0.542269 0.011403 -0.840128 -72.8566 0.0203348 0.999437 0.0266906 0.618282 0.839959 -0.0315572 0.541732 0.308103 
0.586902 0.00504912 -0.809642 -73.1782 0.0307726 0.999119 0.0285375 0.621286 0.809073 -0.0416635 0.58623 0.594059 
0.630458 0.000164561 -0.776223 -73.4887 0.0319804 0.999145 0.0261867 0.622134 0.775564 -0.0413335 0.629914 0.881491 
0.672668 -0.00476112 -0.739929 -73.7862 0.0287003 0.999395 0.0196607 0.627525 0.739388 -0.0344612 0.672397 1.17822 
0.714284 -0.0117937 -0.699756 -74.0726 0.0251284 0.999646 0.00880202 0.632566 0.699404 -0.0238709 0.714327 1.49515 
0.754623 -0.0146331 -0.655995 -74.3444 0.0202205 0.999795 0.000958444 0.636326 0.655847 -0.0139878 0.754764 1.83469 
0.792694 -0.0158536 -0.609414 -74.6083 0.0187238 0.999823 -0.00165493 0.638917 0.609332 -0.0100986 0.792851 2.2121 
0.827618 -0.017149 -0.561029 -74.8542 0.018726 0.99982 -0.0029373 0.637292 0.560979 -0.00807482 0.827791 2.61701 
0.859151 -0.0156427 -0.511483 -75.0873 0.0153731 0.999871 -0.00475646 0.63337 0.511491 -0.00377653 0.85928 3.04178 
0.885931 -0.0140369 -0.463604 -75.3034 0.0143889 0.999893 -0.00277794 0.623747 0.463593 -0.00420962 0.886038 3.49363 
0.907877 -0.00767177 -0.419167 -75.5125 0.00773238 0.999969 -0.00155432 0.616871 0.419166 -0.00182997 0.907908 3.97358 
0.925979 -0.00338688 -0.377559 -75.7064 0.00249386 0.999993 -0.00285419 0.611291 0.377566 0.00170139 0.925981 4.47166 
0.93996 0.00184037 -0.34128 -75.8918 -0.00240636 0.999996 -0.0012352 0.6081 0.341277 0.00198233 0.939961 4.99511 
0.950386 0.00248914 -0.311063 -76.0653 -0.00231888 0.999997 0.000917042 0.601131 0.311064 -0.000150178 0.950389 5.54623 
0.958027 0.00194196 -0.28667 -76.2289 -0.00124246 0.999996 0.00262184 0.595783 0.286674 -0.00215557 0.958026 6.11693 
0.964092 0.00205011 -0.265561 -76.3891 -0.000796541 0.999988 0.00482793 0.590698 0.265568 -0.00444299 0.964082 6.70609 
0.968941 0.00465674 -0.247249 -76.5491 -0.00292508 0.999969 0.00737042 0.591769 0.247276 -0.00641823 0.968924 7.31636 
0.972692 0.00933387 -0.23191 -76.7072 -0.0074585 0.999932 0.00896196 0.590469 0.231978 -0.00698748 0.972696 7.93893 
0.975732 0.0131356 -0.218573 -76.8613 -0.0111432 0.999884 0.0103457 0.586113 0.218684 -0.00765897 0.975766 8.5795 
0.97859 0.011688 -0.205486 -77.0029 -0.00980406 0.9999 0.0101837 0.585021 0.205584 -0.00795099 0.978607 9.23685 
0.981358 0.011679 -0.191836 -77.1364 -0.00998414 0.999902 0.00979876 0.5847 0.191932 -0.00770073 0.981378 9.91236 
0.984086 0.0121334 -0.177277 -77.2658 -0.0104525 0.999891 0.0104121 0.58701 0.177384 -0.0083934 0.984106 10.6012 
0.986508 0.0137544 -0.163136 -77.3926 -0.0121229 0.999866 0.0109919 0.585068 0.163266 -0.00886585 0.986542 11.2995 
0.988501 0.0137277 -0.150589 -77.507 -0.0126138 0.999886 0.00834969 0.57877 0.150686 -0.00635414 0.988561 12.017 
0.990101 0.0142748 -0.13963 -77.618 -0.0139857 0.999898 0.00305157 0.573598 0.139659 -0.0010685 0.990199 12.7437 
0.99142 0.0123218 -0.130134 -77.7224 -0.012829 0.999913 -0.00306003 0.569455 0.130085 0.00470331 0.991492 13.4774 
0.992465 0.0124828 -0.12189 -77.8256 -0.0129771 0.999911 -0.00326248 0.56533 0.121838 0.00481972 0.992538 14.2276 
0.993231 0.0144145 -0.115261 -77.9261 -0.0141672 0.999895 0.00296387 0.55699 0.115291 -0.00131084 0.993331 14.9924 
0.993729 0.0188493 -0.110219 -78.0322 -0.0177283 0.999781 0.0111412 0.546281 0.110404 -0.00911725 0.993845 15.7619 
0.994172 0.0196326 -0.106003 -78.1279 -0.0181585 0.999725 0.0148533 0.540706 0.106265 -0.0128418 0.994255 16.5297 
0.994559 0.0184162 -0.102531 -78.2201 -0.0170855 0.999758 0.0138412 0.537126 0.102761 -0.0120141 0.994634 17.2918 
0.99487 0.0180712 -0.09953 -78.3087 -0.0168733 0.999775 0.0128641 0.535645 0.09974 -0.0111187 0.994951 18.0557 
0.995188 0.0165977 -0.0965711 -78.3975 -0.0152268 0.999773 0.0149152 0.537598 0.0967967 -0.0133729 0.995214 18.8289 
0.99544 0.0142502 -0.0943177 -78.4764 -0.012667 0.999769 0.0173631 0.535519 0.0945433 -0.0160892 0.995391 19.5984 
0.995738 0.0122891 -0.0914087 -78.559 -0.0105798 0.99976 0.0191602 0.531564 0.0916222 -0.0181114 0.995629 20.361 
0.996002 0.0115981 -0.0885728 -78.6419 -0.0102614 0.999827 0.0155306 0.528214 0.0887376 -0.0145596 0.995949 21.1224 
0.996128 0.0139856 -0.0867983 -78.7262 -0.013334 0.999878 0.0080821 0.525344 0.0869007 -0.0068934 0.996193 21.8756 
0.99626 0.0143418 -0.0852067 -78.8067 -0.0143578 0.999897 0.00042459 0.518715 0.085204 0.000800425 0.996363 22.6259 
0.996363 0.0147872 -0.0839237 -78.8845 -0.0151522 0.999878 -0.00371458 0.508949 0.0838585 0.00497273 0.996465 23.3803 
0.99652 0.0165459 -0.0816942 -78.9649 -0.0167606 0.999858 -0.00194368 0.494939 0.0816503 0.00330621 0.996656 24.1397 
0.996656 0.0199571 -0.0792432 -79.0484 -0.0198621 0.999801 0.00198679 0.479696 0.079267 -0.000406167 0.996853 24.8978 
0.996753 0.0233811 -0.0770552 -79.1294 -0.0229025 0.999713 0.00708925 0.465521 0.0771988 -0.00530144 0.997002 25.6565 
0.996995 0.0210208 -0.0745576 -79.1985 -0.0204113 0.999752 0.00892642 0.459075 0.0747267 -0.00737773 0.997177 26.4136 
0.997131 0.0182385 -0.0734635 -79.2644 -0.0176438 0.999806 0.00873423 0.450979 0.0736085 -0.00741295 0.99726 27.1661 
0.997236 0.0164335 -0.0724528 -79.3287 -0.0158327 0.999835 0.00885796 0.441106 0.0725864 -0.00768631 0.997333 27.917 
0.997306 0.0161081 -0.0715689 -79.3948 -0.0156308 0.999852 0.0072233 0.432926 0.0716746 -0.00608511 0.99741 28.6651 
0.997387 0.0138647 -0.0708958 -79.459 -0.013471 0.999891 0.00602806 0.42595 0.0709716 -0.00505723 0.997466 29.4178 
0.997443 0.0129386 -0.0702931 -79.5258 -0.012536 0.999902 0.00616444 0.417701 0.070366 -0.00526743 0.997507 30.1808 
0.99745 0.016086 -0.0695314 -79.5993 -0.0156296 0.999853 0.00710232 0.412566 0.0696353 -0.00599742 0.997555 30.9511 
0.997458 0.016301 -0.069369 -79.6727 -0.0159097 0.999854 0.00618992 0.407116 0.0694598 -0.00507051 0.997572 31.7279 
0.997353 0.0156771 -0.0710052 -79.7433 -0.0152807 0.999865 0.00612255 0.399429 0.0710915 -0.00502129 0.997457 32.5043 
0.997251 0.0127892 -0.0729898 -79.8158 -0.0123335 0.999902 0.00668909 0.391615 0.0730682 -0.00577043 0.99731 33.2838 
0.997004 0.0147376 -0.0759293 -79.8968 -0.01429 0.999877 0.00643388 0.386478 0.0760148 -0.00532953 0.997092 34.0699 
0.996736 0.0182034 -0.0786485 -79.9835 -0.0177737 0.999823 0.0061601 0.377005 0.0787467 -0.00474208 0.996883 34.865 
0.996518 0.0187094 -0.0812572 -80.0692 -0.0186787 0.999825 0.00113733 0.370806 0.0812642 0.000384457 0.996693 35.6562 
0.996314 0.0192867 -0.0835864 -80.157 -0.0195566 0.999806 -0.00241244 0.363803 0.0835236 0.00403826 0.996498 36.4578 
0.996167 0.0182342 -0.0855542 -80.2466 -0.0186538 0.999818 -0.00410859 0.356142 0.0854637 0.0056888 0.996325 37.2747 
0.995979 0.0183864 -0.087679 -80.336 -0.0186753 0.999823 -0.00247688 0.340574 0.0876179 0.0041044 0.996146 38.098 
0.995805 0.0170671 -0.0898914 -80.4261 -0.0172828 0.999849 -0.00162297 0.327016 0.0898501 0.00316979 0.99595 38.9256 
0.995661 0.0163744 -0.0916003 -80.5188 -0.0164321 0.999865 0.000123317 0.316383 0.0915899 0.00138245 0.995796 39.7584 
0.995555 0.0161735 -0.092786 -80.614 -0.0158876 0.999867 0.00381912 0.30692 0.0928353 -0.00232796 0.995679 40.5994 
0.995472 0.0158875 -0.0937133 -80.7087 -0.0151506 0.999849 0.00856967 0.298019 0.0938352 -0.00711102 0.995562 41.4504 
0.995528 0.0159087 -0.0931179 -80.8028 -0.0149699 0.99983 0.0107706 0.291248 0.0932734 -0.00932841 0.995597 42.306 
0.995649 0.0188991 -0.091245 -80.8993 -0.0179957 0.999781 0.0107132 0.288035 0.0914274 -0.00902454 0.995771 43.1634 
0.995819 0.0191455 -0.0893175 -80.9952 -0.0183812 0.999787 0.00937109 0.284114 0.0894778 -0.0076901 0.995959 44.0247 
0.995997 0.0165678 -0.0878359 -81.0847 -0.0160029 0.999847 0.00713193 0.278519 0.0879405 -0.00569771 0.996109 44.8913 
0.996216 0.0127938 -0.0859622 -81.1698 -0.0123591 0.999908 0.00558692 0.271238 0.0860258 -0.00450332 0.996283 45.7602 
0.996398 0.0115103 -0.0840169 -81.2592 -0.0111082 0.999925 0.00525143 0.265983 0.0840709 -0.00429919 0.996451 46.6318 
0.996495 0.00913043 -0.0831514 -81.346 -0.00850772 0.999933 0.00783973 0.254923 0.0832174 -0.00710478 0.996506 47.506 
0.996581 0.00633395 -0.0823814 -81.4275 -0.00549146 0.99993 0.0104488 0.245785 0.0824418 -0.00996061 0.996546 48.38 
0.996654 0.00601286 -0.0815171 -81.5174 -0.00515655 0.999929 0.0107107 0.236555 0.0815757 -0.0102545 0.996614 49.2484 
0.996732 0.00723307 -0.0804595 -81.607 -0.00664663 0.999949 0.00755354 0.224812 0.0805101 -0.00699403 0.996729 50.1107 
0.996763 0.00973783 -0.0798012 -81.6966 -0.00962669 0.999952 0.00177692 0.213498 0.0798146 -0.0010029 0.996809 50.9696 
0.996828 0.0114165 -0.0787667 -81.7849 -0.0117501 0.999924 -0.00377261 0.199853 0.0787176 0.0046862 0.996886 51.824 
0.99682 0.0159947 -0.0780619 -81.8741 -0.0167796 0.999815 -0.00940898 0.178882 0.0778969 0.010689 0.996904 52.6756 
0.996912 0.0158997 -0.0769019 -81.9577 -0.0167468 0.999806 -0.0103841 0.159343 0.0767219 0.0116399 0.996985 53.5283 
0.996952 0.012856 -0.0769528 -82.0339 -0.013231 0.999903 -0.00436641 0.144164 0.0768892 0.00537131 0.997025 54.3836 
0.996913 0.0120362 -0.0775879 -82.1141 -0.0116962 0.99992 0.00483444 0.12519 0.0776399 -0.00391199 0.996974 55.2422 
0.996826 0.0111626 -0.0788272 -82.1967 -0.0102005 0.999869 0.0125966 0.109772 0.0789574 -0.0117525 0.996809 56.0952 
0.996665 0.00912986 -0.0810927 -82.2798 -0.00832654 0.999913 0.0102383 0.10264 0.0811791 -0.00952893 0.996654 56.9405 
0.996535 0.00401659 -0.0830768 -82.3564 -0.00345719 0.99997 0.0068758 0.0935442 0.0831019 -0.00656472 0.996519 57.7752 
0.996314 0.00249777 -0.0857472 -82.4403 -0.0020373 0.999983 0.00545662 0.0815982 0.0857594 -0.00526177 0.996302 58.6056 
0.996074 0.00467148 -0.0884018 -82.5344 -0.00441915 0.999986 0.00304941 0.0683394 0.0884147 -0.00264673 0.99608 59.4297 
0.995759 0.0062835 -0.0917805 -82.6295 -0.00634065 0.99998 -0.000331614 0.0545318 0.0917765 0.0009122 0.995779 60.2515 
0.995392 0.0066267 -0.0956648 -82.7267 -0.00702408 0.999968 -0.00381811 0.040312 0.0956364 0.00447251 0.995406 61.0671 
0.995075 0.00850314 -0.0987644 -82.8272 -0.00930824 0.999927 -0.00769415 0.0195143 0.0986918 0.00857562 0.995081 61.8747 
0.994697 0.0130138 -0.102021 -82.9344 -0.0138735 0.999874 -0.00772215 -0.000239089 0.101907 0.00909662 0.994752 62.6817 
0.994302 0.0166088 -0.105297 -83.0455 -0.0173497 0.999831 -0.00612468 -0.0152798 0.105178 0.0079167 0.994422 63.4851 
0.993833 0.0198746 -0.109095 -83.1565 -0.0200191 0.9998 -0.000229314 -0.0327422 0.109069 0.00241192 0.994031 64.2881 
0.993363 0.020579 -0.113169 -83.2671 -0.0201004 0.999784 0.00536826 -0.0487179 0.113255 -0.00305785 0.993561 65.088 
0.992779 0.0196988 -0.118331 -83.3761 -0.0187625 0.999783 0.00902148 -0.0595508 0.118483 -0.0067361 0.992933 65.8812 
0.992001 0.0191534 -0.124769 -83.4919 -0.0180379 0.999787 0.0100636 -0.0674924 0.124935 -0.00773249 0.992135 66.6655 
0.991277 0.0168065 -0.130721 -83.6088 -0.0151319 0.99979 0.0137933 -0.0746019 0.130926 -0.0116949 0.991323 67.4491 
0.990378 0.0173621 -0.137294 -83.7324 -0.0156562 0.999786 0.0134957 -0.0808577 0.137499 -0.0112163 0.990438 68.2245 
0.989432 0.0220708 -0.143309 -83.869 -0.0205087 0.999713 0.012368 -0.0864976 0.143541 -0.00929818 0.989601 68.996 
0.988476 0.0239111 -0.149478 -84.0059 -0.0228816 0.999701 0.008603 -0.0923693 0.149639 -0.00508352 0.988728 69.7628 
0.987589 0.0230731 -0.155357 -84.1443 -0.0224655 0.999732 0.00566535 -0.0958787 0.155446 -0.00210482 0.987842 70.5294 
0.986706 0.0242974 -0.160687 -84.2883 -0.0238897 0.999705 0.00446873 -0.104421 0.160748 -0.00057053 0.986995 71.2935 
0.985896 0.0261183 -0.165308 -84.4364 -0.0249087 0.999646 0.00938585 -0.109173 0.165495 -0.00513581 0.986197 72.0572 
0.984826 0.0269629 -0.171438 -84.5889 -0.0250212 0.999596 0.0134767 -0.114326 0.171732 -0.00898263 0.985103 72.8191 
0.983723 0.0260654 -0.177793 -84.7411 -0.0236434 0.999597 0.0157281 -0.124622 0.178131 -0.0112684 0.983942 73.5781 
0.982492 0.0234988 -0.184815 -84.8982 -0.0216788 0.999695 0.0118623 -0.128036 0.185037 -0.00764803 0.982702 74.3252 
0.980931 0.0216386 -0.19315 -85.0608 -0.0211227 0.999766 0.00472977 -0.130235 0.193207 -0.000559689 0.981158 75.0638 
0.979167 0.0190302 -0.202163 -85.2321 -0.0188583 0.999818 0.00277637 -0.137351 0.202179 0.00109396 0.979348 75.8036 
0.976915 0.0186783 -0.212811 -85.4131 -0.0178903 0.999824 0.00562776 -0.146427 0.212879 -0.00169053 0.977077 76.5409 
0.974485 0.0187483 -0.223667 -85.6039 -0.0165582 0.999795 0.0116634 -0.148864 0.22384 -0.00766226 0.974596 77.2772 
0.971685 0.0205049 -0.23539 -85.8064 -0.0164237 0.999679 0.0192855 -0.151913 0.23571 -0.0148734 0.97171 78.0104 
0.968919 0.021095 -0.246477 -86.0134 -0.0160147 0.999616 0.0225981 -0.155446 0.246859 -0.0179484 0.968885 78.7344 
0.965894 0.024287 -0.257796 -86.2321 -0.0203129 0.99963 0.0180682 -0.160369 0.25814 -0.0122153 0.96603 79.4435 
0.962713 0.0235438 -0.269499 -86.4568 -0.0219572 0.999719 0.00890039 -0.162351 0.269633 -0.00265101 0.96296 80.145 
0.959275 0.0210684 -0.281689 -86.6854 -0.0208135 0.999776 0.00389712 -0.16013 0.281708 0.00212458 0.959498 80.8481 
0.955692 0.0197357 -0.293708 -86.9238 -0.0179848 0.999801 0.00866119 -0.160291 0.29382 -0.00299512 0.955856 81.5603 
0.95214 0.0210156 -0.304938 -87.1759 -0.0169412 0.999728 0.0160015 -0.166572 0.305192 -0.0100697 0.952238 82.2744 
0.948244 0.0210328 -0.316847 -87.4349 -0.0150834 0.999661 0.0212181 -0.167918 0.317185 -0.0153408 0.94824 82.9873 
0.943993 0.018575 -0.329443 -87.7 -0.0129472 0.999731 0.0192686 -0.167314 0.329712 -0.013924 0.943979 83.6941 
0.940019 0.0166377 -0.340715 -87.9735 -0.0124033 0.999816 0.0146022 -0.166718 0.340896 -0.00950032 0.940053 84.3942 
0.936704 0.0124071 -0.349902 -88.2507 -0.0103413 0.999916 0.00777163 -0.172609 0.349969 -0.00366122 0.936754 85.0916 
0.933875 0.00824452 -0.357503 -88.5359 -0.00811319 0.999965 0.0018671 -0.176898 0.357506 0.00115691 0.93391 85.7903 
0.931068 0.00808625 -0.364756 -88.8286 -0.00878788 0.999961 -0.000263764 -0.183076 0.36474 0.00345106 0.931103 86.4882 
0.928003 0.0133281 -0.372334 -89.1371 -0.0145123 0.999895 -0.000378177 -0.194611 0.372289 0.00575441 0.928099 87.1815 
0.924734 0.0132112 -0.380384 -89.4416 -0.0135176 0.999907 0.00186582 -0.205098 0.380373 0.00341654 0.924827 87.8809 
0.921354 0.0139093 -0.388475 -89.7507 -0.0116182 0.999899 0.00824605 -0.207372 0.38855 -0.00308409 0.921422 88.5872 
0.918465 0.016002 -0.395177 -90.0672 -0.0103905 0.999813 0.0163361 -0.209434 0.395365 -0.010898 0.91846 89.2894 
0.915695 0.0257338 -0.40105 -90.4007 -0.017963 0.999571 0.0231245 -0.217004 0.401473 -0.0139708 0.915764 89.9839 
0.912962 0.0323415 -0.406761 -90.7377 -0.0265023 0.999449 0.0199825 -0.218236 0.407183 -0.0074631 0.913316 90.6663 
0.910451 0.0287743 -0.412616 -91.0649 -0.0260166 0.999586 0.0123008 -0.215552 0.412799 -0.000464361 0.910822 91.3495 
0.908385 0.020923 -0.417612 -91.3919 -0.0208482 0.999771 0.00474126 -0.213501 0.417616 0.00439962 0.908613 92.0382 
0.906742 0.021527 -0.421136 -91.7357 -0.0216972 0.999755 0.00438802 -0.221944 0.421127 0.00515871 0.906987 92.7236 
0.904426 0.0275002 -0.425744 -92.089 -0.0259262 0.999619 0.00949259 -0.228102 0.425843 0.00245263 0.904794 93.4162 
0.901707 0.0299235 -0.431311 -92.4396 -0.0265293 0.999552 0.0138841 -0.234283 0.431533 -0.00107695 0.902097 94.1152 
0.899373 0.0262135 -0.436395 -92.7896 -0.0233985 0.999656 0.0118253 -0.241182 0.436555 -0.000424375 0.899678 94.8059 
0.896962 0.0243087 -0.441438 -93.1461 -0.0243996 0.999687 0.00547202 -0.247434 0.441433 0.00586275 0.897275 95.4889 
0.894668 0.0215326 -0.446212 -93.5089 -0.0246263 0.999696 -0.00113492 -0.252806 0.446052 0.012004 0.894927 96.1717 
0.892267 0.0222685 -0.450958 -93.8764 -0.0261566 0.999655 -0.00239021 -0.263255 0.450749 0.0139283 0.892542 96.8553 
0.890168 0.0251839 -0.454936 -94.2495 -0.0273352 0.999625 0.00184967 -0.275541 0.454812 0.0107893 0.890522 97.543 
0.887972 0.0267652 -0.459119 -94.6233 -0.0280695 0.999598 0.00398469 -0.286956 0.459041 0.00934899 0.888366 98.2255 
0.885567 0.027882 -0.463674 -94.9984 -0.0289906 0.999568 0.00473798 -0.299201 0.463606 0.00924643 0.885993 98.9005 
0.883176 0.0257651 -0.468333 -95.3732 -0.0270534 0.999626 0.00397682 -0.309862 0.46826 0.00915781 0.883543 99.5768 
0.880979 0.0239089 -0.472551 -95.748 -0.0253446 0.999673 0.00332868 -0.319569 0.472477 0.00904417 0.881297 100.248 
0.878679 0.0232992 -0.476844 -96.125 -0.0244793 0.999693 0.00373827 -0.32756 0.476784 0.00838811 0.87898 100.914 
0.876271 0.0248048 -0.48118 -96.5091 -0.0259793 0.999654 0.00422144 -0.336962 0.481118 0.00880164 0.876612 101.574 
0.873898 0.0251143 -0.48546 -96.8933 -0.0263715 0.999643 0.00424197 -0.350037 0.485393 0.0090953 0.874249 102.229 
0.871372 0.0220318 -0.490128 -97.2714 -0.0251716 0.999683 0.000185591 -0.362124 0.489976 0.0121756 0.871651 102.879 
0.868925 0.0184835 -0.494599 -97.6503 -0.0237835 0.999707 -0.0044237 -0.375913 0.494373 0.0156072 0.86911 103.52 
0.866816 0.0169144 -0.498342 -98.0325 -0.0235469 0.999698 -0.00702632 -0.389065 0.498072 0.017825 0.866952 104.153 
0.864742 0.0186711 -0.501869 -98.4151 -0.0235124 0.999718 -0.00332025 -0.40065 0.501666 0.0146714 0.864937 104.787 
0.862818 0.0227986 -0.505001 -98.801 -0.0232308 0.999715 0.00544182 -0.413158 0.504981 0.00703634 0.863102 105.415 
0.861274 0.024772 -0.507536 -99.1832 -0.0200041 0.99969 0.0148468 -0.422495 0.507746 -0.0026343 0.861503 106.042 
0.859641 0.0242949 -0.51032 -99.556 -0.0165957 0.999669 0.0196357 -0.430743 0.510628 -0.00841049 0.85976 106.65 
0.857998 0.0211394 -0.513218 -99.9216 -0.0133669 0.999733 0.0188321 -0.428833 0.513479 -0.0092977 0.858052 107.243 
0.856224 0.0191424 -0.516251 -100.285 -0.0130462 0.999796 0.0154342 -0.433001 0.516441 -0.00647998 0.856298 107.816 
0.854542 0.0172662 -0.519095 -100.641 -0.0126203 0.999843 0.012481 -0.436932 0.519229 -0.00411434 0.854625 108.376 
0.853029 0.0153838 -0.521637 -100.991 -0.0111901 0.999875 0.0111886 -0.439195 0.521744 -0.00370695 0.853094 108.923 
0.851791 0.0138834 -0.523699 -101.332 -0.00958366 0.999894 0.0109196 -0.446007 0.523795 -0.00428223 0.851834 109.452 
0.850466 0.0144517 -0.525831 -101.667 -0.00960316 0.999883 0.0119483 -0.45322 0.525942 -0.00511191 0.850505 109.962 
0.84934 0.0143536 -0.527652 -101.993 -0.00849285 0.999872 0.0135287 -0.460124 0.527778 -0.00700911 0.849353 110.456 
0.847881 0.0129619 -0.530028 -102.303 -0.00647432 0.99988 0.0140953 -0.465513 0.530147 -0.0085195 0.847863 110.933 
0.846397 0.0113043 -0.532432 -102.595 -0.00438353 0.999889 0.0142606 -0.471219 0.532534 -0.00973615 0.846353 111.39 
0.845152 0.0100514 -0.534431 -102.885 -0.0036477 0.999908 0.0130374 -0.473008 0.534513 -0.00906912 0.845111 111.831 
0.843879 0.00997727 -0.536442 -103.165 -0.00578873 0.999938 0.0094915 -0.479791 0.536503 -0.00490431 0.843884 112.243 
0.842294 0.00711427 -0.538972 -103.433 -0.00513707 0.999973 0.0051712 -0.481417 0.538994 -0.00158688 0.842308 112.642 
0.839962 0.0031689 -0.542636 -103.685 -0.00199871 0.999994 0.00274588 -0.481397 0.542642 -0.00122181 0.839963 113.026 
0.837064 -0.000841487 -0.547104 -103.925 0.00299165 0.999991 0.00303908 -0.48445 0.547097 -0.0041806 0.837059 113.396 
0.833518 0.000178004 -0.552493 -104.166 0.00270858 0.999987 0.00440842 -0.488257 0.552486 -0.00517092 0.833506 113.744 
0.829518 0.00373947 -0.558467 -104.401 -0.000396932 0.999981 0.0061062 -0.494448 0.55848 -0.00484348 0.829504 114.075 
0.825702 0.00974788 -0.564022 -104.631 -0.00460874 0.999934 0.0105346 -0.499238 0.564088 -0.00609896 0.825692 114.386 
0.821453 0.014939 -0.57008 -104.85 -0.00617185 0.999831 0.0173074 -0.503655 0.570242 -0.0106987 0.821407 114.686 
0.816541 0.0166428 -0.577047 -105.056 -0.00530786 0.999759 0.0213236 -0.505954 0.577262 -0.0143486 0.816433 114.964 
0.811086 0.0136362 -0.584769 -105.254 -0.000842651 0.999754 0.0221444 -0.502852 0.584927 -0.0174682 0.810898 115.226 
0.803851 0.0112266 -0.594724 -105.439 0.0027135 0.999742 0.0225397 -0.497648 0.594824 -0.0197323 0.803614 115.472 
0.794936 0.00972874 -0.606616 -105.622 0.0057286 0.999707 0.02354 -0.497222 0.606667 -0.0221878 0.794647 115.7 
0.784492 0.0103606 -0.620053 -105.805 0.00605549 0.999685 0.0243653 -0.500346 0.62011 -0.0228691 0.784182 115.908 
0.771961 0.0115081 -0.635566 -105.984 0.00448961 0.999713 0.0235547 -0.49787 0.635654 -0.0210367 0.771688 116.099 
0.757818 0.00998397 -0.65239 -106.162 0.00462559 0.999776 0.0206733 -0.499597 0.65245 -0.0186842 0.757601 116.272 
0.742705 0.007325 -0.669579 -106.332 0.00383078 0.999877 0.0151875 -0.500036 0.669608 -0.0138448 0.742586 116.434 
0.727234 0.00355593 -0.68638 -106.494 0.00399352 0.999948 0.0094116 -0.495834 0.686378 -0.00958546 0.727182 116.583 
0.711616 0.00340872 -0.70256 -106.665 0.000105554 0.999988 0.00495869 -0.491856 0.702568 -0.00360279 0.711607 116.723 
0.695504 0.00687166 -0.71849 -106.84 -0.007322 0.99997 0.00247597 -0.489522 0.718485 0.00353879 0.695533 116.855 
0.677901 0.00859104 -0.735103 -107.015 -0.00992951 0.999948 0.00252937 -0.488532 0.735086 0.0055846 0.677951 116.985 
0.65868 0.00717404 -0.752389 -107.19 -0.00679886 0.999971 0.00358263 -0.485773 0.752393 0.00275563 0.658709 117.121 
0.638109 0.00613117 -0.769922 -107.367 -0.00398 0.999981 0.00466458 -0.480051 0.769936 8.78263e-05 0.638121 117.253 
0.615581 0.00783103 -0.788035 -107.556 -0.0040434 0.999969 0.00677854 -0.478159 0.788063 -0.000986355 0.615594 117.37 
0.591163 0.0119675 -0.806463 -107.753 -0.00758875 0.999928 0.00927559 -0.471061 0.806516 0.000636718 0.591211 117.479 
0.566245 0.0158356 -0.824085 -107.953 -0.00983692 0.999874 0.0124544 -0.465611 0.824178 0.00105424 0.56633 117.58 
0.540567 0.0183524 -0.841101 -108.154 -0.0117583 0.999829 0.0142587 -0.459266 0.841219 0.00218219 0.540691 117.674 
0.514444 0.0213771 -0.857258 -108.358 -0.0149484 0.999761 0.01596 -0.458328 0.857394 0.00460413 0.51464 117.759 
0.487508 0.0253944 -0.872749 -108.566 -0.0192595 0.999647 0.0183286 -0.455001 0.872906 0.00787347 0.487825 117.834 
0.459425 0.028106 -0.887772 -108.777 -0.0215692 0.999558 0.0204829 -0.453035 0.887955 0.00973819 0.459828 117.906 
0.429317 0.027668 -0.90273 -108.988 -0.0204795 0.999572 0.0208965 -0.456727 0.902922 0.00951631 0.4297 117.976 
0.396884 0.0246333 -0.917538 -109.215 -0.0203748 0.99963 0.0180241 -0.457317 0.917643 0.0115412 0.397239 118.039 
0.36212 0.0201479 -0.931914 -109.459 -0.019829 0.999707 0.0139085 -0.452795 0.931921 0.0134425 0.362413 118.098 
0.322718 0.0178861 -0.946326 -109.72 -0.0195744 0.999734 0.0122203 -0.448907 0.946293 0.0145801 0.322982 118.153 
0.280956 0.0164531 -0.95958 -110.002 -0.0191723 0.99975 0.0115284 -0.439557 0.959529 0.0151585 0.281201 118.199 
0.237169 0.0145742 -0.971359 -110.3 -0.0183745 0.999776 0.0105142 -0.433914 0.971295 0.0153547 0.237384 118.234 
0.189605 0.0117087 -0.981791 -110.616 -0.0174895 0.999811 0.00854605 -0.4251 0.981705 0.0155507 0.189774 118.259 
0.140286 0.00977506 -0.990063 -110.95 -0.0168496 0.99983 0.007484 -0.420703 0.989968 0.0156323 0.140427 118.265 
0.0899757 0.00934151 -0.9959 -111.298 -0.0163226 0.999836 0.00790374 -0.41384 0.99581 0.0155446 0.0901133 118.254 
0.0376088 0.0105595 -0.999237 -111.667 -0.0156176 0.999828 0.00997791 -0.407711 0.999171 0.0152305 0.0377672 118.228 
-0.0156761 0.0127619 -0.999796 -112.043 -0.0126665 0.999836 0.012961 -0.401559 0.999797 0.0128672 -0.0155119 118.183 
-0.0693796 0.014633 -0.997483 -112.427 -0.00948637 0.999838 0.0153273 -0.395255 0.997545 0.0105259 -0.0692295 118.117 
-0.12317 0.0165466 -0.992248 -112.82 -0.00541555 0.999835 0.0173454 -0.392416 0.992371 0.00751004 -0.12306 118.031 
-0.176009 0.0184376 -0.984216 -113.224 -0.00245468 0.999813 0.0191687 -0.387941 0.984386 0.00578984 -0.175931 117.917 
-0.22728 0.0200259 -0.973624 -113.641 -0.00047024 0.999786 0.0206738 -0.381929 0.973829 0.00515662 -0.227222 117.778 
-0.276561 0.0213728 -0.960759 -114.061 0.00266713 0.999766 0.0214728 -0.373411 0.960993 0.00337611 -0.276553 117.615 
-0.324596 0.0231425 -0.94557 -114.483 0.00747986 0.999732 0.0219005 -0.368007 0.945823 3.61115e-05 -0.324682 117.429 
-0.371044 0.0245691 -0.92829 -114.92 0.0120749 0.999693 0.0216325 -0.359822 0.928537 -0.00318233 -0.371227 117.218 
-0.41495 0.026744 -0.909451 -115.359 0.0166511 0.999624 0.0217984 -0.355051 0.909692 -0.00609809 -0.415239 116.977 
