1 2.12261e-08 -2.11895e-08 -4.12777e-15 2.12261e-08 1 2.10703e-08 -1.55431e-15 -2.11895e-08 2.10703e-08 1 -2.80886e-14 
0.999996 0.00269502 0.000102215 -0.0136911 -0.00269514 0.999995 0.00159463 -0.0169962 -9.79592e-05 -0.00159486 0.999999 0.782225 
0.999986 0.00524022 -1.65881e-05 -0.0243971 -0.00524014 0.999984 0.00193801 -0.0324299 2.67009e-05 -0.00193786 0.999998 1.55346 
0.999978 0.00658784 0.000344723 -0.0393102 -0.00658838 0.999977 0.00169816 -0.0505517 -0.000333571 -0.00170036 0.999999 2.30433 
0.999964 0.00848694 0.000432091 -0.0547522 -0.00848747 0.999963 0.00131859 -0.0647059 -0.000420927 -0.00132216 0.999999 3.03912 
0.999964 0.00845784 0.000634188 -0.0624504 -0.0084585 0.999964 0.00110909 -0.0783176 -0.000624827 -0.00111438 0.999999 3.76572 
0.999963 0.00859021 0.000823416 -0.0743794 -0.00859184 0.999961 0.0020414 -0.0931194 -0.00080589 -0.00204835 0.999998 4.47135 
0.999956 0.00928376 0.00119109 -0.082431 -0.00928941 0.999945 0.0048641 -0.105704 -0.00114591 -0.00487491 0.999988 5.1617 
0.999956 0.00909797 0.00231117 -0.0874936 -0.00911802 0.999919 0.00883724 -0.114389 -0.00223062 -0.00885788 0.999958 5.83195 
0.99996 0.00827338 0.00329681 -0.087083 -0.00831332 0.99989 0.0123042 -0.122101 -0.00319469 -0.0123311 0.999919 6.48146 
0.999964 0.00734373 0.00423849 -0.0909173 -0.007405 0.999865 0.0146369 -0.131818 -0.00413047 -0.0146677 0.999884 7.10128 
0.999955 0.00789354 0.00524911 -0.0955796 -0.00796868 0.999864 0.0144606 -0.140128 -0.0051343 -0.0145017 0.999882 7.69037 
0.999941 0.00884292 0.00627536 -0.100333 -0.00891697 0.99989 0.011879 -0.148479 -0.00616966 -0.0119342 0.99991 8.25091 
0.999937 0.0088574 0.00687126 -0.098978 -0.00891859 0.99992 0.00893377 -0.15159 -0.00679162 -0.00899445 0.999937 8.78818 
0.999939 0.00714671 0.00846277 -0.098248 -0.00720962 0.999946 0.00743189 -0.155114 -0.00840924 -0.00749241 0.999937 9.29711 
0.999942 0.00337216 0.0102561 -0.0929798 -0.00342455 0.999981 0.00509872 -0.160916 -0.0102388 -0.0051335 0.999934 9.77624 
0.999926 0.0015641 0.0121011 -0.089693 -0.00161234 0.999991 0.00398147 -0.170053 -0.0120948 -0.00400064 0.999919 10.2236 
0.999884 0.00581451 0.014078 -0.0940604 -0.00584393 0.999981 0.00205203 -0.180625 -0.0140658 -0.00213402 0.999899 10.6395 
0.999802 0.0101579 0.0170868 -0.0993171 -0.0101802 0.999947 0.00122274 -0.189708 -0.0170735 -0.0013964 0.999853 11.025 
0.99973 0.0106711 0.0206205 -0.099334 -0.0107209 0.99994 0.00230972 -0.197086 -0.0205946 -0.00253013 0.999785 11.3794 
0.999698 0.0064992 0.0237219 -0.0886314 -0.00656744 0.999975 0.00280179 -0.201037 -0.0237031 -0.00295669 0.999715 11.7025 
0.999655 0.00173155 0.0261976 -0.0747682 -0.00180134 0.999995 0.00264243 -0.204693 -0.0261929 -0.00268867 0.999653 11.9942 
0.99959 -0.00173504 0.0285646 -0.0641153 0.00162479 0.999991 0.00388398 -0.208659 -0.0285712 -0.00383594 0.999584 12.2544 
0.999511 -0.00202624 0.0311978 -0.0586933 0.00186925 0.999985 0.00506198 -0.216199 -0.0312077 -0.00500115 0.9995 12.4862 
0.999445 -0.00128314 0.0332887 -0.0528492 0.00114491 0.999991 0.00417249 -0.221244 -0.0332938 -0.00413202 0.999437 12.6897 
0.999374 -0.000202024 0.0353832 -0.047645 0.000113272 0.999997 0.00251152 -0.222311 -0.0353836 -0.0025059 0.999371 12.8806 
0.999276 0.00203319 0.0379824 -0.0457509 -0.00209808 0.999996 0.00166976 -0.2264 -0.0379789 -0.0017482 0.999277 13.0543 
0.999205 0.00478974 0.0395894 -0.0445825 -0.00483471 0.999988 0.00104138 -0.234139 -0.0395839 -0.00123192 0.999216 13.2208 
0.99914 0.00620847 0.0409985 -0.0415333 -0.00620183 0.999981 -0.000288089 -0.240497 -0.0409995 3.36166e-05 0.999159 13.3783 
0.999065 0.00516058 0.0429252 -0.0345195 -0.00508183 0.999985 -0.00194264 -0.245886 -0.0429347 0.00172273 0.999076 13.5308 
0.999007 0.0039393 0.0443696 -0.0255768 -0.00379394 0.999987 -0.00335887 -0.247766 -0.0443823 0.00318724 0.99901 13.6758 
0.998956 0.00329343 0.0455719 -0.0185743 -0.003095 0.999985 -0.00442316 -0.249808 -0.0455859 0.00427754 0.998951 13.8152 
0.998882 0.00393482 0.0471111 -0.014721 -0.00366561 0.999977 -0.00579848 -0.253733 -0.0471329 0.00561935 0.998873 13.9473 
0.998819 0.0049465 0.0483404 -0.0089726 -0.00456901 0.999958 -0.00791548 -0.256252 -0.0483775 0.0076853 0.9988 14.0758 
0.998782 0.00495876 0.049089 -0.00222189 -0.00447491 0.99994 -0.00996077 -0.260821 -0.0491355 0.00972901 0.998745 14.2008 
0.998751 0.00423761 0.0497838 0.00525737 -0.00362876 0.999918 -0.0123129 -0.263616 -0.0498319 0.012117 0.998684 14.3262 
0.998782 0.00322018 0.0492368 0.0112159 -0.00252677 0.999897 -0.014138 -0.267762 -0.0492773 0.0139964 0.998687 14.453 
0.998888 0.00281969 0.0470628 0.0167145 -0.00209705 0.999879 -0.0153962 -0.269706 -0.0471006 0.0152804 0.998773 14.5808 
0.999028 0.00279 0.0439988 0.018205 -0.00207683 0.999866 -0.0162453 -0.273651 -0.0440383 0.0161382 0.9989 14.7103 
0.999197 0.00333625 0.0399239 0.0178084 -0.00263848 0.999843 -0.0175163 -0.276001 -0.0399761 0.0173969 0.999049 14.8389 
0.999408 0.00347815 0.0342259 0.0147202 -0.0028429 0.999823 -0.0185905 -0.279228 -0.0342846 0.0184823 0.999241 14.9655 
0.999617 0.00329758 0.0274713 0.012268 -0.00276866 0.999811 -0.019268 -0.282655 -0.0275296 0.0191846 0.999437 15.0964 
0.999789 0.00338019 0.0202799 0.00606065 -0.00297308 0.999794 -0.0200694 -0.284705 -0.0203436 0.0200049 0.999593 15.2255 
0.99992 0.00317171 0.0122147 -0.00273083 -0.00291435 0.999775 -0.0210263 -0.287166 -0.0122787 0.0209891 0.999704 15.3588 
0.999996 0.0020849 0.00206294 -0.0115917 -0.0020385 0.999751 -0.022227 -0.29027 -0.00210881 0.0222227 0.999751 15.4989 
0.99994 0.000535711 -0.0109892 -0.0235592 -0.000798508 0.999713 -0.0239275 -0.292632 0.0109732 0.0239348 0.999653 15.648 
0.99963 -0.000163379 -0.0272102 -0.0461653 -0.00053989 0.999666 -0.025838 -0.295977 0.0272053 0.0258432 0.999296 15.8109 
0.998916 0.0001088 -0.0465454 -0.0756684 -0.00135534 0.999641 -0.0267514 -0.301168 0.0465258 0.0267855 0.998558 15.9881 
0.997655 0.00075938 -0.0684471 -0.112727 -0.00257196 0.999648 -0.0263978 -0.305195 0.0684029 0.026512 0.997305 16.1848 
0.995736 0.0014625 -0.0922392 -0.158086 -0.00378571 0.99968 -0.0250173 -0.310536 0.092173 0.0252599 0.995423 16.4002 
0.992874 0.00229678 -0.119144 -0.215067 -0.00513005 0.999711 -0.0234793 -0.31744 0.119056 0.0239233 0.992599 16.6307 
0.988771 0.00340967 -0.149398 -0.285337 -0.00669591 0.999746 -0.0214993 -0.323043 0.149287 0.0222582 0.988543 16.8803 
0.983143 0.003466 -0.182804 -0.36406 -0.0068547 0.999816 -0.0179089 -0.330612 0.182709 0.0188601 0.982986 17.1408 
0.97551 0.00450063 -0.219909 -0.458659 -0.00777014 0.999872 -0.0140051 -0.334199 0.219817 0.0153708 0.97542 17.4188 
0.965607 0.00605175 -0.259937 -0.572842 -0.00860487 0.999925 -0.00868542 -0.338228 0.259865 0.0106235 0.965587 17.7042 
0.953311 0.00990529 -0.301828 -0.701306 -0.0116302 0.999925 -0.0039183 -0.34182 0.301766 0.00724571 0.953354 17.9912 
0.938831 0.0134426 -0.344116 -0.852636 -0.0141466 0.9999 0.00046494 -0.345389 0.344088 0.00443161 0.938927 18.2847 
0.921598 0.0157658 -0.387826 -1.01594 -0.0145391 0.999876 0.00609726 -0.349024 0.387874 1.94526e-05 0.921712 18.5864 
0.901764 0.0189976 -0.431812 -1.20107 -0.0145155 0.999801 0.0136733 -0.350521 0.431986 -0.00606206 0.90186 18.8942 
0.879231 0.0230731 -0.475837 -1.40951 -0.0152899 0.999679 0.0202218 -0.350425 0.476151 -0.010504 0.879301 19.204 
0.853572 0.0278172 -0.520232 -1.63452 -0.0175504 0.999542 0.0246505 -0.348264 0.520679 -0.0119107 0.853669 19.5046 
0.824592 0.0307465 -0.564892 -1.87887 -0.0181797 0.999447 0.0278614 -0.344703 0.565436 -0.0127047 0.824695 19.804 
0.79275 0.0343645 -0.608577 -2.14381 -0.0206435 0.99935 0.0295394 -0.340327 0.609197 -0.0108542 0.792945 20.0953 
0.75798 0.0368187 -0.651238 -2.44074 -0.020816 0.999263 0.0322668 -0.333117 0.651946 -0.0109013 0.758187 20.3851 
0.719925 0.0404334 -0.692873 -2.76349 -0.0216209 0.999124 0.0358399 -0.318495 0.693715 -0.0108214 0.720168 20.6703 
0.679989 0.0414252 -0.732051 -3.11309 -0.0191348 0.999065 0.038761 -0.304963 0.732973 -0.0123494 0.680146 20.9488 
0.638194 0.041123 -0.768777 -3.4891 -0.0162431 0.999069 0.0399576 -0.290376 0.769705 -0.0130133 0.638268 21.2182 
0.594915 0.0399844 -0.802794 -3.88831 -0.0107417 0.999068 0.0418 -0.276669 0.803717 -0.0162441 0.59479 21.4699 
0.549666 0.0401433 -0.834419 -4.31177 -0.00596491 0.999008 0.0441322 -0.262173 0.835363 -0.0192807 0.54936 21.7065 
0.502373 0.0414081 -0.863659 -4.76577 -0.00400316 0.998953 0.0455662 -0.241705 0.864642 -0.0194338 0.502013 21.9252 
0.452429 0.0408815 -0.890863 -5.2393 -0.00291982 0.999011 0.0443615 -0.218716 0.891796 -0.0174692 0.452101 22.1137 
0.399733 0.0398194 -0.915766 -5.74058 0.00223595 0.999011 0.044415 -0.198408 0.916629 -0.0198017 0.399248 22.29 
0.345837 0.0389205 -0.937487 -6.26527 0.00747755 0.998993 0.0442324 -0.177177 0.938265 -0.0223073 0.345198 22.445 
0.291363 0.03789 -0.955862 -6.81497 0.0101279 0.999037 0.0426886 -0.154069 0.956559 -0.0221187 0.290699 22.5747 
0.237667 0.0435714 -0.970369 -7.39422 0.0107613 0.998814 0.0474843 -0.125737 0.971287 -0.0217279 0.236916 22.6749 
0.185962 0.0486731 -0.981351 -7.99852 0.0132747 0.998557 0.052042 -0.100308 0.982467 -0.0227049 0.185048 22.7487 
0.137389 0.0501689 -0.989246 -8.61878 0.0188238 0.998404 0.0532477 -0.0772519 0.990338 -0.025937 0.136226 22.8034 
0.0929367 0.0516255 -0.994333 -9.25681 0.0212522 0.998325 0.0538191 -0.0568364 0.995445 -0.0261335 0.0916838 22.8288 
0.0523973 0.0498219 -0.997383 -9.90684 0.0209767 0.998479 0.0509787 -0.0291402 0.998406 -0.0235929 0.0512726 22.8281 
0.0167738 0.0452954 -0.998833 -10.5699 0.0182624 0.998793 0.0456003 0.0052274 0.999693 -0.0190059 0.0159264 22.8019 
-0.011764 0.0451512 -0.998911 -11.2592 0.016022 0.99886 0.0449602 0.0373457 0.999802 -0.0154756 -0.012474 22.7621 
-0.0327918 0.0492255 -0.998249 -11.9712 0.0146826 0.998702 0.0487655 0.0673202 0.999354 -0.0130577 -0.033472 22.7127 
-0.0456194 0.0552274 -0.997431 -12.7007 0.0161841 0.99838 0.0545398 0.0972521 0.998828 -0.0136544 -0.0464393 22.6572 
-0.0539151 0.0578215 -0.99687 -13.4563 0.0158897 0.998245 0.0570418 0.129995 0.998419 -0.0127645 -0.0547393 22.604 
-0.0579233 0.0550339 -0.996803 -14.2371 0.0170253 0.998389 0.0541322 0.163836 0.998176 -0.0138353 -0.058767 22.5499 
-0.0570714 0.051333 -0.99705 -15.0325 0.0244925 0.998449 0.0500031 0.19973 0.99807 -0.0215665 -0.0582401 22.4951 
-0.0528054 0.0499751 -0.997354 -15.8453 0.0361898 0.998187 0.0481007 0.242034 0.997949 -0.033554 -0.0545182 22.4587 
-0.047517 0.0501835 -0.997609 -16.6816 0.0367261 0.99815 0.0484614 0.276046 0.998195 -0.0343355 -0.0492721 22.4166 
-0.0422602 0.0486395 -0.997922 -17.5458 0.0347829 0.99828 0.047184 0.306319 0.998501 -0.0327166 -0.0438794 22.3611 
-0.0391026 0.0422196 -0.998343 -18.4133 0.038171 0.998441 0.0407286 0.343106 0.998506 -0.0365151 -0.0406532 22.3227 
-0.0368776 0.0314948 -0.998823 -19.2809 0.0360574 0.998894 0.0301657 0.368237 0.998669 -0.0349025 -0.0379725 22.274 
-0.0363547 0.0228768 -0.999077 -20.1831 0.0283308 0.99936 0.0218523 0.390618 0.998937 -0.0275102 -0.0369795 22.2132 
-0.0378204 0.0199615 -0.999085 -21.1097 0.0227496 0.999559 0.0191098 0.412501 0.999026 -0.022006 -0.0382578 22.1568 
-0.0414006 0.0256257 -0.998814 -22.0573 0.0136423 0.999592 0.0250802 0.428387 0.99905 -0.0125878 -0.0417333 22.0849 
-0.046351 0.0336393 -0.998359 -23.0547 0.00879851 0.999408 0.0332662 0.448749 0.998887 -0.0072421 -0.0466195 22.0075 
-0.0509816 0.0430228 -0.997773 -24.0944 0.00726307 0.999061 0.0427073 0.48305 0.998673 -0.00506957 -0.0512462 21.9364 
-0.0525839 0.0530225 -0.997208 -25.1217 0.00597996 0.998588 0.0527806 0.521565 0.998599 -0.00318782 -0.0528267 21.8621 
-0.0537095 0.0607932 -0.996704 -26.1622 0.00808093 0.998139 0.0604452 0.564557 0.998524 -0.00480778 -0.0541008 21.7929 
-0.055221 0.061649 -0.996569 -27.1809 0.00921374 0.998081 0.061232 0.61305 0.998432 -0.00580079 -0.055683 21.7219 
-0.0570103 0.0588499 -0.996638 -28.2043 0.00803239 0.998256 0.058486 0.660431 0.998341 -0.00467104 -0.0573836 21.6441 
-0.0596412 0.0539432 -0.996761 -29.2254 0.00783946 0.998533 0.0535701 0.701865 0.998189 -0.00461905 -0.0599766 21.5595 
-0.0643078 0.0487618 -0.996738 -30.2439 0.0080426 0.998798 0.0483437 0.740091 0.997898 -0.00490745 -0.0646227 21.4741 
-0.0698944 0.044146 -0.996577 -31.2618 0.008295 0.999012 0.0436721 0.775092 0.99752 -0.00521413 -0.0701915 21.3832 
-0.0767079 0.0421843 -0.996161 -32.2959 0.00733406 0.999101 0.041744 0.808279 0.997027 -0.00410377 -0.0769484 21.2756 
-0.0831431 0.0446605 -0.995536 -33.3626 0.00776601 0.998994 0.044167 0.843168 0.996507 -0.00405912 -0.0834063 21.1605 
-0.0889255 0.0495255 -0.994806 -34.447 0.0061264 0.998771 0.0491752 0.878766 0.996019 -0.00172161 -0.0891197 21.0246 
-0.0947257 0.0522641 -0.994131 -35.5153 0.00321988 0.998632 0.0521939 0.917209 0.995498 0.00174317 -0.0947644 20.8923 
-0.0991253 0.0545582 -0.993578 -36.5927 5.87536e-05 0.998496 0.0548224 0.960467 0.995075 0.00537595 -0.0989795 20.7511 
-0.101143 0.0557175 -0.993311 -37.6862 -0.00450458 0.998395 0.0564613 1.00637 0.994862 0.0101851 -0.100729 20.5938 
-0.102861 0.056788 -0.993073 -38.7595 -0.00842485 0.998283 0.0579585 1.05269 0.99466 0.0143282 -0.102206 20.4536 
-0.104163 0.0563634 -0.992962 -39.8455 -0.00989989 0.998285 0.057704 1.09778 0.994511 0.0158409 -0.103426 20.3099 
-0.105502 0.0554064 -0.992874 -40.9339 -0.0103676 0.998331 0.0568125 1.14686 0.994365 0.0162876 -0.104751 20.1672 
-0.106255 0.0546494 -0.992836 -42.0244 -0.0116886 0.998351 0.0562039 1.19312 0.99427 0.0175768 -0.105441 20.0177 
-0.106797 0.0537775 -0.992826 -43.1154 -0.0138913 0.998358 0.0555715 1.23682 0.994184 0.0197266 -0.105874 19.8697 
-0.107322 0.0512944 -0.9929 -44.2137 -0.0184543 0.998393 0.0535729 1.27926 0.994053 0.0240729 -0.106203 19.7212 
-0.107475 0.0465107 -0.993119 -45.3133 -0.0237907 0.998499 0.0493372 1.31698 0.993923 0.0289295 -0.106207 19.57 
-0.106687 0.0457963 -0.993237 -46.4216 -0.0254005 0.998487 0.0487668 1.36216 0.993968 0.0304316 -0.105363 19.4261 
-0.105237 0.0500359 -0.993188 -47.5376 -0.026009 0.998253 0.053047 1.40328 0.994107 0.0314143 -0.103752 19.2877 
-0.103055 0.0532433 -0.99325 -48.6549 -0.0261404 0.998077 0.0562143 1.44504 0.994332 0.0317572 -0.101465 19.1437 
-0.101053 0.0530427 -0.993466 -49.7752 -0.0241921 0.998151 0.0557536 1.49384 0.994587 0.0296681 -0.0995832 19.0025 
-0.0984723 0.0521902 -0.99377 -50.8937 -0.0240037 0.998209 0.0548018 1.54114 0.99485 0.0292507 -0.0970431 18.8692 
-0.0943175 0.0526293 -0.99415 -52.024 -0.0284586 0.998051 0.0555358 1.58812 0.995135 0.0335302 -0.0926359 18.7298 
-0.0883584 0.0534409 -0.994654 -53.1568 -0.0334734 0.997837 0.0565854 1.63469 0.995526 0.0382942 -0.0863784 18.5976 
-0.0824603 0.0531347 -0.995177 -54.2856 -0.0372728 0.997715 0.0563586 1.68126 0.995897 0.0417404 -0.0802914 18.4771 
-0.07698 0.0522352 -0.995663 -55.4206 -0.0385524 0.997724 0.055324 1.72963 0.996287 0.0426441 -0.074791 18.3691 
-0.0713696 0.0513989 -0.996125 -56.5509 -0.0379142 0.99781 0.0542023 1.77564 0.996729 0.0416357 -0.0692646 18.2695 
-0.0663305 0.051425 -0.996472 -57.6857 -0.036028 0.997896 0.0538968 1.81794 0.997147 0.0394759 -0.0643382 18.18 
-0.0607235 0.051981 -0.9968 -58.8304 -0.0349 0.997922 0.0541656 1.86645 0.997544 0.0380775 -0.0587832 18.0906 
-0.0551649 0.0538273 -0.997025 -59.9863 -0.0336647 0.997878 0.055736 1.908 0.99791 0.0366393 -0.0532358 18.0062 
-0.0497151 0.0550369 -0.997246 -61.1403 -0.0343408 0.997796 0.0567793 1.95605 0.998173 0.0370691 -0.0477156 17.9291 
-0.0448424 0.0544001 -0.997512 -62.2926 -0.0338383 0.997861 0.0559403 2.00229 0.998421 0.0362627 -0.0429056 17.8617 
-0.0400642 0.049792 -0.997956 -63.4403 -0.0337838 0.998119 0.0511564 2.0479 0.998626 0.0357644 -0.0383066 17.7981 
-0.0357369 0.0445423 -0.998368 -64.5885 -0.0336186 0.998387 0.0457466 2.08928 0.998796 0.0351986 -0.0341819 17.7388 
-0.03217 0.0441023 -0.998509 -65.7382 -0.0332229 0.998427 0.0451691 2.12622 0.99893 0.0346265 -0.0306542 17.6844 
-0.0288443 0.046594 -0.998497 -66.9018 -0.032369 0.998346 0.047522 2.1622 0.99906 0.0336911 -0.0272884 17.628 
-0.0266661 0.0461276 -0.99858 -68.0717 -0.0327192 0.998359 0.0469911 2.20094 0.999109 0.0339259 -0.0251131 17.5738 
-0.0255464 0.0458473 -0.998622 -69.2451 -0.0345919 0.998309 0.0467179 2.24266 0.999075 0.0357377 -0.0239173 17.5166 
-0.0246218 0.046647 -0.998608 -70.4236 -0.0357683 0.99823 0.0475112 2.28255 0.999057 0.0368884 -0.0229098 17.4618 
-0.0232427 0.0463154 -0.998656 -71.6056 -0.0366641 0.998215 0.0471482 2.31888 0.999057 0.0377107 -0.0215031 17.4073 
-0.0220303 0.0442971 -0.998776 -72.7918 -0.0371636 0.998291 0.0450954 2.3579 0.999066 0.0381115 -0.0203464 17.3561 
-0.0215215 0.042946 -0.998846 -73.9828 -0.0352739 0.998422 0.0436878 2.39596 0.999146 0.0361734 -0.0199727 17.312 
-0.0210578 0.0427598 -0.998863 -75.172 -0.0320997 0.998541 0.0434227 2.43187 0.999263 0.0329776 -0.0196545 17.2692 
-0.0210836 0.0435126 -0.99883 -76.3589 -0.0297318 0.998583 0.0441294 2.46475 0.999336 0.0306275 -0.01976 17.2307 
-0.021095 0.0461455 -0.998712 -77.5445 -0.0294951 0.998471 0.0467574 2.50002 0.999342 0.0304435 -0.0197017 17.1835 
-0.0208314 0.0498806 -0.998538 -78.7308 -0.0317923 0.998217 0.0505278 2.53401 0.999277 0.0327984 -0.0192084 17.1356 
-0.0201033 0.0496999 -0.998562 -79.9096 -0.0337279 0.998162 0.050359 2.57237 0.999229 0.0346918 -0.01839 17.0855 
-0.0199308 0.0475418 -0.99867 -81.0827 -0.034847 0.998229 0.0482162 2.612 0.999194 0.0357617 -0.0182388 17.041 
-0.0197409 0.0452741 -0.99878 -82.2636 -0.0348005 0.998338 0.0459419 2.64773 0.999199 0.035665 -0.0181325 16.9975 
-0.0198424 0.0444765 -0.998813 -83.4393 -0.0324208 0.998456 0.0451046 2.68424 0.999277 0.0332774 -0.0183697 16.9568 
-0.0200455 0.0460486 -0.998738 -84.6143 -0.0311499 0.998425 0.0466594 2.71802 0.999314 0.032046 -0.0185795 16.9179 
-0.0198201 0.0490058 -0.998602 -85.791 -0.0304663 0.998305 0.0495959 2.75091 0.999339 0.0314067 -0.0182935 16.8758 
-0.0192606 0.0511529 -0.998505 -86.9723 -0.0309156 0.998182 0.0517327 2.79098 0.999336 0.0318658 -0.0176442 16.828 
-0.0191528 0.0514962 -0.99849 -88.1442 -0.0322913 0.99812 0.0520965 2.82734 0.999295 0.0332403 -0.0174539 16.781 
-0.0190852 0.0493411 -0.9986 -89.3231 -0.0316045 0.998253 0.0499279 2.86899 0.999318 0.0325132 -0.0174925 16.7441 
-0.0187109 0.0480756 -0.998668 -90.4892 -0.0299876 0.998367 0.0486229 2.90466 0.999375 0.0308575 -0.0172387 16.7028 
-0.0188469 0.0490551 -0.998618 -91.6496 -0.0281573 0.998373 0.0495745 2.94171 0.999426 0.0290528 -0.0174349 16.6653 
-0.0187205 0.0518908 -0.998477 -92.8303 -0.0257014 0.998297 0.0523634 2.98266 0.999494 0.0266426 -0.0173549 16.6296 
-0.0188928 0.0545795 -0.998331 -94.0093 -0.0244259 0.998186 0.0550338 3.02273 0.999523 0.0254249 -0.0175254 16.5922 
-0.0184859 0.0562585 -0.998245 -95.1807 -0.0250061 0.998077 0.0567121 3.06677 0.999516 0.0260106 -0.0170435 16.5506 
-0.0182834 0.0580643 -0.998145 -96.3516 -0.0273053 0.997911 0.0585508 3.11393 0.99946 0.0283252 -0.0166598 16.5068 
-0.0180374 0.0572198 -0.998199 -97.5157 -0.0294882 0.997896 0.0577353 3.15834 0.999402 0.0304765 -0.0163121 16.4619 
-0.0182568 0.0533196 -0.998411 -98.6744 -0.0319024 0.998038 0.053883 3.20072 0.999324 0.0328355 -0.0165199 16.4161 
-0.0180307 0.0516193 -0.998504 -99.845 -0.0331113 0.998088 0.0521957 3.2445 0.999289 0.0340029 -0.016287 16.3711 
-0.0181415 0.0500117 -0.998584 -101.008 -0.0330902 0.998171 0.0505921 3.28611 0.999288 0.0339612 -0.0164534 16.3332 
-0.0181315 0.0504232 -0.998563 -102.168 -0.0317301 0.998195 0.0509807 3.32649 0.999332 0.032609 -0.0164989 16.2969 
-0.0184808 0.0524552 -0.998452 -103.318 -0.0315071 0.998096 0.0530197 3.36828 0.999333 0.0324382 -0.0167929 16.2572 
-0.0187218 0.0545568 -0.998335 -104.48 -0.0299072 0.998033 0.0551011 3.41138 0.999377 0.030889 -0.0170533 16.2216 
-0.01933 0.053585 -0.998376 -105.645 -0.0337139 0.99796 0.0542154 3.45733 0.999245 0.0347072 -0.017484 16.1748 
-0.0195885 0.0546429 -0.998314 -106.816 -0.0380088 0.997743 0.0553574 3.50583 0.999085 0.0390291 -0.0174674 16.1238 
-0.0200846 0.0536457 -0.998358 -107.988 -0.0411818 0.997668 0.0544371 3.55337 0.99895 0.0422076 -0.0178285 16.075 
-0.0202967 0.0496688 -0.99856 -109.167 -0.0418951 0.997846 0.0504849 3.59982 0.998916 0.0428595 -0.0181721 16.0261 
-0.0211608 0.045684 -0.998732 -110.344 -0.0417647 0.998043 0.0465374 3.64349 0.998903 0.0426966 -0.0192114 15.9822 
-0.0224389 0.044903 -0.998739 -111.537 -0.0379404 0.998233 0.0457327 3.68129 0.999028 0.0389188 -0.0206956 15.943 
-0.0230616 0.0443308 -0.998751 -112.738 -0.0334053 0.998424 0.0450876 3.71993 0.999176 0.0344034 -0.0215444 15.9024 
-0.0236583 0.0461623 -0.998654 -113.953 -0.0325128 0.998369 0.0469194 3.76271 0.999191 0.0335791 -0.0221189 15.8543 
-0.0246507 0.0502652 -0.998432 -115.172 -0.0316854 0.998194 0.0510355 3.80389 0.999194 0.0328938 -0.0230136 15.8062 
-0.0253865 0.0504075 -0.998406 -116.401 -0.0301673 0.998234 0.0511659 3.85045 0.999222 0.0314181 -0.023821 15.7569 
-0.0259437 0.0459959 -0.998605 -117.643 -0.0301687 0.99845 0.0467725 3.89761 0.999208 0.0313401 -0.0245159 15.6976 
-0.0267833 0.0420804 -0.998755 -118.892 -0.0302038 0.998623 0.0428848 3.94532 0.999185 0.0313148 -0.0254754 15.6378 
-0.0275268 0.0406619 -0.998794 -120.143 -0.0295918 0.998701 0.0414737 3.98392 0.999183 0.0306978 -0.0262878 15.578 
-0.0283098 0.0419011 -0.998721 -121.398 -0.0314954 0.998588 0.0427883 4.022 0.999103 0.0326665 -0.0269501 15.5194 
-0.0287909 0.0462225 -0.998516 -122.662 -0.036243 0.998225 0.047254 4.06487 0.998928 0.0375497 -0.0270646 15.4513 
-0.0290951 0.0493445 -0.998358 -123.924 -0.0415165 0.997859 0.0505297 4.10659 0.998714 0.0429186 -0.0269842 15.3835 
-0.0294638 0.0489602 -0.998366 -125.186 -0.048669 0.997545 0.0503562 4.15255 0.99838 0.0500732 -0.0270086 15.3146 
-0.0295089 0.0468972 -0.998464 -126.45 -0.0517673 0.997487 0.0483813 4.19562 0.998223 0.0531154 -0.027007 15.2495 
-0.0301168 0.0456244 -0.998505 -127.718 -0.0539972 0.997425 0.0472038 4.23761 0.998087 0.0553382 -0.0275757 15.1847 
-0.0310477 0.0451364 -0.998498 -128.982 -0.0540117 0.997445 0.0467683 4.27484 0.998058 0.0553827 -0.0285304 15.1242 
-0.0316239 0.0444394 -0.998511 -130.247 -0.0517821 0.997597 0.0460387 4.31081 0.998158 0.053161 -0.0292467 15.0643 
-0.0321894 0.0450561 -0.998466 -131.51 -0.0518478 0.997563 0.0466869 4.35141 0.998136 0.0532712 -0.0297749 15.0022 
-0.0331982 0.0502009 -0.998187 -132.773 -0.0516706 0.997316 0.0518756 4.39195 0.998112 0.0532991 -0.0305152 14.9404 
-0.0342365 0.0544614 -0.997929 -134.043 -0.0504039 0.997149 0.0561481 4.43494 0.998142 0.0522218 -0.0313939 14.8812 
-0.0342076 0.0531196 -0.998002 -135.3 -0.0508152 0.997202 0.0548188 4.48463 0.998122 0.052589 -0.0314126 14.8149 
-0.0336205 0.0516739 -0.998098 -136.554 -0.0504138 0.997304 0.0533309 4.53421 0.998162 0.0521109 -0.0309248 14.7504 
-0.032612 0.051091 -0.998161 -137.804 -0.049372 0.997391 0.0526647 4.57721 0.998248 0.0509987 -0.0300045 14.6881 
-0.0317847 0.0502465 -0.998231 -139.058 -0.049436 0.997434 0.0517805 4.62269 0.998271 0.0509944 -0.0292192 14.6245 
-0.0311761 0.0521458 -0.998153 -140.318 -0.0491152 0.997352 0.053638 4.67026 0.998306 0.0506968 -0.0285324 14.5638 
-0.0307927 0.0557931 -0.997967 -141.578 -0.0499682 0.997107 0.0572867 4.71797 0.998276 0.0516307 -0.0279157 14.5072 
-0.0295924 0.0568151 -0.997946 -142.833 -0.0516315 0.996964 0.0582902 4.76831 0.998228 0.0532504 -0.026569 14.4451 
-0.028705 0.0538389 -0.998137 -144.081 -0.053747 0.997021 0.0553244 4.81986 0.998142 0.0552349 -0.0257258 14.382 
-0.028797 0.0508394 -0.998292 -145.332 -0.0525361 0.997248 0.0523017 4.86902 0.998204 0.0539526 -0.0260469 14.3253 
-0.0287592 0.049355 -0.998367 -146.576 -0.0497253 0.997473 0.0507432 4.91233 0.998349 0.0511035 -0.0262323 14.2703 
-0.028873 0.048749 -0.998394 -147.824 -0.0481477 0.997583 0.0501018 4.9577 0.998423 0.049517 -0.0264561 14.2083 
-0.0293033 0.0488642 -0.998376 -149.072 -0.045274 0.997715 0.0501607 5.00222 0.998545 0.0466703 -0.027024 14.1547 
-0.0296645 0.0475705 -0.998427 -150.318 -0.0432899 0.997869 0.0488301 5.04241 0.998622 0.0446704 -0.0275419 14.0997 
-0.0301444 0.0478086 -0.998402 -151.561 -0.0424527 0.997893 0.049066 5.08253 0.998644 0.0438639 -0.0280513 14.047 
-0.0305217 0.0504123 -0.998262 -152.807 -0.0399507 0.997868 0.0516139 5.12761 0.998735 0.0414567 -0.0284426 13.9912 
-0.0305875 0.0517797 -0.99819 -154.045 -0.0373321 0.997901 0.0529087 5.17207 0.998835 0.0388829 -0.0285902 13.9335 
-0.0310427 0.0505269 -0.99824 -155.272 -0.0350577 0.998052 0.0516076 5.21363 0.998903 0.0365981 -0.0292109 13.879 
-0.0319318 0.0507051 -0.998203 -156.508 -0.0360373 0.998005 0.0518478 5.25793 0.99884 0.0376282 -0.0300408 13.8166 
-0.0323066 0.0553237 -0.997946 -157.749 -0.0366978 0.997728 0.0564996 5.30537 0.998804 0.0384478 -0.0302029 13.758 
-0.031812 0.0617351 -0.997586 -158.985 -0.0416691 0.997141 0.0630364 5.35565 0.998625 0.0435739 -0.0291486 13.6902 
-0.0309995 0.0616539 -0.997616 -160.21 -0.0462713 0.996937 0.0630498 5.41135 0.998448 0.0481156 -0.0280517 13.6238 
-0.0296421 0.0575253 -0.997904 -161.45 -0.0500147 0.997007 0.0589592 5.47131 0.998309 0.0516576 -0.0266762 13.5522 
-0.0281793 0.0519274 -0.998253 -162.681 -0.0518756 0.997228 0.0533384 5.52409 0.998256 0.053288 -0.0254074 13.4907 
-0.0271423 0.0501067 -0.998375 -163.915 -0.0544784 0.997185 0.0515281 5.57306 0.998146 0.0557885 -0.0243361 13.423 
-0.0260309 0.0472908 -0.998542 -165.139 -0.0491883 0.99761 0.0485289 5.61173 0.99845 0.0503799 -0.0236425 13.3743 
-0.0260977 0.0431145 -0.998729 -166.357 -0.0462354 0.997948 0.0442889 5.64809 0.99859 0.0473325 -0.0240508 13.3246 
-0.0266703 0.0400049 -0.998844 -167.58 -0.0399623 0.998358 0.0410524 5.68393 0.998845 0.0410111 -0.0250278 13.2804 
-0.0279258 0.0429376 -0.998687 -168.816 -0.0377244 0.99832 0.0439767 5.72256 0.998898 0.038903 -0.0262591 13.2293 
-0.0273799 0.0490719 -0.99842 -170.069 -0.0381592 0.998015 0.0500984 5.76505 0.998897 0.0394707 -0.025453 13.1747 
-0.0258081 0.052194 -0.998303 -171.302 -0.0398401 0.997789 0.0531971 5.80878 0.998873 0.0411454 -0.0236716 13.118 
-0.023925 0.0490746 -0.998509 -172.52 -0.0410834 0.997902 0.0500292 5.8518 0.998869 0.0422191 -0.0218587 13.0603 
-0.0235593 0.0489965 -0.998521 -173.749 -0.0435035 0.997802 0.0499876 5.89655 0.998775 0.0446169 -0.021376 13.0084 
-0.0227283 0.050181 -0.998482 -174.971 -0.041375 0.997837 0.0510904 5.93545 0.998885 0.0424734 -0.0206028 12.9627 
-0.0223651 0.0482147 -0.998587 -176.18 -0.0415679 0.997928 0.0491139 5.97512 0.998885 0.0426077 -0.0203146 12.9178 
-0.020741 0.0467838 -0.99869 -177.361 -0.0419568 0.997984 0.0476221 6.01218 0.998904 0.0428896 -0.0187363 12.8704 
-0.0193267 0.04866 -0.998628 -178.52 -0.0431618 0.997843 0.049457 6.04449 0.998881 0.0440584 -0.0171848 12.8269 
-0.0181098 0.050577 -0.998556 -179.654 -0.0427554 0.997767 0.0513124 6.07443 0.998921 0.0436229 -0.0159069 12.7855 
-0.0176735 0.0520303 -0.998489 -180.759 -0.0438036 0.997646 0.0527617 6.10403 0.998884 0.0446699 -0.0153528 12.7429 
-0.0177273 0.0532881 -0.998422 -181.844 -0.0441868 0.997561 0.0540267 6.13491 0.998866 0.0450748 -0.0153294 12.7042 
-0.0181266 0.0543512 -0.998357 -182.905 -0.0434165 0.997537 0.0550949 6.16559 0.998893 0.0443439 -0.0157222 12.6665 
-0.0176105 0.0534894 -0.998413 -183.94 -0.0437515 0.99757 0.054216 6.19953 0.998887 0.0446369 -0.0152274 12.6243 
-0.0164 0.0535118 -0.998433 -184.928 -0.0448729 0.997521 0.0542 6.2285 0.998858 0.0456915 -0.0139581 12.5902 
-0.0152014 0.0543052 -0.998409 -185.891 -0.0456061 0.997447 0.0549473 6.25854 0.998844 0.0463689 -0.0126859 12.5583 
-0.0162483 0.0528646 -0.99847 -186.839 -0.0438015 0.997605 0.0535316 6.28575 0.998908 0.0446043 -0.0138938 12.5304 
-0.0194301 0.0500165 -0.998559 -187.782 -0.0416104 0.997842 0.0507902 6.31257 0.998945 0.0425374 -0.0173069 12.4962 
-0.0247084 0.0465121 -0.998612 -188.721 -0.0412555 0.998019 0.0475052 6.33975 0.998843 0.042372 -0.0227405 12.4569 
-0.0301072 0.043464 -0.998601 -189.658 -0.0428345 0.99808 0.0447327 6.36911 0.998628 0.0441214 -0.0281877 12.4128 
-0.0341364 0.0424516 -0.998515 -190.602 -0.044909 0.998023 0.043966 6.40087 0.998408 0.0463432 -0.0321625 12.36 
-0.0374316 0.0429545 -0.998376 -191.54 -0.0463293 0.997927 0.0446722 6.42988 0.998225 0.0479262 -0.0353639 12.3082 
-0.0398791 0.0447914 -0.9982 -192.478 -0.0449034 0.997905 0.0465721 6.45626 0.998195 0.0466799 -0.0377843 12.2603 
-0.0416947 0.0462951 -0.998057 -193.416 -0.0419227 0.997965 0.0480421 6.48682 0.998251 0.0438444 -0.0396691 12.2094 
-0.0434273 0.0467832 -0.997961 -194.342 -0.0403341 0.998007 0.0485406 6.51615 0.998242 0.0423599 -0.0414538 12.157 
-0.0446435 0.0458061 -0.997952 -195.25 -0.0405423 0.998042 0.0476239 6.54252 0.99818 0.0425854 -0.042699 12.0999 
-0.0456483 0.0443897 -0.997971 -196.157 -0.0423539 0.998028 0.0463295 6.57227 0.998059 0.0443829 -0.0436782 12.0413 
-0.0457043 0.0433941 -0.998012 -197.068 -0.0456791 0.99792 0.045482 6.6024 0.99791 0.047667 -0.0436271 11.9788 
-0.0449548 0.041574 -0.998124 -197.978 -0.0482653 0.997877 0.0437375 6.62871 0.997822 0.050141 -0.0428527 11.9168 
-0.0440768 0.0388913 -0.998271 -198.89 -0.0484682 0.997982 0.0410201 6.65334 0.997852 0.0501925 -0.0421029 11.8592 
-0.0436261 0.036347 -0.998387 -199.803 -0.0482891 0.998093 0.0384464 6.67855 0.99788 0.0498885 -0.0417877 11.802 
-0.0429918 0.0359139 -0.99843 -200.73 -0.048298 0.998111 0.0379821 6.70328 0.997907 0.0498551 -0.041176 11.744 
-0.042625 0.0388033 -0.998337 -201.664 -0.0459758 0.998111 0.0407575 6.72638 0.998033 0.0476367 -0.0407604 11.6912 
-0.0428389 0.0401563 -0.998275 -202.606 -0.0455147 0.998076 0.0421015 6.74952 0.998045 0.0472398 -0.0409288 11.6355 
-0.0419468 0.0366188 -0.998449 -203.551 -0.0406053 0.99844 0.0383244 6.77204 0.998294 0.0421499 -0.0403945 11.5799 
-0.0416884 0.0334132 -0.998572 -204.493 -0.039177 0.998617 0.0350503 6.79915 0.998362 0.0405823 -0.0403217 11.5269 
-0.0412344 0.0334679 -0.998589 -205.439 -0.04358 0.998427 0.035262 6.82636 0.998199 0.0449726 -0.039711 11.4623 
-0.0398475 0.0373719 -0.998507 -206.397 -0.044823 0.998228 0.0391502 6.84805 0.9982 0.0463161 -0.0381018 11.4032 
-0.0380461 0.0368167 -0.998598 -207.362 -0.0424541 0.998359 0.0384254 6.87458 0.998374 0.0438565 -0.0364207 11.3522 
-0.0359303 0.0380019 -0.998632 -208.334 -0.0411345 0.998374 0.0394721 6.90679 0.998507 0.0424965 -0.0343087 11.3016 
-0.0343537 0.042731 -0.998496 -209.316 -0.041908 0.998145 0.0441579 6.93541 0.998531 0.043362 -0.0324992 11.2492 
-0.0328016 0.047036 -0.998355 -210.311 -0.0388225 0.998078 0.0482986 6.96432 0.998708 0.0403429 -0.0309125 11.2042 
-0.0316713 0.0476076 -0.998364 -211.312 -0.0382602 0.998075 0.0488076 6.99904 0.998766 0.0397434 -0.0297889 11.1568 
-0.0298054 0.0480184 -0.998402 -212.319 -0.0415178 0.997924 0.0492349 7.03787 0.998693 0.042919 -0.0277499 11.1078 
-0.0268893 0.0496173 -0.998406 -213.338 -0.0443712 0.997724 0.0507784 7.07632 0.998653 0.0456659 -0.0246265 11.0559 
-0.0235328 0.0497954 -0.998482 -214.361 -0.0454017 0.997675 0.0508252 7.1128 0.998692 0.0465289 -0.0212173 11.0128 
-0.0206659 0.0471398 -0.998675 -215.385 -0.0482359 0.997678 0.0480909 7.14901 0.998622 0.0491659 -0.018344 10.9687 
-0.0180826 0.0438303 -0.998875 -216.42 -0.048141 0.997842 0.0446564 7.18704 0.998677 0.0488944 -0.0159336 10.9342 
-0.0164865 0.0429959 -0.998939 -217.462 -0.0472553 0.997925 0.0437321 7.22167 0.998747 0.0479262 -0.0144205 10.9002 
-0.0150799 0.0451944 -0.998864 -218.517 -0.0480266 0.997792 0.0458709 7.25596 0.998732 0.0486639 -0.012876 10.8642 
-0.0137672 0.048374 -0.998734 -219.582 -0.0496096 0.997566 0.0490012 7.29293 0.998674 0.0502214 -0.0113338 10.8296 
-0.0123902 0.0482198 -0.99876 -220.645 -0.0496015 0.997577 0.048778 7.32725 0.998692 0.0501444 -0.00996837 10.797 
-0.011655 0.0454621 -0.998898 -221.713 -0.0481582 0.997781 0.0459732 7.36321 0.998772 0.048641 -0.00943972 10.7684 
-0.0117676 0.0426458 -0.999021 -222.789 -0.0453058 0.998041 0.0431377 7.39757 0.998904 0.0457691 -0.00981247 10.7425 
-0.0119984 0.0416075 -0.999062 -223.878 -0.0435179 0.998166 0.0420928 7.4305 0.998981 0.0439822 -0.0101657 10.7165 
-0.0119008 0.0406596 -0.999102 -224.978 -0.0436519 0.998199 0.0411428 7.46339 0.998976 0.0441024 -0.0101045 10.6853 
-0.0116264 0.0405582 -0.99911 -226.083 -0.0436136 0.998206 0.041029 7.4965 0.998981 0.0440518 -0.00983668 10.6557 
-0.0119131 0.0414062 -0.999071 -227.192 -0.0453237 0.998093 0.0419061 7.52845 0.998901 0.0457809 -0.0100136 10.6217 
-0.012369 0.0436463 -0.998971 -228.303 -0.0458599 0.997971 0.0441705 7.56114 0.998871 0.0463591 -0.0103423 10.5864 
-0.0133456 0.0453178 -0.998884 -229.431 -0.0461861 0.997878 0.0458893 7.59833 0.998844 0.046747 -0.0112242 10.5514 
-0.014086 0.046991 -0.998796 -230.573 -0.0470767 0.997756 0.047606 7.6386 0.998792 0.0476907 -0.0118422 10.5141 
-0.0148771 0.0479465 -0.998739 -231.721 -0.0493085 0.997599 0.0486262 7.67904 0.998673 0.0499698 -0.0124772 10.4719 
-0.0157614 0.046518 -0.998793 -232.882 -0.0515131 0.997553 0.0472731 7.7219 0.998548 0.0521961 -0.0133265 10.423 
-0.0168654 0.0420536 -0.998973 -234.047 -0.049946 0.997832 0.0428488 7.75957 0.99861 0.0506174 -0.0147284 10.3813 
-0.0179313 0.0359269 -0.999194 -235.217 -0.0468247 0.998228 0.0367325 7.79632 0.998742 0.0474456 -0.0162173 10.3375 
-0.0199516 0.0316286 -0.999301 -236.402 -0.0420344 0.998589 0.0324453 7.82583 0.998917 0.0426524 -0.018594 10.2961 
-0.0221168 0.0319249 -0.999246 -237.602 -0.0357798 0.998825 0.0327033 7.8526 0.999115 0.0364761 -0.0209486 10.2566 
-0.0244273 0.0361256 -0.999049 -238.81 -0.0311547 0.998834 0.0368795 7.87641 0.999216 0.0320259 -0.0232734 10.2144 
-0.0266156 0.0386517 -0.998898 -240.017 -0.0290106 0.998802 0.039421 7.90483 0.999225 0.0300279 -0.0254624 10.1634 
-0.0285304 0.038108 -0.998866 -241.221 -0.0273077 0.99887 0.0388881 7.93678 0.99922 0.0283863 -0.0274575 10.106 
-0.0307948 0.0388354 -0.998771 -242.432 -0.0274167 0.998836 0.0396833 7.96811 0.99915 0.0286051 -0.0296942 10.0446 
-0.0328314 0.0403904 -0.998644 -243.652 -0.026316 0.998802 0.041262 8.00131 0.999114 0.0276351 -0.0317292 9.98297 
-0.0350897 0.0398877 -0.998588 -244.881 -0.025646 0.998838 0.0407988 8.03677 0.999055 0.0270414 -0.034026 9.9154 
-0.0372415 0.0384905 -0.998565 -246.109 -0.025647 0.998892 0.0394596 8.06896 0.998977 0.0270797 -0.0362131 9.84249 
-0.0397076 0.038133 -0.998483 -247.343 -0.0253621 0.998911 0.039158 8.10136 0.998889 0.0268785 -0.0386972 9.77184 
-0.0420558 0.0392503 -0.998344 -248.584 -0.0259755 0.998847 0.0403643 8.13194 0.998778 0.02763 -0.0409878 9.69536 
-0.0443551 0.0395497 -0.998233 -249.835 -0.026375 0.998821 0.040745 8.16516 0.998668 0.0281357 -0.0432597 9.61556 
-0.0469525 0.0405265 -0.998075 -251.088 -0.0275389 0.998744 0.0418492 8.19809 0.998517 0.0294508 -0.0457775 9.53383 
-0.0492493 0.0422135 -0.997894 -252.352 -0.0295566 0.998607 0.0437024 8.23381 0.998349 0.0316467 -0.047933 9.44557 
-0.0508512 0.042976 -0.997781 -253.608 -0.0311415 0.99852 0.0445949 8.26883 0.998221 0.0333401 -0.0494376 9.35769 
-0.0519638 0.0432639 -0.997711 -254.872 -0.0334981 0.998423 0.0450395 8.3053 0.998087 0.0357619 -0.0504326 9.26625 
-0.0519042 0.0433243 -0.997712 -256.138 -0.0340242 0.998402 0.0451243 8.34156 0.998072 0.0362886 -0.0503472 9.17345 
-0.0521746 0.0422332 -0.997745 -257.402 -0.032935 0.998489 0.043987 8.37654 0.998095 0.0351557 -0.0507048 9.08743 
-0.052087 0.0412466 -0.99779 -258.666 -0.0301037 0.998628 0.0428527 8.41283 0.998189 0.0322693 -0.0507739 9.00392 
-0.0525822 0.0411202 -0.99777 -259.925 -0.0289191 0.99867 0.0426814 8.44489 0.998198 0.0310989 -0.0513231 8.9176 
-0.0525867 0.0415672 -0.997751 -261.184 -0.0286672 0.998659 0.0431159 8.47812 0.998205 0.0308701 -0.0513246 8.8267 
-0.0525701 0.0415777 -0.997751 -262.442 -0.0279609 0.99868 0.0430896 8.51109 0.998226 0.0301633 -0.0513381 8.73922 
-0.0523257 0.0423175 -0.997733 -263.707 -0.0275208 0.998661 0.0438002 8.54388 0.998251 0.0297503 -0.051091 8.64873 
-0.0523939 0.0434848 -0.997679 -264.973 -0.0248614 0.998685 0.0448343 8.5774 0.998317 0.0271528 -0.0512439 8.56156 
-0.052633 0.0460463 -0.997552 -266.23 -0.0204547 0.998677 0.0471775 8.61349 0.998404 0.0228878 -0.0516215 8.48127 
-0.0530414 0.0496056 -0.99736 -267.481 -0.0171044 0.998574 0.0505756 8.6505 0.998446 0.0197418 -0.0521173 8.39963 
-0.0531048 0.0521401 -0.997227 -268.731 -0.0148033 0.998485 0.0529942 8.68964 0.998479 0.0175765 -0.0522525 8.31662 
-0.0530419 0.0505114 -0.997314 -269.965 -0.0152277 0.998563 0.0513845 8.73085 0.998476 0.0179124 -0.0521965 8.22876 
-0.0531139 0.0488722 -0.997392 -271.195 -0.0176603 0.9986 0.0498718 8.77332 0.998432 0.0202632 -0.0521765 8.13717 
-0.053557 0.0516252 -0.997229 -272.432 -0.0235146 0.998321 0.0529445 8.81883 0.998288 0.026285 -0.0522532 8.03737 
-0.053563 0.0574756 -0.996909 -273.678 -0.0289194 0.997834 0.0590827 8.86403 0.998146 0.0319947 -0.0517848 7.93875 
-0.0532618 0.0568258 -0.996962 -274.907 -0.033013 0.997734 0.0586334 8.91254 0.998035 0.0360357 -0.051265 7.84139 
-0.0528404 0.0499897 -0.997351 -276.143 -0.0327031 0.998124 0.0517611 8.96312 0.998067 0.0353516 -0.0511064 7.74805 
-0.053371 0.0445505 -0.997581 -277.372 -0.0295217 0.998497 0.0461709 9.00571 0.998138 0.0319145 -0.0519756 7.66489 
-0.0533253 0.0438553 -0.997614 -278.601 -0.0237379 0.998697 0.0451717 9.04047 0.998295 0.0260901 -0.0522148 7.58524 
-0.0524246 0.0455188 -0.997587 -279.844 -0.0205072 0.998701 0.0466473 9.08041 0.998414 0.0229032 -0.051423 7.51306 
-0.0507957 0.047746 -0.997567 -281.079 -0.0197777 0.998613 0.0488031 9.11522 0.998513 0.0222086 -0.0497809 7.42821 
-0.0496926 0.0499781 -0.997513 -282.313 -0.0209887 0.998474 0.0510718 9.15726 0.998544 0.0234744 -0.0485678 7.34126 
-0.0486288 0.0514063 -0.997493 -283.548 -0.0220552 0.998376 0.052527 9.19905 0.998573 0.0245543 -0.0474161 7.2544 
-0.0480163 0.0525934 -0.997461 -284.778 -0.0226524 0.998299 0.053728 9.23887 0.99859 0.0251748 -0.0467433 7.17642 
-0.0473462 0.0520152 -0.997523 -286.007 -0.0221828 0.998342 0.0531108 9.27927 0.998632 0.0246425 -0.0461139 7.0937 
-0.0471721 0.0502842 -0.99762 -287.235 -0.0228357 0.998417 0.0514041 9.32468 0.998626 0.0252062 -0.0459492 7.01214 
-0.0471213 0.0491008 -0.997682 -288.459 -0.0228022 0.998478 0.050217 9.36678 0.998629 0.0251156 -0.04593 6.93464 
-0.0469775 0.0489225 -0.997697 -289.693 -0.0231721 0.998478 0.0500519 9.40535 0.998627 0.0254701 -0.0457724 6.85129 
-0.0467386 0.0488236 -0.997713 -290.919 -0.0238517 0.998466 0.0499777 9.44515 0.998622 0.0261331 -0.0455024 6.7682 
-0.0467292 0.0491587 -0.997697 -292.151 -0.0243894 0.998434 0.0503373 9.48499 0.99861 0.0266855 -0.0454571 6.6894 
-0.046439 0.0493642 -0.997701 -293.377 -0.0234737 0.998449 0.0504938 9.52392 0.998645 0.0257647 -0.0452082 6.6093 
-0.0464786 0.0477362 -0.997778 -294.607 -0.0231695 0.998537 0.0488518 9.56232 0.998651 0.0253887 -0.0453046 6.527 
-0.0464539 0.0451766 -0.997898 -295.833 -0.0227902 0.998669 0.0462724 9.60094 0.99866 0.0248919 -0.0453625 6.44366 
-0.0468574 0.0422481 -0.998008 -297.055 -0.0238719 0.998773 0.0434013 9.63751 0.998616 0.0258581 -0.0457914 6.35935 
-0.0470875 0.040944 -0.998051 -298.284 -0.0255568 0.998783 0.0421798 9.6709 0.998564 0.0274932 -0.0459838 6.27254 
-0.0476087 0.0409342 -0.998027 -299.517 -0.0287074 0.998691 0.0423308 9.70542 0.998453 0.0306661 -0.0463713 6.18437 
-0.0479303 0.0419109 -0.997971 -300.762 -0.0320737 0.99854 0.0434752 9.74203 0.998336 0.0340924 -0.046516 6.09411 
-0.0481662 0.0427761 -0.997923 -302.007 -0.0358403 0.998365 0.044525 9.77704 0.998196 0.0379105 -0.0465543 6 
-0.0484934 0.0427774 -0.997907 -303.236 -0.0373106 0.998308 0.0446077 9.81035 0.998126 0.0393957 -0.0468152 5.91318 
-0.0489499 0.0405689 -0.997977 -304.477 -0.0371807 0.998408 0.0424101 9.84865 0.998109 0.0391815 -0.0473636 5.82774 
-0.0495588 0.0385729 -0.998026 -305.723 -0.034912 0.998576 0.0403278 9.88158 0.998161 0.0368418 -0.0481416 5.7449 
-0.0506833 0.0382048 -0.997984 -306.968 -0.0321438 0.998688 0.0398642 9.91479 0.998197 0.0340995 -0.0493887 5.6653 
-0.0518198 0.0401425 -0.997849 -308.216 -0.0300378 0.998677 0.0417357 9.94892 0.998205 0.0321359 -0.0505454 5.58458 
