1 2.12261e-08 -2.11895e-08 0 2.12261e-08 1 2.10703e-08 0 -2.11895e-08 2.10703e-08 1 0 
0.999933 -0.00288362 0.0112449 0.012723 0.00287037 0.999995 0.00119882 -0.00674598 -0.0112483 -0.00116642 0.999936 0.290673 
0.99983 -0.00488462 0.0177914 0.0242137 0.00486173 0.999987 0.001332 -0.0109854 -0.0177977 -0.00124523 0.999841 0.58636 
0.999779 -0.00781465 0.0195376 0.0331448 0.00781514 0.99997 5.35165e-05 -0.0149148 -0.0195375 9.92263e-05 0.999809 0.888347 
0.999814 -0.009239 0.0169494 0.0413151 0.00926398 0.999956 -0.00139304 -0.0174156 -0.0169358 0.00154984 0.999855 1.19865 
0.999881 -0.011907 0.00978095 0.0447719 0.0119362 0.999925 -0.00292671 -0.0175244 -0.0097454 0.00304316 0.999948 1.51974 
0.999901 -0.0138013 -0.00281695 0.0375261 0.0137876 0.999893 -0.00480891 -0.0218876 0.00288298 0.00476964 0.999985 1.85064 
0.99972 -0.013128 -0.0197108 0.0178558 0.0130279 0.999902 -0.00520278 -0.0248526 0.0197771 0.00494458 0.999792 2.19317 
0.999184 -0.00873102 -0.0394304 -0.0166772 0.00853251 0.99995 -0.00520095 -0.0310962 0.0394738 0.00486031 0.999209 2.54755 
0.998218 -0.00519452 -0.0594523 -0.0599211 0.00481013 0.999967 -0.00660761 -0.0338455 0.0594845 0.00630991 0.998209 2.9135 
0.996779 -0.00508528 -0.0800416 -0.106384 0.00452417 0.999964 -0.00719046 -0.0363664 0.0800752 0.00680522 0.996766 3.28817 
0.994815 -0.00660115 -0.101488 -0.158659 0.00595204 0.99996 -0.00669782 -0.0379939 0.101528 0.00605907 0.994814 3.67597 
0.992559 -0.00809212 -0.121497 -0.221857 0.00742903 0.999955 -0.00591004 -0.0428514 0.121539 0.00496351 0.992574 4.06959 
0.990195 -0.0071385 -0.139507 -0.298182 0.00648779 0.999966 -0.0051189 -0.0506381 0.139539 0.00416366 0.990208 4.47287 
0.987867 -0.00584543 -0.155191 -0.384788 0.00520175 0.999976 -0.00455372 -0.055 0.155214 0.00369125 0.987874 4.88843 
0.985637 -0.00523442 -0.168795 -0.475868 0.00449187 0.999979 -0.00478093 -0.0620968 0.168817 0.0039541 0.98564 5.3141 
0.983446 -0.0067859 -0.181072 -0.569485 0.00584562 0.999967 -0.00572617 -0.0679302 0.181105 0.00457295 0.983453 5.75281 
0.981586 -0.0103414 -0.190741 -0.66503 0.00897507 0.999928 -0.00802591 -0.0753646 0.19081 0.00616625 0.981608 6.19948 
0.980006 -0.00969325 -0.198732 -0.771846 0.00787328 0.99992 -0.0099463 -0.080921 0.198812 0.00818281 0.980003 6.66461 
0.978463 -0.00926222 -0.206214 -0.886785 0.00699648 0.999907 -0.011714 -0.087941 0.206303 0.010019 0.978437 7.14085 
0.976662 -0.01014 -0.214543 -1.00432 0.00718233 0.999868 -0.014561 -0.0967683 0.214663 0.0126803 0.976606 7.63008 
0.974872 -0.0140095 -0.222324 -1.12857 0.0106291 0.999809 -0.0163944 -0.106045 0.222511 0.0136194 0.974835 8.12841 
0.972923 -0.0203632 -0.230231 -1.25175 0.0167453 0.999704 -0.0176577 -0.118144 0.230522 0.0133243 0.972976 8.64411 
0.970819 -0.0210649 -0.238889 -1.39499 0.0167126 0.999656 -0.0202301 -0.131797 0.239232 0.0156474 0.970836 9.16718 
0.968714 -0.0170329 -0.247594 -1.55227 0.0112913 0.999634 -0.0245914 -0.146419 0.247922 0.0210264 0.968552 9.69341 
0.966506 -0.0140246 -0.256261 -1.72037 0.00718107 0.999593 -0.0276217 -0.164821 0.256544 0.0248564 0.966213 10.235 
0.964159 -0.0166924 -0.264799 -1.88348 0.00922752 0.999525 -0.02941 -0.183992 0.265164 0.0259125 0.963855 10.7942 
0.961747 -0.019544 -0.273241 -2.05428 0.0112713 0.99943 -0.0318134 -0.204009 0.273707 0.0275167 0.96142 11.3586 
0.95945 -0.0192719 -0.281218 -2.2407 0.0100031 0.99936 -0.0343581 -0.227919 0.2817 0.0301519 0.959029 11.9359 
0.957123 -0.0184503 -0.289094 -2.44026 0.00779611 0.999249 -0.0379621 -0.254373 0.289578 0.0340807 0.956548 12.519 
0.954823 -0.0194758 -0.296536 -2.64299 0.00692764 0.999038 -0.0433083 -0.282885 0.297094 0.0392975 0.954039 13.1153 
0.95303 -0.0208411 -0.302159 -2.85226 0.00570234 0.998688 -0.0508982 -0.317517 0.302823 0.0467845 0.951898 13.7222 
0.951694 -0.0216034 -0.306287 -3.0686 0.00371594 0.998259 -0.0588643 -0.35738 0.307025 0.0548827 0.950118 14.335 
0.950419 -0.0217093 -0.310214 -3.29112 0.000715482 0.99771 -0.0676294 -0.39983 0.310972 0.0640543 0.948258 14.9595 
0.949089 -0.0211006 -0.314302 -3.52498 -0.00317869 0.997062 -0.0765361 -0.450563 0.314993 0.0736387 0.946233 15.5984 
0.947703 -0.0206907 -0.318483 -3.76136 -0.00627391 0.996496 -0.0834081 -0.507414 0.319093 0.0810442 0.944252 16.2424 
0.946105 -0.0191147 -0.323296 -4.0087 -0.0105904 0.995897 -0.089874 -0.572156 0.323687 0.0884542 0.94202 16.8916 
0.944473 -0.0180589 -0.328094 -4.26324 -0.0142024 0.995312 -0.0956679 -0.640491 0.328283 0.0950155 0.939788 17.5624 
0.94283 -0.0158989 -0.332896 -4.52688 -0.0189804 0.994679 -0.101262 -0.711242 0.332734 0.101791 0.937511 18.2353 
0.941076 -0.0132418 -0.337937 -4.80055 -0.0235516 0.994241 -0.104544 -0.785143 0.337375 0.106343 0.935344 18.9263 
0.939306 -0.012174 -0.342865 -5.0797 -0.0257431 0.994052 -0.105821 -0.866963 0.342113 0.108225 0.933406 19.6222 
0.937087 -0.0117796 -0.348899 -5.36509 -0.0265313 0.994137 -0.104823 -0.952866 0.348088 0.107485 0.93128 20.3331 
0.934788 -0.0113067 -0.355027 -5.659 -0.0272147 0.994276 -0.103322 -1.03742 0.354163 0.106246 0.929129 21.0517 
0.932199 -0.011408 -0.361768 -5.95739 -0.0272114 0.994466 -0.101478 -1.12218 0.360923 0.104442 0.926729 21.7688 
0.928968 -0.0105541 -0.37001 -6.26938 -0.0279292 0.994746 -0.0984946 -1.20476 0.369105 0.101832 0.923792 22.5011 
0.92564 -0.00846525 -0.378311 -6.59357 -0.0288936 0.99525 -0.0929661 -1.28471 0.377301 0.0969839 0.920998 23.2385 
0.922069 -0.00502581 -0.386993 -6.93186 -0.0314182 0.995644 -0.087789 -1.36608 0.385748 0.0931062 0.917894 23.9862 
0.918502 -0.00140675 -0.395414 -7.29817 -0.0345931 0.995874 -0.083899 -1.44137 0.3939 0.09074 0.914663 24.7511 
0.914699 -0.000541363 -0.404135 -7.6561 -0.0357577 0.995969 -0.0822665 -1.51463 0.402551 0.0897001 0.910992 25.505 
0.910668 -0.000612999 -0.41314 -8.02404 -0.0364602 0.995978 -0.0818458 -1.58662 0.411528 0.0895975 0.906982 26.2655 
0.906792 -0.000796625 -0.421577 -8.40189 -0.0365504 0.996084 -0.0805006 -1.65944 0.41999 0.0884062 0.903212 27.0285 
0.902808 3.45702e-05 -0.430044 -8.79229 -0.0376141 0.996174 -0.0788847 -1.73118 0.428396 0.0873935 0.899355 27.8007 
0.898893 -0.00116584 -0.438167 -9.19077 -0.0360605 0.996407 -0.0766288 -1.80364 0.436682 0.0846816 0.895622 28.5812 
0.895044 -0.000520121 -0.445977 -9.60599 -0.0356295 0.99672 -0.0726683 -1.87317 0.444552 0.0809313 0.892089 29.3664 
0.891288 0.00179903 -0.453433 -10.0317 -0.0361422 0.997092 -0.0670867 -1.9402 0.451994 0.0761818 0.888762 30.1599 
0.887473 0.00186428 -0.460856 -10.4674 -0.0347691 0.997413 -0.0629202 -2.0089 0.459547 0.0718636 0.885242 30.9556 
0.883582 0.000777778 -0.468277 -10.9098 -0.0332918 0.997573 -0.0611607 -2.07305 0.467093 0.0696303 0.881463 31.7628 
0.880316 -0.000126773 -0.474389 -11.3713 -0.0322454 0.997671 -0.060104 -2.13335 0.473291 0.0682074 0.878261 32.5788 
0.877139 -3.4134e-05 -0.480236 -11.8438 -0.0319422 0.997781 -0.0584125 -2.19023 0.479173 0.0665758 0.875192 33.4013 
0.874053 -0.00173555 -0.485828 -12.3246 -0.0298565 0.997912 -0.0572798 -2.25099 0.484913 0.0645708 0.872176 34.2364 
0.87132 -0.00296333 -0.490707 -12.8159 -0.0288786 0.997939 -0.0573046 -2.31287 0.489865 0.0641017 0.869438 35.0764 
0.869293 -0.00368879 -0.494283 -13.3199 -0.0287028 0.997908 -0.0579269 -2.3736 0.493462 0.0645429 0.867369 35.9166 
0.867925 -0.00314019 -0.496686 -13.8324 -0.0298205 0.997847 -0.0584181 -2.43541 0.495799 0.065514 0.865962 36.7682 
0.867385 -0.00332816 -0.497627 -14.3507 -0.0291969 0.997915 -0.0575656 -2.49899 0.496781 0.0644608 0.865479 37.6298 
0.867125 -0.00308552 -0.498082 -14.8808 -0.0286406 0.998017 -0.0560438 -2.56181 0.497267 0.0628623 0.865317 38.5145 
0.866781 -0.00453341 -0.498669 -15.4172 -0.0267473 0.998097 -0.0555656 -2.62628 0.497972 0.0615012 0.86501 39.4084 
0.866151 -0.00655639 -0.499739 -15.9599 -0.0250074 0.998093 -0.0564376 -2.69051 0.499156 0.0613807 0.864335 40.3089 
0.86488 -0.00891354 -0.501899 -16.5019 -0.0226635 0.998129 -0.0567805 -2.7564 0.501467 0.0604832 0.86306 41.2162 
0.863174 -0.0094615 -0.504818 -17.0581 -0.0211214 0.998273 -0.0548249 -2.8225 0.504465 0.0579859 0.861483 42.1389 
0.861034 -0.00914356 -0.508465 -17.6215 -0.0195118 0.998508 -0.0509971 -2.89025 0.508173 0.0538314 0.859571 43.0602 
0.858096 -0.00956009 -0.5134 -18.1881 -0.0169706 0.998753 -0.0469625 -2.95466 0.513209 0.0490111 0.856863 43.9719 
0.853997 -0.00985713 -0.520185 -18.7597 -0.0159655 0.998853 -0.0451385 -3.01927 0.520033 0.0468532 0.85286 44.8738 
0.848638 -0.0134129 -0.528804 -19.3381 -0.0137508 0.998781 -0.0474013 -3.08346 0.528796 0.0474981 0.847419 45.7707 
0.842485 -0.0171794 -0.538446 -19.9258 -0.0120787 0.998638 -0.0507611 -3.14546 0.538585 0.0492692 0.84113 46.6611 
0.836223 -0.0175707 -0.548108 -20.5333 -0.0118074 0.998678 -0.0500286 -3.21123 0.548263 0.0483069 0.83491 47.5442 
0.830403 -0.0141381 -0.556984 -21.1485 -0.0131583 0.998902 -0.044973 -3.27468 0.557008 0.0446747 0.829304 48.4206 
0.825205 -0.00971857 -0.56475 -21.7795 -0.0160652 0.999044 -0.0406664 -3.33464 0.564605 0.042631 0.824259 49.2992 
0.821092 -0.00983931 -0.570711 -22.416 -0.0173256 0.998961 -0.0421492 -3.39258 0.570533 0.0444963 0.820068 50.1751 
0.817662 -0.0121927 -0.575569 -23.0538 -0.0178442 0.998759 -0.0465072 -3.44968 0.575422 0.0482979 0.81643 51.0452 
0.814533 -0.0144568 -0.579938 -23.6957 -0.0204798 0.99835 -0.0536512 -3.51245 0.579756 0.0555777 0.812892 51.9037 
0.811334 -0.0157218 -0.584372 -24.3356 -0.0205414 0.998254 -0.0553762 -3.57607 0.584223 0.0569325 0.809594 52.76 
0.807849 -0.0143095 -0.589216 -24.991 -0.0198255 0.99848 -0.0514307 -3.64472 0.589056 0.0532297 0.806337 53.6235 
0.804563 -0.011615 -0.593754 -25.6482 -0.0197782 0.99873 -0.0463376 -3.70992 0.593538 0.049025 0.803311 54.4837 
0.801479 -0.00989229 -0.597941 -26.3082 -0.019951 0.998864 -0.0432674 -3.77204 0.59769 0.0466075 0.800371 55.3313 
0.798312 -0.00958981 -0.602168 -26.9755 -0.0210167 0.998821 -0.0437692 -3.83106 0.601877 0.0475971 0.797169 56.1754 
0.794741 -0.0109847 -0.60685 -27.6448 -0.0210352 0.998737 -0.0456265 -3.89089 0.606585 0.0490265 0.793506 57.0193 
0.790582 -0.0137636 -0.612202 -28.3201 -0.0200593 0.998629 -0.0483555 -3.95061 0.612028 0.0505094 0.789222 57.8623 
0.786286 -0.01479 -0.617686 -29.0055 -0.0194974 0.998622 -0.0487305 -4.0135 0.617555 0.0503595 0.784914 58.7 
0.781777 -0.0150376 -0.623377 -29.7075 -0.0189194 0.998677 -0.0478178 -4.07768 0.623271 0.0491768 0.780458 59.5422 
0.776824 -0.0147298 -0.629545 -30.4087 -0.0191871 0.998709 -0.0470432 -4.1438 0.629425 0.0486235 0.775538 60.3711 
0.771452 -0.0159921 -0.636086 -31.1182 -0.0189884 0.99866 -0.0481372 -4.20721 0.636004 0.0492138 0.770115 61.1976 
0.76595 -0.0174229 -0.642665 -31.8362 -0.0184385 0.998626 -0.0490487 -4.27234 0.642636 0.0494187 0.764576 62.0231 
0.760323 -0.0191196 -0.649264 -32.5653 -0.0175426 0.998598 -0.0499502 -4.33629 0.649309 0.0493681 0.758921 62.8424 
0.754577 -0.020699 -0.655885 -33.3084 -0.0170772 0.998545 -0.0511598 -4.40035 0.655989 0.0498047 0.753125 63.6659 
0.748309 -0.0226688 -0.662963 -34.0542 -0.0159857 0.998509 -0.0521859 -4.46806 0.663158 0.0496492 0.746831 64.4865 
0.742111 -0.0241951 -0.66984 -34.8112 -0.0146398 0.998525 -0.0522867 -4.53458 0.670117 0.0486089 0.740662 65.2953 
0.735605 -0.0241917 -0.676978 -35.5715 -0.0137167 0.998625 -0.0505903 -4.60413 0.677271 0.0465005 0.734262 66.0989 
0.729203 -0.0246855 -0.683853 -36.3567 -0.0131537 0.998659 -0.0500753 -4.67123 0.684171 0.0455103 0.7279 66.9024 
0.722633 -0.0268299 -0.690711 -37.1584 -0.0115458 0.998639 -0.0508705 -4.74016 0.691135 0.0447355 0.72134 67.7075 
0.716239 -0.0283249 -0.69728 -37.9564 -0.0119132 0.998534 -0.0527996 -4.80975 0.697753 0.046124 0.714852 68.4954 
0.710082 -0.0279676 -0.703563 -38.7662 -0.0126244 0.998545 -0.0524349 -4.87968 0.704006 0.0461152 0.708696 69.2775 
0.704613 -0.0274483 -0.709061 -39.5836 -0.0129211 0.99859 -0.0514962 -4.95256 0.709474 0.0454468 0.703264 70.0621 
0.69958 -0.0270285 -0.714043 -40.4192 -0.0140363 0.998572 -0.0515508 -5.02217 0.714417 0.0460865 0.698201 70.8444 
0.694882 -0.0277977 -0.718586 -41.2537 -0.0144635 0.99851 -0.0526127 -5.09214 0.718978 0.0469529 0.693445 71.6151 
0.689527 -0.0297304 -0.723649 -42.1021 -0.0151046 0.99835 -0.0554086 -5.16214 0.724102 0.0491362 0.68794 72.3959 
0.684487 -0.0324612 -0.728302 -42.9676 -0.0146433 0.998194 -0.058253 -5.23519 0.728878 0.0505382 0.682775 73.1765 
0.679386 -0.0329048 -0.733043 -43.8436 -0.0151711 0.998151 -0.0588656 -5.31331 0.733625 0.0511136 0.67763 73.9517 
0.674545 -0.0324916 -0.737518 -44.72 -0.0148327 0.998233 -0.0575436 -5.39078 0.738085 0.0497552 0.672871 74.719 
0.669533 -0.0327206 -0.742062 -45.6131 -0.0139716 0.998298 -0.0566251 -5.46683 0.742651 0.0482802 0.667936 75.49 
0.664279 -0.0341698 -0.746703 -46.5042 -0.0127734 0.99829 -0.0570461 -5.54583 0.747376 0.0474325 0.662706 76.2557 
0.659571 -0.0355091 -0.750803 -47.4096 -0.0115848 0.998285 -0.0573908 -5.62022 0.751553 0.0465512 0.658028 77.0194 
0.65508 -0.0363629 -0.754684 -48.3229 -0.0106413 0.998298 -0.0573378 -5.69617 0.755485 0.0455917 0.653578 77.7835 
0.651006 -0.0374005 -0.758151 -49.2378 -0.00924406 0.998321 -0.0571861 -5.77676 0.759016 0.0442369 0.649567 78.5368 
0.647092 -0.0403142 -0.761345 -50.1618 -0.00639047 0.998279 -0.0582916 -5.86017 0.762385 0.0425854 0.645721 79.2925 
0.642883 -0.0449628 -0.764644 -51.0911 -0.00325119 0.998106 -0.0614245 -5.94235 0.765958 0.0419748 0.641519 80.0477 
0.638203 -0.0489236 -0.768312 -52.0203 0.000777199 0.998019 -0.062905 -6.02634 0.769868 0.0395491 0.636977 80.7941 
0.631489 -0.0525317 -0.773604 -52.9622 0.00570893 0.99799 -0.0631086 -6.11206 0.775364 0.035436 0.630519 81.5418 
0.623109 -0.0562046 -0.780113 -53.9157 0.0102839 0.997917 -0.0636825 -6.19971 0.782068 0.0316586 0.622389 82.285 
0.614035 -0.0572851 -0.787197 -54.8886 0.0130001 0.997961 -0.0624822 -6.2847 0.789172 0.0281327 0.613528 83.025 
0.605256 -0.0558956 -0.794066 -55.8831 0.0133926 0.998106 -0.0600502 -6.37183 0.795918 0.0257112 0.604858 83.7552 
0.596194 -0.0555993 -0.800913 -56.882 0.012663 0.998126 -0.0598636 -6.45917 0.80274 0.0255484 0.595781 84.4717 
0.586516 -0.057048 -0.807926 -57.8891 0.0117228 0.99801 -0.0619597 -6.54156 0.809853 0.0268693 0.586018 85.1777 
0.576589 -0.0592757 -0.814881 -58.9086 0.0120928 0.997875 -0.0640304 -6.63025 0.816945 0.0270651 0.576081 85.8665 
0.566539 -0.0610602 -0.82177 -59.9493 0.0126754 0.997779 -0.0653997 -6.72115 0.823938 0.0266352 0.566054 86.5646 
0.556459 -0.0617317 -0.828579 -61.0052 0.0152544 0.997827 -0.0640967 -6.8126 0.830735 0.0230278 0.556191 87.2522 
0.546095 -0.0618137 -0.835439 -62.068 0.0163667 0.997871 -0.0631336 -6.90521 0.837563 0.0208036 0.545944 87.9259 
0.535636 -0.0625592 -0.842129 -63.1327 0.0167312 0.997843 -0.0634848 -6.99848 0.844283 0.019915 0.535527 88.5819 
0.525343 -0.0636996 -0.848503 -64.2031 0.0158398 0.997753 -0.0650972 -7.08688 0.850743 0.0207583 0.525172 89.2216 
0.515133 -0.0642627 -0.854698 -65.2907 0.0144275 0.997694 -0.0663188 -7.18193 0.856989 0.0218319 0.514872 89.8515 
0.505153 -0.0654875 -0.860542 -66.3832 0.0134582 0.997593 -0.068017 -7.2775 0.862925 0.0227777 0.504818 90.4698 
0.495602 -0.0652833 -0.866093 -67.486 0.0122291 0.997597 -0.0681979 -7.37584 0.868464 0.0232076 0.495209 91.0715 
0.486874 -0.0632427 -0.87118 -68.6028 0.0114566 0.997752 -0.0660284 -7.47463 0.873397 0.0221668 0.486504 91.6672 
0.478627 -0.0616993 -0.875848 -69.7275 0.0120871 0.997896 -0.0636918 -7.5728 0.877935 0.0198983 0.478366 92.2633 
0.470793 -0.0619836 -0.880064 -70.8558 0.0122097 0.997891 -0.0637507 -7.67031 0.882159 0.0192681 0.470557 92.8432 
0.463054 -0.0651632 -0.883932 -71.9926 0.0139692 0.997706 -0.0662328 -7.7645 0.88622 0.0183216 0.462902 93.4195 
0.455925 -0.0686431 -0.887367 -73.1348 0.016793 0.997507 -0.0685349 -7.8651 0.88986 0.0163452 0.455941 93.9901 
0.449646 -0.0714812 -0.890342 -74.2866 0.0177309 0.997311 -0.0711146 -7.96712 0.893031 0.0161899 0.449704 94.5511 
0.443941 -0.0751705 -0.892897 -75.4448 0.0198417 0.997055 -0.0740741 -8.07281 0.895836 0.0151679 0.444125 95.1145 
0.439001 -0.0762701 -0.895244 -76.5895 0.0227435 0.997015 -0.0737878 -8.18269 0.898199 0.012032 0.439425 95.6589 
0.434529 -0.0736418 -0.897642 -77.7412 0.0243688 0.997248 -0.070017 -8.29305 0.900328 0.00855003 0.435128 96.2018 
0.430371 -0.0717783 -0.899794 -78.8936 0.0275583 0.997414 -0.0663845 -8.39807 0.902231 0.00377324 0.431236 96.7406 
0.426905 -0.0711353 -0.901494 -80.0398 0.0295205 0.997466 -0.0647288 -8.50572 0.903815 0.00102058 0.427923 97.2658 
0.423695 -0.0711285 -0.903008 -81.1892 0.0312976 0.997466 -0.0638839 -8.60534 0.905264 -0.00119462 0.424848 97.793 
0.420944 -0.070357 -0.904354 -82.3395 0.0331521 0.997515 -0.0621736 -8.70094 0.906481 -0.00380961 0.42223 98.3174 
0.418334 -0.0698356 -0.905605 -83.4792 0.0352261 0.997537 -0.0606527 -8.79588 0.90761 -0.00652775 0.419764 98.8307 
0.416072 -0.0708539 -0.906567 -84.6248 0.0378502 0.997445 -0.0605851 -8.89097 0.908544 -0.00910598 0.41769 99.3397 
0.413483 -0.0717421 -0.907681 -85.7515 0.0410364 0.997346 -0.0601355 -8.9812 0.909587 -0.0123829 0.41533 99.8446 
0.411237 -0.0713103 -0.908735 -86.8817 0.0446286 0.997315 -0.0580652 -9.06961 0.910435 -0.016677 0.413315 100.34 
0.409028 -0.0706695 -0.909781 -87.9991 0.046546 0.997315 -0.0565423 -9.1591 0.911334 -0.0192193 0.411219 100.83 
0.407002 -0.0719237 -0.910591 -89.1001 0.0489508 0.99718 -0.0568837 -9.2503 0.912115 -0.0214223 0.409375 101.312 
0.405706 -0.0733057 -0.911059 -90.1917 0.0503025 0.997059 -0.057825 -9.33826 0.912618 -0.0223685 0.4082 101.783 
0.404915 -0.0745212 -0.911312 -91.2687 0.0504387 0.996976 -0.0591153 -9.42809 0.912962 -0.0220287 0.40745 102.248 
0.405247 -0.0754477 -0.911089 -92.335 0.0497195 0.996933 -0.0604415 -9.51672 0.912854 -0.0208051 0.407756 102.705 
0.407359 -0.0754328 -0.910148 -93.3884 0.0480019 0.996974 -0.0611445 -9.6077 0.912006 -0.018781 0.409747 103.159 
0.411475 -0.0757471 -0.908268 -94.4278 0.0461084 0.996995 -0.062258 -9.69763 0.910254 -0.0162611 0.413731 103.616 
0.416485 -0.0762626 -0.905938 -95.4441 0.0449314 0.996984 -0.0632707 -9.78877 0.908031 -0.0143537 0.418656 104.062 
0.422277 -0.0765255 -0.903231 -96.4666 0.0445632 0.996978 -0.063634 -9.87678 0.905371 -0.0133796 0.424411 104.523 
0.429202 -0.0752905 -0.900065 -97.4774 0.0433435 0.997088 -0.0627379 -9.96605 0.902168 -0.0120847 0.431216 104.985 
0.437248 -0.0742793 -0.896268 -98.4775 0.0422976 0.997179 -0.0620073 -10.052 0.898346 -0.0107974 0.439157 105.451 
0.445988 -0.0740615 -0.891969 -99.4768 0.0421875 0.997202 -0.0617053 -10.1359 0.894044 -0.0101101 0.447865 105.933 
0.455299 -0.073771 -0.887277 -100.465 0.04189 0.997233 -0.0614176 -10.2216 0.889353 -0.00920458 0.45713 106.424 
0.464947 -0.0747456 -0.882178 -101.445 0.0412395 0.997177 -0.0627543 -10.3071 0.884378 -0.00720308 0.466716 106.922 
0.475345 -0.0761231 -0.8765 -102.414 0.0396258 0.997091 -0.0651065 -10.3951 0.878907 -0.0037839 0.476979 107.429 
0.486666 -0.0772208 -0.870169 -103.37 0.0381207 0.997014 -0.0671573 -10.4808 0.872756 -0.000488217 0.488156 107.946 
0.499239 -0.0754483 -0.863173 -104.326 0.0359399 0.997148 -0.0663719 -10.569 0.865719 0.00211316 0.500527 108.469 
0.51204 -0.0730523 -0.85585 -105.27 0.0346327 0.997323 -0.0644079 -10.6559 0.858263 0.00333907 0.513199 109.01 
0.524177 -0.0704463 -0.848691 -106.191 0.0338022 0.997508 -0.0619218 -10.7427 0.850938 0.00377036 0.525252 109.562 
0.535678 -0.0698951 -0.841525 -107.103 0.0343965 0.997547 -0.0609587 -10.8316 0.843722 0.00370878 0.536768 110.129 
0.547167 -0.070504 -0.834049 -107.996 0.0348835 0.997501 -0.0614362 -10.9156 0.836296 0.00452146 0.54826 110.694 
0.558041 -0.0713242 -0.826743 -108.878 0.0347535 0.997434 -0.0625918 -10.9971 0.829086 0.00619663 0.559087 111.275 
0.568763 -0.073065 -0.81925 -109.746 0.0372504 0.997313 -0.0630846 -11.0819 0.821658 0.00536288 0.569956 111.867 
0.579266 -0.0728961 -0.811873 -110.602 0.0378343 0.997324 -0.0625528 -11.1656 0.81426 0.0055181 0.580474 112.467 
0.58962 -0.0706836 -0.804582 -111.442 0.0371311 0.997482 -0.0604195 -11.246 0.806827 0.00574957 0.59076 113.068 
0.599276 -0.0678058 -0.797665 -112.271 0.0375655 0.997691 -0.0565865 -11.3299 0.79966 0.00394628 0.60044 113.681 
0.609113 -0.0660734 -0.790326 -113.079 0.0364964 0.997803 -0.0552908 -11.4065 0.792243 0.00483431 0.610186 114.292 
0.619206 -0.0656912 -0.782476 -113.877 0.0349888 0.997813 -0.0560814 -11.4813 0.784449 0.0073481 0.62015 114.902 
0.628688 -0.0657162 -0.774876 -114.661 0.0335196 0.997787 -0.0574253 -11.5517 0.776935 0.0101292 0.6295 115.514 
0.637647 -0.0652385 -0.767561 -115.423 0.0337197 0.997816 -0.0567965 -11.6263 0.769591 0.0103342 0.638454 116.141 
0.646635 -0.0634551 -0.760156 -116.176 0.0338628 0.99794 -0.0544987 -11.6979 0.762048 0.00949977 0.647451 116.764 
0.654961 -0.0617045 -0.753139 -116.915 0.0341115 0.998059 -0.052106 -11.765 0.754892 0.00843676 0.655794 117.406 
0.663099 -0.0612115 -0.746025 -117.637 0.0345842 0.998092 -0.0511538 -11.833 0.747733 0.00811933 0.66395 118.034 
0.670999 -0.0606057 -0.738978 -118.349 0.0337973 0.998118 -0.0511703 -11.8993 0.740688 0.00935985 0.671784 118.66 
0.678238 -0.0596886 -0.732414 -119.044 0.0333397 0.998169 -0.050473 -11.9623 0.734085 0.00981431 0.678986 119.292 
0.685308 -0.057095 -0.726012 -119.735 0.0326792 0.998329 -0.0476635 -12.0225 0.72752 0.00893872 0.686028 119.934 
0.692467 -0.0544576 -0.719391 -120.414 0.0318599 0.998483 -0.0449172 -12.0829 0.720745 0.00818401 0.693152 120.581 
0.699569 -0.0531187 -0.712588 -121.085 0.0311242 0.998552 -0.0438799 -12.1408 0.713887 0.00851839 0.700209 121.229 
0.706893 -0.0523192 -0.705383 -121.728 0.0305136 0.998588 -0.0434877 -12.1952 0.706662 0.00921741 0.707491 121.872 
0.714502 -0.0494566 -0.697883 -122.364 0.0281281 0.998723 -0.0419782 -12.2507 0.699068 0.0103634 0.71498 122.522 
0.723507 -0.0468407 -0.688726 -122.989 0.0276102 0.998861 -0.0389287 -12.3025 0.689764 0.00914942 0.723976 123.171 
0.73318 -0.0428679 -0.678682 -123.595 0.0256719 0.999045 -0.0353698 -12.3513 0.67955 0.0085094 0.73358 123.815 
0.743382 -0.0406393 -0.667632 -124.182 0.0239227 0.999129 -0.0341808 -12.3992 0.66844 0.00943791 0.743707 124.454 
0.753536 -0.0400672 -0.656185 -124.763 0.0227491 0.999132 -0.0348839 -12.4421 0.657013 0.0113587 0.753793 125.109 
0.763716 -0.041179 -0.644237 -125.36 0.02308 0.999067 -0.036499 -12.4924 0.645139 0.013006 0.763954 125.773 
0.77389 -0.0404956 -0.632024 -125.927 0.0229315 0.999091 -0.0359359 -12.5283 0.632905 0.0133172 0.774115 126.453 
0.78435 -0.0386618 -0.619113 -126.455 0.0224703 0.999172 -0.033928 -12.5742 0.619912 0.0126998 0.784569 127.111 
0.794621 -0.0363856 -0.606015 -126.973 0.0222951 0.999278 -0.0307636 -12.6146 0.606696 0.0109343 0.794858 127.776 
0.804444 -0.0352039 -0.592985 -127.482 0.022879 0.999338 -0.0282902 -12.6505 0.593588 0.00919103 0.804717 128.46 
0.813799 -0.0336917 -0.580169 -127.993 0.0234186 0.999408 -0.0251888 -12.6873 0.580674 0.00691194 0.814107 129.163 
0.822111 -0.0328003 -0.568381 -128.483 0.0240885 0.999449 -0.0228348 -12.7222 0.568817 0.00508135 0.822448 129.859 
0.829543 -0.033327 -0.557447 -128.977 0.0259526 0.99944 -0.0211312 -12.7504 0.557839 0.00306209 0.829943 130.594 
0.836284 -0.033055 -0.547299 -129.474 0.0260519 0.999449 -0.0205554 -12.7835 0.547677 0.002932 0.836685 131.341 
0.843279 -0.0321721 -0.536512 -129.962 0.0252059 0.999476 -0.0203157 -12.8199 0.536885 0.00360852 0.843648 132.073 
0.850031 -0.0303261 -0.52586 -130.421 0.0237782 0.999533 -0.0192062 -12.8499 0.526196 0.00382191 0.850355 132.804 
0.856454 -0.0293316 -0.515389 -130.864 0.0230956 0.999562 -0.0185074 -12.8802 0.515706 0.00394758 0.856756 133.526 
0.862555 -0.029768 -0.505087 -131.303 0.0237618 0.99955 -0.0183312 -12.9088 0.505405 0.00380994 0.862874 134.253 
0.867845 -0.031109 -0.495861 -131.752 0.024908 0.999507 -0.0191131 -12.9365 0.496211 0.00423635 0.868192 135.006 
0.872333 -0.031214 -0.487915 -132.194 0.0249724 0.999502 -0.0192948 -12.9673 0.488274 0.00464713 0.872678 135.771 
0.875636 -0.0301096 -0.482032 -132.603 0.0243124 0.999537 -0.0182703 -12.9981 0.482359 0.00427886 0.875963 136.532 
0.878707 -0.0281388 -0.476532 -133.031 0.0240654 0.999603 -0.01465 -13.0246 0.476755 0.00140518 0.879035 137.313 
0.881871 -0.0241616 -0.47087 -133.468 0.0218798 0.999707 -0.0103201 -13.0458 0.470982 -0.00120154 0.882142 138.113 
0.885373 -0.0211563 -0.4644 -133.92 0.0200342 0.999772 -0.00735099 -13.069 0.464449 -0.00279545 0.885595 138.938 
0.888707 -0.018493 -0.458103 -134.364 0.0182222 0.999821 -0.00501091 -13.0889 0.458114 -0.00389437 0.888885 139.768 
0.891956 -0.0168358 -0.451809 -134.797 0.0175019 0.999843 -0.00270532 -13.1015 0.451783 -0.00549444 0.892111 140.6 
0.895194 -0.0155026 -0.445407 -135.229 0.0174515 0.999848 0.000274432 -13.1106 0.445334 -0.00801863 0.895328 141.462 
0.898499 -0.0156991 -0.438695 -135.655 0.0186283 0.999824 0.00237328 -13.1177 0.43858 -0.0103045 0.898633 142.331 
0.902033 -0.0157614 -0.431379 -136.088 0.0192558 0.999808 0.00373444 -13.1311 0.431237 -0.0116751 0.902163 143.224 
0.905885 -0.0162255 -0.423213 -136.536 0.019744 0.999797 0.00393096 -13.1348 0.423063 -0.0119169 0.906022 144.139 
0.909824 -0.0188679 -0.414565 -136.956 0.0223732 0.999743 0.00360056 -13.1427 0.41439 -0.012551 0.910013 145.049 
0.913842 -0.020572 -0.405549 -137.364 0.0236465 0.999717 0.00257181 -13.1478 0.405382 -0.01194 0.91407 145.983 
0.918452 -0.0217041 -0.394937 -137.769 0.0239658 0.999713 0.00079402 -13.1588 0.394806 -0.0101942 0.918708 146.911 
0.924088 -0.0201298 -0.38165 -138.19 0.0218716 0.999761 0.000226001 -13.1649 0.381554 -0.0085561 0.924307 147.868 
0.930437 -0.0168114 -0.366066 -138.589 0.0186449 0.999825 0.00147362 -13.1667 0.365978 -0.00819633 0.930588 148.857 
0.937437 -0.0130914 -0.34791 -138.979 0.0157695 0.999864 0.00486675 -13.1763 0.347799 -0.0100486 0.937515 149.85 
0.944425 -0.00993645 -0.328577 -139.345 0.0128841 0.999894 0.00679486 -13.1836 0.328475 -0.0106506 0.944453 150.869 
0.951364 -0.00882239 -0.307944 -139.689 0.0117756 0.999901 0.00773288 -13.1843 0.307845 -0.010983 0.951373 151.885 
0.957893 -0.00756474 -0.287026 -140.019 0.0107824 0.999896 0.00963119 -13.1859 0.286923 -0.0123204 0.957874 152.951 
0.963997 -0.00690891 -0.265825 -140.325 0.010654 0.999863 0.0126489 -13.1855 0.265701 -0.0150256 0.963938 154.009 
0.969732 -0.00445586 -0.244132 -140.628 0.00879712 0.999822 0.0166948 -13.1849 0.244014 -0.0183371 0.969598 155.117 
0.974988 -0.00230176 -0.222245 -140.903 0.00720445 0.999748 0.0212515 -13.1759 0.22214 -0.0223211 0.974759 156.237 
0.979811 -0.000538418 -0.199927 -141.2 0.00558625 0.99968 0.0246849 -13.1536 0.19985 -0.0253033 0.9795 157.419 
0.983992 0.000787705 -0.178209 -141.424 0.00371625 0.999682 0.0249379 -13.1398 0.178172 -0.025201 0.983677 158.562 
0.987689 -2.46552e-05 -0.15643 -141.638 0.00370087 0.999724 0.0232093 -13.118 0.156386 -0.0235025 0.987416 159.739 
0.990802 -5.93888e-05 -0.13532 -141.873 0.00313468 0.999742 0.0225128 -13.0869 0.135284 -0.0227299 0.990546 160.988 
0.993347 -0.00126579 -0.115155 -142.037 0.00413638 0.999687 0.0246922 -13.0648 0.115088 -0.0250042 0.993041 162.188 
0.99544 -0.000627321 -0.0953919 -142.18 0.00319754 0.999636 0.0267929 -13.0563 0.0953403 -0.0269757 0.995079 163.44 
0.997158 -0.000137203 -0.0753425 -142.281 0.00226261 0.999602 0.0281248 -13.0379 0.0753086 -0.0282152 0.996761 164.656 
0.998464 0.00138008 -0.0553905 -142.362 0.0002344 0.999576 0.0291294 -13.0166 0.0554072 -0.0290976 0.99804 165.896 
0.999382 0.00191931 -0.0351029 -142.41 -0.000856762 0.999542 0.0302585 -13.0133 0.0351448 -0.0302096 0.998926 167.245 
0.999883 0.00419778 -0.0146931 -142.446 -0.00375206 0.999536 0.0302293 -12.9991 0.0148132 -0.0301706 0.999435 168.618 
0.999973 0.00537129 0.00509191 -142.47 -0.00551942 0.999548 0.0295453 -12.9766 -0.00493095 -0.0295725 0.999551 169.91 
0.999682 0.00530933 0.0246522 -142.452 -0.00599012 0.9996 0.0276264 -12.9588 -0.0244957 -0.0277652 0.999314 171.27 
0.999045 0.0073127 0.0430816 -142.366 -0.00841459 0.999641 0.0254523 -12.941 -0.0428801 -0.0257904 0.998747 172.654 
0.998023 0.00745458 0.0624006 -142.318 -0.00896471 0.999673 0.0239564 -12.9215 -0.0622016 -0.0244684 0.997764 174.073 
0.996678 0.00759214 0.0810844 -142.203 -0.00934941 0.999729 0.021315 -12.9132 -0.0809007 -0.0220023 0.996479 175.493 
0.995027 0.00861197 0.0992355 -142.04 -0.0102885 0.999813 0.0163955 -12.9112 -0.0990758 -0.0173349 0.994929 176.908 
0.993072 0.0100383 0.11708 -141.893 -0.0112872 0.999886 0.0100098 -12.9088 -0.116966 -0.0112619 0.993072 178.294 
0.990824 0.0120062 0.134622 -141.734 -0.0128216 0.999904 0.0051921 -12.9075 -0.134546 -0.00687048 0.990884 179.707 
0.988283 0.0139333 0.151996 -141.539 -0.0142812 0.999897 0.0011976 -12.9107 -0.151964 -0.00335421 0.98838 181.104 
0.985268 0.0160922 0.170259 -141.354 -0.0161353 0.999869 -0.00113042 -12.942 -0.170255 -0.00163338 0.985399 182.581 
0.982138 0.0153399 0.187535 -141.117 -0.0155161 0.99988 -0.000528341 -12.9619 -0.187521 -0.00239087 0.982258 183.961 
0.978827 0.0144377 0.204181 -140.765 -0.0145482 0.999894 -0.000959472 -12.9838 -0.204173 -0.00203128 0.978933 185.489 
0.975264 0.0141225 0.22059 -140.416 -0.0131674 0.999897 -0.00579944 -13.0103 -0.220649 0.00275143 0.975349 186.937 
0.971375 0.0152117 0.237065 -140.105 -0.0132395 0.999863 -0.00990889 -13.0351 -0.237183 0.00648666 0.971443 188.351 
0.967198 0.0176239 0.25341 -139.682 -0.0156709 0.99983 -0.00972359 -13.0706 -0.253538 0.00543352 0.96731 189.908 
0.962545 0.0197009 0.270406 -139.251 -0.0176519 0.999794 -0.0100071 -13.1095 -0.270548 0.00485915 0.962694 191.415 
0.957434 0.0232795 0.287711 -138.801 -0.0204619 0.999709 -0.0127969 -13.1494 -0.287925 0.00636508 0.957632 192.933 
0.952026 0.0239513 0.30508 -138.3 -0.0198203 0.999665 -0.0166309 -13.1905 -0.305376 0.00978631 0.952182 194.522 
0.94634 0.0249198 0.322212 -137.81 -0.0199199 0.999625 -0.0188058 -13.2352 -0.32256 0.0113783 0.946481 195.992 
0.940131 0.0250625 0.339891 -137.293 -0.0181973 0.999561 -0.0233712 -13.3271 -0.340327 0.0157869 0.940175 197.537 
0.932746 0.0284531 0.359409 -136.796 -0.0192299 0.999388 -0.0292119 -13.3702 -0.36002 0.0203359 0.932723 199.065 
0.924404 0.031532 0.380108 -136.097 -0.0209207 0.999268 -0.0320163 -13.4897 -0.38084 0.0216439 0.924388 200.624 
0.913988 0.0348348 0.404243 -135.458 -0.0234871 0.999179 -0.032998 -13.569 -0.40506 0.0206653 0.914056 202.186 
0.902214 0.039592 0.429467 -134.746 -0.0271357 0.999016 -0.0350918 -13.6814 -0.430433 0.0200065 0.902401 203.751 
0.889547 0.0434073 0.454777 -134.031 -0.0293117 0.998848 -0.0380035 -13.7867 -0.455903 0.0204757 0.889794 205.272 
0.875989 0.0474264 0.479994 -133.248 -0.0317779 0.998667 -0.0406797 -13.9096 -0.481283 0.0203818 0.876328 206.851 
0.862493 0.0486707 0.503724 -132.386 -0.0316137 0.998602 -0.0423565 -14.034 -0.505081 0.0206077 0.862826 208.326 
0.847842 0.0505217 0.527836 -131.604 -0.0317094 0.9985 -0.0446375 -14.1185 -0.529299 0.0211082 0.848173 209.737 
0.832335 0.0525196 0.551779 -130.768 -0.0301541 0.998317 -0.0495358 -14.204 -0.553452 0.0245921 0.832518 211.219 
0.817098 0.0547013 0.573898 -129.888 -0.0284724 0.998103 -0.0545964 -14.3062 -0.575796 0.0282703 0.817105 212.574 
0.801773 0.0568376 0.59492 -128.968 -0.0278939 0.997941 -0.0577488 -14.4167 -0.596978 0.0297068 0.801708 213.925 
0.786892 0.0581892 0.614342 -127.981 -0.0264581 0.99781 -0.0606211 -14.5483 -0.616524 0.0314479 0.786708 215.217 
0.772002 0.058468 0.632926 -127.02 -0.0247467 0.99777 -0.0619868 -14.6676 -0.635139 0.0321912 0.771727 216.475 
0.757688 0.0592606 0.649921 -125.989 -0.0235058 0.997701 -0.063568 -14.7889 -0.652193 0.0328878 0.757339 217.734 
0.74366 0.0593986 0.665914 -124.931 -0.0208014 0.997619 -0.0657561 -14.9247 -0.668234 0.0350482 0.743125 218.956 
0.729764 0.0607637 0.680994 -123.882 -0.0185534 0.997436 -0.0691171 -15.0437 -0.683447 0.0378044 0.72902 220.134 
0.715909 0.0623831 0.695401 -122.803 -0.0157416 0.997189 -0.0732501 -15.1712 -0.698016 0.0414937 0.714879 221.278 
0.7019 0.0638001 0.709413 -121.667 -0.0144826 0.997053 -0.0753394 -15.3308 -0.712128 0.0426066 0.700755 222.429 
0.687472 0.0647565 0.723318 -120.507 -0.0140909 0.997018 -0.0758674 -15.4824 -0.726075 0.0419645 0.686334 223.558 
0.672118 0.0660149 0.737495 -119.362 -0.014844 0.997019 -0.0757173 -15.6193 -0.740295 0.0399436 0.671095 224.635 
0.655987 0.0672485 0.751771 -118.177 -0.0173807 0.997105 -0.0740282 -15.7667 -0.754572 0.0354952 0.655256 225.703 
0.639212 0.0679832 0.76602 -116.982 -0.0195737 0.997201 -0.0721666 -15.9118 -0.768782 0.0311358 0.638753 226.757 
0.622212 0.0701489 0.779699 -115.776 -0.0228896 0.997182 -0.0714492 -16.0528 -0.782514 0.0266095 0.622064 227.776 
0.60523 0.0733357 0.792665 -114.59 -0.0240852 0.996979 -0.0738482 -16.1917 -0.795686 0.0256036 0.605168 228.733 
0.588179 0.0769486 0.805062 -113.375 -0.0265783 0.996765 -0.0758536 -16.3362 -0.808294 0.0232183 0.588322 229.669 
0.569706 0.0771038 0.818224 -112.148 -0.0268879 0.996805 -0.0752107 -16.4786 -0.821409 0.0208477 0.569959 230.575 
0.550069 0.0761858 0.831637 -110.899 -0.0277813 0.996948 -0.0729544 -16.6162 -0.834657 0.0170261 0.550507 231.446 
0.529862 0.0744522 0.84481 -109.623 -0.028122 0.997134 -0.0702382 -16.7531 -0.847618 0.0134588 0.530437 232.29 
0.509275 0.0731496 0.85749 -108.375 -0.0289395 0.997273 -0.0678864 -16.8885 -0.860117 0.00975747 0.510003 233.077 
0.488957 0.0721089 0.869322 -107.113 -0.0284424 0.997365 -0.0667322 -17.0209 -0.871844 0.00790356 0.48972 233.824 
0.468383 0.0718827 0.880597 -105.826 -0.0282263 0.997394 -0.0664034 -17.1471 -0.883075 0.00624625 0.469191 234.559 
0.44855 0.0709041 0.890941 -104.58 -0.0258139 0.99746 -0.066385 -17.2683 -0.893385 0.0067783 0.449241 235.213 
0.428379 0.0711789 0.900791 -103.297 -0.0237812 0.997435 -0.0675062 -17.3948 -0.903286 0.00749632 0.428973 235.858 
0.408868 0.0702789 0.909884 -102.013 -0.0199086 0.99748 -0.0680986 -17.5136 -0.912376 0.00972886 0.409237 236.444 
0.388604 0.0683279 0.918868 -100.723 -0.0183065 0.997622 -0.066442 -17.6384 -0.921223 0.0089984 0.388931 237.02 
0.368643 0.0681332 0.927071 -99.4071 -0.0178364 0.997645 -0.0662274 -17.7672 -0.9294 0.00787864 0.36899 237.584 
0.34888 0.0728791 0.934329 -98.1094 -0.0187236 0.997315 -0.0708006 -17.8962 -0.93698 0.00720697 0.349308 238.116 
0.329781 0.0822002 0.940472 -96.7762 -0.0200285 0.996587 -0.0800816 -18.0253 -0.943845 0.00757317 0.330302 238.632 
0.310512 0.090096 0.94629 -95.4879 -0.0227281 0.995917 -0.087363 -18.1619 -0.950298 0.00561991 0.311292 239.1 
0.291221 0.0942193 0.952005 -94.208 -0.0254595 0.995549 -0.0907407 -18.3056 -0.956317 0.00218801 0.292323 239.533 
0.271866 0.0956348 0.957571 -92.927 -0.0284696 0.995414 -0.0913313 -18.453 -0.961914 -0.00243183 0.273342 239.937 
0.252101 0.0961188 0.962916 -91.6357 -0.0323642 0.995336 -0.0908816 -18.5942 -0.96716 -0.00825267 0.254036 240.324 
0.233023 0.0964562 0.967676 -90.3829 -0.0341427 0.995267 -0.0909845 -18.7359 -0.971872 -0.0118376 0.235214 240.668 
0.213987 0.0949782 0.972208 -89.1241 -0.0344085 0.995377 -0.0896682 -18.874 -0.97623 -0.0142645 0.216266 240.99 
0.195484 0.0951377 0.976081 -87.8852 -0.0345322 0.995334 -0.0900983 -19.0062 -0.980099 -0.0160935 0.197857 241.275 
0.177301 0.0958601 0.979477 -86.6495 -0.0338345 0.99525 -0.0912792 -19.1401 -0.983575 -0.0169563 0.179702 241.529 
0.158352 0.0996134 0.982345 -85.4089 -0.0377659 0.994781 -0.0947866 -19.2726 -0.98666 -0.0220895 0.161287 241.776 
0.139749 0.10144 0.984977 -84.1542 -0.0381051 0.994553 -0.0970197 -19.4136 -0.989454 -0.0239743 0.142853 242.003 
0.122878 0.0984974 0.987522 -82.9029 -0.0384791 0.994787 -0.0944341 -19.5591 -0.991676 -0.0263951 0.126028 242.191 
0.107331 0.0940785 0.989762 -81.6677 -0.0361214 0.995225 -0.0906806 -19.6943 -0.993567 -0.0260188 0.110217 242.356 
0.0931783 0.0900279 0.991571 -80.4685 -0.0361464 0.995553 -0.0869927 -19.8223 -0.994993 -0.0277359 0.0960182 242.495 
0.080451 0.086607 0.992989 -79.2755 -0.034155 0.995873 -0.0840913 -19.9486 -0.996173 -0.0271503 0.083077 242.617 
0.0697953 0.0867975 0.993778 -78.1089 -0.0339363 0.995837 -0.0845939 -20.071 -0.996984 -0.0278209 0.0724504 242.73 
0.061006 0.0891735 0.994146 -76.9427 -0.034183 0.995604 -0.0872065 -20.1947 -0.997552 -0.0286628 0.063786 242.836 
0.0539589 0.0909218 0.994395 -75.7996 -0.0354611 0.995392 -0.0890887 -20.3151 -0.997913 -0.0304552 0.0569345 242.932 
0.0479849 0.0950065 0.99432 -74.6758 -0.036195 0.994978 -0.0933227 -20.4427 -0.998192 -0.0315114 0.0511826 243.013 
0.0424047 0.103635 0.993711 -73.5636 -0.0356973 0.994128 -0.102155 -20.5721 -0.998463 -0.0311409 0.0458552 243.088 
0.0372852 0.106354 0.993629 -72.4635 -0.0378407 0.993758 -0.104947 -20.6968 -0.998588 -0.0336867 0.0410769 243.163 
0.0335419 0.0979287 0.994628 -71.3582 -0.0367052 0.994637 -0.0966917 -20.8239 -0.998763 -0.0332648 0.0369565 243.225 
0.0309716 0.0882574 0.995616 -70.2555 -0.0356509 0.995558 -0.0871432 -20.9423 -0.998884 -0.0327957 0.0339805 243.285 
0.0296383 0.0846933 0.995966 -69.1681 -0.0350088 0.995881 -0.0836442 -21.0519 -0.998947 -0.0323885 0.0324812 243.339 
0.0293393 0.0867367 0.995799 -68.0938 -0.0360551 0.995672 -0.0856632 -21.1609 -0.998919 -0.0333903 0.0323396 243.4 
0.0296309 0.0897778 0.995521 -67.0365 -0.0356769 0.995419 -0.0887066 -21.2706 -0.998924 -0.0328886 0.0326982 243.456 
0.031113 0.0923342 0.995242 -65.9822 -0.0380423 0.995112 -0.0911329 -21.3806 -0.998792 -0.0350258 0.0344735 243.519 
0.0328809 0.0932826 0.995097 -64.9367 -0.0403084 0.994949 -0.0919368 -21.4895 -0.998646 -0.0370878 0.0364749 243.583 
0.0357972 0.0949107 0.994842 -63.9072 -0.0412715 0.994771 -0.0934188 -21.5978 -0.998507 -0.0377144 0.0395271 243.647 
0.0393993 0.0959122 0.99461 -62.8909 -0.0435095 0.994603 -0.094188 -21.7092 -0.998276 -0.039564 0.0433597 243.715 
0.043706 0.0970559 0.994319 -61.8724 -0.0447451 0.994461 -0.095103 -21.8185 -0.998042 -0.0403344 0.0478067 243.793 
0.0499211 0.0961166 0.994117 -60.8633 -0.0454756 0.994545 -0.0938743 -21.9273 -0.997717 -0.0405218 0.0540197 243.87 
0.0565477 0.0945861 0.993909 -59.855 -0.0442537 0.994761 -0.0921494 -22.0386 -0.997419 -0.0387733 0.0604372 243.948 
0.0638367 0.09383 0.99354 -58.8583 -0.042321 0.994929 -0.091242 -22.1448 -0.997063 -0.036223 0.0674839 244.03 
0.0709768 0.0947061 0.992972 -57.87 -0.0411018 0.994915 -0.0919535 -22.2499 -0.996631 -0.0342863 0.0745085 244.124 
0.0777489 0.0945179 0.992483 -56.8791 -0.0417536 0.994931 -0.0914801 -22.3555 -0.996098 -0.0343273 0.0813012 244.227 
0.0840782 0.0935216 0.992061 -55.8923 -0.042871 0.995004 -0.0901656 -22.4573 -0.995537 -0.0349497 0.0876674 244.343 
0.0906126 0.0913615 0.991687 -54.8992 -0.0435218 0.995195 -0.087708 -22.5619 -0.994935 -0.0352125 0.0941535 244.46 
0.0970422 0.0897701 0.991224 -53.9187 -0.0434939 0.995355 -0.0858862 -22.6624 -0.99433 -0.0347776 0.100496 244.582 
0.103601 0.0902836 0.990513 -52.9452 -0.0436811 0.995324 -0.0861533 -22.7622 -0.993659 -0.0343411 0.10706 244.711 
0.110151 0.0924925 0.989602 -51.9768 -0.0432688 0.995163 -0.0881961 -22.8602 -0.992973 -0.033104 0.11362 244.845 
0.116547 0.0938536 0.988741 -51.011 -0.0432262 0.995061 -0.0893582 -22.9583 -0.992244 -0.0323251 0.120028 244.982 
0.122436 0.0957073 0.987851 -50.0523 -0.0450587 0.994849 -0.0908006 -23.0591 -0.991453 -0.0333941 0.126118 245.135 
0.128841 0.0964167 0.986967 -49.096 -0.047066 0.994735 -0.0910314 -23.1571 -0.990548 -0.0347241 0.132701 245.286 
0.135241 0.0961442 0.986137 -48.129 -0.0478432 0.994754 -0.090423 -23.2583 -0.989657 -0.034951 0.139131 245.451 
0.141343 0.0939008 0.985497 -47.1724 -0.0487819 0.994943 -0.0878043 -23.3584 -0.988758 -0.035664 0.145208 245.615 
0.147582 0.0922894 0.984735 -46.2186 -0.0487538 0.995105 -0.0859546 -23.4565 -0.987848 -0.0353243 0.151359 245.782 
0.153901 0.0915448 0.983836 -45.2717 -0.0486792 0.995192 -0.0849866 -23.5531 -0.986886 -0.0348128 0.157618 245.955 
0.160926 0.0927395 0.9826 -44.3273 -0.0485945 0.995113 -0.0859619 -23.6471 -0.985769 -0.0339154 0.164647 246.128 
0.168067 0.0927973 0.981398 -43.3892 -0.0461112 0.99521 -0.0862065 -23.7433 -0.984697 -0.030765 0.171541 246.308 
