1 2.12261e-08 -2.11895e-08 0 2.12261e-08 1 2.10703e-08 0 -2.11895e-08 2.10703e-08 1 0 
0.999874 0.00158988 0.0157997 0.00959221 -0.00157613 0.999998 -0.000880119 -0.00395275 -0.0158012 0.000855148 0.999875 0.12006 
0.999295 0.00456744 0.0372702 0.0268146 -0.00455256 0.99999 -0.00048301 -0.00655767 -0.0372721 0.000313036 0.999305 0.256442 
0.997903 0.00628461 0.0644211 0.0599745 -0.00634676 0.99998 0.000760852 -0.00337793 -0.0644151 -0.00116808 0.997923 0.412801 
0.995128 0.00584524 0.0984203 0.107257 -0.0061779 0.999976 0.003076 -0.00659221 -0.0984 -0.00366901 0.99514 0.570281 
0.990653 0.00295335 0.136372 0.179147 -0.00367302 0.999981 0.00502629 -0.000826917 -0.136354 -0.00548017 0.990645 0.738844 
0.984367 -0.000217721 0.176128 0.251039 -0.000743072 0.999985 0.00538937 0.00144446 -0.176127 -0.00543595 0.984353 0.917891 
0.975513 -4.00267e-05 0.21994 0.340379 -0.00144308 0.999977 0.0065828 -0.00040545 -0.219935 -0.00673896 0.975491 1.10572 
0.963371 0.000257571 0.268173 0.437129 -0.00285235 0.999953 0.00928641 0.00333515 -0.268158 -0.00971115 0.963326 1.30447 
0.948807 -0.0036846 0.315835 0.537878 -0.00164374 0.999861 0.0166027 -0.000748871 -0.315853 -0.0162719 0.948669 1.49512 
0.931754 -0.0132948 0.362847 0.657276 0.00467672 0.999686 0.0246195 -0.0121687 -0.363061 -0.0212424 0.931523 1.6783 
0.910215 -0.0184697 0.413724 0.790567 0.00715085 0.999557 0.0288907 -0.0137481 -0.414074 -0.0233382 0.909944 1.87471 
0.884585 -0.0199932 0.46595 0.921368 0.00520679 0.999442 0.0329997 -0.0191554 -0.46635 -0.0267649 0.884195 2.06081 
0.855969 -0.0222268 0.516549 1.09188 0.00330584 0.99929 0.0375209 -0.0177675 -0.517017 -0.0304091 0.855435 2.26561 
0.823237 -0.0271097 0.56705 1.24873 0.00410978 0.999118 0.0417997 -0.01631 -0.567683 -0.0320806 0.822622 2.43993 
0.786652 -0.0323444 0.616548 1.42891 0.00574462 0.998967 0.0450768 -0.0110406 -0.61737 -0.0319179 0.786026 2.61972 
0.747919 -0.0363662 0.662793 1.63369 0.00635281 0.998845 0.047636 -0.00871671 -0.66376 -0.0314173 0.747286 2.81184 
0.707114 -0.0391274 0.706016 1.86682 0.00704442 0.998808 0.0482987 0.00912648 -0.707064 -0.0291792 0.706547 3.01325 
0.664407 -0.0409738 0.746247 2.12863 0.00605671 0.998758 0.0494459 0.0197934 -0.747346 -0.0283324 0.66383 3.21156 
0.620794 -0.0409642 0.782903 2.41988 0.000885923 0.99867 0.0515515 0.0297398 -0.783973 -0.0313092 0.620005 3.42244 
0.577952 -0.0417772 0.815 2.73782 -0.00234944 0.998599 0.0528547 0.03694 -0.816067 -0.0324623 0.577045 3.64192 
0.537088 -0.0428801 0.842436 3.09773 -0.00433195 0.998554 0.0535884 0.0538518 -0.843515 -0.032431 0.536125 3.84768 
0.497858 -0.0450316 0.866089 3.49258 -0.00581823 0.998455 0.0552585 0.0707505 -0.867239 -0.0325499 0.496827 4.05061 
0.459873 -0.0446543 0.886861 3.90361 -0.00887771 0.998454 0.0548766 0.0914232 -0.88794 -0.0331095 0.458765 4.25124 
0.423011 -0.0439155 0.90506 4.3411 -0.00981931 0.998544 0.053041 0.110189 -0.906071 -0.031324 0.421964 4.43824 
0.388945 -0.0424552 0.920282 4.81299 -0.00868604 0.998724 0.049745 0.132449 -0.92122 -0.0273417 0.38808 4.62636 
0.358899 -0.040525 0.932496 5.32097 -0.0063777 0.998927 0.0458667 0.157847 -0.933355 -0.0224087 0.358256 4.80942 
0.333337 -0.0386176 0.942017 5.85895 -0.00519055 0.999071 0.0427933 0.181852 -0.942794 -0.0191542 0.332826 4.98955 
0.313119 -0.0379552 0.948955 6.42632 -0.00378469 0.999143 0.0412114 0.20822 -0.949706 -0.0164956 0.312707 5.16917 
0.298162 -0.0385238 0.953738 7.0242 -0.00274377 0.999147 0.0412158 0.23098 -0.954512 -0.0149058 0.297801 5.36335 
0.286774 -0.0400063 0.957163 7.64045 -0.00171284 0.999105 0.0422725 0.253074 -0.957997 -0.0137621 0.286449 5.54541 
0.275926 -0.0417515 0.960272 8.29354 -0.0028768 0.999016 0.0442627 0.279335 -0.961175 -0.0149757 0.275534 5.73833 
0.265194 -0.043556 0.963211 8.96806 -0.00421948 0.998917 0.0463324 0.305038 -0.964186 -0.0163513 0.264723 5.93589 
0.255112 -0.0452664 0.965851 9.6681 -0.00519165 0.998825 0.0481831 0.332818 -0.966898 -0.0173064 0.254577 6.12742 
0.245111 -0.0469578 0.968357 10.3889 -0.00591027 0.998735 0.049927 0.366528 -0.969477 -0.0179609 0.244524 6.31318 
0.234625 -0.0485557 0.970872 11.143 -0.00591332 0.998662 0.0513746 0.397003 -0.972068 -0.0177949 0.234024 6.50561 
0.224205 -0.0496226 0.973278 11.9057 -0.00617672 0.99861 0.0523371 0.432553 -0.974522 -0.0177459 0.223587 6.69034 
0.213688 -0.0525094 0.97549 12.6833 -0.00760718 0.998435 0.0554109 0.464906 -0.976872 -0.0192614 0.212954 6.86799 
0.202374 -0.0559869 0.977707 13.4801 -0.00921711 0.998211 0.059069 0.504491 -0.979265 -0.0209657 0.201496 7.04331 
0.190189 -0.0597819 0.979926 14.2753 -0.0100105 0.997974 0.0628259 0.541463 -0.981696 -0.0217584 0.189206 7.20721 
0.17743 -0.0619287 0.982183 15.0772 -0.0107362 0.997837 0.0648552 0.579924 -0.984075 -0.0220521 0.176381 7.35606 
0.163297 -0.0624382 0.984599 15.8869 -0.0110151 0.997818 0.0651034 0.618812 -0.986515 -0.0214767 0.162253 7.50029 
0.148705 -0.0612877 0.986981 16.7006 -0.012405 0.997883 0.0638338 0.658684 -0.988804 -0.0217359 0.14763 7.63593 
0.13195 -0.0600704 0.989435 17.5191 -0.0130353 0.997971 0.062327 0.698021 -0.991171 -0.0211216 0.130899 7.75708 
0.111407 -0.0583745 0.992059 18.3436 -0.015568 0.998048 0.0604752 0.736303 -0.993653 -0.0221817 0.110281 7.86148 
0.0855638 -0.0571269 0.994694 19.1754 -0.0200589 0.998054 0.0590454 0.769985 -0.996131 -0.0250046 0.0842513 7.94776 
0.0547454 -0.0566477 0.996892 20.0153 -0.0241287 0.998023 0.0580371 0.804675 -0.998209 -0.027231 0.0532703 8.0085 
0.0213795 -0.0564242 0.998178 20.8466 -0.0272131 0.998003 0.0569972 0.837877 -0.999401 -0.0283821 0.0198013 8.03226 
-0.0133655 -0.0557763 0.998354 21.6909 -0.0289713 0.998045 0.0553713 0.868225 -0.999491 -0.0281835 -0.0149553 8.02807 
-0.0475253 -0.0544818 0.997383 22.5337 -0.0298187 0.998144 0.0531025 0.898186 -0.998425 -0.027217 -0.0490617 7.99345 
-0.0804606 -0.0524923 0.995375 23.3718 -0.0314462 0.998249 0.0501019 0.924302 -0.996262 -0.0272696 -0.0819704 7.92996 
-0.113055 -0.0496595 0.992347 24.2156 -0.0338363 0.998363 0.0461058 0.947738 -0.993012 -0.0283649 -0.11455 7.84325 
-0.14557 -0.0451835 0.988316 25.0494 -0.0310361 0.998674 0.0410857 0.96725 -0.988861 -0.0246926 -0.14678 7.72087 
-0.177097 -0.0392278 0.983411 25.8741 -0.0255542 0.999052 0.0352498 0.982448 -0.983862 -0.0188877 -0.177932 7.567 
-0.207456 -0.0329839 0.977688 26.6983 -0.0192897 0.999375 0.0296225 0.991531 -0.978054 -0.0127139 -0.207963 7.38775 
-0.236246 -0.027109 0.971315 27.5127 -0.0129178 0.99961 0.0247568 0.998003 -0.971607 -0.0066985 -0.236504 7.18112 
-0.264107 -0.0211326 0.964262 28.3226 -0.00450492 0.999776 0.0206771 0.996697 -0.964483 0.00111704 -0.264143 6.95542 
-0.290112 -0.0106775 0.956933 29.1216 0.00148476 0.999932 0.0116074 0.989092 -0.956992 0.00478826 -0.290077 6.7073 
-0.315099 0.00487872 0.949046 29.913 0.00644927 0.999975 -0.00299923 0.974467 -0.949037 0.00517559 -0.315122 6.43169 
-0.339827 0.0222192 0.940225 30.687 0.00726859 0.999753 -0.0209988 0.955187 -0.94046 -0.000301865 -0.339905 6.15542 
-0.364871 0.0370915 0.930319 31.446 0.00793413 0.999294 -0.0367297 0.920533 -0.931024 -0.00602037 -0.364908 5.86196 
-0.389173 0.0475682 0.919936 32.1998 0.0117678 0.998841 -0.04667 0.877423 -0.921089 -0.00733711 -0.389282 5.54506 
-0.412368 0.0515584 0.909557 32.954 0.0148151 0.998645 -0.0498915 0.824852 -0.910897 -0.00709853 -0.412573 5.1995 
-0.434856 0.0513139 0.899037 33.6881 0.0182138 0.998672 -0.0481908 0.775242 -0.900316 -0.00458116 -0.435213 4.84754 
-0.45476 0.0470807 0.889369 34.4238 0.0217251 0.998891 -0.0417699 0.721966 -0.890349 0.000326319 -0.455279 4.46966 
-0.472348 0.0459306 0.880215 35.1397 0.0293673 0.998907 -0.0363648 0.674159 -0.880923 0.00867266 -0.473181 4.07671 
-0.485862 0.0463921 0.872803 35.8476 0.0315365 0.998871 -0.0355376 0.62567 -0.873466 0.0102588 -0.486776 3.68068 
-0.496764 0.0505707 0.866411 36.5441 0.035789 0.998645 -0.037769 0.578443 -0.867148 0.0122457 -0.497901 3.28444 
-0.506455 0.0529344 0.86064 37.2387 0.0361226 0.99854 -0.0401592 0.533742 -0.86151 0.0107497 -0.507627 2.87485 
-0.517175 0.0522199 0.854285 37.9229 0.0301374 0.998629 -0.0427983 0.485158 -0.855349 0.00361177 -0.51804 2.48016 
-0.528046 0.0508492 0.847692 38.6054 0.0294974 0.998702 -0.041533 0.437781 -0.848703 0.00307332 -0.528861 2.06408 
-0.536673 0.052084 0.842182 39.2859 0.0313314 0.998635 -0.0417941 0.390421 -0.843209 0.00395702 -0.537572 1.6375 
-0.543905 0.0550647 0.837338 39.9669 0.0343204 0.99847 -0.0433677 0.343255 -0.838445 0.0051499 -0.544962 1.20255 
-0.547529 0.0579454 0.834778 40.6611 0.0352716 0.998311 -0.0461623 0.300424 -0.836043 0.00416874 -0.548648 0.765984 
-0.547183 0.060122 0.834851 41.3744 0.0346719 0.998189 -0.04916 0.259136 -0.836295 0.00204638 -0.548276 0.309957 
-0.543806 0.0604356 0.837032 42.1039 0.0367981 0.998161 -0.0481623 0.208731 -0.838404 0.00461017 -0.54503 -0.156083 
-0.538018 0.0592612 0.840847 42.8549 0.0348367 0.998237 -0.0480632 0.15665 -0.842213 0.00343344 -0.539134 -0.616489 
-0.531161 0.0579521 0.845286 43.6263 0.0323868 0.998318 -0.0480925 0.108472 -0.846651 0.00183122 -0.532145 -1.07851 
-0.523908 0.0576 0.849825 44.4169 0.0305213 0.99834 -0.0488501 0.0581333 -0.851228 0.000344799 -0.524796 -1.55232 
-0.517583 0.0561079 0.853791 45.2171 0.0277186 0.998423 -0.048809 0.0023901 -0.855184 -0.00159688 -0.518323 -2.01529 
-0.513279 0.0537643 0.856536 46.0409 0.0231365 0.99854 -0.0488133 -0.0502444 -0.85791 -0.00523762 -0.513774 -2.48505 
-0.512084 0.0510945 0.857414 46.8791 0.0188603 0.998657 -0.0482472 -0.10504 -0.858728 -0.00853555 -0.51236 -2.95573 
-0.51259 0.0485561 0.85726 47.7249 0.0155173 0.998761 -0.0472923 -0.159636 -0.858493 -0.0109392 -0.512708 -3.43488 
-0.51363 0.0473979 0.856702 48.5819 0.014536 0.99881 -0.0465452 -0.219725 -0.857889 -0.011454 -0.513708 -3.92616 
-0.514356 0.0465135 0.856315 49.4422 0.0144672 0.998857 -0.0455662 -0.278515 -0.857455 -0.0110488 -0.51444 -4.41641 
-0.515071 0.0461183 0.855906 50.3129 0.0142517 0.998874 -0.0452453 -0.331624 -0.857029 -0.0111064 -0.515148 -4.90417 
-0.515854 0.0451019 0.855489 51.2123 0.0142982 0.998927 -0.0440423 -0.394758 -0.856557 -0.0104874 -0.515945 -5.38943 
-0.516066 0.0447184 0.855381 52.1099 0.0139753 0.998943 -0.0437921 -0.457806 -0.856435 -0.0106454 -0.516145 -5.91589 
-0.516436 0.0431939 0.855236 53.0143 0.0122064 0.998997 -0.0430837 -0.515297 -0.856239 -0.0118106 -0.516445 -6.43639 
-0.516878 0.0423394 0.855012 53.9135 0.0111886 0.999025 -0.042707 -0.578105 -0.855986 -0.0125079 -0.516847 -6.9456 
-0.51648 0.0416802 0.855285 54.7989 0.00984689 0.999038 -0.0427394 -0.63704 -0.856243 -0.0136521 -0.516393 -7.45487 
-0.515464 0.0400395 0.855975 55.6828 0.00953629 0.999114 -0.0409923 -0.699496 -0.856858 -0.0129672 -0.515389 -7.95995 
-0.513635 0.0381668 0.85716 56.5801 0.00974436 0.999205 -0.0386525 -0.754579 -0.857954 -0.0115008 -0.513599 -8.4708 
-0.51167 0.0367201 0.858397 57.4602 0.0100078 0.999273 -0.036781 -0.812978 -0.859124 -0.0102291 -0.511666 -8.96322 
-0.509874 0.0364226 0.859478 58.3575 0.0101635 0.999289 -0.036318 -0.872384 -0.860189 -0.00978228 -0.509881 -9.44997 
-0.508329 0.03662 0.860384 59.2422 0.0102759 0.999282 -0.0364606 -0.928897 -0.861102 -0.00969275 -0.508341 -9.94356 
-0.507986 0.0370842 0.860566 60.1262 0.00992052 0.999258 -0.0372047 -0.984752 -0.861308 -0.0103622 -0.507978 -10.433 
-0.509181 0.0383407 0.859805 61.0096 0.00922381 0.999193 -0.039094 -1.04351 -0.86061 -0.0119752 -0.509124 -10.9278 
-0.51228 0.0401364 0.85788 61.8846 0.00794821 0.999086 -0.0419965 -1.10114 -0.858782 -0.0146954 -0.512131 -11.427 
-0.517137 0.0407391 0.854932 62.7866 0.0068359 0.999031 -0.0434707 -1.16081 -0.855875 -0.0166361 -0.516915 -11.9286 
-0.522618 0.0394555 0.851654 63.6556 0.00822952 0.999116 -0.041237 -1.22006 -0.852527 -0.0145425 -0.52248 -12.4412 
-0.52806 0.0371425 0.848395 64.5164 0.00943707 0.999238 -0.0378725 -1.28152 -0.849155 -0.0119926 -0.528008 -12.9627 
-0.53391 0.0345901 0.844834 65.3959 0.00621121 0.999296 -0.0369889 -1.33863 -0.845519 -0.0145013 -0.533749 -13.4722 
-0.538898 0.0378547 0.84152 66.2385 0.00833548 0.999181 -0.0396089 -1.39518 -0.84233 -0.0143307 -0.538772 -13.9969 
-0.543857 0.0395317 0.838246 67.0712 0.00884764 0.999104 -0.0413773 -1.45084 -0.839131 -0.0150869 -0.54372 -14.5231 
-0.548289 0.0406719 0.835299 67.9062 0.00784981 0.999023 -0.0434912 -1.50681 -0.836252 -0.0172888 -0.548073 -15.0482 
-0.552054 0.0407375 0.832813 68.7377 0.00646838 0.998985 -0.0445781 -1.56659 -0.833783 -0.0192225 -0.551757 -15.5782 
-0.555251 0.0401716 0.830712 69.5566 0.00760678 0.999036 -0.0432271 -1.62557 -0.831648 -0.0176828 -0.555022 -16.1084 
-0.55763 0.0336831 0.829406 70.3768 0.00847094 0.999355 -0.0348897 -1.67695 -0.830046 -0.0124297 -0.557556 -16.6427 
-0.559724 0.0250287 0.828301 71.1945 0.00807507 0.999661 -0.0247499 -1.73118 -0.82864 -0.00716451 -0.559736 -17.1778 
-0.561103 0.0237053 0.827406 72.0031 0.00928337 0.999707 -0.0223462 -1.77703 -0.827694 -0.0048574 -0.561159 -17.7086 
-0.562311 0.0280717 0.82645 72.8017 0.00876235 0.99957 -0.0279902 -1.8151 -0.82688 -0.00849754 -0.562315 -18.2324 
-0.563403 0.0345804 0.825459 73.5976 0.0105717 0.999344 -0.0346493 -1.85913 -0.826115 -0.010795 -0.563398 -18.7596 
-0.563811 0.0383528 0.825013 74.3936 0.0156354 0.999238 -0.0357669 -1.90307 -0.825756 -0.00726633 -0.563981 -19.2937 
-0.563571 0.0397764 0.82511 75.1835 0.0190039 0.9992 -0.0351887 -1.9524 -0.825849 -0.00415097 -0.563876 -19.8267 
-0.563099 0.036364 0.825589 75.9743 0.0175802 0.999332 -0.032026 -2.00177 -0.826202 -0.00351986 -0.563363 -20.3487 
-0.56242 0.031659 0.826246 76.7684 0.0164428 0.999497 -0.0271049 -2.04472 -0.826689 -0.00165859 -0.562657 -20.8713 
-0.56175 0.0250326 0.826928 77.5644 0.0130265 0.999686 -0.021413 -2.08624 -0.827204 -0.00125683 -0.5619 -21.3865 
-0.561317 0.0193775 0.827374 78.3604 0.00442403 0.999782 -0.020414 -2.12575 -0.827589 -0.00779839 -0.561281 -21.8901 
-0.559816 0.0142069 0.828495 79.1605 -0.00302816 0.999811 -0.0191908 -2.15797 -0.828611 -0.0132521 -0.559668 -22.3927 
-0.557746 0.0151358 0.829874 79.9513 0.000400452 0.999839 -0.0179666 -2.19354 -0.830012 -0.00968846 -0.557662 -22.9076 
-0.554685 0.0182784 0.83186 80.7357 0.00426456 0.999808 -0.019125 -2.23214 -0.83205 -0.00706086 -0.554656 -23.4168 
-0.549406 0.0216712 0.835275 81.5275 0.00665907 0.999745 -0.0215583 -2.26519 -0.835529 -0.00628214 -0.54941 -23.9201 
-0.541505 0.024008 0.840355 82.319 0.011824 0.999711 -0.0209415 -2.30185 -0.840615 -0.00140362 -0.541632 -24.4234 
-0.533401 0.0273923 0.845419 83.1135 0.0191981 0.99961 -0.0202755 -2.34139 -0.845644 0.00541543 -0.533719 -24.9168 
-0.523739 0.0264516 0.851468 83.9188 0.0161422 0.999647 -0.0211259 -2.37152 -0.851726 0.00268009 -0.523981 -25.3925 
-0.512751 0.0242949 0.858194 84.7305 0.0137988 0.999704 -0.0200564 -2.40267 -0.858427 0.00155807 -0.512934 -25.8573 
-0.501263 0.0209626 0.865041 85.5426 0.0139484 0.999772 -0.0161448 -2.43835 -0.865183 0.00397314 -0.501441 -26.3092 
-0.490385 0.0201841 0.871272 86.3578 0.0135698 0.999787 -0.0155236 -2.47505 -0.871401 0.00421045 -0.490554 -26.747 
-0.478563 0.0194749 0.877837 87.1825 0.0140271 0.999796 -0.0145335 -2.5034 -0.877941 0.00535835 -0.478739 -27.1744 
-0.466851 0.0204718 0.884099 88.0117 0.0154203 0.999769 -0.0150074 -2.5365 -0.884202 0.00662681 -0.467058 -27.5919 
-0.455009 0.0241962 0.890158 88.8428 0.0150536 0.999697 -0.0194789 -2.57522 -0.89036 0.00453703 -0.455235 -27.9966 
-0.443642 0.0335959 0.895574 89.6677 0.0177628 0.99943 -0.0286927 -2.60866 -0.896028 0.00317858 -0.443986 -28.3897 
-0.430977 0.0381365 0.901557 90.5006 0.0172912 0.999272 -0.0340041 -2.6459 -0.902197 0.000933978 -0.431323 -28.7697 
-0.41978 0.0346824 0.906963 91.3466 0.0157106 0.999398 -0.0309456 -2.69199 -0.90749 0.00125858 -0.420072 -29.1379 
-0.408337 0.0310342 0.912304 92.1919 0.014336 0.999517 -0.0275843 -2.73733 -0.912719 0.00181503 -0.408585 -29.4961 
-0.398721 0.0317451 0.916523 93.0284 0.0116126 0.999495 -0.029567 -2.78314 -0.916999 -0.00114581 -0.398889 -29.8372 
-0.392064 0.0360779 0.91923 93.8643 0.00681972 0.999317 -0.0363124 -2.83134 -0.919913 -0.00796791 -0.392042 -30.1653 
-0.387383 0.0409258 0.92101 94.7027 0.00120252 0.999036 -0.0438871 -2.87866 -0.921918 -0.0158936 -0.387058 -30.4891 
-0.383963 0.0428465 0.922354 95.5423 -0.00133087 0.998896 -0.0469561 -2.93295 -0.923348 -0.019257 -0.383482 -30.8146 
-0.380479 0.0425088 0.923812 96.3788 -0.00309569 0.998879 -0.0472379 -2.98808 -0.924784 -0.0208329 -0.379921 -31.1358 
-0.375512 0.0426932 0.925834 97.2125 -0.00386652 0.998858 -0.0476288 -3.04366 -0.926809 -0.021465 -0.374918 -31.4537 
-0.369658 0.0383103 0.928378 98.0547 -0.00663196 0.999015 -0.0438659 -3.10011 -0.929144 -0.0223724 -0.36904 -31.769 
-0.364506 0.0346185 0.930557 98.9006 -0.00680026 0.999183 -0.0398351 -3.15529 -0.931176 -0.0208482 -0.363973 -32.0787 
-0.358707 0.0316313 0.932914 99.7439 -0.00862664 0.999271 -0.0371981 -3.20921 -0.93341 -0.0213912 -0.358173 -32.3823 
-0.353183 0.0298933 0.935076 100.593 -0.0169779 0.99912 -0.0383533 -3.25832 -0.9354 -0.0294214 -0.352365 -32.6713 
-0.347257 0.0300834 0.937288 101.442 -0.0240803 0.99887 -0.0409815 -3.30671 -0.937461 -0.0368013 -0.34614 -32.9518 
-0.340788 0.0341709 0.939519 102.282 -0.0224067 0.99876 -0.044453 -3.35981 -0.939873 -0.0362005 -0.339599 -33.2357 
-0.333727 0.0374523 0.941925 103.123 -0.0207208 0.998678 -0.0470503 -3.41226 -0.942442 -0.0352194 -0.33251 -33.5174 
-0.327485 0.0355115 0.944189 103.977 -0.0220421 0.998734 -0.0452081 -3.46395 -0.944599 -0.0356169 -0.326288 -33.7921 
-0.320479 0.0307743 0.946756 104.833 -0.0223024 0.99895 -0.0400202 -3.51846 -0.946993 -0.0339406 -0.319456 -34.0625 
-0.313504 0.0280706 0.949172 105.695 -0.0238528 0.999015 -0.037423 -3.57233 -0.949287 -0.0343726 -0.312526 -34.3274 
-0.307242 0.0313196 0.951116 106.548 -0.0256004 0.998825 -0.0411603 -3.6208 -0.951287 -0.0369951 -0.306079 -34.5825 
-0.30096 0.0339678 0.953032 107.403 -0.0251961 0.998733 -0.0435534 -3.67107 -0.953304 -0.0371205 -0.299723 -34.8328 
-0.294508 0.0347121 0.955018 108.274 -0.0270348 0.998638 -0.0446344 -3.71945 -0.955267 -0.0389639 -0.293168 -35.0688 
-0.28774 0.0340391 0.957104 109.132 -0.0272411 0.998673 -0.0437071 -3.77414 -0.957321 -0.0386488 -0.28643 -35.3057 
-0.279616 0.0339934 0.95951 109.989 -0.0228672 0.998854 -0.0420511 -3.82825 -0.959839 -0.0336995 -0.278519 -35.5433 
-0.271888 0.0351489 0.961687 110.849 -0.0203128 0.998901 -0.0422519 -3.87982 -0.962115 -0.0310223 -0.270875 -35.7747 
-0.265339 0.035533 0.9635 111.706 -0.0194478 0.99892 -0.0421949 -3.93387 -0.963959 -0.0299339 -0.264362 -35.9928 
-0.25876 0.0344067 0.965329 112.575 -0.0256333 0.998769 -0.0424697 -3.98371 -0.965602 -0.035734 -0.257559 -36.1963 
-0.252904 0.0324576 0.966947 113.45 -0.0297135 0.998705 -0.0412951 -4.03649 -0.967035 -0.0391751 -0.251612 -36.3963 
-0.248387 0.0327144 0.968108 114.328 -0.0267842 0.998815 -0.040624 -4.08773 -0.96829 -0.0360205 -0.247217 -36.6037 
-0.243941 0.0329753 0.969229 115.201 -0.025121 0.998872 -0.0403064 -4.14002 -0.969465 -0.0341804 -0.242837 -36.8048 
-0.239303 0.0343421 0.970337 116.071 -0.0245112 0.998842 -0.0413958 -4.18888 -0.970636 -0.0336902 -0.238184 -37.0008 
-0.233344 0.0335644 0.971815 116.948 -0.0182824 0.999076 -0.0388958 -4.23663 -0.972222 -0.0268432 -0.232515 -37.1998 
-0.227933 0.0325158 0.973134 117.818 -0.0109212 0.999294 -0.0359479 -4.2837 -0.973616 -0.0188215 -0.227417 -37.3987 
-0.222928 0.0315116 0.974326 118.692 -0.00916933 0.999365 -0.0344194 -4.33444 -0.974792 -0.016607 -0.222497 -37.5858 
-0.218885 0.0332534 0.975184 119.57 -0.0110909 0.99927 -0.0365641 -4.37875 -0.975688 -0.018819 -0.218356 -37.7625 
-0.21532 0.0352705 0.975906 120.443 -0.0127219 0.999161 -0.0389178 -4.4213 -0.976461 -0.0207951 -0.214691 -37.9359 
-0.213716 0.0346863 0.97628 121.315 -0.015174 0.999131 -0.0388199 -4.47049 -0.976778 -0.0231106 -0.213004 -38.1043 
-0.21273 0.0336965 0.97653 122.189 -0.0155638 0.999162 -0.0378678 -4.51725 -0.976987 -0.0232541 -0.212027 -38.2749 
-0.211751 0.0291762 0.976888 123.066 -0.0142135 0.999357 -0.0329282 -4.5637 -0.97722 -0.0208576 -0.2112 -38.4494 
-0.210568 0.0240875 0.977282 123.937 -0.0149554 0.9995 -0.0278574 -4.60858 -0.977465 -0.0204815 -0.210102 -38.6203 
-0.209768 0.0222612 0.977498 124.801 -0.0144968 0.99956 -0.0258746 -4.65031 -0.977644 -0.0195982 -0.209353 -38.7892 
-0.208527 0.0271764 0.977639 125.656 -0.014406 0.99942 -0.0308546 -4.69053 -0.977911 -0.0205178 -0.208015 -38.9569 
-0.208414 0.0308918 0.977553 126.507 -0.014479 0.999294 -0.0346657 -4.73274 -0.977933 -0.0213789 -0.20782 -39.1228 
-0.208368 0.0299462 0.977592 127.364 -0.0177325 0.999251 -0.0343893 -4.77566 -0.97789 -0.0245008 -0.207681 -39.2849 
-0.207816 0.0290673 0.977736 128.213 -0.0192957 0.999242 -0.0338079 -4.82379 -0.977978 -0.0258919 -0.207097 -39.4471 
-0.206969 0.0298346 0.977893 129.062 -0.0146257 0.999329 -0.0335841 -4.8705 -0.978238 -0.0212532 -0.206394 -39.6179 
-0.206024 0.0324596 0.978008 129.904 -0.0164998 0.999192 -0.0366384 -4.91155 -0.978408 -0.0236854 -0.205322 -39.7802 
-0.206542 0.0332838 0.977871 130.74 -0.0252029 0.998909 -0.0393231 -4.95858 -0.978113 -0.0327671 -0.205478 -39.9258 
-0.206046 0.0347542 0.977925 131.572 -0.030994 0.998636 -0.0420205 -5.0076 -0.978051 -0.0389679 -0.204687 -40.0752 
-0.205815 0.0383252 0.97784 132.397 -0.0281749 0.998587 -0.0450685 -5.05794 -0.978185 -0.0368263 -0.204444 -40.2319 
-0.205164 0.0393722 0.977935 133.223 -0.0268167 0.998589 -0.0458297 -5.11001 -0.97836 -0.0356276 -0.203819 -40.3899 
-0.203378 0.0405237 0.978261 134.042 -0.0268867 0.998535 -0.0469531 -5.16484 -0.978731 -0.0358515 -0.201991 -40.5424 
-0.201361 0.0400143 0.978699 134.858 -0.0185349 0.998831 -0.0446508 -5.21501 -0.979342 -0.027131 -0.200384 -40.7045 
-0.198134 0.036741 0.979486 135.668 -0.0142856 0.999083 -0.0403658 -5.26557 -0.980071 -0.0219904 -0.197428 -40.8625 
-0.196048 0.0319673 0.980073 136.485 -0.0103301 0.999346 -0.0346622 -5.31709 -0.98054 -0.0169197 -0.19559 -41.0175 
-0.192419 0.0314287 0.980809 137.29 -0.00904449 0.999388 -0.0337984 -5.3643 -0.981271 -0.0153744 -0.192017 -41.1603 
-0.18764 0.0363525 0.981565 138.088 -0.0087237 0.999214 -0.0386737 -5.41313 -0.982199 -0.0158196 -0.187175 -41.2983 
-0.180927 0.0395503 0.982701 138.883 -0.00708892 0.999113 -0.0415159 -5.45752 -0.983471 -0.0144776 -0.180486 -41.431 
-0.17279 0.0404401 0.984128 139.681 -0.00711552 0.999079 -0.0423037 -5.49747 -0.984933 -0.0143122 -0.172343 -41.5541 
-0.163026 0.0359873 0.985965 140.485 -0.00508787 0.999291 -0.0373149 -5.54538 -0.986609 -0.0110998 -0.162727 -41.6734 
-0.151203 0.034721 0.987893 141.282 -0.00131726 0.999375 -0.0353261 -5.59164 -0.988502 -0.00664273 -0.151063 -41.7843 
-0.137356 0.0375331 0.98981 142.07 0.00276875 0.999293 -0.0375084 -5.63268 -0.990518 -0.00241146 -0.137362 -41.8828 
-0.123015 0.0387939 0.991646 142.858 0.00284585 0.999245 -0.0387381 -5.67547 -0.992401 -0.00194329 -0.123032 -41.9671 
-0.109015 0.0389219 0.993278 143.645 0.00440995 0.999242 -0.0386715 -5.71892 -0.99403 0.000164525 -0.109104 -42.0399 
-0.095492 0.0406188 0.994601 144.424 0.00506566 0.999174 -0.0403192 -5.76667 -0.995417 0.00118815 -0.0956189 -42.0991 
-0.0819233 0.0467562 0.995541 145.196 0.00192655 0.998905 -0.0467556 -5.81888 -0.996637 -0.00191241 -0.0819236 -42.1406 
-0.069311 0.0560504 0.996019 145.958 -0.00546211 0.998384 -0.0565635 -5.86818 -0.99758 -0.00936085 -0.0688929 -42.165 
-0.0556872 0.0639528 0.996398 146.718 -0.00974794 0.997864 -0.0645917 -5.92007 -0.998401 -0.0133098 -0.0549448 -42.1825 
-0.0425049 0.0647483 0.996996 147.483 -0.0106193 0.997812 -0.065254 -5.97459 -0.99904 -0.013361 -0.0417243 -42.1973 
-0.0308616 0.0608133 0.997672 148.25 -0.014756 0.998011 -0.0612903 -6.03466 -0.999415 -0.0166132 -0.0299029 -42.1972 
-0.0200711 0.0585527 0.998083 149.013 -0.018516 0.998091 -0.0589255 -6.09688 -0.999627 -0.0196632 -0.0189486 -42.1882 
-0.0111684 0.0649567 0.997826 149.767 -0.0221136 0.997628 -0.0651913 -6.1605 -0.999693 -0.0227936 -0.00970544 -42.1733 
-0.00451643 0.0729188 0.997328 150.513 -0.0251857 0.997013 -0.0730098 -6.21864 -0.999673 -0.0254482 -0.00266643 -42.1572 
-0.00125892 0.075812 0.997121 151.264 -0.0281904 0.996723 -0.0758173 -6.27714 -0.999602 -0.0282047 0.00088238 -42.1396 
-0.00134073 0.0712004 0.997461 152.019 -0.0305196 0.996995 -0.0712081 -6.3415 -0.999533 -0.0305375 0.000836307 -42.1225 
-0.0030619 0.0667837 0.997763 152.77 -0.03207 0.997248 -0.0668476 -6.41167 -0.999481 -0.0322029 -0.000911728 -42.1085 
-0.00592566 0.063958 0.997935 153.515 -0.0306173 0.997473 -0.0641101 -6.47033 -0.999514 -0.030934 -0.00395247 -42.0998 
-0.00859615 0.0642905 0.997894 154.259 -0.0287506 0.997503 -0.0645128 -6.52649 -0.99955 -0.0292446 -0.00672629 -42.0962 
-0.0121565 0.0642964 0.997857 155.003 -0.0268896 0.997549 -0.0646041 -6.58802 -0.999565 -0.0276173 -0.0103978 -42.0955 
-0.0164758 0.0628862 0.997885 155.749 -0.0278316 0.997605 -0.063328 -6.64862 -0.999477 -0.0288161 -0.0146861 -42.0971 
-0.0217778 0.0633324 0.997755 156.488 -0.0283488 0.997551 -0.0639382 -6.70158 -0.999361 -0.0296776 -0.0199291 -42.1015 
-0.0277212 0.0613648 0.99773 157.226 -0.0295766 0.997627 -0.0621802 -6.75839 -0.999178 -0.0312332 -0.0258405 -42.107 
-0.0334865 0.0584902 0.997726 157.96 -0.0271049 0.997866 -0.059408 -6.82088 -0.999072 -0.0290327 -0.0318296 -42.1228 
-0.0387615 0.0584203 0.997539 158.689 -0.0275738 0.997847 -0.0595097 -6.87593 -0.998868 -0.0298127 -0.0370672 -42.1397 
-0.044193 0.0597368 0.997235 159.415 -0.0293221 0.997703 -0.0610642 -6.92957 -0.998593 -0.0319397 -0.0423398 -42.1566 
-0.0482145 0.0618544 0.99692 160.135 -0.0295626 0.997555 -0.0633235 -6.99004 -0.998399 -0.0325247 -0.0462681 -42.1781 
-0.0506756 0.0641953 0.99665 160.851 -0.0294778 0.997401 -0.0657425 -7.04774 -0.99828 -0.0327105 -0.0486516 -42.2029 
-0.0521211 0.065765 0.996473 161.565 -0.0267465 0.997379 -0.0672238 -7.10202 -0.998283 -0.0301559 -0.0502256 -42.2327 
-0.0511549 0.0643489 0.996616 162.276 -0.0234737 0.997569 -0.0656153 -7.15814 -0.998415 -0.0267508 -0.04952 -42.2627 
-0.0471196 0.0605685 0.997051 162.986 -0.0208149 0.997884 -0.0616027 -7.21786 -0.998672 -0.0236562 -0.0457592 -42.2874 
-0.0394347 0.0603182 0.9974 163.689 -0.019601 0.997938 -0.0611256 -7.27734 -0.99903 -0.0219605 -0.0381711 -42.303 
-0.0282273 0.0611215 0.997731 164.384 -0.0169516 0.997956 -0.0616149 -7.33263 -0.999458 -0.0186524 -0.0271335 -42.309 
-0.0136479 0.0613065 0.998026 165.076 -0.0144365 0.998003 -0.0615025 -7.38567 -0.999803 -0.0152474 -0.0127356 -42.3068 
0.00147463 0.0589643 0.998259 165.763 -0.0158424 0.998136 -0.0589336 -7.43526 -0.999873 -0.015728 0.00240602 -42.2861 
0.0175966 0.0541319 0.998379 166.45 -0.0205909 0.998341 -0.0537669 -7.48647 -0.999633 -0.0196114 0.0186821 -42.2486 
0.0339388 0.0475515 0.998292 167.135 -0.0216893 0.998667 -0.046832 -7.53375 -0.999189 -0.0200628 0.0349249 -42.2051 
0.0511482 0.0402121 0.997881 167.816 -0.02196 0.998993 -0.0391313 -7.57448 -0.99845 -0.019912 0.0519798 -42.1532 
0.0688672 0.0328426 0.997085 168.49 -0.0226437 0.999252 -0.03135 -7.61133 -0.997369 -0.0204187 0.0695594 -42.0884 
0.0859705 0.0268643 0.995935 169.156 -0.0245175 0.999391 -0.0248411 -7.64703 -0.995996 -0.0222822 0.0865768 -42.009 
0.104134 0.024591 0.994259 169.814 -0.0250635 0.999442 -0.0220941 -7.67921 -0.994247 -0.0226188 0.104692 -41.921 
0.12218 0.0232281 0.992236 170.462 -0.0236445 0.999511 -0.0204868 -7.70513 -0.992226 -0.0209578 0.12267 -41.824 
0.139658 0.0227254 0.989939 171.102 -0.0251077 0.999496 -0.0194026 -7.72762 -0.989882 -0.0221453 0.140158 -41.7132 
0.155568 0.0217243 0.987586 171.734 -0.0300242 0.9994 -0.0172546 -7.75011 -0.987369 -0.0269672 0.156127 -41.586 
0.16996 0.018114 0.985284 172.362 -0.032275 0.999397 -0.012806 -7.77291 -0.984922 -0.0296236 0.170442 -41.4524 
0.182328 0.014196 0.983135 172.985 -0.0287443 0.999545 -0.00910216 -7.79206 -0.982818 -0.0265999 0.182653 -41.3231 
0.193114 0.0131603 0.981088 173.601 -0.0268845 0.999606 -0.00811681 -7.81008 -0.980808 -0.0248086 0.193392 -41.1895 
0.203118 0.0167791 0.97901 174.205 -0.0309549 0.999463 -0.0107073 -7.83167 -0.978665 -0.0281304 0.203529 -41.0427 
0.212196 0.0239653 0.976933 174.801 -0.0351432 0.99924 -0.0168791 -7.85316 -0.976595 -0.0307509 0.212877 -40.8878 
0.221366 0.0337733 0.974606 175.387 -0.0348845 0.999035 -0.0266964 -7.87658 -0.974567 -0.028089 0.22233 -40.7399 
0.229812 0.0394623 0.972435 175.98 -0.0291682 0.999008 -0.0336475 -7.89588 -0.972798 -0.0206315 0.230735 -40.5954 
0.236486 0.0375219 0.97091 176.581 -0.0284101 0.999094 -0.0316912 -7.91685 -0.97122 -0.0200892 0.237337 -40.437 
0.242534 0.0300918 0.969676 177.191 -0.0308852 0.999252 -0.0232846 -7.93728 -0.969651 -0.0243013 0.243282 -40.2669 
0.24678 0.0196392 0.968872 177.801 -0.0355483 0.999305 -0.0112015 -7.96242 -0.968419 -0.0316775 0.247307 -40.0878 
0.2489 0.0112661 0.968464 178.413 -0.0354524 0.999368 -0.00251406 -7.98739 -0.96788 -0.0337087 0.249142 -39.9139 
0.249975 0.0106076 0.968194 179.027 -0.0321025 0.999481 -0.00266185 -8.00443 -0.96772 -0.0304161 0.250186 -39.7496 
0.251304 0.012516 0.967827 179.629 -0.0284721 0.999579 -0.00553354 -8.01682 -0.967489 -0.0261655 0.251555 -39.5885 
0.253028 0.0120091 0.967384 180.234 -0.0249586 0.999671 -0.00588168 -8.02538 -0.967137 -0.0226564 0.253244 -39.4223 
0.254871 0.00968371 0.966927 180.842 -0.0265807 0.999642 -0.00300495 -8.03423 -0.96661 -0.0249357 0.255037 -39.2491 
0.257948 0.00592899 0.966141 181.455 -0.0267265 0.999642 0.00100114 -8.04551 -0.965789 -0.0260798 0.258015 -39.0738 
0.261112 0.000517823 0.965308 182.074 -0.0258577 0.999645 0.0064582 -8.05919 -0.964962 -0.0266469 0.261032 -38.8963 
0.26553 -0.00227225 0.9641 182.691 -0.0246508 0.999654 0.00914537 -8.06585 -0.963788 -0.0261942 0.265382 -38.7145 
0.272145 -0.00460809 0.962245 183.315 -0.0225337 0.999684 0.0111605 -8.06735 -0.961992 -0.0247202 0.271955 -38.5304 
0.280259 -0.00782123 0.959893 183.937 -0.0209089 0.99968 0.0142502 -8.07093 -0.959697 -0.024064 0.280006 -38.3419 
0.290167 -0.0098991 0.956925 184.565 -0.0183333 0.999706 0.0159009 -8.0767 -0.9568 -0.0221575 0.2899 -38.1415 
0.301466 -0.00796436 0.953444 185.185 -0.0197099 0.999699 0.0145828 -8.08284 -0.953273 -0.0231885 0.301218 -37.9293 
0.313126 -0.00429618 0.949702 185.806 -0.0206791 0.999722 0.0113406 -8.08536 -0.949487 -0.02319 0.31295 -37.7063 
0.325168 -0.00115627 0.945656 186.44 -0.0215875 0.99973 0.00864538 -8.08326 -0.94541 -0.0232255 0.325055 -37.4745 
0.336998 -0.00103473 0.941505 187.064 -0.0199252 0.999768 0.00823075 -8.08288 -0.941294 -0.0215334 0.336899 -37.2374 
0.348342 -0.0042075 0.937358 187.688 -0.0190725 0.999751 0.0115754 -8.0846 -0.937174 -0.0219099 0.348175 -36.9874 
0.359404 -0.00547957 0.933166 188.316 -0.0201388 0.999704 0.0136267 -8.08646 -0.932965 -0.0236904 0.359187 -36.7216 
0.370817 -0.00607755 0.928686 188.946 -0.0217778 0.999647 0.0152377 -8.08682 -0.92845 -0.0258751 0.370554 -36.4477 
0.380451 -0.00725072 0.924773 189.579 -0.0255522 0.999505 0.0183489 -8.08326 -0.924448 -0.0306108 0.380078 -36.162 
0.387703 -0.00615863 0.921764 190.215 -0.0291826 0.999394 0.0189519 -8.08063 -0.921322 -0.0342472 0.387289 -35.8743 
0.392227 -0.00928771 0.919822 190.856 -0.0291037 0.999323 0.0225008 -8.07902 -0.919408 -0.0355956 0.391691 -35.5848 
0.394496 -0.0130589 0.918805 191.506 -0.0262328 0.999331 0.0254667 -8.07306 -0.918523 -0.0341494 0.39389 -35.2949 
0.39481 -0.0124559 0.918678 192.158 -0.0217221 0.999502 0.0228871 -8.06761 -0.918506 -0.0289917 0.394343 -35.0096 
0.393801 -0.0121447 0.919115 192.823 -0.0204614 0.999549 0.0219744 -8.06714 -0.918968 -0.0274599 0.393375 -34.7134 
0.393272 -0.011005 0.919356 193.494 -0.0167732 0.999676 0.0191416 -8.05822 -0.919269 -0.0229484 0.39296 -34.4196 
0.393125 -0.0129623 0.919394 194.173 -0.013506 0.999711 0.0198698 -8.04979 -0.919386 -0.0202286 0.392837 -34.1263 
0.392533 -0.0188277 0.919545 194.857 -0.00994055 0.999645 0.0247112 -8.04348 -0.919684 -0.0188407 0.392207 -33.8275 
0.391237 -0.0215801 0.920037 195.539 -0.010016 0.999566 0.0277047 -8.03807 -0.920236 -0.0200542 0.390851 -33.5252 
0.389401 -0.024168 0.920751 196.223 -0.00921802 0.999503 0.0301336 -8.03183 -0.921022 -0.0202215 0.388984 -33.2227 
0.388116 -0.0241478 0.921294 196.909 -0.0101322 0.999485 0.0304656 -8.01787 -0.921555 -0.0211589 0.387671 -32.9218 
0.386185 -0.0244295 0.922098 197.596 -0.0116143 0.999441 0.0313429 -8.00634 -0.922348 -0.0228137 0.385686 -32.6192 
0.384591 -0.0233658 0.922791 198.283 -0.0124152 0.999458 0.0304814 -8.00205 -0.923004 -0.0231795 0.384092 -32.3182 
0.383376 -0.0199665 0.923377 198.971 -0.0113217 0.99959 0.0263152 -7.99617 -0.923523 -0.0205428 0.382992 -32.0234 
0.382942 -0.0139431 0.923667 199.656 -0.0115189 0.999736 0.0198671 -7.98698 -0.9237 -0.0182476 0.382681 -31.7306 
0.381815 -0.0110468 0.924173 200.34 -0.0137638 0.99975 0.0176366 -7.97911 -0.924136 -0.019454 0.381567 -31.433 
0.380279 -0.0135971 0.924772 201.022 -0.0152576 0.999664 0.0209724 -7.97564 -0.924746 -0.0220852 0.379944 -31.1348 
0.379301 -0.0166623 0.925123 201.715 -0.0170724 0.999542 0.0250024 -7.97436 -0.925116 -0.0252775 0.378842 -30.8376 
0.376828 -0.0158783 0.926147 202.396 -0.0209343 0.999452 0.0256528 -7.97188 -0.926047 -0.0290549 0.376289 -30.542 
0.372145 -0.0156405 0.928043 203.078 -0.0236768 0.999373 0.0263371 -7.96494 -0.927873 -0.0317743 0.371541 -30.2516 
0.365608 -0.0169781 0.930614 203.771 -0.023123 0.999359 0.0273166 -7.95495 -0.930482 -0.0315057 0.364981 -29.9733 
0.356894 -0.0174495 0.933982 204.461 -0.0224872 0.999375 0.0272641 -7.95186 -0.933874 -0.030733 0.356279 -29.705 
0.346948 -0.0164524 0.93774 205.152 -0.0201078 0.999486 0.0249753 -7.95169 -0.937669 -0.0275211 0.346439 -29.4465 
0.336221 -0.0130929 0.941692 205.843 -0.0210377 0.999549 0.0214087 -7.945 -0.941548 -0.0270091 0.335794 -29.1908 
0.324675 -0.0129952 0.945736 206.538 -0.0238961 0.999474 0.0219372 -7.93455 -0.945524 -0.0297219 0.324193 -28.9395 
0.313793 -0.0210071 0.949259 207.244 -0.0187206 0.999424 0.0283057 -7.92706 -0.949307 -0.0266528 0.313219 -28.7043 
0.305302 -0.0298158 0.951789 207.952 -0.0143239 0.999253 0.0358973 -7.92217 -0.952148 -0.0245929 0.304647 -28.4769 
0.298154 -0.0352551 0.953867 208.661 -0.014039 0.999048 0.0413133 -7.90953 -0.954415 -0.025709 0.297375 -28.2471 
0.294052 -0.0361394 0.955106 209.372 -0.0194761 0.998851 0.0437908 -7.89278 -0.955591 -0.0314785 0.29301 -28.0121 
0.291634 -0.038251 0.955765 210.081 -0.0182765 0.998795 0.0455499 -7.87443 -0.956355 -0.030752 0.290583 -27.7876 
0.290113 -0.0392532 0.956187 210.794 -0.0172673 0.998781 0.0462408 -7.85542 -0.956837 -0.0299258 0.289082 -27.5627 
0.289349 -0.0372691 0.956498 211.508 -0.0175708 0.998867 0.0442353 -7.83436 -0.957063 -0.0296059 0.288366 -27.3314 
0.288774 -0.0351433 0.956752 212.225 -0.0210616 0.998851 0.0430467 -7.81261 -0.957166 -0.0325815 0.287702 -27.0941 
0.289261 -0.0357897 0.956581 212.945 -0.0215344 0.998805 0.0438813 -7.79055 -0.957008 -0.0332926 0.288144 -26.8618 
0.291 -0.0371751 0.956001 213.666 -0.0220241 0.99872 0.0455404 -7.76956 -0.95647 -0.0343073 0.289809 -26.6289 
0.292493 -0.039131 0.955467 214.392 -0.0206725 0.99867 0.0472289 -7.75115 -0.956044 -0.033566 0.291296 -26.3962 
0.294386 -0.0403334 0.954835 215.121 -0.0169992 0.99873 0.0474287 -7.73068 -0.955535 -0.0301938 0.293327 -26.1683 
0.29752 -0.0417583 0.953802 215.85 -0.0161087 0.998681 0.048748 -7.70509 -0.95458 -0.029868 0.296455 -25.9285 
0.301503 -0.0431536 0.952488 216.582 -0.0178101 0.998546 0.0508781 -7.6793 -0.953299 -0.0323038 0.300296 -25.6776 
0.306822 -0.0470811 0.950602 217.322 -0.0191838 0.998267 0.0556338 -7.65099 -0.951574 -0.0353058 0.305387 -25.4198 
0.311812 -0.0507365 0.948788 218.06 -0.0199114 0.998005 0.0599121 -7.62001 -0.949935 -0.037573 0.31018 -25.1604 
0.316177 -0.0506606 0.947347 218.798 -0.0212285 0.997945 0.0604515 -7.58849 -0.948463 -0.0392241 0.314452 -24.8952 
0.320445 -0.0460913 0.946145 219.527 -0.0262102 0.998002 0.0574946 -7.56177 -0.946905 -0.0432225 0.318596 -24.6232 
0.32508 -0.0400988 0.944836 220.261 -0.0309864 0.998113 0.0530211 -7.52602 -0.945179 -0.0465131 0.323224 -24.3484 
0.329723 -0.0369232 0.943355 221 -0.0348441 0.998078 0.0512439 -7.49355 -0.943434 -0.0497667 0.327803 -24.0682 
0.334042 -0.0370608 0.941829 221.739 -0.0367477 0.997955 0.0523028 -7.46627 -0.941842 -0.0520814 0.331997 -23.7856 
0.338005 -0.0347434 0.940503 222.478 -0.038417 0.997976 0.0506732 -7.44164 -0.94036 -0.0532591 0.335986 -23.4999 
0.342031 -0.0321023 0.93914 223.214 -0.0387026 0.998087 0.0482126 -7.41563 -0.938892 -0.0528373 0.340134 -23.2165 
0.346648 -0.0320019 0.937449 223.954 -0.0383775 0.998097 0.0482634 -7.39207 -0.93721 -0.0527073 0.34476 -22.9263 
0.35152 -0.0333372 0.935586 224.707 -0.0381386 0.998026 0.0498916 -7.36677 -0.935403 -0.0532198 0.349555 -22.6362 
0.35576 -0.0338948 0.933963 225.445 -0.0340077 0.998211 0.0491805 -7.34425 -0.933958 -0.0492584 0.353971 -22.3415 
0.360224 -0.0337888 0.932254 226.181 -0.0309987 0.998358 0.0481627 -7.32095 -0.932351 -0.046248 0.358586 -22.0468 
0.364292 -0.0315666 0.93075 226.912 -0.0320066 0.998411 0.0463887 -7.29506 -0.930735 -0.0466892 0.362703 -21.7439 
0.368933 -0.0319129 0.928908 227.646 -0.0364298 0.998146 0.0487604 -7.27127 -0.928742 -0.0518292 0.367086 -21.4302 
0.373425 -0.0320631 0.927106 228.378 -0.0394954 0.997947 0.0504213 -7.24611 -0.926819 -0.055445 0.371392 -21.1124 
0.377508 -0.0297746 0.925528 229.104 -0.0366876 0.998217 0.0470775 -7.22965 -0.925279 -0.0517275 0.375743 -20.8018 
0.381382 -0.0232083 0.924126 229.824 -0.0358496 0.998561 0.0398726 -7.21039 -0.923722 -0.0483362 0.380001 -20.4884 
0.384679 -0.0164645 0.922904 230.545 -0.0420875 0.998488 0.0353556 -7.18537 -0.922091 -0.0524433 0.383404 -20.1612 
0.387705 -0.0176399 0.921615 231.271 -0.047747 0.99809 0.0391899 -7.16365 -0.920546 -0.0591984 0.386122 -19.8298 
0.39028 -0.0278209 0.920276 232 -0.0470931 0.997632 0.0501312 -7.14187 -0.919491 -0.0629038 0.388045 -19.5025 
0.392246 -0.0400859 0.918987 232.739 -0.0434295 0.997129 0.0620313 -7.11011 -0.918835 -0.0642426 0.389379 -19.1785 
0.394011 -0.0478515 0.917859 233.471 -0.0447344 0.996462 0.0711527 -7.07598 -0.918017 -0.0690948 0.390476 -18.8474 
0.396338 -0.0496484 0.916761 234.203 -0.0460042 0.996209 0.0738398 -7.03989 -0.916951 -0.0714404 0.392551 -18.5125 
0.399096 -0.0450265 0.915803 234.924 -0.0457877 0.996569 0.0689513 -6.99892 -0.915765 -0.0694507 0.395665 -18.1827 
0.4032 -0.0392245 0.914271 235.641 -0.0445976 0.997052 0.0624439 -6.95657 -0.914025 -0.0659516 0.400262 -17.8526 
0.407714 -0.0350452 0.912437 236.359 -0.0441037 0.997341 0.0580137 -6.92112 -0.912044 -0.0638948 0.405085 -17.5166 
0.411863 -0.0330815 0.910645 237.077 -0.0423763 0.997564 0.0554049 -6.88791 -0.91026 -0.0614089 0.409458 -17.1782 
0.415711 -0.0309044 0.908972 237.785 -0.041861 0.997713 0.0530664 -6.857 -0.908533 -0.0601108 0.413467 -16.8346 
0.419784 -0.0323363 0.907048 238.509 -0.0406138 0.997695 0.0543641 -6.82284 -0.906715 -0.0596598 0.417503 -16.4863 
0.423226 -0.0374931 0.905248 239.232 -0.0388819 0.997471 0.0594911 -6.79104 -0.90519 -0.0603759 0.420698 -16.1356 
0.426266 -0.0434044 0.903556 239.957 -0.0368599 0.997185 0.0652913 -6.75556 -0.903847 -0.0611364 0.423466 -15.7803 
0.428702 -0.0488892 0.902122 240.679 -0.0355752 0.996847 0.0709286 -6.71669 -0.902745 -0.0625004 0.425611 -15.4234 
0.43073 -0.0541355 0.900856 241.407 -0.0337075 0.996538 0.0760022 -6.67109 -0.901851 -0.063102 0.427414 -15.062 
0.432416 -0.060735 0.899627 242.141 -0.032298 0.996045 0.0827688 -6.62292 -0.901096 -0.0648467 0.428744 -14.6995 
0.43413 -0.0613497 0.898759 242.869 -0.0325981 0.995955 0.0837304 -6.57387 -0.90026 -0.0656478 0.430375 -14.3332 
0.435884 -0.0496228 0.898634 243.581 -0.0416023 0.996301 0.0751953 -6.53117 -0.899041 -0.0701616 0.432207 -13.9589 
0.436502 -0.0360297 0.898982 244.292 -0.0434051 0.997191 0.0610412 -6.48589 -0.898656 -0.065665 0.433712 -13.5928 
0.437388 -0.0283374 0.898826 245.008 -0.0433241 0.997679 0.0525364 -6.44124 -0.898229 -0.0619196 0.435145 -13.2283 
