1 -4.23778e-08 4.22719e-08 0 -4.23778e-08 1 -4.19404e-08 0 4.22719e-08 -4.19404e-08 1 0 
0.999991 -0.00258338 -0.00342788 -0.00621943 0.00257592 0.999994 -0.00215383 -0.00385094 0.00343351 0.0021449 0.999992 0.677576 
0.99997 -0.00147208 -0.00756364 -0.0207156 0.00144369 0.999992 -0.00374615 -0.00658511 0.00756917 0.00373504 0.999964 1.37521 
0.99993 -0.00145127 -0.0117009 -0.038245 0.00138955 0.999985 -0.00527375 -0.0103368 0.0117085 0.00525704 0.999918 2.09286 
0.999857 -0.00010896 -0.016903 -0.0586846 9.20223e-06 0.999983 -0.00589679 -0.0161436 0.0169034 0.0058957 0.99984 2.82543 
0.99977 -0.00123359 -0.0213904 -0.0833375 0.00110345 0.999981 -0.00609097 -0.0248054 0.0213976 0.00606588 0.999753 3.56989 
0.999663 0.000499832 -0.0259692 -0.116606 -0.000694251 0.999972 -0.0074748 -0.0322599 0.0259648 0.00749023 0.999635 4.33194 
0.999512 0.00302565 -0.0310781 -0.152819 -0.0032792 0.999962 -0.00810788 -0.0414088 0.0310525 0.00820575 0.999484 5.11041 
0.999358 0.00344836 -0.0356625 -0.190453 -0.00368401 0.999972 -0.00654196 -0.0500831 0.035639 0.00666906 0.999342 5.90836 
0.999192 0.00253243 -0.040121 -0.23414 -0.0026923 0.999989 -0.00392919 -0.0593466 0.0401107 0.00403395 0.999187 6.71039 
0.999038 0.00242151 -0.0437779 -0.276649 -0.00248602 0.999996 -0.00141742 -0.0673465 0.0437744 0.0015248 0.99904 7.52506 
0.998903 0.00376541 -0.0466686 -0.3251 -0.00386315 0.99999 -0.0020025 -0.0764918 0.0466607 0.00218051 0.998908 8.34501 
0.998788 0.00321817 -0.0491122 -0.37425 -0.00333392 0.999992 -0.00227348 -0.0834341 0.0491045 0.00243438 0.998791 9.17182 
0.998701 0.000416929 -0.0509496 -0.421201 -0.000567199 0.999995 -0.00293334 -0.0898229 0.0509482 0.00295835 0.998697 10.0085 
0.998588 0.000337136 -0.053115 -0.47435 -0.000450922 0.999998 -0.00212873 -0.0986562 0.0531142 0.00214959 0.998586 10.8486 
0.998504 -0.00115812 -0.0546597 -0.529181 0.00103285 0.999997 -0.00231856 -0.109825 0.0546623 0.00225856 0.998502 11.7052 
0.998415 0.0010795 -0.0562624 -0.59596 -0.00135407 0.999987 -0.00484094 -0.118406 0.0562565 0.00490937 0.998404 12.5658 
0.998335 0.00146214 -0.0576704 -0.659184 -0.00189493 0.99997 -0.00744919 -0.128837 0.0576579 0.00754598 0.998308 13.4349 
0.998222 0.00526652 -0.0593772 -0.730217 -0.00581707 0.999942 -0.00910169 -0.14003 0.0593259 0.00943082 0.998194 14.3158 
0.998156 0.00627371 -0.0603748 -0.79582 -0.00680037 0.99994 -0.00852025 -0.156084 0.0603178 0.00891502 0.998139 15.2028 
0.998068 0.00523072 -0.0619037 -0.860189 -0.00567773 0.999959 -0.00704612 -0.170011 0.0618644 0.00738389 0.998057 16.0989 
0.997967 0.00586271 -0.0634647 -0.926777 -0.00622076 0.999966 -0.00544439 -0.185514 0.0634307 0.00582804 0.997969 17.0017 
0.997912 0.0055056 -0.0643593 -0.997412 -0.00586551 0.999968 -0.00540317 -0.198175 0.0643276 0.0057693 0.997912 17.9062 
0.997804 0.00519604 -0.0660308 -1.06938 -0.00562425 0.999964 -0.00629948 -0.212065 0.0659958 0.00665693 0.997798 18.8107 
0.997733 0.00375181 -0.0671924 -1.14185 -0.00422835 0.999967 -0.00695014 -0.226516 0.0671642 0.00721841 0.997716 19.7295 
0.997695 0.0037781 -0.0677511 -1.21452 -0.00414086 0.999978 -0.0052135 -0.239123 0.06773 0.00548195 0.997689 20.6535 
0.997688 0.00492183 -0.0677737 -1.2926 -0.00505661 0.999985 -0.00181597 -0.252229 0.0677639 0.0021544 0.997699 21.5833 
0.99774 0.0057487 -0.0669509 -1.36747 -0.00562924 0.999982 0.00197408 -0.2642 0.0669611 -0.00159282 0.997754 22.519 
0.997845 0.00472341 -0.0654383 -1.43826 -0.00441478 0.999978 0.00486149 -0.270841 0.06546 -0.00456221 0.997845 23.4579 
0.997947 0.00496131 -0.0638567 -1.51224 -0.00461915 0.999974 0.00550592 -0.274301 0.0638824 -0.00519974 0.997944 24.4026 
0.998023 0.00524272 -0.0626344 -1.5795 -0.00508529 0.999983 0.00267398 -0.2802 0.0626475 -0.00235027 0.998033 25.35 
0.998064 0.00594527 -0.061913 -1.64941 -0.00609046 0.999979 -0.0021552 -0.288579 0.061899 0.00252802 0.998079 26.3003 
0.998147 0.00508483 -0.0606397 -1.72075 -0.00540727 0.999972 -0.00515313 -0.296687 0.0606119 0.00547139 0.998146 27.2625 
0.998196 0.00253606 -0.0599768 -1.78895 -0.00278874 0.999988 -0.00412825 -0.306872 0.0599657 0.00428798 0.998191 28.2331 
0.998182 0.000543109 -0.0602641 -1.85693 -0.000490727 0.999999 0.000885374 -0.318099 0.0602647 -0.000854277 0.998182 29.2144 
0.998128 -0.00330512 -0.0610622 -1.92428 0.00357371 0.999984 0.00429122 -0.328707 0.0610471 -0.0045015 0.998125 30.1948 
0.997994 -0.0107632 -0.0623928 -1.98391 0.0110182 0.999932 0.00374491 -0.336589 0.0623484 -0.00442494 0.998045 31.1832 
0.997878 -0.0127272 -0.06385 -2.05054 0.0127349 0.999919 -0.000286183 -0.341104 0.0638486 -0.000527634 0.997959 32.165 
0.9978 -0.012402 -0.0651195 -2.12901 0.0121493 0.999917 -0.00427324 -0.353444 0.0651671 0.0034726 0.997868 33.137 
0.997682 -0.0106018 -0.067212 -2.21378 0.0102828 0.999934 -0.00508901 -0.365057 0.0672616 0.00438601 0.997726 34.1182 
0.997624 -0.010758 -0.0680535 -2.29191 0.0105289 0.999938 -0.0037221 -0.377207 0.0680894 0.00299664 0.997675 35.1179 
0.997577 -0.00739333 -0.0691747 -2.38597 0.00733134 0.999972 -0.0011488 -0.390447 0.0691814 0.000638788 0.997604 36.1112 
0.997495 -0.00741473 -0.0703425 -2.4703 0.00743328 0.999972 3.00593e-06 -0.401757 0.0703407 -0.000525961 0.997523 37.1164 
0.99742 -0.00608605 -0.0715219 -2.55196 0.00629203 0.999977 0.00265612 -0.41412 0.0715041 -0.00309937 0.997435 38.1162 
0.997436 -0.00620314 -0.071288 -2.63481 0.00661678 0.999963 0.00556885 -0.42117 0.0712509 -0.00602636 0.99744 39.1192 
0.997412 -0.000311322 -0.0718977 -2.73026 0.000877361 0.999969 0.00784251 -0.428777 0.0718931 -0.00788538 0.997381 40.1161 
0.997403 -0.000559534 -0.072014 -2.81742 0.00108827 0.999973 0.00730418 -0.436825 0.0720081 -0.00736367 0.997377 41.1207 
0.997401 -0.000440385 -0.0720537 -2.89873 0.000838995 0.999984 0.00550308 -0.442064 0.0720503 -0.00554931 0.997385 42.113 
0.997394 0.00175093 -0.072127 -2.98725 -0.0015115 0.999993 0.00337516 -0.451457 0.0721325 -0.00325743 0.99739 43.109 
0.997333 0.00128585 -0.0729672 -3.0702 -0.00105732 0.999994 0.00317153 -0.456295 0.0729709 -0.00308601 0.997329 44.1054 
0.997231 -0.000613035 -0.0743583 -3.1553 0.000947052 0.99999 0.00445792 -0.4661 0.0743548 -0.00451608 0.997222 45.1006 
0.997182 -6.17879e-05 -0.0750256 -3.2421 0.000475011 0.999985 0.00549101 -0.475907 0.0750242 -0.00551126 0.997166 46.0867 
0.997161 0.00245026 -0.0752599 -3.3312 -0.00231807 0.999996 0.00184488 -0.488548 0.0752642 -0.00166527 0.997162 47.0565 
0.997094 0.00296524 -0.0761245 -3.42053 -0.00315043 0.999992 -0.00231166 -0.498431 0.0761172 0.00254468 0.997096 48.0264 
0.997039 0.00375606 -0.0768 -3.50956 -0.0040341 0.999986 -0.00346442 -0.51347 0.076786 0.00376389 0.99704 49.0013 
0.997033 0.00266607 -0.0769215 -3.59606 -0.00267715 0.999996 -3.98246e-05 -0.527739 0.0769212 0.00024555 0.997037 49.9807 
0.997028 0.000689182 -0.077035 -3.68153 -0.000453071 0.999995 0.00308348 -0.540752 0.0770368 -0.0030395 0.997024 50.9517 
0.997003 -0.00125585 -0.0773564 -3.76309 0.00155453 0.999991 0.00380208 -0.55334 0.077351 -0.00391103 0.996996 51.9161 
0.996969 -0.00424604 -0.077678 -3.84545 0.00445885 0.999987 0.0025675 -0.564203 0.0776662 -0.00290616 0.996975 52.8737 
0.996919 -0.0069534 -0.0781276 -3.92598 0.00707442 0.999974 0.00127333 -0.575742 0.0781168 -0.0018222 0.996942 53.8289 
0.996818 -0.00847004 -0.079256 -4.01081 0.0086817 0.99996 0.00232738 -0.584881 0.0792332 -0.00300814 0.996851 54.7829 
0.996691 -0.0116543 -0.0804382 -4.09458 0.0122139 0.999904 0.00646959 -0.594314 0.0803552 -0.00743074 0.996739 55.7363 
0.996627 -0.0125135 -0.081101 -4.18072 0.0134818 0.999844 0.0114034 -0.59894 0.0809458 -0.0124584 0.996641 56.6904 
0.996605 -0.0107723 -0.0816226 -4.27196 0.0119269 0.999835 0.0136725 -0.60511 0.0814619 -0.0145997 0.996569 57.6351 
0.9965 -0.00968025 -0.0830235 -4.36071 0.0105249 0.999897 0.00974353 -0.612165 0.0829208 -0.0105833 0.9965 58.5652 
0.996402 -0.00818943 -0.0843601 -4.45212 0.00838044 0.999963 0.00191137 -0.61741 0.0843414 -0.00261155 0.996433 59.4862 
0.996344 -0.00665264 -0.0851745 -4.54524 0.00642278 0.999975 -0.00297147 -0.627499 0.0851923 0.00241346 0.996362 60.3963 
0.996281 -0.00161006 -0.0861511 -4.6427 0.0014345 0.999997 -0.00209872 -0.641779 0.0861543 0.00196724 0.99628 61.2967 
0.99615 0.00108323 -0.0876554 -4.73301 -0.00107653 0.999999 0.000124682 -0.654701 0.0876556 -2.99257e-05 0.996151 62.2059 
0.996064 0.00358102 -0.0885587 -4.82781 -0.00343926 0.999992 0.00175417 -0.672566 0.0885644 -0.00144278 0.996069 63.0948 
0.995961 0.00430604 -0.0896807 -4.91985 -0.00419277 0.99999 0.00145234 -0.682185 0.0896862 -0.00107055 0.995969 63.9601 
0.995806 0.0059866 -0.0912952 -5.01274 -0.00581867 0.999981 0.00210633 -0.692194 0.0913061 -0.00156637 0.995822 64.8174 
0.995664 0.00684695 -0.0927745 -5.10262 -0.0066205 0.999974 0.00274923 -0.705889 0.092791 -0.00212318 0.995683 65.6597 
0.995532 0.00685622 -0.0941738 -5.19352 -0.00658487 0.999973 0.00319272 -0.717081 0.0941932 -0.00255842 0.995551 66.4851 
0.995411 0.00657773 -0.0954659 -5.28285 -0.00619947 0.999972 0.00425918 -0.725292 0.0954913 -0.00364789 0.995423 67.2961 
0.995246 0.00930041 -0.0969514 -5.37372 -0.00867063 0.999938 0.00691591 -0.732454 0.0970098 -0.00604249 0.995265 68.0953 
0.995091 0.0108252 -0.0983706 -5.46314 -0.00978657 0.999891 0.011036 -0.742151 0.0984794 -0.0100192 0.995089 68.8809 
0.994875 0.0140179 -0.100134 -5.55323 -0.0128178 0.999838 0.0126195 -0.745558 0.100295 -0.0112714 0.994894 69.6584 
0.994711 0.0165651 -0.10137 -5.64738 -0.0157797 0.999839 0.00854518 -0.754406 0.101495 -0.00690048 0.994812 70.4079 
0.994578 0.0165311 -0.102666 -5.73599 -0.0164916 0.999863 0.00123389 -0.764741 0.102672 0.000465833 0.994715 71.1327 
0.994428 0.0155402 -0.104261 -5.81865 -0.0161191 0.999859 -0.00471209 -0.769323 0.104173 0.00636634 0.994539 71.8454 
0.994381 0.0164146 -0.104576 -5.90584 -0.0171365 0.999835 -0.00600727 -0.776545 0.104461 0.0077655 0.994499 72.5404 
0.994232 0.0191661 -0.10552 -5.99338 -0.0195414 0.999806 -0.00252372 -0.790743 0.105451 0.00457109 0.994414 73.2208 
0.99409 0.0191774 -0.106852 -6.07618 -0.0193094 0.999813 -0.000199846 -0.808784 0.106828 0.00226183 0.994275 73.8898 
0.994038 0.0159598 -0.107861 -6.15243 -0.0164247 0.999859 -0.00342254 -0.826261 0.107791 0.00517363 0.99416 74.5272 
0.994125 0.00770926 -0.107964 -6.21709 -0.00867576 0.999926 -0.00848446 -0.839821 0.10789 0.00937119 0.994119 75.144 
0.994257 0.00369344 -0.106957 -6.28378 -0.00513536 0.999899 -0.0132082 -0.856584 0.106898 0.0136816 0.994176 75.7439 
0.99456 0.00609773 -0.103986 -6.35254 -0.00755215 0.999879 -0.0135979 -0.866739 0.103891 0.0143091 0.994486 76.3294 
0.99494 0.0110493 -0.0998629 -6.42441 -0.0121794 0.999868 -0.0107127 -0.880973 0.0997315 0.0118747 0.994943 76.902 
0.995399 0.00956753 -0.0953398 -6.47932 -0.0103482 0.999917 -0.00769612 -0.891606 0.0952583 0.00864722 0.995415 77.4639 
0.995942 0.00582283 -0.0898103 -6.52193 -0.00616024 0.999975 -0.00347929 -0.904752 0.0897879 0.00401834 0.995953 78.0106 
0.996656 0.00145133 -0.0816934 -6.56096 -0.00145766 0.999999 -1.69302e-05 -0.918051 0.0816933 0.000135868 0.996657 78.5406 
0.99746 0.00505274 -0.0710473 -6.60007 -0.00507934 0.999987 -0.000192663 -0.928387 0.0710455 0.000552961 0.997473 79.0564 
0.998382 0.0103019 -0.0559123 -6.63634 -0.0103582 0.999946 -0.000715784 -0.938234 0.055902 0.00129369 0.998435 79.5586 
0.999164 0.0153872 -0.0378854 -6.65814 -0.0154125 0.999881 -0.00037525 -0.944013 0.0378752 0.00095876 0.999282 80.051 
0.999783 0.0137672 -0.0156562 -6.6581 -0.0137683 0.999905 4.23227e-05 -0.947985 0.0156554 0.000173162 0.999877 80.5312 
0.99989 0.0102314 0.01077 -6.63833 -0.010244 0.999947 0.00110185 -0.95796 -0.010758 -0.00121214 0.999941 80.9967 
0.999142 0.00916923 0.0403753 -6.60318 -0.00927969 0.999954 0.00254713 -0.964567 -0.04035 -0.0029197 0.999181 81.4519 
0.997257 0.00883382 0.0734802 -6.55444 -0.0091486 0.99995 0.00394727 -0.972426 -0.0734416 -0.00460876 0.997289 81.895 
0.993768 0.0087777 0.111119 -6.48556 -0.00932619 0.999947 0.00441646 -0.979076 -0.111075 -0.00542533 0.993797 82.3348 
0.988223 0.00897324 0.152754 -6.39587 -0.00976541 0.999942 0.00443584 -0.985292 -0.152706 -0.00587539 0.988254 82.7612 
0.980182 0.00865323 0.197909 -6.28781 -0.00974316 0.999942 0.00453362 -0.993864 -0.197858 -0.00637211 0.98021 83.1716 
0.968981 0.0108993 0.246894 -6.15943 -0.0118855 0.999926 0.00250412 -1.00511 -0.246848 -0.00536096 0.969039 83.5676 
0.953851 0.0118217 0.300046 -6.01091 -0.0122517 0.999925 -0.000448439 -1.01311 -0.300029 -0.00324841 0.953924 83.9445 
0.934439 0.0120622 0.355918 -5.83917 -0.0119878 0.999925 -0.00241508 -1.02269 -0.35592 -0.00200999 0.934514 84.3044 
0.910522 0.0128612 0.41326 -5.64796 -0.012122 0.999917 -0.00441112 -1.02751 -0.413283 -0.000993171 0.910602 84.6459 
0.881826 0.0129024 0.471398 -5.43733 -0.0113013 0.999917 -0.00622758 -1.03532 -0.471439 0.00016417 0.881899 84.9694 
0.848663 0.011242 0.528814 -5.20563 -0.00826473 0.999934 -0.0079941 -1.04639 -0.528869 0.00241374 0.8487 85.2661 
0.811972 0.0109657 0.583593 -4.95806 -0.00691005 0.999934 -0.00917478 -1.05581 -0.583655 0.00341696 0.811995 85.5486 
0.772074 0.00961979 0.635459 -4.69484 -0.00595223 0.999951 -0.00790587 -1.06809 -0.635504 0.00232147 0.772094 85.8144 
0.729059 0.00927628 0.684388 -4.41669 -0.00731694 0.999957 -0.00575916 -1.07578 -0.684412 -0.000808906 0.729095 86.0675 
0.683501 0.00834601 0.729902 -4.12354 -0.00667079 0.999964 -0.00518744 -1.08407 -0.729919 -0.00132345 0.683532 86.2978 
0.636484 0.00712917 0.771257 -3.81866 -0.00345665 0.999974 -0.00639084 -1.09188 -0.771282 0.00140167 0.636492 86.5035 
0.589168 0.00450546 0.807998 -3.49885 0.0022393 0.999971 -0.00720887 -1.10003 -0.808007 0.00605656 0.589141 86.6891 
0.541858 0.00669263 0.840443 -3.17764 0.000285623 0.999967 -0.00814722 -1.1097 -0.84047 0.00465466 0.541838 86.8627 
0.494156 0.00969161 0.869319 -2.85127 -0.00347566 0.999952 -0.00917238 -1.11845 -0.869366 0.0015111 0.494166 87.0215 
0.448198 0.0119358 0.893854 -2.51829 -0.00434265 0.999928 -0.0111749 -1.12809 -0.893924 0.00112684 0.448218 87.1606 
0.405715 0.00937147 0.913952 -2.17174 0.00287343 0.999929 -0.0115287 -1.1344 -0.913995 0.00730354 0.405659 87.2722 
0.365974 0.0018219 0.930623 -1.81252 0.0179996 0.999797 -0.00903591 -1.13652 -0.930451 0.0200578 0.365867 87.3615 
0.330458 -0.00172522 0.943819 -1.45181 0.0223078 0.999733 -0.00598328 -1.13951 -0.943557 0.0230318 0.330408 87.4546 
0.297134 0.00241302 0.954833 -1.08812 0.0197194 0.999768 -0.00866316 -1.14584 -0.954632 0.0214029 0.297018 87.553 
0.265954 0.0101938 0.963932 -0.727651 0.00883624 0.999876 -0.013012 -1.16127 -0.963945 0.0119781 0.265831 87.6542 
0.237558 0.0147189 0.971262 -0.348907 0.00436837 0.999859 -0.0162208 -1.17699 -0.971364 0.00809619 0.23746 87.7412 
0.211828 0.0164409 0.977169 0.0431567 0.00566395 0.999821 -0.0180499 -1.19065 -0.97729 0.00935811 0.211697 87.811 
0.18852 0.0176857 0.98191 0.445135 0.0131672 0.999702 -0.0205343 -1.2019 -0.981981 0.0168001 0.188231 87.8644 
0.168336 0.0239757 0.985438 0.853665 0.0199921 0.999415 -0.027731 -1.20186 -0.985527 0.024369 0.167758 87.9105 
0.148592 0.0307746 0.98842 1.27364 0.0222164 0.999159 -0.0344489 -1.20262 -0.988649 0.0270779 0.147783 87.9636 
0.130918 0.0316033 0.990889 1.70812 0.0195625 0.999215 -0.0344536 -1.21781 -0.9912 0.0238948 0.130197 88.0202 
0.115546 0.027187 0.99293 2.16421 0.0179755 0.999404 -0.0294562 -1.24044 -0.993139 0.021252 0.114989 88.0712 
0.101038 0.0240133 0.994593 2.63076 0.0179993 0.999501 -0.0259604 -1.26078 -0.99472 0.020525 0.100555 88.1151 
0.0879818 0.0213177 0.995894 3.11312 0.0204252 0.999522 -0.0231999 -1.27934 -0.995913 0.0223825 0.0875044 88.1495 
0.0763053 0.0205221 0.996873 3.60662 0.0244516 0.999449 -0.0224468 -1.29411 -0.996785 0.026088 0.0757614 88.1805 
0.0661667 0.0211878 0.997584 4.12121 0.0278655 0.999345 -0.0230736 -1.30601 -0.997419 0.0293249 0.065533 88.2102 
0.0582465 0.021724 0.998066 4.65174 0.0298357 0.999279 -0.0234917 -1.32184 -0.997856 0.0311463 0.0575564 88.2406 
0.052638 0.022051 0.99837 5.19788 0.0313935 0.999225 -0.0237252 -1.33724 -0.99812 0.0325911 0.0519049 88.2693 
0.0471791 0.0231263 0.998619 5.76225 0.0327277 0.999159 -0.0246852 -1.35331 -0.99835 0.0338471 0.0463825 88.2947 
0.0413154 0.0238156 0.998862 6.34426 0.0333536 0.999126 -0.0252015 -1.37066 -0.998589 0.0343569 0.0404849 88.3205 
0.0369091 0.0239396 0.999032 6.94766 0.0357787 0.99904 -0.0252618 -1.38607 -0.998678 0.0366765 0.0360172 88.3443 
0.034182 0.0238235 0.999132 7.56562 0.0374891 0.998982 -0.0251026 -1.40548 -0.998712 0.0383146 0.0332541 88.3638 
0.0310118 0.0234182 0.999245 8.20574 0.0382896 0.998964 -0.0246 -1.42448 -0.998785 0.0390236 0.030083 88.3896 
0.0287947 0.0228431 0.999324 8.86305 0.0404326 0.998894 -0.0239983 -1.44376 -0.998767 0.0410963 0.0278392 88.4107 
0.0280939 0.0224153 0.999354 9.53802 0.044855 0.998713 -0.023662 -1.46533 -0.998598 0.0454908 0.0270523 88.4308 
0.0291685 0.0220708 0.999331 10.2305 0.0485028 0.998547 -0.0234693 -1.48587 -0.998397 0.0491549 0.0280556 88.4534 
0.0315761 0.0221013 0.999257 10.9376 0.0501573 0.998461 -0.0236687 -1.50554 -0.998242 0.0508674 0.030419 88.4826 
0.0354643 0.0220728 0.999127 11.6608 0.052625 0.998328 -0.0239232 -1.52655 -0.997984 0.0534275 0.0342434 88.5149 
0.0399309 0.0216244 0.998968 12.4041 0.0531345 0.998305 -0.0237341 -1.54898 -0.997789 0.0540274 0.0387142 88.5521 
0.043969 0.0200048 0.998833 13.164 0.0546639 0.998253 -0.0223996 -1.56958 -0.997536 0.055585 0.0427987 88.5946 
0.0480463 0.0185508 0.998673 13.9339 0.0545079 0.998289 -0.0211662 -1.5909 -0.997357 0.0554525 0.0469529 88.6417 
0.0523554 0.0165457 0.998491 14.7239 0.0513927 0.998493 -0.0192406 -1.61244 -0.997305 0.0523225 0.0514262 88.695 
0.0562719 0.0155863 0.998294 15.5234 0.0505184 0.998553 -0.018438 -1.63232 -0.997136 0.0514698 0.0554031 88.7556 
0.0605033 0.0164943 0.998032 16.3284 0.0478953 0.998664 -0.0194084 -1.6576 -0.997018 0.0489753 0.0596324 88.8179 
0.0636602 0.0207329 0.997756 17.1327 0.0459373 0.998663 -0.0236828 -1.6824 -0.996914 0.0473419 0.0626227 88.8822 
0.0650005 0.0261492 0.997542 17.9422 0.0400791 0.998781 -0.0287934 -1.70998 -0.99708 0.0418522 0.0638733 88.9562 
0.0647643 0.0292774 0.997471 18.7573 0.0374311 0.998795 -0.0317467 -1.74077 -0.997198 0.0393925 0.0635904 89.0248 
0.0650472 0.0288539 0.997465 19.5757 0.0350985 0.998897 -0.0311843 -1.77259 -0.997265 0.037038 0.0639627 89.0908 
0.0651397 0.0271734 0.997506 20.4021 0.0325592 0.999039 -0.0293415 -1.80836 -0.997345 0.0343893 0.0641924 89.1596 
0.0648727 0.0258339 0.997559 21.2222 0.0334725 0.999046 -0.0280492 -1.843 -0.997332 0.0352105 0.0639461 89.2249 
0.065379 0.0253699 0.997538 22.0454 0.0310235 0.999142 -0.027444 -1.87674 -0.997378 0.0327414 0.0645359 89.2924 
0.06544 0.0257119 0.997525 22.8651 0.0293771 0.999185 -0.027682 -1.9117 -0.997424 0.0311159 0.0646313 89.3609 
0.0656481 0.0263903 0.997494 23.6848 0.0265223 0.999251 -0.0281824 -1.94627 -0.99749 0.028306 0.064899 89.4272 
0.0645083 0.027759 0.997531 24.5041 0.0236987 0.999288 -0.0293405 -1.98065 -0.997636 0.0255329 0.0638045 89.4933 
0.0617647 0.0274053 0.997714 25.3228 0.0205491 0.999376 -0.0287232 -2.01359 -0.997879 0.0222762 0.061163 89.5578 
0.0580569 0.0261594 0.99797 26.1383 0.0183162 0.99946 -0.027264 -2.04709 -0.998145 0.0198619 0.0575464 89.6152 
0.0534294 0.0238478 0.998287 26.9534 0.0164087 0.999559 -0.0247564 -2.07976 -0.998437 0.0177033 0.0530145 89.6679 
0.0471792 0.0216827 0.998651 27.768 0.0144332 0.999645 -0.0223862 -2.11311 -0.998782 0.0154699 0.0468496 89.7171 
0.0398505 0.0221001 0.998961 28.5717 0.0140174 0.999645 -0.0226745 -2.14239 -0.999107 0.0149065 0.0395265 89.7571 
0.0312097 0.0229673 0.999249 29.3732 0.0139175 0.999629 -0.0234108 -2.17345 -0.999416 0.0146377 0.0308785 89.7905 
0.0213675 0.0235612 0.999494 30.1805 0.0145896 0.999608 -0.0238759 -2.19899 -0.999665 0.0150923 0.0210154 89.812 
0.0110792 0.0225225 0.999685 30.9773 0.0158055 0.999617 -0.0226963 -2.23025 -0.999814 0.016052 0.010719 89.8275 
0.000426534 0.0216098 0.999766 31.7726 0.0148967 0.999655 -0.0216138 -2.2592 -0.999889 0.0149025 0.000104473 89.8343 
-0.0106766 0.0208477 0.999726 32.56 0.0161783 0.999655 -0.0206736 -2.28715 -0.999812 0.0159531 -0.0110102 89.8294 
-0.0216516 0.0212064 0.999541 33.3429 0.0163755 0.999648 -0.020854 -2.31567 -0.999631 0.0159165 -0.0219913 89.8182 
-0.0327116 0.0216903 0.999229 34.1169 0.0165426 0.999639 -0.0211577 -2.34508 -0.999328 0.0158377 -0.0330586 89.7987 
-0.043316 0.0228988 0.998799 34.8895 0.0162029 0.999622 -0.0222151 -2.372 -0.99893 0.0152211 -0.0436707 89.7702 
-0.0536167 0.0239584 0.998274 35.6555 0.0170885 0.999588 -0.0230722 -2.39879 -0.998415 0.0158219 -0.054004 89.7345 
-0.0631534 0.0247737 0.997696 36.4163 0.0179648 0.999558 -0.0236829 -2.42492 -0.997842 0.0164277 -0.0635705 89.6912 
-0.0727392 0.025265 0.997031 37.1677 0.0186883 0.999538 -0.0239652 -2.45241 -0.997176 0.0168896 -0.0731777 89.6386 
-0.0822049 0.0256636 0.996285 37.9099 0.019483 0.999519 -0.0241394 -2.48102 -0.996425 0.0174262 -0.0826654 89.5839 
-0.0907309 0.0251168 0.995559 38.6479 0.0207357 0.999513 -0.0233269 -2.50887 -0.995659 0.0185271 -0.0912075 89.5215 
-0.0980748 0.023973 0.99489 39.3714 0.0228729 0.9995 -0.0218294 -2.53784 -0.994916 0.0206151 -0.0985741 89.4535 
-0.103167 0.022235 0.994415 40.0942 0.0257488 0.999475 -0.0196769 -2.56658 -0.994331 0.023575 -0.103685 89.3787 
-0.1068 0.0205532 0.994068 40.807 0.0287404 0.999432 -0.0175764 -2.59313 -0.993865 0.0266928 -0.10733 89.303 
-0.109396 0.0195267 0.993806 41.509 0.0306181 0.999399 -0.0162663 -2.61521 -0.993527 0.028649 -0.109928 89.2287 
-0.111294 0.0186406 0.993613 42.2033 0.0308876 0.999406 -0.0152897 -2.6391 -0.993307 0.0289886 -0.111804 89.1593 
-0.111994 0.0191695 0.993524 42.8804 0.0316994 0.999374 -0.0157092 -2.66003 -0.993203 0.0297347 -0.112531 89.0919 
-0.110982 0.0202058 0.993617 43.5436 0.032635 0.999328 -0.0166768 -2.68201 -0.993286 0.0305759 -0.111567 89.0208 
-0.108117 0.0218296 0.993898 44.19 0.0334993 0.999271 -0.0183036 -2.70401 -0.993574 0.031316 -0.108769 88.9604 
-0.102848 0.0224159 0.994444 44.8159 0.0335813 0.999254 -0.0190513 -2.72532 -0.99413 0.0314354 -0.103524 88.9048 
-0.0947967 0.0228062 0.995235 45.4131 0.0325614 0.999274 -0.0197973 -2.75647 -0.994964 0.0305296 -0.0954705 88.8547 
-0.0836861 0.0227349 0.996233 45.9939 0.0314934 0.999301 -0.0201595 -2.77968 -0.995994 0.0296877 -0.0843436 88.8203 
-0.0699354 0.0229305 0.997288 46.5633 0.0307752 0.999309 -0.0208189 -2.80368 -0.997077 0.0292358 -0.0705928 88.796 
-0.0527846 0.0242776 0.998311 47.1132 0.0298543 0.999296 -0.0227231 -2.82678 -0.998159 0.0286044 -0.0534722 88.7864 
-0.0314254 0.0267789 0.999147 47.6493 0.0282733 0.999265 -0.0258929 -2.84984 -0.999106 0.0274355 -0.0321594 88.7878 
-0.00665441 0.0297533 0.999535 48.1822 0.0263305 0.999216 -0.0295686 -2.87383 -0.999631 0.0261215 -0.00743261 88.8058 
0.0218746 0.0315493 0.999263 48.7106 0.0246163 0.999182 -0.0320857 -2.89519 -0.999458 0.0253 0.0210801 88.8377 
0.0552795 0.0309016 0.997993 49.2364 0.0225184 0.999228 -0.0321872 -2.9203 -0.998217 0.0242525 0.054541 88.8901 
0.0938547 0.0284851 0.995178 49.7553 0.021599 0.999297 -0.0306401 -2.94034 -0.995351 0.0243706 0.0931735 88.9568 
0.136285 0.0247326 0.990361 50.2725 0.019312 0.999432 -0.0276168 -2.96335 -0.990481 0.0228896 0.13573 89.0543 
0.182385 0.0205251 0.983013 50.7735 0.0171888 0.999563 -0.0240599 -2.9832 -0.983077 0.0212849 0.181952 89.166 
0.231396 0.0173684 0.972705 51.267 0.0126997 0.999701 -0.0208717 -3.0029 -0.972777 0.0171826 0.231106 89.3112 
0.283838 0.0158771 0.958741 51.7404 0.00922743 0.999771 -0.0192885 -3.02027 -0.958828 0.0143215 0.283627 89.4735 
0.339766 0.0151632 0.940388 52.2063 0.00801449 0.999787 -0.0190167 -3.04271 -0.940476 0.013998 0.339572 89.6637 
0.398547 0.0155373 0.917016 52.6613 0.0101716 0.99972 -0.0213593 -3.05862 -0.917092 0.0178402 0.398277 89.886 
0.458541 0.0188448 0.888473 53.0871 0.0107844 0.999583 -0.0267674 -3.07621 -0.888608 0.0218555 0.458147 90.14 
0.517976 0.0219111 0.855114 53.4845 0.0117846 0.999394 -0.0327466 -3.09539 -0.855314 0.0270391 0.517404 90.421 
0.57568 0.0262688 0.817253 53.8545 0.00724473 0.999281 -0.037223 -3.11258 -0.817643 0.0273493 0.575076 90.738 
0.631253 0.0287388 0.775044 54.2078 0.00331802 0.999204 -0.0397533 -3.13272 -0.77557 0.027666 0.630655 91.0836 
0.683674 0.0295389 0.729189 54.5254 0.00147876 0.999122 -0.0418603 -3.15033 -0.729786 0.0296971 0.68303 91.4401 
0.731931 0.0276811 0.680816 54.8088 0.000661289 0.999145 -0.0413351 -3.17052 -0.681378 0.0307046 0.731287 91.8094 
0.776649 0.0243112 0.629465 55.0729 -0.00186332 0.999339 -0.0362977 -3.19027 -0.629931 0.0270176 0.776181 92.205 
0.817357 0.019705 0.575795 55.3087 -0.00314323 0.999552 -0.0297453 -3.20695 -0.576123 0.0225026 0.817053 92.6202 
0.853202 0.0172275 0.521296 55.5146 -0.00578208 0.999705 -0.0235744 -3.22232 -0.521548 0.0170995 0.85305 93.052 
0.883751 0.0139785 0.467749 55.6943 -0.00698983 0.999836 -0.0166736 -3.23554 -0.467906 0.0114658 0.883704 93.4942 
0.908778 0.0146134 0.417024 55.8469 -0.0108911 0.999877 -0.0113041 -3.25275 -0.417138 0.00573104 0.908825 93.9445 
0.928399 0.0166073 0.371214 55.9782 -0.0147642 0.99986 -0.00780684 -3.26821 -0.371292 0.00176713 0.928514 94.3955 
0.943323 0.02235 0.331123 56.092 -0.0218393 0.999748 -0.00526362 -3.27747 -0.331157 -0.00226626 0.943573 94.8595 
0.954776 0.026633 0.296131 56.1909 -0.0259137 0.999644 -0.00635451 -3.28363 -0.296195 -0.00160681 0.955126 95.3283 
0.963778 0.0285597 0.265173 56.2939 -0.0279006 0.999591 -0.0062529 -3.28979 -0.265244 -0.00137217 0.96418 95.802 
0.969748 0.0227476 0.243047 56.3997 -0.0219269 0.999741 -0.00608247 -3.29646 -0.243122 0.000569128 0.969995 96.2837 
0.973552 0.0199114 0.227596 56.4969 -0.0191783 0.999801 -0.00543243 -3.30885 -0.227659 0.000923766 0.97374 96.7731 
0.976339 0.023937 0.214918 56.5841 -0.023242 0.999713 -0.00576093 -3.31586 -0.214994 0.000629413 0.976615 97.2711 
0.978281 0.0293168 0.205199 56.6689 -0.0288216 0.99957 -0.00540313 -3.31799 -0.205269 -0.000628435 0.978705 97.7786 
0.979257 0.0371265 0.199189 56.7507 -0.0365041 0.99931 -0.00679758 -3.3228 -0.199304 -0.000614719 0.979937 98.2938 
0.979618 0.042968 0.196222 56.8353 -0.0417293 0.999074 -0.0104452 -3.33312 -0.196489 0.00204402 0.980504 98.8176 
0.979737 0.0441607 0.195361 56.9326 -0.0424517 0.999015 -0.0129289 -3.34625 -0.195739 0.00437345 0.980646 99.3522 
0.979316 0.0426017 0.197802 57.0388 -0.0401316 0.999058 -0.0164817 -3.35843 -0.198317 0.00820266 0.980103 99.8898 
0.978627 0.040859 0.201541 57.1531 -0.0369834 0.999052 -0.0229602 -3.36764 -0.202288 0.0150157 0.979211 100.436 
0.977803 0.0409078 0.205495 57.271 -0.0359588 0.998967 -0.0277626 -3.37771 -0.206419 0.0197569 0.978264 100.997 
0.976633 0.0459194 0.209949 57.3827 -0.0410773 0.998781 -0.0273687 -3.39442 -0.21095 0.018105 0.977329 101.58 
0.975233 0.0489466 0.215697 57.4988 -0.0449291 0.998714 -0.0234929 -3.41068 -0.216569 0.0132199 0.976178 102.177 
0.974303 0.0459991 0.220493 57.6301 -0.0428796 0.998901 -0.0189166 -3.42821 -0.22112 0.00897578 0.975205 102.785 
0.973652 0.0414824 0.224234 57.7741 -0.039524 0.999131 -0.0132178 -3.44613 -0.224587 0.00400682 0.974446 103.404 
0.972883 0.0389085 0.228002 57.9158 -0.0379261 0.999243 -0.00869061 -3.45944 -0.228167 -0.00019234 0.973622 104.037 
0.972374 0.0342412 0.230903 58.0644 -0.0332877 0.999414 -0.00802532 -3.47293 -0.231042 0.000117318 0.972944 104.672 
0.97244 0.0306877 0.231124 58.2166 -0.0289273 0.999521 -0.0110028 -3.48742 -0.23135 0.00401372 0.972862 105.32 
0.972578 0.0295046 0.230699 58.3635 -0.0260816 0.9995 -0.0178741 -3.50708 -0.231111 0.0113668 0.972861 105.965 
0.972724 0.0316248 0.229798 58.509 -0.0266733 0.999341 -0.0246229 -3.52206 -0.230425 0.0178218 0.972927 106.628 
0.973266 0.0344569 0.227079 58.6538 -0.0287239 0.999181 -0.0285041 -3.53544 -0.227875 0.0212194 0.973459 107.307 
0.973873 0.0328056 0.224711 58.8049 -0.0280653 0.999312 -0.0242582 -3.55357 -0.225352 0.0173177 0.974123 108.013 
0.974327 0.0287187 0.223297 58.9619 -0.0256278 0.999531 -0.0167287 -3.57268 -0.223673 0.0105765 0.974607 108.727 
0.974908 0.029014 0.220708 59.1142 -0.0272753 0.999568 -0.0109223 -3.59435 -0.22093 0.0046283 0.975279 109.45 
0.975204 0.032237 0.218948 59.2617 -0.0304311 0.999469 -0.0116168 -3.61291 -0.219207 0.00466582 0.975667 110.187 
0.975458 0.0381031 0.216865 59.4045 -0.0354173 0.99924 -0.0162596 -3.62747 -0.21732 0.00817968 0.976066 110.927 
0.976313 0.0388069 0.212855 59.5548 -0.035027 0.999155 -0.0215024 -3.64464 -0.213509 0.0135373 0.976847 111.673 
0.977241 0.0371884 0.208847 59.7089 -0.0328275 0.999165 -0.0243103 -3.66406 -0.209577 0.0169011 0.977646 112.438 
0.978177 0.0349239 0.204819 59.8656 -0.0308833 0.999261 -0.0228929 -3.68554 -0.205467 0.0160677 0.978532 113.213 
0.979033 0.0308624 0.201349 60.0223 -0.0272181 0.999412 -0.020844 -3.70908 -0.201873 0.0149265 0.979298 114 
0.979468 0.0296955 0.199401 60.1764 -0.0266282 0.999482 -0.0180479 -3.73363 -0.199834 0.0123675 0.979752 114.798 
0.979809 0.0264163 0.198184 60.3315 -0.0237596 0.999593 -0.0157721 -3.75193 -0.19852 0.0107448 0.980038 115.61 
0.980057 0.020936 0.19761 60.4955 -0.0184226 0.999724 -0.0145495 -3.77245 -0.19786 0.0106188 0.980173 116.419 
0.980179 0.021782 0.196912 60.6453 -0.0196089 0.999723 -0.0129797 -3.7929 -0.19714 0.0088611 0.980335 117.234 
0.979971 0.0269457 0.197309 60.7901 -0.0244491 0.999587 -0.0150793 -3.81117 -0.197634 0.00995319 0.980225 118.061 
0.979683 0.0326453 0.197877 60.9363 -0.0295692 0.999392 -0.0184815 -3.83092 -0.198359 0.0122549 0.980053 118.892 
0.979188 0.0414089 0.198688 61.0838 -0.038149 0.999068 -0.0202094 -3.84961 -0.199339 0.012209 0.979854 119.723 
0.978298 0.047414 0.201704 61.2318 -0.0443616 0.998823 -0.0196299 -3.87349 -0.202397 0.0102559 0.97925 120.563 
0.977566 0.049973 0.204615 61.3881 -0.0473482 0.998721 -0.0177074 -3.89933 -0.205239 0.00762187 0.978682 121.411 
0.976954 0.0504451 0.207405 61.5474 -0.0476615 0.998694 -0.0183996 -3.92876 -0.208063 0.00809025 0.978082 122.262 
0.976678 0.0489026 0.209068 61.7187 -0.0454805 0.998741 -0.0211477 -3.95179 -0.209839 0.0111459 0.977672 123.106 
0.976668 0.0426883 0.21047 61.8975 -0.0393998 0.999027 -0.0197955 -3.97854 -0.211111 0.011041 0.9774 123.95 
0.976889 0.0360166 0.21069 62.0756 -0.0322776 0.999255 -0.02116 -4.0076 -0.211295 0.0138703 0.977324 124.788 
0.97667 0.0353303 0.211819 62.2506 -0.0315357 0.999276 -0.0212677 -4.03754 -0.212417 0.0140916 0.977077 125.64 
0.976173 0.0378655 0.213663 62.4214 -0.0347272 0.999227 -0.0184238 -4.06095 -0.214196 0.0105648 0.976734 126.49 
0.975751 0.0401445 0.215171 62.5869 -0.0382927 0.999185 -0.0127699 -4.08509 -0.215508 0.00422067 0.976493 127.334 
0.975427 0.043576 0.215972 62.7543 -0.0427489 0.99905 -0.00850214 -4.11114 -0.216138 -0.000939448 0.976362 128.171 
0.975228 0.0426777 0.217045 62.9265 -0.0403851 0.999072 -0.0149902 -4.13705 -0.217483 0.00585338 0.976046 129.002 
0.97548 0.0384405 0.216705 63.105 -0.0328589 0.99903 -0.0293034 -4.16449 -0.217621 0.0214641 0.975797 129.815 
0.975704 0.0360838 0.216102 63.2812 -0.0284629 0.998862 -0.0382755 -4.19463 -0.217237 0.0311946 0.97562 130.624 
0.975981 0.0331065 0.215323 63.4546 -0.0274104 0.999192 -0.0293873 -4.22078 -0.216122 0.0227793 0.976101 131.451 
0.976421 0.0263884 0.214256 63.6328 -0.0251266 0.999647 -0.00861114 -4.25016 -0.214408 0.00302448 0.976739 132.295 
0.976767 0.0226477 0.213102 63.8097 -0.0246219 0.999675 0.0066139 -4.2784 -0.212883 -0.0117073 0.977008 133.139 
0.976781 0.0272932 0.212492 63.9704 -0.0281006 0.999605 0.000779628 -4.2949 -0.212387 -0.00673275 0.977162 133.952 
0.976971 0.0352989 0.210431 64.1227 -0.0328029 0.999344 -0.0153419 -4.30554 -0.210834 0.00808575 0.977488 134.762 
0.977217 0.0353405 0.209279 64.2839 -0.0311459 0.999243 -0.0233064 -4.32076 -0.209944 0.0162571 0.977578 135.579 
0.977824 0.0311295 0.2071 64.4512 -0.0267545 0.999356 -0.0238932 -4.3523 -0.20771 0.0178224 0.978028 136.397 
0.978412 0.0305996 0.204385 64.6095 -0.0266175 0.999399 -0.0222056 -4.38605 -0.204941 0.016286 0.978639 137.221 
0.979171 0.0302533 0.200769 64.7617 -0.026039 0.999382 -0.0235998 -4.41202 -0.201359 0.0178804 0.979354 138.04 
0.980137 0.0313089 0.195836 64.9086 -0.0269018 0.999322 -0.0251247 -4.44018 -0.19649 0.0193572 0.980315 138.852 
0.980505 0.0363078 0.19311 65.0444 -0.032031 0.999168 -0.0252248 -4.47243 -0.193865 0.0185475 0.980853 139.662 
0.98066 0.0425171 0.191043 65.1763 -0.0383182 0.998937 -0.0256217 -4.49876 -0.191929 0.0178057 0.981247 140.468 
0.980992 0.0438005 0.189042 65.3176 -0.0400712 0.99892 -0.0235065 -4.52989 -0.189867 0.0154844 0.981688 141.277 
0.981315 0.0414532 0.187891 65.4597 -0.0386137 0.999078 -0.01875 -4.55835 -0.188495 0.0111444 0.982011 142.085 
0.981732 0.0398018 0.18606 65.6026 -0.0369588 0.999141 -0.0187256 -4.58598 -0.186645 0.0115069 0.98236 142.89 
0.982303 0.0379565 0.183409 65.7431 -0.0345548 0.999167 -0.021709 -4.61562 -0.184081 0.0149871 0.982797 143.685 
0.98336 0.0333215 0.178587 65.8825 -0.0292684 0.999252 -0.0252833 -4.64469 -0.179295 0.0196355 0.983599 144.475 
0.984634 0.0302907 0.171981 66.0165 -0.0261721 0.999315 -0.0261664 -4.67316 -0.172656 0.0212632 0.984753 145.262 
0.985792 0.0283123 0.16557 66.1369 -0.0251849 0.999463 -0.0209587 -4.69807 -0.166074 0.016491 0.985975 146.063 
0.986897 0.0257049 0.159293 66.2552 -0.0240075 0.999633 -0.0125718 -4.721 -0.159557 0.0085828 0.987151 146.87 
0.987561 0.0226811 0.155593 66.3765 -0.0224426 0.999743 -0.0032901 -4.74005 -0.155627 -0.000242813 0.987816 147.681 
0.98806 0.0292992 0.151255 66.4771 -0.0295234 0.999564 -0.000764194 -4.75492 -0.151212 -0.00371058 0.988494 148.484 
0.988668 0.0321457 0.146633 66.5732 -0.0316744 0.999483 -0.00554882 -4.76911 -0.146736 0.000841336 0.989175 149.281 
0.989797 0.0323175 0.138772 66.6757 -0.0304277 0.999413 -0.0157188 -4.78699 -0.139199 0.0113358 0.990199 150.075 
0.990793 0.0290388 0.132235 66.7746 -0.0264569 0.999424 -0.0212412 -4.79882 -0.132776 0.017547 0.990991 150.877 
0.991696 0.0280396 0.12551 66.8636 -0.0257161 0.999467 -0.0200954 -4.82142 -0.126007 0.0167008 0.991889 151.688 
0.992421 0.034638 0.1179 66.9362 -0.0328899 0.999319 -0.0167424 -4.84497 -0.118399 0.0127377 0.992884 152.509 
0.993098 0.0403377 0.11013 66.9961 -0.0385331 0.999087 -0.0184667 -4.86973 -0.110774 0.0140955 0.993746 153.325 
0.994078 0.0430059 0.0997921 67.0612 -0.0407844 0.998875 -0.0241969 -4.89435 -0.10072 0.0199836 0.994714 154.132 
0.994954 0.0416492 0.0912753 67.1235 -0.0393725 0.99887 -0.0266058 -4.9173 -0.0922802 0.0228777 0.99547 154.946 
0.995656 0.0417216 0.0832347 67.1781 -0.0398613 0.99892 -0.0238895 -4.94053 -0.0841414 0.0204678 0.996244 155.769 
0.996152 0.04446 0.075533 67.2178 -0.0433156 0.998921 -0.016724 -4.96793 -0.076195 0.0133878 0.997003 156.595 
0.99658 0.0479307 0.0673177 67.2521 -0.0472872 0.998819 -0.0111224 -4.98899 -0.0677713 0.00790097 0.99767 157.426 
0.997091 0.0470811 0.0599407 67.2851 -0.0466915 0.998878 -0.00788563 -5.00614 -0.0602446 0.00506388 0.998171 158.254 
0.997406 0.0479907 0.053641 67.3141 -0.0477485 0.998843 -0.00579055 -5.02224 -0.0538567 0.00321418 0.998543 159.082 
0.997683 0.0468713 0.0493044 67.3445 -0.0465487 0.998886 -0.00767239 -5.03704 -0.049609 0.00535948 0.998754 159.909 
0.997665 0.0516533 0.0446785 67.362 -0.0511133 0.998606 -0.0131472 -5.05593 -0.0452952 0.0108327 0.998915 160.729 
0.997508 0.0575891 0.0407596 67.3714 -0.0568171 0.998187 -0.0198552 -5.07526 -0.0418291 0.0174898 0.998972 161.543 
0.997557 0.05884 0.0376408 67.3861 -0.0580322 0.998068 -0.0222102 -5.0959 -0.0388748 0.0199715 0.999044 162.363 
0.997568 0.0605425 0.0345224 67.4001 -0.0600163 0.998068 -0.0160817 -5.11727 -0.0354293 0.0139706 0.999274 163.195 
0.997494 0.062779 0.0326299 67.4082 -0.062622 0.99802 -0.00581674 -5.13409 -0.0329304 0.00375873 0.99945 164.033 
0.997503 0.0641797 0.0294785 67.4173 -0.0642525 0.997932 0.00152576 -5.15148 -0.0293196 -0.0034161 0.999564 164.864 
0.997873 0.0605326 0.0241797 67.4282 -0.0605095 0.998166 -0.00169293 -5.16715 -0.0242378 0.000226147 0.999706 165.689 
0.998677 0.0480842 0.0182307 67.4479 -0.0478829 0.998789 -0.0113255 -5.18118 -0.0187531 0.0104375 0.99977 166.502 
0.998896 0.0457132 0.0108193 67.4509 -0.0455366 0.998834 -0.0160489 -5.19065 -0.0115403 0.0155384 0.999813 167.322 
0.998766 0.0494829 0.00423156 67.4291 -0.0494155 0.998669 -0.0147904 -5.20577 -0.00495771 0.014563 0.999882 168.162 
0.998863 0.0475584 -0.00320349 67.4124 -0.0475849 0.998829 -0.00877543 -5.22382 0.00278248 0.00891781 0.999956 168.999 
0.99906 0.0420409 -0.0105976 67.3939 -0.042096 0.999101 -0.00502762 -5.24011 0.0103768 0.00546893 0.999931 169.836 
0.999313 0.0333202 -0.0162398 67.3731 -0.0333405 0.999443 -0.000973339 -5.24586 0.0161985 0.00151403 0.999868 170.677 
0.999321 0.0290468 -0.0226555 67.3486 -0.0290755 0.999577 -0.000934776 -5.26035 0.0226188 0.00159278 0.999743 171.513 
0.999249 0.0256309 -0.0290571 67.3129 -0.0258649 0.999636 -0.00770181 -5.27856 0.0288492 0.0084475 0.999548 172.351 
0.999195 0.0164203 -0.036611 67.2784 -0.0170867 0.999693 -0.0179615 -5.29137 0.0363049 0.0185725 0.999168 173.184 
0.99905 0.0061135 -0.0431424 67.25 -0.00707275 0.99973 -0.022115 -5.30627 0.0429956 0.0223991 0.998824 174.016 
0.998717 0.00983011 -0.0496778 67.1937 -0.0105726 0.999836 -0.0147041 -5.32516 0.0495252 0.0152104 0.998657 174.857 
0.998286 0.0206655 -0.0547519 67.1178 -0.0207952 0.999782 -0.00179924 -5.34236 0.0547028 0.00293464 0.998498 175.709 
0.997894 0.0258794 -0.0594821 67.047 -0.0255577 0.999654 0.00616469 -5.36015 0.0596212 -0.00463157 0.99821 176.558 
0.997684 0.025237 -0.0631623 66.9791 -0.0250902 0.99968 0.00311773 -5.37081 0.0632209 -0.00152584 0.997998 177.397 
0.997511 0.0267195 -0.0652479 66.9082 -0.0272835 0.999597 -0.00776798 -5.3802 0.0650141 0.00952876 0.997839 178.228 
0.99697 0.0372707 -0.0682826 66.8236 -0.0385223 0.999111 -0.0171041 -5.39366 0.0675845 0.0196826 0.997519 179.059 
0.996873 0.0354988 -0.07059 66.7496 -0.0370371 0.999101 -0.0206032 -5.41449 0.0697953 0.0231531 0.997293 179.905 
0.996869 0.0303955 -0.0729958 66.6875 -0.0316187 0.999377 -0.015659 -5.43648 0.0724744 0.0179179 0.997209 180.765 
0.996888 0.0304946 -0.0726972 66.6161 -0.0310699 0.999494 -0.00679529 -5.4566 0.0724532 0.00903275 0.997331 181.624 
0.99684 0.0323531 -0.0725516 66.5349 -0.0325461 0.999469 -0.00147856 -5.47207 0.0724654 0.00383507 0.997363 182.485 
0.996724 0.0321411 -0.0742097 66.4572 -0.032409 0.999472 -0.0024074 -5.48587 0.0740932 0.0048045 0.99724 183.343 
0.996655 0.0286534 -0.07653 66.3825 -0.0296286 0.999493 -0.0116367 -5.50374 0.0761579 0.0138652 0.996999 184.19 
0.996706 0.0176303 -0.0791569 66.3208 -0.0195053 0.999546 -0.0229754 -5.5243 0.078716 0.0244436 0.996597 185.037 
0.996665 0.00708874 -0.0812931 66.2576 -0.00930903 0.999593 -0.0269647 -5.54786 0.0810689 0.0276315 0.996325 185.892 
0.996552 0.00944341 -0.0824344 66.1758 -0.011339 0.999681 -0.0225561 -5.57203 0.0821952 0.023413 0.996341 186.746 
0.996374 0.0157589 -0.0836129 66.0837 -0.016812 0.999788 -0.0119044 -5.60011 0.0834076 0.0132668 0.996427 187.604 
0.996216 0.0167211 -0.0852902 65.9997 -0.0174952 0.999812 -0.00833462 -5.627 0.0851349 0.00979516 0.996321 188.452 
0.996148 0.0156719 -0.0862755 65.9187 -0.0167679 0.999787 -0.0119929 -5.64994 0.0860693 0.0133933 0.996199 189.294 
0.99617 0.0156066 -0.0860324 65.8352 -0.0172349 0.999685 -0.0182161 -5.66819 0.0857212 0.019629 0.996126 190.125 
0.996004 0.0222967 -0.0864744 65.7425 -0.0240065 0.999535 -0.0187818 -5.68913 0.0860156 0.0207826 0.996077 190.96 
0.995904 0.0251907 -0.0868306 65.6541 -0.0266486 0.999522 -0.0156708 -5.71578 0.0863945 0.0179205 0.9961 191.795 
0.995738 0.0290721 -0.0875261 65.5643 -0.0302804 0.999463 -0.0125077 -5.74153 0.0871156 0.0151046 0.996084 192.627 
0.99563 0.0326415 -0.0874897 65.4751 -0.0336257 0.999386 -0.00979804 -5.76137 0.0871163 0.012697 0.996117 193.456 
0.995458 0.0359254 -0.0881671 65.3851 -0.0369645 0.999265 -0.0101806 -5.78122 0.0877367 0.0133933 0.996054 194.277 
