1 -4.23778e-08 4.22719e-08 0 -4.23778e-08 1 -4.19404e-08 0 4.22719e-08 -4.19404e-08 1 0 
0.999046 -0.000414877 0.0436657 0.0331498 0.000514905 0.999997 -0.00228152 -0.0220455 -0.0436646 0.00230175 0.999044 1.02038 
0.996062 -0.00477331 0.0885341 0.140943 0.00544048 0.999958 -0.007297 -0.0332954 -0.0884955 0.00774985 0.996046 2.0831 
0.991022 -0.00428136 0.13363 0.280455 0.00582307 0.999921 -0.0111491 -0.0584385 -0.133571 0.0118271 0.990969 3.15335 
0.98375 -0.00197906 0.179535 0.454003 0.00448461 0.999898 -0.0135515 -0.0864298 -0.179489 0.0141364 0.983658 4.19384 
0.974273 -0.00469979 0.22532 0.670671 0.00788558 0.999881 -0.0132415 -0.121059 -0.225231 0.0146775 0.974195 5.22494 
0.962721 -0.00539014 0.270441 0.950765 0.009596 0.999853 -0.0142324 -0.160873 -0.270325 0.0162969 0.962631 6.24872 
0.94928 -0.00782324 0.314335 1.28624 0.0137597 0.999766 -0.0166717 -0.190762 -0.314131 0.0201512 0.949166 7.2743 
0.934183 -0.00948696 0.356667 1.65063 0.0170817 0.999689 -0.0181501 -0.222818 -0.356384 0.023048 0.934055 8.2366 
0.916853 -0.00914349 0.399121 2.04825 0.0180662 0.999664 -0.0186002 -0.256477 -0.398817 0.0242642 0.91671 9.18577 
0.897377 -0.00957994 0.44116 2.54735 0.0191304 0.999669 -0.0172058 -0.290444 -0.440849 0.0238796 0.897263 10.1559 
0.875378 -0.00913725 0.483352 3.02562 0.0194451 0.999678 -0.0163185 -0.323492 -0.483047 0.0236836 0.875274 11.0615 
0.851405 -0.00941805 0.524424 3.54223 0.0203358 0.99968 -0.0150624 -0.359286 -0.524114 0.0234887 0.851324 11.9253 
0.826049 -0.00980081 0.563513 4.12053 0.0220669 0.999644 -0.0149617 -0.394004 -0.563166 0.0247941 0.825972 12.7691 
0.798562 -0.0115537 0.601802 4.71859 0.0253631 0.999574 -0.0144655 -0.426801 -0.601378 0.0268151 0.798514 13.583 
0.769913 -0.0104262 0.638064 5.37054 0.026003 0.999549 -0.0150434 -0.457391 -0.637619 0.0281736 0.769837 14.3862 
0.739481 -0.0138112 0.673036 6.06507 0.0309793 0.999428 -0.0135289 -0.487627 -0.672464 0.0308545 0.739486 15.13 
0.707492 -0.0128866 0.706604 6.76952 0.0311123 0.999432 -0.0129245 -0.517513 -0.706036 0.031128 0.707491 15.8513 
0.673307 -0.011697 0.739271 7.53212 0.0323399 0.999384 -0.0136418 -0.548082 -0.738656 0.033093 0.67327 16.5624 
0.637774 -0.0130413 0.770113 8.28967 0.0368592 0.999228 -0.0136042 -0.577863 -0.769341 0.0370622 0.637763 17.1944 
0.60137 -0.0114277 0.798889 9.07179 0.0369629 0.999225 -0.0135308 -0.608025 -0.798115 0.0376662 0.601326 17.7849 
0.563817 -0.0105813 0.825832 9.88621 0.0401565 0.999086 -0.0146149 -0.636382 -0.824923 0.0414026 0.563727 18.3376 
0.525218 -0.008905 0.850921 10.7711 0.0447104 0.998853 -0.0171438 -0.663977 -0.849792 0.0470492 0.525014 18.8641 
0.486655 -0.00809284 0.873557 11.617 0.0462841 0.998791 -0.0165317 -0.690597 -0.872367 0.048477 0.486441 19.3375 
0.448623 -0.0100855 0.893664 12.4961 0.0514015 0.998572 -0.0145344 -0.717637 -0.892242 0.0524561 0.448501 19.7717 
0.412219 -0.0108369 0.91102 13.4581 0.0555248 0.998369 -0.013248 -0.733288 -0.909391 0.0560452 0.412149 20.1737 
0.377392 -0.00858494 0.926014 14.462 0.0573865 0.998252 -0.014133 -0.756991 -0.924274 0.0584743 0.377225 20.5618 
0.344527 -0.00921025 0.938731 15.5001 0.0581182 0.998243 -0.0115361 -0.769878 -0.936976 0.0585318 0.344457 20.9319 
0.311649 -0.0111325 0.950132 16.5402 0.0601973 0.998154 -0.00805002 -0.806324 -0.948288 0.0597042 0.311744 21.2534 
0.278992 -0.0109201 0.960231 17.6446 0.0609456 0.998121 -0.00635661 -0.818024 -0.958357 0.0602953 0.279133 21.5786 
0.247235 -0.00794459 0.968923 18.7462 0.0585396 0.998262 -0.00675216 -0.838396 -0.967186 0.0583897 0.24727 21.8462 
0.216998 -0.00600389 0.976154 19.8832 0.0587049 0.998251 -0.00691033 -0.828728 -0.974405 0.0588046 0.216971 22.0656 
0.186234 -0.0059528 0.982487 20.8971 0.0606991 0.998141 -0.00545817 -0.845926 -0.980629 0.0606525 0.186249 22.267 
0.156354 -0.00618835 0.987682 22.0132 0.0626989 0.998026 -0.00367245 -0.847429 -0.985709 0.0625008 0.156434 22.4213 
0.12628 -0.00692821 0.99197 23.092 0.0615865 0.998101 -0.000869171 -0.859272 -0.990081 0.0612017 0.126467 22.5615 
0.0969237 -0.00727775 0.995265 24.237 0.0623382 0.998054 0.00122726 -0.863464 -0.993338 0.0619241 0.0971888 22.6864 
0.0700232 -0.00699919 0.997521 25.4393 0.0649915 0.997883 0.00243942 -0.859172 -0.995426 0.0646595 0.0703298 22.7732 
0.044811 -0.00643007 0.998975 26.7472 0.0689374 0.997615 0.00332891 -0.848915 -0.996614 0.0687176 0.0451474 22.8409 
0.0217883 -0.00601095 0.999744 28.02 0.0731317 0.997312 0.00440242 -0.852807 -0.997084 0.0730171 0.0221693 22.8993 
0.00209089 -0.00613388 0.999979 29.248 0.0790975 0.996849 0.00594922 -0.84453 -0.996865 0.0790834 0.00256948 22.9031 
-0.0155559 -0.00690515 0.999855 30.511 0.0831596 0.996503 0.00817572 -0.843273 -0.996415 0.0832748 -0.0149272 22.8919 
-0.0313692 -0.00678824 0.999485 31.8005 0.0862793 0.996226 0.00947393 -0.831414 -0.995777 0.0865321 -0.0306651 22.8739 
-0.0459595 -0.0075178 0.998915 33.1283 0.0884485 0.996014 0.0115653 -0.830401 -0.99502 0.0888841 -0.0451114 22.836 
-0.0593382 -0.00862882 0.998201 34.4245 0.0885863 0.995972 0.0138755 -0.825888 -0.994299 0.0892502 -0.0583348 22.776 
-0.0723883 -0.00864863 0.997339 35.7042 0.0880763 0.996 0.0150296 -0.819911 -0.99348 0.0889299 -0.0713371 22.7407 
-0.0835371 -0.00600413 0.996486 36.9605 0.0885 0.995986 0.0134201 -0.821211 -0.992567 0.0893101 -0.0826704 22.6499 
-0.0942997 -0.00256313 0.99554 38.2514 0.0886642 0.996001 0.0109627 -0.810722 -0.991588 0.0893026 -0.0936953 22.5774 
-0.103792 -0.00022044 0.994599 39.5471 0.0899555 0.995899 0.00960799 -0.810216 -0.990523 0.0904669 -0.103346 22.4593 
-0.111436 0.00072283 0.993771 40.885 0.0896695 0.995928 0.00933052 -0.805712 -0.989718 0.0901507 -0.111047 22.3236 
-0.117272 0.00133865 0.993099 42.2472 0.0891619 0.995975 0.00918623 -0.798135 -0.989089 0.0896239 -0.116919 22.1693 
-0.122263 0.00267283 0.992494 43.6088 0.0900428 0.995902 0.0084101 -0.787245 -0.988405 0.0903952 -0.122003 21.999 
-0.126999 0.00420414 0.991894 44.9944 0.0891938 0.995988 0.00719856 -0.78825 -0.987884 0.089385 -0.126865 21.8473 
-0.131145 0.00502985 0.99135 46.3827 0.089459 0.995967 0.00678111 -0.782279 -0.987319 0.0895746 -0.131066 21.6875 
-0.133902 0.00386218 0.990987 47.7954 0.0894891 0.995954 0.00821018 -0.775141 -0.986946 0.0897819 -0.133706 21.4945 
-0.136703 0.00181291 0.99061 49.2651 0.0899218 0.995892 0.0105864 -0.780603 -0.986522 0.0905247 -0.136304 21.324 
-0.139271 0.000609747 0.990254 50.7183 0.0898874 0.995879 0.0120287 -0.766815 -0.986166 0.0906866 -0.138752 21.1413 
-0.141509 0.00132498 0.989936 52.1812 0.0924034 0.995651 0.0118762 -0.754362 -0.985615 0.093154 -0.141016 20.9524 
-0.142892 0.000978941 0.989738 53.6466 0.0918579 0.995696 0.0122769 -0.74183 -0.985466 0.0926696 -0.142367 20.7652 
-0.143436 0.00221487 0.989657 55.1965 0.0940714 0.9955 0.0114063 -0.731302 -0.985178 0.0947345 -0.142999 20.5511 
-0.143741 0.00239597 0.989612 56.6984 0.0938195 0.995526 0.0112169 -0.718372 -0.985158 0.0944572 -0.143322 20.3548 
-0.143099 0.00376858 0.989701 58.2526 0.093845 0.995539 0.00977794 -0.710462 -0.985249 0.0942777 -0.142814 20.1392 
-0.141865 0.0033315 0.98988 59.8059 0.0944188 0.99548 0.0101812 -0.70685 -0.985373 0.0949077 -0.141538 19.9265 
-0.140347 0.00227769 0.9901 61.408 0.0936427 0.995545 0.0109836 -0.700363 -0.985664 0.0942571 -0.139935 19.7131 
-0.139138 0.0029861 0.990268 63.0116 0.0947873 0.995444 0.0103163 -0.690006 -0.985726 0.0953003 -0.138787 19.4933 
-0.138481 0.00350507 0.990359 64.6179 0.09468 0.99546 0.00971585 -0.681414 -0.985829 0.0951126 -0.138185 19.3035 
-0.137487 0.00413743 0.990495 66.2551 0.0960715 0.995332 0.00917767 -0.66667 -0.985833 0.0964202 -0.137243 19.0901 
-0.136589 0.00385858 0.99062 67.9012 0.0963102 0.995307 0.00940255 -0.664482 -0.985935 0.0966912 -0.136319 18.8858 
-0.136037 0.00228593 0.990701 69.5838 0.0978412 0.99514 0.0111387 -0.651848 -0.985861 0.0984466 -0.135599 18.6809 
-0.135252 0.000183976 0.990811 71.2504 0.0995386 0.994943 0.0134028 -0.642375 -0.985799 0.100437 -0.134586 18.4622 
-0.134771 0.00126544 0.990876 72.9697 0.100752 0.994834 0.0124329 -0.63006 -0.985741 0.101509 -0.134202 18.2568 
-0.134376 0.00284848 0.990926 74.6864 0.102939 0.994626 0.0111 -0.634232 -0.985569 0.103497 -0.133947 18.0503 
-0.13378 0.00249697 0.991008 76.3766 0.102393 0.99468 0.0113162 -0.625733 -0.985707 0.102986 -0.133324 17.8369 
-0.133506 0.00242856 0.991045 78.0797 0.103224 0.994592 0.0114683 -0.61915 -0.985658 0.103831 -0.133035 17.6244 
-0.133188 0.00100991 0.99109 79.8331 0.103264 0.994571 0.0128636 -0.624414 -0.985696 0.104057 -0.132569 17.3951 
-0.132797 0.00129281 0.991142 81.5954 0.105057 0.994384 0.0127788 -0.612067 -0.98556 0.105823 -0.132187 17.1652 
-0.132523 0.00107185 0.991179 83.3738 0.106217 0.994256 0.0131262 -0.597176 -0.985472 0.107019 -0.131876 16.94 
-0.132595 0.002024 0.991168 85.1775 0.10683 0.994202 0.0122611 -0.588529 -0.985396 0.107512 -0.132043 16.7244 
-0.132984 0.00261612 0.991115 86.9479 0.106618 0.994231 0.0116812 -0.585917 -0.985367 0.107224 -0.132496 16.5058 
-0.133949 0.00306943 0.990983 88.8033 0.105658 0.994339 0.0112016 -0.586908 -0.98534 0.106205 -0.133515 16.2683 
-0.135191 0.00376999 0.990812 90.6504 0.105116 0.994404 0.0105587 -0.578238 -0.985228 0.105578 -0.13483 16.0438 
-0.136118 0.00294156 0.990688 92.5215 0.103899 0.994523 0.0113224 -0.569706 -0.985229 0.104473 -0.135678 15.8149 
-0.136943 0.00259915 0.990575 94.3915 0.104044 0.994503 0.0117742 -0.559535 -0.9851 0.104676 -0.136461 15.5704 
-0.137427 0.00132424 0.990511 96.214 0.101729 0.99473 0.0127843 -0.559005 -0.985274 0.102521 -0.136838 15.3448 
-0.139188 0.00231295 0.990263 98.0888 0.101668 0.994746 0.0119665 -0.547291 -0.985033 0.102343 -0.138691 15.1116 
-0.141499 0.00295545 0.989934 99.9593 0.100596 0.994862 0.0114088 -0.541375 -0.984814 0.101198 -0.141069 14.8627 
-0.145441 0.00380644 0.989359 101.851 0.101296 0.994795 0.0110637 -0.530362 -0.984168 0.101828 -0.14507 14.602 
-0.149852 0.00294083 0.988704 103.745 0.0994112 0.994973 0.0121077 -0.5233 -0.983698 0.100103 -0.149391 14.3379 
-0.154861 0.00195777 0.987934 105.653 0.0978124 0.995115 0.0133602 -0.52396 -0.983082 0.0987012 -0.154296 14.0675 
-0.159356 0.0030058 0.987217 107.574 0.0964597 0.995258 0.0125401 -0.506865 -0.982497 0.0972249 -0.15889 13.7767 
-0.164047 0.00482043 0.986441 109.49 0.097124 0.995208 0.0112885 -0.498775 -0.98166 0.097659 -0.163729 13.4821 
-0.16834 0.00659345 0.985707 111.431 0.0966763 0.995267 0.00985304 -0.492892 -0.980977 0.0969531 -0.168181 13.1661 
-0.173201 0.0068381 0.984863 113.34 0.0952055 0.995409 0.00983174 -0.490136 -0.980274 0.0954672 -0.173057 12.8596 
-0.177908 0.00666758 0.984024 115.289 0.0936608 0.995552 0.0101878 -0.484286 -0.97958 0.093977 -0.177741 12.53 
-0.183188 0.00591793 0.98306 117.259 0.0918259 0.995713 0.0111171 -0.479009 -0.97878 0.0923069 -0.182946 12.1903 
-0.188529 0.00542482 0.982053 119.234 0.0909573 0.995783 0.0119608 -0.470819 -0.977846 0.0915799 -0.188228 11.8344 
-0.193916 0.00515335 0.981004 121.218 0.0910894 0.995761 0.0127748 -0.4639 -0.97678 0.0918364 -0.193564 11.4671 
-0.199408 0.00681948 0.979893 123.19 0.0916696 0.99572 0.0117251 -0.455528 -0.975619 0.0921645 -0.19918 11.0917 
-0.204818 0.0078718 0.978768 125.164 0.0916372 0.99573 0.0111678 -0.449762 -0.974501 0.091979 -0.204665 10.7062 
-0.210451 0.00788109 0.977573 127.184 0.0917894 0.995709 0.0117329 -0.434138 -0.973286 0.0922 -0.210271 10.2857 
-0.215903 0.00835125 0.976379 129.129 0.0914142 0.995744 0.0116972 -0.41024 -0.972126 0.0917803 -0.215748 9.90465 
-0.221119 0.00912067 0.975204 131.116 0.0907937 0.995806 0.0112732 -0.402414 -0.971011 0.0910351 -0.22102 9.48162 
-0.225984 0.00970914 0.974083 133.115 0.0902743 0.995856 0.0110171 -0.393592 -0.969939 0.0904243 -0.225924 9.03501 
-0.230188 0.00921986 0.973102 135.136 0.091972 0.995685 0.0123222 -0.383204 -0.96879 0.0923346 -0.230043 8.58247 
-0.233765 0.00920039 0.97225 137.193 0.0946665 0.99542 0.0133416 -0.373439 -0.967674 0.0951582 -0.233565 8.10255 
-0.237095 0.00985539 0.971436 139.217 0.0955375 0.995338 0.0132195 -0.359776 -0.966777 0.0959429 -0.236931 7.63106 
-0.239957 0.0104982 0.970727 141.25 0.0960641 0.99529 0.0129825 -0.350983 -0.966019 0.0963673 -0.239835 7.14648 
-0.24291 0.0102513 0.969995 143.291 0.0950951 0.995379 0.0132944 -0.342025 -0.965376 0.0954711 -0.242762 6.6488 
-0.246423 0.0107532 0.969103 145.322 0.0937461 0.995514 0.0127914 -0.33301 -0.964618 0.0940017 -0.246326 6.14096 
-0.250613 0.011719 0.968016 147.379 0.0928304 0.99561 0.01198 -0.319493 -0.963626 0.0928637 -0.250601 5.63166 
-0.25477 0.0114376 0.966934 149.446 0.0925984 0.995623 0.012621 -0.309867 -0.962558 0.092752 -0.254714 5.12656 
-0.25933 0.0118479 0.965716 151.523 0.0927912 0.995604 0.0127032 -0.314695 -0.961321 0.0929043 -0.25929 4.6279 
-0.264342 0.012323 0.96435 153.55 0.0924075 0.995641 0.0126073 -0.314353 -0.959992 0.0924458 -0.264329 4.14452 
-0.268708 0.0127076 0.963138 155.615 0.0921676 0.995664 0.0125772 -0.302452 -0.958802 0.0921498 -0.268714 3.59603 
-0.273037 0.0119049 0.96193 157.635 0.092007 0.995663 0.0137931 -0.301814 -0.957593 0.0922703 -0.272948 3.0702 
-0.277125 0.0119923 0.960759 159.647 0.0925713 0.995604 0.0142743 -0.301153 -0.956364 0.0928944 -0.277017 2.52446 
-0.281171 0.0127912 0.959572 161.707 0.0938513 0.995484 0.0142301 -0.296169 -0.955057 0.0940582 -0.281102 1.95588 
-0.284874 0.0140971 0.958461 163.773 0.0940642 0.995477 0.0133162 -0.285791 -0.953938 0.0939503 -0.284912 1.37998 
-0.288393 0.0156321 0.957384 165.81 0.0940991 0.995489 0.0120911 -0.288975 -0.952877 0.0935761 -0.288563 0.803306 
-0.291649 0.0165922 0.956381 167.864 0.0947553 0.995433 0.011626 -0.289257 -0.95182 0.094013 -0.291889 0.208441 
-0.294734 0.0170767 0.955427 169.898 0.0942594 0.995484 0.0112848 -0.290108 -0.950919 0.093384 -0.295012 -0.406614 
-0.298062 0.0170003 0.954395 171.956 0.0945539 0.99545 0.011798 -0.292186 -0.949852 0.0937583 -0.298313 -1.01692 
-0.301946 0.017381 0.953166 174.088 0.094471 0.995458 0.0117744 -0.284645 -0.948632 0.0936019 -0.302217 -1.65094 
-0.305535 0.0181344 0.952008 176.092 0.0967502 0.995235 0.0120929 -0.275791 -0.947253 0.0958018 -0.305834 -2.28724 
-0.308666 0.0182949 0.950994 178.121 0.0988126 0.995022 0.0129298 -0.27951 -0.946024 0.0979612 -0.308937 -2.90797 
-0.311308 0.0178463 0.950141 180.246 0.0992775 0.994963 0.0138395 -0.268449 -0.945109 0.098636 -0.311512 -3.57265 
-0.313993 0.0172839 0.949268 182.352 0.0988915 0.994991 0.0145942 -0.257578 -0.944261 0.098457 -0.314129 -4.25037 
-0.316735 0.0178715 0.948346 184.486 0.0980015 0.995088 0.0139788 -0.248501 -0.943438 0.0973669 -0.316931 -4.93412 
-0.319659 0.0198829 0.947324 186.578 0.0971624 0.995197 0.0118981 -0.243412 -0.942538 0.0958477 -0.320056 -5.59888 
-0.322912 0.0216592 0.946181 188.671 0.0967712 0.995254 0.0102434 -0.247559 -0.941469 0.0948708 -0.323476 -6.27862 
-0.326112 0.0224418 0.945064 190.794 0.0956855 0.995367 0.00938172 -0.249004 -0.940476 0.0934885 -0.326749 -6.98027 
-0.32939 0.0231326 0.94391 192.864 0.0936877 0.995567 0.0082949 -0.261835 -0.939534 0.091165 -0.330097 -7.66885 
-0.333196 0.023166 0.942573 194.947 0.0945791 0.995477 0.00896708 -0.277513 -0.938102 0.0921355 -0.33388 -8.36478 
-0.336671 0.022683 0.941349 197.015 0.0943405 0.995492 0.00975297 -0.274655 -0.936884 0.0920909 -0.337293 -9.07535 
-0.340577 0.0218665 0.939962 199.093 0.0939422 0.995518 0.0108792 -0.286825 -0.935512 0.0920073 -0.341105 -9.77561 
-0.344551 0.0215805 0.93852 201.233 0.0940759 0.995497 0.0116465 -0.294188 -0.934042 0.0923049 -0.345029 -10.514 
-0.348479 0.0214908 0.93707 203.318 0.0929368 0.995603 0.0117282 -0.303857 -0.932698 0.0911754 -0.348944 -11.2349 
-0.352084 0.0218231 0.935714 205.383 0.0922379 0.995671 0.0114852 -0.320836 -0.931412 0.0903521 -0.352572 -11.9739 
-0.35544 0.0224557 0.934429 207.565 0.0922808 0.99567 0.0111745 -0.321803 -0.930133 0.0902018 -0.355973 -12.7653 
-0.358431 0.0230615 0.933271 209.668 0.0928103 0.995622 0.0110423 -0.332937 -0.928931 0.0905751 -0.359002 -13.5362 
-0.361151 0.0226024 0.932233 211.744 0.0939681 0.9955 0.0122672 -0.35192 -0.927761 0.0920306 -0.361649 -14.2937 
-0.363491 0.0221477 0.931334 213.914 0.0954774 0.995339 0.0135941 -0.345727 -0.926692 0.0938628 -0.363912 -15.1227 
-0.366163 0.0228688 0.930269 216.066 0.0964773 0.995243 0.0135083 -0.345459 -0.925536 0.0946961 -0.366628 -15.9424 
-0.368819 0.0235731 0.929202 218.104 0.0964455 0.995253 0.0130323 -0.358453 -0.924484 0.094424 -0.369342 -16.7301 
-0.371176 0.0236568 0.928261 220.245 0.0958713 0.995309 0.0129696 -0.361346 -0.9236 0.0938076 -0.371703 -17.5562 
-0.374007 0.0248211 0.927094 222.377 0.0956684 0.995341 0.011946 -0.372423 -0.922478 0.0931614 -0.374639 -18.3791 
-0.376854 0.0260769 0.925905 224.469 0.095541 0.995366 0.0108531 -0.368821 -0.921332 0.0925519 -0.377599 -19.2008 
-0.379486 0.0260132 0.924832 226.567 0.0931671 0.995598 0.0102254 -0.378871 -0.920495 0.0900443 -0.380239 -20.021 
-0.382624 0.0269953 0.92351 228.552 0.09405 0.995519 0.00986601 -0.391413 -0.919105 0.0906311 -0.383448 -20.8078 
-0.385018 0.0263248 0.922533 230.653 0.0954998 0.995363 0.0114537 -0.411197 -0.917955 0.0925117 -0.385747 -21.6519 
-0.388064 0.025354 0.921284 232.661 0.0960007 0.995296 0.0130466 -0.418662 -0.916619 0.0935068 -0.388672 -22.4455 
-0.391357 0.0250699 0.919897 234.633 0.0951309 0.995375 0.0133451 -0.424352 -0.915309 0.0927334 -0.391932 -23.2392 
-0.394359 0.0252679 0.918609 236.754 0.0936486 0.995523 0.0128198 -0.428554 -0.914172 0.091082 -0.39496 -24.103 
-0.398045 0.0248036 0.91703 238.852 0.091971 0.995677 0.0129898 -0.422152 -0.912744 0.0895107 -0.398605 -24.9683 
-0.40142 0.0237969 0.915585 240.95 0.0910879 0.995744 0.0140553 -0.432244 -0.911353 0.0890409 -0.401879 -25.848 
-0.404492 0.0242298 0.91422 243.035 0.0906804 0.995785 0.0137294 -0.418863 -0.910035 0.0884554 -0.404984 -26.7659 
-0.408571 0.0237012 0.912419 245.144 0.0899428 0.995843 0.014407 -0.426684 -0.908284 0.0879518 -0.409004 -27.6689 
-0.412198 0.0230731 0.910802 247.281 0.0890536 0.995913 0.0150734 -0.429289 -0.906731 0.0873235 -0.412568 -28.5992 
-0.415875 0.0230839 0.909129 249.395 0.0885444 0.995956 0.0152155 -0.425498 -0.905101 0.086826 -0.416237 -29.5283 
-0.419581 0.0237749 0.907406 251.51 0.0884555 0.99597 0.014806 -0.420803 -0.903398 0.0864774 -0.419993 -30.4759 
-0.423083 0.0243577 0.905764 253.639 0.0887163 0.995949 0.0146565 -0.41387 -0.901737 0.0865569 -0.42353 -31.4335 
-0.426852 0.0241986 0.903997 255.853 0.0883697 0.995974 0.0150659 -0.408515 -0.899993 0.086317 -0.427272 -32.4357 
-0.430618 0.0246595 0.902197 258.018 0.087239 0.996083 0.0144134 -0.406792 -0.898308 0.0849135 -0.431083 -33.4108 
-0.434404 0.0249365 0.900373 260.129 0.0879801 0.996011 0.0148624 -0.407741 -0.896411 0.0856712 -0.434865 -34.3821 
-0.437895 0.0253721 0.898668 262.233 0.0881269 0.995999 0.0148216 -0.393473 -0.894696 0.0856871 -0.438379 -35.3647 
-0.441518 0.0263636 0.896865 264.384 0.0893204 0.995894 0.0146969 -0.390108 -0.892795 0.0865972 -0.44206 -36.3723 
-0.444792 0.0287756 0.895171 266.528 0.0917197 0.995692 0.0135667 -0.377678 -0.890925 0.0881393 -0.445516 -37.4085 
-0.447758 0.0295107 0.893667 268.62 0.0929785 0.995574 0.0137095 -0.367038 -0.889307 0.0892304 -0.44852 -38.3894 
-0.450717 0.0317831 0.892101 270.725 0.0949953 0.995399 0.0125312 -0.36031 -0.887598 0.0903934 -0.451663 -39.3902 
-0.453499 0.0344827 0.890589 272.833 0.0967079 0.995255 0.0107095 -0.347415 -0.885994 0.0909838 -0.454682 -40.3805 
-0.456296 0.0352525 0.889129 274.99 0.0977492 0.995153 0.0107081 -0.339038 -0.884443 0.0917978 -0.457531 -41.4502 
-0.459182 0.036144 0.887607 277.184 0.0980703 0.995127 0.0102119 -0.330592 -0.882912 0.091737 -0.460489 -42.5579 
-0.462544 0.0361746 0.885858 279.382 0.0972621 0.995207 0.0101447 -0.317606 -0.881245 0.0908528 -0.463846 -43.6673 
-0.466141 0.0376345 0.88391 281.537 0.0981659 0.995126 0.00939922 -0.311011 -0.879247 0.0911512 -0.467563 -44.7548 
-0.469533 0.0379534 0.882099 283.689 0.0973568 0.995209 0.00900203 -0.306084 -0.877531 0.0901051 -0.470979 -45.8497 
-0.472414 0.0376124 0.880574 285.841 0.0954643 0.995395 0.00869822 -0.303632 -0.876192 0.0881725 -0.473829 -46.9559 
-0.475083 0.0381308 0.879115 287.991 0.0973722 0.995203 0.00945487 -0.314667 -0.874537 0.0900932 -0.476517 -48.0595 
-0.477355 0.0385945 0.877862 290.176 0.0995406 0.994979 0.0103837 -0.31531 -0.873054 0.0923397 -0.4788 -49.2042 
-0.479796 0.0388332 0.87652 292.335 0.100825 0.994842 0.0111147 -0.320647 -0.871568 0.0937076 -0.481237 -50.3129 
-0.481451 0.0387947 0.875614 294.442 0.100988 0.994822 0.0114515 -0.310407 -0.870635 0.09394 -0.482876 -51.4298 
-0.484255 0.0381689 0.874094 296.636 0.101394 0.994765 0.0127349 -0.329105 -0.869032 0.094795 -0.48559 -52.5344 
-0.486805 0.0385495 0.872659 298.803 0.103171 0.99457 0.0136183 -0.3228 -0.867396 0.0966629 -0.488139 -53.7015 
-0.488963 0.0383612 0.871461 300.994 0.10331 0.994548 0.0141863 -0.306221 -0.866165 0.0969674 -0.49026 -54.8938 
-0.490614 0.0391081 0.870499 303.239 0.102513 0.994645 0.0130908 -0.286987 -0.865326 0.09566 -0.491996 -56.1232 
-0.493406 0.0415948 0.868804 305.403 0.102509 0.994676 0.0105954 -0.28221 -0.863738 0.0942885 -0.495043 -57.2852 
-0.497161 0.0408825 0.866695 307.572 0.101297 0.994793 0.0111817 -0.29254 -0.861725 0.0933526 -0.498713 -58.4579 
-0.501851 0.0397066 0.864042 309.733 0.100175 0.994892 0.0124638 -0.28556 -0.859134 0.0928108 -0.503265 -59.608 
-0.506611 0.0373112 0.861367 311.998 0.0981165 0.995068 0.0146044 -0.273217 -0.856574 0.0919131 -0.507773 -60.8926 
-0.5114 0.0359571 0.85859 314.268 0.0967574 0.99518 0.015954 -0.257146 -0.853878 0.0912338 -0.512414 -62.1886 
-0.515839 0.0359269 0.855932 316.534 0.0968773 0.995158 0.0166135 -0.231937 -0.85119 0.0914903 -0.516821 -63.503 
-0.519866 0.0372743 0.853434 318.832 0.0992022 0.994922 0.0169746 -0.202947 -0.848468 0.0934871 -0.520924 -64.857 
-0.523876 0.0383517 0.85093 321.11 0.100559 0.994785 0.0170737 -0.181523 -0.845838 0.0945129 -0.525001 -66.214 
-0.527192 0.0384869 0.848874 323.233 0.101328 0.994693 0.0178317 -0.155487 -0.843683 0.0954158 -0.528294 -67.5286 
-0.530917 0.0369297 0.846618 325.489 0.101172 0.994667 0.0200576 -0.144231 -0.841363 0.096303 -0.531822 -68.9054 
-0.535092 0.0353188 0.844055 327.71 0.0995942 0.994795 0.0215116 -0.116934 -0.838903 0.0955737 -0.535824 -70.2552 
-0.53853 0.0352872 0.841867 329.953 0.0989167 0.994862 0.0215755 -0.0855596 -0.83678 0.0948937 -0.539253 -71.6513 
-0.542379 0.0349114 0.839408 332.136 0.0987423 0.99486 0.022425 -0.0673055 -0.834311 0.095048 -0.543038 -73.0361 
-0.546152 0.0349999 0.836955 334.366 0.0998676 0.994721 0.0235707 -0.038445 -0.831712 0.0964578 -0.546764 -74.4522 
-0.550326 0.034701 0.834228 336.551 0.100407 0.994636 0.024863 -0.0020167 -0.828891 0.0974447 -0.550858 -75.8393 
-0.553746 0.0337697 0.832 338.759 0.0992026 0.994737 0.0256503 0.0278461 -0.826755 0.0967404 -0.554182 -77.2828 
-0.556978 0.0329042 0.829875 340.959 0.0985048 0.994779 0.0266697 0.0718411 -0.824665 0.0966012 -0.557311 -78.7293 
-0.560074 0.0323947 0.827809 343.105 0.0985677 0.994743 0.0277609 0.117716 -0.822558 0.0971434 -0.560323 -80.1125 
-0.562658 0.0317632 0.826079 345.235 0.0968594 0.994912 0.0277179 0.15045 -0.820996 0.0956092 -0.562872 -81.5274 
-0.565344 0.0306991 0.824283 347.404 0.0928139 0.995328 0.0265881 0.190602 -0.819617 0.0915364 -0.565552 -82.9714 
-0.568767 0.0299245 0.821954 349.523 0.0889051 0.995719 0.0252688 0.231496 -0.81768 0.087448 -0.568992 -84.3834 
-0.571028 0.0270406 0.820485 351.715 0.086743 0.99585 0.0275498 0.261263 -0.816335 0.086903 -0.571004 -85.8744 
-0.574518 0.0259671 0.81808 353.864 0.086218 0.995856 0.0289388 0.29696 -0.813938 0.0871591 -0.574376 -87.3457 
-0.577387 0.0262103 0.81605 356.015 0.0856204 0.995917 0.0285923 0.34492 -0.811969 0.0863793 -0.577274 -88.8163 
-0.580426 0.0253659 0.813918 358.194 0.0839684 0.996051 0.0288379 0.38481 -0.809972 0.0850817 -0.580263 -90.3293 
-0.583525 0.021686 0.811806 360.382 0.0813337 0.996178 0.0318513 0.434357 -0.808012 0.0846132 -0.583058 -91.8512 
-0.586566 0.0192449 0.809673 362.552 0.078688 0.996342 0.0333234 0.486059 -0.80607 0.0832579 -0.585934 -93.3691 
-0.589429 0.0181427 0.807616 364.744 0.0769339 0.996464 0.0337642 0.541258 -0.804148 0.0820347 -0.588741 -94.9202 
-0.592523 0.0182318 0.805347 366.916 0.076177 0.996532 0.0334863 0.595968 -0.801944 0.0811904 -0.591857 -96.4577 
-0.594937 0.0175044 0.803581 368.935 0.0758413 0.996525 0.0344424 0.653515 -0.800186 0.0814358 -0.594197 -97.9596 
-0.597731 0.0165182 0.801527 371.095 0.0747078 0.996585 0.0351746 0.705134 -0.798208 0.0809052 -0.596923 -99.5193 
-0.600067 0.0152468 0.799804 373.224 0.0716025 0.996829 0.0347184 0.770406 -0.796739 0.0781014 -0.599256 -101.072 
-0.602594 0.0115558 0.797964 375.393 0.0612712 0.997614 0.0318227 0.824486 -0.795692 0.0680684 -0.601864 -102.671 
-0.605958 0.014728 0.79536 377.604 0.0540637 0.998279 0.0227037 0.868939 -0.793657 0.0567576 -0.605712 -104.278 
-0.608849 0.0242473 0.792915 379.677 0.0636564 0.997803 0.0183664 0.87045 -0.790728 0.0616565 -0.609055 -105.801 
-0.609325 0.0251973 0.79252 381.796 0.0711481 0.997201 0.0229969 0.893686 -0.789722 0.0703989 -0.609412 -107.41 
-0.611648 0.0156711 0.790974 383.941 0.0698626 0.996968 0.0342713 0.931679 -0.788039 0.0762215 -0.610889 -109.004 
-0.614292 0.00492284 0.789063 386.087 0.0632911 0.997066 0.043052 1.00684 -0.786536 0.0763872 -0.612801 -110.653 
-0.617579 -0.000796951 0.786508 388.164 0.0575219 0.997276 0.0461777 1.09379 -0.784402 0.0737599 -0.615851 -112.217 
-0.620123 -0.00100905 0.784504 390.283 0.0568514 0.997312 0.0462218 1.17574 -0.782442 0.0732634 -0.618399 -113.831 
-0.622167 0.00412455 0.782874 392.421 0.0618136 0.997123 0.0438712 1.26716 -0.78044 0.0756874 -0.620632 -115.497 
-0.624416 0.0109663 0.781015 394.47 0.0667698 0.996991 0.0393832 1.32608 -0.778233 0.0767397 -0.62327 -117.044 
-0.627096 0.0133657 0.778827 396.435 0.0671748 0.997056 0.036977 1.37754 -0.77604 0.0755057 -0.626148 -118.531 
-0.629671 0.0150579 0.776716 398.321 0.0663666 0.9972 0.0344699 1.43206 -0.774022 0.0732527 -0.628907 -119.91 
-0.632662 0.0143274 0.774295 399.873 0.0666859 0.997123 0.0360371 1.48662 -0.771551 0.0744339 -0.631797 -121.146 
-0.635891 0.0134905 0.771661 401.212 0.0668859 0.997049 0.0376868 1.51212 -0.768875 0.0755779 -0.634916 -122.244 
-0.638436 0.0134881 0.769557 402.846 0.0675465 0.99697 0.0385636 1.5073 -0.766705 0.0766012 -0.637413 -123.503 
-0.640557 0.0138943 0.767785 404.737 0.0684748 0.996887 0.0390878 1.54114 -0.764852 0.0776119 -0.639514 -124.977 
-0.642743 0.0154276 0.765926 406.366 0.0724874 0.996536 0.0407567 1.51966 -0.762645 0.0817161 -0.641635 -126.252 
-0.644528 0.0146302 0.764441 408.222 0.0735666 0.996365 0.0429578 1.56323 -0.761033 0.0839248 -0.643261 -127.714 
-0.646014 0.0139141 0.763199 410.224 0.0755102 0.996095 0.0457558 1.62618 -0.759582 0.0871882 -0.644541 -129.323 
-0.64751 0.0141054 0.761927 412.53 0.078716 0.995718 0.0484618 1.75736 -0.757981 0.0913553 -0.645848 -131.169 
-0.648907 0.014349 0.760732 414.47 0.0774458 0.995875 0.0472772 1.82796 -0.756916 0.089594 -0.647342 -132.771 
-0.650118 0.0142788 0.759699 416.422 0.0733722 0.996331 0.0440622 1.89725 -0.756283 0.0843864 -0.64878 -134.383 
-0.651893 0.0139059 0.758183 418.286 0.0705368 0.996609 0.0423692 2.00157 -0.755023 0.0811001 -0.650663 -135.904 
-0.652745 0.0129607 0.757467 420.272 0.0697393 0.996636 0.0430444 2.07735 -0.754361 0.0809222 -0.651453 -137.577 
-0.653547 0.0116441 0.756796 422.288 0.0673568 0.996809 0.0428304 2.16722 -0.753883 0.0789671 -0.652246 -139.267 
-0.654945 0.0107073 0.7556 424.337 0.0643277 0.99706 0.0416295 2.24964 -0.752933 0.0758711 -0.653709 -140.978 
-0.655576 0.010285 0.755059 426.392 0.0634206 0.997124 0.0414823 2.3315 -0.752461 0.0750811 -0.654344 -142.718 
-0.656447 0.00859228 0.754323 428.432 0.0636593 0.996999 0.0440427 2.40772 -0.751681 0.0769314 -0.655024 -144.43 
-0.656002 0.00721023 0.754725 430.452 0.0658312 0.99669 0.0476982 2.49587 -0.751883 0.0809746 -0.654305 -146.153 
-0.654692 0.00590703 0.755873 432.45 0.0705101 0.996087 0.0532873 2.58688 -0.7526 0.0881834 -0.652546 -147.866 
-0.653426 0.00493088 0.756974 434.476 0.0742383 0.995576 0.0575979 2.69881 -0.753341 0.0938324 -0.650901 -149.567 
-0.651972 0.00273063 0.758238 436.482 0.0685827 0.996107 0.0553836 2.81131 -0.755135 0.0881106 -0.649621 -151.222 
-0.651334 0.00214848 0.758788 438.473 0.0612613 0.99688 0.0497633 2.91296 -0.756314 0.0788968 -0.649434 -152.852 
-0.649987 0.000276266 0.759946 440.546 0.0566239 0.997238 0.0480682 3.01767 -0.757833 0.0742748 -0.648207 -154.55 
-0.647337 1.51309e-05 0.762204 442.561 0.0549774 0.997396 0.0466722 3.10401 -0.760219 0.0721167 -0.645652 -156.23 
-0.644679 0.000311504 0.764453 444.594 0.0565388 0.99728 0.0472739 3.1945 -0.762359 0.0736978 -0.642944 -157.896 
-0.641713 8.71029e-05 0.766944 446.597 0.0568618 0.997253 0.0474638 3.28208 -0.764834 0.074068 -0.639956 -159.541 
-0.639738 0.000650718 0.768592 448.668 0.054254 0.997543 0.0443138 3.36686 -0.766675 0.0700485 -0.638202 -161.195 
-0.638975 -0.00373973 0.769218 450.762 0.0479767 0.997847 0.0447045 3.45066 -0.76773 0.0654696 -0.63742 -162.852 
-0.637861 -0.00981873 0.770089 452.823 0.0393701 0.998196 0.0453371 3.53694 -0.769144 0.0592373 -0.636324 -164.499 
-0.636784 -0.0137016 0.77092 454.795 0.0314421 0.998549 0.0437186 3.6183 -0.770401 0.0520786 -0.635429 -166.131 
-0.636165 -0.0148626 0.77141 456.887 0.029018 0.998646 0.0431711 3.6963 -0.771007 0.0498487 -0.634872 -167.781 
-0.634406 -0.0148015 0.772858 458.941 0.0309192 0.998531 0.0445036 3.78311 -0.772381 0.0521295 -0.633016 -169.449 
-0.633182 -0.0159954 0.773837 461.051 0.0323744 0.998364 0.0471263 3.87757 -0.773325 0.054892 -0.631629 -171.122 
-0.631299 -0.0186543 0.775315 463.049 0.0301306 0.998366 0.0485546 3.95831 -0.774954 0.0540132 -0.629705 -172.742 
-0.630334 -0.0187395 0.776098 465.176 0.0281187 0.998501 0.0469472 4.0577 -0.775814 0.0514153 -0.628863 -174.421 
-0.628991 -0.0177822 0.777209 467.252 0.0270542 0.998632 0.0447431 4.14965 -0.776941 0.0491698 -0.62765 -176.074 
-0.627717 -0.0160761 0.778275 469.253 0.0281254 0.998666 0.0433128 4.23189 -0.777933 0.0490775 -0.626427 -177.69 
-0.626018 -0.0156832 0.779651 471.36 0.0303324 0.998551 0.0444418 4.31105 -0.779218 0.0514701 -0.624636 -179.369 
-0.624688 -0.0158151 0.780714 473.346 0.0321458 0.998426 0.0459467 4.37294 -0.780213 0.053799 -0.623197 -180.965 
-0.623512 -0.0160925 0.781648 475.381 0.0319443 0.998429 0.0460371 4.46614 -0.781161 0.0536739 -0.622018 -182.564 
-0.622074 -0.0171477 0.78277 477.228 0.0310779 0.998431 0.0465698 4.53905 -0.782341 0.0532968 -0.620565 -183.925 
-0.621436 -0.0182215 0.783253 479.088 0.0302134 0.998428 0.0471987 4.59635 -0.782882 0.0529957 -0.619909 -185.269 
-0.62052 -0.0190019 0.78396 481.182 0.0300253 0.998398 0.047965 4.69297 -0.783615 0.0533019 -0.618955 -186.893 
-0.619062 -0.0179271 0.785138 483.269 0.0300118 0.998469 0.0464617 4.78647 -0.784769 0.0523261 -0.617576 -188.543 
-0.618256 -0.0166079 0.785801 485.326 0.0301535 0.998539 0.0448284 4.86147 -0.785398 0.0514101 -0.616852 -190.079 
-0.617681 -0.0168002 0.786249 487.462 0.0309629 0.998477 0.0456595 4.95514 -0.785819 0.0525476 -0.61622 -191.722 
-0.616869 -0.0166618 0.786889 489.764 0.0311574 0.998475 0.0455673 5.10798 -0.786448 0.0526265 -0.61541 -193.554 
-0.616369 -0.0182064 0.787247 491.756 0.029723 0.998482 0.0463629 5.17237 -0.786896 0.051976 -0.614892 -195.12 
-0.616631 -0.0188657 0.787026 493.687 0.0291032 0.998483 0.0467367 5.23969 -0.786714 0.0517243 -0.615147 -196.567 
-0.616773 -0.0184936 0.786923 495.741 0.0292218 0.998497 0.0463691 5.31194 -0.786598 0.0515945 -0.615306 -198.133 
-0.616815 -0.0180638 0.786901 497.729 0.0297484 0.998487 0.0462393 5.38754 -0.786546 0.0519301 -0.615344 -199.652 
-0.616431 -0.0201726 0.78715 498.89 0.0286877 0.998433 0.0480529 5.37547 -0.786886 0.0522029 -0.614886 -200.914 
-0.616083 -0.0222548 0.787367 500.645 0.0275573 0.99838 0.0497815 5.43464 -0.787199 0.0523673 -0.614472 -202.367 
-0.616247 -0.0226477 0.787227 502.762 0.0267839 0.998405 0.0496897 5.53792 -0.787097 0.0517062 -0.614658 -203.973 
-0.615772 -0.0226884 0.787598 504.78 0.0263805 0.998431 0.0493871 5.61515 -0.787483 0.0511884 -0.614207 -205.542 
-0.614991 -0.0229619 0.7882 507.303 0.0255529 0.998471 0.0490251 5.7524 -0.78812 0.0502908 -0.613463 -207.429 
-0.614209 -0.0232346 0.788801 509.829 0.0247249 0.998509 0.0486638 5.88855 -0.788756 0.0493928 -0.612719 -209.312 
-0.613786 -0.0237986 0.789114 511.991 0.0243345 0.9985 0.0490412 5.99228 -0.789097 0.0493035 -0.612286 -210.945 
-0.613448 -0.024517 0.789354 514.322 0.0230027 0.998539 0.0488907 6.1312 -0.7894 0.0481492 -0.611988 -212.676 
-0.613218 -0.0245353 0.789533 516.34 0.0222043 0.998587 0.0482775 6.21136 -0.789602 0.0471357 -0.611807 -214.209 
-0.612782 -0.0246226 0.789868 518.782 0.0212407 0.99864 0.0476092 6.3896 -0.789966 0.0459514 -0.611426 -215.982 
-0.611548 -0.0253801 0.7908 520.987 0.0213692 0.998591 0.0485743 6.49221 -0.790919 0.0466043 -0.610143 -217.678 
-0.610803 -0.0270355 0.79132 522.877 0.0209432 0.998515 0.0502799 6.55626 -0.791505 0.047284 -0.60933 -219.131 
-0.610393 -0.0261471 0.791667 524.899 0.0211377 0.998561 0.049278 6.66144 -0.791816 0.046813 -0.608963 -220.688 
-0.610049 -0.0251281 0.791965 526.756 0.0225329 0.998543 0.0490395 6.71289 -0.792043 0.0477618 -0.608594 -222.131 
-0.609759 -0.0257776 0.792168 528.541 0.0226171 0.998498 0.0499008 6.77631 -0.792264 0.048344 -0.60826 -223.537 
-0.609577 -0.0268073 0.792274 530.133 0.021985 0.998472 0.0506995 6.81337 -0.792422 0.0483233 -0.608056 -224.812 
-0.609035 -0.0273258 0.792673 531.765 0.0213326 0.99848 0.050811 6.87987 -0.792857 0.0478555 -0.607526 -226.273 
-0.608439 -0.0271197 0.793137 533.492 0.0209412 0.998519 0.0502069 6.94372 -0.793324 0.0471572 -0.60697 -227.787 
-0.608563 -0.0281729 0.793005 535.584 0.0208188 0.998459 0.0514485 7.04266 -0.793232 0.0478191 -0.607039 -229.341 
-0.608442 -0.0290461 0.793067 537.809 0.0197275 0.998468 0.0517038 7.21519 -0.793353 0.047104 -0.606936 -230.988 
-0.608319 -0.0299192 0.793128 540.035 0.0186363 0.998475 0.0519592 7.38848 -0.793474 0.0463888 -0.606834 -232.634 
-0.608455 -0.0286102 0.793072 541.711 0.0178828 0.998602 0.0497446 7.45604 -0.793387 0.0444497 -0.607093 -233.987 
-0.60963 -0.0265345 0.792242 543.295 0.0180342 0.998717 0.0473272 7.51656 -0.792481 0.0431396 -0.608369 -234.962 
-0.611026 -0.0247877 0.791222 544.802 0.0190734 0.998758 0.0460189 7.41549 -0.791381 0.04321 -0.609795 -235.917 
-0.610752 -0.0262432 0.791387 546.64 0.0200889 0.998615 0.0486186 7.50441 -0.791567 0.045592 -0.609379 -237.391 
-0.610903 -0.0274896 0.791228 548.818 0.0206485 0.998504 0.0506335 7.59746 -0.791436 0.0472699 -0.609422 -239.009 
-0.610869 -0.0264371 0.79129 550.888 0.0215963 0.998514 0.0500326 7.69569 -0.791437 0.0476523 -0.60939 -240.58 
-0.610907 -0.0263729 0.791263 552.696 0.0212466 0.998539 0.0496852 7.7467 -0.791417 0.0471647 -0.609454 -241.938 
-0.611074 -0.0252781 0.79117 554.795 0.0220962 0.998556 0.0489705 7.83983 -0.791265 0.0474065 -0.609633 -243.524 
-0.610815 -0.0251746 0.791373 556.859 0.0233164 0.998489 0.0497598 7.93051 -0.79143 0.048846 -0.609305 -245.095 
-0.610674 -0.0258218 0.791461 558.879 0.0242021 0.998393 0.0512468 8.02309 -0.791512 0.0504501 -0.609067 -246.617 
-0.610487 -0.0268001 0.791573 561.046 0.0236474 0.998365 0.052039 8.13222 -0.791673 0.0504877 -0.608855 -248.221 
-0.610524 -0.0266932 0.791548 563.285 0.0237347 0.998366 0.0519743 8.2519 -0.791642 0.0505187 -0.608893 -249.883 
-0.610633 -0.0263533 0.791475 565.45 0.0245475 0.998336 0.0521798 8.32746 -0.791533 0.0512915 -0.60897 -251.389 
-0.610873 -0.025771 0.791309 567.753 0.0258088 0.998291 0.0524357 8.43503 -0.791307 0.0524543 -0.609164 -252.872 
-0.610782 -0.0270107 0.791338 569.88 0.0242274 0.998312 0.0527747 8.53103 -0.791428 0.0514059 -0.609097 -254.455 
-0.610656 -0.0285618 0.79138 572.046 0.0226383 0.998311 0.0534986 8.62558 -0.791572 0.0505848 -0.608978 -256.091 
-0.610045 -0.0279029 0.791875 574.285 0.0226335 0.998358 0.0526149 8.72646 -0.792043 0.0500204 -0.608412 -257.803 
-0.608227 -0.0262607 0.793329 576.753 0.0251064 0.998316 0.0522945 8.82438 -0.793366 0.0517246 -0.606543 -259.889 
-0.606401 -0.0246224 0.794777 579.226 0.0275784 0.998268 0.0519683 8.92163 -0.79468 0.0534324 -0.604672 -261.969 
-0.604568 -0.022988 0.796221 581.703 0.0300495 0.998214 0.0516363 9.0182 -0.795986 0.0551437 -0.602798 -264.043 
-0.604039 -0.0240007 0.796594 583.909 0.0302451 0.998136 0.0530072 9.1232 -0.796381 0.0561115 -0.602187 -265.653 
-0.603207 -0.0228459 0.797257 585.855 0.0306362 0.998188 0.051783 9.20367 -0.796996 0.0556608 -0.601414 -267.115 
-0.602787 -0.0232392 0.797564 587.815 0.0297149 0.998228 0.0515442 9.29335 -0.797349 0.0547697 -0.601028 -268.502 
-0.602305 -0.0234284 0.797922 589.889 0.0290844 0.998261 0.0512648 9.39264 -0.797736 0.0540842 -0.600577 -270.014 
-0.601489 -0.0248166 0.798496 591.977 0.0273589 0.998291 0.0516349 9.49996 -0.798413 0.0529038 -0.599782 -271.552 
-0.600884 -0.0253746 0.798933 594.131 0.0269138 0.998287 0.0519483 9.59175 -0.798883 0.0527173 -0.599172 -273.14 
-0.60085 -0.0264604 0.798923 596.258 0.0253837 0.998316 0.0521547 9.69168 -0.798958 0.0516168 -0.599167 -274.674 
-0.60054 -0.0274422 0.799123 598.369 0.0235076 0.998373 0.0519504 9.79702 -0.799249 0.0499838 -0.598918 -276.198 
-0.60052 -0.0269428 0.799156 600.206 0.0228246 0.998447 0.0508131 9.83808 -0.799284 0.0487547 -0.598972 -277.621 
-0.600709 -0.0270059 0.799012 602.367 0.0234422 0.998404 0.0513693 9.9404 -0.799124 0.0495886 -0.599117 -279.207 
-0.601397 -0.0278451 0.798465 604.554 0.0237798 0.998326 0.0527255 10.0296 -0.798597 0.0506963 -0.599728 -280.821 
-0.601678 -0.0292035 0.798205 606.514 0.0226897 0.998303 0.0536276 10.1117 -0.798416 0.0503776 -0.599994 -282.268 
-0.602449 -0.0305093 0.797574 608.625 0.0227531 0.998207 0.0553705 10.2182 -0.797833 0.0515052 -0.600674 -283.776 
-0.602467 -0.0288281 0.797623 610.616 0.0228875 0.998312 0.053369 10.3125 -0.797816 0.0504086 -0.60079 -285.254 
-0.601926 -0.0275393 0.798077 612.719 0.0232684 0.998376 0.0520005 10.4223 -0.798213 0.0498704 -0.600307 -286.801 
-0.601812 -0.0271971 0.798175 614.695 0.0242603 0.998336 0.0523092 10.5143 -0.798269 0.0508443 -0.600151 -288.263 
-0.601924 -0.0280266 0.798061 616.82 0.0244492 0.998269 0.0534979 10.6141 -0.798179 0.0517136 -0.600197 -289.819 
-0.60211 -0.0289553 0.797888 618.991 0.0251193 0.99816 0.055179 10.703 -0.798018 0.0532662 -0.600275 -291.413 
-0.601665 -0.0293153 0.79821 621.22 0.0252252 0.99813 0.0556715 10.8347 -0.79835 0.0536306 -0.599801 -293.094 
-0.601696 -0.0287844 0.798207 623.379 0.0250857 0.998176 0.0549053 10.9489 -0.798331 0.0530599 -0.599876 -294.656 
-0.601468 -0.0284866 0.798389 625.508 0.0248383 0.998214 0.0543283 11.059 -0.798511 0.0525074 -0.599686 -296.201 
-0.60087 -0.0284813 0.798839 627.664 0.0250145 0.998206 0.0544046 11.1787 -0.798955 0.0526727 -0.599079 -297.803 
-0.601177 -0.0294581 0.798572 629.225 0.0244727 0.998173 0.0552443 11.2075 -0.798741 0.0527548 -0.599358 -298.812 
-0.60212 -0.0307684 0.797812 630.888 0.023301 0.998154 0.0560803 11.2692 -0.798065 0.052357 -0.600292 -299.875 
-0.601389 -0.0310786 0.798351 632.91 0.0227693 0.998171 0.0560091 11.3766 -0.798631 0.0518612 -0.599582 -301.339 
-0.601012 -0.0300545 0.798675 634.991 0.0226977 0.998248 0.0546447 11.4775 -0.798918 0.0509702 -0.599277 -302.865 
-0.600528 -0.0303786 0.799027 637.077 0.0228072 0.998221 0.0550931 11.5903 -0.799279 0.0513085 -0.598766 -304.364 
-0.600781 -0.0313863 0.798797 639.194 0.0216563 0.998223 0.05551 11.7078 -0.79912 0.0506484 -0.599034 -305.818 
-0.599708 -0.031412 0.799602 641.407 0.021892 0.998211 0.0556334 11.8352 -0.79992 0.0508687 -0.597947 -307.503 
-0.599579 -0.0303329 0.79974 643.547 0.0221944 0.998267 0.0545022 11.9482 -0.800007 0.0504282 -0.597867 -309.044 
-0.599297 -0.028688 0.800012 645.637 0.0231559 0.998318 0.0531454 12.0469 -0.800191 0.0503749 -0.597625 -310.582 
