1 -4.23778e-08 4.22719e-08 0 -4.23778e-08 1 -4.19404e-08 0 4.22719e-08 -4.19404e-08 1 0 
0.999996 -0.002475 -0.00151887 -0.0153632 0.00247938 0.999992 0.00294817 -0.0196977 0.00151164 -0.00295201 0.999994 1.52796 
0.999991 -0.00294841 -0.00315479 -0.0340925 0.00295996 0.999989 0.00368879 -0.0341994 0.00314396 -0.00369818 0.999988 3.05278 
0.999988 -0.00203544 -0.00452743 -0.0684715 0.0020517 0.999991 0.00361015 -0.0547075 0.00452013 -0.00361947 0.999983 4.56641 
0.999981 -0.00160092 -0.00594805 -0.107938 0.00162205 0.999992 0.00356373 -0.0763757 0.00594239 -0.0035734 0.999976 6.07395 
0.999973 -0.00164932 -0.00712442 -0.1488 0.0016767 0.999991 0.00385028 -0.0933829 0.0071181 -0.00386221 0.999967 7.57709 
0.99996 -0.00170223 -0.00879391 -0.189026 0.00173989 0.999989 0.00428646 -0.111457 0.00878661 -0.00430168 0.999952 9.08811 
0.999936 -0.00378096 -0.0106531 -0.221538 0.00381916 0.999986 0.00357548 -0.130179 0.0106395 -0.00361603 0.999937 10.5866 
0.999915 -0.00485072 -0.0121039 -0.262685 0.0049001 0.99998 0.00406051 -0.150929 0.012084 -0.00411956 0.999918 12.0877 
0.999897 -0.00457088 -0.013579 -0.296662 0.00462544 0.999981 0.00399543 -0.165753 0.0135606 -0.00405792 0.9999 13.5882 
0.999883 -0.00428352 -0.0147048 -0.340375 0.00434315 0.999982 0.00403103 -0.184304 0.0146873 -0.00409451 0.999884 15.0988 
0.999877 -0.00260267 -0.0154406 -0.381403 0.00267314 0.999986 0.00455092 -0.20024 0.0154286 -0.00459173 0.99987 16.581 
0.999869 -0.00100216 -0.0161476 -0.425188 0.00108571 0.999986 0.00517173 -0.208714 0.0161422 -0.00518867 0.999856 18.0917 
0.999856 -1.82511e-05 -0.0169377 -0.467669 0.000119369 0.999982 0.00597394 -0.220631 0.0169374 -0.00597519 0.999839 19.576 
0.999845 -0.000303889 -0.0176107 -0.507797 0.000410255 0.999982 0.00604133 -0.234692 0.0176086 -0.0060477 0.999827 21.0425 
0.999832 0.000352924 -0.0183198 -0.555772 -0.000239845 0.999981 0.0061789 -0.246858 0.0183217 -0.00617355 0.999813 22.5157 
0.999825 0.00104789 -0.0186684 -0.598425 -0.000924054 0.999977 0.0066452 -0.255995 0.0186751 -0.00662687 0.999804 23.9788 
0.999821 0.00204701 -0.0187932 -0.640133 -0.00189926 0.999967 0.00788083 -0.266398 0.0188088 -0.00784382 0.999792 25.4581 
0.999822 0.00193757 -0.0187623 -0.687566 -0.00181488 0.999977 0.00655826 -0.279455 0.0187746 -0.00652312 0.999802 26.9163 
0.999818 0.00235814 -0.0189168 -0.730774 -0.00227247 0.999987 0.00455343 -0.290849 0.0189273 -0.0045097 0.999811 28.3614 
0.999824 0.000327422 -0.0187793 -0.77458 -0.000243607 0.99999 0.00446975 -0.307585 0.0187806 -0.00446447 0.999814 29.7867 
0.999823 -0.000762909 -0.0187783 -0.814855 0.000898018 0.999974 0.00719201 -0.320023 0.0187725 -0.00720769 0.999798 31.2239 
0.99982 -0.00236029 -0.0188344 -0.856973 0.00251365 0.999964 0.00812748 -0.324721 0.0188146 -0.00817345 0.999789 32.6411 
0.999822 -0.00303214 -0.0186031 -0.900261 0.00317609 0.999965 0.00771779 -0.339812 0.0185792 -0.00777559 0.999797 34.0445 
0.999828 -0.00320495 -0.0182642 -0.942165 0.00331438 0.999977 0.0059688 -0.352421 0.0182448 -0.00602839 0.999815 35.4354 
0.999836 -0.00235095 -0.0179406 -0.984609 0.00244584 0.999983 0.00527358 -0.367586 0.017928 -0.00531668 0.999825 36.8117 
0.999853 -0.00164858 -0.017089 -1.03094 0.00172295 0.999989 0.00434279 -0.385209 0.0170817 -0.00437168 0.999844 38.1673 
0.999877 -0.0013624 -0.0156287 -1.0793 0.00144788 0.999984 0.00546467 -0.40233 0.0156211 -0.00548671 0.999863 39.5093 
0.999898 -0.0009272 -0.014267 -1.11774 0.00103592 0.99997 0.00762069 -0.419702 0.0142596 -0.00763478 0.999869 40.8383 
0.999921 -0.00138421 -0.01252 -1.15886 0.00149271 0.999961 0.00866771 -0.433565 0.0125076 -0.0086858 0.999884 42.1539 
0.999946 -0.000840569 -0.0103672 -1.18692 0.000936837 0.999956 0.00929255 -0.443987 0.010359 -0.00930184 0.999903 43.4434 
0.999975 -0.00113989 -0.00701351 -1.21696 0.00120078 0.999961 0.00869497 -0.45691 0.00700341 -0.00870326 0.999938 44.7125 
0.999993 -0.00193071 -0.00325601 -1.24565 0.00195287 0.999975 0.0068448 -0.465879 0.0032428 -0.0068512 0.999971 45.9549 
0.999998 -0.00208016 -7.20753e-05 -1.26171 0.00208042 0.999984 0.00518174 -0.481692 6.138e-05 -0.00518196 0.999986 47.1847 
0.99999 -0.00194354 0.00395931 -1.27151 0.0019204 0.999981 0.00581877 -0.49666 -0.00397046 -0.0058112 0.999975 48.4083 
0.999957 -0.0014269 0.00919846 -1.27642 0.00137488 0.999983 0.00564978 -0.508223 -0.00920629 -0.00563697 0.999942 49.6172 
0.999878 0.000308405 0.0155834 -1.27905 -0.000382945 0.999988 0.00477506 -0.523032 -0.0155817 -0.00478053 0.999867 50.826 
0.999734 0.00179602 0.0229776 -1.27263 -0.00190848 0.999986 0.00486992 -0.536058 -0.0229684 -0.00491256 0.999724 52.0186 
0.999502 0.00264258 0.0314434 -1.25646 -0.00282901 0.999979 0.00588334 -0.550221 -0.0314271 -0.00596945 0.999488 53.2107 
0.999113 0.00499459 0.0418074 -1.22856 -0.00527277 0.999965 0.00654412 -0.565355 -0.0417731 -0.00675884 0.999104 54.3872 
0.998484 0.00733511 0.0545417 -1.18144 -0.00770295 0.999949 0.00653546 -0.576598 -0.0544909 -0.00694577 0.99849 55.5484 
0.997559 0.0092953 0.0692064 -1.12167 -0.00979871 0.999928 0.00693687 -0.585066 -0.0691368 -0.00759815 0.997578 56.7032 
0.996275 0.0115454 0.085459 -1.04564 -0.0122855 0.999891 0.00813884 -0.593864 -0.0853556 -0.0091585 0.996308 57.8509 
0.994611 0.0115766 0.103028 -0.945377 -0.0125599 0.999881 0.00889972 -0.60419 -0.102913 -0.0101459 0.994639 58.9663 
0.992454 0.0113204 0.122095 -0.82566 -0.0123931 0.999891 0.0080287 -0.61201 -0.121991 -0.00948132 0.992486 60.0806 
0.989776 0.0105146 0.142245 -0.689343 -0.0116574 0.999906 0.00720274 -0.622566 -0.142156 -0.00878738 0.989805 61.169 
0.986553 0.00769722 0.163258 -0.527653 -0.00895187 0.999936 0.00695019 -0.630492 -0.163194 -0.00831828 0.986559 62.2402 
0.9828 0.00270537 0.184654 -0.336692 -0.00446258 0.999949 0.00910084 -0.639162 -0.184619 -0.00976841 0.982761 63.3112 
0.978177 -0.00293459 0.207754 -0.118079 0.000757757 0.999944 0.0105563 -0.647143 -0.207773 -0.0101686 0.978124 64.3646 
0.972773 -0.00789893 0.231626 0.119123 0.00571895 0.999933 0.0100812 -0.655155 -0.23169 -0.00848214 0.972753 65.3912 
0.966411 -0.0140421 0.256617 0.38406 0.0123058 0.999889 0.00837011 -0.661755 -0.256706 -0.00493116 0.966477 66.3947 
0.959015 -0.0176324 0.282807 0.668241 0.0157224 0.999836 0.0090215 -0.668475 -0.282919 -0.00420542 0.959134 67.3737 
0.950616 -0.0203154 0.309703 0.973156 0.0176285 0.999779 0.0114718 -0.676383 -0.309867 -0.00544579 0.950764 68.3252 
0.941118 -0.0247573 0.33717 1.30726 0.0211499 0.999673 0.014368 -0.679999 -0.337416 -0.00639092 0.941334 69.2686 
0.930279 -0.0278471 0.365794 1.66495 0.0243245 0.999603 0.0142358 -0.687509 -0.366046 -0.00434555 0.930587 70.1906 
0.918338 -0.0271781 0.394862 2.04019 0.0251089 0.99963 0.0104074 -0.692938 -0.394999 0.000356971 0.918681 71.0878 
0.905374 -0.0282941 0.42367 2.44483 0.0288128 0.999571 0.00518215 -0.697112 -0.423635 0.00751529 0.905802 71.9632 
0.891352 -0.0302055 0.452304 2.87489 0.0323961 0.999471 0.00290328 -0.705435 -0.452152 0.012065 0.891859 72.8164 
0.875852 -0.0308725 0.481592 3.33488 0.0318385 0.999474 0.00616785 -0.713733 -0.481529 0.009931 0.876374 73.6627 
0.858143 -0.029463 0.512565 3.81319 0.0273223 0.999558 0.0117125 -0.717169 -0.512683 0.00395334 0.858569 74.5079 
0.838624 -0.0295242 0.54391 4.31821 0.0251854 0.999564 0.0154256 -0.723803 -0.544128 0.000762254 0.839002 75.3104 
0.817686 -0.023322 0.575192 4.84896 0.0211253 0.999722 0.0105036 -0.72701 -0.575277 0.00356239 0.817951 76.0851 
0.795856 -0.0162749 0.605266 5.40014 0.0179418 0.999834 0.00329279 -0.728265 -0.605219 0.00823892 0.796016 76.8301 
0.773613 -0.0140114 0.633503 5.98257 0.017091 0.999853 0.001243 -0.73246 -0.633427 0.00986552 0.773739 77.5491 
0.75055 -0.0164709 0.660608 6.59151 0.018041 0.999827 0.00443125 -0.74211 -0.660567 0.00859209 0.750718 78.2429 
0.726294 -0.0166273 0.687183 7.21463 0.0180955 0.999823 0.00506643 -0.754916 -0.687146 0.00875517 0.726467 78.9068 
0.70123 -0.0148488 0.71278 7.8541 0.0188303 0.99982 0.00230316 -0.76487 -0.712686 0.0118068 0.701384 79.5414 
0.675312 -0.0125434 0.737425 8.5172 0.018717 0.999825 -0.000133896 -0.774879 -0.737294 0.0138928 0.675429 80.15 
0.648399 -0.0102138 0.761232 9.19509 0.0170084 0.999855 -0.00107201 -0.784868 -0.76111 0.0136424 0.648479 80.739 
0.6206 -0.00899018 0.784076 9.89765 0.0170926 0.999852 -0.00206471 -0.799259 -0.783941 0.0146832 0.620661 81.3036 
0.592015 -0.0022919 0.805924 10.621 0.0153923 0.999846 -0.00846364 -0.814803 -0.80578 0.0174156 0.591959 81.8432 
0.562063 0.00700558 0.827065 11.359 0.0140349 0.999739 -0.0180063 -0.833263 -0.826975 0.0217284 0.561818 82.359 
0.531411 0.01531 0.846976 12.1275 0.0129142 0.999574 -0.0261711 -0.855401 -0.847016 0.0248456 0.530987 82.8504 
0.499919 0.0202322 0.865835 12.9212 0.0102763 0.999518 -0.0292894 -0.88498 -0.866011 0.0235399 0.499471 83.3155 
0.467544 0.019768 0.883748 13.7333 0.00827548 0.999608 -0.0267378 -0.917368 -0.883931 0.0198145 0.467198 83.7568 
0.434305 0.0186139 0.900573 14.5607 0.00326735 0.999747 -0.0222395 -0.950627 -0.90076 0.0126012 0.434135 84.1717 
0.400055 0.0198729 0.916276 15.4053 -0.00101499 0.999774 -0.0212408 -0.982836 -0.916491 0.00756745 0.399984 84.5559 
0.365138 0.0229277 0.930671 16.2684 -0.00827211 0.999737 -0.0213838 -1.01248 -0.930916 0.00010942 0.365232 84.9109 
0.329341 0.0248419 0.943884 17.1471 -0.0133955 0.999676 -0.0216364 -1.03966 -0.944116 -0.00551807 0.329568 85.2384 
0.293463 0.0244823 0.955657 18.0557 -0.0159942 0.999658 -0.0206981 -1.06351 -0.955837 -0.00921088 0.293754 85.5311 
0.257364 0.0238501 0.96602 18.9696 -0.0166307 0.999657 -0.02025 -1.09523 -0.966171 -0.010854 0.257672 85.7878 
0.221417 0.0232907 0.974901 19.9037 -0.0159533 0.999667 -0.0202592 -1.12429 -0.975049 -0.0110671 0.221715 86.0096 
0.186045 0.0221664 0.982291 20.8486 -0.0139254 0.999704 -0.019922 -1.14724 -0.982442 -0.00997246 0.186299 86.1951 
0.151753 0.0210522 0.988194 21.8044 -0.00603557 0.999774 -0.0203721 -1.17865 -0.9884 -0.00287278 0.151846 86.3405 
0.118313 0.024629 0.992671 22.777 -0.00386007 0.999696 -0.0243434 -1.20701 -0.992969 -0.00095164 0.118372 86.4544 
0.0856895 0.0297296 0.995878 23.7447 -0.00285632 0.999558 -0.0295937 -1.23678 -0.996318 -0.000308675 0.0857366 86.5453 
0.0569434 0.0332849 0.997822 24.7127 0.00398798 0.999428 -0.0335661 -1.27541 -0.998369 0.00589066 0.0567781 86.5967 
0.0313846 0.0315076 0.999011 25.6936 0.00555971 0.999482 -0.0316972 -1.31264 -0.999492 0.00654901 0.0311931 86.6337 
0.00897375 0.0285237 0.999553 26.6862 0.00734444 0.999564 -0.02859 -1.34959 -0.999933 0.00759772 0.00876035 86.6537 
-0.00981926 0.0259222 0.999616 27.6727 0.00773963 0.999636 -0.0258468 -1.38716 -0.999922 0.00748286 -0.0100163 86.6525 
-0.0262917 0.0290922 0.999231 28.6632 0.00928955 0.99954 -0.0288568 -1.42297 -0.999611 0.00852371 -0.0265499 86.6285 
-0.0410512 0.0333828 0.998599 29.6477 0.0123051 0.999383 -0.0329032 -1.46052 -0.999081 0.0109372 -0.0414367 86.5963 
-0.0531127 0.038454 0.997848 30.6355 0.0165908 0.999154 -0.0376213 -1.50053 -0.998451 0.0145569 -0.0537057 86.5511 
-0.0618721 0.0420295 0.997199 31.6453 0.0216192 0.998935 -0.0407614 -1.5434 -0.99785 0.0190367 -0.0627148 86.4904 
-0.0677279 0.0472689 0.996583 32.649 0.0256253 0.99863 -0.0456245 -1.59552 -0.997375 0.0224477 -0.0688464 86.4235 
-0.07129 0.0520983 0.996094 33.6478 0.027431 0.99836 -0.0502537 -1.64862 -0.997078 0.0237413 -0.0726022 86.3594 
-0.0740631 0.0560736 0.995676 34.6467 0.0297994 0.998096 -0.0539934 -1.70666 -0.996808 0.0256716 -0.0755931 86.2894 
-0.0765648 0.0591041 0.995311 35.6572 0.0302248 0.99792 -0.056934 -1.76885 -0.996606 0.0257239 -0.078192 86.2167 
-0.078785 0.0624834 0.994931 36.6668 0.0313191 0.997696 -0.060177 -1.83685 -0.996399 0.0264193 -0.0805605 86.1397 
-0.0805134 0.0662442 0.99455 37.6876 0.0329415 0.997421 -0.0637687 -1.90463 -0.996209 0.0276277 -0.082488 86.0568 
-0.0827946 0.067752 0.994261 38.7121 0.0357287 0.997247 -0.0649803 -1.97433 -0.995926 0.0301437 -0.0849873 85.9773 
-0.0844609 0.0664609 0.994208 39.7296 0.0358149 0.997331 -0.0636271 -2.04811 -0.995783 0.0302334 -0.0866158 85.8925 
-0.0869628 0.066144 0.994013 40.7545 0.0351535 0.997376 -0.0632924 -2.12048 -0.995591 0.0294389 -0.0890598 85.8237 
-0.0888328 0.067604 0.99375 41.8011 0.0347907 0.997296 -0.0647354 -2.18676 -0.995439 0.0288226 -0.0909446 85.7257 
-0.0910554 0.0698342 0.993394 42.8307 0.0335514 0.997187 -0.0670255 -2.25813 -0.99528 0.0272268 -0.0931423 85.6373 
-0.0937005 0.0720571 0.992989 43.8667 0.031781 0.997086 -0.0693555 -2.33566 -0.995093 0.0250595 -0.0957174 85.5529 
-0.0962343 0.0757758 0.99247 44.9167 0.0292748 0.996882 -0.0732741 -2.41356 -0.994928 0.0220029 -0.0981525 85.4625 
-0.0985035 0.0800344 0.991913 45.9539 0.0259491 0.996628 -0.077838 -2.49669 -0.994798 0.0180719 -0.100248 85.3748 
-0.101394 0.0825927 0.991412 46.9936 0.0236381 0.996466 -0.0805963 -2.58168 -0.994565 0.0152632 -0.102988 85.2861 
-0.104187 0.0810946 0.991246 48.041 0.0215192 0.996621 -0.0792725 -2.66954 -0.994325 0.0130716 -0.10558 85.1903 
-0.107084 0.076919 0.99127 49.0934 0.0184433 0.996985 -0.0753702 -2.75803 -0.994079 0.0102113 -0.10818 85.0958 
-0.10933 0.075257 0.991152 50.1522 0.0185847 0.99711 -0.0736594 -2.84456 -0.993832 0.0103671 -0.110412 84.989 
-0.111313 0.0757873 0.990891 51.2067 0.0175903 0.997082 -0.0742848 -2.92914 -0.99363 0.00916122 -0.112322 84.8868 
-0.112399 0.0786873 0.990543 52.2682 0.0189497 0.996848 -0.077038 -3.0113 -0.993482 0.0101115 -0.113536 84.7735 
-0.113142 0.0814687 0.990233 53.3272 0.0191817 0.996626 -0.0798031 -3.09809 -0.993394 0.00996526 -0.114323 84.6643 
-0.113287 0.0821055 0.990164 54.3876 0.0179431 0.996586 -0.0805852 -3.18957 -0.9934 0.00863735 -0.114374 84.5539 
-0.113199 0.080778 0.990283 55.4535 0.0148574 0.996716 -0.0796045 -3.2811 -0.993461 0.00570185 -0.114028 84.4514 
-0.113332 0.0801798 0.990317 56.514 0.0110972 0.996778 -0.0794331 -3.373 -0.993495 0.0019875 -0.113856 84.3498 
-0.113471 0.0812124 0.990217 57.5796 0.00730002 0.996695 -0.0809073 -3.46475 -0.993514 -0.00195199 -0.113688 84.2486 
-0.113829 0.0814878 0.990153 58.6608 0.00326909 0.996656 -0.0816473 -3.55759 -0.993495 -0.00605695 -0.113715 84.1463 
-0.114201 0.080903 0.990158 59.7389 -0.000176703 0.996677 -0.0814561 -3.65388 -0.993458 -0.0094773 -0.113807 84.0477 
-0.114444 0.07565 0.990545 60.8251 0.00024843 0.997098 -0.0761219 -3.74738 -0.99343 -0.00846564 -0.114131 83.9396 
-0.1149 0.0669743 0.991117 61.926 0.00327581 0.997745 -0.0670425 -3.83416 -0.993372 -0.00445647 -0.11486 83.8276 
-0.114493 0.0614894 0.991519 63.0315 0.0089306 0.998106 -0.0608668 -3.91643 -0.993384 0.00188603 -0.114826 83.7033 
-0.113757 0.0638499 0.991455 64.1369 0.0171932 0.99791 -0.062293 -3.99183 -0.99336 0.00996008 -0.114617 83.5768 
-0.112485 0.0695676 0.991215 65.236 0.0225422 0.997468 -0.0674483 -4.06232 -0.993398 0.0147573 -0.113769 83.4522 
-0.111524 0.07509 0.990921 66.3415 0.0260161 0.99702 -0.0726242 -4.14499 -0.993421 0.0176805 -0.113146 83.3331 
-0.110921 0.0794214 0.990651 67.4538 0.0266902 0.99668 -0.0769164 -4.23391 -0.993471 0.017909 -0.112673 83.2195 
-0.110623 0.0767031 0.990898 68.5784 0.0236614 0.996938 -0.0745292 -4.32163 -0.993581 0.0152014 -0.112099 83.1096 
-0.110381 0.0720613 0.991273 69.7216 0.0227719 0.99729 -0.069963 -4.41309 -0.993628 0.0148506 -0.111722 82.9958 
-0.110185 0.0702071 0.991428 70.8412 0.0205504 0.99745 -0.0683496 -4.49197 -0.993698 0.0128432 -0.111347 82.8892 
-0.110099 0.0708178 0.991394 71.981 0.0187209 0.997429 -0.0691699 -4.57851 -0.993744 0.0109442 -0.111142 82.7803 
-0.109666 0.0760115 0.991058 73.1176 0.0198865 0.99704 -0.0742698 -4.66617 -0.993769 0.0115639 -0.110853 82.6645 
-0.108752 0.0787047 0.990948 74.2629 0.0195982 0.996837 -0.0770216 -4.75375 -0.993876 0.0110446 -0.10995 82.5488 
-0.10831 0.0777572 0.991071 75.4157 0.0199611 0.996905 -0.0760335 -4.8447 -0.993917 0.0115477 -0.109527 82.4311 
-0.107392 0.0707434 0.991697 76.5806 0.0219059 0.997391 -0.0687775 -4.94179 -0.993975 0.0143378 -0.108662 82.3131 
-0.107971 0.0692155 0.991742 77.7361 0.0210562 0.997509 -0.0673257 -5.02808 -0.993931 0.0136131 -0.109159 82.2025 
-0.107702 0.0723206 0.991549 78.8782 0.0185999 0.997323 -0.0707215 -5.11315 -0.994009 0.0108259 -0.108759 82.1043 
-0.107252 0.075312 0.991375 80.0349 0.018236 0.997108 -0.0737747 -5.20344 -0.994065 0.0101663 -0.108315 81.9918 
-0.107027 0.0747233 0.991444 81.208 0.0172798 0.997161 -0.0732889 -5.29668 -0.994106 0.00928807 -0.108014 81.8749 
-0.106844 0.070978 0.991739 82.385 0.0169757 0.997433 -0.0695568 -5.39305 -0.994131 0.00940371 -0.107775 81.765 
-0.105855 0.0697939 0.991929 83.5755 0.0178029 0.997507 -0.0682865 -5.48328 -0.994222 0.0104308 -0.106833 81.6497 
-0.104759 0.0701312 0.992022 84.7664 0.019355 0.997465 -0.0684722 -5.57211 -0.994309 0.0120275 -0.105851 81.5354 
-0.103811 0.0702925 0.99211 85.9584 0.0218919 0.997419 -0.068378 -5.66041 -0.994356 0.0146208 -0.105082 81.4206 
-0.1029 0.0697668 0.992242 87.1491 0.0213915 0.997462 -0.0679155 -5.74906 -0.994462 0.014237 -0.104131 81.3151 
-0.101413 0.0703008 0.992357 88.3488 0.0227454 0.997403 -0.0683339 -5.83906 -0.994584 0.0156416 -0.102748 81.2043 
-0.100285 0.0684718 0.9926 89.5599 0.0227941 0.997525 -0.0665087 -5.9279 -0.994697 0.0159556 -0.101598 81.0945 
-0.0990307 0.0676916 0.992779 90.781 0.0212104 0.9976 -0.0659046 -6.01458 -0.994858 0.0145307 -0.100229 80.9883 
-0.0974705 0.0671927 0.992967 92.0035 0.02232 0.997615 -0.0653164 -6.09616 -0.994988 0.0157967 -0.0987378 80.8793 
-0.0958587 0.0678762 0.993078 93.2318 0.0203432 0.997597 -0.0662215 -6.18633 -0.995187 0.0138545 -0.0970093 80.7774 
-0.0944403 0.0706217 0.993022 94.4516 0.0205366 0.997407 -0.0689805 -6.27395 -0.995319 0.0138788 -0.0956457 80.6741 
-0.0933861 0.0695762 0.993196 95.6813 0.0184862 0.997504 -0.06814 -6.36116 -0.995458 0.0119971 -0.0944392 80.5757 
-0.0928904 0.0681566 0.993341 96.9149 0.0149886 0.997637 -0.0670498 -6.45231 -0.995563 0.00866052 -0.0936925 80.4779 
-0.0929265 0.0691786 0.993267 98.1587 0.0120498 0.997588 -0.0683523 -6.54235 -0.9956 0.00561695 -0.093536 80.3864 
-0.0930354 0.0686066 0.993296 99.4108 0.00941461 0.997639 -0.0680249 -6.63219 -0.995618 0.00302278 -0.0934617 80.285 
-0.0940543 0.06614 0.993368 100.664 0.00707772 0.99781 -0.0657657 -6.72324 -0.995542 0.000845237 -0.0943164 80.1841 
-0.0955268 0.0646993 0.993322 101.931 0.0047845 0.997904 -0.0645377 -6.81463 -0.995415 -0.00141252 -0.0956361 80.0857 
-0.0969274 0.063943 0.993235 103.19 0.00293082 0.997948 -0.0639605 -6.90604 -0.995287 -0.00328852 -0.0969159 79.9805 
-0.0984332 0.0640359 0.993081 104.448 0.00309798 0.997942 -0.0640424 -6.99678 -0.995139 -0.00322734 -0.098429 79.8714 
-0.100553 0.062676 0.992956 105.712 0.00239464 0.998026 -0.0627536 -7.08466 -0.994929 -0.00393227 -0.100504 79.7569 
-0.103587 0.0579154 0.992933 106.977 2.91999e-05 0.998303 -0.0582257 -7.17488 -0.99462 -0.0060024 -0.103413 79.6414 
-0.107811 0.0579184 0.992483 108.217 -0.000252745 0.9983 -0.0582854 -7.25841 -0.994171 -0.00653465 -0.107613 79.5232 
-0.113447 0.0638475 0.99149 109.453 -0.00491104 0.997885 -0.0648212 -7.34411 -0.993532 -0.012223 -0.112893 79.4086 
-0.12046 0.0669274 0.990459 110.685 -0.00433786 0.99768 -0.067943 -7.43305 -0.992709 -0.0124809 -0.11989 79.2804 
-0.129294 0.0629114 0.989609 111.938 -0.00274314 0.997959 -0.0638007 -7.52645 -0.991602 -0.0109637 -0.128857 79.133 
-0.139972 0.0606119 0.988298 113.186 -0.000452558 0.998121 -0.0612785 -7.61994 -0.990155 -0.00902455 -0.139682 78.9714 
-0.152981 0.0615226 0.986312 114.425 -0.000114263 0.998059 -0.0622731 -7.7064 -0.988229 -0.00963928 -0.152677 78.7974 
-0.167186 0.0617503 0.98399 115.644 0.00185445 0.998055 -0.062318 -7.79205 -0.985924 -0.00859393 -0.166975 78.6081 
-0.181514 0.0594615 0.981589 116.867 0.00246264 0.998195 -0.0600121 -7.88187 -0.983385 -0.00847574 -0.181333 78.3996 
-0.1969 0.0620321 0.978459 118.065 0.00682859 0.998059 -0.0619006 -7.96953 -0.9804 -0.0055067 -0.196941 78.1684 
-0.212144 0.0652681 0.975056 119.244 0.00727858 0.997845 -0.0652099 -8.05818 -0.977211 -0.00673687 -0.212162 77.9284 
-0.227185 0.0690601 0.9714 120.41 0.00735279 0.997576 -0.0692015 -8.14941 -0.973824 -0.00857903 -0.227142 77.6768 
-0.243199 0.066955 0.967663 121.574 0.00400611 0.997675 -0.0680249 -8.24196 -0.969968 -0.012667 -0.242902 77.4061 
-0.2592 0.0613543 0.963873 122.76 -0.00125024 0.997958 -0.0638602 -8.33339 -0.965823 -0.0177576 -0.258594 77.1139 
-0.274997 0.0575524 0.959721 123.927 -0.00505519 0.998106 -0.0613029 -8.42116 -0.961432 -0.0217096 -0.274185 76.8086 
-0.290015 0.0589044 0.955207 125.092 -0.00681012 0.997952 -0.063608 -8.50655 -0.956998 -0.0249524 -0.28902 76.4781 
-0.304241 0.0608801 0.950648 126.252 -0.00698087 0.997786 -0.066133 -8.5949 -0.952569 -0.0267567 -0.303142 76.1223 
-0.318018 0.0630744 0.945984 127.4 -0.00540072 0.997648 -0.0683348 -8.68675 -0.948069 -0.0268407 -0.31693 75.7509 
-0.33205 0.0631255 0.941147 128.539 -0.00319356 0.997677 -0.068044 -8.77692 -0.943256 -0.0255996 -0.331077 75.3632 
-0.345842 0.0610716 0.936303 129.679 -0.00349133 0.997789 -0.0663717 -8.8683 -0.938286 -0.026223 -0.344864 74.9562 
-0.36027 0.0597842 0.93093 130.809 -0.00389385 0.997839 -0.065588 -8.95744 -0.93284 -0.0272543 -0.359259 74.5376 
-0.374915 0.0612889 0.925031 131.929 -0.00537851 0.997652 -0.0682804 -9.0467 -0.927044 -0.0305746 -0.373705 74.104 
-0.38963 0.0635441 0.918777 133.035 -0.00435766 0.997478 -0.0708353 -9.13618 -0.920961 -0.0316033 -0.38837 73.6513 
-0.404341 0.0652295 0.912279 134.144 -0.0031262 0.997349 -0.0726979 -9.23164 -0.914603 -0.0322467 -0.403065 73.1785 
-0.41882 0.0676959 0.905542 135.236 -0.000645776 0.997195 -0.0748464 -9.32702 -0.908069 -0.0319319 -0.417602 72.6843 
-0.433549 0.0711934 0.898313 136.324 -0.000796258 0.996844 -0.0793865 -9.42788 -0.90113 -0.0351332 -0.432123 72.1798 
-0.44839 0.0736715 0.890797 137.406 0.00031323 0.99661 -0.0822649 -9.52519 -0.893838 -0.0366077 -0.446893 71.6417 
-0.4637 0.0710128 0.883142 138.495 -0.000987774 0.996741 -0.0806659 -9.62784 -0.885992 -0.0382771 -0.462118 71.096 
-0.479928 0.0667231 0.874767 139.587 -0.00382121 0.996935 -0.078138 -9.73201 -0.8773 -0.0408433 -0.478202 70.5303 
-0.496098 0.0667646 0.865696 140.653 -0.00445178 0.99683 -0.0794293 -9.83492 -0.868255 -0.0432586 -0.494228 69.9481 
-0.512171 0.0659511 0.856348 141.716 -0.00573647 0.996763 -0.080196 -9.93571 -0.858864 -0.0459864 -0.510134 69.3402 
-0.528017 0.0650281 0.84674 142.773 -0.00612758 0.996746 -0.0803694 -10.0401 -0.849212 -0.0476249 -0.525901 68.7091 
-0.543904 0.0646386 0.836654 143.822 -0.00738909 0.996621 -0.0818011 -10.1432 -0.839115 -0.0506741 -0.541589 68.065 
-0.5596 0.063905 0.826295 144.865 -0.00790397 0.996566 -0.0824265 -10.2504 -0.828725 -0.0526569 -0.557173 67.3944 
-0.575109 0.0613032 0.815777 145.903 -0.00817727 0.996708 -0.0806645 -10.3561 -0.818036 -0.0530617 -0.572714 66.697 
-0.590643 0.0577959 0.80486 146.94 -0.00803238 0.996961 -0.077485 -10.4646 -0.806893 -0.0522309 -0.588384 65.9763 
-0.605815 0.056232 0.793615 147.951 -0.00707487 0.997079 -0.0760492 -10.5684 -0.795574 -0.0516865 -0.603648 65.2357 
-0.62068 0.0543141 0.782181 148.945 -0.00816705 0.997096 -0.0757185 -10.6728 -0.784022 -0.053385 -0.618434 64.4763 
-0.635718 0.0553301 0.769936 149.927 -0.00951257 0.99679 -0.079487 -10.7796 -0.771863 -0.0578554 -0.633151 63.6985 
-0.651163 0.0546539 0.756967 150.902 -0.0116342 0.996568 -0.0819615 -10.8965 -0.758848 -0.062177 -0.648292 62.8983 
-0.667139 0.0514279 0.743156 151.884 -0.0135951 0.996607 -0.0811718 -11.0039 -0.744809 -0.0642561 -0.664176 62.0542 
-0.683758 0.0439352 0.728384 152.85 -0.0171778 0.99694 -0.0762595 -11.1123 -0.729506 -0.0646551 -0.680911 61.1985 
-0.700909 0.0413071 0.712054 153.787 -0.018422 0.99694 -0.0759673 -11.2153 -0.713013 -0.0663636 -0.698003 60.3206 
-0.71896 0.0387107 0.693973 154.739 -0.0201048 0.996872 -0.0764356 -11.3158 -0.694761 -0.0689062 -0.715932 59.4152 
-0.736612 0.0349218 0.675413 155.637 -0.0233698 0.996755 -0.0770239 -11.4204 -0.675911 -0.072521 -0.733406 58.4836 
-0.753326 0.0331007 0.656813 156.504 -0.0228972 0.996807 -0.0764969 -11.5281 -0.657248 -0.0726663 -0.750163 57.5269 
-0.769546 0.0355054 0.637604 157.35 -0.0203052 0.996588 -0.0800029 -11.6377 -0.638269 -0.0745126 -0.766199 56.5486 
-0.784867 0.03492 0.618679 158.168 -0.0170992 0.99681 -0.0779552 -11.747 -0.619428 -0.0717633 -0.781766 55.5447 
-0.799756 0.0359854 0.599246 158.974 -0.013144 0.996913 -0.0774078 -11.8636 -0.600182 -0.0697837 -0.796814 54.5195 
-0.814575 0.0368874 0.578884 159.738 -0.0116629 0.996733 -0.0799248 -11.9746 -0.579941 -0.0718561 -0.811483 53.4955 
-0.828488 0.0384446 0.558685 160.481 -0.010721 0.996369 -0.0844613 -12.0876 -0.559904 -0.0759648 -0.825068 52.4384 
-0.841844 0.0385963 0.538339 161.199 -0.00833766 0.996391 -0.0844746 -12.2039 -0.539657 -0.0756029 -0.838483 51.3637 
-0.853689 0.0367978 0.519481 161.889 -0.00682058 0.996625 -0.0818052 -12.3242 -0.520738 -0.0733794 -0.850557 50.2726 
-0.864301 0.0384632 0.501502 162.543 -0.00416902 0.99649 -0.0836118 -12.4383 -0.502958 -0.0743566 -0.861107 49.1674 
-0.873928 0.0410754 0.484317 163.176 -0.00161916 0.996171 -0.0874079 -12.549 -0.486053 -0.0771724 -0.870515 48.0564 
-0.883359 0.0387575 0.467092 163.838 -0.00322684 0.996049 -0.0887509 -12.6792 -0.468686 -0.0799061 -0.879743 46.9087 
-0.891775 0.0358968 0.451052 164.448 -0.00441319 0.996111 -0.0880003 -12.8083 -0.452457 -0.0804671 -0.888148 45.7635 
-0.899437 0.0337689 0.435744 165.07 -0.00533114 0.996089 -0.0881983 -12.9381 -0.437018 -0.0816518 -0.895739 44.6088 
-0.906427 0.0316306 0.421176 165.65 -0.00591689 0.996143 -0.087545 -13.0675 -0.42232 -0.0818453 -0.902744 43.4406 
-0.913035 0.0287359 0.406868 166.211 -0.00729658 0.996205 -0.086733 -13.1912 -0.407816 -0.082159 -0.90936 42.281 
-0.918875 0.0237896 0.393831 166.744 -0.00981533 0.996493 -0.0830945 -13.3111 -0.394427 -0.080219 -0.915419 41.1025 
-0.924029 0.0206103 0.381765 167.262 -0.0107614 0.996748 -0.0798586 -13.4262 -0.38217 -0.0779 -0.920803 39.9107 
-0.928469 0.0208587 0.370823 167.76 -0.00833547 0.997 -0.0769514 -13.5331 -0.371316 -0.074538 -0.92551 38.7156 
-0.931689 0.0249168 0.362402 168.239 -0.00404079 0.996872 -0.0789278 -13.6382 -0.363235 -0.0750005 -0.928674 37.5216 
-0.934005 0.0300456 0.355995 168.707 0.00143152 0.996764 -0.08037 -13.751 -0.357258 -0.0745563 -0.931025 36.3265 
-0.935844 0.0333833 0.35083 169.163 0.00442336 0.996537 -0.0830264 -13.859 -0.352387 -0.0761479 -0.932751 35.128 
-0.937708 0.0306487 0.346071 169.626 0.00230937 0.996629 -0.0820059 -13.9709 -0.347418 -0.0760983 -0.934617 33.9297 
-0.939647 0.0231065 0.341364 170.095 -0.00402064 0.996902 -0.0785463 -14.0816 -0.342122 -0.0751783 -0.936643 32.7253 
-0.94149 0.0170509 0.336608 170.559 -0.00940569 0.997001 -0.0768109 -14.1931 -0.336909 -0.0754827 -0.938507 31.5119 
-0.943153 0.01069 0.332187 171.014 -0.0161827 0.99682 -0.0780247 -14.3035 -0.331965 -0.0789649 -0.939981 30.3049 
-0.944495 0.00837735 0.328419 171.46 -0.0192708 0.996541 -0.0808404 -14.4129 -0.327961 -0.0826822 -0.941066 29.1044 
-0.945444 0.00897348 0.325662 171.904 -0.0190735 0.996381 -0.0828281 -14.5294 -0.325226 -0.0845208 -0.941851 27.911 
-0.945665 0.00955165 0.325003 172.336 -0.0190914 0.996213 -0.0848285 -14.6426 -0.324583 -0.086424 -0.941901 26.7085 
-0.945636 0.0121764 0.324998 172.769 -0.0169454 0.996097 -0.0866254 -14.7603 -0.324785 -0.0874234 -0.941739 25.508 
-0.945277 0.0131537 0.326002 173.205 -0.0166218 0.995948 -0.0883816 -14.8794 -0.325844 -0.0889639 -0.941228 24.3028 
-0.945002 0.0136635 0.32678 173.645 -0.0167923 0.995782 -0.0901972 -15.0034 -0.326634 -0.0907239 -0.940787 23.0961 
-0.944313 0.0151574 0.328699 174.082 -0.0152943 0.995837 -0.0898601 -15.1268 -0.328693 -0.0898833 -0.94015 21.8799 
-0.943529 0.0149845 0.330951 174.523 -0.0157931 0.995806 -0.0901129 -15.2521 -0.330913 -0.0902509 -0.939335 20.6889 
-0.942232 0.0137085 0.334681 174.967 -0.017524 0.995776 -0.0901226 -15.3768 -0.334503 -0.0907813 -0.938012 19.5074 
-0.94053 0.0120011 0.339498 175.417 -0.0190341 0.995944 -0.0879376 -15.4987 -0.339176 -0.08917 -0.936487 18.3147 
-0.938425 0.0102262 0.345332 175.874 -0.0204545 0.996164 -0.0850833 -15.618 -0.344878 -0.0869079 -0.934616 17.1214 
-0.935829 0.0081419 0.352359 176.337 -0.0223777 0.996343 -0.0824552 -15.7315 -0.351742 -0.085049 -0.932225 15.9281 
-0.933126 0.0101282 0.359406 176.802 -0.0207555 0.996419 -0.0819671 -15.8515 -0.358949 -0.0839453 -0.929574 14.7683 
-0.929931 0.0105752 0.367581 177.276 -0.021164 0.99639 -0.0822081 -15.9611 -0.367123 -0.0842273 -0.926351 13.6233 
-0.926047 0.0132027 0.377176 177.755 -0.0202013 0.996221 -0.0844703 -16.0757 -0.376866 -0.0858429 -0.922281 12.4691 
-0.921864 0.0141647 0.387255 178.255 -0.0197535 0.996315 -0.0834657 -16.1926 -0.387011 -0.0845937 -0.918187 11.3284 
-0.916652 0.0158933 0.399371 178.767 -0.0196957 0.996199 -0.084851 -16.309 -0.399201 -0.0856447 -0.912854 10.1752 
-0.910941 0.0180363 0.412142 179.306 -0.0191205 0.996124 -0.085854 -16.4258 -0.412093 -0.0860883 -0.907066 9.02143 
-0.904783 0.02079 0.425364 179.86 -0.0175937 0.99613 -0.0861099 -16.5393 -0.425508 -0.0853945 -0.900916 7.87007 
-0.898752 0.0200362 0.437999 180.433 -0.018232 0.996383 -0.0829907 -16.664 -0.438077 -0.0825737 -0.895137 6.74029 
-0.892098 0.0228434 0.451263 181.023 -0.0166771 0.996376 -0.0834063 -16.7778 -0.451533 -0.0819324 -0.888484 5.5986 
-0.885237 0.025495 0.46444 181.627 -0.014616 0.996479 -0.0825595 -16.8882 -0.46491 -0.079873 -0.881748 4.47546 
-0.877528 0.0273165 0.478747 182.235 -0.0126358 0.996712 -0.0800318 -17.0056 -0.479359 -0.0762795 -0.874297 3.364 
-0.869836 0.0297688 0.492442 182.86 -0.00930735 0.99701 -0.076711 -17.1192 -0.493253 -0.0713093 -0.866958 2.28253 
-0.861488 0.0331044 0.506697 183.513 -0.00572142 0.997176 -0.0748768 -17.2283 -0.507745 -0.0674045 -0.858866 1.18662 
-0.852181 0.0361386 0.521997 184.161 -0.00278145 0.997285 -0.0735844 -17.3351 -0.523239 -0.0641591 -0.849767 0.136573 
-0.841685 0.0386781 0.538581 184.834 -0.000582599 0.997366 -0.0725362 -17.4348 -0.539968 -0.0613664 -0.839445 -0.902288 
-0.830537 0.0418023 0.555392 185.525 0.00263124 0.997463 -0.0711407 -17.5404 -0.556957 -0.0576236 -0.82854 -1.9296 
-0.819832 0.0435399 0.570947 186.251 0.00364213 0.997481 -0.0708374 -17.6357 -0.572593 -0.0559952 -0.817925 -2.91867 
-0.807983 0.0457287 0.587429 186.984 0.004674 0.99745 -0.0712181 -17.7281 -0.589188 -0.0547974 -0.806136 -3.91548 
-0.794871 0.0481502 0.604865 187.736 0.00661928 0.997475 -0.0707053 -17.8284 -0.606743 -0.0521978 -0.793182 -4.89574 
-0.78033 0.0488698 0.623456 188.483 0.00762591 0.997611 -0.0686534 -17.9242 -0.625322 -0.0488179 -0.778839 -5.87285 
-0.765129 0.05029 0.64191 189.275 0.00931956 0.997706 -0.0670561 -18.02 -0.643809 -0.0453242 -0.763842 -6.80743 
-0.748837 0.0527308 0.660653 190.081 0.0106073 0.997656 -0.067606 -18.1199 -0.66267 -0.0436181 -0.747641 -7.69864 
-0.731472 0.0555094 0.679608 190.894 0.0112119 0.997525 -0.0694089 -18.2181 -0.68178 -0.0431509 -0.730284 -8.5688 
-0.714962 0.0556384 0.696945 191.741 0.00964205 0.997518 -0.0697424 -18.3106 -0.699096 -0.0431432 -0.713725 -9.38387 
-0.695983 0.0556404 0.715899 192.61 0.00854307 0.997564 -0.0692264 -18.4063 -0.718007 -0.0420644 -0.694763 -10.2132 
-0.675492 0.0554163 0.735281 193.488 0.00716331 0.997618 -0.0686072 -18.5025 -0.737332 -0.0410766 -0.67428 -11.0262 
-0.65444 0.0559546 0.75404 194.391 0.00533677 0.997575 -0.0693946 -18.5958 -0.756095 -0.0413905 -0.653152 -11.8073 
-0.634185 0.0556161 0.771179 195.324 0.0023533 0.997544 -0.070006 -18.6842 -0.773178 -0.0425819 -0.632758 -12.5451 
-0.613157 0.0555229 0.788008 196.265 0.00103631 0.997583 -0.0694832 -18.7771 -0.789961 -0.0417875 -0.611732 -13.2595 
-0.590334 0.0553528 0.805259 197.224 0.00100567 0.997695 -0.0678436 -18.8723 -0.807159 -0.0392405 -0.589029 -13.9566 
-0.566343 0.0559451 0.822269 198.193 0.000387379 0.997711 -0.067615 -18.9626 -0.824169 -0.0379747 -0.565069 -14.6134 
-0.54084 0.0594529 0.839022 199.188 0.00244439 0.997606 -0.0691145 -19.0496 -0.841122 -0.0353289 -0.53969 -15.2524 
-0.514548 0.0600315 0.855357 200.189 0.00126052 0.997598 -0.0692562 -19.1356 -0.85746 -0.0345574 -0.513388 -15.8417 
-0.487241 0.0588142 0.871285 201.206 -0.000638655 0.997705 -0.0677052 -19.2252 -0.873267 -0.0335451 -0.486085 -16.4038 
-0.459028 0.0569573 0.886594 202.242 -0.00227023 0.997864 -0.0652811 -19.3125 -0.888419 -0.0319786 -0.457919 -16.9335 
-0.429657 0.0585144 0.901094 203.301 -0.00260167 0.997814 -0.0660357 -19.3938 -0.902988 -0.030717 -0.428566 -17.421 
-0.398495 0.0611359 0.915131 204.391 -0.00324516 0.997676 -0.0680636 -19.477 -0.917165 -0.0300927 -0.39737 -17.8918 
-0.366744 0.0628814 0.928194 205.47 -0.00220846 0.997651 -0.0684596 -19.5614 -0.930319 -0.027157 -0.365744 -18.316 
-0.335995 0.062836 0.939765 206.487 -0.000665957 0.997756 -0.0669517 -19.6573 -0.941864 -0.0231212 -0.335199 -18.6687 
-0.303281 0.0627889 0.95083 207.606 -0.000974968 0.997806 -0.066202 -19.7443 -0.952901 -0.0210048 -0.302554 -19.0176 
-0.269316 0.0615194 0.961085 208.748 0.000490068 0.997966 -0.0637429 -19.8337 -0.963052 -0.016696 -0.268799 -19.3387 
-0.234802 0.0597522 0.970205 209.891 -0.000325342 0.998104 -0.0615492 -19.9162 -0.972043 -0.0147675 -0.234337 -19.6131 
-0.200684 0.0583995 0.977914 211.006 0.000322965 0.998225 -0.0595463 -20.0031 -0.979656 -0.0116341 -0.200346 -19.8315 
-0.165764 0.0580215 0.984457 212.143 0.000668508 0.998274 -0.0587233 -20.0839 -0.986165 -0.00907608 -0.165517 -20.0196 
-0.130004 0.0571438 0.989865 213.287 0.00170668 0.998349 -0.0574095 -20.1686 -0.991512 -0.00577404 -0.129886 -20.1731 
-0.094467 0.0575723 0.993862 214.437 0.00122917 0.998332 -0.0577145 -20.24 -0.995527 -0.00423048 -0.0943802 -20.277 
-0.0590701 0.0582145 0.996555 215.59 -0.000163856 0.998297 -0.0583261 -20.3174 -0.998254 -0.00360862 -0.05896 -20.3427 
-0.0244982 0.0575776 0.99804 216.753 -0.000920317 0.998338 -0.0576174 -20.3946 -0.999699 -0.00233003 -0.0244045 -20.3657 
0.00915764 0.0568622 0.99834 217.909 -0.00265996 0.99838 -0.0568401 -20.4718 -0.999954 -0.00213502 0.00929406 -20.3501 
0.0426015 0.0574499 0.997439 219.066 -0.00395935 0.998347 -0.0573332 -20.5465 -0.999084 -0.00150673 0.0427586 -20.299 
0.0754052 0.0567857 0.995535 220.214 -0.00298548 0.998385 -0.0567223 -20.6255 -0.997148 0.001305 0.075453 -20.2109 
0.107409 0.0548227 0.992702 221.377 -0.00233045 0.99849 -0.0548903 -20.6978 -0.994212 0.00358225 0.107374 -20.08 
0.138733 0.0533966 0.988889 222.53 -0.000944141 0.998552 -0.053786 -20.7727 -0.990329 0.00652824 0.138583 -19.9172 
0.168881 0.0536042 0.984178 223.683 -0.000334835 0.998523 -0.0543281 -20.8429 -0.985636 0.00884545 0.16865 -19.7145 
0.199234 0.0536369 0.978483 224.822 0.00124291 0.998486 -0.0549866 -20.9102 -0.979951 0.0121714 0.198866 -19.4803 
0.229572 0.052683 0.971865 225.958 0.00384227 0.998477 -0.0550333 -20.9818 -0.973284 0.0163682 0.22902 -19.2125 
0.259826 0.0506051 0.964328 227.089 0.00656729 0.99851 -0.0541684 -21.0575 -0.965633 0.0204074 0.259107 -18.9071 
0.289998 0.0492713 0.955758 228.217 0.00846551 0.998503 -0.0540436 -21.1266 -0.95699 0.0237635 0.289147 -18.5646 
0.31954 0.0488249 0.946314 229.332 0.0108993 0.998416 -0.0551935 -21.1984 -0.94751 0.0279507 0.318502 -18.1876 
0.348128 0.048653 0.936184 230.44 0.0109313 0.998374 -0.0559499 -21.269 -0.937383 0.0297114 0.34703 -17.774 
0.376273 0.0465325 0.925339 231.539 0.0120206 0.998409 -0.055095 -21.3458 -0.926431 0.0318539 0.375115 -17.3236 
0.40425 0.0458432 0.913499 232.624 0.0117423 0.998401 -0.0553004 -21.4198 -0.914573 0.0330818 0.403065 -16.8401 
0.432557 0.046645 0.900399 233.675 0.0132502 0.998224 -0.0580783 -21.497 -0.901509 0.0370526 0.431171 -16.3287 
0.460543 0.048032 0.886337 234.727 0.0141063 0.998013 -0.0614137 -21.5708 -0.887525 0.0407866 0.45895 -15.7793 
0.487659 0.0461049 0.871816 235.745 0.0154455 0.997993 -0.0614173 -21.6547 -0.872897 0.0434163 0.485968 -15.2066 
0.514656 0.0436148 0.856287 236.778 0.0160432 0.998041 -0.0604776 -21.7371 -0.857247 0.0448627 0.512947 -14.5955 
0.539528 0.0415025 0.840944 237.768 0.0154984 0.998126 -0.0592032 -21.8177 -0.841825 0.0449751 0.537874 -13.9438 
0.562679 0.0413559 0.82564 238.755 0.0141825 0.998118 -0.0596608 -21.9041 -0.826554 0.0452795 0.561033 -13.2652 
0.583379 0.0415208 0.811138 239.735 0.0126996 0.998104 -0.0602251 -21.9818 -0.812101 0.0454352 0.581746 -12.5468 
0.603083 0.0403965 0.796655 240.704 0.0118929 0.99815 -0.0596171 -22.0584 -0.79759 0.0454285 0.601487 -11.8088 
0.621451 0.0376376 0.782548 241.646 0.0117946 0.998283 -0.0573803 -22.1429 -0.783364 0.0448889 0.61994 -11.0514 
0.63887 0.0344081 0.768545 242.586 0.0131256 0.998366 -0.0556084 -22.2202 -0.769202 0.0456141 0.637375 -10.268 
0.655009 0.032183 0.754935 243.505 0.0138413 0.998414 -0.0545718 -22.2939 -0.755494 0.0461943 0.653525 -9.45946 
0.670149 0.0303134 0.741607 244.411 0.0152969 0.998389 -0.0546325 -22.3677 -0.742069 0.0479561 0.668606 -8.62271 
0.685443 0.0297496 0.727519 245.305 0.0150259 0.998374 -0.0549824 -22.4448 -0.727972 0.0486189 0.683881 -7.77162 
0.700519 0.028368 0.71307 246.187 0.0156897 0.998356 -0.0551312 -22.518 -0.713461 0.0498082 0.698922 -6.90318 
0.71502 0.0261217 0.698616 247.049 0.0152235 0.998483 -0.0529152 -22.5887 -0.698938 0.0484708 0.713538 -6.00758 
0.729238 0.0232224 0.683866 247.884 0.015765 0.998588 -0.0507206 -22.6665 -0.684079 0.0477685 0.727842 -5.10076 
0.74323 0.0215144 0.668689 248.709 0.0161424 0.998615 -0.0500715 -22.7381 -0.668841 0.0480089 0.741854 -4.17163 
0.756675 0.0216421 0.653432 249.51 0.0163781 0.998511 -0.0520374 -22.8089 -0.653585 0.0500773 0.755194 -3.22704 
0.768933 0.02085 0.63899 250.292 0.0167413 0.998469 -0.0527257 -22.8788 -0.639111 0.0512399 0.767406 -2.26257 
0.780565 0.0199742 0.624756 251.07 0.0162505 0.998503 -0.0522268 -22.9537 -0.624864 0.0509189 0.779072 -1.27335 
0.791569 0.0172785 0.610835 251.831 0.0167996 0.998607 -0.0500177 -23.0265 -0.610848 0.0498542 0.790176 -0.274155 
0.802059 0.0148745 0.59706 252.576 0.0181183 0.998624 -0.049218 -23.0983 -0.59697 0.0502934 0.800685 0.748862 
0.811877 0.0145157 0.583648 253.305 0.0179347 0.998599 -0.0497839 -23.1686 -0.583552 0.0508859 0.810479 1.77916 
0.82082 0.0118636 0.571064 254.017 0.0218597 0.998399 -0.0521617 -23.2368 -0.570768 0.0552985 0.819247 2.82557 
0.829134 0.00950099 0.558969 254.721 0.0229877 0.99843 -0.0510692 -23.3096 -0.558577 0.0551926 0.827614 3.8885 
0.836802 0.00619153 0.54747 255.422 0.0257542 0.998384 -0.0506563 -23.3837 -0.546899 0.0564889 0.83529 4.97009 
0.843587 0.00482805 0.536971 256.103 0.0267683 0.998338 -0.0510297 -23.4553 -0.536325 0.0574218 0.842056 6.05901 
0.849101 0.00351109 0.528219 256.782 0.0273459 0.998345 -0.050594 -23.5271 -0.527523 0.057404 0.847599 7.1682 
0.853053 0.0024212 0.521818 257.456 0.0269816 0.998447 -0.0487417 -23.602 -0.521126 0.0556587 0.851663 8.29338 
0.855906 0.00104396 0.51713 258.126 0.027536 0.998487 -0.0475909 -23.6724 -0.516397 0.054973 0.854583 9.42777 
0.858443 0.000162239 0.512909 258.786 0.0280309 0.998491 -0.0472307 -23.7441 -0.512142 0.0549222 0.857143 10.5609 
0.860837 -0.00121106 0.508879 259.45 0.0290018 0.998489 -0.0466844 -23.8136 -0.508053 0.054946 0.859571 11.7073 
0.863209 -0.00353784 0.504834 260.175 0.0303634 0.998529 -0.0449206 -23.8854 -0.503932 0.0541043 0.862047 12.9287 
0.865353 -0.00541672 0.501133 260.841 0.0318261 0.998517 -0.0441645 -23.9541 -0.500151 0.054167 0.864243 14.0942 
0.867602 -0.00611656 0.497222 261.507 0.0326077 0.998472 -0.0446145 -24.0213 -0.496189 0.0549208 0.866475 15.2714 
0.86989 -0.00752399 0.493189 262.159 0.0336245 0.998462 -0.044075 -24.0898 -0.492098 0.0549236 0.868805 16.4379 
0.871995 -0.00729381 0.48946 262.808 0.0330359 0.998486 -0.0439759 -24.1593 -0.488398 0.0545165 0.870916 17.6179 
0.873966 -0.0074732 0.48593 263.45 0.0327615 0.998513 -0.0435669 -24.2301 -0.484882 0.0539957 0.872911 18.7947 
0.875979 -0.00697802 0.482298 264.101 0.0318232 0.998553 -0.0433522 -24.3051 -0.481297 0.0533238 0.874934 19.9853 
0.877218 -0.00605961 0.480053 264.732 0.0307069 0.998581 -0.0435071 -24.3765 -0.479108 0.0529061 0.87616 21.1663 
