1 2.12261e-08 -2.11895e-08 0 2.12261e-08 1 2.10703e-08 0 -2.11895e-08 2.10703e-08 1 0 
1 -0.000604696 2.44875e-05 -0.0247241 0.000604703 0.999999 0.00142152 -0.014364 -2.53894e-05 -0.00142146 0.999999 1.34562 
0.999999 -0.00167181 -0.000465571 -0.0446869 0.00167254 0.999998 0.00148773 -0.0313412 0.00046304 -0.00148846 0.999999 2.68668 
0.999995 -0.00314422 -0.000564666 -0.0648678 0.0031445 0.999995 0.000411264 -0.0509069 0.000563328 -0.000412996 1 4.03064 
0.999995 -0.00323959 -0.000427631 -0.0875218 0.00323976 0.999995 0.000316329 -0.0660015 0.000426561 -0.00031767 1 5.38308 
0.999992 -0.00389833 -0.000190224 -0.118425 0.00389862 0.999992 0.00133557 -0.0878188 0.000184973 -0.00133626 0.999999 6.73613 
0.999985 -0.00541274 0.000195772 -0.141604 0.00541228 0.999982 0.0025077 -0.106784 -0.000209385 -0.00250657 0.999997 8.08278 
0.999987 -0.00503245 -2.63261e-05 -0.165193 0.00503255 0.999983 0.00297134 -0.124663 1.13302e-05 -0.0029714 0.999996 9.44222 
0.999991 -0.00417788 -0.000183173 -0.191209 0.0041781 0.999991 0.000997227 -0.139486 0.000178962 -0.000997941 1 10.819 
0.999999 -0.00143762 0.000146137 -0.223985 0.00143784 0.999998 -0.00121166 -0.161116 -0.000144437 0.00121191 0.999999 12.1664 
0.999998 0.0019964 0.000530967 -0.25747 -0.00199525 0.999996 -0.00207414 -0.184758 -0.000535148 0.00207312 0.999998 13.5067 
0.999989 0.00462841 0.000726319 -0.288442 -0.00462659 0.999986 -0.00242347 -0.205482 -0.000737568 0.00242012 0.999997 14.8598 
0.999984 0.00550208 0.00100762 -0.314197 -0.0055006 0.999984 -0.00141858 -0.230606 -0.00101545 0.00141306 0.999999 16.2301 
0.999994 0.00322842 0.00160281 -0.338792 -0.00323054 0.999994 0.00135044 -0.250931 -0.00159848 -0.00135557 0.999998 17.5808 
0.999998 -0.000597992 0.00169859 -0.354307 0.000592862 0.999995 0.00304395 -0.268235 -0.00170045 -0.00304289 0.999994 18.9491 
0.999995 -0.0029683 0.00146105 -0.370802 0.00296721 0.999995 0.000777474 -0.28792 -0.00146339 -0.000773093 0.999999 20.3142 
0.999991 -0.00385986 0.0015419 -0.395367 0.003862 0.999992 -0.00135947 -0.305676 -0.00153668 0.00136545 0.999998 21.68 
0.999997 -0.0011897 0.00227796 -0.419869 0.00119679 0.999995 -0.00309282 -0.327236 -0.00227431 0.00309558 0.999993 23.0591 
0.999993 0.00148843 0.00342844 -0.452832 -0.00148464 0.999998 -0.0010964 -0.349814 -0.00343011 0.00109134 0.999994 24.4287 
0.99999 0.00213248 0.00395881 -0.478374 -0.0021414 0.999995 0.00226186 -0.367462 -0.00395401 -0.00227027 0.99999 25.8036 
0.999989 0.000225545 0.00460418 -0.497053 -0.000244407 0.999992 0.00410593 -0.382361 -0.00460326 -0.00410697 0.999981 27.1768 
0.999984 -0.00387986 0.00404566 -0.507441 0.00387009 0.99999 0.00243136 -0.401285 -0.0040551 -0.00241562 0.999989 28.5533 
0.999985 -0.00371281 0.00413062 -0.528259 0.0037134 0.999993 -0.000125066 -0.417788 -0.00413016 0.000140445 0.999992 29.9296 
0.99998 -0.00383898 0.0049539 -0.543586 0.00385153 0.999989 -0.00251787 -0.441372 -0.00494423 0.00253695 0.999985 31.3128 
0.999985 -0.000205062 0.005479 -0.564862 0.000224173 0.999994 -0.0034799 -0.466393 -0.00547829 0.00348112 0.999979 32.6896 
0.999983 0.000499908 0.00579674 -0.584969 -0.000468836 0.999986 -0.005353 -0.496654 -0.00579937 0.00535023 0.999969 34.0799 
0.999981 0.0014752 0.00599739 -0.606033 -0.00144627 0.999987 -0.00481912 -0.523738 -0.00600446 0.0048104 0.99997 35.4821 
0.99998 0.00154905 0.00614868 -0.626615 -0.00152733 0.999993 -0.00352902 -0.553105 -0.00615414 0.0035196 0.999975 36.8849 
0.999977 0.0028489 0.00623698 -0.659738 -0.00283495 0.999994 -0.00223775 -0.575384 -0.00624335 0.00222006 0.999978 38.3032 
0.99996 0.00600977 0.00657372 -0.686363 -0.0059961 0.99998 -0.00209014 -0.598715 -0.0065862 0.00205069 0.999976 39.7036 
0.99994 0.00829079 0.00713362 -0.71146 -0.00827162 0.999962 -0.00270707 -0.618423 -0.00715584 0.00264794 0.999971 41.1236 
0.999912 0.0110538 0.00738833 -0.736264 -0.0110361 0.999936 -0.00242111 -0.645441 -0.00741466 0.0023394 0.99997 42.5301 
0.999905 0.0116421 0.00744088 -0.761932 -0.0116249 0.99993 -0.00233889 -0.670214 -0.00746763 0.00225221 0.99997 43.9568 
0.999913 0.0111 0.00710794 -0.776849 -0.0110819 0.999935 -0.00256771 -0.692682 -0.00713602 0.00248876 0.999971 45.3779 
0.999923 0.0105058 0.0065932 -0.795153 -0.0104864 0.999941 -0.00296316 -0.719141 -0.00662398 0.00289383 0.999974 46.8063 
0.999936 0.00954835 0.00605732 -0.816677 -0.00953228 0.999951 -0.00266818 -0.747468 -0.00608255 0.00261031 0.999978 48.2266 
0.999935 0.0100568 0.00530371 -0.842003 -0.0100485 0.999948 -0.00159429 -0.770253 -0.00531951 0.00154094 0.999985 49.6413 
0.999931 0.0108876 0.00445494 -0.865206 -0.0108788 0.999939 -0.00199648 -0.794018 -0.00447645 0.00194792 0.999988 51.0653 
0.999932 0.0111098 0.00342109 -0.888896 -0.0111047 0.999937 -0.00149913 -0.820552 -0.00343757 0.00146108 0.999993 52.4855 
0.999935 0.011117 0.0025542 -0.913631 -0.0111155 0.999938 -0.000579773 -0.846543 -0.00256053 0.000551386 0.999997 53.9405 
0.999954 0.00937256 0.00205999 -0.938595 -0.00937319 0.999956 0.000318835 -0.868916 -0.00205695 -0.000338087 0.999998 55.3869 
0.999966 0.00813158 0.00168527 -0.961211 -0.00813258 0.999967 0.000612801 -0.897035 -0.00168027 -0.000626444 0.999998 56.8238 
0.999984 0.00558641 0.0012075 -0.985503 -0.0055863 0.999984 -5.35648e-05 -0.919536 -0.00120782 4.68605e-05 0.999999 58.2524 
0.999991 0.00398563 0.00113315 -1.00912 -0.003986 0.999992 0.000359327 -0.948006 -0.00113175 -0.000363799 0.999999 59.7016 
0.999995 0.00278159 0.00160691 -1.02929 -0.00278347 0.999995 0.00119741 -0.975535 -0.00160361 -0.00120184 0.999998 61.1381 
0.999996 0.00180374 0.00217497 -1.04583 -0.00180781 0.999997 0.00189179 -1.00118 -0.0021716 -0.00189567 0.999996 62.5774 
0.999996 0.000430051 0.00288027 -1.07221 -0.000434065 0.999999 0.00140774 -1.02438 -0.0028797 -0.00140894 0.999995 64.0083 
0.999993 -0.000874754 0.0036456 -1.0921 0.000873324 1 0.000405732 -1.04406 -0.00364599 -0.000402503 0.999993 65.4428 
0.999991 1.60781e-05 0.00435654 -1.11355 -1.58203e-05 1 -4.94439e-05 -1.07068 -0.00435658 4.94166e-05 0.999991 66.8902 
0.999985 0.00146955 0.00535181 -1.13497 -0.0014676 0.999999 -0.000360006 -1.09581 -0.00535238 0.000352188 0.999986 68.3098 
0.999973 0.00465776 0.00565001 -1.15099 -0.00466315 0.999989 0.000948 -1.11998 -0.00564557 -0.00097428 0.999984 69.7612 
0.999944 0.00813776 0.00676619 -1.17126 -0.00815131 0.999965 0.00198364 -1.1413 -0.00674985 -0.00203865 0.999975 71.1947 
0.999901 0.0119279 0.00751262 -1.19573 -0.0119455 0.999926 0.00230786 -1.16005 -0.00748458 -0.00239733 0.999969 72.6193 
0.999833 0.0162957 0.00828239 -1.21897 -0.0163124 0.999865 0.00195275 -1.18487 -0.00824949 -0.00208749 0.999964 74.0345 
0.999763 0.0196799 0.00927549 -1.2474 -0.0196926 0.999805 0.00127879 -1.20783 -0.00924856 -0.0014611 0.999956 75.4278 
0.999722 0.02133 0.0100916 -1.26544 -0.0213436 0.999771 0.001246 -1.23369 -0.0100627 -0.001461 0.999948 76.8327 
0.999709 0.0216751 0.0106177 -1.28779 -0.0216928 0.999764 0.0015543 -1.25497 -0.0105816 -0.00178413 0.999942 78.2755 
0.999724 0.0209794 0.0105669 -1.29205 -0.0209908 0.999779 0.00097502 -1.27412 -0.0105442 -0.00119652 0.999944 79.6989 
0.999759 0.0193295 0.0103766 -1.30167 -0.0193307 0.999813 2.37557e-05 -1.29303 -0.0103743 -0.000224296 0.999946 81.1302 
0.999768 0.0190015 0.0101731 -1.31244 -0.0190014 0.999819 -0.000103989 -1.31607 -0.0101733 -8.92975e-05 0.999948 82.5561 
0.999778 0.0185053 0.0100395 -1.3296 -0.0185075 0.999829 0.000132448 -1.33843 -0.0100353 -0.000318183 0.99995 83.9685 
0.999789 0.0182375 0.0094749 -1.33966 -0.0182353 0.999834 -0.000316733 -1.36343 -0.00947914 0.00014393 0.999955 85.3825 
0.999792 0.018381 0.00879236 -1.3574 -0.0183792 0.999831 -0.000276612 -1.37931 -0.008796 0.000114999 0.999961 86.7834 
0.999811 0.0178178 0.00780633 -1.37302 -0.0178226 0.999841 0.000552309 -1.40572 -0.0077953 -0.000691293 0.999969 88.1857 
0.999845 0.0161088 0.00717451 -1.39645 -0.0161185 0.999869 0.0013003 -1.42703 -0.00715267 -0.00141569 0.999973 89.5615 
0.999882 0.0140879 0.00612322 -1.41482 -0.0140987 0.999899 0.00172231 -1.44782 -0.00609838 -0.0018084 0.99998 90.9497 
0.999919 0.0116037 0.00528396 -1.43413 -0.0116142 0.999931 0.00196243 -1.47091 -0.00526087 -0.0020236 0.999984 92.3636 
0.999937 0.0100833 0.0049212 -1.45028 -0.0100903 0.999948 0.00140487 -1.49104 -0.00490682 -0.0014544 0.999987 93.757 
0.999946 0.00914258 0.00491714 -1.47182 -0.00914676 0.999958 0.000837074 -1.5121 -0.00490932 -0.000881963 0.999988 95.1428 
0.999944 0.00953101 0.00455884 -1.48685 -0.00953196 0.999955 0.000194103 -1.5364 -0.00455682 -0.000237505 0.99999 96.5547 
0.999944 0.00942055 0.00478109 -1.50894 -0.00941885 0.999956 -0.000370032 -1.56202 -0.00478441 0.000325021 0.999989 97.9129 
0.999934 0.0104056 0.00486256 -1.52729 -0.0104004 0.999945 -0.00109097 -1.58726 -0.00487369 0.00104037 0.999988 99.2796 
0.999921 0.0114487 0.00528379 -1.5549 -0.0114449 0.999934 -0.000741734 -1.61446 -0.00529197 0.000681244 0.999986 100.632 
0.999912 0.0119637 0.00571912 -1.5739 -0.0119686 0.999928 0.000832835 -1.64235 -0.00570878 -0.00090117 0.999983 101.982 
0.9999 0.0128403 0.0058865 -1.5948 -0.0128533 0.999915 0.00218288 -1.66567 -0.00585801 -0.00225828 0.99998 103.343 
0.999912 0.0118254 0.00596381 -1.61016 -0.0118303 0.99993 0.00079717 -1.68878 -0.005954 -0.000867612 0.999982 104.716 
0.999912 0.0117566 0.00617772 -1.62736 -0.0117475 0.99993 -0.00151263 -1.7131 -0.00619512 0.00143997 0.99998 106.062 
0.999919 0.0110489 0.00625533 -1.65654 -0.0110325 0.999936 -0.00264681 -1.7402 -0.00628422 0.00257763 0.999977 107.417 
0.99994 0.00884957 0.00647394 -1.66637 -0.00884022 0.99996 -0.00146584 -1.76392 -0.00648669 0.00140856 0.999978 108.78 
0.999956 0.00602987 0.00717802 -1.68381 -0.00603464 0.999982 0.000648783 -1.79071 -0.00717401 -0.00069203 0.999974 110.129 
0.999955 0.00473818 0.00825236 -1.69579 -0.00474808 0.999988 0.00118562 -1.81333 -0.00824668 -0.00122471 0.999965 111.489 
0.999952 0.00367769 0.00907824 -1.71043 -0.00367731 0.999993 -5.46813e-05 -1.83892 -0.00907843 2.1337e-05 0.999959 112.827 
0.999933 0.00592982 0.00990882 -1.72499 -0.00590479 0.999979 -0.00254896 -1.86398 -0.00992377 0.00249032 0.999948 114.194 
0.999903 0.00822498 0.0112248 -1.7392 -0.00817314 0.999956 -0.00465244 -1.89038 -0.0112626 0.00456028 0.999926 115.542 
0.999859 0.0111547 0.0125395 -1.75562 -0.0110982 0.999928 -0.00456647 -1.92052 -0.0125895 0.0044267 0.999911 116.885 
0.999818 0.0124549 0.0144335 -1.76914 -0.0124159 0.999919 -0.00278692 -1.9452 -0.0144671 0.00260725 0.999892 118.258 
0.999794 0.0127656 0.0158082 -1.78105 -0.0127573 0.999918 -0.000625052 -1.97064 -0.0158149 0.000423295 0.999875 119.605 
0.999784 0.0123913 0.0167032 -1.78542 -0.0123901 0.999923 -0.000175368 -1.99356 -0.0167041 -3.1582e-05 0.999861 120.947 
0.999759 0.0127757 0.017852 -1.78754 -0.0127643 0.999918 -0.000746297 -2.01824 -0.0178602 0.000518289 0.99984 122.288 
0.999707 0.0146032 0.019286 -1.79237 -0.0145801 0.999893 -0.00133443 -2.0417 -0.0193035 0.00105289 0.999813 123.645 
0.999647 0.0167496 0.0206375 -1.7914 -0.0167149 0.999859 -0.00185201 -2.06186 -0.0206657 0.00150644 0.999785 125.013 
0.999605 0.0175066 0.0219649 -1.78888 -0.0174453 0.999843 -0.00297487 -2.08477 -0.0220136 0.00259056 0.999754 126.375 
0.999562 0.0184831 0.0231013 -1.79249 -0.0183996 0.999823 -0.00381729 -2.10857 -0.0231678 0.0033906 0.999726 127.733 
0.99955 0.0176038 0.0242815 -1.78899 -0.0175095 0.999838 -0.00408937 -2.13287 -0.0243496 0.00366241 0.999697 129.096 
0.999527 0.0172201 0.0254723 -1.78758 -0.0171482 0.999848 -0.00303765 -2.15976 -0.0255207 0.00259945 0.999671 130.46 
0.99952 0.0159302 0.0265545 -1.78362 -0.0158762 0.999871 -0.00224317 -2.1826 -0.0265869 0.00182055 0.999645 131.83 
0.999518 0.0150134 0.0271669 -1.77979 -0.0149691 0.999886 -0.00183165 -2.20775 -0.0271913 0.00142414 0.999629 133.188 
0.999534 0.0130668 0.0275744 -1.77465 -0.0130254 0.999914 -0.00168015 -2.23262 -0.0275941 0.00132024 0.999618 134.539 
0.999555 0.0116521 0.0274672 -1.76532 -0.0116253 0.999932 -0.001136 -2.25465 -0.0274786 0.000816222 0.999622 135.898 
0.999589 0.00996388 0.0268774 -1.74989 -0.00993195 0.99995 -0.00131965 -2.27993 -0.0268893 0.00105221 0.999638 137.274 
0.999618 0.00900852 0.0261212 -1.74536 -0.00896665 0.999958 -0.00171785 -2.30032 -0.0261356 0.00148302 0.999657 138.634 
0.99965 0.00777688 0.0252978 -1.73779 -0.00776031 0.99997 -0.000751424 -2.32366 -0.0253029 0.000554884 0.99968 139.993 
0.999683 0.00646911 0.0243382 -1.72944 -0.00645419 0.999979 -0.000689788 -2.34424 -0.0243422 0.000532528 0.999704 141.355 
0.999714 0.0061524 0.0231315 -1.72588 -0.00613923 0.999981 -0.00063813 -2.36956 -0.023135 0.000495979 0.999732 142.701 
0.999731 0.00639532 0.0222891 -1.72503 -0.00636721 0.999979 -0.00132991 -2.3925 -0.0222972 0.00118768 0.999751 144.053 
0.999755 0.00631206 0.0212354 -1.72176 -0.00628139 0.999979 -0.00150892 -2.41917 -0.0212446 0.0013752 0.999773 145.409 
0.999786 0.00406971 0.0203068 -1.71395 -0.00399286 0.999985 -0.00382097 -2.4477 -0.0203221 0.00373911 0.999787 146.757 
0.999813 -0.00128929 0.0192725 -1.70634 0.00137048 0.99999 -0.00419746 -2.47352 -0.0192669 0.00422313 0.999805 148.114 
0.999792 -0.0091443 0.0182489 -1.69516 0.009177 0.999956 -0.00170679 -2.50194 -0.0182325 0.00187395 0.999832 149.457 
0.999739 -0.015795 0.0165061 -1.68591 0.0158005 0.999875 -0.000199878 -2.52529 -0.0165009 0.000460672 0.999864 150.806 
0.999701 -0.018832 0.0156 -1.67847 0.0188915 0.999815 -0.0036712 -2.5485 -0.015528 0.00396485 0.999872 152.165 
0.999712 -0.0179946 0.0159065 -1.67995 0.0181048 0.999813 -0.00681454 -2.57628 -0.0157809 0.0071006 0.99985 153.511 
0.999749 -0.0146339 0.0169646 -1.68457 0.0147865 0.999851 -0.00890606 -2.60839 -0.0168318 0.00915472 0.999816 154.869 
0.999734 -0.0146653 0.0178044 -1.68197 0.0148261 0.99985 -0.0089284 -2.64441 -0.0176708 0.00919003 0.999802 156.238 
0.999672 -0.0177332 0.0184746 -1.67643 0.017838 0.999826 -0.00552077 -2.67525 -0.0183735 0.00584855 0.999814 157.602 
0.999552 -0.0232389 0.0188798 -1.66266 0.0232889 0.999726 -0.00242831 -2.7102 -0.0188183 0.00286695 0.999819 158.96 
0.999449 -0.0270449 0.0192189 -1.65703 0.0270725 0.999633 -0.00117309 -2.73478 -0.0191801 0.00169278 0.999815 160.316 
0.999401 -0.0286719 0.0193844 -1.64743 0.0287 0.999587 -0.00117256 -2.7615 -0.0193428 0.00172824 0.999811 161.685 
0.999426 -0.0268271 0.0206928 -1.64752 0.0268407 0.99964 -0.000380657 -2.78778 -0.0206752 0.000935891 0.999786 163.043 
0.999493 -0.0231373 0.0218546 -1.6423 0.023169 0.999731 -0.00119761 -2.81674 -0.021821 0.00170339 0.99976 164.403 
0.999555 -0.0193081 0.0227473 -1.63809 0.019393 0.999806 -0.00351798 -2.84117 -0.022675 0.0039576 0.999735 165.766 
0.999589 -0.0161677 0.0236554 -1.63648 0.0162721 0.999859 -0.00422682 -2.86573 -0.0235838 0.00461005 0.999711 167.126 
0.999604 -0.0144702 0.0241516 -1.62715 0.0145441 0.99989 -0.00288422 -2.89638 -0.0241073 0.00323438 0.999704 168.5 
0.999638 -0.0123942 0.0238994 -1.61526 0.0124811 0.999916 -0.0034905 -2.92279 -0.0238542 0.00378757 0.999708 169.88 
0.999665 -0.0104399 0.0236927 -1.61022 0.0105797 0.999927 -0.00578406 -2.95472 -0.0236307 0.00603283 0.999703 171.24 
0.999706 -0.00641471 0.0233875 -1.61087 0.00661446 0.999942 -0.00847163 -2.98712 -0.0233319 0.00862387 0.999691 172.6 
0.999723 -0.0014876 0.0235075 -1.61458 0.00171864 0.99995 -0.00980967 -3.01982 -0.0234918 0.00984739 0.999676 173.975 
0.99971 0.00302198 0.0238904 -1.61483 -0.00281482 0.999958 -0.00869842 -3.05443 -0.0239157 0.00862869 0.999677 175.353 
0.999687 0.00558373 0.0243696 -1.60808 -0.00542296 0.999963 -0.00665651 -3.09047 -0.024406 0.00652232 0.999681 176.742 
0.999676 0.00665509 0.0245597 -1.6021 -0.00654294 0.999968 -0.00464231 -3.11811 -0.0245899 0.00448015 0.999688 178.134 
0.999709 0.00335854 0.0238776 -1.59126 -0.00327068 0.999988 -0.00371598 -3.14599 -0.0238899 0.00363685 0.999708 179.526 
0.999753 0.00126754 0.0221964 -1.57775 -0.00118534 0.999992 -0.0037143 -3.1707 -0.022201 0.00368711 0.999747 180.929 
0.999793 0.00120801 0.0203057 -1.57202 -0.00104543 0.999967 -0.00801346 -3.20031 -0.0203148 0.00799061 0.999762 182.325 
0.999821 0.00281838 0.0187239 -1.56879 -0.00259044 0.999922 -0.0121849 -3.23385 -0.0187568 0.0121342 0.99975 183.732 
0.999803 0.00776163 0.0182937 -1.57527 -0.00752444 0.999887 -0.0129971 -3.27206 -0.0183926 0.012857 0.999748 185.138 
0.999776 0.010839 0.0181748 -1.58063 -0.0106232 0.999872 -0.0119283 -3.31244 -0.0183018 0.0117326 0.999764 186.576 
0.99975 0.0126257 0.0184372 -1.58373 -0.0124704 0.999886 -0.00851609 -3.34202 -0.0185426 0.00828409 0.999794 188.011 
0.99974 0.0129112 0.0187976 -1.58539 -0.0127904 0.999897 -0.00652884 -3.37113 -0.01888 0.00628676 0.999802 189.449 
0.999745 0.0123708 0.0188856 -1.58352 -0.0122634 0.999908 -0.00578536 -3.39569 -0.0189555 0.00555232 0.999805 190.888 
0.999761 0.0107009 0.0190546 -1.57578 -0.0106007 0.99993 -0.00535258 -3.41835 -0.0191106 0.00514936 0.999804 192.336 
0.999782 0.00838441 0.0191335 -1.56831 -0.00829236 0.999954 -0.00488286 -3.44785 -0.0191736 0.00472317 0.999805 193.767 
0.999792 0.00600963 0.0194742 -1.57279 -0.00591487 0.99997 -0.00491781 -3.47584 -0.0195032 0.00480164 0.999798 195.2 
0.999802 0.00276633 0.01969 -1.55971 -0.00269076 0.999989 -0.00386127 -3.50331 -0.0197005 0.00380757 0.999799 196.656 
0.999795 -0.00147102 0.0202154 -1.55012 0.00151721 0.999996 -0.00226764 -3.53156 -0.020212 0.00229788 0.999793 198.109 
0.999783 -0.00395414 0.0204521 -1.53302 0.00400563 0.999989 -0.00247473 -3.55676 -0.0204421 0.00255616 0.999788 199.564 
0.999779 -0.00174181 0.020974 -1.53388 0.00188862 0.999974 -0.00697957 -3.58265 -0.0209614 0.00701767 0.999756 201.015 
0.999753 0.00550528 0.0215191 -1.543 -0.00524413 0.999912 -0.0121713 -3.61328 -0.0215843 0.0120555 0.999694 202.457 
0.999628 0.0146748 0.023 -1.55408 -0.0143979 0.999822 -0.0121584 -3.65281 -0.0231744 0.0118227 0.999662 203.891 
0.999464 0.0221986 0.0240624 -1.56117 -0.0219905 0.999719 -0.00887799 -3.68618 -0.0242528 0.00834413 0.999671 205.349 
0.999415 0.0232535 0.0250935 -1.55842 -0.0230877 0.99971 -0.00687628 -3.7153 -0.0252461 0.00629294 0.999662 206.821 
0.999468 0.0213067 0.0247079 -1.54952 -0.0211558 0.999756 -0.00635331 -3.74391 -0.0248373 0.00582726 0.999675 208.282 
0.999553 0.0182546 0.0236939 -1.53707 -0.0181078 0.999816 -0.00639625 -3.7735 -0.0238063 0.00596439 0.999699 209.756 
0.99961 0.0162154 0.0227173 -1.52376 -0.0160631 0.999847 -0.00686767 -3.80685 -0.0228252 0.00650012 0.999718 211.228 
0.999619 0.0164859 0.0221597 -1.51885 -0.0163294 0.999841 -0.00722418 -3.84339 -0.0222753 0.00685961 0.999728 212.701 
0.999591 0.0180763 0.0221791 -1.51749 -0.0179203 0.999813 -0.00720826 -3.87588 -0.0223053 0.00680789 0.999728 214.175 
0.999559 0.0195891 0.0222974 -1.51725 -0.0194519 0.999791 -0.00635114 -3.90816 -0.0224171 0.00591466 0.999731 215.652 
0.999574 0.0190003 0.0221786 -1.51176 -0.0188523 0.999799 -0.00686494 -3.94169 -0.0223046 0.00644394 0.99973 217.134 
0.999589 0.0184727 0.0219032 -1.50512 -0.0183075 0.999803 -0.00772027 -3.97705 -0.0220415 0.00731615 0.99973 218.598 
0.999597 0.0181063 0.0218443 -1.50452 -0.0179309 0.999806 -0.00819451 -4.00854 -0.0219884 0.00779957 0.999728 220.086 
0.999593 0.0185103 0.0216863 -1.50447 -0.0183345 0.999798 -0.00827358 -4.04402 -0.0218351 0.00787265 0.999731 221.576 
0.999586 0.019008 0.0216013 -1.50202 -0.0188275 0.999786 -0.00852484 -4.07996 -0.0217588 0.00811465 0.99973 223.063 
0.999591 0.0187977 0.0215708 -1.50322 -0.018616 0.99979 -0.00859364 -4.11422 -0.0217279 0.00818861 0.99973 224.575 
0.99957 0.020051 0.0213864 -1.50324 -0.0198615 0.999762 -0.00903837 -4.15038 -0.0215626 0.00860976 0.99973 226.063 
0.999588 0.0197595 0.0208414 -1.49347 -0.0195721 0.999767 -0.00915364 -4.18551 -0.0210175 0.008742 0.999741 227.574 
0.999582 0.0201238 0.0207499 -1.49125 -0.019938 0.99976 -0.00912452 -4.22377 -0.0209286 0.00870703 0.999743 229.083 
0.999596 0.0195872 0.0206074 -1.48314 -0.0193997 0.999769 -0.00925751 -4.256 -0.020784 0.00885403 0.999745 230.6 
0.999614 0.0180394 0.0211515 -1.49062 -0.017848 0.999798 -0.00919851 -4.29883 -0.0213132 0.00881748 0.999734 232.1 
0.999638 0.0166085 0.021168 -1.4826 -0.0164229 0.999825 -0.00891148 -4.33694 -0.0213124 0.00856066 0.999736 233.624 
0.999651 0.0152231 0.0215713 -1.48377 -0.0150516 0.999854 -0.0080879 -4.37348 -0.0216913 0.00776044 0.999735 235.139 
0.99965 0.0152283 0.0216293 -1.48102 -0.0150626 0.999856 -0.00779988 -4.41291 -0.021745 0.0074714 0.999736 236.664 
0.99964 0.0157469 0.0217051 -1.47682 -0.0155746 0.999846 -0.00808408 -4.44954 -0.0218291 0.00774317 0.999732 238.182 
0.999624 0.0160015 0.0222651 -1.48101 -0.015806 0.999835 -0.00892329 -4.47983 -0.0224042 0.00856806 0.999712 239.712 
0.999588 0.0173675 0.0228746 -1.48013 -0.0171814 0.999818 -0.00830714 -4.51726 -0.0230147 0.00791074 0.999704 241.232 
0.999558 0.0176214 0.0239263 -1.47892 -0.0174779 0.999828 -0.00619045 -4.55348 -0.0240313 0.00576958 0.999695 242.756 
0.999542 0.017418 0.0247351 -1.47529 -0.0172808 0.999834 -0.00574767 -4.58804 -0.0248311 0.00531764 0.999678 244.262 
0.999516 0.017987 0.0253793 -1.46882 -0.0178046 0.999814 -0.00739483 -4.6236 -0.0255076 0.00693942 0.999651 245.778 
0.9995 0.0182231 0.0258218 -1.4559 -0.0180016 0.999799 -0.00878497 -4.6584 -0.0259768 0.00831579 0.999628 247.31 
0.999474 0.0192054 0.0261355 -1.44545 -0.0189889 0.999784 -0.00850418 -4.69014 -0.0262932 0.00800346 0.999622 248.848 
0.999479 0.0188975 0.0261602 -1.43328 -0.0187096 0.999798 -0.00740521 -4.72732 -0.0262949 0.00691194 0.99963 250.381 
0.999486 0.0190659 0.0257782 -1.41729 -0.0188927 0.999797 -0.00694301 -4.76484 -0.0259054 0.00645246 0.999644 251.919 
0.999484 0.0192564 0.0257014 -1.40923 -0.0190864 0.999794 -0.00683899 -4.80274 -0.0258278 0.00634495 0.999646 253.451 
0.999451 0.0205622 0.0259688 -1.40192 -0.0203983 0.99977 -0.00655696 -4.84018 -0.0260977 0.00602368 0.999641 254.992 
0.999411 0.0220878 0.026268 -1.39081 -0.0219209 0.999738 -0.00662503 -4.87373 -0.0264075 0.00604535 0.999633 256.528 
0.999401 0.022592 0.0262223 -1.37602 -0.0224309 0.999728 -0.00641953 -4.9074 -0.0263602 0.00582753 0.999636 258.088 
0.999425 0.0212449 0.0264377 -1.36097 -0.021085 0.999758 -0.00631132 -4.94229 -0.0265654 0.00575029 0.999631 259.628 
0.999454 0.0197238 0.026492 -1.3472 -0.0195826 0.999793 -0.0055783 -4.97553 -0.0265966 0.00505651 0.999634 261.178 
0.99949 0.0174876 0.0267328 -1.32877 -0.0173634 0.999837 -0.00486966 -5.00813 -0.0268137 0.00440304 0.999631 262.734 
0.999514 0.0164983 0.02644 -1.30216 -0.0163542 0.99985 -0.0056559 -5.04048 -0.0265294 0.00522079 0.999634 264.295 
0.999528 0.0155017 0.0265336 -1.28985 -0.015332 0.999861 -0.00658611 -5.07756 -0.0266321 0.00617623 0.999626 265.834 
0.999546 0.0135319 0.0269107 -1.27357 -0.0134146 0.9999 -0.00453172 -5.11464 -0.0269693 0.00416871 0.999628 267.391 
0.99956 0.0115143 0.0273542 -1.25554 -0.0114416 0.999931 -0.0028115 -5.14771 -0.0273847 0.00249733 0.999622 268.937 
0.999563 0.0108798 0.0274742 -1.24486 -0.0107864 0.999936 -0.00354547 -5.18001 -0.0275111 0.00324762 0.999616 270.493 
0.999543 0.0109053 0.0282049 -1.23289 -0.010777 0.999931 -0.00469703 -5.2109 -0.0282542 0.00439096 0.999591 272.048 
0.999517 0.0116787 0.0288018 -1.21164 -0.0115369 0.999921 -0.00508177 -5.24052 -0.0288589 0.00474707 0.999572 273.603 
0.99947 0.0132062 0.0297441 -1.19418 -0.013062 0.999902 -0.00503704 -5.27738 -0.0298077 0.0046459 0.999545 275.152 
0.999414 0.0149221 0.0307976 -1.18306 -0.0147708 0.999878 -0.00513073 -5.31591 -0.0308704 0.00467286 0.999513 276.693 
0.999363 0.0157816 0.0320205 -1.1712 -0.0156165 0.999864 -0.0053998 -5.35153 -0.0321014 0.00489635 0.999473 278.263 
0.999314 0.0164302 0.0331807 -1.1505 -0.0162478 0.999851 -0.00575802 -5.38591 -0.0332704 0.005215 0.999433 279.81 
0.99929 0.0164169 0.033916 -1.13225 -0.016215 0.999849 -0.00621733 -5.42386 -0.034013 0.00566301 0.999405 281.384 
0.999277 0.0154404 0.0347298 -1.10098 -0.0152207 0.999863 -0.00657946 -5.46044 -0.0348267 0.00604613 0.999375 282.944 
0.999245 0.0150092 0.0358433 -1.07653 -0.0147903 0.99987 -0.00636359 -5.49478 -0.0359342 0.00582869 0.999337 284.507 
0.999226 0.0138876 0.0368061 -1.05227 -0.0136961 0.999891 -0.00545071 -5.52504 -0.0368778 0.00494243 0.999308 286.071 
0.999223 0.0130537 0.0371807 -1.02494 -0.012872 0.999904 -0.00512295 -5.5589 -0.0372441 0.00464043 0.999295 287.64 
0.999224 0.0126183 0.0373006 -0.998032 -0.0123383 0.999894 -0.0077262 -5.59129 -0.0373942 0.00726002 0.999274 289.217 
0.999237 0.0112763 0.0373862 -0.969377 -0.010918 0.999893 -0.00977211 -5.62991 -0.0374925 0.00935652 0.999253 290.793 
0.999259 0.0114995 0.0367261 -0.936678 -0.0111431 0.999889 -0.00989308 -5.66687 -0.0368359 0.00947655 0.999276 292.335 
0.999312 0.0100691 0.035683 -0.913066 -0.00973037 0.999906 -0.00965354 -5.7072 -0.0357768 0.00929974 0.999317 293.857 
0.999355 0.00967557 0.0345905 -0.886636 -0.00933134 0.999906 -0.0100981 -5.74957 -0.034685 0.00976885 0.999351 295.416 
0.999369 0.00976665 0.0341588 -0.867732 -0.00941848 0.999902 -0.0103375 -5.7905 -0.0342565 0.0100093 0.999363 296.986 
0.999394 0.00962302 0.0334645 -0.842456 -0.00929863 0.999908 -0.00983464 -5.82891 -0.0335561 0.00951754 0.999392 298.549 
0.999434 0.00909048 0.0323967 -0.816272 -0.00878246 0.999915 -0.00963603 -5.86591 -0.0324816 0.00934609 0.999429 300.154 
0.99947 0.00843553 0.0314327 -0.795396 -0.00817871 0.999932 -0.00828884 -5.90139 -0.0315006 0.00802742 0.999472 301.768 
0.999472 0.0103588 0.0308114 -0.77628 -0.0101486 0.999924 -0.00696632 -5.93743 -0.0308812 0.00664998 0.999501 303.365 
0.999451 0.0106112 0.0313849 -0.7569 -0.0104015 0.999923 -0.00683529 -5.97134 -0.031455 0.00650512 0.999484 304.979 
0.999421 0.0110576 0.0321847 -0.73246 -0.0108346 0.999916 -0.00709453 -6.00889 -0.0322604 0.00674175 0.999457 306.614 
0.999416 0.0099997 0.0326783 -0.722568 -0.00976779 0.999926 -0.00724752 -6.04414 -0.0327484 0.00692413 0.99944 308.216 
0.999436 0.00778456 0.0326654 -0.691064 -0.00751967 0.999938 -0.00822305 -6.07985 -0.0327274 0.00797282 0.999433 309.817 
0.999433 0.00632051 0.033073 -0.668395 -0.00598657 0.99993 -0.0101852 -6.11798 -0.0331351 0.00998143 0.999401 311.44 
0.999448 0.00560187 0.0327539 -0.640367 -0.005238 0.999924 -0.0111832 -6.16045 -0.0328141 0.0110055 0.999401 313.036 
0.999519 0.00631736 0.0303647 -0.61718 -0.00595161 0.999909 -0.0121193 -6.2019 -0.0304385 0.0119328 0.999465 314.662 
0.999576 0.0073314 0.0281684 -0.598353 -0.00700901 0.999909 -0.0115251 -6.24222 -0.0282504 0.0113229 0.999537 316.298 
0.999578 0.00836093 0.0278367 -0.587266 -0.00813613 0.999934 -0.00817751 -6.28509 -0.0279032 0.00794761 0.999579 317.933 
0.999571 0.00698341 0.028437 -0.568909 -0.00683576 0.999963 -0.00528464 -6.31756 -0.0284729 0.00508803 0.999582 319.571 
0.999571 0.00603071 0.0286794 -0.55495 -0.00589876 0.999972 -0.00468155 -6.34938 -0.0287069 0.00451041 0.999578 321.206 
0.999564 0.00504265 0.0291088 -0.53738 -0.00487101 0.99997 -0.00596271 -6.38147 -0.0291381 0.00581836 0.999559 322.854 
0.999548 0.00411984 0.0297913 -0.526084 -0.00394114 0.999974 -0.00605298 -6.41493 -0.0298155 0.00593287 0.999538 324.508 
0.99953 0.00397781 0.0304037 -0.510223 -0.00380418 0.999976 -0.00576516 -6.45124 -0.0304259 0.00564683 0.999521 326.161 
0.999511 0.00392347 0.0310302 -0.491468 -0.00374774 0.999977 -0.00571796 -6.48784 -0.031052 0.00559891 0.999502 327.792 
0.999487 0.00528554 0.031574 -0.473601 -0.0050791 0.999965 -0.00661381 -6.52774 -0.0316079 0.0064501 0.99948 329.415 
0.999452 0.00611767 0.0325383 -0.454457 -0.00588713 0.999957 -0.00717512 -6.56964 -0.0325808 0.00697967 0.999445 331.043 
0.999424 0.00477886 0.0336053 -0.434725 -0.00460515 0.999976 -0.00524318 -6.60775 -0.0336295 0.00508544 0.999421 332.682 
0.999419 0.00349334 0.0339049 -0.418608 -0.00334742 0.999985 -0.0043584 -6.64246 -0.0339197 0.00424242 0.999416 334.373 
0.999414 0.00224669 0.0341638 -0.397577 -0.00206163 0.999983 -0.00544969 -6.67618 -0.0341755 0.00537611 0.999401 336.026 
0.999399 0.00394614 0.0344325 -0.375531 -0.00375769 0.999978 -0.00553477 -6.70952 -0.0344537 0.0054021 0.999392 337.663 
0.999393 0.00564787 0.0343858 -0.358917 -0.00539091 0.999957 -0.00755946 -6.74964 -0.0344271 0.00736954 0.99938 339.285 
0.999396 0.00738476 0.0339482 -0.334804 -0.00703184 0.99992 -0.0105024 -6.7923 -0.0340231 0.0102573 0.999368 340.906 
0.999397 0.00882082 0.0335726 -0.323936 -0.00848465 0.999913 -0.0101412 -6.83229 -0.0336591 0.00985024 0.999385 342.533 
0.999408 0.00961798 0.0330241 -0.322956 -0.00939143 0.999931 -0.00700717 -6.86272 -0.0330893 0.00669292 0.99943 344.183 
0.999419 0.0106216 0.0324011 -0.311315 -0.0104867 0.999936 -0.00432786 -6.89609 -0.032445 0.0039856 0.999466 345.823 
0.999446 0.0109813 0.0314163 -0.297138 -0.0108105 0.999926 -0.00559998 -6.92975 -0.0314756 0.0052573 0.999491 347.457 
0.999497 0.0105739 0.0299056 -0.286826 -0.0103677 0.999922 -0.0070411 -6.968 -0.0299777 0.00672755 0.999528 349.071 
0.999557 0.00926503 0.0282908 -0.269584 -0.00911153 0.999943 -0.00554832 -7.0078 -0.0283406 0.00528813 0.999584 350.693 
0.999581 0.00779173 0.0278868 -0.267314 -0.00765231 0.999958 -0.00510116 -7.0438 -0.0279254 0.00488566 0.999598 352.308 
0.999591 0.0075173 0.0275755 -0.256295 -0.00735375 0.999955 -0.0060258 -7.07769 -0.0276196 0.0058206 0.999602 353.933 
0.999602 0.0066373 0.0274205 -0.246001 -0.00644998 0.999955 -0.00691281 -7.11376 -0.0274652 0.00673324 0.9996 355.551 
0.999593 0.00647063 0.027784 -0.237908 -0.00628108 0.999956 -0.00690259 -7.15358 -0.0278274 0.00672531 0.99959 357.174 
0.99959 0.00624479 0.0279498 -0.224489 -0.00604373 0.999955 -0.00727063 -7.18897 -0.027994 0.00709877 0.999583 358.771 
0.999588 0.00589955 0.0280854 -0.212322 -0.0056823 0.999953 -0.00780755 -7.22954 -0.0281302 0.00764479 0.999575 360.374 
0.999591 0.00556188 0.0280657 -0.196922 -0.00532584 0.99995 -0.00847632 -7.27023 -0.0281115 0.00832342 0.99957 361.973 
0.999596 0.00460549 0.028036 -0.172971 -0.00437777 0.999957 -0.00817667 -7.31349 -0.0280725 0.00805068 0.999574 363.584 
0.999589 0.00518297 0.0281994 -0.155938 -0.00493606 0.999949 -0.00881678 -7.35693 -0.0282437 0.008674 0.999563 365.183 
0.999593 0.00331479 0.0283204 -0.137901 -0.00302787 0.999944 -0.0101664 -7.39695 -0.0283525 0.0100765 0.999547 366.782 
0.999592 0.00178326 0.028511 -0.126598 -0.00154186 0.999963 -0.008485 -7.43556 -0.0285251 0.00843762 0.999558 368.382 
0.999595 0.00024184 0.0284695 -0.10842 -1.97311e-05 0.99997 -0.00780015 -7.47292 -0.0284706 0.00779646 0.999564 369.979 
0.999591 -0.000375922 0.0285819 -0.09205 0.000630159 0.99996 -0.00888504 -7.51115 -0.0285774 0.00889947 0.999552 371.588 
0.99958 0.000915816 0.0289567 -0.0816965 -0.000638181 0.999954 -0.00959422 -7.54996 -0.0289642 0.00957176 0.999535 373.183 
0.999561 0.00231118 0.0295358 -0.0741026 -0.00205531 0.99996 -0.00868889 -7.59575 -0.0295547 0.00862441 0.999526 374.789 
0.999545 0.00393526 0.0299217 -0.0536536 -0.0036958 0.999961 -0.00805268 -7.63232 -0.0299522 0.00793847 0.99952 376.411 
0.999524 0.00434081 0.0305326 -0.040904 -0.00408578 0.999956 -0.00840843 -7.67095 -0.0305678 0.00827973 0.999498 378.028 
0.999523 0.00407375 0.0305998 -0.0228594 -0.0037863 0.999948 -0.00944447 -7.71017 -0.0306367 0.00932415 0.999487 379.635 
0.999517 0.00443308 0.0307711 -0.000114071 -0.00413647 0.999944 -0.00969453 -7.7506 -0.0308125 0.0095626 0.999479 381.255 
0.999501 0.00474636 0.0312398 0.0227318 -0.00444386 0.999943 -0.00974404 -7.79425 -0.0312843 0.00960039 0.999464 382.881 
0.99949 0.00596408 0.0313756 0.0460807 -0.00566628 0.999938 -0.00957058 -7.83669 -0.0314308 0.00938795 0.999462 384.512 
0.999471 0.00764864 0.031622 0.0718656 -0.00735838 0.99993 -0.00928411 -7.87653 -0.0316909 0.00904655 0.999457 386.162 
0.999441 0.00906029 0.0321716 0.0901323 -0.00874037 0.999911 -0.0100697 -7.91741 -0.03226 0.00978288 0.999432 387.812 
0.999422 0.0102835 0.0324078 0.116092 -0.00993578 0.999892 -0.0108717 -7.95707 -0.0325161 0.0105434 0.999416 389.453 
0.999403 0.0113107 0.0326506 0.133677 -0.0109609 0.999881 -0.0108715 -8.00232 -0.0327697 0.0105072 0.999408 391.077 
0.999383 0.0126485 0.032763 0.159939 -0.0123282 0.999874 -0.00995863 -8.05081 -0.0328849 0.00954862 0.999414 392.703 
0.99936 0.0135597 0.0330994 0.18142 -0.0132401 0.999864 -0.00985333 -8.09028 -0.0332286 0.00940883 0.999404 394.333 
0.99934 0.0141401 0.0334753 0.200916 -0.0137965 0.99985 -0.0104725 -8.13016 -0.0336184 0.0100038 0.999385 395.976 
0.999316 0.0147571 0.0339167 0.218892 -0.0144102 0.999842 -0.0104479 -8.16787 -0.0340656 0.00995203 0.99937 397.601 
0.999311 0.0148019 0.0340429 0.247715 -0.0144719 0.999846 -0.00991969 -8.2107 -0.0341846 0.00942023 0.999371 399.232 
0.999293 0.014826 0.0345459 0.267745 -0.0144541 0.999835 -0.0109888 -8.25351 -0.0347032 0.0104817 0.999343 400.879 
0.99929 0.0147575 0.0346526 0.292987 -0.0143542 0.999827 -0.0118556 -8.29929 -0.0348216 0.0113498 0.999329 402.509 
0.99929 0.0142276 0.0348951 0.322016 -0.0138192 0.999834 -0.0119164 -8.34341 -0.0350589 0.0114257 0.99932 404.182 
0.999279 0.0142189 0.035206 0.346052 -0.0138467 0.999846 -0.0107937 -8.38409 -0.0353541 0.0102985 0.999322 405.837 
0.999279 0.0126763 0.035786 0.367367 -0.0123489 0.99988 -0.00935411 -8.42878 -0.0359004 0.00890549 0.999316 407.485 
0.999288 0.0112882 0.0360069 0.402272 -0.0109276 0.999888 -0.0101957 -8.47179 -0.036118 0.00979504 0.9993 409.132 
0.999297 0.0101696 0.0360786 0.429925 -0.00977595 0.999891 -0.0110693 -8.51646 -0.0361873 0.0107088 0.999288 410.766 
