1 2.12261e-08 -2.11895e-08 0 2.12261e-08 1 2.10703e-08 0 -2.11895e-08 2.10703e-08 1 0 
0.999997 -0.00174081 -0.00149087 -0.0120412 0.00173974 0.999998 -0.000748944 -0.0120541 0.00149213 0.000746391 0.999999 0.573619 
0.999994 -0.00221755 -0.002746 -0.0211866 0.00221147 0.999995 -0.00222769 -0.0231769 0.00275088 0.00222165 0.999994 1.14741 
0.999986 -0.00258038 -0.00454808 -0.0362725 0.00256412 0.99999 -0.00358598 -0.03536 0.00455724 0.00357432 0.999983 1.71785 
0.999969 -0.00465779 -0.00641916 -0.0484234 0.00462424 0.999976 -0.00523788 -0.0471254 0.00644336 0.00520807 0.999966 2.2796 
0.999945 -0.00692468 -0.00786417 -0.0648633 0.00686731 0.99995 -0.00730321 -0.0564469 0.0079143 0.00724885 0.999942 2.85097 
0.999922 -0.00822389 -0.00939115 -0.0773628 0.00814876 0.999935 -0.00801485 -0.0668481 0.0094564 0.00793774 0.999924 3.43142 
0.999909 -0.00844217 -0.0104947 -0.102784 0.00836551 0.999938 -0.00733098 -0.0792654 0.0105559 0.00724256 0.999918 4.01768 
0.999895 -0.00872544 -0.0116042 -0.12101 0.00863484 0.999932 -0.00783817 -0.093336 0.0116718 0.00773719 0.999902 4.6107 
0.999886 -0.00820886 -0.0126749 -0.139364 0.00807555 0.999912 -0.0105366 -0.111076 0.0127603 0.0104331 0.999864 5.20833 
0.999883 -0.00657024 -0.0138481 -0.165072 0.00637008 0.999875 -0.0144523 -0.125803 0.0139413 0.0143624 0.9998 5.81626 
0.999874 -0.00497542 -0.0150704 -0.187942 0.00470054 0.999823 -0.0182236 -0.139568 0.0151584 0.0181506 0.99972 6.42988 
0.999868 -0.00329564 -0.0159182 -0.221859 0.00300717 0.999831 -0.0181143 -0.155404 0.0159751 0.0180641 0.999709 7.04843 
0.999854 -0.000689682 -0.0170598 -0.247965 0.000498608 0.999937 -0.0112044 -0.168208 0.0170664 0.0111944 0.999792 7.69557 
0.999838 2.33678e-05 -0.0180079 -0.269007 -3.56235e-05 1 -0.000682591 -0.180299 0.0180078 0.000683164 0.999838 8.36386 
0.999823 0.000856226 -0.018798 -0.296839 -0.000742699 0.999982 0.00604325 -0.195614 0.0188028 -0.00602818 0.999805 9.04402 
0.999794 0.00291234 -0.0200967 -0.325403 -0.00281276 0.999984 0.0049798 -0.207181 0.0201108 -0.0049222 0.999786 9.73062 
0.999772 0.00501425 -0.0207775 -0.360585 -0.00506456 0.999984 -0.00237182 -0.211747 0.0207652 0.00247655 0.999781 10.4282 
0.999752 0.00475512 -0.0217807 -0.39409 -0.00493866 0.999953 -0.00838274 -0.21283 0.0217398 0.00848827 0.999728 11.1423 
0.999732 0.00265833 -0.0230012 -0.420933 -0.00281515 0.999973 -0.00678977 -0.215193 0.0229825 0.00685274 0.999712 11.8861 
0.999719 0.00150552 -0.0236432 -0.448715 -0.00144499 0.999996 0.00257535 -0.223475 0.023647 -0.00254042 0.999717 12.6555 
0.999712 0.000801442 -0.0239667 -0.480469 -0.000561309 0.99995 0.0100228 -0.229616 0.0239735 -0.0100064 0.999663 13.4361 
0.999695 -5.60191e-05 -0.0246858 -0.512518 0.000363617 0.999922 0.0124545 -0.232091 0.0246831 -0.0124597 0.999618 14.2339 
0.999688 -0.00219627 -0.0249017 -0.543673 0.00248315 0.999931 0.0114935 -0.23169 0.0248746 -0.0115517 0.999624 15.0477 
0.999702 -0.00287269 -0.0242637 -0.578327 0.00308706 0.999957 0.00880041 -0.227506 0.0242373 -0.00887264 0.999667 15.8754 
0.999717 -0.000388066 -0.0238002 -0.615349 0.000517076 0.999985 0.00541285 -0.229198 0.0237977 -0.00542359 0.999702 16.7114 
0.999736 -0.00346718 -0.0227248 -0.648906 0.00346825 0.999994 5.91172e-06 -0.238009 0.0227246 -8.46826e-05 0.999742 17.5698 
0.99974 -0.00619807 -0.0219456 -0.680421 0.00606495 0.999963 -0.00612916 -0.250603 0.0219828 0.00599451 0.99974 18.4439 
0.999771 -0.00511985 -0.0207634 -0.716154 0.00487991 0.999921 -0.0115926 -0.262113 0.020821 0.0114886 0.999717 19.3309 
0.999782 -0.00382006 -0.020534 -0.751768 0.00356655 0.999917 -0.0123701 -0.279087 0.0205796 0.0122942 0.999713 20.2359 
0.999772 -0.00375412 -0.0210132 -0.783203 0.00350826 0.999925 -0.0117266 -0.300409 0.0210556 0.0116503 0.99971 21.1601 
0.999771 -0.00235633 -0.0212669 -0.819131 0.00207989 0.999913 -0.013013 -0.323241 0.0212956 0.0129659 0.999689 22.0997 
0.999775 0.000416292 -0.0212086 -0.858752 -0.000738734 0.999884 -0.0151998 -0.345162 0.0211998 0.0152121 0.99966 23.0526 
0.999762 0.00385454 -0.0214587 -0.903856 -0.00419986 0.999862 -0.0160728 -0.367956 0.0213937 0.0161592 0.999641 24.023 
0.999754 0.00558206 -0.021462 -0.946143 -0.00592628 0.999854 -0.0160104 -0.396289 0.0213694 0.0161337 0.999642 24.9994 
0.999743 0.00619471 -0.0217981 -0.984689 -0.00654403 0.999851 -0.0159926 -0.426054 0.0216957 0.0161311 0.999635 25.9846 
0.999739 0.00621764 -0.021981 -1.02203 -0.00656689 0.999853 -0.0158543 -0.454566 0.0218792 0.0159946 0.999633 26.9753 
0.999721 0.00711674 -0.0225357 -1.06215 -0.00744948 0.999864 -0.0147173 -0.482716 0.0224279 0.0148811 0.999638 27.9825 
0.99971 0.00764557 -0.0228399 -1.10523 -0.00793907 0.999887 -0.0127892 -0.509439 0.0227395 0.0129669 0.999657 28.9965 
0.999697 0.00837608 -0.0231297 -1.14995 -0.00864424 0.999896 -0.0115202 -0.538518 0.0230308 0.0117167 0.999666 30.0203 
0.999691 0.00833234 -0.0234121 -1.19161 -0.00862733 0.999884 -0.0125288 -0.564887 0.023305 0.0127269 0.999647 31.0484 
0.999673 0.00957891 -0.0237131 -1.23704 -0.00989686 0.999862 -0.0133294 -0.592371 0.0235821 0.0135597 0.99963 32.0829 
0.999666 0.00924616 -0.0241333 -1.28138 -0.00954907 0.999877 -0.0124686 -0.617308 0.024015 0.0126949 0.999631 33.1245 
0.999658 0.00847483 -0.0247572 -1.32561 -0.00871937 0.999914 -0.00978809 -0.643094 0.0246721 0.0100006 0.999646 34.1805 
0.999641 0.009006 -0.025217 -1.37033 -0.00916446 0.999939 -0.00617698 -0.667111 0.0251598 0.00640591 0.999663 35.2394 
0.999625 0.0089632 -0.0258608 -1.41712 -0.0090597 0.999952 -0.00361824 -0.691622 0.0258271 0.00385122 0.999659 36.3102 
0.999615 0.0089422 -0.0262836 -1.46407 -0.00903033 0.999954 -0.00323804 -0.712263 0.0262534 0.00347418 0.999649 37.3836 
0.999602 0.00872289 -0.026824 -1.51143 -0.0088521 0.99995 -0.00470347 -0.731081 0.0267815 0.00493909 0.999629 38.4623 
0.99958 0.00928743 -0.0274541 -1.56474 -0.00943557 0.999942 -0.0052729 -0.750842 0.0274035 0.00552978 0.999609 39.5504 
0.999562 0.00919293 -0.0281326 -1.61664 -0.00931067 0.999948 -0.00405834 -0.771338 0.0280938 0.00431854 0.999596 40.6407 
0.999536 0.00923675 -0.0290208 -1.66705 -0.00929891 0.999955 -0.00200897 -0.793578 0.0290009 0.00227794 0.999577 41.7298 
0.99952 0.00937738 -0.0295367 -1.71813 -0.00936708 0.999956 0.000485693 -0.813951 0.0295399 -0.000208744 0.999564 42.8175 
0.999496 0.0105718 -0.0299258 -1.77208 -0.0105653 0.999944 0.00037162 -0.836134 0.029928 -5.52142e-05 0.999552 43.9022 
0.999472 0.0118104 -0.0302848 -1.82525 -0.0119205 0.999923 -0.00345944 -0.858056 0.0302415 0.00381867 0.999535 44.983 
0.999462 0.0131243 -0.0300544 -1.88223 -0.0133507 0.999884 -0.00734646 -0.881012 0.0299544 0.00774379 0.999521 46.0597 
0.999461 0.0137451 -0.0298181 -1.93939 -0.0139849 0.999871 -0.00784999 -0.902496 0.0297063 0.0082628 0.999525 47.1419 
0.999454 0.0143504 -0.0297722 -1.99054 -0.0145092 0.999882 -0.0051278 -0.927832 0.0296951 0.00555701 0.999544 48.228 
0.999447 0.0150702 -0.0296548 -2.04015 -0.0151679 0.99988 -0.00307191 -0.951604 0.0296049 0.00352005 0.999556 49.3208 
0.999467 0.0133705 -0.0297863 -2.08644 -0.0134243 0.999909 -0.0016101 -0.974404 0.029762 0.00200914 0.999555 50.416 
0.999481 0.0134851 -0.0292676 -2.14166 -0.0135674 0.999905 -0.00261818 -0.996944 0.0292295 0.00301395 0.999568 51.5138 
0.999501 0.0124872 -0.0290234 -2.19282 -0.012624 0.99991 -0.00453763 -1.01584 0.0289641 0.0049018 0.999568 52.6104 
0.999504 0.0125833 -0.0288726 -2.24161 -0.0127776 0.999897 -0.00655696 -1.04093 0.0287871 0.00692268 0.999562 53.7161 
0.999527 0.0113069 -0.028617 -2.292 -0.0115628 0.999895 -0.00879446 -1.07029 0.0285145 0.00912124 0.999552 54.8084 
0.999543 0.00970335 -0.0286187 -2.33755 -0.0100543 0.999876 -0.0121462 -1.09922 0.0284973 0.0124284 0.999517 55.8979 
0.999562 0.00819661 -0.0284539 -2.38579 -0.00859257 0.999868 -0.0138227 -1.12915 0.0283368 0.0140612 0.9995 56.9911 
0.999577 0.00655595 -0.0283416 -2.43267 -0.00688496 0.99991 -0.0115283 -1.15984 0.0282634 0.0117186 0.999532 58.0822 
0.99959 0.00499395 -0.0282028 -2.4776 -0.00515079 0.999972 -0.00549255 -1.18919 0.0281745 0.0056356 0.999587 59.1738 
0.999598 0.00345748 -0.0281365 -2.5252 -0.00344431 0.999994 0.000514832 -1.21261 0.0281381 -0.000417672 0.999604 60.273 
0.999601 0.00156393 -0.0282122 -2.57121 -0.00152979 0.999998 0.00123012 -1.23096 0.0282141 -0.00118642 0.999601 61.3698 
0.999605 -0.00169689 -0.028059 -2.61639 0.00164861 0.999997 -0.00174501 -1.24947 0.0280618 0.00169811 0.999605 62.464 
0.999593 -0.00319778 -0.028365 -2.66371 0.00306183 0.999984 -0.00483638 -1.26916 0.02838 0.0047476 0.999586 63.563 
0.999588 -0.00128119 -0.0286637 -2.71276 0.00102779 0.99996 -0.00885474 -1.29668 0.0286738 0.00882168 0.99955 64.6539 
0.999594 -0.00105178 -0.0284738 -2.76788 0.000676145 0.999913 -0.0132004 -1.32357 0.0284851 0.0131758 0.999507 65.7493 
0.999607 0.00205683 -0.0279623 -2.82238 -0.0024461 0.9999 -0.0138958 -1.35185 0.0279309 0.0139587 0.999512 66.8512 
0.999618 0.00593683 -0.0269844 -2.88194 -0.00621467 0.999928 -0.0102255 -1.38519 0.0269217 0.0103894 0.999584 67.9607 
0.999613 0.00746871 -0.0268074 -2.94062 -0.00768885 0.999938 -0.00811978 -1.41305 0.026745 0.0083228 0.999608 69.0681 
0.999611 0.00690801 -0.0270187 -2.98645 -0.00710899 0.999948 -0.00735113 -1.43838 0.0269664 0.00754039 0.999608 70.169 
0.999619 0.00537057 -0.0270653 -3.0379 -0.00554619 0.999964 -0.00641954 -1.46677 0.0270298 0.00656725 0.999613 71.2722 
0.999615 0.00422379 -0.0274364 -3.08706 -0.00436041 0.999978 -0.00492283 -1.49387 0.0274149 0.00504061 0.999611 72.3722 
0.999604 0.00246858 -0.0280296 -3.13066 -0.00254669 0.999993 -0.00275278 -1.52006 0.0280226 0.00282312 0.999603 73.4733 
0.999581 0.00123489 -0.0289048 -3.17654 -0.0012697 0.999999 -0.00118731 -1.54063 0.0289033 0.00122356 0.999582 74.5776 
0.999559 0.000370416 -0.0297111 -3.22434 -0.000442492 0.999997 -0.00242079 -1.56543 0.02971 0.00243291 0.999556 75.6747 
0.999535 0.000573125 -0.0304862 -3.27387 -0.00076388 0.99998 -0.00624717 -1.58945 0.030482 0.0062676 0.999516 76.7682 
0.999508 0.00125474 -0.0313529 -3.32751 -0.00151531 0.999965 -0.00828971 -1.61337 0.0313413 0.00833318 0.999474 77.8502 
0.999476 0.00312596 -0.0322114 -3.38089 -0.00334071 0.999973 -0.00661648 -1.64136 0.0321898 0.00672067 0.999459 78.9337 
0.999455 0.00401993 -0.0327649 -3.44285 -0.00410032 0.999989 -0.0023878 -1.66455 0.0327549 0.00252089 0.99946 80.0251 
0.999426 0.00545173 -0.0334491 -3.50028 -0.00539804 0.999984 0.0016938 -1.68825 0.0334578 -0.00151222 0.999439 81.1168 
0.999391 0.00656745 -0.0342627 -3.55256 -0.00650132 0.999977 0.00203992 -1.70311 0.0342752 -0.00181588 0.999411 82.2103 
0.999371 0.00656405 -0.0348615 -3.61 -0.00656978 0.999978 -5.1143e-05 -1.72068 0.0348604 0.000280186 0.999392 83.2788 
0.999356 0.00662081 -0.0352681 -3.67127 -0.00665437 0.999978 -0.000835476 -1.74008 0.0352617 0.00106967 0.999378 84.3443 
0.999339 0.00622555 -0.035814 -3.72521 -0.00626803 0.99998 -0.00107518 -1.76193 0.0358065 0.001299 0.999358 85.3992 
0.999317 0.0050957 -0.0366035 -3.78253 -0.00512285 0.999987 -0.000649146 -1.78738 0.0365997 0.00083626 0.99933 86.4338 
0.999305 0.00383734 -0.0370702 -3.83522 -0.00381966 0.999993 0.000546663 -1.80286 0.037072 -0.000404645 0.999313 87.4603 
0.999291 0.00404161 -0.0374426 -3.89612 -0.0039119 0.999986 0.00353587 -1.82945 0.0374564 -0.00338685 0.999293 88.4679 
0.999256 0.0031493 -0.0384506 -3.94968 -0.00298944 0.999987 0.00421339 -1.849 0.0384633 -0.00409527 0.999252 89.4523 
0.999169 0.00214317 -0.0406987 -4.00335 -0.00196042 0.999988 0.00452864 -1.86802 0.0407079 -0.00444504 0.999161 90.4158 
0.999037 0.00145629 -0.0438541 -4.06257 -0.00129492 0.999992 0.00370702 -1.88685 0.0438591 -0.00364662 0.999031 91.3532 
0.998888 0.00136615 -0.0471356 -4.1243 -0.00123659 0.999995 0.00277699 -1.9052 0.0471392 -0.00271557 0.998885 92.2697 
0.998749 0.00137863 -0.0499805 -4.19134 -0.00123684 0.999995 0.00286696 -1.92111 0.0499842 -0.00280151 0.998746 93.1675 
0.998586 0.00261002 -0.0530943 -4.25563 -0.00239912 0.999989 0.00403491 -1.93838 0.0531042 -0.00390178 0.998581 94.0375 
0.99842 0.00342656 -0.0560877 -4.31961 -0.00313889 0.999982 0.00521552 -1.95727 0.0561045 -0.00503118 0.998412 94.8846 
0.998239 0.0044354 -0.0591587 -4.38337 -0.0040429 0.999969 0.00675193 -1.97267 0.0591867 -0.00650082 0.998226 95.7077 
0.998094 0.00618891 -0.061402 -4.45541 -0.00574978 0.999957 0.00732521 -1.98442 0.0614447 -0.00695815 0.998086 96.5018 
0.997926 0.00826661 -0.0638434 -4.52403 -0.00778455 0.999939 0.00779509 -2.00025 0.063904 -0.00728189 0.99793 97.2667 
0.997737 0.0101112 -0.0664698 -4.59207 -0.00969173 0.999931 0.00662912 -2.01642 0.0665322 -0.00596987 0.997766 98.0041 
0.997559 0.0114633 -0.0688875 -4.66011 -0.0112847 0.999932 0.00297984 -2.03302 0.068917 -0.00219515 0.99762 98.7084 
0.997356 0.0138043 -0.0713523 -4.72463 -0.0138981 0.999903 -0.000818885 -2.04621 0.0713341 0.00180843 0.997451 99.3854 
0.997189 0.0156243 -0.0732772 -4.78867 -0.0159242 0.999867 -0.00351153 -2.05949 0.0732126 0.00466859 0.997305 100.025 
0.997087 0.0176107 -0.0742099 -4.84692 -0.0179951 0.999828 -0.00451475 -2.07374 0.0741176 0.00583705 0.997232 100.649 
0.997109 0.0199905 -0.073312 -4.90512 -0.0203523 0.999784 -0.00419282 -2.08746 0.0732124 0.00567281 0.9973 101.246 
0.997231 0.0236836 -0.070499 -4.95801 -0.0239368 0.99971 -0.00274901 -2.10322 0.0704133 0.00442896 0.997508 101.82 
0.997538 0.0262796 -0.0650242 -5.00382 -0.0264235 0.99965 -0.001354 -2.11728 0.0649658 0.00306888 0.997883 102.368 
0.997967 0.0270292 -0.0577136 -5.03933 -0.0270419 0.999634 0.00056026 -2.13054 0.0577075 0.0010016 0.998333 102.894 
0.998482 0.0269125 -0.0480545 -5.06531 -0.0267905 0.999636 0.00318027 -2.14378 0.0481225 -0.00188799 0.99884 103.395 
0.998988 0.0265476 -0.036305 -5.08117 -0.026408 0.999642 0.00431986 -2.15415 0.0364067 -0.00335671 0.999331 103.875 
0.999408 0.0255826 -0.0230168 -5.0882 -0.0254847 0.999665 0.00453374 -2.16762 0.0231251 -0.00394443 0.999725 104.33 
0.999646 0.0254566 -0.00772667 -5.08949 -0.0254278 0.99967 0.00378914 -2.1799 0.00782054 -0.00359129 0.999963 104.768 
0.999657 0.0240936 0.0102433 -5.07794 -0.0241028 0.999709 0.000774635 -2.19243 -0.0102217 -0.00102122 0.999947 105.192 
0.999231 0.0234736 0.031413 -5.05387 -0.0233632 0.99972 -0.00387724 -2.20343 -0.0314952 0.00314039 0.999499 105.602 
0.998208 0.0215343 0.0558392 -5.01685 -0.0210815 0.99974 -0.00868399 -2.21274 -0.0560117 0.00749129 0.998402 106.003 
0.996379 0.0189786 0.0828838 -4.96451 -0.0181001 0.999772 -0.0113369 -2.22498 -0.0830801 0.00979568 0.996495 106.398 
0.993466 0.0163808 0.112944 -4.90241 -0.0150431 0.999806 -0.0126857 -2.23402 -0.11313 0.0109038 0.99352 106.781 
0.98929 0.0140823 0.145286 -4.82091 -0.0120993 0.999821 -0.0145233 -2.24731 -0.145464 0.0126099 0.989283 107.157 
0.983405 0.0116415 0.181051 -4.72869 -0.0088866 0.999832 -0.0160196 -2.26053 -0.181207 0.0141448 0.983343 107.524 
0.975573 0.00823511 0.219523 -4.62104 -0.00475831 0.999855 -0.0163618 -2.27672 -0.219626 0.0149176 0.97547 107.875 
0.965671 0.00608446 0.259699 -4.50301 -0.0016414 0.999849 -0.0173218 -2.29008 -0.259765 0.0163009 0.965534 108.217 
0.953379 0.00692088 0.301697 -4.37663 -0.00149089 0.999833 -0.0182246 -2.30619 -0.301772 0.0169252 0.95323 108.548 
0.938072 0.00896395 0.346325 -4.24084 -0.00265769 0.999822 -0.0186795 -2.32088 -0.346431 0.0166024 0.937929 108.865 
0.920203 0.00905449 0.391337 -4.08553 -0.00237628 0.999843 -0.0175459 -2.33129 -0.391434 0.0152159 0.92008 109.176 
0.899813 0.00827939 0.436198 -3.91422 -0.00137278 0.999869 -0.0161463 -2.34571 -0.436274 0.0139299 0.899706 109.472 
0.876453 0.00705008 0.481436 -3.73021 0.00106129 0.999862 -0.0165738 -2.3596 -0.481486 0.0150371 0.876325 109.755 
0.85083 0.00758637 0.525387 -3.53559 0.00251871 0.999825 -0.0185158 -2.37565 -0.525436 0.0170771 0.850662 110.028 
0.822767 0.00974601 0.568295 -3.32703 0.00320611 0.999758 -0.0217871 -2.39198 -0.568369 0.0197477 0.822537 110.291 
0.791562 0.0145391 0.610916 -3.10623 0.00194621 0.999652 -0.0263122 -2.40419 -0.611086 0.0220167 0.791258 110.549 
0.757025 0.0209238 0.653051 -2.86878 -0.00139556 0.999537 -0.0304075 -2.41414 -0.653384 0.0221079 0.756704 110.802 
0.719112 0.0257032 0.694418 -2.6144 -0.00361186 0.99944 -0.0332529 -2.42451 -0.694885 0.0214045 0.718803 111.039 
0.679102 0.0259993 0.733583 -2.33677 -0.00152149 0.99942 -0.0340125 -2.4392 -0.734042 0.0219818 0.678748 111.263 
0.63728 0.0235176 0.770273 -2.03799 0.00245775 0.999467 -0.0325486 -2.45155 -0.770628 0.0226357 0.636883 111.468 
0.592518 0.0216815 0.805265 -1.72601 0.00371192 0.999554 -0.0296439 -2.46386 -0.805548 0.0205537 0.592173 111.666 
0.545398 0.02033 0.83793 -1.40374 0.00425833 0.999626 -0.0270248 -2.47514 -0.838166 0.0183074 0.545108 111.848 
0.496612 0.0177827 0.867791 -1.06716 0.00545886 0.999706 -0.0236098 -2.4929 -0.867956 0.016462 0.496369 112.012 
0.445079 0.0139726 0.895382 -0.719316 0.00743743 0.999786 -0.0192988 -2.51114 -0.89546 0.0152489 0.44488 112.155 
0.392745 0.0141404 0.919539 -0.350145 0.00481255 0.999837 -0.0174307 -2.5278 -0.919635 0.0112711 0.392613 112.292 
0.341071 0.0189846 0.939846 0.0136093 0.000956268 0.999789 -0.0205424 -2.54531 -0.940037 0.00790516 0.340981 112.405 
0.290172 0.024245 0.956667 0.395524 3.60342e-05 0.999679 -0.0253459 -2.55731 -0.956974 0.00738915 0.290078 112.497 
0.242959 0.0262103 0.969682 0.78371 0.00148193 0.999624 -0.0273908 -2.57291 -0.970035 0.00809186 0.242829 112.571 
0.201445 0.0257254 0.979162 1.19108 0.0084994 0.999572 -0.0280102 -2.59073 -0.979463 0.0139648 0.20114 112.625 
0.166298 0.0257078 0.98574 1.62033 0.0162284 0.999453 -0.0288032 -2.60275 -0.985942 0.0207869 0.165789 112.666 
0.135739 0.027059 0.990375 2.07223 0.0205598 0.999335 -0.0301217 -2.61411 -0.990531 0.0244506 0.135093 112.71 
0.107525 0.0255729 0.993873 2.53651 0.0184777 0.999445 -0.0277153 -2.62968 -0.994031 0.0213445 0.106993 112.754 
0.0820114 0.0221986 0.996384 3.02994 0.0124169 0.999652 -0.0232934 -2.64272 -0.996554 0.0142823 0.0817072 112.8 
0.0580483 0.0182664 0.998147 3.53404 0.00758505 0.999796 -0.0187377 -2.65795 -0.998285 0.00865868 0.0578979 112.832 
0.035558 0.0157556 0.999243 4.05218 0.0119639 0.999797 -0.01619 -2.6764 -0.999296 0.0125305 0.0353623 112.837 
0.0153013 0.0162538 0.999751 4.58378 0.0193607 0.999676 -0.0165489 -2.69835 -0.999696 0.0196091 0.0149817 112.828 
-0.00197776 0.0187174 0.999823 5.14003 0.0242062 0.999533 -0.018664 -2.7158 -0.999705 0.024165 -0.00242991 112.817 
-0.0164285 0.0241898 0.999572 5.71646 0.0248287 0.999409 -0.0237777 -2.72842 -0.999557 0.0244274 -0.0170194 112.81 
-0.0272838 0.0288831 0.99921 6.31152 0.0223082 0.999351 -0.028278 -2.73994 -0.999379 0.0215191 -0.0279105 112.802 
-0.0336528 0.0287004 0.999021 6.93618 0.02482 0.999303 -0.0278724 -2.75748 -0.999125 0.0238578 -0.0343417 112.784 
-0.0362984 0.0254818 0.999016 7.5858 0.0310468 0.999221 -0.0243589 -2.77874 -0.998859 0.0301321 -0.0370612 112.763 
-0.0357109 0.0238574 0.999077 8.24208 0.0326838 0.999208 -0.0226922 -2.79977 -0.998828 0.0318433 -0.0364623 112.744 
-0.0336357 0.0234896 0.999158 8.92396 0.0315104 0.999252 -0.022431 -2.82195 -0.998937 0.0307293 -0.0343507 112.735 
-0.0322234 0.0237454 0.999199 9.62009 0.0278695 0.99935 -0.0228502 -2.84665 -0.999092 0.0271109 -0.0328643 112.731 
-0.0311048 0.0249542 0.999205 10.3313 0.0268859 0.999347 -0.0241208 -2.87003 -0.999155 0.0261143 -0.0317554 112.725 
-0.0300385 0.0257418 0.999217 11.0667 0.026765 0.999331 -0.02494 -2.89434 -0.99919 0.0259949 -0.0307073 112.715 
-0.029188 0.0253043 0.999254 11.8127 0.0264693 0.999349 -0.0245335 -2.91826 -0.999223 0.0257335 -0.0298388 112.708 
-0.0284697 0.0240503 0.999305 12.576 0.025458 0.999404 -0.0233273 -2.94333 -0.99927 0.0247762 -0.029065 112.701 
-0.0280461 0.0226926 0.999349 13.3558 0.0263243 0.999412 -0.0219552 -2.96907 -0.99926 0.0256914 -0.028627 112.691 
-0.028771 0.0205171 0.999375 14.1475 0.0266854 0.999449 -0.0197503 -2.9948 -0.99923 0.0261005 -0.0293027 112.687 
-0.0298791 0.0187719 0.999377 14.9378 0.0244161 0.999539 -0.018045 -3.02271 -0.999255 0.0238618 -0.0303237 112.677 
-0.0310373 0.0176799 0.999362 15.7349 0.0234974 0.99958 -0.016954 -3.0475 -0.999242 0.0229562 -0.0314397 112.666 
-0.0320114 0.01504 0.999374 16.5409 0.0259636 0.999562 -0.0142112 -3.06992 -0.99915 0.0254924 -0.0323879 112.648 
-0.0332438 0.013556 0.999355 17.3636 0.0273704 0.999545 -0.0126481 -3.09104 -0.999072 0.0269323 -0.0335997 112.631 
-0.0350463 0.0125707 0.999307 18.1917 0.0247513 0.999625 -0.0117067 -3.11932 -0.999079 0.0243239 -0.0353443 112.62 
-0.0358306 0.0173227 0.999208 19.0221 0.0219972 0.999621 -0.016541 -3.14091 -0.999116 0.0213871 -0.0361981 112.604 
-0.0366218 0.0219849 0.999087 19.8596 0.0231521 0.999508 -0.0211454 -3.16466 -0.999061 0.0223565 -0.0371128 112.586 
-0.0376744 0.0235855 0.999012 20.7013 0.023475 0.999466 -0.0227109 -3.19296 -0.999014 0.0225961 -0.0382079 112.569 
-0.0390845 0.0213889 0.999007 21.5523 0.0199907 0.999588 -0.0206192 -3.22225 -0.999036 0.019165 -0.039496 112.554 
-0.0402193 0.0170604 0.999045 22.4054 0.0171787 0.999718 -0.0163802 -3.25405 -0.999043 0.0165035 -0.0405011 112.543 
-0.0403993 0.0117136 0.999115 23.2598 0.0156853 0.999816 -0.0110875 -3.28215 -0.999061 0.0152235 -0.0405756 112.524 
-0.0404967 0.00610695 0.999161 24.1148 0.0122128 0.99991 -0.0056165 -3.30422 -0.999105 0.0119751 -0.0405677 112.504 
-0.0403332 0.00469406 0.999175 24.9611 0.00961318 0.999945 -0.00430958 -3.32903 -0.99914 0.00943143 -0.0403761 112.49 
-0.0393748 0.0114658 0.999159 25.8013 0.0124475 0.999862 -0.0109833 -3.35714 -0.999147 0.0120045 -0.0395121 112.47 
-0.0381576 0.0225928 0.999016 26.634 0.0146798 0.999649 -0.0220463 -3.38056 -0.999164 0.0138242 -0.0384759 112.448 
-0.0375518 0.0278882 0.998905 27.4729 0.0164961 0.999492 -0.0272844 -3.40203 -0.999159 0.0154534 -0.0379928 112.429 
-0.0360618 0.0223435 0.9991 28.3112 0.0182099 0.999599 -0.0216974 -3.43493 -0.999184 0.0174111 -0.0364542 112.408 
-0.0349559 0.0144842 0.999284 29.1575 0.0212691 0.999679 -0.0137458 -3.46774 -0.999163 0.0207734 -0.0352527 112.387 
-0.0344026 0.0114982 0.999342 29.9854 0.0222597 0.999695 -0.010736 -3.49368 -0.99916 0.0218757 -0.034648 112.37 
-0.0344276 0.0121275 0.999334 30.8123 0.0211138 0.999712 -0.0114047 -3.5192 -0.999184 0.020707 -0.0346737 112.356 
-0.0353237 0.013053 0.999291 31.6311 0.0182566 0.999756 -0.0124137 -3.54494 -0.999209 0.0178051 -0.0355534 112.347 
-0.0370406 0.0132208 0.999226 32.4473 0.016233 0.999789 -0.0126264 -3.56961 -0.999182 0.0157527 -0.0372474 112.332 
-0.039 0.0131309 0.999153 33.263 0.01617 0.999791 -0.0125081 -3.59842 -0.999108 0.0156685 -0.0392042 112.313 
-0.0411691 0.0135015 0.999061 34.0768 0.0150627 0.999803 -0.0128908 -3.62428 -0.999039 0.0145179 -0.0413643 112.298 
-0.0432761 0.0138204 0.998968 34.8843 0.0132914 0.999824 -0.0132564 -3.6481 -0.998975 0.012704 -0.0434521 112.282 
-0.045316 0.0129532 0.998889 35.6899 0.0114372 0.999857 -0.0124469 -3.67334 -0.998907 0.0108604 -0.0454577 112.262 
-0.0472805 0.0116978 0.998813 36.4845 0.0123257 0.999862 -0.0111266 -3.70235 -0.998806 0.011785 -0.0474181 112.239 
-0.0489268 0.011709 0.998734 37.2773 0.0122849 0.999863 -0.0111204 -3.73014 -0.998727 0.0117253 -0.0490639 112.211 
-0.0507091 0.0127073 0.998633 38.0624 0.0121972 0.999852 -0.0121034 -3.75395 -0.998639 0.0115668 -0.0508566 112.184 
-0.0515855 0.0129255 0.998585 38.8448 0.0127199 0.999844 -0.0122846 -3.77926 -0.998588 0.0120682 -0.0517419 112.156 
-0.0527018 0.0118286 0.99854 39.6286 0.0147829 0.99983 -0.0110636 -3.80192 -0.998501 0.0141783 -0.0528677 112.128 
-0.0541268 0.0110031 0.998473 40.4037 0.0150583 0.999835 -0.0102018 -3.82949 -0.998421 0.0144831 -0.0542835 112.098 
-0.0552523 0.0105472 0.998417 41.173 0.0136064 0.999859 -0.00980937 -3.85359 -0.99838 0.0130429 -0.055388 112.071 
-0.056375 0.0097529 0.998362 41.9278 0.0120638 0.999886 -0.00908654 -3.87471 -0.998337 0.0115318 -0.0564862 112.045 
-0.0571637 0.00840143 0.99833 42.6705 0.0109045 0.99991 -0.00779031 -3.89772 -0.998305 0.010441 -0.0572502 112.02 
-0.0579577 0.0082126 0.998285 43.3867 0.0110661 0.99991 -0.00758345 -3.91905 -0.998258 0.0106076 -0.0580433 111.993 
-0.058017 0.0107233 0.998258 44.093 0.0114865 0.999883 -0.0100731 -3.94281 -0.99825 0.0108821 -0.0581334 111.964 
-0.0578062 0.0135265 0.998236 44.7985 0.0115964 0.99985 -0.0128768 -3.96529 -0.998261 0.0108316 -0.0579544 111.933 
-0.057712 0.0150174 0.99822 45.5013 0.00965017 0.999849 -0.014484 -3.98934 -0.998287 0.0087971 -0.0578482 111.906 
-0.0576397 0.0158701 0.998211 46.1998 0.0103297 0.99983 -0.0152993 -4.01242 -0.998284 0.00942941 -0.0577938 111.876 
-0.0572817 0.015692 0.998235 46.8944 0.0117493 0.999818 -0.0150426 -4.03504 -0.998289 0.0108669 -0.0574556 111.844 
-0.0573856 0.0152534 0.998236 47.5865 0.0127544 0.999813 -0.0145442 -4.0576 -0.998271 0.0118973 -0.0575694 111.812 
-0.0575429 0.0154437 0.998224 48.2735 0.00902176 0.999848 -0.0149487 -4.08002 -0.998302 0.00814554 -0.0576734 111.789 
-0.0572175 0.015499 0.998241 48.9581 0.00651549 0.999864 -0.0151507 -4.10696 -0.998341 0.00563714 -0.0573107 111.766 
-0.0569288 0.0142379 0.998277 49.6444 0.00883439 0.999866 -0.0137567 -4.12855 -0.998339 0.00803601 -0.0570469 111.736 
-0.0578844 0.0137425 0.998229 50.3248 0.0091974 0.99987 -0.0132317 -4.14729 -0.998281 0.0084152 -0.0580033 111.708 
-0.0613871 0.0131228 0.998028 50.9999 0.00597379 0.999901 -0.01278 -4.17177 -0.998096 0.00517748 -0.0614594 111.683 
-0.0665802 0.0126936 0.9977 51.6762 0.00195763 0.999919 -0.0125911 -4.19513 -0.997779 0.0011148 -0.0665997 111.656 
-0.0723083 0.0165706 0.997245 52.3476 0.00570199 0.999853 -0.0162005 -4.21413 -0.997366 0.00451485 -0.0723922 111.613 
-0.0788034 0.019529 0.996699 53.0234 0.00803427 0.999788 -0.0189543 -4.2324 -0.996858 0.00651409 -0.0789436 111.565 
-0.0862307 0.0211913 0.99605 53.6918 0.0074059 0.99976 -0.020629 -4.2545 -0.996248 0.00559778 -0.086367 111.519 
-0.0923523 0.020417 0.995517 54.3742 0.00377064 0.99979 -0.0201548 -4.27883 -0.995719 0.00189239 -0.0924099 111.47 
-0.0977053 0.0193288 0.995028 55.0634 0.00353495 0.999812 -0.0190746 -4.30184 -0.995209 0.00165368 -0.0977552 111.417 
-0.102304 0.0201189 0.99455 55.7606 0.00152056 0.999797 -0.0200686 -4.32161 -0.994752 -0.000540837 -0.102314 111.362 
-0.106268 0.01951 0.994146 56.4612 -0.000638717 0.999806 -0.0196893 -4.34279 -0.994337 -0.00272731 -0.106235 111.303 
-0.108775 0.0163292 0.993932 57.1725 5.97849e-05 0.999865 -0.01642 -4.36457 -0.994066 -0.00172668 -0.108762 111.237 
-0.110513 0.013165 0.993787 57.8849 0.00205147 0.999913 -0.013018 -4.38562 -0.993873 0.000600054 -0.110531 111.168 
-0.111822 0.010323 0.993675 58.6095 0.00184269 0.999947 -0.0101808 -4.40828 -0.993727 0.0006926 -0.111835 111.099 
-0.113055 0.0101815 0.993537 59.3335 0.000915451 0.999948 -0.010143 -4.42584 -0.993588 -0.000237189 -0.113058 111.031 
-0.113289 0.0138755 0.993465 60.0613 0.00281437 0.999903 -0.0136445 -4.4452 -0.993558 0.00125021 -0.113317 110.959 
-0.113072 0.0178181 0.993427 60.7988 0.00869696 0.999819 -0.0169428 -4.46743 -0.993549 0.00672403 -0.113207 110.876 
-0.113313 0.0225705 0.993303 61.541 0.0161732 0.999651 -0.0208697 -4.49332 -0.993428 0.0137001 -0.113638 110.789 
-0.113928 0.0239185 0.993201 62.2933 0.0170759 0.99961 -0.022114 -4.51529 -0.993342 0.0144404 -0.114292 110.712 
-0.114116 0.0216129 0.993232 63.0485 0.0150811 0.999686 -0.0200206 -4.54206 -0.993353 0.0126944 -0.114406 110.642 
-0.113878 0.0168078 0.993353 63.8011 0.0154584 0.999766 -0.0151441 -4.56813 -0.993375 0.013631 -0.114111 110.566 
-0.113547 0.0146715 0.993424 64.5511 0.0177019 0.999762 -0.0127417 -4.59488 -0.993375 0.0161387 -0.11378 110.487 
-0.114414 0.0142897 0.99333 65.3032 0.0179066 0.999764 -0.0123197 -4.61966 -0.993272 0.0163776 -0.114643 110.41 
-0.116078 0.0151062 0.993125 66.0491 0.0165404 0.999775 -0.0132741 -4.64522 -0.993102 0.0148859 -0.116302 110.338 
-0.11816 0.015763 0.992869 66.7928 0.0157599 0.999778 -0.0139971 -4.66727 -0.99287 0.0139936 -0.118382 110.263 
-0.120094 0.0159953 0.992634 67.5377 0.0172563 0.999753 -0.0140222 -4.69092 -0.992613 0.0154452 -0.120341 110.182 
-0.121773 0.0161294 0.992427 68.2789 0.017675 0.999745 -0.0140795 -4.71483 -0.992401 0.0158266 -0.122027 110.1 
-0.123633 0.0157655 0.992203 69.025 0.0173972 0.999755 -0.0137177 -4.73753 -0.992176 0.0155656 -0.123877 110.021 
-0.125213 0.0160647 0.992 69.778 0.0152636 0.999782 -0.014264 -4.76128 -0.992012 0.0133554 -0.125431 109.943 
-0.126362 0.0174753 0.99183 70.5435 0.0155587 0.999757 -0.0156327 -4.78693 -0.991862 0.0134562 -0.126603 109.863 
-0.127225 0.0178811 0.991713 71.3083 0.0146275 0.999763 -0.0161496 -4.81043 -0.991766 0.0124517 -0.127456 109.781 
-0.128548 0.0183296 0.991534 72.08 0.0145403 0.999757 -0.0165965 -4.82973 -0.991597 0.0122837 -0.128783 109.699 
-0.12972 0.0166622 0.991411 72.8623 0.0148964 0.999779 -0.0148537 -4.8533 -0.991439 0.0128417 -0.129939 109.614 
-0.130831 0.0144965 0.991299 73.651 0.0128064 0.999834 -0.0129311 -4.87522 -0.991322 0.0110031 -0.130995 109.532 
-0.132544 0.0126907 0.991096 74.447 0.0100709 0.999884 -0.0114564 -4.89347 -0.991126 0.00846273 -0.132656 109.447 
-0.134668 0.0120735 0.990817 75.24 0.011463 0.999878 -0.0106259 -4.91574 -0.990825 0.00992673 -0.13479 109.353 
-0.136439 0.0127433 0.990567 76.0372 0.0126327 0.999858 -0.0111228 -4.93584 -0.990568 0.0109959 -0.136581 109.257 
-0.138628 0.0139916 0.990246 76.8439 0.0121602 0.999849 -0.0124249 -4.95644 -0.99027 0.0103192 -0.138777 109.16 
-0.140049 0.0176846 0.989987 77.653 0.013781 0.999778 -0.0159099 -4.97918 -0.990049 0.0114149 -0.140262 109.059 
-0.140589 0.0215055 0.989834 78.463 0.0157336 0.999686 -0.0194849 -5.0062 -0.989943 0.0128343 -0.140883 108.957 
-0.14162 0.0254374 0.989594 79.2815 0.0169291 0.999586 -0.0232715 -5.03353 -0.989776 0.0134572 -0.141992 108.855 
-0.141367 0.0266744 0.989598 80.1128 0.019136 0.999524 -0.0242082 -5.06084 -0.989772 0.0155147 -0.14181 108.75 
-0.1409 0.0259889 0.989683 80.95 0.0229544 0.999472 -0.022978 -5.09232 -0.989758 0.01948 -0.141422 108.643 
-0.140777 0.024215 0.989745 81.7968 0.0234718 0.999502 -0.0211151 -5.12147 -0.989763 0.0202586 -0.141275 108.539 
-0.140027 0.0226431 0.989889 82.6423 0.0229129 0.999545 -0.0196227 -5.15125 -0.989883 0.0199335 -0.140482 108.436 
-0.138304 0.020148 0.990185 83.4949 0.022095 0.999607 -0.0172536 -5.18022 -0.990143 0.0194919 -0.138694 108.338 
-0.136677 0.0169628 0.990471 84.3553 0.0225836 0.999647 -0.0140036 -5.20786 -0.990358 0.0204544 -0.137011 108.237 
-0.135146 0.0136601 0.990732 85.2135 0.023175 0.999675 -0.010622 -5.23265 -0.990555 0.0215247 -0.135419 108.137 
-0.133564 0.0135418 0.990948 86.0738 0.021557 0.99971 -0.010756 -5.25825 -0.990806 0.0199253 -0.133817 108.043 
-0.132272 0.0175547 0.991058 86.9289 0.0223256 0.999642 -0.0147271 -5.28846 -0.990962 0.020178 -0.132616 107.948 
-0.130209 0.0237903 0.991201 87.7807 0.0230598 0.999514 -0.0209606 -5.31588 -0.991218 0.0201276 -0.130694 107.847 
-0.128868 0.0272428 0.991288 88.6344 0.0209878 0.999474 -0.0247393 -5.34505 -0.99144 0.0176168 -0.129372 107.755 
-0.127406 0.0247771 0.991541 89.4925 0.0195485 0.999557 -0.0224655 -5.37745 -0.991658 0.0165209 -0.127834 107.661 
-0.126126 0.0221893 0.991766 90.3535 0.0198499 0.999606 -0.0198403 -5.41031 -0.991816 0.0171841 -0.126516 107.567 
-0.125457 0.0206534 0.991884 91.2283 0.0208869 0.999617 -0.0181725 -5.44013 -0.991879 0.0184375 -0.12584 107.472 
-0.124705 0.0202983 0.991986 92.0963 0.0197437 0.999644 -0.0179729 -5.4706 -0.991997 0.0173442 -0.125062 107.38 
-0.123862 0.0200803 0.992096 92.9542 0.0195354 0.999651 -0.0177942 -5.50667 -0.992107 0.0171769 -0.124211 107.283 
-0.123006 0.018312 0.992237 93.8233 0.0221354 0.999632 -0.0157044 -5.53577 -0.992159 0.0200318 -0.123366 107.185 
-0.121619 0.0175848 0.992421 94.6931 0.0247841 0.999585 -0.0146745 -5.56764 -0.992267 0.0228116 -0.122005 107.085 
-0.120829 0.0188362 0.992495 95.5616 0.0268613 0.999516 -0.0156992 -5.59819 -0.99231 0.0247628 -0.121276 106.991 
-0.119814 0.0209625 0.992575 96.4273 0.0277053 0.999458 -0.0177636 -5.6286 -0.99241 0.0253713 -0.12033 106.897 
-0.118972 0.0223867 0.992645 97.2976 0.0249356 0.999498 -0.0195526 -5.66139 -0.992585 0.022426 -0.11947 106.812 
-0.118193 0.0182644 0.992823 98.1593 0.0200058 0.999672 -0.0160087 -5.68976 -0.992789 0.0179701 -0.11852 106.728 
-0.118048 0.0161596 0.992876 99.0246 0.0155244 0.999775 -0.014426 -5.72274 -0.992887 0.0137108 -0.118272 106.644 
-0.119001 0.016469 0.992758 99.8703 0.0120456 0.999813 -0.0151421 -5.7541 -0.992821 0.0101564 -0.119178 106.56 
-0.120142 0.0210686 0.992533 100.715 0.00895452 0.999757 -0.020138 -5.78554 -0.992716 0.00646823 -0.120301 106.479 
-0.120812 0.0235619 0.992396 101.555 0.00818052 0.999708 -0.0227395 -5.81598 -0.992642 0.00537109 -0.12097 106.392 
-0.121159 0.0240135 0.992343 102.395 0.00888607 0.999694 -0.0231064 -5.84952 -0.992593 0.00601847 -0.121335 106.302 
-0.121208 0.0234449 0.99235 103.227 0.0104975 0.999695 -0.0223362 -5.88529 -0.992572 0.00770985 -0.121417 106.209 
-0.121642 0.0242002 0.992279 104.053 0.0118516 0.999667 -0.0229275 -5.91834 -0.992503 0.0089712 -0.121888 106.12 
-0.12196 0.0272203 0.992162 104.872 0.0132546 0.999579 -0.0257944 -5.95579 -0.992447 0.0100048 -0.12227 106.031 
-0.122354 0.0286841 0.992072 105.686 0.0130357 0.999543 -0.0272924 -5.99099 -0.992401 0.00959302 -0.122672 105.943 
-0.123501 0.0291421 0.991917 106.5 0.0115398 0.999543 -0.0279294 -6.02402 -0.992277 0.00799723 -0.12378 105.862 
-0.125604 0.0279915 0.991686 107.308 0.00989714 0.999588 -0.026961 -6.06209 -0.992031 0.00642846 -0.125829 105.775 
-0.128662 0.0291588 0.99126 108.108 0.00982972 0.999556 -0.0281269 -6.10065 -0.99164 0.00612494 -0.128891 105.686 
-0.131965 0.0317426 0.990746 108.9 0.00934596 0.999483 -0.0307776 -6.13978 -0.99121 0.00519792 -0.132193 105.596 
-0.135193 0.0331536 0.990264 109.688 0.00785892 0.999445 -0.032388 -6.17567 -0.990788 0.00340377 -0.135378 105.505 
-0.138435 0.0333298 0.989811 110.473 0.00827038 0.999438 -0.0324972 -6.21261 -0.990337 0.00368736 -0.138632 105.41 
-0.141251 0.0318309 0.989462 111.256 0.00957106 0.99948 -0.0307868 -6.25347 -0.989928 0.00512154 -0.141482 105.311 
-0.143692 0.0328231 0.989078 112.033 0.0111749 0.99944 -0.0315435 -6.29169 -0.989559 0.00652026 -0.143978 105.208 
-0.145568 0.03727 0.988646 112.805 0.00666268 0.999304 -0.0366908 -6.3331 -0.989326 0.00124603 -0.145715 105.114 
-0.147293 0.044115 0.988109 113.575 0.00421367 0.999024 -0.0439742 -6.37867 -0.989084 -0.00231355 -0.147336 105.019 
-0.149752 0.0470835 0.987602 114.339 0.00861675 0.99889 -0.046315 -6.41868 -0.988686 0.00157416 -0.149991 104.909 
-0.152349 0.045282 0.987289 115.109 0.0108124 0.998966 -0.0441491 -6.45944 -0.988268 0.00394886 -0.152682 104.797 
-0.155474 0.0373821 0.987132 115.887 0.00913032 0.999295 -0.0364047 -6.50808 -0.987798 0.00335286 -0.155706 104.691 
-0.157626 0.0352414 0.98687 116.657 0.00817152 0.999375 -0.0343827 -6.55383 -0.987465 0.0026446 -0.157816 104.584 
-0.159107 0.038148 0.986524 117.417 0.00778245 0.999271 -0.0373857 -6.59451 -0.987231 0.00172926 -0.159287 104.472 
-0.161881 0.0416741 0.98593 118.17 0.0052486 0.99913 -0.0413703 -6.63379 -0.986796 -0.00152232 -0.161959 104.364 
-0.164281 0.0442544 0.98542 118.916 0.00471033 0.999017 -0.0440797 -6.67769 -0.986402 -0.00259982 -0.164328 104.253 
-0.165915 0.0482896 0.984957 119.657 0.00852558 0.998833 -0.0475338 -6.72767 -0.986103 0.000510763 -0.166133 104.133 
-0.167836 0.0528875 0.984395 120.403 0.00892582 0.998601 -0.0521289 -6.77264 -0.985774 3.7405e-05 -0.168074 104.021 
-0.171028 0.0552847 0.983714 121.151 0.00812463 0.99847 -0.0547014 -6.81666 -0.985233 -0.00136318 -0.171216 103.914 
-0.173336 0.0529979 0.983436 121.9 0.00906687 0.998595 -0.0522167 -6.86453 -0.984821 -0.000134348 -0.173573 103.797 
-0.177101 0.0495911 0.982943 122.643 0.0131439 0.99876 -0.0480209 -6.9137 -0.984105 0.00441514 -0.177533 103.669 
-0.182763 0.0480239 0.981983 123.384 0.0153245 0.998824 -0.0459953 -6.9632 -0.983038 0.0066422 -0.183284 103.541 
-0.188966 0.0468841 0.980864 124.117 0.0141136 0.998886 -0.0450265 -7.0084 -0.981882 0.00533501 -0.189417 103.414 
-0.197348 0.0471136 0.979201 124.846 0.0130811 0.998882 -0.0454242 -7.05593 -0.980246 0.00384466 -0.197743 103.28 
-0.208101 0.0474808 0.976954 125.57 0.0124725 0.998869 -0.0458891 -7.10212 -0.978028 0.00263548 -0.208458 103.14 
-0.219884 0.0483269 0.974328 126.284 0.0129371 0.998829 -0.0466224 -7.14754 -0.97544 0.00235341 -0.220252 102.986 
-0.232285 0.0491717 0.971404 126.999 0.0142126 0.998786 -0.0471592 -7.19301 -0.972544 0.00285184 -0.232702 102.822 
-0.243924 0.0492185 0.968545 127.708 0.0174113 0.998773 -0.0463696 -7.23661 -0.969638 0.00555291 -0.244482 102.646 
-0.254765 0.0494169 0.96574 128.411 0.0206947 0.998743 -0.0456464 -7.27992 -0.966782 0.00835653 -0.255468 102.46 
-0.264865 0.0493481 0.963022 129.114 0.0244781 0.998712 -0.0444446 -7.32339 -0.963975 0.0118011 -0.265732 102.27 
-0.273596 0.049831 0.960553 129.811 0.030151 0.998611 -0.0432173 -7.36854 -0.961372 0.0171375 -0.274718 102.071 
-0.281162 0.0498408 0.958365 130.502 0.0353594 0.99851 -0.0415549 -7.41303 -0.959009 0.0222035 -0.282506 101.869 
-0.287451 0.0499778 0.956491 131.193 0.0356379 0.998504 -0.0414629 -7.45608 -0.957132 0.0221687 -0.288802 101.67 
-0.292072 0.048202 0.955181 131.88 0.0395554 0.998483 -0.0382921 -7.49435 -0.955578 0.0265985 -0.293535 101.465 
-0.29398 0.0455306 0.954727 132.569 0.0453983 0.998403 -0.0336344 -7.5301 -0.954733 0.0334551 -0.295577 101.252 
-0.294978 0.044146 0.954484 133.247 0.0517997 0.998202 -0.0301596 -7.56708 -0.954099 0.0405456 -0.296734 101.041 
-0.295728 0.0425702 0.954323 133.921 0.0542147 0.998144 -0.0277248 -7.60482 -0.953733 0.0435394 -0.297487 100.838 
-0.295434 0.047838 0.954165 134.584 0.0564199 0.997876 -0.0325604 -7.63949 -0.953696 0.0442145 -0.297505 100.641 
-0.294027 0.0510406 0.954433 135.248 0.0564431 0.997758 -0.0359693 -7.67421 -0.954129 0.0432952 -0.296248 100.445 
-0.293113 0.0509518 0.954719 135.91 0.0584764 0.997665 -0.0352906 -7.70783 -0.954288 0.0454843 -0.295408 100.25 
-0.291446 0.0494944 0.955306 136.569 0.0597573 0.997652 -0.0334574 -7.74202 -0.954719 0.0473354 -0.293719 100.058 
-0.289386 0.0466357 0.956076 137.227 0.061975 0.99763 -0.029904 -7.78162 -0.955204 0.050599 -0.29159 99.8635 
-0.288331 0.0472122 0.956366 137.872 0.0626202 0.997575 -0.0303674 -7.81913 -0.955481 0.051132 -0.290588 99.6824 
-0.28573 0.0496713 0.957022 138.511 0.0639048 0.997421 -0.0326885 -7.85091 -0.956177 0.0518182 -0.288167 99.4998 
-0.281449 0.0510524 0.958217 139.147 0.0651991 0.997293 -0.0339839 -7.88526 -0.957359 0.0529101 -0.284016 99.3218 
-0.276044 0.0502547 0.95983 139.783 0.0664344 0.997241 -0.0331071 -7.91882 -0.958846 0.0546267 -0.278621 99.1489 
-0.27065 0.0485224 0.961454 140.416 0.0679697 0.9972 -0.0311929 -7.95424 -0.960275 0.0569074 -0.27319 98.9811 
-0.265919 0.0464902 0.962874 141.04 0.0677795 0.997266 -0.0294319 -7.98812 -0.96161 0.0574365 -0.268344 98.819 
-0.262006 0.0456313 0.963987 141.661 0.0677546 0.997287 -0.0287923 -8.02159 -0.962685 0.0577708 -0.264387 98.6636 
-0.258115 0.0442392 0.965101 142.283 0.0684747 0.997277 -0.0274006 -8.05019 -0.963685 0.0590124 -0.260441 98.5091 
-0.254432 0.0428714 0.96614 142.902 0.0717529 0.9971 -0.0253491 -8.0785 -0.964425 0.0628737 -0.256771 98.3557 
-0.250801 0.0412819 0.967158 143.515 0.0734955 0.997019 -0.0234978 -8.10481 -0.965245 0.0651885 -0.253087 98.2045 
-0.247404 0.0398359 0.968093 144.119 0.0717472 0.997165 -0.0226965 -8.13599 -0.966252 0.0638428 -0.249561 98.063 
-0.243896 0.0406087 0.968951 144.715 0.068684 0.997337 -0.0245098 -8.16779 -0.967366 0.0605735 -0.246036 97.9307 
-0.239537 0.0441931 0.969881 145.307 0.0698468 0.99716 -0.0281856 -8.19358 -0.968372 0.0609916 -0.241943 97.8001 
-0.233901 0.0473548 0.971106 145.895 0.0715203 0.996945 -0.0313883 -8.22028 -0.969626 0.062112 -0.236574 97.6695 
-0.227282 0.0483381 0.972629 146.482 0.0707057 0.99695 -0.0330245 -8.24862 -0.971259 0.0612645 -0.230006 97.5479 
