1 2.12261e-08 -2.11895e-08 0 2.12261e-08 1 2.10703e-08 0 -2.11895e-08 2.10703e-08 1 0 
0.999998 0.000726921 0.00177734 -0.0234025 -0.000725273 0.999999 -0.000903371 -0.0213506 -0.00177804 0.000902122 0.999998 1.212 
0.999995 0.000931516 0.0030219 -0.0408597 -0.00092999 0.999999 -0.00049232 -0.0407482 -0.0030224 0.00048955 0.999995 2.41981 
0.999992 0.000199751 0.00399011 -0.055587 -0.000199039 1 -0.000168119 -0.0629595 -0.00399019 0.000167365 0.999992 3.62415 
0.99999 -0.000296527 0.00456944 -0.0692726 0.00029687 1 -6.50891e-05 -0.0832645 -0.00456946 6.6487e-05 0.99999 4.83012 
0.999986 -0.000586016 0.00535006 -0.0819254 0.000585692 1 7.01482e-05 -0.10567 -0.00535014 -6.69716e-05 0.999986 6.0402 
0.999982 -0.000280952 0.00593049 -0.0926935 0.000287017 0.999999 -0.0010147 -0.126547 -0.00593024 0.00101643 0.999982 7.24832 
0.999979 -0.000729159 0.0063776 -0.0971624 0.000738763 0.999999 -0.00149697 -0.14414 -0.00637654 0.00150169 0.999979 8.46221 
0.99998 -0.0012723 0.00622299 -0.104401 0.00127261 0.999999 -3.87984e-05 -0.164085 -0.00622298 4.67591e-05 0.999981 9.67019 
0.999985 -0.00197055 0.00507966 -0.126169 0.00196662 0.999998 0.000786364 -0.181293 -0.00508124 -0.000776321 0.999987 10.8918 
0.999992 -0.00313923 0.00266013 -0.144395 0.00313871 0.999995 0.000217036 -0.200347 -0.00266084 -0.000208643 0.999996 12.106 
0.999996 -0.00286355 0.000599881 -0.167781 0.00286377 0.999996 -0.000295824 -0.21958 -0.000599073 0.000297583 1 13.3127 
0.999997 -0.0025097 -0.000726601 -0.190306 0.00250939 0.999997 -0.000488836 -0.24071 0.000727783 0.000487054 1 14.5235 
0.999999 -0.00122829 -0.00119388 -0.223938 0.00122752 0.999999 -0.000682131 -0.263173 0.00119468 0.000680707 0.999999 15.7461 
0.999997 -0.00166617 -0.00184208 -0.247442 0.00166472 0.999998 -0.000810523 -0.28142 0.00184338 0.000807496 0.999998 16.9629 
0.999995 -0.00228115 -0.002299 -0.278185 0.00228062 0.999997 -0.000247774 -0.304815 0.00229952 0.000242572 0.999997 18.1795 
0.999992 -0.00281136 -0.002827 -0.304865 0.00281182 0.999996 0.000143503 -0.330929 0.00282654 -0.000151409 0.999996 19.3965 
0.999991 -0.00261439 -0.00325903 -0.337728 0.00261198 0.999996 -0.000755667 -0.352761 0.00326095 0.00074719 0.999994 20.6153 
0.99999 -0.00280936 -0.00362901 -0.373119 0.00280348 0.999995 -0.00163588 -0.371763 0.00363355 0.00162573 0.999992 21.8152 
0.999988 -0.00216254 -0.00444535 -0.403287 0.00215772 0.999997 -0.00109838 -0.39364 0.00444767 0.00108881 0.99999 23.0199 
0.999984 -0.00226967 -0.00515499 -0.432492 0.00226356 0.999997 -0.00119898 -0.415244 0.00515766 0.00118733 0.999986 24.2307 
0.999979 -0.00229348 -0.00609066 -0.462202 0.00228218 0.999996 -0.00186745 -0.438863 0.00609487 0.00185355 0.99998 25.428 
0.999975 -0.00165017 -0.00690793 -0.492735 0.00164233 0.999998 -0.00114598 -0.460699 0.00690976 0.00113465 0.999976 26.6345 
0.999965 -0.00301474 -0.00778438 -0.517027 0.00301917 0.999995 0.000551011 -0.480404 0.00778264 -0.000574451 0.99997 27.8412 
0.999955 -0.00325066 -0.00890199 -0.545175 0.00325754 0.999994 0.000752792 -0.501255 0.00889945 -0.000781714 0.99996 29.0502 
0.999943 -0.00418163 -0.00977837 -0.57603 0.00418096 0.999991 -9.23959e-05 -0.523369 0.00977863 5.15501e-05 0.999952 30.252 
0.99993 -0.00480524 -0.0108145 -0.607849 0.00479423 0.999988 -0.00104718 -0.547106 0.0108194 0.000995301 0.999941 31.4605 
0.999925 -0.00428928 -0.0115146 -0.641122 0.00427861 0.99999 -0.000954813 -0.569396 0.0115186 0.000905517 0.999933 32.6605 
0.999915 -0.00499583 -0.0120679 -0.676415 0.00499165 0.999988 -0.000379947 -0.589732 0.0120696 0.000319719 0.999927 33.8694 
0.999905 -0.00527666 -0.0127271 -0.71612 0.00527597 0.999986 -9.09543e-05 -0.608192 0.0127274 2.38402e-05 0.999919 35.0788 
0.999895 -0.00584201 -0.0132974 -0.752752 0.00584014 0.999983 -0.000182547 -0.631146 0.0132982 0.000104912 0.999912 36.2906 
0.999881 -0.00654024 -0.0140092 -0.790413 0.00653873 0.999979 -0.000157121 -0.653964 0.0140099 6.55429e-05 0.999902 37.4891 
0.999871 -0.00764629 -0.0141601 -0.828088 0.00765322 0.999971 0.00043215 -0.675371 0.0141564 -0.000540422 0.9999 38.6981 
0.999871 -0.00752573 -0.0141745 -0.865364 0.00755136 0.99997 0.00175212 -0.698372 0.0141609 -0.00185889 0.999898 39.9132 
0.999876 -0.00705209 -0.014102 -0.906983 0.00708804 0.999972 0.00249824 -0.715254 0.0140839 -0.00259784 0.999897 41.1366 
0.999884 -0.00621305 -0.0138739 -0.948698 0.00624122 0.999979 0.00198546 -0.732876 0.0138612 -0.00207178 0.999902 42.3614 
0.999896 -0.00525484 -0.0134404 -0.99213 0.00528151 0.999984 0.00194653 -0.751323 0.0134299 -0.00201727 0.999908 43.5814 
0.999915 -0.00262836 -0.0127689 -1.03359 0.00267624 0.99999 0.00373106 -0.7699 0.0127589 -0.00376488 0.999912 44.8053 
0.999933 -0.00294359 -0.0111841 -1.07054 0.00302108 0.999972 0.00691372 -0.789545 0.0111634 -0.006947 0.999914 46.0168 
0.999952 -0.0026121 -0.0094957 -1.10503 0.00270372 0.99995 0.0096443 -0.801682 0.00946999 -0.00966946 0.999908 47.2331 
0.999967 -0.00211279 -0.00783585 -1.13828 0.00221469 0.999913 0.0130138 -0.808851 0.00780763 -0.0130307 0.999885 48.4531 
0.999974 -0.0032506 -0.00643068 -1.17046 0.00334214 0.999893 0.0142704 -0.815256 0.00638356 -0.0142914 0.999878 49.6633 
0.999973 -0.00548918 -0.00495627 -1.19594 0.00555234 0.999903 0.012813 -0.820734 0.00488541 -0.0128401 0.999906 50.8748 
0.999981 -0.00467262 -0.00400728 -1.22091 0.00471704 0.999927 0.0111363 -0.826677 0.00395491 -0.011155 0.99993 52.0881 
0.999986 -0.00414598 -0.00316465 -1.24801 0.00417909 0.999936 0.0105159 -0.830708 0.0031208 -0.0105289 0.99994 53.3003 
0.999984 -0.00462808 -0.00317574 -1.27217 0.00465991 0.999938 0.010076 -0.84011 0.00312886 -0.0100906 0.999944 54.5106 
0.999977 -0.00543873 -0.00410006 -1.29473 0.00547592 0.999944 0.00910273 -0.849887 0.00405028 -0.00912493 0.99995 55.7312 
0.999971 -0.00525738 -0.00550387 -1.32774 0.00530919 0.999941 0.00943333 -0.858503 0.00545391 -0.00946224 0.99994 56.9556 
0.999963 -0.00531633 -0.00672583 -1.36117 0.00538783 0.999929 0.0106506 -0.866449 0.00666868 -0.0106864 0.999921 58.1738 
0.999954 -0.00571341 -0.00771539 -1.39249 0.00579805 0.999923 0.010988 -0.8775 0.00765198 -0.0110322 0.99991 59.3917 
0.999953 -0.00478955 -0.00846936 -1.42885 0.00488058 0.99993 0.0107547 -0.88782 0.00841721 -0.0107955 0.999906 60.5962 
0.99995 -0.00442145 -0.00899137 -1.46329 0.00451696 0.999933 0.0106252 -0.896096 0.00894375 -0.0106652 0.999903 61.8121 
0.999945 -0.00517065 -0.00912133 -1.49581 0.00526363 0.999934 0.0101945 -0.908508 0.00906797 -0.0102419 0.999906 63.0357 
0.999937 -0.00632409 -0.00925579 -1.52155 0.00640812 0.999938 0.00907232 -0.916223 0.0091978 -0.00913102 0.999916 64.262 
0.999932 -0.00667738 -0.00956511 -1.55762 0.00677701 0.999923 0.0104172 -0.929039 0.00949477 -0.0104813 0.9999 65.4656 
0.99993 -0.00682653 -0.00970226 -1.59351 0.00694413 0.999902 0.0121351 -0.940747 0.00961843 -0.0122016 0.999879 66.6711 
0.99993 -0.00655972 -0.00985595 -1.62762 0.00666279 0.999923 0.0104576 -0.951705 0.00978655 -0.0105224 0.999897 67.8781 
0.999944 -0.00461991 -0.00950059 -1.66677 0.00470716 0.999947 0.0091777 -0.958147 0.00945764 -0.00922187 0.999913 69.1048 
0.999955 -0.00249823 -0.00913844 -1.71048 0.00258489 0.999952 0.00947876 -0.968273 0.00911428 -0.00950192 0.999913 70.3019 
0.999963 -0.000621968 -0.00862094 -1.74925 0.000706205 0.999952 0.00976672 -0.979545 0.00861441 -0.0097724 0.999915 71.5056 
0.999965 0.00104279 -0.00830172 -1.78606 -0.000957783 0.999947 0.010232 -0.9885 0.00831191 -0.0102236 0.999913 72.711 
0.999973 0.00137762 -0.00721373 -1.81667 -0.00129589 0.999935 0.0113174 -1.00027 0.00722881 -0.0113077 0.99991 73.9038 
0.999981 0.00330833 -0.0052789 -1.84543 -0.00324545 0.999924 0.0118683 -1.00573 0.00531773 -0.0118509 0.999916 75.0973 
0.999995 0.00196499 -0.00244088 -1.8741 -0.00194111 0.999951 0.0097338 -1.01586 0.00245985 -0.00972898 0.99995 76.2948 
1 -0.000841456 0.000260901 -1.89442 0.000840243 0.999988 0.00477405 -1.02697 -0.000264957 -0.00477379 0.999989 77.4719 
0.999996 0.00046023 0.00277828 -1.91267 -0.00047179 0.999991 0.00417666 -1.03897 -0.00277637 -0.00417791 0.999987 78.6485 
0.999984 -0.000362602 0.00563959 -1.92663 0.000318827 0.99997 0.0077685 -1.05346 -0.00564228 -0.00776654 0.999954 79.8265 
0.99996 0.000220594 0.00890654 -1.93883 -0.000301995 0.999958 0.00914394 -1.06692 -0.0089042 -0.00914623 0.999919 81.0191 
0.99991 0.00043267 0.0133856 -1.9599 -0.000532458 0.999972 0.00745541 -1.08431 -0.013382 -0.00746183 0.999883 82.2299 
0.99985 -5.87596e-05 0.0173372 -1.96988 -1.97123e-05 0.99999 0.00452849 -1.10328 -0.0173373 -0.00452811 0.999839 83.4099 
0.999776 -0.00132555 0.0211114 -1.97766 0.00130112 0.999999 0.00117264 -1.1254 -0.021113 -0.00114487 0.999776 84.6052 
0.999691 -0.00192109 0.0247877 -1.97857 0.00191937 0.999998 9.51223e-05 -1.13964 -0.0247879 -4.74745e-05 0.999693 85.7942 
0.999584 -0.00190864 0.0287955 -1.97128 0.00185346 0.999996 0.00194445 -1.16317 -0.0287992 -0.00189022 0.999583 86.9638 
0.999464 -0.000544181 0.0327266 -1.9601 0.000461961 0.999997 0.00252115 -1.18483 -0.032728 -0.00250464 0.999461 88.1335 
0.999316 -0.00118389 0.0369661 -1.94807 0.00116458 0.999999 0.000545068 -1.20689 -0.0369668 -0.000501604 0.999316 89.2997 
0.999181 -0.00144353 0.0404308 -1.92525 0.00150957 0.999998 -0.0016019 -1.2313 -0.0404284 0.00166166 0.999181 90.4535 
0.999044 -0.00139062 0.0436897 -1.89715 0.00147154 0.999997 -0.00181915 -1.25429 -0.0436871 0.00188174 0.999044 91.611 
0.998919 -0.00290146 0.0463878 -1.85648 0.00292811 0.999996 -0.00050568 -1.2773 -0.0463862 0.000641003 0.998923 92.7869 
0.998794 -0.0035528 0.0489635 -1.81359 0.00350947 0.999993 0.000971753 -1.29653 -0.0489666 -0.000798704 0.9988 93.9602 
0.998651 -0.00399071 0.0517628 -1.77726 0.00385327 0.999989 0.00275543 -1.31503 -0.0517732 -0.00255222 0.998656 95.1277 
0.998514 -0.00553851 0.0542186 -1.72894 0.00534421 0.999979 0.00372874 -1.32933 -0.0542382 -0.00343341 0.998522 96.3024 
0.998382 -0.00671073 0.0564646 -1.67871 0.00664043 0.999977 0.0014332 -1.34783 -0.056473 -0.00105589 0.998404 97.4784 
0.998262 -0.00797703 0.0583824 -1.60723 0.00812215 0.999965 -0.00224809 -1.36107 -0.0583625 0.00271841 0.998292 98.683 
0.998159 -0.00732931 0.0602059 -1.55153 0.00765534 0.999957 -0.00518575 -1.38066 -0.0601654 0.00563714 0.998173 99.871 
0.998053 -0.00732398 0.06194 -1.50311 0.00770904 0.999952 -0.00597918 -1.40755 -0.0618933 0.00644508 0.998062 101.066 
0.998036 -0.00708456 0.0622455 -1.44679 0.00744013 0.999957 -0.0054818 -1.4292 -0.062204 0.00593418 0.998046 102.273 
0.998063 -0.00721294 0.0617903 -1.40865 0.00744681 0.999966 -0.00355467 -1.45433 -0.0617626 0.00400796 0.998083 103.478 
0.998129 -0.00786442 0.0606329 -1.36478 0.00801089 0.999966 -0.00217213 -1.47623 -0.0606138 0.00265383 0.998158 104.69 
0.998249 -0.00753453 0.0586635 -1.31128 0.00762545 0.99997 -0.00132538 -1.4951 -0.0586518 0.00177043 0.998277 105.908 
0.9984 -0.00731883 0.0560778 -1.26022 0.00738374 0.999972 -0.000949537 -1.51317 -0.0560694 0.00136212 0.998426 107.138 
0.99857 -0.00682742 0.053021 -1.21475 0.00688637 0.999976 -0.000928389 -1.53534 -0.0530134 0.00129222 0.998593 108.36 
0.998764 -0.00521949 0.0494374 -1.1823 0.00529719 0.999985 -0.00143994 -1.55693 -0.0494292 0.00170008 0.998776 109.577 
0.998956 -0.0051998 0.0453776 -1.14375 0.00525254 0.999986 -0.00104219 -1.57719 -0.0453716 0.00127949 0.998969 110.811 
0.999135 -0.00463692 0.0413206 -1.11356 0.00464298 0.999989 -4.94962e-05 -1.59764 -0.0413199 0.000241345 0.999146 112.056 
0.999293 -0.00410134 0.0373694 -1.10008 0.00407368 0.999991 0.000817526 -1.61878 -0.0373725 -0.000664676 0.999301 113.302 
0.99944 -0.00430882 0.0331782 -1.08316 0.00426476 0.99999 0.00139997 -1.63934 -0.033184 -0.00125764 0.999449 114.552 
0.999591 -0.00370239 0.028368 -1.06946 0.0036619 0.999992 0.00148081 -1.65923 -0.0283733 -0.00137628 0.999596 115.801 
0.999721 -0.00293273 0.0234511 -1.06197 0.0029046 0.999995 0.00123527 -1.67317 -0.0234547 -0.00116676 0.999724 117.051 
0.999824 -0.00248844 0.0185919 -1.06072 0.00247265 0.999997 0.000874463 -1.6928 -0.0185941 -0.000828296 0.999827 118.3 
0.9999 -0.00143534 0.014101 -1.07096 0.00143146 0.999999 0.000288228 -1.71217 -0.0141014 -0.000267972 0.999901 119.537 
0.999942 0.000398838 0.0107344 -1.08609 -0.000400748 1 0.000179719 -1.73339 -0.0107344 -0.000183968 0.999942 120.773 
0.999959 0.00240668 0.00869421 -1.10729 -0.00240893 0.999997 0.000253521 -1.75099 -0.00869362 -0.000274412 0.999962 122.024 
0.999965 0.00360649 0.00761958 -1.12152 -0.00360581 0.999994 -9.7934e-05 -1.77036 -0.00761992 7.04977e-05 0.999971 123.272 
0.999962 0.00576778 0.00659822 -1.13741 -0.00576743 0.999983 -6.62271e-05 -1.78634 -0.00659854 2.82117e-05 0.999978 124.531 
0.999959 0.00701626 0.00576138 -1.15873 -0.00702043 0.999975 0.000710664 -1.80379 -0.00575629 -0.00075104 0.999983 125.798 
0.999965 0.00666199 0.00510796 -1.17346 -0.00666833 0.999977 0.00123432 -1.82625 -0.00509966 -0.0012683 0.999986 127.054 
0.999936 0.01047 0.00440684 -1.20737 -0.0104838 0.99994 0.00314038 -1.84095 -0.00437374 -0.00318634 0.999985 128.338 
0.999926 0.011591 0.00367578 -1.22677 -0.0116145 0.999912 0.00644651 -1.8618 -0.00360077 -0.00648868 0.999973 129.601 
0.999941 0.0103609 0.00332352 -1.25552 -0.0103807 0.999928 0.00600743 -1.87467 -0.00326108 -0.00604154 0.999976 130.89 
0.999946 0.0100778 0.00269655 -1.2707 -0.0100897 0.999939 0.00445974 -1.88652 -0.00265149 -0.00448666 0.999986 132.148 
0.99997 0.00747117 0.00209259 -1.29485 -0.00748259 0.999957 0.00552481 -1.90005 -0.00205126 -0.00554026 0.999983 133.437 
0.999985 0.00528193 0.00109733 -1.31638 -0.00528998 0.999958 0.00750631 -1.91521 -0.00105768 -0.00751197 0.999971 134.723 
0.999998 0.0016592 0.000717692 -1.33433 -0.00166583 0.999954 0.00940225 -1.92746 -0.000702102 -0.00940339 0.999956 136.014 
1 -0.000391569 0.000187577 -1.35368 0.00038961 0.999944 0.0105496 -1.94081 -0.00019174 -0.0105495 0.999944 137.29 
0.99999 -0.00450452 0.000309678 -1.36692 0.00450169 0.999952 0.0087226 -1.94953 -0.000348997 -0.00872107 0.999962 138.575 
0.999974 -0.00722638 0.000439793 -1.38654 0.0072228 0.999944 0.00772758 -1.95927 -0.000495653 -0.00772416 0.99997 139.848 
0.999962 -0.00868344 0.000597869 -1.40723 0.00867867 0.999933 0.007623 -1.97331 -0.000664066 -0.00761748 0.999971 141.129 
0.999961 -0.00878593 0.00105107 -1.43357 0.0087773 0.99993 0.00798924 -1.98504 -0.00112124 -0.00797966 0.999968 142.407 
0.999966 -0.00803505 0.0016685 -1.45587 0.00801824 0.999919 0.00987724 -1.99403 -0.00174777 -0.00986348 0.99995 143.689 
0.999981 -0.00566434 0.00246997 -1.47924 0.00563579 0.999919 0.011434 -2.00575 -0.00253458 -0.0114198 0.999932 144.98 
0.999978 -0.00583048 0.00308367 -1.50109 0.00580014 0.999935 0.00977256 -2.01767 -0.00314049 -0.00975442 0.999948 146.269 
0.999981 -0.00512005 0.00354401 -1.51918 0.00509199 0.999956 0.00789301 -2.02811 -0.00358431 -0.00787477 0.999963 147.566 
0.999979 -0.00526634 0.00391771 -1.53525 0.00524478 0.999971 0.00550213 -2.04295 -0.00394661 -0.00548143 0.999977 148.85 
0.999971 -0.00638443 0.00418727 -1.55018 0.00637816 0.999979 0.00151831 -2.063 -0.00419691 -0.00149152 0.99999 150.135 
0.999967 -0.00643786 0.00492574 -1.57312 0.00644727 0.999977 -0.0018872 -2.08804 -0.00491352 0.00191894 0.999986 151.419 
0.999965 -0.00657491 0.00523426 -1.59346 0.00658919 0.999975 -0.00270616 -2.11595 -0.00521637 0.0027406 0.999983 152.707 
0.999965 -0.00654505 0.00530384 -1.61074 0.00655781 0.999976 -0.00238344 -2.14269 -0.00528815 0.00241818 0.999983 153.994 
0.999969 -0.00592149 0.00522895 -1.63109 0.0059311 0.999981 -0.00181501 -2.16996 -0.00521814 0.00184601 0.999985 155.27 
0.999974 -0.00515638 0.00508949 -1.6499 0.00516038 0.999986 -0.000765068 -2.19541 -0.00508552 0.000791354 0.999987 156.552 
0.999978 -0.00476379 0.00456945 -1.66178 0.00476511 0.999989 -0.000268759 -2.21883 -0.00456816 0.000290569 0.99999 157.862 
0.999983 -0.00437837 0.00396214 -1.67759 0.00438095 0.99999 -0.00063059 -2.24097 -0.00395938 0.000647979 0.999992 159.142 
0.999987 -0.00398609 0.00327507 -1.69841 0.003987 0.999992 -0.000259662 -2.26586 -0.00327405 0.000272758 0.999995 160.423 
0.999986 -0.00429624 0.00296794 -1.72543 0.00429352 0.99999 0.000936552 -2.28883 -0.00297198 -0.000923754 0.999995 161.742 
0.999991 -0.0034755 0.0022485 -1.7456 0.00347281 0.999993 0.00121729 -2.30953 -0.00225276 -0.00120942 0.999997 163.022 
0.999994 -0.00286307 0.00178369 -1.77142 0.00286239 0.999996 0.000408479 -2.33454 -0.00178489 -0.000403329 0.999998 164.295 
0.999996 -0.00242472 0.0011375 -1.79725 0.00242574 0.999997 -0.000862316 -2.35591 -0.00113545 0.000865115 0.999999 165.566 
0.999998 -0.00183435 0.000278087 -1.81891 0.00183463 0.999998 -0.000855051 -2.3804 -0.00027656 0.000855602 1 166.842 
0.999998 -0.00217993 -0.000570238 -1.84074 0.00217894 0.999996 -0.00180548 -2.40493 0.00057413 0.00180428 0.999998 168.121 
0.999998 -0.00160316 -0.00130063 -1.86818 0.00159946 0.999995 -0.00287768 -2.42953 0.00130519 0.00287563 0.999995 169.413 
0.999997 -0.0014421 -0.00195071 -1.89574 0.00143696 0.999995 -0.00265266 -2.45424 0.00195448 0.0026499 0.999995 170.7 
0.999996 -0.00103352 -0.00260208 -1.92411 0.00103027 0.999999 -0.00126661 -2.48013 0.00260334 0.00126396 0.999996 171.982 
0.999994 -0.00113293 -0.00327723 -1.95461 0.00113005 0.999999 -0.000893484 -2.50498 0.0032782 0.000889818 0.999994 173.266 
0.999992 -0.0006283 -0.00391677 -1.98893 0.00062611 1 -0.000571197 -2.52797 0.00391708 0.000568782 0.999992 174.55 
0.99999 -0.000395634 -0.00455001 -2.02216 0.000394083 1 -0.000351113 -2.55003 0.00455011 0.000349359 0.99999 175.831 
0.999987 -7.92913e-05 -0.00508463 -2.05365 7.34835e-05 0.999999 -0.00115073 -2.57479 0.00508468 0.00115039 0.999986 177.11 
0.999983 0.000782253 -0.00583131 -2.08295 -0.000790514 0.999999 -0.00142172 -2.60454 0.00583015 0.00142634 0.999982 178.387 
0.999981 0.000783691 -0.00619192 -2.11675 -0.000790244 0.999999 -0.00106284 -2.62979 0.00619104 0.00106775 0.99998 179.666 
0.999979 0.000800258 -0.00643665 -2.14788 -0.00081365 0.999998 -0.00208488 -2.65609 0.00643492 0.00209012 0.999977 180.95 
0.999979 -0.000700594 -0.00645542 -2.17831 0.000676771 0.999993 -0.00369831 -2.68062 0.00645792 0.0036939 0.999972 182.226 
0.999969 -0.00388524 -0.00690229 -2.20198 0.0038611 0.999986 -0.0035134 -2.70645 0.0069158 0.00348669 0.99997 183.504 
0.999966 -0.00365277 -0.00735088 -2.23352 0.00365474 0.999993 0.000248585 -2.73214 0.00734988 -0.0002754 0.999973 184.777 
0.999963 -0.00436543 -0.0074629 -2.2623 0.00440064 0.999979 0.0047018 -2.75282 0.00744218 -0.00473442 0.999961 186.041 
0.999969 -0.00284718 -0.00740396 -2.29368 0.00287629 0.999988 0.00391779 -2.77043 0.00739268 -0.00393892 0.999965 187.301 
0.999971 -0.00203488 -0.00735138 -2.32493 0.00203999 0.999998 0.000682273 -2.79099 0.00734993 -0.000697208 0.999973 188.557 
0.999969 -0.00187312 -0.00768736 -2.35953 0.00186404 0.999998 -0.00119425 -2.8121 0.00768953 0.00117992 0.99997 189.804 
0.999969 -0.0019282 -0.00759123 -2.399 0.00192103 0.999998 -0.000956994 -2.83789 0.00759301 0.000942424 0.999971 191.096 
0.999972 -0.00214263 -0.00722691 -2.43686 0.0021456 0.999998 0.00039702 -2.86276 0.007226 -0.000412472 0.999974 192.352 
0.999974 -0.00196593 -0.00692583 -2.46863 0.00198329 0.999995 0.00249437 -2.88596 0.00692085 -0.002508 0.999973 193.611 
0.999978 -0.00264548 -0.00604766 -2.50307 0.00266618 0.999991 0.00341143 -2.90907 0.00603854 -0.00342744 0.999976 194.861 
0.999987 -0.00251397 -0.00449402 -2.53344 0.00252667 0.999993 0.00281353 -2.92997 0.00448687 -0.0028248 0.999986 196.106 
0.999988 -0.00378046 -0.00301258 -2.55904 0.00378446 0.999992 0.00131025 -2.95059 0.00300756 -0.0013216 0.999995 197.345 
0.99999 -0.00404995 -0.00203672 -2.57575 0.00404984 0.999992 -7.87808e-05 -2.97403 0.00203698 7.05738e-05 0.999998 198.589 
0.999989 -0.00474881 -0.000570403 -2.59786 0.00474854 0.999989 -0.000554042 -2.9981 0.000572985 0.000551369 1 199.82 
0.999991 -0.00427046 0.000842875 -2.62301 0.00427031 0.999991 0.000224121 -3.02209 -0.000843866 -0.000220477 1 201.043 
0.999986 -0.00470744 0.00248542 -2.65036 0.00470194 0.999987 0.00222989 -3.04935 -0.00249593 -0.00221813 0.999994 202.291 
0.999987 -0.00365006 0.00343789 -2.66493 0.00364112 0.99999 0.00261471 -3.07185 -0.00344745 -0.00260212 0.999991 203.524 
0.999981 -0.00407194 0.0046392 -2.68342 0.00405967 0.999988 0.00265946 -3.09454 -0.00465001 -0.00264053 0.999986 204.749 
0.999978 -0.00370524 0.00554895 -2.69845 0.00369011 0.999989 0.00274198 -3.11333 -0.0055591 -0.0027214 0.999981 205.965 
0.999971 -0.00384129 0.00655723 -2.70995 0.00382162 0.999988 0.00301646 -3.13304 -0.00656878 -0.00299127 0.999974 207.17 
0.999967 -0.00344033 0.00738133 -2.72197 0.0034193 0.99999 0.00286472 -3.15219 -0.00739115 -0.00283934 0.999969 208.381 
0.999961 -0.00359198 0.00806491 -2.73164 0.00356775 0.999989 0.00302188 -3.17546 -0.00807572 -0.00299295 0.999963 209.574 
0.999952 -0.00463432 0.00860585 -2.74434 0.00460823 0.999985 0.00305388 -3.19599 -0.00861992 -0.00301403 0.999958 210.765 
0.99995 -0.00498751 0.00866902 -2.75261 0.00495425 0.99998 0.00385889 -3.21552 -0.00868814 -0.0038157 0.999955 211.926 
0.999951 -0.0055076 0.00825277 -2.7564 0.00546769 0.999973 0.00485546 -3.23419 -0.00827934 -0.00481006 0.999954 213.069 
0.999957 -0.00529107 0.00767651 -2.76889 0.00525363 0.999974 0.00489479 -3.25727 -0.00770225 -0.00485421 0.999959 214.189 
0.999961 -0.00491364 0.00740303 -2.78483 0.00488313 0.99998 0.00413945 -3.27773 -0.00742326 -0.0041031 0.999964 215.296 
0.999965 -0.00485041 0.00686704 -2.79789 0.0048274 0.999983 0.0033695 -3.29661 -0.0068833 -0.00333619 0.999971 216.389 
0.999969 -0.00493641 0.00620843 -2.80982 0.00491668 0.999983 0.00319607 -3.31678 -0.00622414 -0.00316541 0.999976 217.473 
0.999975 -0.00519455 0.0048039 -2.82101 0.00517835 0.999981 0.00338852 -3.3376 -0.00482145 -0.00336352 0.999983 218.547 
0.999979 -0.00581576 0.00283202 -2.82621 0.00580425 0.999975 0.00407196 -3.35565 -0.00285568 -0.00405539 0.999988 219.619 
0.999975 -0.00701966 0.000424156 -2.83324 0.00701714 0.999959 0.00576977 -3.37422 -0.000464682 -0.0057666 0.999983 220.684 
0.999975 -0.00672298 -0.00198224 -2.8498 0.00673751 0.99995 0.00739064 -3.39072 0.00193241 -0.00740378 0.999971 221.731 
0.999968 -0.00653528 -0.0045963 -2.86529 0.00656968 0.99995 0.00750013 -3.40951 0.00454702 -0.00753004 0.999961 222.767 
0.999954 -0.00636339 -0.00713491 -2.89041 0.00641451 0.999954 0.00716012 -3.42615 0.00708898 -0.00720552 0.999949 223.779 
0.999929 -0.00627349 -0.0101562 -2.91167 0.00634863 0.999953 0.00737834 -3.44189 0.0101094 -0.00744225 0.999921 224.769 
0.999897 -0.0057998 -0.01311 -2.93999 0.00590384 0.999951 0.00790851 -3.4581 0.0130634 -0.00798506 0.999883 225.735 
0.999857 -0.00532032 -0.0160264 -2.97211 0.00544546 0.999955 0.00777266 -3.4753 0.0159843 -0.00785878 0.999841 226.669 
0.99979 -0.00577124 -0.0196438 -2.99987 0.00591544 0.999956 0.00728874 -3.49129 0.0196008 -0.00740337 0.999781 227.579 
0.999711 -0.00582895 -0.0233436 -3.02975 0.0059891 0.999959 0.0067947 -3.50724 0.023303 -0.0069325 0.999704 228.471 
0.999622 -0.00483389 -0.0270685 -3.05722 0.00501467 0.999966 0.0066133 -3.5236 0.0270356 -0.00674649 0.999612 229.349 
0.999527 -0.00462885 -0.0303995 -3.08486 0.00481367 0.99997 0.00600793 -3.53904 0.0303707 -0.00615138 0.99952 230.218 
0.999455 -0.00296599 -0.0328902 -3.12645 0.00316521 0.999977 0.00600553 -3.55426 0.0328715 -0.00610632 0.999441 231.046 
0.999423 -0.00234139 -0.0338825 -3.16146 0.00256232 0.999976 0.00647742 -3.56796 0.0338665 -0.00656046 0.999405 231.862 
0.999433 -0.00211549 -0.0335938 -3.20153 0.00237048 0.999969 0.00755127 -3.58024 0.0335767 -0.00762658 0.999407 232.65 
0.999451 -0.0020297 -0.0330792 -3.23979 0.00231048 0.999962 0.00845097 -3.59438 0.0330607 -0.00852271 0.999417 233.422 
0.999462 -0.00198496 -0.0327476 -3.27756 0.00224888 0.999965 0.00802309 -3.6063 0.0327304 -0.00809237 0.999431 234.17 
0.999473 -0.00141916 -0.0324202 -3.31534 0.0016214 0.999979 0.00621162 -3.61793 0.0324107 -0.00626087 0.999455 234.906 
0.999502 -0.00146652 -0.0315083 -3.3528 0.00159726 0.99999 0.00412342 -3.62959 0.0315019 -0.00417165 0.999495 235.638 
0.999542 -0.00128206 -0.0302428 -3.38928 0.0013676 0.999995 0.00280629 -3.64155 0.030239 -0.00284632 0.999539 236.365 
0.99958 -0.000617839 -0.0289707 -3.42238 0.000685881 0.999997 0.00233733 -3.65353 0.0289691 -0.00235618 0.999578 237.094 
0.999627 -0.00102417 -0.0272806 -3.45058 0.00108292 0.999997 0.00213715 -3.66346 0.0272783 -0.00216586 0.999626 237.824 
0.999676 -0.00113389 -0.0254396 -3.47975 0.00118737 0.999997 0.00208528 -3.67379 0.0254372 -0.00211477 0.999674 238.549 
0.999726 -0.00107409 -0.0233819 -3.51149 0.00112105 0.999997 0.00199337 -3.68789 0.0233796 -0.00201899 0.999725 239.276 
0.999777 -0.00138735 -0.0210644 -3.54493 0.00142416 0.999998 0.00173079 -3.70071 0.0210619 -0.00176036 0.999777 240.001 
0.999832 -0.00118962 -0.0182697 -3.56438 0.00122727 0.999997 0.00204765 -3.71002 0.0182671 -0.00206969 0.999831 240.726 
0.999883 -0.0022906 -0.0151587 -3.58218 0.00233222 0.999994 0.00272557 -3.71984 0.0151523 -0.00276056 0.999881 241.441 
0.999918 -0.00332301 -0.0123401 -3.59628 0.00336119 0.99999 0.00307097 -3.73081 0.0123297 -0.00311216 0.999919 242.16 
0.999953 -0.00348772 -0.00904939 -3.6186 0.00351625 0.999989 0.00313373 -3.74299 0.00903831 -0.00316536 0.999954 242.873 
0.999974 -0.00387103 -0.00606995 -3.6324 0.00388853 0.999988 0.0028673 -3.75497 0.00605874 -0.00289079 0.999978 243.57 
0.999987 -0.00407598 -0.00301105 -3.64653 0.00408406 0.999988 0.00266956 -3.76494 0.00300009 -0.00268178 0.999992 244.27 
0.999995 -0.00310084 0.000157956 -3.66188 0.00310059 0.999994 0.00179946 -3.77524 -0.000163577 -0.00179892 0.999998 244.963 
0.99999 -0.00285657 0.00337534 -3.67387 0.00285248 0.999995 0.00122923 -3.78648 -0.00337887 -0.00121955 0.999994 245.659 
0.999976 -0.0028411 0.00626204 -3.68075 0.00282665 0.999993 0.00232148 -3.79855 -0.00626863 -0.00230369 0.999978 246.366 
0.999957 -0.00229717 0.00897338 -3.68587 0.00227142 0.999993 0.00288396 -3.80804 -0.00897999 -0.00286341 0.999956 247.076 
0.999931 -0.00236577 0.0114994 -3.68883 0.00233409 0.999993 0.00277164 -3.81938 -0.011506 -0.00274457 0.99993 247.783 
0.9999 -0.00251315 0.0139465 -3.69145 0.0024957 0.999996 0.00127145 -3.83134 -0.0139496 -0.00123647 0.999902 248.492 
0.999876 -0.00222738 0.0156229 -3.69048 0.00224521 0.999997 -0.00112118 -3.8415 -0.0156204 0.00115616 0.999877 249.204 
0.999855 -0.00346191 0.0166589 -3.6888 0.00350709 0.99999 -0.00268077 -3.85264 -0.0166495 0.00273885 0.999858 249.918 
0.999854 -0.00313286 0.0168126 -3.68783 0.00318528 0.99999 -0.00308971 -3.86424 -0.0168028 0.00314285 0.999854 250.638 
0.999848 -0.00404717 0.0169526 -3.68568 0.0041086 0.999985 -0.00358747 -3.87843 -0.0169379 0.00365662 0.99985 251.364 
0.999849 -0.00271409 0.0171806 -3.68159 0.00278172 0.999989 -0.00391118 -3.89198 -0.0171698 0.00395842 0.999845 252.112 
0.999842 -0.00199024 0.0176636 -3.68376 0.00206977 0.999988 -0.00448295 -3.90418 -0.0176545 0.00451885 0.999834 252.862 
0.999828 -0.00302787 0.0182984 -3.69532 0.00314938 0.999973 -0.00661291 -3.90989 -0.0182779 0.00666944 0.999811 253.627 
0.999795 -0.00684759 0.0190767 -3.70441 0.00701546 0.999937 -0.0087443 -3.92569 -0.0190157 0.00887637 0.99978 254.411 
0.999746 -0.0101165 0.0201567 -3.70512 0.0103114 0.999901 -0.00958711 -3.93984 -0.0200577 0.00979256 0.999751 255.185 
0.999754 -0.00770716 0.0207925 -3.70649 0.00782888 0.999953 -0.00577673 -3.95248 -0.020747 0.00593814 0.999767 255.959 
0.999762 -0.0039773 0.0214374 -3.71252 0.00397024 0.999992 0.000374188 -3.9695 -0.0214388 -0.000288945 0.99977 256.752 
0.999739 -0.00461365 0.0223657 -3.70999 0.00452573 0.999982 0.00398214 -3.98551 -0.0223837 -0.00387984 0.999742 257.544 
0.999678 -0.00560197 0.0247435 -3.7001 0.0055549 0.999983 0.00197229 -3.99832 -0.0247542 -0.00183417 0.999692 258.335 
0.999567 -0.00435021 0.0291135 -3.69409 0.00447544 0.999981 -0.0042361 -4.00748 -0.0290945 0.00436461 0.999567 259.132 
0.999457 -0.00212657 0.0328938 -3.68488 0.00238719 0.999966 -0.00788443 -4.01746 -0.032876 0.00795871 0.999428 259.942 
0.999347 -0.000575939 0.036143 -3.67083 0.000853498 0.99997 -0.00766331 -4.03402 -0.0361375 0.0076892 0.999317 260.764 
0.999215 -0.00251478 0.0395305 -3.65367 0.00272743 0.999982 -0.00532522 -4.05103 -0.0395164 0.0054289 0.999204 261.595 
0.999076 -0.00550032 0.0426336 -3.62829 0.00559719 0.999982 -0.00215219 -4.06562 -0.042621 0.00238887 0.999088 262.436 
0.998927 -0.00783497 0.0456476 -3.60281 0.00787162 0.999969 -0.00062233 -4.0781 -0.0456413 0.000981024 0.998957 263.278 
0.998786 -0.0076562 0.0486688 -3.57696 0.00766251 0.999971 5.78569e-05 -4.09465 -0.0486679 0.00031518 0.998815 264.115 
0.99867 -0.0052696 0.051282 -3.5509 0.00538293 0.999983 -0.00207127 -4.10981 -0.0512703 0.00234461 0.998682 264.957 
0.998563 -0.00447197 0.0534051 -3.51611 0.00470902 0.99998 -0.00431279 -4.12353 -0.0533848 0.00455812 0.998564 265.799 
0.998408 -0.00391351 0.0562661 -3.48898 0.00416954 0.999982 -0.00443287 -4.13755 -0.0562478 0.00466046 0.998406 266.638 
0.998239 -0.00297914 0.059248 -3.45518 0.00312676 0.999992 -0.00239836 -4.15569 -0.0592404 0.00257943 0.99824 267.496 
0.99803 -0.00155874 0.0627174 -3.42504 0.00160172 0.999999 -0.00063426 -4.17524 -0.0627164 0.000733507 0.998031 268.339 
0.997824 -0.000814995 0.0659278 -3.39355 0.000874326 0.999999 -0.000870431 -4.18832 -0.0659271 0.00092622 0.997824 269.19 
0.997643 -0.00090314 0.068612 -3.34816 0.000988096 0.999999 -0.00120365 -4.20633 -0.0686109 0.00126865 0.997643 270.043 
0.997457 -0.00234906 0.0712274 -3.29892 0.00248061 0.999995 -0.00175792 -4.2183 -0.071223 0.00193018 0.997459 270.893 
0.997301 -0.00545812 0.073215 -3.24915 0.00554607 0.999984 -0.000997391 -4.23341 -0.0732084 0.0014008 0.997316 271.743 
0.997217 -0.00629089 0.074283 -3.19907 0.0063977 0.999979 -0.00119946 -4.24755 -0.0742739 0.00167141 0.997237 272.605 
0.997146 -0.00695887 0.0751788 -3.15334 0.00707151 0.999974 -0.00123171 -4.26132 -0.0751683 0.00175987 0.997169 273.463 
0.997087 -0.00685301 0.0759665 -3.11187 0.00696674 0.999975 -0.00123171 -4.27569 -0.0759562 0.0017574 0.99711 274.319 
0.997102 -0.00671926 0.0757858 -3.06172 0.00678275 0.999977 -0.00057986 -4.29099 -0.0757802 0.00109226 0.997124 275.18 
0.997128 -0.00610901 0.0754869 -3.01724 0.00614199 0.999981 -0.000204161 -4.30432 -0.0754842 0.000667255 0.997147 276.046 
0.997211 -0.00613841 0.0743755 -2.96942 0.00624572 0.99998 -0.00120964 -4.31774 -0.0743666 0.00167083 0.99723 276.903 
0.997328 -0.00626208 0.0727873 -2.92443 0.00642126 0.999978 -0.00195247 -4.33589 -0.0727735 0.00241468 0.997346 277.76 
0.997446 -0.0054367 0.0712247 -2.87963 0.00564566 0.99998 -0.00273225 -4.35251 -0.0712085 0.00312743 0.997457 278.616 
0.997569 -0.00452179 0.0695453 -2.83512 0.00474261 0.999984 -0.00300967 -4.3708 -0.0695306 0.00333222 0.997574 279.47 
0.997687 -0.00316577 0.0679025 -2.80251 0.0033873 0.999989 -0.00314695 -4.39211 -0.0678919 0.00336971 0.997687 280.326 
0.99783 -0.00260024 0.0657966 -2.76296 0.00278684 0.999992 -0.0027436 -4.41002 -0.065789 0.00292105 0.997829 281.179 
0.998005 -0.00297014 0.0630723 -2.7273 0.0030504 0.999995 -0.00117569 -4.42712 -0.0630685 0.00136579 0.998008 282.038 
0.998232 -0.004242 0.0592863 -2.69759 0.00419161 0.999991 0.000974938 -4.44174 -0.0592899 -0.000724668 0.998241 282.891 
0.998488 -0.00543463 0.0547082 -2.66907 0.00529303 0.999982 0.00273353 -4.45643 -0.0547222 -0.00243978 0.998499 283.739 
0.998718 -0.00586073 0.0502783 -2.64572 0.00566554 0.999976 0.00402453 -4.47111 -0.0503008 -0.00373448 0.998727 284.578 
0.998943 -0.00620415 0.0455555 -2.62239 0.00599719 0.999971 0.00467913 -4.48532 -0.0455833 -0.00440094 0.998951 285.411 
0.999137 -0.0068263 0.0409716 -2.60976 0.00662068 0.999965 0.00515311 -4.50099 -0.0410054 -0.00487737 0.999147 286.208 
0.999309 -0.00781089 0.0363271 -2.59448 0.00762262 0.999957 0.00531945 -4.51338 -0.0363671 -0.00503883 0.999326 287.011 
0.999443 -0.00798372 0.0324147 -2.59147 0.00782623 0.999957 0.0049841 -4.52749 -0.0324532 -0.00472759 0.999462 287.818 
0.999555 -0.00757749 0.0288553 -2.59778 0.00744049 0.999961 0.00485385 -4.53612 -0.028891 -0.00463695 0.999572 288.612 
0.999659 -0.00741691 0.0250298 -2.59563 0.00729722 0.999962 0.00487176 -4.55117 -0.025065 -0.00468741 0.999675 289.376 
0.99974 -0.00771075 0.0214437 -2.60235 0.00760841 0.999959 0.00485203 -4.56374 -0.0214803 -0.00468757 0.999758 290.128 
0.999816 -0.00869316 0.0171262 -2.60073 0.00862491 0.999955 0.00405726 -4.57411 -0.0171607 -0.00390875 0.999845 290.855 
0.9999 -0.00731217 0.0120741 -2.60623 0.00728143 0.99997 0.00259172 -4.58855 -0.0120928 -0.0025035 0.999924 291.549 
0.999966 -0.00574146 0.00586581 -2.62773 0.00573754 0.999983 0.000691483 -4.60518 -0.00586973 -0.000657762 0.999983 292.252 
0.999985 -0.00487406 -0.00235488 -2.65404 0.00487208 0.999988 -0.000865133 -4.62217 0.00235903 0.000853689 0.999997 292.928 
0.999901 -0.00511865 -0.0130967 -2.6768 0.00509224 0.999985 -0.00205208 -4.63545 0.0131069 0.00198523 0.999912 293.585 
0.999636 -0.00477562 -0.0265389 -2.71124 0.00471484 0.999986 -0.0023539 -4.65106 0.0265498 0.00222796 0.999645 294.233 
0.999053 -0.00379927 -0.0433351 -2.76543 0.00372309 0.999991 -0.00183947 -4.66772 0.0433417 0.00167643 0.999059 294.863 
0.997988 -0.00135418 -0.0633909 -2.82568 0.00128288 0.999999 -0.00116615 -4.68078 0.0633924 0.00108253 0.997988 295.496 
0.996293 0.000160733 -0.0860226 -2.91058 -0.000269073 0.999999 -0.00124832 -4.69556 0.0860222 0.00126688 0.996292 296.111 
0.993768 0.00140351 -0.111464 -3.00803 -0.00157813 0.999998 -0.00147877 -4.70502 0.111462 0.00164551 0.993767 296.72 
0.990208 0.00234488 -0.139582 -3.12094 -0.0025708 0.999996 -0.00143854 -4.71077 0.139578 0.00178333 0.99021 297.319 
0.985334 0.00334204 -0.170606 -3.24489 -0.00344008 0.999994 -0.00027925 -4.7232 0.170604 0.000862098 0.985339 297.898 
0.978795 0.0031174 -0.204819 -3.38494 -0.0028861 0.999995 0.00142785 -4.73233 0.204822 -0.000806396 0.978799 298.469 
0.970427 0.00305022 -0.241376 -3.53991 -0.00237586 0.999992 0.00308467 -4.74084 0.241383 -0.00241993 0.970427 299.015 
0.96007 0.00423733 -0.279727 -3.70939 -0.00282726 0.999981 0.00544406 -4.75114 0.279745 -0.00443577 0.960064 299.56 
0.947576 0.00568787 -0.319481 -3.896 -0.00337965 0.999964 0.00777874 -4.75864 0.319514 -0.00629116 0.947561 300.084 
0.932835 0.00609022 -0.360253 -4.10191 -0.00274416 0.999948 0.00979873 -4.76992 0.360294 -0.00815196 0.932803 300.595 
0.915636 0.00600212 -0.401963 -4.32227 -0.00154998 0.999934 0.0114003 -4.77669 0.402005 -0.00981541 0.915585 301.093 
0.895537 0.00551082 -0.444953 -4.55463 0.000111844 0.999921 0.0126092 -4.78437 0.444987 -0.0113418 0.895465 301.576 
0.872411 0.00483463 -0.488749 -4.81275 0.00197432 0.999908 0.013415 -4.79154 0.488769 -0.0126683 0.872322 302.039 
0.846317 0.0040651 -0.532664 -5.09406 0.0042374 0.999888 0.0143633 -4.79386 0.532662 -0.014413 0.846205 302.478 
0.816935 0.00424555 -0.576714 -5.38902 0.00600675 0.999856 0.0158693 -4.80038 0.576698 -0.0164283 0.816792 302.898 
0.784747 0.00579333 -0.619789 -5.7294 0.00543083 0.999854 0.0162221 -4.80411 0.619792 -0.0160962 0.784601 303.283 
0.749171 0.00467996 -0.66236 -6.08062 0.00778247 0.999844 0.0158669 -4.79967 0.662331 -0.0170418 0.749018 303.649 
0.70978 0.00375628 -0.704414 -6.44471 0.012187 0.999771 0.0176111 -4.80536 0.704318 -0.0210846 0.709571 303.981 
0.666779 0.00304437 -0.745249 -6.83086 0.018347 0.999622 0.0204986 -4.80169 0.74503 -0.027341 0.666471 304.254 
0.61932 0.00346508 -0.785131 -7.23443 0.0227021 0.999493 0.0223188 -4.79593 0.78481 -0.0316466 0.618928 304.499 
0.568634 0.00723789 -0.822559 -7.6566 0.0218742 0.999475 0.0239162 -4.79222 0.8223 -0.0315923 0.568176 304.713 
0.515649 0.0134869 -0.856694 -8.07787 0.0171175 0.999514 0.0260385 -4.78885 0.856629 -0.0280911 0.515168 304.896 
0.460215 0.0171818 -0.887641 -8.49761 0.0147581 0.999527 0.0269991 -4.77975 0.887685 -0.0255252 0.459744 305.055 
0.402355 0.0194444 -0.915277 -8.90904 0.0140589 0.999525 0.0274144 -4.77484 0.915376 -0.0238981 0.401891 305.196 
0.342895 0.0216526 -0.939124 -9.31132 0.0158073 0.99946 0.0288153 -4.77226 0.939241 -0.0247255 0.342367 305.323 
0.282641 0.024907 -0.958903 -9.71595 0.0179596 0.99935 0.0312512 -4.76776 0.959058 -0.0260543 0.28201 305.425 
0.221529 0.0287395 -0.97473 -10.133 0.0200207 0.999221 0.0340117 -4.76032 0.974948 -0.0270493 0.220781 305.499 
0.157124 0.0320366 -0.987059 -10.5563 0.0224721 0.999099 0.0360046 -4.75291 0.987323 -0.0278385 0.156262 305.554 
0.0913552 0.0358819 -0.995172 -10.9999 0.0229742 0.999009 0.0381292 -4.74125 0.995553 -0.0263465 0.0904403 305.57 
0.0247017 0.0412704 -0.998843 -11.453 0.0248619 0.998813 0.041884 -4.72363 0.999386 -0.0258677 0.0236463 305.553 
-0.0434749 0.0478944 -0.997906 -11.926 0.0264857 0.998554 0.0467716 -4.70682 0.998703 -0.0243968 -0.0446806 305.503 
-0.111561 0.054535 -0.99226 -12.3982 0.0286374 0.998255 0.0516447 -4.6864 0.993345 -0.0226542 -0.112928 305.414 
-0.179279 0.0606611 -0.981926 -12.8769 0.0307353 0.997955 0.0560397 -4.66676 0.983318 -0.020133 -0.180777 305.289 
-0.246006 0.0665822 -0.966979 -13.359 0.0345107 0.997607 0.0599114 -4.64583 0.968654 -0.0186325 -0.247715 305.133 
-0.310963 0.0708402 -0.947778 -13.8453 0.0385997 0.997337 0.06188 -4.62035 0.949638 -0.0173415 -0.312869 304.94 
-0.372837 0.0729665 -0.925023 -14.3203 0.0419551 0.997209 0.0617503 -4.5915 0.926948 -0.0157866 -0.374858 304.707 
-0.431974 0.073231 -0.898908 -14.7945 0.0448732 0.997209 0.0596752 -4.55963 0.900769 -0.0145587 -0.434055 304.438 
-0.487627 0.0731427 -0.869983 -15.2646 0.0470972 0.997237 0.0574434 -4.5261 0.871781 -0.0129627 -0.489725 304.13 
-0.538857 0.0731485 -0.839215 -15.7316 0.0487908 0.997261 0.0555958 -4.49306 0.840983 -0.0109878 -0.54095 303.787 
-0.584954 0.0729625 -0.807778 -16.2019 0.0500302 0.997295 0.0538512 -4.45838 0.809522 -0.00891285 -0.587022 303.407 
-0.625232 0.0736492 -0.776956 -16.6582 0.0509218 0.997266 0.053555 -4.42829 0.778776 -0.00607965 -0.627273 302.993 
-0.662152 0.0773454 -0.745367 -17.1179 0.055232 0.996991 0.0543902 -4.39858 0.747331 -0.00515349 -0.664432 302.549 
-0.698226 0.0847572 -0.710843 -17.5737 0.0635928 0.996384 0.0563396 -4.37036 0.713048 -0.0058667 -0.701091 302.072 
-0.733034 0.0902986 -0.674171 -18.0236 0.0695859 0.995904 0.05773 -4.33733 0.676623 -0.00459474 -0.736315 301.551 
-0.765103 0.092122 -0.637284 -18.4579 0.0724723 0.995744 0.0569308 -4.30645 0.639816 -0.00262746 -0.768523 300.99 
-0.794722 0.088316 -0.600514 -18.8823 0.0714292 0.996091 0.0519629 -4.27122 0.602756 -0.00159813 -0.797924 300.388 
-0.821192 0.0855467 -0.564203 -19.2871 0.0721915 0.99633 0.0459935 -4.24153 0.566067 -0.00296115 -0.824354 299.746 
-0.845254 0.0807665 -0.528225 -19.6611 0.0705767 0.996725 0.0394656 -4.21057 0.529683 -0.0039219 -0.848187 299.067 
-0.867103 0.0783746 -0.491924 -20.0307 0.0705533 0.996912 0.0344679 -4.18606 0.493106 -0.00481955 -0.869956 298.356 
-0.88701 0.0771427 -0.45526 -20.3841 0.0697694 0.997017 0.0330064 -4.16796 0.456448 -0.00248621 -0.889747 297.603 
-0.90554 0.0736297 -0.417823 -20.7156 0.0669158 0.997286 0.0307186 -4.15006 0.41895 -0.000142028 -0.908009 296.811 
-0.922271 0.0732036 -0.379549 -21.0277 0.0675137 0.997317 0.0283001 -4.12977 0.380603 0.000475587 -0.924739 295.989 
-0.93734 0.0754556 -0.340146 -21.3129 0.0703058 0.997148 0.0274583 -4.11238 0.341248 0.00182357 -0.939972 295.133 
-0.950261 0.0790118 -0.301265 -21.565 0.0744092 0.996869 0.0267415 -4.09891 0.302434 0.00299455 -0.953166 294.246 
-0.96145 0.0800691 -0.263065 -21.7874 0.0754031 0.996766 0.0278022 -4.08256 0.26444 0.00689456 -0.964378 293.332 
-0.970725 0.0827467 -0.225492 -21.9807 0.0785024 0.996528 0.02774 -4.06453 0.227005 0.00922619 -0.97385 292.385 
-0.978591 0.0822053 -0.188686 -22.1523 0.0786219 0.996555 0.026411 -4.05101 0.190207 0.0110107 -0.981682 291.404 
-0.984653 0.0808394 -0.154673 -22.2761 0.0783896 0.996683 0.0218824 -4.03419 0.155929 0.00942179 -0.987723 290.405 
