1 2.12261e-08 -2.11895e-08 0 2.12261e-08 1 2.10703e-08 0 -2.11895e-08 2.10703e-08 1 0 
0.999979 0.000485248 -0.00646541 -0.0100168 -0.000483651 1 0.000242006 -0.000165417 0.00646548 -0.000238831 0.999979 0.094351 
0.999908 0.00109215 -0.0135224 -0.0209254 -0.00108951 0.999999 0.000199288 -0.00191609 0.0135225 -0.000184495 0.999909 0.192531 
0.999776 0.00144365 -0.0210974 -0.0334631 -0.00145528 0.999999 -0.000538086 -0.00189436 0.0210965 0.000568711 0.999777 0.293916 
0.999539 0.00190508 -0.0302874 -0.0496947 -0.00196286 0.999996 -0.00187959 -0.00294985 0.0302837 0.00193821 0.99954 0.400522 
0.999124 0.00202313 -0.041794 -0.0679929 -0.00217091 0.999992 -0.00349187 -0.00229144 0.0417866 0.00357959 0.99912 0.520105 
0.998457 0.00186174 -0.0554927 -0.0904889 -0.00210536 0.999988 -0.00433258 -0.00403747 0.055484 0.00444278 0.99845 0.651644 
0.997422 0.00187854 -0.0717332 -0.120126 -0.00219239 0.999988 -0.00429737 -0.00413086 0.0717243 0.0044436 0.997415 0.794977 
0.995909 0.000352064 -0.0903572 -0.154519 -0.000744943 0.99999 -0.00431482 -0.00518577 0.0903548 0.00436453 0.9959 0.950963 
0.993897 -0.000873045 -0.110306 -0.19385 0.000392436 0.99999 -0.00437906 -0.00888092 0.110309 0.0043091 0.993888 1.11644 
0.991177 -0.00100273 -0.132545 -0.242511 0.000388629 0.999989 -0.00465924 -0.0132727 0.132548 0.00456666 0.991166 1.28931 
0.987653 0.00255023 -0.156636 -0.30397 -0.00354726 0.999975 -0.00608627 -0.0172399 0.156617 0.0065668 0.987638 1.46958 
0.983264 0.0068032 -0.182059 -0.375414 -0.00833681 0.999936 -0.00765995 -0.0236412 0.181995 0.00904959 0.983258 1.65592 
0.977852 0.00960885 -0.209077 -0.453371 -0.0116461 0.999896 -0.00851519 -0.0301144 0.208973 0.0107616 0.977862 1.8465 
0.971112 0.0104426 -0.238396 -0.53703 -0.0128776 0.99988 -0.00865911 -0.0334575 0.238277 0.011479 0.971129 2.044 
0.96304 0.0124474 -0.269071 -0.632486 -0.0151986 0.999851 -0.00814381 -0.0372707 0.26893 0.0119323 0.963086 2.24735 
0.953524 0.0142838 -0.300978 -0.739252 -0.0172209 0.999826 -0.00710784 -0.0394572 0.300824 0.0119607 0.953605 2.45318 
0.942181 0.0163289 -0.334707 -0.850882 -0.0194774 0.999792 -0.00605232 -0.039874 0.334538 0.0122216 0.942303 2.66115 
0.929568 0.0185557 -0.368183 -0.97287 -0.02219 0.999738 -0.00563927 -0.0411271 0.367982 0.0134121 0.929736 2.8671 
0.915439 0.0212264 -0.401896 -1.09854 -0.025318 0.999668 -0.0048714 -0.0418966 0.401659 0.0146347 0.915673 3.06732 
0.899124 0.0217202 -0.437155 -1.23505 -0.0262553 0.999646 -0.00433317 -0.0387833 0.436906 0.0153737 0.899376 3.27336 
0.880343 0.0170523 -0.474032 -1.37265 -0.0220529 0.999744 -0.00499155 -0.0373687 0.473825 0.0148481 0.880494 3.47552 
0.858705 0.0117974 -0.512335 -1.52242 -0.0170152 0.99984 -0.00549552 -0.0373943 0.512188 0.0134366 0.858768 3.67826 
0.833181 0.0134789 -0.552837 -1.69237 -0.0176281 0.999842 -0.00218984 -0.0421366 0.55272 0.01157 0.833287 3.8761 
0.803426 0.0188649 -0.595106 -1.8856 -0.0222761 0.999751 0.00161803 -0.0461616 0.594988 0.0119567 0.803646 4.06608 
0.770074 0.0216929 -0.637585 -2.09172 -0.0253361 0.999673 0.00341147 -0.0481658 0.637451 0.0135269 0.770372 4.2507 
0.733239 0.0207451 -0.679655 -2.31017 -0.0245564 0.99969 0.00402117 -0.0473766 0.679528 0.0137414 0.733521 4.43325 
0.692797 0.0166549 -0.72094 -2.54385 -0.0185746 0.999814 0.00524779 -0.0464911 0.720893 0.00975558 0.692978 4.61326 
0.649588 0.013174 -0.760173 -2.79671 -0.0132149 0.999895 0.00603591 -0.0462161 0.760172 0.00612482 0.649693 4.78253 
0.604422 0.0127434 -0.796562 -3.07222 -0.0104403 0.999913 0.00807463 -0.0455863 0.796596 0.00343594 0.604503 4.93733 
0.555794 0.0133681 -0.831212 -3.36563 -0.00803639 0.99991 0.0107076 -0.0420506 0.831281 0.00072878 0.555852 5.08204 
0.504605 0.0140287 -0.863236 -3.67443 -0.0067242 0.999902 0.012319 -0.03688 0.863324 -0.000411604 0.50465 5.20546 
0.451633 0.0155315 -0.892069 -3.9915 -0.00546179 0.999878 0.0146433 -0.0356374 0.892187 -0.00174106 0.451662 5.31188 
0.397075 0.0176187 -0.917617 -4.33697 -0.00439081 0.999841 0.0172974 -0.0294978 0.917776 -0.00283921 0.397089 5.40627 
0.341567 0.0195381 -0.939654 -4.70513 -0.00400718 0.999805 0.0193321 -0.0233376 0.939849 -0.0028378 0.341578 5.48558 
0.286466 0.0225857 -0.957824 -5.08771 -0.00166097 0.999732 0.0230771 -0.0207316 0.958089 -0.00501984 0.286427 5.55277 
0.232733 0.0245568 -0.972231 -5.4792 0.00250574 0.999663 0.0258495 -0.0178705 0.972538 -0.00845213 0.232593 5.60404 
0.181757 0.0250098 -0.983025 -5.8848 0.00532541 0.999637 0.0264171 -0.0139638 0.983329 -0.0100365 0.181558 5.63678 
0.134289 0.0258933 -0.990604 -6.31561 0.00294296 0.999644 0.0265286 -0.00647547 0.990938 -0.00647776 0.134165 5.64653 
0.0918983 0.0261389 -0.995425 -6.755 0.000884487 0.999653 0.0263316 0.00215778 0.995768 -0.00330022 0.0918433 5.6407 
0.0539427 0.0245961 -0.998241 -7.21154 -0.000633571 0.999697 0.0245978 0.0123836 0.998544 -0.00069437 0.053942 5.62666 
0.0194294 0.0218455 -0.999573 -7.6806 0.000476933 0.999761 0.0218589 0.0209911 0.999811 -0.000901393 0.0194144 5.60224 
-0.0121051 0.0192831 -0.999741 -8.16999 0.000775003 0.999814 0.0192751 0.0254532 0.999926 -0.000541432 -0.0121178 5.5698 
-0.0389058 0.0174023 -0.999091 -8.67138 0.000405742 0.999849 0.0173996 0.0301428 0.999243 0.000271615 -0.0389069 5.5239 
-0.059819 0.0149319 -0.998098 -9.1843 -3.49345e-05 0.999888 0.0149608 0.038672 0.998209 0.000929847 -0.0598118 5.46999 
-0.0762555 0.014155 -0.996988 -9.71191 0.000543721 0.9999 0.0141548 0.0480336 0.997088 0.000537336 -0.0762556 5.40862 
-0.0893494 0.0146367 -0.995893 -10.2575 0.00135428 0.999893 0.014574 0.0538243 0.995999 -4.64984e-05 -0.0893596 5.34068 
-0.0990768 0.0157224 -0.994956 -10.814 0.000433295 0.999876 0.0157571 0.0568422 0.99508 0.00113009 -0.0990714 5.26894 
-0.106039 0.0171133 -0.994215 -11.3855 -0.00124149 0.999849 0.0173427 0.0556686 0.994361 0.00307336 -0.106002 5.19102 
-0.110623 0.0180763 -0.993698 -11.9771 -0.00100298 0.999832 0.0182995 0.0616581 0.993862 0.00302105 -0.110586 5.11128 
-0.112101 0.0187553 -0.99352 -12.587 0.00141392 0.999824 0.0187148 0.0710478 0.993696 0.000693224 -0.112108 5.03365 
-0.111196 0.0210206 -0.993576 -13.2038 0.00337472 0.999779 0.0207741 0.0768365 0.993793 -0.001043 -0.111242 4.95689 
-0.11 0.023482 -0.993654 -13.8441 0.00272831 0.999724 0.0233234 0.0821446 0.993928 -0.000145389 -0.110033 4.8774 
-0.108529 0.0233776 -0.993818 -14.4968 0.000659312 0.999725 0.0234445 0.0875626 0.994093 0.00188921 -0.108514 4.7937 
-0.107197 0.0207363 -0.994022 -15.1598 -0.000935856 0.99978 0.0209574 0.0959818 0.994237 0.00317686 -0.107154 4.71141 
-0.106002 0.0204526 -0.994156 -15.8408 -0.00122959 0.999785 0.0206995 0.108083 0.994365 0.00341662 -0.105954 4.62847 
-0.104467 0.0231745 -0.994258 -16.5428 -0.000757569 0.999726 0.0233816 0.121125 0.994528 0.00319587 -0.104421 4.5462 
-0.102514 0.0266699 -0.994374 -17.2625 -0.00184148 0.999634 0.0270008 0.129412 0.99473 0.00459912 -0.102427 4.4562 
-0.100813 0.0288223 -0.994488 -17.9917 -0.00218243 0.999572 0.0291908 0.136926 0.994903 0.00511327 -0.100707 4.37004 
-0.0989344 0.0279967 -0.9947 -18.7356 -0.00385155 0.999586 0.0285173 0.151029 0.995087 0.00665251 -0.0987856 4.27902 
-0.0972033 0.0248313 -0.994955 -19.4874 -0.00624273 0.999654 0.0255585 0.165413 0.995245 0.00869564 -0.0970146 4.18785 
-0.0958128 0.0241918 -0.995105 -20.2577 -0.00702176 0.999663 0.0249787 0.178341 0.995375 0.00938071 -0.0956107 4.09981 
-0.0943857 0.0267143 -0.995177 -21.0385 -0.00443767 0.999619 0.0272544 0.189755 0.995526 0.00698873 -0.0942311 4.01754 
-0.0933481 0.0288783 -0.995215 -21.8342 -0.00216193 0.999571 0.0292075 0.201638 0.995631 0.00487809 -0.0932456 3.93143 
-0.0920243 0.0306076 -0.995286 -22.634 -0.00116629 0.999524 0.0308457 0.212873 0.995756 0.00399939 -0.0919448 3.84246 
-0.0916043 0.0260695 -0.995454 -23.4335 -0.000782108 0.999655 0.0262515 0.220176 0.995795 0.00318335 -0.0915523 3.75647 
-0.0912563 0.019215 -0.995642 -24.2397 0.000654187 0.999815 0.0192356 0.224756 0.995827 0.00110407 -0.091252 3.67018 
-0.0915527 0.0147002 -0.995692 -25.0586 0.0037927 0.999889 0.0144134 0.235153 0.995793 -0.00245673 -0.0915983 3.58617 
-0.0921548 0.0154473 -0.995625 -25.8889 0.00503248 0.999874 0.0150475 0.243927 0.995732 -0.00362372 -0.0922209 3.4982 
-0.0923753 0.0229166 -0.995461 -26.7313 0.00456153 0.999734 0.0225917 0.246936 0.995714 -0.00245387 -0.0924553 3.40501 
-0.0926632 0.0299378 -0.995247 -27.5813 0.00327839 0.999552 0.029762 0.257215 0.995692 -0.000504923 -0.0927198 3.30702 
-0.0930595 0.0352161 -0.995038 -28.425 0.00126933 0.999378 0.035251 0.26666 0.99566 0.00201745 -0.0930463 3.21066 
-0.0935574 0.0354553 -0.994982 -29.2686 -0.00034771 0.999365 0.0356441 0.278822 0.995614 0.00368078 -0.0934856 3.11221 
-0.0940173 0.0321208 -0.995052 -30.104 -0.000366555 0.999478 0.0322983 0.290576 0.995571 0.00340138 -0.0939564 3.01925 
-0.0945743 0.0292943 -0.995087 -30.9398 -0.000406735 0.999566 0.0294648 0.306646 0.995518 0.00319139 -0.0945214 2.92579 
-0.0948973 0.0304875 -0.99502 -31.7803 -0.00178626 0.999524 0.0307959 0.320466 0.995486 0.00469985 -0.0947977 2.8321 
-0.0948607 0.0327757 -0.994951 -32.6197 -0.00238475 0.999448 0.0331512 0.330834 0.995488 0.0055175 -0.0947301 2.73634 
-0.094765 0.031141 -0.995013 -33.456 -0.00321758 0.999496 0.0315878 0.340119 0.995495 0.00619498 -0.094617 2.63756 
-0.094496 0.0260331 -0.995185 -34.2795 -0.00401832 0.99964 0.0265312 0.350199 0.995517 0.0065061 -0.0943574 2.54706 
-0.0943173 0.0218179 -0.995303 -35.1136 -0.00523533 0.999735 0.0224112 0.360732 0.995528 0.00732454 -0.0941781 2.44743 
-0.0938217 0.0225526 -0.995334 -35.9491 -0.00463702 0.999723 0.0230892 0.368328 0.995578 0.00678169 -0.0936911 2.35201 
-0.0934877 0.0250316 -0.995306 -36.7861 -0.00341111 0.99967 0.0254618 0.374877 0.995615 0.0057755 -0.0933715 2.26132 
-0.0929482 0.0298536 -0.995223 -37.6313 -0.00312456 0.999537 0.0302748 0.385374 0.995666 0.00592366 -0.0928119 2.16496 
-0.0925801 0.0353827 -0.995076 -38.4712 -0.00207897 0.999359 0.0357284 0.399408 0.995703 0.00537652 -0.0924473 2.07628 
-0.0928218 0.0387069 -0.99493 -39.3125 -0.00224988 0.999233 0.0390842 0.411501 0.99568 0.00586637 -0.0926636 1.9844 
-0.0924394 0.0384827 -0.994974 -40.1474 -0.00186989 0.999244 0.0388216 0.429054 0.995717 0.00544918 -0.0922976 1.88924 
-0.0924237 0.0338416 -0.995145 -40.976 -0.00169688 0.999416 0.0341444 0.448955 0.995718 0.00484444 -0.0923122 1.79645 
-0.0921599 0.0295577 -0.995305 -41.8018 -0.00265354 0.999549 0.0299294 0.460227 0.995741 0.00539941 -0.0920399 1.70318 
-0.0920817 0.0266473 -0.995395 -42.6295 -0.00650128 0.999605 0.0273615 0.472201 0.99573 0.00899087 -0.0918721 1.60494 
-0.0926009 0.0246786 -0.995397 -43.4595 -0.00967012 0.999623 0.0256829 0.482984 0.995656 0.0120039 -0.0923274 1.50516 
-0.0932767 0.0228947 -0.995377 -44.2885 -0.00745624 0.999692 0.0236926 0.486364 0.995612 0.00963178 -0.0930772 1.41236 
-0.0944608 0.0193638 -0.99534 -45.1153 -0.00401458 0.999795 0.0198314 0.490495 0.995521 0.00586921 -0.0943637 1.32363 
-0.0953417 0.017898 -0.995284 -45.9395 0.000350629 0.999839 0.0179463 0.499044 0.995445 0.0013621 -0.0953326 1.23411 
-0.0974784 0.0213362 -0.995009 -46.7658 0.000915481 0.999772 0.0213486 0.504086 0.995237 0.00117016 -0.0974756 1.13841 
-0.0994637 0.0277076 -0.994655 -47.5918 0.00350547 0.999616 0.0274952 0.505636 0.995035 -0.000751912 -0.0995227 1.04592 
-0.101462 0.0315494 -0.994339 -48.4118 0.00550856 0.9995 0.0311511 0.51081 0.994824 -0.00231671 -0.101585 0.951121 
-0.103069 0.030613 -0.994203 -49.2198 0.00548855 0.999529 0.0302079 0.519745 0.994659 -0.00234318 -0.103189 0.853955 
-0.104228 0.0266125 -0.994197 -50.0196 0.00227344 0.999646 0.02652 0.525171 0.994551 0.000503909 -0.104251 0.749946 
-0.1055 0.0227926 -0.994158 -50.8148 -0.00245706 0.999728 0.023181 0.532665 0.994416 0.00488833 -0.105415 0.642707 
-0.107026 0.021151 -0.994031 -51.6099 -0.00660898 0.999737 0.021984 0.538195 0.994234 0.00892244 -0.106858 0.534491 
-0.108175 0.0223287 -0.993881 -52.4036 -0.00802048 0.999696 0.0233323 0.541125 0.9941 0.0104954 -0.107963 0.431094 
-0.109394 0.0238216 -0.993713 -53.1907 -0.0077902 0.999662 0.0248218 0.544475 0.993968 0.0104566 -0.109171 0.332145 
-0.110513 0.0233477 -0.9936 -53.9708 -0.00942406 0.999655 0.0245381 0.548644 0.99383 0.0120756 -0.110255 0.229249 
-0.111079 0.0233129 -0.993538 -54.7537 -0.0102718 0.999645 0.0246046 0.549033 0.993759 0.0129385 -0.1108 0.120593 
-0.111598 0.0251087 -0.993436 -55.5292 -0.00853097 0.99962 0.0262233 0.556468 0.993717 0.0114015 -0.111342 0.0188563 
-0.111932 0.0279503 -0.993323 -56.3031 -0.00762198 0.999551 0.0289845 0.565027 0.993687 0.0108154 -0.111669 -0.0819167 
-0.11218 0.0322153 -0.993166 -57.0693 -0.00767437 0.999416 0.0332849 0.571375 0.993658 0.0113559 -0.111868 -0.183064 
-0.112886 0.0343821 -0.993013 -57.8339 -0.00758616 0.999342 0.0354637 0.579244 0.993579 0.0115366 -0.112551 -0.284167 
-0.113796 0.0344276 -0.992907 -58.5896 -0.00715737 0.999345 0.0354711 0.588286 0.993478 0.0111431 -0.113475 -0.383526 
-0.11428 0.0324878 -0.992917 -59.3381 -0.00624166 0.999422 0.033419 0.599103 0.993429 0.0100166 -0.114012 -0.48274 
-0.114769 0.0289554 -0.99297 -60.0727 -0.00580752 0.999539 0.0298182 0.606799 0.993375 0.00918895 -0.114548 -0.57843 
-0.114736 0.0261481 -0.993052 -60.7971 -0.00609639 0.999616 0.0270253 0.61103 0.993377 0.00915484 -0.114532 -0.675338 
-0.113781 0.0238567 -0.993219 -61.5072 -0.00671063 0.99967 0.0247804 0.616696 0.993483 0.00948472 -0.113584 -0.767889 
-0.111633 0.0230713 -0.993482 -62.206 -0.00887961 0.999667 0.0242127 0.619597 0.99371 0.0115247 -0.111391 -0.86341 
-0.107772 0.0238658 -0.993889 -62.8913 -0.0090818 0.999647 0.0249889 0.623456 0.994134 0.0117195 -0.107517 -0.950126 
-0.10222 0.0255055 -0.994435 -63.5604 -0.00823131 0.999615 0.0264845 0.626503 0.994728 0.0108928 -0.10197 -1.02612 
-0.0951322 0.0269092 -0.995101 -64.2169 -0.00715332 0.99959 0.0277145 0.632873 0.995439 0.00975485 -0.0949008 -1.09796 
-0.0862562 0.0282039 -0.995874 -64.8571 -0.00814193 0.999546 0.0290131 0.635522 0.99624 0.0106109 -0.0859874 -1.16709 
-0.0746026 0.0298716 -0.996766 -65.4798 -0.010243 0.999476 0.0307194 0.638785 0.997161 0.0125016 -0.0742575 -1.22431 
-0.0597498 0.0312586 -0.997724 -66.0877 -0.0132527 0.999397 0.0321047 0.6456 0.998125 0.0151408 -0.0592995 -1.27111 
-0.0414873 0.0324231 -0.998613 -66.6766 -0.0147531 0.999345 0.0330598 0.653015 0.99903 0.0161042 -0.0409818 -1.29734 
-0.0194757 0.0331341 -0.999261 -67.2427 -0.0156023 0.999319 0.0334401 0.659189 0.999689 0.0162421 -0.0189455 -1.30468 
0.00593469 0.0335768 -0.999419 -67.7842 -0.0151114 0.999325 0.0334839 0.662523 0.999868 0.0149039 0.00643808 -1.2927 
0.0351336 0.0331613 -0.998832 -68.3007 -0.0136125 0.999373 0.0327004 0.668474 0.99929 0.0124477 0.035563 -1.258 
0.069191 0.0331216 -0.997053 -68.7957 -0.012276 0.999401 0.0323477 0.676145 0.997528 0.0100017 0.0695562 -1.20528 
0.106987 0.033346 -0.993701 -69.27 -0.0116382 0.999411 0.0322846 0.68243 0.994192 0.00811088 0.107312 -1.13493 
0.147854 0.0329141 -0.988461 -69.7266 -0.0113886 0.999437 0.031576 0.690104 0.988944 0.0065886 0.148145 -1.0432 
0.193169 0.0339754 -0.980577 -70.1753 -0.0102833 0.999416 0.0326024 0.693265 0.981112 0.00378582 0.193406 -0.929757 
0.241917 0.0326917 -0.969746 -70.6044 -0.00704472 0.999465 0.0319362 0.696156 0.970271 -0.000894276 0.242018 -0.795668 
0.292447 0.0280439 -0.95587 -71.0083 0.000685099 0.999564 0.0295353 0.696688 0.956281 -0.00929235 0.292301 -0.637059 
0.344255 0.0229196 -0.938597 -71.3974 0.00577674 0.999631 0.0265287 0.698703 0.938859 -0.0145546 0.343995 -0.457662 
0.397198 0.018213 -0.917552 -71.7767 0.0108308 0.99964 0.024531 0.705926 0.917669 -0.0196814 0.396858 -0.259312 
0.449182 0.0178409 -0.893262 -72.1526 0.0103295 0.99963 0.0251596 0.712966 0.893381 -0.0205281 0.448831 -0.0475217 
0.498261 0.0166252 -0.866868 -72.5165 0.0117145 0.999596 0.0259041 0.719983 0.866948 -0.0230619 0.497865 0.187875 
0.543832 0.0126638 -0.839099 -72.8532 0.0192076 0.999436 0.0275323 0.723801 0.838975 -0.0310899 0.543282 0.45146 
0.588203 0.00634182 -0.808688 -73.1683 0.0296133 0.99913 0.0293746 0.725866 0.808171 -0.0412261 0.587503 0.737841 
0.631616 0.00147287 -0.77528 -73.4753 0.0307615 0.999163 0.0269593 0.727125 0.774671 -0.0408767 0.631042 1.02498 
0.673802 -0.00331128 -0.738905 -73.7706 0.0273733 0.999415 0.0204827 0.731265 0.738405 -0.0340275 0.673498 1.31983 
0.715319 -0.0100514 -0.698726 -74.052 0.0234364 0.999679 0.00961217 0.737316 0.698405 -0.0232514 0.715325 1.6344 
0.755577 -0.0131743 -0.654927 -74.3263 0.018723 0.999824 0.00148823 0.742724 0.654792 -0.0133866 0.755691 1.97652 
0.793606 -0.0140552 -0.608269 -74.5865 0.0169832 0.999855 -0.000945634 0.741655 0.608194 -0.00957983 0.79373 2.3469 
0.828518 -0.0157012 -0.559743 -74.843 0.0171817 0.999849 -0.00261455 0.745335 0.559699 -0.00745109 0.828662 2.75829 
0.859913 -0.0142016 -0.510243 -75.0674 0.0138871 0.999894 -0.00442616 0.739189 0.510251 -0.00327964 0.860019 3.17264 
0.886643 -0.0125059 -0.462285 -75.2862 0.0127453 0.999915 -0.00260525 0.732116 0.462278 -0.00358197 0.886728 3.62838 
0.908474 -0.00609728 -0.417896 -75.4919 0.0060854 0.999981 -0.00136102 0.724681 0.417896 -0.00130656 0.908494 4.10328 
0.926496 -0.00199118 -0.376298 -75.6877 0.000969511 0.999995 -0.00290449 0.722773 0.376302 0.00232623 0.926494 4.60356 
0.940417 0.00310112 -0.340009 -75.8719 -0.00377849 0.999992 -0.00133025 0.717677 0.340002 0.00253575 0.940421 5.12728 
0.950811 0.00378487 -0.309748 -76.0471 -0.00370446 0.999993 0.0008477 0.709769 0.309749 0.000341493 0.950818 5.67888 
0.95843 0.00322362 -0.285309 -76.2087 -0.00260647 0.999993 0.00254269 0.704349 0.285315 -0.00169329 0.958432 6.25548 
0.964456 0.00352321 -0.264219 -76.3666 -0.00238663 0.999987 0.00462238 0.700976 0.264232 -0.00382744 0.964452 6.84107 
0.969283 0.00579467 -0.24588 -76.5252 -0.00414764 0.999965 0.00721571 0.698673 0.245913 -0.0059742 0.969273 7.45114 
0.973006 0.0106134 -0.230534 -76.6866 -0.00885569 0.999923 0.00865797 0.699953 0.230608 -0.00638268 0.973026 8.07864 
0.976004 0.0143234 -0.217281 -76.8387 -0.0124414 0.999872 0.0100273 0.695843 0.217397 -0.00708332 0.976058 8.71861 
0.978869 0.0130505 -0.204074 -76.9805 -0.0112807 0.999888 0.00983291 0.694674 0.204179 -0.00732298 0.978906 9.37343 
0.981587 0.0130583 -0.190568 -77.1108 -0.0114534 0.999889 0.0095203 0.692936 0.190671 -0.0071623 0.981628 10.0465 
0.984299 0.0132388 -0.176013 -77.239 -0.0116489 0.999882 0.010063 0.696098 0.176125 -0.00785456 0.984336 10.738 
0.986677 0.0145943 -0.162036 -77.3599 -0.013032 0.999858 0.0107001 0.692295 0.162169 -0.00844584 0.986727 11.4356 
0.988658 0.0147642 -0.149454 -77.4741 -0.0137191 0.999874 0.00802129 0.686617 0.149554 -0.0058799 0.988736 12.1486 
0.990252 0.0152937 -0.138448 -77.5862 -0.0150516 0.999883 0.00279554 0.678224 0.138474 -0.000684382 0.990366 12.8634 
0.991566 0.0134465 -0.128903 -77.6912 -0.0140089 0.999896 -0.0034572 0.676921 0.128843 0.00523388 0.991651 13.6039 
0.992596 0.0133042 -0.120729 -77.7925 -0.0138492 0.999897 -0.00367607 0.673958 0.120667 0.00532089 0.992679 14.356 
0.993363 0.0152524 -0.114009 -77.8944 -0.0150487 0.999883 0.00264685 0.663589 0.114036 -0.000913549 0.993476 15.1179 
0.993831 0.0199744 -0.109096 -77.9945 -0.0189129 0.999763 0.0107557 0.653728 0.109285 -0.00862594 0.993973 15.8877 
0.994267 0.0205777 -0.104924 -78.088 -0.0191559 0.999711 0.0145403 0.647128 0.105193 -0.012447 0.994374 16.6561 
0.994645 0.0193715 -0.10152 -78.1789 -0.0180989 0.999746 0.0134418 0.64416 0.101755 -0.0115323 0.994743 17.4226 
0.994967 0.0192269 -0.0983404 -78.2716 -0.0180772 0.999758 0.0125692 0.639865 0.0985582 -0.0107282 0.995073 18.192 
0.995279 0.0177733 -0.0954113 -78.3578 -0.0164369 0.999756 0.0147739 0.638326 0.0956506 -0.0131359 0.995328 18.9617 
0.995548 0.0159011 -0.0929105 -78.4387 -0.0143548 0.999748 0.0172872 0.634737 0.0931619 -0.0158764 0.995524 19.7294 
0.995848 0.0139559 -0.0899521 -78.5169 -0.01229 0.999743 0.0190476 0.630794 0.0901947 -0.017863 0.995764 20.4948 
0.996088 0.0133392 -0.0873549 -78.5948 -0.0120259 0.999807 0.0155431 0.625685 0.0875453 -0.0144317 0.996056 21.2523 
0.996191 0.0159033 -0.0857359 -78.676 -0.015254 0.99985 0.00822291 0.621167 0.0858538 -0.00688373 0.996284 22.0049 
0.996325 0.0163406 -0.0840779 -78.7557 -0.0163525 0.999866 0.000546973 0.613522 0.0840755 0.000829963 0.996459 22.7584 
0.996413 0.017404 -0.0828123 -78.8315 -0.0177507 0.999837 -0.00345284 0.600876 0.0827386 0.00491048 0.996559 23.5077 
0.996569 0.0189048 -0.0805789 -78.9108 -0.0190906 0.999817 -0.00153673 0.585845 0.080535 0.00306979 0.996747 24.2616 
0.9967 0.0222371 -0.0780728 -78.9928 -0.0221255 0.999753 0.00229275 0.572173 0.0781045 -0.000557733 0.996945 25.0189 
0.996783 0.025625 -0.0759351 -79.0714 -0.0251301 0.999656 0.00746631 0.558211 0.0761003 -0.005534 0.997085 25.78 
0.997029 0.0231481 -0.0734673 -79.1379 -0.0225232 0.999703 0.00932194 0.551974 0.0736612 -0.00763948 0.997254 26.5378 
0.997177 0.0201903 -0.0723224 -79.2023 -0.0195794 0.999767 0.00914662 0.543791 0.0724901 -0.00770473 0.997339 27.2909 
0.997285 0.0185108 -0.0712768 -79.2659 -0.0178913 0.999797 0.00931991 0.533682 0.0714348 -0.00801933 0.997413 28.0418 
0.997377 0.0179638 -0.0701216 -79.3353 -0.0174901 0.99982 0.00736209 0.529628 0.0702412 -0.0061163 0.997511 28.795 
0.997461 0.0160314 -0.069393 -79.3998 -0.0156435 0.999859 0.00612887 0.524758 0.0694814 -0.00502772 0.997571 29.5529 
0.997519 0.014979 -0.0687889 -79.4645 -0.0145855 0.999874 0.00621823 0.517697 0.0688733 -0.00519943 0.997612 30.3144 
0.997513 0.0178854 -0.0681764 -79.5354 -0.0174372 0.999822 0.00716417 0.511857 0.0682923 -0.00595751 0.997648 31.0846 
0.997525 0.0173212 -0.0681486 -79.6042 -0.0169319 0.999837 0.00628484 0.504544 0.0682463 -0.00511536 0.997655 31.8652 
0.997411 0.0168809 -0.0699048 -79.6707 -0.0164851 0.999845 0.00623562 0.49682 0.0699991 -0.00506704 0.997534 32.64 
0.997309 0.0144722 -0.0718768 -79.7397 -0.0140292 0.999879 0.00666398 0.492475 0.0719645 -0.00563763 0.997391 33.4257 
0.997056 0.0161716 -0.0749504 -79.8182 -0.0157275 0.999855 0.00651145 0.486006 0.0750448 -0.00531345 0.997166 34.2107 
0.996786 0.0196888 -0.0776491 -79.9021 -0.0192771 0.999796 0.00604801 0.479903 0.0777523 -0.00453168 0.996962 34.9997 
0.99658 0.0200901 -0.0801511 -79.987 -0.0200613 0.999798 0.00116304 0.471709 0.0801582 0.000448916 0.996782 35.7965 
0.996353 0.0206456 -0.0827953 -80.069 -0.0209048 0.999779 -0.0022654 0.462724 0.0827302 0.003988 0.996564 36.5998 
0.996197 0.0195617 -0.0849061 -80.1541 -0.0199542 0.999794 -0.00377697 0.451903 0.0848146 0.00545688 0.996382 37.4151 
0.996022 0.0198212 -0.0868722 -80.2442 -0.0200898 0.999796 -0.00221947 0.437649 0.0868105 0.00395593 0.996217 38.2369 
0.995845 0.0183996 -0.0891888 -80.3311 -0.0186046 0.999826 -0.00146806 0.424754 0.0891463 0.00312132 0.996014 39.0661 
0.995698 0.0176851 -0.0909587 -80.4208 -0.0177377 0.999843 0.000229771 0.41565 0.0909484 0.00138466 0.995855 39.8969 
0.995585 0.0172659 -0.0922621 -80.515 -0.0169689 0.999848 0.00400287 0.405075 0.0923172 -0.00241957 0.995727 40.7363 
0.995506 0.0172203 -0.0931226 -80.61 -0.0164793 0.999826 0.00872004 0.398133 0.0932565 -0.00714621 0.995617 41.5905 
0.995567 0.0170748 -0.0924897 -80.7047 -0.0161329 0.99981 0.0109216 0.390773 0.0926586 -0.00938099 0.995654 42.4424 
0.995691 0.0202276 -0.0905045 -80.8024 -0.0193199 0.999754 0.0108941 0.387733 0.0907025 -0.00909855 0.995837 43.2978 
0.995847 0.0202451 -0.0887658 -80.8957 -0.0194669 0.999764 0.00962318 0.384488 0.0889397 -0.00785518 0.996006 44.1579 
0.996032 0.0176768 -0.0872241 -80.9855 -0.0170905 0.999826 0.00746322 0.377568 0.0873408 -0.00594285 0.996161 45.0231 
0.996242 0.0137585 -0.0855192 -81.0691 -0.0133019 0.999894 0.00590611 0.370736 0.0855914 -0.00474629 0.996319 45.8912 
0.996421 0.0126011 -0.0835828 -81.1575 -0.0121735 0.99991 0.00562347 0.365638 0.0836461 -0.0045858 0.996485 46.7605 
0.996513 0.0102351 -0.0828086 -81.2423 -0.00959677 0.999921 0.00810254 0.356313 0.082885 -0.00727955 0.996533 47.6353 
0.996604 0.0073272 -0.0820194 -81.323 -0.00646144 0.999921 0.0108156 0.346807 0.0820921 -0.0102488 0.996572 48.5093 
0.996671 0.00697848 -0.0812285 -81.4099 -0.00610348 0.999921 0.0110148 0.34061 0.0812988 -0.0104823 0.996635 49.3822 
0.996758 0.00818361 -0.0800422 -81.4989 -0.00757473 0.99994 0.00790712 0.32929 0.080102 -0.00727514 0.99676 50.2478 
0.996781 0.0106871 -0.0794542 -81.5872 -0.0105624 0.999942 0.00198897 0.3206 0.0794708 -0.0011433 0.996837 51.1085 
0.996836 0.012231 -0.0785377 -81.673 -0.0125353 0.999916 -0.00338336 0.305502 0.0784897 0.0043572 0.996905 51.9677 
0.996832 0.016818 -0.0777331 -81.7633 -0.0175789 0.999804 -0.00911533 0.285857 0.0775645 0.010453 0.996933 52.8176 
0.996934 0.0168973 -0.0764033 -81.8485 -0.017713 0.999793 -0.0100119 0.265113 0.0762183 0.0113346 0.997027 53.6659 
0.996977 0.0138826 -0.0764521 -81.9238 -0.014232 0.999891 -0.004028 0.249699 0.0763878 0.00510394 0.997065 54.5223 
0.996939 0.0132735 -0.0770498 -82.0048 -0.0129086 0.999903 0.00523142 0.230469 0.0771117 -0.00422076 0.997014 55.3785 
0.996856 0.0121953 -0.0782919 -82.0869 -0.0112011 0.999851 0.0131252 0.213945 0.0784403 -0.0122069 0.996844 56.2334 
0.996694 0.010417 -0.0805722 -82.171 -0.00957221 0.999895 0.0108636 0.207717 0.0806769 -0.0100564 0.99669 57.0812 
0.996581 0.00521681 -0.0824613 -82.2473 -0.00462173 0.999962 0.00740525 0.200603 0.0824967 -0.00699877 0.996567 57.9141 
0.996373 0.00369445 -0.0850165 -82.3314 -0.00319856 0.999977 0.00596785 0.18935 0.0850366 -0.00567423 0.996362 58.7443 
0.996121 0.00590874 -0.0877957 -82.4235 -0.00560782 0.999978 0.00367332 0.176153 0.0878154 -0.00316669 0.996132 59.5717 
0.995814 0.00751058 -0.0910907 -82.5186 -0.00751958 0.999972 0.000244023 0.163729 0.09109 0.000442006 0.995843 60.3933 
0.995444 0.00814708 -0.0949959 -82.6148 -0.00848619 0.999959 -0.00316672 0.150481 0.0949662 0.00395849 0.995473 61.2089 
0.995126 0.0100673 -0.0980999 -82.7138 -0.0108159 0.999916 -0.00710301 0.132375 0.0980202 0.00812947 0.995151 62.0192 
0.994752 0.0145572 -0.101276 -82.8209 -0.0153585 0.999857 -0.00713711 0.112462 0.101157 0.00865513 0.994833 62.8265 
0.99434 0.0181855 -0.104679 -82.9296 -0.0188586 0.999807 -0.00544403 0.0977315 0.104559 0.00738735 0.994491 63.6298 
0.993869 0.0210162 -0.108553 -83.0387 -0.0211083 0.999777 0.000300377 0.0815976 0.108535 0.00199287 0.994091 64.4322 
0.993408 0.0216932 -0.11256 -83.1495 -0.0211546 0.999758 0.00597733 0.0658215 0.112662 -0.00355673 0.993627 65.2301 
0.992845 0.0207482 -0.117595 -83.2588 -0.019769 0.99976 0.00948712 0.0560162 0.117764 -0.00709446 0.993016 66.0236 
0.992077 0.020499 -0.123948 -83.3743 -0.0193408 0.999757 0.0105396 0.0489304 0.124134 -0.0080588 0.992233 66.8078 
0.991394 0.018467 -0.129604 -83.4918 -0.0167579 0.999758 0.0142655 0.0423441 0.129836 -0.0119708 0.991463 67.5891 
0.990495 0.0185839 -0.136289 -83.6122 -0.0168383 0.999761 0.0139494 0.0366855 0.136516 -0.0115219 0.990571 68.3629 
0.989564 0.0235375 -0.142157 -83.7503 -0.0219133 0.999676 0.0129799 0.0310354 0.142416 -0.00972925 0.989759 69.1354 
0.988621 0.0256069 -0.14823 -83.8875 -0.0245107 0.999657 0.00921766 0.0261333 0.148415 -0.00547952 0.98891 69.901 
0.987721 0.0240814 -0.154359 -84.0218 -0.0233721 0.999706 0.00640869 0.0204289 0.154468 -0.00272226 0.987994 70.6665 
0.986854 0.0253879 -0.159609 -84.1653 -0.0248865 0.999677 0.00513954 0.0124765 0.159688 -0.00109983 0.987167 71.4384 
0.986056 0.0275545 -0.164118 -84.3161 -0.0262621 0.999605 0.0100399 0.0101649 0.16433 -0.00558982 0.98639 72.202 
0.985008 0.0282378 -0.170185 -84.4692 -0.026198 0.999556 0.0142198 0.00587611 0.170511 -0.00954809 0.98531 72.9662 
0.983929 0.0273858 -0.176449 -84.6205 -0.0248926 0.999557 0.016328 -0.00163803 0.176818 -0.0116732 0.984174 73.7237 
0.982721 0.024836 -0.183418 -84.7773 -0.0229421 0.999659 0.0124403 -0.00428833 0.183665 -0.00801729 0.982956 74.4694 
0.981177 0.0232041 -0.19171 -84.9408 -0.0226155 0.99973 0.0052578 -0.00517794 0.19178 -0.000823175 0.981438 75.2084 
0.9794 0.0207133 -0.200864 -85.1074 -0.0204388 0.999785 0.00344034 -0.0120195 0.200892 0.000736006 0.979613 75.9478 
0.977186 0.0204104 -0.211401 -85.2895 -0.0194977 0.999789 0.00640119 -0.0209584 0.211487 -0.00213327 0.977378 76.6886 
0.974751 0.0203396 -0.222366 -85.4757 -0.0180437 0.999761 0.0123516 -0.021125 0.222564 -0.00802739 0.974885 77.4243 
0.971947 0.0220854 -0.234159 -85.6759 -0.0178802 0.999639 0.0200666 -0.0245859 0.234518 -0.0153168 0.971991 78.157 
0.969217 0.0229518 -0.245134 -85.883 -0.017706 0.999565 0.0235822 -0.0277914 0.245569 -0.0185159 0.969202 78.8804 
0.966235 0.02596 -0.256351 -86.1005 -0.021771 0.999579 0.0191655 -0.0350573 0.256741 -0.0129373 0.966394 79.5908 
0.963024 0.0250072 -0.268253 -86.3205 -0.0231907 0.999682 0.00993853 -0.0361818 0.268416 -0.00335003 0.963297 80.2923 
0.959603 0.0225407 -0.280455 -86.5483 -0.0220464 0.999745 0.00491776 -0.0330099 0.280494 0.00146396 0.959855 80.9993 
0.956005 0.0213871 -0.292571 -86.7843 -0.0194055 0.999765 0.00967372 -0.0311445 0.292709 -0.00357056 0.956195 81.7162 
0.952428 0.0227284 -0.303914 -87.0348 -0.0183644 0.999683 0.01721 -0.0379989 0.304209 -0.0108101 0.952544 82.4356 
0.948591 0.0226731 -0.315691 -87.2941 -0.0163788 0.999611 0.022577 -0.0395591 0.31608 -0.0162457 0.948594 83.1463 
0.944392 0.0203651 -0.328189 -87.5597 -0.0143947 0.999684 0.0206112 -0.036594 0.328505 -0.0147408 0.944387 83.8506 
0.940415 0.018435 -0.339529 -87.829 -0.0138316 0.999777 0.0159734 -0.0346746 0.339748 -0.0103253 0.94046 84.5515 
0.937205 0.0143725 -0.348484 -88.1082 -0.0119167 0.999887 0.00918964 -0.0383831 0.348576 -0.00445974 0.93727 85.2482 
0.934325 0.0101355 -0.356278 -88.3903 -0.00960075 0.999949 0.00326909 -0.0427425 0.356293 0.00036619 0.934374 85.9494 
0.931588 0.00994782 -0.36338 -88.6843 -0.0102392 0.999947 0.00112428 -0.0470179 0.363372 0.0026734 0.93164 86.6487 
0.928428 0.0151295 -0.371204 -88.9871 -0.0158546 0.999874 0.0010984 -0.0583118 0.371174 0.00486556 0.928551 87.3431 
0.925232 0.0150001 -0.379104 -89.293 -0.0148451 0.999884 0.00333198 -0.0677662 0.37911 0.00254503 0.925348 88.0445 
0.921935 0.015684 -0.387028 -89.6025 -0.0128607 0.999868 0.00988344 -0.0699667 0.387132 -0.00413437 0.922015 88.7482 
0.919038 0.0176811 -0.393772 -89.9167 -0.0115196 0.999772 0.0180056 -0.0707142 0.394 -0.0120117 0.919032 89.4493 
0.916313 0.0275284 -0.399516 -90.25 -0.0191919 0.999507 0.0248528 -0.0775374 0.400003 -0.0151054 0.916389 90.1433 
0.913598 0.0339769 -0.405196 -90.5858 -0.0275875 0.999386 0.0215995 -0.0763537 0.405681 -0.00855488 0.913975 90.8254 
0.91113 0.030216 -0.41101 -90.9144 -0.0268338 0.999542 0.0139972 -0.0734219 0.411244 -0.00172422 0.911524 91.5108 
0.909119 0.0224482 -0.41593 -91.2406 -0.0216626 0.999744 0.00660805 -0.0723513 0.415972 0.00300268 0.909373 92.1982 
0.907432 0.0231351 -0.419561 -91.5817 -0.0227184 0.999724 0.00599027 -0.0741238 0.419584 0.00409602 0.907707 92.8866 
0.905141 0.0290854 -0.424116 -91.9355 -0.0269328 0.999576 0.0110702 -0.0773366 0.424258 0.00140257 0.90554 93.5822 
0.902546 0.0312644 -0.429458 -92.2853 -0.0273055 0.999509 0.0153788 -0.0816976 0.429728 -0.00215348 0.902956 94.2801 
0.900188 0.0277769 -0.434615 -92.6315 -0.024342 0.999613 0.0134689 -0.0886928 0.43482 -0.00154511 0.900516 94.9716 
0.897757 0.0257655 -0.439736 -92.9847 -0.0252312 0.999657 0.00706128 -0.0929891 0.439767 0.0047558 0.898099 95.6558 
0.895524 0.0231722 -0.44441 -93.3453 -0.0255839 0.999673 0.000570574 -0.0977484 0.444278 0.0108589 0.895823 96.3382 
0.893158 0.0239805 -0.449104 -93.714 -0.0272282 0.999629 -0.000773676 -0.104739 0.448919 0.0129194 0.893479 97.0241 
0.891064 0.0268794 -0.453081 -94.0831 -0.0282948 0.999593 0.00365483 -0.118444 0.452994 0.00956319 0.891462 97.7117 
0.888949 0.02857 -0.457115 -94.4552 -0.029175 0.999558 0.00573657 -0.127577 0.457077 0.00823686 0.889389 98.3909 
0.886592 0.0295051 -0.46161 -94.8317 -0.0299152 0.999532 0.00643113 -0.136882 0.461583 0.00810741 0.88706 99.0695 
0.884295 0.0276903 -0.466107 -95.2046 -0.0282379 0.999584 0.00581019 -0.148465 0.466074 0.00802401 0.884709 99.744 
0.882132 0.0259034 -0.47029 -95.5775 -0.0266154 0.999633 0.00513635 -0.156825 0.47025 0.00798607 0.882497 100.413 
0.87992 0.0254404 -0.47444 -95.9553 -0.0258433 0.99965 0.00567279 -0.164566 0.474419 0.00726955 0.880269 101.08 
0.877539 0.0267343 -0.47876 -96.3366 -0.0270447 0.999615 0.00624765 -0.173502 0.478742 0.00746543 0.877924 101.739 
0.875248 0.0271161 -0.482914 -96.7197 -0.0275535 0.999601 0.0061897 -0.183649 0.48289 0.00788852 0.875646 102.395 
0.872739 0.0241222 -0.487591 -97.0964 -0.0264687 0.999648 0.00207826 -0.193636 0.487469 0.0110922 0.87307 103.048 
0.870343 0.0208822 -0.492002 -97.4727 -0.025262 0.999678 -0.00225848 -0.207675 0.491797 0.0143947 0.870591 103.687 
0.868219 0.0193803 -0.495802 -97.853 -0.0251506 0.999671 -0.00496641 -0.217825 0.495543 0.0167817 0.868421 104.322 
0.866237 0.0210052 -0.499192 -98.2357 -0.0249122 0.999689 -0.00116444 -0.227414 0.499012 0.0134447 0.866491 104.955 
0.864288 0.0251994 -0.502366 -98.6201 -0.0247417 0.999665 0.00757814 -0.238106 0.502388 0.00587973 0.864622 105.586 
0.862753 0.0269653 -0.504907 -99.0016 -0.0213319 0.999629 0.016936 -0.245858 0.505176 -0.00384085 0.863008 106.216 
0.861226 0.0265232 -0.50753 -99.3747 -0.0180213 0.999603 0.0216583 -0.251833 0.507903 -0.00950624 0.861362 106.825 
0.85959 0.0234696 -0.510446 -99.7403 -0.0147294 0.999668 0.0211589 -0.252192 0.510773 -0.0106694 0.85965 107.418 
0.857797 0.0215311 -0.513537 -100.101 -0.0145905 0.99974 0.0175445 -0.252903 0.513781 -0.00755684 0.857888 107.994 
0.856131 0.0194993 -0.516392 -100.454 -0.013928 0.999796 0.0146614 -0.255203 0.516572 -0.00535976 0.856227 108.555 
0.854596 0.0176692 -0.518994 -100.803 -0.0124514 0.999831 0.0135363 -0.258662 0.519145 -0.00510585 0.854671 109.102 
0.853362 0.0161069 -0.521071 -101.139 -0.010859 0.999855 0.0131227 -0.260695 0.521206 -0.00554005 0.853413 109.633 
0.851987 0.0165232 -0.523303 -101.47 -0.0106714 0.999842 0.0141958 -0.267501 0.523455 -0.00651022 0.852029 110.145 
0.850743 0.0161691 -0.525333 -101.79 -0.00938337 0.999835 0.0155779 -0.271239 0.525498 -0.00832333 0.850754 110.641 
0.849231 0.014884 -0.527812 -102.096 -0.00742317 0.99984 0.0162512 -0.276382 0.52797 -0.00988297 0.849206 111.12 
0.847885 0.0133316 -0.530013 -102.393 -0.00555643 0.999852 0.0162606 -0.277398 0.530152 -0.0108421 0.847834 111.582 
0.846731 0.0122171 -0.531881 -102.68 -0.00487457 0.999873 0.0152066 -0.281828 0.531999 -0.0102831 0.846682 112.014 
0.845386 0.0120641 -0.53402 -102.955 -0.00689468 0.999908 0.0116744 -0.287403 0.534112 -0.0061874 0.845391 112.43 
0.843935 0.00955333 -0.53636 -103.223 -0.00641911 0.99995 0.00771031 -0.294939 0.536407 -0.00306399 0.843954 112.824 
0.841562 0.00586697 -0.540129 -103.472 -0.00332692 0.999978 0.00567828 -0.301393 0.54015 -0.0029816 0.841563 113.206 
0.838822 0.00175052 -0.544404 -103.715 0.00175566 0.999981 0.00592051 -0.301649 0.544404 -0.00592199 0.838803 113.575 
0.835184 0.00261077 -0.549965 -103.95 0.00171207 0.999972 0.00734695 -0.306646 0.549968 -0.00707758 0.835156 113.923 
0.831163 0.00629675 -0.555993 -104.182 -0.0014473 0.999957 0.0091611 -0.312939 0.556027 -0.00680963 0.831137 114.255 
0.827317 0.0123147 -0.561601 -104.411 -0.00553189 0.99989 0.0137761 -0.318643 0.561709 -0.0082904 0.827294 114.569 
0.823212 0.0175611 -0.567462 -104.63 -0.00721411 0.999764 0.020474 -0.319531 0.567688 -0.0127607 0.823145 114.867 
0.818321 0.0190346 -0.574446 -104.834 -0.00615673 0.999684 0.0243545 -0.318992 0.574729 -0.016393 0.81818 115.148 
0.812752 0.0162573 -0.582383 -105.025 -0.00178243 0.999675 0.0254186 -0.318662 0.582607 -0.0196209 0.812517 115.411 
0.805565 0.0143777 -0.592333 -105.204 0.00156934 0.99965 0.0263987 -0.32031 0.592506 -0.0221953 0.80526 115.654 
0.796683 0.0129266 -0.60426 -105.385 0.00459057 0.999613 0.0274366 -0.319692 0.604381 -0.0246321 0.796315 115.883 
0.786291 0.0135503 -0.617708 -105.564 0.00504287 0.999585 0.0283465 -0.322186 0.617836 -0.0254035 0.785896 116.089 
0.773866 0.0147824 -0.633177 -105.742 0.00349301 0.999613 0.0276064 -0.319859 0.63334 -0.0235753 0.773515 116.28 
0.759652 0.0132408 -0.650195 -105.913 0.00369967 0.999689 0.0246804 -0.319655 0.650319 -0.021154 0.759366 116.455 
0.744599 0.010796 -0.667424 -106.08 0.00297749 0.999806 0.0194941 -0.322329 0.667505 -0.0165025 0.744422 116.616 
0.729351 0.00681302 -0.684105 -106.242 0.00333756 0.999903 0.0135163 -0.315614 0.684131 -0.0121413 0.729258 116.766 
0.713624 0.00670396 -0.700497 -106.406 -0.000435851 0.999958 0.00912584 -0.310627 0.700529 -0.00620705 0.713597 116.906 
0.697544 0.0102573 -0.716468 -106.58 -0.00774032 0.999947 0.00677985 -0.309219 0.7165 0.000816504 0.697587 117.039 
0.679986 0.0121383 -0.733124 -106.756 -0.0103517 0.999922 0.00695421 -0.308759 0.733152 0.00286037 0.680059 117.173 
0.660641 0.0106033 -0.750628 -106.926 -0.00705461 0.999944 0.00791617 -0.304572 0.750669 6.56952e-05 0.660678 117.313 
0.640279 0.00969175 -0.768081 -107.106 -0.00411414 0.999949 0.00918788 -0.300881 0.768131 -0.00272277 0.640287 117.443 
0.617603 0.011182 -0.78641 -107.292 -0.00399951 0.999931 0.011077 -0.294834 0.78648 -0.00369589 0.617605 117.567 
0.593332 0.0153868 -0.804811 -107.489 -0.00744512 0.999879 0.0136274 -0.287934 0.804924 -0.00209359 0.593375 117.675 
0.568446 0.0193801 -0.822492 -107.687 -0.00951949 0.999811 0.016979 -0.284593 0.822665 -0.00182189 0.568523 117.779 
0.54264 0.0221617 -0.839673 -107.887 -0.0112799 0.999754 0.0190971 -0.279703 0.839889 -0.000891371 0.542757 117.878 
0.516403 0.0252226 -0.855974 -108.09 -0.014292 0.999681 0.0208349 -0.278877 0.856227 0.00147444 0.516598 117.967 
0.489614 0.0293502 -0.871445 -108.302 -0.0185325 0.999558 0.0232526 -0.274645 0.871742 0.0047653 0.489941 118.045 
0.461483 0.032241 -0.886563 -108.51 -0.0206576 0.999459 0.0255937 -0.274303 0.886908 0.00650328 0.4619 118.119 
0.431569 0.0313154 -0.901536 -108.724 -0.0194546 0.999488 0.0254047 -0.269413 0.90187 0.00657521 0.431957 118.19 
0.39933 0.0281233 -0.916376 -108.954 -0.0193624 0.999565 0.0222388 -0.267461 0.916603 0.00886265 0.399701 118.253 
0.364673 0.0238082 -0.930831 -109.2 -0.018733 0.999658 0.0182296 -0.263516 0.930947 0.0107895 0.364994 118.314 
0.325477 0.0214206 -0.945308 -109.464 -0.0183784 0.999698 0.0163252 -0.256585 0.945372 0.0120598 0.325772 118.369 
0.283871 0.0200717 -0.958652 -109.75 -0.0177062 0.99972 0.0156885 -0.247063 0.958699 0.0125206 0.284147 118.416 
0.239824 0.0182236 -0.970645 -110.052 -0.0167741 0.999752 0.0146256 -0.240295 0.970671 0.0127742 0.240071 118.458 
0.192597 0.0151526 -0.981161 -110.375 -0.0156855 0.999801 0.0123615 -0.228638 0.981153 0.0130093 0.192796 118.483 
0.143291 0.0130009 -0.989595 -110.708 -0.014871 0.999829 0.0109821 -0.221297 0.989569 0.0131426 0.14346 118.493 
0.0930368 0.0125829 -0.995583 -111.06 -0.0141621 0.999836 0.0113132 -0.212872 0.995562 0.0130471 0.0931997 118.484 
0.0407316 0.0139152 -0.999073 -111.427 -0.0128717 0.999827 0.0134009 -0.207429 0.999087 0.0123139 0.0409037 118.46 
-0.0126836 0.0158066 -0.999795 -111.809 -0.0100804 0.999822 0.0159349 -0.196008 0.999869 0.0102805 -0.012522 118.42 
-0.0662897 0.0177902 -0.997642 -112.194 -0.00658432 0.999812 0.0182664 -0.190271 0.997779 0.00777971 -0.0661601 118.356 
-0.120114 0.0196495 -0.992566 -112.594 -0.00246097 0.999795 0.0200904 -0.186681 0.992757 0.00485585 -0.120041 118.275 
-0.172904 0.0215383 -0.984703 -112.997 0.000669048 0.999763 0.0217502 -0.181967 0.984938 0.00310193 -0.172878 118.161 
-0.224173 0.0231267 -0.974275 -113.414 0.00261955 0.999729 0.0231282 -0.175187 0.974546 0.00263259 -0.224173 118.025 
-0.273564 0.0244495 -0.961543 -113.834 0.00589957 0.999701 0.0237413 -0.165316 0.961836 0.000822104 -0.273626 117.866 
-0.321694 0.0262795 -0.946479 -114.267 0.0109955 0.999651 0.0240187 -0.15941 0.94678 -0.0026803 -0.32187 117.684 
-0.368154 0.0276634 -0.929353 -114.704 0.0155922 0.9996 0.0235778 -0.149264 0.929634 -0.00581038 -0.368438 117.475 
