1 2.12261e-08 -2.11895e-08 0 2.12261e-08 1 2.10703e-08 0 -2.11895e-08 2.10703e-08 1 0 
0.999999 0.000600945 0.00164658 -0.00664589 -0.000599397 0.999999 -0.000914531 -0.00546874 -0.00164717 0.000913585 0.999998 0.452523 
0.999991 0.00215449 0.00354392 -0.0156489 -0.00214748 0.999996 -0.00197063 -0.0106795 -0.00354819 0.00196304 0.999992 0.914186 
0.99998 0.00354352 0.00532392 -0.0252628 -0.00352926 0.99999 -0.0026776 -0.0164457 -0.0053334 0.0026588 0.999982 1.39108 
0.999971 0.0036501 0.00671535 -0.0302753 -0.00363203 0.99999 -0.00269425 -0.0225627 -0.00672516 0.00266982 0.999974 1.88035 
0.99996 0.00324127 0.00835389 -0.0340187 -0.00322129 0.999992 -0.00239983 -0.0305153 -0.00836165 0.00237287 0.999962 2.38175 
0.999946 0.00245215 0.0101391 -0.0357116 -0.0024388 0.999996 -0.0013241 -0.0392804 -0.0101424 0.00129935 0.999948 2.89123 
0.99993 0.00219919 0.0116679 -0.0377605 -0.00220247 0.999998 0.00027158 -0.0466205 -0.0116673 -0.000297217 0.999932 3.40411 
0.99992 0.00276008 0.0123492 -0.0407424 -0.0027765 0.999995 0.00131597 -0.0539238 -0.0123456 -0.00135011 0.999923 3.91697 
0.99991 0.00349415 0.0129883 -0.0439446 -0.0035117 0.999993 0.00133187 -0.062892 -0.0129836 -0.00137732 0.999915 4.43324 
0.999894 0.00395099 0.0139922 -0.0454727 -0.00396378 0.999992 0.00088983 -0.0705879 -0.0139886 -0.000945157 0.999902 4.95331 
0.999881 0.00443391 0.0147548 -0.0478495 -0.0044442 0.99999 0.000667776 -0.0776204 -0.0147518 -0.000733228 0.999891 5.47262 
0.99987 0.00490526 0.0153492 -0.0493062 -0.00490719 0.999988 9.06076e-05 -0.0861708 -0.0153486 -0.000165875 0.999882 5.99889 
0.999853 0.0056393 0.0161638 -0.0507975 -0.00563044 0.999984 -0.000591402 -0.0941814 -0.0161669 0.000500347 0.999869 6.52858 
0.999831 0.00662835 0.0171523 -0.0518792 -0.00661564 0.999978 -0.000795279 -0.101618 -0.0171572 0.000681713 0.999853 7.06698 
0.999814 0.00727466 0.0178879 -0.0526206 -0.00725138 0.999973 -0.00136379 -0.111023 -0.0178973 0.00123387 0.999839 7.60693 
0.999779 0.00862816 0.0191774 -0.0520705 -0.00859653 0.999962 -0.00172879 -0.121047 -0.0191916 0.00156359 0.999815 8.15455 
0.999704 0.0101103 0.0221427 -0.0536523 -0.010073 0.999948 -0.00179266 -0.130953 -0.0221597 0.00156913 0.999753 8.7149 
0.999601 0.0109245 0.0260516 -0.0529368 -0.0108704 0.999939 -0.00221661 -0.138702 -0.0260742 0.00193258 0.999658 9.2836 
0.999487 0.0109455 0.0301161 -0.0449612 -0.0108709 0.999937 -0.0026383 -0.147632 -0.0301432 0.00230959 0.999543 9.85396 
0.999332 0.0105638 0.0349849 -0.0312357 -0.010459 0.99994 -0.00317556 -0.158469 -0.0350164 0.00280757 0.999383 10.4321 
0.999106 0.0108015 0.0408835 -0.0135969 -0.0106851 0.999938 -0.00306263 -0.169116 -0.0409141 0.00262309 0.999159 11.0181 
0.998844 0.0104976 0.046914 0.00788598 -0.0103884 0.999943 -0.00256968 -0.180284 -0.0469383 0.00207938 0.998896 11.6141 
0.998536 0.0107582 0.0530187 0.0311029 -0.0105997 0.999939 -0.00326918 -0.187799 -0.0530506 0.00270245 0.998588 12.2137 
0.998202 0.00870609 0.0592976 0.0631594 -0.00847838 0.999956 -0.00408986 -0.202563 -0.0593307 0.0035798 0.998232 12.8253 
0.997825 0.00793806 0.0654324 0.0967214 -0.00765626 0.99996 -0.00455577 -0.212356 -0.065466 0.00404493 0.997847 13.45 
0.99737 0.010498 0.0717209 0.13243 -0.0100666 0.999929 -0.0063743 -0.226224 -0.0717828 0.00563559 0.997404 14.086 
0.996846 0.0145343 0.0780149 0.166853 -0.0138245 0.999858 -0.00962964 -0.238656 -0.0781438 0.00852079 0.996906 14.7316 
0.996437 0.0114774 0.0835611 0.222033 -0.0107037 0.999896 -0.0097002 -0.249467 -0.0836638 0.00877126 0.996455 15.4019 
0.996086 0.00409611 0.0882976 0.285455 -0.00348544 0.999969 -0.00706856 -0.256764 -0.0883239 0.00673318 0.996069 16.0889 
0.995657 -0.00162026 0.0930841 0.353859 0.00195897 0.999992 -0.00354698 -0.267004 -0.0930776 0.00371397 0.995652 16.7893 
0.995251 -0.000946496 0.0973402 0.40914 0.000947834 1 3.29524e-05 -0.281222 -0.0973403 5.95064e-05 0.995251 17.5034 
0.995044 -0.00209997 0.0994172 0.473243 0.0021084 0.999998 2.0695e-05 -0.288164 -0.099417 0.000189059 0.995046 18.2376 
0.995015 -0.0062037 0.0995328 0.542244 0.00640841 0.999978 -0.00173665 -0.295078 -0.0995199 0.00236588 0.995033 18.9756 
0.995129 -0.0120945 0.0978361 0.607461 0.0125224 0.999915 -0.00375998 -0.29881 -0.0977824 0.00496685 0.995195 19.7263 
0.995576 -0.0143678 0.0928535 0.670852 0.0148422 0.99988 -0.00442004 -0.305053 -0.0927789 0.00577868 0.99567 20.4994 
0.996249 -0.0140232 0.0853924 0.719601 0.0144599 0.999885 -0.00449716 -0.316781 -0.0853196 0.0057151 0.996337 21.2846 
0.996997 -0.0138047 0.0761945 0.761173 0.014051 0.999898 -0.00269596 -0.326711 -0.0761495 0.00375851 0.997089 22.0931 
0.997677 -0.0141066 0.0666405 0.79746 0.0141838 0.999899 -0.000683932 -0.335284 -0.0666242 0.0016276 0.997777 22.9131 
0.998263 -0.0130863 0.0574455 0.824413 0.012969 0.999913 0.0024156 -0.348628 -0.0574721 -0.00166635 0.998346 23.744 
0.998702 -0.0124407 0.0493897 0.847074 0.0122292 0.999915 0.00458291 -0.357306 -0.0494426 -0.00397292 0.998769 24.5805 
0.999041 -0.0106478 0.0424699 0.863495 0.0104254 0.999931 0.00545533 -0.364205 -0.0425251 -0.00500729 0.999083 25.4205 
0.999274 -0.00967662 0.0368476 0.8766 0.00946193 0.999937 0.00599771 -0.373131 -0.0369034 -0.00564466 0.999303 26.2581 
0.999465 -0.00834788 0.0316395 0.884698 0.00815942 0.999948 0.00608255 -0.383474 -0.0316887 -0.00582109 0.999481 27.096 
0.999611 -0.00834638 0.0266214 0.88389 0.00819191 0.999949 0.00590765 -0.394597 -0.0266694 -0.00568723 0.999628 27.9392 
0.999725 -0.00833793 0.021905 0.886225 0.00821748 0.999951 0.0055849 -0.406733 -0.0219506 -0.00540332 0.999744 28.7755 
0.999821 -0.0071747 0.0175305 0.882531 0.00706459 0.999955 0.00633761 -0.418033 -0.0175752 -0.00621259 0.999826 29.6141 
0.999887 -0.00552014 0.0140081 0.876419 0.0054214 0.99996 0.00708033 -0.427557 -0.0140467 -0.00700354 0.999877 30.4442 
0.999931 -0.00333169 0.011294 0.869346 0.00324103 0.999962 0.00803923 -0.439764 -0.0113204 -0.00800203 0.999904 31.2756 
0.999951 -0.00184862 0.00969479 0.859531 0.00177141 0.999967 0.00797101 -0.449938 -0.00970925 -0.00795341 0.999921 32.1009 
0.999961 -0.00102918 0.00878112 0.85031 0.000962745 0.999971 0.00757106 -0.459675 -0.0087887 -0.00756227 0.999933 32.9208 
0.999967 0.000879945 0.00802886 0.836124 -0.000929836 0.99998 0.00621771 -0.471187 -0.00802327 -0.00622493 0.999948 33.7263 
0.999967 0.00334925 0.00745566 0.820573 -0.00339464 0.999976 0.00608935 -0.483207 -0.00743512 -0.00611441 0.999954 34.5326 
0.999963 0.00525372 0.00686809 0.80673 -0.00529927 0.999964 0.00663709 -0.495047 -0.00683301 -0.0066732 0.999954 35.3278 
0.999957 0.00682443 0.00622004 0.794519 -0.00686904 0.999951 0.00718516 -0.507326 -0.00617074 -0.00722754 0.999955 36.112 
0.999949 0.00831091 0.00573624 0.78207 -0.0083527 0.999938 0.00730892 -0.519012 -0.00567518 -0.00735642 0.999957 36.8798 
0.999931 0.0105582 0.00512252 0.773345 -0.0105946 0.999918 0.00714395 -0.527973 -0.00504672 -0.00719769 0.999961 37.6399 
0.99991 0.0124775 0.00494747 0.760768 -0.0125145 0.999894 0.00751052 -0.53795 -0.00485327 -0.00757171 0.99996 38.384 
0.99987 0.0151986 0.00532733 0.747712 -0.0152385 0.999855 0.00755132 -0.548256 -0.00521183 -0.00763148 0.999957 39.1105 
0.999799 0.0188185 0.00694343 0.734322 -0.0188708 0.999793 0.00754934 -0.560182 -0.00679997 -0.00767881 0.999947 39.823 
0.999736 0.0208504 0.00967321 0.726675 -0.0209122 0.999761 0.00634104 -0.57142 -0.00953873 -0.00654162 0.999933 40.5213 
0.999654 0.0225072 0.0136306 0.720537 -0.0225809 0.999731 0.00528245 -0.58096 -0.0135081 -0.00558837 0.999893 41.2109 
0.999586 0.0219981 0.0185232 0.725852 -0.0221048 0.99974 0.00557636 -0.592979 -0.0183958 -0.00598347 0.999813 41.8921 
0.999447 0.0230806 0.0239287 0.729856 -0.0232269 0.999713 0.00585616 -0.603014 -0.0237867 -0.00640867 0.999697 42.5549 
0.999269 0.0236486 0.030047 0.743648 -0.0238466 0.999696 0.00624959 -0.610783 -0.0298901 -0.0069615 0.999529 43.2096 
0.999036 0.0230663 0.0373582 0.759725 -0.0233354 0.999705 0.00678431 -0.620574 -0.0371907 -0.0076495 0.999279 43.8439 
0.998675 0.0231581 0.0459537 0.78222 -0.0234903 0.999702 0.00670221 -0.63053 -0.0457848 -0.00777275 0.998921 44.4675 
0.998128 0.0238528 0.0563228 0.810189 -0.0242523 0.999685 0.00642114 -0.639542 -0.056152 -0.00777504 0.998392 45.0738 
0.997385 0.0235473 0.0683295 0.846457 -0.0240333 0.999691 0.00629997 -0.649649 -0.0681601 -0.00792564 0.997643 45.6704 
0.996476 0.0223596 0.0808497 0.892096 -0.0229417 0.999717 0.00627891 -0.657405 -0.0806865 -0.00811157 0.996707 46.2539 
0.995352 0.0216711 0.0938325 0.945112 -0.0223184 0.999734 0.0058552 -0.666127 -0.0936807 -0.00792214 0.995571 46.8294 
0.993844 0.0216197 0.108662 1.00476 -0.02238 0.999733 0.00578316 -0.674229 -0.108508 -0.00817938 0.994062 47.3904 
0.991902 0.0214699 0.125177 1.07271 -0.0224061 0.999731 0.00607587 -0.682376 -0.125012 -0.00883134 0.992116 47.9416 
0.989489 0.0240154 0.1426 1.14771 -0.0250453 0.999672 0.00543197 -0.691255 -0.142422 -0.00894628 0.989766 48.4842 
0.986297 0.0224215 0.163451 1.23392 -0.0234942 0.999713 0.00463281 -0.698798 -0.1633 -0.00840944 0.986541 49.0021 
0.982112 0.0257935 0.186522 1.3321 -0.0269483 0.99963 0.00365812 -0.709479 -0.186358 -0.00861909 0.982444 49.5196 
0.976981 0.0246915 0.211893 1.4494 -0.0255766 0.999672 0.00143668 -0.721561 -0.211788 -0.00682306 0.977292 50.0194 
0.970899 0.0238269 0.238303 1.58037 -0.0241666 0.999707 -0.0014959 -0.730569 -0.238269 -0.00430658 0.97119 50.5025 
0.963596 0.0228592 0.266384 1.72349 -0.0225742 0.999737 -0.00413204 -0.739587 -0.266408 -0.00203176 0.963858 50.9703 
0.954945 0.0204588 0.296076 1.87775 -0.0198306 0.99979 -0.00512455 -0.752471 -0.296119 -0.000977674 0.955151 51.4244 
0.944829 0.0225854 0.326783 2.03735 -0.0213169 0.999745 -0.00746316 -0.763439 -0.326868 8.54585e-05 0.94507 51.8547 
0.933249 0.0232815 0.358475 2.20262 -0.0221104 0.999728 -0.00736607 -0.775407 -0.358549 -0.00105162 0.93351 52.2698 
0.920176 0.0225983 0.390852 2.38395 -0.0220467 0.99974 -0.00589868 -0.790503 -0.390884 -0.00318916 0.920435 52.6748 
0.905078 0.0217874 0.424687 2.57414 -0.0215573 0.999753 -0.00534741 -0.802118 -0.424698 -0.00431522 0.905325 53.0563 
0.887977 0.0209912 0.459409 2.77782 -0.020838 0.999768 -0.00540392 -0.820056 -0.459416 -0.00477458 0.888208 53.4187 
0.868775 0.0207788 0.49477 2.98712 -0.0202389 0.999774 -0.0064494 -0.83315 -0.494793 -0.00441052 0.869 53.7578 
0.84749 0.0198021 0.530442 3.20489 -0.0182201 0.9998 -0.00821345 -0.845424 -0.530499 -0.00270386 0.847681 54.079 
0.824176 0.0184426 0.566034 3.43649 -0.0157815 0.999829 -0.00959784 -0.858639 -0.566114 -0.00102252 0.824326 54.3833 
0.798711 0.0153393 0.60152 3.67942 -0.0119683 0.999882 -0.00960608 -0.873347 -0.601596 0.000473316 0.7988 54.6757 
0.770733 0.0115462 0.637053 3.93797 -0.00882736 0.999933 -0.00744339 -0.884082 -0.637097 0.0001134 0.770784 54.9567 
0.740957 0.00682175 0.671517 4.20939 -0.00625191 0.999975 -0.00325999 -0.89724 -0.671523 -0.00178273 0.740982 55.2245 
0.708931 0.00319261 0.705271 4.48894 -0.00486486 0.999988 0.000363442 -0.90408 -0.705262 -0.00368868 0.708938 55.4758 
0.67366 0.000700555 0.739041 4.77404 -0.0061569 0.99997 0.00466439 -0.914865 -0.739015 -0.0076924 0.673645 55.7135 
0.636017 -0.00289557 0.77167 5.07003 -0.00477331 0.999959 0.00768645 -0.922084 -0.77166 -0.00857211 0.635977 55.9303 
0.596927 -0.00671771 0.802267 5.37314 -0.00232376 0.999946 0.010102 -0.932384 -0.802292 -0.00789443 0.59688 56.121 
0.554738 -0.00885462 0.831978 5.69005 0.000541507 0.999947 0.0102813 -0.938659 -0.832025 -0.00525288 0.554713 56.3001 
0.50996 -0.00779908 0.860163 6.02125 0.00176936 0.999966 0.00801774 -0.9415 -0.860196 -0.00256677 0.509956 56.4689 
0.463189 -0.00527243 0.886244 6.36778 0.000521853 0.999984 0.00567641 -0.941631 -0.886259 -0.00216675 0.463185 56.6273 
0.413998 -0.00242696 0.910275 6.73142 -0.00319485 0.999986 0.00411924 -0.943629 -0.910272 -0.00461353 0.413985 56.7735 
0.363967 3.30115e-05 0.931412 7.11006 -0.00845589 0.999959 0.00326891 -0.947419 -0.931373 -0.00906568 0.363952 56.9026 
0.314123 0.000586069 0.949382 7.50551 -0.0105357 0.99994 0.00286872 -0.948791 -0.949324 -0.0109035 0.31411 57.0114 
0.266019 0.000438386 0.963968 7.91808 -0.00915044 0.999956 0.00207048 -0.952158 -0.963924 -0.00937151 0.266012 57.0976 
0.220829 -0.000337423 0.975313 8.34621 -0.00781443 0.999967 0.00211533 -0.955444 -0.975281 -0.00808864 0.220819 57.1712 
0.17928 -0.00247067 0.983795 8.79945 -0.00764874 0.999963 0.00390518 -0.958925 -0.983768 -0.0082249 0.179254 57.233 
0.14051 -0.00477177 0.990068 9.27636 -0.00786306 0.999952 0.00593537 -0.960347 -0.990048 -0.00861894 0.140465 57.2842 
0.104186 -0.00652405 0.994536 9.773 -0.00872432 0.999934 0.00747345 -0.963555 -0.99452 -0.00945528 0.104122 57.3236 
0.0715665 -0.00783047 0.997405 10.2901 -0.00784219 0.999934 0.00841307 -0.966185 -0.997405 -0.00842393 0.0715003 57.3476 
0.0424418 -0.00844228 0.999063 10.8302 -0.00757206 0.999933 0.00877134 -0.967488 -0.99907 -0.00793724 0.0423751 57.3542 
0.0159907 -0.00617722 0.999853 11.387 -0.00990934 0.999931 0.00633622 -0.965388 -0.999823 -0.0100092 0.0159284 57.3607 
-0.00655253 -0.0038733 0.999971 11.9656 -0.0141537 0.999893 0.00378029 -0.964536 -0.999878 -0.0141285 -0.00660665 57.3571 
-0.0261248 -0.0029644 0.999654 12.5658 -0.0141807 0.999896 0.00259457 -0.964845 -0.999558 -0.014108 -0.0261641 57.3406 
-0.0432353 -0.00238094 0.999062 13.1829 -0.0105304 0.999943 0.00192736 -0.966463 -0.999009 -0.0104372 -0.0432579 57.3069 
-0.0590303 -0.00264685 0.998253 13.8201 -0.00829549 0.999963 0.00216088 -0.968701 -0.998222 -0.00815344 -0.0590501 57.268 
-0.0744797 -0.00376118 0.997215 14.476 -0.00912959 0.999954 0.00308968 -0.972756 -0.997181 -0.00887405 -0.0745106 57.2246 
-0.089147 -0.00275198 0.996015 15.1508 -0.00836015 0.999963 0.00201467 -0.977467 -0.995983 -0.00814723 -0.0891667 57.1697 
-0.101409 -0.00101599 0.994844 15.8382 -0.0065133 0.999979 0.000357348 -0.984327 -0.994824 -0.00644348 -0.101413 57.1029 
-0.11101 0.00147745 0.993818 16.5448 0.000535214 0.999999 -0.00142682 -0.989305 -0.993819 0.000373511 -0.111011 57.0228 
-0.116742 0.0043179 0.993153 17.2706 0.0084463 0.999959 -0.00335461 -0.995292 -0.993126 0.00799684 -0.116774 56.9332 
-0.118923 0.00424779 0.992894 18.0119 0.0132608 0.999908 -0.00268946 -1.00596 -0.992815 0.0128467 -0.118968 56.8461 
-0.118679 0.00267817 0.992929 18.7717 0.0141529 0.999899 -0.00100533 -1.01417 -0.992832 0.0139335 -0.118705 56.7655 
-0.115881 0.00201198 0.993261 19.5489 0.0175714 0.999846 2.47286e-05 -1.01843 -0.993108 0.0174558 -0.115899 56.6862 
-0.111449 0.000948863 0.99377 20.3388 0.0192924 0.999813 0.001209 -1.02846 -0.993583 0.019307 -0.111446 56.6088 
-0.107002 0.00179393 0.994257 21.1358 0.017877 0.99984 0.000119967 -1.03893 -0.994098 0.0177872 -0.107017 56.5392 
-0.102924 0.00276998 0.994685 21.9401 0.0174275 0.999848 -0.000981024 -1.04899 -0.994537 0.0172339 -0.102957 56.4772 
-0.0983155 0.00205166 0.995153 22.7496 0.0222478 0.999753 0.00013686 -1.05945 -0.994907 0.0221534 -0.0983368 56.4059 
-0.094564 -3.25706e-05 0.995519 23.5625 0.0278622 0.999608 0.00267937 -1.07145 -0.995129 0.0279907 -0.094526 56.3349 
-0.0907876 -0.00347296 0.995864 24.3751 0.0305109 0.999515 0.00626725 -1.0808 -0.995403 0.0309537 -0.0906376 56.2724 
-0.0863221 -0.00714679 0.996242 25.1852 0.033462 0.999389 0.0100688 -1.09052 -0.995705 0.0342054 -0.0860302 56.2182 
-0.08089 -0.0100494 0.996672 25.9955 0.0342635 0.99933 0.0128571 -1.09854 -0.996134 0.0351895 -0.0804915 56.1661 
-0.0768156 -0.0115029 0.996979 26.8073 0.0319549 0.999391 0.0139929 -1.10367 -0.996533 0.0329332 -0.0764012 56.1244 
-0.0730118 -0.0130894 0.997245 27.6144 0.0251838 0.999571 0.0149638 -1.10521 -0.997013 0.0262069 -0.0726508 56.0919 
-0.0686938 -0.0165211 0.997501 28.4249 0.0192951 0.999654 0.0178856 -1.10534 -0.997451 0.0204755 -0.0683512 56.0631 
-0.0642252 -0.0180111 0.997773 29.2405 0.0167371 0.999677 0.0191229 -1.10703 -0.997795 0.017928 -0.063903 56.0322 
-0.0601668 -0.0141591 0.998088 30.0517 0.0176754 0.999728 0.0152479 -1.11436 -0.998032 0.0185591 -0.0599002 56.001 
-0.0567232 -0.00631651 0.99837 30.8625 0.0189263 0.999794 0.00740087 -1.11633 -0.998211 0.0193152 -0.056592 55.9691 
-0.0540015 -0.000318891 0.998541 31.678 0.0173364 0.999849 0.00125691 -1.11962 -0.99839 0.0173789 -0.0539878 55.9424 
-0.0518922 -0.000921481 0.998652 32.5064 0.0165219 0.999862 0.00178116 -1.12537 -0.998516 0.0165921 -0.0518698 55.9114 
-0.0504097 -0.00480684 0.998717 33.3353 0.0193474 0.999796 0.00578862 -1.1365 -0.998541 0.0196144 -0.0503064 55.8767 
-0.0494204 -0.00505237 0.998765 34.1631 0.0203057 0.999775 0.00606228 -1.14788 -0.998572 0.0205802 -0.0493067 55.8472 
-0.0493071 -0.00266124 0.99878 34.9951 0.0183698 0.999825 0.00357094 -1.15845 -0.998615 0.0185234 -0.0492496 55.8215 
-0.0494969 -0.00137363 0.998773 35.8302 0.0112927 0.999934 0.0019349 -1.16863 -0.99871 0.0113746 -0.0494781 55.8066 
-0.0505966 -0.00217802 0.998717 36.6755 0.00972849 0.999949 0.00267361 -1.17632 -0.998672 0.00985128 -0.0505728 55.7823 
-0.0517417 -0.00322876 0.998655 37.5287 0.0100199 0.999943 0.00375211 -1.1889 -0.99861 0.0102006 -0.0517064 55.7518 
-0.0533097 0.000574371 0.998578 38.3816 0.00975957 0.999952 -5.41002e-05 -1.20052 -0.99853 0.0097428 -0.0533127 55.7226 
-0.0545511 0.00467344 0.9985 39.2488 0.0101972 0.99994 -0.00412303 -1.21039 -0.998459 0.00995699 -0.0545954 55.6892 
-0.0551875 0.00748893 0.998448 40.1221 0.0117682 0.999907 -0.00684937 -1.2227 -0.998407 0.0113719 -0.0552706 55.6532 
-0.0561388 0.00842909 0.998387 41.0056 0.0142255 0.99987 -0.00764168 -1.24273 -0.998322 0.0137736 -0.0562514 55.6122 
-0.0572346 0.00991629 0.998312 41.893 0.0144954 0.999854 -0.00910052 -1.25802 -0.998256 0.01395 -0.05737 55.5816 
-0.058602 0.00964088 0.998235 42.7995 0.0133784 0.999871 -0.00887126 -1.27258 -0.998192 0.0128349 -0.0587235 55.546 
-0.059975 0.00492736 0.998188 43.7174 0.0114446 0.999926 -0.00424826 -1.29178 -0.998134 0.0111691 -0.0600269 55.5136 
-0.0613824 0.00330533 0.998109 44.6478 0.0114524 0.999931 -0.00260702 -1.31175 -0.998049 0.0112707 -0.0614161 55.4722 
-0.0626475 0.00655723 0.998014 45.5778 0.0116517 0.999915 -0.00583828 -1.32916 -0.997968 0.0112628 -0.0627186 55.4292 
-0.0632204 0.0103188 0.997946 46.5125 0.012891 0.999872 -0.00952201 -1.3432 -0.997916 0.0122625 -0.0633453 55.3845 
-0.0630515 0.0115184 0.997944 47.4589 0.0156806 0.999821 -0.0105493 -1.36267 -0.997887 0.0149832 -0.0632208 55.3366 
-0.0629326 0.00810364 0.997985 48.4262 0.0203494 0.99977 -0.00683486 -1.38265 -0.99781 0.0198783 -0.063083 55.2811 
-0.0633828 0.00247581 0.997986 49.4061 0.0220693 0.999756 -0.00107853 -1.39528 -0.997745 0.0219565 -0.0634219 55.2321 
-0.0626706 -0.000726719 0.998034 50.3881 0.0233022 0.999726 0.00219123 -1.41561 -0.997762 0.0233937 -0.0626365 55.1851 
-0.0610529 0.000872938 0.998134 51.3793 0.0224177 0.999749 0.000496917 -1.42558 -0.997883 0.0224063 -0.0610571 55.1431 
-0.0602364 0.00385192 0.998177 52.3733 0.0223647 0.999747 -0.00250831 -1.43735 -0.997934 0.0221728 -0.0603073 55.1017 
-0.0599981 0.00573509 0.998182 53.3761 0.0165154 0.999852 -0.00475195 -1.45653 -0.998062 0.0162003 -0.0600839 55.0674 
-0.0606928 0.00550114 0.998141 54.3907 0.0136457 0.999896 -0.00468103 -1.47298 -0.998063 0.0133362 -0.0607616 55.0325 
-0.0611426 0.000730667 0.998129 55.4201 0.0134993 0.999909 9.50023e-05 -1.48682 -0.998038 0.0134799 -0.0611469 54.9871 
-0.0619188 -0.00529702 0.998067 56.4589 0.0115075 0.999916 0.00602078 -1.50255 -0.998015 0.011858 -0.0618526 54.9441 
-0.0624285 -0.00464201 0.998039 57.5001 0.0136301 0.999892 0.00550325 -1.51155 -0.997956 0.0139469 -0.0623585 54.8915 
-0.0625982 -0.00125917 0.998038 58.532 0.0166509 0.999859 0.00230587 -1.5212 -0.9979 0.0167626 -0.0625684 54.8379 
-0.0637979 0.00158778 0.997962 59.581 0.0189177 0.999821 -0.000381322 -1.53684 -0.997784 0.0188548 -0.0638165 54.7895 
-0.0660201 -0.00137049 0.997817 60.6449 0.0193691 0.999809 0.00265481 -1.54864 -0.99763 0.0195021 -0.0659809 54.7386 
-0.0687769 -0.00649414 0.997611 61.7198 0.0206069 0.999756 0.00792882 -1.56015 -0.997419 0.021103 -0.0686263 54.6836 
-0.0719132 -0.00946347 0.997366 62.7893 0.0219895 0.999697 0.0110711 -1.56942 -0.997169 0.0227278 -0.0716833 54.6215 
-0.0755112 -0.00849078 0.997109 63.8556 0.0263382 0.999598 0.0105066 -1.57341 -0.996797 0.0270555 -0.0752572 54.5535 
-0.078916 -0.00956116 0.996835 64.9262 0.0296279 0.99949 0.0119322 -1.57996 -0.996441 0.0304758 -0.0785925 54.4834 
-0.0826121 -0.0116342 0.996514 65.9953 0.0331945 0.999345 0.0144192 -1.58706 -0.996029 0.03427 -0.0821718 54.4099 
-0.08553 -0.011217 0.996272 67.0637 0.0367696 0.99922 0.0144069 -1.59164 -0.995657 0.0378647 -0.0850509 54.3349 
-0.0877884 -0.0075831 0.99611 68.1303 0.0406246 0.999112 0.0111863 -1.59826 -0.99531 0.0414486 -0.0874023 54.2548 
-0.0894755 -0.00309672 0.995984 69.1967 0.0428305 0.999058 0.00695405 -1.60589 -0.995068 0.0432808 -0.0892586 54.1745 
-0.0908194 -0.000293255 0.995867 70.2647 0.0464736 0.998909 0.00453241 -1.61686 -0.994782 0.0466932 -0.0907067 54.092 
-0.0901802 -0.000988869 0.995925 71.3329 0.0454077 0.998956 0.00510355 -1.62884 -0.99489 0.0456829 -0.0900411 54.0165 
-0.0874102 -0.00344971 0.996166 72.4052 0.0466271 0.998884 0.00755053 -1.64127 -0.995081 0.0471083 -0.0871518 53.9411 
-0.0827958 -0.00664441 0.996544 73.4798 0.0497386 0.998704 0.0107913 -1.64822 -0.995325 0.0504602 -0.082358 53.8651 
-0.0774513 -0.00977229 0.996948 74.5479 0.0502434 0.998643 0.0136923 -1.65632 -0.995729 0.0511505 -0.0768552 53.8011 
-0.0725624 -0.0130195 0.997279 75.6222 0.0516765 0.998523 0.0167958 -1.65858 -0.996024 0.0527546 -0.0717824 53.7448 
-0.0677333 -0.014407 0.997599 76.6955 0.0529945 0.998432 0.0180171 -1.66439 -0.996295 0.0540877 -0.0668636 53.6885 
-0.0640765 -0.010375 0.997891 77.7643 0.0532698 0.998485 0.0138018 -1.66969 -0.996522 0.0540419 -0.0634267 53.6414 
-0.0618249 -0.005693 0.998071 78.8321 0.0526057 0.998575 0.00895454 -1.67271 -0.9967 0.0530578 -0.0614374 53.5919 
-0.0604081 -0.00581074 0.998157 79.908 0.0531435 0.998546 0.00902928 -1.67608 -0.996758 0.053591 -0.0600115 53.5446 
-0.0588615 -0.00777959 0.998236 80.9853 0.0537448 0.998495 0.0109507 -1.68586 -0.996818 0.0542946 -0.0583548 53.4973 
-0.0569343 -0.00475433 0.998367 82.0672 0.054286 0.998495 0.00785077 -1.69344 -0.996901 0.0546443 -0.0565905 53.4548 
-0.0548629 0.00109013 0.998493 83.1402 0.0543815 0.998518 0.00189791 -1.70524 -0.997012 0.0544037 -0.0548409 53.4137 
-0.052836 0.00415344 0.998595 84.2152 0.0532366 0.998581 -0.00133657 -1.72139 -0.997183 0.0530912 -0.0529821 53.3786 
-0.0504733 0.00348617 0.998719 85.2947 0.0538257 0.99855 -0.000765302 -1.74097 -0.997274 0.0537181 -0.0505877 53.3426 
-0.0468137 0.000199673 0.998904 86.3824 0.0519944 0.998645 0.00223714 -1.75947 -0.99755 0.0520421 -0.0467606 53.3108 
-0.042557 -0.00399243 0.999086 87.4741 0.0517831 0.998639 0.00619643 -1.7754 -0.997751 0.0519995 -0.0422923 53.2878 
-0.0378715 -0.00654427 0.999261 88.5607 0.0500845 0.998709 0.00843887 -1.78854 -0.998027 0.0503671 -0.0374948 53.2642 
-0.0344379 -0.0024944 0.999404 89.639 0.0461522 0.998926 0.00408358 -1.80139 -0.998341 0.0462653 -0.0342858 53.2531 
-0.0325186 0.00680415 0.999448 90.721 0.0428621 0.999066 -0.00540693 -1.82136 -0.998552 0.0426627 -0.0327799 53.2406 
-0.0315626 0.0147518 0.999393 91.8057 0.0371583 0.999217 -0.0135756 -1.84704 -0.998811 0.0367072 -0.032086 53.2327 
-0.0309653 0.0142967 0.999418 92.8968 0.0365353 0.999246 -0.0131622 -1.87494 -0.998853 0.0361065 -0.0314643 53.2191 
-0.029998 0.0080109 0.999518 93.9995 0.0363061 0.999317 -0.00691961 -1.90485 -0.99889 0.036081 -0.0302683 53.2016 
-0.0313549 0.00182405 0.999507 95.109 0.0378813 0.999282 -0.00063525 -1.92956 -0.99879 0.0378427 -0.0314015 53.1817 
-0.0333723 -0.00401266 0.999435 96.2061 0.0362098 0.999331 0.00522137 -1.943 -0.998787 0.0363636 -0.0332047 53.1629 
-0.0351898 -0.00901929 0.99934 97.3008 0.0358079 0.999306 0.0102799 -1.96094 -0.998739 0.0361461 -0.0348424 53.1399 
-0.0373256 -0.00838575 0.999268 98.3968 0.0363448 0.999292 0.00974358 -1.97115 -0.998642 0.0366819 -0.0369944 53.1162 
-0.0391548 -0.00811027 0.9992 99.4825 0.0358663 0.999311 0.00951667 -1.9812 -0.998589 0.0362103 -0.038837 53.0894 
-0.0406402 -0.00937622 0.99913 100.567 0.0371053 0.999252 0.0108867 -1.99099 -0.998485 0.0375155 -0.0402619 53.0585 
-0.041467 -0.00788185 0.999109 101.646 0.0379606 0.999235 0.0094584 -2.00614 -0.998419 0.038319 -0.041136 53.028 
-0.0418713 0.000478505 0.999123 102.717 0.0386394 0.999253 0.00114077 -2.01965 -0.998376 0.0386533 -0.0418585 52.9977 
-0.0422441 0.0083723 0.999072 103.784 0.0357798 0.999336 -0.00686158 -2.03811 -0.998466 0.0354568 -0.0425156 52.9719 
-0.0433706 0.00859174 0.999022 104.845 0.033193 0.999423 -0.00715414 -2.06204 -0.998508 0.0328502 -0.0436308 52.9463 
-0.0456679 0.00259587 0.998953 105.921 0.0284806 0.999594 -0.00129548 -2.08685 -0.998551 0.0283916 -0.0457233 52.9231 
-0.0486465 -0.00489784 0.998804 106.988 0.0223358 0.999733 0.00599029 -2.10203 -0.998566 0.0226005 -0.0485241 52.9018 
-0.0505941 -0.0131967 0.998632 108.046 0.0207092 0.999684 0.0142599 -2.11187 -0.998505 0.0214024 -0.0503048 52.8712 
-0.0523086 -0.0195479 0.99844 109.103 0.0239333 0.999497 0.0208225 -2.11703 -0.998344 0.0249851 -0.0518144 52.8292 
-0.0544406 -0.0198688 0.998319 110.141 0.0225977 0.999521 0.0211251 -2.11862 -0.998261 0.0237098 -0.0539656 52.7947 
-0.0550436 -0.0122004 0.998409 111.177 0.0263155 0.99956 0.0136653 -2.12403 -0.998137 0.0270259 -0.0546984 52.7494 
-0.0557286 0.00241825 0.998443 112.204 0.035111 0.999383 -0.000460745 -2.13495 -0.997828 0.0350307 -0.0557791 52.7003 
-0.0568412 0.0135438 0.998291 113.226 0.040008 0.999136 -0.0112772 -2.15158 -0.997581 0.0392986 -0.0573339 52.6497 
-0.0572197 0.0103995 0.998307 114.255 0.0402605 0.999156 -0.00810071 -2.17405 -0.99755 0.0397288 -0.0575902 52.6072 
-0.0569284 -0.000213651 0.998378 115.291 0.0427482 0.999082 0.00265138 -2.19582 -0.997463 0.0428298 -0.056867 52.5603 
-0.056587 -0.0101024 0.998347 116.32 0.0428126 0.999005 0.0125357 -2.20932 -0.997479 0.0434512 -0.0560982 52.5191 
-0.0562169 -0.0156179 0.998296 117.343 0.0415467 0.998975 0.0179682 -2.21789 -0.997554 0.042486 -0.0555104 52.4779 
-0.0562521 -0.0209916 0.998196 118.362 0.0391644 0.998963 0.0232148 -2.21693 -0.997648 0.0403996 -0.0553716 52.4415 
-0.055766 -0.0244343 0.998145 119.377 0.0362607 0.998991 0.026481 -2.21688 -0.997785 0.0376701 -0.0548237 52.4024 
-0.0556748 -0.0223043 0.9982 120.377 0.0349227 0.999095 0.0242722 -2.21462 -0.997838 0.0362112 -0.0548455 52.3646 
-0.0548816 -0.0154095 0.998374 121.372 0.0327589 0.999315 0.0172249 -2.21326 -0.997955 0.033651 -0.0543392 52.3257 
-0.0545295 -0.00920565 0.99847 122.367 0.0325304 0.99941 0.0109909 -2.21334 -0.997982 0.03308 -0.0541978 52.2857 
-0.0542405 -0.00411281 0.998519 123.347 0.0331227 0.999434 0.00591587 -2.2238 -0.997978 0.0333946 -0.0540736 52.2475 
-0.0542595 0.00050247 0.998527 124.318 0.0345168 0.999403 0.00137275 -2.23766 -0.99793 0.0345404 -0.0542445 52.2086 
-0.0538746 0.00490565 0.998536 125.287 0.0347579 0.999391 -0.0030345 -2.25458 -0.997943 0.0345435 -0.0540123 52.1744 
-0.0536633 0.00413036 0.998551 126.254 0.0362561 0.99934 -0.00218514 -2.27227 -0.997901 0.0360863 -0.0537777 52.1347 
-0.0536664 -0.00215357 0.998557 127.218 0.0351236 0.999375 0.00404305 -2.28877 -0.997941 0.0352899 -0.0535572 52.1019 
-0.0541447 -0.0121796 0.998459 128.175 0.0330964 0.999354 0.0139853 -2.30405 -0.997984 0.0338026 -0.0537067 52.0693 
-0.0553253 -0.0201225 0.998266 129.116 0.0276476 0.999383 0.0216774 -2.31163 -0.998086 0.0287989 -0.0547348 52.0423 
-0.0575349 -0.0231076 0.998076 130.037 0.0229609 0.999437 0.0244627 -2.31363 -0.998079 0.0243242 -0.0569719 52.0124 
-0.0594519 -0.0206034 0.998019 130.937 0.0182407 0.999598 0.0217226 -2.31668 -0.998065 0.019496 -0.0590522 51.9821 
-0.0604259 -0.0135341 0.998081 131.816 0.015297 0.999778 0.0144833 -2.32255 -0.998056 0.0161428 -0.0602054 51.9476 
-0.0608921 -0.00659524 0.998123 132.678 0.0174999 0.999817 0.00767409 -2.32996 -0.997991 0.0179344 -0.0607656 51.9072 
-0.0598183 -0.000608623 0.998209 133.522 0.0212269 0.999773 0.00188165 -2.34152 -0.997984 0.0213014 -0.0597918 51.8657 
-0.0566733 0.00186701 0.998391 134.349 0.0249532 0.999689 -0.000452935 -2.35832 -0.998081 0.0248874 -0.0567022 51.8261 
-0.052164 0.00125639 0.998638 135.158 0.0291652 0.999575 0.000265919 -2.37489 -0.998213 0.0291393 -0.0521785 51.7945 
-0.0472063 -0.0037001 0.998878 135.951 0.0318837 0.999478 0.00520916 -2.39018 -0.998376 0.0320938 -0.0470637 51.7665 
-0.0431147 -0.00801213 0.999038 136.72 0.0327591 0.999419 0.00942899 -2.40882 -0.998533 0.0331341 -0.0428272 51.7465 
-0.0389791 -0.00774939 0.99921 137.458 0.0333782 0.999402 0.009053 -2.42458 -0.998682 0.0337047 -0.0386972 51.7327 
-0.0342831 -0.00333034 0.999407 138.167 0.0346972 0.999388 0.00452055 -2.44085 -0.99881 0.0348316 -0.0341466 51.7175 
-0.029714 0.000713084 0.999558 138.847 0.0350976 0.999384 0.000330432 -2.45254 -0.998942 0.0350919 -0.0297207 51.7078 
-0.025391 0.00136206 0.999677 139.499 0.0362955 0.999341 -0.000439685 -2.4651 -0.999019 0.0362726 -0.0254237 51.7046 
-0.0211727 0.00105355 0.999775 140.122 0.033517 0.999438 -0.000343354 -2.48116 -0.999214 0.0335022 -0.0211961 51.708 
-0.0175144 5.24242e-05 0.999847 140.718 0.0287399 0.999587 0.000451069 -2.49852 -0.999434 0.0287434 -0.0175087 51.7203 
-0.0139347 0.000408591 0.999903 141.282 0.0241824 0.999708 -7.14614e-05 -2.51498 -0.99961 0.024179 -0.0139406 51.7296 
-0.0108656 0.00364013 0.999934 141.827 0.022443 0.999742 -0.00339552 -2.52631 -0.999689 0.0224047 -0.0109444 51.7329 
-0.00977779 0.00767667 0.999923 142.368 0.0214976 0.999741 -0.00746501 -2.53962 -0.999721 0.021423 -0.00994029 51.7377 
-0.0100806 0.00882429 0.99991 142.898 0.0185166 0.999791 -0.00863652 -2.5538 -0.999778 0.0184278 -0.0102419 51.743 
-0.0119677 0.00714764 0.999903 143.429 0.0124579 0.999898 -0.00699846 -2.56359 -0.999851 0.0123729 -0.0120555 51.7552 
-0.0142031 0.00286979 0.999895 143.957 0.00673473 0.999974 -0.00277431 -2.57532 -0.999876 0.00669462 -0.014222 51.7639 
-0.0163039 -0.00224734 0.999865 144.488 0.00587856 0.99998 0.0023435 -2.58502 -0.99985 0.00591597 -0.0162904 51.7619 
-0.0183723 -0.00516933 0.999818 145.012 0.00926828 0.999943 0.00534033 -2.59518 -0.999788 0.00936471 -0.0183234 51.7494 
-0.020924 -0.0030725 0.999776 145.523 0.0114471 0.999929 0.00331258 -2.60909 -0.999716 0.0115138 -0.0208874 51.7415 
-0.0238929 9.57714e-05 0.999715 146.026 0.0109855 0.99994 0.0001668 -2.61997 -0.999654 0.0109864 -0.0238925 51.7363 
-0.0264081 0.00179764 0.99965 146.528 0.00715194 0.999973 -0.00160924 -2.62761 -0.999626 0.00710694 -0.0264203 51.7346 
-0.0287448 0.00353784 0.999581 147.028 0.00640841 0.999974 -0.00335491 -2.63277 -0.999566 0.00630928 -0.0287668 51.7302 
-0.0305427 0.00483395 0.999522 147.526 0.00775157 0.999959 -0.00459916 -2.64024 -0.999503 0.00760739 -0.0305789 51.7184 
-0.0332296 0.00226323 0.999445 148.027 0.0084458 0.999962 -0.00198356 -2.65009 -0.999412 0.0083752 -0.0332474 51.7052 
-0.0357046 -0.00295518 0.999358 148.528 0.00792241 0.999963 0.00324006 -2.66005 -0.999331 0.00803301 -0.0356799 51.6947 
-0.0380688 -0.00617017 0.999256 149.023 0.00703279 0.999955 0.00644245 -2.66528 -0.99925 0.00727282 -0.0380236 51.6835 
-0.0408121 -0.00708451 0.999142 149.518 0.00460491 0.999963 0.00727848 -2.66853 -0.999156 0.00489801 -0.040778 51.6754 
-0.042806 -0.00863674 0.999046 150.01 0.0031659 0.999956 0.0087803 -2.67718 -0.999078 0.00353873 -0.0427768 51.664 
-0.0438363 -0.0102528 0.998986 150.5 0.00260268 0.999943 0.0103769 -2.68594 -0.999035 0.00305492 -0.0438071 51.6488 
-0.0448091 -0.0104766 0.998941 150.986 0.00214606 0.999942 0.0105834 -2.69123 -0.998993 0.00261802 -0.044784 51.6379 
-0.0438893 -0.00866417 0.998999 151.467 0.00510571 0.999947 0.00889675 -2.69135 -0.999023 0.00549107 -0.0438428 51.6238 
-0.0388387 -0.00590088 0.999228 151.943 0.00740664 0.999953 0.00619309 -2.69462 -0.999218 0.00764145 -0.0387931 51.6106 
-0.0315424 -0.00406512 0.999494 152.413 0.00766741 0.999961 0.00430903 -2.70029 -0.999473 0.00779945 -0.03151 51.6093 
-0.0214836 -0.00427441 0.99976 152.88 0.00573487 0.999974 0.0043986 -2.70684 -0.999753 0.00582799 -0.0214585 51.6177 
-0.00595411 -0.00534108 0.999968 153.337 0.00735535 0.999958 0.00538487 -2.7106 -0.999955 0.00738718 -0.00591457 51.631 
0.0163754 -0.00482773 0.999854 153.791 0.0131874 0.999902 0.00461202 -2.70835 -0.999779 0.01311 0.0164374 51.649 
0.0462605 -0.00453014 0.998919 154.233 0.020075 0.999792 0.00360446 -2.7154 -0.998728 0.0198865 0.0463418 51.6816 
0.0823016 -0.00530909 0.996593 154.669 0.0217234 0.999758 0.00353201 -2.7221 -0.996371 0.0213588 0.082397 51.7452 
0.122967 -0.00558499 0.992395 155.095 0.0188806 0.999816 0.00328731 -2.73259 -0.992231 0.0183328 0.12305 51.8352 
0.16482 -0.00261695 0.98632 155.513 0.0145574 0.999894 0.000220378 -2.74288 -0.986216 0.014322 0.164841 51.9457 
0.206499 0.00193584 0.978445 155.92 0.0143822 0.999884 -0.00501355 -2.74705 -0.978341 0.0151075 0.206447 52.0681 
0.248753 0.00607779 0.968548 156.323 0.0156791 0.999824 -0.0103009 -2.75216 -0.96844 0.0177483 0.248614 52.2028 
0.291028 0.00839787 0.956678 156.715 0.0168455 0.999762 -0.0139005 -2.75846 -0.956566 0.0201612 0.290817 52.3565 
0.332353 0.0102892 0.943099 157.092 0.0137297 0.999782 -0.015746 -2.76721 -0.943055 0.0181817 0.332139 52.5318 
0.372547 0.0143493 0.927902 157.448 0.00597392 0.999823 -0.01786 -2.77455 -0.927994 0.0121969 0.372395 52.7259 
0.412148 0.0193958 0.91091 157.797 -0.00221344 0.999792 -0.0202868 -2.78532 -0.911114 0.00634492 0.412106 52.9379 
0.451375 0.0253035 0.891976 158.152 -0.00664263 0.999665 -0.024997 -2.79654 -0.89231 0.00535796 0.451392 53.1639 
0.48954 0.0289929 0.871499 158.502 -0.00760635 0.999551 -0.0289802 -2.8093 -0.871948 0.00755803 0.48954 53.4027 
0.527125 0.0280881 0.849323 158.847 -0.00578284 0.999549 -0.0294671 -2.82312 -0.849768 0.0106213 0.52705 53.652 
0.562805 0.0264933 0.826165 159.191 -0.00711762 0.999605 -0.0272063 -2.83655 -0.826559 0.00943154 0.562771 53.9311 
0.596263 0.0272281 0.802328 159.531 -0.0112752 0.99961 -0.0255438 -2.85211 -0.80271 0.00618442 0.596337 54.2338 
0.627766 0.0314012 0.777769 159.852 -0.0182551 0.999505 -0.025619 -2.86828 -0.778188 0.0018845 0.628028 54.5573 
0.657607 0.0349245 0.752551 160.175 -0.0234879 0.99939 -0.0258552 -2.88525 -0.752995 -0.000673308 0.658026 54.8982 
0.685307 0.0358929 0.72737 160.494 -0.0234347 0.999354 -0.0272347 -2.90154 -0.727878 0.00161851 0.685705 55.2462 
0.71029 0.033771 0.703098 160.82 -0.018249 0.999396 -0.0295669 -2.91475 -0.703672 0.00817021 0.710478 55.6129 
0.732727 0.0351545 0.679614 161.137 -0.0194446 0.999339 -0.0307286 -2.92544 -0.680245 0.00930086 0.732926 55.9994 
0.752278 0.0393314 0.657671 161.445 -0.026261 0.999213 -0.0297183 -2.94327 -0.658322 0.00508541 0.752719 56.4126 
0.768655 0.0417942 0.638296 161.758 -0.0335643 0.999124 -0.0250012 -2.96304 -0.638782 -0.00220669 0.769385 56.847 
0.781692 0.0399219 0.622386 162.075 -0.0345609 0.999189 -0.0206841 -2.98032 -0.622707 -0.00534161 0.782437 57.2869 
0.792487 0.0345323 0.608911 162.405 -0.0301058 0.999394 -0.0174948 -2.99407 -0.609145 -0.00446732 0.793046 57.7364 
0.801613 0.0269003 0.597238 162.74 -0.0237483 0.999632 -0.0131495 -3.00927 -0.597371 -0.0036425 0.801957 58.1988 
0.808907 0.0200113 0.587596 163.075 -0.0186768 0.999791 -0.00833789 -3.02665 -0.58764 -0.00422979 0.809111 58.6803 
0.81541 0.0167612 0.578642 163.41 -0.0168988 0.999844 -0.00514838 -3.03877 -0.578638 -0.00558027 0.815566 59.1787 
0.822471 0.0136673 0.568643 163.748 -0.0144221 0.999891 -0.00317254 -3.0492 -0.568624 -0.00559166 0.822578 59.6905 
0.829661 0.00937363 0.558189 164.093 -0.00896276 0.999954 -0.00347031 -3.05455 -0.558195 -0.0021237 0.829707 60.2205 
0.836142 0.00970139 0.548427 164.432 -0.00700742 0.999951 -0.00700487 -3.0657 -0.548469 0.00201403 0.836169 60.7657 
0.84171 0.0138129 0.539753 164.768 -0.00851707 0.999888 -0.0123064 -3.07933 -0.539862 0.00576133 0.841734 61.3355 
0.84601 0.0191617 0.532822 165.11 -0.0117202 0.999781 -0.0173454 -3.09146 -0.533038 0.00842964 0.84605 61.915 
0.848097 0.0236183 0.529314 165.456 -0.014515 0.999667 -0.0213489 -3.10381 -0.529642 0.010423 0.848158 62.5085 
0.848008 0.028724 0.529205 165.812 -0.0200673 0.999554 -0.0220972 -3.12256 -0.529604 0.00811895 0.848206 63.1226 
0.846276 0.0288122 0.531965 166.184 -0.0225429 0.999579 -0.0182765 -3.14525 -0.532268 0.00347493 0.846569 63.7484 
0.843888 0.0303845 0.535659 166.562 -0.0251115 0.999538 -0.0171361 -3.16691 -0.535932 0.00100978 0.844261 64.3712 
0.841042 0.0319186 0.540027 166.956 -0.0274711 0.99949 -0.0162917 -3.18713 -0.540272 -0.00113312 0.84149 65.0209 
0.838027 0.0319849 0.54469 167.36 -0.028711 0.999482 -0.0145178 -3.20455 -0.544873 -0.00347224 0.838512 65.675 
0.834831 0.0297972 0.5497 167.782 -0.0261617 0.999553 -0.0144501 -3.21843 -0.549885 -0.00231769 0.835237 66.3342 
0.831453 0.026732 0.554951 168.216 -0.0241778 0.999637 -0.0119282 -3.23956 -0.555069 -0.00349971 0.831797 67.0044 
0.827595 0.027523 0.56065 168.656 -0.0256625 0.999608 -0.0111906 -3.25889 -0.560739 -0.00512634 0.827977 67.6788 
0.824225 0.0297325 0.565482 169.105 -0.0271363 0.999547 -0.0130023 -3.27661 -0.565612 -0.00462828 0.824658 68.3608 
0.821185 0.0305199 0.569846 169.567 -0.0258722 0.999533 -0.0162495 -3.29892 -0.570076 -0.00139926 0.821591 69.05 
0.818282 0.0326082 0.573892 170.035 -0.0260384 0.999468 -0.0196623 -3.32004 -0.574228 0.00114605 0.818695 69.7481 
0.815428 0.0320404 0.577972 170.515 -0.0255352 0.999486 -0.0193812 -3.34192 -0.578296 0.00104538 0.815827 70.4501 
0.812993 0.0289845 0.581552 171.006 -0.0267411 0.999565 -0.0124348 -3.36603 -0.58166 -0.00544196 0.813414 71.1683 
0.810626 0.0253518 0.585015 171.501 -0.0266744 0.999624 -0.00635742 -3.3919 -0.584956 -0.0104514 0.810997 71.884 
0.808681 0.0239251 0.587761 171.995 -0.0224905 0.9997 -0.0097492 -3.42017 -0.587818 -0.00533503 0.808976 72.5839 
0.807293 0.0292086 0.589428 172.486 -0.0211308 0.999565 -0.0205913 -3.44483 -0.589772 0.00416819 0.807559 73.2784 
0.805808 0.0317813 0.591323 172.981 -0.0192477 0.999437 -0.0274864 -3.47282 -0.591864 0.0107672 0.805966 73.975 
0.804983 0.0282841 0.592623 173.487 -0.0151548 0.999517 -0.0271185 -3.50734 -0.593104 0.0128489 0.805023 74.6772 
0.80438 0.0225165 0.593689 173.994 -0.0126025 0.999703 -0.0208401 -3.54525 -0.593982 0.00928138 0.804425 75.3836 
0.803792 0.0184349 0.594624 174.498 -0.00962954 0.999792 -0.0179792 -3.57678 -0.594832 0.00872557 0.803803 76.0897 
0.804076 0.0137752 0.594367 175.001 -0.00533473 0.999859 -0.0159558 -3.60635 -0.594503 0.00965894 0.804036 76.7844 
0.804388 0.0095101 0.594029 175.504 -9.69625e-05 0.999874 -0.0158761 -3.63586 -0.594105 0.012713 0.804287 77.4767 
0.805095 0.00780058 0.593094 175.997 0.00226243 0.999866 -0.0162216 -3.66756 -0.593141 0.0144018 0.80497 78.1633 
0.805882 0.00997814 0.591992 176.487 0.00293542 0.999778 -0.0208474 -3.69943 -0.592069 0.0185383 0.805674 78.8497 
0.806335 0.00980639 0.591378 176.972 0.00599316 0.999676 -0.0247484 -3.73283 -0.591429 0.0234997 0.806015 79.5359 
0.806651 0.00690096 0.590988 177.46 0.00834817 0.999699 -0.023068 -3.76432 -0.59097 0.0235415 0.80635 80.2162 
0.806375 0.00542474 0.59138 177.941 0.00571031 0.99984 -0.0169577 -3.79774 -0.591378 0.0170513 0.806215 80.9037 
0.805772 -0.000263652 0.592226 178.421 0.00621225 0.999949 -0.00800701 -3.82646 -0.592194 0.0101309 0.805732 81.5855 
0.805486 -0.00514193 0.592593 178.902 0.00863982 0.999958 -0.00306702 -3.84867 -0.592552 0.00759036 0.805496 82.2517 
0.804805 -0.00803232 0.593484 179.369 0.0114653 0.999932 -0.00201433 -3.86908 -0.593428 0.00842561 0.804843 82.8997 
0.803901 -0.00426884 0.594748 179.818 0.00910329 0.999945 -0.00512736 -3.89231 -0.594694 0.00953608 0.803896 83.5359 
0.802691 0.00346655 0.596384 180.253 0.00602698 0.999885 -0.0139238 -3.91778 -0.596364 0.0147709 0.802578 84.1535 
0.801236 0.00785017 0.598297 180.685 0.00623831 0.99975 -0.0214718 -3.94342 -0.598316 0.0209364 0.800987 84.7557 
