1 2.12261e-08 -2.11895e-08 0 2.12261e-08 1 2.10703e-08 0 -2.11895e-08 2.10703e-08 1 0 
0.999933 -0.00297052 0.0111505 0.0149373 0.0029582 0.999995 0.00112462 -0.0062143 -0.0111538 -0.00109152 0.999937 0.284909 
0.99983 -0.0051461 0.0176875 0.0254501 0.00512648 0.999986 0.00115708 -0.0102363 -0.0176933 -0.00106617 0.999843 0.576874 
0.99978 -0.00810273 0.0193536 0.0375817 0.00810635 0.999967 -0.00010648 -0.012991 -0.0193522 0.000263386 0.999813 0.880443 
0.999812 -0.00958011 0.0168516 0.0454742 0.00960838 0.999953 -0.00159491 -0.017787 -0.0168356 0.00175657 0.999857 1.19298 
0.999877 -0.0120789 0.00996795 0.0424747 0.0121102 0.999922 -0.00308424 -0.018826 -0.00992996 0.00320462 0.999946 1.51281 
0.9999 -0.013915 -0.00259995 0.0363513 0.0139017 0.999891 -0.00505862 -0.0223946 0.00267001 0.00502201 0.999984 1.84596 
0.999722 -0.0132055 -0.0195191 0.0161507 0.0131048 0.9999 -0.00528332 -0.0285369 0.0195869 0.0050261 0.999796 2.18652 
0.999195 -0.00874013 -0.0391459 -0.0202115 0.00853581 0.999949 -0.0053845 -0.0330046 0.0391909 0.00504607 0.999219 2.542 
0.998233 -0.005287 -0.0591943 -0.0626671 0.00490296 0.999966 -0.00663189 -0.0379014 0.0592273 0.00632999 0.998224 2.90928 
0.996804 -0.00508252 -0.0797244 -0.108555 0.00452191 0.999964 -0.00721126 -0.039925 0.0797581 0.00682775 0.996791 3.28455 
0.994865 -0.00667646 -0.100993 -0.162515 0.00603436 0.99996 -0.00666239 -0.0436779 0.101033 0.0060188 0.994865 3.67094 
0.992643 -0.00801202 -0.120816 -0.227219 0.00734358 0.999955 -0.00597726 -0.0464371 0.120858 0.00504611 0.992657 4.06767 
0.990308 -0.00682513 -0.138725 -0.304588 0.00612839 0.999966 -0.00544929 -0.0515541 0.138757 0.00454636 0.990316 4.46604 
0.987992 -0.0055625 -0.154408 -0.391239 0.00486957 0.999976 -0.00486581 -0.0566759 0.154431 0.00405552 0.987995 4.88396 
0.985774 -0.00482487 -0.16801 -0.484315 0.00403448 0.999979 -0.00504566 -0.0621931 0.16803 0.00429609 0.985772 5.30693 
0.983579 -0.00640396 -0.180366 -0.576042 0.00541394 0.999968 -0.00598092 -0.0699229 0.180398 0.00490626 0.983581 5.74736 
0.981675 -0.0101526 -0.190295 -0.668283 0.0087366 0.999928 -0.00827883 -0.0759291 0.190365 0.00646463 0.981692 6.19945 
0.980149 -0.00915832 -0.19805 -0.779647 0.0072802 0.999921 -0.0102094 -0.081791 0.198128 0.0085649 0.980139 6.65976 
0.9786 -0.00874034 -0.205585 -0.892495 0.00643304 0.999909 -0.011889 -0.0898035 0.20567 0.0103121 0.978567 7.1349 
0.976881 -0.00966817 -0.213563 -1.01178 0.0066815 0.99987 -0.0147025 -0.0990639 0.213678 0.0129358 0.976819 7.62129 
0.975103 -0.0134959 -0.221341 -1.13335 0.0101115 0.999814 -0.0164169 -0.109937 0.221521 0.0137701 0.975058 8.12086 
0.973201 -0.0197449 -0.229105 -1.25638 0.0161102 0.999713 -0.0177247 -0.12165 0.229389 0.0135588 0.97324 8.63884 
0.971088 -0.0203613 -0.237852 -1.39696 0.0160327 0.999669 -0.0201197 -0.137833 0.238183 0.0157246 0.971093 9.157 
0.969007 -0.0159457 -0.24652 -1.55696 0.0101804 0.999644 -0.0246439 -0.148582 0.246825 0.0213705 0.968824 9.68821 
0.966761 -0.0127657 -0.255365 -1.72265 0.00586282 0.999597 -0.0277745 -0.166424 0.255616 0.0253542 0.966446 10.234 
0.964504 -0.0153302 -0.263624 -1.88776 0.00782953 0.999535 -0.0294796 -0.187587 0.263953 0.0263692 0.964175 10.7884 
0.962109 -0.018072 -0.272067 -2.05721 0.00979921 0.999448 -0.0317356 -0.2093 0.27249 0.0278671 0.961755 11.3528 
0.959825 -0.0175178 -0.280052 -2.24191 0.00821259 0.999376 -0.0343659 -0.232349 0.280479 0.0306853 0.959369 11.9273 
0.957493 -0.0164654 -0.287986 -2.44087 0.0058443 0.999272 -0.0377018 -0.262092 0.288397 0.0344162 0.956892 12.5143 
0.955271 -0.0176048 -0.295208 -2.64526 0.005118 0.999061 -0.043018 -0.290548 0.295688 0.039583 0.954464 13.1062 
0.953483 -0.0190739 -0.300842 -2.85277 0.00401461 0.998711 -0.0505961 -0.324109 0.301419 0.0470349 0.952331 13.7137 
0.952181 -0.019774 -0.304895 -3.07081 0.00190569 0.998269 -0.0587915 -0.360949 0.305529 0.0553992 0.95057 14.3304 
0.950894 -0.0200436 -0.308867 -3.2928 -0.000904614 0.997717 -0.0675311 -0.404171 0.309515 0.0644943 0.948705 14.9535 
0.949509 -0.0197124 -0.313119 -3.52405 -0.00452649 0.99706 -0.0764961 -0.452883 0.313707 0.0740511 0.946628 15.5916 
0.948198 -0.0191392 -0.317104 -3.76232 -0.00782079 0.996475 -0.0835292 -0.508986 0.317585 0.0816823 0.944705 16.2378 
0.946606 -0.0172184 -0.321934 -4.00944 -0.0124932 0.995864 -0.0899978 -0.574332 0.322152 0.0892145 0.942475 16.8963 
0.944939 -0.0165128 -0.326829 -4.26189 -0.0156774 0.995295 -0.0956136 -0.644542 0.326871 0.0954729 0.940234 17.5609 
0.943346 -0.0142171 -0.331505 -4.52362 -0.0205819 0.994651 -0.101226 -0.714281 0.331171 0.102314 0.938007 18.2232 
0.94158 -0.0116775 -0.336588 -4.79273 -0.0248819 0.994256 -0.1041 -0.795614 0.33587 0.106394 0.93588 18.9039 
0.93982 -0.010913 -0.341497 -5.0729 -0.0267704 0.994065 -0.105441 -0.876198 0.340621 0.108237 0.93395 19.6053 
0.937725 -0.0100492 -0.347234 -5.36138 -0.0281203 0.994105 -0.104711 -0.95845 0.346239 0.107954 0.931914 20.303 
0.935421 -0.0097984 -0.353399 -5.65451 -0.0286117 0.994239 -0.1033 -1.04069 0.352375 0.10674 0.929752 21.0183 
0.932879 -0.00980047 -0.360058 -5.95573 -0.0286804 0.994435 -0.101376 -1.12477 0.359047 0.104898 0.927406 21.7426 
0.929619 -0.00908777 -0.368411 -6.27084 -0.0292749 0.994716 -0.0984071 -1.20529 0.367358 0.102266 0.92444 22.4884 
0.926288 -0.00696963 -0.376752 -6.59384 -0.0301862 0.995243 -0.0926274 -1.28879 0.375606 0.0971724 0.921671 23.2342 
0.922832 -0.00370043 -0.385185 -6.93364 -0.0325394 0.995631 -0.0875232 -1.36955 0.383826 0.0933029 0.91868 23.9789 
0.919205 0.000254982 -0.393779 -7.2752 -0.0360176 0.995862 -0.0834318 -1.44769 0.392128 0.090874 0.915411 24.7199 
0.91543 0.00123181 -0.402475 -7.63482 -0.0372862 0.995954 -0.0817593 -1.52124 0.400746 0.0898517 0.911772 25.476 
0.911452 0.00135621 -0.411404 -8.00165 -0.0381986 0.995954 -0.0813446 -1.59176 0.409629 0.0898568 0.907816 26.2305 
0.907574 0.00137315 -0.41989 -8.37929 -0.038584 0.996037 -0.0801406 -1.66301 0.418115 0.0889346 0.90403 26.9947 
0.903679 0.00255374 -0.428203 -8.76807 -0.0398963 0.996135 -0.0782563 -1.73803 0.426348 0.0878023 0.900288 27.7617 
0.899967 0.00199406 -0.435954 -9.16793 -0.0390737 0.996334 -0.0761052 -1.80935 0.434203 0.0855266 0.896746 28.5352 
0.896126 0.00233909 -0.443794 -9.58003 -0.0382619 0.99667 -0.0720067 -1.87804 0.442148 0.0815074 0.893231 29.3234 
0.892298 0.00446991 -0.451425 -9.99792 -0.0385247 0.997057 -0.0662762 -1.94557 0.449801 0.0765291 0.889844 30.1092 
0.888515 0.00461131 -0.458825 -10.434 -0.0372523 0.997374 -0.0621153 -2.01229 0.457334 0.0722827 0.886353 30.9091 
0.884899 0.0035848 -0.465768 -10.8798 -0.0356418 0.99756 -0.0600372 -2.0782 0.464416 0.0697277 0.882868 31.7117 
0.881604 0.00273863 -0.471981 -11.3346 -0.0347134 0.997651 -0.0590518 -2.13609 0.470711 0.0684445 0.879629 32.5239 
0.87847 0.00319332 -0.477787 -11.8062 -0.0346111 0.997776 -0.056968 -2.19613 0.476543 0.0665815 0.876627 33.3447 
0.875533 0.00180652 -0.483155 -12.2862 -0.032821 0.997906 -0.0557443 -2.25735 0.482042 0.0646637 0.873759 34.1755 
0.872986 0.000629653 -0.487745 -12.7863 -0.0317059 0.997957 -0.0554602 -2.31871 0.486714 0.0638804 0.871223 35.0185 
0.871043 0.000406848 -0.491206 -13.2868 -0.0320595 0.997915 -0.0560238 -2.37879 0.490159 0.064547 0.86924 35.8601 
0.869799 0.000296996 -0.493407 -13.794 -0.0323525 0.997882 -0.0564319 -2.4373 0.492345 0.0650474 0.867966 36.7051 
0.869466 0.000811383 -0.493992 -14.3068 -0.0324991 0.997926 -0.0555621 -2.49724 0.492922 0.0643637 0.86769 37.5553 
0.869252 0.00124175 -0.494368 -14.8274 -0.0320181 0.998039 -0.053791 -2.56202 0.493331 0.0625867 0.867587 38.4356 
0.868881 -0.000138966 -0.495021 -15.353 -0.0301226 0.998132 -0.0531528 -2.62625 0.494103 0.0610948 0.867254 39.3181 
0.86833 -0.00174557 -0.495984 -15.8834 -0.0288278 0.998126 -0.0539822 -2.68974 0.495149 0.0611726 0.866652 40.1973 
0.867297 -0.00362105 -0.497778 -16.4337 -0.0270805 0.99815 -0.0544444 -2.75303 0.497054 0.0606996 0.865594 41.1033 
0.86571 -0.00417526 -0.500528 -16.9864 -0.0255931 0.998288 -0.0525932 -2.81494 0.49989 0.0583406 0.864121 42.0221 
0.863695 -0.0033315 -0.504004 -17.5484 -0.0246636 0.998501 -0.0488655 -2.87503 0.503411 0.0546355 0.862318 42.94 
0.860857 -0.00364186 -0.508834 -18.1127 -0.0222567 0.998748 -0.0448027 -2.94051 0.50836 0.0498938 0.859698 43.8561 
0.856951 -0.00364394 -0.515385 -18.6792 -0.0215238 0.99885 -0.0428506 -3.00274 0.514949 0.047814 0.855887 44.7555 
0.851737 -0.00743912 -0.523916 -19.2495 -0.0188226 0.998819 -0.0447825 -3.06588 0.523631 0.0480045 0.850592 45.6453 
0.845649 -0.0108856 -0.533629 -19.8307 -0.0174824 0.998691 -0.0480771 -3.12604 0.533454 0.0499855 0.844351 46.5405 
0.839717 -0.0112456 -0.542907 -20.4178 -0.0171623 0.998737 -0.0472327 -3.18707 0.542752 0.0489797 0.838463 47.3808 
0.833908 -0.00785051 -0.551847 -21.0308 -0.0183083 0.998955 -0.0418771 -3.24855 0.551599 0.0450251 0.832893 48.2682 
0.828727 -0.00326226 -0.559644 -21.6544 -0.0214089 0.999066 -0.0375263 -3.30554 0.559244 0.0430805 0.827883 49.1493 
0.824739 -0.00341405 -0.565504 -22.2904 -0.0225677 0.998987 -0.0389442 -3.36164 0.565064 0.0448809 0.823826 50.0272 
0.821516 -0.00549957 -0.570158 -22.924 -0.0232148 0.998802 -0.0430834 -3.41682 0.569712 0.0486298 0.820404 50.8962 
0.818553 -0.00748232 -0.574382 -23.5643 -0.0260648 0.998402 -0.050151 -3.47653 0.573839 0.0560225 0.81705 51.7484 
0.815483 -0.00861416 -0.578717 -24.1988 -0.0262135 0.998314 -0.0517979 -3.53975 0.578187 0.0574105 0.813882 52.5991 
0.811962 -0.00716838 -0.583667 -24.8376 -0.025311 0.998552 -0.0474749 -3.60907 0.583162 0.0533211 0.810604 53.4611 
0.808763 -0.00484922 -0.588114 -25.4914 -0.0248095 0.998795 -0.042353 -3.67036 0.587611 0.0488445 0.807668 54.3321 
0.805953 -0.00279108 -0.591973 -26.1526 -0.025472 0.998899 -0.0393891 -3.72754 0.591431 0.0468246 0.804995 55.1753 
0.80279 -0.00267646 -0.596256 -26.8194 -0.0262191 0.998864 -0.0397847 -3.78268 0.595685 0.0475721 0.801808 56.0377 
0.799271 -0.00361764 -0.60096 -27.4855 -0.026746 0.998777 -0.0415844 -3.83676 0.600375 0.0493105 0.798197 56.8927 
0.795369 -0.00623715 -0.606093 -28.1522 -0.0257346 0.998698 -0.0440486 -3.89785 0.605578 0.0506325 0.794173 57.7274 
0.791296 -0.00754247 -0.611387 -28.8304 -0.0247632 0.998708 -0.0443708 -3.95584 0.610932 0.0502504 0.790087 58.5543 
0.786805 -0.0078705 -0.617152 -29.5181 -0.024108 0.998764 -0.0434724 -4.01544 0.616731 0.0490826 0.785642 59.3971 
0.781975 -0.0076846 -0.623262 -30.2117 -0.02404 0.998808 -0.0424768 -4.08119 0.622846 0.0481991 0.780859 60.2198 
0.776682 -0.00888401 -0.62983 -30.9137 -0.0238504 0.998769 -0.0434995 -4.13937 0.629441 0.048807 0.775514 61.0517 
0.771198 -0.0102515 -0.636512 -31.6271 -0.0233707 0.99874 -0.0444014 -4.19751 0.636166 0.0491181 0.769987 61.8872 
0.76558 -0.0116674 -0.643235 -32.3541 -0.0228179 0.998714 -0.0452734 -4.25657 0.642936 0.0493377 0.764329 62.724 
0.760002 -0.0132031 -0.649787 -33.0872 -0.0222106 0.998682 -0.0462703 -4.31938 0.649541 0.0495977 0.758707 63.5438 
0.753917 -0.0154122 -0.656788 -33.8274 -0.0209834 0.99865 -0.0475209 -4.37857 0.656634 0.0496085 0.752576 64.3657 
0.747869 -0.0166449 -0.663637 -34.5943 -0.0200072 0.998666 -0.0475945 -4.44072 0.663544 0.048872 0.746539 65.1868 
0.741757 -0.0160895 -0.670476 -35.3711 -0.0199801 0.998738 -0.0460712 -4.50362 0.670371 0.0475699 0.7405 66.0021 
0.735106 -0.0166895 -0.677747 -36.1343 -0.0189866 0.998798 -0.0451889 -4.56948 0.677686 0.0460868 0.733905 66.8161 
0.728647 -0.0190399 -0.684625 -36.9171 -0.0169827 0.998804 -0.0458522 -4.63352 0.684679 0.0450369 0.727452 67.6169 
0.722386 -0.0201914 -0.691195 -37.6943 -0.0174532 0.998723 -0.0474158 -4.70196 0.69127 0.0463161 0.721111 68.3958 
0.716236 -0.0197821 -0.697577 -38.5059 -0.0183817 0.998717 -0.0471952 -4.76281 0.697616 0.0466256 0.714954 69.1951 
0.71127 -0.0187265 -0.702669 -39.3357 -0.0195158 0.998734 -0.0463715 -4.82811 0.702648 0.0466959 0.710004 69.9743 
0.706392 -0.0181623 -0.707588 -40.1529 -0.0205718 0.998722 -0.0461722 -4.89423 0.707522 0.0471721 0.705115 70.7544 
0.701741 -0.0190926 -0.712176 -40.9927 -0.0207285 0.998671 -0.0471979 -4.96013 0.71213 0.0478831 0.700413 71.5398 
0.696605 -0.02047 -0.717163 -41.8363 -0.0220454 0.99851 -0.0499139 -5.02857 0.717116 0.0505804 0.695116 72.3246 
0.691692 -0.0227269 -0.721835 -42.6895 -0.022124 0.998369 -0.0526337 -5.09328 0.721853 0.0523762 0.690061 73.1038 
0.686656 -0.0231541 -0.726613 -43.5515 -0.022807 0.998315 -0.053365 -5.16421 0.726624 0.0532153 0.684971 73.8822 
0.68213 -0.0226715 -0.730879 -44.4271 -0.022497 0.998395 -0.0519663 -5.2345 0.730884 0.0518904 0.680526 74.6508 
0.677035 -0.0223235 -0.735613 -45.2962 -0.022371 0.998454 -0.0508895 -5.30863 0.735611 0.0509104 0.675488 75.4198 
0.671934 -0.0235256 -0.740237 -46.1716 -0.0215743 0.998449 -0.0513156 -5.38142 0.740297 0.0504508 0.670385 76.1844 
0.667141 -0.0244798 -0.744529 -47.0603 -0.0207732 0.99846 -0.0514429 -5.45392 0.744642 0.049786 0.665605 76.9564 
0.662777 -0.0249913 -0.7484 -47.9543 -0.0201284 0.998487 -0.051168 -5.52436 0.748547 0.0489771 0.661271 77.7164 
0.658664 -0.0258931 -0.751992 -48.8616 -0.0189248 0.998522 -0.0509579 -5.59811 0.752199 0.0477954 0.6572 78.487 
0.654755 -0.0288419 -0.755291 -49.775 -0.0160875 0.998514 -0.0520758 -5.67163 0.75567 0.0462477 0.653317 79.2552 
0.650789 -0.0333812 -0.758524 -50.7104 -0.0133243 0.998377 -0.0553685 -5.74377 0.759141 0.0461401 0.649288 80.0218 
0.645999 -0.0376435 -0.762409 -51.6253 -0.00894189 0.998342 -0.0568691 -5.82061 0.763286 0.0435549 0.644592 80.7782 
0.639477 -0.04104 -0.767714 -52.5545 -0.00419468 0.998373 -0.0568645 -5.90123 0.768799 0.0395839 0.638264 81.5301 
0.631138 -0.0448072 -0.774376 -53.4977 0.000747731 0.998365 -0.0571584 -5.9828 0.775671 0.0354958 0.630139 82.2797 
0.622113 -0.0459634 -0.781577 -54.4549 0.00355619 0.998431 -0.0558856 -6.06032 0.782919 0.0319878 0.6213 83.0237 
0.613343 -0.0444766 -0.788563 -55.4393 0.00381137 0.998568 -0.0533569 -6.14042 0.789807 0.0297207 0.612635 83.7629 
0.604263 -0.0443374 -0.79555 -56.4233 0.00339284 0.998585 -0.0530759 -6.22046 0.796778 0.0293727 0.603558 84.4849 
0.594811 -0.0456771 -0.802567 -57.4231 0.00250123 0.998485 -0.0549737 -6.29565 0.803862 0.0306916 0.594024 85.1955 
0.584826 -0.047943 -0.809741 -58.4412 0.00299466 0.998373 -0.0569486 -6.37545 0.811153 0.0308802 0.584018 85.9064 
0.575009 -0.0496021 -0.816642 -59.4785 0.00326108 0.998292 -0.0583392 -6.4545 0.818141 0.0308824 0.574188 86.6099 
0.565066 -0.0504616 -0.823501 -60.5303 0.00607169 0.998355 -0.0570099 -6.53467 0.825024 0.0272144 0.564443 87.3062 
0.554849 -0.0505235 -0.830415 -61.5857 0.00724375 0.99841 -0.0559045 -6.61878 0.831919 0.0250033 0.554333 87.9901 
0.544634 -0.0512978 -0.837104 -62.6495 0.00758906 0.998388 -0.0562438 -6.70216 0.83864 0.0242795 0.544145 88.6568 
0.534454 -0.0522209 -0.843583 -63.7181 0.00656672 0.998316 -0.0576391 -6.78358 0.845172 0.025266 0.533897 89.3107 
0.524467 -0.0524801 -0.849812 -64.7973 0.00474326 0.998263 -0.0587204 -6.86961 0.851418 0.0267661 0.523805 89.9464 
0.514785 -0.0535422 -0.855646 -65.8959 0.00374992 0.998179 -0.0602053 -6.95733 0.857311 0.0277842 0.514049 90.5759 
0.505389 -0.0532235 -0.861249 -67.0026 0.00248301 0.998182 -0.0602286 -7.04444 0.862888 0.0283004 0.504602 91.1938 
0.496624 -0.0512534 -0.866452 -68.1135 0.0018127 0.998314 -0.0580145 -7.13249 0.867964 0.0272408 0.495879 91.8066 
0.488823 -0.0496618 -0.870968 -69.2318 0.00242662 0.998452 -0.0555689 -7.2192 0.87238 0.0250499 0.488187 92.4056 
0.481005 -0.0502496 -0.875277 -70.3578 0.0028525 0.998441 -0.0557528 -7.30216 0.876713 0.0243207 0.480398 93.0029 
0.473346 -0.0533522 -0.87926 -71.494 0.00465738 0.998302 -0.0580682 -7.38751 0.880864 0.0233914 0.47279 93.5958 
0.46648 -0.0568537 -0.882703 -72.6344 0.00714525 0.998142 -0.0605129 -7.47369 0.884503 0.021921 0.466019 94.1769 
0.460563 -0.0593523 -0.88564 -73.7717 0.00759747 0.997989 -0.0629305 -7.56617 0.887594 0.0222549 0.460088 94.7358 
0.45489 -0.0630166 -0.888315 -74.917 0.00986426 0.997789 -0.0657313 -7.66171 0.890493 0.021138 0.454506 95.3112 
0.449932 -0.0642147 -0.890751 -76.0709 0.0125193 0.997767 -0.0656058 -7.75519 0.892975 0.0183666 0.449731 95.8845 
0.44561 -0.0617153 -0.893098 -77.2217 0.0142593 0.997984 -0.0618486 -7.85522 0.895114 0.0148254 0.445591 96.4446 
0.441442 -0.0599723 -0.895283 -78.3716 0.0176064 0.998151 -0.0581818 -7.95247 0.897117 0.00992121 0.441682 97.0018 
0.438056 -0.059437 -0.89698 -79.5185 0.0192911 0.998204 -0.0567233 -8.04588 0.89874 0.00754434 0.438416 97.5415 
0.43528 -0.0593011 -0.89834 -80.6526 0.020625 0.998223 -0.055901 -8.13397 0.900059 0.00580437 0.435729 98.0666 
0.432699 -0.0585833 -0.899633 -81.7812 0.0226294 0.998278 -0.0541229 -8.22075 0.901255 0.00306081 0.433279 98.5931 
0.430161 -0.0577724 -0.900902 -82.9034 0.0242921 0.99833 -0.0524213 -8.30769 0.902425 0.000664836 0.430846 99.1113 
0.427779 -0.0589647 -0.901958 -84.0337 0.0270857 0.998258 -0.052414 -8.39435 0.903477 -0.00200852 0.428631 99.6318 
0.425262 -0.0594084 -0.903118 -85.1664 0.0295825 0.998223 -0.0517346 -8.47676 0.904587 -0.00471568 0.426264 100.155 
0.422977 -0.058969 -0.90422 -86.288 0.0329867 0.998221 -0.0496688 -8.55345 0.90554 -0.00881844 0.42417 100.666 
0.421117 -0.0580462 -0.905147 -87.4118 0.0345118 0.998253 -0.0479605 -8.63376 0.90635 -0.0110413 0.422384 101.163 
0.419484 -0.0589498 -0.905847 -88.5068 0.0365202 0.998177 -0.0480464 -8.71987 0.907028 -0.0129269 0.420872 101.648 
0.418306 -0.0604362 -0.906293 -89.6033 0.0384208 0.998068 -0.0488228 -8.79721 0.907493 -0.0143976 0.41982 102.137 
0.417617 -0.0617983 -0.906519 -90.6731 0.0390208 0.997984 -0.0500573 -8.87929 0.907785 -0.0144683 0.419187 102.615 
0.418048 -0.062754 -0.906255 -91.7377 0.0382064 0.997943 -0.0514787 -8.95578 0.907621 -0.0131041 0.419586 103.085 
0.420431 -0.0625584 -0.905165 -92.7822 0.0362314 0.997982 -0.0521444 -9.03816 0.906601 -0.0108723 0.42185 103.547 
0.424154 -0.0628017 -0.90341 -93.8129 0.034296 0.997991 -0.0532746 -9.11762 0.904941 -0.00838671 0.425455 104.022 
0.429058 -0.0635591 -0.901038 -94.8375 0.0334743 0.997955 -0.0544558 -9.19733 0.902657 -0.00679691 0.430308 104.492 
0.434872 -0.0637837 -0.898231 -95.8578 0.032693 0.997949 -0.0550367 -9.27345 0.899899 -0.00543185 0.436065 104.965 
0.441735 -0.0628747 -0.89494 -96.8683 0.0319425 0.998011 -0.0543495 -9.35226 0.896577 -0.00457852 0.442865 105.444 
0.449764 -0.0615827 -0.891022 -97.8659 0.0305013 0.998097 -0.053587 -9.42993 0.892627 -0.00307578 0.450787 105.926 
0.458481 -0.0614619 -0.886576 -98.8618 0.0302787 0.998107 -0.0535355 -9.50325 0.888188 -0.00229933 0.459474 106.421 
0.467743 -0.0607175 -0.881777 -99.8454 0.0293011 0.998155 -0.0531881 -9.58206 0.883379 -0.000958637 0.468659 106.925 
0.477415 -0.0616342 -0.876514 -100.815 0.0286379 0.998098 -0.0545855 -9.65975 0.878211 0.000958469 0.478272 107.433 
0.487477 -0.0634699 -0.870826 -101.78 0.0272852 0.997975 -0.0574632 -9.7358 0.872709 0.0042514 0.488222 107.953 
0.498898 -0.0640326 -0.864292 -102.742 0.0254969 0.99792 -0.059215 -9.81736 0.866286 0.00750551 0.499493 108.487 
0.510697 -0.0621396 -0.857512 -103.686 0.0232634 0.998018 -0.0584667 -9.89939 0.859446 0.00991018 0.51113 109.034 
0.523349 -0.0596864 -0.850025 -104.608 0.0220144 0.998158 -0.0565339 -9.97899 0.851834 0.0108743 0.523699 109.574 
0.535617 -0.057398 -0.842508 -105.532 0.0214558 0.99829 -0.0543707 -10.0559 0.844188 0.0110452 0.535933 110.139 
0.547301 -0.0568133 -0.835005 -106.43 0.0213622 0.998317 -0.0539232 -10.1339 0.836663 0.0116747 0.547594 110.705 
0.558343 -0.0571593 -0.827639 -107.319 0.0214062 0.998284 -0.0545036 -10.2084 0.829334 0.0127151 0.558608 111.291 
0.569686 -0.0587403 -0.819761 -108.208 0.0220542 0.998176 -0.0561984 -10.2782 0.821566 0.0139364 0.569943 111.88 
0.580624 -0.0602293 -0.811941 -109.069 0.0239989 0.998093 -0.0568762 -10.3554 0.813818 0.0135381 0.580962 112.473 
0.590959 -0.060261 -0.804448 -109.908 0.0247881 0.998092 -0.0565572 -10.4333 0.80632 0.0134823 0.591325 113.081 
0.601528 -0.0578581 -0.796754 -110.745 0.0238115 0.998229 -0.0545116 -10.508 0.798497 0.0138184 0.601841 113.695 
0.611067 -0.0551613 -0.789655 -111.564 0.0243334 0.998407 -0.0509135 -10.5822 0.791205 0.0118966 0.611435 114.321 
0.620791 -0.0538953 -0.782121 -112.364 0.0235274 0.998466 -0.0501291 -10.6498 0.783623 0.0127185 0.621107 114.937 
0.630299 -0.0533274 -0.774519 -113.147 0.0217951 0.99846 -0.0510095 -10.7222 0.776047 0.0152705 0.63049 115.568 
0.639358 -0.0530139 -0.767079 -113.921 0.0200958 0.998432 -0.0522532 -10.792 0.768647 0.0179935 0.639421 116.202 
0.648019 -0.0527538 -0.759795 -114.68 0.0201275 0.998436 -0.0521566 -10.8557 0.761359 0.0185057 0.648067 116.853 
0.656746 -0.0507964 -0.752399 -115.43 0.0199969 0.998551 -0.0499601 -10.9251 0.753847 0.0177655 0.65681 117.502 
0.665387 -0.0492476 -0.744873 -116.17 0.0204481 0.99865 -0.0477602 -10.9887 0.746219 0.0165478 0.665495 118.139 
0.673023 -0.0491429 -0.737988 -116.887 0.0212881 0.998664 -0.0470873 -11.052 0.739316 0.0159805 0.67317 118.798 
0.680529 -0.0485951 -0.731108 -117.598 0.0204777 0.99867 -0.0473184 -11.1147 0.732435 0.0172302 0.680619 119.45 
0.687568 -0.0479196 -0.724537 -118.294 0.0201803 0.998696 -0.0469014 -11.1739 0.725839 0.0176266 0.687639 120.104 
0.694233 -0.0453195 -0.718322 -118.986 0.0195679 0.998835 -0.0441057 -11.2305 0.719484 0.0165637 0.694311 120.77 
0.701313 -0.0427879 -0.711568 -119.655 0.0188368 0.998961 -0.0415041 -11.2868 0.712605 0.0157038 0.70139 121.424 
0.708367 -0.0411915 -0.704642 -120.313 0.017821 0.999021 -0.0404851 -11.3427 0.70562 0.0161209 0.708407 122.075 
0.715712 -0.0405296 -0.697219 -120.951 0.0173876 0.999039 -0.0402257 -11.3961 0.698179 0.0166671 0.715729 122.714 
0.723422 -0.0377755 -0.689372 -121.579 0.0150056 0.999126 -0.0390024 -11.4469 0.690243 0.0178709 0.723357 123.362 
0.732298 -0.0351228 -0.680078 -122.188 0.0144713 0.999246 -0.0360238 -11.4997 0.680831 0.0165386 0.732254 124.001 
0.741688 -0.0312724 -0.670016 -122.786 0.0127007 0.999388 -0.0325863 -11.5477 0.670625 0.0156592 0.741631 124.65 
0.751943 -0.0290476 -0.658588 -123.383 0.0109443 0.999441 -0.0315857 -11.5984 0.659137 0.0165429 0.751841 125.304 
0.761852 -0.028921 -0.647106 -123.945 0.0101368 0.999413 -0.0327323 -11.6352 0.647672 0.0183776 0.761697 125.951 
0.771788 -0.029848 -0.63518 -124.506 0.0101917 0.99935 -0.0345773 -11.6764 0.635799 0.0202128 0.77159 126.609 
0.781599 -0.0290318 -0.623105 -125.07 0.00995589 0.99937 -0.0340746 -11.7197 0.623702 0.0204291 0.781395 127.309 
0.791863 -0.0274045 -0.610084 -125.621 0.00965736 0.99943 -0.0323588 -11.7612 0.610622 0.019732 0.791676 127.998 
0.802038 -0.0251767 -0.596742 -126.128 0.00954241 0.999524 -0.029345 -11.8084 0.597197 0.0178415 0.801896 128.665 
0.811767 -0.0239018 -0.583493 -126.634 0.0100163 0.999585 -0.0270115 -11.8445 0.583896 0.0160826 0.811669 129.354 
0.820772 -0.0223638 -0.570818 -127.125 0.0105826 0.999657 -0.0239485 -11.8818 0.571158 0.0136156 0.820727 130.061 
0.828849 -0.021552 -0.559057 -127.619 0.0112595 0.999698 -0.0218459 -11.9174 0.559359 0.0118123 0.828842 130.792 
0.836211 -0.0216736 -0.54798 -128.073 0.0125859 0.999714 -0.0203345 -11.947 0.548264 0.0101072 0.836245 131.482 
0.842801 -0.0215505 -0.537793 -128.535 0.0128866 0.99972 -0.0198657 -11.9782 0.53807 0.00981252 0.842843 132.194 
0.849471 -0.0211923 -0.527209 -128.981 0.012507 0.999721 -0.0200338 -12.0039 0.527487 0.0104244 0.849499 132.905 
0.856041 -0.0192449 -0.516549 -129.431 0.0110072 0.999759 -0.0190063 -12.0331 0.51679 0.0105845 0.856047 133.641 
0.862066 -0.0185355 -0.506457 -129.843 0.0106181 0.999772 -0.0185164 -12.0584 0.506685 0.0105848 0.862066 134.356 
0.86799 -0.0190742 -0.496215 -130.275 0.0114161 0.999764 -0.0184612 -12.0866 0.49645 0.0103594 0.868004 135.097 
0.873018 -0.0203922 -0.487262 -130.702 0.0125458 0.999734 -0.0193615 -12.114 0.487527 0.0107899 0.873041 135.858 
0.877415 -0.0210387 -0.47927 -131.128 0.0131537 0.999717 -0.019804 -12.141 0.479551 0.0110723 0.877444 136.62 
0.881019 -0.0202191 -0.472649 -131.549 0.0127504 0.999738 -0.0190003 -12.1689 0.472909 0.0107132 0.881046 137.376 
0.883995 -0.0183864 -0.467134 -131.97 0.0124982 0.999799 -0.0157008 -12.1924 0.467329 0.00804117 0.884047 138.171 
0.887194 -0.0141671 -0.461178 -132.399 0.0101049 0.999885 -0.0112764 -12.2206 0.461285 0.00534428 0.887236 138.964 
0.890501 -0.0117218 -0.454829 -132.822 0.00887154 0.999925 -0.0084005 -12.2415 0.454894 0.00344567 0.890539 139.772 
0.893767 -0.00902937 -0.448442 -133.251 0.00701302 0.999956 -0.00615688 -12.2605 0.448478 0.00235793 0.893791 140.593 
0.896948 -0.00740793 -0.442074 -133.673 0.00629534 0.999972 -0.00398385 -12.2731 0.442091 0.00079035 0.89697 141.428 
0.900242 -0.00618436 -0.435347 -134.103 0.00632753 0.999979 -0.00112084 -12.2832 0.435345 -0.00174559 0.900262 142.288 
0.903603 -0.00616337 -0.428326 -134.536 0.00725607 0.999973 0.000918397 -12.2974 0.428309 -0.00393778 0.903624 143.18 
0.907139 -0.00638972 -0.420783 -134.957 0.00800323 0.999966 0.00206878 -12.3089 0.420755 -0.00524425 0.907159 144.074 
0.91087 -0.00716942 -0.412632 -135.392 0.00883821 0.999959 0.0021358 -12.3163 0.4126 -0.00559232 0.910895 144.998 
0.914786 -0.00959068 -0.403826 -135.811 0.0112299 0.999936 0.00169108 -12.3278 0.403784 -0.00608188 0.914834 145.915 
0.91883 -0.0110613 -0.394498 -136.22 0.012351 0.999923 0.000730085 -12.3415 0.39446 -0.00554322 0.918896 146.846 
0.92331 -0.0119971 -0.383869 -136.624 0.0124939 0.999921 -0.00119943 -12.3559 0.383853 -0.00368852 0.923387 147.804 
0.928648 -0.0103262 -0.370819 -137.031 0.0104171 0.999944 -0.00175764 -12.3713 0.370816 -0.00223059 0.928704 148.787 
0.934944 -0.0069656 -0.354727 -137.437 0.00723335 0.999974 -0.000571362 -12.3773 0.354722 -0.00203163 0.93497 149.771 
0.941689 -0.00339391 -0.336467 -137.826 0.00451354 0.999987 0.00254543 -12.3869 0.336454 -0.00391561 0.941692 150.783 
0.948453 -7.94586e-05 -0.316919 -138.182 0.00152334 0.99999 0.00430811 -12.3948 0.316915 -0.00456876 0.948443 151.818 
0.955123 0.00140431 -0.296206 -138.518 0.000163718 0.999986 0.00526874 -12.4062 0.296209 -0.00508074 0.95511 152.86 
0.961439 0.00260829 -0.275006 -138.842 -0.000749455 0.999976 0.00686397 -12.4084 0.275018 -0.00639314 0.961418 153.916 
0.967303 0.00348627 -0.2536 -139.146 -0.00107678 0.999953 0.00963918 -12.4097 0.253622 -0.00905089 0.967261 155.019 
0.972721 0.00556051 -0.231911 -139.435 -0.00252982 0.999908 0.0133635 -12.4106 0.231963 -0.0124123 0.972645 156.152 
0.977658 0.00765083 -0.210064 -139.68 -0.0040383 0.999837 0.0176207 -12.4061 0.210164 -0.0163786 0.977529 157.258 
0.98209 0.00971301 -0.188165 -139.905 -0.00584244 0.99976 0.0211137 -12.4046 0.188325 -0.0196361 0.981911 158.374 
0.98603 0.0114119 -0.166175 -140.127 -0.00799174 0.999743 0.0212359 -12.3946 0.166374 -0.0196112 0.985868 159.536 
0.989461 0.0105291 -0.144416 -140.313 -0.00781636 0.999782 0.0193385 -12.3843 0.144588 -0.0180058 0.989328 160.671 
0.992245 0.0108396 -0.123826 -140.474 -0.00858807 0.999788 0.0187019 -12.3749 0.124002 -0.0174934 0.992128 161.819 
0.994565 0.00974114 -0.103659 -140.614 -0.00762477 0.999755 0.0207929 -12.3669 0.103836 -0.0198895 0.994396 162.996 
0.996423 0.0104234 -0.083855 -140.738 -0.00855041 0.999707 0.0226639 -12.3618 0.0840666 -0.0218658 0.99622 164.225 
0.997901 0.0107898 -0.0638561 -140.83 -0.00928406 0.999673 0.0238301 -12.354 0.0640923 -0.0231872 0.997675 165.467 
0.998968 0.012365 -0.0436941 -140.906 -0.0112919 0.999631 0.0247196 -12.3488 0.0439836 -0.0242007 0.998739 166.725 
0.999655 0.0128528 -0.0229133 -140.984 -0.0122691 0.999601 0.0254306 -12.3222 0.023231 -0.0251406 0.999414 168.033 
0.999881 0.0151772 -0.00265294 -141.003 -0.0151057 0.99957 0.0251336 -12.3172 0.00303322 -0.0250905 0.999681 169.354 
0.999714 0.0162934 0.0175065 -141.021 -0.0167143 0.999568 0.0241734 -12.3012 -0.0171051 -0.024459 0.999555 170.69 
0.999178 0.0163311 0.0371005 -141.005 -0.0171552 0.999611 0.0220046 -12.2823 -0.0367268 -0.0226229 0.999069 172.032 
0.998262 0.0182637 0.0560358 -140.95 -0.0193908 0.999619 0.019638 -12.2784 -0.0556558 -0.0206904 0.998236 173.395 
0.996989 0.0184007 0.0753233 -140.884 -0.0198045 0.999643 0.0179328 -12.2646 -0.0749665 -0.0193706 0.996998 174.756 
0.995377 0.0188204 0.0941876 -140.786 -0.0203353 0.999678 0.0151504 -12.2616 -0.0938722 -0.0169957 0.995439 176.071 
0.993445 0.0198087 0.112586 -140.644 -0.0210853 0.999726 0.0101601 -12.2773 -0.112354 -0.0124673 0.99359 177.49 
0.99123 0.0215528 0.130377 -140.477 -0.0222187 0.999746 0.00365526 -12.2957 -0.130265 -0.00651997 0.991458 178.89 
0.988723 0.0236549 0.147875 -140.309 -0.0237431 0.999717 -0.00116849 -12.3071 -0.147861 -0.00235566 0.989005 180.252 
0.98588 0.026057 0.165411 -140.111 -0.0255794 0.99966 -0.00501722 -12.3309 -0.165486 0.000715286 0.986212 181.605 
0.982699 0.0279932 0.18308 -139.886 -0.0270306 0.999605 -0.00775156 -12.3593 -0.183225 0.00266873 0.983067 183.041 
0.979342 0.0273125 0.200358 -139.619 -0.0263722 0.999625 -0.00736064 -12.391 -0.200484 0.00192473 0.979695 184.473 
0.975729 0.0262497 0.217401 -139.343 -0.0251438 0.999653 -0.007852 -12.4207 -0.217532 0.00219517 0.976051 185.871 
0.971917 0.0260856 0.233873 -139.008 -0.0237711 0.999637 -0.0127098 -12.4592 -0.23412 0.00679353 0.972184 187.291 
0.967844 0.0271194 0.250084 -138.66 -0.0236395 0.999578 -0.0169083 -12.4967 -0.250437 0.0104528 0.968076 188.712 
0.963468 0.0291274 0.266236 -138.231 -0.0255525 0.999531 -0.0168824 -12.547 -0.266603 0.00946268 0.96376 190.207 
0.958495 0.0314033 0.283373 -137.788 -0.0276554 0.999469 -0.0172177 -12.5992 -0.283764 0.00866633 0.958855 191.722 
0.953288 0.034843 0.300048 -137.227 -0.030185 0.999341 -0.0201466 -12.6622 -0.300552 0.0101486 0.953711 193.272 
0.947851 0.035243 0.31676 -136.68 -0.0292179 0.999291 -0.0237521 -12.7407 -0.317372 0.0132585 0.948208 194.784 
0.941791 0.0361639 0.334248 -136.222 -0.0291234 0.999236 -0.0260526 -12.7963 -0.334935 0.0148017 0.942125 196.249 
0.93545 0.0363667 0.351584 -135.677 -0.0271415 0.999147 -0.0311336 -12.8596 -0.352416 0.0195814 0.935639 197.771 
0.928067 0.0393703 0.370326 -135.102 -0.0275948 0.998933 -0.0370442 -12.9366 -0.371389 0.0241605 0.928163 199.277 
0.918966 0.0429493 0.391991 -134.471 -0.0295305 0.998755 -0.0402008 -13.0392 -0.39323 0.0253675 0.91909 200.848 
0.908305 0.0459829 0.415773 -133.794 -0.031651 0.998645 -0.0413009 -13.1464 -0.417109 0.0243542 0.90853 202.425 
0.895942 0.0510552 0.441226 -133.1 -0.035209 0.998409 -0.0440336 -13.2312 -0.442773 0.0239164 0.896315 203.979 
0.882686 0.0552951 0.466698 -132.407 -0.0374426 0.998172 -0.0474481 -13.317 -0.468469 0.0244074 0.883143 205.465 
0.86874 0.0594372 0.49169 -131.675 -0.0396148 0.997931 -0.0506401 -13.4094 -0.493682 0.0245149 0.869297 206.903 
0.854383 0.060901 0.516063 -130.888 -0.039221 0.997833 -0.0528214 -13.5202 -0.518162 0.0248892 0.85492 208.361 
0.839265 0.0627696 0.540087 -130.054 -0.039151 0.997712 -0.0551168 -13.6341 -0.542311 0.0251127 0.839802 209.833 
0.823604 0.0644326 0.563493 -129.168 -0.0372576 0.997526 -0.059606 -13.7875 -0.56594 0.0280974 0.823967 211.298 
0.807766 0.0667776 0.585709 -128.255 -0.035448 0.997268 -0.0648127 -13.9141 -0.588437 0.0315913 0.807926 212.691 
0.792462 0.0689518 0.606011 -127.357 -0.0347814 0.997081 -0.067965 -14.0309 -0.608928 0.0327819 0.792548 213.932 
0.777438 0.0700433 0.625047 -126.387 -0.0327803 0.996941 -0.0709457 -14.1765 -0.628104 0.0346667 0.777357 215.184 
0.762624 0.0703362 0.643006 -125.368 -0.0307979 0.996891 -0.0725191 -14.3154 -0.646108 0.0355016 0.76242 216.433 
0.747939 0.0710794 0.65995 -124.297 -0.0294733 0.996826 -0.0739593 -14.4708 -0.663112 0.0358662 0.74766 217.72 
0.733057 0.0714693 0.676402 -123.157 -0.0268067 0.996727 -0.0762632 -14.6464 -0.679639 0.0377732 0.732574 219.079 
0.718794 0.0729756 0.691383 -122.04 -0.024685 0.996528 -0.0795199 -14.8023 -0.694785 0.0400917 0.718099 220.295 
0.70457 0.0748206 0.705679 -120.912 -0.0221783 0.996262 -0.0834865 -14.971 -0.709288 0.0431714 0.703596 221.46 
0.690372 0.0765218 0.719396 -119.772 -0.0210048 0.996091 -0.0857962 -15.1408 -0.72315 0.0441206 0.689281 222.574 
0.675748 0.077304 0.733068 -118.604 -0.0200938 0.996048 -0.0865133 -15.3023 -0.736859 0.0437311 0.674631 223.686 
0.659917 0.0785537 0.747221 -117.439 -0.0207939 0.996048 -0.0863479 -15.4663 -0.751051 0.0414448 0.658943 224.769 
0.643373 0.0796828 0.761394 -116.249 -0.022936 0.996128 -0.0848677 -15.6249 -0.765209 0.0371382 0.64271 225.823 
0.626484 0.0806296 0.775253 -115.063 -0.025078 0.996205 -0.083344 -15.7781 -0.779031 0.0327719 0.626129 226.827 
0.609454 0.0824043 0.788527 -113.856 -0.0276437 0.996188 -0.0827397 -15.9331 -0.792339 0.0286283 0.609409 227.81 
0.592102 0.0853024 0.801336 -112.649 -0.0284024 0.995973 -0.0850352 -16.0923 -0.805362 0.0275896 0.59214 228.761 
0.574911 0.0888184 0.813381 -111.424 -0.0307887 0.995735 -0.0869688 -16.2579 -0.817637 0.0249564 0.575193 229.659 
0.556442 0.0888099 0.826127 -110.193 -0.0307018 0.99579 -0.0863696 -16.417 -0.830319 0.022696 0.556826 230.536 
0.53598 0.0880861 0.839622 -108.93 -0.0319649 0.995946 -0.0840811 -16.58 -0.843625 0.0182274 0.536623 231.413 
0.515358 0.0863897 0.852609 -107.667 -0.0321105 0.996154 -0.081525 -16.7345 -0.856373 0.0146369 0.51615 232.23 
0.494559 0.08499 0.864979 -106.388 -0.0325636 0.996321 -0.0792767 -16.89 -0.868534 0.0110401 0.495507 233.018 
0.473782 0.083862 0.87664 -105.131 -0.0318809 0.996436 -0.078092 -17.0378 -0.880065 0.00905053 0.474767 233.744 
0.453168 0.0832954 0.887525 -103.863 -0.0306492 0.996492 -0.0778726 -17.1769 -0.890898 0.0080875 0.454132 234.436 
0.433249 0.08232 0.897507 -102.59 -0.0280959 0.99657 -0.0778434 -17.321 -0.900836 0.00850933 0.434075 235.076 
0.413072 0.0822424 0.906977 -101.265 -0.0256538 0.99657 -0.0786826 -17.4814 -0.910337 0.00923417 0.413765 235.708 
0.393003 0.0813568 0.915931 -99.9853 -0.0218041 0.996623 -0.0791686 -17.6207 -0.919279 0.0111425 0.39345 236.289 
0.372444 0.0793781 0.924654 -98.679 -0.0201084 0.996792 -0.0774713 -17.7676 -0.927837 0.0102604 0.372845 236.858 
0.352382 0.0791785 0.932501 -97.3537 -0.0192261 0.996817 -0.0773742 -17.9082 -0.935659 0.00933692 0.352783 237.397 
0.332984 0.0838487 0.939197 -96.0192 -0.0195623 0.996438 -0.0820234 -18.051 -0.94273 0.00893956 0.333438 237.9 
0.314017 0.0931434 0.944837 -94.7156 -0.0208911 0.995613 -0.0912057 -18.1953 -0.949188 0.00890144 0.314585 238.364 
0.294815 0.100982 0.950203 -93.4174 -0.0231253 0.994863 -0.0985535 -18.345 -0.955274 0.00708131 0.295636 238.811 
0.275509 0.105119 0.955534 -92.0951 -0.0255388 0.994453 -0.102037 -18.5043 -0.960959 0.00370892 0.276666 239.234 
0.255996 0.106461 0.960798 -90.8041 -0.0283253 0.994316 -0.102628 -18.6687 -0.966263 -0.000942617 0.257556 239.614 
0.236058 0.106734 0.965859 -89.5282 -0.0321355 0.994263 -0.102019 -18.8265 -0.971207 -0.00695596 0.238134 239.974 
0.216897 0.107088 0.970303 -88.2502 -0.0337312 0.994193 -0.102185 -18.981 -0.975612 -0.0105659 0.21925 240.302 
0.198283 0.105559 0.974444 -86.9849 -0.0337588 0.994329 -0.100843 -19.1357 -0.979563 -0.0129005 0.200722 240.588 
0.179634 0.105706 0.978038 -85.7415 -0.0338397 0.994286 -0.101247 -19.2814 -0.983151 -0.0149092 0.182184 240.856 
0.161488 0.106472 0.981114 -84.517 -0.0330992 0.994188 -0.102443 -19.4257 -0.98632 -0.0159307 0.164073 241.088 
0.142547 0.110036 0.983653 -83.2859 -0.0368024 0.993703 -0.105827 -19.5747 -0.989104 -0.0211155 0.145699 241.311 
0.124163 0.111893 0.985933 -82.0335 -0.0368412 0.993456 -0.108107 -19.7252 -0.991578 -0.0229 0.127473 241.509 
0.10685 0.109056 0.988276 -80.7872 -0.0370123 0.993714 -0.105654 -19.8815 -0.993586 -0.0252893 0.110215 241.693 
0.0917083 0.104434 0.990294 -79.5436 -0.0345657 0.99422 -0.101647 -20.0395 -0.995186 -0.0249083 0.094788 241.822 
0.0776401 0.100278 0.991926 -78.34 -0.0341559 0.994612 -0.0978762 -20.1829 -0.996396 -0.026281 0.0806469 241.944 
0.0649588 0.0968236 0.99318 -77.1434 -0.0321244 0.994969 -0.0948969 -20.3248 -0.997371 -0.0257409 0.0677424 242.05 
0.0544483 0.0968534 0.993808 -75.9719 -0.0317833 0.994948 -0.0952232 -20.4616 -0.998011 -0.0264018 0.0572516 242.139 
0.0458497 0.0991009 0.994021 -74.8153 -0.0321421 0.994698 -0.0976858 -20.5967 -0.998431 -0.027471 0.0487919 242.221 
0.0387569 0.100865 0.994145 -73.6759 -0.0335989 0.994461 -0.0995871 -20.727 -0.998684 -0.0295424 0.0419312 242.297 
0.0328716 0.104873 0.993942 -72.5559 -0.0339851 0.994022 -0.103757 -20.8667 -0.998882 -0.0303686 0.0362392 242.36 
0.0273354 0.113587 0.993152 -71.444 -0.0333873 0.993073 -0.112659 -21.0051 -0.999069 -0.0300791 0.0309384 242.417 
0.0223519 0.116238 0.99297 -70.3446 -0.0351704 0.992695 -0.115414 -21.1417 -0.999131 -0.0323435 0.0262768 242.472 
0.0185581 0.107878 0.993991 -69.2415 -0.0339379 0.993657 -0.107208 -21.2792 -0.999252 -0.0317444 0.0221015 242.52 
0.0160368 0.0979756 0.99506 -68.1438 -0.0326721 0.994708 -0.0974143 -21.4132 -0.999338 -0.0309484 0.019153 242.563 
0.0147176 0.0943984 0.995426 -67.0584 -0.0322347 0.995061 -0.0938871 -21.5353 -0.999372 -0.0307055 0.0176878 242.6 
0.0145679 0.096459 0.99523 -65.9894 -0.0331028 0.994837 -0.0959363 -21.6551 -0.999346 -0.0315473 0.0176858 242.644 
0.0149105 0.0994989 0.994926 -64.9252 -0.0325808 0.994557 -0.0989737 -21.7763 -0.999358 -0.0309398 0.0180711 242.683 
0.0166497 0.101975 0.994648 -63.8744 -0.0351366 0.994231 -0.101344 -21.8988 -0.999244 -0.0332612 0.0201367 242.724 
0.0184871 0.102717 0.994539 -62.835 -0.0374013 0.994084 -0.101974 -22.0195 -0.999129 -0.0353119 0.0222194 242.77 
0.0216336 0.104405 0.9943 -61.8084 -0.0382094 0.993892 -0.103531 -22.1388 -0.999036 -0.0357519 0.0254907 242.816 
0.0248729 0.105416 0.994117 -60.7852 -0.0406609 0.993709 -0.104355 -22.2603 -0.998863 -0.037826 0.0290027 242.875 
0.0294372 0.106471 0.99388 -59.7644 -0.041964 0.993566 -0.105194 -22.3809 -0.998685 -0.0386106 0.0337158 242.935 
0.0354789 0.105589 0.993777 -58.7322 -0.0426825 0.993656 -0.104052 -22.4955 -0.998459 -0.0387252 0.0397606 243.007 
0.0417814 0.104277 0.99367 -57.7157 -0.0412584 0.993871 -0.102563 -22.614 -0.998275 -0.036712 0.0458276 243.078 
0.0488338 0.103453 0.993435 -56.7303 -0.0396114 0.99404 -0.101569 -22.7324 -0.998021 -0.0343914 0.0526407 243.151 
0.0561389 0.104383 0.992952 -55.731 -0.0385388 0.994005 -0.102315 -22.8471 -0.997679 -0.0325233 0.0598252 243.229 
0.0628235 0.104403 0.992549 -54.7374 -0.0391088 0.994007 -0.102081 -22.9598 -0.997258 -0.0324043 0.0665301 243.316 
0.0691362 0.103312 0.992243 -53.7533 -0.0401471 0.994106 -0.100708 -23.0742 -0.996799 -0.0328731 0.0728764 243.417 
0.0756667 0.101156 0.991989 -52.7669 -0.0408755 0.994319 -0.0982759 -23.1874 -0.996295 -0.0331119 0.0793716 243.52 
0.0823951 0.0997265 0.991598 -51.7847 -0.0408661 0.994482 -0.0966209 -23.2973 -0.995762 -0.0325616 0.0860159 243.624 
0.089028 0.100319 0.990964 -50.8067 -0.0412839 0.994432 -0.0969615 -23.4081 -0.995173 -0.0322786 0.0926738 243.737 
0.0955456 0.102336 0.990151 -49.8358 -0.0406595 0.994273 -0.0988383 -23.5179 -0.994594 -0.0308154 0.0991593 243.858 
0.101942 0.103861 0.989354 -48.8705 -0.0406505 0.994139 -0.100175 -23.624 -0.993959 -0.0300056 0.105567 243.982 
0.108107 0.105696 0.988505 -47.9159 -0.0426001 0.993911 -0.101615 -23.737 -0.993226 -0.0311251 0.111951 244.116 
0.114193 0.10647 0.987737 -46.9564 -0.0449252 0.993777 -0.101927 -23.8461 -0.992442 -0.0327349 0.118265 244.258 
0.120622 0.106045 0.987018 -45.9918 -0.0454616 0.993825 -0.101221 -23.9572 -0.991657 -0.0326619 0.124698 244.41 
0.126854 0.103772 0.986478 -45.0325 -0.0465039 0.994041 -0.098588 -24.0676 -0.990831 -0.0333689 0.130923 244.558 
0.132921 0.102277 0.985835 -44.0703 -0.0471004 0.994189 -0.096793 -24.1758 -0.990007 -0.0335674 0.136966 244.715 
0.139269 0.101631 0.985026 -43.1191 -0.0470961 0.994274 -0.0959259 -24.2825 -0.989134 -0.0330313 0.143258 244.875 
0.146079 0.102827 0.983914 -42.183 -0.0469732 0.994183 -0.0969258 -24.3874 -0.988157 -0.0320587 0.150059 245.04 
0.153423 0.102933 0.982785 -41.2415 -0.044748 0.994263 -0.0971494 -24.4933 -0.987147 -0.0290727 0.157148 245.204 
0.162088 0.104629 0.981214 -40.2988 -0.0435262 0.994153 -0.0988185 -24.5987 -0.985816 -0.0266912 0.165695 245.381 
