1 2.12261e-08 -2.11895e-08 0 2.12261e-08 1 2.10703e-08 0 -2.11895e-08 2.10703e-08 1 0 
0.999876 0.00144906 0.0156878 0.0153069 -0.00143311 0.999998 -0.00102549 0.000843279 -0.0156893 0.00100293 0.999876 0.117579 
0.999301 0.0043513 0.0371414 0.0305041 -0.004333 0.99999 -0.000572062 -0.00112596 -0.0371436 0.00041077 0.99931 0.256175 
0.997916 0.00598834 0.0642454 0.0618246 -0.00605926 0.999981 0.000909751 -0.00382495 -0.0642388 -0.00129709 0.997934 0.409166 
0.995132 0.00573659 0.0983889 0.104943 -0.00608333 0.999976 0.003225 -0.00667069 -0.0983681 -0.00380779 0.995143 0.573836 
0.990638 0.00262791 0.13649 0.168428 -0.00336002 0.999981 0.00513406 -0.00471096 -0.136474 -0.00554456 0.990628 0.750623 
0.984378 -0.000292328 0.176067 0.244066 -0.000688774 0.999985 0.00551145 -0.00199378 -0.176066 -0.00554658 0.984363 0.935203 
0.97557 -0.000213754 0.219687 0.310075 -0.00129801 0.999977 0.00673729 -0.00177061 -0.219684 -0.00685782 0.975547 1.08826 
0.963457 0.000244627 0.267862 0.382757 -0.00284173 0.999953 0.00930819 0.00988343 -0.267848 -0.0097292 0.963412 1.25631 
0.948955 -0.00394445 0.315386 0.479006 -0.00140684 0.999859 0.0167381 -0.00145151 -0.315407 -0.0163274 0.948816 1.4321 
0.931887 -0.0133244 0.362503 0.598681 0.00467492 0.999683 0.0247273 -0.00844557 -0.362718 -0.0213483 0.931654 1.62028 
0.910416 -0.0186486 0.413273 0.731899 0.00724275 0.999549 0.0291486 -0.00891549 -0.41363 -0.0235441 0.910141 1.80591 
0.884971 -0.0197467 0.465228 0.890894 0.0050324 0.999448 0.0328491 -0.0016951 -0.465619 -0.0267293 0.884581 2.01444 
0.856401 -0.0218487 0.515848 1.03561 0.00300643 0.999298 0.037334 0.0050015 -0.516302 -0.030422 0.855866 2.1956 
0.823792 -0.0265646 0.566269 1.22989 0.00378247 0.999137 0.0413685 0.0109214 -0.56688 -0.0319371 0.823181 2.40031 
0.787453 -0.0321613 0.615535 1.42116 0.00580415 0.99898 0.044771 0.00851345 -0.616348 -0.0316823 0.786837 2.58254 
0.748961 -0.0363526 0.661616 1.64214 0.00645011 0.998847 0.0475802 0.00752121 -0.662583 -0.0313682 0.748332 2.77306 
0.708269 -0.0390942 0.70486 1.87431 0.00706677 0.998808 0.0482968 0.0246871 -0.705908 -0.029226 0.707701 2.97195 
0.665323 -0.0408809 0.745436 2.13497 0.00579695 0.998752 0.0495993 0.0346083 -0.746534 -0.0286782 0.664729 3.1865 
0.621692 -0.0410399 0.782186 2.42447 0.000773311 0.998658 0.0517833 0.0428225 -0.783261 -0.0315884 0.62089 3.40435 
0.579081 -0.0417064 0.814203 2.75074 -0.00235745 0.998601 0.0528286 0.0555906 -0.815267 -0.0325115 0.578172 3.618 
0.53816 -0.04302 0.841744 3.10279 -0.00410529 0.998551 0.0536588 0.0716447 -0.842833 -0.0323326 0.537204 3.82573 
0.499009 -0.0450966 0.865422 3.47989 -0.00574661 0.998451 0.0553422 0.0902477 -0.866578 -0.0325895 0.497977 4.02483 
0.461218 -0.0447918 0.886156 3.89289 -0.00896282 0.998439 0.0551322 0.105337 -0.887242 -0.0333704 0.460096 4.22054 
0.424189 -0.0440555 0.904501 4.32815 -0.00997986 0.998528 0.0533156 0.124031 -0.905519 -0.0316427 0.423125 4.41861 
0.390059 -0.0426095 0.919803 4.80871 -0.0088286 0.99871 0.0500088 0.146972 -0.920748 -0.0276269 0.38918 4.60917 
0.360108 -0.0407236 0.932021 5.31428 -0.00658894 0.998911 0.0461921 0.171493 -0.932887 -0.0227752 0.359448 4.78955 
0.334405 -0.0389354 0.941625 5.85119 -0.00543362 0.99905 0.0432397 0.19273 -0.942414 -0.019576 0.333876 4.97455 
0.313856 -0.0382591 0.948699 6.41503 -0.00431058 0.99912 0.0417185 0.21888 -0.949461 -0.0171831 0.313415 5.16347 
0.299021 -0.0388313 0.953456 7.01588 -0.00317429 0.999126 0.0416869 0.242995 -0.954241 -0.0154918 0.298636 5.35357 
0.287417 -0.0402171 0.956961 7.64243 -0.00232623 0.999086 0.0426861 0.26808 -0.957803 -0.0144948 0.28706 5.54588 
0.276534 -0.0420654 0.960083 8.29483 -0.00330368 0.998994 0.0447219 0.292511 -0.960998 -0.0155389 0.276117 5.73688 
0.265826 -0.0438238 0.963024 8.96481 -0.0049042 0.998892 0.0468098 0.317145 -0.964009 -0.0171661 0.265317 5.93172 
0.255428 -0.0455584 0.965754 9.66989 -0.00571009 0.998801 0.0486276 0.347991 -0.966811 -0.0179354 0.254862 6.13532 
0.245393 -0.047308 0.968269 10.3968 -0.00657058 0.998704 0.0504603 0.38123 -0.969401 -0.0187447 0.244765 6.32457 
0.2349 -0.048889 0.970789 11.1396 -0.00664106 0.99863 0.0518981 0.410823 -0.971997 -0.0186379 0.234253 6.51462 
0.2243 -0.0501133 0.973231 11.9079 -0.00666901 0.998575 0.0529553 0.446693 -0.974497 -0.0183684 0.223646 6.70559 
0.213693 -0.0528645 0.97547 12.6884 -0.00785029 0.99841 0.0558275 0.483645 -0.976869 -0.0195877 0.212938 6.88961 
0.202176 -0.056482 0.977719 13.4807 -0.00963214 0.998173 0.0596554 0.518336 -0.979302 -0.0214784 0.201263 7.07104 
0.189859 -0.0604032 0.979952 14.2764 -0.010293 0.997928 0.0635055 0.556735 -0.981758 -0.0221437 0.188844 7.23723 
0.176875 -0.0625734 0.982242 15.0765 -0.0112088 0.997784 0.0655819 0.59414 -0.98417 -0.0226096 0.175781 7.38988 
0.162841 -0.0632856 0.984621 15.8871 -0.0116443 0.997748 0.0660552 0.630252 -0.986584 -0.0222217 0.161737 7.53208 
0.148274 -0.0621252 0.986993 16.6984 -0.0130502 0.997815 0.064767 0.670245 -0.98886 -0.0224837 0.147139 7.66444 
0.131614 -0.0610064 0.989422 17.5151 -0.0137134 0.997897 0.0633532 0.708553 -0.991206 -0.0219065 0.130501 7.7817 
0.110935 -0.059359 0.992053 18.3365 -0.0163297 0.997971 0.0615392 0.746202 -0.993694 -0.0230268 0.109741 7.88729 
0.0852019 -0.0579024 0.99468 19.1686 -0.0207335 0.997991 0.0598712 0.78342 -0.996148 -0.0257243 0.0838302 7.97192 
0.0544011 -0.0573289 0.996872 20.003 -0.0248696 0.997963 0.0587489 0.818141 -0.998209 -0.0279878 0.0528645 8.03227 
0.0210825 -0.0570576 0.998148 20.8431 -0.0279073 0.997948 0.0576357 0.854077 -0.999388 -0.0290707 0.0194469 8.05567 
-0.0135722 -0.056457 0.998313 21.6768 -0.0296309 0.997989 0.0560359 0.88512 -0.999469 -0.0288204 -0.0152178 8.05379 
-0.0476732 -0.0551391 0.99734 22.5209 -0.0302931 0.998096 0.0537329 0.914501 -0.998404 -0.0276509 -0.0492528 8.01954 
-0.080671 -0.0531787 0.995321 23.3621 -0.0323854 0.998188 0.0507071 0.942448 -0.996215 -0.0281433 -0.0822471 7.95879 
-0.112974 -0.0501254 0.992333 24.202 -0.0342052 0.998331 0.0465342 0.965354 -0.993009 -0.0286858 -0.1145 7.86812 
-0.145542 -0.045826 0.98829 25.0389 -0.0319136 0.998624 0.0416054 0.984188 -0.988837 -0.0254845 -0.146804 7.74998 
-0.176957 -0.0398034 0.983413 25.8683 -0.0264881 0.999013 0.0356685 1.00236 -0.983862 -0.0197369 -0.177837 7.5949 
-0.20726 -0.0333581 0.977717 26.6821 -0.0196581 0.999359 0.0299293 1.00937 -0.978088 -0.0130169 -0.207782 7.41687 
-0.236067 -0.0277442 0.971341 27.4961 -0.0140024 0.999586 0.025148 1.01532 -0.971636 -0.00766453 -0.236358 7.21223 
-0.26373 -0.0215209 0.964357 28.2997 -0.00462374 0.999768 0.0210467 1.01097 -0.964586 0.00109171 -0.263768 6.98706 
-0.289762 -0.0111566 0.957034 29.1072 0.00125241 0.999927 0.0120358 1.00514 -0.957098 0.00468612 -0.289727 6.73113 
-0.315021 0.00426122 0.949075 29.8837 0.00568438 0.99998 -0.00260295 0.989563 -0.949068 0.00457491 -0.315039 6.47071 
-0.33958 0.0217344 0.940326 30.64 0.00739868 0.999764 -0.0204363 0.963103 -0.940548 1.73817e-05 -0.339661 6.20768 
-0.364557 0.0366669 0.930459 31.3958 0.00797055 0.999311 -0.0362572 0.932565 -0.931147 -0.00580155 -0.364598 5.91467 
-0.388916 0.0470063 0.920073 32.1465 0.0117045 0.998869 -0.0460844 0.888448 -0.921199 -0.00715398 -0.389026 5.60034 
-0.412053 0.0509778 0.909733 32.9012 0.0147801 0.998676 -0.0492673 0.832719 -0.91104 -0.0068548 -0.412261 5.25264 
-0.434533 0.0507126 0.899227 33.6409 0.0184108 0.998705 -0.0474261 0.781585 -0.900468 -0.00405276 -0.434904 4.89922 
-0.454635 0.0467341 0.889451 34.3647 0.02208 0.998907 -0.0411992 0.732389 -0.890404 0.000908512 -0.45517 4.53869 
-0.47224 0.0454979 0.880295 35.0749 0.0298561 0.99892 -0.0356125 0.683557 -0.880964 0.0094645 -0.473088 4.15374 
-0.485912 0.0460204 0.872795 35.7809 0.0321584 0.998878 -0.0347649 0.636292 -0.873416 0.011175 -0.486847 3.76333 
-0.496847 0.0500807 0.866392 36.4782 0.0359455 0.998664 -0.037113 0.592803 -0.867093 0.0127034 -0.497984 3.36708 
-0.506774 0.0525125 0.860478 37.1723 0.0364753 0.998555 -0.0394571 0.547903 -0.861307 0.0113904 -0.507957 2.97014 
-0.517429 0.0518688 0.854153 37.8563 0.0307957 0.998643 -0.0419876 0.498064 -0.855172 0.0045786 -0.518324 2.57455 
-0.528502 0.0502424 0.847444 38.5399 0.0301444 0.998728 -0.0404122 0.44494 -0.848397 0.00418774 -0.529344 2.16547 
-0.537077 0.0515706 0.841956 39.2184 0.0320507 0.998656 -0.0407238 0.400307 -0.842924 0.00511347 -0.538008 1.73702 
-0.5444 0.0545799 0.837048 39.9029 0.0347775 0.998492 -0.0424883 0.358885 -0.838104 0.00597977 -0.545477 1.30062 
-0.547905 0.0573415 0.834573 40.5893 0.0357676 0.998341 -0.0451118 0.314781 -0.835775 0.00513365 -0.549048 0.865483 
-0.547701 0.0595525 0.834552 41.2975 0.0353956 0.99822 -0.0480021 0.273712 -0.835925 0.00324868 -0.548834 0.41445 
-0.544438 0.0598356 0.836664 42.0259 0.0374873 0.998192 -0.0469935 0.2258 -0.837963 0.00577923 -0.545696 -0.0435051 
-0.538518 0.0587533 0.840563 42.7753 0.0355778 0.998262 -0.0469827 0.176549 -0.841863 0.00460438 -0.539672 -0.506363 
-0.531701 0.057406 0.844985 43.5424 0.0331207 0.998346 -0.046984 0.129581 -0.846284 0.00300499 -0.532723 -0.967927 
-0.524583 0.0568821 0.849457 44.32 0.0313891 0.998379 -0.04747 0.077938 -0.850781 0.0017617 -0.525518 -1.42748 
-0.518266 0.0554031 0.853423 45.1181 0.0284561 0.998464 -0.0475381 0.0235342 -0.854746 -0.000352275 -0.519046 -1.89039 
-0.514112 0.0529804 0.856086 45.9277 0.0239096 0.998588 -0.0474408 -0.0280739 -0.85739 -0.0039212 -0.514652 -2.34546 
-0.512992 0.0503094 0.856918 46.7613 0.0198027 0.998709 -0.046779 -0.0857864 -0.858165 -0.00702798 -0.513326 -2.81342 
-0.513733 0.047624 0.856628 47.6063 0.0164481 0.998821 -0.0456651 -0.141294 -0.857793 -0.00936978 -0.513911 -3.28228 
-0.514871 0.0465729 0.856002 48.4565 0.0152376 0.998863 -0.0451804 -0.195023 -0.857133 -0.0102186 -0.514995 -3.76631 
-0.515726 0.0458793 0.855524 49.3217 0.014805 0.998893 -0.044643 -0.244493 -0.856625 -0.0103576 -0.515835 -4.25245 
-0.517016 0.0452328 0.85478 50.2033 0.0145419 0.998923 -0.0440648 -0.308108 -0.855853 -0.0103521 -0.517116 -4.70544 
-0.517648 0.0442638 0.854448 51.0819 0.0144866 0.998971 -0.0429743 -0.361485 -0.855471 -0.00986752 -0.517757 -5.19098 
-0.517917 0.0439207 0.854302 51.9702 0.013947 0.998982 -0.0429035 -0.419846 -0.855317 -0.0103055 -0.518003 -5.70678 
-0.518492 0.0422755 0.854037 52.8618 0.0119438 0.999038 -0.0422019 -0.478126 -0.854999 -0.0116809 -0.518498 -6.21914 
-0.518522 0.0414855 0.854058 53.7548 0.0112441 0.999067 -0.0417026 -0.536955 -0.854991 -0.0120205 -0.518504 -6.73979 
-0.518046 0.0407125 0.854384 54.6368 0.00975001 0.999083 -0.0416958 -0.595978 -0.855297 -0.0132701 -0.517967 -7.24971 
-0.517 0.0390088 0.855096 55.5173 0.00919257 0.999157 -0.0400227 -0.658445 -0.855936 -0.0128312 -0.516922 -7.75556 
-0.515501 0.0366969 0.856103 56.411 0.00910471 0.999261 -0.037351 -0.723741 -0.85684 -0.0114599 -0.515454 -8.25296 
-0.514035 0.0351907 0.857047 57.2878 0.00940409 0.999329 -0.0353925 -0.78561 -0.857718 -0.0101332 -0.514021 -8.72976 
-0.512149 0.0347552 0.858193 58.1982 0.00906238 0.999344 -0.0350633 -0.844241 -0.858849 -0.0101803 -0.512128 -9.23062 
-0.510922 0.035014 0.858913 59.0857 0.00908371 0.999334 -0.0353348 -0.897052 -0.859579 -0.0102512 -0.5109 -9.71264 
-0.510118 0.0355714 0.859368 59.9823 0.00914065 0.999312 -0.0359382 -0.951067 -0.860056 -0.0104775 -0.510093 -10.2213 
-0.511518 0.0369842 0.858476 60.8839 0.00835413 0.99924 -0.0380707 -1.00599 -0.859232 -0.012302 -0.511439 -10.7136 
-0.515085 0.0385819 0.85627 61.7807 0.00679372 0.999139 -0.0409326 -1.06853 -0.857112 -0.0152665 -0.514904 -11.202 
-0.519585 0.039036 0.853527 62.6508 0.00558675 0.99909 -0.0422923 -1.12848 -0.8544 -0.017206 -0.51933 -11.7095 
-0.525241 0.0375866 0.850123 63.5311 0.00633428 0.999169 -0.0402628 -1.18592 -0.85093 -0.0157627 -0.525042 -12.2225 
-0.530868 0.0353606 0.846716 64.3866 0.00764723 0.999288 -0.0369377 -1.24404 -0.84742 -0.013134 -0.530761 -12.7378 
-0.536235 0.0330068 0.843423 65.2479 0.00498462 0.999342 -0.0359394 -1.29792 -0.844054 -0.0150679 -0.536047 -13.2588 
-0.541164 0.0363055 0.840133 66.095 0.00692339 0.999226 -0.0387208 -1.35276 -0.840889 -0.0151378 -0.540996 -13.788 
-0.546204 0.0378612 0.836796 66.9318 0.0073463 0.999156 -0.0404121 -1.40888 -0.83762 -0.0159259 -0.546021 -14.3153 
-0.550694 0.0388921 0.8338 67.7595 0.00630695 0.999079 -0.0424359 -1.46579 -0.834683 -0.0181105 -0.550433 -14.8388 
-0.554526 0.0389905 0.831253 68.5837 0.00493404 0.999038 -0.0435691 -1.52376 -0.832152 -0.0200588 -0.554185 -15.366 
-0.557664 0.038279 0.829184 69.4 0.00571499 0.99909 -0.042279 -1.58052 -0.830047 -0.0188387 -0.557375 -15.899 
-0.559996 0.0317047 0.827888 70.2248 0.00659266 0.999406 -0.0338137 -1.63203 -0.828469 -0.0134776 -0.559873 -16.4406 
-0.562156 0.0229913 0.826712 71.0437 0.00601046 0.999701 -0.0237151 -1.68346 -0.827009 -0.00836269 -0.562126 -16.9802 
-0.563586 0.0218731 0.825768 71.8515 0.00768939 0.999745 -0.0212334 -1.73096 -0.826022 -0.00561719 -0.56361 -17.5121 
-0.564882 0.0262215 0.824755 72.6469 0.00740501 0.999616 -0.026709 -1.77074 -0.825139 -0.00898013 -0.564859 -18.0342 
-0.566066 0.0326756 0.823712 73.4408 0.00913996 0.999402 -0.0333638 -1.81298 -0.824309 -0.0113574 -0.566026 -18.5641 
-0.566406 0.0365326 0.823316 74.2315 0.0146497 0.999306 -0.0342633 -1.85925 -0.823996 -0.00734558 -0.566548 -19.0986 
-0.566127 0.0379233 0.823445 75.0262 0.0180561 0.999272 -0.0336071 -1.90863 -0.82412 -0.00415766 -0.5664 -19.6427 
-0.565846 0.0345211 0.823788 75.8194 0.0163628 0.999397 -0.0306407 -1.95136 -0.824349 -0.00385841 -0.566069 -20.1675 
-0.565169 0.0298157 0.824436 76.6091 0.0152117 0.999553 -0.0257209 -1.99303 -0.824835 -0.00199559 -0.56537 -20.6896 
-0.564498 0.0230569 0.825112 77.4039 0.0116678 0.999733 -0.0199539 -2.03363 -0.825352 -0.00163668 -0.564616 -21.2095 
-0.564108 0.0172504 0.825521 78.2003 0.00294299 0.999817 -0.0188815 -2.07056 -0.825696 -0.00822171 -0.564055 -21.7165 
-0.562687 0.0119268 0.826584 78.9946 -0.00467478 0.999834 -0.0176089 -2.10125 -0.826657 -0.0137724 -0.562538 -22.2164 
-0.560428 0.0129156 0.828102 79.7821 -0.000988882 0.999867 -0.0162637 -2.13684 -0.828203 -0.00993356 -0.560341 -22.738 
-0.557674 0.0161209 0.829903 80.5688 0.00278484 0.999842 -0.0175506 -2.17078 -0.830055 -0.00747637 -0.557631 -23.2481 
-0.552388 0.01949 0.833359 81.3544 0.00486992 0.999785 -0.0201543 -2.20039 -0.833573 -0.00707459 -0.552364 -23.7522 
-0.544693 0.0219111 0.838349 82.1442 0.00965898 0.999756 -0.019854 -2.23185 -0.83858 -0.00271675 -0.544772 -24.2548 
-0.536594 0.0253789 0.843459 82.9398 0.0173382 0.999668 -0.0190488 -2.27138 -0.843663 0.00440259 -0.536856 -24.7539 
-0.526934 0.024418 0.849555 83.7397 0.0145171 0.9997 -0.0197292 -2.30112 -0.849782 0.0019371 -0.527131 -25.2302 
-0.515993 0.0222173 0.856305 84.5476 0.0124914 0.999752 -0.018412 -2.33291 -0.856502 0.00119601 -0.516143 -25.6963 
-0.504599 0.0189213 0.863147 85.3607 0.0128847 0.999814 -0.0143848 -2.3681 -0.863258 0.00386278 -0.504748 -26.1508 
-0.493684 0.0181948 0.869451 86.1776 0.0124989 0.999826 -0.0138261 -2.4012 -0.869552 0.00404147 -0.493825 -26.5954 
-0.482146 0.0175891 0.875914 86.9957 0.0130569 0.999832 -0.0128903 -2.42629 -0.875993 0.00522167 -0.482295 -27.022 
-0.470105 0.0187484 0.882412 87.8216 0.0145953 0.999803 -0.0134669 -2.45753 -0.88249 0.00654817 -0.470286 -27.4459 
-0.458417 0.0223432 0.888456 88.6471 0.0142572 0.99974 -0.0177855 -2.49684 -0.888623 0.00451374 -0.458616 -27.8512 
-0.4471 0.0316684 0.893923 89.4706 0.0169373 0.999494 -0.0269371 -2.52777 -0.894324 0.00309706 -0.44741 -28.2465 
-0.43447 0.0362701 0.899956 90.3021 0.0162727 0.999342 -0.0324196 -2.56214 -0.900539 0.000559305 -0.434774 -28.6313 
-0.423255 0.0328058 0.905417 91.1462 0.0147958 0.999461 -0.0292967 -2.60678 -0.90589 0.000996413 -0.423512 -29.0028 
-0.411834 0.0291301 0.910793 91.9883 0.0133999 0.999574 -0.0259105 -2.65002 -0.911161 0.00153371 -0.412049 -29.3636 
-0.40206 0.0300723 0.915119 92.8254 0.0108028 0.999547 -0.0281004 -2.69374 -0.91555 -0.00141218 -0.402203 -29.7101 
-0.395313 0.0344436 0.917901 93.6669 0.00632799 0.999375 -0.0347756 -2.74163 -0.918525 -0.00793878 -0.395284 -30.0503 
-0.390424 0.0393024 0.919796 94.5059 0.00101735 0.999106 -0.0422594 -2.78908 -0.920634 -0.0155634 -0.390115 -30.3811 
-0.38718 0.041096 0.921088 95.3441 -0.00221253 0.998962 -0.0455005 -2.84007 -0.922001 -0.0196548 -0.386687 -30.7069 
-0.383656 0.0407073 0.922579 96.1806 -0.00371503 0.998952 -0.045622 -2.89709 -0.923469 -0.0209305 -0.383102 -31.0338 
-0.378813 0.040864 0.924571 97.012 -0.00456082 0.99893 -0.0460192 -2.95117 -0.925462 -0.0216495 -0.378222 -31.3522 
-0.37308 0.0366254 0.927076 97.855 -0.00772228 0.999063 -0.0425769 -3.00261 -0.927767 -0.0230438 -0.372448 -31.6725 
-0.368011 0.0328072 0.929242 98.7023 -0.00824672 0.999223 -0.0385438 -3.05776 -0.929785 -0.0218478 -0.367455 -31.9867 
-0.362165 0.0298967 0.931635 99.543 -0.00969249 0.999311 -0.0358364 -3.10988 -0.932064 -0.0220085 -0.361625 -32.2941 
-0.356512 0.0281701 0.933866 100.396 -0.0178866 0.999156 -0.036968 -3.1573 -0.93412 -0.0298832 -0.355707 -32.5891 
-0.35068 0.0283742 0.936065 101.242 -0.0252559 0.998891 -0.0397402 -3.20303 -0.936155 -0.0375773 -0.349574 -32.8713 
-0.344069 0.032508 0.938382 102.082 -0.0235919 0.998786 -0.0432507 -3.25479 -0.938648 -0.0370194 -0.342884 -33.1611 
-0.337044 0.0357798 0.940809 102.924 -0.021924 0.998708 -0.0458361 -3.30728 -0.941234 -0.0360751 -0.335824 -33.4469 
-0.330879 0.0338278 0.943067 103.78 -0.0234553 0.998754 -0.0440547 -3.35829 -0.943382 -0.0366967 -0.329673 -33.7241 
-0.323811 0.0290395 0.945676 104.64 -0.0238073 0.998962 -0.0388276 -3.41259 -0.945822 -0.0350868 -0.322783 -33.999 
-0.316858 0.0264357 0.948105 105.5 -0.0251332 0.999027 -0.0362551 -3.4624 -0.94814 -0.0353166 -0.315885 -34.2675 
-0.310712 0.0294035 0.950049 106.353 -0.027886 0.998809 -0.0400326 -3.51362 -0.950095 -0.0389317 -0.309522 -34.5222 
-0.3045 0.0319346 0.951977 107.204 -0.0274772 0.998727 -0.0422916 -3.56225 -0.952116 -0.0390354 -0.303235 -34.7733 
-0.298003 0.0323969 0.954015 108.063 -0.0301959 0.998604 -0.0433432 -3.61269 -0.954087 -0.0417237 -0.296609 -35.0162 
-0.291084 0.031892 0.956166 108.914 -0.030291 0.998636 -0.0425299 -3.66622 -0.956218 -0.041343 -0.289721 -35.26 
-0.282803 0.0317026 0.958654 109.768 -0.0264427 0.998816 -0.0408313 -3.71723 -0.958813 -0.0368966 -0.28163 -35.5004 
-0.275268 0.0325385 0.960817 110.629 -0.0243309 0.998871 -0.0407978 -3.77069 -0.96106 -0.0346079 -0.274165 -35.7329 
-0.268916 0.0329152 0.962601 111.49 -0.0239762 0.998877 -0.0408537 -3.82165 -0.962865 -0.0340657 -0.267824 -35.9552 
-0.261988 0.0317921 0.964547 112.349 -0.0296306 0.998721 -0.0409666 -3.87106 -0.964616 -0.0393129 -0.260711 -36.166 
-0.256296 0.0298765 0.966137 113.223 -0.033728 0.998637 -0.0398288 -3.92216 -0.96601 -0.0427938 -0.254939 -36.3659 
-0.251666 0.0298112 0.967355 114.095 -0.0308846 0.998769 -0.0388141 -3.97563 -0.967321 -0.0396445 -0.250435 -36.5766 
-0.247111 0.0302108 0.968516 114.971 -0.0289449 0.998838 -0.0385417 -4.02606 -0.968555 -0.0375577 -0.245949 -36.7829 
-0.242559 0.031546 0.969624 115.841 -0.0282361 0.998818 -0.0395593 -4.07326 -0.969726 -0.0369738 -0.241381 -36.9818 
-0.236484 0.0307276 0.971149 116.713 -0.0218944 0.999078 -0.0369427 -4.11987 -0.971389 -0.0299991 -0.235594 -37.1844 
-0.231169 0.0298235 0.972457 117.589 -0.0148674 0.999305 -0.0341811 -4.1632 -0.9728 -0.0223595 -0.230565 -37.3874 
-0.226237 0.028839 0.973645 118.464 -0.013042 0.999382 -0.0326318 -4.21169 -0.973985 -0.0200808 -0.225721 -37.5772 
-0.222088 0.0304494 0.974551 119.339 -0.0149794 0.999288 -0.0346359 -4.25638 -0.974912 -0.0222904 -0.221473 -37.7579 
-0.218588 0.0322941 0.975283 120.211 -0.016677 0.999183 -0.0368233 -4.30022 -0.975675 -0.0243139 -0.217871 -37.9329 
-0.21701 0.0317072 0.975654 121.087 -0.0191025 0.999143 -0.0367194 -4.34688 -0.975983 -0.0266059 -0.216218 -38.1049 
-0.21628 0.0305926 0.975852 121.96 -0.0200395 0.999159 -0.0357646 -4.3886 -0.976126 -0.0272907 -0.215485 -38.2734 
-0.215326 0.0262387 0.97619 122.834 -0.0184619 0.999351 -0.0309335 -4.4308 -0.976368 -0.0246831 -0.214702 -38.4497 
-0.214169 0.021107 0.976569 123.709 -0.0193431 0.999479 -0.0258442 -4.47376 -0.976605 -0.0244249 -0.213649 -38.6254 
-0.213318 0.0192111 0.976794 124.577 -0.0185217 0.999547 -0.0237035 -4.51512 -0.976807 -0.0231482 -0.212865 -38.8012 
-0.212247 0.0240296 0.976921 125.426 -0.0180453 0.999431 -0.0285038 -4.55641 -0.97705 -0.0236786 -0.211692 -38.9673 
-0.212222 0.0278462 0.976825 126.277 -0.0181163 0.99931 -0.0324231 -4.59353 -0.977054 -0.0245774 -0.211571 -39.1338 
-0.212257 0.0269451 0.976842 127.139 -0.0214653 0.99925 -0.0322273 -4.63376 -0.976978 -0.0278086 -0.211519 -39.3021 
-0.211497 0.0259855 0.977033 127.989 -0.0230934 0.999235 -0.031575 -4.68006 -0.977106 -0.029241 -0.210735 -39.4698 
-0.21084 0.0270761 0.977146 128.834 -0.0184781 0.999327 -0.0316777 -4.7206 -0.977346 -0.0247348 -0.210198 -39.6414 
-0.209816 0.0298163 0.977286 129.672 -0.0202297 0.999189 -0.0348277 -4.7591 -0.977532 -0.0270776 -0.209043 -39.8083 
-0.210251 0.0306818 0.977166 130.515 -0.0289901 0.998872 -0.037601 -4.80243 -0.977217 -0.0362338 -0.209125 -39.9604 
-0.209999 0.0319303 0.97718 131.358 -0.0355684 0.998556 -0.0402725 -4.84781 -0.977054 -0.043214 -0.20856 -40.1157 
-0.209829 0.0355525 0.977092 132.183 -0.0327589 0.998522 -0.0433672 -4.89574 -0.977189 -0.0411082 -0.208354 -40.2768 
-0.209045 0.0366571 0.977219 133.005 -0.0307 0.998559 -0.0440248 -4.94817 -0.977424 -0.0392038 -0.207618 -40.4381 
-0.207161 0.0379346 0.977571 133.828 -0.030467 0.998513 -0.0452035 -5.00035 -0.977832 -0.039148 -0.205697 -40.5985 
-0.204804 0.0376531 0.978078 134.644 -0.0207909 0.998867 -0.0428068 -5.04942 -0.978582 -0.0291021 -0.203789 -40.7677 
-0.20159 0.0345667 0.97886 135.455 -0.0157048 0.999135 -0.038517 -5.09971 -0.979344 -0.0231374 -0.200872 -40.9282 
-0.199574 0.0300076 0.979423 136.267 -0.0114552 0.999391 -0.0329536 -5.14771 -0.979816 -0.0177961 -0.199109 -41.0848 
-0.195909 0.0295614 0.980176 137.072 -0.00998423 0.999434 -0.0321377 -5.19135 -0.980571 -0.0160824 -0.195503 -41.2306 
-0.191003 0.0343736 0.980987 137.863 -0.0088907 0.999285 -0.0367458 -5.24164 -0.981549 -0.0157402 -0.190561 -41.3698 
-0.184455 0.0377965 0.982114 138.66 -0.00768369 0.999174 -0.0398961 -5.28212 -0.982811 -0.0149053 -0.184012 -41.5043 
-0.176323 0.0384356 0.983582 139.461 -0.00767264 0.999153 -0.0404195 -5.32227 -0.984302 -0.0146736 -0.175879 -41.6315 
-0.166678 0.0339603 0.985426 140.255 -0.0058152 0.999356 -0.0354239 -5.36887 -0.985994 -0.0116348 -0.166373 -41.7526 
-0.154782 0.0327504 0.987406 141.045 -0.00190336 0.999439 -0.0334479 -5.41358 -0.987947 -0.0070565 -0.154632 -41.8643 
-0.141206 0.035548 0.989342 141.83 0.00269634 0.999365 -0.0355233 -5.45407 -0.989977 -0.00234851 -0.141212 -41.9653 
-0.126948 0.0368332 0.991225 142.613 0.0024355 0.999319 -0.036822 -5.49457 -0.991906 -0.00226036 -0.126951 -42.05 
-0.113097 0.0368887 0.992899 143.399 0.0035458 0.999319 -0.0367233 -5.53565 -0.993578 -0.000632673 -0.113151 -42.1246 
-0.0996189 0.0387792 0.99427 144.183 0.00382764 0.999248 -0.0385899 -5.57771 -0.995018 -3.85736e-05 -0.0996924 -42.1882 
-0.0860782 0.0450863 0.995268 144.959 0.000926895 0.998979 -0.0451742 -5.6284 -0.996288 -0.00296601 -0.0860321 -42.2335 
-0.0733536 0.0541528 0.995835 145.723 -0.00556723 0.998487 -0.0547071 -5.67946 -0.99729 -0.00955701 -0.0729412 -42.2632 
-0.0597748 0.0619879 0.996285 146.48 -0.00990616 0.997984 -0.0626879 -5.73021 -0.998163 -0.0136165 -0.0590402 -42.2822 
-0.04672 0.0627243 0.996937 147.246 -0.010404 0.997942 -0.0632751 -5.78321 -0.998854 -0.0133283 -0.0459713 -42.2995 
-0.0347849 0.0587281 0.997668 148.017 -0.0139549 0.998146 -0.0592428 -5.84356 -0.999297 -0.0159831 -0.0339008 -42.3065 
-0.0240841 0.0563812 0.998119 148.783 -0.0178915 0.998224 -0.0568189 -5.90403 -0.99955 -0.0192263 -0.0230326 -42.3015 
-0.014982 0.0627098 0.997919 149.539 -0.0215908 0.997778 -0.063025 -5.96666 -0.999655 -0.0224901 -0.0135948 -42.2915 
-0.00863062 0.0707039 0.99746 150.287 -0.0250963 0.997168 -0.0709002 -6.02314 -0.999648 -0.0256444 -0.00683178 -42.2766 
-0.00566857 0.0733378 0.997291 151.039 -0.0281058 0.996901 -0.0734689 -6.08125 -0.999589 -0.0284461 -0.00358979 -42.2606 
-0.00561332 0.0689822 0.997602 151.792 -0.030365 0.997146 -0.0691215 -6.14282 -0.999523 -0.0306802 -0.00350266 -42.2478 
-0.00731544 0.0642976 0.997904 152.545 -0.0320855 0.997402 -0.0645005 -6.21294 -0.999458 -0.0324901 -0.00523341 -42.2361 
-0.00996427 0.0612141 0.998075 153.295 -0.0304434 0.997643 -0.0614916 -6.27078 -0.999487 -0.0309975 -0.00807723 -42.2342 
-0.0126215 0.0615631 0.998023 154.045 -0.028283 0.997682 -0.0618997 -6.3252 -0.99952 -0.0290083 -0.0108511 -42.2357 
-0.0163103 0.0615196 0.997973 154.788 -0.0265723 0.997726 -0.0619387 -6.38474 -0.999514 -0.0275287 -0.0146385 -42.2375 
-0.0206697 0.0598383 0.997994 155.534 -0.0272093 0.997804 -0.0603904 -6.44515 -0.999416 -0.028403 -0.0189961 -42.2412 
-0.0259553 0.0603143 0.997842 156.279 -0.027583 0.997755 -0.0610265 -6.49697 -0.999283 -0.0291074 -0.0242334 -42.2506 
-0.0319516 0.0584419 0.997779 157.013 -0.0289324 0.997817 -0.0593706 -6.55084 -0.999071 -0.0307652 -0.0301909 -42.2579 
-0.0379011 0.0556024 0.997733 157.75 -0.0267241 0.998037 -0.0566344 -6.61197 -0.998924 -0.02881 -0.0363408 -42.2766 
-0.0433988 0.0558239 0.997497 158.477 -0.0275083 0.997992 -0.0570484 -6.66194 -0.998679 -0.0299152 -0.041776 -42.2946 
-0.0488739 0.0570873 0.997172 159.202 -0.0292867 0.997854 -0.0585617 -6.71445 -0.998376 -0.0320661 -0.0470971 -42.3132 
-0.0529009 0.0591387 0.996847 159.925 -0.0295999 0.997713 -0.0607608 -6.77255 -0.998161 -0.0327209 -0.0510294 -42.3376 
-0.0553917 0.0614971 0.996569 160.642 -0.0299627 0.99755 -0.063223 -6.82895 -0.998015 -0.0333619 -0.0534134 -42.3665 
-0.0568104 0.0631278 0.996387 161.359 -0.0269352 0.997539 -0.0647365 -6.88209 -0.998022 -0.0305156 -0.0549703 -42.3997 
-0.0557898 0.0615265 0.996545 162.075 -0.0233687 0.997746 -0.0629089 -6.93722 -0.998169 -0.0267977 -0.0542263 -42.4343 
-0.0518495 0.0576093 0.996992 162.783 -0.0208597 0.998054 -0.0587555 -6.99677 -0.998437 -0.0238434 -0.0505469 -42.4613 
-0.0445167 0.0575323 0.997351 163.483 -0.0198178 0.998093 -0.0584596 -7.0532 -0.998812 -0.0223677 -0.0432917 -42.476 
-0.0332499 0.0583396 0.997743 164.178 -0.017326 0.998111 -0.0589385 -7.10654 -0.999297 -0.0192466 -0.0321763 -42.4858 
-0.018546 0.0584652 0.998117 164.872 -0.0147264 0.998165 -0.0587415 -7.15793 -0.99972 -0.0157881 -0.017651 -42.4882 
-0.003415 0.0561009 0.998419 165.559 -0.0159087 0.998296 -0.0561483 -7.20597 -0.999868 -0.0160753 -0.00251669 -42.4711 
0.0126267 0.0513601 0.9986 166.247 -0.0208218 0.998477 -0.0510905 -7.25399 -0.999704 -0.0201475 0.0136769 -42.4375 
0.0289456 0.0447522 0.998579 166.931 -0.0221263 0.998781 -0.0441199 -7.29916 -0.999336 -0.0208177 0.0299005 -42.3963 
0.0461407 0.0370769 0.998247 167.612 -0.0224378 0.999097 -0.0360713 -7.34084 -0.998683 -0.0207342 0.0469309 -42.347 
0.0638246 0.0297368 0.997518 168.286 -0.022999 0.999334 -0.0283193 -7.37575 -0.997696 -0.0211345 0.064466 -42.2852 
0.080729 0.0236908 0.996455 168.949 -0.0247369 0.999457 -0.021758 -7.41011 -0.996429 -0.0228927 0.0812712 -42.2076 
0.0987393 0.0213696 0.994884 169.606 -0.0255103 0.999495 -0.0189368 -7.43952 -0.994786 -0.02351 0.0992346 -42.1209 
0.116632 0.0201313 0.992971 170.257 -0.0243278 0.999553 -0.0174072 -7.4626 -0.992877 -0.0221265 0.117069 -42.0265 
0.134175 0.0196136 0.990764 170.898 -0.0257731 0.999535 -0.0162969 -7.48442 -0.990623 -0.0233484 0.134618 -41.9198 
0.150316 0.018558 0.988464 171.532 -0.0305088 0.999435 -0.0141244 -7.5041 -0.988167 -0.0280337 0.150797 -41.7984 
0.16493 0.0148352 0.986194 172.162 -0.0325667 0.999424 -0.00958773 -7.52569 -0.985768 -0.0305357 0.165318 -41.6694 
0.177353 0.0111246 0.984085 172.784 -0.0293545 0.999551 -0.00600913 -7.54115 -0.98371 -0.0278215 0.1776 -41.5493 
0.187991 0.00998518 0.98212 173.399 -0.0271865 0.999618 -0.00495918 -7.55762 -0.981795 -0.0257681 0.18819 -41.4153 
0.197939 0.0137392 0.980118 174.004 -0.0315588 0.999473 -0.00763699 -7.57696 -0.979706 -0.0294197 0.198268 -41.2705 
0.207071 0.0207185 0.978106 174.599 -0.0352823 0.999284 -0.0136976 -7.59684 -0.977689 -0.0316735 0.207654 -41.1225 
0.216138 0.0307291 0.975879 175.191 -0.0354701 0.999092 -0.023604 -7.61588 -0.975718 -0.0295128 0.217032 -40.9733 
0.224604 0.0364678 0.973768 175.783 -0.0294329 0.999097 -0.0306276 -7.63389 -0.974006 -0.0217818 0.225474 -40.8327 
0.23116 0.0346239 0.972299 176.387 -0.0288326 0.999171 -0.0287259 -7.65049 -0.972488 -0.0213937 0.231967 -40.6742 
0.237109 0.0269798 0.971108 176.994 -0.0311119 0.999312 -0.020167 -7.6709 -0.970985 -0.0254312 0.237785 -40.5061 
0.241585 0.0164132 0.970241 177.612 -0.0355441 0.999336 -0.00805505 -7.69328 -0.969728 -0.0325404 0.242008 -40.3338 
0.24346 0.00823192 0.969876 178.219 -0.0357737 0.99936 0.000497844 -7.71558 -0.969251 -0.0348172 0.243598 -40.1631 
0.244561 0.00752637 0.969605 178.823 -0.0322102 0.999481 0.000366082 -7.73141 -0.969099 -0.0313207 0.244677 -40.0033 
0.245815 0.00954709 0.96927 179.425 -0.0287533 0.999583 -0.00255355 -7.74176 -0.96889 -0.027242 0.245987 -39.8437 
0.247666 0.00911637 0.968803 180.032 -0.0254431 0.999672 -0.0029025 -7.74732 -0.968511 -0.0239305 0.247817 -39.6836 
0.249503 0.00669326 0.968351 180.64 -0.0269925 0.999636 4.53815e-05 -7.75601 -0.967998 -0.0261495 0.249593 -39.5142 
0.252396 0.00280213 0.96762 181.257 -0.0272468 0.99962 0.00421234 -7.76691 -0.967241 -0.0274277 0.252376 -39.3397 
0.255589 -0.00242662 0.966782 181.875 -0.0265786 0.999601 0.00953565 -7.77761 -0.96642 -0.0281329 0.255423 -39.1652 
0.260069 -0.00528492 0.965576 182.494 -0.0251732 0.999608 0.0122514 -7.78257 -0.965262 -0.0274928 0.259834 -38.9863 
0.266556 -0.0075492 0.96379 183.116 -0.0231852 0.99963 0.0142423 -7.78258 -0.963541 -0.026142 0.266282 -38.8022 
0.274429 -0.0108925 0.961546 183.742 -0.0213757 0.99962 0.0174246 -7.78436 -0.96137 -0.0253356 0.274092 -38.6103 
0.284333 -0.0127621 0.958641 184.368 -0.0189776 0.999641 0.0189367 -7.7873 -0.958538 -0.0235771 0.283989 -38.4142 
0.295506 -0.0110153 0.955277 184.988 -0.0200366 0.999642 0.0177251 -7.79179 -0.955131 -0.0243784 0.29518 -38.2042 
0.307254 -0.00740946 0.951599 185.61 -0.0210926 0.999671 0.0145942 -7.7924 -0.951394 -0.0245558 0.306996 -37.9844 
0.318928 -0.00433273 0.947769 186.229 -0.0220351 0.999685 0.011985 -7.7903 -0.947523 -0.0247065 0.318732 -37.755 
0.330423 -0.00405076 0.943824 186.853 -0.0204868 0.999724 0.0114629 -7.787 -0.943611 -0.0231236 0.330249 -37.5151 
0.341741 -0.00731756 0.939766 187.478 -0.0196186 0.999696 0.0149185 -7.78715 -0.939589 -0.0235351 0.341494 -37.27 
0.352644 -0.008672 0.935718 188.109 -0.0206184 0.999642 0.0170349 -7.78844 -0.935531 -0.0253003 0.352339 -37.0042 
0.364048 -0.00934565 0.931333 188.737 -0.0221516 0.99958 0.0186894 -7.78776 -0.931117 -0.0274344 0.363689 -36.7375 
0.373549 -0.0105029 0.927551 189.374 -0.0258607 0.999429 0.0217317 -7.78064 -0.92725 -0.0321049 0.373065 -36.4546 
0.380668 -0.00943481 0.924664 190.011 -0.0293786 0.99932 0.0222913 -7.77423 -0.924245 -0.0356509 0.380132 -36.1702 
0.38509 -0.0124592 0.922795 190.659 -0.0293896 0.999236 0.0257558 -7.76981 -0.922411 -0.0370389 0.38443 -35.8824 
0.387205 -0.0163128 0.921849 191.313 -0.02638 0.999238 0.0287627 -7.76169 -0.921616 -0.0354554 0.38648 -35.5943 
0.387292 -0.0156143 0.921825 191.966 -0.0219362 0.999417 0.0261448 -7.75197 -0.921696 -0.030347 0.386724 -35.3127 
0.386257 -0.0153146 0.922264 192.629 -0.0204979 0.999473 0.0251815 -7.74762 -0.922164 -0.028631 0.385739 -35.024 
0.385348 -0.0141015 0.922664 193.298 -0.0171784 0.9996 0.022452 -7.7372 -0.922611 -0.0245017 0.384952 -34.7324 
0.385009 -0.0160937 0.922772 193.978 -0.0140383 0.99963 0.0232914 -7.72725 -0.922806 -0.0219216 0.384641 -34.4433 
0.384063 -0.0217313 0.923051 194.666 -0.0107794 0.999549 0.0280174 -7.71709 -0.923244 -0.0207104 0.383656 -34.1476 
0.382696 -0.0244335 0.923551 195.351 -0.0107918 0.999464 0.0309138 -7.70704 -0.923811 -0.0217973 0.382227 -33.8495 
0.381081 -0.0270045 0.924147 196.036 -0.00998768 0.999395 0.0333218 -7.69992 -0.924488 -0.0219284 0.38058 -33.5575 
0.379824 -0.0270948 0.924662 196.722 -0.0108501 0.999372 0.033741 -7.68468 -0.924995 -0.0228483 0.379291 -33.2648 
0.377688 -0.0274176 0.925527 197.41 -0.0121583 0.999329 0.0345654 -7.67084 -0.925853 -0.0243077 0.377101 -32.9666 
0.375913 -0.0261816 0.926285 198.097 -0.013223 0.999347 0.033613 -7.66312 -0.926561 -0.0248838 0.375321 -32.672 
0.374731 -0.0226358 0.926857 198.784 -0.012599 0.999485 0.0295034 -7.65497 -0.927048 -0.0227333 0.374253 -32.3858 
0.374204 -0.0167409 0.927196 199.469 -0.0129991 0.999644 0.0232953 -7.64472 -0.927256 -0.0207699 0.373853 -32.1011 
0.372796 -0.0139436 0.927809 200.149 -0.0154212 0.999656 0.0212197 -7.63988 -0.927785 -0.0222185 0.372453 -31.8082 
0.371519 -0.0166066 0.928277 200.844 -0.0164515 0.999565 0.0244663 -7.63266 -0.92828 -0.0243612 0.371084 -31.5187 
0.370333 -0.0197097 0.92869 201.528 -0.0184471 0.999422 0.028567 -7.62945 -0.928716 -0.0277109 0.369756 -31.2312 
0.367949 -0.0185689 0.929661 202.21 -0.0230022 0.999313 0.0290642 -7.62442 -0.929561 -0.0320784 0.367269 -30.9474 
0.363213 -0.0186491 0.931519 202.902 -0.0251528 0.999239 0.0298123 -7.61419 -0.931367 -0.0342586 0.362468 -30.6606 
0.356777 -0.020037 0.933975 203.59 -0.0244284 0.999228 0.0307685 -7.60226 -0.93387 -0.033793 0.356012 -30.3928 
0.34799 -0.0203052 0.937278 204.285 -0.0242093 0.999237 0.0306359 -7.59583 -0.937186 -0.0333518 0.347233 -30.1307 
0.337818 -0.0192078 0.941015 204.98 -0.0211929 0.999383 0.0280074 -7.58995 -0.940973 -0.0294042 0.337203 -29.8724 
0.327224 -0.0158621 0.944814 205.672 -0.0222823 0.999452 0.0244966 -7.58166 -0.944684 -0.0290685 0.326692 -29.6263 
0.315733 -0.0158379 0.948716 206.367 -0.0252128 0.999368 0.0250743 -7.57012 -0.948513 -0.0318366 0.315134 -29.3857 
0.304743 -0.0240012 0.952132 207.075 -0.0201205 0.999297 0.03163 -7.5624 -0.952222 -0.0287964 0.304046 -29.1576 
0.296318 -0.032624 0.954532 207.785 -0.015874 0.99911 0.0390754 -7.55427 -0.954958 -0.026731 0.295536 -28.9391 
0.289245 -0.0381632 0.956494 208.501 -0.0151633 0.998897 0.0444405 -7.5379 -0.957135 -0.0273578 0.288347 -28.7138 
0.284864 -0.0389613 0.957776 209.21 -0.0209514 0.998682 0.0468567 -7.51698 -0.958339 -0.0334145 0.283672 -28.4812 
0.282422 -0.0409747 0.958415 209.923 -0.019624 0.998632 0.0484769 -7.49657 -0.959089 -0.0324989 0.281232 -28.2643 
0.280805 -0.0419237 0.958849 210.639 -0.0185172 0.998623 0.0490856 -7.47397 -0.959586 -0.0315387 0.279642 -28.0449 
0.280051 -0.0401944 0.959143 211.354 -0.0186945 0.998705 0.0473107 -7.4526 -0.959803 -0.0311801 0.278937 -27.8228 
0.279528 -0.0379768 0.959386 212.076 -0.0221808 0.998695 0.0459956 -7.42671 -0.959881 -0.034137 0.278321 -27.5916 
0.279894 -0.0387125 0.95925 212.785 -0.022727 0.998639 0.0469336 -7.40339 -0.959762 -0.0349373 0.278633 -27.3669 
0.281659 -0.039854 0.958686 213.511 -0.0234266 0.998554 0.048394 -7.37973 -0.959229 -0.0360894 0.280318 -27.14 
0.283029 -0.0417432 0.958203 214.242 -0.0219615 0.998508 0.049986 -7.35639 -0.95886 -0.035191 0.28169 -26.9112 
0.284698 -0.0428347 0.95766 214.973 -0.0182947 0.998576 0.0501037 -7.33201 -0.958443 -0.0317845 0.283509 -26.6879 
0.287884 -0.0443496 0.956638 215.71 -0.0171618 0.998528 0.0514562 -7.30355 -0.957511 -0.0312311 0.286699 -26.4567 
0.291893 -0.0457275 0.955357 216.446 -0.0188648 0.998387 0.053551 -7.27674 -0.956265 -0.0336538 0.290559 -26.2129 
0.297231 -0.0498129 0.953505 217.185 -0.0204225 0.998078 0.0585077 -7.24857 -0.954587 -0.0368632 0.295643 -25.9657 
0.302319 -0.0535734 0.9517 217.93 -0.0207926 0.997811 0.0627741 -7.21549 -0.95298 -0.0387661 0.300543 -25.7139 
0.306607 -0.0535935 0.950326 218.67 -0.0218742 0.997753 0.0633255 -7.1827 -0.951585 -0.0402037 0.304746 -25.4581 
0.31088 -0.0488359 0.949194 219.404 -0.0272879 0.997809 0.0602745 -7.15119 -0.950057 -0.0446396 0.308866 -25.1937 
0.315452 -0.0427331 0.947979 220.141 -0.0320762 0.997935 0.0556589 -7.11179 -0.948399 -0.0479653 0.31343 -24.925 
0.320082 -0.039755 0.946555 220.879 -0.0357276 0.997902 0.053993 -7.07887 -0.946716 -0.0511004 0.31799 -24.6541 
0.324508 -0.0399857 0.945037 221.624 -0.0375737 0.997773 0.0551191 -7.05005 -0.945136 -0.0533951 0.322283 -24.3783 
0.32845 -0.0376069 0.943772 222.366 -0.0394691 0.997788 0.0534954 -7.0225 -0.943696 -0.0548204 0.326239 -24.1021 
0.332267 -0.0348605 0.942541 223.102 -0.0397991 0.997909 0.0509384 -6.99244 -0.942346 -0.0544375 0.330184 -23.8239 
0.336856 -0.0343124 0.940931 223.843 -0.0402355 0.997898 0.0507942 -6.96233 -0.940696 -0.0549692 0.334767 -23.5404 
0.341503 -0.035988 0.939191 224.584 -0.0398245 0.997815 0.0527152 -6.93885 -0.939037 -0.0554052 0.339324 -23.2555 
0.345851 -0.0365116 0.937579 225.326 -0.0357461 0.998005 0.0520507 -6.91429 -0.937608 -0.0515166 0.343856 -22.9712 
0.350276 -0.0363213 0.935942 226.067 -0.0326708 0.998166 0.0509631 -6.88772 -0.936077 -0.0484291 0.348447 -22.6852 
0.354276 -0.0340427 0.934521 226.802 -0.0338926 0.998213 0.0492116 -6.85883 -0.934526 -0.0491079 0.352489 -22.3876 
0.358919 -0.0343999 0.932735 227.537 -0.038464 0.997927 0.0516053 -6.83246 -0.932576 -0.0543988 0.356851 -22.0825 
0.363504 -0.0345532 0.930951 228.288 -0.0414155 0.997725 0.0532029 -6.8017 -0.930671 -0.0578953 0.361246 -21.7685 
0.367594 -0.0321023 0.929432 229.024 -0.0386784 0.998012 0.0497686 -6.7803 -0.929182 -0.0542436 0.365621 -21.4653 
0.371452 -0.02526 0.928108 229.745 -0.0382287 0.998366 0.0424723 -6.75675 -0.927665 -0.0512568 0.369879 -21.1609 
0.374735 -0.0183915 0.92695 230.467 -0.044895 0.99827 0.0379561 -6.72685 -0.926045 -0.0558389 0.373261 -20.843 
0.37776 -0.0195444 0.925697 231.193 -0.0507266 0.997839 0.0417682 -6.70221 -0.924513 -0.0627358 0.375953 -20.5185 
0.380338 -0.030023 0.92436 231.929 -0.0495018 0.997379 0.0527628 -6.68116 -0.923522 -0.0658252 0.377855 -20.2014 
0.382314 -0.042382 0.92306 232.668 -0.0458585 0.996846 0.0647637 -6.64799 -0.922894 -0.0670903 0.379165 -19.8879 
0.383933 -0.0501085 0.922 233.4 -0.0472334 0.996153 0.0738073 -6.61228 -0.922152 -0.0718863 0.38009 -19.5629 
0.386117 -0.0520416 0.92098 234.13 -0.0486631 0.995868 0.0766751 -6.57659 -0.921165 -0.0744234 0.381989 -19.2384 
0.38886 -0.0476429 0.920064 234.855 -0.0480079 0.996257 0.0718787 -6.53611 -0.920045 -0.0721211 0.385117 -18.9168 
0.393035 -0.0420141 0.918563 235.579 -0.0465781 0.996764 0.0655208 -6.49219 -0.918343 -0.0685369 0.389806 -18.5974 
0.397484 -0.0375487 0.916841 236.297 -0.0465848 0.997048 0.0610298 -6.45391 -0.916426 -0.0669692 0.394561 -18.267 
0.401456 -0.0357993 0.915179 237.022 -0.0445303 0.997291 0.0585452 -6.42151 -0.914795 -0.0642565 0.398774 -17.9364 
0.405612 -0.0335448 0.91343 237.744 -0.0439085 0.997458 0.0561284 -6.38391 -0.91299 -0.0628737 0.403108 -17.6022 
0.409558 -0.0350087 0.911612 238.469 -0.0426892 0.997433 0.0574834 -6.35028 -0.911285 -0.0624587 0.407012 -17.2627 
0.41291 -0.0402083 0.909884 239.196 -0.0409119 0.997198 0.0626328 -6.31817 -0.909853 -0.0630867 0.410107 -16.9189 
0.41605 -0.0462159 0.908167 239.922 -0.0388902 0.99689 0.0685474 -6.28095 -0.90851 -0.0638379 0.412958 -16.5743 
0.418513 -0.051722 0.906737 240.651 -0.0375163 0.99654 0.0741607 -6.24046 -0.907436 -0.0650546 0.415125 -16.2248 
0.420726 -0.057048 0.905392 241.384 -0.0354188 0.996227 0.0792302 -6.1915 -0.906496 -0.0654021 0.417118 -15.8742 
0.422227 -0.0638896 0.904236 242.12 -0.0337807 0.995711 0.0861266 -6.14269 -0.905861 -0.0669107 0.418258 -15.5192 
0.424045 -0.0643655 0.903351 242.853 -0.0341782 0.995623 0.0869838 -6.09125 -0.904996 -0.0677599 0.419989 -15.1644 
0.425586 -0.0526867 0.903383 243.565 -0.0431606 0.995986 0.0784205 -6.04557 -0.903888 -0.0723652 0.421604 -14.7948 
0.426323 -0.0390978 0.903726 244.279 -0.0450266 0.99691 0.0643701 -5.99833 -0.90345 -0.0681341 0.423245 -14.4389 
0.42717 -0.0312585 0.903631 244.999 -0.0449638 0.997431 0.0557588 -5.94991 -0.903053 -0.0644491 0.424667 -14.0833 
0.426977 -0.033686 0.903635 245.733 -0.0447366 0.997295 0.0583161 -5.91016 -0.903155 -0.0653252 0.424315 -13.7221 
