1 -4.23778e-08 4.22719e-08 0 -4.23778e-08 1 -4.19404e-08 0 4.22719e-08 -4.19404e-08 1 0 
0.999991 -0.00256712 -0.00335615 -0.0105804 0.00255986 0.999994 -0.00214131 -0.0045221 0.00336171 0.00213261 0.999992 0.680386 
0.999969 -0.00115751 -0.00773912 -0.0243234 0.00112874 0.999992 -0.00370999 -0.00717536 0.00774344 0.00370106 0.999963 1.38223 
0.999928 -0.00154165 -0.0118587 -0.0432853 0.00148165 0.999986 -0.00505943 -0.013699 0.0118664 0.00504142 0.999917 2.10004 
0.999858 6.45016e-05 -0.0168371 -0.0688325 -0.000159857 0.999984 -0.00565713 -0.020631 0.0168365 0.00565894 0.999842 2.83115 
0.999772 -0.00106822 -0.0213143 -0.098083 0.00094525 0.999983 -0.00577479 -0.0310929 0.0213202 0.00575324 0.999756 3.57681 
0.999664 0.000861419 -0.0259021 -0.133305 -0.00104591 0.999974 -0.00710681 -0.038363 0.0258954 0.00713142 0.999639 4.34226 
0.999514 0.00335862 -0.0309749 -0.169926 -0.00360898 0.999961 -0.00802756 -0.041293 0.0309469 0.00813537 0.999488 5.1199 
0.999366 0.00390407 -0.0353941 -0.214034 -0.0041375 0.99997 -0.00652203 -0.0491392 0.0353677 0.00666426 0.999352 5.91603 
0.999201 0.00274414 -0.0398774 -0.256543 -0.00289412 0.999989 -0.00370179 -0.0561741 0.0398669 0.00381416 0.999198 6.71856 
0.999045 0.00241748 -0.0436181 -0.302453 -0.00246864 0.999996 -0.00111734 -0.0651499 0.0436153 0.00122386 0.999048 7.54162 
0.998914 0.00359492 -0.046459 -0.354063 -0.00367185 0.999992 -0.00156896 -0.07537 0.0464531 0.00173777 0.998919 8.36854 
0.9988 0.00323869 -0.0488722 -0.404509 -0.00334021 0.999992 -0.00199402 -0.0795875 0.0488654 0.00215478 0.998803 9.19471 
0.998719 0.00023991 -0.0506005 -0.45465 -0.00036422 0.999997 -0.00244586 -0.0868956 0.0505998 0.00246107 0.998716 10.0296 
0.998607 0.000261537 -0.0527558 -0.510583 -0.000346654 0.999999 -0.00160271 -0.0968448 0.0527554 0.00161868 0.998606 10.8729 
0.998519 -0.00128708 -0.0543884 -0.562936 0.00118957 0.999998 -0.00182367 -0.107944 0.0543907 0.00175618 0.998518 11.7291 
0.998415 0.000800356 -0.0562805 -0.624815 -0.00103137 0.999991 -0.00407426 -0.119653 0.0562768 0.00412576 0.998407 12.592 
0.998319 0.00105195 -0.0579417 -0.682054 -0.00144631 0.999976 -0.00676329 -0.130142 0.0579332 0.00683564 0.998297 13.4614 
0.998211 0.00494383 -0.0595808 -0.753143 -0.00545271 0.99995 -0.00837994 -0.14283 0.0595365 0.00868974 0.998188 14.3395 
0.998153 0.00577898 -0.0604728 -0.821458 -0.00628807 0.999946 -0.00823017 -0.153335 0.0604221 0.00859514 0.998136 15.2263 
0.998055 0.00482127 -0.0621463 -0.88429 -0.00524756 0.999964 -0.00669677 -0.167797 0.0621118 0.00700978 0.998044 16.129 
0.997933 0.00540199 -0.0640385 -0.950091 -0.00576049 0.999969 -0.00541352 -0.178861 0.0640073 0.00577114 0.997933 17.0293 
0.997872 0.00496979 -0.0650107 -1.02078 -0.00532179 0.999972 -0.00524115 -0.195617 0.0649829 0.00557589 0.997871 17.9328 
0.99775 0.00471278 -0.0668717 -1.09312 -0.0051213 0.999969 -0.00593772 -0.211592 0.0668418 0.00626675 0.997744 18.845 
0.997672 0.00322983 -0.0681109 -1.16322 -0.00369019 0.999971 -0.00663301 -0.226268 0.0680875 0.00686883 0.997656 19.7632 
0.997632 0.00307512 -0.0687103 -1.23524 -0.00342766 0.999981 -0.00501233 -0.238938 0.0686937 0.00523589 0.997624 20.6882 
0.997624 0.00452678 -0.068743 -1.31356 -0.00465404 0.999988 -0.00169 -0.251363 0.0687346 0.00200583 0.997633 21.6173 
0.99767 0.00532551 -0.0680171 -1.39085 -0.00521167 0.999985 0.00185222 -0.258836 0.068026 -0.00149351 0.997682 22.5558 
0.997781 0.00407112 -0.0664497 -1.46541 -0.00376344 0.999982 0.00475591 -0.265718 0.0664679 -0.00449536 0.997778 23.5002 
0.997867 0.00427779 -0.0651417 -1.53806 -0.00394189 0.999978 0.00528537 -0.270481 0.0651629 -0.0050174 0.997862 24.448 
0.997961 0.00468234 -0.0636502 -1.61602 -0.00454462 0.999987 0.00230948 -0.274803 0.0636603 -0.0020156 0.99797 25.3969 
0.998008 0.0051719 -0.0628703 -1.68763 -0.00534467 0.999982 -0.00257886 -0.282148 0.062856 0.00290966 0.998018 26.3495 
0.998105 0.00422737 -0.0613932 -1.76502 -0.00456037 0.999976 -0.00528364 -0.295286 0.0613695 0.00555351 0.9981 27.2968 
0.998149 0.00173152 -0.0607954 -1.83204 -0.00199403 0.999989 -0.00425605 -0.309388 0.0607874 0.00436931 0.998141 28.2661 
0.998142 -0.000494302 -0.0609231 -1.9037 0.000534706 1 0.00064823 -0.319844 0.0609229 -0.000679688 0.998142 29.2384 
0.998079 -0.00438439 -0.0617966 -1.97258 0.00464197 0.999981 0.00402653 -0.330728 0.0617779 -0.00430574 0.998081 30.2146 
0.997955 -0.0116587 -0.0628453 -2.03646 0.0118956 0.999923 0.00339882 -0.339209 0.0628009 -0.00413954 0.998017 31.1904 
0.997844 -0.0134514 -0.064241 -2.10723 0.0134476 0.999909 -0.000491345 -0.347635 0.0642419 -0.000373686 0.997934 32.1594 
0.997765 -0.0131642 -0.0655035 -2.18359 0.0128844 0.999906 -0.00469151 -0.357988 0.0655592 0.00383697 0.997841 33.1367 
0.997636 -0.0116708 -0.0677219 -2.26354 0.0113262 0.999921 -0.00546922 -0.369168 0.0677805 0.00468918 0.997689 34.1203 
0.997584 -0.0118741 -0.0684456 -2.34253 0.0115965 0.999923 -0.00445049 -0.377065 0.0684933 0.00364592 0.997645 35.1141 
0.99752 -0.00869254 -0.069846 -2.42938 0.00859918 0.999962 -0.00163606 -0.392531 0.0698577 0.0010313 0.997556 36.1061 
0.997451 -0.00823388 -0.0708777 -2.51757 0.00822274 0.999966 -0.000447901 -0.406934 0.070879 -0.000136137 0.997485 37.1114 
0.997379 -0.0068733 -0.0720223 -2.59999 0.00703595 0.999973 0.00200597 -0.418728 0.0720067 -0.00250755 0.997401 38.1047 
0.997374 -0.00637858 -0.0721408 -2.67824 0.0067462 0.999965 0.00485446 -0.431539 0.0721075 -0.00532848 0.997383 39.1125 
0.997332 -0.0010329 -0.0729967 -2.76691 0.00156796 0.999972 0.00727406 -0.43977 0.0729873 -0.0073692 0.997306 40.1104 
0.997337 -0.00119037 -0.0729234 -2.85943 0.00166767 0.999977 0.00648582 -0.445125 0.0729142 -0.00659024 0.997316 41.1098 
0.997349 -0.00069192 -0.0727568 -2.94413 0.00103179 0.999989 0.00463493 -0.451972 0.0727528 -0.0046978 0.997339 42.104 
0.997331 0.00180338 -0.0729898 -3.02946 -0.00166168 0.999997 0.00200311 -0.455178 0.0729933 -0.00187656 0.997331 43.1074 
0.997266 0.00114153 -0.0738897 -3.11701 -0.000982248 0.999997 0.00219309 -0.470121 0.0738921 -0.0021146 0.997264 44.0975 
0.99717 -0.000445317 -0.0751803 -3.20479 0.000698929 0.999994 0.00334819 -0.480377 0.0751785 -0.00339135 0.997164 45.0922 
0.997113 0.00053467 -0.0759252 -3.2951 -0.000212983 0.999991 0.00424599 -0.490298 0.0759269 -0.00421765 0.997104 46.0793 
0.997095 0.00268264 -0.0761258 -3.38748 -0.0026339 0.999996 0.000741674 -0.505896 0.0761276 -0.000539099 0.997098 47.048 
0.997017 0.00349204 -0.0771006 -3.48069 -0.00376686 0.999987 -0.00341825 -0.517567 0.0770878 0.0036984 0.997017 48.0144 
0.996982 0.00416126 -0.0775252 -3.57214 -0.0045325 0.999979 -0.00461226 -0.53294 0.0775045 0.00494963 0.99698 48.9839 
0.996973 0.00286196 -0.0776898 -3.65871 -0.00297065 0.999995 -0.00128241 -0.546634 0.0776858 0.00150923 0.996977 49.9613 
0.996963 0.00122948 -0.0778697 -3.74415 -0.00110309 0.999998 0.00166702 -0.558077 0.0778717 -0.00157614 0.996962 50.9364 
0.996919 -0.000811169 -0.0784376 -3.82581 0.000977876 0.999997 0.00208799 -0.567203 0.0784358 -0.00215834 0.996917 51.8992 
0.996869 -0.0041386 -0.0789638 -3.90521 0.00422984 0.99999 0.000989275 -0.582847 0.0789591 -0.00132027 0.996877 52.862 
0.996835 -0.00657153 -0.0792242 -3.98943 0.00656723 0.999978 -0.000313786 -0.596212 0.0792246 -0.000207578 0.996857 53.8137 
0.996733 -0.00820363 -0.0803518 -4.07279 0.00830776 0.999965 0.000962775 -0.608275 0.0803411 -0.00162726 0.996766 54.7595 
0.996613 -0.0111946 -0.0814648 -4.15863 0.0116404 0.99992 0.0050001 -0.618616 0.0814024 -0.00593154 0.996664 55.7107 
0.99655 -0.0119908 -0.0821282 -4.24771 0.0128332 0.99987 0.00973768 -0.624686 0.0820009 -0.0107581 0.996574 56.6617 
0.99651 -0.0102758 -0.082835 -4.33767 0.0113116 0.999863 0.012045 -0.631977 0.0827 -0.01294 0.99649 57.6144 
0.996409 -0.00918108 -0.0841739 -4.42824 0.00988527 0.999919 0.00795378 -0.641426 0.0840942 -0.00875739 0.996419 58.5468 
0.996303 -0.007701 -0.085564 -4.52153 0.00774756 0.99997 0.000213055 -0.649815 0.0855598 -0.000875267 0.996333 59.4692 
0.99626 -0.00574027 -0.0862098 -4.6176 0.00535266 0.999974 -0.00472558 -0.662509 0.0862348 0.00424637 0.996266 60.3774 
0.996179 -0.00086876 -0.0873245 -4.71347 0.000533131 0.999992 -0.00386579 -0.679225 0.0873273 0.00380438 0.996172 61.2804 
0.996058 0.00205245 -0.0886839 -4.80975 -0.00219632 0.999996 -0.00152382 -0.697344 0.0886805 0.0017125 0.996059 62.1769 
0.995959 0.00494154 -0.0896716 -4.90421 -0.00496496 0.999988 -3.7147e-05 -0.714614 0.0896704 0.000482125 0.995971 63.0634 
0.995847 0.00575528 -0.0908546 -4.99668 -0.00579534 0.999983 -0.000176213 -0.729093 0.0908521 0.000701927 0.995864 63.9322 
0.995719 0.00723395 -0.0921437 -5.09438 -0.00719872 0.999974 0.000715498 -0.744741 0.0921466 -4.92047e-05 0.995745 64.7776 
0.995596 0.00791357 -0.0934093 -5.18754 -0.00780983 0.999968 0.00147696 -0.76058 0.0934181 -0.000741036 0.995627 65.6119 
0.995464 0.00766213 -0.0948338 -5.27661 -0.00749517 0.99997 0.00211743 -0.778098 0.0948472 -0.00139712 0.995491 66.432 
0.995329 0.00732568 -0.0962623 -5.36423 -0.00705215 0.99997 0.00318228 -0.787278 0.0962828 -0.00248865 0.995351 67.2397 
0.99517 0.0102953 -0.0976245 -5.45963 -0.00979267 0.999936 0.00562758 -0.796049 0.0976763 -0.00464448 0.995207 68.0384 
0.995019 0.011714 -0.09899 -5.55084 -0.010797 0.999894 0.00979503 -0.805633 0.0990943 -0.00867754 0.99504 68.8317 
0.994821 0.0149679 -0.100536 -5.64802 -0.0138943 0.999839 0.0113707 -0.812748 0.10069 -0.009915 0.994868 69.6082 
0.994626 0.0177184 -0.102007 -5.73979 -0.0170561 0.999827 0.00736252 -0.82213 0.10212 -0.00558321 0.994756 70.3677 
0.994502 0.0178614 -0.103187 -5.83228 -0.0179499 0.999839 7.22375e-05 -0.835061 0.103171 0.00178026 0.994662 71.0914 
0.994343 0.0167595 -0.104883 -5.91387 -0.0174553 0.999831 -0.00571886 -0.844909 0.10477 0.00751719 0.994468 71.7976 
0.994282 0.0176663 -0.105311 -5.99983 -0.0185205 0.999803 -0.00713766 -0.85105 0.105164 0.00904717 0.994414 72.4911 
0.994103 0.0204476 -0.106498 -6.08296 -0.0209579 0.999774 -0.00367361 -0.863161 0.106399 0.00588385 0.994306 73.18 
0.993946 0.0204398 -0.10795 -6.16325 -0.0206999 0.999785 -0.00128835 -0.88233 0.1079 0.00351501 0.994155 73.839 
0.993898 0.0173448 -0.108927 -6.24265 -0.0179827 0.999826 -0.00487594 -0.892592 0.108824 0.00680491 0.994038 74.4821 
0.994001 0.00925676 -0.10898 -6.30953 -0.0103967 0.999897 -0.00989588 -0.908027 0.108878 0.0109695 0.993995 75.1028 
0.994131 0.00513435 -0.108057 -6.37643 -0.00676978 0.999868 -0.0147726 -0.921541 0.107967 0.0154174 0.994035 75.7041 
0.994438 0.00759228 -0.105045 -6.44691 -0.00923369 0.999843 -0.0151476 -0.934937 0.104913 0.0160332 0.994352 76.2935 
0.994796 0.0126753 -0.101094 -6.51641 -0.0139796 0.999828 -0.0122032 -0.950616 0.100922 0.0135528 0.994802 76.8643 
0.995268 0.0108703 -0.0965525 -6.57245 -0.0118161 0.999888 -0.0092285 -0.963321 0.0964414 0.0103256 0.995285 77.4223 
0.995843 0.00730678 -0.0907917 -6.61854 -0.00778759 0.999957 -0.00494168 -0.979522 0.0907518 0.0056281 0.995858 77.9664 
0.996559 0.00301805 -0.0828344 -6.65626 -0.00314634 0.999994 -0.00141723 -0.996006 0.0828297 0.00167289 0.996562 78.4983 
0.997371 0.00673888 -0.0721424 -6.6971 -0.00688329 0.999975 -0.00175212 -1.0053 0.0721289 0.00224401 0.997393 79.0119 
0.998308 0.0120411 -0.0568901 -6.73748 -0.0121957 0.999923 -0.0023693 -1.01324 0.0568573 0.00305902 0.998378 79.5157 
0.999096 0.0169595 -0.0389691 -6.7573 -0.0170526 0.999852 -0.00205772 -1.02086 0.0389286 0.0027203 0.999238 80.0093 
0.999737 0.0155503 -0.0168257 -6.75662 -0.015581 0.999877 -0.00168886 -1.02592 0.0167974 0.00195049 0.999857 80.4906 
0.999882 0.0121208 0.00940636 -6.73509 -0.0121145 0.999926 -0.000730056 -1.03576 -0.00941444 0.000615933 0.999955 80.9552 
0.99918 0.0110977 0.0389349 -6.70085 -0.0111382 0.999938 0.000820847 -1.04669 -0.0389233 -0.00125392 0.999241 81.4078 
0.997349 0.0106643 0.0719777 -6.6516 -0.0108499 0.999939 0.00218674 -1.05498 -0.0719499 -0.00296198 0.997404 81.8517 
0.993916 0.0106106 0.109627 -6.58486 -0.0109736 0.999936 0.00270778 -1.06446 -0.109591 -0.00389439 0.993969 82.2876 
0.988406 0.0109965 0.151436 -6.49922 -0.0114793 0.999931 0.00231353 -1.06746 -0.1514 -0.00402517 0.988464 82.7118 
0.980427 0.0108112 0.196584 -6.3895 -0.0114797 0.999931 0.00226089 -1.07596 -0.196546 -0.00447343 0.980484 83.1258 
0.969232 0.0130289 0.245804 -6.26402 -0.0134531 0.999909 4.64758e-05 -1.08736 -0.245781 -0.00335195 0.969319 83.5248 
0.954234 0.0138514 0.298741 -6.11028 -0.0135998 0.999903 -0.00292151 -1.09843 -0.298752 -0.00127507 0.95433 83.9049 
0.934882 0.0142018 0.354673 -5.93804 -0.0132657 0.999899 -0.005071 -1.10907 -0.35471 3.57231e-05 0.934976 84.2683 
0.911124 0.014716 0.411869 -5.74572 -0.0130525 0.999891 -0.00685176 -1.11853 -0.411925 0.000866823 0.911217 84.6055 
0.882588 0.014895 0.469912 -5.53561 -0.0121007 0.999886 -0.00896657 -1.12425 -0.469992 0.00222748 0.882668 84.9252 
0.849567 0.0130285 0.527319 -5.30256 -0.00861633 0.999904 -0.0108231 -1.13709 -0.52741 0.00465132 0.849598 85.2224 
0.812843 0.0127534 0.582344 -5.05952 -0.00737979 0.999905 -0.0115974 -1.15164 -0.582436 0.00512921 0.81286 85.5018 
0.772898 0.0114102 0.634427 -4.79465 -0.00608314 0.999926 -0.010573 -1.16155 -0.6345 0.00431252 0.77291 85.772 
0.729821 0.0109314 0.683551 -4.51832 -0.00738151 0.99994 -0.00811003 -1.17512 -0.683599 0.000873183 0.729857 86.0263 
0.684205 0.0099045 0.729222 -4.22599 -0.00652665 0.999951 -0.00745801 -1.18436 -0.72926 0.000343393 0.684236 86.2576 
0.637238 0.00851338 0.77062 -3.9216 -0.00307379 0.999959 -0.00850535 -1.19442 -0.770661 0.00305117 0.637238 86.4643 
0.589916 0.00578864 0.807444 -3.60423 0.0028325 0.999953 -0.0092383 -1.20367 -0.80746 0.00773687 0.589872 86.6465 
0.542559 0.00796975 0.83998 -3.28593 0.000947621 0.999948 -0.0100997 -1.21504 -0.840017 0.00627566 0.542523 86.8212 
0.494722 0.0108627 0.868984 -2.95947 -0.00299842 0.999937 -0.0107928 -1.22782 -0.869046 0.00273383 0.494723 86.9835 
0.448762 0.0130597 0.893556 -2.62655 -0.00330892 0.999911 -0.0129524 -1.23616 -0.893645 0.0028558 0.448765 87.1224 
0.406119 0.0103912 0.913761 -2.28166 0.00399121 0.999906 -0.0131448 -1.24349 -0.913811 0.00898537 0.40604 87.2349 
0.36651 0.00268037 0.93041 -1.92343 0.0193371 0.999758 -0.0104976 -1.24734 -0.930213 0.0218389 0.36637 87.3229 
0.331024 -0.000786386 0.943622 -1.56631 0.0235678 0.999695 -0.00743459 -1.25175 -0.943328 0.0247001 0.330941 87.4135 
0.297668 0.0031105 0.954664 -1.20819 0.020906 0.999734 -0.00977602 -1.26178 -0.95444 0.0228682 0.297524 87.5108 
0.266474 0.0110213 0.963779 -0.844197 0.0101973 0.999846 -0.0142533 -1.27676 -0.963788 0.013626 0.266321 87.6138 
0.237763 0.0155176 0.971199 -0.470038 0.00530417 0.999837 -0.0172738 -1.29419 -0.971309 0.00925847 0.237642 87.7016 
0.212049 0.0171806 0.977108 -0.0827427 0.00720936 0.999791 -0.0191441 -1.30747 -0.977232 0.0111038 0.211881 87.7682 
0.18881 0.0185036 0.981839 0.318039 0.0156219 0.999639 -0.0218433 -1.31604 -0.981889 0.0194624 0.188453 87.819 
0.168972 0.0247089 0.985311 0.72348 0.0220199 0.999341 -0.028837 -1.31981 -0.985375 0.0265691 0.168317 87.8626 
0.149038 0.0316955 0.988323 1.14537 0.0240415 0.999074 -0.0356659 -1.3196 -0.988539 0.0290763 0.148138 87.918 
0.131425 0.0323886 0.990797 1.58373 0.021798 0.99913 -0.0355525 -1.3344 -0.991086 0.0262699 0.130604 87.9753 
0.115858 0.0280666 0.992869 2.03863 0.0198256 0.999336 -0.0305629 -1.35813 -0.993068 0.0232252 0.115224 88.0313 
0.101278 0.0248113 0.994549 2.50675 0.0205889 0.999422 -0.0270297 -1.37747 -0.994645 0.0232142 0.100709 88.0769 
0.0880025 0.0224855 0.995866 2.98281 0.0230708 0.999431 -0.0246048 -1.39305 -0.995853 0.0251407 0.0874337 88.1151 
0.076466 0.0216217 0.996838 3.47845 0.02677 0.99936 -0.02373 -1.40846 -0.996713 0.0284999 0.0758383 88.1444 
0.0663249 0.0222786 0.997549 3.99214 0.0301125 0.999251 -0.0243188 -1.42175 -0.997344 0.0316516 0.0656043 88.1741 
0.0584165 0.0228995 0.99803 4.52294 0.0321917 0.999174 -0.0248101 -1.43746 -0.997773 0.0335776 0.057631 88.2039 
0.0527636 0.023107 0.99834 5.06782 0.0340121 0.999111 -0.0249225 -1.45691 -0.998028 0.0352706 0.0519307 88.2342 
0.0473104 0.0242069 0.998587 5.63279 0.0355963 0.99903 -0.0259042 -1.47558 -0.998246 0.0367716 0.0464029 88.2608 
0.0412617 0.0247621 0.998841 6.2145 0.0360197 0.999006 -0.0262543 -1.49473 -0.998499 0.0370612 0.0403288 88.2888 
0.0371783 0.0248657 0.998999 6.81808 0.0392042 0.998884 -0.026322 -1.51288 -0.998539 0.0401435 0.036162 88.3086 
0.034143 0.0250083 0.999104 7.43588 0.0402461 0.998841 -0.0263772 -1.53195 -0.998606 0.0411107 0.0330969 88.3337 
0.0312368 0.0244121 0.999214 8.07495 0.041271 0.998818 -0.0256927 -1.55274 -0.998659 0.0420411 0.0301924 88.3562 
0.0287559 0.0240321 0.999297 8.74046 0.0434703 0.998735 -0.0252695 -1.56987 -0.998641 0.0441664 0.0276748 88.3847 
0.0281903 0.0236882 0.999322 9.41608 0.0479011 0.998539 -0.025021 -1.59077 -0.998454 0.0485739 0.0270144 88.402 
0.0292263 0.0233188 0.999301 10.1059 0.0518136 0.998348 -0.0248121 -1.61399 -0.998229 0.0525025 0.0279698 88.4267 
0.0315939 0.0233001 0.999229 10.8154 0.0533093 0.998266 -0.0249633 -1.63604 -0.998078 0.0540569 0.030297 88.4562 
0.0353164 0.0232953 0.999105 11.5386 0.0557815 0.998124 -0.0252443 -1.65699 -0.997818 0.0566231 0.0339507 88.4938 
0.0398307 0.0227608 0.998947 12.2809 0.0561094 0.998112 -0.024979 -1.68002 -0.99763 0.0570452 0.0384784 88.5291 
0.0438718 0.0211574 0.998813 13.0366 0.0576109 0.998058 -0.023672 -1.70332 -0.997375 0.058581 0.0425678 88.5678 
0.0475698 0.0196501 0.998675 13.8062 0.0576332 0.998087 -0.0223838 -1.72573 -0.997204 0.0586216 0.0463462 88.625 
0.0520264 0.0174902 0.998492 14.6007 0.0547776 0.998291 -0.020341 -1.7534 -0.997142 0.0557533 0.0509795 88.6765 
0.0557805 0.0164894 0.998307 15.395 0.0538809 0.998357 -0.0195009 -1.77634 -0.996988 0.0548775 0.0548003 88.7406 
0.0594813 0.0175179 0.998076 16.1988 0.0511017 0.998481 -0.0205705 -1.80227 -0.99692 0.0522269 0.0584958 88.8133 
0.0626669 0.0216381 0.9978 17.0052 0.0494574 0.998469 -0.0247589 -1.82779 -0.996808 0.0509002 0.0615008 88.8752 
0.0636517 0.0272194 0.997601 17.8112 0.0437506 0.998591 -0.030038 -1.85253 -0.997013 0.0455576 0.0623712 88.9564 
0.0637981 0.0304712 0.997497 18.6253 0.0411525 0.998603 -0.0331371 -1.88188 -0.997114 0.0431636 0.0624551 89.0167 
0.0639538 0.0298292 0.997507 19.4483 0.0387759 0.998724 -0.0323517 -1.92139 -0.997199 0.0407482 0.0627155 89.0848 
0.064339 0.0280074 0.997535 20.2748 0.0361084 0.998886 -0.0303744 -1.96134 -0.997275 0.0379737 0.063256 89.1465 
0.0640663 0.02665 0.99759 21.1003 0.036888 0.998897 -0.029054 -1.99618 -0.997264 0.0386604 0.0630126 89.2134 
0.0643596 0.0261748 0.997583 21.92 0.034455 0.999002 -0.028435 -2.03113 -0.997332 0.0362018 0.0633935 89.2858 
0.0647523 0.026305 0.997555 22.7359 0.03268 0.99906 -0.0284661 -2.07113 -0.997366 0.0344434 0.0638318 89.3484 
0.0646293 0.0271012 0.997541 23.5543 0.0296892 0.999136 -0.0290681 -2.10387 -0.997468 0.0314948 0.0637689 89.4211 
0.0632543 0.0285182 0.99759 24.3685 0.0267013 0.999185 -0.0302569 -2.13998 -0.99764 0.0285508 0.0624413 89.4919 
0.0606577 0.0280633 0.997764 25.1834 0.0237665 0.999281 -0.0295509 -2.17517 -0.997876 0.0255058 0.0599471 89.5534 
0.056848 0.0268376 0.998022 25.9986 0.0217139 0.999369 -0.0281107 -2.20883 -0.998147 0.023269 0.0562293 89.6124 
0.0523395 0.0246265 0.998326 26.8144 0.0201334 0.999467 -0.0257102 -2.24054 -0.998426 0.0214453 0.0518157 89.6633 
0.0459381 0.0224691 0.998691 27.6239 0.0181101 0.999564 -0.0233219 -2.27672 -0.99878 0.0191578 0.0455111 89.7145 
0.0385353 0.0227698 0.998998 28.4338 0.0177996 0.999566 -0.0234694 -2.30845 -0.999099 0.0186862 0.0381133 89.756 
0.0299244 0.0238043 0.999269 29.2374 0.0175072 0.99955 -0.0243354 -2.33844 -0.999399 0.0182226 0.0294942 89.7885 
0.0200956 0.0243321 0.999502 30.0433 0.0180484 0.999532 -0.0246957 -2.36728 -0.999635 0.0185357 0.019647 89.81 
0.00992981 0.0233233 0.999679 30.8427 0.0194145 0.999535 -0.0235129 -2.39785 -0.999762 0.0196417 0.00947239 89.8216 
-0.000759675 0.0222845 0.999751 31.64 0.0183272 0.999584 -0.0222669 -2.4298 -0.999832 0.0183057 -0.00116777 89.8291 
-0.0118425 0.0216403 0.999696 32.4289 0.0196143 0.999578 -0.0214055 -2.45838 -0.999737 0.0193548 -0.012262 89.8236 
-0.02278 0.0219967 0.999498 33.2132 0.0201838 0.999564 -0.0215382 -2.48761 -0.999537 0.019683 -0.0232141 89.8119 
-0.0337965 0.0226746 0.999171 33.9928 0.0202268 0.999553 -0.0219992 -2.51735 -0.999224 0.0194666 -0.0342401 89.79 
-0.0443739 0.0238474 0.99873 34.7672 0.0200067 0.999536 -0.0229778 -2.54601 -0.998815 0.0189617 -0.0448304 89.7616 
-0.0546348 0.0249926 0.998193 35.5366 0.0211814 0.999491 -0.0238658 -2.57329 -0.998282 0.0198393 -0.0551363 89.724 
-0.0641196 0.0254944 0.997616 36.2967 0.0219229 0.999468 -0.0241328 -2.60488 -0.997701 0.0203233 -0.0646444 89.6809 
-0.0739433 0.025899 0.996926 37.0501 0.0225019 0.999451 -0.0242957 -2.63584 -0.997008 0.0206363 -0.0744855 89.6318 
-0.0830672 0.0263574 0.996195 37.7973 0.0232053 0.99943 -0.0245081 -2.66414 -0.996274 0.0210812 -0.0836315 89.5715 
-0.0917201 0.026049 0.995444 38.5329 0.0242493 0.99942 -0.0239188 -2.68894 -0.995489 0.021945 -0.0922986 89.5121 
-0.0991341 0.0247677 0.994766 39.2641 0.0259059 0.999416 -0.0223019 -2.72068 -0.994737 0.0235594 -0.0997178 89.4456 
-0.104208 0.0231432 0.994286 39.9826 0.0289507 0.999376 -0.0202275 -2.74655 -0.994134 0.0266774 -0.104813 89.3692 
-0.108037 0.0213329 0.993918 40.697 0.0320489 0.999325 -0.0179654 -2.7758 -0.99363 0.029913 -0.108648 89.2938 
-0.110628 0.0204794 0.993651 41.3984 0.0335087 0.999296 -0.0168651 -2.7961 -0.993297 0.0314302 -0.111237 89.2212 
-0.112404 0.0195331 0.993471 42.0854 0.0340007 0.999297 -0.0158008 -2.82068 -0.993081 0.0320027 -0.112989 89.1483 
-0.113046 0.0197049 0.993394 42.76 0.0348122 0.999268 -0.0158599 -2.85002 -0.99298 0.0327894 -0.11365 89.077 
-0.112227 0.0208405 0.993464 43.4188 0.035622 0.999222 -0.0169373 -2.86836 -0.993044 0.0334883 -0.112882 89.0118 
-0.109003 0.0224063 0.993789 44.0585 0.0368989 0.999148 -0.01848 -2.89124 -0.993356 0.0346553 -0.109737 88.9432 
-0.103881 0.0230397 0.994323 44.6856 0.0372258 0.999121 -0.0192619 -2.91309 -0.993893 0.0350135 -0.104648 88.891 
-0.0958388 0.0238694 0.995111 45.2947 0.0367362 0.999116 -0.0204275 -2.93457 -0.994719 0.0345988 -0.096631 88.8441 
-0.0844955 0.0238434 0.996138 45.886 0.0356923 0.999144 -0.0208879 -2.95648 -0.995784 0.0337896 -0.0852743 88.8068 
-0.070755 0.0241451 0.997201 46.4497 0.0349182 0.999154 -0.0217148 -2.97894 -0.996882 0.033284 -0.0715383 88.7814 
-0.0535488 0.0254753 0.99824 46.9952 0.0339854 0.999142 -0.0236753 -3.0029 -0.997987 0.0326578 -0.0543686 88.7717 
-0.0320476 0.0279215 0.999096 47.5328 0.0322369 0.999118 -0.0268881 -3.02889 -0.998966 0.0313461 -0.0329195 88.7748 
-0.00731676 0.0311218 0.999489 48.0599 0.030081 0.99907 -0.0308886 -3.05 -0.999521 0.0298396 -0.00824613 88.7927 
0.0212601 0.0326332 0.999241 48.5881 0.0280471 0.999054 -0.0332239 -3.07702 -0.99938 0.0287322 0.0203248 88.8264 
0.0548717 0.0321252 0.997976 49.1103 0.0263419 0.999088 -0.0336094 -3.10019 -0.998146 0.0281328 0.0539754 88.8749 
0.0936304 0.0296868 0.995164 49.6378 0.0252681 0.999162 -0.0321836 -3.12382 -0.995286 0.0281593 0.0928019 88.9436 
0.136319 0.0261091 0.990321 50.1446 0.0230957 0.999297 -0.029525 -3.1435 -0.990396 0.0268969 0.13562 89.0345 
0.182208 0.0216356 0.983022 50.6519 0.0204994 0.999457 -0.025797 -3.16905 -0.983046 0.0248518 0.181666 89.154 
0.231694 0.0185874 0.972611 51.1454 0.0157924 0.999614 -0.0228656 -3.1894 -0.972661 0.0206576 0.231311 89.2912 
0.284113 0.0168346 0.958643 51.6272 0.0119197 0.999706 -0.0210884 -3.21221 -0.958717 0.0174182 0.283829 89.459 
0.340169 0.0164273 0.940221 52.0934 0.0108581 0.999712 -0.0213953 -3.2307 -0.940302 0.017487 0.339893 89.6477 
0.399021 0.0164788 0.916794 52.5464 0.012689 0.999643 -0.0234908 -3.25239 -0.916854 0.0210065 0.39867 89.8698 
0.459366 0.0201132 0.888019 52.9755 0.013147 0.99948 -0.0294386 -3.26533 -0.88815 0.0251979 0.458863 90.1232 
0.518715 0.0230935 0.854635 53.3715 0.0140245 0.999271 -0.0355139 -3.28521 -0.854832 0.0304074 0.518013 90.4086 
0.576479 0.027281 0.816656 53.7345 0.00926226 0.99916 -0.0399161 -3.30562 -0.817059 0.0305749 0.575742 90.7207 
0.631751 0.0305449 0.774569 54.0751 0.00466576 0.999055 -0.043203 -3.32005 -0.775157 0.0309075 0.631012 91.0628 
0.683968 0.0314518 0.728834 54.3867 0.00244726 0.998966 -0.0454057 -3.33914 -0.729508 0.0328397 0.683183 91.4178 
0.732127 0.029977 0.680508 54.6707 0.00113774 0.998976 -0.04523 -3.35807 -0.681167 0.0338883 0.731343 91.7921 
0.776745 0.026666 0.62925 54.9276 -0.00185939 0.999196 -0.0400483 -3.38288 -0.629812 0.0299372 0.77617 92.182 
0.817528 0.0216787 0.575481 55.1673 -0.00300809 0.999438 -0.0333763 -3.39981 -0.575881 0.0255549 0.817134 92.6016 
0.853346 0.0191674 0.520993 55.3735 -0.00595145 0.999617 -0.0270283 -3.41953 -0.521311 0.0199637 0.853133 93.0303 
0.883929 0.0160677 0.467345 55.5514 -0.00747325 0.999767 -0.0202382 -3.43439 -0.467561 0.0143965 0.883843 93.4693 
0.908971 0.0166631 0.416525 55.7058 -0.0115202 0.999823 -0.014858 -3.4523 -0.416699 0.00870698 0.909003 93.9223 
0.928644 0.0187687 0.370497 55.8377 -0.0156159 0.999812 -0.011508 -3.46829 -0.370644 0.00490114 0.928762 94.3764 
0.943514 0.0246972 0.330412 55.9515 -0.023062 0.999695 -0.00886929 -3.48106 -0.33053 0.000748283 0.943795 94.8434 
0.95484 0.0293584 0.295666 56.043 -0.0276821 0.999568 -0.00985543 -3.49061 -0.295828 0.00122564 0.95524 95.3177 
0.963784 0.031634 0.264803 56.1437 -0.0301322 0.999498 -0.00973299 -3.49881 -0.264978 0.00140134 0.964253 95.7936 
0.969719 0.0258139 0.242854 56.2481 -0.0242563 0.999661 -0.00940275 -3.50768 -0.243015 0.00322721 0.970017 96.2754 
0.973573 0.023016 0.227212 56.3462 -0.0215566 0.999728 -0.00890301 -3.51892 -0.227355 0.00376974 0.973805 96.7631 
0.976354 0.0269127 0.214497 56.4322 -0.0255558 0.999632 -0.00909747 -3.5289 -0.214663 0.00340062 0.976682 97.2628 
0.978164 0.0324602 0.205283 56.5054 -0.0313341 0.999471 -0.00873549 -3.53492 -0.205458 0.00211231 0.978663 97.7789 
0.97913 0.040306 0.199199 56.5872 -0.0390629 0.999185 -0.010169 -3.54098 -0.199447 0.0021754 0.979906 98.295 
0.979524 0.0458937 0.196026 56.6764 -0.0440435 0.998934 -0.0137902 -3.55239 -0.19645 0.00487411 0.980502 98.8182 
0.979593 0.0471806 0.195375 56.7682 -0.0448354 0.998859 -0.0164117 -3.56658 -0.195927 0.00731701 0.980591 99.3541 
0.979173 0.045524 0.197858 56.8746 -0.042403 0.998901 -0.0199848 -3.58156 -0.19855 0.0111787 0.980027 99.8963 
0.978503 0.0439527 0.201494 56.99 -0.0393864 0.998869 -0.0266178 -3.59024 -0.202436 0.0181094 0.979128 100.443 
0.9776 0.0444057 0.205736 57.1012 -0.0387904 0.998759 -0.0312498 -3.60706 -0.206868 0.0225691 0.978108 101.009 
0.976517 0.0487042 0.209863 57.2169 -0.043136 0.998587 -0.0310323 -3.62191 -0.211078 0.0212508 0.977238 101.589 
0.975097 0.051948 0.215606 57.3333 -0.0471762 0.998515 -0.0272237 -3.64047 -0.2167 0.0163742 0.976101 102.186 
0.974193 0.0488776 0.22036 57.4643 -0.0449597 0.998729 -0.0227634 -3.6601 -0.221193 0.0122686 0.975153 102.793 
0.973572 0.0446264 0.223979 57.6095 -0.0418256 0.998976 -0.0172366 -3.67925 -0.224519 0.00741294 0.974442 103.413 
0.972771 0.0419336 0.227941 57.7479 -0.0400772 0.999115 -0.0127693 -3.69455 -0.228275 0.00328632 0.973591 104.045 
0.97227 0.037064 0.230905 57.8952 -0.035168 0.999305 -0.0123239 -3.70455 -0.231201 0.0038616 0.972898 104.684 
0.972339 0.0333412 0.231181 58.044 -0.0306284 0.999413 -0.015315 -3.72162 -0.231556 0.00781057 0.97279 105.335 
0.972486 0.0321481 0.230731 58.1914 -0.0277065 0.999364 -0.0224656 -3.73638 -0.231306 0.0154546 0.972758 105.989 
0.972637 0.0339532 0.229834 58.3344 -0.028021 0.999186 -0.0290269 -3.75597 -0.230632 0.0217924 0.972797 106.65 
0.973186 0.0364324 0.227115 58.4773 -0.0297779 0.999023 -0.0326595 -3.77648 -0.228083 0.0250207 0.97332 107.33 
0.973894 0.0340769 0.224429 58.6327 -0.0283464 0.999186 -0.0287079 -3.795 -0.225225 0.0215966 0.974067 108.02 
0.974319 0.029709 0.223204 58.7857 -0.0256151 0.999447 -0.0212156 -3.82048 -0.223711 0.0149533 0.974541 108.737 
0.974909 0.0297791 0.220601 58.9385 -0.0270721 0.999517 -0.0152856 -3.84811 -0.220949 0.00892984 0.975244 109.459 
0.975204 0.0332699 0.218791 59.0847 -0.0304991 0.999406 -0.0160309 -3.86929 -0.219195 0.00896036 0.97564 110.189 
0.975521 0.03887 0.216442 59.2271 -0.0352008 0.999164 -0.0207836 -3.88776 -0.217069 0.0126558 0.976074 110.929 
0.976288 0.0398333 0.212779 59.3727 -0.0350539 0.999042 -0.0261893 -3.90563 -0.213619 0.0181095 0.976749 111.682 
0.977239 0.0385652 0.208604 59.5271 -0.0331925 0.999022 -0.0291971 -3.92534 -0.209526 0.0216084 0.977564 112.444 
0.978192 0.0359424 0.204567 59.6836 -0.0308993 0.999136 -0.027795 -3.95089 -0.205389 0.0208678 0.978458 113.217 
0.979049 0.0320463 0.201089 59.8345 -0.0274509 0.999295 -0.0256007 -3.98182 -0.201767 0.0195442 0.979238 113.996 
0.979506 0.0307369 0.199055 59.9898 -0.0266843 0.999379 -0.023011 -4.0067 -0.199638 0.0172277 0.979718 114.797 
0.979881 0.0273599 0.197699 60.1474 -0.0237326 0.999504 -0.0206945 -4.03125 -0.198168 0.0155861 0.980044 115.599 
0.979932 0.0221977 0.198092 60.2842 -0.0186943 0.999634 -0.0195391 -4.05351 -0.198453 0.0154438 0.979989 116.415 
0.9801 0.0233951 0.197118 60.4398 -0.0201908 0.999629 -0.0182506 -4.07536 -0.197472 0.0139074 0.98021 117.229 
0.979933 0.0286304 0.197261 60.5878 -0.0251345 0.99948 -0.0202041 -4.10038 -0.197737 0.0148406 0.980143 118.052 
0.979608 0.0341618 0.197994 60.7303 -0.0300893 0.99927 -0.0235421 -4.12567 -0.198654 0.0171044 0.97992 118.884 
0.979109 0.0430578 0.198726 60.8796 -0.0387386 0.998922 -0.0255739 -4.14262 -0.199613 0.0173411 0.979721 119.725 
0.978242 0.0489304 0.201613 61.0257 -0.0448098 0.998684 -0.0249548 -4.17064 -0.202569 0.0153775 0.979147 120.557 
0.977524 0.0515557 0.204425 61.1843 -0.0478477 0.998589 -0.0230441 -4.20345 -0.205325 0.0127448 0.978611 121.406 
0.976974 0.0517175 0.206997 61.348 -0.0478242 0.998573 -0.0237723 -4.2335 -0.207931 0.0133254 0.978053 122.251 
0.976631 0.0503756 0.208935 61.5132 -0.0458371 0.998597 -0.026511 -4.26211 -0.209977 0.0163144 0.97757 123.096 
0.976655 0.0444034 0.210174 61.695 -0.0399809 0.998881 -0.0252471 -4.29225 -0.21106 0.0162546 0.977338 123.942 
0.976917 0.0377181 0.210262 61.8731 -0.032896 0.99911 -0.026386 -4.32915 -0.211071 0.0188601 0.977289 124.774 
0.976704 0.0367861 0.211415 62.0494 -0.0318985 0.99914 -0.0264844 -4.3644 -0.212207 0.0191236 0.977037 125.622 
0.976189 0.0396593 0.213263 62.2202 -0.0354215 0.999092 -0.0236577 -4.39702 -0.214008 0.0155402 0.976708 126.47 
0.975823 0.041862 0.214514 62.3874 -0.0389209 0.999082 -0.0179186 -4.42482 -0.215067 0.0091362 0.976556 127.314 
0.975506 0.0452329 0.21527 62.5515 -0.0432796 0.998968 -0.0137819 -4.45413 -0.215671 0.00412743 0.976457 128.148 
0.975327 0.0443096 0.216271 62.7229 -0.0408962 0.998958 -0.0202357 -4.48634 -0.216942 0.0108917 0.976124 128.983 
0.975551 0.0403912 0.216028 62.8977 -0.0337396 0.998839 -0.0343925 -4.52002 -0.217166 0.0262629 0.975781 129.799 
0.975798 0.0379298 0.215357 63.075 -0.0292185 0.998626 -0.0434927 -4.55263 -0.21671 0.0361476 0.975566 130.613 
0.976103 0.0350442 0.214464 63.247 -0.0282875 0.999004 -0.0344949 -4.58581 -0.215459 0.0276038 0.976122 131.44 
0.97656 0.0285954 0.213337 63.4257 -0.0262633 0.99956 -0.0137587 -4.61904 -0.213637 0.00783317 0.976882 132.292 
0.976899 0.0249595 0.212237 63.5995 -0.0258286 0.999665 0.00132284 -4.65167 -0.212133 -0.00677414 0.977217 133.137 
0.976953 0.0290885 0.211461 63.7606 -0.0287834 0.999575 -0.00452172 -4.67084 -0.211503 -0.00166914 0.977376 133.953 
0.977184 0.0371261 0.209123 63.9127 -0.0335658 0.999225 -0.0205496 -4.68997 -0.209723 0.0130613 0.977673 134.754 
0.977478 0.0371151 0.20775 64.0732 -0.031883 0.999086 -0.0284781 -4.70911 -0.208617 0.021213 0.977767 135.565 
0.978104 0.0330261 0.205479 64.2409 -0.0275773 0.999189 -0.0293265 -4.74179 -0.20628 0.0230178 0.978222 136.371 
0.978744 0.0324835 0.202496 64.3993 -0.027441 0.999241 -0.0276605 -4.78017 -0.203241 0.0215157 0.978892 137.196 
0.979479 0.0318933 0.199004 64.5475 -0.0266233 0.999222 -0.0291031 -4.80926 -0.199777 0.0232076 0.979566 138.01 
0.980434 0.0331007 0.194043 64.6931 -0.027692 0.99915 -0.0305214 -4.84524 -0.194888 0.0245507 0.980518 138.822 
0.98084 0.0379942 0.191072 64.8281 -0.0327241 0.998994 -0.0306637 -4.88358 -0.192045 0.0238235 0.981097 139.633 
0.981019 0.0439149 0.188872 64.9593 -0.0387079 0.998764 -0.0311723 -4.9149 -0.190007 0.0232697 0.981507 140.443 
0.981307 0.0455694 0.186977 65.0949 -0.0408306 0.998742 -0.0291204 -4.95122 -0.188068 0.0209416 0.981933 141.25 
0.9816 0.0434081 0.185949 65.2339 -0.0395339 0.998918 -0.0244945 -4.98528 -0.186811 0.0166925 0.982254 142.056 
0.982041 0.0417669 0.183986 65.3766 -0.037926 0.998984 -0.0243479 -5.01967 -0.184816 0.0169327 0.982627 142.86 
0.982624 0.0398566 0.181279 65.5135 -0.0354848 0.998997 -0.0272976 -5.05352 -0.182185 0.0203905 0.983053 143.653 
0.98371 0.0347508 0.176372 65.6516 -0.0297305 0.999076 -0.0310287 -5.08753 -0.177288 0.0252796 0.983834 144.445 
0.984965 0.0318331 0.169795 65.7838 -0.0267976 0.999133 -0.0318672 -5.12072 -0.170662 0.0268379 0.984964 145.236 
0.986102 0.0305986 0.163298 65.9062 -0.0265807 0.999289 -0.0267342 -5.1456 -0.164 0.022022 0.986214 146.033 
0.987255 0.0277534 0.156708 66.0276 -0.0252118 0.999517 -0.018184 -5.17986 -0.157137 0.0140013 0.987478 146.839 
0.987907 0.0246868 0.153068 66.1433 -0.0236049 0.999682 -0.0088817 -5.20552 -0.153239 0.00516105 0.988176 147.65 
0.9884 0.0314176 0.148588 66.244 -0.0308173 0.999505 -0.00634228 -5.22633 -0.148713 0.00168956 0.988879 148.445 
0.989023 0.0340412 0.143784 66.3403 -0.0328004 0.999401 -0.0109925 -5.24787 -0.144072 0.0061556 0.989548 149.238 
0.990107 0.0347204 0.135951 66.437 -0.0320866 0.999253 -0.0215178 -5.2636 -0.136597 0.0169426 0.990482 150.031 
0.991058 0.0315508 0.129645 66.5272 -0.0283006 0.999239 -0.0268375 -5.28278 -0.130393 0.0229285 0.991197 150.834 
0.991917 0.0309248 0.12306 66.61 -0.0279273 0.999271 -0.0260103 -5.30551 -0.123775 0.0223632 0.992058 151.654 
0.992639 0.0375684 0.11514 66.6839 -0.0351934 0.999125 -0.0225918 -5.33493 -0.115888 0.0183733 0.993092 152.477 
0.993321 0.0429656 0.107083 66.7461 -0.0405777 0.998879 -0.0243817 -5.3647 -0.10801 0.0198736 0.993951 153.295 
0.994268 0.045549 0.0967299 66.8071 -0.0428313 0.998632 -0.0299908 -5.39478 -0.0979636 0.0256757 0.994859 154.102 
0.995132 0.0440046 0.0881814 66.8655 -0.04129 0.998622 -0.0323774 -5.42281 -0.0894846 0.0285787 0.995578 154.921 
0.99583 0.0440633 0.0798843 66.9194 -0.0418028 0.998683 -0.0297536 -5.45074 -0.0810901 0.0262901 0.99636 155.745 
0.996292 0.0469275 0.072117 66.9547 -0.045412 0.998714 -0.0225154 -5.48296 -0.0730808 0.0191568 0.997142 156.57 
0.996675 0.0503405 0.0640666 66.9848 -0.0493418 0.998636 -0.0170782 -5.50677 -0.0648389 0.0138602 0.997799 157.4 
0.99719 0.0492493 0.0564438 67.0173 -0.0485452 0.998726 -0.0137807 -5.53006 -0.0570505 0.0110018 0.998311 158.224 
0.997479 0.0501617 0.0501867 67.0397 -0.0496385 0.9987 -0.0116194 -5.55273 -0.0507042 0.00909884 0.998672 159.051 
0.997736 0.0491789 0.0458697 67.0668 -0.0486137 0.998728 -0.0133594 -5.57633 -0.0464683 0.0110992 0.998858 159.875 
0.997704 0.053696 0.041267 67.0813 -0.0529564 0.998419 -0.0188141 -5.59952 -0.0422119 0.0165855 0.998971 160.687 
0.997537 0.059615 0.036957 67.0929 -0.0586978 0.997952 -0.0254281 -5.62544 -0.0383971 0.0231961 0.998993 161.504 
0.99758 0.0608097 0.0337211 67.1041 -0.0598835 0.997817 -0.0278319 -5.6508 -0.0353399 0.0257451 0.999044 162.323 
0.997587 0.0623118 0.0306196 67.1125 -0.0616617 0.99786 -0.0217398 -5.67661 -0.0319086 0.0197992 0.999295 163.156 
0.997492 0.0646771 0.0287502 67.1148 -0.0643787 0.997863 -0.0111914 -5.70415 -0.0294125 0.00931232 0.999524 163.991 
0.997472 0.0662942 0.025575 67.1208 -0.0662176 0.997798 -0.00383397 -5.72625 -0.0257727 0.00213069 0.999665 164.818 
0.997847 0.0624115 0.0201587 67.1292 -0.0622838 0.998034 -0.00691072 -5.74764 -0.0205503 0.0056402 0.999773 165.634 
0.998656 0.0498101 0.0143019 67.1414 -0.0495696 0.998631 -0.0167137 -5.76517 -0.0151148 0.0159822 0.999758 166.449 
0.998862 0.0471922 0.00687703 67.141 -0.0470363 0.998666 -0.021306 -5.781 -0.00787325 0.0209582 0.999749 167.267 
0.99867 0.0515525 0.000205645 67.1184 -0.0515382 0.998472 -0.0199469 -5.80226 -0.00123356 0.0199097 0.999801 168.101 
0.998759 0.0492794 -0.00719418 67.0977 -0.0493746 0.998686 -0.0137013 -5.82809 0.00650963 0.0140394 0.99988 168.933 
0.998932 0.0439058 -0.0143712 67.0738 -0.0440516 0.998979 -0.00998639 -5.84672 0.0139181 0.0106087 0.999847 169.773 
0.999177 0.03516 -0.0202283 67.0517 -0.0352885 0.999359 -0.0060268 -5.8568 0.0200035 0.00673559 0.999777 170.614 
0.999179 0.0306729 -0.0264526 67.0182 -0.0308381 0.999507 -0.00585927 -5.87876 0.0262599 0.00667013 0.999633 171.452 
0.999083 0.0270854 -0.0331526 66.9831 -0.0275263 0.999538 -0.0129132 -5.89769 0.0327876 0.0138138 0.999367 172.285 
0.999014 0.0177816 -0.0406812 66.9422 -0.0187227 0.999563 -0.0228688 -5.91805 0.0402569 0.0236079 0.99891 173.12 
0.998843 0.0075044 -0.0475041 66.9102 -0.00878633 0.999601 -0.0268329 -5.94062 0.0472838 0.0272192 0.99851 173.956 
0.998487 0.0113118 -0.0538143 66.8477 -0.0123582 0.99974 -0.0191499 -5.96459 0.0535838 0.0197858 0.998367 174.797 
0.998019 0.0217785 -0.0590301 66.772 -0.0221956 0.999733 -0.00641735 -5.98339 0.0588747 0.00771476 0.998235 175.643 
0.9976 0.0272555 -0.0636425 66.6932 -0.0272109 0.999628 0.00156875 -6.00683 0.0636617 0.000166695 0.997971 176.493 
0.997384 0.0263989 -0.067293 66.621 -0.0265593 0.999646 -0.00148863 -6.02125 0.0672299 0.00327191 0.997732 177.336 
0.997225 0.027636 -0.0691266 66.5452 -0.0285572 0.999516 -0.0123711 -6.03507 0.0687514 0.0143107 0.997531 178.162 
0.99666 0.037878 -0.0723519 66.4574 -0.0395317 0.998986 -0.0215608 -6.05396 0.0714619 0.0243489 0.997146 178.991 
0.996535 0.0363263 -0.0748153 66.3795 -0.0383085 0.998947 -0.0252311 -6.07623 0.0738201 0.0280096 0.996878 179.835 
0.99652 0.0314185 -0.077202 66.3128 -0.0330939 0.999242 -0.0205169 -6.09919 0.0764989 0.0230003 0.996804 180.691 
0.996544 0.0314884 -0.0768669 66.237 -0.032482 0.999404 -0.0117095 -6.12298 0.0764525 0.0141657 0.996973 181.55 
0.99647 0.0336449 -0.0769116 66.1561 -0.034225 0.999395 -0.00623536 -6.14449 0.0766553 0.00884556 0.997018 182.407 
0.996332 0.0337372 -0.0786456 66.0761 -0.0344005 0.999383 -0.00709307 -6.16332 0.0783579 0.00977241 0.996877 183.265 
0.99625 0.0304665 -0.0809794 65.9948 -0.0318818 0.99936 -0.0162411 -6.18629 0.0804328 0.0187619 0.996583 184.117 
0.99631 0.0196543 -0.0835481 65.928 -0.0220201 0.999379 -0.0274882 -6.21428 0.0829561 0.0292264 0.996124 184.968 
0.996285 0.00908153 -0.0856318 65.8587 -0.0118207 0.999433 -0.0315347 -6.23998 0.0852969 0.0324297 0.995828 185.818 
0.996196 0.0115497 -0.0863728 65.7673 -0.0139546 0.99953 -0.0272907 -6.26596 0.0860171 0.0283921 0.995889 186.67 
0.995996 0.0174742 -0.087671 65.6737 -0.0190358 0.999674 -0.0170069 -6.29395 0.0873454 0.0186076 0.996004 187.526 
0.995831 0.0183976 -0.0893423 65.5821 -0.0196504 0.99972 -0.0131612 -6.32734 0.0890752 0.0148619 0.995914 188.378 
0.995758 0.0172277 -0.0903856 65.4976 -0.0188423 0.999677 -0.0170401 -6.35202 0.090063 0.0186708 0.995761 189.221 
0.995791 0.0173364 -0.0899986 65.4072 -0.0194893 0.999543 -0.0230978 -6.37642 0.0895572 0.0247545 0.995674 190.056 
0.995615 0.0239019 -0.0904425 65.311 -0.0261488 0.999376 -0.0237388 -6.40155 0.0898187 0.0259996 0.995619 190.888 
0.995521 0.0266333 -0.0907122 65.2166 -0.0286087 0.999379 -0.020545 -6.43211 0.0901088 0.023048 0.995665 191.724 
0.995331 0.0306899 -0.09151 65.1243 -0.0324145 0.999323 -0.0174183 -6.46352 0.0909136 0.0203032 0.995652 192.554 
0.995227 0.0340278 -0.0914586 65.03 -0.0355109 0.999262 -0.0146371 -6.4884 0.0908932 0.0178149 0.995701 193.387 
0.995038 0.0370249 -0.0923465 64.9366 -0.0385809 0.999141 -0.0151193 -6.51215 0.0917075 0.018607 0.995612 194.206 
0.99506 0.0352683 -0.0928023 64.8489 -0.0371462 0.999137 -0.0185862 -6.5411 0.0920668 0.0219415 0.995511 195.016 
