1 -4.23778e-08 4.22719e-08 0 -4.23778e-08 1 -4.19404e-08 0 4.22719e-08 -4.19404e-08 1 0 
0.999093 -0.000851676 0.0425595 0.106401 0.000953892 0.999997 -0.00238351 -0.0232487 -0.0425572 0.00242187 0.999091 1.10071 
0.996178 -0.00552464 0.0871734 0.209812 0.00615949 0.999956 -0.00701637 -0.0800695 -0.0871307 0.00752642 0.996168 2.20086 
0.991214 -0.00549518 0.132151 0.335517 0.00699818 0.999916 -0.0109122 -0.108713 -0.13208 0.0117411 0.991169 3.2384 
0.984126 -0.00328028 0.177439 0.531131 0.00573185 0.999895 -0.0133061 -0.143736 -0.177376 0.0141118 0.984042 4.26829 
0.974796 -0.00619478 0.223013 0.756821 0.00938991 0.999868 -0.0132699 -0.177876 -0.222901 0.0150295 0.974725 5.31449 
0.963103 -0.00684419 0.269046 0.982855 0.010992 0.999843 -0.0139137 -0.235602 -0.268909 0.0163577 0.963027 6.42572 
0.95013 -0.0105344 0.311677 1.29125 0.0164454 0.999731 -0.0163431 -0.285832 -0.311421 0.0206537 0.950047 7.29487 
0.935109 -0.0120413 0.354156 1.68573 0.0196532 0.999646 -0.0179045 -0.314456 -0.353816 0.0237029 0.935015 8.32244 
0.91798 -0.0121367 0.39644 2.09681 0.0211656 0.999606 -0.0184081 -0.358686 -0.396061 0.0252891 0.917876 9.26256 
0.898355 -0.0127184 0.439086 2.54705 0.0223577 0.999609 -0.0167891 -0.396044 -0.438701 0.0248994 0.898288 10.2308 
0.876719 -0.0124966 0.480841 3.02591 0.022924 0.999612 -0.0158188 -0.426043 -0.480457 0.0248914 0.876665 11.1194 
0.852759 -0.0129136 0.522144 3.55812 0.024104 0.999602 -0.0146445 -0.446586 -0.521748 0.0250739 0.852731 12.0519 
0.827 -0.0127518 0.562057 4.11273 0.0252453 0.999577 -0.0144676 -0.474164 -0.561634 0.026154 0.826972 12.9128 
0.799894 -0.0145422 0.599965 4.75765 0.0286796 0.99949 -0.0140107 -0.501037 -0.599456 0.0284138 0.799903 13.7396 
0.771269 -0.0138112 0.636359 5.39812 0.0297886 0.999452 -0.0144126 -0.53109 -0.635812 0.0300722 0.771258 14.5479 
0.740727 -0.0172092 0.671586 6.10757 0.0348473 0.99931 -0.0128279 -0.55934 -0.670902 0.0329049 0.740816 15.346 
0.708792 -0.0165849 0.705222 6.80687 0.0352592 0.999307 -0.0119369 -0.589872 -0.704535 0.0333263 0.708886 16.0628 
0.674987 -0.0156092 0.737665 7.55442 0.0366937 0.999249 -0.0124316 -0.625548 -0.736917 0.0354588 0.675053 16.7412 
0.639385 -0.0169 0.768701 8.31959 0.0413485 0.999067 -0.0124281 -0.64666 -0.767774 0.039731 0.639487 17.3916 
0.602824 -0.0149513 0.797734 9.14241 0.0414501 0.999061 -0.012598 -0.662923 -0.796797 0.0406605 0.602877 18.0351 
0.565071 -0.0140252 0.824923 9.98756 0.04481 0.998901 -0.0137118 -0.677726 -0.823824 0.044713 0.565079 18.6328 
0.525897 -0.0123062 0.850459 10.8319 0.0494001 0.998649 -0.016097 -0.697549 -0.849112 0.0504781 0.525795 19.1809 
0.486992 -0.0113033 0.873333 11.7827 0.0511295 0.99857 -0.0155869 -0.71475 -0.871908 0.0522438 0.486874 19.7406 
0.448108 -0.0135544 0.893877 12.6748 0.0564244 0.99832 -0.0131479 -0.743687 -0.892197 0.0563281 0.44812 20.1889 
0.411243 -0.0143996 0.911412 13.5591 0.0600397 0.998132 -0.0113213 -0.770363 -0.909546 0.0593767 0.411339 20.5822 
0.376052 -0.0120585 0.92652 14.5242 0.0614643 0.998038 -0.0119576 -0.790579 -0.924558 0.0614445 0.376055 20.9754 
0.342793 -0.0127647 0.939324 15.5029 0.0620443 0.998032 -0.00907977 -0.809394 -0.93736 0.0613921 0.342911 21.3281 
0.309471 -0.0142197 0.950803 16.5097 0.0645079 0.997899 -0.00607235 -0.817955 -0.948718 0.0632135 0.309738 21.6748 
0.276661 -0.0140568 0.960865 17.5404 0.0650752 0.997872 -0.00413896 -0.827133 -0.958761 0.0636735 0.276987 21.968 
0.244077 -0.0109992 0.969694 18.5393 0.062105 0.99806 -0.00431131 -0.845718 -0.967765 0.0612751 0.244286 22.2448 
0.212817 -0.00930239 0.977048 19.6424 0.0620242 0.998067 -0.00400747 -0.845569 -0.975121 0.0614534 0.212983 22.5347 
0.182211 -0.00901668 0.983218 20.7535 0.0640604 0.997942 -0.00272013 -0.851138 -0.98117 0.063481 0.182414 22.759 
0.152097 -0.00933217 0.988321 21.8809 0.0657733 0.997834 -0.000700231 -0.85788 -0.986175 0.0651117 0.152381 22.9101 
0.121805 -0.00989384 0.992505 22.9644 0.064711 0.997902 0.00200588 -0.866461 -0.990442 0.0639817 0.12219 23.0452 
0.092715 -0.0103354 0.995639 24.0637 0.0656495 0.997834 0.00424475 -0.871183 -0.993526 0.0649697 0.0931926 23.1432 
0.0656367 -0.0100836 0.997793 25.1587 0.0683825 0.997643 0.00558364 -0.868799 -0.995498 0.0678651 0.0661715 23.2138 
0.0404093 -0.00947219 0.999138 26.3339 0.0720527 0.997379 0.00654131 -0.868045 -0.996582 0.0717263 0.0409859 23.273 
0.0171024 -0.00923626 0.999811 27.5074 0.0756384 0.997104 0.00791733 -0.869481 -0.996989 0.0754887 0.0177515 23.3064 
-0.00352887 -0.00927704 0.999951 28.6738 0.081011 0.996668 0.00953239 -0.866251 -0.996707 0.0810406 -0.00276557 23.3185 
-0.0215683 -0.010259 0.999715 29.9363 0.0851149 0.996298 0.0120602 -0.874237 -0.996138 0.0853507 -0.0206153 23.3028 
-0.0377667 -0.0101206 0.999235 31.2286 0.0876778 0.996059 0.0134022 -0.862079 -0.995433 0.0881169 -0.0367305 23.2979 
-0.0525115 -0.0107846 0.998562 32.4523 0.0898807 0.995832 0.0154817 -0.847955 -0.994567 0.0905644 -0.0513234 23.2429 
-0.0665359 -0.0117375 0.997715 33.6698 0.0897968 0.995803 0.0177033 -0.839629 -0.993735 0.0907695 -0.0652026 23.2014 
-0.079112 -0.0116805 0.996797 34.9394 0.089476 0.995812 0.0187702 -0.826989 -0.992842 0.0906744 -0.0777356 23.1265 
-0.0911464 -0.00890911 0.995798 36.2125 0.0897324 0.995819 0.0171225 -0.815902 -0.991786 0.0909159 -0.0899658 23.1092 
-0.101581 -0.00517996 0.994814 37.4756 0.0900987 0.995829 0.0143852 -0.793447 -0.990739 0.0910927 -0.10069 23.0058 
-0.111275 -0.00283662 0.993786 38.7027 0.0910404 0.995762 0.013036 -0.790112 -0.989611 0.0919252 -0.110545 22.8839 
-0.1191 -0.00162797 0.992881 39.9839 0.0910475 0.995767 0.0125542 -0.774476 -0.988699 0.0918945 -0.118448 22.7586 
-0.125323 -0.000999539 0.992115 41.315 0.0906112 0.995808 0.0124491 -0.767019 -0.987969 0.0914569 -0.124708 22.6082 
-0.13042 0.000544904 0.991459 42.6593 0.0917191 0.995718 0.0115177 -0.750552 -0.987207 0.0924378 -0.129912 22.4412 
-0.135278 0.00224905 0.990805 44.0772 0.0908775 0.99581 0.0101474 -0.728068 -0.986631 0.0914146 -0.134916 22.2803 
-0.139823 0.00312383 0.990172 45.4876 0.0911666 0.995788 0.00973207 -0.717613 -0.985971 0.0916313 -0.139519 22.1045 
-0.143283 0.00208619 0.98968 46.9887 0.0910268 0.995787 0.0110794 -0.703296 -0.985487 0.0916748 -0.142869 21.933 
-0.145769 0.000140002 0.989319 48.4177 0.0915824 0.995708 0.013353 -0.694929 -0.985071 0.0925506 -0.145156 21.7391 
-0.148414 -0.000861592 0.988925 49.9095 0.0913059 0.995716 0.0145703 -0.670449 -0.984701 0.0924571 -0.1477 21.5549 
-0.150729 -1.26352e-05 0.988575 51.3904 0.0940661 0.995462 0.014355 -0.655878 -0.98409 0.0951552 -0.150044 21.358 
-0.151744 -0.000336556 0.98842 52.9354 0.0932674 0.995533 0.0146575 -0.634197 -0.98401 0.0944116 -0.151035 21.1452 
-0.152577 0.000895847 0.988291 54.464 0.0948689 0.995395 0.0137439 -0.630642 -0.983728 0.0958551 -0.151959 20.9274 
-0.153263 0.00081492 0.988185 55.9977 0.0947699 0.995402 0.0138775 -0.636869 -0.98363 0.0957772 -0.152636 20.7565 
-0.152823 0.00212494 0.988251 57.521 0.0942957 0.995466 0.0124413 -0.630831 -0.983745 0.0950891 -0.15233 20.5446 
-0.151998 0.00248907 0.988378 59.0799 0.0953927 0.995365 0.0121633 -0.600474 -0.983767 0.0961328 -0.151531 20.3439 
-0.151278 0.00139689 0.98849 60.695 0.0943965 0.995449 0.0130396 -0.595296 -0.983974 0.0952826 -0.150721 20.1674 
-0.15099 0.0023024 0.988533 62.2505 0.0951092 0.995392 0.0122087 -0.574585 -0.983949 0.0958619 -0.150513 19.9651 
-0.150069 0.0028971 0.988671 63.8454 0.0953266 0.995379 0.0115526 -0.573618 -0.984069 0.0959803 -0.149651 19.7515 
-0.149187 0.00356723 0.988802 65.4782 0.0964691 0.995275 0.0109643 -0.562658 -0.984092 0.0970246 -0.148826 19.5306 
-0.147675 0.0037009 0.989029 67.1573 0.0961782 0.995307 0.0106362 -0.538532 -0.984348 0.0966937 -0.147338 19.272 
-0.147181 0.00212783 0.989107 68.8261 0.0982224 0.995086 0.0124749 -0.519343 -0.98422 0.0989886 -0.146667 19.0534 
-0.146798 -0.000108238 0.989166 70.5217 0.0997331 0.994902 0.0149098 -0.511858 -0.984126 0.100841 -0.146039 18.8253 
-0.145249 0.00113443 0.989394 72.2491 0.101635 0.994726 0.01378 -0.499684 -0.984161 0.102559 -0.144598 18.5437 
-0.144508 0.00318429 0.989498 73.9574 0.103417 0.994567 0.0119024 -0.481383 -0.984085 0.104051 -0.144052 18.3203 
-0.14375 0.00284207 0.98961 75.6616 0.102899 0.994618 0.0120904 -0.472174 -0.98425 0.103568 -0.143269 18.0956 
-0.144084 0.00299198 0.989561 77.3698 0.103243 0.994583 0.0120254 -0.457956 -0.984165 0.103898 -0.143612 17.8751 
-0.143582 0.00206432 0.989636 79.1438 0.103492 0.994546 0.0129405 -0.443574 -0.984212 0.104277 -0.143013 17.6425 
-0.143913 0.00195495 0.989588 80.8775 0.104789 0.994406 0.0132746 -0.438831 -0.984026 0.105608 -0.143313 17.4336 
-0.14362 0.00177571 0.989631 82.655 0.105821 0.994292 0.0135731 -0.429032 -0.983959 0.106673 -0.142988 17.1846 
-0.1437 0.0030094 0.989617 84.422 0.105931 0.994297 0.0123583 -0.416237 -0.983935 0.106607 -0.143199 16.9573 
-0.144181 0.00364931 0.989545 86.2296 0.105731 0.994325 0.0117384 -0.413052 -0.983887 0.106318 -0.143749 16.7273 
-0.145139 0.00415396 0.989402 88.0729 0.105054 0.994403 0.0112358 -0.404521 -0.983818 0.105572 -0.144763 16.4817 
-0.146093 0.00503004 0.989258 89.8866 0.104372 0.994484 0.0103569 -0.394644 -0.98375 0.104764 -0.145812 16.2272 
-0.146923 0.0043216 0.989138 91.7407 0.103621 0.994555 0.0110461 -0.385498 -0.983705 0.104118 -0.146571 15.9788 
-0.148058 0.00384919 0.988971 93.5696 0.10385 0.994524 0.0116765 -0.389683 -0.983511 0.104434 -0.147647 15.7369 
-0.148154 0.00258649 0.988961 95.383 0.101613 0.994744 0.0126208 -0.389258 -0.98373 0.102361 -0.147639 15.4796 
-0.149861 0.00357255 0.9887 97.2111 0.101166 0.9948 0.0117395 -0.375654 -0.983518 0.101782 -0.149443 15.2274 
-0.15188 0.00439588 0.988389 99.0595 0.100734 0.994852 0.0110546 -0.363702 -0.983252 0.101244 -0.151541 14.9499 
-0.155708 0.0054194 0.987788 100.947 0.10172 0.994757 0.0105767 -0.357188 -0.982552 0.102125 -0.155443 14.6643 
-0.160331 0.00445384 0.987053 102.835 0.0996069 0.994958 0.01169 -0.351848 -0.982025 0.100192 -0.159967 14.3987 
-0.16547 0.0036764 0.986208 104.733 0.0969692 0.995208 0.0125599 -0.346755 -0.981436 0.0977101 -0.165034 14.122 
-0.169959 0.00442102 0.985441 106.628 0.0957423 0.995333 0.0120472 -0.3423 -0.980789 0.0963959 -0.16959 13.8171 
-0.17454 0.00612028 0.984631 108.547 0.0970031 0.995223 0.011009 -0.34026 -0.97986 0.0974338 -0.1743 13.509 
-0.178982 0.00807474 0.983819 110.489 0.0967749 0.995261 0.00943708 -0.332395 -0.979081 0.0968981 -0.178915 13.1786 
-0.18395 0.00803031 0.982903 112.395 0.095505 0.995381 0.00974138 -0.341164 -0.978285 0.0956641 -0.183867 12.8571 
-0.188482 0.00768201 0.982046 114.306 0.0936648 0.995552 0.0101892 -0.338377 -0.9776 0.0939037 -0.188363 12.5194 
-0.193783 0.00678298 0.981021 116.26 0.0917574 0.995718 0.0112404 -0.338891 -0.976744 0.0921942 -0.193576 12.1589 
-0.199405 0.0065993 0.979895 118.266 0.0914955 0.995734 0.011913 -0.323628 -0.975636 0.0920315 -0.199159 11.7784 
-0.204632 0.00631705 0.978819 120.237 0.0916259 0.995712 0.0127292 -0.316324 -0.974541 0.09229 -0.204333 11.3913 
-0.210189 0.00779043 0.97763 122.21 0.0918694 0.995701 0.0118173 -0.306364 -0.973335 0.0922982 -0.210001 10.994 
-0.215516 0.00882535 0.97646 124.181 0.0918679 0.995707 0.0112769 -0.300525 -0.972169 0.0921357 -0.215401 10.5901 
-0.221485 0.00903474 0.975122 126.169 0.0926046 0.995633 0.011809 -0.289496 -0.970757 0.0929163 -0.221355 10.1693 
-0.226743 0.00879613 0.973915 128.146 0.0912123 0.995756 0.0122422 -0.283709 -0.969674 0.0916089 -0.226583 9.74316 
-0.232171 0.00958878 0.972628 130.172 0.090615 0.995816 0.0118128 -0.271715 -0.968445 0.0908772 -0.232068 9.29852 
-0.237464 0.0102385 0.971342 132.176 0.0898716 0.995887 0.0114736 -0.263785 -0.96723 0.0900207 -0.237407 8.85472 
-0.24162 0.0100347 0.970319 134.156 0.0909828 0.995776 0.0123577 -0.249058 -0.966096 0.0912682 -0.241512 8.38503 
-0.245329 0.0100062 0.969388 136.127 0.0932014 0.995558 0.0133107 -0.245877 -0.964949 0.0936139 -0.245172 7.90436 
-0.248351 0.0109045 0.968609 138.129 0.0946637 0.995423 0.0130653 -0.235934 -0.964033 0.0949368 -0.248247 7.40306 
-0.250026 0.0117804 0.968167 140.21 0.0960268 0.995298 0.012688 -0.227944 -0.963466 0.0961424 -0.249981 6.8108 
-0.253211 0.0115388 0.967342 142.244 0.0954196 0.995351 0.013104 -0.22635 -0.962694 0.0956215 -0.253135 6.30642 
-0.256954 0.0119398 0.96635 144.277 0.094338 0.995458 0.0127851 -0.22673 -0.961808 0.0944487 -0.256913 5.78366 
-0.261665 0.0127495 0.965074 146.322 0.093008 0.995592 0.0120649 -0.222046 -0.960667 0.0929166 -0.261697 5.27153 
-0.265844 0.0124222 0.963936 148.338 0.0924382 0.995638 0.0126628 -0.225802 -0.959574 0.0924708 -0.265833 4.74385 
-0.270826 0.0128271 0.962543 150.346 0.0921569 0.995664 0.0126612 -0.228283 -0.958207 0.092134 -0.270834 4.21124 
-0.275115 0.013411 0.961318 152.378 0.0920028 0.995681 0.0124394 -0.226967 -0.956999 0.0918662 -0.275161 3.65598 
-0.279355 0.0136297 0.960091 154.391 0.0916411 0.995713 0.0125292 -0.223479 -0.955805 0.091484 -0.279407 3.09844 
-0.283638 0.0127991 0.958846 156.444 0.0910255 0.995755 0.0136346 -0.212692 -0.954601 0.0911467 -0.283599 2.53934 
-0.287629 0.0130874 0.957652 158.459 0.0930087 0.995562 0.0143294 -0.21557 -0.953215 0.0931916 -0.287569 1.96713 
-0.291583 0.0138196 0.956445 160.495 0.0948485 0.995386 0.0145333 -0.225083 -0.951831 0.0949551 -0.291549 1.39691 
-0.295246 0.014933 0.955304 162.538 0.093815 0.995499 0.0134331 -0.206764 -0.950804 0.093588 -0.295318 0.800494 
-0.29857 0.0165438 0.954244 164.574 0.093853 0.995512 0.012106 -0.199903 -0.949762 0.0931732 -0.298783 0.197821 
-0.30225 0.0175906 0.953066 166.61 0.0945285 0.995454 0.0116053 -0.207019 -0.94853 0.0935996 -0.302539 -0.39503 
-0.305532 0.0181896 0.952008 168.683 0.0941205 0.995498 0.0111859 -0.209506 -0.947518 0.0930211 -0.305869 -1.02833 
-0.308841 0.0188034 0.950928 170.741 0.0947827 0.995436 0.0110999 -0.195701 -0.946379 0.0935596 -0.309214 -1.67472 
-0.312835 0.0189255 0.949619 172.797 0.0940408 0.995506 0.01114 -0.189131 -0.945141 0.0927879 -0.313209 -2.31701 
-0.316629 0.0193891 0.948351 174.903 0.0961777 0.995295 0.0117622 -0.205257 -0.943661 0.0949345 -0.317004 -2.97558 
-0.319573 0.0193677 0.947364 176.977 0.0977201 0.995134 0.0126194 -0.205567 -0.942509 0.0966094 -0.319911 -3.64855 
-0.321826 0.0190721 0.946607 179.135 0.0989167 0.995003 0.0135822 -0.208649 -0.941617 0.0980063 -0.322104 -4.35883 
-0.324647 0.0183474 0.945657 181.225 0.0982444 0.995058 0.0144216 -0.205332 -0.940719 0.0975875 -0.324845 -5.05317 
-0.327085 0.0190294 0.944803 183.379 0.0980163 0.995088 0.0138903 -0.197959 -0.939898 0.0971495 -0.327343 -5.77331 
-0.329813 0.0208905 0.943815 185.448 0.0961588 0.995299 0.0115722 -0.193546 -0.939136 0.0945728 -0.330271 -6.46979 
-0.333345 0.022745 0.94253 187.529 0.095739 0.995358 0.00984021 -0.196973 -0.937931 0.0935171 -0.333975 -7.15789 
-0.33638 0.0232779 0.941439 189.659 0.0949379 0.99544 0.00930848 -0.208262 -0.936929 0.0925094 -0.337056 -7.88096 
-0.339841 0.0242974 0.940169 191.793 0.0934803 0.995588 0.00806044 -0.219651 -0.935825 0.0906265 -0.340614 -8.59664 
-0.343514 0.023829 0.938845 193.897 0.0940978 0.995521 0.00916183 -0.241585 -0.934422 0.0914905 -0.344217 -9.32569 
-0.347201 0.0231595 0.937504 196.009 0.0936706 0.995552 0.0100971 -0.24159 -0.933101 0.0913224 -0.347826 -10.0736 
-0.350403 0.0225561 0.936327 198.171 0.093038 0.995604 0.0108336 -0.238129 -0.931966 0.0909102 -0.350961 -10.8544 
-0.354012 0.0220663 0.93498 200.261 0.0932128 0.995576 0.0117966 -0.257205 -0.930584 0.0913283 -0.354503 -11.6068 
-0.358187 0.0218388 0.933394 202.336 0.0916521 0.99572 0.0118741 -0.269889 -0.92914 0.0898007 -0.358655 -12.3356 
-0.361703 0.0220054 0.932034 204.457 0.0907556 0.995804 0.0117092 -0.283633 -0.927865 0.0888225 -0.362182 -13.1178 
-0.365286 0.0223395 0.930627 206.538 0.0908077 0.995799 0.0117394 -0.313124 -0.926456 0.0887964 -0.36578 -13.8711 
-0.368171 0.0225981 0.929483 208.617 0.0912578 0.995756 0.0119381 -0.335653 -0.925269 0.0892179 -0.36867 -14.6515 
-0.370661 0.0225238 0.928495 210.733 0.0928199 0.995599 0.0129026 -0.335083 -0.924118 0.0909653 -0.371121 -15.4541 
-0.372821 0.022029 0.927642 212.905 0.094224 0.995449 0.0142295 -0.329638 -0.923107 0.0927111 -0.3732 -16.3068 
-0.375082 0.0232318 0.9267 215.098 0.0961999 0.995264 0.0139862 -0.320033 -0.921986 0.0943945 -0.37554 -17.1813 
-0.378135 0.0241541 0.925435 217.236 0.0956579 0.995328 0.0131076 -0.315326 -0.920795 0.0934816 -0.378679 -18.0217 
-0.380331 0.0244797 0.924526 219.417 0.0956495 0.99533 0.0129937 -0.31814 -0.919891 0.0933724 -0.380896 -18.8952 
-0.383123 0.0255108 0.923345 221.548 0.0950432 0.995402 0.0119345 -0.33717 -0.918794 0.0923301 -0.383786 -19.7277 
-0.386443 0.0270358 0.921917 223.494 0.0949886 0.995422 0.0106253 -0.330319 -0.917409 0.0916777 -0.387242 -20.4885 
-0.389112 0.0265953 0.920807 225.511 0.0927603 0.995634 0.0104418 -0.355781 -0.916508 0.0894773 -0.38988 -21.2888 
-0.392449 0.0271822 0.919372 227.504 0.0934907 0.995565 0.010473 -0.39141 -0.91501 0.0900629 -0.39325 -22.0668 
-0.395149 0.0267977 0.918226 229.559 0.0950061 0.995406 0.0118347 -0.395924 -0.913691 0.0919136 -0.395879 -22.8862 
-0.39825 0.0260401 0.916907 231.55 0.0957532 0.995316 0.0133224 -0.393718 -0.912266 0.0931025 -0.398878 -23.7001 
-0.401689 0.0255599 0.915419 233.544 0.0941606 0.995465 0.0135231 -0.406958 -0.910922 0.0916285 -0.402274 -24.5106 
-0.404471 0.0254638 0.914196 235.649 0.0928666 0.995589 0.0133564 -0.418988 -0.909823 0.0903006 -0.405052 -25.4044 
-0.408085 0.0248872 0.912604 237.725 0.091498 0.99571 0.0137612 -0.42582 -0.908347 0.0891172 -0.408612 -26.2824 
-0.411253 0.0245589 0.91119 239.826 0.0910671 0.995743 0.014264 -0.41619 -0.906961 0.0888456 -0.411739 -27.1823 
-0.414582 0.0243527 0.909686 241.897 0.0903506 0.995804 0.0145185 -0.429667 -0.905515 0.0882098 -0.415043 -28.1098 
-0.419122 0.0239449 0.907614 243.992 0.0899181 0.995832 0.0152505 -0.449647 -0.903466 0.0880028 -0.419528 -28.9901 
-0.422715 0.0235282 0.905957 246.11 0.0891536 0.995894 0.0157346 -0.448979 -0.901867 0.0874206 -0.423077 -29.9379 
-0.426618 0.0234528 0.904128 248.266 0.0884586 0.995953 0.015905 -0.44403 -0.900096 0.0867633 -0.426966 -30.9203 
-0.430211 0.0243448 0.9024 250.428 0.0884122 0.995967 0.0152807 -0.43229 -0.898388 0.0863571 -0.430629 -31.9259 
-0.433672 0.0253056 0.900715 252.609 0.0894197 0.99588 0.015074 -0.417462 -0.896623 0.0870789 -0.434148 -32.939 
-0.4376 0.0250292 0.898821 254.699 0.0891277 0.995897 0.0156601 -0.427963 -0.894742 0.0869628 -0.438035 -33.8949 
-0.441386 0.0253778 0.896958 256.766 0.0880995 0.995996 0.0151732 -0.431494 -0.892982 0.0857189 -0.441855 -34.838 
-0.445092 0.0258372 0.895112 258.918 0.0883922 0.99597 0.0152044 -0.425687 -0.891111 0.0858883 -0.445582 -35.8572 
-0.448496 0.026484 0.893392 261.066 0.0885976 0.995955 0.0149529 -0.404453 -0.889383 0.0858588 -0.449028 -36.8776 
-0.452335 0.0275122 0.891424 263.27 0.0899391 0.995836 0.014903 -0.395423 -0.887301 0.086915 -0.452926 -37.8964 
-0.455646 0.0298903 0.889659 265.338 0.0926238 0.995603 0.0139882 -0.39108 -0.885329 0.0887773 -0.456411 -38.9248 
-0.458546 0.0306552 0.888142 267.426 0.0936783 0.995504 0.0140049 -0.384652 -0.883719 0.0896215 -0.459356 -39.9346 
-0.461191 0.0329029 0.88669 269.517 0.0952535 0.995373 0.012608 -0.375471 -0.882173 0.0902751 -0.462191 -40.9771 
-0.462637 0.0357141 0.885828 271.673 0.0972258 0.995205 0.0106537 -0.362807 -0.8812 0.0910542 -0.463891 -42.079 
-0.466054 0.0362938 0.884011 273.765 0.097886 0.995139 0.0107495 -0.363134 -0.879325 0.0915422 -0.467341 -43.0987 
-0.46899 0.0373206 0.882415 275.925 0.0980683 0.995129 0.0100341 -0.350643 -0.877742 0.0912428 -0.470365 -44.2185 
-0.472535 0.0373728 0.880519 278.118 0.0972992 0.995205 0.00997553 -0.338122 -0.875924 0.0903876 -0.473906 -45.3196 
-0.475923 0.0390549 0.878619 280.279 0.0980725 0.995139 0.00888869 -0.328856 -0.874002 0.0903988 -0.47744 -46.4535 
-0.478695 0.0392262 0.877104 282.442 0.0974236 0.995205 0.00866263 -0.334745 -0.872559 0.0895975 -0.480221 -47.6142 
-0.481325 0.0391951 0.875665 284.611 0.0954744 0.9954 0.00792463 -0.323836 -0.871327 0.0874179 -0.482854 -48.7786 
-0.483417 0.0400216 0.874475 286.75 0.0968516 0.995267 0.00799055 -0.307974 -0.870016 0.0885571 -0.485005 -49.9278 
-0.486073 0.0402844 0.872989 288.909 0.0985355 0.995093 0.00894479 -0.321752 -0.868345 0.0903683 -0.487658 -51.0241 
-0.488291 0.0403937 0.871746 291.014 0.0996258 0.994978 0.00969955 -0.324821 -0.866976 0.0915846 -0.489863 -52.1562 
-0.49082 0.0396748 0.870357 293.154 0.0989963 0.995033 0.0104688 -0.33257 -0.865619 0.0913005 -0.492309 -53.2557 
-0.49267 0.0389394 0.869345 295.335 0.0994264 0.994975 0.0117797 -0.335829 -0.864518 0.0922393 -0.494066 -54.4609 
-0.495352 0.0393844 0.867799 297.569 0.10158 0.994744 0.0128373 -0.344769 -0.862733 0.0945098 -0.496749 -55.6722 
-0.497567 0.0396053 0.866521 299.72 0.101941 0.994704 0.0130719 -0.321765 -0.861415 0.0948386 -0.498969 -56.8375 
-0.499594 0.0405809 0.865308 301.87 0.101595 0.994753 0.0120055 -0.310974 -0.860281 0.0939092 -0.501096 -58.0318 
-0.502363 0.0429386 0.86359 304.03 0.1011 0.994832 0.00934706 -0.30171 -0.858726 0.0920042 -0.504108 -59.2017 
-0.505611 0.0420704 0.861735 306.104 0.0993123 0.995009 0.00969309 -0.313528 -0.857027 0.0904818 -0.507266 -60.4016 
-0.509649 0.040048 0.85945 308.315 0.0970746 0.995214 0.0111904 -0.314409 -0.854888 0.089134 -0.511098 -61.6642 
-0.514326 0.0374786 0.856776 310.555 0.0946084 0.995426 0.01325 -0.304044 -0.85236 0.087873 -0.515519 -62.9564 
-0.519099 0.0359522 0.853958 312.773 0.0929146 0.995567 0.0145662 -0.299527 -0.849649 0.0869064 -0.520139 -64.247 
-0.523273 0.035784 0.851413 314.971 0.0931839 0.995529 0.0154291 -0.291106 -0.847055 0.0874116 -0.524268 -65.5489 
-0.52744 0.0372896 0.848773 317.22 0.0958903 0.995265 0.0158621 -0.283893 -0.844163 0.0897555 -0.528519 -66.884 
-0.531466 0.0393263 0.846166 319.464 0.100449 0.994799 0.0168567 -0.299092 -0.841103 0.0939558 -0.532652 -68.2286 
-0.535115 0.0397102 0.843845 321.642 0.101765 0.99465 0.0177261 -0.279326 -0.838627 0.0953595 -0.536293 -69.5551 
-0.53905 0.0375605 0.841436 323.81 0.100263 0.994763 0.0198264 -0.257253 -0.836285 0.0950521 -0.539993 -70.8959 
-0.542751 0.0356756 0.839135 325.937 0.0982861 0.994931 0.021272 -0.227376 -0.834123 0.0940207 -0.543506 -72.2552 
-0.546674 0.0354029 0.836597 328.118 0.0971993 0.995035 0.0214071 -0.203019 -0.831685 0.0930193 -0.5474 -73.6359 
-0.550717 0.0344047 0.833982 330.298 0.0957037 0.995163 0.0221435 -0.185043 -0.829187 0.09201 -0.551346 -75.0269 
-0.554878 0.0335456 0.831255 332.552 0.0958942 0.995106 0.0238532 -0.169734 -0.826387 0.0929482 -0.555379 -76.4704 
-0.55934 0.0327533 0.828291 334.777 0.094529 0.995221 0.0244806 -0.135165 -0.823531 0.0919905 -0.559763 -77.9097 
-0.562916 0.0311543 0.825926 336.948 0.0926315 0.995372 0.0255878 -0.11729 -0.821307 0.0909106 -0.563197 -79.3455 
-0.566332 0.0299322 0.823633 339.104 0.0913394 0.995464 0.0266283 -0.0937673 -0.8191 0.0903107 -0.566497 -80.7938 
-0.570106 0.0289431 0.821061 341.211 0.0915657 0.995391 0.0284904 -0.0823062 -0.816453 0.0914236 -0.570129 -82.1915 
-0.573868 0.0279591 0.81847 343.311 0.0917835 0.995316 0.0303534 -0.0661464 -0.813788 0.0925409 -0.573746 -83.5986 
-0.577618 0.0269802 0.815861 345.405 0.0919926 0.995238 0.0322173 -0.0452852 -0.811107 0.0936625 -0.57735 -85.015 
-0.580384 0.0268737 0.813899 347.582 0.0890845 0.995552 0.0306537 0.0153337 -0.809455 0.0902967 -0.580197 -86.5325 
-0.582996 0.0241444 0.812116 349.74 0.0868776 0.99568 0.0327652 0.0601627 -0.807817 0.0896567 -0.582575 -87.991 
-0.58615 0.0235336 0.80986 351.971 0.0871506 0.99561 0.0341455 0.126307 -0.805501 0.0905942 -0.585628 -89.5597 
-0.589219 0.0231425 0.807642 354.164 0.0853509 0.99578 0.0337345 0.191498 -0.803453 0.08881 -0.588707 -91.1016 
-0.592099 0.0220044 0.805565 356.307 0.0833653 0.995936 0.0340698 0.245411 -0.801542 0.0873289 -0.591527 -92.6348 
-0.594939 0.0186141 0.803555 358.419 0.0814366 0.995983 0.0372227 0.302856 -0.799635 0.0875841 -0.594065 -94.1456 
-0.598229 0.0158551 0.801168 360.453 0.0781111 0.996197 0.0386105 0.357651 -0.797509 0.085678 -0.597192 -95.6096 
-0.601271 0.0151515 0.798902 362.61 0.0764601 0.996323 0.0386497 0.431929 -0.795379 0.0843231 -0.600218 -97.1679 
-0.603932 0.0148011 0.796898 364.634 0.0754884 0.996395 0.0387026 0.48591 -0.793453 0.0835304 -0.602872 -98.6933 
-0.607205 0.0144364 0.794414 366.761 0.0752324 0.996387 0.0393965 0.558402 -0.790976 0.0836874 -0.606097 -100.226 
-0.610135 0.013568 0.792181 368.881 0.0742116 0.996436 0.0400911 0.627244 -0.788814 0.08325 -0.608967 -101.787 
-0.613133 0.0120831 0.789887 370.92 0.0708859 0.996691 0.039777 0.691089 -0.786793 0.0803805 -0.611961 -103.301 
-0.616445 0.00841359 0.787353 372.966 0.061113 0.997438 0.0371888 0.734601 -0.785023 0.0710424 -0.615379 -104.837 
-0.619517 0.0114745 0.784899 375.055 0.0538363 0.99816 0.0279005 0.789693 -0.783135 0.0595409 -0.618995 -106.425 
-0.619682 0.0221957 0.784539 376.963 0.0647292 0.99764 0.0229028 0.87873 -0.782179 0.0649751 -0.619656 -108.077 
-0.61862 0.023147 0.785349 379.118 0.0715628 0.997071 0.0269828 0.922223 -0.782424 0.0728939 -0.618465 -109.775 
-0.620669 0.0138681 0.78395 381.274 0.070475 0.996783 0.0381633 0.980121 -0.780899 0.0789357 -0.61965 -111.425 
-0.623528 0.00323359 0.781794 383.394 0.0643944 0.996806 0.0472355 1.05762 -0.779145 0.0797959 -0.621744 -113.062 
-0.627274 -0.00180702 0.778797 385.461 0.0596117 0.996952 0.0503267 1.17443 -0.776514 0.077994 -0.625254 -114.64 
-0.629768 -0.00211458 0.77678 387.505 0.0588882 0.996989 0.0504571 1.26305 -0.774548 0.0775195 -0.627747 -116.24 
-0.632732 0.00310206 0.774365 389.553 0.0641366 0.996766 0.0484129 1.32768 -0.77171 0.0802975 -0.630885 -117.85 
-0.636166 0.00795226 0.771511 391.497 0.0697821 0.996442 0.0472695 1.35941 -0.76839 0.0839089 -0.634457 -119.357 
-0.638628 0.0108432 0.769439 393.595 0.0707487 0.996493 0.0446778 1.4521 -0.766256 0.0829693 -0.637156 -121.047 
-0.641123 0.0108991 0.76736 395.636 0.0706646 0.99649 0.0448861 1.52602 -0.764177 0.0830027 -0.639643 -122.693 
-0.642602 0.0108063 0.766124 397.639 0.0702912 0.996515 0.0449022 1.58214 -0.762969 0.082706 -0.641123 -124.378 
-0.644631 0.00978677 0.764431 399.767 0.0699841 0.996475 0.0462587 1.68481 -0.761284 0.0833178 -0.643044 -126.11 
-0.645824 0.0106251 0.763413 401.73 0.0712257 0.996381 0.0463871 1.75923 -0.760157 0.0843325 -0.644243 -127.761 
-0.647271 0.0106803 0.762185 403.759 0.0713746 0.996358 0.0466518 1.81365 -0.758911 0.084597 -0.645676 -129.326 
-0.649441 0.0103345 0.760341 405.476 0.0713711 0.996322 0.0474192 1.82183 -0.757055 0.0850624 -0.64779 -130.735 
-0.651658 0.00828186 0.758467 407.212 0.0690895 0.996432 0.0484799 1.85351 -0.755359 0.0839944 -0.649905 -132.213 
-0.652015 0.00732653 0.75817 409.177 0.0704167 0.996217 0.0509304 1.94402 -0.754929 0.0865953 -0.650064 -133.89 
-0.652784 0.00665675 0.757514 411.06 0.0716662 0.996019 0.0530053 2.01397 -0.754146 0.0888892 -0.650663 -135.482 
-0.653439 0.00785948 0.756938 412.584 0.0715013 0.996116 0.0513817 2.13686 -0.753594 0.087697 -0.651464 -136.927 
-0.654482 0.00742289 0.756041 414.22 0.0673345 0.996551 0.0485052 2.16127 -0.753073 0.0826535 -0.652724 -138.332 
-0.657031 0.00607754 0.753839 416.085 0.0634529 0.996865 0.0472674 2.21799 -0.751188 0.0788895 -0.655357 -139.78 
-0.65778 0.0057 0.753188 417.975 0.0637603 0.996803 0.0481399 2.27754 -0.750506 0.079689 -0.656041 -141.399 
-0.658517 0.00450532 0.752552 419.908 0.0623134 0.996875 0.048559 2.34781 -0.749981 0.078871 -0.65674 -143.043 
-0.658973 0.00341024 0.752159 421.93 0.0585861 0.997184 0.0468066 2.44771 -0.749881 0.0749104 -0.657317 -144.778 
-0.660063 0.00324969 0.751203 423.962 0.0584282 0.997183 0.0470255 2.53077 -0.748934 0.0749312 -0.658394 -146.484 
-0.66016 0.00188853 0.751122 426.015 0.0583946 0.997099 0.0488159 2.63716 -0.748852 0.0760879 -0.658355 -148.25 
-0.659348 0.000193372 0.751838 427.876 0.0608172 0.996737 0.0530792 2.70409 -0.749374 0.0807223 -0.657208 -149.902 
-0.65844 0.000416072 0.752633 429.956 0.0667021 0.996097 0.0578036 2.84926 -0.749671 0.0882624 -0.655898 -151.706 
-0.656748 -0.000337948 0.75411 431.961 0.0703368 0.995613 0.0617019 2.97993 -0.750823 0.0935643 -0.653843 -153.441 
-0.654565 -0.00233912 0.756002 433.973 0.0649091 0.996129 0.0592819 3.1073 -0.753214 0.0878753 -0.651879 -155.147 
-0.653477 -0.00341456 0.756938 436.031 0.0567907 0.99695 0.0535255 3.22333 -0.754813 0.0779647 -0.65129 -156.868 
-0.651312 -0.00491611 0.758794 438.052 0.0519561 0.997343 0.0510582 3.33835 -0.757029 0.0726789 -0.649326 -158.564 
-0.648052 -0.0037957 0.761587 440.052 0.0526766 0.997369 0.0497945 3.43587 -0.759773 0.0723872 -0.646147 -160.251 
-0.645149 -0.00367304 0.764048 442.103 0.0535535 0.997312 0.050014 3.53911 -0.762178 0.0731839 -0.643218 -161.952 
-0.641811 -0.00407331 0.766852 444.089 0.0542143 0.997243 0.0506712 3.62353 -0.764944 0.0740957 -0.63982 -163.623 
-0.638916 -0.00288792 0.769271 446.172 0.0523887 0.997508 0.047256 3.72373 -0.76749 0.0704937 -0.637173 -165.345 
-0.637015 -0.00716568 0.770818 448.216 0.0467427 0.997758 0.0479041 3.81223 -0.769433 0.0665458 -0.635252 -167.005 
-0.635245 -0.0133069 0.772196 450.304 0.0384 0.998071 0.0487889 3.89831 -0.771355 0.0606452 -0.633509 -168.685 
-0.634959 -0.0165909 0.772367 452.375 0.0316051 0.998374 0.0474279 3.98882 -0.771899 0.0545255 -0.633403 -170.321 
-0.634512 -0.0179392 0.772705 454.456 0.0288486 0.998484 0.0468701 4.07688 -0.772374 0.0520311 -0.633033 -171.974 
-0.633336 -0.018313 0.77366 456.526 0.0299318 0.998392 0.0481354 4.16508 -0.773298 0.053643 -0.63177 -173.649 
-0.631865 -0.019091 0.774843 458.625 0.0325643 0.99816 0.0511485 4.2529 -0.774394 0.0575512 -0.630081 -175.321 
-0.629922 -0.0211202 0.776371 460.636 0.0309292 0.998155 0.0522484 4.35186 -0.776042 0.056925 -0.628107 -176.93 
-0.628614 -0.0214055 0.777422 462.651 0.028726 0.9983 0.0507145 4.44564 -0.777186 0.0542121 -0.626931 -178.543 
-0.627514 -0.0202464 0.778342 464.827 0.0276744 0.99845 0.0482835 4.5586 -0.778113 0.0518387 -0.625981 -180.265 
-0.626363 -0.0186477 0.779308 466.907 0.0289011 0.998471 0.0471209 4.6505 -0.778995 0.0520377 -0.624866 -181.899 
-0.624407 -0.0173477 0.780906 468.971 0.0316244 0.998372 0.0474653 4.76742 -0.780459 0.0543334 -0.622842 -183.543 
-0.622481 -0.0173523 0.782443 471.076 0.0334748 0.998249 0.0487694 4.8684 -0.781919 0.0565501 -0.62081 -185.234 
-0.621278 -0.0173003 0.783399 473.24 0.0338524 0.99823 0.0488912 4.97332 -0.782859 0.056895 -0.619593 -186.89 
-0.619416 -0.0186716 0.784841 475.304 0.0327885 0.998229 0.0496257 5.07409 -0.784378 0.0564727 -0.617707 -188.5 
-0.617148 -0.0191097 0.786615 477.17 0.0328126 0.99821 0.0499936 5.16187 -0.786162 0.0566643 -0.615417 -189.979 
-0.615228 -0.0200554 0.788094 479.262 0.0328315 0.998157 0.0510311 5.25669 -0.787665 0.0572701 -0.613436 -191.6 
-0.613911 -0.0192624 0.78914 481.395 0.0322762 0.998254 0.0494759 5.35716 -0.788715 0.0558443 -0.612217 -193.252 
-0.61291 -0.0180556 0.789947 483.517 0.0317745 0.998367 0.0474729 5.47272 -0.789514 0.0541968 -0.611335 -194.902 
-0.609827 -0.0180099 0.79233 485.704 0.033333 0.998274 0.0483462 5.57746 -0.791833 0.0558936 -0.608174 -196.656 
-0.608295 -0.0192435 0.793478 488.027 0.0322285 0.998283 0.0489173 5.70701 -0.793057 0.0553288 -0.60663 -198.488 
-0.608438 -0.0209642 0.793324 490.284 0.0297451 0.998346 0.0491949 5.82732 -0.793044 0.0535296 -0.606808 -200.147 
-0.608709 -0.0215376 0.793101 492.402 0.0290717 0.998355 0.0494241 5.90827 -0.792861 0.0531418 -0.607081 -201.677 
-0.608489 -0.0208641 0.793288 494.464 0.0293716 0.998377 0.0487874 6.00223 -0.793019 0.0529867 -0.606889 -203.236 
-0.608641 -0.0203579 0.793184 496.638 0.029871 0.998374 0.0485455 6.09779 -0.792883 0.05324 -0.607043 -204.853 
-0.607923 -0.021923 0.793693 498.337 0.0298401 0.998282 0.0504299 6.1408 -0.793435 0.0543414 -0.606225 -206.216 
-0.607071 -0.023811 0.794291 499.99 0.0293284 0.998199 0.0523391 6.17561 -0.794106 0.0550688 -0.605279 -207.514 
-0.606217 -0.0256997 0.794884 501.644 0.0288186 0.998111 0.0542487 6.21442 -0.794777 0.055794 -0.604331 -208.811 
-0.605834 -0.0258663 0.79517 503.796 0.0277982 0.998173 0.053649 6.33338 -0.795105 0.0546068 -0.604008 -210.404 
-0.604461 -0.0249848 0.796243 505.606 0.0284336 0.998194 0.0529067 6.37039 -0.796127 0.0546201 -0.602659 -211.845 
-0.604348 -0.0245891 0.796341 507.604 0.0290963 0.998176 0.0529025 6.45076 -0.796189 0.0551421 -0.60253 -213.34 
-0.604004 -0.0250074 0.796588 509.806 0.0291418 0.998146 0.0534313 6.54476 -0.796448 0.0554867 -0.602156 -214.964 
-0.603471 -0.024289 0.797015 511.998 0.0295493 0.998168 0.0527928 6.66815 -0.796837 0.0554102 -0.601648 -216.583 
-0.602497 -0.0242643 0.797752 514.091 0.0288082 0.998225 0.052119 6.76235 -0.797601 0.0543834 -0.600729 -218.16 
-0.602204 -0.025265 0.797942 516.191 0.0284698 0.998184 0.0530911 6.86414 -0.797835 0.0546889 -0.600391 -219.702 
-0.601434 -0.0260647 0.798497 518.426 0.0292081 0.998082 0.0545793 6.96169 -0.798388 0.0561484 -0.599519 -221.378 
-0.600718 -0.0272638 0.798996 520.872 0.0290442 0.998014 0.0558914 7.12326 -0.798933 0.0567812 -0.598733 -223.109 
-0.600575 -0.0267078 0.799122 522.999 0.0290594 0.998053 0.0551957 7.23545 -0.79904 0.0563712 -0.598629 -224.651 
-0.599687 -0.0249125 0.799847 524.633 0.0312718 0.998022 0.0545311 7.31161 -0.799623 0.0577143 -0.597722 -225.93 
-0.598329 -0.0231881 0.800915 526.144 0.0331317 0.99801 0.0536456 7.36819 -0.800565 0.0586334 -0.59637 -227.102 
-0.598101 -0.0241281 0.801057 528.224 0.0326029 0.997987 0.0544023 7.46382 -0.800757 0.0586549 -0.59611 -228.612 
-0.597993 -0.0249107 0.801114 529.938 0.0311057 0.998043 0.0542531 7.56177 -0.800897 0.0573622 -0.596048 -230.002 
-0.597148 -0.0243424 0.801761 531.456 0.031171 0.99808 0.0535188 7.6718 -0.801525 0.0569504 -0.595243 -231.407 
-0.596687 -0.0252581 0.802077 533.553 0.0316378 0.997987 0.0549636 7.77286 -0.80185 0.058172 -0.594686 -232.929 
-0.597177 -0.0269431 0.801657 535.674 0.0313281 0.99789 0.0568755 7.89228 -0.801497 0.0590791 -0.595073 -234.461 
-0.596466 -0.0279903 0.80215 537.432 0.0303195 0.997893 0.0573656 7.99422 -0.802065 0.0585374 -0.594361 -235.985 
-0.5948 -0.0298209 0.80332 539.046 0.0283323 0.997913 0.0580225 8.0685 -0.803374 0.0572717 -0.592714 -237.511 
-0.595474 -0.0279348 0.802889 541.198 0.0279261 0.998071 0.0554375 8.17781 -0.802889 0.0554331 -0.593545 -239.039 
-0.595211 -0.0275432 0.803097 543.339 0.0290734 0.99802 0.0557759 8.28446 -0.803043 0.0565473 -0.593232 -240.586 
-0.59524 -0.0298422 0.802993 545.305 0.0291701 0.997849 0.0587069 8.3916 -0.803018 0.0583681 -0.593089 -242.083 
-0.595964 -0.0308525 0.802418 547.278 0.030204 0.997693 0.0607935 8.48786 -0.802443 0.0604669 -0.593657 -243.487 
-0.596674 -0.0318639 0.801851 549.413 0.0311394 0.997539 0.0628116 8.63195 -0.801879 0.0624472 -0.594214 -244.945 
-0.596581 -0.0310734 0.801951 551.622 0.0320448 0.997531 0.06249 8.76713 -0.801913 0.0629787 -0.594112 -246.552 
-0.596668 -0.0294836 0.801946 553.743 0.0341993 0.997483 0.0621176 8.89314 -0.801759 0.0644896 -0.594158 -248.102 
-0.596462 -0.0298714 0.802085 555.897 0.0340564 0.997465 0.0624734 9.02612 -0.801918 0.0645792 -0.593933 -249.655 
-0.596083 -0.0304326 0.802345 558.003 0.0352167 0.997329 0.0639915 9.14469 -0.80215 0.0664003 -0.59342 -251.187 
-0.595142 -0.0317229 0.802994 560.075 0.0345524 0.997286 0.0650071 9.25434 -0.802878 0.0664338 -0.592431 -252.684 
-0.594944 -0.0317036 0.803141 562.194 0.0342116 0.997317 0.0647115 9.38077 -0.803038 0.0659765 -0.592264 -254.147 
-0.59405 -0.0313917 0.803815 564.319 0.0346646 0.997311 0.0645667 9.52008 -0.803681 0.0662198 -0.591365 -255.676 
-0.594467 -0.032483 0.803463 566.398 0.0343729 0.997244 0.0657491 9.63074 -0.803385 0.0667031 -0.591713 -257.138 
-0.59511 -0.0344696 0.802904 567.917 0.0319725 0.997273 0.0665119 9.67776 -0.803008 0.0652528 -0.592385 -258.273 
-0.595786 -0.0361351 0.80233 570.077 0.0296748 0.997315 0.0669522 9.82096 -0.802595 0.0636982 -0.593113 -259.799 
-0.594739 -0.0355624 0.803132 571.987 0.029628 0.997373 0.0661036 9.95389 -0.803372 0.0631096 -0.592123 -261.217 
-0.593728 -0.0340043 0.803947 573.901 0.0321576 0.997306 0.0659316 10.0434 -0.804023 0.0649985 -0.591035 -262.662 
-0.593862 -0.0331533 0.803883 575.75 0.0332695 0.997284 0.0657069 10.0976 -0.803879 0.0657657 -0.591146 -263.794 
-0.592763 -0.0344724 0.804639 577.789 0.0327016 0.997229 0.066814 10.2231 -0.804713 0.0659179 -0.589994 -265.27 
-0.591564 -0.0351085 0.805493 579.916 0.0332686 0.997138 0.0678945 10.3677 -0.805571 0.0669616 -0.588703 -266.81 
-0.590824 -0.0342232 0.806074 582.023 0.0332314 0.99722 0.066696 10.5133 -0.806116 0.0661926 -0.588044 -268.333 
-0.589361 -0.0344679 0.807134 584.124 0.0331863 0.997213 0.0668173 10.6353 -0.807188 0.0661654 -0.586575 -269.88 
-0.588394 -0.034668 0.807831 586.181 0.0324377 0.997264 0.0664239 10.7609 -0.807923 0.0652877 -0.58566 -271.348 
-0.586697 -0.0352168 0.80904 588.281 0.032498 0.997225 0.066975 10.884 -0.809154 0.0655862 -0.583925 -272.873 
-0.585728 -0.035972 0.809709 590.454 0.031796 0.997226 0.0673032 11.0294 -0.809884 0.0651669 -0.582959 -274.391 
-0.58501 -0.0369782 0.810182 592.591 0.0302 0.997274 0.0673239 11.1753 -0.810463 0.0638527 -0.582299 -275.876 
-0.585197 -0.0380664 0.809997 594.743 0.0281207 0.997344 0.0671872 11.3132 -0.810403 0.0620955 -0.582573 -277.359 
-0.585529 -0.0366414 0.809823 596.874 0.0278189 0.997481 0.0652461 11.4605 -0.810174 0.0607319 -0.583035 -278.848 
-0.585437 -0.0369641 0.809875 599.024 0.0279844 0.997443 0.0657542 11.6054 -0.810235 0.0611588 -0.582906 -280.352 
-0.585278 -0.0384543 0.80992 600.999 0.0281589 0.997308 0.0676999 11.7094 -0.810343 0.0624297 -0.58262 -281.763 
-0.585439 -0.0398316 0.809737 603.059 0.0267392 0.9973 0.0683903 11.8507 -0.810275 0.0616901 -0.582794 -283.192 
-0.585281 -0.0412487 0.809781 605.148 0.0253575 0.997285 0.0691272 12.031 -0.810434 0.0609929 -0.582646 -284.631 
-0.584614 -0.0391307 0.810367 607.267 0.0259213 0.997425 0.0668633 12.1795 -0.810897 0.060095 -0.582095 -286.156 
-0.584036 -0.0378467 0.810845 609.414 0.0263787 0.9975 0.065559 12.3209 -0.811299 0.0596779 -0.581578 -287.625 
-0.583375 -0.0370594 0.811357 611.751 0.0276416 0.997474 0.065435 12.5095 -0.811732 0.0606004 -0.580877 -289.36 
-0.583063 -0.0377647 0.811549 614.011 0.02796 0.997394 0.0665009 12.6753 -0.811946 0.0614652 -0.580488 -290.98 
-0.582685 -0.0382866 0.811796 616.152 0.028643 0.997302 0.0675947 12.8166 -0.812193 0.0626387 -0.580016 -292.491 
-0.582631 -0.0388759 0.811806 618.335 0.0283324 0.997277 0.0680918 12.9586 -0.812243 0.0626729 -0.579943 -294.011 
-0.582689 -0.0383325 0.81179 620.563 0.0281619 0.997335 0.0673079 13.1181 -0.812207 0.0620812 -0.580057 -295.577 
-0.582335 -0.0377219 0.812073 622.897 0.0276877 0.997423 0.0661863 13.3068 -0.812477 0.061027 -0.57979 -297.169 
-0.582326 -0.0361067 0.812153 625.756 0.0294301 0.997422 0.0654452 13.5704 -0.812422 0.0620122 -0.579762 -299.051 
-0.582315 -0.0344916 0.812231 628.614 0.0311724 0.997417 0.0647039 13.8313 -0.812366 0.0629973 -0.579736 -300.933 
-0.582774 -0.0347686 0.81189 630.813 0.0309018 0.997413 0.0648947 13.9762 -0.812047 0.0629079 -0.580192 -302.443 
-0.582332 -0.0354328 0.812178 632.886 0.0297787 0.997449 0.0648668 14.0799 -0.812405 0.0619596 -0.579792 -303.811 
-0.58214 -0.0339125 0.812381 635.522 0.0300461 0.99755 0.0631728 14.2913 -0.812533 0.0611843 -0.579695 -305.649 
-0.581755 -0.034645 0.812626 637.681 0.0298957 0.997506 0.0639292 14.4094 -0.812815 0.0614851 -0.579268 -307.144 
-0.581725 -0.0341665 0.812667 639.715 0.0314163 0.997428 0.0644227 14.5474 -0.812778 0.0630073 -0.579156 -308.642 
-0.580822 -0.0345106 0.813299 641.877 0.0315702 0.997394 0.0648683 14.6758 -0.813418 0.0633529 -0.578219 -310.154 
-0.579589 -0.0333593 0.814226 644.138 0.0315824 0.997491 0.063349 14.8302 -0.814297 0.0624316 -0.577082 -311.714 
-0.578104 -0.0321207 0.815331 646.257 0.0321418 0.997553 0.0620894 14.9565 -0.81533 0.0621003 -0.575657 -313.223 
-0.576826 -0.0311908 0.816272 648.813 0.0337082 0.997511 0.0619362 15.2062 -0.816172 0.0632415 -0.574338 -315.192 
