1 -4.23778e-08 4.22719e-08 0 -4.23778e-08 1 -4.19404e-08 0 4.22719e-08 -4.19404e-08 1 0 
0.999996 -0.00219851 -0.00144277 -0.0171826 0.00220262 0.999993 0.00291293 -0.0195576 0.00143644 -0.00291618 0.999995 1.53791 
0.99999 -0.00321992 -0.00320245 -0.0349497 0.00323204 0.999987 0.00381226 -0.043997 0.00319022 -0.00382266 0.999988 3.04488 
0.999987 -0.00221501 -0.00452238 -0.0731412 0.00223001 0.999992 0.00333516 -0.0557616 0.00451504 -0.00334528 0.999984 4.53578 
0.99998 -0.00190634 -0.00606727 -0.110246 0.00192519 0.999993 0.00311581 -0.0701976 0.00606138 -0.00312752 0.999977 6.02174 
0.999967 -0.00221344 -0.0077869 -0.134142 0.00223944 0.999992 0.00334328 -0.084405 0.00777952 -0.0033607 0.999964 7.53268 
0.999949 -0.00217501 -0.00980653 -0.152412 0.00221158 0.999991 0.0037281 -0.0986469 0.00979841 -0.00374969 0.999945 9.0474 
0.999917 -0.00466195 -0.0119812 -0.175952 0.00470034 0.999984 0.00318493 -0.122956 0.0119662 -0.00324107 0.999923 10.5402 
0.999887 -0.00609904 -0.0137253 -0.209866 0.0061501 0.999974 0.00368714 -0.142438 0.0137025 -0.00377122 0.999899 12.0447 
0.999869 -0.00629454 -0.0149266 -0.255899 0.00634623 0.999974 0.00342369 -0.155003 0.0149047 -0.00351805 0.999883 13.5486 
0.999855 -0.00553843 -0.0161183 -0.298053 0.00559837 0.999977 0.00368116 -0.177705 0.0160976 -0.00377095 0.999863 15.0232 
0.999841 -0.00456939 -0.0172445 -0.336817 0.00463907 0.999981 0.00400788 -0.18948 0.017226 -0.00408732 0.999843 16.5203 
0.999836 -0.00254315 -0.0179525 -0.386021 0.00262866 0.999985 0.00474604 -0.203194 0.0179402 -0.00479253 0.999827 18.0309 
0.999819 -0.00197446 -0.0189034 -0.427142 0.00207885 0.999983 0.00550879 -0.215887 0.0188923 -0.00554717 0.999806 19.5093 
0.999804 -0.00230404 -0.0196594 -0.464162 0.00241044 0.999982 0.00539408 -0.229025 0.0196468 -0.0054405 0.999792 20.9653 
0.999787 -0.00180579 -0.0205379 -0.506882 0.0019192 0.999983 0.00550735 -0.244847 0.0205277 -0.00554568 0.999774 22.4425 
0.999773 -0.00164706 -0.0212579 -0.544388 0.00177612 0.99998 0.00605792 -0.257004 0.0212476 -0.00609439 0.999756 23.9338 
0.999768 -0.000864126 -0.0214966 -0.59343 0.00101674 0.999974 0.00709344 -0.268285 0.02149 -0.00711374 0.999744 25.3983 
0.999763 -0.00105131 -0.0217186 -0.639609 0.00117904 0.999982 0.00587296 -0.283192 0.0217121 -0.00589726 0.999747 26.8396 
0.999758 -0.000584012 -0.0220045 -0.685094 0.000669996 0.999992 0.00390418 -0.294037 0.0220021 -0.00391807 0.99975 28.2802 
0.999757 -0.0020253 -0.0219308 -0.730806 0.00210574 0.999991 0.00364905 -0.306856 0.0219233 -0.00369443 0.999753 29.7025 
0.99975 -0.0031525 -0.0221391 -0.77251 0.00329021 0.999975 0.00619018 -0.317628 0.0221191 -0.00626156 0.999736 31.1442 
0.999741 -0.00542547 -0.0220897 -0.819076 0.00559095 0.999957 0.00744024 -0.333756 0.0220485 -0.0075619 0.999728 32.5401 
0.999733 -0.00597984 -0.0222971 -0.860163 0.0061316 0.999958 0.00674779 -0.343997 0.0222559 -0.0068828 0.999729 33.943 
0.999735 -0.00574019 -0.0222758 -0.896754 0.00584387 0.999972 0.00459598 -0.349323 0.0222489 -0.00472502 0.999741 35.3754 
0.999756 -0.00457306 -0.0215915 -0.949833 0.00466087 0.999981 0.00402229 -0.370617 0.0215728 -0.00412203 0.999759 36.7234 
0.999771 -0.00380091 -0.0210678 -0.99969 0.00386751 0.999988 0.00312555 -0.389954 0.0210558 -0.0032064 0.999773 38.0794 
0.999797 -0.00276384 -0.0199398 -1.04342 0.00284008 0.999989 0.00380026 -0.398046 0.0199292 -0.0038562 0.999794 39.4382 
0.999821 -0.00263313 -0.0187466 -1.08505 0.00274352 0.999979 0.00586974 -0.414709 0.0187308 -0.00592021 0.999807 40.7786 
0.999842 -0.00275029 -0.0175832 -1.11924 0.0028686 0.999973 0.00671176 -0.428133 0.0175643 -0.00676122 0.999823 42.0959 
0.999877 -0.00222106 -0.0155446 -1.15964 0.00233391 0.999971 0.0072506 -0.441162 0.0155281 -0.00728607 0.999853 43.3988 
0.999916 -0.00266496 -0.0126536 -1.1862 0.00274919 0.999974 0.00665044 -0.455857 0.0126357 -0.00668476 0.999898 44.6873 
0.999951 -0.0029811 -0.00946075 -1.19528 0.00302643 0.999984 0.00478939 -0.459809 0.0094464 -0.00481787 0.999944 45.9856 
0.999975 -0.00322348 -0.00633866 -1.216 0.00324103 0.999991 0.00277363 -0.470577 0.00632975 -0.00279419 0.999976 47.2421 
0.999994 -0.00281773 -0.00216085 -1.23863 0.0028246 0.999991 0.00322247 -0.484667 0.00215183 -0.00322864 0.999992 48.471 
0.999993 -0.0024956 0.00291067 -1.24542 0.00248653 0.999992 0.00308723 -0.502543 -0.00291827 -0.00308005 0.999991 49.696 
0.99996 -0.00097604 0.00885692 -1.24793 0.000958811 0.999998 0.00193966 -0.514925 -0.00885871 -0.00193117 0.999959 50.8931 
0.999868 0.000154943 0.0162384 -1.24874 -0.000189452 0.999998 0.00211838 -0.534727 -0.016238 -0.00212126 0.999866 52.0878 
0.999708 0.000976554 0.0241561 -1.22724 -0.00104646 0.999995 0.0028781 -0.546316 -0.0241531 -0.00290262 0.999704 53.2855 
0.999411 0.00308506 0.0341673 -1.20084 -0.00319858 0.999989 0.00326579 -0.558481 -0.0341568 -0.00337324 0.999411 54.4623 
0.998885 0.00568744 0.0468549 -1.15994 -0.00583659 0.999978 0.00304536 -0.569119 -0.0468365 -0.00331552 0.998897 55.6298 
0.998069 0.00750188 0.0616669 -1.11502 -0.00773867 0.999963 0.00360039 -0.588481 -0.0616375 -0.00407073 0.99809 56.764 
0.996945 0.00983666 0.0774827 -1.03986 -0.0102294 0.999937 0.00467209 -0.599059 -0.0774317 -0.00545049 0.996983 57.9016 
0.995434 0.00949937 0.0949814 -0.950629 -0.0100547 0.999935 0.00536868 -0.614476 -0.0949241 -0.00629925 0.995464 59.0138 
0.993443 0.00911163 0.113966 -0.837001 -0.00969636 0.999942 0.00457659 -0.626355 -0.113918 -0.00565172 0.993474 60.1185 
0.990955 0.00795933 0.133958 -0.705899 -0.00853776 0.999956 0.00374343 -0.640649 -0.133922 -0.00485335 0.99098 61.1919 
0.987901 0.00512627 0.155001 -0.553425 -0.00573879 0.999977 0.0035039 -0.652918 -0.154979 -0.0043511 0.987908 62.2549 
0.984329 0.000125783 0.176342 -0.373672 -0.00113671 0.999983 0.00563122 -0.664754 -0.176338 -0.0057435 0.984313 63.3048 
0.979898 -0.00535291 0.199428 -0.168576 0.00401938 0.999967 0.00709057 -0.676978 -0.199459 -0.00614654 0.979887 64.3472 
0.974744 -0.0108117 0.223061 0.0588878 0.00955644 0.999932 0.0067057 -0.690552 -0.223118 -0.00440475 0.974781 65.3669 
0.968643 -0.0168379 0.247884 0.315042 0.0160402 0.999858 0.00523719 -0.701311 -0.247937 -0.00109693 0.968775 66.3607 
0.961503 -0.0205353 0.274026 0.589424 0.0196124 0.999789 0.00610696 -0.713248 -0.274093 -0.000497624 0.961703 67.3367 
0.953292 -0.0234526 0.301139 0.888899 0.0218648 0.999723 0.00864219 -0.725803 -0.301258 -0.00165424 0.953541 68.2985 
0.94401 -0.0279047 0.328736 1.21338 0.0255295 0.999607 0.0115397 -0.732284 -0.328928 -0.00250122 0.944351 69.2471 
0.933479 -0.0310147 0.357288 1.56263 0.0288033 0.999519 0.0115102 -0.739754 -0.357473 -0.000453486 0.933923 70.1678 
0.921754 -0.0303973 0.386583 1.93539 0.0297014 0.999528 0.00777444 -0.744319 -0.386637 0.00431589 0.922222 71.0917 
0.909128 -0.0315097 0.415324 2.33501 0.0335275 0.999435 0.0024342 -0.749688 -0.415166 0.0117117 0.90967 71.9718 
0.895312 -0.0334938 0.444178 2.75478 0.0371606 0.999309 0.000450871 -0.760685 -0.443887 0.0161022 0.895938 72.8261 
0.880066 -0.0341313 0.473624 3.20404 0.0367096 0.999319 0.00380277 -0.770498 -0.473431 0.0140398 0.880719 73.6712 
0.862794 -0.0329202 0.504483 3.67443 0.0323489 0.999428 0.00989285 -0.78279 -0.504519 0.00778391 0.863365 74.5025 
0.843676 -0.033132 0.53583 4.18001 0.0306693 0.999438 0.0135086 -0.790118 -0.535976 0.00503659 0.844218 75.3106 
0.82299 -0.0268403 0.567422 4.70135 0.0264945 0.99961 0.00885593 -0.796299 -0.567438 0.00774518 0.82338 76.0902 
0.801604 -0.0200667 0.597519 5.25127 0.0237186 0.999717 0.00175392 -0.798177 -0.597385 0.0127663 0.801853 76.8399 
0.779593 -0.0175824 0.62604 5.82531 0.0228416 0.999739 -0.000366469 -0.799964 -0.62587 0.0145854 0.779791 77.5687 
0.756637 -0.020178 0.653523 6.42459 0.0239949 0.999707 0.00308567 -0.812371 -0.653394 0.0133465 0.7569 78.2694 
0.732457 -0.0202732 0.680511 7.0364 0.0239641 0.999705 0.00398876 -0.826958 -0.680391 0.0133862 0.732727 78.9418 
0.707543 -0.0183678 0.706431 7.67618 0.0246428 0.999695 0.00131125 -0.837022 -0.70624 0.0164806 0.70778 79.5903 
0.681683 -0.0159993 0.731473 8.32654 0.0244786 0.9997 -0.000946396 -0.846408 -0.731238 0.0185506 0.68187 80.2085 
0.655036 -0.0136321 0.755474 8.99516 0.0230016 0.999734 -0.00190405 -0.855892 -0.755247 0.0186243 0.655175 80.8012 
0.627354 -0.0120185 0.778641 9.68849 0.022709 0.999738 -0.00286569 -0.869285 -0.778403 0.0194799 0.627463 81.3742 
0.59875 -0.00563158 0.800916 10.408 0.0216023 0.999725 -0.00912011 -0.882487 -0.800645 0.0227623 0.598707 81.9297 
0.569051 0.00352415 0.822295 11.1484 0.0205706 0.999617 -0.0185197 -0.901414 -0.822045 0.0274537 0.56876 82.4512 
0.538593 0.0117338 0.842484 11.9085 0.0197555 0.999452 -0.0265496 -0.922856 -0.842334 0.0309431 0.538067 82.9465 
0.506962 0.0164661 0.861811 12.6942 0.0172645 0.999423 -0.0292513 -0.950784 -0.861795 0.029708 0.506385 83.426 
0.47464 0.0164183 0.880027 13.5084 0.01516 0.999525 -0.0268244 -0.976978 -0.880049 0.0260731 0.474166 83.8816 
0.442041 0.015232 0.896865 14.3327 0.0107054 0.999695 -0.0222549 -1.00786 -0.896931 0.0194388 0.441743 84.2941 
0.407938 0.0165443 0.91286 15.1814 0.00626321 0.999761 -0.0209183 -1.03891 -0.912988 0.0142508 0.407737 84.6893 
0.372969 0.0198074 0.927632 16.0462 -0.000612394 0.999777 -0.0211018 -1.06321 -0.927843 0.00730221 0.372898 85.0572 
0.337193 0.0216148 0.941187 16.9267 -0.00548666 0.999764 -0.0209945 -1.09222 -0.941419 0.00191521 0.337232 85.3981 
0.301235 0.0210949 0.953316 17.83 -0.00782806 0.999776 -0.0196495 -1.11734 -0.953518 -0.00154351 0.301333 85.7002 
0.265402 0.0205566 0.963919 18.7473 -0.00866142 0.999783 -0.0189368 -1.14395 -0.964099 -0.00332307 0.265522 85.9626 
0.229748 0.0200544 0.973043 19.6784 -0.00768347 0.999794 -0.0187916 -1.16942 -0.97322 -0.00315902 0.229855 86.1857 
0.19433 0.01874 0.980757 20.6183 -0.00566857 0.999822 -0.0179812 -1.1932 -0.98092 -0.00206521 0.194401 86.3789 
0.159778 0.0177499 0.986993 21.5681 0.00217002 0.99983 -0.0183322 -1.22127 -0.987151 0.00507086 0.159712 86.536 
0.126335 0.0210688 0.991764 22.5309 0.00452079 0.999752 -0.0218145 -1.25077 -0.991977 0.00723948 0.126208 86.659 
0.093345 0.0265698 0.995279 23.4972 0.00499799 0.999619 -0.0271545 -1.27511 -0.995621 0.00750913 0.0931766 86.7629 
0.0645497 0.0299395 0.997465 24.4562 0.0120431 0.999454 -0.0307786 -1.31076 -0.997842 0.0139993 0.0641539 86.8232 
0.0387804 0.0282707 0.998848 25.4406 0.0135828 0.999492 -0.0288164 -1.34382 -0.999155 0.0146846 0.0383767 86.8712 
0.0166374 0.0254014 0.999539 26.427 0.0155733 0.999549 -0.0256609 -1.37789 -0.99974 0.015993 0.0162343 86.8922 
-0.00240955 0.0226722 0.99974 27.4065 0.0158162 0.999619 -0.0226314 -1.41508 -0.999872 0.0157575 -0.00276722 86.9034 
-0.0189729 0.0259345 0.999483 28.3902 0.0172762 0.999523 -0.0256076 -1.44794 -0.999671 0.0167814 -0.0194119 86.8923 
-0.033677 0.030291 0.998974 29.3761 0.0203241 0.999355 -0.0296175 -1.47924 -0.999226 0.0193058 -0.0342709 86.8668 
-0.045742 0.0353637 0.998327 30.3598 0.0246991 0.999108 -0.0342598 -1.51622 -0.998648 0.0230907 -0.0465747 86.8261 
-0.0545748 0.0387386 0.997758 31.3507 0.0298281 0.998864 -0.0371501 -1.56043 -0.998064 0.0277338 -0.0556683 86.7752 
-0.0604019 0.0438715 0.997209 32.3479 0.0339182 0.998547 -0.041876 -1.60759 -0.997598 0.0312942 -0.0618022 86.717 
-0.0637483 0.0488569 0.996769 33.3524 0.0357494 0.998272 -0.0466443 -1.65473 -0.997325 0.0326604 -0.0653848 86.6564 
-0.0663032 0.0526538 0.996409 34.3518 0.0382921 0.998005 -0.0501902 -1.71288 -0.997064 0.0348268 -0.0681872 86.5902 
-0.0688751 0.0553395 0.996089 35.3621 0.0378804 0.997885 -0.0528201 -1.78086 -0.996906 0.0340943 -0.0708257 86.5285 
-0.0710682 0.0586552 0.995745 36.3697 0.0393107 0.997659 -0.0559623 -1.84478 -0.996696 0.0351663 -0.0732076 86.4596 
-0.0728946 0.0623376 0.995389 37.3856 0.0401461 0.997419 -0.0595248 -1.90804 -0.996531 0.035622 -0.0752091 86.393 
-0.0749994 0.0635812 0.995154 38.4049 0.043295 0.997232 -0.0604511 -1.97896 -0.996243 0.0385514 -0.0775445 86.3196 
-0.0768551 0.0624113 0.995087 39.4181 0.0431589 0.997312 -0.0592175 -2.04466 -0.996108 0.0383957 -0.0793421 86.2462 
-0.0789531 0.0621867 0.994937 40.4478 0.0427841 0.997344 -0.0589421 -2.11499 -0.99596 0.0379138 -0.0814041 86.1744 
-0.0810367 0.0635639 0.994682 41.4745 0.0431203 0.997254 -0.0602153 -2.18396 -0.995778 0.0380114 -0.0835551 86.0972 
-0.083209 0.0658786 0.994352 42.5048 0.0420027 0.997158 -0.0625497 -2.25016 -0.995646 0.0365608 -0.0857396 86.02 
-0.0851787 0.0683508 0.994018 43.5418 0.040711 0.99705 -0.0650707 -2.3225 -0.995534 0.0349249 -0.0877101 85.9311 
-0.0875784 0.0719915 0.993553 44.5881 0.0383936 0.996888 -0.068849 -2.39725 -0.995417 0.0321164 -0.0900699 85.8538 
-0.0892577 0.0761758 0.993091 45.6342 0.0352351 0.996688 -0.0732849 -2.47871 -0.995385 0.0284504 -0.0916462 85.7633 
-0.0917766 0.0784461 0.992685 46.669 0.0330314 0.996583 -0.0757004 -2.56266 -0.995232 0.0258423 -0.0940542 85.6817 
-0.0941512 0.0771902 0.992561 47.7178 0.0310606 0.996732 -0.0745684 -2.64179 -0.995073 0.0238089 -0.0962411 85.591 
-0.0970246 0.0730401 0.992598 48.768 0.0277869 0.997114 -0.0706563 -2.72564 -0.994894 0.0207258 -0.0987741 85.5086 
-0.0990206 0.0716077 0.992505 49.8293 0.028071 0.997211 -0.0691467 -2.80456 -0.994689 0.0210137 -0.100755 85.413 
-0.100824 0.0721522 0.992284 50.8887 0.0272912 0.997192 -0.0697361 -2.88494 -0.99453 0.0200496 -0.10251 85.3162 
-0.10204 0.0750349 0.991946 51.9517 0.0288698 0.996954 -0.0724441 -2.96558 -0.994361 0.0212451 -0.103895 85.2173 
-0.102736 0.0777014 0.991669 53.0058 0.0290931 0.996753 -0.0750858 -3.04815 -0.994283 0.0211367 -0.104663 85.1166 
-0.103006 0.0786206 0.991569 54.0624 0.0279442 0.996707 -0.0761252 -3.13245 -0.994288 0.0198673 -0.104863 85.0213 
-0.102742 0.0775566 0.99168 55.1288 0.0251404 0.99684 -0.0753555 -3.21905 -0.99439 0.017189 -0.104367 84.9276 
-0.102715 0.076691 0.99175 56.1905 0.0209892 0.996968 -0.0749207 -3.31184 -0.994489 0.0131206 -0.104013 84.8375 
-0.102562 0.0779701 0.991666 57.2631 0.0170514 0.996915 -0.0766194 -3.39994 -0.99458 0.00905105 -0.103575 84.743 
-0.102643 0.0783142 0.991631 58.3375 0.012398 0.996919 -0.0774487 -3.48912 -0.994641 0.00434472 -0.103297 84.6497 
-0.102793 0.0778205 0.991654 59.4211 0.00939046 0.996966 -0.0772641 -3.57985 -0.994658 0.00136992 -0.103212 84.5539 
-0.103087 0.0728454 0.992001 60.5147 0.00976798 0.997341 -0.0722225 -3.66424 -0.994624 0.00224465 -0.103524 84.4566 
-0.103377 0.0640922 0.992575 61.604 0.0130354 0.997923 -0.06308 -3.74697 -0.994557 0.0064176 -0.103998 84.352 
-0.103319 0.0585201 0.992925 62.7018 0.0181232 0.998213 -0.056946 -3.82753 -0.994483 0.0121114 -0.104195 84.247 
-0.102299 0.0605845 0.992907 63.7974 0.0265382 0.997954 -0.0581584 -3.89976 -0.9944 0.0204004 -0.103698 84.1307 
-0.101388 0.0662431 0.992639 64.8894 0.0320633 0.99748 -0.0632912 -3.97036 -0.99433 0.0254104 -0.103256 84.0288 
-0.10049 0.0718162 0.992343 65.9973 0.0355786 0.997013 -0.0685514 -4.04799 -0.994302 0.0284175 -0.102745 83.9233 
-0.0996948 0.0761569 0.992099 67.1095 0.0365338 0.996674 -0.072837 -4.12893 -0.994347 0.0289837 -0.102146 83.8182 
-0.0995362 0.0734659 0.992318 68.2391 0.0334602 0.996954 -0.0704529 -4.2119 -0.994471 0.0261905 -0.101691 83.7284 
-0.0990133 0.0688828 0.992699 69.3793 0.0324932 0.997293 -0.0659607 -4.29709 -0.994555 0.025725 -0.100983 83.6204 
-0.0988658 0.066903 0.992849 70.5131 0.0300687 0.997483 -0.0642211 -4.37905 -0.994646 0.0235044 -0.100629 83.5237 
-0.0990585 0.0677085 0.992775 71.6552 0.0278261 0.997481 -0.065253 -4.45969 -0.994692 0.0211612 -0.100693 83.4316 
-0.0985626 0.0730403 0.992447 72.7907 0.0290723 0.997088 -0.0704948 -4.54159 -0.994706 0.0219046 -0.100399 83.3276 
-0.097653 0.0756805 0.992339 73.9329 0.0288495 0.996901 -0.0731895 -4.62856 -0.994802 0.0214813 -0.0995337 83.2235 
-0.0974028 0.0747689 0.992432 75.0893 0.0292304 0.996959 -0.0722412 -4.71343 -0.994816 0.0219727 -0.0992921 83.1237 
-0.0967398 0.06827 0.992965 76.2427 0.0310177 0.997367 -0.0655508 -4.79501 -0.994826 0.0244582 -0.0986026 83.0235 
-0.097373 0.0663888 0.993031 77.385 0.0304541 0.997504 -0.0637017 -4.88233 -0.994782 0.0240391 -0.0991518 82.9289 
-0.0966057 0.0695721 0.992888 78.542 0.0282067 0.997345 -0.06714 -4.96191 -0.994923 0.02152 -0.0983116 82.8302 
-0.0963457 0.0726497 0.992693 79.7092 0.0280437 0.997135 -0.0702531 -5.04521 -0.994953 0.0210702 -0.098107 82.7347 
-0.0967727 0.0721941 0.992685 80.8799 0.0275193 0.997179 -0.0698383 -5.1312 -0.994926 0.0205595 -0.0984864 82.6455 
-0.0966222 0.0691267 0.992918 82.0567 0.0272463 0.997395 -0.0667871 -5.21359 -0.994948 0.0206002 -0.098254 82.5435 
-0.0952413 0.0679458 0.993133 83.2481 0.0282533 0.99745 -0.0655318 -5.29828 -0.995053 0.021818 -0.0969181 82.4331 
-0.0937253 0.0687438 0.993222 84.4384 0.029942 0.997357 -0.0662045 -5.37865 -0.995148 0.0235341 -0.0955358 82.3217 
-0.0919556 0.0689563 0.993373 85.647 0.0329316 0.997264 -0.066178 -5.46265 -0.995218 0.0266279 -0.0939749 82.2032 
-0.0909524 0.0687052 0.993482 86.8366 0.0325746 0.997289 -0.0659863 -5.54359 -0.995322 0.0263606 -0.0929439 82.112 
-0.0891571 0.0692118 0.99361 88.0489 0.0342446 0.997206 -0.0663896 -5.63249 -0.995429 0.0281067 -0.0912781 82.0096 
-0.0881985 0.0677938 0.993793 89.2538 0.0343835 0.997294 -0.0649812 -5.71377 -0.995509 0.0284388 -0.0902908 81.9151 
-0.0873923 0.066897 0.993925 90.4677 0.0333307 0.99738 -0.0641989 -5.80277 -0.995616 0.0275178 -0.0893931 81.8302 
-0.086176 0.0662918 0.994072 91.6932 0.0343078 0.997389 -0.0635389 -5.88643 -0.995689 0.0286289 -0.0882253 81.7375 
-0.0842419 0.0670776 0.994185 92.9159 0.0322901 0.997391 -0.0645579 -5.97666 -0.995922 0.0266639 -0.0861881 81.6462 
-0.082728 0.0699307 0.994115 94.1503 0.0327626 0.997187 -0.0674204 -6.06049 -0.996033 0.0269923 -0.0847863 81.5565 
-0.0816239 0.0686904 0.994293 95.386 0.030162 0.997335 -0.0664246 -6.14979 -0.996207 0.024568 -0.0834783 81.4708 
-0.0810986 0.0674376 0.994422 96.6246 0.026512 0.997501 -0.0654844 -6.24056 -0.996353 0.0210534 -0.0826839 81.3877 
-0.0810497 0.0687045 0.994339 97.8633 0.0236831 0.997472 -0.0669907 -6.32764 -0.996429 0.0181195 -0.082472 81.3053 
-0.081408 0.0683892 0.994332 99.1038 0.0208837 0.997541 -0.0669002 -6.41318 -0.996462 0.0153191 -0.082636 81.224 
-0.082274 0.0655656 0.994451 100.359 0.0181244 0.997767 -0.0642848 -6.50865 -0.996445 0.0127349 -0.0832787 81.1375 
-0.0835311 0.0642869 0.994429 101.612 0.0161321 0.997873 -0.0631545 -6.59688 -0.996375 0.0107668 -0.0843906 81.0506 
-0.0848487 0.0636777 0.994357 102.874 0.0144356 0.99793 -0.0626747 -6.68447 -0.996289 0.0090363 -0.0855923 80.9604 
-0.0860979 0.0638319 0.99424 104.13 0.0147182 0.997918 -0.0627936 -6.77439 -0.996178 0.009227 -0.0868582 80.8633 
-0.0881751 0.0625051 0.994142 105.393 0.0143897 0.998005 -0.0614718 -6.85943 -0.996001 0.00888511 -0.0888987 80.7605 
-0.0912152 0.0579794 0.994142 106.658 0.0112744 0.9983 -0.0571875 -6.94359 -0.995767 0.00599202 -0.0917138 80.6631 
-0.0953929 0.0581605 0.993739 107.915 0.0108103 0.998293 -0.0573894 -7.02423 -0.995381 0.0052681 -0.0958588 80.556 
-0.101194 0.0643611 0.992783 109.153 0.00531741 0.997926 -0.0641526 -7.10708 -0.994852 -0.0012128 -0.101326 80.4584 
-0.108416 0.06759 0.991805 110.384 0.00587099 0.997712 -0.0673509 -7.19452 -0.994088 -0.00147902 -0.108565 80.3474 
-0.116887 0.063539 0.991111 111.63 0.00792293 0.997979 -0.063045 -7.28733 -0.993114 0.000483365 -0.117154 80.2073 
-0.12755 0.0613122 0.989935 112.887 0.0106923 0.998114 -0.0604412 -7.3848 -0.991774 0.00287545 -0.127965 80.0548 
-0.140733 0.0619391 0.988108 114.13 0.0102836 0.998079 -0.0610995 -7.47318 -0.989994 0.00156267 -0.141099 79.8994 
-0.15502 0.0622014 0.985951 115.357 0.012242 0.99806 -0.0610406 -7.55761 -0.987835 0.00260752 -0.155481 79.7226 
-0.169043 0.0601051 0.983774 116.575 0.0130241 0.998188 -0.0587479 -7.64233 -0.985522 0.00288179 -0.16952 79.5258 
-0.184448 0.0625792 0.980848 117.773 0.0174018 0.998022 -0.0604026 -7.72809 -0.982688 0.00592737 -0.185172 79.3115 
-0.199641 0.0660122 0.977643 118.963 0.0185102 0.997804 -0.0635937 -7.81562 -0.979694 0.00540048 -0.200425 79.0831 
-0.215057 0.0699063 0.974096 120.138 0.0183006 0.997548 -0.0675491 -7.90335 -0.97643 0.0032997 -0.215809 78.8475 
-0.231107 0.0681247 0.97054 121.321 0.014709 0.997676 -0.066527 -7.99002 -0.972817 -0.00109917 -0.231572 78.588 
-0.24665 0.0627202 0.967073 122.513 0.00959348 0.998013 -0.0622801 -8.08024 -0.969057 -0.00608381 -0.246762 78.2985 
-0.262397 0.0588621 0.963163 123.679 0.00577893 0.998216 -0.05943 -8.16689 -0.964943 -0.0100282 -0.262269 78.0062 
-0.277315 0.0603715 0.95888 124.844 0.0040645 0.998089 -0.0616647 -8.25151 -0.96077 -0.0132032 -0.277031 77.6903 
-0.292217 0.062278 0.954322 125.999 0.00343529 0.997939 -0.0640726 -8.33586 -0.956346 -0.0154447 -0.291828 77.368 
-0.305919 0.0649163 0.949842 127.143 0.00569403 0.997779 -0.0663588 -8.42052 -0.95204 -0.014892 -0.30561 77.0143 
-0.320056 0.0646237 0.945192 128.287 0.00768843 0.997815 -0.0656182 -8.51349 -0.947367 -0.0137345 -0.319854 76.6423 
-0.334198 0.0628479 0.940405 129.431 0.00755978 0.997921 -0.0640052 -8.60056 -0.942473 -0.0142812 -0.333978 76.2545 
-0.348274 0.061568 0.935369 130.559 0.00734716 0.997989 -0.0629543 -8.68986 -0.937364 -0.015053 -0.348026 75.8446 
-0.363219 0.0628847 0.929579 131.68 0.00603216 0.997857 -0.0651468 -8.77969 -0.931684 -0.0180552 -0.36282 75.4287 
-0.37793 0.0653554 0.923525 132.792 0.00715134 0.997682 -0.0676768 -8.86335 -0.925807 -0.0189726 -0.377521 74.9897 
-0.392705 0.0672779 0.9172 133.89 0.00860719 0.997546 -0.0694862 -8.95142 -0.919624 -0.0193931 -0.392321 74.5407 
-0.407375 0.0700261 0.910572 134.987 0.0112954 0.997366 -0.0716475 -9.04098 -0.913191 -0.0189021 -0.407093 74.0675 
-0.42187 0.0737692 0.90365 136.079 0.011181 0.997032 -0.0761726 -9.13489 -0.906588 -0.0220312 -0.421442 73.5674 
-0.436918 0.0762626 0.896263 137.173 0.0126019 0.996821 -0.0786758 -9.23124 -0.899413 -0.0230802 -0.43649 73.0501 
-0.452448 0.0736054 0.888748 138.264 0.0111276 0.996976 -0.076904 -9.33172 -0.891721 -0.0249055 -0.451899 72.5219 
-0.468451 0.069387 0.880761 139.359 0.0081609 0.997208 -0.0742204 -9.42953 -0.883452 -0.0275808 -0.467709 71.9651 
-0.484726 0.0697784 0.871878 140.44 0.00756244 0.99711 -0.0755967 -9.52325 -0.874633 -0.0300502 -0.483853 71.3904 
-0.500743 0.0688042 0.862857 141.501 0.00625181 0.997097 -0.0758804 -9.6206 -0.865574 -0.0326021 -0.499719 70.7991 
-0.516556 0.0681198 0.85354 142.567 0.00616953 0.997101 -0.0758435 -9.72115 -0.856231 -0.0339114 -0.515478 70.1756 
-0.532163 0.0679752 0.843909 143.615 0.00492876 0.997003 -0.0771987 -9.821 -0.846628 -0.0369228 -0.530903 69.5363 
-0.547798 0.0672695 0.833902 144.663 0.00467541 0.996993 -0.0773546 -9.92535 -0.836598 -0.0384758 -0.546465 68.8788 
-0.563178 0.0647877 0.823792 145.705 0.00420007 0.997133 -0.075549 -10.0241 -0.826325 -0.0390876 -0.561836 68.1929 
-0.578697 0.0612743 0.813237 146.735 0.00412392 0.997381 -0.0722142 -10.1227 -0.815532 -0.0384364 -0.577434 67.4938 
-0.593905 0.0596359 0.802322 147.761 0.00506878 0.997506 -0.0703918 -10.2236 -0.804519 -0.0377392 -0.592726 66.7647 
-0.609043 0.0579718 0.791016 148.767 0.00409175 0.997542 -0.0699572 -10.3188 -0.793127 -0.0393703 -0.607783 66.0248 
-0.62429 0.0590168 0.77896 149.766 0.0025055 0.997288 -0.0735501 -10.4173 -0.781189 -0.0439649 -0.622745 65.2571 
-0.639873 0.0587823 0.766229 150.751 0.000458597 0.997099 -0.0761109 -10.5154 -0.768481 -0.0483499 -0.638043 64.4721 
-0.656147 0.0556243 0.75258 151.735 -0.0014742 0.997183 -0.0749886 -10.6166 -0.754632 -0.0503129 -0.654216 63.6574 
-0.673246 0.0483466 0.737836 152.709 -0.00494178 0.997544 -0.0698731 -10.718 -0.739402 -0.050688 -0.671353 62.8318 
-0.69068 0.0457652 0.721711 153.675 -0.00641645 0.997568 -0.0693985 -10.8134 -0.723132 -0.0525629 -0.688706 61.9401 
-0.708641 0.0432061 0.704245 154.6 -0.00813242 0.997557 -0.0693843 -10.9086 -0.705522 -0.0548957 -0.706558 61.0569 
-0.726984 0.0393904 0.685524 155.505 -0.0115163 0.997513 -0.0695301 -11.0067 -0.686558 -0.0584419 -0.724722 60.1577 
-0.744208 0.0372289 0.666909 156.393 -0.0115512 0.997579 -0.0685779 -11.1065 -0.667848 -0.0587398 -0.741976 59.2115 
-0.760849 0.039295 0.647738 157.249 -0.00989423 0.997346 -0.072126 -11.202 -0.648854 -0.0612858 -0.758441 58.2534 
-0.776336 0.0388607 0.62912 158.075 -0.00673763 0.997529 -0.0699316 -11.2986 -0.630283 -0.0585292 -0.774156 57.2649 
-0.791061 0.0402351 0.610412 158.872 -0.00268975 0.997596 -0.069242 -11.398 -0.611731 -0.0564165 -0.789052 56.2417 
-0.805857 0.0414711 0.590655 159.642 -0.00102914 0.997445 -0.0714367 -11.5011 -0.592109 -0.0581757 -0.803755 55.2244 
-0.820014 0.0431612 0.570714 160.396 -0.000183207 0.997133 -0.0756731 -11.6031 -0.572344 -0.0621575 -0.817654 54.1892 
-0.833383 0.0437951 0.550958 161.133 0.00227906 0.997119 -0.0758128 -11.7035 -0.552691 -0.0619254 -0.831082 53.1012 
-0.845684 0.0415191 0.532067 161.839 0.00313465 0.997338 -0.0728436 -11.8142 -0.533675 -0.0599347 -0.843563 52.0212 
-0.856657 0.0430396 0.514088 162.516 0.00556804 0.997227 -0.0742097 -11.9215 -0.515857 -0.0607098 -0.854521 50.9238 
-0.866609 0.0458655 0.496875 163.167 0.00823876 0.996946 -0.0776567 -12.0242 -0.498919 -0.0632044 -0.864341 49.8322 
-0.875965 0.043903 0.480372 163.808 0.00675557 0.996868 -0.0787886 -12.1365 -0.482327 -0.0657709 -0.873519 48.7201 
-0.88479 0.0412069 0.464164 164.433 0.00557506 0.996947 -0.0778783 -12.249 -0.465957 -0.0663182 -0.882319 47.5993 
-0.892576 0.0392215 0.449187 165.068 0.00444406 0.996926 -0.0782175 -12.3597 -0.450874 -0.0678188 -0.890007 46.4465 
-0.899876 0.0366214 0.434604 165.663 0.00336952 0.997023 -0.0770361 -12.4885 -0.436132 -0.0678586 -0.897321 45.3092 
-0.906733 0.034039 0.42033 166.263 0.00202861 0.997077 -0.0763689 -12.5943 -0.421701 -0.0683934 -0.904152 44.1381 
-0.912904 0.0284958 0.407178 166.822 -0.00121474 0.997366 -0.0725228 -12.7035 -0.408172 -0.066701 -0.910465 42.9624 
-0.918399 0.0249482 0.394868 167.358 -0.00259813 0.997608 -0.0690728 -12.8074 -0.395647 -0.0644623 -0.916137 41.7887 
-0.922957 0.0251919 0.384077 167.865 -0.000118082 0.997837 -0.0657328 -12.9042 -0.384902 -0.0607139 -0.920958 40.6101 
-0.926483 0.0289656 0.375221 168.37 0.00381933 0.997706 -0.0675885 -12.9972 -0.376318 -0.0611864 -0.924468 39.4218 
-0.928709 0.0347782 0.369175 168.848 0.00981467 0.997549 -0.0692841 -13.09 -0.37068 -0.0607214 -0.926774 38.2365 
-0.930761 0.0384037 0.363605 169.32 0.0132029 0.99735 -0.0715424 -13.1909 -0.36539 -0.0617882 -0.928802 37.0541 
-0.932522 0.0355941 0.359354 169.799 0.0110212 0.997472 -0.0701998 -13.2901 -0.360945 -0.0615023 -0.930557 35.853 
-0.934593 0.0282869 0.354593 170.286 0.00494502 0.99777 -0.0665616 -13.3891 -0.355686 -0.0604545 -0.932648 34.6522 
-0.936535 0.0223029 0.349864 170.761 -0.000336032 0.997917 -0.0645139 -13.4872 -0.350575 -0.0605371 -0.934576 33.453 
-0.93827 0.0155868 0.345553 171.229 -0.00771565 0.997793 -0.0659572 -13.5808 -0.345819 -0.0645518 -0.936078 32.2497 
-0.939766 0.0133938 0.341555 171.697 -0.0108033 0.997569 -0.0688435 -13.6735 -0.341646 -0.0683867 -0.937337 31.0494 
-0.940759 0.0132508 0.338816 172.162 -0.0116195 0.997389 -0.0712701 -13.7695 -0.338876 -0.0709849 -0.938149 29.8565 
-0.941226 0.0135571 0.337504 172.619 -0.0119549 0.997231 -0.073397 -13.8679 -0.337564 -0.073118 -0.938458 28.6651 
-0.941061 0.0168985 0.337815 173.065 -0.00918936 0.997105 -0.0754772 -13.9689 -0.338112 -0.074133 -0.938181 27.4534 
-0.94089 0.0177018 0.338249 173.523 -0.00908953 0.996954 -0.077458 -14.0733 -0.33859 -0.075954 -0.937863 26.2572 
-0.940445 0.0187627 0.339427 173.975 -0.00880942 0.996795 -0.0795085 -14.1804 -0.339831 -0.0777635 -0.937266 25.0503 
-0.939883 0.0193295 0.340948 174.431 -0.00830017 0.996809 -0.0793932 -14.2868 -0.341395 -0.0774503 -0.936723 23.8641 
-0.93924 0.0186028 0.342757 174.889 -0.00960113 0.996716 -0.0804051 -14.3939 -0.343127 -0.0788106 -0.935977 22.69 
-0.937907 0.0170988 0.346464 175.355 -0.0118115 0.996631 -0.0811607 -14.4962 -0.346685 -0.0802135 -0.934546 21.4889 
-0.936185 0.015178 0.35118 175.809 -0.013579 0.99676 -0.0792792 -14.6053 -0.351246 -0.0789886 -0.932945 20.3219 
-0.934303 0.0123321 0.356267 176.287 -0.0160827 0.996926 -0.0766849 -14.7175 -0.356118 -0.0773766 -0.931232 19.1462 
-0.931525 0.0109711 0.363512 176.76 -0.0169311 0.997153 -0.0734821 -14.8267 -0.363284 -0.0746051 -0.928687 17.965 
-0.928974 0.0125755 0.36993 177.251 -0.0159947 0.997125 -0.0740629 -14.9251 -0.369798 -0.0747194 -0.926103 16.8139 
-0.925786 0.0125883 0.377839 177.741 -0.0169288 0.997062 -0.0746981 -15.0251 -0.377669 -0.0755508 -0.922853 15.6664 
-0.921835 0.0156454 0.387265 178.237 -0.0153202 0.996933 -0.0767436 -15.1302 -0.387278 -0.076678 -0.918769 14.5231 
-0.917438 0.0167772 0.397525 178.749 -0.0146904 0.997001 -0.0759815 -15.2347 -0.397607 -0.0755481 -0.91444 13.3815 
-0.912169 0.0191785 0.409364 179.265 -0.0136038 0.996937 -0.0770186 -15.3472 -0.409588 -0.0758229 -0.909114 12.2391 
-0.906128 0.0211621 0.422474 179.815 -0.0133796 0.996814 -0.0786283 -15.4524 -0.422792 -0.0768998 -0.902958 11.0801 
-0.899609 0.0234224 0.436067 180.376 -0.0122397 0.996816 -0.0787924 -15.5601 -0.436524 -0.0762197 -0.896458 9.93405 
-0.893599 0.0215897 0.448347 180.955 -0.0142307 0.996978 -0.0763715 -15.6715 -0.448641 -0.0746258 -0.890591 8.85054 
-0.886871 0.0241063 0.461387 181.549 -0.0128762 0.99696 -0.0768391 -15.7825 -0.461837 -0.0740873 -0.883865 7.7352 
-0.879917 0.0264469 0.47439 182.165 -0.0109786 0.997051 -0.0759485 -15.8922 -0.475 -0.0720365 -0.877032 6.62369 
-0.872174 0.0279483 0.488397 182.789 -0.00941007 0.997223 -0.0738702 -15.9992 -0.489105 -0.0690235 -0.869489 5.51875 
-0.864295 0.0291159 0.502141 183.421 -0.00752331 0.997463 -0.0707858 -16.107 -0.502928 -0.0649576 -0.861884 4.44535 
-0.856053 0.0315938 0.515922 184.076 -0.00484688 0.997596 -0.0691327 -16.213 -0.516866 -0.0616818 -0.853841 3.37681 
-0.846841 0.0350687 0.530689 184.757 -0.00095235 0.997722 -0.0674506 -16.3136 -0.531846 -0.0576253 -0.844878 2.31199 
-0.835473 0.0379494 0.548219 185.437 0.00143285 0.99776 -0.0668843 -16.4035 -0.54953 -0.0550945 -0.833656 1.25399 
-0.824386 0.0408884 0.564549 186.149 0.00448181 0.997828 -0.0657248 -16.5011 -0.56601 -0.0516524 -0.822778 0.229577 
-0.813065 0.0424171 0.580625 186.887 0.00570974 0.997875 -0.0649035 -16.5978 -0.582144 -0.0494556 -0.81158 -0.77786 
-0.801907 0.0439176 0.595832 187.634 0.00513621 0.997764 -0.0666307 -16.6774 -0.597427 -0.0503713 -0.80034 -1.73796 
-0.788813 0.0466871 0.612858 188.399 0.00827373 0.997827 -0.0653647 -16.7771 -0.614578 -0.0464899 -0.787485 -2.70811 
-0.774815 0.0474663 0.630404 189.185 0.00978274 0.997958 -0.0631176 -16.8691 -0.632113 -0.0427373 -0.773697 -3.65931 
-0.759706 0.0492421 0.648399 189.984 0.0121586 0.99803 -0.0615488 -16.9588 -0.650152 -0.0388753 -0.758808 -4.56605 
-0.742852 0.0520317 0.667431 190.802 0.0135882 0.997941 -0.0626742 -17.0452 -0.669318 -0.0374884 -0.74203 -5.47402 
-0.726006 0.054701 0.68551 191.628 0.0137937 0.997789 -0.0650112 -17.1332 -0.68755 -0.0377428 -0.725155 -6.32528 
-0.708005 0.0554344 0.704028 192.471 0.0127008 0.997753 -0.0657894 -17.223 -0.706093 -0.0376375 -0.707118 -7.16547 
-0.688975 0.055516 0.722655 193.348 0.0113259 0.997765 -0.0658526 -17.3111 -0.724696 -0.0371861 -0.688064 -7.9839 
-0.669259 0.0547708 0.741008 194.226 0.00931717 0.99782 -0.0653377 -17.4067 -0.742971 -0.0368237 -0.66831 -8.75118 
-0.648746 0.0552867 0.758994 195.13 0.00729267 0.997763 -0.0664459 -17.4963 -0.76097 -0.0375714 -0.647698 -9.50386 
-0.628448 0.0549679 0.775907 196.055 0.0041542 0.997723 -0.0673174 -17.5804 -0.77784 -0.0390822 -0.627246 -10.2267 
-0.607354 0.0549344 0.792529 196.977 0.00263056 0.99774 -0.0671428 -17.6696 -0.794427 -0.0386947 -0.606126 -10.9201 
-0.584573 0.054866 0.809484 197.941 0.00212452 0.997811 -0.0660964 -17.7575 -0.811338 -0.0369184 -0.58341 -11.6052 
-0.561331 0.0557451 0.825712 198.897 -0.00016549 0.997721 -0.0674703 -17.8387 -0.827591 -0.0380098 -0.560043 -12.2298 
-0.535651 0.059129 0.842367 199.888 0.00119135 0.997597 -0.0692678 -17.9248 -0.844439 -0.0360998 -0.534434 -12.8521 
-0.508946 0.0601135 0.858697 200.897 -0.00030301 0.997546 -0.0700134 -18.0057 -0.860798 -0.0358932 -0.507679 -13.442 
-0.481473 0.0587229 0.874491 201.925 -0.0017888 0.997685 -0.0679805 -18.1024 -0.876459 -0.0342951 -0.480254 -13.9989 
-0.453691 0.0573416 0.889312 202.963 -0.00482687 0.997755 -0.0667964 -18.1822 -0.891146 -0.0345975 -0.452396 -14.5073 
-0.42361 0.0587757 0.903936 204.024 -0.00318896 0.99779 -0.0663727 -18.2668 -0.905839 -0.0309988 -0.422486 -15.0016 
-0.392584 0.0612112 0.917677 205.097 -0.00345769 0.997677 -0.0680268 -18.3543 -0.919709 -0.0298793 -0.391461 -15.4539 
-0.360817 0.0633138 0.930485 206.169 -0.00355618 0.997592 -0.0692591 -18.4401 -0.93263 -0.0282988 -0.359723 -15.8626 
-0.329038 0.0631659 0.942202 207.245 -0.000525114 0.997748 -0.0670732 -18.5362 -0.944316 -0.0225644 -0.328264 -16.2288 
-0.296503 0.0628522 0.952961 208.32 -0.000226598 0.997827 -0.0658819 -18.6261 -0.955032 -0.0197501 -0.295844 -16.5597 
-0.262352 0.0621056 0.962972 209.453 0.000233332 0.997931 -0.0642967 -18.7158 -0.964972 -0.0166436 -0.261823 -16.8737 
-0.227573 0.0599745 0.971912 210.59 -0.00013878 0.998099 -0.061623 -18.8036 -0.973761 -0.0141586 -0.227132 -17.1407 
-0.19328 0.0589642 0.97937 211.728 -0.000530164 0.998186 -0.0602018 -18.8871 -0.981143 -0.012155 -0.192898 -17.3542 
-0.157691 0.0586478 0.985745 212.885 0.000201899 0.998237 -0.0593588 -18.9623 -0.987488 -0.00916131 -0.157425 -17.5308 
-0.12269 0.0582829 0.990732 214.027 6.22564e-05 0.998274 -0.0587189 -19.0412 -0.992445 -0.00714252 -0.122482 -17.664 
-0.086662 0.0583834 0.994525 215.177 1.41264e-06 0.998281 -0.0586039 -19.1185 -0.996238 -0.00507732 -0.0865132 -17.7624 
-0.0514829 0.0589167 0.996934 216.311 -0.00143001 0.998253 -0.0590685 -19.1966 -0.998673 -0.00446664 -0.0513087 -17.8157 
-0.0169638 0.0579675 0.998174 217.445 -0.00203815 0.998314 -0.0580103 -19.2784 -0.999854 -0.0030185 -0.016817 -17.8318 
0.0168209 0.0569905 0.998233 218.602 -0.0034725 0.998371 -0.05694 -19.3606 -0.999852 -0.00250858 0.0169914 -17.809 
0.0497356 0.0575044 0.997106 219.748 -0.00501727 0.998343 -0.0573256 -19.4369 -0.99875 -0.00215162 0.0499417 -17.7395 
0.0821332 0.0577348 0.994948 220.877 -0.00532528 0.998332 -0.0574917 -19.5125 -0.996607 -0.000576397 0.0823036 -17.6342 
0.113993 0.0558569 0.99191 222.012 -0.00466192 0.998437 -0.0556888 -19.5841 -0.993471 0.00172392 0.114075 -17.4966 
0.145006 0.0547092 0.987917 223.163 -0.0035763 0.998493 -0.05477 -19.6585 -0.989424 0.00440888 0.144983 -17.3208 
0.175231 0.0552661 0.982975 224.31 -0.00265203 0.998446 -0.0556633 -19.7217 -0.984524 0.00714702 0.175105 -17.1098 
0.205451 0.0549041 0.977126 225.446 -0.000707759 0.998433 -0.0559526 -19.7958 -0.978667 0.0108039 0.205168 -16.8685 
0.235154 0.0547131 0.970417 226.57 0.000628046 0.998406 -0.0564434 -19.8668 -0.971958 0.0138824 0.234745 -16.5834 
0.265336 0.0529087 0.962703 227.709 0.00299981 0.998443 -0.0556998 -19.9414 -0.964151 0.0176671 0.264764 -16.2657 
0.295759 0.0508329 0.953909 228.833 0.00555725 0.998475 -0.0549309 -20.0217 -0.955246 0.0215474 0.295025 -15.9168 
0.325325 0.0503074 0.944263 229.946 0.00823658 0.998395 -0.0560292 -20.0959 -0.945566 0.0260052 0.324389 -15.5315 
0.353896 0.0501688 0.933938 231.032 0.00833032 0.998352 -0.0567856 -20.1655 -0.935248 0.0278762 0.352895 -15.113 
0.381848 0.0480797 0.922974 232.123 0.00906444 0.998403 -0.0557591 -20.2451 -0.924181 0.0296577 0.380802 -14.6581 
0.410024 0.0468868 0.910869 233.194 0.00928416 0.998411 -0.0555724 -20.3236 -0.912027 0.0312426 0.408937 -14.1751 
0.438395 0.0479513 0.897502 234.26 0.0102094 0.998246 -0.0583208 -20.4016 -0.898724 0.0347305 0.437136 -13.6501 
0.466164 0.0493967 0.883318 235.286 0.0110497 0.998037 -0.0616435 -20.4743 -0.884629 0.0384964 0.464704 -13.1056 
0.493206 0.0473059 0.868625 236.324 0.0125308 0.99803 -0.0614685 -20.5581 -0.869822 0.0412012 0.491642 -12.5087 
0.519642 0.0441305 0.853243 237.331 0.0142323 0.998079 -0.0602894 -20.637 -0.854265 0.0434725 0.518016 -11.8843 
0.544804 0.042134 0.837504 238.329 0.0135214 0.998166 -0.0590127 -20.7202 -0.838454 0.0434746 0.543235 -11.2307 
0.568035 0.0425059 0.821906 239.317 0.0116855 0.998148 -0.0596967 -20.8009 -0.822921 0.0435142 0.566487 -10.5477 
0.588956 0.0425587 0.807044 240.289 0.0102007 0.998141 -0.0600803 -20.8806 -0.808101 0.043617 0.587427 -9.8275 
0.608565 0.0412907 0.792429 241.249 0.00957799 0.99819 -0.059368 -20.9597 -0.793446 0.0437191 0.607068 -9.08206 
0.626793 0.0384729 0.778235 242.209 0.00957844 0.998324 -0.0570679 -21.0448 -0.779127 0.043224 0.625374 -8.29317 
0.644095 0.0350747 0.764141 243.136 0.0108623 0.998428 -0.0549847 -21.1257 -0.764868 0.0437156 0.642702 -7.50402 
0.660227 0.032286 0.750372 244.052 0.0119841 0.998496 -0.0535065 -21.2031 -0.750971 0.044319 0.658847 -6.68733 
0.675788 0.0297417 0.736496 244.951 0.0139138 0.998493 -0.0530889 -21.28 -0.736965 0.0461243 0.674356 -5.85638 
0.690771 0.0295396 0.72247 245.832 0.013463 0.998466 -0.0536968 -21.3529 -0.722948 0.0468188 0.689314 -4.99982 
0.705852 0.0280616 0.707803 246.704 0.0142613 0.998449 -0.0538067 -21.4251 -0.708216 0.0480737 0.704357 -4.1217 
0.720208 0.0261654 0.693264 247.556 0.0135203 0.998569 -0.0517343 -21.4948 -0.693626 0.0466326 0.718824 -3.22273 
0.734325 0.0232128 0.678401 248.386 0.0141993 0.998671 -0.0495415 -21.5691 -0.678649 0.0460124 0.73302 -2.30062 
0.748036 0.0215633 0.663307 249.195 0.0145362 0.9987 -0.0488596 -21.6406 -0.663498 0.0461906 0.74675 -1.36557 
0.76158 0.021105 0.647728 250 0.0154693 0.998593 -0.0507258 -21.7124 -0.647887 0.0486516 0.760181 -0.408384 
0.774184 0.0204564 0.63263 250.791 0.0156931 0.99855 -0.0514932 -21.7817 -0.632766 0.0497931 0.77274 0.567504 
0.785677 0.0195114 0.618329 251.563 0.0153331 0.998581 -0.0509933 -21.8569 -0.618446 0.0495451 0.784263 1.57285 
0.796442 0.0177359 0.604454 252.318 0.0151909 0.998667 -0.049319 -21.9237 -0.604523 0.0484619 0.795112 2.5948 
0.806769 0.0152692 0.59067 253.049 0.0165324 0.998691 -0.0483978 -21.9941 -0.590636 0.048811 0.80546 3.62672 
0.816398 0.0152512 0.577288 253.765 0.0162294 0.99865 -0.0493347 -22.06 -0.577262 0.0496457 0.815049 4.66865 
0.825287 0.01257 0.564573 254.474 0.0198996 0.998484 -0.0513201 -22.1358 -0.564362 0.0535885 0.823786 5.72615 
0.833272 0.0106845 0.55276 255.16 0.020692 0.99851 -0.0504934 -22.2041 -0.552476 0.0535124 0.831809 6.80109 
0.840779 0.00749992 0.541327 255.839 0.0231439 0.998492 -0.0497806 -22.2835 -0.540884 0.0543829 0.839337 7.884 
0.847461 0.00610758 0.530822 256.513 0.0240718 0.998463 -0.0499192 -22.3547 -0.530311 0.0550824 0.846012 8.9831 
0.852709 0.00455751 0.522366 257.179 0.0247592 0.998485 -0.0491285 -22.4316 -0.521799 0.0548256 0.851305 10.0992 
0.856515 0.00366114 0.51611 257.838 0.0244615 0.998563 -0.0476791 -22.5002 -0.515543 0.0534626 0.855194 11.2206 
0.859158 0.00292922 0.511701 258.496 0.024168 0.998635 -0.0462956 -22.5742 -0.511138 0.052142 0.857915 12.3541 
0.861797 0.00165746 0.50725 259.153 0.0252863 0.998611 -0.0462236 -22.642 -0.506622 0.0526618 0.860559 13.5001 
0.863867 0.000934643 0.503719 259.8 0.0254696 0.998638 -0.0455329 -22.7153 -0.503076 0.0521638 0.862667 14.6562 
0.86588 -0.00077629 0.500251 260.447 0.0261784 0.998699 -0.0437623 -22.7831 -0.499566 0.0509886 0.864774 15.8069 
0.867835 -0.00329014 0.496841 261.082 0.0283533 0.998676 -0.0429117 -22.862 -0.496042 0.0513273 0.86678 16.944 
0.87005 -0.00478693 0.49294 261.714 0.0299116 0.998623 -0.0430971 -22.9294 -0.492055 0.0522412 0.868995 18.0942 
0.872166 -0.00540652 0.489181 262.36 0.0301446 0.998633 -0.0427083 -23.0019 -0.488281 0.0519948 0.871136 19.2633 
0.874136 -0.00534168 0.485653 262.989 0.0295471 0.998672 -0.0421982 -23.0765 -0.484782 0.0512365 0.873133 20.4312 
0.876048 -0.00670389 0.482178 263.63 0.0306283 0.998658 -0.0417627 -23.1452 -0.481251 0.0513543 0.875077 21.621 
0.878118 -0.00601104 0.478406 264.259 0.0295837 0.99869 -0.041753 -23.2128 -0.477528 0.050817 0.877146 22.805 
0.879447 -0.00486746 0.475972 264.896 0.0281889 0.998725 -0.0418711 -23.2741 -0.475161 0.0502405 0.878463 24.0013 
