1 2.12261e-08 -2.11895e-08 0 2.12261e-08 1 2.10703e-08 0 -2.11895e-08 2.10703e-08 1 0 
1 -0.000768595 8.34524e-05 -0.0317795 0.000768504 0.999998 0.00157985 -0.0233793 -8.47089e-05 -0.00157974 0.999999 1.33839 
0.999999 -0.00173143 -0.000286363 -0.0546689 0.00173196 0.999997 0.0016853 -0.0426005 0.000283401 -0.00168575 0.999999 2.68011 
0.999995 -0.00321863 -0.0002119 -0.0814032 0.00321878 0.999995 0.000504262 -0.0552956 0.000210234 -0.000504899 1 4.03034 
0.999994 -0.00355455 -0.000188549 -0.104538 0.00355469 0.999994 0.000540598 -0.0718696 0.000186584 -0.000541222 1 5.36732 
0.99999 -0.00439661 -0.000337905 -0.126762 0.00439707 0.99999 0.00123755 -0.0845868 0.000332418 -0.00123898 0.999999 6.70863 
0.999985 -0.00553499 0.000445038 -0.15515 0.00553386 0.999981 0.00259791 -0.108277 -0.000459451 -0.00259536 0.999997 8.0251 
0.999988 -0.0047779 0.00109333 -0.199012 0.00477514 0.999985 0.0025502 -0.115087 -0.00110554 -0.00254491 0.999996 9.37204 
0.999991 -0.0041522 0.000485374 -0.218101 0.00415194 0.999991 0.000627937 -0.13001 -0.000488019 -0.000625874 1 10.7399 
0.999999 -0.0010837 0.000354765 -0.235905 0.00108443 0.999998 -0.00194169 -0.14544 -0.000352702 0.00194212 0.999998 12.1075 
0.999997 0.00231874 0.000762134 -0.269563 -0.0023166 0.999994 -0.00274626 -0.169442 -0.00076854 0.00274453 0.999996 13.4483 
0.999988 0.00475613 0.00139108 -0.304293 -0.00475206 0.999985 -0.00288036 -0.193045 -0.0014048 0.00287376 0.999995 14.8071 
0.999982 0.00579927 0.0015296 -0.324075 -0.00579569 0.999981 -0.00230679 -0.212699 -0.00154299 0.00229793 0.999996 16.1726 
0.999991 0.00377269 0.00201165 -0.340386 -0.00377288 0.999993 0.000112115 -0.229784 -0.00201126 -0.000119661 0.999998 17.5439 
0.999997 -0.00043286 0.00253483 -0.363028 0.000428089 0.999998 0.00189929 -0.251703 -0.00253569 -0.00189815 0.999995 18.9176 
0.999993 -0.00265102 0.00255788 -0.383396 0.00265243 0.999996 -0.000531164 -0.27235 -0.00255651 0.000537987 0.999997 20.2681 
0.99999 -0.00348979 0.00286973 -0.408732 0.00349638 0.999991 -0.00228015 -0.297274 -0.00286179 0.0022902 0.999993 21.6208 
0.999991 -0.000876387 0.00420017 -0.440411 0.000893418 0.999991 -0.00404453 -0.320272 -0.00419664 0.00404829 0.999983 22.9845 
0.999987 0.00194622 0.00474922 -0.455275 -0.00193507 0.999995 -0.00234416 -0.338009 -0.00475381 0.00233498 0.999986 24.3749 
0.999985 0.00216156 0.00494358 -0.462172 -0.00216773 0.999997 0.00125112 -0.364081 -0.00494091 -0.00126178 0.999987 25.7741 
0.999986 -3.53714e-05 0.00529911 -0.474115 1.84136e-05 0.999995 0.00320816 -0.382816 -0.00529924 -0.00320798 0.999981 27.1561 
0.99998 -0.00397408 0.00501889 -0.499037 0.00396647 0.999991 0.0015331 -0.403222 -0.00502498 -0.00151312 0.999986 28.5248 
0.999979 -0.00421829 0.00498436 -0.51365 0.00422222 0.999991 -0.000769036 -0.426881 -0.00498112 0.000790107 0.999987 29.9065 
0.99997 -0.00458549 0.00617257 -0.536574 0.0046053 0.999984 -0.00319244 -0.453034 -0.00615788 0.00322082 0.999976 31.2891 
0.999977 -0.0013807 0.00672125 -0.55903 0.00140661 0.999992 -0.0038452 -0.48348 -0.00671592 0.0038546 0.99997 32.6791 
0.999973 -0.000667542 0.00739081 -0.582454 0.00071053 0.999983 -0.00580954 -0.511401 -0.00738685 0.00581467 0.999956 34.0644 
0.999973 -4.91616e-05 0.00737095 -0.596779 8.65443e-05 0.999987 -0.0050656 -0.540947 -0.00737065 0.00506614 0.99996 35.4819 
0.999973 -0.000222237 0.00732219 -0.620881 0.000249588 0.999993 -0.00372886 -0.571477 -0.00732135 0.00373063 0.999966 36.8996 
0.999972 0.00155526 0.00732196 -0.643654 -0.00153647 0.999996 -0.00256404 -0.597609 -0.00732596 0.00255276 0.99997 38.2932 
0.99996 0.00471589 0.00761915 -0.66215 -0.00469835 0.999986 -0.00231355 -0.621795 -0.00762999 0.00227771 0.999968 39.7104 
0.999944 0.00696419 0.00796895 -0.679608 -0.00694163 0.999972 -0.00285038 -0.642958 -0.00798861 0.00279494 0.999964 41.1291 
0.999918 0.00950798 0.00859926 -0.705992 -0.00948614 0.999952 -0.00257188 -0.667697 -0.00862334 0.00249013 0.99996 42.5521 
0.999916 0.0100524 0.00824238 -0.723656 -0.0100333 0.999947 -0.00234769 -0.694944 -0.00826558 0.00226484 0.999963 43.9919 
0.999924 0.00911827 0.00826228 -0.743593 -0.00909838 0.999956 -0.0024362 -0.721975 -0.00828417 0.00236088 0.999963 45.3939 
0.999938 0.00776218 0.00798622 -0.755853 -0.00774263 0.999967 -0.00247059 -0.749827 -0.00800518 0.00240864 0.999965 46.8311 
0.999946 0.00727644 0.0073929 -0.770815 -0.00725839 0.999971 -0.00246035 -0.771714 -0.00741063 0.0024066 0.99997 48.2671 
0.999953 0.00696528 0.00676059 -0.791987 -0.00695865 0.999975 -0.000997732 -0.803893 -0.00676741 0.000950682 0.999977 49.6917 
0.999959 0.00683109 0.00591215 -0.817542 -0.00682453 0.999976 -0.00112327 -0.831045 -0.00591973 0.00108292 0.999982 51.1149 
0.999969 0.00639075 0.00469313 -0.838545 -0.00638893 0.99998 -0.000393849 -0.863557 -0.00469559 0.000363894 0.999989 52.5424 
0.999973 0.00608011 0.00416289 -0.870349 -0.00608191 0.999981 0.000429177 -0.886347 -0.00416025 -0.000454442 0.999991 53.9812 
0.999982 0.00448634 0.00400422 -0.901414 -0.00449126 0.999989 0.0012307 -0.906379 -0.0039987 -0.00124862 0.999991 55.4039 
0.999988 0.00329322 0.0036657 -0.9225 -0.00329858 0.999994 0.00146951 -0.929469 -0.00366088 -0.00148154 0.999992 56.8426 
0.999994 0.00093739 0.00320035 -0.941488 -0.000939522 0.999999 0.000677855 -0.949262 -0.00319975 -0.000680816 0.999995 58.2801 
0.999994 -0.000131137 0.00342473 -0.964825 0.000126699 0.999999 0.00130844 -0.978007 -0.00342494 -0.00130796 0.999993 59.7151 
0.999991 -0.00205386 0.00380291 -0.985516 0.0020457 0.999996 0.00216052 -1.00272 -0.00380737 -0.00215268 0.99999 61.1497 
0.999986 -0.00281988 0.00450607 -1.00669 0.00280779 0.999992 0.00269568 -1.02447 -0.00451368 -0.00268295 0.999986 62.5837 
0.999979 -0.00391247 0.0051425 -1.0248 0.00390117 0.99999 0.00221465 -1.04819 -0.00515116 -0.0021945 0.999984 64.0081 
0.999969 -0.00560416 0.00559611 -1.03793 0.00559648 0.999983 0.00139445 -1.07516 -0.00560387 -0.00136305 0.999983 65.4168 
0.999966 -0.0055752 0.00616263 -1.05319 0.00556804 0.999984 0.00118523 -1.10261 -0.00616918 -0.00115084 0.99998 66.8474 
0.999967 -0.00369079 0.00721772 -1.07206 0.0036852 0.999993 0.000793201 -1.12732 -0.00722064 -0.000766534 0.999974 68.2817 
0.999969 -0.000131516 0.00792323 -1.09526 0.000115773 0.999998 0.00199275 -1.15314 -0.00792351 -0.00199173 0.999967 69.7079 
0.999961 0.00278159 0.00841473 -1.10883 -0.00281068 0.99999 0.00345291 -1.1786 -0.00840509 -0.00347639 0.999959 71.1409 
0.999927 0.00754572 0.00940533 -1.1322 -0.00758082 0.999964 0.00370711 -1.1997 -0.00937706 -0.0037781 0.999949 72.563 
0.999877 0.0120123 0.0101009 -1.15969 -0.0120466 0.999922 0.00334155 -1.22463 -0.0100601 -0.00346277 0.999943 73.9712 
0.99984 0.0145336 0.0103866 -1.17452 -0.0145638 0.99989 0.00284066 -1.25291 -0.0103442 -0.00299144 0.999942 75.3876 
0.999796 0.0167532 0.0112623 -1.19625 -0.0167837 0.999856 0.00261875 -1.27483 -0.0112169 -0.0028072 0.999933 76.7989 
0.999789 0.016997 0.0115459 -1.20714 -0.0170303 0.999851 0.00280008 -1.29314 -0.0114967 -0.00299608 0.999929 78.2058 
0.999808 0.015775 0.011604 -1.21712 -0.0158075 0.999871 0.00271692 -1.31195 -0.0115597 -0.00289979 0.999929 79.6064 
0.999829 0.0143862 0.0116625 -1.23085 -0.0144097 0.999894 0.00193931 -1.34018 -0.0116334 -0.00210699 0.99993 80.9817 
0.999839 0.0138933 0.0113955 -1.2329 -0.0139166 0.999901 0.00196961 -1.36499 -0.011367 -0.00212783 0.999933 82.3867 
0.99983 0.0144979 0.0114098 -1.25584 -0.0145202 0.999893 0.00187896 -1.38155 -0.0113814 -0.00204427 0.999933 83.7641 
0.99984 0.0142378 0.0108706 -1.2645 -0.0142523 0.999898 0.00125981 -1.39938 -0.0108516 -0.0014145 0.99994 85.1509 
0.999845 0.0143748 0.0101631 -1.27766 -0.0143919 0.999895 0.00161708 -1.42553 -0.0101388 -0.00176305 0.999947 86.5517 
0.99986 0.0138905 0.00929092 -1.29946 -0.0139097 0.999901 0.00200758 -1.43937 -0.00926215 -0.00213649 0.999955 87.9621 
0.9999 0.0115043 0.00826271 -1.31404 -0.0115321 0.999928 0.00333031 -1.46945 -0.00822385 -0.00342522 0.99996 89.3337 
0.999932 0.00950214 0.00672456 -1.32443 -0.0095264 0.999948 0.00359088 -1.48286 -0.00669014 -0.00365466 0.999971 90.7321 
0.999952 0.00769426 0.0060182 -1.33988 -0.0077162 0.999964 0.00363901 -1.50432 -0.00599003 -0.00368523 0.999975 92.1232 
0.999964 0.00640994 0.00553338 -1.35153 -0.00642759 0.999974 0.00318566 -1.52139 -0.00551286 -0.00322107 0.99998 93.5279 
0.999969 0.00564567 0.00544348 -1.37278 -0.00565935 0.999981 0.00250889 -1.53873 -0.00542925 -0.00253958 0.999982 94.9181 
0.999968 0.00594734 0.00530504 -1.38983 -0.00595839 0.99998 0.00207816 -1.56413 -0.00529261 -0.00210966 0.999984 96.2759 
0.999969 0.00588939 0.00526599 -1.41132 -0.00589605 0.999982 0.001258 -1.58138 -0.00525853 -0.00128897 0.999985 97.6582 
0.999965 0.00630667 0.00547917 -1.43305 -0.00631095 0.99998 0.000771459 -1.60839 -0.00547424 -0.000805969 0.999985 99.0524 
0.999954 0.0075632 0.00597462 -1.4567 -0.00756935 0.999971 0.00101496 -1.62924 -0.00596681 -0.0010601 0.999982 100.412 
0.999948 0.00808852 0.00626152 -1.47744 -0.00810624 0.999963 0.00281587 -1.65728 -0.00623855 -0.00286644 0.999976 101.775 
0.999936 0.00913978 0.00665317 -1.50848 -0.0091664 0.99995 0.00398849 -1.67857 -0.00661642 -0.00404918 0.99997 103.137 
0.999946 0.0078123 0.00684761 -1.52436 -0.00783187 0.999965 0.00284158 -1.70349 -0.00682522 -0.00289501 0.999973 104.49 
0.999939 0.00842561 0.00709564 -1.54056 -0.00842717 0.999965 0.000196197 -1.72135 -0.00709377 -0.000255939 0.999975 105.863 
0.999948 0.00730053 0.00714997 -1.55577 -0.00729442 0.999973 -0.000875166 -1.74648 -0.0071562 0.000823007 0.999974 107.214 
0.999955 0.00534284 0.00778975 -1.57261 -0.00534438 0.999986 0.000182488 -1.76706 -0.00778871 -0.00022407 0.99997 108.563 
0.999961 0.00308594 0.00831329 -1.57999 -0.00310228 0.999993 0.00195947 -1.7839 -0.00830723 -0.00198514 0.999964 109.922 
0.999954 0.00172189 0.00949175 -1.59896 -0.00174524 0.999996 0.0024568 -1.80534 -0.00948752 -0.00247321 0.999952 111.26 
0.999946 0.000715903 0.0103937 -1.60722 -0.000726127 0.999999 0.000984059 -1.8256 -0.0103931 -0.00099151 0.999946 112.6 
0.999937 0.0026943 0.010894 -1.60703 -0.00267883 0.999995 -0.00143024 -1.84961 -0.0108979 0.00140101 0.99994 113.953 
0.999909 0.00559532 0.012319 -1.6202 -0.00554727 0.999977 -0.00392768 -1.86864 -0.0123407 0.00385903 0.999916 115.285 
0.999865 0.00857456 0.0140097 -1.64016 -0.00852327 0.999957 -0.00371397 -1.89963 -0.014041 0.0035941 0.999895 116.621 
0.999831 0.00983322 0.015535 -1.64239 -0.00980325 0.99995 -0.00200168 -1.91971 -0.0155539 0.00184909 0.999877 118.002 
0.999812 0.0100193 0.0166287 -1.64595 -0.0100173 0.99995 -0.000201698 -1.94033 -0.01663 3.51262e-05 0.999862 119.363 
0.999803 0.00914418 0.0175972 -1.65252 -0.00915485 0.999958 0.000528261 -1.97038 -0.0175916 -0.000689215 0.999845 120.719 
0.999772 0.00981251 0.0189422 -1.65539 -0.00981081 0.999952 -0.000180051 -1.99164 -0.0189431 -5.78742e-06 0.999821 122.051 
0.999739 0.0112667 0.0199007 -1.6549 -0.0112553 0.999936 -0.000680007 -2.01213 -0.0199072 0.000455881 0.999802 123.41 
0.99968 0.0134859 0.0213857 -1.66075 -0.0134649 0.999909 -0.00112416 -2.03235 -0.0213989 0.000835881 0.999771 124.76 
0.999643 0.0140549 0.0227383 -1.65896 -0.0140034 0.999899 -0.00241971 -2.05307 -0.02277 0.00210047 0.999739 126.121 
0.999607 0.0152969 0.0234976 -1.64955 -0.0152218 0.999879 -0.00336951 -2.0751 -0.0235464 0.00301055 0.999718 127.508 
0.999578 0.0150647 0.0248266 -1.64399 -0.014977 0.999881 -0.0037115 -2.10076 -0.0248796 0.00333815 0.999685 128.857 
0.999559 0.0143804 0.0259859 -1.64437 -0.0143207 0.999894 -0.00247802 -2.12627 -0.0260189 0.00210483 0.999659 130.226 
0.999544 0.0131309 0.0271918 -1.63663 -0.0130827 0.999913 -0.00194926 -2.14545 -0.027215 0.00159267 0.999628 131.584 
0.999539 0.0127113 0.027569 -1.63158 -0.0126548 0.999918 -0.00221918 -2.16085 -0.027595 0.00186932 0.999617 132.957 
0.99956 0.0103966 0.0277818 -1.62535 -0.0103534 0.999945 -0.00169672 -2.19154 -0.027798 0.00140838 0.999613 134.305 
0.999581 0.00861613 0.0276367 -1.6108 -0.00859372 0.999963 -0.00092783 -2.21733 -0.0276437 0.00068998 0.999618 135.658 
0.999597 0.00702099 0.0275009 -1.60466 -0.00699204 0.999975 -0.00114719 -2.24409 -0.0275083 0.000954484 0.999621 137.018 
0.999628 0.00581187 0.0266677 -1.59994 -0.00578276 0.999983 -0.00116693 -2.27049 -0.0266741 0.00101233 0.999644 138.376 
0.999655 0.00462434 0.0258537 -1.59209 -0.00461434 0.999989 -0.000444825 -2.29347 -0.0258555 0.000325415 0.999666 139.723 
0.999684 0.00342567 0.02492 -1.58294 -0.00341887 0.999994 -0.000313784 -2.31988 -0.024921 0.000228528 0.999689 141.07 
0.999711 0.00305972 0.0238639 -1.58025 -0.00305563 0.999995 -0.000206066 -2.34743 -0.0238644 0.000133129 0.999715 142.402 
0.999732 0.00273894 0.0229829 -1.58137 -0.00272764 0.999996 -0.000521107 -2.37575 -0.0229843 0.00045832 0.999736 143.756 
0.999746 0.00282995 0.0223659 -1.586 -0.00281348 0.999996 -0.000766196 -2.40226 -0.0223681 0.000703117 0.99975 145.105 
0.999765 0.00060755 0.0216785 -1.58296 -0.000545328 0.999996 -0.00287405 -2.42916 -0.0216802 0.00286159 0.999761 146.455 
0.999779 -0.00495569 0.0204353 -1.57428 0.00501631 0.999983 -0.00291415 -2.45985 -0.0204205 0.00301605 0.999787 147.78 
0.999731 -0.0123285 0.0196682 -1.56614 0.0123405 0.999924 -0.000490142 -2.48458 -0.0196607 0.000732768 0.999806 149.117 
0.99966 -0.0190816 0.0177994 -1.55195 0.0190681 0.999818 0.000931386 -2.50446 -0.0178139 -0.000591627 0.999841 150.48 
0.999608 -0.0222854 0.0169333 -1.54723 0.0223257 0.999748 -0.00219617 -2.53089 -0.0168801 0.0025734 0.999854 151.824 
0.999624 -0.0213057 0.0172599 -1.54627 0.0214055 0.999755 -0.00561392 -2.55416 -0.0171362 0.0059813 0.999835 153.191 
0.999677 -0.0178058 0.0181337 -1.54948 0.0179487 0.999809 -0.00774126 -2.5847 -0.0179925 0.00806428 0.999806 154.551 
0.999661 -0.0178522 0.0189356 -1.54864 0.0180044 0.999807 -0.00789672 -2.6169 -0.018791 0.00823501 0.99979 155.909 
0.999585 -0.0210244 0.0196782 -1.53688 0.0211134 0.999768 -0.00432398 -2.64904 -0.0195828 0.0047377 0.999797 157.292 
0.999462 -0.0261889 0.0197706 -1.51397 0.0262262 0.999655 -0.0016312 -2.67325 -0.0197211 0.00214888 0.999803 158.666 
0.999362 -0.0295318 0.020068 -1.50792 0.0295481 0.999563 -0.000512185 -2.69552 -0.0200442 0.00110487 0.999799 160.019 
0.999305 -0.0311684 0.020441 -1.50144 0.0311826 0.999514 -0.000374258 -2.72282 -0.0204194 0.00101144 0.999791 161.378 
0.999336 -0.0293931 0.0215494 -1.49919 0.0293911 0.999568 0.000412721 -2.75 -0.0215522 0.000220954 0.999768 162.731 
0.99943 -0.0249292 0.0227659 -1.49688 0.0249531 0.999688 -0.00076682 -2.77183 -0.0227397 0.0013345 0.999741 164.092 
0.999481 -0.0215181 0.023981 -1.49905 0.0215871 0.999764 -0.00262061 -2.80446 -0.023919 0.00313697 0.999709 165.449 
0.999515 -0.0189102 0.024744 -1.49285 0.0189917 0.999815 -0.00306245 -2.83076 -0.0246815 0.00353094 0.999689 166.813 
0.99953 -0.0169736 0.0255322 -1.4932 0.0170315 0.999853 -0.00204812 -2.85795 -0.0254937 0.00248205 0.999672 168.181 
0.999565 -0.0153402 0.0252004 -1.48101 0.0154009 0.999879 -0.00221318 -2.8869 -0.0251635 0.00260037 0.99968 169.558 
0.999608 -0.0130799 0.0247363 -1.47333 0.0132009 0.999902 -0.00473468 -2.91549 -0.024672 0.00505941 0.999683 170.92 
0.999659 -0.00896194 0.024532 -1.47282 0.00914699 0.999931 -0.00743972 -2.9467 -0.0244637 0.00766162 0.999671 172.276 
0.999701 -0.00339927 0.0242282 -1.46684 0.00361411 0.999955 -0.00882756 -2.97891 -0.0241971 0.00891252 0.999668 173.649 
0.99969 0.00123487 0.0248763 -1.47005 -0.00104344 0.99997 -0.00770497 -3.01657 -0.0248851 0.00767666 0.999661 175.04 
0.999652 0.0048817 0.0259081 -1.47319 -0.00472689 0.999971 -0.00603181 -3.04442 -0.0259368 0.00590729 0.999646 176.432 
0.999651 0.00505202 0.0259192 -1.46192 -0.00495061 0.99998 -0.00397379 -3.07313 -0.0259388 0.00384413 0.999656 177.822 
0.999677 0.00226516 0.0253345 -1.45343 -0.00218036 0.999992 -0.00337229 -3.09981 -0.025342 0.00331601 0.999673 179.211 
0.999718 9.88077e-05 0.0237501 -1.44926 -2.01458e-05 0.999995 -0.00331047 -3.12705 -0.0237504 0.0033091 0.999712 180.595 
0.999766 0.000217069 0.0216226 -1.43609 -5.51346e-05 0.999972 -0.00748748 -3.15719 -0.0216236 0.00748458 0.999738 181.992 
0.999788 0.00224452 0.0204647 -1.43564 -0.00200838 0.999931 -0.0115497 -3.19367 -0.0204892 0.0115062 0.999724 183.384 
0.99978 0.00661501 0.0199014 -1.44079 -0.00637895 0.999909 -0.0118996 -3.23704 -0.0199783 0.01177 0.999731 184.787 
0.999748 0.00989545 0.0201712 -1.4513 -0.00967836 0.999895 -0.0108295 -3.27296 -0.0202762 0.0106315 0.999738 186.218 
0.999713 0.011802 0.0208441 -1.4572 -0.0116493 0.999905 -0.00743252 -3.30527 -0.0209298 0.00718761 0.999755 187.629 
0.999708 0.0122252 0.0208442 -1.45265 -0.0121081 0.99991 -0.00573358 -3.32608 -0.0209125 0.00547956 0.999766 189.122 
0.999707 0.0118203 0.0211106 -1.4533 -0.0117209 0.99992 -0.0048239 -3.35639 -0.0211659 0.0045751 0.999766 190.568 
0.999734 0.00907556 0.0212126 -1.4468 -0.00899067 0.999951 -0.00409178 -3.37948 -0.0212488 0.00390002 0.999767 192.016 
0.999754 0.00647426 0.0212027 -1.44013 -0.00639973 0.999973 -0.00357893 -3.40766 -0.0212254 0.0034424 0.999769 193.456 
0.999768 0.00391671 0.0211852 -1.43309 -0.00384287 0.999986 -0.00352285 -3.4339 -0.0211988 0.00344066 0.999769 194.889 
0.999768 0.000377404 0.0215611 -1.42416 -0.000329159 0.999997 -0.00223909 -3.46338 -0.021562 0.00223151 0.999765 196.328 
0.999748 -0.00359953 0.0221501 -1.41876 0.00361649 0.999993 -0.000723718 -3.48758 -0.0221474 0.000803683 0.999754 197.763 
0.999729 -0.00610649 0.0224791 -1.40427 0.00612684 0.999981 -0.000834564 -3.51051 -0.0224737 0.000972105 0.999747 199.22 
0.999731 -0.0040804 0.0228485 -1.39649 0.00420121 0.999977 -0.00524026 -3.53578 -0.0228266 0.00533488 0.999725 200.664 
0.999723 0.00367249 0.0232402 -1.39574 -0.00343222 0.99994 -0.0103682 -3.56608 -0.0232769 0.0102856 0.999676 202.093 
0.999621 0.0123686 0.024579 -1.40329 -0.0121199 0.999874 -0.0102407 -3.60317 -0.0247026 0.00993898 0.999645 203.522 
0.999465 0.0200574 0.0258193 -1.41157 -0.0198873 0.999779 -0.00682675 -3.6362 -0.0259505 0.00630967 0.999643 204.982 
0.999421 0.0210111 0.0267759 -1.40721 -0.0208974 0.999771 -0.00451759 -3.66754 -0.0268647 0.00395547 0.999631 206.449 
0.999472 0.0189464 0.0264153 -1.39388 -0.0188464 0.999814 -0.00402939 -3.69341 -0.0264868 0.00352947 0.999643 207.901 
0.999559 0.0155736 0.0252708 -1.38101 -0.0154747 0.999872 -0.00410522 -3.72193 -0.0253316 0.0037124 0.999672 209.36 
0.999611 0.0135599 0.024357 -1.36983 -0.0134555 0.9999 -0.00444433 -3.75408 -0.0244149 0.00411491 0.999693 210.829 
0.999609 0.0142566 0.0240675 -1.36586 -0.0141386 0.999887 -0.00506107 -3.78325 -0.024137 0.00471885 0.999698 212.297 
0.99959 0.0156075 0.0240247 -1.35708 -0.0154956 0.999868 -0.00483237 -3.81224 -0.024097 0.00445815 0.9997 213.773 
0.999566 0.0169508 0.0241008 -1.35261 -0.0168627 0.99985 -0.00385218 -3.84441 -0.0241625 0.00344414 0.999702 215.257 
0.999583 0.0160709 0.0239791 -1.34487 -0.0159682 0.999863 -0.0044654 -3.87441 -0.0240476 0.00408068 0.999703 216.73 
0.999587 0.0160118 0.0238515 -1.34164 -0.0158895 0.99986 -0.0053079 -3.906 -0.0239332 0.00492677 0.999701 218.201 
0.999596 0.0155387 0.0238164 -1.33693 -0.0154092 0.999866 -0.00560817 -3.93759 -0.0239003 0.00523895 0.999701 219.674 
0.9996 0.0158785 0.0233901 -1.32828 -0.0157439 0.999859 -0.00592427 -3.9656 -0.0234809 0.00555369 0.999709 221.161 
0.999579 0.0163649 0.0239436 -1.33426 -0.0162268 0.999851 -0.00594964 -4.00148 -0.0240374 0.00555865 0.999696 222.648 
0.999579 0.0164751 0.0238695 -1.32836 -0.0163326 0.999848 -0.0061508 -4.03393 -0.0239672 0.0057584 0.999696 224.132 
0.999571 0.0178116 0.0232649 -1.327 -0.0176691 0.999824 -0.00631288 -4.06913 -0.0233733 0.00589914 0.999709 225.612 
0.999573 0.01773 0.023222 -1.3271 -0.0175896 0.999826 -0.00623488 -4.1029 -0.0233285 0.0058238 0.999711 227.094 
0.999567 0.0182451 0.0230998 -1.33104 -0.0181085 0.999817 -0.006106 -4.14064 -0.0232071 0.00568509 0.999715 228.589 
0.99959 0.0171023 0.0229634 -1.32171 -0.0169641 0.999837 -0.00619907 -4.1718 -0.0230658 0.00580702 0.999717 230.096 
0.999595 0.0160759 0.0234692 -1.31642 -0.0159285 0.999852 -0.00645331 -4.20183 -0.0235695 0.00607691 0.999704 231.606 
0.999607 0.0149661 0.0236902 -1.31044 -0.0148269 0.999872 -0.00604248 -4.2395 -0.0237776 0.0056889 0.999701 233.113 
0.999621 0.0132838 0.0240984 -1.30624 -0.0131594 0.999899 -0.00531116 -4.27273 -0.0241666 0.00499207 0.999696 234.637 
0.999622 0.0134485 0.0239786 -1.30023 -0.0133332 0.999899 -0.00495795 -4.30712 -0.0240429 0.0046364 0.9997 236.164 
0.999607 0.0140363 0.024258 -1.29555 -0.0139046 0.999888 -0.00559094 -4.33506 -0.0243338 0.00525149 0.99969 237.686 
0.99958 0.0150169 0.0248057 -1.29373 -0.0148667 0.99987 -0.00622684 -4.36759 -0.024896 0.00585549 0.999673 239.206 
0.999554 0.0159141 0.0252697 -1.28732 -0.0157789 0.99986 -0.00554048 -4.402 -0.0253544 0.00513933 0.999665 240.715 
0.999532 0.016447 0.0257903 -1.27622 -0.016362 0.99986 -0.00350074 -4.43807 -0.0258443 0.00307716 0.999661 242.229 
0.999505 0.0168958 0.0265394 -1.26894 -0.0168112 0.999853 -0.00340682 -4.45896 -0.0265931 0.00295902 0.999642 243.744 
0.999481 0.0171588 0.0272477 -1.26179 -0.0170229 0.999842 -0.00521003 -4.48777 -0.0273328 0.00474353 0.999615 245.277 
0.999449 0.0179408 0.0279272 -1.25027 -0.0177525 0.999818 -0.00697523 -4.51377 -0.0280473 0.00647565 0.999586 246.821 
0.999415 0.0188449 0.028537 -1.23747 -0.0186695 0.999805 -0.00639909 -4.54978 -0.028652 0.00586262 0.999572 248.354 
0.999418 0.0186613 0.0285523 -1.22177 -0.0185109 0.999813 -0.00552223 -4.58383 -0.0286501 0.00499053 0.999577 249.887 
0.999428 0.0185033 0.0282937 -1.20608 -0.0183715 0.999819 -0.00490987 -4.61888 -0.0283795 0.0043873 0.999588 251.432 
0.999422 0.01923 0.028033 -1.1901 -0.0190909 0.999804 -0.00522033 -4.64505 -0.0281279 0.00468218 0.999593 252.985 
0.999385 0.0207666 0.028248 -1.17186 -0.0206345 0.999775 -0.00495945 -4.67767 -0.0283447 0.00437356 0.999589 254.536 
0.999349 0.0221551 0.0284666 -1.15672 -0.0220151 0.999744 -0.00521842 -4.70536 -0.028575 0.00458837 0.999581 256.104 
0.999317 0.023095 0.0288338 -1.14577 -0.022962 0.999724 -0.00493543 -4.73842 -0.0289398 0.00427003 0.999572 257.661 
0.999349 0.0217922 0.0287671 -1.12243 -0.0216485 0.999752 -0.00529536 -4.76399 -0.0288754 0.00466919 0.999572 259.216 
0.99938 0.020148 0.0288685 -1.11077 -0.0200181 0.999788 -0.00478056 -4.79143 -0.0289588 0.00419975 0.999572 260.764 
0.999421 0.0179947 0.0288732 -1.09239 -0.0178861 0.999832 -0.00401491 -4.82665 -0.0289407 0.0034962 0.999575 262.299 
0.999456 0.0166605 0.0284742 -1.07257 -0.0165339 0.999852 -0.00467157 -4.86231 -0.0285479 0.00419828 0.999584 263.85 
0.99948 0.0153907 0.0283289 -1.05207 -0.0152338 0.999867 -0.00574719 -4.89651 -0.0284136 0.00531269 0.999582 265.423 
0.999479 0.0133487 0.0293828 -1.04177 -0.0132328 0.999904 -0.00413429 -4.9281 -0.0294352 0.00374337 0.99956 266.983 
0.999484 0.0114311 0.0300185 -1.02444 -0.0113558 0.999932 -0.0026757 -4.95381 -0.0300471 0.00233347 0.999546 268.508 
0.999486 0.0103672 0.0303226 -1.01435 -0.0102613 0.999941 -0.00364486 -4.98243 -0.0303587 0.00333188 0.999534 270.049 
0.99947 0.00976927 0.0310452 -0.99744 -0.00962595 0.999942 -0.00476116 -5.01038 -0.03109 0.00445984 0.999507 271.589 
0.999449 0.0105459 0.0314636 -0.972013 -0.0103954 0.999934 -0.0049422 -5.04814 -0.0315136 0.00461245 0.999493 273.164 
0.999404 0.0122054 0.0322929 -0.949329 -0.0120512 0.999915 -0.00496343 -5.08315 -0.0323507 0.00457134 0.999466 274.72 
0.999343 0.0141293 0.0333827 -0.939786 -0.0139539 0.999888 -0.0054799 -5.11879 -0.0334564 0.00501052 0.999428 276.261 
0.999283 0.015431 0.0345756 -0.921242 -0.0152376 0.999867 -0.00584939 -5.15381 -0.0346613 0.00531839 0.999385 277.831 
0.999246 0.0159479 0.0354139 -0.897679 -0.0157442 0.999858 -0.00602105 -5.19201 -0.0355049 0.00545899 0.999355 279.375 
0.999202 0.0163722 0.0364313 -0.875073 -0.0161317 0.999846 -0.00688233 -5.22837 -0.0365385 0.00628917 0.999313 280.924 
0.999181 0.0153124 0.0374523 -0.84597 -0.0150414 0.999859 -0.00750714 -5.26204 -0.037562 0.0069377 0.99927 282.514 
0.999153 0.0146011 0.0384663 -0.814776 -0.0143386 0.999872 -0.00708933 -5.30187 -0.038565 0.00653181 0.999235 284.046 
0.999153 0.0134696 0.0388849 -0.778044 -0.0132393 0.999893 -0.00617186 -5.33646 -0.0389639 0.00565186 0.999225 285.64 
0.999148 0.0125083 0.0393394 -0.746392 -0.0122926 0.999908 -0.00572038 -5.37361 -0.0394074 0.00523197 0.99921 287.189 
0.999158 0.0118718 0.0392816 -0.710486 -0.0115539 0.999899 -0.00831053 -5.40786 -0.0393764 0.00784972 0.999194 288.75 
0.999165 0.0104174 0.0395034 -0.687815 -0.0100108 0.999895 -0.0104759 -5.44763 -0.0396084 0.0100717 0.999165 290.282 
0.999181 0.0108274 0.0389998 -0.656037 -0.0104294 0.999892 -0.0103954 -5.49133 -0.0391082 0.00998019 0.999185 291.813 
0.99924 0.00972618 0.0377449 -0.621555 -0.00935459 0.999906 -0.0100077 -5.53239 -0.0378387 0.00964701 0.999237 293.369 
0.999277 0.00940035 0.0368521 -0.598178 -0.00902546 0.999906 -0.0103248 -5.57743 -0.0369458 0.00998478 0.999267 294.944 
0.999288 0.00976103 0.0364409 -0.573157 -0.00937494 0.999898 -0.0107499 -5.61455 -0.0365422 0.0104006 0.999278 296.514 
0.999322 0.00932555 0.0356069 -0.543717 -0.00898024 0.999911 -0.0098442 -5.66254 -0.0356956 0.00951781 0.999317 298.089 
0.99937 0.00794165 0.0345859 -0.521066 -0.00761216 0.999925 -0.00964659 -5.70046 -0.03466 0.00937728 0.999355 299.696 
0.999394 0.0088799 0.0336717 -0.495454 -0.00860938 0.99993 -0.00816913 -5.74733 -0.0337419 0.00787432 0.9994 301.25 
0.999394 0.0112438 0.0329512 -0.469388 -0.0110171 0.999914 -0.00705144 -5.78198 -0.0330277 0.00668418 0.999432 302.85 
0.999369 0.0109427 0.0337884 -0.454231 -0.0107062 0.999917 -0.00717006 -5.80895 -0.0338641 0.00680384 0.999403 304.452 
0.999327 0.011829 0.0347148 -0.437533 -0.0115675 0.999903 -0.00772342 -5.83979 -0.0348029 0.0073167 0.999367 306.076 
0.99933 0.0103838 0.0351003 -0.418503 -0.0101198 0.999919 -0.00769005 -5.87966 -0.0351774 0.00732973 0.999354 307.69 
0.99935 0.00829925 0.0350758 -0.386853 -0.00800168 0.999931 -0.00861429 -5.91678 -0.0351449 0.00832807 0.999348 309.298 
0.99935 0.00684755 0.035394 -0.359864 -0.00648653 0.999926 -0.0103035 -5.95694 -0.035462 0.0100672 0.99932 310.936 
0.999376 0.00602539 0.0348163 -0.325148 -0.00563218 0.999919 -0.0113795 -5.99978 -0.0348821 0.0111764 0.999329 312.551 
0.999446 0.00662853 0.0326209 -0.297915 -0.00622855 0.999904 -0.0123466 -6.04173 -0.0326997 0.0121367 0.999392 314.191 
0.999511 0.00739374 0.0303889 -0.274959 -0.00704903 0.99991 -0.0114332 -6.08982 -0.0304708 0.0112135 0.999473 315.827 
0.999522 0.00845938 0.0297314 -0.251014 -0.00822013 0.999933 -0.0081587 -6.12562 -0.0297985 0.00791045 0.999525 317.487 
0.99952 0.00671082 0.0302578 -0.23046 -0.00655912 0.999965 -0.00510884 -6.16211 -0.0302911 0.00490796 0.999529 319.115 
0.999536 0.00549465 0.0299649 -0.203663 -0.00536172 0.999975 -0.00451337 -6.19592 -0.029989 0.00435065 0.999541 320.76 
0.999541 0.00419909 0.0299943 -0.181053 -0.00402471 0.999975 -0.00587039 -6.22477 -0.0300182 0.00574702 0.999533 322.41 
0.999528 0.00295412 0.0305814 -0.168012 -0.00277702 0.999979 -0.00583061 -6.26765 -0.030598 0.00574298 0.999515 324.06 
0.999499 0.00280956 0.0315183 -0.169116 -0.00263893 0.999982 -0.00545255 -6.30508 -0.0315331 0.00536668 0.999488 325.705 
0.999472 0.00317741 0.0323393 -0.151657 -0.00299479 0.999979 -0.00569243 -6.33996 -0.0323567 0.00559262 0.999461 327.366 
0.999448 0.0042997 0.0329389 -0.13852 -0.00408327 0.99997 -0.00663371 -6.37716 -0.0329664 0.00649559 0.999435 329.019 
0.999422 0.00515556 0.033617 -0.119413 -0.00491421 0.999962 -0.00725686 -6.41359 -0.0336532 0.0070875 0.999408 330.676 
0.99938 0.00408455 0.034975 -0.111658 -0.0039011 0.999978 -0.0053105 -6.45004 -0.034996 0.00517081 0.999374 332.306 
0.999375 0.00311056 0.0352264 -0.0905786 -0.00294929 0.999985 -0.00462794 -6.48313 -0.0352403 0.0045212 0.999369 333.929 
0.999372 0.00215039 0.0353636 -0.0597709 -0.00195189 0.999982 -0.00564558 -6.52372 -0.0353751 0.00557305 0.999359 335.584 
0.999322 0.00369703 0.0366284 -0.0720966 -0.00349223 0.999978 -0.00565256 -6.558 -0.0366486 0.00552085 0.999313 337.19 
0.999325 0.00527398 0.0363591 -0.0434699 -0.00499517 0.999958 -0.00775366 -6.59641 -0.0363984 0.00756685 0.999309 338.817 
0.999316 0.00687666 0.0363316 -0.0302815 -0.00649945 0.999924 -0.010489 -6.63945 -0.036401 0.0102457 0.999285 340.432 
0.999317 0.00832375 0.0359961 -0.0142015 -0.00796592 0.999918 -0.0100715 -6.68196 -0.036077 0.00977791 0.999301 342.058 
0.999338 0.00904775 0.0352304 0.00382613 -0.0088277 0.999941 -0.00639536 -6.72657 -0.0352863 0.00608017 0.999359 343.679 
0.999368 0.00954336 0.0342397 0.0231612 -0.00942719 0.999949 -0.00355147 -6.7645 -0.0342719 0.00322648 0.999407 345.293 
0.999396 0.0101337 0.033243 0.0465647 -0.00997708 0.999938 -0.00487296 -6.79893 -0.0332904 0.00453839 0.999435 346.896 
0.999451 0.00949634 0.0317458 0.0573611 -0.00930099 0.999937 -0.00629429 -6.83687 -0.0318036 0.0059956 0.999476 348.524 
0.999511 0.00816938 0.0301722 0.0796294 -0.00802379 0.999956 -0.0049421 -6.87555 -0.0302112 0.00469764 0.999533 350.147 
0.999547 0.00646767 0.0293926 0.101098 -0.00635163 0.999972 -0.00403799 -6.91958 -0.029418 0.00384951 0.99956 351.782 
0.99956 0.0061677 0.029006 0.114259 -0.00602048 0.999969 -0.0051586 -6.95049 -0.0290369 0.00498174 0.999566 353.403 
0.999571 0.00570789 0.0287284 0.129806 -0.0055388 0.999967 -0.00596019 -6.98576 -0.0287615 0.00579855 0.99957 355.029 
0.999571 0.00527929 0.0287974 0.1493 -0.00510318 0.999968 -0.006184 -7.01991 -0.0288292 0.00603443 0.999566 356.658 
0.999573 0.00475318 0.0288167 0.166432 -0.00457542 0.99997 -0.00622985 -7.05736 -0.0288455 0.00609539 0.999565 358.255 
0.999574 0.00432048 0.0288777 0.184716 -0.00412078 0.999967 -0.00696979 -7.09193 -0.0289069 0.00684787 0.999559 359.901 
0.999567 0.00411188 0.0291404 0.200156 -0.00389221 0.999964 -0.00758953 -7.13324 -0.0291706 0.00747286 0.999547 361.511 
0.999567 0.00350471 0.0292128 0.214116 -0.00329382 0.999968 -0.00726247 -7.17469 -0.0292373 0.00716315 0.999547 363.12 
0.999555 0.00370457 0.0295867 0.229552 -0.00346661 0.999961 -0.00808857 -7.21444 -0.0296156 0.00798245 0.99953 364.714 
0.999566 0.0027145 0.0293432 0.258462 -0.00244225 0.999954 -0.00930862 -7.25854 -0.0293671 0.00923296 0.999526 366.322 
0.999565 0.00135131 0.0294776 0.269345 -0.00112892 0.999971 -0.00755825 -7.29246 -0.029487 0.00752172 0.999537 367.925 
0.999572 -0.000159438 0.0292717 0.294164 0.000359865 0.999977 -0.00684054 -7.32739 -0.0292699 0.00684819 0.999548 369.535 
0.99958 -0.000571743 0.0289663 0.316646 0.000797458 0.999969 -0.0077799 -7.36703 -0.028961 0.00779977 0.99955 371.136 
0.999571 0.000736453 0.0292883 0.329923 -0.000491743 0.999965 -0.00836005 -7.40666 -0.0292935 0.0083421 0.999536 372.735 
0.99956 0.00235607 0.0295784 0.343938 -0.00213108 0.999969 -0.00763438 -7.44147 -0.0295955 0.00756803 0.999533 374.34 
0.999537 0.00387944 0.0301814 0.35115 -0.00366203 0.999967 -0.00725394 -7.46991 -0.0302086 0.00714009 0.999518 375.941 
0.999527 0.00382483 0.0305235 0.371612 -0.0036011 0.999966 -0.00738003 -7.51145 -0.0305508 0.00726666 0.999507 377.562 
0.999527 0.00350658 0.0305408 0.391658 -0.0032615 0.999962 -0.00806957 -7.55533 -0.0305679 0.00796619 0.999501 379.169 
0.999517 0.00399792 0.0308345 0.404262 -0.00372966 0.999955 -0.00875133 -7.58528 -0.0308682 0.00863214 0.999486 380.795 
0.9995 0.0042586 0.0313466 0.425599 -0.00397639 0.999951 -0.00905855 -7.62347 -0.0313836 0.00892941 0.999468 382.41 
0.999496 0.00537404 0.031281 0.448193 -0.00509974 0.999948 -0.00884072 -7.66936 -0.031327 0.00867678 0.999472 384.034 
0.999483 0.00707544 0.0313588 0.477763 -0.00678756 0.999934 -0.00927594 -7.69005 -0.0314224 0.00905834 0.999465 385.698 
0.999473 0.00808159 0.031429 0.502145 -0.0077773 0.999922 -0.00979061 -7.7305 -0.0315057 0.00954106 0.999458 387.351 
0.999464 0.00867547 0.0315671 0.521515 -0.00834735 0.99991 -0.0105099 -7.77236 -0.0316555 0.0102408 0.999446 388.992 
0.999462 0.00921723 0.0314882 0.548199 -0.00888343 0.999903 -0.0107229 -7.81297 -0.0315841 0.0104375 0.999447 390.619 
0.999445 0.0105616 0.0315958 0.574455 -0.0102425 0.999895 -0.0102431 -7.84833 -0.0317008 0.00991386 0.999448 392.242 
0.999415 0.0118314 0.0320929 0.588598 -0.0115166 0.999884 -0.00997266 -7.89191 -0.0322072 0.00959726 0.999435 393.88 
0.999397 0.0127069 0.0323228 0.611336 -0.0123674 0.999867 -0.0106802 -7.93535 -0.0324542 0.010274 0.99942 395.513 
0.999384 0.0126917 0.0327099 0.630314 -0.0123549 0.999869 -0.0104757 -7.98074 -0.0328386 0.0100652 0.99941 397.147 
0.999393 0.0121798 0.0326423 0.66131 -0.0118554 0.999879 -0.0101122 -8.01924 -0.0327616 0.00971915 0.999416 398.802 
0.999392 0.012084 0.0327208 0.685736 -0.0117306 0.999871 -0.0109694 -8.06595 -0.0328491 0.0105789 0.999404 400.425 
0.999387 0.0114684 0.0330794 0.707509 -0.0110778 0.999867 -0.0119667 -8.11164 -0.0332123 0.011593 0.999381 402.044 
0.999387 0.0110458 0.0332267 0.730775 -0.0106501 0.999871 -0.0120627 -8.15879 -0.0333557 0.0117015 0.999375 403.691 
0.999386 0.0101772 0.0335422 0.753193 -0.0098206 0.999894 -0.0107763 -8.19666 -0.0336483 0.0104403 0.999379 405.361 
0.999399 0.00867337 0.0335591 0.781919 -0.00836106 0.999921 -0.00943416 -8.23689 -0.0336383 0.00914794 0.999392 407.038 
0.999409 0.0069027 0.0336851 0.812748 -0.00657737 0.999931 -0.00975796 -8.28679 -0.0337502 0.00953067 0.999385 408.672 
0.999415 0.00571159 0.033723 0.843143 -0.00536463 0.999932 -0.0103688 -8.33193 -0.03378 0.0101819 0.999377 410.313 
