1 2.12261e-08 -2.11895e-08 0 2.12261e-08 1 2.10703e-08 0 -2.11895e-08 2.10703e-08 1 0 
0.999996 -0.00199665 -0.00177821 -0.00510584 0.0019955 0.999998 -0.000673641 -0.0124655 0.00177951 0.000670133 0.999998 0.569464 
0.999992 -0.00249243 -0.00300686 -0.0163515 0.00248637 0.999995 -0.0020326 -0.0252686 0.00301186 0.00202515 0.999993 1.14613 
0.999984 -0.00281814 -0.00497618 -0.0289199 0.00280144 0.99999 -0.00336828 -0.03901 0.00498558 0.00335433 0.999982 1.71237 
0.999966 -0.00485422 -0.00663328 -0.045926 0.00481959 0.999975 -0.00523415 -0.0463226 0.00665848 0.00520205 0.999964 2.27558 
0.999938 -0.00728903 -0.00845535 -0.0507803 0.00722896 0.999949 -0.0071173 -0.0587991 0.00850675 0.00705578 0.999939 2.85247 
0.999913 -0.00863467 -0.00993671 -0.062282 0.00855551 0.999932 -0.00798577 -0.0678033 0.0100049 0.0079001 0.999919 3.4326 
0.999895 -0.00892765 -0.0114007 -0.0778434 0.00884334 0.999933 -0.00742809 -0.079305 0.0114663 0.00732653 0.999907 4.0218 
0.999876 -0.00938383 -0.0126392 -0.0946286 0.00928719 0.999927 -0.00768649 -0.0961933 0.0127103 0.0075682 0.999891 4.61189 
0.999871 -0.00858653 -0.0135705 -0.119199 0.00844878 0.999913 -0.0101782 -0.114875 0.0136567 0.0100622 0.999856 5.21205 
0.999868 -0.00670405 -0.0147756 -0.142521 0.0064947 0.999878 -0.0141741 -0.127543 0.0148687 0.0140763 0.99979 5.81683 
0.99986 -0.00537726 -0.0158561 -0.165098 0.00509467 0.999828 -0.0178117 -0.144283 0.0159491 0.0177285 0.999716 6.43089 
0.999854 -0.00350829 -0.0167414 -0.195384 0.00320749 0.999834 -0.0179632 -0.153787 0.0168016 0.0179069 0.999699 7.06005 
0.999839 -0.000991743 -0.0179461 -0.224274 0.000792062 0.999938 -0.0111328 -0.164187 0.017956 0.0111168 0.999777 7.72116 
0.999822 -4.88672e-05 -0.018881 -0.249658 3.47822e-05 1 -0.000748544 -0.175248 0.018881 0.000747797 0.999821 8.38687 
0.999808 0.00108003 -0.0195595 -0.279752 -0.000967235 0.999983 0.0057731 -0.187779 0.0195653 -0.00575304 0.999792 9.07206 
0.999783 0.00337237 -0.0205428 -0.315229 -0.00327323 0.999983 0.00485556 -0.203602 0.0205587 -0.00478723 0.999777 9.7544 
0.99976 0.00549576 -0.0212252 -0.35042 -0.00554513 0.999982 -0.00227018 -0.213881 0.0212123 0.00238737 0.999772 10.4504 
0.999737 0.00517625 -0.0223385 -0.380817 -0.00536688 0.99995 -0.00848413 -0.21196 0.0222934 0.00860183 0.999715 11.1679 
0.999714 0.00289668 -0.0237484 -0.403415 -0.00306146 0.999972 -0.00690712 -0.212478 0.0237277 0.00697789 0.999694 11.9064 
0.999707 0.00159764 -0.0241512 -0.435738 -0.00153963 0.999996 0.00241848 -0.222921 0.0241549 -0.00238054 0.999705 12.6781 
0.999695 0.00149191 -0.0246689 -0.47031 -0.0012491 0.999951 0.00985344 -0.231919 0.0246824 -0.00981958 0.999647 13.4618 
0.999682 0.00055158 -0.0252309 -0.504966 -0.000236964 0.999922 0.0124691 -0.237584 0.0252358 -0.0124591 0.999604 14.2609 
0.999676 -0.00151693 -0.025403 -0.53641 0.00180643 0.999934 0.0113757 -0.235748 0.0253841 -0.0114179 0.999613 15.0729 
0.999691 -0.00187012 -0.0247957 -0.572583 0.0020933 0.999958 0.00897594 -0.236433 0.0247779 -0.00902503 0.999652 15.895 
0.999709 0.000831015 -0.0241295 -0.615898 -0.000702163 0.999986 0.0053463 -0.236605 0.0241335 -0.00532776 0.999695 16.7378 
0.999733 -0.00209699 -0.0230026 -0.653106 0.00209189 0.999998 -0.000247759 -0.242832 0.023003 0.000199617 0.999735 17.6032 
0.999736 -0.0051748 -0.0223801 -0.682713 0.00503214 0.999967 -0.00642776 -0.254562 0.0224126 0.00631349 0.999729 18.4751 
0.999761 -0.00448372 -0.0213805 -0.71906 0.00423251 0.999922 -0.0117826 -0.26524 0.0214316 0.0116894 0.999702 19.373 
0.999769 -0.00340425 -0.0212286 -0.759428 0.00313169 0.999912 -0.0128615 -0.279292 0.0212705 0.0127921 0.999692 20.2876 
0.999757 -0.00344423 -0.0217653 -0.792302 0.00317427 0.999918 -0.0124273 -0.296284 0.0218063 0.0123553 0.999686 21.2217 
0.999755 -0.00174151 -0.0220898 -0.827898 0.00143473 0.999902 -0.013898 -0.319644 0.0221118 0.0138629 0.999659 22.1665 
0.999758 0.00137133 -0.0219398 -0.867413 -0.00172357 0.99987 -0.0160462 -0.343782 0.0219149 0.0160802 0.999631 23.1238 
0.999738 0.0046698 -0.0224071 -0.909826 -0.00504682 0.999846 -0.0168008 -0.367525 0.0223252 0.0169095 0.999608 24.0965 
0.999724 0.00626739 -0.022622 -0.949831 -0.00664814 0.999837 -0.0167972 -0.392182 0.022513 0.016943 0.999603 25.0746 
0.99971 0.00685817 -0.0230739 -0.989912 -0.00725176 0.999829 -0.0170195 -0.420876 0.0229532 0.0171819 0.999589 26.0572 
0.999704 0.00676196 -0.0233839 -1.0281 -0.00715883 0.999831 -0.0169319 -0.44702 0.0232654 0.0170943 0.999583 27.0508 
0.999686 0.00758568 -0.0238836 -1.073 -0.00796263 0.999845 -0.0157294 -0.478024 0.0237605 0.0159147 0.999591 28.0571 
0.999665 0.00804065 -0.0246204 -1.11098 -0.00838325 0.999869 -0.0138454 -0.507299 0.0245058 0.0140472 0.999601 29.0733 
0.999652 0.00873765 -0.0248766 -1.16142 -0.00905543 0.999878 -0.0126918 -0.537089 0.0247626 0.0129127 0.99961 30.086 
0.999652 0.00863684 -0.0249244 -1.20941 -0.0089775 0.999867 -0.0135899 -0.568174 0.0248037 0.0138089 0.999597 31.1094 
0.999626 0.00961762 -0.0255916 -1.25266 -0.00999197 0.999844 -0.0145421 -0.595603 0.0254477 0.0147925 0.999567 32.1446 
0.999622 0.00948086 -0.0258273 -1.30219 -0.00984337 0.999854 -0.013947 -0.620115 0.0256912 0.014196 0.999569 33.1886 
0.999601 0.00903022 -0.0267468 -1.34536 -0.00933082 0.999894 -0.0111368 -0.649885 0.0266434 0.0113819 0.99958 34.2421 
0.999589 0.00943823 -0.0270797 -1.39541 -0.00964698 0.999925 -0.0075901 -0.673873 0.027006 0.00784826 0.999605 35.2964 
0.999571 0.00961319 -0.0276748 -1.4459 -0.00975823 0.999939 -0.0051122 -0.69837 0.0276239 0.00538011 0.999604 36.3652 
0.99956 0.00964839 -0.0280568 -1.49593 -0.00978672 0.999941 -0.00479851 -0.720327 0.0280088 0.00507102 0.999595 37.4366 
0.99954 0.00954182 -0.028795 -1.54453 -0.009735 0.999931 -0.00657763 -0.737814 0.0287302 0.00685497 0.999564 38.5092 
0.99951 0.0100108 -0.0296474 -1.59974 -0.0102345 0.99992 -0.00740237 -0.758344 0.0295708 0.00770222 0.999533 39.5923 
0.999486 0.00987775 -0.0304837 -1.65106 -0.0100758 0.999929 -0.00634992 -0.778981 0.0304188 0.00665385 0.999515 40.682 
0.999458 0.00965685 -0.031477 -1.70128 -0.0097958 0.999943 -0.00426447 -0.803987 0.031434 0.00457055 0.999495 41.7797 
0.99943 0.0101591 -0.0321984 -1.75408 -0.0102257 0.999946 -0.00190577 -0.82379 0.0321773 0.00223397 0.99948 42.874 
0.999411 0.0112723 -0.0324152 -1.81638 -0.0113538 0.999933 -0.00233113 -0.844484 0.0323867 0.00269783 0.999472 43.9608 
0.999389 0.0123534 -0.0326913 -1.87425 -0.0125554 0.999903 -0.00598355 -0.870276 0.0326142 0.00639039 0.999448 45.0403 
0.999374 0.0135502 -0.0326724 -1.93411 -0.0138913 0.999851 -0.0102371 -0.893879 0.0325287 0.0106846 0.999414 46.1253 
0.999368 0.0140452 -0.0326446 -1.99005 -0.0143955 0.999841 -0.0105245 -0.922949 0.0324916 0.0109879 0.999412 47.2111 
0.999359 0.0144756 -0.0327321 -2.04411 -0.0147469 0.999859 -0.00806309 -0.948698 0.0326107 0.00854066 0.999432 48.3018 
0.999362 0.0154202 -0.0322115 -2.10768 -0.0156267 0.999859 -0.00617172 -0.973443 0.0321118 0.00667119 0.999462 49.3798 
0.999383 0.013761 -0.0323291 -2.15715 -0.0139166 0.999893 -0.00459676 -1.00185 0.0322623 0.00504387 0.999467 50.4748 
0.999383 0.0141928 -0.0321297 -2.21038 -0.0143828 0.99988 -0.0056897 -1.02609 0.0320451 0.00614835 0.999468 51.5593 
0.9994 0.0133699 -0.0319592 -2.26249 -0.0136125 0.99988 -0.00738785 -1.05214 0.0318566 0.0078185 0.999462 52.6511 
0.999417 0.0133505 -0.0314111 -2.31743 -0.0136594 0.99986 -0.0096424 -1.07858 0.0312779 0.0100659 0.99946 53.7418 
0.999439 0.0118684 -0.0313092 -2.36754 -0.0122468 0.999854 -0.0119226 -1.11202 0.0311631 0.0122994 0.999439 54.8338 
0.999458 0.0103751 -0.0312371 -2.41858 -0.0108518 0.999827 -0.0151338 -1.14438 0.0310747 0.0154646 0.999397 55.927 
0.999482 0.00871634 -0.0309724 -2.47132 -0.0092423 0.999815 -0.0168806 -1.17704 0.0308195 0.0171581 0.999378 57.0229 
0.999499 0.00689416 -0.0308988 -2.5184 -0.0073579 0.999862 -0.0149212 -1.20691 0.0307916 0.0151411 0.999411 58.111 
0.999507 0.00554048 -0.0309021 -2.5674 -0.00582225 0.999942 -0.00903699 -1.23723 0.0308502 0.0092125 0.999482 59.2072 
0.99951 0.00445614 -0.0309763 -2.61628 -0.00454792 0.999986 -0.00289463 -1.26506 0.0309629 0.00303413 0.999516 60.3118 
0.999513 0.00278706 -0.0310682 -2.66601 -0.00285263 0.999994 -0.00206779 -1.28812 0.0310622 0.00215545 0.999515 61.4107 
0.999514 -0.000803579 -0.0311765 -2.71057 0.000650311 0.999988 -0.00492731 -1.3115 0.03118 0.00490468 0.999502 62.5062 
0.999497 -0.00239232 -0.0316104 -2.75818 0.00212788 0.999963 -0.00839786 -1.32997 0.0316293 0.00832642 0.999465 63.5957 
0.999489 -0.000675163 -0.0319555 -2.81124 0.000280886 0.999924 -0.0123425 -1.36058 0.0319614 0.0123272 0.999413 64.687 
0.999485 -0.000519547 -0.0320901 -2.86194 -1.69267e-05 0.99986 -0.0167165 -1.38855 0.0320942 0.0167085 0.999345 65.7779 
0.999497 0.00250167 -0.0316024 -2.91566 -0.00305598 0.999842 -0.0175051 -1.42005 0.0315536 0.0175929 0.999347 66.881 
0.999499 0.00647293 -0.0309863 -2.97432 -0.00689288 0.999886 -0.0134668 -1.46164 0.0308955 0.0136737 0.999429 67.9887 
0.999484 0.00792797 -0.0311136 -3.03114 -0.00828733 0.9999 -0.0114391 -1.49536 0.0310198 0.0116911 0.99945 69.088 
0.999484 0.00704594 -0.0313427 -3.08004 -0.00738899 0.999914 -0.010844 -1.52167 0.0312636 0.0110701 0.99945 70.1923 
0.99949 0.00547172 -0.0314604 -3.13026 -0.00579188 0.999932 -0.0100961 -1.5519 0.0314029 0.0102732 0.999454 71.296 
0.999479 0.00441657 -0.0319643 -3.17608 -0.00469731 0.999951 -0.00871453 -1.58191 0.0319242 0.00886018 0.999451 72.3928 
0.999475 0.0030198 -0.0322659 -3.23145 -0.00323931 0.999972 -0.00675453 -1.60921 0.0322445 0.00685554 0.999457 73.4898 
0.999443 0.00185076 -0.0333328 -3.27747 -0.00201992 0.999985 -0.00504317 -1.63778 0.0333229 0.00510773 0.999432 74.5881 
0.999414 0.00062281 -0.0342172 -3.32753 -0.000840448 0.99998 -0.00634772 -1.66474 0.0342125 0.0063728 0.999394 75.6803 
0.999381 0.000887179 -0.0351562 -3.38192 -0.00124473 0.999948 -0.010151 -1.6934 0.0351453 0.0101885 0.99933 76.7738 
0.999345 0.00101973 -0.0361786 -3.43666 -0.00146801 0.999922 -0.0123677 -1.72284 0.0361631 0.0124127 0.999269 77.8608 
0.999289 0.00313324 -0.0375719 -3.48846 -0.00353577 0.999937 -0.010653 -1.75491 0.0375361 0.0107783 0.999237 78.945 
0.999262 0.00391165 -0.0382053 -3.55279 -0.00416244 0.99997 -0.006488 -1.7818 0.0381788 0.00664229 0.999249 80.0371 
0.999224 0.00566329 -0.0389811 -3.61653 -0.00576412 0.99998 -0.00247576 -1.80735 0.0389663 0.00269857 0.999237 81.121 
0.999175 0.00649245 -0.0400993 -3.67291 -0.00657887 0.999976 -0.00202466 -1.82998 0.0400852 0.00228684 0.999194 82.2037 
0.999132 0.00642729 -0.0411543 -3.7229 -0.00660359 0.99997 -0.00415035 -1.8516 0.0411263 0.00441856 0.999144 83.2914 
0.999092 0.00622885 -0.0421572 -3.78039 -0.0064441 0.999967 -0.00497278 -1.87424 0.0421248 0.00523998 0.999099 84.3533 
0.999068 0.00560052 -0.0427962 -3.84303 -0.00582177 0.99997 -0.00504802 -1.90287 0.0427666 0.0052925 0.999071 85.4084 
0.999051 0.00400654 -0.0433738 -3.90485 -0.00422299 0.999979 -0.00490084 -1.92775 0.0433533 0.0050794 0.999047 86.4516 
0.999036 0.00271624 -0.0438231 -3.9729 -0.00287093 0.99999 -0.00346826 -1.95196 0.0438132 0.00359077 0.999033 87.4717 
0.999015 0.00265802 -0.0442856 -4.04093 -0.00269172 0.999996 -0.000702313 -1.97899 0.0442835 0.000820869 0.999019 88.4744 
0.998973 0.00200898 -0.0452624 -4.10308 -0.00200426 0.999998 0.000148776 -2.00199 0.0452625 -5.78627e-05 0.998975 89.4475 
0.998881 0.0012543 -0.0472745 -4.17025 -0.00123826 0.999999 0.000367772 -2.02368 0.0472749 -0.00030878 0.998882 90.4139 
0.998721 4.73664e-05 -0.0505585 -4.22767 -7.34462e-05 1 -0.000514793 -2.04888 0.0505585 0.000517892 0.998721 91.3562 
0.998543 0.000244226 -0.0539534 -4.29572 -0.000319002 0.999999 -0.00137811 -2.07345 0.0539529 0.00139336 0.998543 92.2753 
0.998366 -1.01479e-05 -0.0571452 -4.36252 -5.32955e-05 0.999999 -0.00110941 -2.09589 0.0571452 0.00111069 0.998365 93.1714 
0.998228 0.00114087 -0.0594872 -4.4416 -0.00113887 0.999999 6.67377e-05 -2.11886 0.0594872 1.17223e-06 0.998229 94.0423 
0.998043 0.00225854 -0.062484 -4.51201 -0.0021931 0.999997 0.00111535 -2.14092 0.0624863 -0.000976095 0.998045 94.8842 
0.997854 0.00332754 -0.0653997 -4.58315 -0.00316056 0.999992 0.00265602 -2.15876 0.065408 -0.00244357 0.997856 95.7029 
0.997687 0.00460813 -0.0678162 -4.66103 -0.00437612 0.999984 0.00356872 -2.17877 0.0678315 -0.00326365 0.997691 96.4876 
0.997521 0.00710166 -0.0700173 -4.73731 -0.00684969 0.999969 0.00383765 -2.19412 0.0700423 -0.0033485 0.997538 97.2563 
0.997332 0.00888904 -0.0724621 -4.81428 -0.00872109 0.999959 0.00263327 -2.21291 0.0724825 -0.00199425 0.997368 97.9883 
0.997147 0.00977937 -0.0748483 -4.88478 -0.00989119 0.99995 -0.00112404 -2.23186 0.0748335 0.00186122 0.997194 98.6951 
0.996937 0.0124264 -0.0772161 -4.95603 -0.0128465 0.999905 -0.00494706 -2.24679 0.0771473 0.00592391 0.997002 99.3674 
0.996766 0.0142864 -0.0790744 -5.0253 -0.0149449 0.999858 -0.00774258 -2.26171 0.0789526 0.00889934 0.996839 100.026 
0.996688 0.0164405 -0.0796378 -5.09628 -0.0171918 0.999814 -0.00875748 -2.28099 0.079479 0.0100976 0.996785 100.645 
0.996702 0.0188412 -0.0789256 -5.15532 -0.0195659 0.999773 -0.00841863 -2.29752 0.0787491 0.00993516 0.996845 101.241 
0.996839 0.0228116 -0.0761088 -5.2126 -0.023412 0.999701 -0.00700531 -2.31518 0.0759262 0.00876507 0.997075 101.812 
0.99719 0.0254196 -0.0704753 -5.26519 -0.0258781 0.999649 -0.00560189 -2.33304 0.0703082 0.00740996 0.997498 102.364 
0.997667 0.0261779 -0.0630483 -5.30671 -0.0264757 0.999642 -0.00389232 -2.34354 0.0629238 0.00555253 0.998003 102.891 
0.998236 0.0260416 -0.0533538 -5.33813 -0.0261587 0.999657 -0.00149726 -2.35561 0.0532964 0.00289032 0.998575 103.392 
0.998806 0.0257413 -0.0415262 -5.35889 -0.0257788 0.999668 -0.000367374 -2.36757 0.0415029 0.00143747 0.999137 103.873 
0.999289 0.0249497 -0.0282557 -5.36889 -0.0249642 0.999688 -0.000161869 -2.383 0.0282428 0.000867179 0.999601 104.328 
0.999612 0.0246229 -0.0130536 -5.37139 -0.0246378 0.999696 -0.000983703 -2.39503 0.0130254 0.00130497 0.999914 104.764 
0.999724 0.023044 0.00468584 -5.35857 -0.0230256 0.999727 -0.00394408 -2.4094 -0.0047755 0.00383514 0.999981 105.184 
0.999413 0.0223631 0.0259419 -5.33826 -0.0221466 0.999718 -0.00860491 -2.42238 -0.026127 0.00802538 0.999626 105.594 
0.998509 0.0205933 0.0505626 -5.30637 -0.0199264 0.999708 -0.0136579 -2.42976 -0.0508291 0.0126301 0.998628 105.996 
0.996807 0.0180972 0.0777659 -5.2599 -0.0168723 0.999724 -0.0163787 -2.4427 -0.0780409 0.0150144 0.996837 106.391 
0.994038 0.0150752 0.107985 -5.20497 -0.0132823 0.999762 -0.0173024 -2.46066 -0.10822 0.015765 0.994002 106.773 
0.989963 0.0128214 0.140744 -5.12885 -0.0102194 0.999764 -0.0191946 -2.4734 -0.140956 0.0175637 0.98986 107.149 
0.984224 0.0104215 0.176618 -5.03986 -0.00687925 0.999763 -0.0206564 -2.48961 -0.176791 0.0191156 0.984063 107.513 
0.976552 0.0073173 0.215157 -4.93309 -0.00282821 0.999772 -0.0211645 -2.50242 -0.215263 0.0200597 0.97635 107.869 
0.966781 0.00511885 0.255557 -4.81831 0.000493248 0.99976 -0.0218912 -2.51835 -0.255607 0.0212901 0.966546 108.213 
0.954611 0.00587166 0.297799 -4.69643 0.000862484 0.999747 -0.0224764 -2.53974 -0.297856 0.0217131 0.954364 108.544 
0.939435 0.00815973 0.342631 -4.56328 -0.000267626 0.999734 -0.0230746 -2.55255 -0.342728 0.0215854 0.939187 108.863 
0.92184 0.00803542 0.387488 -4.40739 0.000379284 0.999766 -0.0216345 -2.56728 -0.387571 0.0200906 0.921621 109.17 
0.901546 0.00741582 0.432619 -4.2393 0.00148175 0.999794 -0.0202259 -2.58164 -0.43268 0.0188757 0.90135 109.468 
0.878432 0.00596693 0.477831 -4.05508 0.00430501 0.999783 -0.0203989 -2.59781 -0.477849 0.0199762 0.878215 109.749 
0.853104 0.00652691 0.521701 -3.86071 0.00594159 0.999735 -0.0222233 -2.61494 -0.521708 0.0220585 0.852839 110.018 
0.825159 0.00870766 0.564833 -3.65222 0.0067144 0.999659 -0.02522 -2.63285 -0.56486 0.0246031 0.82482 110.285 
0.794121 0.0134764 0.607611 -3.43206 0.00552218 0.999553 -0.0293866 -2.64882 -0.607735 0.0266918 0.793691 110.542 
0.759744 0.0199747 0.649915 -3.19824 0.00237422 0.999436 -0.0334924 -2.65769 -0.650218 0.0269887 0.759268 110.791 
0.721837 0.0246366 0.691624 -2.94493 0.000109318 0.999362 -0.0357127 -2.67419 -0.692063 0.0258544 0.721374 111.032 
0.681903 0.0249491 0.731017 -2.66763 0.00238907 0.999337 -0.0363352 -2.68936 -0.731439 0.0265235 0.681391 111.257 
0.640073 0.0223901 0.767988 -2.36784 0.00657834 0.999379 -0.0346187 -2.70401 -0.768286 0.0272106 0.639529 111.472 
0.595328 0.0206194 0.803219 -2.05751 0.00801844 0.999468 -0.0316004 -2.71549 -0.803443 0.0252532 0.594846 111.67 
0.54821 0.0193282 0.836118 -1.73499 0.00914857 0.999535 -0.0291042 -2.72426 -0.836291 0.0236045 0.547778 111.853 
0.499495 0.0166474 0.866157 -1.39215 0.0111435 0.999609 -0.0256385 -2.7401 -0.866245 0.0224584 0.499114 112.024 
0.448077 0.0130348 0.8939 -1.03855 0.0137497 0.999675 -0.0214693 -2.75246 -0.893889 0.0219107 0.447752 112.172 
0.395703 0.0132269 0.918283 -0.686111 0.0112382 0.999752 -0.0192431 -2.76991 -0.91831 0.0179344 0.395456 112.303 
0.344005 0.0181984 0.938792 -0.321302 0.00755301 0.999726 -0.0221473 -2.78485 -0.938938 0.0147095 0.343773 112.419 
0.293204 0.0232234 0.955768 0.0547217 0.00706122 0.999625 -0.0264552 -2.79641 -0.956024 0.0145057 0.29293 112.511 
0.246209 0.0252667 0.968887 0.447539 0.00829721 0.999569 -0.0281752 -2.81256 -0.969181 0.0149761 0.245893 112.584 
0.204656 0.0248237 0.978519 0.852387 0.0155392 0.99947 -0.0286052 -2.82996 -0.978711 0.0210597 0.204162 112.638 
0.16932 0.0247269 0.985251 1.27977 0.0228391 0.999318 -0.0290049 -2.84303 -0.985297 0.0274134 0.16864 112.683 
0.138852 0.0260164 0.989971 1.72348 0.0273663 0.999172 -0.0300965 -2.85475 -0.989935 0.0312708 0.138025 112.724 
0.110447 0.0248872 0.99357 2.19643 0.0249245 0.999303 -0.0278014 -2.86821 -0.993569 0.0278348 0.10975 112.777 
0.0850123 0.02131 0.996152 2.68226 0.0188457 0.999558 -0.0229911 -2.88445 -0.996202 0.0207277 0.0845731 112.819 
0.0611314 0.0174878 0.997977 3.18111 0.0136764 0.999738 -0.0183564 -2.90111 -0.998036 0.0147709 0.0608762 112.85 
0.0384473 0.0151093 0.999146 3.69873 0.0178731 0.999715 -0.0158056 -2.91953 -0.999101 0.0184656 0.0381663 112.858 
0.0184448 0.0157117 0.999706 4.24195 0.0259362 0.999533 -0.0161875 -2.93777 -0.999493 0.0262271 0.0180287 112.851 
0.000998685 0.0180803 0.999836 4.78839 0.0307741 0.999362 -0.0181024 -2.95488 -0.999526 0.0307872 0.000441643 112.844 
-0.0140599 0.0230504 0.999635 5.32885 0.0308203 0.999269 -0.0226084 -2.97892 -0.999426 0.0304911 -0.01476 112.844 
-0.024782 0.0275681 0.999313 5.9228 0.0282198 0.999241 -0.0268662 -2.99363 -0.999295 0.0275346 -0.0255411 112.836 
-0.0311369 0.0274337 0.999139 6.5397 0.0307175 0.999177 -0.0264774 -3.00748 -0.999043 0.0298666 -0.031954 112.818 
-0.0340074 0.0242052 0.999128 7.1782 0.0369106 0.999055 -0.0229471 -3.02935 -0.99874 0.0360981 -0.0348687 112.8 
-0.0332922 0.0226307 0.999189 7.83933 0.0383278 0.999037 -0.0213502 -3.04776 -0.998711 0.037586 -0.0341275 112.779 
-0.031396 0.022237 0.99926 8.52832 0.0371138 0.999089 -0.0210671 -3.07028 -0.998818 0.0364249 -0.0321927 112.776 
-0.0300332 0.0226541 0.999292 9.2222 0.0335544 0.999203 -0.0216436 -3.09257 -0.998986 0.0328806 -0.0307693 112.779 
-0.0288205 0.0240008 0.999296 9.93975 0.0326252 0.999202 -0.0230575 -3.11178 -0.999052 0.0319377 -0.0295805 112.775 
-0.027873 0.0246093 0.999309 10.6697 0.0325354 0.99919 -0.0236989 -3.13737 -0.999082 0.0318523 -0.0286511 112.77 
-0.0269238 0.0241536 0.999346 11.4255 0.0319934 0.999217 -0.0232885 -3.16369 -0.999125 0.0313455 -0.0276755 112.761 
-0.0262886 0.0227606 0.999395 12.1904 0.0309563 0.99928 -0.0219436 -3.19269 -0.999175 0.0303607 -0.0269742 112.762 
-0.0257957 0.0216187 0.999433 12.9701 0.0318222 0.999277 -0.0207939 -3.21555 -0.999161 0.0312678 -0.026465 112.756 
-0.026412 0.0192657 0.999466 13.7468 0.0323369 0.999308 -0.0184081 -3.24172 -0.999128 0.0318334 -0.0270167 112.749 
-0.0272948 0.0177012 0.999471 14.5471 0.0300842 0.999405 -0.0168784 -3.26619 -0.999175 0.0296075 -0.027811 112.737 
-0.0287534 0.016638 0.999448 15.3419 0.0290035 0.999454 -0.0158036 -3.28887 -0.999166 0.0285331 -0.0292202 112.735 
-0.0299356 0.0141308 0.999452 16.1569 0.0314829 0.999417 -0.0131873 -3.30938 -0.999056 0.0310709 -0.030363 112.723 
-0.0310231 0.0125314 0.99944 16.9766 0.0329268 0.999392 -0.0115087 -3.33049 -0.998976 0.0325513 -0.0314168 112.708 
-0.0324915 0.0118009 0.999402 17.8101 0.0303062 0.999482 -0.0108165 -3.35437 -0.999012 0.0299366 -0.0328323 112.694 
-0.0331844 0.0164083 0.999315 18.6396 0.0277715 0.999494 -0.015489 -3.37915 -0.999063 0.0272385 -0.0336233 112.68 
-0.0339854 0.0211888 0.999198 19.4705 0.0289825 0.999376 -0.0202067 -3.40081 -0.999002 0.0282725 -0.0345783 112.662 
-0.0348369 0.0228137 0.999133 20.3096 0.0293061 0.999333 -0.0217964 -3.42782 -0.998963 0.0285214 -0.0354822 112.644 
-0.0364679 0.0206911 0.999121 21.1522 0.0258702 0.99947 -0.019754 -3.45541 -0.999 0.0251271 -0.0369839 112.636 
-0.037664 0.0165587 0.999153 22.0053 0.022911 0.999614 -0.0157027 -3.48462 -0.999028 0.0223002 -0.0380289 112.626 
-0.0377934 0.011186 0.999223 22.8538 0.0214127 0.999717 -0.0103816 -3.5134 -0.999056 0.0210037 -0.0380222 112.609 
-0.0381996 0.00564693 0.999254 23.7111 0.0178271 0.999829 -0.00496864 -3.5345 -0.999111 0.017624 -0.0382937 112.599 
-0.0384763 0.00420185 0.999251 24.569 0.0153668 0.999875 -0.00361274 -3.56191 -0.999141 0.0152163 -0.0385361 112.593 
-0.0376774 0.0111288 0.999228 25.4119 0.0179682 0.999784 -0.0104574 -3.58807 -0.999128 0.0175603 -0.0378692 112.575 
-0.0365595 0.0223127 0.999082 26.2424 0.0203302 0.99956 -0.0215794 -3.61167 -0.999125 0.0195226 -0.0369971 112.556 
-0.0363038 0.0274841 0.998963 27.0853 0.0218619 0.999404 -0.0267017 -3.63667 -0.999102 0.0208699 -0.036883 112.542 
-0.0350035 0.0217162 0.999151 27.927 0.0234319 0.999507 -0.020903 -3.66825 -0.999112 0.0226803 -0.0354951 112.526 
-0.0339053 0.0138953 0.999328 28.7705 0.0264274 0.999566 -0.0130019 -3.69952 -0.999076 0.0259688 -0.0342578 112.506 
-0.03343 0.0110081 0.99938 29.6029 0.0276564 0.999567 -0.010085 -3.72586 -0.999058 0.0273021 -0.03372 112.49 
-0.0337133 0.0116465 0.999364 30.4273 0.0262884 0.999597 -0.0107624 -3.75149 -0.999086 0.0259088 -0.0340059 112.481 
-0.0344765 0.0123873 0.999329 31.2494 0.0229832 0.999669 -0.0115985 -3.77666 -0.999141 0.0225679 -0.0347498 112.471 
-0.0358622 0.0125894 0.999277 32.0615 0.0210229 0.999709 -0.0118403 -3.80157 -0.999136 0.0205831 -0.0361165 112.446 
-0.0378696 0.0124851 0.999205 32.8732 0.0204709 0.999722 -0.0117157 -3.82767 -0.999073 0.020011 -0.0381146 112.428 
-0.0396709 0.0129639 0.999129 33.6928 0.0197579 0.999731 -0.0121871 -3.85256 -0.999017 0.0192572 -0.0399164 112.407 
-0.0417404 0.0132483 0.999041 34.5005 0.0178286 0.999763 -0.012513 -3.87712 -0.998969 0.0172892 -0.0419667 112.391 
-0.0437553 0.0123937 0.998965 35.3007 0.0158493 0.999806 -0.0117098 -3.90054 -0.998917 0.0153205 -0.0439432 112.375 
-0.0458475 0.0113848 0.998884 36.1039 0.0165252 0.999807 -0.0106368 -3.92542 -0.998812 0.016019 -0.0460268 112.355 
-0.0473862 0.0116694 0.998809 36.8929 0.0164476 0.999805 -0.0109007 -3.94756 -0.998741 0.0159115 -0.0475689 112.328 
-0.0492516 0.0127461 0.998705 37.6804 0.0165 0.999793 -0.0119462 -3.97311 -0.99865 0.0158903 -0.0494517 112.307 
-0.0499868 0.0127322 0.998669 38.4616 0.0168075 0.999788 -0.0119052 -4.00138 -0.998608 0.01619 -0.0501902 112.277 
-0.0511449 0.0114973 0.998625 39.2426 0.0184441 0.999774 -0.0105659 -4.02578 -0.998521 0.0178783 -0.0513454 112.249 
-0.0525638 0.010748 0.99856 40.0219 0.0185115 0.999781 -0.00978671 -4.0505 -0.998446 0.0179704 -0.0527513 112.224 
-0.0542205 0.0103897 0.998475 40.7957 0.0172533 0.999806 -0.00946656 -4.07488 -0.99838 0.0167137 -0.0543893 112.205 
-0.0554213 0.00932371 0.99842 41.5521 0.0152565 0.999848 -0.00849013 -4.09833 -0.998347 0.0147618 -0.0555551 112.181 
-0.0561699 0.00810835 0.998388 42.299 0.0141633 0.999873 -0.00732353 -4.12028 -0.998321 0.0137292 -0.0562776 112.158 
-0.0572426 0.00793609 0.998329 43.0231 0.0143605 0.999872 -0.0071249 -4.14235 -0.998257 0.0139286 -0.0573492 112.137 
-0.0573994 0.0102829 0.998298 43.7309 0.0145118 0.99985 -0.00946441 -4.16642 -0.998246 0.0139439 -0.05754 112.11 
-0.0571809 0.0128632 0.998281 44.4303 0.0142423 0.999826 -0.0120673 -4.19155 -0.998262 0.0135278 -0.0573541 112.083 
-0.0573044 0.0145923 0.99825 45.1286 0.0124045 0.999826 -0.0139032 -4.21317 -0.99828 0.0115861 -0.0574755 112.059 
-0.0572889 0.0153063 0.99824 45.823 0.0130185 0.999809 -0.0145832 -4.23854 -0.998273 0.0121602 -0.0574772 112.03 
-0.0568947 0.0153631 0.998262 46.5194 0.0145191 0.999789 -0.014559 -4.25972 -0.998275 0.0136656 -0.0571057 111.996 
-0.056745 0.0150202 0.998276 47.2102 0.0159122 0.999773 -0.0141382 -4.28043 -0.998262 0.0150825 -0.0569711 111.965 
-0.057 0.0151689 0.998259 47.8965 0.0119956 0.999823 -0.0145077 -4.30402 -0.998302 0.0111478 -0.0571719 111.944 
-0.0564111 0.0152412 0.998291 48.5741 0.00984077 0.999843 -0.0147087 -4.33167 -0.998359 0.00899422 -0.0565523 111.919 
-0.0563551 0.0139623 0.998313 49.2696 0.0119847 0.99984 -0.0133071 -4.35568 -0.998339 0.0112145 -0.0565134 111.894 
-0.0572047 0.0134523 0.998272 49.9435 0.012065 0.999846 -0.012782 -4.37411 -0.99829 0.0113129 -0.0573582 111.863 
-0.0607129 0.0130853 0.99807 50.6225 0.00939118 0.999877 -0.0125376 -4.39684 -0.998111 0.00861185 -0.0608283 111.839 
-0.0660456 0.0126844 0.997736 51.3078 0.0056133 0.999908 -0.0123404 -4.42173 -0.997801 0.00478556 -0.0661107 111.816 
-0.0716981 0.0164065 0.997291 51.9809 0.00916918 0.999833 -0.0157891 -4.44159 -0.997384 0.00801229 -0.0718365 111.775 
-0.0783476 0.0196476 0.996733 52.6585 0.0115456 0.999757 -0.0187996 -4.4558 -0.996859 0.010035 -0.0785554 111.73 
-0.0854371 0.0212211 0.996118 53.3317 0.0111926 0.999731 -0.020338 -4.47831 -0.996281 0.00941157 -0.0856516 111.681 
-0.0915697 0.020305 0.995592 54.0112 0.00727131 0.999779 -0.0197216 -4.50363 -0.995772 0.00543336 -0.0916971 111.633 
-0.0968531 0.0193489 0.995111 54.6963 0.00735101 0.999798 -0.0187245 -4.52632 -0.995272 0.00550154 -0.0969757 111.579 
-0.101539 0.0200815 0.994629 55.3875 0.00492658 0.999794 -0.0196828 -4.54718 -0.994819 0.00290154 -0.101617 111.523 
-0.10539 0.0193875 0.994242 56.0865 0.00286105 0.999812 -0.0191928 -4.57025 -0.994427 0.000821836 -0.105426 111.465 
-0.107613 0.0165091 0.994056 56.7913 0.00364656 0.999862 -0.0162107 -4.58789 -0.994186 0.00188039 -0.107659 111.397 
-0.109437 0.0136094 0.993901 57.5047 0.00602441 0.999897 -0.0130281 -4.60682 -0.993975 0.00456189 -0.109508 111.33 
-0.110574 0.0109003 0.993808 58.2263 0.00587981 0.99993 -0.0103132 -4.62623 -0.993851 0.00470303 -0.11063 111.263 
-0.111722 0.0107793 0.993681 58.9523 0.00506258 0.999934 -0.0102779 -4.6442 -0.993727 0.00388232 -0.111769 111.198 
-0.111765 0.0146721 0.993626 59.6807 0.00714693 0.999877 -0.0139605 -4.66212 -0.993709 0.00554108 -0.111857 111.126 
-0.11148 0.0190055 0.993585 60.42 0.0131322 0.999758 -0.0176501 -4.68093 -0.99368 0.0110803 -0.111703 111.045 
-0.112028 0.0234909 0.993427 61.1666 0.020389 0.999564 -0.0213367 -4.70945 -0.993496 0.0178647 -0.112458 110.965 
-0.11235 0.0250949 0.993352 61.9127 0.0215265 0.999508 -0.0228157 -4.72884 -0.993436 0.0188201 -0.112835 110.888 
-0.112465 0.0229038 0.993392 62.6619 0.0196499 0.99959 -0.020822 -4.75507 -0.993461 0.0171783 -0.112869 110.818 
-0.112068 0.0178519 0.99354 63.4173 0.0198784 0.999679 -0.0157199 -4.78372 -0.993502 0.0179883 -0.112387 110.744 
-0.111677 0.0158095 0.993619 64.166 0.0221121 0.999665 -0.0134204 -4.81012 -0.993499 0.0204722 -0.11199 110.665 
-0.112348 0.0153917 0.99355 64.9133 0.0222559 0.999668 -0.0129698 -4.83671 -0.99342 0.0206552 -0.112654 110.591 
-0.114033 0.0164592 0.993341 65.6596 0.0210491 0.999678 -0.0141478 -4.85877 -0.993254 0.0192957 -0.114343 110.52 
-0.115866 0.0171887 0.993116 66.4053 0.0204173 0.99968 -0.0149202 -4.88248 -0.993055 0.018548 -0.116179 110.443 
-0.117786 0.0173867 0.992887 67.1517 0.0217078 0.999653 -0.01493 -4.90751 -0.992802 0.0197949 -0.118123 110.366 
-0.119615 0.0175377 0.992666 67.8977 0.0218634 0.999648 -0.0150266 -4.93067 -0.99258 0.0199056 -0.119956 110.29 
-0.121476 0.0174224 0.992442 68.6414 0.0223363 0.999641 -0.0148147 -4.95384 -0.992343 0.0203678 -0.121821 110.211 
-0.123002 0.0179705 0.992244 69.3932 0.0202842 0.999673 -0.0155905 -4.97465 -0.992199 0.0182092 -0.123326 110.134 
-0.123866 0.0194995 0.992107 70.1428 0.020663 0.999641 -0.0170677 -5.00033 -0.992084 0.0183858 -0.124224 110.054 
-0.124799 0.0198141 0.991984 70.9145 0.0193499 0.999659 -0.017533 -5.02513 -0.991993 0.0170067 -0.12514 109.972 
-0.126113 0.0202469 0.991809 71.6884 0.0193681 0.999651 -0.0179442 -5.04798 -0.991827 0.0169465 -0.126461 109.892 
-0.127344 0.0187507 0.991681 72.4725 0.0197886 0.99967 -0.0163606 -5.0684 -0.991661 0.0175406 -0.127673 109.814 
-0.128377 0.016673 0.991585 73.262 0.0172351 0.999745 -0.0145788 -5.09058 -0.991576 0.0152185 -0.128632 109.731 
-0.13029 0.0148092 0.991365 74.0589 0.0145397 0.99981 -0.0130244 -5.11167 -0.991369 0.0127172 -0.13048 109.65 
-0.132575 0.0141459 0.991072 74.8507 0.015559 0.999805 -0.0121892 -5.13458 -0.991051 0.0138041 -0.13277 109.56 
-0.134203 0.0144772 0.990848 75.6429 0.0169622 0.99978 -0.0123102 -5.16466 -0.990809 0.0151549 -0.134419 109.465 
-0.136562 0.0159006 0.990504 76.4454 0.0164992 0.999769 -0.0137745 -5.18525 -0.990494 0.0144614 -0.136792 109.374 
-0.138146 0.0198151 0.990214 77.26 0.0181159 0.999683 -0.0174772 -5.20569 -0.990246 0.0155242 -0.138461 109.279 
-0.138552 0.0236117 0.990074 78.0681 0.0197268 0.999583 -0.0210778 -5.23469 -0.990159 0.0166106 -0.13896 109.176 
-0.139593 0.027604 0.989824 78.8865 0.0210961 0.999467 -0.0248978 -5.26297 -0.989984 0.0174058 -0.140101 109.076 
-0.139416 0.0286665 0.989819 79.7199 0.0231526 0.999402 -0.0256829 -5.29404 -0.989963 0.0193363 -0.139997 108.974 
-0.13874 0.0280974 0.98993 80.5556 0.0268911 0.999336 -0.0245955 -5.32633 -0.989964 0.0232079 -0.139404 108.867 
-0.138642 0.0261188 0.989998 81.3968 0.0274046 0.999371 -0.0225282 -5.35937 -0.989963 0.0240071 -0.13927 108.764 
-0.13817 0.02482 0.990098 82.2452 0.0269045 0.999411 -0.0212989 -5.38693 -0.990043 0.0236952 -0.138756 108.666 
-0.136517 0.0224823 0.990383 83.0945 0.0258859 0.999482 -0.0191206 -5.41692 -0.990299 0.0230266 -0.137028 108.571 
-0.134608 0.01936 0.99071 83.9493 0.026613 0.999519 -0.0159162 -5.4459 -0.990541 0.0242233 -0.135059 108.467 
-0.133141 0.0161423 0.990966 84.8113 0.0271064 0.999553 -0.0126402 -5.47033 -0.990726 0.0251786 -0.133519 108.371 
-0.131258 0.0161602 0.991217 85.6852 0.0253987 0.999594 -0.0129334 -5.4947 -0.991023 0.023478 -0.131615 108.272 
-0.129901 0.0203701 0.991318 86.5471 0.026659 0.999499 -0.0170448 -5.52635 -0.991169 0.0242134 -0.130379 108.178 
-0.127929 0.0267168 0.991423 87.3973 0.02694 0.999362 -0.0234545 -5.55193 -0.991417 0.0237084 -0.128567 108.085 
-0.12648 0.0301766 0.99151 88.2614 0.024983 0.999317 -0.0272273 -5.5823 -0.991655 0.0213272 -0.127148 107.994 
-0.125105 0.0276586 0.991758 89.1204 0.0235049 0.999413 -0.024907 -5.61995 -0.991865 0.0201952 -0.125682 107.904 
-0.123724 0.025279 0.991995 89.99 0.0245595 0.999447 -0.0224058 -5.65545 -0.992013 0.0215908 -0.124276 107.812 
-0.122924 0.0235149 0.992138 90.8502 0.0252927 0.999469 -0.0205549 -5.69094 -0.992094 0.0225671 -0.123453 107.718 
-0.121994 0.0236039 0.99225 91.7275 0.0248705 0.999476 -0.020718 -5.71682 -0.992219 0.0221503 -0.122517 107.625 
-0.121436 0.0235932 0.992319 92.5988 0.0245326 0.999483 -0.0207613 -5.75276 -0.992296 0.0218229 -0.121952 107.534 
-0.120419 0.0220424 0.992478 93.474 0.0273425 0.999448 -0.0188796 -5.78069 -0.992347 0.0248634 -0.120955 107.438 
-0.118992 0.021348 0.992666 94.3482 0.0301069 0.999387 -0.0178836 -5.81426 -0.992439 0.0277581 -0.119562 107.34 
-0.117736 0.0228712 0.992782 95.2109 0.0324071 0.999291 -0.0191779 -5.84255 -0.992516 0.0299152 -0.118394 107.242 
-0.116846 0.0250459 0.992834 96.0921 0.0327844 0.999234 -0.0213489 -5.87486 -0.992609 0.030055 -0.117578 107.152 
-0.115601 0.0266749 0.992938 96.9581 0.0303424 0.999268 -0.0233124 -5.90761 -0.992832 0.0274332 -0.116326 107.059 
-0.114747 0.0225774 0.993138 97.8252 0.0253637 0.999482 -0.0197911 -5.94251 -0.993071 0.0229187 -0.11526 106.977 
-0.114689 0.0205777 0.993188 98.6876 0.0207061 0.999618 -0.0183198 -5.977 -0.993186 0.018464 -0.115071 106.899 
-0.115285 0.0210055 0.99311 99.5464 0.0179036 0.999658 -0.0190656 -6.01639 -0.993171 0.0155822 -0.115622 106.813 
-0.116081 0.0258508 0.992903 100.392 0.0146672 0.999597 -0.0243103 -6.04621 -0.993131 0.0117412 -0.116413 106.729 
-0.116896 0.0282545 0.992742 101.235 0.0141288 0.999541 -0.0267843 -6.08337 -0.993044 0.0108953 -0.117242 106.645 
-0.11707 0.0286705 0.99271 102.07 0.0149756 0.999521 -0.0271011 -6.12049 -0.993011 0.0116937 -0.117443 106.558 
-0.117427 0.0280431 0.992686 102.899 0.0165478 0.999518 -0.0262786 -6.16118 -0.992944 0.013341 -0.117834 106.474 
-0.117756 0.0286875 0.992628 103.725 0.0179763 0.99948 -0.0267529 -6.19967 -0.99288 0.0146935 -0.118211 106.388 
-0.117973 0.0321232 0.992497 104.55 0.0195651 0.999358 -0.0300197 -6.23754 -0.992824 0.0158767 -0.118526 106.299 
-0.118481 0.0333629 0.992396 105.366 0.0192651 0.999325 -0.0312958 -6.27767 -0.992769 0.0154107 -0.119043 106.215 
-0.119335 0.0336049 0.992285 106.178 0.0175132 0.999343 -0.0317377 -6.31762 -0.9927 0.0135907 -0.119845 106.131 
-0.121454 0.0325278 0.992064 106.983 0.0159686 0.999398 -0.0308133 -6.35755 -0.992469 0.0120994 -0.121901 106.05 
-0.124528 0.0336994 0.991644 107.788 0.0160228 0.999361 -0.0319495 -6.40114 -0.992087 0.0119103 -0.124988 105.965 
-0.127787 0.0362538 0.991139 108.583 0.0157011 0.99928 -0.0345272 -6.44497 -0.991677 0.0111498 -0.128264 105.88 
-0.131191 0.0373979 0.990652 109.369 0.0137165 0.999261 -0.0359064 -6.48852 -0.991262 0.00887773 -0.131607 105.796 
-0.134665 0.0374185 0.990184 110.155 0.0138328 0.99926 -0.0358802 -6.53089 -0.990795 0.00886526 -0.135083 105.709 
-0.137546 0.036172 0.989835 110.937 0.0152819 0.999292 -0.0343939 -6.57351 -0.990377 0.0103958 -0.138002 105.613 
-0.139869 0.0370926 0.989475 111.711 0.0170957 0.99924 -0.035042 -6.61626 -0.990022 0.0120144 -0.140397 105.512 
-0.141793 0.0413588 0.989032 112.482 0.012361 0.999123 -0.0400086 -6.66383 -0.989819 0.00655248 -0.14218 105.421 
-0.143483 0.0483127 0.988473 113.25 0.0102961 0.998827 -0.0473241 -6.71269 -0.989599 0.00338717 -0.143812 105.327 
-0.145933 0.0514704 0.987955 114.019 0.01445 0.99865 -0.0498931 -6.75263 -0.989189 0.00699495 -0.146479 105.22 
-0.148516 0.0496066 0.987665 114.791 0.0168459 0.998723 -0.0476288 -6.79808 -0.988767 0.00956444 -0.149162 105.111 
-0.151721 0.0419381 0.987533 115.568 0.0150283 0.999082 -0.0401196 -6.84689 -0.988309 0.00875398 -0.152212 105.008 
-0.154143 0.0396859 0.987251 116.34 0.0138142 0.999182 -0.0380086 -6.89795 -0.987952 0.00777934 -0.154565 104.907 
-0.155591 0.0425693 0.986904 117.1 0.0133268 0.999071 -0.040993 -6.94145 -0.987732 0.00677407 -0.156014 104.795 
-0.158283 0.0459704 0.986323 117.855 0.0108351 0.998936 -0.0448194 -6.98459 -0.987334 0.00359279 -0.158613 104.69 
-0.160882 0.0485147 0.985781 118.598 0.0102351 0.99882 -0.047486 -7.03179 -0.986921 0.00244996 -0.161188 104.584 
-0.162479 0.0526463 0.985307 119.337 0.0144662 0.998595 -0.0509708 -7.0836 -0.986606 0.00597196 -0.163012 104.469 
-0.164203 0.0573329 0.984759 120.076 0.0147974 0.99834 -0.0556562 -7.13174 -0.986316 0.00543299 -0.164779 104.354 
-0.166903 0.0596358 0.984168 120.816 0.0143533 0.99821 -0.0580525 -7.18057 -0.985869 0.00443686 -0.167461 104.243 
-0.169226 0.0575753 0.983894 121.563 0.0155335 0.998324 -0.055748 -7.22819 -0.985455 0.00584925 -0.169837 104.131 
-0.173156 0.0538403 0.983422 122.306 0.01959 0.998495 -0.0512162 -7.28609 -0.9847 0.0103969 -0.17395 104.011 
-0.178823 0.0526274 0.982473 123.045 0.0220228 0.998532 -0.0494792 -7.33494 -0.983635 0.0127888 -0.17972 103.886 
-0.185068 0.0509814 0.981402 123.777 0.0207622 0.998633 -0.0479612 -7.38875 -0.982506 0.0115 -0.185874 103.762 
-0.193373 0.0515812 0.979769 124.511 0.0198083 0.998619 -0.048664 -7.43415 -0.980925 0.00999724 -0.194127 103.629 
-0.203947 0.0523291 0.977582 125.236 0.0191401 0.998593 -0.0494606 -7.47823 -0.978795 0.00862371 -0.204662 103.49 
-0.215654 0.0534369 0.975007 125.956 0.0197878 0.998536 -0.0503497 -7.52458 -0.976269 0.00843511 -0.216395 103.335 
-0.22844 0.0540598 0.972056 126.67 0.021173 0.998497 -0.0505544 -7.57412 -0.973328 0.00903266 -0.229242 103.18 
-0.23997 0.0541974 0.969266 127.376 0.0243645 0.998462 -0.0497977 -7.61992 -0.970475 0.0116657 -0.240921 103.006 
-0.250985 0.0542579 0.966469 128.079 0.0278414 0.998419 -0.0488214 -7.6674 -0.967591 0.0146544 -0.252099 102.825 
-0.261197 0.0540929 0.963769 128.779 0.0317344 0.99837 -0.0474343 -7.71552 -0.964764 0.0181949 -0.262488 102.64 
-0.270072 0.0545645 0.961293 129.473 0.0375247 0.998231 -0.0461187 -7.76303 -0.962109 0.0236169 -0.271641 102.447 
-0.277686 0.054638 0.959117 130.163 0.0429476 0.998089 -0.0444238 -7.80912 -0.959711 0.0288559 -0.279502 102.249 
-0.28411 0.0548992 0.957219 130.859 0.0431973 0.998079 -0.0444213 -7.85424 -0.957818 0.0287287 -0.285935 102.054 
-0.288821 0.0529146 0.95592 131.544 0.047072 0.998049 -0.0410243 -7.89745 -0.956225 0.0331483 -0.290749 101.853 
-0.290759 0.0502487 0.955476 132.229 0.0533528 0.997918 -0.036245 -7.93686 -0.955308 0.0404387 -0.292835 101.645 
-0.291857 0.0488924 0.955212 132.902 0.0593802 0.997692 -0.0329236 -7.97251 -0.954617 0.0471117 -0.294086 101.441 
-0.292576 0.0475048 0.955062 133.573 0.0619946 0.997606 -0.0306293 -8.01319 -0.95423 0.0502472 -0.294821 101.239 
-0.292105 0.0528867 0.954923 134.233 0.0645433 0.997284 -0.0354893 -8.05061 -0.954206 0.0512673 -0.294725 101.045 
-0.290764 0.056209 0.955142 134.899 0.0640425 0.997178 -0.0391869 -8.086 -0.954649 0.0497756 -0.293543 100.854 
-0.290114 0.0563016 0.955335 135.559 0.0658652 0.997075 -0.0387597 -8.11968 -0.954723 0.0516785 -0.292974 100.665 
-0.288196 0.0546198 0.956012 136.215 0.0668948 0.997081 -0.0368003 -8.15868 -0.955232 0.0533466 -0.291009 100.474 
-0.286206 0.0517522 0.956769 136.87 0.0692541 0.997046 -0.0332141 -8.20062 -0.955662 0.0567541 -0.288945 100.283 
-0.284903 0.0523189 0.957128 137.517 0.0698144 0.99699 -0.0337166 -8.23914 -0.956011 0.0572154 -0.287698 100.099 
-0.282323 0.0548269 0.957751 138.16 0.0709895 0.996822 -0.0361374 -8.27339 -0.956689 0.0577879 -0.285318 99.9189 
-0.278126 0.0566002 0.958876 138.796 0.0722081 0.99667 -0.0378868 -8.30767 -0.957827 0.0587013 -0.281287 99.7448 
-0.272644 0.055674 0.960503 139.431 0.0732453 0.996628 -0.0369769 -8.34469 -0.959323 0.0602708 -0.275802 99.5739 
-0.26708 0.0539584 0.962163 140.063 0.0747315 0.996584 -0.0351446 -8.38157 -0.960772 0.0625175 -0.2702 99.4059 
-0.262495 0.0521121 0.963525 140.687 0.0741093 0.99668 -0.0337155 -8.41759 -0.962083 0.0625561 -0.265485 99.2477 
-0.258196 0.0510051 0.964745 141.308 0.0744485 0.996686 -0.032769 -8.45619 -0.96322 0.063363 -0.261138 99.0892 
-0.254369 0.0494659 0.965842 141.935 0.0750873 0.996687 -0.0312702 -8.49114 -0.964188 0.0645683 -0.25724 98.9383 
-0.250481 0.0480251 0.96693 142.549 0.0785285 0.996486 -0.0291504 -8.5207 -0.964931 0.0686299 -0.253372 98.7861 
-0.24669 0.0465225 0.967977 143.156 0.080488 0.99638 -0.027375 -8.54971 -0.965746 0.0711574 -0.249542 98.6379 
-0.24332 0.0448552 0.968908 143.762 0.0785131 0.996563 -0.0264185 -8.58564 -0.966763 0.0696438 -0.246005 98.4988 
-0.239577 0.046043 0.969785 144.362 0.0760508 0.996696 -0.0285329 -8.61743 -0.967894 0.0669171 -0.242287 98.3658 
-0.234895 0.0492766 0.970771 144.949 0.0774143 0.99649 -0.0318504 -8.65167 -0.968933 0.06767 -0.237885 98.2328 
-0.229187 0.052521 0.971964 145.534 0.0791431 0.996243 -0.0351711 -8.68139 -0.97016 0.0688635 -0.232483 98.1032 
-0.222296 0.0532093 0.973526 146.12 0.0781022 0.996273 -0.0366185 -8.71548 -0.971846 0.0678944 -0.225623 97.981 
-0.213822 0.0514523 0.975517 146.712 0.0747789 0.996544 -0.0361707 -8.75011 -0.974006 0.065214 -0.216931 97.8699 
