1 2.12261e-08 -2.11895e-08 0 2.12261e-08 1 2.10703e-08 0 -2.11895e-08 2.10703e-08 1 0 
0.999997 0.000871528 0.00215811 -0.0289444 -0.000868938 0.999999 -0.00118076 -0.0139698 -0.00215918 0.00117893 0.999997 1.22952 
0.999993 0.00108754 0.00358738 -0.0464175 -0.0010846 0.999999 -0.00081064 -0.02996 -0.0035883 0.000806786 0.999993 2.44179 
0.999989 0.000636848 0.0045945 -0.0639995 -0.000634735 1 -0.000451995 -0.0532069 -0.00459482 0.000449116 0.999989 3.6545 
0.999989 0.000117504 0.00478946 -0.0729487 -0.0001146 1 -0.000597738 -0.0699829 -0.00478958 0.000597224 0.999988 4.85902 
0.999985 8.29896e-05 0.00550267 -0.0856361 -8.1805e-05 1 -0.000207766 -0.0941872 -0.00550273 0.000207355 0.999985 6.06665 
0.99998 0.000583379 0.00627908 -0.101286 -0.000575857 0.999999 -0.00119278 -0.117783 -0.00627982 0.00118918 0.99998 7.27632 
0.999978 0.00019442 0.0066239 -0.109327 -0.000185178 0.999999 -0.00138932 -0.144785 -0.0066242 0.0013881 0.999977 8.48242 
0.99998 -0.000368328 0.00632164 -0.110818 0.000368959 1 -9.19196e-05 -0.162482 -0.00632165 9.42922e-05 0.99998 9.71493 
0.999988 -0.00103795 0.00479485 -0.122796 0.0010345 0.999999 0.000731507 -0.184935 -0.00479565 -0.000726496 0.999988 10.9229 
0.999995 -0.00204115 0.0023022 -0.132431 0.00204128 0.999998 -3.64847e-05 -0.199428 -0.00230217 4.12261e-05 0.999997 12.1287 
0.999998 -0.00165543 0.000640992 -0.164531 0.00165587 0.999998 -0.000627825 -0.219968 -0.000639994 0.000628927 1 13.3212 
0.999999 -0.00141002 -0.00050332 -0.194246 0.00140975 0.999999 -0.000613402 -0.244458 0.000504142 0.000612734 1 14.5357 
0.999998 -0.000372865 -0.00181801 -0.21365 0.000371161 1 -0.000960583 -0.262397 0.00181833 0.000959949 0.999998 15.7412 
0.999996 -0.00116479 -0.00261662 -0.239611 0.00116209 0.999999 -0.00104655 -0.286126 0.00261779 0.00104355 0.999996 16.9476 
0.999995 -0.00152515 -0.00291267 -0.272712 0.00152336 0.999999 -0.000631503 -0.304834 0.00291358 0.000627105 0.999996 18.1629 
0.999992 -0.00208571 -0.00332711 -0.302802 0.00208391 0.999998 -0.000557796 -0.325879 0.00332823 0.000550901 0.999994 19.374 
0.999991 -0.00201831 -0.00378122 -0.333163 0.00201253 0.999997 -0.00154459 -0.350045 0.00378428 0.00153701 0.999992 20.5937 
0.999987 -0.00190892 -0.00473637 -0.342322 0.00189771 0.999995 -0.00237909 -0.36889 0.00474085 0.00237012 0.999986 21.8298 
0.999985 -0.000943363 -0.00544195 -0.376387 0.000932882 0.999998 -0.00193603 -0.390617 0.00544372 0.00193096 0.999983 23.0733 
0.99998 -0.00111181 -0.00617389 -0.410232 0.00109879 0.999997 -0.00211979 -0.416414 0.00617619 0.002113 0.999979 24.2862 
0.999975 -0.00115845 -0.00697613 -0.444938 0.00113872 0.999995 -0.00283683 -0.439082 0.00697934 0.00282885 0.999972 25.4956 
0.999968 -0.00122928 -0.00794364 -0.475505 0.00121139 0.999997 -0.00226167 -0.462914 0.00794636 0.00225202 0.999966 26.6998 
0.99996 -0.00228901 -0.00859946 -0.507056 0.00228395 0.999997 -0.000603472 -0.482038 0.00860077 0.00058385 0.999963 27.9072 
0.999947 -0.00272028 -0.00993305 -0.529473 0.00271325 0.999996 -0.000725271 -0.503893 0.00993495 0.000698324 0.99995 29.1282 
0.99993 -0.00347984 -0.011276 -0.549973 0.00346115 0.999993 -0.00168098 -0.525177 0.0112817 0.00164188 0.999935 30.3489 
0.999916 -0.00407855 -0.0122845 -0.584627 0.00404779 0.999989 -0.00253099 -0.553689 0.0122946 0.00248109 0.999921 31.5614 
0.999906 -0.00358756 -0.0132111 -0.617615 0.00355713 0.999991 -0.00232905 -0.582144 0.0132193 0.00228188 0.99991 32.764 
0.999897 -0.00426439 -0.0137109 -0.657008 0.00424012 0.999989 -0.00180148 -0.609078 0.0137184 0.0017432 0.999904 33.9596 
0.999887 -0.00439157 -0.0143998 -0.697588 0.00437072 0.999989 -0.00148171 -0.633126 0.0144061 0.00141864 0.999895 35.1708 
0.999877 -0.00483696 -0.0149466 -0.73903 0.00481352 0.999987 -0.00160672 -0.656628 0.0149542 0.00153462 0.999887 36.3718 
0.999864 -0.00521455 -0.0156246 -0.778373 0.00519141 0.999985 -0.00152437 -0.683264 0.0156322 0.00144309 0.999877 37.5824 
0.999858 -0.00589126 -0.0157624 -0.815273 0.00587497 0.999982 -0.00108169 -0.701678 0.0157685 0.000988972 0.999875 38.8017 
0.999869 -0.00559824 -0.0152044 -0.873189 0.00559549 0.999984 -0.000226274 -0.715502 0.0152054 0.000141211 0.999884 40.0274 
0.999869 -0.00528615 -0.0152775 -0.909996 0.00529814 0.999986 0.000741491 -0.743297 0.0152733 -0.000822294 0.999883 41.2503 
0.999873 -0.00465963 -0.0152428 -0.95104 0.0046639 0.999989 0.000241938 -0.765393 0.0152415 -0.000312955 0.999884 42.4749 
0.999891 -0.00333601 -0.0144066 -1.00723 0.00334052 0.999994 0.000286182 -0.786752 0.0144055 -0.000334234 0.999896 43.7017 
0.999903 -0.000679688 -0.0139188 -1.04662 0.000707622 0.999998 0.0019991 -0.806094 0.0139174 -0.00200871 0.999901 44.9345 
0.999921 -0.000838452 -0.0125333 -1.08291 0.000900438 0.999987 0.00493747 -0.822848 0.012529 -0.00494832 0.999909 46.1463 
0.999942 -0.000374341 -0.0107942 -1.11804 0.00045854 0.99997 0.00779508 -0.840153 0.0107909 -0.00779953 0.999911 47.3603 
0.999959 0.000788354 -0.00898648 -1.15469 -0.000690354 0.99994 0.0108985 -0.845108 0.0089945 -0.0108918 0.9999 48.578 
0.999971 -0.000199384 -0.00764244 -1.18631 0.000292227 0.999926 0.0121437 -0.854277 0.00763941 -0.0121455 0.999897 49.7974 
0.999976 -0.00201837 -0.00657981 -1.20521 0.00208774 0.999942 0.0105467 -0.858101 0.0065581 -0.0105602 0.999923 51.0109 
0.999984 -0.000862257 -0.00557624 -1.23111 0.000910311 0.999963 0.0086133 -0.86162 0.00556856 -0.00861819 0.999947 52.2228 
0.999987 -0.00060443 -0.00502663 -1.2561 0.000644299 0.999968 0.0079254 -0.868536 0.00502164 -0.00792849 0.999956 53.4429 
0.999987 -0.00124089 -0.00495568 -1.28052 0.00127821 0.999971 0.00752729 -0.883937 0.00494615 -0.00753349 0.999959 54.6532 
0.999982 -0.00184093 -0.00573411 -1.31326 0.0018776 0.999978 0.00639035 -0.899093 0.00572217 -0.00640096 0.999963 55.8636 
0.999973 -0.00143264 -0.00721937 -1.34663 0.00148145 0.999976 0.00675417 -0.911309 0.00720948 -0.00676464 0.999951 57.0707 
0.999963 -0.00145605 -0.00849446 -1.38302 0.00152443 0.999967 0.00804419 -0.922055 0.00848242 -0.0080568 0.999932 58.2892 
0.999954 -0.00120494 -0.00954213 -1.41745 0.00128409 0.999965 0.00828795 -0.934885 0.00953177 -0.00829978 0.99992 59.5006 
0.999946 -0.000509327 -0.0103736 -1.45401 0.000592525 0.999968 0.0080146 -0.948404 0.0103691 -0.00802027 0.999914 60.709 
0.999946 -0.00024492 -0.0104102 -1.49687 0.000327023 0.999969 0.00788177 -0.964195 0.0104079 -0.00788471 0.999915 61.935 
0.999945 -0.00100448 -0.010427 -1.53362 0.00108331 0.999971 0.00755342 -0.980558 0.010419 -0.00756426 0.999917 63.1443 
0.999941 -0.00214488 -0.010686 -1.56643 0.00221492 0.999976 0.00654295 -0.994101 0.0106717 -0.00656618 0.999922 64.3542 
0.999934 -0.00195579 -0.0113073 -1.59782 0.00204578 0.999966 0.0079485 -1.00946 0.0112913 -0.00797106 0.999905 65.5612 
0.99993 -0.00235283 -0.0116365 -1.63314 0.0024641 0.999951 0.00955394 -1.02699 0.0116135 -0.00958189 0.999887 66.7728 
0.99993 -0.00164756 -0.0117203 -1.66798 0.00173965 0.999968 0.0078476 -1.03955 0.011707 -0.00786739 0.999901 67.9908 
0.999936 -0.00031273 -0.0113462 -1.71478 0.000390368 0.999977 0.0068374 -1.05476 0.0113438 -0.00684134 0.999912 69.1948 
0.999938 0.00219995 -0.0109065 -1.75946 -0.00212354 0.999973 0.00700797 -1.06593 0.0109216 -0.00698434 0.999916 70.4071 
0.99994 0.00412409 -0.0101912 -1.80671 -0.0040515 0.999966 0.0071293 -1.07893 0.0102202 -0.00708754 0.999923 71.6123 
0.999935 0.00566866 -0.00990943 -1.84468 -0.00559572 0.999957 0.00736893 -1.09006 0.00995074 -0.00731295 0.999924 72.8177 
0.999941 0.00646155 -0.00877651 -1.88099 -0.0063891 0.999946 0.00825361 -1.10256 0.00882932 -0.00819701 0.999927 73.9952 
0.999945 0.0081897 -0.00658088 -1.91878 -0.00813138 0.999928 0.00883374 -1.11277 0.00665271 -0.0087797 0.999939 75.1855 
0.999971 0.00664326 -0.00381871 -1.94793 -0.0066178 0.999956 0.00663082 -1.12839 0.00386255 -0.00660531 0.999971 76.3782 
0.999992 0.00384415 -0.00111836 -1.9696 -0.003842 0.999991 0.00187546 -1.14689 0.00112552 -0.0018711 0.999998 77.5603 
0.999986 0.00526836 0.00103924 -1.98819 -0.00526954 0.999985 0.00117398 -1.16023 -0.00103309 -0.0011794 0.999999 78.742 
0.999985 0.00390484 0.00387721 -2.00548 -0.00392351 0.999981 0.00482872 -1.17934 -0.00385832 -0.00484382 0.999981 79.9207 
0.999964 0.00442388 0.0072786 -2.01989 -0.00446849 0.999971 0.00613121 -1.1962 -0.00725131 -0.00616347 0.999955 81.0997 
0.999918 0.00487562 0.0118242 -2.03131 -0.00492587 0.999979 0.00422811 -1.20968 -0.0118033 -0.00428596 0.999921 82.2689 
0.999862 0.00406891 0.0161036 -2.04268 -0.00409412 0.99999 0.00153545 -1.2314 -0.0160972 -0.00160112 0.999869 83.4223 
0.999791 0.00334166 0.0201728 -2.04642 -0.0033019 0.999993 -0.00200176 -1.25145 -0.0201793 0.00193478 0.999795 84.5719 
0.999714 0.00232171 0.0237992 -2.03489 -0.0022572 0.999994 -0.00273527 -1.27802 -0.0238054 0.00268081 0.999713 85.7256 
0.999611 0.0020895 0.0278071 -2.0302 -0.00206333 0.999997 -0.000968278 -1.30457 -0.0278091 0.000910567 0.999613 86.8667 
0.99949 0.00334357 0.0317467 -2.01835 -0.00333168 0.999994 -0.000426106 -1.32769 -0.0317479 0.000320161 0.999496 88.0272 
0.999344 0.00301474 0.0361017 -2.01041 -0.00291467 0.999992 -0.00282282 -1.34554 -0.03611 0.00271578 0.999344 89.2009 
0.999207 0.00262694 0.0397248 -1.98893 -0.00242563 0.999984 -0.00511395 -1.37136 -0.0397376 0.00501358 0.999198 90.3615 
0.999064 0.00307006 0.0431492 -1.9652 -0.00283445 0.999981 -0.0055194 -1.39589 -0.0431653 0.00539197 0.999053 91.5223 
0.998943 0.00153209 0.0459448 -1.93084 -0.00133418 0.99999 -0.00433689 -1.42007 -0.045951 0.00427105 0.998935 92.6849 
0.998832 0.000783806 0.0483173 -1.88981 -0.000642187 0.999995 -0.00294556 -1.44087 -0.0483194 0.00291113 0.998828 93.8488 
0.998702 5.78324e-05 0.0509263 -1.84843 -3.68215e-06 0.999999 -0.00106254 -1.46582 -0.0509264 0.00106102 0.998702 95.0223 
0.998589 -0.00171197 0.0530747 -1.80411 0.00171268 0.999999 3.29323e-05 -1.48688 -0.0530747 5.80554e-05 0.998591 96.1909 
0.998441 -0.00219963 0.0557707 -1.76922 0.00232671 0.999995 -0.00221317 -1.50627 -0.0557656 0.00233952 0.998441 97.377 
0.998292 -0.00326068 0.0583289 -1.72788 0.00364162 0.999973 -0.00642498 -1.5138 -0.0583064 0.00662646 0.998277 98.5827 
0.998174 -0.0022495 0.0603607 -1.68112 0.00280764 0.999954 -0.00916289 -1.53905 -0.0603373 0.00931568 0.998135 99.7673 
0.998092 -0.00207004 0.0617169 -1.62596 0.00270107 0.999945 -0.0101421 -1.561 -0.0616925 0.0102895 0.998042 100.95 
0.998052 -0.00144389 0.0623704 -1.58039 0.00205922 0.99995 -0.00980193 -1.58255 -0.0623532 0.00991131 0.998005 102.105 
0.998085 -0.00118377 0.0618462 -1.5363 0.00169513 0.999965 -0.00821569 -1.60304 -0.0618344 0.00830484 0.998052 103.331 
0.998152 -0.00201094 0.0607376 -1.49261 0.00242245 0.999975 -0.00670166 -1.63154 -0.0607227 0.00683645 0.998131 104.542 
0.998262 -0.00163207 0.0589018 -1.44833 0.0019782 0.999981 -0.00581771 -1.66053 -0.0588912 0.00592416 0.998247 105.755 
0.998374 -0.00132869 0.0569916 -1.41767 0.00163809 0.999984 -0.00538169 -1.68611 -0.0569836 0.00546634 0.99836 106.999 
0.998542 -0.000780814 0.0539756 -1.37317 0.0010718 0.999985 -0.00536158 -1.71207 -0.0539707 0.00541166 0.998528 108.226 
0.998733 0.000967638 0.0503169 -1.33857 -0.000661928 0.999981 -0.00609112 -1.73345 -0.0503219 0.00605013 0.998715 109.452 
0.998921 0.00110318 0.0464402 -1.30503 -0.000850915 0.999985 -0.00545048 -1.76407 -0.0464455 0.00540512 0.998906 110.671 
0.999093 0.00182513 0.0425477 -1.27868 -0.00162765 0.999988 -0.00467466 -1.78684 -0.0425557 0.0046012 0.999084 111.897 
0.999263 0.0020826 0.0383212 -1.25056 -0.00194398 0.999991 -0.00365288 -1.81638 -0.0383285 0.00357574 0.999259 113.13 
0.999412 0.00196844 0.0342455 -1.24507 -0.00187002 0.999994 -0.00290429 -1.84998 -0.034251 0.00283859 0.999409 114.395 
0.999553 0.00274361 0.02976 -1.24322 -0.00265648 0.999992 -0.00296553 -1.87552 -0.0297679 0.00288519 0.999553 115.658 
0.999684 0.00356856 0.0248901 -1.24206 -0.00349548 0.999989 -0.00297763 -1.89899 -0.0249005 0.00288973 0.999686 116.902 
0.999792 0.00366726 0.0200407 -1.24376 -0.00360364 0.999988 -0.00320757 -1.92679 -0.0200522 0.00313473 0.999794 118.153 
0.99987 0.00478966 0.0154125 -1.25552 -0.00473263 0.999982 -0.00373172 -1.95261 -0.0154302 0.00365834 0.999874 119.403 
0.999911 0.00662007 0.0116125 -1.26151 -0.00657687 0.999971 -0.00375014 -1.97823 -0.0116371 0.00367347 0.999926 120.646 
0.999918 0.00850953 0.0096071 -1.28813 -0.00847425 0.999957 -0.00370216 -2.00108 -0.00963823 0.00362048 0.999947 121.937 
0.999913 0.00979653 0.00879407 -1.31124 -0.00975978 0.999944 -0.00420679 -2.0215 -0.00883482 0.00412064 0.999953 123.184 
0.999895 0.0119588 0.00816668 -1.33072 -0.0119258 0.999921 -0.00406795 -2.04825 -0.00821472 0.00397017 0.999958 124.449 
0.999886 0.0132846 0.00718861 -1.34185 -0.013262 0.999907 -0.00317295 -2.0721 -0.00723014 0.00307729 0.999969 125.704 
0.999885 0.0135605 0.00685134 -1.3607 -0.0135419 0.999905 -0.00273657 -2.09848 -0.00688784 0.00264351 0.999973 126.969 
0.999835 0.0172548 0.00569182 -1.38032 -0.0172498 0.999851 -0.000917943 -2.11789 -0.00570685 0.00081965 0.999983 128.232 
0.999828 0.0177748 0.00521713 -1.40392 -0.0177861 0.99984 0.00213753 -2.13258 -0.00517834 -0.00222991 0.999984 129.51 
0.999847 0.0168597 0.00463325 -1.42526 -0.0168682 0.999856 0.00181558 -2.15042 -0.00460202 -0.00189342 0.999988 130.778 
0.999851 0.0167376 0.00414804 -1.44318 -0.0167389 0.99986 0.000279964 -2.16773 -0.00414282 -0.000349314 0.999991 132.062 
0.999893 0.0141187 0.0037479 -1.47263 -0.0141234 0.9999 0.0012584 -2.18692 -0.0037298 -0.00131116 0.999992 133.361 
0.999924 0.0119101 0.00315972 -1.50482 -0.0119202 0.999924 0.00321591 -2.20481 -0.00312122 -0.00325329 0.99999 134.666 
0.999962 0.00838116 0.0024841 -1.51726 -0.00839346 0.999952 0.00500359 -2.21737 -0.00244209 -0.00502421 0.999984 135.952 
0.999979 0.00625393 0.00192258 -1.53357 -0.00626537 0.999962 0.00602392 -2.23086 -0.00188487 -0.00603579 0.99998 137.221 
0.999995 0.00211712 0.00241393 -1.55496 -0.00212691 0.999989 0.00407483 -2.24504 -0.00240532 -0.0040799 0.999989 138.494 
0.999997 -0.000742665 0.00235659 -1.57296 0.000735989 0.999996 0.00285022 -2.25744 -0.00235874 -0.00284843 0.999993 139.768 
0.999994 -0.00216158 0.0025354 -1.58945 0.00215478 0.999994 0.00269961 -2.27541 -0.00254126 -0.00269408 0.999993 141.036 
0.999993 -0.00203545 0.00301446 -1.60994 0.00202638 0.999993 0.0030235 -2.29325 -0.00302064 -0.00301733 0.999991 142.316 
0.999993 -0.00128916 0.00350057 -1.63095 0.00127202 0.999987 0.00490615 -2.30898 -0.00350689 -0.00490162 0.999982 143.604 
0.99999 0.000620544 0.00442849 -1.65265 -0.000648263 0.99998 0.00627017 -2.32325 -0.00442455 -0.00627294 0.999971 144.902 
0.999985 0.000840346 0.00535349 -1.68372 -0.000865451 0.999989 0.00469688 -2.34803 -0.00534952 -0.0047014 0.999975 146.211 
0.999982 0.00114625 0.00585139 -1.69983 -0.00116156 0.999996 0.0026217 -2.3609 -0.00584841 -0.00262841 0.999979 147.493 
0.999978 0.0011987 0.00647832 -1.72052 -0.00119992 0.999999 0.000191121 -2.38245 -0.00647812 -0.000198849 0.999979 148.783 
0.999977 -1.84743e-05 0.0067933 -1.73499 4.54269e-05 0.999992 -0.00396111 -2.40425 -0.00679322 0.00396137 0.999969 150.075 
0.999974 8.03561e-05 0.00723109 -1.7523 -2.50258e-05 0.999971 -0.00764556 -2.43207 -0.00723154 0.00764523 0.999945 151.365 
0.999973 9.19319e-06 0.00741252 -1.7666 5.65822e-05 0.999961 -0.00886751 -2.46094 -0.00741236 0.00886773 0.999933 152.654 
0.999972 -0.00026869 0.00754018 -1.78601 0.000334576 0.999962 -0.00873249 -2.4946 -0.00753759 0.0087348 0.999933 153.931 
0.999974 -4.91486e-05 0.00726448 -1.80258 0.000109348 0.999966 -0.00828082 -2.52882 -0.00726386 0.00828143 0.999939 155.222 
0.999975 0.000764347 0.00704534 -1.81662 -0.000711006 0.999971 -0.00756432 -2.56015 -0.00705096 0.00755917 0.999947 156.509 
0.999976 0.00113757 0.00685654 -1.83291 -0.00108898 0.999974 -0.00708023 -2.59175 -0.00686446 0.00707264 0.999951 157.792 
0.999979 0.00142026 0.00640575 -1.85178 -0.00137352 0.999973 -0.00728771 -2.62969 -0.00641597 0.0072788 0.999953 159.051 
0.999985 0.00151148 0.00527839 -1.86056 -0.00147328 0.999973 -0.00722603 -2.65941 -0.00528921 0.00721818 0.99996 160.334 
0.99999 0.000881864 0.0044538 -1.8776 -0.000855379 0.999982 -0.00593549 -2.69419 -0.00445899 0.00593166 0.999973 161.642 
0.99999 0.00169099 0.00405832 -1.90459 -0.00166789 0.999983 -0.00567848 -2.72644 -0.0040679 0.0056717 0.999976 162.91 
0.999992 0.00188703 0.00352758 -1.92836 -0.00186431 0.999978 -0.00641935 -2.76355 -0.00353966 0.00641277 0.999973 164.191 
0.999992 0.00238475 0.00315661 -1.95498 -0.00236109 0.999969 -0.00746361 -2.79728 -0.00317435 0.00745614 0.999967 165.468 
0.999993 0.00309358 0.00214104 -1.97028 -0.00307724 0.999967 -0.00757647 -2.82951 -0.00216445 0.00756987 0.999969 166.744 
0.999996 0.00255489 0.00130848 -1.99378 -0.00254384 0.999962 -0.00834018 -2.86691 -0.00132978 0.00833686 0.999964 168.008 
0.999996 0.00286664 0.000580701 -2.01847 -0.00286102 0.999952 -0.00939601 -2.89998 -0.000607651 0.00939435 0.999956 169.29 
0.999996 0.00273962 -0.000151752 -2.04841 -0.00274082 0.999957 -0.00886397 -2.9393 0.000127419 0.00886439 0.999961 170.576 
0.999996 0.0028366 -0.000926962 -2.07393 -0.00284339 0.999968 -0.00745487 -2.9762 0.000905744 0.00745752 0.999972 171.853 
0.999995 0.00273776 -0.00158066 -2.10182 -0.00274897 0.999971 -0.00715848 -3.00891 0.00156097 0.00716283 0.999973 173.135 
0.999994 0.00222925 -0.00256347 -2.12563 -0.00224623 0.999975 -0.00665585 -3.04023 0.00254852 0.00666162 0.999975 174.387 
0.99999 0.00302286 -0.00316377 -2.16015 -0.00304349 0.999974 -0.00654723 -3.06992 0.00314386 0.00655684 0.999974 175.68 
0.999991 0.00275535 -0.00337869 -2.19617 -0.0027795 0.99997 -0.00717516 -3.10693 0.00335878 0.00718453 0.999969 176.956 
0.999985 0.00395098 -0.00388557 -2.2282 -0.00398079 0.999962 -0.00770434 -3.13839 0.00385494 0.00771973 0.999963 178.235 
0.999985 0.00369708 -0.00415701 -2.26502 -0.00372767 0.999966 -0.00738632 -3.17165 0.00412952 0.00740174 0.999964 179.52 
0.999984 0.00385138 -0.00425608 -2.29513 -0.0038881 0.999955 -0.008665 -3.20179 0.00422248 0.00868145 0.999953 180.812 
0.999987 0.00236813 -0.00449925 -2.32073 -0.002414 0.999945 -0.0102274 -3.23622 0.00447474 0.0102381 0.999938 182.097 
0.999987 0.000305772 -0.0050783 -2.33691 -0.000356315 0.99995 -0.0099632 -3.26712 0.00507496 0.00996492 0.999938 183.386 
0.999985 0.000378352 -0.00541546 -2.36931 -0.000412877 0.99998 -0.00638339 -3.29879 0.00541289 0.00638557 0.999965 184.654 
0.999985 -0.000426097 -0.00543871 -2.4035 0.000415558 0.999998 -0.00194654 -3.33108 0.00543949 0.0019443 0.999983 185.921 
0.999985 0.000518938 -0.00554289 -2.43029 -0.000533305 0.999997 -0.00259852 -3.35782 0.00554148 0.00260148 0.999981 187.179 
0.999984 0.0025968 -0.00509093 -2.46585 -0.00262675 0.999979 -0.00589414 -3.38289 0.00507547 0.00590746 0.99997 188.419 
0.999981 0.00278136 -0.00545824 -2.50326 -0.00282551 0.999963 -0.00810662 -3.41243 0.00543545 0.00812193 0.999952 189.654 
0.999983 0.00186969 -0.00554671 -2.5338 -0.00191232 0.999969 -0.00769832 -3.44864 0.0055321 0.00770884 0.999955 190.906 
0.999985 0.00173725 -0.00519876 -2.56795 -0.00177049 0.999978 -0.00640369 -3.4839 0.00518748 0.00641284 0.999966 192.138 
0.999986 0.00216353 -0.00474571 -2.59672 -0.00218428 0.999988 -0.0043795 -3.51741 0.00473613 0.00438985 0.999979 193.406 
0.999993 0.00122376 -0.00360551 -2.62537 -0.00123642 0.999993 -0.00352344 -3.54824 0.00360113 0.00352791 0.999987 194.634 
0.999997 0.00124544 -0.0021965 -2.65416 -0.00125435 0.999991 -0.00407822 -3.57749 0.00219136 0.004081 0.999989 195.879 
0.999999 -0.000543442 -0.000957568 -2.67869 0.000538097 0.999984 -0.00561764 -3.61103 0.000960564 0.00561716 0.999984 197.113 
1 -0.000807343 0.000285878 -2.697 0.000809385 0.999975 -0.0070659 -3.64468 -0.000280208 0.00706617 0.999975 198.352 
0.999997 -0.00150355 0.00193106 -2.72566 0.00151796 0.999971 -0.00746001 -3.68069 -0.00191983 0.00746296 0.99997 199.581 
0.999993 -0.000964219 0.00360695 -2.74974 0.000988763 0.999976 -0.00679704 -3.71262 -0.00360035 0.00680061 0.99997 200.808 
0.999987 -0.000978907 0.00493587 -2.76882 0.0010022 0.999988 -0.00470913 -3.75271 -0.00493125 0.00471406 0.999977 202.032 
0.999983 -6.10026e-05 0.00584356 -2.78249 8.61027e-05 0.999991 -0.00428789 -3.78026 -0.00584329 0.00428836 0.999974 203.243 
0.999977 -0.000439371 0.00680128 -2.798 0.000469803 0.99999 -0.00446716 -3.80736 -0.00679929 0.0044703 0.999967 204.47 
0.999969 -0.00038461 0.00792305 -2.81733 0.000420141 0.99999 -0.00447796 -3.83323 -0.00792129 0.00448119 0.999959 205.687 
0.999961 -0.000538365 0.00881557 -2.82414 0.000576616 0.99999 -0.00433221 -3.86262 -0.0088132 0.00433716 0.999952 206.888 
0.99995 3.91483e-05 0.00995619 -2.84361 6.73482e-06 0.999989 -0.00460413 -3.88964 -0.00995631 0.00460401 0.99994 208.084 
0.999941 -0.00023052 0.0109042 -2.85378 0.000280471 0.99999 -0.00457572 -3.91705 -0.0109031 0.00457855 0.99993 209.265 
0.999938 -0.00134343 0.0110743 -2.85285 0.00139039 0.99999 -0.00422956 -3.95365 -0.0110685 0.00424474 0.99993 210.454 
0.999938 -0.00147712 0.0110299 -2.85748 0.00151677 0.999992 -0.00358374 -3.97949 -0.0110246 0.00360029 0.999933 211.622 
0.999941 -0.00200008 0.0107125 -2.86427 0.00202819 0.999995 -0.00261024 -4.00861 -0.0107073 0.00263186 0.999939 212.763 
0.999947 -0.00199127 0.0101428 -2.8752 0.00201575 0.999995 -0.00239936 -4.0418 -0.010138 0.00241972 0.999946 213.874 
0.999953 -0.00164643 0.00955619 -2.88153 0.0016798 0.999993 -0.00347962 -4.06976 -0.00955043 0.00349555 0.999948 214.989 
0.999955 -0.00128701 0.00938789 -2.901 0.00132349 0.999992 -0.00387572 -4.10447 -0.00938286 0.00388801 0.999948 216.092 
0.999962 -0.00150111 0.00859153 -2.90919 0.00153593 0.999991 -0.00404262 -4.1322 -0.00858542 0.00405571 0.999955 217.165 
0.999973 -0.00193664 0.00712637 -2.92235 0.00196578 0.99999 -0.00407719 -4.16043 -0.00711845 0.00409112 0.999966 218.231 
0.999984 -0.00198528 0.0052239 -2.93399 0.00200278 0.999992 -0.00333842 -4.18686 -0.00521728 0.00334887 0.999981 219.281 
0.99999 -0.00352118 0.00282499 -2.94281 0.00352559 0.999993 -0.00154162 -4.21849 -0.00281959 0.0015516 0.999995 220.346 
0.999996 -0.00281346 0.000441303 -2.95674 0.0028135 0.999996 5.53875e-06 -4.24301 -0.000441359 -4.25493e-06 1 221.392 
0.999994 -0.0026479 -0.00242114 -2.96689 0.00264797 0.999997 1.07858e-05 -4.26597 0.00242106 -1.71546e-05 0.999997 222.413 
0.999983 -0.00259811 -0.00526636 -2.98256 0.00259647 0.999997 -0.000326668 -4.28987 0.00526715 0.00031303 0.999986 223.431 
0.999964 -0.00259636 -0.00804034 -3.00366 0.00259388 0.999997 -0.000323953 -4.309 0.00804111 0.000303128 0.999968 224.428 
0.999937 -0.00226709 -0.0109781 -3.03218 0.00227111 0.999997 0.000349747 -4.33339 0.0109772 -0.000374615 0.99994 225.388 
0.9999 -0.00190005 -0.0140327 -3.05956 0.00190384 0.999998 0.000253768 -4.35989 0.0140321 -0.000280416 0.999902 226.329 
0.999842 -0.00205774 -0.0176462 -3.07155 0.00205697 0.999998 -6.44257e-05 -4.3836 0.0176463 2.81603e-05 0.999844 227.28 
0.999765 -0.00202638 -0.0215759 -3.09719 0.0020128 0.999998 -0.000653168 -4.40513 0.0215772 0.000609629 0.999767 228.165 
0.999682 -0.000921493 -0.0251929 -3.13038 0.000899201 0.999999 -0.000897823 -4.42717 0.0251937 0.000874927 0.999682 229.037 
0.999601 -0.000514208 -0.0282503 -3.16778 0.000471246 0.999999 -0.00152889 -4.44784 0.028251 0.00151501 0.9996 229.881 
0.999529 0.00143031 -0.030651 -3.21213 -0.00147578 0.999998 -0.0014625 -4.47005 0.0306488 0.00150709 0.999529 230.719 
0.999518 0.00234673 -0.0309488 -3.25895 -0.00237811 0.999997 -0.000978703 -4.48907 0.0309463 0.00105187 0.999521 231.525 
0.999526 0.00258599 -0.0306893 -3.29288 -0.00258089 0.999997 0.00020437 -4.50865 0.0306896 -0.000125025 0.999529 232.322 
0.999552 0.00285871 -0.0297957 -3.33509 -0.00283417 0.999996 0.000864632 -4.52711 0.029798 -0.000779756 0.999556 233.089 
0.999561 0.00284612 -0.0295073 -3.36895 -0.00282767 0.999996 0.00066558 -4.54783 0.0295091 -0.000581808 0.999564 233.843 
0.999567 0.00353381 -0.0292083 -3.39772 -0.00357965 0.999992 -0.00151867 -4.55838 0.0292026 0.00162261 0.999572 234.595 
0.999582 0.00327604 -0.02871 -3.42914 -0.00338384 0.999987 -0.00370857 -4.57464 0.0286974 0.00380422 0.999581 235.325 
0.999611 0.00331695 -0.0276852 -3.46009 -0.00345464 0.999982 -0.00492845 -4.59489 0.0276683 0.00502222 0.999605 236.058 
0.999643 0.00375094 -0.0264731 -3.48803 -0.0038963 0.999978 -0.00544278 -4.61103 0.026452 0.00554403 0.999635 236.793 
0.999686 0.00312319 -0.0248444 -3.51432 -0.00326503 0.999979 -0.00567211 -4.62678 0.0248261 0.00575149 0.999675 237.523 
0.999731 0.00300594 -0.0229865 -3.54091 -0.00313619 0.999979 -0.00563459 -4.64432 0.022969 0.00570521 0.99972 238.25 
0.999777 0.00311714 -0.0209084 -3.57002 -0.00323959 0.999978 -0.00582719 -4.66302 0.0208897 0.00589366 0.999764 238.975 
0.999817 0.00278985 -0.0189245 -3.59156 -0.00290581 0.999977 -0.00610516 -4.68085 0.018907 0.00615908 0.999802 239.697 
0.999862 0.00297199 -0.0163438 -3.609 -0.00306702 0.999979 -0.00579525 -4.69767 0.0163261 0.00584462 0.99985 240.418 
0.999912 0.00183071 -0.0131283 -3.6243 -0.00189928 0.999985 -0.00521561 -4.71028 0.0131185 0.00524013 0.9999 241.142 
0.999947 0.000751684 -0.0102979 -3.63983 -0.000801216 0.999988 -0.00481078 -4.72922 0.0102941 0.00481882 0.999935 241.847 
0.999976 0.00115561 -0.00687154 -3.65797 -0.00119046 0.999986 -0.00507577 -4.74362 0.00686554 0.00508387 0.999964 242.543 
0.999993 0.000916623 -0.00366918 -3.6733 -0.000936329 0.999985 -0.00538441 -4.75886 0.00366414 0.00538785 0.999979 243.24 
1 0.000851871 -0.000425976 -3.68849 -0.00085413 0.999985 -0.00543416 -4.77728 0.000421298 0.00543457 0.999985 243.939 
0.999995 0.00162249 0.00257694 -3.69767 -0.00160565 0.999978 -0.00650674 -4.78813 -0.00258748 0.00650262 0.999976 244.64 
0.999982 0.00145523 0.00579073 -3.70606 -0.00141493 0.999975 -0.0069489 -4.8066 -0.00580074 0.00694062 0.999959 245.346 
0.999962 0.00106757 0.00860999 -3.71194 -0.0010177 0.999983 -0.00578893 -4.82688 -0.00861607 0.00577999 0.999946 246.057 
0.99994 0.000963262 0.0109551 -3.71675 -0.00090217 0.999984 -0.00557629 -4.84089 -0.0109603 0.00556612 0.999924 246.756 
0.999906 0.000878313 0.0136776 -3.71882 -0.000799948 0.999983 -0.0057307 -4.85746 -0.0136825 0.00571926 0.99989 247.465 
0.999868 0.00107603 0.0162388 -3.72178 -0.000954041 0.999971 -0.00751561 -4.87284 -0.0162465 0.00749916 0.99984 248.172 
0.999833 0.0016536 0.0181882 -3.72151 -0.00147618 0.999951 -0.00976152 -4.88897 -0.0182035 0.00973308 0.999787 248.883 
0.999814 0.000489805 0.01928 -3.72019 -0.000271365 0.999936 -0.0113286 -4.906 -0.0192844 0.0113213 0.99975 249.596 
0.999812 0.000892118 0.0193832 -3.71716 -0.00066154 0.999929 -0.0118968 -4.92466 -0.0193924 0.0118817 0.999741 250.316 
0.999807 2.05273e-05 0.0196507 -3.71499 0.000219521 0.999925 -0.0122113 -4.94676 -0.0196495 0.0122133 0.999732 251.041 
0.9998 0.000893309 0.0199613 -3.71354 -0.000640991 0.99992 -0.012641 -4.96717 -0.019971 0.0126257 0.999721 251.779 
0.999788 0.0017507 0.0204996 -3.71297 -0.00148345 0.999914 -0.0130426 -4.98837 -0.0205207 0.0130094 0.999705 252.519 
0.999779 0.000524899 0.0210186 -3.70856 -0.000215149 0.999891 -0.0147344 -5.01283 -0.0210241 0.0147267 0.999671 253.269 
0.999753 -0.00360708 0.0219102 -3.70936 0.00397452 0.999852 -0.0167478 -5.03647 -0.0218466 0.0168308 0.99962 254.004 
0.999709 -0.00676007 0.0231791 -3.70988 0.00716646 0.999821 -0.0174929 -5.06154 -0.0230567 0.017654 0.999578 254.783 
0.9997 -0.00384748 0.0241961 -3.72027 0.00418494 0.999895 -0.0139096 -5.07528 -0.0241401 0.0140067 0.999611 255.576 
0.999685 -0.000285511 0.0250983 -3.72946 0.000478491 0.99997 -0.00768156 -5.09871 -0.0250954 0.00769119 0.999656 256.357 
0.999654 -0.000980834 0.0262869 -3.72634 0.00109347 0.99999 -0.00426931 -5.11931 -0.0262825 0.00429662 0.999645 257.141 
0.999586 -0.00178274 0.0287311 -3.7152 0.00195002 0.999981 -0.0057935 -5.14398 -0.0287203 0.00584717 0.99957 257.933 
0.99945 -0.000665305 0.0331536 -3.7087 0.0010645 0.999927 -0.0120232 -5.15895 -0.0331432 0.012052 0.999378 258.723 
0.999314 0.00155335 0.0369914 -3.70087 -0.000971234 0.999876 -0.0157481 -5.17516 -0.0370113 0.0157014 0.999192 259.528 
0.999176 0.00316314 0.0404674 -3.68693 -0.00252676 0.999873 -0.0157662 -5.19473 -0.0405122 0.015651 0.999057 260.348 
0.999036 0.00142045 0.0438843 -3.66576 -0.000822527 0.999907 -0.0136391 -5.21642 -0.0438996 0.0135899 0.998944 261.184 
0.998882 -0.0017153 0.0472452 -3.64073 0.0022157 0.999942 -0.0105402 -5.23772 -0.0472244 0.0106331 0.998828 262.027 
0.99874 -0.00408275 0.0500253 -3.60637 0.00452894 0.999951 -0.00880833 -5.26146 -0.0499869 0.00902383 0.998709 262.877 
0.99858 -0.00420343 0.0531138 -3.57618 0.0046511 0.999955 -0.00830675 -5.28245 -0.0530765 0.00854203 0.998554 263.719 
0.99844 -0.00204395 0.0558057 -3.55166 0.00261549 0.999945 -0.0101696 -5.30895 -0.0557819 0.0102997 0.99839 264.551 
0.998319 -0.00130527 0.0579447 -3.51519 0.00203087 0.99992 -0.0124644 -5.33151 -0.0579238 0.0125612 0.998242 265.378 
0.99817 -0.000620896 0.0604713 -3.47536 0.00139609 0.999917 -0.0127771 -5.35015 -0.0604584 0.0128382 0.998088 266.239 
0.997956 8.59748e-05 0.0639124 -3.45198 0.000598888 0.999943 -0.0106957 -5.37581 -0.0639097 0.0107122 0.997898 267.096 
0.997724 0.00150171 0.0674111 -3.41207 -0.000895216 0.999959 -0.00902554 -5.40091 -0.067422 0.00894469 0.997684 267.964 
0.997474 0.001945 0.0710057 -3.38029 -0.00129792 0.999957 -0.00915743 -5.42286 -0.0710205 0.00904218 0.997434 268.819 
0.997269 0.00214492 0.0738285 -3.3362 -0.00141665 0.99995 -0.00991468 -5.43921 -0.0738461 0.00978305 0.997222 269.678 
0.997047 0.000627117 0.076792 -3.28686 0.000164197 0.999947 -0.0102973 -5.46023 -0.0767944 0.0102796 0.996994 270.525 
0.996875 -0.00229253 0.0789621 -3.23481 0.00307458 0.999947 -0.00978346 -5.48097 -0.0789355 0.00999571 0.99683 271.392 
0.996775 -0.00309231 0.0801933 -3.18787 0.00389871 0.999943 -0.00990051 -5.50275 -0.0801581 0.0101813 0.99673 272.248 
0.996694 -0.00349488 0.0811772 -3.14097 0.00432937 0.99994 -0.0101055 -5.52115 -0.081137 0.0104236 0.996648 273.102 
0.996641 -0.00332352 0.0818251 -3.0871 0.00417755 0.999939 -0.0102677 -5.5386 -0.081786 0.0105751 0.996594 273.957 
0.996641 -0.00311883 0.0818305 -3.0319 0.00391764 0.999946 -0.00960246 -5.56145 -0.0817962 0.00989084 0.9966 274.821 
0.996673 -0.00248898 0.0814638 -2.98028 0.00326315 0.999951 -0.00937083 -5.58157 -0.0814365 0.00960552 0.996632 275.691 
0.996735 -0.00262223 0.0806995 -2.93337 0.00345854 0.999942 -0.0102247 -5.60454 -0.080668 0.0104704 0.996686 276.55 
0.99686 -0.00286427 0.0791317 -2.88268 0.00376693 0.99993 -0.0112596 -5.62904 -0.0790939 0.0115224 0.996801 277.414 
0.996969 -0.00199765 0.077776 -2.83509 0.0029367 0.999924 -0.0119608 -5.65497 -0.0777463 0.012153 0.996899 278.274 
0.997107 -0.000777879 0.0760077 -2.786 0.0017378 0.99992 -0.0125634 -5.675 -0.0759919 0.0126592 0.997028 279.133 
0.997212 0.000808324 0.0746187 -2.74523 0.00014729 0.999918 -0.0127996 -5.70168 -0.074623 0.012775 0.99713 279.985 
0.997336 0.000528027 0.0729485 -2.71607 0.000336142 0.99993 -0.0118329 -5.74 -0.0729497 0.0118259 0.997266 280.814 
0.99752 -2.89566e-05 0.0703822 -2.67485 0.000745281 0.999948 -0.0101508 -5.76738 -0.0703783 0.0101781 0.997468 281.673 
0.997793 -0.00157906 0.066383 -2.63883 0.00209567 0.999968 -0.00771269 -5.79212 -0.0663687 0.00783482 0.997764 282.522 
0.998082 -0.00236329 0.0618633 -2.60709 0.00275136 0.999977 -0.00618785 -5.8133 -0.0618473 0.00634623 0.998065 283.362 
0.998345 -0.00298982 0.0574352 -2.57966 0.00325957 0.999984 -0.00460284 -5.84041 -0.0574205 0.00478248 0.998339 284.2 
0.9986 -0.00311046 0.0528066 -2.55584 0.00333004 0.999986 -0.00406987 -5.85953 -0.0527932 0.00424006 0.998597 285.029 
0.998829 -0.00371737 0.0482438 -2.53143 0.00390858 0.999985 -0.00386892 -5.8762 -0.0482288 0.00405299 0.998828 285.849 
0.999037 -0.00477138 0.0436122 -2.51537 0.00492843 0.999982 -0.00349326 -5.89793 -0.0435948 0.00370488 0.999042 286.651 
0.999195 -0.00502308 0.0398002 -2.50101 0.00518548 0.999979 -0.00397721 -5.91846 -0.0397795 0.00418043 0.9992 287.422 
0.999341 -0.00475569 0.03598 -2.49156 0.00490337 0.99998 -0.00401624 -5.93848 -0.0359602 0.00419006 0.999344 288.197 
0.999476 -0.00462441 0.0320304 -2.47554 0.00476067 0.99998 -0.0041776 -5.95693 -0.0320105 0.00432794 0.999478 288.969 
0.999587 -0.00511187 0.0282679 -2.46601 0.00522872 0.999978 -0.00405968 -5.97483 -0.0282465 0.00420585 0.999592 289.708 
0.999692 -0.00586445 0.0241227 -2.46367 0.00597981 0.999971 -0.00471122 -5.99425 -0.0240944 0.00485406 0.999698 290.428 
0.999809 -0.00440833 0.0190563 -2.45939 0.00453295 0.999969 -0.00649894 -6.00749 -0.0190271 0.00658412 0.999797 291.132 
0.999916 -0.00287983 0.012625 -2.46868 0.00298571 0.999961 -0.00837244 -6.02598 -0.0126004 0.00840947 0.999885 291.808 
0.999989 -0.00209333 0.00415975 -2.48487 0.00213506 0.999947 -0.0100434 -6.04759 -0.00413854 0.0100522 0.999941 292.496 
0.99998 -0.00164145 -0.00618835 -2.51041 0.00157423 0.99994 -0.0108579 -6.08305 0.00620576 0.010848 0.999922 293.144 
0.999804 -0.0012615 -0.0197689 -2.54254 0.00104345 0.999939 -0.0110386 -6.10121 0.0197815 0.0110159 0.999744 293.793 
0.999337 -0.000617495 -0.0364155 -2.59663 0.00023959 0.999946 -0.0103822 -6.12645 0.0364199 0.0103666 0.999283 294.435 
0.998403 0.00182135 -0.0564598 -2.66239 -0.00237198 0.99995 -0.00968783 -6.14604 0.0564393 0.00980632 0.998358 295.074 
0.99683 0.00330137 -0.0794905 -2.72845 -0.00409334 0.999944 -0.00980281 -6.16427 0.0794536 0.0100972 0.996787 295.679 
0.994435 0.00439661 -0.105264 -2.81639 -0.00547822 0.999935 -0.00998868 -6.17856 0.105213 0.0105098 0.994394 296.284 
0.991016 0.00562474 -0.133627 -2.92101 -0.00697722 0.999929 -0.00965544 -6.1929 0.133563 0.0105011 0.990985 296.894 
0.986326 0.00661555 -0.164674 -3.0396 -0.00811462 0.999932 -0.00843244 -6.20837 0.164607 0.00965344 0.986312 297.465 
0.979998 0.00621746 -0.198912 -3.18084 -0.00772586 0.999947 -0.00680815 -6.21503 0.198859 0.00820879 0.979994 298.048 
0.971839 0.00625201 -0.235564 -3.33511 -0.00765021 0.999958 -0.00502222 -6.22583 0.235523 0.00668295 0.971846 298.606 
0.961734 0.00758757 -0.273881 -3.50261 -0.00856536 0.999961 -0.00237459 -6.23955 0.273853 0.00462966 0.961761 299.151 
0.949408 0.00890696 -0.313918 -3.68658 -0.00924806 0.999957 0.000402515 -6.25691 0.313908 0.00252103 0.94945 299.687 
0.935058 0.00920458 -0.354375 -3.89356 -0.00890895 0.999957 0.00246565 -6.26485 0.354382 0.000851626 0.9351 300.182 
0.918213 0.00876589 -0.39599 -4.12183 -0.00788875 0.999962 0.00384347 -6.26175 0.396008 -0.000405211 0.918247 300.677 
0.898471 0.00857813 -0.438949 -4.35663 -0.00692036 0.999962 0.00537654 -6.27329 0.438978 -0.00179293 0.898496 301.153 
0.875636 0.00777275 -0.48291 -4.6151 -0.00546838 0.999966 0.00617952 -6.27466 0.482942 -0.00277022 0.875648 301.621 
0.849785 0.0067736 -0.527086 -4.89426 -0.00323394 0.999966 0.00763668 -6.28158 0.52712 -0.00478491 0.849778 302.06 
0.820801 0.00710029 -0.571171 -5.19709 -0.0019784 0.999952 0.00958741 -6.29066 0.571212 -0.0067393 0.820775 302.479 
0.788374 0.00834775 -0.61514 -5.51647 -0.00276831 0.999946 0.0100218 -6.28901 0.61519 -0.00619799 0.788354 302.88 
0.753387 0.00760612 -0.657533 -5.87972 -0.000844889 0.999944 0.0105989 -6.30072 0.657577 -0.0074295 0.753351 303.237 
0.714268 0.00650343 -0.699842 -6.24146 0.00317039 0.999917 0.0125276 -6.30186 0.699865 -0.0111668 0.714187 303.569 
0.671043 0.00580582 -0.741396 -6.63091 0.0092194 0.999827 0.0161741 -6.30398 0.741361 -0.0176887 0.670873 303.865 
0.622954 0.00593852 -0.782236 -7.02973 0.0136486 0.999736 0.0184591 -6.29562 0.782139 -0.0221755 0.622709 304.138 
0.57263 0.00955223 -0.819758 -7.44997 0.0128008 0.999706 0.0205909 -6.29329 0.819714 -0.0222845 0.57234 304.341 
0.519933 0.0158727 -0.85406 -7.88085 0.0077758 0.999698 0.0233132 -6.28975 0.854172 -0.0187622 0.519653 304.518 
0.464311 0.0196 -0.885455 -8.30204 0.0052598 0.999676 0.0248864 -6.28264 0.885656 -0.0162123 0.464058 304.683 
0.405947 0.021435 -0.913645 -8.7221 0.00484956 0.99966 0.0256077 -6.27108 0.913884 -0.0148261 0.405705 304.841 
0.346881 0.0231979 -0.937622 -9.13161 0.00685503 0.999605 0.0272675 -6.2604 0.937884 -0.015886 0.346585 304.96 
0.286665 0.0262691 -0.957671 -9.54363 0.00899355 0.999506 0.0301087 -6.25159 0.957989 -0.0172439 0.286287 305.066 
0.225961 0.0300543 -0.973673 -9.9672 0.0111786 0.999378 0.033442 -6.24628 0.974072 -0.0184409 0.225485 305.133 
0.161823 0.0332893 -0.986258 -10.393 0.0134774 0.999263 0.0359396 -6.23685 0.986728 -0.019108 0.161255 305.183 
0.0961157 0.0370833 -0.994679 -10.839 0.014064 0.999155 0.0386092 -6.22119 0.995271 -0.0177001 0.095513 305.199 
0.0296527 0.0429602 -0.998637 -11.3 0.0159967 0.998928 0.0434477 -6.21449 0.999432 -0.0172632 0.0289337 305.178 
-0.0388888 0.0496319 -0.99801 -11.7692 0.0179329 0.99864 0.0489644 -6.19685 0.999083 -0.015993 -0.0397259 305.137 
-0.106731 0.0560995 -0.992704 -12.246 0.0201472 0.998324 0.0542509 -6.16939 0.994084 -0.0142099 -0.107682 305.043 
-0.174474 0.0623858 -0.982684 -12.7209 0.0225458 0.997982 0.0593541 -6.15027 0.984404 -0.0117996 -0.175528 304.921 
-0.241623 0.0683719 -0.967958 -13.2098 0.0265097 0.997607 0.0638488 -6.12687 0.970008 -0.0102329 -0.242858 304.768 
-0.307051 0.0725995 -0.94892 -13.7012 0.0310407 0.99732 0.0662583 -6.09883 0.951187 -0.00911039 -0.308481 304.582 
-0.369221 0.0748145 -0.926325 -14.1817 0.0348404 0.997168 0.0666492 -6.0686 0.928688 -0.00766519 -0.370782 304.352 
-0.428899 0.0753125 -0.900207 -14.6609 0.03817 0.99714 0.065236 -6.03587 0.902546 -0.00638114 -0.430547 304.09 
-0.484731 0.0750218 -0.87144 -15.1333 0.0403665 0.997172 0.0633925 -5.99849 0.873731 -0.00444863 -0.486389 303.783 
-0.536218 0.0751338 -0.840729 -15.6027 0.0426011 0.99717 0.0619435 -5.96151 0.843004 -0.00260069 -0.537902 303.442 
-0.582403 0.0750676 -0.809427 -16.0737 0.044357 0.997178 0.060564 -5.92442 0.811689 -0.000631048 -0.584089 303.063 
-0.623049 0.0755492 -0.778526 -16.5409 0.0454288 0.99714 0.0604074 -5.889 0.780862 0.00226928 -0.624699 302.649 
-0.659873 0.0792414 -0.747187 -16.9957 0.0500633 0.99685 0.0615058 -5.85289 0.749707 0.00317942 -0.661762 302.204 
-0.696168 0.0860357 -0.712704 -17.4574 0.0583301 0.996289 0.0632925 -5.814 0.715505 0.00249009 -0.698603 301.727 
-0.731242 0.0912732 -0.675984 -17.9168 0.0645715 0.995819 0.0646084 -5.77158 0.679055 0.00359505 -0.734078 301.205 
-0.763419 0.0930928 -0.63916 -18.3494 0.0677353 0.995641 0.0641102 -5.73509 0.642342 0.00564924 -0.766397 300.645 
-0.792848 0.0895007 -0.602812 -18.7588 0.0672525 0.995965 0.0594191 -5.69543 0.605698 0.00656969 -0.795668 300.041 
-0.819214 0.0865355 -0.566922 -19.1484 0.0682941 0.996236 0.0533801 -5.65656 0.569407 0.00501237 -0.82204 299.412 
-0.843556 0.081609 -0.530804 -19.5311 0.0669034 0.996656 0.0469087 -5.61756 0.532858 0.00405749 -0.846195 298.732 
-0.865684 0.0788237 -0.494346 -19.9125 0.0668511 0.996883 0.0418859 -5.58351 0.496107 0.00321232 -0.868255 298.016 
-0.885515 0.0776002 -0.458085 -20.2541 0.0664683 0.99697 0.0403995 -5.55612 0.459833 0.00532619 -0.88799 297.269 
-0.904274 0.0742943 -0.420439 -20.593 0.0640425 0.997205 0.0384709 -5.53593 0.422122 0.00786229 -0.906505 296.477 
-0.921021 0.0738438 -0.38245 -20.9022 0.064936 0.997234 0.0361674 -5.50727 0.384063 0.00847616 -0.923268 295.656 
-0.936249 0.0762312 -0.342967 -21.1977 0.0681762 0.997042 0.0355011 -5.48186 0.344658 0.00985572 -0.938676 294.791 
-0.949375 0.0797452 -0.303855 -21.4601 0.0726352 0.996757 0.0346496 -5.45834 0.305633 0.0108249 -0.952088 293.899 
-0.960618 0.0807494 -0.26588 -21.6809 0.0739074 0.996628 0.0356562 -5.4345 0.267863 0.0146015 -0.963347 292.979 
-0.969948 0.0836399 -0.228483 -21.8755 0.0774868 0.996351 0.0357859 -5.41262 0.230643 0.017006 -0.97289 292.02 
-0.977844 0.0831162 -0.192125 -22.037 0.077951 0.996367 0.0343021 -5.38953 0.194278 0.0185658 -0.980771 291.043 
-0.984036 0.0817655 -0.158078 -22.1617 0.0780035 0.996506 0.0298686 -5.36679 0.159968 0.0170612 -0.986975 290.046 
-0.988939 0.0800703 -0.12485 -22.2666 0.0774675 0.996667 0.0255727 -5.34115 0.126482 0.015618 -0.991846 289.013 
