1 2.12261e-08 -2.11895e-08 0 2.12261e-08 1 2.10703e-08 0 -2.11895e-08 2.10703e-08 1 0 
0.999978 0.000577659 -0.00654759 -0.00797193 -0.000575967 1 0.000253802 -0.000265512 0.00654769 -0.000249983 0.999979 0.0961731 
0.999905 0.000921086 -0.0137712 -0.016542 -0.000918174 1 0.000214735 -0.0017664 0.0137713 -0.000202028 0.999905 0.192864 
0.999775 0.00129433 -0.0211784 -0.0319035 -0.0013073 0.999999 -0.000600789 -0.000472722 0.0211776 0.000628383 0.999776 0.296711 
0.999527 0.00181512 -0.0306901 -0.0432623 -0.00187131 0.999997 -0.00180373 -0.00359479 0.0306867 0.00186035 0.999527 0.404987 
0.999114 0.00183313 -0.0420545 -0.0646234 -0.00198052 0.999992 -0.00346421 -0.00228095 0.0420478 0.00354448 0.999109 0.522416 
0.998444 0.00194951 -0.0557301 -0.087023 -0.0021949 0.999988 -0.00434303 -0.00318395 0.055721 0.00445864 0.998436 0.654867 
0.997389 0.00193561 -0.0721871 -0.113294 -0.00225491 0.999988 -0.00434265 -0.00323671 0.0721778 0.00449413 0.997382 0.798917 
0.99587 0.000408384 -0.090792 -0.148736 -0.000800741 0.999991 -0.00428556 -0.00445878 0.0907893 0.0043406 0.995861 0.957456 
0.993835 -0.000798866 -0.110863 -0.185041 0.000309973 0.99999 -0.00442742 -0.00644798 0.110865 0.00436581 0.993826 1.12259 
0.991076 -0.000990759 -0.133298 -0.231013 0.000351413 0.999988 -0.0048201 -0.00985741 0.133301 0.00473028 0.991064 1.29914 
0.987538 0.00258341 -0.157361 -0.293582 -0.00360109 0.999974 -0.00618265 -0.0159454 0.157341 0.00667232 0.987522 1.4746 
0.983134 0.00679389 -0.182763 -0.364553 -0.0083588 0.999935 -0.00779376 -0.0208376 0.182698 0.00919003 0.983126 1.65747 
0.977703 0.00979007 -0.209765 -0.443653 -0.0118401 0.999894 -0.00851973 -0.0291859 0.209659 0.0108135 0.977715 1.84805 
0.970861 0.0104576 -0.239415 -0.522752 -0.0128882 0.99988 -0.00858878 -0.0342273 0.239296 0.0114242 0.970879 2.04662 
0.962757 0.0124383 -0.27008 -0.620952 -0.0151885 0.999852 -0.00809528 -0.0372103 0.26994 0.0118959 0.962804 2.25287 
0.953148 0.0140351 -0.30218 -0.724296 -0.0170551 0.999828 -0.00735802 -0.0363025 0.302025 0.0121671 0.953222 2.46086 
0.941741 0.0161686 -0.335951 -0.837476 -0.0193525 0.999794 -0.00613142 -0.039198 0.335783 0.0122758 0.941859 2.66923 
0.929041 0.0182607 -0.369526 -0.957199 -0.0219632 0.999742 -0.00581501 -0.0393353 0.369324 0.0135184 0.929202 2.87111 
0.91479 0.0210788 -0.40338 -1.08153 -0.025297 0.999667 -0.0051307 -0.0406251 0.403138 0.0148978 0.915018 3.07293 
0.898378 0.0212488 -0.438708 -1.21544 -0.0259394 0.999653 -0.00470007 -0.0367819 0.438456 0.0156023 0.898617 3.27703 
0.87952 0.0163432 -0.475581 -1.35629 -0.0215325 0.999753 -0.00546528 -0.0353115 0.475375 0.0150473 0.879655 3.48322 
0.857766 0.0114155 -0.513914 -1.51154 -0.0168177 0.999841 -0.00586092 -0.0355324 0.513766 0.0136702 0.857822 3.69361 
0.832073 0.0129757 -0.554515 -1.68075 -0.0173996 0.999845 -0.00271241 -0.0388838 0.554394 0.0119053 0.832169 3.89445 
0.802411 0.0184797 -0.596486 -1.87633 -0.0221655 0.999754 0.0011555 -0.0451668 0.596361 0.0122943 0.802622 4.07933 
0.768898 0.0214571 -0.639011 -2.0806 -0.0253575 0.999674 0.00305596 -0.0499638 0.638868 0.013854 0.769191 4.26273 
0.732039 0.0203673 -0.680958 -2.30127 -0.0244966 0.999694 0.00356638 -0.0476204 0.680822 0.0140705 0.732314 4.44328 
0.691273 0.0162285 -0.722411 -2.5322 -0.0184893 0.999818 0.00476787 -0.0469687 0.722357 0.010061 0.691447 4.62452 
0.647718 0.0126981 -0.761775 -2.7859 -0.0132084 0.999898 0.00543652 -0.0455824 0.761766 0.00654057 0.647819 4.7954 
0.602065 0.0123636 -0.798352 -3.06118 -0.0104614 0.999916 0.0075958 -0.0454937 0.798379 0.00377873 0.602144 4.95281 
0.55381 0.0129945 -0.832541 -3.35217 -0.00847672 0.999914 0.00996808 -0.0405914 0.8326 0.00153685 0.553873 5.08729 
0.502576 0.0136771 -0.864425 -3.66306 -0.00732675 0.999906 0.0115609 -0.0349285 0.864502 0.000523244 0.502629 5.20766 
0.449783 0.015352 -0.893006 -3.9901 -0.00671474 0.999882 0.0138073 -0.0327418 0.893113 -0.000213916 0.449833 5.31056 
0.395134 0.0172844 -0.918461 -4.33722 -0.00594292 0.99985 0.0162593 -0.0257668 0.918604 -0.000966217 0.395178 5.40208 
0.33959 0.0192862 -0.940376 -4.70057 -0.00548365 0.999813 0.0185249 -0.0207968 0.940558 -0.00113414 0.339633 5.4784 
0.284552 0.022286 -0.958402 -5.08818 -0.00392745 0.999749 0.0220814 -0.0158932 0.958653 -0.00251917 0.284568 5.53902 
0.230747 0.0241896 -0.972713 -5.48781 0.000226976 0.99969 0.0249143 -0.0135908 0.973014 -0.00596963 0.23067 5.59305 
0.179641 0.0247385 -0.983421 -5.89485 0.00291224 0.999666 0.0256791 -0.0117199 0.983728 -0.00747694 0.179509 5.62341 
0.132078 0.0255833 -0.990909 -6.32001 0.000640945 0.999665 0.0258948 -0.00465737 0.991239 -0.0040552 0.132017 5.63073 
0.0896019 0.0257698 -0.995644 -6.76073 -0.00108167 0.999667 0.0257766 0.00471932 0.995977 -0.00123263 0.0896 5.626 
0.0517097 0.0242022 -0.998369 -7.21969 -0.00276642 0.999706 0.0240913 0.0172065 0.998658 0.0015162 0.0517614 5.60919 
0.017039 0.0214721 -0.999624 -7.6867 -0.00222477 0.999768 0.0214372 0.0257241 0.999852 0.0018587 0.0170829 5.58734 
-0.0145644 0.0186889 -0.999719 -8.17416 -0.00172075 0.999823 0.0187159 0.03332 0.999892 0.0019929 -0.0145296 5.54981 
-0.0412491 0.0168607 -0.999007 -8.67287 -0.00228002 0.999853 0.0169691 0.0371181 0.999146 0.00297776 -0.0412046 5.50268 
-0.0621602 0.0144908 -0.997961 -9.1834 -0.00260777 0.999889 0.0146812 0.0441463 0.998063 0.00351508 -0.0621155 5.44399 
-0.0788017 0.0136789 -0.996797 -9.71098 -0.00158868 0.999903 0.0138472 0.0537337 0.996889 0.00267481 -0.0787723 5.38487 
-0.0919993 0.0143571 -0.995656 -10.2466 -0.00112855 0.999894 0.0145225 0.0536767 0.995758 0.00245975 -0.0919733 5.32216 
-0.101741 0.0153326 -0.994693 -10.8026 -0.00220303 0.999875 0.0156378 0.0571162 0.994809 0.00378238 -0.101694 5.24868 
-0.108387 0.0165773 -0.993971 -11.3781 -0.00388797 0.999846 0.0170992 0.0574589 0.994101 0.0057179 -0.108306 5.16172 
-0.113077 0.0175351 -0.993431 -11.9662 -0.00321783 0.999833 0.0180143 0.0626363 0.993581 0.00523375 -0.113002 5.08157 
-0.11452 0.018264 -0.993253 -12.5706 -0.000921938 0.999829 0.0184912 0.0713258 0.993421 0.00303337 -0.114484 5.00156 
-0.113742 0.0204453 -0.9933 -13.1929 0.00110405 0.99979 0.0204525 0.0799795 0.99351 0.00122969 -0.113741 4.92353 
-0.112513 0.022848 -0.993388 -13.8323 0.000705824 0.999737 0.0229141 0.085433 0.99365 0.00187702 -0.1125 4.84141 
-0.11104 0.0225054 -0.993561 -14.4853 -0.00142798 0.999739 0.022805 0.0925086 0.993815 0.00395108 -0.110979 4.75765 
-0.109631 0.0198027 -0.993775 -15.1489 -0.00321477 0.999789 0.0202772 0.100527 0.993967 0.00541781 -0.109544 4.67284 
-0.108408 0.0195278 -0.993915 -15.8354 -0.00340783 0.999794 0.020015 0.113109 0.994101 0.00555693 -0.10832 4.5847 
-0.106999 0.0220258 -0.994015 -16.5344 -0.00279704 0.999744 0.0224538 0.128514 0.994255 0.00518289 -0.10691 4.50273 
-0.105185 0.0254549 -0.994127 -17.2499 -0.0034872 0.999657 0.0259654 0.138116 0.994447 0.00619794 -0.10506 4.41525 
-0.103513 0.0276771 -0.994243 -17.9835 -0.00356544 0.999596 0.0281974 0.14654 0.994622 0.00646375 -0.103373 4.32475 
-0.102012 0.0268215 -0.994422 -18.7242 -0.00505502 0.99961 0.02748 0.159628 0.99477 0.00783015 -0.101837 4.23791 
-0.100233 0.0236618 -0.994683 -19.4776 -0.00731182 0.999673 0.0245173 0.173005 0.994937 0.00973042 -0.100027 4.14419 
-0.0988189 0.0230513 -0.994838 -20.2467 -0.00817678 0.999679 0.0239757 0.184456 0.995072 0.0105039 -0.0985987 4.05093 
-0.0974189 0.0253098 -0.994922 -21.0319 -0.00530319 0.999649 0.0259493 0.199084 0.995229 0.00780425 -0.0972505 3.96408 
-0.096386 0.0277618 -0.994957 -21.8263 -0.00283589 0.999599 0.028166 0.20561 0.99534 0.00553644 -0.0962686 3.87587 
-0.0952976 0.0294458 -0.995013 -22.6255 -0.00173935 0.999556 0.0297468 0.216494 0.995447 0.00456552 -0.095204 3.78751 
-0.0948138 0.0247824 -0.995187 -23.4261 -0.0012109 0.999687 0.0250099 0.226042 0.995494 0.00357639 -0.0947541 3.69867 
-0.0945157 0.0178083 -0.995364 -24.2317 0.000561867 0.999841 0.017835 0.23166 0.995523 0.00112647 -0.0945107 3.60874 
-0.0947632 0.0133833 -0.99541 -25.0555 0.00419488 0.999906 0.0130444 0.238168 0.995491 -0.00293946 -0.0948104 3.52167 
-0.095247 0.0140002 -0.995355 -25.8856 0.00538902 0.999894 0.0135483 0.247687 0.995439 -0.00407351 -0.0953124 3.42807 
-0.0957955 0.0215458 -0.995168 -26.7242 0.00544043 0.999762 0.0211216 0.247365 0.995386 -0.00339075 -0.09589 3.33715 
-0.0961379 0.0284878 -0.99496 -27.5664 0.00415142 0.999593 0.0282193 0.254324 0.995359 -0.00141751 -0.096217 3.23986 
-0.0966918 0.0336182 -0.994746 -28.4097 0.00228639 0.999434 0.0335544 0.264333 0.995312 0.00097009 -0.096714 3.14108 
-0.0971917 0.0339624 -0.994686 -29.2501 0.000595721 0.999419 0.0340658 0.273333 0.995266 0.0027184 -0.0971555 3.04254 
-0.0978438 0.0303323 -0.994739 -30.0867 0.000728253 0.999537 0.030407 0.286516 0.995202 0.00225076 -0.0978207 2.94857 
-0.0982754 0.0276304 -0.994776 -30.9215 0.000414334 0.999616 0.0277239 0.299198 0.995159 0.00231245 -0.098249 2.85107 
-0.0984686 0.0287061 -0.994726 -31.7591 -0.000678761 0.999582 0.0289135 0.312971 0.99514 0.00352229 -0.0984079 2.75085 
-0.098412 0.0309036 -0.994666 -32.596 -0.00102839 0.999514 0.031156 0.32334 0.995145 0.00408906 -0.0983324 2.65138 
-0.0984403 0.0290733 -0.994718 -33.4281 -0.00155002 0.999567 0.0293684 0.332479 0.995142 0.00443291 -0.0983527 2.55622 
-0.0977865 0.0239192 -0.99492 -34.2602 -0.00248018 0.999702 0.0242779 0.33995 0.995204 0.00484167 -0.0976981 2.45138 
-0.0978374 0.0198349 -0.995005 -35.0935 -0.00384948 0.999786 0.0203088 0.343516 0.995195 0.00581725 -0.0977401 2.34913 
-0.0972874 0.0206672 -0.995042 -35.934 -0.00313524 0.999773 0.021072 0.349265 0.995251 0.00516977 -0.0972005 2.24402 
-0.0968269 0.0231442 -0.995032 -36.7718 -0.00172132 0.999724 0.0234208 0.354597 0.9953 0.00398057 -0.0967604 2.1459 
-0.0960999 0.02795 -0.994979 -37.6106 -0.00190061 0.999599 0.0282634 0.35895 0.99537 0.00460722 -0.0960082 2.0398 
-0.0955312 0.0335219 -0.994862 -38.456 -0.000873631 0.99943 0.0337597 0.368768 0.995426 0.00409429 -0.0954474 1.93915 
-0.0958467 0.0365695 -0.994724 -39.2971 -0.000917445 0.999321 0.0368269 0.381768 0.995396 0.00444238 -0.0957481 1.84406 
-0.0955032 0.0363862 -0.994764 -40.1281 -0.00051521 0.99933 0.0366027 0.396498 0.995429 0.00400823 -0.0954204 1.74763 
-0.0956761 0.0319549 -0.9949 -40.9508 -0.000288136 0.999484 0.0321299 0.410436 0.995413 0.00336076 -0.0956174 1.65375 
-0.095292 0.0276014 -0.995067 -41.7815 -0.00127754 0.999611 0.0278498 0.418852 0.995449 0.00392514 -0.0952197 1.55568 
-0.0953793 0.0247244 -0.995134 -42.6139 -0.00495914 0.999667 0.0253123 0.428561 0.995429 0.00734932 -0.0952249 1.45437 
-0.0959109 0.0226782 -0.995132 -43.444 -0.008414 0.999686 0.0235929 0.437972 0.995354 0.0106359 -0.09569 1.35072 
-0.0970471 0.020909 -0.99506 -44.2793 -0.00592248 0.99975 0.0215852 0.440593 0.995262 0.00798804 -0.0968989 1.25944 
-0.0982596 0.0173796 -0.995009 -45.105 -0.00232546 0.999841 0.0176937 0.443784 0.995158 0.00405247 -0.0982036 1.16592 
-0.0993633 0.0159181 -0.994924 -45.9253 0.00179268 0.999873 0.0158183 0.449052 0.99505 -0.000211779 -0.0993792 1.07707 
-0.101351 0.0192964 -0.994664 -46.749 0.00209155 0.999814 0.0191832 0.451144 0.994849 -0.000136123 -0.101372 0.976275 
-0.103413 0.0258699 -0.994302 -47.5777 0.00467131 0.999663 0.0255236 0.448861 0.994628 -0.00200518 -0.103499 0.883202 
-0.105746 0.0294408 -0.993957 -48.3962 0.00663267 0.99956 0.0289012 0.45626 0.994371 -0.00353638 -0.105894 0.788342 
-0.107225 0.0285645 -0.993824 -49.2015 0.00665092 0.999585 0.0280125 0.461958 0.994213 -0.00360618 -0.10737 0.686553 
-0.108397 0.0247284 -0.9938 -50.004 0.00344689 0.999694 0.0244991 0.463371 0.994102 -0.000769852 -0.108449 0.57742 
-0.109672 0.0209591 -0.993747 -50.7964 -0.0011588 0.999774 0.0212142 0.468544 0.993967 0.00347819 -0.109623 0.465928 
-0.111353 0.0192135 -0.993595 -51.5922 -0.00513805 0.999789 0.0199091 0.474178 0.993768 0.00732213 -0.111231 0.356839 
-0.112388 0.0201374 -0.99346 -52.3942 -0.00658138 0.999758 0.0210095 0.478183 0.993643 0.00889961 -0.112229 0.242566 
-0.113492 0.0217211 -0.993302 -53.1791 -0.00656859 0.999723 0.022612 0.479352 0.993517 0.0090909 -0.113318 0.137313 
-0.114567 0.0210654 -0.993192 -53.9565 -0.00822884 0.999721 0.0221531 0.48192 0.993382 0.0107109 -0.114361 0.0316424 
-0.115226 0.0208528 -0.99312 -54.7324 -0.00889654 0.999718 0.0220235 0.483723 0.9933 0.011373 -0.115008 -0.0761265 
-0.115895 0.0228423 -0.992999 -55.5105 -0.00734093 0.999689 0.0238529 0.485737 0.993234 0.010054 -0.115691 -0.179586 
-0.11619 0.0256299 -0.992896 -56.2825 -0.00624075 0.999628 0.0265339 0.492191 0.993207 0.00927944 -0.115987 -0.283806 
-0.116736 0.0298993 -0.992713 -57.0533 -0.00630945 0.999504 0.0308458 0.49678 0.993143 0.00986434 -0.11649 -0.388126 
-0.117379 0.0318985 -0.992575 -57.8191 -0.0058736 0.999444 0.0328138 0.504622 0.99307 0.00968168 -0.117127 -0.495003 
-0.118382 0.0319388 -0.992454 -58.5704 -0.00545352 0.999447 0.0328143 0.512068 0.992953 0.00929701 -0.118142 -0.595596 
-0.118846 0.0300757 -0.992457 -59.3188 -0.00464069 0.999513 0.0308452 0.518123 0.992902 0.00827156 -0.118649 -0.700052 
-0.119476 0.0266239 -0.99248 -60.0612 -0.00405695 0.999619 0.0273038 0.5236 0.992829 0.00728862 -0.119322 -0.797282 
-0.119733 0.0235252 -0.992527 -60.7825 -0.00411769 0.999699 0.0241919 0.531852 0.992798 0.00698353 -0.1196 -0.895735 
-0.118352 0.0211464 -0.992747 -61.4992 -0.00474684 0.99975 0.0218615 0.534935 0.99296 0.00729981 -0.118222 -1.00388 
-0.116334 0.0203528 -0.993002 -62.1976 -0.00678826 0.99975 0.0212864 0.536311 0.993187 0.00921714 -0.116167 -1.09957 
-0.112647 0.0211182 -0.993411 -62.8745 -0.00692102 0.999733 0.0220374 0.53808 0.993611 0.0093579 -0.112471 -1.18667 
-0.106912 0.0226388 -0.994011 -63.5433 -0.00592599 0.999709 0.023406 0.540036 0.994251 0.00839292 -0.106747 -1.27122 
-0.0995564 0.0242004 -0.994738 -64.2019 -0.00498282 0.99968 0.0248193 0.541519 0.995019 0.00742756 -0.0994039 -1.3512 
-0.0908689 0.0254453 -0.995538 -64.8348 -0.00596476 0.999642 0.0260946 0.542429 0.995845 0.00830937 -0.0906845 -1.41864 
-0.0793985 0.0268931 -0.99648 -65.4522 -0.00784144 0.999588 0.0276018 0.545865 0.996812 0.0100054 -0.0791549 -1.47495 
-0.0644585 0.0283434 -0.997518 -66.058 -0.0107539 0.999519 0.0290952 0.549708 0.997862 0.0126027 -0.0641227 -1.52512 
-0.0461728 0.0293524 -0.998502 -66.6476 -0.0119968 0.99948 0.0299359 0.556463 0.998861 0.0133611 -0.0457967 -1.55622 
-0.0241099 0.0301128 -0.999256 -67.2128 -0.0129373 0.999453 0.0304309 0.559903 0.999626 0.0136614 -0.0237071 -1.56702 
0.0013078 0.0304591 -0.999535 -67.7556 -0.0120021 0.999465 0.0304413 0.562674 0.999927 0.0119568 0.00167267 -1.55999 
0.0304673 0.0301372 -0.999081 -68.2713 -0.0104849 0.9995 0.0298301 0.566061 0.999481 0.00956647 0.0307681 -1.52743 
0.0647524 0.0301701 -0.997445 -68.7599 -0.00929592 0.999518 0.0296293 0.568608 0.997858 0.00735364 0.0650017 -1.48159 
0.102356 0.0304617 -0.994281 -69.2315 -0.00845841 0.999522 0.0297515 0.573439 0.994712 0.00536483 0.102565 -1.41067 
0.143395 0.0300021 -0.989211 -69.688 -0.00817335 0.999542 0.0291306 0.578655 0.989632 0.00390802 0.143575 -1.32228 
0.188677 0.0310647 -0.981548 -70.1299 -0.00696243 0.999517 0.0302951 0.580377 0.982015 0.00111803 0.188802 -1.21355 
0.237494 0.0297846 -0.970932 -70.5577 -0.00352144 0.99955 0.0298011 0.581688 0.971383 -0.00365846 0.237492 -1.08138 
0.2882 0.0252349 -0.957238 -70.9614 0.00436659 0.999608 0.0276665 0.580325 0.95756 -0.0121533 0.287977 -0.928367 
0.340215 0.0201678 -0.940132 -71.3515 0.0095906 0.999644 0.0249151 0.581072 0.940299 -0.0174929 0.3399 -0.754605 
0.393438 0.0154277 -0.919222 -71.725 0.0146834 0.999626 0.0230618 0.587041 0.919234 -0.0225707 0.393064 -0.562949 
0.44552 0.0148652 -0.895149 -72.0957 0.0145447 0.99961 0.0238389 0.594 0.895154 -0.0236403 0.44513 -0.353632 
0.494705 0.0137037 -0.868953 -72.461 0.0160001 0.999563 0.0248725 0.600449 0.868914 -0.0262078 0.494269 -0.118096 
0.54075 0.00980336 -0.841126 -72.8064 0.0235218 0.999365 0.0267695 0.603933 0.840855 -0.0342603 0.540176 0.142806 
0.585425 0.00341559 -0.810719 -73.132 0.0340983 0.999003 0.0288314 0.607451 0.810009 -0.0445227 0.584725 0.430436 
0.629084 -0.00163023 -0.777336 -73.4408 0.0354147 0.99902 0.0265653 0.610311 0.77653 -0.0442408 0.628525 0.715294 
0.671533 -0.00643834 -0.740946 -73.7416 0.0319801 0.999282 0.020301 0.614601 0.740284 -0.0373283 0.671257 1.01001 
0.713211 -0.0132696 -0.700824 -74.0253 0.0281372 0.999557 0.00970853 0.61819 0.700385 -0.0266434 0.713268 1.3248 
0.753728 -0.0159469 -0.656993 -74.301 0.0229853 0.999734 0.00210356 0.624886 0.656784 -0.0166867 0.753894 1.66249 
0.791855 -0.0170516 -0.610471 -74.5649 0.0213884 0.999771 -0.000182278 0.625629 0.610334 -0.0129126 0.792039 2.0413 
0.826754 -0.0184978 -0.562259 -74.8034 0.0214315 0.999769 -0.00137837 0.627171 0.562155 -0.0109104 0.82696 2.43986 
0.858393 -0.0172713 -0.512701 -75.036 0.0181757 0.99983 -0.0032504 0.627515 0.51267 -0.00652852 0.858561 2.86005 
0.885289 -0.015516 -0.464783 -75.2545 0.0170005 0.999855 -0.00099701 0.616023 0.464731 -0.00701887 0.885424 3.31514 
0.907276 -0.00932789 -0.420432 -75.4621 0.0104733 0.999945 0.000415615 0.608769 0.420405 -0.00478033 0.907324 3.78462 
0.925529 -0.00502753 -0.378643 -75.6632 0.00509705 0.999987 -0.000818783 0.605986 0.378642 -0.00117211 0.925542 4.27945 
0.939586 4.67767e-05 -0.342314 -75.8498 0.00021588 1 0.000729099 0.605198 0.342314 -0.000758901 0.939585 4.80426 
0.950051 0.00100959 -0.312093 -76.0239 -0.000112709 0.999996 0.00289168 0.601169 0.312095 -0.00271202 0.950047 5.35907 
0.957715 2.501e-05 -0.287717 -76.1896 0.00136039 0.999988 0.00461508 0.596334 0.287714 -0.00481129 0.957704 5.92951 
0.963803 0.00029432 -0.266615 -76.3505 0.00155535 0.999976 0.00672629 0.594983 0.26661 -0.00689745 0.96378 6.518 
0.968691 0.00289861 -0.248255 -76.5127 -0.000577962 0.999956 0.00942007 0.594705 0.248271 -0.0089816 0.968649 7.12238 
0.972478 0.00765024 -0.232871 -76.6737 -0.0052517 0.999927 0.010918 0.595488 0.232937 -0.0093945 0.972446 7.74752 
0.975605 0.0116458 -0.219226 -76.8342 -0.00918977 0.999883 0.0122195 0.59233 0.219342 -0.00990675 0.975598 8.38689 
0.978545 0.0102755 -0.205779 -76.983 -0.0079468 0.999895 0.0121395 0.591108 0.205882 -0.0102437 0.978523 9.0435 
0.981343 0.0102015 -0.191994 -77.121 -0.00804609 0.999896 0.0120025 0.589749 0.192097 -0.0102337 0.981323 9.71138 
0.984072 0.0105609 -0.177457 -77.2502 -0.00843479 0.999883 0.0127311 0.591137 0.177571 -0.0110315 0.984046 10.397 
0.986479 0.0122521 -0.163429 -77.3745 -0.0102309 0.999861 0.0132036 0.593045 0.163568 -0.011353 0.986467 11.0987 
0.9885 0.0127745 -0.150683 -77.4946 -0.0113411 0.999882 0.0103676 0.591948 0.150797 -0.00853941 0.988528 11.8128 
0.99011 0.0131176 -0.139677 -77.606 -0.0125313 0.999909 0.00507594 0.586407 0.139731 -0.00327536 0.990184 12.539 
0.991437 0.0112498 -0.130101 -77.7126 -0.0114861 0.999934 -0.00106638 0.583958 0.130081 0.00255165 0.9915 13.2809 
0.992481 0.0110028 -0.121902 -77.8157 -0.0112281 0.999936 -0.00116212 0.579621 0.121882 0.00252216 0.992541 14.0332 
0.993252 0.0128991 -0.115256 -77.9173 -0.0124001 0.99991 0.00504541 0.571935 0.115311 -0.00358213 0.993323 14.7953 
0.99377 0.017235 -0.110108 -78.0233 -0.015887 0.999788 0.0131069 0.564415 0.110311 -0.0112759 0.993833 15.5614 
0.994228 0.0178661 -0.105793 -78.1192 -0.0161597 0.999726 0.0169646 0.55722 0.106067 -0.0151571 0.994243 16.3324 
0.994589 0.0165865 -0.102552 -78.207 -0.0150401 0.999762 0.015834 0.558694 0.10279 -0.0142059 0.994602 17.0931 
0.9949 0.0166671 -0.0994788 -78.297 -0.0152617 0.999773 0.0148711 0.558154 0.099704 -0.013277 0.994929 17.8575 
0.995227 0.0151769 -0.0963981 -78.3867 -0.0135949 0.999762 0.0170466 0.559478 0.0966339 -0.0156546 0.995197 18.6263 
0.995492 0.0129167 -0.0939654 -78.4686 -0.0111402 0.99975 0.0194062 0.559614 0.0941925 -0.0182719 0.995386 19.392 
0.995783 0.0106589 -0.0911186 -78.5486 -0.00875765 0.999736 0.0212396 0.557612 0.0913209 -0.020352 0.995614 20.1585 
0.99602 0.00997529 -0.0885714 -78.6265 -0.00844056 0.999808 0.0176848 0.554993 0.0887308 -0.0168667 0.995913 20.9168 
0.99615 0.0129709 -0.0867061 -78.7117 -0.0121221 0.999873 0.0103081 0.552377 0.0868287 -0.00921726 0.996181 21.667 
0.996292 0.0135857 -0.0849521 -78.7949 -0.0134076 0.999907 0.00266558 0.546203 0.0849803 -0.00151664 0.996382 22.4159 
0.996383 0.0140917 -0.0837969 -78.8714 -0.0142757 0.999897 -0.00159686 0.539511 0.0837658 0.00278738 0.996482 23.1706 
0.996549 0.0156033 -0.0815294 -78.9514 -0.0156316 0.999878 0.000290751 0.52519 0.081524 0.000984733 0.996671 23.9148 
0.996676 0.0189208 -0.0792412 -79.0309 -0.0186473 0.999817 0.00418926 0.512038 0.079306 -0.00269765 0.996847 24.6726 
0.996753 0.0225805 -0.0772844 -79.1102 -0.0219063 0.999714 0.00956076 0.496317 0.0774782 -0.00783667 0.996963 25.4354 
0.997012 0.0204254 -0.074499 -79.1834 -0.0196266 0.999742 0.0114385 0.490127 0.0747134 -0.00994208 0.997156 26.1916 
0.997134 0.0176039 -0.0735823 -79.2475 -0.016827 0.999796 0.0111652 0.484682 0.0737638 -0.00989497 0.997227 26.9462 
0.997233 0.0159718 -0.0725999 -79.3124 -0.0151795 0.999819 0.0114505 0.474768 0.0727696 -0.0103167 0.997295 27.694 
0.997309 0.0157069 -0.0716113 -79.3791 -0.0150599 0.999841 0.00956579 0.470132 0.0717501 -0.00846154 0.997387 28.4404 
0.997387 0.0139956 -0.0708691 -79.4455 -0.0134325 0.999874 0.00841618 0.466486 0.070978 -0.0074422 0.99745 29.195 
0.997422 0.0125129 -0.0706533 -79.5073 -0.0119405 0.999892 0.00851776 0.461638 0.0707523 -0.00765213 0.997465 29.9532 
0.997434 0.0155644 -0.0698805 -79.5813 -0.0149399 0.999844 0.00945057 0.459408 0.0700167 -0.00838227 0.997511 30.7219 
0.997435 0.0155878 -0.0698613 -79.6542 -0.0150239 0.99985 0.00858958 0.453853 0.0699846 -0.00751792 0.99752 31.4978 
0.997316 0.0151609 -0.0716347 -79.723 -0.0145894 0.999858 0.00849371 0.449409 0.0717533 -0.00742576 0.997395 32.2743 
0.9972 0.0128485 -0.0736731 -79.7947 -0.0122282 0.999886 0.0088646 0.445809 0.0737785 -0.00793885 0.997243 33.0592 
0.996934 0.0145505 -0.0768805 -79.8737 -0.0139272 0.999866 0.00863704 0.443213 0.0769958 -0.00753979 0.997003 33.8436 
0.996663 0.0180925 -0.0795962 -79.9623 -0.0174881 0.999813 0.00828387 0.435231 0.0797311 -0.0068642 0.996793 34.6322 
0.996452 0.0184464 -0.0821119 -80.0498 -0.0182233 0.999828 0.00346548 0.427431 0.0821616 -0.00195679 0.996617 35.4276 
0.996244 0.0191892 -0.0844396 -80.141 -0.0192648 0.999814 -8.0779e-05 0.421413 0.0844224 0.00170723 0.996429 36.2268 
0.996083 0.0183721 -0.0864966 -80.2287 -0.018596 0.999826 -0.00178448 0.415838 0.0864487 0.00338602 0.996251 37.0412 
0.995867 0.0184557 -0.0889257 -80.3152 -0.0185671 0.999828 -0.000426546 0.404983 0.0889025 0.00207592 0.996038 37.8669 
0.995686 0.0169397 -0.0912273 -80.4041 -0.0169628 0.999856 0.000522054 0.391775 0.0912229 0.00102771 0.99583 38.6953 
0.99553 0.0162071 -0.0930412 -80.4954 -0.0160685 0.999868 0.00223785 0.384605 0.0930652 -0.000732769 0.99566 39.5302 
0.99542 0.0158815 -0.0942721 -80.5926 -0.0153999 0.999864 0.00583352 0.375684 0.0943519 -0.00435498 0.995529 40.3691 
0.995333 0.0152036 -0.0953 -80.6871 -0.0142675 0.999843 0.0104962 0.367635 0.0954446 -0.00908746 0.995393 41.2139 
0.995364 0.0155385 -0.0949176 -80.7807 -0.0144056 0.999817 0.0126092 0.363721 0.0950961 -0.0111834 0.995405 42.0667 
0.995492 0.0185049 -0.0930237 -80.8786 -0.017405 0.999769 0.012621 0.361308 0.0932357 -0.010945 0.995584 42.9239 
0.99567 0.0186111 -0.091082 -80.9772 -0.017654 0.99978 0.0113023 0.3578 0.0912723 -0.00964531 0.995779 43.7835 
0.995854 0.0165174 -0.0894551 -81.0696 -0.0157726 0.999835 0.00902565 0.354422 0.0895894 -0.00757725 0.99595 44.6523 
0.996085 0.0128194 -0.0874672 -81.1621 -0.0122171 0.999898 0.0074174 0.348097 0.0875533 -0.00631971 0.99614 45.5241 
0.996259 0.0118887 -0.0856005 -81.2512 -0.011321 0.999911 0.00711293 0.343931 0.0856774 -0.00611719 0.996304 46.3931 
0.996375 0.00946826 -0.0845414 -81.342 -0.00868962 0.999916 0.00957292 0.336536 0.084625 -0.00880354 0.996374 47.2669 
0.996464 0.00660927 -0.0837646 -81.4239 -0.00561499 0.999911 0.0120994 0.328922 0.083837 -0.0115862 0.996412 48.1401 
0.996525 0.00575375 -0.0831009 -81.5133 -0.00472767 0.99991 0.0125384 0.319482 0.0831656 -0.0121019 0.996462 49.0106 
0.996604 0.0072659 -0.0820273 -81.6013 -0.00652516 0.999936 0.00929445 0.309718 0.0820895 -0.0087276 0.996587 49.8771 
0.996651 0.00978447 -0.0811843 -81.6979 -0.00953648 0.999949 0.00344134 0.300107 0.0812138 -0.00265556 0.996693 50.7296 
0.996727 0.011447 -0.0800275 -81.788 -0.0116229 0.999931 -0.00173352 0.28413 0.0800021 0.00265804 0.996791 51.5893 
0.996724 0.0161237 -0.0792569 -81.8795 -0.0167762 0.999831 -0.00757428 0.267487 0.0791213 0.00887914 0.996825 52.4455 
0.996825 0.0161002 -0.0779848 -81.9662 -0.0168106 0.999823 -0.00846108 0.248435 0.0778348 0.00974522 0.996919 53.2939 
0.996884 0.0132381 -0.0777606 -82.0492 -0.013464 0.999907 -0.002382 0.232791 0.0777218 0.00342159 0.996969 54.147 
0.996831 0.0125432 -0.0785533 -82.13 -0.0120437 0.999904 0.00682943 0.214903 0.0786314 -0.00586167 0.996887 55.0051 
0.996751 0.0118188 -0.0796744 -82.2136 -0.0106971 0.999838 0.0144914 0.200977 0.0798327 -0.013592 0.996716 55.8657 
0.996587 0.00968656 -0.0819781 -82.2954 -0.00870282 0.999886 0.0123484 0.193064 0.0820884 -0.0115927 0.996558 56.7077 
0.99645 0.00473356 -0.0840578 -82.3726 -0.00400236 0.999953 0.00886462 0.187342 0.0840958 -0.00849668 0.996421 57.5439 
0.996233 0.00319195 -0.0866637 -82.4589 -0.00255826 0.999969 0.00742171 0.176277 0.0866847 -0.007172 0.99621 58.3711 
0.995998 0.00547526 -0.0892041 -82.5546 -0.00505744 0.999975 0.00490877 0.163257 0.0892287 -0.00443794 0.996001 59.1967 
0.995697 0.00684939 -0.0924121 -82.6525 -0.00672385 0.999976 0.00166939 0.14937 0.0924213 -0.0010408 0.995719 60.0153 
0.995308 0.00755422 -0.0964647 -82.7506 -0.00774714 0.999969 -0.00162585 0.135932 0.0964493 0.00236559 0.995335 60.8296 
0.994991 0.00948524 -0.0995181 -82.8534 -0.0100886 0.999934 -0.00556159 0.115474 0.0994587 0.00653777 0.99502 61.6341 
0.994633 0.0143348 -0.102468 -82.9661 -0.0150066 0.999871 -0.00578847 0.098075 0.102371 0.00729514 0.99472 62.4417 
0.994215 0.017919 -0.105899 -83.0766 -0.0184549 0.999821 -0.00408212 0.084496 0.105807 0.00601291 0.994369 63.2478 
0.993749 0.0211915 -0.109604 -83.1899 -0.0211464 0.999775 0.00157318 0.0692416 0.109613 0.000754443 0.993974 64.0545 
0.993286 0.0216955 -0.113636 -83.3023 -0.0210381 0.999754 0.00698104 0.0554375 0.11376 -0.00454343 0.993498 64.8576 
0.992719 0.0209193 -0.118625 -83.4128 -0.0197979 0.999748 0.0106234 0.0440901 0.118817 -0.00819747 0.992882 65.6518 
0.991939 0.0205561 -0.125039 -83.5293 -0.0192363 0.999746 0.0117528 0.0376832 0.125249 -0.00925275 0.992082 66.4386 
0.991245 0.0188616 -0.130684 -83.6492 -0.0169919 0.999737 0.0154076 0.0335203 0.130941 -0.0130521 0.991304 67.2184 
0.990358 0.0192104 -0.137191 -83.7737 -0.0173021 0.999736 0.0150882 0.0275882 0.137445 -0.012569 0.99043 67.9901 
0.989413 0.0240587 -0.14312 -83.9129 -0.022281 0.999654 0.014011 0.0221877 0.143407 -0.0106738 0.989606 68.7561 
0.988457 0.0262378 -0.149215 -84.0517 -0.0250077 0.999636 0.0101142 0.0187462 0.149426 -0.00626588 0.988753 69.5233 
0.98757 0.0246703 -0.155232 -84.19 -0.0237851 0.999689 0.00755721 0.0110899 0.15537 -0.00377103 0.987849 70.288 
0.986678 0.0260619 -0.160583 -84.3336 -0.0254006 0.999658 0.00616987 0.00519303 0.160689 -0.00200873 0.987003 71.0538 
0.98585 0.0277277 -0.165319 -84.4802 -0.0262573 0.999594 0.0110737 0.00339652 0.165558 -0.00657619 0.986178 71.8194 
0.984802 0.0282933 -0.171361 -84.6324 -0.0260754 0.999545 0.0151799 0.000436711 0.171713 -0.0104808 0.985091 72.5715 
0.983724 0.0275674 -0.177558 -84.7871 -0.0248785 0.99954 0.0173527 -0.00949252 0.177955 -0.0126529 0.983957 73.3266 
0.982489 0.0252343 -0.184606 -84.9442 -0.0231253 0.999641 0.0135683 -0.0129209 0.184882 -0.00906154 0.982719 74.0703 
0.980955 0.0231742 -0.192848 -85.1096 -0.0223828 0.99973 0.00628156 -0.0135633 0.192942 -0.00184539 0.981209 74.8128 
0.979206 0.0205366 -0.201826 -85.2811 -0.0200772 0.999789 0.00432319 -0.0178459 0.201872 -0.000181153 0.979412 75.5538 
0.976993 0.0197888 -0.21235 -85.4639 -0.0187153 0.9998 0.00706458 -0.0240712 0.212447 -0.00292782 0.977168 76.2937 
0.97451 0.0199665 -0.223456 -85.6517 -0.0174521 0.99976 0.0132218 -0.0264424 0.223666 -0.008985 0.974625 77.0298 
0.971683 0.0214013 -0.235319 -85.8528 -0.0169901 0.99964 0.0207574 -0.0286463 0.235678 -0.0161715 0.971697 77.7614 
0.968913 0.0217928 -0.24644 -86.0616 -0.0163157 0.999573 0.0242449 -0.0322248 0.246863 -0.0194703 0.968855 78.4824 
0.965952 0.0255564 -0.257455 -86.2839 -0.0211955 0.999581 0.0196997 -0.036124 0.257851 -0.0135721 0.966089 79.1934 
0.962734 0.0247552 -0.269314 -86.5064 -0.0227618 0.999686 0.0105226 -0.0357654 0.26949 -0.00400039 0.962995 79.8936 
0.959337 0.0218935 -0.281411 -86.736 -0.0211923 0.99976 0.00553537 -0.0336275 0.281465 0.000653498 0.959571 80.5935 
0.95575 0.0204889 -0.293465 -86.9764 -0.0182596 0.99978 0.0103343 -0.033513 0.293612 -0.00451839 0.955914 81.3033 
0.952259 0.0220478 -0.304493 -87.2313 -0.0174957 0.999691 0.0176701 -0.0379294 0.304789 -0.0114991 0.952351 82.021 
0.948416 0.0220036 -0.316263 -87.4919 -0.0155707 0.999618 0.022853 -0.0379673 0.316645 -0.0167497 0.948396 82.7358 
0.944058 0.0194823 -0.329204 -87.7516 -0.0134035 0.999695 0.0207248 -0.0339188 0.329507 -0.0151529 0.944031 83.4426 
0.940086 0.0172127 -0.340503 -88.0253 -0.0125188 0.999794 0.0159773 -0.032744 0.340708 -0.0107573 0.940108 84.1435 
0.936826 0.0128283 -0.349562 -88.3063 -0.0101782 0.999904 0.00941707 -0.0401404 0.349649 -0.0052642 0.936866 84.8413 
0.93391 0.00883682 -0.357398 -88.586 -0.00830363 0.999961 0.00302631 -0.0382198 0.357411 0.000141455 0.933947 85.536 
0.931019 0.00873806 -0.364866 -88.8761 -0.00893592 0.999959 0.00114606 -0.0456379 0.364861 0.00219346 0.931059 86.234 
0.92806 0.0140129 -0.372167 -89.1881 -0.0147336 0.999891 0.000907357 -0.0536953 0.372139 0.0046413 0.928166 86.9212 
0.924805 0.0135953 -0.380199 -89.4943 -0.0135815 0.999904 0.00271891 -0.0606027 0.380199 0.00264924 0.924901 87.6233 
0.921457 0.0143959 -0.388213 -89.8054 -0.0116945 0.999888 0.00932032 -0.0647877 0.388303 -0.00404829 0.921523 88.327 
0.918561 0.0163092 -0.394942 -90.1278 -0.0103288 0.999798 0.017264 -0.0651259 0.395143 -0.0117787 0.918544 89.0351 
0.915829 0.026117 -0.400717 -90.4618 -0.0179956 0.99955 0.0240176 -0.0708663 0.401164 -0.0147849 0.915887 89.7254 
0.913008 0.0327151 -0.406628 -90.798 -0.0265011 0.99943 0.0209054 -0.0722162 0.40708 -0.00831066 0.913355 90.4114 
0.910423 0.0287648 -0.412677 -91.123 -0.0256686 0.999585 0.0130456 -0.0692152 0.412881 -0.00128411 0.910784 91.0971 
0.908392 0.0206005 -0.417611 -91.4529 -0.0200917 0.999782 0.00561479 -0.0684851 0.417636 0.00329013 0.908609 91.7886 
0.906509 0.0213484 -0.421647 -91.7876 -0.0214044 0.99976 0.00460092 -0.0671007 0.421644 0.00485437 0.906749 92.4787 
0.904097 0.0270444 -0.426472 -92.1399 -0.0252345 0.999633 0.00989531 -0.0752203 0.426582 0.00181551 0.904447 93.1757 
0.901463 0.0292846 -0.431864 -92.4933 -0.0258517 0.99957 0.0138183 -0.0762983 0.432083 -0.00129219 0.901833 93.8724 
0.899073 0.0254175 -0.43706 -92.8416 -0.0224617 0.999677 0.011931 -0.086936 0.437222 -0.000909678 0.899353 94.5634 
0.896519 0.0237234 -0.442369 -93.1939 -0.023793 0.999702 0.00539242 -0.092043 0.442365 0.0056909 0.896817 95.2506 
0.894234 0.0208968 -0.447112 -93.5586 -0.023889 0.999714 -0.00105457 -0.096754 0.446963 0.0116241 0.894477 95.9334 
0.891824 0.021495 -0.451872 -93.9282 -0.0254789 0.999672 -0.00273269 -0.102673 0.451664 0.0139503 0.892079 96.6167 
0.889683 0.0242664 -0.455933 -94.2998 -0.0265404 0.999647 0.00141524 -0.116822 0.455807 0.0108416 0.890013 97.2993 
0.887482 0.0259605 -0.46011 -94.6757 -0.0273078 0.99962 0.00372833 -0.129728 0.460032 0.00925582 0.887854 97.9809 
0.884894 0.0264407 -0.465041 -95.0494 -0.0274642 0.999612 0.00457493 -0.143588 0.464982 0.00872371 0.885277 98.659 
0.882531 0.0244821 -0.469616 -95.4253 -0.0257018 0.999662 0.00381403 -0.154964 0.469551 0.00870402 0.882863 99.3335 
0.880269 0.0225762 -0.473938 -95.8013 -0.0240451 0.999707 0.00296103 -0.162681 0.473866 0.00878946 0.880553 100.007 
0.877934 0.0218669 -0.478282 -96.177 -0.0230516 0.999729 0.00339361 -0.172301 0.478226 0.00804584 0.8782 100.669 
0.875553 0.0234155 -0.482554 -96.5634 -0.0246394 0.999689 0.00380279 -0.181937 0.482493 0.00856035 0.875858 101.326 
0.87318 0.0239191 -0.486811 -96.9495 -0.0253864 0.999671 0.00358299 -0.191278 0.486737 0.00922986 0.8735 101.983 
0.870643 0.0207825 -0.491477 -97.3287 -0.0241559 0.999708 -0.000518378 -0.204011 0.491322 0.0123235 0.870891 102.631 
0.86813 0.0176549 -0.496022 -97.7091 -0.0232184 0.999718 -0.00505356 -0.22026 0.495793 0.015904 0.868295 103.273 
0.865913 0.0157892 -0.499946 -98.0921 -0.022662 0.999714 -0.00767824 -0.234586 0.499681 0.0179785 0.866023 103.908 
0.864024 0.0176981 -0.50314 -98.4791 -0.0227533 0.999734 -0.00390759 -0.246517 0.502937 0.0148244 0.864196 104.536 
0.86216 0.0218658 -0.506163 -98.865 -0.0224708 0.999735 0.00491251 -0.258752 0.506137 0.00713859 0.862424 105.16 
0.860549 0.0240617 -0.508799 -99.246 -0.0194536 0.999707 0.0143748 -0.271197 0.508996 -0.00247223 0.860765 105.783 
0.859051 0.0242203 -0.511318 -99.6173 -0.0166501 0.999674 0.0193795 -0.282854 0.51162 -0.00813447 0.859173 106.381 
0.857312 0.0212484 -0.514359 -99.9828 -0.0136272 0.999734 0.018586 -0.281327 0.514617 -0.00892469 0.857374 106.979 
0.855506 0.0191813 -0.517438 -100.35 -0.0134704 0.9998 0.014791 -0.280285 0.517618 -0.00568372 0.855593 107.556 
0.853911 0.0173518 -0.52013 -100.709 -0.0131853 0.999845 0.0117087 -0.282314 0.520252 -0.00314006 0.854007 108.114 
0.852516 0.0157361 -0.522464 -101.064 -0.0121865 0.999873 0.0102301 -0.282187 0.522559 -0.00235428 0.8526 108.662 
0.851243 0.0143282 -0.524576 -101.404 -0.0108586 0.999894 0.00969041 -0.283735 0.524659 -0.00255268 0.851309 109.191 
0.849883 0.0147166 -0.526766 -101.738 -0.0106496 0.999886 0.0107523 -0.29394 0.526863 -0.0035283 0.849943 109.698 
0.848721 0.0145134 -0.528641 -102.064 -0.0095796 0.999881 0.0120711 -0.297151 0.528753 -0.00518079 0.84876 110.193 
0.847136 0.0133654 -0.531208 -102.373 -0.00788408 0.99989 0.0125845 -0.305414 0.531318 -0.00647268 0.847148 110.671 
0.845569 0.0115722 -0.53374 -102.663 -0.00567105 0.999903 0.0126949 -0.309118 0.533835 -0.00770752 0.845553 111.129 
0.84458 0.0105237 -0.535326 -102.955 -0.00505441 0.999919 0.0116826 -0.314246 0.535405 -0.00716105 0.844565 111.559 
0.843242 0.0103451 -0.537434 -103.23 -0.00708291 0.999942 0.00813469 -0.321376 0.537487 -0.00305287 0.843266 111.975 
0.841673 0.00770992 -0.539933 -103.499 -0.00672984 0.99997 0.00378814 -0.324584 0.539946 0.000445338 0.841699 112.372 
0.839501 0.00344408 -0.543348 -103.761 -0.00327635 0.999994 0.00127641 -0.32283 0.543349 0.000708702 0.839507 112.753 
0.836812 -0.000802133 -0.54749 -104.008 0.00174549 0.999998 0.00120273 -0.319948 0.547488 -0.00196205 0.836811 113.124 
0.833261 0.000153389 -0.552879 -104.25 0.00146285 0.999996 0.00248209 -0.323769 0.552877 -0.00287695 0.833258 113.475 
0.829201 0.00353614 -0.55894 -104.485 -0.00155642 0.999991 0.00401743 -0.326707 0.558949 -0.00246126 0.829199 113.806 
0.825276 0.009153 -0.564656 -104.716 -0.00556975 0.999952 0.00806856 -0.327399 0.564702 -0.00351375 0.825287 114.126 
0.821088 0.0146904 -0.570612 -104.934 -0.00744246 0.999859 0.0150319 -0.333121 0.570752 -0.00809567 0.821082 114.42 
0.816051 0.0161722 -0.577754 -105.139 -0.0062406 0.999797 0.0191713 -0.33836 0.577947 -0.0120391 0.815986 114.699 
0.810292 0.0136003 -0.585868 -105.33 -0.00202302 0.99979 0.0204111 -0.34175 0.586023 -0.0153537 0.810149 114.965 
0.803078 0.01099 -0.595773 -105.518 0.0016483 0.999785 0.0206645 -0.334088 0.595872 -0.0175772 0.802887 115.213 
0.794353 0.00985829 -0.607377 -105.708 0.00435836 0.99975 0.0219269 -0.338966 0.607441 -0.0200648 0.794111 115.437 
0.783863 0.0103487 -0.620848 -105.891 0.00458135 0.999738 0.0224485 -0.33847 0.620917 -0.0204408 0.78361 115.645 
0.77124 0.0118556 -0.636434 -106.07 0.00301251 0.999747 0.022274 -0.345348 0.636537 -0.0190958 0.77101 115.837 
0.756713 0.0101658 -0.653669 -106.242 0.00315363 0.999811 0.0191997 -0.34488 0.65374 -0.0165901 0.756537 116.016 
0.741622 0.0077035 -0.670773 -106.414 0.00223004 0.9999 0.0139489 -0.347078 0.670814 -0.0118406 0.741531 116.175 
0.726154 0.00405049 -0.68752 -106.577 0.00253371 0.99996 0.00856728 -0.347737 0.687527 -0.00796309 0.726115 116.326 
0.710458 0.00385867 -0.703729 -106.744 -0.00130985 0.999991 0.00416072 -0.344583 0.703738 -0.00203419 0.710457 116.464 
0.694328 0.00681536 -0.719626 -106.919 -0.00854265 0.999963 0.00122798 -0.335275 0.719608 0.00529494 0.694361 116.595 
0.676495 0.00828671 -0.7364 -107.095 -0.0112645 0.999936 0.000904121 -0.328384 0.736361 0.00768358 0.676546 116.731 
0.657361 0.00658369 -0.753547 -107.273 -0.00831121 0.999964 0.00148626 -0.321214 0.75353 0.00528593 0.657392 116.866 
0.636771 0.00549992 -0.771034 -107.453 -0.00527556 0.999982 0.00277612 -0.31794 0.771035 0.00229993 0.636788 116.996 
0.614291 0.00738915 -0.789045 -107.641 -0.0053693 0.999972 0.00518426 -0.319942 0.789061 0.00105202 0.614314 117.113 
0.58968 0.0113165 -0.807558 -107.836 -0.00904014 0.999932 0.00741118 -0.30668 0.807587 0.00293027 0.589742 117.223 
0.564681 0.014684 -0.825179 -108.035 -0.01125 0.999886 0.0100943 -0.296402 0.825232 0.00358326 0.564782 117.325 
0.539106 0.0173328 -0.842059 -108.239 -0.0131717 0.999839 0.0121476 -0.291857 0.842135 0.0045426 0.539248 117.416 
0.513009 0.0201764 -0.858146 -108.446 -0.0164477 0.999771 0.0136736 -0.288945 0.858225 0.00709991 0.513224 117.501 
0.485996 0.0245289 -0.873617 -108.652 -0.0208608 0.999647 0.0164625 -0.290233 0.873712 0.0102237 0.486336 117.575 
0.45783 0.0272275 -0.888623 -108.863 -0.0231753 0.999557 0.0186863 -0.287596 0.888738 0.012039 0.458258 117.649 
0.427872 0.0264315 -0.903453 -109.075 -0.022485 0.999574 0.0185948 -0.284751 0.90356 0.012358 0.428284 117.716 
0.395053 0.0237345 -0.918352 -109.301 -0.0226184 0.999614 0.0161048 -0.291416 0.91838 0.0144095 0.395437 117.784 
0.360083 0.0188359 -0.93273 -109.545 -0.0224403 0.999682 0.0115248 -0.28085 0.93265 0.0167809 0.360391 117.845 
0.320904 0.0158731 -0.946979 -109.807 -0.0226958 0.999701 0.00906592 -0.267281 0.94684 0.0185832 0.321168 117.895 
0.279565 0.0138946 -0.960026 -110.091 -0.0223 0.99972 0.00797523 -0.252324 0.959868 0.0191791 0.279796 117.934 
0.235369 0.0117817 -0.971835 -110.395 -0.0217199 0.999741 0.0068597 -0.243509 0.971663 0.0194936 0.235564 117.972 
0.187974 0.00830716 -0.982139 -110.713 -0.0209428 0.999771 0.00444799 -0.228447 0.981951 0.0197327 0.188105 117.996 
0.13873 0.00609768 -0.990312 -111.041 -0.0208869 0.999777 0.00322998 -0.22262 0.99011 0.0202365 0.138826 118.001 
0.0884518 0.00553971 -0.996065 -111.393 -0.0203977 0.999785 0.00374905 -0.214359 0.995872 0.0199859 0.0885457 117.987 
0.0361922 0.00653265 -0.999324 -111.756 -0.020065 0.999782 0.00580896 -0.206206 0.999143 0.0198413 0.0363154 117.957 
-0.0171605 0.00919554 -0.999811 -112.126 -0.0169652 0.999811 0.00948673 -0.206087 0.999709 0.0171248 -0.0170012 117.913 
-0.07079 0.0109946 -0.997431 -112.507 -0.0139525 0.999831 0.0120113 -0.201174 0.997394 0.014767 -0.0706246 117.848 
-0.124302 0.0126392 -0.992164 -112.903 -0.0105837 0.999845 0.014063 -0.197536 0.992188 0.0122488 -0.124149 117.757 
-0.177122 0.0142822 -0.984085 -113.308 -0.00797074 0.999841 0.0159455 -0.191024 0.984157 0.0106682 -0.17698 117.642 
-0.22809 0.0159142 -0.97351 -113.716 -0.00634547 0.999821 0.017831 -0.18751 0.973619 0.0102445 -0.227948 117.5 
-0.277431 0.0170776 -0.960594 -114.138 -0.00341831 0.999818 0.0187622 -0.178243 0.960739 0.00848886 -0.277322 117.335 
-0.325619 0.0183046 -0.945324 -114.568 0.000839195 0.999818 0.0190708 -0.166021 0.945501 0.00541652 -0.325575 117.152 
-0.37219 0.0199221 -0.927943 -115.006 0.00549758 0.999799 0.0192597 -0.161051 0.92814 0.00206688 -0.372225 116.941 
-0.416213 0.021756 -0.909007 -115.444 0.00972472 0.999763 0.0194754 -0.153667 0.909215 -0.00073388 -0.416326 116.703 
