1 2.12261e-08 -2.11895e-08 0 2.12261e-08 1 2.10703e-08 0 -2.11895e-08 2.10703e-08 1 0 
0.999998 0.000777295 0.00180649 -0.00887439 -0.000775749 0.999999 -0.000832905 -0.00732818 -0.00180718 0.000831544 0.999998 0.449534 
0.999991 0.00218436 0.00363281 -0.0177037 -0.00217791 0.999996 -0.00176775 -0.0135635 -0.0036367 0.00175987 0.999992 0.912377 
0.99998 0.0033527 0.00542072 -0.0269484 -0.00333954 0.999992 -0.00242765 -0.0196294 -0.00542885 0.00240954 0.999982 1.38994 
0.999969 0.00363027 0.0070447 -0.0342866 -0.00361314 0.999991 -0.00243685 -0.0247269 -0.00705353 0.00241136 0.999972 1.88196 
0.999957 0.00305274 0.00871503 -0.0393032 -0.00303311 0.999993 -0.00226003 -0.0323913 -0.00872191 0.00223354 0.99996 2.3821 
0.999941 0.00244246 0.0106071 -0.0420264 -0.00243247 0.999997 -0.000951406 -0.0426981 -0.0106094 0.00092559 0.999943 2.89214 
0.99992 0.00247124 0.012393 -0.047763 -0.00247737 0.999997 0.000483138 -0.0494538 -0.0123918 -0.00051376 0.999923 3.40277 
0.999909 0.00301351 0.0131445 -0.048681 -0.00303668 0.999994 0.00174569 -0.0585347 -0.0131392 -0.00178541 0.999912 3.91991 
0.999895 0.0038209 0.0140101 -0.0530034 -0.0038458 0.999991 0.00175405 -0.0680609 -0.0140033 -0.0018077 0.9999 4.43788 
0.999874 0.00491034 0.0151163 -0.0572319 -0.00492913 0.999987 0.00120889 -0.0738838 -0.0151102 -0.0012832 0.999885 4.95177 
0.999863 0.00499675 0.0157648 -0.0577527 -0.00501381 0.999987 0.00104584 -0.0818347 -0.0157594 -0.0011247 0.999875 5.47501 
0.999843 0.00624232 0.0165675 -0.0598563 -0.00624984 0.99998 0.000404607 -0.0901663 -0.0165647 -0.000508046 0.999863 6.00329 
0.999822 0.00719881 0.0174272 -0.0605208 -0.00719515 0.999974 -0.000270077 -0.0980686 -0.0174287 0.00014468 0.999848 6.53752 
0.999795 0.00837486 0.0184597 -0.0622717 -0.00836827 0.999965 -0.000432024 -0.10618 -0.0184627 0.0002775 0.99983 7.07423 
0.999773 0.00896372 0.0193212 -0.0636066 -0.00894628 0.99996 -0.000986339 -0.116974 -0.0193293 0.000813304 0.999813 7.61684 
0.999736 0.0102521 0.0205826 -0.0629802 -0.0102268 0.999947 -0.00133313 -0.125938 -0.0205952 0.00112233 0.999787 8.16344 
0.999664 0.0113936 0.0233045 -0.0590736 -0.0113625 0.999934 -0.00146573 -0.133972 -0.0233197 0.00120048 0.999727 8.71437 
0.999555 0.0121319 0.0272532 -0.0538814 -0.0120853 0.999925 -0.00187131 -0.144176 -0.0272739 0.00154116 0.999627 9.27762 
0.999437 0.0121622 0.0312722 -0.0450156 -0.0120961 0.999924 -0.002301 -0.154063 -0.0312979 0.00192147 0.999508 9.84467 
0.99928 0.0116134 0.0361239 -0.0312336 -0.0115195 0.99993 -0.00280699 -0.164416 -0.036154 0.00238889 0.999343 10.4234 
0.999045 0.0120318 0.041997 -0.0128823 -0.0119299 0.999925 -0.00267318 -0.175099 -0.042026 0.00216965 0.999114 11.0063 
0.998752 0.012041 0.0484688 -0.00214239 -0.0119487 0.999926 -0.00219204 -0.18575 -0.0484916 0.00161021 0.998822 11.588 
0.998438 0.0121408 0.0545337 0.0242401 -0.012001 0.999924 -0.00288968 -0.19523 -0.0545646 0.00223075 0.998508 12.1866 
0.998097 0.0103799 0.0607784 0.0561236 -0.0101667 0.999941 -0.00381551 -0.207327 -0.0608145 0.00319037 0.998144 12.7967 
0.997711 0.00963947 0.0669251 0.0916747 -0.00937537 0.999947 -0.00425848 -0.216258 -0.0669626 0.00362132 0.997749 13.4143 
0.997249 0.0123465 0.0730872 0.129714 -0.0119229 0.99991 -0.00622742 -0.226864 -0.0731575 0.00533891 0.997306 14.0481 
0.996712 0.0161261 0.0794017 0.163582 -0.0154282 0.999837 -0.00939471 -0.237886 -0.0795403 0.00813883 0.996798 14.6886 
0.99626 0.0135055 0.0853404 0.210613 -0.0127357 0.999873 -0.00955793 -0.246584 -0.0854587 0.00843536 0.996306 15.3539 
0.995903 0.00619862 0.0902133 0.269621 -0.00557859 0.999959 -0.00712304 -0.248856 -0.0902538 0.00659063 0.995897 16.029 
0.995473 0.000415278 0.0950421 0.332163 -6.26384e-05 0.999993 -0.00371283 -0.254413 -0.095043 0.00369011 0.995466 16.7261 
0.995073 0.00163141 0.0991273 0.393734 -0.0015528 0.999998 -0.000869751 -0.250383 -0.0991286 0.000711581 0.995074 17.4326 
0.99487 0.000561557 0.101165 0.457707 -0.000450192 0.999999 -0.00112321 -0.255304 -0.101165 0.00107194 0.994869 18.163 
0.994856 -0.00343315 0.101242 0.525289 0.00374214 0.999989 -0.00286174 -0.259807 -0.101231 0.00322592 0.994858 18.9001 
0.994958 -0.00857125 0.0999301 0.584832 0.00914678 0.999944 -0.00530206 -0.257251 -0.0998792 0.0061894 0.99498 19.6347 
0.995427 -0.0113344 0.0948459 0.64978 0.0119314 0.999912 -0.00572919 -0.268921 -0.0947727 0.00683467 0.995476 20.4087 
0.996103 -0.0106122 0.0875566 0.696893 0.0111585 0.999921 -0.00575172 -0.283177 -0.0874887 0.00670635 0.996143 21.1957 
0.996873 -0.0103568 0.0783369 0.740663 0.0107151 0.999934 -0.00415453 -0.291654 -0.0782887 0.00498096 0.996918 22.0089 
0.997587 -0.010495 0.0686307 0.779664 0.01066 0.999941 -0.00203893 -0.303129 -0.0686053 0.00276566 0.99764 22.8264 
0.99818 -0.00940081 0.0595644 0.80533 0.00935556 0.999956 0.00103929 -0.317863 -0.0595716 -0.000480097 0.998224 23.6533 
0.998633 -0.00918072 0.0514606 0.829386 0.00902302 0.999954 0.00329684 -0.328562 -0.0514886 -0.00282796 0.99867 24.4881 
0.998973 -0.00765219 0.0446602 0.844896 0.00748164 0.999964 0.00398569 -0.336927 -0.0446891 -0.00364743 0.998994 25.3271 
0.99922 -0.0065532 0.0389486 0.859995 0.00637889 0.999969 0.00459894 -0.348706 -0.0389775 -0.00434686 0.999231 26.1663 
0.999419 -0.00508182 0.0337166 0.871063 0.00492889 0.999977 0.00461846 -0.359416 -0.0337393 -0.00444954 0.999421 26.9967 
0.999574 -0.00470674 0.0287891 0.873324 0.00457762 0.999979 0.00455066 -0.372749 -0.0288099 -0.0044169 0.999575 27.8321 
0.999693 -0.00409455 0.0244353 0.866931 0.00399805 0.999984 0.00399878 -0.384213 -0.0244514 -0.00389981 0.999693 28.6639 
0.999797 -0.00285355 0.0199374 0.866176 0.00276339 0.999986 0.00455006 -0.395849 -0.0199501 -0.004494 0.999791 29.4957 
0.999863 -0.000785247 0.0165467 0.860217 0.000696374 0.999985 0.0053787 -0.412564 -0.0165507 -0.0053664 0.999849 30.3354 
0.999899 0.00203519 0.0140489 0.850515 -0.00212339 0.999978 0.00626921 -0.426686 -0.0140359 -0.00629837 0.999882 31.1671 
0.999918 0.00314704 0.0124303 0.840332 -0.00322507 0.999975 0.00626579 -0.440145 -0.0124103 -0.00630532 0.999903 31.9896 
0.999925 0.00392658 0.0116328 0.833238 -0.00399515 0.999975 0.00588079 -0.452212 -0.0116094 -0.00592678 0.999915 32.8019 
0.999924 0.00576983 0.0108637 0.824317 -0.00581824 0.999973 0.00443353 -0.46218 -0.0108379 -0.00449636 0.999931 33.6183 
0.999919 0.00809905 0.00983945 0.818642 -0.00814123 0.999958 0.00425844 -0.474229 -0.00980458 -0.00433815 0.999943 34.4156 
0.999905 0.0101275 0.00932206 0.804703 -0.0101725 0.999937 0.00479691 -0.486258 -0.00927293 -0.00489124 0.999945 35.2085 
0.999893 0.0117867 0.00862743 0.796281 -0.0118334 0.999916 0.00538451 -0.502313 -0.00856328 -0.00548599 0.999948 35.9905 
0.999879 0.0131882 0.00820009 0.783765 -0.0132329 0.999898 0.0054269 -0.514702 -0.00812772 -0.00553472 0.999952 36.7567 
0.999855 0.0152267 0.00764934 0.772335 -0.015268 0.999869 0.0053817 -0.528534 -0.00756644 -0.00549767 0.999956 37.5026 
0.999817 0.0175971 0.00746482 0.760793 -0.0176408 0.999827 0.00582938 -0.541361 -0.007361 -0.00595996 0.999955 38.2427 
0.999753 0.0208089 0.00779017 0.747801 -0.0208539 0.999766 0.00573947 -0.551241 -0.00766896 -0.00590047 0.999953 38.9662 
0.999652 0.0246382 0.00942555 0.734759 -0.0246932 0.999678 0.00576857 -0.564035 -0.00928044 -0.00599926 0.999939 39.673 
0.999575 0.0265092 0.0121523 0.729792 -0.0265663 0.999637 0.00456053 -0.576894 -0.012027 -0.00488139 0.999916 40.3755 
0.999491 0.0276987 0.0158538 0.728838 -0.0277598 0.999608 0.00364524 -0.591565 -0.0157466 -0.00408344 0.999868 41.0501 
0.99941 0.0272216 0.0209323 0.730574 -0.0273056 0.99962 0.00373973 -0.60135 -0.0208226 -0.00430905 0.999774 41.7335 
0.999254 0.0282059 0.0263699 0.734176 -0.0283198 0.999591 0.00395842 -0.613332 -0.0262475 -0.00470222 0.999644 42.4033 
0.999061 0.0286424 0.0325073 0.743853 -0.0288014 0.999575 0.00443506 -0.626606 -0.0323665 -0.00536711 0.999462 43.0502 
0.998811 0.0278726 0.0399947 0.756606 -0.0280899 0.999594 0.00488245 -0.637061 -0.0398424 -0.00600006 0.999188 43.6813 
0.998445 0.0275948 0.0484327 0.779982 -0.0278548 0.999601 0.00470085 -0.648269 -0.0482837 -0.00604259 0.998815 44.3027 
0.997873 0.0280125 0.0588638 0.808058 -0.028333 0.999588 0.0046184 -0.661498 -0.0587102 -0.00627632 0.998255 44.9125 
0.997112 0.0274541 0.0708153 0.844004 -0.0278251 0.999604 0.00425826 -0.669219 -0.0706704 -0.00621636 0.99748 45.5086 
0.996184 0.0261577 0.0832715 0.891218 -0.0266006 0.999637 0.00421334 -0.678874 -0.0831312 -0.00641229 0.996518 46.0934 
0.995013 0.0255349 0.0964244 0.941673 -0.0260094 0.999655 0.00366753 -0.689504 -0.0962975 -0.00615714 0.995334 46.6681 
0.993457 0.0254326 0.111337 0.998739 -0.0260048 0.999655 0.00369066 -0.700302 -0.111204 -0.00656176 0.993776 47.2273 
0.991498 0.0250196 0.127696 1.07046 -0.0257356 0.999661 0.00396047 -0.711725 -0.127554 -0.0072131 0.991805 47.7781 
0.989056 0.0273901 0.144979 1.14972 -0.0281387 0.999599 0.00311597 -0.720587 -0.144835 -0.00716135 0.98943 48.3172 
0.985819 0.0259228 0.165796 1.24154 -0.0266636 0.999642 0.00224333 -0.732146 -0.165679 -0.00663219 0.986158 48.8424 
0.981576 0.0291298 0.188837 1.34168 -0.0299009 0.999552 0.00123566 -0.74476 -0.188717 -0.00685926 0.982008 49.3587 
0.976408 0.0280732 0.214102 1.45859 -0.0285363 0.999592 -0.00092785 -0.760906 -0.21404 -0.00520368 0.976811 49.8577 
0.970266 0.0269656 0.240534 1.58855 -0.0268559 0.999632 -0.00373463 -0.773015 -0.240546 -0.00283612 0.970634 50.3386 
0.962896 0.0259645 0.268621 1.73013 -0.0251214 0.999663 -0.00657558 -0.781751 -0.268702 -0.000416524 0.963223 50.8042 
0.954199 0.0237389 0.298229 1.88486 -0.0224423 0.999718 -0.00777147 -0.794637 -0.298329 0.000722623 0.954463 51.2539 
0.943906 0.0262966 0.329166 2.03958 -0.0242535 0.999653 -0.0103121 -0.803638 -0.329323 0.00175023 0.944216 51.6855 
0.932321 0.0265823 0.360653 2.21013 -0.0246244 0.999647 -0.0100235 -0.821334 -0.360792 0.000464267 0.932646 52.1032 
0.919213 0.0257053 0.39292 2.3888 -0.0242008 0.999669 -0.00878314 -0.837062 -0.393016 -0.00143535 0.919531 52.5048 
0.904175 0.0245096 0.426459 2.58386 -0.0234044 0.999695 -0.00783295 -0.857608 -0.426521 -0.00289864 0.904473 52.8817 
0.886907 0.0240426 0.461322 2.78323 -0.022844 0.999706 -0.00818299 -0.872285 -0.461383 -0.00328088 0.887195 53.2422 
0.867528 0.0237142 0.496822 2.98838 -0.021944 0.999715 -0.00940048 -0.884009 -0.496903 -0.00274704 0.867802 53.581 
0.846234 0.0230096 0.532314 3.21238 -0.0201087 0.999735 -0.0112467 -0.89722 -0.532432 -0.00118674 0.846472 53.9059 
0.822845 0.0219736 0.567842 3.44472 -0.0176268 0.999758 -0.0131447 -0.906211 -0.567993 0.000806888 0.823033 54.2102 
0.797379 0.0188287 0.603185 3.69174 -0.0136363 0.99982 -0.0131833 -0.922358 -0.603325 0.00228687 0.797492 54.5029 
0.769275 0.0152459 0.638736 3.94904 -0.0105512 0.999882 -0.0111585 -0.934346 -0.638831 0.0018446 0.769345 54.7854 
0.739282 0.011003 0.673307 4.21887 -0.00783435 0.999939 -0.00773868 -0.942676 -0.673351 0.000446169 0.739323 55.0546 
0.707109 0.00733379 0.707067 4.49956 -0.00645251 0.999972 -0.00391887 -0.955389 -0.707076 -0.00179127 0.707136 55.3067 
0.671813 0.00504776 0.740704 4.78633 -0.0075715 0.999971 5.2739e-05 -0.965441 -0.740683 -0.00564365 0.671832 55.544 
0.633997 0.00136561 0.773334 5.07982 -0.00561752 0.99998 0.00283961 -0.971308 -0.773315 -0.00614451 0.633993 55.7625 
0.594676 -0.00232761 0.803962 5.38375 -0.00297813 0.999983 0.00509805 -0.981845 -0.80396 -0.00542597 0.594659 55.9543 
0.552469 -0.00439392 0.833522 5.69855 0.000443807 0.999988 0.00497734 -0.986389 -0.833534 -0.00237989 0.552464 56.1286 
0.507512 -0.00352917 0.861637 6.03035 0.00143434 0.999994 0.00325109 -0.996524 -0.861643 -0.000414073 0.507514 56.2975 
0.460472 -0.00103016 0.887673 6.37608 0.000367547 1 0.00096991 -1.00063 -0.887674 -0.000120343 0.460473 56.4569 
0.410935 0.00174513 0.911663 6.7415 -0.00264546 0.999996 -0.000721712 -1.00281 -0.911661 -0.00211519 0.410938 56.6073 
0.3607 0.00448012 0.932671 7.12703 -0.00659612 0.999976 -0.0022524 -1.00231 -0.932659 -0.00533956 0.360721 56.7391 
0.311251 0.00479471 0.950316 7.52773 -0.0088543 0.999959 -0.00214513 -1.0111 -0.950287 -0.00774669 0.31128 56.8407 
0.262808 0.00470642 0.964837 7.94088 -0.00710978 0.99997 -0.00294115 -1.01525 -0.964822 -0.00608681 0.262834 56.9269 
0.217607 0.00407109 0.976028 8.37389 -0.00522012 0.999982 -0.00300712 -1.01848 -0.976022 -0.00444061 0.217625 57.0001 
0.175818 0.00196993 0.984421 8.82525 -0.00526149 0.999986 -0.00106133 -1.02428 -0.984409 -0.00499291 0.175825 57.0615 
0.137074 -0.000148121 0.990561 9.30509 -0.00517183 0.999986 0.000865255 -1.02628 -0.990547 -0.00524161 0.137071 57.1108 
0.101118 -0.00199279 0.994872 9.80547 -0.00591541 0.999979 0.0026043 -1.03145 -0.994857 -0.00614842 0.101104 57.144 
0.0684926 -0.00325002 0.997646 10.323 -0.00467938 0.999983 0.00357894 -1.03679 -0.997641 -0.00491349 0.0684762 57.1647 
0.0393057 -0.00370226 0.99922 10.8597 -0.00445535 0.999983 0.00388038 -1.03895 -0.999217 -0.0046044 0.0392885 57.1722 
0.0126398 -0.00164056 0.999919 11.4172 -0.00668525 0.999976 0.0017252 -1.04221 -0.999898 -0.00670651 0.0126285 57.179 
-0.00957119 0.00102707 0.999954 11.9947 -0.0105341 0.999944 -0.00112785 -1.04201 -0.999899 -0.0105444 -0.00955983 57.1723 
-0.0292386 0.00181488 0.999571 12.5939 -0.0106602 0.999941 -0.00212734 -1.04754 -0.999516 -0.0107179 -0.0292175 57.1553 
-0.0462609 0.00232078 0.998927 13.2113 -0.00643971 0.999976 -0.0026214 -1.05296 -0.998909 -0.00655406 -0.0462449 57.1189 
-0.061981 0.00212484 0.998075 13.8446 -0.00446763 0.999987 -0.00240631 -1.0588 -0.998067 -0.00460818 -0.0619707 57.0772 
-0.0775218 0.000930618 0.99699 14.5022 -0.00498812 0.999987 -0.00132123 -1.06665 -0.996978 -0.00507553 -0.0775161 57.0347 
-0.0920849 0.0021048 0.995749 15.1735 -0.00400222 0.999989 -0.00248384 -1.07384 -0.995743 -0.00421394 -0.0920755 56.9744 
-0.104378 0.00414804 0.994529 15.8625 -0.00257582 0.999987 -0.0044411 -1.07969 -0.994534 -0.00302529 -0.104366 56.9058 
-0.113807 0.00660919 0.993481 16.568 0.00473168 0.99997 -0.00611029 -1.08907 -0.993492 0.00400544 -0.113835 56.8213 
-0.119524 0.00944119 0.992786 17.2905 0.012188 0.999893 -0.0080414 -1.09889 -0.992757 0.0111389 -0.119626 56.7311 
-0.121621 0.00953265 0.992531 18.0406 0.0171939 0.999824 -0.00749578 -1.11322 -0.992428 0.0161539 -0.121763 56.639 
-0.12113 0.00799582 0.992605 18.8031 0.0182903 0.999816 -0.00582187 -1.12541 -0.992468 0.0174498 -0.121254 56.5536 
-0.118504 0.0071808 0.992928 19.5883 0.0217446 0.999753 -0.00463495 -1.13719 -0.992716 0.0210415 -0.118631 56.4764 
-0.113846 0.00623476 0.993479 20.3757 0.023776 0.999711 -0.00354927 -1.15145 -0.993214 0.0232169 -0.113961 56.3956 
-0.109415 0.00725524 0.99397 21.1749 0.0219099 0.999748 -0.00488555 -1.16345 -0.993755 0.0212432 -0.109547 56.3259 
-0.105313 0.00827397 0.994405 21.9765 0.0215944 0.999749 -0.00603142 -1.17478 -0.994205 0.0208384 -0.105466 56.2616 
-0.100759 0.00763859 0.994882 22.7839 0.0262858 0.999642 -0.00501295 -1.19108 -0.994564 0.0256461 -0.100924 56.189 
-0.0970365 0.00560964 0.995265 23.5952 0.0320777 0.999482 -0.00250586 -1.20698 -0.994764 0.0316826 -0.0971662 56.117 
-0.0929998 0.00226537 0.995664 24.4075 0.0343592 0.999409 0.000935468 -1.21834 -0.995073 0.0342972 -0.0930227 56.0476 
-0.0884789 -0.00145984 0.996077 25.2197 0.0374786 0.999286 0.00479371 -1.23576 -0.995373 0.0377557 -0.088361 55.99 
-0.082908 -0.00429304 0.996548 26.0324 0.0382757 0.999239 0.00748903 -1.2458 -0.995822 0.0387645 -0.0826806 55.9323 
-0.0788502 -0.00565001 0.996871 26.8434 0.0358214 0.999322 0.00849734 -1.25481 -0.996243 0.0363793 -0.0785944 55.8897 
-0.0751278 -0.0070392 0.997149 27.6539 0.0292 0.999531 0.00925606 -1.25954 -0.996746 0.0298122 -0.074887 55.8568 
-0.0708538 -0.0105891 0.997431 28.4709 0.0232451 0.999655 0.012264 -1.26404 -0.997216 0.0240543 -0.0705832 55.8267 
-0.0664791 -0.0119361 0.997716 29.2804 0.0203749 0.999704 0.0133175 -1.27118 -0.99758 0.0212137 -0.0662162 55.7965 
-0.0622953 -0.00818068 0.998024 30.0858 0.0210903 0.999732 0.00951115 -1.28282 -0.997835 0.0216412 -0.0621061 55.7616 
-0.058922 -0.000158193 0.998263 30.8933 0.021775 0.999762 0.00144373 -1.28746 -0.998025 0.0218222 -0.0589045 55.7293 
-0.0561413 0.00597773 0.998405 31.7069 0.0204621 0.999779 -0.00483531 -1.29492 -0.998213 0.020158 -0.0562512 55.6991 
-0.0545225 0.00515672 0.998499 32.5301 0.019415 0.999803 -0.00410327 -1.30742 -0.998324 0.0191622 -0.0546119 55.6734 
-0.0530277 0.00155567 0.998592 33.3584 0.02224 0.999753 -0.000376437 -1.32034 -0.998345 0.0221887 -0.0530492 55.6404 
-0.0523119 0.00132452 0.99863 34.1841 0.0227116 0.999742 -0.000136233 -1.33705 -0.998373 0.0226734 -0.0523285 55.6121 
-0.0523639 0.0039391 0.99862 35.0125 0.0206097 0.999784 -0.00286295 -1.35102 -0.998415 0.0204314 -0.0524338 55.5879 
-0.0524488 0.00520033 0.99861 35.8538 0.0137171 0.999896 -0.00448654 -1.36469 -0.998529 0.0134627 -0.0525147 55.5685 
-0.0532563 0.00436185 0.998571 36.697 0.0121617 0.999919 -0.00371909 -1.37841 -0.998507 0.0119463 -0.053305 55.5381 
-0.0545537 0.00337997 0.998505 37.5508 0.012447 0.999919 -0.00270467 -1.39394 -0.998433 0.0122808 -0.0545913 55.5076 
-0.0561664 0.00719582 0.998396 38.4053 0.0122115 0.999904 -0.00651968 -1.41262 -0.998347 0.0118258 -0.0562489 55.4762 
-0.0576311 0.0115555 0.998271 39.266 0.0123912 0.999864 -0.0108585 -1.42362 -0.998261 0.011744 -0.0577665 55.4445 
-0.0581606 0.0143329 0.998204 40.1337 0.0141942 0.999808 -0.0135288 -1.44425 -0.998206 0.0133819 -0.0583529 55.4069 
-0.0594364 0.0152776 0.998115 41.0188 0.0164371 0.999762 -0.014324 -1.46899 -0.998097 0.0155548 -0.0596734 55.3698 
-0.060131 0.0164839 0.998054 41.9113 0.0169832 0.999736 -0.0154884 -1.49684 -0.998046 0.0160188 -0.060395 55.327 
-0.0614062 0.0164962 0.997977 42.8157 0.0161985 0.999748 -0.0155287 -1.51626 -0.997981 0.0152121 -0.061658 55.29 
-0.0621297 0.0116 0.998001 43.7247 0.0149639 0.999831 -0.0106896 -1.53954 -0.997956 0.0142698 -0.0622928 55.2457 
-0.0634952 0.0100758 0.997931 44.6534 0.0147197 0.99985 -0.00915854 -1.56583 -0.997874 0.0141077 -0.063634 55.2009 
-0.0652453 0.0133383 0.99778 45.5785 0.0152794 0.999807 -0.0123662 -1.58972 -0.997752 0.0144386 -0.0654365 55.1661 
-0.0657196 0.0172869 0.997688 46.5136 0.0161747 0.999737 -0.0162569 -1.60812 -0.997707 0.0150689 -0.0659819 55.117 
-0.0653427 0.0185963 0.99769 47.4585 0.0191635 0.999665 -0.017378 -1.63323 -0.997679 0.0179837 -0.0656772 55.064 
-0.0653386 0.015139 0.997748 48.4208 0.0236887 0.999627 -0.0136162 -1.66225 -0.997582 0.0227457 -0.0656728 55.0107 
-0.0657534 0.00968426 0.997789 49.4014 0.0253571 0.999646 -0.00803123 -1.6801 -0.997514 0.024773 -0.0659757 54.9574 
-0.0650086 0.00673281 0.997862 50.3937 0.0263378 0.99964 -0.00502892 -1.70354 -0.997537 0.0259545 -0.0651625 54.9067 
-0.0633456 0.00823479 0.997958 51.3815 0.0256383 0.999649 -0.00662131 -1.72238 -0.997662 0.0251665 -0.0635346 54.8624 
-0.0624736 0.0110419 0.997986 52.3724 0.0253419 0.999634 -0.00947367 -1.74176 -0.997725 0.024699 -0.0627306 54.8169 
-0.062281 0.0129815 0.997974 53.3698 0.0193437 0.999743 -0.0117972 -1.7686 -0.997871 0.0185697 -0.0625161 54.784 
-0.0629526 0.0128203 0.997934 54.3861 0.0165595 0.999793 -0.0117995 -1.79041 -0.997879 0.0157825 -0.0631519 54.7479 
-0.0631942 0.00837921 0.997966 55.4125 0.0171938 0.999826 -0.00730602 -1.8075 -0.997853 0.0166972 -0.0633272 54.696 
-0.0638647 0.00233282 0.997956 56.4544 0.0151978 0.999884 -0.00136469 -1.83163 -0.997843 0.0150796 -0.0638927 54.6492 
-0.0646094 0.0026477 0.997907 57.4882 0.0177023 0.999842 -0.00150666 -1.85356 -0.997754 0.0175679 -0.0646461 54.5977 
-0.0647985 0.00604666 0.99788 58.5215 0.021002 0.999768 -0.00469427 -1.87083 -0.997677 0.0206533 -0.0649105 54.5419 
-0.0658537 0.00891391 0.99779 59.5686 0.0232879 0.999702 -0.00739396 -1.89014 -0.997558 0.0227495 -0.0660417 54.4855 
-0.0679068 0.00599029 0.997674 60.6318 0.0233321 0.999718 -0.00441442 -1.91169 -0.997419 0.022978 -0.0680274 54.4252 
-0.0704698 0.000633789 0.997514 61.6982 0.0246976 0.999694 0.00110964 -1.9332 -0.997208 0.0247144 -0.0704639 54.3656 
-0.0734469 -0.00233582 0.997296 62.7688 0.0261733 0.999648 0.00426892 -1.94915 -0.996956 0.026416 -0.0733599 54.3008 
-0.0771239 -0.00117728 0.997021 63.8399 0.0305748 0.999526 0.00354538 -1.95694 -0.996553 0.0307572 -0.0770514 54.2334 
-0.0805026 -0.00228544 0.996752 64.9124 0.033656 0.999421 0.00500983 -1.97128 -0.996186 0.03395 -0.080379 54.1611 
-0.0842061 -0.00433403 0.996439 65.9898 0.0373482 0.999274 0.00750259 -1.98656 -0.995748 0.037847 -0.0839831 54.0843 
-0.0872024 -0.00385566 0.996183 67.0656 0.0413134 0.999118 0.0074835 -1.99814 -0.995334 0.0418083 -0.0869662 54.012 
-0.08944 -0.000257064 0.995992 68.1288 0.04498 0.998979 0.00429707 -2.01201 -0.994976 0.045184 -0.089337 53.9298 
-0.0912678 0.00451995 0.995816 69.1939 0.0475579 0.998869 -0.000175016 -2.02609 -0.99469 0.047343 -0.0913795 53.853 
-0.0925998 0.00740246 0.995676 70.2624 0.0508477 0.998703 -0.00269599 -2.04214 -0.994404 0.0503782 -0.0928561 53.7706 
-0.091893 0.00667672 0.995747 71.3371 0.0501305 0.998741 -0.00207043 -2.0634 -0.994506 0.049727 -0.092112 53.6882 
-0.089284 0.00418785 0.995997 72.4158 0.0511083 0.998693 0.00038235 -2.08469 -0.994694 0.0509379 -0.0893814 53.621 
-0.0843708 0.00112751 0.996434 73.4911 0.0544986 0.998508 0.00348474 -2.0975 -0.994943 0.0545983 -0.0843064 53.5389 
-0.0792579 -0.00192646 0.996852 74.5626 0.0542986 0.998505 0.00624688 -2.11248 -0.995374 0.0546228 -0.0790348 53.475 
-0.0742966 -0.00530114 0.997222 75.642 0.0556175 0.998407 0.00945118 -2.1264 -0.995684 0.0561652 -0.0738834 53.4174 
-0.0695033 -0.00645838 0.997561 76.7176 0.0569389 0.998323 0.0104305 -2.13939 -0.995955 0.057525 -0.069019 53.362 
-0.0657096 -0.00228749 0.997836 77.792 0.0574237 0.998331 0.00607013 -2.15262 -0.996185 0.0576983 -0.0654686 53.3111 
-0.0634838 0.00242661 0.99798 78.8638 0.0568662 0.998381 0.00118984 -2.1638 -0.996361 0.0568269 -0.063519 53.2652 
-0.0620274 0.00233891 0.998072 79.937 0.0574974 0.998345 0.0012338 -2.17763 -0.996417 0.0574631 -0.0620592 53.2162 
-0.0605558 0.000260153 0.998165 81.0182 0.058119 0.998304 0.00326576 -2.19593 -0.996471 0.0582101 -0.0604682 53.1676 
-0.0583944 0.00304509 0.998289 82.0915 0.0587403 0.998273 0.000390982 -2.21547 -0.996564 0.0586626 -0.0584725 53.1192 
-0.05641 0.00910288 0.998366 83.173 0.0587773 0.998254 -0.00578077 -2.23186 -0.996676 0.0583552 -0.0568466 53.0785 
-0.054524 0.0124864 0.998434 84.27 0.0586012 0.998238 -0.00928368 -2.25035 -0.996791 0.0580033 -0.0551597 53.0525 
-0.0522803 0.0117062 0.998564 85.3596 0.0585138 0.998249 -0.00863897 -2.28156 -0.996917 0.0579781 -0.0528737 53.0171 
-0.0486944 0.00850248 0.998778 86.4494 0.0563355 0.998395 -0.0057526 -2.31009 -0.997224 0.0559865 -0.0490953 52.9865 
-0.0443682 0.00426998 0.999006 87.5423 0.0558287 0.998439 -0.00178803 -2.33325 -0.997454 0.0556939 -0.0445373 52.9604 
-0.0398647 0.00199626 0.999203 88.6284 0.0541972 0.99853 0.0001674 -2.35297 -0.997734 0.0541607 -0.0399143 52.9363 
-0.0362993 0.00614143 0.999322 89.7012 0.0501987 0.99873 -0.00431434 -2.37533 -0.998079 0.0500081 -0.0365615 52.9177 
-0.0344694 0.0156403 0.999283 90.7831 0.0469403 0.998799 -0.0140135 -2.40203 -0.998303 0.0464236 -0.0351622 52.9064 
-0.0337976 0.0235508 0.999151 91.87 0.0411204 0.998909 -0.022154 -2.43545 -0.998582 0.0403368 -0.0347292 52.9039 
-0.033358 0.0231741 0.999175 92.9552 0.0406479 0.998935 -0.0218114 -2.47136 -0.998617 0.0398868 -0.0342644 52.891 
-0.0323145 0.0171359 0.999331 94.0667 0.0404395 0.999057 -0.0158235 -2.50987 -0.998659 0.0399011 -0.032977 52.8701 
-0.0335411 0.0108932 0.999378 95.1727 0.0421096 0.999068 -0.00947652 -2.54167 -0.99855 0.0417655 -0.0339686 52.8497 
-0.0350981 0.00514611 0.999371 96.2676 0.0410358 0.999151 -0.00370375 -2.56619 -0.998541 0.04088 -0.0352795 52.8204 
-0.0368925 -0.000154364 0.999319 97.36 0.040629 0.999173 0.00165431 -2.59657 -0.998493 0.0406624 -0.0368557 52.7945 
-0.0386655 0.000892132 0.999252 98.4534 0.0414537 0.99914 0.000712039 -2.60907 -0.998392 0.0414503 -0.0386693 52.7643 
-0.0405483 0.000962818 0.999177 99.536 0.0407441 0.999169 0.000690691 -2.63361 -0.998347 0.0407385 -0.0405538 52.7383 
-0.0418938 -0.000430186 0.999122 100.614 0.0422125 0.999106 0.00220022 -2.65519 -0.99823 0.0422676 -0.0418382 52.7049 
-0.0428057 0.001305 0.999083 101.692 0.0428577 0.999081 0.000531281 -2.67782 -0.998164 0.0428412 -0.0428223 52.6743 
-0.0431138 0.00950578 0.999025 102.764 0.0438033 0.999011 -0.00761524 -2.70338 -0.998109 0.0434323 -0.0434875 52.6407 
-0.0431569 0.0173046 0.998918 103.822 0.0409488 0.99904 -0.0155375 -2.7329 -0.998229 0.0402339 -0.0438241 52.6098 
-0.0441858 0.0174984 0.99887 104.884 0.0385056 0.999134 -0.0157997 -2.76757 -0.998281 0.037764 -0.0448213 52.5812 
-0.046317 0.0116071 0.998859 105.955 0.0340165 0.999371 -0.0100357 -2.8017 -0.998347 0.0335129 -0.0466827 52.5557 
-0.0491199 0.00387046 0.998785 107.018 0.0278096 0.99961 -0.00250595 -2.82706 -0.998406 0.0276527 -0.0492084 52.5281 
-0.0512302 -0.00428639 0.998678 108.074 0.0261405 0.999642 0.00563153 -2.84641 -0.998345 0.0263944 -0.0510999 52.4994 
-0.0526447 -0.0108689 0.998554 109.124 0.0297037 0.999481 0.0124451 -2.86343 -0.998171 0.0303159 -0.0522946 52.454 
-0.0542552 -0.0111117 0.998465 110.167 0.0287741 0.999505 0.0126869 -2.87303 -0.998112 0.0294182 -0.0539086 52.4137 
-0.0547466 -0.00355834 0.998494 111.201 0.0326794 0.999452 0.00535357 -2.88832 -0.997965 0.0329233 -0.0546003 52.3687 
-0.055194 0.0110701 0.998414 112.227 0.0414196 0.999103 -0.00878791 -2.90946 -0.997616 0.0408689 -0.055603 52.3179 
-0.0564694 0.0222664 0.998156 113.256 0.0466005 0.998721 -0.0196426 -2.93337 -0.997316 0.0454054 -0.0574348 52.2751 
-0.0568239 0.0190972 0.998202 114.29 0.0466118 0.998778 -0.0164548 -2.96241 -0.997296 0.045593 -0.0576446 52.2348 
-0.0568653 0.00864271 0.998344 115.338 0.0493637 0.998764 -0.00583456 -2.99291 -0.997161 0.0489502 -0.0572217 52.1934 
-0.0562113 -0.00128233 0.998418 116.375 0.0497892 0.998751 0.00408595 -3.01284 -0.997177 0.0499402 -0.0560772 52.1471 
-0.055926 -0.00663285 0.998413 117.403 0.0485722 0.998776 0.00935607 -3.02819 -0.997253 0.0490183 -0.0555353 52.107 
-0.0561632 -0.0121944 0.998347 118.42 0.0465948 0.998804 0.0148213 -3.04091 -0.997334 0.0473502 -0.0555279 52.0721 
-0.0557973 -0.0155701 0.998321 119.429 0.0438252 0.998877 0.0180282 -3.04843 -0.99748 0.0447575 -0.0550522 52.0375 
-0.0555894 -0.0136648 0.99836 120.428 0.0427964 0.998955 0.0160559 -3.05978 -0.997536 0.0436188 -0.0549465 51.9976 
-0.0545624 -0.00653386 0.998489 121.433 0.0406748 0.999134 0.0087608 -3.06462 -0.997682 0.0410914 -0.0542494 51.9558 
-0.0539522 -0.000681996 0.998543 122.43 0.0408222 0.999162 0.00288812 -3.07727 -0.997709 0.0409185 -0.0538792 51.9119 
-0.0536407 0.00460055 0.99855 123.415 0.0411814 0.999149 -0.00239106 -3.0947 -0.997711 0.0409935 -0.0537845 51.8739 
-0.0532133 0.00914718 0.998541 124.393 0.042696 0.999064 -0.00687662 -3.11477 -0.99767 0.0422678 -0.053554 51.8314 
-0.0526924 0.0134726 0.99852 125.363 0.0433549 0.998997 -0.0111912 -3.14186 -0.997669 0.042701 -0.0532237 51.7943 
-0.0526735 0.0127596 0.99853 126.328 0.0449341 0.998936 -0.0103944 -3.16766 -0.9976 0.0443206 -0.0531908 51.7572 
-0.0523529 0.00650768 0.998607 127.29 0.0433637 0.99905 -0.00423714 -3.19296 -0.997687 0.0430815 -0.0525854 51.7206 
-0.0527387 -0.0033456 0.998603 128.246 0.041229 0.999134 0.00552483 -3.21361 -0.997757 0.0414628 -0.0525551 51.6894 
-0.0536403 -0.0113231 0.998496 129.188 0.0361279 0.999259 0.0132727 -3.23179 -0.997907 0.0367855 -0.0531914 51.661 
-0.055828 -0.0144329 0.998336 130.113 0.0315684 0.99937 0.0162132 -3.24156 -0.997941 0.032421 -0.0553372 51.6323 
-0.0576309 -0.0118791 0.998267 131.013 0.0271529 0.999541 0.0134619 -3.25386 -0.997969 0.0278817 -0.0572819 51.6031 
-0.0588181 -0.00479104 0.998257 131.89 0.0241471 0.999689 0.00622072 -3.26566 -0.997977 0.024471 -0.0586841 51.5728 
-0.0592573 0.00220343 0.99824 132.752 0.0263282 0.999653 -0.000643616 -3.2817 -0.997896 0.0262437 -0.0592947 51.5359 
-0.0581629 0.0078634 0.998276 133.592 0.0305619 0.999514 -0.00609248 -3.30301 -0.997839 0.0301548 -0.058375 51.4977 
-0.0548924 0.0101296 0.998441 134.419 0.0341847 0.999381 -0.00825971 -3.3271 -0.997907 0.033678 -0.0552047 51.4609 
-0.050241 0.00972444 0.99869 135.231 0.0381796 0.99924 -0.00780906 -3.3493 -0.998007 0.0377372 -0.0505742 51.4309 
-0.0450986 0.00482987 0.998971 136.02 0.0414109 0.999138 -0.00296114 -3.36758 -0.998124 0.0412347 -0.0452598 51.404 
-0.041089 0.000689999 0.999155 136.789 0.0426344 0.99909 0.00106337 -3.39039 -0.998246 0.042642 -0.041081 51.3862 
-0.036809 0.000923073 0.999322 137.526 0.0435767 0.99905 0.000682319 -3.4123 -0.998372 0.0435722 -0.0368142 51.372 
-0.0320686 0.00549682 0.999471 138.232 0.0449952 0.998979 -0.00405037 -3.43168 -0.998472 0.0448415 -0.0322832 51.3575 
-0.0275974 0.00942438 0.999575 138.909 0.045153 0.998947 -0.00817178 -3.4502 -0.998599 0.0449083 -0.0279938 51.351 
-0.0232 0.0100805 0.99968 139.56 0.0459079 0.998905 -0.00900723 -3.46915 -0.998676 0.0456842 -0.0236374 51.3483 
-0.018907 0.00973939 0.999774 140.181 0.0426574 0.99905 -0.00892559 -3.49041 -0.998911 0.0424789 -0.0193045 51.3518 
-0.0151529 0.00890534 0.999846 140.773 0.0379437 0.999245 -0.0083249 -3.51172 -0.999165 0.0378117 -0.0154794 51.3617 
-0.0113886 0.00908129 0.999894 141.337 0.0332378 0.99941 -0.00869827 -3.5332 -0.999383 0.0331352 -0.0116837 51.3729 
-0.00854268 0.0123475 0.999887 141.886 0.0314355 0.999433 -0.0120732 -3.54984 -0.999469 0.0313288 -0.00892599 51.3816 
-0.00733838 0.0164837 0.999837 142.419 0.0309042 0.99939 -0.0162495 -3.56833 -0.999495 0.0307799 -0.00784332 51.3864 
-0.00782229 0.0176166 0.999814 142.948 0.0276171 0.999467 -0.0173943 -3.58773 -0.999588 0.0274759 -0.00830464 51.3955 
-0.00975496 0.0159372 0.999825 143.479 0.0212362 0.999651 -0.0157272 -3.604 -0.999727 0.021079 -0.01009 51.4091 
-0.0119782 0.0117378 0.999859 144.008 0.0156542 0.999811 -0.0115496 -3.61962 -0.999806 0.0155137 -0.0121597 51.4196 
-0.013921 0.00662834 0.999881 144.539 0.0150786 0.999866 -0.00641826 -3.6343 -0.999789 0.0149874 -0.0140191 51.4181 
-0.0158411 0.003782 0.999867 145.06 0.018454 0.999824 -0.00348942 -3.64779 -0.999704 0.0183963 -0.0159081 51.4075 
-0.0180966 0.00582438 0.999819 145.573 0.0208524 0.999768 -0.00544662 -3.66518 -0.999619 0.02075 -0.0182139 51.3975 
-0.0211472 0.008994 0.999736 146.077 0.0204211 0.999755 -0.00856216 -3.68095 -0.999568 0.0202346 -0.0213257 51.3948 
-0.023809 0.0105645 0.999661 146.572 0.016543 0.999811 -0.010172 -3.69388 -0.99958 0.0162952 -0.0239793 51.3976 
-0.0263478 0.0126874 0.999572 147.073 0.0152287 0.999809 -0.0122889 -3.70007 -0.999537 0.0148984 -0.026536 51.3996 
-0.0283515 0.0139575 0.999501 147.568 0.0167155 0.999769 -0.013487 -3.71151 -0.999458 0.0163248 -0.0285783 51.3915 
-0.0311238 0.0113601 0.999451 148.069 0.0175391 0.999788 -0.0108177 -3.72805 -0.999362 0.0171928 -0.0313165 51.3788 
-0.0339788 0.00597511 0.999405 148.566 0.0166345 0.999847 -0.00541216 -3.74487 -0.999284 0.0164407 -0.034073 51.3735 
-0.0367374 0.00273461 0.999321 149.047 0.0160311 0.999869 -0.00214673 -3.75593 -0.999196 0.0159414 -0.0367764 51.3693 
-0.0391869 0.00171276 0.99923 149.539 0.0136003 0.999907 -0.00118052 -3.76686 -0.999139 0.0135435 -0.0392066 51.3571 
-0.0414534 0.000115607 0.99914 150.026 0.0123107 0.999924 0.000395103 -3.77936 -0.999065 0.0123165 -0.0414516 51.3518 
-0.0425134 -0.00146283 0.999095 150.51 0.0115981 0.999931 0.00195761 -3.79103 -0.999029 0.0116708 -0.0424935 51.3375 
-0.0432562 -0.00164534 0.999063 150.999 0.011367 0.999933 0.00213897 -3.80007 -0.998999 0.0114488 -0.0432346 51.3248 
-0.0422261 0.00040929 0.999108 151.483 0.0141419 0.9999 0.000188119 -3.80106 -0.999008 0.0141373 -0.0422277 51.3109 
-0.0372275 0.00325451 0.999302 151.96 0.0164614 0.999861 -0.00264305 -3.80671 -0.999171 0.0163515 -0.0372759 51.2986 
-0.0302147 0.00504328 0.999531 152.429 0.0169094 0.999847 -0.00453368 -3.81839 -0.9994 0.0167645 -0.0302953 51.3014 
-0.0203679 0.00496405 0.99978 152.894 0.0146001 0.999883 -0.00466707 -3.82735 -0.999686 0.0145018 -0.020438 51.3152 
-0.00493653 0.0041837 0.999979 153.351 0.0162339 0.99986 -0.00410302 -3.83216 -0.999856 0.0162133 -0.00500375 51.3297 
0.0175457 0.00408602 0.999838 153.8 0.0220492 0.999747 -0.00447253 -3.84292 -0.999603 0.0221241 0.0174512 51.3491 
0.0474243 0.00463999 0.998864 154.246 0.0286146 0.999573 -0.00600181 -3.84942 -0.998465 0.0288667 0.0472712 51.3834 
0.0834994 0.00398304 0.9965 154.675 0.030057 0.999527 -0.00651365 -3.85721 -0.996054 0.0304957 0.0833402 51.448 
0.124153 0.0041728 0.992254 155.108 0.0263968 0.999623 -0.00750658 -3.86847 -0.991912 0.0271243 0.123997 51.5415 
0.165722 0.00722121 0.986146 155.523 0.0216223 0.999706 -0.0109541 -3.88186 -0.985935 0.0231381 0.165517 51.6573 
0.20751 0.0116079 0.978164 155.933 0.02106 0.999645 -0.0163304 -3.89288 -0.978006 0.0239889 0.207191 51.7792 
0.249512 0.01547 0.968248 156.334 0.0219552 0.999525 -0.0216275 -3.90727 -0.968123 0.0266544 0.249054 51.919 
0.29213 0.0177254 0.956215 156.728 0.0225787 0.999422 -0.0254242 -3.91818 -0.956112 0.0290173 0.29156 52.068 
0.333422 0.0203959 0.942557 157.112 0.0183221 0.999437 -0.0281079 -3.9246 -0.9426 0.0266415 0.332861 52.2466 
0.373656 0.0236531 0.927266 157.469 0.0107574 0.999497 -0.0298305 -3.9425 -0.927505 0.0211213 0.373214 52.4418 
0.413268 0.0289592 0.910149 157.811 0.00177305 0.999467 -0.0326061 -3.95608 -0.910608 0.0150888 0.412997 52.6515 
0.45239 0.0346647 0.891146 158.162 -0.00296034 0.999297 -0.0373688 -3.97418 -0.891815 0.0142672 0.452174 52.8784 
0.490445 0.0383712 0.870627 158.51 -0.00461675 0.999131 -0.041434 -3.99323 -0.87146 0.0163016 0.490196 53.1193 
0.527974 0.0378391 0.848417 158.857 -0.0036896 0.9991 -0.0422634 -4.01159 -0.849252 0.0191837 0.527638 53.3748 
0.563696 0.036427 0.825178 159.199 -0.00570807 0.999175 -0.0402086 -4.02929 -0.825962 0.0179553 0.563439 53.6533 
0.597096 0.0370742 0.801312 159.533 -0.010427 0.999206 -0.0384604 -4.05254 -0.802102 0.0146092 0.597009 53.9571 
0.62856 0.0411392 0.776672 159.854 -0.0178527 0.9991 -0.0384726 -4.0765 -0.777556 0.0103167 0.628729 54.2782 
0.658389 0.0447517 0.751347 160.179 -0.023492 0.998966 -0.0389148 -4.09732 -0.752311 0.0079705 0.65876 54.6211 
0.685995 0.045566 0.726178 160.497 -0.0237239 0.998907 -0.040268 -4.11948 -0.727219 0.0103959 0.686327 54.9727 
0.711047 0.0434551 0.701801 160.822 -0.0190852 0.998914 -0.0425155 -4.13838 -0.702886 0.0168366 0.711104 55.3364 
0.733564 0.0447997 0.678142 161.139 -0.0206073 0.998832 -0.0436938 -4.15519 -0.679308 0.0180776 0.733631 55.7218 
0.752981 0.0490726 0.65621 161.447 -0.0277374 0.998696 -0.0428564 -4.17499 -0.657457 0.0140686 0.753361 56.1389 
0.769206 0.0516264 0.636912 161.752 -0.0354012 0.998643 -0.0381927 -4.20165 -0.63802 0.00683058 0.76999 56.57 
0.782123 0.0501074 0.621106 162.065 -0.037012 0.998737 -0.0339654 -4.22713 -0.622024 0.00357677 0.78299 57.0107 
0.792921 0.0447635 0.607678 162.389 -0.0328946 0.998988 -0.0306665 -4.24934 -0.608436 0.00432685 0.793591 57.455 
0.802164 0.036958 0.595959 162.72 -0.0265212 0.999303 -0.0262734 -4.27262 -0.596515 0.00527006 0.802585 57.9151 
0.809597 0.0300389 0.586216 163.063 -0.0215124 0.999537 -0.0215084 -4.29803 -0.586591 0.00480229 0.809869 58.3981 
0.816129 0.0266963 0.577253 163.396 -0.0197488 0.999637 -0.0183092 -4.31844 -0.577533 0.00354264 0.81636 58.8963 
0.82305 0.0240039 0.567461 163.729 -0.0177242 0.999705 -0.0165808 -4.33309 -0.567692 0.00358907 0.823233 59.4109 
0.830413 0.0192906 0.556815 164.073 -0.0121087 0.999789 -0.0165787 -4.35153 -0.557018 0.00702491 0.830471 59.9372 
0.83686 0.0196549 0.547064 164.415 -0.0103751 0.999745 -0.0200475 -4.37169 -0.547319 0.0111011 0.83685 60.489 
0.842444 0.0234921 0.538272 164.749 -0.0118328 0.999615 -0.0251073 -4.39556 -0.538655 0.0147823 0.842397 61.0525 
0.8467 0.0288062 0.531291 165.088 -0.015024 0.99943 -0.0302451 -4.4151 -0.531859 0.0176264 0.846649 61.6311 
0.84882 0.0334943 0.527619 165.435 -0.018137 0.999249 -0.0342558 -4.43715 -0.52837 0.0195076 0.84879 62.2244 
0.848629 0.0384255 0.527591 165.79 -0.0234374 0.99911 -0.0350682 -4.46593 -0.528469 0.0173946 0.848775 62.8438 
0.846992 0.038546 0.530206 166.162 -0.0258633 0.999175 -0.031324 -4.49624 -0.530976 0.0128184 0.84729 63.4694 
0.844586 0.0399557 0.533927 166.54 -0.0281762 0.999147 -0.0301996 -4.53071 -0.534678 0.0104621 0.844991 64.099 
0.841702 0.0413328 0.538357 166.929 -0.0304628 0.999113 -0.0290802 -4.56862 -0.539082 0.008077 0.842215 64.7465 
0.838698 0.0414162 0.54302 167.334 -0.0315815 0.999125 -0.0274254 -4.59552 -0.543681 0.00585223 0.839272 65.4043 
0.835441 0.0392866 0.548174 167.753 -0.0290139 0.999204 -0.0273925 -4.62098 -0.548814 0.00698014 0.835915 66.0674 
0.832129 0.0362165 0.553398 168.188 -0.0268342 0.999326 -0.0250499 -4.64839 -0.553932 0.00599475 0.83254 66.7404 
0.828335 0.036868 0.559019 168.628 -0.0281138 0.999311 -0.0242477 -4.6816 -0.559527 0.00436906 0.828801 67.421 
0.824945 0.0390127 0.563866 169.074 -0.0293877 0.999226 -0.0261396 -4.7104 -0.564449 0.00499301 0.825453 68.1008 
0.821973 0.0397774 0.568136 169.535 -0.0279522 0.999173 -0.029515 -4.74244 -0.568841 0.00837985 0.822405 68.7896 
0.819127 0.0417485 0.572091 170.003 -0.027979 0.999069 -0.0328466 -4.77995 -0.57293 0.010899 0.819532 69.4852 
0.816367 0.0412956 0.576055 170.484 -0.0275543 0.99909 -0.0325725 -4.81115 -0.576875 0.0107184 0.816762 70.1914 
0.813989 0.0383106 0.579616 170.974 -0.0287063 0.999257 -0.0257334 -4.84577 -0.580171 0.00430811 0.814483 70.9115 
0.811608 0.0346575 0.583174 171.466 -0.0284189 0.999399 -0.0198424 -4.88411 -0.583511 -0.000468866 0.812105 71.629 
0.809772 0.0333651 0.585795 171.963 -0.0244649 0.999434 -0.0231057 -4.92437 -0.586234 0.00437898 0.81013 72.3304 
0.808355 0.0387941 0.587416 172.446 -0.0231582 0.99915 -0.0341172 -4.95996 -0.58824 0.0139753 0.808565 73.0242 
0.806931 0.04137 0.589195 172.94 -0.0212595 0.998932 -0.0410233 -4.99916 -0.590263 0.020577 0.806949 73.7187 
0.806145 0.0376186 0.590522 173.44 -0.0168734 0.999033 -0.0406078 -5.04617 -0.591478 0.0227717 0.806 74.4233 
0.805652 0.0322535 0.591511 173.939 -0.0146255 0.999295 -0.0345685 -5.09231 -0.592209 0.019199 0.805556 75.1213 
0.805162 0.0280444 0.592392 174.436 -0.0117148 0.999439 -0.0313918 -5.13957 -0.59294 0.0183358 0.805038 75.8188 
0.805537 0.023498 0.59208 174.937 -0.00748837 0.999537 -0.0294807 -5.18169 -0.592499 0.0193141 0.80534 76.5158 
0.805954 0.0190066 0.591673 175.438 -0.00212192 0.999571 -0.0292191 -5.22402 -0.591975 0.0222938 0.805648 77.2083 
0.806631 0.0173378 0.590802 175.927 0.00016992 0.999563 -0.0295654 -5.26784 -0.591056 0.0239487 0.806275 77.896 
0.807376 0.0195924 0.589711 176.412 0.000793051 0.999412 -0.0342898 -5.30938 -0.590036 0.0281525 0.806886 78.5837 
0.808037 0.0193135 0.588816 176.899 0.00412408 0.999253 -0.0384355 -5.35108 -0.589118 0.0334856 0.807353 79.2669 
0.80834 0.0165706 0.588482 177.384 0.00631708 0.999302 -0.0368156 -5.39186 -0.588682 0.033477 0.807672 79.953 
0.80812 0.0149488 0.588829 177.866 0.00394018 0.999518 -0.0307826 -5.43448 -0.589005 0.0271962 0.807671 80.643 
0.807531 0.00961562 0.589747 178.346 0.00414569 0.99975 -0.0219771 -5.47265 -0.589811 0.0201921 0.807289 81.3306 
0.807234 0.00469704 0.590213 178.825 0.00675813 0.999829 -0.0171998 -5.50508 -0.590193 0.0178731 0.807064 81.9996 
0.806557 0.00154596 0.591155 179.288 0.00990383 0.999821 -0.0161271 -5.53808 -0.591074 0.0188622 0.806397 82.644 
0.80559 0.00533253 0.592449 179.738 0.00743011 0.99979 -0.019102 -5.5769 -0.592426 0.0197904 0.805382 83.2816 
0.804471 0.0128692 0.593852 180.171 0.0045657 0.999602 -0.027847 -5.61349 -0.593974 0.0251135 0.804092 83.8938 
0.803164 0.0171117 0.595512 180.608 0.00486073 0.999366 -0.0352718 -5.64974 -0.595738 0.0312237 0.802572 84.4929 
0.801163 0.0166494 0.598215 181.036 0.00842728 0.9992 -0.0390957 -5.68747 -0.598387 0.0363633 0.800381 85.0784 
0.798783 0.0133371 0.601471 181.45 0.0102439 0.999308 -0.0357632 -5.73242 -0.601532 0.0347285 0.798093 85.6428 
