1 2.12261e-08 -2.11895e-08 0 2.12261e-08 1 2.10703e-08 0 -2.11895e-08 2.10703e-08 1 0 
0.999934 -0.0027772 0.0111885 0.0130494 0.00276497 0.999996 0.00111289 -0.00629571 -0.0111916 -0.00108184 0.999937 0.288208 
0.999826 -0.00482343 0.0180101 0.0217964 0.00480725 0.999988 0.000943921 -0.00533026 -0.0180145 -0.000857135 0.999837 0.601771 
0.999779 -0.00771955 0.019541 0.0354959 0.00772824 0.99997 -0.000367197 -0.00976038 -0.0195377 0.000518176 0.999809 0.899978 
0.999813 -0.00919044 0.017023 0.0422116 0.00922132 0.999956 -0.00173421 -0.0126203 -0.0170063 0.0018909 0.999854 1.21583 
0.999881 -0.011941 0.00980789 0.0465157 0.0119723 0.999923 -0.00313203 -0.0156022 -0.00976978 0.00324912 0.999947 1.53742 
0.999901 -0.0137525 -0.00308589 0.0436547 0.0137374 0.999894 -0.00489868 -0.0212494 0.00315289 0.00485584 0.999983 1.86118 
0.999712 -0.0131124 -0.0201095 0.0248627 0.0130194 0.999904 -0.00475037 -0.0313882 0.0201698 0.00448723 0.999787 2.19849 
0.999168 -0.00867785 -0.0398428 -0.00784304 0.00848766 0.999952 -0.00494143 -0.0342423 0.0398837 0.00459919 0.999194 2.55677 
0.998181 -0.00514028 -0.0600667 -0.0498799 0.00478734 0.99997 -0.00601896 -0.0412363 0.0600958 0.0057205 0.998176 2.91692 
0.996741 -0.00516123 -0.0805046 -0.0985828 0.00463593 0.999967 -0.00671112 -0.0426858 0.0805365 0.00631608 0.996732 3.28894 
0.994754 -0.00660753 -0.102086 -0.149292 0.00601561 0.999963 -0.00610538 -0.0464494 0.102123 0.00545928 0.994757 3.67574 
0.992478 -0.00815978 -0.122152 -0.21286 0.00756493 0.999957 -0.00533305 -0.0494813 0.12219 0.00436891 0.992497 4.07139 
0.990083 -0.00704117 -0.140308 -0.288091 0.0064922 0.999969 -0.00437022 -0.0599764 0.140335 0.00341601 0.990098 4.47354 
0.987772 -0.00579821 -0.155798 -0.375979 0.00519484 0.999977 -0.00427988 -0.0597264 0.155819 0.00341824 0.98778 4.88664 
0.985506 -0.00525386 -0.169558 -0.466146 0.00458192 0.99998 -0.00435416 -0.068028 0.169578 0.00351419 0.985511 5.31181 
0.983267 -0.00701869 -0.182038 -0.557691 0.00617794 0.999968 -0.0051854 -0.0755843 0.182068 0.00397406 0.983278 5.75278 
0.981431 -0.0106016 -0.191525 -0.656955 0.00929334 0.999927 -0.00772812 -0.0794928 0.191593 0.00580475 0.981457 6.20063 
0.979942 -0.0098704 -0.199041 -0.770629 0.00808212 0.999919 -0.00979517 -0.0857523 0.199121 0.00799007 0.979942 6.65649 
0.978457 -0.00929864 -0.206243 -0.890749 0.00699912 0.999905 -0.0118765 -0.0904102 0.206334 0.0101772 0.978429 7.13127 
0.97665 -0.0102118 -0.214593 -1.00956 0.00726166 0.999868 -0.0145317 -0.101905 0.214713 0.0126341 0.976596 7.6223 
0.974884 -0.0140608 -0.22227 -1.13258 0.0107288 0.999811 -0.0161917 -0.113945 0.222456 0.0134004 0.974851 8.1204 
0.972953 -0.0202556 -0.230113 -1.26038 0.0167613 0.999713 -0.0171303 -0.129362 0.230394 0.0128101 0.973013 8.63079 
0.970822 -0.0208101 -0.238896 -1.40209 0.016595 0.999669 -0.0196425 -0.143035 0.239226 0.015105 0.970847 9.15104 
0.968759 -0.0170867 -0.247415 -1.56353 0.0114123 0.999638 -0.024351 -0.153705 0.247742 0.0207667 0.968604 9.67902 
0.966566 -0.014242 -0.256021 -1.73586 0.00746251 0.999596 -0.0274325 -0.171391 0.256309 0.0246048 0.966282 10.2296 
0.964292 -0.0167851 -0.264309 -1.89858 0.00949881 0.999539 -0.0288213 -0.196688 0.264671 0.0252816 0.964007 10.7706 
0.961917 -0.0195852 -0.27264 -2.07425 0.0115252 0.999449 -0.031133 -0.216142 0.2731 0.0268052 0.961612 11.3354 
0.959599 -0.0194257 -0.280699 -2.2573 0.0103527 0.999376 -0.0337699 -0.239218 0.281179 0.0294997 0.959202 11.909 
0.957332 -0.0186521 -0.288389 -2.4616 0.00827503 0.999275 -0.0371606 -0.266366 0.288873 0.0331887 0.956792 12.4959 
0.95494 -0.019533 -0.296154 -2.66216 0.0071633 0.999058 -0.0427956 -0.292063 0.296711 0.0387459 0.954181 13.0918 
0.953118 -0.020813 -0.301884 -2.86922 0.0059118 0.998722 -0.0501909 -0.32746 0.302543 0.0460532 0.952023 13.6995 
0.951862 -0.0211313 -0.305798 -3.08604 0.00339504 0.998287 -0.0584161 -0.366333 0.306508 0.0545659 0.950303 14.3114 
0.950739 -0.021054 -0.309277 -3.31663 0.000154107 0.997723 -0.0674461 -0.408252 0.309993 0.064076 0.948577 14.9416 
0.949284 -0.0203402 -0.313762 -3.54501 -0.00383649 0.997082 -0.076245 -0.460277 0.314398 0.0735819 0.946435 15.5785 
0.94803 -0.0199603 -0.317555 -3.78232 -0.00693411 0.996497 -0.0833373 -0.512983 0.318106 0.0812083 0.944571 16.2257 
0.946415 -0.0179924 -0.322452 -4.03158 -0.0116527 0.995894 -0.0897711 -0.579295 0.322743 0.0887182 0.94232 16.8801 
0.944863 -0.0166889 -0.327042 -4.28841 -0.0155212 0.995296 -0.0956326 -0.645588 0.327099 0.0954358 0.940159 17.5406 
0.943205 -0.0147239 -0.331886 -4.55263 -0.0198605 0.994731 -0.100574 -0.723562 0.331618 0.101453 0.937943 18.2182 
0.941499 -0.0115963 -0.336816 -4.82121 -0.0249623 0.994263 -0.104008 -0.79687 0.33609 0.106332 0.935808 18.9002 
0.939786 -0.0110379 -0.341587 -5.10064 -0.0266402 0.994071 -0.105416 -0.876205 0.340725 0.108168 0.93392 19.5967 
0.937652 -0.0101423 -0.347427 -5.39003 -0.0280573 0.994104 -0.104743 -0.957959 0.346441 0.10796 0.931839 20.3038 
0.935377 -0.00977759 -0.353518 -5.68591 -0.028691 0.994225 -0.103412 -1.04161 0.352487 0.106872 0.929694 21.0202 
0.93281 -0.0094912 -0.360244 -5.98775 -0.0292009 0.994375 -0.101811 -1.12448 0.359184 0.10549 0.927286 21.7446 
0.929648 -0.00873954 -0.368345 -6.30253 -0.0297273 0.99468 -0.0986278 -1.20905 0.367247 0.102639 0.924443 22.4801 
0.926264 -0.00645243 -0.376821 -6.62972 -0.0309328 0.995178 -0.0930767 -1.29051 0.375605 0.0978697 0.921598 23.2292 
0.922727 -0.00295186 -0.385444 -6.96146 -0.0333691 0.995605 -0.0875082 -1.37632 0.384008 0.0936081 0.918573 23.9666 
0.919087 0.000813323 -0.394055 -7.30674 -0.03673 0.995821 -0.0836131 -1.45408 0.39234 0.0913213 0.915276 24.7102 
0.915299 0.00169939 -0.402771 -7.66554 -0.0377484 0.995952 -0.0815813 -1.53214 0.401002 0.0898753 0.911658 25.4633 
0.911261 0.00145512 -0.411828 -8.03296 -0.038405 0.995936 -0.0814607 -1.59731 0.410036 0.0900483 0.907613 26.2276 
0.907454 0.00171017 -0.420148 -8.41195 -0.0387809 0.996064 -0.0797063 -1.67605 0.418358 0.0886236 0.903948 26.99 
0.903572 0.00257401 -0.428428 -8.80418 -0.0400415 0.996112 -0.0784645 -1.74253 0.42656 0.0880533 0.900163 27.7597 
0.899956 0.00181357 -0.435976 -9.2148 -0.0388091 0.996355 -0.0759665 -1.81499 0.434249 0.0852864 0.896746 28.5423 
0.89597 0.00231771 -0.444109 -9.62259 -0.038124 0.996697 -0.0717119 -1.88786 0.442476 0.0811829 0.893098 29.3311 
0.892143 0.00420215 -0.451733 -10.0509 -0.0382046 0.997076 -0.0661765 -1.95177 0.450134 0.0762972 0.889695 30.1313 
0.888259 0.00442534 -0.459322 -10.4889 -0.0370818 0.997381 -0.0621014 -2.01907 0.457844 0.0721946 0.886097 30.9343 
0.884461 0.00325463 -0.466602 -10.9353 -0.0355247 0.997543 -0.0603805 -2.08107 0.465259 0.0699801 0.882404 31.7436 
0.881235 0.00243511 -0.472672 -11.3998 -0.034692 0.997623 -0.0595392 -2.13799 0.471404 0.068866 0.879225 32.5599 
0.877997 0.00257017 -0.47866 -11.8707 -0.0342353 0.997762 -0.0574397 -2.19811 0.477441 0.066819 0.876119 33.3786 
0.874963 0.00110878 -0.484188 -12.3498 -0.032388 0.997892 -0.0562423 -2.25936 0.483105 0.0648919 0.873154 34.2112 
0.872302 -0.000198863 -0.488968 -12.8479 -0.0312556 0.997932 -0.0561649 -2.32255 0.487968 0.0642758 0.870492 35.0598 
0.870114 -0.00102419 -0.492849 -13.3589 -0.0309145 0.997915 -0.0566528 -2.38388 0.491879 0.0645306 0.868269 35.9208 
0.868913 -0.00111945 -0.494964 -13.9155 -0.0315515 0.997838 -0.0576457 -2.43442 0.493959 0.065706 0.866999 36.8004 
0.868263 -0.00129259 -0.496103 -14.4377 -0.030758 0.997933 -0.0564318 -2.49628 0.49515 0.0642568 0.866428 37.6697 
0.868085 -0.000853616 -0.496415 -14.9591 -0.0304666 0.998022 -0.0549935 -2.55653 0.49548 0.0628632 0.866342 38.5376 
0.867711 -0.00246293 -0.497064 -15.4858 -0.0283138 0.998119 -0.0543724 -2.62347 0.496263 0.0612533 0.866009 39.4227 
0.866988 -0.00500968 -0.498305 -16.0223 -0.0261053 0.99812 -0.0554545 -2.68204 0.497646 0.0610868 0.865227 40.3253 
0.865955 -0.00732924 -0.500068 -16.5731 -0.0238607 0.998149 -0.0559484 -2.74839 0.499552 0.0603808 0.864177 41.2299 
0.864413 -0.00813737 -0.502717 -17.1304 -0.0220562 0.998293 -0.0540844 -2.80988 0.502299 0.0578393 0.862758 42.1452 
0.862265 -0.00753384 -0.506401 -17.6851 -0.0208171 0.998517 -0.0503011 -2.87549 0.506029 0.0539147 0.86083 43.0566 
0.859386 -0.00812688 -0.511263 -18.262 -0.0183023 0.998744 -0.0466403 -2.93605 0.511 0.0494394 0.858158 43.9826 
0.855392 -0.00861862 -0.51791 -18.8363 -0.0169525 0.99886 -0.0446214 -3.00044 0.517704 0.0469488 0.854271 44.8945 
0.850259 -0.0121174 -0.526225 -19.421 -0.0149946 0.998772 -0.0472267 -3.06145 0.526151 0.0480455 0.849033 45.7904 
0.844427 -0.0156033 -0.535444 -20.0139 -0.0137909 0.998611 -0.0508495 -3.12075 0.535494 0.0503229 0.843039 46.6753 
0.838153 -0.0162787 -0.545192 -20.6164 -0.0133053 0.998647 -0.0502733 -3.18239 0.545272 0.0493907 0.836803 47.5611 
0.832427 -0.0130728 -0.553981 -21.2377 -0.0142343 0.998887 -0.0449605 -3.24579 0.553953 0.0453119 0.831314 48.4437 
0.827353 -0.00832339 -0.561621 -21.8668 -0.0175061 0.999022 -0.040595 -3.30823 0.561409 0.0434182 0.826398 49.3129 
0.823212 -0.00893427 -0.567664 -22.4976 -0.0182195 0.998945 -0.0421436 -3.36407 0.567442 0.0450357 0.822181 50.1854 
0.819917 -0.011218 -0.572372 -23.1355 -0.0187576 0.998745 -0.0464446 -3.42424 0.572175 0.0488171 0.818678 51.0583 
0.816598 -0.0136106 -0.577047 -23.7737 -0.0211208 0.998348 -0.0534364 -3.48684 0.576821 0.0558238 0.814961 51.924 
0.813689 -0.0147004 -0.581115 -24.41 -0.0212841 0.998256 -0.0550553 -3.55529 0.580911 0.0571665 0.811957 52.7605 
0.810196 -0.0131192 -0.586013 -25.0586 -0.0207687 0.998479 -0.0510671 -3.62267 0.585791 0.0535451 0.808691 53.6188 
0.806838 -0.0106809 -0.590676 -25.7078 -0.0204868 0.998729 -0.0460435 -3.68723 0.590417 0.0492508 0.805594 54.4764 
0.8037 -0.00912269 -0.594965 -26.365 -0.0205466 0.998861 -0.0430709 -3.74947 0.59468 0.0468406 0.802597 55.3276 
0.800596 -0.00867593 -0.599142 -27.024 -0.0216346 0.998825 -0.0433726 -3.81259 0.598814 0.0476861 0.799467 56.1677 
0.797029 -0.00993725 -0.603859 -27.6954 -0.0218926 0.998732 -0.0453312 -3.86944 0.603544 0.0493504 0.795801 57.0138 
0.79296 -0.0127183 -0.609141 -28.3631 -0.0209663 0.99862 -0.0481437 -3.92904 0.608913 0.0509475 0.791599 57.8485 
0.788698 -0.0138626 -0.614624 -29.0508 -0.0203717 0.998607 -0.0486646 -3.99125 0.614443 0.0509027 0.787318 58.6883 
0.784291 -0.0142889 -0.620229 -29.7458 -0.0197728 0.998651 -0.0480101 -4.05144 0.620079 0.0499176 0.78295 59.5257 
0.779503 -0.0137604 -0.626247 -30.4436 -0.020231 0.998684 -0.0471259 -4.11607 0.626072 0.0494045 0.778199 60.3541 
0.774177 -0.0151064 -0.632789 -31.1565 -0.0200449 0.998629 -0.0483638 -4.18 0.632651 0.0501264 0.772813 61.1893 
0.768874 -0.0167227 -0.639182 -31.8719 -0.0192395 0.9986 -0.0492693 -4.24318 0.639111 0.0501794 0.767476 62.0078 
0.763309 -0.0182838 -0.645775 -32.6043 -0.0186311 0.998561 -0.0502942 -4.30589 0.645765 0.0504216 0.761869 62.8274 
0.757716 -0.0197828 -0.652285 -33.3315 -0.0179422 0.998531 -0.0511262 -4.3782 0.652338 0.0504426 0.756248 63.6328 
0.751291 -0.02173 -0.659614 -34.0763 -0.017016 0.998488 -0.0522747 -4.44424 0.659752 0.0504975 0.749785 64.452 
0.745148 -0.023558 -0.666483 -34.8565 -0.0155028 0.998494 -0.0526261 -4.51071 0.666719 0.0495466 0.743661 65.2795 
0.738523 -0.0237421 -0.67381 -35.619 -0.0145155 0.998588 -0.0510954 -4.57486 0.674072 0.0475159 0.737136 66.0965 
0.732291 -0.0238966 -0.680573 -36.4101 -0.0142688 0.998626 -0.0504175 -4.6467 0.680843 0.0466313 0.730944 66.9032 
0.725568 -0.0262662 -0.687649 -37.1898 -0.0122232 0.998622 -0.0510417 -4.71598 0.688042 0.0454396 0.724247 67.7028 
0.719766 -0.0278409 -0.693658 -38.0126 -0.0125569 0.99851 -0.0531061 -4.7825 0.694103 0.0469342 0.718344 68.4965 
0.71367 -0.0270624 -0.69996 -38.8192 -0.0140462 0.9985 -0.052926 -4.85015 0.700342 0.0476035 0.712219 69.283 
0.708097 -0.0265061 -0.705617 -39.6353 -0.01423 0.998557 -0.0517903 -4.92499 0.705972 0.0467135 0.706698 70.08 
0.703219 -0.0258832 -0.710502 -40.462 -0.0156739 0.99853 -0.0518892 -4.99491 0.710801 0.0476258 0.701779 70.8629 
0.698808 -0.0265374 -0.714817 -41.3078 -0.0164546 0.998451 -0.0531533 -5.06512 0.71512 0.048906 0.697288 71.639 
0.693542 -0.0282251 -0.719863 -42.1573 -0.0172914 0.998292 -0.0558012 -5.13928 0.720208 0.051148 0.69187 72.4193 
0.688674 -0.0309685 -0.72441 -43.0084 -0.0168824 0.998132 -0.0587197 -5.21097 0.724875 0.0526686 0.686864 73.1933 
0.683505 -0.0312908 -0.729275 -43.8703 -0.0176991 0.998077 -0.0594125 -5.28939 0.729731 0.0535163 0.681637 73.9661 
0.67866 -0.0309503 -0.7338 -44.7345 -0.0169502 0.998186 -0.0577781 -5.36867 0.734257 0.0516498 0.676904 74.7385 
0.673479 -0.0311958 -0.738548 -45.6136 -0.0162619 0.998242 -0.0569943 -5.44391 0.739027 0.0503947 0.671788 75.5049 
0.668726 -0.0324973 -0.742799 -46.5038 -0.0154313 0.998223 -0.0575645 -5.52248 0.743349 0.0499572 0.667036 76.2635 
0.66405 -0.0334693 -0.746938 -47.3992 -0.0147754 0.998215 -0.0578645 -5.60043 0.747542 0.0494613 0.662371 77.0277 
0.659526 -0.0339081 -0.750917 -48.2977 -0.0141578 0.998245 -0.057511 -5.68207 0.751549 0.0485613 0.657888 77.7908 
0.655475 -0.0350981 -0.754401 -49.2175 -0.0127775 0.998261 -0.0575455 -5.75921 0.755109 0.047359 0.653886 78.558 
0.651871 -0.0378356 -0.757385 -50.1417 -0.0101295 0.998231 -0.0585856 -5.84369 0.758262 0.0458623 0.650335 79.3141 
0.647795 -0.0427021 -0.760617 -51.0716 -0.00716904 0.998042 -0.0621371 -5.92396 0.761781 0.045705 0.64622 80.0764 
0.642926 -0.0466879 -0.764504 -51.9939 -0.00299848 0.997979 -0.0634678 -6.00988 0.765923 0.0430975 0.641487 80.8273 
0.636127 -0.0503084 -0.769942 -52.9298 0.00217456 0.997985 -0.0634122 -6.09713 0.771581 0.038664 0.634955 81.582 
0.628129 -0.0537816 -0.776248 -53.8781 0.00608145 0.997917 -0.0642187 -6.18314 0.778086 0.035617 0.627148 82.3198 
0.619379 -0.0547347 -0.783182 -54.8493 0.0083722 0.997971 -0.0631246 -6.26794 0.785048 0.0325411 0.61858 83.0571 
0.610743 -0.0533588 -0.790029 -55.8453 0.00850186 0.998111 -0.0608403 -6.35329 0.791783 0.0304411 0.610044 83.7957 
0.601847 -0.0532315 -0.796836 -56.8384 0.00841762 0.998144 -0.0603219 -6.44428 0.798567 0.0295971 0.601178 84.5196 
0.592518 -0.0545106 -0.803711 -57.8402 0.00694202 0.998016 -0.0625712 -6.527 0.805527 0.0314953 0.591721 85.2288 
0.582218 -0.0569349 -0.811037 -58.8681 0.00765262 0.997885 -0.0645581 -6.6162 0.812997 0.0313804 0.581422 85.9455 
0.572343 -0.0584213 -0.817931 -59.9095 0.00802741 0.99781 -0.0656522 -6.71014 0.819975 0.0310098 0.571559 86.6489 
0.562333 -0.0591136 -0.824795 -60.9486 0.0105246 0.997872 -0.0643426 -6.8039 0.826844 0.0275014 0.561759 87.3372 
0.552066 -0.0592784 -0.831691 -61.9933 0.0118569 0.997927 -0.0632563 -6.89758 0.833716 0.0250605 0.551624 88.0116 
0.541863 -0.059957 -0.838326 -63.0572 0.0118257 0.997897 -0.0637259 -6.9885 0.840384 0.024617 0.541433 88.6716 
0.531721 -0.0609883 -0.844721 -64.1283 0.0106966 0.997808 -0.065308 -7.07989 0.846852 0.0256901 0.531208 89.3176 
0.521543 -0.0617247 -0.85099 -65.2091 0.00951988 0.997739 -0.0665344 -7.17131 0.853172 0.0265993 0.520951 89.9555 
0.511567 -0.0629514 -0.856935 -66.302 0.00838251 0.997631 -0.0682829 -7.26714 0.859203 0.0277481 0.510882 90.5826 
0.501914 -0.0627649 -0.862637 -67.3941 0.0073499 0.997637 -0.068311 -7.36707 0.864886 0.027946 0.501189 91.1911 
0.493387 -0.0604856 -0.867704 -68.507 0.00568759 0.997782 -0.066319 -7.46489 0.869791 0.0277858 0.492637 91.793 
0.485047 -0.0590802 -0.87249 -69.6308 0.00642805 0.997929 -0.0640006 -7.5637 0.874464 0.025435 0.484422 92.3961 
0.477039 -0.0593663 -0.876875 -70.7541 0.00661558 0.99793 -0.063963 -7.66149 0.878857 0.0247118 0.476444 92.9853 
0.469428 -0.0622698 -0.880773 -71.8814 0.0080695 0.997771 -0.0662406 -7.75791 0.882934 0.0239878 0.468884 93.562 
0.462307 -0.065847 -0.884272 -73.0266 0.0110638 0.99759 -0.068501 -7.8592 0.886651 0.0218851 0.461921 94.1445 
0.45644 -0.0685612 -0.887109 -74.1643 0.0115955 0.9974 -0.0711191 -7.95956 0.889679 0.0221752 0.456048 94.7003 
0.450492 -0.0722584 -0.889852 -75.3062 0.0138139 0.997164 -0.0739791 -8.06851 0.892674 0.0210347 0.450212 95.2693 
0.445936 -0.0731306 -0.892072 -76.4565 0.016154 0.997152 -0.0736696 -8.1746 0.894919 0.0184415 0.445847 95.8206 
0.441758 -0.0711072 -0.894312 -77.5978 0.018983 0.997372 -0.0699246 -8.28619 0.896934 0.013913 0.441946 96.3588 
0.437906 -0.0690136 -0.896368 -78.7373 0.0215619 0.997569 -0.0662716 -8.39349 0.898762 0.00969346 0.43833 96.8946 
0.434283 -0.0684045 -0.898176 -79.8891 0.0234046 0.997633 -0.0646626 -8.50057 0.900473 0.00706042 0.434855 97.4324 
0.431609 -0.0681102 -0.899486 -81.0346 0.0250942 0.997666 -0.0635034 -8.60576 0.901712 0.00483682 0.43231 97.9548 
0.428889 -0.0676304 -0.900822 -82.1682 0.0272757 0.997709 -0.0619181 -8.70089 0.902946 0.00198548 0.42975 98.4755 
0.426113 -0.0671859 -0.902172 -83.2975 0.0292783 0.99774 -0.0604743 -8.79278 0.904196 -0.000645112 0.427118 98.9959 
0.423314 -0.0688117 -0.903366 -84.4316 0.0330373 0.997621 -0.0605102 -8.88656 0.905381 -0.00422996 0.42458 99.5145 
0.421363 -0.0693674 -0.904235 -85.5751 0.0353417 0.997569 -0.0600586 -8.97782 0.906203 -0.00665069 0.42279 100.022 
0.418992 -0.0688942 -0.905373 -86.7137 0.0388666 0.997564 -0.0579227 -9.06454 0.907158 -0.0109195 0.420649 100.533 
0.417244 -0.0683044 -0.906224 -87.832 0.0409666 0.997572 -0.0563276 -9.15609 0.907871 -0.0136225 0.419029 101.022 
0.415478 -0.0702318 -0.906888 -88.9388 0.0441389 0.997397 -0.0570195 -9.24065 0.908532 -0.0163387 0.417496 101.513 
0.414073 -0.0713417 -0.907444 -90.0197 0.045555 0.997299 -0.0576189 -9.33186 0.909103 -0.0174802 0.416205 101.992 
0.413395 -0.072507 -0.90766 -91.0916 0.0456124 0.997222 -0.0588873 -9.42448 0.909408 -0.0170567 0.415554 102.462 
0.41396 -0.0730772 -0.907357 -92.1539 0.0441741 0.997211 -0.0601605 -9.51282 0.909223 -0.0151776 0.416033 102.921 
0.415995 -0.0729117 -0.906439 -93.2019 0.0425882 0.997249 -0.060671 -9.60319 0.908369 -0.0133647 0.417956 103.384 
0.419775 -0.0734291 -0.904653 -94.2448 0.0408021 0.997241 -0.0620114 -9.69282 0.906711 -0.0108809 0.421613 103.854 
0.424833 -0.0741201 -0.902232 -95.2665 0.0398077 0.997208 -0.0631784 -9.78317 0.904396 -0.00907549 0.426597 104.314 
0.430299 -0.0744312 -0.899613 -96.2961 0.0396434 0.997191 -0.0635425 -9.87117 0.901815 -0.00832134 0.432041 104.792 
0.437012 -0.0733857 -0.896457 -97.3037 0.0388737 0.997276 -0.0626885 -9.9584 0.898615 -0.00745291 0.438674 105.269 
0.444848 -0.0724426 -0.892671 -98.2981 0.0382266 0.997351 -0.061888 -10.0462 0.89479 -0.006593 0.446439 105.753 
0.453434 -0.0719337 -0.888382 -99.2925 0.0382083 0.99739 -0.0612586 -10.1348 0.89047 -0.00616671 0.455 106.24 
0.462762 -0.0714325 -0.8836 -100.274 0.0373636 0.997434 -0.0610669 -10.2192 0.885695 -0.00475499 0.464243 106.737 
0.472647 -0.0723996 -0.878273 -101.253 0.0371236 0.997371 -0.062239 -10.307 0.880469 -0.00318753 0.474092 107.24 
0.483039 -0.073735 -0.872489 -102.226 0.0350612 0.997278 -0.0648701 -10.3931 0.874896 0.000744361 0.48431 107.754 
0.494602 -0.0743425 -0.865934 -103.172 0.0330762 0.997223 -0.0667217 -10.4808 0.86849 0.00435896 0.495688 108.273 
0.506808 -0.0728945 -0.858971 -104.117 0.0310182 0.997315 -0.0663334 -10.5621 0.861501 0.00697461 0.507709 108.809 
0.51926 -0.070484 -0.851705 -105.041 0.0295739 0.997478 -0.0645174 -10.6492 0.854104 0.0083131 0.520035 109.354 
0.531268 -0.068407 -0.844438 -105.962 0.0294073 0.997623 -0.0623152 -10.7354 0.846693 0.00827343 0.532017 109.912 
0.542658 -0.0680775 -0.83719 -106.874 0.0299906 0.997645 -0.0616855 -10.82 0.839418 0.00836634 0.543422 110.488 
0.553727 -0.0691242 -0.829824 -107.759 0.0310819 0.99757 -0.062357 -10.907 0.832118 0.00873629 0.55453 111.064 
0.564752 -0.0700228 -0.822285 -108.637 0.0311444 0.997492 -0.0635526 -10.9907 0.824673 0.010282 0.565517 111.645 
0.575756 -0.0712531 -0.814511 -109.495 0.0333331 0.997413 -0.0636911 -11.0797 0.816942 0.00952049 0.576642 112.229 
0.586416 -0.0704235 -0.806943 -110.331 0.0334751 0.997469 -0.0627244 -11.169 0.809318 0.0097702 0.58729 112.82 
0.596947 -0.0678559 -0.799406 -111.164 0.0321908 0.99764 -0.0606445 -11.2497 0.801635 0.010468 0.597722 113.42 
0.606616 -0.0644007 -0.792382 -111.986 0.0321049 0.997885 -0.0565247 -11.3341 0.794347 0.00884949 0.6074 114.034 
0.616553 -0.0622361 -0.78485 -112.789 0.0307795 0.998014 -0.05496 -11.414 0.786712 0.00972844 0.617244 114.647 
0.626476 -0.0611321 -0.77704 -113.576 0.0284734 0.998049 -0.0555634 -11.4919 0.778921 0.0126842 0.626994 115.264 
0.635703 -0.0615875 -0.769473 -114.353 0.0274913 0.997986 -0.0571653 -11.5624 0.771444 0.0151864 0.636116 115.894 
0.64486 -0.0608735 -0.761873 -115.116 0.0274671 0.998025 -0.0564936 -11.6372 0.763807 0.0155041 0.645259 116.527 
0.653967 -0.0587524 -0.754238 -115.861 0.0275296 0.998168 -0.0538839 -11.7137 0.756022 0.0144744 0.654386 117.152 
0.662408 -0.0568293 -0.746985 -116.595 0.0276532 0.998294 -0.0514263 -11.7839 0.748633 0.0134088 0.662849 117.792 
0.670315 -0.0563918 -0.739931 -117.313 0.0282283 0.998324 -0.0505121 -11.8508 0.74154 0.0129721 0.670784 118.431 
0.677857 -0.0558058 -0.733072 -118.027 0.0271635 0.998335 -0.0508817 -11.9129 0.734691 0.0145778 0.678245 119.08 
0.685066 -0.05519 -0.726387 -118.713 0.0270791 0.998366 -0.050316 -11.9776 0.727977 0.0147999 0.685442 119.71 
0.692162 -0.0528006 -0.719808 -119.397 0.026593 0.998509 -0.0476727 -12.0328 0.721252 0.0138554 0.692534 120.348 
0.699296 -0.0504022 -0.713053 -120.079 0.025926 0.998643 -0.0451634 -12.0896 0.714362 0.0130961 0.699654 121.009 
0.706345 -0.0488884 -0.706178 -120.73 0.025208 0.998717 -0.0439269 -12.1535 0.707419 0.0132262 0.706671 121.657 
0.713703 -0.0482996 -0.698781 -121.375 0.0249055 0.998739 -0.0435953 -12.2067 0.700006 0.0137107 0.714006 122.303 
0.721544 -0.045053 -0.690902 -122.004 0.0218375 0.998865 -0.042329 -12.2551 0.692024 0.0154547 0.721709 122.95 
0.73071 -0.0420914 -0.681389 -122.62 0.0211261 0.999014 -0.0390567 -12.3085 0.682361 0.0141441 0.730879 123.592 
0.740394 -0.038235 -0.671085 -123.221 0.0193945 0.99918 -0.0355307 -12.3587 0.671894 0.0132914 0.740528 124.233 
0.750715 -0.0358714 -0.659652 -123.811 0.0175723 0.999256 -0.0343407 -12.4074 0.660393 0.0141886 0.750786 124.88 
0.760828 -0.0352092 -0.647998 -124.382 0.0163893 0.999251 -0.0350516 -12.4571 0.648747 0.016048 0.760835 125.528 
0.771063 -0.036265 -0.635725 -124.958 0.0167683 0.999187 -0.0366607 -12.5021 0.636538 0.0176077 0.771044 126.187 
0.780983 -0.0357972 -0.623525 -125.489 0.01685 0.9992 -0.03626 -12.5432 0.624325 0.0178121 0.780962 126.85 
0.791201 -0.0341157 -0.610603 -126.015 0.0165354 0.999271 -0.0344054 -12.5791 0.611332 0.0171251 0.791189 127.533 
0.801396 -0.0323118 -0.597261 -126.541 0.0167715 0.999361 -0.0315618 -12.6165 0.597899 0.0152766 0.801426 128.214 
0.810882 -0.0307651 -0.5844 -127.037 0.0170365 0.999435 -0.0289751 -12.6557 0.584961 0.0135393 0.810948 128.907 
0.819981 -0.0293744 -0.571637 -127.522 0.0178158 0.999508 -0.0258055 -12.6996 0.572114 0.0109759 0.820101 129.59 
0.827929 -0.0287217 -0.560096 -128.011 0.0186387 0.999545 -0.0237052 -12.725 0.560523 0.0091868 0.828088 130.355 
0.835139 -0.0290348 -0.549273 -128.481 0.0203355 0.999553 -0.0219179 -12.7641 0.549663 0.00713479 0.835356 131.069 
0.841792 -0.0290241 -0.539022 -128.937 0.0206295 0.999554 -0.0216047 -12.7903 0.539408 0.00706701 0.842015 131.775 
0.848563 -0.0280649 -0.528349 -129.399 0.0196841 0.999575 -0.0214816 -12.8169 0.528728 0.00782849 0.848756 132.506 
0.855238 -0.0264289 -0.517561 -129.851 0.0185133 0.999619 -0.0204527 -12.8478 0.517904 0.00791023 0.855402 133.235 
0.861448 -0.0252172 -0.50722 -130.312 0.0175619 0.999648 -0.0198725 -12.8776 0.507543 0.00821139 0.861588 133.991 
0.867317 -0.0261554 -0.497068 -130.746 0.0187018 0.999626 -0.0199676 -12.898 0.497405 0.00802222 0.867482 134.743 
0.872637 -0.0274352 -0.487598 -131.174 0.0198144 0.999588 -0.0207818 -12.922 0.487967 0.0084735 0.872821 135.479 
0.877014 -0.027885 -0.479655 -131.589 0.0202125 0.999572 -0.0211537 -12.9483 0.480039 0.00885709 0.877202 136.23 
0.8804 -0.0270464 -0.47346 -132.009 0.0197783 0.999598 -0.0203244 -12.9756 0.473819 0.00852948 0.880581 137.01 
0.883511 -0.0252143 -0.467731 -132.416 0.0196117 0.999666 -0.0168446 -13.0018 0.468 0.00570943 0.88371 137.782 
0.886589 -0.0209829 -0.462081 -132.847 0.0172033 0.999775 -0.0123915 -13.0269 0.462237 0.0030369 0.886751 138.586 
0.889949 -0.0182947 -0.455694 -133.275 0.0156519 0.999832 -0.00957281 -13.0483 0.455792 0.00138687 0.890085 139.4 
0.893359 -0.0155401 -0.449075 -133.701 0.0136865 0.999879 -0.00737352 -13.0641 0.449136 0.000440974 0.893463 140.206 
0.896451 -0.0142426 -0.442914 -134.122 0.0133936 0.999898 -0.00504502 -13.0793 0.442941 -0.00140955 0.89655 141.042 
0.899662 -0.0125545 -0.436408 -134.54 0.0130011 0.999914 -0.00196333 -13.0964 0.436394 -0.0039074 0.899747 141.9 
0.902814 -0.0124546 -0.429851 -134.942 0.0138475 0.999904 0.000112398 -13.1109 0.429808 -0.00605378 0.9029 142.761 
0.906429 -0.0127642 -0.422166 -135.381 0.0146802 0.999891 0.00128803 -13.1247 0.422103 -0.00736495 0.906518 143.658 
0.91017 -0.013757 -0.414006 -135.819 0.0157317 0.999875 0.00136028 -13.1336 0.413936 -0.00775104 0.910273 144.577 
0.914205 -0.0161936 -0.404929 -136.255 0.0181792 0.999834 0.00105837 -13.1443 0.404844 -0.00832881 0.914348 145.51 
0.918227 -0.0174379 -0.39567 -136.665 0.0192057 0.999815 0.000506534 -13.1664 0.395588 -0.00806416 0.918393 146.444 
0.92276 -0.0182947 -0.38494 -137.07 0.0192925 0.999813 -0.00127031 -13.182 0.384891 -0.0062542 0.922941 147.395 
0.928034 -0.016462 -0.372133 -137.465 0.0170459 0.999853 -0.00172121 -13.1927 0.372106 -0.00474593 0.928178 148.372 
0.934237 -0.0129817 -0.356416 -137.858 0.0137802 0.999905 -0.000298738 -13.2002 0.356386 -0.00463236 0.934327 149.351 
0.940972 -0.00946886 -0.338351 -138.23 0.011144 0.999933 0.00300861 -13.2094 0.3383 -0.00660156 0.941015 150.347 
0.947724 -0.00617348 -0.319031 -138.582 0.00819286 0.999954 0.00498804 -13.2178 0.318986 -0.00734101 0.947731 151.357 
0.954375 -0.00490518 -0.298571 -138.903 0.00698227 0.999958 0.00589036 -13.2205 0.29853 -0.00770627 0.954369 152.379 
0.96082 -0.00329915 -0.277155 -139.24 0.00568663 0.999953 0.00781079 -13.2242 0.277116 -0.00908079 0.960794 153.445 
0.966764 -0.00232959 -0.255658 -139.534 0.00521939 0.99993 0.0106253 -13.2284 0.255616 -0.0116065 0.966709 154.512 
0.972276 -7.54804e-05 -0.233835 -139.817 0.00354037 0.99989 0.0143978 -13.2282 0.233808 -0.0148265 0.97217 155.608 
0.977313 0.00232633 -0.211787 -140.073 0.00174949 0.999817 0.0190553 -13.2273 0.211793 -0.0189934 0.97713 156.694 
0.981856 0.00422812 -0.189582 -140.318 5.80019e-05 0.999745 0.0225968 -13.2216 0.189629 -0.0221978 0.981605 157.83 
0.985802 0.00570524 -0.167814 -140.528 -0.00189907 0.999738 0.0228323 -13.2099 0.167901 -0.0221894 0.985554 158.948 
0.989304 0.00516058 -0.145777 -140.722 -0.00211523 0.999776 0.0210375 -13.1915 0.145853 -0.020504 0.989094 160.086 
0.992131 0.00515897 -0.125097 -140.884 -0.00259862 0.999784 0.0206211 -13.2004 0.125176 -0.0201337 0.99193 161.285 
0.994436 0.00330205 -0.105289 -141.014 -0.00091704 0.999742 0.022692 -13.1865 0.105337 -0.0224691 0.994183 162.468 
0.996317 0.00441129 -0.0856303 -141.126 -0.00228787 0.999688 0.0248794 -13.1942 0.0857133 -0.0245918 0.996016 163.742 
0.997825 0.00489793 -0.0657442 -141.226 -0.00318773 0.999655 0.0260921 -13.1777 0.0658493 -0.0258257 0.997495 164.952 
0.998928 0.00634694 -0.0458439 -141.289 -0.00511607 0.999625 0.0269158 -13.1575 0.0459974 -0.0266523 0.998586 166.185 
0.999658 0.00701767 -0.0252062 -141.353 -0.00631697 0.999594 0.0277701 -13.1385 0.0253908 -0.0276013 0.999297 167.443 
0.999947 0.00894281 -0.00517615 -141.367 -0.00879584 0.999576 0.0277441 -13.1295 0.00542203 -0.027697 0.999602 168.746 
0.999847 0.0104212 0.0140583 -141.307 -0.0107989 0.999575 0.0270685 -13.1276 -0.0137703 -0.0272161 0.999535 170.078 
0.999378 0.010536 0.0336515 -141.299 -0.0113748 0.999627 0.0248333 -13.1116 -0.0333773 -0.0252006 0.999125 171.353 
0.998536 0.0125482 0.0526141 -141.262 -0.0137624 0.999646 0.0227797 -13.1067 -0.0523097 -0.0234704 0.998355 172.681 
0.997301 0.0128704 0.0722823 -141.215 -0.0144442 0.999669 0.0212928 -13.0951 -0.0719844 -0.0222794 0.997157 174.057 
0.995777 0.0130562 0.0908757 -141.112 -0.0148025 0.999718 0.0185704 -13.0854 -0.0906077 -0.0198371 0.995689 175.392 
0.993925 0.013702 0.109202 -140.978 -0.015293 0.999789 0.013745 -13.0885 -0.10899 -0.0153315 0.993925 176.72 
0.991773 0.015704 0.127039 -140.833 -0.0167632 0.999833 0.00727252 -13.0922 -0.126904 -0.00934223 0.991871 178.064 
0.989486 0.0172336 0.1436 -140.597 -0.0177838 0.999839 0.00254955 -13.1074 -0.143533 -0.00507646 0.989633 179.426 
0.986745 0.0195788 0.161091 -140.394 -0.0196036 0.999807 -0.00143534 -13.1223 -0.161088 -0.0017416 0.986939 180.834 
0.983632 0.0214091 0.178915 -140.168 -0.0210528 0.999771 -0.00389006 -13.1608 -0.178957 5.9767e-05 0.983857 182.259 
0.980341 0.0207269 0.196217 -139.9 -0.0205116 0.999785 -0.0031294 -13.1938 -0.19624 -0.000956811 0.980555 183.694 
0.976865 0.0194247 0.212973 -139.607 -0.0191242 0.999811 -0.003471 -13.2261 -0.213 -0.000682197 0.977052 185.114 
0.973199 0.0189745 0.22918 -139.221 -0.0175527 0.999812 -0.00824047 -13.2754 -0.229294 0.00399691 0.973349 186.6 
0.969205 0.0202561 0.245419 -138.886 -0.0177208 0.999764 -0.0125341 -13.298 -0.245616 0.00779914 0.969336 188.033 
0.96476 0.0224771 0.262171 -138.547 -0.0199572 0.999726 -0.0122705 -13.3368 -0.262375 0.00660589 0.964944 189.4 
0.960008 0.0244818 0.278902 -138.108 -0.0218304 0.999682 -0.0126086 -13.3723 -0.279122 0.00601588 0.960237 190.857 
0.954788 0.0281647 0.295952 -137.638 -0.0246894 0.999575 -0.0154739 -13.4201 -0.296262 0.00746746 0.955078 192.359 
0.949523 0.0285074 0.312401 -137.076 -0.0237697 0.999538 -0.0189639 -13.4844 -0.312797 0.010581 0.949761 193.933 
0.943593 0.0295046 0.32979 -136.609 -0.0239377 0.999494 -0.020929 -13.5419 -0.33024 0.0118541 0.943822 195.399 
0.937362 0.0299267 0.34707 -136.049 -0.0223738 0.999418 -0.0257493 -13.6145 -0.347639 0.0163711 0.937486 196.944 
0.930237 0.0331828 0.365457 -135.5 -0.0233009 0.999235 -0.0314182 -13.683 -0.36622 0.0207109 0.930298 198.348 
0.921384 0.03629 0.386956 -134.861 -0.024963 0.999101 -0.0342594 -13.79 -0.387852 0.0219065 0.921462 199.961 
0.910877 0.0391541 0.410817 -134.272 -0.0270961 0.999015 -0.0351356 -13.8642 -0.411788 0.0208727 0.911041 201.359 
0.89911 0.0439048 0.435515 -133.539 -0.030688 0.998831 -0.0373387 -13.9697 -0.436646 0.0202066 0.899407 202.869 
0.886476 0.0478897 0.460291 -132.865 -0.0330129 0.998641 -0.0403211 -14.0488 -0.461596 0.0205482 0.886852 204.234 
0.872927 0.0516907 0.485105 -132.142 -0.0349821 0.998443 -0.0434409 -14.1325 -0.486596 0.0209507 0.873376 205.675 
0.859117 0.0527565 0.509053 -131.37 -0.034593 0.998384 -0.0450872 -14.2457 -0.510609 0.0211256 0.859554 207.097 
0.844834 0.0541283 0.532283 -130.581 -0.0343138 0.998303 -0.0470557 -14.3471 -0.533927 0.0214897 0.845258 208.406 
0.829233 0.056495 0.55604 -129.738 -0.0334384 0.998111 -0.0515429 -14.4709 -0.557901 0.024148 0.829556 209.801 
0.813892 0.0587863 0.578035 -128.864 -0.0319274 0.99789 -0.0565308 -14.5811 -0.580139 0.0275548 0.814051 211.107 
0.798879 0.0604632 0.598445 -127.91 -0.0309519 0.997749 -0.0594879 -14.7028 -0.600695 0.0290006 0.798952 212.423 
0.783554 0.0619522 0.618227 -126.909 -0.0295469 0.997606 -0.0625212 -14.834 -0.620621 0.0307221 0.783509 213.756 
0.769103 0.0619157 0.636118 -125.885 -0.0277908 0.997595 -0.0634988 -14.985 -0.63852 0.0311589 0.768974 215.01 
0.754137 0.0627249 0.653715 -124.864 -0.0267532 0.997536 -0.064852 -15.1349 -0.656172 0.0314183 0.753957 216.317 
0.739719 0.0627587 0.669983 -123.84 -0.0238421 0.997461 -0.0671104 -15.2547 -0.672493 0.0336691 0.739337 217.512 
0.726045 0.0638954 0.684672 -122.759 -0.0214158 0.997292 -0.0703599 -15.3871 -0.687314 0.0364217 0.725447 218.673 
0.711869 0.065649 0.699238 -121.676 -0.0190828 0.997062 -0.074183 -15.5338 -0.702053 0.0394651 0.71103 219.832 
0.69748 0.0674633 0.713421 -120.552 -0.0177148 0.996878 -0.0769487 -15.663 -0.716385 0.0410321 0.696497 220.995 
0.683084 0.0683716 0.727132 -119.395 -0.0169521 0.996824 -0.0778052 -15.8054 -0.730143 0.0408211 0.682074 222.103 
0.667629 0.0691387 0.741277 -118.223 -0.0172047 0.996845 -0.07748 -15.963 -0.744296 0.0389744 0.666712 223.199 
0.651617 0.0700093 0.755311 -117.028 -0.0194875 0.996948 -0.0755944 -16.1217 -0.758298 0.0345395 0.650992 224.254 
0.634675 0.0711187 0.7695 -115.85 -0.0221442 0.997021 -0.0738823 -16.2684 -0.772462 0.0298513 0.634359 225.283 
0.617504 0.0731665 0.783157 -114.638 -0.0256276 0.997007 -0.0729386 -16.4249 -0.78615 0.0249694 0.617531 226.296 
0.60067 0.0758562 0.795891 -113.433 -0.0266327 0.996835 -0.074908 -16.5775 -0.799054 0.0237982 0.600789 227.246 
0.583556 0.0793617 0.808186 -112.21 -0.0289871 0.996615 -0.0769345 -16.7248 -0.811556 0.0214686 0.583881 228.174 
0.565284 0.0795002 0.821057 -111.007 -0.0294016 0.996654 -0.0762602 -16.8717 -0.824373 0.0189683 0.56573 229.051 
0.545246 0.0783832 0.834604 -109.787 -0.0298826 0.996803 -0.0740941 -17.009 -0.837743 0.0154594 0.545845 229.902 
0.524929 0.076707 0.847683 -108.542 -0.0301388 0.996981 -0.0715535 -17.1448 -0.850612 0.0120124 0.525656 230.72 
0.504504 0.0749928 0.860146 -107.285 -0.0304727 0.997147 -0.069064 -17.2913 -0.862871 0.00863213 0.50535 231.497 
0.483772 0.0740182 0.872059 -106.033 -0.0299902 0.997234 -0.0680058 -17.4227 -0.87468 0.00674606 0.484654 232.244 
0.463333 0.0735623 0.883126 -104.747 -0.0293071 0.997276 -0.0676946 -17.5539 -0.8857 0.00548323 0.464226 232.959 
0.442633 0.0728114 0.893742 -103.466 -0.0274976 0.997331 -0.0676322 -17.6831 -0.896281 0.00536051 0.443454 233.662 
0.422694 0.0729231 0.903334 -102.165 -0.0248301 0.997315 -0.0688912 -17.8046 -0.905932 0.00669009 0.42337 234.294 
0.402607 0.0719896 0.912538 -100.881 -0.0216591 0.997373 -0.0691263 -17.9518 -0.915117 0.00806605 0.403109 234.891 
0.382243 0.0698174 0.921421 -99.6046 -0.0200626 0.997534 -0.0672618 -18.0911 -0.923844 0.00722428 0.382701 235.46 
0.361895 0.069773 0.929604 -98.3174 -0.0195579 0.997544 -0.0672584 -18.2109 -0.932014 0.00615943 0.362371 236 
0.342316 0.0743727 0.936637 -97.0125 -0.0202475 0.997215 -0.0717829 -18.3407 -0.939367 0.00560787 0.342868 236.52 
0.322613 0.0836468 0.942828 -95.702 -0.0215974 0.996479 -0.0810165 -18.4725 -0.946284 0.00577442 0.323284 237.034 
0.303152 0.0914623 0.948543 -94.3978 -0.0243885 0.995802 -0.0882247 -18.6142 -0.95263 0.00361201 0.30411 237.502 
0.28389 0.0951837 0.954121 -93.107 -0.0274727 0.99546 -0.0911334 -18.7715 -0.958463 -0.000340363 0.285216 237.923 
0.26411 0.0966434 0.959638 -91.8258 -0.0301582 0.995308 -0.0919355 -18.9199 -0.964021 -0.00465984 0.265786 238.327 
0.244171 0.0969881 0.96487 -90.5581 -0.0344344 0.995226 -0.0913254 -19.0658 -0.969121 -0.0109256 0.246345 238.703 
0.225108 0.0974157 0.969452 -89.2793 -0.036113 0.99514 -0.0916115 -19.2047 -0.973664 -0.0143873 0.227532 239.044 
0.206165 0.0957971 0.973817 -88.0267 -0.0366863 0.995253 -0.090139 -19.348 -0.977829 -0.0171422 0.208701 239.348 
0.187521 0.0959812 0.97756 -86.7828 -0.0365236 0.995208 -0.0907077 -19.4829 -0.981581 -0.0186944 0.190128 239.621 
0.168837 0.096633 0.980896 -85.5471 -0.0359588 0.995124 -0.0918452 -19.6188 -0.984988 -0.0197649 0.171489 239.879 
0.149602 0.100469 0.983629 -84.3095 -0.0399578 0.994626 -0.0955151 -19.7506 -0.987939 -0.0250144 0.152813 240.119 
0.131076 0.102436 0.986066 -83.0728 -0.040267 0.994377 -0.097947 -19.889 -0.990554 -0.0268675 0.134463 240.326 
0.113871 0.0998428 0.988466 -81.8088 -0.0410324 0.994561 -0.0957315 -20.029 -0.992648 -0.0296581 0.117348 240.512 
0.0981247 0.0953054 0.9906 -80.5804 -0.0389944 0.995008 -0.0918667 -20.1643 -0.99441 -0.0296134 0.101351 240.67 
0.084119 0.0912554 0.992268 -79.3852 -0.0388686 0.99534 -0.0882428 -20.292 -0.995697 -0.0311452 0.087274 240.792 
0.070973 0.0879957 0.993589 -78.2035 -0.0370695 0.995646 -0.0855299 -20.4176 -0.996789 -0.0307616 0.0739259 240.918 
0.0599124 0.0878957 0.994326 -77.0394 -0.0367946 0.995633 -0.0857942 -20.5489 -0.997525 -0.0314457 0.0628849 241.03 
0.0512229 0.0903176 0.994595 -75.8872 -0.0374788 0.995375 -0.0884582 -20.6709 -0.997984 -0.0327452 0.0543709 241.116 
0.0444449 0.091941 0.994772 -74.7339 -0.0387481 0.995165 -0.0902461 -20.7975 -0.99826 -0.0345345 0.0477926 241.197 
0.0382337 0.0960056 0.994646 -73.6086 -0.0395878 0.994738 -0.0944927 -20.9272 -0.998484 -0.0357631 0.0418332 241.276 
0.0324456 0.10467 0.993978 -72.501 -0.0392599 0.993867 -0.103377 -21.0572 -0.998702 -0.0356693 0.036356 241.347 
0.0272726 0.107224 0.993861 -71.3947 -0.040968 0.993515 -0.106062 -21.1862 -0.998788 -0.0378239 0.0314885 241.412 
0.0234946 0.0989346 0.994817 -70.2882 -0.0401927 0.99438 -0.0979419 -21.3114 -0.998916 -0.0376832 0.027339 241.463 
0.020873 0.0891165 0.995803 -69.1863 -0.0392053 0.995326 -0.088252 -21.434 -0.999013 -0.0371987 0.0242693 241.514 
0.0196293 0.0855346 0.996142 -68.1016 -0.0384132 0.995663 -0.0847364 -21.5471 -0.999069 -0.0366016 0.0228298 241.557 
0.019044 0.0874766 0.995985 -67.0278 -0.0397423 0.995444 -0.0866692 -21.6613 -0.999029 -0.0379322 0.0224338 241.613 
0.0190655 0.0905672 0.995708 -65.9662 -0.0392798 0.995188 -0.0897678 -21.7696 -0.999046 -0.0373997 0.0225312 241.662 
0.0209548 0.0930857 0.995438 -64.9073 -0.0417409 0.99487 -0.0921539 -21.8828 -0.998909 -0.0396194 0.0247328 241.705 
0.0225365 0.0936753 0.995348 -63.868 -0.0437969 0.994737 -0.0926261 -21.9953 -0.998786 -0.0415057 0.0265205 241.764 
0.0255723 0.0954076 0.99511 -62.8352 -0.0449457 0.994538 -0.0941978 -22.1047 -0.998662 -0.0423171 0.0297208 241.817 
0.0287402 0.0964354 0.994924 -61.8139 -0.0472394 0.994354 -0.0950156 -22.2137 -0.99847 -0.0442689 0.0331335 241.883 
0.033224 0.0975962 0.994671 -60.8076 -0.0485332 0.994204 -0.0959293 -22.3238 -0.998269 -0.0450874 0.0377681 241.947 
0.0391976 0.0967851 0.994533 -59.7911 -0.0493737 0.99427 -0.0948134 -22.4316 -0.998011 -0.0453873 0.0437516 242.015 
0.0456327 0.0954828 0.994385 -58.7794 -0.0483303 0.994467 -0.0932728 -22.5424 -0.997789 -0.0438027 0.0499949 242.088 
0.0528986 0.0945954 0.994109 -57.7775 -0.045936 0.99468 -0.0922053 -22.6538 -0.997543 -0.0407879 0.0569625 242.161 
0.0600059 0.0955751 0.993612 -56.7931 -0.0446505 0.994666 -0.0929799 -22.7587 -0.997199 -0.0387859 0.0639533 242.245 
0.0666138 0.0953715 0.99321 -55.8011 -0.0455179 0.994676 -0.0924593 -22.8644 -0.99674 -0.0390498 0.0706002 242.341 
0.0733245 0.0940658 0.992862 -54.8127 -0.0461937 0.994794 -0.0908373 -22.9729 -0.996238 -0.0392034 0.077288 242.443 
0.0797314 0.0920382 0.992558 -53.8192 -0.0467307 0.994979 -0.0885088 -23.0753 -0.99572 -0.039326 0.083632 242.551 
0.0861916 0.0906226 0.992148 -52.8347 -0.0466308 0.99513 -0.0868439 -23.1762 -0.995187 -0.0387795 0.0899976 242.664 
0.0928655 0.0912861 0.991485 -51.862 -0.0468312 0.995087 -0.0872313 -23.277 -0.994577 -0.0383317 0.0966843 242.78 
0.0992431 0.093426 0.990668 -50.8906 -0.0462915 0.994938 -0.0891913 -23.3792 -0.993986 -0.0370079 0.103066 242.905 
0.105311 0.0950058 0.989891 -49.9264 -0.046568 0.994805 -0.0905232 -23.4762 -0.993348 -0.0365641 0.109189 243.04 
0.111284 0.0970512 0.989038 -48.9704 -0.0485265 0.994564 -0.0921333 -23.5764 -0.992603 -0.0377417 0.115388 243.178 
0.117402 0.0978685 0.98825 -48.0079 -0.0507673 0.994422 -0.0924487 -23.6762 -0.991786 -0.0393171 0.121715 243.321 
0.123671 0.0974487 0.987527 -47.0585 -0.0517102 0.994447 -0.0916558 -23.7774 -0.990975 -0.0397301 0.128023 243.474 
0.129035 0.0952355 0.987056 -46.1077 -0.0526299 0.994632 -0.0890862 -23.8765 -0.990242 -0.0404535 0.133354 243.633 
0.135224 0.0933207 0.986411 -45.1448 -0.0524573 0.994833 -0.0869262 -23.9805 -0.989426 -0.03999 0.13942 243.794 
0.141532 0.0927083 0.985583 -44.1877 -0.0523617 0.994912 -0.0860665 -24.0753 -0.988548 -0.0394256 0.145667 243.956 
0.148443 0.0938478 0.984458 -43.2433 -0.0520399 0.994849 -0.0869914 -24.1716 -0.987551 -0.0383178 0.152562 244.123 
0.155622 0.0939841 0.983336 -42.3121 -0.0494518 0.994957 -0.0872685 -24.2673 -0.986578 -0.0350468 0.159485 244.292 
