1 -4.23778e-08 4.22719e-08 0 -4.23778e-08 1 -4.19404e-08 0 4.22719e-08 -4.19404e-08 1 0 
0.99999 -0.00322538 -0.00315461 -0.0256808 0.00321937 0.999993 -0.00188144 -0.0112393 0.00316074 0.00187118 0.999993 0.659759 
0.999977 -0.000810357 -0.00670187 -0.0521643 0.000785585 0.999993 -0.00368544 -0.0048244 0.00670489 0.00368001 0.999971 1.35691 
0.99994 -0.00115914 -0.0109173 -0.0697481 0.00110258 0.999986 -0.00517726 -0.0121037 0.0109232 0.00516483 0.999927 2.06676 
0.999877 0.000399706 -0.0156815 -0.106724 -0.000491917 0.999983 -0.00587143 -0.0155661 0.015679 0.00587834 0.99986 2.7856 
0.999794 -0.000630794 -0.0202766 -0.131249 0.000504606 0.99998 -0.00622369 -0.0233322 0.0202802 0.00621209 0.999775 3.52012 
0.999696 0.00151174 -0.0245971 -0.177467 -0.00168352 0.999974 -0.00696136 -0.0380175 0.024586 0.00700057 0.999673 4.25708 
0.999553 0.00416857 -0.0296175 -0.208029 -0.00439194 0.999962 -0.00747777 -0.0473116 0.0295853 0.00760442 0.999533 5.02704 
0.999439 0.00466032 -0.0331617 -0.264255 -0.00486566 0.999969 -0.00611154 -0.0507905 0.0331323 0.00626938 0.999431 5.78828 
0.999317 0.00403897 -0.0367239 -0.325658 -0.00420288 0.999981 -0.004385 -0.0380522 0.0367056 0.00453627 0.999316 6.5671 
0.999158 0.00411434 -0.0408297 -0.356027 -0.00413925 0.999991 -0.000523632 -0.0668922 0.0408273 0.00069211 0.999166 7.38113 
0.99906 0.00551743 -0.0430025 -0.421127 -0.00560229 0.999983 -0.00185105 -0.0620703 0.0429916 0.00209013 0.999073 8.20744 
0.998965 0.00469766 -0.0452445 -0.479472 -0.00480055 0.999986 -0.0021639 -0.0601477 0.0452337 0.00237878 0.998974 9.02859 
0.998912 0.00149471 -0.0466072 -0.533428 -0.0016187 0.999995 -0.00262091 -0.0633468 0.0466031 0.00269341 0.99891 9.85559 
0.998824 0.000615799 -0.0484809 -0.583262 -0.000731074 0.999997 -0.00235833 -0.0618208 0.0484794 0.00239091 0.998821 10.707 
0.998803 0.000381478 -0.0489086 -0.658975 -0.000502126 0.999997 -0.00245285 -0.0761158 0.0489076 0.00247439 0.9988 11.5424 
0.998732 0.00376825 -0.0501995 -0.721204 -0.00401092 0.999981 -0.00473257 -0.0834266 0.0501808 0.00492783 0.998728 12.4143 
0.998659 0.00409874 -0.0516068 -0.776466 -0.00449205 0.999962 -0.00750606 -0.0960255 0.0515742 0.00772773 0.998639 13.2892 
0.998552 0.00832946 -0.0531513 -0.846825 -0.00884401 0.999916 -0.00945134 -0.100764 0.0530682 0.00990763 0.998542 14.1691 
0.998479 0.00816443 -0.0545211 -0.913305 -0.00867973 0.99992 -0.00921981 -0.1124 0.0544415 0.00967893 0.99847 15.0562 
0.9984 0.00792947 -0.0559777 -0.972717 -0.0083868 0.999933 -0.00793806 -0.132103 0.0559111 0.00839475 0.9984 15.9556 
0.998294 0.00736536 -0.057919 -1.02719 -0.00776908 0.999947 -0.00674691 -0.138705 0.0578663 0.00718529 0.998298 16.8517 
0.998288 0.00726893 -0.058032 -1.11194 -0.00767776 0.999947 -0.00682356 -0.155304 0.0579794 0.00725735 0.998291 17.7369 
0.99823 0.008015 -0.0589217 -1.19094 -0.00846542 0.999937 -0.00739735 -0.176908 0.0588588 0.00788297 0.998235 18.6522 
0.998299 0.00630336 -0.0579584 -1.29599 -0.00677976 0.999945 -0.00802522 -0.189438 0.0579047 0.00840443 0.998287 19.5624 
0.998224 0.00674506 -0.05919 -1.34853 -0.00714734 0.999953 -0.006586 -0.20401 0.0591429 0.00699726 0.998225 20.4895 
0.99819 0.0080193 -0.0595941 -1.40872 -0.00823574 0.99996 -0.00338579 -0.213681 0.0595646 0.00387038 0.998217 21.4211 
0.998235 0.00827402 -0.0588012 -1.48034 -0.00824012 0.999966 0.000820367 -0.234804 0.0588061 -0.000334476 0.998269 22.3356 
0.99828 0.00769301 -0.0581204 -1.5385 -0.00752527 0.999967 0.00310573 -0.235636 0.0581424 -0.0026631 0.998305 23.2882 
0.99837 0.00768537 -0.0565601 -1.60331 -0.00744053 0.999962 0.00453957 -0.256166 0.056593 -0.00411142 0.998389 24.2354 
0.998462 0.00840735 -0.0547961 -1.68377 -0.00831163 0.999963 0.00197602 -0.264603 0.0548108 -0.00151763 0.998496 25.1755 
0.998477 0.00982268 -0.0542803 -1.74996 -0.0100546 0.999941 -0.00400027 -0.2555 0.0542379 0.00453986 0.998518 26.1111 
0.99854 0.00855829 -0.0533389 -1.81949 -0.00889614 0.999942 -0.0060982 -0.278751 0.0532837 0.00656372 0.998558 27.0635 
0.99854 0.00526391 -0.0537548 -1.86271 -0.00555033 0.999971 -0.00517887 -0.289916 0.0537261 0.00546958 0.998541 28.0145 
0.99851 0.00361358 -0.0544394 -1.92207 -0.00366784 0.999993 -0.000895237 -0.300523 0.0544358 0.00109349 0.998517 28.992 
0.998477 0.000881273 -0.0551588 -1.98648 -0.000730921 0.999996 0.00274741 -0.30955 0.0551611 -0.00270299 0.998474 29.9811 
0.99838 -0.00630972 -0.0565532 -2.0443 0.00642294 0.999978 0.00182199 -0.322328 0.0565406 -0.00218236 0.998398 30.9625 
0.998317 -0.00820187 -0.0574093 -2.12413 0.00812215 0.999966 -0.00162031 -0.336829 0.0574207 0.00115121 0.998349 31.9435 
0.998205 -0.00659102 -0.0595192 -2.18813 0.00620258 0.999958 -0.00670728 -0.338951 0.059561 0.00632598 0.998205 32.9062 
0.99807 -0.00559162 -0.0618531 -2.25736 0.00515277 0.99996 -0.00725094 -0.355692 0.0618913 0.00691814 0.998059 33.9237 
0.998072 -0.00569803 -0.0617963 -2.35305 0.00533137 0.999967 -0.00609533 -0.366839 0.0618291 0.00575403 0.99807 34.8876 
0.998035 -0.00170969 -0.0626395 -2.4424 0.00145133 0.99999 -0.00416852 -0.383093 0.0626461 0.00406933 0.998027 35.8726 
0.997925 -0.00168414 -0.0643695 -2.51632 0.00147847 0.999994 -0.00324146 -0.387998 0.0643746 0.00313947 0.997921 36.8756 
0.997879 -4.15522e-05 -0.0650903 -2.60616 2.18924e-05 1 -0.000301493 -0.407734 0.0650904 0.000299342 0.997879 37.8542 
0.997938 0.00195963 -0.0641499 -2.70065 -0.00181881 0.999996 0.00225487 -0.412721 0.0641542 -0.00213363 0.997938 38.8609 
0.997904 0.00818975 -0.0641933 -2.80185 -0.00795195 0.99996 0.00396034 -0.419368 0.0642233 -0.00344167 0.99793 39.8425 
0.997934 0.00937054 -0.0635519 -2.89392 -0.0092028 0.999953 0.00293295 -0.424111 0.0635765 -0.00234212 0.997974 40.8348 
0.997963 0.00927393 -0.0631139 -2.97713 -0.00917271 0.999956 0.00189461 -0.446864 0.0631288 -0.00131191 0.998004 41.8293 
0.997951 0.010699 -0.0630764 -3.06402 -0.0107592 0.999942 -0.000613575 -0.453626 0.0630662 0.00129089 0.998008 42.8465 
0.99794 0.0107899 -0.0632383 -3.15067 -0.0108512 0.999941 -0.000624259 -0.478802 0.0632279 0.0013091 0.997998 43.8492 
0.997958 0.00905997 -0.0632271 -3.25462 -0.0090461 0.999959 0.000506794 -0.493931 0.0632292 6.61144e-05 0.997999 44.8274 
0.997967 0.00940209 -0.063041 -3.35176 -0.00935891 0.999956 0.000981456 -0.495997 0.0630475 -0.000389551 0.99801 45.7781 
0.997986 0.0120697 -0.0622792 -3.44533 -0.0122609 0.999921 -0.00268823 -0.515298 0.0622419 0.00344633 0.998055 46.7403 
0.997946 0.0134698 -0.0626343 -3.53628 -0.0138999 0.999883 -0.00643534 -0.53504 0.0625404 0.00729264 0.998016 47.6918 
0.997911 0.0136964 -0.0631308 -3.61731 -0.0142575 0.999863 -0.00844536 -0.543552 0.0630066 0.00932773 0.997969 48.6611 
0.997947 0.0120806 -0.0628947 -3.70176 -0.0124638 0.999906 -0.00570355 -0.552138 0.0628199 0.00647566 0.998004 49.6055 
0.998032 0.0102081 -0.0618611 -3.79132 -0.0103424 0.999945 -0.00185024 -0.582828 0.0618388 0.00248631 0.998083 50.5531 
0.997999 0.00883451 -0.0626071 -3.85922 -0.00896337 0.999958 -0.00177626 -0.594834 0.0625889 0.00233379 0.998037 51.5149 
0.998031 0.0062774 -0.0624129 -3.93236 -0.00649351 0.999974 -0.00325909 -0.61369 0.0623909 0.00365787 0.998045 52.4752 
0.998023 0.00392187 -0.0627335 -4.00349 -0.00427773 0.999975 -0.00553793 -0.617771 0.0627103 0.00579525 0.998015 53.4219 
0.997925 0.00316805 -0.0643119 -4.07241 -0.00347307 0.999983 -0.00463024 -0.634596 0.0642962 0.00484391 0.997919 54.3723 
0.997857 -0.000330733 -0.0654239 -4.14504 0.000287834 1 -0.000663892 -0.650677 0.0654242 0.000643552 0.997857 55.323 
0.997855 -0.00111791 -0.0654529 -4.23745 0.00139891 0.99999 0.0042487 -0.665959 0.0654475 -0.00433124 0.997847 56.2564 
0.997812 0.000622972 -0.0661136 -4.31932 -0.000221893 0.999981 0.00607492 -0.673193 0.0661162 -0.00604705 0.997794 57.199 
0.997742 0.0019728 -0.067131 -4.40281 -0.00185121 0.999996 0.00187474 -0.689653 0.0671346 -0.00174632 0.997742 58.1091 
0.997655 0.00384742 -0.068338 -4.48543 -0.00423863 0.999975 -0.00557944 -0.711273 0.0683149 0.00585593 0.997647 59.0204 
0.997558 0.00568806 -0.0696026 -4.56491 -0.00637707 0.999933 -0.00967983 -0.741083 0.0695429 0.0101 0.997528 59.946 
0.997462 0.00960103 -0.0705541 -4.64996 -0.0102314 0.999911 -0.00857688 -0.766366 0.0704655 0.00927689 0.997471 60.8493 
0.997246 0.0122295 -0.0731465 -4.72194 -0.0127757 0.999894 -0.00700298 -0.775419 0.0730532 0.00791811 0.997297 61.7559 
0.997151 0.0148472 -0.0739586 -4.80831 -0.015278 0.999869 -0.00526115 -0.80225 0.0738709 0.00637602 0.997247 62.6391 
0.997106 0.0155133 -0.0744208 -4.89213 -0.016018 0.999852 -0.00618841 -0.813014 0.0743139 0.00736249 0.997208 63.4964 
0.996952 0.0173614 -0.0760609 -4.97059 -0.0178257 0.999826 -0.00542797 -0.834112 0.0759535 0.00676718 0.997088 64.367 
0.996828 0.0188162 -0.0773314 -5.05512 -0.0193259 0.999796 -0.00584739 -0.844038 0.0772057 0.00732325 0.996988 65.2094 
0.996714 0.0176523 -0.0790518 -5.12935 -0.0181063 0.999823 -0.00502931 -0.868609 0.0789492 0.00644404 0.996858 66.043 
0.996604 0.0187324 -0.0801851 -5.20737 -0.0191855 0.999804 -0.00488191 -0.883098 0.0800781 0.00640364 0.996768 66.8383 
0.996533 0.019767 -0.0808157 -5.31076 -0.0199908 0.999798 -0.00195963 -0.906329 0.0807608 0.00356832 0.996727 67.5621 
0.996428 0.0219337 -0.081551 -5.39988 -0.0219357 0.999759 0.000872428 -0.905359 0.0815506 0.000919483 0.996669 68.3454 
0.996228 0.0248964 -0.0831222 -5.48394 -0.02468 0.999689 0.0036316 -0.925634 0.0831869 -0.00156654 0.996533 69.1281 
0.996055 0.0273682 -0.0844089 -5.56824 -0.0274832 0.999622 -0.000199331 -0.943739 0.0843717 0.00251828 0.996431 69.8829 
0.995862 0.0275862 -0.0865891 -5.62516 -0.0283464 0.999569 -0.00756085 -0.957389 0.0863434 0.00998397 0.996215 70.6215 
0.995776 0.0261785 -0.0880058 -5.71236 -0.0275117 0.999524 -0.01397 -0.967656 0.0875983 0.0163321 0.996022 71.3401 
0.995701 0.0267636 -0.0886687 -5.78401 -0.0282174 0.999486 -0.0151817 -0.975218 0.088217 0.0176184 0.995945 72.0352 
0.995492 0.0308887 -0.0896707 -5.85111 -0.0321074 0.99941 -0.0121786 -0.984461 0.0892417 0.0150027 0.995897 72.7126 
0.995316 0.0305345 -0.0917229 -5.91175 -0.0316604 0.99944 -0.0108441 -0.992514 0.0913405 0.0136973 0.995725 73.3586 
0.995346 0.0275744 -0.0923379 -5.99028 -0.0288673 0.999503 -0.0126945 -1.04098 0.091942 0.0153008 0.995647 73.9806 
0.995469 0.0194646 -0.0930758 -6.03053 -0.0211839 0.999622 -0.017518 -1.06634 0.0926998 0.0194103 0.995505 74.5936 
0.995647 0.0152906 -0.0919448 -6.09436 -0.0173852 0.999606 -0.0220227 -1.09616 0.0915719 0.0235252 0.99552 75.1708 
0.99588 0.0174053 -0.088999 -6.15629 -0.019407 0.999577 -0.0216742 -1.12536 0.0885841 0.023312 0.995796 75.7636 
0.996131 0.0228588 -0.0848593 -6.22489 -0.0244862 0.999535 -0.0181857 -1.15215 0.0844042 0.0201931 0.996227 76.3357 
0.996497 0.0220477 -0.0806692 -6.26304 -0.0234477 0.99959 -0.0164485 -1.14949 0.0802735 0.0182823 0.996605 76.9135 
0.997038 0.0175879 -0.0748748 -6.30697 -0.0185713 0.99975 -0.0124559 -1.17148 0.0746371 0.0138094 0.997115 77.4484 
0.997629 0.0131827 -0.0675497 -6.32066 -0.0138157 0.999865 -0.00890976 -1.19448 0.0674232 0.00982179 0.997676 77.9734 
0.998226 0.0165852 -0.057189 -6.34899 -0.0171124 0.999815 -0.00873934 -1.21295 0.0570336 0.00970239 0.998325 78.4827 
0.99885 0.0219197 -0.0426287 -6.36643 -0.0223548 0.999702 -0.00975462 -1.22384 0.0424023 0.0106963 0.999043 78.9852 
0.999341 0.0269979 -0.0242393 -6.39475 -0.027255 0.999575 -0.0103369 -1.22271 0.02395 0.0109907 0.999653 79.4731 
0.99967 0.0255624 -0.00257749 -6.37863 -0.0255848 0.999632 -0.00902614 -1.24765 0.0023459 0.00908902 0.999956 79.9487 
0.999474 0.021995 0.0238201 -6.35646 -0.021774 0.999718 -0.00950206 -1.24321 -0.0240223 0.00897832 0.999671 80.4153 
0.998385 0.0206781 0.0529045 -6.30905 -0.0203079 0.999765 -0.00752751 -1.2708 -0.0530477 0.0064409 0.998571 80.8564 
0.995944 0.0212949 0.0874131 -6.27738 -0.0207295 0.999758 -0.00737139 -1.26821 -0.0875488 0.00552938 0.996145 81.2988 
0.991984 0.0216437 0.124497 -6.18895 -0.0208695 0.999754 -0.00752017 -1.2771 -0.12463 0.00486161 0.992191 81.7446 
0.98593 0.0206493 0.165876 -6.09494 -0.0196527 0.999778 -0.00764802 -1.29842 -0.165997 0.00428042 0.986117 82.1497 
0.977113 0.021126 0.21167 -5.99135 -0.0197323 0.999767 -0.00869532 -1.3035 -0.211805 0.00431949 0.977302 82.5604 
0.965324 0.0239489 0.259954 -5.85598 -0.0219551 0.999703 -0.0105717 -1.32397 -0.26013 0.00449772 0.965563 82.9456 
0.949423 0.0247457 0.313024 -5.70393 -0.021284 0.999669 -0.014472 -1.33507 -0.313278 0.00707753 0.949635 83.3233 
0.929575 0.0253575 0.36776 -5.51918 -0.0202845 0.999638 -0.017654 -1.34548 -0.368075 0.0089508 0.929753 83.6753 
0.904941 0.0251833 0.42479 -5.32853 -0.0186677 0.999636 -0.0194943 -1.36251 -0.425126 0.00971132 0.905082 84.0122 
0.874867 0.0264977 0.483638 -5.13167 -0.0177158 0.999585 -0.0227191 -1.36782 -0.48404 0.0113081 0.874973 84.3346 
0.840731 0.0251712 0.540868 -4.90205 -0.0136808 0.999587 -0.0252539 -1.38243 -0.54128 0.0138322 0.840728 84.6268 
0.802506 0.0258386 0.596085 -4.66467 -0.0115929 0.999548 -0.0277204 -1.38652 -0.596532 0.0153353 0.802443 84.9164 
0.762156 0.0241246 0.646944 -4.39108 -0.00899005 0.999603 -0.0266844 -1.40598 -0.647331 0.0145216 0.76207 85.1644 
0.7182 0.0239518 0.695424 -4.11721 -0.00980061 0.999656 -0.0243087 -1.42528 -0.695767 0.0106429 0.718188 85.4012 
0.671692 0.0229857 0.740474 -3.82159 -0.00803736 0.999686 -0.0237415 -1.44268 -0.740787 0.00999547 0.671666 85.634 
0.624563 0.0220282 0.780663 -3.50939 -0.00290756 0.999661 -0.0258817 -1.45206 -0.780969 0.0138949 0.624415 85.834 
0.577106 0.019406 0.816439 -3.18857 0.00452284 0.999626 -0.0269573 -1.4657 -0.816657 0.0192498 0.576802 86.0043 
0.530016 0.0212573 0.847721 -2.85604 0.00433142 0.999605 -0.0277741 -1.48082 -0.847977 0.0183925 0.529714 86.1704 
0.481148 0.0242611 0.876303 -2.5328 0.00252048 0.999574 -0.029058 -1.49048 -0.876636 0.0161899 0.480882 86.3292 
0.435275 0.0258686 0.899926 -2.19091 0.00363861 0.999528 -0.0304917 -1.51079 -0.90029 0.0165468 0.434976 86.4606 
0.392077 0.0232593 0.919638 -1.85075 0.0114866 0.999479 -0.0301759 -1.52672 -0.919861 0.0223948 0.391605 86.5693 
0.352285 0.0160216 0.935756 -1.48894 0.0279814 0.999226 -0.0276426 -1.53066 -0.935474 0.0359218 0.351564 86.6549 
0.316917 0.012323 0.948373 -1.13696 0.03343 0.999149 -0.0241541 -1.54055 -0.947864 0.0393589 0.316235 86.7377 
0.283339 0.016585 0.958876 -0.790178 0.031074 0.999167 -0.026464 -1.55309 -0.958516 0.0372944 0.282587 86.8249 
0.251575 0.023779 0.967546 -0.431908 0.0227641 0.999276 -0.030478 -1.57234 -0.96757 0.0296928 0.250852 86.9233 
0.223182 0.0274875 0.974389 -0.0657407 0.0163451 0.999356 -0.0319357 -1.60562 -0.97464 0.0230539 0.222589 86.9971 
0.197153 0.0297532 0.979921 0.334022 0.0210032 0.999182 -0.0345638 -1.61448 -0.980148 0.0273958 0.196366 87.0696 
0.173479 0.0315161 0.984333 0.731003 0.0290294 0.99889 -0.0370984 -1.63058 -0.98441 0.0350104 0.172371 87.1185 
0.153445 0.0366132 0.987479 1.13401 0.0359299 0.998446 -0.0426031 -1.64708 -0.987504 0.0420172 0.151891 87.1532 
0.133761 0.0435274 0.990057 1.54512 0.0387732 0.99804 -0.0491169 -1.65051 -0.990255 0.0449576 0.131811 87.1915 
0.116531 0.0444167 0.992193 1.98629 0.037779 0.998078 -0.0491173 -1.66342 -0.992468 0.0432077 0.114629 87.2401 
0.100298 0.040492 0.994133 2.43625 0.0357991 0.998378 -0.0442767 -1.67996 -0.994313 0.04003 0.0986856 87.2967 
0.0851306 0.038327 0.995632 2.89505 0.037288 0.998437 -0.0416234 -1.69592 -0.995672 0.0406686 0.0835684 87.3412 
0.0727251 0.0355415 0.996718 3.37639 0.0419671 0.998371 -0.0386626 -1.72343 -0.996469 0.0446412 0.0711151 87.3555 
0.0611273 0.0356216 0.997494 3.87202 0.044043 0.998293 -0.0383492 -1.73811 -0.997158 0.0462768 0.0594541 87.3821 
0.0505602 0.0369875 0.998036 4.39121 0.0486278 0.998037 -0.0394512 -1.75506 -0.997536 0.050527 0.0486623 87.4071 
0.0436176 0.0375161 0.998344 4.91206 0.0503347 0.997943 -0.0397003 -1.78393 -0.997779 0.051983 0.0416395 87.4239 
0.0375981 0.037429 0.998592 5.45981 0.0522933 0.997855 -0.0393704 -1.81086 -0.997924 0.0536999 0.0355602 87.4547 
0.0325378 0.0387573 0.998719 6.01369 0.0540234 0.997719 -0.0404786 -1.8333 -0.998009 0.0552713 0.0303698 87.4672 
0.0269692 0.0392219 0.998866 6.60493 0.0539185 0.997718 -0.0406327 -1.85912 -0.998181 0.0549532 0.0247929 87.4798 
0.0229339 0.03899 0.998976 7.21215 0.0575924 0.997528 -0.0402557 -1.89023 -0.998077 0.0584567 0.0206317 87.4929 
0.0194875 0.0391763 0.999042 7.8293 0.0586358 0.997467 -0.0402584 -1.91565 -0.998089 0.0593642 0.017141 87.5174 
0.0164346 0.0385426 0.999122 8.47375 0.0592651 0.997462 -0.0394535 -1.94791 -0.998107 0.0598614 0.0141086 87.5312 
0.0144634 0.0378266 0.99918 9.1248 0.0605522 0.997417 -0.0386365 -1.97922 -0.99806 0.0610613 0.0121356 87.5365 
0.0137047 0.0366409 0.999234 9.81517 0.0658167 0.997128 -0.0374665 -2.01952 -0.997738 0.0662798 0.0112538 87.5556 
0.0147448 0.0374218 0.999191 10.5166 0.0693366 0.996856 -0.0383577 -2.03488 -0.997484 0.0698461 0.0121038 87.5794 
0.0163964 0.0364654 0.9992 11.1999 0.071007 0.996769 -0.0375419 -2.08783 -0.997341 0.0715658 0.0137542 87.6124 
0.0201716 0.0370055 0.999111 11.9254 0.0739981 0.996519 -0.0384036 -2.10909 -0.997054 0.0747071 0.017363 87.6403 
0.0244502 0.0362054 0.999045 12.6812 0.0743258 0.996512 -0.0379327 -2.15913 -0.996934 0.0751823 0.0216739 87.6772 
0.0289164 0.0347922 0.998976 13.4237 0.0754242 0.996469 -0.0368882 -2.1902 -0.996732 0.0764136 0.0261901 87.6917 
0.0318824 0.0335104 0.99893 14.1664 0.075035 0.996537 -0.035825 -2.22317 -0.996671 0.0760969 0.0292575 87.755 
0.0362601 0.0310155 0.998861 14.9412 0.0723182 0.996816 -0.0335774 -2.26456 -0.996722 0.0734533 0.0339017 87.7949 
0.0390994 0.0305696 0.998768 15.7385 0.0714401 0.996888 -0.0333089 -2.29268 -0.996678 0.0726544 0.0367939 87.8691 
0.0428766 0.0324241 0.998554 16.561 0.0688278 0.997003 -0.0353292 -2.31358 -0.996707 0.070243 0.0405164 87.9311 
0.0462818 0.0361509 0.998274 17.3531 0.066648 0.997006 -0.039195 -2.36107 -0.996703 0.0683469 0.0437339 87.9726 
0.0472144 0.0408595 0.998049 18.1657 0.0616218 0.997141 -0.0437375 -2.40646 -0.996982 0.0635666 0.0445616 88.0484 
0.0466549 0.0440252 0.99794 18.9772 0.0580529 0.99722 -0.0467076 -2.45 -0.997223 0.0601125 0.0439694 88.1107 
0.0466557 0.0440868 0.997938 19.7931 0.054911 0.997402 -0.0466304 -2.48916 -0.997401 0.0569733 0.0441136 88.1641 
0.0470065 0.042335 0.997997 20.6013 0.0528658 0.997596 -0.0448081 -2.53957 -0.997495 0.0548662 0.0446554 88.2121 
0.0463908 0.0415423 0.998059 21.4272 0.0539937 0.99757 -0.0440317 -2.58588 -0.997463 0.0559316 0.0440351 88.2687 
0.0474985 0.0416546 0.998002 22.2512 0.0516165 0.997693 -0.0440984 -2.62286 -0.997537 0.053608 0.0452389 88.3029 
0.0490448 0.0425627 0.997889 23.0617 0.0502048 0.997724 -0.0450233 -2.66151 -0.997534 0.052307 0.0467963 88.3451 
0.0485332 0.0432088 0.997886 23.8794 0.0473929 0.997839 -0.0455119 -2.70884 -0.997696 0.0495016 0.0463805 88.4046 
0.0465462 0.043746 0.997958 24.6798 0.0446171 0.997952 -0.0458268 -2.7681 -0.997919 0.0466591 0.044499 88.4727 
0.043788 0.0443338 0.998057 25.5119 0.0412421 0.998083 -0.0461445 -2.80433 -0.998189 0.0431826 0.0418756 88.5236 
0.0394146 0.0427015 0.99831 26.3305 0.0391057 0.998255 -0.0442432 -2.85433 -0.998457 0.0407834 0.037676 88.5756 
0.0354957 0.0404063 0.998553 27.1284 0.0403536 0.998309 -0.041831 -2.90838 -0.998555 0.04178 0.0338052 88.6153 
0.0303105 0.0388872 0.998784 27.9462 0.0395023 0.998416 -0.0400718 -2.94836 -0.99876 0.0406688 0.0287263 88.6395 
0.0222652 0.0393581 0.998977 28.7496 0.0391238 0.998425 -0.0402084 -2.99063 -0.998986 0.039979 0.0206903 88.6704 
0.0135366 0.0406138 0.999083 29.5491 0.0389479 0.998395 -0.0411136 -3.03286 -0.999149 0.0394687 0.011933 88.6893 
0.0042984 0.0406638 0.999164 30.3425 0.0401555 0.99836 -0.0408039 -3.08397 -0.999184 0.0402973 0.00265847 88.6938 
-0.00597591 0.0393809 0.999206 31.1355 0.0403294 0.998421 -0.0391088 -3.13092 -0.999168 0.0400636 -0.00755468 88.6912 
-0.0170746 0.0387747 0.999102 31.9544 0.0391822 0.998506 -0.0380821 -3.17866 -0.999086 0.0384968 -0.0185683 88.7022 
-0.0289156 0.0373108 0.998885 32.7523 0.0398672 0.998551 -0.0361444 -3.23361 -0.998786 0.0387776 -0.0303612 88.6939 
-0.0399965 0.0383885 0.998462 33.5255 0.039884 0.998527 -0.0367934 -3.26628 -0.998403 0.038351 -0.0414686 88.6747 
-0.0505803 0.0392864 0.997947 34.3033 0.0408287 0.998472 -0.0372378 -3.30483 -0.997885 0.0388614 -0.052107 88.6315 
-0.0625436 0.0406988 0.997212 35.07 0.0406459 0.998443 -0.0381999 -3.33365 -0.997214 0.0381434 -0.0641005 88.6173 
-0.0718796 0.0424175 0.996511 35.8558 0.0423219 0.998325 -0.0394421 -3.35517 -0.996515 0.0393391 -0.0735544 88.5479 
-0.0815298 0.0435656 0.995718 36.6171 0.0431942 0.99826 -0.0401401 -3.38957 -0.995734 0.0397367 -0.0832697 88.4934 
-0.0910522 0.0445227 0.99485 37.37 0.0436769 0.998217 -0.040676 -3.4235 -0.994888 0.0397484 -0.0928345 88.4237 
-0.100473 0.0453586 0.993905 38.118 0.0452598 0.998134 -0.0409764 -3.4621 -0.99391 0.0408669 -0.102338 88.355 
-0.108287 0.0445301 0.993122 38.8549 0.0456162 0.998166 -0.0397825 -3.50634 -0.993072 0.0409946 -0.11012 88.2639 
-0.116227 0.0442097 0.992238 39.5845 0.0466168 0.998151 -0.0390127 -3.53552 -0.992128 0.0417207 -0.118073 88.1931 
-0.121356 0.0429112 0.991681 40.3055 0.0501772 0.998053 -0.0370466 -3.57286 -0.99134 0.045264 -0.123272 88.1112 
-0.125438 0.0414743 0.991234 40.9978 0.0526683 0.997995 -0.0350922 -3.60238 -0.990702 0.0478047 -0.127371 88.0366 
-0.127713 0.040889 0.990968 41.6965 0.0545745 0.997926 -0.0341427 -3.63442 -0.990308 0.0497211 -0.12968 87.95 
-0.13008 0.040273 0.990685 42.3874 0.054267 0.997966 -0.0334436 -3.67221 -0.990017 0.0494112 -0.132001 87.8751 
-0.129862 0.041084 0.990681 43.0623 0.0556338 0.997869 -0.0340895 -3.70352 -0.98997 0.0506885 -0.13187 87.7753 
-0.129367 0.0418053 0.990715 43.7083 0.0570323 0.997771 -0.0346559 -3.7428 -0.989955 0.0520194 -0.131463 87.7058 
-0.126668 0.043061 0.99101 44.347 0.0569071 0.997727 -0.0360792 -3.7847 -0.990311 0.0518255 -0.12883 87.6412 
-0.121583 0.0434553 0.991629 44.9778 0.0584189 0.997623 -0.0365553 -3.81775 -0.990861 0.0534854 -0.123833 87.5782 
-0.114285 0.0441093 0.992468 45.5759 0.0570893 0.997654 -0.0377658 -3.8511 -0.991806 0.0523432 -0.116536 87.5369 
-0.102974 0.0438906 0.993715 46.1743 0.0563311 0.99768 -0.0382285 -3.88644 -0.993088 0.0520406 -0.105208 87.4823 
-0.089021 0.0441405 0.995051 46.7323 0.0548408 0.997719 -0.0393526 -3.91618 -0.994519 0.0510662 -0.0912387 87.4454 
-0.0726367 0.0453738 0.996326 47.2695 0.0539582 0.99768 -0.0415018 -3.95273 -0.995898 0.0507454 -0.0749165 87.436 
-0.0518469 0.0480967 0.997496 47.7991 0.0519683 0.997616 -0.0454015 -3.99029 -0.997302 0.0494843 -0.0542228 87.427 
-0.0269421 0.0506041 0.998355 48.3112 0.0496312 0.997554 -0.0492242 -4.02763 -0.998404 0.0482233 -0.0293877 87.4397 
0.00224182 0.0534054 0.99857 48.8474 0.0487583 0.997379 -0.0534513 -4.04865 -0.998808 0.0488084 -0.000368018 87.4521 
0.0363618 0.0530248 0.997931 49.3761 0.0469551 0.997398 -0.0547075 -4.07711 -0.998235 0.0488472 0.0337774 87.4835 
0.0753266 0.0506898 0.99587 49.8956 0.0453744 0.997498 -0.0542049 -4.11175 -0.996126 0.04927 0.0728382 87.5363 
0.117476 0.0469236 0.991966 50.3931 0.0411268 0.997796 -0.05207 -4.15494 -0.992224 0.0469134 0.115288 87.6257 
0.163731 0.0410807 0.985649 50.8841 0.0371527 0.998167 -0.0477741 -4.21129 -0.985805 0.0444416 0.161904 87.7213 
0.21427 0.0380633 0.976032 51.3779 0.0311437 0.998466 -0.0457753 -4.24314 -0.976278 0.0402056 0.212756 87.8331 
0.266769 0.036978 0.963051 51.8446 0.0269792 0.998585 -0.0458159 -4.26699 -0.963383 0.0382046 0.265394 87.9849 
0.323038 0.0355962 0.945716 52.313 0.0240201 0.998662 -0.045794 -4.31674 -0.946081 0.0375094 0.32175 88.1628 
0.382627 0.037076 0.923159 52.7707 0.0240013 0.998458 -0.0500483 -4.33302 -0.923591 0.0413068 0.381147 88.3706 
0.443744 0.041475 0.895193 53.1973 0.0219571 0.998125 -0.057128 -4.34922 -0.895885 0.045006 0.442001 88.6035 
0.503793 0.0456894 0.862615 53.6244 0.0206793 0.997676 -0.0649205 -4.37423 -0.863577 0.0505447 0.501677 88.8907 
0.561884 0.050916 0.825647 53.9828 0.0133253 0.997417 -0.0705773 -4.40154 -0.827108 0.0506583 0.559755 89.2001 
0.616754 0.0544734 0.785269 54.3091 0.0066393 0.997207 -0.0743901 -4.42969 -0.787128 0.051094 0.61467 89.5428 
0.670069 0.0557709 0.7402 54.6325 0.00143113 0.997075 -0.076421 -4.46276 -0.742297 0.0522667 0.668029 89.9011 
0.718957 0.0531448 0.693019 54.9117 -0.000385521 0.997103 -0.0760639 -4.491 -0.695054 0.0544195 0.716895 90.2553 
0.764744 0.0500564 0.642387 55.1781 -0.00604204 0.997491 -0.0705343 -4.52859 -0.644306 0.0500593 0.763127 90.6403 
0.806681 0.0464355 0.58916 55.4215 -0.0101632 0.997851 -0.0647317 -4.54999 -0.5909 0.04623 0.805419 91.0468 
0.842963 0.0428446 0.536262 55.62 -0.0144011 0.998263 -0.0571189 -4.58789 -0.537778 0.0404263 0.842117 91.4706 
0.874465 0.0406425 0.483383 55.8097 -0.0183986 0.998546 -0.0506732 -4.60619 -0.484739 0.0354183 0.873941 91.9151 
0.900277 0.0424126 0.433247 55.9689 -0.0253786 0.998663 -0.0450281 -4.63384 -0.434578 0.0295425 0.90015 92.3659 
0.920662 0.0438788 0.387886 56.1019 -0.030324 0.998699 -0.0410008 -4.66309 -0.38918 0.0259856 0.920795 92.8191 
0.935939 0.0517671 0.348337 56.2255 -0.0409884 0.998427 -0.038248 -4.68596 -0.349769 0.0215199 0.936589 93.2796 
0.947816 0.0558989 0.31388 56.3248 -0.0462328 0.998201 -0.0381621 -4.71544 -0.315449 0.021659 0.948695 93.7488 
0.957189 0.0583552 0.283521 56.4332 -0.049828 0.998065 -0.0372019 -4.73714 -0.285143 0.0214819 0.958244 94.2259 
0.963705 0.0531656 0.261621 56.546 -0.0449694 0.998295 -0.037221 -4.75464 -0.263154 0.024105 0.964453 94.7057 
0.967838 0.0502205 0.246509 56.649 -0.0427508 0.998452 -0.035565 -4.78842 -0.247914 0.0238827 0.968488 95.1903 
0.970649 0.0546451 0.234211 56.7398 -0.0475489 0.998226 -0.0358433 -4.81037 -0.235754 0.0236548 0.971525 95.6819 
0.97247 0.060346 0.22508 56.8241 -0.0538553 0.99794 -0.0348723 -4.83073 -0.22672 0.0217905 0.973716 96.1937 
0.973232 0.0689664 0.219232 56.9074 -0.0626402 0.997398 -0.0356866 -4.85825 -0.221123 0.0209985 0.97502 96.7032 
0.973914 0.0725241 0.215014 57.0239 -0.0653709 0.997051 -0.0402047 -4.86309 -0.217296 0.0251001 0.975783 97.2108 
0.973626 0.0760229 0.21511 57.1144 -0.0686341 0.996773 -0.041624 -4.91667 -0.217581 0.0257622 0.975702 97.759 
0.973258 0.0738324 0.217525 57.2285 -0.0654222 0.996814 -0.0456252 -4.93836 -0.2202 0.0301741 0.974988 98.3032 
0.972636 0.072418 0.220758 57.3627 -0.062437 0.9967 -0.0518697 -4.9605 -0.223786 0.0366668 0.973948 98.8359 
0.971819 0.0726551 0.224253 57.4934 -0.0613719 0.996492 -0.056891 -4.99222 -0.2276 0.0415249 0.972869 99.3888 
0.97048 0.0771522 0.228508 57.6171 -0.0657297 0.996197 -0.0571951 -5.01492 -0.232052 0.0404869 0.97186 99.9575 
0.968799 0.0800182 0.234576 57.7426 -0.0694648 0.996179 -0.052926 -5.0666 -0.237915 0.0349798 0.970656 100.544 
0.968208 0.0762223 0.238252 57.9072 -0.0668021 0.996641 -0.0473788 -5.10934 -0.241063 0.0299568 0.970047 101.137 
0.967522 0.0723534 0.24221 58.0621 -0.0640258 0.99706 -0.042089 -5.14986 -0.244543 0.0252143 0.96931 101.73 
0.96702 0.0689028 0.245203 58.221 -0.0613748 0.997383 -0.0382209 -5.17525 -0.247195 0.0219111 0.968718 102.372 
0.96668 0.0639636 0.247867 58.3828 -0.0560986 0.997676 -0.0386724 -5.19186 -0.249764 0.0234788 0.968022 102.995 
0.966637 0.0624049 0.248432 58.5359 -0.0535164 0.997667 -0.0423798 -5.21813 -0.250497 0.0276706 0.967722 103.636 
0.966862 0.0614696 0.247788 58.6942 -0.0508344 0.997499 -0.0490987 -5.25699 -0.250186 0.0348755 0.967569 104.275 
0.967141 0.0627927 0.246363 58.8543 -0.0508014 0.997208 -0.0547377 -5.30754 -0.249112 0.0404234 0.967631 104.921 
0.967724 0.0647719 0.243548 59.0051 -0.0521028 0.996949 -0.058113 -5.34884 -0.246569 0.0435478 0.968146 105.594 
0.968467 0.0636014 0.240886 59.1693 -0.0517248 0.997128 -0.0553166 -5.37495 -0.243712 0.0411125 0.968976 106.288 
0.969058 0.0594844 0.239558 59.34 -0.0494507 0.997637 -0.0476855 -5.4215 -0.241828 0.0343636 0.96971 107.001 
0.969826 0.0587909 0.236602 59.5073 -0.0502965 0.99786 -0.0417844 -5.46756 -0.238552 0.0286233 0.970708 107.708 
0.969842 0.062918 0.235474 59.6556 -0.0543591 0.997609 -0.0426713 -5.51476 -0.237596 0.0285842 0.970943 108.433 
0.970373 0.068757 0.231622 59.8293 -0.0596104 0.997149 -0.0462681 -5.5702 -0.234143 0.0310901 0.971705 109.14 
0.971602 0.0687202 0.226424 60.0023 -0.0587107 0.996989 -0.0506573 -5.62659 -0.229223 0.0359252 0.972711 109.884 
0.972601 0.0671183 0.222581 60.1533 -0.0566458 0.99698 -0.0531131 -5.67285 -0.225474 0.0390494 0.973466 110.641 
0.973426 0.06493 0.219606 60.3011 -0.0548947 0.997163 -0.0515015 -5.72809 -0.222327 0.0380777 0.974228 111.429 
0.97437 0.0611532 0.216481 60.4564 -0.0516544 0.997449 -0.0492735 -5.78018 -0.218942 0.0368284 0.975042 112.194 
0.97496 0.0592302 0.214347 60.6256 -0.0502521 0.997625 -0.0471005 -5.82432 -0.216628 0.0351496 0.975621 112.988 
0.975521 0.0560199 0.21265 60.7972 -0.0475111 0.99786 -0.0449187 -5.8641 -0.214711 0.0337159 0.976095 113.779 
0.97601 0.0503163 0.21183 60.9764 -0.0418553 0.998144 -0.0442416 -5.90314 -0.213663 0.034314 0.976304 114.583 
0.975867 0.0518196 0.212126 61.1119 -0.0436978 0.998127 -0.042802 -5.94372 -0.213947 0.0324996 0.976304 115.402 
0.975731 0.0566255 0.211524 61.2828 -0.04818 0.99783 -0.0448744 -5.99124 -0.213606 0.033594 0.976342 116.214 
0.975181 0.0628068 0.212312 61.4285 -0.0538449 0.997407 -0.0477384 -6.04757 -0.21476 0.0351216 0.976035 117.027 
0.974521 0.0717439 0.212513 61.605 -0.0625224 0.9968 -0.0498087 -6.0864 -0.215406 0.0352527 0.975888 117.87 
0.973482 0.0777971 0.215128 61.7763 -0.0688936 0.99644 -0.0485921 -6.15022 -0.218142 0.0324825 0.975376 118.707 
0.972607 0.0806429 0.218018 61.9414 -0.0720658 0.996291 -0.047024 -6.19746 -0.221001 0.0300241 0.974811 119.55 
0.972291 0.0814577 0.219124 62.137 -0.0726017 0.996196 -0.0481828 -6.24348 -0.222215 0.0309388 0.974507 120.406 
0.972143 0.0800684 0.220289 62.3222 -0.0704424 0.9962 -0.0512244 -6.29593 -0.223553 0.0342796 0.974089 121.232 
0.972219 0.0745384 0.221886 62.5048 -0.0650262 0.996636 -0.0498813 -6.34789 -0.224857 0.0340671 0.973796 122.071 
0.97268 0.0689481 0.221674 62.6885 -0.0591368 0.996966 -0.0506052 -6.40204 -0.22449 0.0361135 0.973807 122.898 
0.97248 0.0683488 0.222737 62.8717 -0.0584046 0.996992 -0.0509393 -6.46069 -0.225549 0.0365285 0.973547 123.722 
0.971512 0.0720027 0.225785 63.0325 -0.0626875 0.99687 -0.0481682 -6.51673 -0.228547 0.032642 0.972985 124.584 
0.971141 0.073854 0.226782 63.2086 -0.0659072 0.996923 -0.0424271 -6.56756 -0.229217 0.0262561 0.973021 125.409 
0.970501 0.0779553 0.228145 63.3832 -0.070939 0.996725 -0.0388075 -6.60762 -0.230423 0.0214783 0.972853 126.247 
0.970324 0.0769091 0.229251 63.5626 -0.0681212 0.996615 -0.0460162 -6.65146 -0.232014 0.0290337 0.972279 127.08 
0.970888 0.0727093 0.228232 63.7439 -0.0605975 0.996379 -0.0596443 -6.71488 -0.231742 0.0440776 0.971778 127.888 
0.971162 0.0715748 0.227421 63.9334 -0.0572966 0.995985 -0.0687852 -6.76958 -0.231431 0.0537711 0.971364 128.694 
0.971722 0.0681864 0.226066 64.1266 -0.0560497 0.996642 -0.059685 -6.82462 -0.229377 0.0453262 0.972282 129.528 
0.972021 0.0632318 0.226222 64.312 -0.055853 0.997682 -0.0388779 -6.88412 -0.228155 0.0251549 0.9733 130.382 
0.97253 0.0588201 0.225222 64.4975 -0.0549493 0.998214 -0.0234228 -6.94326 -0.226197 0.0104036 0.974026 131.218 
0.972362 0.063735 0.224611 64.6597 -0.0587596 0.997857 -0.0287741 -6.99323 -0.225963 0.0147808 0.974024 132.016 
0.972329 0.0721699 0.222189 64.8127 -0.0636246 0.996941 -0.04539 -7.02147 -0.224785 0.0299972 0.973946 132.833 
0.972211 0.0724714 0.222604 64.948 -0.0623045 0.996682 -0.0523706 -7.08074 -0.225661 0.0370459 0.973501 133.655 
0.973089 0.069076 0.219834 65.1319 -0.058695 0.996846 -0.0534168 -7.13075 -0.22283 0.0390761 0.974074 134.461 
0.973706 0.068606 0.217231 65.3012 -0.0587858 0.996949 -0.0513583 -7.19276 -0.220091 0.0372378 0.974768 135.277 
0.97455 0.0671492 0.213876 65.4579 -0.0571847 0.996985 -0.0524483 -7.24862 -0.216753 0.0388829 0.975452 136.075 
0.975436 0.0697647 0.208944 65.6183 -0.059752 0.996759 -0.0538637 -7.30319 -0.212024 0.0400557 0.976443 136.896 
0.97585 0.0742925 0.20542 65.7715 -0.0645324 0.996463 -0.053821 -7.36497 -0.208692 0.0392649 0.977193 137.684 
0.975806 0.0801763 0.203408 65.9133 -0.0704348 0.996015 -0.0546987 -7.412 -0.206983 0.0390482 0.977565 138.496 
0.975773 0.082548 0.202613 66.0417 -0.0734634 0.995943 -0.0519689 -7.47955 -0.206081 0.0358252 0.977879 139.291 
0.97613 0.0812722 0.201408 66.1966 -0.0730871 0.996181 -0.0477611 -7.52522 -0.204521 0.0319007 0.978342 140.079 
0.976846 0.0788362 0.198888 66.3612 -0.0706828 0.996354 -0.047779 -7.58401 -0.20193 0.0326147 0.978857 140.891 
0.977536 0.078191 0.195729 66.518 -0.0696171 0.996304 -0.0503189 -7.63139 -0.19894 0.0355624 0.979366 141.688 
0.979012 0.0723823 0.190515 66.6735 -0.0632827 0.996564 -0.0534302 -7.68903 -0.193727 0.0402524 0.980229 142.485 
0.980337 0.070174 0.184434 66.7983 -0.0611076 0.996648 -0.0543982 -7.72403 -0.187633 0.0420582 0.981338 143.259 
0.981409 0.0694198 0.178933 66.9192 -0.0615175 0.996885 -0.0493472 -7.76462 -0.181801 0.0374222 0.982623 144.063 
0.982518 0.066943 0.173713 67.0437 -0.0608157 0.997332 -0.0403654 -7.81757 -0.175952 0.0290952 0.983969 144.863 
0.98344 0.0634625 0.169756 67.1769 -0.059125 0.997785 -0.0304911 -7.86965 -0.171315 0.0199493 0.985014 145.65 
0.983709 0.069739 0.165687 67.2818 -0.0661091 0.997438 -0.0273306 -7.91464 -0.167169 0.0159319 0.9858 146.456 
0.98431 0.073814 0.160264 67.3978 -0.0696238 0.997072 -0.0316137 -7.96146 -0.162128 0.0199595 0.986568 147.233 
0.985222 0.0749103 0.154034 67.4853 -0.0693116 0.996735 -0.0414098 -8.00917 -0.156633 0.0301214 0.987197 148.026 
0.986297 0.073658 0.147623 67.5863 -0.0674228 0.996626 -0.0468127 -8.03268 -0.150573 0.0362179 0.987935 148.838 
0.987326 0.0732014 0.140817 67.6937 -0.0673729 0.996679 -0.0457283 -8.06649 -0.143697 0.0356613 0.988979 149.644 
0.9879 0.080445 0.132597 67.7869 -0.0754028 0.996242 -0.0426278 -8.10098 -0.135527 0.0321138 0.990253 150.474 
0.988465 0.0858792 0.124748 67.8552 -0.0809101 0.995733 -0.0443784 -8.14434 -0.128027 0.0337731 0.991195 151.292 
0.989484 0.0883945 0.11449 67.9315 -0.0830993 0.995274 -0.050235 -8.18185 -0.11839 0.0401926 0.992153 152.095 
0.990561 0.0870952 0.105842 68.0069 -0.0819376 0.995272 -0.0521462 -8.2269 -0.109884 0.0429814 0.993015 152.919 
0.991435 0.0869761 0.0974246 68.0773 -0.0824353 0.995356 -0.04971 -8.26642 -0.101296 0.041253 0.994001 153.739 
0.99193 0.089075 0.0902278 68.1272 -0.0855274 0.995431 -0.0424577 -8.31049 -0.0935974 0.034398 0.995016 154.539 
0.992258 0.0925074 0.0828621 68.1673 -0.0896792 0.995274 -0.0372354 -8.34705 -0.085915 0.0295161 0.995865 155.365 
0.992836 0.0923163 0.0758562 68.2074 -0.0899528 0.995365 -0.0340134 -8.38209 -0.0786445 0.0269462 0.996538 156.191 
0.993278 0.0928913 0.0690627 68.2555 -0.0908884 0.995359 -0.0316076 -8.421 -0.0716782 0.0251181 0.997111 157.023 
0.993675 0.0913907 0.0652481 68.2839 -0.0893745 0.995445 -0.033185 -8.46366 -0.0679836 0.0271435 0.997317 157.851 
0.993501 0.0964765 0.0603971 68.3179 -0.0942701 0.994806 -0.0383821 -8.50123 -0.0637863 0.0324389 0.997436 158.652 
0.993093 0.103351 0.055544 68.3441 -0.100911 0.993874 -0.0450723 -8.5422 -0.0598619 0.0391559 0.997438 159.475 
0.993226 0.103868 0.0520879 68.3751 -0.10141 0.993695 -0.0478156 -8.57308 -0.0567259 0.0422094 0.997497 160.276 
0.993192 0.105724 0.0489157 68.4037 -0.103722 0.993728 -0.0417969 -8.61007 -0.0530277 0.0364386 0.997928 161.094 
0.993 0.107983 0.0478501 68.4196 -0.106535 0.993799 -0.0318468 -8.64477 -0.0509921 0.0265261 0.998347 161.919 
0.993024 0.108996 0.0449819 68.4412 -0.107994 0.993858 -0.0241392 -8.6921 -0.0473367 0.0191129 0.998696 162.747 
0.993669 0.105319 0.039108 68.4616 -0.104312 0.994179 -0.0269706 -8.73034 -0.0417208 0.0227203 0.998871 163.566 
0.995212 0.0920237 0.0329333 68.4875 -0.0908355 0.995218 -0.0359231 -8.77149 -0.0360815 0.0327595 0.998812 164.369 
0.9956 0.0902541 0.0251779 68.5015 -0.0892209 0.995227 -0.0395222 -8.81272 -0.0286247 0.0371018 0.998901 165.185 
0.995403 0.0939831 0.0184173 68.4981 -0.0932182 0.994892 -0.0387334 -8.84099 -0.0219634 0.0368385 0.99908 166.018 
0.995785 0.0910202 0.0112972 68.4917 -0.090639 0.995413 -0.030612 -8.91168 -0.0140316 0.0294589 0.999467 166.86 
0.996301 0.0858128 0.00458632 68.4746 -0.0856578 0.995953 -0.0271946 -8.93776 -0.00690132 0.0267011 0.99962 167.704 
0.996978 0.0776807 -5.94044e-05 68.4537 -0.0776623 0.996724 -0.0225884 -8.96583 -0.00169539 0.0225247 0.999745 168.524 
0.99732 0.0728516 -0.00669564 68.4485 -0.0729842 0.997083 -0.0223154 -9.00087 0.00505048 0.0227442 0.999728 169.352 
0.997486 0.0694831 -0.0139019 68.4322 -0.0698692 0.997119 -0.0295346 -9.02997 0.0118098 0.0304316 0.999467 170.181 
0.997929 0.0609236 -0.0206339 68.3932 -0.0616851 0.997352 -0.0385318 -9.06897 0.0182318 0.0397247 0.999044 171.008 
0.998287 0.0515699 -0.0276287 68.3856 -0.0527149 0.997707 -0.0424522 -9.10342 0.0253762 0.0438359 0.998716 171.835 
0.997947 0.0544946 -0.0336407 68.3339 -0.0556588 0.997847 -0.0346943 -9.14195 0.0316777 0.0364954 0.998832 172.676 
0.997247 0.0641696 -0.0371579 68.253 -0.065044 0.997621 -0.0228188 -9.15769 0.0356053 0.0251728 0.999049 173.535 
0.996538 0.0715657 -0.0423019 68.2047 -0.0722421 0.997279 -0.0146793 -9.20099 0.0411363 0.0176843 0.998997 174.375 
0.996363 0.0715255 -0.0463064 68.1521 -0.0724262 0.99721 -0.018071 -9.2245 0.0448847 0.021359 0.998764 175.213 
0.996184 0.0726075 -0.0484389 68.0926 -0.074042 0.996848 -0.0285047 -9.25263 0.0462167 0.0319823 0.998419 176.038 
0.99524 0.0825792 -0.0517536 68.015 -0.084576 0.995705 -0.0376538 -9.28745 0.048422 0.0418515 0.99795 176.864 
0.995238 0.0814207 -0.0535968 67.9461 -0.0836904 0.995625 -0.0415568 -9.31991 0.0499788 0.0458443 0.997697 177.705 
0.995571 0.0754055 -0.056137 67.9126 -0.0775626 0.99629 -0.0372882 -9.34965 0.0531171 0.0414772 0.997726 178.548 
0.995591 0.0756112 -0.055516 67.8515 -0.0773048 0.996585 -0.0290162 -9.38191 0.0531325 0.0331799 0.998036 179.407 
0.995521 0.077204 -0.0545555 67.7736 -0.0785596 0.99664 -0.0231511 -9.4213 0.052585 0.0273332 0.998242 180.262 
0.995415 0.0772662 -0.0563779 67.7103 -0.078678 0.996629 -0.0232609 -9.46358 0.0543906 0.0275898 0.998138 181.12 
0.995471 0.0736501 -0.0601073 67.6696 -0.0756806 0.996611 -0.0322287 -9.4997 0.0575301 0.0366316 0.997671 181.953 
0.99604 0.0636034 -0.0621256 67.6017 -0.0663673 0.996847 -0.0434851 -9.54058 0.0591641 0.0474359 0.99712 182.793 
0.996533 0.0532367 -0.0639363 67.5409 -0.0562971 0.997304 -0.0470575 -9.58268 0.0612589 0.0504937 0.996844 183.623 
0.996293 0.054979 -0.0661556 67.4895 -0.0579309 0.99737 -0.0435597 -9.61215 0.0635868 0.0472306 0.996858 184.486 
0.995874 0.0613579 -0.0668536 67.4103 -0.0636256 0.99745 -0.0323344 -9.66743 0.0646992 0.0364545 0.997239 185.341 
0.995763 0.0615182 -0.0683502 67.3327 -0.0636411 0.997542 -0.0293256 -9.69975 0.0663782 0.0335511 0.99723 186.204 
0.995866 0.058298 -0.0696618 67.2678 -0.0607502 0.997587 -0.0336136 -9.73126 0.0675342 0.0377065 0.997004 187.039 
0.995974 0.0573242 -0.0689127 67.1801 -0.0602244 0.997352 -0.0407698 -9.76215 0.0663932 0.0447559 0.996789 187.882 
0.995595 0.0636074 -0.0688869 67.0979 -0.0665214 0.996948 -0.0408637 -9.80312 0.0660775 0.045266 0.996787 188.71 
0.995441 0.0656023 -0.0692275 67.0253 -0.0683745 0.996918 -0.0384612 -9.84088 0.066491 0.0430192 0.996859 189.534 
0.995118 0.0682937 -0.0712448 66.953 -0.0709461 0.996852 -0.0353833 -9.88311 0.0686041 0.040265 0.996831 190.372 
0.994945 0.070292 -0.0717141 66.8803 -0.0728782 0.996758 -0.0341038 -9.91307 0.0690844 0.0391578 0.996842 191.198 
0.994685 0.0726119 -0.0729971 66.805 -0.0752087 0.996606 -0.0334737 -9.95546 0.0703188 0.0387857 0.99677 192.03 
0.994761 0.0723296 -0.0722428 66.7155 -0.0751149 0.996503 -0.0366077 -10.0019 0.0693424 0.0418423 0.996715 192.835 
0.994482 0.0738184 -0.0745349 66.6521 -0.0771122 0.996124 -0.0423212 -10.0354 0.071122 0.0478351 0.99632 193.627 
