1 -4.23778e-08 4.22719e-08 0 -4.23778e-08 1 -4.19404e-08 0 4.22719e-08 -4.19404e-08 1 0 
1 0.000426698 -0.000114253 -0.0513607 -0.00042651 0.999997 0.00237617 -0.01036 0.000115351 -0.0023762 0.999997 1.51957 
0.999998 -0.000447499 -0.0017129 -0.0709156 0.000452342 0.999996 0.00287749 -0.026613 0.00171169 -0.00287835 0.999994 3.02017 
0.999998 5.79289e-05 -0.00203943 -0.14318 -5.46867e-05 0.999999 0.00163125 -0.0306904 0.00203961 -0.00163122 0.999997 4.5939 
0.999993 0.00050325 -0.00378343 -0.170694 -0.000498574 0.999999 0.00125931 -0.0510173 0.00378414 -0.0012575 0.999992 6.04961 
0.99998 0.00160656 -0.00611396 -0.191021 -0.00160211 0.999998 0.000745668 -0.0545781 0.00611523 -0.000735942 0.999981 7.56041 
0.999967 0.00107139 -0.00807441 -0.195127 -0.00106472 0.999999 0.000840416 -0.0645485 0.00807538 -0.000831876 0.999967 9.10903 
0.999954 -0.000182188 -0.00957473 -0.244615 0.000188329 1 0.0006493 -0.0945749 0.00957469 -0.000651157 0.999954 10.6129 
0.999922 -0.00294127 -0.0121161 -0.221083 0.00293726 0.999996 -0.000341463 -0.106349 0.0121171 0.000305764 0.999926 12.1733 
0.999896 -0.00182644 -0.0143183 -0.244086 0.0018143 0.999998 -0.000854767 -0.139372 0.0143199 0.000828615 0.999897 13.6899 
0.999882 -0.00125504 -0.0153115 -0.280827 0.00123085 0.999998 -0.00158388 -0.146722 0.0153136 0.00156477 0.999881 15.1757 
0.999881 -0.00019372 -0.0153983 -0.347235 0.000190042 1 -0.000234887 -0.18064 0.0153984 0.000231849 0.999881 16.5567 
0.999859 0.000925713 -0.0167755 -0.365489 -0.000917838 0.999999 0.000482158 -0.196307 0.0167761 -0.000466777 0.999859 18.0787 
0.999813 -0.00128563 -0.0192754 -0.387381 0.00130568 0.999999 0.00103193 -0.233925 0.0192741 -0.00105699 0.999814 19.4373 
0.999815 0.00131668 -0.0192003 -0.46469 -0.0013055 0.999999 0.000599194 -0.254221 0.0192012 -0.000574102 0.999815 20.911 
0.999803 -0.000496205 -0.0198386 -0.507915 0.000503703 1 0.000377164 -0.27057 0.0198385 -0.000387168 0.999803 22.4276 
0.999797 0.000614426 -0.0201238 -0.552179 -0.000590496 0.999999 0.00119924 -0.299118 0.0201246 -0.0011872 0.999797 23.8044 
0.999781 0.00306186 -0.0206827 -0.580003 -0.00301625 0.999993 0.00224036 -0.327768 0.0206895 -0.00217757 0.999783 25.1503 
0.999763 0.00206994 -0.0216771 -0.619464 -0.00205703 0.999998 0.000621956 -0.348356 0.0216784 -0.000577302 0.999765 26.5788 
0.999753 0.00179498 -0.0221422 -0.671178 -0.00181805 0.999998 -0.00101819 -0.375424 0.0221404 0.00105811 0.999754 27.9951 
0.999738 -0.00139972 -0.0228501 -0.703311 0.00137883 0.999999 -0.000926097 -0.410493 0.0228515 0.000894263 0.999738 29.4067 
0.999714 -0.00173363 -0.0238448 -0.727225 0.00177821 0.999997 0.00185216 -0.439847 0.0238416 -0.00189412 0.999714 30.7478 
0.999718 -0.00274642 -0.0235756 -0.789128 0.00280229 0.999993 0.00234054 -0.456312 0.0235691 -0.00240603 0.999719 32.1379 
0.999719 -0.0028844 -0.023515 -0.84758 0.00292164 0.999994 0.00155305 -0.480134 0.0235105 -0.0016214 0.999722 33.5195 
0.999697 -0.00246026 -0.0244738 -0.877391 0.00244037 0.999997 -0.000839072 -0.491272 0.0244759 0.000779008 0.9997 34.9033 
0.999712 2.83664e-05 -0.0239911 -0.950356 -7.8638e-05 0.999998 -0.00209099 -0.510066 0.0239911 0.00209219 0.99971 36.2727 
0.999727 -5.71009e-05 -0.0233712 -1.00578 -1.51872e-05 0.999995 -0.00308926 -0.527275 0.0233714 0.00308869 0.999722 37.6048 
0.999767 0.000715281 -0.0215834 -1.06488 -0.000736911 0.999999 -0.000990327 -0.567321 0.0215828 0.00100592 0.999766 38.9521 
0.999786 0.00266435 -0.0205242 -1.12534 -0.00266426 0.999996 3.58529e-05 -0.575685 0.0205243 1.8752e-05 0.999789 40.3184 
0.999782 -0.000215633 -0.0208719 -1.14657 0.000238286 0.999999 0.00108687 -0.608157 0.0208718 -0.00109169 0.999781 41.5804 
0.999797 -0.000519699 -0.0201404 -1.16733 0.000547222 0.999999 0.00136521 -0.632341 0.0201397 -0.00137604 0.999796 42.889 
0.999843 -0.00203063 -0.0176017 -1.19163 0.00202827 0.999998 -0.00014712 -0.647729 0.017602 0.000111311 0.999845 44.1644 
0.999916 -0.00175958 -0.0128375 -1.27412 0.00174907 0.999998 -0.000823688 -0.682916 0.012839 0.000801081 0.999917 45.4108 
0.999951 -0.00296091 -0.00946826 -1.30533 0.00293778 0.999993 -0.00244701 -0.706351 0.00947552 0.00241899 0.999952 46.6558 
0.999981 -0.00105866 -0.00600885 -1.33643 0.00104715 0.999998 -0.00190545 -0.739957 0.00601093 0.00189904 0.99998 47.8709 
0.999994 -0.00201895 -0.00274075 -1.30698 0.00201534 0.999997 -0.00129114 -0.773975 0.00274343 0.00128553 0.999995 49.0308 
0.999998 0.000261028 0.00179359 -1.2891 -0.000255995 0.999996 -0.00285301 -0.78754 -0.00179424 0.00285246 0.999994 50.2346 
0.999955 0.00196519 0.00922145 -1.30713 -0.00194264 0.999995 -0.00246349 -0.812185 -0.00922616 0.00244538 0.999954 51.4145 
0.999853 0.00191081 0.0170558 -1.3106 -0.00186541 0.999995 -0.00268251 -0.825429 -0.0170608 0.00265022 0.999851 52.6286 
0.999622 0.00537102 0.02695 -1.31214 -0.00533124 0.999985 -0.00155107 -0.846667 -0.0269578 0.00140673 0.999635 53.8091 
0.999179 0.006704 0.0399531 -1.29009 -0.00666263 0.999977 -0.00117073 -0.893414 -0.0399599 0.000903499 0.999201 54.9922 
0.998556 0.00738193 0.0532072 -1.2431 -0.00733255 0.999972 -0.00112489 -0.919964 -0.053214 0.000733042 0.998583 56.0761 
0.99757 0.0092003 0.0690546 -1.16999 -0.00918999 0.999958 -0.000468201 -0.922406 -0.0690559 -0.000167629 0.997613 57.2571 
0.99621 0.00934893 0.0864718 -1.08313 -0.00942256 0.999955 0.000442315 -0.949067 -0.0864637 -0.0012555 0.996254 58.3738 
0.994316 0.00879964 0.106105 -0.991028 -0.00866914 0.999961 -0.00169192 -0.943465 -0.106116 0.000762384 0.994353 59.5114 
0.992119 0.00807009 0.125036 -0.858567 -0.00774268 0.999965 -0.00310498 -0.958936 -0.125056 0.00211233 0.992147 60.5768 
0.989324 0.00549107 0.14563 -0.71634 -0.00501719 0.999981 -0.00362175 -0.979258 -0.145647 0.00285235 0.989332 61.5805 
0.98595 0.000248935 0.167043 -0.566875 6.87469e-05 0.999998 -0.00189656 -0.996754 -0.167043 0.00188132 0.985948 62.6094 
0.981774 -0.00501352 0.189987 -0.369559 0.00526913 0.999986 -0.000840746 -0.998964 -0.18998 0.00182641 0.981786 63.6111 
0.976888 -0.0102019 0.213506 -0.156946 0.0107437 0.999941 -0.00137773 -1.02528 -0.213479 0.00363966 0.976941 64.6003 
0.970776 -0.0164651 0.239424 0.0741464 0.0175098 0.999844 -0.00223753 -1.04097 -0.239349 0.00636433 0.970913 65.5979 
0.963893 -0.0194993 0.265574 0.344751 0.0208842 0.999779 -0.00239193 -1.05282 -0.265468 0.00785179 0.964088 66.5646 
0.955899 -0.0226447 0.292821 0.641209 0.0233864 0.999726 0.000967734 -1.08506 -0.292763 0.00592291 0.956167 67.5181 
0.946607 -0.0281606 0.321156 0.951598 0.0283212 0.99959 0.00417219 -1.09781 -0.321142 0.00514603 0.947017 68.4736 
0.936482 -0.0314235 0.349305 1.28639 0.0321147 0.999477 0.00381365 -1.11185 -0.349242 0.00764631 0.937001 69.3591 
0.92493 -0.0305323 0.37891 1.66181 0.0329664 0.999456 6.31528e-05 -1.12152 -0.378706 0.0124328 0.925433 70.2763 
0.912811 -0.032269 0.407106 2.03063 0.0377101 0.999274 -0.00534679 -1.13815 -0.406638 0.0202326 0.913365 71.1093 
0.899272 -0.0345429 0.436023 2.45083 0.0416631 0.999109 -0.00677593 -1.16168 -0.435401 0.0242594 0.89991 71.9678 
0.884378 -0.0352579 0.465437 2.90381 0.0418075 0.999119 -0.00375338 -1.16868 -0.464895 0.0227781 0.885073 72.8358 
0.866769 -0.033477 0.497584 3.34743 0.0374026 0.999298 0.00207814 -1.18821 -0.497304 0.0168096 0.867413 73.6674 
0.848232 -0.034759 0.528484 3.84165 0.0372414 0.999288 0.00595083 -1.2021 -0.528314 0.0146337 0.848923 74.4575 
0.82791 -0.0281813 0.560152 4.35296 0.0335187 0.999438 0.00074067 -1.20413 -0.559858 0.0181623 0.828389 75.2452 
0.806004 -0.0212573 0.591528 4.87223 0.0309039 0.999503 -0.00619078 -1.20866 -0.591103 0.0232703 0.806261 75.9939 
0.784155 -0.0198521 0.620248 5.43959 0.0311188 0.999489 -0.00735221 -1.23751 -0.619784 0.0250666 0.784372 76.7251 
0.761658 -0.0216194 0.647619 6.03937 0.0323331 0.999466 -0.0046618 -1.24404 -0.647172 0.0244902 0.76195 77.4405 
0.737348 -0.0217722 0.675162 6.63855 0.0330355 0.999447 -0.0038489 -1.26433 -0.674704 0.0251422 0.73766 78.123 
0.712582 -0.0205753 0.701287 7.24501 0.0344715 0.999389 -0.00570542 -1.29148 -0.700741 0.02824 0.712856 78.7533 
0.687745 -0.0183684 0.72572 7.89747 0.0351836 0.999348 -0.00804855 -1.30246 -0.725099 0.0310687 0.687943 79.3692 
0.661282 -0.0161111 0.749964 8.56962 0.033219 0.999417 -0.00782108 -1.31489 -0.749401 0.030085 0.661432 79.979 
0.63406 -0.0157935 0.773122 9.26143 0.0352539 0.999342 -0.00849815 -1.33271 -0.77248 0.0326439 0.6342 80.5431 
0.605659 -0.0100387 0.795661 9.96774 0.0342168 0.999324 -0.0134377 -1.36038 -0.794988 0.0353636 0.605593 81.1107 
0.576398 -0.0013395 0.817168 10.7002 0.0330502 0.999219 -0.0216746 -1.38864 -0.8165 0.0395007 0.575992 81.64 
0.546044 0.00737717 0.837724 11.4474 0.0318334 0.999056 -0.0295476 -1.4125 -0.837152 0.0428019 0.545293 82.1547 
0.514142 0.0127515 0.85761 12.2438 0.0283111 0.999092 -0.031828 -1.44098 -0.857237 0.040644 0.513315 82.6564 
0.482086 0.0133672 0.876022 13.0152 0.0255999 0.999242 -0.0293355 -1.46218 -0.87575 0.0365683 0.481378 83.0975 
0.450257 0.0112029 0.892829 13.8469 0.0223144 0.999468 -0.0237943 -1.5101 -0.89262 0.0306365 0.449767 83.5121 
0.41657 0.0136411 0.909001 14.6734 0.0172711 0.999588 -0.0229154 -1.52111 -0.908939 0.0252453 0.416163 83.9124 
0.381858 0.0176346 0.924053 15.5585 0.0100327 0.99968 -0.0232239 -1.53582 -0.924166 0.018139 0.381559 84.2874 
0.345819 0.018711 0.938114 16.426 0.00469206 0.999754 -0.0216702 -1.5791 -0.938289 0.0118956 0.345647 84.6361 
0.31 0.0179429 0.950567 17.3309 0.00334857 0.999795 -0.0199642 -1.61073 -0.95073 0.00937194 0.309877 84.9511 
0.273433 0.0178768 0.961725 18.2572 0.00154441 0.999818 -0.019024 -1.63777 -0.96189 0.00668708 0.273355 85.235 
0.236784 0.0172174 0.97141 19.1808 0.00399236 0.999817 -0.0186941 -1.66125 -0.971554 0.00830468 0.236672 85.4933 
0.199988 0.0156541 0.979673 20.0975 0.0053725 0.99984 -0.0170731 -1.683 -0.979784 0.0086777 0.199872 85.7234 
0.165365 0.0151082 0.986117 21.0409 0.0138692 0.999748 -0.0176429 -1.70168 -0.986135 0.0165941 0.165113 85.8882 
0.131543 0.0187326 0.991133 22.0088 0.0151026 0.999667 -0.0208984 -1.7287 -0.991195 0.0177177 0.131216 86.0243 
0.0992304 0.0246514 0.994759 22.9669 0.0168147 0.999509 -0.0264466 -1.7497 -0.994922 0.0193509 0.0987672 86.1106 
0.0706048 0.0286922 0.997092 23.9235 0.0246539 0.999231 -0.0304996 -1.77942 -0.9972 0.0267356 0.0698432 86.182 
0.0450064 0.0265267 0.998634 24.8962 0.0266459 0.99926 -0.0277442 -1.82115 -0.998631 0.0278582 0.0442662 86.237 
0.0234463 0.0234694 0.999449 25.8551 0.0291117 0.999284 -0.0241486 -1.86014 -0.999301 0.0296618 0.0227462 86.2519 
0.00473625 0.021127 0.999765 26.845 0.0302607 0.999316 -0.0212609 -1.88541 -0.999531 0.0303543 0.0040937 86.2585 
-0.011261 0.0235922 0.999658 27.8221 0.0319593 0.999219 -0.0232219 -1.92876 -0.999426 0.0316869 -0.0120062 86.2524 
-0.0266525 0.0288836 0.999227 28.8244 0.0345125 0.999013 -0.0279569 -1.95401 -0.999049 0.0337407 -0.0276231 86.2443 
-0.0389602 0.0330906 0.998693 29.8153 0.0371208 0.998809 -0.0316464 -1.99408 -0.998551 0.0358394 -0.0401421 86.2092 
-0.047279 0.036457 0.998216 30.8098 0.0415865 0.998539 -0.0344992 -2.02561 -0.998016 0.0398813 -0.0487261 86.1604 
-0.0540062 0.0429643 0.997616 31.8223 0.0450679 0.998161 -0.0405481 -2.05593 -0.997523 0.0427706 -0.0558432 86.1251 
-0.0573069 0.0477025 0.997216 32.8098 0.0462483 0.997912 -0.0450781 -2.11083 -0.997285 0.0435363 -0.0593934 86.0782 
-0.0609016 0.0511877 0.99683 33.7931 0.0480272 0.997678 -0.0482971 -2.18091 -0.996988 0.0449336 -0.0632185 86.0407 
-0.062516 0.0530267 0.996634 34.7987 0.0473465 0.997621 -0.0501093 -2.25247 -0.99692 0.0440545 -0.0648779 85.9556 
-0.0655044 0.0567239 0.996239 35.8193 0.0497469 0.997327 -0.053515 -2.30937 -0.996611 0.0460543 -0.0681512 85.926 
-0.0667117 0.0599371 0.99597 36.8323 0.051954 0.997049 -0.0565221 -2.38371 -0.996419 0.047974 -0.0696288 85.8496 
-0.069168 0.0614253 0.995712 37.8556 0.0545738 0.996841 -0.057704 -2.44071 -0.996111 0.0503485 -0.0723017 85.8 
-0.0699903 0.0608575 0.995689 38.8676 0.053985 0.996906 -0.0571371 -2.50012 -0.996086 0.0497533 -0.0730591 85.7073 
-0.0722335 0.0609768 0.995522 39.9084 0.0541447 0.996897 -0.0571325 -2.57153 -0.995917 0.0497754 -0.0753109 85.6475 
-0.075042 0.0627446 0.995204 40.9274 0.0548732 0.996766 -0.0587055 -2.64271 -0.995669 0.0502047 -0.0782423 85.5885 
-0.0772332 0.064326 0.994936 41.9867 0.0516709 0.996834 -0.0604378 -2.6987 -0.995673 0.0467414 -0.0803125 85.519 
-0.0781361 0.0665621 0.994718 42.9582 0.0493367 0.996804 -0.0628263 -2.76649 -0.995721 0.0441671 -0.0811703 85.4327 
-0.0806453 0.0704068 0.994253 43.99 0.0469177 0.996664 -0.0667721 -2.84166 -0.995638 0.0412632 -0.0836796 85.35 
-0.0827437 0.0742518 0.993801 45.002 0.0425938 0.996573 -0.0709126 -2.91945 -0.99566 0.0364621 -0.0856228 85.2914 
-0.084768 0.0758529 0.993509 46.0265 0.0398209 0.996559 -0.0726883 -3.00948 -0.995605 0.0334008 -0.0874969 85.2118 
-0.0887317 0.0744975 0.993266 47.0503 0.0383838 0.996714 -0.0713272 -3.09588 -0.995316 0.0317964 -0.0912997 85.1671 
-0.0904345 0.0704373 0.993408 48.0976 0.0355498 0.997088 -0.067462 -3.17056 -0.995268 0.0292146 -0.0926752 85.0717 
-0.0925593 0.0692842 0.993294 49.151 0.0364017 0.997145 -0.0661608 -3.24844 -0.995041 0.0300338 -0.0948171 84.978 
-0.0948116 0.0703911 0.993003 50.2084 0.0357653 0.997094 -0.0672662 -3.31265 -0.994852 0.0291374 -0.0970536 84.8963 
-0.0965256 0.0733048 0.992627 51.2601 0.0363338 0.996879 -0.0700857 -3.3871 -0.994667 0.0293008 -0.0988878 84.8098 
-0.0991493 0.0755595 0.9922 52.2524 0.0361034 0.996729 -0.0722968 -3.46644 -0.994417 0.0286536 -0.101553 84.7702 
-0.0994885 0.0764068 0.992101 53.3137 0.0342331 0.99672 -0.0733297 -3.54083 -0.99445 0.0266672 -0.101778 84.6818 
-0.0993277 0.0754209 0.992192 54.3406 0.0304623 0.996886 -0.0727283 -3.62279 -0.994588 0.0230005 -0.101316 84.5965 
-0.0998645 0.0748494 0.992182 55.4364 0.027951 0.996984 -0.0723985 -3.71159 -0.994608 0.0205024 -0.101655 84.5227 
-0.0986858 0.0778231 0.992071 56.5027 0.0235493 0.996841 -0.0758548 -3.78308 -0.99484 0.0158768 -0.100207 84.4209 
-0.0980009 0.0779499 0.992129 57.5843 0.0196613 0.996885 -0.0763815 -3.87706 -0.994992 0.0120211 -0.0992282 84.3219 
-0.0976868 0.0778911 0.992164 58.6922 0.0151755 0.996933 -0.0767714 -3.97258 -0.995101 0.00755706 -0.0985693 84.2132 
-0.0999845 0.0725668 0.992339 59.769 0.0153655 0.99733 -0.0713837 -4.06711 -0.99487 0.00811051 -0.100833 84.1612 
-0.099605 0.06464 0.992925 60.907 0.0192115 0.997827 -0.0630319 -4.14321 -0.994841 0.0127973 -0.10063 84.0301 
-0.09841 0.0585581 0.993421 61.9811 0.0244682 0.998108 -0.0564105 -4.22563 -0.994845 0.0187559 -0.0996566 83.9372 
-0.101086 0.0624882 0.992913 63.0689 0.0320116 0.997713 -0.0595314 -4.26044 -0.994363 0.025767 -0.102855 83.9017 
-0.0988811 0.0678026 0.992787 64.1448 0.0396281 0.997153 -0.0641539 -4.33495 -0.99431 0.0329987 -0.101287 83.788 
-0.0966429 0.0738819 0.992573 65.2695 0.0458967 0.996511 -0.0697063 -4.40886 -0.99426 0.0388192 -0.0996966 83.649 
-0.0975877 0.0795052 0.992046 66.4105 0.0468528 0.996066 -0.0752185 -4.47637 -0.994123 0.0391397 -0.100929 83.5765 
-0.0975359 0.0771925 0.992234 67.5324 0.0436591 0.99636 -0.0732219 -4.55331 -0.994274 0.0361783 -0.100551 83.4883 
-0.0965714 0.0734773 0.99261 68.6625 0.0425645 0.996664 -0.0696363 -4.6414 -0.994415 0.0355251 -0.0993767 83.3801 
-0.09486 0.0712911 0.992935 69.739 0.0417349 0.99684 -0.0675845 -4.73329 -0.994615 0.0350289 -0.0975356 83.2501 
-0.094153 0.0709647 0.993025 70.854 0.0383699 0.996974 -0.0676089 -4.82226 -0.994818 0.0317367 -0.096591 83.1249 
-0.0925194 0.0765814 0.992761 71.944 0.0400107 0.996519 -0.0731426 -4.89659 -0.994907 0.032954 -0.0952614 83.0119 
-0.0908416 0.0790028 0.992727 73.0637 0.039073 0.996363 -0.0757168 -4.99305 -0.995098 0.0319106 -0.0935981 82.9073 
-0.089823 0.0780963 0.992891 74.2061 0.0398548 0.996404 -0.0747672 -5.07447 -0.99516 0.0328556 -0.0926125 82.7973 
-0.0890984 0.0718191 0.99343 75.3682 0.040733 0.996825 -0.0684114 -5.1542 -0.995189 0.0343701 -0.091741 82.7006 
-0.09073 0.0689409 0.993486 76.5147 0.0389075 0.997085 -0.0656375 -5.24663 -0.995115 0.0326988 -0.0931478 82.6356 
-0.0930017 0.0721727 0.993047 77.6584 0.0384382 0.996886 -0.068852 -5.32175 -0.994924 0.0317676 -0.0954863 82.5971 
-0.0928493 0.0773095 0.992674 78.8075 0.037346 0.99655 -0.0741182 -5.37339 -0.994979 0.0301906 -0.0954161 82.5128 
-0.0918346 0.0776583 0.992741 79.9927 0.0372031 0.996526 -0.0745129 -5.44824 -0.995079 0.0300902 -0.0944047 82.3912 
-0.0938672 0.074112 0.992822 81.1297 0.0363601 0.996815 -0.0709725 -5.54513 -0.99492 0.0294372 -0.096263 82.3285 
-0.0895783 0.0734539 0.993267 82.3364 0.0384009 0.99679 -0.0702512 -5.62021 -0.995239 0.0318494 -0.0921115 82.178 
-0.087303 0.0735402 0.993464 83.5288 0.0388642 0.996764 -0.0703693 -5.70897 -0.995423 0.0324667 -0.0898786 82.0642 
-0.0848458 0.0745287 0.993603 84.7708 0.0418665 0.996585 -0.0711774 -5.77448 -0.995514 0.0355596 -0.0876763 81.9435 
-0.0837502 0.0751565 0.993648 85.9985 0.0402368 0.996593 -0.071988 -5.85429 -0.995674 0.0339522 -0.0864889 81.8487 
-0.0824171 0.0752533 0.993753 87.2146 0.0436082 0.996462 -0.0718419 -5.94522 -0.995643 0.0374147 -0.0854072 81.7569 
-0.0815046 0.0743716 0.993894 88.4145 0.0453011 0.996458 -0.0708486 -6.03086 -0.995643 0.0392501 -0.084585 81.6708 
-0.0814184 0.0739023 0.993936 89.6185 0.0436126 0.996556 -0.0705246 -6.12633 -0.995725 0.0376061 -0.0843611 81.6051 
-0.07969 0.0731904 0.994129 90.8414 0.0450973 0.996544 -0.0697533 -6.21666 -0.995799 0.0392739 -0.0827153 81.5112 
-0.0783603 0.0752263 0.994083 92.0475 0.043167 0.99647 -0.0720043 -6.29466 -0.99599 0.0372693 -0.081331 81.4439 
-0.077371 0.0785984 0.993899 93.2753 0.0431448 0.996218 -0.0754231 -6.37206 -0.996068 0.037046 -0.0804695 81.3577 
-0.0762379 0.0772308 0.994094 94.5009 0.0411137 0.996391 -0.0742563 -6.47264 -0.996242 0.0352097 -0.079138 81.2765 
-0.0744895 0.0752486 0.994379 95.7333 0.0379504 0.99664 -0.0725769 -6.5862 -0.996499 0.0323309 -0.077095 81.1799 
-0.0748979 0.077878 0.994145 97.0068 0.0357156 0.996515 -0.075373 -6.66285 -0.996551 0.0298613 -0.0774183 81.1299 
-0.076441 0.0783253 0.993993 98.2933 0.0343134 0.996526 -0.0758861 -6.74599 -0.996483 0.0283065 -0.078863 81.0788 
-0.0762884 0.0773361 0.994082 99.5586 0.0331523 0.996633 -0.0749904 -6.84251 -0.996534 0.0272352 -0.0785954 80.984 
-0.0766921 0.0751459 0.994219 100.766 0.0316737 0.996836 -0.0729005 -6.95294 -0.996552 0.0258997 -0.0788296 80.9089 
-0.0790864 0.0740247 0.994115 102.045 0.0285356 0.996998 -0.0719693 -7.06606 -0.996459 0.0226759 -0.0809614 80.8672 
-0.0805771 0.0731469 0.994061 103.306 0.0298719 0.997033 -0.0709443 -7.18418 -0.996301 0.023978 -0.082523 80.7807 
-0.0831546 0.0734251 0.993828 104.538 0.028617 0.997046 -0.0712685 -7.25832 -0.996126 0.0225141 -0.0850102 80.6959 
-0.0853897 0.0684641 0.993993 105.802 0.0262154 0.997445 -0.06645 -7.35029 -0.996003 0.0203837 -0.0869663 80.5991 
-0.0898498 0.0690141 0.993561 107.023 0.0265074 0.997408 -0.0668843 -7.43323 -0.995602 0.0203272 -0.0914464 80.4993 
-0.0968887 0.0751388 0.992455 108.244 0.0211198 0.997077 -0.073427 -7.52755 -0.995071 0.0138462 -0.0981924 80.4296 
-0.103975 0.0785832 0.99147 109.413 0.0231625 0.996795 -0.0765763 -7.61923 -0.99431 0.0150029 -0.105462 80.3309 
-0.112828 0.0744564 0.990821 110.68 0.0244891 0.997094 -0.0721392 -7.72392 -0.993313 0.016125 -0.114324 80.1932 
-0.124157 0.0726614 0.989598 111.926 0.0274769 0.997184 -0.0697711 -7.82875 -0.991882 0.0185285 -0.125804 80.0411 
-0.135998 0.0742754 0.987921 113.162 0.0300819 0.997035 -0.0708197 -7.90697 -0.990252 0.0200872 -0.13783 79.8784 
-0.148611 0.0757719 0.985988 114.375 0.034071 0.99686 -0.0714722 -7.98526 -0.988308 0.022972 -0.150727 79.6898 
-0.162552 0.0736152 0.98395 115.599 0.0339268 0.99704 -0.0689898 -8.08091 -0.986116 0.0221678 -0.164569 79.4948 
-0.176618 0.0758713 0.981351 116.776 0.0380755 0.996805 -0.0702135 -8.18556 -0.983543 0.0249645 -0.178942 79.2676 
-0.19222 0.0787602 0.978186 117.901 0.0390725 0.996598 -0.0725647 -8.28933 -0.980574 0.0242718 -0.194644 79.077 
-0.206785 0.0838114 0.97479 119.073 0.0390567 0.996237 -0.0773703 -8.36779 -0.977606 0.0220731 -0.209281 78.819 
-0.224159 0.0814671 0.971141 120.225 0.034831 0.996533 -0.0755575 -8.46132 -0.97393 0.016889 -0.22622 78.617 
-0.239446 0.0759752 0.967932 121.397 0.0293475 0.997044 -0.0710003 -8.55834 -0.970466 0.0114057 -0.240968 78.3412 
-0.256693 0.071792 0.963823 122.613 0.0254759 0.997393 -0.0675077 -8.6508 -0.966157 0.00722542 -0.257853 78.0722 
-0.272503 0.0731336 0.959371 123.749 0.0229466 0.997317 -0.0695085 -8.72058 -0.961881 0.00307305 -0.27345 77.7963 
-0.286268 0.0756977 0.955155 124.905 0.023271 0.997129 -0.0720498 -8.81683 -0.957867 0.00160189 -0.287208 77.4667 
-0.301085 0.0787129 0.950343 126.066 0.0267763 0.996892 -0.0740852 -8.91126 -0.953221 0.00314075 -0.302257 77.1463 
-0.315671 0.0795965 0.945524 127.215 0.0295214 0.996817 -0.0740585 -9.00516 -0.948409 0.00453503 -0.317016 76.774 
-0.3289 0.0769594 0.941223 128.329 0.0286435 0.997028 -0.0715132 -9.09994 -0.94393 0.00343926 -0.330127 76.3816 
-0.343647 0.076682 0.935963 129.461 0.0299577 0.997048 -0.0706875 -9.19975 -0.938621 0.0037477 -0.34493 76.0143 
-0.358368 0.0781198 0.930306 130.589 0.0282208 0.996944 -0.0728445 -9.29318 -0.933154 0.000148885 -0.359478 75.5975 
-0.373031 0.0810615 0.924271 131.715 0.0295639 0.996709 -0.0754828 -9.38783 -0.927348 -0.000832344 -0.374199 75.1576 
-0.38741 0.0831023 0.918154 132.855 0.0296547 0.996537 -0.0776842 -9.47186 -0.921431 -0.00286795 -0.388532 74.6679 
-0.401527 0.0858887 0.911811 133.936 0.0338504 0.996304 -0.0789413 -9.57844 -0.915221 -0.000831953 -0.402951 74.2045 
-0.416411 0.089825 0.904728 135.03 0.0336156 0.995948 -0.0834098 -9.66598 -0.908555 -0.00431976 -0.417743 73.7278 
-0.431468 0.0908452 0.897542 136.108 0.0344998 0.99585 -0.0842107 -9.78643 -0.901468 -0.00536923 -0.432812 73.2289 
-0.446163 0.0897034 0.890445 137.233 0.0350803 0.995952 -0.0827551 -9.88364 -0.894264 -0.0056851 -0.447504 72.6657 
-0.464354 0.0842544 0.881633 138.413 0.0313674 0.996405 -0.0787017 -10.0002 -0.885094 -0.00889085 -0.465327 72.1563 
-0.479509 0.0845163 0.873457 139.486 0.0312565 0.996365 -0.0792498 -10.1018 -0.87698 -0.0106998 -0.480408 71.5715 
-0.49524 0.0839715 0.864689 140.59 0.0299928 0.996377 -0.0795821 -10.2004 -0.868238 -0.0134778 -0.495964 70.9567 
-0.512358 0.0831352 0.854739 141.678 0.0309543 0.996444 -0.0783631 -10.3064 -0.858214 -0.013692 -0.513109 70.3618 
-0.52978 0.0832904 0.844035 142.751 0.0298562 0.996381 -0.0795841 -10.4006 -0.847609 -0.0169624 -0.53035 69.7498 
-0.546068 0.0827902 0.83364 143.764 0.0298435 0.996396 -0.079405 -10.5087 -0.837209 -0.0184818 -0.54657 69.1241 
-0.562219 0.080638 0.823047 144.8 0.0292932 0.996552 -0.0776272 -10.5969 -0.826469 -0.0195338 -0.562643 68.4521 
-0.57831 0.0775095 0.812127 145.856 0.0297438 0.996818 -0.0739561 -10.6935 -0.815275 -0.0186138 -0.578775 67.7392 
-0.593446 0.0764544 0.801234 146.882 0.0313236 0.996918 -0.0719265 -10.7894 -0.804264 -0.0175869 -0.594012 67.0011 
-0.608638 0.0738849 0.790001 147.875 0.0296979 0.997079 -0.070372 -10.8845 -0.792892 -0.0193697 -0.609054 66.2646 
-0.624319 0.0754113 0.777521 148.857 0.02818 0.996856 -0.0740571 -10.9833 -0.780661 -0.0243247 -0.624481 65.5176 
-0.639638 0.0745772 0.76505 149.834 0.0258876 0.996808 -0.0755251 -11.0822 -0.76824 -0.0285034 -0.639527 64.7249 
-0.657011 0.0710172 0.750529 150.783 0.0247061 0.997047 -0.0727158 -11.1971 -0.753476 -0.0292324 -0.656825 63.9732 
-0.674361 0.0634444 0.735671 151.729 0.0208712 0.997542 -0.0668963 -11.299 -0.738106 -0.0297579 -0.674028 63.1903 
-0.692359 0.0612992 0.718944 152.686 0.0202422 0.997643 -0.0655681 -11.4118 -0.721269 -0.0308437 -0.691968 62.369 
-0.710547 0.0588135 0.701187 153.639 0.0183424 0.99771 -0.0650979 -11.5024 -0.70341 -0.0333936 -0.709999 61.4462 
-0.728272 0.056271 0.682974 154.555 0.0155687 0.997724 -0.0656024 -11.5839 -0.685112 -0.0371433 -0.72749 60.4989 
-0.744789 0.0564515 0.664908 155.429 0.0180545 0.997755 -0.0644873 -11.6836 -0.667055 -0.0360248 -0.744137 59.5172 
-0.760528 0.0595452 0.646569 156.252 0.0208231 0.997511 -0.0673717 -11.7855 -0.648971 -0.0377745 -0.759874 58.5685 
-0.776223 0.0591714 0.627675 157.051 0.0236393 0.997617 -0.0648124 -11.8732 -0.630015 -0.035471 -0.775772 57.6558 
-0.79103 0.0615106 0.608677 157.84 0.0282354 0.997543 -0.0641137 -11.9542 -0.611125 -0.0335296 -0.790823 56.6497 
-0.806597 0.062063 0.587835 158.625 0.0289842 0.997429 -0.065537 -12.0541 -0.590391 -0.035824 -0.806322 55.6666 
-0.819842 0.0646042 0.568934 159.364 0.030608 0.997139 -0.0691215 -12.1487 -0.571772 -0.0392547 -0.819473 54.5885 
-0.833514 0.0653592 0.548619 160.099 0.0335445 0.997133 -0.0678285 -12.2578 -0.551479 -0.0381328 -0.833316 53.5157 
-0.845337 0.0642595 0.530354 160.787 0.0353915 0.997295 -0.0644248 -12.3532 -0.533059 -0.0356906 -0.845325 52.4623 
-0.857237 0.0666561 0.51059 161.487 0.0391551 0.997153 -0.0644376 -12.4638 -0.513432 -0.035246 -0.857406 51.5076 
-0.867983 0.0691312 0.491758 162.144 0.0415327 0.996899 -0.066836 -12.5569 -0.494854 -0.0375885 -0.868163 50.5101 
-0.878013 0.064826 0.474226 162.787 0.0370016 0.997014 -0.0677832 -12.6421 -0.477204 -0.0419675 -0.87779 49.3611 
-0.886369 0.0618806 0.458826 163.389 0.0352585 0.997172 -0.0663727 -12.7487 -0.461635 -0.0426531 -0.886044 48.2275 
-0.894673 0.0598641 0.442693 163.948 0.0341778 0.997248 -0.0657827 -12.8418 -0.445413 -0.0437238 -0.894257 47.2205 
-0.90192 0.0568317 0.428147 164.503 0.0323965 0.997414 -0.06415 -12.9648 -0.430686 -0.0439877 -0.901429 46.1329 
-0.908753 0.0547768 0.413724 165.145 0.0307119 0.997438 -0.064601 -13.0175 -0.416203 -0.0460001 -0.908108 44.9382 
-0.915326 0.0486616 0.399763 165.743 0.0265754 0.997808 -0.0606105 -13.1162 -0.401836 -0.0448545 -0.914612 43.756 
-0.920591 0.0447038 0.38796 166.259 0.0245977 0.998092 -0.0566399 -13.2067 -0.389752 -0.0425992 -0.919934 42.5701 
-0.92579 0.0440449 0.375463 166.772 0.0259722 0.998253 -0.0530629 -13.29 -0.377144 -0.0393735 -0.925317 41.4314 
-0.92985 0.0471778 0.364902 167.281 0.0290659 0.998065 -0.0549726 -13.3688 -0.366789 -0.0405101 -0.929421 40.282 
-0.931633 0.0528675 0.359535 167.747 0.0350636 0.997822 -0.0558668 -13.4564 -0.361705 -0.0394408 -0.931458 39.0712 
-0.933729 0.057163 0.353386 168.232 0.0388201 0.997516 -0.0587843 -13.5374 -0.355868 -0.0411702 -0.933629 37.9017 
-0.935738 0.0545378 0.348454 168.702 0.0363953 0.997629 -0.0584068 -13.6136 -0.350813 -0.0419714 -0.935504 36.7184 
-0.938444 0.0450668 0.342479 169.155 0.0285584 0.998181 -0.0530964 -13.7274 -0.344249 -0.0400473 -0.938024 35.5793 
-0.940909 0.0377808 0.336544 169.648 0.0219978 0.998477 -0.0505889 -13.8031 -0.337943 -0.0401963 -0.940308 34.368 
-0.943656 0.0311253 0.32946 170.14 0.0145851 0.998511 -0.0525577 -13.8519 -0.330605 -0.0447912 -0.942705 33.1886 
-0.944722 0.0292315 0.326565 170.568 0.011809 0.998405 -0.0552068 -13.945 -0.327658 -0.0482987 -0.943561 31.9685 
-0.945904 0.0278386 0.32325 170.997 0.00882789 0.998151 -0.0601295 -13.9857 -0.324327 -0.0540231 -0.944401 30.8052 
-0.946193 0.0284088 0.322354 171.444 0.00838057 0.997956 -0.0633498 -14.0577 -0.323495 -0.0572396 -0.944497 29.5392 
-0.947002 0.0288105 0.319932 171.905 0.00821687 0.997816 -0.0655332 -14.1554 -0.321122 -0.0594312 -0.945171 28.3953 
-0.946557 0.0290402 0.321227 172.348 0.00763267 0.997676 -0.0677029 -14.2418 -0.322446 -0.0616328 -0.944579 27.1646 
-0.94636 0.0291243 0.321799 172.79 0.00722484 0.997588 -0.0690392 -14.3539 -0.323034 -0.063011 -0.944287 25.9577 
-0.945512 0.0309519 0.324111 173.226 0.00895121 0.997566 -0.0691525 -14.4476 -0.325463 -0.0624833 -0.943488 24.7616 
-0.94463 0.0303268 0.326731 173.664 0.00710964 0.997378 -0.0720202 -14.5164 -0.328059 -0.0657095 -0.942369 23.5794 
-0.94371 0.026606 0.329702 174.108 0.00247984 0.997301 -0.0733812 -14.6038 -0.330764 -0.068433 -0.941229 22.4042 
-0.942523 0.0228256 0.333362 174.593 -0.00177051 0.997309 -0.0732924 -14.6949 -0.334138 -0.06967 -0.939946 21.2459 
-0.941849 0.0184987 0.335525 175.06 -0.00585207 0.997429 -0.0714193 -14.7973 -0.335984 -0.0692297 -0.93932 20.1743 
-0.939687 0.0153379 0.341692 175.535 -0.0086414 0.99761 -0.0685456 -14.9014 -0.341927 -0.0673641 -0.937309 18.962 
-0.936621 0.020566 0.349739 175.976 -0.00276994 0.99781 -0.0660933 -15.0144 -0.350332 -0.0628731 -0.934513 17.8013 
-0.93656 0.0142175 0.350218 176.429 -0.0104751 0.997595 -0.0685113 -15.1011 -0.35035 -0.0678335 -0.934159 16.9421 
-0.932773 0.01225 0.360256 176.916 -0.0158917 0.997053 -0.0750502 -15.1607 -0.360113 -0.0757299 -0.92983 15.7548 
-0.930718 0.00746556 0.365661 177.383 -0.0224873 0.996732 -0.0775869 -15.2496 -0.365045 -0.0804343 -0.927509 14.757 
-0.926475 0.00870459 0.376254 177.879 -0.0226161 0.996638 -0.0787462 -15.3606 -0.375675 -0.0814658 -0.923164 13.6436 
-0.922068 0.00742683 0.386956 178.484 -0.0260558 0.996356 -0.0812108 -15.4688 -0.38615 -0.0849644 -0.918515 12.4658 
-0.916669 0.00949939 0.399533 178.99 -0.0237981 0.996646 -0.0782976 -15.6337 -0.398937 -0.0812812 -0.913369 11.3629 
-0.910029 0.00911399 0.414444 179.562 -0.0244338 0.996841 -0.0755728 -15.7474 -0.413824 -0.0788999 -0.906931 10.1455 
-0.903085 0.0117112 0.429302 180.093 -0.0232439 0.99683 -0.0760895 -15.8571 -0.428832 -0.0786939 -0.89995 8.99792 
-0.896262 0.0215554 0.443002 180.681 -0.0122575 0.997233 -0.0733218 -15.9746 -0.443356 -0.0711456 -0.893517 7.80475 
-0.889903 0.0209936 0.455667 181.28 -0.0132589 0.997328 -0.0718434 -16.082 -0.455958 -0.0699752 -0.887246 6.69849 
-0.88363 0.0201715 0.467751 181.849 -0.0147216 0.99738 -0.0708221 -16.1816 -0.467954 -0.0694666 -0.881018 5.6915 
-0.875439 0.0222488 0.482817 182.482 -0.013953 0.99736 -0.0712592 -16.2701 -0.483128 -0.0691198 -0.872817 4.56018 
-0.866732 0.0254919 0.498122 183.065 -0.0120407 0.997333 -0.0719902 -16.3465 -0.498629 -0.0683939 -0.864113 3.5295 
-0.857974 0.0257827 0.513046 183.717 -0.0124351 0.997404 -0.0709192 -16.4548 -0.513543 -0.0672265 -0.855426 2.52254 
-0.848987 0.0285965 0.527638 184.397 -0.00942131 0.997557 -0.0692239 -16.5692 -0.528329 -0.0637413 -0.846644 1.55054 
-0.839921 0.028659 0.541951 185.043 -0.0124117 0.997329 -0.0719757 -16.6428 -0.542567 -0.0671804 -0.837322 0.602897 
-0.829476 0.0291832 0.557779 185.686 -0.0149476 0.997116 -0.0743984 -16.7079 -0.558342 -0.0700492 -0.826648 -0.342997 
-0.817746 0.0343932 0.57455 186.411 -0.00591982 0.997658 -0.0681465 -16.8129 -0.575549 -0.0591277 -0.815627 -1.35298 
-0.807258 0.0358342 0.58911 187.167 -0.00261623 0.997928 -0.0642867 -16.9189 -0.590193 -0.0534372 -0.805492 -2.24845 
-0.793317 0.0362885 0.607727 187.93 -0.0011057 0.998134 -0.0610438 -17.0226 -0.608808 -0.049099 -0.791797 -3.21827 
-0.779974 0.035933 0.624779 188.705 -0.00174013 0.998222 -0.0595834 -17.133 -0.625809 -0.0475607 -0.778525 -4.10333 
-0.763951 0.0396147 0.644057 189.487 -0.000373333 0.998086 -0.0618332 -17.2319 -0.645274 -0.047478 -0.762475 -5.02075 
-0.749441 0.0391007 0.660915 190.145 -0.00305083 0.99804 -0.062505 -17.3118 -0.662064 -0.0488602 -0.747853 -5.75504 
-0.732806 0.0399684 0.679262 191.23 -0.00875155 0.997637 -0.0681434 -17.3293 -0.680381 -0.0558805 -0.730725 -6.71948 
-0.717057 0.0375821 0.696 191.929 -0.0157317 0.997418 -0.0700655 -17.4238 -0.696837 -0.0611902 -0.714615 -7.40283 
-0.697783 0.0378247 0.71531 192.764 -0.0167396 0.997471 -0.0690745 -17.5285 -0.716114 -0.060173 -0.695385 -8.22133 
-0.695039 0.0364497 0.718048 193.619 -0.0266109 0.996726 -0.0763542 -17.5755 -0.71848 -0.072177 -0.691793 -8.70022 
-0.675172 0.0385241 0.736653 194.48 -0.0284372 0.996534 -0.0781787 -17.6361 -0.737112 -0.0737324 -0.671736 -9.45233 
-0.652534 0.0353225 0.756936 195.308 -0.0320535 0.996732 -0.0741452 -17.7633 -0.757081 -0.0726447 -0.649269 -10.1894 
-0.632945 0.0358925 0.773364 196.14 -0.0323451 0.996827 -0.0727359 -17.8614 -0.773521 -0.0710524 -0.629776 -10.817 
-0.609186 0.0388921 0.792073 197.102 -0.031688 0.996805 -0.0733162 -17.9649 -0.792394 -0.0697624 -0.606007 -11.5379 
-0.584147 0.0405197 0.810636 198.058 -0.0344918 0.996611 -0.0746706 -18.0266 -0.810915 -0.0715788 -0.58077 -12.2143 
-0.555394 0.0391569 0.830665 199.103 -0.038623 0.996598 -0.0728029 -18.1391 -0.83069 -0.072517 -0.551993 -12.9782 
-0.531895 0.038132 0.845952 200.065 -0.0408819 0.996664 -0.0706302 -18.1915 -0.845823 -0.0721519 -0.528561 -13.4835 
-0.505395 0.039794 0.86197 201.224 -0.0496912 0.995936 -0.075114 -18.2564 -0.861456 -0.0807945 -0.501364 -14.0053 
-0.478276 0.0407527 0.877264 202.067 -0.0579826 0.995278 -0.0778466 -18.3635 -0.876294 -0.0880982 -0.473654 -14.4552 
-0.450643 0.0418761 0.891721 202.869 -0.0508694 0.996071 -0.0724841 -18.489 -0.891254 -0.0780258 -0.446742 -14.7797 
-0.422653 0.0452124 0.905163 203.868 -0.0489194 0.996161 -0.0726001 -18.5316 -0.90497 -0.0749647 -0.418819 -15.1918 
-0.394278 0.0445195 0.917912 204.898 -0.0494892 0.996348 -0.0695812 -18.6253 -0.917658 -0.0728611 -0.390635 -15.5274 
-0.362661 0.0437363 0.930894 205.986 -0.0506041 0.9965 -0.0665333 -18.7291 -0.930546 -0.0712361 -0.359178 -15.9268 
-0.329698 0.042781 0.943117 207.135 -0.0513623 0.99668 -0.0631661 -18.8138 -0.942688 -0.0692663 -0.326406 -16.3175 
-0.295402 0.042156 0.954442 208.233 -0.0496068 0.997001 -0.0593892 -18.8949 -0.954084 -0.0648905 -0.292425 -16.6496 
-0.264602 0.0423283 0.963428 209.051 -0.0569601 0.996606 -0.05943 -18.9783 -0.962674 -0.0706023 -0.261293 -16.8523 
-0.233993 0.0411565 0.971367 210.183 -0.0558357 0.996886 -0.0556881 -19.0531 -0.970634 -0.0672676 -0.230966 -17.0432 
-0.20094 0.0407186 0.978757 211.364 -0.0538061 0.997169 -0.0525311 -19.1225 -0.978125 -0.0632187 -0.19818 -17.222 
-0.166029 0.0414882 0.985248 212.546 -0.0551562 0.99716 -0.0512845 -19.182 -0.984577 -0.0628572 -0.163269 -17.3959 
-0.132199 0.0414396 0.990356 213.697 -0.0571452 0.997145 -0.0493519 -19.2455 -0.989574 -0.0631184 -0.129454 -17.516 
-0.0998645 0.0415843 0.994132 214.837 -0.0600992 0.99705 -0.0477436 -19.2977 -0.993184 -0.0645144 -0.0970707 -17.6008 
-0.0722836 0.0416295 0.996515 215.712 -0.0656437 0.996764 -0.0464016 -19.3852 -0.995221 -0.068769 -0.0693169 -17.5718 
-0.0402834 0.0412693 0.998336 216.811 -0.0629955 0.997054 -0.0437583 -19.4331 -0.9972 -0.0646534 -0.037565 -17.5926 
-0.00827978 0.0395516 0.999183 217.969 -0.0638741 0.997156 -0.0400008 -19.5074 -0.997924 -0.0641531 -0.00572991 -17.5778 
0.0235619 0.038191 0.998993 219.129 -0.0602602 0.997507 -0.0367131 -19.5686 -0.997904 -0.0593344 0.0258045 -17.5608 
0.0539313 0.0376871 0.997833 220.341 -0.0582329 0.997705 -0.0345349 -19.6306 -0.996845 -0.0562442 0.0560022 -17.4711 
0.0830814 0.0401664 0.995733 221.466 -0.0585643 0.997657 -0.0353577 -19.6472 -0.99482 -0.0553768 0.0852391 -17.3405 
0.111967 0.0390778 0.992943 222.65 -0.0547028 0.997954 -0.0331067 -19.7004 -0.992205 -0.05061 0.113875 -17.1742 
0.140988 0.0399936 0.989203 223.776 -0.0542519 0.997994 -0.0326168 -19.7197 -0.988524 -0.0490676 0.142875 -16.9733 
0.169771 0.0371665 0.984782 224.858 -0.0491101 0.998366 -0.0292129 -19.777 -0.984259 -0.0434033 0.171319 -16.7298 
0.199454 0.0382782 0.979159 225.976 -0.0467741 0.99847 -0.0295053 -19.8095 -0.97879 -0.0399143 0.200939 -16.4689 
0.228521 0.0415148 0.972653 227.122 -0.0486907 0.998327 -0.0311711 -19.8272 -0.972321 -0.040236 0.23016 -16.1671 
0.256571 0.0395184 0.965717 228.25 -0.047484 0.998473 -0.0282434 -19.8689 -0.965358 -0.0386097 0.258055 -15.8265 
0.285956 0.0358279 0.957573 229.306 -0.0439388 0.99874 -0.024247 -19.9334 -0.957235 -0.035141 0.28717 -15.5081 
0.315242 0.0385164 0.948229 230.393 -0.0433435 0.998718 -0.0261576 -19.9697 -0.948021 -0.0328537 0.316507 -15.1344 
0.344462 0.038686 0.938003 231.456 -0.040774 0.998824 -0.0262212 -20.0224 -0.937914 -0.0292139 0.345635 -14.733 
0.370629 0.0391536 0.927955 232.528 -0.040157 0.998852 -0.0261062 -20.0325 -0.927912 -0.0275882 0.371776 -14.2324 
0.398336 0.0379567 0.916454 233.604 -0.0410717 0.998879 -0.0235188 -20.086 -0.916319 -0.0282719 0.399449 -13.7528 
0.425359 0.0335934 0.904401 234.676 -0.0385298 0.999077 -0.0189889 -20.1454 -0.904204 -0.0267693 0.42626 -13.2121 
0.450043 0.0332033 0.892389 235.586 -0.0403137 0.999045 -0.0168411 -20.2211 -0.892096 -0.0283963 0.450952 -12.7339 
0.472532 0.0324164 0.880717 236.617 -0.0403965 0.99907 -0.0150987 -20.2601 -0.880387 -0.0284433 0.473402 -12.1475 
0.492856 0.0301925 0.869587 237.638 -0.0393941 0.999147 -0.0123637 -20.284 -0.869219 -0.0281631 0.493625 -11.5264 
0.511466 0.0262525 0.858902 238.659 -0.0379783 0.999247 -0.00792667 -20.3273 -0.858463 -0.0285655 0.512078 -10.861 
0.530579 0.02273 0.847331 239.655 -0.0351814 0.999369 -0.00477884 -20.3447 -0.846905 -0.0272747 0.531044 -10.2437 
0.547089 0.0214149 0.8368 240.636 -0.0353399 0.999372 -0.00247065 -20.3696 -0.836328 -0.0282208 0.547502 -9.54936 
0.564744 0.0178775 0.825072 241.638 -0.0304324 0.999536 -0.000827563 -20.3801 -0.824704 -0.0246416 0.565027 -8.84636 
0.578999 0.0184137 0.81512 242.497 -0.0304778 0.999535 -0.000930697 -20.385 -0.814758 -0.0243042 0.579291 -8.12728 
0.593806 0.0198215 0.804364 243.391 -0.0323779 0.999475 -0.000727336 -20.3834 -0.803957 -0.0256117 0.594136 -7.38545 
0.609386 0.0119162 0.792784 244.274 -0.0263062 0.99964 0.00519515 -20.4358 -0.792437 -0.0240211 0.60948 -6.64516 
0.624492 0.0102035 0.780964 245.17 -0.0273132 0.999588 0.00878083 -20.4563 -0.780553 -0.0268142 0.624514 -5.87993 
0.640331 0.00762137 0.768061 246.108 -0.0249831 0.999628 0.0109091 -20.4619 -0.767692 -0.026174 0.640284 -5.07963 
0.656232 0.00824288 0.754514 247.024 -0.0249402 0.999631 0.0107707 -20.4778 -0.754146 -0.0258859 0.656196 -4.30322 
0.670526 0.00888764 0.741832 247.896 -0.0244598 0.999649 0.0101321 -20.4752 -0.741482 -0.0249389 0.670509 -3.50671 
0.68325 0.00732603 0.730148 248.724 -0.0239367 0.999637 0.0123691 -20.4903 -0.729792 -0.0259286 0.683177 -2.64955 
0.694927 0.00490359 0.719064 249.61 -0.0222487 0.999645 0.0146847 -20.471 -0.718736 -0.0262031 0.694789 -1.72418 
0.705021 0.00400618 0.709175 250.433 -0.0208703 0.999668 0.0151007 -20.4494 -0.708879 -0.025447 0.704871 -0.792014 
0.715657 0.00463939 0.698437 251.267 -0.0205831 0.999684 0.01445 -20.4314 -0.698149 -0.0247172 0.715526 0.103761 
0.725513 0.00402311 0.688197 252.115 -0.0166976 0.999791 0.0117582 -20.4032 -0.688006 -0.020022 0.725429 1.04403 
0.735277 0.00140728 0.677766 252.996 -0.0135989 0.999827 0.0126766 -20.3824 -0.677631 -0.0185377 0.735169 2.01441 
0.744079 -0.000992755 0.668091 253.83 -0.0107139 0.999852 0.013418 -20.3753 -0.668006 -0.0171419 0.743958 2.97192 
0.751814 -0.00239071 0.659371 254.64 -0.00897734 0.999864 0.0138611 -20.3674 -0.659314 -0.0163404 0.75169 3.94075 
0.758236 -0.0047408 0.651963 255.44 -0.00533822 0.999895 0.013479 -20.3413 -0.651958 -0.0137007 0.758131 4.87766 
0.761943 -0.00472125 0.647627 256.257 -0.00669681 0.999862 0.0151678 -20.3394 -0.647609 -0.0158941 0.761807 5.91523 
0.766443 -0.00679705 0.642276 257.098 -0.00547834 0.999838 0.0171183 -20.3348 -0.642289 -0.0166389 0.766282 6.90013 
0.76905 -0.00625762 0.639158 257.892 -0.00608126 0.999835 0.0171058 -20.3199 -0.639159 -0.0170421 0.768885 7.91146 
0.771911 -0.00774807 0.635684 258.724 -0.00537606 0.99981 0.0187142 -20.3174 -0.635708 -0.0178632 0.771723 8.9293 
0.773809 -0.00977158 0.633344 259.484 -0.00444525 0.999773 0.020856 -20.3223 -0.633404 -0.018954 0.773589 9.96396 
0.775908 -0.00846186 0.630789 260.24 -0.0061604 0.999761 0.020989 -20.3002 -0.630816 -0.0201715 0.77567 10.9709 
0.778443 -0.00897217 0.627651 261.077 -0.00575713 0.999754 0.0214314 -20.2997 -0.627689 -0.0202967 0.7782 12.0403 
0.78018 -0.00929204 0.625486 261.852 -0.00586103 0.999737 0.0221622 -20.2849 -0.625528 -0.0209565 0.77992 13.0971 
0.784058 -0.011525 0.620581 262.782 -0.00327441 0.999737 0.0227032 -20.2839 -0.620679 -0.0198327 0.783814 14.1931 
0.787705 -0.0126985 0.615922 263.628 -0.00337884 0.999683 0.0249316 -20.2941 -0.616043 -0.0217199 0.787413 15.2585 
0.790751 -0.0134206 0.61199 264.503 -0.00248635 0.999681 0.0251349 -20.2785 -0.612132 -0.0213972 0.790466 16.3284 
0.792863 -0.0140243 0.609239 265.318 -0.00146297 0.999688 0.024916 -20.2704 -0.609399 -0.0206463 0.792595 17.4086 
