1 2.12261e-08 -2.11895e-08 0 2.12261e-08 1 2.10703e-08 0 -2.11895e-08 2.10703e-08 1 0 
1 0.000478532 -5.62222e-06 -0.0308109 -0.000478485 1 0.000797417 -0.0165761 5.9614e-06 -0.000797372 1 1.35013 
1 -0.000408047 -0.000363707 -0.0546197 0.0004083 1 0.000579158 -0.0316152 0.000363428 -0.000579264 1 2.70978 
0.999998 -0.00183598 -0.00089753 -0.064958 0.00183488 0.999998 -0.00126631 -0.0448041 0.00089981 0.0012647 0.999999 4.05145 
0.999999 -0.00113189 -0.000266974 -0.102936 0.00113159 0.999999 -0.00127938 -0.0804661 0.00026838 0.00127912 0.999999 5.37796 
0.999998 -0.00206787 -0.000132829 -0.139938 0.00206787 0.999998 -0.000317106 -0.104439 0.000133442 0.000316873 1 6.82037 
0.999986 -0.00520442 -0.000404134 -0.151605 0.00520475 0.999986 0.000708772 -0.114151 0.000400398 -0.000710823 1 8.06947 
0.999995 -0.00313261 -0.000966811 -0.17035 0.00313436 0.999994 0.00176484 -0.151638 0.000961234 -0.00176782 0.999998 9.4075 
0.999996 -0.0023469 -0.00155823 -0.20411 0.00234808 0.999997 0.000725893 -0.189797 0.00155648 -0.000729507 0.999999 10.7023 
1 1.64533e-05 0.000345225 -0.264658 -1.58343e-05 0.999999 -0.00166984 -0.203872 -0.000345295 0.00166988 0.999999 12.035 
0.999992 0.00396111 0.00095915 -0.318009 -0.00395905 0.99999 -0.00209792 -0.245127 -0.000967493 0.00209415 0.999997 13.3922 
0.999974 0.0068116 0.00228862 -0.373473 -0.00680545 0.999973 -0.00266885 -0.265748 -0.00230678 0.00265325 0.999994 14.7514 
0.999958 0.00821119 0.00405735 -0.437132 -0.00820292 0.999964 -0.002041 -0.280786 -0.004074 0.00200767 0.99999 16.0808 
0.999973 0.00574463 0.00456879 -0.447667 -0.00574906 0.999983 0.000965002 -0.312172 -0.00456321 -0.0009912 0.999989 17.4345 
0.999982 0.00173563 0.00577862 -0.483644 -0.0017512 0.999995 0.00269699 -0.333436 -0.00577395 -0.00270702 0.99998 18.7755 
0.999981 0.00038403 0.0062143 -0.516648 -0.000385649 1 0.000266055 -0.350304 -0.00621424 -0.000268405 0.999981 20.0822 
0.999979 -0.0014701 0.00632636 -0.535253 0.00148453 0.999996 -0.00227082 -0.367262 -0.00632304 0.00228021 0.999977 21.4271 
0.999966 0.00190212 0.00799573 -0.573149 -0.00186943 0.99999 -0.00408863 -0.40097 -0.00800347 0.00407359 0.99996 22.7329 
0.999941 0.00549668 0.00937725 -0.594876 -0.00547299 0.999982 -0.00254533 -0.415114 -0.00939111 0.0024939 0.999953 24.1212 
0.999928 0.00707713 0.00968873 -0.60496 -0.00708367 0.999975 0.000645373 -0.438866 -0.00968396 -0.000713916 0.999953 25.4865 
0.999919 0.00512121 0.0116445 -0.636867 -0.00515207 0.999983 0.00262559 -0.458941 -0.0116309 -0.00268533 0.999929 26.8425 
0.999931 0.00115754 0.0117189 -0.650843 -0.001174 0.999998 0.00140095 -0.480407 -0.0117173 -0.00141457 0.99993 28.2256 
0.999925 0.000310924 0.0122728 -0.674222 -0.000299244 1 -0.000950097 -0.499906 -0.0122731 0.000946394 0.999924 29.6596 
0.999901 0.00158298 0.0139972 -0.690637 -0.00153699 0.999993 -0.00329282 -0.531522 -0.0140024 0.00327102 0.999897 31.0376 
0.999888 0.00511093 0.0140406 -0.707336 -0.00503999 0.999974 -0.00508023 -0.555198 -0.0140663 0.00500894 0.999889 32.3892 
0.999881 0.00590985 0.0142423 -0.717615 -0.00580812 0.999957 -0.00717079 -0.593039 -0.0142841 0.00708725 0.999873 33.7709 
0.999859 0.00785949 0.0148456 -0.739786 -0.00774716 0.999941 -0.00760603 -0.615117 -0.0149046 0.00748999 0.999861 35.1539 
0.999844 0.00746872 0.0159809 -0.768211 -0.00736817 0.999953 -0.00633906 -0.650934 -0.0160275 0.00622036 0.999852 36.6191 
0.999796 0.0103603 0.0173591 -0.800528 -0.0102638 0.999931 -0.00563413 -0.677558 -0.0174163 0.00545485 0.999833 37.9901 
0.999704 0.0148747 0.0192803 -0.839461 -0.014749 0.999869 -0.0066454 -0.687529 -0.0193767 0.0063591 0.999792 39.3504 
0.999657 0.016416 0.0204055 -0.84829 -0.016269 0.999841 -0.00734957 -0.715865 -0.020523 0.00701512 0.999765 40.7451 
0.999637 0.0177554 0.0202762 -0.854513 -0.0176218 0.999822 -0.00674926 -0.757887 -0.0203925 0.00638955 0.999772 42.1271 
0.999616 0.0199781 0.0192232 -0.835583 -0.0198322 0.999773 -0.00774669 -0.774106 -0.0193736 0.00736252 0.999785 43.5596 
0.999556 0.0210849 0.0210692 -0.872073 -0.020918 0.999748 -0.00810624 -0.814287 -0.0212348 0.00766195 0.999745 44.9446 
0.999607 0.0193726 0.0202412 -0.870323 -0.0192091 0.999782 -0.00823872 -0.848181 -0.0203964 0.00784671 0.999761 46.4205 
0.999617 0.0193523 0.019767 -0.887076 -0.0191896 0.999781 -0.00838115 -0.887819 -0.0199249 0.00799866 0.99977 47.7837 
0.999604 0.0199958 0.0197902 -0.906898 -0.0198479 0.999774 -0.00763789 -0.93229 -0.0199385 0.00724212 0.999775 49.2073 
0.999592 0.0215499 0.0187613 -0.917878 -0.0214002 0.999738 -0.00814451 -0.964696 -0.018932 0.00773973 0.999791 50.6252 
0.999537 0.0233334 0.0195401 -0.977333 -0.0231834 0.9997 -0.00786776 -0.975557 -0.0197179 0.00741115 0.999778 52.0681 
0.999573 0.0222372 0.0189449 -0.98737 -0.0221201 0.999735 -0.00636406 -1.02374 -0.0190814 0.00594232 0.9998 53.5014 
0.999592 0.0214304 0.0189006 -1.00601 -0.0213222 0.999755 -0.00590281 -1.04926 -0.0190225 0.00549744 0.999804 54.9206 
0.999598 0.0214712 0.0185373 -1.02215 -0.0213568 0.999752 -0.00634468 -1.07135 -0.018669 0.00594627 0.999808 56.3615 
0.999655 0.0189781 0.018157 -1.04591 -0.0188567 0.999799 -0.00683089 -1.10748 -0.018283 0.00648619 0.999812 57.7818 
0.999683 0.0173938 0.018188 -1.05011 -0.0172851 0.999832 -0.00611206 -1.14556 -0.0182913 0.00579579 0.999816 59.2151 
0.999693 0.0161782 0.0187672 -1.04309 -0.0160851 0.999858 -0.00509869 -1.18863 -0.018847 0.0047953 0.999811 60.5632 
0.999744 0.01387 0.0178631 -1.01967 -0.0138061 0.999898 -0.00369106 -1.23347 -0.0179125 0.00344354 0.999834 62.0009 
0.999773 0.0105917 0.0184799 -1.01276 -0.0105183 0.999936 -0.00405965 -1.27205 -0.0185218 0.00386439 0.999821 63.4172 
0.999772 0.00921165 0.0192724 -1.01328 -0.0091228 0.999947 -0.00469062 -1.2959 -0.0193146 0.00451377 0.999803 64.8525 
0.999726 0.0101434 0.0211063 -1.04527 -0.0100605 0.999941 -0.00402785 -1.34208 -0.0211459 0.00381444 0.999769 66.198 
0.999693 0.0102972 0.0225455 -1.05625 -0.0102342 0.999943 -0.00290395 -1.40015 -0.0225741 0.00267237 0.999742 67.5537 
0.999675 0.0121661 0.0223957 -1.05003 -0.01212 0.999924 -0.00219124 -1.42967 -0.0224207 0.00191914 0.999747 69.0118 
0.999616 0.0144847 0.0236439 -1.05366 -0.0144862 0.999895 -0.000106026 -1.47582 -0.023643 -0.000236484 0.99972 70.4235 
0.999513 0.0188814 0.024832 -1.05196 -0.0188821 0.999822 -0.000203596 -1.48319 -0.0248314 -0.000265342 0.999692 71.8514 
0.999471 0.0209654 0.0248588 -1.04509 -0.0209872 0.99978 0.000621007 -1.52791 -0.0248403 -0.00114235 0.999691 73.2354 
0.999414 0.0217723 0.0264113 -1.05369 -0.0218266 0.99976 0.00176975 -1.57428 -0.0263665 -0.00234515 0.99965 74.5839 
0.999324 0.0231188 0.0285796 -1.06867 -0.0231654 0.999731 0.00130219 -1.59594 -0.0285419 -0.00196333 0.999591 75.9243 
0.999348 0.022162 0.0285109 -1.05299 -0.0222087 0.999753 0.00132607 -1.62049 -0.0284745 -0.00195835 0.999593 77.2861 
0.999304 0.0224649 0.0297901 -1.05982 -0.0224895 0.999747 0.000493003 -1.62394 -0.0297715 -0.00116258 0.999556 78.7319 
0.999277 0.0214551 0.0313796 -1.06501 -0.0214703 0.99977 0.000146277 -1.65524 -0.0313693 -0.000819859 0.999508 79.9661 
0.999311 0.0212776 0.0304067 -1.05504 -0.0212877 0.999773 7.11453e-06 -1.65834 -0.0303997 -0.000654357 0.999538 81.3525 
0.999223 0.0237894 0.0314275 -1.06467 -0.023781 0.999717 -0.000639694 -1.67699 -0.0314339 -0.00010814 0.999506 82.6942 
0.999188 0.0248692 0.0317024 -1.07106 -0.0248567 0.999691 -0.000786633 -1.72355 -0.0317122 -1.9817e-06 0.999497 84.0955 
0.99919 0.0244757 0.0319406 -1.08478 -0.0244516 0.9997 -0.00114371 -1.72619 -0.0319591 0.000361824 0.999489 85.454 
0.999212 0.0237697 0.0317887 -1.09487 -0.0237644 0.999717 -0.000544494 -1.75007 -0.0317927 -0.000211333 0.999495 86.8852 
0.999185 0.0224383 0.0335688 -1.1267 -0.0224737 0.999747 0.000678534 -1.78091 -0.0335451 -0.00143235 0.999436 88.2433 
0.999285 0.0200677 0.0320452 -1.11472 -0.0200775 0.999798 -1.57639e-05 -1.78477 -0.0320391 -0.000627593 0.999486 89.619 
0.999353 0.0176721 0.0313132 -1.10546 -0.0177073 0.999843 0.000849554 -1.82746 -0.0312934 -0.00140344 0.999509 90.9491 
0.999385 0.0178415 0.0301909 -1.08717 -0.0178387 0.999841 -0.000361687 -1.83908 -0.0301926 -0.00017706 0.999544 92.357 
0.999371 0.016326 0.0314939 -1.09417 -0.0163314 0.999867 -8.43215e-05 -1.86217 -0.0314911 -0.000430031 0.999504 93.6797 
0.999255 0.0192785 0.0334236 -1.12111 -0.0192464 0.999814 -0.00127985 -1.88514 -0.0334421 0.000635659 0.99944 94.9606 
0.999253 0.0191703 0.0335661 -1.09478 -0.0191134 0.999815 -0.0020163 -1.90791 -0.0335986 0.00137328 0.999435 96.2952 
0.999202 0.0213454 0.0337595 -1.08238 -0.0212044 0.999765 -0.00452529 -1.92199 -0.0338482 0.00380587 0.99942 97.6303 
0.999204 0.0211742 0.0338222 -1.05068 -0.0210467 0.99977 -0.00412062 -1.9376 -0.0339017 0.00340554 0.999419 99.0304 
0.999154 0.0224662 0.0344427 -1.03462 -0.022353 0.999743 -0.00366925 -1.95255 -0.0345163 0.00289629 0.9994 100.381 
0.999148 0.0223052 0.0347301 -1.01519 -0.0222525 0.999751 -0.0019006 -1.99171 -0.0347639 0.00112619 0.999395 101.718 
0.999274 0.018302 0.0334064 -0.964093 -0.0182583 0.999832 -0.00161044 -2.03075 -0.0334303 0.000999363 0.999441 103.188 
0.999226 0.0192188 0.0343194 -0.968009 -0.0191002 0.99981 -0.00377893 -2.07093 -0.0343856 0.00312053 0.999404 104.477 
0.999233 0.0183222 0.034602 -0.95773 -0.0181761 0.999825 -0.00453147 -2.09604 -0.034679 0.00389911 0.999391 105.856 
0.999276 0.0159242 0.0345644 -0.921411 -0.0158153 0.999869 -0.00341833 -2.1282 -0.0346143 0.00286925 0.999397 107.268 
0.999318 0.0119744 0.0349314 -0.898488 -0.0119785 0.999928 -9.27448e-05 -2.17383 -0.03493 -0.000325701 0.99939 108.626 
0.999287 0.0122435 0.0357145 -0.889832 -0.0122397 0.999925 -0.000322381 -2.18995 -0.0357158 -0.000114943 0.999362 109.986 
0.999277 0.0115039 0.036231 -0.85481 -0.0114531 0.999933 -0.00160836 -2.20962 -0.0362471 0.00119228 0.999342 111.305 
0.999174 0.0161757 0.037279 -0.854628 -0.0159968 0.999859 -0.00508956 -2.21505 -0.0373561 0.00448905 0.999292 112.611 
0.999083 0.0177589 0.0389473 -0.838827 -0.0174888 0.999821 -0.0072634 -2.25101 -0.0390694 0.00657564 0.999215 113.954 
0.998973 0.0219275 0.0396489 -0.795511 -0.021656 0.999739 -0.00726431 -2.27676 -0.0397979 0.00639825 0.999187 115.348 
0.998822 0.0238119 0.0422795 -0.808905 -0.0236149 0.999708 -0.00515103 -2.31292 -0.0423899 0.00414658 0.999093 116.634 
0.998749 0.0244243 0.0436414 -0.785074 -0.0242755 0.999698 -0.00393548 -2.33188 -0.0437243 0.00287118 0.99904 117.984 
0.998756 0.0229905 0.0442382 -0.751454 -0.0228537 0.999732 -0.00359513 -2.36032 -0.044309 0.0025797 0.999015 119.316 
0.998637 0.023049 0.0468199 -0.75778 -0.0228941 0.999731 -0.00384179 -2.39384 -0.0468959 0.00276469 0.998896 120.587 
0.998456 0.0253079 0.0494446 -0.740811 -0.025125 0.999675 -0.00431763 -2.42387 -0.0495379 0.00306871 0.998768 121.931 
0.998327 0.0263089 0.0514944 -0.711925 -0.0260573 0.999645 -0.00554955 -2.44008 -0.0516221 0.0041985 0.998658 123.32 
0.998222 0.027064 0.053099 -0.685663 -0.0267894 0.999624 -0.00587543 -2.48014 -0.0532381 0.00444254 0.998572 124.648 
0.998099 0.0288017 0.0544877 -0.647876 -0.0284694 0.999571 -0.00686536 -2.5118 -0.0546621 0.00530112 0.998491 126.007 
0.997972 0.0275771 0.0573652 -0.617022 -0.0272485 0.999608 -0.00650072 -2.56415 -0.057522 0.00492447 0.998332 127.268 
0.997843 0.0292716 0.0587527 -0.57337 -0.0289335 0.99956 -0.00659612 -2.5793 -0.0589199 0.00488201 0.998251 128.646 
0.99783 0.0274508 0.0598426 -0.532411 -0.0271211 0.999612 -0.00631456 -2.60975 -0.0599928 0.0046779 0.998188 129.972 
0.997807 0.0265621 0.0606323 -0.474745 -0.0262121 0.999635 -0.00656017 -2.64568 -0.0607845 0.00495652 0.998139 131.324 
0.997749 0.0251729 0.0621603 -0.434267 -0.0247699 0.999667 -0.0072436 -2.66485 -0.062322 0.00568762 0.99804 132.701 
0.997706 0.0247781 0.0630037 -0.396997 -0.0243678 0.999677 -0.00727176 -2.68763 -0.0631636 0.00571986 0.997987 134.054 
0.997738 0.0239528 0.0628034 -0.358071 -0.0234499 0.999687 -0.00873146 -2.70094 -0.0629929 0.00723902 0.997988 135.407 
0.997784 0.0233184 0.0623169 -0.316787 -0.022811 0.999701 -0.00884105 -2.74111 -0.0625045 0.00739999 0.998017 136.76 
0.997791 0.0240445 0.0619334 -0.280404 -0.0235233 0.999682 -0.00912962 -2.76611 -0.0621332 0.00765261 0.998039 138.049 
0.997794 0.0235931 0.0620502 -0.254763 -0.0230125 0.999685 -0.010055 -2.78651 -0.0622679 0.00860489 0.998022 139.381 
0.997877 0.023305 0.0608137 -0.217774 -0.0227397 0.999692 -0.00997002 -2.8312 -0.0610274 0.00856601 0.998099 140.673 
0.997975 0.0226232 0.0594487 -0.162468 -0.0220256 0.9997 -0.0106874 -2.86286 -0.0596727 0.00935644 0.998174 141.986 
0.998043 0.0224209 0.0583705 -0.111852 -0.0218032 0.9997 -0.0111974 -2.90474 -0.058604 0.00990285 0.998232 143.343 
0.998132 0.020822 0.0574317 -0.0571725 -0.0200687 0.999705 -0.0136622 -2.92531 -0.0576993 0.0124841 0.998256 144.668 
0.998306 0.0154816 0.0560773 0.0126316 -0.0147767 0.999807 -0.0129616 -2.98233 -0.0562672 0.0121111 0.998342 145.973 
0.998397 0.00854248 0.0559472 0.0582619 -0.00795446 0.999911 -0.0107236 -3.01392 -0.0560338 0.0102615 0.998376 147.283 
0.998502 0.00338612 0.0546074 0.114402 -0.00288646 0.999953 -0.00922543 -3.0519 -0.0546361 0.00905403 0.998465 148.624 
0.998566 0.00030081 0.0535384 0.17503 0.000419864 0.99991 -0.0134483 -3.07388 -0.0535376 0.0134515 0.998475 150.014 
0.99853 0.00119868 0.0541946 0.204359 -0.000306409 0.999864 -0.0164688 -3.11837 -0.054207 0.016428 0.998395 151.368 
0.998371 -0.00188362 0.0570298 0.1522 0.00275836 0.99988 -0.0152627 -3.24056 -0.0569942 0.0153952 0.998256 152.572 
0.998292 0.0012947 0.0584038 0.196071 -0.000318671 0.99986 -0.0167172 -3.25917 -0.0584174 0.0166701 0.998153 153.921 
0.998272 -0.00253841 0.0587006 0.244128 0.0032771 0.999917 -0.0124904 -3.31299 -0.0586641 0.0126613 0.998198 155.238 
0.998237 -0.00813041 0.0587899 0.309347 0.00872345 0.999914 -0.00983696 -3.35429 -0.0587049 0.0103325 0.998222 156.594 
0.998133 -0.0111682 0.0600558 0.351353 0.0117215 0.999892 -0.00886891 -3.38896 -0.0599503 0.00955633 0.998156 157.904 
0.998126 -0.0125349 0.0599022 0.399056 0.013125 0.999869 -0.00946757 -3.41955 -0.0597757 0.0102361 0.998159 159.227 
0.998023 -0.0108053 0.0619072 0.434618 0.0113855 0.999894 -0.00902544 -3.45725 -0.0618032 0.00971249 0.998041 160.594 
0.997963 -0.00535053 0.0635674 0.458799 0.00605973 0.999922 -0.0109684 -3.4845 -0.0635038 0.0113313 0.997917 161.901 
0.997922 -0.000535597 0.0644252 0.506577 0.0013705 0.999916 -0.0129152 -3.51181 -0.0644129 0.0129767 0.997839 163.228 
0.997889 0.00288479 0.0648758 0.544506 -0.00199333 0.999903 -0.0138008 -3.54805 -0.0649093 0.0136424 0.997798 164.516 
0.997834 0.00461286 0.0656152 0.584009 -0.00377928 0.999911 -0.0128218 -3.59227 -0.0656685 0.0125461 0.997763 165.84 
0.997736 0.00673692 0.0669176 0.581738 -0.00580687 0.999884 -0.0140826 -3.62557 -0.0670048 0.0136622 0.997659 167.103 
0.997769 0.00729274 0.0663562 0.657215 -0.00630789 0.999867 -0.0150387 -3.69257 -0.066457 0.0145866 0.997683 168.484 
0.997713 0.0120129 0.06652 0.681174 -0.0108538 0.999783 -0.0177579 -3.73183 -0.066719 0.0169954 0.997627 169.785 
0.997607 0.0193123 0.0663827 0.724857 -0.01802 0.999637 -0.0200107 -3.76803 -0.0667451 0.0187667 0.997594 171.161 
0.997425 0.0241382 0.0675387 0.777479 -0.0228324 0.999538 -0.0200393 -3.79933 -0.0679913 0.0184456 0.997515 172.593 
0.997359 0.0268886 0.067463 0.857831 -0.0258089 0.999525 -0.0168252 -3.86492 -0.0678834 0.0150396 0.99758 173.941 
0.997453 0.0243343 0.0670499 0.9223 -0.0234965 0.999636 -0.0132556 -3.94145 -0.0673481 0.0116465 0.997662 175.357 
0.997471 0.0247651 0.0666199 0.997462 -0.0238832 0.999617 -0.0140001 -3.95395 -0.0669411 0.0123736 0.99768 176.74 
0.997628 0.0227603 0.064959 1.06035 -0.0218796 0.999659 -0.0142368 -3.98759 -0.0652609 0.0127818 0.997786 178.165 
0.997638 0.0241835 0.0642981 1.10959 -0.023025 0.99956 -0.0186975 -4.03111 -0.064722 0.0171729 0.997756 179.551 
0.997625 0.0282192 0.0628307 1.17507 -0.0267167 0.99934 -0.0246254 -4.05035 -0.0634841 0.0228883 0.99772 180.95 
0.997471 0.0337145 0.0625685 1.22148 -0.0322016 0.999168 -0.0250313 -4.1009 -0.0633604 0.0229532 0.997727 182.379 
0.997206 0.0382748 0.0641528 1.26425 -0.0367656 0.999023 -0.0245437 -4.13862 -0.0650295 0.0221165 0.997638 183.75 
0.99716 0.0389606 0.0644484 1.29763 -0.0376563 0.999063 -0.021331 -4.18525 -0.0652192 0.0188436 0.997693 185.243 
0.997017 0.0411168 0.0653217 1.35324 -0.0398182 0.998985 -0.021059 -4.20259 -0.0661213 0.0183952 0.997642 186.647 
0.997156 0.037894 0.0651484 1.40877 -0.0367202 0.999143 -0.019121 -4.25963 -0.0658172 0.0166744 0.997692 188.029 
0.997056 0.0350496 0.0681983 1.35881 -0.0339468 0.999275 -0.0172626 -4.33876 -0.0687539 0.0148967 0.997522 189.321 
0.997116 0.0330159 0.0683389 1.4304 -0.0319049 0.999341 -0.0172857 -4.36745 -0.0688647 0.0150555 0.997512 190.81 
0.997104 0.0321043 0.068935 1.51249 -0.0309968 0.999374 -0.0170744 -4.41017 -0.06944 0.0148883 0.997475 192.248 
0.997171 0.0285648 0.0695235 1.57573 -0.0275501 0.9995 -0.0155097 -4.46064 -0.0699319 0.0135505 0.99746 193.685 
0.997253 0.0237054 0.0701797 1.64146 -0.0227963 0.999646 -0.0137261 -4.51045 -0.0704802 0.0120886 0.99744 195.084 
0.997246 0.0226279 0.0706241 1.72745 -0.021669 0.999663 -0.0143131 -4.55379 -0.0709242 0.0127434 0.9974 196.546 
0.99711 0.0252932 0.0716362 1.76186 -0.024 0.999534 -0.0188557 -4.59732 -0.0720798 0.0170819 0.997253 197.97 
0.996979 0.0318308 0.0708464 1.83789 -0.0302523 0.999272 -0.0232432 -4.64351 -0.0715347 0.0210298 0.997216 199.384 
0.996546 0.0408451 0.072307 1.89112 -0.0392571 0.998959 -0.023249 -4.70508 -0.0731813 0.0203302 0.997111 200.78 
0.99604 0.0493157 0.0739804 1.94987 -0.047898 0.998635 -0.0208166 -4.72716 -0.074906 0.0171907 0.997042 202.178 
0.996004 0.0480795 0.0752594 2.03194 -0.0468365 0.998737 -0.0181943 -4.78093 -0.0760391 0.0145968 0.996998 203.589 
0.996015 0.0472397 0.0756535 2.09225 -0.0460681 0.998791 -0.0171577 -4.83287 -0.0763726 0.0136041 0.996987 205.049 
0.996179 0.0446359 0.0750673 2.1644 -0.0433975 0.998895 -0.0180489 -4.87395 -0.07579 0.0147223 0.997015 206.496 
0.996403 0.0431659 0.0729301 2.27078 -0.0418318 0.99893 -0.0197219 -4.90627 -0.0737034 0.0166001 0.997142 207.952 
0.996361 0.0437037 0.0731726 2.33473 -0.0423655 0.998907 -0.0197428 -4.96347 -0.0739555 0.016571 0.997124 209.39 
0.996386 0.0432253 0.0731163 2.41519 -0.0418486 0.998919 -0.0202582 -5.01373 -0.0739129 0.0171252 0.997118 210.864 
0.99626 0.0447663 0.0739027 2.48538 -0.0434018 0.998858 -0.0199663 -5.05862 -0.0747122 0.0166841 0.997066 212.352 
0.996338 0.042999 0.073897 2.5742 -0.0416275 0.998933 -0.0200014 -5.1179 -0.0746782 0.0168521 0.997065 213.81 
0.99622 0.0438461 0.0749822 2.60935 -0.042384 0.998881 -0.0209813 -5.17139 -0.0758183 0.017724 0.996964 215.237 
0.996253 0.0431045 0.0749759 2.68005 -0.0416152 0.998906 -0.0213135 -5.22764 -0.0758127 0.0181136 0.996958 216.644 
0.99623 0.0446672 0.0743691 2.75615 -0.0431134 0.99882 -0.0223692 -5.25404 -0.0752806 0.0190786 0.99698 218.107 
0.996402 0.04328 0.0728697 2.86688 -0.0417239 0.99887 -0.0227437 -5.30634 -0.0737717 0.0196215 0.997082 219.634 
0.996501 0.0422637 0.0721089 2.93657 -0.040655 0.998894 -0.0236323 -5.33478 -0.0730279 0.0206181 0.997117 221.136 
0.996406 0.0442534 0.0722209 2.98713 -0.0426736 0.998818 -0.0232733 -5.41229 -0.0731654 0.0201078 0.997117 222.571 
0.996318 0.0455305 0.0726419 3.03551 -0.0438502 0.998736 -0.0245606 -5.45013 -0.0736684 0.0212848 0.997056 224.023 
0.996242 0.047166 0.0726395 3.06181 -0.0454493 0.998651 -0.0251087 -5.49013 -0.0737259 0.021713 0.997042 225.4 
0.996242 0.0469977 0.0727568 3.12623 -0.0453132 0.998669 -0.0246335 -5.54322 -0.0738177 0.0212441 0.997045 226.869 
0.996311 0.0451633 0.0729751 3.20274 -0.0434966 0.998759 -0.0242698 -5.61596 -0.0739807 0.0210061 0.997038 228.277 
0.996372 0.0435701 0.0731043 3.27386 -0.0419473 0.998841 -0.0235895 -5.68672 -0.0740474 0.0204374 0.997045 229.782 
0.996368 0.0417934 0.0741883 3.33683 -0.0401829 0.998926 -0.0230695 -5.73782 -0.0750728 0.0200047 0.996977 231.277 
0.996303 0.0432662 0.0742142 3.39879 -0.0416706 0.998869 -0.022915 -5.80437 -0.0751217 0.0197378 0.996979 232.763 
0.996184 0.0433146 0.0757731 3.45136 -0.0416191 0.99885 -0.0238135 -5.86148 -0.0767175 0.020569 0.996841 234.239 
0.995969 0.0463216 0.0768132 3.53567 -0.0444948 0.998689 -0.0253259 -5.91685 -0.0778856 0.0218061 0.996724 235.759 
0.99596 0.0463044 0.0769392 3.65094 -0.0445836 0.998719 -0.0239352 -5.98298 -0.077949 0.0204083 0.996748 237.237 
0.99598 0.0461348 0.0767803 3.76497 -0.044617 0.998776 -0.0213682 -6.03967 -0.0776721 0.0178566 0.996819 238.769 
0.995822 0.0478393 0.0777836 3.841 -0.0463259 0.998703 -0.0211459 -6.09493 -0.0786943 0.0174542 0.996746 240.245 
0.995724 0.0469743 0.0795493 3.89725 -0.0452181 0.998695 -0.0237367 -6.1422 -0.0805605 0.0200382 0.996548 241.767 
0.995494 0.0498943 0.0806415 3.96552 -0.0479643 0.998519 -0.0256958 -6.19218 -0.0818041 0.0217121 0.996412 243.297 
0.995266 0.0520367 0.0820889 4.02378 -0.0500753 0.998413 -0.0257758 -6.25837 -0.0832999 0.0215432 0.996292 244.789 
0.995153 0.0518432 0.0835685 4.09217 -0.0498244 0.998418 -0.0260648 -6.30489 -0.0847876 0.0217747 0.996161 246.309 
0.995302 0.0513891 0.0820599 4.20774 -0.049513 0.998467 -0.0247375 -6.37994 -0.0832054 0.0205583 0.99632 247.842 
0.995377 0.0501002 0.0819395 4.30611 -0.0481953 0.998523 -0.0250635 -6.44675 -0.0830743 0.0209986 0.996322 249.389 
0.995179 0.0528482 0.0826235 4.40231 -0.0510332 0.99841 -0.0239278 -6.52406 -0.0837567 0.019596 0.996294 250.949 
0.995167 0.0524679 0.083009 4.49158 -0.0506428 0.99843 -0.0239425 -6.57845 -0.0841349 0.019623 0.996261 252.519 
0.995194 0.0519788 0.0829865 4.58649 -0.0502278 0.998472 -0.0230519 -6.64975 -0.0840579 0.018773 0.996284 254.041 
0.995126 0.0513252 0.0842043 4.66232 -0.0495034 0.998496 -0.0235834 -6.71198 -0.085288 0.0193001 0.996169 255.571 
0.99497 0.0504078 0.0865626 4.7323 -0.0486042 0.998557 -0.0228197 -6.77046 -0.0875881 0.0184976 0.995985 257.074 
0.994867 0.0497282 0.0881308 4.82336 -0.04787 0.998587 -0.0230749 -6.826 -0.0891538 0.0187377 0.995842 258.601 
0.995052 0.0488025 0.0865473 4.93931 -0.0469148 0.998617 -0.023714 -6.88355 -0.087585 0.0195364 0.995966 260.155 
0.995128 0.0474374 0.0864283 5.03809 -0.0454241 0.998652 -0.0251143 -6.94113 -0.0875032 0.021066 0.995942 261.62 
0.995167 0.0449163 0.0873228 5.15779 -0.0431833 0.998833 -0.0216347 -7.01567 -0.0881927 0.0177593 0.995945 263.179 
0.995021 0.0433623 0.08974 5.24727 -0.0416352 0.998912 -0.0210297 -7.05864 -0.0905543 0.0171887 0.995743 264.7 
0.995056 0.0433221 0.0893726 5.36318 -0.0414389 0.99888 -0.0228205 -7.10293 -0.0902613 0.0190042 0.995737 266.323 
0.99501 0.0428263 0.090122 5.47165 -0.0408511 0.998885 -0.0236484 -7.16982 -0.0910344 0.0198488 0.99565 267.886 
0.99472 0.047476 0.0909841 5.57493 -0.045364 0.998654 -0.0251427 -7.2185 -0.0920553 0.0208826 0.995535 269.43 
0.994543 0.0485815 0.0923284 5.65682 -0.0465418 0.998625 -0.0241195 -7.29612 -0.0933733 0.0196908 0.995436 270.936 
0.994619 0.0474503 0.0920952 5.77372 -0.0453493 0.998664 -0.0247746 -7.36527 -0.0931478 0.0204649 0.995442 272.457 
0.994257 0.0504173 0.0944004 5.85704 -0.0481905 0.998507 -0.025723 -7.42424 -0.0955563 0.0210261 0.995202 273.954 
0.994036 0.0513788 0.0961946 5.95448 -0.0491263 0.998463 -0.0256409 -7.49405 -0.0973642 0.0207624 0.995032 275.468 
0.993851 0.053114 0.097154 6.05371 -0.0506822 0.998341 -0.0273307 -7.55558 -0.0984445 0.0222387 0.994894 277.046 
0.993524 0.0540671 0.099934 6.15753 -0.0515045 0.998279 -0.0280488 -7.62433 -0.101279 0.0227201 0.994599 278.593 
0.993575 0.0520264 0.100505 6.26786 -0.049406 0.998375 -0.0283896 -7.6876 -0.101819 0.0232417 0.994531 280.221 
0.993364 0.0512436 0.10297 6.35947 -0.0486296 0.998432 -0.0277401 -7.74532 -0.10423 0.0225486 0.994298 281.779 
0.993605 0.0493447 0.101556 6.54388 -0.0466917 0.998507 -0.028338 -7.81757 -0.102803 0.023415 0.994426 283.26 
0.993679 0.049731 0.100638 6.68474 -0.0469116 0.998443 -0.0301914 -7.90278 -0.101983 0.0252795 0.994465 284.833 
0.993752 0.046861 0.101294 6.79771 -0.0437663 0.998511 -0.0325615 -7.98704 -0.102669 0.0279248 0.994324 286.389 
0.993801 0.0474082 0.100563 6.93663 -0.0443371 0.998486 -0.0325586 -8.06701 -0.101955 0.0278981 0.994398 287.935 
0.993994 0.0474942 0.0985932 7.06728 -0.0444915 0.998483 -0.0324342 -8.13682 -0.0999841 0.0278529 0.994599 289.45 
0.993969 0.0494262 0.0978956 7.22197 -0.0462931 0.998348 -0.0340219 -8.20123 -0.0994156 0.0292849 0.994615 291.092 
0.994031 0.0491333 0.0974128 7.35031 -0.0460199 0.998363 -0.0339552 -8.29166 -0.0989218 0.0292696 0.994665 292.826 
0.994015 0.0501161 0.0970695 7.44858 -0.0470202 0.998318 -0.0339238 -8.36031 -0.0986063 0.0291566 0.994699 294.312 
0.994244 0.0471454 0.0962066 7.58524 -0.0442592 0.99851 -0.0319177 -8.45859 -0.0975681 0.027476 0.99485 295.85 
0.994419 0.0461454 0.094879 7.71646 -0.0434807 0.998605 -0.0299644 -8.53119 -0.0961293 0.0256718 0.995038 297.456 
0.994475 0.0466725 0.0940242 7.84149 -0.0442305 0.998632 -0.0278909 -8.61788 -0.0951974 0.0235781 0.995179 298.91 
0.994418 0.0482124 0.0938488 7.97961 -0.0457893 0.998564 -0.0278035 -8.68714 -0.0950545 0.023351 0.995198 300.474 
0.994401 0.0468409 0.0947275 8.09857 -0.0443783 0.998624 -0.0279387 -8.76733 -0.0959058 0.0235785 0.995111 302.137 
0.994397 0.0460365 0.0951549 8.22031 -0.0435366 0.998654 -0.0281832 -8.83479 -0.0963243 0.0238826 0.995063 303.692 
0.994312 0.0453413 0.0963774 8.29679 -0.0427691 0.998676 -0.0285894 -8.918 -0.0975461 0.0243048 0.994934 305.264 
0.994369 0.0429077 0.0969014 8.40724 -0.0402145 0.998753 -0.0295779 -9.00539 -0.0980498 0.0255146 0.994854 306.888 
0.994348 0.0434823 0.0968589 8.52395 -0.0407106 0.998708 -0.0304118 -9.09492 -0.0980562 0.0262968 0.994833 308.392 
0.994662 0.0436459 0.0935003 8.66311 -0.0410294 0.998716 -0.0297261 -9.18975 -0.0946777 0.0257312 0.995175 309.961 
0.994862 0.0452632 0.090564 8.7971 -0.0427777 0.998658 -0.0291998 -9.25566 -0.0917642 0.0251756 0.995463 311.644 
0.99478 0.0464276 0.0908707 8.88523 -0.0442817 0.998694 -0.0254902 -9.33718 -0.0919355 0.0213332 0.995536 313.243 
0.994787 0.044168 0.0919144 8.9872 -0.0423317 0.998865 -0.0218331 -9.41375 -0.0927745 0.0178285 0.995528 314.845 
0.994816 0.0435789 0.0918767 9.11007 -0.0418502 0.99891 -0.020659 -9.47849 -0.0926769 0.0167069 0.995556 316.488 
0.994645 0.040656 0.095015 9.08169 -0.0388011 0.99902 -0.021289 -9.52812 -0.0957875 0.0174884 0.995248 317.931 
0.994581 0.0396373 0.0961128 9.18248 -0.0377366 0.999056 -0.0215127 -9.59065 -0.0968748 0.0177692 0.995138 319.614 
0.99438 0.0389635 0.0984381 9.22514 -0.0370664 0.999092 -0.0210281 -9.65394 -0.0991681 0.0172612 0.994921 321.206 
0.994243 0.0383862 0.100036 9.29444 -0.0365004 0.999121 -0.0206144 -9.73192 -0.100739 0.0168445 0.99477 322.712 
0.994233 0.0390845 0.0998641 9.43941 -0.0371177 0.99908 -0.0214774 -9.78759 -0.100612 0.0176469 0.994769 324.322 
0.994099 0.0408395 0.100495 9.54215 -0.0387399 0.99899 -0.0227566 -9.82583 -0.101323 0.0187293 0.994677 325.903 
0.993908 0.0411218 0.102257 9.65026 -0.0391799 0.999013 -0.0209269 -9.89529 -0.103016 0.016793 0.994538 327.529 
0.993979 0.040345 0.101868 9.8281 -0.0384803 0.999055 -0.0202043 -9.94657 -0.102587 0.0161628 0.994593 329.221 
0.993899 0.0408128 0.102464 9.94937 -0.0387576 0.999007 -0.0219697 -9.99464 -0.103259 0.0178645 0.994494 330.798 
0.99378 0.0424789 0.102942 10.0564 -0.0404742 0.99895 -0.0214866 -10.0628 -0.103747 0.0171865 0.994455 332.405 
0.993589 0.0448305 0.103788 10.1489 -0.0425609 0.998806 -0.0239802 -10.1262 -0.104739 0.0194092 0.99431 334.037 
0.99346 0.0468981 0.104105 10.2731 -0.0443556 0.998662 -0.0266058 -10.1808 -0.105214 0.0218142 0.99421 335.638 
0.993437 0.0477016 0.103957 10.4045 -0.0452335 0.998639 -0.0259728 -10.2498 -0.105054 0.0211 0.994243 337.239 
0.99309 0.04955 0.106383 10.4272 -0.0473571 0.998612 -0.0230428 -10.2931 -0.107377 0.0178456 0.994058 338.645 
0.993105 0.0506047 0.105739 10.5587 -0.048676 0.998599 -0.0207432 -10.3463 -0.106641 0.0154533 0.994178 340.25 
0.993187 0.0496905 0.105411 10.6765 -0.0476455 0.998626 -0.0218313 -10.4065 -0.106351 0.0166602 0.994189 341.835 
0.993241 0.0496512 0.104913 10.7971 -0.0474177 0.998594 -0.0236788 -10.4618 -0.105941 0.0185441 0.9942 343.438 
0.993347 0.0482045 0.104588 10.9084 -0.0461455 0.998692 -0.0220183 -10.5287 -0.105512 0.0170456 0.994272 345.042 
0.993624 0.0456447 0.103093 11.0658 -0.0436137 0.998809 -0.0218712 -10.5852 -0.103968 0.0172356 0.994431 346.651 
0.993671 0.0460449 0.102457 11.1787 -0.0440001 0.998786 -0.0221291 -10.6581 -0.103352 0.017481 0.994491 348.207 
0.993809 0.0441797 0.10194 11.3174 -0.0420713 0.998856 -0.0227419 -10.7201 -0.102828 0.0183124 0.994531 349.795 
0.993814 0.0444112 0.101793 11.4487 -0.04239 0.99886 -0.0219345 -10.8052 -0.102652 0.0174838 0.994564 351.362 
0.993793 0.0442694 0.10206 11.5836 -0.0422167 0.998862 -0.0221856 -10.8578 -0.102926 0.0177393 0.994531 352.958 
0.993818 0.0440795 0.101895 11.7153 -0.0419426 0.998855 -0.0230207 -10.9204 -0.102793 0.0186046 0.994529 354.528 
0.993921 0.0433006 0.101223 11.8578 -0.041179 0.998888 -0.0229572 -10.9953 -0.102104 0.0186494 0.994599 356.132 
0.993899 0.0427776 0.10166 11.9868 -0.0407216 0.998924 -0.0222149 -11.0603 -0.102501 0.0179396 0.994571 357.744 
0.993872 0.0422896 0.102123 12.1045 -0.0401082 0.998923 -0.0233205 -11.1168 -0.102999 0.0190817 0.994498 359.326 
0.994015 0.0385147 0.102226 12.2395 -0.0362724 0.999061 -0.0237041 -11.1928 -0.103043 0.0198543 0.994479 360.91 
0.993925 0.0392827 0.102812 12.3631 -0.0370837 0.999043 -0.0232133 -11.2293 -0.103626 0.0192596 0.99443 362.548 
0.993976 0.0373636 0.103037 12.4877 -0.0351667 0.999116 -0.0230561 -11.278 -0.103808 0.0192938 0.99441 364.127 
0.993973 0.0384042 0.102681 12.6317 -0.036008 0.999037 -0.0250888 -11.3243 -0.103546 0.0212403 0.994398 365.721 
0.994011 0.0395373 0.101874 12.7861 -0.0370514 0.99897 -0.0261801 -11.3885 -0.102804 0.0222488 0.994453 367.318 
0.993853 0.0406629 0.10297 12.8804 -0.0383198 0.998962 -0.0246329 -11.4679 -0.103865 0.0205357 0.994379 368.903 
0.993753 0.0423245 0.103261 12.9959 -0.0400498 0.998909 -0.0240034 -11.5253 -0.104165 0.0197179 0.994365 370.462 
0.993903 0.0415047 0.102152 13.1565 -0.0393106 0.998953 -0.0233999 -11.6093 -0.103017 0.0192416 0.994494 372.052 
0.993878 0.0431105 0.10173 13.3197 -0.0408046 0.998863 -0.0246414 -11.6661 -0.102676 0.0203395 0.994507 373.687 
0.993966 0.0420788 0.101295 13.4573 -0.0397481 0.998899 -0.0249192 -11.7214 -0.102232 0.0207426 0.994544 375.277 
0.993749 0.0430248 0.103012 13.582 -0.0406002 0.99885 -0.0255194 -11.7777 -0.103992 0.0211776 0.994353 376.892 
0.993811 0.0434953 0.102219 13.7314 -0.0410878 0.998829 -0.0255416 -11.8569 -0.10321 0.0211837 0.994434 378.505 
0.993831 0.0423092 0.102518 13.8813 -0.0398985 0.99888 -0.025453 -11.904 -0.10348 0.0212057 0.994405 380.097 
0.993868 0.0426035 0.102032 14.0323 -0.040089 0.998843 -0.0265701 -11.9658 -0.103046 0.0223168 0.994426 381.669 
0.993749 0.043963 0.102618 14.1792 -0.0412244 0.998739 -0.0286579 -12.0199 -0.103748 0.0242484 0.994308 383.318 
0.99382 0.0435404 0.102112 14.3307 -0.0406745 0.998723 -0.0299832 -12.0819 -0.103287 0.0256446 0.994321 384.954 
0.993619 0.0441769 0.103781 14.4402 -0.0413057 0.998706 -0.0296553 -12.1506 -0.104957 0.0251794 0.994158 386.541 
0.993653 0.0419863 0.104364 14.5834 -0.0393244 0.99885 -0.0274348 -12.2421 -0.105395 0.0231567 0.994161 388.178 
0.993627 0.0435724 0.103957 14.7346 -0.0407595 0.998747 -0.0290316 -12.2907 -0.105092 0.0246094 0.994158 389.843 
0.993381 0.0459065 0.10529 14.8306 -0.0429765 0.998628 -0.0299308 -12.3387 -0.106519 0.0252078 0.993991 391.442 
0.993424 0.046417 0.10466 14.9856 -0.0434268 0.998586 -0.0306708 -12.4016 -0.105936 0.0259242 0.994035 393.08 
0.993596 0.0450167 0.103633 15.144 -0.0419945 0.998632 -0.0311622 -12.4828 -0.104894 0.0266106 0.994127 394.672 
0.993721 0.0455092 0.102215 15.2876 -0.0423572 0.998564 -0.0327995 -12.5483 -0.103561 0.0282641 0.994221 396.419 
0.993611 0.0456287 0.103224 15.4208 -0.0424202 0.998553 -0.033068 -12.6289 -0.104583 0.028478 0.994108 398.044 
0.993663 0.0452843 0.102877 15.5814 -0.0421448 0.998583 -0.0324886 -12.6954 -0.104202 0.0279471 0.994163 399.705 
0.993905 0.0425036 0.101714 15.7373 -0.0396249 0.998759 -0.0301568 -12.793 -0.102869 0.0259426 0.994357 401.329 
0.994034 0.0421772 0.10059 15.8737 -0.0391213 0.998717 -0.0321612 -12.8481 -0.101818 0.0280341 0.994408 403.019 
0.994124 0.0402223 0.100496 16.0057 -0.0372367 0.998813 -0.0314104 -12.9563 -0.101641 0.0274838 0.994442 404.694 
