1 2.12261e-08 -2.11895e-08 0 2.12261e-08 1 2.10703e-08 0 -2.11895e-08 2.10703e-08 1 0 
0.999976 0.000771379 -0.00690194 0.0011884 -0.000767333 1 0.00058272 -0.00286018 0.00690234 -0.000577368 0.999976 0.0864375 
0.9999 0.00136533 -0.0140546 -0.00814091 -0.00136732 0.999999 -0.00013536 0.00661836 0.0140543 0.000154606 0.999901 0.189517 
0.999756 0.00139031 -0.0220677 -0.0121469 -0.00140221 0.999999 -0.000525609 -0.00302313 0.0220669 0.000556466 0.999756 0.29383 
0.999515 0.00189285 -0.0310956 -0.0308991 -0.00196345 0.999996 -0.00224132 0.0035231 0.0310912 0.00230132 0.999514 0.399831 
0.9991 0.00372721 -0.0422501 -0.0581233 -0.00389524 0.999985 -0.00389658 0.00746206 0.0422349 0.00405769 0.9991 0.516555 
0.998423 0.00317114 -0.0560543 -0.0750311 -0.00344315 0.999983 -0.00475746 0.00298542 0.0560382 0.004943 0.998416 0.649178 
0.997368 0.00283606 -0.0724551 -0.104452 -0.00319493 0.999983 -0.0048381 0.00251228 0.0724402 0.0050569 0.99736 0.797255 
0.995889 0.00146534 -0.090572 -0.146997 -0.00187106 0.999989 -0.00439517 -0.00176746 0.0905645 0.00454661 0.99588 0.952278 
0.993847 0.000296009 -0.110766 -0.181293 -0.000766919 0.999991 -0.00420919 -0.00883275 0.110763 0.00426828 0.993838 1.11544 
0.991152 5.44152e-05 -0.132735 -0.231763 -0.000729463 0.999987 -0.00503735 -0.00455028 0.132733 0.00508964 0.991139 1.28207 
0.987579 0.00451631 -0.157057 -0.285129 -0.0056295 0.999962 -0.0066439 -0.00519891 0.157021 0.00744558 0.987567 1.45773 
0.983174 0.00839955 -0.182481 -0.354289 -0.0101347 0.999912 -0.00857813 -0.00883038 0.182393 0.0102832 0.983172 1.64381 
0.977882 0.01122 -0.208856 -0.439258 -0.0136069 0.999858 -0.00999516 -0.00967652 0.208714 0.012616 0.977895 1.83164 
0.971051 0.0119002 -0.238577 -0.515699 -0.0147298 0.999841 -0.0100811 -0.0172959 0.238419 0.0133035 0.971071 2.02308 
0.962935 0.0137158 -0.269384 -0.607938 -0.016858 0.999814 -0.00935441 -0.0217023 0.269206 0.013549 0.962987 2.22561 
0.953311 0.0155539 -0.301588 -0.710847 -0.0190105 0.999783 -0.00852953 -0.0184598 0.30139 0.0138647 0.9534 2.43813 
0.941645 0.0174629 -0.336154 -0.810965 -0.0212632 0.999745 -0.00762742 -0.0136394 0.335935 0.0143301 0.941776 2.6401 
0.928807 0.0203152 -0.370007 -0.916244 -0.0246764 0.999671 -0.007057 -0.0146903 0.369742 0.0156851 0.929002 2.84517 
0.914575 0.023647 -0.403725 -1.04687 -0.028571 0.999573 -0.00617621 -0.0163292 0.403406 0.0171835 0.91486 3.06104 
0.898453 0.023846 -0.438421 -1.19625 -0.0293823 0.999551 -0.00584672 -0.0137196 0.438085 0.0181349 0.898751 3.25708 
0.87933 0.0205941 -0.475768 -1.3146 -0.0263009 0.99964 -0.00533985 -0.025335 0.475486 0.0172086 0.879555 3.43988 
0.857485 0.0149496 -0.514292 -1.46986 -0.0208471 0.999766 -0.00569722 -0.0251128 0.514087 0.0156068 0.857596 3.65854 
0.83143 0.0166888 -0.555379 -1.63843 -0.0220675 0.999752 -0.00299429 -0.0225051 0.555191 0.0147454 0.831592 3.86675 
0.801888 0.0223767 -0.597055 -1.81967 -0.0269731 0.999635 0.00123802 -0.0302968 0.596865 0.0151117 0.802199 4.03109 
0.768982 0.025718 -0.638753 -2.03141 -0.0303303 0.999533 0.00373 -0.038743 0.638551 0.0165053 0.769403 4.19637 
0.731858 0.0250172 -0.680998 -2.24943 -0.0301545 0.999536 0.00431238 -0.0352471 0.68079 0.0173792 0.732273 4.38234 
0.691341 0.0215814 -0.722206 -2.48349 -0.0243727 0.999682 0.0065419 -0.0410349 0.722117 0.0130795 0.691647 4.56196 
0.647715 0.0178181 -0.761675 -2.73076 -0.0187703 0.999796 0.00742666 -0.03599 0.761652 0.00948653 0.647917 4.72165 
0.602736 0.0170626 -0.797758 -3.02041 -0.0161207 0.999828 0.0092047 -0.0290707 0.797778 0.00731246 0.602907 4.87317 
0.553299 0.0181769 -0.832784 -3.31645 -0.0127854 0.999829 0.0133283 -0.0375054 0.832884 0.00327299 0.553437 5.02815 
0.502022 0.0188647 -0.864649 -3.62931 -0.0103646 0.999822 0.0157961 -0.0316353 0.864793 0.0010318 0.502128 5.14631 
0.449612 0.020587 -0.892987 -3.95327 -0.00999277 0.999788 0.0180179 -0.0252574 0.893168 0.000822399 0.449723 5.2434 
0.394953 0.0222527 -0.918432 -4.28824 -0.0104565 0.999751 0.0197264 -0.00754152 0.918642 0.00181265 0.395087 5.32475 
0.339044 0.0241783 -0.94046 -4.65839 -0.00959269 0.999707 0.0222433 0.00312753 0.940722 0.00148014 0.339176 5.40185 
0.284182 0.027861 -0.958365 -5.04076 -0.0070933 0.999611 0.0269567 0.00103211 0.958744 -0.000862594 0.284269 5.47008 
0.230072 0.0308728 -0.972684 -5.44366 -0.00290432 0.999514 0.0310374 -0.00727741 0.973169 -0.00431581 0.23005 5.52495 
0.179344 0.0309597 -0.983299 -5.87712 -0.000955327 0.99951 0.0312959 0.00997162 0.983786 -0.0046733 0.179285 5.55269 
0.131421 0.0316214 -0.990822 -6.32751 -0.00211057 0.999498 0.0316183 0.0205901 0.991324 -0.00206405 0.131421 5.56701 
0.0886726 0.0325542 -0.995529 -6.77381 -0.00346643 0.99947 0.0323743 0.0240877 0.996055 0.000580252 0.0887385 5.56128 
0.0506938 0.031478 -0.998218 -7.24577 -0.00525729 0.999498 0.0312514 0.0379421 0.9987 0.00366371 0.0508338 5.54899 
0.0163609 0.0279171 -0.999476 -7.72381 -0.00383254 0.999605 0.0278579 0.0633143 0.999859 0.0033748 0.0164614 5.52365 
-0.015465 0.0256941 -0.99955 -8.20426 -0.00365476 0.999662 0.0257535 0.0604867 0.999874 0.00405143 -0.0153658 5.49038 
-0.0425648 0.0235268 -0.998817 -8.68735 -0.00238888 0.999717 0.0236498 0.0701845 0.999091 0.00339274 -0.0424965 5.44254 
-0.0638492 0.021152 -0.997735 -9.20334 -0.0030438 0.999767 0.0213899 0.0831267 0.997955 0.00440267 -0.0637699 5.38649 
-0.0802466 0.0200847 -0.996573 -9.73796 -0.00373022 0.999784 0.0204497 0.0995093 0.996768 0.0053585 -0.0801543 5.32337 
-0.0926733 0.0212667 -0.995469 -10.2879 -0.00437954 0.999754 0.021766 0.103493 0.995687 0.00637686 -0.0925573 5.23786 
-0.103128 0.0222208 -0.99442 -10.8389 -0.00592827 0.999719 0.022954 0.102616 0.994651 0.00826243 -0.102967 5.16651 
-0.109932 0.0222827 -0.993689 -11.4188 -0.00786786 0.999698 0.0232878 0.112437 0.993908 0.0103783 -0.109724 5.08304 
-0.115143 0.0230176 -0.993082 -12.0014 -0.00714503 0.999686 0.0239991 0.125978 0.993323 0.00985897 -0.114942 5.00873 
-0.115914 0.0235799 -0.992979 -12.6214 -0.00445592 0.999696 0.0242595 0.138498 0.993249 0.0072367 -0.115774 4.91565 
-0.115348 0.0260966 -0.992982 -13.2294 -0.00208319 0.999646 0.0265137 0.142309 0.993323 0.00512691 -0.115253 4.84644 
-0.114515 0.0286009 -0.99301 -13.8645 -0.00277426 0.999572 0.0291099 0.151843 0.993418 0.00608842 -0.114387 4.76529 
-0.112728 0.0286033 -0.993214 -14.52 -0.00546957 0.999553 0.0294067 0.15508 0.993611 0.00874745 -0.112521 4.67411 
-0.111373 0.0259308 -0.99344 -15.182 -0.00722624 0.999612 0.026902 0.167474 0.993752 0.010175 -0.111142 4.58833 
-0.11103 0.0257733 -0.993483 -15.8754 -0.00684178 0.99962 0.0266972 0.184475 0.993793 0.00976143 -0.110812 4.50418 
-0.109207 0.0287518 -0.993603 -16.5533 -0.00587179 0.999546 0.0295691 0.195411 0.994002 0.00906343 -0.108989 4.41648 
-0.107665 0.0325676 -0.993654 -17.2652 -0.00722972 0.999411 0.0335397 0.201765 0.994161 0.0107949 -0.107366 4.32718 
-0.105603 0.0342173 -0.993819 -17.9979 -0.00690442 0.999359 0.0351416 0.219614 0.994384 0.0105729 -0.105299 4.22543 
-0.104465 0.0334961 -0.993964 -18.7262 -0.00884991 0.999362 0.0346081 0.231974 0.994489 0.0124119 -0.104102 4.14807 
-0.103778 0.030733 -0.994126 -19.4658 -0.0130973 0.999394 0.0322631 0.241882 0.994514 0.0163686 -0.103313 4.06699 
-0.102438 0.030309 -0.994278 -20.2247 -0.0144201 0.999385 0.0319504 0.25222 0.994635 0.0176106 -0.101938 3.97963 
-0.100786 0.0327149 -0.99437 -20.9979 -0.0111773 0.999359 0.0340119 0.27313 0.994845 0.0145423 -0.100356 3.88984 
-0.100066 0.0345372 -0.994381 -21.7905 -0.00847478 0.999332 0.035562 0.294123 0.994945 0.0119857 -0.099706 3.80806 
-0.0993502 0.0369907 -0.994365 -22.5853 -0.00733329 0.999254 0.0379053 0.303013 0.995026 0.0110579 -0.0990049 3.71935 
-0.0991736 0.0316763 -0.994566 -23.3816 -0.00597206 0.999456 0.0324276 0.327094 0.995052 0.00915561 -0.0989305 3.62915 
-0.0993145 0.0245052 -0.994754 -24.1636 -0.00461398 0.999675 0.025087 0.343227 0.995045 0.00708132 -0.0991692 3.55094 
-0.100322 0.0203257 -0.994747 -24.9755 -0.0011633 0.999788 0.020546 0.35355 0.994954 0.00321844 -0.100277 3.47006 
-0.0998961 0.020734 -0.994782 -25.7986 0.000115845 0.999783 0.0208266 0.371533 0.994998 0.00196529 -0.0998769 3.36779 
-0.101203 0.0282482 -0.994465 -26.638 0.000984849 0.999599 0.0282939 0.379592 0.994865 0.00188406 -0.10119 3.2852 
-0.101684 0.034974 -0.994202 -27.4756 0.000210985 0.999383 0.0351347 0.394303 0.994817 0.00336292 -0.101629 3.17991 
-0.102317 0.0397613 -0.993957 -28.3102 -0.00161745 0.999193 0.0401372 0.413623 0.994751 0.00571444 -0.10217 3.07992 
-0.103005 0.0396227 -0.993891 -29.1763 -0.00323923 0.999188 0.0401695 0.43034 0.994676 0.00735712 -0.102793 2.95904 
-0.102686 0.0357633 -0.994071 -30.0099 -0.00364716 0.999333 0.0363294 0.452757 0.994707 0.00735608 -0.102487 2.84883 
-0.103561 0.0329439 -0.994077 -30.851 -0.0035598 0.999433 0.0334922 0.468966 0.994617 0.00700724 -0.103385 2.75034 
-0.104002 0.0336786 -0.994007 -31.6801 -0.0049523 0.999397 0.0343794 0.48829 0.994565 0.00849819 -0.103773 2.64926 
-0.10406 0.0368798 -0.993887 -32.5211 -0.00665362 0.999264 0.0377759 0.495376 0.994549 0.010544 -0.103738 2.54269 
-0.104023 0.0347299 -0.993968 -33.359 -0.00811067 0.999327 0.035766 0.509135 0.994542 0.0117823 -0.103672 2.43497 
-0.10301 0.0302148 -0.994221 -34.2057 -0.0104045 0.999451 0.0314517 0.498285 0.994626 0.0135842 -0.102639 2.31443 
-0.10349 0.0253911 -0.994306 -35.019 -0.0108103 0.999586 0.0266511 0.52033 0.994572 0.013507 -0.103173 2.22397 
-0.103429 0.0259746 -0.994298 -35.8593 -0.0112838 0.999564 0.027286 0.53628 0.994573 0.0140416 -0.103091 2.12677 
-0.103029 0.0290341 -0.994255 -36.6881 -0.0114942 0.999472 0.0303775 0.537438 0.994612 0.014558 -0.102641 2.02586 
-0.102285 0.0334219 -0.994194 -37.5471 -0.0110757 0.999335 0.0347342 0.558326 0.994694 0.0145642 -0.101847 1.91293 
-0.101039 0.0388427 -0.994124 -38.3946 -0.0104724 0.999141 0.0401031 0.569262 0.994827 0.0144629 -0.100546 1.79676 
-0.10195 0.0418795 -0.993908 -39.2195 -0.0107374 0.999009 0.0431959 0.587694 0.994732 0.0150758 -0.101399 1.70417 
-0.102627 0.0418613 -0.993839 -40.0647 -0.0092204 0.999031 0.0430322 0.601741 0.994677 0.0135799 -0.102141 1.61532 
-0.10278 0.0371972 -0.994008 -40.8907 -0.00873515 0.999228 0.0382958 0.623691 0.994666 0.0126189 -0.102376 1.50876 
-0.102565 0.032058 -0.99421 -41.7158 -0.00923967 0.999407 0.0331788 0.649532 0.994683 0.0125892 -0.102208 1.4077 
-0.103254 0.0292494 -0.994225 -42.54 -0.013669 0.999431 0.0308221 0.657117 0.994561 0.0167726 -0.102795 1.31606 
-0.103082 0.0267309 -0.994314 -43.369 -0.016558 0.999454 0.0285856 0.67497 0.994535 0.0194106 -0.102583 1.19354 
-0.103851 0.0249963 -0.994279 -44.2049 -0.0143128 0.999543 0.0266236 0.684746 0.99449 0.0169959 -0.103446 1.08469 
-0.106593 0.0219505 -0.99406 -45.0239 -0.0102351 0.999679 0.0231721 0.68462 0.99425 0.0126443 -0.106334 1.01337 
-0.108034 0.0203458 -0.993939 -45.8323 -0.00553382 0.999763 0.0210665 0.70084 0.994132 0.00777622 -0.107896 0.922706 
-0.111259 0.0242417 -0.993496 -46.6739 -0.00422271 0.999682 0.0248656 0.691751 0.993783 0.00696179 -0.111121 0.829167 
-0.112904 0.0302297 -0.993146 -47.483 -0.00168108 0.99953 0.0306151 0.702591 0.993605 0.00512616 -0.1128 0.726836 
-0.115507 0.0332888 -0.992749 -48.302 0.000668145 0.999441 0.0334355 0.717956 0.993306 0.00319879 -0.115465 0.629375 
-0.117604 0.0324675 -0.99253 -49.1014 0.000621235 0.999468 0.0326208 0.722751 0.99306 0.00321978 -0.117561 0.527501 
-0.118296 0.0280558 -0.992582 -49.8965 -0.00291411 0.999587 0.0286011 0.734596 0.992974 0.00627593 -0.118166 0.407873 
-0.119363 0.0235454 -0.992572 -50.6943 -0.00883303 0.999654 0.0247757 0.745132 0.992811 0.0117247 -0.119113 0.282781 
-0.121193 0.0215931 -0.992394 -51.4756 -0.012472 0.999651 0.0232741 0.753502 0.992551 0.0151978 -0.120881 0.168706 
-0.122546 0.0224528 -0.992209 -52.2581 -0.013643 0.999612 0.0243054 0.757572 0.992369 0.0165152 -0.122192 0.0542998 
-0.124398 0.0236189 -0.991951 -53.0335 -0.0135329 0.999583 0.0254978 0.761623 0.99214 0.0165959 -0.124026 -0.0536687 
-0.125437 0.0225456 -0.991845 -53.8132 -0.0146117 0.999591 0.0245695 0.771767 0.991994 0.0175745 -0.125056 -0.172857 
-0.126062 0.022218 -0.991774 -54.5864 -0.016579 0.999562 0.0244998 0.771408 0.991884 0.0195311 -0.125638 -0.292498 
-0.126494 0.0239121 -0.991679 -55.3677 -0.0166741 0.999517 0.026228 0.776756 0.991827 0.0198531 -0.126034 -0.412487 
-0.12677 0.0267593 -0.991571 -56.1154 -0.0158571 0.999454 0.0289993 0.780616 0.991805 0.0193997 -0.126276 -0.523146 
-0.127609 0.0305246 -0.991355 -56.8953 -0.0152026 0.999349 0.0327276 0.794773 0.991708 0.0192476 -0.127062 -0.624267 
-0.129639 0.0325419 -0.991027 -57.6634 -0.013466 0.999311 0.0345755 0.79912 0.99147 0.0178275 -0.129112 -0.72103 
-0.131319 0.032211 -0.990817 -58.4099 -0.0125586 0.999338 0.0341525 0.812589 0.991261 0.0169282 -0.130828 -0.818386 
-0.131279 0.0297143 -0.9909 -59.1726 -0.0112636 0.999442 0.0314627 0.829829 0.991281 0.0152916 -0.130871 -0.943271 
-0.131407 0.0265148 -0.990974 -59.9176 -0.0112728 0.999538 0.0282388 0.83227 0.991264 0.0148818 -0.131047 -1.06863 
-0.133603 0.0233332 -0.99076 -60.6314 -0.0102962 0.999636 0.0249307 0.844068 0.990982 0.013532 -0.133314 -1.14235 
-0.13236 0.021175 -0.990976 -61.3369 -0.0109622 0.999679 0.0228251 0.847018 0.991141 0.0138845 -0.132085 -1.24948 
-0.13101 0.019633 -0.991187 -62.0176 -0.0134995 0.999676 0.0215854 0.855579 0.991289 0.0162085 -0.130703 -1.34295 
-0.128029 0.0204931 -0.991559 -62.6765 -0.0129047 0.999667 0.022327 0.854205 0.991686 0.0156543 -0.127722 -1.42454 
-0.122407 0.0212903 -0.992252 -63.3334 -0.0118478 0.999667 0.022911 0.866537 0.992409 0.0145605 -0.122114 -1.51379 
-0.115614 0.022534 -0.993039 -63.9711 -0.0103308 0.999661 0.023887 0.8729 0.99324 0.0130206 -0.115342 -1.58905 
-0.10795 0.0241919 -0.993862 -64.5885 -0.0104264 0.999621 0.0254646 0.866773 0.994102 0.0131114 -0.107657 -1.65244 
-0.0958258 0.0251924 -0.995079 -65.2166 -0.0125494 0.99957 0.0265146 0.880292 0.995319 0.0150285 -0.0954684 -1.73523 
-0.0804734 0.0263345 -0.996409 -65.8307 -0.0147279 0.99951 0.027606 0.886534 0.996648 0.0168966 -0.0800462 -1.80193 
-0.0616734 0.027591 -0.997715 -66.4316 -0.0168155 0.999447 0.0286783 0.886175 0.997955 0.0185459 -0.0611754 -1.8523 
-0.0401632 0.0276739 -0.99881 -66.9935 -0.0164682 0.999462 0.0283542 0.900555 0.999057 0.0175874 -0.0396859 -1.86266 
-0.0143823 0.0281204 -0.999501 -67.5358 -0.015761 0.999474 0.0283465 0.895113 0.999772 0.0161608 -0.0139315 -1.8772 
0.0147798 0.0270902 -0.999524 -68.0576 -0.0144578 0.999534 0.0268767 0.917011 0.999786 0.0140538 0.0151646 -1.8487 
0.0492483 0.0274719 -0.998409 -68.5384 -0.0129346 0.999555 0.0268655 0.907437 0.998703 0.011591 0.0495817 -1.81721 
0.0867566 0.0272062 -0.995858 -69.0067 -0.011666 0.999586 0.0262918 0.924577 0.996161 0.00933677 0.0870381 -1.75093 
0.128392 0.0268899 -0.991359 -69.4665 -0.0108 0.999611 0.025715 0.929449 0.991665 0.00740508 0.128632 -1.67943 
0.173938 0.0268287 -0.984391 -69.9024 -0.0095557 0.999628 0.0255555 0.944831 0.98471 0.0049615 0.17413 -1.58328 
0.223046 0.0254406 -0.974476 -70.322 -0.0058678 0.999676 0.0247554 0.945932 0.97479 0.000196484 0.223123 -1.45829 
0.274569 0.0215911 -0.961325 -70.7613 0.00194683 0.999733 0.0230097 0.934661 0.961565 -0.00818925 0.274454 -1.30722 
0.326171 0.0157751 -0.945179 -71.1288 0.0077233 0.999783 0.0193517 0.941858 0.945279 -0.0136118 0.325979 -1.13527 
0.379952 0.0113246 -0.924937 -71.507 0.0127778 0.999765 0.0174897 0.94693 0.924918 -0.0184638 0.379718 -0.957329 
0.432668 0.0101804 -0.901496 -71.883 0.0126125 0.99977 0.0173435 0.960504 0.901465 -0.0188741 0.43244 -0.758116 
0.4824 0.00923587 -0.875903 -72.2384 0.0147067 0.999718 0.018641 0.96054 0.875828 -0.021874 0.482128 -0.53501 
0.528197 0.00415055 -0.849112 -72.5892 0.0230818 0.999548 0.0192441 0.978744 0.848808 -0.0297636 0.527862 -0.276077 
0.57359 -0.0020225 -0.81914 -72.9166 0.0339705 0.999195 0.0213202 0.979302 0.818438 -0.0400556 0.573197 0.00141746 
0.617623 -0.00705835 -0.786443 -73.2343 0.0356464 0.999183 0.0190267 0.977595 0.785666 -0.0397852 0.61737 0.281509 
0.660503 -0.00937994 -0.750765 -73.5133 0.0305108 0.999431 0.0143559 0.970453 0.750203 -0.0323885 0.660414 0.544172 
0.7029 -0.0164145 -0.7111 -73.7949 0.0273218 0.999619 0.00393224 0.968386 0.710764 -0.0221924 0.70308 0.855733 
0.743573 -0.0188085 -0.66839 -74.0656 0.0217002 0.999757 -0.00399218 0.973935 0.668302 -0.0115356 0.7438 1.19142 
0.782149 -0.0218438 -0.622709 -74.3121 0.0221116 0.999729 -0.00729601 0.985851 0.6227 -0.0080625 0.782419 1.55124 
0.818083 -0.0224565 -0.574661 -74.5655 0.021649 0.999732 -0.00824806 0.980944 0.574692 -0.00569316 0.81835 1.94719 
0.85038 -0.0216866 -0.525721 -74.8059 0.0194302 0.999763 -0.00981206 0.975388 0.52581 -0.00187085 0.8506 2.36965 
0.877807 -0.0197285 -0.478609 -75.0321 0.0180946 0.999804 -0.00802564 0.967974 0.478674 -0.00161523 0.877991 2.80981 
0.900337 -0.0143496 -0.434958 -75.2455 0.0125619 0.999897 -0.00698508 0.960343 0.435013 0.000825094 0.900424 3.29015 
0.919544 -0.00848627 -0.392895 -75.4599 0.00594187 0.999953 -0.00769185 0.953883 0.392942 0.00473851 0.919551 3.78398 
0.934057 -0.00370275 -0.357106 -75.6406 0.00178559 0.999982 -0.00569823 0.941798 0.357121 0.00468487 0.934046 4.29675 
0.945076 -0.00282878 -0.326837 -75.8307 0.00180395 0.999993 -0.00343879 0.929262 0.326844 0.00266037 0.945074 4.8398 
0.95321 -0.00342481 -0.302288 -76.0049 0.00304112 0.999994 -0.00174005 0.918881 0.302292 0.000739385 0.953215 5.40341 
0.959502 -0.00396553 -0.281675 -76.1756 0.00437785 0.99999 0.000834386 0.901078 0.281669 -0.00203368 0.959509 5.97498 
0.964773 -0.000800159 -0.263082 -76.3453 0.00163163 0.999994 0.00294192 0.904506 0.263078 -0.00326749 0.964769 6.57066 
0.968808 0.00385083 -0.247782 -76.5193 -0.00290076 0.999987 0.0041991 0.902233 0.247795 -0.00334932 0.968807 7.18123 
0.972163 0.0063171 -0.234221 -76.6877 -0.0053268 0.999974 0.00486032 0.905284 0.234246 -0.00347732 0.972171 7.81506 
0.975391 0.00495205 -0.220426 -76.8505 -0.00397646 0.99998 0.00486925 0.89515 0.220445 -0.00387286 0.975392 8.45805 
0.978285 0.00500967 -0.207204 -76.9916 -0.00433602 0.999984 0.00370501 0.906953 0.207219 -0.00272607 0.978291 9.11848 
0.981087 0.00438737 -0.193519 -77.1151 -0.00385645 0.999988 0.00311996 0.925149 0.19353 -0.00231461 0.981092 9.78648 
0.983637 0.00378277 -0.180124 -77.239 -0.00314678 0.999988 0.00381623 0.910031 0.180136 -0.00318693 0.983637 10.5126 
0.986048 0.00518833 -0.166378 -77.396 -0.00511228 0.999987 0.000885096 0.90871 0.16638 -2.21311e-05 0.986062 11.1795 
0.987949 0.00529433 -0.154687 -77.5221 -0.00594479 0.999975 -0.00374295 0.888771 0.154663 0.00461748 0.987957 11.8971 
0.989405 0.00347064 -0.145141 -77.6458 -0.00497752 0.999937 -0.0100206 0.88105 0.145097 0.0106369 0.98936 12.6197 
0.990678 0.00204349 -0.136213 -77.7667 -0.00342271 0.999945 -0.00989228 0.868472 0.136185 0.0102663 0.99063 13.3709 
0.991565 0.00499704 -0.129517 -77.8829 -0.00552905 0.999978 -0.00374869 0.858366 0.129495 0.00443322 0.99157 14.1277 
0.992273 0.0107791 -0.123605 -78.0193 -0.0104441 0.99994 0.00335757 0.855817 0.123634 -0.00204063 0.992326 14.869 
0.992737 0.0115453 -0.119747 -78.1281 -0.0108297 0.999919 0.00662499 0.84511 0.119814 -0.00528002 0.992782 15.6406 
0.993115 0.00968973 -0.116743 -78.2235 -0.00898791 0.999938 0.00653627 0.820463 0.1168 -0.00544194 0.993141 16.4143 
0.99337 0.00801949 -0.114684 -78.3074 -0.00734565 0.999953 0.00629674 0.799425 0.114729 -0.00541252 0.993382 17.1759 
0.993613 0.00707853 -0.11262 -78.3971 -0.00609397 0.99994 0.00908379 0.782538 0.112678 -0.00833942 0.993597 17.9525 
0.993889 0.00504795 -0.110266 -78.4914 -0.00373314 0.99992 0.0121269 0.775226 0.110319 -0.0116411 0.993828 18.7343 
0.994372 0.00296655 -0.105902 -78.6058 -0.00155635 0.999909 0.0133958 0.769238 0.105932 -0.0131555 0.994286 19.5097 
0.994629 0.00371532 -0.103435 -78.7006 -0.00269796 0.999947 0.00997347 0.75804 0.103467 -0.0096408 0.994586 20.2813 
0.994802 0.00535398 -0.10169 -78.7942 -0.00507986 0.999983 0.00295398 0.750503 0.101704 -0.00242201 0.994812 21.0321 
0.994927 0.00652373 -0.10039 -78.883 -0.007073 0.999962 -0.00511678 0.745371 0.100353 0.00580093 0.994935 21.7846 
0.995094 0.00586656 -0.0987632 -78.9747 -0.00677281 0.999938 -0.00884364 0.722446 0.0987051 0.0094692 0.995072 22.5322 
0.995238 0.00647716 -0.0972563 -79.0585 -0.00719235 0.99995 -0.00700523 0.700974 0.097206 0.00767142 0.995235 23.2811 
0.995445 0.00929791 -0.0948885 -79.1511 -0.00964578 0.999948 -0.00320855 0.68532 0.0948537 0.00410925 0.995483 24.0387 
0.99553 0.0131526 -0.0935292 -79.2352 -0.012934 0.999912 0.00294309 0.656082 0.0935597 -0.00172018 0.995612 24.791 
0.995789 0.0106013 -0.0910645 -79.3176 -0.0102704 0.999939 0.00410115 0.652584 0.0911024 -0.00314856 0.995837 25.5403 
0.995863 0.00674603 -0.0906163 -79.3908 -0.00639782 0.999971 0.00413223 0.63784 0.0906415 -0.00353534 0.995877 26.29 
0.995984 0.00497905 -0.0893917 -79.4703 -0.00465692 0.999982 0.00381128 0.628484 0.089409 -0.00337964 0.995989 27.04 
0.995965 0.00482005 -0.0896186 -79.5386 -0.0045539 0.999985 0.00317353 0.60305 0.0896325 -0.00275257 0.995971 27.7887 
0.996142 0.00411401 -0.0876636 -79.6331 -0.0040071 0.999991 0.00139512 0.599878 0.0876685 -0.00103842 0.996149 28.5452 
0.996138 0.00302547 -0.0877482 -79.7066 -0.00295127 0.999995 0.000974914 0.592093 0.0877506 -0.000712137 0.996142 29.3004 
0.996108 0.0062158 -0.0879187 -79.7877 -0.00603244 0.999979 0.00235067 0.576248 0.0879314 -0.00181111 0.996125 30.0676 
0.99611 0.00625204 -0.0878917 -79.8721 -0.00613578 0.99998 0.00159244 0.564828 0.0878999 -0.00104692 0.996129 30.8328 
0.996025 0.00628596 -0.0888554 -79.9634 -0.00622823 0.99998 0.000926555 0.560094 0.0888594 -0.000369416 0.996044 31.5983 
0.995922 0.00267886 -0.0901778 -80.053 -0.00255501 0.999996 0.00148833 0.550869 0.0901813 -0.00125181 0.995925 32.3715 
0.995618 0.00445352 -0.093404 -80.1498 -0.00437318 0.99999 0.00106434 0.542451 0.0934077 -0.000651159 0.995628 33.1589 
0.995333 0.00840113 -0.0961374 -80.2532 -0.00835915 0.999965 0.000838931 0.533361 0.096141 -3.13439e-05 0.995368 33.9514 
0.995091 0.00714385 -0.0987054 -80.3523 -0.00753234 0.999965 -0.00356418 0.510526 0.0986764 0.00429021 0.99511 34.7299 
0.994681 0.00724789 -0.102746 -80.4289 -0.00798664 0.999945 -0.00678092 0.490156 0.102691 0.0075655 0.994685 35.5516 
0.994469 0.00608019 -0.104853 -80.5298 -0.00704141 0.999937 -0.00879991 0.480876 0.104793 0.0094896 0.994449 36.3752 
0.994268 0.00617287 -0.106736 -80.6434 -0.00706161 0.999943 -0.00795095 0.467183 0.106681 0.00865915 0.994256 37.199 
0.99406 0.00504276 -0.108713 -80.7604 -0.00581861 0.99996 -0.00682101 0.446713 0.108675 0.00741311 0.99405 38.0174 
0.993844 0.005764 -0.110643 -80.8702 -0.00629735 0.99997 -0.004472 0.42309 0.110614 0.00514127 0.99385 38.8428 
0.993741 0.0057251 -0.111562 -80.9862 -0.00591912 0.999982 -0.00140839 0.413534 0.111552 0.00205996 0.993757 39.668 
0.993664 0.00589167 -0.112242 -81.1014 -0.00554845 0.999979 0.00336964 0.401028 0.112259 -0.00272547 0.993675 40.5033 
0.993686 0.00591693 -0.112045 -81.2074 -0.00528541 0.999968 0.00593213 0.382477 0.112077 -0.00530242 0.993685 41.3563 
0.993888 0.0080131 -0.110104 -81.3203 -0.00749053 0.999959 0.00515852 0.376341 0.110141 -0.00430221 0.993907 42.1905 
0.994047 0.00808652 -0.108649 -81.4294 -0.00768219 0.999962 0.00413914 0.364667 0.108678 -0.00327979 0.994072 43.0469 
0.994268 0.00630604 -0.106729 -81.5433 -0.00620068 0.99998 0.00131868 0.364497 0.106735 -0.000649283 0.994287 43.9166 
0.994536 0.0033399 -0.104341 -81.6492 -0.00337768 0.999994 -0.000185853 0.349702 0.10434 0.000537311 0.994542 44.7771 
0.99467 0.0020648 -0.103092 -81.7488 -0.00216368 0.999997 -0.000847737 0.340014 0.10309 0.00106632 0.994672 45.6483 
0.994731 -0.000688352 -0.102516 -81.853 0.000911754 0.999997 0.00213195 0.322956 0.102515 -0.00221414 0.994729 46.519 
0.994841 -0.00322127 -0.101399 -81.9599 0.0037299 0.999981 0.0048265 0.309755 0.101382 -0.00517976 0.994834 47.3662 
0.994902 -0.00255661 -0.100813 -82.0565 0.00309859 0.999982 0.00521948 0.292213 0.100797 -0.00550521 0.994892 48.2263 
0.995009 -0.000599644 -0.0997807 -82.1684 0.000700319 0.999999 0.00097354 0.29354 0.09978 -0.00103852 0.995009 49.0927 
0.995149 0.00139655 -0.0983661 -82.2931 -0.00189822 0.999986 -0.00500705 0.275508 0.0983576 0.00516953 0.995138 49.947 
0.99531 0.00267012 -0.0967054 -82.4067 -0.00361596 0.999947 -0.00960704 0.246612 0.0966746 0.00991171 0.995267 50.7614 
0.995393 0.0075442 -0.0955835 -82.5209 -0.00905745 0.99984 -0.0154082 0.222824 0.0954519 0.016203 0.995302 51.5896 
0.995527 0.00856894 -0.0940853 -82.6294 -0.010235 0.999799 -0.0172406 0.209755 0.0939186 0.0181265 0.995415 52.4364 
0.995533 0.00500857 -0.0942826 -82.7192 -0.006061 0.999922 -0.0108798 0.182108 0.0942207 0.0114027 0.995486 53.2981 
0.995492 0.00418482 -0.0947506 -82.8195 -0.00448093 0.999986 -0.00291311 0.167461 0.094737 0.0033246 0.995497 54.1441 
0.995381 0.00329495 -0.0959482 -82.9175 -0.00297478 0.99999 0.00347941 0.15934 0.0959586 -0.00317787 0.99538 54.9925 
0.995126 0.00132093 -0.0986069 -83.0144 -0.00121469 0.999999 0.00113694 0.149536 0.0986082 -0.00101158 0.995126 55.8373 
0.99486 -0.00421099 -0.101175 -83.1012 0.00393615 0.999988 -0.00291633 0.136367 0.101186 0.00250314 0.994864 56.671 
0.994585 -0.0064724 -0.103725 -83.2031 0.00607849 0.999973 -0.00411364 0.113507 0.103749 0.00346091 0.994598 57.4959 
0.994341 -0.00330213 -0.106189 -83.3095 0.00267309 0.999978 -0.00606593 0.0864194 0.106207 0.00574779 0.994328 58.3003 
0.993975 -0.0025528 -0.109581 -83.4183 0.00159157 0.99996 -0.00885878 0.0517017 0.1096 0.00863104 0.993938 59.1229 
0.993526 -0.001748 -0.113588 -83.5334 0.000318105 0.999921 -0.0126057 0.0317361 0.113601 0.012488 0.993448 59.9371 
0.993138 0.0009267 -0.116947 -83.6497 -0.00283455 0.999866 -0.0161489 0.00202112 0.116916 0.0163696 0.993007 60.7214 
0.992795 0.00477256 -0.119732 -83.7793 -0.00683391 0.999835 -0.0168121 -0.0222066 0.119632 0.0175092 0.992664 61.5217 
0.992347 0.0108259 -0.123006 -83.9073 -0.0128366 0.999796 -0.0155659 -0.0348631 0.122813 0.0170258 0.992284 62.3112 
0.991709 0.0148632 -0.12764 -84.0156 -0.0162632 0.999818 -0.00993381 -0.0687317 0.127469 0.0119273 0.991771 63.1005 
0.991329 0.0171038 -0.130284 -84.1784 -0.0178503 0.99983 -0.00456467 -0.0873873 0.130184 0.00685075 0.991466 63.8082 
0.99081 0.0174659 -0.13413 -84.31 -0.0178145 0.99984 -0.0013993 -0.0970175 0.134084 0.00377594 0.990963 64.6109 
0.989861 0.0174393 -0.140968 -84.4387 -0.017696 0.999843 -0.000567871 -0.119616 0.140936 0.00305674 0.990014 65.392 
0.989102 0.0176279 -0.146174 -84.5748 -0.0174417 0.999845 0.00255506 -0.126476 0.146196 2.23493e-05 0.989256 66.1721 
0.988083 0.0158941 -0.153102 -84.707 -0.0158846 0.999873 0.00128493 -0.126405 0.153103 0.00116239 0.98821 66.934 
0.987191 0.0206326 -0.158204 -84.867 -0.0209034 0.999782 -4.77129e-05 -0.143272 0.158168 0.00335414 0.987407 67.6827 
0.986038 0.0231417 -0.164904 -85.0132 -0.0240929 0.999703 -0.00377054 -0.159815 0.164767 0.00769096 0.986302 68.4431 
0.98518 0.0213482 -0.170188 -85.1692 -0.0227365 0.999722 -0.0062128 -0.177821 0.170008 0.00999027 0.985392 69.2029 
0.984357 0.0223224 -0.174764 -85.3247 -0.0237891 0.999697 -0.00630227 -0.21225 0.174571 0.0103612 0.98459 69.9585 
0.98351 0.025444 -0.179058 -85.4977 -0.0263173 0.999651 -0.00250372 -0.207076 0.178931 0.0071748 0.983835 70.6754 
0.982348 0.0253171 -0.185343 -85.6619 -0.0255162 0.999674 0.0013112 -0.220036 0.185316 0.00344123 0.982673 71.4274 
0.981125 0.0262899 -0.191579 -85.8253 -0.0262401 0.999652 0.00279707 -0.229373 0.191586 0.00228283 0.981473 72.1702 
0.979964 0.0263608 -0.197422 -86.0168 -0.0271662 0.99963 -0.00137244 -0.239231 0.197313 0.0067082 0.980318 72.9212 
0.978376 0.0242314 -0.205411 -86.1947 -0.0265148 0.999613 -0.00837065 -0.254225 0.205129 0.0136361 0.97864 73.6499 
0.976564 0.0209836 -0.214202 -86.3788 -0.0237572 0.999664 -0.0103823 -0.272246 0.213912 0.0152279 0.976734 74.3938 
0.974128 0.0218221 -0.224943 -86.5771 -0.0241353 0.99968 -0.00753856 -0.287572 0.224706 0.0127726 0.974343 75.1213 
0.971574 0.0217611 -0.235734 -86.7806 -0.0228177 0.999738 -0.00175495 -0.300161 0.235634 0.00708402 0.971816 75.8553 
0.968584 0.0239556 -0.247531 -86.9947 -0.0230691 0.999713 0.00648144 -0.319827 0.247615 -0.000567444 0.968858 76.5968 
0.965666 0.0242966 -0.258648 -87.2084 -0.0226885 0.9997 0.00920071 -0.329043 0.258794 -0.00301641 0.965928 77.3121 
0.962393 0.0276712 -0.270248 -87.4358 -0.0274417 0.999613 0.00462837 -0.339675 0.270271 0.00296178 0.96278 78.0205 
0.95898 0.0277108 -0.282116 -87.6709 -0.0300574 0.99954 -0.00399297 -0.352448 0.281876 0.0123089 0.959372 78.7165 
0.955184 0.0250586 -0.294951 -87.8962 -0.0291875 0.999528 -0.00960363 -0.356323 0.294571 0.0177822 0.955464 79.4416 
0.951578 0.0244954 -0.306431 -88.1548 -0.0271363 0.999622 -0.00436045 -0.372949 0.306209 0.0124648 0.951883 80.1486 
0.94767 0.0231936 -0.318408 -88.4069 -0.0233994 0.999721 0.00317893 -0.394312 0.318393 0.00443802 0.947949 80.8542 
0.943503 0.0247547 -0.330437 -88.6714 -0.0231497 0.999693 0.00879218 -0.406305 0.330553 -0.0006459 0.943787 81.5663 
0.938915 0.0213152 -0.343488 -88.9445 -0.0203826 0.999772 0.00632583 -0.414573 0.343544 0.00106179 0.939136 82.2641 
0.934903 0.0204017 -0.354317 -89.235 -0.0212009 0.999774 0.00162645 -0.415282 0.35427 0.00599129 0.935124 82.9511 
0.93126 0.0161398 -0.363997 -89.5146 -0.0197715 0.999785 -0.00625313 -0.419266 0.363818 0.0130201 0.931379 83.6542 
0.928735 0.0116819 -0.370561 -89.8191 -0.0176537 0.999763 -0.0127279 -0.423654 0.370325 0.0183627 0.928721 84.3375 
0.925165 0.0112267 -0.379399 -90.1002 -0.0181118 0.99973 -0.014583 -0.441592 0.379132 0.0203633 0.925118 85.0633 
0.921849 0.0160953 -0.387216 -90.4164 -0.0237922 0.999603 -0.0150921 -0.458653 0.386819 0.0231255 0.921865 85.7498 
0.918553 0.0166364 -0.394947 -90.7363 -0.0237983 0.999629 -0.0132418 -0.476774 0.39458 0.0215624 0.918609 86.4328 
0.915104 0.0176313 -0.402832 -91.0594 -0.0222636 0.999729 -0.0068194 -0.488946 0.402603 0.015209 0.915248 87.1209 
0.912102 0.0183883 -0.40955 -91.3911 -0.0196914 0.999806 0.00103563 -0.505785 0.409489 0.00712005 0.912287 87.8035 
0.90892 0.0283398 -0.416007 -91.7344 -0.0273461 0.999591 0.00834785 -0.527173 0.416074 0.00378869 0.909323 88.5057 
0.906185 0.0342775 -0.42149 -92.0803 -0.0354797 0.999358 0.00499255 -0.537533 0.421391 0.0104302 0.906819 89.1548 
0.903488 0.0301644 -0.42755 -92.4137 -0.0344553 0.999404 -0.00230068 -0.557274 0.427225 0.01681 0.903989 89.8088 
0.90177 0.0222906 -0.431641 -92.7582 -0.0289735 0.99954 -0.00891269 -0.57832 0.431244 0.0205434 0.902001 90.4837 
0.900275 0.0236823 -0.434678 -93.126 -0.0310644 0.999469 -0.00988521 -0.586199 0.434212 0.0224025 0.900532 91.1617 
0.897861 0.029188 -0.43931 -93.4872 -0.0345559 0.999394 -0.00422502 -0.613937 0.43892 0.0189743 0.898326 91.8431 
0.895318 0.0316658 -0.444301 -93.8702 -0.0355561 0.999368 -0.000423593 -0.621925 0.444007 0.0161769 0.895877 92.5348 
0.893417 0.0276614 -0.448377 -94.2456 -0.03237 0.999472 -0.00283932 -0.6323 0.448061 0.0170507 0.89384 93.2077 
0.890909 0.0253619 -0.453474 -94.608 -0.0332705 0.999402 -0.00946978 -0.650291 0.452962 0.0235241 0.891219 93.8792 
0.888483 0.0232525 -0.458321 -94.98 -0.0340053 0.999306 -0.0152224 -0.672938 0.457648 0.0291102 0.888657 94.5525 
0.886211 0.0243643 -0.462642 -95.3716 -0.0359582 0.999221 -0.0162572 -0.700317 0.461885 0.0310431 0.886396 95.2275 
0.883816 0.0271218 -0.467047 -95.7471 -0.0371962 0.999232 -0.0123619 -0.720269 0.466353 0.0282981 0.884146 95.912 
0.880996 0.0282239 -0.472282 -96.1072 -0.0369116 0.999277 -0.00913752 -0.763595 0.471682 0.0254828 0.8814 96.5832 
0.877866 0.0282629 -0.478072 -96.4764 -0.0371662 0.999267 -0.00917174 -0.772707 0.477463 0.0258197 0.878273 97.261 
0.875434 0.0256313 -0.482659 -96.8599 -0.0346931 0.999349 -0.00985566 -0.798215 0.482092 0.0253729 0.875753 97.9167 
0.872914 0.0247708 -0.487244 -97.2413 -0.0343469 0.999352 -0.0107281 -0.821798 0.486663 0.0261001 0.8732 98.5825 
0.870018 0.0236057 -0.492455 -97.6131 -0.0331761 0.999392 -0.0107066 -0.833354 0.491903 0.0256527 0.870272 99.2385 
0.866949 0.025361 -0.497751 -98.0034 -0.0349515 0.999339 -0.00995861 -0.85409 0.49717 0.0260308 0.867263 99.9074 
0.863896 0.0259013 -0.503004 -98.3914 -0.0361325 0.999291 -0.0106 -0.872294 0.502373 0.0273322 0.864219 100.576 
0.861231 0.023054 -0.507691 -98.7798 -0.0357384 0.999245 -0.0152504 -0.893994 0.506956 0.0312782 0.861404 101.205 
0.859082 0.0184524 -0.511506 -99.1729 -0.0336482 0.999224 -0.0204661 -0.910194 0.510731 0.0347933 0.859036 101.836 
0.856908 0.0167755 -0.515197 -99.5666 -0.0336252 0.999161 -0.0233936 -0.933229 0.514372 0.0373698 0.856753 102.464 
0.853913 0.0187197 -0.520079 -99.9498 -0.0345761 0.999186 -0.0208055 -0.947587 0.519266 0.0357485 0.853865 103.123 
0.852806 0.0244961 -0.521652 -100.367 -0.0356641 0.999299 -0.0113785 -0.973324 0.521008 0.0283079 0.853082 103.705 
0.853109 0.02601 -0.521084 -100.804 -0.0326171 0.999462 -0.00351178 -0.973094 0.520712 0.0199922 0.853498 104.279 
0.850182 0.0253655 -0.525878 -101.163 -0.0296417 0.999561 0.000291984 -0.982652 0.525654 0.0153397 0.85056 104.894 
0.848055 0.0244573 -0.529344 -101.538 -0.0276858 0.999615 0.00183015 -1.01513 0.529185 0.0131033 0.848405 105.491 
0.846059 0.0210071 -0.532675 -101.909 -0.0270639 0.999627 -0.00356398 -1.01289 0.532401 0.0174316 0.846313 106.056 
0.844462 0.0195737 -0.535258 -102.275 -0.0271627 0.999611 -0.00629929 -1.03098 0.534926 0.0198586 0.844665 106.601 
0.843224 0.0184394 -0.537247 -102.645 -0.0273566 0.999589 -0.00862918 -1.03467 0.536867 0.0219736 0.843381 107.146 
0.84127 0.0176858 -0.540325 -102.986 -0.0273341 0.999578 -0.00984044 -1.03773 0.539923 0.0230478 0.841399 107.674 
0.840051 0.0194847 -0.542157 -103.324 -0.0294988 0.999517 -0.00978546 -1.0413 0.541704 0.0242133 0.84022 108.162 
0.839349 0.0195258 -0.543243 -103.671 -0.0290887 0.999536 -0.00901775 -1.05234 0.542815 0.0233713 0.839527 108.639 
0.837131 0.018128 -0.546703 -103.966 -0.0280587 0.999558 -0.00982034 -1.0449 0.546283 0.0235607 0.837269 109.113 
0.836857 0.0179573 -0.547126 -104.299 -0.0277623 0.999568 -0.00965691 -1.06185 0.546717 0.023271 0.836994 109.53 
0.835848 0.0175104 -0.548682 -104.593 -0.0276318 0.999566 -0.010194 -1.08944 0.548266 0.0236818 0.835969 109.954 
0.834471 0.016957 -0.550791 -104.88 -0.0289538 0.999495 -0.0130952 -1.10796 0.55029 0.026875 0.834541 110.356 
0.832009 0.0131634 -0.554606 -105.141 -0.0281788 0.999431 -0.0185522 -1.11144 0.554046 0.0310637 0.831907 110.77 
0.830055 0.00946172 -0.557602 -105.412 -0.0258505 0.999434 -0.0215226 -1.10644 0.557082 0.0322792 0.82983 111.138 
0.827382 0.00460908 -0.561621 -105.674 -0.0194146 0.999603 -0.0203982 -1.12308 0.561304 0.0277808 0.827143 111.51 
0.823714 0.00531123 -0.566981 -105.927 -0.0201449 0.999599 -0.0199028 -1.11929 0.566648 0.0278161 0.82349 111.852 
0.82023 0.00913032 -0.571961 -106.174 -0.0227227 0.999604 -0.0166291 -1.14874 0.571582 0.0266363 0.820113 112.158 
0.816716 0.0143695 -0.576861 -106.422 -0.0270612 0.999544 -0.0134146 -1.13967 0.576405 0.0265665 0.816732 112.46 
0.813283 0.0189162 -0.581561 -106.672 -0.0288394 0.999554 -0.00781847 -1.13332 0.581153 0.0231306 0.813465 112.739 
0.808406 0.0199149 -0.588288 -106.892 -0.0275738 0.999612 -0.00405184 -1.14278 0.587979 0.0194969 0.808641 113.023 
0.802822 0.0175761 -0.59596 -107.081 -0.0236849 0.999717 -0.00242235 -1.15221 0.595748 0.01606 0.803011 113.27 
0.7955 0.0141536 -0.605788 -107.286 -0.0200234 0.999795 -0.00293482 -1.14187 0.605622 0.0144646 0.795621 113.511 
0.785333 0.0116895 -0.618963 -107.443 -0.016735 0.999857 -0.00235034 -1.14328 0.618847 0.0122042 0.785416 113.733 
0.774954 0.0126004 -0.631892 -107.631 -0.0169944 0.999855 -0.000904225 -1.1579 0.631789 0.0114394 0.775056 113.94 
0.762782 0.0142956 -0.646498 -107.821 -0.0195772 0.999808 -0.000990421 -1.15984 0.64636 0.0134121 0.762915 114.117 
0.747967 0.0103633 -0.663655 -108.002 -0.0189301 0.999804 -0.0057226 -1.13364 0.663466 0.0168434 0.748017 114.299 
0.733397 0.00834852 -0.67975 -108.203 -0.0209733 0.999727 -0.0103502 -1.14228 0.679478 0.0218475 0.733371 114.452 
0.717718 0.00453546 -0.696319 -108.36 -0.0206291 0.999678 -0.0147517 -1.1471 0.696028 0.024952 0.717581 114.599 
0.701623 0.00331183 -0.712541 -108.533 -0.0255673 0.999462 -0.0205301 -1.13134 0.71209 0.0326222 0.70133 114.741 
0.686591 0.00667172 -0.727014 -108.739 -0.0340002 0.999159 -0.0229406 -1.12524 0.726249 0.0404695 0.68624 114.862 
0.668139 0.00801568 -0.743994 -108.914 -0.0366362 0.999083 -0.0221369 -1.12973 0.743134 0.0420477 0.66782 114.994 
0.649215 0.00757738 -0.760567 -109.086 -0.0354479 0.999165 -0.0203036 -1.13335 0.759778 0.040142 0.648942 115.124 
0.628788 0.00647348 -0.77755 -109.278 -0.0332876 0.999273 -0.0185996 -1.12948 0.776864 0.037578 0.628546 115.249 
0.605759 0.00690602 -0.795618 -109.457 -0.0320465 0.999363 -0.0157247 -1.13151 0.795002 0.0350222 0.605594 115.367 
0.580671 0.0113493 -0.814059 -109.646 -0.0370814 0.999234 -0.0125194 -1.13011 0.813293 0.0374561 0.580647 115.478 
0.555254 0.0122135 -0.831591 -109.848 -0.0396262 0.999145 -0.0117841 -1.09293 0.830736 0.039496 0.555263 115.581 
0.531137 0.0165808 -0.847124 -110.076 -0.0428395 0.999055 -0.0073054 -1.10741 0.846202 0.0401706 0.531346 115.65 
0.503824 0.0207654 -0.863557 -110.269 -0.0457428 0.99895 -0.0026666 -1.12786 0.862595 0.0408451 0.504244 115.744 
0.477289 0.0256747 -0.878371 -110.473 -0.0507566 0.99871 0.00161208 -1.13365 0.877279 0.0438137 0.477976 115.807 
0.449387 0.0278968 -0.892901 -110.681 -0.0535443 0.998556 0.0042495 -1.13609 0.891731 0.0459001 0.450232 115.869 
0.418634 0.028132 -0.907719 -110.89 -0.0530765 0.99857 0.00646913 -1.15281 0.906603 0.0454704 0.419528 115.943 
0.387765 0.0238493 -0.92145 -111.122 -0.0535628 0.998559 0.00330471 -1.13568 0.920201 0.048074 0.388484 115.988 
0.352413 0.0195725 -0.93564 -111.369 -0.0546086 0.998508 0.000319061 -1.13395 0.93425 0.0509816 0.352956 116.045 
0.312611 0.0168199 -0.949733 -111.62 -0.0530714 0.998591 0.000216387 -1.12789 0.948398 0.050336 0.313063 116.095 
0.270513 0.015835 -0.962586 -111.893 -0.0536597 0.998558 0.00134689 -1.12475 0.96122 0.0512877 0.270973 116.139 
0.226179 0.013462 -0.973993 -112.195 -0.0550851 0.998481 0.00100876 -1.11478 0.972527 0.0534244 0.226577 116.175 
0.178692 0.00820263 -0.983871 -112.521 -0.0553293 0.998467 -0.00172466 -1.07962 0.982348 0.0547451 0.178872 116.187 
0.130123 0.00732188 -0.991471 -112.836 -0.0543334 0.998523 0.000243136 -1.08182 0.990008 0.0538384 0.130328 116.184 
0.0791135 0.0036347 -0.996859 -113.202 -0.0566484 0.998394 -0.00085548 -1.04011 0.995255 0.0565382 0.0791924 116.174 
0.0295431 0.00350789 -0.999557 -113.536 -0.0558871 0.998435 0.00185215 -1.01487 0.998 0.0558076 0.0296929 116.104 
-0.0251483 0.00476482 -0.999672 -113.924 -0.0521534 0.998621 0.00607181 -0.99051 0.998322 0.052289 -0.0248651 116.075 
-0.0785739 0.00597532 -0.99689 -114.297 -0.049703 0.998715 0.0099038 -0.982661 0.995669 0.0503266 -0.0781759 115.994 
-0.130798 0.00897552 -0.991368 -114.669 -0.0453981 0.998856 0.015033 -0.987119 0.990369 0.0469726 -0.130241 115.88 
-0.184226 0.0120336 -0.98281 -115.06 -0.0415279 0.998937 0.0200154 -0.995399 0.982006 0.0445014 -0.18353 115.769 
-0.235679 0.00917088 -0.971788 -115.482 -0.0437594 0.998841 0.0200388 -0.937379 0.970845 0.0472476 -0.235005 115.635 
-0.284484 0.0115265 -0.958611 -115.891 -0.0399332 0.998917 0.023862 -0.93129 0.957849 0.0450688 -0.283716 115.461 
-0.332504 0.0157164 -0.942971 -116.328 -0.0331376 0.999049 0.0283358 -0.955415 0.94252 0.0406696 -0.331667 115.265 
-0.378967 0.0155722 -0.925279 -116.752 -0.0287655 0.999177 0.0285974 -0.923772 0.924963 0.0374537 -0.378207 115.053 
-0.422322 0.0160492 -0.906304 -117.173 -0.0242357 0.999286 0.0289892 -0.895769 0.906122 0.0342077 -0.421631 114.808 
-0.46427 0.0176855 -0.885517 -117.629 -0.0206409 0.999313 0.0307801 -0.883944 0.885453 0.0325682 -0.463586 114.541 
-0.501567 0.0186244 -0.864918 -118.06 -0.0177767 0.999335 0.0318276 -0.867375 0.864936 0.0313391 -0.500902 114.231 
