1 2.12261e-08 -2.11895e-08 0 2.12261e-08 1 2.10703e-08 0 -2.11895e-08 2.10703e-08 1 0 
0.999998 -0.000759939 0.00179744 -0.00713201 0.000762336 0.999999 -0.00130965 -0.00447366 -0.00179649 0.00131106 0.999998 0.451872 
0.999992 0.000242247 0.00390105 -0.0190594 -0.000233392 0.999997 -0.00225931 -0.0113663 -0.00390163 0.00225843 0.99999 0.915665 
0.999984 0.000575985 0.00558167 -0.0291644 -0.000559849 0.999996 -0.00288428 -0.0209698 -0.00558335 0.00288115 0.99998 1.40097 
0.999977 0.00152049 0.00662683 -0.0329887 -0.00150083 0.999995 -0.00296421 -0.0287801 -0.00663135 0.00295424 0.999974 1.88102 
0.999965 9.76661e-05 0.00832921 -0.03882 -7.58333e-05 0.999997 -0.00261639 -0.0396161 -0.00832948 0.00261571 0.999962 2.37671 
0.999951 -0.000522872 0.0098924 -0.039629 0.000542538 0.999998 -0.00198113 -0.0437018 -0.00989138 0.00198644 0.999949 2.88585 
0.999932 0.00057112 0.0116815 -0.0465128 -0.00055886 0.999999 -0.00104909 -0.0475338 -0.0116821 0.00104253 0.999931 3.39727 
0.999925 0.000478377 0.0122178 -0.0474571 -0.000485912 1 0.000617335 -0.0580736 -0.0122175 -0.000623184 0.999925 3.90981 
0.999912 0.00174669 0.0131274 -0.0537739 -0.00175065 0.999998 0.000293616 -0.0643254 -0.0131269 -0.00031653 0.999914 4.42668 
0.99988 0.00422456 0.0149401 -0.0638478 -0.00421807 0.999991 -0.000463189 -0.0672842 -0.0149419 0.000400156 0.999888 4.94169 
0.999872 0.00325442 0.0156518 -0.0622167 -0.00323694 0.999994 -0.00113901 -0.0731616 -0.0156555 0.00108824 0.999877 5.467 
0.99985 0.00547894 0.0164573 -0.062386 -0.00544692 0.999983 -0.0019877 -0.0806185 -0.0164679 0.0018978 0.999863 5.98573 
0.999809 0.0077198 0.0179838 -0.0693746 -0.00767971 0.999968 -0.00229493 -0.0905905 -0.018001 0.00215642 0.999836 6.50978 
0.999775 0.00896774 0.0192056 -0.0739098 -0.00892225 0.999957 -0.00245071 -0.0994298 -0.0192268 0.00227885 0.999813 7.03428 
0.999743 0.0107275 0.0199981 -0.073451 -0.0106679 0.999938 -0.0030823 -0.109633 -0.02003 0.00286822 0.999795 7.57549 
0.999695 0.0123009 0.0214072 -0.0768847 -0.0122256 0.999919 -0.00364121 -0.119336 -0.0214503 0.00337842 0.999764 8.10906 
0.999595 0.0154625 0.0238967 -0.0707416 -0.0153736 0.999874 -0.00389704 -0.129605 -0.023954 0.00352812 0.999707 8.66132 
0.999466 0.0161216 0.0284326 -0.0689022 -0.016027 0.999865 -0.00354943 -0.142817 -0.0284861 0.00309188 0.999589 9.2174 
0.999354 0.0159163 0.032218 -0.0510488 -0.0157706 0.999864 -0.00477158 -0.144698 -0.0322896 0.00426044 0.99947 9.7665 
0.999165 0.0162075 0.0375094 -0.0409171 -0.0160281 0.999859 -0.00507889 -0.156233 -0.0375864 0.00447348 0.999283 10.3397 
0.998913 0.0169483 0.0434157 -0.0233358 -0.0167284 0.999845 -0.00542266 -0.154315 -0.0435009 0.00469053 0.999042 10.9279 
0.998652 0.0168832 0.0490754 0.0109047 -0.016666 0.999849 -0.00483068 -0.168006 -0.0491496 0.00400631 0.998783 11.5376 
0.998384 0.0174791 0.0540748 0.0712432 -0.017225 0.999838 -0.00516123 -0.188882 -0.0541563 0.00422149 0.998524 12.107 
0.998031 0.0162383 0.060577 0.100432 -0.0158922 0.999855 -0.0061912 -0.203989 -0.0606687 0.00521636 0.998144 12.725 
0.997667 0.0150906 0.0665761 0.141201 -0.0146724 0.99987 -0.00676566 -0.217413 -0.0666695 0.00577309 0.997758 13.3459 
0.99723 0.0186548 0.0720072 0.210315 -0.0180255 0.999794 -0.00937848 -0.221866 -0.0721673 0.00805457 0.99736 13.9967 
0.996751 0.0227812 0.0772569 0.256849 -0.021876 0.999682 -0.0125432 -0.239685 -0.0775181 0.0108124 0.996932 14.6327 
0.99629 0.0203591 0.083615 0.302354 -0.0193473 0.99973 -0.0128935 -0.244311 -0.0838549 0.011228 0.996415 15.2946 
0.995939 0.0132907 0.0890421 0.348543 -0.0123683 0.999864 -0.0109029 -0.247898 -0.089175 0.00975733 0.995968 15.9625 
0.995539 0.00813851 0.0939971 0.406197 -0.00744093 0.999942 -0.00776898 -0.246234 -0.094055 0.00703494 0.995542 16.6437 
0.995144 0.010527 0.0978701 0.464521 -0.0100691 0.999936 -0.00517127 -0.238929 -0.0979183 0.00416074 0.995186 17.3357 
0.994893 0.00920712 0.100513 0.508942 -0.00866633 0.999946 -0.00581519 -0.243285 -0.100561 0.00491445 0.994919 18.0498 
0.994896 0.00627535 0.100713 0.571216 -0.0054876 0.999952 -0.00809643 -0.247662 -0.100759 0.00750246 0.994883 18.7853 
0.995119 -0.000499653 0.0986838 0.643014 0.00150367 0.999948 -0.0100995 -0.258836 -0.0986736 0.0101986 0.995068 19.5429 
0.995535 -0.00258832 0.0943531 0.687509 0.00364585 0.999932 -0.0110371 -0.267146 -0.0943182 0.0113319 0.995478 20.2915 
0.996127 0.000240118 0.0879302 0.71491 0.000737181 0.999938 -0.0110813 -0.2799 -0.0879275 0.0111033 0.996065 21.0673 
0.996832 0.00113461 0.0795301 0.741222 -0.000378531 0.999955 -0.0095207 -0.298524 -0.0795373 0.00946047 0.996787 21.8532 
0.99747 0.000313289 0.0710932 0.757857 0.000216634 0.999972 -0.00744546 -0.308107 -0.0710936 0.00744206 0.997442 22.6647 
0.99809 0.000215577 0.0617719 0.791447 9.89612e-05 0.999987 -0.00508812 -0.328111 -0.0617723 0.00508456 0.998077 23.4829 
0.998513 0.000312507 0.0545223 0.80692 -0.00021082 0.999998 -0.00187001 -0.35767 -0.0545228 0.00185577 0.998511 24.3256 
0.99884 0.00207129 0.0481068 0.821224 -0.00201732 0.999997 -0.00116965 -0.369648 -0.0481091 0.00107129 0.998842 25.1632 
0.99909 0.00337401 0.0425244 0.835786 -0.0033488 0.999994 -0.000662977 -0.385516 -0.0425264 0.000520009 0.999095 25.9857 
0.999308 0.00549337 0.0367911 0.844518 -0.00547833 0.999985 -0.000508361 -0.402424 -0.0367933 0.000306497 0.999323 26.7923 
0.999453 0.00692316 0.032331 0.840336 -0.0069008 0.999976 -0.000802042 -0.410342 -0.0323358 0.000578535 0.999477 27.6111 
0.999593 0.00805604 0.0273811 0.845305 -0.00802913 0.999967 -0.00109083 -0.443061 -0.027389 0.000870584 0.999625 28.4417 
0.999667 0.00918034 0.0241164 0.837624 -0.0091789 0.999958 -0.000168481 -0.45971 -0.024117 -5.28954e-05 0.999709 29.2674 
0.999688 0.0130677 0.0213019 0.825808 -0.0130771 0.999914 0.00030326 -0.473635 -0.0212961 -0.00058169 0.999773 30.1031 
0.999704 0.0158575 0.0184778 0.815419 -0.0158852 0.999873 0.00135427 -0.493276 -0.018454 -0.00164735 0.999828 30.927 
0.999715 0.0174055 0.0163217 0.812897 -0.0174439 0.999845 0.0022176 -0.519607 -0.0162806 -0.00250164 0.999864 31.7373 
0.999673 0.0198808 0.0161004 0.80813 -0.0199058 0.999801 0.00139749 -0.529149 -0.0160694 -0.00171748 0.999869 32.5483 
0.999689 0.0201705 0.0146552 0.815975 -0.0201657 0.999797 -0.000474192 -0.538302 -0.0146618 0.000178554 0.999893 33.3527 
0.999633 0.0232438 0.0139077 0.80668 -0.0232438 0.99973 -0.000162468 -0.563591 -0.0139078 -0.000160818 0.999903 34.1504 
0.999609 0.024491 0.0134927 0.795057 -0.0244859 0.9997 -0.00053909 -0.5642 -0.0135019 0.00020854 0.999909 34.9496 
0.999551 0.0269282 0.0131329 0.784416 -0.0269292 0.999637 -9.93081e-05 -0.586499 -0.0131308 -0.000254353 0.999914 35.7395 
0.999513 0.0284166 0.0128662 0.770903 -0.0284109 0.999596 -0.000615952 -0.599805 -0.0128785 0.000250154 0.999917 36.5048 
0.999518 0.0287219 0.0117574 0.767559 -0.0287159 0.999587 -0.000677838 -0.615293 -0.011772 0.000339929 0.999931 37.2581 
0.999434 0.0313613 0.012206 0.755077 -0.031364 0.999508 3.50018e-05 -0.636404 -0.0121989 -0.00041777 0.999926 38.0014 
0.999327 0.0345367 0.0123451 0.749763 -0.0345399 0.999403 5.37848e-05 -0.64973 -0.0123359 -0.000480106 0.999924 38.7176 
0.999144 0.0389144 0.014041 0.733697 -0.0389198 0.999242 0.000117327 -0.662169 -0.0140258 -0.000663658 0.999901 39.4188 
0.999018 0.0410332 0.0167141 0.714725 -0.0410052 0.999157 -0.00201557 -0.674942 -0.0167827 0.00132827 0.999858 40.1019 
0.998799 0.0441047 0.0213615 0.695333 -0.0440655 0.999026 -0.00230158 -0.706778 -0.0214422 0.00135756 0.999769 40.7897 
0.998722 0.0435628 0.0256346 0.720362 -0.0435153 0.99905 -0.00240824 -0.714522 -0.0257152 0.0012897 0.999669 41.4725 
0.998527 0.0444948 0.0310352 0.724848 -0.0444401 0.999009 -0.00244754 -0.738785 -0.0311134 0.00106477 0.999515 42.1381 
0.998423 0.0437589 0.0351617 0.765 -0.0437214 0.999042 -0.0018342 -0.759649 -0.0352083 0.000294033 0.99938 42.7901 
0.998236 0.0423422 0.04162 0.794747 -0.0423022 0.999103 -0.00183983 -0.772985 -0.0416606 7.60036e-05 0.999132 43.4369 
0.997842 0.0424507 0.0501035 0.819276 -0.0423474 0.999098 -0.00312081 -0.77395 -0.0501908 0.000992362 0.998739 44.0625 
0.997202 0.0432474 0.0609807 0.820791 -0.0431252 0.999064 -0.00331877 -0.788612 -0.0610672 0.00067972 0.998133 44.6302 
0.996337 0.0433258 0.0737322 0.847267 -0.0431382 0.999061 -0.00413476 -0.793369 -0.0738421 0.000938977 0.99727 45.228 
0.995477 0.0420521 0.0851884 0.913019 -0.0417188 0.999113 -0.00568937 -0.788921 -0.0853521 0.00210972 0.996349 45.8128 
0.994436 0.040406 0.0972872 1.00211 -0.0399278 0.999179 -0.00685741 -0.804419 -0.0974844 0.00293483 0.995233 46.4141 
0.992853 0.0402897 0.112337 1.05552 -0.0397506 0.999185 -0.0070356 -0.819885 -0.112529 0.00251991 0.993645 46.9651 
0.990804 0.0407124 0.129035 1.12263 -0.040148 0.999169 -0.0069732 -0.833922 -0.129212 0.00172861 0.991616 47.523 
0.988331 0.043075 0.146104 1.20095 -0.0423197 0.99907 -0.00827505 -0.843132 -0.146324 0.00199546 0.989235 48.0579 
0.984859 0.0420234 0.16819 1.26819 -0.0408936 0.999112 -0.0101767 -0.849239 -0.168468 0.00314474 0.985702 48.5866 
0.980401 0.0464298 0.191462 1.36911 -0.0449414 0.998916 -0.0121112 -0.860835 -0.191817 0.00326928 0.981425 49.1017 
0.975059 0.0449907 0.217336 1.47577 -0.0427369 0.998973 -0.0150612 -0.879504 -0.217791 0.0053973 0.975981 49.6117 
0.968939 0.0442168 0.243316 1.61431 -0.0410295 0.998993 -0.0181537 -0.899803 -0.243874 0.00760675 0.969777 50.0767 
0.961367 0.0434413 0.271822 1.74575 -0.039021 0.999004 -0.0216484 -0.914869 -0.272492 0.0102053 0.962104 50.5397 
0.952473 0.0418912 0.301729 1.90442 -0.0364777 0.999057 -0.0235564 -0.930601 -0.302432 0.0114305 0.953103 50.9921 
0.942014 0.0442774 0.332639 2.06556 -0.0373956 0.998934 -0.0270653 -0.942067 -0.333482 0.0130567 0.942666 51.4296 
0.930229 0.044885 0.364223 2.22338 -0.0376467 0.998928 -0.0269525 -0.971674 -0.365043 0.0113602 0.930922 51.8261 
0.916989 0.0435929 0.396524 2.3908 -0.0363603 0.999007 -0.0257427 -0.994752 -0.397253 0.00918807 0.917663 52.2061 
0.901967 0.0425515 0.429703 2.58102 -0.0352127 0.999067 -0.0250196 -1.02322 -0.430366 0.00743588 0.902624 52.567 
0.884342 0.0427814 0.464874 2.77461 -0.0340089 0.99905 -0.0272443 -1.03139 -0.465598 0.0082834 0.884957 52.9268 
0.864371 0.0419087 0.501105 2.97185 -0.0324417 0.999093 -0.027597 -1.07121 -0.501807 0.00759737 0.864946 53.275 
0.843237 0.0410863 0.535969 3.19332 -0.0296714 0.999112 -0.0299079 -1.0853 -0.536722 0.00931655 0.843708 53.5852 
0.819279 0.0407986 0.571942 3.42401 -0.0271453 0.999107 -0.0323853 -1.09979 -0.572752 0.0110071 0.819655 53.8922 
0.793924 0.0370569 0.606887 3.66431 -0.0222015 0.999242 -0.0319705 -1.13694 -0.607612 0.0119084 0.794145 54.1711 
0.765627 0.0330802 0.642434 3.92051 -0.0181407 0.99939 -0.0298411 -1.16381 -0.643029 0.011193 0.76576 54.4439 
0.735104 0.0287699 0.677344 4.18998 -0.0146238 0.99954 -0.0265841 -1.17807 -0.677797 0.0096368 0.735186 54.7233 
0.702689 0.0247537 0.711067 4.45582 -0.0118647 0.999663 -0.0230753 -1.19558 -0.711398 0.00777822 0.702746 54.9585 
0.666846 0.0218288 0.744876 4.7486 -0.0130954 0.99976 -0.0175747 -1.23193 -0.745081 0.00196519 0.666972 55.2022 
0.628507 0.0175469 0.777606 5.04402 -0.00987121 0.999845 -0.0145833 -1.24954 -0.777741 0.00148978 0.628583 55.4223 
0.588969 0.0138208 0.808037 5.34339 -0.008035 0.999905 -0.0112458 -1.27963 -0.808116 0.000130874 0.589024 55.6126 
0.546021 0.0116479 0.83769 5.65642 -0.00467213 0.99993 -0.0108583 -1.29829 -0.837758 0.0020151 0.546038 55.786 
0.501399 0.0123129 0.865129 5.98576 -0.00298937 0.999917 -0.0124987 -1.32265 -0.865211 0.00368065 0.501394 55.9422 
0.453287 0.0140373 0.891254 6.33351 -0.00441936 0.999899 -0.0135007 -1.34358 -0.891354 0.00218093 0.453303 56.1132 
0.403468 0.0173911 0.914828 6.6967 -0.00646484 0.999849 -0.0161561 -1.35191 -0.914971 0.000604256 0.40352 56.2566 
0.352427 0.0193905 0.935638 7.07579 -0.0113597 0.9998 -0.0164413 -1.37312 -0.93577 -0.00483422 0.352577 56.3898 
0.30248 0.0201251 0.952943 7.46461 -0.0111637 0.999783 -0.0175707 -1.37906 -0.95309 -0.00532361 0.302639 56.4847 
0.254239 0.0197555 0.96694 7.88274 -0.00909574 0.999796 -0.0180352 -1.39075 -0.967099 -0.00420979 0.254367 56.5653 
0.208966 0.0195206 0.977728 8.31187 -0.00723711 0.999804 -0.0184146 -1.3977 -0.977896 -0.00322789 0.209067 56.6296 
0.166878 0.0165716 0.985838 8.76172 -0.00595154 0.999858 -0.0157998 -1.41587 -0.98596 -0.00323062 0.166953 56.6967 
0.128075 0.0139606 0.991666 9.2348 -0.0052551 0.999896 -0.0133977 -1.43313 -0.991751 -0.00349539 0.128136 56.7396 
0.0908072 0.0126205 0.995789 9.72483 -0.00596193 0.999909 -0.012129 -1.44474 -0.995851 -0.00483541 0.0908742 56.7882 
0.0580257 0.0118608 0.998245 10.2413 -0.00347433 0.999926 -0.0116788 -1.45606 -0.998309 -0.00279057 0.0580626 56.8145 
0.0281507 0.0108139 0.999545 10.7825 -0.00234922 0.999939 -0.0107519 -1.46825 -0.999601 -0.00204548 0.0281744 56.8235 
0.0016446 0.0136509 0.999906 11.3378 -0.00328033 0.999902 -0.0136454 -1.47932 -0.999993 -0.00325758 0.00168921 56.8219 
-0.0208558 0.0159603 0.999655 11.908 -0.00658345 0.999849 -0.0161007 -1.49195 -0.999761 -0.00691697 -0.0207476 56.8131 
-0.0403299 0.0170803 0.99904 12.4994 -0.0061094 0.999831 -0.0173404 -1.50341 -0.999168 -0.00680288 -0.0402188 56.7911 
-0.0578694 0.0179334 0.998163 13.1072 -0.00162299 0.999836 -0.0180575 -1.51907 -0.998323 -0.00266499 -0.0578308 56.7576 
-0.0736444 0.0181238 0.99712 13.7166 0.00104217 0.999836 -0.0180962 -1.52773 -0.997284 -0.000293519 -0.0736512 56.7084 
-0.0888651 0.0177065 0.995886 14.3662 0.00126606 0.999843 -0.0176638 -1.53484 -0.996043 -0.000308851 -0.0888736 56.6608 
-0.102972 0.019697 0.994489 15.0258 0.00247135 0.999806 -0.0195464 -1.54712 -0.994681 0.000444994 -0.103001 56.5856 
-0.114992 0.0216434 0.993131 15.7138 0.00515544 0.999762 -0.021191 -1.56726 -0.993353 0.00268322 -0.115077 56.5056 
-0.124935 0.0250718 0.991848 16.414 0.0129164 0.999637 -0.0236416 -1.58167 -0.992081 0.00985746 -0.125214 56.4235 
-0.130672 0.0273441 0.991049 17.124 0.0205341 0.99948 -0.0248692 -1.60957 -0.991213 0.0171006 -0.131165 56.3295 
-0.133105 0.0279243 0.990708 17.8568 0.0249999 0.99938 -0.0248098 -1.62799 -0.990787 0.0214653 -0.133721 56.2341 
-0.132883 0.026613 0.990774 18.6087 0.0259258 0.999391 -0.0233673 -1.65153 -0.990793 0.0225815 -0.133492 56.1447 
-0.129321 0.0263638 0.991252 19.3855 0.0304617 0.99928 -0.0226032 -1.67774 -0.991135 0.0272721 -0.130031 56.0485 
-0.124551 0.0259871 0.991873 20.1704 0.0322985 0.999233 -0.0221241 -1.70261 -0.991687 0.0292805 -0.125295 55.9513 
-0.1194 0.0272906 0.992471 20.9617 0.0308464 0.999242 -0.0237657 -1.73147 -0.992367 0.0277765 -0.120151 55.8583 
-0.114913 0.0281176 0.992978 21.748 0.0308353 0.999219 -0.0247258 -1.76735 -0.992897 0.0277774 -0.11569 55.7722 
-0.110051 0.0278737 0.993535 22.5652 0.0352667 0.999087 -0.024123 -1.79617 -0.9933 0.0323839 -0.110933 55.682 
-0.106782 0.0261911 0.993938 23.3968 0.0415522 0.998897 -0.0218577 -1.8284 -0.993414 0.0389663 -0.107752 55.6254 
-0.102712 0.0224501 0.994458 24.211 0.0449646 0.998828 -0.0179046 -1.86067 -0.993694 0.0428764 -0.103601 55.545 
-0.09846 0.0194935 0.99495 25.0218 0.0478759 0.998743 -0.01483 -1.88708 -0.993989 0.046174 -0.0992695 55.4907 
-0.0925278 0.0171421 0.995563 25.8309 0.0486172 0.998737 -0.0126783 -1.90854 -0.994523 0.0472283 -0.0932443 55.4214 
-0.0876634 0.0159994 0.996022 26.63 0.0464806 0.998848 -0.0119539 -1.93268 -0.995065 0.0452477 -0.0883061 55.3574 
-0.083959 0.0156408 0.996346 27.4494 0.039942 0.999126 -0.0123186 -1.94365 -0.995668 0.0387618 -0.0845103 55.3135 
-0.0803437 0.0114809 0.996701 28.2577 0.0334911 0.9994 -0.00881227 -1.9744 -0.996204 0.0326726 -0.08068 55.2822 
-0.0764045 0.0101937 0.997025 29.076 0.0306374 0.9995 -0.0078711 -1.99756 -0.996606 0.0299449 -0.0766786 55.2466 
-0.0720994 0.0147892 0.997288 29.8819 0.031062 0.999438 -0.0125754 -2.01782 -0.996914 0.0300711 -0.0725183 55.204 
-0.0682683 0.022531 0.997413 30.6894 0.0324526 0.999266 -0.0203516 -2.04323 -0.997139 0.0309793 -0.0689494 55.1559 
-0.0665176 0.0285477 0.997377 31.5027 0.0303543 0.999186 -0.026575 -2.06926 -0.997323 0.028507 -0.06733 55.1304 
-0.0652899 0.0275546 0.997486 32.3271 0.0287366 0.999256 -0.0257225 -2.10093 -0.997453 0.0269849 -0.0660332 55.0992 
-0.0644594 0.0238134 0.997636 33.1434 0.0314681 0.999267 -0.0218191 -2.13517 -0.997424 0.0299873 -0.0651614 55.065 
-0.0632138 0.0232828 0.997728 33.9636 0.0329572 0.999231 -0.0212297 -2.17721 -0.997456 0.0315403 -0.0639325 55.0268 
-0.063855 0.0258639 0.997624 34.7899 0.0301311 0.999258 -0.0239777 -2.20641 -0.997504 0.0285284 -0.064587 54.9974 
-0.0634864 0.0274288 0.997606 35.6187 0.0234444 0.999387 -0.0259858 -2.24111 -0.997707 0.0217385 -0.0640905 54.9599 
-0.0648169 0.0269417 0.997533 36.4764 0.0221026 0.999429 -0.0255567 -2.26944 -0.997652 0.0203916 -0.0653754 54.9327 
-0.0648148 0.0261538 0.997555 37.3334 0.0225303 0.99944 -0.0247393 -2.30575 -0.997643 0.0208717 -0.0653678 54.8711 
-0.0663567 0.0295409 0.997359 38.2019 0.0224697 0.999352 -0.028105 -2.34546 -0.997543 0.0205454 -0.0669775 54.8292 
-0.0673294 0.034411 0.997137 39.0839 0.0229368 0.999194 -0.0329332 -2.37466 -0.997467 0.0206538 -0.0680644 54.7807 
-0.0680538 0.0371072 0.996991 39.9686 0.025216 0.999053 -0.0354627 -2.41557 -0.997363 0.0227267 -0.068925 54.7398 
-0.068479 0.0380855 0.996925 40.8392 0.0287815 0.998931 -0.036185 -2.45626 -0.997237 0.0262151 -0.069502 54.682 
-0.0684621 0.0393505 0.996877 41.7094 0.0291399 0.998874 -0.0374281 -2.50456 -0.997228 0.0264865 -0.0695317 54.6231 
-0.0699958 0.0391462 0.996779 42.6254 0.0288659 0.998891 -0.0372021 -2.54012 -0.99713 0.0261689 -0.0710481 54.5755 
-0.0697824 0.034583 0.996963 43.562 0.0271595 0.999094 -0.0327559 -2.5882 -0.997192 0.0247912 -0.0706585 54.5003 
-0.0711495 0.0341937 0.996879 44.5239 0.0252797 0.999153 -0.0324674 -2.61798 -0.997145 0.0228908 -0.0719536 54.4462 
-0.0729409 0.037002 0.99665 45.444 0.0261739 0.999038 -0.0351751 -2.67358 -0.996993 0.0235205 -0.0738392 54.4054 
-0.0745709 0.0407307 0.996384 46.3802 0.0276438 0.998866 -0.0387633 -2.71911 -0.996833 0.0246533 -0.0756123 54.372 
-0.0731372 0.041597 0.996454 47.3252 0.0307743 0.998748 -0.039434 -2.76636 -0.996847 0.0277811 -0.0743258 54.2922 
-0.0730751 0.0396018 0.99654 48.3125 0.0363676 0.998653 -0.0370189 -2.80829 -0.996663 0.0335366 -0.0744169 54.2192 
-0.0739381 0.0347002 0.996659 49.2782 0.0394334 0.998715 -0.0318464 -2.84574 -0.996483 0.0369469 -0.0752114 54.1646 
-0.073596 0.0322454 0.996767 50.2518 0.0414488 0.998712 -0.029248 -2.88282 -0.996426 0.0391623 -0.0748378 54.1084 
-0.0721191 0.0350384 0.99678 51.237 0.0404767 0.998662 -0.0321759 -2.91511 -0.996574 0.0380259 -0.0734409 54.057 
-0.0707993 0.0380121 0.996766 52.2215 0.0384968 0.998633 -0.0353489 -2.95823 -0.996747 0.0358696 -0.0721659 54.0004 
-0.070385 0.0401911 0.99671 53.2014 0.0322771 0.998757 -0.0379943 -3.00899 -0.996998 0.0294966 -0.0715947 53.9519 
-0.0721312 0.039522 0.996612 54.2089 0.0284197 0.99889 -0.0375554 -3.06879 -0.99699 0.0256145 -0.0731744 53.9185 
-0.0729388 0.0348331 0.996728 55.1967 0.0296388 0.999024 -0.0327444 -3.12015 -0.996896 0.0271535 -0.0739 53.8812 
-0.0745865 0.0288962 0.996796 56.2343 0.0263358 0.999289 -0.0269978 -3.1749 -0.996867 0.0242378 -0.0752945 53.8329 
-0.0764365 0.0290242 0.996652 57.2581 0.0283774 0.999235 -0.026923 -3.22423 -0.996671 0.0262245 -0.0772016 53.7955 
-0.0765658 0.0320642 0.996549 58.267 0.0322268 0.99904 -0.0296683 -3.27617 -0.996544 0.029844 -0.0775256 53.7326 
-0.0768466 0.0343312 0.996452 59.3068 0.0347168 0.998893 -0.0317379 -3.32563 -0.996438 0.0321546 -0.0779534 53.6577 
-0.0798936 0.0316981 0.996299 60.3548 0.0353926 0.998954 -0.0289444 -3.36436 -0.996175 0.0329491 -0.080932 53.5942 
-0.0829033 0.0260819 0.996216 61.4546 0.036962 0.99905 -0.0230801 -3.41954 -0.995872 0.0349087 -0.0837885 53.5459 
-0.0873588 0.0233844 0.995902 62.5265 0.0384014 0.99906 -0.02009 -3.46679 -0.995437 0.0364891 -0.0881747 53.4879 
-0.0903117 0.0239796 0.995625 63.6124 0.0411749 0.998945 -0.0203246 -3.50476 -0.995062 0.0391592 -0.0912038 53.3939 
-0.0935401 0.0233796 0.995341 64.6681 0.0453204 0.998788 -0.0192014 -3.53543 -0.994584 0.0433132 -0.0944863 53.2953 
-0.0970963 0.0227023 0.995016 65.7579 0.0490224 0.998635 -0.0180011 -3.56935 -0.994067 0.0470302 -0.0980767 53.2185 
-0.0990213 0.0231496 0.994816 66.8126 0.0531143 0.998427 -0.0179467 -3.6107 -0.993667 0.0510619 -0.100095 53.1141 
-0.101834 0.025609 0.994472 67.8831 0.0566097 0.998198 -0.0199081 -3.66761 -0.993189 0.0542694 -0.1031 53.0209 
-0.104457 0.0307264 0.994055 68.9022 0.0586383 0.997974 -0.0246856 -3.69585 -0.992799 0.0557111 -0.106047 52.968 
-0.103808 0.0341955 0.994009 69.9442 0.0640513 0.997564 -0.0276286 -3.73708 -0.992533 0.0607995 -0.105746 52.8362 
-0.104141 0.0336365 0.993994 71.0074 0.062164 0.997694 -0.0272487 -3.78855 -0.992618 0.0589529 -0.105992 52.7563 
-0.100956 0.0304949 0.994423 72.087 0.0628586 0.997729 -0.0242147 -3.84887 -0.992903 0.0600634 -0.102643 52.6553 
-0.0959723 0.0275731 0.995002 73.1641 0.0664845 0.997562 -0.0212313 -3.8838 -0.993161 0.0641146 -0.0975715 52.5692 
-0.0918234 0.0250804 0.995459 74.2579 0.0667009 0.997592 -0.0189815 -3.91458 -0.993539 0.0646551 -0.0932752 52.5197 
-0.0882641 0.0223039 0.995847 75.3898 0.066176 0.997672 -0.0164794 -3.96354 -0.993897 0.0644466 -0.0895346 52.4786 
-0.0818374 0.021376 0.996416 76.4564 0.0663768 0.997667 -0.0159512 -3.99915 -0.994433 0.0648335 -0.0830653 52.3735 
-0.0784156 0.0255491 0.996593 77.5133 0.0671594 0.997536 -0.0202889 -4.03893 -0.994656 0.0653396 -0.0799382 52.3085 
-0.0774503 0.030082 0.996542 78.5756 0.0656681 0.997528 -0.0250081 -4.09686 -0.994831 0.0635041 -0.0792343 52.2617 
-0.075138 0.0300217 0.996721 79.6373 0.0669608 0.997443 -0.0249955 -4.13394 -0.994922 0.0648631 -0.0769561 52.1738 
-0.073805 0.0282535 0.996872 80.6898 0.0671258 0.997472 -0.0233008 -4.18268 -0.995011 0.0651961 -0.075515 52.1136 
-0.071318 0.0323186 0.99693 81.7682 0.0709275 0.997109 -0.0272504 -4.21119 -0.994929 0.0687663 -0.0734041 52.0477 
-0.0686893 0.0381201 0.99691 82.8074 0.0720358 0.996851 -0.0331544 -4.2602 -0.995034 0.0695358 -0.071219 51.9855 
-0.065726 0.041562 0.996972 83.8273 0.0713305 0.996772 -0.0368512 -4.30882 -0.995285 0.0686924 -0.0684785 51.9072 
-0.0630458 0.0414152 0.997151 84.9027 0.0743756 0.996555 -0.0366879 -4.361 -0.995235 0.0718507 -0.0659089 51.8567 
-0.0596748 0.0380474 0.997493 85.9753 0.0720146 0.996834 -0.0337139 -4.42184 -0.995617 0.0698222 -0.0622258 51.8205 
-0.0541518 0.0344482 0.997938 87.037 0.0722859 0.996918 -0.0304904 -4.47116 -0.995913 0.0704857 -0.056475 51.7582 
-0.0486815 0.0317326 0.99831 88.128 0.0711195 0.997068 -0.028225 -4.52896 -0.996279 0.0696253 -0.0507956 51.7083 
-0.0461236 0.0353639 0.99831 89.1958 0.067152 0.997222 -0.0322228 -4.59623 -0.996676 0.0655523 -0.0483702 51.6839 
-0.044244 0.0443602 0.998035 90.2911 0.0632376 0.997135 -0.0415167 -4.66269 -0.997017 0.0612765 -0.0469225 51.6544 
-0.0438064 0.052834 0.997642 91.3801 0.0566632 0.997125 -0.0503185 -4.71966 -0.997432 0.0543253 -0.0466742 51.6469 
-0.0431378 0.0521558 0.997707 92.4604 0.0559353 0.997196 -0.0497106 -4.78812 -0.997502 0.0536626 -0.0459342 51.6244 
-0.0439803 0.0454481 0.997998 93.4926 0.0557111 0.997522 -0.0429713 -4.87157 -0.997478 0.0537097 -0.0464032 51.6311 
-0.0449852 0.0396484 0.998201 94.5925 0.056207 0.99773 -0.0370966 -4.93193 -0.997405 0.054437 -0.0471116 51.5821 
-0.0474014 0.0338336 0.998303 95.7068 0.0562668 0.99793 -0.0311493 -4.99046 -0.99729 0.0546948 -0.049207 51.5545 
-0.0491017 0.029872 0.998347 96.7881 0.0565487 0.998033 -0.0270813 -5.02271 -0.997192 0.0551255 -0.0506943 51.5117 
-0.0509413 0.030045 0.99825 97.8736 0.0571608 0.997997 -0.0271204 -5.08227 -0.997065 0.0556792 -0.0525567 51.4649 
-0.0537504 0.0303942 0.998092 98.926 0.0569548 0.998003 -0.0273243 -5.13339 -0.996929 0.0553774 -0.0553741 51.4394 
-0.0542956 0.0291865 0.998098 100.005 0.0582664 0.997962 -0.0260128 -5.1768 -0.996824 0.0567432 -0.0558855 51.3765 
-0.0559041 0.0318092 0.997929 101.099 0.0587169 0.997867 -0.0285179 -5.22505 -0.996708 0.0570011 -0.0576526 51.3448 
-0.0563715 0.0398526 0.997614 102.161 0.0591865 0.997579 -0.0365068 -5.28633 -0.996654 0.0569874 -0.0585937 51.3033 
-0.0583237 0.0474789 0.997168 103.221 0.0555007 0.997478 -0.0442474 -5.35003 -0.996754 0.0527628 -0.0608117 51.2753 
-0.059276 0.0478779 0.997093 104.292 0.054048 0.997538 -0.0446862 -5.42019 -0.996777 0.051242 -0.0617177 51.2304 
-0.0620682 0.0415104 0.997208 105.348 0.0507306 0.997975 -0.0383846 -5.49519 -0.996782 0.0482065 -0.0640483 51.1924 
-0.0653908 0.0342708 0.997271 106.419 0.0460605 0.998448 -0.031291 -5.54607 -0.996796 0.0438887 -0.0668679 51.155 
-0.0677228 0.025585 0.997376 107.473 0.0433318 0.998803 -0.0226793 -5.61021 -0.996763 0.0416822 -0.0687504 51.1141 
-0.0696315 0.0192045 0.997388 108.516 0.0477928 0.998731 -0.0158937 -5.65496 -0.996427 0.0465612 -0.0704609 51.0547 
-0.072478 0.0187201 0.997194 109.53 0.0463785 0.998806 -0.0153794 -5.69953 -0.996291 0.0451337 -0.0732597 51.0079 
-0.0731153 0.0266239 0.996968 110.568 0.0516657 0.998403 -0.0228731 -5.74513 -0.995984 0.0498367 -0.074374 50.9437 
-0.0723447 0.0406486 0.996551 111.59 0.0615633 0.997446 -0.0362159 -5.80379 -0.995478 0.058731 -0.0746624 50.8639 
-0.0729825 0.0512552 0.996015 112.626 0.0668615 0.996683 -0.0463903 -5.87986 -0.99509 0.0632094 -0.0761675 50.7859 
-0.0732553 0.0479157 0.996162 113.657 0.066826 0.996836 -0.0430339 -5.93598 -0.995072 0.063417 -0.0762255 50.7267 
-0.0720875 0.0387558 0.996645 114.703 0.07034 0.996954 -0.0336801 -5.98344 -0.994915 0.0676761 -0.074594 50.6583 
-0.0722545 0.0286752 0.996974 115.73 0.070507 0.997233 -0.0235727 -6.03721 -0.994891 0.0685905 -0.0740763 50.6071 
-0.071696 0.0228106 0.997166 116.768 0.0684359 0.997495 -0.0178976 -6.09336 -0.995076 0.0669587 -0.0730775 50.5447 
-0.0716472 0.0175486 0.997276 117.781 0.0669356 0.997676 -0.0127468 -6.13277 -0.995182 0.0658399 -0.0726553 50.4978 
-0.0711957 0.0145964 0.997356 118.775 0.0633525 0.99794 -0.0100826 -6.16632 -0.995448 0.0624672 -0.0719738 50.4483 
-0.0711198 0.0164237 0.997333 119.783 0.0621484 0.997995 -0.0120028 -6.20771 -0.99553 0.061129 -0.0719979 50.3856 
-0.0695708 0.0227491 0.997318 120.804 0.0620755 0.997901 -0.0184321 -6.24452 -0.995644 0.0606266 -0.070837 50.3116 
-0.0694593 0.0294086 0.997151 121.794 0.0601312 0.997871 -0.0252412 -6.27873 -0.995771 0.0582067 -0.0710798 50.2594 
-0.0697267 0.0334157 0.997006 122.776 0.0615844 0.997677 -0.0291312 -6.3368 -0.995663 0.0593688 -0.0716226 50.2052 
-0.0704649 0.0392351 0.996742 123.737 0.0629815 0.997408 -0.0348088 -6.37895 -0.995524 0.0603235 -0.0727533 50.1621 
-0.0691125 0.0429446 0.996684 124.713 0.0645556 0.997172 -0.0384891 -6.43601 -0.995518 0.0616814 -0.0716893 50.103 
-0.0681509 0.0429666 0.996749 125.677 0.06614 0.997069 -0.0384581 -6.48514 -0.99548 0.0633041 -0.070793 50.035 
-0.0690969 0.0371015 0.99692 126.646 0.065074 0.997348 -0.0326071 -6.53332 -0.995485 0.0626205 -0.071328 49.9978 
-0.0687677 0.0263825 0.997284 127.604 0.0634199 0.997744 -0.0220215 -6.59271 -0.995615 0.0617332 -0.0702857 49.9392 
-0.0704943 0.0195179 0.997321 128.551 0.0572242 0.998241 -0.015491 -6.62524 -0.995869 0.0559789 -0.0714872 49.9038 
-0.0737779 0.0155465 0.997154 129.466 0.0539665 0.998476 -0.0115742 -6.67384 -0.995813 0.052959 -0.0745044 49.865 
-0.0754535 0.0188213 0.996972 130.355 0.0494592 0.998662 -0.0151099 -6.70697 -0.995922 0.0481693 -0.0762834 49.8148 
-0.0762799 0.02519 0.996768 131.231 0.0473732 0.998643 -0.021612 -6.75059 -0.99596 0.0455715 -0.0773698 49.7656 
-0.0761254 0.031238 0.996609 132.093 0.0489379 0.998422 -0.0275566 -6.79437 -0.995897 0.0466741 -0.0775339 49.7053 
-0.0746586 0.0367077 0.996533 132.943 0.0536559 0.998023 -0.0327427 -6.84041 -0.995765 0.0510254 -0.0764805 49.6532 
-0.0718217 0.0403608 0.996601 133.757 0.0563363 0.99775 -0.0363473 -6.87734 -0.995825 0.0535342 -0.0739339 49.6059 
-0.0672654 0.0411013 0.996888 134.542 0.0598269 0.997519 -0.0370905 -6.91079 -0.99594 0.0571459 -0.0695575 49.5653 
-0.0627028 0.0356857 0.997394 135.327 0.0610611 0.997626 -0.0318552 -6.96104 -0.996163 0.0589046 -0.0647329 49.5353 
-0.058898 0.0309695 0.997784 136.069 0.0648592 0.997526 -0.0271329 -7.0158 -0.996155 0.0631174 -0.0607609 49.5153 
-0.0552822 0.0306821 0.997999 136.792 0.0654818 0.997487 -0.027039 -7.06167 -0.996321 0.063856 -0.0571524 49.4956 
-0.0511966 0.0351305 0.998071 137.479 0.0648393 0.99739 -0.0317805 -7.10882 -0.996582 0.0630871 -0.0533408 49.4792 
-0.0469056 0.0387143 0.998149 138.15 0.0677561 0.997071 -0.0354884 -7.15467 -0.996599 0.0659661 -0.0493913 49.4692 
-0.0424498 0.0395206 0.998317 138.772 0.0702711 0.996861 -0.0364749 -7.19451 -0.996624 0.0686045 -0.0450937 49.4504 
-0.0382103 0.0401544 0.998463 139.387 0.0678595 0.99699 -0.0374982 -7.21458 -0.996963 0.0663224 -0.0408201 49.4405 
-0.0339375 0.0387055 0.998674 139.981 0.0637091 0.997301 -0.0364873 -7.257 -0.997391 0.0623863 -0.0363118 49.4336 
-0.0308063 0.0390863 0.998761 140.548 0.0592814 0.997548 -0.0372103 -7.29663 -0.997766 0.0580617 -0.0330478 49.4373 
-0.0272647 0.042012 0.998745 141.089 0.0577163 0.997516 -0.0403847 -7.33504 -0.997961 0.0565428 -0.0296217 49.4257 
-0.0260557 0.0465491 0.998576 141.627 0.057333 0.997341 -0.0449955 -7.35775 -0.998015 0.056079 -0.0286553 49.4283 
-0.0272741 0.0478603 0.998482 142.155 0.0531481 0.99751 -0.0463619 -7.3918 -0.998214 0.0518029 -0.0297498 49.4308 
-0.0290198 0.0458786 0.998525 142.674 0.0464317 0.99793 -0.0445018 -7.42272 -0.9985 0.0450718 -0.0310899 49.4263 
-0.0314691 0.041605 0.998638 143.198 0.0421337 0.9983 -0.0402632 -7.45264 -0.998616 0.0408093 -0.0331686 49.4318 
-0.0334488 0.0358819 0.998796 143.715 0.0410068 0.998563 -0.0345002 -7.48937 -0.998599 0.0398034 -0.0348722 49.4225 
-0.0352302 0.033241 0.998826 144.229 0.0450628 0.998483 -0.0316401 -7.51653 -0.998363 0.0438952 -0.0366747 49.3951 
-0.0375237 0.0352569 0.998674 144.735 0.046855 0.99834 -0.0334846 -7.54727 -0.998197 0.0455364 -0.0391134 49.377 
-0.041336 0.0386621 0.998397 145.237 0.045647 0.998281 -0.0367676 -7.57493 -0.998102 0.044054 -0.0430298 49.3775 
-0.0447727 0.041422 0.998138 145.745 0.0417635 0.998344 -0.0395572 -7.5702 -0.998124 0.0399146 -0.0464285 49.392 
-0.0467553 0.0438519 0.997943 146.244 0.0409904 0.998279 -0.0419461 -7.58702 -0.998065 0.0389448 -0.0484723 49.3801 
-0.0497333 0.0470855 0.997652 146.774 0.0417857 0.998112 -0.0450241 -7.57853 -0.997888 0.0394484 -0.0516069 49.3741 
-0.0525528 0.0447662 0.997614 147.269 0.0425054 0.99819 -0.0425528 -7.60831 -0.997713 0.0401677 -0.0543605 49.353 
-0.0547429 0.0399997 0.997699 147.763 0.0409259 0.998448 -0.0377841 -7.62134 -0.997661 0.0387634 -0.056295 49.3249 
-0.0577591 0.0381729 0.997601 148.265 0.0411729 0.99851 -0.0358238 -7.6295 -0.997481 0.039005 -0.0592447 49.3188 
-0.0600544 0.0365489 0.997526 148.774 0.0387624 0.998661 -0.0342568 -7.66943 -0.997442 0.0366092 -0.0613907 49.2846 
-0.0622399 0.0348274 0.997453 149.27 0.037409 0.99877 -0.032539 -7.70052 -0.99736 0.0352886 -0.0634662 49.2661 
-0.0632081 0.0337436 0.99743 149.762 0.0365904 0.998835 -0.0314723 -7.72405 -0.997329 0.0345071 -0.0643691 49.2421 
-0.0642653 0.0344234 0.997339 150.255 0.0360775 0.998832 -0.0321501 -7.73872 -0.997281 0.0339153 -0.0654322 49.2229 
-0.0628561 0.0361609 0.997367 150.735 0.0382676 0.998696 -0.0337973 -7.75762 -0.997289 0.0360424 -0.0641579 49.1959 
-0.05763 0.0385492 0.997594 151.214 0.0407128 0.998514 -0.0362328 -7.78746 -0.997508 0.0385267 -0.0591138 49.1666 
-0.051281 0.0409353 0.997845 151.688 0.0400229 0.998441 -0.0389028 -7.81115 -0.997882 0.0379416 -0.0528395 49.1682 
-0.0412612 0.0412527 0.998296 152.166 0.0375799 0.998504 -0.039708 -7.83048 -0.998441 0.0358775 -0.0427498 49.1639 
-0.0259002 0.040306 0.998852 152.647 0.0391084 0.998463 -0.0392762 -7.85366 -0.998899 0.0380462 -0.0274367 49.1659 
-0.00471188 0.0399756 0.99919 153.09 0.0437765 0.998251 -0.0397316 -7.89298 -0.99903 0.0435538 -0.00645363 49.2025 
0.0240376 0.0407023 0.998882 153.543 0.048462 0.997949 -0.0418304 -7.91225 -0.998536 0.0494133 0.0220158 49.2569 
0.060636 0.0402383 0.997349 153.976 0.0471381 0.997957 -0.0431286 -7.93734 -0.997046 0.0496282 0.0586154 49.2998 
0.100728 0.0402392 0.9941 154.401 0.0424708 0.998097 -0.0447044 -7.9695 -0.994007 0.0467232 0.0988272 49.3899 
0.142885 0.0439597 0.988763 154.823 0.0360021 0.998121 -0.0495784 -7.99006 -0.989084 0.0426816 0.141034 49.4865 
0.185077 0.0477914 0.981561 155.23 0.033588 0.997926 -0.0549212 -8.02197 -0.98215 0.0431333 0.183088 49.5991 
0.227034 0.0531357 0.972436 155.623 0.0323407 0.997548 -0.0620584 -8.03662 -0.97335 0.0455386 0.224759 49.7288 
0.270079 0.0549295 0.96127 156.034 0.0318308 0.997316 -0.0659324 -8.07146 -0.962312 0.048405 0.267606 49.8717 
0.31153 0.0565784 0.94855 156.423 0.0270229 0.997295 -0.0683608 -8.10393 -0.949852 0.0469291 0.309158 50.0387 
0.351715 0.0607961 0.934131 156.789 0.0168299 0.997317 -0.0712452 -8.12558 -0.935956 0.0407794 0.349748 50.2273 
0.391476 0.0658825 0.917827 157.151 0.0059948 0.99723 -0.074139 -8.15376 -0.920169 0.0345258 0.389996 50.4309 
0.430795 0.0714786 0.899615 157.497 -0.00101009 0.996896 -0.0787243 -8.19009 -0.902449 0.0330054 0.42953 50.6425 
0.469612 0.0757307 0.879619 157.848 -0.00481834 0.996519 -0.0832227 -8.22217 -0.88286 0.0348441 0.468342 50.8698 
0.507237 0.0768593 0.858373 158.18 -0.00778229 0.996383 -0.0846181 -8.25036 -0.861772 0.0362413 0.506 51.1117 
0.543471 0.076375 0.835947 158.542 -0.0123513 0.996472 -0.0830112 -8.2835 -0.839337 0.0347891 0.542497 51.3836 
0.576956 0.0775084 0.813089 158.875 -0.0196194 0.996515 -0.0810719 -8.32237 -0.81654 0.0308227 0.576466 51.6813 
0.607896 0.0804582 0.78993 159.2 -0.0275488 0.996391 -0.0802868 -8.37132 -0.793539 0.0270444 0.607919 52.0099 
0.637905 0.0847355 0.765439 159.549 -0.0353049 0.996101 -0.0808475 -8.40582 -0.769306 0.0245493 0.638409 52.3508 
0.665985 0.0856507 0.741032 159.838 -0.0375567 0.995977 -0.0813647 -8.46075 -0.745019 0.026357 0.666522 52.6592 
0.691185 0.0836883 0.717816 160.141 -0.034537 0.995963 -0.082861 -8.50491 -0.721852 0.0324811 0.691285 53.0137 
0.714516 0.0850735 0.694428 160.479 -0.0376564 0.995817 -0.0832505 -8.5441 -0.698605 0.0333341 0.71473 53.3982 
0.734746 0.0888214 0.672502 160.815 -0.0454771 0.99561 -0.0818098 -8.58825 -0.676816 0.029526 0.73556 53.8096 
0.75151 0.0901186 0.653538 161.139 -0.0532856 0.995681 -0.0760242 -8.6372 -0.657567 0.0223088 0.753066 54.228 
0.764945 0.0886654 0.637964 161.459 -0.0553061 0.995863 -0.0720926 -8.67528 -0.641717 0.0198636 0.766685 54.6558 
0.775681 0.0844775 0.625446 161.783 -0.0533735 0.996232 -0.0683645 -8.71604 -0.628865 0.0196468 0.777267 55.0973 
0.78577 0.0755753 0.613884 162.105 -0.0461986 0.996906 -0.0635949 -8.75959 -0.616791 0.0216104 0.78683 55.5374 
0.793351 0.0689617 0.604846 162.451 -0.0420587 0.997398 -0.058552 -8.80278 -0.60731 0.0210133 0.794187 56.0123 
0.800395 0.0664004 0.595785 162.805 -0.0413649 0.997595 -0.0556115 -8.84271 -0.598045 0.0198666 0.801217 56.4993 
0.807707 0.0622579 0.586288 163.149 -0.0385173 0.997857 -0.0528985 -8.89533 -0.588325 0.0201442 0.808374 57.006 
0.815448 0.0585915 0.575857 163.516 -0.0346192 0.99802 -0.0525222 -8.93368 -0.577794 0.0228935 0.815862 57.5485 
0.82251 0.0592704 0.565654 163.867 -0.0335922 0.997882 -0.055714 -8.97412 -0.567758 0.0268237 0.822758 58.0739 
0.82829 0.0629926 0.556747 164.221 -0.0350257 0.997538 -0.0607565 -9.01656 -0.559203 0.0308236 0.828457 58.6259 
0.83269 0.0680592 0.54954 164.573 -0.0382853 0.997119 -0.065479 -9.06273 -0.552414 0.0334844 0.832897 59.1982 
0.834493 0.0736662 0.546073 164.913 -0.042055 0.996647 -0.0701822 -9.10481 -0.549412 0.0356014 0.834793 59.7704 
0.834348 0.0786729 0.545595 165.288 -0.0473206 0.996332 -0.0713028 -9.15368 -0.549203 0.0336735 0.83501 60.365 
0.832543 0.0781163 0.548426 165.647 -0.0488153 0.996502 -0.0678344 -9.20118 -0.551806 0.0297035 0.833443 60.9634 
0.830005 0.0790924 0.552119 166.044 -0.0506968 0.996495 -0.0665373 -9.28266 -0.555447 0.0272357 0.831106 61.6029 
0.827096 0.0807111 0.556236 166.452 -0.0528736 0.99642 -0.0659622 -9.33863 -0.559568 0.0251469 0.828403 62.2376 
0.8235 0.0814637 0.561438 166.854 -0.054588 0.996423 -0.0645112 -9.39189 -0.564685 0.0224772 0.825001 62.8703 
0.820322 0.0795042 0.566348 167.272 -0.05188 0.996552 -0.0647512 -9.43534 -0.569543 0.0237347 0.821619 63.5015 
0.817515 0.0762728 0.570834 167.706 -0.0489989 0.996809 -0.0630165 -9.48979 -0.573819 0.0235467 0.818643 64.1314 
0.814135 0.075663 0.575725 168.167 -0.0486465 0.996876 -0.0622202 -9.56302 -0.578635 0.0226486 0.815272 64.7903 
0.81033 0.0780723 0.580749 168.607 -0.0495987 0.996666 -0.0647796 -9.61176 -0.583871 0.0236885 0.811501 65.462 
0.807332 0.0791177 0.58477 169.091 -0.0483038 0.996506 -0.0681363 -9.67774 -0.588117 0.026762 0.808333 66.1384 
0.804266 0.0810983 0.58871 169.564 -0.0477732 0.996262 -0.0719755 -9.74516 -0.592346 0.0297629 0.805134 66.8245 
0.801319 0.0809005 0.592742 170.046 -0.0476674 0.996298 -0.071539 -9.81201 -0.596335 0.0290712 0.802209 67.5162 
0.798534 0.0785875 0.596798 170.554 -0.0489148 0.996634 -0.0657891 -9.8718 -0.59996 0.0233426 0.79969 68.2278 
0.796335 0.0737756 0.60034 171.06 -0.0473895 0.997093 -0.0596714 -9.95444 -0.602997 0.0190686 0.797516 68.9273 
0.79464 0.072661 0.602717 171.565 -0.0429915 0.997054 -0.0635193 -10.028 -0.605557 0.0245632 0.795423 69.6202 
0.793212 0.0785535 0.603858 172.071 -0.0416203 0.996319 -0.074936 -10.0929 -0.607521 0.0343074 0.793562 70.302 
0.791689 0.0811024 0.605517 172.552 -0.0395304 0.995873 -0.0817018 -10.1668 -0.609644 0.0407461 0.791627 70.9827 
0.791231 0.0788985 0.606407 173.076 -0.0364659 0.995965 -0.0820029 -10.238 -0.61043 0.04277 0.790915 71.6535 
0.790212 0.0728506 0.608488 173.579 -0.0337382 0.996575 -0.0754997 -10.3274 -0.611904 0.0391316 0.789964 72.3524 
0.790095 0.0691447 0.609072 174.091 -0.0311961 0.996866 -0.0727009 -10.4082 -0.61219 0.03844 0.789776 73.0359 
0.790679 0.0642186 0.608853 174.608 -0.0264425 0.997138 -0.0708335 -10.4886 -0.611659 0.039907 0.790114 73.7222 
0.791602 0.0595904 0.608125 175.118 -0.0204547 0.99726 -0.0710957 -10.5565 -0.610695 0.0438405 0.790651 74.398 
0.792251 0.0574683 0.607483 175.6 -0.0175402 0.997289 -0.0714691 -10.6344 -0.609943 0.0459661 0.791111 75.0609 
0.793427 0.059641 0.605737 176.095 -0.017254 0.996992 -0.0755637 -10.7154 -0.608421 0.0495029 0.792069 75.7137 
0.794293 0.0588231 0.60468 176.589 -0.0131336 0.996732 -0.0797096 -10.7964 -0.607393 0.0553712 0.79247 76.3771 
0.795228 0.0554157 0.603773 177.084 -0.0108715 0.996958 -0.0771842 -10.8866 -0.606214 0.0548152 0.793411 77.0304 
0.794957 0.0540799 0.60425 177.59 -0.013328 0.997335 -0.0717261 -10.9596 -0.606519 0.0489658 0.79356 77.6966 
0.794045 0.0485806 0.605914 178.067 -0.012969 0.997928 -0.0630154 -11.0354 -0.60772 0.042179 0.79303 78.3729 
0.793904 0.0439712 0.606451 178.568 -0.0111186 0.998265 -0.0578244 -11.0897 -0.607942 0.0391642 0.793015 79.047 
0.793499 0.0418188 0.607133 179.041 -0.00867701 0.998312 -0.0574224 -11.1525 -0.608509 0.0402965 0.792523 79.681 
0.792239 0.0443232 0.608599 179.485 -0.010003 0.998168 -0.0596735 -11.2277 -0.610129 0.0411879 0.791231 80.297 
0.791764 0.0515061 0.608652 179.962 -0.0121603 0.99757 -0.0685988 -11.2907 -0.610707 0.0469127 0.790466 80.8951 
0.790123 0.0560456 0.610381 180.38 -0.0119458 0.99703 -0.0760842 -11.3567 -0.612833 0.0528244 0.788445 81.48 
0.787321 0.056494 0.61395 180.782 -0.00913542 0.996753 -0.0800032 -11.4094 -0.616476 0.0573795 0.78528 82.0658 
0.785051 0.0534542 0.61712 181.208 -0.00716361 0.996986 -0.0772447 -11.4727 -0.61939 0.0562203 0.783068 82.6018 
0.782937 0.0466574 0.620349 181.637 -0.00332127 0.997483 -0.0708304 -11.5324 -0.622092 0.0533954 0.781121 83.1287 
0.780652 0.0384269 0.623784 182.019 0.00347905 0.997825 -0.0658229 -11.5801 -0.624956 0.053555 0.778821 83.6484 
0.778904 0.0302483 0.626413 182.416 0.011708 0.997961 -0.0627476 -11.6433 -0.627034 0.0562084 0.776961 84.1381 
0.776973 0.0250809 0.629034 182.806 0.016975 0.998008 -0.0607598 -11.6916 -0.629305 0.0578866 0.775 84.6126 
