1 -4.23778e-08 4.22719e-08 0 -4.23778e-08 1 -4.19404e-08 0 4.22719e-08 -4.19404e-08 1 0 
0.99999 -0.00276206 -0.00353141 -0.00495132 0.00275478 0.999994 -0.00204158 -0.00558902 0.00353712 0.00203174 0.999992 0.678656 
0.999969 -0.00143077 -0.00769789 -0.0206107 0.00140231 0.999992 -0.00368952 -0.00757568 0.00770319 0.00367852 0.999963 1.37599 
0.99993 -0.00150365 -0.011705 -0.0398953 0.00144244 0.999985 -0.00522902 -0.0109802 0.0117128 0.00521169 0.999918 2.09191 
0.99986 -0.000173154 -0.0167151 -0.0625316 7.53284e-05 0.999983 -0.00584791 -0.0172188 0.016716 0.00584574 0.999843 2.82319 
0.999772 -0.00126215 -0.0212995 -0.0857139 0.00113298 0.999981 -0.00607162 -0.0263417 0.0213068 0.00604602 0.999755 3.56937 
0.999663 0.000435071 -0.0259493 -0.117947 -0.000626147 0.999973 -0.00735253 -0.034685 0.0259455 0.00736622 0.999636 4.33223 
0.999514 0.0031197 -0.031005 -0.155061 -0.00336993 0.999962 -0.00801914 -0.0433974 0.0309788 0.00811964 0.999487 5.1093 
0.999363 0.00336616 -0.0355385 -0.19323 -0.00359863 0.999972 -0.00647715 -0.0511546 0.0355158 0.00660083 0.999347 5.90175 
0.999185 0.00245046 -0.0402796 -0.232879 -0.00260572 0.999989 -0.00380055 -0.0597853 0.0402699 0.00390233 0.999181 6.70766 
0.99903 0.00209353 -0.0439759 -0.275706 -0.00214912 0.999997 -0.00121511 -0.0686489 0.0439733 0.00130836 0.999032 7.5222 
0.998892 0.00350861 -0.0469317 -0.325229 -0.00359653 0.999992 -0.00178731 -0.0782019 0.0469251 0.00195403 0.998896 8.34582 
0.998772 0.00295702 -0.0494519 -0.374389 -0.00306161 0.999993 -0.00203766 -0.0849029 0.0494456 0.00218647 0.998774 9.17482 
0.998679 -7.1416e-05 -0.0513728 -0.420656 -6.4497e-05 0.999996 -0.00264235 -0.0908904 0.0513729 0.00264209 0.998676 10.0111 
0.998562 -0.000163787 -0.0536101 -0.473722 6.10559e-05 0.999998 -0.00191635 -0.0983574 0.0536104 0.00191024 0.99856 10.8549 
0.998479 -0.00161822 -0.0551095 -0.5292 0.00149986 0.999996 -0.0021875 -0.108469 0.0551129 0.00210143 0.998478 11.708 
0.998374 0.00070791 -0.0569935 -0.59114 -0.000971627 0.999989 -0.00459813 -0.118608 0.0569897 0.00464594 0.998364 12.5685 
0.998289 0.00118088 -0.0584576 -0.655051 -0.00160896 0.999972 -0.00727494 -0.128502 0.0584474 0.00735646 0.998263 13.4373 
0.998172 0.00516245 -0.0602128 -0.724671 -0.00571335 0.999943 -0.00897929 -0.14021 0.0601631 0.00930681 0.998145 14.3128 
0.99811 0.00612699 -0.0611496 -0.792818 -0.00666547 0.999941 -0.00860453 -0.154899 0.0610933 0.00899577 0.998091 15.1964 
0.998026 0.00530344 -0.0625829 -0.859058 -0.00575746 0.999958 -0.00707539 -0.17039 0.0625428 0.00742166 0.998015 16.0881 
0.997931 0.00590416 -0.0640141 -0.927941 -0.00627124 0.999965 -0.00553372 -0.184969 0.0639793 0.00592363 0.997934 16.9883 
0.99787 0.00548468 -0.0649978 -0.99722 -0.00585032 0.999968 -0.00543508 -0.198883 0.064966 0.00580368 0.997871 17.8936 
0.997758 0.00531594 -0.0667198 -1.06837 -0.00575218 0.999963 -0.00634679 -0.212977 0.0666837 0.00671626 0.997751 18.8027 
0.99769 0.00391863 -0.0678206 -1.14011 -0.00440656 0.999965 -0.00704505 -0.226022 0.0677908 0.00732754 0.997673 19.719 
0.997655 0.00416303 -0.0683125 -1.21281 -0.0045441 0.999975 -0.00542275 -0.238817 0.0682883 0.00572037 0.997649 20.6403 
0.997644 0.00572304 -0.0683657 -1.28971 -0.00587634 0.999981 -0.00204027 -0.253317 0.0683528 0.00243711 0.997658 21.5671 
0.997692 0.00679803 -0.0675604 -1.36466 -0.00670193 0.999976 0.00165014 -0.264949 0.06757 -0.00119363 0.997714 22.5014 
0.997801 0.00577881 -0.0660308 -1.43646 -0.00549216 0.999975 0.00452306 -0.271754 0.0660554 -0.00415055 0.997807 23.4404 
0.9979 0.00599445 -0.0644865 -1.50899 -0.00567077 0.99997 0.00520244 -0.277683 0.0645159 -0.00482591 0.997905 24.3849 
0.997988 0.00614505 -0.0631005 -1.57958 -0.00600688 0.999979 0.00238037 -0.28494 0.0631139 -0.00199663 0.998004 25.329 
0.998034 0.00703117 -0.0622835 -1.65107 -0.0072035 0.999971 -0.00254146 -0.291794 0.0622639 0.00298503 0.998055 26.2781 
0.998112 0.00621368 -0.061106 -1.72152 -0.00656188 0.999963 -0.00549782 -0.301442 0.0610697 0.00588833 0.998116 27.2333 
0.998165 0.00359072 -0.060446 -1.78743 -0.00386694 0.999983 -0.0044519 -0.313078 0.060429 0.00467739 0.998161 28.1988 
0.998153 0.00182903 -0.0607138 -1.85609 -0.00180122 0.999998 0.000514169 -0.324306 0.0607147 -0.000403947 0.998155 29.1766 
0.998101 -0.00209989 -0.0615544 -1.92219 0.0023465 0.999989 0.00393564 -0.334943 0.0615455 -0.0040727 0.998096 30.1574 
0.997986 -0.00951135 -0.062715 -1.98486 0.00973789 0.999947 0.00330874 -0.342242 0.0626803 -0.00391288 0.998026 31.138 
0.997872 -0.0115836 -0.0641688 -2.05166 0.0115698 0.999933 -0.000584519 -0.350032 0.0641714 -0.000159234 0.997939 32.1148 
0.997787 -0.0112654 -0.0655295 -2.12788 0.010986 0.999929 -0.00462105 -0.361119 0.065577 0.00389083 0.99784 33.0941 
0.997647 -0.00988194 -0.0678452 -2.2061 0.0095478 0.999941 -0.00524635 -0.374296 0.0678931 0.00458615 0.997682 34.0814 
0.997604 -0.00976511 -0.0684935 -2.28664 0.0095173 0.999947 -0.00394228 -0.387839 0.0685284 0.00328087 0.997644 35.0763 
0.997527 -0.00669426 -0.0699607 -2.37244 0.00662578 0.999977 -0.00120967 -0.402309 0.0699673 0.000743048 0.997549 36.0771 
0.997451 -0.00644649 -0.0710565 -2.45672 0.00646212 0.999979 -8.71705e-06 -0.415478 0.0710551 -0.000450568 0.997472 37.0747 
0.997371 -0.00504531 -0.072286 -2.53788 0.00524265 0.999983 0.00254166 -0.427479 0.072272 -0.00291404 0.997381 38.0695 
0.99738 -0.00497148 -0.0721743 -2.61895 0.00538487 0.99997 0.00553533 -0.439857 0.0721447 -0.00590956 0.997377 39.0659 
0.997337 0.000992001 -0.0729267 -2.71004 -0.000422217 0.999969 0.00782922 -0.447852 0.0729323 -0.00777767 0.997306 40.0595 
0.997327 0.000998274 -0.0730651 -2.79726 -0.000475221 0.999974 0.00717687 -0.455168 0.0730705 -0.00712304 0.997301 41.0587 
0.997334 0.00123858 -0.0729544 -2.88096 -0.000848268 0.999985 0.00538191 -0.460898 0.0729601 -0.00530576 0.997321 42.0528 
0.997324 0.00361862 -0.0730141 -2.96963 -0.00339634 0.999989 0.00316935 -0.470185 0.0730249 -0.00291298 0.997326 43.047 
0.99726 0.003326 -0.0739004 -3.05397 -0.00310167 0.99999 0.00315123 -0.480499 0.0739103 -0.00291347 0.997261 44.0405 
0.997154 0.00142369 -0.0753745 -3.13446 -0.00109579 0.99999 0.0043925 -0.489372 0.0753801 -0.00429749 0.997146 45.033 
0.997096 0.00221312 -0.076122 -3.22151 -0.00180993 0.999984 0.00536633 -0.500609 0.0761327 -0.00521306 0.997084 46.0172 
0.997073 0.00486798 -0.0763011 -3.31113 -0.00475816 0.999987 0.00162213 -0.512558 0.0763081 -0.00125441 0.997083 46.9871 
0.996993 0.00561548 -0.0772924 -3.39928 -0.00583637 0.999979 -0.00263122 -0.522335 0.0772762 0.00307433 0.997005 47.9512 
0.996931 0.00650718 -0.0780102 -3.48826 -0.00683672 0.999969 -0.00395689 -0.534955 0.0779821 0.00447799 0.996945 48.9232 
0.996927 0.00534897 -0.0781514 -3.57516 -0.00540704 0.999985 -0.000530454 -0.549788 0.0781475 0.000951306 0.996941 49.9014 
0.99692 0.00352827 -0.0783387 -3.65892 -0.00333629 0.999991 0.00258243 -0.56356 0.0783472 -0.0023132 0.996923 50.8711 
0.996896 0.00173616 -0.0787145 -3.74198 -0.00148625 0.999994 0.00323434 -0.575574 0.0787197 -0.0031074 0.996892 51.833 
0.996874 -0.00131626 -0.0789973 -3.82418 0.00148001 0.999997 0.00201542 -0.587025 0.0789944 -0.00212613 0.996873 52.7918 
0.996835 -0.00392638 -0.0793959 -3.90663 0.00399439 0.999992 0.000698858 -0.599717 0.0793926 -0.00101387 0.996843 53.7462 
0.996736 -0.0053541 -0.0805505 -3.99052 0.0055224 0.999983 0.00186766 -0.611483 0.0805392 -0.00230649 0.996749 54.6966 
0.996625 -0.00830795 -0.0816713 -4.07465 0.00882014 0.999944 0.00591352 -0.620758 0.0816176 -0.006614 0.996642 55.6492 
0.99656 -0.00920227 -0.0823657 -4.16054 0.0101313 0.99989 0.0108695 -0.626106 0.0822567 -0.0116666 0.996543 56.605 
0.996532 -0.0074853 -0.082869 -4.25251 0.00859582 0.999878 0.0130532 -0.630523 0.0827613 -0.0137204 0.996475 57.5552 
0.996419 -0.00641581 -0.0843107 -4.34292 0.00720466 0.999933 0.00905656 -0.636413 0.084247 -0.00963165 0.996398 58.4897 
0.996311 -0.00473732 -0.0856798 -4.43397 0.00486013 0.999987 0.00122574 -0.642982 0.085673 -0.00163772 0.996322 59.4078 
0.996237 -0.0029955 -0.0866232 -4.52648 0.00268577 0.999989 -0.00369107 -0.65273 0.0866334 0.00344444 0.996234 60.3214 
0.99615 0.00201869 -0.0876384 -4.62312 -0.0022795 0.999993 -0.00287515 -0.66708 0.0876321 0.00306377 0.996148 61.2236 
0.996023 0.00476722 -0.0889647 -4.71854 -0.00482779 0.999988 -0.00046471 -0.684483 0.0889616 0.000892278 0.996035 62.1207 
0.99592 0.00727514 -0.0899446 -4.81129 -0.0072081 0.999973 0.001071 -0.701479 0.0899501 -0.000418385 0.995946 63.008 
0.995809 0.00797621 -0.0911129 -4.90278 -0.00793773 0.999968 0.000785625 -0.712279 0.0911163 -5.91899e-05 0.99584 63.8746 
0.995641 0.00970962 -0.092764 -4.99509 -0.00960945 0.999953 0.00152735 -0.725077 0.0927746 -0.000629364 0.995687 64.7261 
0.995499 0.0104851 -0.0941857 -5.08652 -0.0103253 0.999944 0.00218478 -0.739175 0.0942035 -0.00120253 0.995552 65.566 
0.995363 0.0104637 -0.0956139 -5.17559 -0.0102586 0.999944 0.00263715 -0.751598 0.0956362 -0.00164414 0.995415 66.3882 
0.995233 0.0103558 -0.0969714 -5.26324 -0.0100432 0.999943 0.003712 -0.761955 0.0970044 -0.00272049 0.99528 67.1945 
0.99506 0.0131233 -0.0984041 -5.35678 -0.0125563 0.999901 0.00637991 -0.770835 0.0984781 -0.00511289 0.995126 67.9927 
0.99491 0.0145993 -0.0997039 -5.4507 -0.0136314 0.999853 0.0103826 -0.777335 0.0998409 -0.00897076 0.994963 68.7845 
0.994693 0.0177214 -0.101349 -5.54575 -0.016591 0.99979 0.011987 -0.782334 0.10154 -0.010242 0.994779 69.561 
0.994507 0.0205174 -0.10264 -5.64071 -0.0198185 0.999773 0.00782571 -0.791397 0.102778 -0.00574864 0.994688 70.3126 
0.994368 0.0204757 -0.10398 -5.73124 -0.0205384 0.999789 0.000468579 -0.800856 0.103968 0.00166956 0.994579 71.0406 
0.994212 0.0196322 -0.105627 -5.8145 -0.0203071 0.99978 -0.00531714 -0.809549 0.105499 0.00743125 0.994392 71.7511 
0.99415 0.0205056 -0.106042 -5.9013 -0.0213287 0.99975 -0.00663326 -0.816901 0.105879 0.00885611 0.994339 72.4462 
0.993993 0.0232165 -0.106952 -5.98895 -0.023689 0.999714 -0.00314844 -0.830999 0.106849 0.00566303 0.994259 73.1242 
0.993836 0.0234338 -0.108351 -6.0729 -0.0236648 0.99972 -0.00084566 -0.848676 0.108301 0.00340448 0.994112 73.7863 
0.993809 0.0202714 -0.109235 -6.15332 -0.0208525 0.999774 -0.00417932 -0.862062 0.109126 0.0064312 0.994007 74.4241 
0.993927 0.0121448 -0.109366 -6.2181 -0.0132363 0.999869 -0.00925898 -0.876371 0.109239 0.0106503 0.993958 75.0413 
0.994056 0.00805291 -0.108575 -6.28218 -0.00965364 0.999852 -0.0142248 -0.887333 0.108444 0.0151883 0.993986 75.6434 
0.994355 0.010419 -0.105591 -6.35392 -0.012026 0.999821 -0.0145935 -0.899964 0.10542 0.0157808 0.994302 76.2338 
0.994706 0.0153685 -0.101609 -6.42541 -0.0166498 0.999792 -0.0117727 -0.913774 0.101407 0.0134021 0.994755 76.8092 
0.995176 0.0137328 -0.0971342 -6.48097 -0.0146524 0.999854 -0.00875905 -0.926405 0.0969998 0.01014 0.995233 77.3703 
0.995747 0.0100097 -0.0915827 -6.52436 -0.0104779 0.999934 -0.00463267 -0.939266 0.0915304 0.00557247 0.995787 77.9171 
0.99648 0.00561742 -0.0836359 -6.56114 -0.00572825 0.999983 -0.00108431 -0.955855 0.0836285 0.00155949 0.996496 78.4495 
0.997288 0.00926658 -0.0730151 -6.60257 -0.0093921 0.999955 -0.00137481 -0.966517 0.0729991 0.00205676 0.99733 78.9668 
0.998213 0.0144596 -0.0579784 -6.63816 -0.0145998 0.999891 -0.00199501 -0.975968 0.0579434 0.00283783 0.998316 79.4706 
0.999008 0.0195135 -0.0400266 -6.66071 -0.0195968 0.999806 -0.00168613 -0.983404 0.039986 0.00246876 0.999197 79.9648 
0.999678 0.0179267 -0.0179496 -6.65885 -0.0179513 0.999838 -0.00120936 -0.990871 0.0179251 0.00153111 0.999838 80.4451 
0.99986 0.0145006 0.0083477 -6.6373 -0.0144985 0.999895 -0.000317722 -0.999964 -0.00835134 0.000196566 0.999965 80.9102 
0.999188 0.0134482 0.0379687 -6.6036 -0.0134986 0.999908 0.00106983 -1.00927 -0.0379507 -0.00158156 0.999278 81.3626 
0.997382 0.0130558 0.0711259 -6.5551 -0.0132597 0.999909 0.00239306 -1.01877 -0.0710881 -0.00332998 0.997464 81.809 
0.993977 0.0130209 0.108812 -6.48743 -0.0134038 0.999906 0.00278711 -1.02681 -0.108765 -0.00422889 0.994058 82.2462 
0.988495 0.013272 0.150669 -6.4015 -0.0138288 0.999901 0.00264718 -1.03428 -0.150619 -0.00470037 0.988581 82.671 
0.980528 0.0130561 0.195942 -6.29347 -0.0138118 0.999901 0.0024904 -1.04333 -0.19589 -0.00514829 0.980612 83.0836 
0.969368 0.0152114 0.245142 -6.1681 -0.0157762 0.999875 0.000340179 -1.05631 -0.245107 -0.00419726 0.969487 83.4802 
0.954278 0.0161547 0.298483 -6.02091 -0.0160981 0.999867 -0.00264884 -1.06814 -0.298486 -0.00227733 0.954411 83.8575 
0.934876 0.0164494 0.354594 -5.85133 -0.0157127 0.999864 -0.00495713 -1.07758 -0.354627 -0.000937407 0.935007 84.2191 
0.910974 0.0171499 0.412107 -5.66231 -0.0156565 0.999853 -0.00700011 -1.08591 -0.412166 -7.53012e-05 0.911108 84.5604 
0.882338 0.017396 0.470295 -5.45185 -0.0147748 0.999848 -0.0092646 -1.09279 -0.470384 0.00122595 0.882461 84.8816 
0.849177 0.0158697 0.52787 -5.22174 -0.0115967 0.999868 -0.0114046 -1.10404 -0.527981 0.0035629 0.849248 85.1809 
0.81251 0.0155437 0.582739 -4.97479 -0.0100411 0.999869 -0.0126699 -1.11626 -0.58286 0.00444302 0.81256 85.4626 
0.772571 0.0142367 0.634769 -4.71217 -0.00887326 0.999893 -0.0116263 -1.1297 -0.634866 0.00334966 0.772615 85.7304 
0.729565 0.0140077 0.683768 -4.43379 -0.0101327 0.999902 -0.00967282 -1.13867 -0.683836 0.000128462 0.729635 85.985 
0.683929 0.013061 0.729431 -4.14112 -0.00902012 0.999915 -0.00944689 -1.14719 -0.729492 -0.000118591 0.683989 86.2182 
0.637002 0.0118403 0.770772 -3.8334 -0.00540385 0.999926 -0.0108946 -1.15569 -0.770843 0.00277471 0.637018 86.4272 
0.589687 0.00934046 0.807578 -3.51236 0.000429037 0.999929 -0.0118786 -1.16521 -0.807631 0.00735111 0.589642 86.614 
0.542349 0.011562 0.840074 -3.18795 -0.00119597 0.999915 -0.0129899 -1.17578 -0.840152 0.00604032 0.542317 86.7911 
0.494395 0.0146631 0.869114 -2.86002 -0.00478408 0.999888 -0.0141482 -1.18658 -0.869224 0.00283686 0.49441 86.9554 
0.448434 0.0169226 0.893656 -2.52502 -0.00520904 0.999853 -0.0163198 -1.19678 -0.893801 0.00266324 0.448456 87.0963 
0.405852 0.0144074 0.913825 -2.17753 0.00225668 0.999857 -0.0167661 -1.2052 -0.913936 0.00886676 0.405762 87.2099 
0.366103 0.00682796 0.930549 -1.81613 0.0175399 0.999745 -0.0142365 -1.21017 -0.930409 0.0215337 0.36589 87.3012 
0.330635 0.00333232 0.943753 -1.45404 0.0218381 0.999699 -0.0111807 -1.21564 -0.943506 0.0243065 0.330463 87.3939 
0.29723 0.00751421 0.954776 -1.09295 0.0193288 0.999717 -0.0138852 -1.22514 -0.95461 0.0225818 0.297001 87.4926 
0.265989 0.0153381 0.963854 -0.7279 0.00869483 0.999794 -0.0183096 -1.2414 -0.963937 0.0132507 0.265801 87.5952 
0.237461 0.0198037 0.971195 -0.348553 0.00415792 0.999762 -0.0214029 -1.26029 -0.971388 0.0091205 0.237322 87.6842 
0.211723 0.0215394 0.977092 0.0430351 0.00562564 0.999714 -0.0232572 -1.27648 -0.977313 0.0104208 0.211541 87.7542 
0.188279 0.0228864 0.981849 0.445639 0.0130774 0.999581 -0.0258076 -1.28904 -0.982028 0.017699 0.187901 87.809 
0.168151 0.0291965 0.985329 0.856131 0.0200882 0.999252 -0.0330373 -1.29117 -0.985556 0.0253487 0.167439 87.8561 
0.148406 0.0359858 0.988271 1.27598 0.0222786 0.998962 -0.0397206 -1.29482 -0.988675 0.0279121 0.14745 87.9079 
0.13074 0.0368257 0.990732 1.7119 0.0199794 0.999009 -0.03977 -1.31104 -0.991215 0.0249938 0.129874 87.9639 
0.115314 0.0324609 0.992799 2.16748 0.0182526 0.999228 -0.0347913 -1.33551 -0.993161 0.0221331 0.114632 88.0151 
0.100779 0.0292313 0.994479 2.63626 0.0188155 0.999333 -0.0312808 -1.35818 -0.994731 0.021864 0.100162 88.0594 
0.0875164 0.0268248 0.995802 3.11671 0.0213197 0.999358 -0.0287944 -1.37684 -0.995935 0.0237502 0.0868883 88.0954 
0.0759519 0.0260497 0.996771 3.61156 0.0251382 0.999291 -0.0280311 -1.39354 -0.996794 0.027186 0.0752432 88.1247 
0.0658349 0.0267087 0.997473 4.12166 0.0282853 0.99919 -0.0286217 -1.41071 -0.997429 0.0300981 0.0650261 88.1534 
0.058019 0.0272473 0.997943 4.64993 0.0304356 0.999114 -0.0290488 -1.42851 -0.997851 0.0320584 0.0571383 88.1814 
0.052454 0.0276165 0.998241 5.19628 0.0322016 0.999051 -0.029331 -1.44664 -0.998104 0.0336835 0.0515149 88.2093 
0.0468876 0.0287566 0.998486 5.75918 0.0335555 0.998976 -0.0303465 -1.46485 -0.998336 0.0349276 0.0458746 88.2363 
0.0409795 0.0294966 0.998724 6.34165 0.0341377 0.998939 -0.0309038 -1.48385 -0.998577 0.0353606 0.0399291 88.2618 
0.0366983 0.0295954 0.998888 6.94412 0.0366568 0.998849 -0.030941 -1.50382 -0.998654 0.0377515 0.0355712 88.2834 
0.0338635 0.0295475 0.99899 7.56577 0.0382316 0.998793 -0.0308378 -1.52532 -0.998695 0.0392372 0.032693 88.3046 
0.0308093 0.0291394 0.9991 8.20286 0.0390939 0.998775 -0.0303355 -1.54772 -0.99876 0.0399934 0.0296324 88.3276 
0.0284405 0.0285961 0.999186 8.8587 0.0412258 0.998707 -0.0297559 -1.57018 -0.998745 0.0420386 0.0272248 88.3497 
0.0279037 0.0282148 0.999212 9.53127 0.0457673 0.998517 -0.0294734 -1.59446 -0.998562 0.0465537 0.026571 88.3674 
0.0290858 0.0279108 0.999187 10.2237 0.0493984 0.998348 -0.0293255 -1.61864 -0.998355 0.0502112 0.027659 88.3872 
0.031616 0.0278492 0.999112 10.9323 0.0512754 0.99825 -0.0294479 -1.64347 -0.998184 0.0521609 0.0301327 88.4135 
0.0355915 0.0278511 0.998978 11.6547 0.0536762 0.998115 -0.0297395 -1.66811 -0.997924 0.0546798 0.0340295 88.4441 
0.0401571 0.0274458 0.998816 12.3982 0.0541792 0.998092 -0.0296042 -1.69291 -0.997723 0.0553039 0.0385935 88.4785 
0.0442048 0.0258028 0.998689 13.1541 0.0556437 0.998051 -0.0282494 -1.71887 -0.997472 0.0568195 0.0426829 88.5187 
0.0482962 0.0243501 0.998536 13.9243 0.0554805 0.998094 -0.0270228 -1.74511 -0.997291 0.0567044 0.0468532 88.565 
0.0525575 0.022326 0.998368 14.7115 0.0523849 0.998312 -0.0250826 -1.77182 -0.997243 0.0536177 0.0512992 88.6196 
0.0566046 0.0213501 0.998168 15.5091 0.051596 0.998373 -0.0242805 -1.79653 -0.997062 0.0528759 0.0554109 88.6776 
0.0607681 0.0224132 0.9979 16.3141 0.0488962 0.998481 -0.0254039 -1.82388 -0.996953 0.0503373 0.0595799 88.7406 
0.0639954 0.0265351 0.997597 17.1169 0.0469767 0.998458 -0.0295717 -1.85326 -0.996844 0.0487563 0.0626502 88.8016 
0.0654538 0.0319902 0.997343 17.9237 0.041252 0.998545 -0.0347361 -1.88522 -0.997002 0.043416 0.0640388 88.8718 
0.0652432 0.0352981 0.997245 18.7392 0.0384097 0.998545 -0.0378571 -1.91847 -0.99713 0.0407738 0.0637925 88.94 
0.0654355 0.0349119 0.997246 19.5577 0.0362015 0.998647 -0.0373364 -1.95616 -0.9972 0.0385449 0.0640831 89.0076 
0.06548 0.0332666 0.997299 20.3828 0.0334667 0.998809 -0.0355144 -1.99642 -0.997292 0.0357018 0.0642886 89.0764 
0.0653117 0.0320691 0.997349 21.2089 0.0344798 0.998814 -0.0343742 -2.03346 -0.997269 0.0366335 0.0641285 89.1421 
0.0656448 0.03157 0.997343 22.0321 0.0320377 0.998917 -0.0337286 -2.07162 -0.997329 0.0341667 0.0645623 89.2124 
0.0658027 0.0319655 0.99732 22.8493 0.0304976 0.998955 -0.0340302 -2.11042 -0.997366 0.0326552 0.0647591 89.2796 
0.0659843 0.0326519 0.997286 23.6664 0.0276971 0.999019 -0.0345413 -2.14861 -0.997436 0.0299011 0.0650153 89.3477 
0.0648135 0.0340807 0.997315 24.4815 0.0248912 0.99905 -0.0357577 -2.1876 -0.997587 0.027142 0.0639037 89.415 
0.0620251 0.0337388 0.997504 25.2961 0.0217725 0.999145 -0.0351482 -2.22653 -0.997837 0.0238982 0.0612375 89.479 
0.0581139 0.032496 0.997781 26.1095 0.0192256 0.999248 -0.0336637 -2.26533 -0.998125 0.0211393 0.0574455 89.5399 
0.0533946 0.0301102 0.998119 26.923 0.0173382 0.999367 -0.0310754 -2.30295 -0.998423 0.0189648 0.0528387 89.594 
0.0470846 0.0280806 0.998496 27.7349 0.0150649 0.999471 -0.0288185 -2.34108 -0.998777 0.0163992 0.0466366 89.6437 
0.039673 0.0283519 0.99881 28.5419 0.0147061 0.999472 -0.0289549 -2.37667 -0.999104 0.0158373 0.0392351 89.6855 
0.031022 0.0293682 0.999087 29.3441 0.0145303 0.999449 -0.0298301 -2.41095 -0.999413 0.0154424 0.0305781 89.7177 
0.0211636 0.0298575 0.99933 30.1452 0.0150508 0.999431 -0.0301793 -2.44319 -0.999663 0.0156794 0.0207022 89.7397 
0.0109447 0.0289636 0.99952 30.9441 0.0162829 0.999443 -0.0291397 -2.47696 -0.999807 0.016594 0.010467 89.7529 
0.000239182 0.0280487 0.999606 31.7394 0.0154052 0.999488 -0.0280491 -2.51176 -0.999881 0.0154059 -0.000193036 89.7591 
-0.0108726 0.0272596 0.999569 32.5287 0.0167974 0.999492 -0.0270749 -2.54453 -0.9998 0.0164958 -0.011325 89.7537 
-0.0217773 0.0276652 0.99938 33.3117 0.0172584 0.999478 -0.027292 -2.57781 -0.999614 0.0166534 -0.0222434 89.7407 
-0.0327639 0.0282437 0.999064 34.0902 0.0177424 0.999459 -0.0276731 -2.61159 -0.999306 0.0168191 -0.0332473 89.7184 
-0.0433588 0.0293645 0.998628 34.8627 0.0175135 0.999437 -0.028628 -2.64447 -0.998906 0.0162482 -0.0438487 89.6906 
-0.0535854 0.0304816 0.998098 35.6332 0.018585 0.999391 -0.0295234 -2.67534 -0.99839 0.0169676 -0.0541192 89.6535 
-0.0630917 0.0311871 0.99752 36.3974 0.0193933 0.999361 -0.0300182 -2.70811 -0.997819 0.0174513 -0.0636562 89.6097 
-0.0727913 0.0316653 0.996844 37.1506 0.0200904 0.99934 -0.0302776 -2.74186 -0.997145 0.0178231 -0.0733794 89.5594 
-0.0820902 0.0320714 0.996109 37.8969 0.0208961 0.999318 -0.0304527 -2.7746 -0.996406 0.0183149 -0.0827044 89.5029 
-0.0906279 0.03158 0.995384 38.6353 0.0221316 0.999314 -0.0296897 -2.8071 -0.995639 0.0193387 -0.0912646 89.4387 
-0.0980149 0.0304872 0.994718 39.3678 0.0240005 0.999312 -0.0282632 -2.83879 -0.994895 0.0211035 -0.0986792 89.3711 
-0.103213 0.028885 0.99424 40.0884 0.0268484 0.999295 -0.0262448 -2.86992 -0.994297 0.0239849 -0.103916 89.2976 
-0.106916 0.0272943 0.993893 40.8022 0.0299434 0.999258 -0.0242206 -2.89958 -0.993817 0.0271709 -0.107654 89.2226 
-0.109634 0.0262978 0.993624 41.5087 0.0318121 0.999231 -0.0229362 -2.92571 -0.993463 0.0290947 -0.110387 89.1516 
-0.111405 0.0255083 0.993448 42.1969 0.0321076 0.999241 -0.0220566 -2.9525 -0.993256 0.0294401 -0.11214 89.0807 
-0.112126 0.0259812 0.993354 42.8698 0.0328284 0.999209 -0.0224289 -2.97975 -0.993152 0.0300954 -0.11289 89.0102 
-0.11122 0.0270282 0.993428 43.5254 0.0336852 0.999158 -0.023413 -3.00721 -0.993225 0.0308598 -0.112036 88.9415 
-0.108171 0.0286668 0.993719 44.164 0.0346291 0.999086 -0.0250521 -3.03456 -0.993529 0.0317016 -0.109065 88.8783 
-0.102965 0.0292155 0.994256 44.787 0.0346696 0.999067 -0.0257666 -3.06041 -0.994081 0.0318174 -0.103881 88.8235 
-0.0948632 0.0299749 0.995039 45.3885 0.0342758 0.999052 -0.0268281 -3.08783 -0.9949 0.0315607 -0.0958007 88.7764 
-0.0836611 0.0299292 0.996045 45.9724 0.0329763 0.999084 -0.0272508 -3.11604 -0.995948 0.030566 -0.0845715 88.7402 
-0.0699022 0.0301797 0.997097 46.5359 0.0321457 0.999091 -0.0279865 -3.1439 -0.997036 0.030096 -0.0708088 88.7156 
-0.0526281 0.0315302 0.998116 47.0845 0.0312552 0.999064 -0.0299122 -3.17039 -0.998125 0.0296221 -0.0535644 88.704 
-0.0312064 0.0341304 0.99893 47.6211 0.0296181 0.999009 -0.0332079 -3.19674 -0.999074 0.0285501 -0.0321864 88.7054 
-0.00645702 0.0370879 0.999291 48.1524 0.0275923 0.998938 -0.0368966 -3.22453 -0.999598 0.0273345 -0.00747351 88.7229 
0.0220299 0.0388522 0.999002 48.6786 0.0255532 0.998896 -0.0394116 -3.25176 -0.999431 0.0263959 0.0210128 88.7577 
0.0554974 0.0383934 0.99772 49.2029 0.0232071 0.998941 -0.0397313 -3.27766 -0.998189 0.0253592 0.0545476 88.8093 
0.0939555 0.0359515 0.994927 49.7269 0.0219413 0.99903 -0.0381719 -3.30325 -0.995334 0.0254165 0.0930756 88.8806 
0.136553 0.0321854 0.99011 50.2402 0.019375 0.999194 -0.035153 -3.33068 -0.990443 0.0239836 0.135819 88.975 
0.182443 0.0278623 0.982822 50.7495 0.0165579 0.999369 -0.0314052 -3.35659 -0.983077 0.0220031 0.181866 89.0929 
0.231539 0.0247282 0.972511 51.2445 0.0116791 0.999534 -0.028196 -3.38083 -0.972755 0.0178865 0.231142 89.238 
0.283964 0.0231393 0.958556 51.7219 0.00740008 0.999626 -0.0263231 -3.40404 -0.958806 0.0145682 0.283687 89.407 
0.339913 0.0226818 0.940183 52.1863 0.00603576 0.999636 -0.0262983 -3.42565 -0.940437 0.0146138 0.339652 89.6009 
0.398923 0.023005 0.916696 52.6384 0.00745432 0.999571 -0.0283288 -3.44633 -0.916954 0.0181343 0.398581 89.8219 
0.459272 0.0262113 0.887909 53.0662 0.00751784 0.999414 -0.0333917 -3.4683 -0.888264 0.022011 0.458805 90.0751 
0.518907 0.029389 0.854325 53.4697 0.00798607 0.999198 -0.0392234 -3.48876 -0.854793 0.027176 0.518257 90.3586 
0.576701 0.0338638 0.816253 53.8429 0.00296562 0.999047 -0.0435427 -3.50662 -0.81695 0.0275318 0.576051 90.6765 
0.632145 0.0370723 0.773963 54.1943 -0.00182251 0.998923 -0.0463594 -3.52236 -0.774848 0.0278952 0.631531 91.0236 
0.684393 0.0381776 0.728113 54.5102 -0.00438344 0.998825 -0.0482519 -3.54116 -0.7291 0.0298316 0.683756 91.3816 
0.732777 0.0362314 0.679504 54.8027 -0.00555134 0.998866 -0.0472735 -3.56359 -0.680446 0.0308687 0.732147 91.7576 
0.777428 0.0328825 0.628112 55.0675 -0.00843572 0.999088 -0.0418627 -3.58516 -0.628916 0.0272466 0.776996 92.1558 
0.818147 0.0279804 0.574327 55.3075 -0.00982214 0.99935 -0.0346951 -3.60389 -0.574924 0.0227446 0.81789 92.5775 
0.853911 0.0256151 0.519788 55.5152 -0.0128861 0.999522 -0.0280872 -3.62106 -0.520259 0.0172859 0.853834 93.0145 
0.884359 0.0223378 0.466273 55.6957 -0.0143739 0.999684 -0.0206298 -3.63578 -0.466586 0.0115419 0.8844 93.4615 
0.909264 0.0230501 0.41558 55.8458 -0.0185465 0.999717 -0.0148709 -3.65366 -0.415805 0.00581401 0.909435 93.9114 
0.928778 0.0250771 0.369787 55.9765 -0.0225901 0.999684 -0.0110553 -3.66933 -0.369947 0.00191432 0.929051 94.3678 
0.943497 0.031048 0.329923 56.0863 -0.0300597 0.999515 -0.00809837 -3.68163 -0.330014 -0.00227666 0.943973 94.8308 
0.954932 0.0352513 0.294722 56.188 -0.034151 0.999377 -0.00888142 -3.68802 -0.294852 -0.00158396 0.955542 95.2985 
0.963856 0.0371724 0.263818 56.2876 -0.0361939 0.999308 -0.0085707 -3.69298 -0.263954 -0.00128774 0.964534 95.7726 
0.969818 0.0316108 0.241772 56.3928 -0.0305386 0.9995 -0.0081825 -3.70106 -0.241909 0.000552107 0.970299 96.252 
0.973664 0.0285333 0.226193 56.4911 -0.0275835 0.999592 -0.00735933 -3.71326 -0.22631 0.000926256 0.974055 96.7396 
0.976402 0.0326536 0.213479 56.5774 -0.0317631 0.999466 -0.00760143 -3.72123 -0.213613 0.000641223 0.976918 97.236 
0.978275 0.0380364 0.203791 56.6601 -0.037361 0.999276 -0.00716218 -3.72479 -0.203916 -0.000607346 0.978988 97.7422 
0.979187 0.0457573 0.197733 56.7411 -0.044962 0.998952 -0.00851221 -3.72957 -0.197915 -0.000555498 0.980219 98.2576 
0.9795 0.0515625 0.194733 56.8259 -0.0501548 0.998667 -0.0121564 -3.73989 -0.195101 0.00214032 0.980781 98.7796 
0.979626 0.0527568 0.193777 56.9233 -0.0508876 0.998597 -0.0146152 -3.75501 -0.194276 0.00445649 0.980937 99.3123 
0.979223 0.0512476 0.196204 57.0293 -0.0486229 0.998652 -0.0181747 -3.76919 -0.19687 0.00825705 0.980395 99.8551 
0.978534 0.0496495 0.200013 57.1407 -0.0456105 0.998652 -0.0247544 -3.77982 -0.200972 0.0151003 0.97948 100.405 
0.977688 0.0498411 0.204062 57.2538 -0.0447419 0.998562 -0.0295299 -3.79213 -0.205241 0.0197408 0.978512 100.969 
0.976497 0.0545871 0.208502 57.3624 -0.0495783 0.998344 -0.0291779 -3.81046 -0.209749 0.0181549 0.977587 101.55 
0.975068 0.0577434 0.214262 57.4778 -0.0535443 0.998243 -0.0253556 -3.82811 -0.21535 0.0132508 0.976447 102.146 
0.974187 0.0547063 0.219012 57.6088 -0.0513934 0.998462 -0.0208001 -3.84845 -0.219813 0.00900734 0.9755 102.751 
0.973564 0.0502208 0.222827 57.7506 -0.0480403 0.99873 -0.0151995 -3.86791 -0.223307 0.004093 0.974739 103.37 
0.972831 0.0476943 0.226552 57.8939 -0.0464834 0.998862 -0.0106805 -3.88287 -0.226803 -0.000140677 0.973941 104.003 
0.972354 0.043057 0.229509 58.0404 -0.0418559 0.999073 -0.0101016 -3.89541 -0.229731 0.000215974 0.973254 104.641 
0.972463 0.0394681 0.229691 58.192 -0.0374546 0.999212 -0.0131213 -3.91106 -0.230028 0.00415686 0.973175 105.288 
0.972588 0.0387313 0.229287 58.3395 -0.0350373 0.999183 -0.0201623 -3.92728 -0.229881 0.0115759 0.97315 105.945 
0.972689 0.0410496 0.228452 58.4821 -0.0358503 0.998996 -0.0268646 -3.94412 -0.229325 0.0179408 0.973184 106.61 
0.973204 0.0439239 0.225708 58.6271 -0.0379744 0.998809 -0.0306362 -3.95996 -0.226785 0.021244 0.973713 107.293 
0.973831 0.0422742 0.223308 58.7784 -0.0373025 0.998954 -0.0264379 -3.97899 -0.224192 0.0174161 0.974389 107.995 
0.974306 0.0380434 0.22199 58.9352 -0.0347163 0.999219 -0.0188721 -4.00116 -0.222535 0.0106805 0.974866 108.711 
0.974864 0.038344 0.219477 59.0868 -0.0363642 0.999253 -0.0130553 -4.02465 -0.219814 0.00474594 0.97553 109.438 
0.975122 0.0415633 0.217736 59.2318 -0.0395203 0.999124 -0.0137318 -4.04481 -0.218116 0.00478511 0.975911 110.171 
0.975373 0.0471013 0.215473 59.3739 -0.0441625 0.998854 -0.0184361 -4.06099 -0.216095 0.00846613 0.976336 110.911 
0.976212 0.0478196 0.211477 59.5229 -0.0437771 0.998759 -0.0237596 -4.07784 -0.212351 0.0139365 0.977094 111.659 
0.977146 0.0463912 0.207444 59.6747 -0.0417852 0.998774 -0.0265335 -4.09829 -0.20842 0.0172589 0.977887 112.418 
0.978067 0.0440502 0.203578 59.8261 -0.0397745 0.998895 -0.0250492 -4.12187 -0.204456 0.0164025 0.978738 113.19 
0.978955 0.0402009 0.200077 59.9804 -0.0363384 0.999076 -0.0229421 -4.14812 -0.200814 0.0151887 0.979511 113.975 
0.979375 0.0391175 0.198227 60.1323 -0.0358163 0.999154 -0.0202137 -4.17322 -0.19885 0.0126969 0.979948 114.771 
0.979777 0.0357341 0.196877 60.2874 -0.0328523 0.9993 -0.0178857 -4.19406 -0.197378 0.011056 0.980265 115.574 
0.98004 0.0305143 0.196443 60.4459 -0.0277771 0.999475 -0.0166749 -4.21398 -0.196849 0.0108854 0.980373 116.38 
0.980161 0.0313004 0.195717 60.5959 -0.0288802 0.999467 -0.0152088 -4.2337 -0.196089 0.0092547 0.980542 117.2 
0.979892 0.0366625 0.196129 60.739 -0.0339218 0.999274 -0.0173163 -4.25359 -0.196622 0.010315 0.980425 118.029 
0.979554 0.0422753 0.196688 60.8824 -0.0389376 0.999025 -0.0208077 -4.27335 -0.197376 0.0127237 0.980245 118.861 
0.978944 0.0511122 0.197624 61.0256 -0.0475783 0.998612 -0.0225929 -4.29371 -0.198504 0.0127146 0.980018 119.699 
0.978005 0.0570609 0.200624 61.1727 -0.0537126 0.998312 -0.0220984 -4.31744 -0.201547 0.0108362 0.979419 120.539 
0.977257 0.0595516 0.203526 61.3269 -0.0566194 0.998191 -0.0202053 -4.34518 -0.204361 0.00822217 0.978861 121.385 
0.976695 0.0600703 0.206053 61.491 -0.0569545 0.998155 -0.0210256 -4.37134 -0.206936 0.00879983 0.978315 122.23 
0.976396 0.0584547 0.207929 61.6572 -0.054695 0.99822 -0.0237908 -4.39605 -0.208949 0.0118565 0.977855 123.076 
0.976468 0.0521159 0.209268 61.835 -0.0484644 0.99857 -0.0225431 -4.42232 -0.210144 0.0118704 0.977598 123.919 
0.976765 0.0454492 0.209437 62.0131 -0.0413518 0.998859 -0.023904 -4.45362 -0.210284 0.014688 0.97753 124.763 
0.976542 0.0447172 0.210631 62.1868 -0.0405531 0.998888 -0.02405 -4.48531 -0.211472 0.014944 0.97727 125.61 
0.975997 0.0473215 0.212581 62.3557 -0.0438002 0.998814 -0.0212468 -4.5119 -0.213334 0.0114257 0.976912 126.458 
0.975567 0.0494944 0.214055 62.5193 -0.0472106 0.99876 -0.0157715 -4.5358 -0.21457 0.00528044 0.976694 127.3 
0.975228 0.0527679 0.214816 62.6874 -0.0514888 0.998607 -0.0115503 -4.56346 -0.215126 0.00020347 0.976586 128.14 
0.975028 0.0521147 0.215882 62.8561 -0.0493758 0.998617 -0.0180651 -4.59107 -0.216524 0.00695462 0.976252 128.968 
0.97535 0.0477299 0.215438 63.0333 -0.0417409 0.998607 -0.0322667 -4.62209 -0.216678 0.0224787 0.975984 129.781 
0.975603 0.0454638 0.214783 63.2087 -0.0374272 0.998444 -0.0413398 -4.65383 -0.216328 0.0322924 0.975786 130.59 
0.975879 0.0426152 0.214114 63.3796 -0.036522 0.998809 -0.0323357 -4.68269 -0.215237 0.0237358 0.976273 131.416 
0.976321 0.0362529 0.213265 63.555 -0.0345868 0.999335 -0.0115398 -4.71511 -0.213542 0.00389029 0.976926 132.259 
0.976649 0.0328153 0.212319 63.7292 -0.0343894 0.999401 0.00372385 -4.74546 -0.212069 -0.0109385 0.977193 133.096 
0.976651 0.0371777 0.21159 63.89 -0.0375918 0.999291 -0.00206727 -4.76454 -0.211517 -0.00593511 0.977356 133.911 
0.976795 0.0453217 0.209324 64.0424 -0.0424863 0.998934 -0.0180252 -4.77942 -0.209918 0.00871342 0.97768 134.717 
0.97704 0.0453303 0.208178 64.2008 -0.0407929 0.998828 -0.0260402 -4.79539 -0.209115 0.0169501 0.977744 135.535 
0.977682 0.0412152 0.206007 64.3662 -0.0364947 0.998978 -0.026664 -4.82762 -0.206895 0.0185506 0.978187 136.347 
0.978285 0.040772 0.203214 64.5242 -0.036469 0.999025 -0.0248767 -4.86424 -0.20403 0.0169254 0.978818 137.169 
0.979049 0.0402503 0.199608 64.6754 -0.0357143 0.999016 -0.0262757 -4.89 -0.200469 0.0185963 0.979523 137.984 
0.980024 0.0411135 0.194581 64.8242 -0.0363826 0.99895 -0.0278273 -4.92074 -0.195521 0.020192 0.980492 138.797 
0.980355 0.0462249 0.19175 64.9623 -0.0416356 0.998743 -0.0278968 -4.95561 -0.192798 0.019365 0.981047 139.612 
0.980463 0.052163 0.189663 65.0936 -0.0476528 0.998464 -0.0282667 -4.98313 -0.190846 0.0186764 0.981442 140.418 
0.980763 0.0535548 0.187714 65.2316 -0.0495052 0.99843 -0.0261995 -5.01601 -0.188822 0.0164026 0.981874 141.224 
0.981068 0.0514887 0.186692 65.3714 -0.0483347 0.998602 -0.0214103 -5.04701 -0.187533 0.0119812 0.982185 142.031 
0.981486 0.049925 0.184915 65.5107 -0.046775 0.998677 -0.0213615 -5.07617 -0.185736 0.0123165 0.982522 142.832 
0.982088 0.0480741 0.182189 65.6499 -0.0443769 0.998719 -0.0243184 -5.10684 -0.183124 0.0157977 0.982963 143.63 
0.983213 0.0432556 0.177259 65.789 -0.0389101 0.998852 -0.0279206 -5.1364 -0.178263 0.0205546 0.983768 144.42 
0.984522 0.0403376 0.170555 65.9219 -0.035937 0.998939 -0.0288129 -5.16433 -0.171536 0.0222376 0.984927 145.21 
0.985676 0.038467 0.164202 66.0424 -0.0350871 0.999109 -0.0234364 -5.19355 -0.164957 0.0173392 0.986148 146.011 
0.986784 0.0357364 0.15805 66.1578 -0.0338002 0.999317 -0.0149232 -5.22059 -0.158475 0.00938382 0.987318 146.827 
0.987436 0.0328257 0.154571 66.2736 -0.0323416 0.999461 -0.00564656 -5.24135 -0.154673 0.000576478 0.987965 147.638 
0.98786 0.0394379 0.150259 66.3718 -0.0394147 0.999218 -0.00313433 -5.25701 -0.150265 -0.00282621 0.988642 148.446 
0.988456 0.0422538 0.145493 66.468 -0.0415497 0.999105 -0.00787671 -5.27348 -0.145696 0.0017405 0.989328 149.243 
0.989569 0.0426153 0.137609 66.5672 -0.0405046 0.999015 -0.0181045 -5.28954 -0.138244 0.0123418 0.990321 150.038 
0.990606 0.039266 0.130991 66.6634 -0.0364928 0.999057 -0.0235061 -5.3045 -0.131791 0.018505 0.991105 150.844 
0.991502 0.0383556 0.124309 66.75 -0.0358335 0.999105 -0.0224638 -5.32588 -0.125059 0.0178184 0.991989 151.659 
0.992143 0.0450028 0.116736 66.8208 -0.0430804 0.998892 -0.0189409 -5.35325 -0.117459 0.0137629 0.992982 152.482 
0.992781 0.05046 0.108813 66.882 -0.0485077 0.998612 -0.0205173 -5.37937 -0.109698 0.0150908 0.99385 153.295 
0.993733 0.0529927 0.0984211 66.9451 -0.05065 0.998374 -0.0261536 -5.40403 -0.099647 0.0210046 0.994801 154.106 
0.994624 0.0513717 0.0899061 67.0053 -0.0489968 0.998394 -0.0284283 -5.42837 -0.0912221 0.0238703 0.995544 154.924 
0.995318 0.0514236 0.0818341 67.0581 -0.0494791 0.998447 -0.0256168 -5.45369 -0.0830242 0.0214477 0.996317 155.749 
0.995789 0.0539965 0.0740839 67.0976 -0.0527662 0.998436 -0.0184674 -5.48026 -0.0749652 0.0144804 0.997081 156.58 
0.996174 0.0573568 0.0659349 67.1298 -0.0566322 0.998313 -0.0128088 -5.50244 -0.0665582 0.00902572 0.997742 157.411 
0.99671 0.0562577 0.0583407 67.164 -0.0558017 0.998397 -0.00941891 -5.52163 -0.058777 0.00613234 0.998252 158.238 
0.997026 0.0569111 0.0519717 67.1934 -0.0566075 0.99837 -0.0072986 -5.53846 -0.0523023 0.00433483 0.998622 159.066 
0.997298 0.0558602 0.0477087 67.2197 -0.0554914 0.998418 -0.00902232 -5.55771 -0.0481371 0.00635044 0.99882 159.894 
0.997234 0.0605876 0.0430537 67.2363 -0.0600163 0.998093 -0.0144435 -5.57749 -0.0438466 0.0118195 0.998968 160.711 
0.997028 0.0664258 0.0390295 67.2445 -0.0656385 0.99762 -0.0211221 -5.59884 -0.0403396 0.0184974 0.999015 161.527 
0.997073 0.0674906 0.0359159 67.2562 -0.0666744 0.997499 -0.0234617 -5.61991 -0.0374094 0.0209983 0.999079 162.345 
0.997072 0.069037 0.0328759 67.2682 -0.0684956 0.997501 -0.0173229 -5.64267 -0.0339896 0.0150203 0.999309 163.174 
0.996985 0.0710935 0.0310865 67.2745 -0.0709066 0.997458 -0.00707808 -5.66087 -0.0315106 0.00485241 0.999492 164.008 
0.996982 0.0723813 0.0280559 67.2813 -0.0724177 0.997374 0.000278051 -5.67868 -0.027962 -0.00230903 0.999606 164.838 
0.997371 0.0687978 0.0227364 67.2913 -0.0687507 0.99763 -0.00284968 -5.69543 -0.0228785 0.00127897 0.999737 165.654 
0.998266 0.0563933 0.016857 67.3069 -0.0561869 0.998342 -0.0124838 -5.71017 -0.017533 0.011515 0.99978 166.466 
0.998495 0.0540337 0.0093805 67.3097 -0.0538675 0.998401 -0.0171485 -5.72067 -0.010292 0.0166173 0.999809 167.283 
0.998325 0.0577975 0.00272374 67.2882 -0.0577475 0.998205 -0.0158455 -5.73686 -0.0036346 0.0156616 0.999871 168.117 
0.998434 0.0557447 -0.00469362 67.2719 -0.0557882 0.998396 -0.00968889 -5.75696 0.00414607 0.00993548 0.999942 168.948 
0.998658 0.0503127 -0.0122984 67.2602 -0.0503885 0.998712 -0.00592296 -5.77255 0.0119846 0.00653463 0.999907 169.772 
0.998972 0.0415513 -0.0181222 67.2463 -0.0415882 0.999133 -0.00165868 -5.78286 0.0180376 0.00241056 0.999834 170.6 
0.999003 0.0373321 -0.0244641 67.2217 -0.0373809 0.9993 -0.00153689 -5.79895 0.0243897 0.00244976 0.999699 171.429 
0.998944 0.0339451 -0.0309497 67.1873 -0.0342161 0.99938 -0.00826722 -5.81649 0.03065 0.00931739 0.999487 172.259 
0.998949 0.0246631 -0.0386449 67.1543 -0.0253914 0.999507 -0.0184653 -5.83017 0.0381705 0.0194271 0.999082 173.085 
0.998876 0.014404 -0.0451636 67.1257 -0.0154347 0.999626 -0.0225544 -5.84623 0.0448219 0.023226 0.998725 173.908 
0.998497 0.0181401 -0.0517227 67.0712 -0.018946 0.999706 -0.015132 -5.86523 0.051433 0.0160891 0.998547 174.744 
0.997972 0.0288088 -0.0567674 66.9971 -0.0289812 0.999577 -0.00221459 -5.88081 0.0566797 0.0038552 0.998385 175.591 
0.997538 0.0338745 -0.0614019 66.9248 -0.0335918 0.99942 0.00563155 -5.8982 0.0615571 -0.00355517 0.998097 176.436 
0.997319 0.0331597 -0.0652371 66.8566 -0.0330562 0.99945 0.00266733 -5.90932 0.0652897 -0.000503779 0.997866 177.275 
0.997126 0.0345182 -0.0674428 66.7847 -0.0351477 0.999349 -0.00816825 -5.9188 0.067117 0.0105151 0.99769 178.104 
0.9965 0.0447476 -0.0706045 66.6987 -0.0460929 0.998783 -0.0175395 -5.93238 0.0697338 0.0207324 0.99735 178.936 
0.996408 0.0429099 -0.0730058 66.6241 -0.0445515 0.998786 -0.0210068 -5.95319 0.0720159 0.0241838 0.99711 179.778 
0.996438 0.0375936 -0.0754905 66.5608 -0.0389065 0.999115 -0.015995 -5.97573 0.0748224 0.018875 0.997018 180.637 
0.996462 0.0378144 -0.0750553 66.4851 -0.0384677 0.999233 -0.00727606 -5.99444 0.0747228 0.0101374 0.997153 181.497 
0.996402 0.0396378 -0.0749067 66.4052 -0.0398811 0.999203 -0.00175377 -6.01205 0.0747776 0.00473474 0.997189 182.352 
0.996271 0.0395859 -0.0766614 66.3277 -0.0398924 0.999201 -0.00246877 -6.02934 0.0765025 0.00551768 0.997054 183.205 
0.99622 0.0361255 -0.0789981 66.2508 -0.0371625 0.999241 -0.0116946 -6.04679 0.0785157 0.0145861 0.996806 184.048 
0.996353 0.0251544 -0.0815367 66.1853 -0.0271142 0.999367 -0.0230177 -6.06756 0.0809062 0.0251445 0.996404 184.891 
0.996395 0.0146853 -0.0835509 66.1206 -0.016993 0.999492 -0.0269753 -6.09119 0.0831123 0.0282977 0.996138 185.737 
0.996273 0.0173219 -0.0844959 66.0361 -0.019295 0.999559 -0.0225904 -6.11535 0.0840674 0.0241364 0.996168 186.587 
0.996055 0.0234098 -0.0855936 65.9445 -0.024524 0.999627 -0.0119886 -6.14261 0.0852811 0.0140404 0.996258 187.44 
0.995884 0.0244594 -0.0872686 65.8594 -0.0252787 0.999646 -0.00829426 -6.17041 0.0870349 0.0104661 0.99615 188.286 
0.995834 0.0233782 -0.0881322 65.7754 -0.0245358 0.999626 -0.0120729 -6.192 0.0878171 0.0141849 0.996036 189.128 
0.995859 0.0235258 -0.087811 65.6873 -0.0252227 0.999515 -0.0182651 -6.21071 0.0873387 0.0204042 0.99597 189.964 
0.995521 0.0317642 -0.0890467 65.6635 -0.0334959 0.999276 -0.0180187 -6.24815 0.08841 0.0209206 0.995864 190.677 
0.995397 0.0345247 -0.0894045 65.5726 -0.0359944 0.999241 -0.0148776 -6.27294 0.0888231 0.0180271 0.995884 191.512 
0.995199 0.0383457 -0.0900449 65.48 -0.0395634 0.999148 -0.0117753 -6.29694 0.0895167 0.0152811 0.995868 192.346 
0.995062 0.0417094 -0.090069 65.3898 -0.0426894 0.999048 -0.0089799 -6.31696 0.0896088 0.0127805 0.995895 193.176 
0.99487 0.0446213 -0.0907824 65.2982 -0.0456508 0.998914 -0.0092927 -6.33694 0.0902693 0.0133892 0.995827 193.998 
