1 -4.23778e-08 4.22719e-08 0 -4.23778e-08 1 -4.19404e-08 0 4.22719e-08 -4.19404e-08 1 0 
0.999054 -0.000628334 0.0434734 0.0395656 0.000736873 0.999997 -0.0024827 -0.0192515 -0.0434716 0.00251231 0.999051 1.01021 
0.996076 -0.00513153 0.0883468 0.126483 0.00579938 0.999956 -0.0073054 -0.039369 -0.0883053 0.00778901 0.996063 2.02634 
0.991043 -0.00478139 0.133456 0.252534 0.0063244 0.999918 -0.0111411 -0.0604355 -0.133392 0.0118853 0.990992 3.05789 
0.983808 -0.00265775 0.179207 0.423446 0.00513388 0.999898 -0.0133553 -0.0879805 -0.179153 0.014059 0.983721 4.06188 
0.974373 -0.00525749 0.224878 0.649576 0.00843814 0.999877 -0.0131856 -0.113909 -0.224781 0.0147451 0.974298 5.08661 
0.962798 -0.00596916 0.270156 0.919781 0.0102381 0.999844 -0.0143958 -0.138785 -0.270027 0.016626 0.962709 6.13125 
0.949391 -0.00847445 0.313981 1.23532 0.0144825 0.999754 -0.0168078 -0.170525 -0.313761 0.0205043 0.94928 7.11845 
0.934249 -0.0102478 0.356474 1.59032 0.0179461 0.999671 -0.0182954 -0.202895 -0.356169 0.0234897 0.934126 8.06827 
0.916929 -0.0100751 0.398923 1.98271 0.0191901 0.999638 -0.0188624 -0.234115 -0.398588 0.0249507 0.91679 9.00629 
0.897224 -0.0103255 0.441454 2.41744 0.0200698 0.999647 -0.0174092 -0.265439 -0.441118 0.0244798 0.897115 9.93859 
0.875251 -0.009864 0.483568 2.89016 0.0203588 0.999657 -0.016458 -0.297311 -0.48324 0.0242497 0.875152 10.8358 
0.851214 -0.00994945 0.524725 3.40926 0.021105 0.99966 -0.0152822 -0.327945 -0.524394 0.0240827 0.851135 11.7079 
0.825711 -0.0103543 0.563998 3.98484 0.02291 0.999622 -0.0151894 -0.360054 -0.563627 0.0254632 0.825637 12.5742 
0.798418 -0.0122407 0.601978 4.57993 0.0263413 0.999546 -0.0146124 -0.393234 -0.601526 0.0275237 0.798379 13.3691 
0.769859 -0.01133 0.638113 5.2098 0.0270937 0.999521 -0.0149406 -0.429891 -0.637638 0.0287909 0.769797 14.1334 
0.739347 -0.0147684 0.673163 5.87467 0.0320891 0.999396 -0.0133185 -0.460774 -0.672559 0.0314481 0.739374 14.8629 
0.707477 -0.0140578 0.706596 6.52556 0.0318295 0.999421 -0.0119858 -0.510982 -0.706019 0.0309702 0.707515 15.4986 
0.67347 -0.0130367 0.7391 7.27663 0.0331431 0.999371 -0.0125727 -0.542441 -0.738471 0.0329633 0.673478 16.1755 
0.637961 -0.0143888 0.769934 8.05346 0.0377474 0.999208 -0.0126038 -0.566396 -0.769143 0.0371037 0.637999 16.8198 
0.601113 -0.0126293 0.799064 8.84819 0.037681 0.999211 -0.0125538 -0.591398 -0.798275 0.0376557 0.601115 17.439 
0.563382 -0.011417 0.826117 9.75323 0.0405894 0.99908 -0.0138733 -0.615949 -0.825199 0.0413476 0.563327 18.0723 
0.52449 -0.0095207 0.851363 10.6997 0.0454036 0.998827 -0.0168017 -0.625462 -0.850205 0.0474673 0.524308 18.6791 
0.485604 -0.00838413 0.874139 11.6922 0.0468752 0.998765 -0.0164609 -0.653114 -0.872921 0.0489689 0.485397 19.2527 
0.446497 -0.0102629 0.894726 12.7709 0.051626 0.998564 -0.0143092 -0.736205 -0.893295 0.0525801 0.446385 19.8891 
0.408422 -0.011211 0.912724 13.9 0.0552208 0.998396 -0.0124468 -0.848684 -0.911121 0.0554849 0.408387 20.5444 
0.373975 -0.0087857 0.927397 14.9359 0.0570674 0.998278 -0.0135555 -0.857612 -0.925681 0.0579936 0.373833 20.9176 
0.340903 -0.00939155 0.940051 16.0364 0.0581286 0.998247 -0.0111071 -0.86717 -0.9383 0.0584303 0.340851 21.3335 
0.307712 -0.0111605 0.951414 17.0734 0.0606772 0.998126 -0.00791626 -0.884512 -0.949543 0.060165 0.307812 21.6638 
0.274983 -0.0110876 0.961385 18.138 0.0612301 0.998106 -0.00600246 -0.898181 -0.959497 0.0605162 0.275141 21.9596 
0.242698 -0.00784374 0.97007 19.2555 0.058747 0.998251 -0.00662615 -0.911677 -0.968321 0.0585968 0.242734 22.2763 
0.211576 -0.00580686 0.977344 20.3871 0.0587969 0.998247 -0.00679743 -0.906543 -0.975591 0.058903 0.211547 22.563 
0.181582 -0.00556728 0.98336 21.488 0.0608759 0.99813 -0.00559024 -0.912251 -0.98149 0.0608781 0.181582 22.7466 
0.150752 -0.00563994 0.988555 22.6795 0.0624874 0.998038 -0.00383518 -0.921688 -0.986595 0.0623504 0.150808 22.9602 
0.118779 -0.00862859 0.992883 23.7171 0.0625709 0.99804 0.00118791 -1.07575 -0.990947 0.0619845 0.119086 23.2642 
0.0890684 -0.00856864 0.995989 24.94 0.062863 0.998018 0.00296436 -1.06623 -0.99404 0.0623468 0.0894305 23.4161 
0.0632964 -0.00773602 0.997965 26.195 0.0654597 0.997849 0.00358323 -1.03826 -0.995846 0.0650996 0.0636667 23.4174 
0.0386421 -0.00689436 0.999229 27.489 0.0694245 0.997578 0.00419811 -1.023 -0.996838 0.0692088 0.0390272 23.4255 
0.0163008 -0.00609423 0.999848 28.8152 0.0733176 0.997297 0.00488328 -1.00674 -0.997175 0.0732269 0.0167035 23.4087 
-0.00370622 -0.00597146 0.999975 30.1374 0.0788233 0.996869 0.00624498 -0.992072 -0.996882 0.0788445 -0.00322392 23.3741 
-0.0209347 -0.00627232 0.999761 31.4873 0.0826817 0.996544 0.00798339 -0.971214 -0.996356 0.0828291 -0.0203438 23.3002 
-0.0362314 -0.00594026 0.999326 32.8228 0.085501 0.996297 0.00902209 -0.956202 -0.995679 0.0857702 -0.0355893 23.2192 
-0.0500945 -0.00628249 0.998725 34.1585 0.0876637 0.996093 0.0106629 -0.938977 -0.99489 0.0880861 -0.0493481 23.1151 
-0.0629538 -0.00711042 0.997991 35.4875 0.0876491 0.996071 0.0126256 -0.92409 -0.99416 0.0882679 -0.0620832 23.0032 
-0.0746093 -0.00665682 0.997191 36.8178 0.0872488 0.996099 0.0131774 -0.905299 -0.993389 0.0879868 -0.0737375 22.8698 
-0.0854385 -0.00346086 0.996337 38.1525 0.0871068 0.996139 0.0109297 -0.883866 -0.992528 0.0877216 -0.0848072 22.735 
-0.0951578 0.000236786 0.995462 39.5107 0.0874003 0.99614 0.0081177 -0.868586 -0.991618 0.0877761 -0.0948112 22.5754 
-0.104105 0.00316608 0.994561 40.875 0.0882386 0.996081 0.00606534 -0.845761 -0.990644 0.0883901 -0.103977 22.4057 
-0.111083 0.00457354 0.993801 42.2388 0.0876894 0.996134 0.00521722 -0.828303 -0.989935 0.0877253 -0.111055 22.2343 
-0.116423 0.0055204 0.993184 43.6146 0.0870421 0.996194 0.00466606 -0.811611 -0.989378 0.0869921 -0.116461 22.0561 
-0.121136 0.00722488 0.99261 44.9975 0.0877385 0.996137 0.0034568 -0.79647 -0.988751 0.0875088 -0.121302 21.8738 
-0.125297 0.00904476 0.992078 46.3989 0.086228 0.996274 0.00180732 -0.783274 -0.988365 0.0857714 -0.12561 21.6824 
-0.128879 0.0101155 0.991609 47.8264 0.0862717 0.996271 0.0010496 -0.770372 -0.9879 0.085683 -0.129271 21.4784 
-0.131301 0.00913592 0.9913 49.2717 0.0856758 0.996321 0.00216578 -0.761113 -0.987633 0.0852149 -0.131601 21.2652 
-0.133062 0.00736779 0.99108 50.7306 0.0859655 0.996289 0.00413513 -0.750706 -0.987372 0.085749 -0.133202 21.0519 
-0.134742 0.00621693 0.990861 52.2049 0.0854988 0.996324 0.00537524 -0.740773 -0.987185 0.0854417 -0.134778 20.8367 
-0.136416 0.00702575 0.990627 53.6733 0.0880513 0.996103 0.00506061 -0.733044 -0.986731 0.0879163 -0.136503 20.6308 
-0.137191 0.00673158 0.990522 55.1461 0.0877657 0.996126 0.00538616 -0.730672 -0.986649 0.0876728 -0.137251 20.4342 
-0.137577 0.0080515 0.990458 56.6291 0.0896749 0.995961 0.00435977 -0.72734 -0.986423 0.0894191 -0.137744 20.238 
-0.137398 0.00816488 0.990482 58.141 0.0894765 0.99598 0.00420173 -0.726834 -0.986466 0.0892022 -0.137576 20.0397 
-0.136667 0.0095285 0.990571 59.6655 0.0893673 0.995995 0.00274903 -0.72947 -0.986578 0.0889004 -0.136971 19.8441 
-0.13536 0.00928284 0.990753 61.2146 0.089741 0.995961 0.00292899 -0.728285 -0.986724 0.0893076 -0.135646 19.6419 
-0.133671 0.00826205 0.990991 62.793 0.0888145 0.996041 0.00367563 -0.727629 -0.987038 0.0885057 -0.133876 19.4399 
-0.132473 0.00908938 0.991145 64.3906 0.0898704 0.995949 0.0028783 -0.725952 -0.987104 0.0894559 -0.132754 19.2423 
-0.131325 0.00979648 0.991291 65.9989 0.0899349 0.995945 0.00207188 -0.728002 -0.987251 0.0894238 -0.131673 19.0437 
-0.130114 0.010373 0.991445 67.6329 0.0912336 0.995828 0.00155419 -0.732296 -0.987293 0.0906553 -0.130517 18.841 
-0.128744 0.0102874 0.991624 69.3021 0.0911102 0.99584 0.00149778 -0.735488 -0.987484 0.0905399 -0.129146 18.6314 
-0.127616 0.00871428 0.991785 70.9915 0.092916 0.995669 0.00320731 -0.73559 -0.987462 0.092562 -0.127873 18.4134 
-0.126626 0.00679928 0.991927 72.6949 0.0948429 0.995478 0.00528365 -0.739029 -0.987406 0.0947463 -0.126699 18.1984 
-0.125372 0.00791797 0.992078 74.4174 0.0966902 0.995305 0.00427524 -0.743679 -0.987387 0.0964603 -0.125549 17.9783 
-0.124355 0.00977451 0.99219 76.1492 0.0989044 0.995093 0.00259291 -0.747487 -0.987296 0.0984544 -0.124712 17.7609 
-0.123393 0.00949485 0.992312 77.8806 0.0982774 0.995155 0.00269857 -0.751506 -0.987479 0.0978549 -0.123728 17.5524 
-0.123086 0.00951508 0.99235 79.6249 0.0987252 0.995111 0.00270369 -0.753218 -0.987473 0.0983028 -0.123423 17.3463 
-0.122561 0.00860143 0.992424 81.3926 0.0987112 0.99511 0.00356571 -0.753421 -0.98754 0.0984003 -0.122811 17.1349 
-0.122048 0.00909166 0.992483 83.1783 0.100507 0.994931 0.00324538 -0.753746 -0.987422 0.100147 -0.122343 16.9157 
-0.121739 0.00916371 0.99252 84.9827 0.101791 0.9948 0.00330054 -0.753672 -0.987329 0.101432 -0.122039 16.6964 
-0.121372 0.0104034 0.992553 86.7835 0.102406 0.99474 0.00209605 -0.754363 -0.98731 0.101898 -0.121799 16.4755 
-0.121511 0.0113524 0.992525 88.5971 0.102244 0.994759 0.00113928 -0.762632 -0.98731 0.101618 -0.122035 16.2557 
-0.122177 0.0121441 0.992434 90.4452 0.101919 0.994793 0.00037402 -0.776111 -0.987261 0.101193 -0.122779 16.0312 
-0.12305 0.0130356 0.992315 92.3152 0.101525 0.994833 -0.000479253 -0.786743 -0.987194 0.100686 -0.123738 15.7936 
-0.123491 0.0124892 0.992267 94.1947 0.100779 0.994909 1.98522e-05 -0.795395 -0.987215 0.100003 -0.124121 15.5556 
-0.12405 0.012419 0.992198 96.0727 0.101112 0.994875 0.000188952 -0.806362 -0.987111 0.100347 -0.12467 15.3208 
-0.124242 0.0117298 0.992183 97.9492 0.0987439 0.995113 0.00060032 -0.809316 -0.987326 0.0980465 -0.124793 15.1003 
-0.125709 0.0129217 0.991983 99.8249 0.0987996 0.995107 -0.000442021 -0.817062 -0.987135 0.097952 -0.126371 14.8763 
-0.128008 0.0139477 0.991675 101.724 0.0978138 0.995204 -0.00137134 -0.825086 -0.986938 0.0968239 -0.128758 14.6487 
-0.131872 0.0150643 0.991152 103.615 0.0985641 0.995129 -0.00201094 -0.836347 -0.986354 0.0974268 -0.132715 14.4079 
-0.136252 0.0142115 0.990572 105.514 0.0970175 0.995282 -0.000934461 -0.860224 -0.985912 0.0959755 -0.136988 14.1687 
-0.140755 0.013774 0.989949 107.434 0.0955888 0.995421 -0.000259033 -0.871439 -0.985419 0.0945916 -0.141427 13.9088 
-0.144986 0.0148979 0.989321 109.353 0.0946258 0.995512 -0.00112371 -0.885984 -0.984898 0.0934524 -0.145745 13.6408 
-0.149095 0.0169529 0.988677 111.281 0.0952982 0.995445 -0.00269774 -0.898648 -0.98422 0.093817 -0.150032 13.3586 
-0.153215 0.0189701 0.988011 113.233 0.0951035 0.995458 -0.00436514 -0.915831 -0.983606 0.0932945 -0.154323 13.0641 
-0.157794 0.0194503 0.98728 115.181 0.0937631 0.995584 -0.0046281 -0.935583 -0.98301 0.0918402 -0.158921 12.7675 
-0.162376 0.0193754 0.986539 117.155 0.0920401 0.995745 -0.00440732 -0.956419 -0.982427 0.0900854 -0.163468 12.4577 
-0.167639 0.0188751 0.985668 119.161 0.0902372 0.995913 -0.00372407 -0.97563 -0.98171 0.0883196 -0.168658 12.1372 
-0.173053 0.0184771 0.984739 121.153 0.0895926 0.995974 -0.00294345 -0.99744 -0.980829 0.0877159 -0.174011 11.8094 
-0.178379 0.0183063 0.983791 123.146 0.0897602 0.995961 -0.00225773 -1.0165 -0.979859 0.0879026 -0.179302 11.4718 
-0.183845 0.0199137 0.982753 125.138 0.0903206 0.995907 -0.00328387 -1.03741 -0.978797 0.0881592 -0.184891 11.1238 
-0.18933 0.0209186 0.981691 127.131 0.0900356 0.995931 -0.00385775 -1.06324 -0.977777 0.0876567 -0.190443 10.7647 
-0.195219 0.0210364 0.980534 129.126 0.0905664 0.995885 -0.00333459 -1.08532 -0.976569 0.0881525 -0.196321 10.394 
-0.200568 0.0211376 0.979452 131.116 0.0899755 0.995939 -0.00306865 -1.10749 -0.975539 0.0875112 -0.201656 10.012 
-0.205647 0.0219428 0.97838 133.116 0.0895694 0.995974 -0.00351076 -1.1302 -0.974519 0.0869109 -0.206785 9.61498 
-0.210807 0.0224915 0.977269 135.129 0.0888273 0.99604 -0.00376263 -1.15159 -0.973483 0.086015 -0.21197 9.20443 
-0.215004 0.0217522 0.976371 137.142 0.0898964 0.995948 -0.0023926 -1.17247 -0.972467 0.0872578 -0.216088 8.77744 
-0.218829 0.0215806 0.975524 139.178 0.092072 0.995751 -0.00137455 -1.1952 -0.971409 0.0895177 -0.219887 8.33521 
-0.221998 0.0223262 0.974791 141.219 0.0933235 0.995635 -0.00155034 -1.21386 -0.970571 0.0906268 -0.223112 7.87909 
-0.224827 0.0230876 0.974125 143.257 0.0939545 0.995575 -0.00191143 -1.23437 -0.969858 0.0910937 -0.226001 7.42199 
-0.227903 0.0228373 0.973416 145.314 0.0931962 0.995646 -0.00153916 -1.25577 -0.969213 0.0903679 -0.229039 6.95937 
-0.231819 0.0236077 0.972472 147.375 0.0920736 0.99575 -0.0022243 -1.27946 -0.968392 0.0890234 -0.233007 6.49307 
-0.236572 0.0246916 0.9713 149.405 0.0913824 0.995811 -0.00305743 -1.30447 -0.967307 0.0880365 -0.237838 6.04624 
-0.241233 0.0245045 0.970158 151.475 0.0905156 0.995891 -0.00264747 -1.3257 -0.966237 0.0871757 -0.24246 5.57117 
-0.245992 0.0253331 0.968941 153.542 0.0910707 0.99584 -0.00291567 -1.3481 -0.964984 0.0875249 -0.247276 5.0799 
-0.25074 0.0261677 0.967701 155.593 0.0912211 0.995825 -0.00329209 -1.37618 -0.963747 0.0874493 -0.25208 4.58397 
-0.255329 0.0264122 0.966493 157.617 0.091006 0.995845 -0.00317232 -1.40532 -0.962562 0.0871467 -0.256672 4.07822 
-0.259651 0.0259703 0.965353 159.67 0.0912676 0.995824 -0.00224186 -1.43193 -0.96138 0.0875234 -0.260936 3.55943 
-0.26409 0.0262541 0.964141 161.73 0.0922626 0.995733 -0.00184261 -1.46096 -0.960075 0.0884675 -0.265385 3.03562 
-0.268368 0.0273639 0.962928 163.801 0.0938935 0.99558 -0.00212375 -1.48923 -0.95873 0.0898427 -0.269752 2.49312 
-0.27226 0.0289717 0.961787 165.855 0.0947717 0.995494 -0.00315946 -1.51784 -0.957545 0.09029 -0.273778 1.9516 
-0.27616 0.0309152 0.960614 167.917 0.0952659 0.995441 -0.0046487 -1.54737 -0.956378 0.09023 -0.277847 1.39584 
-0.279705 0.0323375 0.959541 169.986 0.096736 0.995296 -0.00534416 -1.5825 -0.9552 0.0913274 -0.281517 0.82964 
-0.283231 0.0334277 0.958469 172.089 0.0968827 0.995277 -0.00608232 -1.61114 -0.954146 0.0911363 -0.285132 0.244313 
-0.286806 0.0338109 0.957392 174.203 0.0975878 0.995209 -0.00591208 -1.64204 -0.953005 0.0917341 -0.288732 -0.359648 
-0.290712 0.034438 0.956191 176.328 0.0977929 0.995188 -0.00611052 -1.67184 -0.9518 0.0917323 -0.29268 -0.980282 
-0.294524 0.0355612 0.954982 178.434 0.100408 0.994928 -0.00608216 -1.7026 -0.950354 0.0940962 -0.296601 -1.61123 
-0.297483 0.0360481 0.954046 180.495 0.103114 0.994655 -0.00543031 -1.74165 -0.949142 0.0967603 -0.299609 -2.22883 
-0.300027 0.0359131 0.953254 182.592 0.104526 0.994512 -0.00456899 -1.77772 -0.948187 0.0982691 -0.302134 -2.85465 
-0.302829 0.0356249 0.952379 184.691 0.10474 0.994492 -0.00389591 -1.81256 -0.947272 0.0985726 -0.304892 -3.49361 
-0.305552 0.0365677 0.951473 186.788 0.104436 0.99452 -0.00468398 -1.84525 -0.946431 0.0979368 -0.307697 -4.13814 
-0.308549 0.0390231 0.950407 188.918 0.104183 0.994533 -0.00701183 -1.87642 -0.945486 0.0968533 -0.310928 -4.80616 
-0.311987 0.0413814 0.949185 191.053 0.104307 0.994504 -0.0090727 -1.91433 -0.944343 0.0961756 -0.314589 -5.4798 
-0.315379 0.0426949 0.948005 193.191 0.103972 0.994528 -0.0102014 -1.95635 -0.943253 0.0953483 -0.318092 -6.15783 
-0.318704 0.0439988 0.946832 195.321 0.102931 0.994621 -0.0115731 -2.00322 -0.942249 0.0937696 -0.321519 -6.84967 
-0.322408 0.0445175 0.945553 197.451 0.104292 0.994483 -0.0112603 -2.05097 -0.940838 0.0949837 -0.325272 -7.53942 
-0.326108 0.0441922 0.944299 199.595 0.104362 0.994484 -0.0105001 -2.09896 -0.939554 0.0951247 -0.328922 -8.24565 
-0.329942 0.0439533 0.942977 201.715 0.104798 0.994446 -0.00968421 -2.14809 -0.938166 0.0956269 -0.332716 -8.91877 
-0.333852 0.0439591 0.9416 203.871 0.105336 0.994395 -0.00907625 -2.19693 -0.936722 0.0961542 -0.336611 -9.63688 
-0.337911 0.0442504 0.940137 206.004 0.104851 0.994446 -0.00912044 -2.24648 -0.935319 0.0954924 -0.340674 -10.3355 
-0.341915 0.04505 0.93865 208.136 0.104625 0.994465 -0.00961809 -2.29862 -0.933889 0.0949175 -0.344736 -11.0359 
-0.345457 0.0458649 0.937313 210.282 0.105245 0.994397 -0.00986904 -2.35342 -0.932514 0.0952384 -0.348348 -11.7541 
-0.348434 0.0469546 0.936156 212.428 0.106473 0.994263 -0.0102404 -2.4033 -0.931266 0.0961069 -0.351434 -12.5007 
-0.351116 0.0468813 0.935158 214.562 0.107973 0.99411 -0.00929691 -2.45325 -0.930086 0.0977078 -0.35411 -13.2541 
-0.353602 0.0464201 0.934243 216.714 0.109508 0.993954 -0.0079394 -2.49876 -0.928964 0.0994995 -0.356547 -14.0324 
-0.35639 0.0474274 0.933133 218.863 0.111083 0.993778 -0.00808417 -2.5439 -0.92771 0.100774 -0.359441 -14.805 
-0.358849 0.0485323 0.932133 221.013 0.111249 0.993753 -0.00891238 -2.58693 -0.926742 0.100501 -0.362006 -15.6103 
-0.361289 0.0489467 0.931168 223.184 0.111074 0.99377 -0.00914113 -2.63335 -0.925814 0.100126 -0.364475 -16.4151 
-0.364325 0.0505739 0.929898 225.385 0.111118 0.993752 -0.0105118 -2.68027 -0.924619 0.0994987 -0.367668 -17.2178 
-0.367646 0.0520826 0.928506 227.582 0.111202 0.993729 -0.0117102 -2.72905 -0.923293 0.0989466 -0.371132 -18.0157 
-0.371109 0.0524486 0.927107 229.756 0.109284 0.993932 -0.0124843 -2.78228 -0.922136 0.0966849 -0.374589 -18.7577 
-0.374152 0.0537473 0.925808 231.797 0.110373 0.993804 -0.0130891 -2.82941 -0.920776 0.097287 -0.377766 -19.5486 
-0.377178 0.0537101 0.924582 234.001 0.112194 0.993614 -0.0119516 -2.87717 -0.91932 0.0992245 -0.380795 -20.3379 
-0.379721 0.0530298 0.92358 236.002 0.112841 0.993556 -0.0106541 -2.91511 -0.918193 0.100173 -0.383258 -21.151 
-0.382456 0.0532382 0.922439 237.971 0.11223 0.993623 -0.0108147 -2.94694 -0.917132 0.0993888 -0.385992 -21.9538 
-0.384865 0.0536533 0.921412 240.061 0.111238 0.993728 -0.0114013 -2.99539 -0.916245 0.0981079 -0.38842 -22.8179 
-0.388034 0.0533892 0.920097 242.187 0.109971 0.993871 -0.0112916 -3.03873 -0.91506 0.0968028 -0.391527 -23.7081 
-0.391106 0.0528881 0.918825 244.295 0.109385 0.993942 -0.0106512 -3.08208 -0.913822 0.0963401 -0.394522 -24.5964 
-0.394277 0.0534281 0.917437 246.461 0.109247 0.993954 -0.0109345 -3.13362 -0.912475 0.0959159 -0.39773 -25.4982 
-0.397709 0.0532755 0.915964 248.54 0.108927 0.993994 -0.0105181 -3.18326 -0.911023 0.0955903 -0.401123 -26.3891 
-0.401536 0.0530322 0.914306 250.67 0.108269 0.99407 -0.0101104 -3.23196 -0.909421 0.0949311 -0.404897 -27.2774 
-0.405009 0.0534285 0.91275 252.792 0.107796 0.994119 -0.0103598 -3.27277 -0.907936 0.0941952 -0.408387 -28.2002 
-0.408482 0.054476 0.911139 254.94 0.108201 0.994069 -0.0109257 -3.31664 -0.906331 0.0941232 -0.411953 -29.1479 
-0.411829 0.0553565 0.909578 257.097 0.108865 0.993993 -0.0112035 -3.36406 -0.904735 0.0944071 -0.415381 -30.0979 
-0.415597 0.0556161 0.907847 259.233 0.108958 0.993985 -0.0110142 -3.40714 -0.902999 0.0943394 -0.419157 -31.0302 
-0.419179 0.0563858 0.906151 261.384 0.10797 0.994083 -0.0119112 -3.455 -0.901461 0.0928444 -0.422786 -31.9867 
-0.422769 0.056846 0.904453 263.533 0.108806 0.993995 -0.0116148 -3.50832 -0.899682 0.0934991 -0.426416 -32.9528 
-0.426306 0.0575848 0.902744 265.656 0.109803 0.993886 -0.011546 -3.5617 -0.89789 0.0942018 -0.430023 -33.8977 
-0.429602 0.0589011 0.901095 267.79 0.11149 0.993695 -0.0118008 -3.61473 -0.896109 0.0953931 -0.433461 -34.8704 
-0.432964 0.0612663 0.899327 269.887 0.114045 0.993393 -0.0127699 -3.67193 -0.894168 0.0970345 -0.437091 -35.8312 
-0.435668 0.0621357 0.89796 271.987 0.115778 0.993196 -0.0125529 -3.73287 -0.89263 0.0984954 -0.439898 -36.8016 
-0.438759 0.0644791 0.896288 274.075 0.118028 0.992916 -0.0136526 -3.79389 -0.89082 0.0997966 -0.443261 -37.7558 
-0.441388 0.0671079 0.894804 276.168 0.120353 0.992617 -0.0150762 -3.85981 -0.889209 0.101038 -0.446205 -38.7326 
-0.444364 0.0680975 0.893254 278.31 0.121961 0.992422 -0.0149862 -3.92262 -0.887505 0.102283 -0.449302 -39.7498 
-0.447227 0.0693402 0.891728 280.495 0.122734 0.992317 -0.0156074 -3.97769 -0.885959 0.102465 -0.452302 -40.8113 
-0.450302 0.0696838 0.890153 282.704 0.122342 0.992362 -0.0157956 -4.03017 -0.884455 0.101791 -0.455388 -41.9038 
-0.453571 0.0715558 0.888343 284.884 0.123812 0.992165 -0.0167027 -4.08543 -0.882578 0.102412 -0.458877 -42.9868 
-0.456788 0.072226 0.886639 287.013 0.123855 0.992154 -0.0170123 -4.1561 -0.880911 0.102044 -0.46215 -44.0333 
-0.459813 0.0723856 0.88506 289.16 0.123114 0.992244 -0.0171908 -4.23004 -0.87944 0.101059 -0.465158 -45.0793 
-0.46227 0.0732656 0.883707 291.338 0.125338 0.991974 -0.0166769 -4.2955 -0.877836 0.103053 -0.467743 -46.1764 
-0.464268 0.0738141 0.882614 293.514 0.127684 0.991689 -0.0157728 -4.36224 -0.876443 0.105373 -0.469834 -47.2868 
-0.466325 0.0744485 0.881475 295.649 0.129663 0.991442 -0.0151408 -4.42991 -0.875059 0.107234 -0.471987 -48.3836 
-0.467957 0.0747089 0.880588 297.824 0.130211 0.991374 -0.0149119 -4.48688 -0.874106 0.107684 -0.473649 -49.5132 
-0.47013 0.0745043 0.879447 300.06 0.130626 0.991331 -0.0141538 -4.54492 -0.872877 0.108224 -0.475786 -50.6789 
-0.472621 0.075177 0.878053 302.28 0.132583 0.99108 -0.0134899 -4.60007 -0.871235 0.110039 -0.478373 -51.8431 
-0.474586 0.0754027 0.876974 304.494 0.133489 0.990965 -0.0129647 -4.6552 -0.870028 0.110913 -0.480363 -53.0123 
-0.476326 0.07659 0.875926 306.751 0.133288 0.990976 -0.014168 -4.70812 -0.869107 0.110002 -0.482237 -54.2121 
-0.478951 0.0791641 0.874264 308.934 0.133436 0.990918 -0.016626 -4.7705 -0.867641 0.108696 -0.485165 -55.3412 
-0.482524 0.0791466 0.872299 311.092 0.132571 0.991035 -0.0165864 -4.82955 -0.865792 0.107638 -0.488691 -56.4611 
-0.487157 0.0779291 0.86983 313.281 0.13135 0.991219 -0.0152407 -4.89325 -0.86338 0.106827 -0.493115 -57.6049 
-0.491806 0.0759639 0.867385 315.55 0.129736 0.99146 -0.0132703 -4.94794 -0.860985 0.106004 -0.497461 -58.8547 
-0.496474 0.0751569 0.864792 317.859 0.129033 0.991566 -0.0120975 -5.00177 -0.858408 0.10558 -0.501985 -60.1402 
-0.500924 0.0756706 0.862177 320.191 0.129878 0.991462 -0.0115584 -5.0496 -0.855691 0.106188 -0.506476 -61.4431 
-0.504956 0.0774467 0.859664 322.499 0.132841 0.991073 -0.0112562 -5.10269 -0.852862 0.108515 -0.510736 -62.7602 
-0.508954 0.078837 0.857176 324.802 0.13447 0.990853 -0.0112895 -5.15192 -0.850226 0.109518 -0.5149 -64.0953 
-0.512665 0.0792606 0.854922 327.046 0.135957 0.990661 -0.0103166 -5.20797 -0.847756 0.110944 -0.518653 -65.3994 
-0.516812 0.0784274 0.852499 329.309 0.136704 0.990577 -0.00825619 -5.25844 -0.845114 0.112273 -0.522663 -66.7167 
-0.521368 0.0773623 0.849818 331.551 0.136153 0.990665 -0.00665372 -5.31424 -0.8424 0.112236 -0.527034 -68.0139 
-0.525191 0.0778351 0.847417 333.794 0.136208 0.990658 -0.00657645 -5.36215 -0.840013 0.111971 -0.530887 -69.3648 
-0.529228 0.077948 0.844892 336.029 0.136699 0.990596 -0.00576434 -5.40792 -0.837396 0.112445 -0.534906 -70.7265 
-0.533044 0.0784369 0.842444 338.318 0.138416 0.990363 -0.00462844 -5.44857 -0.834688 0.114141 -0.538764 -72.1421 
-0.537217 0.0783953 0.839793 340.568 0.139191 0.99026 -0.0034005 -5.4862 -0.831879 0.115065 -0.542897 -73.5483 
-0.540882 0.0777706 0.837496 342.815 0.138047 0.990422 -0.00281626 -5.5214 -0.829693 0.114091 -0.546437 -74.9657 
-0.543983 0.077486 0.835511 345.043 0.138352 0.990381 -0.00177093 -5.55651 -0.827612 0.114631 -0.549471 -76.3963 
-0.546386 0.077413 0.833948 347.252 0.138958 0.990298 -0.000884213 -5.58727 -0.825925 0.1154 -0.551842 -77.8268 
-0.54906 0.0770198 0.832226 349.439 0.136876 0.990587 -0.00137214 -5.61398 -0.824499 0.113158 -0.554434 -79.2356 
-0.551903 0.076515 0.83039 351.644 0.133434 0.991054 -0.00263453 -5.64001 -0.823164 0.109349 -0.557176 -80.6496 
-0.554865 0.0764054 0.828424 353.854 0.130365 0.991457 -0.00412539 -5.67187 -0.821663 0.105709 -0.560085 -82.1073 
-0.557095 0.074156 0.827131 356.104 0.12834 0.991727 -0.00247275 -5.70458 -0.820472 0.104776 -0.562003 -83.5893 
-0.560032 0.0738292 0.825175 358.366 0.128999 0.991644 -0.00117414 -5.7348 -0.818366 0.105789 -0.564876 -85.102 
-0.562371 0.0743435 0.823536 360.589 0.128837 0.991664 -0.00154162 -5.76587 -0.816787 0.105235 -0.567261 -86.606 
-0.565228 0.0736082 0.821644 362.79 0.126636 0.991948 -0.00174899 -5.79005 -0.815157 0.103062 -0.569998 -88.0867 
-0.56792 0.070212 0.820083 364.984 0.124296 0.992244 0.00112527 -5.81846 -0.813644 0.102572 -0.572243 -89.5743 
-0.570492 0.068223 0.818465 367.218 0.122027 0.992524 0.00232429 -5.84195 -0.812187 0.101201 -0.574552 -91.0949 
-0.573193 0.0676242 0.816625 369.436 0.120944 0.992656 0.00268972 -5.86471 -0.810446 0.100307 -0.577162 -92.6111 
-0.575466 0.0680465 0.81499 371.582 0.120699 0.992686 0.00234256 -5.89004 -0.80887 0.0997164 -0.579471 -94.1039 
-0.577788 0.0677179 0.813372 373.769 0.12066 0.992689 0.00306479 -5.91684 -0.807219 0.099912 -0.581735 -95.6281 
-0.580275 0.0672125 0.811642 375.979 0.120301 0.99273 0.00379929 -5.94387 -0.805486 0.099846 -0.584142 -97.1768 
-0.582735 0.0656238 0.810008 378.123 0.117169 0.993105 0.00383553 -5.97795 -0.804171 0.0971427 -0.586405 -98.6961 
-0.586136 0.0621749 0.807823 380.335 0.107047 0.994253 0.00114718 -6.01167 -0.803109 0.0871477 -0.589424 -100.244 
-0.589733 0.0652767 0.804955 382.512 0.0995296 0.995004 -0.00777034 -6.05851 -0.801441 0.0755344 -0.593284 -101.785 
-0.591213 0.0750799 0.803013 384.658 0.109529 0.993908 -0.0122877 -6.11374 -0.799043 0.080689 -0.595835 -103.348 
-0.591157 0.0758307 0.802984 386.835 0.116805 0.993124 -0.00779489 -6.16989 -0.798054 0.0891847 -0.59595 -104.939 
-0.592943 0.066105 0.802527 389.024 0.115654 0.993283 0.00363271 -6.2066 -0.796896 0.0949696 -0.596605 -106.534 
-0.596073 0.0557082 0.800995 391.215 0.109722 0.993883 0.012528 -6.21516 -0.795398 0.0953545 -0.598539 -108.124 
-0.599292 0.0498011 0.798979 393.38 0.103861 0.994464 0.0159174 -6.21046 -0.793764 0.092522 -0.601147 -109.707 
-0.601812 0.0491375 0.797125 395.541 0.102658 0.994585 0.0161946 -6.20656 -0.792012 0.091577 -0.603597 -111.295 
-0.603405 0.0543691 0.79558 397.699 0.108068 0.994044 0.0140317 -6.2089 -0.790079 0.0944435 -0.605686 -112.94 
-0.604354 0.0607923 0.794393 399.862 0.112686 0.993583 0.00969301 -6.21238 -0.788706 0.0953751 -0.607327 -114.612 
-0.60669 0.0636176 0.792389 402.029 0.113689 0.99349 0.00728276 -6.22287 -0.786767 0.0945046 -0.609973 -116.243 
-0.609487 0.0639052 0.790216 404.171 0.114141 0.993435 0.00769613 -6.23984 -0.784536 0.0948866 -0.61278 -117.873 
-0.612276 0.0644216 0.788015 406.26 0.114812 0.993355 0.00799907 -6.2452 -0.782263 0.0953715 -0.615604 -119.478 
-0.614478 0.0633946 0.786383 408.393 0.115037 0.993313 0.009813 -6.25197 -0.780502 0.0964927 -0.617662 -121.109 
-0.616132 0.0637218 0.785061 410.525 0.115969 0.993198 0.0103989 -6.26622 -0.779059 0.0974499 -0.619331 -122.756 
-0.617381 0.0638163 0.784071 412.648 0.116039 0.993189 0.0105328 -6.2755 -0.778059 0.0974854 -0.620581 -124.39 
-0.618177 0.0643665 0.783399 414.754 0.116942 0.993081 0.010684 -6.28472 -0.777291 0.0982171 -0.621427 -126.04 
-0.618837 0.063791 0.782925 416.864 0.118162 0.992916 0.0124967 -6.27975 -0.776581 0.100246 -0.621991 -127.692 
-0.619568 0.0625965 0.782443 418.979 0.11927 0.992748 0.015021 -6.27701 -0.775829 0.102628 -0.622541 -129.341 
-0.620651 0.0622582 0.781612 421.062 0.121065 0.992498 0.0170776 -6.27609 -0.774684 0.105225 -0.623532 -130.955 
-0.621711 0.0629512 0.780713 423.154 0.120235 0.992621 0.0157092 -6.26998 -0.773963 0.103635 -0.624692 -132.594 
-0.622894 0.0635669 0.779719 425.187 0.117212 0.993026 0.0126801 -6.28312 -0.773475 0.0992906 -0.626001 -134.181 
-0.623815 0.0628141 0.779043 427.268 0.113541 0.993474 0.010814 -6.27669 -0.77328 0.0951996 -0.626877 -135.824 
-0.624728 0.0617169 0.7784 429.348 0.11199 0.993647 0.0110973 -6.27617 -0.77277 0.0941055 -0.627671 -137.452 
-0.62536 0.0605769 0.777982 431.441 0.110168 0.99385 0.0111701 -6.28633 -0.772521 0.0926939 -0.628188 -139.107 
-0.626349 0.0600611 0.777225 433.541 0.108332 0.994059 0.0104853 -6.30668 -0.771979 0.090766 -0.629135 -140.772 
-0.627288 0.0596514 0.776499 435.63 0.1075 0.99415 0.0104714 -6.3142 -0.771332 0.0900423 -0.630031 -142.419 
-0.627768 0.0580469 0.776233 437.715 0.107694 0.994102 0.0127571 -6.3173 -0.770914 0.0916044 -0.630317 -144.068 
-0.627388 0.0563538 0.776665 439.814 0.109748 0.993822 0.0165435 -6.31119 -0.770934 0.0956164 -0.629697 -145.739 
-0.626541 0.0547206 0.777465 441.923 0.11371 0.993276 0.0217258 -6.29139 -0.771049 0.102017 -0.628551 -147.403 
-0.62479 0.0537602 0.77894 444.017 0.117393 0.992754 0.0256439 -6.26055 -0.771918 0.107464 -0.626574 -149.068 
-0.623264 0.0517361 0.780298 446.11 0.111439 0.993502 0.0231398 -6.22579 -0.774031 0.101378 -0.624979 -150.7 
-0.623166 0.0515581 0.780388 448.212 0.104184 0.994404 0.0174969 -6.20759 -0.775119 0.0922076 -0.625051 -152.31 
-0.620892 0.0498019 0.782312 450.312 0.0997458 0.994887 0.0158301 -6.20041 -0.777524 0.0878612 -0.622685 -153.972 
-0.618773 0.0495143 0.784007 452.409 0.0969487 0.995195 0.0136642 -6.18328 -0.779564 0.0844636 -0.620601 -155.531 
-0.61468 0.0497651 0.787205 454.536 0.0982965 0.995061 0.0138484 -6.16647 -0.782628 0.0858919 -0.616535 -157.222 
-0.61117 0.049784 0.789932 456.646 0.0987188 0.995021 0.0136692 -6.1575 -0.785319 0.0863354 -0.613042 -158.839 
-0.608932 0.0511793 0.79157 458.769 0.0969253 0.995239 0.0102142 -6.16451 -0.787279 0.0829429 -0.610993 -160.431 
-0.607611 0.0462674 0.792886 460.91 0.0894324 0.995938 0.0104184 -6.17144 -0.789184 0.07724 -0.60928 -162.03 
-0.607209 0.0401725 0.793526 463.051 0.0800959 0.996728 0.01083 -6.17798 -0.790495 0.0701343 -0.60844 -163.605 
-0.607617 0.0374657 0.793346 465.184 0.0733138 0.997268 0.00905452 -6.18849 -0.790839 0.0636649 -0.608704 -165.16 
-0.607752 0.0366904 0.793279 467.32 0.0711778 0.997428 0.0083986 -6.20224 -0.79093 0.0615682 -0.608801 -166.728 
-0.60814 0.0363821 0.792995 469.413 0.0718621 0.997371 0.00935167 -6.21736 -0.79057 0.0626735 -0.609156 -168.194 
-0.606087 0.0354084 0.79461 471.539 0.0737137 0.99721 0.0117885 -6.22001 -0.791975 0.0657185 -0.607006 -169.802 
-0.604809 0.033045 0.795685 473.663 0.0724105 0.997282 0.0136226 -6.22615 -0.793072 0.065855 -0.605558 -171.351 
-0.605457 0.0325521 0.795212 475.759 0.0698592 0.99748 0.0123572 -6.24376 -0.792806 0.0630346 -0.606206 -172.844 
-0.604538 0.0334745 0.795872 477.879 0.068221 0.997621 0.00985995 -6.24719 -0.793649 0.060256 -0.605384 -174.411 
-0.602184 0.0352383 0.797579 480.024 0.0692634 0.997564 0.00822084 -6.25 -0.795347 0.0601935 -0.603158 -176.023 
-0.601357 0.0355154 0.798191 482.162 0.0716256 0.997385 0.00958413 -6.27042 -0.795763 0.0629344 -0.602329 -177.578 
-0.598829 0.0355316 0.800088 484.345 0.0732667 0.997256 0.010549 -6.27039 -0.797518 0.0649369 -0.59979 -179.242 
-0.597709 0.0353417 0.800934 486.481 0.0733161 0.997251 0.0107089 -6.27562 -0.798354 0.0651222 -0.598657 -180.812 
-0.595979 0.0343536 0.802265 488.801 0.0724623 0.997309 0.0111245 -6.2619 -0.799724 0.0647639 -0.596864 -182.584 
-0.594454 0.0337277 0.803422 490.9 0.0724151 0.997306 0.0117132 -6.26691 -0.800862 0.0651428 -0.595295 -184.123 
-0.592877 0.032705 0.804629 493.046 0.0718873 0.997335 0.0124312 -6.26816 -0.802078 0.0652128 -0.593648 -185.684 
-0.591773 0.0339577 0.805389 495.361 0.0715433 0.997382 0.0105149 -6.25321 -0.802923 0.0638426 -0.592653 -187.366 
-0.590505 0.0351528 0.806268 497.576 0.0714326 0.997406 0.00883044 -6.25698 -0.803866 0.0628082 -0.591485 -189.021 
-0.588586 0.0347957 0.807685 499.717 0.0717083 0.997382 0.00928809 -6.26445 -0.805248 0.0633846 -0.58954 -190.567 
-0.586731 0.0344039 0.809051 501.887 0.0717131 0.997379 0.00959455 -6.26364 -0.8066 0.063649 -0.587661 -192.131 
-0.585204 0.0344688 0.810153 504.106 0.0715251 0.997396 0.00922994 -6.25655 -0.807725 0.0633477 -0.586146 -193.757 
-0.5837 0.0341173 0.811252 505.997 0.0710473 0.997431 0.00917176 -6.26467 -0.808855 0.0629909 -0.584624 -195.249 
-0.583372 0.0355032 0.811428 508.38 0.0719243 0.997377 0.0080703 -6.23618 -0.809014 0.0630694 -0.584396 -197.037 
-0.583066 0.035997 0.811626 510.557 0.0724698 0.99734 0.00782804 -6.24673 -0.809186 0.0633827 -0.584124 -198.569 
-0.582526 0.034605 0.812075 512.705 0.0720454 0.997359 0.00917973 -6.25525 -0.809613 0.0638537 -0.583481 -200.087 
-0.581856 0.0321878 0.812655 514.924 0.0704163 0.997458 0.0109101 -6.256 -0.810238 0.0635723 -0.582643 -201.656 
-0.581775 0.0294972 0.812815 517.132 0.0687513 0.997549 0.0130077 -6.26155 -0.810439 0.0634496 -0.582377 -203.199 
-0.580544 0.0297866 0.813683 519.383 0.0680181 0.997612 0.0120096 -6.23431 -0.811382 0.0623173 -0.581184 -204.838 
-0.578328 0.0306992 0.815226 521.496 0.068182 0.997614 0.0108014 -6.20212 -0.81295 0.0618306 -0.579042 -206.61 
-0.576298 0.031596 0.816629 523.612 0.0685481 0.9976 0.00977667 -6.21573 -0.81436 0.0616126 -0.57708 -208.26 
-0.574264 0.0324933 0.818025 525.733 0.0689116 0.997584 0.008751 -6.23204 -0.815765 0.0613969 -0.575116 -209.905 
-0.57234 0.0332824 0.819341 528.019 0.068866 0.997597 0.00758206 -6.21749 -0.81712 0.0607643 -0.573257 -211.569 
-0.570377 0.0338428 0.820686 530.336 0.0691236 0.997584 0.00690328 -6.21751 -0.818469 0.0606662 -0.571338 -213.248 
-0.568285 0.0333892 0.822154 532.631 0.0688961 0.997598 0.00710765 -6.21504 -0.819943 0.0606824 -0.56922 -214.899 
-0.56539 0.0324448 0.824185 535.2 0.0685875 0.997615 0.00777887 -6.18542 -0.821967 0.0609269 -0.566267 -216.88 
-0.562726 0.0315482 0.826041 537.872 0.0686907 0.9976 0.00869391 -6.13238 -0.823785 0.0616337 -0.563542 -219.031 
-0.560121 0.0302652 0.827858 540.777 0.0684412 0.997607 0.00983568 -6.05154 -0.825579 0.0621687 -0.560852 -221.488 
-0.55751 0.0289804 0.829664 543.69 0.0681952 0.997612 0.0109782 -5.96649 -0.827365 0.0626996 -0.558154 -223.935 
-0.554893 0.0276939 0.831461 546.611 0.0679528 0.997615 0.0121216 -5.87721 -0.829142 0.0632263 -0.555451 -226.373 
-0.552269 0.0264057 0.833247 549.539 0.0677141 0.997616 0.0132657 -5.78369 -0.830911 0.0637488 -0.552741 -228.802 
-0.54964 0.0251158 0.835024 552.476 0.067479 0.997617 0.0144105 -5.68594 -0.832672 0.0642672 -0.550025 -231.22 
-0.547005 0.0238243 0.83679 555.42 0.0672475 0.997615 0.0155561 -5.58395 -0.834424 0.0647813 -0.547303 -233.63 
-0.544364 0.0225311 0.838546 558.372 0.0670196 0.997612 0.0167024 -5.47771 -0.836167 0.0652913 -0.544574 -236.029 
-0.541717 0.0212362 0.840292 561.331 0.0667953 0.997607 0.0178494 -5.36722 -0.837903 0.065797 -0.541839 -238.419 
-0.539064 0.0199397 0.842028 564.298 0.0665747 0.9976 0.0189972 -5.25249 -0.839629 0.0662985 -0.539099 -240.799 
-0.536406 0.0186416 0.843754 567.273 0.0663577 0.997592 0.0201456 -5.13349 -0.841347 0.0667958 -0.536351 -243.17 
-0.533741 0.0173419 0.84547 570.255 0.0661444 0.997583 0.0212946 -5.01023 -0.843057 0.0672889 -0.533598 -245.531 
-0.531071 0.0160406 0.847175 573.245 0.0659346 0.997571 0.0224443 -4.88271 -0.844758 0.0677777 -0.530839 -247.882 
-0.528395 0.0147377 0.84887 576.242 0.0657285 0.997558 0.0235947 -4.75092 -0.84645 0.0682624 -0.528074 -250.223 
-0.525714 0.0134333 0.850555 579.247 0.0655261 0.997544 0.0247457 -4.61486 -0.848134 0.0687427 -0.525303 -252.555 
-0.523026 0.0121274 0.85223 582.259 0.0653273 0.997528 0.0258973 -4.47452 -0.849809 0.0692189 -0.522526 -254.876 
-0.520451 0.013347 0.853787 585.044 0.0663298 0.997488 0.0248397 -4.38399 -0.851312 0.0695594 -0.520029 -256.768 
-0.517869 0.0145656 0.855336 587.836 0.0673291 0.997447 0.0237792 -4.29685 -0.852806 0.0699035 -0.517528 -258.651 
-0.517023 0.0144705 0.855849 590.148 0.0684671 0.997352 0.0244983 -4.26145 -0.853229 0.0712637 -0.516645 -260.031 
-0.516499 0.0134964 0.856181 592.452 0.0691648 0.997266 0.0260038 -4.2308 -0.85349 0.0726485 -0.516021 -261.387 
-0.516106 0.0126072 0.856432 594.75 0.0683103 0.997312 0.0264842 -4.19043 -0.853797 0.0721718 -0.51558 -262.732 
-0.515972 0.0127597 0.85651 597.055 0.0684192 0.997308 0.0263593 -4.15533 -0.853868 0.0722025 -0.515456 -264.071 
-0.516865 0.0133036 0.855963 599.59 0.0693551 0.997243 0.0263799 -4.12759 -0.853253 0.0730003 -0.516363 -265.094 
-0.518251 0.0136958 0.855119 602.081 0.0705838 0.997145 0.0268072 -4.11676 -0.852311 0.0742504 -0.517738 -265.96 
-0.517701 0.0128095 0.855466 604.6 0.0688789 0.997266 0.0267505 -4.04466 -0.852784 0.0727723 -0.517168 -267.385 
-0.520152 0.0118575 0.853991 607.231 0.0672339 0.997369 0.0271028 -4.0136 -0.851423 0.0715148 -0.519581 -268.108 
-0.520069 0.0125968 0.854031 609.52 0.0667818 0.99743 0.0259552 -3.98155 -0.85151 0.0705323 -0.519573 -269.443 
-0.519224 0.0139847 0.854523 612.005 0.0685895 0.997323 0.0253545 -3.94094 -0.851881 0.071776 -0.518793 -270.854 
-0.518699 0.0154786 0.854816 614.619 0.0708649 0.997174 0.0249442 -3.92838 -0.852015 0.073515 -0.51833 -272.321 
-0.518023 0.0147331 0.85524 617.022 0.0709492 0.997146 0.0257965 -3.89492 -0.852419 0.0740418 -0.51759 -273.679 
-0.517705 0.0136364 0.85545 619.403 0.0709361 0.997114 0.0270347 -3.85515 -0.852613 0.0746783 -0.517178 -275.023 
-0.517264 0.0126579 0.855732 621.838 0.0714348 0.99704 0.028432 -3.80724 -0.852839 0.075836 -0.516638 -276.386 
-0.516905 0.0120982 0.855957 624.103 0.0707921 0.997079 0.0286578 -3.77832 -0.853111 0.0754084 -0.516251 -277.676 
-0.517677 0.0111579 0.855503 626.534 0.0706463 0.997058 0.0297449 -3.92759 -0.852655 0.0758364 -0.516942 -278.786 
-0.516625 0.0104505 0.856148 629.214 0.0699602 0.997097 0.0300449 -3.84076 -0.853349 0.0754183 -0.515856 -280.461 
-0.515511 0.0100079 0.856824 631.831 0.0693802 0.997136 0.0300959 -3.76841 -0.854069 0.0749614 -0.514729 -282.139 
-0.514721 0.00908845 0.85731 634.297 0.068136 0.997215 0.0303366 -3.7019 -0.854646 0.0740286 -0.513906 -283.662 
-0.514591 0.00846714 0.857394 636.684 0.0662542 0.997354 0.0299151 -3.64275 -0.854872 0.0722 -0.513791 -285.084 
-0.514107 0.00943008 0.857674 639.089 0.0655647 0.997446 0.0283339 -3.57826 -0.855216 0.0707998 -0.513413 -286.573 
-0.514194 0.00938059 0.857622 641.373 0.0663641 0.997377 0.0288798 -3.53959 -0.855102 0.0717652 -0.513468 -287.891 
-0.513926 0.00796678 0.857797 643.675 0.0666148 0.997308 0.0306479 -3.49268 -0.855244 0.0728927 -0.513073 -289.243 
-0.513922 0.00676321 0.85781 645.976 0.0654578 0.997363 0.0313528 -3.43239 -0.855336 0.0722633 -0.513009 -290.604 
-0.514669 0.00750883 0.857356 648.364 0.0645621 0.997462 0.0300205 -3.38793 -0.854955 0.0708034 -0.513847 -291.917 
-0.514913 0.00981332 0.857186 650.701 0.0650609 0.997498 0.0276625 -3.32795 -0.85477 0.0700131 -0.514263 -293.211 
-0.514533 0.0112539 0.857396 653.015 0.0655143 0.997507 0.0262229 -3.28902 -0.854964 0.0696643 -0.513988 -294.558 
-0.514774 0.0113448 0.857251 655.424 0.0658818 0.997479 0.026361 -3.24262 -0.854791 0.0700472 -0.514224 -295.917 
-0.514679 0.010568 0.857318 657.735 0.0662648 0.997423 0.0274861 -3.20402 -0.854819 0.0709565 -0.514053 -297.251 
-0.514673 0.0096676 0.857332 660.033 0.0668916 0.997341 0.0289099 -3.16701 -0.854773 0.0722275 -0.513952 -298.584 
-0.513724 0.00945341 0.857903 662.357 0.0671367 0.997316 0.0292127 -3.11322 -0.855324 0.0726041 -0.51298 -299.967 
-0.512482 0.0103567 0.858635 664.907 0.0670472 0.997357 0.0279876 -3.01612 -0.856076 0.0719122 -0.511822 -301.648 
-0.511586 0.0109355 0.859163 667.201 0.0667519 0.997403 0.0270521 -2.97161 -0.856635 0.0711902 -0.510987 -302.989 
-0.510786 0.0109597 0.859638 669.498 0.0670686 0.997379 0.0271355 -2.92969 -0.857088 0.0715152 -0.510183 -304.349 
-0.509538 0.0107763 0.86038 671.79 0.0674521 0.997345 0.0274549 -2.88846 -0.8578 0.0720238 -0.508912 -305.686 
-0.508131 0.0106178 0.861214 674.171 0.0670734 0.997375 0.0272779 -2.83331 -0.858664 0.0716253 -0.507509 -307.134 
-0.507614 0.0105362 0.86152 676.501 0.0667217 0.997403 0.0271149 -2.78922 -0.858997 0.071246 -0.506999 -308.47 
-0.506562 0.0117831 0.862123 679.006 0.0662973 0.997478 0.0253215 -2.713 -0.859651 0.0699834 -0.506066 -310.011 
-0.50539 0.0115953 0.862813 681.403 0.066464 0.997462 0.0255262 -2.66648 -0.860327 0.0702467 -0.504878 -311.425 
-0.505054 0.0110937 0.863016 683.739 0.0666013 0.997437 0.0261547 -2.6335 -0.860514 0.0706875 -0.504498 -312.76 
-0.503081 0.0109335 0.86417 686.22 0.0661881 0.997471 0.0259116 -2.55982 -0.861701 0.0702334 -0.502532 -314.334 
-0.502562 0.012381 0.864452 689.137 0.0662225 0.997511 0.0242127 -2.47684 -0.862001 0.0694146 -0.502131 -316.121 
-0.498393 0.0143708 0.866832 691.701 0.0672165 0.997493 0.0221098 -2.39157 -0.864341 0.0692848 -0.49811 -318.097 
-0.496758 0.0141938 0.867773 693.821 0.067773 0.997447 0.0224819 -2.37496 -0.865239 0.0699796 -0.496452 -319.382 
