1 -4.23778e-08 4.22719e-08 0 -4.23778e-08 1 -4.19404e-08 0 4.22719e-08 -4.19404e-08 1 0 
0.999996 -0.00233735 -0.00135876 -0.0179643 0.00234138 0.999993 0.00303458 -0.018633 0.00135175 -0.00303783 0.999994 1.53714 
0.999991 -0.00296581 -0.00283811 -0.0402599 0.00297648 0.999988 0.00379485 -0.0333412 0.00282691 -0.00380335 0.999989 3.06489 
0.999989 -0.00191002 -0.00432184 -0.0695365 0.00192488 0.999992 0.00345685 -0.0469684 0.00431529 -0.00346521 0.999985 4.57488 
0.999981 -0.00178356 -0.00595048 -0.0997266 0.001803 0.999993 0.00327667 -0.0613666 0.00594468 -0.00328742 0.999977 6.08305 
0.999971 -0.00209486 -0.00729954 -0.13563 0.00212063 0.999991 0.00353488 -0.0786103 0.00729215 -0.00355035 0.999967 7.60223 
0.999956 -0.00214588 -0.00913319 -0.16829 0.00218105 0.99999 0.00385194 -0.0936561 0.00912492 -0.00387177 0.999951 9.10381 
0.999932 -0.00417961 -0.0109217 -0.201337 0.0042126 0.999987 0.00300691 -0.108639 0.0109091 -0.0030528 0.999936 10.6044 
0.999908 -0.00526156 -0.0124953 -0.236616 0.00530318 0.99998 0.00330618 -0.126223 0.0124777 -0.00337223 0.999916 12.1057 
0.999892 -0.00502419 -0.0138025 -0.275645 0.00506921 0.999982 0.00323508 -0.141952 0.0137861 -0.00330479 0.999899 13.6092 
0.999876 -0.00454698 -0.0150709 -0.31624 0.00459526 0.999984 0.00317633 -0.157427 0.0150563 -0.00324527 0.999881 15.1098 
0.999871 -0.00288621 -0.0157809 -0.360596 0.0029445 0.999989 0.00367696 -0.173419 0.0157702 -0.00372304 0.999869 16.6074 
0.999862 -0.00165105 -0.0165388 -0.404976 0.00172493 0.999988 0.00445879 -0.189333 0.0165313 -0.00448679 0.999853 18.0977 
0.999849 -0.000926458 -0.0173283 -0.447959 0.00101917 0.999985 0.00534715 -0.206046 0.0173231 -0.00536409 0.999835 19.5592 
0.99984 -0.000909823 -0.0178703 -0.492515 0.0010045 0.999985 0.00529424 -0.219583 0.0178653 -0.00531142 0.999826 21.0278 
0.999827 -0.000245068 -0.0185739 -0.5372 0.000345206 0.999985 0.00539286 -0.232106 0.0185724 -0.00539843 0.999813 22.4974 
0.999824 0.000438531 -0.0187436 -0.584285 -0.000326396 0.999982 0.00598971 -0.246608 0.018746 -0.00598262 0.999806 23.9607 
0.999822 0.00133725 -0.0187951 -0.629597 -0.00120222 0.999973 0.00719816 -0.256926 0.0188043 -0.00717437 0.999797 25.4231 
0.999822 0.00159819 -0.018806 -0.677024 -0.00148877 0.999982 0.00583562 -0.266882 0.018815 -0.00580667 0.999806 26.8761 
0.999819 0.00201853 -0.0189098 -0.724366 -0.00194607 0.999991 0.00385409 -0.279269 0.0189175 -0.00381667 0.999814 28.3155 
0.999825 6.06488e-05 -0.0186831 -0.767331 8.76613e-06 0.999993 0.00371976 -0.294736 0.0186833 -0.00371936 0.999818 29.7472 
0.999827 -0.00077693 -0.0185526 -0.810749 0.000896155 0.999979 0.00642343 -0.309161 0.0185473 -0.00643904 0.999807 31.1757 
0.999824 -0.00239035 -0.0186277 -0.850272 0.00253221 0.999968 0.00760013 -0.322885 0.018609 -0.00764605 0.999798 32.5992 
0.999823 -0.00316909 -0.0185287 -0.891091 0.00329825 0.99997 0.00694858 -0.334525 0.0185063 -0.00700855 0.999804 34.007 
0.99983 -0.00306544 -0.0181527 -0.934753 0.0031606 0.999981 0.00522059 -0.350586 0.0181365 -0.00527716 0.999822 35.3976 
0.99984 -0.00218484 -0.0177419 -0.979324 0.00226319 0.999988 0.0044022 -0.365049 0.0177322 -0.00444173 0.999833 36.7763 
0.999854 -0.00155193 -0.0170339 -1.02066 0.00161075 0.999993 0.00344477 -0.381983 0.0170285 -0.00347179 0.999849 38.141 
0.999876 -0.000973188 -0.0156823 -1.06424 0.00104257 0.99999 0.00442178 -0.397558 0.0156779 -0.00443766 0.999867 39.4924 
0.999898 -0.000574253 -0.014281 -1.10322 0.000666393 0.999979 0.00645385 -0.412908 0.0142771 -0.00646279 0.999877 40.8262 
0.999917 -0.00123779 -0.0127931 -1.13599 0.00133299 0.999971 0.00744155 -0.427719 0.0127836 -0.00745807 0.99989 42.1408 
0.999943 -0.000662905 -0.0106514 -1.1656 0.000747906 0.999968 0.00798618 -0.438731 0.0106458 -0.00799377 0.999911 43.4393 
0.999972 -0.001014 -0.00737897 -1.19171 0.00106866 0.999972 0.00741847 -0.452229 0.00737132 -0.00742623 0.999945 44.719 
0.999991 -0.00181293 -0.00391768 -1.20932 0.00183497 0.999982 0.00565089 -0.465667 0.00390745 -0.00565811 0.999976 45.9774 
0.999998 -0.00194199 -0.000639043 -1.2254 0.00194441 0.99999 0.00394728 -0.481048 0.000631455 -0.0039486 0.999992 47.2157 
0.999993 -0.00178355 0.00334134 -1.23438 0.00176838 0.999988 0.0045129 -0.495648 -0.00334927 -0.00450704 0.999984 48.4513 
0.999962 -0.00142927 0.00856084 -1.23764 0.0013919 0.999989 0.00436069 -0.51176 -0.00856689 -0.0043487 0.999954 49.6787 
0.99989 0.000237527 0.0148576 -1.23773 -0.000289069 0.999994 0.00346131 -0.525693 -0.0148566 -0.00346531 0.999884 50.8929 
0.999755 0.0015941 0.0220533 -1.21765 -0.00166735 0.999993 0.00329976 -0.532385 -0.0220478 -0.0033358 0.999751 52.1331 
0.999536 0.00266896 0.0303323 -1.19868 -0.00280023 0.999987 0.00428336 -0.545678 -0.0303204 -0.0043664 0.999531 53.3252 
0.999169 0.0048626 0.0404745 -1.16481 -0.00506325 0.999975 0.00485422 -0.558559 -0.0404498 -0.0050552 0.999169 54.5087 
0.998556 0.00709272 0.053258 -1.12024 -0.00735611 0.999962 0.00474957 -0.571013 -0.0532222 -0.00513456 0.998569 55.672 
0.997681 0.0087356 0.0674975 -1.07468 -0.00914359 0.999942 0.00573665 -0.603717 -0.0674433 -0.00634059 0.997703 56.6646 
0.996444 0.0109504 0.0835433 -0.996622 -0.0115727 0.999909 0.00696682 -0.614545 -0.0834593 -0.00790894 0.99648 57.8024 
0.994808 0.0110531 0.101168 -0.899598 -0.0118982 0.999899 0.00775276 -0.62461 -0.101072 -0.0089163 0.994839 58.9228 
0.992696 0.0105041 0.120182 -0.783107 -0.0114103 0.999911 0.00685399 -0.63423 -0.1201 -0.00817533 0.992728 60.0247 
0.990067 0.00968851 0.140261 -0.646268 -0.0106288 0.999926 0.00595592 -0.644262 -0.140192 -0.00738764 0.990097 61.1075 
0.986888 0.00694709 0.161256 -0.48486 -0.00797421 0.999952 0.00572261 -0.65316 -0.161209 -0.00693355 0.986896 62.1775 
0.98317 0.00177019 0.182684 -0.294801 -0.00325467 0.999964 0.00782595 -0.661434 -0.182664 -0.00828889 0.98314 63.2478 
0.978575 -0.00370155 0.205858 -0.0803667 0.00183687 0.999955 0.00924801 -0.670218 -0.205883 -0.00867181 0.978538 64.307 
0.973244 -0.00881117 0.229604 0.156032 0.00698641 0.999937 0.00875871 -0.67831 -0.229667 -0.00692032 0.973245 65.3316 
0.966948 -0.0148848 0.254539 0.41769 0.0135189 0.999883 0.00711439 -0.685676 -0.254615 -0.00343825 0.967036 66.3301 
0.959639 -0.0184162 0.280632 0.700501 0.0169 0.999827 0.00782145 -0.693587 -0.280727 -0.00276315 0.959784 67.309 
0.951226 -0.021058 0.307775 1.00443 0.0188348 0.999771 0.0101922 -0.70116 -0.307919 -0.00389832 0.951405 68.2718 
0.941786 -0.0255209 0.335243 1.3356 0.0223985 0.999662 0.0131771 -0.707571 -0.335466 -0.00490117 0.942039 69.2159 
0.931049 -0.0286237 0.36377 1.69158 0.0256656 0.999586 0.0129638 -0.713476 -0.36399 -0.00273367 0.931399 70.1373 
0.919191 -0.0279804 0.392816 2.06664 0.0265197 0.999606 0.00914568 -0.718946 -0.392917 0.00201068 0.919572 71.0326 
0.906302 -0.0291462 0.421625 2.46894 0.0303678 0.999531 0.00381872 -0.723589 -0.421538 0.00934282 0.906762 71.9038 
0.892324 -0.0310619 0.450326 2.89942 0.0340085 0.99942 0.00154825 -0.730793 -0.450113 0.0139333 0.892863 72.7576 
0.876865 -0.031591 0.479698 3.35565 0.0333591 0.999432 0.00483957 -0.738788 -0.479578 0.0117586 0.87742 73.6033 
0.859337 -0.0304091 0.510504 3.83339 0.0290771 0.999521 0.0105922 -0.746882 -0.510582 0.00574164 0.85981 74.4324 
0.83989 -0.0305211 0.541897 4.337 0.0270685 0.999531 0.0143425 -0.754761 -0.542081 0.00262218 0.840322 75.2335 
0.819002 -0.0242985 0.573276 4.86298 0.0230229 0.99969 0.00948072 -0.758021 -0.573328 0.0054337 0.819308 76.0089 
0.797222 -0.0174254 0.603435 5.41442 0.020049 0.999796 0.00238337 -0.761098 -0.603353 0.0101981 0.797409 76.7577 
0.774899 -0.015092 0.631905 5.99456 0.0191595 0.999816 0.000383713 -0.765263 -0.631794 0.0118096 0.775046 77.4825 
0.751698 -0.0174712 0.659276 6.60097 0.0201277 0.999791 0.00354553 -0.774214 -0.659201 0.0106045 0.751892 78.18 
0.727299 -0.0176948 0.686092 7.22263 0.0202881 0.999785 0.00427844 -0.787271 -0.68602 0.0108077 0.727502 78.8486 
0.702131 -0.015691 0.711875 7.86344 0.0208319 0.999782 0.00149017 -0.796391 -0.711743 0.0137834 0.702304 79.4876 
0.675925 -0.013161 0.736852 8.52435 0.0205992 0.999787 -0.00103881 -0.803066 -0.736682 0.0158807 0.676053 80.1049 
0.648964 -0.0106657 0.760744 9.20707 0.0187744 0.999822 -0.0019983 -0.812925 -0.760587 0.0155793 0.649049 80.7007 
0.621027 -0.00915677 0.783736 9.91455 0.0186273 0.999822 -0.0030789 -0.825801 -0.783568 0.016511 0.621087 81.271 
0.592337 -0.00250351 0.805686 10.6407 0.017113 0.999809 -0.00947487 -0.840003 -0.805508 0.0194 0.592267 81.8161 
0.562333 0.00692652 0.826882 11.3856 0.0158383 0.999691 -0.0191453 -0.856745 -0.826759 0.0238624 0.56205 82.3378 
0.531389 0.0153888 0.846988 12.1511 0.0146971 0.999517 -0.0273809 -0.87864 -0.847 0.0269982 0.530906 82.8346 
0.499566 0.0204464 0.866034 12.942 0.0121272 0.999458 -0.030592 -0.906252 -0.866191 0.0257853 0.499047 83.3092 
0.467096 0.0201304 0.883977 13.7577 0.0100816 0.999554 -0.0280896 -0.938515 -0.884149 0.0220325 0.466685 83.7551 
0.433846 0.0190339 0.900786 14.5903 0.00532172 0.999705 -0.0236873 -0.970366 -0.900971 0.0150703 0.433617 84.1742 
0.399382 0.0205306 0.916555 15.4404 0.00110043 0.999738 -0.0228735 -1.00003 -0.916784 0.0101438 0.399254 84.5653 
0.36422 0.0237757 0.931009 16.3072 -0.00613644 0.999714 -0.0231298 -1.02832 -0.931293 0.00271123 0.364262 84.9265 
0.32837 0.0258556 0.944195 17.1964 -0.0111319 0.999662 -0.0235032 -1.0552 -0.944484 -0.002793 0.328546 85.2565 
0.292359 0.0254171 0.955971 18.107 -0.0138113 0.999655 -0.0223548 -1.08186 -0.956209 -0.00666758 0.292609 85.5486 
0.25613 0.0250769 0.966317 19.0362 -0.014575 0.99965 -0.0220788 -1.10972 -0.966532 -0.00842899 0.256406 85.805 
0.220239 0.0246438 0.975135 19.9775 -0.0139131 0.999658 -0.0221213 -1.13773 -0.975347 -0.00869514 0.220507 86.0237 
0.184988 0.0234216 0.982461 20.9234 -0.0116779 0.999698 -0.0216338 -1.16411 -0.982671 -0.0074711 0.185206 86.205 
0.150713 0.022425 0.988323 21.8807 -0.00350342 0.999748 -0.0221501 -1.19347 -0.988571 -0.000124212 0.150753 86.3458 
0.117258 0.0259655 0.992762 22.8462 -0.00122245 0.999661 -0.0260017 -1.22414 -0.993101 0.00183531 0.11725 86.458 
0.0847497 0.0311357 0.995916 23.8151 -0.000323853 0.999512 -0.0312207 -1.25446 -0.996402 0.00232341 0.0847185 86.5431 
0.0559786 0.0350725 0.997816 24.7882 0.00661146 0.999348 -0.0354973 -1.28848 -0.99841 0.00858411 0.0557102 86.593 
0.0308065 0.0333884 0.998967 25.7766 0.00848604 0.999397 -0.0336646 -1.32463 -0.999489 0.00951437 0.0305046 86.6226 
0.00863201 0.0305498 0.999496 26.7712 0.0102193 0.999478 -0.0306376 -1.36188 -0.99991 0.0104786 0.00831531 86.6342 
-0.00983075 0.0279975 0.99956 27.7698 0.0106835 0.999554 -0.0278923 -1.40012 -0.999895 0.0104046 -0.0101255 86.6257 
-0.0261512 0.0312213 0.99917 28.7653 0.0122932 0.999447 -0.0309083 -1.43691 -0.999582 0.0114748 -0.0265205 86.6007 
-0.0404913 0.0357015 0.998542 29.7581 0.0151971 0.999268 -0.0351113 -1.4743 -0.999064 0.0137533 -0.0410043 86.5607 
-0.0523033 0.0407772 0.997798 30.7514 0.0196528 0.999014 -0.0397968 -1.51718 -0.998438 0.0175281 -0.0530532 86.5093 
-0.0610467 0.0441706 0.997157 31.7511 0.0250872 0.998773 -0.0427063 -1.56564 -0.99782 0.0224088 -0.0620799 86.447 
-0.0669425 0.0495127 0.996527 32.7533 0.0289172 0.998445 -0.0476655 -1.61707 -0.997338 0.0256259 -0.0682702 86.3801 
-0.070385 0.0543393 0.996039 33.7561 0.0307671 0.998158 -0.0522808 -1.67205 -0.997045 0.0269654 -0.0719272 86.3131 
-0.0730508 0.0584114 0.995616 34.7629 0.0329242 0.99788 -0.0561286 -1.73195 -0.996785 0.0286796 -0.0748191 86.2414 
-0.075636 0.0614031 0.995243 35.7727 0.0332133 0.997703 -0.0590308 -1.79603 -0.996582 0.0285905 -0.0775017 86.1699 
-0.0779175 0.0649015 0.994845 36.7838 0.0342423 0.997464 -0.0623905 -1.86434 -0.996372 0.0292044 -0.0799423 86.0943 
-0.0797091 0.06871 0.994447 37.7976 0.0355015 0.997184 -0.0660536 -1.93218 -0.996186 0.0300393 -0.081924 86.0167 
-0.081824 0.070261 0.994167 38.8159 0.0381578 0.997001 -0.0673209 -2.00311 -0.995916 0.0324267 -0.0842597 85.9345 
-0.0838342 0.0691148 0.99408 39.8387 0.0382601 0.997079 -0.0660968 -2.0768 -0.995745 0.0324924 -0.0862337 85.8556 
-0.0859826 0.0688263 0.993916 40.8647 0.0376966 0.997121 -0.0657872 -2.15287 -0.995583 0.0318108 -0.0883296 85.7743 
-0.0880788 0.0703417 0.993627 41.8925 0.0375974 0.997027 -0.0672498 -2.22389 -0.995404 0.0314345 -0.0904616 85.6898 
-0.0903919 0.0727226 0.993247 42.9199 0.0366017 0.996899 -0.0696591 -2.29779 -0.995233 0.0300579 -0.0927734 85.6074 
-0.0929704 0.0751215 0.992831 43.952 0.0349818 0.99678 -0.0721447 -2.3766 -0.995054 0.0280237 -0.095299 85.5232 
-0.0953092 0.0788846 0.992317 44.9917 0.0326945 0.996565 -0.0760822 -2.45787 -0.994911 0.025192 -0.097561 85.4335 
-0.0974794 0.0832014 0.991754 46.0278 0.0293142 0.996307 -0.0807022 -2.54389 -0.994806 0.0212057 -0.0995584 85.3437 
-0.0999485 0.0857282 0.991292 47.0654 0.0271079 0.996146 -0.0834148 -2.63165 -0.994623 0.0185346 -0.101887 85.2508 
-0.102671 0.0843719 0.991131 48.1104 0.0251037 0.996299 -0.0822115 -2.72162 -0.994399 0.0164403 -0.104409 85.155 
-0.105441 0.0803526 0.991174 49.1633 0.0220167 0.996674 -0.0784564 -2.81216 -0.994182 0.0135498 -0.10686 85.058 
-0.107709 0.0788168 0.991053 50.2163 0.0222208 0.996794 -0.0768585 -2.90109 -0.993934 0.0137437 -0.109115 84.9553 
-0.109634 0.079417 0.990794 51.271 0.0213716 0.996761 -0.0775305 -2.9894 -0.993742 0.0126748 -0.110977 84.8518 
-0.110831 0.0822958 0.990426 52.3231 0.0225929 0.996517 -0.0802737 -3.07731 -0.993582 0.0134798 -0.112304 84.7448 
-0.111527 0.0850588 0.990114 53.3759 0.0230112 0.996284 -0.0829969 -3.1687 -0.993495 0.0135273 -0.11307 84.6368 
-0.11178 0.0858897 0.990014 54.4356 0.0216445 0.996232 -0.0839854 -3.26186 -0.993497 0.0120405 -0.113218 84.5287 
-0.111511 0.0847249 0.990145 55.5012 0.0185799 0.996363 -0.0831645 -3.35694 -0.993589 0.00912299 -0.11268 84.4247 
-0.11162 0.0841911 0.990178 56.5666 0.0147598 0.996435 -0.0830593 -3.45443 -0.993641 0.00534376 -0.112465 84.3239 
-0.111571 0.0853278 0.990086 57.6352 0.0109249 0.996352 -0.0846367 -3.55147 -0.993696 0.00137359 -0.112096 84.2222 
-0.111778 0.0856287 0.990037 58.7125 0.00664774 0.996323 -0.0854218 -3.6481 -0.993711 -0.00296681 -0.111937 84.1202 
-0.112031 0.0852477 0.990041 59.7941 0.00327262 0.99634 -0.0854198 -3.74614 -0.993699 -0.00632963 -0.1119 84.0172 
-0.112157 0.0801633 0.990452 60.8868 0.00362022 0.996767 -0.0802645 -3.84099 -0.993684 -0.00541657 -0.112085 83.908 
-0.112278 0.0715712 0.991096 61.9905 0.00689379 0.997435 -0.0712481 -3.93272 -0.993653 -0.00116721 -0.112484 83.7926 
-0.111923 0.0662482 0.991506 63.0982 0.0122348 0.997791 -0.0652871 -4.01825 -0.993642 0.00482379 -0.112486 83.6726 
-0.110998 0.068674 0.991445 64.201 0.0205218 0.997555 -0.0667997 -4.0971 -0.993609 0.0129316 -0.112136 83.5476 
-0.109622 0.0743499 0.991189 65.3028 0.0259596 0.997072 -0.0719203 -4.17565 -0.993634 0.0178468 -0.111231 83.4259 
-0.108543 0.0801547 0.990855 66.4117 0.0295024 0.996565 -0.0773848 -4.26149 -0.993654 0.020833 -0.110535 83.3088 
-0.107824 0.0846044 0.990563 67.5266 0.0302082 0.996191 -0.0817969 -4.35431 -0.993711 0.0211035 -0.109969 83.1949 
-0.10753 0.0819604 0.990818 68.6539 0.0271632 0.996466 -0.0794798 -4.44859 -0.993831 0.0183673 -0.109377 83.0862 
-0.107139 0.0774501 0.991223 69.7932 0.0263337 0.996833 -0.0750422 -4.54406 -0.993895 0.0180626 -0.108839 82.9716 
-0.106799 0.0754858 0.991411 70.9319 0.0239361 0.99702 -0.0733345 -4.63405 -0.993992 0.0158984 -0.108288 82.8603 
-0.10651 0.0764171 0.991371 72.0711 0.0220126 0.996979 -0.0744845 -4.72245 -0.994068 0.0138893 -0.107871 82.7498 
-0.106108 0.0817103 0.990992 73.2108 0.0228868 0.996555 -0.0797186 -4.81436 -0.994091 0.0142219 -0.107612 82.6374 
-0.105266 0.0844264 0.990854 74.3553 0.0225088 0.996337 -0.0825023 -4.91005 -0.994189 0.0136183 -0.10678 82.5238 
-0.10475 0.0834589 0.99099 75.5092 0.0227792 0.996412 -0.0815078 -5.00839 -0.994238 0.0140361 -0.106275 82.4108 
-0.103771 0.0766383 0.991644 76.6736 0.0243062 0.996924 -0.074503 -5.10692 -0.994304 0.0163718 -0.105315 82.2943 
-0.104149 0.0752967 0.991707 77.8338 0.023586 0.997036 -0.0732244 -5.1994 -0.994282 0.0157641 -0.105617 82.1811 
-0.103645 0.0784594 0.991515 78.9881 0.0210999 0.996833 -0.0766747 -5.29148 -0.99439 0.0129739 -0.104972 82.0784 
-0.103226 0.0816501 0.991301 80.1569 0.0205023 0.996588 -0.0799507 -5.38528 -0.994447 0.012071 -0.104548 81.9685 
-0.103155 0.0812574 0.991341 81.337 0.0196108 0.99663 -0.0796504 -5.48308 -0.994472 0.0112247 -0.104401 81.8585 
-0.102935 0.0777364 0.991646 82.5199 0.0191233 0.996912 -0.0761643 -5.58293 -0.994504 0.0111236 -0.104103 81.7494 
-0.101909 0.0765963 0.99184 83.7064 0.0198043 0.99699 -0.0749592 -5.68084 -0.994596 0.0120036 -0.10312 81.6371 
-0.100669 0.0770692 0.99193 84.8991 0.0213046 0.996934 -0.0752959 -5.77659 -0.994692 0.0135527 -0.102003 81.5249 
-0.0994548 0.0773306 0.992033 86.096 0.0237741 0.996876 -0.0753247 -5.87161 -0.994758 0.0160933 -0.100983 81.4108 
-0.0982071 0.0768909 0.992191 87.2963 0.0233897 0.996913 -0.0749418 -5.96892 -0.994891 0.0158473 -0.0997025 81.3024 
-0.0968031 0.0775714 0.992276 88.4999 0.024603 0.99684 -0.0755281 -6.06554 -0.994999 0.0171016 -0.0984057 81.1959 
-0.0956268 0.0758474 0.992523 89.7108 0.0247453 0.996966 -0.0738028 -6.16221 -0.99511 0.0175028 -0.0972135 81.0903 
-0.0945106 0.0751374 0.992684 90.9274 0.0231107 0.997044 -0.0732672 -6.25816 -0.995255 0.0160171 -0.0959677 80.9897 
-0.0931506 0.0746454 0.99285 92.1486 0.0241722 0.997061 -0.0726942 -6.35094 -0.995358 0.0172279 -0.0946812 80.8872 
-0.0914451 0.0756321 0.992934 93.3738 0.0221819 0.997019 -0.0739005 -6.44729 -0.995563 0.0152673 -0.0928502 80.7882 
-0.089838 0.0784357 0.992863 94.6 0.0227028 0.996796 -0.0766923 -6.54382 -0.995698 0.0156509 -0.0913309 80.6875 
-0.0886616 0.0774534 0.993046 95.8318 0.0204699 0.996903 -0.0759267 -6.64154 -0.995851 0.0135957 -0.0899725 80.5928 
-0.0881716 0.0761918 0.993187 97.0686 0.0169662 0.997041 -0.0749813 -6.74367 -0.995961 0.0102394 -0.0892034 80.5018 
-0.0879769 0.0774201 0.993109 98.3065 0.0142084 0.996971 -0.0764626 -6.84177 -0.996021 0.00738356 -0.0888104 80.4095 
-0.0882383 0.07696 0.993122 99.5524 0.0114977 0.997023 -0.0762408 -6.94161 -0.996033 0.00469126 -0.0888605 80.3158 
-0.0892958 0.0744848 0.993216 100.804 0.00888567 0.99722 -0.0739863 -7.04331 -0.995965 0.00221874 -0.0897094 80.2217 
-0.0906422 0.0731105 0.993196 102.066 0.00667243 0.997324 -0.0728055 -7.14393 -0.995861 2.77927e-05 -0.0908874 80.1271 
-0.0921639 0.0725896 0.993094 103.323 0.00487316 0.99736 -0.0724492 -7.24131 -0.995732 -0.00183769 -0.0922743 80.0297 
-0.093739 0.0728218 0.99293 104.577 0.0049157 0.997343 -0.0726814 -7.34186 -0.995585 -0.00193213 -0.093848 79.9269 
-0.095965 0.0715242 0.992812 105.838 0.00460035 0.997436 -0.0714128 -7.44102 -0.995374 -0.00228585 -0.0960481 79.8197 
-0.09904 0.0668799 0.992833 107.103 0.00191302 0.99775 -0.0670203 -7.53944 -0.995082 -0.00473837 -0.0989451 79.713 
-0.103352 0.0667776 0.992401 108.354 0.00135405 0.997752 -0.0669967 -7.63581 -0.994644 -0.00558047 -0.10321 79.6002 
-0.109065 0.0728324 0.991363 109.585 -0.00371147 0.997275 -0.0736751 -7.7321 -0.994028 -0.0117148 -0.108498 79.4903 
-0.115936 0.075936 0.99035 110.821 -0.00287313 0.997043 -0.0767857 -7.8324 -0.993252 -0.0117476 -0.115375 79.3655 
-0.124542 0.0719349 0.989603 112.073 -0.00106555 0.997358 -0.0726328 -7.93632 -0.992214 -0.0101003 -0.124136 79.2177 
-0.135009 0.0698206 0.988381 113.327 0.00113556 0.997524 -0.0703114 -8.04046 -0.990844 -0.00837028 -0.134754 79.0553 
-0.147736 0.0708305 0.986487 114.562 0.00157003 0.997448 -0.0713824 -8.13718 -0.989025 -0.00899695 -0.147471 78.8818 
-0.161915 0.0710452 0.984244 115.78 0.00356212 0.99744 -0.0714119 -8.23381 -0.986798 -0.00805667 -0.161754 78.6973 
-0.176189 0.0688107 0.981948 116.996 0.00431062 0.997598 -0.069134 -8.3334 -0.984347 -0.00794783 -0.176062 78.4945 
-0.191632 0.0712721 0.978875 118.196 0.00863067 0.997444 -0.0709345 -8.43165 -0.981429 -0.00514497 -0.191757 78.2713 
-0.206947 0.0746041 0.975503 119.378 0.0091298 0.997192 -0.074326 -8.53062 -0.978309 -0.00647539 -0.207047 78.0386 
-0.222158 0.0784938 0.971846 120.555 0.00912363 0.996878 -0.07843 -8.63233 -0.974968 -0.00855707 -0.22218 77.7889 
-0.238312 0.0764939 0.968171 121.733 0.00568603 0.996986 -0.077371 -8.73528 -0.971172 -0.0129334 -0.238029 77.5225 
-0.254299 0.0708309 0.964528 122.912 0.000284433 0.99732 -0.0731641 -8.83964 -0.967126 -0.0183312 -0.253638 77.2393 
-0.270026 0.0669354 0.960523 124.083 -0.00350136 0.997506 -0.0704969 -8.93883 -0.962846 -0.0223992 -0.269118 76.9366 
-0.285222 0.0684663 0.956013 125.248 -0.00517419 0.997321 -0.0729684 -9.03558 -0.958447 -0.0257588 -0.284104 76.6156 
-0.299764 0.0704291 0.95141 126.403 -0.00532146 0.997132 -0.0754905 -9.13308 -0.953999 -0.0276922 -0.298529 76.2744 
-0.313615 0.0726904 0.946764 127.551 -0.00350948 0.99697 -0.0777076 -9.23507 -0.949544 -0.0276929 -0.312409 75.9115 
-0.327766 0.0726971 0.941958 128.692 -0.00122471 0.997002 -0.0773715 -9.33686 -0.944758 -0.0265134 -0.326695 75.5305 
-0.341744 0.0706772 0.937132 129.83 -0.00139946 0.997129 -0.0757125 -9.43925 -0.939792 -0.0271857 -0.340664 75.1332 
-0.356304 0.069395 0.93179 130.956 -0.00158243 0.997192 -0.074871 -9.54161 -0.934369 -0.0281513 -0.355193 74.7196 
-0.371023 0.0708524 0.925917 132.069 -0.00280862 0.996995 -0.0774168 -9.64269 -0.92862 -0.0313239 -0.369709 74.2934 
-0.38583 0.0730656 0.919672 133.171 -0.00180416 0.996797 -0.0799499 -9.74352 -0.922568 -0.0325063 -0.384462 73.8489 
-0.400384 0.074794 0.91329 134.271 -0.000361782 0.99665 -0.0817795 -9.84759 -0.916347 -0.0330736 -0.399015 73.3824 
-0.414803 0.0774857 0.906606 135.363 0.00258344 0.996464 -0.0839837 -9.95436 -0.909908 -0.0324945 -0.413536 72.8946 
-0.429521 0.0810682 0.899411 136.454 0.00261233 0.99607 -0.088533 -10.0647 -0.903053 -0.0356772 -0.428045 72.3914 
-0.444613 0.0834124 0.89183 137.538 0.00381208 0.995822 -0.0912383 -10.1757 -0.895715 -0.037166 -0.443073 71.869 
-0.459752 0.080931 0.884352 138.627 0.00286561 0.995969 -0.0896559 -10.289 -0.888043 -0.0386852 -0.45813 71.3211 
-0.475855 0.0766844 0.876174 139.715 0.00027829 0.996205 -0.0870386 -10.4036 -0.879524 -0.0411739 -0.47407 70.7566 
-0.491962 0.0769859 0.867206 140.788 0.000141659 0.99609 -0.0883471 -10.5155 -0.870617 -0.0433405 -0.490049 70.1707 
-0.508063 0.0761011 0.857951 141.857 -0.00109246 0.996031 -0.088996 -10.628 -0.861319 -0.0461529 -0.505964 69.565 
-0.523977 0.0751326 0.848412 142.917 -0.00150633 0.996018 -0.0891345 -10.7434 -0.851731 -0.0479824 -0.521777 68.9371 
-0.539776 0.0746667 0.83849 143.966 -0.00270131 0.9959 -0.0904228 -10.8627 -0.841804 -0.0510731 -0.537361 68.2906 
-0.555309 0.0739543 0.828349 145.009 -0.00293688 0.995858 -0.0908782 -10.9815 -0.831639 -0.0528982 -0.552792 67.6209 
-0.570861 0.0711815 0.817956 146.051 -0.00337314 0.996023 -0.0890318 -11.1002 -0.82104 -0.0535838 -0.56835 66.9274 
-0.586269 0.0676685 0.807285 147.083 -0.00311342 0.99631 -0.085774 -11.2176 -0.81011 -0.0528001 -0.583895 66.2109 
-0.601499 0.0660984 0.796135 148.099 -0.00195739 0.996446 -0.084208 -11.3333 -0.798871 -0.0522093 -0.599232 65.4747 
-0.616545 0.0642303 0.784695 149.107 -0.00285955 0.996477 -0.0838124 -11.448 -0.787314 -0.053918 -0.61419 64.7161 
-0.631721 0.0652682 0.772443 150.101 -0.00412818 0.996152 -0.0875469 -11.5643 -0.775185 -0.058494 -0.629021 63.94 
-0.647269 0.0647173 0.759509 151.081 -0.00624551 0.995906 -0.090183 -11.6812 -0.762236 -0.0631162 -0.644215 63.1441 
-0.663631 0.0613751 0.745538 152.063 -0.00801664 0.995988 -0.0891289 -11.8015 -0.748017 -0.0651254 -0.660476 62.3217 
-0.680593 0.0537014 0.730691 153.057 -0.0115438 0.9964 -0.0839818 -11.9273 -0.732571 -0.0655923 -0.677523 61.466 
-0.698083 0.0511424 0.714188 154.003 -0.0123187 0.99644 -0.0833952 -12.0435 -0.715911 -0.0670146 -0.694968 60.5971 
-0.716113 0.0483312 0.696309 154.943 -0.0140744 0.996397 -0.0836352 -12.1558 -0.697843 -0.0696923 -0.712852 59.6993 
-0.734096 0.0444918 0.677586 155.85 -0.0171677 0.996316 -0.0840198 -12.2701 -0.678829 -0.0733112 -0.730628 58.7778 
-0.750985 0.0425625 0.658946 156.721 -0.0166191 0.996386 -0.0832987 -12.3858 -0.66011 -0.0735072 -0.747563 57.8298 
-0.767178 0.0446366 0.639879 157.566 -0.0142815 0.99614 -0.0866113 -12.5046 -0.641275 -0.0755847 -0.763579 56.8599 
-0.782532 0.0440222 0.621052 158.387 -0.0108138 0.996386 -0.0842525 -12.6226 -0.622517 -0.0726461 -0.779227 55.8627 
-0.797368 0.0452822 0.601792 159.185 -0.00651355 0.996477 -0.0836109 -12.744 -0.603459 -0.0705884 -0.794264 54.8413 
-0.812167 0.0463978 0.581576 159.953 -0.00472518 0.996277 -0.086081 -12.8629 -0.583405 -0.0726602 -0.808924 53.8108 
-0.826035 0.0480843 0.561564 160.695 -0.00341919 0.995908 -0.0903048 -12.9848 -0.563609 -0.0765149 -0.82249 52.762 
-0.83923 0.0487373 0.541588 161.411 -0.000396961 0.99592 -0.0902376 -13.1067 -0.543776 -0.0759451 -0.835787 51.6889 
-0.851109 0.0468157 0.522898 162.102 0.0009679 0.996154 -0.0876114 -13.2311 -0.524989 -0.0740607 -0.847881 50.5982 
-0.861836 0.0484769 0.504865 162.762 0.0037495 0.996003 -0.0892352 -13.3539 -0.507174 -0.0750131 -0.858573 49.5025 
-0.871449 0.0511692 0.487809 163.397 0.00654805 0.995668 -0.0927438 -13.474 -0.490442 -0.0776273 -0.86801 48.4021 
-0.880639 0.0490803 0.471239 164.021 0.00511083 0.995546 -0.0941367 -13.6003 -0.473761 -0.080492 -0.876967 47.2788 
-0.889123 0.0462968 0.45532 164.623 0.00397794 0.995614 -0.0934658 -13.7275 -0.457651 -0.0812914 -0.885408 46.1441 
-0.896615 0.044213 0.440598 165.229 0.00309619 0.995604 -0.0936059 -13.8617 -0.4428 -0.0825643 -0.892811 44.9798 
-0.903616 0.0422051 0.426258 165.806 0.00264829 0.995665 -0.0929698 -13.9916 -0.428335 -0.0828802 -0.899811 43.8186 
-0.910137 0.0394468 0.412424 166.365 0.00144646 0.995753 -0.092048 -14.1213 -0.414304 -0.0831797 -0.90633 42.6547 
-0.916069 0.0343604 0.399545 166.903 -0.00112233 0.996099 -0.0882367 -14.2474 -0.401018 -0.0812793 -0.912457 41.4882 
-0.921345 0.030952 0.387511 167.426 -0.00218233 0.996398 -0.0847747 -14.371 -0.388739 -0.0789525 -0.917959 40.3092 
-0.92578 0.0311847 0.376773 167.929 0.000376808 0.996668 -0.0815662 -14.488 -0.378061 -0.0753704 -0.922707 39.1209 
-0.929023 0.0352342 0.36834 168.416 0.00477115 0.996514 -0.0832894 -14.6039 -0.369991 -0.0756203 -0.925953 37.9297 
-0.931242 0.0405423 0.36214 168.887 0.0103449 0.996332 -0.0849397 -14.7184 -0.364255 -0.0753531 -0.928246 36.7344 
-0.93308 0.0440229 0.356963 169.352 0.0135358 0.996076 -0.0874607 -14.833 -0.359413 -0.0767761 -0.930015 35.5433 
-0.934909 0.0413127 0.352475 169.819 0.0114276 0.996191 -0.0864504 -14.9515 -0.354704 -0.0767953 -0.931819 34.3488 
-0.936866 0.0339367 0.348037 170.291 0.00534085 0.996552 -0.082796 -15.0696 -0.349647 -0.07571 -0.933817 33.1491 
-0.938768 0.0278547 0.343421 170.758 -6.23793e-05 0.996713 -0.0810134 -15.1859 -0.344549 -0.0760742 -0.935681 31.9451 
-0.940548 0.0214381 0.338983 171.221 -0.0070508 0.996559 -0.0825882 -15.2986 -0.339587 -0.0800683 -0.93716 30.7438 
-0.941882 0.0191123 0.3354 171.673 -0.0101981 0.996294 -0.0854109 -15.4138 -0.33579 -0.0838674 -0.938196 29.5422 
-0.942635 0.019525 0.333253 172.118 -0.0104502 0.996073 -0.0879183 -15.5319 -0.333661 -0.0863574 -0.938729 28.3389 
-0.942884 0.020118 0.332512 172.561 -0.0105078 0.995882 -0.0900503 -15.652 -0.332955 -0.088401 -0.93879 27.1343 
-0.942743 0.0229063 0.332732 173.002 -0.008223 0.995739 -0.0918484 -15.7766 -0.333418 -0.0893255 -0.938538 25.9242 
-0.942345 0.0237465 0.333798 173.446 -0.00806426 0.995578 -0.0935918 -15.904 -0.334545 -0.0908876 -0.937987 24.7182 
-0.941934 0.024798 0.334882 173.894 -0.00775034 0.995398 -0.0955089 -16.0325 -0.33571 -0.0925585 -0.937407 23.5122 
-0.941216 0.0261424 0.336793 174.34 -0.0063812 0.995447 -0.0951015 -16.1629 -0.337746 -0.0916601 -0.936764 22.308 
-0.940352 0.0256412 0.339235 174.789 -0.00738211 0.995383 -0.0956995 -16.2937 -0.340122 -0.0924955 -0.935821 21.1099 
-0.938925 0.0244597 0.34325 175.241 -0.00910607 0.995355 -0.095837 -16.4233 -0.344 -0.0931094 -0.934342 19.9194 
-0.937088 0.0230998 0.348329 175.696 -0.0103333 0.995536 -0.0938188 -16.5506 -0.348941 -0.0915158 -0.932665 18.7242 
-0.934869 0.0211299 0.354364 176.163 -0.0120293 0.995768 -0.0911107 -16.6776 -0.35479 -0.0894393 -0.930658 17.5298 
-0.932147 0.0189617 0.361584 176.639 -0.0140503 0.995981 -0.0884509 -16.8012 -0.361808 -0.0875295 -0.928134 16.3403 
-0.929201 0.0213048 0.36896 177.118 -0.0122557 0.996012 -0.0883777 -16.924 -0.369372 -0.0866425 -0.925234 15.1617 
-0.925648 0.0216384 0.377766 177.605 -0.0129634 0.995964 -0.0888131 -17.0425 -0.378163 -0.0871068 -0.921632 13.9961 
-0.921576 0.0246237 0.387415 178.098 -0.0116818 0.995775 -0.091079 -17.1649 -0.388021 -0.0884619 -0.917395 12.8453 
-0.916984 0.0260193 0.398074 178.607 -0.0110275 0.995836 -0.0904931 -17.2851 -0.398771 -0.0873705 -0.912879 11.6957 
-0.911727 0.0278184 0.409852 179.138 -0.0109862 0.995696 -0.0920213 -17.4104 -0.410648 -0.088401 -0.907498 10.548 
-0.90572 0.0299051 0.422821 179.688 -0.0107056 0.995576 -0.0933471 -17.5348 -0.423742 -0.0890729 -0.901393 9.3992 
-0.899213 0.0324222 0.436308 180.252 -0.00944945 0.995578 -0.0934568 -17.6603 -0.437409 -0.0881604 -0.894931 8.25148 
-0.892687 0.0316273 0.449566 180.837 -0.010551 0.995794 -0.0910055 -17.7862 -0.450554 -0.0859828 -0.888599 7.11743 
-0.885707 0.0346068 0.462953 181.438 -0.00888901 0.995771 -0.0914424 -17.9113 -0.464159 -0.0851064 -0.881653 5.98487 
-0.878424 0.0369243 0.476453 182.053 -0.00736997 0.995845 -0.0907641 -18.0328 -0.477825 -0.0832408 -0.874502 4.86539 
-0.870655 0.0384766 0.490388 182.68 -0.00600707 0.99603 -0.0888153 -18.1565 -0.491858 -0.0802733 -0.866967 3.76793 
-0.862574 0.0402299 0.50433 183.323 -0.00388693 0.996277 -0.0861201 -18.2785 -0.505917 -0.0762452 -0.859206 2.68653 
-0.854062 0.0429449 0.518395 183.979 -0.00129312 0.996408 -0.084675 -18.3998 -0.520169 -0.0729881 -0.850939 1.61988 
-0.844529 0.0462999 0.533505 184.65 0.00192542 0.996511 -0.0834338 -18.5172 -0.535506 -0.069435 -0.841672 0.570353 
-0.833739 0.0490093 0.549979 185.334 0.00430878 0.9966 -0.0822765 -18.6331 -0.552142 -0.0662273 -0.831116 -0.459766 
-0.822324 0.0521086 0.566629 186.039 0.00707556 0.996657 -0.0813868 -18.7471 -0.568976 -0.062917 -0.819944 -1.47848 
-0.810669 0.0538789 0.583021 186.766 0.00809804 0.996693 -0.0808479 -18.8602 -0.585449 -0.0608195 -0.808425 -2.47683 
-0.798453 0.0560189 0.599445 187.517 0.0091711 0.996678 -0.0809251 -18.9693 -0.601987 -0.0591173 -0.796314 -3.46396 
-0.785208 0.0584493 0.616468 188.285 0.0107075 0.996668 -0.080859 -19.0786 -0.61914 -0.0568903 -0.783217 -4.43466 
-0.770871 0.0595865 0.634198 189.07 0.0121255 0.996807 -0.0789171 -19.1855 -0.636876 -0.0531448 -0.769132 -5.38654 
-0.754999 0.0614338 0.652841 189.876 0.0140148 0.996886 -0.0776013 -19.2927 -0.655576 -0.0494395 -0.753509 -6.31382 
-0.737841 0.0643039 0.671904 190.695 0.0152129 0.996783 -0.0786904 -19.4 -0.674803 -0.0478394 -0.736446 -7.211 
-0.720184 0.0672206 0.690519 191.528 0.0155184 0.996607 -0.0808326 -19.5083 -0.693609 -0.0474985 -0.718783 -8.07307 
-0.701886 0.0680362 0.709032 192.385 0.014441 0.996582 -0.081333 -19.6161 -0.712143 -0.0468474 -0.70047 -8.91118 
-0.682197 0.0682791 0.727973 193.264 0.0132986 0.996624 -0.0810146 -19.7259 -0.731047 -0.0455869 -0.680802 -9.73212 
-0.661642 0.0679266 0.746737 194.16 0.0108908 0.996654 -0.0810105 -19.8329 -0.749741 -0.0454673 -0.660167 -10.5205 
-0.642198 0.0680681 0.763511 195.052 0.00709519 0.996535 -0.0828748 -19.9316 -0.766506 -0.0478047 -0.640455 -11.2129 
-0.62099 0.0677425 0.780886 195.983 0.00400053 0.996519 -0.0832675 -20.04 -0.783809 -0.0485843 -0.619099 -11.9409 
-0.599149 0.067915 0.797752 196.933 0.00239548 0.996543 -0.0830397 -20.1468 -0.800634 -0.0478421 -0.59724 -12.6454 
-0.575784 0.0679043 0.814777 197.901 0.00178317 0.996647 -0.0818014 -20.2541 -0.8176 -0.0456471 -0.573975 -13.3266 
-0.551097 0.0687771 0.831602 198.885 0.000741132 0.996637 -0.0819351 -20.359 -0.834441 -0.0445379 -0.549295 -13.9724 
-0.524841 0.0719844 0.848151 199.885 0.00198289 0.996518 -0.0833497 -20.4637 -0.851198 -0.0420635 -0.523156 -14.5925 
-0.49764 0.0727415 0.864328 200.906 0.000823472 0.996516 -0.0833923 -20.5663 -0.867383 -0.0407876 -0.495966 -15.1773 
-0.470056 0.0718491 0.879707 201.944 -0.00173791 0.996604 -0.0823252 -20.6681 -0.882635 -0.0402263 -0.468335 -15.7216 
-0.441422 0.0700315 0.894563 203 -0.00373636 0.996797 -0.0798788 -20.7709 -0.897292 -0.0386026 -0.439746 -16.2375 
-0.411454 0.0713189 0.908636 204.066 -0.00415515 0.996777 -0.0801187 -20.873 -0.911421 -0.0367407 -0.409831 -16.7093 
-0.380283 0.0740195 0.921903 205.146 -0.00504301 0.996611 -0.0820981 -20.9705 -0.924856 -0.0358697 -0.378621 -17.1443 
-0.34804 0.0760111 0.934393 206.247 -0.00514215 0.996538 -0.0829818 -21.0669 -0.937465 -0.0336858 -0.346444 -17.5534 
-0.315906 0.076542 0.945698 207.351 -0.00427729 0.996615 -0.082092 -21.1681 -0.948781 -0.0299784 -0.31451 -17.9138 
-0.282746 0.0765935 0.956132 208.479 -0.00539258 0.996664 -0.0814352 -21.2708 -0.95918 -0.0281815 -0.28139 -18.2441 
-0.248653 0.0755992 0.965638 209.62 -0.00510077 0.996833 -0.079355 -21.3717 -0.968579 -0.0246573 -0.24748 -18.5366 
-0.213825 0.0737834 0.974081 210.768 -0.00646352 0.997015 -0.0769394 -21.4717 -0.97685 -0.0227476 -0.21271 -18.7878 
-0.178653 0.0725823 0.981231 211.921 -0.00630253 0.99717 -0.0749089 -21.5721 -0.983892 -0.0195669 -0.17769 -18.9976 
-0.142994 0.0721993 0.987087 213.084 -0.00628809 0.997249 -0.0738536 -21.6699 -0.989704 -0.0167675 -0.142147 -19.1685 
-0.107093 0.0717611 0.991656 214.245 -0.00674395 0.997316 -0.0728991 -21.7637 -0.994226 -0.0144946 -0.106322 -19.295 
-0.0709133 0.0717986 0.994895 215.407 -0.00715731 0.997344 -0.0724855 -21.8569 -0.997457 -0.012261 -0.070211 -19.3796 
-0.0352682 0.0725825 0.996739 216.575 -0.009359 0.997291 -0.0729539 -21.9481 -0.999334 -0.0119014 -0.0344934 -19.4198 
-0.000432939 0.0722526 0.997386 217.741 -0.0108371 0.997327 -0.0722531 -22.0382 -0.999941 -0.0108401 0.000351233 -19.4191 
0.0334517 0.0716543 0.996868 218.905 -0.0130493 0.997373 -0.0712527 -22.1289 -0.999355 -0.0106249 0.0342989 -19.3753 
0.0667166 0.0722421 0.995153 220.064 -0.0148114 0.997337 -0.0714078 -22.2191 -0.997662 -0.0099755 0.067609 -19.2903 
0.0996212 0.0721826 0.992404 221.223 -0.0147207 0.997363 -0.0710657 -22.3067 -0.994916 -0.00752925 0.100421 -19.1703 
0.131764 0.070344 0.988782 222.381 -0.0144853 0.997509 -0.0690347 -22.3921 -0.991175 -0.0052265 0.132455 -19.0127 
0.162954 0.0693259 0.984195 223.533 -0.01401 0.99759 -0.0679499 -22.4788 -0.986534 -0.00271584 0.163533 -18.8183 
0.193261 0.0694206 0.978688 224.678 -0.0133496 0.997587 -0.0681251 -22.5645 -0.981056 0.000100838 0.193722 -18.5904 
0.22361 0.0691171 0.972225 225.82 -0.0119818 0.997602 -0.0681655 -22.6501 -0.974605 0.00359346 0.223902 -18.328 
0.253859 0.0681989 0.964834 226.957 -0.01002 0.997643 -0.0678817 -22.7372 -0.967189 0.0075647 0.253944 -18.0268 
0.284031 0.0663248 0.956518 228.091 -0.00792123 0.997733 -0.0668305 -22.8257 -0.958782 0.0114051 0.283913 -17.6915 
0.314007 0.064776 0.947208 229.213 -0.00631577 0.99779 -0.0661415 -22.9139 -0.949399 0.0147865 0.313723 -17.319 
0.343707 0.0639757 0.936895 230.328 -0.00390902 0.997765 -0.0666983 -23.0018 -0.939069 0.0192623 0.343189 -16.9147 
0.37244 0.0630908 0.925909 231.431 -0.00329184 0.99777 -0.0666633 -23.0883 -0.928051 0.0217801 0.371817 -16.4723 
0.400515 0.0613665 0.914233 232.521 -0.00293506 0.997836 -0.0656925 -23.173 -0.916286 0.0236275 0.399828 -15.9932 
0.428528 0.0604069 0.901507 233.596 -0.00317974 0.997857 -0.0653517 -23.2597 -0.903523 0.0251385 0.427802 -15.4799 
0.456776 0.0613103 0.887466 234.654 -0.00225515 0.997699 -0.0677651 -23.3479 -0.889579 0.0289521 0.455864 -14.9348 
0.484772 0.0622598 0.872422 235.699 -0.00120407 0.99751 -0.0705177 -23.4362 -0.87464 0.0331345 0.48364 -14.3568 
0.511772 0.0606042 0.856981 236.729 -0.000306731 0.997522 -0.07036 -23.5264 -0.859121 0.0357454 0.510522 -13.7438 
0.538176 0.057935 0.840839 237.738 0.000158064 0.997628 -0.0688393 -23.6211 -0.842832 0.0371805 0.53689 -13.1 
0.563019 0.0556949 0.824565 238.726 -0.000545555 0.997751 -0.0670203 -23.7155 -0.826443 0.0372839 0.561784 -12.423 
0.58573 0.0558745 0.808578 239.698 -0.00228156 0.997731 -0.0672927 -23.8063 -0.810503 0.0375705 0.584528 -11.7111 
0.60632 0.0556909 0.793268 240.653 -0.00362877 0.997728 -0.0672714 -23.8956 -0.795213 0.0379094 0.605144 -10.9729 
0.625585 0.0543124 0.778263 241.599 -0.00450912 0.997809 -0.0660093 -23.9845 -0.780143 0.0377851 0.624459 -10.2002 
0.643573 0.051788 0.763631 242.531 -0.0048655 0.997965 -0.0635797 -24.0724 -0.765369 0.0372027 0.642515 -9.40355 
0.660492 0.0485667 0.749261 243.452 -0.00369998 0.998104 -0.0614352 -24.1567 -0.750824 0.0378051 0.65942 -8.58154 
0.67645 0.0459767 0.735052 244.358 -0.0028454 0.998205 -0.0598182 -24.2386 -0.736483 0.0383725 0.675367 -7.74133 
0.691547 0.0437084 0.721008 245.242 -0.00114751 0.998233 -0.0594136 -24.3188 -0.72233 0.0402599 0.690375 -6.88482 
0.70629 0.0434488 0.706588 246.108 -0.00173963 0.998218 -0.0596427 -24.3977 -0.70792 0.0408958 0.705107 -6.00803 
0.720775 0.0419299 0.691899 246.954 -0.00109705 0.998236 -0.0593516 -24.4774 -0.693168 0.0420201 0.71955 -5.11163 
0.734829 0.0397898 0.677084 247.784 -0.00179479 0.998388 -0.056724 -24.5564 -0.678249 0.0404672 0.733716 -4.19533 
0.748632 0.0369557 0.661955 248.597 -0.00128212 0.998524 -0.0542959 -24.6343 -0.662985 0.0397989 0.747574 -3.25832 
0.762121 0.0352187 0.646475 249.391 -0.000978321 0.998581 -0.0532475 -24.7099 -0.647433 0.0399486 0.761074 -2.30617 
0.775145 0.0345885 0.630836 250.163 3.05397e-05 0.998498 -0.054785 -24.7851 -0.631784 0.0424855 0.77398 -1.33914 
0.787126 0.0335612 0.615878 250.924 0.000610199 0.998476 -0.0551902 -24.859 -0.616792 0.0438174 0.785906 -0.349577 
0.798326 0.0326919 0.601337 251.668 0.000186102 0.998512 -0.0545317 -24.9357 -0.602225 0.0436459 0.797132 0.661922 
0.808872 0.0300939 0.587214 252.4 0.000702241 0.998639 -0.0521463 -25.0111 -0.587985 0.042592 0.80775 1.69172 
0.81909 0.0273113 0.573014 253.118 0.00230305 0.998701 -0.0508929 -25.0859 -0.57366 0.0430055 0.817964 2.74016 
0.828605 0.026764 0.559193 253.822 0.00222197 0.998691 -0.0510919 -25.1599 -0.559828 0.0435775 0.827462 3.79868 
0.837295 0.0238819 0.546229 254.509 0.00608596 0.998577 -0.0529882 -25.233 -0.546717 0.0476911 0.835958 4.86882 
0.845355 0.0216347 0.533766 255.184 0.00714711 0.998632 -0.0517963 -25.3057 -0.534156 0.0476011 0.844044 5.95334 
0.852714 0.0183962 0.522054 255.848 0.00974871 0.998645 -0.051114 -25.3798 -0.522287 0.0486749 0.85138 7.05454 
0.859284 0.0168935 0.51122 256.502 0.0109195 0.998621 -0.051354 -25.4487 -0.511382 0.0497099 0.857914 8.17747 
0.864421 0.0155632 0.502527 257.147 0.0114732 0.99865 -0.0506638 -25.5214 -0.502637 0.0495604 0.863075 9.31498 
0.868107 0.0147438 0.496158 257.783 0.0109365 0.998748 -0.048814 -25.5953 -0.496257 0.047802 0.866859 10.4658 
0.870841 0.0136352 0.491376 258.419 0.0111707 0.998808 -0.0475134 -25.6668 -0.491438 0.0468656 0.86965 11.6202 
0.873343 0.0126332 0.486942 259.048 0.0117878 0.998823 -0.0470554 -25.7399 -0.486963 0.0468355 0.872166 12.774 
0.875714 0.0112271 0.4827 259.672 0.0127703 0.998841 -0.0464 -25.8081 -0.482662 0.0467973 0.874556 13.9316 
0.877793 0.00903594 0.478955 260.296 0.013835 0.998927 -0.0442017 -25.8775 -0.47884 0.0454262 0.876726 15.0997 
0.879819 0.00709851 0.475255 260.916 0.0154237 0.998935 -0.0434737 -25.9463 -0.475058 0.0455791 0.878773 16.2698 
0.882005 0.00586334 0.471203 261.531 0.0167228 0.998903 -0.0437319 -26.0137 -0.470943 0.0464516 0.88094 17.4423 
0.884067 0.00477022 0.467337 262.141 0.0173983 0.998919 -0.0431091 -26.0805 -0.467037 0.0462421 0.883028 18.6247 
0.886092 0.00498467 0.463482 262.75 0.0167927 0.99894 -0.0428482 -26.1501 -0.463205 0.0457505 0.88507 19.8173 
0.88803 0.00451452 0.459763 263.353 0.0168893 0.998957 -0.0424309 -26.2184 -0.459475 0.0454449 0.887027 21.0073 
0.889903 0.00503743 0.456122 263.951 0.0159983 0.998979 -0.042246 -26.2859 -0.455869 0.0448919 0.888914 22.2037 
