1 2.12261e-08 -2.11895e-08 0 2.12261e-08 1 2.10703e-08 0 -2.11895e-08 2.10703e-08 1 0 
1 -0.000349326 -0.000427565 -0.011061 0.000349912 0.999999 0.00127077 -0.0129714 0.000427078 -0.00127088 0.999999 1.36246 
0.999999 -0.00126548 -0.00117705 -0.0211165 0.00126674 0.999999 0.00103563 -0.0264562 0.0011757 -0.00103708 0.999999 2.7374 
0.999996 -0.00253384 -0.00146053 -0.0364735 0.00253345 0.999997 -0.000301841 -0.0417277 0.00146125 0.000298182 0.999999 4.10219 
0.999995 -0.00274465 -0.00160272 -0.0520875 0.00274398 0.999996 -0.000448009 -0.0556732 0.0016039 0.000443651 0.999999 5.45934 
0.999993 -0.00322007 -0.00172001 -0.0740847 0.00322067 0.999995 0.000318956 -0.0759585 0.00171893 -0.000324452 0.999999 6.82409 
0.999988 -0.00457512 -0.00151352 -0.0937287 0.00457725 0.999989 0.0013805 -0.0930794 0.00150715 -0.00138737 0.999998 8.17769 
0.99999 -0.00409754 -0.00195209 -0.112019 0.00410087 0.99999 0.00168137 -0.110334 0.00194514 -0.00168931 0.999997 9.53734 
0.999992 -0.00310313 -0.00251149 -0.128821 0.00310238 0.999995 -0.000317974 -0.128686 0.00251243 0.000310223 0.999997 10.907 
0.999997 -0.00014038 -0.00260786 -0.151047 0.000133291 0.999996 -0.00273464 -0.148004 0.00260819 0.00273433 0.999993 12.2738 
0.999991 0.00346456 -0.00238559 -0.175464 -0.00347363 0.999987 -0.00382544 -0.16957 0.00237226 0.00383373 0.99999 13.6442 
0.99998 0.00594433 -0.00235169 -0.199962 -0.00595397 0.999974 -0.00413127 -0.192339 0.00232703 0.00414523 0.999989 15.0208 
0.999972 0.0070315 -0.00242746 -0.215352 -0.00703969 0.999969 -0.00339742 -0.216539 0.00240346 0.00341446 0.999991 16.4078 
0.999986 0.00471961 -0.00223455 -0.225916 -0.00472127 0.999989 -0.000756766 -0.238182 0.00223091 0.000767348 0.999997 17.7937 
0.999997 0.00089236 -0.00233155 -0.23714 -0.000890555 0.999999 0.000757024 -0.256058 0.00233218 -0.000754904 0.999997 19.1771 
0.999996 -0.00120446 -0.00274576 -0.250896 0.00119944 0.999998 -0.00184491 -0.273226 0.00274793 0.00184165 0.999995 20.5574 
0.999994 -0.00203289 -0.00289856 -0.267077 0.00202089 0.999989 -0.00415136 -0.290903 0.00290693 0.00414552 0.999987 21.941 
0.999997 0.000553741 -0.0025145 -0.284389 -0.000569143 0.999981 -0.00614557 -0.311803 0.002511 0.00614702 0.999978 23.3442 
0.999991 0.00365054 -0.00194904 -0.304809 -0.00365945 0.999983 -0.00461086 -0.329739 0.00193213 0.004618 0.999988 24.7442 
0.99999 0.00419299 -0.00173392 -0.327361 -0.00419499 0.999991 -0.00117681 -0.35301 0.00172893 0.00118411 0.999998 26.1287 
0.999997 0.00211246 -0.00147708 -0.341161 -0.00211172 0.999998 0.000476902 -0.371488 0.00147804 -0.000473739 0.999999 27.5203 
0.999996 -0.00167394 -0.00214229 -0.358058 0.00167083 0.999998 -0.00147312 -0.391965 0.00214471 0.00146958 0.999997 28.9044 
0.999995 -0.00204097 -0.00241461 -0.380133 0.00203182 0.999991 -0.00380589 -0.417435 0.00242232 0.00380101 0.99999 30.2878 
0.999996 -0.00210295 -0.00175853 -0.402954 0.00209174 0.999978 -0.00637643 -0.443758 0.00177186 0.00637277 0.999978 31.6752 
0.999998 0.00128224 -0.00133476 -0.42949 -0.00129199 0.999972 -0.00735748 -0.474305 0.00132525 0.00735923 0.999972 33.067 
0.999997 0.00217389 -0.00120349 -0.449857 -0.00218534 0.999951 -0.00963534 -0.502694 0.00118244 0.00963799 0.999953 34.4731 
0.999994 0.00320729 -0.00127697 -0.471443 -0.00321886 0.999953 -0.00920008 -0.532979 0.00124736 0.00920417 0.999957 35.882 
0.999994 0.00328703 -0.00150736 -0.494029 -0.00329919 0.999961 -0.00816939 -0.562204 0.0014804 0.00817435 0.999966 37.2971 
0.999987 0.00461868 -0.00196216 -0.518242 -0.00463204 0.999966 -0.0068834 -0.590662 0.00193025 0.00689244 0.999974 38.7178 
0.99997 0.00752522 -0.00189997 -0.548376 -0.00753806 0.999948 -0.00686627 -0.617722 0.00184815 0.00688043 0.999975 40.1433 
0.99995 0.00992792 -0.000960823 -0.591861 -0.00993417 0.999928 -0.00678264 -0.664627 0.000893374 0.00679189 0.999977 41.4955 
0.999924 0.012305 -0.00108056 -0.619744 -0.0123118 0.999902 -0.00662627 -0.692312 0.000998877 0.00663911 0.999978 42.9316 
0.999912 0.0131924 -0.00152371 -0.644381 -0.0132025 0.99989 -0.00681488 -0.719931 0.00143359 0.00683443 0.999976 44.3746 
0.99992 0.0124592 -0.00217228 -0.665228 -0.0124742 0.999897 -0.00705443 -0.749528 0.00208412 0.007081 0.999973 45.8092 
0.999924 0.0119557 -0.00295188 -0.690192 -0.011978 0.999899 -0.00766494 -0.779673 0.0028599 0.00769975 0.999966 47.2461 
0.999925 0.0116332 -0.00393616 -0.711752 -0.0116631 0.999903 -0.00767582 -0.809076 0.00384644 0.00772119 0.999963 48.6864 
0.999913 0.0122014 -0.00500774 -0.738056 -0.012235 0.999902 -0.00674159 -0.837348 0.00492495 0.00680231 0.999965 50.122 
0.999898 0.0128537 -0.00622068 -0.766319 -0.0128981 0.999891 -0.00715489 -0.869819 0.00612799 0.00723444 0.999955 51.5619 
0.99988 0.0135773 -0.00751125 -0.795448 -0.0136288 0.999884 -0.0068447 -0.901874 0.0074174 0.00694629 0.999948 53.0141 
0.999868 0.0138005 -0.00863733 -0.827343 -0.0138527 0.999886 -0.00602397 -0.936094 0.00855317 0.00614287 0.999945 54.4701 
0.999879 0.0123715 -0.00945102 -0.854967 -0.0124202 0.99991 -0.00511965 -0.9694 0.00938679 0.00523646 0.999942 55.9342 
0.999888 0.0112027 -0.00994135 -0.887266 -0.011253 0.999924 -0.00501542 -1.00318 0.00988437 0.00512677 0.999938 57.381 
0.999905 0.00889091 -0.0105173 -0.916119 -0.00895089 0.999944 -0.00567409 -1.03644 0.0104662 0.00576773 0.999929 58.8268 
0.999912 0.0079932 -0.0105867 -0.949771 -0.00805111 0.999953 -0.00544249 -1.0701 0.0105426 0.00552729 0.999929 60.2697 
0.999924 0.00678368 -0.0102959 -0.98309 -0.00683302 0.999965 -0.00476849 -1.10372 0.0102631 0.00483853 0.999936 61.7166 
0.999935 0.00571321 -0.00982169 -1.01763 -0.00575386 0.999975 -0.00412038 -1.13746 0.00979786 0.00417667 0.999943 63.1585 
0.999948 0.00411152 -0.009295 -1.05211 -0.00415448 0.999981 -0.004612 -1.1713 0.00927581 0.00465042 0.999946 64.6032 
0.999958 0.00243156 -0.00886892 -1.08664 -0.00247983 0.999982 -0.00544055 -1.20181 0.00885549 0.00546236 0.999946 66.0419 
0.99996 0.00287815 -0.00844016 -1.11952 -0.00292872 0.999978 -0.00599047 -1.2286 0.00842269 0.00601499 0.999946 67.5003 
0.999962 0.00432223 -0.00757378 -1.15661 -0.00437002 0.999971 -0.0063104 -1.25992 0.00754624 0.0063433 0.999951 68.9408 
0.999946 0.00757878 -0.00710834 -1.19489 -0.00761529 0.999958 -0.00512978 -1.29014 0.00706912 0.00518367 0.999962 70.3796 
0.999923 0.0107518 -0.00626268 -1.23402 -0.0107765 0.999934 -0.00393965 -1.32132 0.00621987 0.00400688 0.999973 71.8051 
0.999874 0.0148741 -0.00554911 -1.27303 -0.0148946 0.999882 -0.00367152 -1.35147 0.00549381 0.00375375 0.999978 73.2281 
0.999803 0.0192541 -0.00489502 -1.31137 -0.0192746 0.999806 -0.00417551 -1.3821 0.00481363 0.00426908 0.999979 74.6467 
0.999738 0.0224848 -0.00431257 -1.35002 -0.022506 0.999735 -0.00493392 -1.40974 0.00420044 0.00502972 0.999979 76.0764 
0.999698 0.0243022 -0.00367924 -1.38349 -0.0243214 0.99969 -0.00526405 -1.43772 0.00355013 0.00535199 0.999979 77.5152 
0.999692 0.0245802 -0.00351387 -1.40841 -0.0245978 0.999685 -0.00506858 -1.46867 0.00338813 0.0051535 0.999981 78.9478 
0.999713 0.0237162 -0.00353289 -1.43588 -0.0237354 0.999703 -0.0055035 -1.49946 0.00340128 0.00558581 0.999979 80.3788 
0.999739 0.0225499 -0.00380849 -1.45805 -0.0225745 0.999724 -0.00653958 -1.53008 0.00365993 0.00662389 0.999971 81.7901 
0.999745 0.0221622 -0.00430312 -1.48402 -0.022191 0.999731 -0.00677466 -1.55963 0.00415178 0.00686847 0.999968 83.215 
0.999745 0.0220877 -0.00475969 -1.50954 -0.0221199 0.999732 -0.0068168 -1.58992 0.0046078 0.00692039 0.999965 84.6389 
0.999746 0.0218776 -0.00544467 -1.53935 -0.0219179 0.999732 -0.00747557 -1.61855 0.00527962 0.00759305 0.999957 86.0587 
0.999737 0.022082 -0.00619596 -1.58097 -0.0221276 0.999728 -0.00739046 -1.64864 0.00603103 0.00752566 0.999954 87.4881 
0.999744 0.0214416 -0.00724813 -1.61861 -0.0214902 0.999747 -0.00670545 -1.67974 0.00710248 0.00685954 0.999951 88.9147 
0.999778 0.0193484 -0.00831827 -1.65234 -0.0193976 0.999795 -0.00588181 -1.71059 0.00820271 0.0060419 0.999948 90.3268 
0.999804 0.0172489 -0.00976414 -1.68408 -0.0173034 0.999835 -0.00553023 -1.74235 0.0096671 0.00569813 0.999937 91.7296 
0.999826 0.0152562 -0.010715 -1.71564 -0.0153178 0.999867 -0.00569234 -1.76919 0.0106267 0.00585552 0.999926 93.152 
0.99984 0.0137694 -0.0114205 -1.74819 -0.0138427 0.999884 -0.00636845 -1.79695 0.0113315 0.00652556 0.999915 94.5827 
0.99985 0.0128053 -0.0116636 -1.78299 -0.0128878 0.999892 -0.00703 -1.82684 0.0115723 0.0071793 0.999907 95.99 
0.999841 0.0132474 -0.0119669 -1.82101 -0.013342 0.99988 -0.00786778 -1.85639 0.0118612 0.00802623 0.999897 97.3867 
0.999843 0.0130176 -0.0119997 -1.85895 -0.013121 0.999877 -0.00857559 -1.88998 0.0118865 0.00873173 0.999891 98.7827 
0.999829 0.0140255 -0.012023 -1.89786 -0.0141411 0.999854 -0.00958467 -1.92144 0.0118868 0.00975309 0.999882 100.178 
0.999816 0.0152742 -0.0116411 -1.9416 -0.0153839 0.999838 -0.00939699 -1.95654 0.0114957 0.00957439 0.999888 101.545 
0.99981 0.0159246 -0.011247 -1.98586 -0.0160149 0.99984 -0.00798351 -1.99279 0.011118 0.00816216 0.999905 102.902 
0.999794 0.0169906 -0.0110979 -2.02636 -0.0170662 0.999832 -0.00675635 -2.02723 0.0109812 0.0069444 0.999916 104.266 
0.99981 0.0161427 -0.0109645 -2.06108 -0.0162331 0.999835 -0.00820842 -2.06056 0.0108302 0.00838489 0.999906 105.628 
0.999813 0.0160606 -0.0108078 -2.09759 -0.0161748 0.999813 -0.0105695 -2.09644 0.010636 0.0107424 0.999886 106.98 
0.999822 0.0154174 -0.0108832 -2.13481 -0.0155459 0.999809 -0.0118236 -2.13219 0.0106988 0.0119908 0.999871 108.333 
0.999855 0.0132843 -0.0106349 -2.16846 -0.0133973 0.999854 -0.0106356 -2.16724 0.010492 0.0107766 0.999887 109.688 
0.99989 0.0110489 -0.00991773 -2.20143 -0.0111364 0.999899 -0.00881641 -2.20011 0.00981928 0.00892593 0.999912 111.044 
0.999914 0.00948627 -0.00906698 -2.23008 -0.00956189 0.99992 -0.00833754 -2.23304 0.00898711 0.00842356 0.999924 112.401 
0.999928 0.00869699 -0.00830686 -2.26086 -0.00877839 0.999913 -0.00981916 -2.2671 0.0082207 0.00989141 0.999917 113.751 
0.999913 0.0106872 -0.00767576 -2.29384 -0.0107805 0.999867 -0.0122222 -2.3042 0.00754408 0.0123039 0.999896 115.105 
0.999898 0.0127167 -0.00654027 -2.32475 -0.01281 0.999814 -0.0144256 -2.34027 0.00635557 0.0145079 0.999875 116.461 
0.999863 0.0157421 -0.0051072 -2.36246 -0.0158146 0.99977 -0.0145046 -2.37999 0.00487765 0.0145834 0.999882 117.82 
0.999852 0.0168631 -0.00341183 -2.39438 -0.0169049 0.999777 -0.0126439 -2.41828 0.00319782 0.0126998 0.999914 119.184 
0.999854 0.0169005 -0.00234066 -2.41867 -0.0169241 0.999802 -0.0105099 -2.45636 0.00216253 0.010548 0.999942 120.552 
0.999869 0.0161131 -0.00164452 -2.43936 -0.0161287 0.99982 -0.0100176 -2.49032 0.00148276 0.0100429 0.999949 121.914 
0.999866 0.0163692 -0.000718904 -2.45802 -0.0163759 0.999809 -0.0106802 -2.52385 0.0005439 0.0106905 0.999943 123.28 
0.999838 0.018006 0.000380098 -2.4856 -0.0180005 0.999774 -0.0113072 -2.55611 -0.000583652 0.0112986 0.999936 124.671 
0.999802 0.0198182 0.00153102 -2.51239 -0.0197987 0.999734 -0.0118393 -2.58737 -0.00176528 0.0118067 0.999929 126.064 
0.99979 0.02031 0.00261666 -2.53803 -0.0202743 0.99971 -0.013009 -2.62024 -0.00288016 0.0129533 0.999912 127.446 
0.999766 0.0213276 0.00356399 -2.5625 -0.0212759 0.999676 -0.0139722 -2.65443 -0.00386087 0.0138931 0.999896 128.824 
0.999784 0.0202211 0.0047164 -2.58774 -0.0201515 0.999694 -0.0143567 -2.68682 -0.00500531 0.0142586 0.999886 130.22 
0.999791 0.0196315 0.00574084 -2.6139 -0.0195527 0.999718 -0.0134548 -2.72001 -0.0060034 0.0133398 0.999893 131.614 
0.999811 0.0182201 0.00675461 -2.63563 -0.0181333 0.999755 -0.012691 -2.7563 -0.00698422 0.0125661 0.999897 132.996 
0.999823 0.0173968 0.0072024 -2.6551 -0.017306 0.999772 -0.012474 -2.79065 -0.00741781 0.0123472 0.999896 134.374 
0.999859 0.0151034 0.0073953 -2.67236 -0.0150102 0.999809 -0.0125013 -2.82432 -0.00758275 0.0123886 0.999895 135.753 
0.99988 0.0136022 0.00739115 -2.69119 -0.0135127 0.999836 -0.0120261 -2.85912 -0.00755357 0.0119248 0.9999 137.126 
0.999903 0.0121159 0.00694581 -2.70869 -0.0120286 0.99985 -0.0124628 -2.89372 -0.00709581 0.012378 0.999898 138.496 
0.999925 0.0107347 0.00593257 -2.72596 -0.010659 0.999863 -0.0126442 -2.92966 -0.00606753 0.01258 0.999903 139.865 
0.999943 0.00943487 0.00503573 -2.74433 -0.00937469 0.999886 -0.0118358 -2.96756 -0.00514687 0.0117879 0.999917 141.23 
0.99996 0.00796845 0.00406703 -2.76122 -0.00792014 0.9999 -0.01175 -3.00535 -0.00416029 0.0117174 0.999923 142.588 
0.999968 0.00749669 0.00277766 -2.77993 -0.00746331 0.999902 -0.0118255 -3.04268 -0.00286608 0.0118044 0.999926 143.946 
0.999973 0.00719116 0.00169495 -2.80086 -0.00716947 0.999897 -0.0124494 -3.0818 -0.00178434 0.012437 0.999921 145.308 
0.999974 0.00720948 0.000763353 -2.8221 -0.007199 0.999891 -0.0128951 -3.12119 -0.000856279 0.0128893 0.999917 146.674 
0.999988 0.0049676 -3.62058e-05 -2.8432 -0.00496753 0.999871 -0.0152864 -3.16238 -3.97778e-05 0.0152865 0.999883 148.042 
0.999999 -0.000303069 -0.00112149 -2.85867 0.000285365 0.999875 -0.0157905 -3.20139 0.00112609 0.0157902 0.999875 149.404 
0.999967 -0.00788428 -0.00218052 -2.86756 0.00785426 0.999878 -0.0134711 -3.24199 0.00228643 0.0134535 0.999907 150.764 
0.999886 -0.01456 -0.00402127 -2.879 0.0145107 0.999822 -0.0120488 -3.27988 0.00419594 0.0119892 0.999919 152.127 
0.999831 -0.0177257 -0.00491063 -2.89962 0.0176479 0.999724 -0.0154778 -3.32028 0.00518359 0.0153886 0.999868 153.479 
0.999844 -0.0170491 -0.00459801 -2.92625 0.0169605 0.999682 -0.0186704 -3.36524 0.00491482 0.0185896 0.999815 154.832 
0.999899 -0.0137415 -0.00356023 -2.95881 0.0136643 0.999689 -0.0208643 -3.414 0.00384579 0.0208136 0.999776 156.192 
0.999902 -0.0137036 -0.00285975 -2.97953 0.0136407 0.999687 -0.0209867 -3.4641 0.0031464 0.0209457 0.999776 157.563 
0.999854 -0.0169111 -0.00239163 -2.99212 0.0168668 0.999705 -0.0174602 -3.51618 0.00268616 0.0174174 0.999845 158.945 
0.999755 -0.022034 -0.00194094 -3.00555 0.0220033 0.99965 -0.0146571 -3.56304 0.00226317 0.0146109 0.999891 160.315 
0.99967 -0.0256114 -0.00186616 -3.02013 0.0255842 0.999583 -0.0134123 -3.60575 0.00220885 0.0133602 0.999908 161.683 
0.999629 -0.0271834 -0.00180648 -3.03709 0.0271566 0.99954 -0.01354 -3.64712 0.00217367 0.013486 0.999907 163.052 
0.999683 -0.0251799 -0.000700911 -3.05927 0.0251688 0.9996 -0.0128889 -3.6884 0.00102513 0.0128672 0.999917 164.417 
0.999777 -0.0211128 0.000620391 -3.08621 0.0211195 0.999681 -0.0138759 -3.73046 -0.000327274 0.013886 0.999904 165.778 
0.999846 -0.0174633 0.00151716 -3.10934 0.0174856 0.999716 -0.0161907 -3.77118 -0.00123403 0.0162148 0.999868 167.139 
0.999893 -0.0144417 0.00227776 -3.13363 0.0144782 0.999753 -0.0168893 -3.81253 -0.00203333 0.0169205 0.999855 168.515 
0.999919 -0.0124654 0.00265247 -3.15557 0.0125058 0.999797 -0.0157784 -3.85919 -0.00245529 0.0158103 0.999872 169.903 
0.999942 -0.0104951 0.00257695 -3.18144 0.0105356 0.999813 -0.016194 -3.90513 -0.00240656 0.0162203 0.999866 171.294 
0.999962 -0.00841542 0.00215354 -3.20592 0.00845438 0.999789 -0.0187464 -3.95081 -0.00199537 0.018764 0.999822 172.681 
0.999988 -0.00462097 0.00159921 -3.23481 0.00465453 0.999755 -0.0216322 -3.99688 -0.0014989 0.0216395 0.999765 174.079 
0.999999 0.000471814 0.00139533 -3.26821 -0.000439518 0.999735 -0.0230261 -4.04813 -0.00140586 0.0230255 0.999734 175.496 
0.999987 0.00490101 0.00175039 -3.30506 -0.00486126 0.999746 -0.0220114 -4.09532 -0.00185786 0.0220027 0.999756 176.909 
0.999968 0.00772969 0.00223103 -3.33565 -0.00768292 0.999766 -0.020247 -4.14258 -0.00238706 0.0202292 0.999793 178.335 
0.999962 0.00840752 0.00216354 -3.36089 -0.00836673 0.999799 -0.0181978 -4.18361 -0.00231615 0.0181791 0.999832 179.781 
0.999987 0.00493377 0.00124659 -3.37582 -0.00491137 0.999838 -0.0173444 -4.22364 -0.001332 0.0173381 0.999849 181.224 
0.999996 0.00260546 -0.000583397 -3.39198 -0.00261508 0.999848 -0.0172258 -4.26561 0.000538385 0.0172273 0.999851 182.659 
0.999994 0.00210453 -0.00262702 -3.41385 -0.00216048 0.999767 -0.0214955 -4.31177 0.00258112 0.0215011 0.999766 184.076 
0.999984 0.0037946 -0.00414792 -3.44436 -0.00390057 0.999658 -0.0258568 -4.35924 0.00404834 0.0258726 0.999657 185.495 
0.999953 0.00842242 -0.00477501 -3.48447 -0.00854694 0.999607 -0.0266968 -4.40997 0.00454824 0.0267364 0.999632 186.927 
0.999921 0.0115469 -0.00489405 -3.52797 -0.0116698 0.999597 -0.025885 -4.45889 0.00459315 0.0259402 0.999653 188.378 
0.999898 0.0134794 -0.00469903 -3.56694 -0.0135827 0.99965 -0.0226906 -4.50333 0.00439149 0.0227521 0.999732 189.843 
0.999893 0.0139429 -0.00450912 -3.60245 -0.0140344 0.999682 -0.0209488 -4.54604 0.00421556 0.0210099 0.99977 191.316 
0.999903 0.0131841 -0.00446054 -3.63796 -0.0132714 0.999709 -0.0201557 -4.58816 0.00419346 0.020213 0.999787 192.787 
0.999926 0.0113442 -0.00437487 -3.6711 -0.011428 0.999741 -0.0196589 -4.63128 0.00415068 0.0197075 0.999797 194.256 
0.999952 0.00885493 -0.00426031 -3.69924 -0.00893539 0.999775 -0.0192633 -4.67722 0.00408873 0.0193005 0.999805 195.705 
0.999973 0.00616839 -0.00411552 -3.72717 -0.00624677 0.999794 -0.0193225 -4.72297 0.00399544 0.0193477 0.999805 197.155 
0.999989 0.00307796 -0.00364689 -3.75232 -0.00314431 0.999827 -0.0183422 -4.77033 0.00358976 0.0183535 0.999825 198.613 
0.999994 -0.00120072 -0.00314368 -3.77529 0.00114769 0.999858 -0.0168303 -4.81717 0.0031634 0.0168267 0.999853 200.071 
0.999989 -0.00369563 -0.0027317 -3.7994 0.00364858 0.999848 -0.0170482 -4.86237 0.00279425 0.0170381 0.999851 201.532 
0.999996 -0.00158814 -0.00240542 -3.82637 0.00153575 0.999765 -0.0216433 -4.909 0.00243919 0.0216396 0.999763 202.986 
0.999982 0.00561526 -0.00205159 -3.86378 -0.00566838 0.999622 -0.0269012 -4.96105 0.00189971 0.0269123 0.999636 204.442 
0.999892 0.0146478 -0.000770069 -3.9045 -0.0146633 0.999523 -0.0271655 -5.01464 0.000371744 0.0271739 0.999631 205.903 
0.999746 0.0225214 0.000269642 -3.94457 -0.0225086 0.999464 -0.0237879 -5.06984 -0.000805279 0.0237759 0.999717 207.373 
0.99972 0.0236209 0.00112454 -3.96961 -0.0235907 0.999483 -0.0218499 -5.1189 -0.00164012 0.0218173 0.999761 208.845 
0.999761 0.021854 0.000547321 -3.98504 -0.0218371 0.99953 -0.0215141 -5.16774 -0.00101728 0.0214971 0.999768 210.319 
0.999822 0.0188255 -0.000809128 -3.99719 -0.0188386 0.999588 -0.021641 -5.21826 0.000401349 0.0216525 0.999766 211.795 
0.999857 0.0168269 -0.00192681 -4.01474 -0.0168656 0.999609 -0.0222838 -5.27162 0.00155105 0.0223131 0.99975 213.267 
0.999848 0.0172416 -0.00256034 -4.0409 -0.0172956 0.999589 -0.0228534 -5.32702 0.00216522 0.0228942 0.999736 214.737 
0.999821 0.0187427 -0.00275801 -4.06915 -0.0188009 0.999562 -0.0228589 -5.38 0.00232832 0.0229067 0.999735 216.214 
0.999795 0.0200351 -0.00290923 -4.09954 -0.0200946 0.999553 -0.0221344 -5.43315 0.00246442 0.0221884 0.999751 217.69 
0.999806 0.0194463 -0.00323995 -4.12934 -0.019515 0.999551 -0.0227325 -5.4892 0.00279639 0.0227914 0.999736 219.165 
0.99981 0.0191774 -0.00352967 -4.16102 -0.019256 0.999531 -0.0238007 -5.54466 0.00307154 0.0238642 0.999711 220.637 
0.999822 0.018475 -0.00386298 -4.19101 -0.018563 0.999536 -0.0241645 -5.60168 0.00341471 0.0242319 0.999701 222.119 
0.999812 0.0189068 -0.00432789 -4.22036 -0.0190068 0.999522 -0.024396 -5.65733 0.00386453 0.0244737 0.999693 223.626 
0.999802 0.0193514 -0.00455354 -4.25291 -0.0194585 0.999503 -0.0247932 -5.71582 0.00407145 0.024877 0.999682 225.128 
0.999799 0.01944 -0.00493306 -4.28106 -0.0195578 0.999494 -0.0250778 -5.77434 0.00444301 0.0251693 0.999673 226.629 
0.999774 0.0205326 -0.00553365 -4.31244 -0.0206677 0.999459 -0.0255764 -5.83252 0.00500547 0.025685 0.999658 228.135 
0.999774 0.0204216 -0.0059268 -4.34527 -0.0205684 0.999454 -0.0258766 -5.88974 0.00539508 0.0259927 0.999648 229.645 
0.99976 0.0210415 -0.00617544 -4.3802 -0.0211955 0.999436 -0.0260395 -5.94893 0.005624 0.0261642 0.999642 231.156 
0.999769 0.0204984 -0.00644245 -4.4095 -0.0206606 0.999443 -0.0262227 -6.00912 0.00590129 0.0263498 0.999635 232.675 
0.999796 0.019169 -0.00636847 -4.44267 -0.0193316 0.999461 -0.0265463 -6.07088 0.00585613 0.0266641 0.999627 234.195 
0.999815 0.018192 -0.00633076 -4.47473 -0.0183533 0.999482 -0.0264359 -6.13284 0.00584652 0.0265473 0.999631 235.718 
0.999838 0.0168965 -0.00621794 -4.50394 -0.0170515 0.999522 -0.0257881 -6.19335 0.0057792 0.02589 0.999648 237.246 
0.999834 0.017106 -0.00630703 -4.53774 -0.0172632 0.999519 -0.0257702 -6.25252 0.00586312 0.0258748 0.999648 238.768 
0.999825 0.0176363 -0.00629489 -4.57268 -0.0177963 0.999495 -0.0263454 -6.31259 0.00582703 0.0264529 0.999633 240.297 
0.999813 0.0183811 -0.00606246 -4.60815 -0.0185396 0.999457 -0.0272255 -6.37314 0.00555869 0.0273328 0.999611 241.837 
0.999789 0.0197748 -0.00558718 -4.64718 -0.0199181 0.99944 -0.0268794 -6.43363 0.00505248 0.0269851 0.999623 243.381 
0.999785 0.0201708 -0.00488475 -4.68437 -0.0202875 0.999477 -0.025177 -6.49128 0.00437431 0.0252707 0.999671 244.938 
0.999788 0.0201163 -0.00450991 -4.71407 -0.0202233 0.99948 -0.0251084 -6.54919 0.00400243 0.0251943 0.999675 246.489 
0.999781 0.0204726 -0.00431665 -4.74007 -0.0205821 0.999421 -0.0270847 -6.60889 0.00375962 0.0271677 0.999624 248.03 
0.999776 0.0207974 -0.0040573 -4.76792 -0.020905 0.999373 -0.0285881 -6.67182 0.00346015 0.0286666 0.999583 249.562 
0.999758 0.0216767 -0.0037909 -4.8016 -0.0217756 0.999361 -0.0283387 -6.73674 0.00317415 0.0284144 0.999591 251.095 
0.999763 0.0214223 -0.00398237 -4.83296 -0.0215235 0.999392 -0.0274201 -6.80285 0.00339251 0.0274994 0.999616 252.63 
0.999754 0.0217592 -0.00432192 -4.86367 -0.0218685 0.999393 -0.0271015 -6.868 0.00372955 0.0271894 0.999623 254.169 
0.999744 0.0221363 -0.00478166 -4.8938 -0.0222591 0.999378 -0.0273597 -6.93042 0.004173 0.0274591 0.999614 255.712 
0.999705 0.0238139 -0.00476185 -4.92413 -0.0239354 0.999339 -0.0273482 -6.9972 0.00410739 0.0274542 0.999615 257.265 
0.999672 0.0251945 -0.00461204 -4.96102 -0.0253121 0.9993 -0.0275463 -7.06264 0.00391476 0.027654 0.99961 258.816 
0.999659 0.0257076 -0.00466674 -4.99382 -0.0258263 0.999289 -0.0274608 -7.12966 0.00395743 0.027572 0.999612 260.37 
0.999687 0.024598 -0.00467838 -5.02423 -0.0247177 0.999315 -0.0275325 -7.19527 0.00399788 0.0276396 0.99961 261.92 
0.999721 0.0231226 -0.00484147 -5.05285 -0.0232455 0.999363 -0.0270953 -7.25946 0.00421183 0.0272003 0.999621 263.48 
0.999766 0.0210588 -0.00487289 -5.07782 -0.021181 0.999423 -0.0265578 -7.32626 0.00431076 0.0266548 0.999635 265.04 
0.999789 0.0198244 -0.00544382 -5.10252 -0.0199665 0.999424 -0.0274447 -7.3926 0.00489657 0.0275476 0.999609 266.598 
0.999804 0.0189456 -0.00576593 -5.13229 -0.0191031 0.999408 -0.0286145 -7.46057 0.00522035 0.0287191 0.999574 268.145 
0.999837 0.0172254 -0.00539314 -5.16419 -0.0173641 0.99949 -0.0268166 -7.52893 0.00492842 0.0269059 0.999626 269.694 
0.999868 0.0154319 -0.00500157 -5.19674 -0.0155531 0.999562 -0.0251934 -7.59649 0.00461055 0.025268 0.99967 271.249 
0.999883 0.0144266 -0.00513622 -5.22756 -0.0145558 0.999554 -0.0260758 -7.66074 0.0047577 0.0261475 0.999647 272.804 
0.999888 0.0142353 -0.00470915 -5.2605 -0.0143583 0.999526 -0.0272171 -7.72745 0.00431943 0.0272817 0.999618 274.361 
0.999877 0.015178 -0.0040462 -5.29591 -0.0152837 0.999504 -0.0275219 -7.7966 0.00362642 0.0275804 0.999613 275.914 
0.99985 0.017057 -0.00313834 -5.32876 -0.0171372 0.999472 -0.0275924 -7.86728 0.00266599 0.0276421 0.999614 277.462 
0.999821 0.0187824 -0.00226893 -5.36172 -0.0188385 0.999431 -0.0279701 -7.93693 0.00174225 0.0280079 0.999606 279.011 
0.9998 0.0199632 -0.00121587 -5.3945 -0.0199896 0.9994 -0.0282864 -8.00697 0.00065041 0.0283051 0.999599 280.556 
0.999786 0.0206882 -0.000473098 -5.42422 -0.0206932 0.999376 -0.0286182 -8.07569 -0.000119297 0.0286219 0.99959 282.096 
0.999779 0.0210255 0.000169648 -5.45668 -0.0210113 0.999347 -0.0293916 -8.14624 -0.000787551 0.0293816 0.999568 283.664 
0.999797 0.0201207 0.0010528 -5.48612 -0.02008 0.999347 -0.0300358 -8.21363 -0.0016565 0.0300087 0.999548 285.243 
0.999809 0.0194392 0.00191525 -5.51402 -0.0193734 0.999367 -0.0298376 -8.28274 -0.0024941 0.0297949 0.999553 286.816 
0.999828 0.0183491 0.00264325 -5.53982 -0.0182651 0.999416 -0.0288898 -8.35371 -0.00317185 0.0288366 0.999579 288.376 
0.999849 0.0171512 0.00282523 -5.56607 -0.0170631 0.999442 -0.0287002 -8.42151 -0.00331594 0.0286477 0.999584 289.945 
0.999861 0.016447 0.00283553 -5.59507 -0.0163504 0.999378 -0.0312387 -8.4917 -0.00334759 0.0311881 0.999508 291.534 
0.999884 0.0150029 0.00275315 -5.62328 -0.0149022 0.999327 -0.033523 -8.56306 -0.00325428 0.0334781 0.999434 293.117 
0.999882 0.015239 0.00208502 -5.64717 -0.0151603 0.999319 -0.0336297 -8.63842 -0.00259613 0.0335942 0.999432 294.667 
0.999902 0.0139859 0.00096356 -5.66982 -0.0139456 0.999337 -0.0336369 -8.71099 -0.00143341 0.0336202 0.999434 296.225 
0.999904 0.0138889 -8.34574e-05 -5.70139 -0.0138835 0.999314 -0.0343414 -8.78512 -0.000393605 0.0343393 0.99941 297.831 
0.999904 0.0138579 -0.000510764 -5.73987 -0.0138672 0.999298 -0.0347893 -8.85863 2.82568e-05 0.0347931 0.999395 299.453 
0.999905 0.0137288 -0.00121956 -5.77194 -0.0137627 0.999311 -0.0344563 -8.93387 0.00074563 0.0344699 0.999406 301.057 
0.99991 0.0132351 -0.0022799 -5.80305 -0.0133056 0.999321 -0.0343609 -9.00969 0.00182353 0.0343881 0.999407 302.649 
0.999915 0.0126216 -0.00329368 -5.83719 -0.0127237 0.999371 -0.0330947 -9.0858 0.00287386 0.0331338 0.999447 304.245 
0.999888 0.0144591 -0.00387923 -5.87526 -0.0145756 0.999385 -0.0318997 -9.15929 0.00341556 0.0319527 0.999484 305.849 
0.999885 0.0148016 -0.00320864 -5.91097 -0.0148964 0.99938 -0.0318972 -9.23168 0.00273448 0.0319414 0.999486 307.46 
0.999881 0.0152353 -0.00241598 -5.94486 -0.0153054 0.999361 -0.0322905 -9.30508 0.00192244 0.0323237 0.999476 309.073 
0.9999 0.0140016 -0.00218377 -5.97507 -0.0140653 0.999371 -0.032548 -9.37857 0.00172663 0.0325755 0.999468 310.686 
0.999926 0.0119977 -0.00213917 -6.0008 -0.0120627 0.999363 -0.0335781 -9.45599 0.00173491 0.0336015 0.999434 312.301 
0.999942 0.0105602 -0.00194755 -6.02658 -0.0106228 0.99931 -0.0355858 -9.53397 0.00157037 0.0356045 0.999365 313.912 
0.999947 0.0101088 -0.00219483 -6.05551 -0.0101826 0.999273 -0.0367337 -9.61219 0.00182186 0.0367541 0.999323 315.524 
0.999931 0.0108685 -0.00455096 -6.08778 -0.0110329 0.999224 -0.0378098 -9.69273 0.00413645 0.0378574 0.999275 317.15 
0.999905 0.0119954 -0.00682851 -6.12037 -0.0122419 0.99923 -0.0372858 -9.77433 0.00637595 0.0373659 0.999281 318.791 
0.999884 0.0133134 -0.00742564 -6.15553 -0.0135602 0.999322 -0.0342387 -9.85286 0.00696473 0.0343354 0.999386 320.448 
0.999904 0.0119539 -0.00694392 -6.19025 -0.0121664 0.999432 -0.0314147 -9.92803 0.00656441 0.0314962 0.999482 322.092 
0.999913 0.0112601 -0.00692936 -6.22817 -0.0114689 0.999457 -0.03088 -9.99969 0.00657785 0.0309568 0.999499 323.742 
0.999923 0.0104729 -0.00666715 -6.26383 -0.0106832 0.99942 -0.0323333 -10.0721 0.00632462 0.0324021 0.999455 325.401 
0.999933 0.00969458 -0.00632925 -6.29787 -0.0098959 0.99942 -0.0325978 -10.1468 0.00600952 0.0326582 0.999449 327.06 
0.999933 0.00994576 -0.00591427 -6.33336 -0.0101331 0.999419 -0.0325461 -10.2233 0.00558709 0.0326039 0.999453 328.719 
0.999933 0.0102971 -0.00537707 -6.36867 -0.0104679 0.999408 -0.0327801 -10.301 0.00503631 0.0328342 0.999448 330.356 
0.999914 0.012145 -0.00485951 -6.40963 -0.0123032 0.999347 -0.033981 -10.3796 0.00444359 0.0340379 0.999411 331.994 
0.999906 0.0131109 -0.00398412 -6.4494 -0.0132412 0.999311 -0.0346766 -10.4617 0.0035267 0.0347262 0.999391 333.622 
0.999921 0.0122227 -0.00292801 -6.48807 -0.0123126 0.99938 -0.0329889 -10.5421 0.00252294 0.0330224 0.999451 335.26 
0.999927 0.0116494 -0.00337062 -6.5276 -0.0117537 0.999393 -0.0327888 -10.6174 0.00298656 0.032826 0.999457 337.078 
0.999934 0.0110902 -0.00298063 -6.58937 -0.0111862 0.999345 -0.0344191 -10.6914 0.00259692 0.0344502 0.999403 338.753 
0.999912 0.0129638 -0.0027499 -6.62746 -0.0130512 0.999315 -0.0346203 -10.7719 0.00229917 0.0346532 0.999397 340.382 
0.999882 0.0150925 -0.0027866 -6.67915 -0.0151854 0.999198 -0.037055 -10.8497 0.00222507 0.037093 0.999309 342.045 
0.999846 0.017317 -0.0027562 -6.75691 -0.0174145 0.999026 -0.0405403 -10.9336 0.00205144 0.0405821 0.999174 343.741 
0.999813 0.0191179 -0.00286442 -6.83021 -0.0192184 0.998992 -0.0405706 -11.0167 0.00208587 0.0406181 0.999173 345.403 
0.999787 0.0202866 -0.00367527 -6.87025 -0.0204098 0.999093 -0.0373791 -11.1025 0.0029136 0.0374462 0.999294 347.02 
0.999755 0.0216662 -0.0045646 -6.90811 -0.0218116 0.99916 -0.0346823 -11.1883 0.00380929 0.0347734 0.999388 348.647 
0.999736 0.0222653 -0.00569877 -6.94278 -0.0224567 0.999096 -0.0360932 -11.2719 0.00488995 0.0362117 0.999332 350.264 
0.999735 0.0217282 -0.00754887 -6.97956 -0.0219969 0.999052 -0.0375616 -11.3572 0.00672553 0.0377177 0.999266 351.862 
0.999746 0.020571 -0.00919839 -7.02329 -0.0208924 0.999121 -0.0363332 -11.4422 0.00844285 0.0365162 0.999297 353.493 
0.999766 0.0191999 -0.00999228 -7.06556 -0.0195476 0.999163 -0.035942 -11.5265 0.00929379 0.036129 0.999304 355.113 
0.999763 0.0191066 -0.010477 -7.11066 -0.0194814 0.999128 -0.0369207 -11.6102 0.00976236 0.0371161 0.999263 356.732 
0.999771 0.0186067 -0.0105845 -7.16094 -0.0189957 0.9991 -0.0379231 -11.6946 0.00986929 0.0381155 0.999225 358.355 
0.999775 0.0184165 -0.0105233 -7.20836 -0.0188067 0.99909 -0.0382718 -11.7785 0.00980888 0.0384611 0.999212 359.973 
0.999783 0.0179661 -0.0105581 -7.25205 -0.0183609 0.999087 -0.0385736 -11.8648 0.00985538 0.0387591 0.9992 361.58 
0.999791 0.0174264 -0.0106916 -7.29796 -0.0178333 0.999071 -0.0392271 -11.9536 0.00999806 0.0394096 0.999173 363.194 
0.999793 0.0173059 -0.0107032 -7.34591 -0.0177218 0.999039 -0.0400773 -12.0424 0.00999929 0.0402587 0.999139 364.8 
0.999803 0.0168398 -0.0105329 -7.3913 -0.0172479 0.999053 -0.0399398 -12.1333 0.00985032 0.0401136 0.999147 366.404 
0.999796 0.0172322 -0.0105481 -7.43326 -0.0176494 0.99901 -0.0408389 -12.2241 0.00983384 0.0410167 0.99911 368.011 
0.999818 0.0158832 -0.0106117 -7.47313 -0.0163175 0.998977 -0.0421865 -12.3175 0.00993075 0.042352 0.999053 369.605 
0.999838 0.0146199 -0.0104956 -7.51795 -0.0150347 0.999062 -0.0406036 -12.4081 0.00989208 0.0407549 0.99912 371.216 
0.999857 0.0132349 -0.010556 -7.55736 -0.0136479 0.999104 -0.0400731 -12.495 0.0100161 0.0402114 0.999141 372.83 
0.99986 0.0130089 -0.010544 -7.59942 -0.0134355 0.99905 -0.0414501 -12.5814 0.00999475 0.041586 0.999085 374.447 
0.999841 0.0143708 -0.0105413 -7.63755 -0.0148068 0.998986 -0.0425259 -12.6692 0.00991945 0.0426753 0.99904 376.066 
0.999817 0.016112 -0.0102902 -7.68188 -0.0165307 0.998981 -0.0419895 -12.7594 0.00960317 0.0421519 0.999065 377.67 
0.999798 0.0174477 -0.00999682 -7.72761 -0.0178471 0.998984 -0.0413739 -12.8512 0.00926475 0.041544 0.999094 379.282 
0.999796 0.017746 -0.00967428 -7.77353 -0.0181352 0.998964 -0.0417501 -12.9451 0.00892331 0.0419171 0.999081 380.886 
0.999796 0.0177376 -0.00971363 -7.81571 -0.0181384 0.998916 -0.0428601 -13.0369 0.00894283 0.0430275 0.999034 382.495 
0.999789 0.0181066 -0.00970406 -7.85555 -0.0185103 0.998892 -0.0432721 -13.1306 0.00890976 0.0434427 0.999016 384.118 
0.999776 0.0189896 -0.00939917 -7.89466 -0.0193828 0.998857 -0.0436867 -13.225 0.0085588 0.0438591 0.999001 385.741 
0.99974 0.0207772 -0.00943831 -7.93305 -0.0211716 0.998815 -0.043812 -13.32 0.0085168 0.0440004 0.998995 387.368 
0.999699 0.0227143 -0.00924662 -7.97753 -0.0230978 0.998776 -0.0437386 -13.413 0.00824177 0.0439391 0.999 389.022 
0.999665 0.0242275 -0.00912651 -8.0154 -0.0246124 0.998696 -0.0447266 -13.5052 0.00803096 0.0449362 0.998958 390.656 
0.999634 0.0254987 -0.00903727 -8.05842 -0.0258854 0.998623 -0.0456332 -13.599 0.0078612 0.0458504 0.998917 392.275 
0.999615 0.0262829 -0.00890838 -8.10242 -0.026664 0.998596 -0.0457782 -13.6964 0.00769264 0.0459982 0.998912 393.896 
0.999585 0.0274347 -0.00880342 -8.14595 -0.0278037 0.998602 -0.0449627 -13.7952 0.00755753 0.0451889 0.99895 395.516 
0.999555 0.0285801 -0.00854508 -8.19069 -0.028935 0.998577 -0.0448023 -13.8937 0.00725243 0.0450296 0.998959 397.14 
0.999526 0.0296771 -0.00824476 -8.23429 -0.0300227 0.998511 -0.0455549 -13.9906 0.0068805 0.0457808 0.998928 398.766 
0.999518 0.0299683 -0.00811885 -8.27661 -0.0303073 0.998506 -0.0454718 -14.0869 0.00674397 0.0456959 0.998933 400.396 
0.999522 0.0298589 -0.00800639 -8.31938 -0.0301898 0.99853 -0.0450163 -14.1831 0.00665044 0.0452365 0.998954 402.039 
0.999531 0.0295911 -0.00791839 -8.35844 -0.0299253 0.99849 -0.046071 -14.2819 0.0065431 0.0462863 0.998907 403.677 
0.999533 0.0295317 -0.00782369 -8.39888 -0.0298688 0.998438 -0.0472123 -14.3822 0.00641718 0.047424 0.998854 405.317 
0.999549 0.029037 -0.00772457 -8.44087 -0.0293709 0.998446 -0.0473528 -14.484 0.00633754 0.0475583 0.998848 406.967 
0.999561 0.028617 -0.00768923 -8.47986 -0.028942 0.998516 -0.0461331 -14.5836 0.00635758 0.0463355 0.998906 408.632 
0.999609 0.0268882 -0.00764852 -8.52066 -0.0272046 0.998625 -0.0448146 -14.6837 0.00643298 0.0450052 0.998966 410.301 
0.999654 0.0251844 -0.00761995 -8.56257 -0.0255077 0.998624 -0.0458214 -14.7809 0.00645544 0.0459999 0.998921 411.968 
0.999689 0.0236905 -0.00785313 -8.60305 -0.0240329 0.998613 -0.0468396 -14.8799 0.00673254 0.0470138 0.998872 413.637 
