1 2.12261e-08 -2.11895e-08 0 2.12261e-08 1 2.10703e-08 0 -2.11895e-08 2.10703e-08 1 0 
0.999997 -0.0017618 -0.00167446 -0.00610384 0.00176042 0.999998 -0.000848566 -0.00986375 0.00167591 0.000845657 0.999998 0.580899 
0.999993 -0.00235669 -0.00280903 -0.0186839 0.00235025 0.999995 -0.0023069 -0.0218687 0.00281441 0.00230032 0.999993 1.15554 
0.999985 -0.00279829 -0.00474362 -0.0317626 0.00278103 0.99999 -0.00364942 -0.0349397 0.00475374 0.00363621 0.999982 1.72504 
0.999966 -0.00487517 -0.00670657 -0.0424722 0.00483887 0.999974 -0.00542563 -0.0454505 0.00673281 0.00539304 0.999963 2.29414 
0.999939 -0.00731516 -0.00826996 -0.0554683 0.00725373 0.999946 -0.00743925 -0.0553746 0.00832389 0.00737885 0.999938 2.86579 
0.999916 -0.00864616 -0.00969346 -0.0723137 0.00856665 0.99993 -0.00821831 -0.0650589 0.00976379 0.00813462 0.999919 3.44624 
0.9999 -0.00887615 -0.0110532 -0.0912149 0.00879246 0.999932 -0.00760187 -0.0777774 0.0111199 0.00750397 0.99991 4.03506 
0.999884 -0.00924332 -0.0121456 -0.110761 0.00914604 0.999926 -0.00804387 -0.0927439 0.012219 0.00793189 0.999894 4.63028 
0.999874 -0.00866823 -0.0132698 -0.132135 0.00852608 0.999906 -0.0107353 -0.109618 0.0133615 0.0106208 0.999854 5.23446 
0.999872 -0.00694158 -0.0144019 -0.158332 0.00673033 0.99987 -0.0146684 -0.125011 0.0145018 0.0145697 0.999789 5.84326 
0.999865 -0.00550874 -0.015463 -0.187902 0.00522312 0.999816 -0.0184537 -0.139443 0.0155617 0.0183705 0.99971 6.46443 
0.999858 -0.00377219 -0.0164248 -0.21896 0.00346859 0.999823 -0.0184762 -0.152262 0.0164916 0.0184167 0.999694 7.10044 
0.999847 -0.00142835 -0.0174433 -0.252519 0.00122398 0.999931 -0.0117235 -0.16297 0.0174588 0.0117004 0.999779 7.75872 
0.999837 -0.000707697 -0.0180654 -0.282779 0.000684479 0.999999 -0.00129369 -0.17463 0.0180662 0.00128116 0.999836 8.43481 
0.999823 0.000291226 -0.0188064 -0.312925 -0.000190841 0.999986 0.00533715 -0.189071 0.0188077 -0.00533257 0.999809 9.1207 
0.999797 0.00244314 -0.0200201 -0.344946 -0.00235602 0.999988 0.00437211 -0.204029 0.0200305 -0.00432401 0.99979 9.81302 
0.999774 0.00465209 -0.0207347 -0.380139 -0.00471652 0.999984 -0.00306173 -0.209872 0.02072 0.00315888 0.99978 10.5169 
0.999752 0.00431329 -0.0218405 -0.41277 -0.00451389 0.999948 -0.00914574 -0.211206 0.0217999 0.0092421 0.99972 11.2397 
0.999732 0.0021387 -0.0230601 -0.441474 -0.00231425 0.999969 -0.00759058 -0.213498 0.0230431 0.00764195 0.999705 11.9864 
0.999721 0.00108978 -0.0235943 -0.470835 -0.00105137 0.999998 0.00163834 -0.221764 0.023596 -0.00161303 0.99972 12.7575 
0.99971 0.000710237 -0.0240544 -0.5033 -0.000493071 0.999959 0.00903108 -0.228636 0.0240598 -0.00901657 0.99967 13.5442 
0.999694 -0.000171704 -0.0247343 -0.535621 0.000454896 0.999934 0.0114425 -0.231535 0.0247307 -0.0114502 0.999629 14.3444 
0.999684 -0.00208011 -0.0250429 -0.563816 0.00234022 0.999944 0.0103602 -0.231797 0.0250199 -0.0104155 0.999633 15.1581 
0.999694 -0.00258084 -0.0246196 -0.596638 0.00277255 0.999966 0.0077542 -0.230536 0.0245987 -0.00782004 0.999667 15.988 
0.999707 -9.23391e-05 -0.0241941 -0.632994 0.000194238 0.999991 0.00420766 -0.23186 0.0241935 -0.00421109 0.999698 16.8323 
0.999723 -0.00319232 -0.0233042 -0.663452 0.00316303 0.999994 -0.00129548 -0.239466 0.0233081 0.00122145 0.999728 17.692 
0.999724 -0.00605822 -0.0227215 -0.691512 0.00588927 0.999955 -0.00749675 -0.251522 0.0227659 0.00736091 0.999714 18.5696 
0.999755 -0.00501789 -0.0215434 -0.726393 0.00473953 0.999905 -0.0129543 -0.263407 0.0216063 0.0128491 0.999684 19.4629 
0.999764 -0.00375848 -0.021405 -0.762954 0.0034637 0.999899 -0.0137939 -0.28144 0.0214547 0.0137166 0.999676 20.3766 
0.999758 -0.00362695 -0.0217155 -0.797195 0.00334223 0.999908 -0.0131353 -0.304641 0.0217611 0.0130596 0.999678 21.3061 
0.999758 -0.00206685 -0.0218878 -0.833748 0.00174937 0.999893 -0.014516 -0.329111 0.0219154 0.0144743 0.999655 22.2494 
0.99976 0.000769733 -0.0218863 -0.872389 -0.00113406 0.999861 -0.0166407 -0.352408 0.0218704 0.0166616 0.999622 23.2037 
0.999743 0.00435624 -0.0222418 -0.913048 -0.00474562 0.999836 -0.0174859 -0.377539 0.022162 0.017587 0.9996 24.1728 
0.999731 0.00599096 -0.0223879 -0.952067 -0.00638188 0.999828 -0.0174327 -0.406877 0.0222795 0.0175709 0.999597 25.1492 
0.999719 0.00664994 -0.0227377 -0.991184 -0.00704849 0.999822 -0.0174952 -0.437125 0.0226173 0.0176506 0.999588 26.1327 
0.999714 0.00676266 -0.0229332 -1.03054 -0.00716239 0.999823 -0.0173951 -0.466262 0.0228114 0.0175544 0.999586 27.1269 
0.999697 0.00759563 -0.0234339 -1.07206 -0.00797794 0.999836 -0.0162663 -0.495891 0.0233064 0.0164484 0.999593 28.1321 
0.999685 0.00827624 -0.0237001 -1.11689 -0.00861745 0.99986 -0.0143332 -0.524712 0.0235781 0.0145329 0.999616 29.1511 
0.999671 0.00889178 -0.0240483 -1.16115 -0.00921034 0.999871 -0.0131704 -0.553145 0.023928 0.0133876 0.999624 30.1766 
0.999664 0.00870814 -0.0244166 -1.19939 -0.00905686 0.999858 -0.01421 -0.581817 0.0242894 0.0144264 0.999601 31.2109 
0.999638 0.00998907 -0.0249838 -1.23781 -0.0103723 0.99983 -0.0152592 -0.608354 0.024827 0.0155129 0.999571 32.254 
0.999622 0.00962851 -0.0257528 -1.27631 -0.0100009 0.999847 -0.0143716 -0.635914 0.0256104 0.0146237 0.999565 33.3053 
0.999611 0.0089737 -0.0263897 -1.31821 -0.00928596 0.999888 -0.0117358 -0.663189 0.0262814 0.0119764 0.999583 34.3617 
0.999597 0.00936389 -0.0268016 -1.36505 -0.00958509 0.999921 -0.00813812 -0.688816 0.0267232 0.00839178 0.999608 35.4224 
0.999578 0.00954997 -0.0274347 -1.41268 -0.00971182 0.999936 -0.00577366 -0.713427 0.0273778 0.00603771 0.999607 36.4911 
0.999566 0.00954498 -0.0278843 -1.46063 -0.00969888 0.999938 -0.00539055 -0.735938 0.0278311 0.00565869 0.999597 37.5661 
0.999557 0.00915532 -0.0283281 -1.50987 -0.0093521 0.999933 -0.00682316 -0.757614 0.0282637 0.00708511 0.999575 38.6498 
0.999531 0.00967217 -0.0290476 -1.55996 -0.00989186 0.999924 -0.00743034 -0.779338 0.0289735 0.00771424 0.99955 39.74 
0.999512 0.00940729 -0.0298044 -1.60918 -0.00959785 0.999934 -0.00625856 -0.801624 0.0297435 0.0065416 0.999536 40.8352 
0.999487 0.00944215 -0.0305974 -1.6603 -0.00957711 0.999945 -0.0042686 -0.825409 0.0305554 0.00455949 0.999523 41.9268 
0.99947 0.00959555 -0.0311027 -1.71277 -0.00965606 0.999952 -0.00179724 -0.848327 0.0310839 0.00209666 0.999515 43.0175 
0.999443 0.0108877 -0.0315454 -1.7677 -0.0109567 0.999938 -0.0020164 -0.871972 0.0315215 0.00236095 0.9995 44.0989 
0.999417 0.0121073 -0.0319377 -1.82281 -0.0123001 0.999907 -0.0058513 -0.896021 0.0318638 0.00624076 0.999473 45.1776 
0.999399 0.013385 -0.0319874 -1.87731 -0.0137082 0.999857 -0.00990458 -0.920592 0.0318503 0.0103372 0.999439 46.2592 
0.999392 0.0137725 -0.0320247 -1.92964 -0.014107 0.999848 -0.0102444 -0.947897 0.0318787 0.01069 0.999435 47.3465 
0.999386 0.0142568 -0.0320198 -1.98137 -0.0145063 0.999866 -0.00757675 -0.976315 0.0319074 0.00803663 0.999459 48.4369 
0.999381 0.0149242 -0.0318643 -2.03432 -0.0151046 0.999871 -0.00543079 -1.00376 0.0317791 0.00590877 0.999477 49.5306 
0.999399 0.0133514 -0.0319794 -2.08259 -0.0134901 0.999901 -0.00412819 -1.02774 0.0319211 0.00455716 0.99948 50.6272 
0.999411 0.0132701 -0.0316555 -2.13161 -0.0134351 0.999897 -0.00500899 -1.05369 0.0315857 0.00543138 0.999486 51.723 
0.999429 0.0123744 -0.0314533 -2.18131 -0.0125967 0.999897 -0.00688199 -1.07644 0.0313648 0.00727431 0.999482 52.8234 
0.999437 0.0122849 -0.0312097 -2.23209 -0.0125722 0.99988 -0.00902673 -1.10101 0.0310951 0.00941407 0.999472 53.9289 
0.999457 0.0110735 -0.0310382 -2.28423 -0.0114338 0.999869 -0.0114565 -1.13016 0.0309072 0.0118053 0.999453 55.0304 
0.999475 0.00944239 -0.0309863 -2.33426 -0.00990378 0.999842 -0.0147719 -1.16232 0.0308419 0.0150711 0.999411 56.1246 
0.999496 0.007682 -0.0308184 -2.38319 -0.00819332 0.99983 -0.016501 -1.19459 0.0306864 0.0167452 0.999389 57.2193 
0.999509 0.0060178 -0.0307554 -2.43115 -0.00645897 0.999877 -0.0142664 -1.22721 0.0306657 0.0144581 0.999425 58.3147 
0.999518 0.00464627 -0.0306811 -2.47972 -0.00490544 0.999953 -0.00837885 -1.25664 0.0306407 0.00852536 0.999494 59.4101 
0.999526 0.00336497 -0.0306149 -2.52913 -0.00343987 0.999991 -0.0023955 -1.28216 0.0306065 0.00249972 0.999528 60.5145 
0.999531 0.00152955 -0.0305706 -2.57884 -0.00158119 0.999997 -0.00166628 -1.30379 0.0305679 0.00171388 0.999531 61.6155 
0.999538 -0.0017751 -0.0303508 -2.6266 0.00163341 0.999988 -0.00469388 -1.32463 0.0303587 0.00464218 0.999528 62.7104 
0.99953 -0.00319774 -0.030498 -2.6751 0.00295806 0.999964 -0.00790202 -1.347 0.0305221 0.00780813 0.999504 63.8047 
0.999532 -0.00136068 -0.0305518 -2.72997 0.000996601 0.999928 -0.0119301 -1.37738 0.0305658 0.0118941 0.999462 64.8968 
0.999535 -0.0011807 -0.0304551 -2.78157 0.000685372 0.999867 -0.0162709 -1.40707 0.0304703 0.0162425 0.999404 65.9904 
0.999553 0.0018323 -0.0298381 -2.83747 -0.00233972 0.999853 -0.0169811 -1.43751 0.0298026 0.0170434 0.999411 67.0919 
0.999566 0.00573993 -0.0288887 -2.89688 -0.0061266 0.999893 -0.0133158 -1.47278 0.0288091 0.013487 0.999494 68.2007 
0.999557 0.00715095 -0.0289007 -2.95021 -0.00747978 0.999908 -0.0112872 -1.50394 0.0288173 0.0114984 0.999519 69.3083 
0.999561 0.00650657 -0.028921 -3.00018 -0.00681435 0.999921 -0.0105578 -1.53276 0.02885 0.0107503 0.999526 70.419 
0.999566 0.00484393 -0.0290531 -3.04686 -0.00512932 0.999939 -0.00975785 -1.56154 0.029004 0.00990268 0.99953 71.5271 
0.999563 0.00370731 -0.0293361 -3.09884 -0.00395487 0.999957 -0.00838653 -1.59056 0.0293037 0.00849892 0.999534 72.6336 
0.999556 0.00213731 -0.0297126 -3.14761 -0.00232428 0.999978 -0.00626099 -1.61913 0.0296985 0.00632731 0.999539 73.7367 
0.99953 0.00092508 -0.0306343 -3.19377 -0.00106799 0.999989 -0.00465043 -1.64515 0.0306296 0.004681 0.99952 74.8416 
0.999505 0.000113186 -0.0314493 -3.24131 -0.000299264 0.999983 -0.00591345 -1.67238 0.031448 0.00591997 0.999488 75.9409 
0.999479 0.000333158 -0.0322859 -3.28941 -0.000647321 0.999953 -0.00972198 -1.70022 0.0322811 0.00973785 0.999431 77.0312 
0.999463 0.000846482 -0.0327728 -3.35114 -0.00122016 0.999934 -0.0113851 -1.73898 0.032761 0.011419 0.999398 78.0811 
0.99943 0.00277459 -0.0336397 -3.40512 -0.0031041 0.999948 -0.00974839 -1.76897 0.0336108 0.0098473 0.999387 79.1673 
0.999408 0.00377322 -0.0342041 -3.46454 -0.0039631 0.999977 -0.00548666 -1.79656 0.0341826 0.00561901 0.9994 80.2559 
0.999386 0.00531027 -0.034637 -3.52614 -0.0053652 0.999985 -0.00149433 -1.8223 0.0346285 0.00167929 0.999399 81.34 
0.999362 0.00633868 -0.0351374 -3.58727 -0.00637435 0.999979 -0.000904594 -1.84593 0.0351308 0.00112804 0.999382 82.4172 
0.999344 0.00622369 -0.0356869 -3.6463 -0.00633502 0.999975 -0.00300867 -1.86723 0.0356672 0.00323282 0.999359 83.4922 
0.999319 0.00617251 -0.0363671 -3.70033 -0.00631695 0.999973 -0.0038594 -1.88909 0.0363423 0.00408655 0.999331 84.5644 
0.9993 0.0054604 -0.0370084 -3.75549 -0.00561484 0.999976 -0.0040715 -1.91385 0.0369853 0.00427649 0.999307 85.627 
0.999272 0.0044022 -0.0378936 -3.81012 -0.00455047 0.999982 -0.00382863 -1.93945 0.037876 0.00399832 0.999274 86.6777 
0.999253 0.00318018 -0.0385063 -3.86464 -0.00327464 0.999992 -0.00239114 -1.96288 0.0384983 0.00251549 0.999256 87.7093 
0.999228 0.00328197 -0.039152 -3.92093 -0.00327308 0.999995 0.000290086 -1.98789 0.0391527 -0.000161671 0.999233 88.7226 
0.999189 0.00229934 -0.0401928 -3.97588 -0.00225665 0.999997 0.00110636 -2.01066 0.0401951 -0.00101472 0.999191 89.7147 
0.999099 0.00137977 -0.0424233 -4.03233 -0.00132461 0.999998 0.00132713 -2.03194 0.0424251 -0.0012697 0.999099 90.6863 
0.998955 0.000554495 -0.0456941 -4.09147 -0.000535964 1 0.000416888 -2.05319 0.0456942 -0.000391919 0.998955 91.6335 
0.998791 0.000451838 -0.0491582 -4.15356 -0.000476692 1 -0.000494724 -2.07427 0.0491579 0.000517602 0.998791 92.5576 
0.998632 0.000231106 -0.0522981 -4.21609 -0.000246938 1 -0.000297054 -2.09442 0.052298 0.000309605 0.998632 93.4575 
0.998453 0.0013426 -0.0555805 -4.27987 -0.00130147 0.999999 0.000775371 -2.11558 0.0555814 -0.000701792 0.998454 94.3316 
0.998274 0.00227435 -0.0586828 -4.34557 -0.00216398 0.999996 0.00194358 -2.13785 0.0586869 -0.0018132 0.998275 95.1798 
0.99809 0.00327186 -0.0616891 -4.41266 -0.00306337 0.999989 0.00347335 -2.15638 0.0616997 -0.0032777 0.998089 96.0034 
0.997915 0.00481454 -0.0643655 -4.48123 -0.00455044 0.999981 0.00424838 -2.17308 0.0643846 -0.00394659 0.997917 96.7988 
0.997735 0.00685691 -0.0669141 -4.55009 -0.00655657 0.999967 0.0047065 -2.19098 0.0669442 -0.00425707 0.997748 97.5652 
0.997536 0.00871289 -0.0696116 -4.62047 -0.00849024 0.999958 0.00349319 -2.20876 0.069639 -0.00289352 0.997568 98.3019 
0.997339 0.009986 -0.0722185 -4.68919 -0.0100289 0.99995 -0.000232626 -2.22626 0.0722125 0.000956326 0.997389 99.0077 
0.997129 0.0123794 -0.0747009 -4.75915 -0.0127121 0.999911 -0.0039805 -2.24306 0.074645 0.00491872 0.997198 99.6825 
0.996958 0.0141062 -0.0766572 -4.82644 -0.0146617 0.99987 -0.00668949 -2.2585 0.0765528 0.00779311 0.997035 100.329 
0.996859 0.016122 -0.0775399 -4.88965 -0.0167744 0.999829 -0.00777001 -2.27485 0.0774014 0.00904633 0.996959 100.947 
0.996886 0.0184597 -0.0766612 -4.95021 -0.0190838 0.99979 -0.00741689 -2.29197 0.0765082 0.00885683 0.99703 101.542 
0.997039 0.0223051 -0.0735857 -5.01013 -0.0228066 0.999722 -0.00598279 -2.30951 0.0734318 0.00764336 0.997271 102.113 
0.997369 0.0249164 -0.068072 -5.05782 -0.0252855 0.99967 -0.00456558 -2.32612 0.0679358 0.00627485 0.99767 102.66 
0.997829 0.025796 -0.0605931 -5.09644 -0.0260087 0.999658 -0.00272426 -2.33931 0.0605021 0.00429434 0.998159 103.184 
0.998374 0.0257298 -0.0508729 -5.12413 -0.0257796 0.999668 -0.000322812 -2.35093 0.0508477 0.00163381 0.998705 103.687 
0.998915 0.0253884 -0.0390415 -5.14196 -0.0253754 0.999678 0.000827587 -2.36321 0.0390499 0.000164047 0.999237 104.168 
0.999369 0.0246138 -0.0256115 -5.15053 -0.0245984 0.999697 0.000913327 -2.37564 0.0256262 -0.000282707 0.999672 104.625 
0.999647 0.0244761 -0.0103839 -5.15123 -0.024477 0.9997 3.83842e-05 -2.38795 0.0103816 0.000215837 0.999946 105.063 
0.999702 0.0231938 0.00762529 -5.13908 -0.0231716 0.999727 -0.00298149 -2.40093 -0.0076924 0.00280396 0.999967 105.487 
0.999325 0.0227318 0.0288654 -5.11421 -0.022521 0.999717 -0.00760666 -2.4134 -0.0290302 0.00695149 0.999554 105.903 
0.998367 0.0207602 0.0532282 -5.07588 -0.0201292 0.999721 -0.0123634 -2.42527 -0.05347 0.0112718 0.998506 106.307 
0.996587 0.0185579 0.080431 -5.02364 -0.0173992 0.999735 -0.0150821 -2.43728 -0.0806896 0.0136313 0.996646 106.706 
0.993759 0.0160113 0.110391 -4.95695 -0.0142941 0.999765 -0.0163296 -2.44939 -0.110627 0.0146498 0.993754 107.096 
0.989639 0.0139027 0.142907 -4.87568 -0.0114099 0.999768 -0.0182479 -2.46215 -0.143128 0.0164283 0.989568 107.475 
0.983852 0.0115839 0.178607 -4.78067 -0.00816791 0.99977 -0.0198488 -2.47582 -0.178796 0.0180695 0.98372 107.845 
0.976088 0.00838271 0.217216 -4.67362 -0.00409175 0.999788 -0.0201964 -2.49146 -0.217339 0.0188247 0.975915 108.2 
0.966258 0.00631071 0.257497 -4.55601 -0.000935953 0.999779 -0.0209901 -2.50732 -0.257573 0.0200409 0.966051 108.543 
0.954053 0.00726842 0.299548 -4.42978 -0.000720174 0.999759 -0.0219648 -2.52379 -0.299636 0.0207399 0.953828 108.875 
0.938845 0.00953351 0.344207 -4.29372 -0.00191356 0.999746 -0.0224705 -2.53785 -0.344334 0.0204377 0.938625 109.194 
0.921083 0.00966464 0.389247 -4.13997 -0.00153222 0.999774 -0.0211976 -2.55072 -0.389364 0.0189284 0.92089 109.503 
0.90071 0.00906055 0.434326 -3.97177 -0.000451915 0.999802 -0.0199197 -2.56371 -0.43442 0.0177457 0.900536 109.8 
0.877372 0.00795327 0.479745 -3.78954 0.00202984 0.999792 -0.0202868 -2.57887 -0.479807 0.0187729 0.877173 110.085 
0.851978 0.00850383 0.523509 -3.59336 0.0036629 0.999747 -0.0222008 -2.59565 -0.523565 0.0208322 0.851731 110.357 
0.824067 0.0107774 0.56639 -3.38442 0.00447078 0.999664 -0.0255265 -2.6114 -0.566475 0.0235678 0.823742 110.62 
0.792931 0.0156884 0.60911 -3.16447 0.00319632 0.999548 -0.0299055 -2.626 -0.609303 0.0256599 0.792522 110.877 
0.758393 0.0220151 0.651426 -2.92896 -3.58556e-05 0.999431 -0.0337341 -2.63907 -0.651798 0.0255604 0.757962 111.131 
0.720246 0.0267762 0.693202 -2.67454 -0.00210695 0.999335 -0.0364119 -2.6515 -0.693716 0.024765 0.719823 111.378 
0.68008 0.0271172 0.732637 -2.39644 0.00027693 0.999306 -0.0372445 -2.66611 -0.733138 0.0255321 0.6796 111.606 
0.638153 0.0246044 0.769517 -2.09608 0.00457472 0.99935 -0.0357468 -2.67933 -0.769896 0.0263322 0.637626 111.816 
0.593237 0.0227483 0.804706 -1.78116 0.00635981 0.999437 -0.0329416 -2.68977 -0.805003 0.02466 0.592759 112.019 
0.545873 0.0213715 0.837595 -1.45131 0.00754743 0.999509 -0.0304215 -2.70036 -0.837834 0.022928 0.545443 112.208 
0.496918 0.0189049 0.867592 -1.10606 0.00961867 0.999581 -0.02729 -2.71263 -0.867744 0.021906 0.496528 112.379 
0.445239 0.0152015 0.895283 -0.748741 0.0122344 0.999659 -0.0230581 -2.72862 -0.895328 0.0212196 0.444901 112.527 
0.392835 0.0154078 0.91948 -0.387866 0.00988773 0.999731 -0.0209769 -2.74605 -0.919556 0.017332 0.392577 112.658 
0.341117 0.0203159 0.939801 -0.0198277 0.00638038 0.999693 -0.0239264 -2.76346 -0.939999 0.014158 0.340883 112.77 
0.290161 0.0254508 0.956639 0.35382 0.00602164 0.999578 -0.0284196 -2.77645 -0.956959 0.0140068 0.289885 112.86 
0.243095 0.0275529 0.969611 0.747514 0.00754817 0.999513 -0.030295 -2.79154 -0.969973 0.0146834 0.242769 112.934 
0.201539 0.0271515 0.979104 1.15901 0.0148129 0.999417 -0.0307639 -2.80864 -0.979368 0.0207035 0.20102 112.989 
0.166323 0.0270632 0.9857 1.59084 0.0226414 0.999255 -0.0312557 -2.82283 -0.985811 0.0275162 0.165586 113.031 
0.135817 0.0283906 0.990327 2.03908 0.0273186 0.999102 -0.0323886 -2.83398 -0.990357 0.0314533 0.134919 113.071 
0.107696 0.0269554 0.993818 2.50944 0.025356 0.999233 -0.02985 -2.85023 -0.993861 0.028414 0.106929 113.115 
0.0821552 0.0235985 0.99634 2.99581 0.0192165 0.999496 -0.0252578 -2.86464 -0.996434 0.0212212 0.0816603 113.157 
0.0582565 0.0196724 0.998108 3.49958 0.0145039 0.999684 -0.02055 -2.88051 -0.998196 0.0156736 0.0579527 113.189 
0.0356088 0.0171605 0.999219 4.01724 0.018692 0.999666 -0.0178343 -2.90094 -0.999191 0.0193124 0.0352761 113.197 
0.015497 0.0178201 0.999721 4.55194 0.0265899 0.99948 -0.0182279 -2.91945 -0.999526 0.0268649 0.0150151 113.188 
-0.00178925 0.0203065 0.999792 5.11201 0.0317064 0.999292 -0.0202396 -2.93471 -0.999496 0.0316636 -0.00243183 113.18 
-0.0161779 0.0259144 0.999533 5.68828 0.0323718 0.999154 -0.0253805 -2.94512 -0.999345 0.0319461 -0.0170031 113.174 
-0.0271599 0.0307249 0.999159 6.28847 0.0299128 0.999105 -0.0299101 -2.95589 -0.999183 0.0290753 -0.0280546 113.172 
-0.0335898 0.0305376 0.998969 6.91557 0.0323615 0.999042 -0.0294516 -2.97306 -0.998912 0.0313388 -0.0345459 113.157 
-0.0361683 0.0273415 0.998972 7.56114 0.0384372 0.998924 -0.0259486 -2.99609 -0.998606 0.0374592 -0.0371803 113.134 
-0.0356595 0.0257742 0.999032 8.22421 0.0402861 0.998892 -0.0243326 -3.01674 -0.998552 0.0393794 -0.0366583 113.119 
-0.0337171 0.0254171 0.999108 8.89925 0.0390376 0.998947 -0.0240956 -3.03972 -0.998669 0.0381903 -0.0346738 113.109 
-0.0323192 0.0258263 0.999144 9.59739 0.0353956 0.999069 -0.0246794 -3.06366 -0.998851 0.0345676 -0.0332032 113.107 
-0.0311379 0.0271215 0.999147 10.3131 0.0346176 0.999061 -0.0260403 -3.0838 -0.998915 0.0337773 -0.0320475 113.102 
-0.0302481 0.0279923 0.99915 11.0422 0.0343812 0.999045 -0.0269485 -3.1079 -0.998951 0.0335369 -0.0311816 113.094 
-0.0294313 0.027476 0.999189 11.7885 0.0339721 0.999072 -0.0264721 -3.13517 -0.998989 0.0331654 -0.0303374 113.087 
-0.0288406 0.0262557 0.999239 12.5512 0.0329422 0.999137 -0.0253022 -3.16134 -0.999041 0.0321874 -0.0296806 113.083 
-0.0284579 0.0249909 0.999283 13.3285 0.0336488 0.999145 -0.0240292 -3.18804 -0.999029 0.0329409 -0.0292745 113.076 
-0.0291452 0.0228558 0.999314 14.1162 0.0342322 0.999175 -0.0218541 -3.21465 -0.998989 0.0335718 -0.0299036 113.067 
-0.0304641 0.0212262 0.99931 14.9119 0.0317994 0.999289 -0.0202563 -3.24196 -0.99903 0.0311604 -0.0311174 113.064 
-0.031773 0.0202343 0.99929 15.7138 0.030907 0.999337 -0.0192525 -3.26732 -0.999017 0.0302734 -0.0323773 113.057 
-0.032928 0.0177872 0.999299 16.529 0.0333773 0.999304 -0.0166874 -3.28903 -0.9989 0.0328045 -0.0334988 113.041 
-0.0341265 0.0162729 0.999285 17.3522 0.0347983 0.999281 -0.0150844 -3.31183 -0.998812 0.0342587 -0.0346682 113.025 
-0.0360434 0.0154442 0.999231 18.1793 0.0320289 0.999385 -0.0142912 -3.33924 -0.998837 0.0314892 -0.0365158 113.014 
-0.0371578 0.0202017 0.999105 19.0087 0.029262 0.999389 -0.0191191 -3.36197 -0.998881 0.0285254 -0.0377262 113.004 
-0.0382219 0.0249102 0.998959 19.8436 0.0306226 0.999249 -0.0237457 -3.38705 -0.9988 0.0296831 -0.038956 112.988 
-0.0395489 0.0266103 0.998863 20.6892 0.0309439 0.999199 -0.025394 -3.4152 -0.998738 0.0299044 -0.0403406 112.972 
-0.0413778 0.0244738 0.998844 21.5447 0.0275904 0.999347 -0.0233431 -3.44517 -0.998763 0.0265926 -0.042026 112.963 
-0.0427309 0.0203543 0.998879 22.4025 0.0246586 0.999509 -0.0193122 -3.47653 -0.998782 0.0238058 -0.0432118 112.951 
-0.0431345 0.0150538 0.998956 23.2598 0.0230089 0.999636 -0.0140705 -3.50711 -0.998804 0.022378 -0.0434652 112.932 
-0.0435152 0.00948851 0.999008 24.1161 0.0194739 0.999773 -0.00864749 -3.53123 -0.998863 0.0190783 -0.0436901 112.916 
-0.0435184 0.00825216 0.999019 24.9635 0.0166996 0.999832 -0.00753139 -3.55825 -0.998913 0.0163555 -0.0436489 112.901 
-0.0425297 0.0150987 0.998981 25.7992 0.0197721 0.999703 -0.0142678 -3.58877 -0.9989 0.0191451 -0.0428156 112.878 
-0.0414771 0.0263481 0.998792 26.6298 0.0220848 0.999432 -0.0254478 -3.61486 -0.998895 0.0210026 -0.0420354 112.856 
-0.0408189 0.0316026 0.998667 27.4643 0.0241816 0.999238 -0.0306323 -3.64141 -0.998874 0.022899 -0.041552 112.835 
-0.0394092 0.0261008 0.998882 28.3071 0.0258436 0.999351 -0.0250934 -3.67618 -0.998889 0.0248258 -0.0400582 112.814 
-0.0383942 0.0183652 0.999094 29.1505 0.0289569 0.999432 -0.0172585 -3.7102 -0.998843 0.0282681 -0.0389042 112.792 
-0.0378407 0.0154422 0.999165 29.9801 0.0301229 0.999444 -0.0143056 -3.74039 -0.99883 0.0295564 -0.0382849 112.772 
-0.0379998 0.0161864 0.999147 30.8019 0.0290269 0.999465 -0.0150875 -3.7678 -0.998856 0.0284288 -0.0384493 112.757 
-0.0388618 0.0171564 0.999097 31.6183 0.0262677 0.999525 -0.016142 -3.79592 -0.998899 0.0256166 -0.039294 112.742 
-0.0407794 0.017379 0.999017 32.4349 0.024506 0.999565 -0.0163882 -3.82362 -0.998868 0.0238136 -0.0411876 112.727 
-0.0429621 0.0173535 0.998926 33.2485 0.0243634 0.99957 -0.0163168 -3.85262 -0.99878 0.0236362 -0.0433664 112.708 
-0.0450034 0.0176839 0.99883 34.0573 0.0235175 0.999585 -0.0166376 -3.88242 -0.99871 0.0227413 -0.0454006 112.687 
-0.0470766 0.0180083 0.998729 34.8631 0.0220542 0.999613 -0.0169846 -3.91068 -0.998648 0.0212266 -0.0474556 112.666 
-0.0491992 0.017187 0.998641 35.6688 0.0203325 0.999662 -0.0162029 -3.93759 -0.998582 0.0195077 -0.049532 112.645 
-0.0511992 0.0159846 0.998561 36.4634 0.0211524 0.999665 -0.0149177 -3.96709 -0.998464 0.0203582 -0.0515201 112.618 
-0.0531689 0.0161361 0.998455 37.2537 0.0209506 0.999667 -0.01504 -3.99525 -0.998366 0.0201186 -0.0534893 112.592 
-0.0550092 0.0171434 0.998339 38.0385 0.0208312 0.999655 -0.0160182 -4.0221 -0.998269 0.0199154 -0.0553473 112.565 
-0.0559614 0.0173708 0.998282 38.8189 0.0213308 0.999641 -0.0161987 -4.04934 -0.998205 0.0203877 -0.0563119 112.535 
-0.0571353 0.0161882 0.998235 39.5968 0.0232651 0.999619 -0.0148789 -4.07755 -0.998095 0.0223739 -0.0574901 112.502 
-0.0587568 0.0154993 0.998152 40.3758 0.0235581 0.999623 -0.0141353 -4.10491 -0.997994 0.022684 -0.0590998 112.473 
-0.0601464 0.0151491 0.998075 41.1421 0.0222798 0.999656 -0.0138304 -4.13141 -0.997941 0.0214051 -0.0604632 112.444 
-0.0614128 0.0142957 0.99801 41.8952 0.0207162 0.9997 -0.0130451 -4.15652 -0.997897 0.0198739 -0.0616906 112.416 
-0.0623168 0.0131404 0.99797 42.6331 0.0196638 0.999735 -0.0119357 -4.18088 -0.997863 0.0188801 -0.0625587 112.388 
-0.0630526 0.0128338 0.997928 43.3489 0.0198774 0.999735 -0.0116011 -4.2065 -0.997812 0.0191048 -0.063291 112.356 
-0.0632451 0.0154024 0.997879 44.0551 0.0201366 0.999697 -0.0141542 -4.23226 -0.997795 0.0191987 -0.063536 112.326 
-0.0632774 0.0181098 0.997832 44.7564 0.0201454 0.999655 -0.0168654 -4.25832 -0.997793 0.0190345 -0.0636204 112.294 
-0.0633374 0.0197488 0.997797 45.4555 0.0183285 0.999659 -0.0186222 -4.28387 -0.997824 0.0171087 -0.0636777 112.265 
-0.0633716 0.0206093 0.997777 46.1509 0.018973 0.999631 -0.0194425 -4.30999 -0.99781 0.0176987 -0.0637392 112.233 
-0.0632668 0.0204388 0.997787 46.842 0.020399 0.999608 -0.0191826 -4.33614 -0.997788 0.0191403 -0.0636589 112.198 
-0.063562 0.0199577 0.997778 47.5321 0.0210319 0.999605 -0.0186544 -4.36132 -0.997756 0.0197995 -0.0639566 112.166 
-0.0638403 0.020063 0.997758 48.2149 0.0171609 0.999672 -0.0190035 -4.38694 -0.997813 0.0159093 -0.0641636 112.14 
-0.0635174 0.0202663 0.997775 48.8987 0.0148865 0.999702 -0.0193577 -4.41436 -0.99787 0.0136238 -0.0638001 112.114 
-0.063315 0.0189496 0.997814 49.5805 0.016995 0.999695 -0.0179069 -4.4399 -0.997849 0.0158241 -0.0636178 112.08 
-0.0642263 0.0184271 0.997765 50.2572 0.0172985 0.9997 -0.0173492 -4.46268 -0.997785 0.0161456 -0.0645258 112.046 
-0.0678249 0.0179111 0.997536 50.9319 0.0140556 0.999757 -0.0169952 -4.48879 -0.997598 0.0128682 -0.0680601 112.018 
-0.0729838 0.017528 0.997179 51.6028 0.0103316 0.999805 -0.016818 -4.51476 -0.99728 0.009075 -0.0731507 111.986 
-0.0787033 0.0213745 0.996669 52.2676 0.0141071 0.999694 -0.0203254 -4.53817 -0.996798 0.0124604 -0.0789808 111.939 
-0.0852437 0.0243112 0.996064 52.9361 0.0165508 0.999599 -0.022981 -4.56012 -0.996223 0.0145266 -0.0856119 111.886 
-0.0926408 0.0259614 0.995361 53.6098 0.0157138 0.999574 -0.0246088 -4.58452 -0.995576 0.0133611 -0.0930092 111.836 
-0.0988855 0.0251816 0.99478 54.2891 0.0120568 0.999637 -0.024106 -4.61081 -0.995026 0.00961009 -0.0991532 111.785 
-0.104203 0.0239994 0.994266 54.975 0.0117208 0.999669 -0.0229014 -4.63837 -0.994487 0.00926716 -0.10445 111.726 
-0.108782 0.0246526 0.99376 55.6655 0.00953326 0.999672 -0.0237556 -4.6629 -0.99402 0.00688959 -0.108981 111.664 
-0.112742 0.0240695 0.993333 56.3618 0.00741134 0.999699 -0.0233826 -4.68602 -0.993597 0.00472573 -0.112887 111.601 
-0.115364 0.0210453 0.9931 57.0687 0.00798784 0.999763 -0.0202585 -4.70816 -0.993291 0.00559562 -0.115505 111.532 
-0.117071 0.0179494 0.992961 57.7825 0.0100486 0.999807 -0.0168884 -4.73182 -0.993073 0.00800069 -0.117229 111.459 
-0.1184 0.0150376 0.992852 58.5032 0.0096684 0.999855 -0.0139907 -4.75728 -0.992919 0.00794279 -0.118528 111.387 
-0.119714 0.0149639 0.992696 59.2313 0.00876433 0.999863 -0.014015 -4.77704 -0.99277 0.00702252 -0.119829 111.317 
-0.119902 0.0187571 0.992609 59.9629 0.0106808 0.999788 -0.0176025 -4.79836 -0.992728 0.00849127 -0.120077 111.24 
-0.119871 0.0227732 0.992528 60.6993 0.0165862 0.999643 -0.0209332 -4.82306 -0.992651 0.013953 -0.120206 111.156 
-0.120304 0.0275761 0.992354 61.4407 0.0239056 0.999405 -0.0248738 -4.85039 -0.992449 0.0207304 -0.120892 111.067 
-0.121029 0.0288511 0.99223 62.1877 0.0246129 0.999357 -0.0260562 -4.87579 -0.992344 0.0212681 -0.121661 110.988 
-0.121325 0.0266005 0.992256 62.9395 0.0226062 0.999456 -0.0240293 -4.90441 -0.992355 0.0195158 -0.121861 110.913 
-0.1213 0.0217927 0.992377 63.6912 0.0229659 0.999553 -0.0191431 -4.93342 -0.99235 0.0204688 -0.121746 110.835 
-0.121187 0.019682 0.992435 64.439 0.0250291 0.999546 -0.0167667 -4.96187 -0.992314 0.0228078 -0.121625 110.753 
-0.122237 0.0193196 0.992313 65.1849 0.0250912 0.999551 -0.0163697 -4.98942 -0.992184 0.0228973 -0.122667 110.675 
-0.12395 0.020222 0.992082 65.9261 0.0237649 0.999566 -0.0174053 -5.01576 -0.992004 0.0214194 -0.124377 110.598 
-0.126102 0.0209036 0.991797 66.6655 0.0229632 0.999572 -0.0181478 -5.04176 -0.991751 0.0204864 -0.126528 110.519 
-0.128175 0.0211086 0.991527 67.4053 0.0243198 0.99954 -0.0181353 -5.06808 -0.991453 0.0217893 -0.12863 110.434 
-0.129906 0.0213039 0.991298 68.1453 0.0247649 0.999527 -0.0182353 -5.09406 -0.991217 0.0221805 -0.130372 110.347 
-0.131876 0.0209608 0.991045 68.8944 0.0246254 0.999537 -0.0178635 -5.11968 -0.99096 0.0220491 -0.132331 110.261 
-0.133529 0.0213666 0.990815 69.6444 0.0223943 0.999577 -0.0185375 -5.14568 -0.990792 0.0197133 -0.133951 110.177 
-0.134575 0.0228963 0.990639 70.3999 0.0226401 0.999543 -0.0200265 -5.17326 -0.990645 0.0197331 -0.135032 110.088 
-0.135481 0.0233265 0.990505 71.1613 0.0214593 0.999557 -0.0206044 -5.19897 -0.990548 0.018464 -0.135922 110 
-0.13676 0.0237156 0.99032 71.9276 0.021413 0.999551 -0.0209795 -5.22349 -0.990373 0.0183366 -0.137206 109.91 
-0.137846 0.0220839 0.990207 72.7041 0.0220004 0.999573 -0.0192301 -5.24976 -0.990209 0.0191342 -0.138273 109.817 
-0.138836 0.019883 0.990116 73.4829 0.0197411 0.999655 -0.0173064 -5.2751 -0.990119 0.0171432 -0.13918 109.724 
-0.140587 0.0178677 0.989907 74.2695 0.0169362 0.999734 -0.0156398 -5.29877 -0.989923 0.0145665 -0.140852 109.632 
-0.142751 0.0174065 0.989606 75.0606 0.0183915 0.999719 -0.0149314 -5.32334 -0.989588 0.0160689 -0.143031 109.532 
-0.144419 0.0180257 0.989353 75.8545 0.0195426 0.999691 -0.0153614 -5.34782 -0.989324 0.017116 -0.144726 109.428 
-0.14666 0.0194075 0.988997 76.6576 0.0191111 0.999677 -0.016783 -5.36983 -0.989002 0.0164394 -0.146984 109.326 
-0.148149 0.0230579 0.988696 77.4602 0.0207143 0.999581 -0.0202079 -5.39636 -0.988748 0.0174864 -0.148565 109.219 
-0.148571 0.027107 0.98853 78.2716 0.0227934 0.999453 -0.0239808 -5.42416 -0.988639 0.0189691 -0.149108 109.109 
-0.149581 0.031139 0.988259 79.0862 0.0239389 0.999325 -0.0278643 -5.45414 -0.98846 0.0194899 -0.150225 109 
-0.149278 0.0322629 0.988269 79.9128 0.0261347 0.999247 -0.0286737 -5.48613 -0.98845 0.0215478 -0.150009 108.888 
-0.148658 0.0316911 0.988381 80.7448 0.029946 0.999172 -0.027533 -5.52099 -0.988435 0.0255051 -0.149484 108.772 
-0.148649 0.029795 0.988441 81.5858 0.0303622 0.999212 -0.0255535 -5.55599 -0.988424 0.0262127 -0.149436 108.662 
-0.14807 0.0282307 0.988574 82.4291 0.0297139 0.999268 -0.0240855 -5.5889 -0.98853 0.0258081 -0.1488 108.555 
-0.146338 0.0258368 0.988897 83.2788 0.0286445 0.99935 -0.021871 -5.62163 -0.98882 0.0251259 -0.146983 108.449 
-0.144742 0.0226872 0.989209 84.1344 0.0291811 0.9994 -0.018651 -5.65297 -0.989039 0.0261667 -0.145317 108.342 
-0.143146 0.0193361 0.989513 84.9883 0.0296313 0.999445 -0.0152436 -5.68263 -0.989258 0.0271385 -0.143639 108.234 
-0.141563 0.0190545 0.989746 85.8432 0.0278457 0.999496 -0.0152594 -5.71416 -0.989538 0.0254 -0.142023 108.132 
-0.14083 0.0229864 0.989767 86.7353 0.0280959 0.999421 -0.0192129 -5.75303 -0.989635 0.0251027 -0.141394 108.044 
-0.138919 0.0292429 0.989872 87.5847 0.0287954 0.999261 -0.0254791 -5.78351 -0.989885 0.0249642 -0.139658 107.94 
-0.137544 0.0327751 0.989953 88.4396 0.0267938 0.99921 -0.0293588 -5.81463 -0.990133 0.0224865 -0.138313 107.841 
-0.136183 0.0303916 0.990218 89.2959 0.0254518 0.999307 -0.0271702 -5.851 -0.990357 0.0215027 -0.136862 107.741 
-0.134923 0.0278407 0.990465 90.1555 0.02581 0.999365 -0.0245749 -5.88843 -0.99052 0.0222481 -0.135556 107.639 
-0.134258 0.0262444 0.990599 91.0223 0.0269427 0.999376 -0.0228253 -5.92377 -0.99058 0.023625 -0.134881 107.537 
-0.133455 0.0259607 0.990715 91.8893 0.0262761 0.999398 -0.0226487 -5.95894 -0.990707 0.0230095 -0.134056 107.437 
-0.132986 0.0259088 0.990779 92.7569 0.0254945 0.999417 -0.0227127 -5.99418 -0.99079 0.022239 -0.133569 107.338 
-0.132209 0.0241366 0.990928 93.6241 0.028131 0.999392 -0.0205895 -6.02772 -0.990823 0.0251537 -0.132808 107.234 
-0.130851 0.0234085 0.991126 94.4896 0.0308349 0.999334 -0.0195315 -6.0624 -0.990922 0.0280056 -0.131485 107.127 
-0.129847 0.0237935 0.991249 95.2713 0.033213 0.999255 -0.019635 -6.11765 -0.990978 0.0303727 -0.130541 107.03 
-0.128713 0.0259536 0.991342 96.1355 0.0341126 0.999182 -0.0217298 -6.15025 -0.991095 0.0310203 -0.129493 106.928 
-0.127586 0.0275045 0.991446 96.9963 0.0315405 0.999222 -0.0236614 -6.18132 -0.991326 0.0282518 -0.128354 106.829 
-0.126724 0.0233794 0.991663 97.8606 0.0267766 0.999439 -0.0201409 -6.21337 -0.991577 0.024001 -0.127279 106.737 
-0.126588 0.0213198 0.991726 98.719 0.0224066 0.999575 -0.0186284 -6.24846 -0.991702 0.0198631 -0.127012 106.645 
-0.127715 0.0217072 0.991573 99.5667 0.0190614 0.99963 -0.0194284 -6.28321 -0.991628 0.0164195 -0.128081 106.557 
-0.128921 0.0264338 0.991303 100.407 0.0161252 0.999568 -0.024557 -6.31552 -0.991524 0.012819 -0.129292 106.468 
-0.129797 0.0288929 0.99112 101.242 0.0151942 0.999516 -0.0271478 -6.34988 -0.991424 0.0115355 -0.130174 106.377 
-0.13027 0.0293394 0.991044 102.073 0.0158555 0.999496 -0.0275054 -6.38682 -0.991352 0.0121303 -0.13067 106.282 
-0.130586 0.0287081 0.991021 102.899 0.017272 0.999495 -0.0266776 -6.42685 -0.991287 0.0136332 -0.131016 106.185 
-0.131198 0.0293944 0.99092 103.72 0.0183443 0.999461 -0.0272189 -6.4663 -0.991186 0.0146067 -0.131667 106.09 
-0.131545 0.0325124 0.990777 104.533 0.0197606 0.999349 -0.0301701 -6.50664 -0.991113 0.0156096 -0.132102 105.993 
-0.132104 0.0339114 0.990656 105.342 0.0193497 0.999312 -0.0316274 -6.54668 -0.991047 0.0149907 -0.132669 105.899 
-0.133239 0.0341931 0.990494 106.147 0.0176943 0.999327 -0.0321178 -6.58575 -0.990926 0.0132468 -0.133754 105.806 
-0.13542 0.033032 0.990238 106.949 0.0160605 0.999386 -0.0311407 -6.62718 -0.990658 0.0116866 -0.135867 105.713 
-0.138473 0.0341978 0.989776 107.747 0.0160472 0.99935 -0.0322835 -6.66901 -0.990236 0.0114127 -0.138931 105.616 
-0.141731 0.0369407 0.989216 108.541 0.0156943 0.999262 -0.0350672 -6.70883 -0.989781 0.0105549 -0.142206 105.519 
-0.145111 0.0383454 0.988672 109.327 0.0140889 0.999228 -0.0366869 -6.74866 -0.989315 0.00860558 -0.145539 105.422 
-0.148306 0.038439 0.988194 110.111 0.0146537 0.99922 -0.0366686 -6.7899 -0.988833 0.00904247 -0.148754 105.319 
-0.15111 0.0371593 0.987818 110.893 0.0161505 0.999253 -0.0351188 -6.83158 -0.988385 0.0106469 -0.151597 105.212 
-0.153625 0.0381268 0.987393 111.67 0.0177102 0.999201 -0.0358272 -6.87344 -0.98797 0.011983 -0.154178 105.103 
-0.155576 0.0425864 0.986905 112.441 0.0132118 0.999071 -0.0410286 -6.91824 -0.987736 0.00665572 -0.155995 105.003 
-0.157366 0.0494683 0.986301 113.207 0.0109081 0.998771 -0.0483533 -6.96611 -0.98748 0.0031495 -0.157712 104.901 
-0.159933 0.0526246 0.985724 113.974 0.015376 0.99859 -0.0508166 -7.00814 -0.987008 0.00702928 -0.160516 104.785 
-0.162656 0.0509363 0.985367 114.742 0.0174987 0.998659 -0.0487348 -7.0519 -0.986528 0.0093156 -0.16333 104.667 
-0.165882 0.0431155 0.985203 115.515 0.0159519 0.99903 -0.0410347 -7.1029 -0.986017 0.00890896 -0.166409 104.554 
-0.168268 0.040969 0.98489 116.283 0.0149115 0.999127 -0.0390136 -7.15217 -0.985629 0.00812139 -0.168732 104.44 
-0.169903 0.0439555 0.98448 117.038 0.0146423 0.999007 -0.0420771 -7.19597 -0.985352 0.00726604 -0.170378 104.32 
-0.172794 0.0473601 0.983819 117.79 0.0120689 0.99887 -0.0459649 -7.23895 -0.984884 0.00393117 -0.173171 104.205 
-0.175327 0.0498276 0.983249 118.533 0.011587 0.998754 -0.0485472 -7.28705 -0.984442 0.00288132 -0.175686 104.086 
-0.17705 0.0540062 0.982719 119.27 0.0155077 0.998523 -0.0520807 -7.33925 -0.98408 0.00601882 -0.177625 103.958 
-0.178915 0.0585414 0.982121 120.011 0.0159538 0.99827 -0.0565976 -7.38792 -0.983735 0.00554237 -0.17954 103.837 
-0.181964 0.0609673 0.981413 120.756 0.0152836 0.998131 -0.059172 -7.43531 -0.983187 0.00423236 -0.182555 103.719 
-0.184222 0.0585647 0.981138 121.497 0.0163465 0.998268 -0.0565179 -7.48819 -0.982749 0.00562639 -0.18486 103.592 
-0.188022 0.0552128 0.980612 122.237 0.0207229 0.998419 -0.052242 -7.54069 -0.981946 0.0104985 -0.188869 103.457 
-0.19375 0.0538059 0.979574 122.974 0.0230631 0.998469 -0.050282 -7.59147 -0.98078 0.0128499 -0.194694 103.322 
-0.200047 0.052638 0.978371 123.709 0.0219601 0.998546 -0.0492332 -7.63976 -0.97954 0.0116362 -0.200912 103.189 
-0.208616 0.0530033 0.97656 124.441 0.0210821 0.998542 -0.0496927 -7.68811 -0.977771 0.0102212 -0.209429 103.051 
-0.219266 0.053505 0.974197 125.168 0.0204737 0.998528 -0.0502331 -7.73596 -0.97545 0.00893096 -0.220038 102.902 
-0.231211 0.0545614 0.971372 125.887 0.0211288 0.998472 -0.0510544 -7.78293 -0.972674 0.00871955 -0.232011 102.743 
-0.243623 0.0554765 0.968282 126.603 0.0220482 0.998422 -0.0516559 -7.82976 -0.96962 0.00876434 -0.244461 102.572 
-0.255165 0.0556057 0.965297 127.31 0.0251408 0.998389 -0.0508662 -7.87766 -0.966571 0.0112891 -0.256151 102.388 
-0.266122 0.0556937 0.962329 128.01 0.0284422 0.998349 -0.0499129 -7.92594 -0.96352 0.0140878 -0.267267 102.196 
-0.27615 0.055663 0.959501 128.707 0.0323043 0.998295 -0.0486161 -7.97483 -0.960572 0.0175706 -0.277477 101.998 
-0.284883 0.0563799 0.956903 129.402 0.0380016 0.998148 -0.0474964 -8.0211 -0.957809 0.022833 -0.286498 101.791 
-0.292389 0.0564722 0.954631 130.09 0.042997 0.998022 -0.0458696 -8.06758 -0.955332 0.0276344 -0.294239 101.581 
-0.298836 0.0566308 0.952623 130.779 0.0431166 0.99802 -0.0458039 -8.1143 -0.95333 0.027386 -0.300686 101.376 
-0.303555 0.0547892 0.951237 131.465 0.0466489 0.998003 -0.0425963 -8.15605 -0.951671 0.0314438 -0.305505 101.163 
-0.305506 0.0522926 0.950753 132.148 0.0527298 0.997888 -0.0379414 -8.19529 -0.950729 0.0385417 -0.307618 100.944 
-0.306411 0.0510563 0.950529 132.824 0.059167 0.997651 -0.0345144 -8.23428 -0.950059 0.0456643 -0.308712 100.724 
-0.307263 0.0496177 0.95033 133.497 0.0613526 0.997595 -0.0322487 -8.27552 -0.949645 0.0483964 -0.309568 100.513 
-0.306855 0.0551005 0.95016 134.161 0.0637178 0.997272 -0.0372548 -8.31247 -0.949621 0.0491102 -0.309529 100.305 
-0.305501 0.0583869 0.9504 134.824 0.0634701 0.997147 -0.0408566 -8.34919 -0.950074 0.0478402 -0.308335 100.102 
-0.304693 0.0584033 0.950659 135.482 0.0653873 0.997046 -0.040296 -8.38601 -0.950204 0.0498831 -0.307611 99.8997 
-0.302849 0.0569114 0.951338 136.141 0.0666914 0.997034 -0.0384144 -8.42353 -0.950702 0.0518122 -0.305746 99.6972 
-0.300946 0.0540829 0.952106 136.796 0.0687117 0.997025 -0.0349157 -8.46613 -0.951163 0.0549131 -0.303767 99.4964 
-0.2996 0.0546658 0.952497 137.442 0.0694513 0.996958 -0.0353721 -8.50582 -0.951534 0.0555547 -0.302486 99.3023 
-0.297074 0.0570639 0.953148 138.081 0.0706676 0.996789 -0.0376512 -8.54202 -0.952236 0.0561715 -0.300152 99.1117 
-0.292714 0.0587126 0.954396 138.717 0.072321 0.996614 -0.0391288 -8.57891 -0.953461 0.0575693 -0.295969 98.9239 
-0.287299 0.0578369 0.956093 139.354 0.0735809 0.996558 -0.0381743 -8.61629 -0.955011 0.0593827 -0.290566 98.7418 
-0.2818 0.0561325 0.95783 139.986 0.0752205 0.996507 -0.0362688 -8.65435 -0.95652 0.0618278 -0.285038 98.5641 
-0.277081 0.0541648 0.959319 140.612 0.0749805 0.996584 -0.0346122 -8.69271 -0.957916 0.0623397 -0.280196 98.3926 
-0.272966 0.0532711 0.960548 141.234 0.0750366 0.996603 -0.033947 -8.72983 -0.959093 0.0628099 -0.276036 98.2262 
-0.269064 0.0519515 0.96172 141.855 0.0760562 0.996572 -0.0325556 -8.76271 -0.960114 0.0643852 -0.272093 98.0635 
-0.265138 0.0506442 0.96288 142.469 0.0794629 0.99637 -0.0305248 -8.79297 -0.960931 0.0684199 -0.2682 97.9008 
-0.261314 0.0491134 0.964004 143.08 0.0815804 0.996255 -0.0286424 -8.82285 -0.9618 0.0711591 -0.264342 97.7415 
-0.258092 0.0476091 0.964947 143.682 0.0796024 0.996437 -0.0278716 -8.85858 -0.962835 0.0696186 -0.260962 97.5935 
-0.254477 0.0484672 0.965864 144.278 0.0767574 0.996605 -0.0297864 -8.89255 -0.964028 0.0665572 -0.257333 97.4519 
-0.249812 0.0519598 0.966899 144.867 0.0779879 0.996395 -0.0333955 -8.92364 -0.965149 0.0670639 -0.252964 97.3094 
-0.244092 0.0552737 0.968176 145.453 0.0797225 0.996139 -0.0367708 -8.95394 -0.96647 0.0682099 -0.247556 97.1694 
-0.237419 0.0561096 0.969786 146.04 0.0787812 0.996154 -0.0383483 -8.98761 -0.968208 0.0672963 -0.240926 97.0401 
-0.229075 0.0544004 0.971888 146.628 0.0753266 0.996434 -0.0380198 -9.02396 -0.97049 0.0644996 -0.232356 96.9216 
