1 2.12261e-08 -2.11895e-08 0 2.12261e-08 1 2.10703e-08 0 -2.11895e-08 2.10703e-08 1 0 
0.999998 0.000704717 0.00164201 -0.0210946 -0.000702959 0.999999 -0.0010446 -0.0185369 -0.00164279 0.00104348 0.999998 1.21246 
0.999995 0.00102954 0.00292104 -0.0379935 -0.00102781 0.999999 -0.000577189 -0.0387707 -0.00292167 0.000574226 0.999996 2.42585 
0.999992 0.0003852 0.00399532 -0.0540063 -0.000383895 1 -0.000316716 -0.0598296 -0.00399548 0.000315221 0.999992 3.63566 
0.999989 0.000112957 0.00466953 -0.0694041 -0.000111893 1 -0.000219005 -0.0806164 -0.0046696 0.000218522 0.999989 4.84114 
0.999985 -0.000148857 0.00552728 -0.0863197 0.000149613 1 -0.000128752 -0.102104 -0.0055273 0.000129619 0.999985 6.04706 
0.999981 9.37074e-05 0.00611488 -0.0996382 -8.69531e-05 0.999999 -0.00109786 -0.124727 -0.00611502 0.00109735 0.999981 7.2514 
0.999978 -0.000294518 0.0066361 -0.109036 0.00030422 0.999999 -0.00145452 -0.145506 -0.00663571 0.00145654 0.999977 8.45048 
0.999977 -0.000809632 0.00667252 -0.122205 0.000809846 1 -2.30699e-05 -0.165948 -0.00667254 2.85151e-05 0.999978 9.65784 
0.999985 -0.00153164 0.00531319 -0.1358 0.00152732 0.999999 0.000823826 -0.186557 -0.00531449 -0.000815657 0.999986 10.8625 
0.999992 -0.00270718 0.00298743 -0.156727 0.0027064 0.999996 0.000279884 -0.206628 -0.00298822 -0.000271755 0.999996 12.0724 
0.999997 -0.00239751 0.0010529 -0.181534 0.00239778 0.999997 -0.000223838 -0.227371 -0.0010524 0.000226404 0.999999 13.2763 
0.999998 -0.00215966 -0.000189774 -0.206792 0.00215965 0.999998 -0.000288765 -0.250625 0.000190355 0.000288396 1 14.4773 
0.999999 -0.000849182 -0.00105873 -0.232493 0.000848773 1 -0.000426337 -0.273268 0.00105905 0.00042548 0.999999 15.6777 
0.999998 -0.00125592 -0.00157182 -0.259026 0.00125534 0.999999 -0.000395144 -0.296132 0.00157227 0.000393213 0.999999 16.8813 
0.999996 -0.00182947 -0.00208836 -0.286059 0.00182985 0.999998 0.000158944 -0.319011 0.00208802 -0.000162723 0.999998 18.0838 
0.999995 -0.00214676 -0.00245716 -0.314201 0.00214796 0.999998 0.000467393 -0.341594 0.00245611 -0.000472626 0.999997 19.2941 
0.999994 -0.00182701 -0.00309451 -0.342727 0.00182567 0.999998 -0.000449483 -0.364058 0.00309528 0.000443872 0.999995 20.5014 
0.99999 -0.00224941 -0.00378005 -0.370208 0.00224489 0.999997 -0.0012108 -0.385788 0.00378272 0.00120234 0.999992 21.703 
0.999988 -0.00144722 -0.00475243 -0.396967 0.00144409 0.999999 -0.000669483 -0.407522 0.00475335 0.000662654 0.999989 22.9078 
0.999983 -0.00162726 -0.00555424 -0.424714 0.00162288 0.999998 -0.00079935 -0.430283 0.00555549 0.000790365 0.999984 24.114 
0.999978 -0.00173772 -0.00642724 -0.454783 0.00172835 0.999997 -0.00147008 -0.453165 0.00642974 0.00145898 0.999978 25.3197 
0.999972 -0.00135484 -0.00736251 -0.485406 0.00134904 0.999999 -0.000798964 -0.474427 0.00736354 0.000789051 0.999973 26.5296 
0.999963 -0.00274498 -0.00812795 -0.514906 0.0027536 0.999996 0.00104415 -0.497134 0.00812501 -0.00106645 0.999966 27.7339 
0.999952 -0.0031478 -0.00924173 -0.544817 0.00315864 0.999994 0.00115416 -0.517505 0.009238 -0.00118325 0.999957 28.9372 
0.999941 -0.00384565 -0.0102054 -0.576908 0.00384933 0.999993 0.000336786 -0.539424 0.010204 -0.000376008 0.999948 30.1492 
0.999928 -0.00430994 -0.0112276 -0.608029 0.00430302 0.999991 -0.000644248 -0.560652 0.0112302 0.000595931 0.999937 31.3487 
0.999922 -0.00371079 -0.0119473 -0.645426 0.00370373 0.999993 -0.000616358 -0.582538 0.0119494 0.000572103 0.999928 32.5504 
0.999913 -0.00433892 -0.0124931 -0.684249 0.00433887 0.999991 -3.41462e-05 -0.605131 0.0124931 -2.00203e-05 0.999922 33.7559 
0.999903 -0.00469197 -0.0131045 -0.72284 0.00469699 0.999989 0.000349435 -0.62677 0.0131027 -0.000410911 0.999914 34.9628 
0.99989 -0.00535837 -0.0138238 -0.757552 0.00536229 0.999986 0.00024326 -0.648118 0.0138222 -0.000317318 0.999904 36.1632 
0.999879 -0.00567867 -0.0145009 -0.794605 0.00568263 0.999984 0.000229368 -0.670248 0.0144993 -0.000311701 0.999895 37.3637 
0.99987 -0.00657233 -0.0147311 -0.830556 0.00658352 0.999978 0.0007082 -0.688439 0.0147261 -0.000805048 0.999891 38.5764 
0.999872 -0.00632597 -0.0147106 -0.868996 0.00635343 0.999978 0.00181798 -0.706796 0.0146987 -0.00191117 0.99989 39.7899 
0.999876 -0.00590729 -0.0145668 -0.913198 0.00594617 0.999979 0.00262412 -0.726409 0.0145509 -0.00271037 0.99989 41.0036 
0.999884 -0.005264 -0.0143188 -0.960557 0.00529506 0.999984 0.0021292 -0.74693 0.0143073 -0.00220473 0.999895 42.2238 
0.999895 -0.00418323 -0.013912 -1.00622 0.00421331 0.999989 0.00213078 -0.766261 0.0139028 -0.00218913 0.999901 43.4399 
0.999911 -0.00158399 -0.013246 -1.05191 0.00163502 0.999991 0.00383943 -0.783661 0.0132398 -0.0038607 0.999905 44.6562 
0.999932 -0.00163423 -0.0115697 -1.09192 0.0017144 0.999975 0.00691891 -0.8005 0.0115581 -0.00693823 0.999909 45.8727 
0.999952 -0.00120015 -0.00975545 -1.13168 0.001295 0.999952 0.00971798 -0.814103 0.00974327 -0.0097301 0.999905 47.087 
0.999966 -0.000874363 -0.00815227 -1.16715 0.000980042 0.999916 0.012963 -0.822218 0.00814021 -0.0129705 0.999883 48.3039 
0.999974 -0.00167398 -0.0069515 -1.19729 0.00177283 0.999897 0.0142318 -0.828551 0.00692692 -0.0142437 0.999875 49.5162 
0.999978 -0.00362491 -0.00550191 -1.22325 0.00369405 0.999914 0.0126018 -0.829914 0.00545571 -0.0126218 0.999905 50.7294 
0.999986 -0.00272682 -0.00456165 -1.24891 0.00277576 0.999938 0.0107465 -0.833851 0.00453203 -0.010759 0.999932 51.9422 
0.99999 -0.00232208 -0.00376483 -1.27683 0.00236008 0.999946 0.010109 -0.839772 0.00374111 -0.0101177 0.999942 53.1556 
0.99999 -0.00273636 -0.00363553 -1.30375 0.00277091 0.999951 0.00952035 -0.847386 0.00360925 -0.00953028 0.999948 54.3648 
0.999984 -0.00359409 -0.00435403 -1.33358 0.00363061 0.999958 0.0084012 -0.856696 0.00432361 -0.00841683 0.999955 55.5791 
0.999979 -0.00337212 -0.00563005 -1.36989 0.00342116 0.999956 0.00871694 -0.866463 0.00560037 -0.00873597 0.999946 56.8014 
0.99997 -0.00357878 -0.00691514 -1.40293 0.00364833 0.999943 0.0100652 -0.879086 0.00687868 -0.01009 0.999925 58.0166 
0.999963 -0.00380671 -0.00773432 -1.44044 0.0038871 0.999938 0.0104001 -0.890486 0.00769421 -0.0104298 0.999916 59.2329 
0.999961 -0.00280327 -0.00839488 -1.4781 0.00288862 0.999944 0.0101663 -0.901882 0.00836587 -0.0101901 0.999913 60.4439 
0.999957 -0.00245761 -0.00892712 -1.51319 0.00254769 0.999946 0.0100886 -0.913026 0.0089018 -0.0101109 0.999909 61.6522 
0.999955 -0.00314069 -0.00895671 -1.54675 0.00322723 0.999948 0.00965872 -0.923899 0.00892587 -0.00968714 0.999913 62.8633 
0.999949 -0.00419626 -0.0092089 -1.57824 0.00427685 0.999953 0.00874548 -0.935648 0.00917173 -0.00878438 0.999919 64.0724 
0.999944 -0.00451746 -0.00959573 -1.61127 0.00461384 0.999939 0.0100415 -0.945669 0.00954974 -0.0100852 0.999904 65.2773 
0.99994 -0.00471119 -0.0098601 -1.64335 0.00482475 0.999922 0.0115214 -0.955871 0.00980501 -0.0115682 0.999885 66.4866 
0.999941 -0.00407 -0.0100791 -1.67334 0.00416751 0.999945 0.00966818 -0.961611 0.0100391 -0.00970957 0.999903 67.7017 
0.999948 -0.00222715 -0.00998564 -1.71111 0.002311 0.999962 0.0083896 -0.969788 0.00996654 -0.0084122 0.999915 68.905 
0.999951 -1.80495e-05 -0.00985736 -1.75167 0.000103725 0.999962 0.00868683 -0.982018 0.00985679 -0.00868739 0.999914 70.1024 
0.999953 0.00181588 -0.00953288 -1.79181 -0.00173168 0.99996 0.00882882 -0.993515 0.00954848 -0.00881185 0.999916 71.2949 
0.999952 0.00335303 -0.0092554 -1.8306 -0.00326729 0.999952 0.00925964 -1.00451 0.00928596 -0.0092289 0.999914 72.4871 
0.999961 0.00382782 -0.00798487 -1.86543 -0.00374592 0.999941 0.0102417 -1.01713 0.00802356 -0.0102113 0.999916 73.6767 
0.999968 0.0055691 -0.00574251 -1.90176 -0.0055058 0.999925 0.0109729 -1.02692 0.00580314 -0.0109408 0.999923 74.8677 
0.999988 0.00412744 -0.00271049 -1.93219 -0.00410335 0.999953 0.00881703 -1.03966 0.00274671 -0.00880576 0.999957 76.0605 
0.999999 0.00127108 -6.31101e-05 -1.95139 -0.00127079 0.999992 0.0037284 -1.05134 6.78062e-05 -0.00372827 0.999993 77.2422 
0.999995 0.00222395 0.00237363 -1.97089 -0.0022316 0.999992 0.00324099 -1.0647 -0.00236644 -0.00324623 0.999992 78.4196 
0.999986 0.00114155 0.00513418 -1.98412 -0.00117647 0.999976 0.00681239 -1.08154 -0.00512632 -0.00681829 0.999964 79.5978 
0.999962 0.00160113 0.00858812 -1.99696 -0.0016709 0.999966 0.00812839 -1.09508 -0.00857486 -0.00814238 0.99993 80.7689 
0.999913 0.00198187 0.0130424 -2.00676 -0.00206358 0.999978 0.00625788 -1.10674 -0.0130298 -0.00628421 0.999895 81.939 
0.999858 0.00133122 0.0167985 -2.01303 -0.0013857 0.999994 0.00323486 -1.12448 -0.0167942 -0.00325763 0.999854 83.1086 
0.99979 0.000121341 0.0204762 -2.01537 -0.00011822 1 -0.000151539 -1.14473 -0.0204763 0.000149128 0.99979 84.2757 
0.999709 -0.000343364 0.024103 -2.01247 0.000368827 0.999999 -0.0010502 -1.16738 -0.0241027 0.00105882 0.999709 85.4465 
0.999611 -0.000466076 0.0278955 -2.00443 0.000443605 1 0.000813295 -1.19189 -0.0278959 -0.000800563 0.999611 86.6121 
0.999492 0.000800436 0.0318587 -1.99624 -0.000844641 0.999999 0.00137545 -1.21707 -0.0318576 -0.00140162 0.999491 87.7768 
0.99936 0.00060239 0.0357787 -1.98098 -0.000580138 1 -0.000631089 -1.24063 -0.0357791 0.00060997 0.99936 88.9364 
0.999237 0.000505764 0.0390582 -1.95756 -0.000393924 0.999996 -0.00286998 -1.26463 -0.0390595 0.00285245 0.999233 90.0931 
0.999111 0.000574582 0.0421538 -1.92828 -0.000440261 0.999995 -0.00319462 -1.28665 -0.0421555 0.00317327 0.999106 91.2555 
0.998993 -0.000771335 0.0448624 -1.89299 0.000856755 0.999998 -0.0018839 -1.3096 -0.0448608 0.00192048 0.998991 92.4169 
0.998879 -0.00140846 0.0473245 -1.85417 0.00142958 0.999999 -0.00041165 -1.32875 -0.0473239 0.000478884 0.99888 93.5899 
0.998765 -0.00222664 0.0496428 -1.80683 0.00216272 0.999997 0.00134204 -1.34704 -0.0496456 -0.00123298 0.998766 94.7676 
0.998653 -0.00372688 0.0517608 -1.75912 0.0036069 0.999991 0.00241203 -1.36536 -0.0517693 -0.00222204 0.998657 95.9373 
0.998545 -0.00474236 0.0537181 -1.70314 0.00474619 0.999989 5.69669e-05 -1.38109 -0.0537178 0.000198113 0.998556 97.1271 
0.998428 -0.00606293 0.0557247 -1.6519 0.00627028 0.999974 -0.00354618 -1.39874 -0.0557018 0.00389005 0.99844 98.3073 
0.998332 -0.00523871 0.0575039 -1.60033 0.00562191 0.999963 -0.00650349 -1.4179 -0.0574678 0.00681596 0.998324 99.496 
0.998252 -0.00512312 0.0588762 -1.54038 0.00557353 0.999956 -0.00748771 -1.43938 -0.0588354 0.00780281 0.998237 100.699 
0.998257 -0.00483027 0.0588255 -1.46757 0.00525603 0.999961 -0.00708437 -1.45832 -0.0587891 0.00738125 0.998243 101.933 
0.998319 -0.00457494 0.0577831 -1.40157 0.00489694 0.999973 -0.00543138 -1.47802 -0.0577567 0.00570525 0.998314 103.163 
0.998413 -0.00526944 0.0560728 -1.33806 0.0055104 0.999976 -0.0041427 -1.49941 -0.0560497 0.00444515 0.998418 104.404 
0.99854 -0.00481429 0.0538046 -1.27981 0.00500747 0.999982 -0.00345535 -1.51758 -0.053787 0.00371977 0.998546 105.642 
0.99869 -0.00444432 0.0509796 -1.22311 0.0046082 0.999985 -0.00309667 -1.53472 -0.050965 0.00332758 0.998695 106.888 
0.998859 -0.0038261 0.0476066 -1.17228 0.0039877 0.999987 -0.00329902 -1.5521 -0.0475933 0.00348514 0.998861 108.132 
0.999052 -0.00235087 0.0434603 -1.12818 0.00252152 0.999989 -0.0038712 -1.57186 -0.0434507 0.00397716 0.999048 109.373 
0.999229 -0.00212922 0.0392026 -1.08962 0.00227029 0.999991 -0.00355342 -1.59225 -0.0391947 0.00363972 0.999225 110.616 
0.999391 -0.00150775 0.0348698 -1.05645 0.00160082 0.999995 -0.00264011 -1.61214 -0.0348657 0.00269437 0.999388 111.866 
0.999537 -0.00120974 0.0303962 -1.03357 0.00126622 0.999998 -0.00183753 -1.63275 -0.0303939 0.00187521 0.999536 113.107 
0.999669 -0.00123871 0.0257075 -1.01561 0.00127135 0.999998 -0.00125171 -1.65381 -0.0257059 0.00128402 0.999669 114.355 
0.999786 -0.000667939 0.0206924 -1.00567 0.000693933 0.999999 -0.00124702 -1.67333 -0.0206916 0.00126115 0.999785 115.618 
0.99988 0.000148592 0.0154947 -1.00441 -0.000125795 0.999999 -0.0014695 -1.69119 -0.0154949 0.00146742 0.999879 116.883 
0.999947 0.000499746 0.0102649 -1.00743 -0.000480347 0.999998 -0.00188797 -1.70934 -0.0102658 0.00188298 0.999946 118.141 
0.999984 0.00151875 0.0054119 -1.02413 -0.00150473 0.999996 -0.00258737 -1.72943 -0.00541584 0.00257923 0.999982 119.409 
0.999993 0.00341065 0.00169679 -1.04241 -0.00340578 0.99999 -0.00283685 -1.74928 -0.00170649 0.0028311 0.999995 120.661 
0.999986 0.00532761 -0.000564834 -1.07211 -0.00532917 0.999982 -0.00286666 -1.76885 0.000549509 0.00286967 0.999996 121.928 
0.999977 0.00644103 -0.0019495 -1.09419 -0.00644732 0.999974 -0.0032624 -1.78979 0.00192839 0.00327494 0.999993 123.192 
0.999958 0.00854047 -0.00329475 -1.11773 -0.00855088 0.999958 -0.00317328 -1.81056 0.00326746 0.00320136 0.99999 124.458 
0.999943 0.00979183 -0.00435899 -1.14638 -0.0098022 0.999949 -0.0023743 -1.83262 0.00433548 0.00241693 0.999988 125.726 
0.999941 0.00954865 -0.00510077 -1.17129 -0.00955871 0.999952 -0.00195902 -1.85611 0.00508178 0.0020077 0.999985 126.992 
0.999892 0.0132814 -0.00622652 -1.20194 -0.0132821 0.999912 -7.96057e-05 -1.87462 0.00622487 0.00016234 0.999981 128.268 
0.999875 0.0141484 -0.00707662 -1.23612 -0.0141275 0.999896 0.00298898 -1.89142 0.00711813 -0.00288859 0.999971 129.546 
0.999886 0.0128919 -0.00792902 -1.26854 -0.0128718 0.999914 0.0025855 -1.90831 0.00796163 -0.00248311 0.999965 130.818 
0.999882 0.0126553 -0.00871492 -1.30342 -0.0126479 0.99992 0.000892941 -1.92178 0.00872548 -0.000782568 0.999962 132.096 
0.999905 0.00956821 -0.00995312 -1.33317 -0.00954961 0.999953 0.00191046 -1.9402 0.00997088 -0.00181519 0.999949 133.379 
0.99991 0.00716855 -0.011344 -1.36721 -0.00712488 0.999967 0.00388142 -1.96098 0.0113714 -0.0038002 0.999928 134.672 
0.999922 0.00346691 -0.012041 -1.40176 -0.00339748 0.999978 0.00577866 -1.97843 0.0120607 -0.00573726 0.999911 135.965 
0.999918 0.00149769 -0.0127363 -1.43772 -0.00140832 0.999974 0.00701994 -1.99666 0.0127464 -0.00700138 0.999894 137.247 
0.999916 -0.00280404 -0.0126785 -1.47371 0.00287175 0.999982 0.00532241 -2.01304 0.0126633 -0.00535833 0.999906 138.526 
0.999904 -0.00542405 -0.0127583 -1.51055 0.00548117 0.999975 0.00444353 -2.02845 0.0127338 -0.00451299 0.999909 139.803 
0.999894 -0.00695319 -0.0127604 -1.54637 0.00700855 0.999966 0.00429579 -2.04555 0.01273 -0.00438472 0.999909 141.083 
0.999897 -0.00719405 -0.012418 -1.58427 0.00725255 0.999963 0.00466834 -2.06065 0.0123839 -0.00475788 0.999912 142.364 
0.999905 -0.00664545 -0.0120847 -1.6212 0.0067263 0.999955 0.00665879 -2.07527 0.0120398 -0.0067394 0.999905 143.65 
0.999923 -0.00432573 -0.0116372 -1.6565 0.00442035 0.999957 0.00811333 -2.08869 0.0116016 -0.0081641 0.999899 144.943 
0.999928 -0.00452711 -0.0110787 -1.69631 0.0045984 0.999969 0.00641361 -2.10262 0.0110493 -0.00646406 0.999918 146.228 
0.999935 -0.00404736 -0.0106898 -1.73503 0.00409541 0.999982 0.00447269 -2.11807 0.0106715 -0.00451614 0.999933 147.513 
0.999938 -0.00427314 -0.0102736 -1.77341 0.00429516 0.999989 0.00211869 -2.13969 0.0102644 -0.00216264 0.999945 148.797 
0.999934 -0.00553532 -0.0100265 -1.81096 0.00551679 0.999983 -0.0018793 -2.16372 0.0100367 0.0018239 0.999948 150.082 
0.999937 -0.00563359 -0.00967676 -1.85007 0.00558203 0.99997 -0.00535192 -2.192 0.00970658 0.00529761 0.999939 151.366 
0.999936 -0.00603444 -0.00958154 -1.88898 0.00597547 0.999963 -0.00617486 -2.22575 0.00961841 0.00611725 0.999935 152.655 
0.999933 -0.00635081 -0.00966243 -1.92987 0.00629488 0.999963 -0.00581134 -2.26112 0.00969894 0.00575017 0.999936 153.946 
0.999934 -0.00574962 -0.0099096 -1.97171 0.00569856 0.99997 -0.00517672 -2.29512 0.00993902 0.00511995 0.999938 155.234 
0.999936 -0.0049946 -0.0101236 -2.01226 0.00495306 0.999979 -0.00412835 -2.32518 0.010144 0.00407798 0.99994 156.538 
0.999934 -0.00462874 -0.0105281 -2.04982 0.00459087 0.999983 -0.00362207 -2.35281 0.0105447 0.00357354 0.999938 157.827 
0.999924 -0.00459769 -0.0114013 -2.08589 0.00455277 0.999982 -0.00396642 -2.38272 0.0114193 0.00391426 0.999927 159.106 
0.999914 -0.00432797 -0.0123883 -2.12248 0.00428232 0.999984 -0.00371207 -2.41103 0.0124042 0.00365874 0.999916 160.389 
0.999901 -0.00488615 -0.0131775 -2.15996 0.00485346 0.999985 -0.00251529 -2.43895 0.0131895 0.00245113 0.99991 161.671 
0.999895 -0.00405876 -0.0138963 -2.20335 0.00402886 0.99999 -0.00218206 -2.4662 0.0139049 0.00212589 0.999901 162.947 
0.999888 -0.00367296 -0.0145352 -2.24867 0.00362729 0.999988 -0.00316992 -2.49291 0.0145466 0.00311689 0.999889 164.223 
0.999879 -0.00338959 -0.0152117 -2.29352 0.00332366 0.999985 -0.00436002 -2.52107 0.0152262 0.00430897 0.999875 165.495 
0.999868 -0.002793 -0.0160198 -2.33974 0.00272335 0.999987 -0.00437027 -2.54976 0.0160318 0.0043261 0.999862 166.763 
0.999852 -0.00338432 -0.0168463 -2.38651 0.00329866 0.999982 -0.00511216 -2.58257 0.0168633 0.00505588 0.999845 168.04 
0.999841 -0.00299815 -0.0175943 -2.43679 0.00289147 0.999977 -0.00608816 -2.61385 0.0176121 0.00603636 0.999827 169.32 
0.999825 -0.00276097 -0.018493 -2.48247 0.00265386 0.99998 -0.00581591 -2.64247 0.0185087 0.00576586 0.999812 170.611 
0.999811 -0.00243493 -0.0192797 -2.53153 0.00234808 0.999987 -0.00452846 -2.67113 0.0192905 0.00448238 0.999804 171.903 
0.999791 -0.0024434 -0.0202855 -2.57713 0.00235893 0.999988 -0.00418949 -2.69831 0.0202955 0.00414081 0.999785 173.182 
0.999769 -0.00216851 -0.0214051 -2.62335 0.00208557 0.99999 -0.00389838 -2.72414 0.0214133 0.00385288 0.999763 174.462 
0.99975 -0.00165172 -0.0222974 -2.67396 0.00156987 0.999992 -0.0036896 -2.75079 0.0223033 0.00365372 0.999745 175.748 
0.99974 -0.00143765 -0.0227751 -2.72785 0.00133406 0.999989 -0.00456483 -2.77839 0.0227813 0.0045333 0.99973 177.029 
0.999727 -0.000442002 -0.0233628 -2.78334 0.0003226 0.999987 -0.00511609 -2.80604 0.0233647 0.0051072 0.999714 178.308 
0.999717 -0.000333232 -0.0237809 -2.8382 0.000221279 0.999989 -0.00471193 -2.83515 0.0237822 0.00470537 0.999706 179.589 
0.999714 -0.000572988 -0.0239018 -2.89618 0.000433494 0.999983 -0.00584269 -2.86614 0.0239047 0.00583071 0.999697 180.867 
0.999709 -0.00202032 -0.0240571 -2.95022 0.00184268 0.999971 -0.00740547 -2.89649 0.0240713 0.00735902 0.999683 182.141 
0.999687 -0.00524711 -0.0244587 -3.00055 0.00507191 0.999961 -0.00722133 -2.92861 0.0244956 0.00709506 0.999675 183.415 
0.999681 -0.00496449 -0.0247803 -3.05549 0.00487893 0.999982 -0.00351362 -2.95914 0.0247973 0.00339164 0.999687 184.688 
0.999678 -0.00573669 -0.0247192 -3.1094 0.00576197 0.999983 0.000949871 -2.9861 0.0247133 -0.00109195 0.999694 185.96 
0.999692 -0.00449183 -0.0244134 -3.16521 0.00449887 0.99999 0.000231689 -3.00869 0.024412 -0.000341408 0.999702 187.22 
0.99971 -0.00288719 -0.0239134 -3.22209 0.00281667 0.999992 -0.00298426 -3.03164 0.0239218 0.00291608 0.99971 188.47 
0.999698 -0.00269479 -0.0244358 -3.27487 0.00257746 0.999985 -0.00483363 -3.05792 0.0244484 0.00476923 0.99969 189.716 
0.999691 -0.00291155 -0.0246874 -3.32724 0.00279913 0.999986 -0.00458883 -3.08805 0.0247004 0.00451835 0.999685 190.976 
0.999695 -0.00299023 -0.0245223 -3.38181 0.00290932 0.99999 -0.00333595 -3.11809 0.024532 0.00326363 0.999694 192.243 
0.999699 -0.00287947 -0.0243749 -3.43512 0.00285008 0.999995 -0.00124232 -3.14622 0.0243783 0.00117252 0.999702 193.494 
0.999713 -0.00346393 -0.0237242 -3.48743 0.00345849 0.999994 -0.000272129 -3.17415 0.023725 0.000190044 0.999719 194.743 
0.999743 -0.00353507 -0.0224044 -3.53796 0.00351628 0.999993 -0.000879942 -3.19952 0.0224073 0.000800979 0.999749 195.99 
0.999762 -0.0048366 -0.0212524 -3.58375 0.00478925 0.999986 -0.00228059 -3.2267 0.0212631 0.00217831 0.999772 197.229 
0.999784 -0.00513312 -0.0201192 -3.6341 0.00506194 0.999981 -0.00358934 -3.25921 0.0201371 0.00348677 0.999791 198.474 
0.999805 -0.00581152 -0.0188768 -3.67786 0.00573625 0.999975 -0.00404139 -3.28837 0.0188998 0.00393236 0.999814 199.699 
0.99983 -0.00550918 -0.017575 -3.72259 0.00545177 0.99998 -0.00331501 -3.31686 0.0175929 0.00321867 0.99984 200.918 
0.999851 -0.005912 -0.0162019 -3.76553 0.00589163 0.999982 -0.0013072 -3.34599 0.0162092 0.00121159 0.999868 202.14 
0.99987 -0.00483469 -0.0153793 -3.80638 0.00482197 0.999988 -0.000866564 -3.37247 0.0153833 0.000792336 0.999881 203.359 
0.999883 -0.0051867 -0.0144008 -3.84514 0.00517503 0.999986 -0.0008506 -3.3967 0.014405 0.000776018 0.999896 204.573 
0.999897 -0.00485174 -0.0135382 -3.88492 0.00484065 0.999988 -0.000855237 -3.41874 0.0135421 0.000789657 0.999908 205.789 
0.999906 -0.00521288 -0.0126679 -3.91904 0.00520353 0.999986 -0.000774084 -3.44149 0.0126717 0.000708136 0.99992 206.995 
0.999917 -0.00499223 -0.0118642 -3.95722 0.00498053 0.999987 -0.0010188 -3.46486 0.0118691 0.000959667 0.999929 208.194 
0.999925 -0.00517551 -0.0111406 -3.99525 0.00516653 0.999986 -0.000838699 -3.49202 0.0111448 0.00078112 0.999938 209.384 
0.999923 -0.00627915 -0.0107175 -4.03081 0.00627164 0.99998 -0.000738227 -3.5195 0.0107219 0.000670996 0.999942 210.567 
0.999922 -0.00652886 -0.0106686 -4.06667 0.00652976 0.999979 4.53274e-05 -3.54591 0.010668 -0.000114945 0.999943 211.735 
0.999912 -0.0070725 -0.0112366 -4.09836 0.0070855 0.999974 0.00111393 -3.57234 0.0112284 -0.00119341 0.999936 212.881 
0.999903 -0.00685538 -0.012167 -4.13025 0.00686964 0.999976 0.00112686 -3.59707 0.012159 -0.00121029 0.999925 214.013 
0.999898 -0.00654099 -0.0126677 -4.1708 0.00654455 0.999979 0.000235591 -3.62147 0.0126659 -0.000318429 0.99992 215.145 
0.999892 -0.00640424 -0.0132101 -4.21147 0.00639977 0.999979 -0.00038374 -3.6479 0.0132122 0.0002992 0.999913 216.267 
0.99988 -0.00661459 -0.0140192 -4.24596 0.00660692 0.999978 -0.000596648 -3.66868 0.0140228 0.000503995 0.999902 217.376 
0.999854 -0.00714534 -0.0155253 -4.28089 0.00713511 0.999974 -0.000717082 -3.68904 0.01553 0.000606245 0.999879 218.478 
0.999814 -0.00766067 -0.0177256 -4.31214 0.00766339 0.999971 8.29655e-05 -3.71268 0.0177244 -0.000218745 0.999843 219.535 
0.999753 -0.00874591 -0.0204527 -4.34115 0.00878322 0.99996 0.00173305 -3.73352 0.0204367 -0.00191222 0.999789 220.593 
0.999687 -0.00854859 -0.0235269 -4.36919 0.0086303 0.999957 0.00337164 -3.7543 0.0234971 -0.00357358 0.999718 221.644 
0.999616 -0.00842321 -0.0264109 -4.40826 0.00851828 0.999958 0.00348758 -3.77617 0.0263803 -0.00371117 0.999645 222.675 
0.999536 -0.00833496 -0.0293042 -4.45222 0.00842744 0.99996 0.00303236 -3.79552 0.0292777 -0.00327786 0.999566 223.682 
0.999432 -0.00837828 -0.0326395 -4.49493 0.0084888 0.999959 0.00324765 -3.81623 0.0326109 -0.00352283 0.999462 224.667 
0.999325 -0.00794221 -0.0358592 -4.54306 0.00808328 0.99996 0.00378971 -3.83777 0.0358276 -0.00407697 0.99935 225.624 
0.999198 -0.00786146 -0.0392621 -4.59132 0.00800514 0.999962 0.00350278 -3.85864 0.039233 -0.00381423 0.999223 226.554 
0.999046 -0.0081238 -0.0429184 -4.64038 0.008265 0.999961 0.00311246 -3.87896 0.0428914 -0.00346416 0.999074 227.46 
0.99887 -0.00842213 -0.0467707 -4.69161 0.00855449 0.99996 0.00262957 -3.9002 0.0467467 -0.00302666 0.998902 228.342 
0.998701 -0.00750437 -0.0503931 -4.74762 0.0076386 0.999968 0.00247078 -3.92073 0.0503729 -0.00285246 0.998726 229.203 
0.998531 -0.00727459 -0.0536903 -4.80655 0.00738555 0.999971 0.00186766 -3.9414 0.0536751 -0.00226141 0.998556 230.041 
0.998405 -0.00544479 -0.056193 -4.87007 0.00556298 0.999983 0.00194641 -3.96065 0.0561814 -0.00225587 0.998418 230.857 
0.998352 -0.00478066 -0.057189 -4.92856 0.00493094 0.999985 0.00248623 -3.97794 0.0571762 -0.00276408 0.99836 231.661 
0.998349 -0.00491543 -0.0572343 -4.98201 0.00512511 0.999981 0.00351661 -3.99504 0.0572159 -0.00380409 0.998355 232.45 
0.998363 -0.00483934 -0.0569982 -5.03805 0.00509278 0.999978 0.00430138 -4.01099 0.056976 -0.00458457 0.998365 233.216 
0.998385 -0.00479665 -0.0566045 -5.0942 0.005021 0.99998 0.00382134 -4.02582 0.056585 -0.00409934 0.998389 233.963 
0.998407 -0.00421335 -0.0562736 -5.14982 0.00432619 0.999989 0.00188268 -4.03959 0.056265 -0.00212309 0.998414 234.7 
0.998455 -0.00428511 -0.0554084 -5.20207 0.00428011 0.999991 -0.000209561 -4.05427 0.0554087 -2.78736e-05 0.998464 235.43 
0.998516 -0.00424856 -0.0542982 -5.2536 0.00417005 0.99999 -0.00155991 -4.0692 0.0543042 0.00133121 0.998524 236.155 
0.998585 -0.00356627 -0.0530657 -5.30342 0.00346069 0.999992 -0.00208225 -4.08449 0.0530727 0.00189571 0.998589 236.883 
0.998664 -0.00421364 -0.0515044 -5.34888 0.0041013 0.999989 -0.00228754 -4.0987 0.0515135 0.00207329 0.99867 237.608 
0.998744 -0.00433144 -0.0499083 -5.39335 0.0042205 0.999988 -0.00232884 -4.11322 0.0499177 0.00211532 0.998751 238.329 
0.998827 -0.00428661 -0.048225 -5.43525 0.00416836 0.999988 -0.00255314 -4.12846 0.0482353 0.00234917 0.998833 239.048 
0.998918 -0.00458166 -0.0462905 -5.4774 0.00445429 0.999986 -0.00285536 -4.14482 0.0463029 0.00264613 0.998924 239.77 
0.999033 -0.00454685 -0.0437211 -5.51703 0.00444355 0.999987 -0.00246071 -4.16018 0.0437317 0.00226409 0.999041 240.488 
0.999154 -0.00569903 -0.0407206 -5.55341 0.00563311 0.999983 -0.00173456 -4.17496 0.0407298 0.00150375 0.999169 241.197 
0.999258 -0.00664883 -0.0379336 -5.58873 0.00660409 0.999977 -0.0013058 -4.19118 0.0379414 0.00105435 0.999279 241.899 
0.999365 -0.00691747 -0.0349626 -5.62221 0.00688001 0.999976 -0.00119275 -4.20697 0.03497 0.000951496 0.999388 242.596 
0.999459 -0.00724595 -0.0320784 -5.65396 0.00720016 0.999973 -0.00154383 -4.22076 0.0320887 0.00131207 0.999484 243.287 
0.99955 -0.0073378 -0.0290903 -5.685 0.00728624 0.999972 -0.00187974 -4.23324 0.0291033 0.00166697 0.999575 243.974 
0.999637 -0.0065271 -0.0261524 -5.71511 0.00645647 0.999975 -0.00278577 -4.24677 0.0261699 0.00261595 0.999654 244.665 
0.999714 -0.00656805 -0.0230059 -5.74431 0.00649362 0.999973 -0.00331037 -4.26141 0.023027 0.00316007 0.99973 245.36 
0.999779 -0.00646346 -0.0200242 -5.77208 0.00641791 0.999977 -0.00233987 -4.27588 0.0200388 0.00221088 0.999797 246.059 
0.999831 -0.00636375 -0.0172548 -5.79825 0.00633578 0.999979 -0.00167765 -4.29012 0.0172651 0.00156809 0.99985 246.761 
0.999871 -0.00656671 -0.0146933 -5.82159 0.00654154 0.999977 -0.00176322 -4.30431 0.0147045 0.00166692 0.999891 247.464 
0.999905 -0.00653908 -0.0121103 -5.84366 0.00649917 0.999973 -0.00333496 -4.3184 0.0121317 0.00325598 0.999921 248.169 
0.999927 -0.00636623 -0.0102919 -5.86312 0.00630767 0.999964 -0.00571681 -4.33194 0.0103279 0.00565152 0.999931 248.88 
0.999931 -0.00750245 -0.0090945 -5.88043 0.00743636 0.999946 -0.00728404 -4.34597 0.00914861 0.00721594 0.999932 249.594 
0.999932 -0.00746629 -0.00891858 -5.89872 0.00739737 0.999943 -0.0077398 -4.36153 0.00897581 0.00767335 0.99993 250.313 
0.999927 -0.00826879 -0.00877032 -5.9156 0.00819734 0.999933 -0.00815634 -4.37967 0.00883713 0.0080839 0.999928 251.038 
0.999937 -0.00727324 -0.00859269 -5.93512 0.00720041 0.999938 -0.00848229 -4.39775 0.00865381 0.00841992 0.999927 251.773 
0.999946 -0.00636693 -0.00827779 -5.95467 0.00629225 0.99994 -0.00902153 -4.4151 0.00833469 0.008969 0.999925 252.513 
0.999939 -0.00742557 -0.00812531 -5.97128 0.00733683 0.999914 -0.0109024 -4.43372 0.00820553 0.0108422 0.999908 253.258 
0.999904 -0.0114593 -0.00778128 -5.98469 0.0113582 0.999852 -0.012923 -4.45519 0.00792818 0.0128334 0.999886 254.007 
0.999866 -0.0147391 -0.00708642 -5.9988 0.0146408 0.999799 -0.0137331 -4.4728 0.00728737 0.0136276 0.999881 254.766 
0.999905 -0.0121068 -0.00653936 -6.02097 0.0120422 0.999879 -0.00983364 -4.49049 0.00665758 0.009754 0.99993 255.539 
0.999949 -0.00808209 -0.0061174 -6.04653 0.00805876 0.99996 -0.00383551 -4.50681 0.00614811 0.00378605 0.999974 256.323 
0.999948 -0.00879552 -0.00525733 -6.06422 0.00879398 0.999961 -0.00032479 -4.52482 0.00525994 0.000278583 0.999986 257.112 
0.999949 -0.00969955 -0.00298491 -6.07505 0.00969259 0.99995 -0.00235262 -4.53921 0.00300754 0.00232361 0.999993 257.902 
0.999961 -0.00871527 0.00130798 -6.09064 0.00872618 0.999925 -0.0085439 -4.55217 -0.00123346 0.00855502 0.999963 258.696 
0.999963 -0.0068474 0.00512435 -6.10588 0.00690929 0.999902 -0.01215 -4.56752 -0.00504069 0.012185 0.999913 259.5 
0.999952 -0.00533071 0.00823979 -6.11385 0.00542997 0.999913 -0.012066 -4.58555 -0.00817479 0.0121102 0.999893 260.321 
0.999908 -0.00695378 0.0116363 -6.11923 0.0070671 0.999928 -0.00972169 -4.60604 -0.0115679 0.00980308 0.999885 261.153 
0.999842 -0.00994972 0.0147067 -6.11735 0.0100473 0.999928 -0.00657387 -4.62421 -0.0146403 0.00672064 0.99987 261.992 
0.99977 -0.0122334 0.0176346 -6.1139 0.0123229 0.999912 -0.0049772 -4.64214 -0.0175722 0.00519341 0.999832 262.835 
0.999714 -0.0119569 0.0206986 -6.11054 0.0120524 0.999917 -0.00449383 -4.66022 -0.0206432 0.00474206 0.999776 263.678 
0.999685 -0.00970097 0.0231434 -6.10516 0.0098568 0.99993 -0.00662683 -4.67824 -0.0230776 0.0068529 0.99971 264.524 
0.999634 -0.00903338 0.0254879 -6.09687 0.00926417 0.999917 -0.00894979 -4.69672 -0.025405 0.00918268 0.999635 265.369 
0.999577 -0.00818315 0.0279068 -6.07788 0.00844332 0.999922 -0.00921639 -4.71066 -0.0278292 0.00944816 0.999568 266.231 
0.999501 -0.00710663 0.0307836 -6.06053 0.00733252 0.999947 -0.00722993 -4.73204 -0.0307307 0.00745208 0.9995 267.094 
0.999406 -0.00533355 0.0340388 -6.04747 0.00553012 0.999969 -0.00568193 -4.7524 -0.0340075 0.00586684 0.999404 267.947 
0.999307 -0.00484633 0.0369059 -6.03341 0.00506136 0.999971 -0.00573411 -4.77419 -0.0368771 0.00591697 0.999302 268.795 
0.999203 -0.00475394 0.0396279 -6.01515 0.00500085 0.999969 -0.00613285 -4.79418 -0.0395976 0.00632618 0.999196 269.648 
0.99908 -0.00638225 0.0424176 -5.99287 0.00666609 0.999956 -0.00655233 -4.81258 -0.0423739 0.0068291 0.999079 270.499 
0.998969 -0.0093194 0.0444325 -5.96832 0.00959072 0.999937 -0.00589604 -4.82945 -0.0443748 0.00631614 0.998995 271.352 
0.998921 -0.0104588 0.0452495 -5.94307 0.0107368 0.999925 -0.00590303 -4.85051 -0.0451844 0.00638254 0.998958 272.204 
0.998882 -0.0111246 0.0459555 -5.92114 0.0114063 0.999918 -0.00586984 -4.87109 -0.0458864 0.0063875 0.998926 273.06 
0.998864 -0.0111919 0.0463213 -5.89555 0.0114708 0.999918 -0.00575726 -4.89054 -0.0462531 0.0062821 0.99891 273.916 
0.998882 -0.010855 0.046005 -5.86964 0.011104 0.999925 -0.00516009 -4.91036 -0.0459456 0.0056652 0.998928 274.776 
0.998916 -0.0105241 0.0453453 -5.84583 0.0107508 0.999931 -0.00475886 -4.93072 -0.0452921 0.00524124 0.99896 275.636 
0.998971 -0.0108825 0.044025 -5.82047 0.0111406 0.999922 -0.0056213 -4.95066 -0.0439604 0.00610602 0.999015 276.498 
0.999041 -0.0109086 0.0424106 -5.80018 0.0111984 0.999916 -0.00660067 -4.96967 -0.042335 0.00706931 0.999079 277.359 
0.999114 -0.0100657 0.0408628 -5.7818 0.0103783 0.999918 -0.00744406 -4.98823 -0.0407845 0.00786159 0.999137 278.222 
0.999191 -0.00900712 0.0391919 -5.76541 0.00932016 0.999926 -0.00781096 -5.00932 -0.0391187 0.00816996 0.999201 279.085 
0.999266 -0.00759297 0.0375535 -5.75123 0.00790438 0.999936 -0.00814991 -5.0311 -0.0374893 0.00844081 0.999261 279.947 
0.999343 -0.00721874 0.0355041 -5.74018 0.00749451 0.999943 -0.00763915 -5.05285 -0.035447 0.00790027 0.99934 280.8 
0.999438 -0.00733624 0.0327222 -5.7291 0.00754239 0.999953 -0.00617993 -5.07335 -0.0326754 0.0064233 0.999445 281.65 
0.999551 -0.00864121 0.028689 -5.72054 0.00875438 0.999954 -0.00382009 -5.09463 -0.0286547 0.00406957 0.999581 282.496 
0.999665 -0.00974568 0.0239729 -5.7156 0.00979934 0.99995 -0.00211992 -5.11523 -0.023951 0.00235417 0.99971 283.341 
0.99976 -0.0103649 0.0192935 -5.71514 0.0103838 0.999946 -0.000877728 -5.13337 -0.0192834 0.0010779 0.999814 284.182 
0.999838 -0.0106262 0.0145584 -5.71829 0.0106315 0.999943 -0.000286418 -5.14989 -0.0145546 0.000441191 0.999894 285.011 
0.999887 -0.0112932 0.00987725 -5.72493 0.0112924 0.999936 0.000147758 -5.16707 -0.00987833 -3.61617e-05 0.999951 285.831 
0.99991 -0.0123633 0.00514173 -5.73485 0.0123613 0.999924 0.00041764 -5.18466 -0.00514654 -0.000354002 0.999987 286.633 
0.999919 -0.0126545 0.00108962 -5.74892 0.0126545 0.99992 1.91947e-06 -5.20199 -0.0010896 1.19116e-05 0.999999 287.42 
0.999919 -0.0123644 -0.00287293 -5.76507 0.0123641 0.999924 -0.000131409 -5.21879 0.00287429 9.59193e-05 0.999996 288.192 
0.999903 -0.0122245 -0.00667213 -5.78438 0.0122238 0.999925 -0.000161063 -5.23659 0.00667356 7.95314e-05 0.999978 288.942 
0.999863 -0.0127855 -0.0105477 -5.80256 0.0127854 0.999918 -8.07801e-05 -5.25395 0.0105478 -5.40444e-05 0.999944 289.676 
0.999796 -0.0136599 -0.014864 -5.82289 0.013649 0.999907 -0.000836134 -5.27119 0.014874 0.000633127 0.999889 290.394 
0.999724 -0.0124167 -0.0199343 -5.84685 0.0123712 0.999921 -0.0024026 -5.28841 0.0199625 0.00215537 0.999798 291.093 
0.999591 -0.0109298 -0.026425 -5.8786 0.0108153 0.999932 -0.00447596 -5.30442 0.026472 0.00418838 0.999641 291.77 
0.999342 -0.0103853 -0.0347652 -5.9188 0.0101747 0.999929 -0.00622968 -5.32299 0.0348273 0.00587189 0.999376 292.429 
0.99892 -0.0105408 -0.0452587 -5.964 0.0102178 0.999921 -0.00736198 -5.34219 0.0453327 0.00689163 0.998948 293.073 
0.998219 -0.0103361 -0.0587469 -6.01754 0.00990232 0.999922 -0.00767132 -5.36144 0.0588215 0.00707598 0.998243 293.705 
0.997088 -0.0093844 -0.0756789 -6.08387 0.00886313 0.999935 -0.00722131 -5.37999 0.0757417 0.00652957 0.997106 294.331 
0.995381 -0.00702244 -0.0957421 -6.16763 0.00639998 0.999956 -0.00680744 -5.39559 0.0957857 0.00616329 0.995383 294.951 
0.992934 -0.00554763 -0.118539 -6.26508 0.00473162 0.999963 -0.00716453 -5.41062 0.118574 0.00655307 0.992924 295.561 
0.98956 -0.00436252 -0.144053 -6.37768 0.00330657 0.999966 -0.00756919 -5.42361 0.144081 0.0070139 0.989541 296.158 
0.985064 -0.00311904 -0.172162 -6.50436 0.00185496 0.99997 -0.00750296 -5.43693 0.17218 0.00707159 0.98504 296.739 
0.979127 -0.00220496 -0.203239 -6.64405 0.000875666 0.999978 -0.00663045 -5.44843 0.203249 0.00631413 0.979107 297.303 
0.971397 -0.00264267 -0.237448 -6.79913 0.0014276 0.999985 -0.00528917 -5.45883 0.237458 0.00479894 0.971386 297.861 
0.961784 -0.00271901 -0.273795 -6.97279 0.00171154 0.999991 -0.00391857 -5.46835 0.273804 0.00330025 0.96178 298.398 
0.950107 -0.00141826 -0.311921 -7.15679 0.000971141 0.999998 -0.00158886 -5.48618 0.311923 0.00120672 0.950107 298.926 
0.936236 -7.96231e-05 -0.351372 -7.36299 0.000283091 1 0.000527599 -5.49911 0.351372 -0.00059338 0.936236 299.445 
0.920018 0.000254619 -0.391877 -7.5786 0.000660476 0.999997 0.00220027 -5.51021 0.391876 -0.00228307 0.920015 299.947 
0.901217 7.79421e-05 -0.433369 -7.80652 0.0016466 0.999992 0.00360399 -5.52172 0.433365 -0.00396151 0.90121 300.442 
0.879491 -0.000238713 -0.475915 -8.05269 0.00279641 0.999985 0.00466612 -5.53627 0.475907 -0.00543462 0.879479 300.925 
0.854747 -0.000970352 -0.519044 -8.3242 0.00428837 0.999977 0.00519247 -5.54589 0.519027 -0.00666405 0.854732 301.379 
0.826815 -0.00169677 -0.562471 -8.61421 0.00620378 0.999962 0.00610282 -5.55611 0.562439 -0.0085353 0.826795 301.817 
0.795608 -0.00134871 -0.60581 -8.92357 0.00739015 0.999945 0.00747925 -5.56778 0.605766 -0.0104275 0.795574 302.238 
0.76149 5.34266e-05 -0.648177 -9.27131 0.00652585 0.999949 0.00774907 -5.57663 0.648144 -0.0101307 0.76145 302.625 
0.724134 -0.000947437 -0.689659 -9.64234 0.00839996 0.999937 0.00744613 -5.58371 0.689609 -0.0111851 0.724096 302.994 
0.682673 -0.00197723 -0.730722 -10.0226 0.0124689 0.999882 0.00894344 -5.58962 0.730618 -0.0152167 0.682617 303.341 
0.636889 -0.00252372 -0.770952 -10.4257 0.0182766 0.999763 0.0118256 -5.59266 0.770739 -0.0216219 0.636784 303.654 
0.587475 -0.00189459 -0.80924 -10.8416 0.0222523 0.999657 0.0138138 -5.5955 0.808936 -0.0261227 0.587316 303.9 
0.535032 0.00187007 -0.84483 -11.278 0.0211402 0.999655 0.0156009 -5.59961 0.844567 -0.0262068 0.534808 304.11 
0.480457 0.00783459 -0.876983 -11.7243 0.016022 0.999715 0.0177087 -5.59945 0.876872 -0.0225593 0.480194 304.297 
0.423984 0.0117038 -0.905594 -12.165 0.0129039 0.999737 0.0189619 -5.60017 0.905578 -0.0197252 0.423722 304.433 
0.365195 0.013845 -0.930828 -12.6105 0.0119583 0.999737 0.0195615 -5.59893 0.930854 -0.0182749 0.364934 304.559 
0.305118 0.0159766 -0.952181 -13.0467 0.0132677 0.999691 0.0210253 -5.59703 0.952222 -0.0190484 0.304812 304.664 
0.244712 0.0189743 -0.96941 -13.477 0.0154368 0.999606 0.0234621 -5.59032 0.969473 -0.020706 0.244323 304.739 
0.183784 0.0226614 -0.982705 -13.9065 0.0171253 0.999509 0.0262517 -5.58297 0.982818 -0.0216538 0.183306 304.782 
0.12002 0.0258905 -0.992434 -14.3363 0.0191059 0.999415 0.0283831 -5.57676 0.992588 -0.0223679 0.119455 304.796 
0.0547996 0.0299194 -0.998049 -14.7711 0.0189148 0.999341 0.0309967 -5.57164 0.998318 -0.0205765 0.0541975 304.776 
-0.0114384 0.0356384 -0.999299 -15.2172 0.0202889 0.999167 0.0354015 -5.56262 0.999729 -0.0198697 -0.0121519 304.73 
-0.0790781 0.0420594 -0.995981 -15.6789 0.021533 0.998949 0.0404751 -5.54591 0.996636 -0.0182457 -0.0799006 304.652 
-0.146916 0.048714 -0.987949 -16.1478 0.0231511 0.998682 0.0458005 -5.52962 0.988878 -0.0161432 -0.14785 304.542 
-0.214375 0.05472 -0.975218 -16.6204 0.0248752 0.998412 0.0505533 -5.51134 0.976435 -0.0134213 -0.215395 304.399 
-0.280407 0.0603393 -0.957983 -17.0929 0.0280637 0.998111 0.0546524 -5.48998 0.959471 -0.0115596 -0.281571 304.22 
-0.344772 0.0642092 -0.936488 -17.5695 0.0314746 0.997888 0.0568315 -5.46344 0.938159 -0.00988159 -0.346065 304.009 
-0.405783 0.0662942 -0.911562 -18.0375 0.0345542 0.997766 0.0571816 -5.43667 0.913316 -0.00829502 -0.407167 303.755 
-0.463792 0.0666449 -0.883434 -18.4951 0.0372008 0.997752 0.0557389 -5.40888 0.885163 -0.00701318 -0.465229 303.469 
-0.518238 0.0665983 -0.852639 -18.9482 0.0390548 0.997766 0.0541963 -5.38038 0.854344 -0.00521308 -0.519681 303.145 
-0.56833 0.0665051 -0.820109 -19.4008 0.0404459 0.997781 0.0528844 -5.34928 0.821806 -0.00311426 -0.569759 302.785 
-0.613396 0.0661011 -0.787004 -19.8581 0.0414516 0.997812 0.0514994 -5.31421 0.788687 -0.00103304 -0.614794 302.388 
-0.652682 0.0666723 -0.754692 -20.3019 0.0422407 0.997773 0.0516159 -5.28462 0.756453 0.00181004 -0.654045 301.959 
-0.688433 0.07032 -0.721883 -20.7414 0.0464367 0.99752 0.0528855 -5.25499 0.723812 0.00288628 -0.689991 301.5 
-0.723293 0.0771793 -0.686214 -21.1757 0.0542048 0.997014 0.0550016 -5.22321 0.68841 0.00258617 -0.725317 301.008 
-0.756791 0.0827051 -0.648403 -21.5977 0.0601012 0.996566 0.0569661 -5.19203 0.650888 0.00414164 -0.759163 300.476 
-0.787462 0.0843745 -0.61056 -22.0009 0.0628452 0.996415 0.0566427 -5.16193 0.613151 0.00623323 -0.789942 299.905 
-0.815581 0.0808963 -0.57296 -22.3915 0.0621025 0.996697 0.0523238 -5.1297 0.575301 0.00709201 -0.817911 299.291 
-0.840764 0.0782266 -0.53572 -22.7627 0.0629663 0.99692 0.0467517 -5.09963 0.537728 0.00557486 -0.8431 298.645 
-0.863735 0.0735859 -0.498545 -23.1181 0.0615063 0.997279 0.0406392 -5.06791 0.500179 0.00443785 -0.865911 297.957 
-0.884263 0.0712263 -0.461526 -23.4557 0.0615817 0.997455 0.0359473 -5.04046 0.462912 0.00336532 -0.886398 297.237 
-0.902898 0.0696619 -0.424172 -23.7758 0.0606901 0.997555 0.0346429 -5.01705 0.425548 0.00553604 -0.904919 296.477 
-0.920072 0.0662589 -0.386105 -24.07 0.0580605 0.997772 0.0328705 -4.99823 0.387423 0.00782575 -0.921869 295.68 
-0.935402 0.0660803 -0.347358 -24.3422 0.0589831 0.997778 0.0309784 -4.97803 0.348633 0.00848903 -0.937221 294.856 
-0.949142 0.0682401 -0.307365 -24.5944 0.0618523 0.99762 0.0304886 -4.95704 0.308714 0.0099268 -0.951103 294.007 
-0.9608 0.0716292 -0.26783 -24.8183 0.0660007 0.997369 0.0299718 -4.93925 0.269272 0.01112 -0.963 293.125 
-0.970701 0.0724538 -0.229109 -25.0081 0.0670557 0.997259 0.03127 -4.91895 0.230747 0.0149907 -0.972898 292.209 
-0.978696 0.0750713 -0.191098 -25.1687 0.0703214 0.997026 0.0315271 -4.89719 0.192897 0.0174172 -0.981065 291.269 
-0.985245 0.0741077 -0.154271 -25.2931 0.0702422 0.997068 0.0303658 -4.8788 0.156069 0.0190814 -0.987562 290.296 
-0.990124 0.0725734 -0.119948 -25.3804 0.069952 0.997213 0.0259274 -4.85491 0.121496 0.0172808 -0.992442 289.293 
-0.993721 0.070842 -0.0866037 -25.439 0.069185 0.997361 0.0219903 -4.83507 0.0879331 0.0158605 -0.996 288.263 
-0.996034 0.0699149 -0.0550229 -25.466 0.0688497 0.997406 0.0210245 -4.82092 0.0563502 0.0171529 -0.998264 287.198 
