1 2.12261e-08 -2.11895e-08 0 2.12261e-08 1 2.10703e-08 0 -2.11895e-08 2.10703e-08 1 0 
0.999979 0.000425863 -0.00647918 -0.00919612 -0.000423761 1 0.000319162 -0.00102101 0.00647927 -0.000316368 0.999979 0.0941746 
0.999909 0.000964242 -0.0134958 -0.020343 -0.00096132 1 0.000219846 -0.00193356 0.013496 -0.00020681 0.999909 0.190647 
0.999779 0.00124062 -0.020993 -0.033233 -0.00125054 0.999999 -0.000461471 -0.00304422 0.0209924 0.000487664 0.99978 0.290426 
0.999543 0.00178511 -0.0301883 -0.0490864 -0.00184259 0.999997 -0.00187779 -0.0032275 0.0301848 0.0019326 0.999543 0.397042 
0.999133 0.00190575 -0.0415913 -0.0682611 -0.00205104 0.999992 -0.00345183 -0.00384004 0.0415844 0.00353419 0.999129 0.513614 
0.998473 0.0016958 -0.055211 -0.0914961 -0.00193575 0.999989 -0.00429364 -0.00474658 0.0552031 0.004394 0.998466 0.643192 
0.99744 0.00164727 -0.0714932 -0.120162 -0.00195976 0.999989 -0.0043016 -0.00501109 0.0714853 0.00443074 0.997432 0.785165 
0.995933 0.000126312 -0.0900925 -0.153452 -0.000515306 0.999991 -0.00429492 -0.00673835 0.090091 0.00432392 0.995924 0.938787 
0.99392 -0.00108713 -0.110096 -0.19202 0.000596115 0.99999 -0.00449303 -0.00866499 0.110099 0.00440013 0.993911 1.10323 
0.991212 -0.00123886 -0.132281 -0.241227 0.000605412 0.999988 -0.00482905 -0.0127679 0.132285 0.00470657 0.991201 1.27535 
0.987704 0.00232712 -0.156321 -0.303053 -0.00335192 0.999975 -0.00629267 -0.0174114 0.156302 0.00673931 0.987686 1.45195 
0.983343 0.00661736 -0.181639 -0.37496 -0.00818092 0.999936 -0.00786038 -0.0235043 0.181575 0.00921546 0.983334 1.63344 
0.977952 0.00943465 -0.208618 -0.452013 -0.0115155 0.999895 -0.00876223 -0.0300009 0.208514 0.0109714 0.977958 1.82221 
0.971215 0.0101529 -0.237989 -0.534463 -0.012643 0.99988 -0.00893899 -0.0334733 0.23787 0.0116906 0.971227 2.01863 
0.963134 0.0119987 -0.268753 -0.627106 -0.0148236 0.999854 -0.00848427 -0.0364207 0.268612 0.0121554 0.963172 2.21782 
0.953619 0.0137012 -0.300706 -0.729786 -0.0167291 0.999832 -0.00749702 -0.0387084 0.300552 0.0121799 0.953688 2.41852 
0.942311 0.0156087 -0.334373 -0.839679 -0.0188745 0.999801 -0.00651986 -0.0393571 0.334205 0.0124549 0.942418 2.62064 
0.929732 0.0177738 -0.367807 -0.957194 -0.0215173 0.99975 -0.00607945 -0.0413644 0.367607 0.0135665 0.929882 2.81661 
0.915701 0.0202773 -0.401349 -1.08369 -0.0245153 0.999685 -0.00542608 -0.0414451 0.401112 0.0148079 0.915909 3.01324 
0.899491 0.0206013 -0.436454 -1.2161 -0.0252597 0.999669 -0.004872 -0.0398588 0.436209 0.015407 0.899713 3.2094 
0.880788 0.0158621 -0.473244 -1.35094 -0.0210158 0.999763 -0.00560429 -0.0387265 0.473044 0.0148819 0.880913 3.40592 
0.859171 0.0106941 -0.511576 -1.49442 -0.0160537 0.999853 -0.0060605 -0.040712 0.511436 0.0134197 0.859216 3.59992 
0.833714 0.012216 -0.552061 -1.66233 -0.0165635 0.999859 -0.00288912 -0.0450171 0.551947 0.0115528 0.833799 3.79239 
0.80407 0.0177387 -0.59427 -1.85242 -0.0213829 0.999771 0.000910782 -0.0508396 0.59415 0.0119749 0.804265 3.97586 
0.770766 0.0204935 -0.636789 -2.05674 -0.0243554 0.9997 0.00269312 -0.0544169 0.636653 0.0134335 0.771034 4.1577 
0.73398 0.0196542 -0.678887 -2.27459 -0.0236372 0.999715 0.0033869 -0.0557532 0.67876 0.0135611 0.734235 4.33758 
0.69343 0.0155401 -0.720357 -2.50699 -0.0176583 0.999834 0.00457092 -0.0559603 0.720308 0.00955069 0.693589 4.51866 
0.64996 0.0119756 -0.759874 -2.75958 -0.0123059 0.999911 0.00523267 -0.0560174 0.759868 0.00594993 0.65005 4.69209 
0.604597 0.0115049 -0.796449 -3.03483 -0.00959033 0.999928 0.00716398 -0.0558368 0.796474 0.00330693 0.604664 4.84896 
0.556106 0.0120422 -0.831024 -3.32932 -0.0072058 0.999927 0.00966768 -0.0521981 0.83108 0.000611991 0.556152 4.99194 
0.504786 0.0126388 -0.863152 -3.64184 -0.00578539 0.99992 0.011258 -0.0471933 0.863225 -0.000689165 0.504818 5.11897 
0.451726 0.0140314 -0.892047 -3.97238 -0.00489916 0.9999 0.013247 -0.0430141 0.892143 -0.00161369 0.451749 5.23068 
0.396952 0.0160506 -0.917699 -4.32374 -0.00385025 0.999867 0.0158222 -0.0372812 0.917831 -0.00274726 0.396962 5.32907 
0.341353 0.0180088 -0.939763 -4.69258 -0.00339334 0.999834 0.0179274 -0.0324664 0.939929 -0.00293059 0.341357 5.40857 
0.28625 0.020949 -0.957926 -5.07813 -0.00118036 0.999768 0.0215113 -0.0288716 0.958154 -0.00502687 0.286209 5.47205 
0.232485 0.0228752 -0.972331 -5.46711 0.00312774 0.999701 0.0242669 -0.027442 0.972595 -0.00868285 0.232344 5.52216 
0.181615 0.0233541 -0.983092 -5.86713 0.00545431 0.999679 0.0247557 -0.0252142 0.983355 -0.00985806 0.18143 5.55183 
0.134261 0.0242992 -0.990648 -6.2902 0.00323262 0.999683 0.0249589 -0.0196446 0.990941 -0.00655336 0.13414 5.55787 
0.0919169 0.0244538 -0.995466 -6.72905 0.00106998 0.999695 0.0246565 -0.0100996 0.995766 -0.00333143 0.0918627 5.551 
0.0540897 0.0229002 -0.998273 -7.18173 -0.00055214 0.999738 0.0229038 -0.00055666 0.998536 -0.000687631 0.0540881 5.53415 
0.0197068 0.0202108 -0.999602 -7.6481 0.000260449 0.999796 0.0202199 0.00586545 0.999806 -0.000658771 0.0196975 5.50779 
-0.0117022 0.0174982 -0.999778 -8.13106 0.000622577 0.999847 0.0174921 0.00948649 0.999931 -0.000417702 -0.0117113 5.47038 
-0.0382601 0.0156161 -0.999146 -8.62565 6.0801e-05 0.999878 0.0156252 0.0134144 0.999268 0.000537113 -0.0382564 5.42167 
-0.0589989 0.013156 -0.998171 -9.1337 -0.000640493 0.999912 0.0132168 0.0211325 0.998258 0.00141914 -0.0589853 5.36491 
-0.0753198 0.0122733 -0.997084 -9.65723 -0.000269013 0.999924 0.0123286 0.0305674 0.997159 0.00119685 -0.0753108 5.30425 
-0.0884137 0.012756 -0.996002 -10.1989 0.00047814 0.999918 0.0127637 0.0345477 0.996084 0.000652295 -0.0884126 5.23906 
-0.0979956 0.0138637 -0.99509 -10.7578 -0.000745745 0.999902 0.0140041 0.0334041 0.995187 0.00211447 -0.0979756 5.1643 
-0.10476 0.0151591 -0.994382 -11.3316 -0.00258008 0.999876 0.0155147 0.0324505 0.994494 0.00419094 -0.104707 5.08395 
-0.109319 0.0161058 -0.993876 -11.9213 -0.00237702 0.999862 0.0164642 0.0377279 0.994004 0.00416235 -0.109265 5.00514 
-0.110813 0.0167672 -0.9937 -12.5278 6.97179e-05 0.999858 0.0168634 0.0472642 0.993841 0.00179945 -0.110799 4.92896 
-0.110024 0.0189438 -0.993748 -13.1508 0.00216075 0.999821 0.0188203 0.0547786 0.993927 -7.6522e-05 -0.110045 4.85197 
-0.108781 0.0213754 -0.993836 -13.7921 0.00161186 0.999771 0.0213266 0.059146 0.994064 0.000718044 -0.10879 4.77217 
-0.107307 0.0212523 -0.993999 -14.4462 -0.000473892 0.99977 0.0214268 0.0639715 0.994226 0.00277034 -0.107273 4.68986 
-0.105891 0.0186129 -0.994204 -15.1106 -0.00214904 0.999818 0.0189469 0.0711475 0.994375 0.00414292 -0.105832 4.60803 
-0.104719 0.0183897 -0.994332 -15.791 -0.00224977 0.999822 0.0187282 0.0818419 0.994499 0.00419826 -0.104659 4.52751 
-0.103086 0.0211012 -0.994449 -16.4917 -0.00185076 0.999769 0.021406 0.0937172 0.994671 0.00404718 -0.103023 4.44709 
-0.101209 0.0245151 -0.994563 -17.2105 -0.00279657 0.999685 0.0249259 0.103394 0.994861 0.00530412 -0.101108 4.36041 
-0.0993757 0.026595 -0.994695 -17.9457 -0.00333809 0.999628 0.0270604 0.109769 0.995044 0.00600957 -0.09925 4.27084 
-0.097588 0.0258204 -0.994892 -18.691 -0.00484462 0.999639 0.0264188 0.122938 0.995215 0.00739807 -0.0974277 4.1801 
-0.095875 0.0225847 -0.995137 -19.4458 -0.0072242 0.9997 0.0233842 0.136894 0.995367 0.00943107 -0.0956831 4.08908 
-0.0943766 0.0218553 -0.995297 -20.2153 -0.00793961 0.999711 0.0227051 0.14964 0.995505 0.0100451 -0.0941758 3.99993 
-0.0929314 0.0243038 -0.995376 -20.9968 -0.00528204 0.999676 0.024902 0.16087 0.995659 0.00757183 -0.0927729 3.91713 
-0.0918438 0.0264699 -0.995422 -21.7887 -0.00302102 0.999635 0.0268606 0.170504 0.995769 0.00547421 -0.0917303 3.83389 
-0.0905227 0.0281547 -0.995496 -22.59 -0.00207647 0.999593 0.0284593 0.180173 0.995892 0.00464337 -0.0904274 3.74592 
-0.0899654 0.0235534 -0.995666 -23.391 -0.00184493 0.999715 0.0238159 0.187807 0.995943 0.00397958 -0.0898963 3.65894 
-0.0896909 0.0165635 -0.995832 -24.1975 -0.000379448 0.999861 0.0166647 0.193504 0.99597 0.00187258 -0.0896721 3.57293 
-0.0898987 0.0120641 -0.995878 -25.0141 0.00265215 0.999926 0.0118737 0.200653 0.995947 -0.00157374 -0.0899241 3.4895 
-0.0904378 0.0128593 -0.995819 -25.8414 0.00384029 0.999914 0.0125635 0.205843 0.995895 -0.00268798 -0.0904794 3.40186 
-0.0906198 0.0202642 -0.995679 -26.6819 0.00343364 0.999793 0.0200354 0.207515 0.99588 -0.00160316 -0.0906707 3.31024 
-0.0910063 0.0272654 -0.995477 -27.5267 0.00216058 0.999628 0.0271816 0.215425 0.995848 0.000322922 -0.0910313 3.21758 
-0.0913449 0.0325012 -0.995289 -28.3719 0.000251798 0.999468 0.0326146 0.223666 0.995819 0.0027286 -0.0913045 3.12054 
-0.0918485 0.0327738 -0.995234 -29.2129 -0.00130253 0.999453 0.0330329 0.23334 0.995772 0.00433039 -0.0917556 3.02633 
-0.0922725 0.0292871 -0.995303 -30.0481 -0.00125748 0.999563 0.029529 0.24422 0.995733 0.00397633 -0.0921954 2.9343 
-0.0928127 0.0265206 -0.99533 -30.8848 -0.00140628 0.999641 0.0267666 0.256824 0.995683 0.00388403 -0.092742 2.84262 
-0.0930559 0.0276202 -0.995278 -31.7234 -0.00282627 0.999604 0.0280046 0.268738 0.995657 0.00541896 -0.092941 2.74905 
-0.0930524 0.0299065 -0.995212 -32.563 -0.00349768 0.999533 0.0303634 0.277122 0.995655 0.00630635 -0.0929043 2.65442 
-0.0930032 0.028201 -0.995266 -33.3998 -0.00403658 0.99958 0.0287004 0.284991 0.995658 0.00668674 -0.0928503 2.5585 
-0.0926053 0.022955 -0.995438 -34.2317 -0.00483133 0.999712 0.023503 0.294668 0.995691 0.00698583 -0.0924677 2.46183 
-0.0925106 0.0187689 -0.995535 -35.0612 -0.00614933 0.999793 0.0194206 0.30128 0.995693 0.00791852 -0.092376 2.36835 
-0.0920321 0.0195273 -0.995565 -35.898 -0.0055373 0.999782 0.0201219 0.306505 0.995741 0.00736464 -0.091904 2.27541 
-0.0915594 0.0220847 -0.995555 -36.7394 -0.00436203 0.999736 0.0225786 0.309098 0.99579 0.00640997 -0.0914389 2.18272 
-0.0910507 0.0269047 -0.995483 -37.5869 -0.0039765 0.999617 0.0273801 0.317177 0.995838 0.00645156 -0.0909089 2.08641 
-0.0904376 0.0324472 -0.995373 -38.4327 -0.00291657 0.999456 0.0328453 0.329029 0.995898 0.00587356 -0.0902938 1.99097 
-0.0905812 0.0356223 -0.995252 -39.2724 -0.00304131 0.999346 0.0360456 0.340271 0.995884 0.00629196 -0.0904136 1.89764 
-0.0902435 0.035387 -0.995291 -40.1046 -0.0026841 0.999356 0.0357749 0.354909 0.995916 0.00589995 -0.0900904 1.80636 
-0.0902114 0.0308338 -0.995445 -40.9328 -0.00254733 0.99951 0.0311906 0.371117 0.995919 0.00534951 -0.0900887 1.71494 
-0.0898394 0.0263626 -0.995607 -41.764 -0.00355639 0.999635 0.0267902 0.382179 0.99595 0.00594763 -0.0897128 1.62034 
-0.0897876 0.0234001 -0.995686 -42.597 -0.00733703 0.999681 0.0241556 0.391949 0.995934 0.00947429 -0.0895872 1.52215 
-0.0902672 0.0214184 -0.995687 -43.4303 -0.010505 0.999693 0.0224569 0.400674 0.995862 0.0124869 -0.0900144 1.4232 
-0.0910675 0.0196079 -0.995652 -44.2616 -0.00816046 0.999758 0.0204352 0.40253 0.995811 0.00998599 -0.0908854 1.33268 
-0.0922762 0.0159785 -0.995605 -45.0865 -0.00465079 0.999853 0.0164778 0.406218 0.995723 0.0061509 -0.0921883 1.24526 
-0.09311 0.0144515 -0.995551 -45.9096 -0.000306548 0.999894 0.0145432 0.410953 0.995656 0.00165934 -0.0930957 1.15711 
-0.0952368 0.0178614 -0.995294 -46.7403 0.00018031 0.999839 0.0179257 0.412984 0.995455 0.00152777 -0.0952247 1.06218 
-0.0970413 0.0241419 -0.994988 -47.5697 0.00267898 0.999709 0.0239951 0.41326 0.995277 -0.000336996 -0.0970777 0.967876 
-0.0989767 0.0278303 -0.994701 -48.3911 0.00456832 0.999611 0.0275131 0.416938 0.995079 -0.00182091 -0.0990654 0.873392 
-0.100602 0.0269593 -0.994561 -49.2001 0.00461342 0.999635 0.0266302 0.421991 0.994916 -0.00190923 -0.10069 0.779078 
-0.101693 0.0229422 -0.994551 -49.9997 0.00132775 0.999736 0.0229261 0.424637 0.994815 0.00101095 -0.101697 0.677035 
-0.102959 0.0191077 -0.994502 -50.7954 -0.00333419 0.999803 0.0195547 0.429319 0.99468 0.00532923 -0.102875 0.572124 
-0.104459 0.0174868 -0.994375 -51.5893 -0.00739571 0.999804 0.0183592 0.432178 0.994502 0.00927194 -0.10431 0.467193 
-0.105533 0.0184997 -0.994244 -52.3831 -0.00895496 0.999769 0.019553 0.432803 0.994375 0.0109669 -0.105343 0.365294 
-0.106641 0.0199718 -0.994097 -53.1703 -0.00872946 0.999741 0.0210217 0.434115 0.994259 0.0109197 -0.106439 0.266799 
-0.107741 0.0194182 -0.993989 -53.951 -0.0106225 0.99973 0.0206818 0.435059 0.994122 0.012787 -0.107505 0.165816 
-0.10838 0.0192388 -0.993923 -54.7291 -0.0112979 0.999724 0.0205831 0.435957 0.994045 0.0134601 -0.108133 0.0636124 
-0.108879 0.0210322 -0.993832 -55.5097 -0.00971488 0.999706 0.0222208 0.439745 0.994008 0.0120744 -0.108643 -0.0374503 
-0.109188 0.0239025 -0.993734 -56.2825 -0.00881246 0.999648 0.025013 0.444058 0.993982 0.0114884 -0.108939 -0.136276 
-0.109447 0.0280568 -0.993597 -57.0504 -0.00899022 0.999533 0.0292148 0.448796 0.993952 0.0121302 -0.109144 -0.236239 
-0.110224 0.0301259 -0.99345 -57.812 -0.0088627 0.999471 0.0312918 0.454317 0.993867 0.0122538 -0.109898 -0.332972 
-0.111199 0.0300937 -0.993342 -58.5649 -0.00824268 0.999479 0.0312023 0.462332 0.993764 0.0116575 -0.110893 -0.427037 
-0.111584 0.0281371 -0.993357 -59.3181 -0.00724561 0.99955 0.0291264 0.469395 0.993729 0.0104475 -0.111329 -0.527645 
-0.111931 0.0244933 -0.993414 -60.0577 -0.00666685 0.999655 0.0253984 0.476604 0.993694 0.00946584 -0.111729 -0.626522 
-0.111859 0.0215891 -0.99349 -60.7867 -0.00682437 0.999724 0.0224929 0.480414 0.993701 0.00929602 -0.111681 -0.724007 
-0.110777 0.0191706 -0.99366 -61.5016 -0.00722228 0.999772 0.0200937 0.484781 0.993819 0.00940245 -0.110613 -0.818759 
-0.108705 0.0182922 -0.993906 -62.2013 -0.00942903 0.999767 0.0194314 0.485725 0.994029 0.0114839 -0.108507 -0.90982 
-0.1048 0.0191313 -0.994309 -62.8843 -0.00970282 0.999748 0.0202586 0.485631 0.994446 0.0117707 -0.104588 -0.993992 
-0.0991986 0.0206758 -0.994853 -63.5503 -0.00874739 0.999727 0.0216493 0.486806 0.995029 0.01085 -0.0989907 -1.06854 
-0.0920375 0.0221837 -0.995508 -64.2042 -0.0078486 0.999705 0.0230029 0.487331 0.995725 0.00993052 -0.0918362 -1.13813 
-0.083313 0.0234653 -0.996247 -64.8408 -0.00873525 0.999667 0.0242763 0.487095 0.996485 0.010725 -0.0830802 -1.20217 
-0.0715756 0.0250507 -0.997121 -65.4628 -0.0108262 0.999606 0.0258903 0.488297 0.997376 0.0126481 -0.0712762 -1.25766 
-0.0567609 0.0264304 -0.998038 -66.0709 -0.0137423 0.999534 0.0272516 0.492043 0.998293 0.0152622 -0.0563712 -1.3012 
-0.0384583 0.0276382 -0.998878 -66.6575 -0.015165 0.999486 0.0282389 0.495439 0.999145 0.016234 -0.0380195 -1.32645 
-0.016419 0.0283645 -0.999463 -67.2209 -0.0159174 0.999463 0.028626 0.498541 0.999739 0.0163789 -0.0159587 -1.33218 
0.00904083 0.0287262 -0.999546 -67.7619 -0.0151584 0.999476 0.0285871 0.500363 0.999844 0.0148931 0.00947154 -1.32021 
0.0382519 0.0283354 -0.998866 -68.2791 -0.0135134 0.999521 0.0278365 0.503389 0.999177 0.0124334 0.0386165 -1.28471 
0.0722549 0.0283247 -0.996984 -68.7728 -0.0121343 0.999548 0.0275181 0.507554 0.997312 0.0101095 0.0725659 -1.22938 
0.109856 0.0285699 -0.993537 -69.2464 -0.0112599 0.999558 0.027498 0.511415 0.993884 0.00816632 0.110129 -1.15499 
0.150639 0.0282942 -0.988184 -69.7051 -0.0107871 0.999578 0.026976 0.513151 0.98853 0.00659605 0.150881 -1.05995 
0.195805 0.0292787 -0.980206 -70.1506 -0.00944252 0.999564 0.0279707 0.51479 0.980597 0.00377885 0.195996 -0.944453 
0.24449 0.0279386 -0.969249 -70.5811 -0.00594919 0.999609 0.027313 0.515691 0.969633 -0.000911481 0.244561 -0.807387 
0.294908 0.0233615 -0.95524 -70.9856 0.00194876 0.999684 0.0250501 0.512984 0.955524 -0.00924897 0.29477 -0.646827 
0.346727 0.0182959 -0.937788 -71.3779 0.00733406 0.999726 0.022216 0.511882 0.937937 -0.0145806 0.346498 -0.467971 
0.399806 0.0136547 -0.916498 -71.7596 0.0124834 0.999715 0.0203401 0.516124 0.916515 -0.019573 0.399522 -0.270727 
0.451797 0.0132374 -0.892022 -72.1352 0.0122535 0.999704 0.0210416 0.521636 0.892036 -0.0204368 0.451501 -0.0575398 
0.500988 0.012114 -0.86537 -72.5016 0.0137111 0.999665 0.0219318 0.526227 0.865346 -0.0228527 0.500654 0.177634 
0.546845 0.00808934 -0.837195 -72.8481 0.0213951 0.999492 0.0236326 0.528997 0.83696 -0.0308352 0.546394 0.441881 
0.591469 0.00183527 -0.806325 -73.1713 0.031814 0.999166 0.0256109 0.529608 0.8057 -0.0408005 0.590918 0.728207 
0.635021 -0.0031217 -0.772489 -73.4843 0.0331956 0.999178 0.0232505 0.530343 0.771781 -0.0404077 0.634603 1.01755 
0.67729 -0.00787695 -0.735674 -73.7893 0.0300455 0.999405 0.0169603 0.532815 0.735102 -0.0335907 0.677124 1.31671 
0.718826 -0.01472 -0.695034 -74.0803 0.026431 0.999632 0.00616478 0.537802 0.694687 -0.0228018 0.71895 1.63895 
0.758942 -0.0174059 -0.650926 -74.3569 0.0215616 0.999766 -0.00159448 0.541187 0.650801 -0.0128248 0.75914 1.98444 
0.796784 -0.0183905 -0.603985 -74.6238 0.020032 0.999791 -0.00401575 0.540889 0.603932 -0.0088993 0.796986 2.36498 
0.831432 -0.0198173 -0.555274 -74.8747 0.0201903 0.999781 -0.00544995 0.542337 0.55526 -0.00667981 0.83165 2.7746 
0.862639 -0.0185025 -0.505482 -75.1153 0.0171225 0.999826 -0.00737663 0.540705 0.505531 -0.00229171 0.862806 3.21207 
0.889121 -0.0169259 -0.457359 -75.3418 0.0162252 0.999853 -0.00546021 0.532458 0.457384 -0.00256591 0.889265 3.68102 
0.910786 -0.0106051 -0.412742 -75.5558 0.0096979 0.999944 -0.00429276 0.52655 0.412765 -9.2899e-05 0.910838 4.17202 
0.928614 -0.00629259 -0.370994 -75.7492 0.00454418 0.999974 -0.00558681 0.522318 0.371019 0.00350217 0.928619 4.66373 
0.942346 -0.00120028 -0.334638 -75.9336 -0.000146847 0.999992 -0.0040004 0.518731 0.33464 0.00381895 0.942338 5.19224 
0.952555 -0.000305743 -0.304366 -76.1037 -0.000243391 0.999998 -0.00176636 0.509044 0.304366 0.00175668 0.952553 5.74235 
0.960007 -0.00087999 -0.279975 -76.2632 0.00091597 1 -2.45475e-06 0.501361 0.279975 -0.000254045 0.960007 6.3143 
0.965921 -0.000666514 -0.258838 -76.421 0.00126765 0.999997 0.00215541 0.49677 0.258835 -0.00241002 0.965918 6.90693 
0.970651 0.00185694 -0.240487 -76.5788 -0.000724474 0.999988 0.00479724 0.493361 0.240493 -0.00448217 0.97064 7.51949 
0.974329 0.00661194 -0.225033 -76.7371 -0.00531964 0.999966 0.00634836 0.491263 0.225067 -0.00498825 0.974331 8.14885 
0.977314 0.0102811 -0.211547 -76.8931 -0.00886499 0.999932 0.00764109 0.487585 0.211612 -0.00559233 0.977338 8.79631 
0.980111 0.00898342 -0.198246 -77.0375 -0.00765956 0.999943 0.00744353 0.485231 0.198302 -0.00577696 0.980124 9.46107 
0.982793 0.008794 -0.184503 -77.1736 -0.00761412 0.999946 0.00710225 0.48493 0.184555 -0.00557516 0.982806 10.1426 
0.985406 0.00919349 -0.169971 -77.2999 -0.00799691 0.999938 0.00772297 0.486162 0.170031 -0.00625097 0.985419 10.8365 
0.987716 0.0107163 -0.155893 -77.4208 -0.00954569 0.99992 0.00825526 0.48446 0.155969 -0.00666571 0.98774 11.5449 
0.989636 0.0108402 -0.143189 -77.5337 -0.0101506 0.999933 0.00554516 0.478386 0.143239 -0.00403419 0.98968 12.2648 
0.991173 0.0112247 -0.132098 -77.6444 -0.0112834 0.999936 0.000304152 0.471733 0.132093 0.00118909 0.991237 12.9976 
0.992424 0.00925467 -0.122512 -77.7451 -0.0100409 0.999933 -0.00580209 0.467717 0.12245 0.0069883 0.99245 13.742 
0.993408 0.00913682 -0.114266 -77.8437 -0.00988835 0.999933 -0.00601229 0.463093 0.114203 0.0071026 0.993432 14.5023 
0.994124 0.0109767 -0.107686 -77.9394 -0.0110148 0.999939 0.00024039 0.45283 0.107682 0.000947214 0.994185 15.2714 
0.994593 0.0152592 -0.102718 -78.0367 -0.0144697 0.99986 0.00842629 0.440162 0.102833 -0.00689439 0.994675 16.0447 
0.99502 0.0158957 -0.0984046 -78.1297 -0.0147724 0.999817 0.0121325 0.432954 0.0985794 -0.0106184 0.995073 16.8195 
0.995368 0.0145188 -0.0950336 -78.2135 -0.0135318 0.999848 0.0110213 0.429086 0.0951791 -0.00968423 0.995413 17.5864 
0.995663 0.0140603 -0.0919682 -78.2971 -0.0131877 0.999862 0.0100885 0.425688 0.0920973 -0.00883187 0.995711 18.3538 
0.995943 0.012586 -0.0891023 -78.379 -0.0115433 0.999859 0.0122078 0.42383 0.0892433 -0.0111297 0.995948 19.1282 
0.996185 0.0104909 -0.0866397 -78.457 -0.00925935 0.999851 0.0146043 0.420882 0.0867799 -0.0137463 0.996133 19.902 
0.996447 0.00835037 -0.0838081 -78.5311 -0.00700897 0.999843 0.0162865 0.417094 0.0839309 -0.0156412 0.996349 20.6721 
0.996672 0.00757284 -0.0811604 -78.6052 -0.00656746 0.999898 0.012647 0.411713 0.0812479 -0.0120718 0.996621 21.4364 
0.996787 0.0102488 -0.0794341 -78.6843 -0.00986614 0.999938 0.00520736 0.407208 0.0794825 -0.00440688 0.996827 22.1944 
0.996918 0.0106664 -0.0777221 -78.7588 -0.0108887 0.999938 -0.00243779 0.398135 0.0776912 0.00327662 0.996972 22.9489 
0.997013 0.0116104 -0.0763602 -78.8308 -0.0121507 0.999904 -0.00661486 0.387302 0.0762761 0.00752297 0.997058 23.7035 
0.99715 0.0132853 -0.0742611 -78.9029 -0.0136868 0.999894 -0.00489995 0.371447 0.0741881 0.00590242 0.997227 24.4641 
0.997275 0.0169382 -0.0718012 -78.979 -0.0170581 0.999854 -0.00105754 0.354233 0.0717728 0.0022795 0.997418 25.225 
0.997362 0.0205301 -0.0696264 -79.0524 -0.0203048 0.999786 0.00394104 0.339698 0.0696924 -0.00251685 0.997565 25.9867 
0.997585 0.0181063 -0.0670515 -79.1158 -0.0177602 0.999826 0.00575333 0.331178 0.067144 -0.00454855 0.997733 26.7448 
0.997707 0.0152491 -0.0659465 -79.1753 -0.014916 0.999873 0.00554051 0.321571 0.0660226 -0.00454411 0.997808 27.4978 
0.997805 0.0134893 -0.0648306 -79.2342 -0.0131534 0.999898 0.00560475 0.309422 0.0648995 -0.00473966 0.997881 28.249 
0.997881 0.0130744 -0.0637375 -79.2975 -0.0128616 0.99991 0.00374741 0.300991 0.0637807 -0.00291966 0.99796 28.9993 
0.997948 0.0111626 -0.0630528 -79.3546 -0.0110316 0.999936 0.00242452 0.293699 0.0630758 -0.00172393 0.998007 29.7514 
0.997998 0.010333 -0.0623973 -79.4141 -0.0101969 0.999945 0.00249795 0.283815 0.0624196 -0.00185665 0.998048 30.5124 
0.998011 0.0135488 -0.0615688 -79.4818 -0.0133635 0.999905 0.00341916 0.275273 0.0616093 -0.00258954 0.998097 31.2827 
0.998017 0.0131851 -0.0615534 -79.5463 -0.0130597 0.999912 0.002438 0.267022 0.06158 -0.00162925 0.998101 32.0586 
0.99792 0.0126866 -0.0632015 -79.6096 -0.0125642 0.999918 0.00233295 0.256484 0.0632259 -0.00153398 0.997998 32.8372 
0.997817 0.0104317 -0.0652088 -79.674 -0.0102696 0.999943 0.00281988 0.248323 0.0652345 -0.00214401 0.997868 33.6199 
0.997592 0.0123286 -0.0682484 -79.7471 -0.0121802 0.999923 0.00258865 0.240337 0.068275 -0.0017511 0.997665 34.4069 
0.997352 0.0158795 -0.070977 -79.8276 -0.0157652 0.999873 0.00217034 0.2301 0.0710025 -0.00104558 0.997476 35.2004 
0.99716 0.0163204 -0.0735247 -79.9086 -0.0165678 0.999859 -0.0027559 0.219033 0.0734693 0.00396626 0.99729 35.9959 
0.996966 0.0170492 -0.0759525 -79.9877 -0.0175832 0.999825 -0.00636755 0.20892 0.0758306 0.00768376 0.997091 36.7968 
0.996822 0.0161355 -0.0780124 -80.0675 -0.0168097 0.999827 -0.00799317 0.195649 0.0778698 0.00927917 0.99692 37.6137 
0.996653 0.0164101 -0.0800874 -80.1507 -0.0169805 0.999835 -0.00644646 0.177933 0.0799684 0.00778485 0.996767 38.4373 
0.996491 0.0149838 -0.0823533 -80.2326 -0.0154976 0.999864 -0.00560307 0.160676 0.0822581 0.00685972 0.996587 39.266 
0.996348 0.0142658 -0.0841807 -80.3154 -0.0146449 0.999885 -0.00388737 0.14793 0.0841155 0.00510603 0.996443 40.0993 
0.99625 0.0138389 -0.0854073 -80.4032 -0.0139093 0.999903 -0.000229828 0.134909 0.0853958 0.00141696 0.996346 40.9431 
0.996176 0.0135474 -0.0863145 -80.4917 -0.0132131 0.999903 0.00444254 0.124076 0.0863663 -0.00328503 0.996258 41.7968 
0.996223 0.0135234 -0.085777 -80.5787 -0.0130064 0.999894 0.00658372 0.114639 0.0858569 -0.00544316 0.996293 42.6535 
0.996346 0.0165259 -0.0838008 -80.6692 -0.0160383 0.99985 0.00648827 0.108008 0.0838954 -0.00512049 0.996461 43.5125 
0.996499 0.0166651 -0.0819289 -80.7574 -0.0163026 0.999854 0.00509208 0.101571 0.0820017 -0.00373856 0.996625 44.3791 
0.996659 0.0142356 -0.0804272 -80.8408 -0.0140498 0.999897 0.00287541 0.0922465 0.0804598 -0.00173577 0.996756 45.2498 
0.996855 0.0106301 -0.0785253 -80.9204 -0.0105636 0.999943 0.00126127 0.0813082 0.0785342 -0.00042775 0.996911 46.1257 
0.997016 0.00939464 -0.0766261 -81.0021 -0.00934962 0.999956 0.000945698 0.0732834 0.0766316 -0.000226407 0.997059 47.0007 
0.997101 0.00713665 -0.0757571 -81.0812 -0.00689813 0.99997 0.00340905 0.0599787 0.0757791 -0.00287654 0.997121 47.8766 
0.997179 0.0043561 -0.074934 -81.1558 -0.00391906 0.999974 0.00597782 0.0477373 0.0749581 -0.00566724 0.997171 48.75 
0.99724 0.00403131 -0.0741371 -81.2344 -0.00358422 0.999975 0.00616204 0.0364855 0.07416 -0.00587927 0.997229 49.6229 
0.997325 0.00542478 -0.0728916 -81.3191 -0.00522564 0.999982 0.00292188 0.0231358 0.0729061 -0.00253311 0.997336 50.4954 
0.997361 0.00791264 -0.0721684 -81.4033 -0.00814902 0.999962 -0.00298201 0.00896474 0.0721421 0.00356228 0.997388 51.3617 
0.997424 0.00964431 -0.0710798 -81.4843 -0.0102674 0.999912 -0.00840603 -0.0108526 0.0709925 0.00911422 0.997435 52.2218 
0.997426 0.0142755 -0.070272 -81.5684 -0.0153105 0.999782 -0.0142133 -0.033875 0.0700537 0.0152526 0.997427 53.0779 
0.997508 0.0141413 -0.0691243 -81.6453 -0.0152183 0.999771 -0.01508 -0.0591732 0.0688951 0.0160944 0.997494 53.9308 
0.997547 0.0110121 -0.0691299 -81.7159 -0.0116681 0.999891 -0.00909338 -0.078459 0.0690221 0.00987773 0.997566 54.7877 
0.99751 0.0102275 -0.0697854 -81.7895 -0.0102502 0.999948 3.30828e-05 -0.101092 0.069782 0.000682356 0.997562 55.6445 
0.997429 0.00910001 -0.0710876 -81.8645 -0.0085675 0.999933 0.00779165 -0.120533 0.0711537 -0.00716253 0.99744 56.4985 
0.997267 0.00712233 -0.073539 -81.9382 -0.00673996 0.999962 0.00544583 -0.131959 0.073575 -0.00493525 0.997278 57.3434 
0.997146 0.00205681 -0.0754692 -82.009 -0.00191456 0.999996 0.00195671 -0.143558 0.0754729 -0.00180659 0.997146 58.1806 
0.996942 0.000634803 -0.0781469 -82.086 -0.000604576 1 0.000409938 -0.158191 0.0781471 -0.000361395 0.996942 59.0142 
0.996713 0.00267637 -0.0809723 -82.1708 -0.00284667 0.999994 -0.00198825 -0.175748 0.0809665 0.00221226 0.996714 59.8415 
0.996427 0.00409336 -0.0843635 -82.2589 -0.00456391 0.999975 -0.00538606 -0.193944 0.0843393 0.00575188 0.996421 60.6654 
0.996073 0.00458592 -0.0884159 -82.3474 -0.00539748 0.999945 -0.00894244 -0.211442 0.0883701 0.00938459 0.996044 61.4815 
0.995778 0.00643545 -0.0915668 -82.4406 -0.00764723 0.999888 -0.0128896 -0.234306 0.0914735 0.0135355 0.995716 62.2899 
0.995441 0.0110298 -0.0947432 -82.5422 -0.0123055 0.999841 -0.0128922 -0.25931 0.0945859 0.0139993 0.995418 63.0971 
0.995056 0.0144454 -0.0982639 -82.6446 -0.0156284 0.999814 -0.0112801 -0.278904 0.0980827 0.0127601 0.995097 63.9016 
0.994605 0.017385 -0.102272 -82.7471 -0.0180354 0.999823 -0.00543886 -0.301097 0.102159 0.00725407 0.994742 64.7056 
0.994155 0.0178898 -0.106472 -82.851 -0.0179735 0.999838 0.000172736 -0.321216 0.106458 0.00174201 0.994316 65.5072 
0.993607 0.0171526 -0.111584 -82.9543 -0.0168489 0.999851 0.00366392 -0.334549 0.11163 -0.00176039 0.993748 66.3032 
0.992854 0.016594 -0.118177 -83.0622 -0.0161597 0.999859 0.00463184 -0.345259 0.118237 -0.00268899 0.992982 67.0923 
0.992155 0.0144395 -0.12418 -83.1725 -0.0135275 0.999875 0.00818413 -0.35517 0.124283 -0.00644002 0.992226 67.8782 
0.991295 0.0150192 -0.130802 -83.2901 -0.0141214 0.99987 0.00778812 -0.365066 0.130902 -0.00587316 0.991378 68.6557 
0.990386 0.0196245 -0.136929 -83.4191 -0.0188792 0.999799 0.00673956 -0.375853 0.137034 -0.00408961 0.990558 69.4285 
0.98948 0.0215112 -0.143065 -83.5511 -0.0213254 0.999769 0.00283163 -0.384678 0.143092 0.00024911 0.989709 70.1971 
0.988612 0.0200879 -0.149139 -83.6814 -0.0203142 0.999794 5.74348e-06 -0.394634 0.149108 0.003024 0.988816 70.9664 
0.987765 0.0212011 -0.154501 -83.8193 -0.0216498 0.999765 -0.00122188 -0.407026 0.154438 0.00455189 0.987992 71.7338 
0.986979 0.0231597 -0.159172 -83.9628 -0.022884 0.999732 0.00356475 -0.414324 0.159212 0.000124214 0.987244 72.4998 
0.98593 0.0237824 -0.16546 -84.1089 -0.02282 0.99971 0.0077147 -0.424231 0.165595 -0.0038303 0.986186 73.2635 
0.984862 0.0229405 -0.171818 -84.2566 -0.0215595 0.999719 0.00989927 -0.438661 0.171997 -0.00604506 0.985079 74.0223 
0.983652 0.0204053 -0.178919 -84.4085 -0.0196677 0.999789 0.00589545 -0.445593 0.179002 -0.0022801 0.983846 74.7711 
0.982122 0.0183708 -0.187345 -84.5661 -0.0189627 0.999819 -0.00136778 -0.451666 0.187286 0.00489594 0.982293 75.5125 
0.980385 0.0158203 -0.196458 -84.7308 -0.0168068 0.999853 -0.00335528 -0.462559 0.196376 0.00659134 0.980507 76.2542 
0.978171 0.0154702 -0.207223 -84.9075 -0.0159104 0.999873 -0.000457668 -0.476821 0.207189 0.00374471 0.978294 76.9972 
0.975772 0.0153138 -0.218251 -85.0922 -0.0144715 0.99988 0.00545726 -0.483009 0.218309 -0.00216658 0.975877 77.7348 
0.973003 0.017108 -0.230159 -85.2892 -0.0144949 0.99981 0.0130393 -0.490382 0.230339 -0.00935112 0.973066 78.4689 
0.970281 0.0177211 -0.241332 -85.49 -0.0141727 0.999765 0.0164311 -0.499149 0.241566 -0.0125224 0.970304 79.1924 
0.967334 0.020813 -0.252651 -85.7029 -0.0184291 0.999761 0.0117985 -0.507114 0.252836 -0.00675693 0.967486 79.9027 
0.964173 0.0202259 -0.264501 -85.92 -0.0202693 0.999791 0.00256548 -0.513841 0.264498 0.00288771 0.964382 80.6027 
0.960754 0.0175802 -0.276844 -86.1432 -0.0189971 0.999817 -0.00243662 -0.517409 0.276751 0.00760028 0.960912 81.3059 
0.957194 0.016241 -0.288991 -86.3763 -0.0162836 0.999865 0.00225679 -0.521663 0.288988 0.00254566 0.957329 82.0191 
0.953694 0.0174606 -0.300271 -86.6248 -0.0152779 0.999837 0.0096156 -0.531934 0.30039 -0.00458277 0.953805 82.7361 
0.949873 0.0173319 -0.312157 -86.8824 -0.0133463 0.9998 0.0149 -0.53883 0.312353 -0.00998693 0.949914 83.451 
0.945667 0.0147971 -0.3248 -87.143 -0.0112624 0.999855 0.0127601 -0.542009 0.324942 -0.00840877 0.945697 84.1585 
0.94177 0.0127693 -0.336015 -87.4133 -0.0106878 0.999911 0.00804322 -0.546111 0.336087 -0.00398355 0.941822 84.8593 
0.938557 0.00869489 -0.345014 -87.6901 -0.00882036 0.99996 0.00120604 -0.556938 0.345011 0.00191126 0.938597 85.5576 
0.935726 0.00466931 -0.352698 -87.9716 -0.00678498 0.999966 -0.00476262 -0.565994 0.352663 0.0068496 0.935725 86.2607 
0.933002 0.00452036 -0.359843 -88.2615 -0.00750099 0.999948 -0.0068873 -0.576907 0.359793 0.00912509 0.932988 86.9622 
0.929963 0.00956163 -0.367528 -88.5651 -0.0130592 0.99989 -0.00703092 -0.593336 0.36742 0.0113382 0.929986 87.6582 
0.926827 0.00953592 -0.375367 -88.8707 -0.0122263 0.999914 -0.00478619 -0.609868 0.375289 0.00902535 0.926864 88.3595 
0.923554 0.0101372 -0.383334 -89.1789 -0.0102996 0.999946 0.00162879 -0.616431 0.38333 0.00244398 0.923608 89.0656 
0.9207 0.0119017 -0.390089 -89.4938 -0.00881219 0.999914 0.00970877 -0.623805 0.390171 -0.00550128 0.920726 89.7728 
0.91804 0.0216421 -0.395898 -89.824 -0.0164602 0.999729 0.0164818 -0.635655 0.396147 -0.00861438 0.918147 90.4689 
0.915424 0.0282776 -0.401496 -90.1586 -0.0250456 0.999598 0.0132976 -0.641815 0.40171 -0.00211724 0.915764 91.1527 
0.91302 0.024692 -0.407166 -90.4843 -0.024557 0.999683 0.00555814 -0.643974 0.407174 0.00492413 0.913337 91.8376 
0.910989 0.016881 -0.412084 -90.8068 -0.0193939 0.99981 -0.00191683 -0.648071 0.411974 0.00973819 0.911144 92.5272 
0.909287 0.0174819 -0.415802 -91.1428 -0.020459 0.999787 -0.00270539 -0.655241 0.415666 0.0109669 0.909451 93.2162 
0.907024 0.0233159 -0.420433 -91.4922 -0.0246159 0.999694 0.00233455 -0.665379 0.420359 0.00823189 0.907321 93.9099 
0.904475 0.0255762 -0.425759 -91.8404 -0.0251211 0.999662 0.00668502 -0.67635 0.425786 0.00464914 0.904812 94.6084 
0.902174 0.0219121 -0.430816 -92.185 -0.0220421 0.999746 0.00469037 -0.689537 0.43081 0.00526462 0.902427 95.3001 
0.899829 0.0199122 -0.435789 -92.536 -0.022993 0.999734 -0.00179656 -0.700155 0.435638 0.0116367 0.900047 95.984 
0.897615 0.0171221 -0.440448 -92.8937 -0.0232321 0.999694 -0.00848368 -0.708473 0.440168 0.0178477 0.897738 96.6681 
0.895277 0.0176413 -0.44516 -93.2572 -0.0246215 0.999648 -0.00990206 -0.7216 0.444829 0.0198256 0.895396 97.3534 
0.893228 0.0204135 -0.449141 -93.626 -0.025699 0.999654 -0.00567466 -0.739556 0.44887 0.0166113 0.893443 98.042 
0.891109 0.0218263 -0.453264 -93.9959 -0.0263376 0.999647 -0.00364288 -0.755098 0.453024 0.0151842 0.891369 98.7257 
0.888704 0.0226891 -0.45792 -94.3654 -0.0270771 0.999629 -0.00301996 -0.770794 0.457682 0.015083 0.888988 99.405 
0.88638 0.0206334 -0.462499 -94.7341 -0.0252839 0.999673 -0.00385827 -0.786662 0.462268 0.0151137 0.886611 100.082 
0.88425 0.0185906 -0.466644 -95.1043 -0.0234588 0.999714 -0.00462496 -0.801116 0.466425 0.0150366 0.884433 100.752 
0.882048 0.0180328 -0.470815 -95.4768 -0.0226497 0.999735 -0.00414197 -0.816584 0.470615 0.0143173 0.882222 101.417 
0.879688 0.0192575 -0.475162 -95.8553 -0.0238645 0.999709 -0.00366487 -0.832832 0.474953 0.0145635 0.879891 102.079 
0.877348 0.0194787 -0.479459 -96.2331 -0.0242051 0.9997 -0.00367807 -0.85122 0.479243 0.0148323 0.877557 102.736 
0.874965 0.0165912 -0.483902 -96.6071 -0.0233101 0.999697 -0.00787225 -0.868642 0.483625 0.0181678 0.875087 103.384 
0.872584 0.0132416 -0.488285 -96.9806 -0.0221093 0.999679 -0.0124003 -0.88854 0.487964 0.0216159 0.872596 104.026 
0.870455 0.0116286 -0.492111 -97.3566 -0.0218953 0.999646 -0.0151072 -0.907158 0.491761 0.0239251 0.870402 104.664 
0.868473 0.0133102 -0.495557 -97.7344 -0.0218433 0.999696 -0.01143 -0.924697 0.495255 0.0207513 0.8685 105.298 
0.866508 0.0172681 -0.498864 -98.1146 -0.0214897 0.999765 -0.00272008 -0.942065 0.4987 0.0130775 0.866676 105.932 
0.864895 0.0191062 -0.50159 -98.4912 -0.0182131 0.999812 0.00667911 -0.957942 0.501623 0.00335885 0.86508 106.563 
0.863279 0.018643 -0.504383 -98.8596 -0.0149826 0.999824 0.0113118 -0.970447 0.504505 -0.00220819 0.863406 107.176 
0.86159 0.0153766 -0.507372 -99.2207 -0.0116089 0.999877 0.0105889 -0.975715 0.507472 -0.00323323 0.861662 107.77 
0.859856 0.0133439 -0.510363 -99.5815 -0.0114311 0.999911 0.0068845 -0.982435 0.510409 -8.56306e-05 0.859932 108.346 
0.858221 0.0111535 -0.513159 -99.9341 -0.0106537 0.999936 0.00391595 -0.989541 0.51317 0.00210633 0.858285 108.908 
0.856683 0.0093627 -0.515758 -100.279 -0.00932362 0.999953 0.00266568 -0.999209 0.515759 0.00252514 0.85673 109.456 
0.855468 0.00767903 -0.517799 -100.617 -0.00766349 0.999968 0.00216859 -1.00841 0.5178 0.00211304 0.855499 109.988 
0.85413 0.00808314 -0.519997 -100.948 -0.00759016 0.999967 0.00307668 -1.01971 0.520005 0.00131903 0.854162 110.502 
0.85298 0.0078321 -0.521885 -101.272 -0.00645006 0.999969 0.00446471 -1.02957 0.521904 -0.000442071 0.853004 111.002 
0.851456 0.00627547 -0.524388 -101.577 -0.00430177 0.999978 0.00498206 -1.03986 0.524408 -0.00198616 0.851465 111.482 
0.850097 0.00470151 -0.526606 -101.87 -0.00237229 0.999984 0.00509818 -1.04942 0.526621 -0.00308463 0.850094 111.942 
0.848908 0.00360536 -0.528529 -102.154 -0.00176294 0.999991 0.00398979 -1.05922 0.528538 -0.00245515 0.848906 112.38 
0.847714 0.00351485 -0.530442 -102.434 -0.00393558 0.999992 0.000336596 -1.06873 0.530439 0.00180231 0.847721 112.794 
0.846273 0.000904985 -0.532749 -102.701 -0.00352721 0.999986 -0.00390435 -1.07726 0.532738 0.00518331 0.846265 113.191 
0.844026 -0.00295465 -0.536293 -102.955 -0.000456167 0.999981 -0.00622726 -1.08412 0.536301 0.00550066 0.844009 113.575 
0.841363 -0.00698286 -0.540425 -103.198 0.00446773 0.999972 -0.00596515 -1.09059 0.540452 0.00260444 0.841371 113.944 
0.83793 -0.00597079 -0.545745 -103.437 0.00410404 0.999981 -0.00463918 -1.09854 0.545763 0.0016476 0.837938 114.293 
0.834201 -0.00244633 -0.551456 -103.673 0.000953161 0.999995 -0.00299429 -1.10625 0.55146 0.00197227 0.834199 114.621 
0.830633 0.00350441 -0.556809 -103.904 -0.00328674 0.999994 0.00139058 -1.11453 0.55681 0.00067507 0.83064 114.93 
0.826683 0.00879089 -0.562599 -104.122 -0.0050775 0.999954 0.00816384 -1.12106 0.562645 -0.00389225 0.826689 115.226 
0.821948 0.0104348 -0.569468 -104.328 -0.00428068 0.999917 0.0121437 -1.12673 0.569547 -0.00754372 0.821924 115.505 
0.816537 0.0076463 -0.577242 -104.519 -3.84557e-05 0.999913 0.0131907 -1.13007 0.577293 -0.0107484 0.816467 115.765 
0.809568 0.00558192 -0.587 -104.704 0.00321672 0.999898 0.0139446 -1.13247 0.587018 -0.0131772 0.809467 116.008 
0.800823 0.00410408 -0.598887 -104.885 0.00605223 0.99987 0.0149449 -1.13542 0.598871 -0.0155927 0.800694 116.234 
0.790539 0.00457997 -0.612395 -105.065 0.00632591 0.999858 0.0156438 -1.13869 0.61238 -0.0162409 0.790397 116.441 
0.778387 0.00607441 -0.627756 -105.244 0.00434491 0.999877 0.0150627 -1.14199 0.62777 -0.0144521 0.778265 116.629 
0.764322 0.00461172 -0.644818 -105.416 0.00426373 0.999916 0.0122053 -1.14587 0.644821 -0.012078 0.764239 116.804 
0.749409 0.00204762 -0.662105 -105.584 0.00325982 0.999972 0.00678213 -1.14881 0.6621 -0.00724088 0.749381 116.964 
0.734236 -0.00165674 -0.678893 -105.745 0.00331359 0.999994 0.00114334 -1.1495 0.678887 -0.00308901 0.734237 117.114 
0.718772 -0.0016443 -0.695244 -105.912 -0.000809833 0.999995 -0.00320232 -1.1485 0.695245 0.00286482 0.718767 117.252 
0.702987 0.00194551 -0.711201 -106.086 -0.00840648 0.999949 -0.00557402 -1.14877 0.711153 0.0098972 0.702967 117.382 
0.685514 0.00367288 -0.72805 -106.26 -0.0112275 0.999922 -0.00552711 -1.14908 0.727973 0.0119631 0.685501 117.516 
0.666332 0.0021725 -0.745652 -106.432 -0.00833022 0.999955 -0.00453067 -1.14708 0.745609 0.00923043 0.66632 117.654 
0.645895 0.00117938 -0.763425 -106.608 -0.00564107 0.999979 -0.00322782 -1.14586 0.763405 0.00639142 0.645889 117.787 
0.623329 0.00280929 -0.781955 -106.792 -0.00584495 0.999982 -0.00106668 -1.14521 0.781938 0.00523544 0.623334 117.908 
0.598868 0.00726116 -0.800815 -106.985 -0.00971461 0.999951 0.00180193 -1.14381 0.800789 0.00670053 0.59891 118.019 
0.573845 0.0111782 -0.818888 -107.18 -0.0120884 0.999914 0.00517814 -1.14223 0.818875 0.00692764 0.573931 118.126 
0.547959 0.0139484 -0.836389 -107.377 -0.0140982 0.999873 0.0074384 -1.14131 0.836387 0.00771566 0.548086 118.227 
0.521699 0.0168753 -0.852963 -107.578 -0.0174653 0.999806 0.00909816 -1.1406 0.852951 0.0101508 0.521893 118.316 
0.494605 0.0210537 -0.868863 -107.783 -0.0218892 0.999691 0.0117633 -1.14107 0.868842 0.0132006 0.494913 118.397 
0.466309 0.0239688 -0.884297 -107.988 -0.0243727 0.999602 0.0142418 -1.14329 0.884286 0.0149117 0.466707 118.474 
0.436193 0.0231839 -0.899554 -108.197 -0.0234405 0.999622 0.0143967 -1.14466 0.899548 0.0148063 0.436571 118.548 
0.403546 0.0199782 -0.914741 -108.421 -0.0236091 0.999656 0.0114174 -1.14574 0.914655 0.0169889 0.403879 118.616 
0.368714 0.0154768 -0.929414 -108.663 -0.0234172 0.999699 0.00735716 -1.14311 0.929248 0.0190517 0.368965 118.679 
0.32927 0.0129436 -0.944147 -108.925 -0.0234119 0.999711 0.00554045 -1.13859 0.943946 0.02028 0.329477 118.737 
0.287482 0.0115365 -0.957717 -109.21 -0.0231518 0.999719 0.00509287 -1.13267 0.957506 0.0207088 0.287668 118.788 
0.243539 0.00935557 -0.969846 -109.512 -0.0227348 0.999734 0.00393494 -1.1258 0.969625 0.021091 0.243686 118.828 
0.196096 0.0063034 -0.980565 -109.832 -0.0220039 0.999756 0.00202636 -1.11815 0.980338 0.021179 0.196187 118.855 
0.146704 0.00396481 -0.989172 -110.168 -0.0216231 0.999766 0.000800346 -1.11183 0.988944 0.0212716 0.146756 118.867 
0.0962524 0.00318979 -0.995352 -110.52 -0.0214503 0.999769 0.00112967 -1.10474 0.995126 0.0212419 0.0962986 118.861 
0.0438946 0.00441227 -0.999026 -110.883 -0.0209959 0.999774 0.00349307 -1.10087 0.998816 0.0208222 0.0439773 118.837 
-0.00959356 0.00661515 -0.999932 -111.259 -0.0182656 0.99981 0.00678959 -1.09732 0.999787 0.0183296 -0.0094709 118.797 
-0.0635375 0.00849799 -0.997943 -111.643 -0.0152836 0.999838 0.00948721 -1.09403 0.997862 0.015855 -0.0633973 118.737 
-0.117384 0.0100325 -0.993036 -112.036 -0.0118323 0.999864 0.0115002 -1.09037 0.993016 0.0130999 -0.11725 118.654 
-0.170515 0.0114368 -0.985289 -112.439 -0.00961955 0.999866 0.0132708 -1.08364 0.985308 0.0117409 -0.170382 118.545 
-0.221907 0.0125976 -0.974987 -112.853 -0.00827562 0.999856 0.0148025 -1.07531 0.975033 0.0113534 -0.22177 118.41 
-0.271347 0.0136092 -0.962385 -113.276 -0.00571321 0.99986 0.01575 -1.06638 0.962465 0.00977205 -0.271231 118.253 
-0.319562 0.014918 -0.947448 -113.706 -0.00153997 0.999867 0.0162627 -1.05853 0.947564 0.00665603 -0.319497 118.073 
-0.366094 0.0162399 -0.930436 -114.142 0.00266669 0.999862 0.0164024 -1.05212 0.930574 0.00352368 -0.366087 117.866 
