1 2.12261e-08 -2.11895e-08 -2.45724e-15 2.12261e-08 1 2.10703e-08 -1.11022e-15 -2.11895e-08 2.10703e-08 1 -2.77556e-14 
0.999996 0.00278325 9.10905e-05 -0.0119815 -0.00278334 0.999995 0.0015195 -0.0172552 -8.69034e-05 -0.0015197 0.999999 0.786817 
0.999985 0.00549234 -0.000128972 -0.0186904 -0.00549205 0.999983 0.00184735 -0.032807 0.000139074 -0.00184657 0.999998 1.56453 
0.999976 0.00688847 0.000213064 -0.0313462 -0.00688872 0.999975 0.00143544 -0.0475345 -0.000203214 -0.00143683 0.999999 2.31821 
0.999961 0.00881573 0.000380664 -0.0483571 -0.00881611 0.999961 0.00112585 -0.0628811 -0.000370766 -0.00112912 0.999999 3.05318 
0.999961 0.0088086 0.000785101 -0.0650504 -0.00880928 0.999961 0.000924149 -0.0778216 -0.000776973 -0.000930987 0.999999 3.77261 
0.99996 0.00886378 0.00120176 -0.0841858 -0.00886596 0.999959 0.00186147 -0.0923289 -0.00118525 -0.00187201 0.999998 4.48113 
0.999953 0.00954787 0.00181607 -0.0995363 -0.00955611 0.999944 0.00460612 -0.104954 -0.00177203 -0.00462322 0.999988 5.17237 
0.999952 0.00929386 0.00306643 -0.105677 -0.00931983 0.99992 0.008579 -0.114821 -0.00298649 -0.00860713 0.999959 5.84484 
0.999955 0.00853321 0.00416762 -0.108617 -0.00858278 0.999891 0.0120363 -0.122678 -0.0040645 -0.0120714 0.999919 6.49517 
0.999958 0.00764502 0.00498652 -0.110026 -0.0077151 0.999869 0.0141977 -0.130714 -0.00487737 -0.0142355 0.999887 7.11997 
0.999949 0.00813177 0.00601208 -0.114304 -0.00821505 0.999869 0.0139675 -0.139105 -0.00589775 -0.0140161 0.999884 7.71781 
0.999935 0.00901582 0.00694318 -0.117913 -0.00909421 0.999894 0.0113494 -0.148753 -0.00684017 -0.0114118 0.999912 8.28561 
0.99993 0.00902867 0.0076969 -0.119356 -0.00909343 0.999923 0.00842538 -0.153548 -0.00762028 -0.00849474 0.999935 8.82692 
0.999931 0.00729692 0.0092412 -0.118938 -0.00736064 0.999949 0.00688469 -0.156724 -0.00919054 -0.00695219 0.999934 9.34005 
0.999934 0.00347743 0.0109681 -0.11333 -0.00352706 0.999984 0.00451245 -0.163894 -0.0109523 -0.0045508 0.99993 9.82144 
0.999917 0.00170576 0.012808 -0.110083 -0.00174867 0.999993 0.00334335 -0.172895 -0.0128022 -0.00336542 0.999912 10.271 
0.999872 0.00590627 0.0148906 -0.117363 -0.0059268 0.999982 0.00133783 -0.183568 -0.0148825 -0.00142587 0.999888 10.6881 
0.999788 0.0102201 0.017897 -0.121984 -0.0102309 0.999948 0.000512644 -0.192884 -0.0178909 -0.000695595 0.99984 11.0778 
0.999716 0.0107485 0.0212934 -0.119773 -0.0107835 0.999941 0.00153513 -0.199412 -0.0212757 -0.00176427 0.999772 11.4371 
0.99968 0.00663854 0.0243967 -0.109621 -0.0066895 0.999976 0.00200925 -0.2042 -0.0243828 -0.00217177 0.9997 11.7618 
0.999636 0.00183588 0.0269307 -0.0966549 -0.00188496 0.999997 0.00179892 -0.206744 -0.0269274 -0.00184899 0.999636 12.0556 
0.999566 -0.00162407 0.0294008 -0.0873324 0.00153306 0.999994 0.00311947 -0.211775 -0.0294057 -0.003073 0.999563 12.3201 
0.999484 -0.00189005 0.0320743 -0.0833648 0.00175664 0.99999 0.00418826 -0.218152 -0.032082 -0.00412971 0.999477 12.5536 
0.999412 -0.00110134 0.0342705 -0.080616 0.000991625 0.999994 0.0032194 -0.222538 -0.0342739 -0.00318348 0.999407 12.7609 
0.999335 -6.31621e-05 0.0364646 -0.0772413 -8.52581e-07 0.999998 0.0017567 -0.226737 -0.0364647 -0.00175552 0.999333 12.9489 
0.999235 0.00210023 0.0390617 -0.0760827 -0.00214043 0.999997 0.000988462 -0.232332 -0.0390596 -0.00107127 0.999236 13.1227 
0.999159 0.00484674 0.0407163 -0.0754872 -0.00486637 0.999988 0.000383968 -0.239874 -0.040714 -0.000581744 0.999171 13.2892 
0.999093 0.00616083 0.0421442 -0.0726095 -0.00612428 0.999981 -0.000995263 -0.246445 -0.0421495 0.000736298 0.999111 13.4471 
0.999015 0.00530528 0.0440642 -0.0655314 -0.00519007 0.999983 -0.00272775 -0.250691 -0.044078 0.00249641 0.999025 13.5992 
0.998954 0.00398202 0.0455519 -0.0574454 -0.00379428 0.999984 -0.00420623 -0.253422 -0.045568 0.00402903 0.998953 13.7457 
0.9989 0.00322662 0.0467709 -0.0508542 -0.00298359 0.999982 -0.00526414 -0.2563 -0.0467871 0.00511885 0.998892 13.8844 
0.998825 0.00390935 0.0483013 -0.0463035 -0.00359293 0.999972 -0.00663516 -0.259779 -0.0483259 0.00645386 0.998811 14.0168 
0.998759 0.00485602 0.0495591 -0.0423912 -0.00442801 0.999952 -0.00874152 -0.263412 -0.0495992 0.00851127 0.998733 14.1437 
0.998715 0.00492511 0.0504318 -0.0374758 -0.00438087 0.999931 -0.0108956 -0.267077 -0.0504821 0.0106607 0.998668 14.2675 
0.99868 0.00405696 0.0512066 -0.0318991 -0.0033843 0.999907 -0.0132151 -0.270651 -0.0512555 0.0130244 0.998601 14.392 
0.99871 0.00305728 0.0506849 -0.0261954 -0.00229697 0.999884 -0.0150514 -0.274246 -0.0507251 0.0149156 0.998601 14.5188 
0.998815 0.00258923 0.0486026 -0.0223694 -0.00180245 0.999867 -0.016224 -0.277375 -0.0486382 0.0161172 0.998686 14.6463 
0.998957 0.00264925 0.0455817 -0.0203828 -0.00186999 0.999852 -0.0171291 -0.281251 -0.0456204 0.017026 0.998814 14.7752 
0.999134 0.00308403 0.0414908 -0.021722 -0.00232512 0.999829 -0.0183258 -0.285466 -0.0415403 0.0182135 0.998971 14.9033 
0.999354 0.00330169 0.0357761 -0.0246658 -0.00260749 0.999808 -0.0194322 -0.288677 -0.0358334 0.0193264 0.999171 15.0303 
0.99957 0.00322397 0.0291371 -0.0288516 -0.00263626 0.999793 -0.0201847 -0.290919 -0.0291961 0.0200993 0.999372 15.1582 
0.999753 0.00327597 0.021994 -0.0353781 -0.0028151 0.999777 -0.0209504 -0.294005 -0.0220578 0.0208833 0.999539 15.288 
0.999898 0.00318656 0.0138956 -0.0434407 -0.0028811 0.999755 -0.0219438 -0.296496 -0.0139621 0.0219016 0.999663 15.4217 
0.999991 0.00196194 0.00377547 -0.0523188 -0.00187391 0.99973 -0.0231683 -0.299423 -0.00381995 0.0231611 0.999724 15.5629 
0.999958 0.000317459 -0.0091785 -0.0659771 -0.000544615 0.999693 -0.0247615 -0.30347 0.00916778 0.0247655 0.999651 15.7093 
0.999678 -0.000437346 -0.0253674 -0.0875235 -0.000238939 0.999645 -0.0266521 -0.307266 0.0253701 0.0266496 0.999323 15.8688 
0.999003 -0.000131681 -0.0446372 -0.116777 -0.00109982 0.999619 -0.0275644 -0.312644 0.0446238 0.0275861 0.998623 16.0452 
0.997792 0.00060661 -0.0664215 -0.154134 -0.00241534 0.999628 -0.0271548 -0.317996 0.0663803 0.0272553 0.997422 16.2391 
0.99593 0.00117943 -0.0901213 -0.199238 -0.00351433 0.999662 -0.0257545 -0.324017 0.0900605 0.0259664 0.995598 16.4502 
0.993139 0.00204738 -0.116919 -0.254423 -0.00491367 0.999694 -0.0242326 -0.331649 0.116833 0.0246409 0.992846 16.6754 
0.989116 0.00304947 -0.147108 -0.32279 -0.00637512 0.999735 -0.022141 -0.338825 0.147001 0.0228379 0.988873 16.9148 
0.983591 0.00305268 -0.180386 -0.400495 -0.00652804 0.999804 -0.0186759 -0.345334 0.180293 0.0195471 0.983419 17.1694 
0.976083 0.00392453 -0.217361 -0.495179 -0.00730101 0.999865 -0.0147332 -0.349526 0.217274 0.0159679 0.97598 17.4377 
0.966309 0.0055377 -0.257325 -0.607417 -0.00824689 0.999921 -0.0094504 -0.3524 0.257252 0.0112542 0.966279 17.7166 
0.95419 0.00930352 -0.299058 -0.734253 -0.0112 0.999927 -0.00462812 -0.356407 0.298993 0.00776559 0.954224 17.9956 
0.93983 0.0127341 -0.341406 -0.878774 -0.0136426 0.999907 -0.000260192 -0.359867 0.341371 0.00490224 0.939916 18.2809 
0.922832 0.0150988 -0.384906 -1.03796 -0.0141039 0.999886 0.005408 -0.364614 0.384944 0.000438037 0.92294 18.5726 
0.903203 0.0182686 -0.428825 -1.21594 -0.0140579 0.999817 0.0129846 -0.368379 0.428984 -0.0056993 0.903294 18.8696 
0.880929 0.0223869 -0.472718 -1.41691 -0.0149034 0.999697 0.0195702 -0.369397 0.473013 -0.0101948 0.880997 19.1687 
0.855537 0.0272501 -0.517024 -1.64146 -0.0173025 0.999561 0.0240516 -0.368913 0.517453 -0.0116311 0.855633 19.4652 
0.826908 0.0302022 -0.561525 -1.88473 -0.018006 0.999467 0.0272415 -0.365107 0.562049 -0.0124153 0.827011 19.7591 
0.79527 0.0335775 -0.605325 -2.15208 -0.0203731 0.999381 0.0286699 -0.356747 0.605913 -0.0104679 0.795462 20.0512 
0.760591 0.0359244 -0.648237 -2.4441 -0.0205878 0.9993 0.0312237 -0.345026 0.648905 -0.0104026 0.760799 20.3427 
0.722705 0.039632 -0.69002 -2.76229 -0.0215412 0.999161 0.0348264 -0.330278 0.690821 -0.0103053 0.722952 20.6275 
0.682972 0.040728 -0.729308 -3.10847 -0.019241 0.999101 0.0377759 -0.316161 0.730191 -0.0117672 0.683142 20.9027 
0.641356 0.0405696 -0.76617 -3.48224 -0.0164867 0.999099 0.0391026 -0.303664 0.767067 -0.012447 0.641447 21.1721 
0.598066 0.0394176 -0.800477 -3.88123 -0.0110628 0.999101 0.040933 -0.289724 0.80137 -0.0156251 0.597964 21.4278 
0.55285 0.0395067 -0.832344 -4.30701 -0.00646404 0.999049 0.0431258 -0.272838 0.833256 -0.0184617 0.552579 21.6697 
0.50563 0.0407082 -0.86179 -4.76127 -0.00459813 0.998999 0.0444917 -0.251137 0.862738 -0.0185337 0.505311 21.8909 
0.455526 0.040128 -0.889318 -5.23966 -0.00343859 0.999055 0.0433183 -0.227953 0.890216 -0.0166745 0.455233 22.0877 
0.402802 0.0389218 -0.914459 -5.74073 0.00154912 0.999065 0.0432052 -0.206057 0.915286 -0.0188197 0.402365 22.2674 
0.34882 0.0380094 -0.936419 -6.26551 0.00662487 0.999052 0.0430194 -0.184898 0.937166 -0.0212096 0.348237 22.426 
0.294492 0.0368256 -0.954944 -6.81498 0.0089357 0.999108 0.0412843 -0.159347 0.955612 -0.0206909 0.2939 22.5558 
0.240784 0.0424234 -0.969651 -7.39268 0.00955053 0.998892 0.0460744 -0.131282 0.970532 -0.0203546 0.240112 22.6578 
0.189035 0.0473798 -0.980827 -7.99188 0.0119487 0.99865 0.0505437 -0.105593 0.981898 -0.0212741 0.188213 22.7323 
0.140425 0.0487547 -0.98889 -8.61005 0.0173299 0.998513 0.05169 -0.0816955 0.98994 -0.0243959 0.139371 22.7894 
0.0958166 0.050147 -0.994135 -9.2479 0.0198488 0.998435 0.052277 -0.0620812 0.995201 -0.0247414 0.0946713 22.8199 
0.0552477 0.0483307 -0.997302 -9.89573 0.0196526 0.998582 0.0494814 -0.0364976 0.998279 -0.0223332 0.0542195 22.8223 
0.0194949 0.0438661 -0.998847 -10.558 0.0170517 0.998877 0.0442002 -0.00429144 0.999665 -0.0178937 0.018725 22.8003 
-0.00902749 0.0436932 -0.999004 -11.2428 0.0147619 0.998942 0.0435571 0.0271704 0.99985 -0.014354 -0.00966294 22.7616 
-0.0300584 0.0477915 -0.998405 -11.9531 0.0134574 0.998785 0.0474045 0.0553952 0.999458 -0.012011 -0.030665 22.7136 
-0.0429261 0.0536802 -0.997635 -12.6835 0.0148569 0.998479 0.0530863 0.085062 0.998968 -0.012543 -0.0436583 22.6615 
-0.0509537 0.0563159 -0.997112 -13.4307 0.0144545 0.998346 0.055647 0.114571 0.998596 -0.0115773 -0.0516834 22.605 
-0.0547352 0.0536181 -0.99706 -14.195 0.0155213 0.998482 0.0528425 0.144547 0.99838 -0.0125833 -0.0554844 22.5473 
-0.0540173 0.0498644 -0.997294 -14.9779 0.0229624 0.99855 0.0486834 0.179549 0.998276 -0.0202705 -0.055084 22.4997 
-0.0498439 0.0484368 -0.997582 -15.7811 0.034721 0.998304 0.046737 0.22024 0.998153 -0.0323074 -0.0514411 22.466 
-0.0444617 0.0485647 -0.99783 -16.6103 0.0351751 0.998275 0.047019 0.254003 0.998392 -0.0330082 -0.0460933 22.4232 
-0.0393193 0.0470211 -0.99812 -17.4619 0.0333481 0.998398 0.0457205 0.280997 0.99867 -0.0314877 -0.0408244 22.3726 
-0.0361155 0.0407607 -0.998516 -18.3258 0.0368943 0.998541 0.0394273 0.312942 0.998666 -0.0354156 -0.0375666 22.3361 
-0.0339478 0.0299427 -0.998975 -19.1955 0.0347067 0.998984 0.0287635 0.338863 0.998821 -0.0336947 -0.0349525 22.2914 
-0.0332695 0.0214272 -0.999217 -20.0954 0.0271519 0.999421 0.0205275 0.357791 0.999078 -0.0264476 -0.033832 22.2309 
-0.0344981 0.0184763 -0.999234 -21.0182 0.0214276 0.999613 0.0177435 0.377935 0.999175 -0.020799 -0.0348807 22.1718 
-0.0379353 0.024235 -0.998986 -21.9647 0.0122574 0.999642 0.0237855 0.392176 0.999205 -0.0113426 -0.0382188 22.102 
-0.0429332 0.0322747 -0.998557 -22.9474 0.00742668 0.999461 0.0319846 0.412037 0.99905 -0.00604272 -0.0431497 22.0278 
-0.0475441 0.0416574 -0.998 -23.9604 0.00583544 0.999125 0.0414263 0.444097 0.998852 -0.00385416 -0.0477456 21.957 
-0.0490942 0.0516047 -0.99746 -24.9812 0.00449548 0.998666 0.0514459 0.482042 0.998784 -0.00195833 -0.0492607 21.8857 
-0.0501361 0.0593908 -0.996975 -26.004 0.0063774 0.998229 0.0591448 0.522157 0.998722 -0.00339278 -0.050426 21.8191 
-0.0516591 0.0602018 -0.996849 -27.0234 0.00735872 0.998177 0.0599007 0.568905 0.998638 -0.00424107 -0.052008 21.7513 
-0.0535316 0.0574302 -0.996913 -28.0437 0.00627921 0.998344 0.0571754 0.61458 0.998546 -0.0031991 -0.0538036 21.6803 
-0.0563797 0.0524028 -0.997033 -29.058 0.00601652 0.998621 0.0521461 0.655033 0.998391 -0.00305865 -0.0566172 21.6038 
-0.061105 0.0472187 -0.997014 -30.0751 0.00613687 0.998879 0.0469309 0.690906 0.998113 -0.00325079 -0.0613263 21.5227 
-0.0667552 0.0426143 -0.996859 -31.0952 0.00630393 0.999086 0.0422873 0.724332 0.99775 -0.00346119 -0.0669628 21.4371 
-0.0738981 0.0406197 -0.996438 -32.1288 0.00539428 0.999172 0.040331 0.756023 0.997251 -0.00239464 -0.074056 21.3386 
-0.0804026 0.0430806 -0.995831 -33.1882 0.0056229 0.999069 0.0427667 0.788173 0.996747 -0.00216086 -0.0805701 21.2291 
-0.0866784 0.0479937 -0.99508 -34.2555 0.00422608 0.998848 0.0478073 0.82017 0.996227 -6.13902e-05 -0.0867813 21.1133 
-0.0927747 0.0507656 -0.994392 -35.3249 0.00152039 0.998705 0.050844 0.856331 0.995686 0.0032052 -0.0927318 20.988 
-0.0974309 0.0529751 -0.993831 -36.3958 -0.00160343 0.998573 0.053385 0.896676 0.995241 0.00679493 -0.0972069 20.8583 
-0.100126 0.0542484 -0.993495 -37.4682 -0.00601031 0.998461 0.0551254 0.937652 0.994957 0.0114908 -0.0996463 20.7243 
-0.101861 0.0553949 -0.993255 -38.5483 -0.00990133 0.998343 0.0566941 0.98133 0.994749 0.0156095 -0.101143 20.5871 
-0.103402 0.0548593 -0.993126 -39.633 -0.0113316 0.998348 0.0563276 1.0265 0.994575 0.0170781 -0.10261 20.4507 
-0.104838 0.0539209 -0.993027 -40.7182 -0.011785 0.998392 0.0554564 1.07302 0.99442 0.0175168 -0.104033 20.3135 
-0.105965 0.0531285 -0.99295 -41.8062 -0.0130086 0.998412 0.054809 1.11791 0.994285 0.0187247 -0.105106 20.1744 
-0.106901 0.0521317 -0.992902 -42.8977 -0.0152004 0.998422 0.0540581 1.16146 0.994153 0.0208714 -0.10594 20.0327 
-0.107679 0.0495283 -0.992951 -43.9863 -0.0196589 0.998457 0.0519348 1.20262 0.993991 0.0251126 -0.106539 19.8888 
-0.108059 0.0444957 -0.993148 -45.0769 -0.0248888 0.998564 0.0474463 1.24081 0.993833 0.0298453 -0.106797 19.7433 
-0.107395 0.0437328 -0.993254 -46.1796 -0.0263657 0.998556 0.046817 1.28302 0.993867 0.0312158 -0.106087 19.6037 
-0.105853 0.0478552 -0.99323 -47.2934 -0.0271761 0.998329 0.0509972 1.32384 0.99401 0.0323903 -0.104376 19.4621 
-0.103927 0.0508981 -0.993282 -48.4124 -0.027244 0.998169 0.0539991 1.36627 0.994212 0.032673 -0.10235 19.3229 
-0.102518 0.0505652 -0.993445 -49.5226 -0.0252689 0.998253 0.0534175 1.4129 0.99441 0.0305796 -0.101061 19.1915 
-0.100068 0.0497804 -0.993735 -50.6387 -0.0249141 0.998309 0.0525184 1.45594 0.994669 0.0300135 -0.0986586 19.0593 
-0.0959224 0.0501688 -0.994124 -51.7729 -0.0293127 0.998154 0.0532005 1.50051 0.994957 0.0342436 -0.0942747 18.9192 
-0.0900501 0.0509443 -0.994633 -52.9054 -0.0342551 0.997942 0.0542151 1.54427 0.995348 0.0389533 -0.0881197 18.7869 
-0.0842018 0.0504272 -0.995172 -54.0389 -0.0379706 0.997831 0.0537746 1.59038 0.995725 0.0423152 -0.0821044 18.6635 
-0.0784334 0.0495457 -0.995687 -55.1811 -0.0394378 0.997828 0.0527589 1.63748 0.996139 0.0434059 -0.0763091 18.5503 
-0.0725968 0.0487352 -0.99617 -56.3243 -0.0389709 0.997904 0.0516601 1.68195 0.9966 0.042572 -0.0705454 18.4441 
-0.0675998 0.0486288 -0.996527 -57.4634 -0.0370954 0.997998 0.051217 1.72409 0.997023 0.0404288 -0.0656606 18.3531 
-0.0619322 0.0492048 -0.996867 -58.6105 -0.0361876 0.998017 0.0515098 1.76806 0.997424 0.0392643 -0.0600288 18.2594 
-0.0561356 0.0507474 -0.997133 -59.769 -0.0352607 0.997984 0.0527758 1.8138 0.9978 0.0381222 -0.0542331 18.1716 
-0.0503931 0.0518968 -0.99738 -60.9313 -0.0360536 0.997904 0.0537457 1.86032 0.998079 0.0386676 -0.0484164 18.0888 
-0.0450329 0.051149 -0.997675 -62.0964 -0.0356379 0.99797 0.0527728 1.90529 0.99835 0.0379316 -0.0431187 18.0151 
-0.0398016 0.0463863 -0.99813 -63.2669 -0.0359218 0.99821 0.0478224 1.95105 0.998562 0.0377581 -0.0380641 17.9419 
-0.0349132 0.0410492 -0.998547 -64.4352 -0.0357894 0.998464 0.0422971 1.99035 0.998749 0.0372141 -0.0333905 17.8739 
-0.0307359 0.0403537 -0.998713 -65.6082 -0.0358034 0.998499 0.0414469 2.02847 0.998886 0.0370312 -0.029245 17.8093 
-0.0274643 0.0427609 -0.998708 -66.7857 -0.0350085 0.998431 0.0437118 2.06121 0.99901 0.0361639 -0.0259242 17.7539 
-0.0253079 0.0421473 -0.998791 -67.9606 -0.0352934 0.99845 0.0430272 2.09895 0.999057 0.0363397 -0.0237812 17.6989 
-0.0240396 0.041763 -0.998838 -69.1389 -0.0371314 0.9984 0.0426383 2.1373 0.999021 0.0381133 -0.0224504 17.6408 
-0.0229613 0.0425324 -0.998831 -70.3231 -0.038336 0.998322 0.043392 2.17266 0.999001 0.0392876 -0.0212922 17.5854 
-0.0215755 0.0420353 -0.998883 -71.5064 -0.0390765 0.998317 0.0428555 2.20658 0.999003 0.0399575 -0.0198966 17.5337 
-0.0201441 0.0398637 -0.999002 -72.6947 -0.0396971 0.998385 0.0406396 2.24211 0.999009 0.0404762 -0.0185291 17.4838 
-0.0192145 0.0385411 -0.999072 -73.8924 -0.0380272 0.998506 0.0392506 2.27455 0.999092 0.0387461 -0.0177202 17.4385 
-0.0183699 0.0383657 -0.999095 -75.0851 -0.0348673 0.998631 0.038989 2.30508 0.999223 0.035552 -0.017007 17.396 
-0.0181365 0.0391115 -0.99907 -76.2707 -0.0326272 0.998679 0.0396885 2.33461 0.999303 0.0333168 -0.0168364 17.3573 
-0.0180272 0.0418143 -0.998963 -77.4609 -0.0323352 0.998578 0.0423818 2.36523 0.999315 0.0330657 -0.0166494 17.315 
-0.017601 0.0453174 -0.998818 -78.6544 -0.0346247 0.998346 0.0459061 2.39685 0.999245 0.0353918 -0.0160028 17.2733 
-0.0168579 0.0451377 -0.998839 -79.8418 -0.0369464 0.99827 0.0457356 2.4308 0.999175 0.0376745 -0.0151611 17.2293 
-0.016532 0.0428481 -0.998945 -81.0357 -0.0381541 0.998327 0.043453 2.46831 0.999135 0.0388323 -0.0148695 17.1863 
-0.0162124 0.0402894 -0.999057 -82.2308 -0.0378788 0.998446 0.0408795 2.50264 0.999151 0.0385059 -0.014661 17.1472 
-0.0162368 0.0395676 -0.999085 -83.4195 -0.0357182 0.998556 0.0401271 2.53313 0.99923 0.0363371 -0.0148001 17.1143 
-0.0163069 0.0411285 -0.999021 -84.5969 -0.0342482 0.998544 0.0416679 2.56117 0.99928 0.0348941 -0.0148746 17.0801 
-0.0161438 0.043944 -0.998904 -85.7776 -0.0336779 0.998443 0.044468 2.59018 0.999302 0.0343589 -0.0146387 17.0445 
-0.0156154 0.0462517 -0.998808 -86.9587 -0.0342125 0.99832 0.046764 2.62146 0.999293 0.034902 -0.0140067 17.007 
-0.0156582 0.0464201 -0.998799 -88.1399 -0.0354813 0.998267 0.0469516 2.65485 0.999248 0.036174 -0.013984 16.9677 
-0.0154705 0.0442748 -0.9989 -89.3205 -0.034859 0.998388 0.044792 2.68877 0.999273 0.0355136 -0.0139022 16.9321 
-0.0153828 0.0428363 -0.998964 -90.4956 -0.0331646 0.99851 0.0433275 2.72332 0.999332 0.0337968 -0.0139392 16.9004 
-0.0156866 0.0438153 -0.998917 -91.6753 -0.0314888 0.998522 0.0442925 2.75526 0.999381 0.0321495 -0.0142837 16.8686 
-0.0156519 0.0466539 -0.998789 -92.865 -0.0290785 0.998467 0.0470945 2.79049 0.999455 0.0297804 -0.0142713 16.8342 
-0.0156584 0.0490709 -0.998673 -94.0619 -0.0277993 0.998388 0.0494928 2.82979 0.999491 0.0285374 -0.014269 16.7956 
-0.0151912 0.0506968 -0.998599 -95.2468 -0.0283032 0.998292 0.0511118 2.8716 0.999484 0.02904 -0.0137304 16.7552 
-0.0149776 0.0524868 -0.998509 -96.4199 -0.030736 0.998125 0.0529276 2.91285 0.999415 0.0314829 -0.0133363 16.7132 
-0.0146996 0.051577 -0.998561 -97.5866 -0.0327581 0.998108 0.0520359 2.95204 0.999355 0.0334759 -0.0129822 16.6726 
-0.0150285 0.0475494 -0.998756 -98.7503 -0.0349871 0.998232 0.0480509 2.98984 0.999275 0.0356657 -0.0133383 16.6338 
-0.014911 0.0457836 -0.99884 -99.9178 -0.0360456 0.998277 0.0462959 3.02736 0.999239 0.0366941 -0.013235 16.5987 
-0.0149433 0.0441232 -0.998914 -101.077 -0.0358995 0.998358 0.0446357 3.0626 0.999244 0.0365275 -0.0133347 16.5636 
-0.014941 0.0443758 -0.998903 -102.231 -0.0344653 0.998398 0.0448689 3.09817 0.999294 0.0350979 -0.0133876 16.5316 
-0.0151694 0.0464028 -0.998808 -103.385 -0.0345379 0.998302 0.0469038 3.13325 0.999288 0.0352083 -0.013541 16.496 
-0.0152502 0.048549 -0.998704 -104.547 -0.0332043 0.998245 0.0490337 3.16865 0.999332 0.0339091 -0.0136114 16.4621 
-0.0159126 0.0474266 -0.998748 -105.714 -0.0368552 0.998168 0.0479862 3.20973 0.999194 0.0375727 -0.0141356 16.4209 
-0.0161019 0.048497 -0.998694 -106.881 -0.0409933 0.997951 0.0491219 3.25023 0.99903 0.0417307 -0.0140808 16.3761 
-0.0164778 0.047526 -0.998734 -108.049 -0.0442467 0.997857 0.0482142 3.29017 0.998885 0.0449852 -0.0143396 16.3309 
-0.0168096 0.0436479 -0.998906 -109.222 -0.0449835 0.998002 0.0443654 3.3275 0.998846 0.0456801 -0.0148126 16.2891 
-0.0175415 0.0396136 -0.999061 -110.403 -0.0449855 0.998172 0.0403682 3.36499 0.998834 0.0456514 -0.0157274 16.2465 
-0.018673 0.0386815 -0.999077 -111.601 -0.0412275 0.998372 0.0394247 3.39918 0.998975 0.0419257 -0.0170479 16.2072 
-0.0190994 0.038077 -0.999092 -112.817 -0.0367343 0.998573 0.0387595 3.43269 0.999143 0.0374413 -0.0176734 16.166 
-0.0195742 0.0398553 -0.999014 -114.04 -0.0359225 0.998532 0.0405399 3.469 0.999163 0.0366807 -0.0181138 16.1205 
-0.020461 0.0438841 -0.998827 -115.268 -0.0349641 0.998394 0.0445813 3.50377 0.999179 0.0358353 -0.0188938 16.0751 
-0.0210285 0.0440525 -0.998808 -116.506 -0.0333754 0.998441 0.044739 3.54075 0.999222 0.0342765 -0.0195255 16.0287 
-0.0215511 0.0396488 -0.998981 -117.752 -0.0333997 0.998627 0.0403553 3.5803 0.99921 0.0342354 -0.0201972 15.9778 
-0.0222134 0.0358675 -0.99911 -119.011 -0.0337159 0.998761 0.0366046 3.61732 0.999185 0.034499 -0.0209765 15.9213 
-0.0228516 0.0344714 -0.999144 -120.263 -0.0329501 0.998836 0.0352144 3.64783 0.999196 0.0337266 -0.0216892 15.8665 
-0.0234136 0.0357101 -0.999088 -121.52 -0.0349382 0.998722 0.0365158 3.67892 0.999115 0.0357614 -0.022136 15.8085 
-0.0238613 0.0401446 -0.998909 -122.793 -0.0397538 0.998365 0.0410724 3.71353 0.998925 0.0406905 -0.0222264 15.7474 
-0.0239721 0.0432556 -0.998776 -124.069 -0.0452279 0.997994 0.0443073 3.74991 0.998689 0.0462347 -0.0219677 15.6824 
-0.023905 0.0428722 -0.998795 -125.337 -0.0526299 0.997641 0.0440823 3.78955 0.998328 0.0536203 -0.0215922 15.6131 
-0.0234776 0.0407672 -0.998893 -126.61 -0.0559455 0.997549 0.0420272 3.82698 0.998158 0.0568703 -0.0211393 15.5477 
-0.0238052 0.0394579 -0.998938 -127.887 -0.0581181 0.997476 0.0407851 3.86199 0.998026 0.0590273 -0.0214519 15.4862 
-0.0244359 0.0389536 -0.998942 -129.154 -0.0582692 0.997486 0.0403222 3.89118 0.998002 0.0591929 -0.0221047 15.4306 
-0.0248298 0.0381541 -0.998963 -130.424 -0.0560265 0.997648 0.0394964 3.92138 0.998121 0.0569492 -0.0226338 15.3747 
-0.0251924 0.0387771 -0.99893 -131.688 -0.0560282 0.997622 0.0401393 3.95348 0.998111 0.0569795 -0.0229599 15.3166 
-0.0257839 0.0438919 -0.998704 -132.964 -0.055879 0.99741 0.0452777 3.98805 0.998105 0.056974 -0.0232645 15.2559 
-0.0262507 0.0480506 -0.9985 -134.237 -0.0547082 0.997278 0.0494301 4.02575 0.998157 0.0559237 -0.0235505 15.1972 
-0.0260703 0.0466229 -0.998572 -135.503 -0.0553066 0.997315 0.0480081 4.06939 0.998129 0.0564792 -0.0234218 15.1373 
-0.0251466 0.0452368 -0.99866 -136.766 -0.0552304 0.997387 0.0465699 4.11215 0.998157 0.0563275 -0.0225824 15.0773 
-0.023706 0.0446296 -0.998722 -138.027 -0.0544281 0.997464 0.0458653 4.15065 0.998236 0.0554459 -0.0212167 15.0189 
-0.02249 0.0438863 -0.998783 -139.286 -0.0547597 0.997482 0.0450622 4.19006 0.998246 0.0557066 -0.0200302 14.9609 
-0.021852 0.0459568 -0.998704 -140.538 -0.0548578 0.997383 0.0470963 4.2276 0.998255 0.0558159 -0.0192737 14.9117 
-0.0210992 0.0496295 -0.998545 -141.796 -0.0558943 0.997147 0.050741 4.26781 0.998214 0.0568836 -0.018265 14.864 
-0.0197202 0.0506316 -0.998523 -143.062 -0.0576377 0.996998 0.0516926 4.31171 0.998143 0.058572 -0.0167427 14.8149 
-0.0186733 0.0478021 -0.998682 -144.317 -0.0598052 0.997015 0.0488405 4.35381 0.998035 0.0606385 -0.0157587 14.7631 
-0.0186099 0.0447568 -0.998825 -145.572 -0.0585399 0.997235 0.0457763 4.39459 0.998112 0.059323 -0.0159384 14.716 
-0.018366 0.0431759 -0.998899 -146.824 -0.0557751 0.997467 0.0441395 4.43153 0.998274 0.0565243 -0.0159114 14.6705 
-0.0186139 0.0426898 -0.998915 -148.067 -0.0543081 0.99757 0.0436443 4.46452 0.998351 0.0550616 -0.0162502 14.6261 
-0.0189553 0.0429429 -0.998898 -149.312 -0.0517632 0.997695 0.0438735 4.49843 0.99848 0.0525378 -0.0166888 14.5856 
-0.0191488 0.041593 -0.998951 -150.556 -0.0497605 0.997857 0.0425013 4.53085 0.998578 0.0505222 -0.0170381 14.5416 
-0.0190771 0.0417463 -0.998946 -151.802 -0.0490047 0.997888 0.0426379 4.56552 0.998616 0.0497665 -0.0169911 14.4968 
-0.0191034 0.0445349 -0.998825 -153.046 -0.0465702 0.997884 0.0453836 4.59988 0.998732 0.0473825 -0.0169889 14.4515 
-0.0190553 0.0459608 -0.998762 -154.285 -0.0441008 0.997932 0.046764 4.63519 0.998845 0.0449373 -0.016989 14.4069 
-0.0191502 0.044557 -0.998823 -155.52 -0.0420432 0.998087 0.0453302 4.67198 0.998932 0.0428618 -0.0172402 14.3639 
-0.0198525 0.0447286 -0.998802 -156.766 -0.0433327 0.998022 0.0455549 4.71083 0.998863 0.0441852 -0.017875 14.3194 
-0.0199008 0.0493882 -0.998581 -158.02 -0.0442882 0.997755 0.0502299 4.75276 0.998821 0.045225 -0.0176688 14.2755 
-0.0194637 0.0558091 -0.998252 -159.26 -0.0493275 0.997171 0.0567104 4.79699 0.998593 0.0503451 -0.0166557 14.2267 
-0.018585 0.0557906 -0.99827 -160.504 -0.0539432 0.996932 0.0567201 4.84804 0.998371 0.0549041 -0.0155184 14.1764 
-0.0171766 0.0517271 -0.998514 -161.761 -0.0579491 0.996931 0.0526419 4.9034 0.998172 0.0587672 -0.0141263 14.1264 
-0.0154256 0.0460275 -0.998821 -163.031 -0.0601151 0.99709 0.0468761 4.95539 0.998072 0.0607673 -0.0126138 14.0826 
-0.0142427 0.0441662 -0.998923 -164.291 -0.0628405 0.99701 0.0449776 4.99994 0.997922 0.0634134 -0.0114247 14.0333 
-0.0126822 0.0411873 -0.999071 -165.535 -0.0577895 0.997451 0.0418541 5.03519 0.998248 0.0582667 -0.0102697 13.9955 
-0.0125801 0.0367146 -0.999247 -166.762 -0.0546202 0.997808 0.0373494 5.06976 0.998428 0.0550489 -0.0105472 13.9603 
-0.0130342 0.0336049 -0.99935 -167.989 -0.0483985 0.998243 0.0341989 5.0962 0.998743 0.0488129 -0.0113848 13.9298 
-0.0141739 0.0364525 -0.999235 -169.231 -0.046138 0.998247 0.0370709 5.12731 0.998835 0.0466281 -0.0124672 13.8962 
-0.0133542 0.0427634 -0.998996 -170.494 -0.0468249 0.997962 0.0433451 5.16116 0.998814 0.0473568 -0.0113246 13.8583 
-0.0117404 0.0457518 -0.998884 -171.725 -0.0485107 0.99775 0.04627 5.19814 0.998754 0.0489998 -0.00949452 13.8191 
-0.00989824 0.0424876 -0.999048 -172.95 -0.0496495 0.997844 0.0429283 5.23508 0.998718 0.0500272 -0.00776741 13.7815 
-0.00928419 0.0424318 -0.999056 -174.182 -0.051988 0.997728 0.0428585 5.27183 0.998605 0.0523369 -0.00705715 13.7457 
-0.00841544 0.0435976 -0.999014 -175.411 -0.050062 0.997778 0.0439653 5.30311 0.998711 0.0503827 -0.00621416 13.7156 
-0.0080234 0.0416986 -0.999098 -176.618 -0.0502016 0.997854 0.0420498 5.3337 0.998707 0.0504938 -0.00591284 13.686 
-0.00650431 0.0402556 -0.999168 -177.806 -0.0503465 0.997909 0.0405326 5.36211 0.998711 0.0505683 -0.00446398 13.6595 
-0.00480938 0.0420943 -0.999102 -178.981 -0.0518388 0.99776 0.0422873 5.38775 0.998644 0.0519957 -0.00261648 13.6284 
-0.0034142 0.0440506 -0.999024 -180.13 -0.0517226 0.997684 0.0441684 5.40967 0.998656 0.0518229 -0.00112788 13.6007 
-0.00295761 0.0455161 -0.998959 -181.244 -0.0525372 0.997577 0.0456086 5.43191 0.998615 0.0526175 -0.000559156 13.5742 
-0.00270874 0.0466576 -0.998907 -182.338 -0.0528658 0.997507 0.0467356 5.45782 0.998598 0.0529347 -0.000235395 13.5465 
-0.00275126 0.047572 -0.998864 -183.419 -0.0522136 0.997498 0.0476508 5.48486 0.998632 0.0522854 -0.000260476 13.519 
-0.00215177 0.0466944 -0.998907 -184.463 -0.0523156 0.997536 0.046743 5.51036 0.998628 0.052359 0.000296378 13.4938 
-0.000807143 0.046479 -0.998919 -185.463 -0.0532337 0.997501 0.0464561 5.53633 0.998582 0.0532137 0.00166913 13.474 
0.000507811 0.0472739 -0.998882 -186.43 -0.0539482 0.997429 0.0471777 5.56003 0.998544 0.0538639 0.00305685 13.4565 
-0.000236456 0.0456379 -0.998958 -187.393 -0.052403 0.997585 0.0455876 5.58383 0.998626 0.0523592 0.00215568 13.4373 
-0.00329365 0.0427074 -0.999082 -188.347 -0.0503033 0.997816 0.0428191 5.60561 0.998729 0.0503982 -0.00113813 13.415 
-0.00821272 0.0391166 -0.999201 -189.296 -0.0501097 0.997963 0.03948 5.62726 0.99871 0.050394 -0.00623586 13.3856 
-0.0131248 0.0358915 -0.99927 -190.253 -0.0518704 0.997986 0.0365267 5.65303 0.998568 0.0523119 -0.0112366 13.3522 
-0.0170299 0.0348987 -0.999246 -191.199 -0.0538857 0.997906 0.0357703 5.67626 0.998402 0.0544543 -0.0151137 13.3166 
-0.0199988 0.0355521 -0.999168 -192.14 -0.0555754 0.997783 0.0366152 5.69486 0.998254 0.0562615 -0.0179786 13.2765 
-0.0222453 0.0372814 -0.999057 -193.076 -0.0542702 0.997786 0.0384424 5.71381 0.998279 0.0550743 -0.0201728 13.2419 
-0.0243375 0.0388904 -0.998947 -194.008 -0.0511882 0.997884 0.0400961 5.73255 0.998392 0.0521102 -0.0222953 13.2132 
-0.0264038 0.0393932 -0.998875 -194.932 -0.0494855 0.997947 0.0406647 5.7517 0.998426 0.0505035 -0.0244002 13.1831 
-0.0278973 0.0381964 -0.998881 -195.851 -0.0497286 0.997979 0.0395508 5.77294 0.998373 0.0507764 -0.0259415 13.1459 
-0.0291442 0.0368812 -0.998895 -196.767 -0.0514219 0.997941 0.0383463 5.79437 0.998252 0.0524827 -0.0271876 13.1054 
-0.0291349 0.0361549 -0.998921 -197.682 -0.0549603 0.997776 0.0377165 5.81401 0.998063 0.056 -0.027083 13.0563 
-0.0283645 0.0343689 -0.999007 -198.597 -0.0575165 0.997697 0.0359569 5.83258 0.997942 0.0584793 -0.0263224 13.008 
-0.0273364 0.0317418 -0.999122 -199.511 -0.0577329 0.997777 0.0332787 5.85003 0.997958 0.058592 -0.0254431 12.9621 
-0.0267244 0.029212 -0.999216 -200.429 -0.0574872 0.997874 0.0307103 5.86677 0.997989 0.0582628 -0.0249882 12.9163 
-0.0256895 0.0289039 -0.999252 -201.354 -0.0574446 0.997888 0.0303413 5.88247 0.998018 0.0581811 -0.0239748 12.8667 
-0.0248331 0.0316751 -0.99919 -202.286 -0.0547996 0.997952 0.0329978 5.89928 0.998189 0.0555746 -0.0230465 12.8237 
-0.0245903 0.0330813 -0.99915 -203.224 -0.0542682 0.997935 0.0343767 5.91425 0.998224 0.0550674 -0.0227442 12.7794 
-0.0233224 0.0294997 -0.999293 -204.166 -0.0492825 0.998315 0.0306211 5.929 0.998513 0.0499619 -0.0218293 12.7387 
-0.0228468 0.0262661 -0.999394 -205.106 -0.0478489 0.998481 0.0273359 5.94856 0.998593 0.0484445 -0.0215553 12.7011 
-0.0222781 0.0264601 -0.999402 -206.056 -0.0522306 0.998254 0.027594 5.96797 0.998387 0.0528141 -0.0208571 12.6537 
-0.0206438 0.0303858 -0.999325 -207.02 -0.0534324 0.998076 0.0314516 5.98284 0.998358 0.0540457 -0.0189805 12.6101 
-0.0184101 0.0298901 -0.999384 -207.985 -0.051052 0.998221 0.0307958 6.00151 0.998526 0.0515875 -0.0168514 12.5741 
-0.0161888 0.0310678 -0.999386 -208.958 -0.0497589 0.998254 0.0318386 6.02584 0.99863 0.0502439 -0.0146147 12.541 
-0.0144444 0.0358518 -0.999253 -209.945 -0.0504988 0.998056 0.0365388 6.04721 0.99862 0.0509889 -0.0126059 12.5062 
-0.0128138 0.0399477 -0.99912 -210.941 -0.0475009 0.998049 0.0405141 6.07023 0.998789 0.0479782 -0.0108913 12.4801 
-0.0115955 0.0403977 -0.999116 -211.943 -0.0470583 0.998054 0.0409009 6.09855 0.998825 0.047491 -0.00967193 12.4529 
-0.0093197 0.0409379 -0.999118 -212.956 -0.050431 0.997871 0.0413572 6.13033 0.998684 0.050772 -0.00723532 12.42 
-0.00644628 0.0425821 -0.999072 -213.982 -0.0531972 0.997664 0.0428653 6.16258 0.998563 0.0534242 -0.00416597 12.3903 
-0.00289053 0.0427161 -0.999083 -215.013 -0.0542955 0.997607 0.04281 6.19352 0.998521 0.0543695 -0.00056432 12.3668 
7.29381e-05 0.0401634 -0.999193 -216.044 -0.0571858 0.997558 0.0400935 6.22281 0.998364 0.0571368 0.00236954 12.3444 
0.00293575 0.0369134 -0.999314 -217.078 -0.0570127 0.997699 0.0366863 6.25133 0.998369 0.0568659 0.00503353 12.3297 
0.00446132 0.0359918 -0.999342 -218.117 -0.0561658 0.997784 0.0356849 6.27802 0.998412 0.0559697 0.00647294 12.3198 
0.00589291 0.0380899 -0.999257 -219.168 -0.0567368 0.997677 0.0376951 6.30409 0.998372 0.0564725 0.00804032 12.3088 
0.00726687 0.0413689 -0.999118 -220.231 -0.0584593 0.997453 0.0408748 6.33211 0.998263 0.0581107 0.00966675 12.2961 
0.00866774 0.0410495 -0.99912 -221.295 -0.0584731 0.997468 0.0404743 6.35941 0.998251 0.0580709 0.0110461 12.2855 
0.00949266 0.0382136 -0.999225 -222.36 -0.0573268 0.997647 0.0376087 6.38794 0.99831 0.0569253 0.011661 12.279 
0.00940814 0.0352224 -0.999335 -223.437 -0.0545004 0.997912 0.0346592 6.4149 0.998469 0.0541381 0.0113081 12.2747 
0.00925075 0.0340972 -0.999376 -224.526 -0.0528333 0.998039 0.0335625 6.44025 0.998561 0.0524898 0.0110341 12.2704 
0.00929946 0.0331287 -0.999408 -225.623 -0.052904 0.998068 0.032592 6.46298 0.998556 0.0525696 0.0110341 12.2635 
0.00961828 0.0330678 -0.999407 -226.726 -0.0528298 0.998074 0.0325153 6.48585 0.998557 0.0524857 0.0113467 12.2556 
0.00933413 0.0338932 -0.999382 -227.839 -0.0547742 0.997942 0.0333328 6.50966 0.998455 0.0544292 0.0111714 12.2459 
0.0088717 0.0360731 -0.99931 -228.96 -0.0554178 0.997831 0.0355278 6.53444 0.998424 0.0550644 0.0108516 12.2356 
0.00784513 0.0376826 -0.999259 -230.098 -0.0555878 0.997761 0.0371897 6.56188 0.998423 0.0552549 0.00992226 12.2253 
0.00707387 0.0393485 -0.999201 -231.247 -0.0566562 0.997636 0.0388858 6.59352 0.998369 0.0563359 0.00928648 12.2138 
0.00609937 0.0401987 -0.999173 -232.402 -0.0589933 0.997466 0.0397699 6.62606 0.99824 0.0587019 0.00845536 12.1983 
0.00490585 0.0388809 -0.999232 -233.554 -0.0611785 0.997384 0.0385087 6.65693 0.998115 0.0609426 0.00727169 12.1788 
0.00383918 0.0343727 -0.999402 -234.709 -0.0595703 0.997642 0.0340834 6.68324 0.998217 0.0594038 0.00587772 12.1593 
0.00259841 0.0282156 -0.999599 -235.874 -0.0564866 0.99801 0.028024 6.70678 0.9984 0.0563912 0.00418704 12.14 
0.000722509 0.0238844 -0.999715 -237.051 -0.0517401 0.998377 0.023815 6.72348 0.99866 0.0517082 0.00195712 12.1188 
-0.0013094 0.0240949 -0.999709 -238.239 -0.0455333 0.998671 0.0241296 6.73792 0.998962 0.0455517 -0.000210534 12.0985 
-0.00349581 0.0281808 -0.999597 -239.435 -0.0409038 0.998762 0.0283003 6.75233 0.999157 0.0409863 -0.00233878 12.0741 
-0.00544466 0.0306849 -0.999514 -240.639 -0.0388134 0.998769 0.0308734 6.77042 0.999232 0.0389627 -0.00424697 12.0435 
-0.00731752 0.0301797 -0.999518 -241.847 -0.0371142 0.998848 0.0304312 6.79124 0.999284 0.037319 -0.006189 12.0099 
-0.00931593 0.0309044 -0.999479 -243.064 -0.0372256 0.998819 0.0312309 6.81419 0.999264 0.0374972 -0.00815449 11.9702 
-0.0113354 0.0324766 -0.999408 -244.287 -0.036317 0.9988 0.0328687 6.83638 0.999276 0.0366682 -0.0101424 11.9321 
-0.0135794 0.0321311 -0.999391 -245.513 -0.0355395 0.998837 0.0325961 6.85928 0.999276 0.0359606 -0.0124217 11.8927 
-0.0157566 0.0306935 -0.999405 -246.74 -0.0355797 0.998879 0.0312383 6.88228 0.999243 0.0360507 -0.0146468 11.8493 
-0.0179803 0.0303292 -0.999378 -247.977 -0.0356021 0.998887 0.0309548 6.90612 0.999204 0.0361365 -0.0168805 11.8033 
-0.0202047 0.0312944 -0.999306 -249.224 -0.0361307 0.998834 0.0320101 6.92966 0.999143 0.0367524 -0.0190504 11.7536 
-0.0224316 0.0315875 -0.999249 -250.474 -0.0364527 0.99881 0.032392 6.95284 0.999084 0.0371519 -0.0212535 11.7023 
-0.0248334 0.0325915 -0.99916 -251.73 -0.0377336 0.998726 0.0335152 6.9762 0.998979 0.0385342 -0.023572 11.6461 
-0.027018 0.0343503 -0.999045 -252.992 -0.0395997 0.998588 0.0354056 7.00094 0.99885 0.0405185 -0.0256196 11.586 
-0.0284296 0.0351422 -0.998978 -254.255 -0.0411771 0.998492 0.036297 7.02678 0.998747 0.042167 -0.0269397 11.5247 
-0.0293743 0.0354828 -0.998939 -255.521 -0.0436871 0.998369 0.0367472 7.05327 0.998613 0.0447202 -0.0277762 11.4607 
-0.0293447 0.0355767 -0.998936 -256.787 -0.044131 0.998346 0.036852 7.07793 0.998595 0.0451655 -0.0277261 11.3988 
-0.029501 0.0345023 -0.998969 -258.046 -0.043148 0.998429 0.0357579 7.10149 0.998633 0.0441585 -0.0279659 11.3407 
-0.0293677 0.033545 -0.999006 -259.307 -0.0403674 0.998582 0.0347174 7.12499 0.998753 0.0413468 -0.0279719 11.2839 
-0.0297001 0.0333278 -0.999003 -260.572 -0.0391904 0.998637 0.0344807 7.14718 0.99879 0.0401754 -0.0283534 11.2237 
-0.0296709 0.0337008 -0.998991 -261.832 -0.0390328 0.99863 0.0348479 7.16998 0.998797 0.0400275 -0.0283148 11.1618 
-0.0294521 0.0337162 -0.998997 -263.095 -0.038255 0.998661 0.0348327 7.19229 0.998834 0.0392426 -0.0281229 11.0986 
-0.0291759 0.0343731 -0.998983 -264.369 -0.0378442 0.998654 0.0354671 7.21612 0.998858 0.0388405 -0.0278358 11.0354 
-0.0292285 0.0353858 -0.998946 -265.644 -0.0352125 0.998716 0.036408 7.24052 0.998952 0.0362396 -0.0279449 10.9758 
-0.0292548 0.0378198 -0.998856 -266.901 -0.0308329 0.998774 0.0387198 7.26655 0.999096 0.0319304 -0.0280529 10.9219 
-0.0294683 0.0413178 -0.998711 -268.151 -0.0276185 0.99873 0.0421335 7.29308 0.999184 0.0288246 -0.0282898 10.8667 
-0.0293642 0.0438417 -0.998607 -269.4 -0.0254764 0.99868 0.044594 7.32237 0.999244 0.0267504 -0.0282085 10.8112 
-0.029246 0.0422082 -0.998681 -270.636 -0.0258911 0.998741 0.042969 7.35337 0.999237 0.0271137 -0.0281163 10.7544 
-0.0292473 0.0406463 -0.998745 -271.862 -0.0283019 0.998739 0.0414748 7.3843 0.999172 0.0294794 -0.02806 10.6928 
-0.0296633 0.0435327 -0.998612 -273.096 -0.0342607 0.99842 0.044542 7.41718 0.998973 0.0355344 -0.0281249 10.6241 
-0.029652 0.0494427 -0.998337 -274.335 -0.0396767 0.997931 0.050601 7.45259 0.998773 0.0411112 -0.0276289 10.5564 
-0.0293765 0.0488332 -0.998375 -275.568 -0.0437544 0.997786 0.0500919 7.49154 0.99861 0.0451549 -0.0271747 10.4898 
-0.0290515 0.0419061 -0.998699 -276.802 -0.0432828 0.998131 0.0431413 7.53118 0.99864 0.0444798 -0.0271834 10.4277 
-0.0295707 0.036323 -0.998903 -278.037 -0.0403378 0.998482 0.0375018 7.5643 0.998748 0.0414025 -0.0280606 10.3706 
-0.0296147 0.0354076 -0.998934 -279.268 -0.0345261 0.99874 0.0364243 7.58963 0.998965 0.035568 -0.0283548 10.3197 
-0.0288611 0.0370082 -0.998898 -280.504 -0.0312117 0.998794 0.0379061 7.61431 0.999096 0.0322714 -0.0276712 10.268 
-0.0272172 0.0390092 -0.998868 -281.747 -0.0304832 0.998741 0.0398348 7.64155 0.999165 0.031533 -0.0259938 10.2081 
-0.0260461 0.0413544 -0.998805 -282.988 -0.0316978 0.998607 0.0421728 7.67094 0.999158 0.0327584 -0.024699 10.1478 
-0.0249135 0.0426701 -0.998779 -284.224 -0.0327984 0.998516 0.043477 7.70364 0.999151 0.0338415 -0.023477 10.0871 
-0.0240362 0.0436805 -0.998756 -285.458 -0.0337916 0.998439 0.0444799 7.73674 0.99914 0.0348188 -0.0225226 10.0291 
-0.0232168 0.0429463 -0.998808 -286.688 -0.033405 0.998486 0.043709 7.76903 0.999172 0.03438 -0.021747 9.97422 
-0.0228864 0.0412278 -0.998888 -287.916 -0.0339668 0.99854 0.0419917 7.802 0.999161 0.0348901 -0.0214526 9.9185 
-0.0226098 0.0400695 -0.998941 -289.144 -0.0337924 0.998595 0.0408205 7.83294 0.999173 0.0346796 -0.021224 9.8655 
-0.0224424 0.0397413 -0.998958 -290.372 -0.0340697 0.998599 0.0404924 7.86278 0.999167 0.034943 -0.021057 9.81241 
-0.0222187 0.0395258 -0.998972 -291.576 -0.034566 0.99859 0.0402795 7.89209 0.999155 0.0354254 -0.0208211 9.76239 
-0.0220373 0.0397772 -0.998966 -292.808 -0.0350732 0.998562 0.0405349 7.9218 0.999142 0.0359302 -0.0206105 9.70906 
-0.0216705 0.0398651 -0.99897 -294.037 -0.0344697 0.998581 0.0405973 7.95153 0.999171 0.035314 -0.0202656 9.65812 
-0.0217397 0.0381435 -0.999036 -295.264 -0.0342377 0.998657 0.0388741 7.98103 0.999177 0.0350498 -0.0204046 9.60709 
-0.0218235 0.035532 -0.99913 -296.493 -0.0339259 0.998766 0.0362601 8.00906 0.999186 0.0346877 -0.0205911 9.55615 
-0.0221438 0.0325809 -0.999224 -297.724 -0.0349411 0.998833 0.0333425 8.03488 0.999144 0.0356523 -0.0209795 9.50068 
-0.0223048 0.0310868 -0.999268 -298.96 -0.0366335 0.99882 0.0318905 8.05975 0.99908 0.037318 -0.0211396 9.44262 
-0.0225601 0.0309877 -0.999265 -300.205 -0.0397677 0.998701 0.031868 8.08447 0.998954 0.0404575 -0.0212985 9.38135 
-0.0227872 0.0319548 -0.99923 -301.456 -0.0430794 0.998529 0.0329148 8.1095 0.998812 0.0437963 -0.021377 9.32264 
-0.0231829 0.0327547 -0.999195 -302.71 -0.0467358 0.998335 0.0338108 8.13489 0.998638 0.0474821 -0.0216135 9.26618 
-0.0234325 0.0325999 -0.999194 -303.956 -0.0481845 0.99827 0.0336998 8.1589 0.998564 0.0489354 -0.0218212 9.21162 
-0.0238046 0.0303625 -0.999255 -305.204 -0.0479225 0.998355 0.0314768 8.18208 0.998567 0.0486361 -0.0223104 9.15799 
-0.024451 0.0281308 -0.999305 -306.454 -0.0455825 0.998533 0.0292244 8.20239 0.998661 0.0462654 -0.0231329 9.10586 
-0.0254934 0.0277529 -0.99929 -307.703 -0.0426474 0.998674 0.0288238 8.22033 0.998765 0.0433519 -0.024276 9.05604 
