1 2.12261e-08 -2.11895e-08 0 2.12261e-08 1 2.10703e-08 0 -2.11895e-08 2.10703e-08 1 0 
0.999933 -0.00279325 0.0112374 0.0152891 0.00278014 0.999995 0.00118626 -0.00651416 -0.0112407 -0.0011549 0.999936 0.289743 
0.999831 -0.0049118 0.0177259 0.0266814 0.00488875 0.999987 0.00134586 -0.0114902 -0.0177323 -0.00125893 0.999842 0.584916 
0.999781 -0.00770042 0.0194543 0.0371246 0.00770058 0.99997 6.8609e-05 -0.0140251 -0.0194542 8.12569e-05 0.999811 0.888099 
0.999813 -0.00920172 0.0170008 0.0448053 0.00922757 0.999956 -0.00144048 -0.0165017 -0.0169868 0.00159713 0.999854 1.20363 
0.999882 -0.0117951 0.009855 0.0462021 0.0118231 0.999926 -0.00278632 -0.0190007 -0.00982145 0.00290255 0.999948 1.52676 
0.999904 -0.0135637 -0.00282974 0.0395484 0.0135502 0.999897 -0.0047599 -0.0209455 0.00289397 0.00472114 0.999985 1.8633 
0.999722 -0.0128753 -0.0197636 0.0190796 0.0127799 0.999906 -0.00494572 -0.0263197 0.0198254 0.00469181 0.999792 2.21029 
0.999186 -0.00842511 -0.0394627 -0.0162064 0.00823145 0.999953 -0.00506834 -0.0297 0.0395035 0.00473942 0.999208 2.5676 
0.998218 -0.00491159 -0.0594675 -0.0615302 0.00453663 0.999969 -0.00643927 -0.0327493 0.0594973 0.00615806 0.99821 2.93345 
0.996792 -0.00477029 -0.0798989 -0.108639 0.00422442 0.999967 -0.00700024 -0.0338474 0.0799295 0.00664029 0.996778 3.31267 
0.99484 -0.00635444 -0.101255 -0.161963 0.00573275 0.999963 -0.00643005 -0.0360824 0.101292 0.00581645 0.99484 3.7023 
0.992604 -0.00785228 -0.121144 -0.227489 0.00721004 0.999958 -0.00573922 -0.0394825 0.121183 0.00482337 0.992618 4.09823 
0.990249 -0.00685214 -0.139142 -0.304053 0.00617474 0.999967 -0.00529975 -0.0438458 0.139174 0.00438895 0.990258 4.50371 
0.987909 -0.00578284 -0.154925 -0.388264 0.00513803 0.999976 -0.00456244 -0.0506668 0.154947 0.00371131 0.987916 4.92144 
0.985671 -0.00518928 -0.168602 -0.478933 0.00443277 0.999978 -0.00486332 -0.056809 0.168623 0.0040463 0.985672 5.34856 
0.983489 -0.00679425 -0.180839 -0.572454 0.00584136 0.999966 -0.00580157 -0.0628112 0.180872 0.00464948 0.983496 5.78733 
0.981617 -0.0104054 -0.190576 -0.667983 0.00901154 0.999926 -0.00817915 -0.0688654 0.190647 0.00631146 0.981638 6.23747 
0.980033 -0.00968926 -0.198597 -0.773653 0.00782503 0.999918 -0.0101699 -0.0756241 0.198679 0.00841286 0.980028 6.70201 
0.978477 -0.00951611 -0.206137 -0.888281 0.00721785 0.999903 -0.0118985 -0.0824509 0.20623 0.0101546 0.978451 7.17742 
0.976712 -0.0103365 -0.214305 -1.00677 0.00734736 0.999864 -0.01474 -0.0912423 0.214428 0.0128222 0.976656 7.66474 
0.974896 -0.014289 -0.222202 -1.1247 0.0109098 0.999806 -0.016428 -0.102878 0.222394 0.0135915 0.974862 8.16279 
0.972954 -0.0207909 -0.23006 -1.24791 0.0171892 0.999697 -0.0176491 -0.115297 0.230357 0.0132173 0.973017 8.67731 
0.970841 -0.0213625 -0.238771 -1.38742 0.0170308 0.999651 -0.0201904 -0.128568 0.239119 0.0155352 0.970866 9.20124 
0.968742 -0.0173986 -0.24746 -1.54851 0.0116585 0.999628 -0.024643 -0.140421 0.247797 0.0209877 0.968585 9.73634 
0.9665 -0.0146307 -0.256251 -1.71764 0.00778893 0.999586 -0.0276943 -0.158757 0.25655 0.0247707 0.966214 10.2835 
0.964195 -0.0171691 -0.264636 -1.88257 0.00971407 0.999519 -0.0294539 -0.178885 0.265015 0.0258286 0.963898 10.8437 
0.96176 -0.0198694 -0.273173 -2.05364 0.0116164 0.999427 -0.031796 -0.19864 0.273648 0.0274069 0.961439 11.4154 
0.959479 -0.0193997 -0.281111 -2.23952 0.0101168 0.999356 -0.0344363 -0.222078 0.281598 0.030197 0.959057 11.9919 
0.957073 -0.0188545 -0.289232 -2.43524 0.0081937 0.999243 -0.038026 -0.249058 0.28973 0.0340239 0.956504 12.5795 
0.95475 -0.0198866 -0.296743 -2.63662 0.00734267 0.999034 -0.043327 -0.278629 0.297318 0.0391876 0.953974 13.1756 
0.952944 -0.0212054 -0.302405 -2.84341 0.00602372 0.998678 -0.051048 -0.310756 0.303088 0.0468243 0.951812 13.7834 
0.951631 -0.0218204 -0.306466 -3.06 0.00382115 0.998238 -0.0592092 -0.348573 0.307218 0.0551743 0.950038 14.3992 
0.950338 -0.0217634 -0.310457 -3.28217 0.000636798 0.997686 -0.0679897 -0.39045 0.311218 0.0644156 0.948153 15.0268 
0.948989 -0.0211148 -0.314601 -3.51572 -0.00334996 0.997024 -0.0770215 -0.439806 0.315291 0.0741465 0.946094 15.667 
0.947634 -0.0205597 -0.318697 -3.75355 -0.00664231 0.996441 -0.0840328 -0.49506 0.31929 0.0817492 0.944124 16.3169 
0.946017 -0.0189404 -0.323564 -3.9992 -0.0110356 0.99583 -0.090558 -0.559939 0.32393 0.0892401 0.941863 16.967 
0.944373 -0.0179849 -0.328384 -4.25216 -0.0145426 0.995243 -0.0963295 -0.627713 0.328554 0.0957466 0.939619 17.6327 
0.942693 -0.0159794 -0.333279 -4.51745 -0.0191058 0.994629 -0.10173 -0.701069 0.333115 0.102268 0.937324 18.3119 
0.940957 -0.0134624 -0.338258 -4.79059 -0.023487 0.994205 -0.104904 -0.775818 0.33771 0.106655 0.935188 19.0011 
0.939156 -0.012336 -0.343269 -5.06987 -0.0258099 0.993995 -0.106335 -0.855297 0.342519 0.108725 0.933199 19.7007 
0.936876 -0.01222 -0.349448 -5.35268 -0.0263296 0.994086 -0.105353 -0.93902 0.348669 0.107903 0.931014 20.4106 
0.934526 -0.0119122 -0.355694 -5.6487 -0.0268462 0.994233 -0.103831 -1.02416 0.35488 0.106582 0.928817 21.1347 
0.93191 -0.012087 -0.362489 -5.95256 -0.026819 0.994412 -0.102106 -1.10801 0.361697 0.104876 0.926378 21.8626 
0.928711 -0.0109634 -0.370643 -6.26827 -0.0278006 0.994691 -0.0990818 -1.19276 0.369761 0.102322 0.923475 22.5947 
0.925341 -0.00920444 -0.379024 -6.59742 -0.0283724 0.995221 -0.0934366 -1.27388 0.378072 0.0972146 0.920658 23.3409 
0.921774 -0.0060133 -0.387681 -6.94147 -0.0306277 0.995626 -0.0882656 -1.35334 0.386516 0.0932348 0.917558 24.0944 
0.918141 -0.00249421 -0.396246 -7.29718 -0.033644 0.995879 -0.0842252 -1.42998 0.394823 0.090662 0.914273 24.8501 
0.914257 -0.00172296 -0.405132 -7.6556 -0.0346367 0.995997 -0.0824002 -1.50667 0.403652 0.0893675 0.910537 25.6085 
0.910203 -0.00186087 -0.414159 -8.02515 -0.0352139 0.996021 -0.0818652 -1.57935 0.412664 0.0890981 0.906515 26.3734 
0.906288 -0.00177371 -0.422657 -8.41111 -0.0356713 0.996102 -0.0806691 -1.65309 0.421153 0.0881862 0.902693 27.1482 
0.902257 -0.00114392 -0.431198 -8.80487 -0.0364671 0.996212 -0.0789482 -1.72544 0.429655 0.0869561 0.898797 27.9264 
0.898374 -0.00214874 -0.439227 -9.20863 -0.0351033 0.996438 -0.0766733 -1.79822 0.437827 0.0842997 0.895098 28.7095 
0.894406 -0.00177663 -0.447252 -9.62212 -0.0343132 0.996772 -0.0725784 -1.86874 0.445938 0.0802613 0.891458 29.4992 
0.890603 0.000360233 -0.454782 -10.0503 -0.0346073 0.997154 -0.0669819 -1.9361 0.453464 0.0753931 0.88808 30.2957 
0.886691 0.000533111 -0.462362 -10.4896 -0.0333951 0.997461 -0.0628931 -2.00279 0.461155 0.0712074 0.884458 31.0977 
0.882916 -0.000502183 -0.469531 -10.94 -0.0319158 0.997622 -0.0610821 -2.06652 0.468446 0.0689159 0.8808 31.909 
0.879607 -0.00126399 -0.4757 -11.4115 -0.0311091 0.997703 -0.0601743 -2.12467 0.474683 0.0677284 0.877547 32.7321 
0.876805 0.00105047 -0.480845 -11.9487 -0.0334453 0.997709 -0.0588069 -2.19453 0.479681 0.0676442 0.874831 33.5786 
0.873791 -0.000386938 -0.486302 -12.4421 -0.0316614 0.997833 -0.0576834 -2.25371 0.48527 0.0658002 0.871885 34.4181 
0.871398 -0.000763776 -0.490577 -12.9978 -0.0317238 0.997818 -0.0579036 -2.32138 0.489551 0.06602 0.869472 35.2872 
0.869284 -0.00163416 -0.494311 -13.5067 -0.0313402 0.9978 -0.058413 -2.38738 0.493319 0.0662693 0.86732 36.1424 
0.86793 -0.00129256 -0.496685 -14.0334 -0.0322384 0.997741 -0.0589314 -2.44941 0.495639 0.0671607 0.865928 37.0095 
0.867421 -0.00132118 -0.497573 -14.5586 -0.0318052 0.997804 -0.0580957 -2.51076 0.496557 0.0662189 0.865474 37.8825 
0.867297 -0.00111617 -0.49779 -15.1064 -0.0312028 0.997909 -0.0566021 -2.57099 0.496812 0.0646233 0.865449 38.7779 
0.866944 -0.00270324 -0.498398 -15.6465 -0.0291878 0.997994 -0.056184 -2.63315 0.49755 0.0632556 0.865126 39.6754 
0.866208 -0.00478585 -0.499661 -16.1837 -0.0273965 0.997995 -0.0570534 -2.69806 0.498932 0.0631091 0.86434 40.5809 
0.864996 -0.00734986 -0.501725 -16.7445 -0.0248672 0.998036 -0.0574926 -2.76425 0.501162 0.0622074 0.863115 41.5066 
0.863327 -0.00792143 -0.504583 -17.3028 -0.0233028 0.998184 -0.0555408 -2.83118 0.504107 0.0597081 0.861575 42.4311 
0.861146 -0.00720228 -0.508307 -17.8672 -0.0221992 0.998413 -0.0517554 -2.89568 0.507873 0.055853 0.859619 43.3578 
0.858212 -0.00745792 -0.513242 -18.4315 -0.0199398 0.998655 -0.0478537 -2.96271 0.512908 0.0513026 0.856909 44.2749 
0.854114 -0.00773897 -0.520029 -19.0047 -0.0189489 0.998762 -0.0459858 -3.0267 0.519741 0.0491311 0.85291 45.1846 
0.848749 -0.0114724 -0.528672 -19.5837 -0.0165497 0.998699 -0.0482417 -3.08899 0.528538 0.0496945 0.847454 46.0841 
0.842576 -0.0152545 -0.538361 -20.1701 -0.0148506 0.998561 -0.0515366 -3.15274 0.538372 0.0514186 0.841137 46.9752 
0.836287 -0.0155996 -0.54807 -20.7742 -0.0147513 0.998593 -0.0509316 -3.21558 0.548093 0.0506782 0.834881 47.8636 
0.830383 -0.0123666 -0.557056 -21.3933 -0.0158515 0.998825 -0.045803 -3.27776 0.556968 0.0468643 0.829211 48.752 
0.825061 -0.00797844 -0.564987 -22.0228 -0.0187743 0.998961 -0.0415233 -3.33697 0.564732 0.0448665 0.824054 49.6404 
0.820911 -0.00820258 -0.570998 -22.6639 -0.0199404 0.998875 -0.0430172 -3.39541 0.570709 0.0466992 0.819824 50.5248 
0.817464 -0.010574 -0.575882 -23.3017 -0.0203615 0.998676 -0.0472402 -3.45559 0.575619 0.0503431 0.816167 51.399 
0.814412 -0.0128078 -0.580146 -23.9459 -0.0229985 0.998259 -0.0543239 -3.51899 0.579831 0.0575846 0.812699 52.2547 
0.811219 -0.0140802 -0.584573 -24.5892 -0.0230445 0.998164 -0.0560212 -3.58458 0.584288 0.0589167 0.809405 53.1157 
0.807716 -0.0125879 -0.589437 -25.2439 -0.0224193 0.998393 -0.0520431 -3.65232 0.589145 0.0552509 0.806136 53.9832 
0.804566 -0.0100404 -0.593778 -25.9071 -0.0221512 0.998654 -0.0469014 -3.71689 0.593449 0.0508883 0.803261 54.8426 
0.801486 -0.00811855 -0.597959 -26.5697 -0.0227898 0.998767 -0.0441071 -3.77585 0.59758 0.0489786 0.800312 55.6953 
0.798265 -0.00785092 -0.602255 -27.2393 -0.0237993 0.998723 -0.0445642 -3.83594 0.601836 0.0499073 0.797059 56.5458 
0.794683 -0.00903103 -0.606957 -27.9107 -0.0240865 0.998633 -0.0463951 -3.89673 0.606546 0.0514889 0.793379 57.3925 
0.790517 -0.011848 -0.612325 -28.5865 -0.0230343 0.99853 -0.0490583 -3.95828 0.612006 0.0528859 0.789083 58.2427 
0.786119 -0.0130517 -0.617938 -29.2708 -0.0222434 0.998532 -0.0493876 -4.02205 0.617675 0.0525696 0.784674 59.0875 
0.781516 -0.0131892 -0.623746 -29.9669 -0.0217788 0.99859 -0.0484029 -4.08843 0.623506 0.0514121 0.780127 59.926 
0.776568 -0.012749 -0.629905 -30.6707 -0.0222425 0.998617 -0.0476329 -4.15571 0.629641 0.0510009 0.775211 60.7588 
0.771125 -0.0140348 -0.636529 -31.3811 -0.0220391 0.998569 -0.0487169 -4.22127 0.636302 0.0515954 0.769712 61.5888 
0.765661 -0.0153825 -0.64306 -32.1012 -0.0217033 0.998527 -0.0497266 -4.2841 0.642878 0.0520303 0.7642 62.4153 
0.760074 -0.0165296 -0.649626 -32.8309 -0.0216187 0.99848 -0.0507005 -4.34962 0.649477 0.0525803 0.758561 63.2362 
0.75434 -0.0179666 -0.656238 -33.5662 -0.0212831 0.998431 -0.0517998 -4.41556 0.656139 0.0530415 0.752774 64.0518 
0.748243 -0.0197694 -0.66313 -34.3108 -0.0204982 0.99839 -0.0528935 -4.4831 0.663108 0.0531702 0.746633 64.863 
0.741988 -0.0210955 -0.670082 -35.0763 -0.0194758 0.998405 -0.0529974 -4.55088 0.670131 0.0523738 0.740393 65.6805 
0.735581 -0.0211301 -0.677107 -35.849 -0.018572 0.998509 -0.0513358 -4.61791 0.677182 0.0503369 0.734092 66.4956 
0.729049 -0.0218329 -0.684114 -36.6476 -0.0177397 0.998553 -0.0507729 -4.68426 0.684232 0.049152 0.727606 67.3089 
0.722494 -0.0238075 -0.690967 -37.466 -0.0164796 0.99853 -0.0516363 -4.7561 0.691181 0.0486938 0.72104 68.1245 
0.716071 -0.0255225 -0.697561 -38.2948 -0.0164593 0.998436 -0.0534272 -4.82829 0.697834 0.0497391 0.714531 68.9313 
0.70989 -0.0250472 -0.703867 -39.1154 -0.0176276 0.998423 -0.0533075 -4.89653 0.704092 0.0502501 0.708329 69.7254 
0.704573 -0.0243423 -0.709214 -39.9479 -0.0182755 0.998458 -0.0524259 -4.96966 0.709397 0.0498992 0.703041 70.5159 
0.69969 -0.0237889 -0.71405 -40.8031 -0.0195047 0.998437 -0.0523759 -5.04291 0.71418 0.0505743 0.698132 71.3065 
0.694795 -0.0249893 -0.718773 -41.6493 -0.019371 0.998383 -0.0534352 -5.11293 0.718947 0.0510499 0.693188 72.0914 
0.689497 -0.0266627 -0.723798 -42.5034 -0.0202563 0.998221 -0.0560681 -5.18964 0.724005 0.0533203 0.687731 72.8729 
0.684462 -0.0292205 -0.728462 -43.3633 -0.0198825 0.998077 -0.058717 -5.26482 0.728777 0.0546733 0.682565 73.6497 
0.679339 -0.0297528 -0.733221 -44.2425 -0.0203452 0.99803 -0.0593485 -5.34322 0.733542 0.0552354 0.677396 74.4269 
0.674475 -0.0294863 -0.737709 -45.1324 -0.0196735 0.99813 -0.0578825 -5.42211 0.738036 0.0535537 0.672633 75.2044 
0.669221 -0.0297574 -0.742467 -46.0225 -0.0186505 0.99821 -0.056818 -5.49985 0.742829 0.0518713 0.667468 75.9808 
0.663905 -0.031234 -0.747165 -46.9222 -0.0175041 0.998205 -0.057282 -5.57621 0.747612 0.0511083 0.662166 76.7539 
0.659185 -0.0323848 -0.751283 -47.8455 -0.0164988 0.998209 -0.057505 -5.65454 0.7518 0.0503018 0.65747 77.5244 
0.654733 -0.0330648 -0.755136 -48.7673 -0.0155202 0.998244 -0.0571662 -5.73472 0.755701 0.0491485 0.65307 78.291 
0.65069 -0.0341002 -0.758578 -49.7039 -0.0142387 0.998268 -0.0570886 -5.81268 0.75921 0.0479482 0.649077 79.0594 
0.646719 -0.037064 -0.761828 -50.6408 -0.0115154 0.99823 -0.0583408 -5.89174 0.762642 0.0465029 0.645147 79.8244 
0.642469 -0.0418371 -0.765169 -51.5764 -0.00826058 0.998072 -0.0615075 -5.97332 0.766267 0.0458375 0.640885 80.5849 
0.637669 -0.0460466 -0.768933 -52.5123 -0.00403154 0.997999 -0.0631073 -6.05367 0.7703 0.0433416 0.636207 81.3398 
0.630844 -0.049672 -0.774318 -53.4618 0.00102802 0.998001 -0.0631836 -6.13982 0.775909 0.039063 0.629634 82.0963 
0.622378 -0.053509 -0.780886 -54.4244 0.00584129 0.99795 -0.0637275 -6.22513 0.782695 0.0351012 0.621415 82.8473 
0.613271 -0.0545788 -0.787985 -55.4054 0.00856398 0.998011 -0.0624608 -6.30894 0.789827 0.0315572 0.612518 83.5921 
0.604344 -0.0532542 -0.794942 -56.4053 0.00898772 0.998156 -0.0600351 -6.39372 0.796673 0.0291372 0.603708 84.3311 
0.595178 -0.0531202 -0.801836 -57.4089 0.00835052 0.998168 -0.0599285 -6.47946 0.80355 0.0289725 0.594532 85.0569 
0.585489 -0.0545938 -0.80884 -58.4325 0.00736474 0.998047 -0.0620336 -6.56402 0.810647 0.0303631 0.584747 85.7751 
0.575341 -0.056886 -0.815933 -59.4717 0.00771764 0.997912 -0.0641315 -6.65357 0.817877 0.0306004 0.574579 86.486 
0.565253 -0.0586341 -0.822831 -60.5353 0.00809801 0.997817 -0.0655404 -6.74414 0.824878 0.0303836 0.564494 87.1959 
0.555036 -0.059363 -0.829705 -61.6012 0.0108637 0.997883 -0.0641282 -6.838 0.831755 0.0265799 0.554506 87.8916 
0.544477 -0.059521 -0.836661 -62.6681 0.0121645 0.997935 -0.0630779 -6.93081 0.838687 0.024167 0.544077 88.5744 
0.533901 -0.0603717 -0.843389 -63.7387 0.0125065 0.997903 -0.063515 -7.02139 0.845455 0.0233629 0.533536 89.2377 
0.523347 -0.061486 -0.849899 -64.8204 0.0118626 0.997822 -0.0648828 -7.11352 0.852037 0.0238742 0.522937 89.8898 
0.512884 -0.0621288 -0.856207 -65.9163 0.0102895 0.997751 -0.0662361 -7.20554 0.858396 0.0251615 0.51237 90.531 
0.502727 -0.0634149 -0.862116 -67.0205 0.00939065 0.997647 -0.0679083 -7.2998 0.864394 0.0260436 0.50214 91.1559 
0.492663 -0.0634871 -0.867902 -68.1349 0.00846243 0.997638 -0.0681736 -7.39428 0.870179 0.0262421 0.492036 91.7758 
0.483705 -0.0615721 -0.873063 -69.2597 0.00751343 0.997778 -0.0662049 -7.48927 0.875199 0.025464 0.483093 92.3773 
0.475536 -0.0601098 -0.87764 -70.392 0.00799474 0.997917 -0.0640157 -7.58574 0.87966 0.0234253 0.475026 92.9691 
0.467664 -0.0603974 -0.881841 -71.5257 0.00808334 0.997913 -0.0640604 -7.68342 0.883869 0.0228306 0.467176 93.5482 
0.459985 -0.0634666 -0.885656 -72.6682 0.00976352 0.997743 -0.0664279 -7.77957 0.887873 0.0219088 0.459567 94.1216 
0.452925 -0.0670089 -0.889027 -73.8139 0.0125085 0.997551 -0.0688162 -7.87828 0.891461 0.0200483 0.452654 94.6872 
0.446657 -0.0697935 -0.891979 -74.9671 0.0133994 0.997363 -0.0713296 -7.9806 0.894605 0.0199079 0.446414 95.2439 
0.441076 -0.0734148 -0.894462 -76.1218 0.0154935 0.997123 -0.0742007 -8.08756 0.897336 0.0188698 0.440944 95.7951 
0.436109 -0.0744227 -0.896811 -77.2774 0.0182302 0.997101 -0.0738802 -8.1961 0.899709 0.0158708 0.436201 96.3444 
0.431603 -0.0719597 -0.899189 -78.4315 0.0201042 0.997333 -0.0701641 -8.30437 0.90184 0.0122056 0.431899 96.8868 
0.427516 -0.0701271 -0.901284 -79.5889 0.0232318 0.99751 -0.0665944 -8.4081 0.903709 0.00753174 0.42808 97.426 
0.424136 -0.0696713 -0.902914 -80.7478 0.024824 0.997556 -0.0653133 -8.50932 0.905258 0.00528778 0.424829 97.9525 
0.421192 -0.0695413 -0.904301 -81.898 0.026453 0.997574 -0.0643931 -8.61002 0.906586 0.00320042 0.42201 98.4707 
0.418687 -0.0687691 -0.905523 -83.0541 0.0283888 0.997633 -0.0626381 -8.70547 0.907687 0.00051914 0.419648 98.9885 
0.416266 -0.0680061 -0.906696 -84.2082 0.0302447 0.997683 -0.0609452 -8.80026 0.90874 -0.00205328 0.417358 99.5022 
0.414394 -0.0697789 -0.907419 -85.4064 0.033498 0.99755 -0.0614122 -8.88749 0.909481 -0.00494788 0.415716 99.9993 
0.412318 -0.0705277 -0.908306 -86.5723 0.0361362 0.997481 -0.0610482 -8.97847 0.910323 -0.00765138 0.413828 100.495 
0.410273 -0.0702301 -0.909254 -87.7247 0.0397959 0.997459 -0.0590863 -9.06556 0.911094 -0.0119431 0.412026 100.984 
0.407955 -0.0698076 -0.91033 -88.8441 0.0419553 0.997453 -0.0576867 -9.15474 0.912038 -0.0146596 0.409844 101.469 
0.406015 -0.071654 -0.911053 -89.9624 0.044974 0.99728 -0.0583929 -9.24103 0.912759 -0.0172652 0.408133 101.951 
0.404648 -0.0731566 -0.911542 -91.058 0.0465776 0.99715 -0.0593507 -9.32881 0.913286 -0.0184413 0.406902 102.421 
0.403962 -0.0746059 -0.911728 -92.1356 0.0468338 0.997048 -0.0608368 -9.42013 0.913576 -0.0181238 0.406264 102.881 
0.404431 -0.0750921 -0.91148 -93.1957 0.0459162 0.997034 -0.061767 -9.51773 0.913415 -0.0168712 0.40668 103.334 
0.406459 -0.0748293 -0.910599 -94.2434 0.0438666 0.99709 -0.0623562 -9.61179 0.912615 -0.0145996 0.408559 103.788 
0.41078 -0.0751156 -0.908635 -95.2898 0.041866 0.997103 -0.0635022 -9.70504 0.910773 -0.0119555 0.412734 104.24 
0.415756 -0.0752669 -0.906356 -96.3197 0.0404563 0.997114 -0.0642459 -9.80335 0.908576 -0.0099571 0.417601 104.693 
0.42154 -0.0751987 -0.903687 -97.3446 0.0399935 0.997128 -0.0643187 -9.89648 0.905928 -0.00902866 0.423336 105.152 
0.428354 -0.0742128 -0.900558 -98.3592 0.0391867 0.99721 -0.0635383 -9.98366 0.902761 -0.00807297 0.430067 105.616 
0.436261 -0.0732442 -0.896834 -99.3686 0.0382203 0.997291 -0.0628564 -10.0698 0.899008 -0.00685546 0.437878 106.087 
0.444951 -0.0730088 -0.892574 -100.373 0.0382086 0.997312 -0.0625288 -10.1538 0.89474 -0.00628168 0.446544 106.569 
0.45435 -0.0727244 -0.88785 -101.366 0.0377446 0.997339 -0.0623772 -10.2387 0.890023 -0.0051704 0.455886 107.057 
0.464079 -0.073487 -0.88274 -102.345 0.036991 0.997291 -0.0635762 -10.3271 0.885021 -0.00314899 0.465541 107.555 
0.474403 -0.0748432 -0.877121 -103.314 0.0351362 0.997195 -0.0660851 -10.4148 0.879606 0.000532329 0.475702 108.059 
0.485833 -0.0758885 -0.870751 -104.272 0.0337538 0.99711 -0.0680682 -10.5018 0.8734 0.00367867 0.48699 108.575 
0.498076 -0.0742034 -0.863953 -105.225 0.0318568 0.997225 -0.0672842 -10.5905 0.866548 0.00598998 0.499058 109.103 
0.510778 -0.0716706 -0.85672 -106.167 0.0303746 0.997401 -0.0653302 -10.6795 0.859176 0.00734675 0.511628 109.647 
0.522962 -0.069395 -0.849526 -107.095 0.0298955 0.99756 -0.0630839 -10.7677 0.851831 0.00759351 0.523761 110.2 
0.534655 -0.0688323 -0.842263 -108.019 0.0300989 0.997596 -0.0624204 -10.8568 0.844534 0.00802226 0.535441 110.768 
0.546114 -0.0693037 -0.834839 -108.92 0.0303867 0.997555 -0.0629339 -10.9429 0.837159 0.00900114 0.546885 111.34 
0.55708 -0.0704276 -0.827467 -109.805 0.0308084 0.997464 -0.0641552 -11.0276 0.829887 0.0102466 0.557837 111.918 
0.567767 -0.0720387 -0.820031 -110.673 0.0330488 0.997355 -0.0647343 -11.114 0.822526 0.00965302 0.568646 112.51 
0.578244 -0.0717743 -0.812701 -111.528 0.0334774 0.997371 -0.0642641 -11.202 0.815177 0.00995326 0.579126 113.112 
0.588562 -0.0694655 -0.805463 -112.374 0.032672 0.997532 -0.0621563 -11.2851 0.807792 0.0102668 0.589378 113.72 
0.598238 -0.066709 -0.798537 -113.206 0.033097 0.997735 -0.0585546 -11.3676 0.800635 0.00860051 0.599091 114.338 
0.608107 -0.0649641 -0.791192 -114.017 0.0317979 0.997839 -0.0574921 -11.4451 0.793218 0.00980317 0.608859 114.95 
0.618026 -0.0647071 -0.78349 -114.812 0.0302575 0.997826 -0.0585413 -11.5213 0.785575 0.0124737 0.618641 115.561 
0.627445 -0.0645863 -0.775978 -115.594 0.0286611 0.997794 -0.0598736 -11.5939 0.778133 0.0153271 0.627913 116.176 
0.636618 -0.0641241 -0.768509 -116.364 0.0287776 0.997818 -0.0594188 -11.6705 0.770642 0.0157113 0.637074 116.799 
0.645778 -0.0621382 -0.760992 -117.121 0.0286819 0.997954 -0.0571477 -11.7457 0.762986 0.0150781 0.646239 117.426 
0.654456 -0.060345 -0.753688 -117.865 0.028917 0.998078 -0.0548027 -11.8184 0.755547 0.0140717 0.654944 118.059 
0.662576 -0.0599525 -0.746591 -118.593 0.029531 0.998107 -0.0539418 -11.8885 0.748412 0.013693 0.663093 118.694 
0.670321 -0.0592918 -0.739699 -119.308 0.0286151 0.998127 -0.0540753 -11.9555 0.741519 0.0150814 0.670762 119.328 
0.677756 -0.0584844 -0.732957 -120.012 0.0282633 0.998167 -0.0535114 -12.0213 0.734743 0.0155519 0.678167 119.966 
0.684949 -0.0558529 -0.726447 -120.707 0.027613 0.998331 -0.0507211 -12.0851 0.728068 0.0146821 0.685348 120.608 
0.692407 -0.0530696 -0.719553 -121.39 0.026688 0.998493 -0.0479612 -12.1491 0.721013 0.0140053 0.69278 121.252 
0.699779 -0.051596 -0.712494 -122.056 0.0258686 0.998564 -0.0469052 -12.2103 0.713891 0.0143922 0.700109 121.893 
0.707345 -0.0508005 -0.70504 -122.706 0.0253035 0.998595 -0.0465658 -12.2677 0.706415 0.0150982 0.707637 122.533 
0.715374 -0.0480191 -0.69709 -123.344 0.0228847 0.998711 -0.0453114 -12.3234 0.698367 0.016462 0.715551 123.171 
0.724566 -0.0452861 -0.687717 -123.968 0.022267 0.998856 -0.0423146 -12.3775 0.688846 0.0153464 0.724745 123.813 
0.734367 -0.0413905 -0.67749 -124.575 0.0204997 0.999036 -0.0388143 -12.4309 0.678443 0.0146157 0.734507 124.451 
0.744855 -0.0392943 -0.666069 -125.166 0.0189296 0.999107 -0.0377731 -12.4817 0.666958 0.0155272 0.744933 125.088 
0.755281 -0.0384279 -0.654274 -125.741 0.0175213 0.999107 -0.0384549 -12.5303 0.655167 0.0175806 0.75528 125.73 
0.765544 -0.0395745 -0.642165 -126.309 0.01788 0.99903 -0.0402517 -12.5761 0.643135 0.0193326 0.765509 126.382 
0.775747 -0.0386675 -0.629858 -126.859 0.0175669 0.999057 -0.0396972 -12.6199 0.630799 0.0197304 0.775695 127.045 
0.786112 -0.0371006 -0.616969 -127.393 0.0173889 0.999129 -0.0379252 -12.6648 0.617839 0.0190851 0.786073 127.715 
0.796377 -0.0348987 -0.603792 -127.915 0.0173271 0.999241 -0.0349015 -12.7079 0.604552 0.0173328 0.796377 128.392 
0.806188 -0.0336594 -0.590702 -128.432 0.0178997 0.999311 -0.0325133 -12.7472 0.591389 0.0156385 0.806235 129.089 
0.81555 -0.0322846 -0.577786 -128.936 0.018605 0.999389 -0.0295812 -12.7834 0.578388 0.0133753 0.815652 129.788 
0.82376 -0.0316332 -0.566056 -129.426 0.0194834 0.999432 -0.0274984 -12.8174 0.566605 0.0116234 0.823908 130.496 
0.831089 -0.0320212 -0.555217 -129.899 0.0212643 0.999441 -0.0258112 -12.8541 0.555733 0.00964516 0.831305 131.201 
0.837799 -0.0319093 -0.545045 -130.366 0.0215751 0.999446 -0.0253485 -12.889 0.545552 0.00947758 0.838023 131.907 
0.844619 -0.0310629 -0.534466 -130.825 0.0207874 0.999465 -0.0252381 -12.9211 0.534964 0.0102064 0.844813 132.62 
0.851436 -0.0291898 -0.523646 -131.282 0.0193575 0.999519 -0.0242418 -12.9529 0.524101 0.010504 0.851591 133.341 
0.857859 -0.0282823 -0.513107 -131.728 0.0188007 0.999543 -0.0236618 -12.9854 0.513542 0.0106518 0.857999 134.069 
0.86382 -0.0287802 -0.502979 -132.166 0.0195902 0.999531 -0.0235485 -13.0178 0.50342 0.0104882 0.863978 134.805 
0.868973 -0.0302231 -0.493937 -132.598 0.0208754 0.999484 -0.024431 -13.0483 0.49442 0.0109188 0.869155 135.555 
0.873372 -0.0307426 -0.486083 -133.026 0.0213666 0.999464 -0.0248213 -13.0794 0.486585 0.0112924 0.87356 136.314 
0.876926 -0.0299557 -0.479692 -133.454 0.021007 0.999491 -0.024013 -13.1088 0.480167 0.0109808 0.877108 137.083 
0.880098 -0.0282685 -0.47395 -133.883 0.0209909 0.999567 -0.0206398 -13.136 0.474328 0.0082165 0.88031 137.866 
0.883312 -0.0242129 -0.468161 -134.315 0.0187338 0.999691 -0.0163569 -13.1627 0.468412 0.00567786 0.883492 138.658 
0.886787 -0.0215104 -0.461678 -134.747 0.0172021 0.99976 -0.0135392 -13.1878 0.461859 0.00406457 0.886944 139.461 
0.89011 -0.0188768 -0.455354 -135.176 0.0154282 0.999817 -0.0112893 -13.2067 0.455484 0.00302346 0.890239 140.278 
0.893377 -0.0171503 -0.44898 -135.612 0.0146712 0.999852 -0.00900009 -13.2267 0.449067 0.00145345 0.893497 141.122 
0.89679 -0.0155837 -0.442181 -136.045 0.0144038 0.999878 -0.00602621 -13.2447 0.442221 -0.000964798 0.896906 141.971 
0.900289 -0.0154035 -0.435021 -136.492 0.0152544 0.999876 -0.00383475 -13.2675 0.435026 -0.00318356 0.900412 142.855 
0.903969 -0.0155717 -0.427315 -136.935 0.0159375 0.999869 -0.00272086 -13.2837 0.427301 -0.0043507 0.904099 143.749 
0.907792 -0.016106 -0.419111 -137.379 0.0165756 0.999859 -0.00252099 -13.3005 0.419093 -0.00465844 0.907931 144.659 
0.911836 -0.0184527 -0.41014 -137.826 0.0189762 0.999816 -0.00279464 -13.3182 0.410116 -0.00523458 0.912018 145.595 
0.916026 -0.0197501 -0.400633 -138.267 0.019939 0.999794 -0.00369774 -13.3386 0.400624 -0.00460094 0.916231 146.543 
0.920751 -0.0206499 -0.389603 -138.7 0.0201235 0.999783 -0.00543315 -13.3606 0.389631 -0.00283754 0.920967 147.503 
0.926264 -0.0186421 -0.376414 -139.124 0.0177326 0.999826 -0.00588118 -13.3814 0.376458 -0.00122723 0.926433 148.477 
0.932588 -0.0152233 -0.360621 -139.522 0.0145523 0.999884 -0.00457623 -13.3936 0.360649 -0.00098007 0.932701 149.456 
0.939449 -0.0118358 -0.342485 -139.902 0.0120896 0.999926 -0.00139413 -13.4065 0.342476 -0.00283074 0.939522 150.453 
0.946386 -0.00868712 -0.32292 -140.267 0.0093192 0.999957 0.000411213 -13.417 0.322902 -0.00339847 0.946426 151.465 
0.953223 -0.00721742 -0.302182 -140.615 0.00802853 0.999967 0.00144204 -13.425 0.302161 -0.00380061 0.953249 152.501 
0.959677 -0.0058905 -0.281044 -140.948 0.00707131 0.99997 0.00318746 -13.4307 0.281017 -0.00504624 0.95969 153.562 
0.9657 -0.00502248 -0.259612 -141.257 0.00684127 0.999958 0.00610262 -13.4352 0.25957 -0.00766933 0.965694 154.636 
0.971356 -0.00275859 -0.237614 -141.554 0.00525644 0.999937 0.00987913 -13.4397 0.237572 -0.0108451 0.97131 155.729 
0.976511 -0.000371559 -0.215466 -141.823 0.00355767 0.99989 0.0143992 -13.4413 0.215437 -0.0148275 0.976405 156.834 
0.981188 0.00155202 -0.19305 -142.082 0.00192759 0.999839 0.0178351 -13.4349 0.193047 -0.0178716 0.981027 157.979 
0.985313 0.003308 -0.170724 -142.326 -0.000235908 0.999838 0.0180115 -13.4262 0.170755 -0.0177066 0.985154 159.152 
0.988848 0.0025566 -0.148906 -142.52 -0.000145159 0.999869 0.0162028 -13.4158 0.148928 -0.0160004 0.988719 160.306 
0.991754 0.00256756 -0.128131 -142.693 -0.000588103 0.99988 0.0154838 -13.4055 0.128156 -0.0152807 0.991636 161.477 
0.994139 0.00133134 -0.108098 -142.841 0.000584026 0.999843 0.0176848 -13.3968 0.108105 -0.0176442 0.993983 162.673 
0.996096 0.00181509 -0.0882635 -142.971 -8.66315e-05 0.999808 0.0195823 -13.3873 0.0882821 -0.0194982 0.995905 163.888 
0.997676 0.00214772 -0.0681022 -143.087 -0.000740057 0.999786 0.0206878 -13.371 0.068132 -0.0205893 0.997464 165.131 
0.998855 0.00371032 -0.0477011 -143.184 -0.00268989 0.999767 0.0214378 -13.3547 0.0477694 -0.0212849 0.998632 166.391 
0.999624 0.00419789 -0.0271095 -143.246 -0.00359058 0.999742 0.0224103 -13.3417 0.0271966 -0.0223045 0.999381 167.651 
0.999959 0.00643222 -0.00640249 -143.305 -0.00628974 0.999738 0.0220245 -13.3204 0.00654243 -0.0219833 0.999737 168.961 
0.999878 0.00752553 0.0137153 -143.328 -0.00781331 0.999748 0.0210547 -13.3022 -0.0135534 -0.0211593 0.999684 170.298 
0.999405 0.00767375 0.0336366 -143.33 -0.00831278 0.999787 0.0189007 -13.2854 -0.0334845 -0.019169 0.999255 171.621 
0.998562 0.00967339 0.0527299 -143.297 -0.0105584 0.999808 0.0165324 -13.2716 -0.0525599 -0.0170654 0.998472 172.931 
0.997349 0.00982766 0.0721011 -143.241 -0.010935 0.999828 0.0149797 -13.2611 -0.0719415 -0.0157283 0.997285 174.268 
0.995764 0.00995322 0.0914054 -143.176 -0.0110997 0.999866 0.0120432 -13.2475 -0.0912733 -0.0130068 0.995741 175.702 
0.993818 0.0109865 0.11048 -143.075 -0.0118237 0.999906 0.00692577 -13.2434 -0.110394 -0.00818919 0.993854 177.066 
0.991612 0.0127119 0.128624 -142.937 -0.0128774 0.999917 0.000455467 -13.2507 -0.128607 -0.00210795 0.991693 178.413 
0.989105 0.0147431 0.146471 -142.778 -0.0142604 0.999889 -0.00434473 -13.2682 -0.146519 0.00220871 0.989205 179.855 
0.98625 0.0172294 0.16436 -142.581 -0.0160825 0.999836 -0.00830594 -13.2886 -0.164476 0.00554845 0.986366 181.304 
0.983058 0.0193855 0.182265 -142.351 -0.0176897 0.999784 -0.0109249 -13.3149 -0.182437 0.0075157 0.983189 182.727 
0.979625 0.0188459 0.199949 -142.109 -0.017102 0.999799 -0.010445 -13.3424 -0.200106 0.00681269 0.979751 184.133 
0.975927 0.0181847 0.21734 -141.835 -0.0162099 0.99981 -0.0108653 -13.3754 -0.217496 0.00708068 0.976036 185.568 
0.971879 0.0181706 0.234779 -141.549 -0.0148671 0.999764 -0.015833 -13.4031 -0.235011 0.0118973 0.97192 186.99 
0.967634 0.0194229 0.251608 -141.234 -0.0148636 0.999689 -0.0200084 -13.4324 -0.251919 0.015621 0.967622 188.41 
0.962985 0.0216765 0.268683 -140.86 -0.0168608 0.999653 -0.0202183 -13.4646 -0.269028 0.0149398 0.963016 190.006 
0.957872 0.0239119 0.2862 -140.483 -0.0187916 0.999611 -0.0206241 -13.5075 -0.286582 0.0143771 0.957948 191.417 
0.952413 0.0275425 0.303565 -140.016 -0.021391 0.999493 -0.0235712 -13.5552 -0.304061 0.0159559 0.952519 192.91 
0.946671 0.0283256 0.320954 -139.525 -0.0205552 0.999408 -0.0275733 -13.6035 -0.321545 0.0195056 0.946693 194.492 
0.940608 0.0293082 0.338227 -139.043 -0.0204221 0.999347 -0.0298018 -13.6578 -0.33888 0.0211245 0.940593 195.953 
0.934219 0.0294905 0.355478 -138.486 -0.0183154 0.999228 -0.0347617 -13.7295 -0.356229 0.0259643 0.934038 197.483 
0.926678 0.0326945 0.374432 -137.958 -0.0188942 0.999002 -0.0404693 -13.7978 -0.375381 0.0304274 0.926371 198.886 
0.917581 0.0362698 0.395892 -137.338 -0.020533 0.998824 -0.0439172 -13.8718 -0.397019 0.0321688 0.917246 200.448 
0.906943 0.0395515 0.419394 -136.666 -0.0226157 0.998718 -0.0452789 -13.944 -0.420647 0.0315805 0.906675 201.961 
0.893636 0.0441159 0.446619 -136.069 -0.0260234 0.998576 -0.0465668 -14.1702 -0.448037 0.0299912 0.893512 203.807 
0.880329 0.0484286 0.471885 -135.349 -0.0281865 0.998358 -0.0498759 -14.2523 -0.473526 0.0306064 0.880248 205.303 
0.866417 0.0528268 0.496518 -134.517 -0.030283 0.998117 -0.0533507 -14.3364 -0.498402 0.0311879 0.866385 206.857 
0.851945 0.0545532 0.520782 -133.711 -0.0298914 0.998003 -0.0556441 -14.4272 -0.522778 0.0318388 0.851874 208.317 
0.836922 0.0566275 0.544386 -132.812 -0.0299994 0.997884 -0.0576805 -14.5532 -0.5465 0.0319429 0.83685 209.794 
0.821302 0.0588498 0.567451 -131.88 -0.0283769 0.997648 -0.0623937 -14.6712 -0.569788 0.0351416 0.82104 211.223 
0.805233 0.0613168 0.58978 -130.948 -0.0265077 0.997367 -0.0675005 -14.7964 -0.592366 0.0387199 0.804738 212.629 
0.789716 0.0633657 0.610191 -130 -0.0255118 0.997183 -0.0705353 -14.9217 -0.612942 0.0401359 0.789108 213.947 
0.774115 0.0648156 0.629718 -129.036 -0.0236129 0.997009 -0.0735926 -15.0495 -0.632605 0.0420997 0.77333 215.224 
0.758959 0.0652728 0.647858 -128.012 -0.0217027 0.996946 -0.0750195 -15.1871 -0.650776 0.0428765 0.758058 216.49 
0.744177 0.0662259 0.664692 -126.947 -0.0204257 0.996864 -0.0764533 -15.3291 -0.667671 0.043318 0.743196 217.729 
0.729707 0.0669427 0.680475 -125.849 -0.0178566 0.996722 -0.0789054 -15.4662 -0.683527 0.0454269 0.728511 218.937 
0.715341 0.0683507 0.695425 -124.73 -0.0156267 0.996521 -0.08187 -15.6285 -0.698601 0.0476978 0.71392 220.125 
0.700825 0.0705749 0.709833 -123.58 -0.0133806 0.996219 -0.0858379 -15.7865 -0.713208 0.0506593 0.69912 221.286 
0.686168 0.0723051 0.723841 -122.38 -0.0121648 0.996049 -0.0879644 -15.9678 -0.727342 0.051553 0.684337 222.436 
0.670774 0.0736662 0.737994 -121.143 -0.011893 0.995995 -0.08861 -16.142 -0.741566 0.0506604 0.668964 223.59 
0.6548 0.0750284 0.752069 -119.96 -0.0126871 0.996012 -0.0883185 -16.3063 -0.755696 0.0482895 0.65314 224.667 
0.638189 0.0763429 0.766086 -118.772 -0.0150127 0.996116 -0.0867599 -16.4628 -0.769734 0.0438682 0.636856 225.701 
0.621118 0.0774853 0.779877 -117.548 -0.0175752 0.996227 -0.0849835 -16.6249 -0.78352 0.0390783 0.620137 226.711 
0.604148 0.0794089 0.792906 -116.343 -0.0204253 0.996239 -0.0842096 -16.7846 -0.79661 0.0346798 0.603498 227.675 
0.587042 0.082482 0.805344 -115.135 -0.0212441 0.996023 -0.0865255 -16.9423 -0.809278 0.0336853 0.58646 228.6 
0.56969 0.0860912 0.817338 -113.913 -0.023452 0.995796 -0.0885421 -17.1019 -0.821525 0.0312733 0.569314 229.5 
0.551385 0.0861747 0.829788 -112.673 -0.0234222 0.995858 -0.0878575 -17.2636 -0.833922 0.0290078 0.551119 230.361 
0.531559 0.0852625 0.842719 -111.419 -0.0241895 0.996043 -0.0855171 -17.4209 -0.846676 0.0250725 0.531518 231.191 
0.511299 0.0834159 0.855345 -110.149 -0.0240102 0.996276 -0.0828073 -17.5765 -0.859067 0.0218023 0.511398 231.989 
0.490627 0.0820486 0.867499 -108.883 -0.0244322 0.996461 -0.0804279 -17.7278 -0.871027 0.0182651 0.490895 232.744 
0.470139 0.0809656 0.878871 -107.614 -0.0234601 0.996578 -0.0792596 -17.8719 -0.88228 0.0166447 0.47043 233.461 
0.449431 0.0805372 0.889677 -106.339 -0.02272 0.996636 -0.0787422 -18.0163 -0.893026 0.0151758 0.449749 234.148 
0.429489 0.0796092 0.899556 -105.059 -0.0200836 0.996703 -0.0786176 -18.1534 -0.902849 0.0156991 0.429672 234.787 
0.409165 0.0797587 0.908968 -103.759 -0.0176461 0.996678 -0.0795116 -18.2947 -0.91229 0.0164936 0.409213 235.414 
0.389026 0.0789943 0.917834 -102.469 -0.0139356 0.996707 -0.0798759 -18.4355 -0.921121 0.0182833 0.388846 235.993 
0.368784 0.0770999 0.926312 -101.193 -0.0121237 0.996868 -0.0781458 -18.5721 -0.929436 0.0175886 0.368564 236.525 
0.348599 0.0768934 0.934112 -99.8955 -0.0110721 0.996897 -0.0779296 -18.7064 -0.937207 0.0168237 0.348369 237.054 
0.329194 0.0815556 0.940734 -98.6034 -0.0113162 0.996532 -0.0824331 -18.8447 -0.944194 0.016491 0.328976 237.532 
0.31051 0.0906446 0.946238 -97.3216 -0.0122867 0.995743 -0.0913548 -18.9884 -0.950491 0.0167405 0.310302 237.978 
0.291611 0.0985102 0.951451 -96.0378 -0.0144509 0.995023 -0.0985924 -19.136 -0.956428 0.0150014 0.291584 238.406 
0.272365 0.102612 0.956707 -94.7616 -0.0170445 0.994656 -0.10183 -19.29 -0.962043 0.0114283 0.272658 238.806 
0.252724 0.104009 0.961932 -93.478 -0.0198912 0.994554 -0.10231 -19.451 -0.967334 0.00672219 0.253416 239.187 
0.232957 0.104362 0.966871 -92.1996 -0.0237343 0.994539 -0.10163 -19.608 -0.972197 0.000727453 0.234162 239.54 
0.213704 0.104653 0.971277 -90.9311 -0.0254847 0.994504 -0.101548 -19.7645 -0.976566 -0.00305142 0.215197 239.862 
0.194583 0.103133 0.975449 -89.6691 -0.0256651 0.994652 -0.100044 -19.9161 -0.98055 -0.00556815 0.196189 240.157 
0.175851 0.103302 0.978982 -88.42 -0.0256306 0.994622 -0.100348 -20.061 -0.984083 -0.00744556 0.177553 240.423 
0.157304 0.104107 0.982047 -87.1825 -0.0252166 0.994527 -0.101391 -20.2063 -0.987228 -0.00881466 0.159069 240.658 
0.138415 0.107759 0.984494 -85.9527 -0.0290688 0.994077 -0.104721 -20.3512 -0.989948 -0.0141232 0.140727 240.869 
0.120278 0.109617 0.98667 -84.7152 -0.028839 0.993852 -0.106899 -20.4989 -0.992321 -0.0155969 0.1227 241.051 
0.103463 0.106757 0.988887 -83.4794 -0.0290624 0.994123 -0.104282 -20.65 -0.994209 -0.0179502 0.105957 241.209 
0.0882232 0.102262 0.990838 -82.2726 -0.0265742 0.994604 -0.100285 -20.7965 -0.995746 -0.0174833 0.0904646 241.339 
0.0742745 0.0981457 0.992396 -81.0827 -0.0261891 0.994994 -0.0964424 -20.9349 -0.996894 -0.0188268 0.0764731 241.451 
0.0619835 0.0947749 0.993567 -79.9123 -0.0240249 0.995335 -0.0934447 -21.0696 -0.997788 -0.0180783 0.0639713 241.54 
0.0515844 0.0949756 0.994142 -78.7481 -0.0236659 0.995304 -0.0938586 -21.2013 -0.998388 -0.0186856 0.0535899 241.622 
0.0429603 0.0973876 0.994319 -77.5915 -0.0241076 0.995049 -0.0964174 -21.3324 -0.998786 -0.0198285 0.0450954 241.697 
0.0362586 0.0992881 0.994398 -76.452 -0.0254115 0.994822 -0.0984038 -21.4594 -0.999019 -0.0217011 0.0385939 241.76 
0.0304508 0.103473 0.994166 -75.3321 -0.026048 0.994372 -0.102697 -21.5923 -0.999197 -0.0227688 0.0329747 241.816 
0.0251501 0.112199 0.993367 -74.2294 -0.0255579 0.993429 -0.111559 -21.7274 -0.999357 -0.0225827 0.0278524 241.864 
0.0203462 0.115008 0.993156 -73.1354 -0.0275185 0.99305 -0.114432 -21.8581 -0.999414 -0.025002 0.0233697 241.911 
0.0168746 0.10662 0.994157 -72.0391 -0.0264404 0.993998 -0.106154 -21.9934 -0.999508 -0.0244946 0.0195924 241.947 
0.0144733 0.0969031 0.995189 -70.9457 -0.0253126 0.995009 -0.0965175 -22.1232 -0.999575 -0.0237939 0.016854 241.985 
0.0130534 0.0933034 0.995552 -69.8608 -0.024727 0.995363 -0.0929613 -22.2448 -0.999609 -0.0234036 0.0152999 242.024 
0.0130015 0.0954203 0.995352 -68.7892 -0.0256791 0.99514 -0.0950645 -22.3629 -0.999586 -0.0243238 0.0153887 242.064 
0.0131839 0.0984761 0.995052 -67.7328 -0.0251517 0.994856 -0.0981235 -22.4827 -0.999597 -0.0237336 0.0155929 242.107 
0.0147073 0.100988 0.994779 -66.6888 -0.0275496 0.99455 -0.100557 -22.6034 -0.999512 -0.0259269 0.0174093 242.152 
0.0166415 0.101785 0.994667 -65.6546 -0.0297253 0.994416 -0.101261 -22.7236 -0.99942 -0.0278817 0.0195741 242.196 
0.0198498 0.103452 0.994436 -64.6325 -0.0306074 0.994229 -0.102819 -22.842 -0.999334 -0.0283961 0.0229016 242.239 
0.0235469 0.104529 0.994243 -63.6157 -0.0329393 0.99406 -0.10373 -22.9613 -0.99918 -0.0303072 0.0268501 242.289 
0.0282664 0.105851 0.99398 -62.6077 -0.0344734 0.993889 -0.104861 -23.0785 -0.999006 -0.0313019 0.0317427 242.342 
0.0345102 0.104913 0.993882 -61.6003 -0.0353259 0.993981 -0.103697 -23.1964 -0.99878 -0.0315312 0.0380087 242.403 
0.0411669 0.103574 0.99377 -60.595 -0.0343494 0.994171 -0.102192 -23.3158 -0.998562 -0.0299285 0.0444846 242.465 
0.0484766 0.10281 0.993519 -59.597 -0.0323883 0.994327 -0.101313 -23.4331 -0.998299 -0.0272671 0.0515314 242.531 
0.0557912 0.103737 0.993039 -58.607 -0.031322 0.99428 -0.102106 -23.5477 -0.997951 -0.0254073 0.0587213 242.605 
0.0626033 0.103714 0.992635 -57.6177 -0.0320051 0.994283 -0.101868 -23.6611 -0.997525 -0.0253922 0.0655648 242.689 
0.0691692 0.102658 0.992309 -56.6357 -0.0330527 0.994381 -0.100568 -23.7743 -0.997057 -0.0258422 0.0721737 242.782 
0.0758007 0.100605 0.992035 -55.6511 -0.0338863 0.994582 -0.0982741 -23.8862 -0.996547 -0.0261672 0.0787992 242.88 
0.0824557 0.099121 0.991653 -54.6687 -0.0339585 0.994743 -0.0966062 -23.9974 -0.996016 -0.0257093 0.0853883 242.984 
0.0892417 0.0997353 0.991004 -53.6977 -0.0341815 0.994695 -0.0970286 -24.108 -0.995423 -0.025215 0.0921773 243.095 
0.0960697 0.101876 0.990147 -52.7295 -0.0336434 0.994512 -0.099061 -24.2172 -0.994806 -0.0237952 0.0989699 243.211 
0.102621 0.103376 0.989334 -51.7638 -0.0335067 0.99438 -0.100428 -24.3246 -0.994156 -0.0228433 0.105508 243.332 
0.108824 0.105304 0.988468 -50.8061 -0.0354682 0.994152 -0.102004 -24.4356 -0.993428 -0.0239587 0.111922 243.463 
0.114904 0.10606 0.987699 -49.8523 -0.0377429 0.994032 -0.102349 -24.5445 -0.992659 -0.0255182 0.118221 243.604 
0.121523 0.105715 0.986943 -48.8978 -0.0384444 0.994068 -0.101744 -24.6552 -0.991844 -0.0255782 0.124866 243.749 
0.127476 0.103551 0.986421 -47.9434 -0.0396384 0.994273 -0.0992526 -24.7643 -0.991049 -0.0264479 0.13085 243.9 
0.133567 0.101989 0.985778 -46.9889 -0.0398617 0.994439 -0.0974836 -24.8732 -0.990238 -0.0262742 0.13689 244.055 
0.139894 0.101328 0.984968 -46.0404 -0.0397978 0.994522 -0.0966579 -24.9799 -0.989366 -0.0256777 0.14316 244.213 
0.146739 0.102564 0.983844 -45.0968 -0.0399075 0.994414 -0.0977141 -25.0843 -0.98837 -0.0249243 0.150012 244.376 
0.153899 0.102799 0.982725 -44.1568 -0.0376236 0.994462 -0.0981348 -25.1895 -0.98737 -0.0218708 0.156914 244.542 
0.162559 0.104476 0.981152 -43.2206 -0.0364684 0.994335 -0.0998376 -25.2957 -0.986025 -0.0195514 0.165449 244.716 
