1 2.12261e-08 -2.11895e-08 0 2.12261e-08 1 2.10703e-08 0 -2.11895e-08 2.10703e-08 1 0 
0.999873 0.00151235 0.0158517 0.00873575 -0.00149711 0.999998 -0.000970395 -0.00118883 -0.0158532 0.000946582 0.999874 0.125652 
0.999291 0.00450312 0.0373794 0.0225536 -0.00448531 0.99999 -0.000559228 -0.00274935 -0.0373816 0.000391214 0.999301 0.265502 
0.997886 0.00617789 0.0646966 0.0500684 -0.00624455 0.99998 0.00082889 -0.00490778 -0.0646902 -0.0012311 0.997905 0.419659 
0.995063 0.00583376 0.0990716 0.0892613 -0.00617145 0.999976 0.00310296 -0.00615696 -0.0990512 -0.00369902 0.995076 0.590717 
0.99049 0.00280572 0.137553 0.14479 -0.00354286 0.999981 0.00511475 -0.00692901 -0.137536 -0.00555341 0.990481 0.77036 
0.98413 -0.000135753 0.177447 0.215226 -0.000858111 0.999984 0.00552442 -0.00695594 -0.177445 -0.00558898 0.984115 0.958355 
0.97519 -9.9563e-05 0.221369 0.296395 -0.00140062 0.999977 0.00662007 -0.00515208 -0.221365 -0.00676584 0.975168 1.15532 
0.962969 7.24724e-05 0.269612 0.390133 -0.00270048 0.999952 0.00937663 -0.0024921 -0.269599 -0.00975745 0.962923 1.36167 
0.948355 -0.00390132 0.317186 0.506803 -0.001434 0.999861 0.0165857 -0.00494589 -0.317207 -0.016184 0.948218 1.57333 
0.931182 -0.0131188 0.36432 0.645368 0.00452513 0.999691 0.024432 -0.00744311 -0.364528 -0.021102 0.930953 1.7833 
0.909531 -0.0183491 0.415231 0.790977 0.00706678 0.999563 0.0286917 -0.00623024 -0.415576 -0.0231616 0.909264 1.99241 
0.883863 -0.0195732 0.467336 0.948255 0.004918 0.999458 0.0325585 -0.00357015 -0.46772 -0.0264788 0.88348 2.20541 
0.855067 -0.0218772 0.518056 1.10643 0.00306159 0.999305 0.0371468 -0.00548017 -0.518509 -0.0301769 0.85454 2.40435 
0.822142 -0.0267439 0.568654 1.28365 0.00384122 0.999134 0.041436 -0.00628706 -0.56927 -0.0318819 0.821532 2.60091 
0.785495 -0.0322837 0.618025 1.48416 0.00580231 0.998979 0.044809 -0.00846412 -0.618841 -0.0316113 0.78488 2.79382 
0.746758 -0.036258 0.664107 1.70871 0.00630153 0.998854 0.0474483 -0.00637452 -0.665066 -0.0312475 0.74613 2.98978 
0.706042 -0.0392244 0.707083 1.95957 0.00700629 0.998803 0.0484112 0.00150184 -0.708136 -0.0292263 0.705471 3.18913 
0.663327 -0.0408527 0.747214 2.23382 0.00580031 0.998759 0.0494565 0.0136045 -0.748307 -0.0284718 0.662741 3.3924 
0.619893 -0.0407495 0.783627 2.53165 0.000525961 0.998672 0.0515161 0.0247066 -0.784686 -0.0315223 0.619091 3.59933 
0.577288 -0.0414208 0.815489 2.85895 -0.00268574 0.998611 0.0526233 0.0368891 -0.816536 -0.032569 0.576375 3.80613 
0.53627 -0.0425983 0.842971 3.21788 -0.0048525 0.998554 0.0535474 0.0518219 -0.844033 -0.0328064 0.535287 4.01079 
0.496955 -0.0447129 0.866623 3.61194 -0.00648881 0.998452 0.0552356 0.0685678 -0.867752 -0.033073 0.495896 4.21435 
0.458986 -0.0443289 0.887337 4.02922 -0.00963589 0.998447 0.054864 0.0864757 -0.888391 -0.0337321 0.457846 4.41341 
0.421986 -0.0435516 0.905556 4.47267 -0.0106471 0.998539 0.0529851 0.106139 -0.90654 -0.0320005 0.420906 4.60396 
0.388009 -0.0420952 0.920694 4.94813 -0.00936456 0.998725 0.0496094 0.128587 -0.921608 -0.0278708 0.38712 4.78587 
0.35802 -0.0402321 0.932847 5.45281 -0.00734838 0.998919 0.045902 0.150975 -0.933685 -0.0232887 0.357337 4.96399 
0.332378 -0.0382551 0.94237 5.98708 -0.00616614 0.999068 0.0427315 0.174778 -0.943126 -0.0200138 0.331832 5.1424 
0.312047 -0.0375824 0.949323 6.55257 -0.00491505 0.99914 0.0411703 0.199731 -0.950054 -0.017513 0.311594 5.32224 
0.297366 -0.0380901 0.954004 7.14839 -0.00388385 0.999147 0.0411032 0.223692 -0.954756 -0.0159279 0.296964 5.50631 
0.285801 -0.0394854 0.957475 7.77226 -0.00289303 0.999111 0.042066 0.24767 -0.958285 -0.0147925 0.285432 5.69258 
0.27494 -0.0413129 0.960573 8.41912 -0.00409083 0.999017 0.0441372 0.271516 -0.961453 -0.0160646 0.274501 5.882 
0.264347 -0.0429471 0.963471 9.09199 -0.00542271 0.998926 0.0460154 0.299431 -0.964412 -0.0173887 0.26383 6.07389 
0.254215 -0.0446779 0.966115 9.79053 -0.00616098 0.998837 0.0478123 0.328839 -0.967128 -0.0181068 0.253644 6.26475 
0.243945 -0.0464297 0.968677 10.5117 -0.00710435 0.998741 0.0496598 0.360094 -0.969763 -0.0189961 0.243308 6.45517 
0.233498 -0.0478395 0.97118 11.2535 -0.00718239 0.998677 0.0509209 0.392952 -0.972331 -0.0188653 0.232845 6.64078 
0.223149 -0.049036 0.97355 12.013 -0.00719944 0.998624 0.0519492 0.427262 -0.974758 -0.0186014 0.222489 6.822 
0.212624 -0.051856 0.975757 12.7902 -0.00852236 0.998454 0.0549194 0.461253 -0.977097 -0.0199929 0.211853 7.00072 
0.201341 -0.0553839 0.977954 13.578 -0.0102513 0.998226 0.0586425 0.497832 -0.979468 -0.0218324 0.200416 7.17289 
0.189142 -0.059177 0.980165 14.3729 -0.0110758 0.99799 0.0623906 0.534302 -0.981887 -0.0226568 0.188106 7.33516 
0.176211 -0.0613134 0.982441 15.172 -0.0120713 0.997849 0.0644401 0.571493 -0.984278 -0.0232144 0.175092 7.48707 
0.162153 -0.061812 0.984828 15.9761 -0.012449 0.997829 0.0646778 0.609364 -0.986687 -0.0227478 0.161031 7.62937 
0.147784 -0.0606824 0.987156 16.7864 -0.0138288 0.997892 0.0634127 0.648109 -0.988923 -0.0230226 0.146634 7.75909 
0.131188 -0.0595403 0.989568 17.6034 -0.0144277 0.997974 0.0619588 0.68609 -0.991253 -0.0224054 0.130063 7.87514 
0.11073 -0.0578503 0.992166 18.4268 -0.0170328 0.998047 0.0600943 0.722987 -0.993705 -0.0235535 0.109528 7.97623 
0.0849773 -0.0564737 0.994781 19.2583 -0.0215781 0.998054 0.0585028 0.758617 -0.996149 -0.0264369 0.0835934 8.05902 
0.0543501 -0.0558291 0.99696 20.0939 -0.0255128 0.998032 0.05728 0.793496 -0.998196 -0.0285484 0.0528188 8.11482 
0.0208753 -0.0555736 0.998236 20.9295 -0.0285743 0.998013 0.0561587 0.825981 -0.999374 -0.0296962 0.0192459 8.14022 
-0.013775 -0.0549636 0.998393 21.7672 -0.0301495 0.998057 0.0545292 0.855125 -0.999451 -0.0293499 -0.0154054 8.13475 
-0.0478269 -0.0537107 0.997411 22.6045 -0.0310421 0.998151 0.0522622 0.883109 -0.998373 -0.0284622 -0.0494057 8.09934 
-0.0808515 -0.0517625 0.995381 23.4408 -0.0331181 0.998239 0.0492211 0.909275 -0.996176 -0.0289855 -0.0824233 8.03819 
-0.113341 -0.0488787 0.992353 24.2743 -0.0352724 0.998358 0.0451459 0.931548 -0.99293 -0.0298858 -0.114879 7.951 
-0.145777 -0.0443098 0.988325 25.1045 -0.0322836 0.998678 0.0400122 0.950714 -0.988791 -0.0260739 -0.147015 7.8292 
-0.17732 -0.0383012 0.983408 25.9281 -0.0267595 0.999061 0.0340859 0.965836 -0.983789 -0.0202714 -0.178178 7.67652 
-0.2077 -0.0319331 0.977671 26.7502 -0.0203303 0.999392 0.0283235 0.976679 -0.977981 -0.0139936 -0.208223 7.4963 
-0.236595 -0.0262391 0.971254 27.5697 -0.0142629 0.999621 0.0235311 0.982592 -0.971504 -0.00828554 -0.236879 7.29054 
-0.264376 -0.0200726 0.964211 28.382 -0.00567583 0.999798 0.0192572 0.983817 -0.964403 -0.000381542 -0.264437 7.05838 
-0.290517 -0.00968141 0.956821 29.1841 0.000309042 0.999948 0.0102117 0.976878 -0.95687 0.00326235 -0.290499 6.80671 
-0.31579 0.00586892 0.948811 29.969 0.00504877 0.999977 -0.004505 0.961971 -0.948816 0.00336769 -0.315812 6.54109 
-0.340493 0.0231422 0.939962 30.7433 0.00607102 0.99973 -0.0224145 0.940328 -0.940227 -0.00192546 -0.340542 6.26305 
-0.365572 0.0380038 0.930007 31.505 0.00634153 0.999245 -0.0383403 0.90838 -0.930761 -0.0081185 -0.365537 5.9687 
-0.389747 0.0485252 0.919643 32.2617 0.0103566 0.998779 -0.0483116 0.863652 -0.920864 -0.00930498 -0.389774 5.6466 
-0.412922 0.0526476 0.909244 33.0147 0.0135879 0.998573 -0.0516492 0.809923 -0.910665 -0.00897236 -0.413048 5.30188 
-0.435346 0.0524599 0.898734 33.7566 0.0174679 0.998605 -0.0498281 0.755161 -0.900094 -0.00599345 -0.435655 4.94116 
-0.45525 0.0482863 0.889054 34.4855 0.0211375 0.998833 -0.0434249 0.700804 -0.890113 -0.000976832 -0.455739 4.56677 
-0.472738 0.0472404 0.879936 35.2014 0.0291547 0.998854 -0.0379616 0.650268 -0.88072 0.00770833 -0.473574 4.17252 
-0.486218 0.047788 0.87253 35.9068 0.0315152 0.998813 -0.0371426 0.601547 -0.873269 0.00943852 -0.487147 3.77755 
-0.497146 0.0519085 0.866113 36.6052 0.0355996 0.998589 -0.039414 0.553112 -0.866936 0.0112388 -0.498293 3.37844 
-0.506887 0.0544387 0.860292 37.295 0.0364321 0.998465 -0.0417163 0.505296 -0.861242 0.0101967 -0.508093 2.97774 
-0.517578 0.0537267 0.853948 37.9801 0.0305887 0.998551 -0.0442846 0.453817 -0.855089 0.00320045 -0.518471 2.57951 
-0.528574 0.0523615 0.847271 38.6624 0.0301204 0.998624 -0.0429244 0.404265 -0.848352 0.0028314 -0.529424 2.16912 
-0.537227 0.0537037 0.841726 39.3404 0.0320518 0.99855 -0.0432525 0.358942 -0.842828 0.00374243 -0.53817 1.74374 
-0.544421 0.0567394 0.836891 40.0227 0.0351701 0.998376 -0.0448086 0.310557 -0.838075 0.00503878 -0.545532 1.30622 
-0.547918 0.0596503 0.834403 40.7164 0.0361786 0.998211 -0.0476037 0.265115 -0.83575 0.00410464 -0.549096 0.86454 
-0.547712 0.0618612 0.834377 41.4264 0.0358629 0.998082 -0.0504568 0.21991 -0.835898 0.00228738 -0.54888 0.415034 
-0.544536 0.0620686 0.836438 42.1541 0.0376555 0.998062 -0.0495476 0.171606 -0.837892 0.00451597 -0.545818 -0.0428483 
-0.538768 0.0609638 0.840245 42.9011 0.0356665 0.998135 -0.0495499 0.12002 -0.841699 0.00327264 -0.539938 -0.500219 
-0.531912 0.0596802 0.844694 43.6708 0.0333532 0.998216 -0.0495241 0.0697548 -0.846143 0.00183079 -0.532953 -0.961633 
-0.524827 0.0592534 0.849144 44.455 0.0316214 0.998243 -0.0501134 0.0174452 -0.850621 0.000550229 -0.525779 -1.42477 
-0.518638 0.0577902 0.853039 45.2553 0.0285796 0.998327 -0.0502569 -0.0373159 -0.854516 -0.00168567 -0.519422 -1.88578 
-0.514601 0.0554132 0.855638 46.0733 0.0238742 0.998449 -0.0503035 -0.0910418 -0.857098 -0.00545857 -0.515125 -2.34744 
-0.513579 0.0527469 0.856419 46.9061 0.0195747 0.998569 -0.0497633 -0.147533 -0.857819 -0.00879327 -0.513877 -2.81536 
-0.514231 0.0501017 0.856187 47.7503 0.0162179 0.998682 -0.0486995 -0.20535 -0.857499 -0.0111572 -0.514366 -3.29254 
-0.515342 0.0490702 0.855578 48.6016 0.0151235 0.998725 -0.0481707 -0.263582 -0.856851 -0.0118851 -0.515427 -3.77984 
-0.515924 0.0482799 0.855273 49.4614 0.0149016 0.998765 -0.0473909 -0.321694 -0.856505 -0.0117052 -0.516007 -4.27714 
-0.51632 0.0478557 0.855058 50.3304 0.014866 0.998788 -0.0469232 -0.380421 -0.856267 -0.0115161 -0.516405 -4.77986 
-0.516639 0.0469566 0.854915 51.2111 0.0150477 0.998839 -0.0457681 -0.43936 -0.856071 -0.0107811 -0.516746 -5.28897 
-0.51721 0.0465391 0.854592 52.0992 0.0144346 0.998853 -0.0456592 -0.499966 -0.855737 -0.0112797 -0.517288 -5.80128 
-0.517678 0.0448505 0.854399 52.9968 0.0124967 0.998915 -0.0448649 -0.560785 -0.855484 -0.0125484 -0.517677 -6.31657 
-0.517931 0.0441462 0.854283 53.8833 0.0119919 0.998944 -0.0443514 -0.623866 -0.855338 -0.0127264 -0.517913 -6.82911 
-0.517457 0.043403 0.854608 54.768 0.0107497 0.998964 -0.0442255 -0.685988 -0.855642 -0.0136981 -0.517387 -7.34085 
-0.516238 0.0418825 0.85542 55.6556 0.0103926 0.999036 -0.0426422 -0.748713 -0.856382 -0.0131235 -0.516176 -7.85477 
-0.514343 0.0398302 0.856659 56.5429 0.0106152 0.99914 -0.0400814 -0.810337 -0.857519 -0.0115219 -0.514323 -8.3656 
-0.512071 0.0382823 0.85809 57.4283 0.0107748 0.999214 -0.0381483 -0.871844 -0.858875 -0.0102889 -0.512081 -8.87173 
-0.50991 0.0379353 0.859391 58.318 0.0108106 0.999231 -0.0376937 -0.931297 -0.86016 -0.00992988 -0.509928 -9.37456 
-0.508234 0.0381701 0.860373 59.2084 0.0110211 0.999224 -0.0378199 -0.989189 -0.861148 -0.00973906 -0.50826 -9.8751 
-0.507694 0.0386593 0.86067 60.1007 0.0108874 0.999201 -0.0384595 -1.0475 -0.861469 -0.0101552 -0.507709 -10.3728 
-0.508882 0.0398721 0.859913 60.9799 0.0100167 0.999133 -0.0403997 -1.10776 -0.860778 -0.0119452 -0.50884 -10.8678 
-0.512072 0.0415682 0.857936 61.8544 0.00868547 0.999028 -0.0432203 -1.16871 -0.858899 -0.0146803 -0.511935 -11.3626 
-0.516736 0.0419704 0.855116 62.7221 0.00733385 0.998978 -0.0445996 -1.23025 -0.856114 -0.0167749 -0.516515 -11.8625 
-0.522172 0.0407303 0.851867 63.5852 0.00875733 0.999062 -0.0424001 -1.29076 -0.852795 -0.0146801 -0.522039 -12.3729 
-0.527535 0.038578 0.848657 64.4428 0.0100759 0.999182 -0.0391573 -1.3513 -0.849473 -0.0121059 -0.527492 -12.8906 
-0.53284 0.0361693 0.845442 65.2975 0.00731806 0.999246 -0.038137 -1.40999 -0.846184 -0.014134 -0.532703 -13.4059 
-0.537874 0.039548 0.842097 66.139 0.0094232 0.999119 -0.0409033 -1.46635 -0.842973 -0.0140656 -0.537773 -13.9265 
-0.543006 0.0411961 0.838718 66.9711 0.00985581 0.99904 -0.0426899 -1.52265 -0.839671 -0.0149146 -0.54289 -14.4463 
-0.547578 0.0421482 0.835693 67.7972 0.00875962 0.998965 -0.0446431 -1.58356 -0.836709 -0.0171253 -0.54738 -14.9644 
-0.551353 0.0422122 0.833204 68.6214 0.00737525 0.998927 -0.0457277 -1.64432 -0.83424 -0.019067 -0.551072 -15.4866 
-0.554494 0.0416641 0.831144 69.437 0.0085123 0.998978 -0.0443984 -1.70494 -0.832144 -0.0175437 -0.554282 -16.0145 
-0.556714 0.0350654 0.829964 70.2581 0.00943385 0.999311 -0.0358922 -1.75896 -0.830651 -0.0121519 -0.556661 -16.5496 
-0.558837 0.0262529 0.828862 71.0757 0.00869569 0.999629 -0.0257988 -1.81288 -0.829232 -0.00720981 -0.558858 -17.0828 
-0.560237 0.025064 0.827953 71.8846 0.0100565 0.999674 -0.0234576 -1.85994 -0.828271 -0.00481552 -0.560307 -17.612 
-0.561405 0.0294141 0.827019 72.6824 0.00974082 0.999534 -0.0289375 -1.90107 -0.827484 -0.0081898 -0.561429 -18.1343 
-0.562471 0.0360038 0.826033 73.4771 0.0119161 0.999301 -0.0354418 -1.94831 -0.826731 -0.0100919 -0.562507 -18.66 
-0.562753 0.0398589 0.825664 74.271 0.0172321 0.999185 -0.0364907 -1.99529 -0.826446 -0.00630737 -0.562981 -19.1937 
-0.562583 0.0412507 0.825711 75.0614 0.0207411 0.999144 -0.0357834 -2.04732 -0.826481 -0.00300494 -0.562957 -19.7264 
-0.562034 0.0378028 0.82625 75.8538 0.0192203 0.999282 -0.0326453 -2.09519 -0.826891 -0.00246701 -0.562357 -20.251 
-0.561311 0.0331462 0.826941 76.6477 0.0179991 0.99945 -0.0278435 -2.13804 -0.827409 -0.000744668 -0.561599 -20.7725 
-0.560449 0.026478 0.827765 77.4428 0.0147637 0.999649 -0.0219801 -2.18152 -0.828057 -9.78901e-05 -0.560644 -21.2913 
-0.559977 0.0208222 0.828247 78.2414 0.0061658 0.999761 -0.0209654 -2.22168 -0.828485 -0.00663334 -0.559971 -21.7982 
-0.558431 0.0155968 0.829405 79.0409 -0.00154948 0.999802 -0.0198443 -2.25322 -0.82955 -0.0123668 -0.558296 -22.3003 
-0.55638 0.0164601 0.830765 79.8329 0.00173212 0.999825 -0.0186497 -2.28903 -0.830926 -0.00893732 -0.556311 -22.8162 
-0.553255 0.0196744 0.83278 80.6182 0.0056185 0.999786 -0.0198873 -2.32775 -0.832993 -0.00632379 -0.553247 -23.3265 
-0.547932 0.0229789 0.836207 81.4061 0.00771893 0.999719 -0.0224142 -2.36111 -0.836487 -0.00582685 -0.547955 -23.827 
-0.539987 0.0253646 0.841291 82.197 0.0128328 0.999678 -0.0219031 -2.39772 -0.841576 -0.00103133 -0.540138 -24.3281 
-0.531735 0.028765 0.846422 82.9916 0.0202444 0.999569 -0.0212517 -2.43855 -0.846669 0.005835 -0.532088 -24.8228 
-0.521934 0.0277667 0.852534 83.7962 0.0174308 0.999609 -0.0218855 -2.47219 -0.852808 0.00343755 -0.522214 -25.2978 
-0.511026 0.025542 0.859186 84.6078 0.0151538 0.999671 -0.0207051 -2.50444 -0.859432 0.00243909 -0.511245 -25.7583 
-0.499401 0.0223961 0.866081 85.4232 0.0153702 0.999738 -0.0169895 -2.53895 -0.866234 0.00482725 -0.499614 -26.2121 
-0.488405 0.0218067 0.872345 86.2408 0.0150414 0.99975 -0.0165701 -2.57428 -0.872488 0.00502838 -0.48861 -26.6513 
-0.476587 0.02113 0.878874 87.064 0.015482 0.999758 -0.0156409 -2.60205 -0.878991 0.00615252 -0.476798 -27.0773 
-0.464628 0.0222824 0.885225 87.8901 0.0167809 0.999725 -0.0163567 -2.63406 -0.885347 0.00725514 -0.464875 -27.4948 
-0.452773 0.0259894 0.891247 88.7165 0.016346 0.999649 -0.0208464 -2.67378 -0.891476 0.0051296 -0.453039 -27.8956 
-0.441368 0.0354438 0.896626 89.5393 0.0190346 0.999365 -0.0301352 -2.70723 -0.897124 0.00376615 -0.441762 -28.285 
-0.428622 0.0400053 0.902598 90.371 0.0186225 0.999198 -0.0354434 -2.74571 -0.903292 0.00161681 -0.429023 -28.6627 
-0.417336 0.0366228 0.908014 91.2171 0.0171595 0.999327 -0.0324189 -2.79278 -0.90859 0.00205148 -0.417684 -29.0298 
-0.405777 0.032925 0.913379 92.0618 0.0155708 0.999455 -0.0291103 -2.83929 -0.913839 0.00240976 -0.406069 -29.3863 
-0.396029 0.0336631 0.917621 92.9008 0.0129547 0.999433 -0.0310733 -2.88785 -0.918147 -0.000418438 -0.396241 -29.7271 
-0.389264 0.0380616 0.92034 93.739 0.00798817 0.999248 -0.0379463 -2.93669 -0.921092 -0.00741928 -0.389275 -30.0556 
-0.384476 0.0429886 0.922134 94.5775 0.00231796 0.998957 -0.0456035 -2.98544 -0.923132 -0.015396 -0.384175 -30.3774 
-0.38116 0.0448256 0.923422 95.4166 -0.000710082 0.998809 -0.0487782 -3.03918 -0.924509 -0.019248 -0.380675 -30.6996 
-0.377594 0.0445542 0.924899 96.2552 -0.00192699 0.998802 -0.0489009 -3.09827 -0.925969 -0.020247 -0.377056 -31.0209 
-0.372554 0.0448373 0.926927 97.0922 -0.00228468 0.998785 -0.0492315 -3.15602 -0.928008 -0.0204591 -0.371999 -31.3382 
-0.366775 0.0405466 0.929426 97.9346 -0.00504795 0.998948 -0.0455715 -3.21313 -0.930296 -0.0214062 -0.366185 -31.6495 
-0.361524 0.0369496 0.93163 98.7792 -0.00496029 0.999124 -0.0415513 -3.26965 -0.93235 -0.0196429 -0.361024 -31.9572 
-0.355753 0.0338531 0.933967 99.6251 -0.00686546 0.999222 -0.0388335 -3.32573 -0.934555 -0.0202272 -0.355244 -32.2586 
-0.350253 0.0320746 0.936106 100.475 -0.0153357 0.999083 -0.0399704 -3.37614 -0.93653 -0.0283556 -0.34944 -32.5449 
-0.344362 0.0322511 0.938283 101.324 -0.0224697 0.99884 -0.0425793 -3.42604 -0.938568 -0.0357456 -0.343238 -32.8223 
-0.337752 0.0363924 0.940531 102.166 -0.0207213 0.998723 -0.0460852 -3.48057 -0.941007 -0.0350544 -0.336566 -33.1061 
-0.330681 0.0397545 0.942905 103.015 -0.0189349 0.998632 -0.0487446 -3.53408 -0.943553 -0.0339728 -0.329476 -33.3884 
-0.324378 0.0379372 0.945166 103.874 -0.0200564 0.998695 -0.0469691 -3.5862 -0.945715 -0.0341924 -0.323194 -33.6623 
-0.31743 0.0331679 0.947701 104.736 -0.0204305 0.998917 -0.0418035 -3.64274 -0.948062 -0.0326317 -0.316409 -33.9321 
-0.310487 0.0305615 0.950086 105.598 -0.0217788 0.998992 -0.0392519 -3.69701 -0.950328 -0.0328789 -0.309508 -34.1955 
-0.304176 0.0338732 0.952014 106.461 -0.0235177 0.998796 -0.0430518 -3.74588 -0.952326 -0.0354845 -0.303013 -34.4508 
-0.297857 0.036487 0.953913 107.314 -0.0230149 0.998704 -0.0453865 -3.79867 -0.954333 -0.0354729 -0.296631 -34.6977 
-0.291134 0.0369365 0.955969 108.17 -0.0256446 0.998594 -0.0463933 -3.85132 -0.956339 -0.0380221 -0.289777 -34.9371 
-0.284385 0.0363734 0.95802 109.027 -0.0259153 0.998623 -0.0456078 -3.9067 -0.95836 -0.0377976 -0.283051 -35.1703 
-0.276124 0.0362305 0.960439 109.882 -0.021855 0.998794 -0.0439606 -3.96101 -0.960874 -0.033129 -0.274999 -35.4031 
-0.26841 0.0372773 0.962583 110.741 -0.0194171 0.998839 -0.0440956 -4.01511 -0.963109 -0.0305263 -0.267374 -35.6312 
-0.261801 0.0378647 0.964379 111.601 -0.0183079 0.998855 -0.0441884 -4.06826 -0.964948 -0.0292243 -0.260808 -35.8492 
-0.255082 0.0367135 0.966222 112.469 -0.024447 0.998715 -0.0444021 -4.1213 -0.96661 -0.0349474 -0.253857 -36.0509 
-0.249139 0.0348497 0.967841 113.34 -0.0285293 0.998655 -0.0433031 -4.17461 -0.968048 -0.0384003 -0.247809 -36.2482 
-0.244614 0.0349559 0.96899 114.214 -0.0258941 0.998758 -0.0425665 -4.22781 -0.969275 -0.0355035 -0.243405 -36.4516 
-0.240001 0.03536 0.970129 115.085 -0.024074 0.998812 -0.0423611 -4.28072 -0.970474 -0.0335216 -0.238865 -36.6506 
-0.235295 0.0366984 0.971231 115.954 -0.0232973 0.998787 -0.0433837 -4.33194 -0.971645 -0.0328351 -0.234154 -36.8428 
-0.22923 0.0359169 0.972709 116.831 -0.017169 0.999014 -0.0409342 -4.38031 -0.973221 -0.0260838 -0.228388 -37.0394 
-0.223818 0.0348481 0.974008 117.704 -0.00985608 0.999229 -0.0380153 -4.42921 -0.974581 -0.0181084 -0.223302 -37.2351 
-0.218894 0.0338895 0.97516 118.579 -0.00818232 0.999298 -0.036565 -4.48118 -0.975714 -0.0159829 -0.218463 -37.4179 
-0.214939 0.0356052 0.975978 119.454 -0.0101434 0.9992 -0.0386862 -4.52728 -0.976575 -0.0182149 -0.214406 -37.5889 
-0.211385 0.0375272 0.976682 120.327 -0.0117893 0.999092 -0.0409398 -4.57287 -0.977332 -0.0201685 -0.210751 -37.758 
-0.209593 0.0369056 0.977092 121.2 -0.014269 0.999066 -0.0407964 -4.62355 -0.977685 -0.0224928 -0.208871 -37.9251 
-0.20857 0.035876 0.977349 122.077 -0.0148177 0.999096 -0.0398364 -4.67146 -0.977895 -0.0227907 -0.20785 -38.0944 
-0.207449 0.0315909 0.977736 122.951 -0.0132486 0.999296 -0.0350985 -4.71721 -0.978156 -0.0202348 -0.206885 -38.2673 
-0.2063 0.0263574 0.978134 123.827 -0.0142544 0.99945 -0.0299382 -4.7646 -0.978385 -0.020119 -0.205811 -38.4367 
-0.205396 0.0245644 0.978371 124.696 -0.0135082 0.999519 -0.0279312 -4.80845 -0.978586 -0.018953 -0.204965 -38.6053 
-0.204124 0.0293491 0.978505 125.548 -0.0135027 0.999371 -0.0327917 -4.85071 -0.978852 -0.019906 -0.203599 -38.7687 
-0.204054 0.0331469 0.978398 126.404 -0.0135825 0.999235 -0.0366855 -4.89235 -0.978866 -0.020775 -0.203447 -38.9313 
-0.204081 0.0323005 0.978421 127.264 -0.0170421 0.999187 -0.0365406 -4.93546 -0.978806 -0.0241315 -0.203364 -39.0905 
-0.203494 0.0314184 0.978572 128.117 -0.0186229 0.99918 -0.0359526 -4.98482 -0.978899 -0.02554 -0.202742 -39.2512 
-0.202778 0.0323007 0.978692 128.963 -0.0141287 0.999255 -0.0359068 -5.03007 -0.979123 -0.0211088 -0.202171 -39.4173 
-0.20191 0.0349367 0.978781 129.801 -0.0160391 0.999112 -0.0389711 -5.07249 -0.979273 -0.0235674 -0.20117 -39.5744 
-0.202392 0.0359111 0.978646 130.638 -0.0245515 0.998827 -0.041729 -5.12064 -0.978997 -0.0324729 -0.201273 -39.7177 
-0.20196 0.0373908 0.97868 131.473 -0.0304973 0.998546 -0.0444432 -5.17087 -0.978919 -0.0388228 -0.200527 -39.8628 
-0.201608 0.0410121 0.978607 132.297 -0.0276057 0.998488 -0.0475324 -5.22267 -0.979077 -0.036598 -0.200171 -40.0186 
-0.200991 0.0420203 0.978691 133.119 -0.0262092 0.998491 -0.0482529 -5.27752 -0.979242 -0.0353491 -0.199586 -40.172 
-0.199334 0.0430555 0.978985 133.938 -0.0269569 0.998415 -0.0493988 -5.33257 -0.979561 -0.0362372 -0.197858 -40.3203 
-0.197291 0.042592 0.979419 134.753 -0.0181965 0.998725 -0.047097 -5.38518 -0.980176 -0.0271138 -0.196264 -40.4772 
-0.193768 0.0394813 0.980253 135.565 -0.0129533 0.999 -0.0427968 -5.43781 -0.980962 -0.0209902 -0.193062 -40.6344 
-0.191825 0.0347148 0.980815 136.376 -0.00920175 0.999267 -0.0371675 -5.48894 -0.981386 -0.0161549 -0.191365 -40.7828 
-0.188106 0.0342407 0.981552 137.184 -0.00766868 0.99931 -0.0363298 -5.53648 -0.982119 -0.0143611 -0.187714 -40.9248 
-0.183172 0.0393423 0.982293 137.981 -0.00668948 0.999126 -0.0412638 -5.58681 -0.983058 -0.0141294 -0.182749 -41.0604 
-0.176455 0.042578 0.983387 138.779 -0.00528221 0.999009 -0.0442021 -5.63301 -0.984295 -0.0129941 -0.176055 -41.1898 
-0.16828 0.0434051 0.984783 139.578 -0.0055673 0.998972 -0.0449818 -5.67471 -0.985723 -0.0130521 -0.167866 -41.3106 
-0.158691 0.0390112 0.986557 140.378 -0.0038056 0.999188 -0.0401228 -5.72458 -0.987321 -0.0101216 -0.158414 -41.4247 
-0.146663 0.0376899 0.988468 141.174 -5.50236e-05 0.999274 -0.03811 -5.77304 -0.989187 -0.0056437 -0.146554 -41.5332 
-0.132816 0.0403346 0.99032 141.962 0.00414677 0.999186 -0.0401395 -5.81749 -0.991132 -0.00122452 -0.132875 -41.6288 
-0.11874 0.0415258 0.992057 142.75 0.00347976 0.999136 -0.0414057 -5.86141 -0.992919 -0.00146438 -0.118781 -41.7076 
-0.104727 0.0415768 0.993632 143.537 0.0050781 0.999135 -0.0412718 -5.90696 -0.994488 0.000723477 -0.104848 -41.7766 
-0.0913279 0.0432675 0.994881 144.318 0.00570571 0.999062 -0.0429256 -5.95616 -0.995805 0.0017562 -0.0914892 -41.8328 
-0.0775963 0.0495797 0.995751 145.09 0.00274712 0.99877 -0.0495159 -6.01037 -0.996981 -0.0011068 -0.077637 -41.8731 
-0.0650319 0.0586876 0.996156 145.853 -0.00431989 0.998243 -0.0590925 -6.06371 -0.997874 -0.00814619 -0.0646642 -41.8944 
-0.0512396 0.0666801 0.996458 146.614 -0.00828756 0.997706 -0.0671897 -6.11776 -0.998652 -0.011701 -0.0505694 -41.9102 
-0.0380808 0.0673342 0.997004 147.379 -0.00871599 0.997667 -0.0677119 -6.17486 -0.999237 -0.0112684 -0.0374051 -41.9218 
-0.0262206 0.0634572 0.99764 148.145 -0.0124596 0.997885 -0.0638002 -6.23722 -0.999579 -0.0141031 -0.0253745 -41.9198 
-0.0155372 0.0610705 0.998013 148.909 -0.0164359 0.997983 -0.0613245 -6.30244 -0.999744 -0.017356 -0.0145021 -41.9068 
-0.00660415 0.067562 0.997693 149.661 -0.0201973 0.997502 -0.0676828 -6.36758 -0.999774 -0.0205977 -0.00522309 -41.8889 
-8.27712e-05 0.0755815 0.99714 150.406 -0.0234938 0.996864 -0.0755626 -6.4273 -0.999724 -0.0234329 0.00169319 -41.8681 
0.00294857 0.0785416 0.996907 151.154 -0.0261736 0.996575 -0.0784381 -6.48673 -0.999653 -0.0258613 0.00499418 -41.8454 
0.00287501 0.0739293 0.997259 151.907 -0.0284415 0.996866 -0.0738182 -6.5534 -0.999591 -0.0281514 0.00496866 -41.8251 
0.00121234 0.0695646 0.997577 152.656 -0.0298244 0.997136 -0.0694976 -6.62528 -0.999554 -0.0296679 0.00328359 -41.8083 
-0.00164911 0.0666836 0.997773 153.404 -0.0282101 0.997374 -0.0667035 -6.68723 -0.999601 -0.0282573 0.000236368 -41.7978 
-0.00429544 0.0670684 0.997739 154.148 -0.0261617 0.997399 -0.0671581 -6.745 -0.999649 -0.026391 -0.00252965 -41.7912 
-0.00794023 0.0670599 0.997717 154.889 -0.0243977 0.997439 -0.0672353 -6.80844 -0.999671 -0.0248759 -0.00628378 -41.787 
-0.0124451 0.0654568 0.997778 155.629 -0.0251585 0.997519 -0.0657535 -6.87305 -0.999606 -0.0259209 -0.0107674 -41.7818 
-0.0177473 0.0658851 0.997669 156.369 -0.0258178 0.997464 -0.0663307 -6.92827 -0.999509 -0.0269348 -0.0160013 -41.7832 
-0.0236415 0.0640628 0.997666 157.107 -0.0270036 0.99754 -0.0646946 -6.98654 -0.999356 -0.0284701 -0.0218534 -41.7874 
-0.0293718 0.0613179 0.997686 157.843 -0.0246374 0.997769 -0.0620483 -7.04939 -0.999265 -0.0264028 -0.0277955 -41.801 
-0.0346312 0.0612934 0.997519 158.574 -0.0252139 0.997746 -0.0621827 -7.10594 -0.999082 -0.0273048 -0.0330077 -41.8163 
-0.0400244 0.0625175 0.997241 159.297 -0.0267245 0.997617 -0.0636136 -7.16263 -0.998841 -0.0291969 -0.0382583 -41.8296 
-0.0439568 0.0648057 0.996929 160.017 -0.0269994 0.997452 -0.0660301 -7.22339 -0.998669 -0.0298189 -0.0420951 -41.8482 
-0.0464217 0.0671048 0.996665 160.732 -0.0268758 0.997296 -0.068399 -7.28322 -0.99856 -0.0299614 -0.0444927 -41.8701 
-0.0480115 0.0687331 0.996479 161.442 -0.0241514 0.997258 -0.0699504 -7.33902 -0.998555 -0.0274248 -0.0462198 -41.8941 
-0.0470812 0.0671902 0.996629 162.155 -0.0206898 0.997456 -0.0682233 -7.39761 -0.998677 -0.0238321 -0.0455713 -41.921 
-0.0431167 0.0635481 0.997047 162.863 -0.0182805 0.997758 -0.0643839 -7.45867 -0.998903 -0.0210025 -0.0418583 -41.9421 
-0.0356254 0.0633816 0.997353 163.563 -0.0172294 0.9978 -0.0640253 -7.51941 -0.999217 -0.0194647 -0.034455 -41.953 
-0.0242965 0.0642367 0.997639 164.258 -0.0148187 0.997801 -0.064608 -7.57567 -0.999595 -0.0163534 -0.0232912 -41.9574 
-0.00977083 0.0643796 0.997878 164.951 -0.0122477 0.997843 -0.0644972 -7.63073 -0.999877 -0.0128519 -0.00896126 -41.9525 
0.0055051 0.0621087 0.998054 165.639 -0.0134192 0.997984 -0.0620303 -7.68241 -0.999895 -0.0130516 0.00632745 -41.9305 
0.0215793 0.0573241 0.998122 166.324 -0.018483 0.998207 -0.0569294 -7.73488 -0.999596 -0.0172198 0.0226001 -41.8904 
0.0379259 0.0508448 0.997986 167.005 -0.0200301 0.998543 -0.0501119 -7.78326 -0.99908 -0.0180892 0.038889 -41.8428 
0.0550321 0.0435792 0.997533 167.683 -0.0203567 0.998888 -0.0425153 -7.82602 -0.998277 -0.0179668 0.055858 -41.7873 
0.0726397 0.0362401 0.9967 168.356 -0.0210101 0.999174 -0.0347988 -7.86555 -0.997137 -0.018413 0.073341 -41.7189 
0.0897406 0.0303971 0.995501 169.021 -0.0229025 0.999333 -0.0284495 -7.90302 -0.995702 -0.0202464 0.0903769 -41.6368 
0.107814 0.028026 0.993776 169.676 -0.0236944 0.999391 -0.0256137 -7.9378 -0.993889 -0.0207854 0.108412 -41.5453 
0.125848 0.0267183 0.99169 170.322 -0.0224733 0.999458 -0.0240756 -7.96597 -0.991795 -0.0192567 0.126381 -41.4462 
0.143318 0.0261875 0.98933 170.961 -0.0237835 0.999452 -0.02301 -7.99117 -0.989391 -0.020232 0.143862 -41.3333 
0.159386 0.0252277 0.986894 171.593 -0.0286863 0.99937 -0.0209137 -8.01548 -0.9868 -0.024977 0.160009 -41.2047 
0.173866 0.0217041 0.98453 172.222 -0.0309652 0.999383 -0.0165631 -8.04032 -0.984282 -0.0276065 0.17443 -41.0697 
0.186233 0.0176909 0.982346 172.848 -0.0275254 0.999539 -0.0127822 -8.06219 -0.98212 -0.024659 0.186634 -40.9385 
0.197094 0.0165934 0.980244 173.465 -0.0253236 0.999609 -0.0118295 -8.08303 -0.980057 -0.0224918 0.197438 -40.8032 
0.207055 0.0202539 0.97812 174.068 -0.0295472 0.999459 -0.014441 -8.10692 -0.977883 -0.0259106 0.207541 -40.6534 
0.216114 0.0273979 0.975984 174.662 -0.0335891 0.999223 -0.0206126 -8.13155 -0.97579 -0.0283277 0.216866 -40.4973 
0.225331 0.0372912 0.973568 175.249 -0.0333969 0.998976 -0.0305346 -8.15416 -0.97371 -0.0256338 0.226346 -40.3468 
0.233656 0.0431087 0.971363 175.838 -0.0279256 0.998902 -0.0376135 -8.17481 -0.971918 -0.0183373 0.234603 -40.199 
0.240212 0.0413848 0.969838 176.435 -0.0274816 0.99898 -0.0358216 -8.19596 -0.970331 -0.0180479 0.241105 -40.0381 
0.246126 0.0339824 0.968642 177.042 -0.0301879 0.999169 -0.0273828 -8.21911 -0.968768 -0.0225016 0.246947 -39.8641 
0.250467 0.0235733 0.967838 177.65 -0.0348412 0.999275 -0.0153224 -8.24571 -0.967498 -0.0298829 0.251107 -39.6865 
0.25262 0.0153921 0.967443 178.261 -0.0350108 0.999364 -0.00675789 -8.27193 -0.966932 -0.0321637 0.252999 -39.5124 
0.253718 0.0146189 0.967168 178.865 -0.0314918 0.999481 -0.006846 -8.29263 -0.966765 -0.0287209 0.254047 -39.3473 
0.25507 0.0166579 0.966779 179.467 -0.0280679 0.999558 -0.00981739 -8.30742 -0.966515 -0.0246313 0.255425 -39.1829 
0.256873 0.0161348 0.966311 180.072 -0.0247669 0.999642 -0.0101076 -8.31897 -0.966128 -0.0213362 0.25718 -39.0158 
0.258679 0.0139903 0.965862 180.682 -0.0266356 0.999618 -0.00734562 -8.32885 -0.965596 -0.0238261 0.258953 -38.8383 
0.261605 0.0103827 0.965119 181.299 -0.0270399 0.999629 -0.00342451 -8.34075 -0.964796 -0.0252009 0.261788 -38.6588 
0.264784 0.00514729 0.964294 181.919 -0.026271 0.999653 0.00187772 -8.35468 -0.96395 -0.0258302 0.264827 -38.4773 
0.2694 0.00241608 0.963025 182.535 -0.0249783 0.999678 0.00447954 -8.36248 -0.962704 -0.0252615 0.269374 -38.2946 
0.275882 0.000176603 0.961191 183.154 -0.0230542 0.999714 0.00643341 -8.36753 -0.960915 -0.0239344 0.275807 -38.1064 
0.283851 -0.00291567 0.958864 183.78 -0.0215734 0.999723 0.00942629 -8.37259 -0.958626 -0.0233616 0.283709 -37.909 
0.293746 -0.0048416 0.955871 184.403 -0.0190556 0.999759 0.0109199 -8.38022 -0.955694 -0.0214223 0.293583 -37.7058 
0.304901 -0.00271641 0.95238 185.022 -0.0205734 0.999744 0.00943808 -8.38739 -0.952162 -0.0224714 0.304767 -37.4904 
0.316492 0.00112992 0.948595 185.64 -0.0219091 0.999741 0.00611902 -8.39221 -0.948342 -0.0227194 0.316435 -37.2631 
0.328416 0.00423469 0.944524 186.262 -0.0229602 0.99973 0.00350121 -8.39536 -0.944254 -0.0228363 0.328424 -37.0294 
0.340212 0.00455311 0.940338 186.887 -0.0215761 0.999763 0.0029654 -8.39825 -0.940101 -0.0212977 0.340229 -36.7878 
0.351682 0.0014442 0.936119 187.516 -0.0208709 0.999762 0.00629844 -8.4043 -0.935887 -0.0217526 0.351628 -36.5355 
0.362835 0.000133551 0.931853 188.146 -0.0220867 0.99972 0.00845666 -8.41095 -0.931591 -0.0236499 0.362737 -36.2681 
0.374421 -0.000471722 0.927259 188.775 -0.023555 0.999672 0.01002 -8.41433 -0.92696 -0.0255933 0.374287 -35.9962 
0.384219 -0.00166055 0.923241 189.41 -0.0272138 0.999544 0.0131232 -8.41415 -0.922841 -0.030167 0.383998 -35.7105 
0.391433 -0.000412944 0.920207 190.043 -0.0309066 0.99943 0.0135954 -8.41326 -0.919688 -0.0337621 0.391197 -35.4203 
0.396134 -0.00342743 0.918186 190.685 -0.0307812 0.999381 0.0170106 -8.41353 -0.917677 -0.0350014 0.395784 -35.1295 
0.398708 -0.00726534 0.917049 191.336 -0.0277018 0.999417 0.0199619 -8.41096 -0.91666 -0.0333629 0.398274 -34.8394 
0.399241 -0.00658185 0.916823 191.988 -0.023245 0.99958 0.0172983 -8.40764 -0.916551 -0.0282177 0.39892 -34.5519 
0.39858 -0.00631242 0.917112 192.649 -0.0217808 0.999629 0.0163465 -8.40918 -0.916875 -0.0264908 0.398295 -34.2572 
0.398252 -0.00521858 0.917261 193.319 -0.0181018 0.999744 0.0135473 -8.40433 -0.917097 -0.0219993 0.398056 -33.9608 
0.398052 -0.00695808 0.917337 193.999 -0.0149231 0.99979 0.014059 -8.39769 -0.917242 -0.0192857 0.397864 -33.6605 
0.397451 -0.0127807 0.917534 194.683 -0.0115195 0.999755 0.0189159 -8.39565 -0.917551 -0.0180877 0.397207 -33.3602 
0.396415 -0.015701 0.917937 195.365 -0.0110164 0.9997 0.021857 -8.39309 -0.918005 -0.0187768 0.396123 -33.0564 
0.394729 -0.0181472 0.918618 196.046 -0.0102432 0.999656 0.0241496 -8.391 -0.918741 -0.0189421 0.394407 -32.753 
0.393464 -0.0181772 0.91916 196.727 -0.011063 0.999639 0.0245045 -8.38222 -0.919274 -0.0198103 0.39312 -32.4493 
0.391545 -0.0183143 0.919977 197.412 -0.0126256 0.999601 0.025273 -8.37444 -0.920072 -0.0215108 0.391157 -32.1421 
0.389768 -0.0171745 0.920753 198.1 -0.0133862 0.999615 0.0243121 -8.37274 -0.920816 -0.0218015 0.389388 -31.8353 
0.388526 -0.0138016 0.921334 198.787 -0.0124136 0.999719 0.0202106 -8.3706 -0.921354 -0.0192894 0.388246 -31.5344 
0.38787 -0.00773598 0.921682 199.471 -0.0126893 0.999825 0.013732 -8.36495 -0.921627 -0.0170217 0.387704 -31.2358 
0.386614 -0.00487581 0.922229 200.154 -0.0149122 0.999822 0.0115376 -8.36237 -0.922121 -0.0182131 0.386472 -30.9327 
0.385257 -0.0075071 0.922779 200.846 -0.0159911 0.999762 0.0148097 -8.36262 -0.922671 -0.0204618 0.385045 -30.6282 
0.384234 -0.0105688 0.923175 201.536 -0.0177612 0.999665 0.0188369 -8.36548 -0.923065 -0.0236344 0.383918 -30.3273 
0.381705 -0.00968565 0.924234 202.221 -0.0214764 0.999582 0.019345 -8.36637 -0.924035 -0.0272333 0.381337 -30.0256 
0.377031 -0.00939338 0.926153 202.904 -0.0244146 0.9995 0.0200764 -8.36555 -0.925879 -0.0301811 0.376613 -29.7309 
0.370424 -0.0106261 0.928802 203.594 -0.0239451 0.999493 0.0209847 -8.35994 -0.928554 -0.0300134 0.369981 -29.4469 
0.361524 -0.0110925 0.932297 204.285 -0.0233729 0.999507 0.0209558 -8.3611 -0.93207 -0.0293664 0.361087 -29.1703 
0.351627 -0.0100249 0.936086 204.973 -0.0205 0.99962 0.0184059 -8.36387 -0.935916 -0.0256618 0.351288 -28.9077 
0.341039 -0.00657132 0.940026 205.66 -0.0214451 0.999661 0.0147685 -8.36154 -0.939804 -0.0251955 0.340783 -28.6512 
0.329592 -0.00652583 0.944101 206.352 -0.0241518 0.999591 0.015341 -8.3562 -0.943815 -0.027858 0.329299 -28.3991 
0.318807 -0.01462 0.947707 207.055 -0.0189675 0.999582 0.0218009 -8.35368 -0.94763 -0.0249259 0.318396 -28.1628 
0.310535 -0.0233157 0.950276 207.762 -0.0144456 0.999468 0.0292433 -8.35272 -0.950452 -0.0228083 0.310033 -27.9356 
0.303465 -0.0288436 0.952406 208.468 -0.0138708 0.999302 0.0346835 -8.34541 -0.952742 -0.0237359 0.302853 -27.704 
0.299118 -0.0295416 0.953759 209.172 -0.0193917 0.999126 0.0370285 -8.3314 -0.954019 -0.0295709 0.298284 -27.4642 
0.296614 -0.0313623 0.954482 209.88 -0.0183958 0.999088 0.0385446 -8.31566 -0.95482 -0.0289913 0.295766 -27.235 
0.295028 -0.0322637 0.954944 210.589 -0.0173657 0.999084 0.0391202 -8.30093 -0.955331 -0.0281248 0.294197 -27.0071 
0.29437 -0.0302775 0.955212 211.299 -0.0175488 0.999158 0.0370786 -8.28539 -0.95553 -0.0276776 0.293591 -26.7755 
0.293803 -0.0279637 0.955457 212.013 -0.0211648 0.999137 0.0357503 -8.26779 -0.955632 -0.0307255 0.292957 -26.5356 
0.294274 -0.0286037 0.955293 212.731 -0.0218169 0.999091 0.0366357 -8.25169 -0.955472 -0.0316225 0.293382 -26.2994 
0.295994 -0.0298566 0.954723 213.452 -0.0224585 0.999018 0.0382047 -8.23662 -0.954926 -0.03275 0.295033 -26.0628 
0.297639 -0.0316872 0.954152 214.176 -0.0211105 0.998986 0.0397614 -8.22263 -0.954445 -0.0319772 0.296669 -25.8274 
0.299376 -0.0326998 0.953575 214.903 -0.0175768 0.999054 0.0397777 -8.20561 -0.953973 -0.0286693 0.298518 -25.5923 
0.302492 -0.0340509 0.952544 215.635 -0.0165728 0.999023 0.0409753 -8.18402 -0.953008 -0.028181 0.301632 -25.3472 
0.306509 -0.0353882 0.95121 216.366 -0.0184528 0.9989 0.0431085 -8.16533 -0.951689 -0.0307656 0.305518 -25.0935 
0.311724 -0.0393651 0.949357 217.102 -0.0200166 0.998648 0.0479815 -8.14403 -0.949962 -0.0339599 0.310514 -24.8333 
0.316791 -0.0429879 0.947521 217.839 -0.0206419 0.998423 0.0521987 -8.11903 -0.948271 -0.0360947 0.315404 -24.5713 
0.321151 -0.0429618 0.946053 218.575 -0.0220125 0.998362 0.0528098 -8.09594 -0.946772 -0.0377849 0.319679 -24.3048 
0.325477 -0.03831 0.944774 219.306 -0.0273048 0.998381 0.0498904 -8.0749 -0.945156 -0.042035 0.323904 -24.0303 
0.329986 -0.0322819 0.943434 220.035 -0.0321043 0.998453 0.0453937 -8.0449 -0.94344 -0.0452675 0.328439 -23.7514 
0.334593 -0.0289238 0.941919 220.767 -0.0362595 0.998394 0.0435383 -8.0173 -0.941665 -0.0487211 0.333007 -23.4682 
0.338932 -0.029081 0.940361 221.506 -0.0383011 0.998267 0.0446766 -7.99857 -0.940031 -0.0511592 0.337231 -23.1821 
0.342851 -0.0266522 0.939012 222.24 -0.0401133 0.99827 0.0429803 -7.97943 -0.938533 -0.0524026 0.341189 -22.8939 
0.34677 -0.0237823 0.937649 222.973 -0.0405809 0.998362 0.0403303 -7.95715 -0.937072 -0.052036 0.345237 -22.6059 
0.35142 -0.0233141 0.935928 223.709 -0.0409211 0.998352 0.0402341 -7.93634 -0.935323 -0.0524382 0.349887 -22.3133 
0.356027 -0.0247711 0.934147 224.446 -0.0407236 0.998288 0.0419928 -7.92003 -0.933588 -0.0529924 0.354408 -22.0172 
0.360448 -0.0251852 0.932439 225.182 -0.0368712 0.99847 0.0412218 -7.90287 -0.93205 -0.0492385 0.358968 -21.7228 
0.36488 -0.0249694 0.93072 225.917 -0.0338861 0.998622 0.0400758 -7.88501 -0.930438 -0.0461613 0.363531 -21.4254 
0.368941 -0.0227739 0.929174 226.646 -0.0348708 0.998657 0.0383229 -7.86557 -0.928799 -0.0465399 0.367651 -21.1201 
0.373487 -0.0230393 0.927349 227.376 -0.0394714 0.998391 0.0407013 -7.84734 -0.926795 -0.0518052 0.371977 -20.8032 
0.378073 -0.0232455 0.925484 228.107 -0.04246 0.998197 0.0424174 -7.8299 -0.924802 -0.0553329 0.376405 -20.4842 
0.382216 -0.0208377 0.923838 228.83 -0.0396881 0.998453 0.0389408 -7.81745 -0.92322 -0.0515492 0.380798 -20.1719 
0.386172 -0.0141045 0.922319 229.549 -0.0389828 0.99874 0.0315952 -7.80313 -0.921603 -0.0481558 0.385136 -19.8573 
0.38946 -0.00739735 0.921014 230.268 -0.0451222 0.998614 0.027101 -7.78442 -0.919937 -0.0521129 0.388587 -19.5274 
0.392442 -0.00818515 0.91974 230.993 -0.051447 0.9982 0.0308353 -7.76713 -0.918337 -0.059419 0.391314 -19.1908 
0.395075 -0.0183023 0.918467 231.73 -0.0507922 0.997837 0.0417321 -7.75091 -0.917244 -0.0631382 0.393291 -18.86 
0.397202 -0.030732 0.917217 232.474 -0.0468796 0.997455 0.0537218 -7.72525 -0.916533 -0.0643372 0.39475 -18.5322 
0.399012 -0.0382723 0.916147 233.206 -0.0482875 0.996865 0.0626751 -7.69661 -0.915674 -0.0692466 0.395913 -18.1972 
0.401253 -0.0399965 0.915094 233.93 -0.0499085 0.996607 0.0654433 -7.66909 -0.914607 -0.0719302 0.397895 -17.8605 
0.404008 -0.0353731 0.914071 234.648 -0.0496087 0.996934 0.0605062 -7.63523 -0.913409 -0.0697908 0.401014 -17.5275 
0.408165 -0.0296059 0.912428 235.365 -0.0483464 0.99737 0.0539894 -7.60015 -0.911627 -0.0661492 0.405661 -17.1951 
0.412694 -0.0252403 0.91052 236.082 -0.0481541 0.997614 0.0494805 -7.57167 -0.909596 -0.0642655 0.410494 -16.8553 
0.416738 -0.0233263 0.908727 236.797 -0.0464633 0.997817 0.0469211 -7.54762 -0.907838 -0.0617763 0.414745 -16.5131 
0.420903 -0.0212188 0.906857 237.51 -0.0456671 0.997963 0.0445462 -7.52226 -0.905955 -0.0601632 0.419077 -16.1675 
0.424957 -0.022598 0.904931 238.227 -0.0444652 0.99796 0.0458021 -7.49569 -0.904121 -0.0597019 0.423086 -15.8159 
0.428346 -0.0275477 0.903195 238.948 -0.0429315 0.997786 0.0507934 -7.46946 -0.902595 -0.0605327 0.426215 -15.4589 
0.43151 -0.0334227 0.901489 239.669 -0.041005 0.997554 0.0566119 -7.44105 -0.901176 -0.0613941 0.429084 -15.1026 
0.434044 -0.0387136 0.90006 240.39 -0.0398019 0.997277 0.0620892 -7.40842 -0.900012 -0.0627735 0.431321 -14.7429 
0.436152 -0.0439043 0.898801 241.114 -0.0379835 0.997021 0.067134 -7.36946 -0.899071 -0.0634202 0.433185 -14.3794 
0.437691 -0.0504597 0.897709 241.843 -0.036698 0.996589 0.0739104 -7.32849 -0.898376 -0.065294 0.434346 -14.0123 
0.439414 -0.0509679 0.896838 242.568 -0.0370224 0.996513 0.0747721 -7.28712 -0.897522 -0.066059 0.435995 -13.6427 
0.441041 -0.0391235 0.896634 243.277 -0.0461465 0.996739 0.0661903 -7.25116 -0.8963 -0.0705692 0.437798 -13.2634 
0.44172 -0.0255167 0.89679 243.983 -0.0480218 0.99749 0.0520354 -7.21452 -0.895867 -0.0660505 0.439386 -12.8949 
0.44264 -0.017691 0.896525 244.695 -0.048051 0.997901 0.0434156 -7.17533 -0.895411 -0.0622964 0.440861 -12.5292 
