1 -4.23778e-08 4.22719e-08 0 -4.23778e-08 1 -4.19404e-08 0 4.22719e-08 -4.19404e-08 1 0 
0.99999 -0.00279526 -0.00339377 -0.00843425 0.00278831 0.999994 -0.0020255 -0.00771678 0.00339949 0.00201594 0.999992 0.677789 
0.999971 -0.00149233 -0.00740472 -0.028487 0.00146731 0.999993 -0.00337216 -0.0118013 0.00740978 0.00336112 0.999967 1.37007 
0.999934 -0.00158494 -0.011377 -0.0497736 0.00152738 0.999986 -0.00505871 -0.0110193 0.011385 0.00504091 0.999922 2.09022 
0.999864 -8.72123e-05 -0.0165137 -0.0703809 -8.82262e-06 0.999983 -0.00581021 -0.0132776 0.016514 0.00580947 0.999847 2.82398 
0.999781 -0.00151363 -0.0208713 -0.100319 0.00139591 0.999983 -0.00564958 -0.0286539 0.0208796 0.00561913 0.999766 3.57608 
0.999685 0.00034146 -0.0250944 -0.141115 -0.000515356 0.999976 -0.00692018 -0.0354897 0.0250915 0.00693085 0.999661 4.33456 
0.999542 0.00266904 -0.0301321 -0.178886 -0.0028987 0.999967 -0.00757777 -0.0421064 0.0301109 0.00766156 0.999517 5.11101 
0.999389 0.00277396 -0.0348469 -0.21149 -0.00297856 0.999979 -0.00581836 -0.0538163 0.0348301 0.00591851 0.999376 5.9101 
0.999227 0.00178186 -0.039277 -0.2639 -0.00189656 0.999994 -0.00288101 -0.0653996 0.0392717 0.00295318 0.999224 6.72215 
0.999091 0.00130159 -0.0426138 -0.321336 -0.00131417 0.999999 -0.000265328 -0.0716409 0.0426135 0.000321003 0.999091 7.54775 
0.998975 0.0028434 -0.0451775 -0.375887 -0.00288978 0.999995 -0.00095952 -0.0809406 0.0451747 0.001089 0.998978 8.3649 
0.998882 0.00224988 -0.0472151 -0.437442 -0.00231169 0.999996 -0.00125298 -0.0861737 0.0472122 0.00136064 0.998884 9.19746 
0.9988 -0.00123354 -0.0489569 -0.491228 0.00115772 0.999998 -0.00157534 -0.0905988 0.0489588 0.00151669 0.9988 10.0396 
0.998706 -0.00146467 -0.0508298 -0.552524 0.00140578 0.999998 -0.00119261 -0.0892662 0.0508316 0.00111952 0.998707 10.8828 
0.998641 -0.00307222 -0.0520156 -0.622426 0.00300502 0.999994 -0.00136864 -0.0975626 0.0520196 0.00121039 0.998645 11.7512 
0.998551 -0.000552278 -0.0538181 -0.686533 0.000355704 0.999993 -0.00366054 -0.109994 0.0538198 0.00363601 0.998544 12.6172 
0.998489 -0.000415815 -0.0549512 -0.769686 6.29722e-05 0.999979 -0.0064211 -0.114296 0.0549528 0.00640785 0.998468 13.51 
0.998391 0.00323009 -0.0566177 -0.839651 -0.00368052 0.999962 -0.00785175 -0.127652 0.0565903 0.00804742 0.998365 14.393 
0.998339 0.00388658 -0.0574847 -0.919896 -0.00433528 0.999961 -0.00768139 -0.134095 0.0574527 0.00791775 0.998317 15.3035 
0.998258 0.00266679 -0.0589437 -0.993908 -0.00304338 0.999975 -0.00629878 -0.14243 0.0589255 0.00646711 0.998241 16.2144 
0.998177 0.0032586 -0.0602607 -1.07682 -0.00358115 0.99998 -0.00524402 -0.148611 0.0602425 0.00545018 0.998169 17.1403 
0.998126 0.00247669 -0.0611388 -1.14639 -0.00280039 0.999982 -0.00520813 -0.157908 0.0611249 0.0053695 0.998116 18.0518 
0.998018 0.00227692 -0.062879 -1.21509 -0.0026651 0.999978 -0.00608891 -0.171806 0.0628639 0.00624434 0.998002 18.9557 
0.99794 0.00110992 -0.0641368 -1.28283 -0.00154852 0.999976 -0.00678802 -0.188523 0.0641278 0.00687327 0.997918 19.873 
0.997903 0.00146481 -0.0647147 -1.36323 -0.00182314 0.999983 -0.00547697 -0.195003 0.0647057 0.00558338 0.997889 20.8177 
0.997901 0.00287604 -0.0646905 -1.44599 -0.00301351 0.999993 -0.0020264 -0.207945 0.0646844 0.00221701 0.997903 21.7583 
0.997953 0.0033924 -0.0638595 -1.52728 -0.00328734 0.999993 0.00175146 -0.21619 0.0638651 -0.00153804 0.997957 22.705 
0.998059 0.00169005 -0.0622463 -1.61392 -0.00141098 0.999989 0.00452839 -0.216595 0.0622534 -0.00443186 0.99805 23.6699 
0.998149 0.0019783 -0.0607761 -1.68542 -0.00165855 0.999984 0.00531246 -0.226882 0.0607857 -0.00520191 0.998137 24.6146 
0.998248 0.00209094 -0.0591346 -1.76077 -0.00194946 0.999995 0.00245157 -0.229894 0.0591395 -0.00233208 0.998247 25.5606 
0.998298 0.00236997 -0.0582701 -1.83794 -0.00251737 0.999994 -0.00245479 -0.232522 0.058264 0.00259721 0.998298 26.5217 
0.99838 0.00170843 -0.0568794 -1.91485 -0.00203045 0.999982 -0.00560274 -0.241526 0.0568689 0.00570906 0.998365 27.4792 
0.998418 -0.000847949 -0.0562231 -1.98932 0.000579354 0.999988 -0.00479196 -0.248012 0.0562266 0.00475172 0.998407 28.4603 
0.998423 -0.001941 -0.0561079 -2.07482 0.00195959 0.999998 0.000277723 -0.271806 0.0561074 -0.00038732 0.998425 29.4431 
0.998366 -0.00664149 -0.0567484 -2.15489 0.00687951 0.999968 0.00400139 -0.283957 0.0567201 -0.00438534 0.99838 30.4406 
0.998228 -0.0137413 -0.0578889 -2.21748 0.0139688 0.999896 0.00352897 -0.303475 0.0578344 -0.00433144 0.998317 31.4289 
0.998136 -0.0154104 -0.0590467 -2.29385 0.0154145 0.999881 -0.000384535 -0.318206 0.0590457 -0.000526444 0.998255 32.4081 
0.998092 -0.0148408 -0.0599309 -2.38765 0.0145966 0.999883 -0.00450859 -0.330602 0.0599909 0.00362511 0.998192 33.3971 
0.997989 -0.0129534 -0.062046 -2.47947 0.0126547 0.999906 -0.00520471 -0.351292 0.0621077 0.00440899 0.99806 34.4089 
0.997966 -0.0126095 -0.0624813 -2.56346 0.0123939 0.999916 -0.0038353 -0.367292 0.0625245 0.00305303 0.998039 35.3957 
0.997925 -0.00918044 -0.0637205 -2.65374 0.00913308 0.999958 -0.00103311 -0.390002 0.0637274 0.000448918 0.997967 36.405 
0.997853 -0.0087862 -0.0649012 -2.72676 0.00880863 0.999961 6.07231e-05 -0.401862 0.0648982 -0.00063237 0.997892 37.3956 
0.997798 -0.00687933 -0.0659735 -2.80857 0.00708043 0.999971 0.00281615 -0.424345 0.0659523 -0.00327716 0.997817 38.3879 
0.997823 -0.00630114 -0.0656406 -2.88889 0.00670142 0.99996 0.00588082 -0.443961 0.0656011 -0.00630799 0.997826 39.3758 
0.997806 -0.0004218 -0.0661964 -2.98747 0.000952592 0.999968 0.00798832 -0.448659 0.0661909 -0.00803394 0.997775 40.3834 
0.997803 -0.000192284 -0.0662475 -3.07286 0.000684071 0.999972 0.00740209 -0.459242 0.0662444 -0.00743124 0.997776 41.3815 
0.997822 -0.000171489 -0.0659676 -3.15633 0.000558038 0.999983 0.00584254 -0.46851 0.0659655 -0.00586671 0.997805 42.3799 
0.997829 0.00141065 -0.0658373 -3.24686 -0.00115436 0.999992 0.00393194 -0.486726 0.0658424 -0.00384749 0.997823 43.3644 
0.997789 0.00139176 -0.0664488 -3.33284 -0.00113607 0.999992 0.00388687 -0.497878 0.0664537 -0.00380288 0.997782 44.357 
0.997708 -0.000152988 -0.0676691 -3.41518 0.000483106 0.999988 0.00486329 -0.504222 0.0676676 -0.00488492 0.997696 45.3541 
0.997657 0.000226782 -0.0684197 -3.4939 0.000164058 0.999984 0.00570791 -0.511803 0.0684199 -0.00570585 0.99764 46.3365 
0.997651 0.00298156 -0.0684322 -3.57895 -0.00284965 0.999994 0.00202635 -0.523226 0.0684379 -0.00182667 0.997654 47.3013 
0.997585 0.00359402 -0.0693559 -3.66193 -0.00375525 0.99999 -0.00219331 -0.531374 0.0693474 0.00244837 0.997589 48.2701 
0.997539 0.00468817 -0.0699534 -3.7475 -0.00494946 0.999981 -0.00356116 -0.544957 0.0699355 0.00389854 0.997544 49.2452 
0.997522 0.00340717 -0.0702695 -3.82435 -0.00342098 0.999994 -7.50222e-05 -0.558519 0.0702689 0.00031514 0.997528 50.2301 
0.997533 0.00173897 -0.070178 -3.91302 -0.00153 0.999994 0.00303249 -0.574133 0.070183 -0.00291772 0.99753 51.2052 
0.997504 0.000231127 -0.0706047 -3.98255 1.36865e-05 0.999994 0.00346804 -0.583791 0.0706051 -0.00346043 0.997498 52.1572 
0.997485 -0.00241805 -0.0708322 -4.06451 0.00259888 0.999994 0.00246195 -0.603795 0.0708259 -0.00263993 0.997485 53.1246 
0.997452 -0.00443638 -0.071208 -4.13841 0.00453765 0.999989 0.00126172 -0.624643 0.0712017 -0.00158171 0.997461 54.0713 
0.997365 -0.00537113 -0.0723417 -4.21041 0.00554947 0.999982 0.00226562 -0.636938 0.0723283 -0.0026612 0.997377 55.0106 
0.997278 -0.0079561 -0.0732967 -4.29346 0.0084404 0.999944 0.00630113 -0.652447 0.0732426 -0.00690273 0.99729 55.9604 
0.997223 -0.00843299 -0.0739876 -4.37477 0.00928712 0.999894 0.011209 -0.661707 0.0738853 -0.0118651 0.997196 56.9216 
0.997207 -0.0068118 -0.07438 -4.47083 0.00783295 0.999879 0.0134468 -0.664116 0.0742795 -0.013992 0.997139 57.884 
0.997136 -0.00535092 -0.0754389 -4.56865 0.00606566 0.999939 0.00924963 -0.669626 0.0753849 -0.00968081 0.997107 58.8267 
0.997037 -0.00336239 -0.0768452 -4.65185 0.00349452 0.999993 0.00158603 -0.681832 0.0768393 -0.00184995 0.997042 59.7437 
0.99697 -0.00201195 -0.077766 -4.74433 0.00175353 0.999993 -0.00339018 -0.688377 0.0777724 0.00324346 0.996966 60.6691 
0.996892 0.00382878 -0.0786845 -4.83274 -0.00403826 0.999989 -0.00250222 -0.710627 0.0786741 0.0028121 0.996896 61.5618 
0.996785 0.00644023 -0.0798607 -4.92564 -0.00647256 0.999979 -0.000144951 -0.728334 0.0798581 0.000661301 0.996806 62.4662 
0.996714 0.00898632 -0.080496 -5.02527 -0.00890902 0.999959 0.00132038 -0.742074 0.0805047 -0.000598983 0.996754 63.3602 
0.996618 0.00957659 -0.0816161 -5.10981 -0.00952678 0.999954 0.00100065 -0.75172 0.081622 -0.000219811 0.996663 64.2222 
0.996473 0.0114835 -0.0831291 -5.20726 -0.0113996 0.999934 0.00148492 -0.757422 0.0831407 -0.000532134 0.996538 65.0947 
0.996365 0.0122922 -0.0842989 -5.30173 -0.0121809 0.999924 0.00183605 -0.768259 0.0843152 -0.000802624 0.996439 65.9415 
0.996254 0.0123701 -0.0855898 -5.39041 -0.0122241 0.999923 0.00223037 -0.781579 0.0856108 -0.00117585 0.996328 66.7697 
0.996141 0.0124239 -0.0868868 -5.46948 -0.0121859 0.99992 0.00327084 -0.794359 0.0869206 -0.00219951 0.996213 67.5697 
0.995975 0.0150542 -0.0883583 -5.55528 -0.0145834 0.999876 0.00597216 -0.803155 0.0884373 -0.00465964 0.996071 68.365 
0.995852 0.0164204 -0.0894908 -5.64587 -0.0155945 0.999829 0.00992073 -0.808376 0.0896385 -0.0084841 0.995938 69.1604 
0.995675 0.0194408 -0.0908503 -5.74521 -0.0184606 0.999762 0.0116191 -0.816792 0.0910546 -0.00989174 0.995797 69.9479 
0.995513 0.0225015 -0.0919071 -5.83977 -0.021907 0.999732 0.00747272 -0.825699 0.0920507 -0.00542586 0.995739 70.7003 
0.995395 0.0223285 -0.09322 -5.92226 -0.0223915 0.999749 0.000370971 -0.842086 0.093205 0.00171799 0.995645 71.4285 
0.995281 0.0214806 -0.0946217 -6.00626 -0.0220996 0.999741 -0.0054977 -0.847644 0.0944792 0.00756278 0.995498 72.1418 
0.995233 0.0223445 -0.0949286 -6.09123 -0.0230814 0.999711 -0.00667165 -0.858407 0.0947522 0.00883085 0.995462 72.8413 
0.995114 0.0250245 -0.0955102 -6.17969 -0.0254426 0.999671 -0.00316147 -0.872669 0.0953997 0.00557597 0.995423 73.5199 
0.994994 0.0251271 -0.0967248 -6.26026 -0.0253071 0.999679 -0.000633233 -0.894869 0.096678 0.0030778 0.995311 74.1789 
0.994985 0.021954 -0.0975838 -6.33461 -0.0224461 0.99974 -0.00394652 -0.908677 0.0974719 0.00611701 0.995219 74.814 
0.995104 0.0140057 -0.097836 -6.39034 -0.0149353 0.99985 -0.00877533 -0.930025 0.0976985 0.0101935 0.995164 75.4257 
0.995224 0.00981884 -0.0971198 -6.4459 -0.0111783 0.999847 -0.0134622 -0.946185 0.0969729 0.0144835 0.995182 76.0239 
0.99549 0.0123368 -0.0940646 -6.51233 -0.0136856 0.999812 -0.0137065 -0.961362 0.093878 0.0149319 0.995472 76.6087 
0.995796 0.017192 -0.0899661 -6.5796 -0.0182333 0.999776 -0.0107646 -0.975464 0.0897609 0.0123597 0.995887 77.1849 
0.996232 0.0155543 -0.0853176 -6.63172 -0.0162636 0.999839 -0.00762376 -0.989681 0.0851853 0.00898252 0.996325 77.7434 
0.996766 0.0119064 -0.0794727 -6.67364 -0.0122114 0.99992 -0.00335193 -1.00547 0.0794266 0.00431147 0.996831 78.2846 
0.997405 0.00729541 -0.0716292 -6.69966 -0.00730056 0.999973 0.000191011 -1.02078 0.0716288 0.000332332 0.997431 78.8168 
0.998069 0.0110338 -0.0611256 -6.73128 -0.0110613 0.999939 -0.000109181 -1.03117 0.0611208 0.000785011 0.99813 79.3351 
0.998806 0.0161587 -0.0460929 -6.76076 -0.0162007 0.999869 -0.000536495 -1.04327 0.0460783 0.00128251 0.998937 79.8347 
0.999374 0.0212478 -0.0282757 -6.7738 -0.0212658 0.999774 -0.000333726 -1.04926 0.0282623 0.000934738 0.9996 80.3273 
0.999786 0.0197049 -0.00623772 -6.76404 -0.0197056 0.999806 -3.01618e-05 -1.05402 0.006236 0.00015299 0.99998 80.8056 
0.999671 0.0163068 0.0197981 -6.73197 -0.0163233 0.999866 0.000664364 -1.06165 -0.0197845 -0.000987397 0.999804 81.2718 
0.998671 0.0154019 0.0491815 -6.68748 -0.0155148 0.999878 0.0019125 -1.06779 -0.049146 -0.00267307 0.998788 81.7269 
0.996516 0.0148483 0.0820646 -6.6291 -0.015157 0.99988 0.00313961 -1.07741 -0.0820081 -0.0043726 0.996622 82.1691 
0.99275 0.0148459 0.11928 -6.54797 -0.0153741 0.999876 0.00350918 -1.08502 -0.119213 -0.00531763 0.992854 82.6062 
0.98684 0.0153151 0.16097 -6.45548 -0.0159905 0.999868 0.00290007 -1.0849 -0.160905 -0.00543597 0.986955 83.0324 
0.978437 0.0151447 0.20599 -6.33906 -0.0160343 0.999868 0.00264926 -1.09444 -0.205923 -0.0058951 0.97855 83.4441 
0.966725 0.0175348 0.255215 -6.21607 -0.0182251 0.999834 0.00033989 -1.10494 -0.255167 -0.00497999 0.966884 83.8344 
0.951071 0.0181839 0.308435 -6.07375 -0.0182731 0.99983 -0.00259975 -1.11977 -0.30843 -0.00316358 0.951242 84.2008 
0.931122 0.0182386 0.364251 -5.90725 -0.0176985 0.999832 -0.00482129 -1.13085 -0.364277 -0.00195754 0.931288 84.5494 
0.906705 0.0191438 0.421331 -5.71801 -0.0177926 0.999816 -0.00713859 -1.13698 -0.42139 -0.00102405 0.906879 84.8843 
0.87744 0.0191967 0.479302 -5.51198 -0.016737 0.999816 -0.00940446 -1.14537 -0.479394 0.000229731 0.8776 85.1973 
0.843796 0.0175974 0.536376 -5.28377 -0.0135186 0.999842 -0.0115362 -1.15761 -0.536494 0.00248309 0.8439 85.4851 
0.806708 0.0169789 0.590706 -5.03558 -0.0118958 0.999851 -0.0124935 -1.17389 -0.59083 0.00305164 0.80679 85.7595 
0.766526 0.0157681 0.64202 -4.77144 -0.0110429 0.999874 -0.0113728 -1.1902 -0.642118 0.00162775 0.766604 86.0172 
0.723263 0.0152994 0.690403 -4.49283 -0.0123229 0.999881 -0.00924824 -1.2024 -0.690462 -0.00181888 0.723366 86.2626 
0.6772 0.0143063 0.73566 -4.20222 -0.01148 0.999895 -0.0088773 -1.21316 -0.73571 -0.00243368 0.677292 86.4889 
0.629921 0.013013 0.77655 -3.89249 -0.00802265 0.999915 -0.0102483 -1.22293 -0.776618 0.000225593 0.629972 86.694 
0.582303 0.0105091 0.812904 -3.56661 -0.00194492 0.999932 -0.0115339 -1.23105 -0.812969 0.00513519 0.582284 86.8821 
0.534724 0.0125807 0.844933 -3.24225 -0.0037581 0.999915 -0.0125101 -1.24502 -0.845018 0.00351408 0.534726 87.0545 
0.486552 0.0155722 0.873513 -2.91759 -0.00731182 0.999879 -0.0137523 -1.25695 -0.873621 0.0003042 0.486607 87.2135 
0.440238 0.0177619 0.897705 -2.58674 -0.00797335 0.999842 -0.0158728 -1.26942 -0.897846 -0.000169943 0.44031 87.3497 
0.397408 0.0153128 0.917514 -2.24503 -0.000897881 0.999867 -0.0162984 -1.27799 -0.917641 0.00565328 0.397369 87.4593 
0.357493 0.0079002 0.933882 -1.88492 0.0143478 0.9998 -0.0139503 -1.28388 -0.933806 0.0183863 0.357308 87.5474 
0.321923 0.00428158 0.946756 -1.52416 0.0183833 0.999773 -0.0107723 -1.2932 -0.946587 0.0208723 0.321771 87.6363 
0.28841 0.00835258 0.957471 -1.16777 0.0156849 0.999786 -0.0134464 -1.30336 -0.957378 0.0188959 0.288217 87.7286 
0.256938 0.0160542 0.966294 -0.800589 0.0053997 0.999822 -0.0180471 -1.31742 -0.966413 0.00985468 0.256806 87.831 
0.228364 0.0204414 0.973361 -0.42157 0.000581728 0.999776 -0.0211328 -1.33885 -0.973575 0.00539219 0.228301 87.9161 
0.202634 0.0221015 0.979005 -0.032967 0.00260568 0.999729 -0.0231088 -1.35617 -0.979251 0.00723359 0.202521 87.9813 
0.179187 0.0235037 0.983534 0.369262 0.0101967 0.999616 -0.0257459 -1.36922 -0.983762 0.0146421 0.178879 88.0328 
0.159026 0.0297907 0.986825 0.780396 0.0174778 0.999303 -0.032984 -1.37068 -0.98712 0.0224929 0.158394 88.078 
0.138941 0.0364882 0.989628 1.18884 0.0195261 0.999026 -0.0395762 -1.38269 -0.990108 0.0248223 0.138093 88.1338 
0.1216 0.0370789 0.991886 1.59529 0.0182354 0.99905 -0.0395824 -1.39712 -0.992412 0.0229006 0.120808 88.1736 
0.106248 0.0326965 0.993802 2.04567 0.0169076 0.999255 -0.0346836 -1.41904 -0.994196 0.0204878 0.105616 88.2167 
0.091897 0.0294147 0.995334 2.49665 0.0176565 0.999358 -0.0311639 -1.44031 -0.995612 0.020438 0.0913187 88.2478 
0.0784846 0.0268079 0.996555 2.98815 0.0200355 0.999394 -0.0284623 -1.47405 -0.996714 0.0222003 0.0779 88.2877 
0.066746 0.0262766 0.997424 3.50022 0.0239966 0.999322 -0.0279325 -1.48634 -0.997481 0.0257992 0.0660702 88.3238 
0.0566388 0.0268916 0.998032 4.01199 0.0275835 0.999213 -0.0284889 -1.5035 -0.998014 0.0291428 0.0558525 88.3531 
0.0486776 0.0274603 0.998437 4.55119 0.0298306 0.999136 -0.0289339 -1.51786 -0.998369 0.0311924 0.0478164 88.3799 
0.0432156 0.0279144 0.998676 5.10613 0.0322602 0.999049 -0.029321 -1.53171 -0.998545 0.0334846 0.042274 88.4051 
0.0377512 0.0288193 0.998871 5.66201 0.033719 0.998978 -0.0300969 -1.55476 -0.998718 0.0348171 0.0367409 88.4228 
0.0319754 0.0294297 0.999055 6.23069 0.0344476 0.99894 -0.030529 -1.57573 -0.998895 0.0353912 0.0309277 88.4372 
0.0274603 0.0294647 0.999188 6.83551 0.0363043 0.998877 -0.0304533 -1.60345 -0.998963 0.0371111 0.0263598 88.4579 
0.0245786 0.0294626 0.999264 7.46362 0.0381122 0.998811 -0.0303867 -1.62259 -0.998971 0.038831 0.0234265 88.4771 
0.0210395 0.0290268 0.999357 8.11498 0.0379686 0.998834 -0.029811 -1.65349 -0.999057 0.0385714 0.0199128 88.5113 
0.0185273 0.0282327 0.99943 8.76481 0.0393125 0.998808 -0.0289439 -1.69195 -0.999055 0.0398263 0.0173954 88.5267 
0.0179426 0.0280439 0.999446 9.44993 0.0435434 0.998636 -0.028803 -1.71352 -0.99889 0.0440361 0.016697 88.5424 
0.0186784 0.0278569 0.999437 10.1388 0.0465577 0.998503 -0.0287011 -1.7401 -0.998741 0.0470676 0.0173535 88.5651 
0.021196 0.027745 0.99939 10.8415 0.0484819 0.99841 -0.0287462 -1.7664 -0.998599 0.0490617 0.0198172 88.5825 
0.0249551 0.0277786 0.999302 11.5706 0.0508336 0.998285 -0.0290199 -1.79042 -0.998395 0.0515223 0.0235002 88.6124 
0.0294478 0.0272258 0.999195 12.3055 0.0510243 0.998285 -0.0287049 -1.81978 -0.998263 0.0518286 0.0280081 88.635 
0.0334243 0.0253555 0.999119 13.0551 0.0523421 0.998262 -0.0270848 -1.85178 -0.99807 0.0532013 0.0320391 88.6652 
0.037248 0.023801 0.999022 13.821 0.0518043 0.998326 -0.025716 -1.88118 -0.997962 0.0527116 0.0359527 88.7087 
0.0415135 0.0214403 0.998908 14.5995 0.0485803 0.998544 -0.0234515 -1.91698 -0.997956 0.0495008 0.0404115 88.75 
0.0454278 0.0203378 0.99876 15.3987 0.0476335 0.998611 -0.0225014 -1.9445 -0.997831 0.0485967 0.044396 88.8023 
0.0495014 0.021113 0.998551 16.1847 0.0448099 0.998723 -0.0233381 -1.97619 -0.997768 0.0459002 0.0484921 88.8528 
0.0526315 0.0250995 0.998298 16.9887 0.0426076 0.998717 -0.0273564 -2.0083 -0.997705 0.0439749 0.0514945 88.9093 
0.0539023 0.0303762 0.998084 17.7862 0.0361833 0.998821 -0.0323529 -2.04286 -0.99789 0.0378579 0.0527396 88.9709 
0.0534686 0.0336631 0.998002 18.6125 0.0334677 0.99881 -0.0354835 -2.07483 -0.998008 0.0352981 0.0522783 89.0372 
0.0534611 0.0329606 0.998026 19.4319 0.0300118 0.99895 -0.0345988 -2.12588 -0.998119 0.0318022 0.0524158 89.097 
0.0534726 0.0310502 0.998086 20.2461 0.0271914 0.9991 -0.0325386 -2.16798 -0.998199 0.0288793 0.0525802 89.1545 
0.0533756 0.0297795 0.99813 21.0553 0.027933 0.999119 -0.0313029 -2.20358 -0.998184 0.0295516 0.0524968 89.2025 
0.0533813 0.0289521 0.998154 21.8851 0.0247351 0.999234 -0.0303064 -2.25274 -0.998268 0.0263072 0.0526243 89.2743 
0.0532183 0.0291544 0.998157 22.6902 0.0219982 0.999297 -0.0303607 -2.29711 -0.99834 0.0235735 0.0525396 89.3328 
0.0531527 0.0296432 0.998146 23.5048 0.0188591 0.999351 -0.0306834 -2.33851 -0.998408 0.020455 0.0525591 89.3938 
0.0520836 0.0309195 0.998164 24.3157 0.0167087 0.999354 -0.0318283 -2.3741 -0.998503 0.0183358 0.0515333 89.4498 
0.0493621 0.0306676 0.99831 25.1217 0.0137265 0.999413 -0.0313803 -2.40712 -0.998687 0.0152523 0.0489122 89.4997 
0.0451119 0.0293504 0.998551 25.9384 0.0109045 0.999494 -0.0298709 -2.44554 -0.998922 0.0122363 0.044769 89.5565 
0.0401698 0.026781 0.998834 26.7538 0.0086894 0.999593 -0.0271509 -2.48209 -0.999155 0.00976991 0.0399207 89.6043 
0.0338011 0.0245757 0.999126 27.5699 0.00665056 0.99967 -0.0248141 -2.51909 -0.999406 0.0074835 0.0336265 89.6457 
0.0263514 0.0248972 0.999343 28.3845 0.00645031 0.999665 -0.0250754 -2.55216 -0.999632 0.00710684 0.026182 89.676 
0.0177206 0.0257477 0.999511 29.1835 0.00623706 0.999646 -0.0258618 -2.58559 -0.999823 0.0066923 0.0175537 89.6956 
0.0080127 0.0262968 0.999622 29.9837 0.0069339 0.999629 -0.0263526 -2.61426 -0.999944 0.00714243 0.00782739 89.7053 
-0.00222286 0.0254497 0.999674 30.7748 0.00827955 0.999642 -0.0254306 -2.64337 -0.999963 0.00822032 -0.00243277 89.7093 
-0.0128483 0.0245343 0.999616 31.5646 0.00728383 0.999675 -0.0244422 -2.6749 -0.999891 0.006967 -0.0130228 89.7032 
-0.0239551 0.0239846 0.999425 32.3551 0.00898022 0.999677 -0.0237755 -2.70024 -0.999673 0.00840552 -0.0241627 89.6884 
-0.034778 0.0244144 0.999097 33.1401 0.0095057 0.999664 -0.0240975 -2.72911 -0.99935 0.00865906 -0.0349984 89.6669 
-0.0454417 0.0250113 0.998654 33.9147 0.00992854 0.999648 -0.0245845 -2.76019 -0.998918 0.00879802 -0.0456741 89.6284 
-0.0559805 0.0259079 0.998096 34.6782 0.00932382 0.999633 -0.025425 -2.79561 -0.998388 0.00788277 -0.0562015 89.5898 
-0.0661963 0.0271152 0.997438 35.4398 0.0105835 0.999593 -0.0264715 -2.82029 -0.99775 0.0088041 -0.0664564 89.5428 
-0.0755772 0.0277137 0.996755 36.2053 0.0110073 0.999576 -0.0269576 -2.85554 -0.997079 0.00893418 -0.0758502 89.4867 
-0.0851642 0.0283151 0.995964 36.9586 0.0118154 0.999554 -0.0274069 -2.88355 -0.996297 0.00943366 -0.0854608 89.426 
-0.0943894 0.0287634 0.99512 37.7082 0.0127032 0.999536 -0.0276862 -2.91582 -0.995454 0.0100279 -0.0947109 89.3555 
-0.103035 0.0280642 0.994282 38.4446 0.013533 0.999549 -0.0268106 -2.94802 -0.994586 0.0106932 -0.103369 89.2863 
-0.110435 0.0267104 0.993524 39.1701 0.0149797 0.99957 -0.025208 -2.98229 -0.99377 0.0120988 -0.110788 89.2093 
-0.115679 0.024985 0.992972 39.8871 0.0172959 0.999583 -0.0231365 -3.01481 -0.993136 0.0144979 -0.116063 89.128 
-0.119137 0.0234815 0.9926 40.6048 0.0208782 0.999558 -0.0211403 -3.04102 -0.992658 0.0182051 -0.119574 89.0387 
-0.121853 0.0223989 0.992295 41.3194 0.0220659 0.999559 -0.0198533 -3.06604 -0.992303 0.0194767 -0.122294 88.9559 
-0.123508 0.0216967 0.992106 42.0004 0.0223897 0.999567 -0.0190726 -3.0904 -0.992091 0.0198573 -0.12394 88.8753 
-0.124231 0.0220564 0.992008 42.6531 0.0230043 0.999548 -0.0193433 -3.12035 -0.991987 0.0204175 -0.124682 88.7977 
-0.123477 0.0229264 0.992082 43.3226 0.0228901 0.999533 -0.0202497 -3.14662 -0.992083 0.0202085 -0.123944 88.724 
-0.120141 0.024552 0.992453 43.9563 0.0246899 0.999459 -0.0217365 -3.17122 -0.99245 0.0218922 -0.120682 88.6464 
-0.114893 0.0252581 0.993057 44.5953 0.0247643 0.999439 -0.0225553 -3.19515 -0.993069 0.0220009 -0.115454 88.5805 
-0.106669 0.0263445 0.993945 45.2058 0.024796 0.999408 -0.0238283 -3.21147 -0.993985 0.0221041 -0.107259 88.5223 
-0.0954797 0.0263624 0.995082 45.7902 0.0232937 0.999435 -0.0242428 -3.23584 -0.995159 0.0208644 -0.0960398 88.4782 
-0.0816814 0.0267086 0.9963 46.3531 0.0225354 0.999435 -0.0249451 -3.26 -0.996404 0.0204145 -0.0822371 88.4449 
-0.064326 0.0277156 0.997544 46.9129 0.0217021 0.999417 -0.0263683 -3.29356 -0.997693 0.0199526 -0.06489 88.4243 
-0.0426807 0.0304769 0.998624 47.4623 0.020448 0.999352 -0.0296252 -3.31485 -0.998879 0.0191555 -0.0432763 88.4131 
-0.0179884 0.0334412 0.999279 47.998 0.0181494 0.999287 -0.0331148 -3.34209 -0.999673 0.0175406 -0.0185825 88.4214 
0.0107323 0.0352344 0.999321 48.5343 0.0164912 0.999237 -0.0354086 -3.36796 -0.999806 0.0168601 0.0101431 88.4419 
0.0445794 0.0344547 0.998411 49.0589 0.0138123 0.999288 -0.0351018 -3.39797 -0.99891 0.0153551 0.0440718 88.4762 
0.0832156 0.0323904 0.996005 49.5956 0.0132807 0.999347 -0.0336088 -3.41579 -0.996443 0.0160244 0.082731 88.5366 
0.126086 0.0285616 0.991608 50.1197 0.0108925 0.999485 -0.0301736 -3.44446 -0.991959 0.0146056 0.12571 88.6211 
0.172331 0.0243237 0.984739 50.629 0.00861792 0.99962 -0.0261996 -3.46589 -0.985001 0.0130014 0.172056 88.729 
0.221594 0.0206566 0.97492 51.1361 0.00360276 0.999751 -0.0220017 -3.49591 -0.975132 0.00838783 0.221465 88.8638 
0.274523 0.0194292 0.961384 51.6433 0.000273734 0.999794 -0.0202838 -3.50936 -0.96158 0.00583151 0.274461 89.0186 
0.330832 0.0190725 0.943497 52.1282 -0.000342469 0.999798 -0.0200907 -3.52478 -0.94369 0.0063235 0.330771 89.1977 
0.389197 0.020264 0.920932 52.6021 0.0010463 0.999748 -0.0224405 -3.5305 -0.921154 0.00969734 0.389077 89.4238 
0.449377 0.0233864 0.893036 53.0394 0.00160416 0.999634 -0.0269853 -3.55004 -0.893341 0.0135591 0.449175 89.6805 
0.509268 0.0270873 0.860182 53.4451 0.00234438 0.999457 -0.0328612 -3.55875 -0.860605 0.0187517 0.508928 89.9606 
0.567718 0.0311184 0.822635 53.826 -0.00207761 0.999336 -0.036369 -3.57826 -0.82322 0.0189382 0.567406 90.2724 
0.62361 0.0344276 0.780977 54.1794 -0.0063524 0.99922 -0.038976 -3.58843 -0.78171 0.0193447 0.623342 90.6167 
0.676227 0.0347092 0.735875 54.4863 -0.00786501 0.999173 -0.0399009 -3.6109 -0.736651 0.0211944 0.675941 90.96 
0.725158 0.032383 0.687821 54.7805 -0.00816887 0.999228 -0.0384321 -3.63265 -0.688534 0.0222506 0.724862 91.3281 
0.770305 0.0286117 0.637033 55.0375 -0.0101563 0.999417 -0.0326068 -3.65323 -0.637594 0.0186472 0.770146 91.6984 
0.811576 0.0224792 0.583814 55.2746 -0.00980233 0.999643 -0.024864 -3.67445 -0.584164 0.0144563 0.811507 92.1023 
0.847964 0.0202087 0.529669 55.4889 -0.0123559 0.999755 -0.0183633 -3.68603 -0.52991 0.00902685 0.848006 92.5318 
0.878941 0.0163764 0.476649 55.6723 -0.0127865 0.99986 -0.0107744 -3.69987 -0.476759 0.00337537 0.879028 92.9733 
0.904437 0.0164365 0.42629 55.8243 -0.0158253 0.999862 -0.00497623 -3.71682 -0.426313 -0.00224554 0.904573 93.4043 
0.924473 0.0184618 0.3808 55.9574 -0.0194996 0.999809 -0.00113316 -3.73091 -0.380749 -0.00637794 0.924656 93.8567 
0.939714 0.0242222 0.341102 56.0716 -0.0264047 0.99965 0.00175637 -3.74058 -0.34094 -0.0106573 0.940025 94.3189 
0.951545 0.0283661 0.306199 56.1706 -0.0301043 0.999546 0.000954424 -3.7437 -0.306033 -0.0101261 0.951967 94.7823 
0.960831 0.0307144 0.275428 56.2777 -0.0323465 0.999476 0.00138365 -3.7508 -0.275241 -0.0102387 0.961321 95.2508 
0.966967 0.0251203 0.253662 56.3827 -0.0263938 0.99965 0.00161754 -3.7521 -0.253533 -0.00825928 0.967291 95.7323 
0.970953 0.0217209 0.238284 56.4808 -0.0229186 0.999735 0.00225618 -3.75935 -0.238172 -0.00765184 0.971193 96.217 
0.973867 0.026035 0.225621 56.572 -0.0272241 0.999627 0.00216002 -3.76738 -0.225481 -0.00824599 0.974213 96.7173 
0.975912 0.0309337 0.215961 56.659 -0.0322113 0.999478 0.00239772 -3.76281 -0.215774 -0.00929644 0.976399 97.2269 
0.976932 0.0387695 0.210001 56.7442 -0.0398692 0.999204 0.00100356 -3.76484 -0.209795 -0.00935307 0.9777 97.7444 
0.977301 0.0445227 0.207125 56.8332 -0.0449671 0.998985 -0.00256478 -3.77225 -0.207029 -0.00680731 0.978311 98.2668 
0.977417 0.0458905 0.206275 56.9353 -0.0458368 0.998936 -0.0050426 -3.78587 -0.206287 -0.00452633 0.978481 98.8017 
0.976964 0.044065 0.208805 57.0423 -0.0431951 0.999028 -0.00872688 -3.79177 -0.208986 -0.000493553 0.977918 99.3416 
0.976152 0.0429826 0.212792 57.157 -0.0407004 0.999057 -0.0150964 -3.80198 -0.21324 0.00607562 0.976981 99.8902 
0.975231 0.043299 0.216911 57.2722 -0.0399505 0.999005 -0.019801 -3.80912 -0.217552 0.0106448 0.975991 100.45 
0.974027 0.0476218 0.221369 57.3858 -0.0443896 0.998823 -0.0195561 -3.81968 -0.22204 0.00922157 0.974994 101.024 
0.972529 0.050781 0.227176 57.5073 -0.0484859 0.998701 -0.0156755 -3.8346 -0.227676 0.00423002 0.973728 101.62 
0.971601 0.0477172 0.231764 57.6458 -0.0464198 0.998861 -0.0110515 -3.84866 -0.232027 -2.09088e-05 0.972709 102.221 
0.970873 0.042994 0.235704 57.792 -0.0429186 0.999064 -0.00545287 -3.85919 -0.235717 -0.00482209 0.97181 102.839 
0.970104 0.0403196 0.239318 57.9436 -0.0413191 0.999146 -0.000841784 -3.86871 -0.239148 -0.00907187 0.970941 103.465 
0.96957 0.0354615 0.242233 58.0981 -0.0364856 0.999334 -0.000258366 -3.87251 -0.242081 -0.0085876 0.970218 104.097 
0.969675 0.0318228 0.242319 58.2608 -0.0320299 0.999482 -0.00308577 -3.88836 -0.242292 -0.00476934 0.970192 104.734 
0.96978 0.0310647 0.241995 58.4168 -0.0295064 0.999514 -0.0100621 -3.89731 -0.24219 0.00261752 0.970225 105.386 
0.969889 0.0332279 0.241268 58.5611 -0.030104 0.999408 -0.0166238 -3.9087 -0.241677 0.00886003 0.970316 106.041 
0.970469 0.0362156 0.238492 58.7123 -0.0322629 0.99927 -0.0204579 -3.91632 -0.239059 0.0121592 0.970929 106.713 
0.971094 0.0346157 0.236173 58.8675 -0.0316965 0.999367 -0.0161473 -3.93192 -0.236583 0.00819464 0.971577 107.416 
0.971515 0.0305956 0.234994 59.0224 -0.0294562 0.999531 -0.00835855 -3.952 -0.235139 0.00119838 0.971961 108.114 
0.972124 0.0306223 0.232459 59.1851 -0.0308602 0.99952 -0.00261443 -3.96868 -0.232428 -0.00463227 0.972603 108.842 
0.972397 0.0340209 0.230838 59.3338 -0.0341973 0.99941 -0.00323859 -3.98253 -0.230812 -0.00474493 0.972987 109.567 
0.972678 0.0396689 0.228744 59.4782 -0.0389068 0.999212 -0.00784268 -3.9925 -0.228875 -0.00127138 0.973455 110.302 
0.973583 0.0402893 0.224752 59.6417 -0.0382936 0.999179 -0.0132338 -4.00221 -0.2251 0.00427757 0.974326 111.05 
0.974525 0.039064 0.22085 59.8003 -0.0364265 0.999208 -0.0160047 -4.01466 -0.2213 0.00755207 0.975176 111.809 
0.975494 0.0366151 0.21696 59.9617 -0.0342877 0.999307 -0.0144836 -4.031 -0.217339 0.00668955 0.976073 112.585 
0.976372 0.0327176 0.213604 60.126 -0.0307948 0.99945 -0.0123239 -4.04971 -0.21389 0.00545478 0.976842 113.37 
0.976793 0.031401 0.211869 60.2824 -0.0300545 0.999502 -0.00957435 -4.06587 -0.212064 0.00298447 0.977251 114.165 
0.977137 0.0281257 0.210741 60.4426 -0.0272346 0.999604 -0.00713073 -4.08311 -0.210858 0.00122817 0.977516 114.966 
0.977373 0.0227678 0.210295 60.6119 -0.0220077 0.99974 -0.0059546 -4.09159 -0.210376 0.00119167 0.97762 115.766 
0.977493 0.0235227 0.209652 60.7713 -0.0231143 0.999723 -0.00439907 -4.10588 -0.209698 -0.000545974 0.977766 116.59 
0.977285 0.0285145 0.21 60.9269 -0.0278034 0.999593 -0.00633885 -4.11921 -0.210095 0.000356085 0.977681 117.41 
0.977002 0.0342554 0.210461 61.0861 -0.032951 0.99941 -0.00970325 -4.13517 -0.210669 0.00254514 0.977554 118.232 
0.976471 0.043046 0.21131 61.2432 -0.0416014 0.999071 -0.0112798 -4.14924 -0.211599 0.00222357 0.977354 119.058 
0.975507 0.0490681 0.214425 61.3983 -0.0478661 0.998795 -0.010798 -4.16455 -0.214696 0.000269845 0.976681 119.906 
0.974754 0.0513627 0.217292 61.5658 -0.05065 0.998677 -0.00885236 -4.18366 -0.217459 -0.00237705 0.976066 120.742 
0.97414 0.0520763 0.219862 61.7419 -0.0511946 0.998641 -0.00971027 -4.20108 -0.220069 -0.00179664 0.975483 121.586 
0.973786 0.050417 0.221807 61.9159 -0.0489016 0.998728 -0.0123225 -4.21794 -0.222146 0.0011527 0.975013 122.426 
0.973775 0.0442031 0.223176 62.106 -0.0428353 0.999022 -0.0109688 -4.23735 -0.223442 0.00112126 0.974716 123.269 
0.974043 0.0374526 0.223242 62.2978 -0.03562 0.99929 -0.0122321 -4.26016 -0.223542 0.00396264 0.974686 124.108 
0.973804 0.0365698 0.224427 62.4828 -0.0346781 0.999322 -0.0123665 -4.28171 -0.224727 0.00425973 0.974412 124.955 
0.973272 0.0389924 0.226319 62.6633 -0.0378287 0.999239 -0.00947848 -4.29939 -0.226516 0.000663721 0.974007 125.803 
0.972888 0.0407185 0.227662 62.8399 -0.0408729 0.999156 -0.00403894 -4.31162 -0.227634 -0.00537583 0.973732 126.644 
0.972547 0.0444533 0.228419 63.0178 -0.0457135 0.998954 0.000225765 -4.32954 -0.22817 -0.0106615 0.973563 127.48 
0.972323 0.0438705 0.229484 63.2003 -0.0436107 0.999029 -0.0062064 -4.34646 -0.229533 -0.00397339 0.973293 128.308 
0.972586 0.0396575 0.229135 63.3875 -0.0359301 0.999146 -0.0204185 -4.36699 -0.229749 0.0116258 0.97318 129.118 
0.972845 0.0371386 0.228457 63.5768 -0.0312115 0.999077 -0.0295043 -4.38873 -0.229342 0.0215726 0.973107 129.93 
0.973131 0.0342217 0.227694 63.7599 -0.030356 0.99933 -0.0204594 -4.40773 -0.228241 0.0129977 0.973518 130.755 
0.973538 0.0276103 0.226851 63.9451 -0.0284308 0.999596 0.000348959 -4.43031 -0.226749 -0.00678934 0.973929 131.6 
0.973866 0.0237428 0.225879 64.1296 -0.0279654 0.999488 0.015512 -4.44853 -0.225395 -0.0214235 0.974032 132.437 
0.973851 0.0282347 0.225428 64.297 -0.0312419 0.999464 0.00978265 -4.45955 -0.225031 -0.0165697 0.974211 133.254 
0.974082 0.0363612 0.223253 64.4605 -0.03586 0.999337 -0.00630027 -4.46283 -0.223334 -0.00186896 0.97474 134.062 
0.974319 0.0367159 0.22216 64.6311 -0.034386 0.999306 -0.0143479 -4.46931 -0.222533 0.00634014 0.974905 134.875 
0.974957 0.0325193 0.220002 64.8089 -0.0299903 0.99944 -0.0148269 -4.49501 -0.220361 0.00785761 0.975387 135.682 
0.975644 0.0321885 0.216986 64.9813 -0.0300976 0.999463 -0.0129352 -4.52411 -0.217286 0.00608935 0.976089 136.495 
0.976472 0.0319704 0.213262 65.1482 -0.0296581 0.999461 -0.0140343 -4.54668 -0.213595 0.00737912 0.976894 137.304 
0.977503 0.0331026 0.208306 65.3077 -0.0305389 0.999413 -0.0155123 -4.56869 -0.208698 0.00880184 0.977941 138.118 
0.977947 0.0381626 0.205337 65.4588 -0.0357365 0.999241 -0.0155128 -4.59495 -0.205773 0.00783264 0.978568 138.93 
0.978142 0.0439892 0.20323 65.6011 -0.0416013 0.999006 -0.0160093 -4.61303 -0.203732 0.00720467 0.979 139.735 
0.97847 0.0454205 0.201327 65.7503 -0.0435212 0.998956 -0.0138533 -4.63712 -0.201746 0.00479299 0.979426 140.545 
0.978822 0.0431961 0.200106 65.9038 -0.0422533 0.999066 -0.00898233 -4.65888 -0.200307 0.000336893 0.979733 141.349 
0.979175 0.0417919 0.19867 66.0468 -0.0407791 0.999126 -0.00918909 -4.67229 -0.19888 0.000896095 0.980023 142.159 
0.979808 0.0401881 0.195859 66.1977 -0.0385728 0.999183 -0.0120567 -4.69411 -0.196183 0.00425833 0.980558 142.951 
0.980918 0.0351666 0.191213 66.343 -0.0327499 0.999339 -0.0157861 -4.71379 -0.191641 0.00922266 0.981422 143.748 
0.982251 0.0324494 0.184741 66.4866 -0.0298908 0.999415 -0.0166194 -4.7335 -0.185172 0.0108023 0.982647 144.547 
0.983512 0.0305545 0.178243 66.6216 -0.0289365 0.999513 -0.0116711 -4.74554 -0.178513 0.00632086 0.983917 145.35 
0.984732 0.0277306 0.171855 66.7518 -0.0276362 0.999614 -0.00294291 -4.7667 -0.171871 -0.00185153 0.985118 146.165 
0.985444 0.0247486 0.168188 66.8808 -0.0261928 0.999637 0.0063729 -4.7788 -0.167969 -0.0106855 0.985734 146.972 
0.985998 0.0312257 0.163807 66.9902 -0.0331204 0.999412 0.0088473 -4.78493 -0.163434 -0.0141489 0.986453 147.777 
0.986703 0.03407 0.158923 67.0995 -0.035192 0.999371 0.0042501 -4.79614 -0.158679 -0.0097865 0.987282 148.571 
0.987874 0.0345652 0.151358 67.2039 -0.0340481 0.999402 -0.00600811 -4.80431 -0.151475 0.00078171 0.988461 149.369 
0.988921 0.0314363 0.145078 67.307 -0.0301327 0.999483 -0.0111755 -4.81519 -0.145355 0.00668005 0.989357 150.173 
0.98991 0.0307105 0.138332 67.4062 -0.0295618 0.999509 -0.0103521 -4.82368 -0.138582 0.00615823 0.990332 150.982 
0.990715 0.0372581 0.130753 67.4887 -0.0366837 0.999304 -0.0068006 -4.84281 -0.130915 0.00194089 0.991392 151.8 
0.991511 0.0426672 0.122822 67.5601 -0.0419465 0.999084 -0.00844906 -4.85945 -0.12307 0.00322528 0.992393 152.613 
0.992616 0.0451657 0.112576 67.6332 -0.0438833 0.998941 -0.0138461 -4.87748 -0.113082 0.00880352 0.993547 153.423 
0.993622 0.0436924 0.103953 67.7088 -0.0422385 0.998977 -0.0161491 -4.8918 -0.104552 0.0116552 0.994451 154.241 
0.994428 0.0435564 0.0960011 67.7687 -0.0425023 0.999012 -0.012999 -4.91385 -0.0964724 0.00884625 0.995296 155.054 
0.995029 0.0460132 0.0883178 67.82 -0.0456752 0.998939 -0.00584598 -4.9322 -0.0884931 0.0017829 0.996075 155.881 
0.995586 0.0490538 0.0800117 67.8676 -0.0491957 0.998789 -0.000199143 -4.94275 -0.0799245 -0.00373805 0.996794 156.716 
0.996219 0.0479926 0.0724152 67.914 -0.0483516 0.998825 0.00320929 -4.95225 -0.072176 -0.00669863 0.997369 157.543 
0.996633 0.0484866 0.0661129 67.9544 -0.048952 0.998786 0.00543525 -4.96055 -0.0657691 -0.00865339 0.997797 158.366 
0.996938 0.0477904 0.0618926 67.9917 -0.0481018 0.998836 0.0035484 -4.96992 -0.0616509 -0.00651476 0.998076 159.196 
0.99698 0.052575 0.0571518 68.0213 -0.0525498 0.998616 -0.00194677 -4.97869 -0.057175 -0.0010625 0.998364 160.013 
0.996855 0.0586757 0.0532659 68.04 -0.0582982 0.998262 -0.00861564 -4.99169 -0.0536788 0.00548316 0.998543 160.83 
0.996934 0.060073 0.0501332 68.0632 -0.0595916 0.998162 -0.0110457 -5.00267 -0.0507045 0.00802423 0.998681 161.653 
0.99701 0.0613247 0.0470055 68.0868 -0.0611595 0.998116 -0.00494702 -5.01396 -0.0472202 0.00205731 0.998882 162.479 
0.996937 0.0636388 0.0454545 68.0977 -0.063943 0.99794 0.00526669 -5.02265 -0.0450256 -0.00815714 0.998952 163.322 
0.997004 0.0647287 0.0423539 68.11 -0.065309 0.997787 0.0124602 -5.02757 -0.0414535 -0.015189 0.999025 164.173 
0.997416 0.0615793 0.0370097 68.1361 -0.0619606 0.998036 0.00924305 -5.03676 -0.0363677 -0.0115124 0.999272 164.98 
0.998306 0.0491414 0.0311539 68.1617 -0.0491531 0.998791 -0.000392421 -5.03961 -0.0311354 -0.00113963 0.999514 165.798 
0.998619 0.0468074 0.023856 68.1735 -0.046695 0.998895 -0.00524942 -5.03866 -0.0240752 0.00412813 0.999702 166.619 
0.998582 0.0504189 0.0171012 68.1695 -0.0503595 0.998723 -0.00389209 -5.04744 -0.0172755 0.00302528 0.999846 167.445 
0.998749 0.0490418 0.00978431 68.161 -0.0490647 0.998793 0.00209943 -5.05845 -0.00966945 -0.00257695 0.99995 168.284 
0.999029 0.0439863 0.00236737 68.1534 -0.0439995 0.999015 0.00581962 -5.0679 -0.00210896 -0.00591822 0.99998 169.12 
0.999363 0.0355274 -0.00345333 68.1529 -0.0354906 0.999318 0.0102126 -5.07112 0.00381389 -0.0100836 0.999942 169.944 
0.999465 0.0312121 -0.00980885 68.1396 -0.0311113 0.999463 0.0102672 -5.07566 0.0101241 -0.00995658 0.999899 170.775 
0.999466 0.0283514 -0.0162305 68.1207 -0.0282972 0.999593 0.00356415 -5.08691 0.0163251 -0.00310305 0.999862 171.599 
0.999542 0.0184125 -0.0240102 68.0993 -0.0185743 0.999806 -0.00652892 -5.0887 0.0238854 0.00697182 0.99969 172.431 
0.999492 0.00868318 -0.0306753 68.084 -0.00901181 0.999903 -0.0105883 -5.09738 0.0305805 0.0108593 0.999473 173.256 
0.999225 0.0127978 -0.0372327 68.0387 -0.0129314 0.999911 -0.00334797 -5.10694 0.0371866 0.00382676 0.999301 174.098 
0.998839 0.0225605 -0.0425544 67.9812 -0.022162 0.999706 0.00981529 -5.11267 0.0427634 -0.00886089 0.999046 174.942 
0.998509 0.0272739 -0.0472913 67.92 -0.0264709 0.999496 0.0175265 -5.11837 0.0477456 -0.0162486 0.998727 175.792 
0.998336 0.0268655 -0.0510261 67.8652 -0.026158 0.999553 0.0144865 -5.11956 0.0513926 -0.0131277 0.998592 176.626 
0.998188 0.0286602 -0.0529059 67.7972 -0.0285109 0.999587 0.00357737 -5.12234 0.0529866 -0.00206258 0.998593 177.461 
0.997655 0.0391843 -0.0561139 67.7268 -0.0395748 0.999199 -0.0058613 -5.12457 0.0558394 0.00806817 0.998407 178.294 
0.997567 0.0380868 -0.058395 67.6645 -0.0386984 0.999207 -0.00937749 -5.13824 0.0579916 0.0116144 0.998249 179.133 
0.99761 0.0328073 -0.0608096 67.6096 -0.0331493 0.99944 -0.0046207 -5.14865 0.060624 0.00662536 0.998139 179.998 
0.997621 0.0332444 -0.0603956 67.5435 -0.0330583 0.999445 0.0040797 -5.15896 0.0604978 -0.0020735 0.998166 180.866 
0.997569 0.0352577 -0.0601044 67.4708 -0.0347518 0.999351 0.00944418 -5.16694 0.0603985 -0.00733258 0.998147 181.729 
0.997466 0.0354327 -0.0616961 67.4043 -0.0349545 0.99935 0.00881439 -5.17584 0.0619684 -0.00663558 0.998056 182.586 
0.997434 0.0323594 -0.063854 67.3382 -0.0324505 0.999473 -0.000388623 -5.18695 0.0638079 0.00245963 0.997959 183.432 
0.997565 0.0216188 -0.0663051 67.2844 -0.0224393 0.99968 -0.0116535 -5.19828 0.066032 0.0131129 0.997731 184.278 
0.997608 0.0117347 -0.0681267 67.2266 -0.012825 0.999796 -0.0155876 -5.21532 0.06793 0.0164239 0.997555 185.131 
0.997512 0.0144416 -0.0689961 67.1548 -0.0152482 0.999821 -0.0111765 -5.23101 0.0688224 0.0122007 0.997554 185.98 
0.997327 0.0206182 -0.0700919 67.0755 -0.0207038 0.999785 -0.000494812 -5.25015 0.0700668 0.00194458 0.99754 186.836 
0.997199 0.0216808 -0.0715839 66.9997 -0.0215068 0.999763 0.00320102 -5.26883 0.0716365 -0.0016526 0.997429 187.689 
0.997157 0.0207324 -0.0724381 66.9275 -0.0208289 0.999783 -0.000576855 -5.2803 0.0724105 0.00208394 0.997373 188.535 
0.997169 0.0210353 -0.0721924 66.8525 -0.0215792 0.999744 -0.00676175 -5.28916 0.0720318 0.00830038 0.997368 189.374 
0.996988 0.0271471 -0.0726484 66.7719 -0.02775 0.999588 -0.00730095 -5.29905 0.0724204 0.00929487 0.997331 190.209 
0.996886 0.0301628 -0.0728627 66.6922 -0.0305456 0.999525 -0.00414328 -5.31495 0.0727031 0.00635592 0.997333 191.05 
0.996695 0.0344896 -0.0735544 66.6152 -0.0346618 0.999398 -0.00106543 -5.33 0.0734735 0.00361135 0.997291 191.883 
0.99657 0.038025 -0.0734991 66.5391 -0.0379907 0.999276 0.00186648 -5.3435 0.073517 0.000932118 0.997293 192.703 
