1 -4.23778e-08 4.22719e-08 0 -4.23778e-08 1 -4.19404e-08 0 4.22719e-08 -4.19404e-08 1 0 
0.999062 -0.000746843 0.0433054 0.043993 0.000859997 0.999996 -0.00259636 -0.020568 -0.0433032 0.00263108 0.999058 1.02805 
0.996077 -0.00510374 0.0883403 0.143405 0.00576714 0.999957 -0.00725702 -0.0489085 -0.0882994 0.00773795 0.996064 2.07649 
0.99112 -0.00542121 0.132857 0.351892 0.00699103 0.999911 -0.0113529 -0.0916464 -0.132784 0.0121808 0.99107 3.19416 
0.983925 -0.00355314 0.178544 0.559989 0.00611883 0.999886 -0.013822 -0.127383 -0.178474 0.0146922 0.983835 4.28985 
0.974562 -0.00617412 0.224031 0.793718 0.00946629 0.999862 -0.0136245 -0.159676 -0.223916 0.0153986 0.974487 5.3074 
0.963138 -0.00693339 0.268919 1.07294 0.0112656 0.99983 -0.0145702 -0.198645 -0.268772 0.0170626 0.963053 6.28883 
0.949874 -0.00952247 0.312487 1.39611 0.015596 0.999735 -0.0169427 -0.240484 -0.312243 0.0209669 0.949771 7.27637 
0.934914 -0.0117339 0.35468 1.77485 0.0195931 0.999635 -0.0185755 -0.277371 -0.354332 0.0243157 0.934803 8.25039 
0.917778 -0.0115713 0.396924 2.16586 0.0208217 0.999602 -0.019004 -0.311567 -0.396547 0.025706 0.917655 9.16823 
0.898365 -0.0122489 0.439078 2.60484 0.0221672 0.999602 -0.0174693 -0.348331 -0.438689 0.0254269 0.898279 10.0811 
0.876682 -0.0118993 0.480924 3.07577 0.0225495 0.999612 -0.016373 -0.385538 -0.480542 0.0251984 0.87661 10.9548 
0.852831 -0.0123788 0.52204 3.5903 0.0236906 0.999607 -0.0149992 -0.420903 -0.521649 0.0251592 0.852789 11.8185 
0.827383 -0.0124689 0.5615 4.15809 0.0250052 0.99958 -0.0146489 -0.461201 -0.561081 0.0261606 0.827347 12.6723 
0.800114 -0.0143718 0.599675 4.76011 0.0283536 0.999502 -0.0138769 -0.500873 -0.599177 0.028106 0.800123 13.4878 
0.771619 -0.0133262 0.635946 5.40323 0.0290065 0.999478 -0.0142508 -0.533008 -0.635424 0.0294427 0.771602 14.2761 
0.741073 -0.0165158 0.671221 6.09002 0.0337033 0.999352 -0.0126212 -0.56483 -0.670578 0.0319755 0.74115 15.0399 
0.709141 -0.0155321 0.704896 6.8271 0.0336044 0.999366 -0.0117863 -0.607655 -0.704266 0.0320457 0.709213 15.7951 
0.675023 -0.0144777 0.737654 7.57123 0.0350022 0.99931 -0.0124173 -0.634364 -0.736966 0.0342014 0.675064 16.4915 
0.639432 -0.0156362 0.768688 8.35381 0.0393821 0.999147 -0.012436 -0.665517 -0.767838 0.0382245 0.639502 17.1591 
0.602909 -0.0136861 0.797693 9.19304 0.0391432 0.999156 -0.0124426 -0.697881 -0.796849 0.038726 0.602936 17.8074 
0.565079 -0.0128264 0.824937 10.0858 0.0415514 0.999053 -0.012929 -0.784199 -0.82399 0.0415832 0.565077 18.4541 
0.525626 -0.0112093 0.850642 11.0033 0.0454267 0.998856 -0.0149077 -0.875269 -0.849502 0.0464777 0.525534 19.1012 
0.486083 -0.0105159 0.873849 11.9982 0.0463882 0.998828 -0.0137839 -0.983166 -0.87268 0.0472364 0.486002 19.7689 
0.446636 -0.0125835 0.894627 13.0452 0.0505767 0.998657 -0.0112034 -1.09828 -0.893285 0.0502511 0.446672 20.4093 
0.40888 -0.013371 0.91249 14.1142 0.0544353 0.99847 -0.00976126 -1.15102 -0.910963 0.0536628 0.408982 20.9863 
0.373818 -0.0110535 0.927436 15.1403 0.0563019 0.998355 -0.0107947 -1.16733 -0.925792 0.0562517 0.373825 21.4156 
0.340582 -0.0117918 0.940141 16.2304 0.0571397 0.998333 -0.00817822 -1.18482 -0.938477 0.0565047 0.340688 21.8323 
0.307105 -0.0133453 0.951582 17.2896 0.0596774 0.998204 -0.0052607 -1.18369 -0.949802 0.0584035 0.30735 22.2029 
0.274189 -0.0131685 0.961586 18.3657 0.0604663 0.998164 -0.00357217 -1.18744 -0.959773 0.059123 0.274482 22.5343 
0.241934 -0.0101059 0.97024 19.4513 0.0579307 0.998312 -0.00404703 -1.20224 -0.968562 0.0571858 0.242111 22.8363 
0.210994 -0.00866523 0.977449 20.574 0.0575943 0.998334 -0.00358213 -1.2334 -0.975789 0.0570513 0.211141 23.0941 
0.180665 -0.00853967 0.983508 21.6258 0.0597296 0.998212 -0.00230475 -1.24333 -0.981729 0.0591609 0.180852 23.2909 
0.150415 -0.00883923 0.988583 22.77 0.0614829 0.998108 -0.000430444 -1.24909 -0.986709 0.0608457 0.150674 23.4387 
0.119848 -0.00926161 0.992749 23.9627 0.0598818 0.998203 0.00208326 -1.24845 -0.990985 0.0591979 0.120188 23.619 
0.0905025 -0.00949225 0.995851 25.2041 0.0603496 0.998169 0.00402972 -1.25551 -0.994066 0.0597345 0.0909096 23.7454 
0.0630711 -0.00907564 0.997968 26.4441 0.062961 0.998003 0.00509678 -1.25361 -0.996021 0.0625116 0.0635166 23.8593 
0.0380305 -0.00862202 0.999239 27.7174 0.067225 0.997719 0.00605028 -1.25141 -0.997013 0.0669437 0.0385234 23.9018 
0.0154337 -0.00813257 0.999848 29.0027 0.0715137 0.997415 0.00700881 -1.25032 -0.99732 0.0713946 0.0159754 23.9138 
-0.00478556 -0.00835159 0.999954 30.3207 0.0771594 0.996981 0.00869594 -1.25188 -0.997007 0.0771975 -0.00412671 23.888 
-0.0219945 -0.00942092 0.999714 31.6428 0.0820907 0.996562 0.0111972 -1.28028 -0.996382 0.0823134 -0.0211455 23.8233 
-0.0374004 -0.00918462 0.999258 32.9821 0.0849114 0.996312 0.0123355 -1.2667 -0.995686 0.0853098 -0.0364826 23.7416 
-0.05165 -0.0098053 0.998617 34.2964 0.0872687 0.996082 0.014294 -1.25995 -0.994845 0.0878863 -0.050592 23.6683 
-0.0648335 -0.0109558 0.997836 35.5993 0.0875359 0.996023 0.0166234 -1.25728 -0.994049 0.0884242 -0.0636166 23.5788 
-0.0771228 -0.0109605 0.996961 36.8905 0.0871705 0.996036 0.0176935 -1.25045 -0.993204 0.0882702 -0.0758616 23.4893 
-0.0883899 -0.0080541 0.996053 38.1688 0.0871566 0.996069 0.0157884 -1.23467 -0.992265 0.0882082 -0.0873405 23.3997 
-0.0981452 -0.00479537 0.99516 39.4996 0.0880295 0.996027 0.0134811 -1.23496 -0.991271 0.0889266 -0.0973331 23.25 
-0.107485 -0.00224953 0.994204 40.8112 0.0894081 0.995924 0.0119194 -1.22709 -0.990178 0.0901711 -0.106846 23.1169 
-0.114831 -0.0011348 0.993384 42.1457 0.0893076 0.995938 0.0114612 -1.21486 -0.989362 0.0900329 -0.114263 22.9754 
-0.120513 -0.000435022 0.992712 43.5059 0.0894933 0.995923 0.0113007 -1.21048 -0.988669 0.090203 -0.119983 22.8136 
-0.125485 0.000894905 0.992095 44.8902 0.0906308 0.995828 0.0105651 -1.20771 -0.987947 0.0912401 -0.125043 22.6358 
-0.129579 0.00248235 0.991566 46.2986 0.0901278 0.995887 0.00928481 -1.20398 -0.987464 0.0905708 -0.12927 22.436 
-0.133272 0.00336788 0.991074 47.6909 0.0908669 0.995824 0.00883495 -1.196 -0.986905 0.0912332 -0.133021 22.2499 
-0.136152 0.00222736 0.990685 49.1601 0.0905791 0.995837 0.0102094 -1.18555 -0.986538 0.0911255 -0.135787 22.0545 
-0.138274 0.000343777 0.990394 50.592 0.0915228 0.995725 0.0124322 -1.17403 -0.986156 0.0923627 -0.137714 21.8648 
-0.140282 -0.000911719 0.990111 52.0737 0.0916495 0.995694 0.013902 -1.16333 -0.985861 0.0926934 -0.139595 21.6508 
-0.14226 -0.000109855 0.989829 53.5378 0.0948577 0.995396 0.0137435 -1.15181 -0.985274 0.0958481 -0.141595 21.4471 
-0.14318 -0.00035641 0.989697 55.0613 0.0949653 0.995381 0.0140971 -1.14708 -0.98513 0.0960053 -0.142485 21.2419 
-0.14386 0.000961023 0.989597 56.5816 0.0969321 0.995204 0.0131247 -1.12918 -0.984839 0.0978119 -0.143263 21.0305 
-0.143739 0.00107413 0.989615 58.1198 0.0975363 0.995146 0.0130867 -1.13069 -0.984797 0.0984045 -0.143146 20.8248 
-0.143141 0.00240847 0.989699 59.6564 0.0974059 0.995176 0.011666 -1.12514 -0.984897 0.0980724 -0.142685 20.6214 
-0.141979 0.0021208 0.989867 61.2008 0.0985011 0.995065 0.0119962 -1.12042 -0.984957 0.0992062 -0.141487 20.4167 
-0.14069 0.000937047 0.990053 62.7655 0.0979046 0.995111 0.0129706 -1.11746 -0.985201 0.0987556 -0.140094 20.2233 
-0.139401 0.00179873 0.990234 64.3823 0.0995496 0.994958 0.0122067 -1.10778 -0.985219 0.100279 -0.138877 20.0023 
-0.138449 0.00241519 0.990366 65.9791 0.100439 0.994875 0.0116147 -1.11301 -0.985263 0.10108 -0.137982 19.8144 
-0.13743 0.00299916 0.990507 67.6247 0.101871 0.994735 0.0111223 -1.10264 -0.985259 0.102432 -0.137012 19.614 
-0.136651 0.0028187 0.990615 69.2908 0.101877 0.994734 0.0112229 -1.09886 -0.985367 0.102454 -0.136218 19.4282 
-0.135817 0.00115713 0.990733 70.9648 0.104046 0.994486 0.0131019 -1.08824 -0.985255 0.104862 -0.135189 19.2133 
-0.135166 -0.000986062 0.990822 72.6485 0.106119 0.994233 0.015466 -1.08362 -0.985124 0.107236 -0.134282 19.0108 
-0.134241 0.000145345 0.990949 74.3489 0.108336 0.994008 0.0145301 -1.0772 -0.985009 0.109306 -0.133453 18.8031 
-0.133638 0.00182384 0.991028 76.074 0.110802 0.993756 0.0131125 -1.07383 -0.984817 0.11156 -0.133006 18.5963 
-0.132952 0.0013338 0.991122 77.7885 0.110822 0.993748 0.0135285 -1.07531 -0.984907 0.111636 -0.132268 18.3917 
-0.132802 0.00106142 0.991142 79.5364 0.112141 0.993594 0.0139615 -1.08359 -0.984778 0.113002 -0.13207 18.1828 
-0.132563 -0.0001354 0.991174 81.2822 0.112534 0.993532 0.0151864 -1.08352 -0.984765 0.113554 -0.131691 17.9825 
-0.132362 3.6463e-05 0.991201 83.027 0.114645 0.993289 0.0152727 -1.07832 -0.984549 0.115658 -0.131478 17.7801 
-0.132103 -0.000180847 0.991236 84.8131 0.116512 0.993065 0.0157087 -1.0754 -0.984365 0.117566 -0.131165 17.558 
-0.131483 0.000628272 0.991318 86.5889 0.117858 0.992917 0.0150027 -1.07836 -0.984287 0.118807 -0.130626 17.323 
-0.131623 0.00115608 0.991299 88.3669 0.118446 0.992854 0.014569 -1.08466 -0.984198 0.119333 -0.130819 17.1011 
-0.13238 0.00168038 0.991197 90.2041 0.118704 0.992828 0.0141704 -1.09016 -0.984065 0.119535 -0.13163 16.8715 
-0.13333 0.00220756 0.991069 92.0609 0.118987 0.9928 0.013796 -1.09591 -0.983903 0.119764 -0.132633 16.6343 
-0.134118 0.0014007 0.990964 93.919 0.117941 0.992914 0.0145587 -1.07727 -0.983922 0.118828 -0.133333 16.4065 
-0.134885 0.00107111 0.990861 95.7874 0.118002 0.9929 0.0149901 -1.06487 -0.98381 0.118945 -0.134054 16.1635 
-0.135056 0.000106991 0.990838 97.6143 0.116269 0.993093 0.0157408 -1.05493 -0.983992 0.11733 -0.134136 15.9332 
-0.136467 0.000888421 0.990644 99.4392 0.116485 0.993077 0.0151558 -1.04169 -0.983772 0.117464 -0.135625 15.7014 
-0.138391 0.00168269 0.990376 101.351 0.115945 0.993149 0.0145142 -1.02774 -0.983567 0.116838 -0.137638 15.4329 
-0.142174 0.00264486 0.989838 103.228 0.117064 0.993023 0.0141608 -1.01483 -0.982895 0.117887 -0.141491 15.1751 
-0.146245 0.00186501 0.989247 105.127 0.115254 0.99322 0.0151659 -1.0014 -0.982512 0.116232 -0.145468 14.9115 
-0.150524 0.00137298 0.988605 107.059 0.114139 0.993336 0.0159992 -0.983247 -0.981995 0.115247 -0.149678 14.6272 
-0.153941 0.00187678 0.988078 108.99 0.113141 0.993454 0.0157402 -0.976838 -0.981581 0.114216 -0.153146 14.3026 
-0.157787 0.00372215 0.987466 110.916 0.11414 0.993359 0.014494 -0.960282 -0.980854 0.114997 -0.157164 13.9876 
-0.162013 0.00535154 0.986774 112.852 0.114318 0.993354 0.013382 -0.957393 -0.980144 0.114974 -0.161549 13.6812 
-0.166163 0.00563236 0.986082 114.79 0.11313 0.99349 0.0133887 -0.941927 -0.979587 0.11378 -0.165719 13.3543 
-0.170587 0.00536516 0.985328 116.751 0.111342 0.993685 0.0138656 -0.929604 -0.979032 0.112074 -0.170107 13.0377 
-0.175349 0.00492771 0.984494 118.754 0.109831 0.993843 0.0145876 -0.910153 -0.978361 0.110686 -0.174811 12.6896 
-0.180558 0.00460954 0.983553 120.726 0.109387 0.993879 0.0154229 -0.89493 -0.977463 0.110373 -0.179957 12.3521 
-0.185468 0.00455388 0.98264 122.713 0.109398 0.993869 0.0160422 -0.874325 -0.976542 0.110474 -0.184829 11.9863 
-0.19052 0.00581895 0.981666 124.689 0.109872 0.993826 0.0154327 -0.861971 -0.975515 0.110798 -0.189983 11.6214 
-0.195732 0.00741803 0.980629 126.664 0.110664 0.993751 0.0145711 -0.846428 -0.974393 0.111373 -0.19533 11.2467 
-0.201559 0.00766539 0.979446 128.645 0.111233 0.993679 0.0151137 -0.826228 -0.97314 0.111993 -0.201138 10.8666 
-0.2066 0.00790818 0.978393 130.616 0.110726 0.993732 0.015349 -0.804427 -0.97214 0.111505 -0.206181 10.4766 
-0.211582 0.00860853 0.977322 132.615 0.110145 0.993801 0.0150916 -0.791119 -0.971134 0.11084 -0.211218 10.0721 
-0.216434 0.00917914 0.976254 134.613 0.109682 0.993854 0.0149716 -0.777289 -0.970117 0.110317 -0.216111 9.65447 
-0.219886 0.00883743 0.975485 136.637 0.110817 0.993712 0.0159769 -0.750306 -0.969211 0.111613 -0.219483 9.17818 
-0.223209 0.00918088 0.974727 138.651 0.113475 0.993402 0.0166285 -0.726659 -0.968143 0.114319 -0.222778 8.72279 
-0.225952 0.00996241 0.974087 140.692 0.11479 0.993253 0.0164686 -0.70615 -0.967351 0.115537 -0.225571 8.2444 
-0.228545 0.0105789 0.973476 142.726 0.115381 0.993188 0.0162951 -0.688872 -0.966672 0.116045 -0.228209 7.77494 
-0.231333 0.0105648 0.972817 144.774 0.114634 0.993271 0.0164726 -0.664316 -0.966097 0.115328 -0.230988 7.30879 
-0.235205 0.0112219 0.971881 146.835 0.11337 0.993424 0.015966 -0.649548 -0.965311 0.113938 -0.23493 6.84118 
-0.239459 0.0120926 0.970831 148.864 0.112372 0.993548 0.0153412 -0.632506 -0.964382 0.112768 -0.239273 6.37287 
-0.2434 0.01214 0.96985 150.921 0.112029 0.993581 0.0156786 -0.609917 -0.963434 0.112468 -0.243198 5.8864 
-0.247807 0.0128576 0.968724 152.964 0.112647 0.993512 0.0156293 -0.597378 -0.962238 0.112997 -0.247648 5.40317 
-0.252054 0.0136791 0.967616 154.925 0.112925 0.993485 0.0153708 -0.58716 -0.961102 0.113142 -0.251956 4.92027 
-0.25653 0.0141203 0.966433 156.916 0.112709 0.993509 0.0154016 -0.565577 -0.959942 0.112877 -0.256456 4.42756 
-0.260648 0.0138289 0.965335 158.937 0.112952 0.993467 0.0162659 -0.546484 -0.958804 0.113276 -0.260507 3.92767 
-0.264768 0.0140416 0.96421 160.955 0.113798 0.993362 0.0167823 -0.537319 -0.957574 0.114168 -0.264609 3.41737 
-0.268723 0.0149806 0.963101 162.996 0.115339 0.993185 0.0167332 -0.532911 -0.956287 0.11558 -0.26862 2.89403 
-0.272375 0.0163253 0.962052 165.006 0.115791 0.993146 0.0159295 -0.517438 -0.955198 0.115735 -0.272399 2.3749 
-0.276132 0.0179734 0.960951 167.004 0.116569 0.99307 0.0149223 -0.525731 -0.954024 0.116138 -0.276314 1.86893 
-0.279621 0.0191169 0.95992 169.045 0.117663 0.992948 0.0145002 -0.517972 -0.952873 0.117002 -0.279898 1.33232 
-0.282888 0.0200153 0.958944 171.087 0.117624 0.99296 0.0139738 -0.50483 -0.951913 0.116748 -0.283251 0.76924 
-0.286362 0.0202647 0.957907 173.128 0.117885 0.992925 0.0142357 -0.489934 -0.950842 0.117 -0.286725 0.206349 
-0.290481 0.0207623 0.956655 175.225 0.117766 0.99294 0.0142091 -0.474742 -0.949606 0.116789 -0.290875 -0.364147 
-0.294103 0.0218976 0.955523 177.258 0.120289 0.992636 0.0142758 -0.461215 -0.948174 0.119137 -0.294571 -0.962551 
-0.297577 0.0221458 0.954441 179.265 0.122558 0.992345 0.015186 -0.460032 -0.946799 0.121493 -0.298013 -1.50313 
-0.300064 0.0221254 0.953662 181.358 0.123532 0.992214 0.0158489 -0.442197 -0.945886 0.122564 -0.300461 -2.13096 
-0.302887 0.0217476 0.952778 183.426 0.123475 0.992209 0.0166049 -0.431198 -0.944994 0.122674 -0.303213 -2.75723 
-0.305605 0.0225235 0.951892 185.475 0.122867 0.992295 0.015967 -0.418356 -0.944198 0.121836 -0.306018 -3.37931 
-0.30891 0.0246684 0.950771 187.519 0.122294 0.992395 0.0139854 -0.413204 -0.943196 0.120594 -0.309578 -3.96389 
-0.312169 0.026515 0.949656 189.597 0.12223 0.992423 0.0124702 -0.41704 -0.942131 0.11997 -0.313045 -4.60337 
-0.315355 0.0276016 0.948572 191.709 0.121583 0.992514 0.0115403 -0.406783 -0.941153 0.118969 -0.316351 -5.26195 
-0.318788 0.0286602 0.947393 193.782 0.120426 0.992667 0.0104922 -0.411676 -0.940145 0.117435 -0.319901 -5.88995 
-0.322667 0.0290274 0.946067 195.868 0.121337 0.992551 0.0109297 -0.409823 -0.938703 0.11832 -0.323785 -6.54565 
-0.326493 0.0284173 0.944772 197.961 0.120973 0.992584 0.0119503 -0.413664 -0.937426 0.118194 -0.327509 -7.21385 
-0.330261 0.0280978 0.943471 200.033 0.120773 0.992599 0.0127154 -0.407619 -0.936131 0.118145 -0.33121 -7.88185 
-0.334255 0.0280802 0.942064 202.121 0.120722 0.992598 0.013247 -0.39995 -0.934719 0.118156 -0.335171 -8.57014 
-0.337994 0.0284027 0.94072 204.214 0.119951 0.992693 0.0131256 -0.395886 -0.933473 0.117277 -0.338931 -9.27512 
-0.341665 0.0290486 0.939373 206.288 0.119212 0.992788 0.012659 -0.397175 -0.93223 0.11631 -0.342664 -9.98072 
-0.344796 0.0298341 0.938203 208.357 0.119683 0.992734 0.012416 -0.398986 -0.931016 0.116568 -0.345862 -10.6953 
-0.347722 0.0308463 0.93709 210.428 0.120825 0.992599 0.0121603 -0.405593 -0.92978 0.117452 -0.348875 -11.424 
-0.350051 0.0306812 0.936228 212.497 0.122149 0.992425 0.0131481 -0.411678 -0.928732 0.118962 -0.351147 -12.1632 
-0.352358 0.0300361 0.935383 214.634 0.123485 0.992238 0.0146548 -0.411707 -0.927683 0.120669 -0.353332 -12.9508 
-0.354775 0.0310909 0.934435 216.723 0.125231 0.992021 0.0145391 -0.410384 -0.926527 0.122178 -0.355838 -13.7265 
-0.357654 0.03193 0.933308 218.786 0.125123 0.992042 0.0140092 -0.417361 -0.925434 0.121789 -0.358804 -14.4512 
-0.359815 0.0322236 0.932467 220.869 0.124923 0.992069 0.0139213 -0.421195 -0.924623 0.121496 -0.360987 -15.2354 
-0.362573 0.03354 0.931352 222.951 0.125074 0.992063 0.0129647 -0.436041 -0.923524 0.121189 -0.36389 -15.9956 
-0.365549 0.03469 0.930145 224.965 0.125158 0.992062 0.0121881 -0.450424 -0.922339 0.120871 -0.366989 -16.7477 
-0.368819 0.034802 0.928849 227.033 0.123441 0.992281 0.0118362 -0.468401 -0.921268 0.119024 -0.370268 -17.4312 
-0.372704 0.0361787 0.927244 229.06 0.124774 0.992119 0.0114429 -0.480346 -0.919523 0.119961 -0.374281 -18.1009 
-0.375108 0.0354099 0.926304 231.044 0.126546 0.991871 0.0133285 -0.511407 -0.918303 0.12222 -0.37654 -18.8588 
-0.37841 0.0342609 0.925004 232.979 0.127258 0.991751 0.0153267 -0.534987 -0.916849 0.123514 -0.379649 -19.5573 
-0.381849 0.0338858 0.923603 234.856 0.12631 0.991864 0.0158307 -0.550646 -0.915553 0.122705 -0.383023 -20.2606 
-0.385416 0.0339313 0.922119 236.838 0.125179 0.992008 0.0158177 -0.574051 -0.914213 0.121526 -0.386583 -20.9785 
-0.389455 0.0334964 0.920436 238.864 0.123942 0.992155 0.0163357 -0.581014 -0.912668 0.120442 -0.390551 -21.7329 
-0.392788 0.0327081 0.919047 240.905 0.123028 0.992253 0.017267 -0.588962 -0.911363 0.119851 -0.393769 -22.5668 
-0.396249 0.0330913 0.917547 242.97 0.122857 0.992274 0.0172701 -0.587418 -0.909886 0.11957 -0.397253 -23.4066 
-0.40074 0.0325506 0.915613 245.001 0.122458 0.992305 0.0183196 -0.613837 -0.907971 0.119465 -0.401642 -24.1788 
-0.405531 0.032351 0.913509 247.053 0.121941 0.992356 0.0189897 -0.608574 -0.905911 0.119095 -0.406376 -24.9221 
-0.409721 0.0325137 0.911631 249.161 0.121632 0.992388 0.019272 -0.618051 -0.904065 0.11878 -0.410557 -25.7591 
-0.413736 0.0332689 0.909789 251.248 0.1221 0.992331 0.0192389 -0.620634 -0.902172 0.119045 -0.414625 -26.6262 
-0.417494 0.0339439 0.908045 253.366 0.122656 0.992261 0.0193019 -0.613006 -0.900363 0.119436 -0.418427 -27.5185 
-0.421103 0.034171 0.906369 255.442 0.122765 0.992242 0.0196287 -0.590075 -0.898666 0.119536 -0.422031 -28.4353 
-0.424634 0.0347568 0.904698 257.495 0.121557 0.992404 0.0189281 -0.573169 -0.897168 0.118009 -0.425634 -29.3526 
-0.428578 0.0348204 0.902834 259.574 0.122192 0.99231 0.0197337 -0.58442 -0.895204 0.118777 -0.429537 -30.2714 
-0.432117 0.0353118 0.901126 261.659 0.122819 0.992227 0.0200139 -0.57457 -0.893415 0.119324 -0.433096 -31.2133 
-0.435804 0.0362782 0.89931 263.731 0.124418 0.992023 0.0202742 -0.581612 -0.891401 0.120726 -0.436841 -32.137 
-0.439452 0.03847 0.897442 265.74 0.127072 0.991698 0.0197128 -0.58362 -0.889233 0.122702 -0.440692 -33.0472 
-0.442573 0.0392157 0.895874 267.746 0.128811 0.991463 0.020234 -0.592 -0.887433 0.124353 -0.443846 -33.9419 
-0.446166 0.0412787 0.893998 269.797 0.131143 0.991168 0.0196841 -0.608881 -0.885289 0.126024 -0.447639 -34.8337 
-0.448747 0.0433443 0.892607 271.798 0.132929 0.990949 0.0187085 -0.618584 -0.883717 0.127048 -0.450447 -35.7932 
-0.451723 0.0441924 0.891063 273.89 0.134462 0.990736 0.0190297 -0.611509 -0.881967 0.128411 -0.45348 -36.7845 
-0.454788 0.0452787 0.889448 276.03 0.135181 0.990644 0.0186899 -0.600564 -0.880281 0.128737 -0.456654 -37.8102 
-0.458245 0.0452558 0.887673 278.174 0.134687 0.990706 0.0190209 -0.590818 -0.878562 0.128274 -0.460081 -38.8547 
-0.461803 0.0467381 0.88575 280.264 0.136217 0.990501 0.0187542 -0.586728 -0.87646 0.129315 -0.463784 -39.8684 
-0.465082 0.0472549 0.884005 282.36 0.135918 0.990546 0.0185572 -0.57685 -0.874771 0.128783 -0.467108 -40.9137 
-0.468466 0.0470343 0.882229 284.446 0.135104 0.990651 0.018926 -0.590244 -0.87309 0.128059 -0.47044 -41.8977 
-0.471305 0.0479013 0.880668 286.575 0.137007 0.990379 0.0194527 -0.566931 -0.871264 0.129826 -0.473334 -42.9501 
-0.473715 0.0484126 0.879346 288.711 0.139467 0.990012 0.0206276 -0.559315 -0.869565 0.132412 -0.475736 -44.0195 
-0.475915 0.0487228 0.878141 290.842 0.140483 0.989856 0.0212146 -0.528297 -0.868199 0.13346 -0.477932 -45.137 
-0.477836 0.0488892 0.877087 292.941 0.14116 0.989748 0.0217347 -0.50705 -0.867033 0.134195 -0.479839 -46.2095 
-0.479973 0.0483901 0.875948 295.14 0.141301 0.989705 0.0227509 -0.478657 -0.865829 0.134692 -0.481869 -47.3817 
-0.482845 0.049006 0.874333 297.276 0.143288 0.989398 0.0236743 -0.449856 -0.863903 0.136712 -0.484748 -48.4737 
-0.485442 0.0491092 0.872889 299.407 0.143972 0.989281 0.0244098 -0.417238 -0.862333 0.137521 -0.487308 -49.5701 
-0.487462 0.0501923 0.8717 301.657 0.143991 0.989298 0.0235571 -0.385941 -0.86119 0.137 -0.489472 -50.7721 
-0.490039 0.052984 0.870089 303.853 0.144658 0.989254 0.0212315 -0.366859 -0.859614 0.136269 -0.492437 -51.9385 
-0.493819 0.0528666 0.867956 306.027 0.144041 0.989334 0.0216919 -0.350139 -0.857551 0.135733 -0.496167 -53.0894 
-0.498128 0.0514923 0.865573 308.223 0.142552 0.989516 0.0231717 -0.320459 -0.855305 0.134932 -0.500246 -54.2998 
-0.503063 0.0494345 0.862835 310.505 0.14091 0.989695 0.0254529 -0.282684 -0.852685 0.134387 -0.504845 -55.567 
-0.508098 0.0485485 0.85993 312.801 0.139778 0.989822 0.0267076 -0.231586 -0.849881 0.13377 -0.509713 -56.8522 
-0.512285 0.0489057 0.857422 315.114 0.140343 0.989724 0.0273988 -0.176675 -0.847271 0.134369 -0.513884 -58.1808 
-0.516605 0.0506275 0.854726 317.396 0.143165 0.989304 0.0279315 -0.12444 -0.84417 0.136797 -0.518328 -59.49 
-0.5205 0.052157 0.852267 319.641 0.145248 0.988994 0.0281822 -0.0783582 -0.841417 0.138459 -0.522347 -60.8005 
-0.524502 0.0521798 0.849808 321.894 0.145791 0.988882 0.0292631 -0.0255038 -0.838834 0.139243 -0.526279 -62.1348 
-0.528165 0.0513335 0.847589 324.114 0.146918 0.988641 0.0316738 0.0167168 -0.836336 0.141255 -0.529707 -63.4715 
-0.531969 0.0499733 0.845288 326.303 0.145207 0.988853 0.0329228 0.0887462 -0.834221 0.140255 -0.533296 -64.8147 
-0.535932 0.0501951 0.842767 328.482 0.145093 0.988855 0.0333713 0.131016 -0.8317 0.140164 -0.537242 -66.1311 
-0.539686 0.0501895 0.840369 330.683 0.145178 0.988815 0.0341787 0.194826 -0.829254 0.140449 -0.540936 -67.5167 
-0.543501 0.050652 0.837879 332.933 0.147115 0.988476 0.0356716 0.245867 -0.826417 0.142652 -0.544689 -68.9262 
-0.547879 0.0509344 0.835006 335.147 0.148317 0.988246 0.0370346 0.308153 -0.823305 0.144136 -0.548993 -70.3033 
-0.551445 0.0502448 0.832697 337.283 0.147646 0.988304 0.0381428 0.363975 -0.821041 0.143978 -0.552414 -71.6546 
-0.554636 0.0496703 0.830609 339.485 0.146877 0.988387 0.0389712 0.445963 -0.819028 0.143612 -0.55549 -73.085 
-0.558088 0.0498911 0.828281 341.658 0.148358 0.988106 0.040444 0.506686 -0.816412 0.145453 -0.558852 -74.4179 
-0.561362 0.0492933 0.826101 343.798 0.145743 0.988511 0.0400526 0.589061 -0.814636 0.142882 -0.562097 -75.7806 
-0.564951 0.048571 0.823694 345.964 0.142766 0.988964 0.0396029 0.656145 -0.81268 0.139969 -0.56565 -77.1385 
-0.568705 0.0485869 0.821105 348.084 0.140517 0.989318 0.0387824 0.723748 -0.810451 0.137435 -0.569457 -78.4934 
-0.571334 0.0459709 0.819429 350.352 0.137537 0.989673 0.0403737 0.818286 -0.809111 0.135769 -0.571757 -80.0134 
-0.574727 0.046146 0.817043 352.599 0.138208 0.98954 0.0413301 0.937576 -0.80659 0.136675 -0.575094 -81.5045 
-0.578 0.0463175 0.814721 354.777 0.138203 0.989522 0.0417923 0.991751 -0.804249 0.136753 -0.578345 -82.9611 
-0.581964 0.045583 0.811936 356.857 0.136374 0.989759 0.042181 1.05979 -0.801698 0.135274 -0.582221 -84.3234 
-0.585046 0.0420525 0.809909 358.871 0.134888 0.98979 0.0460451 1.12868 -0.799704 0.136185 -0.584745 -85.7343 
-0.588021 0.0399362 0.807859 361.06 0.131831 0.990157 0.0470082 1.23027 -0.79803 0.134142 -0.587497 -87.27 
-0.591063 0.0390258 0.805681 363.113 0.130528 0.990292 0.0477896 1.31496 -0.795994 0.13341 -0.590419 -88.7499 
-0.593748 0.0390198 0.803704 365.155 0.129975 0.990358 0.047939 1.39001 -0.794084 0.132925 -0.593094 -90.2259 
-0.596838 0.0383306 0.801445 367.144 0.129617 0.990345 0.0491608 1.44522 -0.791823 0.133222 -0.596044 -91.6246 
-0.599151 0.0377292 0.799747 369.274 0.129151 0.990362 0.050035 1.52971 -0.790151 0.133267 -0.598249 -93.1652 
-0.602636 0.036061 0.797201 371.376 0.12602 0.990744 0.0504475 1.59117 -0.788003 0.130864 -0.601603 -94.6113 
-0.605779 0.032602 0.794965 373.557 0.115621 0.992161 0.0474166 1.69425 -0.787187 0.120639 -0.6048 -96.2061 
-0.609284 0.0354664 0.792158 375.67 0.108016 0.993399 0.0386034 1.76632 -0.785561 0.109086 -0.609093 -97.759 
-0.611507 0.0453852 0.789936 377.743 0.117978 0.992423 0.0343102 1.82331 -0.782394 0.114176 -0.612228 -99.3349 
-0.611871 0.046279 0.789602 379.828 0.125258 0.991359 0.0389599 1.88747 -0.780976 0.122743 -0.612381 -100.956 
-0.613574 0.0366363 0.788787 381.972 0.123999 0.991 0.0504266 1.972 -0.779841 0.128749 -0.612595 -102.631 
-0.616327 0.0261537 0.787056 384.069 0.117534 0.991309 0.0590976 2.10101 -0.77867 0.128929 -0.614045 -104.25 
-0.619157 0.0202821 0.785005 386.159 0.111661 0.991782 0.0624457 2.22747 -0.777288 0.126318 -0.616333 -105.853 
-0.620614 0.0196946 0.783869 388.36 0.110596 0.991889 0.0626411 2.37666 -0.776277 0.125569 -0.617759 -107.675 
-0.622546 0.0249427 0.782186 390.346 0.115773 0.99143 0.0605293 2.50717 -0.773973 0.128239 -0.620098 -109.234 
-0.62351 0.0316296 0.781175 392.479 0.120998 0.991046 0.0564495 2.61978 -0.772396 0.129717 -0.621754 -111 
-0.627126 0.0340174 0.778175 394.269 0.120807 0.991204 0.054028 2.69445 -0.769492 0.127892 -0.62572 -112.199 
-0.630944 0.0341307 0.775077 395.729 0.121138 0.991112 0.0549673 2.72997 -0.766313 0.128573 -0.629471 -113.319 
-0.633508 0.0337114 0.773002 397.604 0.12268 0.990789 0.0573321 2.80452 -0.763949 0.131152 -0.631808 -114.813 
-0.636385 0.0331378 0.770659 399.349 0.123392 0.990585 0.0592987 2.85905 -0.761438 0.13283 -0.634482 -116.168 
-0.637983 0.0335364 0.76932 401.439 0.123638 0.990551 0.0593506 2.99444 -0.76006 0.132982 -0.636101 -117.852 
-0.638963 0.0335762 0.768505 403.535 0.12341 0.990581 0.059329 3.12256 -0.759274 0.13275 -0.637088 -119.551 
-0.641234 0.0338523 0.766599 405.06 0.12386 0.990492 0.0598658 3.18579 -0.757283 0.133339 -0.63933 -120.708 
-0.643282 0.0333653 0.764901 406.841 0.125167 0.990192 0.0620726 3.25922 -0.755328 0.135671 -0.641149 -122.007 
-0.644051 0.032981 0.764271 408.829 0.127923 0.989646 0.0650937 3.36589 -0.754211 0.139691 -0.641602 -123.624 
-0.645815 0.0321649 0.762816 410.729 0.12909 0.989328 0.0675741 3.45342 -0.752502 0.142112 -0.643075 -125.07 
-0.646719 0.0328037 0.762022 411.923 0.128154 0.989545 0.0661645 3.59342 -0.751885 0.140446 -0.644162 -126.28 
-0.647427 0.0326659 0.761427 413.792 0.123783 0.990322 0.0627645 3.7045 -0.752008 0.134887 -0.645205 -127.852 
-0.648181 0.0319972 0.760814 415.633 0.12192 0.990588 0.0622099 3.78536 -0.751663 0.133082 -0.645982 -129.405 
-0.64945 0.0321827 0.759723 417.675 0.122461 0.990489 0.0627274 3.9141 -0.750479 0.133775 -0.647214 -131.085 
-0.650159 0.030701 0.759178 419.725 0.120134 0.990768 0.0628161 4.04648 -0.750241 0.132044 -0.647845 -132.794 
-0.651467 0.0295517 0.758101 421.755 0.115985 0.991374 0.0610258 4.18646 -0.749758 0.127685 -0.649276 -134.465 
-0.652741 0.0291843 0.757018 423.819 0.115331 0.991438 0.0612231 4.31338 -0.748751 0.127271 -0.650519 -136.191 
-0.652728 0.027794 0.757082 425.822 0.115548 0.991287 0.0632289 4.44684 -0.748728 0.128751 -0.650253 -137.892 
-0.652115 0.0265721 0.757654 427.811 0.117976 0.990767 0.0667946 4.58967 -0.748884 0.132943 -0.649229 -139.573 
-0.651409 0.0254754 0.758299 430.023 0.12255 0.989846 0.0720207 4.7588 -0.748764 0.139844 -0.647917 -141.443 
-0.650333 0.0243412 0.759259 431.957 0.125694 0.989158 0.0759494 4.90437 -0.749178 0.144826 -0.646341 -143.028 
-0.649976 0.02165 0.759646 433.921 0.11925 0.990116 0.0738155 5.03963 -0.75054 0.138566 -0.646133 -144.551 
-0.649236 0.0212386 0.76029 435.982 0.111723 0.99143 0.0677086 5.2041 -0.752336 0.128901 -0.646045 -146.247 
-0.647453 0.0192608 0.761862 438.04 0.107334 0.992021 0.0661362 5.34387 -0.754509 0.124594 -0.644354 -147.962 
-0.643645 0.0202382 0.765056 440.078 0.109445 0.99181 0.0658396 5.45291 -0.757458 0.126109 -0.640588 -149.667 
-0.639855 0.0208548 0.768213 442.132 0.111045 0.99165 0.0655706 5.61303 -0.76043 0.127262 -0.636828 -151.37 
-0.635385 0.0209753 0.771911 444.221 0.112307 0.991512 0.0655012 5.76366 -0.763985 0.12831 -0.632347 -153.118 
-0.633343 0.021894 0.773561 446.324 0.110013 0.991995 0.0619955 5.90768 -0.766012 0.124366 -0.630681 -154.785 
-0.631445 0.0168233 0.775238 448.418 0.10246 0.992809 0.0619106 6.03833 -0.768621 0.118524 -0.628628 -156.44 
-0.631469 0.0108405 0.775325 450.524 0.0941143 0.993581 0.0627599 6.1582 -0.769668 0.1126 -0.628436 -158.064 
-0.631661 0.00742342 0.775209 452.618 0.0870928 0.994303 0.0614441 6.28369 -0.770337 0.106327 -0.62871 -159.697 
-0.630192 0.00687269 0.776409 454.717 0.0855924 0.994481 0.0606701 6.41053 -0.771707 0.104688 -0.627302 -161.367 
-0.628156 0.00710276 0.778055 456.369 0.0880299 0.994187 0.0619943 6.54275 -0.773092 0.107434 -0.625129 -162.839 
-0.626386 0.00580048 0.779491 458.405 0.0897309 0.993862 0.0647105 6.66587 -0.774331 0.110478 -0.623062 -164.467 
-0.62472 0.00320716 0.780842 460.503 0.0873438 0.994003 0.0657975 6.81192 -0.775948 0.109307 -0.621253 -166.098 
-0.622175 0.00409243 0.782867 462.042 0.0862793 0.994253 0.063372 7.05389 -0.778109 0.106974 -0.618953 -167.703 
-0.620649 0.00513295 0.784072 464.13 0.084836 0.994548 0.0606429 7.19301 -0.779486 0.104155 -0.6177 -169.314 
-0.619255 0.00646303 0.785163 466.139 0.0857244 0.994545 0.0594238 7.30073 -0.780496 0.104106 -0.616431 -170.871 
-0.615698 0.00721086 0.787949 467.52 0.0872836 0.994429 0.0591023 7.51543 -0.783133 0.105164 -0.612897 -172.5 
-0.613597 0.00680629 0.78959 468.802 0.0894094 0.994131 0.0609114 7.51244 -0.784541 0.107972 -0.610605 -173.698 
-0.613036 0.00666084 0.790027 470.16 0.0897082 0.994084 0.0612294 7.53643 -0.784945 0.108408 -0.610007 -174.591 
-0.612832 0.00460751 0.790199 471.696 0.088837 0.994045 0.0631006 7.35969 -0.785203 0.108869 -0.609593 -175.398 
-0.614273 0.00393224 0.789084 473.469 0.0891412 0.993932 0.06444 7.33002 -0.784042 0.109924 -0.610896 -176.036 
-0.614125 0.00206697 0.789206 475.252 0.0883876 0.993885 0.0661761 7.25931 -0.784244 0.110396 -0.610552 -177.006 
-0.612611 0.00291175 0.790379 476.64 0.0883095 0.993984 0.0647855 7.37326 -0.785436 0.109486 -0.609183 -178.268 
-0.612345 0.00450034 0.790578 477.99 0.0873611 0.994245 0.062006 7.60245 -0.785749 0.107035 -0.609214 -179.195 
-0.610944 0.00401308 0.791663 479.367 0.0877892 0.994163 0.0627093 7.6171 -0.786791 0.107811 -0.607731 -180.399 
-0.611469 0.00172723 0.791267 481.003 0.0867826 0.994111 0.064893 7.58012 -0.786495 0.108348 -0.608018 -181.275 
-0.610726 0.000292534 0.791842 482.36 0.085985 0.994111 0.0659506 7.60407 -0.78716 0.108364 -0.607155 -182.439 
-0.61062 -0.000416887 0.791923 483.853 0.0854453 0.994127 0.0664067 7.65345 -0.7873 0.108215 -0.606999 -183.571 
-0.611936 0.000177207 0.790907 485.37 0.0856066 0.99414 0.0660123 7.74915 -0.78626 0.108102 -0.608365 -184.288 
-0.612274 0.000824754 0.790645 487.002 0.0863609 0.994086 0.0658407 7.84282 -0.785915 0.108593 -0.608724 -185.322 
-0.614782 -0.00110989 0.788696 488.566 0.0863625 0.993891 0.0687174 7.75024 -0.783955 0.11036 -0.61093 -185.788 
-0.617284 -0.00303888 0.786735 490.129 0.086355 0.993689 0.0715936 7.66205 -0.781987 0.112132 -0.613125 -186.259 
-0.61978 -0.00496217 0.78476 491.691 0.0863382 0.993479 0.0744692 7.57825 -0.780012 0.113909 -0.61531 -186.734 
-0.61953 -0.00478762 0.784959 493.183 0.0862427 0.993513 0.0741267 7.68931 -0.780221 0.113621 -0.615098 -187.925 
-0.617399 -0.00397995 0.78664 494.753 0.0866411 0.993559 0.0730275 7.90706 -0.781864 0.113242 -0.613077 -189.597 
-0.615946 -0.00338359 0.787781 496.412 0.0877792 0.993469 0.0728993 8.04402 -0.782882 0.114053 -0.611626 -191.085 
-0.61447 -0.00260636 0.788936 498.103 0.0889907 0.993383 0.0725929 8.21575 -0.783905 0.114814 -0.610172 -192.572 
-0.613661 -0.00241058 0.789566 499.717 0.0894567 0.993344 0.0725595 8.29046 -0.784486 0.115159 -0.60936 -193.914 
-0.611828 -0.0020115 0.790988 501.446 0.0905026 0.993252 0.0725294 8.39813 -0.785797 0.115962 -0.607517 -195.353 
-0.609991 -0.00161431 0.792407 503.178 0.0915484 0.993158 0.0724968 8.50581 -0.787102 0.116766 -0.60567 -196.788 
-0.609157 -0.00288479 0.793044 504.785 0.09166 0.993035 0.0740186 8.58233 -0.787734 0.117779 -0.604651 -198.088 
-0.608532 -0.00446538 0.793517 506.681 0.0909791 0.992997 0.0753579 8.71153 -0.788297 0.118051 -0.603864 -199.528 
-0.607592 -0.00575145 0.794228 508.622 0.0911822 0.992857 0.076945 8.85644 -0.788998 0.119171 -0.602728 -201.029 
-0.609598 -0.00474025 0.792696 510.51 0.0921721 0.992775 0.0768188 8.93697 -0.787333 0.119893 -0.604757 -201.718 
-0.609109 -0.00524697 0.793069 511.924 0.0922951 0.992715 0.0774541 9.02924 -0.787698 0.120374 -0.604187 -202.99 
-0.611366 -0.00711698 0.791316 513.544 0.0913719 0.992637 0.079521 8.8656 -0.786055 0.120921 -0.606214 -203.636 
-0.61556 -0.00843273 0.788044 515.13 0.090416 0.992584 0.0812475 8.7076 -0.782886 0.121265 -0.610233 -203.858 
-0.619612 -0.00966133 0.784849 516.98 0.08932 0.992561 0.0827333 8.57849 -0.77981 0.121365 -0.614139 -204.137 
-0.623645 -0.0108894 0.781631 518.828 0.0882165 0.992535 0.0842134 8.45281 -0.776714 0.121472 -0.618029 -204.425 
-0.627662 -0.0121168 0.778392 520.676 0.0871053 0.992507 0.0856877 8.33056 -0.773598 0.121585 -0.621903 -204.723 
-0.628618 -0.0130363 0.777605 522.537 0.0863437 0.992508 0.0864396 8.46959 -0.772906 0.121479 -0.622783 -205.872 
-0.632586 -0.0122491 0.774393 524.462 0.084878 0.992756 0.0850383 8.41315 -0.769825 0.119523 -0.626964 -206.345 
-0.636758 -0.0105732 0.770991 526.415 0.0841879 0.992975 0.0831478 8.3737 -0.766454 0.117853 -0.631394 -206.775 
-0.640923 -0.0105122 0.767533 528.389 0.084607 0.992846 0.0842486 8.30026 -0.762928 0.118936 -0.635449 -207.136 
-0.645507 -0.0118239 0.763663 530.505 0.0850595 0.992547 0.0872665 8.41735 -0.759003 0.121288 -0.63969 -207.413 
-0.649863 -0.0131869 0.759937 532.475 0.0858583 0.992176 0.090639 8.34151 -0.755186 0.12415 -0.643647 -207.802 
-0.654035 -0.0126313 0.756359 534.469 0.0859369 0.992147 0.09088 8.32924 -0.751567 0.124438 -0.647813 -208.214 
-0.659432 -0.0119768 0.751669 536.641 0.0863077 0.992056 0.0915239 8.282 -0.746794 0.125229 -0.653159 -208.323 
-0.663359 -0.0113304 0.748215 538.466 0.0869595 0.991944 0.0921185 8.26841 -0.743231 0.126172 -0.65703 -208.847 
-0.667742 -0.012232 0.744292 540.551 0.0874488 0.991652 0.094752 8.07861 -0.739238 0.128357 -0.661099 -209.274 
-0.671631 -0.0132828 0.740766 542.398 0.0876744 0.991389 0.0972685 8.05393 -0.73568 0.130275 -0.664683 -209.833 
-0.6765 -0.0150695 0.736288 544.545 0.0863702 0.991267 0.0996448 7.91431 -0.73136 0.131003 -0.669291 -210.155 
-0.681183 -0.0157332 0.731944 546.506 0.0859519 0.991136 0.101296 7.7872 -0.72705 0.131913 -0.673793 -210.566 
-0.686107 -0.0154362 0.727336 548.884 0.0867534 0.990905 0.102866 7.69324 -0.722309 0.133676 -0.678528 -210.926 
-0.690825 -0.0168886 0.722824 551.021 0.0864403 0.990628 0.105759 7.58528 -0.717836 0.135542 -0.682891 -211.341 
-0.695518 -0.0189117 0.71826 553.457 0.0841102 0.990637 0.10753 7.51847 -0.713569 0.135202 -0.687415 -211.854 
-0.700503 -0.020989 0.713341 555.751 0.0820905 0.990562 0.109759 7.4367 -0.708912 0.135445 -0.692169 -212.258 
-0.704664 -0.0206785 0.709239 557.708 0.0818959 0.990524 0.110247 7.41792 -0.704799 0.135771 -0.696294 -212.785 
-0.708508 -0.0194128 0.705436 559.635 0.0824836 0.990492 0.1101 7.51203 -0.700866 0.136194 -0.70017 -213.371 
-0.712077 -0.0187029 0.701852 561.73 0.083166 0.99036 0.110769 7.53255 -0.697158 0.137246 -0.703657 -214.092 
-0.713179 -0.0174894 0.700764 563.564 0.084448 0.990264 0.110659 7.6993 -0.695876 0.138098 -0.704759 -215.301 
-0.714278 -0.0162746 0.699673 565.395 0.0857301 0.990166 0.110551 7.86524 -0.694591 0.138947 -0.705859 -216.514 
-0.715373 -0.0150584 0.69858 567.225 0.0870122 0.990066 0.110445 8.03038 -0.693303 0.139795 -0.706957 -217.729 
-0.714838 -0.0155274 0.699118 569.059 0.0862933 0.990153 0.110225 8.28475 -0.693945 0.139122 -0.706459 -219.539 
-0.714697 -0.01561 0.69926 570.977 0.0859611 0.990211 0.109964 8.54945 -0.694132 0.1387 -0.706359 -221.336 
-0.714418 -0.0149806 0.699559 573.087 0.0863101 0.990249 0.109349 8.87554 -0.694376 0.1385 -0.706158 -223.217 
-0.714113 -0.0150826 0.699868 574.989 0.0861222 0.99028 0.109216 9.14519 -0.694712 0.138267 -0.705873 -225.076 
-0.713642 -0.0150666 0.700349 576.929 0.0861188 0.990298 0.109058 9.41829 -0.695197 0.138141 -0.70542 -226.967 
-0.714144 -0.0162548 0.69981 578.987 0.0843444 0.990448 0.109078 9.65997 -0.694899 0.136922 -0.705952 -228.808 
-0.713824 -0.0157743 0.700148 580.609 0.08354 0.99069 0.107492 9.89814 -0.695325 0.135221 -0.70586 -230.515 
-0.712153 -0.0153718 0.701856 582.148 0.0848669 0.990543 0.107807 10.1323 -0.696875 0.136339 -0.704114 -232.422 
-0.709423 -0.0173064 0.70457 583.553 0.0857352 0.990155 0.110647 10.2378 -0.699549 0.138902 -0.700955 -234.569 
-0.708135 -0.018276 0.70584 585.152 0.0851317 0.990162 0.111046 10.4703 -0.700926 0.138725 -0.699613 -236.342 
-0.707482 -0.018241 0.706496 586.763 0.0842418 0.990363 0.109929 10.6784 -0.701693 0.13729 -0.699127 -238.002 
-0.706864 -0.0160412 0.707167 588.418 0.0856026 0.990455 0.108033 10.9016 -0.70215 0.1369 -0.698744 -239.752 
-0.704169 -0.0151302 0.709871 590.019 0.0862308 0.99055 0.106651 11.1904 -0.704777 0.136313 -0.69621 -241.898 
-0.704523 -0.0150449 0.709522 591.977 0.0862659 0.990546 0.106662 11.4522 -0.704419 0.136353 -0.696564 -243.759 
-0.703594 -0.0151056 0.710442 593.569 0.087566 0.990311 0.107778 11.6308 -0.705186 0.138043 -0.695454 -245.387 
-0.703253 -0.0155576 0.710769 595.395 0.0879654 0.990174 0.108709 11.885 -0.705476 0.138973 -0.694975 -247.148 
-0.702305 -0.015135 0.711715 597.21 0.0888089 0.990101 0.10869 12.141 -0.706315 0.13954 -0.694009 -248.943 
-0.699533 -0.0146986 0.714449 598.727 0.0889077 0.99023 0.107424 12.4589 -0.709048 0.138666 -0.691391 -251.005 
-0.69855 -0.0145382 0.715414 600.098 0.0891463 0.990236 0.107168 12.6016 -0.709987 0.138639 -0.690433 -252.381 
-0.69751 -0.0143386 0.716431 601.629 0.089466 0.990234 0.106922 12.7495 -0.710968 0.138675 -0.689415 -253.812 
-0.697827 -0.0143688 0.716122 603.292 0.0901043 0.990095 0.107668 12.8162 -0.710576 0.139659 -0.68962 -254.911 
-0.697054 -0.0148882 0.716863 605.214 0.0894255 0.990173 0.107519 13.0829 -0.71142 0.139052 -0.688873 -256.749 
-0.698079 -0.014873 0.715866 607.376 0.089017 0.990225 0.107378 13.384 -0.710466 0.138683 -0.689931 -258.668 
-0.699081 -0.0144939 0.714896 609.516 0.0884605 0.990361 0.106582 13.6905 -0.70955 0.13775 -0.69106 -260.583 
-0.696284 -0.0155277 0.717598 611.223 0.0877725 0.990421 0.106597 13.9724 -0.712379 0.137207 -0.688252 -262.737 
-0.695186 -0.0155478 0.718661 613 0.0882904 0.990349 0.106832 14.2105 -0.713387 0.137719 -0.687104 -264.511 
-0.694016 -0.0152486 0.719798 614.742 0.0889254 0.990305 0.106719 14.4435 -0.714446 0.138073 -0.685932 -266.2 
-0.692617 -0.0146642 0.721156 616.473 0.0890621 0.990404 0.105677 14.6461 -0.715786 0.137421 -0.684665 -267.886 
-0.691915 -0.0138323 0.721847 618.13 0.0893497 0.99049 0.104625 14.8215 -0.716429 0.136888 -0.684099 -269.501 
-0.691518 -0.0131508 0.722239 619.669 0.0898769 0.990499 0.104089 15.0835 -0.716746 0.136892 -0.683766 -270.87 
-0.690176 -0.0140198 0.723505 621.426 0.090364 0.990317 0.105391 15.3065 -0.717977 0.138117 -0.682226 -272.555 
-0.690365 -0.014698 0.723312 622.87 0.0896644 0.990347 0.105704 15.4745 -0.717883 0.13783 -0.682383 -273.751 
-0.691718 -0.0146146 0.722019 624.195 0.0894869 0.990355 0.105777 15.6377 -0.716602 0.13778 -0.683739 -274.658 
-0.692687 -0.0137786 0.721107 625.304 0.090311 0.990291 0.105674 15.7892 -0.715562 0.138323 -0.684718 -275.315 
-0.693831 -0.0132778 0.720016 626.509 0.0904882 0.990298 0.105459 15.8982 -0.714431 0.138324 -0.685898 -276.081 
