1 -4.23778e-08 4.22719e-08 0 -4.23778e-08 1 -4.19404e-08 0 4.22719e-08 -4.19404e-08 1 0 
0.999996 -0.00248979 -0.0015658 -0.0119716 0.00249479 0.999992 0.00325402 -0.0223668 0.00155777 -0.003258 0.999993 1.49315 
0.99999 -0.0029916 -0.00323402 -0.0273386 0.00300338 0.999989 0.00367217 -0.0290638 0.00322308 -0.00368193 0.999988 3.01461 
0.999988 -0.00182687 -0.00452254 -0.0579542 0.00184297 0.999992 0.00357745 -0.0491293 0.00451605 -0.00358582 0.999983 4.50677 
0.99998 -0.00150201 -0.00612372 -0.0898875 0.00152371 0.999992 0.0035549 -0.0677724 0.00611842 -0.00356425 0.999975 6.00935 
0.999971 -0.00150283 -0.00751223 -0.119971 0.00152974 0.999992 0.003589 -0.0784627 0.00750686 -0.00360047 0.999965 7.50768 
0.999955 -0.0019901 -0.0092224 -0.15604 0.00202619 0.99999 0.00391493 -0.0867106 0.00921461 -0.00393352 0.99995 9.01104 
0.999933 -0.00382987 -0.0109258 -0.190076 0.00386697 0.999987 0.00338456 -0.10972 0.0109128 -0.00342667 0.999934 10.5099 
0.999909 -0.00526438 -0.0123748 -0.228845 0.00530919 0.999979 0.00359751 -0.123555 0.0123557 -0.00366297 0.999917 12.0144 
0.999895 -0.004978 -0.0135844 -0.273109 0.00502719 0.999981 0.00359528 -0.139337 0.0135663 -0.00366328 0.999901 13.5158 
0.999884 -0.0043851 -0.0145935 -0.317229 0.00443686 0.999984 0.00352181 -0.151882 0.0145779 -0.00358624 0.999887 15.0014 
0.999878 -0.00330681 -0.0152614 -0.361292 0.00336617 0.999987 0.00387078 -0.164565 0.0152485 -0.00392176 0.999876 16.4842 
0.999873 -0.00125001 -0.0158771 -0.407656 0.00131994 0.999989 0.00439978 -0.169114 0.0158715 -0.00442026 0.999864 17.9755 
0.999858 -0.000915612 -0.0167961 -0.443878 0.00100027 0.999987 0.00503785 -0.17775 0.0167914 -0.00505403 0.999846 19.4604 
0.999852 -0.000635034 -0.0172116 -0.485779 0.000721172 0.999987 0.00500376 -0.189766 0.0172083 -0.00501551 0.999839 20.9238 
0.999838 -0.000174663 -0.0179898 -0.524663 0.000267561 0.999987 0.0051663 -0.207852 0.0179888 -0.00517036 0.999825 22.3456 
0.999834 0.00034921 -0.0182371 -0.569838 -0.00025001 0.999985 0.00544606 -0.211626 0.0182389 -0.00544068 0.999819 23.8026 
0.999828 0.000929018 -0.0185188 -0.602289 -0.000808103 0.999978 0.00654028 -0.222486 0.0185245 -0.00652428 0.999807 25.2681 
0.999825 0.00086073 -0.0186919 -0.643848 -0.000762067 0.999986 0.00528932 -0.237934 0.0186963 -0.00527424 0.999811 26.7111 
0.999821 0.00169495 -0.0188341 -0.688755 -0.0016356 0.999994 0.00317078 -0.247657 0.0188395 -0.00313949 0.999818 28.1546 
0.999825 0.000312937 -0.0187046 -0.727205 -0.000255645 0.999995 0.00306976 -0.265125 0.0187056 -0.00306453 0.99982 29.5786 
0.999825 -0.000476165 -0.0186922 -0.769831 0.000588356 0.999982 0.00600146 -0.286452 0.0186891 -0.00601149 0.999807 31.0011 
0.999815 -0.00278556 -0.0190522 -0.804042 0.00292343 0.99997 0.00721688 -0.303133 0.0190316 -0.00727133 0.999792 32.4423 
0.999813 -0.00339649 -0.0190342 -0.838512 0.00352231 0.999972 0.00658535 -0.317262 0.0190114 -0.00665125 0.999797 33.8668 
0.999817 -0.00346646 -0.0188136 -0.878027 0.00355805 0.999982 0.00484142 -0.331282 0.0187965 -0.00490756 0.999811 35.2508 
0.999828 -0.00263804 -0.0183582 -0.92362 0.00271533 0.999987 0.00419111 -0.346458 0.018347 -0.00424033 0.999823 36.6154 
0.999842 -0.00209852 -0.0176235 -0.963289 0.00215621 0.999992 0.00326002 -0.362661 0.0176166 -0.00329759 0.999839 37.9659 
0.999866 -0.00131021 -0.0162844 -1.00702 0.00137748 0.99999 0.00412549 -0.379245 0.0162789 -0.00414746 0.999859 39.3073 
0.999887 -0.000452277 -0.0150507 -1.04093 0.00054522 0.999981 0.00617737 -0.395351 0.0150477 -0.00618496 0.999868 40.636 
0.99991 -0.00135096 -0.0133407 -1.07708 0.00144431 0.999974 0.00699632 -0.401162 0.013331 -0.00701504 0.999886 41.939 
0.999938 -0.0010936 -0.0110891 -1.10798 0.00117676 0.999971 0.00750256 -0.412505 0.0110806 -0.00751523 0.99991 43.2122 
0.999969 -0.00117041 -0.00783854 -1.13141 0.0012256 0.999974 0.00705052 -0.429149 0.00783018 -0.00705999 0.999944 44.4684 
0.99999 -0.00188622 -0.00412066 -1.16145 0.00190854 0.999983 0.00544096 -0.447533 0.00411041 -0.00544885 0.999977 45.7263 
0.999998 -0.00191298 -0.000992297 -1.17444 0.00191661 0.999991 0.00375387 -0.464932 0.000985191 -0.00375585 0.999992 46.9352 
0.999993 -0.00177462 0.00325236 -1.19151 0.00176089 0.99999 0.00419443 -0.475725 -0.00325969 -0.00418876 0.999986 48.1371 
0.999963 -0.00140686 0.00851108 -1.1941 0.00137247 0.999991 0.0040343 -0.49183 -0.00851659 -0.00402256 0.999956 49.3297 
0.999887 0.000119626 0.0150282 -1.19533 -0.000168541 0.999995 0.00324794 -0.506374 -0.0150277 -0.00325019 0.999882 50.549 
0.999754 0.00136869 0.0221462 -1.18024 -0.001435 0.999994 0.0029748 -0.513127 -0.0221419 -0.00300593 0.99975 51.7669 
0.999538 0.0021036 0.030325 -1.15441 -0.00222816 0.999989 0.0040714 -0.531507 -0.030316 -0.00413717 0.999532 52.9683 
0.999161 0.00447681 0.0406972 -1.11834 -0.00466517 0.999979 0.00453232 -0.542171 -0.040676 -0.00471846 0.999161 54.1763 
0.998547 0.00710548 0.0534111 -1.07171 -0.00735734 0.999963 0.00451871 -0.555291 -0.0533769 -0.00490519 0.998562 55.3151 
0.99764 0.00903199 0.0680643 -1.01448 -0.00938933 0.999944 0.00493061 -0.568115 -0.0680158 -0.00555813 0.997669 56.4505 
0.996404 0.0109787 0.0840115 -0.932303 -0.0115443 0.999914 0.00624882 -0.584711 -0.0839356 -0.00719629 0.996445 57.5815 
0.994768 0.0108126 0.101586 -0.833209 -0.0115646 0.99991 0.00681539 -0.592128 -0.101503 -0.00795461 0.994803 58.714 
0.992665 0.010306 0.120454 -0.714155 -0.0111133 0.99992 0.00603166 -0.607634 -0.120383 -0.00732614 0.9927 59.8035 
0.990058 0.00962015 0.14033 -0.56889 -0.0104284 0.999933 0.00502452 -0.617865 -0.140273 -0.00643806 0.990092 60.8879 
0.986883 0.00712804 0.16128 -0.406312 -0.00801589 0.999956 0.00485445 -0.62869 -0.161238 -0.00608366 0.986897 61.9681 
0.983131 0.00177062 0.182894 -0.21832 -0.00307125 0.999972 0.00682787 -0.637733 -0.182877 -0.00727448 0.983109 63.0529 
0.978542 -0.00364155 0.206013 -0.00257305 0.00199079 0.999964 0.00821916 -0.647549 -0.206036 -0.00763275 0.978515 64.1184 
0.973188 -0.0086027 0.229848 0.23653 0.00701552 0.999945 0.00772124 -0.657828 -0.229902 -0.00590178 0.973196 65.1642 
0.966864 -0.0146936 0.254868 0.496287 0.0135542 0.999889 0.00622595 -0.668608 -0.254931 -0.0025652 0.966956 66.1663 
0.959484 -0.0179923 0.281189 0.779549 0.0167339 0.999836 0.00687552 -0.676305 -0.281267 -0.00189162 0.959628 67.156 
0.950985 -0.0206995 0.308543 1.08825 0.0188067 0.999782 0.00910727 -0.686148 -0.308664 -0.00285827 0.951167 68.1475 
0.941478 -0.0252751 0.336126 1.42503 0.022518 0.999673 0.0120982 -0.692837 -0.336322 -0.00382137 0.941739 69.1115 
0.930692 -0.0281058 0.364724 1.78178 0.0255647 0.999604 0.0117944 -0.699494 -0.36491 -0.00165299 0.931041 70.0366 
0.918783 -0.0276073 0.393795 2.15262 0.0265848 0.999614 0.00805225 -0.708508 -0.393865 0.00307061 0.919163 70.9297 
0.905969 -0.0287269 0.422368 2.56346 0.030416 0.999533 0.00274029 -0.7123 -0.422249 0.0103641 0.90642 71.8087 
0.891875 -0.0305343 0.45125 2.98432 0.0339968 0.999422 0.000433631 -0.718561 -0.451002 0.0149542 0.892398 72.6595 
0.876385 -0.0311092 0.480605 3.44442 0.0334149 0.999434 0.0037602 -0.725796 -0.48045 0.0127639 0.876929 73.5083 
0.858914 -0.0299601 0.511243 3.92778 0.0292766 0.999527 0.00938834 -0.731902 -0.511282 0.00690361 0.859385 74.3454 
0.839427 -0.0301249 0.542636 4.4275 0.0273441 0.999539 0.0131903 -0.741455 -0.542783 0.00376552 0.839864 75.1427 
0.818563 -0.0238916 0.573919 4.95663 0.0233962 0.999692 0.00824654 -0.743563 -0.573939 0.00667714 0.818871 75.9184 
0.796854 -0.016976 0.603933 5.50673 0.0204533 0.99979 0.00111606 -0.745599 -0.603825 0.011463 0.797034 76.6614 
0.774495 -0.0145148 0.632414 6.08206 0.0196207 0.999807 -0.00108194 -0.746348 -0.632276 0.0132463 0.77463 77.3836 
0.751426 -0.0170751 0.659597 6.69299 0.0207588 0.999782 0.00223258 -0.75747 -0.659491 0.0120148 0.751616 78.0797 
0.727211 -0.0174279 0.686193 7.31483 0.0210802 0.999773 0.00305177 -0.773462 -0.68609 0.0122457 0.727413 78.7394 
0.702178 -0.0154399 0.711834 7.95208 0.0215757 0.999767 0.000402106 -0.78813 -0.711674 0.0150759 0.702348 79.3711 
0.67615 -0.0129844 0.736649 8.60902 0.02139 0.999769 -0.00201111 -0.798 -0.736453 0.0171167 0.676272 79.9791 
0.649309 -0.0106101 0.76045 9.29101 0.0198608 0.999798 -0.00300867 -0.808716 -0.760265 0.0170567 0.649389 80.5733 
0.621478 -0.00923025 0.783377 9.99343 0.0199346 0.999793 -0.00403467 -0.823262 -0.783178 0.0181237 0.621534 81.142 
0.592806 -0.00266301 0.80534 10.7094 0.0185892 0.999773 -0.0103776 -0.837749 -0.80513 0.0211225 0.592722 81.6817 
0.562838 0.00657472 0.826541 11.4387 0.0173947 0.999653 -0.0197969 -0.857294 -0.826384 0.0255199 0.562528 82.193 
0.531947 0.0151269 0.846642 12.1955 0.0164887 0.999466 -0.0282174 -0.873153 -0.846617 0.0289702 0.531414 82.6871 
0.500411 0.0200441 0.865556 12.972 0.014185 0.999408 -0.0313448 -0.899416 -0.865671 0.0279632 0.499831 83.1466 
0.468064 0.0199071 0.88347 13.7861 0.0123603 0.999501 -0.0290703 -0.923016 -0.883608 0.0245267 0.467585 83.59 
0.434794 0.0188454 0.900333 14.6225 0.00729992 0.999674 -0.0244502 -0.959344 -0.9005 0.0172032 0.434515 84.0161 
0.400411 0.0201031 0.916115 15.4727 0.0029822 0.999725 -0.0232414 -0.997695 -0.916331 0.0120381 0.400241 84.4104 
0.365264 0.0228364 0.930624 16.3306 -0.00483321 0.999732 -0.0226354 -1.0472 -0.930891 0.00376998 0.365277 84.7715 
0.329529 0.0248514 0.943818 17.2126 -0.0102672 0.999689 -0.0227379 -1.07887 -0.94409 -0.00219763 0.329681 85.0993 
0.293549 0.0243331 0.955634 18.1218 -0.0127503 0.999687 -0.0215382 -1.10657 -0.955859 -0.00586211 0.293768 85.3957 
0.257306 0.0240704 0.96603 19.0489 -0.0134953 0.999682 -0.0213145 -1.13283 -0.966236 -0.0075525 0.257549 85.6594 
0.221165 0.0237292 0.974948 19.9901 -0.0127152 0.999689 -0.0214471 -1.1551 -0.975153 -0.00765335 0.221398 85.8934 
0.185757 0.0224704 0.982339 20.9384 -0.0101991 0.999729 -0.0209397 -1.18209 -0.982543 -0.00612929 0.185936 86.0826 
0.151268 0.0213529 0.988262 21.8942 -0.00246177 0.999772 -0.0212248 -1.21695 -0.98849 0.000777768 0.151286 86.2247 
0.117514 0.0247782 0.992762 22.8598 -0.00041526 0.99969 -0.024902 -1.25456 -0.993071 0.00251407 0.117488 86.3464 
0.0847734 0.0298446 0.995953 23.8118 0.000293386 0.99955 -0.0299775 -1.2846 -0.9964 0.00283349 0.0847266 86.4372 
0.055611 0.0338147 0.99788 24.7748 0.00700652 0.999388 -0.0342564 -1.31699 -0.998428 0.00889669 0.0553401 86.4923 
0.0301761 0.031761 0.99904 25.7509 0.00882502 0.999448 -0.0320406 -1.36219 -0.999506 0.00978341 0.0298791 86.5269 
0.00774873 0.0288317 0.999554 26.737 0.0104493 0.999527 -0.028912 -1.3987 -0.999915 0.0106687 0.00744379 86.541 
-0.0108886 0.0263052 0.999595 27.7394 0.010665 0.9996 -0.0261893 -1.43298 -0.999884 0.0103755 -0.0111648 86.5354 
-0.0277877 0.0294668 0.999179 28.7288 0.0119968 0.999503 -0.0291428 -1.47185 -0.999542 0.0111772 -0.0281274 86.5251 
-0.0426187 0.033755 0.998521 29.745 0.0146305 0.999343 -0.0331584 -1.51817 -0.998984 0.0131957 -0.0430845 86.5062 
-0.0548458 0.0389087 0.997736 30.7299 0.0186786 0.999106 -0.0379354 -1.55917 -0.99832 0.0165558 -0.0555235 86.4649 
-0.0638597 0.0427918 0.997041 31.7706 0.0243559 0.998849 -0.0413095 -1.59303 -0.997662 0.0216458 -0.0648285 86.4178 
-0.0699048 0.0480322 0.996397 32.7698 0.0281976 0.998536 -0.0461571 -1.64572 -0.997155 0.0248694 -0.0711569 86.3557 
-0.0734782 0.0529223 0.995892 33.7605 0.0294258 0.998271 -0.0508778 -1.69952 -0.996863 0.0255665 -0.0749085 86.2923 
-0.0764051 0.0569975 0.995446 34.7579 0.0316306 0.998001 -0.054716 -1.76108 -0.996575 0.027306 -0.0780552 86.2269 
-0.0789032 0.0600983 0.995069 35.7724 0.0324463 0.997807 -0.0576909 -1.82145 -0.996354 0.0277343 -0.0806802 86.1515 
-0.0815692 0.0636495 0.994633 36.7808 0.0333134 0.997575 -0.0611058 -1.88791 -0.996111 0.0281503 -0.0834917 86.0837 
-0.0833641 0.0675265 0.994229 37.7947 0.0347906 0.99729 -0.0648174 -1.95692 -0.995912 0.0291864 -0.0854875 86.0043 
-0.0861683 0.0690378 0.993886 38.8052 0.0375931 0.997111 -0.0660027 -2.02643 -0.995571 0.0316759 -0.0885147 85.943 
-0.0882422 0.067803 0.993789 39.8311 0.0377152 0.997193 -0.0646865 -2.09839 -0.995385 0.0317728 -0.0905516 85.8568 
-0.0906317 0.0675548 0.99359 40.8508 0.0373617 0.997225 -0.064394 -2.17423 -0.995183 0.0312861 -0.0929041 85.7786 
-0.0930657 0.0688274 0.993278 41.8495 0.0375843 0.99714 -0.0655736 -2.25332 -0.99495 0.031229 -0.0953863 85.7038 
-0.0959552 0.0706635 0.992874 42.875 0.0355053 0.997085 -0.0675319 -2.34562 -0.994752 0.0287723 -0.0981845 85.6305 
-0.0987585 0.0729235 0.992436 43.9117 0.0339601 0.996977 -0.0698778 -2.42565 -0.994532 0.0268022 -0.100936 85.5458 
-0.101324 0.0765608 0.991903 44.9424 0.0314158 0.996783 -0.0737284 -2.50724 -0.994357 0.023691 -0.103403 85.4557 
-0.103802 0.0808987 0.991302 45.9693 0.0276628 0.996536 -0.0784292 -2.59042 -0.994213 0.0192811 -0.105681 85.3703 
-0.106902 0.0830009 0.990799 46.9876 0.0257765 0.996406 -0.0806896 -2.68945 -0.993935 0.0169135 -0.108657 85.2935 
-0.11018 0.0815393 0.990561 48.0152 0.023655 0.996562 -0.0794022 -2.77541 -0.99363 0.0146832 -0.11173 85.2125 
-0.11333 0.0772606 0.990549 49.0578 0.0209757 0.996936 -0.075359 -2.86941 -0.993336 0.012237 -0.114603 85.1204 
-0.115565 0.0756539 0.990415 50.1097 0.021209 0.997056 -0.0736865 -2.9568 -0.993073 0.0124901 -0.116829 85.0117 
-0.117727 0.0760888 0.990127 51.1594 0.0204491 0.997034 -0.0741883 -3.04817 -0.992835 0.0115132 -0.118934 84.9088 
-0.118871 0.0789458 0.989766 52.2238 0.0217106 0.996802 -0.0768996 -3.13506 -0.992672 0.0123473 -0.120205 84.7915 
-0.119754 0.081988 0.989412 53.2719 0.0222118 0.996556 -0.0798916 -3.21536 -0.992555 0.0124093 -0.121163 84.6809 
-0.12026 0.0826426 0.989296 54.3223 0.0206806 0.996521 -0.0807322 -3.30787 -0.992527 0.0107504 -0.121551 84.5754 
-0.120481 0.0814427 0.989369 55.3554 0.0176417 0.996647 -0.0798936 -3.39882 -0.992559 0.00782852 -0.121514 84.4782 
-0.120877 0.0809483 0.989361 56.4014 0.0132367 0.996712 -0.0799327 -3.48823 -0.992579 0.00343394 -0.121551 84.3819 
-0.121315 0.081777 0.98924 57.4533 0.00959637 0.996651 -0.0812128 -3.58867 -0.992568 -0.000359236 -0.121694 84.2871 
-0.12159 0.0818852 0.989197 58.5285 0.0051372 0.99663 -0.0818691 -3.68345 -0.992567 -0.00487277 -0.121601 84.1769 
-0.122036 0.0814503 0.989178 59.607 0.00110855 0.996638 -0.0819278 -3.77654 -0.992525 -0.00890162 -0.121716 84.0644 
-0.122567 0.0763426 0.98952 60.6822 0.00159387 0.997051 -0.0767263 -3.8675 -0.992459 -0.00782695 -0.122327 83.9578 
-0.122703 0.0676564 0.990135 61.7821 0.00493078 0.997703 -0.0675625 -3.95738 -0.992431 -0.00340797 -0.122755 83.8297 
-0.122638 0.0621749 0.990502 62.8876 0.010719 0.99806 -0.0613223 -4.04065 -0.992394 0.00309683 -0.123066 83.7048 
-0.12196 0.0645314 0.990435 63.9727 0.019196 0.997851 -0.0626509 -4.11867 -0.992349 0.0113715 -0.122936 83.5757 
-0.12114 0.0700944 0.990157 65.0555 0.0246678 0.997408 -0.0675898 -4.19708 -0.992329 0.0162372 -0.122555 83.4574 
-0.120377 0.0759895 0.989816 66.1532 0.0285457 0.996919 -0.0730633 -4.27763 -0.992318 0.0194599 -0.122175 83.3391 
-0.119738 0.080291 0.989553 67.2551 0.0293556 0.996575 -0.0773087 -4.3672 -0.992371 0.0197921 -0.121685 83.2158 
-0.119576 0.0777464 0.989776 68.3772 0.0261984 0.996829 -0.0751354 -4.45207 -0.992479 0.0169461 -0.121234 83.097 
-0.119291 0.073276 0.990152 69.5043 0.0255884 0.997168 -0.0707126 -4.54362 -0.99253 0.0169011 -0.120828 82.9752 
-0.119118 0.0710969 0.990331 70.6396 0.0235756 0.997354 -0.0687654 -4.63341 -0.9926 0.0151565 -0.120479 82.8551 
-0.119086 0.0719698 0.990272 71.7632 0.0219056 0.997317 -0.0698476 -4.71853 -0.992642 0.0133746 -0.120343 82.7429 
-0.118791 0.0771868 0.989915 72.8864 0.0231876 0.996918 -0.0749504 -4.80902 -0.992648 0.0140504 -0.120215 82.6244 
-0.118032 0.0798471 0.989794 74.0264 0.0225004 0.996721 -0.0777228 -4.89703 -0.992755 0.013097 -0.119442 82.4966 
-0.117662 0.078867 0.989917 75.1693 0.0229879 0.99679 -0.0766824 -4.98785 -0.992788 0.0137335 -0.119097 82.3748 
-0.117227 0.0720323 0.990489 76.3189 0.0243609 0.997274 -0.0696427 -5.08342 -0.992806 0.0159652 -0.118662 82.2575 
-0.117929 0.0705466 0.990513 77.4584 0.0242349 0.997381 -0.0681505 -5.17085 -0.992726 0.015968 -0.119329 82.1406 
-0.117676 0.0736734 0.990315 78.6045 0.0224927 0.997186 -0.0715119 -5.25834 -0.992797 0.0138596 -0.119002 82.0281 
-0.117251 0.0766314 0.990141 79.7635 0.0221284 0.996972 -0.0745398 -5.35015 -0.992856 0.0131704 -0.118592 81.9039 
-0.117415 0.0761645 0.990158 80.9376 0.0205713 0.997027 -0.0742535 -5.43879 -0.99287 0.0116504 -0.118633 81.7837 
-0.117191 0.072694 0.990445 82.122 0.0200526 0.997287 -0.0708236 -5.53094 -0.992907 0.0115611 -0.118331 81.6576 
-0.116258 0.0714441 0.990646 83.3165 0.0205857 0.997369 -0.0695132 -5.62396 -0.993006 0.0123117 -0.117423 81.5286 
-0.114992 0.0719202 0.990759 84.5086 0.0223239 0.997311 -0.0698049 -5.71468 -0.993116 0.0140906 -0.116288 81.3984 
-0.114 0.0720426 0.990865 85.6872 0.0247566 0.997263 -0.0696596 -5.80665 -0.993172 0.0165893 -0.115472 81.2711 
-0.113169 0.0714597 0.991003 86.8811 0.0236795 0.997321 -0.0692113 -5.89479 -0.993293 0.0156339 -0.114558 81.1524 
-0.111938 0.0719878 0.991104 88.0725 0.0249967 0.997261 -0.0696119 -5.98715 -0.993401 0.0169822 -0.11343 81.0354 
-0.110645 0.0704173 0.991362 89.2816 0.0252095 0.997365 -0.0680301 -6.0738 -0.99354 0.0174645 -0.112129 80.9112 
-0.10931 0.0695847 0.991569 90.4946 0.0240407 0.99744 -0.0673465 -6.16455 -0.993717 0.0164764 -0.110703 80.7899 
-0.108071 0.0688745 0.991754 91.7086 0.0255931 0.997459 -0.0664819 -6.25322 -0.993814 0.0181973 -0.109559 80.6773 
-0.106404 0.069725 0.991875 92.9307 0.0237104 0.997433 -0.0675722 -6.34473 -0.99404 0.0163278 -0.107784 80.5592 
-0.105195 0.0725391 0.991802 94.149 0.0235818 0.997237 -0.0704355 -6.43082 -0.994172 0.015979 -0.106615 80.4461 
-0.104008 0.0715473 0.992 95.3821 0.0210673 0.997344 -0.069724 -6.51993 -0.994353 0.013647 -0.105239 80.3289 
-0.103378 0.0701422 0.992166 96.6255 0.017617 0.997483 -0.0686826 -6.61417 -0.994486 0.0103787 -0.104354 80.216 
-0.103234 0.0713185 0.992097 97.8481 0.0150879 0.997424 -0.0701315 -6.70333 -0.994543 0.00772877 -0.104044 80.1068 
-0.103229 0.0706158 0.992148 99.0791 0.0122508 0.997491 -0.0697216 -6.79469 -0.994582 0.00495728 -0.103835 79.9915 
-0.104406 0.0684768 0.992174 100.338 0.00963421 0.99765 -0.0678409 -6.88038 -0.994488 0.00247581 -0.104821 79.8805 
-0.10586 0.0670623 0.992117 101.59 0.00739045 0.997749 -0.0666544 -6.97526 -0.994354 0.000276186 -0.106117 79.7625 
-0.107438 0.0667167 0.991971 102.858 0.00597679 0.997771 -0.0664596 -7.06145 -0.994194 -0.00121151 -0.107598 79.6495 
-0.109223 0.0669293 0.991761 104.12 0.00608193 0.997757 -0.0666642 -7.15206 -0.993999 -0.0012494 -0.109385 79.532 
-0.111331 0.0657946 0.991603 105.388 0.00625623 0.997833 -0.0655056 -7.23922 -0.993764 -0.00108912 -0.111502 79.4016 
-0.114162 0.0612229 0.991574 106.659 0.00388277 0.998119 -0.0611801 -7.32865 -0.993455 -0.00313437 -0.114185 79.2707 
-0.118235 0.0611397 0.991101 107.899 0.0042227 0.998125 -0.0610692 -7.42059 -0.992977 -0.00303541 -0.118272 79.1362 
-0.123915 0.0672959 0.990008 109.118 -0.000737947 0.997691 -0.0679106 -7.50051 -0.992292 -0.00914571 -0.123579 79.0089 
-0.130671 0.0704644 0.988918 110.353 0.000412529 0.997475 -0.0710196 -7.59167 -0.991426 -0.00887221 -0.13037 78.8613 
-0.139393 0.0663143 0.988014 111.587 0.00213852 0.997773 -0.0666676 -7.68612 -0.990235 -0.00718011 -0.139224 78.7031 
-0.149818 0.0643777 0.986615 112.842 0.00458785 0.997912 -0.0644182 -7.78043 -0.988703 -0.00512456 -0.149801 78.5189 
-0.161915 0.065282 0.984643 114.037 0.00487134 0.99785 -0.0653567 -7.86924 -0.986793 -0.0057857 -0.161885 78.313 
-0.176299 0.0655599 0.982151 115.256 0.00686677 0.997837 -0.0653744 -7.95782 -0.984313 -0.00478119 -0.176367 78.1101 
-0.190383 0.0628035 0.979699 116.463 0.00712506 0.998014 -0.062593 -8.05627 -0.981684 -0.00493621 -0.190452 77.8854 
-0.205946 0.0653838 0.976376 117.671 0.0115495 0.997858 -0.0643863 -8.15016 -0.978495 -0.00198348 -0.20626 77.6472 
-0.221253 0.069026 0.97277 118.832 0.0118123 0.997608 -0.0681018 -8.22706 -0.975145 -0.00357703 -0.221539 77.405 
-0.236042 0.0732418 0.968979 120.012 0.012226 0.9973 -0.0724044 -8.32339 -0.971666 -0.00524379 -0.236301 77.1258 
-0.251861 0.071368 0.965128 121.176 0.00899071 0.997407 -0.0714087 -8.41418 -0.967722 -0.00930787 -0.251849 76.8381 
-0.267315 0.0659466 0.96135 122.365 0.00470423 0.997733 -0.0671344 -8.5213 -0.963598 -0.0134236 -0.267019 76.5148 
-0.283069 0.0621478 0.957084 123.55 0.000616251 0.99791 -0.0646166 -8.60775 -0.959099 -0.0177012 -0.282516 76.1974 
-0.297918 0.0634962 0.952477 124.714 -0.00077229 0.997769 -0.0667571 -8.70406 -0.954591 -0.0206237 -0.297204 75.8504 
-0.312196 0.0655568 0.947753 125.863 -0.000651107 0.997601 -0.0692194 -8.79589 -0.950017 -0.0222271 -0.311404 75.4903 
-0.325829 0.0679746 0.942982 127.021 0.00126567 0.997442 -0.0714632 -8.89089 -0.945428 -0.0220913 -0.325082 75.1001 
-0.339976 0.0680233 0.937971 128.154 0.00296113 0.997453 -0.0712638 -8.98009 -0.94043 -0.0214505 -0.339311 74.7074 
-0.353845 0.0661962 0.932959 129.302 0.00306244 0.997569 -0.0696191 -9.07499 -0.935299 -0.0217772 -0.353187 74.291 
-0.368527 0.0648128 0.927355 130.414 0.00263137 0.997635 -0.068679 -9.17182 -0.929613 -0.0228699 -0.367826 73.872 
-0.383434 0.0664603 0.921174 131.515 0.0017067 0.997457 -0.0712536 -9.26342 -0.923566 -0.0257489 -0.382573 73.4475 
-0.398337 0.068871 0.91465 132.611 0.00263156 0.997259 -0.0739453 -9.35387 -0.917235 -0.0270482 -0.397426 72.993 
-0.412822 0.070518 0.908078 133.707 0.00396023 0.997128 -0.075633 -9.45559 -0.910803 -0.0276268 -0.411916 72.51 
-0.42747 0.0730335 0.901074 134.792 0.00678816 0.996963 -0.0775851 -9.56034 -0.904004 -0.0270487 -0.426668 72.0217 
-0.442279 0.0763037 0.893626 135.861 0.00661713 0.996625 -0.0818235 -9.66339 -0.896853 -0.0302755 -0.441291 71.5151 
-0.457351 0.0787391 0.885793 136.936 0.00794193 0.996394 -0.0844701 -9.7636 -0.889251 -0.0315976 -0.456328 70.9857 
-0.47253 0.0755575 0.87807 138.024 0.00573624 0.996561 -0.0826667 -9.87753 -0.881296 -0.0340256 -0.471338 70.4152 
-0.488455 0.0720838 0.869606 139.117 0.00396162 0.996755 -0.0803983 -9.97569 -0.87258 -0.0358259 -0.487155 69.8291 
-0.504308 0.0725195 0.860473 140.175 0.00390699 0.996649 -0.0817065 -10.0772 -0.863515 -0.0378434 -0.502901 69.2328 
-0.520143 0.0720028 0.851039 141.236 0.00328666 0.996601 -0.0823095 -10.1834 -0.854073 -0.0400156 -0.518612 68.6115 
-0.535714 0.0712814 0.841386 142.283 0.00322105 0.996596 -0.0823798 -10.2879 -0.844394 -0.0414218 -0.53412 67.9632 
-0.551404 0.0710956 0.831203 143.325 0.00231439 0.996488 -0.0836977 -10.3939 -0.834235 -0.0442275 -0.549632 67.3063 
-0.566999 0.0698637 0.82075 144.36 0.00129457 0.996471 -0.0839271 -10.5139 -0.823718 -0.046524 -0.565088 66.6228 
-0.582451 0.0673632 0.810069 145.401 0.00110362 0.996625 -0.0820832 -10.6209 -0.812865 -0.0469154 -0.58056 65.9158 
-0.597327 0.0642864 0.799417 146.405 0.00175738 0.996885 -0.078853 -10.7226 -0.801995 -0.0456962 -0.59558 65.1881 
-0.612063 0.0631688 0.788282 147.417 0.00301138 0.996983 -0.0775549 -10.8226 -0.790803 -0.0450946 -0.610407 64.4264 
-0.626919 0.0613443 0.776666 148.42 0.00198521 0.997018 -0.0771462 -10.9294 -0.779082 -0.0468225 -0.625171 63.6518 
-0.641553 0.0626478 0.764516 149.394 0.000888987 0.996719 -0.0809296 -11.0339 -0.767078 -0.051241 -0.639504 62.8579 
-0.656922 0.0619215 0.751411 150.388 -0.00155913 0.996508 -0.0834823 -11.1413 -0.753957 -0.0560129 -0.654531 62.0221 
-0.672776 0.0587322 0.737511 151.361 -0.00344538 0.996584 -0.0825067 -11.2484 -0.739838 -0.0580495 -0.670276 61.1724 
-0.688788 0.051345 0.723142 152.326 -0.00714943 0.996959 -0.0775966 -11.3566 -0.724927 -0.0586177 -0.686327 60.2669 
-0.705838 0.0488695 0.706685 153.277 -0.00797189 0.997006 -0.0769086 -11.4653 -0.708328 -0.0599186 -0.703336 59.3624 
-0.723095 0.0463814 0.68919 154.18 -0.00965112 0.996967 -0.0772203 -11.5668 -0.690682 -0.062489 -0.720454 58.4545 
-0.740419 0.0433042 0.670749 155.057 -0.0121439 0.996898 -0.0777661 -11.674 -0.672035 -0.065725 -0.737596 57.5374 
-0.75712 0.0409204 0.651993 155.918 -0.0121799 0.996978 -0.0767163 -11.7854 -0.653162 -0.0660246 -0.754334 56.5841 
-0.773164 0.0423968 0.632788 156.763 -0.0107589 0.996743 -0.0799274 -11.8933 -0.634115 -0.0686051 -0.770189 55.5859 
-0.78818 0.042278 0.613991 157.573 -0.007011 0.996956 -0.0776482 -12.0021 -0.615405 -0.0655055 -0.785485 54.5723 
-0.802495 0.0432911 0.595086 158.359 -0.00322661 0.997035 -0.0768832 -12.1146 -0.59665 -0.0636185 -0.799976 53.5188 
-0.81682 0.0449654 0.575138 159.106 -0.000979087 0.996848 -0.0793262 -12.2217 -0.576892 -0.0653583 -0.814201 52.48 
-0.830467 0.0468127 0.555097 159.845 0.000316515 0.996502 -0.083564 -12.3344 -0.557067 -0.0692214 -0.827577 51.4084 
-0.843432 0.0475611 0.535126 160.549 0.00336669 0.996522 -0.0832629 -12.4497 -0.537225 -0.068425 -0.840659 50.3318 
-0.855193 0.0457819 0.516283 161.239 0.00463373 0.996727 -0.0807103 -12.5644 -0.518288 -0.0666306 -0.852606 49.2301 
-0.865946 0.0475561 0.497872 161.901 0.00735326 0.996572 -0.0824019 -12.6749 -0.500084 -0.0676946 -0.863327 48.1383 
-0.875359 0.0506775 0.480809 162.527 0.0105608 0.996258 -0.0857792 -12.7879 -0.483358 -0.0700099 -0.872619 47.046 
-0.884497 0.0485922 0.464007 163.157 0.00905774 0.996162 -0.0870551 -12.9074 -0.466457 -0.0727971 -0.881543 45.9024 
-0.892797 0.0455697 0.448148 163.752 0.00763597 0.996258 -0.0860918 -13.035 -0.450394 -0.0734404 -0.889804 44.7566 
-0.900046 0.0436178 0.433607 164.334 0.00684741 0.996271 -0.0860046 -13.1632 -0.435741 -0.074439 -0.896988 43.6027 
-0.906931 0.0416345 0.419216 164.91 0.00630841 0.996335 -0.0853035 -13.2843 -0.421231 -0.0747198 -0.90387 42.4335 
-0.913348 0.0391395 0.405293 165.457 0.00527016 0.996422 -0.0843488 -13.4008 -0.407145 -0.0749039 -0.910287 41.2865 
-0.919195 0.0337926 0.392349 165.988 0.00226535 0.996749 -0.0805418 -13.5156 -0.393795 -0.0731449 -0.916283 40.1186 
-0.924391 0.0308063 0.3802 166.504 0.001575 0.997033 -0.0769567 -13.6325 -0.381443 -0.0705393 -0.921697 38.9397 
-0.928687 0.0309645 0.369568 166.994 0.00384986 0.997259 -0.0738818 -13.7348 -0.370843 -0.0671903 -0.926262 37.7464 
-0.93185 0.0353257 0.361119 167.473 0.00851845 0.997105 -0.0755582 -13.839 -0.362743 -0.0673327 -0.929453 36.5557 
-0.934048 0.0404789 0.354845 167.938 0.0138757 0.996919 -0.0771989 -13.9439 -0.356877 -0.0671838 -0.931732 35.3562 
-0.935904 0.0437338 0.349531 168.393 0.0167416 0.996664 -0.0798767 -14.0437 -0.351858 -0.0689052 -0.933514 34.1692 
-0.937766 0.040877 0.344854 168.852 0.0144775 0.996786 -0.0787846 -14.1533 -0.346966 -0.0688889 -0.935344 32.98 
-0.939792 0.0329698 0.340153 169.318 0.00774137 0.997134 -0.0752603 -14.2597 -0.34166 -0.0680957 -0.937353 31.7781 
-0.941715 0.0269871 0.335329 169.777 0.00244091 0.997299 -0.0734072 -14.3663 -0.336404 -0.0683101 -0.939237 30.5779 
-0.943431 0.0206211 0.330927 170.232 -0.00450243 0.997175 -0.074973 -14.4694 -0.331539 -0.0722218 -0.940673 29.3694 
-0.944708 0.0184149 0.327394 170.68 -0.00756848 0.996931 -0.0779135 -14.5708 -0.327824 -0.0760834 -0.94167 28.1495 
-0.945411 0.0186875 0.325345 171.114 -0.00796208 0.996732 -0.0803883 -14.678 -0.325784 -0.0785903 -0.942172 26.9388 
-0.945647 0.0192142 0.324626 171.548 -0.00813226 0.996543 -0.0826736 -14.7831 -0.325093 -0.08082 -0.942222 25.7376 
-0.945533 0.0221993 0.324769 171.981 -0.00564727 0.996403 -0.0845497 -14.8979 -0.325478 -0.0817786 -0.942006 24.5244 
-0.945017 0.0232894 0.326192 172.418 -0.00521018 0.996262 -0.0862257 -15.0148 -0.326981 -0.0831842 -0.941363 23.2808 
-0.944507 0.0240049 0.327612 172.85 -0.00524755 0.996096 -0.0881149 -15.1359 -0.328449 -0.0849443 -0.940694 22.0736 
-0.943774 0.0251866 0.329631 173.288 -0.00403487 0.996142 -0.087666 -15.2577 -0.330568 -0.0840669 -0.940031 20.8575 
-0.9429 0.024677 0.33216 173.726 -0.00506901 0.996073 -0.0883902 -15.3781 -0.333037 -0.0850268 -0.939072 19.6549 
-0.941517 0.0237997 0.336123 174.17 -0.0064601 0.996044 -0.0886218 -15.4957 -0.336903 -0.0856104 -0.937639 18.4612 
-0.939948 0.0221709 0.340595 174.636 -0.00764207 0.996271 -0.0859418 -15.6243 -0.341231 -0.0833837 -0.936274 17.259 
-0.938035 0.0196192 0.345986 175.102 -0.00977961 0.9965 -0.0830212 -15.7455 -0.346403 -0.0812604 -0.934559 16.0703 
-0.935517 0.0175315 0.352847 175.57 -0.0117889 0.996662 -0.0807765 -15.8527 -0.353085 -0.0797275 -0.932188 14.891 
-0.932807 0.0192776 0.35986 176.03 -0.0102519 0.996744 -0.0799697 -15.9777 -0.36023 -0.0782855 -0.929573 13.738 
-0.929453 0.0190844 0.368445 176.496 -0.0112116 0.996739 -0.0799111 -16.092 -0.368769 -0.0784045 -0.926209 12.5947 
-0.925658 0.0217295 0.377736 176.981 -0.010313 0.996529 -0.0825985 -16.1993 -0.37822 -0.0803536 -0.922222 11.4543 
-0.921256 0.0226551 0.388296 177.476 -0.0101366 0.996565 -0.0821943 -16.3079 -0.388824 -0.079658 -0.917862 10.3056 
-0.916081 0.0245938 0.400239 177.997 -0.00984476 0.996437 -0.0837619 -16.4203 -0.400873 -0.0806729 -0.912575 9.14555 
-0.910168 0.0266561 0.413381 178.526 -0.00948261 0.996325 -0.0851248 -16.5346 -0.414131 -0.0813978 -0.90657 7.99532 
-0.903725 0.0289391 0.427133 179.078 -0.00851136 0.996301 -0.0855097 -16.6473 -0.428028 -0.0809128 -0.900136 6.8348 
-0.897406 0.0283923 0.440291 179.657 -0.00917989 0.99651 -0.0829706 -16.7638 -0.44111 -0.0785002 -0.894013 5.69465 
-0.890761 0.0304904 0.453447 180.238 -0.00841021 0.99647 -0.0835252 -16.8819 -0.454394 -0.0782146 -0.887361 4.5791 
-0.883632 0.0330008 0.467018 180.828 -0.00629666 0.996585 -0.0823353 -16.9999 -0.46814 -0.0756948 -0.880406 3.47068 
-0.876106 0.0347336 0.480866 181.436 -0.00469863 0.996739 -0.0805564 -17.1037 -0.482096 -0.0728353 -0.873086 2.3827 
-0.868239 0.0367252 0.494786 182.07 -0.00207738 0.996979 -0.0776456 -17.2154 -0.496142 -0.0684428 -0.865539 1.29896 
-0.860131 0.039646 0.508531 182.716 0.000971395 0.9971 -0.0760929 -17.3211 -0.510073 -0.0649558 -0.857675 0.236786 
-0.853301 0.038741 0.519978 183.56 0.000410044 0.997285 -0.0736301 -17.5288 -0.521419 -0.0626154 -0.851 -0.811271 
-0.843282 0.0402981 0.535958 184.243 0.00156267 0.997365 -0.0725322 -17.6427 -0.537468 -0.0603276 -0.841123 -1.84905 
-0.834518 0.040638 0.549479 185.094 0.00215547 0.997509 -0.0704996 -17.8141 -0.550976 -0.0576488 -0.832527 -2.86875 
-0.823314 0.0430667 0.565949 185.829 0.0041455 0.997547 -0.0698791 -17.9119 -0.56757 -0.0551863 -0.821473 -3.89546 
-0.812445 0.0446549 0.581324 186.622 0.00473665 0.997535 -0.0700067 -18.0232 -0.583018 -0.0541231 -0.810655 -4.89518 
-0.800435 0.0462513 0.597632 187.398 0.00589731 0.997578 -0.069305 -18.137 -0.59939 -0.0519497 -0.798769 -5.86935 
-0.786826 0.0474015 0.615352 188.163 0.00748483 0.997706 -0.0672843 -18.2277 -0.61713 -0.0483352 -0.785375 -6.83097 
-0.771652 0.0490544 0.63415 188.916 0.00976307 0.997817 -0.0653058 -18.3248 -0.63597 -0.0442021 -0.770447 -7.74817 
-0.754941 0.05224 0.653708 189.699 0.0120541 0.997759 -0.0658135 -18.4177 -0.655681 -0.0418055 -0.753879 -8.64843 
-0.737288 0.0555004 0.673295 190.502 0.0130656 0.997605 -0.0679263 -18.5103 -0.675452 -0.0412842 -0.736247 -9.54791 
-0.719874 0.0560943 0.691834 191.339 0.0126927 0.997626 -0.0676811 -18.609 -0.693988 -0.0399406 -0.718877 -10.3951 
-0.701288 0.0561862 0.71066 192.198 0.0119245 0.997674 -0.0671109 -18.7031 -0.712778 -0.0385898 -0.700327 -11.2156 
-0.681304 0.0559436 0.72986 193.072 0.0104609 0.997717 -0.06671 -18.7922 -0.731926 -0.0378148 -0.680334 -12.0229 
-0.660852 0.056334 0.748399 193.945 0.00847262 0.997675 -0.0676163 -18.8826 -0.750468 -0.0383435 -0.659793 -12.7847 
-0.640004 0.0559385 0.766332 194.857 0.00603432 0.997682 -0.0677863 -18.9742 -0.768348 -0.0387592 -0.638858 -13.5339 
-0.618941 0.0558072 0.783452 195.788 0.00439596 0.997703 -0.067596 -19.0627 -0.785425 -0.0383939 -0.617765 -14.2583 
-0.596103 0.0559634 0.800955 196.741 0.00400567 0.997763 -0.0667335 -19.1476 -0.802898 -0.0365717 -0.594994 -14.9643 
-0.571673 0.0566407 0.818524 197.702 0.00370077 0.997782 -0.0664605 -19.2414 -0.820473 -0.0349645 -0.570615 -15.6362 
-0.546259 0.0600579 0.83546 198.688 0.004885 0.997638 -0.0685222 -19.3207 -0.837602 -0.0333497 -0.545262 -16.2742 
-0.519691 0.0609733 0.852176 199.692 0.00356988 0.997596 -0.0692012 -19.3988 -0.854347 -0.032921 -0.518659 -16.8793 
-0.492339 0.0600689 0.868328 200.727 0.000778333 0.997646 -0.0685735 -19.4809 -0.870403 -0.0330856 -0.491227 -17.4597 
-0.464334 0.0579708 0.883761 201.756 0.000506977 0.997873 -0.0651897 -19.5788 -0.88566 -0.0298217 -0.463376 -17.9836 
-0.436152 0.0590822 0.897931 202.774 0.000896966 0.99787 -0.0652224 -19.6659 -0.899873 -0.0276414 -0.435276 -18.4322 
-0.405829 0.0618775 0.911852 203.819 0.00011794 0.997709 -0.0676513 -19.7445 -0.913949 -0.0273473 -0.404907 -18.8741 
-0.375925 0.0619093 0.92458 204.74 0.00428912 0.997871 -0.065073 -19.8619 -0.92664 -0.0204969 -0.37539 -19.2182 
-0.346321 0.061437 0.936102 205.557 0.00777301 0.998007 -0.0626242 -19.9398 -0.938084 -0.0144117 -0.346108 -19.5161 
-0.314372 0.060989 0.947339 206.637 0.00842706 0.998074 -0.0614589 -20.0323 -0.949263 -0.0113376 -0.31428 -19.8525 
-0.2811 0.0603704 0.957778 207.762 0.00886411 0.99814 -0.0603131 -20.1057 -0.959637 -0.00846416 -0.281113 -20.1759 
-0.248199 0.0580557 0.966968 208.793 0.00806993 0.998292 -0.0578651 -20.1904 -0.968675 -0.00655868 -0.248244 -20.4202 
-0.215275 0.0566816 0.974907 209.766 0.00969077 0.998389 -0.0559071 -20.2532 -0.976505 -0.00258778 -0.215477 -20.6178 
-0.181351 0.0554367 0.981855 210.778 0.0105512 0.998462 -0.0544256 -20.3413 -0.983362 0.00048962 -0.181657 -20.7931 
-0.14817 0.0550056 0.987431 211.741 0.0108134 0.998482 -0.0539987 -20.3936 -0.988903 0.00267653 -0.14854 -20.9071 
-0.114779 0.0544979 0.991895 212.674 0.0114778 0.9985 -0.0535327 -20.456 -0.993325 0.00524028 -0.115233 -20.9895 
-0.0799701 0.0539377 0.995337 213.77 0.0111335 0.998521 -0.0532158 -20.544 -0.996735 0.0068259 -0.0804523 -21.0675 
-0.0474453 0.0536367 0.997433 214.759 0.0111082 0.998524 -0.053167 -20.5858 -0.998812 0.0085572 -0.0479711 -21.0798 
-0.0141949 0.0529953 0.998494 215.881 0.00998271 0.998552 -0.0528566 -20.6544 -0.999849 0.00921739 -0.0147033 -21.0759 
0.0179115 0.0525751 0.998456 216.932 0.00932872 0.998564 -0.0527482 -20.7393 -0.999796 0.0102591 0.0173954 -21.0312 
0.0475295 0.0512174 0.997556 217.926 0.0109043 0.998598 -0.0517906 -20.8304 -0.99881 0.0133392 0.0469044 -20.8711 
0.0768369 0.0490111 0.995838 218.886 0.012545 0.998664 -0.0501182 -20.8832 -0.996965 0.0163438 0.0761194 -20.7253 
0.104511 0.0474184 0.993393 219.886 0.0134614 0.998704 -0.0490882 -20.9719 -0.994433 0.0185027 0.103737 -20.493 
0.133742 0.0481255 0.989847 220.958 0.0140686 0.998627 -0.0504534 -21.0235 -0.990916 0.0206735 0.132882 -20.3198 
0.162519 0.0478539 0.985544 221.976 0.0170198 0.998539 -0.0512916 -21.0642 -0.986559 0.0251096 0.161467 -20.1093 
0.191227 0.0475884 0.980391 222.988 0.0197049 0.998436 -0.0523079 -21.1009 -0.981348 0.0293212 0.189991 -19.8613 
0.220258 0.047072 0.974305 224.047 0.0210585 0.998373 -0.0529955 -21.1455 -0.975214 0.0321901 0.218908 -19.5862 
0.24882 0.0451754 0.967496 225.061 0.0222878 0.99838 -0.0523496 -21.2498 -0.968293 0.034589 0.24741 -19.273 
0.278339 0.0442068 0.959465 226.128 0.025596 0.998244 -0.053419 -21.3204 -0.960142 0.039427 0.276719 -18.9538 
0.307589 0.043359 0.950531 227.233 0.0263941 0.998188 -0.0540741 -21.3959 -0.951153 0.041721 0.305888 -18.6046 
0.33552 0.0414508 0.941121 228.278 0.0272755 0.998185 -0.0536882 -21.47 -0.941638 0.043683 0.333781 -18.2123 
0.363059 0.0406722 0.930878 229.304 0.0266855 0.998183 -0.0540209 -21.5519 -0.931384 0.0444537 0.361314 -17.77 
0.390666 0.042021 0.919573 230.323 0.0282864 0.997938 -0.0576192 -21.6144 -0.920098 0.0485212 0.388672 -17.2879 
0.418978 0.0431069 0.906972 231.333 0.0298017 0.997681 -0.0611853 -21.6923 -0.907507 0.0526647 0.416722 -16.805 
0.446203 0.0415567 0.893966 232.37 0.0303479 0.997644 -0.0615238 -21.7911 -0.894417 0.0545821 0.443891 -16.2584 
0.473024 0.0385373 0.880206 233.404 0.0315676 0.99766 -0.0606442 -21.8844 -0.880484 0.0564722 0.470701 -15.6827 
0.498488 0.0360968 0.866145 234.399 0.0317421 0.997703 -0.059848 -21.9582 -0.866315 0.0573267 0.496197 -15.0813 
0.522435 0.0360766 0.851916 235.436 0.030288 0.997689 -0.0608239 -22.0474 -0.852141 0.0575793 0.520134 -14.4468 
0.543904 0.0360024 0.838375 236.435 0.0288942 0.997683 -0.0615891 -22.135 -0.83865 0.0577227 0.541604 -13.7797 
0.564006 0.0347996 0.825037 237.44 0.0284936 0.997696 -0.0615609 -22.205 -0.825279 0.0582289 0.561715 -13.0611 
0.582712 0.03188 0.812053 238.438 0.028202 0.997835 -0.0594107 -22.3026 -0.812189 0.0575208 0.580551 -12.3165 
0.600867 0.0289963 0.798823 239.449 0.0296899 0.997843 -0.0585531 -22.3683 -0.798798 0.0588995 0.598709 -11.5543 
0.617525 0.026087 0.786119 240.411 0.030798 0.997881 -0.0573073 -22.4548 -0.785948 0.0595995 0.615413 -10.779 
0.633028 0.0234423 0.773774 241.311 0.0329114 0.997823 -0.0571553 -22.5402 -0.773429 0.0616468 0.630878 -10.0102 
0.648599 0.0232038 0.760776 242.184 0.0322318 0.997801 -0.0579125 -22.6179 -0.760447 0.0620832 0.646425 -9.25661 
0.664264 0.0216598 0.747184 243.091 0.0329629 0.997759 -0.0582285 -22.6966 -0.746771 0.0633084 0.662061 -8.43921 
0.679324 0.0190755 0.733591 243.967 0.0325085 0.997898 -0.0560521 -22.7805 -0.733118 0.0619255 0.677276 -7.59749 
0.694449 0.0161683 0.71936 244.867 0.0330935 0.997972 -0.054378 -22.8567 -0.71878 0.0615689 0.692506 -6.71681 
0.709093 0.0137151 0.704982 245.724 0.0341682 0.997968 -0.0537826 -22.9357 -0.704287 0.0622248 0.707183 -5.83299 
0.723117 0.0129843 0.690604 246.547 0.0355918 0.997795 -0.0560276 -23.0175 -0.689808 0.0650943 0.72106 -4.94194 
0.736173 0.0117784 0.676691 247.378 0.0363736 0.997715 -0.0569372 -23.0995 -0.675815 0.0665292 0.734062 -4.01576 
0.748469 0.0112872 0.663073 248.206 0.0356014 0.997729 -0.0571705 -23.1792 -0.662213 0.0663967 0.746368 -3.06141 
0.759962 0.00811923 0.649917 249.008 0.0365238 0.997808 -0.0551735 -23.2605 -0.64894 0.0656672 0.758 -2.09631 
0.771168 0.00578885 0.636605 249.801 0.0376849 0.99779 -0.0547239 -23.3365 -0.635515 0.0661917 0.769246 -1.11497 
0.781565 0.00494762 0.623804 250.584 0.0378871 0.997746 -0.0553824 -23.4168 -0.622672 0.0669191 0.779616 -0.108492 
0.791286 0.00228596 0.611442 251.355 0.0418027 0.997451 -0.0578274 -23.4951 -0.610016 0.0713179 0.789173 0.896521 
0.80041 -0.000801708 0.599452 252.105 0.0437934 0.997405 -0.0571407 -23.5699 -0.597851 0.071988 0.798368 1.90084 
0.808589 -0.0043998 0.588357 252.852 0.046849 0.997278 -0.0569278 -23.65 -0.586505 0.0735951 0.806595 2.96124 
0.816031 -0.00580695 0.577979 253.586 0.0479588 0.997182 -0.0576931 -23.7261 -0.576015 0.0747985 0.81401 4.01245 
0.821907 -0.0075851 0.569572 254.314 0.0489367 0.997155 -0.0573378 -23.808 -0.567516 0.0749993 0.819939 5.09013 
0.826262 -0.00843826 0.563222 255.043 0.0481425 0.997287 -0.055685 -23.8959 -0.561224 0.0731253 0.824427 6.18119 
0.829363 -0.00970776 0.558625 255.784 0.048333 0.997347 -0.054426 -23.9832 -0.556615 0.0721389 0.827633 7.30568 
0.832315 -0.0105409 0.554203 256.501 0.0488224 0.997327 -0.0543537 -24.0619 -0.552148 0.0722969 0.830605 8.38912 
0.835099 -0.0114311 0.54998 257.218 0.0492394 0.997324 -0.0540372 -24.1339 -0.547891 0.0722071 0.833428 9.48926 
0.837624 -0.0130472 0.546091 257.982 0.0494142 0.997426 -0.051964 -24.2294 -0.544007 0.0705109 0.836113 10.6515 
0.840319 -0.0149499 0.541885 258.813 0.0506856 0.997407 -0.0510828 -24.339 -0.539717 0.0703915 0.838899 11.8815 
0.842873 -0.0160483 0.537874 259.541 0.0518882 0.997321 -0.0515547 -24.4232 -0.535606 0.0713633 0.841447 13.0217 
0.845311 -0.0170003 0.534004 260.245 0.0524946 0.9973 -0.0513477 -24.4966 -0.531689 0.071437 0.843921 14.1499 
0.847664 -0.0169907 0.530261 260.945 0.0520173 0.997333 -0.0511972 -24.5776 -0.527977 0.0709808 0.846287 15.2938 
0.849943 -0.0174196 0.526587 261.647 0.0521321 0.997329 -0.0511527 -24.654 -0.524289 0.0709289 0.848581 16.4503 
0.851918 -0.0175609 0.52338 262.332 0.0520126 0.997333 -0.0511988 -24.7268 -0.521085 0.0708395 0.85056 17.6333 
0.852853 -0.0170255 0.521873 263.037 0.0512513 0.997371 -0.0512178 -24.8101 -0.519629 0.0704279 0.851484 18.9314 
