1 2.12261e-08 -2.11895e-08 0 2.12261e-08 1 2.10703e-08 0 -2.11895e-08 2.10703e-08 1 0 
1 -0.000636545 -0.000111407 -0.020878 0.000636739 0.999999 0.00136962 -0.0100231 0.000110492 -0.00136965 0.999999 1.35849 
0.999998 -0.00208297 -0.000434026 -0.051604 0.00208355 0.999997 0.0012512 -0.0119951 0.000431376 -0.00125206 0.999999 2.70736 
0.999994 -0.00359123 -0.000296816 -0.0779056 0.00359131 0.999994 0.000127933 -0.0246281 0.000296312 -0.000128956 1 4.04396 
0.999982 -0.00505285 -0.00318373 -0.0441928 0.00505331 0.999987 0.000124663 -0.0247864 0.00318301 -0.000140707 0.999995 5.75001 
0.999978 -0.00579835 -0.00310128 -0.0748743 0.00580062 0.999983 0.000709639 -0.0320592 0.00309707 -0.000727571 0.999995 7.09629 
0.99997 -0.00727201 -0.00277552 -0.101945 0.00727729 0.999972 0.00188117 -0.0476401 0.00276172 -0.00190127 0.999994 8.44355 
0.999967 -0.00750825 -0.00308915 -0.138136 0.00751491 0.99997 0.00213785 -0.0500519 0.00307296 -0.00216095 0.999993 9.83008 
0.999971 -0.00695265 -0.00307765 -0.175942 0.00695412 0.999976 0.000451046 -0.0708009 0.0030744 -0.000472393 0.999995 11.1859 
0.999986 -0.00433803 -0.00294414 -0.205663 0.00433286 0.999989 -0.00177369 -0.0882609 0.00295176 0.00176095 0.999994 12.5612 
0.999996 -0.00117629 -0.00261235 -0.237521 0.00116952 0.999996 -0.00260656 -0.110638 0.00261536 0.00260354 0.999993 13.9239 
0.999997 0.0010827 -0.00226686 -0.278298 -0.00108902 0.999996 -0.00280983 -0.130222 0.00226377 0.00281233 0.999994 15.2909 
0.999996 0.00231891 -0.00188303 -0.31482 -0.00232304 0.999995 -0.00221736 -0.146064 0.00187784 0.00222176 0.999996 16.6491 
0.999999 -0.00016194 -0.00143074 -0.349484 0.00016284 1 0.000598956 -0.169532 0.00143061 -0.000599146 0.999999 18.0516 
0.999989 -0.00450829 -0.00144439 -0.372212 0.00451187 0.999987 0.00245491 -0.186644 0.00143326 -0.00246135 0.999996 19.412 
0.999975 -0.00679838 -0.00169713 -0.397618 0.00679842 0.999977 -6.78796e-06 -0.200862 0.0016971 -4.70771e-06 0.999999 20.7741 
0.999962 -0.00850224 -0.00186406 -0.419949 0.00849887 0.999962 -0.00182982 -0.224232 0.00187951 0.00181396 0.999997 22.1457 
0.999979 -0.00628822 -0.00128715 -0.449903 0.00628404 0.999975 -0.0032545 -0.250688 0.00130754 0.00324639 0.999994 23.5151 
0.999994 -0.00345717 -0.000617697 -0.48072 0.00345641 0.999993 -0.0013038 -0.273408 0.000622158 0.0013017 0.999999 24.881 
0.999996 -0.00296278 -0.000402817 -0.496113 0.0029637 0.999993 0.00220573 -0.293407 0.000396237 -0.00220687 0.999998 26.2787 
0.999983 -0.00585551 0.000196546 -0.53006 0.00585464 0.999973 0.00436217 -0.314736 -0.000222126 -0.0043609 0.999991 27.6403 
0.999945 -0.0105166 -0.000261891 -0.552305 0.0105173 0.999941 0.00284421 -0.337407 0.000231922 -0.00284676 0.999996 29.0139 
0.999941 -0.0108583 -0.000263977 -0.579904 0.0108585 0.999941 0.000608163 -0.358702 0.000257316 -0.000610952 1 30.3765 
0.999938 -0.0110904 0.000400844 -0.602547 0.0110911 0.999937 -0.00184968 -0.379082 -0.000380347 0.00185406 0.999998 31.766 
0.999965 -0.0083241 0.00105843 -0.639019 0.00832715 0.999961 -0.00286975 -0.391648 -0.00103454 0.0028785 0.999995 33.1347 
0.999969 -0.0077474 0.0016214 -0.683287 0.00775496 0.999959 -0.00468093 -0.424989 -0.00158511 0.0046934 0.999988 34.5399 
0.999972 -0.00734122 0.00160313 -0.706674 0.00734857 0.999962 -0.00459593 -0.420067 -0.00156937 0.00460762 0.999988 35.9657 
0.999968 -0.00784091 0.001515 -0.742786 0.00784635 0.999963 -0.00358793 -0.434856 -0.00148686 0.00359974 0.999992 37.3889 
0.999977 -0.00671144 0.00130248 -0.775848 0.00671448 0.999975 -0.00230993 -0.450458 -0.00128698 0.00231867 0.999997 38.8034 
0.99999 -0.00427654 0.00141314 -0.806971 0.00427984 0.999988 -0.0023084 -0.463007 -0.00140329 0.00231447 0.999996 40.2284 
0.999997 -0.00176596 0.00170717 -0.837264 0.0017709 0.999994 -0.00287114 -0.484482 -0.00170213 0.0028742 0.999994 41.6573 
0.999999 0.00022333 0.00151612 -0.861648 -0.000219252 0.999996 -0.00266146 -0.49633 -0.00151675 0.00266116 0.999995 43.0821 
0.999999 0.000578275 0.00132639 -0.893842 -0.000574342 0.999996 -0.0029319 -0.498542 -0.00132812 0.00293118 0.999995 44.4855 
0.999999 -0.000134718 0.00114475 -0.926048 0.000138526 0.999995 -0.0032896 -0.515037 -0.00114434 0.0032898 0.999994 45.8961 
0.999999 -0.00110184 0.0003035 -0.946746 0.00110297 0.999993 -0.00362325 -0.544998 -0.000299547 0.00362362 0.999993 47.3143 
0.999999 -0.00171954 -0.00035083 -0.982139 0.0017183 0.999992 -0.00364005 -0.559656 0.000357044 0.00363949 0.999993 48.6985 
0.999998 -0.00156585 -0.00123088 -1.01747 0.00156264 0.999995 -0.00263148 -0.580267 0.00123495 0.00262959 0.999996 50.0861 
0.999997 -0.000948843 -0.00223467 -1.05253 0.000941912 0.999995 -0.0031198 -0.60352 0.00223758 0.00311773 0.999993 51.5006 
0.999993 -0.00101107 -0.00352746 -1.08588 0.00100174 0.999996 -0.00265562 -0.628309 0.00353009 0.00265211 0.99999 52.9258 
0.999989 -0.00089287 -0.00454957 -1.11854 0.00088417 0.999998 -0.0019232 -0.649849 0.00455124 0.0019192 0.999988 54.3707 
0.999983 -0.00258454 -0.00529603 -1.148 0.00257903 0.999996 -0.00105344 -0.674144 0.00529869 0.00103981 0.999985 55.8173 
0.999976 -0.00423645 -0.0055127 -1.19353 0.00423096 0.999991 -0.00101452 -0.693599 0.0055169 0.000991212 0.999984 57.208 
0.999961 -0.00655274 -0.00598853 -1.23046 0.00654328 0.999977 -0.00160585 -0.720097 0.00599887 0.00156664 0.999981 58.6256 
0.999946 -0.00839336 -0.00610045 -1.26607 0.00838531 0.999964 -0.00135026 -0.739335 0.00611152 0.00129907 0.999981 60.0371 
0.999937 -0.00962342 -0.0057201 -1.30073 0.00961953 0.999954 -0.000714372 -0.759128 0.00572666 0.000659345 0.999983 61.4931 
0.999925 -0.0111264 -0.00509433 -1.3503 0.0111251 0.999938 -0.000298092 -0.764115 0.00509729 0.000241437 0.999987 62.9374 
0.999909 -0.0126969 -0.0045483 -1.3804 0.0126932 0.999919 -0.000847577 -0.786228 0.00455865 0.00078981 0.999989 64.3766 
0.999881 -0.0147801 -0.00438918 -1.40308 0.0147732 0.99989 -0.00160468 -0.804096 0.00441237 0.00153969 0.999989 65.8073 
0.99989 -0.014414 -0.00359641 -1.45187 0.0144077 0.999895 -0.00177948 -0.847847 0.00362164 0.00172751 0.999992 67.25 
0.999906 -0.0135083 -0.00246047 -1.50206 0.0135023 0.999906 -0.0024694 -0.83227 0.00249356 0.00243599 0.999994 68.6266 
0.999947 -0.0101505 -0.00180847 -1.55444 0.0101478 0.999947 -0.00147473 -0.840264 0.0018233 0.00145634 0.999997 70.0705 
0.999972 -0.00741521 -0.000579766 -1.62085 0.00741494 0.999972 -0.000544565 -0.843014 0.000583746 0.000540293 1 71.4943 
0.999992 -0.00390124 0.000477899 -1.67179 0.00390162 0.999992 -0.000709212 -0.82611 -0.000475171 0.000711114 1 72.8462 
0.999999 -2.44839e-05 0.00127841 -1.71548 2.6624e-05 0.999999 -0.00164083 -0.811826 -0.00127841 0.0016409 0.999998 74.2095 
0.999994 0.00258687 0.00211125 -1.7715 -0.00258073 0.999993 -0.00288844 -0.793433 -0.00211875 0.00288302 0.999994 75.6074 
0.999986 0.004399 0.00306097 -1.80984 -0.0043893 0.999985 -0.00315378 -0.820419 -0.00307484 0.00314034 0.99999 77.0042 
0.999984 0.00441697 0.00354718 -1.85138 -0.00440555 0.999985 -0.0032085 -0.831881 -0.00356135 0.00319286 0.999989 78.424 
0.999989 0.00283689 0.00383093 -1.89363 -0.00282306 0.99999 -0.00359919 -0.852361 -0.00384115 0.00358837 0.999986 79.8459 
0.999991 0.00175598 0.0037598 -1.91842 -0.0017393 0.999989 -0.00442447 -0.885922 -0.00376757 0.00441793 0.999983 81.2542 
0.999993 0.00126681 0.00340766 -1.93826 -0.00125084 0.999988 -0.00467212 -0.910492 -0.00341358 0.00466787 0.999983 82.6423 
0.999995 0.00134226 0.00303875 -1.9585 -0.00132753 0.999987 -0.00482933 -0.936955 -0.00304524 0.00482532 0.999984 84.0604 
0.999996 0.000930277 0.00257788 -1.98995 -0.000916473 0.999985 -0.00533432 -0.962493 -0.00258284 0.00533198 0.999982 85.45 
0.999998 0.000888633 0.00192701 -2.02598 -0.000878218 0.999985 -0.00537699 -0.982834 -0.00193181 0.00537533 0.999984 86.8631 
1 -5.49289e-05 0.00100854 -2.06108 5.9635e-05 0.999989 -0.00462463 -1.01145 -0.00100831 0.00462473 0.999989 88.2428 
0.999996 -0.0028622 -3.79871e-05 -2.09231 0.00286207 0.999988 -0.00387599 -1.02598 4.90383e-05 0.0038759 0.999993 89.6095 
0.999985 -0.0052344 -0.00131731 -2.12192 0.00522946 0.999979 -0.00375779 -1.03992 0.00133691 0.00375088 0.999992 90.9939 
0.99997 -0.0074255 -0.00202422 -2.1471 0.00741771 0.999965 -0.00384644 -1.06307 0.00205267 0.00383136 0.999991 92.38 
0.999958 -0.0088822 -0.00247946 -2.17417 0.00887158 0.999952 -0.0042761 -1.09341 0.00251728 0.00425397 0.999988 93.7563 
0.999946 -0.0100719 -0.00245984 -2.21062 0.0100602 0.999938 -0.00475614 -1.12344 0.00250755 0.00473118 0.999986 95.088 
0.999949 -0.00971301 -0.00260386 -2.24113 0.00969866 0.999938 -0.00548315 -1.15284 0.00265692 0.00545766 0.999982 96.4357 
0.999948 -0.00993816 -0.0021969 -2.28193 0.00992442 0.999932 -0.00619799 -1.1678 0.0022583 0.00617591 0.999978 97.7435 
0.999953 -0.00940404 -0.00230536 -2.3089 0.00938789 0.999932 -0.00693692 -1.20364 0.0023704 0.00691499 0.999973 99.1134 
0.999966 -0.0081022 -0.00183461 -2.3465 0.00808952 0.999944 -0.00683611 -1.22663 0.00188985 0.00682108 0.999975 100.468 
0.99997 -0.00759696 -0.00133655 -2.39433 0.00758963 0.999956 -0.00543338 -1.25836 0.00137773 0.00542312 0.999984 101.839 
0.999979 -0.00644195 -0.00110476 -2.43426 0.00643709 0.99997 -0.00438566 -1.27553 0.00113294 0.0043785 0.99999 103.188 
0.999973 -0.00735 -0.000479913 -2.47956 0.00734705 0.999955 -0.00596301 -1.29163 0.000523678 0.00595937 0.999982 104.507 
0.999973 -0.0074101 -7.34954e-05 -2.51801 0.00740927 0.999938 -0.00835812 -1.3157 0.000135383 0.00835739 0.999965 105.832 
0.999967 -0.00808339 -0.000236288 -2.54759 0.00808084 0.999923 -0.00942561 -1.35143 0.000312418 0.00942343 0.999956 107.182 
0.999942 -0.0107937 -9.16535e-05 -2.58003 0.0107926 0.999908 -0.00823122 -1.37976 0.000180448 0.00822979 0.999966 108.502 
0.999916 -0.0129403 0.000694043 -2.60624 0.0129445 0.999896 -0.00630876 -1.40976 -0.000612376 0.00631725 0.99998 109.845 
0.999885 -0.015076 0.00160625 -2.63172 0.0150848 0.999871 -0.00557316 -1.44592 -0.00152206 0.00559679 0.999983 111.194 
0.999877 -0.015488 0.00265969 -2.65549 0.0155065 0.999855 -0.00708498 -1.47736 -0.00254961 0.00712539 0.999971 112.519 
0.999904 -0.0134158 0.00343662 -2.68275 0.0134478 0.999865 -0.00947467 -1.51115 -0.00330908 0.00952002 0.999949 113.863 
0.999925 -0.0112292 0.00495015 -2.70709 0.011286 0.999869 -0.0116028 -1.54766 -0.00481925 0.0116578 0.99992 115.195 
0.999947 -0.0080825 0.0063478 -2.72937 0.00815715 0.999897 -0.0118162 -1.58226 -0.00625168 0.0118674 0.99991 116.554 
0.999943 -0.00701973 0.00801482 -2.75533 0.00709735 0.999928 -0.00969101 -1.62703 -0.00794625 0.00974739 0.999921 117.933 
0.999933 -0.00714946 0.00907769 -2.76613 0.00721737 0.999946 -0.00746584 -1.65827 -0.00902387 0.0075309 0.999931 119.322 
0.999922 -0.00763216 0.00986409 -2.7836 0.00770314 0.999945 -0.007174 -1.68922 -0.00980883 0.00724947 0.999926 120.705 
0.999913 -0.00721548 0.011072 -2.79969 0.00730227 0.999943 -0.00781442 -1.72175 -0.011015 0.00789463 0.999908 122.035 
0.999906 -0.00547426 0.0125802 -2.83189 0.00557857 0.99995 -0.00826872 -1.76095 -0.0125344 0.00833816 0.999887 123.363 
0.999898 -0.00323989 0.0139392 -2.85527 0.00336384 0.999955 -0.00887487 -1.78935 -0.0139099 0.0089209 0.999864 124.738 
0.99988 -0.00222259 0.0153121 -2.87044 0.00237644 0.999947 -0.0100335 -1.82167 -0.015289 0.0100688 0.999832 126.09 
0.999865 -0.00114836 0.0164056 -2.88369 0.00132917 0.999939 -0.0110121 -1.85221 -0.016392 0.0110325 0.999805 127.448 
0.999842 -0.00227925 0.0176593 -2.9 0.00247742 0.999934 -0.0112054 -1.88323 -0.0176326 0.0112474 0.999781 128.82 
0.999822 -0.00287101 0.0186527 -2.90772 0.00305992 0.999944 -0.0101052 -1.9185 -0.0186227 0.0101605 0.999775 130.152 
0.999799 -0.00395567 0.0196477 -2.91648 0.00414251 0.999947 -0.00947605 -1.94734 -0.0196092 0.00955558 0.999762 131.55 
0.999786 -0.00456278 0.0201814 -2.92546 0.00474893 0.999947 -0.00918341 -1.97979 -0.0201384 0.00927733 0.999754 132.916 
0.999771 -0.00682731 0.0202847 -2.9246 0.00701507 0.999933 -0.00919754 -2.01115 -0.0202206 0.00933778 0.999752 134.276 
0.999765 -0.00811222 0.0200824 -2.9267 0.00828918 0.999927 -0.0087417 -2.04286 -0.0200101 0.00890616 0.99976 135.633 
0.999765 -0.00939988 0.0195435 -2.93365 0.00958271 0.999911 -0.00928057 -2.07252 -0.0194546 0.00946571 0.999766 137.009 
0.999767 -0.0109075 0.0186382 -2.94191 0.0110837 0.999895 -0.00937554 -2.10561 -0.018534 0.00957998 0.999782 138.385 
0.999766 -0.0124373 0.0176931 -2.95549 0.0125938 0.999882 -0.00876243 -2.12873 -0.0175821 0.00898325 0.999805 139.724 
0.999762 -0.0139104 0.0168348 -2.96966 0.0140597 0.999863 -0.00877909 -2.15653 -0.0167104 0.00901373 0.99982 141.077 
0.999774 -0.0144376 0.0155952 -2.98165 0.0145785 0.999854 -0.00895325 -2.18061 -0.0154637 0.00917863 0.999838 142.412 
0.999783 -0.0142658 0.0151962 -3.03159 0.0144191 0.999846 -0.0100229 -2.1802 -0.0150509 0.0102398 0.999834 143.663 
0.999795 -0.014357 0.0142815 -3.047 0.0145093 0.999838 -0.0106152 -2.20583 -0.0141268 0.0108203 0.999842 145.008 
0.999771 -0.0166973 0.0134078 -3.05468 0.0168713 0.999774 -0.0129705 -2.2423 -0.0131882 0.0131938 0.999826 146.352 
0.999678 -0.0220925 0.0125061 -3.06571 0.0222588 0.999664 -0.0133164 -2.27812 -0.0122077 0.0135905 0.999833 147.685 
0.999478 -0.0302421 0.0113281 -3.06258 0.0303651 0.99948 -0.0108407 -2.31612 -0.0109944 0.0111791 0.999877 149.01 
0.99928 -0.0367095 0.00956449 -3.06205 0.0368012 0.999277 -0.00959328 -2.34564 -0.00920544 0.0099384 0.999908 150.355 
0.999156 -0.0401637 0.00861792 -3.06756 0.0402736 0.999105 -0.0129731 -2.38525 -0.0080892 0.0133093 0.999879 151.689 
0.999178 -0.0395456 0.00897336 -3.08108 0.0396886 0.999078 -0.016357 -2.42244 -0.00831828 0.0166998 0.999826 153.021 
0.999279 -0.036693 0.00980038 -3.09693 0.0368658 0.999157 -0.0180659 -2.47703 -0.00912927 0.0184142 0.999789 154.369 
0.999275 -0.0363527 0.0113031 -3.13838 0.0365564 0.999163 -0.018372 -2.50781 -0.0106258 0.0187719 0.999767 155.684 
0.999135 -0.0396987 0.0123959 -3.16903 0.0398794 0.999097 -0.0146826 -2.55224 -0.0118019 0.0151643 0.999815 157.004 
0.998883 -0.0454672 0.0128971 -3.18734 0.0456179 0.998891 -0.0116314 -2.59512 -0.012354 0.0122067 0.999849 158.337 
0.998695 -0.0493618 0.0131311 -3.19826 0.0494975 0.998722 -0.0102108 -2.63193 -0.0126104 0.0108475 0.999862 159.671 
0.998606 -0.0510977 0.0132491 -3.20379 0.0512326 0.998636 -0.0100503 -2.67044 -0.0127176 0.0107151 0.999862 161.029 
0.998688 -0.0491288 0.0144337 -3.20994 0.0492663 0.998742 -0.00932599 -2.70603 -0.0139574 0.0100249 0.999852 162.395 
0.998829 -0.0457034 0.0158542 -3.23284 0.0458685 0.998895 -0.0102099 -2.74014 -0.0153701 0.0109252 0.999822 163.768 
0.998944 -0.0427201 0.0168874 -3.25043 0.0429255 0.999006 -0.0119932 -2.78492 -0.0163583 0.0127055 0.999786 165.108 
0.999039 -0.0400967 0.017702 -3.26421 0.040323 0.999107 -0.0126164 -2.81935 -0.0171804 0.0133181 0.999764 166.47 
0.999085 -0.0385032 0.0186028 -3.34218 0.0387228 0.999183 -0.0115878 -2.85701 -0.0181414 0.0122975 0.99976 167.934 
0.999142 -0.0368288 0.0189226 -3.41591 0.0370602 0.999241 -0.0120224 -2.90204 -0.0184655 0.0127134 0.999749 169.379 
0.999225 -0.0341823 0.0195225 -3.52835 0.0344606 0.999307 -0.0140959 -2.99262 -0.0190272 0.0147578 0.99971 170.86 
0.999323 -0.0310576 0.0197242 -3.61225 0.0313939 0.999363 -0.0169709 -3.0276 -0.0191846 0.0175787 0.999661 172.313 
0.999461 -0.0264692 0.0194283 -3.62593 0.0268285 0.99947 -0.0184657 -3.06362 -0.0189293 0.018977 0.999641 173.732 
0.999541 -0.0227403 0.0200049 -3.67613 0.0230883 0.999583 -0.0173412 -3.09689 -0.0196022 0.0177951 0.99965 175.148 
0.999585 -0.0202155 0.0205277 -3.69491 0.0205361 0.999669 -0.0155279 -3.133 -0.0202071 0.0159431 0.999669 176.578 
0.9996 -0.0198766 0.0201371 -3.68397 0.0201492 0.999707 -0.0134248 -3.16894 -0.0198644 0.0138252 0.999707 178.037 
0.999536 -0.0233763 0.0195378 -3.71245 0.0236264 0.999641 -0.0126659 -3.20556 -0.0192347 0.0131217 0.999729 179.51 
0.999518 -0.0253169 0.0179581 -3.73347 0.0255471 0.999593 -0.0127078 -3.24832 -0.0176291 0.0131605 0.999758 180.974 
0.99955 -0.0252801 0.0161185 -3.739 0.0255559 0.999527 -0.0171358 -3.29709 -0.0156777 0.0175401 0.999723 182.413 
0.999609 -0.0238104 0.0146744 -3.75304 0.0241231 0.999478 -0.0215135 -3.33951 -0.0141545 0.0218591 0.999661 183.857 
0.999718 -0.0191524 0.0140124 -3.76327 0.0194623 0.999561 -0.0223223 -3.38664 -0.0135788 0.0225888 0.999653 185.274 
0.999777 -0.0157727 0.0140635 -3.79561 0.0160738 0.999639 -0.0215526 -3.42924 -0.0137185 0.0217738 0.999669 186.721 
0.999796 -0.0143762 0.0142024 -3.80757 0.0146321 0.99973 -0.0180796 -3.47434 -0.0139387 0.0182837 0.999736 188.111 
0.999787 -0.0145184 0.0146473 -3.84322 0.0147552 0.99976 -0.0161918 -3.50575 -0.0144087 0.0164045 0.999762 189.498 
0.999773 -0.0154489 0.0147086 -3.85782 0.015677 0.999757 -0.0155176 -3.52972 -0.0144654 0.0157447 0.999771 190.976 
0.999745 -0.0172577 0.0145662 -3.85449 0.0174771 0.999734 -0.0150701 -3.56617 -0.0143022 0.0153209 0.99978 192.434 
0.99969 -0.0200963 0.014735 -3.86068 0.0203107 0.999688 -0.0145491 -3.60605 -0.0144381 0.0148439 0.999786 193.847 
0.999629 -0.0228314 0.0148629 -3.86267 0.0230475 0.999629 -0.0145303 -3.64964 -0.0145256 0.0148675 0.999784 195.285 
0.999538 -0.0263612 0.0151406 -3.86602 0.0265676 0.999555 -0.0135916 -3.68176 -0.0147756 0.0139876 0.999793 196.741 
0.999414 -0.0304252 0.0156552 -3.87663 0.030616 0.999458 -0.0120926 -3.72044 -0.0152788 0.0125649 0.999804 198.16 
0.999321 -0.0332225 0.0159554 -3.87551 0.0334202 0.999366 -0.0122868 -3.75846 -0.0155371 0.0128117 0.999797 199.619 
0.999377 -0.0313431 0.0162552 -3.87394 0.0316157 0.999359 -0.0167922 -3.7953 -0.0157185 0.0172957 0.999727 201.038 
0.999563 -0.024341 0.0167698 -3.88329 0.0247053 0.999456 -0.0218675 -3.84139 -0.0162284 0.0222723 0.99962 202.444 
0.999718 -0.0155756 0.017943 -3.89677 0.0159674 0.999633 -0.0219061 -3.89237 -0.0175953 0.0221865 0.999599 203.841 
0.999786 -0.00847252 0.0188918 -3.91506 0.00881923 0.999793 -0.0183429 -3.93933 -0.0187325 0.0185057 0.999653 205.283 
0.99978 -0.00727212 0.0196607 -3.9164 0.00759297 0.999838 -0.0162924 -3.98282 -0.0195391 0.0164382 0.999674 206.741 
0.999773 -0.00931447 0.0191841 -3.9159 0.00961903 0.999828 -0.0158429 -4.02598 -0.0190333 0.0160239 0.99969 208.189 
0.999756 -0.0126892 0.0181064 -3.91657 0.0129764 0.999791 -0.0158291 -4.06999 -0.0179018 0.0160602 0.999711 209.628 
0.999744 -0.0147129 0.0171802 -3.91236 0.0149943 0.999754 -0.0163651 -4.11679 -0.0169352 0.0166185 0.999719 211.081 
0.999758 -0.014458 0.0165934 -3.91477 0.0147382 0.999749 -0.0168881 -4.1599 -0.0163451 0.0171286 0.99972 212.535 
0.999778 -0.0131674 0.0164301 -3.91726 0.0134441 0.999768 -0.0168439 -4.20123 -0.0162045 0.0170611 0.999723 213.999 
0.99979 -0.0121073 0.0165234 -3.92661 0.0123735 0.999794 -0.0161009 -4.24474 -0.0163251 0.016302 0.999734 215.469 
0.999786 -0.0129453 0.0161474 -3.92627 0.0132139 0.999774 -0.0166381 -4.2956 -0.0159284 0.016848 0.999731 216.934 
0.999785 -0.0135412 0.0157314 -3.92788 0.0138173 0.99975 -0.0175776 -4.33848 -0.0154894 0.0177912 0.999722 218.422 
0.999772 -0.0148765 0.0152965 -3.9251 0.015153 0.999721 -0.018116 -4.36744 -0.0150228 0.0183437 0.999719 219.906 
0.99978 -0.0147405 0.014946 -3.92819 0.0150129 0.99972 -0.0182745 -4.40774 -0.0146725 0.0184949 0.999721 221.39 
0.999784 -0.0146392 0.014756 -3.93272 0.0149132 0.999715 -0.0186333 -4.45381 -0.0144791 0.0188494 0.999718 222.893 
0.999785 -0.0147129 0.0145902 -3.94072 0.0149866 0.99971 -0.0188293 -4.50173 -0.0143089 0.019044 0.999716 224.375 
0.999808 -0.0135562 0.0141803 -3.94954 0.0138282 0.999719 -0.0192598 -4.55582 -0.0139152 0.0194522 0.999714 225.875 
0.999806 -0.0140973 0.013723 -3.95794 0.0143619 0.999709 -0.0193726 -4.60775 -0.013446 0.0195659 0.999718 227.349 
0.999819 -0.0134552 0.0134342 -3.96358 0.0137146 0.999718 -0.0194048 -4.6584 -0.0131694 0.0195856 0.999721 228.85 
0.99981 -0.0143355 0.0132012 -3.9669 0.014591 0.999704 -0.0194628 -4.71002 -0.0129183 0.0196517 0.999723 230.359 
0.99979 -0.0155466 0.0133228 -3.97593 0.0158076 0.999681 -0.0197079 -4.76029 -0.0130122 0.0199144 0.999717 231.864 
0.999776 -0.0165331 0.0132475 -3.9799 0.0167908 0.999667 -0.019577 -4.80686 -0.0129195 0.0197951 0.999721 233.378 
0.999743 -0.0181285 0.01364 -3.99501 0.0183834 0.999654 -0.0187972 -4.85793 -0.0132946 0.0190432 0.99973 234.875 
0.999741 -0.0183908 0.0133993 -3.99923 0.0186398 0.999651 -0.0187004 -4.90625 -0.0130508 0.0189454 0.999735 236.398 
0.999745 -0.018177 0.0133917 -4.00924 0.018432 0.999646 -0.019169 -4.95501 -0.0130385 0.019411 0.999727 237.915 
0.999736 -0.0183006 0.0139308 -4.03538 0.0185727 0.999634 -0.019657 -5.00939 -0.013566 0.0199106 0.99971 239.406 
0.999748 -0.0172413 0.0143923 -4.04829 0.0175135 0.999666 -0.0190016 -5.06146 -0.0140599 0.0192489 0.999716 240.908 
0.99974 -0.0169888 0.0151994 -4.06083 0.017245 0.999709 -0.0168854 -5.1139 -0.0149082 0.0171431 0.999742 242.426 
0.999727 -0.0172821 0.0157226 -4.067 0.017541 0.99971 -0.0164762 -5.16159 -0.0154333 0.0167476 0.999741 243.944 
0.999719 -0.0172291 0.0162689 -4.07831 0.0175204 0.999686 -0.0179346 -5.22207 -0.0159549 0.0182146 0.999707 245.462 
0.99971 -0.0172786 0.0168006 -4.08656 0.0175978 0.999664 -0.0190394 -5.27975 -0.016466 0.0193296 0.999678 246.971 
0.999717 -0.0165127 0.0171001 -4.0913 0.0168347 0.99968 -0.0188572 -5.32738 -0.0167833 0.0191398 0.999676 248.498 
0.999718 -0.0166978 0.0168708 -4.09185 0.017004 0.99969 -0.018168 -5.36928 -0.0165622 0.0184498 0.999693 250.037 
0.999724 -0.0167371 0.0164613 -4.08872 0.0170287 0.999698 -0.0177338 -5.4253 -0.0161595 0.0180093 0.999707 251.581 
0.999741 -0.016158 0.0160086 -4.08756 0.0164433 0.999705 -0.0178514 -5.47626 -0.0157154 0.01811 0.999713 253.128 
0.999758 -0.0147998 0.0162589 -4.09872 0.0150894 0.999727 -0.0178357 -5.52598 -0.0159906 0.0180768 0.999709 254.657 
0.999775 -0.0134322 0.0164038 -4.10311 0.0137251 0.999746 -0.0178752 -5.57954 -0.0161595 0.0180964 0.999706 256.195 
0.999777 -0.0133504 0.0163715 -4.10645 0.0136416 0.999749 -0.0178017 -5.63158 -0.0161298 0.0180211 0.999708 257.746 
0.999761 -0.0146178 0.0162844 -4.10284 0.0149058 0.999732 -0.017705 -5.68296 -0.0160213 0.0179436 0.999711 259.286 
0.999738 -0.0160862 0.0162593 -4.10572 0.0163643 0.99972 -0.0171164 -5.73318 -0.0159794 0.017378 0.999721 260.821 
0.9997 -0.0183536 0.016221 -4.09822 0.018619 0.999693 -0.0163642 -5.789 -0.0159157 0.0166614 0.999735 262.391 
0.999682 -0.0197682 0.0156898 -4.09164 0.0200363 0.999653 -0.017112 -5.84346 -0.0153461 0.017421 0.999731 263.936 
0.999662 -0.0207688 0.0156685 -4.09724 0.0210523 0.999614 -0.0181478 -5.8961 -0.0152855 0.0184716 0.999713 265.483 
0.999619 -0.0224298 0.0161191 -4.0987 0.0226934 0.999609 -0.0163533 -5.95204 -0.0157461 0.0167129 0.999736 267.044 
0.999556 -0.0248055 0.0164997 -4.10047 0.025049 0.999578 -0.0147133 -5.99891 -0.0161278 0.0151201 0.999756 268.609 
0.99952 -0.0262075 0.0165348 -4.11051 0.0264644 0.999529 -0.015511 -6.0467 -0.0161206 0.0159411 0.999743 270.186 
0.999507 -0.0262006 0.0173011 -4.12178 0.0264865 0.999513 -0.0165067 -6.10044 -0.0168602 0.0169569 0.999714 271.686 
0.999517 -0.0252954 0.0180704 -4.12829 0.0255994 0.999531 -0.0167964 -6.15548 -0.0176371 0.0172509 0.999696 273.207 
0.999562 -0.0224092 0.0193184 -4.14735 0.0227396 0.999596 -0.0170529 -6.21169 -0.0189285 0.0174848 0.999668 274.782 
0.99957 -0.0210855 0.0203647 -4.16779 0.0214418 0.999618 -0.017436 -6.27 -0.0199893 0.0178652 0.999641 276.354 
0.999565 -0.0198411 0.0218028 -4.19592 0.0202327 0.999635 -0.0178892 -6.32308 -0.02144 0.0183226 0.999602 277.927 
0.999568 -0.0188852 0.0225352 -4.19249 0.0193004 0.999645 -0.0183508 -6.37296 -0.0221807 0.0187778 0.999578 279.486 
0.999547 -0.0189688 0.0233685 -4.1948 0.0194138 0.999632 -0.0189624 -6.42747 -0.0230002 0.0194076 0.999547 281.039 
0.999519 -0.018929 0.0245476 -4.19578 0.019414 0.999618 -0.0196694 -6.48581 -0.024166 0.0201366 0.999505 282.626 
0.999485 -0.0194382 0.0255147 -4.18911 0.0199371 0.999612 -0.0194465 -6.5385 -0.0251269 0.0199452 0.999485 284.205 
0.999436 -0.020815 0.0263497 -4.18873 0.0213117 0.999598 -0.0187105 -6.58483 -0.0259497 0.0192615 0.999478 285.779 
0.999396 -0.0225085 0.0264768 -4.17484 0.0230004 0.999566 -0.018421 -6.64194 -0.0260507 0.0190189 0.99948 287.377 
0.999371 -0.0235671 0.0264901 -4.16983 0.0241228 0.999491 -0.0208569 -6.69737 -0.0259852 0.0214829 0.999432 288.986 
0.999325 -0.0250411 0.0268728 -4.19712 0.0256627 0.999405 -0.0230425 -6.7591 -0.0262799 0.0237167 0.999373 290.588 
0.999334 -0.0252754 0.0263306 -4.19725 0.0258871 0.999397 -0.0231541 -6.81254 -0.0257296 0.0238203 0.999385 292.092 
0.999309 -0.0270188 0.0255302 -4.20788 0.0276143 0.999348 -0.0232683 -6.8595 -0.0248849 0.0239573 0.999403 293.599 
0.999342 -0.0265909 0.0246742 -4.20869 0.027184 0.999342 -0.0240195 -6.91324 -0.0240193 0.0246745 0.999407 295.165 
0.999343 -0.026777 0.0244069 -4.21816 0.0273721 0.999328 -0.0243825 -6.96516 -0.0237376 0.0250346 0.999405 296.731 
0.999339 -0.027305 0.0239897 -4.23009 0.027885 0.999319 -0.0241812 -7.01738 -0.0233131 0.0248342 0.99942 298.312 
0.999348 -0.0278689 0.0229578 -4.22786 0.0284192 0.999308 -0.0240013 -7.08041 -0.0222731 0.0246381 0.999448 299.896 
0.999348 -0.0285595 0.0221111 -4.2395 0.0290651 0.999315 -0.0228927 -7.13546 -0.0214422 0.0235204 0.999493 301.453 
0.999407 -0.0267357 0.0217089 -4.25433 0.0272119 0.999389 -0.0219392 -7.18459 -0.0211091 0.0225169 0.999524 303.059 
0.999384 -0.0265756 0.022907 -4.28974 0.0270776 0.999394 -0.0218845 -7.23968 -0.0223115 0.0224914 0.999498 304.631 
0.999377 -0.0257604 0.0241468 -4.30721 0.0263019 0.999403 -0.0223838 -7.29112 -0.0235558 0.023005 0.999458 306.237 
0.999326 -0.0266801 0.0252096 -4.3426 0.0272527 0.999372 -0.0226469 -7.34671 -0.0245895 0.0233187 0.999426 307.787 
0.999251 -0.0285764 0.0261023 -4.37374 0.0291971 0.999292 -0.0237154 -7.40156 -0.0254061 0.0244598 0.999378 309.34 
0.999168 -0.0298895 0.0277552 -4.45935 0.0305899 0.999215 -0.0251599 -7.50924 -0.0269815 0.0259881 0.999298 310.888 
0.999157 -0.0302307 0.0277591 -4.44925 0.0309587 0.999178 -0.0261817 -7.5704 -0.0269448 0.027019 0.999272 312.439 
0.999243 -0.0292104 0.0257138 -4.45254 0.0299113 0.99918 -0.0273072 -7.63509 -0.0248951 0.0280557 0.999296 314.04 
0.999316 -0.0278232 0.0243594 -4.50188 0.0284782 0.999231 -0.0269627 -7.69547 -0.0235905 0.027638 0.99934 315.638 
0.99934 -0.0269392 0.0243706 -4.53138 0.0275214 0.999336 -0.0238752 -7.74421 -0.0237113 0.0245302 0.999418 317.221 
0.999284 -0.028398 0.0249836 -4.52692 0.028918 0.999367 -0.0207024 -7.80649 -0.0243799 0.0214101 0.999474 318.808 
0.999238 -0.029205 0.0259093 -4.58431 0.0297384 0.999349 -0.0204467 -7.84003 -0.0252953 0.0212017 0.999455 320.427 
0.999202 -0.0299267 0.0264636 -4.58577 0.0305056 0.999298 -0.0217462 -7.89617 -0.0257942 0.0225361 0.999413 322.051 
0.99914 -0.0312286 0.0272663 -4.59449 0.0318285 0.999255 -0.0218494 -7.95055 -0.0265637 0.0226985 0.999389 323.696 
0.999109 -0.0313757 0.028213 -4.61952 0.0319924 0.999253 -0.0216776 -8.00187 -0.0275118 0.0225609 0.999367 325.346 
0.999071 -0.0318611 0.0290284 -4.62693 0.0325015 0.999233 -0.0218609 -8.04593 -0.0283096 0.0227841 0.99934 326.996 
0.999094 -0.0301729 0.0300299 -4.64877 0.0308679 0.99926 -0.0229547 -8.10936 -0.0293151 0.0238609 0.999285 328.66 
0.999076 -0.0295533 0.0312087 -4.65125 0.0302949 0.999263 -0.0235616 -8.16634 -0.0304894 0.0244853 0.999235 330.285 
0.999004 -0.0307387 0.0323534 -4.64979 0.0314549 0.999266 -0.0218646 -8.22715 -0.0316576 0.0228606 0.999237 331.953 
0.998947 -0.0319434 0.0329244 -4.67241 0.0326534 0.999241 -0.0212546 -8.28329 -0.0322205 0.0223074 0.999232 333.652 
0.998897 -0.0331233 0.0332945 -4.66998 0.0338788 0.999175 -0.022386 -8.34826 -0.0325256 0.0234893 0.999195 335.292 
0.998919 -0.03212 0.0336079 -4.65431 0.0328792 0.999211 -0.0222866 -8.40846 -0.0328656 0.0233676 0.999187 336.911 
0.998963 -0.0304484 0.0338448 -4.6524 0.0312807 0.999214 -0.0243392 -8.46555 -0.0330772 0.0253727 0.999131 338.536 
0.99903 -0.0280765 0.0339238 -4.65207 0.0290226 0.999194 -0.0277235 -8.5253 -0.0331181 0.0286812 0.99904 340.211 
0.999087 -0.0264005 0.0335825 -4.63701 0.0273273 0.99925 -0.0274443 -8.59045 -0.0328328 0.028337 0.999059 341.834 
0.99912 -0.0258877 0.0330121 -4.65702 0.0267026 0.999343 -0.0244881 -8.63546 -0.0323565 0.0253481 0.999155 343.524 
0.999171 -0.0249678 0.0321456 -4.63875 0.0256669 0.999439 -0.0215213 -8.70601 -0.0315903 0.0223286 0.999252 345.146 
0.999211 -0.0247751 0.0310449 -4.59826 0.0254882 0.999415 -0.0227865 -8.76847 -0.0304622 0.0235598 0.999258 346.794 
0.999247 -0.0249565 0.0296951 -4.58142 0.0256845 0.999373 -0.0243903 -8.8335 -0.0290678 0.0251347 0.999261 348.391 
0.999269 -0.0259591 0.0280575 -4.56516 0.0266206 0.99937 -0.0234647 -8.89361 -0.0274308 0.0241945 0.999331 350.042 
0.999252 -0.0273539 0.0273513 -4.55959 0.0279896 0.999341 -0.0231336 -8.95652 -0.0267005 0.0238819 0.999358 351.705 
0.999248 -0.0278935 0.0269377 -4.54715 0.0285432 0.999303 -0.0240405 -9.01602 -0.0262484 0.0247914 0.999348 353.331 
0.999237 -0.0285588 0.0266466 -4.52265 0.029224 0.999262 -0.0249159 -9.08178 -0.0259154 0.0256757 0.999334 354.965 
0.999232 -0.0285215 0.0268798 -4.51521 0.0292055 0.999251 -0.0254071 -9.14082 -0.0261351 0.0261727 0.999316 356.637 
0.999211 -0.0291587 0.0269509 -4.50097 0.0298557 0.99922 -0.0258286 -9.19437 -0.0261768 0.0266129 0.999303 358.201 
0.999202 -0.02954 0.0268804 -4.48437 0.0302486 0.999195 -0.0263452 -9.26374 -0.0260806 0.0271373 0.999291 359.792 
0.999178 -0.0304042 0.0268071 -4.47287 0.0311286 0.99915 -0.0270303 -9.32471 -0.0259625 0.0278426 0.999275 361.369 
0.999154 -0.0313139 0.0266689 -4.45285 0.0320295 0.999127 -0.02684 -9.38657 -0.0258051 0.0276715 0.999284 362.935 
0.999151 -0.0314575 0.0265895 -4.4301 0.0321865 0.999105 -0.027446 -9.45869 -0.0257024 0.0282785 0.99927 364.519 
0.999099 -0.0331345 0.0265327 -4.40833 0.0338981 0.999008 -0.0288651 -9.52425 -0.02555 0.0297385 0.999231 366.114 
0.999061 -0.0341582 0.0266475 -4.39263 0.0348864 0.999017 -0.0273572 -9.58985 -0.0256869 0.0282612 0.999271 367.725 
0.998999 -0.0359715 0.0265902 -4.38337 0.0366815 0.99897 -0.02671 -9.65175 -0.0256021 0.0276586 0.99929 369.343 
0.998926 -0.0381018 0.0263688 -4.36128 0.0388243 0.998869 -0.0274513 -9.71387 -0.025293 0.0284456 0.999275 370.872 
0.998959 -0.0370279 0.0266482 -4.34699 0.0377763 0.99889 -0.0281506 -9.77232 -0.0255763 0.029128 0.999248 372.417 
0.998999 -0.0357187 0.026913 -4.33394 0.0364511 0.998964 -0.0272333 -9.84301 -0.0259124 0.0281871 0.999267 373.973 
0.999047 -0.0340899 0.0272626 -4.31619 0.0348147 0.999041 -0.0265664 -9.91541 -0.0263309 0.0274903 0.999275 375.593 
0.99907 -0.0328797 0.0279047 -4.30354 0.0336329 0.99907 -0.0269669 -9.9804 -0.0269921 0.0278804 0.999247 377.166 
0.999056 -0.033203 0.0280103 -4.28798 0.0339855 0.999032 -0.0279368 -10.0503 -0.0270556 0.0288624 0.999217 378.761 
0.999075 -0.0325468 0.0281218 -4.26699 0.0333442 0.999041 -0.0283662 -10.1199 -0.0271717 0.0292777 0.999202 380.389 
0.99907 -0.03231 0.0285389 -4.24909 0.0331227 0.999046 -0.0284776 -10.1954 -0.0275916 0.0293964 0.999187 382.002 
0.999121 -0.0304107 0.0288485 -4.23815 0.0312399 0.999099 -0.0287403 -10.2683 -0.0279485 0.0296163 0.999171 383.636 
0.999154 -0.0293193 0.0288418 -4.21425 0.0301379 0.999143 -0.0283664 -10.3414 -0.0279855 0.0292117 0.999181 385.247 
0.999174 -0.0283676 0.0290812 -4.20077 0.0292149 0.999148 -0.0291358 -10.4109 -0.02823 0.0299614 0.999152 386.89 
0.999185 -0.0277585 0.0293135 -4.18812 0.0286305 0.999147 -0.0297571 -10.484 -0.0284625 0.0305721 0.999127 388.497 
0.999183 -0.0269531 0.0301143 -4.20333 0.0278514 0.999167 -0.0298158 -10.5543 -0.0292856 0.0306302 0.999102 390.09 
0.99921 -0.0257139 0.0302993 -4.18873 0.026595 0.999224 -0.0290445 -10.6253 -0.029529 0.0298274 0.999119 391.729 
0.999237 -0.0241702 0.0306741 -4.1775 0.0250603 0.999266 -0.0289701 -10.6993 -0.0299514 0.0297168 0.99911 393.38 
0.999243 -0.0236001 0.0309222 -4.15823 0.0245109 0.999267 -0.0294135 -10.7766 -0.0302055 0.0301492 0.999089 395.008 
0.999244 -0.0237438 0.0307945 -4.13161 0.0246466 0.999268 -0.0292744 -10.845 -0.0300769 0.0300113 0.999097 396.652 
0.999256 -0.0228612 0.0310679 -4.11504 0.0237634 0.999297 -0.0289865 -10.9233 -0.0303834 0.0297033 0.999097 398.282 
0.999257 -0.0222325 0.0314775 -4.09279 0.0231719 0.999287 -0.0297987 -11.0205 -0.0307926 0.030506 0.99906 399.937 
0.999238 -0.022387 0.0319602 -4.07916 0.0233737 0.999251 -0.0308386 -11.0968 -0.0312459 0.0315622 0.999013 401.559 
0.999215 -0.0229737 0.0322769 -4.06007 0.0239629 0.999245 -0.0305985 -11.184 -0.0315496 0.031348 0.999011 403.189 
0.999199 -0.0233389 0.0325213 -4.04263 0.0242898 0.99928 -0.0291576 -11.2659 -0.0318174 0.0299242 0.999046 404.842 
0.999146 -0.0251198 0.032793 -4.02307 0.0260342 0.999276 -0.0277618 -11.3385 -0.0320719 0.0285919 0.999077 406.498 
0.999101 -0.0266293 0.0329743 -3.98493 0.0275654 0.99922 -0.028266 -11.4223 -0.0321959 0.0291496 0.999056 408.11 
0.999048 -0.0283164 0.0332006 -3.96711 0.0292839 0.99915 -0.0290233 -11.5007 -0.0323505 0.029968 0.999027 409.762 
