1 2.12261e-08 -2.11895e-08 0 2.12261e-08 1 2.10703e-08 0 -2.11895e-08 2.10703e-08 1 0 
0.999997 -0.00175458 -0.00161796 -0.00776475 0.00175333 0.999998 -0.000797065 -0.0126555 0.00161932 0.000794268 0.999998 0.57947 
0.999994 -0.00237056 -0.00269262 -0.0242369 0.0023652 0.999995 -0.00200776 -0.03256 0.00269733 0.00200143 0.999994 1.15804 
0.999986 -0.00281203 -0.00457393 -0.0401792 0.0027975 0.999991 -0.0031887 -0.0497834 0.00458282 0.0031759 0.999984 1.73367 
0.999968 -0.00500017 -0.00617826 -0.06483 0.00496982 0.999976 -0.00492493 -0.0598327 0.0062027 0.00489411 0.999969 2.31452 
0.999944 -0.00760212 -0.00740674 -0.0892855 0.00755074 0.999947 -0.00694586 -0.0702743 0.00745911 0.00688958 0.999948 2.89236 
0.999923 -0.00890234 -0.00864459 -0.112464 0.00883777 0.999933 -0.0074834 -0.0867357 0.00871059 0.00740647 0.999935 3.47223 
0.99991 -0.00924428 -0.00975969 -0.138905 0.00917461 0.999932 -0.00716395 -0.0912735 0.00982521 0.0070738 0.999927 4.05503 
0.999893 -0.00977121 -0.0108918 -0.158138 0.00969105 0.999926 -0.00739139 -0.110055 0.0109631 0.00728509 0.999913 4.65078 
0.999893 -0.00878943 -0.0117186 -0.183475 0.0086708 0.999911 -0.0101399 -0.125378 0.0118066 0.0100373 0.99988 5.25586 
0.999896 -0.00715861 -0.0125293 -0.220024 0.0069826 0.999877 -0.0140386 -0.140647 0.0126282 0.0139497 0.999823 5.85659 
0.999896 -0.0055422 -0.0133496 -0.25367 0.00530129 0.999824 -0.0180174 -0.148733 0.013447 0.0179448 0.999749 6.47 
0.999892 -0.00388406 -0.0141576 -0.294231 0.00362675 0.999829 -0.0181584 -0.156422 0.0142257 0.0181052 0.999735 7.09311 
0.999882 -0.00167411 -0.0152491 -0.325602 0.00150009 0.999934 -0.0114183 -0.167164 0.0152672 0.0113941 0.999819 7.73889 
0.999873 -0.000805993 -0.0159089 -0.352792 0.000787824 0.999999 -0.00115089 -0.174439 0.0159098 0.00113826 0.999873 8.41549 
0.999866 0.000273953 -0.0163417 -0.394196 -0.000182087 0.999984 0.00562029 -0.191563 0.0163429 -0.00561652 0.999851 9.0905 
0.999844 0.002553 -0.017499 -0.423753 -0.002465 0.999984 0.00504624 -0.213783 0.0175116 -0.00500227 0.999834 9.78432 
0.999826 0.0046013 -0.0180657 -0.46284 -0.00464409 0.999987 -0.00232992 -0.218376 0.0180547 0.00241346 0.999834 10.4812 
0.999812 0.00415849 -0.0189528 -0.494236 -0.00431315 0.999958 -0.00812899 -0.225274 0.0189181 0.00820924 0.999787 11.199 
0.999799 0.00208567 -0.0199646 -0.528426 -0.00221678 0.999976 -0.00654918 -0.2273 0.0199505 0.00659216 0.999779 11.953 
0.99979 0.0011182 -0.0204577 -0.558311 -0.00106114 0.999996 0.00279765 -0.239947 0.0204607 -0.00277531 0.999787 12.7135 
0.999787 0.000658796 -0.0206157 -0.596456 -0.000444243 0.999946 0.0104081 -0.251796 0.0206214 -0.0103967 0.999733 13.4917 
0.999774 -0.000199534 -0.0212734 -0.630445 0.000475462 0.999916 0.0129644 -0.256638 0.021269 -0.0129715 0.99969 14.2992 
0.999766 -0.00211141 -0.02154 -0.655301 0.00237674 0.999922 0.0122976 -0.26407 0.0215123 -0.0123459 0.999692 15.0979 
0.999775 -0.00227426 -0.0210944 -0.685404 0.0024761 0.999951 0.00954556 -0.258459 0.0210716 -0.0095956 0.999732 15.9202 
0.999786 0.0001802 -0.0206719 -0.721229 -5.76422e-05 0.999982 0.00592712 -0.256515 0.0206725 -0.00592462 0.999769 16.7616 
0.999798 -0.00290301 -0.0198683 -0.747442 0.00291365 0.999996 0.000504571 -0.264869 0.0198667 -0.000562316 0.999803 17.6133 
0.999803 -0.00542068 -0.0191025 -0.7806 0.00531677 0.999971 -0.00548879 -0.279504 0.0191317 0.00538619 0.999803 18.4951 
0.999823 -0.00450682 -0.0182455 -0.807272 0.00430821 0.999931 -0.010912 -0.288794 0.0182933 0.0108315 0.999774 19.384 
0.99983 -0.00338235 -0.0181316 -0.841747 0.00317172 0.999927 -0.0116351 -0.305923 0.0181696 0.0115756 0.999768 20.2948 
0.999828 -0.00300409 -0.0182873 -0.877471 0.00280252 0.999935 -0.0110404 -0.326478 0.0183192 0.0109873 0.999772 21.2206 
0.99983 -0.00183331 -0.0183539 -0.916221 0.00160368 0.99992 -0.0125208 -0.346563 0.0183753 0.0124893 0.999753 22.1678 
0.999834 0.0011821 -0.0181982 -0.954457 -0.00144961 0.999891 -0.0146962 -0.367837 0.0181788 0.0147202 0.999726 23.1209 
0.999821 0.00472327 -0.0183444 -0.994922 -0.00500674 0.999868 -0.0154397 -0.39069 0.018269 0.0155289 0.999713 24.0836 
0.999815 0.00627888 -0.0181799 -1.04046 -0.00655745 0.999861 -0.0153066 -0.417394 0.0180812 0.0154231 0.999718 25.0682 
0.999803 0.00696558 -0.0185866 -1.07654 -0.00725136 0.999856 -0.0153548 -0.445032 0.0184769 0.0154866 0.999709 26.0533 
0.999795 0.0070239 -0.0189706 -1.11199 -0.00731588 0.999855 -0.0153686 -0.470476 0.0188599 0.0155042 0.999702 27.0511 
0.99978 0.00792659 -0.0194206 -1.15222 -0.0082079 0.999862 -0.0144507 -0.494429 0.0193033 0.0146069 0.999707 28.0614 
0.999771 0.00831748 -0.01971 -1.19331 -0.00856611 0.999884 -0.0125661 -0.521926 0.0196032 0.0127321 0.999727 29.0792 
0.999754 0.00900453 -0.0202659 -1.23114 -0.0092393 0.999891 -0.0115231 -0.546548 0.0201599 0.0117075 0.999728 30.1048 
0.999742 0.00865558 -0.0209927 -1.2633 -0.00891904 0.999882 -0.012491 -0.575876 0.0208821 0.0126751 0.999702 31.1317 
0.999716 0.0100685 -0.0215883 -1.2998 -0.010358 0.999857 -0.0133407 -0.6028 0.0214508 0.0135606 0.999678 32.1699 
0.999703 0.009797 -0.0223041 -1.33772 -0.0100789 0.99987 -0.0125655 -0.626628 0.0221781 0.0127866 0.999672 33.212 
0.999697 0.009127 -0.0228539 -1.38055 -0.00935791 0.999906 -0.0100192 -0.651219 0.0227603 0.0102301 0.999689 34.2613 
0.999683 0.00938114 -0.0233638 -1.42461 -0.00953163 0.999935 -0.00634024 -0.675236 0.0233027 0.00656097 0.999707 35.3234 
0.999669 0.0092426 -0.0240322 -1.46842 -0.00933276 0.99995 -0.00364414 -0.701814 0.0239972 0.00386726 0.999705 36.3924 
0.999656 0.00954174 -0.0244245 -1.51326 -0.00962946 0.999948 -0.00347783 -0.719692 0.02439 0.00371187 0.999696 37.4615 
0.999642 0.00926985 -0.0251161 -1.55435 -0.00939383 0.999944 -0.00482441 -0.742659 0.0250699 0.00505865 0.999673 38.539 
0.999622 0.00946485 -0.025797 -1.60242 -0.00960698 0.999939 -0.00539273 -0.760307 0.0257443 0.00563857 0.999653 39.6217 
0.999605 0.00930644 -0.0265388 -1.6476 -0.00942331 0.999946 -0.00428346 -0.778657 0.0264975 0.00453189 0.999639 40.7011 
0.999588 0.00948859 -0.0270751 -1.70646 -0.0095596 0.999951 -0.00249571 -0.7957 0.0270501 0.00275355 0.99963 41.797 
0.999577 0.00954945 -0.0274716 -1.7577 -0.0095553 0.999954 -8.34152e-05 -0.813912 0.0274695 0.000345922 0.999623 42.8834 
0.999553 0.0107018 -0.0279178 -1.80822 -0.010716 0.999943 -0.000360093 -0.835064 0.0279123 0.00065914 0.99961 43.9657 
0.99952 0.0122126 -0.0284691 -1.85875 -0.0123383 0.999915 -0.00424677 -0.856951 0.0284148 0.00459603 0.999586 45.0516 
0.999504 0.0136223 -0.0283924 -1.9132 -0.0138637 0.999869 -0.00832347 -0.879047 0.0282753 0.00871301 0.999562 46.1332 
0.999506 0.0136783 -0.0282907 -1.97085 -0.013931 0.999865 -0.00875563 -0.898228 0.0281671 0.00914547 0.999561 47.2275 
0.999496 0.014351 -0.0283002 -2.01936 -0.0145328 0.999875 -0.00623148 -0.922913 0.0282072 0.00663967 0.99958 48.3192 
0.999495 0.0148246 -0.0281177 -2.07276 -0.0149474 0.99988 -0.00416292 -0.947419 0.0280526 0.00458115 0.999596 49.4131 
0.999505 0.0131145 -0.0285926 -2.11314 -0.0132064 0.999908 -0.00303134 -0.967349 0.0285501 0.00340749 0.999587 50.5082 
0.999517 0.013494 -0.0279819 -2.1758 -0.0136077 0.9999 -0.00387895 -0.99426 0.0279267 0.00425789 0.999601 51.6225 
0.999529 0.0129268 -0.0278463 -2.22129 -0.0130809 0.9999 -0.00535843 -1.02271 0.0277742 0.0057202 0.999598 52.7138 
0.999534 0.013361 -0.0274483 -2.27719 -0.0135728 0.999879 -0.00754576 -1.04697 0.0273442 0.00791483 0.999595 53.8197 
0.999551 0.0123672 -0.0273021 -2.33095 -0.0126431 0.999871 -0.00996081 -1.07559 0.0271754 0.0103016 0.999578 54.9227 
0.999572 0.0113679 -0.026957 -2.38201 -0.0117344 0.99984 -0.0134793 -1.10653 0.0267995 0.0137899 0.999546 56.016 
0.999594 0.00950659 -0.0268611 -2.4284 -0.00991521 0.999837 -0.0151221 -1.13678 0.0267129 0.0153823 0.999525 57.1065 
0.999616 0.00765557 -0.0266484 -2.47343 -0.00799899 0.999886 -0.012806 -1.16958 0.0265473 0.0130143 0.999563 58.1874 
0.999631 0.00628198 -0.0264402 -2.51476 -0.00646559 0.999956 -0.00686587 -1.20078 0.0263959 0.00703433 0.999627 59.2711 
0.999644 0.0045631 -0.0262724 -2.56031 -0.00458893 0.999989 -0.00092453 -1.22219 0.0262678 0.00104481 0.999654 60.3737 
0.999653 0.0023612 -0.0262473 -2.61005 -0.00237705 0.999997 -0.000574274 -1.23409 0.0262458 0.000636508 0.999655 61.479 
0.999665 -0.000680489 -0.0258806 -2.66102 0.000590405 0.999994 -0.00348989 -1.25541 0.0258827 0.00347348 0.999659 62.5798 
0.999662 -0.00224137 -0.0259153 -2.70934 0.00206752 0.999975 -0.00673494 -1.27448 0.0259297 0.00667912 0.999641 63.6803 
0.999658 -0.000223903 -0.0261471 -2.75472 -5.68183e-05 0.999942 -0.0107366 -1.30638 0.026148 0.0107345 0.9996 64.7659 
0.999661 -3.03194e-06 -0.0260473 -2.81029 -0.000392072 0.999885 -0.0151652 -1.33202 0.0260443 0.0151703 0.999546 65.8661 
0.999674 0.00329719 -0.025315 -2.87263 -0.00369862 0.999868 -0.0158285 -1.36515 0.0252595 0.015917 0.999554 66.9812 
0.999672 0.00710602 -0.024608 -2.92182 -0.00740546 0.999899 -0.0121006 -1.39947 0.0245195 0.0122789 0.999624 68.0827 
0.999655 0.00855287 -0.0248298 -2.96558 -0.00879976 0.999913 -0.00985277 -1.43544 0.0247433 0.0100679 0.999643 69.18 
0.99966 0.00776361 -0.0249002 -3.01173 -0.00799524 0.999926 -0.00921791 -1.4604 0.0248268 0.0094139 0.999647 70.2865 
0.999661 0.0062075 -0.0252758 -3.05091 -0.0064225 0.999944 -0.00843574 -1.48904 0.025222 0.00859526 0.999645 71.3924 
0.999667 0.00484807 -0.0253546 -3.11149 -0.00503537 0.99996 -0.0073304 -1.50864 0.025318 0.00745567 0.999652 72.5119 
0.999669 0.00307347 -0.0255433 -3.16978 -0.00320965 0.999981 -0.00529368 -1.53389 0.0255265 0.00537396 0.99966 73.6262 
0.999657 0.00181147 -0.0261355 -3.23099 -0.00191006 0.999991 -0.0037496 -1.55779 0.0261284 0.00379827 0.999651 74.7436 
0.999645 0.00102949 -0.0266374 -3.28903 -0.00116089 0.999987 -0.0049195 -1.58676 0.026632 0.00494872 0.999633 75.8531 
0.999636 0.00143209 -0.0269353 -3.35257 -0.00166525 0.999961 -0.0086374 -1.61327 0.0269218 0.00867916 0.9996 76.9651 
0.99962 0.00177611 -0.0275176 -3.41476 -0.00207289 0.99994 -0.0107618 -1.63985 0.0274968 0.0108148 0.999563 78.0703 
0.999603 0.00360453 -0.0279556 -3.48081 -0.00386687 0.999949 -0.00933717 -1.66457 0.0279205 0.0094416 0.999566 79.1725 
0.999587 0.00455886 -0.0283747 -3.5463 -0.00470741 0.999976 -0.00517226 -1.68689 0.0283504 0.00530374 0.999584 80.2897 
0.999565 0.0061702 -0.0288476 -3.60456 -0.0062078 0.99998 -0.0012154 -1.71064 0.0288395 0.00139399 0.999583 81.3831 
0.999547 0.00718667 -0.0292149 -3.66608 -0.00721136 0.999974 -0.000741379 -1.7327 0.0292088 0.000951765 0.999573 82.4684 
0.999537 0.00689809 -0.0296497 -3.72304 -0.00698702 0.999971 -0.00289822 -1.75063 0.0296288 0.00310409 0.999556 83.5336 
0.999521 0.00693149 -0.0301752 -3.77605 -0.00704035 0.999969 -0.00350444 -1.77547 0.03015 0.00371525 0.999539 84.5773 
0.999509 0.00652372 -0.0306604 -3.82774 -0.00663558 0.999972 -0.00354919 -1.80189 0.0306364 0.00375094 0.999524 85.6307 
0.999497 0.00542658 -0.0312475 -3.88394 -0.00553617 0.999979 -0.00342299 -1.82053 0.0312283 0.0035943 0.999506 86.6701 
0.999482 0.0040554 -0.0319195 -3.93222 -0.00412578 0.999989 -0.0021407 -1.83958 0.0319104 0.00227133 0.999488 87.6903 
0.999466 0.00401044 -0.0324307 -3.98857 -0.00398639 0.999992 0.000804952 -1.87063 0.0324336 -0.000675198 0.999474 88.686 
0.999442 0.00291227 -0.0332695 -4.03949 -0.00286289 0.999995 0.00153066 -1.88857 0.0332737 -0.00143452 0.999445 89.6755 
0.99937 0.00186705 -0.0354291 -4.09233 -0.00180695 0.999997 0.00172716 -1.90929 0.0354321 -0.00166201 0.999371 90.6352 
0.999249 0.00130318 -0.0387298 -4.14231 -0.00125878 0.999999 0.00116964 -1.936 0.0387313 -0.00111996 0.999249 91.5775 
0.999106 0.00132966 -0.0422595 -4.19483 -0.00131379 0.999999 0.000402241 -1.96064 0.0422599 -0.000346318 0.999107 92.4986 
0.998972 0.00107512 -0.0453275 -4.25155 -0.00104448 0.999999 0.000698743 -1.98141 0.0453281 -0.000650637 0.998972 93.3931 
0.998814 0.00268518 -0.0486098 -4.30726 -0.00261255 0.999995 0.00155675 -1.99696 0.0486138 -0.00142787 0.998817 94.2687 
0.998666 0.00375343 -0.0515033 -4.37382 -0.0036295 0.99999 0.00249887 -2.01493 0.0515122 -0.00230856 0.99867 95.1326 
0.998507 0.00504345 -0.0543951 -4.43823 -0.00484408 0.999981 0.00379558 -2.02761 0.0544132 -0.00352637 0.998512 95.9776 
0.998349 0.00629491 -0.0570896 -4.49951 -0.00606133 0.999973 0.00426307 -2.0367 0.0571148 -0.00390995 0.99836 96.7834 
0.998193 0.00818125 -0.0595305 -4.56744 -0.00792156 0.999958 0.00459632 -2.05205 0.0595656 -0.00411639 0.998216 97.5554 
0.99802 0.00975967 -0.0621389 -4.63636 -0.00955213 0.999948 0.00363556 -2.07356 0.0621711 -0.00303476 0.998061 98.2931 
0.997855 0.011013 -0.0645309 -4.70617 -0.0110474 0.999939 -0.000176952 -2.09005 0.064525 0.000889516 0.997916 99.0132 
0.997642 0.0134029 -0.0673104 -4.76019 -0.0136969 0.999899 -0.00390944 -2.1094 0.0672511 0.00482221 0.997724 99.7084 
0.997503 0.0151825 -0.0689782 -4.83254 -0.0156913 0.999854 -0.00684215 -2.12388 0.0688642 0.00790747 0.997595 100.372 
0.997405 0.0171969 -0.0699063 -4.88693 -0.0177675 0.999814 -0.00754863 -2.14734 0.0697634 0.00877115 0.997525 101.005 
0.997422 0.0195142 -0.0690512 -4.94113 -0.0200617 0.999773 -0.00724419 -2.16314 0.0688941 0.00861085 0.997587 101.608 
0.997551 0.0232914 -0.0659552 -4.99881 -0.0237251 0.999702 -0.00580032 -2.18137 0.0658004 0.00735094 0.997806 102.19 
0.997843 0.0258797 -0.0603276 -5.04379 -0.0261845 0.999648 -0.00426667 -2.20337 0.0601959 0.00583715 0.99817 102.747 
0.99824 0.0270128 -0.0527988 -5.07927 -0.0271668 0.999629 -0.00220162 -2.22258 0.0527196 0.00363216 0.998603 103.283 
0.998711 0.0268362 -0.0430921 -5.10402 -0.0268448 0.99964 0.000376785 -2.23671 0.0430866 0.000780544 0.999071 103.784 
0.999157 0.0264238 -0.0314276 -5.11647 -0.0263895 0.999651 0.00150548 -2.24931 0.0314564 -0.000674808 0.999505 104.266 
0.999503 0.0258882 -0.0179625 -5.12533 -0.0258683 0.999665 0.00134018 -2.25641 0.0179911 -0.000874818 0.999838 104.717 
0.999664 0.0257645 -0.00286622 -5.12145 -0.0257626 0.999668 0.00070119 -2.27164 0.00288329 -0.000627072 0.999996 105.152 
0.999596 0.024088 0.0151034 -5.10846 -0.0240528 0.999708 -0.00250589 -2.28133 -0.0151594 0.00214164 0.999883 105.574 
0.99907 0.0234597 0.0361697 -5.08024 -0.0232159 0.999705 -0.00714482 -2.29571 -0.0363267 0.00629851 0.99932 105.986 
0.997929 0.0219171 0.0604822 -5.04242 -0.0212337 0.999704 -0.0119181 -2.30438 -0.0607255 0.0106092 0.998098 106.38 
0.995981 0.0197315 0.0873654 -4.98477 -0.0185161 0.999721 -0.0147001 -2.31578 -0.0876311 0.0130234 0.996068 106.775 
0.992975 0.0166803 0.117145 -4.91978 -0.0149281 0.999763 -0.0158188 -2.33046 -0.117382 0.013959 0.992989 107.151 
0.988661 0.0139842 0.14951 -4.8391 -0.0115026 0.999782 -0.0174499 -2.34716 -0.149721 0.0155323 0.988606 107.523 
0.982669 0.0113745 0.185018 -4.74067 -0.00802104 0.99979 -0.0188631 -2.3624 -0.185194 0.0170522 0.982554 107.892 
0.974714 0.00776062 0.223323 -4.63258 -0.0035846 0.999811 -0.0190986 -2.37942 -0.223429 0.0178151 0.974557 108.24 
0.964653 0.00560633 0.263464 -4.51221 -0.000374788 0.999802 -0.0199027 -2.39463 -0.263523 0.0191005 0.964464 108.583 
0.952301 0.00619903 0.305097 -4.38074 0.000142417 0.999785 -0.0207582 -2.41176 -0.30516 0.0198116 0.952095 108.913 
0.936905 0.00856278 0.349478 -4.2394 -0.00115291 0.99977 -0.021405 -2.42273 -0.349581 0.0196516 0.9367 109.232 
0.918947 0.00869609 0.394286 -4.08477 -0.000777028 0.999795 -0.0202396 -2.43238 -0.394381 0.0182928 0.918765 109.538 
0.898399 0.00839579 0.4391 -3.91739 8.67425e-05 0.999814 -0.0192943 -2.4386 -0.43918 0.0173721 0.898231 109.828 
0.874985 0.00706713 0.484099 -3.73427 0.00273217 0.999806 -0.0195338 -2.45236 -0.484143 0.0184145 0.874795 110.103 
0.849454 0.00779952 0.527605 -3.53838 0.00425953 0.999757 -0.0216371 -2.46553 -0.527645 0.0206271 0.849215 110.367 
0.821387 0.0100546 0.570283 -3.32892 0.00513466 0.999674 -0.0250206 -2.48033 -0.570349 0.0234798 0.821067 110.627 
0.790077 0.0147303 0.612831 -3.10879 0.00415272 0.99956 -0.0293796 -2.49377 -0.612994 0.0257571 0.789668 110.881 
0.755239 0.0211086 0.65511 -2.87408 0.00057387 0.99946 -0.0328655 -2.50822 -0.65545 0.0251973 0.754818 111.133 
0.717012 0.0260583 0.696573 -2.61547 -0.0013897 0.999353 -0.0359545 -2.51671 -0.697059 0.0248118 0.716584 111.38 
0.676891 0.0260657 0.735621 -2.3341 0.00176679 0.999312 -0.0370349 -2.52621 -0.736081 0.0263683 0.67638 111.607 
0.634827 0.0233814 0.7723 -2.03317 0.00644942 0.999347 -0.0355566 -2.53737 -0.772627 0.0275532 0.634262 111.817 
0.589838 0.0213238 0.80724 -1.71362 0.00829504 0.999439 -0.0324618 -2.54991 -0.807479 0.0258433 0.58933 112.023 
0.542385 0.019863 0.839895 -1.38713 0.00968969 0.999506 -0.029895 -2.55895 -0.840074 0.0243529 0.541925 112.211 
0.493334 0.0172361 0.869669 -1.06174 0.0106174 0.99961 -0.0258342 -2.58036 -0.869775 0.0219785 0.492959 112.374 
0.441542 0.0135591 0.897138 -0.72138 0.0122589 0.999701 -0.0211426 -2.60124 -0.897157 0.0203333 0.441244 112.518 
0.38912 0.0137721 0.921084 -0.374421 0.00990784 0.999768 -0.0191341 -2.61528 -0.921134 0.0165714 0.388893 112.643 
0.337269 0.0187198 0.941222 -0.021225 0.0058565 0.999741 -0.0219822 -2.63059 -0.94139 0.0129262 0.337072 112.753 
0.286209 0.0239253 0.957869 0.351844 0.00547339 0.999631 -0.0266039 -2.64192 -0.958152 0.0128571 0.285972 112.845 
0.238881 0.0261911 0.970696 0.748476 0.00706188 0.999563 -0.0287078 -2.65047 -0.971023 0.0137127 0.238592 112.924 
0.197022 0.0258551 0.980058 1.1882 0.0143753 0.999469 -0.029257 -2.66903 -0.980294 0.0198529 0.196546 112.999 
0.161732 0.0258355 0.986496 1.62859 0.0219451 0.999316 -0.029769 -2.68293 -0.986591 0.0264634 0.161055 113.044 
0.13106 0.0268827 0.99101 2.08163 0.0263289 0.999185 -0.0305864 -2.69884 -0.991025 0.0301009 0.130246 113.089 
0.102859 0.0255361 0.994368 2.5527 0.0243324 0.999307 -0.0281799 -2.71202 -0.994398 0.0270939 0.102167 113.133 
0.0770443 0.0219373 0.996786 3.04471 0.017543 0.999573 -0.0233545 -2.7327 -0.996873 0.019286 0.0766266 113.18 
0.0531782 0.0181385 0.99842 3.57099 0.0130685 0.999737 -0.0188584 -2.74244 -0.9985 0.0140507 0.0529271 113.22 
0.0305175 0.015625 0.999412 4.10257 0.0170488 0.999724 -0.0161504 -2.76362 -0.999389 0.0175316 0.0302427 113.23 
0.0101452 0.0163077 0.999816 4.63828 0.0249842 0.999551 -0.0165568 -2.77968 -0.999636 0.0251475 0.00973318 113.225 
-0.00721219 0.0191025 0.999792 5.21247 0.0306475 0.999352 -0.018873 -2.78614 -0.999504 0.030505 -0.00779296 113.219 
-0.0216643 0.0248468 0.999457 5.79353 0.0310721 0.999225 -0.0241675 -2.79521 -0.999282 0.0305316 -0.0224195 113.211 
-0.0325731 0.0294862 0.999034 6.40267 0.0282675 0.999192 -0.0285692 -2.81087 -0.99907 0.0273096 -0.0333803 113.203 
-0.0390307 0.0294909 0.998803 7.03298 0.0307746 0.999126 -0.0282978 -2.82477 -0.998764 0.0296333 -0.0399042 113.185 
-0.041592 0.0263044 0.998788 7.67672 0.0368394 0.999014 -0.0247763 -2.84754 -0.998455 0.0357643 -0.04252 113.158 
-0.0413931 0.0249995 0.99883 8.35271 0.0384818 0.998985 -0.0234086 -2.86422 -0.998402 0.0374678 -0.0423131 113.147 
-0.0395703 0.0246604 0.998912 9.02382 0.0370887 0.999043 -0.0231944 -2.88613 -0.998528 0.0361306 -0.0404471 113.134 
-0.0381261 0.0249874 0.998961 9.73328 0.0333052 0.999164 -0.0237213 -2.91362 -0.998718 0.0323662 -0.0389264 113.127 
-0.0371535 0.0262123 0.998966 10.4382 0.0321971 0.999168 -0.0250201 -2.93763 -0.998791 0.0312342 -0.0379666 113.118 
-0.0363567 0.0269294 0.998976 11.1663 0.0320135 0.999155 -0.0257691 -2.96328 -0.998826 0.0310439 -0.037188 113.108 
-0.0356873 0.0266999 0.999006 11.9184 0.0317343 0.999169 -0.0255706 -2.98526 -0.998859 0.0307902 -0.036505 113.1 
-0.0351694 0.0255442 0.999055 12.6848 0.0309393 0.999222 -0.0244592 -3.0098 -0.998902 0.0300498 -0.0359323 113.093 
-0.0349956 0.0243062 0.999092 13.4666 0.0317203 0.999228 -0.0231984 -3.04082 -0.998884 0.0308797 -0.0357396 113.091 
-0.0354207 0.0220586 0.999129 14.2618 0.0322536 0.999261 -0.020918 -3.07107 -0.998852 0.0314846 -0.036106 113.071 
-0.036304 0.0204758 0.999131 15.06 0.0298247 0.999367 -0.0193969 -3.09423 -0.998896 0.0290946 -0.0368917 113.051 
-0.0373474 0.0194766 0.999113 15.8768 0.0289965 0.99941 -0.0183984 -3.1196 -0.998882 0.0282836 -0.0378901 113.034 
-0.0381073 0.0169346 0.99913 16.6901 0.0312652 0.999387 -0.0157464 -3.14299 -0.998784 0.030638 -0.0386134 113.005 
-0.0388549 0.015558 0.999124 17.5205 0.0330268 0.999353 -0.0142772 -3.16374 -0.998699 0.0324432 -0.0393436 112.979 
-0.0406189 0.014855 0.999064 18.3518 0.0301724 0.999452 -0.013634 -3.19235 -0.998719 0.0295904 -0.0410448 112.962 
-0.041504 0.0195361 0.998947 19.1896 0.027138 0.999462 -0.0184186 -3.21824 -0.99877 0.026345 -0.0420118 112.946 
-0.0419895 0.0241383 0.998826 20.028 0.0283526 0.999334 -0.0229586 -3.24594 -0.998716 0.0273553 -0.042646 112.918 
-0.0427865 0.0256444 0.998755 20.8783 0.0286474 0.999291 -0.0244308 -3.27714 -0.998673 0.0275664 -0.0434908 112.892 
-0.0441625 0.0233747 0.998751 21.7259 0.0255209 0.999426 -0.022262 -3.30547 -0.998698 0.0245059 -0.0447337 112.872 
-0.0453546 0.0192994 0.998785 22.58 0.0225863 0.999578 -0.0182891 -3.33555 -0.998716 0.0217293 -0.0457713 112.856 
-0.0456858 0.0141817 0.998855 23.4307 0.0218356 0.999675 -0.0131945 -3.36227 -0.998717 0.0212078 -0.0459806 112.837 
-0.0461862 0.00877119 0.998894 24.2965 0.0179674 0.999807 -0.0079484 -3.38369 -0.998771 0.0175804 -0.0463349 112.821 
-0.0462718 0.0077269 0.998899 25.1483 0.0156938 0.999852 -0.00700725 -3.40509 -0.998806 0.0153523 -0.0463862 112.808 
-0.0456144 0.0145163 0.998854 25.9788 0.0185268 0.999735 -0.013683 -3.43668 -0.998787 0.0178815 -0.0458712 112.786 
-0.0446536 0.0257414 0.998671 26.8126 0.0208022 0.999475 -0.024832 -3.46222 -0.998786 0.0196657 -0.0451656 112.763 
-0.0443427 0.0310161 0.998535 27.6616 0.0231384 0.999282 -0.0300118 -3.4893 -0.998748 0.0217737 -0.0450285 112.748 
-0.0428844 0.0256133 0.998752 28.5096 0.0247279 0.999392 -0.024568 -3.52201 -0.998774 0.0236434 -0.0434917 112.723 
-0.0423113 0.0176021 0.998949 29.3545 0.0274134 0.999489 -0.0164505 -3.55854 -0.998728 0.0266885 -0.0427722 112.704 
-0.0420686 0.0147641 0.999006 30.1916 0.0286233 0.999498 -0.013566 -3.58796 -0.998705 0.0280241 -0.04247 112.683 
-0.042203 0.0154074 0.99899 31.0124 0.0272163 0.999528 -0.0142659 -3.61428 -0.998738 0.0265867 -0.0426024 112.662 
-0.0432225 0.0162772 0.998933 31.8284 0.0244998 0.999584 -0.0152277 -3.64045 -0.998765 0.0238155 -0.0436033 112.649 
-0.0451482 0.0164341 0.998845 32.6434 0.0220968 0.999637 -0.0154483 -3.66792 -0.998736 0.0213738 -0.0454949 112.629 
-0.0475058 0.0163397 0.998737 33.4552 0.0214287 0.999653 -0.0153353 -3.69633 -0.998641 0.0206731 -0.0478394 112.609 
-0.0495866 0.0165772 0.998632 34.2564 0.019733 0.999683 -0.0156148 -3.72737 -0.998575 0.0189317 -0.049898 112.583 
-0.0516342 0.0166164 0.998528 35.0663 0.0171131 0.99973 -0.0157515 -3.76045 -0.998519 0.0162746 -0.0519046 112.556 
-0.0536868 0.0159309 0.998431 35.8668 0.0154999 0.999766 -0.0151187 -3.78438 -0.998438 0.0146639 -0.0539211 112.529 
-0.0555085 0.0147497 0.998349 36.6523 0.01639 0.99977 -0.0138594 -3.81396 -0.998324 0.0155936 -0.0557375 112.496 
-0.0574986 0.014818 0.998236 37.4324 0.0159366 0.999776 -0.0139229 -3.84145 -0.998218 0.0151079 -0.0577219 112.464 
-0.0593911 0.0157033 0.998111 38.2129 0.0155422 0.99977 -0.0148046 -3.86981 -0.998114 0.0146336 -0.0596215 112.433 
-0.06001 0.0158337 0.998072 38.975 0.0157182 0.999765 -0.0149154 -3.8977 -0.998074 0.0147928 -0.0602447 112.389 
-0.0611549 0.0148416 0.998018 39.7491 0.0179362 0.999744 -0.0137681 -3.92524 -0.997967 0.0170587 -0.0614055 112.353 
-0.062346 0.0142079 0.997954 40.5159 0.0178971 0.999754 -0.0131154 -3.95137 -0.997894 0.0170427 -0.0625849 112.311 
-0.0635726 0.0140487 0.997878 41.2852 0.0169846 0.999771 -0.0129932 -3.97193 -0.997833 0.0161225 -0.0637967 112.278 
-0.0645852 0.0134402 0.997822 42.0356 0.0156858 0.999799 -0.0124515 -3.99081 -0.997789 0.0148474 -0.0647831 112.243 
-0.0654398 0.0124175 0.997779 42.7805 0.0146909 0.999826 -0.0114795 -4.01506 -0.997748 0.013907 -0.0656108 112.212 
-0.0661015 0.0122859 0.997737 43.496 0.0150176 0.999823 -0.0113166 -4.03783 -0.9977 0.0142355 -0.0662743 112.178 
-0.0664448 0.0150005 0.997677 44.2131 0.0155819 0.999781 -0.0139943 -4.06066 -0.997668 0.0146158 -0.066664 112.149 
-0.066516 0.0173882 0.997634 44.9064 0.0150982 0.999751 -0.0164184 -4.09014 -0.997671 0.0139704 -0.0667619 112.113 
-0.066745 0.0190208 0.997589 45.6129 0.0140563 0.999737 -0.0181213 -4.11576 -0.997671 0.0128129 -0.0669948 112.085 
-0.0669925 0.019751 0.997558 46.3178 0.0141767 0.999722 -0.0188418 -4.14268 -0.997653 0.0128798 -0.0672538 112.057 
-0.06723 0.0197446 0.997542 47.0107 0.0154978 0.999704 -0.0187428 -4.16431 -0.997617 0.0141996 -0.0675161 112.022 
-0.0675258 0.0194437 0.997528 47.6977 0.0162754 0.999699 -0.0183842 -4.18479 -0.997585 0.0149938 -0.0678219 111.988 
-0.0679174 0.0192066 0.997506 48.3762 0.0121136 0.999757 -0.0184251 -4.21386 -0.997617 0.010832 -0.0681336 111.961 
-0.0680081 0.0192531 0.997499 49.0603 0.00952951 0.999781 -0.0186474 -4.24581 -0.997639 0.00823751 -0.0681766 111.936 
-0.0679331 0.018173 0.997524 49.7423 0.0110797 0.999786 -0.0174596 -4.26789 -0.997628 0.00986619 -0.0681199 111.902 
-0.0687391 0.0175021 0.997481 50.4365 0.0118583 0.99979 -0.0167254 -4.29413 -0.997564 0.0106787 -0.0689322 111.871 
-0.0724538 0.0169662 0.997228 51.1141 0.00875911 0.999828 -0.016374 -4.31949 -0.997333 0.00754847 -0.0725899 111.841 
-0.0777099 0.0167515 0.996835 51.7787 0.00551276 0.999851 -0.0163724 -4.34199 -0.996961 0.00422302 -0.0777906 111.806 
-0.083474 0.0207899 0.996293 52.4482 0.00948422 0.999754 -0.0200674 -4.36317 -0.996465 0.00777395 -0.0836506 111.757 
-0.0898436 0.024221 0.995661 53.1174 0.0132384 0.999645 -0.0231233 -4.37582 -0.995868 0.0111034 -0.0901324 111.7 
-0.0970321 0.0257988 0.994947 53.794 0.0129079 0.999613 -0.0246609 -4.40168 -0.995198 0.0104498 -0.0973275 111.647 
-0.103544 0.0248743 0.994314 54.4694 0.00867418 0.999672 -0.024105 -4.43229 -0.994587 0.00612891 -0.103726 111.595 
-0.108601 0.0238488 0.993799 55.1529 0.0079977 0.999701 -0.0231164 -4.45982 -0.994053 0.00543764 -0.108759 111.529 
-0.113246 0.0241963 0.993272 55.8375 0.00537609 0.999704 -0.02374 -4.48716 -0.993552 0.00265145 -0.113343 111.462 
-0.117418 0.0237182 0.992799 56.5392 0.00299894 0.999719 -0.0235288 -4.51094 -0.993078 0.000214635 -0.117456 111.399 
-0.12004 0.0205422 0.992557 57.2449 0.00363416 0.999788 -0.0202523 -4.53548 -0.992762 0.00117603 -0.120089 111.326 
-0.121929 0.0175601 0.992384 57.9577 0.0054922 0.99984 -0.0170173 -4.55757 -0.992524 0.00337547 -0.122006 111.25 
-0.123462 0.0143793 0.992245 58.6725 0.00452895 0.999893 -0.0139266 -4.58681 -0.992339 0.00277442 -0.123514 111.177 
-0.124623 0.0143257 0.992101 59.3954 0.00302094 0.999897 -0.0140587 -4.60702 -0.9922 0.00124503 -0.124654 111.1 
-0.124826 0.0184224 0.992008 60.1278 0.00592376 0.999824 -0.0178221 -4.62575 -0.992161 0.00365174 -0.124913 111.021 
-0.124965 0.0225464 0.991905 60.8568 0.0118556 0.999704 -0.02123 -4.65433 -0.99209 0.00910657 -0.125195 110.94 
-0.125217 0.0274025 0.991751 61.5953 0.0198886 0.999487 -0.0251051 -4.68669 -0.99193 0.0165809 -0.125698 110.847 
-0.125923 0.0286581 0.991626 62.3397 0.0205328 0.999444 -0.0262766 -4.71249 -0.991827 0.017052 -0.126442 110.765 
-0.126322 0.026481 0.991636 63.0954 0.0184976 0.999533 -0.0243355 -4.73984 -0.991817 0.0152688 -0.126752 110.689 
-0.12635 0.0215199 0.991752 63.8455 0.0187346 0.999638 -0.0193042 -4.77181 -0.991809 0.016141 -0.126707 110.61 
-0.126365 0.0191198 0.9918 64.5922 0.0203779 0.999653 -0.0166749 -4.80293 -0.991775 0.0181036 -0.126711 110.528 
-0.127397 0.018889 0.991672 65.3355 0.0204713 0.999656 -0.0164112 -4.82926 -0.991641 0.0182101 -0.12774 110.445 
-0.12892 0.0200465 0.991452 66.0829 0.0198485 0.999648 -0.0176312 -4.85468 -0.991456 0.0174059 -0.129272 110.363 
-0.131043 0.02046 0.991166 66.8192 0.0183922 0.999665 -0.0182037 -4.88302 -0.991206 0.0158442 -0.131376 110.28 
-0.133238 0.0208145 0.990866 67.5637 0.0200845 0.999631 -0.0182979 -4.90836 -0.990881 0.0174631 -0.133607 110.193 
-0.135219 0.0209881 0.990594 68.2932 0.0207333 0.999617 -0.0183491 -4.93546 -0.990599 0.0180571 -0.135602 110.118 
-0.137263 0.0208135 0.990316 69.051 0.0208244 0.999619 -0.0181226 -4.95911 -0.990316 0.0181352 -0.137644 110.031 
-0.13866 0.0211464 0.990114 69.7878 0.0188957 0.999647 -0.0187037 -4.98513 -0.99016 0.0161154 -0.13901 109.94 
-0.139904 0.0226491 0.989906 70.553 0.0190854 0.999614 -0.0201738 -5.01161 -0.989981 0.0160704 -0.140283 109.852 
-0.140653 0.0230503 0.989791 71.3049 0.0176711 0.999628 -0.0207682 -5.03752 -0.989901 0.0145695 -0.141008 109.757 
-0.141996 0.0233077 0.989593 72.0749 0.0172827 0.999629 -0.0210641 -5.06731 -0.989716 0.0141119 -0.142346 109.669 
-0.143245 0.0214448 0.989455 72.8503 0.0173056 0.999667 -0.0191608 -5.09763 -0.989536 0.0143785 -0.143569 109.575 
-0.14433 0.0188791 0.98935 73.6156 0.0141885 0.999755 -0.0170077 -5.13307 -0.989428 0.0115826 -0.144562 109.477 
-0.146062 0.0167032 0.989134 74.3937 0.0110611 0.999823 -0.0152503 -5.15923 -0.989214 0.0087134 -0.146221 109.38 
-0.148365 0.0162605 0.988799 75.1826 0.0125829 0.999815 -0.0145536 -5.18485 -0.988853 0.0102827 -0.148542 109.279 
-0.150099 0.0166495 0.988531 75.9683 0.0136021 0.999798 -0.0147739 -5.2116 -0.988578 0.0112286 -0.150295 109.173 
-0.152414 0.0178319 0.988156 76.7763 0.0128082 0.999789 -0.0160662 -5.23976 -0.988234 0.0102078 -0.152611 109.069 
-0.153965 0.0215501 0.987841 77.5871 0.0140688 0.999709 -0.0196162 -5.26517 -0.987976 0.0108775 -0.154223 108.958 
-0.154339 0.0255137 0.987688 78.3864 0.0160493 0.999599 -0.0233134 -5.29172 -0.987888 0.0122535 -0.154687 108.841 
-0.155516 0.0294223 0.987395 79.2063 0.0166496 0.999492 -0.0271604 -5.32515 -0.987693 0.0122159 -0.155927 108.728 
-0.155139 0.0304751 0.987423 80.0351 0.0184448 0.999439 -0.027948 -5.36001 -0.987721 0.013877 -0.155614 108.611 
-0.154615 0.0296802 0.987529 80.8613 0.0221658 0.999401 -0.0265666 -5.39589 -0.987726 0.0177818 -0.15518 108.49 
-0.154351 0.0281284 0.987616 81.7115 0.0234119 0.999418 -0.0248055 -5.42506 -0.987739 0.0192932 -0.154919 108.372 
-0.15375 0.0265593 0.987753 82.5599 0.0229542 0.999465 -0.0233012 -5.45659 -0.987843 0.0190906 -0.154277 108.263 
-0.152112 0.0240035 0.988072 83.4136 0.0216232 0.999547 -0.0209534 -5.49109 -0.988127 0.018178 -0.152562 108.152 
-0.150485 0.0206981 0.988396 84.266 0.0220132 0.999603 -0.0175812 -5.52302 -0.988367 0.019112 -0.150881 108.039 
-0.149028 0.0171587 0.988684 85.1061 0.0222236 0.999655 -0.0139992 -5.55704 -0.988583 0.0198859 -0.149358 107.935 
-0.1473 0.016913 0.988947 85.9727 0.0204642 0.999692 -0.0140487 -5.58728 -0.98888 0.0181686 -0.147601 107.823 
-0.145923 0.0212408 0.989068 86.8092 0.0218569 0.999595 -0.0182421 -5.61476 -0.989054 0.018956 -0.146328 107.713 
-0.144288 0.0272892 0.989159 87.6539 0.0222361 0.999457 -0.0243297 -5.64973 -0.989286 0.0184845 -0.144817 107.615 
-0.143078 0.0309592 0.989227 88.5098 0.0195887 0.999403 -0.0284444 -5.6749 -0.989518 0.0153079 -0.143599 107.512 
-0.141635 0.0287864 0.9895 89.3745 0.0189876 0.999472 -0.0263586 -5.70664 -0.989737 0.0150549 -0.142106 107.407 
-0.140288 0.0260995 0.989767 90.2144 0.0196891 0.999528 -0.0235661 -5.74536 -0.989915 0.0161816 -0.140736 107.3 
-0.13972 0.0246082 0.989885 91.0789 0.0206278 0.999547 -0.0219368 -5.77814 -0.989976 0.0173541 -0.140164 107.195 
-0.139165 0.0242559 0.989972 91.9474 0.0194172 0.999575 -0.0217615 -5.81052 -0.990079 0.016194 -0.139576 107.095 
-0.138952 0.0241696 0.990004 92.7978 0.01872 0.999588 -0.021776 -5.84736 -0.990122 0.0155071 -0.139347 107.001 
-0.138234 0.0222572 0.990149 93.658 0.021956 0.999571 -0.0194036 -5.88769 -0.990156 0.0190575 -0.138664 106.898 
-0.136975 0.0216794 0.990337 94.5241 0.0250014 0.999518 -0.0184224 -5.92007 -0.990259 0.0222364 -0.137451 106.786 
-0.136254 0.0230473 0.990406 95.3894 0.0272587 0.999438 -0.0195074 -5.95372 -0.990299 0.0243393 -0.136806 106.681 
-0.135618 0.0250857 0.990444 96.2509 0.0278655 0.999381 -0.0214965 -5.98758 -0.990369 0.0246839 -0.136233 106.579 
-0.134749 0.0264705 0.990526 97.1082 0.0249452 0.999417 -0.0233146 -6.02139 -0.990566 0.0215672 -0.13533 106.477 
-0.134484 0.0223102 0.990665 97.9816 0.0200181 0.999604 -0.019794 -6.0576 -0.990714 0.0171692 -0.134877 106.391 
-0.135052 0.0202347 0.990632 98.8585 0.0149168 0.99972 -0.0183867 -6.09407 -0.990726 0.0122939 -0.135316 106.311 
-0.13625 0.0206236 0.99046 99.7117 0.0115065 0.999749 -0.0192341 -6.12655 -0.990608 0.00877604 -0.136453 106.215 
-0.137568 0.02513 0.990173 100.554 0.00807835 0.999673 -0.0242487 -6.16005 -0.990459 0.00466311 -0.137726 106.12 
-0.138318 0.0275711 0.990004 101.394 0.00727503 0.999614 -0.0268223 -6.19554 -0.990361 0.00349229 -0.138466 106.019 
-0.138871 0.0279376 0.989916 102.228 0.00776317 0.999602 -0.0271219 -6.23425 -0.99028 0.00391844 -0.139033 105.919 
-0.139329 0.027128 0.989875 103.042 0.00834917 0.999621 -0.0262199 -6.27878 -0.990211 0.00461144 -0.139502 105.815 
-0.139923 0.0279105 0.989769 103.859 0.00941116 0.999595 -0.0268571 -6.31409 -0.990118 0.00555696 -0.140129 105.712 
-0.140386 0.0308518 0.989616 104.664 0.0106943 0.999503 -0.0296429 -6.35826 -0.990039 0.00642178 -0.140646 105.614 
-0.14103 0.0322891 0.989479 105.469 0.010292 0.999462 -0.0311479 -6.39585 -0.989952 0.00579097 -0.141286 105.514 
-0.142105 0.032805 0.989308 106.275 0.00881484 0.999453 -0.0318752 -6.43027 -0.989812 0.00419095 -0.142317 105.414 
-0.144552 0.0317452 0.988988 107.096 0.00705036 0.999493 -0.0310519 -6.47189 -0.989472 0.00248409 -0.144703 105.321 
-0.147698 0.0326926 0.988492 107.898 0.00651418 0.999464 -0.0320821 -6.51771 -0.989011 0.00170076 -0.147831 105.218 
-0.15108 0.0353557 0.987889 108.698 0.00610033 0.999375 -0.0348338 -6.55674 -0.988503 0.000763759 -0.151201 105.117 
-0.154557 0.0367673 0.9873 109.488 0.00444248 0.999323 -0.0365196 -6.59781 -0.987974 -0.0012583 -0.154616 105.016 
-0.15797 0.0368596 0.986756 110.278 0.00487073 0.99932 -0.0365492 -6.63835 -0.987432 -0.000967474 -0.158043 104.912 
-0.160838 0.035709 0.986335 111.068 0.0065621 0.999362 -0.0351105 -6.67949 -0.986959 0.000825305 -0.16097 104.802 
-0.163494 0.0366276 0.985864 111.851 0.00796284 0.999327 -0.0358072 -6.72214 -0.986512 0.001996 -0.163676 104.69 
-0.165437 0.0411731 0.985361 112.635 0.00392454 0.999148 -0.0410902 -6.76503 -0.986213 -0.00293076 -0.165457 104.586 
-0.1672 0.0480402 0.984752 113.399 0.00186312 0.998826 -0.0484104 -6.81176 -0.985921 -0.00625952 -0.167093 104.476 
-0.169764 0.0511545 0.984156 114.163 0.00613948 0.998687 -0.0508507 -6.85524 -0.985466 -0.0025904 -0.169855 104.352 
-0.172557 0.0494324 0.983758 114.93 0.00814535 0.998777 -0.0487583 -6.89808 -0.984966 -0.000400511 -0.172748 104.229 
-0.175561 0.0412591 0.983604 115.686 0.00581485 0.999147 -0.0408732 -6.95433 -0.984451 -0.00145624 -0.175652 104.099 
-0.178201 0.038818 0.983228 116.447 0.0035914 0.999241 -0.0387993 -7.01208 -0.983988 -0.00338289 -0.178205 103.981 
-0.179963 0.041792 0.982785 117.198 0.00323369 0.999117 -0.0418944 -7.05375 -0.983668 -0.00436139 -0.179939 103.857 
-0.183084 0.0449246 0.98207 117.957 0.00013618 0.998957 -0.0456716 -7.1048 -0.983097 -0.00822802 -0.182899 103.74 
-0.185623 0.0474873 0.981473 118.709 -0.000199832 0.99883 -0.0483648 -7.15064 -0.982621 -0.00917378 -0.185397 103.617 
-0.187426 0.0519147 0.980906 119.447 0.00369628 0.998633 -0.0521465 -7.19983 -0.982272 -0.0061479 -0.187361 103.483 
-0.189715 0.056324 0.980222 120.19 0.00368058 0.998387 -0.0566553 -7.25147 -0.981832 -0.0071406 -0.189617 103.361 
-0.192697 0.0586485 0.979504 120.927 0.00313837 0.998244 -0.0591531 -7.30119 -0.981253 -0.00832461 -0.192543 103.235 
-0.195306 0.0559009 0.979148 121.668 0.0032765 0.998406 -0.0563468 -7.36239 -0.980737 -0.0077967 -0.195178 103.107 
-0.198832 0.0529527 0.978602 122.408 0.00849832 0.998595 -0.0523078 -7.40851 -0.979997 -0.00208398 -0.199002 102.962 
-0.20482 0.051371 0.977451 123.139 0.0104437 0.99868 -0.0502983 -7.4632 -0.978744 -9.38985e-05 -0.205086 102.826 
-0.21092 0.0502186 0.976213 123.861 0.00930111 0.998737 -0.0493677 -7.50969 -0.977459 -0.00133277 -0.211121 102.68 
-0.219432 0.0504185 0.974324 124.597 0.00799668 0.998723 -0.0498801 -7.56116 -0.975595 -0.00315391 -0.219555 102.536 
-0.229907 0.0510407 0.971873 125.316 0.00801813 0.998689 -0.0505522 -7.60471 -0.97318 -0.00382969 -0.230015 102.378 
-0.241926 0.0518171 0.96891 126.028 0.00772826 0.998644 -0.0514776 -7.65425 -0.970264 -0.00496579 -0.241998 102.211 
-0.254001 0.0526662 0.965769 126.737 0.00910395 0.998602 -0.0520623 -7.70227 -0.967161 -0.00443158 -0.254126 102.028 
-0.266012 0.0526921 0.962529 127.446 0.0117587 0.998608 -0.0514175 -7.75392 -0.963898 -0.00235954 -0.266261 101.849 
-0.276913 0.0527528 0.959446 128.14 0.0147526 0.998608 -0.0506481 -7.80229 -0.960782 0.000129184 -0.277306 101.651 
-0.287203 0.0525937 0.956425 128.83 0.0183734 0.99861 -0.0493961 -7.85453 -0.957693 0.00338605 -0.28777 101.455 
-0.295828 0.053519 0.953741 129.521 0.0241661 0.998529 -0.0485364 -7.89686 -0.954935 0.00868972 -0.296687 101.24 
-0.303246 0.0538093 0.951392 130.192 0.0297685 0.998452 -0.0469825 -7.94339 -0.952447 0.0140742 -0.304379 101.025 
-0.309444 0.0539884 0.949384 130.874 0.0297076 0.998449 -0.0470956 -7.99257 -0.950454 0.0136305 -0.310568 100.813 
-0.314649 0.0518993 0.947788 131.542 0.032237 0.998512 -0.0439747 -8.0327 -0.948661 0.0167173 -0.315854 100.607 
-0.316275 0.0496904 0.947365 132.223 0.0384771 0.998477 -0.0395258 -8.06797 -0.947887 0.0239508 -0.317705 100.377 
-0.316852 0.0486456 0.947227 132.898 0.0448521 0.998335 -0.0362671 -8.10788 -0.947414 0.0309938 -0.318506 100.147 
-0.317422 0.0476486 0.947087 133.578 0.0470866 0.998297 -0.0344436 -8.1455 -0.947115 0.0336619 -0.319125 99.9239 
-0.316775 0.0533012 0.947002 134.236 0.0503778 0.997956 -0.0393176 -8.18381 -0.947162 0.035253 -0.318813 99.7057 
-0.315762 0.0567054 0.947142 134.883 0.0495512 0.997836 -0.0432208 -8.21864 -0.947544 0.0332845 -0.317889 99.5021 
-0.314516 0.0569424 0.947543 135.537 0.0516328 0.997748 -0.0428211 -8.2542 -0.947847 0.0354563 -0.316748 99.2869 
-0.312789 0.0556912 0.948189 136.187 0.0526504 0.997761 -0.0412344 -8.28849 -0.948362 0.0370248 -0.315021 99.0829 
-0.311109 0.0529722 0.948897 136.839 0.0543578 0.997803 -0.0378804 -8.33309 -0.948818 0.039795 -0.313305 98.8815 
-0.309623 0.0537088 0.949341 137.485 0.0550723 0.99774 -0.0384853 -8.3713 -0.949263 0.0403664 -0.311882 98.6809 
-0.307141 0.0564362 0.949989 138.116 0.0566412 0.997555 -0.0409493 -8.40684 -0.949977 0.0412313 -0.309586 98.4853 
-0.30295 0.0580599 0.951236 138.763 0.0588884 0.997376 -0.0421212 -8.44449 -0.951185 0.0432561 -0.305574 98.2955 
-0.297905 0.0576027 0.952856 139.417 0.0599223 0.997338 -0.0415574 -8.48084 -0.952713 0.0447172 -0.300564 98.1168 
-0.292446 0.0562093 0.954629 140.066 0.0619783 0.997286 -0.0397342 -8.51808 -0.954272 0.0475462 -0.295136 97.9373 
-0.287992 0.0539764 0.95611 140.689 0.060784 0.997427 -0.038 -8.56381 -0.955702 0.0471725 -0.290532 97.7611 
-0.284073 0.0536594 0.9573 141.327 0.0620644 0.997368 -0.0374881 -8.59518 -0.956792 0.0487648 -0.286656 97.5976 
-0.280152 0.052141 0.958539 141.936 0.0623923 0.997402 -0.0360196 -8.63344 -0.957926 0.0497145 -0.282677 97.426 
-0.27656 0.0508027 0.959653 142.565 0.0655046 0.997276 -0.0339168 -8.66998 -0.958762 0.0534816 -0.279134 97.2637 
-0.272705 0.0490886 0.960844 143.16 0.0675446 0.99721 -0.0317761 -8.70374 -0.959724 0.0562343 -0.27526 97.096 
-0.26978 0.047307 0.961759 143.75 0.064607 0.997431 -0.0309388 -8.74465 -0.960752 0.0537897 -0.272143 96.9447 
-0.266053 0.0479914 0.962763 144.351 0.061817 0.997554 -0.0326429 -8.78297 -0.961974 0.0508304 -0.268369 96.7956 
-0.261396 0.0514943 0.963857 144.929 0.0629843 0.997358 -0.0362028 -8.81367 -0.963174 0.0512446 -0.263949 96.6449 
-0.25571 0.0548645 0.965195 145.501 0.0652977 0.997089 -0.039378 -8.84308 -0.964546 0.0529557 -0.258548 96.4985 
-0.249306 0.0556327 0.966826 146.093 0.0641729 0.997103 -0.0408272 -8.87898 -0.966296 0.0518655 -0.252154 96.3652 
-0.241326 0.0539146 0.968945 146.695 0.0604099 0.997354 -0.0404496 -8.91869 -0.968562 0.0487723 -0.243944 96.2466 
