1 2.12261e-08 -2.11895e-08 0 2.12261e-08 1 2.10703e-08 0 -2.11895e-08 2.10703e-08 1 0 
0.999998 0.000925242 0.00157849 -0.0118776 -0.000923704 0.999999 -0.000947796 -0.0192474 -0.0015794 0.000946378 0.999998 1.23753 
0.999995 0.00142919 0.00293815 -0.0278289 -0.00142829 0.999999 -0.000293998 -0.0432611 -0.00293861 0.000289842 0.999996 2.46408 
0.999993 0.000303859 0.00362976 -0.0367688 -0.000303301 1 -0.000142756 -0.0634703 -0.00362985 0.000141696 0.999993 3.67231 
0.999992 -0.000284646 0.00395237 -0.0411516 0.000285109 1 -0.000105824 -0.0848765 -0.00395238 0.000106992 0.999992 4.89026 
0.99999 -0.000963207 0.00441254 -0.0435924 0.000963902 1 -0.000145804 -0.103538 -0.00441244 0.000150098 0.99999 6.11221 
0.999989 -4.13773e-05 0.00465653 -0.0396866 4.67707e-05 0.999999 -0.001149 -0.118843 -0.00465652 0.00114925 0.999989 7.3491 
0.999987 9.86048e-05 0.00515553 -0.0423181 -9.11842e-05 0.999999 -0.00143131 -0.137898 -0.00515571 0.00143086 0.999986 8.57354 
0.999986 -0.00121451 0.0051047 -0.0539491 0.00121414 0.999999 8.27377e-05 -0.168307 -0.00510484 -7.64966e-05 0.999987 9.80968 
0.999992 -0.00177616 0.00361603 -0.0669249 0.00177209 0.999998 0.00114077 -0.190408 -0.00361809 -0.00113431 0.999993 11.0005 
0.999995 -0.00310133 0.00119077 -0.0867197 0.0031006 0.999995 0.000646773 -0.211599 -0.00119281 -0.000643035 0.999999 12.2217 
0.999995 -0.00302779 -0.000631494 -0.114323 0.00302797 0.999995 0.000213292 -0.23594 0.000630803 -0.000215161 1 13.4523 
0.999994 -0.00289125 -0.00184691 -0.144711 0.00289188 0.999996 0.000317833 -0.263094 0.00184594 -0.00032313 0.999998 14.6579 
0.999997 -0.00136553 -0.00219789 -0.179773 0.00136576 0.999999 8.50195e-05 -0.284197 0.00219773 -8.79788e-05 0.999998 15.878 
0.999995 -0.00191571 -0.00268928 -0.208813 0.00191563 0.999998 -4.67321e-05 -0.304207 0.00268933 4.16224e-05 0.999996 17.0928 
0.999992 -0.00275458 -0.00306529 -0.240893 0.0027553 0.999996 0.000215068 -0.322379 0.00306464 -0.00022347 0.999995 18.3136 
0.999983 -0.00487302 -0.00321599 -0.304604 0.00487549 0.999988 0.000745742 -0.361134 0.00321228 -0.000761367 0.999995 19.493 
0.999983 -0.00470967 -0.00358602 -0.34088 0.00471006 0.999989 8.96361e-05 -0.386009 0.00358552 -0.000106483 0.999994 20.707 
0.999982 -0.00433355 -0.00421235 -0.357807 0.00433002 0.99999 -0.000856151 -0.400401 0.00421598 0.000837938 0.999991 21.9515 
0.999982 -0.00306073 -0.00509068 -0.378967 0.00305854 0.999995 -0.000446305 -0.419442 0.00509197 0.000430769 0.999987 23.1862 
0.999979 -0.00267693 -0.00585379 -0.40051 0.00267315 0.999996 -0.000661537 -0.438706 0.0058555 0.000645917 0.999983 24.4143 
0.999975 -0.00274436 -0.00656573 -0.42856 0.00273685 0.999996 -0.00115868 -0.468201 0.00656884 0.00114073 0.999978 25.6497 
0.999969 -0.00181884 -0.00762543 -0.434187 0.00181168 0.999998 -0.00095051 -0.47848 0.0076271 0.000936708 0.999971 26.9443 
0.999956 -0.00396378 -0.00849864 -0.463052 0.00397151 0.999992 0.000887884 -0.503223 0.00849501 -0.000921555 0.999964 28.1492 
0.999946 -0.00413926 -0.00954472 -0.493495 0.00414766 0.999991 0.000855423 -0.521342 0.00954105 -0.000894922 0.999954 29.3611 
0.999937 -0.00501342 -0.0100095 -0.541671 0.00501474 0.999987 0.000102453 -0.548683 0.0100088 -0.000152599 0.99995 30.5897 
0.999928 -0.00533862 -0.0107253 -0.583862 0.00532926 0.999985 -0.000904836 -0.571809 0.0107299 0.000847656 0.999942 31.808 
0.999926 -0.00470097 -0.0112484 -0.62691 0.00469013 0.999989 -0.000993402 -0.592611 0.0112529 0.000940614 0.999936 33.0224 
0.999917 -0.0053539 -0.0117039 -0.664314 0.00534596 0.999985 -0.000712893 -0.605224 0.0117075 0.000650308 0.999931 34.247 
0.99991 -0.00607948 -0.0119742 -0.717545 0.00607691 0.999982 -0.000254267 -0.634765 0.0119755 0.000181521 0.999928 35.48 
0.999898 -0.00683355 -0.0125468 -0.754094 0.00683117 0.999977 -0.000235804 -0.661367 0.0125481 0.000150113 0.999921 36.6916 
0.999894 -0.00664963 -0.0129435 -0.794319 0.00664388 0.999978 -0.000490453 -0.674295 0.0129464 0.000404449 0.999916 37.9088 
0.999884 -0.00780044 -0.0130749 -0.834872 0.00780099 0.99997 -1.19524e-05 -0.69661 0.0130745 -9.00032e-05 0.999915 39.1277 
0.999889 -0.00785664 -0.0126404 -0.883754 0.00787314 0.999968 0.00125259 -0.721071 0.0126301 -0.00135193 0.999919 40.3352 
0.999896 -0.00746265 -0.0123379 -0.931017 0.0074871 0.99997 0.00193314 -0.739318 0.0123231 -0.00202527 0.999922 41.5619 
0.999903 -0.00695423 -0.0120682 -0.979606 0.00697408 0.999974 0.00159947 -0.76439 0.0120568 -0.00168344 0.999926 42.7778 
0.999911 -0.00617596 -0.0118029 -1.01787 0.00619277 0.99998 0.00138469 -0.778853 0.0117941 -0.00145762 0.999929 43.9961 
0.999931 -0.00385085 -0.0110631 -1.06303 0.00388642 0.999987 0.00319152 -0.800328 0.0110506 -0.00323425 0.999934 45.2105 
0.999948 -0.0040023 -0.00936669 -1.10062 0.0040619 0.999972 0.00634789 -0.819195 0.00934097 -0.00638556 0.999936 46.4233 
0.999965 -0.00368462 -0.00752934 -1.13634 0.0037527 0.999952 0.00904187 -0.832107 0.00749562 -0.00906976 0.999931 47.6373 
0.999975 -0.00340178 -0.00627038 -1.15292 0.00347817 0.99992 0.0122046 -0.83826 0.00622831 -0.012226 0.999906 48.8743 
0.999979 -0.00381508 -0.00520415 -1.1779 0.0038836 0.999905 0.013213 -0.838921 0.0051532 -0.0132329 0.999899 50.0986 
0.999977 -0.00584505 -0.00358011 -1.20313 0.00588705 0.999913 0.0118241 -0.844497 0.00351064 -0.0118448 0.999924 51.3129 
0.999984 -0.0050607 -0.0024 -1.23171 0.00508461 0.999937 0.010048 -0.85302 0.00234895 -0.01006 0.999947 52.5287 
0.999984 -0.00530073 -0.00183898 -1.25608 0.00531785 0.999942 0.00940606 -0.861479 0.00178897 -0.00941565 0.999954 53.7337 
0.999984 -0.00533703 -0.00170304 -1.27803 0.00535205 0.999946 0.00891408 -0.868797 0.00165533 -0.00892301 0.999959 54.9388 
0.99998 -0.00581799 -0.00261815 -1.30028 0.00583798 0.999954 0.00767492 -0.872329 0.00257334 -0.00769001 0.999967 56.1662 
0.999973 -0.00598407 -0.00433766 -1.32357 0.00601818 0.999951 0.00788296 -0.881893 0.00429023 -0.00790881 0.99996 57.4143 
0.999968 -0.00596393 -0.00526847 -1.36175 0.00601144 0.999941 0.00903995 -0.893114 0.0052142 -0.00907129 0.999945 58.6559 
0.999959 -0.00651295 -0.00627396 -1.39201 0.00657077 0.999936 0.00923263 -0.905552 0.00621338 -0.00927344 0.999938 59.8763 
0.999959 -0.00560603 -0.00715013 -1.42301 0.00566948 0.999945 0.00887816 -0.914737 0.00709992 -0.00891829 0.999935 61.0989 
0.999952 -0.00567692 -0.00801792 -1.45139 0.00574689 0.999945 0.00872466 -0.925317 0.00796791 -0.00877027 0.99993 62.3168 
0.999948 -0.00609515 -0.00813268 -1.47791 0.00616285 0.999946 0.00832085 -0.937775 0.00808149 -0.0083705 0.999932 63.5309 
0.999941 -0.00702237 -0.00834274 -1.50874 0.00708578 0.999946 0.00758996 -0.950313 0.00828895 -0.00764858 0.999936 64.7532 
0.999929 -0.00779697 -0.00903837 -1.53552 0.0078727 0.999934 0.00836941 -0.956324 0.00897247 -0.00843993 0.999924 65.9654 
0.999922 -0.00847848 -0.00920714 -1.57873 0.00857253 0.999911 0.0102193 -0.974877 0.00911964 -0.0102974 0.999905 67.1617 
0.999918 -0.0082937 -0.00977446 -1.61462 0.00837574 0.99993 0.00837826 -0.981232 0.00970424 -0.0084594 0.999917 68.3489 
0.999933 -0.00678289 -0.00943469 -1.66107 0.00685084 0.999951 0.00718419 -0.99466 0.00938545 -0.0072483 0.99993 69.55 
0.99995 -0.0040615 -0.00911534 -1.70541 0.0041276 0.999965 0.00724031 -0.997334 0.00908557 -0.00727753 0.999932 70.7646 
0.999958 -0.00245425 -0.00888219 -1.74825 0.00251956 0.99997 0.00734419 -1.00922 0.00886386 -0.00736622 0.999934 71.9639 
0.99996 -0.00134959 -0.00884675 -1.78484 0.0014173 0.99997 0.00764707 -1.02197 0.00883612 -0.00765926 0.999932 73.1649 
0.999968 -0.000695838 -0.00798511 -1.81568 0.000764487 0.999963 0.00859201 -1.03207 0.00797879 -0.00859779 0.999931 74.3492 
0.999981 0.00148859 -0.00605633 -1.84605 -0.00143409 0.999959 0.00898689 -1.03803 0.00606942 -0.00897799 0.999941 75.555 
0.999995 -0.000337892 -0.00318876 -1.86936 0.000358956 0.999978 0.00659414 -1.05073 0.00318642 -0.00659521 0.999973 76.7739 
0.999993 -0.00351767 -0.000997708 -1.88225 0.00351967 0.999992 0.00196401 -1.06619 0.000990749 -0.00196747 0.999998 77.9534 
0.999994 -0.00332922 0.00119726 -1.90054 0.00332717 0.999993 0.00174408 -1.08887 -0.0012031 -0.00174004 0.999998 79.148 
0.999981 -0.00440946 0.00420312 -1.92462 0.00438719 0.999976 0.00530419 -1.10562 -0.00422645 -0.00528561 0.999977 80.3123 
0.999965 -0.00371677 0.00756756 -1.93756 0.00366799 0.999972 0.00645448 -1.12408 -0.00759138 -0.00642645 0.999951 81.5003 
0.999923 -0.00304383 0.0120014 -1.95275 0.00298972 0.999985 0.00452801 -1.13711 -0.0120151 -0.00449174 0.999918 82.6954 
0.999868 -0.0035074 0.0158675 -1.9734 0.0034838 0.999993 0.00151756 -1.16376 -0.0158727 -0.00146204 0.999873 83.9075 
0.999795 -0.00483482 0.0196697 -1.98716 0.00487294 0.999986 -0.00188837 -1.19151 -0.0196604 0.00198387 0.999805 85.0967 
0.999713 -0.00587958 0.0232211 -1.98618 0.00593801 0.999979 -0.00244634 -1.22378 -0.0232063 0.00258356 0.999727 86.2754 
0.999619 -0.00574202 0.0269886 -1.98231 0.00576411 0.999983 -0.000739351 -1.24985 -0.026984 0.000894677 0.999636 87.4564 
0.999512 -0.00486603 0.0308549 -1.97597 0.0048832 0.999988 -0.000479882 -1.27059 -0.0308523 0.000630361 0.999524 88.6282 
0.999404 -0.0052136 0.0341379 -1.91561 0.00530416 0.999983 -0.00256165 -1.28807 -0.034124 0.00274123 0.999414 89.8557 
0.99928 -0.00540951 0.0375512 -1.8956 0.00559415 0.999973 -0.00481241 -1.31402 -0.0375242 0.00501905 0.999283 91.0125 
0.999153 -0.0050566 0.0408487 -1.86856 0.00526974 0.999973 -0.00511057 -1.3352 -0.0408218 0.00532154 0.999152 92.1788 
0.999014 -0.00620551 0.0439613 -1.8475 0.00638393 0.999972 -0.00391843 -1.35843 -0.0439358 0.00419525 0.999026 93.3699 
0.998893 -0.0062556 0.0466333 -1.81009 0.00638626 0.999976 -0.00265237 -1.37401 -0.0466157 0.00294729 0.998909 94.5532 
0.998762 -0.00681193 0.0492688 -1.77223 0.00686088 0.999976 -0.000823659 -1.39885 -0.049262 0.00116071 0.998785 95.7308 
0.998622 -0.00868467 0.0517476 -1.73378 0.00870141 0.999962 -9.73548e-05 -1.41665 -0.0517448 0.000547539 0.99866 96.8985 
0.998496 -0.00972211 0.0539643 -1.69453 0.00986215 0.999949 -0.00232854 -1.43902 -0.053939 0.00285728 0.99854 98.0679 
0.998343 -0.0113327 0.0564261 -1.65525 0.0116788 0.999915 -0.00580615 -1.46617 -0.0563555 0.00645556 0.99839 99.2371 
0.998252 -0.0103593 0.0581864 -1.59455 0.0108974 0.999901 -0.00893724 -1.48467 -0.0580881 0.00955574 0.998266 100.434 
0.998155 -0.0106765 0.0597796 -1.54833 0.011262 0.999892 -0.00946579 -1.52224 -0.0596721 0.0101216 0.998167 101.619 
0.998137 -0.0107424 0.0600524 -1.49105 0.0113088 0.999895 -0.00909787 -1.54756 -0.0599484 0.00976008 0.998154 102.834 
0.998176 -0.0105456 0.0594439 -1.45084 0.0109966 0.999913 -0.00726416 -1.58171 -0.0593622 0.00790463 0.998205 104.027 
0.998253 -0.0112178 0.0580173 -1.39893 0.0115865 0.999915 -0.00602271 -1.60469 -0.0579448 0.00668444 0.998297 105.24 
0.998372 -0.010962 0.0559798 -1.35478 0.0112705 0.999923 -0.00519794 -1.63204 -0.0559186 0.00582044 0.998418 106.451 
0.998514 -0.0106768 0.0534363 -1.30722 0.0109633 0.999927 -0.00507015 -1.64993 -0.0533783 0.0056485 0.998558 107.679 
0.998682 -0.0102575 0.0502817 -1.26087 0.0105366 0.999931 -0.0052876 -1.67206 -0.050224 0.00581047 0.998721 108.909 
0.99888 -0.00904387 0.0464355 -1.2282 0.0093257 0.999939 -0.00585522 -1.69966 -0.0463798 0.00628175 0.998904 110.132 
0.999051 -0.00884165 0.0426427 -1.19829 0.00908936 0.999943 -0.00561767 -1.72394 -0.0425907 0.00599998 0.999075 111.376 
0.999213 -0.00820809 0.0388155 -1.18044 0.00840099 0.999953 -0.00480806 -1.74893 -0.0387742 0.00513041 0.999235 112.611 
0.99936 -0.00794333 0.0348684 -1.18365 0.00808992 0.999959 -0.0040639 -1.77231 -0.0348347 0.00434343 0.999384 113.893 
0.999492 -0.00822266 0.0307795 -1.1891 0.00834791 0.999957 -0.00394154 -1.78238 -0.0307458 0.00419652 0.999518 115.154 
0.999633 -0.00744198 0.0260529 -1.1771 0.00755208 0.999963 -0.00412851 -1.80386 -0.0260213 0.00432379 0.999652 116.397 
0.999758 -0.00656671 0.0209751 -1.17072 0.00665941 0.999968 -0.00435036 -1.82706 -0.0209459 0.00448903 0.999771 117.675 
0.999851 -0.00623745 0.0160719 -1.17865 0.00631381 0.999969 -0.00470266 -1.85849 -0.0160421 0.00480347 0.99986 118.927 
0.999921 -0.00500698 0.0115611 -1.19828 0.00506722 0.999974 -0.00518305 -1.89489 -0.0115349 0.00524127 0.99992 120.167 
0.999962 -0.00318368 0.0080938 -1.21422 0.00322785 0.99998 -0.00544443 -1.92169 -0.00807635 0.00547039 0.999952 121.408 
0.999982 -0.0013512 0.00579552 -1.22725 0.00138315 0.999984 -0.00550492 -1.94732 -0.00578803 0.00551288 0.999968 122.653 
0.999989 -0.000298394 0.00468321 -1.23921 0.000326452 0.999982 -0.00598262 -1.97062 -0.00468138 0.00598413 0.999971 123.904 
0.99999 0.00224697 0.00376613 -1.26039 -0.00222457 0.99998 -0.00592928 -1.99683 -0.00377942 0.00592089 0.999975 125.156 
0.999991 0.003277 0.00284451 -1.28876 -0.00326186 0.999981 -0.00529296 -2.02505 -0.00286184 0.00528367 0.999982 126.42 
0.999992 0.00340222 0.00233597 -1.31262 -0.00339026 0.999981 -0.00508903 -2.04669 -0.00235328 0.00508111 0.999984 127.661 
0.999974 0.00707656 0.00143955 -1.34582 -0.00707188 0.99997 -0.00319844 -2.07296 -0.00146218 0.00318821 0.999994 128.942 
0.999968 0.00798775 0.000792223 -1.37553 -0.00798777 0.999968 8.0306e-05 -2.09842 -0.000791599 -8.65895e-05 1 130.205 
0.999976 0.00690996 0.00054253 -1.41407 -0.00690974 0.999976 -0.000332161 -2.1223 -0.000544854 0.000328447 1 131.473 
0.999975 0.00708799 0.000221526 -1.45125 -0.00708758 0.999974 -0.0016295 -2.15282 -0.000233112 0.00162793 0.999999 132.77 
0.999992 0.00389637 -4.95105e-05 -1.49115 -0.00389636 0.999992 -0.000715171 -2.17296 4.66811e-05 0.000715401 1 134.062 
0.999998 0.00178052 -0.00111831 -1.518 -0.00177908 0.999998 0.00125362 -2.19948 0.0011205 -0.00125159 0.999999 135.362 
0.999998 -0.00169254 -0.00139887 -1.54255 0.0016971 0.999993 0.00322944 -2.22218 0.00139335 -0.00323176 0.999994 136.649 
0.999991 -0.00391903 -0.00174382 -1.56992 0.00392661 0.999983 0.00433971 -2.24207 0.00172674 -0.00434648 0.999989 137.931 
0.999967 -0.00803096 -0.00134586 -1.5926 0.00803454 0.999964 0.00264316 -2.26406 0.00132454 -0.00265384 0.999996 139.202 
0.999943 -0.0105927 -0.00118324 -1.61673 0.0105946 0.999943 0.00157126 -2.2805 0.00116648 -0.00158366 0.999998 140.475 
0.999932 -0.0116013 -0.000902875 -1.64253 0.0116025 0.999932 0.001231 -2.29662 0.00088849 -0.00124135 0.999999 141.758 
0.999933 -0.0115607 -0.000356769 -1.66867 0.0115612 0.999932 0.00128908 -2.31053 0.0003418 -0.00129307 0.999999 143.046 
0.999938 -0.011116 9.2833e-05 -1.69576 0.0111157 0.999932 0.00347402 -2.33418 -0.000131486 -0.00347273 0.999994 144.329 
0.99996 -0.00888228 0.000900242 -1.72534 0.00887765 0.999948 0.00507063 -2.35602 -0.000945276 -0.00506239 0.999987 145.619 
0.999955 -0.00932889 0.00153961 -1.7489 0.00932306 0.999949 0.00377586 -2.38477 -0.0015748 -0.0037613 0.999992 146.908 
0.99996 -0.00866613 0.0021606 -1.77646 0.00866183 0.999961 0.00201295 -2.40609 -0.002178 -0.00199411 0.999996 148.185 
0.999956 -0.00905337 0.00260042 -1.79879 0.00905412 0.999959 -0.000258204 -2.431 -0.00259802 0.000281779 0.999997 149.465 
0.999942 -0.0103214 0.00309327 -1.82408 0.0103349 0.999937 -0.00437546 -2.45489 -0.00304796 0.00440722 0.999986 150.751 
0.999941 -0.0102756 0.00366641 -1.85408 0.0103046 0.999915 -0.00797648 -2.48526 -0.00358418 0.00801383 0.999962 152.04 
0.999937 -0.0105184 0.0039313 -1.87614 0.0105524 0.999906 -0.00870815 -2.52295 -0.00383937 0.00874913 0.999954 153.326 
0.999933 -0.0107638 0.00417247 -1.91518 0.010799 0.999906 -0.0084903 -2.56061 -0.00408073 0.00853484 0.999955 154.643 
0.999941 -0.0100616 0.00407622 -1.93586 0.0100938 0.999918 -0.00793292 -2.59785 -0.00399611 0.00797364 0.99996 155.935 
0.999951 -0.0090586 0.0041104 -1.96732 0.00908648 0.999936 -0.00680489 -2.64016 -0.00404853 0.00684195 0.999968 157.236 
0.999953 -0.00889139 0.00392225 -1.99943 0.00891635 0.99994 -0.00638149 -2.67549 -0.00386532 0.0064162 0.999972 158.528 
0.999956 -0.0087098 0.00345798 -2.02636 0.00873251 0.99994 -0.006593 -2.71194 -0.00340039 0.00662295 0.999972 159.798 
0.999958 -0.00874645 0.00288769 -2.05519 0.0087651 0.999941 -0.00649579 -2.74664 -0.00283075 0.00652087 0.999975 161.085 
0.999953 -0.00944784 0.00215217 -2.07508 0.00945921 0.999941 -0.00531753 -2.77855 -0.00210185 0.00533768 0.999984 162.358 
0.99996 -0.00882127 0.00149895 -2.10262 0.00882877 0.999948 -0.00504497 -2.81129 -0.00145441 0.00505805 0.999986 163.631 
0.999961 -0.00874516 0.000930484 -2.13014 0.00875049 0.999945 -0.00584232 -2.84861 -0.000879382 0.00585028 0.999983 164.907 
0.999965 -0.00831175 0.000527082 -2.16117 0.00831526 0.999941 -0.00694474 -2.88263 -0.00046937 0.00694893 0.999976 166.176 
0.999968 -0.00794511 -0.000172748 -2.19154 0.00794371 0.999943 -0.00718666 -2.91383 0.000229794 0.0071851 0.999974 167.442 
0.999963 -0.00852911 -0.000691697 -2.22602 0.00852331 0.999931 -0.00805584 -2.94964 0.000760316 0.00804969 0.999967 168.722 
0.999964 -0.00834139 -0.00131232 -2.25484 0.00832905 0.999923 -0.00917067 -2.98332 0.00138867 0.00915946 0.999957 170.018 
0.999964 -0.00830242 -0.00187603 -2.28302 0.00828563 0.999927 -0.00881208 -3.01708 0.00194902 0.00879626 0.999959 171.31 
0.999964 -0.00811605 -0.00265538 -2.30664 0.00809602 0.999939 -0.00748588 -3.05297 0.00271594 0.00746415 0.999968 172.607 
0.99996 -0.00831857 -0.00336904 -2.33674 0.00829465 0.999941 -0.00706434 -3.08674 0.00342757 0.00703615 0.999969 173.874 
0.999958 -0.00820626 -0.00419318 -2.36717 0.00817796 0.999944 -0.00673162 -3.12045 0.00424814 0.00669709 0.999969 175.154 
0.999953 -0.00836868 -0.00494285 -2.39818 0.00833751 0.999945 -0.00630126 -3.15631 0.00499527 0.00625979 0.999968 176.437 
0.999953 -0.00802161 -0.00538827 -2.43242 0.00798302 0.999943 -0.00715196 -3.18879 0.00544529 0.00710865 0.99996 177.709 
0.999957 -0.00715661 -0.00586214 -2.46821 0.00711204 0.999946 -0.00759511 -3.22241 0.00591613 0.00755313 0.999954 178.982 
0.999956 -0.00726261 -0.00600584 -2.50852 0.00721977 0.999949 -0.00712997 -3.25954 0.00605727 0.00708634 0.999957 180.272 
0.999953 -0.00753456 -0.00608422 -2.54529 0.00748438 0.999938 -0.00823478 -3.29349 0.00614584 0.0081889 0.999948 181.539 
0.999942 -0.00880163 -0.00619903 -2.57454 0.00874139 0.999915 -0.00968586 -3.32817 0.00628371 0.00963116 0.999934 182.816 
0.9999 -0.012389 -0.00675257 -2.59963 0.0123253 0.99988 -0.00940261 -3.36593 0.00686821 0.00931849 0.999933 184.084 
0.999898 -0.0122295 -0.00732288 -2.63023 0.0121876 0.999909 -0.00573838 -3.39993 0.00739236 0.00564859 0.999957 185.356 
0.999888 -0.0129099 -0.00753742 -2.65815 0.0129013 0.999916 -0.00119204 -3.43002 0.00755213 0.00109471 0.999971 186.64 
0.999897 -0.0122326 -0.00747456 -2.69187 0.0122178 0.999923 -0.00203062 -3.45386 0.00749878 0.00193913 0.99997 187.873 
0.999912 -0.0111132 -0.00727682 -2.72624 0.0110741 0.999924 -0.00540805 -3.47641 0.00733633 0.00532703 0.999959 189.137 
0.999909 -0.0110327 -0.00773344 -2.75656 0.0109766 0.999913 -0.00727138 -3.50802 0.00781295 0.00718588 0.999944 190.405 
0.999909 -0.0111562 -0.00754533 -2.79641 0.0111023 0.999913 -0.0071519 -3.53635 0.00762442 0.00706752 0.999946 191.711 
0.999908 -0.0114403 -0.00723381 -2.83122 0.0113988 0.999918 -0.00575758 -3.57544 0.00729904 0.00567463 0.999957 192.996 
0.99991 -0.0114135 -0.00702634 -2.86285 0.0113893 0.999929 -0.0034721 -3.61368 0.00706542 0.0033918 0.999969 194.259 
0.999907 -0.0120816 -0.00629057 -2.89385 0.0120655 0.999924 -0.00260523 -3.64331 0.00632153 0.00252913 0.999977 195.515 
0.999912 -0.0122655 -0.00502466 -2.92306 0.0122498 0.99992 -0.00315644 -3.67383 0.00506293 0.00309466 0.999982 196.765 
0.999902 -0.0134694 -0.00380025 -2.94319 0.0134522 0.999899 -0.00453058 -3.70377 0.00386085 0.00447906 0.999983 197.998 
0.9999 -0.0138544 -0.0028359 -2.96678 0.0138376 0.999887 -0.00590724 -3.73584 0.00291738 0.00586745 0.999979 199.229 
0.999892 -0.0146634 -0.00122242 -3.00308 0.0146554 0.999872 -0.00636966 -3.77414 0.00131563 0.0063511 0.999979 200.484 
0.999899 -0.0142254 -0.00013332 -3.0235 0.0142245 0.999884 -0.0055253 -3.8113 0.000211862 0.00552289 0.999985 201.701 
0.999892 -0.0146936 0.0010111 -3.03795 0.0146972 0.999886 -0.00352942 -3.84036 -0.000959163 0.00354394 0.999993 202.938 
0.999902 -0.0138738 0.00185248 -3.06002 0.0138798 0.999898 -0.00327357 -3.86751 -0.00180692 0.003299 0.999993 204.169 
0.999895 -0.0141918 0.00281854 -3.07075 0.0142009 0.999894 -0.00323628 -3.89753 -0.00277235 0.00327601 0.999991 205.384 
0.999895 -0.0139942 0.00371375 -3.09049 0.014006 0.999897 -0.0031647 -3.92732 -0.00366913 0.00321642 0.999988 206.602 
0.999892 -0.0139966 0.00445848 -3.0991 0.0140094 0.999898 -0.0028591 -3.95766 -0.00441805 0.0029213 0.999986 207.808 
0.999887 -0.014128 0.00522716 -3.11407 0.0141448 0.999895 -0.00318855 -3.98219 -0.0051816 0.00326217 0.999981 209.001 
0.999885 -0.0141 0.00560144 -3.12002 0.0141172 0.999896 -0.00304117 -4.01002 -0.00555802 0.00311993 0.99998 210.18 
0.999864 -0.0155647 0.00547399 -3.11185 0.0155815 0.999874 -0.00303909 -4.04021 -0.00542604 0.00312401 0.99998 211.372 
0.999857 -0.0160278 0.0053241 -3.11078 0.0160406 0.999869 -0.0023674 -4.06532 -0.0052855 0.00245251 0.999983 212.583 
0.99985 -0.0166069 0.00486945 -3.12276 0.0166144 0.999861 -0.0014869 -4.08929 -0.00484412 0.00156762 0.999987 213.726 
0.99986 -0.0162602 0.0039912 -3.12932 0.0162669 0.999866 -0.00164043 -4.11368 -0.00396404 0.00170517 0.999991 214.871 
0.99987 -0.0157713 0.00332191 -3.14015 0.0157801 0.999872 -0.00264015 -4.13889 -0.00327988 0.00269227 0.999991 215.988 
0.999877 -0.0154709 0.00252243 -3.14944 0.0154796 0.999874 -0.00344828 -4.16489 -0.0024688 0.00348695 0.999991 217.088 
0.999882 -0.0152734 0.00160534 -3.15927 0.0152789 0.999877 -0.00347729 -4.19289 -0.00155207 0.00350145 0.999993 218.163 
0.999871 -0.0160536 -0.000272953 -3.161 0.0160526 0.999865 -0.00346929 -4.22189 0.000328568 0.0034645 0.999994 219.264 
0.999856 -0.0167881 -0.00264421 -3.16214 0.0167807 0.999855 -0.00283822 -4.24815 0.00269143 0.00279348 0.999993 220.348 
0.999823 -0.0181483 -0.00503764 -3.17457 0.0181427 0.999835 -0.0011709 -4.27603 0.00505801 0.00107934 0.999987 221.413 
0.999804 -0.0183563 -0.0074812 -3.19657 0.0183611 0.999831 0.000570577 -4.30359 0.00746943 -0.000707786 0.999972 222.457 
0.99978 -0.018159 -0.0105483 -3.21006 0.01817 0.999835 0.000947502 -4.33354 0.0105293 -0.00113891 0.999944 223.492 
0.999754 -0.0177881 -0.0132221 -3.23353 0.0177973 0.999841 0.000571056 -4.35541 0.0132098 -0.000806189 0.999912 224.508 
0.999709 -0.0176184 -0.0164762 -3.26026 0.017632 0.999844 0.000678648 -4.3745 0.0164616 -0.000968917 0.999864 225.489 
0.999649 -0.0174948 -0.0199193 -3.28262 0.0175179 0.999846 0.000982156 -4.39655 0.019899 -0.00133071 0.999801 226.461 
0.999583 -0.0172346 -0.0231536 -3.31008 0.0172537 0.999851 0.000623004 -4.41703 0.0231394 -0.00102219 0.999732 227.412 
0.999481 -0.0175936 -0.0269917 -3.33149 0.0176051 0.999845 0.000185197 -4.43887 0.0269842 -0.000660248 0.999636 228.343 
0.999359 -0.0178087 -0.0310667 -3.36098 0.017803 0.999841 -0.000463902 -4.45918 0.03107 -8.94317e-05 0.999517 229.237 
0.999244 -0.0172273 -0.0348538 -3.39782 0.0172124 0.999852 -0.00072817 -4.48339 0.0348611 0.000127744 0.999392 230.101 
0.9991 -0.0174172 -0.0386883 -3.42526 0.0173657 0.999848 -0.00166623 -4.50351 0.0387113 0.000992927 0.99925 230.966 
0.999019 -0.0159362 -0.0413174 -3.47722 0.0158909 0.999873 -0.00142549 -4.53121 0.0413348 0.00076756 0.999145 231.781 
0.998968 -0.0157332 -0.0425997 -3.51279 0.0156959 0.999876 -0.00121167 -4.54907 0.0426134 0.000541826 0.999092 232.599 
0.998968 -0.0158925 -0.0425561 -3.55762 0.0158872 0.999874 -0.000463497 -4.56628 0.042558 -0.000213036 0.999094 233.382 
0.998983 -0.0161656 -0.0420912 -3.60358 0.0162033 0.999869 0.0005536 -4.58783 0.0420766 -0.00123501 0.999114 234.148 
0.998999 -0.0158517 -0.0418299 -3.64652 0.0158754 0.999874 0.000234366 -4.60505 0.0418209 -0.000898155 0.999125 234.892 
0.999014 -0.0152606 -0.0417 -3.68048 0.0152088 0.999883 -0.00155851 -4.62189 0.0417188 0.000922811 0.999129 235.644 
0.99905 -0.015181 -0.0408565 -3.72007 0.0150388 0.99988 -0.00378791 -4.6357 0.040909 0.00316992 0.999158 236.382 
0.999102 -0.0149993 -0.0396196 -3.76504 0.0148039 0.999877 -0.00522134 -4.65178 0.039693 0.00463017 0.999201 237.105 
0.999152 -0.014399 -0.0385867 -3.79851 0.0141868 0.999883 -0.00576978 -4.66796 0.0386652 0.0052175 0.999239 237.842 
0.999201 -0.0150583 -0.0370336 -3.83409 0.0148514 0.999873 -0.00585618 -4.6866 0.037117 0.00530154 0.999297 238.569 
0.999244 -0.0154339 -0.0356848 -3.86202 0.0152304 0.999866 -0.00596962 -4.70175 0.0357722 0.00542166 0.999345 239.292 
0.999299 -0.0157149 -0.0339779 -3.89448 0.0155167 0.999861 -0.00609069 -4.72302 0.0340688 0.00555924 0.999404 240.022 
0.999364 -0.0160015 -0.0318789 -3.92564 0.0158034 0.999854 -0.00645809 -4.74109 0.0319775 0.00595023 0.999471 240.759 
0.999435 -0.0163299 -0.0293793 -3.94998 0.0161636 0.999852 -0.00589298 -4.76357 0.0294711 0.00541482 0.999551 241.485 
0.999496 -0.0177149 -0.0263597 -3.97418 0.017587 0.999832 -0.00508005 -4.78129 0.0264452 0.00461395 0.99964 242.208 
0.999547 -0.0187617 -0.0235471 -4.00091 0.0186609 0.999816 -0.00449496 -4.80065 0.0236271 0.00405355 0.999713 242.918 
0.99961 -0.0188055 -0.0206425 -4.02127 0.0187166 0.999815 -0.00449285 -4.81803 0.0207232 0.00410479 0.999777 243.623 
0.999655 -0.0192766 -0.0178521 -4.04104 0.0191952 0.999805 -0.00472544 -4.8343 0.0179396 0.00438118 0.99983 244.32 
0.999704 -0.0192554 -0.0148955 -4.05971 0.0191831 0.999804 -0.00497919 -4.84895 0.0149884 0.00469202 0.999877 245.015 
0.99975 -0.0188223 -0.0120958 -4.07359 0.0187539 0.999808 -0.00574676 -4.86866 0.0122016 0.00551852 0.99991 245.73 
0.999789 -0.0184608 -0.009003 -4.09237 0.0184045 0.999811 -0.00630446 -4.88327 0.00911764 0.00613748 0.99994 246.426 
0.99982 -0.0180277 -0.00598016 -4.11063 0.0179975 0.999825 -0.00507218 -4.90004 0.00607051 0.00496368 0.999969 247.126 
0.999842 -0.0174565 -0.00328778 -4.12281 0.0174418 0.999838 -0.00444246 -4.91448 0.00336475 0.00438445 0.999985 247.837 
0.999837 -0.0180369 -0.00121379 -4.13411 0.0180311 0.999826 -0.00468411 -4.93016 0.00129802 0.0046615 0.999988 248.535 
0.999844 -0.0175875 0.00134921 -4.14868 0.0175956 0.999826 -0.00619569 -4.94518 -0.00124005 0.00621851 0.99998 249.237 
0.999832 -0.0180913 0.00280443 -4.1565 0.0181139 0.999802 -0.00824539 -4.96373 -0.00265474 0.00829485 0.999962 249.947 
0.999819 -0.0186298 0.00397252 -4.1645 0.0186672 0.99978 -0.00957435 -4.97897 -0.00379332 0.00964682 0.999946 250.662 
0.999818 -0.0186492 0.0039898 -4.17224 0.0186878 0.999777 -0.00986951 -4.99729 -0.0038049 0.00994232 0.999943 251.386 
0.9998 -0.0195566 0.00412451 -4.18092 0.019598 0.999756 -0.0102269 -5.0172 -0.00392354 0.0103058 0.999939 252.115 
0.999826 -0.0181069 0.0043956 -4.1901 0.0181521 0.999781 -0.0104588 -5.04098 -0.0042053 0.0105368 0.999936 252.848 
0.999857 -0.0162376 0.00464948 -4.19252 0.0162889 0.999804 -0.0112203 -5.05728 -0.00446643 0.0112945 0.999926 253.597 
0.999839 -0.0172725 0.00482926 -4.19866 0.0173333 0.999768 -0.0128219 -5.08409 -0.00460671 0.0129036 0.999906 254.345 
0.999757 -0.0214268 0.00526371 -4.20026 0.0215047 0.999653 -0.0152171 -5.10328 -0.00493587 0.0153266 0.99987 255.106 
0.99966 -0.0253926 0.00597981 -4.20961 0.0254854 0.999548 -0.0159722 -5.12403 -0.00557157 0.0161192 0.999855 255.854 
0.999714 -0.023089 0.00628456 -4.21107 0.0231639 0.999658 -0.0121142 -5.14073 -0.00600275 0.0122564 0.999907 256.639 
0.999799 -0.0189711 0.00644471 -4.21913 0.0190107 0.999801 -0.00611965 -5.1574 -0.00632737 0.00624098 0.999961 257.441 
0.999783 -0.019547 0.00718868 -4.23412 0.0195648 0.999806 -0.00242121 -5.17588 -0.00713999 0.00256137 0.999971 258.211 
0.999728 -0.021323 0.00943332 -4.23045 0.0213649 0.999762 -0.00435917 -5.19601 -0.00933817 0.00455956 0.999946 259.01 
0.99971 -0.0198386 0.0136788 -4.23948 0.019984 0.999744 -0.0105672 -5.20747 -0.0134657 0.0108375 0.999851 259.793 
0.999673 -0.0188714 0.0172756 -4.24164 0.0191177 0.999716 -0.0142067 -5.22783 -0.0170026 0.0145324 0.99975 260.6 
0.999641 -0.0173612 0.0203876 -4.2396 0.0176517 0.999744 -0.0141534 -5.24712 -0.0201367 0.0145083 0.999692 261.42 
0.999546 -0.0187351 0.0235951 -4.23134 0.0190175 0.99975 -0.0117989 -5.26642 -0.0233682 0.0122423 0.999652 262.255 
0.999424 -0.0215476 0.0262136 -4.19938 0.021783 0.999725 -0.00872417 -5.28306 -0.0260184 0.0092902 0.999618 263.123 
0.999299 -0.0239108 0.0288106 -4.1705 0.0241289 0.999683 -0.00724551 -5.2999 -0.0286282 0.00793564 0.999559 263.985 
0.999213 -0.0239829 0.0315917 -4.15392 0.0242067 0.999684 -0.00671975 -5.32254 -0.0314206 0.00747924 0.999478 264.831 
0.999174 -0.0220852 0.0341063 -4.14056 0.0224024 0.999709 -0.00894532 -5.3427 -0.0338989 0.00970204 0.999378 265.67 
0.999139 -0.0205737 0.0360303 -4.11321 0.0209921 0.999716 -0.011274 -5.35582 -0.0357881 0.0120207 0.999287 266.517 
0.999071 -0.0200332 0.0381678 -4.07473 0.0204795 0.999726 -0.0113382 -5.37826 -0.0379302 0.0121093 0.999207 267.39 
0.998976 -0.0189677 0.0410866 -4.06326 0.0193562 0.999771 -0.00907671 -5.40055 -0.0409051 0.00986273 0.999114 268.235 
0.99889 -0.0172797 0.0438154 -4.03228 0.0176214 0.999817 -0.00742334 -5.42232 -0.0436792 0.00818724 0.999012 269.089 
0.998768 -0.0164133 0.0468391 -4.00695 0.0167839 0.999831 -0.0075294 -5.44097 -0.0467077 0.0083063 0.998874 269.945 
0.998664 -0.0162274 0.0490648 -3.97127 0.0166429 0.999829 -0.00807011 -5.45914 -0.0489255 0.00887595 0.998763 270.798 
0.998537 -0.0177274 0.0510918 -3.92174 0.0181927 0.999797 -0.00865488 -5.47402 -0.050928 0.00957175 0.998657 271.674 
0.998378 -0.0202875 0.0531908 -3.89465 0.0207477 0.999752 -0.00811353 -5.48767 -0.0530131 0.009204 0.998551 272.522 
0.998294 -0.02119 0.0544152 -3.87025 0.0216707 0.999731 -0.00825791 -5.5057 -0.0542256 0.00942308 0.998484 273.371 
0.998269 -0.0214507 0.05476 -3.83177 0.0219403 0.999724 -0.00835477 -5.52243 -0.0545657 0.0095418 0.998465 274.23 
0.998239 -0.0220488 0.0550717 -3.79489 0.0225373 0.999712 -0.00826535 -5.54591 -0.0548736 0.009492 0.998448 275.096 
0.998252 -0.0226415 0.0545848 -3.75747 0.0230971 0.999703 -0.00772889 -5.56995 -0.0543937 0.00897618 0.998479 275.964 
0.99828 -0.0224388 0.0541695 -3.72944 0.0228771 0.99971 -0.00748386 -5.59026 -0.0539859 0.00871027 0.998504 276.829 
0.998329 -0.0231524 0.0529476 -3.6977 0.0236247 0.999686 -0.00831166 -5.61648 -0.0527386 0.00954869 0.998563 277.69 
0.998399 -0.0235474 0.0514203 -3.67955 0.0240571 0.999667 -0.00931527 -5.6387 -0.0511839 0.0105374 0.998634 278.539 
0.998501 -0.0226499 0.0498317 -3.65972 0.0231785 0.999681 -0.0100555 -5.66151 -0.049588 0.0111954 0.998707 279.382 
0.9986 -0.0218554 0.0481779 -3.62991 0.022377 0.999696 -0.0103126 -5.68547 -0.047938 0.0113763 0.998786 280.248 
0.9987 -0.020603 0.0466244 -3.6148 0.0211326 0.999717 -0.0108943 -5.70563 -0.0463868 0.0118655 0.998853 281.1 
0.998805 -0.020523 0.0443466 -3.59224 0.0210072 0.999724 -0.0104788 -5.72969 -0.0441194 0.0113979 0.998961 281.964 
0.998925 -0.0216806 0.0409702 -3.56355 0.022075 0.999714 -0.00919766 -5.75535 -0.0407591 0.0100922 0.999118 282.831 
0.999049 -0.0232523 0.0368896 -3.55036 0.0235126 0.999702 -0.00663754 -5.78221 -0.0367243 0.00749864 0.999297 283.674 
0.999176 -0.0251561 0.0318627 -3.53891 0.0253257 0.999667 -0.00493012 -5.80948 -0.0317281 0.00573305 0.99948 284.511 
0.999315 -0.0255723 0.0267405 -3.52588 0.0256836 0.999663 -0.00382787 -5.82936 -0.0266336 0.00451208 0.999635 285.358 
0.999428 -0.0255535 0.0221416 -3.52577 0.0256321 0.999666 -0.00327175 -5.84868 -0.0220506 0.00383746 0.99975 286.19 
0.999478 -0.0271381 0.0175036 -3.53328 0.0271955 0.999626 -0.0030523 -5.8721 -0.0174142 0.00352677 0.999842 286.993 
0.999525 -0.0280364 0.0128087 -3.53468 0.0280736 0.999602 -0.00273415 -5.89108 -0.012727 0.00309248 0.999914 287.81 
0.999561 -0.0283454 0.00861515 -3.54356 0.0283739 0.999592 -0.00319943 -5.91086 -0.00852099 0.00344252 0.999958 288.594 
0.999597 -0.0280375 0.00455284 -3.55078 0.0280529 0.999601 -0.00333846 -5.93007 -0.00445746 0.00346487 0.999984 289.371 
0.999615 -0.0277391 0.000652873 -3.55742 0.0277413 0.999609 -0.00348881 -5.94776 -0.000555883 0.00350562 0.999994 290.132 
0.99959 -0.0284448 -0.00335779 -3.56732 0.0284324 0.999589 -0.00369526 -5.96198 0.00346148 0.00359832 0.999988 290.854 
0.999541 -0.0293936 -0.0073324 -3.59414 0.0293618 0.999559 -0.00441829 -5.98586 0.007459 0.00420101 0.999963 291.564 
0.999519 -0.0282955 -0.0127263 -3.60604 0.0282228 0.999585 -0.00585853 -6.01269 0.0128868 0.00549658 0.999902 292.239 
0.999467 -0.0267232 -0.0187486 -3.64708 0.0265817 0.999617 -0.00776057 -6.0411 0.0189487 0.00725811 0.999794 292.916 
0.999281 -0.0264035 -0.0272085 -3.68121 0.0261558 0.999614 -0.00942244 -6.06571 0.0274467 0.00870405 0.999585 293.575 
0.998918 -0.026944 -0.0379131 -3.71786 0.0265564 0.99959 -0.010693 -6.09089 0.0381856 0.00967463 0.999224 294.22 
0.998326 -0.0266915 -0.05132 -3.77591 0.0261539 0.999596 -0.0111192 -6.12355 0.051596 0.00975843 0.99862 294.871 
0.997311 -0.0259628 -0.0685355 -3.82986 0.0252505 0.999618 -0.0112386 -6.13766 0.0688011 0.00947787 0.997585 295.509 
0.995786 -0.0235497 -0.0886317 -3.90854 0.022658 0.999682 -0.0110546 -6.16127 0.0888638 0.00899982 0.996003 296.142 
0.993534 -0.0222212 -0.111342 -4.00168 0.0210574 0.999711 -0.0116185 -6.18894 0.111568 0.00919886 0.993714 296.775 
0.990387 -0.0210294 -0.136718 -4.11517 0.0195466 0.999735 -0.0121798 -6.21527 0.136938 0.00939036 0.990535 297.39 
0.986087 -0.0200125 -0.16502 -4.23113 0.0181856 0.999756 -0.0125749 -6.23403 0.165232 0.00939902 0.98621 297.992 
0.980409 -0.0192577 -0.196029 -4.36771 0.0172488 0.99978 -0.0119503 -6.26175 0.196216 0.00833497 0.980525 298.592 
0.972973 -0.0196916 -0.230078 -4.52038 0.0176727 0.999785 -0.0108328 -6.28855 0.230242 0.00647398 0.973112 299.17 
0.96358 -0.019816 -0.266686 -4.68521 0.0177861 0.999792 -0.0100253 -6.31031 0.266829 0.00491692 0.963731 299.725 
0.952177 -0.0186943 -0.304975 -4.86574 0.0170049 0.999822 -0.0081953 -6.33763 0.305074 0.00261735 0.952325 300.269 
0.938528 -0.0175367 -0.344759 -5.06001 0.0162166 0.999846 -0.00671289 -6.3596 0.344823 0.000709483 0.938667 300.795 
0.922599 -0.0174029 -0.385368 -5.27205 0.016484 0.999848 -0.00568868 -6.38463 0.385408 -0.00110396 0.922746 301.314 
0.904151 -0.0177041 -0.426846 -5.49838 0.0172478 0.999839 -0.00493539 -6.40575 0.426865 -0.00289978 0.904311 301.825 
0.882935 -0.018373 -0.469135 -5.75032 0.0182955 0.999822 -0.00472359 -6.42304 0.469138 -0.00441239 0.883114 302.309 
0.858568 -0.0189294 -0.51235 -6.01925 0.0192739 0.999804 -0.00464096 -6.44609 0.512338 -0.00589034 0.858764 302.775 
0.83128 -0.0197766 -0.555502 -6.31995 0.0208076 0.999774 -0.00445594 -6.4638 0.555465 -0.00785447 0.831503 303.214 
0.800845 -0.0200087 -0.598537 -6.6379 0.0216634 0.999756 -0.00443552 -6.47066 0.59848 -0.00941416 0.801083 303.631 
0.767942 -0.0188404 -0.640243 -7.01255 0.0204669 0.999779 -0.00487144 -6.48678 0.640193 -0.00936276 0.768157 303.994 
0.73133 -0.0196147 -0.681741 -7.38674 0.0214182 0.999754 -0.00578828 -6.50091 0.681687 -0.0103685 0.731571 304.36 
0.690882 -0.0207115 -0.722671 -7.75778 0.0249399 0.999677 -0.0048076 -6.51653 0.722537 -0.0147018 0.691175 304.677 
0.646521 -0.0213828 -0.762596 -8.15913 0.0301323 0.999543 -0.00248083 -6.52724 0.762301 -0.0213748 0.64687 304.955 
0.598002 -0.0210325 -0.801219 -8.57105 0.0331263 0.99945 -0.00151185 -6.52561 0.80081 -0.0256373 0.59837 305.188 
0.546433 -0.0171622 -0.837327 -9.00509 0.0308064 0.999525 -0.000382655 -6.53634 0.836936 -0.0255859 0.546703 305.39 
0.492783 -0.011312 -0.870079 -9.43809 0.0247897 0.999692 0.0010429 -6.54204 0.869799 -0.0220828 0.492912 305.562 
0.43668 -0.00725939 -0.899588 -9.87297 0.0203679 0.999791 0.00181904 -6.5528 0.899386 -0.019117 0.436737 305.716 
0.378608 -0.00534226 -0.925542 -10.328 0.0184554 0.999828 0.00177843 -6.55507 0.925373 -0.0177546 0.378641 305.853 
0.319761 -0.0038068 -0.947491 -10.775 0.0186652 0.999823 0.0022821 -6.54824 0.947314 -0.0184148 0.319776 305.951 
0.259494 -0.000668798 -0.965744 -11.1891 0.0194082 0.999801 0.00452258 -6.55097 0.96555 -0.0199169 0.259456 306.034 
0.198392 0.00266625 -0.980119 -11.6187 0.0199616 0.999778 0.00676029 -6.54589 0.979919 -0.0209059 0.198295 306.089 
0.134788 0.0061218 -0.990856 -12.055 0.0204629 0.999751 0.00896037 -6.55158 0.990663 -0.0214835 0.134629 306.114 
0.0698615 0.00998045 -0.997507 -12.4878 0.0190933 0.999753 0.0113401 -6.55351 0.997374 -0.0198379 0.0696537 306.1 
0.00349741 0.0156746 -0.999871 -12.9341 0.019279 0.99969 0.0157392 -6.55204 0.999808 -0.0193315 0.00319414 306.064 
-0.0644517 0.0227121 -0.997662 -13.3856 0.0190336 0.999587 0.0215263 -6.55452 0.997739 -0.0176017 -0.0648573 306.004 
-0.132775 0.0292134 -0.990716 -13.8597 0.0193395 0.999452 0.0268791 -6.54408 0.990958 -0.015591 -0.133267 305.905 
-0.200741 0.0353273 -0.979007 -14.3411 0.019972 0.99929 0.031964 -6.53504 0.979441 -0.0131362 -0.201303 305.775 
-0.26672 0.0412186 -0.962892 -14.8091 0.0221246 0.999084 0.0366394 -6.52521 0.96352 -0.0115311 -0.267388 305.603 
-0.330804 0.0450142 -0.942625 -15.2867 0.0241766 0.998938 0.0392188 -6.50849 0.94339 -0.00981574 -0.331541 305.394 
-0.391905 0.0473053 -0.918789 -15.7562 0.0257397 0.99885 0.0404483 -6.49616 0.919646 -0.0077974 -0.392672 305.146 
-0.450169 0.0476356 -0.891672 -16.2224 0.0274836 0.998842 0.0394856 -6.47587 0.89252 -0.00673118 -0.450957 304.863 
-0.50514 0.0477333 -0.861717 -16.6874 0.0286301 0.998847 0.0385464 -6.45609 0.862563 -0.00519971 -0.505924 304.546 
-0.555597 0.0477672 -0.830078 -17.15 0.0293369 0.998853 0.0378433 -6.43285 0.830934 -0.0033263 -0.556361 304.191 
-0.600834 0.047942 -0.797935 -17.6002 0.029887 0.998849 0.0375091 -6.41281 0.798815 -0.00131109 -0.601576 303.806 
-0.640598 0.0482569 -0.766358 -18.0545 0.0296311 0.998834 0.038127 -6.38915 0.767304 0.00171612 -0.641281 303.382 
-0.676943 0.0520199 -0.734195 -18.5021 0.0332945 0.998643 0.0400585 -6.36803 0.735282 0.00267268 -0.677756 302.931 
-0.712367 0.0587966 -0.69934 -18.9464 0.0403575 0.998267 0.0428194 -6.34343 0.700646 0.00227956 -0.713506 302.442 
-0.746781 0.0640541 -0.661978 -19.3875 0.045575 0.99794 0.0451489 -6.31387 0.663507 0.00354669 -0.748162 301.915 
-0.778249 0.0653095 -0.624551 -19.8089 0.047363 0.997849 0.0453266 -6.28637 0.626168 0.00569478 -0.779668 301.344 
-0.806848 0.0618288 -0.587514 -20.1989 0.0460562 0.998065 0.0417841 -6.26135 0.588961 0.00665476 -0.808134 300.744 
-0.832662 0.0586825 -0.550663 -20.5835 0.0460265 0.998263 0.0367848 -6.23456 0.551865 0.0052842 -0.833917 300.104 
-0.856175 0.0532207 -0.513937 -20.9423 0.0434042 0.998573 0.0310995 -6.20312 0.514859 0.0043196 -0.857264 299.431 
-0.877388 0.0506439 -0.4771 -21.3001 0.0429622 0.998712 0.027005 -6.17622 0.477853 0.00319659 -0.878434 298.71 
-0.896651 0.0488921 -0.440031 -21.6324 0.0413565 0.998788 0.0267039 -6.16184 0.440803 0.00574598 -0.897585 297.957 
-0.914388 0.0450716 -0.402322 -21.9426 0.03804 0.998952 0.0254548 -6.14683 0.403048 0.00797123 -0.915144 297.168 
-0.930426 0.0449901 -0.363707 -22.2331 0.0388163 0.998952 0.0242702 -6.12691 0.364418 0.00846381 -0.931197 296.365 
-0.944903 0.0470415 -0.323952 -22.5009 0.0413786 0.998847 0.0243508 -6.10456 0.324724 0.00960448 -0.94576 295.534 
-0.957216 0.0504068 -0.284952 -22.7312 0.0452558 0.998672 0.0246368 -6.09527 0.285815 0.010687 -0.958225 294.655 
-0.967691 0.0510612 -0.246914 -22.9313 0.0458838 0.99859 0.0266809 -6.07665 0.247928 0.0144895 -0.96867 293.785 
-0.976387 0.0533584 -0.209336 -23.1005 0.0485828 0.99843 0.0278931 -6.06612 0.210496 0.0170643 -0.977446 292.86 
-0.983613 0.0521381 -0.172588 -23.2428 0.048156 0.99847 0.0271824 -6.04663 0.173741 0.0184258 -0.984619 291.903 
-0.989135 0.0505496 -0.138046 -23.3559 0.0477338 0.99858 0.0236349 -6.03043 0.139045 0.0167887 -0.990144 290.921 
-0.993319 0.0491212 -0.104426 -23.441 0.0471853 0.998667 0.0209302 -6.02088 0.105315 0.015863 -0.994312 289.915 
-0.99621 0.0472802 -0.0730082 -23.4891 0.0459316 0.998744 0.0200418 -6.00076 0.073864 0.0166124 -0.99713 288.871 
-0.998054 0.0456279 -0.0425064 -23.5089 0.0447919 0.998788 0.0204156 -5.99148 0.0433864 0.0184719 -0.998888 287.809 
