1 2.12261e-08 -2.11895e-08 0 2.12261e-08 1 2.10703e-08 0 -2.11895e-08 2.10703e-08 1 0 
0.999979 0.000747554 -0.00641845 -0.00933731 -0.000747196 1 5.17186e-05 9.62231e-05 0.00641845 -4.68795e-05 0.999979 0.0933487 
0.999911 0.00162864 -0.0132084 -0.0242494 -0.00162994 0.999999 -9.11827e-05 -0.00169528 0.0132082 0.000112746 0.999913 0.189596 
0.999782 0.00194734 -0.0207872 -0.0369787 -0.00196034 0.999998 -0.000607319 -0.00309416 0.0207859 0.000647979 0.999784 0.288861 
0.999549 0.00254577 -0.029927 -0.0542882 -0.00260241 0.999995 -0.00185505 -0.00456996 0.0299221 0.00193214 0.99955 0.394813 
0.99914 0.00258892 -0.0413892 -0.0727029 -0.00272585 0.999991 -0.00325327 -0.00619979 0.0413804 0.00336334 0.999138 0.510223 
0.998483 0.00250055 -0.0550096 -0.0956558 -0.00271444 0.999989 -0.00381451 -0.00894111 0.0549994 0.00395808 0.998479 0.639152 
0.997464 0.00292183 -0.0711132 -0.128171 -0.00320829 0.999987 -0.00391481 -0.00849939 0.0711008 0.00413307 0.997461 0.783987 
0.995974 0.00162738 -0.0896313 -0.151369 -0.00197295 0.999991 -0.00376755 -0.0106327 0.0896243 0.00392927 0.995968 0.916944 
0.993957 0.000487946 -0.109766 -0.188442 -0.000912299 0.999992 -0.00381617 -0.012872 0.109763 0.00389329 0.99395 1.08418 
0.991272 0.000651773 -0.131832 -0.229866 -0.00118363 0.999992 -0.00395634 -0.0169467 0.131828 0.00407789 0.991264 1.24082 
0.987788 0.00407636 -0.155754 -0.292799 -0.00493326 0.999975 -0.00511573 -0.0230469 0.155729 0.00582167 0.987783 1.41669 
0.983459 0.00867017 -0.180922 -0.359861 -0.0100319 0.999928 -0.00661305 -0.028563 0.180851 0.0083187 0.983475 1.58878 
0.978034 0.0114073 -0.208136 -0.430248 -0.013192 0.999887 -0.00718877 -0.0387374 0.20803 0.00977663 0.978074 1.77661 
0.971368 0.0121951 -0.237268 -0.511529 -0.0142741 0.999873 -0.00704625 -0.0442803 0.237152 0.0102313 0.971419 1.96673 
0.96331 0.0134473 -0.268055 -0.593362 -0.0157725 0.999854 -0.00652281 -0.0451938 0.267928 0.0105114 0.963382 2.15236 
0.953783 0.0146739 -0.300139 -0.689559 -0.0172037 0.999835 -0.00578788 -0.0416414 0.300005 0.0106839 0.953878 2.34925 
0.942467 0.0161882 -0.333906 -0.791978 -0.0189299 0.999809 -0.00495865 -0.0404751 0.333762 0.0109942 0.942593 2.54766 
0.929906 0.0179478 -0.36736 -0.905005 -0.0211089 0.999767 -0.00458872 -0.0421163 0.367192 0.0120217 0.930068 2.7429 
0.915898 0.0198942 -0.400918 -1.0303 -0.0235594 0.999714 -0.00421394 -0.0396861 0.40072 0.013305 0.916104 2.94196 
0.899801 0.0200824 -0.435839 -1.16542 -0.0241325 0.999702 -0.00375849 -0.0379312 0.435633 0.0138998 0.900017 3.13814 
0.881093 0.0151589 -0.4727 -1.29987 -0.0195963 0.999798 -0.00446451 -0.0381636 0.472537 0.0131969 0.881212 3.33709 
0.859571 0.00909659 -0.510935 -1.45442 -0.0138624 0.999889 -0.00551959 -0.0333647 0.510828 0.0118273 0.859601 3.55892 
0.834183 0.0105535 -0.551386 -1.62407 -0.014206 0.999896 -0.00235411 -0.0382096 0.551304 0.00979681 0.834247 3.75698 
0.804729 0.0161587 -0.593422 -1.8181 -0.0191073 0.999817 0.00131357 -0.0441608 0.593335 0.0102817 0.80489 3.94391 
0.771592 0.0187052 -0.635843 -2.02318 -0.0219579 0.999755 0.0027649 -0.0461654 0.635739 0.0118285 0.771814 4.12511 
0.734879 0.0181513 -0.677955 -2.24124 -0.021547 0.999762 0.00341096 -0.0467401 0.677856 0.0121013 0.735095 4.30419 
0.694515 0.013727 -0.719347 -2.47121 -0.0153091 0.999874 0.0042995 -0.0478128 0.719315 0.00802655 0.694638 4.47968 
0.651223 0.0100659 -0.75882 -2.71997 -0.00991092 0.99994 0.00475881 -0.0474327 0.758822 0.00442161 0.651284 4.6468 
0.606046 0.00951032 -0.795373 -2.99922 -0.00721217 0.999953 0.00646106 -0.0443576 0.795397 0.00182071 0.606087 4.79839 
0.55745 0.0100539 -0.83015 -3.29286 -0.00468215 0.999949 0.00896622 -0.0431849 0.830197 -0.00111128 0.557468 4.94275 
0.506356 0.0106558 -0.862259 -3.5958 -0.00325652 0.99994 0.0104449 -0.0391506 0.862319 -0.00248081 0.50636 5.06299 
0.453552 0.0122735 -0.891146 -3.87221 -0.00234037 0.999918 0.0125804 -0.0424174 0.891227 -0.00362019 0.453543 5.15976 
0.39895 0.0143238 -0.916861 -4.19368 -0.00164607 0.999888 0.0149046 -0.0400051 0.916971 -0.00443693 0.398929 5.25041 
0.343661 0.0163586 -0.938951 -4.52869 -0.00125428 0.999855 0.0169606 -0.0392403 0.939093 -0.00465094 0.343632 5.32269 
0.288557 0.0192508 -0.957269 -4.89511 0.000911401 0.999792 0.0203806 -0.0365913 0.957462 -0.00675339 0.28848 5.38977 
0.234885 0.0213026 -0.97179 -5.26715 0.00552816 0.999714 0.0232509 -0.0399938 0.972007 -0.0108335 0.2347 5.43972 
0.184142 0.0217315 -0.982659 -5.65663 0.00756426 0.999695 0.0235258 -0.0395234 0.982871 -0.0117651 0.183921 5.46778 
0.136847 0.0224806 -0.990337 -6.06593 0.00474115 0.999716 0.0233487 -0.0364192 0.990581 -0.00789049 0.136702 5.47582 
0.0946119 0.0226017 -0.995258 -6.49466 0.00301989 0.999731 0.0229904 -0.0324763 0.99551 -0.00518069 0.0945182 5.46836 
0.0568905 0.0211895 -0.998156 -6.94303 0.00146853 0.999772 0.0213075 -0.0249518 0.998379 -0.00267797 0.0568464 5.45096 
0.0224113 0.0185102 -0.999578 -7.41053 0.00296331 0.999823 0.0185812 -0.0200193 0.999744 -0.00337845 0.0223525 5.42734 
-0.00897035 0.0155921 -0.999838 -7.89179 0.00334284 0.999873 0.0155627 -0.0143676 0.999954 -0.00320265 -0.00902134 5.3917 
-0.035301 0.0140917 -0.999277 -8.39607 0.00344106 0.999896 0.0139789 -0.0169482 0.999371 -0.00294506 -0.0353459 5.33507 
-0.0560138 0.0116649 -0.998362 -8.90045 0.00296755 0.999929 0.0115168 -0.0122216 0.998426 -0.00231755 -0.0560444 5.27848 
-0.0723679 0.0109493 -0.997318 -9.43009 0.00324426 0.999937 0.0107427 -0.00581858 0.997373 -0.00245809 -0.0723989 5.21795 
-0.0853026 0.0112556 -0.996292 -9.98328 0.00429858 0.999931 0.0109287 0.000832821 0.996346 -0.00335035 -0.0853451 5.14901 
-0.0947574 0.0123789 -0.995423 -10.5519 0.00329174 0.999921 0.0121214 -0.00272361 0.995495 -0.00212804 -0.0947907 5.06815 
-0.101625 0.0137009 -0.994728 -11.1345 0.00141737 0.999906 0.0136274 -0.00685319 0.994822 -2.49698e-05 -0.101635 4.99174 
-0.106172 0.0144445 -0.994243 -11.7374 0.00170142 0.999896 0.014345 0.0028846 0.994346 -0.00016855 -0.106186 4.91328 
-0.107584 0.0150131 -0.994083 -12.348 0.00411651 0.999884 0.0146552 0.0111185 0.994188 -0.00251544 -0.107633 4.83694 
-0.106753 0.0174158 -0.994133 -12.9748 0.00641425 0.999838 0.016827 0.013721 0.994265 -0.00458024 -0.106848 4.76222 
-0.105071 0.0198219 -0.994267 -13.6268 0.00591357 0.999796 0.0193072 0.017052 0.994447 -0.003851 -0.105167 4.67218 
-0.103447 0.0197121 -0.99444 -14.2744 0.00395819 0.999804 0.0194067 0.0197866 0.994627 -0.00192859 -0.103504 4.59142 
-0.101744 0.0171719 -0.994662 -14.9339 0.00215121 0.999853 0.0170414 0.0240901 0.994808 -0.000405827 -0.101766 4.50861 
-0.100661 0.0169925 -0.994776 -15.6151 0.00215088 0.999856 0.0168617 0.0339547 0.994918 -0.000442286 -0.100683 4.43122 
-0.0988282 0.0196877 -0.99491 -16.3183 0.00314272 0.999805 0.0194724 0.0482926 0.9951 -0.00120226 -0.0988709 4.34447 
-0.0966325 0.0232094 -0.99505 -17.0427 0.00210069 0.999731 0.0231146 0.0553396 0.995318 0.000143368 -0.0966552 4.25143 
-0.0947658 0.0253541 -0.995177 -17.7791 0.00170852 0.999678 0.0253061 0.0607972 0.995498 0.000697912 -0.0947786 4.1626 
-0.0931206 0.0247327 -0.995348 -18.5084 -0.000129266 0.999691 0.0248527 0.0667652 0.995655 0.002443 -0.0930886 4.08225 
-0.0913571 0.0215887 -0.995584 -19.2684 -0.00200276 0.999759 0.021863 0.0804113 0.995816 0.0039913 -0.0912918 3.9914 
-0.089867 0.020948 -0.995733 -20.0343 -0.00329142 0.999767 0.0213299 0.0877057 0.995948 0.00519427 -0.0897771 3.90669 
-0.0884502 0.023623 -0.9958 -20.8161 -0.000197155 0.999718 0.0237334 0.0938077 0.996081 0.00229559 -0.0884207 3.82617 
-0.0873585 0.0259596 -0.995839 -21.6087 0.00214628 0.999663 0.025871 0.101315 0.996175 0.000122736 -0.0873847 3.74662 
-0.0861003 0.0278143 -0.995898 -22.4068 0.00344655 0.999613 0.0276201 0.109085 0.996281 -0.00105427 -0.0861628 3.66217 
-0.0855741 0.0232092 -0.996061 -23.2019 0.00376937 0.999729 0.0229708 0.115253 0.996325 -0.00178878 -0.0856384 3.58019 
-0.0853266 0.0162099 -0.996221 -24.0127 0.00550576 0.99986 0.0157976 0.12174 0.996338 -0.00413696 -0.0854039 3.49956 
-0.0855056 0.0118623 -0.996267 -24.8361 0.008375 0.999902 0.0111867 0.122726 0.996303 -0.00738717 -0.0855966 3.41807 
-0.0860476 0.0125326 -0.996212 -25.6663 0.0100794 0.999881 0.0117081 0.130647 0.99624 -0.0090337 -0.0861636 3.33396 
-0.0861491 0.0200868 -0.99608 -26.5121 0.00959533 0.999767 0.0193313 0.128402 0.996236 -0.0078923 -0.0863217 3.24331 
-0.0865512 0.027246 -0.995875 -27.3611 0.00846916 0.99961 0.0266122 0.132406 0.996211 -0.00613086 -0.0867482 3.15261 
-0.0869117 0.0324752 -0.995687 -28.2148 0.00684879 0.999464 0.0320006 0.139661 0.996193 -0.00403799 -0.0870875 3.05476 
-0.0872384 0.0327239 -0.99565 -29.0564 0.00523215 0.999462 0.0323907 0.150054 0.996174 -0.00238364 -0.0873626 2.96079 
-0.0876464 0.0291888 -0.995724 -29.8966 0.00548641 0.99957 0.0288186 0.161891 0.996137 -0.00293706 -0.0877688 2.87027 
-0.088024 0.0265445 -0.995765 -30.7424 0.00544253 0.999643 0.0261668 0.173447 0.996104 -0.00311614 -0.088137 2.77307 
-0.0880854 0.0274737 -0.995734 -31.5902 0.00431172 0.999621 0.0271996 0.188391 0.996104 -0.0018974 -0.0881705 2.67155 
-0.0881095 0.0300726 -0.995657 -32.4245 0.00354197 0.999547 0.0298767 0.190336 0.996105 -0.000894132 -0.0881761 2.58427 
-0.0879942 0.0285155 -0.995713 -33.2687 0.00281214 0.999593 0.0283781 0.195246 0.996117 -0.000302934 -0.0880386 2.48893 
-0.0878587 0.0233036 -0.99586 -34.0943 0.00197771 0.999728 0.0232197 0.203658 0.996131 7.05699e-05 -0.0878809 2.40322 
-0.0878527 0.0190081 -0.995952 -34.9283 0.000595404 0.999819 0.0190294 0.211447 0.996133 0.00107883 -0.0878481 2.31467 
-0.0873174 0.0195537 -0.995989 -35.7717 0.00130314 0.999809 0.0195144 0.221336 0.99618 0.000406072 -0.0873262 2.22397 
-0.0870347 0.0221415 -0.995959 -36.6095 0.00252292 0.999755 0.0220054 0.223119 0.996202 -0.000597453 -0.0870692 2.14022 
-0.0867156 0.0270457 -0.995866 -37.4521 0.00299122 0.999634 0.0268875 0.228678 0.996229 -0.000647244 -0.0867648 2.05293 
-0.0862702 0.0326011 -0.995738 -38.2973 0.00435911 0.999467 0.0323455 0.24023 0.996262 -0.00155003 -0.0863664 1.96754 
-0.0865297 0.0359889 -0.995599 -39.1346 0.00432293 0.999352 0.0357488 0.247525 0.99624 -0.00121053 -0.0866292 1.87826 
-0.0861348 0.0357297 -0.995643 -39.966 0.00438135 0.999361 0.0354841 0.261966 0.996274 -0.00130581 -0.0862363 1.78805 
-0.0862576 0.0314371 -0.995777 -40.7957 0.00464172 0.999504 0.0311527 0.271934 0.996262 -0.00193492 -0.0863607 1.70422 
-0.0859812 0.0270354 -0.99593 -41.6185 0.00352922 0.999634 0.0268312 0.281339 0.996291 -0.00120783 -0.0860451 1.61674 
-0.0860736 0.0237984 -0.996005 -42.4558 -0.000267933 0.999714 0.0239102 0.295723 0.996289 0.00232494 -0.0860426 1.52616 
-0.0864147 0.0220654 -0.996015 -43.281 -0.00340093 0.999742 0.022443 0.299468 0.996253 0.00532683 -0.0863174 1.42668 
-0.087043 0.0203055 -0.995998 -44.1114 -0.00135146 0.999789 0.0205009 0.298336 0.996204 0.00313055 -0.0869971 1.3372 
-0.0881261 0.0165493 -0.995972 -44.9386 0.0020702 0.999863 0.0164308 0.302596 0.996107 -0.00061384 -0.0881482 1.24909 
-0.0889116 0.0153136 -0.995922 -45.7604 0.00643775 0.99987 0.0147996 0.302492 0.996019 -0.0050956 -0.0889986 1.16111 
-0.0907782 0.0187394 -0.995695 -46.5771 0.00692749 0.999811 0.0181852 0.305254 0.995847 -0.0052468 -0.0908908 1.06996 
-0.0923535 0.0250222 -0.995412 -47.4119 0.00951896 0.999661 0.0242459 0.305018 0.995681 -0.00723606 -0.0925604 0.975908 
-0.0942552 0.0286514 -0.995136 -48.2309 0.0115931 0.99955 0.0276805 0.311291 0.995481 -0.00892759 -0.0945449 0.88323 
-0.0956263 0.0280593 -0.995022 -49.0344 0.01138 0.999568 0.0270939 0.311253 0.995352 -0.00873246 -0.0959043 0.787833 
-0.0965765 0.0239834 -0.995037 -49.8334 0.00787479 0.999697 0.0233314 0.314686 0.995294 -0.00558239 -0.0967361 0.688086 
-0.0976858 0.0200196 -0.995016 -50.6249 0.00313526 0.999799 0.019808 0.321027 0.995212 -0.00118463 -0.097729 0.583889 
-0.0989431 0.0186749 -0.994918 -51.4155 -0.000793641 0.999822 0.0188458 0.321013 0.995093 0.00265431 -0.0989107 0.480007 
-0.0997355 0.019718 -0.994819 -52.2064 -0.00266513 0.999795 0.0200838 0.321228 0.99501 0.00465443 -0.0996625 0.380638 
-0.100665 0.021186 -0.994695 -52.9972 -0.00225208 0.999766 0.0215219 0.323493 0.994918 0.00440669 -0.100594 0.283902 
-0.101507 0.0207551 -0.994618 -53.783 -0.00406405 0.999765 0.0212773 0.323657 0.994827 0.00620203 -0.101399 0.181107 
-0.10201 0.0205415 -0.994571 -54.5647 -0.00471359 0.999766 0.0211323 0.326181 0.994772 0.00684376 -0.10189 0.0803161 
-0.102523 0.0224289 -0.994478 -55.3463 -0.00278313 0.999735 0.0228344 0.328911 0.994727 0.00510886 -0.102434 -0.0161936 
-0.102923 0.0255119 -0.994362 -56.1156 -0.00172142 0.999665 0.0258261 0.330525 0.994688 0.00436986 -0.102845 -0.108181 
-0.103254 0.0296938 -0.994212 -56.8842 -0.0017039 0.999548 0.0300301 0.336067 0.994654 0.00479481 -0.103157 -0.201385 
-0.103672 0.0319055 -0.9941 -57.6583 -0.00160486 0.999479 0.0322455 0.340196 0.99461 0.00493837 -0.103566 -0.305578 
-0.104228 0.031706 -0.994048 -58.4322 -0.00101621 0.999488 0.0319861 0.351563 0.994553 0.00434406 -0.104143 -0.410105 
-0.104513 0.0298621 -0.994075 -59.1884 -0.000284165 0.999548 0.0300564 0.35663 0.994524 0.00342381 -0.104457 -0.509732 
-0.104883 0.0260573 -0.994143 -59.9336 0.000228958 0.999657 0.0261776 0.366718 0.994485 0.00251802 -0.104853 -0.604989 
-0.104682 0.0230074 -0.99424 -60.67 0.000201818 0.999733 0.0231133 0.373159 0.994506 0.00221894 -0.104659 -0.702495 
-0.103529 0.0206373 -0.994412 -61.3896 -0.000287942 0.999784 0.0207788 0.37701 0.994626 0.00243758 -0.103501 -0.794182 
-0.101123 0.019888 -0.994675 -62.0916 -0.00236776 0.999793 0.0202311 0.377574 0.994871 0.00440102 -0.101055 -0.890173 
-0.0971316 0.0206633 -0.995057 -62.7759 -0.00246791 0.999776 0.0210023 0.379883 0.995269 0.00449573 -0.0970589 -0.969708 
-0.0914252 0.0220926 -0.995567 -63.448 -0.00180682 0.999749 0.0223514 0.382655 0.99581 0.00384233 -0.0913623 -1.04267 
-0.0841313 0.023509 -0.996177 -64.1062 -0.00072733 0.99972 0.0236541 0.386522 0.996454 0.00271464 -0.0840906 -1.11059 
-0.0754146 0.0247261 -0.996846 -64.7421 -0.00164049 0.999688 0.0249207 0.386004 0.997151 0.00351474 -0.0753505 -1.16803 
-0.0637275 0.0263127 -0.99762 -65.3698 -0.00351923 0.99964 0.0265908 0.388333 0.997961 0.00520546 -0.063612 -1.21932 
-0.0489961 0.027827 -0.998411 -65.9761 -0.00656942 0.999581 0.028182 0.391115 0.998777 0.00793983 -0.0487928 -1.2533 
-0.0306533 0.0289824 -0.99911 -66.5568 -0.0079593 0.999541 0.0292391 0.395899 0.999498 0.00884853 -0.0304085 -1.2749 
-0.00876657 0.0297409 -0.999519 -67.1197 -0.00859349 0.999518 0.0298163 0.399858 0.999925 0.00885079 -0.00850677 -1.27364 
0.0166013 0.0299551 -0.999413 -67.6559 -0.00796847 0.999523 0.029826 0.404856 0.99983 0.00746868 0.0168321 -1.25576 
0.0456394 0.0296075 -0.998519 -68.1714 -0.00632536 0.999549 0.029349 0.408895 0.998938 0.00497657 0.0458061 -1.21239 
0.0793433 0.0294973 -0.996411 -68.6614 -0.00509415 0.999561 0.0291849 0.415223 0.996834 0.00276028 0.0794587 -1.14632 
0.116624 0.0297113 -0.992732 -69.1267 -0.00428583 0.999558 0.0294122 0.422391 0.993167 0.000824569 0.116699 -1.05965 
0.157326 0.0294128 -0.987109 -69.5817 -0.00400374 0.999567 0.0291459 0.425014 0.987539 -0.000633248 0.157376 -0.963753 
0.202398 0.0304401 -0.97883 -70.0184 -0.00279675 0.999531 0.0305055 0.427188 0.979299 -0.00343667 0.202388 -0.845031 
0.250758 0.0293427 -0.967605 -70.4364 0.000489123 0.999537 0.0304378 0.423746 0.96805 -0.00810577 0.250628 -0.702516 
0.301174 0.0246814 -0.95325 -70.836 0.00829601 0.999559 0.0285016 0.421953 0.953533 -0.016492 0.300836 -0.54298 
0.352732 0.0196712 -0.935518 -71.2238 0.0136231 0.999565 0.0261545 0.422346 0.935625 -0.0219701 0.352311 -0.360328 
0.405558 0.0149767 -0.913947 -71.5992 0.0187129 0.99952 0.0246827 0.42881 0.913878 -0.0271129 0.405083 -0.160755 
0.457254 0.014509 -0.889218 -71.9762 0.0182349 0.999504 0.0256852 0.43755 0.889149 -0.0279594 0.456762 0.0576584 
0.505706 0.0130624 -0.862607 -72.3359 0.0196523 0.999452 0.0266558 0.448485 0.862482 -0.0304322 0.505172 0.302008 
0.551022 0.00912163 -0.834441 -72.6719 0.0269653 0.999223 0.0287294 0.45204 0.834055 -0.0383315 0.550348 0.567383 
0.595303 0.00264129 -0.803497 -72.9942 0.0372285 0.99883 0.0308656 0.457318 0.802639 -0.0482873 0.594508 0.857227 
0.638531 -0.00185881 -0.769594 -73.3022 0.0379987 0.998854 0.0291149 0.45732 0.768657 -0.0478343 0.63787 1.14762 
0.680532 -0.00629702 -0.732691 -73.597 0.0342269 0.999145 0.0232033 0.460226 0.731918 -0.0408683 0.680166 1.44302 
0.721688 -0.0125479 -0.692105 -73.8636 0.0298176 0.999471 0.0129716 0.463268 0.691576 -0.0299983 0.72168 1.7468 
0.76153 -0.0154243 -0.647946 -74.1287 0.0247994 0.999678 0.00534946 0.469476 0.647655 -0.0201424 0.761668 2.08497 
0.799249 -0.0166162 -0.60077 -74.3957 0.0230156 0.999731 0.00296849 0.474182 0.600559 -0.0161996 0.799417 2.46513 
0.833781 -0.0176852 -0.551812 -74.6431 0.0224052 0.999747 0.00181275 0.476348 0.551641 -0.0138749 0.833967 2.8699 
0.864803 -0.0167011 -0.501833 -74.8862 0.0192088 0.999816 -0.000171842 0.480708 0.501744 -0.00949096 0.864964 3.30863 
0.891055 -0.0150907 -0.453645 -75.1063 0.017865 0.999839 0.00183058 0.473711 0.453544 -0.00973548 0.891181 3.77394 
0.912524 -0.00873561 -0.408931 -75.3275 0.0109407 0.999936 0.00305326 0.474045 0.408878 -0.00726012 0.91256 4.27235 
0.930252 -0.00430601 -0.366895 -75.5345 0.00528303 0.999985 0.0016587 0.475408 0.366883 -0.00348128 0.930261 4.78221 
0.943837 0.00108517 -0.33041 -75.7234 2.84203e-05 0.999994 0.00336539 0.472882 0.330412 -0.00318572 0.943832 5.31951 
0.953966 0.00192005 -0.299908 -75.9007 -0.000227007 0.999984 0.00567983 0.4662 0.299914 -0.00535024 0.953951 5.88301 
0.961303 0.00150326 -0.27549 -76.0639 0.000548119 0.999973 0.00736901 0.463386 0.275494 -0.00723481 0.961276 6.46416 
0.967103 0.00156992 -0.254381 -76.2236 0.000892408 0.999954 0.00956386 0.463108 0.254384 -0.0094762 0.967057 7.06567 
0.971757 0.00362013 -0.235957 -76.3845 -0.000796488 0.999927 0.0120608 0.468584 0.235984 -0.0115322 0.971689 7.68605 
0.975359 0.00873785 -0.220451 -76.5443 -0.00589025 0.999891 0.013571 0.470853 0.220546 -0.0119381 0.975304 8.32199 
0.97824 0.0123949 -0.207107 -76.6903 -0.00953597 0.999845 0.0147968 0.471355 0.207258 -0.0124998 0.978206 8.9648 
0.980962 0.0107598 -0.193903 -76.832 -0.00809357 0.999862 0.0145369 0.474382 0.194033 -0.0126907 0.980913 9.63258 
0.983574 0.0106208 -0.180191 -76.9656 -0.00822234 0.999867 0.0140523 0.481569 0.180316 -0.0123398 0.983531 10.3167 
0.986141 0.0111468 -0.165537 -77.09 -0.0088405 0.999853 0.0146625 0.486454 0.165676 -0.0129958 0.986095 11.0133 
0.98841 0.0129381 -0.151256 -77.2072 -0.0107598 0.999826 0.0152104 0.486129 0.151427 -0.0134066 0.988378 11.7115 
0.990275 0.0130798 -0.138506 -77.3221 -0.0114568 0.999856 0.0125083 0.485475 0.13865 -0.0107998 0.990283 12.4344 
0.991751 0.0138913 -0.127427 -77.4259 -0.0130897 0.999889 0.00712508 0.483457 0.127512 -0.00539827 0.991822 13.1591 
0.99294 0.0115796 -0.118052 -77.5219 -0.0115344 0.999933 0.00106508 0.484895 0.118056 0.000304143 0.993007 13.899 
0.993878 0.0119976 -0.10983 -77.6163 -0.0119894 0.999928 0.000734182 0.481969 0.109831 0.000587158 0.99395 14.6481 
0.994568 0.0139869 -0.103146 -77.7085 -0.0133488 0.999887 0.0068743 0.477094 0.10323 -0.00546004 0.994643 15.4084 
0.995008 0.0189719 -0.0979764 -77.8026 -0.0175837 0.999733 0.0150118 0.466361 0.098235 -0.013214 0.995076 16.1715 
0.995392 0.0199654 -0.0937885 -77.8833 -0.0182724 0.999655 0.0188744 0.459629 0.0941329 -0.0170737 0.995413 16.9303 
0.995727 0.0189804 -0.0903739 -77.9667 -0.0174527 0.999692 0.0176642 0.460985 0.0906812 -0.0160114 0.995751 17.6992 
0.996021 0.018487 -0.0871839 -78.0508 -0.017089 0.999714 0.0167543 0.461408 0.0874686 -0.0151977 0.996051 18.4696 
0.996297 0.0175225 -0.0841702 -78.1232 -0.0159717 0.999691 0.0190624 0.458381 0.0844782 -0.0176474 0.996269 19.2259 
0.996535 0.0156542 -0.0816884 -78.1915 -0.0139453 0.999673 0.0214486 0.459747 0.0819974 -0.0202351 0.996427 19.9811 
0.99679 0.0139057 -0.0788505 -78.256 -0.0121092 0.999657 0.0232158 0.457715 0.0791462 -0.0221864 0.996616 20.7369 
0.997011 0.0132571 -0.0761192 -78.3244 -0.0117987 0.999739 0.0195772 0.456337 0.0763588 -0.0186206 0.996907 21.4917 
0.997091 0.0159771 -0.0745332 -78.3957 -0.0151093 0.999812 0.0121924 0.455159 0.0747139 -0.0110307 0.997144 22.2436 
0.997195 0.016505 -0.0729993 -78.4654 -0.0162162 0.999858 0.00454619 0.450865 0.0730639 -0.00334963 0.997322 22.9936 
0.997277 0.0171608 -0.0717242 -78.5354 -0.0171697 0.999853 0.000491672 0.443542 0.071722 0.000741191 0.997424 23.7505 
0.997403 0.0187682 -0.0695324 -78.6056 -0.0186694 0.999824 0.00206981 0.43306 0.0695589 -0.000766262 0.997578 24.511 
0.997505 0.0219456 -0.0670967 -78.6774 -0.0215878 0.999749 0.00605214 0.420788 0.0672126 -0.00458853 0.997728 25.267 
0.997578 0.0249894 -0.0649085 -78.7499 -0.0243249 0.999644 0.011007 0.412276 0.0651603 -0.00940139 0.997831 26.0325 
0.997791 0.0224585 -0.0625281 -78.8091 -0.0216962 0.999682 0.0128424 0.409716 0.0627966 -0.0114574 0.997961 26.7886 
0.997911 0.0196866 -0.0615238 -78.865 -0.0189532 0.999743 0.0124812 0.405627 0.0617536 -0.011289 0.998028 27.5391 
0.998021 0.0178272 -0.0602958 -78.923 -0.0171142 0.999778 0.0123213 0.401921 0.060502 -0.011265 0.998105 28.2933 
0.998089 0.0174869 -0.0592646 -78.983 -0.0168967 0.999803 0.0104446 0.398055 0.0594355 -0.00942319 0.998188 29.0478 
0.998171 0.0163106 -0.0582085 -79.0437 -0.0158057 0.999834 0.00912309 0.3958 0.0583476 -0.00818633 0.998263 29.7784 
0.998223 0.0152868 -0.0575896 -79.1031 -0.0147904 0.99985 0.00903429 0.394446 0.057719 -0.00816642 0.9983 30.5453 
0.998212 0.0186394 -0.0568008 -79.1629 -0.0181011 0.999786 0.00997756 0.391504 0.0569746 -0.00893152 0.998336 31.3059 
0.998209 0.0189932 -0.0567276 -79.219 -0.0185074 0.999788 0.00907608 0.385761 0.0568879 -0.0080099 0.998348 32.0652 
0.99813 0.0180694 -0.0583975 -79.2794 -0.0175802 0.999806 0.00887976 0.383044 0.0585466 -0.00783647 0.998254 32.8478 
0.99804 0.0165561 -0.0603566 -79.3387 -0.0160182 0.999828 0.00938426 0.378533 0.0605016 -0.00839902 0.998133 33.6313 
0.997837 0.0183499 -0.0631285 -79.4189 -0.0178216 0.999801 0.00892118 0.378958 0.0632796 -0.00777679 0.997966 34.4266 
0.997591 0.0215442 -0.0659428 -79.497 -0.0210393 0.999744 0.0083414 0.381897 0.0661056 -0.00693387 0.997789 35.225 
0.997394 0.022146 -0.0686584 -79.5669 -0.021958 0.999753 0.00349081 0.376523 0.0687186 -0.00197406 0.997634 36.0133 
0.997198 0.0224634 -0.0713618 -79.6401 -0.022541 0.999746 -0.000283062 0.378367 0.0713373 0.00189088 0.99745 36.8171 
0.99711 0.0220712 -0.0726939 -79.7336 -0.0222571 0.999751 -0.00174876 0.367594 0.0726371 0.00336171 0.997353 37.6493 
0.996943 0.0221972 -0.0749164 -79.8155 -0.0222546 0.999752 6.78694e-05 0.351261 0.0748993 0.00159962 0.99719 38.4821 
0.996817 0.0205264 -0.0770318 -79.8937 -0.0205057 0.999789 0.0010595 0.337817 0.0770372 0.000523501 0.997028 39.2995 
0.996711 0.0197165 -0.0786035 -79.9765 -0.0195451 0.999805 0.00294984 0.329266 0.0786463 -0.00140378 0.996902 40.1293 
0.996631 0.0189623 -0.0798003 -80.0633 -0.0185002 0.999808 0.00652581 0.323816 0.0799086 -0.00502746 0.99679 40.9728 
0.996567 0.018517 -0.0806927 -80.1516 -0.0176551 0.999779 0.0113809 0.319367 0.0808856 -0.00991711 0.996674 41.8312 
0.996622 0.018485 -0.0800186 -80.237 -0.0174693 0.999758 0.0133736 0.317923 0.0802464 -0.0119305 0.996704 42.6857 
0.99671 0.0220543 -0.0779882 -80.3249 -0.0210816 0.99969 0.0132741 0.315299 0.0782567 -0.0115863 0.996866 43.5454 
0.996849 0.0220069 -0.0762108 -80.4062 -0.0211442 0.999703 0.0121077 0.308258 0.0764546 -0.0104581 0.997018 44.3931 
0.99703 0.0195629 -0.0744821 -80.4912 -0.01888 0.999773 0.00986086 0.30713 0.0746581 -0.00842531 0.997174 45.267 
0.997234 0.0159777 -0.0725888 -80.568 -0.0154187 0.999847 0.00825457 0.300614 0.0727095 -0.00711247 0.997328 46.1458 
0.997393 0.0150594 -0.0705719 -80.648 -0.0145364 0.999863 0.00791863 0.295269 0.0706814 -0.00687209 0.997475 47.0238 
0.997498 0.0126886 -0.0695499 -80.7245 -0.0119967 0.999874 0.010357 0.290548 0.0696725 -0.00949663 0.997525 47.8928 
0.997592 0.00986668 -0.0686498 -80.7958 -0.00899975 0.999876 0.0129255 0.284597 0.0687688 -0.0122765 0.997557 48.7678 
0.997667 0.00943395 -0.0676181 -80.8804 -0.00855778 0.999876 0.0132351 0.275667 0.0677345 -0.0126255 0.997624 49.6486 
0.997724 0.0104541 -0.0666111 -80.9567 -0.00980402 0.999901 0.0100784 0.271003 0.0667098 -0.00940241 0.997728 50.5148 
0.99773 0.0129485 -0.0660913 -81.0359 -0.0126897 0.99991 0.00433412 0.260071 0.0661414 -0.00348556 0.997804 51.379 
0.997792 0.0145596 -0.0647966 -81.1168 -0.0146612 0.999892 -0.00109411 0.250512 0.0647736 0.00204173 0.997898 52.2359 
0.997753 0.0189443 -0.0642683 -81.1866 -0.0194158 0.999789 -0.00672104 0.234502 0.0641274 0.0079538 0.99791 53.0719 
0.99785 0.0186126 -0.062845 -81.2687 -0.0191374 0.999787 -0.00775874 0.22031 0.0626871 0.00894479 0.997993 53.93 
0.997909 0.0151746 -0.0628358 -81.3374 -0.0153215 0.999881 -0.00185677 0.210831 0.0628001 0.00281567 0.998022 54.7964 
0.997861 0.0146952 -0.063704 -81.3991 -0.0142598 0.999872 0.00728347 0.191441 0.0638028 -0.00635944 0.997942 55.6512 
0.997795 0.0138224 -0.0649141 -81.4726 -0.0128659 0.999803 0.0151289 0.175676 0.0651103 -0.0142603 0.997776 56.5137 
0.99767 0.0117953 -0.0672021 -81.5474 -0.010945 0.999856 0.0130053 0.169198 0.0673458 -0.0122394 0.997655 57.3658 
0.997597 0.00622797 -0.0690099 -81.6181 -0.00558739 0.99994 0.00947099 0.167062 0.0690647 -0.0090626 0.997571 58.2071 
0.997423 0.00507566 -0.0715728 -81.6914 -0.00451532 0.999958 0.00798809 0.15964 0.0716103 -0.00764428 0.997403 59.038 
0.997231 0.0075469 -0.0739886 -81.7804 -0.0071392 0.999958 0.00577275 0.146931 0.074029 -0.0052285 0.997242 59.8718 
0.996963 0.00906542 -0.0773486 -81.8656 -0.00890218 0.999957 0.0024545 0.135845 0.0773675 -0.00175843 0.997001 60.6999 
0.996632 0.00930662 -0.0814756 -81.9487 -0.00943356 0.999955 -0.00117372 0.127615 0.081461 0.00193841 0.996675 61.5183 
0.996357 0.0116122 -0.0844859 -82.0398 -0.0120773 0.999915 -0.00499546 0.109088 0.0844206 0.00599766 0.996412 62.3292 
0.996025 0.0161028 -0.0876034 -82.134 -0.0166076 0.999849 -0.00503676 0.0924779 0.087509 0.00647166 0.996143 63.1324 
0.995662 0.0195147 -0.0909755 -82.2349 -0.0198989 0.999797 -0.00331909 0.0801343 0.0908921 0.00511505 0.995848 63.9398 
0.995226 0.0228163 -0.0948887 -82.333 -0.0226866 0.99974 0.00244546 0.0658314 0.0949198 -0.000281048 0.995485 64.7448 
0.994823 0.0229133 -0.0990087 -82.4329 -0.0222183 0.99972 0.00811596 0.0547061 0.0991669 -0.00587409 0.995054 65.5465 
0.994331 0.0219025 -0.104053 -82.5323 -0.0208014 0.999716 0.011655 0.0462166 0.104279 -0.00942443 0.994503 66.3431 
0.993635 0.0212089 -0.110634 -82.6323 -0.0199368 0.999722 0.0125917 0.04047 0.11087 -0.0103059 0.993782 67.1287 
0.992994 0.0185954 -0.116692 -82.7367 -0.016793 0.999724 0.0164101 0.0328098 0.116965 -0.0143355 0.993033 67.9088 
0.992201 0.0194194 -0.123126 -82.8488 -0.0175691 0.999716 0.0160954 0.0291013 0.123403 -0.0138066 0.992261 68.6738 
0.991339 0.0236404 -0.129182 -82.9746 -0.0218719 0.999647 0.015091 0.0277461 0.129493 -0.0121348 0.991506 69.4547 
0.990474 0.0254066 -0.135335 -83.1008 -0.0241306 0.999648 0.0110598 0.0275508 0.135569 -0.0076887 0.990738 70.221 
0.98969 0.0241609 -0.141172 -83.2341 -0.0232068 0.999695 0.00840111 0.0229889 0.141332 -0.00503831 0.98995 70.9977 
0.988885 0.0253208 -0.146508 -83.3683 -0.0245214 0.999673 0.00726008 0.016511 0.146644 -0.00358676 0.989183 71.768 
0.988126 0.0271904 -0.151219 -83.5059 -0.0256561 0.999598 0.0120876 0.0168711 0.151487 -0.00806437 0.988426 72.5363 
0.987137 0.0275843 -0.15748 -83.6436 -0.0253417 0.999547 0.016231 0.0154908 0.157856 -0.0120314 0.987389 73.297 
0.986186 0.0273064 -0.163376 -83.7947 -0.024612 0.999526 0.0184933 0.00552466 0.163804 -0.0142168 0.986391 74.0598 
0.985063 0.0246546 -0.170418 -83.9424 -0.0225112 0.999641 0.0144984 0.00723866 0.170714 -0.0104455 0.985265 74.8118 
0.983611 0.0229939 -0.17883 -84.0956 -0.0220667 0.999731 0.00717209 0.00947841 0.178947 -0.0031083 0.983854 75.5527 
0.981993 0.020428 -0.187809 -84.2531 -0.0197546 0.99979 0.00545608 0.00264905 0.187881 -0.00164769 0.98219 76.2874 
0.979936 0.0197199 -0.198336 -84.4298 -0.0184066 0.999795 0.00846319 -0.00364166 0.198462 -0.00464265 0.980098 77.0341 
0.977671 0.0190691 -0.209277 -84.6095 -0.0164058 0.999761 0.014455 -0.00131702 0.209503 -0.0106988 0.97775 77.7742 
0.975044 0.0205104 -0.221061 -84.8023 -0.0159936 0.999626 0.0222029 -0.00184601 0.221433 -0.0181132 0.975007 78.5095 
0.972465 0.0207153 -0.232128 -84.9983 -0.0151396 0.999553 0.0257757 -0.00483018 0.232558 -0.0215516 0.972344 79.2324 
0.969644 0.0237093 -0.243368 -85.2106 -0.0191262 0.999593 0.0211777 -0.0057441 0.243771 -0.0158801 0.969703 79.9417 
0.966582 0.0232032 -0.255304 -85.4175 -0.0208651 0.999712 0.0118627 -0.00245424 0.255506 -0.00613924 0.966788 80.6422 
0.963293 0.0206617 -0.267655 -85.6326 -0.0195433 0.999786 0.00684216 0.00267188 0.267738 -0.00136012 0.963491 81.3472 
0.959889 0.0191802 -0.279725 -85.8619 -0.0166169 0.999795 0.0115323 0.00775351 0.279889 -0.00642153 0.960011 82.0655 
0.956491 0.0206049 -0.291034 -86.1063 -0.0158086 0.999698 0.0188222 0.00498369 0.291334 -0.0134024 0.956528 82.7913 
0.952814 0.0199712 -0.302898 -86.3593 -0.013273 0.99962 0.0241561 0.00728993 0.303266 -0.0189958 0.952717 83.5059 
0.948767 0.0171954 -0.315507 -86.6157 -0.0107125 0.999695 0.0222703 0.00735318 0.315794 -0.0177494 0.948662 84.2184 
0.94499 0.0152599 -0.326743 -86.8801 -0.0101051 0.999796 0.0174682 0.0122753 0.326943 -0.0132055 0.944952 84.9222 
0.941811 0.0115302 -0.335945 -87.1419 -0.00846578 0.999908 0.0105848 0.00598505 0.336037 -0.00712483 0.941822 85.6166 
0.939099 0.00776562 -0.34356 -87.4239 -0.00649761 0.999967 0.00484175 -0.000264313 0.343587 -0.00231451 0.939118 86.325 
0.936405 0.00761858 -0.350838 -87.7033 -0.0071099 0.999971 0.00273793 -0.0027041 0.350849 -6.93391e-05 0.936432 87.0254 
0.933472 0.012642 -0.358427 -88.0001 -0.0125528 0.999918 0.00257574 -0.0106904 0.35843 0.00209493 0.933554 87.7225 
0.930468 0.0127236 -0.366153 -88.3075 -0.011742 0.999919 0.00490758 -0.021512 0.366186 -0.000266914 0.930542 88.4308 
0.927364 0.0131502 -0.37393 -88.6159 -0.00962473 0.99989 0.0112939 -0.0200984 0.374037 -0.00687457 0.927388 89.1419 
0.92467 0.0150002 -0.380475 -88.9233 -0.00822748 0.999778 0.0194207 -0.0198695 0.380681 -0.0148274 0.924587 89.848 
0.922042 0.0247384 -0.386298 -89.2463 -0.0158478 0.999532 0.0261829 -0.0224579 0.386765 -0.0180197 0.922002 90.5467 
0.919486 0.0310912 -0.391892 -89.577 -0.0239416 0.999446 0.0231186 -0.0207661 0.392393 -0.0118747 0.919721 91.2349 
0.917105 0.0271117 -0.397722 -89.8931 -0.02291 0.99962 0.0153134 -0.0135231 0.397986 -0.00493212 0.917378 91.9222 
0.915121 0.0196198 -0.402701 -90.2094 -0.017954 0.999808 0.00791137 -0.013368 0.402778 -9.74539e-06 0.915298 92.6162 
0.913434 0.0201261 -0.40649 -90.5396 -0.0188604 0.999797 0.00712004 -0.0117197 0.406551 0.00116294 0.913627 93.3107 
0.911198 0.0258119 -0.41116 -90.8802 -0.022918 0.999666 0.0119669 -0.0119824 0.411332 -0.0014812 0.911484 94.0094 
0.908783 0.0281916 -0.416315 -91.2261 -0.0235074 0.99959 0.0163744 -0.0164484 0.416605 -0.00509422 0.909073 94.711 
0.906462 0.0248294 -0.421557 -91.5589 -0.0206315 0.999682 0.0145172 -0.0250009 0.421783 -0.00446184 0.906686 95.4053 
0.904193 0.0231047 -0.4265 -91.9051 -0.0217068 0.999731 0.00813927 -0.030824 0.426573 0.00189852 0.904451 96.0925 
0.902048 0.0206925 -0.43114 -92.2573 -0.022198 0.999752 0.00153929 -0.0321424 0.431065 0.00818198 0.902284 96.7804 
0.899799 0.0211266 -0.435792 -92.6204 -0.0234166 0.999726 0.00011608 -0.0373741 0.435675 0.0101004 0.900047 97.4736 
0.89779 0.0242766 -0.439755 -92.9816 -0.0248992 0.999681 0.0043536 -0.0501784 0.43972 0.00704098 0.898107 98.1667 
0.895725 0.0255495 -0.443874 -93.342 -0.0253356 0.999658 0.006414 -0.058767 0.443886 0.0055007 0.896066 98.8525 
0.893421 0.0269353 -0.448412 -93.7124 -0.0265731 0.999622 0.00710089 -0.0695056 0.448434 0.00557167 0.893799 99.5404 
0.891181 0.0247509 -0.452973 -94.0736 -0.0245962 0.999678 0.00623269 -0.0769157 0.452981 0.00558701 0.891503 100.218 
0.889153 0.0226804 -0.457048 -94.4358 -0.0227092 0.999727 0.00543109 -0.081988 0.457046 0.00555016 0.889426 100.888 
0.887009 0.0221027 -0.461223 -94.8023 -0.0218499 0.999744 0.00588868 -0.0888623 0.461235 0.0048544 0.887265 101.559 
0.884736 0.023656 -0.465491 -95.1779 -0.023379 0.999706 0.00636911 -0.0980286 0.465505 0.00524777 0.88503 102.226 
0.8825 0.023889 -0.469706 -95.5556 -0.0236742 0.9997 0.00636416 -0.108913 0.469717 0.00550358 0.8828 102.89 
0.880234 0.0209487 -0.474077 -95.9224 -0.0226456 0.999741 0.00213 -0.11623 0.473999 0.00886092 0.880481 103.539 
0.877939 0.0175247 -0.478453 -96.2911 -0.0212877 0.99977 -0.00244254 -0.129084 0.4783 0.0123296 0.87811 104.183 
0.875857 0.0156673 -0.482316 -96.6604 -0.0206839 0.999773 -0.00508468 -0.140102 0.482127 0.0144297 0.875983 104.824 
0.873918 0.0171016 -0.485773 -97.031 -0.0204119 0.999791 -0.001524 -0.146006 0.485645 0.0112475 0.874084 105.463 
0.872014 0.0206648 -0.489044 -97.4075 -0.0196844 0.999781 0.00714699 -0.155122 0.489085 0.00339431 0.87223 106.099 
0.870583 0.0224911 -0.491508 -97.7791 -0.0165065 0.999727 0.0165098 -0.163176 0.491745 -0.00625997 0.870717 106.728 
0.86913 0.0219177 -0.494097 -98.1467 -0.0131884 0.999689 0.0211465 -0.169245 0.494407 -0.0118627 0.869149 107.342 
0.867486 0.0187423 -0.497108 -98.5027 -0.00981115 0.99974 0.0205718 -0.170578 0.497365 -0.0129685 0.867445 107.944 
0.865838 0.016841 -0.500041 -98.8608 -0.00968107 0.99981 0.0169098 -0.170043 0.500231 -0.00980013 0.865837 108.527 
0.864271 0.0145194 -0.502818 -99.205 -0.00871884 0.999866 0.0138858 -0.167938 0.502952 -0.00761705 0.864281 109.087 
0.862821 0.0125765 -0.505353 -99.5444 -0.00721979 0.999895 0.012557 -0.16837 0.505458 -0.00718589 0.862821 109.637 
0.861475 0.0105893 -0.507689 -99.8692 -0.00523905 0.999915 0.0119661 -0.169257 0.507772 -0.00764862 0.861457 110.173 
0.86006 0.0106521 -0.510082 -100.192 -0.00478092 0.999906 0.0128199 -0.172163 0.510171 -0.00858713 0.86003 110.694 
0.858845 0.0104362 -0.512129 -100.502 -0.00362725 0.999891 0.0142929 -0.177669 0.512223 -0.0104178 0.85879 111.191 
0.857434 0.00848801 -0.514525 -100.805 -0.00110494 0.999892 0.0146536 -0.177904 0.514593 -0.011996 0.85735 111.672 
0.856011 0.00679254 -0.516912 -101.09 0.000796088 0.999895 0.0144575 -0.176669 0.516956 -0.0127872 0.855916 112.137 
0.854989 0.00579914 -0.518613 -101.374 0.00134402 0.999909 0.0133967 -0.181778 0.518644 -0.012151 0.854904 112.574 
0.853818 0.00602185 -0.520536 -101.648 -0.00092355 0.999949 0.010053 -0.193911 0.52057 -0.00810269 0.85378 112.99 
0.852237 0.00334158 -0.523146 -101.904 -0.000477827 0.999984 0.00560891 -0.19403 0.523156 -0.00453009 0.852225 113.39 
0.850142 -0.000400397 -0.526554 -102.154 0.0026645 0.99999 0.00354148 -0.201381 0.526547 -0.00441372 0.850134 113.772 
0.847486 -0.00438149 -0.5308 -102.388 0.00764853 0.999963 0.00395755 -0.206554 0.530763 -0.00741376 0.847488 114.14 
0.844133 -0.00362779 -0.536122 -102.622 0.00758332 0.999958 0.00517357 -0.208504 0.536081 -0.00843272 0.844125 114.488 
0.840432 -0.000253748 -0.541917 -102.852 0.00454427 0.999968 0.00657919 -0.208382 0.541898 -0.00799193 0.840406 114.817 
0.837001 0.00558202 -0.547173 -103.079 0.000492929 0.99994 0.0109549 -0.213577 0.547201 -0.00943895 0.836948 115.126 
0.833282 0.0105582 -0.552748 -103.299 -0.00112784 0.999848 0.0173982 -0.212497 0.552848 -0.0138741 0.833167 115.422 
0.828761 0.0122248 -0.559469 -103.502 -0.00027617 0.99977 0.0214366 -0.217152 0.559602 -0.0176113 0.828574 115.697 
0.823347 0.00933109 -0.567462 -103.686 0.00411606 0.99974 0.0224113 -0.217449 0.567524 -0.0207879 0.823094 115.96 
0.816738 0.00719784 -0.576964 -103.873 0.00739777 0.999709 0.0229438 -0.214328 0.576961 -0.0230073 0.816447 116.203 
0.80823 0.00539827 -0.588842 -104.052 0.0106133 0.999662 0.023732 -0.213011 0.588771 -0.0254304 0.8079 116.431 
0.798119 0.0058071 -0.602472 -104.228 0.0110699 0.999643 0.0243 -0.213186 0.602399 -0.0260635 0.79777 116.641 
0.786104 0.00747709 -0.618049 -104.402 0.00927374 0.999672 0.0238893 -0.217694 0.618025 -0.024511 0.785777 116.83 
0.772207 0.00581284 -0.635345 -104.569 0.00968199 0.999734 0.0209143 -0.220344 0.635298 -0.0223015 0.771945 117.009 
0.75739 0.00358743 -0.652953 -104.73 0.00876297 0.999839 0.0156578 -0.224727 0.652904 -0.0175808 0.757236 117.173 
0.742454 -4.87254e-05 -0.669897 -104.889 0.00907411 0.999909 0.00998417 -0.225475 0.669835 -0.0134915 0.742387 117.325 
0.726981 -0.000182388 -0.686657 -105.049 0.00525576 0.999972 0.00529876 -0.220377 0.686637 -0.00746096 0.726962 117.468 
0.711265 0.00358049 -0.702915 -105.218 -0.00218826 0.999994 0.00287945 -0.220328 0.702921 -0.000509838 0.711268 117.603 
0.693952 0.00514388 -0.720003 -105.389 -0.00473703 0.999985 0.00257848 -0.217396 0.720006 0.00162139 0.693966 117.74 
0.675139 0.00377424 -0.737681 -105.56 -0.00179369 0.999992 0.00347467 -0.214383 0.737688 -0.00102266 0.675141 117.88 
0.654772 0.00285988 -0.755821 -105.733 0.00108604 0.999988 0.00472458 -0.213218 0.755826 -0.00391433 0.654761 118.018 
0.63233 0.00430623 -0.774687 -105.916 0.001251 0.999978 0.00657964 -0.210752 0.774698 -0.00512959 0.632311 118.146 
0.607905 0.00886766 -0.79396 -106.105 -0.00243772 0.999954 0.00930189 -0.209459 0.794006 -0.00371916 0.607899 118.264 
0.583059 0.0125019 -0.812334 -106.3 -0.00468123 0.999917 0.0120288 -0.202321 0.812416 -0.00321076 0.583069 118.376 
0.55788 0.0157124 -0.829773 -106.5 -0.00647282 0.999873 0.0145815 -0.206165 0.829896 -0.00276371 0.557911 118.471 
0.53174 0.018358 -0.846709 -106.701 -0.00978394 0.999832 0.0155336 -0.199117 0.846851 2.43665e-05 0.53183 118.566 
0.504706 0.0225202 -0.862997 -106.905 -0.0140307 0.999742 0.017883 -0.198325 0.863177 0.00308285 0.504892 118.651 
0.476548 0.0256134 -0.878776 -107.109 -0.016245 0.999661 0.0203273 -0.20111 0.878999 0.00458885 0.476802 118.732 
0.446767 0.0252086 -0.894295 -107.316 -0.0150632 0.999673 0.0206538 -0.205106 0.894523 0.00424357 0.447001 118.807 
0.414473 0.0220943 -0.909794 -107.536 -0.0148141 0.999737 0.0175297 -0.206806 0.909941 0.0062122 0.414691 118.876 
0.380089 0.0178064 -0.924779 -107.772 -0.014656 0.999805 0.0132273 -0.20409 0.924834 0.00852605 0.380276 118.94 
0.340744 0.0159093 -0.940022 -108.024 -0.0136126 0.999836 0.0119872 -0.207362 0.940058 0.0087116 0.340904 119.001 
0.300062 0.0154631 -0.953794 -108.298 -0.0137129 0.999835 0.0118954 -0.209911 0.953821 0.00951001 0.300225 119.045 
0.257246 0.014124 -0.966243 -108.583 -0.0124917 0.999858 0.0112896 -0.209976 0.966265 0.00916589 0.257386 119.075 
0.209861 0.0115692 -0.977663 -108.896 -0.0113692 0.999891 0.0093918 -0.206754 0.977665 0.00914429 0.20997 119.109 
0.160971 0.00988509 -0.98691 -109.218 -0.0105255 0.99991 0.00829853 -0.204727 0.986903 0.00905192 0.161061 119.121 
0.110852 0.00935337 -0.993793 -109.565 -0.00961181 0.999919 0.00833889 -0.198524 0.993791 0.00862782 0.110933 119.118 
0.05876 0.0107685 -0.998214 -109.928 -0.00869876 0.999909 0.0102748 -0.195952 0.998234 0.00807952 0.0588484 119.098 
0.00535238 0.0131314 -0.999899 -110.302 -0.00535119 0.9999 0.0131028 -0.193578 0.999971 0.00528056 0.00542211 119.065 
-0.0486388 0.0148478 -0.998706 -110.688 -0.00220011 0.999886 0.0149725 -0.187151 0.998814 0.00292555 -0.0486006 119.011 
-0.102773 0.0167326 -0.994564 -111.086 0.00173154 0.99986 0.0166428 -0.187442 0.994703 -1.16655e-05 -0.102787 118.938 
-0.15628 0.018181 -0.987545 -111.494 0.00396044 0.999834 0.0177805 -0.181091 0.987705 -0.00113234 -0.156326 118.841 
-0.207896 0.0195266 -0.977956 -111.914 0.00583071 0.999808 0.0187234 -0.174808 0.978134 -0.00180963 -0.20797 118.715 
-0.257411 0.0212496 -0.966068 -112.333 0.00918617 0.999767 0.0195431 -0.172179 0.966258 -0.0038438 -0.257547 118.563 
-0.305791 0.022785 -0.951826 -112.766 0.0136254 0.999716 0.019554 -0.166448 0.952001 -0.00698953 -0.306014 118.391 
-0.352562 0.0247977 -0.93546 -113.203 0.0185526 0.999638 0.0195068 -0.167351 0.935605 -0.0104778 -0.352894 118.19 
