1 2.12261e-08 -2.11895e-08 -8.92255e-15 2.12261e-08 1 2.10703e-08 -2.22045e-16 -2.11895e-08 2.10703e-08 1 -1.78191e-14 
0.999996 0.00274041 0.000902124 -0.0372704 -0.00274199 0.999995 0.00180706 -0.0229231 -0.00089721 -0.00180949 0.999998 0.757233 
0.999984 0.00543965 0.00145761 -0.0687495 -0.00544207 0.999984 0.00168779 -0.0242299 -0.00144845 -0.00169566 0.999998 1.5242 
0.999977 0.00630613 0.00235197 -0.106201 -0.00630966 0.999979 0.00151619 -0.0425262 -0.0023424 -0.00153095 0.999996 2.26555 
0.999962 0.00822792 0.00282588 -0.132505 -0.00823113 0.999966 0.00114336 -0.0558087 -0.00281642 -0.00116653 0.999995 2.986 
0.999962 0.00800173 0.00346551 -0.153909 -0.00800502 0.999968 0.000948185 -0.071328 -0.00345785 -0.000975849 0.999994 3.69655 
0.999957 0.00841982 0.00397512 -0.17076 -0.00842508 0.999964 0.0013172 -0.0689418 -0.00396392 -0.00135059 0.999991 4.4085 
0.999947 0.00909661 0.00472959 -0.188525 -0.00911673 0.999949 0.00425953 -0.0853197 -0.00469064 -0.00430238 0.99998 5.08853 
0.999939 0.00907069 0.00623415 -0.199201 -0.00912211 0.999924 0.00827671 -0.0988656 -0.00615865 -0.00833303 0.999946 5.75325 
0.999937 0.00832525 0.00749579 -0.201745 -0.0084142 0.999894 0.0119203 -0.111956 -0.0073958 -0.0119826 0.999901 6.40051 
0.999938 0.00754344 0.00825208 -0.198636 -0.00765925 0.999871 0.0140981 -0.117187 -0.00814471 -0.0141604 0.999867 7.01675 
0.999924 0.00801118 0.00937065 -0.202403 -0.00814036 0.999871 0.0138338 -0.12597 -0.00925866 -0.013909 0.99986 7.60836 
0.999906 0.00882922 0.0104981 -0.208654 -0.0089457 0.999898 0.0111048 -0.131859 -0.010399 -0.0111977 0.999883 8.1689 
0.999897 0.00898496 0.0112205 -0.205538 -0.00907577 0.999926 0.00807237 -0.133574 -0.0111472 -0.00817332 0.999905 8.70232 
0.999888 0.00740572 0.0130422 -0.208065 -0.00749386 0.999949 0.00672529 -0.139476 -0.0129918 -0.00682223 0.999892 9.20956 
0.99988 0.00334996 0.015156 -0.214638 -0.00341494 0.999985 0.00426624 -0.145239 -0.0151416 -0.00431744 0.999876 9.67856 
0.999852 0.00159406 0.0171614 -0.212476 -0.00165166 0.999993 0.00334482 -0.157306 -0.017156 -0.00337262 0.999847 10.1266 
0.999802 0.00556676 0.0191167 -0.214974 -0.00559625 0.999983 0.00149168 -0.172614 -0.0191081 -0.00159833 0.999816 10.5437 
0.999704 0.00991632 0.022205 -0.216801 -0.00993393 0.99995 0.000684804 -0.181597 -0.0221971 -0.000905143 0.999753 10.9251 
0.999609 0.0107989 0.0258111 -0.219326 -0.0108315 0.999941 0.00112733 -0.179133 -0.0257974 -0.00140642 0.999666 11.276 
0.999551 0.00660688 0.0292136 -0.219562 -0.00665544 0.999977 0.00156705 -0.184224 -0.0292026 -0.00176073 0.999572 11.6175 
0.999491 0.00177127 0.0318461 -0.202234 -0.00181685 0.999997 0.00140353 -0.186875 -0.0318436 -0.00146064 0.999492 11.9106 
0.999406 -0.0018715 0.0344193 -0.194825 0.00177638 0.999995 0.00279511 -0.195207 -0.0344244 -0.00273227 0.999404 12.1703 
0.999301 -0.00185758 0.0373319 -0.197277 0.00172075 0.999992 0.00369832 -0.199598 -0.0373385 -0.00363145 0.999296 12.3952 
0.999221 -0.00125319 0.039445 -0.193722 0.00113494 0.999995 0.00302118 -0.209987 -0.0394486 -0.00297402 0.999217 12.5992 
0.999123 -0.000679308 0.0418707 -0.199867 0.000602881 0.999998 0.00183892 -0.21489 -0.041872 -0.00181203 0.999121 12.7955 
0.999016 0.00138401 0.0443385 -0.198002 -0.00143724 0.999998 0.00116958 -0.221387 -0.0443368 -0.00123212 0.999016 12.9716 
0.998931 0.00386689 0.0460627 -0.197765 -0.0038997 0.999992 0.000623481 -0.2306 -0.04606 -0.000802404 0.998938 13.1361 
0.99886 0.00531726 0.0474398 -0.193251 -0.00529515 0.999986 -0.000590635 -0.240863 -0.0474423 0.000338801 0.998874 13.2997 
0.998763 0.00466176 0.0495069 -0.18969 -0.0045486 0.999987 -0.00239721 -0.244537 -0.0495175 0.0021691 0.998771 13.4544 
0.998698 0.00277474 0.0509298 -0.181905 -0.00260562 0.999991 -0.00338584 -0.255436 -0.0509387 0.00324877 0.998697 13.5978 
0.998646 0.00199019 0.0519774 -0.17184 -0.00175977 0.999988 -0.00447754 -0.256002 -0.0519858 0.00438005 0.998638 13.7417 
0.998563 0.00258403 0.0535343 -0.168378 -0.00228721 0.999982 -0.00560426 -0.262738 -0.0535479 0.0054738 0.99855 13.8804 
0.998495 0.00322441 0.0547444 -0.16305 -0.00281027 0.999967 -0.00763954 -0.26634 -0.0547673 0.00747423 0.998471 14.0067 
0.998471 0.0028154 0.055209 -0.148674 -0.00229994 0.999953 -0.00939695 -0.278584 -0.055233 0.00925564 0.998431 14.1326 
0.998435 0.00202005 0.0558928 -0.141445 -0.0013624 0.999929 -0.011801 -0.280417 -0.0559127 0.0117065 0.998367 14.2672 
0.998462 0.000719479 0.0554279 -0.137506 2.25507e-05 0.99991 -0.0133847 -0.28998 -0.0554326 0.0133654 0.998373 14.3867 
0.998568 0.000127992 0.0534959 -0.142004 0.000649551 0.999894 -0.0145162 -0.290857 -0.0534921 0.0145302 0.998463 14.5243 
0.998725 0.000120502 0.0504828 -0.142603 0.00064252 0.999886 -0.0150971 -0.299769 -0.0504789 0.0151103 0.998611 14.6605 
0.998931 0.000327066 0.0462303 -0.138943 0.000414449 0.999871 -0.0160281 -0.304856 -0.0462296 0.0160302 0.998802 14.7989 
0.999165 0.000930212 0.0408474 -0.150795 -0.000239157 0.999857 -0.0169185 -0.311107 -0.0408573 0.0168947 0.999022 14.9281 
0.999413 0.000635085 0.0342664 -0.155795 -4.50309e-05 0.999852 -0.0172164 -0.319794 -0.0342723 0.0172048 0.999264 15.051 
0.999631 0.000954182 0.0271313 -0.162074 -0.000469734 0.999841 -0.0178549 -0.321075 -0.027144 0.0178356 0.999472 15.1866 
0.999822 0.000526807 0.018883 -0.167688 -0.000175336 0.999827 -0.0186077 -0.326964 -0.0188895 0.0186011 0.999649 15.3191 
0.999958 -0.00109615 0.00908495 -0.190569 0.00127256 0.99981 -0.0194304 -0.340275 -0.00906197 0.0194412 0.99977 15.4624 
0.999988 -0.0031403 -0.00372511 -0.208709 0.00306158 0.999776 -0.0209637 -0.34516 0.00379006 0.0209521 0.999773 15.6046 
0.999795 -0.0039925 -0.0198528 -0.232411 0.00354169 0.999736 -0.0226933 -0.351368 0.0199381 0.0226184 0.999545 15.7594 
0.999223 -0.00400028 -0.0392204 -0.260497 0.00308682 0.999723 -0.0233245 -0.358386 0.0393028 0.0231853 0.998958 15.9418 
0.998144 -0.00346336 -0.0608072 -0.297224 0.00204506 0.999725 -0.023372 -0.357071 0.0608714 0.0232043 0.997876 16.1287 
0.996416 -0.00275794 -0.084545 -0.344415 0.000888605 0.999755 -0.0221407 -0.363216 0.0845852 0.0219862 0.996174 16.3419 
0.993844 -0.00176251 -0.110773 -0.417959 -0.000573019 0.999778 -0.021049 -0.365877 0.110785 0.020983 0.993623 16.5762 
0.990025 -0.00106093 -0.140891 -0.487898 -0.00164185 0.999817 -0.0190661 -0.375583 0.140886 0.0191073 0.989841 16.8297 
0.984758 -0.000533325 -0.173928 -0.560497 -0.0021902 0.999878 -0.0154668 -0.393302 0.173915 0.015612 0.984637 17.0653 
0.977542 0.00028277 -0.210741 -0.664667 -0.00276757 0.99993 -0.0114961 -0.401203 0.210723 0.0118212 0.977474 17.3381 
0.968144 0.00230427 -0.250385 -0.782091 -0.00405185 0.999971 -0.00646447 -0.404582 0.250363 0.0072731 0.968125 17.6238 
0.956337 0.00608037 -0.292202 -0.905995 -0.0068664 0.999975 -0.00166464 -0.407143 0.292185 0.00359839 0.956355 17.9039 
0.942335 0.00983542 -0.334528 -1.04851 -0.00946123 0.999952 0.00274795 -0.416886 0.334538 0.000575601 0.942382 18.1897 
0.925567 0.0123565 -0.378383 -1.19753 -0.00997049 0.999916 0.00826437 -0.421381 0.378453 -0.00387652 0.925612 18.4858 
0.90617 0.0151052 -0.422645 -1.37162 -0.00948248 0.999836 0.0154029 -0.419684 0.422808 -0.00994982 0.906165 18.7865 
0.884235 0.0193017 -0.466643 -1.57074 -0.0103966 0.999712 0.0216504 -0.417907 0.466926 -0.0142925 0.884181 19.0877 
0.85925 0.0242288 -0.510983 -1.79133 -0.0127134 0.999581 0.0260178 -0.4166 0.511399 -0.0158594 0.859197 19.3883 
0.831058 0.0275046 -0.555505 -2.0455 -0.0136574 0.999485 0.0290552 -0.413418 0.556018 -0.0165598 0.831006 19.7009 
0.799903 0.0306951 -0.599344 -2.30726 -0.0156878 0.999419 0.0302474 -0.404899 0.599925 -0.0147925 0.79992 19.9906 
0.765891 0.0331396 -0.642116 -2.58775 -0.0161487 0.999347 0.0323147 -0.390203 0.642768 -0.0143802 0.765926 20.2683 
0.728809 0.0366242 -0.683737 -2.89662 -0.0166908 0.999222 0.0357319 -0.377438 0.684514 -0.0146296 0.728853 20.5397 
0.689724 0.0374361 -0.723104 -3.23395 -0.0143014 0.999172 0.0380874 -0.361257 0.723931 -0.0159283 0.689688 20.8066 
0.648759 0.0371027 -0.760089 -3.60745 -0.011614 0.999177 0.0388606 -0.345963 0.760905 -0.0163834 0.648656 21.0751 
0.606239 0.0359171 -0.794471 -3.99295 -0.00690307 0.99918 0.0399042 -0.326902 0.795253 -0.0187071 0.605989 21.3216 
0.561519 0.0359217 -0.826684 -4.4088 -0.00217665 0.999118 0.041936 -0.314527 0.827461 -0.0217484 0.561102 21.5635 
0.514645 0.0371862 -0.856597 -4.86478 -0.000158141 0.999063 0.0432759 -0.298559 0.857404 -0.0221362 0.514168 21.7903 
0.464957 0.0368949 -0.884564 -5.33895 0.000827133 0.999113 0.0421075 -0.279802 0.885333 -0.0203097 0.464514 21.9905 
0.412613 0.0357702 -0.910204 -5.8425 0.0057712 0.999106 0.0418801 -0.259211 0.910888 -0.0225332 0.412038 22.179 
0.358815 0.0350284 -0.932751 -6.37309 0.0111772 0.999063 0.0418183 -0.243872 0.933342 -0.0254306 0.358087 22.3479 
0.304699 0.0342921 -0.951831 -6.9391 0.0135529 0.999094 0.0403334 -0.224071 0.952352 -0.0251896 0.303959 22.494 
0.251162 0.0399519 -0.96712 -7.53252 0.0141943 0.998888 0.0449506 -0.196925 0.967841 -0.0250174 0.250316 22.6146 
0.199734 0.0448305 -0.978824 -8.13577 0.0165016 0.998657 0.0491062 -0.170961 0.979711 -0.0259603 0.198727 22.6975 
0.151104 0.0463941 -0.987429 -8.75267 0.0222679 0.998485 0.0503212 -0.15022 0.988267 -0.0295917 0.149842 22.7626 
0.106391 0.0476357 -0.993183 -9.43502 0.0246363 0.998419 0.0505259 -0.126722 0.994019 -0.0298438 0.105049 22.8198 
0.0653572 0.0459865 -0.996802 -10.1145 0.0244719 0.998563 0.0476723 -0.10127 0.997562 -0.0275093 0.0641379 22.8478 
0.0287956 0.0414261 -0.998727 -10.8874 0.0219803 0.998873 0.0420659 -0.0656367 0.999344 -0.0231635 0.0278526 22.8875 
-0.000185454 0.0413188 -0.999146 -11.5999 0.0201018 0.998944 0.0413067 -0.0368262 0.999798 -0.0200769 -0.00101584 22.8669 
-0.0214878 0.0455036 -0.998733 -12.3224 0.0190058 0.998802 0.0450978 -0.00994314 0.999588 -0.0180127 -0.0223269 22.8341 
-0.0339129 0.0517888 -0.998082 -12.9554 0.020735 0.998478 0.0511048 -0.00628136 0.99921 -0.0189621 -0.0349351 22.7513 
-0.0419898 0.0544279 -0.997634 -13.7107 0.0205988 0.99835 0.0535999 0.0203123 0.998906 -0.0182994 -0.0430417 22.7024 
-0.0459526 0.0517187 -0.997604 -14.4721 0.0222578 0.998464 0.0507381 0.0474224 0.998696 -0.0198729 -0.0470331 22.6492 
-0.0454288 0.0478031 -0.997823 -15.2611 0.0297613 0.998476 0.0464794 0.083944 0.998524 -0.027585 -0.0467822 22.6099 
-0.0418063 0.0464822 -0.998044 -16.095 0.0417619 0.998126 0.0447367 0.112791 0.998253 -0.0398099 -0.0436691 22.606 
-0.036367 0.0465494 -0.998254 -16.9357 0.0422938 0.998091 0.0450011 0.146401 0.998443 -0.0405833 -0.0382663 22.5692 
-0.0319716 0.0453461 -0.99846 -17.8422 0.0411293 0.998184 0.0440165 0.154305 0.998642 -0.0396587 -0.0337785 22.5668 
-0.0285972 0.0390073 -0.99883 -18.689 0.0445679 0.998294 0.0377104 0.184888 0.998597 -0.0434373 -0.0302869 22.522 
-0.0263445 0.0283963 -0.99925 -19.5274 0.042722 0.998715 0.0272548 0.206257 0.99874 -0.0419719 -0.0275238 22.4697 
-0.0259166 0.019766 -0.999469 -20.4354 0.0351483 0.999204 0.0188494 0.228152 0.999046 -0.034641 -0.0265907 22.4226 
-0.0273604 0.0169271 -0.999482 -21.3599 0.0293835 0.999438 0.016122 0.243859 0.999194 -0.0289272 -0.0278424 22.3763 
-0.0308693 0.0225401 -0.999269 -22.3109 0.020131 0.999557 0.0219247 0.261773 0.999321 -0.0194395 -0.0313093 22.3137 
-0.0357725 0.0306785 -0.998889 -23.2994 0.0152367 0.999429 0.0301495 0.280447 0.999244 -0.0141412 -0.0362195 22.2431 
-0.0404253 0.0398793 -0.998386 -24.3313 0.0136827 0.999132 0.039355 0.317496 0.999089 -0.0120697 -0.0409359 22.1763 
-0.0420921 0.0499209 -0.997866 -25.3507 0.0122863 0.998701 0.0494444 0.35185 0.999038 -0.0101788 -0.0426508 22.1155 
-0.0432376 0.0576438 -0.997401 -26.3724 0.0143447 0.998267 0.057072 0.389816 0.998962 -0.0118397 -0.0439895 22.0577 
-0.0449595 0.0585009 -0.997274 -27.376 0.0156707 0.998202 0.0578488 0.431419 0.998866 -0.0130271 -0.0457955 22.0001 
-0.04678 0.0558014 -0.997345 -28.3885 0.0146808 0.998369 0.0551701 0.474623 0.998797 -0.012061 -0.047523 21.934 
-0.049635 0.0508195 -0.997474 -29.3899 0.0144305 0.998637 0.0501607 0.511383 0.998663 -0.0119043 -0.0503007 21.8663 
-0.054427 0.0456763 -0.997473 -30.3772 0.0147193 0.998881 0.0449376 0.545627 0.998409 -0.0122363 -0.0550384 21.7967 
-0.0601788 0.0411374 -0.99734 -31.3589 0.0149548 0.999075 0.0403066 0.576753 0.998076 -0.0124893 -0.0607384 21.7233 
-0.0672955 0.0391864 -0.996963 -32.3902 0.0141556 0.999165 0.0383174 0.608482 0.997633 -0.011534 -0.0677941 21.6278 
-0.0739068 0.0414633 -0.996403 -33.4579 0.014298 0.999077 0.040514 0.646397 0.997163 -0.0112522 -0.0744314 21.5223 
-0.080231 0.0463195 -0.9957 -34.5387 0.0130597 0.998883 0.0454153 0.678584 0.996691 -0.00935978 -0.0807463 21.4107 
-0.0864981 0.0490279 -0.995045 -35.6122 0.0104276 0.998778 0.0483054 0.714378 0.996197 -0.00619752 -0.0869037 21.2929 
-0.0910625 0.0512754 -0.994524 -36.6905 0.00719086 0.998681 0.0508313 0.753561 0.995819 -0.00252262 -0.0913111 21.1654 
-0.0938154 0.0524711 -0.994206 -37.771 0.00292606 0.99862 0.052428 0.792896 0.995585 0.00200948 -0.0938395 21.0368 
-0.0954748 0.0537826 -0.993978 -38.8606 -0.000915818 0.998534 0.0541171 0.83264 0.995431 0.00607716 -0.0952856 20.9003 
-0.0970012 0.0532606 -0.993858 -39.9584 -0.00208619 0.998554 0.0537159 0.874045 0.995282 0.00728392 -0.0967499 20.7696 
-0.0984736 0.0522954 -0.993765 -41.0562 -0.00236916 0.998603 0.0527847 0.916933 0.995137 0.00755233 -0.0982121 20.639 
-0.0996519 0.0515181 -0.993688 -42.163 -0.00348173 0.998635 0.0521237 0.958922 0.995016 0.00865402 -0.0993364 20.5074 
-0.100556 0.0504685 -0.993651 -43.256 -0.00546936 0.99867 0.0512769 0.998818 0.994916 0.0105909 -0.100146 20.3704 
-0.101447 0.0479957 -0.993683 -44.3519 -0.00978703 0.998739 0.0492391 1.03572 0.994793 0.0147204 -0.100849 20.235 
-0.1017 0.0430214 -0.993884 -45.4437 -0.0149659 0.998885 0.0447693 1.06973 0.994703 0.0194275 -0.100943 20.0922 
-0.100776 0.0422851 -0.99401 -46.5507 -0.0164861 0.998888 0.044164 1.10818 0.994773 0.0208381 -0.0999671 19.9538 
-0.0990479 0.046607 -0.993991 -47.6642 -0.0171851 0.998673 0.048539 1.14019 0.994934 0.0218895 -0.0981156 19.8192 
-0.0971521 0.0497901 -0.994023 -48.791 -0.0173114 0.998512 0.0517069 1.17714 0.995119 0.0222314 -0.0961456 19.6904 
-0.0956933 0.049493 -0.99418 -49.9045 -0.0155057 0.998568 0.051204 1.21977 0.99529 0.0203154 -0.0947888 19.5692 
-0.0933888 0.0487734 -0.994434 -51.0151 -0.0151878 0.998613 0.0504046 1.26109 0.995514 0.0198106 -0.0925185 19.4455 
-0.08929 0.0490518 -0.994797 -52.1541 -0.0193994 0.998511 0.0509762 1.30583 0.995817 0.0238502 -0.0882055 19.3181 
-0.0834636 0.0500201 -0.995255 -53.2737 -0.0242043 0.998343 0.0522051 1.34419 0.996217 0.0284467 -0.0821146 19.1945 
-0.0780299 0.0494206 -0.995725 -54.396 -0.0279448 0.99827 0.0517368 1.38808 0.996559 0.0318624 -0.0765138 19.0855 
-0.072472 0.0486848 -0.996182 -55.5286 -0.0293081 0.998273 0.0509191 1.4299 0.99694 0.0328865 -0.07092 18.9835 
-0.067024 0.0480134 -0.996595 -56.661 -0.0286897 0.998336 0.0500267 1.4697 0.997339 0.0319451 -0.065535 18.8915 
-0.0622271 0.0476933 -0.996922 -57.8092 -0.0267528 0.998419 0.0494348 1.51511 0.997703 0.0297466 -0.0608528 18.8135 
-0.0568258 0.0480738 -0.997226 -58.9716 -0.0255376 0.998443 0.0495877 1.56061 0.998057 0.0282847 -0.0555096 18.7316 
-0.0513392 0.049671 -0.997445 -60.134 -0.0245605 0.998398 0.0509825 1.60405 0.998379 0.0271152 -0.050037 18.6558 
-0.0457454 0.0503437 -0.997684 -61.3029 -0.0252502 0.998352 0.0515352 1.65811 0.998634 0.0275492 -0.0443988 18.5808 
-0.0406597 0.0496374 -0.997939 -62.4542 -0.024539 0.998414 0.0506609 1.69813 0.998872 0.0265483 -0.0393771 18.518 
-0.0356751 0.045162 -0.998343 -63.6001 -0.0247043 0.998633 0.046058 1.73495 0.999058 0.0263066 -0.0345106 18.4544 
-0.031193 0.0396131 -0.998728 -64.7461 -0.0247531 0.998877 0.0403921 1.7747 0.999207 0.0259816 -0.0301774 18.3989 
-0.0275675 0.0389168 -0.998862 -65.9066 -0.0245654 0.998914 0.0395968 1.81051 0.999318 0.025629 -0.0265816 18.3483 
-0.0243974 0.0414705 -0.998842 -67.065 -0.0237431 0.998833 0.0420501 1.8362 0.99942 0.0247416 -0.0233842 18.3 
-0.0223509 0.0412174 -0.9989 -68.2323 -0.0239117 0.998842 0.04175 1.86529 0.999464 0.0248186 -0.0213395 18.2513 
-0.0212149 0.0405613 -0.998952 -69.41 -0.0256872 0.998825 0.0411016 1.90517 0.999445 0.0265322 -0.020148 18.2038 
-0.0202541 0.0411474 -0.998948 -70.5808 -0.0263085 0.998785 0.0416741 1.93666 0.999449 0.0271249 -0.019147 18.1519 
-0.0193095 0.0407936 -0.998981 -71.7507 -0.0271436 0.998778 0.04131 1.96577 0.999445 0.0279136 -0.0181786 18.1073 
-0.0182175 0.0387719 -0.999082 -72.9419 -0.0276787 0.998845 0.0392674 1.99654 0.999451 0.0283687 -0.0171233 18.0619 
-0.0175996 0.0375656 -0.999139 -74.1317 -0.0259757 0.99894 0.0380157 2.02585 0.999508 0.0266225 -0.0166052 18.0187 
-0.0173438 0.0374065 -0.99915 -75.3176 -0.0228023 0.999025 0.0377976 2.05481 0.99959 0.0234385 -0.0164739 17.9834 
-0.0172189 0.0380654 -0.999127 -76.5085 -0.0207487 0.999046 0.0384199 2.08399 0.999636 0.0213922 -0.0164127 17.9479 
-0.0174059 0.0409425 -0.99901 -77.6926 -0.0202655 0.998942 0.0412928 2.11111 0.999643 0.0209642 -0.0165577 17.9104 
-0.0168527 0.0446805 -0.998859 -78.8761 -0.0228059 0.998724 0.0450593 2.14083 0.999598 0.0235393 -0.0158122 17.863 
-0.0163533 0.0447752 -0.998863 -80.0676 -0.0250031 0.998666 0.0451757 2.16854 0.999554 0.0257135 -0.015212 17.8188 
-0.0159226 0.0428014 -0.998957 -81.2426 -0.0257022 0.998736 0.0432016 2.20176 0.999543 0.0263633 -0.0148024 17.7754 
-0.0155505 0.0404246 -0.999062 -82.4187 -0.0244058 0.998869 0.0407967 2.23343 0.999581 0.0250174 -0.0145464 17.7348 
-0.0156492 0.0397988 -0.999085 -83.5913 -0.0226085 0.998938 0.0401471 2.26105 0.999622 0.0232161 -0.0147328 17.7005 
-0.0155387 0.0414062 -0.999022 -84.7591 -0.0203091 0.998923 0.041718 2.28593 0.999673 0.0209375 -0.014681 17.6641 
-0.0154346 0.0442857 -0.9989 -85.9558 -0.0195751 0.998814 0.0445843 2.31681 0.999689 0.0202417 -0.0145494 17.6283 
-0.0148267 0.0464903 -0.998809 -87.1341 -0.0200337 0.998704 0.0467828 2.35118 0.999689 0.0207035 -0.0138762 17.5881 
-0.0147896 0.0465781 -0.998805 -88.3152 -0.0212704 0.998674 0.0468869 2.38772 0.999664 0.0219385 -0.0137792 17.5468 
-0.0147715 0.0442915 -0.998909 -89.4913 -0.0203461 0.998798 0.0445875 2.4219 0.999684 0.0209826 -0.0138526 17.5149 
-0.0144382 0.0431149 -0.998966 -90.665 -0.0190018 0.998878 0.0433857 2.45247 0.999715 0.0196086 -0.0136028 17.4759 
-0.0145362 0.0438452 -0.998933 -91.8698 -0.0171394 0.99888 0.0440923 2.48804 0.999747 0.0177621 -0.0137684 17.4444 
-0.0141975 0.0469886 -0.998795 -93.0596 -0.0155974 0.998763 0.0472088 2.52261 0.999778 0.0162489 -0.013447 17.4075 
-0.0141559 0.0495941 -0.998669 -94.2513 -0.0141219 0.99866 0.0497938 2.55803 0.9998 0.0148081 -0.0134365 17.3699 
-0.0137356 0.0512682 -0.998591 -95.4265 -0.0143529 0.998572 0.0514646 2.59596 0.999803 0.0150396 -0.0129801 17.3371 
-0.0133839 0.0530199 -0.998504 -96.5946 -0.0157496 0.998458 0.0532286 2.63154 0.999786 0.0164385 -0.0125282 17.2975 
-0.0131615 0.052101 -0.998555 -97.7504 -0.0176413 0.998474 0.0523293 2.67005 0.999758 0.0183046 -0.0122223 17.2628 
-0.013373 0.0480537 -0.998755 -98.9156 -0.0202519 0.998627 0.0483187 2.7087 0.999706 0.0208729 -0.0123815 17.2227 
-0.0135314 0.0462971 -0.998836 -100.079 -0.0206701 0.998701 0.0465708 2.7457 0.999695 0.0212763 -0.0125568 17.1925 
-0.0136017 0.044802 -0.998903 -101.228 -0.0202813 0.998778 0.0450726 2.77732 0.999702 0.0208722 -0.0126764 17.1586 
-0.0135725 0.0449911 -0.998895 -102.384 -0.0189575 0.998796 0.0452443 2.81729 0.999728 0.0195507 -0.0127032 17.1264 
-0.0138339 0.046934 -0.998802 -103.537 -0.0187458 0.99871 0.0471893 2.8545 0.999729 0.0193762 -0.0129362 17.0913 
-0.0139411 0.0494308 -0.99868 -104.711 -0.0176089 0.99861 0.0496731 2.88662 0.999748 0.0182782 -0.0130513 17.0572 
-0.0145831 0.0482639 -0.998728 -105.877 -0.0215352 0.998588 0.0485715 2.9272 0.999662 0.0222162 -0.0135231 17.0175 
-0.0147823 0.0494661 -0.998666 -107.036 -0.0258688 0.998422 0.0498369 2.9662 0.999556 0.026571 -0.0134794 16.9695 
-0.0150942 0.0484586 -0.998711 -108.203 -0.0292481 0.998376 0.0488844 3.00755 0.999458 0.0299483 -0.0136524 16.9251 
-0.0155108 0.0445808 -0.998885 -109.38 -0.0295884 0.998548 0.0450252 3.04411 0.999442 0.0302538 -0.0141692 16.8851 
-0.0162135 0.0408601 -0.999033 -110.578 -0.0294645 0.998711 0.0413251 3.07397 0.999434 0.0301061 -0.0149887 16.848 
-0.0173373 0.0400973 -0.999045 -111.795 -0.0258304 0.998844 0.0405374 3.10607 0.999516 0.0265086 -0.0162816 16.8122 
-0.0180737 0.0395271 -0.999055 -113.018 -0.0216748 0.998968 0.0399158 3.14029 0.999602 0.0223758 -0.0171983 16.7807 
-0.0184628 0.0414054 -0.998972 -114.227 -0.0210258 0.998905 0.0417913 3.17773 0.999608 0.0217758 -0.017572 16.7343 
-0.0191181 0.0452251 -0.998794 -115.458 -0.0203074 0.998753 0.0456119 3.21955 0.999611 0.0211549 -0.0181759 16.6878 
-0.0197596 0.0453332 -0.998777 -116.7 -0.0188941 0.998776 0.045707 3.26089 0.999626 0.0197742 -0.0188789 16.6464 
-0.0203646 0.0410875 -0.998948 -117.941 -0.0190649 0.998958 0.0414766 3.29849 0.999611 0.0198895 -0.01956 16.5997 
-0.021111 0.0371041 -0.999088 -119.19 -0.0196307 0.999103 0.0375194 3.34124 0.999584 0.0204049 -0.0203637 16.5482 
-0.0216297 0.0359735 -0.999119 -120.438 -0.0188045 0.999161 0.0363822 3.36561 0.999589 0.0195749 -0.020935 16.4917 
-0.0220832 0.0372021 -0.999064 -121.683 -0.0208699 0.999073 0.0376638 3.39903 0.999538 0.0216821 -0.0212863 16.4339 
-0.0227067 0.0415488 -0.998878 -122.949 -0.0255469 0.998786 0.0421257 3.43391 0.999416 0.0264748 -0.0216177 16.3804 
-0.0229176 0.0448262 -0.998732 -124.223 -0.0305665 0.998496 0.045517 3.46475 0.99927 0.0315709 -0.021513 16.3197 
-0.0229838 0.0445007 -0.998745 -125.488 -0.0376725 0.998261 0.0453461 3.50202 0.999026 0.0386675 -0.0212674 16.251 
-0.0231576 0.0425569 -0.998826 -126.756 -0.0408284 0.99822 0.0434777 3.53763 0.998898 0.0417874 -0.0213788 16.1966 
-0.0240737 0.0412963 -0.998857 -128.032 -0.042612 0.998196 0.042296 3.57313 0.998802 0.0435816 -0.0222706 16.1522 
-0.024709 0.040802 -0.998862 -129.304 -0.043141 0.998192 0.0418418 3.60449 0.998763 0.0441258 -0.0229041 16.0954 
-0.0252984 0.0399589 -0.998881 -130.56 -0.0408629 0.998324 0.0409716 3.63006 0.998844 0.0418538 -0.0236232 16.0483 
-0.0254327 0.0405351 -0.998854 -131.819 -0.041277 0.998283 0.0415629 3.665 0.998824 0.0422868 -0.0237159 15.9882 
-0.026008 0.0456366 -0.99862 -133.093 -0.0408366 0.998075 0.0466752 3.6992 0.998827 0.0419942 -0.0240943 15.9259 
-0.0265639 0.0499409 -0.998399 -134.366 -0.0401665 0.997891 0.0509842 3.73645 0.99884 0.0414565 -0.024502 15.8665 
-0.0267302 0.0484868 -0.998466 -135.622 -0.0409653 0.997931 0.0495575 3.7799 0.998803 0.0422272 -0.0246886 15.8103 
-0.0260443 0.0473348 -0.99854 -136.871 -0.0405196 0.998007 0.0483664 3.82031 0.998839 0.0417201 -0.0240744 15.7553 
-0.0248357 0.0469075 -0.99859 -138.129 -0.0398201 0.998059 0.0478729 3.85923 0.998898 0.040953 -0.0229197 15.6981 
-0.0239173 0.046145 -0.998648 -139.379 -0.0398467 0.998096 0.0470738 3.89853 0.99892 0.0409188 -0.0220331 15.6426 
-0.0234968 0.0480747 -0.998567 -140.647 -0.0396232 0.998014 0.0489804 3.94191 0.998938 0.0407174 -0.0215452 15.5984 
-0.0229712 0.0518416 -0.998391 -141.92 -0.0401636 0.997801 0.052735 3.97922 0.998929 0.0413104 -0.0208385 15.5513 
-0.0219675 0.0526088 -0.998374 -143.198 -0.0413521 0.997712 0.0534839 4.02619 0.998903 0.0424598 -0.0197418 15.5095 
-0.0211514 0.0498947 -0.998531 -144.455 -0.0433971 0.997767 0.0507758 4.06594 0.998834 0.0444074 -0.0189388 15.4602 
-0.0211203 0.0466028 -0.99869 -145.702 -0.0416774 0.998004 0.0474522 4.11049 0.998908 0.042625 -0.0191359 15.4103 
-0.0211033 0.0450519 -0.998762 -146.947 -0.0389322 0.998189 0.0458488 4.15061 0.999019 0.0398515 -0.0193111 15.3643 
-0.021349 0.0443524 -0.998788 -148.202 -0.0374475 0.998279 0.0451303 4.19346 0.999071 0.0383656 -0.0196513 15.3192 
-0.0213768 0.044571 -0.998778 -149.455 -0.0342945 0.998385 0.0452875 4.22853 0.999183 0.0352207 -0.0198137 15.2639 
-0.0218804 0.0434741 -0.998815 -150.685 -0.0327563 0.998487 0.0441774 4.25644 0.999224 0.0336842 -0.0204232 15.2195 
-0.0218703 0.043393 -0.998819 -151.967 -0.0324164 0.998502 0.044089 4.3024 0.999235 0.0333424 -0.0204309 15.1709 
-0.0223157 0.0461821 -0.998684 -153.204 -0.030266 0.998443 0.0468473 4.33765 0.999293 0.0312716 -0.0208832 15.1251 
-0.0225257 0.0474803 -0.998618 -154.435 -0.0275865 0.998462 0.0480951 4.37327 0.999366 0.0286318 -0.0211813 15.0766 
-0.0226648 0.0463891 -0.998666 -155.671 -0.0260644 0.998556 0.0469755 4.40787 0.999403 0.0270944 -0.0214229 15.0286 
-0.0234886 0.0461559 -0.998658 -156.936 -0.0272703 0.998532 0.0467915 4.46035 0.999352 0.0283328 -0.0221955 14.9825 
-0.0235094 0.0506792 -0.998438 -158.193 -0.0278148 0.998295 0.0513268 4.50645 0.999337 0.0289781 -0.0220597 14.9291 
-0.0230289 0.0567559 -0.998122 -159.448 -0.0325442 0.997816 0.0574893 4.55765 0.999205 0.0338071 -0.0211315 14.8805 
-0.0222758 0.0566758 -0.998144 -160.677 -0.036917 0.997664 0.0574725 4.60571 0.99907 0.0381288 -0.0201315 14.8271 
-0.0214203 0.0527213 -0.99838 -161.917 -0.0407826 0.997731 0.053562 4.65416 0.998938 0.0418639 -0.0192216 14.7821 
-0.0201395 0.0470137 -0.998691 -163.155 -0.0422568 0.997961 0.0478315 4.70018 0.998904 0.0431648 -0.0181118 14.7369 
-0.0193933 0.0451227 -0.998793 -164.392 -0.0447728 0.99794 0.0459535 4.74226 0.998809 0.04561 -0.0173331 14.6868 
-0.0179336 0.0423837 -0.99894 -165.621 -0.0388678 0.998316 0.043055 4.76744 0.999083 0.0395988 -0.0162561 14.6386 
-0.0178893 0.0376172 -0.999132 -166.846 -0.0364465 0.998603 0.0382499 4.80986 0.999176 0.0370992 -0.0164933 14.5977 
-0.018209 0.0348663 -0.999226 -168.091 -0.0296499 0.998933 0.0353964 4.82789 0.999395 0.0302715 -0.0171558 14.5648 
-0.0193287 0.0378384 -0.999097 -169.321 -0.0272937 0.998891 0.0383586 4.8546 0.999441 0.0280105 -0.0182745 14.524 
-0.0185902 0.0442495 -0.998848 -170.565 -0.0276724 0.998615 0.0447543 4.88429 0.999444 0.0284725 -0.01734 14.4781 
-0.0171715 0.0473498 -0.998731 -171.824 -0.0294553 0.998421 0.0478415 4.92358 0.999419 0.0302394 -0.0157496 14.4394 
-0.0154445 0.0439173 -0.998916 -173.038 -0.0305109 0.998549 0.0443729 4.96302 0.999415 0.0311632 -0.0140821 14.3968 
-0.0148991 0.0438998 -0.998925 -174.251 -0.0324967 0.998487 0.0443652 4.99683 0.999361 0.0331228 -0.0134499 14.3538 
-0.0141767 0.044939 -0.998889 -175.472 -0.0298475 0.998525 0.0453462 5.02709 0.999454 0.0304573 -0.0128145 14.3191 
-0.0138045 0.0430712 -0.998977 -176.674 -0.0296212 0.998616 0.0434649 5.05839 0.999466 0.030191 -0.0125096 14.2819 
-0.0121979 0.0415144 -0.999063 -177.857 -0.029476 0.998689 0.0418587 5.0888 0.999491 0.0299591 -0.0109583 14.2457 
-0.0107588 0.0434404 -0.998998 -179.015 -0.0311026 0.998558 0.0437562 5.11169 0.999458 0.0315422 -0.00939219 14.2129 
-0.00955252 0.0451596 -0.998934 -180.159 -0.0306932 0.998496 0.0454333 5.13685 0.999483 0.0310946 -0.00815205 14.1835 
-0.00906814 0.0464185 -0.998881 -181.279 -0.031742 0.998405 0.0466846 5.16785 0.999455 0.0321299 -0.00758026 14.1518 
-0.00888877 0.0472618 -0.998843 -182.387 -0.0319907 0.998358 0.0475236 5.20159 0.999449 0.0323762 -0.00736223 14.1223 
-0.00910594 0.0479455 -0.998808 -183.438 -0.0308702 0.99836 0.0482055 5.23051 0.999482 0.0312724 -0.00761092 14.093 
-0.00873741 0.0473169 -0.998842 -184.468 -0.0313962 0.998374 0.0475694 5.24975 0.999469 0.0317755 -0.00723764 14.0658 
-0.00753542 0.0471342 -0.99886 -185.471 -0.0320498 0.998364 0.0473526 5.27473 0.999458 0.0323702 -0.00601245 14.0446 
-0.00624844 0.0478268 -0.998836 -186.438 -0.0328749 0.998306 0.048007 5.29869 0.99944 0.0331367 -0.00466555 14.0203 
-0.00732007 0.0464228 -0.998895 -187.416 -0.031283 0.998422 0.04663 5.3184 0.999484 0.0315898 -0.00585627 14.0044 
-0.010992 0.0432888 -0.999002 -188.39 -0.0287475 0.998636 0.0435893 5.34238 0.999526 0.029198 -0.00973261 13.991 
-0.0165466 0.0394705 -0.999084 -189.368 -0.028183 0.998805 0.0399263 5.36832 0.999466 0.0288179 -0.0154144 13.9702 
-0.0215877 0.0360862 -0.999116 -190.333 -0.0294492 0.998892 0.0367144 5.39509 0.999333 0.0302158 -0.0205011 13.9296 
-0.0256397 0.0352218 -0.999051 -191.291 -0.0311534 0.998866 0.0360148 5.41293 0.999186 0.0320473 -0.0245134 13.8875 
-0.0290347 0.0356923 -0.998941 -192.234 -0.0328342 0.998789 0.0366412 5.43253 0.999039 0.0338634 -0.0278276 13.8466 
-0.0313028 0.0375143 -0.998806 -193.164 -0.0310913 0.998775 0.0384875 5.44918 0.999026 0.0322589 -0.0300981 13.8039 
-0.0328735 0.0386916 -0.99871 -194.102 -0.0283799 0.998811 0.0396297 5.47509 0.999057 0.0296461 -0.0317364 13.7602 
-0.0344246 0.0391499 -0.99864 -195.02 -0.0267587 0.998838 0.0400801 5.49394 0.999049 0.0281021 -0.033337 13.715 
-0.0352726 0.0382768 -0.998644 -195.933 -0.0270836 0.998863 0.0392417 5.50829 0.999011 0.0284311 -0.0341958 13.6607 
-0.0360559 0.0370857 -0.998661 -196.835 -0.0288844 0.998855 0.0381358 5.5261 0.998932 0.0302208 -0.0349434 13.6096 
-0.0358722 0.0364342 -0.998692 -197.739 -0.0326643 0.998759 0.0376099 5.54428 0.998822 0.0339708 -0.0346376 13.5527 
-0.0352375 0.0345897 -0.99878 -198.647 -0.0352287 0.998737 0.035831 5.56133 0.998758 0.0364484 -0.0339744 13.5007 
-0.0345034 0.0317966 -0.998899 -199.555 -0.0355517 0.998822 0.0330222 5.58091 0.998772 0.0366519 -0.0333324 13.4547 
-0.0340981 0.0290164 -0.998997 -200.467 -0.0351082 0.998927 0.0302127 5.60011 0.998802 0.0361032 -0.0330428 13.4074 
-0.0336133 0.0288942 -0.999017 -201.392 -0.0348209 0.998941 0.0300636 5.61258 0.998828 0.0357973 -0.0325716 13.3575 
-0.0330895 0.0315614 -0.998954 -202.323 -0.0316823 0.998966 0.0326112 5.629 0.99895 0.0327283 -0.0320554 13.3121 
-0.0330675 0.0329347 -0.99891 -203.259 -0.0312522 0.998934 0.0339701 5.64453 0.998964 0.0323414 -0.0320029 13.261 
-0.0323929 0.0291772 -0.999049 -204.196 -0.0266738 0.999193 0.0300463 5.66119 0.999119 0.0276218 -0.0315885 13.2208 
-0.0321725 0.0256453 -0.999153 -205.133 -0.0252194 0.999332 0.026462 5.68305 0.999164 0.0260495 -0.0315043 13.1775 
-0.0317207 0.0258459 -0.999163 -206.078 -0.0295831 0.999203 0.0267861 5.70225 0.999059 0.030408 -0.0309308 13.1244 
-0.0303524 0.0298805 -0.999093 -207.033 -0.0308527 0.999049 0.0308165 5.71402 0.999063 0.0317601 -0.0294017 13.0757 
-0.028581 0.0296054 -0.999153 -207.997 -0.028297 0.999137 0.0304144 5.73071 0.999191 0.0291424 -0.0277186 13.0338 
-0.0267389 0.030144 -0.999188 -208.957 -0.027541 0.999144 0.0308797 5.76363 0.999263 0.0283444 -0.0258858 12.9927 
-0.0252268 0.0346334 -0.999082 -209.938 -0.0269755 0.999012 0.0353122 5.79202 0.999318 0.0278416 -0.0242677 12.9493 
-0.0238572 0.0388111 -0.998962 -210.934 -0.023839 0.99894 0.0393796 5.81441 0.999431 0.0247538 -0.0229067 12.9178 
-0.0227222 0.0392411 -0.998971 -211.943 -0.0235904 0.99893 0.039776 5.84465 0.999463 0.02447 -0.0217722 12.8767 
-0.0205291 0.0394952 -0.999009 -212.952 -0.0267182 0.998841 0.0400376 5.87905 0.999432 0.0275137 -0.0194501 12.8342 
-0.0174436 0.0412553 -0.998996 -213.975 -0.0296463 0.998688 0.0417602 5.9018 0.999408 0.0303451 -0.0161976 12.7867 
-0.0137775 0.0413867 -0.999048 -214.993 -0.0307923 0.998652 0.0417949 5.93439 0.999431 0.0313388 -0.0124845 12.7471 
-0.0107292 0.0387996 -0.999189 -216.015 -0.0341081 0.998651 0.039145 5.96263 0.999361 0.0345005 -0.00939136 12.7137 
-0.00805071 0.0353326 -0.999343 -217.05 -0.0340464 0.998787 0.0355872 5.9916 0.999388 0.0343106 -0.00683799 12.6823 
-0.00686447 0.0346314 -0.999377 -218.094 -0.0319262 0.998883 0.0348336 6.01375 0.999467 0.0321455 -0.00575115 12.6667 
-0.00535569 0.0366927 -0.999312 -219.145 -0.0330588 0.998774 0.0368501 6.03337 0.999439 0.0332335 -0.0041361 12.6362 
-0.00390968 0.0401437 -0.999186 -220.181 -0.0347897 0.998584 0.0402556 6.0589 0.999387 0.0349188 -0.00250755 12.6073 
-0.00302741 0.0399017 -0.999199 -221.25 -0.0336506 0.998634 0.0399811 6.08017 0.999429 0.0337447 -0.00168055 12.5962 
-0.0021715 0.0368873 -0.999317 -222.313 -0.0321443 0.9988 0.0369381 6.1117 0.999481 0.0322026 -0.000983178 12.5708 
-0.00234049 0.0336317 -0.999432 -223.411 -0.0296747 0.998992 0.0336864 6.13927 0.999557 0.0297367 -0.00134012 12.5537 
-0.00255216 0.0329389 -0.999454 -224.507 -0.0283615 0.999053 0.0329981 6.14712 0.999595 0.0284302 -0.00161554 12.5397 
-0.00236899 0.0321296 -0.999481 -225.603 -0.0280821 0.999087 0.0321835 6.16523 0.999603 0.0281438 -0.00146456 12.5141 
-0.00230822 0.0319918 -0.999486 -226.7 -0.0281403 0.99909 0.0320441 6.19234 0.999601 0.0281998 -0.00140586 12.5026 
-0.00228837 0.0327942 -0.99946 -227.799 -0.0308135 0.998985 0.0328492 6.21579 0.999523 0.030872 -0.00127554 12.4685 
-0.00262302 0.0349211 -0.999387 -228.912 -0.032068 0.998873 0.0349873 6.24121 0.999482 0.0321401 -0.00150021 12.4413 
-0.00334078 0.0368964 -0.999314 -230.038 -0.0316942 0.998813 0.0369839 6.25739 0.999492 0.0317961 -0.00216741 12.4098 
-0.00387323 0.0385128 -0.999251 -231.165 -0.0327241 0.998718 0.0386191 6.28945 0.999457 0.0328492 -0.00260796 12.378 
-0.00455798 0.0393548 -0.999215 -232.31 -0.0349362 0.998609 0.0394903 6.32046 0.999379 0.0350888 -0.00317673 12.3406 
-0.00536651 0.0380525 -0.999261 -233.456 -0.0368123 0.998591 0.0382247 6.34746 0.999308 0.0369903 -0.00395815 12.3002 
-0.0064485 0.0337219 -0.99941 -234.606 -0.034978 0.998812 0.0339274 6.37183 0.999367 0.0351762 -0.00526132 12.2652 
-0.00786802 0.0274412 -0.999592 -235.781 -0.0317607 0.999112 0.027678 6.39785 0.999465 0.0319655 -0.00698949 12.2344 
-0.0100304 0.0231255 -0.999682 -236.961 -0.027152 0.999358 0.0233904 6.41363 0.999581 0.0273781 -0.00939601 12.2049 
-0.0122701 0.0233657 -0.999652 -238.149 -0.0208288 0.999504 0.0236179 6.42903 0.999708 0.0211114 -0.0117774 12.175 
-0.0144668 0.0274567 -0.999518 -239.339 -0.0159738 0.999489 0.0276871 6.44098 0.999768 0.0163667 -0.0140209 12.1362 
-0.0167202 0.0299265 -0.999412 -240.545 -0.0137435 0.999451 0.0301576 6.46212 0.999766 0.0142397 -0.0162997 12.0949 
-0.0189915 0.02953 -0.999384 -241.745 -0.0120374 0.999485 0.0297617 6.4802 0.999747 0.0125952 -0.0186263 12.0534 
-0.0210157 0.0300561 -0.999327 -242.945 -0.0120986 0.999467 0.0303148 6.50148 0.999706 0.0127276 -0.0206409 12.0011 
-0.0229739 0.0318049 -0.99923 -244.171 -0.0117207 0.999417 0.0320804 6.52133 0.999667 0.0124487 -0.0225878 11.9448 
-0.0249568 0.0313873 -0.999196 -245.402 -0.010854 0.99944 0.0316661 6.54459 0.99963 0.0116356 -0.0246021 11.8853 
-0.0273264 0.0301651 -0.999171 -246.628 -0.0107242 0.999478 0.0304676 6.56132 0.999569 0.0115479 -0.0269887 11.8342 
-0.0292378 0.0297226 -0.999131 -247.857 -0.0112725 0.999484 0.030063 6.58354 0.999509 0.0121417 -0.0288877 11.764 
-0.0315264 0.0308171 -0.999028 -249.108 -0.0115125 0.999447 0.0311933 6.60149 0.999437 0.0124847 -0.0311542 11.7022 
-0.0337663 0.0310911 -0.998946 -250.352 -0.0118673 0.999433 0.0315074 6.6216 0.999359 0.0129187 -0.0333782 11.6364 
-0.036293 0.0319774 -0.998829 -251.626 -0.0125712 0.999394 0.0324523 6.64543 0.999262 0.0137343 -0.035869 11.5716 
-0.0386321 0.0338013 -0.998682 -252.884 -0.0140692 0.99931 0.0343669 6.66728 0.999154 0.0153784 -0.0381299 11.4981 
-0.0400401 0.0344399 -0.998604 -254.147 -0.0151909 0.999269 0.0350719 6.6914 0.999083 0.0165741 -0.0394877 11.4221 
-0.0410981 0.0346551 -0.998554 -255.403 -0.0173675 0.999223 0.0353931 6.7188 0.999004 0.018797 -0.0404643 11.3468 
-0.0411166 0.0346153 -0.998555 -256.687 -0.0179796 0.999212 0.0353785 6.74715 0.998993 0.0194083 -0.0404618 11.2656 
-0.0411599 0.0335501 -0.998589 -257.949 -0.0170034 0.999268 0.0342737 6.76883 0.999008 0.0183901 -0.0405593 11.1891 
-0.0410957 0.0325602 -0.998625 -259.221 -0.0140398 0.999351 0.0331617 6.79079 0.999057 0.0153833 -0.0406119 11.1231 
-0.0412781 0.0324468 -0.998621 -260.483 -0.0128827 0.999372 0.0330037 6.81183 0.999065 0.0142273 -0.0408342 11.0454 
-0.0414074 0.0327946 -0.998604 -261.73 -0.0126812 0.999363 0.0333454 6.83155 0.999062 0.0140443 -0.0409652 10.9767 
-0.0411648 0.0328948 -0.998611 -262.993 -0.0118954 0.999371 0.0334102 6.8501 0.999082 0.0132543 -0.0407476 10.8982 
-0.0408558 0.0334852 -0.998604 -264.27 -0.0115199 0.999356 0.0339818 6.87314 0.999099 0.0128922 -0.0404438 10.8199 
-0.0407923 0.0347028 -0.998565 -265.524 -0.00903201 0.999343 0.0350988 6.89022 0.999127 0.0104509 -0.0404521 10.7452 
-0.0408068 0.0371658 -0.998476 -266.775 -0.00402681 0.999294 0.0373609 6.9137 0.999159 0.00554529 -0.0406283 10.6788 
-0.0409132 0.0407647 -0.998331 -268.031 -0.00139834 0.999164 0.040856 6.94165 0.999162 0.0030676 -0.040822 10.6107 
-0.0408754 0.0432847 -0.998226 -269.28 0.00111621 0.999063 0.0432753 6.9691 0.999164 0.000654705 -0.0408854 10.5427 
-0.0406859 0.041753 -0.998299 -270.518 0.000601396 0.999127 0.0417631 6.99578 0.999172 0.00109884 -0.0406755 10.4679 
-0.0405783 0.0402458 -0.998366 -271.739 -0.00149179 0.999185 0.0403395 7.02245 0.999175 0.0031263 -0.0404852 10.3859 
-0.0410579 0.0432263 -0.998221 -272.975 -0.00706299 0.999026 0.0435516 7.05131 0.999132 0.00883861 -0.0407126 10.3014 
-0.0410149 0.0490583 -0.997953 -274.22 -0.0124746 0.998691 0.0496073 7.08466 0.999081 0.0144837 -0.0403493 10.2195 
-0.0408966 0.0483511 -0.997993 -275.467 -0.0162289 0.998665 0.0490487 7.12459 0.999032 0.0182022 -0.0400573 10.1385 
-0.0406908 0.0416846 -0.998302 -276.692 -0.0155234 0.998982 0.0423457 7.15656 0.999051 0.0172202 -0.0400023 10.0637 
-0.0413934 0.0360249 -0.998493 -277.92 -0.0122183 0.999257 0.0365589 7.19186 0.999068 0.0137132 -0.0409225 9.99619 
-0.0413625 0.0354238 -0.998516 -279.137 -0.00651951 0.999341 0.0357231 7.21273 0.999123 0.00798747 -0.0411043 9.93093 
-0.0406127 0.0370624 -0.998487 -280.362 -0.00289751 0.999303 0.0372105 7.2352 0.999171 0.00440438 -0.040477 9.86339 
-0.039172 0.039159 -0.998465 -281.601 -0.00147839 0.999228 0.039247 7.25476 0.999231 0.00301354 -0.0390839 9.7918 
-0.0379282 0.0417239 -0.998409 -282.836 -0.00356298 0.999116 0.0418888 7.27948 0.999274 0.00514612 -0.037746 9.71608 
-0.0370198 0.043029 -0.998388 -284.069 -0.00442023 0.999056 0.0432217 7.30711 0.999305 0.0060132 -0.0367946 9.64631 
-0.0365074 0.043918 -0.998368 -285.315 -0.00447132 0.999017 0.04411 7.33616 0.999323 0.00607441 -0.0362752 9.58743 
-0.0358877 0.0434301 -0.998412 -286.543 -0.00409299 0.999041 0.0436046 7.36334 0.999347 0.0056514 -0.0356755 9.51995 
-0.0354804 0.0416923 -0.9985 -287.776 -0.00512625 0.999109 0.0418999 7.39875 0.999357 0.00660523 -0.035235 9.44681 
-0.0355138 0.0405344 -0.998547 -288.995 -0.00449432 0.999161 0.0407191 7.42784 0.999359 0.00593392 -0.0353018 9.3817 
-0.0354037 0.0403233 -0.998559 -290.219 -0.00488828 0.999167 0.0405211 7.45389 0.999361 0.00631587 -0.0351771 9.31242 
-0.0352331 0.040089 -0.998575 -291.447 -0.00528108 0.999174 0.0402993 7.4827 0.999365 0.00669346 -0.0349922 9.24769 
-0.0349976 0.0402837 -0.998575 -292.68 -0.00597881 0.999161 0.0405168 7.51239 0.99937 0.00738832 -0.0347274 9.17594 
-0.0348489 0.0403252 -0.998579 -293.904 -0.00543753 0.999163 0.0405386 7.54339 0.999378 0.00684257 -0.0346005 9.11176 
-0.0351169 0.0386992 -0.998634 -295.127 -0.00478036 0.999232 0.0388905 7.56828 0.999372 0.00613958 -0.0349049 9.04867 
-0.0354124 0.0363089 -0.998713 -296.357 -0.00462658 0.999323 0.0364951 7.59323 0.999362 0.00591305 -0.0352204 8.98449 
-0.0356284 0.0331798 -0.998814 -297.582 -0.00549788 0.999427 0.0333963 7.62152 0.99935 0.00668126 -0.0354256 8.90926 
-0.0358811 0.0316911 -0.998853 -298.824 -0.00722262 0.999463 0.0319699 7.64527 0.99933 0.00836149 -0.0356329 8.84017 
-0.0363281 0.0316291 -0.998839 -300.068 -0.010047 0.999437 0.0320134 7.66558 0.999289 0.0111984 -0.0359899 8.76891 
-0.036569 0.0325311 -0.998802 -301.31 -0.0131273 0.999368 0.0330302 7.68763 0.999245 0.0143195 -0.0361189 8.68983 
-0.0370774 0.0334516 -0.998752 -302.564 -0.0167718 0.999278 0.0340919 7.70863 0.999172 0.018015 -0.0364896 8.61506 
-0.0375508 0.0333896 -0.998737 -303.816 -0.0179715 0.999257 0.0340827 7.72884 0.999133 0.0192287 -0.0369229 8.54845 
-0.0382483 0.0312637 -0.998779 -305.067 -0.0173104 0.99934 0.0319442 7.74684 0.999118 0.0185111 -0.0376819 8.48103 
-0.0388241 0.0291698 -0.99882 -306.306 -0.0152297 0.99944 0.0297799 7.76686 0.99913 0.0163679 -0.0383581 8.40907 
-0.0396534 0.0290745 -0.99879 -307.549 -0.0123088 0.999487 0.0295834 7.78057 0.999138 0.013467 -0.0392751 8.3361 
