1 2.12261e-08 -2.11895e-08 0 2.12261e-08 1 2.10703e-08 0 -2.11895e-08 2.10703e-08 1 0 
0.999932 -0.00285223 0.0112835 0.0148856 0.00283805 0.999995 0.00127633 -0.00849735 -0.0112872 -0.00124418 0.999936 0.294345 
0.999833 -0.00495597 0.0175862 0.0300438 0.00493107 0.999987 0.00146138 -0.0128589 -0.0175932 -0.00137437 0.999844 0.589073 
0.999786 -0.00791908 0.0191183 0.0456391 0.00792259 0.999969 -0.000105424 -0.0124946 -0.0191169 0.00025691 0.999817 0.890502 
0.999817 -0.00980339 0.0164169 0.057337 0.00983201 0.99995 -0.00166129 -0.017663 -0.0163998 0.00182244 0.999864 1.20087 
0.99988 -0.0126878 0.00888307 0.069576 0.012719 0.999913 -0.00345612 -0.0150986 -0.00883849 0.00356874 0.999955 1.52414 
0.999889 -0.0143777 -0.0039928 0.0690655 0.014356 0.999882 -0.0054176 -0.0176502 0.00407018 0.00535972 0.999977 1.86028 
0.999684 -0.0136927 -0.0210628 0.0534944 0.0135798 0.999893 -0.00549579 -0.0270222 0.0211357 0.00520807 0.999763 2.20413 
0.999118 -0.00916074 -0.040987 0.0195634 0.00893694 0.999944 -0.00564113 -0.0322977 0.0410364 0.0052699 0.999144 2.55734 
0.998105 -0.00578486 -0.0612582 -0.0214752 0.00536489 0.999961 -0.00701853 -0.0373369 0.0612964 0.00667663 0.998097 2.92263 
0.996635 -0.00557302 -0.0817735 -0.0666594 0.00498797 0.999961 -0.00735763 -0.0425888 0.0818113 0.00692503 0.996624 3.29878 
0.994669 -0.00699685 -0.102884 -0.124271 0.00632422 0.999956 -0.00686287 -0.0464746 0.102928 0.00617567 0.99467 3.68333 
0.9924 -0.00844 -0.122765 -0.187984 0.0077536 0.999952 -0.00606816 -0.0520017 0.12281 0.00507021 0.992417 4.08148 
0.990037 -0.0073057 -0.140616 -0.268905 0.00655308 0.999962 -0.00581488 -0.0549173 0.140653 0.00483552 0.990047 4.48621 
0.987691 -0.0061754 -0.156298 -0.355137 0.00542705 0.999972 -0.00521452 -0.0608388 0.156325 0.00430214 0.987696 4.90149 
0.985452 -0.00568016 -0.169859 -0.446693 0.00483385 0.999974 -0.00539576 -0.0698634 0.169885 0.00449624 0.985454 5.32415 
0.98327 -0.00737693 -0.182007 -0.544892 0.00637874 0.999961 -0.00606937 -0.080135 0.182045 0.0048069 0.983279 5.76014 
0.981536 -0.00935656 -0.191049 -0.702038 0.00777523 0.999929 -0.00902524 -0.0937858 0.19112 0.0073732 0.981539 6.25101 
0.979971 -0.00824882 -0.198969 -0.812604 0.00614068 0.999918 -0.0112103 -0.0947287 0.199045 0.00976397 0.979942 6.71212 
0.978514 -0.00770253 -0.206035 -0.937837 0.00520671 0.999906 -0.0126532 -0.104767 0.206113 0.0113087 0.978463 7.17323 
0.976763 -0.00851631 -0.214153 -1.05698 0.00531609 0.999866 -0.0155152 -0.117869 0.214257 0.0140163 0.976677 7.65967 
0.974919 -0.0125308 -0.222205 -1.17438 0.00894229 0.999813 -0.0171484 -0.124048 0.222378 0.0147313 0.974849 8.16893 
0.973004 -0.0194423 -0.229967 -1.30423 0.0156899 0.999712 -0.0181349 -0.13973 0.230254 0.0140372 0.973029 8.67577 
0.970893 -0.0197804 -0.238696 -1.44354 0.0152801 0.999669 -0.0206897 -0.15352 0.239026 0.0164402 0.970874 9.19828 
0.968834 -0.01581 -0.247206 -1.63126 0.00985271 0.999631 -0.0253174 -0.164033 0.247515 0.0220928 0.968632 9.75419 
0.96664 -0.0129114 -0.255813 -1.81038 0.0057458 0.99957 -0.028739 -0.161442 0.256074 0.0263105 0.966299 10.2934 
0.964325 -0.0154819 -0.264267 -1.97368 0.00771047 0.999508 -0.0304196 -0.181796 0.264608 0.0272968 0.96397 10.8431 
0.961996 -0.0180094 -0.272468 -2.15069 0.00943986 0.99942 -0.0327301 -0.206168 0.2729 0.0289142 0.961608 11.3899 
0.959787 -0.0172689 -0.280199 -2.35507 0.00762967 0.999342 -0.035456 -0.229457 0.280627 0.0318924 0.959287 11.9698 
0.957449 -0.0161562 -0.288151 -2.55481 0.0051046 0.999224 -0.0390638 -0.256491 0.288558 0.0359307 0.956788 12.5536 
0.955241 -0.0168821 -0.295347 -2.78058 0.00394012 0.999008 -0.04436 -0.287858 0.295803 0.0412108 0.95436 13.1632 
0.953408 -0.0184023 -0.301122 -2.99293 0.00281422 0.998637 -0.0521191 -0.321531 0.301671 0.0488434 0.95216 13.7796 
0.952163 -0.0191171 -0.304993 -3.22793 0.000746326 0.998184 -0.0602366 -0.358526 0.305591 0.0571275 0.950448 14.4067 
0.950945 -0.0186933 -0.308794 -3.45187 -0.00282128 0.997607 -0.0690799 -0.400923 0.309346 0.0665625 0.948617 15.011 
0.949549 -0.0187696 -0.313057 -3.69834 -0.00602108 0.996932 -0.0780349 -0.447224 0.313561 0.075983 0.946523 15.6654 
0.948298 -0.018158 -0.316861 -3.96076 -0.00932241 0.996338 -0.0849959 -0.509258 0.317244 0.0835554 0.944656 16.3205 
0.946809 -0.015827 -0.321407 -4.24203 -0.0144579 0.995689 -0.0916212 -0.578189 0.321471 0.0913946 0.942498 17.0044 
0.945292 -0.0142421 -0.325915 -4.5062 -0.0186284 0.99506 -0.0975134 -0.648951 0.325694 0.09825 0.940357 17.6652 
0.943625 -0.0125232 -0.33078 -4.7665 -0.0228702 0.99443 -0.102891 -0.720931 0.330226 0.104656 0.938082 18.3316 
0.941915 -0.0100221 -0.335703 -5.04394 -0.0272466 0.99398 -0.106123 -0.792058 0.334745 0.109105 0.935971 19.0186 
0.940172 -0.00892455 -0.340582 -5.31234 -0.0294052 0.993801 -0.107214 -0.875557 0.339428 0.110815 0.934082 19.6886 
0.937929 -0.00930964 -0.346704 -5.59875 -0.0294395 0.993895 -0.10633 -0.95653 0.345577 0.109937 0.931928 20.3994 
0.935805 -0.0078692 -0.352431 -5.92791 -0.0312165 0.993973 -0.105083 -1.04431 0.351134 0.109339 0.92992 21.1289 
0.933308 -0.00750663 -0.358999 -6.23971 -0.0317661 0.994135 -0.103371 -1.1326 0.357669 0.107881 0.927596 21.8547 
0.930155 -0.00650413 -0.367109 -6.55513 -0.0326535 0.994416 -0.100354 -1.21406 0.365711 0.105332 0.924749 22.5825 
0.926896 -0.00435986 -0.375293 -6.88998 -0.0336722 0.994934 -0.0947218 -1.3004 0.373805 0.100434 0.922054 23.3287 
0.923332 -0.00111976 -0.384001 -7.23217 -0.0360902 0.995316 -0.0896814 -1.37805 0.382303 0.0966644 0.918967 24.0846 
0.919843 0.00222643 -0.392279 -7.60561 -0.0389197 0.995568 -0.0856112 -1.44941 0.39035 0.0940164 0.915854 24.8338 
0.916053 0.00314735 -0.401045 -7.97664 -0.04015 0.995665 -0.0838954 -1.52629 0.399043 0.0929547 0.912209 25.6026 
0.912023 0.00299674 -0.410128 -8.35366 -0.0407207 0.995694 -0.0832774 -1.6023 0.408113 0.0926516 0.908218 26.3803 
0.908267 0.00313755 -0.41838 -8.75828 -0.0412238 0.995777 -0.0820258 -1.6748 0.416356 0.0917485 0.904561 27.1629 
0.904503 0.0041763 -0.426447 -9.19086 -0.0425312 0.99585 -0.080457 -1.74704 0.424341 0.090911 0.900927 27.9579 
0.900823 0.00314989 -0.434175 -9.6161 -0.0411102 0.9961 -0.0780685 -1.82456 0.432236 0.088175 0.897439 28.7282 
0.897168 0.00457517 -0.441665 -10.0725 -0.0416347 0.99637 -0.0742527 -1.90649 0.439722 0.0850058 0.894102 29.533 
0.893556 0.00694411 -0.448899 -10.5278 -0.0422546 0.996743 -0.0686912 -1.9772 0.446959 0.0803475 0.890939 30.3462 
0.889729 0.00737974 -0.456429 -10.9538 -0.0413362 0.997064 -0.0644568 -2.04994 0.454614 0.0762162 0.887422 31.1449 
0.886006 0.00650803 -0.463628 -11.3824 -0.0399929 0.997248 -0.062429 -2.11723 0.461946 0.0738543 0.883828 31.9351 
0.882781 0.00475836 -0.469762 -11.8812 -0.0380707 0.997384 -0.06144 -2.16784 0.468241 0.0721222 0.880653 32.7888 
0.879736 0.00570943 -0.475429 -12.3769 -0.0386399 0.997479 -0.0595209 -2.23147 0.47389 0.0707332 0.877739 33.6232 
0.876749 0.00368645 -0.480934 -12.8289 -0.0360514 0.997661 -0.058075 -2.29101 0.479595 0.0682556 0.874831 34.4209 
0.874251 0.00244862 -0.485469 -13.3856 -0.0350102 0.997702 -0.0580156 -2.36255 0.484211 0.0677166 0.872327 35.3088 
0.87224 0.00140387 -0.489076 -13.8848 -0.0344824 0.997684 -0.0586338 -2.41926 0.487861 0.0680073 0.870268 36.1427 
0.870853 0.00129586 -0.491542 -14.3953 -0.034904 0.997635 -0.0592086 -2.47558 0.490302 0.0687189 0.868839 36.9987 
0.870386 0.00150001 -0.492368 -14.9315 -0.0346955 0.997696 -0.0582937 -2.54488 0.491147 0.067821 0.868433 37.8866 
0.870482 0.00234292 -0.492195 -15.4878 -0.0347927 0.99778 -0.0567838 -2.61068 0.490969 0.0665541 0.868631 38.7641 
0.87014 0.000846433 -0.492804 -16.0062 -0.0327686 0.997885 -0.0561453 -2.67574 0.491714 0.0650028 0.868327 39.6486 
0.869615 -0.000772504 -0.493729 -16.5572 -0.0316316 0.997857 -0.0572747 -2.73297 0.492715 0.0654244 0.867728 40.5507 
0.86847 -0.00294626 -0.495734 -17.1088 -0.029584 0.997892 -0.0577585 -2.80356 0.494859 0.0648273 0.866552 41.4676 
0.866823 -0.00380609 -0.498601 -17.6573 -0.0277866 0.998048 -0.055926 -2.8692 0.49784 0.0623325 0.865026 42.3935 
0.864714 -0.00247522 -0.502259 -18.1617 -0.0274039 0.998266 -0.0520995 -2.91946 0.501517 0.058815 0.863146 43.2559 
0.861827 -0.00316255 -0.507193 -18.6935 -0.0244326 0.998561 -0.0477426 -2.98967 0.506614 0.053538 0.860509 44.1307 
0.857901 -0.00316351 -0.513805 -19.2564 -0.0238135 0.998662 -0.0459103 -3.04642 0.513262 0.0516221 0.856678 45.0255 
0.85278 -0.00675511 -0.522226 -19.813 -0.0214378 0.998621 -0.0479249 -3.11114 0.521829 0.0520648 0.85146 45.8801 
0.846774 -0.0106482 -0.531846 -20.3943 -0.0195355 0.998503 -0.0510947 -3.17353 0.531594 0.0536556 0.845298 46.76 
0.840805 -0.0121339 -0.541202 -20.9612 -0.0174889 0.998618 -0.04956 -3.24985 0.541055 0.0511354 0.839431 47.5366 
0.8349 -0.00936546 -0.550322 -21.5672 -0.0179626 0.998859 -0.0442501 -3.31433 0.550108 0.0468296 0.833779 48.4205 
0.829898 -0.0050272 -0.557892 -22.1903 -0.0206106 0.999001 -0.0396616 -3.38083 0.557534 0.0444136 0.828965 49.2681 
0.825942 -0.00477117 -0.563734 -22.8183 -0.0222908 0.998906 -0.0411131 -3.43704 0.563314 0.0465232 0.824932 50.1412 
0.822655 -0.0068978 -0.568499 -23.4373 -0.0228477 0.998718 -0.0451799 -3.49659 0.568082 0.0501564 0.821442 50.9842 
0.819684 -0.00937423 -0.572739 -24.0745 -0.0250552 0.998322 -0.0521981 -3.55531 0.572268 0.0571361 0.818074 51.8372 
0.816586 -0.0103949 -0.577131 -24.704 -0.0252265 0.99824 -0.0536729 -3.62193 0.576673 0.0583876 0.814886 52.686 
0.813305 -0.0090819 -0.581766 -25.3378 -0.0241659 0.998488 -0.0493711 -3.68642 0.581335 0.0542127 0.811856 53.5065 
0.810179 -0.00681439 -0.586144 -25.9897 -0.0234701 0.998754 -0.0440522 -3.75102 0.585713 0.049447 0.809009 54.3565 
0.807206 -0.00491319 -0.590249 -26.6452 -0.0239916 0.998866 -0.0411247 -3.80852 0.589782 0.0473572 0.806173 55.2072 
0.804061 -0.00498789 -0.594526 -27.3011 -0.0244747 0.99884 -0.0414805 -3.86579 0.594043 0.0479038 0.803006 56.046 
0.80055 -0.00620054 -0.599234 -27.9581 -0.0244991 0.998772 -0.0430645 -3.92412 0.598765 0.049156 0.799415 56.8818 
0.796561 -0.00897584 -0.604492 -28.6311 -0.0234282 0.99868 -0.0457012 -3.98321 0.604104 0.050566 0.7953 57.7313 
0.792378 -0.0101369 -0.609946 -29.3066 -0.0225847 0.998689 -0.0459373 -4.04271 0.609612 0.0501753 0.791111 58.5626 
0.787934 -0.0106183 -0.615668 -30.0001 -0.0217577 0.998747 -0.0450708 -4.10131 0.615375 0.0489084 0.786715 59.4024 
0.783235 -0.0100553 -0.621644 -30.708 -0.0224944 0.998756 -0.044497 -4.16152 0.621318 0.0488352 0.782035 60.2335 
0.777945 -0.011386 -0.628229 -31.4043 -0.0221552 0.998717 -0.0455358 -4.2208 0.627942 0.0493429 0.776695 61.0578 
0.772612 -0.0127122 -0.634751 -32.1109 -0.0216772 0.998688 -0.0463861 -4.28052 0.634508 0.0495981 0.771323 61.8817 
0.767161 -0.0138162 -0.641306 -32.8233 -0.0214629 0.998655 -0.0471899 -4.34235 0.641095 0.0499666 0.765833 62.6928 
0.761565 -0.0154052 -0.647905 -33.5528 -0.0208115 0.998621 -0.0482065 -4.40606 0.647754 0.0501963 0.760194 63.5134 
0.755579 -0.0172371 -0.654831 -34.2879 -0.0198078 0.998595 -0.0491413 -4.47037 0.654758 0.050101 0.754176 64.3238 
0.749884 -0.0171246 -0.661348 -35.1317 -0.020893 0.998553 -0.0495461 -4.55041 0.661239 0.0509715 0.748441 65.16 
0.743621 -0.0170302 -0.668384 -35.9006 -0.0201099 0.998654 -0.0478189 -4.61783 0.668299 0.0490003 0.742277 65.9795 
0.737564 -0.0168707 -0.675067 -36.7347 -0.0205309 0.998666 -0.0473895 -4.69249 0.674965 0.0488126 0.736233 66.8079 
0.731217 -0.0184111 -0.681896 -37.5301 -0.0195535 0.998659 -0.0479315 -4.7703 0.681864 0.0483819 0.729877 67.6051 
0.72515 -0.0195076 -0.688314 -38.3361 -0.0203424 0.998555 -0.0497313 -4.84096 0.68829 0.0500647 0.723706 68.3972 
0.71951 -0.0179218 -0.69425 -39.1782 -0.0233209 0.99848 -0.0499448 -4.91025 0.69409 0.0521264 0.717999 69.1947 
0.714636 -0.0170526 -0.699289 -40.0559 -0.0243505 0.99849 -0.0492338 -4.97383 0.699073 0.0522123 0.713142 69.9898 
0.710123 -0.0162755 -0.70389 -40.9488 -0.0260584 0.99844 -0.0493753 -5.04252 0.703596 0.0534048 0.708591 70.7911 
0.705545 -0.0169057 -0.708464 -41.8115 -0.0266771 0.998373 -0.0503909 -5.11496 0.708163 0.0544528 0.703946 71.5879 
0.70035 -0.0185085 -0.71356 -42.6465 -0.0275566 0.998218 -0.0529385 -5.1874 0.713268 0.0567388 0.698591 72.3734 
0.695672 -0.0213488 -0.718042 -43.5401 -0.0268477 0.998087 -0.0556864 -5.25399 0.717858 0.0580173 0.693768 73.1712 
0.690807 -0.0217129 -0.722714 -44.4284 -0.0275329 0.998034 -0.0563019 -5.33435 0.722515 0.0587922 0.688851 73.9624 
0.686157 -0.0214842 -0.727137 -45.3122 -0.0269967 0.998123 -0.0549661 -5.40366 0.726953 0.0573457 0.684289 74.7437 
0.681108 -0.0218596 -0.731856 -46.2089 -0.0257957 0.998217 -0.0538225 -5.47865 0.731728 0.0555378 0.67933 75.5321 
0.676053 -0.0232209 -0.736487 -47.1137 -0.0249235 0.998211 -0.0543513 -5.548 0.736431 0.0551002 0.674265 76.3189 
0.671525 -0.0246554 -0.740572 -48.0421 -0.0235554 0.998231 -0.0545927 -5.61716 0.740607 0.0541049 0.669756 77.1033 
0.667054 -0.0254175 -0.744576 -48.9335 -0.0224201 0.99828 -0.054164 -5.69751 0.744672 0.0528238 0.665337 77.877 
0.663356 -0.0263952 -0.747838 -49.8565 -0.0214146 0.998299 -0.0542308 -5.76024 0.747997 0.0519891 0.661662 78.6422 
0.659761 -0.0291071 -0.750912 -50.7706 -0.0186532 0.998307 -0.0550857 -5.84584 0.751244 0.0503504 0.658101 79.3808 
0.656015 -0.0342338 -0.753971 -51.7517 -0.014832 0.998193 -0.0582277 -5.92578 0.754602 0.0493812 0.654322 80.1475 
0.651266 -0.0385501 -0.757869 -52.6772 -0.0104454 0.998159 -0.059749 -6.00311 0.758777 0.0468288 0.649665 80.9173 
0.644739 -0.042275 -0.763233 -53.6373 -0.00535122 0.998195 -0.0598099 -6.08483 0.764384 0.042646 0.643349 81.6957 
0.636571 -0.0460439 -0.769842 -54.5966 -0.000627228 0.998185 -0.0602196 -6.17083 0.771218 0.038817 0.635387 82.4512 
0.627799 -0.0472298 -0.776941 -55.5619 0.00243311 0.998272 -0.0587183 -6.25527 0.778371 0.034973 0.626829 83.1935 
0.619608 -0.0451784 -0.78361 -56.601 0.00186378 0.998424 -0.0560897 -6.35391 0.784909 0.0332932 0.618716 83.9337 
0.610845 -0.0451358 -0.790462 -57.5931 0.0016731 0.998445 -0.0557188 -6.43807 0.791748 0.0327131 0.609971 84.6559 
0.601501 -0.0463705 -0.797525 -58.5965 0.000559681 0.998338 -0.0576243 -6.51999 0.798872 0.0342148 0.600528 85.3711 
0.592323 -0.0481874 -0.804258 -59.7202 0.00024908 0.998221 -0.0596253 -6.62234 0.8057 0.0351172 0.591281 86.0871 
0.582581 -0.0495256 -0.811262 -60.7792 0.000276614 0.998154 -0.0607363 -6.71924 0.812773 0.0351595 0.581519 86.8114 
0.572867 -0.0501749 -0.818111 -61.8397 0.00291181 0.998243 -0.0591835 -6.80985 0.819643 0.0315222 0.572006 87.5121 
0.562731 -0.0502382 -0.825112 -62.9112 0.00405205 0.998307 -0.05802 -6.89825 0.82663 0.0293063 0.561982 88.2102 
0.552788 -0.0507962 -0.831773 -63.9904 0.00411402 0.998295 -0.0582316 -6.99462 0.833312 0.0287678 0.552054 88.8806 
0.542648 -0.0519076 -0.838355 -65.0337 0.00377327 0.998229 -0.0593641 -7.08205 0.839952 0.0290505 0.541883 89.5255 
0.532647 -0.052414 -0.844713 -66.1177 0.00219274 0.998163 -0.0605528 -7.16845 0.846335 0.0304011 0.531783 90.1792 
0.522942 -0.053237 -0.850704 -67.2064 0.000879606 0.998081 -0.0619192 -7.2633 0.852368 0.0316319 0.521985 90.8182 
0.513677 -0.053044 -0.856342 -68.356 -0.000171093 0.998081 -0.0619263 -7.35965 0.857984 0.0319567 0.512682 91.4518 
0.504896 -0.0506947 -0.86169 -69.4676 -0.00122873 0.998231 -0.0594475 -7.45764 0.863179 0.0310737 0.503941 92.0779 
0.497093 -0.0490192 -0.866311 -70.5847 -0.00107967 0.998367 -0.057111 -7.54514 0.867697 0.0293249 0.496229 92.694 
0.489407 -0.0494626 -0.870652 -71.7158 -0.000623835 0.99837 -0.0570691 -7.63554 0.872055 0.0284732 0.488578 93.2987 
0.481888 -0.0524266 -0.874663 -72.8396 0.00100607 0.998241 -0.0592795 -7.72502 0.876232 0.0276862 0.481093 93.8928 
0.474982 -0.0558494 -0.878222 -73.9696 0.00381536 0.998105 -0.0614098 -7.82215 0.879987 0.0258179 0.474295 94.4791 
0.4689 -0.0584468 -0.881316 -75.1041 0.00498369 0.997967 -0.0635313 -7.92118 0.883237 0.0253977 0.468238 95.0536 
0.463221 -0.0621673 -0.88406 -76.2568 0.00723058 0.997769 -0.0663747 -8.01941 0.886213 0.0243539 0.462637 95.6387 
0.458571 -0.0629676 -0.886424 -77.4024 0.00956277 0.997778 -0.0659307 -8.11749 0.888606 0.0217573 0.458155 96.2069 
0.454485 -0.0605584 -0.888693 -78.5475 0.0115666 0.998003 -0.0620919 -8.21751 0.890679 0.0179407 0.454278 96.7643 
0.450649 -0.0588001 -0.890762 -79.7145 0.0144903 0.998179 -0.05856 -8.31222 0.892583 0.0134827 0.450681 97.3327 
0.44714 -0.0585205 -0.892547 -80.8579 0.0159469 0.99822 -0.0574601 -8.40018 0.894322 0.0114594 0.447278 97.8914 
0.444428 -0.0585111 -0.893902 -82.014 0.0173691 0.99824 -0.0567052 -8.48944 0.895646 0.00967516 0.444662 98.4336 
0.442527 -0.058255 -0.894861 -83.1957 0.0198761 0.99828 -0.0551584 -8.57005 0.896535 0.00662281 0.442924 98.9607 
0.439516 -0.0568394 -0.896435 -84.335 0.020709 0.998372 -0.0531493 -8.67422 0.897996 0.00479572 0.439977 99.5348 
0.437415 -0.0585193 -0.897354 -85.4752 0.0236888 0.998284 -0.0535542 -8.74503 0.898948 0.00216829 0.438051 100.052 
0.435205 -0.0595311 -0.898361 -86.6241 0.0265672 0.998226 -0.0532785 -8.82204 0.899939 -0.000679763 0.436015 100.583 
0.432289 -0.0571012 -0.899926 -87.693 0.029056 0.998357 -0.0493894 -8.94664 0.901267 -0.00479769 0.433237 101.116 
0.430143 -0.0559605 -0.901025 -88.8055 0.0308158 0.998405 -0.0472974 -9.04273 0.902235 -0.00742112 0.431182 101.632 
0.428938 -0.0565731 -0.901561 -89.9128 0.032702 0.998355 -0.0470882 -9.1336 0.902742 -0.00928483 0.430083 102.123 
0.427545 -0.0572206 -0.902181 -90.9823 0.0342182 0.998304 -0.0471011 -9.22897 0.903346 -0.0107331 0.428778 102.615 
0.426752 -0.057211 -0.902557 -92.039 0.0330937 0.998317 -0.0476334 -9.32724 0.903763 -0.00954125 0.427927 103.109 
0.426699 -0.0569967 -0.902596 -93.0783 0.0313932 0.998344 -0.0482019 -9.41615 0.903849 -0.00776765 0.427781 103.603 
0.428585 -0.0557878 -0.901777 -94.0993 0.0292399 0.998426 -0.0478701 -9.5149 0.903028 -0.00585145 0.429542 104.075 
0.432855 -0.0550718 -0.89978 -95.1194 0.0261464 0.998479 -0.0485346 -9.59904 0.901084 -0.00251752 0.433636 104.544 
0.437812 -0.0548302 -0.897393 -96.1385 0.0247746 0.998495 -0.0489207 -9.6959 0.898725 -0.000814408 0.438512 105.013 
0.44367 -0.0541212 -0.894554 -97.1458 0.0238657 0.998534 -0.0485755 -9.78194 0.895872 0.000202372 0.444312 105.493 
0.450397 -0.0523927 -0.89129 -98.15 0.0222491 0.998625 -0.0474591 -9.86461 0.892551 0.0015451 0.450944 105.986 
0.457037 -0.0512938 -0.887968 -99.1366 0.0204252 0.998678 -0.0471762 -9.92576 0.889213 0.0034244 0.45748 106.516 
0.465393 -0.0503363 -0.883672 -100.107 0.0195018 0.998722 -0.0466191 -9.99235 0.88489 0.00446306 0.46578 107.012 
0.474716 -0.0494979 -0.878746 -101.083 0.0187374 0.998759 -0.0461357 -10.0722 0.879939 0.005436 0.475055 107.516 
0.484236 -0.050648 -0.87347 -102.06 0.0179593 0.998688 -0.0479524 -10.134 0.874753 0.00753339 0.484511 108.04 
0.4945 -0.0530972 -0.867554 -103.03 0.0165707 0.998527 -0.051668 -10.1866 0.86902 0.0111739 0.494651 108.565 
0.506394 -0.0550214 -0.860545 -103.982 0.0154519 0.998381 -0.0547415 -10.2411 0.862164 0.0144238 0.506424 109.078 
0.51896 -0.0525975 -0.853179 -104.926 0.0130027 0.998475 -0.0536458 -10.3285 0.8547 0.0167464 0.518852 109.618 
0.531422 -0.0502808 -0.845614 -105.852 0.0115563 0.998574 -0.0521135 -10.3992 0.847028 0.0179221 0.531245 110.175 
0.542878 -0.0478413 -0.838448 -106.781 0.0109755 0.998695 -0.0498785 -10.4825 0.83974 0.0178756 0.542695 110.783 
0.554514 -0.0477089 -0.830806 -107.695 0.0115167 0.9987 -0.0496635 -10.5584 0.832095 0.017971 0.554342 111.375 
0.565458 -0.0472255 -0.823424 -108.57 0.0114201 0.998712 -0.0494364 -10.6427 0.824698 0.0185507 0.565269 111.964 
0.576246 -0.0479823 -0.815866 -109.44 0.0116697 0.998656 -0.0504902 -10.72 0.817193 0.019574 0.576032 112.561 
0.58691 -0.0499222 -0.808112 -110.293 0.0143714 0.998582 -0.0512512 -10.7961 0.809525 0.0184662 0.586795 113.159 
0.597397 -0.0501194 -0.800378 -111.143 0.0152055 0.998574 -0.0511811 -10.8726 0.801801 0.0184054 0.597307 113.785 
0.607812 -0.0482094 -0.792616 -111.988 0.0146248 0.998666 -0.0495271 -10.9449 0.793946 0.0185114 0.607706 114.421 
0.617649 -0.0452718 -0.78515 -112.802 0.0149165 0.998837 -0.0458588 -11.0129 0.786313 0.016613 0.617605 115.039 
0.627516 -0.0439736 -0.777361 -113.605 0.0139085 0.998878 -0.0452769 -11.0751 0.778479 0.0176001 0.627424 115.671 
0.637263 -0.0435586 -0.769415 -114.384 0.0122358 0.998847 -0.0464132 -11.1377 0.77055 0.0201631 0.637061 116.303 
0.64651 -0.0433684 -0.761672 -115.156 0.0105162 0.998795 -0.0479437 -11.1946 0.762833 0.0229862 0.646187 116.94 
0.655765 -0.0424731 -0.753769 -115.908 0.0100888 0.99882 -0.0475041 -11.2645 0.754898 0.0235469 0.65542 117.568 
0.664842 -0.0398194 -0.745922 -116.65 0.00902156 0.998933 -0.0452849 -11.3321 0.74693 0.023378 0.664492 118.215 
0.673546 -0.0378589 -0.738175 -117.377 0.00902679 0.999034 -0.0430012 -11.3945 0.73909 0.0223 0.673238 118.853 
0.681664 -0.0377579 -0.730691 -118.08 0.0096432 0.999044 -0.0426288 -11.4479 0.731602 0.0220124 0.681377 119.488 
0.689205 -0.0370662 -0.723618 -118.779 0.00882435 0.999046 -0.0427699 -11.5128 0.724513 0.0230918 0.688874 120.138 
0.696446 -0.0363613 -0.716688 -119.468 0.00846725 0.999062 -0.0424596 -11.5677 0.71756 0.0235025 0.6961 120.794 
0.703665 -0.0336219 -0.709736 -120.158 0.00765578 0.999181 -0.0397433 -11.6248 0.710491 0.0225324 0.703346 121.45 
0.710948 -0.0305399 -0.702581 -120.828 0.00661857 0.999303 -0.0367405 -11.6853 0.703213 0.0214706 0.710655 122.106 
0.718202 -0.0292029 -0.695222 -121.48 0.0058141 0.999336 -0.035971 -11.7368 0.69581 0.0217924 0.717895 122.763 
0.72563 -0.0283361 -0.687502 -122.11 0.00501493 0.999343 -0.035896 -11.7845 0.688067 0.0225995 0.725295 123.415 
0.733381 -0.0256355 -0.679335 -122.729 0.00252699 0.999385 -0.034985 -11.829 0.679813 0.0239407 0.732994 124.065 
0.742282 -0.0227635 -0.669701 -123.336 0.00165259 0.999482 -0.0321413 -11.8751 0.670085 0.0227512 0.741935 124.723 
0.75173 -0.0184293 -0.659214 -123.936 -0.000475888 0.999594 -0.0284878 -11.9366 0.659471 0.0217289 0.751416 125.386 
0.761785 -0.0165383 -0.647619 -124.525 -0.00203154 0.999608 -0.0279167 -11.9756 0.647827 0.0225823 0.761453 126.053 
0.77174 -0.0153104 -0.635754 -125.109 -0.00389579 0.999578 -0.0288013 -12.027 0.635926 0.0247039 0.771354 126.734 
0.781604 -0.0163971 -0.62356 -125.681 -0.00363007 0.999518 -0.0308334 -12.0711 0.623765 0.0263631 0.781167 127.418 
0.791475 -0.0158234 -0.610997 -126.221 -0.0037283 0.999521 -0.0307149 -12.1087 0.611191 0.0265881 0.791037 128.089 
0.801543 -0.0143572 -0.597764 -126.728 -0.00404671 0.999559 -0.0294339 -12.1378 0.597923 0.0260115 0.801131 128.751 
0.811547 -0.0120043 -0.584164 -127.228 -0.00421816 0.999643 -0.0264024 -12.1864 0.584272 0.0238909 0.811206 129.425 
0.820947 -0.0101104 -0.570915 -127.701 -0.00436125 0.999703 -0.0239751 -12.2311 0.570988 0.0221722 0.820659 130.107 
0.829952 -0.00855281 -0.55777 -128.196 -0.00390779 0.999769 -0.0211451 -12.2674 0.557822 0.0197291 0.829726 130.823 
0.838052 -0.00727649 -0.545541 -128.677 -0.00367086 0.999813 -0.0189748 -12.3098 0.545577 0.0179045 0.837869 131.535 
0.845141 -0.00796233 -0.534485 -129.123 -0.0018027 0.999841 -0.0177454 -12.333 0.534541 0.0159609 0.844992 132.234 
0.851681 -0.0079212 -0.524 -129.562 -0.00157643 0.999843 -0.0176767 -12.357 0.524058 0.015881 0.851535 132.935 
0.858261 -0.00742094 -0.51316 -130.005 -0.00206684 0.999837 -0.0179157 -12.3805 0.51321 0.016437 0.858106 133.656 
0.864879 -0.00573519 -0.501947 -130.44 -0.00344135 0.999844 -0.0173538 -12.4001 0.501968 0.0167363 0.864724 134.38 
0.871021 -0.00461211 -0.491225 -130.866 -0.00434509 0.999845 -0.0170921 -12.4281 0.491227 0.0170221 0.870865 135.118 
0.876728 -0.0055158 -0.480954 -131.289 -0.00328417 0.999842 -0.0174534 -12.4501 0.480974 0.0168815 0.876572 135.87 
0.881719 -0.00679277 -0.471727 -131.7 -0.00216396 0.999828 -0.0184421 -12.4797 0.471771 0.0172816 0.881552 136.629 
0.885962 -0.00744519 -0.463699 -132.114 -0.00154683 0.999818 -0.0190087 -12.5047 0.463756 0.0175583 0.885789 137.4 
0.889371 -0.00680021 -0.457135 -132.531 -0.00188893 0.999826 -0.0185482 -12.5267 0.457182 0.0173598 0.889204 138.187 
0.892505 -0.00482917 -0.451013 -132.942 -0.00219573 0.999884 -0.0150513 -12.5592 0.451033 0.0144237 0.892391 138.972 
0.895561 -0.000837244 -0.444937 -133.354 -0.00444394 0.999932 -0.0108263 -12.5842 0.444916 0.011673 0.895496 139.77 
0.898815 0.00168186 -0.438325 -133.77 -0.00578581 0.999951 -0.00802744 -12.6073 0.43829 0.0097513 0.898781 140.588 
0.902008 0.00496403 -0.431691 -134.188 -0.00826441 0.999949 -0.0057699 -12.6315 0.43164 0.00877222 0.902003 141.421 
0.905286 0.00636856 -0.424755 -134.61 -0.00872499 0.999955 -0.00360295 -12.6464 0.424713 0.00696773 0.905301 142.264 
0.908436 0.00789649 -0.417949 -135.01 -0.00893533 0.99996 -0.000528852 -12.6664 0.417928 0.00421499 0.90847 143.117 
0.911857 0.00794774 -0.41043 -135.44 -0.00795914 0.999967 0.00168078 -12.6874 0.41043 0.00173409 0.91189 144.009 
0.915442 0.0081137 -0.402368 -135.856 -0.00773354 0.999967 0.00256927 -12.7003 0.402376 0.000759761 0.915474 144.904 
0.919171 0.0075406 -0.393786 -136.272 -0.00719733 0.999971 0.00234841 -12.7082 0.393792 0.00067566 0.919199 145.815 
0.923091 0.0053327 -0.384545 -136.678 -0.00507249 0.999986 0.00169089 -12.719 0.384548 0.0003898 0.923105 146.74 
0.927089 0.00361404 -0.374823 -137.075 -0.00367384 0.999993 0.000554958 -12.7288 0.374822 0.00086259 0.927096 147.671 
0.931492 0.00271501 -0.363752 -137.469 -0.00350582 0.999993 -0.0015139 -12.7422 0.363745 0.00268549 0.931495 148.63 
0.936601 0.00519978 -0.350359 -137.861 -0.00636933 0.999977 -0.00218603 -12.7639 0.35034 0.00427903 0.936613 149.603 
0.942484 0.00884787 -0.334136 -138.244 -0.0098513 0.999951 -0.00130869 -12.769 0.334107 0.00452513 0.942524 150.61 
0.948825 0.0123111 -0.315561 -138.595 -0.0124866 0.999921 0.00146536 -12.784 0.315554 0.00254997 0.948904 151.602 
0.955219 0.0153304 -0.295503 -138.931 -0.0152341 0.999881 0.002628 -12.7899 0.295508 0.00199147 0.955338 152.609 
0.961469 0.0168676 -0.274394 -139.229 -0.0166854 0.999856 0.00299809 -12.7918 0.274405 0.00169586 0.961613 153.604 
0.967321 0.0186298 -0.252869 -139.525 -0.0181489 0.999826 0.00423421 -12.8007 0.252904 0.000493497 0.967491 154.654 
0.972748 0.01938 -0.231053 -139.806 -0.0183367 0.99981 0.00666183 -12.8037 0.231138 -0.00224347 0.972918 155.728 
0.97767 0.021196 -0.209072 -140.058 -0.0195587 0.99976 0.00989569 -12.8099 0.209232 -0.00558549 0.97785 156.812 
0.982151 0.0231503 -0.186666 -140.303 -0.0209423 0.999686 0.0137917 -12.8096 0.186927 -0.00963625 0.982327 157.94 
0.986137 0.0247621 -0.164075 -140.533 -0.0223339 0.999612 0.0166278 -12.7962 0.164423 -0.0127328 0.986308 159.105 
0.989568 0.0263797 -0.141633 -140.735 -0.0243357 0.999574 0.0161447 -12.7874 0.141999 -0.0125295 0.989788 160.277 
0.992486 0.0258146 -0.119606 -140.907 -0.024334 0.999608 0.0138235 -12.7833 0.119916 -0.0108091 0.992725 161.445 
0.994794 0.0258292 -0.0985838 -141.047 -0.0247001 0.999615 0.0126571 -12.7798 0.0988727 -0.0101562 0.995048 162.618 
0.996648 0.0245084 -0.0780583 -141.185 -0.0234568 0.999622 0.0143602 -12.776 0.0783807 -0.012481 0.996845 163.841 
0.997998 0.0249341 -0.058127 -141.281 -0.0240541 0.999586 0.0157898 -12.7693 0.0584966 -0.0143599 0.998184 165.066 
0.998954 0.0255869 -0.0378946 -141.36 -0.0249707 0.99955 0.0166449 -12.774 0.0383033 -0.0156812 0.999143 166.317 
0.999478 0.0272103 -0.017412 -141.412 -0.0269159 0.999495 0.0169188 -12.7676 0.0178636 -0.0164412 0.999705 167.563 
0.999607 0.0278104 0.00350221 -141.446 -0.0278673 0.999459 0.0174525 -12.7676 -0.00301499 -0.0175432 0.999842 168.83 
0.999259 0.0300958 0.0239787 -141.45 -0.0305005 0.999395 0.016696 -12.7672 -0.0234618 -0.017415 0.999573 170.116 
0.998543 0.0311296 0.0440729 -141.437 -0.0318254 0.999378 0.015174 -12.7572 -0.0435732 -0.0165545 0.998913 171.488 
0.99748 0.0312553 0.0636869 -141.389 -0.0321299 0.999402 0.0127557 -12.758 -0.0632502 -0.0147698 0.997888 172.82 
0.996016 0.0334337 0.0826658 -141.317 -0.03437 0.99936 0.0099292 -12.7582 -0.082281 -0.0127308 0.996528 174.175 
0.994241 0.0333771 0.101841 -141.219 -0.0343831 0.999376 0.0081395 -12.769 -0.101506 -0.0115942 0.994767 175.511 
0.992107 0.0339274 0.120716 -141.094 -0.0347794 0.999383 0.00495782 -12.7821 -0.120474 -0.00911709 0.992675 176.868 
0.989636 0.0350214 0.139263 -140.933 -0.0353268 0.999376 -0.000278205 -12.815 -0.139186 -0.00464436 0.990255 178.222 
0.986876 0.0368812 0.157213 -140.761 -0.036195 0.999319 -0.00722586 -12.8333 -0.157372 0.00144075 0.987538 179.584 
0.983878 0.0389084 0.174556 -140.551 -0.0373305 0.999227 -0.0123152 -12.8718 -0.174901 0.00560039 0.98457 180.946 
0.980474 0.0413224 0.192256 -140.336 -0.0388377 0.999106 -0.0166756 -12.9184 -0.192774 0.00888328 0.981203 182.368 
0.976748 0.0434979 0.209931 -140.079 -0.0403089 0.998998 -0.0194475 -12.979 -0.210567 0.0105333 0.977523 183.789 
0.972861 0.0428567 0.227386 -139.788 -0.0394657 0.999032 -0.0194405 -13.0204 -0.227999 0.00993901 0.973611 185.226 
0.968791 0.0419176 0.244309 -139.441 -0.0380807 0.999066 -0.0204089 -13.0664 -0.244937 0.0104685 0.969483 186.697 
0.96449 0.0418684 0.260781 -139.06 -0.0364543 0.999008 -0.0255658 -13.139 -0.261592 0.0151514 0.96506 188.145 
0.959963 0.0433142 0.276759 -138.65 -0.0363545 0.998882 -0.0302312 -13.192 -0.277759 0.0189594 0.960464 189.593 
0.954991 0.0454747 0.29313 -138.199 -0.0381896 0.998804 -0.0305309 -13.2596 -0.294168 0.0179623 0.955585 191.099 
0.949527 0.0476486 0.310046 -137.722 -0.0398343 0.99871 -0.0314899 -13.3189 -0.311147 0.01755 0.9502 192.557 
0.94359 0.0510571 0.327157 -137.234 -0.0420927 0.99852 -0.0344278 -13.4063 -0.328431 0.0187148 0.944343 193.985 
0.937409 0.0519808 0.344329 -136.743 -0.0411932 0.998406 -0.0385767 -13.4857 -0.345785 0.0219782 0.938056 195.486 
0.930518 0.052781 0.362424 -136.305 -0.0408329 0.998343 -0.0405542 -13.6206 -0.363964 0.0229376 0.931131 197.035 
0.923242 0.052579 0.380606 -135.822 -0.0381802 0.998244 -0.0452886 -13.7728 -0.382318 0.0272808 0.923628 198.65 
0.914685 0.0557238 0.400308 -135.318 -0.0383019 0.997944 -0.0513978 -13.8909 -0.402349 0.0316802 0.914938 200.255 
0.904658 0.059176 0.42201 -134.726 -0.0397135 0.997709 -0.0547695 -14.0282 -0.424284 0.0327882 0.904935 201.818 
0.892976 0.0621305 0.445796 -134.063 -0.0413027 0.997559 -0.0562959 -14.1466 -0.448206 0.0318583 0.893362 203.363 
0.879631 0.0670714 0.470904 -133.371 -0.0442492 0.997254 -0.0593841 -14.248 -0.473594 0.031399 0.880184 204.85 
0.865499 0.0712825 0.495813 -132.627 -0.046032 0.996953 -0.0629766 -14.3647 -0.498792 0.0316829 0.866143 206.294 
0.850673 0.0752876 0.520276 -131.847 -0.0476015 0.996658 -0.0663928 -14.4836 -0.523536 0.0317127 0.851413 207.71 
0.835661 0.0766539 0.543871 -131.006 -0.0466066 0.996538 -0.0688422 -14.6146 -0.547265 0.0321807 0.83634 209.124 
0.819899 0.0785182 0.567098 -130.09 -0.0461525 0.996392 -0.07123 -14.777 -0.570645 0.0322284 0.820564 210.578 
0.803719 0.0805677 0.589529 -129.151 -0.0438363 0.996115 -0.0763704 -14.9165 -0.593392 0.0355375 0.804129 211.967 
0.787378 0.0829308 0.610867 -128.212 -0.041369 0.995785 -0.0818642 -15.0586 -0.615081 0.0391872 0.787489 213.295 
0.771115 0.0851871 0.630972 -127.237 -0.0400831 0.995538 -0.085421 -15.2068 -0.635433 0.0405781 0.771089 214.592 
0.755046 0.0865414 0.649935 -126.239 -0.0378139 0.995349 -0.088605 -15.3706 -0.65458 0.0423243 0.754807 215.821 
0.739645 0.0868881 0.667365 -125.163 -0.0355979 0.995294 -0.0901296 -15.5521 -0.672055 0.0429072 0.739257 217.033 
0.724577 0.0875044 0.683617 -124.06 -0.0337803 0.995224 -0.0915865 -15.7351 -0.688366 0.0432687 0.724072 218.23 
0.709745 0.0878707 0.698957 -122.931 -0.0308086 0.995113 -0.0938184 -15.9195 -0.703784 0.0450533 0.708984 219.392 
0.695234 0.0892178 0.713225 -121.772 -0.0280884 0.994881 -0.0970704 -16.1087 -0.718234 0.0474533 0.694181 220.541 
0.680669 0.0913332 0.726875 -120.593 -0.0253359 0.994539 -0.10124 -16.3001 -0.732153 0.050495 0.679266 221.656 
0.666175 0.0928927 0.739988 -119.403 -0.0237873 0.994354 -0.103409 -16.5053 -0.745416 0.0512865 0.664624 222.734 
0.650938 0.0941337 0.753272 -118.146 -0.0230885 0.994278 -0.104299 -16.7048 -0.75878 0.0505005 0.649387 223.836 
0.634876 0.0952198 0.766724 -116.92 -0.0227169 0.994248 -0.104666 -16.8882 -0.77228 0.049032 0.633387 224.893 
0.617694 0.0961454 0.780519 -115.692 -0.0241443 0.994349 -0.103378 -17.0769 -0.786048 0.0450107 0.616525 225.932 
0.600084 0.0971349 0.794018 -114.46 -0.0264884 0.994469 -0.101638 -17.272 -0.799498 0.039959 0.599338 226.913 
0.582517 0.0988679 0.806784 -113.224 -0.0288685 0.994465 -0.101024 -17.4637 -0.812306 0.0355574 0.582146 227.859 
0.564941 0.101894 0.818815 -112.001 -0.0295111 0.994206 -0.103359 -17.6544 -0.824603 0.0342275 0.564675 228.746 
0.547423 0.105169 0.830221 -110.735 -0.0310964 0.993943 -0.105404 -17.8536 -0.836278 0.0318838 0.547378 229.608 
0.528674 0.105103 0.842293 -109.466 -0.0305133 0.994016 -0.104883 -18.0408 -0.848277 0.0297479 0.528717 230.441 
0.50826 0.104184 0.854879 -108.192 -0.031333 0.994235 -0.102538 -18.2323 -0.860634 0.0253303 0.508595 231.243 
0.48739 0.102019 0.867204 -106.891 -0.0304418 0.994533 -0.0998885 -18.4256 -0.872654 0.0222854 0.487831 232.023 
0.465934 0.100537 0.879089 -105.604 -0.0304347 0.994757 -0.0976344 -18.6117 -0.884296 0.0187364 0.466551 232.764 
0.444808 0.0993614 0.890097 -104.302 -0.0290169 0.994904 -0.0965603 -18.7899 -0.895156 0.017123 0.445425 233.468 
0.423703 0.0989923 0.900376 -102.98 -0.0274638 0.994957 -0.0964671 -18.9543 -0.905385 0.0161456 0.424285 234.141 
0.403418 0.0982101 0.90973 -101.645 -0.0242661 0.995022 -0.096657 -19.1188 -0.914694 0.0169177 0.403793 234.766 
0.3831 0.0984558 0.918445 -100.295 -0.0212804 0.99498 -0.0977838 -19.2892 -0.923462 0.0179162 0.383272 235.358 
0.362754 0.0976481 0.926755 -98.9832 -0.0172941 0.995029 -0.0980725 -19.4634 -0.931725 0.0195488 0.362639 235.903 
0.34232 0.0955739 0.93471 -97.6641 -0.0148524 0.995239 -0.0963235 -19.6399 -0.939466 0.0190907 0.342109 236.412 
0.322327 0.095342 0.941815 -96.3496 -0.013585 0.995279 -0.0961049 -19.8051 -0.946531 0.0181826 0.3221 236.879 
0.30278 0.100011 0.947799 -95.0115 -0.013488 0.994829 -0.100665 -19.9742 -0.952965 0.0176953 0.302563 237.33 
0.283811 0.109083 0.952655 -93.704 -0.0141828 0.993877 -0.109578 -20.1499 -0.958775 0.0175881 0.28362 237.75 
0.264902 0.116848 0.95717 -92.4046 -0.0156159 0.993021 -0.116903 -20.3241 -0.964149 0.0160207 0.264878 238.136 
0.245513 0.120885 0.961826 -91.1164 -0.0179712 0.992591 -0.120164 -20.5072 -0.969227 0.0122168 0.245867 238.501 
0.225844 0.122062 0.966486 -89.829 -0.0202816 0.992493 -0.120608 -20.6911 -0.973952 0.00763662 0.226624 238.837 
0.20626 0.122248 0.970831 -88.5503 -0.0234422 0.992498 -0.119996 -20.8693 -0.978216 0.0019919 0.207578 239.142 
0.186934 0.122525 0.974702 -87.2498 -0.0248154 0.992464 -0.119999 -21.0506 -0.982059 -0.00175582 0.188566 239.432 
0.167954 0.121043 0.978335 -85.9926 -0.0246758 0.992638 -0.118577 -21.2244 -0.985486 -0.0042258 0.169705 239.684 
0.149369 0.120916 0.98136 -84.7527 -0.0240673 0.992645 -0.118643 -21.3966 -0.988489 -0.00589697 0.151181 239.908 
0.130974 0.121508 0.983911 -83.5181 -0.0232005 0.992565 -0.119488 -21.5675 -0.991114 -0.00717737 0.13282 240.104 
0.111964 0.124735 0.985853 -82.2606 -0.0265024 0.992112 -0.122517 -21.7495 -0.993359 -0.0124099 0.114386 240.284 
0.0936802 0.1264 0.987546 -80.9845 -0.0260319 0.99188 -0.124485 -21.9335 -0.995262 -0.0140459 0.0962099 240.442 
0.0766071 0.123365 0.9894 -79.6708 -0.0257944 0.992229 -0.121721 -22.1276 -0.996728 -0.0161963 0.0791939 240.58 
0.0610358 0.118867 0.991032 -78.4367 -0.0234098 0.992781 -0.117635 -22.3011 -0.997861 -0.0160199 0.0633778 240.688 
0.0468337 0.114599 0.992307 -77.2198 -0.0230693 0.993256 -0.11362 -22.4683 -0.998636 -0.0175706 0.0491616 240.774 
0.0343263 0.111105 0.993216 -76.0448 -0.020448 0.993671 -0.110449 -22.6293 -0.999202 -0.016518 0.036381 240.843 
0.0238244 0.110965 0.993539 -74.8831 -0.0199622 0.993675 -0.110502 -22.7909 -0.999517 -0.0172006 0.0258888 240.897 
0.015409 0.112938 0.993483 -73.7277 -0.0197616 0.993441 -0.112627 -22.953 -0.999686 -0.0178973 0.0175397 240.937 
0.00853036 0.114423 0.993396 -72.5944 -0.0206904 0.993239 -0.114228 -23.1069 -0.99975 -0.0195794 0.0108402 240.976 
0.00264456 0.118534 0.992947 -71.4698 -0.0211208 0.992735 -0.118452 -23.2631 -0.999773 -0.0206585 0.00512887 241.005 
-0.00275239 0.12704 0.991894 -70.3676 -0.020155 0.991689 -0.127069 -23.4206 -0.999793 -0.0203414 -0.000169024 241.028 
-0.00769865 0.129554 0.991543 -69.2746 -0.0219494 0.991311 -0.129694 -23.5758 -0.999729 -0.0227623 -0.00478813 241.049 
-0.0114173 0.120995 0.992587 -68.1782 -0.020543 0.992414 -0.12121 -23.7329 -0.999724 -0.0217746 -0.00884505 241.066 
-0.013929 0.111094 0.993712 -67.0931 -0.0193681 0.993592 -0.111352 -23.8845 -0.999715 -0.0207973 -0.0116881 241.075 
-0.0154114 0.107371 0.9941 -66.0163 -0.0186196 0.994015 -0.10765 -24.0222 -0.999708 -0.0201688 -0.01332 241.085 
-0.0156893 0.109391 0.993875 -64.9329 -0.0196008 0.993773 -0.109689 -24.1637 -0.999685 -0.0212017 -0.0134474 241.102 
-0.0154988 0.112489 0.993532 -63.8751 -0.0193317 0.993432 -0.112779 -24.3003 -0.999693 -0.0209546 -0.0132224 241.113 
-0.0140374 0.114701 0.993301 -62.8324 -0.0216775 0.99313 -0.114988 -24.4422 -0.999667 -0.0231465 -0.0114546 241.128 
-0.0122298 0.115356 0.993249 -61.8094 -0.0237527 0.993009 -0.115621 -24.5775 -0.999643 -0.0250063 -0.00940432 241.143 
-0.00915515 0.117019 0.993088 -60.7841 -0.0250456 0.992791 -0.117215 -24.714 -0.999644 -0.0259456 -0.00615834 241.156 
-0.00563161 0.117954 0.993003 -59.7675 -0.0276728 0.99262 -0.118066 -24.8502 -0.999601 -0.028144 -0.00232594 241.18 
-0.000804784 0.119169 0.992874 -58.7595 -0.0294637 0.99244 -0.119141 -24.9857 -0.999566 -0.0293496 0.00271246 241.201 
0.00520413 0.118585 0.99293 -57.7624 -0.0309346 0.992488 -0.11837 -25.1122 -0.999508 -0.0300999 0.00883342 241.238 
0.0118131 0.117001 0.993062 -56.742 -0.0297625 0.992732 -0.116608 -25.2555 -0.999487 -0.0281785 0.0152095 241.277 
0.0189862 0.116243 0.993039 -55.7447 -0.0279847 0.992891 -0.11569 -25.3872 -0.999428 -0.0255934 0.0221042 241.316 
0.0261893 0.117063 0.992779 -54.7579 -0.0269284 0.992842 -0.11636 -25.5176 -0.999294 -0.0236866 0.0291541 241.369 
0.0328461 0.116828 0.992609 -53.7776 -0.0274551 0.992876 -0.115951 -25.6457 -0.999083 -0.0234437 0.0358196 241.428 
0.0393821 0.115863 0.992484 -52.7861 -0.0288369 0.992973 -0.114776 -25.7766 -0.998808 -0.0241 0.0424465 241.495 
0.0460963 0.113738 0.992441 -51.8046 -0.029846 0.99321 -0.112439 -25.9051 -0.998491 -0.0244373 0.0491779 241.565 
0.0527904 0.11246 0.992253 -50.8179 -0.0300385 0.993368 -0.110988 -26.0267 -0.998154 -0.0239466 0.0558184 241.642 
0.0595507 0.112889 0.991821 -49.8429 -0.0300522 0.993337 -0.111257 -26.1559 -0.997773 -0.023181 0.0625465 241.729 
0.0662867 0.114964 0.991156 -48.8681 -0.0302662 0.993115 -0.113167 -26.2885 -0.997342 -0.0224971 0.0693098 241.824 
0.0727632 0.116373 0.990537 -47.9082 -0.0306332 0.992962 -0.114408 -26.4125 -0.996879 -0.0220186 0.0758159 241.918 
0.0791195 0.118211 0.989831 -46.9451 -0.0328671 0.992714 -0.115928 -26.5422 -0.996323 -0.0233607 0.0824283 242.021 
0.0855096 0.118863 0.989222 -45.997 -0.0347701 0.99261 -0.116265 -26.6654 -0.995731 -0.0244536 0.0890106 242.133 
0.0923695 0.118464 0.988653 -45.0425 -0.0355692 0.992656 -0.115621 -26.7883 -0.995089 -0.0244857 0.0959049 242.249 
0.0985324 0.116218 0.988324 -44.0863 -0.0371264 0.992895 -0.113054 -26.9135 -0.994441 -0.0255534 0.102147 242.37 
0.105025 0.11463 0.987841 -43.1361 -0.0372284 0.993091 -0.111281 -27.0371 -0.993773 -0.0250885 0.108566 242.499 
0.111396 0.113924 0.987225 -42.2006 -0.0374625 0.993183 -0.110384 -27.1582 -0.99307 -0.0246876 0.114905 242.63 
0.118054 0.115266 0.986295 -41.253 -0.0383939 0.993027 -0.111458 -27.2736 -0.992265 -0.0247097 0.121656 242.774 
0.12512 0.115327 0.985416 -40.334 -0.0361099 0.993092 -0.111641 -27.3944 -0.991484 -0.0216147 0.128421 242.916 
0.133771 0.116992 0.984082 -39.4163 -0.0349273 0.992947 -0.113298 -27.5153 -0.990397 -0.0192154 0.136913 243.068 
