1 2.12261e-08 -2.11895e-08 0 2.12261e-08 1 2.10703e-08 0 -2.11895e-08 2.10703e-08 1 0 
0.999876 0.00143642 0.015659 0.0112484 -0.00142464 0.999999 -0.000760933 -0.00679612 -0.0156601 0.000738572 0.999877 0.126456 
0.999306 0.00427417 0.0370173 0.0297883 -0.00425891 0.999991 -0.000489927 -0.00343027 -0.0370191 0.000331975 0.999315 0.270297 
0.997917 0.00611083 0.0642185 0.0588804 -0.00617458 0.999981 0.000795003 -0.00477023 -0.0642124 -0.00118983 0.997936 0.425469 
0.995143 0.005905 0.0982586 0.108885 -0.00624051 0.999976 0.00310804 -0.00580183 -0.0982379 -0.00370609 0.995156 0.584252 
0.990694 0.00290063 0.136075 0.189657 -0.00364537 0.99998 0.0052245 -0.00887434 -0.136057 -0.00567189 0.990685 0.756885 
0.984485 0.00019086 0.175471 0.272892 -0.00116093 0.999985 0.00542601 -0.00489236 -0.175467 -0.0055455 0.98447 0.92612 
0.975737 0.00053227 0.218945 0.367354 -0.00198291 0.999978 0.0064061 -0.00214453 -0.218937 -0.00668478 0.975716 1.10674 
0.963743 0.00107694 0.266831 0.464487 -0.00361954 0.999953 0.00903739 0.00639245 -0.266809 -0.00967549 0.963701 1.27691 
0.949434 -0.00276749 0.313954 0.599428 -0.00249273 0.999863 0.0163523 -0.0028334 -0.313956 -0.016308 0.949298 1.47582 
0.932538 -0.0121286 0.360869 0.735357 0.00360423 0.999699 0.0242855 -0.00996933 -0.361054 -0.0213465 0.9323 1.67467 
0.911273 -0.0174133 0.411435 0.891384 0.00617988 0.999571 0.0286176 -0.0127846 -0.411757 -0.0235358 0.91099 1.88678 
0.886028 -0.0181668 0.463275 1.05255 0.00362612 0.999473 0.0322582 -0.00634112 -0.463617 -0.0269017 0.885627 2.09059 
0.857801 -0.0199998 0.513592 1.23417 0.00145488 0.999333 0.0364853 0.000698486 -0.513979 -0.0305499 0.857258 2.2941 
0.825456 -0.024288 0.563944 1.4157 0.0018407 0.999184 0.0403389 0.0158928 -0.564464 -0.0322599 0.824827 2.48067 
0.789212 -0.0297451 0.6134 1.5872 0.0039303 0.999051 0.0433894 0.0205311 -0.614108 -0.0318326 0.78858 2.65315 
0.750844 -0.0339823 0.659605 1.79254 0.00476238 0.998928 0.0460429 0.0223342 -0.660462 -0.0314297 0.750201 2.82981 
0.71051 -0.0371363 0.702707 2.03115 0.00579074 0.998881 0.0469333 0.0322265 -0.703664 -0.0292774 0.70993 3.02127 
0.667998 -0.0386427 0.74316 2.29158 0.00456306 0.998845 0.0478363 0.0454232 -0.74415 -0.0285635 0.667402 3.22392 
0.624586 -0.0387086 0.779996 2.57621 -0.000601374 0.998747 0.0500461 0.0489518 -0.780956 -0.0317271 0.62378 3.43154 
0.581966 -0.0392712 0.812264 2.89646 -0.00366864 0.998696 0.0509133 0.059782 -0.813205 -0.0326097 0.581064 3.64997 
0.541393 -0.0401131 0.839812 3.24834 -0.00583728 0.998658 0.0514634 0.0782551 -0.840749 -0.0327641 0.540433 3.85402 
0.502303 -0.0421814 0.863663 3.62579 -0.00740747 0.998563 0.0530782 0.0924904 -0.86466 -0.0330588 0.501268 4.05451 
0.464555 -0.0420676 0.884545 4.02795 -0.0101776 0.998551 0.0528348 0.108325 -0.885486 -0.0335472 0.463454 4.25023 
0.427791 -0.0416853 0.902916 4.46066 -0.0109883 0.998622 0.05131 0.121377 -0.903811 -0.0318714 0.426744 4.44129 
0.394291 -0.0405223 0.918092 4.94185 -0.00904984 0.998808 0.0479715 0.143226 -0.918941 -0.0272233 0.393454 4.62054 
0.364497 -0.0389718 0.930389 5.43559 -0.00669983 0.998988 0.0444701 0.160647 -0.93118 -0.0224427 0.363867 4.79665 
0.33899 -0.0369338 0.940065 5.96646 -0.00520397 0.99914 0.0411314 0.18847 -0.940776 -0.0188352 0.338506 4.9768 
0.318822 -0.0364333 0.947114 6.5334 -0.00396505 0.999201 0.0397718 0.211062 -0.947806 -0.0164355 0.318423 5.15824 
0.30392 -0.036844 0.951985 7.13335 -0.00289078 0.999212 0.0395947 0.238433 -0.952693 -0.0147856 0.303574 5.35554 
0.292311 -0.0384026 0.955552 7.74736 -0.00199155 0.999167 0.0407648 0.255991 -0.956321 -0.013819 0.291991 5.5479 
0.281433 -0.0400859 0.958743 8.39448 -0.00309867 0.999084 0.0426822 0.285003 -0.959576 -0.014983 0.281051 5.74298 
0.270541 -0.041618 0.961809 9.06723 -0.00451867 0.998999 0.0444984 0.312726 -0.962698 -0.0163847 0.270082 5.94749 
0.260604 -0.0435504 0.964463 9.76321 -0.0052934 0.998903 0.0465359 0.336749 -0.965431 -0.0172327 0.260087 6.13846 
0.250471 -0.0452673 0.967065 10.4762 -0.00593721 0.998816 0.0482913 0.368093 -0.968106 -0.0178372 0.249905 6.32819 
0.239935 -0.0469375 0.969654 11.2197 -0.00607233 0.998738 0.049848 0.393536 -0.97077 -0.0178483 0.239347 6.52068 
0.229351 -0.048182 0.972151 11.9758 -0.00613316 0.998683 0.050944 0.422703 -0.973325 -0.0176464 0.228753 6.71214 
0.218935 -0.0509963 0.974406 12.7485 -0.0075044 0.998516 0.0539443 0.453992 -0.975711 -0.0191226 0.218228 6.89351 
0.207465 -0.0543737 0.97673 13.5434 -0.00918101 0.998302 0.0575247 0.492592 -0.978199 -0.0209017 0.206613 7.07775 
0.195277 -0.057965 0.979034 14.3406 -0.0103826 0.998074 0.0611632 0.53049 -0.980693 -0.0221087 0.194299 7.24617 
0.182409 -0.0604147 0.981365 15.138 -0.0111548 0.997919 0.0635072 0.561066 -0.98316 -0.0225312 0.181355 7.40248 
0.168763 -0.0605189 0.983797 15.9466 -0.0116403 0.997921 0.0633847 0.604315 -0.985588 -0.0221487 0.167707 7.54106 
0.154352 -0.0595271 0.986221 16.759 -0.0126523 0.997982 0.0622172 0.641496 -0.987935 -0.0220813 0.153288 7.67654 
0.137993 -0.0584178 0.988709 17.5736 -0.012942 0.998068 0.0607771 0.677018 -0.990349 -0.0211827 0.13697 7.79291 
0.117871 -0.0569803 0.991393 18.4015 -0.0151547 0.998133 0.0591695 0.708094 -0.992913 -0.0219986 0.116787 7.89373 
0.0922751 -0.0554592 0.994188 19.2398 -0.0195474 0.998154 0.0574948 0.744749 -0.995542 -0.0247391 0.0910207 7.98048 
0.061575 -0.0549809 0.996587 20.0552 -0.0238738 0.998115 0.0565403 0.773505 -0.997817 -0.0272738 0.0601463 8.04806 
0.0281666 -0.0547086 0.998105 20.8843 -0.0269007 0.998098 0.0554674 0.80288 -0.999241 -0.028412 0.0266414 8.08074 
-0.00623376 -0.0543177 0.998504 21.7123 -0.0281663 0.998137 0.0541219 0.826225 -0.999584 -0.0277868 -0.00775207 8.08219 
-0.0399215 -0.0531066 0.997791 22.5491 -0.0287526 0.998234 0.0519798 0.853262 -0.998789 -0.026614 -0.0413779 8.04733 
-0.0731253 -0.0510851 0.996014 23.3922 -0.0307831 0.998327 0.0489438 0.880672 -0.996848 -0.0270814 -0.0745756 7.99345 
-0.10572 -0.0482894 0.993223 24.2369 -0.0332579 0.998433 0.0450028 0.902111 -0.99384 -0.0282748 -0.107161 7.91332 
-0.138168 -0.0439237 0.989434 25.0528 -0.0303652 0.998734 0.0400963 0.919386 -0.989943 -0.0245044 -0.139327 7.79987 
-0.169753 -0.0382381 0.984745 25.8628 -0.0253701 0.999085 0.0344217 0.928334 -0.98516 -0.0191399 -0.170568 7.65573 
-0.200096 -0.0318141 0.97926 26.7015 -0.0190004 0.999411 0.0285864 0.94461 -0.979592 -0.0128863 -0.200583 7.48169 
-0.229104 -0.0262359 0.973048 27.5205 -0.0133229 0.999628 0.0238157 0.951019 -0.973311 -0.00750758 -0.229368 7.28503 
-0.256741 -0.0200854 0.966271 28.326 -0.00451647 0.999798 0.0195823 0.95214 -0.96647 0.000663448 -0.25678 7.06123 
-0.283 -0.0095839 0.959072 29.1224 0.00166798 0.999944 0.0104845 0.948867 -0.959119 0.00456683 -0.282968 6.82294 
-0.308353 0.00579403 0.951254 29.9051 0.0058414 0.999974 -0.00419723 0.934473 -0.951254 0.00426242 -0.308379 6.56768 
-0.332797 0.0231746 0.942714 30.6597 0.00713405 0.999731 -0.0220578 0.912169 -0.942972 -0.000615396 -0.332873 6.29717 
-0.358033 0.0380918 0.932932 31.4198 0.00743823 0.999252 -0.037945 0.881924 -0.933679 -0.00664623 -0.358049 6.01262 
-0.382521 0.0485309 0.922671 32.1552 0.011711 0.998794 -0.0476797 0.837475 -0.923872 -0.00743308 -0.382628 5.72462 
-0.40588 0.0529309 0.912393 32.907 0.0150128 0.998573 -0.051252 0.791293 -0.913803 -0.00710458 -0.406095 5.39662 
-0.428511 0.0524748 0.902011 33.6232 0.0187215 0.998613 -0.0492008 0.731083 -0.903342 -0.00419614 -0.4289 5.07088 
-0.448438 0.0482296 0.892512 34.3424 0.0223185 0.998836 -0.0427613 0.676845 -0.893535 0.000743698 -0.448992 4.71149 
-0.4661 0.0469841 0.883484 35.0529 0.030368 0.99885 -0.0370981 0.621894 -0.884211 0.00953824 -0.466991 4.33419 
-0.479787 0.04735 0.876107 35.7444 0.0320724 0.998822 -0.0364183 0.581023 -0.876799 0.0106258 -0.48074 3.96282 
-0.490912 0.0515795 0.869681 36.4326 0.0365806 0.998586 -0.0385759 0.52857 -0.870441 0.0128761 -0.492105 3.58926 
-0.5007 0.0542429 0.86392 37.1252 0.0374657 0.998457 -0.0409762 0.483482 -0.86481 0.0118506 -0.50196 3.19719 
-0.51148 0.0535487 0.857625 37.8041 0.031592 0.998554 -0.0435068 0.431359 -0.858714 0.00484123 -0.512432 2.8133 
-0.522569 0.0522069 0.850997 38.4838 0.0309706 0.998627 -0.0422457 0.382863 -0.852034 0.00427958 -0.523468 2.41175 
-0.531221 0.0534907 0.845543 39.1728 0.0328463 0.998555 -0.0425345 0.335314 -0.846596 0.00517767 -0.532211 1.9884 
-0.538502 0.0564041 0.840734 39.8603 0.035635 0.998389 -0.0441562 0.294432 -0.841871 0.00618135 -0.539644 1.55801 
-0.541998 0.0593339 0.838283 40.5582 0.0362744 0.998227 -0.0472013 0.25613 -0.839597 0.00482518 -0.543189 1.11785 
-0.541586 0.0613469 0.838404 41.2608 0.0361968 0.998111 -0.0496506 0.204792 -0.839866 0.00345749 -0.542783 0.678593 
-0.538246 0.0617332 0.840524 41.9827 0.0383579 0.998075 -0.0487414 0.158722 -0.841914 0.0060058 -0.539578 0.230627 
-0.532426 0.0606194 0.844303 42.729 0.0362209 0.99815 -0.0488241 0.106789 -0.845701 0.00458618 -0.533637 -0.216997 
-0.525531 0.0593125 0.848704 43.4776 0.0340474 0.998234 -0.0486798 0.0556658 -0.850093 0.00331343 -0.526623 -0.652228 
-0.51861 0.0588063 0.852986 44.24 0.0327363 0.998266 -0.0489186 -0.00155075 -0.854384 0.00255392 -0.519636 -1.07714 
-0.513139 0.0572674 0.856393 45.0213 0.0297289 0.998359 -0.0489476 -0.0519487 -0.85779 0.000342659 -0.514 -1.4618 
-0.509283 0.0548203 0.858851 45.7885 0.0253538 0.998492 -0.0486991 -0.112153 -0.860225 -0.00302647 -0.509905 -1.86639 
-0.508494 0.0521163 0.859487 46.5631 0.0209075 0.99862 -0.0481834 -0.16171 -0.860811 -0.00653131 -0.508882 -2.27855 
-0.509216 0.0494006 0.85922 47.3902 0.0172936 0.998737 -0.047173 -0.214781 -0.860465 -0.00916232 -0.509428 -2.72938 
-0.510763 0.048226 0.858368 48.2025 0.0164277 0.998791 -0.0463402 -0.279683 -0.859565 -0.00956785 -0.510937 -3.14977 
-0.509203 0.0474428 0.859338 49.3367 0.0161718 0.998831 -0.0455613 -0.386971 -0.860495 -0.00930295 -0.509375 -3.91758 
-0.509976 0.046635 0.858924 50.2189 0.015935 0.99887 -0.0447721 -0.471065 -0.860041 -0.00914574 -0.510143 -4.36939 
-0.510059 0.0457504 0.858922 51.1066 0.0158482 0.998915 -0.0437958 -0.525773 -0.859993 -0.00872606 -0.510231 -4.8709 
-0.510239 0.0453662 0.858836 51.9993 0.0153302 0.998929 -0.0436586 -0.586358 -0.859896 -0.00911024 -0.510388 -5.37843 
-0.511172 0.0433375 0.858385 52.844 0.0139157 0.999014 -0.0421506 -0.665552 -0.859366 -0.00960119 -0.511271 -5.79232 
-0.511741 0.0421964 0.858103 53.7181 0.0127519 0.999056 -0.0415229 -0.736862 -0.859045 -0.0103066 -0.511796 -6.25858 
-0.511127 0.0418472 0.858486 54.5999 0.0123018 0.999068 -0.0413756 -0.797697 -0.859417 -0.0105872 -0.511166 -6.753 
-0.510185 0.0399789 0.859135 55.4796 0.0113097 0.999145 -0.039778 -0.859139 -0.85999 -0.0105776 -0.510201 -7.24061 
-0.508531 0.0376366 0.860221 56.3688 0.0110834 0.999248 -0.0371672 -0.923036 -0.860972 -0.00936655 -0.508566 -7.72718 
-0.506813 0.0358959 0.861309 57.29 0.0107097 0.999318 -0.0353457 -0.981357 -0.86199 -0.00868925 -0.506851 -8.20385 
-0.504716 0.0357307 0.862546 58.164 0.0110852 0.999329 -0.0349104 -1.04598 -0.863214 -0.00805838 -0.504773 -8.67625 
-0.502842 0.0360794 0.863625 59.0519 0.0115823 0.99932 -0.0350044 -1.10065 -0.864301 -0.0075989 -0.502918 -9.16485 
-0.502108 0.0365819 0.864031 59.9391 0.0115957 0.9993 -0.0355704 -1.15921 -0.864727 -0.00784117 -0.50218 -9.64606 
-0.503091 0.0376569 0.863413 60.8152 0.0103814 0.999242 -0.0375319 -1.22204 -0.864171 -0.00991855 -0.5031 -10.1291 
-0.506106 0.039213 0.861579 61.6979 0.0086273 0.999146 -0.0404062 -1.28145 -0.862428 -0.0130168 -0.506012 -10.622 
-0.510932 0.0396105 0.858708 62.5675 0.00708389 0.999098 -0.0418714 -1.33783 -0.859592 -0.0153105 -0.510751 -11.105 
-0.516444 0.0386083 0.85545 63.438 0.00887978 0.999171 -0.0397339 -1.39668 -0.856275 -0.0129241 -0.516359 -11.6021 
-0.521864 0.0362004 0.85226 64.3071 0.00976097 0.999287 -0.0364685 -1.4548 -0.852973 -0.0107127 -0.521846 -12.1182 
-0.526985 0.0336747 0.849207 65.1688 0.00665392 0.999348 -0.0354992 -1.5115 -0.849848 -0.013057 -0.526866 -12.638 
-0.531874 0.0368309 0.846023 66.0128 0.00847391 0.999235 -0.0381735 -1.56816 -0.846781 -0.0131344 -0.531779 -13.1548 
-0.537126 0.0386508 0.842616 66.8635 0.00871293 0.999151 -0.040277 -1.61648 -0.843457 -0.0142922 -0.537007 -13.6681 
-0.541585 0.0398978 0.839699 67.681 0.00832682 0.999079 -0.0421 -1.67579 -0.840605 -0.0158087 -0.541418 -14.1754 
-0.545142 0.0400175 0.837388 68.4968 0.00719386 0.999047 -0.0430596 -1.73507 -0.838313 -0.0174495 -0.54491 -14.6872 
-0.548342 0.0395522 0.835319 69.3179 0.00832078 0.99909 -0.0418446 -1.79301 -0.836213 -0.0159946 -0.548171 -15.2072 
-0.550728 0.0331055 0.834028 70.1299 0.00989639 0.999402 -0.0331349 -1.84983 -0.834626 -0.00999448 -0.550726 -15.7198 
-0.552565 0.0244781 0.83311 70.9493 0.00936868 0.999688 -0.0231586 -1.89989 -0.833417 -0.00499149 -0.552622 -16.2509 
-0.554203 0.0231889 0.832058 71.7657 0.0103342 0.999727 -0.0209784 -1.94099 -0.832317 -0.00302764 -0.554291 -16.769 
-0.555458 0.0274842 0.831091 72.564 0.00977012 0.9996 -0.026527 -1.97762 -0.831488 -0.00661479 -0.555504 -17.2783 
-0.556468 0.0342443 0.830163 73.3629 0.0120387 0.999378 -0.0331547 -2.02121 -0.830782 -0.0084554 -0.556534 -17.7972 
-0.556553 0.0379002 0.829947 74.1558 0.0173781 0.999271 -0.0339789 -2.06808 -0.83063 -0.00448815 -0.556807 -18.3222 
-0.556469 0.0391785 0.829944 74.9538 0.0207114 0.999231 -0.033283 -2.11674 -0.83061 -0.00133162 -0.556852 -18.85 
-0.556122 0.0357715 0.830331 75.7508 0.0192743 0.99936 -0.0301443 -2.16309 -0.830877 -0.000759872 -0.556455 -19.3641 
-0.555261 0.0311667 0.831092 76.5484 0.0179039 0.999514 -0.0255209 -2.20025 -0.831484 0.000709057 -0.555549 -19.8828 
-0.554388 0.0244242 0.8319 77.3446 0.0146691 0.999701 -0.0195751 -2.24203 -0.832129 0.00135104 -0.55458 -20.3897 
-0.553875 0.0188374 0.832387 78.1487 0.00567795 0.999806 -0.0188481 -2.27515 -0.832581 -0.00571323 -0.553874 -20.8936 
-0.552106 0.0138062 0.83366 78.9488 -0.00144546 0.999846 -0.0175157 -2.30824 -0.833773 -0.0108755 -0.552001 -21.3922 
-0.549901 0.0147929 0.835099 79.7412 0.0021392 0.999865 -0.0163029 -2.34074 -0.835227 -0.00717852 -0.549858 -21.8996 
-0.546881 0.0180384 0.837016 80.5303 0.00614153 0.999827 -0.0175345 -2.37833 -0.837188 -0.00444872 -0.546897 -22.3979 
-0.541303 0.0214346 0.840554 81.3293 0.00836301 0.999763 -0.0201088 -2.40796 -0.840786 -0.00385541 -0.541354 -22.904 
-0.533472 0.0236662 0.845487 82.1261 0.0131038 0.99972 -0.0197154 -2.43854 -0.845717 0.00056148 -0.533632 -23.3957 
-0.525379 0.0270618 0.850438 82.9285 0.0208476 0.999603 -0.0189293 -2.47993 -0.850613 0.00778456 -0.525734 -23.8828 
-0.515734 0.0262635 0.856346 83.738 0.0178544 0.999642 -0.0199055 -2.50824 -0.856563 0.00502357 -0.516019 -24.3498 
-0.504906 0.0238216 0.862846 84.5547 0.0153649 0.999709 -0.0186092 -2.53943 -0.863038 0.00386164 -0.505125 -24.8016 
-0.493466 0.020704 0.869519 85.3738 0.0156294 0.999766 -0.0149354 -2.57078 -0.869625 0.00621991 -0.493675 -25.2461 
-0.482521 0.0201238 0.875653 86.191 0.0153547 0.999777 -0.0145152 -2.60348 -0.87575 0.00644151 -0.482722 -25.6752 
-0.470729 0.0194511 0.882064 87.026 0.0154161 0.999786 -0.0138199 -2.62683 -0.882143 0.00709258 -0.470928 -26.0984 
-0.45902 0.0202172 0.888196 87.8537 0.0157579 0.999769 -0.0146131 -2.65483 -0.888286 0.00728837 -0.459233 -26.5041 
-0.447231 0.0239843 0.894097 88.6852 0.0152921 0.999699 -0.0191679 -2.69276 -0.894288 0.00510013 -0.447463 -26.8964 
-0.435976 0.0334094 0.899338 89.5095 0.0181402 0.999434 -0.0283339 -2.72338 -0.899776 0.00396127 -0.436335 -27.2787 
-0.423231 0.0380165 0.905224 90.3415 0.0171712 0.999276 -0.0339381 -2.75624 -0.905859 0.00118008 -0.423578 -27.6495 
-0.412214 0.0340774 0.91045 91.185 0.0141065 0.999419 -0.0310206 -2.79776 -0.910978 5.61097e-05 -0.412455 -28.0065 
-0.400478 0.0303347 0.915804 92.0376 0.0124405 0.99954 -0.0276681 -2.84002 -0.916222 0.000312637 -0.400671 -28.3633 
-0.390904 0.0307528 0.919918 92.8782 0.00888835 0.999521 -0.029637 -2.88668 -0.920389 -0.00340866 -0.39099 -28.696 
-0.384213 0.0352399 0.922572 93.7093 0.00450418 0.999331 -0.0362961 -2.93603 -0.923234 -0.00979 -0.384114 -29.0127 
-0.379534 0.0399537 0.924315 94.5678 -0.00260825 0.999017 -0.0442537 -2.98179 -0.925174 -0.0192066 -0.379056 -29.3368 
-0.376186 0.0422633 0.92558 95.3859 -0.00412171 0.998873 -0.0472851 -3.03347 -0.926535 -0.021603 -0.375588 -29.6427 
-0.372643 0.0415677 0.927044 96.2264 -0.0066764 0.99885 -0.0474711 -3.09287 -0.927951 -0.0238791 -0.371937 -29.9608 
-0.367488 0.0420689 0.929076 97.015 -0.00613372 0.998845 -0.0476541 -3.14849 -0.930008 -0.023211 -0.366806 -30.2553 
-0.362127 0.0372692 0.931384 97.8502 -0.0104252 0.998976 -0.0440272 -3.20938 -0.932071 -0.0256533 -0.361367 -30.5436 
-0.356881 0.0336028 0.933545 98.691 -0.0107966 0.999138 -0.0400911 -3.2635 -0.934087 -0.0243869 -0.356211 -30.8444 
-0.350977 0.0306278 0.935883 99.5446 -0.0123162 0.999228 -0.0373197 -3.31778 -0.936303 -0.0246249 -0.350329 -31.1481 
-0.345376 0.0288968 0.938019 100.411 -0.0207798 0.999045 -0.0384278 -3.36709 -0.938234 -0.0327639 -0.344446 -31.4342 
-0.339277 0.0292095 0.940233 101.273 -0.0279298 0.998764 -0.0411061 -3.41435 -0.940272 -0.0402069 -0.338042 -31.7113 
-0.332829 0.0334665 0.942393 102.12 -0.0261421 0.998659 -0.0446973 -3.46398 -0.942625 -0.0395127 -0.331508 -31.9889 
-0.32565 0.0368558 0.944772 102.967 -0.0243964 0.99858 -0.047364 -3.51657 -0.945176 -0.0384731 -0.324288 -32.2675 
-0.319312 0.0350795 0.947 103.837 -0.0254944 0.998635 -0.0455884 -3.56477 -0.947307 -0.0387002 -0.317982 -32.5377 
-0.312236 0.0302131 0.949524 104.706 -0.0259581 0.99885 -0.0403185 -3.61901 -0.94965 -0.0372368 -0.311093 -32.8055 
-0.305181 0.0276323 0.951893 105.578 -0.0272914 0.998915 -0.037747 -3.66957 -0.951903 -0.0374982 -0.304096 -33.0624 
-0.298899 0.0308155 0.953787 106.44 -0.0297624 0.998691 -0.0415932 -3.71808 -0.95382 -0.0408192 -0.297591 -33.3123 
-0.292737 0.0333182 0.955612 107.299 -0.0299127 0.998585 -0.0439797 -3.76788 -0.955725 -0.0414594 -0.291326 -33.5469 
-0.286654 0.0334215 0.957451 108.115 -0.0331139 0.998449 -0.0447666 -3.82304 -0.957462 -0.0445375 -0.285102 -33.7475 
-0.279355 0.0331768 0.959615 108.971 -0.0320401 0.998524 -0.0438492 -3.87811 -0.959653 -0.0429957 -0.27788 -33.9886 
-0.27124 0.0330428 0.961944 109.832 -0.0278375 0.998723 -0.0421555 -3.93277 -0.962109 -0.0382124 -0.269974 -34.2126 
-0.26376 0.0338952 0.963993 110.694 -0.0257862 0.998778 -0.0421736 -3.98976 -0.964244 -0.0359814 -0.262564 -34.4337 
-0.257381 0.0347794 0.965684 111.557 -0.0244221 0.998799 -0.0424812 -4.03325 -0.966001 -0.0345179 -0.256222 -34.6381 
-0.250764 0.0336814 0.967462 112.413 -0.0305499 0.998621 -0.0426846 -4.08319 -0.967566 -0.0402596 -0.24939 -34.8302 
-0.244896 0.031809 0.969027 113.292 -0.0344495 0.998545 -0.0414841 -4.13954 -0.968937 -0.0435418 -0.243444 -35.0199 
-0.240089 0.0318811 0.970227 114.175 -0.0315437 0.998677 -0.0406216 -4.19222 -0.970238 -0.0403574 -0.238766 -35.228 
-0.235565 0.0320654 0.97133 115.034 -0.029292 0.998767 -0.040075 -4.24925 -0.971417 -0.0378924 -0.234335 -35.4113 
-0.230802 0.0333924 0.972428 115.903 -0.0282863 0.998758 -0.0410101 -4.29832 -0.972589 -0.0369716 -0.229571 -35.6009 
-0.224644 0.0325393 0.973898 116.784 -0.0220828 0.999016 -0.0384722 -4.34755 -0.974191 -0.0301489 -0.223704 -35.7987 
-0.219093 0.0315959 0.975192 117.643 -0.0138515 0.999274 -0.0354881 -4.39787 -0.975606 -0.0212831 -0.218496 -35.9861 
-0.214054 0.0306625 0.976341 118.515 -0.0115803 0.999357 -0.0339241 -4.45096 -0.976753 -0.0185679 -0.213561 -36.1617 
-0.210233 0.0323711 0.977115 119.391 -0.0138701 0.999252 -0.0360887 -4.4937 -0.977553 -0.0211397 -0.209627 -36.3275 
-0.206556 0.0344436 0.977828 120.267 -0.0150315 0.999151 -0.0383699 -4.53807 -0.978319 -0.0226238 -0.205863 -36.495 
-0.205042 0.0337016 0.978173 121.127 -0.0174041 0.999123 -0.0380715 -4.58516 -0.978599 -0.0248305 -0.204275 -36.6406 
-0.203751 0.0327702 0.978474 122.001 -0.0167613 0.999176 -0.0369537 -4.63672 -0.978879 -0.0239299 -0.203034 -36.8049 
-0.203005 0.0283179 0.978768 122.873 -0.0157932 0.999357 -0.0321892 -4.67841 -0.97905 -0.0219925 -0.202427 -36.9672 
-0.201923 0.0231546 0.979128 123.752 -0.0165286 0.999498 -0.027045 -4.72446 -0.979262 -0.0216446 -0.201439 -37.1285 
-0.200826 0.021391 0.979393 124.61 -0.0153596 0.99957 -0.0249811 -4.76691 -0.979507 -0.02006 -0.200411 -37.2942 
-0.199786 0.0260556 0.979493 125.452 -0.0157615 0.999432 -0.0298008 -4.80453 -0.979713 -0.021392 -0.199262 -37.4465 
-0.199591 0.029764 0.979427 126.311 -0.0158674 0.999309 -0.0336017 -4.84459 -0.979751 -0.0222475 -0.198981 -37.6091 
-0.199332 0.0290938 0.9795 127.17 -0.0182475 0.999276 -0.0333946 -4.88763 -0.979762 -0.02453 -0.198657 -37.7651 
-0.198893 0.0283379 0.979612 128.018 -0.0197411 0.999263 -0.0329144 -4.93227 -0.979822 -0.025885 -0.198187 -37.9166 
-0.198091 0.0289595 0.979756 128.856 -0.0154049 0.999348 -0.0326532 -4.97577 -0.980063 -0.0215613 -0.197516 -38.0762 
-0.197052 0.031601 0.979884 129.695 -0.0169998 0.99922 -0.0356432 -5.01793 -0.980246 -0.0236814 -0.196361 -38.23 
-0.197437 0.0326346 0.979772 130.533 -0.0251476 0.998948 -0.0383408 -5.06423 -0.979993 -0.0322088 -0.196408 -38.3684 
-0.196841 0.034105 0.979842 131.367 -0.0302205 0.998709 -0.0408327 -5.11601 -0.97997 -0.0376488 -0.195556 -38.5097 
-0.196189 0.0379301 0.979832 132.195 -0.0266164 0.998677 -0.0439889 -5.16498 -0.980205 -0.0347098 -0.19492 -38.6634 
-0.1958 0.0387458 0.979878 133.015 -0.026257 0.998654 -0.0447349 -5.21528 -0.980292 -0.0344877 -0.194519 -38.8083 
-0.194426 0.039504 0.980121 133.799 -0.0274785 0.998577 -0.0456987 -5.27267 -0.980532 -0.0358173 -0.193064 -38.9379 
-0.19235 0.0397568 0.980521 134.695 -0.0183525 0.998859 -0.0441005 -5.30802 -0.981155 -0.0264778 -0.191401 -39.1085 
-0.189649 0.0375669 0.981133 135.636 -0.0142403 0.999057 -0.0410057 -5.33626 -0.981749 -0.0217483 -0.188935 -39.266 
-0.186933 0.0324248 0.981837 136.39 -0.00925881 0.999353 -0.034766 -5.39896 -0.982329 -0.0155896 -0.186512 -39.42 
-0.182699 0.0320769 0.982646 137.249 -0.00651879 0.999406 -0.033836 -5.44568 -0.983147 -0.0125875 -0.182381 -39.5775 
-0.177903 0.0367404 0.983362 138.044 -0.00546921 0.99925 -0.0383235 -5.50329 -0.984033 -0.0121961 -0.177569 -39.7075 
-0.170882 0.0400809 0.984476 138.847 -0.00256838 0.999151 -0.0411241 -5.55087 -0.985288 -0.00955587 -0.170634 -39.8353 
-0.16266 0.0409814 0.985831 139.647 -0.00343705 0.999108 -0.0421004 -5.5918 -0.986676 -0.0102364 -0.162374 -39.9491 
-0.153242 0.0364233 0.987517 140.437 -0.000306321 0.999319 -0.0369061 -5.64572 -0.988189 -0.00595806 -0.153126 -40.0504 
-0.141184 0.0349475 0.989366 141.239 0.00420789 0.999389 -0.0347011 -5.69547 -0.989974 -0.000736098 -0.141245 -40.1558 
-0.127329 0.0376267 0.991147 141.985 0.0102098 0.999277 -0.0366237 -5.73935 -0.991808 0.00545613 -0.127621 -40.2349 
-0.112987 0.0393059 0.992819 142.791 0.00895093 0.999217 -0.0385405 -5.77329 -0.993556 0.00453205 -0.113251 -40.3184 
-0.0997143 0.0391461 0.994246 143.578 0.00968639 0.999217 -0.0383703 -5.81564 -0.994969 0.00580458 -0.100015 -40.3762 
-0.0864383 0.0396937 0.995466 144.352 0.00801447 0.999201 -0.0391467 -5.89034 -0.996225 0.00459435 -0.0866874 -40.4281 
-0.0729176 0.0471565 0.996223 145.139 0.00623866 0.998884 -0.0468258 -5.91276 -0.997318 0.00280066 -0.0731304 -40.4498 
-0.0597074 0.0565046 0.996615 145.885 0.00244671 0.998402 -0.0564592 -5.96894 -0.998213 -0.000932612 -0.0597502 -40.4594 
-0.0467642 0.0658584 0.996733 146.72 -0.000312816 0.997823 -0.0659451 -5.98557 -0.998906 -0.00339567 -0.0466418 -40.4467 
-0.0332091 0.0665272 0.997232 147.483 -0.000280431 0.997782 -0.0665732 -6.04195 -0.999448 -0.0024905 -0.0331168 -40.4583 
-0.0214603 0.0624178 0.997819 148.25 -0.0035803 0.998038 -0.0625085 -6.10482 -0.999763 -0.00491394 -0.0211948 -40.4508 
-0.0109622 0.0600242 0.998137 149.01 -0.00843297 0.998156 -0.0601179 -6.16796 -0.999904 -0.00907628 -0.0104358 -40.4341 
-0.00131236 0.0657536 0.997835 149.767 -0.009612 0.997789 -0.0657631 -6.2494 -0.999953 -0.00967749 -0.000677441 -40.4184 
0.00509422 0.0737629 0.997263 150.508 -0.0124206 0.997204 -0.0736951 -6.30973 -0.99991 -0.0120111 0.00599615 -40.3914 
0.00833908 0.0764621 0.997038 151.257 -0.0144445 0.996978 -0.0763366 -6.37072 -0.999861 -0.0137652 0.00941833 -40.3653 
0.0078952 0.0722964 0.997352 152.02 -0.016183 0.997262 -0.0721617 -6.43345 -0.999838 -0.0155704 0.00904355 -40.3338 
0.0059839 0.0678502 0.997678 152.733 -0.0187889 0.997527 -0.0677272 -6.50092 -0.999806 -0.0183399 0.00724392 -40.305 
0.00280019 0.0648346 0.997892 153.485 -0.0183741 0.997731 -0.0647725 -6.56061 -0.999827 -0.018154 0.00398511 -40.2911 
0.00021599 0.0654973 0.997853 154.239 -0.0164102 0.997719 -0.0654849 -6.61358 -0.999865 -0.0163608 0.00129032 -40.2849 
-0.00362778 0.0655986 0.99784 154.98 -0.0153168 0.997725 -0.0656468 -6.67361 -0.999876 -0.0155219 -0.00261477 -40.2781 
-0.00820235 0.0638839 0.997924 155.718 -0.0159022 0.997823 -0.0640081 -6.73655 -0.99984 -0.0163942 -0.0071686 -40.2673 
-0.0133231 0.064175 0.99785 156.453 -0.0159541 0.997798 -0.0643846 -6.79375 -0.999784 -0.0167776 -0.0122699 -40.2658 
-0.0190249 0.0626263 0.997856 157.207 -0.0170863 0.99787 -0.0629529 -6.84653 -0.999673 -0.0182473 -0.0179143 -40.2708 
-0.0245863 0.0595927 0.99792 157.951 -0.014102 0.998102 -0.0599509 -6.91122 -0.999598 -0.0155466 -0.0236993 -40.2839 
-0.0297513 0.0595202 0.997784 158.675 -0.0140198 0.998103 -0.0599572 -6.96617 -0.999459 -0.0157725 -0.0288604 -40.2928 
-0.0353311 0.0607154 0.99753 159.406 -0.015588 0.997998 -0.0612959 -7.02069 -0.999254 -0.0177152 -0.034314 -40.3028 
-0.0391646 0.0629633 0.997247 160.127 -0.0162493 0.997841 -0.0636389 -7.0786 -0.999101 -0.0186969 -0.038057 -40.3188 
-0.0419709 0.0652319 0.996987 160.836 -0.0165524 0.997684 -0.0659743 -7.13478 -0.998982 -0.0192715 -0.0407939 -40.332 
-0.043112 0.0666713 0.996843 161.549 -0.0134871 0.997641 -0.0673079 -7.19044 -0.998979 -0.0163463 -0.0421111 -40.3576 
-0.0423815 0.0650462 0.996982 162.261 -0.00972399 0.997804 -0.0655132 -7.24788 -0.999054 -0.0124712 -0.0416559 -40.379 
-0.0384488 0.0612601 0.997381 162.972 -0.00750694 0.998073 -0.061592 -7.30709 -0.999232 -0.00985542 -0.0379149 -40.3988 
-0.0308656 0.0609405 0.997664 163.675 -0.00606358 0.99811 -0.0611552 -7.36716 -0.999505 -0.00793701 -0.0304377 -40.406 
-0.0191182 0.0614364 0.997928 164.375 -0.00313341 0.998102 -0.0615071 -7.42346 -0.999812 -0.00430282 -0.0188894 -40.4104 
-0.00461774 0.0615462 0.998094 165.064 -0.000991644 0.998103 -0.0615514 -7.47509 -0.999989 -0.00127398 -0.00454795 -40.403 
0.0105049 0.058912 0.998208 165.753 -0.00178053 0.998263 -0.0588964 -7.52759 -0.999943 -0.00115864 0.0105915 -40.3763 
0.0267129 0.0536006 0.998205 166.431 -0.00557718 0.998554 -0.0534701 -7.58227 -0.999628 -0.00413883 0.0269732 -40.3318 
0.0431979 0.047147 0.997953 167.114 -0.00703281 0.998876 -0.0468861 -7.62798 -0.999042 -0.00499304 0.0434809 -40.2831 
0.0602728 0.0399697 0.997381 167.793 -0.00741226 0.999188 -0.0395941 -7.66775 -0.998154 -0.0050064 0.0605201 -40.2241 
0.077814 0.0325291 0.996437 168.453 -0.00716698 0.99946 -0.0320681 -7.70686 -0.996942 -0.00464609 0.0780051 -40.1483 
0.0948587 0.0267201 0.995132 169.124 -0.00950873 0.999618 -0.0259341 -7.7417 -0.995445 -0.00700237 0.0950766 -40.0651 
0.112602 0.0238397 0.993354 169.763 -0.00957508 0.999692 -0.0229063 -7.77865 -0.993594 -0.00693214 0.112796 -39.9621 
0.130563 0.0225217 0.991184 170.404 -0.00815123 0.999733 -0.0216421 -7.80559 -0.991407 -0.00525371 0.130712 -39.8603 
0.147462 0.0227229 0.988807 171.034 -0.0102722 0.999717 -0.0214417 -7.81659 -0.989014 -0.00699538 0.147654 -39.7377 
0.163317 0.0220004 0.986328 171.666 -0.0156405 0.999683 -0.0197085 -7.83942 -0.98645 -0.0122079 0.163609 -39.6065 
0.177685 0.0181656 0.98392 172.278 -0.0173815 0.999732 -0.0153186 -7.86625 -0.983934 -0.0143802 0.177953 -39.4668 
0.189378 0.0126973 0.981822 172.822 -0.0124723 0.999867 -0.0105249 -7.9095 -0.981825 -0.0102524 0.189511 -39.3279 
0.200118 0.0116192 0.979703 173.431 -0.010281 0.9999 -0.00975868 -7.92714 -0.979718 -0.00811942 0.200218 -39.1869 
0.209697 0.0152524 0.977647 173.995 -0.014446 0.999818 -0.0124997 -7.95018 -0.97766 -0.011502 0.209879 -39.0336 
0.21889 0.0221614 0.975498 174.584 -0.0182793 0.99966 -0.0186086 -7.97415 -0.975578 -0.0137582 0.219221 -38.88 
0.228226 0.0316849 0.973093 175.19 -0.0176168 0.999441 -0.028411 -8.00466 -0.973449 -0.0106586 0.228657 -38.7281 
0.236053 0.0369822 0.971036 175.763 -0.011585 0.999312 -0.0352428 -8.0282 -0.971671 -0.00293034 0.236318 -38.5579 
0.241878 0.035158 0.96967 176.331 -0.010825 0.999379 -0.033535 -8.04146 -0.970246 -0.00238531 0.242108 -38.3802 
0.247606 0.0278039 0.968462 176.929 -0.0135582 0.99959 -0.0252311 -8.06223 -0.968766 -0.00688319 0.247882 -38.202 
0.251965 0.0174415 0.967579 177.543 -0.0181992 0.999746 -0.0132821 -8.08652 -0.967565 -0.0142625 0.252219 -38.0213 
0.253921 0.00917269 0.967182 178.146 -0.0182229 0.999823 -0.00469802 -8.1141 -0.967053 -0.016432 0.254043 -37.8417 
0.254871 0.00825635 0.96694 178.739 -0.0145448 0.999883 -0.00470381 -8.13315 -0.966866 -0.0128651 0.254961 -37.6773 
0.255976 0.0101983 0.966629 179.33 -0.0108713 0.999912 -0.00767053 -8.14721 -0.966622 -0.00854501 0.256064 -37.5098 
0.257613 0.00930613 0.966203 179.915 -0.00735391 0.999944 -0.00767033 -8.16366 -0.96622 -0.00512939 0.257667 -37.3449 
0.259268 0.00692868 0.965781 180.509 -0.00913805 0.999947 -0.00472059 -8.17883 -0.965762 -0.00760144 0.259318 -37.1657 
0.261979 0.00290739 0.965069 181.114 -0.00911614 0.999958 -0.000537767 -8.19519 -0.965031 -0.00865682 0.261994 -36.9797 
0.264373 -0.00252229 0.964417 181.699 -0.00839661 0.999953 0.00491701 -8.21295 -0.964384 -0.00939775 0.264339 -36.7861 
0.268974 -0.0054611 0.963132 182.314 -0.00669328 0.999949 0.00753914 -8.21909 -0.963124 -0.00847434 0.268924 -36.6023 
0.275288 -0.00774654 0.96133 182.927 -0.00466535 0.999945 0.00939373 -8.22373 -0.96135 -0.00707092 0.275237 -36.4132 
0.283285 -0.0111829 0.958971 183.549 -0.00290134 0.999917 0.0125175 -8.23321 -0.959031 -0.00632832 0.28323 -36.2159 
0.293042 -0.0129149 0.956012 184.153 -0.000224309 0.999908 0.0135767 -8.23168 -0.9561 -0.00419297 0.293012 -36.0193 
0.304049 -0.0110365 0.952592 184.771 -0.00181288 0.999924 0.0121636 -8.24432 -0.952655 -0.00542525 0.304006 -35.8 
0.315599 -0.00741549 0.948864 185.389 -0.0028185 0.999958 0.0087523 -8.25069 -0.948888 -0.00543658 0.315565 -35.5705 
0.32757 -0.00434802 0.944817 186.002 -0.00372327 0.999976 0.00589277 -8.25192 -0.94482 -0.00544809 0.327545 -35.3418 
0.339182 -0.00409337 0.940712 186.62 -0.00251431 0.999983 0.00525789 -8.25469 -0.940717 -0.00414862 0.339166 -35.0999 
0.35064 -0.00730968 0.936482 187.244 -0.00158912 0.999963 0.00840024 -8.26232 -0.936509 -0.00443364 0.350616 -34.8484 
0.361872 -0.00862693 0.932188 187.867 -0.00276591 0.999943 0.0103277 -8.26648 -0.932224 -0.00631565 0.361827 -34.5858 
0.373343 -0.00962757 0.927643 188.494 -0.00389424 0.999921 0.0119451 -8.27768 -0.927685 -0.00807206 0.373276 -34.3122 
0.38319 -0.0105918 0.923609 189.126 -0.007761 0.999862 0.0146863 -8.27538 -0.923637 -0.0127957 0.383055 -34.0299 
0.390449 -0.00949883 0.920576 189.759 -0.0112824 0.999822 0.0151019 -8.27533 -0.920555 -0.0162828 0.390273 -33.7395 
0.395175 -0.0126808 0.918518 190.404 -0.0110711 0.999766 0.0185656 -8.27848 -0.918539 -0.0175057 0.394942 -33.4462 
0.397802 -0.0165915 0.917321 191.059 -0.00764141 0.999742 0.021396 -8.27477 -0.917439 -0.015521 0.397573 -33.1567 
0.397988 -0.015875 0.917254 191.708 -0.00349041 0.999817 0.0188184 -8.27464 -0.917384 -0.0106911 0.397859 -32.8677 
0.397235 -0.0155353 0.917585 192.369 -0.00202989 0.999839 0.0178067 -8.27217 -0.917715 -0.00893604 0.39714 -32.5752 
0.396874 -0.0143191 0.917761 193.049 0.00157937 0.999888 0.0149175 -8.26513 -0.917872 -0.00447089 0.396852 -32.2777 
0.396562 -0.0156683 0.917874 193.717 0.00459544 0.999876 0.0150827 -8.24995 -0.917997 -0.0017632 0.396585 -31.9867 
0.395808 -0.0215786 0.91808 194.395 0.00853335 0.999767 0.0198197 -8.24163 -0.918294 -1.04822e-05 0.3959 -31.6864 
0.394909 -0.0245221 0.918393 195.093 0.00864078 0.999699 0.0229776 -8.2406 -0.91868 -0.00113841 0.395002 -31.3825 
0.393318 -0.0271055 0.919003 195.771 0.00980565 0.999632 0.025287 -8.23462 -0.91935 -0.000934403 0.393439 -31.0849 
0.392181 -0.0270179 0.919491 196.462 0.00868135 0.999633 0.0256701 -8.22303 -0.919847 -0.00208489 0.392272 -30.7741 
0.390351 -0.0271634 0.920265 197.136 0.00713533 0.999624 0.0264793 -8.21476 -0.920638 -0.00376982 0.390398 -30.4729 
0.388666 -0.0259921 0.921012 197.817 0.00598556 0.999652 0.0256856 -8.21289 -0.921359 -0.00447032 0.388686 -30.1668 
0.387669 -0.0227479 0.921518 198.495 0.00740174 0.99974 0.0215651 -8.20868 -0.921769 -0.00153928 0.387737 -29.8781 
0.387228 -0.0166246 0.921834 199.166 0.00699804 0.999862 0.0150922 -8.20083 -0.921957 0.000606905 0.387291 -29.5976 
0.386009 -0.013752 0.922393 199.84 0.00436798 0.999905 0.0130797 -8.20315 -0.922485 -0.00101988 0.386032 -29.3008 
0.384722 -0.0165757 0.922884 200.522 0.0035968 0.999858 0.0164589 -8.20002 -0.923025 -0.00301266 0.384727 -29.0057 
0.383675 -0.0199237 0.923253 201.2 0.0020294 0.999783 0.0207319 -8.20562 -0.923466 -0.00608065 0.383633 -28.7146 
0.381091 -0.019045 0.924341 201.907 -0.00182911 0.99977 0.0213533 -8.2048 -0.924536 -0.00982827 0.380969 -28.3939 
0.376565 -0.0187216 0.926201 202.574 -0.00422638 0.999751 0.0219267 -8.19913 -0.926381 -0.0121713 0.376392 -28.1127 
0.370068 -0.0197827 0.928794 203.269 -0.00363562 0.999735 0.0227423 -8.18886 -0.928998 -0.0117929 0.369898 -27.8286 
0.360846 -0.0200623 0.93241 203.964 -0.00304457 0.999738 0.0226893 -8.18037 -0.93262 -0.0110261 0.360691 -27.5421 
0.351028 -0.0192291 0.936168 204.654 8.77114e-05 0.99979 0.0205031 -8.18218 -0.936365 -0.00711505 0.350956 -27.2798 
0.339979 -0.0155077 0.940305 205.363 -0.00150256 0.999854 0.0170331 -8.1754 -0.940432 -0.00720377 0.339906 -26.9991 
0.328368 -0.0154986 0.944423 206.058 -0.00386422 0.999835 0.0177516 -8.16634 -0.944542 -0.0094785 0.328254 -26.7435 
0.317682 -0.0238299 0.947898 206.745 0.00234163 0.999701 0.0243475 -8.16261 -0.948194 -0.00551513 0.317643 -26.5152 
0.309322 -0.0322956 0.950409 207.46 0.00582772 0.999469 0.032066 -8.1602 -0.95094 -0.00438 0.309346 -26.2846 
0.302248 -0.0371844 0.952504 208.158 0.00521343 0.999288 0.0373565 -8.14289 -0.953215 -0.00632514 0.302227 -26.0559 
0.298067 -0.0379333 0.953791 208.868 -0.000810546 0.9992 0.0399926 -8.13143 -0.954545 -0.0126935 0.297797 -25.8176 
0.295485 -0.0398134 0.954517 209.578 4.79984e-05 0.999132 0.0416595 -8.11442 -0.955347 -0.0122639 0.29523 -25.5868 
0.293849 -0.0406041 0.954989 210.271 0.000747113 0.999107 0.04225 -8.09603 -0.955852 -0.0117016 0.293617 -25.358 
0.29305 -0.0391988 0.955293 210.998 0.00163447 0.999178 0.0404982 -8.08381 -0.956096 -0.0103066 0.292874 -25.1238 
0.292561 -0.0370833 0.955528 211.71 -0.00199847 0.999222 0.039391 -8.06416 -0.956245 -0.0134338 0.292259 -24.8878 
0.29318 -0.0375881 0.955318 212.417 -0.00255553 0.999192 0.0400987 -8.04424 -0.956054 -0.0141975 0.292848 -24.6592 
0.294717 -0.0388853 0.954793 213.14 -0.00305143 0.999128 0.0416328 -8.02357 -0.95558 -0.0151834 0.294342 -24.4168 
0.295889 -0.0401603 0.954378 213.877 -0.00147214 0.999095 0.0424985 -7.99286 -0.955221 -0.0139798 0.295562 -24.1665 
0.297089 -0.0412186 0.95396 214.56 0.00149638 0.999087 0.0427025 -7.9751 -0.954849 -0.0112589 0.296879 -23.9331 
0.300225 -0.0423093 0.95293 215.306 0.00239841 0.999046 0.0436013 -7.94691 -0.953865 -0.0108047 0.30004 -23.6854 
0.304223 -0.0436837 0.951599 216.032 0.000525144 0.998956 0.0456898 -7.92835 -0.952601 -0.0134001 0.303928 -23.4333 
0.309415 -0.0474782 0.949741 216.764 -0.00136237 0.99873 0.050371 -7.90517 -0.950926 -0.0168794 0.308957 -23.1755 
0.314389 -0.051505 0.947896 217.498 -0.00184874 0.998492 0.0548674 -7.88463 -0.949293 -0.0190021 0.313819 -22.913 
0.31884 -0.0518287 0.94639 218.23 -0.00199107 0.998465 0.0553514 -7.86142 -0.947807 -0.0195325 0.318247 -22.6523 
0.323226 -0.0469337 0.945157 218.955 -0.00720313 0.998618 0.0520519 -7.83592 -0.946294 -0.0236326 0.322442 -22.3835 
0.327776 -0.0409622 0.943867 219.667 -0.0117401 0.998806 0.0474235 -7.80592 -0.944683 -0.0266253 0.326904 -22.108 
0.332352 -0.0381145 0.942385 220.38 -0.015177 0.998838 0.0457503 -7.78373 -0.943033 -0.0295078 0.331387 -21.8282 
0.336665 -0.0378258 0.940864 221.124 -0.0177694 0.99876 0.0465118 -7.75917 -0.941457 -0.0323775 0.335575 -21.5412 
0.340594 -0.0358821 0.939526 221.837 -0.0189025 0.998808 0.0449987 -7.7439 -0.94002 -0.0330857 0.33951 -21.2606 
0.344383 -0.0330166 0.938249 222.574 -0.0192247 0.998924 0.0422081 -7.72114 -0.938633 -0.0325733 0.343377 -20.9691 
0.348864 -0.0324921 0.93661 223.285 -0.0198837 0.998917 0.0420599 -7.69876 -0.936962 -0.0332964 0.347841 -20.676 
0.353524 -0.0336647 0.93482 224.033 -0.0200618 0.99885 0.0435575 -7.67855 -0.93521 -0.0341528 0.352442 -20.3777 
0.358056 -0.0344587 0.933064 224.782 -0.0155832 0.998959 0.0428722 -7.66401 -0.93357 -0.0298908 0.357146 -20.0844 
0.362597 -0.0346943 0.9313 225.509 -0.0118697 0.999054 0.0418398 -7.64676 -0.93187 -0.0262252 0.361842 -19.7928 
0.366803 -0.0328616 0.929718 226.232 -0.0124264 0.999114 0.0402172 -7.63525 -0.930216 -0.0263049 0.366069 -19.4912 
0.371193 -0.0333394 0.927957 226.946 -0.0165701 0.998958 0.0425186 -7.61751 -0.928408 -0.031159 0.370254 -19.1723 
0.375818 -0.0334229 0.926091 227.675 -0.0195232 0.998842 0.0439713 -7.59633 -0.926488 -0.0346054 0.37473 -18.8546 
0.38003 -0.0309719 0.924455 228.407 -0.0168106 0.999043 0.0403814 -7.58314 -0.924821 -0.0308868 0.379146 -18.5443 
0.383859 -0.0246866 0.923062 229.103 -0.0156054 0.999326 0.0332158 -7.5756 -0.92326 -0.0271549 0.383215 -18.234 
0.387336 -0.0176316 0.92177 229.839 -0.0221736 0.99935 0.0284332 -7.54922 -0.921672 -0.0314521 0.386693 -17.9052 
0.390334 -0.0189735 0.920478 230.562 -0.0277463 0.999091 0.0323599 -7.5366 -0.920255 -0.038171 0.389453 -17.5697 
0.392725 -0.0291798 0.919193 231.294 -0.0269227 0.998703 0.0432066 -7.52077 -0.919262 -0.0417155 0.391431 -17.234 
0.394517 -0.0411075 0.917969 232.026 -0.0239169 0.998201 0.0549792 -7.49292 -0.918578 -0.0436452 0.392824 -16.9065 
0.396222 -0.0487498 0.916859 232.756 -0.0253026 0.99763 0.063979 -7.46634 -0.917806 -0.0485488 0.39405 -16.5737 
0.398147 -0.0504001 0.915936 233.462 -0.0272485 0.997399 0.0667274 -7.44209 -0.916917 -0.0515252 0.395739 -16.2399 
0.400951 -0.0459035 0.914949 234.182 -0.0267315 0.997732 0.0617712 -7.40523 -0.915709 -0.0492252 0.398815 -15.9084 
0.405125 -0.040214 0.913377 234.896 -0.0252914 0.998157 0.0551646 -7.36945 -0.913912 -0.0454491 0.403361 -15.5786 
0.409526 -0.03584 0.911594 235.606 -0.0251649 0.998404 0.0505582 -7.34164 -0.911951 -0.0436451 0.407971 -15.2414 
0.413384 -0.0335769 0.909937 236.313 -0.0240202 0.99857 0.0477599 -7.31371 -0.91024 -0.0416001 0.411987 -14.8984 
0.417378 -0.0317454 0.908178 237.019 -0.0230015 0.9987 0.0454807 -7.2912 -0.908442 -0.0398721 0.416106 -14.552 
0.421235 -0.0329874 0.906352 237.729 -0.0220729 0.998669 0.046606 -7.26408 -0.906683 -0.0396378 0.419946 -14.1982 
0.424749 -0.0383152 0.9045 238.453 -0.0199103 0.998467 0.0516455 -7.23929 -0.905092 -0.0399452 0.423335 -13.8468 
0.42725 -0.0432359 0.903099 239.132 -0.0196726 0.998175 0.0570946 -7.21312 -0.90392 -0.04216 0.42562 -13.4909 
0.429471 -0.0486292 0.901771 239.867 -0.0183733 0.997872 0.062562 -7.17767 -0.902894 -0.043437 0.427663 -13.1096 
0.431215 -0.0536209 0.900654 240.593 -0.0172491 0.99756 0.0676488 -7.14013 -0.902084 -0.0447066 0.429238 -12.7386 
0.432587 -0.0604054 0.899566 241.321 -0.015661 0.997099 0.0744859 -7.09982 -0.901456 -0.0463097 0.430386 -12.3677 
0.434096 -0.0608008 0.898812 242.028 -0.0164127 0.997021 0.075371 -7.06379 -0.900717 -0.0474702 0.431805 -12.002 
0.435827 -0.0491057 0.89869 242.73 -0.0256407 0.997428 0.0669356 -7.0362 -0.899665 -0.0522154 0.433447 -11.6306 
0.436288 -0.0354169 0.89911 243.427 -0.0273799 0.99824 0.0526077 -6.99258 -0.899391 -0.0475696 0.43455 -11.2625 
0.436934 -0.0277442 0.899066 244.139 -0.0271861 0.99866 0.0440298 -6.95401 -0.899083 -0.0436802 0.435594 -10.8914 
