1 -4.23778e-08 4.22719e-08 0 -4.23778e-08 1 -4.19404e-08 0 4.22719e-08 -4.19404e-08 1 0 
0.999991 -0.00259191 -0.00339694 -0.00642772 0.00258503 0.999995 -0.00200142 -0.00659008 0.0034022 0.00199254 0.999992 0.675759 
0.999971 -0.00146688 -0.00747168 -0.0254991 0.00143904 0.999992 -0.00371851 -0.00843549 0.00747716 0.00370757 0.999965 1.37076 
0.99993 -0.00147293 -0.0117728 -0.040096 0.00141064 0.999985 -0.00529021 -0.0098932 0.0117805 0.00527315 0.999917 2.08949 
0.999857 -0.000343176 -0.0168995 -0.0598285 0.000246901 0.999984 -0.00569369 -0.0174687 0.0169013 0.00568862 0.999841 2.82149 
0.999767 -0.0014578 -0.02154 -0.0852324 0.00132976 0.999981 -0.00595337 -0.0255341 0.0215483 0.00592326 0.99975 3.57295 
0.999653 0.000111531 -0.0263418 -0.116235 -0.000296908 0.999975 -0.00703038 -0.035383 0.0263404 0.00703567 0.999628 4.34059 
0.999509 0.00265243 -0.031204 -0.155999 -0.00289555 0.999966 -0.00774599 -0.0420808 0.0311824 0.00783245 0.999483 5.11912 
0.999353 0.00326457 -0.0358161 -0.191389 -0.00348291 0.999976 -0.00603316 -0.0535555 0.0357956 0.00615392 0.99934 5.90686 
0.999173 0.0021602 -0.0405947 -0.228763 -0.00230412 0.999991 -0.00349668 -0.0596049 0.0405868 0.00358724 0.999169 6.71921 
0.999021 0.00157 -0.0442029 -0.272138 -0.00160772 0.999998 -0.000815821 -0.0695601 0.0442016 0.000886002 0.999022 7.53419 
0.998888 0.00299531 -0.0470408 -0.324679 -0.00307117 0.999994 -0.00153873 -0.0751409 0.047036 0.0016814 0.998892 8.3635 
0.998765 0.0028543 -0.0496099 -0.375316 -0.00295288 0.999994 -0.00191215 -0.0810292 0.0496043 0.0020562 0.998767 9.19197 
0.998687 -0.000315866 -0.0512276 -0.42438 0.000189656 0.999997 -0.00246694 -0.0861538 0.0512284 0.00245389 0.998684 10.0246 
0.998574 -0.000182214 -0.0533791 -0.481664 9.39094e-05 0.999999 -0.00165525 -0.0954087 0.0533794 0.00164779 0.998573 10.8725 
0.998499 -0.00192037 -0.0547288 -0.538562 0.00181475 0.999996 -0.00197804 -0.101894 0.0547325 0.00187567 0.998499 11.729 
0.998409 0.000127729 -0.056392 -0.602953 -0.000375317 0.99999 -0.00437845 -0.112674 0.056391 0.00439256 0.998399 12.5867 
0.998325 0.000499202 -0.0578478 -0.664687 -0.000899466 0.999976 -0.00689199 -0.125393 0.0578431 0.0069324 0.998302 13.4551 
0.998204 0.00444299 -0.0597364 -0.731725 -0.00495471 0.999952 -0.00841949 -0.139874 0.0596962 0.00870027 0.998179 14.3354 
0.998144 0.00524783 -0.0606656 -0.800437 -0.00573784 0.999952 -0.00790441 -0.154924 0.0606213 0.00823774 0.998127 15.2184 
0.998061 0.00420436 -0.0620927 -0.867728 -0.00461165 0.999969 -0.00641619 -0.168479 0.0620639 0.00669002 0.99805 16.1148 
0.997959 0.00471217 -0.0636805 -0.933673 -0.00503425 0.999975 -0.004897 -0.180737 0.0636559 0.00520751 0.997958 17.0192 
0.997894 0.00421591 -0.0647272 -1.00137 -0.00454026 0.999978 -0.00486354 -0.194623 0.0647054 0.00514709 0.997891 17.9209 
0.997766 0.00406402 -0.0666812 -1.06818 -0.00445235 0.999974 -0.00567484 -0.208896 0.0666565 0.00595896 0.997758 18.8266 
0.997681 0.00278433 -0.0680024 -1.13747 -0.00322291 0.999975 -0.00633944 -0.221832 0.0679831 0.00654382 0.997665 19.7394 
0.997657 0.0028692 -0.0683578 -1.21517 -0.00320204 0.999983 -0.0047588 -0.233206 0.0683431 0.00496644 0.997649 20.6605 
0.997658 0.00400734 -0.0682876 -1.29627 -0.00410775 0.999991 -0.00132885 -0.247092 0.0682818 0.00160616 0.997665 21.5856 
0.997711 0.00503347 -0.0674332 -1.37348 -0.00490455 0.999986 0.00207843 -0.254736 0.0674427 -0.00174303 0.997722 22.523 
0.997825 0.003865 -0.0658046 -1.44773 -0.00353431 0.99998 0.0051422 -0.264683 0.0658233 -0.00489853 0.997819 23.4625 
0.997882 0.00420921 -0.0649179 -1.51221 -0.00382696 0.999975 0.00601268 -0.269675 0.0649416 -0.00575159 0.997872 24.4068 
0.997982 0.00454168 -0.0633372 -1.59099 -0.00435011 0.999985 0.00316344 -0.276136 0.0633507 -0.00288161 0.997987 25.3528 
0.998046 0.00515216 -0.0622643 -1.66811 -0.00527115 0.999984 -0.00174557 -0.281023 0.0622545 0.00207027 0.998058 26.302 
0.998114 0.00419934 -0.061245 -1.73419 -0.00450324 0.999978 -0.00482345 -0.289248 0.0612235 0.00509007 0.998111 27.257 
0.998176 0.00131821 -0.0603628 -1.80676 -0.00154552 0.999992 -0.00371775 -0.302116 0.0603575 0.00380417 0.998169 28.2269 
0.998137 -0.000104847 -0.0610163 -1.87114 0.000175488 0.999999 0.00115373 -0.311061 0.0610163 -0.00116237 0.998136 29.2071 
0.998088 -0.00415579 -0.0616713 -1.9388 0.00445711 0.999979 0.00475043 -0.32362 0.0616503 -0.00501631 0.998085 30.1799 
0.997957 -0.011308 -0.0628747 -2.0018 0.0115763 0.999925 0.00390581 -0.329387 0.0628259 -0.00462577 0.998014 31.1598 
0.997841 -0.0139109 -0.0641845 -2.07144 0.0139529 0.999903 0.000207423 -0.3395 0.0641754 -0.00110262 0.997938 32.1224 
0.997782 -0.012958 -0.0652905 -2.15196 0.0127108 0.99991 -0.00419907 -0.344773 0.0653392 0.00335978 0.997857 33.0902 
0.997648 -0.0115066 -0.0675757 -2.23213 0.0112128 0.999926 -0.00472314 -0.360679 0.0676251 0.00395423 0.997703 34.0702 
0.99761 -0.0115097 -0.0681242 -2.31558 0.0112929 0.99993 -0.00356579 -0.371334 0.0681606 0.00278786 0.99767 35.062 
0.997563 -0.00801327 -0.0693136 -2.40663 0.00796037 0.999968 -0.00103816 -0.382224 0.0693198 0.000483782 0.997594 36.0625 
0.997507 -0.00775089 -0.070145 -2.49666 0.0077615 0.99997 -0.000120089 -0.391215 0.0701439 -0.000424729 0.997537 37.0565 
0.997426 -0.00643732 -0.0714148 -2.57832 0.00662397 0.999975 0.00237816 -0.401783 0.0713978 -0.00284518 0.997444 38.0481 
0.997459 -0.00646485 -0.0709428 -2.66615 0.00686013 0.999962 0.00533068 -0.412817 0.0709058 -0.0058039 0.997466 39.0343 
0.997445 -0.000484286 -0.07143 -2.76546 0.00103362 0.99997 0.00765483 -0.420938 0.0714243 -0.00770919 0.997416 40.0296 
0.997437 -0.000644141 -0.0715398 -2.85087 0.00113904 0.999976 0.00687842 -0.426443 0.0715337 -0.00694236 0.997414 41.0261 
0.997428 -0.000448469 -0.0716776 -2.92783 0.000810399 0.999987 0.00502154 -0.428175 0.0716745 -0.0050668 0.997415 42.0234 
0.997438 0.00172793 -0.0715175 -3.02322 -0.0015284 0.999995 0.00284575 -0.437339 0.0715221 -0.00272924 0.997435 43.0171 
0.997395 0.0014379 -0.0721178 -3.11294 -0.00124459 0.999995 0.00272648 -0.444422 0.0721215 -0.00262971 0.997392 44.0118 
0.997289 -0.000553835 -0.0735822 -3.19657 0.000866982 0.999991 0.00422499 -0.458175 0.0735792 -0.00427741 0.99728 45.0102 
0.997251 0.000271735 -0.0740975 -3.28529 0.000116361 0.999986 0.00523438 -0.468792 0.0740979 -0.0052287 0.997237 46.0003 
0.997222 0.00266765 -0.0744323 -3.3721 -0.00254856 0.999995 0.00169603 -0.485675 0.0744365 -0.00150171 0.997225 46.9754 
0.997151 0.00330053 -0.0753621 -3.46137 -0.00351016 0.99999 -0.00264817 -0.495163 0.0753527 0.00290507 0.997153 47.9478 
0.997108 0.00455683 -0.0758608 -3.55188 -0.00487261 0.99998 -0.003977 -0.506621 0.0758412 0.00433505 0.99711 48.9038 
0.997102 0.00324056 -0.0760001 -3.63686 -0.00328463 0.999994 -0.000453827 -0.521893 0.0759983 0.000702057 0.997108 49.8835 
0.997086 0.00142412 -0.0762751 -3.7179 -0.00122541 0.999996 0.00265299 -0.534334 0.0762786 -0.00255187 0.997083 50.8582 
0.99706 -0.000564646 -0.0766226 -3.79945 0.000821495 0.999994 0.00332172 -0.54706 0.0766204 -0.00337498 0.997055 51.8221 
0.99705 -0.00375735 -0.0766595 -3.88216 0.00394016 0.99999 0.00223457 -0.55958 0.0766504 -0.00253011 0.997055 52.7808 
0.997007 -0.00648275 -0.0770353 -3.96366 0.00656663 0.999978 0.000836692 -0.571092 0.0770283 -0.00134014 0.997028 53.7406 
0.996897 -0.0080973 -0.078298 -4.04581 0.008278 0.999964 0.00198456 -0.581473 0.0782792 -0.00262664 0.996928 54.6971 
0.996765 -0.0112941 -0.0795696 -4.12638 0.0118063 0.999912 0.00597133 -0.58967 0.0794953 -0.00689152 0.996811 55.6474 
0.996693 -0.0121133 -0.080346 -4.20981 0.013052 0.999852 0.0111703 -0.598018 0.0801989 -0.0121821 0.996704 56.6 
0.99668 -0.0106475 -0.0807167 -4.30206 0.011754 0.999843 0.0132466 -0.601027 0.0805631 -0.0141515 0.996649 57.5463 
0.996567 -0.00945097 -0.0822507 -4.39059 0.010256 0.999903 0.00937111 -0.610151 0.0821543 -0.0101826 0.996568 58.4826 
0.996466 -0.00787521 -0.0836279 -4.48046 0.00803585 0.999966 0.00158544 -0.614459 0.0836127 -0.00225195 0.996496 59.408 
0.996412 -0.00641981 -0.0843948 -4.57401 0.00615128 0.999975 -0.0034405 -0.621853 0.0844149 0.00290893 0.996426 60.3181 
0.996336 -0.0015585 -0.0855153 -4.66793 0.00135735 0.999996 -0.00240929 -0.639269 0.0855188 0.0022843 0.996334 61.2269 
0.996215 0.00116948 -0.0869165 -4.75976 -0.0011625 0.999999 0.000131817 -0.65774 0.0869166 -3.03645e-05 0.996216 62.1255 
0.996131 0.00354725 -0.0878077 -4.85254 -0.00339487 0.999992 0.00188559 -0.677295 0.0878138 -0.00158028 0.996136 63.01 
0.996034 0.00431041 -0.0888677 -4.94439 -0.00418272 0.99999 0.00162387 -0.689068 0.0888738 -0.00124581 0.996042 63.8756 
0.995893 0.00576794 -0.0903509 -5.03901 -0.00557324 0.999981 0.00240792 -0.701379 0.0903632 -0.00189457 0.995907 64.7285 
0.995767 0.00677895 -0.0916642 -5.13085 -0.00652439 0.999974 0.00307733 -0.717502 0.0916828 -0.00246634 0.995785 65.5741 
0.995638 0.0067854 -0.0930536 -5.21785 -0.00645151 0.999972 0.00388929 -0.737289 0.0930774 -0.00327207 0.995653 66.3905 
0.995507 0.00664421 -0.094456 -5.30433 -0.00622172 0.999969 0.00476752 -0.745835 0.0944849 -0.00415851 0.995518 67.1966 
0.995339 0.0091307 -0.0960038 -5.39693 -0.00845196 0.999936 0.00747514 -0.753102 0.096066 -0.00662896 0.995353 68 
0.995194 0.0108051 -0.0973291 -5.48765 -0.00971277 0.999884 0.011691 -0.763929 0.0974442 -0.0106896 0.995183 68.7839 
0.994987 0.0137127 -0.0990553 -5.5811 -0.0124591 0.999834 0.0132635 -0.766981 0.0992208 -0.0119629 0.994993 69.5616 
0.994814 0.0167044 -0.100325 -5.67361 -0.0158536 0.999831 0.00927177 -0.776838 0.100463 -0.00763326 0.994911 70.3092 
0.994671 0.0168172 -0.101715 -5.76095 -0.0167104 0.999858 0.00190366 -0.784719 0.101732 -0.000193917 0.994812 71.0356 
0.994584 0.0157532 -0.102735 -5.8559 -0.0162648 0.999859 -0.0041428 -0.786523 0.102655 0.00579124 0.9947 71.7548 
0.994555 0.0166683 -0.102875 -5.94603 -0.0173252 0.999835 -0.00549403 -0.793667 0.102766 0.00724634 0.994679 72.446 
0.99441 0.0193801 -0.103796 -6.03103 -0.0197084 0.999803 -0.00213695 -0.803361 0.103734 0.00417055 0.994596 73.1248 
0.994261 0.0196083 -0.105173 -6.11231 -0.0196982 0.999806 0.000185229 -0.820726 0.105156 0.00188746 0.994454 73.7801 
0.994197 0.0167459 -0.106264 -6.18653 -0.0171701 0.999848 -0.00307789 -0.833955 0.106197 0.00488452 0.994333 74.4156 
0.994313 0.00869092 -0.106146 -6.2546 -0.00960288 0.999921 -0.00808274 -0.847618 0.106067 0.00905599 0.994318 75.0323 
0.994438 0.00456788 -0.105222 -6.32136 -0.00598059 0.999896 -0.0131136 -0.856522 0.105152 0.0136698 0.994362 75.6323 
0.99475 0.00700155 -0.102099 -6.39062 -0.00838839 0.999878 -0.0131595 -0.874367 0.101994 0.0139468 0.994687 76.2159 
0.995129 0.0121524 -0.0978253 -6.46671 -0.0132018 0.999862 -0.0100866 -0.891105 0.0976893 0.0113289 0.995152 76.7854 
0.995595 0.0103137 -0.0931894 -6.5225 -0.0110188 0.999914 -0.00705386 -0.902924 0.0931087 0.00804954 0.995623 77.3439 
0.996148 0.00673825 -0.0874273 -6.57008 -0.00702886 0.999971 -0.00301562 -0.914409 0.0874045 0.00361843 0.996166 77.8869 
0.996819 0.00229458 -0.0796662 -6.60012 -0.00224451 0.999997 0.000719045 -0.931507 0.0796678 -0.000538032 0.996821 78.4203 
0.997596 0.00596139 -0.069033 -6.63946 -0.00593972 0.999982 0.000520311 -0.941367 0.069035 -0.00010911 0.997614 78.9357 
0.998482 0.0111622 -0.053942 -6.67326 -0.0111794 0.999937 -1.70996e-05 -0.951068 0.0539385 0.000620029 0.998544 79.437 
0.999223 0.0163354 -0.0358742 -6.69478 -0.016333 0.999866 0.00036293 -0.9559 0.0358754 0.000223201 0.999356 79.9327 
0.999793 0.0147919 -0.0139427 -6.68771 -0.0147841 0.99989 0.000668315 -0.958003 0.0139511 -0.000462131 0.999902 80.4124 
0.999858 0.0113273 0.0124607 -6.66672 -0.0113487 0.999934 0.00164481 -0.968657 -0.0124412 -0.00178607 0.999921 80.8807 
0.999062 0.0102982 0.0420602 -6.63028 -0.0104397 0.99994 0.00314386 -0.975612 -0.0420253 -0.00358009 0.99911 81.33 
0.997122 0.0100071 0.0751477 -6.57878 -0.0103721 0.999936 0.00446706 -0.98201 -0.0750981 -0.00523373 0.997162 81.7805 
0.993564 0.00987464 0.112837 -6.51183 -0.0104792 0.999934 0.00476507 -0.98701 -0.112783 -0.00591693 0.993602 82.2138 
0.987954 0.010155 0.154417 -6.4214 -0.0109888 0.999929 0.00454642 -0.991 -0.15436 -0.00618858 0.987995 82.6403 
0.979848 0.00997262 0.199495 -6.30898 -0.0110894 0.999928 0.00448089 -0.998586 -0.199436 -0.00660294 0.979889 83.0531 
0.968522 0.0122823 0.248625 -6.18413 -0.0132591 0.999909 0.002254 -1.00937 -0.248575 -0.00547966 0.968597 83.4475 
0.953242 0.0131147 0.301923 -6.03789 -0.0136127 0.999907 -0.00045508 -1.02052 -0.301901 -0.00367626 0.953332 83.8211 
0.933698 0.0135695 0.357803 -5.86712 -0.0134425 0.999906 -0.00284259 -1.02528 -0.357808 -0.00215571 0.933793 84.18 
0.909715 0.0140445 0.414995 -5.67238 -0.0133101 0.9999 -0.00466223 -1.03402 -0.415019 -0.00128236 0.909812 84.523 
0.880879 0.0143497 0.473124 -5.46203 -0.0126336 0.999897 -0.0068051 -1.03963 -0.473173 1.71531e-05 0.880969 84.8433 
0.847606 0.0126356 0.530475 -5.23 -0.00941573 0.999917 -0.00877293 -1.05 -0.530542 0.00244112 0.847655 85.1396 
0.810927 0.0121593 0.585021 -4.9808 -0.00794064 0.999921 -0.00977604 -1.06242 -0.585093 0.00328216 0.810959 85.4185 
0.770967 0.0107803 0.636784 -4.7182 -0.00699652 0.99994 -0.00845762 -1.07514 -0.636836 0.00206523 0.770996 85.6827 
0.72794 0.0104426 0.685561 -4.43812 -0.00825552 0.999945 -0.00646566 -1.08157 -0.685591 -0.000953089 0.727987 85.9356 
0.682016 0.00919219 0.73128 -4.1466 -0.0074145 0.999956 -0.00565459 -1.09345 -0.7313 -0.00156559 0.682054 86.1674 
0.634893 0.00803871 0.772558 -3.83778 -0.00410963 0.999967 -0.00702778 -1.10023 -0.772589 0.00128693 0.634905 86.3765 
0.587543 0.00545178 0.809174 -3.51595 0.00139546 0.999969 -0.00775063 -1.11041 -0.809191 0.00568296 0.587517 86.5587 
0.540273 0.00736094 0.841458 -3.19271 -0.000597387 0.999965 -0.00836409 -1.12327 -0.84149 0.00401618 0.540258 86.7306 
0.492415 0.0103186 0.870299 -2.8649 -0.00443002 0.999946 -0.00934937 -1.13371 -0.870349 0.000748302 0.492435 86.8913 
0.446317 0.012597 0.894786 -2.53496 -0.00509145 0.99992 -0.0115376 -1.14254 -0.89486 0.000593618 0.446345 87.0298 
0.403865 0.010005 0.914764 -2.18723 0.0020885 0.999927 -0.0118587 -1.14899 -0.914816 0.00669977 0.403815 87.1406 
0.363926 0.00254917 0.931424 -1.82868 0.0170054 0.999811 -0.00938079 -1.15122 -0.931273 0.0192532 0.363814 87.2313 
0.328525 -0.0011446 0.944495 -1.46861 0.0217397 0.999743 -0.0063503 -1.15539 -0.944245 0.0226192 0.328466 87.3209 
0.295176 0.00317273 0.955437 -1.10828 0.0188341 0.999781 -0.00913876 -1.16237 -0.955257 0.0206924 0.295052 87.4178 
0.26419 0.0108542 0.96441 -0.743378 0.00820287 0.999875 -0.0135005 -1.17735 -0.964436 0.0114776 0.264068 87.5175 
0.235555 0.0151205 0.971743 -0.365967 0.0031812 0.999862 -0.0163292 -1.19738 -0.971856 0.00693772 0.235474 87.6065 
0.209773 0.0168575 0.977605 0.0211303 0.00469827 0.999822 -0.0182488 -1.21227 -0.977739 0.00842115 0.209657 87.6726 
0.186405 0.0182134 0.982304 0.433861 0.0124156 0.999705 -0.0208921 -1.22054 -0.982394 0.0160903 0.186124 87.7311 
0.166125 0.0244913 0.9858 0.840369 0.0196879 0.99941 -0.0281473 -1.22214 -0.985908 0.0240843 0.165545 87.7777 
0.146413 0.0313769 0.988726 1.25762 0.0217599 0.999153 -0.0349302 -1.22289 -0.988984 0.0266288 0.145606 87.8274 
0.128679 0.0320177 0.991169 1.69707 0.0193136 0.999208 -0.0347849 -1.23789 -0.991498 0.0236191 0.127959 87.8836 
0.112975 0.0279649 0.993204 2.16626 0.016948 0.999404 -0.0300674 -1.2577 -0.993453 0.0202297 0.112433 87.9427 
0.0985259 0.0247587 0.994826 2.63669 0.0174914 0.999493 -0.0266072 -1.27578 -0.994981 0.0200224 0.0980429 87.9864 
0.0849581 0.0224504 0.996131 3.10484 0.0186776 0.999534 -0.0241201 -1.29619 -0.996209 0.0206546 0.0844993 88.0281 
0.0732824 0.0215471 0.997078 3.60374 0.0224453 0.999478 -0.0232487 -1.31321 -0.997059 0.0240835 0.0727605 88.0586 
0.0630313 0.0222558 0.997763 4.1127 0.0257271 0.999383 -0.0239173 -1.32828 -0.99768 0.0271771 0.0624198 88.0845 
0.0551894 0.0227441 0.998217 4.64746 0.0282042 0.999306 -0.0243283 -1.34343 -0.998077 0.0294966 0.0545096 88.113 
0.0496478 0.0232132 0.998497 5.18872 0.0295412 0.999258 -0.0246998 -1.35865 -0.99833 0.0307231 0.0489252 88.1378 
0.0440426 0.0242998 0.998734 5.75594 0.0305953 0.999202 -0.0256605 -1.37604 -0.998561 0.0316867 0.043264 88.165 
0.0380993 0.0249883 0.998961 6.34206 0.0314873 0.999161 -0.0261943 -1.39194 -0.998778 0.0324526 0.0372806 88.1925 
0.0338523 0.0251025 0.999111 6.92796 0.0338182 0.999083 -0.0262477 -1.40937 -0.998854 0.0346767 0.0329723 88.208 
0.0312282 0.0247579 0.999206 7.54756 0.0360071 0.999016 -0.0258786 -1.43158 -0.998863 0.0367867 0.030306 88.2236 
0.0281337 0.0243918 0.999306 8.1889 0.0369953 0.998992 -0.0254258 -1.45066 -0.998919 0.037685 0.027203 88.2458 
0.02582 0.0236912 0.999386 8.84615 0.0390104 0.998934 -0.0246884 -1.47142 -0.998905 0.0396239 0.0248682 88.2659 
0.0251341 0.0235707 0.999406 9.52155 0.0433206 0.998757 -0.024645 -1.49034 -0.998745 0.0439143 0.0240817 88.286 
0.0260675 0.0231496 0.999392 10.2126 0.0468849 0.998603 -0.0243543 -1.51179 -0.99856 0.0474912 0.0249457 88.3078 
0.0285323 0.0230936 0.999326 10.9195 0.0485605 0.998521 -0.0244616 -1.53204 -0.998413 0.0492257 0.0273686 88.3338 
0.0325169 0.023119 0.999204 11.6463 0.0507883 0.998403 -0.0247533 -1.55339 -0.99818 0.0515528 0.0312908 88.3628 
0.036915 0.0226828 0.999061 12.3898 0.0514227 0.998375 -0.0245674 -1.5732 -0.997994 0.0522813 0.0356886 88.3978 
0.0408199 0.021112 0.998943 13.1416 0.0527622 0.998336 -0.0232553 -1.59537 -0.997772 0.0536557 0.0396381 88.4399 
0.0447197 0.0196591 0.998806 13.9058 0.0524555 0.998381 -0.0219994 -1.61815 -0.997621 0.0533767 0.0436161 88.4895 
0.0487408 0.017625 0.998656 14.6926 0.0494203 0.998577 -0.0200357 -1.64022 -0.997588 0.0503304 0.0478005 88.5454 
0.0530037 0.0164704 0.998458 15.4928 0.04874 0.99863 -0.0190607 -1.66405 -0.997404 0.0496752 0.0521283 88.599 
0.0572105 0.0174299 0.99821 16.2956 0.0459303 0.998743 -0.0200717 -1.68961 -0.997305 0.0469964 0.0563381 88.6579 
0.0599993 0.0217785 0.997961 17.0984 0.0439439 0.998735 -0.0244375 -1.71127 -0.997231 0.0453205 0.0589663 88.7268 
0.0612177 0.027275 0.997752 17.911 0.0380354 0.998837 -0.0296384 -1.73906 -0.997399 0.0397642 0.060109 88.8001 
0.0608289 0.0304418 0.997684 18.7265 0.035501 0.998836 -0.0326415 -1.76758 -0.997517 0.0374044 0.0596774 88.8691 
0.0613699 0.029875 0.997668 19.5483 0.0332357 0.998936 -0.0319575 -1.80416 -0.997562 0.0351194 0.0603117 88.9254 
0.0611979 0.0285023 0.997719 20.3642 0.0304926 0.999072 -0.0304114 -1.83721 -0.99766 0.0322842 0.060272 88.9946 
0.0609788 0.0272823 0.997766 21.1905 0.0313367 0.999081 -0.0292335 -1.87009 -0.997647 0.0330494 0.0600678 89.0581 
0.0611379 0.0267614 0.99777 22.0106 0.028637 0.999182 -0.0285541 -1.90488 -0.997718 0.0303188 0.0603215 89.1253 
0.0612815 0.0271768 0.99775 22.8308 0.0270888 0.999216 -0.0288805 -1.93811 -0.997753 0.0287977 0.0604972 89.19 
0.0613281 0.0278057 0.99773 23.6483 0.02419 0.999277 -0.0293358 -1.97468 -0.997824 0.0259342 0.0606111 89.2549 
0.0599776 0.0290527 0.997777 24.4598 0.0211327 0.999315 -0.0303679 -2.01018 -0.997976 0.0229071 0.0593226 89.3214 
0.0575405 0.0289335 0.997924 25.2789 0.0180683 0.999386 -0.0300178 -2.04245 -0.99818 0.019758 0.0569824 89.3782 
0.0536694 0.0275285 0.998179 26.0905 0.0156309 0.999474 -0.0284048 -2.07953 -0.998436 0.0171269 0.0532109 89.4346 
0.0490543 0.025191 0.998478 26.9058 0.0137821 0.99957 -0.0258957 -2.11168 -0.998701 0.0150314 0.048686 89.4841 
0.0427849 0.0232245 0.998814 27.7128 0.0118327 0.999648 -0.0237508 -2.14607 -0.999014 0.0128349 0.0424951 89.5305 
0.03543 0.0236015 0.999093 28.5216 0.0117904 0.999642 -0.0240326 -2.17437 -0.999303 0.0126312 0.035139 89.5674 
0.0266937 0.024611 0.999341 29.3301 0.0115271 0.999623 -0.024926 -2.2033 -0.999577 0.0121849 0.0264 89.6017 
0.0168597 0.0252685 0.999538 30.1332 0.0122504 0.9996 -0.0254767 -2.22996 -0.999783 0.0126743 0.0165434 89.6197 
0.00645444 0.0244118 0.999681 30.9362 0.0136437 0.999607 -0.0244982 -2.25971 -0.999886 0.0137975 0.00611883 89.6358 
-0.00418041 0.0235625 0.999714 31.7261 0.0124418 0.999646 -0.023509 -2.29048 -0.999914 0.0123399 -0.00447209 89.6384 
-0.0153103 0.0226351 0.999626 32.5132 0.0141703 0.999648 -0.0224186 -2.32181 -0.999782 0.0138218 -0.0156256 89.6307 
-0.0263751 0.0229812 0.999388 33.2949 0.0141733 0.999644 -0.0226131 -2.35347 -0.999552 0.0135682 -0.0266914 89.6164 
-0.0372769 0.0237673 0.999022 34.0773 0.014854 0.99962 -0.0232274 -2.38077 -0.999194 0.0139736 -0.0376158 89.5915 
-0.0478324 0.0248467 0.998546 34.8448 0.0143869 0.999604 -0.0241839 -2.41302 -0.998752 0.0132092 -0.048171 89.5575 
-0.0580985 0.0259529 0.997973 35.6138 0.0152235 0.999569 -0.0251082 -2.4408 -0.998195 0.0137339 -0.0584685 89.518 
-0.0670433 0.0266992 0.997393 36.3794 0.0157846 0.999545 -0.0256959 -2.4706 -0.997625 0.0140207 -0.0674343 89.4573 
-0.0769115 0.0272766 0.996665 37.1405 0.0165459 0.999523 -0.0260781 -2.49759 -0.996901 0.014485 -0.0773262 89.4058 
-0.0864243 0.0277789 0.995871 37.8819 0.0173235 0.999502 -0.0263769 -2.52689 -0.996108 0.0149724 -0.0868625 89.3516 
-0.0949357 0.0273759 0.995107 38.6155 0.0184042 0.999499 -0.025741 -2.55454 -0.995313 0.0158704 -0.095392 89.2823 
-0.102436 0.0261963 0.994395 39.3378 0.0202765 0.9995 -0.0242422 -2.58602 -0.994533 0.0176796 -0.102916 89.2142 
-0.107528 0.0248901 0.99389 40.0595 0.0233532 0.999474 -0.0225035 -2.6079 -0.993928 0.0207908 -0.108052 89.1356 
-0.111652 0.0231071 0.993479 40.7659 0.0262426 0.999449 -0.0202968 -2.63902 -0.993401 0.0238054 -0.112196 89.0679 
-0.114251 0.0222579 0.993202 41.4769 0.0280489 0.999423 -0.0191708 -2.66096 -0.993056 0.025668 -0.114809 88.991 
-0.11599 0.0214494 0.993019 42.1701 0.0281605 0.999436 -0.0182988 -2.68517 -0.992851 0.0258414 -0.116529 88.9164 
-0.116785 0.0219832 0.992914 42.8505 0.0287796 0.99941 -0.018742 -2.7074 -0.99274 0.0263869 -0.117349 88.8419 
-0.116 0.0229667 0.992984 43.5091 0.0298243 0.999362 -0.0196302 -2.7341 -0.992801 0.027338 -0.116611 88.774 
-0.113289 0.0242762 0.993265 44.1553 0.0307945 0.999307 -0.0209116 -2.76533 -0.993085 0.028218 -0.113958 88.7175 
-0.108139 0.0251356 0.993818 44.7818 0.0304768 0.999294 -0.0219579 -2.78401 -0.993668 0.0279139 -0.108829 88.6605 
-0.100255 0.0256469 0.994631 45.3774 0.0293845 0.999308 -0.0228058 -2.81074 -0.994528 0.0269403 -0.100939 88.6141 
-0.088993 0.025599 0.995703 45.9616 0.0283127 0.999331 -0.0231619 -2.83627 -0.99563 0.0261298 -0.0896582 88.5755 
-0.0751917 0.025986 0.99683 46.5295 0.027533 0.999333 -0.0239745 -2.85957 -0.996789 0.0256431 -0.0758571 88.5465 
-0.057996 0.0273226 0.997943 47.0698 0.0268029 0.999308 -0.0258024 -2.88384 -0.997957 0.0252513 -0.0586882 88.5311 
-0.0365551 0.0297458 0.998889 47.6088 0.0250493 0.99927 -0.0288406 -2.91141 -0.999018 0.0239672 -0.0372736 88.5309 
-0.0118953 0.0327263 0.999393 48.1448 0.0229865 0.999209 -0.0324468 -2.93468 -0.999665 0.0225866 -0.0126381 88.5456 
0.0167483 0.0344033 0.999268 48.6755 0.0212158 0.999171 -0.0347556 -2.95769 -0.999635 0.0217824 0.0160046 88.5762 
0.0505399 0.0336628 0.998154 49.1923 0.0187733 0.999223 -0.0346495 -2.98541 -0.998545 0.0204898 0.0498687 88.6168 
0.0891838 0.031171 0.995527 49.7135 0.0176919 0.999303 -0.0328742 -3.00933 -0.995858 0.0205446 0.0885701 88.6833 
0.131981 0.0271349 0.990881 50.2185 0.0150478 0.999455 -0.0293741 -3.0386 -0.991138 0.0187874 0.131501 88.7692 
0.177917 0.0228329 0.98378 50.7218 0.0124856 0.999598 -0.0254582 -3.06109 -0.983966 0.0168125 0.177561 88.8798 
0.227176 0.0196786 0.973655 51.2173 0.00779566 0.999727 -0.0220246 -3.08311 -0.973822 0.0125937 0.226961 89.0228 
0.279587 0.0180943 0.95995 51.6921 0.00429436 0.999789 -0.0200961 -3.09975 -0.960111 0.00974097 0.27945 89.1858 
0.335663 0.01765 0.941817 52.1617 0.00356558 0.999793 -0.0200074 -3.11734 -0.941975 0.0100739 0.335531 89.3739 
0.395314 0.0180541 0.918369 52.6179 0.00547022 0.999743 -0.0220086 -3.13336 -0.91853 0.013724 0.395113 89.583 
0.45541 0.021762 0.890016 53.0387 0.00593302 0.999605 -0.0274775 -3.14675 -0.890262 0.017794 0.4551 89.8345 
0.514631 0.024607 0.857059 53.4328 0.00701751 0.999434 -0.0329086 -3.16714 -0.857383 0.0229502 0.514167 90.1182 
0.572543 0.0293514 0.819349 53.7999 0.00228463 0.999298 -0.0373943 -3.17931 -0.819871 0.0232817 0.572074 90.4297 
0.627924 0.0326391 0.77759 54.1403 -0.00218701 0.99919 -0.0401748 -3.19352 -0.778271 0.0235261 0.627487 90.7692 
0.680514 0.0339536 0.731948 54.464 -0.00439013 0.999097 -0.0422646 -3.20772 -0.732722 0.0255483 0.680048 91.1277 
0.72904 0.0321311 0.683716 54.7499 -0.0052696 0.999131 -0.0413352 -3.22695 -0.68445 0.0265321 0.728577 91.4987 
0.774006 0.0279749 0.63256 55.0151 -0.00715383 0.999346 -0.0354427 -3.25152 -0.633138 0.0229076 0.7737 91.8927 
0.815004 0.0232193 0.578989 55.2523 -0.00827416 0.999561 -0.0284387 -3.2678 -0.579396 0.018387 0.814839 92.3046 
0.851033 0.020994 0.524692 55.457 -0.0111482 0.999698 -0.0219182 -3.28348 -0.524994 0.0128037 0.85101 92.7325 
0.881962 0.0177547 0.470986 55.6454 -0.0122982 0.999817 -0.0146606 -3.29701 -0.47116 0.00713776 0.882019 93.1752 
0.907181 0.0183755 0.420338 55.7983 -0.0160035 0.99983 -0.00916973 -3.30995 -0.420435 0.00159164 0.907321 93.627 
0.926855 0.0203648 0.374867 55.9268 -0.0197799 0.99979 -0.00540859 -3.32455 -0.374898 -0.00240194 0.927063 94.081 
0.941833 0.0265661 0.335028 56.0389 -0.0271646 0.999627 -0.00290067 -3.33144 -0.33498 -0.00636901 0.942204 94.547 
0.953528 0.03067 0.29974 56.1462 -0.03098 0.999513 -0.00371922 -3.33744 -0.299708 -0.00573964 0.954014 95.0135 
0.962619 0.0328477 0.268859 56.2509 -0.0331144 0.999445 -0.00354483 -3.34223 -0.268826 -0.00549083 0.963173 95.4833 
0.968641 0.0276078 0.246924 56.3545 -0.0276621 0.999612 -0.00325005 -3.34984 -0.246918 -0.00368238 0.969029 95.9666 
0.972528 0.0246501 0.231478 56.451 -0.0247149 0.999691 -0.00262059 -3.3572 -0.231471 -0.00317243 0.972837 96.4568 
0.975374 0.0288632 0.218661 56.5413 -0.0289191 0.999577 -0.00294593 -3.36433 -0.218654 -0.00345018 0.975796 96.9465 
0.977288 0.0341886 0.209141 56.6246 -0.0344191 0.999404 -0.00253879 -3.36597 -0.209103 -0.00471738 0.977882 97.4524 
0.97828 0.0418262 0.203025 56.7083 -0.0418855 0.999114 -0.00400711 -3.36745 -0.203013 -0.00458381 0.979165 97.9767 
0.978568 0.0477696 0.200308 56.7913 -0.0471948 0.998856 -0.00764725 -3.37451 -0.200444 -0.00197021 0.979703 98.5045 
0.978667 0.0490754 0.199506 56.8884 -0.0480552 0.998795 -0.0099564 -3.38956 -0.199754 0.000156611 0.979846 99.0386 
0.978287 0.0473366 0.201777 56.9999 -0.0455391 0.998871 -0.0135441 -3.40097 -0.20219 0.00406124 0.979338 99.5838 
0.977503 0.0459327 0.205861 57.1074 -0.0426803 0.998884 -0.0202149 -3.40844 -0.206559 0.0109739 0.978372 100.144 
0.976655 0.0460319 0.209821 57.2269 -0.0417402 0.99882 -0.0248394 -3.41784 -0.210717 0.0155015 0.977424 100.704 
0.975441 0.0509533 0.214285 57.3372 -0.0467612 0.998603 -0.0245908 -3.43265 -0.215238 0.0139666 0.976462 101.29 
0.973996 0.0539449 0.22005 57.4571 -0.0505942 0.998502 -0.0208392 -3.44644 -0.220845 0.00916396 0.975266 101.883 
0.973108 0.0507299 0.224694 57.595 -0.0482856 0.998699 -0.0163639 -3.46137 -0.225232 0.0050743 0.974292 102.484 
0.972425 0.0467159 0.228488 57.7403 -0.0454594 0.998908 -0.0107626 -3.4768 -0.228741 7.8832e-05 0.973487 103.102 
0.971653 0.0441045 0.232259 57.8853 -0.0438331 0.999019 -0.00633216 -3.48887 -0.23231 -0.00402805 0.972633 103.735 
0.971164 0.0393112 0.23515 58.0354 -0.0390007 0.999221 -0.00597315 -3.49505 -0.235202 -0.00337018 0.971941 104.373 
0.971247 0.036056 0.235326 58.1909 -0.0349601 0.99935 -0.00882919 -3.50948 -0.235492 0.000348229 0.971876 105.011 
0.971371 0.0350708 0.234965 58.3427 -0.0322407 0.999354 -0.0158767 -3.5233 -0.23537 0.00784665 0.971874 105.666 
0.971482 0.0369308 0.23422 58.4891 -0.0325969 0.999219 -0.0223499 -3.54253 -0.234862 0.0140776 0.971927 106.329 
0.972095 0.039745 0.231194 58.64 -0.0346097 0.999057 -0.0262277 -3.55433 -0.232018 0.0174942 0.972554 107.009 
0.97276 0.0380842 0.228664 58.7939 -0.0339139 0.999179 -0.0221412 -3.56651 -0.229319 0.0137832 0.973254 107.708 
0.9732 0.0339692 0.227439 58.9508 -0.0315194 0.999399 -0.0143961 -3.58762 -0.227791 0.00684146 0.973686 108.422 
0.973729 0.0340979 0.225144 59.1049 -0.0330102 0.999418 -0.00859489 -3.60824 -0.225306 0.000936975 0.974288 109.154 
0.974072 0.0370977 0.223177 59.2567 -0.035912 0.999311 -0.00937047 -3.62423 -0.22337 0.00111271 0.974733 109.88 
0.974394 0.04267 0.22076 59.4048 -0.040567 0.999078 -0.0140536 -3.63677 -0.221156 0.00473812 0.975227 110.621 
0.975268 0.0431541 0.216771 59.5565 -0.0398902 0.999015 -0.0194126 -3.65171 -0.217395 0.0102854 0.976029 111.366 
0.976231 0.0417667 0.21267 59.7114 -0.0379331 0.999036 -0.0220772 -3.66978 -0.213387 0.0134851 0.976875 112.124 
0.977176 0.0394439 0.208737 59.8694 -0.0358969 0.99914 -0.020756 -3.68887 -0.209376 0.0127891 0.977751 112.891 
0.978076 0.035309 0.205234 60.0302 -0.0321669 0.999309 -0.0186279 -3.71234 -0.20575 0.0116177 0.978536 113.688 
0.978524 0.0342889 0.20326 60.1882 -0.0317041 0.99937 -0.0159608 -3.7325 -0.203679 0.00917378 0.978995 114.484 
0.978937 0.0306323 0.201853 60.347 -0.0284586 0.999502 -0.0136631 -3.75172 -0.202171 0.00763079 0.97932 115.289 
0.97922 0.0253158 0.201213 60.5125 -0.0232888 0.999651 -0.0124356 -3.76797 -0.201457 0.00749116 0.979469 116.098 
0.979378 0.0260011 0.200355 60.6704 -0.0243223 0.999645 -0.0108366 -3.78712 -0.200565 0.00573996 0.979663 116.916 
0.979123 0.0315283 0.20081 60.8149 -0.0295509 0.999481 -0.0128382 -3.8064 -0.20111 0.00663599 0.979546 117.739 
0.978744 0.0371705 0.201689 60.956 -0.0345877 0.999268 -0.0163171 -3.82407 -0.202148 0.00899427 0.979314 118.565 
0.978211 0.0462219 0.202401 61.1093 -0.0434893 0.998893 -0.01793 -3.84504 -0.203006 0.00873694 0.979138 119.401 
0.977254 0.0520556 0.205583 61.2562 -0.0495452 0.998621 -0.0173445 -3.8705 -0.206203 0.0067642 0.978486 120.244 
0.97654 0.0547728 0.208251 61.4188 -0.0527574 0.998491 -0.0152247 -3.89759 -0.208771 0.00388068 0.977957 121.082 
0.975919 0.0553712 0.21099 61.5782 -0.0531957 0.998456 -0.0159778 -3.92153 -0.211549 0.00436921 0.977358 121.926 
0.975639 0.0537499 0.212696 61.7534 -0.0509007 0.998526 -0.0188532 -3.94146 -0.213396 0.00756744 0.976936 122.775 
0.975653 0.0474987 0.214116 61.9352 -0.0448166 0.998844 -0.0173668 -3.96606 -0.214693 0.00734797 0.976654 123.624 
0.975954 0.0406252 0.214159 62.1184 -0.037503 0.999123 -0.018624 -3.99444 -0.214727 0.0101445 0.976621 124.461 
0.975699 0.039893 0.215454 62.2963 -0.0366932 0.999149 -0.018833 -4.02144 -0.216022 0.0104696 0.976332 125.31 
0.975139 0.0425465 0.217469 62.4663 -0.0400416 0.999071 -0.0159145 -4.04478 -0.217944 0.00681101 0.975937 126.159 
0.97475 0.0445872 0.218801 62.6362 -0.0433734 0.999005 -0.0103505 -4.0666 -0.219045 0.000598917 0.975715 127.002 
0.974423 0.0478646 0.219565 62.807 -0.0476752 0.998844 -0.00616504 -4.09017 -0.219606 -0.00446052 0.975578 127.844 
0.97422 0.0470798 0.220633 62.9801 -0.0454318 0.998889 -0.0125416 -4.11302 -0.220978 0.00219447 0.975276 128.674 
0.974519 0.0428966 0.220166 63.1599 -0.0379037 0.99892 -0.0268548 -4.13914 -0.22108 0.0178254 0.975093 129.484 
0.974757 0.0406877 0.219527 63.3421 -0.0336149 0.998791 -0.0358599 -4.1679 -0.220721 0.0275753 0.974947 130.296 
0.975034 0.0378239 0.218808 63.5167 -0.0327514 0.999105 -0.0267647 -4.19484 -0.219625 0.0189302 0.975401 131.12 
0.975448 0.0314911 0.217968 63.6948 -0.0309323 0.999504 -0.00597673 -4.2234 -0.218048 -0.000912325 0.975938 131.97 
0.975813 0.0278198 0.21683 63.8749 -0.0305565 0.99949 0.00927752 -4.24898 -0.216461 -0.0156788 0.976165 132.809 
0.975847 0.0324489 0.216032 64.0392 -0.0340601 0.999413 0.00373782 -4.26921 -0.215783 -0.0110057 0.976379 133.62 
0.976081 0.0404285 0.213616 64.1975 -0.0386706 0.999175 -0.0124036 -4.2793 -0.213942 0.00384619 0.976839 134.423 
0.976356 0.0402955 0.212382 64.361 -0.0367979 0.999114 -0.0203975 -4.29055 -0.213015 0.0120999 0.976974 135.242 
0.976978 0.036142 0.210258 64.5313 -0.0324226 0.999251 -0.0211114 -4.31917 -0.210864 0.0138082 0.977418 136.056 
0.977603 0.0357354 0.207402 64.692 -0.0324406 0.999288 -0.0192671 -4.3503 -0.207943 0.0121073 0.978066 136.875 
0.978378 0.0352177 0.203806 64.8468 -0.0316533 0.999284 -0.0207238 -4.37255 -0.20439 0.0138245 0.978792 137.689 
0.979449 0.0358869 0.198473 65.0094 -0.0321441 0.99924 -0.0220498 -4.40569 -0.199114 0.0152168 0.979858 138.51 
0.97987 0.040105 0.195564 65.1454 -0.0365036 0.999092 -0.021987 -4.44167 -0.196268 0.0144055 0.980444 139.317 
0.98004 0.0461474 0.193372 65.2789 -0.0426424 0.998842 -0.0222513 -4.46961 -0.194175 0.0135613 0.980873 140.124 
0.980343 0.0473708 0.191531 65.4203 -0.0442833 0.998811 -0.0203717 -4.49581 -0.192269 0.0114895 0.981275 140.931 
0.980702 0.0452841 0.190191 65.5655 -0.0431157 0.998949 -0.0155262 -4.52231 -0.190694 0.00702631 0.981624 141.731 
0.981109 0.0439118 0.188406 65.709 -0.0417598 0.999009 -0.0153784 -4.5491 -0.188894 0.00722001 0.981971 142.529 
0.981687 0.0421649 0.185778 65.8514 -0.0394167 0.999052 -0.0184638 -4.57384 -0.186381 0.0108028 0.982418 143.326 
0.982779 0.0375879 0.18092 65.993 -0.0341672 0.999174 -0.0219885 -4.60142 -0.181597 0.0154282 0.983252 144.115 
0.984096 0.0347652 0.174202 66.129 -0.0312457 0.999249 -0.0229072 -4.62633 -0.174868 0.0170998 0.984443 144.902 
0.985249 0.0328284 0.167948 66.2485 -0.0303023 0.999386 -0.0175827 -4.64878 -0.168422 0.012234 0.985639 145.695 
0.986394 0.0299203 0.161653 66.3686 -0.0288307 0.999543 -0.00908346 -4.67158 -0.161851 0.00429922 0.986806 146.498 
0.987056 0.0267312 0.158134 66.4873 -0.0270944 0.999633 0.000140642 -4.6869 -0.158072 -0.00442345 0.987418 147.296 
0.987544 0.0334086 0.153755 66.5891 -0.0342752 0.999408 0.00298768 -4.70458 -0.153564 -0.00822052 0.988104 148.092 
0.988186 0.0362771 0.148902 66.6922 -0.0364623 0.999334 -0.00148753 -4.72274 -0.148857 -0.00395943 0.988851 148.886 
0.989315 0.0365422 0.141141 66.792 -0.0352511 0.999311 -0.0116381 -4.73436 -0.141469 0.00653827 0.989921 149.674 
0.990335 0.0332532 0.134651 66.8915 -0.0312481 0.999367 -0.0169788 -4.74667 -0.135131 0.012607 0.990748 150.475 
0.991241 0.0322022 0.128082 66.979 -0.0303872 0.999408 -0.0161007 -4.76 -0.128525 0.0120675 0.991633 151.287 
0.991981 0.0388781 0.120262 67.0583 -0.0376358 0.999212 -0.0125852 -4.78275 -0.120657 0.00795806 0.992662 152.101 
0.992716 0.0441841 0.112082 67.129 -0.0428484 0.998979 -0.0143002 -4.80149 -0.1126 0.00939346 0.993596 152.909 
0.993705 0.0468548 0.101762 67.1943 -0.0450397 0.998784 -0.0200638 -4.82186 -0.102578 0.0153541 0.994606 153.717 
0.994616 0.045146 0.0932788 67.2585 -0.04324 0.998814 -0.022357 -4.84234 -0.0941775 0.0182032 0.995389 154.535 
0.995348 0.0450522 0.0851611 67.3152 -0.0435268 0.998858 -0.0196859 -4.86297 -0.0859507 0.0158875 0.996173 155.358 
0.995865 0.0476529 0.0773376 67.356 -0.0468293 0.998825 -0.0124295 -4.88599 -0.077839 0.00875632 0.996927 156.19 
0.99632 0.0508864 0.0689681 67.3946 -0.0505527 0.9987 -0.00657847 -4.90677 -0.0692131 0.00306766 0.997597 157.021 
0.99686 0.0499854 0.0614125 67.4303 -0.0498872 0.99875 -0.00313405 -4.92145 -0.0614923 6.04292e-05 0.998107 157.847 
0.99719 0.0508193 0.0550327 67.4612 -0.0508393 0.998706 -0.00103869 -4.9332 -0.0550142 -0.00176214 0.998484 158.673 
0.997447 0.0500147 0.0509626 67.4886 -0.0499456 0.998748 -0.00263062 -4.94827 -0.0510303 7.8465e-05 0.998697 159.487 
0.997436 0.0545685 0.0462929 67.5077 -0.0542499 0.998494 -0.00811428 -4.96223 -0.0466659 0.00558202 0.998895 160.303 
0.997288 0.0602729 0.0422259 67.5199 -0.0596943 0.998106 -0.0148353 -4.97899 -0.04304 0.0122743 0.998998 161.122 
0.997333 0.0615293 0.0392578 67.5327 -0.0608987 0.997998 -0.017064 -4.99766 -0.040229 0.0146277 0.999083 161.941 
0.997314 0.0635326 0.0364326 67.5439 -0.0631734 0.997943 -0.01093 -5.01564 -0.0370519 0.00859904 0.999276 162.768 
0.997258 0.0655222 0.0344042 67.5539 -0.0655276 0.99785 -0.000972912 -5.02427 -0.0343939 -0.00128426 0.999407 163.613 
0.99731 0.0662425 0.0313738 67.5617 -0.0664807 0.997766 0.00660799 -5.03868 -0.0308659 -0.00867605 0.999486 164.446 
0.997694 0.0626971 0.0260045 67.5734 -0.0628048 0.99802 0.00334148 -5.04911 -0.0257434 -0.00496707 0.999656 165.269 
0.998512 0.0506675 0.0201564 67.5919 -0.0505527 0.998702 -0.00617003 -5.06112 -0.0204428 0.00514181 0.999778 166.077 
0.998756 0.0481924 0.0128087 67.5956 -0.0480529 0.998784 -0.0109909 -5.06416 -0.0133227 0.0103617 0.999857 166.9 
0.998639 0.0518091 0.00598926 67.5772 -0.0517489 0.998612 -0.00981346 -5.07453 -0.00648928 0.00949008 0.999934 167.74 
0.998744 0.0500824 -0.00146522 67.5614 -0.0500874 0.998738 -0.00356717 -5.08969 0.0012848 0.003636 0.999992 168.578 
0.99897 0.0444666 -0.00905319 67.55 -0.0444687 0.999011 -2.1876e-05 -5.10036 0.00904335 0.000424355 0.999959 169.414 
0.999251 0.0358468 -0.0145956 67.5277 -0.035788 0.99935 0.00428017 -5.10662 0.0147396 -0.0037547 0.999884 170.258 
0.999284 0.0315226 -0.0209294 67.5001 -0.0314427 0.999497 0.00413784 -5.11396 0.0210494 -0.00347688 0.999772 171.099 
0.999224 0.0282478 -0.0274561 67.4697 -0.0283339 0.999595 -0.00274889 -5.12533 0.0273674 0.00352461 0.999619 171.927 
0.999206 0.0188032 -0.0351277 67.4373 -0.0192617 0.999733 -0.012755 -5.13724 0.0348786 0.0134214 0.999301 172.75 
0.999093 0.00869402 -0.0416895 67.4076 -0.00939897 0.999816 -0.0167414 -5.15011 0.0415363 0.0171179 0.99899 173.582 
0.99876 0.0121704 -0.0482795 67.3523 -0.012645 0.999874 -0.00953611 -5.16148 0.0481575 0.0101347 0.998788 174.423 
0.998302 0.0230709 -0.0534844 67.2786 -0.0229243 0.999731 0.00335423 -5.17355 0.0535475 -0.00212252 0.998563 175.272 
0.997919 0.0280259 -0.0580651 67.2081 -0.0274108 0.99956 0.0113651 -5.18811 0.0583581 -0.00974988 0.998248 176.123 
0.997714 0.0273669 -0.0617936 67.1431 -0.0269058 0.999604 0.00828319 -5.19424 0.0619959 -0.00660173 0.998054 176.961 
0.997533 0.0287848 -0.0640177 67.0776 -0.0290004 0.999576 -0.00243913 -5.20105 0.0639205 0.00428957 0.997946 177.784 
0.99698 0.0390674 -0.0671135 66.9933 -0.0399382 0.999134 -0.0116817 -5.21229 0.066599 0.0143267 0.997677 178.613 
0.996884 0.0374843 -0.0694024 66.9196 -0.0386247 0.999139 -0.015162 -5.22853 0.0687743 0.0177953 0.997473 179.463 
0.996908 0.0321648 -0.0716934 66.8553 -0.032981 0.999404 -0.0102292 -5.24461 0.0713218 0.012562 0.997374 180.322 
0.99694 0.0323126 -0.0711845 66.7822 -0.0324958 0.999471 -0.00141506 -5.25986 0.0711012 0.00372384 0.997462 181.176 
0.996879 0.034595 -0.070954 66.7021 -0.0343818 0.9994 0.00422544 -5.27594 0.0710577 -0.00177282 0.997471 182.031 
0.996756 0.0345743 -0.0726773 66.6246 -0.0344075 0.999402 0.00354656 -5.2874 0.0727565 -0.00103449 0.997349 182.884 
0.996698 0.0307298 -0.0751506 66.5534 -0.0312529 0.999495 -0.0057942 -5.29867 0.0749347 0.00812366 0.997155 183.73 
0.99675 0.0200494 -0.0780241 66.4985 -0.021419 0.99963 -0.0167551 -5.31958 0.0776594 0.0183717 0.996811 184.575 
0.996759 0.00928736 -0.0799116 66.4316 -0.0109743 0.999725 -0.0206963 -5.33641 0.0796976 0.0215061 0.996587 185.43 
0.996647 0.0118552 -0.0809616 66.3493 -0.0132309 0.999777 -0.0164754 -5.35352 0.0807483 0.0174913 0.996581 186.284 
0.996454 0.0179022 -0.0822137 66.2593 -0.0184543 0.999812 -0.0059592 -5.37338 0.0820917 0.00745518 0.996597 187.143 
0.996272 0.0191495 -0.0841156 66.177 -0.0193844 0.99981 -0.00197621 -5.39888 0.0840619 0.00359929 0.996454 187.991 
0.996228 0.0177788 -0.0849341 66.0953 -0.0183556 0.999813 -0.00601426 -5.41323 0.0848114 0.00755051 0.996368 188.836 
0.99625 0.0181028 -0.0846084 66.0103 -0.0191857 0.999744 -0.012002 -5.42838 0.0843695 0.0135801 0.996342 189.672 
0.996063 0.0248471 -0.0850912 65.9177 -0.026007 0.999583 -0.0125494 -5.44464 0.084744 0.0147129 0.996294 190.509 
0.995939 0.0275752 -0.085707 65.8329 -0.0284872 0.99955 -0.00943515 -5.46646 0.0854083 0.0118383 0.996276 191.346 
0.995774 0.0310282 -0.0864367 65.7457 -0.0317167 0.999475 -0.00660261 -5.48485 0.0861865 0.0093161 0.996235 192.177 
0.995639 0.034917 -0.0865068 65.6583 -0.0353553 0.999368 -0.00353851 -5.50025 0.0863287 0.00658147 0.996245 193.003 
0.995479 0.0375476 -0.0872402 65.5694 -0.038021 0.99927 -0.00377002 -5.51788 0.0870351 0.00706986 0.99618 193.822 
