1 -4.23778e-08 4.22719e-08 0 -4.23778e-08 1 -4.19404e-08 0 4.22719e-08 -4.19404e-08 1 0 
0.999052 -0.00025345 0.0435362 0.0541216 0.000367438 0.999996 -0.00261225 -0.0137047 -0.0435353 0.00262568 0.999048 1.03542 
0.996066 -0.00496189 0.088471 0.151036 0.00561934 0.999958 -0.0071847 -0.0627718 -0.0884316 0.0076535 0.996053 2.09321 
0.991101 -0.00431369 0.133044 0.3234 0.00583139 0.999922 -0.0110207 -0.0871117 -0.132986 0.0116983 0.991049 3.15132 
0.983823 -0.00215588 0.179129 0.489553 0.0045549 0.999905 -0.012983 -0.144327 -0.179084 0.0135888 0.98374 4.2048 
0.974413 -0.00470154 0.224715 0.709624 0.00776446 0.999888 -0.0127489 -0.176491 -0.22463 0.0141674 0.974341 5.18534 
0.962729 -0.00547151 0.270413 0.996722 0.00963991 0.999854 -0.0140896 -0.197962 -0.270296 0.0161711 0.962641 6.28319 
0.949533 -0.00804351 0.313564 1.32406 0.0138988 0.999768 -0.0164427 -0.228501 -0.313359 0.019971 0.949425 7.25359 
0.934471 -0.00995672 0.355899 1.67508 0.0174394 0.999689 -0.0178228 -0.265981 -0.35561 0.0228615 0.934355 8.18033 
0.917272 -0.00996232 0.398136 2.10983 0.0189295 0.999648 -0.0185986 -0.296389 -0.39781 0.0245964 0.917138 9.16774 
0.897555 -0.0102917 0.440783 2.54218 0.0200787 0.999644 -0.0175456 -0.321496 -0.440446 0.0245984 0.897442 10.1106 
0.875781 -0.0102398 0.4826 3.01553 0.0206902 0.999652 -0.0163364 -0.358864 -0.482265 0.0242921 0.875689 10.9821 
0.85159 -0.0105772 0.524102 3.52322 0.0215208 0.999659 -0.0147936 -0.41024 -0.523767 0.0238771 0.851527 11.8614 
0.825909 -0.0112675 0.563691 4.09001 0.0234815 0.99962 -0.0144235 -0.446242 -0.563314 0.0251488 0.82586 12.7325 
0.798623 -0.0129741 0.601692 4.67919 0.026678 0.999548 -0.0138567 -0.478292 -0.60124 0.0271181 0.798608 13.5284 
0.769925 -0.0120777 0.63802 5.31014 0.0273819 0.999525 -0.0141221 -0.518789 -0.637547 0.0283431 0.76989 14.3052 
0.739343 -0.0155135 0.67315 5.98169 0.0324832 0.999392 -0.0126454 -0.544661 -0.672544 0.0312154 0.739398 15.05 
0.707161 -0.0145068 0.706904 6.69343 0.0323942 0.999404 -0.0118967 -0.575989 -0.70631 0.0313124 0.707209 15.7746 
0.672808 -0.0131145 0.739701 7.45228 0.0333095 0.999366 -0.0125791 -0.603841 -0.739067 0.0331024 0.672818 16.4909 
0.637041 -0.0142054 0.770699 8.22074 0.0373843 0.999223 -0.0124836 -0.635847 -0.769922 0.0367646 0.637077 17.1298 
0.600429 -0.0124215 0.799581 8.99436 0.0373828 0.999222 -0.0125491 -0.659946 -0.798803 0.0374254 0.600427 17.7321 
0.563013 -0.011698 0.826365 9.88284 0.0400477 0.999111 -0.0131416 -0.719951 -0.825477 0.0404929 0.562981 18.3063 
0.524502 -0.0104913 0.851345 10.7458 0.0453996 0.998846 -0.0156612 -0.743271 -0.850198 0.046865 0.524373 18.8172 
0.486251 -0.00972326 0.873765 11.5789 0.0470687 0.998778 -0.0150795 -0.766025 -0.872551 0.0484594 0.486114 19.2849 
0.447336 -0.0113555 0.894294 12.5082 0.0518735 0.998565 -0.0132683 -0.781706 -0.89286 0.0523255 0.447283 19.7848 
0.410444 -0.0120276 0.911806 13.4631 0.0557774 0.998372 -0.0119385 -0.808521 -0.910178 0.0557582 0.410447 20.2004 
0.375247 -0.00960555 0.926875 14.4383 0.0570282 0.998291 -0.0127424 -0.82968 -0.925169 0.0576395 0.375153 20.5789 
0.342354 -0.0106665 0.93951 15.3877 0.0580385 0.998266 -0.00981553 -0.854175 -0.937777 0.0578881 0.34238 20.9159 
0.309031 -0.0125925 0.950969 16.3624 0.0602345 0.998164 -0.00635666 -0.877403 -0.949143 0.0592455 0.309222 21.2356 
0.27596 -0.0125108 0.961088 17.376 0.060945 0.998131 -0.00450634 -0.893681 -0.959235 0.059817 0.276206 21.5445 
0.24404 -0.00955799 0.969718 18.4681 0.0593615 0.998223 -0.00510013 -0.895745 -0.967946 0.0588086 0.244174 21.8266 
0.212901 -0.00830269 0.977038 19.6038 0.0592992 0.99823 -0.00443886 -0.920052 -0.975273 0.0588826 0.213016 22.1156 
0.182405 -0.00819812 0.983189 20.6153 0.0612159 0.99812 -0.00303445 -0.939868 -0.981316 0.0607403 0.182563 22.3004 
0.151582 -0.00861111 0.988407 21.6664 0.0633559 0.99799 -0.00102173 -0.952993 -0.986412 0.0627763 0.151823 22.4705 
0.121103 -0.00905756 0.992599 22.7211 0.0614224 0.99811 0.00161384 -0.959441 -0.990738 0.0607724 0.121431 22.6113 
0.0919672 -0.00974765 0.995714 23.8129 0.0620669 0.998064 0.00403787 -0.972582 -0.993826 0.0614296 0.0923941 22.7161 
0.0648249 -0.00942547 0.997852 24.9725 0.0642511 0.99792 0.00525199 -0.97281 -0.995826 0.0637727 0.0652957 22.8144 
0.0398122 -0.00940997 0.999163 26.0797 0.0688303 0.997606 0.00665265 -0.977678 -0.996834 0.0685078 0.0403645 22.8497 
0.0169003 -0.00888339 0.999818 27.3097 0.0730617 0.997298 0.00762593 -0.959516 -0.997184 0.0729195 0.0175036 22.9051 
-0.00348705 -0.00866388 0.999956 28.648 0.0785485 0.99687 0.00891098 -0.940804 -0.996904 0.0785761 -0.0027956 22.9095 
-0.021524 -0.0090606 0.999727 29.978 0.0825864 0.996525 0.0108096 -0.923533 -0.996351 0.0827965 -0.0207009 22.9022 
-0.0375659 -0.00861956 0.999257 31.175 0.0852514 0.99629 0.0117988 -0.909574 -0.995651 0.0856313 -0.0366917 22.8677 
-0.0525276 -0.00929986 0.998576 32.483 0.0877911 0.996042 0.0138942 -0.900283 -0.994753 0.088396 -0.0515033 22.8418 
-0.0658749 -0.0107154 0.99777 33.7538 0.0877089 0.99601 0.0164872 -0.901365 -0.993966 0.0885995 -0.0646722 22.7763 
-0.0789177 -0.0105538 0.996825 35.0069 0.0872159 0.996036 0.0174502 -0.88538 -0.993059 0.0883161 -0.0776845 22.7158 
-0.0912318 -0.00739576 0.995802 36.2512 0.087227 0.996069 0.0153891 -0.86161 -0.992002 0.0882649 -0.0902281 22.6658 
-0.10154 -0.00425376 0.994822 37.5199 0.0877921 0.996051 0.0132198 -0.855413 -0.99095 0.0886798 -0.100766 22.5557 
-0.111179 -0.00184906 0.993799 38.7902 0.0882161 0.996032 0.0117221 -0.843668 -0.989877 0.0889723 -0.110574 22.4373 
-0.118324 -0.00100981 0.992974 40.1373 0.0881483 0.996041 0.0115167 -0.835237 -0.989055 0.0888917 -0.117767 22.2657 
-0.124476 -0.000356898 0.992222 41.4851 0.087597 0.996091 0.0113474 -0.832445 -0.988348 0.0883282 -0.123958 22.1151 
-0.13028 0.00116934 0.991476 42.8462 0.0880081 0.996065 0.0103895 -0.82308 -0.987563 0.0886115 -0.129871 21.9849 
-0.135327 0.00269745 0.990797 44.2241 0.0870182 0.996164 0.00917316 -0.821252 -0.986972 0.0874588 -0.135043 21.8412 
-0.139682 0.00355891 0.99019 45.598 0.0876296 0.996114 0.00878124 -0.814618 -0.986311 0.0879966 -0.139451 21.6794 
-0.143167 0.00255268 0.989695 46.9998 0.0871048 0.996149 0.010031 -0.802346 -0.985858 0.0876433 -0.142838 21.5085 
-0.145426 0.000514589 0.989369 48.4421 0.0879768 0.996045 0.0124134 -0.796225 -0.98545 0.0888468 -0.144896 21.3151 
-0.148357 -0.000934671 0.988933 49.8818 0.0864242 0.996161 0.0139065 -0.801207 -0.98515 0.0875309 -0.147707 21.1313 
-0.151067 -0.000209833 0.988523 51.3076 0.0887378 0.99596 0.0137723 -0.786535 -0.984533 0.0897999 -0.150438 20.9476 
-0.15235 -0.000300462 0.988326 52.7682 0.0879337 0.99603 0.0138577 -0.77189 -0.984407 0.0890184 -0.151719 20.7571 
-0.153379 0.000788367 0.988167 54.2769 0.0900399 0.995851 0.013181 -0.766983 -0.984057 0.0909962 -0.152813 20.5431 
-0.153948 0.00118327 0.988078 55.7818 0.0898105 0.995877 0.0128003 -0.75441 -0.983989 0.0907104 -0.153419 20.3517 
-0.153249 0.00221491 0.988185 57.317 0.0904665 0.99583 0.0117976 -0.753868 -0.984038 0.0912057 -0.15281 20.1273 
-0.152525 0.00195313 0.988298 58.8551 0.0907961 0.995797 0.0120446 -0.75139 -0.98412 0.0915707 -0.152061 19.9127 
-0.150757 0.000828596 0.98857 60.4433 0.0900504 0.995854 0.0128979 -0.747193 -0.984461 0.0909656 -0.150207 19.6755 
-0.149642 0.00151772 0.988739 62.0353 0.0917246 0.995708 0.0123537 -0.736516 -0.984476 0.0925403 -0.149139 19.4471 
-0.148626 0.00235487 0.988891 63.6758 0.0915466 0.995736 0.0113878 -0.71368 -0.984647 0.0922221 -0.148207 19.2186 
-0.147679 0.00276126 0.989031 65.2973 0.092586 0.995643 0.0110449 -0.711898 -0.984692 0.0932016 -0.147292 18.9928 
-0.14646 0.00254354 0.989213 66.9469 0.0927457 0.995627 0.0111716 -0.701053 -0.984859 0.0933815 -0.146056 18.7605 
-0.145758 0.000828621 0.98932 68.5939 0.0941255 0.995475 0.0130338 -0.686115 -0.984832 0.09502 -0.145176 18.5399 
-0.145438 -0.00105981 0.989367 70.2888 0.0956709 0.995298 0.0151299 -0.678068 -0.984731 0.0968541 -0.144653 18.3218 
-0.145006 0.00018618 0.989431 72.0405 0.0969959 0.995186 0.0140279 -0.655214 -0.984665 0.0980048 -0.144326 18.0975 
-0.144544 0.00162558 0.989497 73.7472 0.0984627 0.995059 0.0127484 -0.651075 -0.984587 0.0992713 -0.14399 17.8795 
-0.143844 0.00113715 0.9896 75.4272 0.097785 0.995122 0.01307 -0.647961 -0.984757 0.0986481 -0.143253 17.65 
-0.143931 0.000803492 0.989587 77.1007 0.0979676 0.995099 0.0134409 -0.639653 -0.984726 0.098882 -0.143304 17.4283 
-0.14338 -0.000401894 0.989668 78.822 0.0981061 0.995069 0.0146173 -0.631699 -0.984793 0.0991883 -0.142633 17.1798 
-0.143161 -0.000160232 0.989699 80.6058 0.0996835 0.994912 0.0145803 -0.619151 -0.984666 0.100744 -0.142416 16.9373 
-0.143481 -0.000561464 0.989653 82.3972 0.101365 0.994732 0.0152603 -0.613644 -0.984448 0.102506 -0.142668 16.7199 
-0.142867 0.000143114 0.989742 84.1733 0.101995 0.994678 0.0145788 -0.604244 -0.984472 0.103032 -0.142121 16.453 
-0.143446 0.000510725 0.989658 85.9473 0.101654 0.994718 0.0142208 -0.607222 -0.984423 0.102643 -0.14274 16.217 
-0.14439 0.00100284 0.98952 87.7468 0.101039 0.994788 0.0137354 -0.598009 -0.984349 0.101964 -0.143739 15.9846 
-0.145227 0.00144979 0.989397 89.5893 0.100168 0.994882 0.0132451 -0.581108 -0.984315 0.101029 -0.144629 15.736 
-0.145864 0.000687022 0.989304 91.4182 0.0992831 0.994961 0.0139474 -0.566273 -0.98431 0.100256 -0.145197 15.4774 
-0.147065 -4.85545e-05 0.989127 93.2275 0.0998491 0.994891 0.0148945 -0.571064 -0.984074 0.100954 -0.146309 15.244 
-0.146792 -0.00128439 0.989167 95.0851 0.0975115 0.995109 0.0157627 -0.56599 -0.984349 0.0987689 -0.145949 14.9539 
-0.149789 -0.00075506 0.988718 96.8801 0.097373 0.995127 0.0155118 -0.574561 -0.983911 0.0985979 -0.148986 14.7705 
-0.152331 -0.000335469 0.988329 98.7486 0.0958006 0.995286 0.0151035 -0.568932 -0.983675 0.0969833 -0.151581 14.5119 
-0.155835 0.000349538 0.987783 100.623 0.0965277 0.995219 0.0148762 -0.557308 -0.983055 0.0976667 -0.155123 14.2102 
-0.159974 -0.000465477 0.987121 102.502 0.0954431 0.995307 0.0159369 -0.5438 -0.982496 0.0967634 -0.159179 13.9231 
-0.16486 -0.00146383 0.986316 104.424 0.093564 0.995466 0.0171163 -0.530239 -0.981869 0.0951055 -0.163976 13.633 
-0.16929 -0.000880922 0.985566 106.313 0.0925252 0.995569 0.0167828 -0.518574 -0.981213 0.0940308 -0.168459 13.3313 
-0.173552 0.000561644 0.984824 108.217 0.0932049 0.995521 0.0158574 -0.510701 -0.980404 0.0945425 -0.172827 13.0106 
-0.177754 0.00275855 0.984071 110.161 0.0933613 0.995533 0.0140732 -0.48896 -0.979636 0.0943757 -0.177218 12.6716 
-0.183159 0.00292923 0.983079 112.057 0.0920096 0.995657 0.0141756 -0.482384 -0.978768 0.0930491 -0.182633 12.3678 
-0.188147 0.0025809 0.982137 114.052 0.0898846 0.995845 0.0146021 -0.465167 -0.978019 0.0910264 -0.187597 12.0232 
-0.193605 0.00191328 0.981078 116.012 0.0878924 0.996011 0.0154021 -0.454101 -0.977135 0.0892112 -0.193001 11.6747 
-0.198969 0.00164513 0.980004 117.998 0.087505 0.996034 0.0160939 -0.433011 -0.976091 0.0889574 -0.198324 11.2949 
-0.204358 0.00160073 0.978895 119.959 0.0880896 0.995971 0.0167612 -0.419822 -0.974925 0.0896558 -0.203675 10.9092 
-0.209527 0.0029993 0.977798 121.908 0.088622 0.995938 0.0159353 -0.407829 -0.973778 0.0899934 -0.208941 10.5155 
-0.21505 0.00425204 0.976594 123.858 0.0891373 0.995902 0.0152922 -0.398138 -0.972527 0.0903395 -0.214547 10.1145 
-0.220825 0.00430503 0.975304 125.809 0.0902639 0.995789 0.0160417 -0.385654 -0.971127 0.0915771 -0.220284 9.69498 
-0.226135 0.0043409 0.974086 127.801 0.0892782 0.995873 0.016288 -0.370078 -0.969996 0.090648 -0.225589 9.2699 
-0.231505 0.00505767 0.97282 129.813 0.0881999 0.995977 0.0158111 -0.35362 -0.968827 0.089463 -0.23102 8.82043 
-0.236924 0.0054736 0.971513 131.814 0.0873777 0.996051 0.0156969 -0.333373 -0.967591 0.0886076 -0.236466 8.38102 
-0.241422 0.00503232 0.970407 133.825 0.0884889 0.995935 0.0168498 -0.320653 -0.966377 0.0899382 -0.240885 7.92471 
-0.245304 0.00522202 0.969432 135.829 0.0921964 0.995579 0.0179663 -0.317713 -0.965052 0.0937854 -0.244701 7.44282 
-0.24809 0.00626524 0.968717 137.856 0.0938699 0.995429 0.0176022 -0.290669 -0.964178 0.0953003 -0.247544 6.91685 
-0.251003 0.00690293 0.967962 139.858 0.094114 0.995411 0.0173061 -0.269731 -0.9634 0.0954427 -0.250501 6.41744 
-0.253724 0.00668653 0.967254 141.878 0.0932035 0.995492 0.0175667 -0.250794 -0.962776 0.0946085 -0.253203 5.89905 
-0.257192 0.00706357 0.966334 143.85 0.0915255 0.995656 0.0170817 -0.237447 -0.962016 0.0928375 -0.256721 5.39083 
-0.26151 0.00760746 0.965171 145.842 0.0911721 0.995692 0.0168547 -0.237832 -0.960885 0.0924043 -0.261077 4.89679 
-0.265799 0.00750182 0.963999 147.907 0.0906476 0.995734 0.017245 -0.218648 -0.959757 0.0919679 -0.265345 4.36143 
-0.2701 0.0077964 0.962801 149.952 0.0904969 0.995746 0.0173244 -0.215272 -0.95857 0.0918098 -0.269657 3.81557 
-0.274664 0.0081604 0.961506 152.027 0.0899107 0.995801 0.0172324 -0.203672 -0.957327 0.0911827 -0.274244 3.28167 
-0.278937 0.00825486 0.960274 154.053 0.089709 0.995814 0.0174979 -0.182106 -0.95611 0.0910261 -0.27851 2.71968 
-0.283379 0.00780225 0.958976 156.103 0.0894084 0.995826 0.0183181 -0.162529 -0.954831 0.0909315 -0.282894 2.16894 
-0.2879 0.00834251 0.957624 158.15 0.0902268 0.99575 0.0184511 -0.12178 -0.9534 0.0917155 -0.28743 1.61249 
-0.292354 0.00919456 0.956266 160.217 0.0913411 0.99565 0.0183519 -0.107236 -0.951938 0.0927117 -0.291922 1.02704 
-0.295526 0.0104332 0.955278 162.277 0.0916729 0.995636 0.017486 -0.0900602 -0.950926 0.0927406 -0.295192 0.419512 
-0.299141 0.0115846 0.954139 164.272 0.0912869 0.995687 0.016531 -0.0882109 -0.949832 0.0920455 -0.298908 -0.15606 
-0.302799 0.0126725 0.95297 166.329 0.0925544 0.995576 0.0161693 -0.0764579 -0.94855 0.0930976 -0.302632 -0.756116 
-0.306232 0.0131785 0.951866 168.328 0.0919839 0.995635 0.0158083 -0.070205 -0.947502 0.0923973 -0.306108 -1.36247 
-0.309627 0.0131845 0.950766 170.374 0.0922749 0.995601 0.016244 -0.0647227 -0.94637 0.0927615 -0.309482 -1.99779 
-0.313677 0.0133027 0.949436 172.497 0.0918687 0.995636 0.0164017 -0.058413 -0.945075 0.0923684 -0.31353 -2.64942 
-0.317457 0.0141553 0.948167 174.544 0.0938356 0.99545 0.0165559 -0.0474002 -0.943618 0.0942276 -0.317341 -3.29041 
-0.32098 0.0142812 0.946978 176.637 0.095482 0.99528 0.017354 -0.0424487 -0.942261 0.0959897 -0.320828 -3.94939 
-0.323479 0.0138035 0.946135 178.76 0.0963759 0.995174 0.0184314 -0.0281986 -0.941314 0.0971467 -0.323248 -4.6463 
-0.32607 0.0132005 0.945253 180.913 0.0955497 0.995242 0.0190617 0.00510957 -0.940504 0.0965342 -0.32578 -5.36942 
-0.328664 0.0136703 0.944348 182.99 0.0943732 0.995366 0.0184361 0.0217554 -0.93972 0.0951805 -0.328431 -6.07205 
-0.331799 0.0151592 0.943228 185.028 0.0924436 0.995581 0.0165182 0.026849 -0.938809 0.0926762 -0.331735 -6.7442 
-0.334864 0.0166512 0.942119 187.091 0.091578 0.995686 0.0149522 0.0300848 -0.937806 0.0912844 -0.334944 -7.44318 
-0.338091 0.0174976 0.940951 189.185 0.0909513 0.995755 0.0141627 0.0387022 -0.936708 0.090369 -0.338247 -8.15687 
-0.341976 0.0178792 0.939538 191.271 0.0884672 0.995991 0.013247 0.0349863 -0.935535 0.0876485 -0.342187 -8.86471 
-0.345855 0.0179802 0.938116 193.373 0.0893665 0.995902 0.0138589 0.03883 -0.934023 0.0886293 -0.346044 -9.57594 
-0.349576 0.0173542 0.936747 195.513 0.0894397 0.99588 0.0149274 0.0314945 -0.932629 0.0890007 -0.349688 -10.3414 
-0.353463 0.016631 0.9353 197.61 0.089121 0.995893 0.0159716 0.0259836 -0.931193 0.0890003 -0.353494 -11.0713 
-0.357382 0.0162996 0.933816 199.682 0.0895432 0.99584 0.0168869 0.0200471 -0.929656 0.089652 -0.357355 -11.8123 
-0.361212 0.0163666 0.93234 201.647 0.0882408 0.995959 0.0167032 0.0304676 -0.928299 0.0883038 -0.361196 -12.5549 
-0.364991 0.0168612 0.930858 203.772 0.0873324 0.996047 0.0162011 0.0329328 -0.926906 0.0872073 -0.365021 -13.3346 
-0.368239 0.0172805 0.929571 205.892 0.087344 0.996048 0.016084 0.0241897 -0.925619 0.0871152 -0.368293 -14.14 
-0.370874 0.0179077 0.928511 208.016 0.087752 0.996016 0.015841 0.0281849 -0.924528 0.0873537 -0.370968 -14.9515 
-0.373224 0.0177957 0.927571 210.156 0.0892003 0.995872 0.0167852 0.0385201 -0.923443 0.0890042 -0.373271 -15.7815 
-0.375541 0.0171164 0.926648 212.297 0.0904001 0.995738 0.0182436 0.0430461 -0.922386 0.0906203 -0.375488 -16.621 
-0.378883 0.0174826 0.92528 214.335 0.0904899 0.99573 0.01824 0.0334689 -0.92101 0.0906393 -0.378847 -17.369 
-0.381704 0.0183331 0.924103 216.509 0.0903384 0.995756 0.0175599 0.0455964 -0.919859 0.0901847 -0.38174 -18.2283 
-0.384469 0.018365 0.922955 218.618 0.0900081 0.995784 0.0176798 0.0400498 -0.91874 0.0898708 -0.384501 -19.0603 
-0.387495 0.019447 0.921667 220.741 0.0893906 0.995859 0.0165698 0.0406346 -0.917528 0.0888091 -0.387628 -19.913 
-0.39072 0.0203307 0.920285 222.714 0.0885597 0.995949 0.0155969 0.0441701 -0.91624 0.0875942 -0.390937 -20.7184 
-0.393095 0.02017 0.919277 224.769 0.0864057 0.996146 0.0150916 0.035894 -0.915429 0.0853632 -0.393323 -21.5433 
-0.396559 0.0206744 0.917776 226.859 0.0865922 0.996131 0.0149758 0.0208354 -0.913916 0.0854111 -0.396815 -22.3857 
-0.399226 0.0198119 0.916638 228.914 0.0881085 0.995968 0.0168476 0.00248246 -0.912609 0.0874896 -0.399362 -23.2256 
-0.402469 0.0189924 0.915236 230.874 0.0886609 0.995893 0.0183219 0.00446611 -0.91113 0.0885197 -0.4025 -24.0151 
-0.405525 0.0185867 0.913895 232.865 0.0878675 0.995956 0.018734 -0.00735791 -0.909851 0.0878988 -0.405519 -24.8561 
-0.408557 0.0186316 0.912543 234.893 0.0864781 0.996084 0.0183799 -0.0116587 -0.908627 0.0864242 -0.408568 -25.7103 
-0.412384 0.0180064 0.910832 236.991 0.0846021 0.996241 0.0186091 -0.00915198 -0.907073 0.0847324 -0.412357 -26.6038 
-0.415676 0.0169105 0.909356 239.045 0.0835714 0.996307 0.0196738 -0.0123578 -0.905665 0.0841741 -0.415554 -27.4987 
-0.420108 0.0168222 0.907318 240.969 0.0838668 0.996269 0.0203607 -0.0583414 -0.90359 0.0846476 -0.419951 -28.2381 
-0.424099 0.0164843 0.905466 243.106 0.0831554 0.996319 0.0208097 -0.0450728 -0.90179 0.0841198 -0.423909 -29.1924 
-0.427717 0.0160936 0.903769 245.036 0.0821192 0.996399 0.0211205 -0.0112252 -0.900175 0.0832505 -0.427498 -30.0915 
-0.431802 0.0161509 0.901824 247.057 0.0818899 0.996412 0.0213647 -0.00927566 -0.898243 0.0830755 -0.431575 -30.9674 
-0.435759 0.0169412 0.899904 249.176 0.0820158 0.996411 0.0209564 0.0132262 -0.896319 0.0829383 -0.435585 -31.9406 
-0.439312 0.0176505 0.898161 251.338 0.082383 0.996385 0.0207146 0.0337021 -0.894549 0.0830934 -0.439178 -32.9512 
-0.443689 0.0178764 0.896002 253.465 0.0826799 0.996353 0.0210634 0.0529632 -0.892359 0.083427 -0.443549 -33.846 
-0.447005 0.0180795 0.894349 255.559 0.0814568 0.996465 0.0205692 0.050204 -0.890815 0.0820453 -0.446897 -34.8483 
-0.450324 0.0182815 0.892678 257.701 0.0819996 0.996412 0.0209599 0.0645843 -0.889092 0.082638 -0.450208 -35.9027 
-0.454175 0.0189509 0.890711 259.824 0.0822018 0.9964 0.0207152 0.10447 -0.887112 0.0826264 -0.454098 -36.903 
-0.457551 0.0200117 0.888958 261.922 0.0841558 0.996234 0.0208887 0.11464 -0.885192 0.0843687 -0.457512 -37.9314 
-0.461326 0.0219602 0.886959 263.898 0.0855539 0.996136 0.0198351 0.131949 -0.883096 0.0850333 -0.461423 -38.9005 
-0.463869 0.0229193 0.885607 265.951 0.0874355 0.995969 0.020022 0.153989 -0.881579 0.0867211 -0.464003 -39.9401 
-0.466383 0.0249373 0.884231 267.99 0.089219 0.995831 0.0189733 0.163426 -0.880072 0.0877391 -0.466663 -40.9787 
-0.468974 0.0276384 0.882779 270.02 0.0911285 0.99569 0.0172382 0.188976 -0.878498 0.0885306 -0.469471 -42.0089 
-0.471936 0.0277927 0.881195 272.023 0.0915925 0.99564 0.0176512 0.191025 -0.876862 0.0890411 -0.472424 -43.0484 
-0.474917 0.0288349 0.879558 274.159 0.0916034 0.995653 0.0168203 0.221192 -0.87525 0.0885587 -0.475495 -44.1656 
-0.477835 0.0288457 0.877976 276.324 0.0910059 0.995708 0.0168158 0.250808 -0.873723 0.0879362 -0.478409 -45.3297 
-0.481518 0.030066 0.87592 278.473 0.0916399 0.99566 0.0162009 0.265868 -0.871632 0.0880703 -0.482184 -46.448 
-0.484371 0.0304065 0.874334 280.583 0.0905152 0.995774 0.0155145 0.286495 -0.870168 0.0866554 -0.485076 -47.5917 
-0.48711 0.0303022 0.872814 282.745 0.0886536 0.995951 0.0148995 0.312718 -0.868829 0.0846358 -0.487825 -48.7562 
-0.489621 0.030963 0.871385 284.796 0.0911307 0.995713 0.0158243 0.308495 -0.86716 0.0871579 -0.490344 -49.8578 
-0.492726 0.0311204 0.869628 286.892 0.092542 0.995567 0.0168065 0.302894 -0.865249 0.0887581 -0.493422 -50.9042 
-0.495072 0.0309949 0.868299 289.019 0.0932914 0.995482 0.0176564 0.324574 -0.863829 0.089746 -0.495727 -52.0841 
-0.496543 0.0310341 0.867457 291.225 0.0931232 0.995497 0.0176899 0.369777 -0.863002 0.0895641 -0.497198 -53.3191 
-0.498964 0.0299885 0.866104 293.402 0.0926422 0.99552 0.0189018 0.382447 -0.861657 0.0896691 -0.499507 -54.4957 
-0.501512 0.0309539 0.864597 295.58 0.0945606 0.995334 0.0192156 0.439538 -0.859967 0.0913937 -0.502099 -55.723 
-0.50417 0.0306715 0.863059 297.704 0.0955851 0.995211 0.0204697 0.42999 -0.858298 0.0928158 -0.504687 -56.868 
-0.506139 0.0314667 0.861877 299.883 0.0944643 0.995344 0.0191349 0.468806 -0.857263 0.0911016 -0.506756 -58.0968 
-0.508704 0.0339092 0.860273 302.044 0.0944813 0.995388 0.0166345 0.496692 -0.855741 0.0897418 -0.509562 -59.3069 
-0.51219 0.0330914 0.858234 304.13 0.0927131 0.995549 0.0169447 0.507848 -0.853853 0.0882485 -0.512978 -60.5002 
-0.515762 0.0325333 0.856114 306.12 0.0916284 0.995642 0.0173656 0.531796 -0.851818 0.0874009 -0.516495 -61.6125 
-0.519324 0.0319716 0.853979 308.105 0.0905419 0.995734 0.0177819 0.556774 -0.849767 0.0865554 -0.520004 -62.7329 
-0.524097 0.0316559 0.85107 310.319 0.0905734 0.995713 0.0187399 0.588798 -0.846828 0.0869058 -0.524718 -64.0389 
-0.528278 0.0316359 0.848482 312.535 0.0913684 0.995621 0.0197654 0.607972 -0.844141 0.0879661 -0.528856 -65.3643 
-0.532217 0.0331468 0.845959 314.813 0.093377 0.995435 0.0197425 0.64942 -0.841443 0.0895004 -0.532883 -66.7703 
-0.536023 0.0349456 0.84348 317.117 0.0971122 0.995062 0.020488 0.664868 -0.838599 0.0928942 -0.53677 -68.2233 
-0.540309 0.0352249 0.840729 319.278 0.0987925 0.994869 0.0218075 0.685368 -0.835647 0.0948406 -0.541016 -69.4989 
-0.544594 0.0342391 0.838001 321.445 0.0989835 0.994807 0.0236808 0.72469 -0.832838 0.0958447 -0.545155 -70.8429 
-0.548431 0.0325631 0.835561 323.644 0.0979017 0.99487 0.0254873 0.742795 -0.830445 0.0957809 -0.548805 -72.2285 
-0.552127 0.032653 0.83312 325.874 0.0968816 0.994977 0.0252087 0.78566 -0.828112 0.0946324 -0.552517 -73.6531 
-0.556368 0.0321573 0.830313 328.019 0.0961354 0.995032 0.0258807 0.830055 -0.825356 0.0942217 -0.556695 -75.0332 
-0.559993 0.031898 0.827883 330.214 0.0963672 0.994984 0.0268479 0.876269 -0.822873 0.0948154 -0.560258 -76.4932 
-0.56427 0.0306426 0.825021 332.39 0.0955035 0.995025 0.0283624 0.905697 -0.820048 0.0947965 -0.564389 -77.9457 
-0.567994 0.0298968 0.82249 334.571 0.0945657 0.995092 0.0291342 0.946236 -0.817582 0.0943274 -0.568033 -79.3714 
-0.571488 0.0288571 0.820103 336.634 0.0933513 0.99518 0.0300341 0.992017 -0.815283 0.0937218 -0.571428 -80.7459 
-0.574602 0.0282979 0.817943 338.826 0.0932253 0.99516 0.0310614 1.03506 -0.813106 0.094101 -0.57446 -82.2103 
-0.577146 0.0269013 0.816198 340.988 0.0901683 0.995445 0.0309502 1.07504 -0.811648 0.091458 -0.576943 -83.7083 
-0.578609 0.0257131 0.815199 343.185 0.0883218 0.9956 0.0312853 1.12868 -0.810808 0.0901019 -0.578335 -85.2613 
-0.582107 0.0249463 0.812729 345.335 0.0852636 0.995891 0.0305005 1.16931 -0.808629 0.0870508 -0.581842 -86.7332 
-0.584911 0.0218768 0.810802 347.452 0.081832 0.996127 0.0321562 1.23079 -0.806959 0.0851581 -0.584436 -88.1919 
-0.588087 0.0212521 0.808518 349.63 0.0814443 0.996129 0.0330561 1.2838 -0.804686 0.0852891 -0.587542 -89.7272 
-0.590389 0.0210726 0.806844 351.759 0.0809423 0.996165 0.0332104 1.32713 -0.80305 0.0849148 -0.58983 -91.2737 
-0.593722 0.0203575 0.804413 353.904 0.0791115 0.996313 0.0331766 1.38799 -0.800772 0.083336 -0.593144 -92.7685 
-0.596508 0.0166437 0.802434 355.998 0.0762507 0.996438 0.036015 1.44382 -0.798977 0.0826694 -0.595653 -94.2801 
-0.599534 0.0142913 0.800222 358.186 0.0736958 0.996579 0.0374155 1.51057 -0.796949 0.0814049 -0.598536 -95.8488 
-0.602538 0.0135245 0.797975 360.348 0.0727941 0.99662 0.0380744 1.58255 -0.794763 0.0810292 -0.601486 -97.4235 
-0.605074 0.0134616 0.796055 362.556 0.0721135 0.996674 0.0379585 1.65314 -0.792897 0.0803741 -0.604032 -99.0443 
-0.607873 0.0129048 0.793929 364.637 0.0718874 0.996656 0.0388405 1.71229 -0.790774 0.0806836 -0.606768 -100.582 
-0.610486 0.0120753 0.791935 366.852 0.071033 0.996689 0.0395604 1.78378 -0.788835 0.0804046 -0.609323 -102.233 
-0.613051 0.0102482 0.789977 368.892 0.0674365 0.996945 0.0394 1.84266 -0.78716 0.0774275 -0.61187 -103.781 
-0.614428 0.00622267 0.788948 371.104 0.0573526 0.997676 0.0367968 1.89776 -0.786885 0.0678572 -0.613357 -105.502 
-0.618388 0.00915302 0.785819 373.239 0.0498731 0.998374 0.027618 1.94758 -0.784289 0.0562699 -0.617839 -107.047 
-0.621057 0.0193163 0.783527 375.308 0.0602141 0.997917 0.0231265 1.98921 -0.781449 0.0615423 -0.620927 -108.641 
-0.622333 0.0205911 0.782482 377.441 0.067913 0.997305 0.0277692 2.01756 -0.779801 0.0704224 -0.622054 -110.218 
-0.624349 0.0109962 0.781068 379.36 0.0668982 0.99698 0.0394393 2.02805 -0.778275 0.0768759 -0.6232 -111.709 
-0.626924 0.000142028 0.779081 381.489 0.0600971 0.997029 0.0481781 2.12288 -0.776759 0.0770245 -0.62507 -113.368 
-0.630557 -0.0064641 0.776116 383.544 0.0534221 0.997232 0.0517086 2.1987 -0.774302 0.074067 -0.628467 -114.92 
-0.633388 -0.00675375 0.773804 385.616 0.0527114 0.997263 0.0518503 2.28735 -0.772037 0.0736298 -0.631299 -116.519 
-0.636153 -0.000835272 0.771562 387.762 0.0587205 0.997047 0.0494944 2.37732 -0.769325 0.0767925 -0.634226 -118.21 
-0.637625 0.0056411 0.770327 389.855 0.0632192 0.996983 0.0450277 2.46184 -0.767749 0.0774102 -0.636058 -119.919 
-0.640125 0.0082437 0.768226 391.917 0.0641331 0.997026 0.04274 2.53274 -0.765589 0.0766277 -0.63875 -121.593 
-0.64294 0.0109424 0.765838 393.94 0.0654903 0.997021 0.0407351 2.57705 -0.763112 0.0763452 -0.641741 -123.252 
-0.647186 0.0106157 0.762258 395.538 0.0652583 0.997004 0.0415218 2.69841 -0.759534 0.076616 -0.64594 -124.238 
-0.651497 0.00959937 0.75859 397.276 0.0657359 0.996873 0.043841 2.71108 -0.755797 0.078429 -0.650091 -125.418 
-0.65286 0.0105241 0.757406 399.285 0.0675013 0.996734 0.0443344 2.77725 -0.754465 0.0800701 -0.651438 -127.105 
-0.654823 0.0111028 0.755701 401.183 0.0679721 0.996705 0.0442548 2.86366 -0.75272 0.0803457 -0.65342 -128.628 
-0.656781 0.0116822 0.753991 403.077 0.0684431 0.996676 0.0441765 2.94984 -0.750969 0.0806198 -0.655397 -130.157 
-0.657893 0.0113476 0.753026 405.148 0.0699081 0.996489 0.0460598 3.04235 -0.74986 0.0829451 -0.656377 -131.933 
-0.659951 0.0113502 0.751223 407.017 0.0730373 0.996119 0.049113 3.08685 -0.74775 0.0872795 -0.658218 -133.488 
-0.662224 0.0128145 0.749196 409.217 0.0760924 0.995835 0.0502259 3.24093 -0.745432 0.0902689 -0.660441 -135.356 
-0.663665 0.0129784 0.747917 411.07 0.0747718 0.995993 0.0490656 3.29704 -0.744283 0.0884863 -0.661976 -136.926 
-0.665316 0.0131007 0.746447 412.834 0.0709142 0.996434 0.0457183 3.35305 -0.743186 0.0833509 -0.663873 -138.405 
-0.66601 0.0139029 0.745813 414.604 0.0680435 0.99679 0.0421813 3.43182 -0.742832 0.0788409 -0.664819 -139.929 
-0.666707 0.0147008 0.745175 416.372 0.065175 0.997125 0.0386405 3.50244 -0.742465 0.0743287 -0.665748 -141.454 
-0.667211 0.0137475 0.744742 418.329 0.0635258 0.997237 0.0385041 3.56132 -0.742155 0.0730007 -0.666241 -143.164 
-0.668936 0.0127775 0.74321 420.277 0.0607259 0.997449 0.0375086 3.61298 -0.740836 0.070223 -0.668005 -144.781 
-0.670194 0.0117117 0.742094 422.225 0.0585391 0.997595 0.0371233 3.68609 -0.739874 0.0683213 -0.669267 -146.434 
-0.671035 0.0108043 0.741347 424.264 0.0598291 0.997422 0.0396183 3.75334 -0.739008 0.0709394 -0.669952 -148.195 
-0.670169 0.00887908 0.742155 426.213 0.0618341 0.99712 0.0439069 3.8115 -0.739628 0.0753156 -0.668788 -149.956 
-0.670207 0.00756317 0.742135 428.13 0.0657939 0.996616 0.0492604 3.8943 -0.739252 0.0818427 -0.668437 -151.633 
-0.669371 0.00635622 0.742901 430.072 0.0686897 0.99621 0.0533674 3.99921 -0.739746 0.0867523 -0.66727 -153.304 
-0.666894 0.00384215 0.745142 432.058 0.0630495 0.996692 0.0512894 4.10432 -0.74248 0.0811855 -0.66493 -155.068 
-0.665904 0.00334427 0.74603 434.055 0.0563034 0.997363 0.0457853 4.19282 -0.743909 0.0724926 -0.664337 -156.806 
-0.664691 0.000945125 0.747117 436.07 0.0508857 0.997734 0.0440095 4.27935 -0.745383 0.0672703 -0.663234 -158.524 
-0.661702 0.000568653 0.749767 438.111 0.0496084 0.997842 0.0430247 4.35628 -0.748124 0.0656643 -0.660302 -160.301 
-0.658599 0.00131596 0.752493 440.131 0.0519794 0.997689 0.0437487 4.43497 -0.750697 0.067927 -0.657145 -162.068 
-0.655497 0.000557828 0.755197 442.124 0.0521576 0.997645 0.0445349 4.51092 -0.753394 0.0685818 -0.653983 -163.776 
-0.652667 0.00171628 0.757643 444.221 0.049919 0.997922 0.0407417 4.60778 -0.755999 0.0644115 -0.651396 -165.539 
-0.650344 -0.00251409 0.759635 446.243 0.0439697 0.998193 0.0409472 4.68427 -0.758366 0.0600307 -0.649059 -167.215 
-0.64977 -0.00935281 0.760073 448.279 0.0342571 0.998548 0.0415728 4.75603 -0.759359 0.0530507 -0.648506 -168.889 
-0.650208 -0.0127641 0.759649 450.316 0.0273549 0.998817 0.0401966 4.83396 -0.759263 0.0469163 -0.64909 -170.532 
-0.648334 -0.0138965 0.761229 452.068 0.0246875 0.998924 0.0392618 4.93051 -0.760956 0.0442476 -0.647293 -172.211 
-0.647908 -0.0138607 0.761592 454.103 0.0262732 0.998833 0.0405296 5.00392 -0.761265 0.0462689 -0.646788 -173.879 
-0.646809 -0.0154209 0.762496 455.861 0.0280206 0.99864 0.0439659 5.0111 -0.762137 0.0498032 -0.645498 -175.414 
-0.645126 -0.0176492 0.763872 457.759 0.026725 0.9986 0.0456429 5.09903 -0.763608 0.0498599 -0.643751 -177.049 
-0.644051 -0.0185707 0.764757 459.753 0.0239062 0.998728 0.0443851 5.16335 -0.764609 0.0468687 -0.642788 -178.702 
-0.642008 -0.0177828 0.766492 461.737 0.022625 0.998856 0.0421241 5.23271 -0.766364 0.0443859 -0.640871 -180.365 
-0.640668 -0.0162082 0.767647 463.786 0.0236549 0.998886 0.0408326 5.31059 -0.767454 0.0443187 -0.639571 -182.058 
-0.639185 -0.0159867 0.768887 465.893 0.0253305 0.998804 0.0418247 5.39931 -0.768636 0.04621 -0.638016 -183.809 
-0.637101 -0.0156343 0.770621 468.06 0.0281024 0.998658 0.0434938 5.4974 -0.770268 0.0493663 -0.635807 -185.608 
-0.635533 -0.0160079 0.771908 470.148 0.0278029 0.998662 0.0436013 5.57885 -0.771573 0.0491714 -0.634237 -187.31 
-0.635163 -0.0172044 0.772186 471.876 0.0262414 0.998694 0.0438358 5.65924 -0.771932 0.0481062 -0.633882 -188.539 
-0.634221 -0.0182472 0.772936 473.921 0.0254145 0.998689 0.0444301 5.73633 -0.772734 0.0478223 -0.632926 -190.173 
-0.634079 -0.0200814 0.773007 475.632 0.0243803 0.998646 0.0459416 5.72337 -0.772884 0.0479768 -0.632731 -191.315 
-0.632523 -0.0188187 0.774312 477.685 0.0244103 0.998724 0.044213 5.8086 -0.774156 0.046867 -0.631257 -192.961 
-0.631342 -0.0157135 0.775345 479.764 0.0277291 0.998698 0.0428191 5.90122 -0.775008 0.0485332 -0.630085 -194.595 
-0.630149 -0.0126108 0.776371 481.846 0.0310456 0.998659 0.0414199 5.99 -0.775853 0.0502037 -0.628913 -196.227 
-0.629154 -0.0142173 0.777151 483.969 0.0300193 0.998642 0.0425718 6.07072 -0.776701 0.0501138 -0.627873 -197.905 
-0.629108 -0.0147581 0.777178 485.977 0.0295814 0.998641 0.042909 6.14184 -0.776755 0.0499844 -0.627817 -199.455 
-0.628416 -0.0157441 0.777718 487.539 0.0286769 0.998647 0.0433881 6.14664 -0.777348 0.0495683 -0.627114 -200.817 
-0.627424 -0.0158723 0.778516 489.113 0.0294721 0.998592 0.0441113 6.14632 -0.77812 0.050621 -0.626072 -202.145 
-0.627704 -0.015445 0.778299 491.072 0.0299171 0.998586 0.0439447 6.21448 -0.777877 0.0508687 -0.626354 -203.682 
-0.628547 -0.0171549 0.777582 492.928 0.0289851 0.998546 0.0454593 6.27546 -0.777231 0.0511116 -0.627136 -204.698 
-0.628151 -0.0180258 0.777882 494.888 0.0285405 0.998525 0.0461856 6.38223 -0.777568 0.0512127 -0.62671 -205.817 
-0.62742 -0.0180531 0.778472 496.699 0.0284741 0.998531 0.0461054 6.44266 -0.77816 0.0510938 -0.625984 -207.289 
-0.627435 -0.0183629 0.778452 498.276 0.0270498 0.998604 0.0453582 6.56509 -0.778199 0.0495163 -0.626063 -208.689 
-0.62799 -0.0172665 0.778029 499.936 0.0278806 0.998613 0.0446658 6.8011 -0.777721 0.0497416 -0.626638 -209.994 
-0.62686 -0.0162033 0.778963 501.941 0.0292767 0.998588 0.0443317 6.89355 -0.778581 0.0505953 -0.625501 -211.605 
-0.625481 -0.0130533 0.78013 504.058 0.0335188 0.998487 0.043581 6.98753 -0.779519 0.0534081 -0.624098 -213.37 
-0.624443 -0.0123326 0.780973 505.872 0.0338601 0.998508 0.0428413 7.05389 -0.780336 0.0531958 -0.623094 -214.753 
-0.625153 -0.0115737 0.780416 507.829 0.0339468 0.998541 0.0420016 7.2145 -0.779763 0.05275 -0.623848 -215.693 
-0.625283 -0.0121655 0.780303 509.942 0.0338313 0.998516 0.0426777 7.29812 -0.779665 0.0530843 -0.623943 -217.316 
-0.623272 -0.0131551 0.781894 512.012 0.0337837 0.998472 0.0437289 7.38272 -0.781275 0.0536703 -0.621876 -218.954 
-0.622674 -0.0136283 0.782363 514.338 0.034573 0.998393 0.0449075 7.52929 -0.781717 0.0550114 -0.621202 -220.644 
-0.622657 -0.0126016 0.782393 516.819 0.0373474 0.998252 0.0458007 7.73327 -0.781603 0.0577385 -0.621098 -222.343 
-0.622547 -0.0118658 0.782493 518.685 0.0383359 0.998222 0.0456368 7.80461 -0.781643 0.0584086 -0.620985 -223.841 
-0.622662 -0.012377 0.782393 519.878 0.0380509 0.998213 0.0460737 7.88376 -0.781565 0.0584591 -0.621078 -225.031 
-0.623152 -0.0137149 0.781981 521.242 0.0371217 0.998201 0.0470888 7.85558 -0.781219 0.0583719 -0.621521 -226.141 
-0.623431 -0.0147882 0.781738 522.893 0.0357912 0.998233 0.0474268 7.88456 -0.781059 0.0575467 -0.6218 -227.546 
-0.623873 -0.0143075 0.781395 525.058 0.0352969 0.998296 0.0464603 7.98853 -0.780728 0.0565662 -0.622305 -229.177 
-0.624043 -0.0152377 0.781241 527.153 0.036156 0.998176 0.0483496 8.06626 -0.780553 0.0584188 -0.622354 -230.793 
-0.624299 -0.0163487 0.781014 529.444 0.0386896 0.997907 0.0518151 8.15958 -0.780227 0.0625652 -0.622359 -232.479 
-0.623275 -0.0170754 0.781816 531.232 0.0383003 0.997895 0.0523283 8.21337 -0.781064 0.0625587 -0.621309 -233.96 
-0.621729 -0.0171014 0.783045 533.04 0.0385831 0.997879 0.0524278 8.2424 -0.782281 0.0628083 -0.619751 -235.415 
-0.620181 -0.0171278 0.784272 534.851 0.0388662 0.997863 0.0525267 8.27166 -0.783495 0.0630577 -0.61819 -236.867 
-0.61863 -0.0171548 0.785495 536.665 0.0391494 0.997847 0.0526251 8.30116 -0.784706 0.0633072 -0.616626 -238.315 
-0.619148 -0.0190629 0.785043 538.493 0.0396442 0.997672 0.0554926 8.37576 -0.784273 0.0654806 -0.61695 -239.608 
-0.619766 -0.019886 0.784535 540.619 0.0406486 0.997524 0.0573962 8.49315 -0.783733 0.0674625 -0.617423 -241.183 
-0.620231 -0.0201833 0.784159 542.857 0.0445401 0.99715 0.0608944 8.63941 -0.783153 0.0726952 -0.617564 -242.785 
-0.619447 -0.020272 0.784776 544.577 0.0443387 0.997167 0.0607562 8.69615 -0.783785 0.0724312 -0.616794 -244.203 
-0.618106 -0.0216804 0.785796 546.266 0.0433338 0.99716 0.0615982 8.72831 -0.7849 0.0721257 -0.615411 -245.621 
-0.617655 -0.0220986 0.786139 548.322 0.0434584 0.997119 0.0621738 8.84487 -0.785248 0.0725663 -0.614915 -247.177 
-0.618931 -0.023183 0.785103 549.942 0.0440203 0.996969 0.0641421 8.91072 -0.784211 0.07426 -0.616035 -248.254 
-0.619706 -0.0244336 0.784453 551.857 0.0458059 0.996685 0.06723 8.9566 -0.783496 0.0775954 -0.616533 -249.609 
-0.620456 -0.024754 0.78385 554.064 0.0450674 0.996724 0.0671497 9.08965 -0.782945 0.0769896 -0.617309 -251.222 
-0.620353 -0.0242358 0.783948 556.071 0.0460197 0.996676 0.0672285 9.2061 -0.782971 0.0777825 -0.617176 -252.731 
-0.620353 -0.0242358 0.783948 558.192 0.0460197 0.996676 0.0672285 9.30759 -0.782971 0.0777825 -0.617176 -254.269 
-0.620693 -0.0262581 0.783614 559.621 0.0433204 0.996764 0.0677142 9.35267 -0.782856 0.0759762 -0.617547 -255.289 
-0.61923 -0.0281045 0.784706 561.034 0.0417736 0.996765 0.0686639 9.39878 -0.784097 0.0752988 -0.616053 -256.658 
-0.619663 -0.0273685 0.78439 562.548 0.0421219 0.996792 0.0680555 9.43754 -0.783737 0.0752115 -0.616523 -257.59 
-0.619661 -0.0272344 0.784397 563.905 0.0429753 0.996721 0.0685561 9.41251 -0.783692 0.0761912 -0.616459 -258.454 
-0.619659 -0.0271004 0.784403 565.261 0.0438285 0.996649 0.0690567 9.38814 -0.783646 0.0771708 -0.616395 -259.318 
-0.620178 -0.0279846 0.783962 566.83 0.043428 0.996606 0.0699302 9.46262 -0.783258 0.077415 -0.616858 -260.334 
-0.620719 -0.0298646 0.783464 568.702 0.0421566 0.996557 0.071387 9.36962 -0.782899 0.0773395 -0.617323 -261.469 
-0.619837 -0.0291534 0.784189 570.678 0.0419238 0.996652 0.0701893 9.50282 -0.78361 0.0763821 -0.61654 -263.02 
-0.619855 -0.0293517 0.784167 572.393 0.0415261 0.996673 0.0701307 9.63048 -0.783616 0.0760343 -0.616574 -264.171 
-0.618033 -0.0295766 0.785595 574.388 0.0414458 0.996676 0.0701292 9.77414 -0.785058 0.0759018 -0.614754 -265.712 
-0.617018 -0.0303061 0.786365 576.442 0.041228 0.996641 0.0707593 9.92165 -0.785868 0.0760801 -0.613696 -267.272 
-0.616637 -0.0306346 0.786652 578.401 0.0408939 0.996647 0.0708682 10.0378 -0.786185 0.0758692 -0.613316 -268.654 
-0.6168 -0.0319781 0.78647 580.389 0.0390364 0.996702 0.0711411 10.1667 -0.786151 0.0745808 -0.613518 -270.078 
-0.615954 -0.0326813 0.787104 582.483 0.0373181 0.996807 0.0705919 10.3227 -0.786898 0.0728546 -0.612768 -271.668 
-0.616262 -0.0322791 0.786879 584.57 0.0360854 0.996953 0.0691577 10.4642 -0.786714 0.0710141 -0.61322 -273.219 
-0.615881 -0.0321081 0.787185 586.67 0.0367829 0.996908 0.0694407 10.6176 -0.78698 0.0717221 -0.612795 -274.814 
-0.617601 -0.0329679 0.7858 588.687 0.0377569 0.996726 0.0714923 10.7071 -0.785585 0.0738231 -0.614334 -275.782 
-0.617302 -0.0346562 0.785963 590.674 0.0363336 0.996707 0.0724854 10.8407 -0.785887 0.0733023 -0.61401 -277.306 
-0.616775 -0.0338098 0.786413 592.598 0.0359709 0.996823 0.0710674 10.9899 -0.786317 0.0721206 -0.613599 -278.831 
-0.616713 -0.031862 0.786543 594.381 0.0368239 0.996919 0.0692569 11.0754 -0.786326 0.0716752 -0.61364 -280.27 
-0.615903 -0.031012 0.787211 596.026 0.0367385 0.997007 0.0680205 11.1619 -0.786965 0.070815 -0.61292 -281.462 
-0.617892 -0.0310696 0.785649 597.237 0.0365933 0.997 0.0682073 11.2661 -0.785411 0.0708943 -0.614901 -281.915 
-0.618903 -0.0313827 0.78484 598.128 0.0372811 0.996902 0.069261 11.3417 -0.784582 0.0721256 -0.615816 -282.345 
-0.619287 -0.0325526 0.784489 599.218 0.0380775 0.996719 0.071418 11.421 -0.78424 0.0740997 -0.616016 -282.846 
-0.619673 -0.0337214 0.784135 600.308 0.0388727 0.996532 0.073575 11.5025 -0.783897 0.0760739 -0.616213 -283.348 
-0.620966 -0.0333388 0.783128 601.089 0.0382455 0.996616 0.0727532 11.5717 -0.782904 0.0751284 -0.61759 -283.768 
-0.621718 -0.0335471 0.782522 601.834 0.0349938 0.996895 0.0705401 11.6554 -0.782459 0.0712395 -0.618614 -284.195 
-0.623141 -0.033825 0.781378 602.687 0.034996 0.996858 0.0710617 11.703 -0.781326 0.0716265 -0.619999 -284.61 
-0.624948 -0.034143 0.779919 603.033 0.0346091 0.996849 0.0713718 11.734 -0.779899 0.071596 -0.621797 -284.934 
-0.626045 -0.0351984 0.778992 603.73 0.0333162 0.996861 0.0718176 11.7796 -0.779075 0.0709142 -0.622907 -285.332 
-0.627536 -0.0354154 0.777782 604.504 0.0323661 0.996915 0.0715071 11.8386 -0.777914 0.0700471 -0.624454 -285.728 
-0.628817 -0.0350093 0.776765 605.511 0.0314814 0.99702 0.0704216 11.9044 -0.776916 0.068736 -0.625841 -286.319 
-0.629145 -0.0353678 0.776482 607.147 0.0316616 0.996969 0.0710645 11.9678 -0.776642 0.0692947 -0.626119 -287.395 
-0.628915 -0.0358116 0.776648 609.203 0.0322231 0.99688 0.0720601 12.11 -0.776806 0.0703458 -0.625799 -289.003 
-0.628287 -0.035465 0.777173 611.223 0.0330893 0.996838 0.0722392 12.2646 -0.777278 0.071103 -0.625127 -290.6 
-0.628029 -0.034412 0.777429 613.328 0.0333879 0.99691 0.0710987 12.4329 -0.777474 0.0706087 -0.624939 -292.235 
-0.627852 -0.0313523 0.777701 615.991 0.0362764 0.996924 0.0694766 12.7004 -0.777487 0.0718333 -0.624783 -294.226 
