1 -4.23778e-08 4.22719e-08 0 -4.23778e-08 1 -4.19404e-08 0 4.22719e-08 -4.19404e-08 1 0 
0.999997 -0.0020819 -0.00131247 -0.0238499 0.00208575 0.999993 0.00300257 -0.019 0.0013063 -0.00300538 0.999995 1.54901 
0.999991 -0.00278688 -0.00310964 -0.0394135 0.00279826 0.999989 0.00368915 -0.0347225 0.00309941 -0.0036979 0.999988 3.08891 
0.999987 -0.00209741 -0.00472626 -0.0591156 0.00211301 0.999992 0.00331513 -0.0483805 0.00471936 -0.00332516 0.999983 4.58676 
0.999981 -0.00136728 -0.00591981 -0.105046 0.00138702 0.999993 0.00334513 -0.0678146 0.00591528 -0.00335336 0.999977 6.10932 
0.999974 -0.000687647 -0.00718538 -0.15235 0.000713187 0.999993 0.00356414 -0.079873 0.00718297 -0.00356926 0.999968 7.63136 
0.999959 -0.000763882 -0.00905634 -0.188262 0.00080052 0.999991 0.00405193 -0.0998492 0.00905325 -0.0040591 0.999951 9.11716 
0.999935 -0.00275161 -0.011048 -0.210611 0.00278741 0.999991 0.00323453 -0.115088 0.0110391 -0.0032652 0.999934 10.5896 
0.999915 -0.00422842 -0.0123421 -0.251564 0.0042723 0.999985 0.00353757 -0.132481 0.0123271 -0.00359008 0.999917 12.1136 
0.999897 -0.00434325 -0.0136843 -0.288421 0.00438807 0.999985 0.00325264 -0.142833 0.0136701 -0.00331244 0.999901 13.6278 
0.999881 -0.00384257 -0.0149618 -0.328281 0.00388893 0.999988 0.00307654 -0.155269 0.0149498 -0.00313445 0.999883 15.1405 
0.999871 -0.00266616 -0.015829 -0.366848 0.00272041 0.99999 0.00341178 -0.169378 0.0158198 -0.00345449 0.999869 16.6471 
0.99986 -0.000417972 -0.0166983 -0.409189 0.000490197 0.99999 0.00432646 -0.187186 0.0166964 -0.00433412 0.999851 18.1362 
0.99985 0.000541728 -0.017312 -0.463301 -0.000454002 0.999987 0.00507577 -0.198555 0.0173146 -0.00506723 0.999837 19.6347 
0.999834 0.000174048 -0.0182384 -0.489274 -8.14905e-05 0.999987 0.00508011 -0.214977 0.0182391 -0.00507787 0.999821 21.1354 
0.999815 0.000885795 -0.0191927 -0.531252 -0.000786447 0.999986 0.00518768 -0.229134 0.0191971 -0.00517171 0.999802 22.6019 
0.999809 0.00094881 -0.0195417 -0.579764 -0.000836029 0.999983 0.00578293 -0.241647 0.019547 -0.00576557 0.999792 24.0724 
0.999802 0.00146423 -0.0198617 -0.621872 -0.00131976 0.999972 0.00728911 -0.2595 0.0198719 -0.00726154 0.999776 25.5376 
0.999795 0.00181126 -0.0201475 -0.666526 -0.00169614 0.999982 0.00573367 -0.269747 0.0201576 -0.00569841 0.99978 26.9976 
0.999782 0.00212957 -0.0207664 -0.702154 -0.00204819 0.99999 0.00394305 -0.283867 0.0207747 -0.00389974 0.999776 28.4247 
0.999779 -6.27261e-07 -0.0210032 -0.738903 7.72351e-05 0.999993 0.00365062 -0.294592 0.0210031 -0.00365152 0.999773 29.8707 
0.999783 -0.000665058 -0.020835 -0.783957 0.000796269 0.99998 0.00629394 -0.309519 0.0208305 -0.00630924 0.999763 31.2992 
0.999789 -0.00209238 -0.0204226 -0.84403 0.00225008 0.999968 0.00770564 -0.329128 0.0204059 -0.00775005 0.999762 32.6899 
0.999786 -0.00293808 -0.0204529 -0.887922 0.0030885 0.999968 0.00733061 -0.345706 0.0204308 -0.0073923 0.999764 34.0871 
0.999803 -0.00260761 -0.0196641 -0.941265 0.00270927 0.999983 0.00514886 -0.353785 0.0196504 -0.00520121 0.999793 35.4771 
0.99981 -0.00182979 -0.0193951 -0.983528 0.00191669 0.999988 0.00446706 -0.369116 0.0193868 -0.00450347 0.999802 36.8501 
0.999829 -0.000812956 -0.0184949 -1.02904 0.00087969 0.999993 0.00360496 -0.386234 0.0184919 -0.0036207 0.999822 38.2144 
0.999849 0.000221438 -0.0173734 -1.07053 -0.000145161 0.99999 0.00439645 -0.396382 0.0173743 -0.00439335 0.999839 39.5574 
0.999872 0.000682205 -0.0159545 -1.11136 -0.00057658 0.999978 0.00662935 -0.415959 0.0159587 -0.00661939 0.999851 40.8896 
0.999894 0.000227902 -0.014585 -1.14381 -0.000113582 0.999969 0.00784432 -0.440266 0.0145864 -0.00784191 0.999863 42.1553 
0.999924 0.000699081 -0.0122927 -1.17389 -0.000597283 0.999965 0.00828967 -0.450712 0.0122982 -0.00828178 0.99989 43.448 
0.999956 0.000163134 -0.00934631 -1.19579 -9.02034e-05 0.999969 0.00781198 -0.464468 0.00934738 -0.00781088 0.999926 44.743 
0.999982 -9.94447e-05 -0.00594289 -1.22383 0.0001357 0.999981 0.00611478 -0.477939 0.00594225 -0.00611556 0.999964 46.0083 
0.999996 -0.000177397 -0.00274467 -1.23355 0.000188521 0.999992 0.00408379 -0.483146 0.002744 -0.00408438 0.999988 47.2701 
1 4.04746e-05 0.000908608 -1.24271 -4.47639e-05 0.999989 0.00462816 -0.499994 -0.000908326 -0.00462828 0.999989 48.49 
0.999981 0.00020942 0.00618136 -1.25104 -0.000237952 0.999989 0.00460179 -0.515973 -0.00618024 -0.00460325 0.99997 49.7133 
0.99992 0.0022039 0.0124782 -1.25718 -0.00224768 0.999991 0.00348855 -0.528695 -0.0124703 -0.0035164 0.999916 50.9252 
0.999802 0.00324789 0.0196275 -1.25511 -0.00331995 0.999988 0.00363544 -0.547428 -0.0196154 -0.00369997 0.999801 52.1094 
0.9996 0.00413936 0.0279799 -1.23946 -0.00427039 0.99998 0.00462174 -0.559922 -0.0279601 -0.00473946 0.999598 53.2873 
0.999243 0.00637294 0.0383796 -1.21229 -0.00657924 0.999964 0.00524895 -0.575703 -0.0383447 -0.00549757 0.999249 54.4581 
0.99866 0.00872463 0.0510135 -1.16939 -0.00900302 0.999946 0.00522825 -0.590882 -0.0509651 -0.0056806 0.998684 55.6005 
0.997781 0.0103787 0.0657604 -1.11139 -0.0107707 0.999926 0.0056086 -0.603671 -0.0656973 -0.00630452 0.99782 56.7559 
0.996571 0.0124632 0.0817987 -1.04059 -0.0130667 0.999891 0.00684595 -0.615276 -0.0817044 -0.00789139 0.996625 57.8858 
0.994976 0.012285 0.0993524 -0.948092 -0.0131114 0.999885 0.00766795 -0.628341 -0.0992467 -0.00893216 0.995023 58.9999 
0.992887 0.0119257 0.118461 -0.836921 -0.0128322 0.999894 0.0068916 -0.641405 -0.118367 -0.00836277 0.992935 60.0835 
0.990333 0.011127 0.138262 -0.700004 -0.012092 0.999908 0.00614079 -0.65589 -0.13818 -0.00775336 0.990377 61.1528 
0.98721 0.0082047 0.159212 -0.537474 -0.00926149 0.99994 0.00589615 -0.662672 -0.159154 -0.00729535 0.987227 62.2146 
0.983598 0.00302915 0.180351 -0.349688 -0.0045921 0.999955 0.00824878 -0.676041 -0.180318 -0.00894175 0.983568 63.2664 
0.979088 -0.00239724 0.203425 -0.139271 0.00044625 0.999953 0.0096356 -0.68708 -0.203438 -0.00934339 0.979043 64.2977 
0.973829 -0.00773173 0.227151 0.0993103 0.00581313 0.999941 0.0091137 -0.696441 -0.227208 -0.00755479 0.973817 65.3233 
0.967628 -0.0138299 0.252 0.357118 0.0123183 0.999895 0.00757479 -0.707324 -0.252078 -0.00422545 0.967698 66.3144 
0.96045 -0.0177772 0.277884 0.639203 0.0161668 0.999837 0.00808517 -0.714336 -0.277982 -0.00327297 0.960581 67.2838 
0.952083 -0.0205503 0.305149 0.936561 0.0182214 0.999779 0.0104783 -0.722303 -0.305297 -0.00441602 0.952247 68.244 
0.942624 -0.0248406 0.332929 1.26329 0.0215958 0.999676 0.0134434 -0.728558 -0.333155 -0.00548223 0.942856 69.1906 
0.931931 -0.0277133 0.361574 1.61153 0.0245717 0.99961 0.0132842 -0.735942 -0.361801 -0.00349559 0.932249 70.1167 
0.920099 -0.0268889 0.390761 1.98198 0.0252342 0.999638 0.00936923 -0.740907 -0.390872 0.00123984 0.920444 71.0202 
0.907292 -0.0280587 0.419563 2.38201 0.0290078 0.999571 0.00411844 -0.748181 -0.419498 0.00843393 0.907717 71.8956 
0.893392 -0.0301404 0.448266 2.80454 0.0327072 0.999463 0.00201622 -0.759079 -0.448086 0.0128602 0.893898 72.7492 
0.878142 -0.0308932 0.477401 3.26501 0.0323991 0.999462 0.00508049 -0.764395 -0.477301 0.0110059 0.878671 73.6017 
0.860566 -0.029572 0.50848 3.74202 0.0278349 0.999552 0.0110228 -0.775382 -0.508578 0.00466753 0.861003 74.4493 
0.841237 -0.0298559 0.539841 4.24818 0.0258509 0.999553 0.0149964 -0.783876 -0.540047 0.00133981 0.841633 75.2496 
0.820455 -0.0238891 0.571212 4.76546 0.0219496 0.999706 0.0102821 -0.790598 -0.57129 0.00410181 0.820738 76.0181 
0.798717 -0.016726 0.601475 5.31753 0.0187232 0.99982 0.00294 -0.792621 -0.601416 0.00891326 0.798886 76.7701 
0.776445 -0.0146522 0.630014 5.8987 0.0179655 0.999838 0.00111183 -0.800294 -0.629928 0.0104552 0.776583 77.4962 
0.75342 -0.0169907 0.657319 6.50658 0.0186215 0.999816 0.00449958 -0.812683 -0.657275 0.00885016 0.753599 78.1937 
0.729286 -0.0171611 0.683994 7.12681 0.0186412 0.999813 0.0052091 -0.824961 -0.683955 0.00895151 0.729469 78.8605 
0.704561 -0.0154538 0.709475 7.76749 0.019601 0.999805 0.0023124 -0.832867 -0.709372 0.0122771 0.704727 79.4937 
0.678456 -0.0130304 0.734525 8.40738 0.0194107 0.999811 -0.000192592 -0.841085 -0.734384 0.0143883 0.678581 80.1001 
0.65161 -0.0105845 0.75848 9.08119 0.0174883 0.999846 -0.00107158 -0.853695 -0.758353 0.0139627 0.651695 80.6954 
0.623705 -0.00897612 0.781608 9.77474 0.0171201 0.999851 -0.00217907 -0.866329 -0.781472 0.0147402 0.623766 81.2638 
0.595578 -0.00264797 0.803293 10.503 0.0158285 0.999839 -0.00843983 -0.882366 -0.803141 0.0177414 0.595524 81.8003 
0.56547 0.00669959 0.824741 11.2405 0.014307 0.999737 -0.0179306 -0.902126 -0.824644 0.0219388 0.565226 82.3211 
0.534617 0.0152213 0.844957 12.0041 0.0130339 0.99957 -0.0262534 -0.92126 -0.844994 0.0250486 0.534189 82.8225 
0.503167 0.0201185 0.863955 12.7981 0.0107581 0.999506 -0.0295406 -0.947317 -0.864122 0.0241583 0.502701 83.2943 
0.470713 0.0199751 0.88206 13.6067 0.00834245 0.999598 -0.027089 -0.978707 -0.882247 0.0201096 0.470357 83.7408 
0.437546 0.018783 0.899 14.4346 0.00355361 0.999738 -0.0226174 -1.01086 -0.899189 0.0130908 0.437364 84.1619 
0.404099 0.0197318 0.914502 15.293 -0.000782905 0.999774 -0.0212258 -1.04991 -0.914715 0.00786135 0.404023 84.5267 
0.369072 0.0230626 0.929115 16.1593 -0.0079735 0.999734 -0.0216483 -1.0756 -0.929367 0.000581475 0.369158 84.8928 
0.333298 0.0253063 0.942482 17.0391 -0.0131409 0.999667 -0.0221948 -1.1033 -0.94273 -0.00498758 0.333519 85.2275 
0.297532 0.02442 0.954399 17.936 -0.0155038 0.999664 -0.020745 -1.13343 -0.954586 -0.00862451 0.297811 85.5222 
0.261483 0.0243832 0.9649 18.8634 -0.0163834 0.999649 -0.0208216 -1.1572 -0.965069 -0.0103638 0.261791 85.7816 
0.225525 0.023573 0.973952 19.7992 -0.0157322 0.999665 -0.0205526 -1.18913 -0.97411 -0.0106873 0.22582 86.0121 
0.190754 0.0224889 0.98138 20.7272 -0.0135691 0.999702 -0.0202714 -1.20969 -0.981544 -0.00944954 0.191003 86.1926 
0.156615 0.0214302 0.987427 21.7053 -0.00554496 0.999768 -0.0208186 -1.23747 -0.987644 -0.00221475 0.156697 86.3454 
0.123363 0.0247742 0.992052 22.6722 -0.0031139 0.999693 -0.0245779 -1.26852 -0.992357 -5.71648e-05 0.123402 86.4614 
0.0905692 0.0298554 0.995442 23.6235 -0.00227418 0.999554 -0.0297719 -1.29903 -0.995887 0.000432602 0.0905967 86.5596 
0.0615221 0.0334928 0.997544 24.5906 0.0044667 0.999417 -0.0338313 -1.3347 -0.998096 0.0065371 0.0613367 86.6193 
0.0357993 0.0317273 0.998855 25.5661 0.00617155 0.99947 -0.0319681 -1.37156 -0.99934 0.00730892 0.0355845 86.6634 
0.0134422 0.0285895 0.999501 26.5495 0.0083015 0.999553 -0.0287028 -1.41085 -0.999875 0.00868318 0.0131988 86.6843 
-0.00529712 0.0261722 0.999643 27.5347 0.0082793 0.999624 -0.0261279 -1.44627 -0.999952 0.00813794 -0.00551181 86.6891 
-0.022004 0.0292707 0.999329 28.5289 0.0106098 0.999522 -0.0290428 -1.4823 -0.999702 0.00996362 -0.022304 86.6753 
-0.0367406 0.0339434 0.998748 29.5213 0.0130633 0.999354 -0.0334835 -1.51418 -0.999239 0.0118167 -0.0371603 86.6477 
-0.0486371 0.0390714 0.998052 30.5095 0.0176045 0.999113 -0.0382552 -1.55453 -0.998661 0.0157096 -0.0492818 86.6017 
-0.0575009 0.0424542 0.997442 31.4926 0.0224825 0.998897 -0.0412201 -1.60343 -0.998092 0.0200548 -0.0583919 86.5514 
-0.0637075 0.0475156 0.996837 32.4958 0.0266592 0.99859 -0.0458955 -1.65803 -0.997612 0.023651 -0.0648844 86.4958 
-0.0674861 0.0521232 0.996358 33.4867 0.0280666 0.998338 -0.0503258 -1.7138 -0.997325 0.0245681 -0.0688369 86.4393 
-0.0707136 0.0561313 0.995916 34.4864 0.0304631 0.998071 -0.0540899 -1.77233 -0.997031 0.0265138 -0.0722871 86.3853 
-0.0733316 0.0591809 0.99555 35.4928 0.0303701 0.997907 -0.057084 -1.83152 -0.996845 0.0260489 -0.0749755 86.3198 
-0.0752632 0.0623691 0.995211 36.4973 0.0317563 0.997686 -0.0601226 -1.90502 -0.996658 0.0270793 -0.0770697 86.2402 
-0.0771528 0.0655868 0.99486 37.5064 0.0334937 0.997441 -0.0631596 -1.98112 -0.996456 0.0284486 -0.0791521 86.1712 
-0.0790545 0.0672433 0.9946 38.5313 0.0361219 0.99726 -0.0645522 -2.04977 -0.996216 0.0308237 -0.0812669 86.0896 
-0.0810086 0.0656123 0.994551 39.5451 0.0363114 0.997363 -0.0628402 -2.12857 -0.996052 0.031023 -0.0831774 86.017 
-0.0831037 0.0655294 0.994384 40.5639 0.0360834 0.997379 -0.0627112 -2.20058 -0.995887 0.0306692 -0.0852504 85.9442 
-0.0850992 0.066916 0.994123 41.613 0.0357614 0.997304 -0.0640689 -2.26804 -0.99573 0.030099 -0.0872628 85.8517 
-0.0874996 0.0690483 0.993769 42.6308 0.0347907 0.997198 -0.0662234 -2.34324 -0.995557 0.0287794 -0.0896567 85.7776 
-0.0900409 0.0717392 0.993351 43.6716 0.0333057 0.997061 -0.0689883 -2.41395 -0.995381 0.0268725 -0.0921656 85.6921 
-0.0924049 0.0753144 0.992869 44.7217 0.0309957 0.99687 -0.0727332 -2.4929 -0.995239 0.0240538 -0.09445 85.6021 
-0.0943217 0.0792145 0.992385 45.761 0.0280393 0.996645 -0.0768896 -2.58254 -0.995147 0.0205735 -0.0962264 85.5081 
-0.0969715 0.0815822 0.991938 46.797 0.0255435 0.996511 -0.0794613 -2.66704 -0.994959 0.0176321 -0.0987171 85.4223 
-0.0994757 0.080026 0.991817 47.8363 0.0237281 0.996668 -0.0780377 -2.75629 -0.994757 0.0157711 -0.101043 85.3248 
-0.10245 0.0759759 0.991832 48.8913 0.0208684 0.997024 -0.074218 -2.8428 -0.994519 0.0130943 -0.103731 85.2331 
-0.104889 0.0744971 0.99169 49.9397 0.0207678 0.997137 -0.0727099 -2.92753 -0.994267 0.0129687 -0.106136 85.1371 
-0.106801 0.0748094 0.991462 50.9902 0.0196295 0.99713 -0.0731227 -3.01226 -0.994087 0.0116524 -0.107963 85.0408 
-0.108084 0.0775411 0.991113 52.0485 0.0213439 0.996905 -0.0756666 -3.09757 -0.993913 0.0129759 -0.109404 84.939 
-0.108801 0.0803205 0.990813 53.1026 0.0216908 0.996685 -0.0784147 -3.18601 -0.993827 0.0129599 -0.110183 84.8373 
-0.109289 0.0811963 0.990688 54.147 0.0201472 0.996634 -0.0794611 -3.27266 -0.993806 0.0112754 -0.110557 84.7391 
-0.108939 0.0798407 0.990837 55.216 0.0172164 0.996771 -0.0784261 -3.36533 -0.993899 0.00851502 -0.109962 84.6399 
-0.108812 0.0790481 0.990914 56.2774 0.0137642 0.996857 -0.0780109 -3.4606 -0.993967 0.00515063 -0.109558 84.5294 
-0.108717 0.0800631 0.990843 57.3491 0.0101043 0.996789 -0.079435 -3.55263 -0.994021 0.00137581 -0.109177 84.4294 
-0.109238 0.0802348 0.990772 58.4079 0.0059005 0.996772 -0.0800702 -3.64447 -0.993998 -0.00290063 -0.109358 84.3363 
-0.109998 0.079655 0.990735 59.4905 0.00253849 0.996803 -0.0798611 -3.73932 -0.993929 -0.00626957 -0.109848 84.2433 
-0.110216 0.0745163 0.99111 60.5807 0.00315239 0.997207 -0.0746242 -3.82962 -0.993903 -0.00510038 -0.110143 84.14 
-0.11071 0.0657467 0.991676 61.686 0.00617923 0.997836 -0.0654653 -3.91577 -0.993833 -0.00111986 -0.110877 84.0365 
-0.110567 0.060036 0.992054 62.7826 0.0119537 0.998182 -0.0590747 -3.99982 -0.993797 0.00532704 -0.111084 83.9251 
-0.109765 0.0624092 0.991996 63.8842 0.0203181 0.997959 -0.0605362 -4.07322 -0.99375 0.0135107 -0.110809 83.801 
-0.108694 0.067814 0.991759 64.9783 0.0256322 0.99753 -0.0653994 -4.1481 -0.993745 0.0183125 -0.110164 83.6918 
-0.107672 0.0733876 0.991474 66.0781 0.0294331 0.99707 -0.0706055 -4.23008 -0.993751 0.0215799 -0.109517 83.5829 
-0.106915 0.0775813 0.991237 67.1852 0.0299515 0.99675 -0.0747823 -4.3192 -0.993817 0.0216937 -0.108891 83.4694 
-0.106833 0.07474 0.991464 68.3077 0.0269594 0.997022 -0.0722541 -4.41205 -0.993911 0.0190101 -0.10853 83.3684 
-0.106602 0.0700434 0.991832 69.445 0.0261021 0.997369 -0.0676291 -4.5029 -0.993959 0.0186795 -0.10815 83.2609 
-0.106094 0.0682216 0.992013 70.5892 0.0237315 0.997533 -0.0660633 -4.58187 -0.994073 0.0165331 -0.107451 83.1509 
-0.105748 0.0690048 0.991996 71.734 0.0220559 0.997507 -0.067037 -4.66431 -0.994148 0.0147904 -0.107006 83.0409 
-0.105801 0.0737614 0.991648 72.8663 0.0229052 0.997161 -0.0717278 -4.76021 -0.994123 0.0151251 -0.10719 82.942 
-0.104882 0.0767022 0.991522 74.0202 0.0227397 0.996945 -0.0747164 -4.84236 -0.994225 0.0147105 -0.106306 82.8274 
-0.104224 0.0755495 0.99168 75.1707 0.0234298 0.99702 -0.073494 -4.93339 -0.994278 0.015575 -0.105684 82.7137 
-0.103152 0.0687291 0.992288 76.3433 0.0256051 0.997463 -0.0664258 -5.01902 -0.994336 0.0185557 -0.104651 82.5939 
-0.103537 0.0669951 0.992367 77.4837 0.0243912 0.9976 -0.0648037 -5.10968 -0.994326 0.0174954 -0.104922 82.483 
-0.103145 0.0702697 0.992181 78.6413 0.0218934 0.99742 -0.0683648 -5.19016 -0.994425 0.0146708 -0.104417 82.3849 
-0.103359 0.0738197 0.991901 79.8083 0.0214474 0.997176 -0.0719775 -5.26284 -0.994413 0.0138342 -0.104651 82.2951 
-0.103304 0.0735106 0.99193 81.0081 0.0204219 0.997212 -0.0717753 -5.34773 -0.99444 0.0128425 -0.104517 82.1849 
-0.103095 0.0698214 0.992218 82.1952 0.0203386 0.997473 -0.068078 -5.44255 -0.994463 0.0131618 -0.104255 82.0725 
-0.102265 0.0686698 0.992384 83.3883 0.0217841 0.99753 -0.0667811 -5.53199 -0.994519 0.0147888 -0.103508 81.9692 
-0.101027 0.0689616 0.992491 84.5792 0.0231711 0.997487 -0.0669502 -5.62057 -0.994614 0.0162333 -0.102372 81.8601 
-0.100344 0.069266 0.992539 85.7604 0.0258841 0.997418 -0.0669897 -5.70348 -0.994616 0.018969 -0.101878 81.7542 
-0.099213 0.0688721 0.99268 86.9519 0.0258323 0.997444 -0.0666209 -5.7897 -0.994731 0.0190335 -0.100739 81.6542 
-0.0978714 0.0694814 0.992771 88.1662 0.0271302 0.997375 -0.0671291 -5.8769 -0.994829 0.0203641 -0.0994996 81.5484 
-0.0966386 0.0674137 0.993034 89.3733 0.0275632 0.997502 -0.0650348 -5.96926 -0.994938 0.0210863 -0.0982554 81.4395 
-0.0957336 0.0666838 0.993171 90.585 0.0257944 0.997585 -0.0644938 -6.05534 -0.995073 0.019444 -0.0972224 81.3384 
-0.0942624 0.0658736 0.993366 91.8162 0.0266679 0.997617 -0.0636251 -6.14232 -0.99519 0.0204936 -0.0957945 81.2322 
-0.0929052 0.0668225 0.99343 93.0447 0.0247023 0.997593 -0.0647924 -6.22854 -0.995368 0.0185205 -0.0943322 81.1377 
-0.09138 0.0692955 0.993402 94.27 0.0255103 0.997411 -0.0672286 -6.3162 -0.995489 0.0191986 -0.0929112 81.0372 
-0.0904352 0.0683021 0.993557 95.5017 0.023021 0.997522 -0.0664793 -6.39973 -0.995636 0.0168606 -0.0917835 80.944 
-0.0898299 0.0668805 0.993709 96.7284 0.0195846 0.997668 -0.0653767 -6.4925 -0.995764 0.0135886 -0.0909302 80.8466 
-0.0896263 0.0677511 0.993668 97.9706 0.0163831 0.997649 -0.0665449 -6.58439 -0.995841 0.0103152 -0.0905256 80.7564 
-0.0899877 0.0673233 0.993665 99.2194 0.0140954 0.997699 -0.0663202 -6.66941 -0.995843 0.00803807 -0.0907296 80.6641 
-0.0912211 0.0651653 0.993696 100.468 0.0109786 0.997862 -0.0644307 -6.7549 -0.99577 0.00503198 -0.0917414 80.5723 
-0.0926898 0.0639075 0.993642 101.725 0.00842538 0.997953 -0.0633989 -6.83897 -0.995659 0.00249539 -0.0930385 80.4799 
-0.0940172 0.0635333 0.993541 102.994 0.00668583 0.997979 -0.0631846 -6.92541 -0.995548 0.000702222 -0.094252 80.378 
-0.0955777 0.0637437 0.993379 104.254 0.00643471 0.997966 -0.063419 -7.01396 -0.995401 0.000330666 -0.0957934 80.2717 
-0.0973969 0.0623662 0.99329 105.526 0.0064995 0.998053 -0.0620281 -7.10285 -0.995224 0.000414554 -0.0976127 80.1516 
-0.100704 0.057514 0.993253 106.782 0.00362676 0.998342 -0.0574411 -7.1924 -0.99491 -0.00218222 -0.100745 80.0476 
-0.105391 0.057242 0.992782 108.038 0.00305641 0.998356 -0.057239 -7.27797 -0.994426 -0.0029981 -0.105392 79.9393 
-0.110981 0.0631469 0.991814 109.274 -0.00249214 0.997958 -0.063817 -7.36233 -0.993819 -0.00955424 -0.110597 79.8299 
-0.11796 0.0663452 0.9908 110.506 -0.00123854 0.997755 -0.0669585 -7.44764 -0.993018 -0.00912554 -0.117613 79.7025 
-0.126759 0.0622034 0.989981 111.759 -0.000192117 0.99803 -0.0627339 -7.54378 -0.991933 -0.00814227 -0.126497 79.556 
-0.137317 0.0597311 0.988725 112.995 0.00183648 0.998194 -0.0600482 -7.63964 -0.990525 -0.00642982 -0.137178 79.3899 
-0.150181 0.0603358 0.986816 114.228 0.00197715 0.998152 -0.0607281 -7.72777 -0.988656 -0.00716912 -0.150023 79.2171 
-0.164229 0.0605048 0.984565 115.442 0.00411928 0.99815 -0.0606526 -7.81081 -0.986414 -0.00590521 -0.164175 79.0283 
-0.178817 0.0578198 0.982182 116.668 0.00431387 0.998308 -0.0579838 -7.9005 -0.983873 -0.00613149 -0.178764 78.828 
-0.194448 0.0602837 0.979059 117.863 0.00873999 0.998177 -0.0597251 -7.98527 -0.980874 -0.00305647 -0.194621 78.6045 
-0.209035 0.0637011 0.975831 119.051 0.00916811 0.99796 -0.0631818 -8.07023 -0.977865 -0.00426066 -0.209192 78.3571 
-0.224088 0.0678642 0.972203 120.234 0.00930119 0.997676 -0.0674985 -8.15155 -0.974525 -0.00608292 -0.224198 78.1002 
-0.240112 0.0657247 0.968517 121.415 0.00579153 0.997785 -0.0662751 -8.24453 -0.970728 -0.0103043 -0.239961 77.8293 
-0.255905 0.0603402 0.964817 122.589 0.000860703 0.998064 -0.0621913 -8.33392 -0.966702 -0.0150846 -0.255461 77.5405 
-0.272044 0.0567084 0.960612 123.761 -0.00324373 0.998202 -0.0598461 -8.41464 -0.962279 -0.0193967 -0.271371 77.2463 
-0.28661 0.0585275 0.956258 124.92 -0.00452757 0.998038 -0.0624418 -8.498 -0.958037 -0.022226 -0.285783 76.9077 
-0.3008 0.0606982 0.951754 126.073 -0.00446362 0.997872 -0.0650502 -8.58255 -0.953677 -0.0238153 -0.299889 76.5578 
-0.31456 0.06269 0.947165 127.232 -0.00281496 0.997751 -0.0669731 -8.67702 -0.949233 -0.0237333 -0.313676 76.1926 
-0.328789 0.0629661 0.942302 128.363 -0.00024063 0.997769 -0.0667565 -8.76603 -0.944403 -0.0221755 -0.328041 75.8124 
-0.342894 0.0608386 0.937402 129.5 -0.000531835 0.997888 -0.0649588 -8.8607 -0.939374 -0.0227725 -0.342138 75.4175 
-0.357698 0.0593384 0.93195 130.618 -0.00137445 0.997945 -0.064068 -8.9501 -0.933836 -0.0241979 -0.356881 75.0136 
-0.372579 0.0608682 0.926002 131.731 -0.00280567 0.997768 -0.0667144 -9.0356 -0.927996 -0.0274544 -0.371577 74.5899 
-0.38759 0.0632994 0.919656 132.849 -0.00180125 0.997586 -0.0694225 -9.12307 -0.92183 -0.028564 -0.38654 74.1432 
-0.402195 0.0649956 0.913244 133.953 -0.000314206 0.997467 -0.0711282 -9.21333 -0.915554 -0.0288943 -0.401156 73.6792 
-0.417134 0.0675254 0.906333 135.041 0.00217526 0.997307 -0.0733023 -9.30873 -0.908842 -0.0286054 -0.416158 73.206 
-0.431845 0.0709156 0.899155 136.131 0.00183773 0.996971 -0.0777477 -9.40541 -0.901946 -0.0319226 -0.430668 72.6976 
-0.446986 0.0734293 0.891522 137.208 0.00317636 0.996749 -0.0805038 -9.50229 -0.894535 -0.0331523 -0.445767 72.1745 
-0.462511 0.0709539 0.883769 138.296 0.00191513 0.99687 -0.0790321 -9.60283 -0.886611 -0.0348607 -0.4612 71.6338 
-0.478619 0.0667042 0.875485 139.38 -0.000949469 0.99707 -0.076487 -9.70436 -0.878022 -0.0374394 -0.477154 71.0621 
-0.494951 0.0666637 0.86636 140.443 -0.00175363 0.996974 -0.0777159 -9.80429 -0.868919 -0.0399848 -0.493336 70.4797 
-0.511038 0.0658242 0.857034 141.502 -0.0030567 0.996918 -0.0783907 -9.90528 -0.859553 -0.0426803 -0.509261 69.8766 
-0.527046 0.0648952 0.847355 142.561 -0.00339531 0.996911 -0.078461 -10.009 -0.84983 -0.0442296 -0.525198 69.2477 
-0.542764 0.0644078 0.837412 143.603 -0.00494706 0.996793 -0.0798727 -10.1121 -0.839871 -0.0474947 -0.540704 68.5999 
-0.558035 0.0636864 0.82737 144.63 -0.00518619 0.996763 -0.0802234 -10.2188 -0.829801 -0.0490583 -0.555898 67.9311 
-0.573226 0.0611574 0.817111 145.665 -0.00525342 0.996916 -0.0783005 -10.3252 -0.81938 -0.0491765 -0.571137 67.2286 
-0.588517 0.0579179 0.806408 146.683 -0.00498973 0.997151 -0.0752591 -10.4274 -0.80847 -0.048315 -0.586551 66.5075 
-0.603653 0.0560241 0.795276 147.701 -0.00462083 0.997265 -0.073761 -10.5315 -0.797234 -0.0482009 -0.601743 65.7684 
-0.618534 0.0543471 0.783876 148.711 -0.00533536 0.997292 -0.0733536 -10.6349 -0.78574 -0.0495539 -0.616569 65.0009 
-0.633399 0.0553947 0.77184 149.694 -0.00683629 0.996995 -0.0771641 -10.7378 -0.773795 -0.0541521 -0.631117 64.2233 
-0.648683 0.0550099 0.759068 150.673 -0.00924663 0.996741 -0.0801361 -10.8355 -0.761002 -0.0590017 -0.64606 63.4078 
-0.664488 0.0517839 0.745502 151.635 -0.0112207 0.996792 -0.0792404 -10.9374 -0.747214 -0.0610194 -0.661776 62.5743 
-0.681232 0.0440817 0.730739 152.611 -0.014887 0.997145 -0.0740311 -11.048 -0.731916 -0.0613108 -0.678631 61.7306 
-0.698686 0.0414912 0.714224 153.542 -0.015578 0.997198 -0.0731692 -11.1573 -0.715258 -0.0622485 -0.696082 60.8831 
-0.716432 0.038837 0.696575 154.455 -0.0174263 0.997142 -0.0735179 -11.2542 -0.69744 -0.0648093 -0.713707 59.9864 
-0.734413 0.0347567 0.677813 155.376 -0.0210726 0.997039 -0.0739581 -11.3565 -0.678376 -0.068599 -0.731505 59.054 
-0.751485 0.0331649 0.658915 156.238 -0.0202825 0.997102 -0.0733188 -11.4595 -0.659438 -0.0684625 -0.748635 58.142 
-0.767732 0.0351867 0.639804 157.081 -0.0182233 0.996888 -0.076692 -11.5627 -0.640511 -0.0705382 -0.764702 57.1675 
-0.782888 0.0346196 0.621199 157.891 -0.0150645 0.997103 -0.0745545 -11.6676 -0.621981 -0.0677258 -0.780098 56.1684 
-0.797861 0.0359519 0.601769 158.692 -0.0110019 0.997185 -0.0741626 -11.7737 -0.602741 -0.065792 -0.79522 55.1465 
-0.812617 0.0370403 0.581619 159.459 -0.00931246 0.997026 -0.0765064 -11.886 -0.582723 -0.0675867 -0.809855 54.1067 
-0.826398 0.0385271 0.561766 160.197 -0.00863835 0.996672 -0.0810615 -11.9889 -0.56302 -0.0718418 -0.823315 53.0587 
-0.839772 0.0392656 0.541517 160.91 -0.00562098 0.996699 -0.080988 -12.1021 -0.54291 -0.0710554 -0.83678 52.0115 
-0.851704 0.0370104 0.522714 161.599 -0.00463901 0.996931 -0.0781459 -12.2184 -0.524002 -0.0689821 -0.848919 50.9269 
-0.862583 0.0387993 0.504426 162.263 -0.00162246 0.996838 -0.079449 -12.3369 -0.505914 -0.0693497 -0.859792 49.8526 
-0.87227 0.0416123 0.48725 162.9 0.00105261 0.99653 -0.0832216 -12.4424 -0.489023 -0.0720788 -0.869288 48.7568 
-0.881727 0.0393246 0.470117 163.539 -0.000775432 0.996397 -0.0848016 -12.5543 -0.471758 -0.0751365 -0.878521 47.654 
-0.890633 0.0362238 0.453278 164.177 -0.00217255 0.996472 -0.083902 -12.6836 -0.454718 -0.0757107 -0.887412 46.5275 
-0.898142 0.0343018 0.438364 164.783 -0.00284481 0.996478 -0.0838025 -12.8094 -0.439695 -0.0765136 -0.894882 45.3728 
-0.905455 0.0317847 0.42325 165.401 -0.00375737 0.996553 -0.0828759 -12.9412 -0.424426 -0.0766307 -0.902214 44.1905 
-0.911959 0.0290424 0.409251 165.955 -0.00499914 0.996631 -0.0818656 -13.0663 -0.41025 -0.076704 -0.908742 43.0168 
-0.917933 0.0237862 0.39602 166.496 -0.00784956 0.996917 -0.0780724 -13.1819 -0.396656 -0.0747739 -0.914917 41.8607 
-0.92326 0.0205057 0.383627 167.018 -0.00887399 0.99717 -0.0746576 -13.2929 -0.384073 -0.0723326 -0.920465 40.682 
-0.927759 0.0206472 0.372608 167.519 -0.00660788 0.997403 -0.0717219 -13.3965 -0.373121 -0.0690028 -0.925213 39.4901 
-0.931072 0.0246421 0.364003 168.002 -0.00206197 0.997345 -0.0727919 -13.5095 -0.364831 -0.068525 -0.928549 38.2969 
-0.933499 0.0296861 0.357349 168.47 0.00313426 0.997205 -0.0746535 -13.6104 -0.358566 -0.0685689 -0.930983 37.1095 
-0.935464 0.0327801 0.351897 168.936 0.00582932 0.996985 -0.0773753 -13.7091 -0.353373 -0.0703305 -0.932835 35.9274 
-0.937369 0.0295849 0.347079 169.402 0.00328531 0.997093 -0.076119 -13.8156 -0.348322 -0.0702114 -0.934742 34.7378 
-0.939396 0.0222559 0.34211 169.867 -0.00278265 0.997363 -0.0725242 -13.9199 -0.342822 -0.0690809 -0.936857 33.5511 
-0.941244 0.0162297 0.337338 170.333 -0.00830247 0.997431 -0.0711532 -14.0202 -0.337626 -0.0697733 -0.938691 32.3376 
-0.942906 0.00981335 0.332914 170.789 -0.0151637 0.997264 -0.0723444 -14.1224 -0.332713 -0.0732622 -0.940178 31.1209 
-0.944436 0.00728625 0.328614 171.252 -0.0184125 0.997012 -0.0750238 -14.2271 -0.328179 -0.0769058 -0.94148 29.9121 
-0.945157 0.00764737 0.326527 171.693 -0.0186997 0.996819 -0.0774735 -14.3317 -0.326081 -0.0793305 -0.942007 28.7027 
-0.945456 0.00795685 0.325654 172.129 -0.0191055 0.996626 -0.0798191 -14.4304 -0.32519 -0.0816872 -0.942114 27.5202 
-0.945408 0.0105867 0.325716 172.563 -0.017051 0.996496 -0.0818806 -14.5365 -0.325442 -0.0829644 -0.941915 26.3265 
-0.945146 0.011132 0.326457 173.005 -0.0172255 0.99633 -0.0838448 -14.65 -0.326193 -0.084869 -0.941486 25.1307 
-0.944829 0.0118608 0.327349 173.444 -0.0171276 0.996188 -0.0855305 -14.7695 -0.327115 -0.0864184 -0.941025 23.9239 
-0.944301 0.0137616 0.328794 173.879 -0.0150046 0.996286 -0.084793 -14.8884 -0.328739 -0.0850036 -0.940587 22.7275 
-0.943545 0.0129038 0.330992 174.316 -0.0161547 0.996259 -0.0848908 -15.0123 -0.33085 -0.0854454 -0.939807 21.5312 
-0.94231 0.0105663 0.334574 174.767 -0.019405 0.996096 -0.0861111 -15.1189 -0.334178 -0.0876358 -0.938427 20.3412 
-0.940506 0.00950912 0.339644 175.212 -0.0202264 0.996269 -0.0839015 -15.2355 -0.339175 -0.0857796 -0.936804 19.1402 
-0.938922 0.00623408 0.344074 175.682 -0.0230404 0.996454 -0.0809278 -15.3587 -0.343358 -0.0839125 -0.935448 17.9776 
-0.936366 0.00383975 0.351004 176.144 -0.0253467 0.99659 -0.078519 -15.4652 -0.350109 -0.0824194 -0.933076 16.7931 
-0.933947 0.00595084 0.357363 176.617 -0.0237759 0.996612 -0.0787326 -15.5732 -0.356621 -0.0820287 -0.930641 15.6279 
-0.930903 0.00623927 0.365212 177.091 -0.0242613 0.99659 -0.0788663 -15.6812 -0.364459 -0.0822774 -0.927578 14.4854 
-0.927372 0.00862353 0.37404 177.577 -0.0233151 0.996459 -0.0807796 -15.7904 -0.373412 -0.0836335 -0.923888 13.3396 
-0.923206 0.00977852 0.38418 178.072 -0.0227549 0.996531 -0.0800461 -15.8977 -0.38363 -0.082641 -0.919782 12.1859 
-0.918157 0.0108802 0.396066 178.585 -0.0231905 0.996433 -0.0811328 -16.0182 -0.395536 -0.0836777 -0.91463 11.0364 
-0.912267 0.0136824 0.409366 179.11 -0.0219072 0.996381 -0.0821225 -16.1268 -0.409009 -0.0838857 -0.908667 9.88376 
-0.906867 0.0152572 0.421141 179.67 -0.0216035 0.996347 -0.0826159 -16.2333 -0.420863 -0.0840198 -0.903225 8.76044 
-0.900809 0.0137576 0.433998 180.243 -0.0234911 0.99649 -0.0803468 -16.3447 -0.43358 -0.0825722 -0.897324 7.6266 
-0.894729 0.0171756 0.44628 180.836 -0.0212124 0.996498 -0.0808793 -16.452 -0.446106 -0.0818316 -0.891231 6.48758 
-0.888175 0.0188608 0.459118 181.427 -0.0202427 0.996581 -0.0801001 -16.5578 -0.459059 -0.0804367 -0.884757 5.37676 
-0.881689 0.0199744 0.471408 182.039 -0.0191176 0.996771 -0.0779911 -16.6644 -0.471444 -0.0777761 -0.87846 4.32319 
-0.874579 0.0218697 0.484389 182.648 -0.0160337 0.997132 -0.0739689 -16.7861 -0.484617 -0.0724582 -0.87172 3.27061 
-0.867076 0.0243171 0.497582 183.267 -0.0137189 0.997264 -0.0726432 -16.8777 -0.497987 -0.0698134 -0.86437 2.25166 
-0.857873 0.0277577 0.513112 183.903 -0.0100204 0.997446 -0.0707118 -16.9873 -0.513765 -0.0658033 -0.855404 1.18359 
-0.848299 0.0297499 0.528681 184.573 -0.00910592 0.997453 -0.0707397 -17.0768 -0.529439 -0.0648225 -0.845868 0.156243 
-0.838424 0.031789 0.544091 185.258 -0.0073501 0.997547 -0.0696088 -17.1771 -0.544969 -0.0623608 -0.836134 -0.84441 
-0.827373 0.0334944 0.560654 185.948 -0.00627521 0.997607 -0.0688593 -17.273 -0.561618 -0.0604905 -0.825182 -1.84714 
-0.81602 0.0353123 0.576943 186.67 -0.0053341 0.99763 -0.0686053 -17.3693 -0.577998 -0.0590608 -0.813898 -2.83734 
-0.803314 0.0385106 0.594309 187.425 -0.00295868 0.997637 -0.068645 -17.4499 -0.595549 -0.0569018 -0.801301 -3.84011 
-0.790471 0.0392326 0.611242 188.183 -0.00123241 0.997843 -0.0656404 -17.5521 -0.612499 -0.0526401 -0.788717 -4.77274 
-0.77521 0.0405928 0.630398 188.959 0.000182282 0.997947 -0.0640361 -17.6442 -0.631703 -0.0495265 -0.773626 -5.7311 
-0.759077 0.0434422 0.64955 189.752 0.00130166 0.99787 -0.065217 -17.7287 -0.651 -0.0486592 -0.757516 -6.63296 
-0.742097 0.046351 0.668688 190.556 0.00207755 0.99776 -0.0668555 -17.8221 -0.67029 -0.048224 -0.740531 -7.51322 
-0.724316 0.0470487 0.687861 191.395 0.00115645 0.99775 -0.0670269 -17.9128 -0.689467 -0.0477532 -0.722741 -8.38508 
-0.706744 0.0471973 0.705893 192.24 0.000413807 0.9978 -0.0663004 -18.0069 -0.707469 -0.0465653 -0.705208 -9.18125 
-0.687066 0.0458194 0.725149 193.073 -0.000418543 0.997984 -0.0634555 -18.1189 -0.726595 -0.0439016 -0.685662 -9.95573 
-0.666809 0.0458173 0.743819 193.95 -0.00212125 0.997987 -0.063375 -18.2161 -0.745226 -0.0438368 -0.665369 -10.7231 
-0.645736 0.0457804 0.762187 194.858 -0.00409531 0.997979 -0.0634129 -18.2992 -0.763549 -0.0440694 -0.644244 -11.4849 
-0.625234 0.0464794 0.779052 195.781 -0.00466318 0.997985 -0.0632837 -18.371 -0.780423 -0.0432 -0.623757 -12.195 
-0.602828 0.0466351 0.796507 196.725 -0.00596807 0.997999 -0.0629493 -18.4417 -0.797849 -0.0427012 -0.601343 -12.9011 
-0.579158 0.0476392 0.813822 197.695 -0.00675155 0.997976 -0.0632239 -18.5213 -0.815187 -0.0421112 -0.577665 -13.5745 
-0.55428 0.0512656 0.83075 198.685 -0.00456622 0.997899 -0.064627 -18.6012 -0.832318 -0.0396148 -0.552881 -14.2268 
-0.528022 0.0521253 0.847629 199.681 -0.00441683 0.997932 -0.0641197 -18.6846 -0.849219 -0.0376004 -0.5267 -14.8381 
-0.500562 0.0510712 0.864193 200.699 -0.00586707 0.998035 -0.0623793 -18.7693 -0.865681 -0.0362949 -0.499279 -15.421 
-0.473648 0.0495041 0.879322 201.69 -0.0081263 0.998131 -0.0605702 -18.8402 -0.880677 -0.0358345 -0.47236 -15.9284 
-0.446709 0.0504519 0.893256 202.616 -0.00896767 0.998106 -0.0608587 -18.9195 -0.894634 -0.0351965 -0.445411 -16.33 
-0.416104 0.0532835 0.907754 203.669 -0.0112513 0.997904 -0.0637326 -18.9861 -0.909247 -0.0367328 -0.414632 -16.8055 
-0.384563 0.0556922 0.921417 204.746 -0.0100947 0.997865 -0.064526 -19.0513 -0.923044 -0.0341157 -0.383179 -17.2489 
-0.354581 0.0565809 0.933312 205.784 -0.0101725 0.997875 -0.0643598 -19.1251 -0.93497 -0.0323149 -0.353252 -17.6047 
-0.323696 0.0560318 0.9445 206.796 -0.0113058 0.997945 -0.0630771 -19.2144 -0.946093 -0.0310962 -0.322398 -17.9296 
-0.29025 0.0554187 0.955345 207.91 -0.0105657 0.998075 -0.0611076 -19.2925 -0.956893 -0.0278304 -0.289105 -18.2591 
-0.257926 0.0531307 0.964703 208.87 -0.010107 0.998284 -0.0576825 -19.3819 -0.966112 -0.024628 -0.256946 -18.4953 
-0.223605 0.0523319 0.973274 210.002 -0.00979919 0.998386 -0.0559336 -19.4545 -0.974631 -0.0220443 -0.222731 -18.7461 
-0.18818 0.0514919 0.980784 211.133 -0.00871904 0.998498 -0.0540949 -19.5377 -0.982096 -0.0187311 -0.187448 -18.9673 
-0.152964 0.0508119 0.986924 212.27 -0.00800437 0.998581 -0.0526527 -19.6147 -0.988199 -0.0159537 -0.15234 -19.143 
-0.117875 0.0510347 0.991716 213.414 -0.00840114 0.998591 -0.0523871 -19.6852 -0.992993 -0.0145067 -0.117281 -19.2689 
-0.0824912 0.0511547 0.995278 214.55 -0.00968311 0.998593 -0.0521278 -19.7612 -0.996545 -0.0139375 -0.0818799 -19.3571 
-0.0477148 0.0508596 0.997565 215.696 -0.0105877 0.998621 -0.0514199 -19.829 -0.998805 -0.0130155 -0.0471105 -19.4133 
-0.0144985 0.0503214 0.998628 216.866 -0.0119547 0.998653 -0.0504963 -19.8934 -0.999823 -0.0126704 -0.0138774 -19.4124 
0.0191273 0.0510012 0.998515 218.023 -0.0125897 0.998631 -0.050766 -19.9543 -0.999738 -0.0116 0.0197432 -19.393 
0.0511882 0.0515399 0.997358 219.161 -0.0125959 0.998621 -0.0509587 -20.0132 -0.99861 -0.0099541 0.0517668 -19.3148 
0.0826798 0.0494163 0.99535 220.305 -0.0116625 0.998749 -0.0486164 -20.0835 -0.996508 -0.00758872 0.0831527 -19.2043 
0.113791 0.0485167 0.992319 221.452 -0.0107712 0.998808 -0.0475989 -20.1455 -0.993446 -0.00527221 0.114178 -19.0627 
0.144109 0.0496047 0.988318 222.601 -0.01096 0.998761 -0.0485309 -20.2039 -0.989501 -0.00383821 0.144474 -18.8918 
0.174447 0.0494095 0.983426 223.747 -0.00897925 0.998778 -0.0485881 -20.2676 -0.984626 -0.000354378 0.174678 -18.688 
0.204642 0.0486578 0.977627 224.887 -0.00611024 0.998808 -0.0484331 -20.329 -0.978818 0.00393788 0.204695 -18.4441 
0.234755 0.0461909 0.970956 226.022 -0.00241679 0.998895 -0.0469358 -20.399 -0.972051 0.0086718 0.234607 -18.1626 
0.264453 0.0442968 0.963381 227.154 0.000264822 0.998941 -0.0460046 -20.4642 -0.964399 0.0124212 0.264161 -17.8413 
0.29382 0.0442532 0.954836 228.262 0.00295475 0.998881 -0.0472038 -20.5209 -0.955856 0.0166907 0.293361 -17.4851 
0.322694 0.0434377 0.945506 229.374 0.0039125 0.998877 -0.047225 -20.5847 -0.946495 0.0189385 0.322162 -17.107 
0.350233 0.0410156 0.935764 230.44 0.00527027 0.998939 -0.0457573 -20.6513 -0.936648 0.0209574 0.349645 -16.6922 
0.378606 0.0401559 0.924686 231.526 0.00555268 0.998942 -0.0456542 -20.7167 -0.925541 0.0224194 0.377983 -16.2419 
0.40717 0.0412446 0.912421 232.596 0.00721294 0.998803 -0.0483683 -20.7805 -0.913324 0.0262754 0.406386 -15.7584 
0.436006 0.0427206 0.898929 233.658 0.00763875 0.998661 -0.0511653 -20.8506 -0.899911 0.0291751 0.435096 -15.2513 
0.463763 0.0412383 0.884999 234.704 0.00905842 0.998643 -0.0512808 -20.9177 -0.885913 0.0317988 0.46276 -14.6993 
0.491577 0.0384269 0.869986 235.754 0.0104705 0.998693 -0.0500282 -20.9917 -0.870771 0.0337019 0.490533 -14.1329 
0.516719 0.0362578 0.855387 236.744 0.0100521 0.998777 -0.0484082 -21.0614 -0.856096 0.0336119 0.515723 -13.5175 
0.539855 0.0365431 0.840964 237.745 0.00848043 0.99877 -0.0488445 -21.1316 -0.841715 0.0335007 0.538882 -12.8599 
0.560958 0.0363528 0.827046 238.737 0.00759487 0.998767 -0.0490523 -21.2029 -0.827809 0.0337975 0.55999 -12.1751 
0.58051 0.035345 0.813485 239.7 0.00671035 0.998816 -0.0481861 -21.2696 -0.814225 0.0334313 0.579586 -11.4618 
0.599415 0.0330223 0.799757 240.67 0.00644599 0.998917 -0.0460771 -21.3372 -0.800412 0.0327745 0.598554 -10.7268 
0.617015 0.0296203 0.786393 241.627 0.00805056 0.999001 -0.043945 -21.4024 -0.78691 0.0334456 0.616161 -9.96892 
0.633923 0.0271434 0.772919 242.58 0.00935846 0.999041 -0.0427599 -21.4639 -0.773339 0.0343398 0.633062 -9.1855 
0.649776 0.0254119 0.759701 243.519 0.0110325 0.99902 -0.0428533 -21.5211 -0.760046 0.0362264 0.648859 -8.37264 
0.665145 0.0251642 0.74629 244.427 0.0107319 0.999007 -0.0432507 -21.5822 -0.746637 0.0367771 0.664214 -7.54733 
0.680457 0.0242346 0.732387 245.307 0.0112869 0.998988 -0.043543 -21.6384 -0.732701 0.0378955 0.679495 -6.70826 
0.695573 0.0221875 0.718112 246.193 0.0109251 0.999081 -0.0414509 -21.6949 -0.718372 0.0366775 0.694692 -5.84069 
0.710447 0.0196352 0.703477 247.056 0.0116111 0.999148 -0.0396142 -21.7517 -0.703655 0.0363119 0.709614 -4.95447 
0.72432 0.0178453 0.689233 247.89 0.01211 0.999181 -0.0385969 -21.8147 -0.689357 0.0363031 0.723511 -4.04352 
0.738153 0.0174226 0.674409 248.711 0.0132683 0.999098 -0.0403332 -21.872 -0.674503 0.0387202 0.737256 -3.12345 
0.750699 0.0171076 0.660422 249.522 0.0134483 0.999062 -0.0411665 -21.9278 -0.660507 0.0397852 0.749765 -2.17224 
0.762625 0.0168391 0.646622 250.315 0.01266 0.999081 -0.0409491 -21.9841 -0.646717 0.039415 0.761711 -1.20714 
0.773994 0.0154067 0.633005 251.109 0.0126455 0.999128 -0.03978 -22.0252 -0.633067 0.0387941 0.773125 -0.215093 
0.784777 0.0125927 0.619651 251.874 0.0144608 0.999149 -0.0386195 -22.0884 -0.61961 0.0392683 0.783927 0.786521 
0.794796 0.0122435 0.606752 252.627 0.0145825 0.999122 -0.0392631 -22.1463 -0.606701 0.0400541 0.793921 1.80316 
0.80404 0.00989321 0.594492 253.379 0.0182389 0.998981 -0.0412925 -22.2057 -0.594295 0.0440437 0.80304 2.83466 
0.812729 0.00773436 0.582591 254.113 0.0195265 0.998989 -0.0405025 -22.2592 -0.582315 0.0442935 0.811756 3.87716 
0.820772 0.00433557 0.57124 254.848 0.0224994 0.99895 -0.0399097 -22.3184 -0.570813 0.0456092 0.819812 4.94366 
0.827519 0.00237436 0.561433 255.553 0.0242655 0.998905 -0.0399906 -22.3759 -0.560914 0.0467164 0.826555 6.02193 
0.832876 0.000880557 0.55346 256.255 0.0253603 0.998888 -0.0397529 -22.4326 -0.552879 0.047145 0.831927 7.11898 
0.836866 0.000244739 0.547408 256.954 0.0246612 0.998968 -0.0381483 -22.4913 -0.546852 0.0454247 0.835996 8.22235 
0.839473 -0.000444627 0.543402 257.652 0.0245785 0.999007 -0.0371528 -22.5475 -0.542846 0.0445447 0.83865 9.34374 
0.842037 -0.00140448 0.539417 258.354 0.0254681 0.998985 -0.0371552 -22.606 -0.538817 0.0450239 0.841218 10.4697 
0.844576 -0.00242324 0.535429 259.051 0.026027 0.998993 -0.0365335 -22.6645 -0.534802 0.0447909 0.843789 11.5956 
0.847043 -0.00613473 0.531489 259.792 0.0285869 0.999012 -0.0340284 -22.7318 -0.530755 0.0440171 0.846381 12.7664 
0.849105 -0.00692596 0.528178 260.519 0.0291963 0.999001 -0.0338366 -22.7836 -0.527416 0.0441517 0.848459 13.9386 
0.85133 -0.00782923 0.524572 261.201 0.0304045 0.998944 -0.0344347 -22.8361 -0.523748 0.0452646 0.85067 15.079 
0.853501 -0.00881275 0.521016 261.905 0.0309843 0.998946 -0.0338603 -22.8926 -0.520169 0.0450431 0.852875 16.2511 
0.856071 -0.00833965 0.51679 262.598 0.0299635 0.998989 -0.0335141 -22.9539 -0.515988 0.0441753 0.855456 17.3981 
0.858124 -0.00924794 0.51336 263.269 0.0304662 0.998993 -0.0329306 -23.0119 -0.512538 0.0438985 0.857541 18.5494 
0.86022 -0.00853958 0.509851 263.948 0.0294167 0.999026 -0.0328993 -23.0695 -0.509073 0.0432987 0.859634 19.7165 
