1 2.12261e-08 -2.11895e-08 0 2.12261e-08 1 2.10703e-08 0 -2.11895e-08 2.10703e-08 1 0 
1 -0.000546801 -5.18819e-05 -0.0194962 0.00054692 0.999999 0.00149532 -0.0163367 5.10218e-05 -0.0014953 0.999999 1.34025 
0.999998 -0.00182183 -0.000376189 -0.0498515 0.00182246 0.999997 0.00158356 -0.035264 0.00037326 -0.0015842 0.999999 2.67883 
0.999995 -0.00302083 9.5313e-05 -0.083309 0.00302082 0.999995 0.000540628 -0.0567597 -9.6988e-05 -0.000540295 1 4.01583 
0.999993 -0.00378906 0.000527137 -0.107147 0.00378876 0.999993 0.000660782 -0.0718834 -0.000529679 -0.000658738 1 5.36676 
0.99999 -0.00436034 0.000818231 -0.136009 0.00435905 0.999989 0.00163024 -0.0927882 -0.000825373 -0.00162662 0.999998 6.71337 
0.999981 -0.00601042 0.00146409 -0.165985 0.0060064 0.999978 0.00276653 -0.109052 -0.00148073 -0.00275764 0.999995 8.03778 
0.999984 -0.00527818 0.00188997 -0.206981 0.00527231 0.999981 0.00311983 -0.123128 -0.00190644 -0.00310977 0.999993 9.3992 
0.999988 -0.00465991 0.00164289 -0.232463 0.00465797 0.999988 0.00120446 -0.1388 -0.00164852 -0.00119676 0.999998 10.7572 
0.999997 -0.00182911 0.00183099 -0.257705 0.0018307 0.999998 -0.000841352 -0.164111 -0.00182949 0.000844743 0.999998 12.1357 
0.999995 0.00168412 0.00284285 -0.292686 -0.0016791 0.999997 -0.00175238 -0.185317 -0.00284583 0.00174763 0.999994 13.4816 
0.999987 0.00398733 0.00315679 -0.324006 -0.00398259 0.999991 -0.00149138 -0.212261 -0.00316275 0.00147883 0.999994 14.8457 
0.999982 0.00481705 0.00355148 -0.346672 -0.00481488 0.999988 -0.00060544 -0.235105 -0.0035544 0.000588371 0.999994 16.2026 
0.99999 0.00214526 0.00389869 -0.359929 -0.00215443 0.999995 0.00236103 -0.257041 -0.00389365 -0.00236936 0.99999 17.5817 
0.999988 -0.00180183 0.00463919 -0.385643 0.00178165 0.999989 0.00435897 -0.276838 -0.00464703 -0.00435061 0.99998 18.9491 
0.999982 -0.00390067 0.00466653 -0.401979 0.00389104 0.99999 0.00208076 -0.292247 -0.00467465 -0.00206252 0.999987 20.3182 
0.999979 -0.00462982 0.00457051 -0.418138 0.00463044 0.999989 -0.000114662 -0.309215 -0.00456997 0.000135865 0.99999 21.6839 
0.999983 -0.00215597 0.00544131 -0.441817 0.00216481 0.999996 -0.00161157 -0.331857 -0.00543786 0.00162336 0.999984 23.0553 
0.999978 0.000835131 0.00662983 -0.467492 -0.000836845 1 0.000262102 -0.347693 -0.00662965 -0.000267602 0.999978 24.4209 
0.999974 0.00142834 0.00703867 -0.484358 -0.0014528 0.999993 0.00347729 -0.36186 -0.0070337 -0.00348738 0.999969 25.7919 
0.999972 -0.000604088 0.00742744 -0.489517 0.000565519 0.999986 0.00519944 -0.375384 -0.00743052 -0.00519505 0.999959 27.1752 
0.999968 -0.00396121 0.00695125 -0.498957 0.00393829 0.999987 0.00331403 -0.388606 -0.00696433 -0.00328651 0.99997 28.5478 
0.99997 -0.00437697 0.0063815 -0.514776 0.00437144 0.99999 0.000887077 -0.407646 -0.00638537 -0.000859112 0.999979 29.9244 
0.999965 -0.0045621 0.00699934 -0.529536 0.00457143 0.999989 -0.00131208 -0.433543 -0.00699332 0.00134408 0.999975 31.3105 
0.999971 -0.00120874 0.00755117 -0.551317 0.00122439 0.999997 -0.0020631 -0.459926 -0.00754869 0.00207232 0.999969 32.6941 
0.99997 -0.000805658 0.00775973 -0.569252 0.000837789 0.999991 -0.00413285 -0.48351 -0.00775637 0.00413926 0.999961 34.082 
0.999967 0.000204412 0.00815545 -0.589909 -0.000175834 0.999994 -0.00349953 -0.508079 -0.00815615 0.00349802 0.999961 35.4823 
0.999964 0.000304726 0.00847371 -0.605621 -0.000285178 0.999997 -0.00230303 -0.532748 -0.00847443 0.00230057 0.999961 36.8937 
0.999962 0.000876325 0.00862424 -0.625725 -0.000870275 0.999999 -0.000700336 -0.556604 -0.00862489 0.000692846 0.999963 38.3117 
0.999952 0.00387332 0.00905112 -0.645058 -0.00386832 0.999992 -0.000564898 -0.573736 -0.00905328 0.0005299 0.999959 39.7388 
0.999931 0.00649515 0.00976974 -0.66787 -0.00648661 0.999979 -0.000901276 -0.598545 -0.00977543 0.000837883 0.999952 41.1464 
0.999917 0.00828084 0.00986788 -0.677737 -0.00827762 0.999966 -0.000362942 -0.622097 -0.00987059 0.000281271 0.999951 42.5789 
0.999907 0.00929695 0.0100315 -0.700487 -0.00929612 0.999957 -0.000124536 -0.647111 -0.0100323 3.13116e-05 0.99995 43.9882 
0.999918 0.0080636 0.00992222 -0.722435 -0.00806228 0.999968 -0.000168343 -0.666515 -0.0099233 8.83754e-05 0.999951 45.41 
0.999925 0.00768102 0.0095534 -0.737523 -0.00767653 0.99997 -0.000502475 -0.689382 -0.00955702 0.000429143 0.999954 46.8539 
0.999931 0.00727698 0.00922265 -0.763267 -0.00727249 0.999973 -0.000515197 -0.705729 -0.0092262 0.000448131 0.999957 48.2707 
0.999948 0.00612912 0.00813003 -0.767408 -0.0061372 0.999981 0.000974437 -0.720718 -0.00812394 -0.00102424 0.999967 49.6781 
0.999948 0.00705734 0.00731064 -0.785819 -0.0070607 0.999975 0.000439909 -0.737712 -0.0073074 -0.000491462 0.999973 51.1022 
0.999958 0.00672259 0.00622157 -0.802834 -0.00673128 0.999976 0.00138301 -0.768126 -0.00621217 -0.00142479 0.99998 52.5327 
0.999959 0.00722135 0.00548568 -0.826217 -0.00723136 0.999972 0.00181466 -0.788886 -0.00547247 -0.00185421 0.999983 53.9702 
0.999969 0.00563642 0.00546934 -0.855128 -0.00565337 0.999979 0.00309571 -0.816156 -0.00545182 -0.00312649 0.99998 55.4378 
0.999976 0.00435544 0.00531627 -0.874385 -0.00437224 0.999985 0.00315936 -0.838502 -0.00530247 -0.00318249 0.999981 56.8756 
0.999986 0.00214741 0.00476471 -0.882686 -0.00215989 0.999994 0.00262451 -0.85869 -0.00475909 -0.00263472 0.999985 58.3084 
0.999987 0.00119379 0.00497186 -0.900638 -0.00120858 0.999995 0.00298138 -0.882736 -0.00496831 -0.0029873 0.999983 59.7433 
0.999983 0.000384709 0.00582045 -0.918164 -0.000407065 0.999993 0.00384745 -0.910676 -0.00581896 -0.00384971 0.999976 61.1825 
0.999979 -0.000558201 0.00643717 -0.935931 0.000529591 0.99999 0.00445194 -0.932486 -0.00643963 -0.00444839 0.999969 62.6196 
0.999975 -0.00178807 0.00683927 -0.94579 0.00176248 0.999991 0.00375168 -0.950955 -0.00684596 -0.00373949 0.99997 64.066 
0.999966 -0.00341633 0.00749232 -0.969511 0.0033955 0.99999 0.00279641 -0.973544 -0.00750185 -0.00277084 0.999968 65.4977 
0.999964 -0.00312203 0.00792218 -0.986488 0.00310365 0.999992 0.00233608 -0.990539 -0.00792946 -0.00231136 0.999966 66.9459 
0.999961 -0.00149751 0.00873499 -1.0013 0.0014798 0.999997 0.00203844 -1.01358 -0.00873805 -0.00202539 0.99996 68.3551 
0.999958 0.00148046 0.00901245 -1.00327 -0.00151104 0.999993 0.00339219 -1.03641 -0.00900741 -0.00340562 0.999954 69.8271 
0.999933 0.0049428 0.0104469 -1.03335 -0.00499012 0.999977 0.00451195 -1.04869 -0.0104244 -0.00456374 0.999935 71.2608 
0.999904 0.00860127 0.0108711 -1.05046 -0.00865724 0.999949 0.00511577 -1.06458 -0.0108266 -0.00520935 0.999928 72.7045 
0.99985 0.0128743 0.0115507 -1.06387 -0.0129299 0.999905 0.00475562 -1.08512 -0.0114884 -0.00490422 0.999922 74.1323 
0.999792 0.0162921 0.0122656 -1.08494 -0.0163387 0.99986 0.00371756 -1.09737 -0.0122034 -0.00391715 0.999918 75.5562 
0.999749 0.0179438 0.0133932 -1.1039 -0.0179936 0.999832 0.00360421 -1.11494 -0.0133263 -0.00384425 0.999904 76.9622 
0.99973 0.0185511 0.0139792 -1.12507 -0.0186121 0.999818 0.0042493 -1.14563 -0.0138978 -0.00450829 0.999893 78.3806 
0.999747 0.0176189 0.0140181 -1.12798 -0.0176776 0.999835 0.00408169 -1.1694 -0.0139439 -0.00432842 0.999893 79.7936 
0.999769 0.0163931 0.0139387 -1.13748 -0.0164391 0.99986 0.00319584 -1.18873 -0.0138844 -0.00342419 0.999898 81.2322 
0.999776 0.0159623 0.0138859 -1.14963 -0.0160059 0.999867 0.00304343 -1.21165 -0.0138355 -0.00326496 0.999899 82.6432 
0.999786 0.0154781 0.0137364 -1.15544 -0.0155261 0.999874 0.00339858 -1.23163 -0.0136821 -0.00361108 0.9999 84.0513 
0.99979 0.0154961 0.0133971 -1.16516 -0.0155326 0.999876 0.00262298 -1.23675 -0.0133548 -0.00283048 0.999907 85.4546 
0.999797 0.0155043 0.012842 -1.1728 -0.0155433 0.999875 0.00294284 -1.2587 -0.0127948 -0.00314181 0.999913 86.8573 
0.99981 0.0150667 0.0123593 -1.19908 -0.0151107 0.99988 0.00347656 -1.2754 -0.0123055 -0.00366262 0.999918 88.2629 
0.999863 0.0122087 0.0111841 -1.20454 -0.0122615 0.999914 0.00466606 -1.29205 -0.0111262 -0.00480251 0.999927 89.6518 
0.9999 0.0100967 0.00986678 -1.209 -0.0101458 0.999936 0.00494524 -1.30479 -0.00981626 -0.00504482 0.999939 91.0387 
0.999926 0.00777302 0.0093893 -1.22452 -0.00782195 0.999956 0.00519076 -1.32528 -0.00934858 -0.00526378 0.999942 92.4185 
0.999937 0.00630363 0.00924269 -1.24469 -0.00634813 0.999968 0.00479782 -1.34268 -0.00921219 -0.00485615 0.999946 93.8089 
0.999942 0.00535793 0.00933892 -1.25645 -0.00540007 0.999975 0.00449671 -1.36456 -0.00931464 -0.00454683 0.999946 95.1736 
0.999939 0.00575306 0.00941001 -1.27458 -0.00578871 0.999976 0.00376973 -1.37925 -0.00938814 -0.00382393 0.999949 96.5486 
0.999942 0.00513323 0.009481 -1.28725 -0.00516297 0.999982 0.00311903 -1.39655 -0.00946486 -0.00316775 0.99995 97.9019 
0.999942 0.00548844 0.00929233 -1.30379 -0.00551306 0.999981 0.00263076 -1.41314 -0.00927776 -0.0026818 0.999953 99.2848 
0.999923 0.00746592 0.00987773 -1.32403 -0.00749345 0.999968 0.00275744 -1.4332 -0.00985687 -0.0028312 0.999947 100.656 
0.999912 0.00776602 0.0107612 -1.35561 -0.00781196 0.999961 0.00423769 -1.4512 -0.0107279 -0.00432134 0.999933 101.998 
0.999902 0.00873185 0.010977 -1.37115 -0.00879618 0.999944 0.00582965 -1.47646 -0.0109255 -0.00592559 0.999923 103.346 
0.999899 0.0078757 0.0118556 -1.41546 -0.00792609 0.99996 0.00421268 -1.48798 -0.011822 -0.00430618 0.999921 104.736 
0.999893 0.00784975 0.0123143 -1.4333 -0.00787197 0.999968 0.00176017 -1.50499 -0.0123001 -0.00185688 0.999923 106.077 
0.999896 0.00710603 0.0125513 -1.45253 -0.00711466 0.999975 0.000646252 -1.52397 -0.0125464 -0.000735441 0.999921 107.436 
0.999906 0.0048251 0.0128596 -1.46444 -0.00485081 0.999986 0.00197193 -1.54561 -0.01285 -0.00203408 0.999915 108.769 
0.999906 0.00217636 0.0135071 -1.47011 -0.00223243 0.999989 0.00414067 -1.56661 -0.013498 -0.00417039 0.9999 110.117 
0.999894 0.000370189 0.014591 -1.47559 -0.000440728 0.999988 0.00483443 -1.59038 -0.0145891 -0.0048403 0.999882 111.463 
0.999877 -0.000184758 0.0156603 -1.48106 0.000134723 0.999995 0.00319874 -1.60282 -0.0156609 -0.0031962 0.999872 112.797 
0.999868 0.00148672 0.0161658 -1.48005 -0.0015058 0.999998 0.00117054 -1.62794 -0.016164 -0.00119468 0.999869 114.138 
0.999831 0.00415824 0.0178883 -1.48828 -0.00413405 0.999991 -0.00138642 -1.64179 -0.0178939 0.00131228 0.999839 115.487 
0.99979 0.00705733 0.0192596 -1.49321 -0.00703794 0.999975 -0.00107196 -1.66482 -0.0192668 0.000936231 0.999814 116.855 
0.99974 0.00844552 0.0211914 -1.50783 -0.00846195 0.999964 0.000688043 -1.69063 -0.0211849 -0.000867143 0.999775 118.213 
0.999703 0.00850159 0.0228435 -1.51194 -0.00856982 0.999959 0.00289261 -1.7116 -0.022818 -0.00308748 0.999735 119.546 
0.999685 0.00784428 0.0238412 -1.51085 -0.00792722 0.999963 0.0033881 -1.73071 -0.0238138 -0.00357599 0.99971 120.896 
0.999647 0.00851263 0.0251707 -1.5162 -0.00858835 0.999959 0.00290364 -1.75436 -0.0251449 -0.00311875 0.999679 122.233 
0.999593 0.00993713 0.0267432 -1.51226 -0.0100035 0.999947 0.00235125 -1.77412 -0.0267185 -0.00261778 0.99964 123.596 
0.999524 0.0119737 0.0284455 -1.50885 -0.0120342 0.999926 0.00195811 -1.79388 -0.02842 -0.00229945 0.999593 124.954 
0.999458 0.0125916 0.030411 -1.51407 -0.0126277 0.99992 0.000994074 -1.81799 -0.0303961 -0.00137751 0.999537 126.317 
0.999397 0.0140068 0.0317603 -1.50947 -0.0140257 0.999902 0.000374924 -1.84435 -0.0317519 -0.000820118 0.999495 127.674 
0.999355 0.013292 0.0333467 -1.50358 -0.0133071 0.999911 0.000231923 -1.87233 -0.0333407 -0.000675479 0.999444 129.037 
0.999316 0.0127985 0.034682 -1.49075 -0.0128558 0.999916 0.00143322 -1.89236 -0.0346608 -0.00187806 0.999397 130.399 
0.999286 0.0116772 0.0359237 -1.47511 -0.011769 0.999928 0.0023457 -1.91496 -0.0358938 -0.00276678 0.999352 131.767 
0.999268 0.0108213 0.0367 -1.46258 -0.010928 0.999937 0.00270896 -1.93647 -0.0366684 -0.003108 0.999323 133.132 
0.999278 0.00881991 0.0369582 -1.44407 -0.00893649 0.999956 0.00299156 -1.96033 -0.0369302 -0.00331964 0.999312 134.485 
0.999264 0.00777861 0.037556 -1.43452 -0.00790986 0.999963 0.00334854 -1.97458 -0.0375286 -0.0036431 0.999289 135.832 
0.999298 0.00607429 0.0369569 -1.40092 -0.0061972 0.999976 0.00321322 -1.99504 -0.0369365 -0.00343995 0.999312 137.199 
0.999336 0.00472182 0.0361323 -1.37384 -0.00482643 0.999984 0.00280946 -2.00581 -0.0361186 -0.00298195 0.999343 138.575 
0.99937 0.00380706 0.0352882 -1.35447 -0.00394432 0.999985 0.00382207 -2.02686 -0.0352732 -0.00395881 0.99937 139.889 
0.999412 0.00238278 0.0342142 -1.33131 -0.00251599 0.999989 0.00385196 -2.04052 -0.0342047 -0.00393573 0.999407 141.244 
0.999445 0.00228345 0.0332373 -1.31634 -0.00241378 0.99999 0.00388309 -2.05882 -0.0332281 -0.00396112 0.99944 142.596 
0.999473 0.00238329 0.0323841 -1.30083 -0.00248413 0.999992 0.0030756 -2.07493 -0.0323765 -0.00315439 0.999471 143.954 
0.999496 0.00250819 0.0316528 -1.28906 -0.0025932 0.999993 0.00264621 -2.09737 -0.031646 -0.00272691 0.999495 145.31 
0.99953 -9.71669e-06 0.0306702 -1.26852 -4.91409e-06 1 0.000478366 -2.12205 -0.0306702 -0.00047825 0.999529 146.667 
0.999537 -0.00487937 0.0300275 -1.26056 0.00487618 0.999988 0.00018073 -2.14238 -0.0300281 -3.41849e-05 0.999549 147.993 
0.99949 -0.0132176 0.0290763 -1.23127 0.0131444 0.99991 0.00270921 -2.16697 -0.0291095 -0.00232559 0.999574 149.342 
0.999421 -0.020061 0.0274823 -1.20875 0.0199435 0.999791 0.00454412 -2.18974 -0.0275677 -0.00399335 0.999612 150.679 
0.999385 -0.0228513 0.0266084 -1.19122 0.0228268 0.999739 0.00122339 -2.20765 -0.0266294 -0.000615208 0.999645 152.018 
0.999398 -0.0220832 0.0267436 -1.17391 0.0221427 0.999753 -0.00193059 -2.23128 -0.0266944 0.00252164 0.999641 153.357 
0.99944 -0.0189143 0.0276153 -1.1618 0.0190323 0.999811 -0.00401612 -2.25752 -0.0275341 0.00453949 0.999611 154.703 
0.999411 -0.0190916 0.0285049 -1.1505 0.019203 0.999809 -0.00363744 -2.28921 -0.0284301 0.00418272 0.999587 156.042 
0.999321 -0.0224742 0.0291901 -1.13056 0.0224851 0.999747 -4.14026e-05 -2.31668 -0.0291818 0.000697756 0.999574 157.399 
0.999172 -0.0276864 0.0298019 -1.11228 0.0276205 0.999615 0.00262087 -2.33669 -0.029863 -0.00179551 0.999552 158.73 
0.999054 -0.0314456 0.0300512 -1.09257 0.0313287 0.9995 0.00435709 -2.36195 -0.0301732 -0.00341146 0.999539 160.071 
0.998985 -0.0331788 0.0304682 -1.07774 0.0330677 0.999445 0.00414461 -2.37666 -0.0305888 -0.00313285 0.999527 161.428 
0.998989 -0.0318764 0.0317167 -1.06931 0.0317237 0.999483 0.00530627 -2.40443 -0.0318695 -0.00429468 0.999483 162.775 
0.999055 -0.027975 0.0332775 -1.06199 0.0278337 0.999602 0.00470337 -2.42933 -0.0333959 -0.00377265 0.999435 164.121 
0.999111 -0.0242915 0.0344583 -1.05349 0.0242151 0.999703 0.00263324 -2.451 -0.034512 -0.00179645 0.999403 165.458 
0.99916 -0.0210884 0.0351502 -1.0313 0.0210362 0.999777 0.00185521 -2.46613 -0.0351816 -0.00111418 0.99938 166.825 
0.999184 -0.0187215 0.0357862 -1.00984 0.018644 0.999823 0.00249712 -2.48023 -0.0358267 -0.00182784 0.999356 168.2 
0.99921 -0.0168273 0.0359917 -0.987624 0.0167595 0.999857 0.00218368 -2.50052 -0.0360234 -0.00157871 0.99935 169.57 
0.999254 -0.0149544 0.0356142 -0.961101 0.0149679 0.999888 -0.000113531 -2.52458 -0.0356086 0.00064656 0.999366 170.947 
0.999293 -0.0113246 0.0358469 -0.95172 0.0114246 0.999931 -0.0025861 -2.54869 -0.0358152 0.00299385 0.999354 172.309 
0.999344 -0.00621287 0.0356919 -0.935999 0.00635904 0.999972 -0.00398178 -2.57582 -0.0356662 0.00420617 0.999355 173.689 
0.999327 -0.00101398 0.0366631 -0.931916 0.0011311 0.999994 -0.00317275 -2.59634 -0.0366597 0.00321213 0.999323 175.08 
0.999315 0.00102826 0.0369876 -0.907064 -0.00100204 0.999999 -0.00072615 -2.63245 -0.0369883 0.000688631 0.999316 176.476 
0.999313 0.00206727 0.0370056 -0.874471 -0.00211333 0.999997 0.00120675 -2.65007 -0.0370031 -0.00128408 0.999314 177.892 
0.999337 -0.00150344 0.0363731 -0.849799 0.00142308 0.999997 0.00223642 -2.6729 -0.0363764 -0.00218314 0.999336 179.276 
0.999389 -0.00328387 0.0347946 -0.820346 0.00320878 0.999992 0.00221494 -2.68952 -0.0348017 -0.00210189 0.999392 180.672 
0.999452 -0.00411171 0.0328426 -0.791576 0.00417761 0.999989 -0.00193701 -2.71578 -0.0328344 0.00207319 0.999459 182.067 
0.999505 -0.00216921 0.0313719 -0.777331 0.0023598 0.999979 -0.00603827 -2.74626 -0.0313582 0.00610936 0.99949 183.468 
0.999511 0.00289765 0.0311492 -0.77435 -0.00269 0.999974 -0.00670474 -2.77888 -0.0311678 0.00661771 0.999492 184.85 
0.999489 0.00613073 0.0313668 -0.778681 -0.00595337 0.999966 -0.00574342 -2.81067 -0.0314009 0.00555379 0.999491 186.286 
0.99947 0.00822152 0.0314976 -0.765365 -0.00814656 0.999964 -0.00250603 -2.8305 -0.0315171 0.00224815 0.999501 187.712 
0.999468 0.00830224 0.0315344 -0.744018 -0.00828772 0.999966 -0.000589609 -2.85026 -0.0315383 0.000327988 0.999503 189.166 
0.99947 0.00786504 0.03159 -0.721067 -0.00786626 0.999969 -8.42192e-05 -2.85534 -0.0315897 -0.00016428 0.999501 190.612 
0.999478 0.00603878 0.0317536 -0.697074 -0.00606842 0.999981 0.00083837 -2.87947 -0.031748 -0.00103058 0.999495 192.055 
0.999482 0.00366358 0.0319809 -0.680622 -0.00370082 0.999993 0.00110678 -2.89959 -0.0319767 -0.00122452 0.999488 193.494 
0.999485 0.000786205 0.0320697 -0.661638 -0.000831454 0.999999 0.001399 -2.92236 -0.0320686 -0.00142491 0.999485 194.947 
0.999459 -0.00217792 0.0328072 -0.640161 0.00209718 0.999995 0.00249669 -2.94103 -0.0328125 -0.0024265 0.999459 196.398 
0.999426 -0.00677047 0.033181 -0.611506 0.00663912 0.99997 0.00406833 -2.96035 -0.0332076 -0.00384566 0.999441 197.844 
0.999378 -0.00899686 0.0341101 -0.604065 0.00886527 0.999953 0.00400837 -2.97788 -0.0341445 -0.00370344 0.99941 199.278 
0.999388 -0.00705332 0.0342639 -0.577515 0.00707831 0.999975 -0.000606979 -2.99585 -0.0342588 0.00084918 0.999413 200.717 
0.999397 -0.000119878 0.0347363 -0.560933 0.000309217 0.999985 -0.00544419 -3.02491 -0.0347351 0.00545169 0.999382 202.151 
0.999309 0.0090635 0.0360362 -0.550521 -0.00886733 0.999945 -0.00559844 -3.051 -0.036085 0.00527507 0.999335 203.591 
0.99916 0.0169691 0.0372968 -0.542277 -0.016905 0.999855 -0.00203368 -3.07769 -0.037326 0.00140151 0.999302 205.026 
0.999111 0.0180901 0.0380908 -0.515808 -0.0181023 0.999836 -2.43502e-05 -3.09602 -0.038085 -0.00066516 0.999274 206.518 
0.999155 0.0161753 0.03778 -0.487332 -0.0161964 0.999869 0.00025135 -3.1121 -0.037771 -0.000862995 0.999286 207.973 
0.999245 0.0129009 0.0366547 -0.460521 -0.0129146 0.999917 0.00013934 -3.13175 -0.0366499 -0.000612575 0.999328 209.435 
0.999312 0.0104128 0.0355909 -0.426848 -0.010411 0.999946 -0.000235004 -3.16076 -0.0355914 -0.000135651 0.999366 210.884 
0.99931 0.0111613 0.0354284 -0.40846 -0.0111477 0.999938 -0.000578945 -3.18805 -0.0354327 0.000183641 0.999372 212.343 
0.999293 0.0126694 0.0353977 -0.388167 -0.0126641 0.99992 -0.000374522 -3.21389 -0.0353997 -7.39812e-05 0.999373 213.801 
0.999244 0.0147769 0.0359542 -0.375408 -0.0148026 0.99989 0.000450096 -3.23464 -0.0359437 -0.000981931 0.999353 215.282 
0.999281 0.0134949 0.0354294 -0.344381 -0.0135056 0.999909 6.41119e-05 -3.26185 -0.0354253 -0.000542521 0.999372 216.749 
0.999277 0.0137618 0.0354522 -0.325181 -0.0137356 0.999905 -0.00098174 -3.2873 -0.0354624 0.000494112 0.999371 218.219 
0.999293 0.0127042 0.0353766 -0.302264 -0.0126738 0.999919 -0.0010822 -3.30914 -0.0353875 0.000633124 0.999374 219.699 
0.999289 0.0135643 0.0351746 -0.28207 -0.0135246 0.999908 -0.00136459 -3.33218 -0.0351899 0.000887942 0.99938 221.197 
0.999288 0.0134809 0.0352392 -0.26848 -0.0134363 0.999909 -0.00150047 -3.3528 -0.0352563 0.00102596 0.999378 222.701 
0.999297 0.0131315 0.0351193 -0.249311 -0.0130856 0.999913 -0.0015334 -3.38046 -0.0351365 0.00107281 0.999382 224.199 
0.999285 0.0145036 0.0349171 -0.232587 -0.014456 0.999894 -0.00161486 -3.40929 -0.0349369 0.00110898 0.999389 225.69 
0.999289 0.0139586 0.0350286 -0.227736 -0.0139163 0.999902 -0.00144937 -3.44009 -0.0350454 0.000960915 0.999385 227.21 
0.999264 0.0146393 0.0354707 -0.222695 -0.0146052 0.999893 -0.00121888 -3.47462 -0.0354848 0.000699967 0.99937 228.671 
0.999256 0.0143582 0.0357838 -0.209397 -0.0143234 0.999897 -0.00122664 -3.50083 -0.0357978 0.000713226 0.999359 230.191 
0.999275 0.0128243 0.0358559 -0.183129 -0.0127878 0.999917 -0.0012451 -3.52808 -0.0358689 0.000785718 0.999356 231.702 
0.999275 0.0120244 0.0361184 -0.162611 -0.0119975 0.999928 -0.000961572 -3.55575 -0.0361274 0.000527586 0.999347 233.24 
0.99929 0.0111287 0.0360026 -0.117272 -0.0111274 0.999938 -0.000234487 -3.57963 -0.0360031 -0.000166254 0.999352 234.779 
0.999279 0.0112273 0.0362831 -0.0965918 -0.0112233 0.999937 -0.000312147 -3.60015 -0.0362844 -9.52542e-05 0.999342 236.303 
0.999276 0.0113145 0.0363339 -0.0733975 -0.0113085 0.999936 -0.000369363 -3.62571 -0.0363358 -4.17443e-05 0.99934 237.825 
0.999258 0.0122816 0.0365048 -0.0413112 -0.0122422 0.999924 -0.00130195 -3.65104 -0.0365181 0.000854125 0.999333 239.324 
0.999215 0.0133209 0.0373177 -0.0298164 -0.0133015 0.999911 -0.00076631 -3.67198 -0.0373246 0.000269368 0.999303 240.859 
0.99919 0.0132903 0.03799 -0.00268733 -0.01335 0.99991 0.00132005 -3.69679 -0.0379691 -0.0018261 0.999277 242.367 
0.999165 0.0129531 0.0387623 0.0213703 -0.0130401 0.999913 0.00199519 -3.72118 -0.0387331 -0.00249895 0.999247 243.874 
0.999135 0.013565 0.0393095 0.0514679 -0.0135836 0.999908 0.000207887 -3.74154 -0.0393031 -0.000741632 0.999227 245.392 
0.999136 0.0133058 0.0393635 0.091306 -0.0132817 0.999911 -0.000873226 -3.76846 -0.0393717 0.0003497 0.999225 246.945 
0.99911 0.0138962 0.039817 0.116736 -0.0138797 0.999903 -0.000688215 -3.78888 -0.0398227 0.000134995 0.999207 248.471 
0.999139 0.0133438 0.0392806 0.159839 -0.0133709 0.999911 0.000429524 -3.81285 -0.0392714 -0.000954331 0.999228 250.021 
0.999161 0.0132912 0.038736 0.20025 -0.0133434 0.99991 0.00109042 -3.84212 -0.0387181 -0.00160633 0.999249 251.556 
0.999149 0.0138709 0.0388573 0.229954 -0.0139139 0.999903 0.000838665 -3.86195 -0.0388419 -0.00137857 0.999244 253.121 
0.999117 0.0151382 0.0391996 0.261364 -0.0151828 0.999884 0.000840689 -3.88041 -0.0391823 -0.00143506 0.999231 254.664 
0.999099 0.0162919 0.0391939 0.292176 -0.016326 0.999867 0.000550341 -3.89712 -0.0391798 -0.00118968 0.999232 256.218 
0.999087 0.016425 0.0394297 0.321703 -0.0164706 0.999864 0.000833112 -3.9209 -0.0394107 -0.00148174 0.999222 257.772 
0.999107 0.0150442 0.0394953 0.358528 -0.0150976 0.999886 0.00105649 -3.94658 -0.0394749 -0.00165179 0.999219 259.312 
0.99914 0.0133579 0.0392584 0.396888 -0.0134346 0.999908 0.00169107 -3.96665 -0.0392322 -0.002217 0.999228 260.862 
0.999134 0.0106435 0.0402323 0.412825 -0.0107596 0.999939 0.00267006 -3.99455 -0.0402014 -0.00310059 0.999187 262.4 
0.999136 0.00841209 0.0406937 0.43236 -0.00853689 0.999959 0.00289488 -4.03147 -0.0406677 -0.00323974 0.999168 263.92 
0.999132 0.00733524 0.0410165 0.452657 -0.00741054 0.999971 0.00168507 -4.05027 -0.041003 -0.00198752 0.999157 265.46 
0.999125 0.00519513 0.0415102 0.491572 -0.00535332 0.999979 0.00370158 -4.07278 -0.0414901 -0.00392052 0.999131 267.014 
0.999093 0.00406124 0.0423814 0.523522 -0.00427498 0.999979 0.00495488 -4.0878 -0.0423604 -0.00513152 0.999089 268.566 
0.999088 0.00274563 0.0426173 0.560247 -0.00292206 0.999987 0.00407903 -4.10238 -0.0426056 -0.00419979 0.999083 270.121 
0.999069 0.00308092 0.0430213 0.609251 -0.00320363 0.999991 0.00278452 -4.12014 -0.0430123 -0.00291971 0.99907 271.696 
0.99905 0.00391073 0.0434003 0.659482 -0.00401847 0.999989 0.00239642 -4.14097 -0.0433905 -0.00256851 0.999055 273.267 
0.99897 0.00574669 0.0450144 0.686514 -0.00586268 0.99998 0.00244614 -4.16452 -0.0449995 -0.00270748 0.998983 274.795 
0.998909 0.00720732 0.0461487 0.71918 -0.00730297 0.999972 0.00190512 -4.18147 -0.0461337 -0.00224002 0.998933 276.336 
0.998842 0.00853591 0.0473411 0.755062 -0.00861633 0.999962 0.00149598 -4.20426 -0.0473266 -0.00190212 0.998878 277.884 
0.9988 0.00949935 0.0480446 0.799972 -0.00956385 0.999954 0.00111359 -4.22928 -0.0480319 -0.0015717 0.998845 279.418 
0.998776 0.00842387 0.0487345 0.836128 -0.00847436 0.999964 0.000830471 -4.2527 -0.0487258 -0.00124241 0.998811 281.047 
0.998729 0.00694404 0.049931 0.889175 -0.00696905 0.999976 0.000327663 -4.27801 -0.0499275 -0.000675177 0.998753 282.581 
0.998668 0.0063572 0.0512046 0.934848 -0.00638584 0.99998 0.000396524 -4.29655 -0.051201 -0.000722939 0.998688 284.152 
0.998639 0.0048857 0.0519348 0.989129 -0.00498375 0.999986 0.00175938 -4.3284 -0.0519255 -0.00201578 0.998649 285.687 
0.998627 0.00400386 0.0522323 1.04256 -0.00411026 0.99999 0.00193069 -4.34974 -0.0522241 -0.00214269 0.998633 287.287 
0.998645 0.0033422 0.0519249 1.11145 -0.00332898 0.999994 -0.000340332 -4.38316 -0.0519258 0.000167055 0.998651 288.892 
0.998642 0.00357816 0.0519724 1.16497 -0.00343355 0.99999 -0.00287072 -4.40372 -0.0519822 0.00268841 0.998644 290.463 
0.998665 0.0032477 0.0515619 1.21603 -0.00309313 0.999991 -0.00307639 -4.42373 -0.0515714 0.00291284 0.998665 292 
0.998727 0.00185516 0.050404 1.26259 -0.00171198 0.999994 -0.00288278 -4.45385 -0.0504091 0.00279286 0.998725 293.547 
0.998772 0.00235363 0.0494806 1.30647 -0.00218612 0.999992 -0.0034384 -4.47975 -0.0494883 0.00332605 0.998769 295.106 
0.998801 0.0032431 0.0488384 1.35097 -0.00307597 0.999989 -0.00349599 -4.50848 -0.0488493 0.00334162 0.998801 296.668 
0.998833 0.00280238 0.0482163 1.39776 -0.00265577 0.999992 -0.00310351 -4.53617 -0.0482247 0.00297188 0.998832 298.235 
0.998851 0.00180771 0.0478968 1.40978 -0.00167428 0.999995 -0.00282499 -4.55975 -0.0479017 0.00274159 0.998848 299.81 
0.99889 0.00113311 0.0470973 1.45549 -0.00106983 0.999999 -0.00136791 -4.58522 -0.0470989 0.00131605 0.998889 301.453 
0.998918 0.00255987 0.0464264 1.50154 -0.0025636 0.999997 2.16899e-05 -4.61316 -0.0464262 -0.000140644 0.998922 303.062 
0.998858 0.00361794 0.0476512 1.53622 -0.00361845 0.999993 -7.47273e-05 -4.63451 -0.0476512 -9.77404e-05 0.998864 304.666 
0.998833 0.00348986 0.0481691 1.59563 -0.00348293 0.999994 -0.000226896 -4.65764 -0.0481697 5.89021e-05 0.998839 306.344 
0.998818 0.00200828 0.048567 1.64727 -0.00199699 0.999998 -0.000280158 -4.68076 -0.0485675 0.00018288 0.99882 307.949 
0.998821 -0.000688799 0.0485399 1.70367 0.000721721 1 -0.000659817 -4.72695 -0.0485395 0.000694113 0.998821 309.578 
0.998807 -0.00177373 0.0487932 1.7603 0.00191172 0.999994 -0.00278058 -4.74819 -0.048788 0.00287058 0.998805 311.252 
0.998817 -0.00199343 0.0485893 1.81301 0.00218107 0.99999 -0.00380798 -4.77587 -0.0485813 0.00390949 0.998812 312.863 
0.998938 -0.0015118 0.0460548 1.86358 0.00173061 0.999987 -0.0047106 -4.80781 -0.0460472 0.00478535 0.998928 314.464 
0.999009 -0.000594571 0.0445153 1.88418 0.000776012 0.999992 -0.00405779 -4.83438 -0.0445125 0.00408835 0.999001 316.087 
0.999009 0.000349111 0.0445107 1.90376 -0.000321115 1 -0.000635147 -4.86513 -0.044511 0.000620266 0.999009 317.722 
0.998984 -0.00160843 0.0450345 1.95537 0.0014981 0.999996 0.00248442 -4.88872 -0.0450384 -0.00241439 0.998982 319.362 
0.998976 -0.00217297 0.045188 2.00278 0.00204254 0.999994 0.00293337 -4.90579 -0.0451941 -0.00283803 0.998974 321.018 
0.998951 -0.00304667 0.0456955 2.03567 0.00297534 0.999994 0.00162994 -4.92638 -0.0457002 -0.00149223 0.998954 322.649 
0.998921 -0.00385011 0.0462915 2.07545 0.0037786 0.999992 0.00163331 -4.95112 -0.0462974 -0.00145659 0.998927 324.297 
0.998892 -0.00396768 0.0469037 2.11382 0.00387965 0.999991 0.00196868 -4.97853 -0.0469111 -0.00178449 0.998898 325.936 
0.998844 -0.00387975 0.0479188 2.14879 0.00378179 0.999991 0.00213576 -5.00377 -0.0479267 -0.00195203 0.998849 327.575 
0.998815 -0.00212914 0.0486242 2.19035 0.0020791 0.999997 0.0010806 -5.02948 -0.0486264 -0.00097818 0.998817 329.249 
0.99877 -0.00137529 0.0495592 2.23083 0.00134983 0.999999 0.000548177 -5.05436 -0.04956 -0.000480566 0.998771 330.895 
0.998715 -0.0027937 0.050606 2.28425 0.00266825 0.999993 0.00254728 -5.08107 -0.0506128 -0.00240894 0.998715 332.525 
0.998692 -0.00380623 0.0509982 2.33434 0.00363823 0.999988 0.00338763 -5.10577 -0.0510105 -0.00319762 0.998693 334.146 
0.998662 -0.00513061 0.0514617 2.37695 0.0050101 0.999984 0.00247131 -5.13204 -0.0514737 -0.00221014 0.998672 335.77 
0.998658 -0.00385631 0.0516455 2.42865 0.00371956 0.999989 0.00274454 -5.16103 -0.0516555 -0.00254872 0.998662 337.371 
0.998637 -0.00130735 0.0521787 2.45856 0.00129851 0.999999 0.000204163 -5.17688 -0.052179 -0.000136089 0.998638 339.001 
0.998645 -5.87113e-05 0.052032 2.51167 0.0001814 0.999997 -0.00235238 -5.21465 -0.0520318 0.00235867 0.998643 340.652 
0.998651 0.00146947 0.0519087 2.54914 -0.00137664 0.999997 -0.00182312 -5.24337 -0.0519112 0.00174925 0.99865 342.252 
0.998659 0.00276773 0.0516948 2.58725 -0.00285068 0.999995 0.00153172 -5.27269 -0.0516903 -0.00167699 0.998662 343.871 
0.998675 0.00356521 0.051345 2.6292 -0.00378999 0.999984 0.00428204 -5.29395 -0.051329 -0.00447092 0.998672 345.5 
0.998715 0.00381679 0.0505348 2.67243 -0.00396603 0.999988 0.00285419 -5.3072 -0.0505233 -0.00305091 0.998718 347.127 
0.998791 0.00299055 0.0490591 2.71409 -0.00307962 0.999994 0.00174089 -5.33489 -0.0490536 -0.00188983 0.998794 348.745 
0.998864 0.00166252 0.0476143 2.7503 -0.00181302 0.999994 0.00311864 -5.35927 -0.0476089 -0.00320138 0.998861 350.387 
0.998876 0.000174041 0.0473956 2.78315 -0.000341685 0.999994 0.00352995 -5.37638 -0.0473948 -0.00354214 0.99887 352.024 
0.998896 -0.000214539 0.0469706 2.83302 9.03946e-05 0.999997 0.00264605 -5.39881 -0.0469711 -0.00263884 0.998893 353.656 
0.998903 -0.00108136 0.0468167 2.87198 0.0009921 0.999998 0.00193081 -5.42118 -0.0468187 -0.0018822 0.998902 355.28 
0.998902 -0.00131291 0.0468363 2.92197 0.00122095 0.999997 0.00199287 -5.44881 -0.0468389 -0.00193346 0.998901 356.869 
0.998879 -0.00184949 0.0473076 2.96269 0.00175966 0.999997 0.00194125 -5.47021 -0.0473111 -0.00185579 0.998879 358.48 
0.998873 -0.00270667 0.0473889 3.01293 0.00263684 0.999995 0.001537 -5.49747 -0.0473929 -0.00141027 0.998875 360.078 
0.998859 -0.00282281 0.0476839 3.05215 0.00278066 0.999996 0.000951135 -5.52256 -0.0476865 -0.000817415 0.998862 361.704 
0.998845 -0.00348102 0.0479316 3.09769 0.00341975 0.999993 0.00136111 -5.55188 -0.047936 -0.00119558 0.99885 363.304 
0.998809 -0.00271935 0.0487096 3.13586 0.00269685 0.999996 0.000528648 -5.57975 -0.0487109 -0.000396615 0.998813 364.921 
0.9988 -0.00387236 0.0488235 3.17896 0.0039142 0.999992 -0.000760361 -5.60286 -0.0488202 0.000950594 0.998807 366.499 
0.998787 -0.00595286 0.0488709 3.22632 0.00589278 0.999982 0.0013743 -5.6274 -0.0488782 -0.00108461 0.998804 368.1 
0.998788 -0.00743322 0.0486516 3.28648 0.00734548 0.999971 0.00198276 -5.65031 -0.048665 -0.00162294 0.998814 369.723 
0.998756 -0.00751556 0.0492985 3.31643 0.00747931 0.999972 0.000920551 -5.67218 -0.049304 -0.000550646 0.998784 371.329 
0.998756 -0.00704448 0.0493597 3.3698 0.00702133 0.999975 0.000643131 -5.69909 -0.049363 -0.000295719 0.998781 372.923 
0.998747 -0.00550746 0.049736 3.41239 0.00543617 0.999984 0.00156937 -5.72623 -0.0497439 -0.00129698 0.998761 374.505 
0.998731 -0.00436579 0.0501686 3.4612 0.00424288 0.999988 0.00255709 -5.75163 -0.0501792 -0.00234095 0.998738 376.108 
0.998703 -0.00425392 0.0507286 3.51467 0.00413166 0.999988 0.00251557 -5.7842 -0.0507387 -0.00230268 0.998709 377.717 
0.998704 -0.00549343 0.0505956 3.56252 0.00540404 0.999984 0.00190438 -5.81211 -0.0506053 -0.00162845 0.998717 379.301 
0.998702 -0.0049789 0.0506888 3.61442 0.00491008 0.999987 0.00148294 -5.83523 -0.0506956 -0.00123208 0.998713 380.935 
0.998663 -0.00442675 0.0515067 3.6611 0.00436387 0.99999 0.00133395 -5.85992 -0.0515121 -0.00110735 0.998672 382.548 
0.998656 -0.00345575 0.0517151 3.71514 0.00338623 0.999993 0.00143273 -5.88456 -0.0517197 -0.00125564 0.998661 384.18 
0.998629 -0.00124706 0.0523315 3.76065 0.00116891 0.999998 0.00152487 -5.90588 -0.0523333 -0.00146157 0.998629 385.792 
0.998619 8.98035e-05 0.0525336 3.82389 -0.000140742 1 0.000966764 -5.9265 -0.0525335 -0.000972782 0.998619 387.445 
0.998642 0.000545767 0.0520884 3.89721 -0.000538746 1 -0.000147997 -5.94311 -0.0520885 0.000119774 0.998643 389.1 
0.998635 0.00152517 0.052202 3.95585 -0.00151917 0.999999 -0.000153858 -5.97597 -0.0522022 7.43848e-05 0.998637 390.708 
0.998613 0.00268761 0.0525734 4.01204 -0.00270368 0.999996 0.000235316 -5.99167 -0.0525726 -0.00037709 0.998617 392.333 
0.998605 0.00332819 0.0526916 4.07445 -0.00337515 0.999994 0.000803145 -6.02332 -0.0526887 -0.000979826 0.998611 393.97 
0.998554 0.00450211 0.0535726 4.11714 -0.00451555 0.99999 0.000130713 -6.04284 -0.0535715 -0.000372393 0.998564 395.604 
0.998521 0.00503626 0.0541373 4.16789 -0.00505012 0.999987 0.000120002 -6.0672 -0.054136 -0.000393184 0.998534 397.211 
0.998503 0.00461976 0.0544955 4.22863 -0.00466452 0.999989 0.000694898 -6.0917 -0.0544918 -0.000948013 0.998514 398.852 
0.998499 0.0041254 0.0546159 4.29165 -0.00412113 0.999992 -0.00019006 -6.12071 -0.0546163 -3.52636e-05 0.998507 400.518 
0.998485 0.00449194 0.0548392 4.35673 -0.00442061 0.999989 -0.00142127 -6.14701 -0.054845 0.00117674 0.998494 402.183 
0.998449 0.00271123 0.0556106 4.39437 -0.00264197 0.999996 -0.00131808 -6.17453 -0.055614 0.00116915 0.998452 403.841 
0.99843 0.00130312 0.0559929 4.45122 -0.00130854 0.999999 6.0784e-05 -6.202 -0.0559929 -0.000133917 0.998431 405.485 
0.998433 -0.000303475 0.0559598 4.51916 0.000204127 0.999998 0.00178183 -6.23233 -0.0559603 -0.00176757 0.998431 407.149 
0.998411 -0.00162733 0.0563273 4.57918 0.00157394 0.999998 0.000992906 -6.26213 -0.0563289 -0.000902631 0.998412 408.797 
0.998411 -0.00275332 0.056283 4.64313 0.00272674 0.999996 0.000549887 -6.29128 -0.0562843 -0.000395504 0.998415 410.436 
