1 2.12261e-08 -2.11895e-08 0 2.12261e-08 1 2.10703e-08 0 -2.11895e-08 2.10703e-08 1 0 
0.999997 -0.00167654 -0.00155089 -0.00766332 0.0016753 0.999998 -0.000831542 -0.0113378 0.00155224 0.000828984 0.999998 0.5795 
0.999995 -0.00235281 -0.00229478 -0.0313465 0.00234771 0.999995 -0.00224173 -0.0237351 0.0023 0.00223637 0.999995 1.14605 
0.999988 -0.00261449 -0.00404571 -0.0465794 0.00260065 0.999991 -0.00343203 -0.039164 0.0040546 0.00342151 0.999986 1.71598 
0.999971 -0.00483386 -0.00591187 -0.0598241 0.00480328 0.999975 -0.00518238 -0.0470513 0.00593673 0.00515387 0.999969 2.2834 
0.999948 -0.00708249 -0.00735678 -0.0739794 0.00703162 0.999951 -0.00692377 -0.0626567 0.00740541 0.00687172 0.999949 2.85044 
0.999931 -0.00803575 -0.00859168 -0.0946924 0.00796811 0.999937 -0.00788319 -0.0711292 0.00865444 0.00781423 0.999932 3.43355 
0.999915 -0.00829946 -0.0100892 -0.105948 0.00822749 0.999941 -0.00715834 -0.0844193 0.010148 0.00707476 0.999924 4.025 
0.9999 -0.008633 -0.0111958 -0.125335 0.0085473 0.999934 -0.0076836 -0.0978953 0.0112614 0.00758718 0.999908 4.6186 
0.999893 -0.00799878 -0.0122155 -0.147139 0.00787426 0.999917 -0.0102116 -0.117936 0.0122961 0.0101144 0.999873 5.21901 
0.999899 -0.00578578 -0.0130166 -0.176514 0.00560018 0.999883 -0.0142542 -0.132348 0.0130976 0.0141799 0.999814 5.82002 
0.999885 -0.00451632 -0.0144967 -0.19527 0.00425381 0.999827 -0.0180915 -0.144103 0.0145759 0.0180278 0.999731 6.44485 
0.999874 -0.00301151 -0.0155594 -0.222085 0.00272863 0.999831 -0.0181724 -0.154531 0.0156114 0.0181277 0.999714 7.07763 
0.999859 -0.000310761 -0.016779 -0.247624 0.000120073 0.999935 -0.011367 -0.167952 0.0167814 0.0113634 0.999795 7.72853 
0.999846 0.00050642 -0.0175691 -0.273943 -0.000516286 1 -0.00055941 -0.185835 0.0175688 0.000568437 0.999846 8.40106 
0.999831 0.00168481 -0.0183128 -0.302591 -0.00157771 0.999982 0.00585911 -0.197758 0.0183223 -0.00582918 0.999815 9.07824 
0.999799 0.00398168 -0.0196706 -0.328723 -0.00388274 0.99998 0.00506329 -0.212753 0.0196903 -0.00498585 0.999794 9.76585 
0.999773 0.00625214 -0.0203653 -0.362304 -0.00630273 0.999977 -0.0024229 -0.217089 0.0203496 0.00255075 0.99979 10.4741 
0.99975 0.00602777 -0.0215508 -0.388252 -0.00621421 0.999944 -0.00859705 -0.217766 0.0214977 0.00872886 0.999731 11.1872 
0.999727 0.00372338 -0.0230535 -0.407964 -0.00388863 0.999967 -0.00712935 -0.216846 0.0230262 0.00721709 0.999709 11.9385 
0.999716 0.00250775 -0.0236868 -0.436518 -0.00246213 0.999995 0.00195315 -0.222615 0.0236916 -0.00189424 0.999718 12.7036 
0.999711 0.00209452 -0.0239466 -0.471213 -0.00186687 0.999953 0.00952354 -0.231281 0.0239654 -0.00947604 0.999668 13.4847 
0.999704 0.0011644 -0.0243219 -0.50655 -0.000874322 0.999928 0.0119321 -0.231939 0.024334 -0.0119073 0.999633 14.2795 
0.999696 -0.00118331 -0.0246112 -0.537131 0.00144752 0.999942 0.0107185 -0.229601 0.024597 -0.0107508 0.99964 15.0804 
0.999713 -0.0017329 -0.0238924 -0.5721 0.00192885 0.999965 0.00817903 -0.228171 0.0238774 -0.00822272 0.999681 15.9111 
0.999722 0.000546211 -0.0235726 -0.604807 -0.000434267 0.999989 0.004752 -0.228846 0.0235749 -0.0047404 0.999711 16.7462 
0.999736 -0.00260294 -0.0228422 -0.634312 0.00259499 0.999997 -0.000379917 -0.240443 0.022843 0.000320584 0.999739 17.5994 
0.999735 -0.00480396 -0.0225099 -0.655769 0.0046544 0.999967 -0.00669399 -0.24955 0.0225412 0.00658749 0.999724 18.4685 
0.999763 -0.00368744 -0.0214353 -0.692714 0.00343093 0.999922 -0.0119934 -0.264715 0.0214779 0.0119171 0.999698 19.3574 
0.99977 -0.00240274 -0.0213165 -0.727837 0.00212668 0.999914 -0.0129655 -0.280005 0.0213457 0.0129172 0.999689 20.2686 
0.999763 -0.00201887 -0.0216983 -0.762892 0.00175439 0.999924 -0.0122033 -0.306536 0.0217213 0.0121624 0.99969 21.1982 
0.999763 -0.000445981 -0.021773 -0.799449 0.000145557 0.999905 -0.0137996 -0.325941 0.0217771 0.0137932 0.999668 22.1351 
0.999755 0.00263501 -0.021957 -0.836729 -0.00298213 0.999871 -0.0157931 -0.350017 0.0219125 0.0158547 0.999634 23.0904 
0.999745 0.00608467 -0.0217315 -0.890411 -0.00644584 0.999842 -0.0165905 -0.375279 0.021627 0.0167264 0.999626 24.0619 
0.999731 0.00797916 -0.0217848 -0.932579 -0.00834037 0.999828 -0.0165427 -0.402524 0.0216491 0.01672 0.999626 25.0356 
0.999718 0.00898829 -0.0220015 -0.976945 -0.00935971 0.999814 -0.0168389 -0.43196 0.0218461 0.0170401 0.999616 26.0236 
0.999714 0.00858495 -0.022301 -1.01626 -0.00895959 0.99982 -0.0167558 -0.45969 0.0221531 0.0169508 0.999611 27.0185 
0.999696 0.00942152 -0.0227658 -1.05665 -0.0097747 0.999833 -0.0154543 -0.491813 0.0226163 0.0156722 0.999621 28.0168 
0.999678 0.0103563 -0.0231673 -1.09869 -0.0106752 0.999849 -0.0136873 -0.519306 0.023022 0.0139303 0.999638 29.0281 
0.999654 0.0109751 -0.0238975 -1.13603 -0.0112726 0.99986 -0.0123491 -0.548311 0.0237585 0.0126143 0.999638 30.0452 
0.999651 0.0107453 -0.0241269 -1.17844 -0.0110706 0.999849 -0.0133908 -0.575469 0.0239794 0.0136533 0.999619 31.0726 
0.999618 0.0122838 -0.0247763 -1.22001 -0.0126409 0.999818 -0.0143079 -0.601592 0.024596 0.0146157 0.999591 32.1116 
0.999616 0.0117099 -0.0251241 -1.26632 -0.0120425 0.999841 -0.0131299 -0.634106 0.0249664 0.0134275 0.999598 33.1523 
0.999604 0.0109762 -0.0259083 -1.30613 -0.0112534 0.999881 -0.0105779 -0.659993 0.0257891 0.0108653 0.999608 34.2069 
0.999582 0.0113727 -0.0265685 -1.35105 -0.0115628 0.999909 -0.00701421 -0.681016 0.0264863 0.00731853 0.999622 35.2677 
0.999562 0.011526 -0.0272477 -1.399 -0.0116607 0.999921 -0.00479352 -0.702194 0.0271902 0.00510919 0.999617 36.3392 
0.999554 0.0113206 -0.0276455 -1.44378 -0.0114342 0.999927 -0.00395747 -0.729963 0.0275986 0.00427185 0.99961 37.4125 
0.999551 0.0108449 -0.0279375 -1.49812 -0.0109981 0.999925 -0.0053379 -0.751833 0.0278775 0.00564281 0.999595 38.493 
0.999521 0.0113637 -0.0287747 -1.55039 -0.0115339 0.999917 -0.00575778 -0.772867 0.0287068 0.00608695 0.999569 39.581 
0.99951 0.0110033 -0.02931 -1.6057 -0.0111383 0.999928 -0.00444764 -0.796024 0.0292589 0.00477197 0.999561 40.6707 
0.99949 0.0108057 -0.0300508 -1.65796 -0.0108821 0.999938 -0.00238024 -0.818371 0.0300232 0.00270609 0.999546 41.7612 
0.999489 0.0110473 -0.0300099 -1.71996 -0.0110513 0.999939 3.19677e-05 -0.837804 0.0300083 0.000299739 0.99955 42.8441 
0.99947 0.0124379 -0.0300839 -1.78046 -0.0124505 0.999923 -0.000232441 -0.857212 0.0300786 0.00060692 0.999547 43.9295 
0.999448 0.0136855 -0.0302613 -1.83732 -0.0138116 0.999897 -0.00396367 -0.884073 0.0302039 0.00437948 0.999534 45.0055 
0.999442 0.0146855 -0.0300003 -1.89674 -0.0149208 0.99986 -0.00763786 -0.908828 0.0298839 0.00808127 0.999521 46.0806 
0.999439 0.0152125 -0.029845 -1.95221 -0.0154567 0.999849 -0.00797153 -0.93211 0.0297191 0.0084284 0.999523 47.1668 
0.99944 0.0158066 -0.0294827 -2.009 -0.0159713 0.999858 -0.0053616 -0.95664 0.0293938 0.00582952 0.999551 48.2491 
0.999437 0.0162554 -0.0293584 -2.06192 -0.0163515 0.999862 -0.0030363 -0.982523 0.0293049 0.00351469 0.999564 49.3383 
0.999458 0.0150155 -0.029301 -2.11248 -0.0150777 0.999885 -0.00190267 -1.00325 0.029269 0.00234347 0.999569 50.4261 
0.999473 0.0148628 -0.0288737 -2.16405 -0.0149442 0.999885 -0.00261001 -1.02808 0.0288315 0.00304018 0.99958 51.5216 
0.999488 0.0139762 -0.0287805 -2.21486 -0.014118 0.999889 -0.00473302 -1.04429 0.0287111 0.00513697 0.999575 52.6274 
0.999493 0.0141168 -0.0285263 -2.2605 -0.0143149 0.999875 -0.00675346 -1.07141 0.0284274 0.00715843 0.99957 53.7281 
0.999526 0.012638 -0.0280853 -2.31992 -0.0128998 0.999875 -0.00916189 -1.09709 0.0279659 0.00951988 0.999564 54.8364 
0.999536 0.0110391 -0.0283753 -2.36287 -0.0113911 0.99986 -0.0122745 -1.13137 0.0282358 0.0125921 0.999522 55.9256 
0.999564 0.00947 -0.0279704 -2.41563 -0.00986993 0.999851 -0.0141967 -1.15654 0.0278317 0.0144666 0.999508 57.0151 
0.99958 0.0079052 -0.0278727 -2.46203 -0.00823311 0.999898 -0.011671 -1.18962 0.0277775 0.0118956 0.999543 58.104 
0.99959 0.00598254 -0.0279971 -2.50244 -0.00614494 0.999965 -0.00571975 -1.21948 0.0279619 0.00588949 0.999592 59.1954 
0.999602 0.00441475 -0.0278648 -2.5537 -0.00440536 0.99999 0.000396756 -1.24448 0.0278662 -0.000273801 0.999612 60.3004 
0.99961 0.00281183 -0.0277904 -2.60433 -0.00277956 0.999995 0.00119842 -1.26484 0.0277936 -0.00112067 0.999613 61.3984 
0.999613 -0.000665667 -0.0278119 -2.64472 0.000613985 0.999998 -0.00186827 -1.28226 0.027813 0.00185052 0.999611 62.5055 
0.999592 -0.00231624 -0.0284666 -2.68665 0.00217709 0.999986 -0.00491958 -1.30261 0.0284776 0.00485564 0.999583 63.5984 
0.999589 -0.000525255 -0.0286617 -2.73557 0.000269287 0.99996 -0.00893526 -1.32857 0.0286652 0.00892391 0.999549 64.6868 
0.999581 -0.000340142 -0.0289485 -2.78118 -4.57841e-05 0.999911 -0.0133312 -1.3528 0.0289504 0.013327 0.999492 65.7785 
0.999585 0.00265587 -0.0286799 -2.83502 -0.0030539 0.9999 -0.0138449 -1.38117 0.0286402 0.0139268 0.999493 66.8975 
0.999591 0.00658198 -0.0278246 -2.89715 -0.00686409 0.999926 -0.010057 -1.41561 0.0277563 0.0102439 0.999562 68.0118 
0.999578 0.00810333 -0.027895 -2.94688 -0.00833127 0.999933 -0.00806615 -1.44296 0.0278277 0.00829519 0.999578 69.1131 
0.99957 0.00754614 -0.0283289 -2.99105 -0.00775263 0.999944 -0.00718778 -1.47181 0.0282731 0.00740436 0.999573 70.2186 
0.999581 0.00577936 -0.0283496 -3.03596 -0.00596314 0.999962 -0.00640389 -1.4999 0.0283114 0.0065703 0.999578 71.3135 
0.999578 0.00461503 -0.0286678 -3.08752 -0.0047613 0.999976 -0.0050373 -1.52474 0.0286438 0.00517172 0.999576 72.4182 
0.999569 0.00302762 -0.0291951 -3.12972 -0.00311438 0.999991 -0.0029281 -1.55145 0.029186 0.00301781 0.999569 73.5141 
0.999542 0.00183594 -0.0301943 -3.17697 -0.00186993 0.999998 -0.00109878 -1.57834 0.0301922 0.00115478 0.999543 74.6191 
0.99951 0.000981054 -0.0313009 -3.21832 -0.00104932 0.999997 -0.00216595 -1.60555 0.0312986 0.00219778 0.999508 75.7097 
0.999488 0.00139983 -0.0319643 -3.27598 -0.00159317 0.999981 -0.00602519 -1.62855 0.0319552 0.00607307 0.999471 76.7989 
0.99945 0.00192392 -0.0331194 -3.32811 -0.00219655 0.999964 -0.00819875 -1.65301 0.0331024 0.00826703 0.999418 77.8871 
0.999433 0.00400338 -0.0334311 -3.39734 -0.00422893 0.999969 -0.00667985 -1.67786 0.0334033 0.00681748 0.999419 78.9768 
0.999402 0.00469557 -0.034248 -3.45744 -0.00478355 0.999986 -0.00248877 -1.70126 0.0342358 0.00265115 0.99941 80.0803 
0.999367 0.00610227 -0.0350624 -3.51514 -0.00605187 0.999981 0.00154204 -1.72276 0.0350711 -0.00132882 0.999384 81.1667 
0.999332 0.00690191 -0.0358781 -3.57287 -0.00683445 0.999975 0.00200121 -1.74025 0.0358909 -0.00175463 0.999354 82.2425 
0.999314 0.00669765 -0.0364382 -3.63457 -0.0067089 0.999978 -0.000187427 -1.75746 0.036436 0.000431801 0.999336 83.3209 
0.999281 0.00666691 -0.0373189 -3.69275 -0.00670513 0.999977 -0.000900018 -1.77903 0.037312 0.00114964 0.999303 84.3859 
0.999258 0.00628339 -0.0380131 -3.74506 -0.00633312 0.999979 -0.00118908 -1.80042 0.0380048 0.00142898 0.999277 85.4411 
0.99924 0.00518929 -0.0386433 -3.80238 -0.00523331 0.999986 -0.0010392 -1.82074 0.0386374 0.00124069 0.999253 86.4816 
0.99923 0.00404869 -0.0390287 -3.86377 -0.00404141 0.999992 0.000264353 -1.83747 0.0390295 -0.000106376 0.999238 87.5089 
0.999212 0.00437443 -0.039448 -3.92664 -0.00426112 0.999987 0.00295488 -1.8597 0.0394603 -0.00278441 0.999217 88.5182 
0.999189 0.00387953 -0.0400765 -3.98852 -0.00372262 0.999985 0.00398797 -1.88033 0.0400913 -0.00383551 0.999189 89.4963 
0.999106 0.00300636 -0.0421691 -4.04509 -0.0028345 0.999987 0.00413359 -1.89938 0.042181 -0.00401032 0.999102 90.4651 
0.998997 0.00252157 -0.0447034 -4.11343 -0.00237802 0.999992 0.00326307 -1.92006 0.0447112 -0.00315345 0.998995 91.3951 
0.998836 0.00209121 -0.0481871 -4.1718 -0.00198036 0.999995 0.00234721 -1.93855 0.0481917 -0.00224901 0.998836 92.3095 
0.998683 0.00190079 -0.0512677 -4.2361 -0.00177805 0.999995 0.00243878 -1.95444 0.0512721 -0.00234437 0.998682 93.1952 
0.998513 0.0030071 -0.0544382 -4.2991 -0.00282352 0.99999 0.0034481 -1.97086 0.0544479 -0.00328922 0.998511 94.0693 
0.998342 0.00382878 -0.0574265 -4.36567 -0.0035671 0.999983 0.00465798 -1.99301 0.0574433 -0.00444537 0.998339 94.9149 
0.998158 0.00455949 -0.0604943 -4.42962 -0.00419071 0.999972 0.00622087 -2.00944 0.0605209 -0.00595585 0.998149 95.7334 
0.997997 0.00628753 -0.0629519 -4.50102 -0.00586338 0.999959 0.00691947 -2.02219 0.0629928 -0.00653646 0.997993 96.5352 
0.997837 0.00828345 -0.0652078 -4.57331 -0.00781154 0.999941 0.00748805 -2.03855 0.0652659 -0.00696244 0.997844 97.3036 
0.99764 0.00969272 -0.067976 -4.63893 -0.00927141 0.999936 0.00651013 -2.05671 0.0680346 -0.00586449 0.997666 98.0457 
0.997453 0.0107481 -0.0705103 -4.70411 -0.0105843 0.99994 0.0026953 -2.07061 0.070535 -0.00194209 0.997507 98.7546 
0.997263 0.0133466 -0.0727202 -4.77729 -0.0134742 0.999908 -0.00126519 -2.08115 0.0726966 0.00224162 0.997352 99.4338 
0.997113 0.014987 -0.0744403 -4.84424 -0.0153164 0.999875 -0.00385599 -2.0975 0.0743732 0.00498506 0.997218 100.089 
0.997052 0.0172301 -0.074772 -4.91698 -0.017648 0.999832 -0.00493176 -2.10924 0.0746745 0.00623684 0.997189 100.713 
0.997084 0.0194737 -0.0737844 -4.97923 -0.0198605 0.999793 -0.00451277 -2.12673 0.0736811 0.00596505 0.997264 101.31 
0.997217 0.0231809 -0.0708556 -5.0333 -0.0234561 0.99972 -0.0030552 -2.14222 0.0707649 0.00470874 0.997482 101.88 
0.997529 0.025582 -0.0654402 -5.07728 -0.0257438 0.999667 -0.0016314 -2.15799 0.0653767 0.0033121 0.997855 102.434 
0.997958 0.0264688 -0.0581282 -5.11474 -0.0264872 0.999649 0.000453755 -2.17097 0.0581198 0.00108687 0.998309 102.962 
0.998473 0.0264916 -0.0484855 -5.14296 -0.0263876 0.999648 0.00278269 -2.18054 0.0485421 -0.00149898 0.99882 103.468 
0.998994 0.0260383 -0.0365021 -5.16239 -0.0259116 0.999657 0.00393926 -2.18991 0.0365921 -0.00298943 0.999326 103.947 
0.999411 0.0252025 -0.0232798 -5.16765 -0.0251156 0.999677 0.00401755 -2.20187 0.0233735 -0.00343046 0.999721 104.403 
0.999651 0.0251898 -0.00794399 -5.16933 -0.0251637 0.999678 0.00335902 -2.21461 0.008026 -0.0031579 0.999963 104.839 
0.999667 0.0237598 0.0100847 -5.15909 -0.0237644 0.999718 0.000347191 -2.22724 -0.0100737 -0.000586692 0.999949 105.263 
0.999236 0.0232572 0.0314057 -5.13966 -0.0231338 0.999723 -0.00428675 -2.23769 -0.0314967 0.00355698 0.999498 105.675 
0.998223 0.0210941 0.0557276 -5.10203 -0.0206304 0.999748 -0.00888191 -2.25225 -0.055901 0.00771648 0.998407 106.077 
0.996408 0.0187557 0.0825836 -5.04533 -0.0178514 0.999773 -0.0116743 -2.26113 -0.0827838 0.0101581 0.996516 106.469 
0.993495 0.0160866 0.112733 -4.98607 -0.0147213 0.999808 -0.0129323 -2.27334 -0.11292 0.0111886 0.993541 106.85 
0.989317 0.0137056 0.145136 -4.9058 -0.0116642 0.999821 -0.0149069 -2.28588 -0.145314 0.0130548 0.989299 107.224 
0.983449 0.0111044 0.180846 -4.8131 -0.00827137 0.999831 -0.0164118 -2.30083 -0.180997 0.0146444 0.983375 107.589 
0.975615 0.00770816 0.219355 -4.70702 -0.00415315 0.999853 -0.016663 -2.31652 -0.219451 0.0153456 0.975503 107.941 
0.965681 0.0056268 0.25967 -4.59345 -0.0011017 0.999845 -0.0175684 -2.32806 -0.259729 0.0166795 0.965538 108.278 
0.953329 0.00639745 0.301865 -4.46897 -0.000908389 0.999832 -0.0183205 -2.34624 -0.301932 0.0171913 0.953175 108.612 
0.938026 0.00853794 0.346459 -4.3317 -0.00215162 0.999821 -0.0188134 -2.3607 -0.346558 0.0169021 0.937876 108.927 
0.920195 0.00852113 0.391368 -4.17751 -0.00181366 0.999845 -0.0175049 -2.37292 -0.391456 0.0153981 0.920068 109.235 
0.899816 0.00786629 0.436199 -4.00497 -0.000801925 0.999866 -0.0163769 -2.3844 -0.43627 0.0143864 0.899701 109.529 
0.876446 0.0065108 0.481456 -3.82305 0.00159131 0.999864 -0.016418 -2.40203 -0.481497 0.0151557 0.876317 109.809 
0.850877 0.00699345 0.525318 -3.62809 0.00317972 0.999825 -0.0184607 -2.41725 -0.525355 0.0173782 0.850706 110.081 
0.822918 0.00918661 0.568086 -3.41894 0.00387526 0.999755 -0.0217807 -2.43311 -0.568148 0.0201252 0.822681 110.338 
0.791673 0.0139579 0.610785 -3.19808 0.0025183 0.999656 -0.0261085 -2.44806 -0.61094 0.0222076 0.791366 110.595 
0.757359 0.0202003 0.652686 -2.96013 -0.000613056 0.999543 -0.0302238 -2.45628 -0.652998 0.0224902 0.757025 110.842 
0.719297 0.0250364 0.694251 -2.7052 -0.00288993 0.99945 -0.0330484 -2.46671 -0.694696 0.0217653 0.718974 111.085 
0.679325 0.0253784 0.733398 -2.42775 -0.000433125 0.999416 -0.0341823 -2.47713 -0.733837 0.0229033 0.678939 111.307 
0.637506 0.0226845 0.770112 -2.12879 0.00390642 0.999458 -0.0326739 -2.48912 -0.770436 0.0238382 0.637072 111.514 
0.592654 0.0208689 0.805187 -1.81579 0.00498786 0.99955 -0.0295776 -2.50274 -0.805442 0.0215455 0.592283 111.714 
0.545573 0.0192663 0.837842 -1.49284 0.00569611 0.999627 -0.0266956 -2.51711 -0.838044 0.0193369 0.54526 111.894 
0.496986 0.0167919 0.867596 -1.15706 0.0072318 0.999698 -0.0234912 -2.53098 -0.867728 0.0179491 0.496715 112.055 
0.445326 0.0130682 0.895273 -0.804467 0.0093432 0.999771 -0.019241 -2.54641 -0.89532 0.0169332 0.445102 112.204 
0.392778 0.0132416 0.919538 -0.441117 0.00701024 0.999824 -0.0173921 -2.56376 -0.919607 0.0132774 0.392616 112.343 
0.341018 0.0181821 0.939881 -0.0724897 0.00284474 0.999788 -0.0203731 -2.57862 -0.940052 0.00962132 0.340894 112.459 
0.289956 0.0234673 0.956752 0.317515 0.00226553 0.99968 -0.0252068 -2.58599 -0.957037 0.00947643 0.28981 112.559 
0.242881 0.0256723 0.969716 0.710089 0.00342441 0.999621 -0.0273217 -2.60091 -0.97005 0.00995661 0.242701 112.633 
0.201257 0.0251472 0.979216 1.12936 0.010991 0.99955 -0.0279283 -2.61616 -0.979477 0.0163833 0.200889 112.694 
0.166123 0.0251719 0.985784 1.55485 0.0185974 0.999416 -0.0286539 -2.62886 -0.98593 0.0230931 0.165558 112.733 
0.135613 0.0263111 0.990413 1.99954 0.0230192 0.999294 -0.0296989 -2.64135 -0.990495 0.0268261 0.134911 112.772 
0.107346 0.0248005 0.993912 2.46261 0.0206414 0.999418 -0.0271672 -2.65816 -0.994007 0.023432 0.106772 112.817 
0.0818281 0.0213028 0.996419 2.94423 0.0144933 0.99964 -0.0225619 -2.67232 -0.996541 0.0162876 0.0814899 112.858 
0.0581172 0.0175096 0.998156 3.44848 0.00940934 0.999792 -0.0180861 -2.6875 -0.998265 0.0104431 0.0579404 112.886 
0.0353124 0.0151329 0.999262 3.96642 0.0130877 0.999793 -0.0156034 -2.70574 -0.999291 0.013629 0.035107 112.895 
0.0148608 0.0158015 0.999765 4.49958 0.0205386 0.999659 -0.0161051 -2.72342 -0.999679 0.0207731 0.0145312 112.889 
-0.00274579 0.0181769 0.999831 5.06025 0.0254595 0.999512 -0.0181011 -2.74246 -0.999672 0.0254055 -0.00320722 112.885 
-0.0169649 0.0235865 0.999578 5.62272 0.0258183 0.999399 -0.0231441 -2.75644 -0.999523 0.0254147 -0.0175637 112.868 
-0.0277265 0.0280544 0.999222 6.2184 0.0229301 0.999361 -0.027422 -2.77494 -0.999353 0.0221519 -0.028352 112.856 
-0.0340003 0.0276423 0.99904 6.84271 0.0255636 0.999314 -0.0267798 -2.7918 -0.999095 0.0246286 -0.0346836 112.837 
-0.0367123 0.0244625 0.999026 7.48692 0.0315702 0.99923 -0.0233072 -2.81418 -0.998827 0.0306838 -0.0374563 112.816 
-0.0360951 0.0229676 0.999084 8.15549 0.0333177 0.999208 -0.0217667 -2.83051 -0.998793 0.0325016 -0.0368317 112.801 
-0.0343493 0.0227488 0.999151 8.8491 0.0324478 0.999239 -0.0216352 -2.84936 -0.998883 0.0316771 -0.0350613 112.797 
-0.0329361 0.0228104 0.999197 9.54049 0.0288764 0.999344 -0.0218619 -2.87737 -0.99904 0.0281331 -0.0335732 112.792 
-0.0316904 0.0241238 0.999207 10.258 0.0279382 0.999339 -0.0232409 -2.89534 -0.999107 0.0271795 -0.0323434 112.785 
-0.0307771 0.0248974 0.999216 10.9908 0.0280109 0.999319 -0.0240371 -2.92041 -0.999134 0.0272492 -0.0314535 112.779 
-0.0297627 0.02445 0.999258 11.7373 0.0274827 0.999343 -0.0236334 -2.94552 -0.999179 0.0267589 -0.0304151 112.768 
-0.0292309 0.0231644 0.999304 12.4959 0.0264998 0.999398 -0.0223914 -2.97057 -0.999221 0.0258268 -0.0298272 112.766 
-0.028687 0.0220056 0.999346 13.2761 0.0274274 0.999399 -0.0212194 -2.99244 -0.999212 0.0268007 -0.0292733 112.757 
-0.0292711 0.0195613 0.99938 14.0651 0.0278567 0.999436 -0.0187465 -3.02198 -0.999183 0.0272907 -0.0297995 112.748 
-0.030595 0.0180335 0.999369 14.8614 0.0251621 0.999534 -0.0172661 -3.04548 -0.999215 0.024618 -0.0310345 112.746 
-0.031769 0.0167424 0.999355 15.659 0.0245537 0.999571 -0.0159654 -3.07622 -0.999194 0.0240307 -0.0321665 112.738 
-0.0329985 0.014141 0.999355 16.468 0.027082 0.999545 -0.0132494 -3.09755 -0.999088 0.0266273 -0.0333665 112.72 
-0.0340965 0.0126264 0.999339 17.2895 0.0284318 0.999528 -0.0116587 -3.11889 -0.999014 0.0280155 -0.0344394 112.699 
-0.0359881 0.0118226 0.999282 18.1255 0.0260148 0.999602 -0.0108895 -3.14242 -0.999014 0.0256042 -0.0362813 112.691 
-0.0370903 0.0166978 0.999172 18.9551 0.0227892 0.999615 -0.0158592 -3.15931 -0.999052 0.0221821 -0.0374565 112.68 
-0.0377632 0.0210591 0.999065 19.7822 0.0240227 0.999508 -0.0201604 -3.18734 -0.998998 0.0232389 -0.0382505 112.662 
-0.0388314 0.0224759 0.998993 20.6292 0.0240232 0.999479 -0.021553 -3.21534 -0.998957 0.0231621 -0.0393511 112.64 
-0.0401195 0.0203057 0.998989 21.4893 0.0205485 0.999599 -0.0194929 -3.24549 -0.998984 0.0197456 -0.0405206 112.62 
-0.0411755 0.016061 0.999023 22.3475 0.018021 0.99972 -0.0153294 -3.27321 -0.998989 0.0173722 -0.0414534 112.607 
-0.0413214 0.010543 0.99909 23.2 0.0164223 0.999816 -0.00987136 -3.30353 -0.999011 0.0159994 -0.041487 112.586 
-0.041649 0.00494477 0.99912 24.059 0.0126462 0.99991 -0.00442148 -3.32492 -0.999052 0.012451 -0.0417078 112.57 
-0.0418239 0.00343152 0.999119 24.9138 0.00972589 0.999948 -0.00302719 -3.3497 -0.999078 0.00959071 -0.0418551 112.558 
-0.0411045 0.0102245 0.999103 25.7616 0.012616 0.999873 -0.00971332 -3.37789 -0.999075 0.0122054 -0.0412283 112.537 
-0.0400505 0.0214243 0.998968 26.5902 0.0147004 0.999675 -0.0208501 -3.40404 -0.99909 0.0138501 -0.0403524 112.519 
-0.0396906 0.0265618 0.998859 27.4222 0.0164426 0.999529 -0.0259262 -3.42669 -0.999077 0.0153948 -0.0401086 112.504 
-0.0382491 0.0210675 0.999046 28.2716 0.0182193 0.999626 -0.0203821 -3.4587 -0.999102 0.0174224 -0.0386186 112.483 
-0.0369976 0.0131325 0.999229 29.0992 0.0211825 0.999699 -0.0123543 -3.48941 -0.999091 0.020709 -0.0372647 112.462 
-0.0366184 0.00992488 0.99928 29.9381 0.0224625 0.999706 -0.00910594 -3.51832 -0.999077 0.0221129 -0.0368306 112.448 
-0.0368501 0.0108498 0.999262 30.7616 0.0215633 0.999717 -0.0100595 -3.53989 -0.999088 0.0211766 -0.0370736 112.435 
-0.0375508 0.0116215 0.999227 31.5746 0.0185518 0.999768 -0.0109306 -3.56603 -0.999123 0.018127 -0.0377577 112.418 
-0.0392599 0.0121727 0.999155 32.3915 0.0167445 0.999793 -0.0115225 -3.58299 -0.999089 0.016278 -0.0394556 112.401 
-0.0416705 0.012099 0.999058 33.2101 0.0160476 0.999806 -0.0114387 -3.60814 -0.999003 0.0155558 -0.0418566 112.386 
-0.0437132 0.0124981 0.998966 34.0263 0.0155572 0.999809 -0.0118278 -3.63365 -0.998923 0.0150241 -0.0438993 112.371 
-0.0457349 0.0127634 0.998872 34.8255 0.0137527 0.999832 -0.0121459 -3.65973 -0.998859 0.0131817 -0.0459027 112.352 
-0.0477695 0.0121528 0.998784 35.6417 0.0119898 0.999861 -0.0115924 -3.68025 -0.998786 0.0114214 -0.0479086 112.333 
-0.0496794 0.0107406 0.998708 36.4391 0.0125832 0.99987 -0.0101271 -3.70597 -0.998686 0.0120638 -0.0498081 112.308 
-0.0520563 0.0111115 0.998582 37.2411 0.0122041 0.999871 -0.0104895 -3.72767 -0.99857 0.0116408 -0.0521852 112.291 
-0.053359 0.0120163 0.998503 38.0292 0.011929 0.999864 -0.0113952 -3.75358 -0.998504 0.0113031 -0.0534951 112.256 
-0.0542974 0.0123329 0.998449 38.8156 0.0126956 0.999851 -0.0116598 -3.77605 -0.998444 0.0120429 -0.0544459 112.233 
-0.0554346 0.0111654 0.9984 39.6031 0.0145062 0.999841 -0.010376 -3.80177 -0.998357 0.0139078 -0.0555878 112.201 
-0.0567498 0.0104272 0.998334 40.3865 0.0150687 0.999841 -0.00958628 -3.82559 -0.998275 0.0144996 -0.0568979 112.17 
-0.0580658 0.0099603 0.998263 41.1546 0.0133915 0.999868 -0.00919733 -3.84887 -0.998223 0.0128342 -0.0581915 112.143 
-0.0593919 0.00896082 0.998195 41.9087 0.0115343 0.999899 -0.0082898 -3.87249 -0.998168 0.0110211 -0.0594893 112.118 
-0.0600406 0.00778949 0.998166 42.6489 0.01044 0.99992 -0.00717516 -3.89283 -0.998141 0.00999006 -0.0601171 112.09 
-0.0606597 0.00718788 0.998133 43.3667 0.0104992 0.999923 -0.00656266 -3.91775 -0.998103 0.0100815 -0.0607306 112.059 
-0.0610791 0.00968669 0.998086 44.0726 0.0103694 0.999905 -0.00906973 -3.94041 -0.998079 0.00979562 -0.0611737 112.032 
-0.060855 0.0121728 0.998072 44.7718 0.0102715 0.99988 -0.0115686 -3.96484 -0.998094 0.00954771 -0.0609728 112.002 
-0.0609296 0.0137058 0.998048 45.4692 0.0086764 0.999875 -0.0132012 -3.98971 -0.998104 0.00785512 -0.0610409 111.975 
-0.0607892 0.0144785 0.998046 46.1645 0.00925474 0.99986 -0.0139411 -4.01344 -0.998108 0.00838919 -0.0609147 111.943 
-0.0607324 0.0143388 0.998051 46.8694 0.0107157 0.999849 -0.0137125 -4.03517 -0.998097 0.00986206 -0.0608769 111.911 
-0.0609817 0.0139476 0.998041 47.5539 0.0115088 0.999846 -0.0132696 -4.05491 -0.998073 0.0106771 -0.0611328 111.883 
-0.0612037 0.0141352 0.998025 48.2469 0.00781049 0.999876 -0.0136824 -4.07533 -0.998095 0.00695765 -0.0613065 111.859 
-0.0605866 0.0143775 0.998059 48.9317 0.00514718 0.999888 -0.0140913 -4.09788 -0.99815 0.00428345 -0.0606538 111.83 
-0.060713 0.0128191 0.998073 49.6108 0.00686762 0.999899 -0.0124247 -4.12253 -0.998132 0.00610004 -0.0607949 111.803 
-0.0614608 0.012148 0.998036 50.2938 0.00718124 0.999905 -0.0117285 -4.14408 -0.998084 0.00644629 -0.0615422 111.771 
-0.0649435 0.0114953 0.997823 50.9683 0.00437518 0.999927 -0.0112348 -4.16995 -0.997879 0.00363602 -0.064989 111.741 
-0.0700963 0.011038 0.997479 51.6404 0.000621584 0.999939 -0.0110215 -4.19365 -0.99754 -0.000152548 -0.0700988 111.71 
-0.0758235 0.0149936 0.997009 52.319 0.00413317 0.999883 -0.0147225 -4.21017 -0.997113 0.00300449 -0.0758766 111.666 
-0.0821791 0.0179238 0.996456 52.9918 0.0065405 0.999826 -0.017445 -4.22647 -0.996596 0.00508371 -0.0822821 111.612 
-0.0893516 0.0195338 0.995809 53.6632 0.0057076 0.999801 -0.0190999 -4.24641 -0.995984 0.00397706 -0.0894454 111.563 
-0.0954702 0.0187477 0.995256 54.3459 0.00222292 0.999824 -0.0186204 -4.27043 -0.99543 0.00043467 -0.0954951 111.512 
-0.100682 0.0176248 0.994763 55.0331 0.00185764 0.999845 -0.0175268 -4.29244 -0.994917 8.32822e-05 -0.100699 111.453 
-0.105157 0.0183388 0.994287 55.7293 -0.00047721 0.999829 -0.0184914 -4.31421 -0.994456 -0.00241898 -0.10513 111.39 
-0.109272 0.0175501 0.993857 56.435 -0.0027149 0.999835 -0.0179541 -4.33524 -0.994008 -0.00466011 -0.109206 111.333 
-0.112021 0.0145822 0.993599 57.153 -0.00225282 0.999886 -0.0149284 -4.35168 -0.993703 -0.0039107 -0.111975 111.27 
-0.113417 0.0114557 0.993481 57.8636 -0.000269122 0.999933 -0.0115608 -4.37204 -0.993547 -0.00157856 -0.113406 111.195 
-0.114616 0.00885275 0.99337 58.5852 -0.000178592 0.99996 -0.00893205 -4.3891 -0.99341 -0.00120117 -0.11461 111.124 
-0.115594 0.00856241 0.99326 59.3101 -0.00116073 0.999961 -0.00875522 -4.41092 -0.993296 -0.00216496 -0.115579 111.049 
-0.11604 0.0120297 0.993172 60.0504 0.000553 0.999927 -0.0120468 -4.43042 -0.993244 -0.000848693 -0.116038 110.979 
-0.115935 0.0160998 0.993126 60.7862 0.0064369 0.99986 -0.0154575 -4.44951 -0.993236 0.00460059 -0.116022 110.897 
-0.116166 0.0210123 0.993008 61.5287 0.0141677 0.99971 -0.0194967 -4.47369 -0.993129 0.0118038 -0.116429 110.809 
-0.116873 0.0221659 0.992899 62.2771 0.0147388 0.99968 -0.0205823 -4.49599 -0.993037 0.0122286 -0.117163 110.734 
-0.116909 0.020118 0.992939 63.0284 0.0137205 0.999732 -0.0186401 -4.52431 -0.993048 0.0114444 -0.117153 110.659 
-0.116446 0.0153658 0.993078 63.7809 0.0142987 0.999803 -0.0137932 -4.5498 -0.993094 0.0125936 -0.116642 110.578 
-0.11609 0.0135182 0.993147 64.53 0.0169166 0.999789 -0.0116312 -4.57308 -0.993095 0.0154504 -0.116294 110.496 
-0.116848 0.0133376 0.99306 65.2792 0.0172262 0.999787 -0.011401 -4.59604 -0.993 0.0157744 -0.117053 110.418 
-0.118379 0.0139936 0.99287 66.0203 0.015915 0.999799 -0.0121937 -4.62229 -0.992841 0.014358 -0.118578 110.344 
-0.120399 0.0149048 0.992614 66.7601 0.0153566 0.999796 -0.01315 -4.64408 -0.992607 0.01366 -0.120603 110.267 
-0.122096 0.0152128 0.992402 67.5079 0.0171077 0.999766 -0.0132209 -4.66716 -0.992371 0.0153635 -0.122327 110.181 
-0.123605 0.0152219 0.992215 68.2496 0.0175374 0.99976 -0.0131529 -4.69154 -0.992177 0.0157751 -0.123842 110.095 
-0.12547 0.0147363 0.991988 68.9971 0.0170375 0.999774 -0.012697 -4.71359 -0.991951 0.0153079 -0.125692 110.021 
-0.127089 0.015105 0.991776 69.7483 0.0147595 0.999802 -0.0133358 -4.735 -0.991782 0.0129432 -0.127287 109.943 
-0.128226 0.0165768 0.991607 70.5058 0.0150202 0.999778 -0.0147711 -4.75918 -0.991631 0.0130001 -0.128446 109.859 
-0.128995 0.0170132 0.991499 71.2709 0.0139846 0.999785 -0.0153359 -4.78317 -0.991547 0.0118875 -0.129205 109.776 
-0.130275 0.0173987 0.991325 72.0419 0.0138743 0.99978 -0.0157238 -4.80305 -0.991381 0.0117055 -0.130488 109.692 
-0.131409 0.0157051 0.991204 72.8264 0.0144806 0.999798 -0.0139214 -4.82568 -0.991223 0.0125238 -0.13161 109.607 
-0.132419 0.0131914 0.991106 73.6084 0.0119197 0.99986 -0.0117154 -4.8527 -0.991122 0.0102624 -0.132558 109.52 
-0.134009 0.0113268 0.990915 74.3997 0.00909573 0.999907 -0.0101994 -4.8695 -0.990938 0.00764628 -0.1341 109.432 
-0.13638 0.0106532 0.990599 75.1956 0.0105931 0.999901 -0.00929476 -4.893 -0.9906 0.0092259 -0.136479 109.34 
-0.138208 0.0111936 0.99034 75.9898 0.0117044 0.999885 -0.00966807 -4.91556 -0.990334 0.0102552 -0.138323 109.244 
-0.140187 0.0124664 0.990047 76.7923 0.0110064 0.999879 -0.0110317 -4.93426 -0.990064 0.00935039 -0.140307 109.141 
-0.141639 0.0160004 0.989789 77.5991 0.0125717 0.999818 -0.0143634 -4.95907 -0.989839 0.0104089 -0.141814 109.039 
-0.142159 0.0200396 0.989641 78.4126 0.0146203 0.999729 -0.0181437 -4.98317 -0.989736 0.0118895 -0.142413 108.936 
-0.143379 0.0240444 0.989376 79.2284 0.0156607 0.999635 -0.0220242 -5.00761 -0.989544 0.0123365 -0.143703 108.837 
-0.14294 0.0251355 0.989412 80.0582 0.0178445 0.99958 -0.0228158 -5.03779 -0.989571 0.0143943 -0.143328 108.728 
-0.142342 0.0243106 0.989519 80.8862 0.0215917 0.999537 -0.0214508 -5.07167 -0.989582 0.0183121 -0.142801 108.619 
-0.142205 0.0225633 0.98958 81.7328 0.022302 0.999559 -0.0195859 -5.09926 -0.989586 0.0192844 -0.142645 108.513 
-0.141697 0.020904 0.989689 82.5782 0.0218211 0.9996 -0.0179891 -5.12704 -0.98967 0.0190471 -0.142096 108.413 
-0.139854 0.0185527 0.989998 83.4293 0.0205048 0.999664 -0.0158372 -5.1545 -0.98996 0.0180848 -0.140188 108.31 
-0.138096 0.0151627 0.990303 84.2871 0.0208827 0.999705 -0.0123946 -5.18232 -0.990199 0.0189686 -0.138372 108.207 
-0.136635 0.0119566 0.990549 85.1519 0.021289 0.999732 -0.00913084 -5.20376 -0.990393 0.0198402 -0.136853 108.107 
-0.134905 0.0117005 0.990789 86.0176 0.0196719 0.999765 -0.00912793 -5.23023 -0.990663 0.0182593 -0.135104 108.011 
-0.133473 0.0157492 0.990927 86.8814 0.0202744 0.999708 -0.0131579 -5.25662 -0.990845 0.0183342 -0.133754 107.909 
-0.131524 0.0221643 0.991065 87.7348 0.0213658 0.999581 -0.0195193 -5.28183 -0.991083 0.0186076 -0.131942 107.813 
-0.130063 0.0255726 0.991176 88.5902 0.0192328 0.999544 -0.0232647 -5.31095 -0.991319 0.0160372 -0.130496 107.721 
-0.128649 0.0233243 0.991416 89.4525 0.0174631 0.999622 -0.0212512 -5.33733 -0.991536 0.0145792 -0.129008 107.628 
-0.127345 0.0207849 0.991641 90.3138 0.0180808 0.999663 -0.0186311 -5.369 -0.991694 0.0155571 -0.127678 107.531 
-0.126583 0.019261 0.991769 91.1861 0.0187869 0.999679 -0.0170168 -5.39594 -0.991778 0.0164782 -0.126904 107.433 
-0.125494 0.0189739 0.991913 92.051 0.0186596 0.999685 -0.0167618 -5.42587 -0.991919 0.0164051 -0.125809 107.336 
-0.124919 0.0187193 0.99199 92.9198 0.017832 0.999703 -0.0166192 -5.46076 -0.992007 0.0156131 -0.125216 107.243 
-0.124109 0.0169349 0.992124 93.7936 0.0206862 0.999681 -0.0144761 -5.48846 -0.992053 0.0187266 -0.12442 107.147 
-0.122611 0.0162786 0.992321 94.662 0.0234208 0.999635 -0.0135046 -5.51692 -0.992178 0.0215851 -0.122948 107.044 
-0.121768 0.0175915 0.992403 95.5444 0.0257284 0.999563 -0.0145616 -5.5476 -0.992225 0.0237598 -0.122167 106.948 
-0.120548 0.0196845 0.992512 96.413 0.0264908 0.999511 -0.0166058 -5.57537 -0.992354 0.0242906 -0.12101 106.851 
-0.119353 0.0210571 0.992629 97.2772 0.0234929 0.999555 -0.0183793 -5.60807 -0.992574 0.0211261 -0.119795 106.756 
-0.118425 0.0166516 0.992823 98.1382 0.0184336 0.999724 -0.0145685 -5.6394 -0.992792 0.016576 -0.118699 106.672 
-0.118262 0.0145176 0.992876 98.9993 0.0142425 0.999815 -0.0129226 -5.675 -0.99288 0.0126128 -0.118447 106.587 
-0.118918 0.0148003 0.992794 99.8563 0.010838 0.999849 -0.0136072 -5.70547 -0.992845 0.00914176 -0.11906 106.498 
-0.119805 0.0195241 0.992606 100.699 0.00796491 0.999793 -0.0187041 -5.73426 -0.992766 0.00566517 -0.119935 106.415 
-0.120345 0.0217175 0.992495 101.539 0.00766816 0.999751 -0.0209465 -5.76901 -0.992703 0.00508981 -0.120481 106.326 
-0.120683 0.0220539 0.992446 102.377 0.00834915 0.99974 -0.0212007 -5.80238 -0.992656 0.00572751 -0.120836 106.238 
-0.12066 0.0213306 0.992465 103.213 0.00997345 0.999745 -0.0202745 -5.83831 -0.992644 0.00745197 -0.120842 106.144 
-0.120962 0.0221014 0.992411 104.042 0.0115376 0.999716 -0.0208578 -5.87024 -0.99259 0.008927 -0.121183 106.051 
-0.121291 0.025337 0.992294 104.864 0.0129584 0.999629 -0.0239404 -5.90435 -0.992532 0.00995483 -0.121574 105.962 
-0.121937 0.0267201 0.992178 105.679 0.0126307 0.999598 -0.0253676 -5.9376 -0.992458 0.00943866 -0.122225 105.878 
-0.123286 0.0271172 0.992001 106.5 0.0110428 0.999602 -0.0259526 -5.97194 -0.99231 0.00775486 -0.123537 105.801 
-0.125335 0.0260045 0.991774 107.307 0.00963382 0.999641 -0.0249933 -6.00639 -0.992068 0.00642203 -0.125541 105.713 
-0.128345 0.0272714 0.991355 108.106 0.00944524 0.99961 -0.0262757 -6.04286 -0.991685 0.00599124 -0.128552 105.625 
-0.131857 0.0298741 0.990819 108.903 0.00901517 0.999541 -0.0289373 -6.07994 -0.991228 0.00511682 -0.132066 105.542 
-0.135256 0.0313337 0.990315 109.687 0.00752447 0.999504 -0.0305967 -6.11431 -0.990782 0.00331321 -0.135424 105.453 
-0.138621 0.0313126 0.98985 110.472 0.00788535 0.999503 -0.0305136 -6.1497 -0.990314 0.00357549 -0.138799 105.362 
-0.141368 0.0303294 0.989492 111.255 0.00933264 0.999527 -0.0293036 -6.18359 -0.989913 0.00509199 -0.141584 105.262 
-0.143958 0.0311492 0.989094 112.032 0.0107288 0.999495 -0.0299152 -6.22117 -0.989526 0.00630527 -0.144219 105.161 
-0.145606 0.035286 0.988713 112.804 0.00588022 0.999377 -0.0348006 -6.26593 -0.989325 0.000746667 -0.145723 105.066 
-0.147065 0.0420592 0.988232 113.569 0.00373957 0.999112 -0.0419657 -6.31065 -0.98912 -0.00247615 -0.147092 104.967 
-0.149386 0.0453328 0.987739 114.335 0.00811769 0.998971 -0.0446205 -6.34637 -0.988746 0.00135247 -0.149601 104.854 
-0.151975 0.0434792 0.987428 115.105 0.0102091 0.999048 -0.0424195 -6.3848 -0.988332 0.00363404 -0.152274 104.743 
-0.155007 0.0356803 0.987269 115.878 0.00865496 0.999358 -0.0347583 -6.432 -0.987876 0.003157 -0.155216 104.638 
-0.157189 0.0335526 0.986998 116.649 0.0075545 0.999434 -0.0327722 -6.47775 -0.98754 0.00230486 -0.157353 104.53 
-0.158882 0.0366515 0.986617 117.412 0.00709746 0.999327 -0.0359807 -6.51568 -0.987272 0.00128579 -0.159035 104.42 
-0.161566 0.0401059 0.986047 118.165 0.00447351 0.999193 -0.0399076 -6.55349 -0.986852 -0.00203662 -0.161615 104.315 
-0.163992 0.0424894 0.985546 118.914 0.00383931 0.999092 -0.0424345 -6.59832 -0.986454 -0.00317509 -0.164006 104.203 
-0.165731 0.0465714 0.985071 119.655 0.00762868 0.998915 -0.0459424 -6.6464 -0.986142 -9.92774e-05 -0.165906 104.084 
-0.167683 0.0513893 0.984501 120.407 0.00808726 0.998679 -0.0507519 -6.68832 -0.985808 -0.000548292 -0.167877 103.974 
-0.170326 0.0537762 0.983919 121.149 0.00754515 0.998552 -0.0532697 -6.7335 -0.985359 -0.00164941 -0.170485 103.858 
-0.173009 0.0514256 0.983577 121.893 0.00809485 0.998677 -0.0507912 -6.78087 -0.984887 -0.000825456 -0.173197 103.75 
-0.176744 0.0480213 0.983085 122.638 0.0125998 0.998838 -0.0465255 -6.82854 -0.984176 0.00416351 -0.177144 103.621 
-0.1826 0.0468784 0.982069 123.379 0.0148404 0.99888 -0.0449215 -6.87055 -0.983075 0.00637167 -0.183091 103.497 
-0.188828 0.0458002 0.980942 124.115 0.0135335 0.998938 -0.0440353 -6.9137 -0.981917 0.00496044 -0.189247 103.37 
-0.197191 0.0463235 0.97927 124.845 0.0124749 0.998921 -0.044741 -6.95608 -0.980286 0.00339381 -0.197556 103.236 
-0.207631 0.0467345 0.97709 125.565 0.0118671 0.998905 -0.0452561 -7.00138 -0.978135 0.00219867 -0.207959 103.094 
-0.219888 0.0477893 0.974354 126.283 0.0124593 0.998856 -0.0461792 -7.04439 -0.975446 0.00198553 -0.220232 102.948 
-0.232378 0.0482889 0.971426 126.996 0.0132641 0.998831 -0.0464782 -7.09066 -0.972535 0.00208459 -0.232747 102.783 
-0.2445 0.0486619 0.968427 127.709 0.0164573 0.998804 -0.0460332 -7.13191 -0.96951 0.00468256 -0.245009 102.614 
-0.25524 0.0486244 0.965654 128.416 0.0199559 0.998787 -0.045018 -7.17841 -0.966672 0.00778007 -0.255901 102.428 
-0.265489 0.0487002 0.962883 129.117 0.0240939 0.998747 -0.0438708 -7.22164 -0.963813 0.0115524 -0.26633 102.239 
-0.273928 0.049201 0.960491 129.819 0.0301636 0.998639 -0.0425526 -7.26866 -0.961277 0.0173155 -0.275039 102.035 
-0.281609 0.0492002 0.958267 130.511 0.0351709 0.998543 -0.0409322 -7.31138 -0.958884 0.0221763 -0.282929 101.835 
-0.288154 0.0492104 0.956319 131.202 0.0349845 0.998553 -0.0408423 -7.35463 -0.956945 0.0216875 -0.289458 101.639 
-0.292678 0.047058 0.955053 131.891 0.0389032 0.998547 -0.0372791 -7.39664 -0.955419 0.0262438 -0.294083 101.431 
-0.294235 0.0448111 0.954682 132.576 0.0450797 0.998439 -0.0329713 -7.42776 -0.954669 0.0333354 -0.295796 101.215 
-0.295476 0.0435017 0.954359 133.256 0.0513513 0.998242 -0.0296033 -7.46343 -0.953969 0.0402605 -0.297191 101.008 
-0.29619 0.0420257 0.954204 133.927 0.0535948 0.998189 -0.0273268 -7.50075 -0.953624 0.0430464 -0.297906 100.804 
-0.29537 0.0473892 0.954207 134.59 0.0562362 0.9979 -0.0321515 -7.53466 -0.953727 0.0441644 -0.297414 100.6 
-0.294058 0.0507054 0.954442 135.251 0.0563629 0.997774 -0.0356424 -7.56771 -0.954124 0.0433142 -0.296261 100.407 
-0.293288 0.0503846 0.954696 135.914 0.0586068 0.99768 -0.0346488 -7.60607 -0.954226 0.0457895 -0.29556 100.212 
-0.291232 0.0487828 0.955408 136.577 0.0594604 0.997691 -0.0328167 -7.64066 -0.954803 0.0472516 -0.293461 100.016 
-0.2895 0.0459725 0.956073 137.23 0.0615073 0.997675 -0.0293484 -7.68025 -0.9552 0.0503091 -0.291655 99.8278 
-0.288301 0.0464972 0.95641 137.875 0.0621338 0.997624 -0.0297711 -7.7172 -0.955522 0.0508423 -0.290505 99.643 
-0.285897 0.0492376 0.956995 138.514 0.0633598 0.997465 -0.0323914 -7.74721 -0.956163 0.0513744 -0.288292 99.4646 
-0.281076 0.0509624 0.958332 139.152 0.0650562 0.997304 -0.033954 -7.77897 -0.957478 0.0528018 -0.283633 99.2787 
-0.275925 0.0498941 0.959883 139.788 0.0659839 0.997279 -0.0328703 -7.81426 -0.958912 0.0542671 -0.278467 99.1097 
-0.270316 0.0483428 0.961557 140.417 0.0680681 0.997199 -0.0309992 -7.84793 -0.960363 0.0570718 -0.272849 98.9377 
-0.265735 0.0463622 0.962931 141.044 0.0679401 0.99726 -0.029266 -7.88057 -0.961649 0.0576446 -0.268157 98.779 
-0.261747 0.0452596 0.964075 141.666 0.0673989 0.997318 -0.0285213 -7.91617 -0.96278 0.0575122 -0.264096 98.624 
-0.257941 0.0440113 0.965158 142.286 0.0685236 0.99728 -0.0271629 -7.94477 -0.963728 0.0591297 -0.260255 98.4702 
-0.254166 0.0426909 0.966218 142.9 0.0718099 0.997101 -0.0251656 -7.97173 -0.964491 0.0629878 -0.256495 98.3182 
-0.250577 0.0409048 0.967232 143.502 0.0730909 0.997055 -0.0232306 -8.00089 -0.965334 0.0648748 -0.252829 98.1704 
-0.247069 0.0395338 0.968191 144.111 0.0719467 0.997158 -0.0223567 -8.03008 -0.966323 0.0641345 -0.249211 98.025 
-0.244182 0.0402921 0.968892 144.702 0.0687261 0.997343 -0.0241547 -8.064 -0.967291 0.0606901 -0.246303 97.9042 
-0.239499 0.0437677 0.96991 145.293 0.0700791 0.997157 -0.0276926 -8.09176 -0.968364 0.061338 -0.241885 97.7714 
-0.234174 0.0468696 0.971064 145.879 0.0720567 0.996927 -0.0307413 -8.1213 -0.969521 0.0627729 -0.236832 97.6439 
-0.227447 0.0478586 0.972614 146.454 0.0712803 0.99693 -0.0323861 -8.14716 -0.971178 0.0619621 -0.23016 97.5251 
