1 2.12261e-08 -2.11895e-08 0 2.12261e-08 1 2.10703e-08 0 -2.11895e-08 2.10703e-08 1 0 
0.999997 0.0010861 0.0022223 -0.0263386 -0.00108364 0.999999 -0.00108918 -0.016904 -0.00222353 0.00108681 0.999997 1.22331 
0.999993 0.00140168 0.00335717 -0.043392 -0.00139963 0.999999 -0.000599918 -0.0385724 -0.00335805 0.000595258 0.999994 2.42276 
0.99999 0.000997087 0.00444533 -0.0626182 -0.000996583 1 -0.000105816 -0.058833 -0.00444548 0.000101427 0.99999 3.61912 
0.999988 0.00037061 0.00485536 -0.0739678 -0.000369993 1 -0.000119072 -0.0791751 -0.00485545 0.000117316 0.999988 4.81997 
0.999984 0.000153086 0.00559696 -0.0869534 -0.000153548 1 8.96868e-05 -0.101511 -0.00559699 -9.05028e-05 0.999984 6.02885 
0.999982 0.000620487 0.00592943 -0.0840629 -0.000614782 0.999999 -0.000956789 -0.120758 -0.00593006 0.000953169 0.999982 7.24442 
0.999978 0.000253028 0.00665475 -0.096406 -0.000243318 0.999999 -0.00145354 -0.141577 -0.00665515 0.00145193 0.999977 8.46308 
0.999978 -0.000166376 0.00665801 -0.110761 0.000167612 1 -0.00017869 -0.15803 -0.00665802 0.000179844 0.999978 9.66259 
0.999986 -0.000967283 0.005137 -0.120407 0.000963844 0.999999 0.000680083 -0.177061 -0.00513769 -0.000675081 0.999987 10.8653 
0.999993 -0.00157693 0.00327585 -0.151402 0.00157625 0.999999 0.000222189 -0.200236 -0.00327624 -0.000216982 0.999995 12.0704 
0.999999 -0.00108942 0.00136348 -0.167927 0.00108995 0.999999 -0.00035866 -0.218068 -0.00136313 0.000360188 0.999999 13.2815 
0.999999 -0.00110211 0.000119231 -0.194588 0.00110219 0.999999 -0.000316289 -0.241372 -0.000118924 0.000316462 1 14.4929 
1 0.000116593 -0.000717796 -0.224796 -0.000116986 1 -0.000605979 -0.259794 0.000717683 0.000606105 1 15.7032 
0.999999 -0.000421727 -0.00127836 -0.250513 0.000420986 1 -0.000613452 -0.28381 0.00127858 0.000612956 0.999999 16.9174 
0.999998 -0.000896627 -0.00184755 -0.279448 0.000896477 1 -0.00010451 -0.305078 0.0018476 0.000102896 0.999998 18.1323 
0.999998 -0.000861898 -0.00206281 -0.305347 0.000861596 1 -0.00016809 -0.321795 0.00206291 0.000166354 0.999998 19.365 
0.999997 -0.000659517 -0.00242145 -0.333666 0.000657185 0.999999 -0.000981096 -0.345994 0.00242205 0.000979543 0.999997 20.5824 
0.999995 -0.00141178 -0.00272642 -0.360997 0.00140708 0.999998 -0.0017418 -0.368246 0.00272883 0.001738 0.999995 21.7628 
0.999993 6.03083e-05 -0.0036562 -0.383749 -6.60094e-05 0.999999 -0.0015708 -0.385682 0.00365606 0.00157107 0.999992 22.9804 
0.999991 -0.000421986 -0.00429952 -0.418708 0.000416573 0.999999 -0.00126969 -0.417012 0.00430001 0.00126793 0.99999 24.1784 
0.999986 -0.000852784 -0.00529281 -0.435152 0.000842384 0.999998 -0.00197484 -0.432442 0.00529444 0.00197039 0.999984 25.3613 
0.999982 -0.000310847 -0.00603119 -0.463277 0.000303447 0.999999 -0.00123476 -0.456841 0.00603153 0.00123295 0.999981 26.5743 
0.999977 -0.00112645 -0.00673561 -0.482416 0.00112885 0.999999 0.000345891 -0.472335 0.00673518 -0.000353444 0.999977 27.8113 
0.999969 -0.00169867 -0.007744 -0.510443 0.00170288 0.999998 0.000531567 -0.497513 0.00774305 -0.000544695 0.99997 29.0287 
0.999958 -0.00268782 -0.0087568 -0.538571 0.00268522 0.999996 -0.000313227 -0.518206 0.00875757 0.000289742 0.999962 30.2448 
0.999948 -0.00328234 -0.00967816 -0.570832 0.00327052 0.999994 -0.00124119 -0.538055 0.00968213 0.00120952 0.999952 31.4619 
0.999943 -0.00280743 -0.0102925 -0.604274 0.00279319 0.999995 -0.00140121 -0.551341 0.0102963 0.00137242 0.999946 32.6625 
0.999943 -0.0026409 -0.0103406 -0.65045 0.00263154 0.999996 -0.000923461 -0.570292 0.010343 0.00089624 0.999946 33.8941 
0.999941 -0.00305372 -0.0104666 -0.695658 0.00304801 0.999995 -0.000565635 -0.597005 0.0104682 0.000533741 0.999945 35.1112 
0.999932 -0.0036109 -0.0111065 -0.72544 0.00360453 0.999993 -0.000597639 -0.621234 0.0111085 0.000557607 0.999938 36.3081 
0.999918 -0.00475582 -0.0119201 -0.756201 0.00474868 0.999989 -0.000631106 -0.647153 0.0119229 0.000574492 0.999929 37.5097 
0.999907 -0.00592705 -0.0122846 -0.785803 0.00592655 0.999982 -8.11916e-05 -0.669689 0.0122848 8.42167e-06 0.999925 38.7184 
0.999906 -0.00566842 -0.0124841 -0.818358 0.00568314 0.999983 0.00114072 -0.690228 0.0124774 -0.00121152 0.999921 39.9186 
0.999909 -0.00548384 -0.012358 -0.857025 0.0055093 0.999983 0.00202379 -0.713665 0.0123466 -0.00209164 0.999922 41.1418 
0.99991 -0.00501085 -0.0124185 -0.894746 0.00503096 0.999986 0.00158502 -0.736335 0.0124103 -0.00164732 0.999922 42.3545 
0.999923 -0.00410568 -0.0117066 -0.938013 0.0041278 0.99999 0.00186244 -0.760936 0.0116988 -0.00191057 0.99993 43.5908 
0.999938 -0.00155387 -0.0110524 -0.980522 0.00158997 0.999993 0.00325492 -0.774085 0.0110472 -0.00327224 0.999934 44.8044 
0.999946 -0.00187549 -0.010179 -1.00184 0.00193846 0.999979 0.00617562 -0.789284 0.0101671 -0.00619498 0.999929 46.0105 
0.999961 -0.00191272 -0.00864763 -1.03185 0.00199331 0.999955 0.00931596 -0.81149 0.00862938 -0.00933279 0.999919 47.2232 
0.999978 -0.00114181 -0.00657653 -1.07278 0.00122514 0.999919 0.012675 -0.816822 0.00656148 -0.0126828 0.999898 48.4436 
0.999985 -0.00180432 -0.00521825 -1.09247 0.00187643 0.999903 0.0138392 -0.821137 0.00519273 -0.0138487 0.999891 49.6753 
0.999986 -0.00368378 -0.00374483 -1.11268 0.00372878 0.99992 0.0120698 -0.820092 0.00370003 -0.0120835 0.99992 50.8957 
0.999991 -0.00300431 -0.00302609 -1.13081 0.00303561 0.999942 0.0103766 -0.826387 0.00299469 -0.0103857 0.999942 52.1046 
0.999994 -0.00273237 -0.00211426 -1.16162 0.00275327 0.999947 0.00992844 -0.835938 0.00208698 -0.00993416 0.999949 53.303 
0.999993 -0.00309415 -0.00217291 -1.17967 0.00311458 0.999951 0.00944191 -0.845087 0.00214354 -0.00944857 0.999953 54.519 
0.999988 -0.00400301 -0.00296406 -1.20481 0.0040277 0.999957 0.00835497 -0.856218 0.00293045 -0.00836676 0.999961 55.7374 
0.999982 -0.00381098 -0.00460322 -1.23268 0.00385095 0.999955 0.00869638 -0.865613 0.00456982 -0.00871391 0.999952 56.9437 
0.999975 -0.00377671 -0.00598957 -1.26049 0.00383574 0.999944 0.00986824 -0.876361 0.00595192 -0.00989093 0.999933 58.1611 
0.999969 -0.00408092 -0.0067866 -1.29605 0.00415068 0.999938 0.0102898 -0.886774 0.00674415 -0.0103176 0.999924 59.3778 
0.999965 -0.00327581 -0.00765653 -1.32719 0.00335096 0.999946 0.00981641 -0.896422 0.00762392 -0.00984169 0.999923 60.5977 
0.999965 -0.00307881 -0.00780245 -1.36551 0.00315563 0.999947 0.00984685 -0.909039 0.00777168 -0.00987109 0.999921 61.8151 
0.999964 -0.00356085 -0.00767632 -1.39687 0.00363297 0.999949 0.00939614 -0.918804 0.00764243 -0.00942365 0.999926 63.0351 
0.999958 -0.0047741 -0.00779965 -1.42364 0.00484035 0.999952 0.00849065 -0.93058 0.0077587 -0.008528 0.999934 64.2596 
0.999953 -0.00493318 -0.00834733 -1.45306 0.00501477 0.99994 0.00977694 -0.941161 0.00829855 -0.0098183 0.999917 65.4676 
0.999947 -0.0055748 -0.00862352 -1.48482 0.00567489 0.999916 0.0116212 -0.960247 0.00855797 -0.0116695 0.999895 66.682 
0.99995 -0.00467676 -0.00886954 -1.51697 0.00476482 0.999939 0.00992846 -0.968965 0.00882253 -0.00997018 0.999911 67.8933 
0.999959 -0.00303495 -0.00849331 -1.55943 0.00311138 0.999955 0.00899515 -0.986171 0.00846558 -0.00902117 0.999924 69.101 
0.999966 -0.000964932 -0.00815445 -1.59939 0.00104072 0.999956 0.00928975 -0.995008 0.00814509 -0.00929788 0.999924 70.2973 
0.999969 0.000786919 -0.00782149 -1.63983 -0.000712952 0.999955 0.00944991 -1.00729 0.00782853 -0.009444 0.999925 71.4845 
0.999971 0.00304441 -0.00698921 -1.68124 -0.00297559 0.999947 0.00982969 -1.01485 0.00701872 -0.00980856 0.999927 72.6847 
0.999977 0.00328459 -0.0059219 -1.71176 -0.0032207 0.999937 0.0107584 -1.02525 0.00595682 -0.010739 0.999925 73.8695 
0.999977 0.00566443 -0.00364764 -1.742 -0.00562296 0.999921 0.0112714 -1.02817 0.00371115 -0.0112506 0.99993 75.0711 
0.999988 0.00482652 -0.000441305 -1.76764 -0.00482241 0.99995 0.00879438 -1.03411 0.000483686 -0.0087921 0.999961 76.2677 
0.999996 0.00172985 0.00214825 -1.78225 -0.00173828 0.999991 0.00394809 -1.04757 -0.00214144 -0.00395177 0.99999 77.4477 
0.999986 0.00271008 0.0045651 -1.79816 -0.00272575 0.99999 0.00343952 -1.06124 -0.00455578 -0.00345187 0.999984 78.6216 
0.99997 0.00214311 0.00748886 -1.81351 -0.00219412 0.999974 0.00681625 -1.07653 -0.0074741 -0.00683243 0.999949 79.8021 
0.999934 0.00319424 0.011033 -1.8321 -0.00328089 0.999964 0.00784862 -1.08533 -0.0110076 -0.00788426 0.999908 81.0059 
0.999867 0.00371694 0.0158801 -1.84395 -0.0038122 0.999975 0.00597518 -1.09718 -0.0158576 -0.00603488 0.999856 82.155 
0.999804 0.00278432 0.0196008 -1.84324 -0.00284705 0.999991 0.0031755 -1.11668 -0.0195918 -0.00323064 0.999803 83.319 
0.999723 0.0015924 0.0234796 -1.85071 -0.00158521 0.999999 -0.000323087 -1.13973 -0.0234801 0.000285819 0.999724 84.4971 
0.999635 0.000745752 0.0269998 -1.84518 -0.00071596 0.999999 -0.00111146 -1.16263 -0.0270006 0.00109177 0.999635 85.6995 
0.999515 0.000567937 0.0311476 -1.83892 -0.000592875 1 0.00079277 -1.18849 -0.0311472 -0.00081081 0.999515 86.8743 
0.999389 0.00165044 0.0349054 -1.82274 -0.00168898 0.999998 0.00107594 -1.20636 -0.0349036 -0.0011342 0.99939 88.0631 
0.999232 0.00164019 0.0391457 -1.80454 -0.00160144 0.999998 -0.00102012 -1.22976 -0.0391474 0.00095669 0.999233 89.234 
0.999096 0.00108822 0.0424982 -1.77353 -0.000947302 0.999994 -0.00333486 -1.25137 -0.0425016 0.00329162 0.999091 90.399 
0.998974 0.000959872 0.0452817 -1.72867 -0.000799538 0.999993 -0.00355783 -1.27616 -0.0452848 0.00351802 0.998968 91.5729 
0.998831 -0.000487916 0.0483473 -1.69442 0.000603149 0.999997 -0.00236797 -1.29729 -0.0483461 0.0023944 0.998828 92.7421 
0.998686 -0.00146515 0.0512325 -1.66295 0.00152354 0.999998 -0.00109992 -1.31601 -0.0512309 0.00117657 0.998686 93.9056 
0.998555 -0.00216573 0.0536987 -1.61706 0.00214792 0.999998 0.000390147 -1.33295 -0.0536995 -0.000274202 0.998557 95.083 
0.998414 -0.00350673 0.0561845 -1.56994 0.00343464 0.999993 0.0013805 -1.35398 -0.056189 -0.0011853 0.998419 96.2526 
0.998268 -0.00476473 0.0586382 -1.52704 0.00483484 0.999988 -0.00105303 -1.36962 -0.0586325 0.00133475 0.998279 97.4065 
0.998112 -0.00613206 0.0611072 -1.47353 0.0064128 0.99997 -0.00439843 -1.39401 -0.0610784 0.00478204 0.998122 98.5857 
0.997991 -0.00506924 0.0631555 -1.42468 0.00554836 0.999957 -0.00741262 -1.41445 -0.0631152 0.00774818 0.997976 99.7521 
0.997876 -0.00484322 0.06496 -1.37593 0.00539074 0.999951 -0.00825529 -1.44075 -0.0649169 0.00858798 0.997854 100.937 
0.997848 -0.00490685 0.0653918 -1.31962 0.00540733 0.999957 -0.00747806 -1.4743 -0.0653524 0.0078156 0.997832 102.119 
0.997882 -0.00497513 0.0648557 -1.27259 0.00535068 0.99997 -0.00561745 -1.49828 -0.0648258 0.00595262 0.997879 103.323 
0.997958 -0.00536218 0.0636434 -1.21594 0.00566194 0.999974 -0.00452983 -1.51943 -0.0636175 0.00488097 0.997962 104.524 
0.998079 -0.00546801 0.0617104 -1.16028 0.00569335 0.999978 -0.00347571 -1.54775 -0.0616901 0.00382042 0.998088 105.75 
0.998224 -0.00514659 0.0593441 -1.10862 0.00533071 0.999982 -0.00294404 -1.57031 -0.0593279 0.0032552 0.998233 106.975 
0.998392 -0.00422353 0.0565368 -1.06606 0.00441105 0.999985 -0.00319152 -1.58802 -0.0565225 0.00343581 0.998395 108.204 
0.99858 -0.0026982 0.0532101 -1.03979 0.00289649 0.999989 -0.00364895 -1.61326 -0.0531998 0.00379793 0.998577 109.418 
0.998794 -0.00295957 0.0490129 -0.991682 0.00313069 0.999989 -0.00341407 -1.63266 -0.0490023 0.00356344 0.998792 110.644 
0.998949 -0.0020267 0.0458021 -0.979266 0.00214643 0.999994 -0.00256408 -1.65282 -0.0457967 0.00265974 0.998947 111.858 
0.999117 -0.00169048 0.0419806 -0.958204 0.00176206 0.999997 -0.0016671 -1.67534 -0.0419777 0.00173964 0.999117 113.075 
0.999287 -0.00124704 0.0377289 -0.944302 0.0012982 0.999998 -0.00133043 -1.69502 -0.0377273 0.00137851 0.999287 114.345 
0.99944 -0.000281718 0.0334702 -0.947577 0.000329888 0.999999 -0.00143236 -1.7167 -0.0334698 0.00144264 0.999439 115.583 
0.999585 0.000519679 0.0287943 -0.948343 -0.000479759 0.999999 -0.00139176 -1.73737 -0.028795 0.00137741 0.999584 116.848 
0.999709 0.00076246 0.024124 -0.954007 -0.000717371 0.999998 -0.00187586 -1.76103 -0.0241254 0.00185805 0.999707 118.12 
0.999803 0.00149725 0.0197923 -0.958095 -0.00144865 0.999996 -0.00246737 -1.78516 -0.019796 0.00243825 0.999801 119.354 
0.999854 0.0036549 0.0166743 -0.973364 -0.00361261 0.99999 -0.00256299 -1.81255 -0.0166835 0.00250242 0.999858 120.591 
0.999878 0.00540222 0.0146643 -0.981251 -0.00536875 0.999983 -0.00231814 -1.84042 -0.0146767 0.00223917 0.99989 121.838 
0.999884 0.00679545 0.0136332 -0.991778 -0.00675856 0.999973 -0.00274707 -1.86004 -0.0136515 0.00265465 0.999903 123.106 
0.999884 0.00901238 0.0122485 -0.989255 -0.00897965 0.999956 -0.00272149 -1.87555 -0.0122726 0.00261123 0.999921 124.386 
0.999881 0.0103501 0.0114473 -0.996995 -0.0103302 0.999945 -0.00179296 -1.89764 -0.0114652 0.00167453 0.999933 125.659 
0.999888 0.0103366 0.0108507 -1.00288 -0.0103205 0.999946 -0.0015379 -1.91534 -0.010866 0.00142579 0.99994 126.928 
0.999839 0.0145754 0.0105133 -1.03359 -0.0145797 0.999894 0.000337927 -1.933 -0.0105073 -0.000491111 0.999945 128.196 
0.999834 0.0153053 0.00985892 -1.04485 -0.0153403 0.999876 0.00349263 -1.95147 -0.00980429 -0.00364325 0.999945 129.464 
0.999857 0.014202 0.00921303 -1.05783 -0.0142326 0.999893 0.00326474 -1.96892 -0.00916572 -0.00339536 0.999952 130.73 
0.999857 0.0144459 0.00875433 -1.06899 -0.0144618 0.999894 0.00175842 -1.9841 -0.00872804 -0.00188473 0.99996 132.014 
0.9999 0.0115782 0.0080934 -1.08555 -0.0115999 0.999929 0.00265525 -1.99574 -0.00806213 -0.00274883 0.999964 133.283 
0.999934 0.00955526 0.00642513 -1.08622 -0.00958528 0.999943 0.00466424 -2.01169 -0.00638024 -0.00472547 0.999969 134.565 
0.999966 0.00595926 0.00569635 -1.09187 -0.00599587 0.999961 0.00643822 -2.02462 -0.00565781 -0.00647211 0.999963 135.843 
0.999978 0.00416852 0.00507874 -1.10608 -0.00420679 0.999963 0.00755671 -2.03884 -0.00504709 -0.00757787 0.999959 137.127 
0.999986 1.44896e-05 0.0052384 -1.11735 -4.40569e-05 0.999984 0.00565237 -2.0485 -0.00523828 -0.00565248 0.99997 138.398 
0.999981 -0.00252269 0.00565939 -1.14079 0.00249736 0.999987 0.00448708 -2.06129 -0.00567068 -0.00447281 0.999974 139.679 
0.999978 -0.00330239 0.00580659 -1.15352 0.00327787 0.999986 0.00423445 -2.07584 -0.00582053 -0.00421528 0.999974 140.962 
0.999973 -0.00439661 0.00591654 -1.15812 0.00437113 0.999981 0.00431951 -2.09059 -0.00593546 -0.00429349 0.999973 142.264 
0.999971 -0.00400448 0.00654017 -1.18129 0.00396235 0.999971 0.00644785 -2.10969 -0.00656585 -0.00642171 0.999958 143.531 
0.999972 -0.00150979 0.00740054 -1.20489 0.0014521 0.999969 0.00780078 -2.12337 -0.00741213 -0.00778977 0.999942 144.797 
0.999967 -0.0013077 0.0079861 -1.22059 0.00125832 0.99998 0.00618962 -2.14115 -0.00799408 -0.00617933 0.999949 146.082 
0.999963 -0.0010408 0.00856113 -1.23649 0.00100506 0.999991 0.00418341 -2.15223 -0.00856545 -0.00417461 0.999955 147.379 
0.999956 -0.000895482 0.00935209 -1.25581 0.000881647 0.999999 0.00148791 -2.17089 -0.00935345 -0.00147955 0.999955 148.667 
0.99995 -0.00183617 0.00981281 -1.27128 0.00186064 0.999995 -0.00248045 -2.19776 -0.00980825 0.00249863 0.999949 149.948 
0.999946 -0.00168835 0.0102498 -1.2802 0.0017517 0.999979 -0.0061703 -2.22132 -0.0102392 0.00618796 0.999928 151.236 
0.99994 -0.0020084 0.0108177 -1.30598 0.00208176 0.999975 -0.0067709 -2.25764 -0.0108039 0.00679305 0.999919 152.53 
0.999941 -0.00198179 0.0107089 -1.30967 0.00205323 0.999976 -0.0066596 -2.28839 -0.0106955 0.00668123 0.999921 153.81 
0.999944 -0.00105671 0.0105053 -1.31507 0.0011228 0.99998 -0.00628303 -2.30894 -0.0104985 0.00629451 0.999925 155.166 
0.999948 -0.000682297 0.0101617 -1.31717 0.000738435 0.999985 -0.0055175 -2.33456 -0.0101578 0.00552476 0.999933 156.48 
0.999953 -0.000384468 0.00966068 -1.32086 0.000431151 0.999988 -0.00482622 -2.36656 -0.00965876 0.00483021 0.999942 157.74 
0.999958 -0.000106554 0.00912042 -1.33382 0.00015516 0.999986 -0.00532417 -2.39554 -0.00911977 0.0053254 0.999944 159.019 
0.999968 0.000289968 0.00798934 -1.33778 -0.00024929 0.999987 -0.00508662 -2.4236 -0.00799076 0.00508451 0.999955 160.297 
0.999973 7.80838e-05 0.00731174 -1.34756 -4.88394e-05 0.999992 -0.00399391 -2.45212 -0.00731203 0.00399349 0.999965 161.583 
0.999977 0.000735216 0.00672972 -1.36974 -0.000710665 0.999993 -0.00364344 -2.48033 -0.00673239 0.00363862 0.999971 162.883 
0.99998 0.00129336 0.00627446 -1.38882 -0.00126491 0.999989 -0.00453034 -2.50942 -0.00628029 0.00452235 0.99997 164.169 
0.99998 0.00225872 0.0058939 -1.41193 -0.00222491 0.999981 -0.00573031 -2.53785 -0.00590677 0.00571713 0.999966 165.429 
0.999985 0.00274611 0.00484937 -1.42387 -0.00271872 0.99998 -0.00563716 -2.56935 -0.0048648 0.00562393 0.999972 166.699 
0.999988 0.00267275 0.00405725 -1.44418 -0.00264682 0.999976 -0.00637146 -2.59911 -0.00407422 0.00636068 0.999972 167.972 
0.99999 0.00302024 0.003454 -1.46479 -0.00299433 0.999968 -0.00746837 -2.6256 -0.00347648 0.00745799 0.999966 169.268 
0.999992 0.0031456 0.00254592 -1.47902 -0.00312692 0.999969 -0.00729241 -2.65581 -0.00256882 0.00728443 0.99997 170.562 
0.999993 0.00324064 0.00170019 -1.49966 -0.00323063 0.999978 -0.00583744 -2.68828 -0.00171911 0.00583195 0.999982 171.846 
0.999993 0.00359915 0.00104821 -1.52212 -0.0035934 0.999979 -0.00540272 -2.71942 -0.00106767 0.00539896 0.999985 173.126 
0.999994 0.00360314 0.000163125 -1.54393 -0.00360225 0.999981 -0.00493837 -2.7538 -0.000180958 0.00493779 0.999988 174.402 
0.999992 0.00382914 -0.000748704 -1.56292 -0.00383255 0.999982 -0.00467478 -2.78179 0.000730748 0.00467766 0.999989 175.686 
0.999993 0.00366976 -0.00120486 -1.58985 -0.00367588 0.99998 -0.00515151 -2.81731 0.00118589 0.00515595 0.999986 176.943 
0.999987 0.00474717 -0.00183021 -1.61591 -0.00475719 0.999973 -0.00553106 -2.85015 0.00180386 0.00553974 0.999983 178.221 
0.999985 0.00505756 -0.00217106 -1.64138 -0.00506896 0.999973 -0.00529647 -2.87673 0.00214417 0.00530743 0.999984 179.507 
0.999986 0.00483345 -0.00209897 -1.67156 -0.00484623 0.999969 -0.00614991 -2.91357 0.00206914 0.00616004 0.999979 180.792 
0.999991 0.00343091 -0.00263837 -1.69129 -0.00345092 0.999965 -0.00763254 -2.9425 0.00261205 0.00764162 0.999967 182.061 
0.999997 0.000491591 -0.00247562 -1.72137 -0.000509898 0.999972 -0.00741682 -2.97549 0.00247187 0.00741811 0.999969 183.333 
0.999996 0.00102764 -0.00281126 -1.74523 -0.00103855 0.999992 -0.0038951 -3.00333 0.00280719 0.00389804 0.999989 184.615 
0.999996 0.000865261 -0.00281706 -1.76069 -0.000863906 1 0.000466816 -3.02448 0.00281742 -0.000464338 0.999996 185.922 
0.999993 0.00204506 -0.0031089 -1.77569 -0.00204661 0.999998 -0.000510182 -3.04527 0.00310781 0.000516584 0.999995 187.189 
0.99999 0.00367332 -0.00271359 -1.80961 -0.00368273 0.999987 -0.00348605 -3.07216 0.00270071 0.00349605 0.99999 188.43 
0.999987 0.00390333 -0.00338456 -1.83536 -0.00392131 0.999978 -0.00533273 -3.09796 0.00336363 0.00534597 0.99998 189.678 
0.999986 0.00409879 -0.00349734 -1.86524 -0.00411694 0.999978 -0.00521079 -3.12652 0.00347587 0.00522516 0.99998 190.923 
0.999988 0.00383366 -0.00317816 -1.89674 -0.0038452 0.999986 -0.00364601 -3.16292 0.0031641 0.00365823 0.999988 192.177 
0.999988 0.00409869 -0.00283798 -1.92991 -0.00410321 0.99999 -0.00160306 -3.1906 0.00283134 0.00161473 0.999995 193.43 
0.999992 0.00338491 -0.0019107 -1.9564 -0.00338588 0.999994 -0.000526768 -3.22184 0.00190886 0.000533276 0.999998 194.684 
0.999994 0.00336869 0.000320756 -1.99711 -0.00336828 0.999994 -0.0011451 -3.24325 -0.000324653 0.00114405 0.999999 195.94 
0.999996 0.00233566 0.00155365 -2.01703 -0.00233177 0.999994 -0.0024776 -3.27105 -0.00155947 0.00247401 0.999996 197.179 
0.999993 0.00232516 0.00302973 -2.04654 -0.00231319 0.99999 -0.00393644 -3.2964 -0.00303889 0.00392944 0.999988 198.398 
0.999987 0.00181628 0.00468096 -2.06362 -0.00179495 0.999988 -0.00454726 -3.32445 -0.00468921 0.00453884 0.999979 199.621 
0.99998 0.00211207 0.00598013 -2.07907 -0.0020899 0.999991 -0.00370307 -3.35807 -0.00598794 0.00369054 0.999975 200.85 
0.999972 0.00193673 0.00721154 -2.08791 -0.00192354 0.999997 -0.00183001 -3.38247 -0.0072151 0.00181613 0.999972 202.075 
0.999961 0.00307717 0.00831569 -2.1041 -0.00306568 0.999994 -0.00138837 -3.4124 -0.00831996 0.00136287 0.999965 203.3 
0.999955 0.0022108 0.00920697 -2.10491 -0.00219786 0.999997 -0.00141075 -3.43986 -0.0092101 0.00139049 0.999957 204.546 
0.999945 0.00245115 0.0102468 -2.11438 -0.00243661 0.999996 -0.0014271 -3.46152 -0.0102503 0.0014021 0.999947 205.762 
0.999934 0.00223327 0.0112696 -2.12384 -0.00222085 0.999997 -0.00111006 -3.49144 -0.0112721 0.001085 0.999936 206.964 
0.999921 0.00247904 0.0122968 -2.13381 -0.00246226 0.999996 -0.00137669 -3.51603 -0.0123002 0.00134635 0.999923 208.173 
0.999906 0.00244777 0.0135237 -2.15651 -0.00242837 0.999996 -0.00144722 -3.54176 -0.0135273 0.00141429 0.999908 209.393 
0.999901 0.00117566 0.0140294 -2.16272 -0.00115898 0.999999 -0.00119375 -3.57016 -0.0140308 0.00117741 0.999901 210.561 
0.999897 0.00111901 0.0143127 -2.16968 -0.00111297 0.999999 -0.000426944 -3.59639 -0.0143132 0.000411012 0.999898 211.731 
0.999902 0.000586245 0.0140026 -2.17037 -0.000593594 1 0.000523719 -3.61911 -0.0140024 -0.000531938 0.999902 212.881 
0.999908 0.000986904 0.0135227 -2.17675 -0.000993723 0.999999 0.000500682 -3.64089 -0.0135223 -0.000514031 0.999908 214.013 
0.999914 0.00136817 0.0130682 -2.18301 -0.00136497 0.999999 -0.00025047 -3.66972 -0.0130686 0.000232653 0.999915 215.117 
0.999919 0.00156845 0.0126525 -2.18801 -0.00155809 0.999998 -0.000825027 -3.697 -0.0126538 0.000805288 0.99992 216.211 
0.999925 0.00167301 0.0121751 -2.1974 -0.00166081 0.999998 -0.00100836 -3.72039 -0.0121768 0.000988107 0.999925 217.287 
0.99994 0.00150927 0.01088 -2.20666 -0.00149995 0.999999 -0.000860206 -3.74517 -0.0108814 0.000843876 0.99994 218.358 
0.99996 0.0009247 0.00895385 -2.21177 -0.000923724 1 -0.000108374 -3.76768 -0.00895399 0.000100141 0.99996 219.41 
0.999977 -0.000636386 0.00678217 -2.22271 0.000625543 0.999999 0.00160703 -3.79064 -0.00678322 -0.0016027 0.999976 220.459 
0.999991 -0.000568725 0.00421914 -2.23338 0.000554834 0.999994 0.00330277 -3.81431 -0.00422104 -0.00330036 0.999986 221.495 
0.999998 -0.000415087 0.00192974 -2.24941 0.000408609 0.999994 0.00337801 -3.83532 -0.00193117 -0.00337717 0.999992 222.529 
1 -6.93601e-05 -0.000762575 -2.26743 7.17132e-05 0.999995 0.00303059 -3.85712 0.000762319 -0.0030306 0.999995 223.53 
0.999994 -5.31256e-05 -0.00351072 -2.28718 6.41492e-05 0.999995 0.00312788 -3.87306 0.0035105 -0.00312804 0.999989 224.507 
0.999981 0.000506967 -0.00620974 -2.31061 -0.000483766 0.999993 0.00373042 -3.89425 0.00621155 -0.0037273 0.999974 225.466 
0.999962 0.000848263 -0.00866449 -2.34221 -0.000816301 0.999993 0.00368693 -3.91552 0.00866751 -0.00367967 0.999956 226.398 
0.999926 0.000427911 -0.0121352 -2.36588 -0.000387391 0.999994 0.00333774 -3.93644 0.0121366 -0.00333275 0.999921 227.306 
0.999884 0.000689607 -0.0152165 -2.39782 -0.000645732 0.999996 0.00288539 -3.95678 0.0152183 -0.00287519 0.99988 228.191 
0.999827 0.00175635 -0.0185072 -2.43049 -0.00170796 0.999995 0.00262808 -3.9737 0.0185117 -0.00259597 0.999825 229.061 
0.999773 0.00213166 -0.021181 -2.46644 -0.0020877 0.999996 0.00209519 -3.99455 0.0211853 -0.00205046 0.999774 229.909 
0.99972 0.0040519 -0.0233269 -2.50907 -0.00400173 0.99999 0.00219551 -4.01254 0.0233355 -0.0021015 0.999726 230.736 
0.999705 0.00497323 -0.0237562 -2.54592 -0.00491174 0.999984 0.0026445 -4.02815 0.023769 -0.002527 0.999714 231.541 
0.999712 0.00482402 -0.0234966 -2.57754 -0.004733 0.999981 0.00392631 -4.04571 0.0235151 -0.00381393 0.999716 232.329 
0.999731 0.0048657 -0.0226576 -2.61474 -0.00476403 0.999978 0.00453714 -4.05952 0.0226791 -0.00442794 0.999733 233.094 
0.999738 0.00494482 -0.0223556 -2.64629 -0.00485172 0.999979 0.00421487 -4.07454 0.022376 -0.00410526 0.999741 233.839 
0.999744 0.00560475 -0.021923 -2.67661 -0.00554944 0.999981 0.00258088 -4.09153 0.021937 -0.00245851 0.999756 234.581 
0.999763 0.00544495 -0.0210737 -2.70448 -0.00544091 0.999985 0.000247024 -4.10453 0.0210747 -0.000132263 0.999778 235.311 
0.999788 0.00543106 -0.0198689 -2.73329 -0.00545048 0.999985 -0.000925517 -4.12166 0.0198635 0.00103366 0.999802 236.035 
0.999807 0.00627401 -0.01863 -2.75842 -0.00630297 0.999979 -0.00149856 -4.13352 0.0186202 0.00161574 0.999825 236.77 
0.999839 0.00592994 -0.016913 -2.78056 -0.00595927 0.999981 -0.0016867 -4.14648 0.0169027 0.00178726 0.999856 237.502 
0.999871 0.00559542 -0.0150515 -2.80247 -0.00562149 0.999983 -0.00169296 -4.1618 0.0150417 0.0017774 0.999885 238.228 
0.999898 0.00576949 -0.0130603 -2.8253 -0.0057957 0.999981 -0.00197281 -4.17469 0.0130487 0.00204835 0.999913 238.956 
0.999922 0.00559108 -0.0111306 -2.83723 -0.00561716 0.999982 -0.0023164 -4.18955 0.0111174 0.00237879 0.999935 239.687 
0.99995 0.00574815 -0.0081847 -2.85832 -0.0057648 0.999981 -0.00201725 -4.20437 0.00817291 0.00206438 0.999965 240.418 
0.999977 0.00477254 -0.00488662 -2.87345 -0.00477811 0.999988 -0.00113772 -4.22133 0.00488109 0.00116108 0.999987 241.124 
0.999992 0.00385809 -0.00147649 -2.89654 -0.00385929 0.999992 -0.000838144 -4.23597 0.0014732 0.000843877 0.999999 241.849 
0.999992 0.00358922 0.00158126 -2.90502 -0.003588 0.999993 -0.00074605 -4.25101 -0.00158397 0.000740413 0.999999 242.562 
0.999984 0.00330732 0.00462486 -2.91337 -0.00330253 0.999994 -0.00103317 -4.26543 -0.00462829 0.00101792 0.999989 243.259 
0.999965 0.00312789 0.00770786 -2.91935 -0.0031186 0.999994 -0.00121087 -4.27829 -0.00771165 0.00118683 0.99997 243.954 
0.999936 0.0039128 0.0106477 -2.92425 -0.00389218 0.999991 -0.0019525 -4.29485 -0.0106553 0.00191097 0.999941 244.66 
0.999896 0.00439221 0.0137346 -2.92601 -0.00435687 0.999987 -0.00259918 -4.3081 -0.0137458 0.00253911 0.999902 245.375 
0.999844 0.00486806 0.0169688 -2.93137 -0.00483777 0.999987 -0.00182318 -4.31826 -0.0169775 0.00174085 0.999854 246.073 
0.999796 0.00462035 0.0196897 -2.92889 -0.00459719 0.999989 -0.00121913 -4.33183 -0.0196952 0.00112841 0.999805 246.785 
0.999741 0.004189 0.0223899 -2.92383 -0.00416281 0.999991 -0.00121439 -4.34861 -0.0223948 0.00112091 0.999749 247.501 
0.999675 0.00369322 0.0252143 -2.92116 -0.0036225 0.999989 -0.002848 -4.36368 -0.0252246 0.00275578 0.999678 248.205 
0.999639 0.00366102 0.0266248 -2.9126 -0.00352074 0.99998 -0.00531208 -4.37673 -0.0266438 0.00521647 0.999631 248.913 
0.999605 0.00285067 0.0279661 -2.90344 -0.0026679 0.999975 -0.00656887 -4.3914 -0.0279842 0.0064917 0.999587 249.631 
0.999609 0.0026699 0.0278325 -2.89489 -0.00247668 0.999973 -0.00697312 -4.40657 -0.0278504 0.0069015 0.999588 250.348 
0.999605 0.00219777 0.0280137 -2.88494 -0.00198886 0.99997 -0.00748134 -4.42431 -0.0280293 0.00742271 0.99958 251.074 
0.999598 0.00293804 0.0281895 -2.8751 -0.00272357 0.999967 -0.00764227 -4.44385 -0.0282111 0.00756246 0.999573 251.813 
0.999579 0.00356484 0.0288008 -2.87684 -0.00333353 0.999962 -0.0080742 -4.46033 -0.0288285 0.00797483 0.999553 252.595 
0.999563 0.00310117 0.0293856 -2.8666 -0.00280446 0.999945 -0.0101314 -4.48131 -0.0294155 0.0100446 0.999517 253.357 
0.999537 -0.000875806 0.0304256 -2.86922 0.00124354 0.999926 -0.0120683 -4.49774 -0.0304128 0.0121005 0.999464 254.116 
0.999488 -0.00376556 0.0317663 -2.8687 0.0041745 0.999909 -0.0128157 -4.51775 -0.0317152 0.0129418 0.999413 254.897 
0.99946 -0.00155626 0.0328203 -2.87407 0.00184605 0.99996 -0.00879984 -4.53986 -0.0328053 0.00885572 0.999423 255.693 
0.999431 0.00217004 0.0336709 -2.87435 -0.00208694 0.999995 -0.00250152 -4.562 -0.0336762 0.00242987 0.99943 256.482 
0.999389 0.0012169 0.0349194 -2.86688 -0.00124856 0.999999 0.000886073 -4.57583 -0.0349183 -0.000929089 0.99939 257.276 
0.999315 0.00087788 0.0369933 -2.8411 -0.000843111 0.999999 -0.000954285 -4.59179 -0.0369941 0.000922484 0.999315 258.073 
0.999147 0.00222861 0.0412468 -2.8277 -0.00193943 0.999973 -0.00704882 -4.60406 -0.0412615 0.00696285 0.999124 258.861 
0.998966 0.00443014 0.0452496 -2.8134 -0.0039563 0.999937 -0.0105549 -4.61995 -0.0452936 0.010365 0.99892 259.67 
0.998788 0.00607278 0.0488374 -2.7943 -0.00555634 0.999927 -0.0107026 -4.63101 -0.0488989 0.0104183 0.998749 260.512 
0.998608 0.00451257 0.0525455 -2.77089 -0.00407282 0.999956 -0.00847222 -4.64771 -0.0525814 0.00824646 0.998583 261.346 
0.998449 0.00141211 0.0556627 -2.7318 -0.00111316 0.999985 -0.00540065 -4.66382 -0.0556695 0.00533035 0.998435 262.186 
0.99829 -0.000862386 0.058457 -2.69357 0.00108393 0.999992 -0.00375751 -4.68314 -0.0584533 0.00381449 0.998283 263.021 
0.998101 -0.000821622 0.0616017 -2.65547 0.00102368 0.999994 -0.0032478 -4.70195 -0.0615987 0.00330473 0.998096 263.862 
0.997927 0.00154124 0.0643388 -2.62782 -0.00119662 0.999985 -0.00539396 -4.71855 -0.0643462 0.00530583 0.997914 264.694 
0.99777 0.00204923 0.0667108 -2.59155 -0.0015487 0.99997 -0.00755327 -4.73581 -0.0667243 0.00743316 0.997744 265.522 
0.997604 0.00276201 0.0691259 -2.54343 -0.0022253 0.999967 -0.00783938 -4.75075 -0.0691453 0.00766681 0.997577 266.368 
0.997394 0.00367853 0.0720487 -2.49808 -0.003267 0.999978 -0.0058283 -4.77059 -0.0720686 0.00557777 0.997384 267.224 
0.997123 0.00498488 0.0756391 -2.45891 -0.00469495 0.999981 -0.00400979 -4.79685 -0.0756576 0.00364317 0.997127 268.08 
0.996874 0.00567009 0.0788095 -2.41375 -0.00536106 0.999977 -0.00413167 -4.81452 -0.0788312 0.00369629 0.996881 268.935 
0.996622 0.00597745 0.081908 -2.36084 -0.00561079 0.999973 -0.00470542 -4.82926 -0.081934 0.00423 0.996629 269.797 
0.99638 0.00429106 0.0849037 -2.31196 -0.00387977 0.99998 -0.00500808 -4.84914 -0.0849235 0.00466059 0.996377 270.637 
0.996214 0.00108184 0.0869327 -2.25473 -0.000695498 0.99999 -0.00447379 -4.86176 -0.0869367 0.00439643 0.996204 271.492 
0.99612 0.000413214 0.0880069 -2.19376 1.02619e-05 0.999988 -0.00481083 -4.87325 -0.0880079 0.00479311 0.996108 272.347 
0.996024 7.25318e-05 0.0890868 -2.14046 0.000373278 0.999988 -0.00498705 -4.88889 -0.0890861 0.00500051 0.996011 273.196 
0.995951 0.000233975 0.089901 -2.08585 0.000211441 0.999988 -0.00494447 -4.90643 -0.0899011 0.00494349 0.995938 274.056 
0.995938 0.000758906 0.0900435 -2.02954 -0.000350808 0.99999 -0.00454748 -4.92045 -0.090046 0.00449746 0.995927 274.911 
0.995939 0.00147853 0.0900183 -1.9749 -0.00110267 0.999991 -0.00422448 -4.93787 -0.0900238 0.0041081 0.995931 275.774 
0.996042 0.00106437 0.0888748 -1.91324 -0.000626576 0.999988 -0.00495326 -4.95991 -0.088879 0.00487801 0.996031 276.633 
0.996194 0.0011857 0.0871538 -1.8577 -0.000688265 0.999983 -0.00573687 -4.97818 -0.0871592 0.00565509 0.996178 277.483 
0.996344 0.00213869 0.0854097 -1.79953 -0.00159355 0.999978 -0.0064498 -4.99794 -0.0854216 0.00629015 0.996325 278.338 
0.99644 0.00399429 0.0842129 -1.75855 -0.00343519 0.999971 -0.00678243 -5.01898 -0.0842376 0.00646904 0.996425 279.195 
0.996598 0.00437351 0.0823044 -1.70118 -0.0038183 0.999969 -0.00690152 -5.0375 -0.0823321 0.00656382 0.996583 280.057 
0.996751 0.00476514 0.0804091 -1.65621 -0.00426159 0.99997 -0.00643225 -5.05555 -0.0804374 0.00606872 0.996741 280.912 
0.996961 0.00464581 0.0777694 -1.60984 -0.00426991 0.999978 -0.0049986 -5.07312 -0.077791 0.00465138 0.996959 281.77 
0.997241 0.00332469 0.0741552 -1.57335 -0.00314219 0.999992 -0.00257695 -5.09463 -0.0741632 0.00233687 0.997243 282.618 
0.997566 0.00203885 0.0697057 -1.532 -0.00198118 0.999998 -0.000895759 -5.11298 -0.0697074 0.000755519 0.997567 283.455 
0.997877 0.00160004 0.0651133 -1.49322 -0.00162764 0.999999 0.000371615 -5.12903 -0.0651126 -0.000476766 0.997878 284.291 
0.99816 0.0017326 0.0606123 -1.46395 -0.00179714 0.999998 0.00101097 -5.14515 -0.0606104 -0.001118 0.998161 285.12 
0.998417 0.00157743 0.0562262 -1.43864 -0.00165082 0.999998 0.00125961 -5.15555 -0.0562242 -0.0013504 0.998417 285.937 
0.998669 0.000199773 0.0515749 -1.4139 -0.000281476 0.999999 0.00157774 -5.17238 -0.0515746 -0.00159012 0.998668 286.73 
0.998852 0.000131606 0.0478997 -1.40076 -0.000188387 0.999999 0.0011818 -5.18694 -0.0478995 -0.00118943 0.998851 287.515 
0.999028 0.000510165 0.0440814 -1.3861 -0.000557563 0.999999 0.00106393 -5.20123 -0.0440808 -0.00108743 0.999027 288.3 
0.999164 0.000578557 0.0408882 -1.39379 -0.000610699 1 0.000774678 -5.21204 -0.0408878 -0.000798959 0.999163 289.093 
0.999308 0.000117328 0.0372011 -1.37792 -0.000156315 0.999999 0.00104628 -5.23245 -0.037201 -0.00105132 0.999307 289.846 
0.999446 -0.000610281 0.0332712 -1.37856 0.000600078 1 0.000317934 -5.24805 -0.0332714 -0.000297751 0.999446 290.559 
0.999593 0.00117996 0.0285145 -1.37465 -0.00114156 0.999998 -0.00136137 -5.2586 -0.0285162 0.00132831 0.999592 291.262 
0.999739 0.00303257 0.0226426 -1.40032 -0.00295936 0.99999 -0.00326456 -5.27734 -0.0226523 0.00319674 0.999738 291.939 
0.999891 0.00373106 0.0142983 -1.41008 -0.00365974 0.999981 -0.00500773 -5.29088 -0.0143167 0.0049549 0.999885 292.611 
0.999985 0.00371499 0.00394099 -1.42901 -0.00369198 0.999976 -0.00582086 -5.312 -0.00396256 0.00580626 0.999975 293.266 
0.999944 0.004083 -0.00974068 -1.45119 -0.00414233 0.999973 -0.00608333 -5.32903 0.00971554 0.00612339 0.999934 293.909 
0.999638 0.00524278 -0.0263801 -1.4926 -0.00538453 0.999971 -0.00530674 -5.34293 0.0263515 0.00544691 0.999638 294.535 
0.998907 0.00769936 -0.0461002 -1.55872 -0.0079241 0.999958 -0.00469508 -5.35039 0.046062 0.00505529 0.998926 295.168 
0.997567 0.00901968 -0.069123 -1.62252 -0.00935899 0.999946 -0.00458705 -5.3658 0.0690778 0.00522286 0.997598 295.766 
0.995435 0.0103986 -0.0948708 -1.70234 -0.0108777 0.999931 -0.0045347 -5.37655 0.094817 0.00554602 0.995479 296.367 
0.992355 0.0118841 -0.122845 -1.80955 -0.0124854 0.999914 -0.00412615 -5.38581 0.122785 0.00562842 0.992417 296.963 
0.987945 0.0125981 -0.154289 -1.9163 -0.0131653 0.99991 -0.00265498 -5.39952 0.154242 0.00465428 0.988022 297.549 
0.98202 0.0123324 -0.188376 -2.04793 -0.0126726 0.99992 -0.000602271 -5.40972 0.188354 0.00297871 0.982097 298.097 
0.974313 0.0122238 -0.224867 -2.20247 -0.0123018 0.999924 0.00105395 -5.40935 0.224863 0.00173943 0.974389 298.651 
0.964692 0.0134234 -0.263039 -2.37049 -0.0128565 0.99991 0.00387648 -5.41822 0.263067 -0.00035781 0.964778 299.189 
0.952884 0.0147938 -0.302974 -2.55096 -0.0134671 0.999888 0.00646767 -5.42073 0.303035 -0.0020827 0.952977 299.713 
0.93888 0.0149919 -0.343917 -2.74878 -0.0127605 0.99988 0.00875057 -5.42413 0.344007 -0.00382712 0.938959 300.213 
0.922418 0.0148123 -0.385908 -2.96342 -0.0115567 0.999875 0.0107548 -5.4309 0.386019 -0.00546059 0.922475 300.711 
0.903171 0.0145107 -0.429035 -3.19054 -0.0101664 0.999871 0.0124158 -5.43734 0.42916 -0.00685184 0.903203 301.19 
0.880824 0.0137222 -0.473245 -3.44019 -0.00837966 0.999875 0.0133957 -5.43657 0.47337 -0.00783361 0.880829 301.657 
0.855423 0.0125677 -0.517778 -3.71448 -0.00585335 0.999876 0.014599 -5.42768 0.517898 -0.00945754 0.85539 302.103 
0.826657 0.0124683 -0.562568 -4.00503 -0.00385603 0.999857 0.0164938 -5.43422 0.562693 -0.0114653 0.826586 302.552 
0.794523 0.0137306 -0.607079 -4.31586 -0.00415763 0.999844 0.0171726 -5.43049 0.60722 -0.0111199 0.794456 302.966 
0.759422 0.0127437 -0.650473 -4.65289 -0.00163173 0.999842 0.0176832 -5.43357 0.650596 -0.0123676 0.759323 303.347 
0.72171 0.0116983 -0.692097 -5.02677 0.00234615 0.99981 0.019346 -5.42215 0.692192 -0.0155859 0.721545 303.643 
0.679432 0.0106056 -0.733662 -5.40516 0.00898241 0.9997 0.0227698 -5.41503 0.733683 -0.0220605 0.679133 303.923 
0.632662 0.011002 -0.77435 -5.79443 0.0133277 0.999596 0.0250914 -5.40695 0.774313 -0.0261947 0.63226 304.167 
0.582594 0.0145353 -0.812633 -6.21283 0.0128913 0.999549 0.0271206 -5.39727 0.812661 -0.0262762 0.582144 304.39 
0.530686 0.0208158 -0.847313 -6.63629 0.00809596 0.999528 0.0296258 -5.39062 0.84753 -0.0225818 0.530267 304.561 
0.47593 0.0252228 -0.879121 -7.04416 0.00534233 0.999487 0.0315684 -5.3901 0.879467 -0.0197209 0.475551 304.717 
0.418749 0.0273104 -0.907691 -7.46017 0.00510037 0.999461 0.0324245 -5.3786 0.908088 -0.0182072 0.418384 304.859 
0.35979 0.0294044 -0.93257 -7.8556 0.00717664 0.999387 0.03428 -5.37237 0.933006 -0.0190263 0.359359 304.988 
0.299921 0.0327621 -0.953401 -8.26374 0.0097269 0.999253 0.0373976 -5.36633 0.953914 -0.0204899 0.299379 305.099 
0.239211 0.0364845 -0.970282 -8.6768 0.0122418 0.999101 0.0405862 -5.35546 0.97089 -0.0215866 0.238549 305.178 
0.175359 0.0398323 -0.983698 -9.09785 0.0150866 0.998955 0.0431395 -5.34514 0.984389 -0.0224055 0.174575 305.234 
0.109906 0.0439272 -0.992971 -9.53587 0.0158783 0.998818 0.0459433 -5.33165 0.993815 -0.0208161 0.109078 305.253 
0.0432865 0.0496202 -0.99783 -9.98853 0.0181333 0.998562 0.0504433 -5.31583 0.998898 -0.0202774 0.0423245 305.245 
-0.0251095 0.0557031 -0.998132 -10.461 0.0207273 0.998261 0.0551889 -5.28606 0.99947 -0.0193027 -0.0262204 305.207 
-0.0934235 0.0626908 -0.993651 -10.9345 0.0234316 0.997878 0.0607544 -5.26644 0.995351 -0.0176069 -0.0946942 305.128 
-0.161427 0.0687518 -0.984487 -11.4165 0.0263261 0.997515 0.0653449 -5.2396 0.986534 -0.0153693 -0.162835 305.015 
-0.228611 0.0746734 -0.97065 -11.9003 0.030514 0.997114 0.0695226 -5.21508 0.97304 -0.0137248 -0.23023 304.87 
-0.293817 0.0791611 -0.952578 -12.3908 0.0354387 0.996782 0.0719037 -5.18527 0.955204 -0.0126316 -0.295677 304.683 
-0.356199 0.0815898 -0.930841 -12.873 0.0397638 0.996602 0.0721377 -5.15388 0.933564 -0.0113184 -0.358233 304.459 
-0.415374 0.0820918 -0.905939 -13.3337 0.0436062 0.996572 0.070311 -5.11863 0.908605 -0.0102992 -0.41753 304.198 
-0.471653 0.0816133 -0.877999 -13.8092 0.0461199 0.996628 0.0678652 -5.07625 0.880578 -0.0084844 -0.473826 303.901 
-0.523489 0.0816481 -0.848112 -14.2851 0.0485776 0.996639 0.0659628 -5.03712 0.850647 -0.00666838 -0.525695 303.566 
-0.569294 0.0827564 -0.817958 -14.7209 0.0511371 0.996559 0.0652351 -5.01375 0.820542 -0.00468998 -0.571567 303.202 
-0.610142 0.0835838 -0.787871 -15.1816 0.0526261 0.996499 0.0649622 -4.98147 0.790542 -0.00182631 -0.612405 302.799 
-0.647341 0.0875147 -0.75716 -15.6395 0.0576519 0.996163 0.0658494 -4.94532 0.760017 -0.00102465 -0.649902 302.364 
-0.684065 0.094598 -0.723261 -16.1057 0.0663264 0.995514 0.067475 -4.90873 0.726399 -0.00181401 -0.68727 301.897 
-0.719571 0.10018 -0.687155 -16.5668 0.0730068 0.994969 0.0686053 -4.86591 0.690571 -0.000800567 -0.723265 301.387 
-0.752013 0.102229 -0.651172 -16.9919 0.0764054 0.99476 0.0679322 -4.83486 0.654705 0.00133291 -0.755884 300.84 
-0.781841 0.0991259 -0.615547 -17.4114 0.076418 0.995072 0.0631807 -4.79981 0.618777 0.00235843 -0.785564 300.246 
-0.80907 0.0960476 -0.579811 -17.8233 0.0774914 0.995376 0.0567556 -4.76041 0.582582 0.000988867 -0.812772 299.618 
-0.833914 0.0914573 -0.544263 -18.216 0.076437 0.995809 0.0502185 -4.72491 0.546575 0.000276013 -0.83741 298.944 
-0.856364 0.0893968 -0.508575 -18.5964 0.0772261 0.995996 0.0450379 -4.69512 0.510565 -0.000706482 -0.859839 298.24 
-0.877188 0.0872084 -0.472162 -18.9699 0.0761202 0.996189 0.0425794 -4.65523 0.474076 0.00140908 -0.880483 297.491 
-0.896299 0.083896 -0.435442 -19.3031 0.0737829 0.996467 0.0401158 -4.63239 0.437269 0.0038276 -0.899323 296.71 
-0.91384 0.0835587 -0.397385 -19.6334 0.074818 0.996493 0.0374801 -4.60528 0.399123 0.00451921 -0.916886 295.893 
-0.92944 0.0862451 -0.358753 -19.9252 0.0783719 0.996257 0.0364608 -4.58213 0.360555 0.00577194 -0.93272 295.037 
-0.94309 0.0898208 -0.320176 -20.1967 0.0828506 0.995935 0.0353557 -4.56203 0.32205 0.00681685 -0.946698 294.153 
-0.955026 0.0909527 -0.282229 -20.4373 0.0842359 0.9958 0.035869 -4.53441 0.284306 0.010482 -0.958676 293.234 
-0.965015 0.0939711 -0.244775 -20.6514 0.0878145 0.995487 0.0359705 -4.51899 0.247051 0.0132172 -0.968912 292.284 
-0.973532 0.0932132 -0.208678 -20.8271 0.0880078 0.995536 0.034113 -4.49801 0.210926 0.0148449 -0.977389 291.321 
-0.980205 0.0922476 -0.175183 -20.955 0.0884219 0.995645 0.0295365 -4.47736 0.177145 0.0134618 -0.984093 290.332 
-0.985687 0.0904869 -0.142242 -21.0669 0.0878171 0.995824 0.0249494 -4.45513 0.143906 0.0121011 -0.989517 289.309 
