1 2.12261e-08 -2.11895e-08 0 2.12261e-08 1 2.10703e-08 0 -2.11895e-08 2.10703e-08 1 0 
0.999978 0.000574078 -0.00657003 -0.00898502 -0.000572718 1 0.000202356 -6.91466e-05 0.00657011 -0.000198547 0.999978 0.0944226 
0.999907 0.00096607 -0.0135857 -0.0209264 -0.00096393 1 0.000161026 -0.00152003 0.0135858 -0.000147873 0.999908 0.193394 
0.999778 0.00139196 -0.0210394 -0.0351812 -0.00140632 0.999999 -0.000669936 0.000270405 0.0210384 0.000699418 0.999778 0.292213 
0.999536 0.00195917 -0.0304122 -0.0485532 -0.00201689 0.999996 -0.00186856 -0.00291063 0.0304083 0.00192907 0.999536 0.39757 
0.999117 0.00197672 -0.0419574 -0.0667017 -0.00212592 0.999992 -0.00351282 -0.00214382 0.0419501 0.00359896 0.999113 0.51969 
0.998453 0.00195889 -0.0555763 -0.0894683 -0.00219623 0.999989 -0.00421057 -0.00566139 0.0555674 0.00432615 0.998446 0.649383 
0.997418 0.00192608 -0.0717904 -0.122015 -0.00224384 0.999988 -0.00434641 -0.00378064 0.0717811 0.00449632 0.99741 0.790087 
0.995875 0.000218033 -0.0907372 -0.149768 -0.000597937 0.999991 -0.00416015 -0.00753516 0.0907354 0.00419729 0.995866 0.949132 
0.993856 -0.000898344 -0.11068 -0.189812 0.000435726 0.999991 -0.00420426 -0.0097988 0.110683 0.00413025 0.993847 1.11811 
0.991115 -0.00109081 -0.133007 -0.23882 0.000502288 0.99999 -0.00445848 -0.0149706 0.133011 0.0043521 0.991105 1.29068 
0.987575 0.00268671 -0.157126 -0.299693 -0.00365482 0.999976 -0.00587303 -0.0189779 0.157106 0.00637437 0.987561 1.46508 
0.98314 0.00684383 -0.182725 -0.367487 -0.00832234 0.999939 -0.00732608 -0.0271714 0.182664 0.00872331 0.983137 1.65127 
0.977701 0.00962241 -0.209781 -0.444594 -0.0115965 0.999899 -0.00818255 -0.0338066 0.209681 0.0104329 0.977714 1.84098 
0.970893 0.0103956 -0.239288 -0.526802 -0.0127523 0.999884 -0.00830272 -0.0379756 0.239174 0.0111126 0.970913 2.03686 
0.962793 0.0124326 -0.269954 -0.622078 -0.0151198 0.999855 -0.00787722 -0.0394598 0.269817 0.0116658 0.962841 2.24201 
0.953219 0.0141831 -0.301947 -0.729091 -0.0170363 0.999832 -0.00681802 -0.0420686 0.3018 0.0116432 0.9533 2.44524 
0.941737 0.0159121 -0.335972 -0.834601 -0.0189793 0.999803 -0.00584774 -0.0423422 0.335813 0.0118836 0.941854 2.65084 
0.929007 0.0182771 -0.36961 -0.953602 -0.0217586 0.999749 -0.00525255 -0.0462115 0.369422 0.0129219 0.929172 2.85154 
0.914765 0.0210649 -0.403437 -1.07958 -0.0250557 0.999675 -0.00461543 -0.0460601 0.403209 0.0143305 0.914996 3.05447 
0.898466 0.0217 -0.438506 -1.21572 -0.0259723 0.999656 -0.00374617 -0.048198 0.438274 0.0147549 0.89872 3.25449 
0.879506 0.0169288 -0.475588 -1.35451 -0.0217877 0.999752 -0.00470548 -0.0422147 0.47539 0.0145005 0.879656 3.4623 
0.857769 0.0118959 -0.513897 -1.50112 -0.0168096 0.999847 -0.00491297 -0.0475998 0.51376 0.0128527 0.857838 3.66098 
0.832154 0.0136372 -0.554377 -1.67226 -0.0175105 0.999845 -0.00168897 -0.0502813 0.554268 0.0111129 0.832264 3.85893 
0.802361 0.0188762 -0.596541 -1.86821 -0.0219965 0.999756 0.00204931 -0.0536945 0.596434 0.0114775 0.80258 4.04774 
0.769326 0.0224263 -0.638463 -2.07059 -0.0255992 0.999663 0.00426737 -0.0619175 0.638343 0.0130612 0.769641 4.21793 
0.732592 0.0215408 -0.680327 -2.29296 -0.0248519 0.999679 0.00489109 -0.0597725 0.680214 0.0133243 0.732893 4.39866 
0.692181 0.0176419 -0.721508 -2.5237 -0.0188351 0.999802 0.00637713 -0.0621148 0.721478 0.00917557 0.692377 4.57484 
0.648629 0.0140459 -0.760975 -2.77643 -0.0134078 0.999885 0.00702733 -0.0594174 0.760987 0.00564493 0.648743 4.74982 
0.603085 0.0137994 -0.797558 -3.05011 -0.0106079 0.999901 0.00927905 -0.0607227 0.797606 0.00286438 0.603172 4.90728 
0.554687 0.014408 -0.831934 -3.34064 -0.00832602 0.999896 0.0117655 -0.0550678 0.832017 0.000400555 0.55475 5.04689 
0.50355 0.0149632 -0.863837 -3.65071 -0.00716492 0.999888 0.0131432 -0.047043 0.863936 -0.000428911 0.503601 5.16806 
0.450576 0.0164612 -0.892587 -3.96967 -0.00565978 0.999863 0.0155825 -0.0463653 0.89272 -0.0019692 0.450607 5.27482 
0.396008 0.0185905 -0.918059 -4.31513 -0.00496587 0.999824 0.0181042 -0.0392938 0.918234 -0.0026104 0.396031 5.36604 
0.340444 0.0202869 -0.940046 -4.68211 -0.00441465 0.999791 0.0199774 -0.0306268 0.940254 -0.00265116 0.340462 5.44667 
0.28535 0.0235511 -0.958134 -5.06718 -0.00169881 0.999709 0.024067 -0.031092 0.958422 -0.00523979 0.285307 5.51242 
0.231738 0.0251784 -0.972452 -5.46613 0.00195774 0.999651 0.0263491 -0.0226949 0.972776 -0.00800985 0.231608 5.55985 
0.180863 0.0258178 -0.983169 -5.87903 0.00480867 0.99962 0.0271344 -0.0212266 0.983497 -0.00963529 0.18067 5.58901 
0.133246 0.0267016 -0.990723 -6.31746 0.00276403 0.999623 0.0273132 -0.0136717 0.991079 -0.00637772 0.133122 5.60205 
0.0907279 0.026651 -0.995519 -6.76063 0.000535915 0.99964 0.0268102 -0.000850388 0.995876 -0.0029659 0.090681 5.59825 
0.0529667 0.0251383 -0.99828 -7.21777 -0.000781335 0.999684 0.0251322 0.0107052 0.998596 -0.000551136 0.0529696 5.5824 
0.0180782 0.0223439 -0.999587 -7.69881 -0.00014939 0.99975 0.0223448 0.0208885 0.999837 -0.000254584 0.018077 5.56745 
-0.0134513 0.0195555 -0.999718 -8.18489 2.94182e-05 0.999809 0.0195568 0.0291857 0.99991 0.000233697 -0.0134493 5.53131 
-0.0401018 0.0177644 -0.999038 -8.68779 -0.000667587 0.999841 0.0178055 0.034323 0.999195 0.00138102 -0.0400835 5.4844 
-0.060959 0.0151096 -0.998026 -9.20064 -0.00129515 0.999883 0.0152169 0.0454808 0.998139 0.00222024 -0.0609324 5.42731 
-0.0775812 0.0143042 -0.996883 -9.72861 -0.000703729 0.999896 0.0144022 0.0552805 0.996986 0.00181892 -0.0775631 5.36735 
-0.0901731 0.0146417 -0.995819 -10.2672 -0.00108481 0.99989 0.0147998 0.062682 0.995926 0.00241486 -0.0901473 5.29657 
-0.099853 0.0156916 -0.994878 -10.822 -0.00194034 0.999871 0.0159651 0.0658863 0.995 0.00352461 -0.0998097 5.22602 
-0.106546 0.0170605 -0.994161 -11.3994 -0.00405781 0.999837 0.0175927 0.0643777 0.9943 0.00590859 -0.10646 5.14165 
-0.111326 0.0179421 -0.993622 -11.9854 -0.00363254 0.999823 0.0184611 0.070381 0.993777 0.0056646 -0.111241 5.06417 
-0.112632 0.0186449 -0.993462 -12.5981 -0.00125874 0.99982 0.0189069 0.0786564 0.993636 0.00338008 -0.112589 4.98421 
-0.111927 0.0207653 -0.9935 -13.2233 0.000947134 0.999783 0.02079 0.0893909 0.993716 0.00138602 -0.111922 4.90633 
-0.11057 0.0234165 -0.993593 -13.8636 0.000382544 0.999723 0.0235184 0.0918268 0.993868 0.00222037 -0.110548 4.82276 
-0.109053 0.023246 -0.993764 -14.5144 -0.00202269 0.999719 0.0236072 0.0983349 0.994034 0.00458456 -0.108975 4.73833 
-0.107657 0.0206103 -0.993974 -15.1781 -0.0034424 0.999771 0.0211033 0.107267 0.994182 0.00569362 -0.107562 4.65492 
-0.106565 0.0204434 -0.994096 -15.8651 -0.00374672 0.999773 0.0209618 0.117417 0.994299 0.00595841 -0.106464 4.57059 
-0.104683 0.0231225 -0.994237 -16.5592 -0.00355662 0.999715 0.0236243 0.129178 0.994499 0.00600922 -0.10457 4.49114 
-0.102607 0.0265302 -0.994368 -17.2799 -0.00473624 0.99962 0.027159 0.139116 0.994711 0.00749631 -0.102442 4.3997 
-0.100985 0.0286724 -0.994475 -18.0151 -0.0048779 0.999558 0.0293143 0.147373 0.994876 0.00781129 -0.1008 4.31185 
-0.0990719 0.027778 -0.994693 -18.7538 -0.00682065 0.999568 0.0285935 0.161931 0.995057 0.0096173 -0.0988396 4.22174 
-0.0974145 0.0247507 -0.994936 -19.5063 -0.008956 0.999628 0.0257443 0.176503 0.995204 0.0114186 -0.0971566 4.12931 
-0.0959667 0.024055 -0.995094 -20.2752 -0.00986672 0.999636 0.0251163 0.19025 0.995336 0.0122287 -0.0956944 4.04036 
-0.0945674 0.0264682 -0.995167 -21.0542 -0.00693542 0.999605 0.0272453 0.20558 0.995494 0.00947846 -0.0943465 3.958 
-0.0937063 0.0286149 -0.995189 -21.8431 -0.00449709 0.999565 0.0291641 0.217059 0.99559 0.00720835 -0.0935368 3.87881 
-0.0924729 0.0304224 -0.99525 -22.6408 -0.00320321 0.999519 0.0308506 0.226739 0.99571 0.00604088 -0.092331 3.79322 
-0.0922012 0.0258631 -0.995404 -23.4383 -0.00295684 0.999651 0.0262473 0.233236 0.995736 0.00536333 -0.0920926 3.71038 
-0.0918326 0.01883 -0.995596 -24.2452 -0.00130369 0.999818 0.0190301 0.241521 0.995774 0.00304557 -0.0917914 3.61966 
-0.092081 0.0145136 -0.995646 -25.0583 0.00185489 0.999895 0.014404 0.246955 0.99575 -0.000520432 -0.0920982 3.53534 
-0.0925516 0.0153079 -0.99559 -25.8856 0.00275921 0.999882 0.0151174 0.25441 0.995704 -0.00134786 -0.0925829 3.44567 
-0.0927954 0.0226403 -0.995428 -26.7325 0.00259637 0.999744 0.0224964 0.25869 0.995682 -0.000496897 -0.0928304 3.35197 
-0.0930112 0.0297458 -0.995221 -27.5743 0.000956647 0.999556 0.0297859 0.266456 0.995665 0.00181839 -0.0929984 3.25411 
-0.0933925 0.0350211 -0.995013 -28.4184 -0.000906041 0.999378 0.0352598 0.276695 0.995629 0.00419457 -0.0933027 3.15506 
-0.0939135 0.0352707 -0.994955 -29.2611 -0.00244533 0.999361 0.0356576 0.288711 0.995577 0.00578177 -0.0937672 3.0593 
-0.0943655 0.0317979 -0.99503 -30.0953 -0.00220607 0.999481 0.0321494 0.302475 0.995535 0.00522894 -0.0942463 2.9683 
-0.0948733 0.0292374 -0.99506 -30.9311 -0.00229423 0.99956 0.0295884 0.315483 0.995487 0.00509009 -0.0947644 2.87394 
-0.0953538 0.0304769 -0.994977 -31.7691 -0.00349302 0.999515 0.0309506 0.328976 0.995437 0.00642678 -0.095201 2.78181 
-0.0951341 0.0326287 -0.99493 -32.6101 -0.00439116 0.999439 0.0331964 0.339913 0.995455 0.00752705 -0.0949375 2.67919 
-0.09513 0.0312189 -0.994975 -33.4431 -0.00539645 0.999477 0.0318761 0.344325 0.99545 0.00840174 -0.0949118 2.58548 
-0.0946891 0.0261948 -0.995162 -34.2754 -0.00627582 0.999618 0.0269093 0.352373 0.995487 0.00879351 -0.0944886 2.48409 
-0.0944448 0.0219939 -0.995287 -35.1125 -0.0074765 0.999712 0.0228012 0.363237 0.995502 0.00959476 -0.0942531 2.37929 
-0.0939363 0.0227291 -0.995319 -35.9454 -0.00691045 0.9997 0.0234814 0.3674 0.995554 0.00908389 -0.0937511 2.28238 
-0.0934582 0.0253585 -0.9953 -36.7863 -0.00566731 0.999646 0.0260013 0.371379 0.995607 0.00807075 -0.0932813 2.18435 
-0.0933065 0.0301533 -0.995181 -37.6291 -0.0054697 0.999511 0.0307974 0.382913 0.995622 0.00831697 -0.0930959 2.09734 
-0.0927668 0.0355896 -0.995052 -38.4667 -0.0043699 0.999337 0.0361502 0.397695 0.995678 0.00770186 -0.0925498 2.00522 
-0.0931049 0.0388682 -0.994897 -39.3041 -0.0044381 0.999212 0.039452 0.410266 0.995646 0.00808867 -0.0928589 1.91421 
-0.0928445 0.0384702 -0.994937 -40.1382 -0.00408465 0.99923 0.0390173 0.42982 0.995672 0.00768655 -0.0926159 1.82203 
-0.0928743 0.0340481 -0.995096 -40.9622 -0.00403318 0.999394 0.0345716 0.445742 0.99567 0.00722425 -0.0926807 1.73151 
-0.0927307 0.0296693 -0.995249 -41.7825 -0.00502124 0.999529 0.0302648 0.458943 0.995679 0.0078039 -0.0925381 1.64358 
-0.09283 0.0266385 -0.995326 -42.6091 -0.00869907 0.999582 0.0275637 0.473492 0.995644 0.0112172 -0.0925595 1.54845 
-0.0935036 0.0247386 -0.995312 -43.4362 -0.0118834 0.999592 0.0259613 0.482594 0.995548 0.0142552 -0.0931715 1.45274 
-0.0943532 0.0228167 -0.995277 -44.2615 -0.00959408 0.99967 0.0238269 0.489095 0.995493 0.0117969 -0.0941032 1.36157 
-0.0954411 0.0193691 -0.995247 -45.083 -0.00637483 0.999778 0.0200686 0.492826 0.995415 0.00825994 -0.0952965 1.26979 
-0.0965211 0.0178582 -0.995171 -45.9058 -0.00210249 0.999833 0.0181458 0.50027 0.995329 0.00384383 -0.0964675 1.18264 
-0.0986328 0.0214269 -0.994893 -46.7301 -0.00150953 0.999764 0.0216815 0.503333 0.995123 0.00364036 -0.0985771 1.08696 
-0.100475 0.0276197 -0.994556 -47.5611 0.00120209 0.999617 0.0276388 0.509651 0.994939 0.0015815 -0.10047 0.989333 
-0.102665 0.0312297 -0.994226 -48.3796 0.00306288 0.999512 0.0310795 0.516347 0.994711 0.000145622 -0.102711 0.896655 
-0.104262 0.0304699 -0.994083 -49.1871 0.00314122 0.999536 0.0303076 0.523619 0.994545 3.73205e-05 -0.104309 0.798996 
-0.105499 0.026223 -0.994074 -49.9919 -0.000151009 0.999652 0.0263862 0.531514 0.994419 0.00293387 -0.105458 0.693606 
-0.106879 0.022314 -0.994022 -50.7817 -0.00480767 0.999725 0.022959 0.539402 0.99426 0.0072328 -0.106743 0.588648 
-0.108416 0.0206621 -0.993891 -51.5753 -0.00876498 0.999725 0.0217395 0.545109 0.994067 0.0110684 -0.108205 0.480783 
-0.109432 0.0218468 -0.993754 -52.3692 -0.0102723 0.99968 0.0231083 0.546523 0.993941 0.012737 -0.109172 0.37589 
-0.110806 0.0233612 -0.993568 -53.1566 -0.00987287 0.999649 0.0246053 0.551496 0.993793 0.0125358 -0.110536 0.277131 
-0.111899 0.0228261 -0.993457 -53.9395 -0.0114066 0.999641 0.024253 0.555918 0.993654 0.0140459 -0.111599 0.171247 
-0.112553 0.0225243 -0.99339 -54.713 -0.0121076 0.999638 0.0240378 0.56245 0.993572 0.0147331 -0.11224 0.0675464 
-0.113124 0.0244476 -0.99328 -55.498 -0.010094 0.999617 0.0257532 0.567085 0.99353 0.0129395 -0.112834 -0.0387321 
-0.113276 0.0270502 -0.993195 -56.2771 -0.00876473 0.999563 0.0282232 0.577955 0.993525 0.0119021 -0.112989 -0.146852 
-0.113396 0.0314948 -0.993051 -57.0495 -0.00897119 0.999424 0.0327213 0.581488 0.993509 0.0126193 -0.113048 -0.251367 
-0.114433 0.0335831 -0.992863 -57.8118 -0.00910187 0.999351 0.0348516 0.588986 0.993389 0.0130251 -0.114053 -0.347406 
-0.115334 0.0334678 -0.992763 -58.5702 -0.00826048 0.999365 0.03465 0.602275 0.993292 0.0121971 -0.114984 -0.448495 
-0.115812 0.0316011 -0.992768 -59.3205 -0.0072723 0.99944 0.0326618 0.606905 0.993245 0.0110024 -0.115517 -0.546612 
-0.116275 0.0280711 -0.99282 -60.0597 -0.00681972 0.999554 0.0290602 0.616064 0.993194 0.0101498 -0.116032 -0.645139 
-0.116181 0.025338 -0.992905 -60.7813 -0.00739643 0.999625 0.026375 0.619944 0.993201 0.0104083 -0.11595 -0.743798 
-0.115383 0.0229528 -0.993056 -61.4856 -0.00791079 0.99968 0.024025 0.626076 0.99329 0.010628 -0.115165 -0.832484 
-0.113287 0.0221223 -0.993316 -62.1826 -0.0100367 0.999676 0.0234086 0.628325 0.993512 0.0126216 -0.113029 -0.926417 
-0.109501 0.0230606 -0.993719 -62.8627 -0.010311 0.999651 0.0243344 0.630231 0.993933 0.0129109 -0.109225 -1.01175 
-0.103725 0.024555 -0.994303 -63.5316 -0.00921767 0.999629 0.0256481 0.633905 0.994563 0.0118256 -0.10346 -1.09324 
-0.0967171 0.0260816 -0.99497 -64.1823 -0.00831403 0.999601 0.0270111 0.636617 0.995277 0.0108847 -0.0964616 -1.16284 
-0.0879295 0.0272776 -0.995753 -64.8194 -0.00923646 0.99956 0.0281975 0.640371 0.996084 0.0116767 -0.0876388 -1.23133 
-0.0763989 0.0289601 -0.996657 -65.4382 -0.0111608 0.999491 0.029898 0.643325 0.997015 0.0134077 -0.0760368 -1.28646 
-0.061448 0.0302553 -0.997652 -66.0427 -0.0145094 0.999408 0.0312023 0.650007 0.998005 0.0163927 -0.0609726 -1.33241 
-0.0431707 0.031474 -0.998572 -66.6337 -0.0161646 0.999351 0.0321974 0.65479 0.998937 0.0175315 -0.0426339 -1.35966 
-0.0210139 0.0322701 -0.999258 -67.1983 -0.0171624 0.99932 0.032633 0.658751 0.999632 0.0178355 -0.0204458 -1.36884 
0.00423117 0.0326971 -0.999456 -67.7375 -0.0166359 0.999329 0.0326225 0.661771 0.999853 0.0164889 0.00477228 -1.35361 
0.0334541 0.0321886 -0.998922 -68.2542 -0.0151304 0.999383 0.0316967 0.66914 0.999326 0.0140538 0.0339205 -1.32139 
0.0677685 0.0321948 -0.997182 -68.7459 -0.0138024 0.999414 0.0313289 0.675186 0.997606 0.0116404 0.0681732 -1.27294 
0.105352 0.0324555 -0.993905 -69.2172 -0.0131349 0.999426 0.0312435 0.68029 0.994348 0.0097633 0.105717 -1.2011 
0.146358 0.0322724 -0.988705 -69.6727 -0.0129013 0.999445 0.0307132 0.682436 0.989148 0.00826054 0.146693 -1.11188 
0.1918 0.0333139 -0.980868 -70.1157 -0.0119482 0.999429 0.0316079 0.685417 0.981361 0.00565727 0.192089 -1.00434 
0.240777 0.0320266 -0.970052 -70.5444 -0.00854497 0.999487 0.0308775 0.686369 0.970543 0.000854511 0.240927 -0.873209 
0.291455 0.027662 -0.956185 -70.9466 -0.000951906 0.99959 0.0286275 0.684413 0.956584 -0.00743338 0.291361 -0.716118 
0.34351 0.0226862 -0.938875 -71.3318 0.00424413 0.999661 0.0257078 0.683295 0.93914 -0.0128155 0.343297 -0.54424 
0.396545 0.0179188 -0.917841 -71.7119 0.00960894 0.999674 0.0236678 0.68891 0.917965 -0.0182048 0.396243 -0.345181 
0.448705 0.0175387 -0.893508 -72.0874 0.00915178 0.999665 0.0242183 0.697348 0.893633 -0.019044 0.448394 -0.133998 
0.497783 0.0164303 -0.867146 -72.445 0.0106421 0.99963 0.0250496 0.701466 0.867236 -0.0216975 0.497424 0.0979251 
0.543576 0.0120623 -0.839274 -72.7899 0.0183489 0.999487 0.026249 0.70918 0.83916 -0.029668 0.543075 0.361962 
0.588042 0.00591198 -0.808809 -73.1062 0.028578 0.999197 0.0280811 0.710455 0.808326 -0.039627 0.587401 0.649456 
0.631585 0.00127937 -0.775305 -73.4141 0.0295388 0.999233 0.025712 0.711151 0.774743 -0.0391409 0.631063 0.933658 
0.673752 -0.00394288 -0.738947 -73.7126 0.0264669 0.999473 0.0187987 0.720361 0.738483 -0.0322233 0.673501 1.23201 
0.715434 -0.0106875 -0.698599 -73.9968 0.0226534 0.999712 0.00790512 0.725633 0.698313 -0.0214811 0.71547 1.5449 
0.755706 -0.0133878 -0.654774 -74.2746 0.0176788 0.999844 -3.93258e-05 0.728536 0.654672 -0.0115458 0.755825 1.88933 
0.793764 -0.0144351 -0.608055 -74.5398 0.0161051 0.999867 -0.00271278 0.729476 0.608013 -0.00763943 0.79389 2.26761 
0.828521 -0.0157347 -0.559737 -74.7823 0.0161384 0.999861 -0.00421902 0.728501 0.559725 -0.00553767 0.82866 2.67153 
0.860031 -0.0145074 -0.510035 -75.023 0.0130502 0.999894 -0.00643543 0.728323 0.510075 -0.00112136 0.860129 3.10387 
0.886823 -0.0128322 -0.461931 -75.2428 0.01215 0.999916 -0.00445152 0.715622 0.46195 -0.00166468 0.886905 3.56006 
0.908714 -0.00632627 -0.417371 -75.4522 0.00539485 0.99998 -0.00341135 0.711188 0.417384 0.000848336 0.90873 4.04222 
0.926719 -0.00213627 -0.375749 -75.6479 0.00034811 0.999988 -0.00482683 0.706012 0.375755 0.00434237 0.926709 4.54073 
0.940633 0.00300783 -0.339412 -75.8315 -0.00436285 0.999985 -0.00322939 0.70042 0.339397 0.00451853 0.940632 5.07003 
0.951032 0.00385971 -0.309068 -76.0064 -0.00446425 0.999989 -0.00124895 0.693463 0.30906 0.00256759 0.951039 5.62042 
0.958623 0.00284155 -0.284664 -76.1678 -0.0028601 0.999996 0.000350408 0.686517 0.284664 0.000478306 0.958627 6.18919 
0.964634 0.00311226 -0.263574 -76.3267 -0.00253927 0.999994 0.00251446 0.680746 0.26358 -0.0017562 0.964636 6.78146 
0.969443 0.00589334 -0.245247 -76.4852 -0.00476549 0.999975 0.00519185 0.675654 0.245271 -0.00386443 0.969447 7.38833 
0.973149 0.010547 -0.229934 -76.6409 -0.00923475 0.999934 0.00678244 0.672748 0.22999 -0.0044769 0.973183 8.01455 
0.976169 0.0141743 -0.216548 -76.7961 -0.0127288 0.999886 0.00806836 0.666342 0.216637 -0.00511965 0.976239 8.65225 
0.97898 0.0124033 -0.20358 -76.935 -0.0110651 0.999909 0.00771021 0.665458 0.203657 -0.00529546 0.979028 9.31026 
0.981722 0.0125573 -0.189904 -77.0693 -0.0113911 0.999909 0.00723113 0.664443 0.189977 -0.0049357 0.981776 9.98588 
0.984421 0.0128288 -0.175358 -77.1992 -0.0115781 0.9999 0.00815357 0.661254 0.175445 -0.00599619 0.984471 10.669 
0.986763 0.0139088 -0.161571 -77.3172 -0.012662 0.999882 0.00874384 0.656474 0.161674 -0.00658223 0.986822 11.3712 
0.988775 0.0139304 -0.14876 -77.4368 -0.0132112 0.999896 0.00582188 0.652041 0.148825 -0.0037912 0.988856 12.0857 
0.990343 0.0144046 -0.137892 -77.5484 -0.0144557 0.999895 0.000630557 0.644087 0.137886 0.0013689 0.990447 12.8108 
0.991649 0.0123712 -0.128372 -77.653 -0.0131905 0.999898 -0.00553423 0.639047 0.12829 0.00718135 0.991711 13.5508 
0.992674 0.0122903 -0.120195 -77.7519 -0.0130825 0.999898 -0.00580429 0.631766 0.120111 0.00733427 0.992733 14.3033 
0.993419 0.0138805 -0.113691 -77.8508 -0.0139121 0.999903 0.000514737 0.621606 0.113687 0.00107038 0.993516 15.068 
0.993918 0.0185424 -0.108552 -77.9591 -0.0177235 0.999807 0.00850363 0.613838 0.108689 -0.00652794 0.994054 15.8395 
0.994344 0.0194401 -0.104418 -78.0504 -0.0182467 0.999757 0.012372 0.601191 0.104633 -0.0103967 0.994457 16.6056 
0.994739 0.0181249 -0.100826 -78.1449 -0.0171047 0.999794 0.0109727 0.601747 0.101004 -0.00919034 0.994844 17.3704 
0.995038 0.0179849 -0.0978571 -78.2304 -0.0170725 0.999803 0.0101521 0.595679 0.0980203 -0.00843103 0.995149 18.1298 
0.995349 0.01604 -0.0949954 -78.3147 -0.0149403 0.999813 0.0122762 0.598116 0.0951746 -0.0107998 0.995402 18.9014 
0.995627 0.0141325 -0.0923474 -78.3971 -0.0128412 0.999812 0.0145611 0.594559 0.0925358 -0.0133115 0.99562 19.6712 
0.995933 0.0118008 -0.0893248 -78.4785 -0.010386 0.999813 0.0162872 0.591859 0.0895003 -0.0152932 0.995869 20.4409 
0.99616 0.0107122 -0.0868928 -78.5519 -0.00964155 0.999873 0.012731 0.585925 0.0870181 -0.0118443 0.996136 21.1967 
0.996269 0.0138209 -0.0851838 -78.6346 -0.0134191 0.999896 0.00528711 0.580639 0.085248 -0.00412425 0.996351 21.9457 
0.996403 0.0142175 -0.0835373 -78.7124 -0.0144655 0.999893 -0.0023648 0.569777 0.0834947 0.00356475 0.996502 22.6942 
0.996489 0.0152313 -0.0823226 -78.7869 -0.0158017 0.999855 -0.00628168 0.55616 0.082215 0.0075605 0.996586 23.4429 
0.996626 0.0168838 -0.0803278 -78.8632 -0.0172956 0.999841 -0.00443354 0.538207 0.0802401 0.00580794 0.996759 24.2007 
0.996758 0.020425 -0.077823 -78.9449 -0.020517 0.999789 -0.000382987 0.519078 0.0777988 0.00197848 0.996967 24.961 
0.996836 0.0235395 -0.0759183 -79.0172 -0.0232386 0.999718 0.00484392 0.501945 0.0760108 -0.00306431 0.997102 25.7141 
0.997077 0.0207358 -0.0735328 -79.0831 -0.0202892 0.999771 0.00681411 0.493572 0.0736572 -0.00530222 0.99727 26.4626 
0.99722 0.0177085 -0.0723744 -79.1503 -0.0172818 0.999829 0.00651697 0.485506 0.0724774 -0.00524805 0.997356 27.218 
0.99733 0.0160171 -0.0712472 -79.2149 -0.0155717 0.999856 0.00680273 0.472187 0.0713459 -0.00567509 0.997436 27.9694 
0.997423 0.0153052 -0.0700961 -79.2816 -0.0150077 0.999876 0.00476941 0.466919 0.0701603 -0.00370509 0.997529 28.7189 
0.997504 0.013463 -0.069314 -79.3473 -0.013256 0.999906 0.00344453 0.460383 0.0693538 -0.00251706 0.997589 29.4758 
0.997556 0.0128304 -0.0686832 -79.4116 -0.0126157 0.999914 0.003558 0.452756 0.0687229 -0.00268277 0.997632 30.2366 
0.997565 0.0158086 -0.0679266 -79.4822 -0.0155353 0.999869 0.00454872 0.444517 0.0679896 -0.00348234 0.99768 31.0065 
0.997558 0.0151954 -0.0681664 -79.5481 -0.0149957 0.999882 0.00344039 0.439653 0.0682106 -0.00240975 0.997668 31.7783 
0.997449 0.0148529 -0.0698262 -79.6198 -0.0146479 0.999887 0.00344676 0.430109 0.0698694 -0.00241512 0.997553 32.5565 
0.997354 0.0121852 -0.0716738 -79.6922 -0.0119334 0.999921 0.0039401 0.421376 0.0717161 -0.00307431 0.99742 33.3288 
0.99711 0.0138287 -0.0746988 -79.7729 -0.0135899 0.999901 0.00370445 0.414591 0.0747426 -0.00267855 0.997199 34.1094 
0.996846 0.017534 -0.0774038 -79.8554 -0.017327 0.999844 0.00334417 0.403954 0.0774503 -0.00199241 0.996994 34.9114 
0.996665 0.0182529 -0.0795401 -79.947 -0.0184582 0.999828 -0.00184757 0.398832 0.0794927 0.00330962 0.99683 35.6945 
0.996459 0.018916 -0.0819237 -80.0342 -0.0194039 0.999798 -0.00516354 0.385396 0.0818094 0.00673494 0.996625 36.4989 
0.996327 0.017742 -0.083777 -80.1225 -0.0183719 0.999808 -0.00675456 0.374599 0.0836411 0.00826893 0.996462 37.3127 
0.996121 0.0180519 -0.0861245 -80.2075 -0.0185557 0.999815 -0.00505279 0.355502 0.0860173 0.00663133 0.996272 38.1373 
0.995956 0.0166895 -0.088279 -80.2971 -0.0171512 0.999843 -0.00447456 0.341975 0.0881904 0.00597061 0.996086 38.9658 
0.99581 0.0160651 -0.090027 -80.3885 -0.0163755 0.999862 -0.00271079 0.330308 0.089971 0.00417371 0.995936 39.801 
0.995692 0.0158211 -0.091367 -80.4823 -0.0157838 0.999875 0.00113002 0.315867 0.0913734 0.000317016 0.995817 40.6417 
0.995631 0.0152737 -0.092114 -80.5798 -0.0147898 0.999873 0.00593286 0.303763 0.0921929 -0.00454455 0.995731 41.4901 
0.995702 0.0154946 -0.0913054 -80.6761 -0.0148035 0.999857 0.00824136 0.294001 0.0914199 -0.00685426 0.995789 42.3414 
0.995844 0.0183212 -0.0892118 -80.7769 -0.0176724 0.999811 0.00805695 0.290082 0.0893425 -0.00644684 0.99598 43.1992 
0.996017 0.0184786 -0.0872252 -80.8707 -0.017966 0.999816 0.00665782 0.283253 0.0873321 -0.00506417 0.996166 44.0636 
0.99618 0.0160367 -0.0858389 -80.9576 -0.0157053 0.999866 0.0045336 0.274151 0.0859001 -0.00316811 0.996299 44.9332 
0.996401 0.0122561 -0.0838768 -81.0422 -0.0120569 0.999923 0.00288024 0.266379 0.0839056 -0.00185854 0.996472 45.8004 
0.996601 0.0112977 -0.0815985 -81.1362 -0.0111147 0.999935 0.00269601 0.256802 0.0816236 -0.00177986 0.996662 46.6521 
0.996669 0.00844926 -0.0811166 -81.2177 -0.00805739 0.999954 0.00515658 0.244661 0.0811565 -0.00448577 0.996691 47.5357 
0.996765 0.00594761 -0.0801535 -81.3005 -0.00535259 0.999957 0.00763579 0.233938 0.0801954 -0.00718201 0.996753 48.4088 
0.99684 0.00538035 -0.0792498 -81.3869 -0.0047496 0.999956 0.00814487 0.219178 0.07929 -0.00774268 0.996822 49.2695 
0.99692 0.00658234 -0.0781497 -81.4715 -0.00622148 0.999969 0.0048595 0.206728 0.0781793 -0.00435828 0.99693 50.1413 
0.996959 0.00961584 -0.0773274 -81.5622 -0.00970651 0.999953 -0.000797406 0.1923 0.077316 0.0015456 0.997005 51.0112 
0.99704 0.0115522 -0.0760188 -81.6514 -0.0120755 0.999906 -0.00642749 0.179429 0.0759374 0.00732646 0.997086 51.8669 
0.997029 0.0159283 -0.0753612 -81.737 -0.016908 0.99978 -0.0123806 0.158944 0.0751474 0.0136181 0.997079 52.7118 
0.997122 0.0160233 -0.0740967 -81.8205 -0.0170314 0.999771 -0.0129934 0.132263 0.0738714 0.014218 0.997166 53.5627 
0.997186 0.0132978 -0.0737782 -81.899 -0.0138709 0.999877 -0.00726097 0.118119 0.0736726 0.00826395 0.997248 54.4169 
0.997141 0.0126342 -0.0745051 -81.9779 -0.0125361 0.99992 0.00178382 0.0980129 0.0745216 -0.000844672 0.997219 55.2733 
0.997077 0.01192 -0.0754625 -82.0633 -0.0112341 0.999892 0.00950743 0.0799538 0.0755676 -0.00863185 0.997103 56.132 
0.996926 0.00999035 -0.0777081 -82.1448 -0.00945096 0.999929 0.00730538 0.0681627 0.0777755 -0.00654847 0.996949 56.9723 
0.996812 0.00488966 -0.0796359 -82.2199 -0.00460106 0.999982 0.00380663 0.0604361 0.079653 -0.00342805 0.996817 57.8126 
0.996602 0.0036591 -0.0822912 -82.3016 -0.00347863 0.999991 0.00233588 0.0468275 0.082299 -0.00204163 0.996606 58.644 
0.996363 0.00549186 -0.0850292 -82.3918 -0.00551695 0.999985 -6.0556e-05 0.0309834 0.0850276 0.000529481 0.996378 59.4639 
0.996084 0.00721101 -0.0881233 -82.4866 -0.00752356 0.999967 -0.00321557 0.0114343 0.0880972 0.00386602 0.996104 60.2833 
0.995751 0.00759315 -0.0917722 -82.5851 -0.00825361 0.999943 -0.00681982 -0.00415516 0.0917151 0.00754834 0.995757 61.099 
0.99546 0.00985715 -0.0946695 -82.6836 -0.0109002 0.999885 -0.010507 -0.0272182 0.0945551 0.0114913 0.995453 61.9106 
0.995117 0.0146563 -0.0976079 -82.7914 -0.0157471 0.999822 -0.0104148 -0.0509937 0.0974378 0.011901 0.99517 62.7149 
0.994722 0.0182519 -0.100972 -82.899 -0.0192477 0.999775 -0.0088972 -0.0663044 0.100787 0.0107938 0.99485 63.5175 
0.994258 0.0211659 -0.104894 -83.0046 -0.0215902 0.999763 -0.00291196 -0.0867424 0.104807 0.00515996 0.994479 64.3234 
0.993796 0.0216043 -0.109102 -83.1111 -0.0214274 0.999767 0.00279358 -0.107553 0.109137 -0.000438434 0.994027 65.1215 
0.993255 0.0209317 -0.114045 -83.2184 -0.0203376 0.999773 0.00637028 -0.119338 0.114152 -0.00400788 0.993455 65.9157 
0.992478 0.0204473 -0.120706 -83.3296 -0.0196809 0.999778 0.00753753 -0.130643 0.120834 -0.00510517 0.99266 66.7022 
0.991815 0.0174 -0.126494 -83.4448 -0.0161239 0.999808 0.0111051 -0.139598 0.126663 -0.00897454 0.991905 67.4836 
0.990978 0.0183591 -0.13276 -83.5681 -0.0170362 0.999793 0.0110937 -0.149327 0.132937 -0.00873187 0.991086 68.2456 
0.990069 0.0230346 -0.138682 -83.7035 -0.0218543 0.999711 0.0100276 -0.158176 0.138873 -0.00689713 0.990286 69.0192 
0.989156 0.0248244 -0.144753 -83.8382 -0.0241745 0.999688 0.00624653 -0.164579 0.144863 -0.00267941 0.989448 69.7931 
0.988283 0.0238053 -0.150766 -83.9708 -0.023557 0.999717 0.00343294 -0.173284 0.150805 0.000158927 0.988564 70.5597 
0.987426 0.0251324 -0.156074 -84.112 -0.0250999 0.999683 0.00217927 -0.181185 0.156079 0.00176562 0.987743 71.3221 
0.986657 0.0267951 -0.160592 -84.2586 -0.026001 0.999637 0.0070446 -0.186203 0.160722 -0.00277501 0.986996 72.0865 
0.985712 0.027343 -0.166208 -84.4176 -0.0258386 0.999603 0.0112069 -0.193232 0.166449 -0.00675209 0.986027 72.8311 
0.984691 0.0269058 -0.172222 -84.5688 -0.02496 0.999598 0.013454 -0.203221 0.172514 -0.0089493 0.984966 73.5897 
0.983468 0.0244706 -0.179423 -84.7197 -0.023091 0.999686 0.00977354 -0.211557 0.179606 -0.00546886 0.983723 74.3379 
0.981999 0.0219067 -0.187612 -84.8822 -0.0218666 0.999758 0.00228342 -0.209732 0.187616 0.00186017 0.982241 75.0814 
0.980281 0.0199002 -0.196604 -85.0479 -0.0201874 0.999796 0.000543205 -0.220728 0.196574 0.00343647 0.980483 75.8186 
0.978077 0.0190495 -0.207371 -85.2247 -0.0187716 0.999818 0.00330807 -0.229603 0.207396 0.000657183 0.978257 76.5628 
0.975711 0.0189164 -0.218244 -85.4088 -0.017232 0.999805 0.00961886 -0.235886 0.218384 -0.0056244 0.975847 77.3013 
0.972971 0.0208314 -0.229984 -85.6094 -0.01736 0.999703 0.0171075 -0.237676 0.230272 -0.0126526 0.973044 78.0392 
0.970289 0.0212626 -0.241014 -85.8121 -0.0168259 0.999649 0.0204514 -0.242434 0.241364 -0.0157884 0.970306 78.763 
0.967352 0.0243574 -0.252265 -86.0269 -0.021003 0.999652 0.0159818 -0.250671 0.252567 -0.0101616 0.967526 79.4747 
0.964153 0.0238396 -0.264274 -86.2428 -0.0228464 0.999716 0.00683159 -0.254909 0.264361 -0.000548959 0.964424 80.1756 
0.960807 0.0214628 -0.276386 -86.4682 -0.0218058 0.999761 0.00183229 -0.254354 0.276359 0.00426639 0.961045 80.883 
0.957231 0.0202695 -0.288615 -86.6998 -0.0191524 0.999794 0.00669412 -0.25699 0.288691 -0.000880116 0.957422 81.5923 
0.95378 0.0211301 -0.299761 -86.9495 -0.0176861 0.999743 0.0141978 -0.266312 0.299983 -0.00823997 0.953909 82.3097 
0.949953 0.0210707 -0.311683 -87.2028 -0.0157596 0.999685 0.0195493 -0.268545 0.311997 -0.0136588 0.949985 83.0251 
0.945775 0.0186625 -0.324285 -87.4631 -0.0137368 0.999753 0.0174722 -0.268649 0.324531 -0.0120701 0.945798 83.7308 
0.941925 0.0167631 -0.335405 -87.7339 -0.0131701 0.999829 0.0129841 -0.271332 0.335565 -0.00781268 0.941985 84.4348 
0.938652 0.0125252 -0.344637 -88.0074 -0.011072 0.99992 0.00618455 -0.278492 0.344687 -0.00198928 0.938716 85.1308 
0.935844 0.00874225 -0.352307 -88.2868 -0.00922328 0.999957 0.000313075 -0.283365 0.352294 0.00295648 0.935885 85.8297 
0.933099 0.00856254 -0.359517 -88.5762 -0.00987973 0.99995 -0.00182663 -0.290853 0.359483 0.0052564 0.933137 86.5301 
0.930029 0.013433 -0.367242 -88.8796 -0.0151816 0.999883 -0.00187314 -0.302967 0.367174 0.00731743 0.930124 87.2247 
0.926842 0.0132917 -0.375215 -89.1803 -0.0142343 0.999899 0.000259582 -0.314446 0.375181 0.00510037 0.926938 87.9267 
0.923519 0.0141086 -0.383292 -89.4853 -0.0124433 0.999899 0.00682386 -0.320435 0.38335 -0.00153251 0.923602 88.6307 
0.920635 0.0158322 -0.390104 -89.8001 -0.010877 0.99983 0.0149082 -0.324844 0.390273 -0.00948176 0.92065 89.3369 
0.918015 0.0255425 -0.395723 -90.1338 -0.0185264 0.999596 0.021542 -0.332252 0.396113 -0.0124445 0.918117 90.0302 
0.915328 0.0317785 -0.401454 -90.4648 -0.0266345 0.999476 0.0183893 -0.336379 0.401828 -0.00613967 0.915695 90.7092 
0.912886 0.028211 -0.407239 -90.7903 -0.0261299 0.999602 0.0106721 -0.334163 0.407378 0.000898727 0.913259 91.3973 
0.910901 0.0205262 -0.412115 -91.1158 -0.0210519 0.999773 0.0032646 -0.33353 0.412088 0.00570211 0.911126 92.0889 
0.909049 0.0211255 -0.416153 -91.4471 -0.0220514 0.999754 0.00258187 -0.338452 0.416105 0.00682977 0.909291 92.7795 
0.906816 0.0270416 -0.420659 -91.7966 -0.0262366 0.999626 0.00770159 -0.345265 0.42071 0.00405279 0.907186 93.4694 
0.90422 0.0295025 -0.426046 -92.1439 -0.0269599 0.999565 0.0119987 -0.352103 0.426215 0.000636768 0.904622 94.1683 
0.901966 0.0260455 -0.43102 -92.4888 -0.0239639 0.99966 0.0102593 -0.362973 0.431141 0.00107541 0.902284 94.8602 
0.899525 0.0240529 -0.436207 -92.8389 -0.0248435 0.999684 0.00389241 -0.370629 0.436163 0.00733565 0.899838 95.5428 
0.897276 0.0213861 -0.440951 -93.1953 -0.0251698 0.999679 -0.00273271 -0.376116 0.440751 0.0135507 0.897527 96.2263 
0.894912 0.0224371 -0.445678 -93.5606 -0.0270922 0.999625 -0.00407584 -0.387337 0.44542 0.015722 0.895184 96.9138 
0.892939 0.0253532 -0.449464 -93.9323 -0.0282832 0.9996 0.000195454 -0.400098 0.449289 0.0125378 0.893299 97.6001 
0.890862 0.0269406 -0.453475 -94.3023 -0.0290451 0.999575 0.00232423 -0.413105 0.453345 0.0111007 0.891266 98.2805 
0.888378 0.0277616 -0.458273 -94.6717 -0.0297537 0.999553 0.00287306 -0.422565 0.458148 0.011083 0.888807 98.9622 
0.885934 0.0260786 -0.463079 -95.0378 -0.0281398 0.999601 0.00245786 -0.438422 0.462958 0.0108535 0.886314 99.6417 
0.883801 0.0239553 -0.46725 -95.4074 -0.0261527 0.999656 0.00178329 -0.449984 0.467132 0.0106438 0.884124 100.309 
0.88145 0.0233304 -0.471701 -95.7805 -0.0253103 0.999677 0.00214764 -0.458066 0.471599 0.0100459 0.881756 100.982 
0.879121 0.0247127 -0.475957 -96.163 -0.0266823 0.999641 0.00261976 -0.469016 0.475851 0.0103966 0.879465 101.644 
0.876769 0.0250548 -0.480259 -96.5407 -0.0271133 0.999629 0.00265139 -0.48232 0.480148 0.0106968 0.877123 102.3 
0.874282 0.0224084 -0.484901 -96.9137 -0.0263975 0.999651 -0.0013989 -0.496208 0.4847 0.0140233 0.874568 102.949 
0.872039 0.0192508 -0.489057 -97.2909 -0.0251998 0.999667 -0.00558386 -0.515075 0.488787 0.0171935 0.872234 103.589 
0.87001 0.0176253 -0.492718 -97.6711 -0.0248613 0.999658 -0.00813916 -0.529335 0.492406 0.0193308 0.870151 104.224 
0.86805 0.0192751 -0.496103 -98.0482 -0.0247447 0.999684 -0.00445613 -0.539959 0.49586 0.0161441 0.868252 104.857 
0.866026 0.0232551 -0.499458 -98.4277 -0.0244773 0.999692 0.0041044 -0.549718 0.499399 0.0086709 0.866328 105.49 
0.864337 0.0257067 -0.502256 -98.7987 -0.0217138 0.999669 0.0137979 -0.563214 0.502444 -0.0010201 0.864609 106.115 
0.862836 0.025578 -0.504836 -99.1718 -0.0188611 0.999653 0.018412 -0.568329 0.505132 -0.00636474 0.863019 106.727 
0.861143 0.022295 -0.507874 -99.53 -0.0154682 0.999724 0.017659 -0.567684 0.508128 -0.00735099 0.86125 107.322 
0.859331 0.0204535 -0.511011 -99.8922 -0.0154312 0.999782 0.0140673 -0.570276 0.511187 -0.0042029 0.859459 107.901 
0.857693 0.0186725 -0.513823 -100.245 -0.0151433 0.999824 0.0110561 -0.571203 0.513939 -0.00170169 0.857825 108.462 
0.85631 0.0169022 -0.516186 -100.593 -0.0137228 0.999856 0.00997455 -0.576258 0.516281 -0.00145772 0.856418 109.01 
0.854983 0.0154639 -0.518425 -100.926 -0.0124232 0.999879 0.00933668 -0.57848 0.518507 -0.00154215 0.855072 109.544 
0.853645 0.0157359 -0.520618 -101.256 -0.0122202 0.999874 0.0101844 -0.584728 0.520713 -0.00233176 0.853729 110.056 
0.852369 0.0155289 -0.522711 -101.573 -0.011034 0.999871 0.0117116 -0.589697 0.522825 -0.00421492 0.85243 110.554 
0.851071 0.0142343 -0.524858 -101.892 -0.00935273 0.999885 0.0119514 -0.588491 0.524967 -0.00526256 0.851106 111.039 
0.849643 0.0125282 -0.52721 -102.183 -0.00721331 0.9999 0.0121359 -0.595647 0.527309 -0.00650824 0.849649 111.497 
0.848385 0.0115457 -0.529253 -102.465 -0.00681026 0.999917 0.0108964 -0.596421 0.529335 -0.00563997 0.848394 111.938 
0.847235 0.0115156 -0.531094 -102.745 -0.00874799 0.999932 0.00772593 -0.610987 0.531147 -0.00189963 0.847278 112.347 
0.84603 0.00943864 -0.533052 -103.018 -0.00846873 0.999955 0.00426484 -0.629808 0.533068 0.000906136 0.846072 112.728 
0.843596 0.00521968 -0.536953 -103.265 -0.00506182 0.999986 0.00176821 -0.628211 0.536954 0.00122635 0.843611 113.116 
0.840833 0.000860138 -0.541293 -103.505 -4.28099e-06 0.999999 0.00158234 -0.625403 0.541294 -0.00132812 0.840832 113.488 
0.837225 0.00185868 -0.546856 -103.742 -0.000252734 0.999995 0.00301185 -0.629643 0.546859 -0.00238334 0.837221 113.843 
0.833492 0.00553797 -0.552505 -103.979 -0.00345963 0.999983 0.00480407 -0.634593 0.552521 -0.00209264 0.833496 114.167 
0.829697 0.0114173 -0.558098 -104.202 -0.00757685 0.999929 0.00919191 -0.639693 0.558163 -0.00339782 0.829724 114.477 
0.825399 0.0163057 -0.564314 -104.414 -0.00919466 0.999839 0.0154413 -0.636763 0.564474 -0.0075565 0.825416 114.78 
0.820502 0.0181707 -0.571356 -104.615 -0.00844405 0.999771 0.0196692 -0.640201 0.571582 -0.011314 0.820467 115.058 
0.815168 0.0153138 -0.579022 -104.814 -0.00383537 0.999771 0.021042 -0.646169 0.579212 -0.014932 0.81504 115.321 
0.808154 0.0131646 -0.588824 -104.998 -0.000408885 0.999763 0.0217909 -0.645188 0.588971 -0.0173696 0.807968 115.565 
0.799411 0.0111207 -0.600682 -105.181 0.00265162 0.999754 0.0220377 -0.635432 0.600779 -0.0192099 0.799184 115.793 
0.789307 0.0116786 -0.613888 -105.365 0.00322242 0.999727 0.0231619 -0.640712 0.613991 -0.02026 0.789053 115.997 
0.777126 0.0130961 -0.629209 -105.547 0.00130339 0.999748 0.0224182 -0.638876 0.629344 -0.0182418 0.776913 116.186 
0.763133 0.011621 -0.646137 -105.719 0.00123632 0.99981 0.019442 -0.639498 0.64624 -0.0156356 0.762974 116.358 
0.748125 0.00906161 -0.663496 -105.884 0.000575045 0.999898 0.0143043 -0.644797 0.663558 -0.0110829 0.748043 116.521 
0.732988 0.00573919 -0.680217 -106.048 0.000655683 0.999958 0.00914346 -0.648227 0.680241 -0.00714801 0.732954 116.671 
0.717253 0.00567513 -0.69679 -106.211 -0.0031163 0.999983 0.00493669 -0.646432 0.696806 -0.00136939 0.717258 116.814 
0.701488 0.009111 -0.712623 -106.385 -0.0106107 0.999941 0.00233951 -0.641265 0.712603 0.00592032 0.701543 116.944 
0.684082 0.0108619 -0.729324 -106.56 -0.0134492 0.999907 0.00227674 -0.636953 0.729281 0.00825139 0.684165 117.075 
0.664799 0.00908973 -0.746967 -106.73 -0.010506 0.999941 0.00281776 -0.6274 0.746949 0.00597447 0.664855 117.218 
0.644809 0.00832406 -0.764299 -106.911 -0.00765465 0.999961 0.00443273 -0.626675 0.764306 0.00299222 0.644847 117.342 
0.622508 0.010247 -0.782546 -107.093 -0.00757477 0.999946 0.00706799 -0.629008 0.782577 0.00152778 0.622552 117.458 
0.598168 0.0145404 -0.801239 -107.288 -0.0112739 0.999889 0.00972875 -0.622662 0.801292 0.00321372 0.598265 117.571 
0.573385 0.0183452 -0.819081 -107.485 -0.013681 0.999824 0.0128162 -0.614438 0.819172 0.00385731 0.573535 117.675 
0.547706 0.0210922 -0.836405 -107.685 -0.0152542 0.999768 0.0152228 -0.612754 0.836532 0.00442118 0.5479 117.773 
0.521824 0.0237372 -0.852723 -107.89 -0.0183405 0.999694 0.0166049 -0.606985 0.852856 0.0069746 0.522099 117.861 
0.494656 0.0283819 -0.868626 -108.094 -0.0226682 0.999548 0.0197509 -0.610946 0.868793 0.00992037 0.495075 117.944 
0.467343 0.0308949 -0.883536 -108.306 -0.0246691 0.999456 0.0218997 -0.606552 0.883732 0.0115615 0.467851 118.008 
0.437277 0.0305847 -0.898807 -108.512 -0.0234752 0.999469 0.0225892 -0.611318 0.899021 0.0112219 0.437763 118.081 
0.405183 0.0272369 -0.91383 -108.738 -0.0237196 0.999533 0.0192743 -0.607045 0.913928 0.0138661 0.40564 118.144 
0.370224 0.0225316 -0.928669 -108.98 -0.0232477 0.999617 0.014985 -0.597941 0.928652 0.0160417 0.370606 118.211 
0.330993 0.0201731 -0.943418 -109.248 -0.0231553 0.999644 0.0132514 -0.591159 0.943349 0.0174591 0.331343 118.27 
0.289259 0.0184488 -0.957073 -109.533 -0.0227503 0.999664 0.0123939 -0.575266 0.956981 0.0181887 0.289582 118.321 
0.245512 0.0165312 -0.969253 -109.832 -0.0220277 0.999692 0.0114707 -0.568569 0.969143 0.0185343 0.2458 118.359 
0.19853 0.0139058 -0.979996 -110.148 -0.0210061 0.99973 0.00993036 -0.561957 0.97987 0.0186145 0.198769 118.381 
0.150109 0.0117352 -0.9886 -110.472 -0.0204109 0.999753 0.0087684 -0.553756 0.988459 0.0188621 0.150312 118.381 
0.0999351 0.0111962 -0.994931 -110.82 -0.0199316 0.999759 0.00924849 -0.545619 0.994794 0.0189063 0.100134 118.374 
0.0480303 0.0130021 -0.998761 -111.176 -0.0187333 0.999751 0.0121141 -0.546781 0.99867 0.0181283 0.0482619 118.344 
-0.00524711 0.0154698 -0.999867 -111.553 -0.0151605 0.999764 0.0155478 -0.54261 0.999871 0.0152401 -0.00501135 118.306 
-0.0590144 0.0172319 -0.998108 -111.933 -0.0118858 0.999768 0.0179633 -0.533858 0.998186 0.0129235 -0.0587959 118.246 
-0.112529 0.018438 -0.993477 -112.325 -0.00830772 0.999775 0.0194959 -0.521883 0.993614 0.0104474 -0.11235 118.16 
-0.165049 0.0206082 -0.98607 -112.729 -0.00521389 0.99975 0.0217668 -0.518374 0.986272 0.00873388 -0.1649 118.044 
-0.216567 0.0224854 -0.976009 -113.144 -0.00296958 0.999715 0.0236905 -0.51649 0.976263 0.00802895 -0.216438 117.913 
-0.2658 0.0239135 -0.963732 -113.559 0.000494467 0.999696 0.0246695 -0.508834 0.964028 0.00608067 -0.265731 117.752 
-0.314113 0.0253094 -0.949048 -113.994 0.00535006 0.999676 0.0248888 -0.498263 0.949371 0.00274048 -0.314147 117.573 
-0.360693 0.0268736 -0.932297 -114.432 0.0100074 0.999639 0.024943 -0.490398 0.932631 -0.000333074 -0.360831 117.368 
-0.404703 0.028549 -0.914002 -114.866 0.0144551 0.999587 0.0248218 -0.48121 0.914334 -0.00316653 -0.404949 117.13 
