1 2.12261e-08 -2.11895e-08 0 2.12261e-08 1 2.10703e-08 0 -2.11895e-08 2.10703e-08 1 0 
0.999998 0.000567614 0.00186045 -0.0104294 -0.000565982 1 -0.000854589 -0.0049079 -0.00186098 0.000853576 0.999998 0.44962 
0.999991 0.00195449 0.00370304 -0.0184111 -0.00194748 0.999996 -0.00188389 -0.0105971 -0.00370675 0.00187671 0.999991 0.911258 
0.999979 0.00325996 0.00566341 -0.0297262 -0.00324564 0.999992 -0.00252935 -0.0172114 -0.00567165 0.00251096 0.999981 1.39 
0.999969 0.00333814 0.00713817 -0.0351814 -0.00332016 0.999991 -0.00252362 -0.0242727 -0.00714657 0.00249988 0.999971 1.87959 
0.999959 0.00269003 0.00870162 -0.0371559 -0.00267025 0.999994 -0.00227894 -0.0315597 -0.00870774 0.00225565 0.99996 2.38107 
0.999939 0.00258228 0.0107517 -0.0337957 -0.00256671 0.999996 -0.00145707 -0.0351725 -0.0107555 0.00142943 0.999941 2.89989 
0.999922 0.00228402 0.0122813 -0.0351823 -0.00228497 0.999997 6.68283e-05 -0.0426394 -0.0122811 -9.48435e-05 0.999925 3.41145 
0.999911 0.00295781 0.0130419 -0.0365518 -0.00297163 0.999995 0.0010442 -0.0498862 -0.0130388 -0.00108282 0.999914 3.92608 
0.999899 0.0038671 0.0136613 -0.0401517 -0.00388193 0.999992 0.00106228 -0.058368 -0.0136571 -0.00111516 0.999906 4.44063 
0.999881 0.00439991 0.014818 -0.0422697 -0.00441025 0.99999 0.000668136 -0.066637 -0.014815 -0.000733366 0.99989 4.95992 
0.999867 0.00479241 0.0155662 -0.0449314 -0.00480142 0.999988 0.00054388 -0.074652 -0.0155634 -0.000618506 0.999879 5.47805 
0.999848 0.00608595 0.0163265 -0.0477926 -0.00608355 0.999982 -0.000193855 -0.0822762 -0.0163275 9.4544e-05 0.999867 6.00085 
0.999828 0.00709885 0.0171577 -0.0490885 -0.00708515 0.999975 -0.000856311 -0.0912663 -0.0171634 0.00073464 0.999852 6.52737 
0.999802 0.00811043 0.0181951 -0.0438338 -0.00809584 0.999967 -0.000873062 -0.103806 -0.0182016 0.000725625 0.999834 7.04867 
0.999784 0.00849617 0.0189807 -0.0440202 -0.00846996 0.999963 -0.00145862 -0.112782 -0.0189924 0.00129758 0.999819 7.58584 
0.999754 0.00930887 0.0201458 -0.0410709 -0.00927332 0.999955 -0.00185493 -0.121033 -0.0201622 0.0016677 0.999795 8.13355 
0.999678 0.0109952 0.0228533 -0.0384313 -0.0109568 0.999938 -0.00180506 -0.130534 -0.0228718 0.00155412 0.999737 8.68991 
0.999587 0.0112845 0.0264207 -0.0271774 -0.0112345 0.999935 -0.00203947 -0.141043 -0.026442 0.00174185 0.999649 9.24554 
0.999474 0.0114571 0.0303274 -0.0173014 -0.0113836 0.999932 -0.00259277 -0.147873 -0.0303551 0.00224622 0.999537 9.81679 
0.999303 0.0113728 0.0355442 -0.00760114 -0.0112705 0.999932 -0.00307744 -0.161752 -0.0355768 0.00267474 0.999363 10.3877 
0.999073 0.0118394 0.0413801 0.0102804 -0.0117246 0.999927 -0.00301407 -0.174932 -0.0414128 0.00252616 0.999139 10.9761 
0.998804 0.0112472 0.0475867 0.0271634 -0.0111411 0.999935 -0.00249203 -0.186835 -0.0476116 0.00195892 0.998864 11.5645 
0.998501 0.0113215 0.0535494 0.0540701 -0.0111796 0.999933 -0.00294827 -0.202998 -0.0535792 0.00234523 0.998561 12.1706 
0.998161 0.00900947 0.0599445 0.0777893 -0.00879331 0.999954 -0.00386799 -0.212778 -0.0599766 0.00333381 0.998194 12.7891 
0.997789 0.00789199 0.0659971 0.114518 -0.00762464 0.999962 -0.00430128 -0.222405 -0.0660285 0.00378861 0.997811 13.4122 
0.99732 0.0106917 0.0723841 0.153325 -0.010248 0.999926 -0.00649806 -0.230621 -0.0724482 0.00573889 0.997356 14.0463 
0.996802 0.0143549 0.078608 0.187802 -0.0136842 0.999865 -0.00906319 -0.254769 -0.0787275 0.00795856 0.996864 14.6948 
0.996365 0.0115842 0.0843901 0.242033 -0.0108329 0.999898 -0.00935474 -0.264026 -0.0844898 0.0084066 0.996389 15.3633 
0.996045 0.00404044 0.0887609 0.311144 -0.00345664 0.999971 -0.00672948 -0.268554 -0.0887856 0.00639609 0.99603 16.0484 
0.995617 -0.00141781 0.0935132 0.378437 0.0017397 0.999993 -0.00336023 -0.275876 -0.0935079 0.00350822 0.995612 16.7438 
0.995207 -0.00107664 0.0977895 0.431987 0.00106069 0.999999 0.000215507 -0.28921 -0.0977897 -0.00011071 0.995207 17.4566 
0.994999 -0.0026814 0.0998462 0.495971 0.00268207 0.999996 0.000128059 -0.29367 -0.0998462 0.000140416 0.995003 18.1933 
0.994971 -0.00663765 0.0999419 0.56582 0.00682756 0.999976 -0.00155784 -0.303185 -0.0999292 0.0022324 0.994992 18.9372 
0.995079 -0.0119555 0.0983606 0.627851 0.0123779 0.999917 -0.00368447 -0.301387 -0.0983084 0.00488387 0.995144 19.6834 
0.995511 -0.0141538 0.0935869 0.685345 0.0146006 0.999885 -0.00409167 -0.31179 -0.0935183 0.00543977 0.995603 20.4449 
0.996174 -0.0136325 0.086325 0.732638 0.0140606 0.999892 -0.00435228 -0.322357 -0.0862564 0.00554945 0.996258 21.2321 
0.996919 -0.0134838 0.0772746 0.774705 0.0137303 0.999902 -0.0026578 -0.330532 -0.0772313 0.00371065 0.997006 22.039 
0.997628 -0.0136242 0.0674816 0.811664 0.0136984 0.999906 -0.000637431 -0.342395 -0.0674667 0.00156035 0.99772 22.8522 
0.998213 -0.0127598 0.0583801 0.837437 0.0126387 0.999917 0.00244313 -0.3523 -0.0584065 -0.00170087 0.998291 23.6815 
0.998647 -0.0122438 0.0505455 0.860462 0.0120285 0.999917 0.00456191 -0.362828 -0.0505972 -0.00394771 0.998711 24.5121 
0.998985 -0.0105549 0.0437839 0.875212 0.0103361 0.999933 0.00522334 -0.368434 -0.0438361 -0.00476544 0.999027 25.3539 
0.999226 -0.00945813 0.0381714 0.890308 0.00924953 0.999941 0.00563871 -0.376435 -0.0382226 -0.00528124 0.999255 26.1905 
0.999423 -0.00821489 0.0329492 0.896135 0.00803097 0.999951 0.00571162 -0.386716 -0.0329946 -0.00544367 0.999441 27.0297 
0.999576 -0.0078659 0.0280237 0.898431 0.0077128 0.999955 0.00556875 -0.398482 -0.0280663 -0.00535021 0.999592 27.8686 
0.9997 -0.00795475 0.0231848 0.900955 0.00784082 0.999957 0.00500257 -0.40906 -0.0232236 -0.00481924 0.999719 28.7043 
0.999796 -0.00709364 0.0189104 0.895806 0.00698458 0.999959 0.00582924 -0.423382 -0.018951 -0.00569593 0.999804 29.5404 
0.99987 -0.00537517 0.0151775 0.89272 0.00527601 0.999965 0.0065684 -0.432557 -0.0152124 -0.00648742 0.999863 30.3697 
0.999915 -0.00298978 0.0126969 0.879721 0.00289297 0.999967 0.00763911 -0.445673 -0.0127194 -0.00760168 0.99989 31.1863 
0.999938 -0.000654072 0.011117 0.87138 0.000573221 0.999973 0.00727813 -0.446805 -0.0111215 -0.00727127 0.999912 32.0221 
0.999947 0.000306502 0.0102705 0.861618 -0.000377716 0.999976 0.00693681 -0.457671 -0.0102682 -0.00694029 0.999923 32.8475 
0.999954 0.00200214 0.00938781 0.853396 -0.00205367 0.999983 0.00548701 -0.467961 -0.0093767 -0.005506 0.999941 33.6559 
0.999951 0.00451382 0.0087656 0.841602 -0.00455998 0.999976 0.00525816 -0.478853 -0.00874169 -0.00529783 0.999948 34.4578 
0.999947 0.00639093 0.00807242 0.827612 -0.00643935 0.999961 0.00599133 -0.492714 -0.00803386 -0.00604295 0.99995 35.2507 
0.99994 0.00799334 0.00753396 0.81569 -0.00804426 0.999945 0.00675783 -0.507976 -0.00747957 -0.00681799 0.999949 36.0302 
0.999935 0.00901502 0.00691766 0.806853 -0.00906147 0.999936 0.00671998 -0.520172 -0.00685668 -0.00678219 0.999954 36.7957 
0.999918 0.0111735 0.00624604 0.793842 -0.0112152 0.999915 0.00668098 -0.52946 -0.0061709 -0.00675044 0.999958 37.55 
0.999894 0.013131 0.00624513 0.78537 -0.0131735 0.99989 0.00682214 -0.538302 -0.0061549 -0.00690365 0.999957 38.3068 
0.999851 0.0160055 0.00648609 0.772732 -0.0160503 0.999847 0.00691693 -0.549278 -0.00637444 -0.00701996 0.999955 39.0275 
0.99978 0.0194111 0.00801368 0.760418 -0.0194659 0.999787 0.00682062 -0.560725 -0.00787962 -0.00697507 0.999945 39.7378 
0.999719 0.0211848 0.0106529 0.756655 -0.0212458 0.999758 0.00564751 -0.571846 -0.0105307 -0.00587221 0.999927 40.4408 
0.999633 0.0228954 0.0144661 0.753141 -0.0229658 0.999725 0.00472361 -0.583216 -0.0143541 -0.00505406 0.999884 41.1302 
0.999555 0.0225773 0.0195056 0.754075 -0.0226814 0.99973 0.00513108 -0.595652 -0.0193845 -0.00557117 0.999797 41.8032 
0.999408 0.0236467 0.025007 0.75776 -0.0237875 0.999703 0.0053473 -0.604363 -0.0248732 -0.00593894 0.999673 42.4632 
0.999231 0.0238776 0.031113 0.767087 -0.0240634 0.999695 0.00561116 -0.608327 -0.0309696 -0.00635549 0.9995 43.1156 
0.998986 0.0234633 0.0384361 0.785583 -0.0237207 0.999699 0.0062552 -0.620768 -0.0382778 -0.00716055 0.999242 43.7492 
0.998612 0.0235505 0.0471179 0.805837 -0.0238625 0.999697 0.00606971 -0.630165 -0.0469607 -0.0071856 0.998871 44.3703 
0.998042 0.0242775 0.0576522 0.829248 -0.024659 0.999678 0.00591564 -0.640246 -0.0574901 -0.00732566 0.998319 44.974 
0.997294 0.0234923 0.0696615 0.86626 -0.0239447 0.999697 0.00566587 -0.648624 -0.0695073 -0.00731852 0.997555 45.5736 
0.99636 0.0223765 0.0822566 0.912297 -0.0229117 0.999722 0.00556901 -0.654487 -0.0821091 -0.00743334 0.996596 46.1611 
0.995218 0.021709 0.0952335 0.965687 -0.0222795 0.99974 0.00493139 -0.662239 -0.0951017 -0.00702953 0.995443 46.7388 
0.993693 0.0215241 0.110047 1.02617 -0.0222196 0.99974 0.00509786 -0.673793 -0.109909 -0.00751088 0.993913 47.3007 
0.991725 0.0212659 0.126605 1.09369 -0.0221293 0.99974 0.005417 -0.682386 -0.126457 -0.00817381 0.991938 47.8506 
0.989285 0.0237563 0.144053 1.16853 -0.0247032 0.999683 0.00478796 -0.691549 -0.143893 -0.00829518 0.989558 48.3887 
0.986076 0.0221798 0.164808 1.25923 -0.0231707 0.999723 0.00409217 -0.70105 -0.164672 -0.00785387 0.986317 48.9198 
0.981885 0.025338 0.187777 1.36043 -0.0263767 0.999648 0.00303484 -0.711638 -0.187634 -0.00793278 0.982207 49.431 
0.976826 0.0242664 0.212653 1.48382 -0.0249888 0.999688 0.000709726 -0.722874 -0.21257 -0.00600719 0.977128 49.9274 
0.970705 0.023361 0.239135 1.61267 -0.0235156 0.999721 -0.00220675 -0.730852 -0.23912 -0.00348125 0.970984 50.4106 
0.963361 0.0223259 0.267278 1.75056 -0.02185 0.99975 -0.00475475 -0.740975 -0.267317 -0.00125943 0.963608 50.8741 
0.954701 0.0198871 0.296903 1.90618 -0.0191223 0.999802 -0.00547982 -0.75868 -0.296953 -0.000445849 0.954892 51.324 
0.944554 0.0217109 0.327638 2.06379 -0.0202808 0.999764 -0.0077812 -0.770624 -0.32773 0.000705019 0.944771 51.7517 
0.932979 0.0223917 0.359233 2.2308 -0.0210921 0.999749 -0.00753694 -0.782616 -0.359312 -0.000545147 0.933218 52.165 
0.919905 0.0213559 0.391559 2.41279 -0.0207482 0.999768 -0.00578316 -0.803174 -0.391592 -0.00280418 0.920135 52.5687 
0.904753 0.0204116 0.425448 2.60232 -0.0201846 0.999784 -0.0050418 -0.817795 -0.425458 -0.00402589 0.904969 52.9493 
0.887564 0.0196093 0.460267 2.80191 -0.019528 0.999797 -0.00493825 -0.835298 -0.46027 -0.00460502 0.887767 53.3085 
0.868335 0.0192728 0.495604 3.01094 -0.0187883 0.999806 -0.00596133 -0.84875 -0.495622 -0.00413507 0.868528 53.6449 
0.847041 0.0182307 0.531215 3.22919 -0.0167993 0.999831 -0.00752601 -0.861256 -0.531263 -0.00254916 0.847203 53.9633 
0.823813 0.0169783 0.566607 3.46319 -0.0145207 0.999855 -0.00884823 -0.874671 -0.566675 -0.000938205 0.823941 54.2652 
0.798415 0.0140555 0.601943 3.71349 -0.0106866 0.999901 -0.0091732 -0.885459 -0.602012 0.000891325 0.798486 54.5588 
0.770487 0.0101426 0.637375 3.97288 -0.00760514 0.999949 -0.00671876 -0.898407 -0.637411 0.000329407 0.770524 54.8372 
0.740812 0.00568956 0.671689 4.24418 -0.00515185 0.999983 -0.00278829 -0.906601 -0.671693 -0.00139483 0.740828 55.102 
0.708618 0.00211645 0.70559 4.52452 -0.00375736 0.999993 0.000774021 -0.912777 -0.705583 -0.00319962 0.70862 55.355 
0.673459 -0.000216753 0.739225 4.81155 -0.00453976 0.99998 0.00442915 -0.916636 -0.739211 -0.00633873 0.673444 55.5906 
0.635668 -0.00388432 0.771953 5.10643 -0.00342493 0.999963 0.00785196 -0.926541 -0.771955 -0.00763511 0.635632 55.8094 
0.59666 -0.00749339 0.802459 5.40664 -0.000769493 0.999951 0.00990978 -0.932576 -0.802494 -0.00653024 0.596625 55.9944 
0.554482 -0.00966645 0.83214 5.72474 0.00188244 0.999945 0.0103615 -0.940461 -0.832194 -0.00417877 0.554469 56.1717 
0.509594 -0.00857618 0.860372 6.05463 0.00298542 0.999962 0.00819942 -0.944135 -0.86041 -0.00160979 0.5096 56.3405 
0.462729 -0.00597243 0.886479 6.40146 0.00221786 0.999982 0.00557949 -0.94195 -0.886497 -0.000615697 0.462734 56.4994 
0.413226 -0.00317255 0.910623 6.76996 -0.00252702 0.999986 0.00463066 -0.949322 -0.910625 -0.00421466 0.413212 56.6554 
0.36302 -0.000844663 0.931781 7.14329 -0.00741694 0.999965 0.00379615 -0.95235 -0.931752 -0.00828903 0.363001 56.7849 
0.313047 -0.000429311 0.949737 7.54659 -0.00979292 0.999945 0.00367995 -0.956993 -0.949687 -0.0104527 0.313026 56.897 
0.264814 -0.000357882 0.964299 7.95626 -0.00802923 0.999964 0.00257614 -0.956623 -0.964266 -0.00842477 0.264802 56.9819 
0.219451 -0.001329 0.975623 8.38058 -0.00684156 0.999972 0.00290112 -0.964582 -0.9756 -0.00731143 0.219436 57.0576 
0.177362 -0.00351895 0.984139 8.84541 -0.00715362 0.999963 0.0048648 -0.968416 -0.98412 -0.00790298 0.17733 57.1307 
0.138816 -0.00592771 0.9903 9.32326 -0.00701838 0.999951 0.00696933 -0.971169 -0.990293 -0.00791776 0.138768 57.1795 
0.102577 -0.00761369 0.994696 9.82064 -0.00804224 0.999932 0.00848315 -0.972861 -0.994693 -0.00886976 0.102509 57.2153 
0.0699866 -0.00893558 0.997508 10.3392 -0.00714917 0.99993 0.00945891 -0.975349 -0.997522 -0.00779335 0.0699178 57.2372 
0.0406959 -0.00951211 0.999126 10.8735 -0.00705117 0.999927 0.00980698 -0.977575 -0.999147 -0.00744411 0.0406259 57.2468 
0.0140577 -0.00727316 0.999875 11.4336 -0.00961938 0.999926 0.00740882 -0.97444 -0.999855 -0.00972233 0.0139867 57.2542 
-0.00859496 -0.00496545 0.999951 12.0133 -0.0137799 0.999893 0.00484676 -0.972903 -0.999868 -0.0137376 -0.00866247 57.2508 
-0.0281309 -0.00418176 0.999596 12.611 -0.013834 0.999897 0.00379374 -0.973057 -0.999509 -0.0137217 -0.0281859 57.2334 
-0.045434 -0.00357267 0.998961 13.2234 -0.0103153 0.999942 0.00310706 -0.975422 -0.998914 -0.0101634 -0.0454682 57.2017 
-0.0612958 -0.00368026 0.998113 13.8611 -0.00775585 0.999965 0.00321083 -0.976484 -0.99809 -0.00754441 -0.0613222 57.164 
-0.0766236 -0.00464786 0.997049 14.5227 -0.00856175 0.999955 0.00400347 -0.977333 -0.997023 -0.00822973 -0.07666 57.1183 
-0.0911346 -0.00356919 0.995832 15.1971 -0.00768263 0.999966 0.00288096 -0.981389 -0.995809 -0.00738806 -0.0911589 57.0597 
-0.10317 -0.00169293 0.994662 15.8892 -0.00604614 0.999981 0.00107489 -0.984153 -0.994645 -0.00590297 -0.103179 56.9878 
-0.112669 0.00107504 0.993632 16.6008 0.00152018 0.999998 -0.000909512 -0.986186 -0.993631 0.00140802 -0.11267 56.9037 
-0.118434 0.00374818 0.992955 17.3214 0.0095016 0.999951 -0.00264125 -0.993528 -0.992917 0.00912185 -0.118464 56.8137 
-0.120769 0.00388942 0.992673 18.0696 0.0140539 0.999899 -0.0022079 -1.00162 -0.992581 0.0136842 -0.120811 56.7263 
-0.120681 0.00218656 0.992689 18.8291 0.014772 0.999891 -0.000406556 -1.01118 -0.992582 0.014615 -0.1207 56.6491 
-0.117764 0.00134748 0.993041 19.5962 0.0183125 0.999832 0.000815009 -1.01684 -0.992873 0.018281 -0.117769 56.564 
-0.113457 0.000271361 0.993543 20.3857 0.0199643 0.999799 0.00200677 -1.02739 -0.993342 0.0200631 -0.113439 56.4893 
-0.108898 0.00135416 0.994052 21.1824 0.0189343 0.999821 0.000712264 -1.03255 -0.993873 0.0188993 -0.108904 56.4187 
-0.104767 0.00222123 0.994494 21.9795 0.0182925 0.999833 -0.000306052 -1.04267 -0.994329 0.0181597 -0.10479 56.3536 
-0.100174 0.0015511 0.994969 22.7825 0.0230192 0.999735 0.00075908 -1.05294 -0.994704 0.0229794 -0.100183 56.2826 
-0.0962503 -0.000467358 0.995357 23.5938 0.0287584 0.999581 0.0032503 -1.06365 -0.994942 0.0289377 -0.0961965 56.2065 
-0.0918944 -0.00385856 0.995761 24.4029 0.0311301 0.999493 0.00674591 -1.07259 -0.995282 0.031618 -0.0917276 56.1332 
-0.0868695 -0.00735858 0.996193 25.2125 0.0341182 0.999364 0.0103572 -1.07928 -0.995635 0.034888 -0.0865632 56.0672 
-0.0816511 -0.0104945 0.996606 26.0201 0.0349509 0.999299 0.0133864 -1.09127 -0.996048 0.0359252 -0.0812271 56.0156 
-0.0772481 -0.0120126 0.99694 26.8258 0.0327268 0.999358 0.0145776 -1.09671 -0.996475 0.0337528 -0.0768054 55.9679 
-0.0734471 -0.0135025 0.997208 27.6353 0.0260177 0.999542 0.0154504 -1.0981 -0.99696 0.0270798 -0.0730621 55.9362 
-0.0691569 -0.0169411 0.997462 28.4465 0.0201567 0.999628 0.0183754 -1.09777 -0.997402 0.0213763 -0.0687897 55.9066 
-0.0649077 -0.0183625 0.997722 29.2591 0.0173648 0.999659 0.0195279 -1.09914 -0.99774 0.0185928 -0.0645666 55.8775 
-0.060706 -0.0145042 0.99805 30.0666 0.0180322 0.999715 0.0156253 -1.10386 -0.997993 0.0189456 -0.0604272 55.8434 
-0.0574657 -0.00675509 0.998325 30.8757 0.0189475 0.99979 0.00785571 -1.10679 -0.998168 0.0193672 -0.0573256 55.8126 
-0.0546833 -0.000707406 0.998504 31.6915 0.0173114 0.999849 0.00165646 -1.10743 -0.998354 0.0173761 -0.0546628 55.7833 
-0.0527357 -0.00108309 0.998608 32.5179 0.0167259 0.999858 0.00196777 -1.11074 -0.998468 0.0168064 -0.0527101 55.7555 
-0.0511592 -0.00507139 0.998678 33.3441 0.0193996 0.999793 0.00607087 -1.12408 -0.998502 0.0196845 -0.0510503 55.72 
-0.050082 -0.00540313 0.998731 34.1702 0.0205476 0.999768 0.00643915 -1.13638 -0.998534 0.020844 -0.0499593 55.6881 
-0.0500499 -0.00290496 0.998743 34.9932 0.0181146 0.999829 0.00381593 -1.1463 -0.998582 0.0182828 -0.0499888 55.6636 
-0.0503116 -0.00166751 0.998732 35.8295 0.0111181 0.999936 0.00222964 -1.1555 -0.998672 0.0112162 -0.0502898 55.6486 
-0.0512731 -0.00237093 0.998682 36.6746 0.00943348 0.999951 0.00285831 -1.15972 -0.99864 0.00956759 -0.0512482 55.6227 
-0.0524504 -0.00354768 0.998617 37.5235 0.00968002 0.999945 0.00406086 -1.17312 -0.998577 0.00987963 -0.0524132 55.5926 
-0.0542841 0.000459841 0.998525 38.3726 0.00911375 0.999959 3.50023e-05 -1.18412 -0.998484 0.00910221 -0.054286 55.5659 
-0.0559977 0.00455585 0.998421 39.2425 0.00914343 0.99995 -0.00404997 -1.1918 -0.998389 0.0089022 -0.0560365 55.5423 
-0.0567885 0.00746632 0.998358 40.1151 0.0101206 0.999925 -0.00690232 -1.20455 -0.998335 0.00971198 -0.0568598 55.5067 
-0.0578546 0.00850862 0.998289 40.9983 0.0119522 0.999898 -0.00782961 -1.22275 -0.998254 0.0114788 -0.0579504 55.4661 
-0.0587453 0.00991114 0.998224 41.8923 0.0119042 0.999887 -0.00922704 -1.23998 -0.998202 0.011341 -0.0588567 55.4279 
-0.0599039 0.00973914 0.998157 42.7934 0.0113726 0.999894 -0.00907353 -1.25406 -0.998139 0.0108081 -0.0600083 55.3917 
-0.0610952 0.00503995 0.998119 43.7159 0.00922863 0.999947 -0.00448425 -1.27354 -0.998089 0.00893731 -0.0611385 55.354 
-0.0625477 0.00322897 0.998037 44.6449 0.0093996 0.999952 -0.00264605 -1.29717 -0.997998 0.00921564 -0.0625751 55.3132 
-0.0637528 0.00653809 0.997944 45.5721 0.0100364 0.999932 -0.0059099 -1.31323 -0.997915 0.00963898 -0.0638141 55.2672 
-0.0644352 0.0104154 0.997868 46.5051 0.0110108 0.999892 -0.00972552 -1.32645 -0.997861 0.0103607 -0.064543 55.2221 
-0.0641433 0.011619 0.997873 47.4473 0.0141771 0.999842 -0.0107305 -1.34517 -0.99784 0.0134586 -0.0642979 55.1723 
-0.06378 0.00810401 0.997931 48.4144 0.0186848 0.999801 -0.00692497 -1.36501 -0.997789 0.0182045 -0.0639188 55.1153 
-0.0639971 0.00269199 0.997946 49.3903 0.0207476 0.999784 -0.00136639 -1.37583 -0.997734 0.0206176 -0.0640392 55.0614 
-0.0629429 -0.000187534 0.998017 50.3759 0.0219953 0.999757 0.0015751 -1.39249 -0.997775 0.0220508 -0.0629234 55.0097 
-0.0613728 0.00158138 0.998114 51.3686 0.0213582 0.999772 -0.000270673 -1.40183 -0.997886 0.0213013 -0.0613925 54.9699 
-0.0605333 0.00448176 0.998156 52.3661 0.0213616 0.999767 -0.00319348 -1.41341 -0.997938 0.0211289 -0.0606149 54.9295 
-0.0601913 0.00643633 0.998166 53.3657 0.0158464 0.999859 -0.00549164 -1.43396 -0.998061 0.0154868 -0.0602848 54.8951 
-0.0609469 0.00622936 0.998122 54.3779 0.0127394 0.999904 -0.00546255 -1.44871 -0.99806 0.0123826 -0.0610204 54.8633 
-0.0617526 0.00154929 0.99809 55.396 0.0122753 0.999924 -0.000792619 -1.4644 -0.998016 0.0122029 -0.061767 54.8238 
-0.0624014 -0.00416483 0.998042 56.4364 0.0101053 0.999937 0.0048046 -1.47717 -0.998 0.0103853 -0.0623554 54.7782 
-0.0628834 -0.00374778 0.998014 57.4713 0.011906 0.999919 0.00450515 -1.48877 -0.99795 0.0121656 -0.0628337 54.7242 
-0.063155 -0.000710916 0.998004 58.4966 0.0141304 0.999899 0.0016065 -1.50602 -0.997904 0.0142037 -0.0631386 54.669 
-0.0637719 0.00244339 0.997962 59.5354 0.0167099 0.999859 -0.0013802 -1.51383 -0.997825 0.0165878 -0.0638037 54.6051 
-0.0659929 -0.000708109 0.99782 60.5907 0.016988 0.999854 0.00183313 -1.53035 -0.997676 0.0170719 -0.0659712 54.5524 
-0.0688408 -0.00577832 0.997611 61.6614 0.0181431 0.999811 0.00704308 -1.54343 -0.997463 0.0185846 -0.0687229 54.4997 
-0.0718417 -0.00875298 0.997378 62.7509 0.0196297 0.999755 0.0101878 -1.5551 -0.997223 0.0203101 -0.0716523 54.4424 
-0.0756846 -0.00765571 0.997102 63.829 0.0239114 0.999669 0.00949044 -1.55712 -0.996845 0.0245604 -0.0754765 54.3771 
-0.0790769 -0.00851247 0.996832 64.906 0.0270776 0.999576 0.010684 -1.56163 -0.996501 0.0278367 -0.0788129 54.3024 
-0.0827655 -0.0106441 0.996512 65.9732 0.0309602 0.999433 0.0132467 -1.5712 -0.996088 0.0319486 -0.082389 54.2308 
-0.0854994 -0.0102032 0.996286 67.0382 0.0343447 0.999323 0.0131818 -1.57631 -0.995746 0.0353441 -0.0850911 54.1509 
-0.0878253 -0.0067759 0.996113 68.1027 0.0383633 0.999212 0.0101794 -1.58702 -0.995397 0.0391082 -0.0874961 54.0724 
-0.0895432 -0.00207323 0.995981 69.1685 0.0408952 0.999147 0.00575653 -1.59626 -0.995143 0.0412463 -0.089382 53.9937 
-0.0905641 0.000585462 0.99589 70.241 0.0444519 0.999006 0.00345511 -1.61046 -0.994898 0.0445822 -0.0905001 53.9064 
-0.0894046 -8.15467e-05 0.995995 71.3088 0.0429067 0.999071 0.00393331 -1.6223 -0.995071 0.0430865 -0.0893181 53.8155 
-0.086447 -0.00245763 0.996253 72.382 0.0442665 0.999 0.00630554 -1.63489 -0.995273 0.0446458 -0.0862517 53.7373 
-0.0820926 -0.00601109 0.996607 73.4521 0.0474354 0.998825 0.00993187 -1.6474 -0.995495 0.0480898 -0.081711 53.6675 
-0.0767019 -0.00895629 0.997014 74.5303 0.0476888 0.998782 0.012641 -1.65529 -0.995913 0.048516 -0.0761813 53.6042 
-0.0716995 -0.0121794 0.997352 75.6011 0.0494244 0.998654 0.0157485 -1.66021 -0.996201 0.0504227 -0.071001 53.5469 
-0.0669544 -0.0134278 0.997666 76.6669 0.0502307 0.998596 0.0168114 -1.66765 -0.996491 0.051239 -0.0661859 53.4914 
-0.0632939 -0.0097396 0.997947 77.7333 0.0503624 0.998647 0.0129407 -1.68037 -0.996723 0.0510781 -0.0627177 53.4453 
-0.0610302 -0.00485603 0.998124 78.7975 0.0492657 0.998755 0.00787148 -1.68284 -0.996919 0.0496537 -0.060715 53.3969 
-0.0597354 -0.00479511 0.998203 79.8785 0.0498622 0.998726 0.00778156 -1.68575 -0.996968 0.0502375 -0.0594202 53.3537 
-0.058164 -0.00677727 0.998284 80.9515 0.0503036 0.998687 0.00971094 -1.69916 -0.997039 0.0507821 -0.0577466 53.3042 
-0.0563394 -0.00375721 0.998405 82.0107 0.0501677 0.998719 0.00658937 -1.70764 -0.997151 0.0504589 -0.0560787 53.2623 
-0.0543415 0.00212832 0.99852 83.0884 0.050484 0.998725 0.000618721 -1.71865 -0.997245 0.0504429 -0.0543796 53.2246 
-0.0522508 0.00527097 0.99862 84.1694 0.049425 0.998774 -0.00268568 -1.73623 -0.99741 0.0492165 -0.0524473 53.1928 
-0.0498557 0.00460057 0.998746 85.2541 0.0496292 0.998765 -0.00212322 -1.75571 -0.997523 0.0494611 -0.0500224 53.16 
-0.0462888 0.0013912 0.998927 86.3385 0.0475782 0.998867 0.00081363 -1.77573 -0.997794 0.0475648 -0.0463026 53.1325 
-0.0422212 -0.00293898 0.999104 87.4289 0.047247 0.998871 0.00493495 -1.79348 -0.997991 0.047413 -0.0420347 53.1121 
-0.0376941 -0.00540454 0.999275 88.519 0.0457572 0.998927 0.00712873 -1.8073 -0.998241 0.0459927 -0.0374064 53.0965 
-0.0339686 -0.00151851 0.999422 89.6 0.041514 0.999134 0.0029291 -1.82747 -0.99856 0.0415895 -0.0338761 53.0782 
-0.0322761 0.00804089 0.999447 90.6788 0.0380873 0.999251 -0.00680929 -1.84347 -0.998753 0.0378464 -0.0325582 53.0716 
-0.0314337 0.0157345 0.999382 91.7493 0.0323091 0.99937 -0.014718 -1.87569 -0.998984 0.0318264 -0.0319223 53.0644 
-0.0309311 0.0155542 0.999401 92.8529 0.0315209 0.999397 -0.0145786 -1.89951 -0.999024 0.031051 -0.0314027 53.0532 
-0.0302496 0.00926145 0.9995 93.9565 0.0313061 0.999475 -0.00831372 -1.93241 -0.999052 0.031039 -0.0305237 53.04 
-0.0313539 0.00327185 0.999503 95.0589 0.0327563 0.999461 -0.00224412 -1.9529 -0.998971 0.0326697 -0.0314442 53.0172 
-0.0331265 -0.00248599 0.999448 96.1573 0.0313368 0.999503 0.00352482 -1.96475 -0.99896 0.0314363 -0.0330321 52.9917 
-0.0348751 -0.00725692 0.999365 97.2646 0.030993 0.999485 0.0083394 -1.97864 -0.998911 0.0312642 -0.0346322 52.9683 
-0.0372643 -0.00680075 0.999282 98.347 0.0314945 0.999472 0.00797654 -1.99321 -0.998809 0.0317692 -0.0370305 52.9516 
-0.0390695 -0.00643267 0.999216 99.4229 0.031428 0.999477 0.00766323 -2.00389 -0.998742 0.0317027 -0.0388469 52.9256 
-0.0409339 -0.00772715 0.999132 100.509 0.0327325 0.999423 0.00907048 -2.01571 -0.998626 0.0330754 -0.0406574 52.9007 
-0.0419077 -0.00590727 0.999104 101.592 0.0335189 0.999411 0.00731509 -2.0298 -0.998559 0.0337954 -0.0416851 52.8731 
-0.0422895 0.0023089 0.999103 102.665 0.0346641 0.999399 -0.000842304 -2.04687 -0.998504 0.0345973 -0.0423441 52.8405 
-0.0426628 0.0102476 0.999037 103.725 0.0317079 0.999458 -0.00889785 -2.06577 -0.998586 0.0312977 -0.0429646 52.8146 
-0.0438131 0.0105202 0.998984 104.797 0.0293386 0.999527 -0.00923914 -2.09149 -0.998609 0.028904 -0.044101 52.7869 
-0.0462775 0.0046003 0.998918 105.877 0.0247739 0.999687 -0.00345609 -2.11755 -0.998621 0.0245872 -0.046377 52.7663 
-0.0492437 -0.00300163 0.998782 106.938 0.0186497 0.999818 0.00392429 -2.13582 -0.998613 0.0188202 -0.0491788 52.7426 
-0.0513145 -0.0113127 0.998619 108.001 0.0166737 0.999787 0.0121827 -2.15022 -0.998543 0.0172758 -0.0511149 52.7138 
-0.0529294 -0.0179407 0.998437 109.06 0.0200028 0.999619 0.0190224 -2.15945 -0.998398 0.0209784 -0.0525503 52.6725 
-0.0550203 -0.0179752 0.998323 110.097 0.0186522 0.999645 0.019027 -2.16145 -0.998311 0.0196678 -0.0546655 52.639 
-0.0562859 -0.0106305 0.998358 111.127 0.0222902 0.999681 0.0119013 -2.17404 -0.998166 0.0229235 -0.056031 52.6011 
-0.0566772 0.00395199 0.998385 112.15 0.0307361 0.999525 -0.00221162 -2.18808 -0.997919 0.0305611 -0.0567718 52.546 
-0.0579171 0.015277 0.998205 113.179 0.0361839 0.999258 -0.0131936 -2.20403 -0.997665 0.0353548 -0.0584269 52.5012 
-0.058049 0.0122468 0.998239 114.209 0.0360515 0.999298 -0.0101633 -2.22342 -0.997663 0.035398 -0.0584498 52.4535 
-0.0579459 0.00182454 0.998318 115.251 0.038241 0.999269 0.000393408 -2.2437 -0.997587 0.0381995 -0.0579733 52.4081 
-0.0576527 -0.00816199 0.998303 116.284 0.0386584 0.999198 0.0104019 -2.25886 -0.997588 0.0391925 -0.0572909 52.3671 
-0.0575652 -0.0133753 0.998252 117.304 0.0363948 0.999218 0.015487 -2.26724 -0.997678 0.0372227 -0.0570334 52.3292 
-0.0576956 -0.0188383 0.998157 118.319 0.0336727 0.999216 0.0208047 -2.26949 -0.997766 0.034811 -0.0570161 52.2934 
-0.0573546 -0.0222566 0.998106 119.328 0.0309292 0.999232 0.024059 -2.27171 -0.997875 0.0322505 -0.0566222 52.2542 
-0.0578626 -0.0203612 0.998117 120.325 0.0290072 0.999336 0.0220677 -2.27635 -0.997903 0.0302294 -0.0572335 52.2274 
-0.0570667 -0.0134596 0.99828 121.316 0.0268142 0.999528 0.0150094 -2.2762 -0.99801 0.0276246 -0.0566789 52.1878 
-0.0570099 -0.00724045 0.998347 122.303 0.0263632 0.999614 0.00875513 -2.2784 -0.998026 0.0268187 -0.056797 52.1513 
-0.0570407 -0.0022585 0.998369 123.281 0.0264248 0.999644 0.00377117 -2.29368 -0.998022 0.0265969 -0.0569607 52.1138 
-0.0567889 0.0022976 0.998384 124.255 0.0283351 0.999598 -0.000688637 -2.30798 -0.997984 0.0282502 -0.0568311 52.071 
-0.0565924 0.00662839 0.998375 125.219 0.0279662 0.999596 -0.00505121 -2.33201 -0.998006 0.0276349 -0.0567549 52.0352 
-0.0564887 0.00610335 0.998385 126.187 0.0294066 0.999558 -0.00444666 -2.3484 -0.99797 0.0291079 -0.0566432 51.9942 
-0.0564134 4.35753e-05 0.998408 127.153 0.0279978 0.999607 0.00153838 -2.36497 -0.998015 0.02804 -0.0563924 51.9575 
-0.0570223 -0.00964454 0.998326 128.112 0.0258121 0.999605 0.0111313 -2.37845 -0.998039 0.0264036 -0.0567508 51.9231 
-0.0578797 -0.0176513 0.998168 129.051 0.020421 0.999614 0.018861 -2.38917 -0.998115 0.0214753 -0.0574968 51.8917 
-0.0604433 -0.0205697 0.99796 129.974 0.0152568 0.999652 0.0215287 -2.39275 -0.998055 0.016527 -0.0601084 51.8622 
-0.0618792 -0.0182345 0.997917 130.877 0.0106192 0.999765 0.0189268 -2.39909 -0.998027 0.0117683 -0.061671 51.8252 
-0.063136 -0.0106725 0.997948 131.757 0.00719399 0.999912 0.0111487 -2.40256 -0.997979 0.00788311 -0.0630537 51.7899 
-0.0638569 -0.00315035 0.997954 132.622 0.00893481 0.999953 0.00372843 -2.40939 -0.997919 0.00915461 -0.0638258 51.7489 
-0.0626651 0.00259663 0.998031 133.463 0.0127101 0.999918 -0.00180344 -2.42583 -0.997954 0.0125721 -0.062693 51.7065 
-0.0597674 0.00501725 0.9982 134.287 0.0159806 0.999864 -0.00406873 -2.44617 -0.998084 0.0157087 -0.0598395 51.6681 
-0.0551541 0.0042773 0.998469 135.093 0.0204814 0.999785 -0.00315153 -2.46603 -0.998268 0.0202762 -0.0552299 51.6336 
-0.0501076 -0.000799449 0.998744 135.886 0.0234861 0.999722 0.00197859 -2.48377 -0.998468 0.0235557 -0.0500749 51.6027 
-0.0461651 -0.00489222 0.998922 136.652 0.024932 0.999671 0.00604816 -2.5025 -0.998623 0.0251843 -0.0460279 51.5819 
-0.041991 -0.00457437 0.999108 137.396 0.025056 0.99967 0.00563005 -2.5198 -0.998804 0.0252701 -0.0418625 51.5675 
-0.0374554 -0.000299271 0.999298 138.102 0.0267083 0.999642 0.00130049 -2.54045 -0.998941 0.0267383 -0.037434 51.5502 
-0.0330702 0.00365462 0.999446 138.781 0.0267432 0.999639 -0.00277039 -2.55525 -0.999095 0.0266368 -0.0331559 51.5413 
-0.0287227 0.00420831 0.999579 139.434 0.0283483 0.999592 -0.00339374 -2.56977 -0.999185 0.0282389 -0.0288303 51.5363 
-0.0245181 0.00416216 0.999691 140.055 0.0252666 0.999675 -0.00354237 -2.58669 -0.99938 0.0251719 -0.0246153 51.5391 
-0.0205547 0.00296478 0.999784 140.65 0.0208385 0.99978 -0.0025363 -2.606 -0.999572 0.0207818 -0.0206119 51.5451 
-0.0171165 0.00336194 0.999848 141.213 0.0160542 0.999866 -0.00308712 -2.62588 -0.999725 0.015999 -0.0171682 51.556 
-0.0141937 0.00659935 0.999878 141.755 0.0141856 0.999879 -0.00639794 -2.6384 -0.999799 0.014093 -0.0142856 51.5584 
-0.0128206 0.0103891 0.999864 142.293 0.0138211 0.999852 -0.0102117 -2.65595 -0.999822 0.0136883 -0.0129623 51.5544 
-0.0132318 0.0116631 0.999844 142.827 0.0107244 0.999876 -0.0115216 -2.66915 -0.999855 0.0105703 -0.0133553 51.559 
-0.0149409 0.00990729 0.999839 143.358 0.00488589 0.99994 -0.00983524 -2.68279 -0.999876 0.00473815 -0.0149884 51.5669 
-0.0171447 0.00549092 0.999838 143.889 -0.000929743 0.999984 -0.00550762 -2.69541 -0.999853 -0.00102402 -0.0171393 51.5748 
-0.0193356 0.000364851 0.999813 144.421 -0.00192994 0.999998 -0.0004022 -2.70664 -0.999811 -0.00193735 -0.0193348 51.5717 
-0.0213948 -0.0026471 0.999768 144.941 0.00163827 0.999995 0.0026828 -2.72048 -0.99977 0.00169529 -0.0213904 51.5588 
-0.0236321 -0.000386882 0.999721 145.454 0.00394683 0.999992 0.000480327 -2.73486 -0.999713 0.00395708 -0.0236304 51.5447 
-0.0266923 0.00279974 0.99964 145.961 0.00344114 0.99999 -0.00270879 -2.74851 -0.999638 0.00336759 -0.0267016 51.5386 
-0.0294962 0.00422148 0.999556 146.455 -0.000350298 0.999991 -0.00423361 -2.7581 -0.999565 -0.000475019 -0.0294944 51.5391 
-0.0316843 0.00601846 0.99948 146.956 -0.00107489 0.999981 -0.00605551 -2.76484 -0.999497 -0.0012662 -0.0316772 51.5313 
-0.0337146 0.00745313 0.999404 147.452 0.000435855 0.999972 -0.00744263 -2.77283 -0.999431 0.000184669 -0.0337169 51.5199 
-0.036786 0.00469406 0.999312 147.945 0.000845424 0.999989 -0.00466608 -2.78781 -0.999323 0.000673195 -0.0367896 51.5118 
-0.0395259 -0.000560457 0.999218 148.445 -9.55451e-05 1 0.000557158 -2.80111 -0.999219 -7.34492e-05 -0.039526 51.5029 
-0.0418708 -0.00361978 0.999117 148.94 -0.00123858 0.999993 0.00357109 -2.80489 -0.999122 -0.00108796 -0.041875 51.4903 
-0.0445373 -0.00469519 0.998997 149.435 -0.00358213 0.999983 0.00454017 -2.81277 -0.999001 -0.00337634 -0.0445533 51.4776 
-0.0468589 -0.00620794 0.998882 149.929 -0.00468852 0.999971 0.0059948 -2.82326 -0.998891 -0.00440237 -0.0468867 51.4689 
-0.0479989 -0.00802142 0.998815 150.418 -0.0053154 0.999956 0.00777518 -2.83473 -0.998833 -0.0049359 -0.0480394 51.454 
-0.04896 -0.00800115 0.998769 150.906 -0.00599056 0.999952 0.00771702 -2.83635 -0.998783 -0.00560536 -0.0490056 51.4425 
-0.0481697 -0.00596236 0.998821 151.392 -0.0031649 0.999978 0.00581667 -2.83521 -0.998834 -0.00288098 -0.0481875 51.4279 
-0.0433003 -0.00355834 0.999056 151.862 -0.000628945 0.999994 0.00353446 -2.84437 -0.999062 -0.000475309 -0.0433023 51.4153 
-0.0361745 -0.0016474 0.999344 152.333 -0.000502074 0.999999 0.00163034 -2.85056 -0.999345 -0.000442769 -0.0361753 51.4136 
-0.0260648 -0.00175006 0.999659 152.798 -0.00239983 0.999996 0.00168812 -2.85786 -0.999657 -0.00235501 -0.0260689 51.4208 
-0.0110389 -0.00267865 0.999936 153.255 -0.000752952 0.999996 0.00267054 -2.8608 -0.999939 -0.000723424 -0.0110408 51.4382 
0.0113237 -0.00228923 0.999933 153.705 0.00492721 0.999985 0.0022336 -2.86066 -0.999924 0.00490159 0.0113348 51.4576 
0.0412509 -0.0016053 0.999148 154.148 0.0119051 0.999929 0.00111509 -2.86229 -0.999078 0.0118489 0.0412671 51.486 
0.0773838 -0.00235845 0.996999 154.582 0.013497 0.999908 0.00131778 -2.87057 -0.99691 0.0133545 0.0774085 51.5463 
0.118124 -0.00261003 0.992995 155.007 0.0103568 0.999945 0.00139632 -2.88225 -0.992945 0.0101193 0.118145 51.6318 
0.159873 0.000523153 0.987137 155.422 0.00616338 0.99998 -0.00152811 -2.88849 -0.987118 0.00632841 0.159867 51.7431 
0.201628 0.0053706 0.979448 155.839 0.00573912 0.999961 -0.00666448 -2.88943 -0.979446 0.00696491 0.201589 51.8626 
0.244015 0.00918016 0.969728 156.239 0.00732903 0.999909 -0.0113101 -2.89865 -0.969744 0.009867 0.243926 51.9938 
0.286058 0.0120243 0.958137 156.633 0.00851258 0.99985 -0.0150892 -2.89665 -0.958175 0.0124726 0.285913 52.1556 
0.327637 0.0138921 0.944702 157.022 0.00553219 0.999847 -0.0166216 -2.90507 -0.944788 0.0106721 0.327509 52.3299 
0.367925 0.0178269 0.929685 157.381 -0.00219246 0.99983 -0.0183042 -2.91173 -0.929853 0.00469628 0.367901 52.5249 
0.407756 0.0230726 0.9128 157.743 -0.0104645 0.999733 -0.0205953 -2.91924 -0.913031 -0.00115412 0.407888 52.7367 
0.447029 0.0292654 0.894041 158.094 -0.0151414 0.999569 -0.0251488 -2.9283 -0.894391 -0.00229479 0.44728 52.9607 
0.485267 0.0325403 0.87376 158.441 -0.0155914 0.99947 -0.0285628 -2.94247 -0.874227 0.000237465 0.485518 53.1958 
0.523084 0.0316879 0.851692 158.796 -0.0139553 0.999493 -0.028616 -2.95552 -0.852167 0.00308303 0.523261 53.4503 
0.558944 0.0305601 0.828642 159.154 -0.0153763 0.999531 -0.0264906 -2.96256 -0.829063 0.00206528 0.559151 53.7338 
0.59242 0.0312913 0.805021 159.489 -0.0195723 0.99951 -0.0244476 -2.97658 -0.805391 -0.00127286 0.592742 54.0383 
0.624004 0.0354917 0.780614 159.812 -0.0264078 0.999355 -0.0243273 -2.98878 -0.780975 -0.00543392 0.624539 54.3602 
0.653874 0.0390734 0.755594 160.127 -0.0317628 0.999203 -0.0241841 -3.00648 -0.755936 -0.00818638 0.654594 54.6922 
0.681696 0.0400295 0.73054 160.462 -0.0316558 0.999181 -0.0252102 -3.02164 -0.730951 -0.00594009 0.682405 55.0499 
0.706942 0.0381278 0.706243 160.788 -0.0264307 0.999273 -0.0274906 -3.02874 -0.706778 0.000767773 0.707435 55.4103 
0.72944 0.0391205 0.682925 161.107 -0.0272529 0.999233 -0.0281306 -3.0423 -0.683502 0.00190789 0.729946 55.7966 
0.749205 0.0433541 0.660918 161.416 -0.0341125 0.999057 -0.0268655 -3.05669 -0.66146 -0.00241779 0.749977 56.2064 
0.765666 0.0455846 0.641622 161.727 -0.0410016 0.998916 -0.0220406 -3.07551 -0.641931 -0.00943176 0.766705 56.6369 
0.778719 0.043706 0.625849 162.049 -0.0419864 0.998965 -0.0175204 -3.08868 -0.625967 -0.0126336 0.779748 57.0781 
0.78946 0.0384614 0.612595 162.372 -0.0376483 0.99919 -0.0142154 -3.1004 -0.612646 -0.0118406 0.790269 57.5234 
0.798851 0.0307501 0.600743 162.713 -0.0312621 0.999465 -0.00958785 -3.11543 -0.600717 -0.0111212 0.799385 57.9821 
0.806105 0.0241708 0.591279 163.049 -0.0264432 0.999639 -0.00481335 -3.12839 -0.591182 -0.0117552 0.806453 58.4607 
0.812691 0.0207535 0.582326 163.385 -0.0244936 0.999699 -0.00144501 -3.13823 -0.58218 -0.0130889 0.812954 58.9598 
0.819613 0.0180506 0.572633 163.718 -0.0223722 0.99975 0.000507364 -3.14456 -0.57248 -0.0132269 0.819812 59.4725 
0.827051 0.0136576 0.561961 164.065 -0.0168219 0.999858 0.000457222 -3.15241 -0.561875 -0.00983137 0.827164 59.9955 
0.833393 0.0140429 0.552503 164.404 -0.0148139 0.999886 -0.00306864 -3.15895 -0.552483 -0.00562731 0.833505 60.5517 
0.839009 0.0181104 0.543817 164.74 -0.0160911 0.999835 -0.00847125 -3.16377 -0.54388 -0.00164311 0.839161 61.1192 
0.843331 0.0236865 0.536872 165.086 -0.0194367 0.999719 -0.0135753 -3.17302 -0.537042 0.00101351 0.843555 61.6966 
0.84552 0.027971 0.53321 165.439 -0.0220979 0.999604 -0.017396 -3.18411 -0.533486 0.00292586 0.845804 62.2878 
0.845512 0.0329621 0.532939 165.801 -0.0275313 0.999456 -0.0181374 -3.20112 -0.533247 0.000662948 0.84596 62.899 
0.843802 0.0329068 0.535645 166.179 -0.0299201 0.999451 -0.014267 -3.221 -0.53582 -0.00398801 0.844323 63.5233 
0.841348 0.0341683 0.539412 166.567 -0.0321364 0.999397 -0.0131805 -3.24066 -0.539537 -0.00624534 0.841939 64.1589 
0.838439 0.0359136 0.543811 166.962 -0.0347705 0.999319 -0.0123869 -3.25813 -0.543886 -0.00852295 0.839116 64.8032 
0.835415 0.0359926 0.54844 167.371 -0.0360057 0.999294 -0.0107349 -3.27351 -0.548439 -0.0107789 0.836121 65.4579 
0.832151 0.0334407 0.55354 167.791 -0.0331061 0.999396 -0.0106066 -3.28652 -0.55356 -0.00949923 0.832755 66.1126 
0.828741 0.0305578 0.558797 168.225 -0.031459 0.999473 -0.00799977 -3.30646 -0.558747 -0.0109495 0.829266 66.7753 
0.825009 0.0310901 0.564264 168.674 -0.0325221 0.999443 -0.00751722 -3.32181 -0.564183 -0.0121492 0.82556 67.4499 
0.821594 0.033191 0.569106 169.127 -0.0338652 0.999382 -0.00939548 -3.33746 -0.569066 -0.0115536 0.82221 68.1287 
0.818771 0.0340999 0.573107 169.593 -0.0326513 0.999385 -0.0128159 -3.3541 -0.573191 -0.00821935 0.819381 68.8049 
0.815974 0.0359353 0.576971 170.064 -0.0326432 0.999338 -0.016076 -3.37717 -0.577167 -0.00571654 0.816606 69.4907 
0.813227 0.0360818 0.580827 170.55 -0.0328379 0.999331 -0.0161027 -3.38787 -0.58102 -0.00597796 0.813868 70.1897 
0.810908 0.0328449 0.584251 171.046 -0.0338434 0.999385 -0.00920956 -3.41046 -0.584194 -0.0123049 0.811521 70.9067 
0.808447 0.0291266 0.587848 171.542 -0.033578 0.999431 -0.0033409 -3.4315 -0.587611 -0.0170378 0.808964 71.6202 
0.806693 0.0275057 0.59033 172.047 -0.0291794 0.999552 -0.0066988 -3.45683 -0.59025 -0.0118215 0.807134 72.3179 
0.805493 0.0324781 0.591715 172.541 -0.0274968 0.99947 -0.0174278 -3.48013 -0.591967 -0.00223226 0.805959 73.0007 
0.804057 0.0351373 0.593513 173.038 -0.0254678 0.999371 -0.0246627 -3.50298 -0.594007 0.00471481 0.804446 73.6965 
0.803218 0.0314832 0.594852 173.542 -0.0213377 0.999482 -0.0240867 -3.53781 -0.595303 0.00665418 0.803474 74.3989 
0.80258 0.0257893 0.595987 174.051 -0.0187495 0.999662 -0.018008 -3.57106 -0.59625 0.00327839 0.802793 75.1048 
0.801925 0.021754 0.597028 174.555 -0.0158655 0.99976 -0.0151178 -3.6019 -0.597214 0.00265121 0.802078 75.8097 
0.802242 0.0170127 0.596757 175.063 -0.0114912 0.999849 -0.0130562 -3.63003 -0.596889 0.00361679 0.802316 76.5058 
0.802591 0.0127157 0.596394 175.57 -0.00622473 0.999897 -0.0129418 -3.65799 -0.596497 0.00667463 0.802588 77.1964 
0.803384 0.010775 0.595364 176.068 -0.00373265 0.999908 -0.0130595 -3.69121 -0.59545 0.00826953 0.80335 77.8871 
0.803939 0.013411 0.59456 176.552 -0.00342438 0.999834 -0.0179221 -3.717 -0.594701 0.0123723 0.803852 78.5741 
0.804428 0.0132632 0.593903 177.036 -0.000400136 0.999763 -0.0217849 -3.75037 -0.594051 0.0172867 0.804242 79.2541 
0.804696 0.010556 0.593594 177.528 0.00192206 0.99979 -0.0203851 -3.77431 -0.593684 0.0175447 0.804507 79.939 
0.804424 0.00906976 0.593986 178.009 -0.000688218 0.999897 -0.0143356 -3.8036 -0.594055 0.0111231 0.804348 80.6219 
0.803903 0.00295632 0.594753 178.498 0.000156186 0.999987 -0.00518162 -3.83305 -0.594761 0.00425843 0.803892 81.3057 
0.803708 -0.00196883 0.595021 178.984 0.00267546 0.999996 -0.000304882 -3.855 -0.595018 0.00183701 0.80371 81.9684 
0.803185 -0.00494695 0.595709 179.455 0.00563657 0.999984 0.000704547 -3.87126 -0.595703 0.0027919 0.8032 82.606 
0.802206 -0.0013603 0.597046 179.903 0.00347045 0.999991 -0.00238453 -3.89446 -0.597038 0.00398493 0.802203 83.2359 
0.80104 0.00637184 0.598578 180.344 0.00039232 0.999938 -0.0111692 -3.91744 -0.598611 0.00918185 0.800987 83.8562 
0.799667 0.0105524 0.600351 180.779 0.000708177 0.999828 -0.0185173 -3.94486 -0.600444 0.0152328 0.799522 84.454 
