1 2.12261e-08 -2.11895e-08 -2.57086e-15 2.12261e-08 1 2.10703e-08 -4.44089e-16 -2.11895e-08 2.10703e-08 1 -2.03726e-14 
0.999997 0.0025774 0.000121809 -0.0161617 -0.00257755 0.999995 0.0015628 -0.0188903 -0.000117823 -0.00156307 0.999999 0.772011 
0.999988 0.00495816 0.000343802 -0.0388149 -0.00495879 0.999986 0.00200554 -0.0362282 -0.000333895 -0.00200718 0.999998 1.52329 
0.999979 0.00638906 0.00108293 -0.0687098 -0.00639098 0.999978 0.00181491 -0.0555921 -0.00107135 -0.00182175 0.999998 2.25085 
0.999964 0.00837374 0.00146044 -0.0922488 -0.00837634 0.999963 0.00181145 -0.0776598 -0.00144526 -0.00182358 0.999997 2.96955 
0.999963 0.00846979 0.00172651 -0.107928 -0.00847262 0.999963 0.00165984 -0.091628 -0.00171243 -0.00167437 0.999997 3.68753 
0.999963 0.0085129 0.00160043 -0.111349 -0.00851702 0.99996 0.00260953 -0.105235 -0.0015782 -0.00262302 0.999995 4.39836 
0.999958 0.00894084 0.00190223 -0.124255 -0.0089513 0.999944 0.00558465 -0.12118 -0.00185224 -0.0056014 0.999983 5.09042 
0.999958 0.00866263 0.00291064 -0.126887 -0.00868976 0.999918 0.00945759 -0.126915 -0.00282852 -0.00948245 0.999951 5.76331 
0.99996 0.00796518 0.00406695 -0.131276 -0.00801771 0.999882 0.013079 -0.138971 -0.00396234 -0.013111 0.999906 6.40408 
0.999965 0.00700493 0.00468745 -0.132045 -0.00707598 0.999858 0.0153263 -0.146426 -0.00457946 -0.0153589 0.999872 7.02134 
0.999953 0.00763044 0.00601722 -0.142329 -0.00772065 0.999856 0.015122 -0.154733 -0.00590101 -0.0151677 0.999868 7.61174 
0.999936 0.00865542 0.00722553 -0.15018 -0.00874426 0.999885 0.0123604 -0.161188 -0.00711776 -0.0124227 0.999898 8.17063 
0.999931 0.00855342 0.00801668 -0.152164 -0.0086303 0.999917 0.0096109 -0.168553 -0.00793385 -0.00967938 0.999922 8.7035 
0.999931 0.00699658 0.00940349 -0.149873 -0.00707447 0.999941 0.00828071 -0.172876 -0.00934503 -0.00834663 0.999922 9.21647 
0.999932 0.00329947 0.0111539 -0.144464 -0.00336703 0.999976 0.00604766 -0.180345 -0.0111337 -0.00608476 0.99992 9.69382 
0.999918 0.00159099 0.0127282 -0.134571 -0.00165432 0.999986 0.00497002 -0.188403 -0.0127201 -0.00499063 0.999907 10.1396 
0.999871 0.00575602 0.0149829 -0.141345 -0.00580127 0.999979 0.00298122 -0.199528 -0.0149655 -0.00306771 0.999883 10.5578 
0.999789 0.00996852 0.0179657 -0.145958 -0.0100097 0.999948 0.00220344 -0.209943 -0.0179428 -0.00238276 0.999836 10.9434 
0.999722 0.0101409 0.0212962 -0.142298 -0.0102158 0.999942 0.00341521 -0.217439 -0.0212604 -0.00363178 0.999767 11.2973 
0.999685 0.00613784 0.0243347 -0.130151 -0.00623151 0.999973 0.00377704 -0.220129 -0.0243109 -0.00392745 0.999697 11.6257 
0.999637 0.00123116 0.0268994 -0.115196 -0.00132891 0.999993 0.00361811 -0.223813 -0.0268948 -0.0036525 0.999632 11.9167 
0.999571 -0.00244466 0.0291909 -0.105067 0.00230127 0.999985 0.0049462 -0.228273 -0.0292026 -0.00487686 0.999562 12.1723 
0.999491 -0.00205146 0.0318404 -0.0974663 0.00185982 0.99998 0.00604856 -0.231654 -0.0318522 -0.00598622 0.999475 12.4131 
0.999418 -0.00133672 0.0340782 -0.0945159 0.00117259 0.999988 0.00483705 -0.233808 -0.0340843 -0.00479423 0.999408 12.6183 
0.99934 -0.000412593 0.0363303 -0.0903703 0.000287438 0.999994 0.00345127 -0.238612 -0.0363316 -0.00343851 0.999334 12.8071 
0.999233 0.00188818 0.0391088 -0.0925059 -0.00199929 0.999994 0.00280303 -0.246124 -0.0391033 -0.00287903 0.999231 12.9792 
0.99916 0.00470645 0.0407041 -0.0873504 -0.00479472 0.999986 0.00207232 -0.250275 -0.0406938 -0.0022657 0.999169 13.1467 
0.999108 0.00568759 0.0418397 -0.0804887 -0.00572867 0.999983 0.000863123 -0.258649 -0.0418341 -0.001102 0.999124 13.3051 
0.999043 0.004621 0.0435 -0.0716565 -0.0045901 0.999989 -0.000809271 -0.263919 -0.0435033 0.000608868 0.999053 13.4557 
0.998983 0.00340044 0.0449657 -0.0635935 -0.00329355 0.999992 -0.00245024 -0.264559 -0.0449737 0.00229969 0.998986 13.5993 
0.998923 0.00283247 0.0463155 -0.0594937 -0.00267518 0.99999 -0.00345685 -0.266178 -0.0463249 0.00332926 0.998921 13.7375 
0.998843 0.00349811 0.0479652 -0.0569069 -0.00327103 0.999983 -0.00481096 -0.270504 -0.0479813 0.00464854 0.998837 13.8685 
0.998789 0.00431945 0.049009 -0.0493586 -0.00398394 0.999968 -0.00694067 -0.271694 -0.0490374 0.00673705 0.998774 13.9995 
0.998757 0.00429627 0.0496595 -0.0421055 -0.00385277 0.999952 -0.00902229 -0.275636 -0.0496959 0.00881979 0.998725 14.1221 
0.998718 0.00356264 0.0504987 -0.0369437 -0.00299227 0.999931 -0.0113651 -0.278146 -0.0505357 0.0111994 0.99866 14.246 
0.998734 0.00250365 0.0502363 -0.039418 -0.00184479 0.999912 -0.0131565 -0.282668 -0.0502649 0.0130472 0.998651 14.3665 
0.998836 0.00220236 0.0481828 -0.0348465 -0.00151942 0.999898 -0.0142051 -0.286179 -0.0482092 0.0141154 0.998738 14.4922 
0.998973 0.00216796 0.0452513 -0.035343 -0.00147284 0.999881 -0.0153879 -0.287512 -0.0452793 0.0153055 0.998857 14.6178 
0.999152 0.00274013 0.0410742 -0.0337138 -0.002067 0.999863 -0.0164206 -0.29204 -0.0411136 0.0163218 0.999021 14.7447 
0.999377 0.00313971 0.0351657 -0.0317071 -0.0025214 0.999842 -0.0176121 -0.293017 -0.0352155 0.0175125 0.999226 14.8775 
0.999592 0.0026102 0.0284502 -0.0359263 -0.00209467 0.999833 -0.0181337 -0.300602 -0.0284928 0.0180668 0.999431 15.0027 
0.99977 0.00255037 0.0212843 -0.0424437 -0.00214711 0.999818 -0.0189456 -0.302149 -0.0213288 0.0188956 0.999594 15.1297 
0.999912 0.00221857 0.0131206 -0.0497766 -0.00195785 0.999801 -0.0198475 -0.306559 -0.013162 0.0198201 0.999717 15.2635 
0.999994 0.00125465 0.00309184 -0.0613472 -0.00118925 0.999778 -0.0210515 -0.307421 -0.00311761 0.0210477 0.999774 15.4056 
0.99995 -0.00045064 -0.0100145 -0.0746307 0.000222858 0.999741 -0.022739 -0.311384 0.0100221 0.0227357 0.999691 15.5558 
0.999653 -0.000936916 -0.0263262 -0.0928617 0.000289904 0.999698 -0.0245714 -0.315392 0.0263413 0.0245553 0.999351 15.7196 
0.998965 -0.000784219 -0.0454868 -0.125228 -0.000378601 0.999674 -0.0255505 -0.320362 0.045492 0.0255414 0.998638 15.8969 
0.997733 -9.9438e-05 -0.0673007 -0.166802 -0.00159791 0.999682 -0.0251668 -0.328633 0.0672817 0.0252173 0.997415 16.091 
0.995822 0.000758919 -0.0913078 -0.208622 -0.00294914 0.999711 -0.0238551 -0.332896 0.0912633 0.0240248 0.995537 16.3112 
0.993004 0.00144372 -0.118075 -0.264865 -0.00413093 0.999738 -0.0225173 -0.337702 0.118011 0.0228476 0.992749 16.5491 
0.988944 0.0023726 -0.148274 -0.340141 -0.00545685 0.999777 -0.0203981 -0.345344 0.148192 0.0209817 0.988736 16.7925 
0.983363 0.00239944 -0.181634 -0.419725 -0.00557377 0.999841 -0.0169683 -0.35326 0.181564 0.0176984 0.98322 17.0622 
0.975886 0.00353336 -0.218254 -0.526541 -0.00653684 0.999894 -0.013041 -0.356085 0.218185 0.0141533 0.975805 17.3399 
0.965957 0.00506046 -0.258654 -0.630079 -0.00738346 0.999941 -0.00801059 -0.354941 0.258598 0.0096477 0.965937 17.6404 
0.953762 0.00888888 -0.300431 -0.763884 -0.0103765 0.999941 -0.00335636 -0.355755 0.300383 0.00631862 0.953798 17.9311 
0.93916 0.0123338 -0.343259 -0.905963 -0.0127784 0.999918 0.000966737 -0.358943 0.343242 0.00347841 0.939241 18.2265 
0.921911 0.0149053 -0.387116 -1.06984 -0.0133833 0.999889 0.00662708 -0.363597 0.387172 -0.000928646 0.922007 18.5309 
0.901968 0.0178012 -0.431436 -1.24921 -0.0129583 0.999816 0.0141619 -0.365249 0.431609 -0.00718284 0.902032 18.8388 
0.879377 0.022003 -0.475617 -1.44754 -0.0138909 0.999692 0.0205644 -0.364425 0.475923 -0.0114771 0.879412 19.141 
0.853514 0.0265035 -0.520395 -1.6682 -0.0158158 0.999563 0.0249674 -0.362609 0.520829 -0.0130795 0.853561 19.4477 
0.82454 0.029436 -0.565037 -1.91095 -0.0164622 0.999471 0.0280454 -0.35788 0.565564 -0.0138228 0.824589 19.7456 
0.792877 0.0329073 -0.608492 -2.18174 -0.0187763 0.999386 0.0295809 -0.35221 0.609092 -0.0120288 0.793009 20.0291 
0.757905 0.0354844 -0.6514 -2.47077 -0.0189407 0.999296 0.0323981 -0.346169 0.65209 -0.0122166 0.758043 20.3192 
0.719616 0.0390691 -0.693272 -2.78346 -0.0197878 0.999164 0.0357677 -0.329257 0.69409 -0.0120206 0.719788 20.6045 
0.679619 0.0402795 -0.732459 -3.12977 -0.0175528 0.999098 0.0386561 -0.31517 0.733356 -0.0134146 0.679713 20.8785 
0.637955 0.0399914 -0.769034 -3.50765 -0.0147466 0.999102 0.0397223 -0.299296 0.769932 -0.0140003 0.637972 21.1453 
0.594436 0.0389247 -0.8032 -3.90734 -0.00946029 0.999097 0.0414168 -0.284975 0.804087 -0.0170211 0.594268 21.4025 
0.549202 0.0392713 -0.834767 -4.32896 -0.00487276 0.999029 0.0437931 -0.271486 0.835676 -0.0199836 0.54886 21.6403 
0.501833 0.040492 -0.864016 -4.78446 -0.00290869 0.998977 0.0451275 -0.250114 0.86496 -0.0201333 0.501437 21.8593 
0.451961 0.0399612 -0.891142 -5.25634 -0.0017898 0.999035 0.0438916 -0.226794 0.892036 -0.0182423 0.451596 22.0446 
0.399401 0.0386355 -0.915962 -5.75439 0.00296699 0.999052 0.043434 -0.203885 0.916771 -0.0200652 0.398908 22.2179 
0.345255 0.0380624 -0.937737 -6.27617 0.00829288 0.999015 0.0436029 -0.188374 0.938472 -0.0228306 0.344599 22.3735 
0.290849 0.0368022 -0.956061 -6.82458 0.0111348 0.999062 0.0418448 -0.162959 0.956704 -0.022816 0.290166 22.5017 
0.237115 0.0424872 -0.970552 -7.407 0.0118498 0.998842 0.0466207 -0.135451 0.971409 -0.0225552 0.236337 22.6041 
0.185378 0.0474474 -0.981521 -8.00854 0.0140497 0.998604 0.0509267 -0.109007 0.982567 -0.0232307 0.184453 22.6766 
0.136672 0.0485411 -0.989426 -8.62806 0.0195116 0.998473 0.0516801 -0.0822837 0.990424 -0.0263684 0.135516 22.7309 
0.092258 0.0500903 -0.994474 -9.25834 0.0219348 0.998389 0.0523224 -0.0643549 0.995494 -0.0266407 0.0910107 22.7556 
0.0518488 0.0481674 -0.997493 -9.90146 0.0212827 0.998556 0.049325 -0.0370619 0.998428 -0.0237867 0.0507488 22.7538 
0.0164483 0.0435808 -0.998915 -10.5728 0.0176567 0.998881 0.0438701 -0.00161875 0.999709 -0.0183591 0.0156604 22.7289 
-0.0119713 0.0434753 -0.998983 -11.2556 0.0153417 0.998945 0.0432898 0.0295739 0.999811 -0.0148078 -0.0126257 22.686 
-0.0328857 0.0476046 -0.998325 -11.9633 0.0140717 0.998788 0.0471632 0.0550154 0.99936 -0.0124971 -0.0335157 22.633 
-0.0457224 0.053655 -0.997512 -12.6889 0.0157966 0.998471 0.0529825 0.0802938 0.998829 -0.0133348 -0.0465001 22.5779 
-0.0538109 0.0559999 -0.99698 -13.4431 0.015 0.998359 0.0552678 0.113727 0.998439 -0.0119807 -0.0545626 22.5169 
-0.0574133 0.0534719 -0.996918 -14.1953 0.0163066 0.998482 0.0526166 0.138477 0.998217 -0.0132354 -0.058198 22.4488 
-0.0567364 0.0497973 -0.997147 -14.986 0.0237627 0.99854 0.0485149 0.171943 0.998106 -0.0209423 -0.0578369 22.3989 
-0.0527 0.0483781 -0.997438 -15.7767 0.0355151 0.998285 0.0465427 0.210449 0.997979 -0.0329712 -0.0543278 22.3601 
-0.0470936 0.0484792 -0.997713 -16.6211 0.0359728 0.998256 0.0468076 0.24536 0.998243 -0.0336861 -0.0487554 22.3137 
-0.0419176 0.0467002 -0.998029 -17.4955 0.0341679 0.99839 0.045282 0.277924 0.998537 -0.0322024 -0.0434457 22.2624 
-0.0389175 0.0405529 -0.998419 -18.358 0.0378684 0.998518 0.0390808 0.310275 0.998525 -0.0362876 -0.0403955 22.2287 
-0.036695 0.0296936 -0.998885 -19.225 0.0355013 0.998966 0.0283918 0.335447 0.998696 -0.0344199 -0.0377113 22.1791 
-0.0360337 0.0212785 -0.999124 -20.1275 0.028094 0.9994 0.0202711 0.350658 0.998956 -0.0273389 -0.0366099 22.1168 
-0.0375626 0.0182723 -0.999127 -21.0577 0.022638 0.999592 0.0174297 0.370861 0.999038 -0.0219635 -0.0379609 22.0581 
-0.0412916 0.0240171 -0.998858 -22.0077 0.0137155 0.999631 0.0234687 0.385655 0.999053 -0.0127307 -0.0416058 21.9925 
-0.0467214 0.0321069 -0.998392 -23.0013 0.00878943 0.999458 0.0317298 0.40461 0.998869 -0.00729279 -0.0469782 21.9277 
-0.0516009 0.04126 -0.997815 -24.0334 0.00706877 0.999136 0.040949 0.442729 0.998643 -0.00494028 -0.051848 21.8665 
-0.0536771 0.0510594 -0.997252 -25.0674 0.00620867 0.99869 0.0507988 0.48172 0.998539 -0.00346483 -0.0539238 21.8015 
-0.0547299 0.0587348 -0.996772 -26.1084 0.00825146 0.998261 0.0583695 0.526138 0.998467 -0.00503024 -0.0551193 21.7297 
-0.0561352 0.0592132 -0.996666 -27.1335 0.00937997 0.998227 0.0587777 0.578867 0.998379 -0.00604916 -0.0565911 21.6509 
-0.0577881 0.0564581 -0.996731 -28.1425 0.00804108 0.998394 0.0560861 0.621292 0.998297 -0.00477365 -0.0581493 21.5685 
-0.0605702 0.051509 -0.996834 -29.1625 0.00760451 0.998663 0.0511414 0.66227 0.998135 -0.00448275 -0.0608809 21.4864 
-0.0652651 0.0462569 -0.996795 -30.1824 0.00808778 0.998917 0.0458258 0.698783 0.997835 -0.00507099 -0.0655685 21.3996 
-0.0706319 0.0418913 -0.996622 -31.1961 0.00814134 0.999109 0.0414188 0.727504 0.997469 -0.00518831 -0.07091 21.3031 
-0.0777189 0.0399064 -0.996176 -32.2312 0.00741322 0.999194 0.039449 0.757791 0.996948 -0.0043189 -0.0779521 21.2004 
-0.0840886 0.0425414 -0.99555 -33.2998 0.00750343 0.999087 0.0420587 0.787893 0.99643 -0.00393334 -0.084331 21.0872 
-0.0902297 0.0475478 -0.994785 -34.3717 0.00642703 0.998867 0.0471599 0.821772 0.9959 -0.00213825 -0.090433 20.9623 
-0.0961333 0.0503354 -0.994095 -35.455 0.00387169 0.998732 0.0501958 0.85801 0.995361 0.000976706 -0.0962063 20.8223 
-0.100966 0.0526688 -0.993495 -36.5187 0.000880292 0.998602 0.0528501 0.897359 0.99489 0.00446151 -0.100871 20.691 
-0.103715 0.0539846 -0.993141 -37.5917 -0.00332879 0.998502 0.0546236 0.937185 0.994602 0.00897126 -0.103379 20.5528 
-0.105606 0.0551369 -0.992878 -38.6701 -0.0074401 0.99839 0.0562343 0.980617 0.99438 0.0133258 -0.105026 20.4135 
-0.107033 0.0547044 -0.992749 -39.7527 -0.00873288 0.998395 0.055957 1.02239 0.994217 0.0146588 -0.106383 20.2721 
-0.108307 0.0537687 -0.992662 -40.8435 -0.00910438 0.998441 0.055075 1.0712 0.994076 0.0150026 -0.107648 20.1255 
-0.108793 0.0527167 -0.992666 -41.9291 -0.0105183 0.998476 0.054178 1.12254 0.994009 0.0163353 -0.108073 19.9685 
-0.109404 0.0516152 -0.992656 -43.0226 -0.0124938 0.998501 0.053296 1.16629 0.993919 0.0182329 -0.108595 19.8187 
-0.109625 0.0490918 -0.99276 -44.1112 -0.0170036 0.998541 0.0512553 1.20641 0.993828 0.0224995 -0.10863 19.6557 
-0.109831 0.0441967 -0.992967 -45.1953 -0.022567 0.998643 0.0469454 1.24273 0.993694 0.0275644 -0.108685 19.504 
-0.10951 0.0435244 -0.993032 -46.3135 -0.0242516 0.998627 0.046444 1.2849 0.99369 0.0291687 -0.108304 19.3687 
-0.107939 0.0477099 -0.993012 -47.4298 -0.0249702 0.998403 0.0506831 1.32358 0.993844 0.0302664 -0.106575 19.2239 
-0.106274 0.0506979 -0.993044 -48.55 -0.0251221 0.998244 0.0536519 1.36907 0.99402 0.0306492 -0.104814 19.0864 
-0.104622 0.0502146 -0.993244 -49.6624 -0.0235243 0.99832 0.0529492 1.41764 0.994234 0.028905 -0.103265 18.9457 
-0.102476 0.0495885 -0.993499 -50.7834 -0.0229136 0.998374 0.0521953 1.45815 0.994472 0.0281135 -0.101173 18.8151 
-0.0984988 0.0499055 -0.993885 -51.9184 -0.0273515 0.998229 0.0528342 1.50522 0.994761 0.0323884 -0.0969594 18.6738 
-0.0924669 0.0506291 -0.994428 -53.0463 -0.0323471 0.998027 0.0538201 1.5468 0.99519 0.0371435 -0.0906467 18.5358 
-0.0865978 0.0502723 -0.994974 -54.1819 -0.0363493 0.997902 0.0535839 1.59145 0.99558 0.0408069 -0.0845887 18.409 
-0.0815375 0.0493103 -0.99545 -55.3043 -0.037429 0.997919 0.0524985 1.63707 0.995967 0.0415393 -0.0795222 18.3038 
-0.0756854 0.0487193 -0.995941 -56.4453 -0.0369384 0.997983 0.0516263 1.68067 0.996447 0.0406959 -0.0737332 18.1949 
-0.0710469 0.0484286 -0.996297 -57.5865 -0.0344961 0.998104 0.0509764 1.72714 0.996876 0.0379901 -0.0692416 18.1036 
-0.065865 0.0486503 -0.996642 -58.7413 -0.0330318 0.998157 0.0509072 1.77934 0.997282 0.036274 -0.0641366 18.0149 
-0.0608681 0.0504342 -0.996871 -59.8962 -0.031655 0.998123 0.0524304 1.82098 0.997644 0.0347473 -0.0591573 17.9343 
-0.0556154 0.051565 -0.99712 -61.0493 -0.0321527 0.998055 0.0534067 1.86506 0.997934 0.0350304 -0.0538493 17.8557 
-0.0506238 0.0506917 -0.997431 -62.2162 -0.0315214 0.998132 0.0523272 1.91072 0.99822 0.0340894 -0.0489314 17.7825 
-0.0458613 0.0461346 -0.997882 -63.3694 -0.0318806 0.998357 0.0476217 1.95279 0.998439 0.0339971 -0.0443151 17.7094 
-0.0409383 0.0408609 -0.998326 -64.516 -0.0315087 0.998614 0.0421648 1.98821 0.998665 0.0331821 -0.039594 17.6373 
-0.0368773 0.0402684 -0.998508 -65.671 -0.0316739 0.998639 0.0414435 2.02343 0.998818 0.033155 -0.0355517 17.5681 
-0.0340356 0.0423151 -0.998524 -66.8378 -0.0312043 0.998571 0.0433807 2.06121 0.998933 0.0326348 -0.0326665 17.5111 
-0.0313085 0.0417973 -0.998635 -68.004 -0.0317627 0.998579 0.0427907 2.09658 0.999005 0.0330591 -0.0299365 17.4403 
-0.0298443 0.0412147 -0.998705 -69.1842 -0.033764 0.998538 0.0422167 2.1379 0.998984 0.0349803 -0.0284091 17.3729 
-0.028648 0.0422223 -0.998697 -70.3591 -0.0350082 0.998452 0.0432162 2.1677 0.998976 0.0362007 -0.0271255 17.3102 
-0.0276126 0.0418385 -0.998743 -71.5374 -0.0356356 0.998447 0.0428113 2.19913 0.998983 0.036773 -0.0260788 17.2605 
-0.0261789 0.0396435 -0.998871 -72.7264 -0.0363201 0.998516 0.0405814 2.23761 0.998997 0.0373415 -0.0247002 17.2 
-0.0254319 0.0385815 -0.998932 -73.9041 -0.0351327 0.998603 0.0394633 2.26638 0.999059 0.0360989 -0.0240409 17.148 
-0.0251517 0.0382163 -0.998953 -75.0994 -0.0313323 0.998748 0.0389974 2.29971 0.999193 0.0322804 -0.0239228 17.1039 
-0.0248775 0.0390576 -0.998927 -76.2809 -0.0293082 0.998779 0.0397817 2.32893 0.999261 0.0302665 -0.0237024 17.0567 
-0.0248825 0.0419111 -0.998811 -77.4661 -0.0291056 0.998667 0.0426301 2.35798 0.999267 0.0301318 -0.0236294 17.0072 
-0.0244215 0.045357 -0.998672 -78.6567 -0.0312867 0.998446 0.0461118 2.39301 0.999212 0.0323713 -0.0229645 16.9555 
-0.0237241 0.0453234 -0.998691 -79.8289 -0.0333183 0.998381 0.0461009 2.42173 0.999163 0.0343684 -0.0221756 16.9014 
-0.0231304 0.0433039 -0.998794 -81.0175 -0.0345558 0.99843 0.0440884 2.45443 0.999135 0.035534 -0.0215977 16.8489 
-0.022718 0.0408614 -0.998907 -82.1906 -0.0341903 0.998548 0.0416243 2.48655 0.999157 0.0350986 -0.0212879 16.8013 
-0.0232474 0.040397 -0.998913 -83.3581 -0.0316039 0.998654 0.041122 2.51285 0.99923 0.0325255 -0.0219394 16.7637 
-0.0232675 0.0420129 -0.998846 -84.528 -0.0300476 0.998636 0.042704 2.54133 0.999278 0.0310066 -0.0219734 16.7188 
-0.0229095 0.0449058 -0.998729 -85.7188 -0.0292465 0.998533 0.0455678 2.57535 0.99931 0.0302533 -0.0215625 16.6711 
-0.0222658 0.047185 -0.998638 -86.9026 -0.0293311 0.998425 0.0478289 2.61047 0.999322 0.0303561 -0.0208467 16.623 
-0.0221277 0.0475993 -0.998621 -88.0806 -0.0311781 0.998347 0.0482771 2.64233 0.999269 0.0322034 -0.0206071 16.5772 
-0.022181 0.0453852 -0.998723 -89.2429 -0.0302346 0.998482 0.0460457 2.67543 0.999297 0.0312174 -0.0207752 16.5372 
-0.0218381 0.0440185 -0.998792 -90.4079 -0.0282993 0.998603 0.0446289 2.7098 0.999361 0.0292398 -0.0205619 16.4921 
-0.0220547 0.0449291 -0.998747 -91.57 -0.0266891 0.998607 0.0455122 2.74535 0.999401 0.0276594 -0.0208249 16.4506 
-0.0219606 0.0478897 -0.998611 -92.76 -0.0243742 0.99853 0.0484218 2.78234 0.999462 0.0254037 -0.020761 16.4099 
-0.0222028 0.0503142 -0.998487 -93.9392 -0.022452 0.998456 0.0508119 2.81948 0.999501 0.0235462 -0.0210388 16.3711 
-0.0220262 0.051968 -0.998406 -95.1092 -0.0227405 0.998364 0.0524675 2.85997 0.999499 0.02386 -0.0208083 16.331 
-0.0216499 0.0540724 -0.998302 -96.2804 -0.0254717 0.998182 0.0546183 2.89822 0.999441 0.026611 -0.0202332 16.2791 
-0.0211867 0.0533076 -0.998353 -97.4372 -0.0272552 0.998176 0.0538766 2.93275 0.999404 0.0283518 -0.0196951 16.2246 
-0.0215385 0.0493101 -0.998551 -98.6039 -0.0297573 0.998309 0.0499399 2.97294 0.999325 0.0307898 -0.0200347 16.1776 
-0.021597 0.0476298 -0.998632 -99.7746 -0.0310841 0.99835 0.0482886 3.01295 0.999283 0.0320845 -0.0200809 16.1365 
-0.0217928 0.0459131 -0.998708 -100.932 -0.0306376 0.998445 0.0465696 3.05157 0.999293 0.0316129 -0.0203522 16.0969 
-0.0221156 0.0462672 -0.998684 -102.078 -0.0291228 0.998475 0.0469025 3.08853 0.999331 0.0301218 -0.0207344 16.0591 
-0.0225876 0.0484552 -0.99857 -103.224 -0.0290527 0.998371 0.0491028 3.12296 0.999323 0.0301203 -0.021143 16.0197 
-0.0228267 0.0505617 -0.99846 -104.39 -0.0274022 0.998313 0.0511808 3.16211 0.999364 0.0285284 -0.0214027 15.9788 
-0.0233194 0.0494259 -0.998506 -105.56 -0.0309303 0.998263 0.0501363 3.20568 0.99925 0.0320533 -0.0217502 15.9257 
-0.0236457 0.0501857 -0.99846 -106.729 -0.0347703 0.998094 0.0509908 3.25195 0.999116 0.0359225 -0.0218557 15.8753 
-0.0240873 0.0493391 -0.998492 -107.901 -0.0381106 0.99801 0.0502347 3.29295 0.998983 0.0392632 -0.022159 15.8242 
-0.0243269 0.0456531 -0.998661 -109.083 -0.0392319 0.998144 0.0465851 3.32991 0.998934 0.0403127 -0.0224907 15.7692 
-0.0254826 0.0415841 -0.99881 -110.248 -0.0393504 0.998318 0.0425676 3.36874 0.998901 0.0403883 -0.0238034 15.7246 
-0.0270478 0.0409206 -0.998796 -111.435 -0.035836 0.99848 0.0418781 3.39805 0.998992 0.0369257 -0.0255402 15.6926 
-0.027627 0.0401446 -0.998812 -112.649 -0.0313583 0.998667 0.0410062 3.43784 0.999126 0.0324539 -0.0263313 15.6466 
-0.0285861 0.0419994 -0.998709 -113.859 -0.030119 0.998627 0.0428581 3.47533 0.999138 0.0313052 -0.0272819 15.5965 
-0.0295945 0.0456136 -0.998521 -115.101 -0.0291823 0.998493 0.0464772 3.52086 0.999136 0.0305147 -0.0282188 15.5455 
-0.0304682 0.0455901 -0.998496 -116.333 -0.0274947 0.998543 0.0464312 3.56228 0.999158 0.028868 -0.0291703 15.4913 
-0.0315705 0.0412171 -0.998651 -117.562 -0.0274466 0.998737 0.0420884 3.60247 0.999125 0.0287384 -0.0303994 15.4333 
-0.0322687 0.0373004 -0.998783 -118.814 -0.0276348 0.998888 0.0381971 3.6431 0.999097 0.0288337 -0.0312021 15.3638 
-0.033532 0.0359346 -0.998791 -120.045 -0.0267367 0.998964 0.0368384 3.6724 0.99908 0.0279397 -0.0325364 15.3063 
-0.0343847 0.0370024 -0.998723 -121.3 -0.0281 0.998884 0.0379758 3.70583 0.999014 0.02937 -0.0333066 15.2386 
-0.0345792 0.0414021 -0.998544 -122.577 -0.0328693 0.998554 0.0425408 3.74255 0.998861 0.0342925 -0.0331683 15.1613 
-0.0346624 0.0443893 -0.998413 -123.859 -0.0380589 0.99823 0.0457025 3.78412 0.998674 0.0395827 -0.0329116 15.0802 
-0.0351024 0.044066 -0.998412 -125.112 -0.045393 0.997926 0.0456405 3.81984 0.998352 0.0469231 -0.0330294 15.0035 
-0.0353139 0.0418511 -0.9985 -126.371 -0.0482457 0.997886 0.0435317 3.85777 0.998211 0.0497106 -0.0332201 14.9352 
-0.0361945 0.0405812 -0.998521 -127.634 -0.0503316 0.997833 0.0423777 3.89273 0.998077 0.051791 -0.0340735 14.8656 
-0.0374791 0.0399383 -0.998499 -128.906 -0.0501855 0.997865 0.0417966 3.92663 0.998036 0.0516768 -0.0353948 14.8053 
-0.0385135 0.0394643 -0.998479 -130.159 -0.0478977 0.997998 0.0412929 3.95221 0.99811 0.0494151 -0.0365461 14.7447 
-0.0388065 0.0399966 -0.998446 -131.432 -0.0473443 0.998003 0.041819 3.98867 0.998125 0.0488936 -0.0368354 14.6667 
-0.039743 0.0454346 -0.998176 -132.705 -0.0473035 0.99776 0.0472991 4.01633 0.99809 0.049097 -0.0375048 14.5906 
-0.0408542 0.0496421 -0.997931 -133.979 -0.0461447 0.997606 0.051515 4.05445 0.998099 0.0481539 -0.0384657 14.5238 
-0.0410485 0.048287 -0.99799 -135.237 -0.0464033 0.997662 0.0501798 4.09772 0.998079 0.0483699 -0.0387118 14.4552 
-0.041042 0.0466634 -0.998067 -136.492 -0.0456538 0.997778 0.0485272 4.14436 0.998114 0.0475572 -0.0388204 14.3914 
-0.0408911 0.046251 -0.998093 -137.737 -0.0446319 0.997846 0.0480681 4.18022 0.998166 0.0465124 -0.0387388 14.3368 
-0.0399869 0.0452329 -0.998176 -139 -0.0449186 0.997884 0.0470191 4.22654 0.99819 0.0467168 -0.0378705 14.2611 
-0.0394194 0.0473063 -0.998102 -140.271 -0.0450945 0.997777 0.0490719 4.26889 0.998205 0.0469433 -0.0371985 14.1907 
-0.0388461 0.0510406 -0.997941 -141.527 -0.0461359 0.997538 0.0528159 4.30784 0.99818 0.0480926 -0.0363956 14.1159 
-0.0380033 0.0521237 -0.997917 -142.785 -0.0476909 0.997406 0.0539132 4.35153 0.998139 0.0496405 -0.0354189 14.048 
-0.0369828 0.049037 -0.998112 -144.031 -0.0498532 0.997461 0.0508522 4.39963 0.998072 0.0516398 -0.0344443 13.9723 
-0.0372142 0.0454978 -0.998271 -145.287 -0.0483734 0.99771 0.0472755 4.44869 0.998136 0.0500491 -0.0349281 13.9117 
-0.0370978 0.0439852 -0.998343 -146.543 -0.045732 0.997909 0.0456655 4.48827 0.998265 0.0473504 -0.0350087 13.8442 
-0.0371949 0.0434682 -0.998362 -147.799 -0.0438776 0.998019 0.045088 4.5217 0.998344 0.0454829 -0.035214 13.774 
-0.0378592 0.0441166 -0.998309 -149.046 -0.0415769 0.99809 0.0456837 4.55767 0.998418 0.0432361 -0.0359527 13.7169 
-0.0385781 0.0427646 -0.99834 -150.288 -0.0399567 0.998219 0.0443035 4.59414 0.998456 0.0415995 -0.0368006 13.6563 
-0.0391529 0.0430456 -0.998306 -151.529 -0.0391898 0.998237 0.0445797 4.62867 0.998464 0.0408689 -0.0373969 13.5879 
-0.040065 0.0461115 -0.998133 -152.765 -0.036901 0.998185 0.0475952 4.66286 0.998515 0.038739 -0.0382907 13.5298 
-0.0398792 0.0475561 -0.998072 -154.007 -0.0343847 0.99821 0.0489365 4.70308 0.998613 0.03627 -0.0381726 13.4464 
-0.040245 0.0460009 -0.99813 -155.226 -0.0316696 0.998379 0.0472893 4.74248 0.998688 0.0335136 -0.0387229 13.3822 
-0.0414425 0.0461141 -0.998076 -156.466 -0.0327391 0.998335 0.0474854 4.78389 0.998604 0.034644 -0.0398638 13.3139 
-0.0420778 0.0510371 -0.99781 -157.704 -0.0333955 0.998065 0.0524584 4.82057 0.998556 0.0355298 -0.0402919 13.2458 
-0.0419105 0.0572064 -0.997482 -158.95 -0.0382783 0.997535 0.0588177 4.86898 0.998388 0.040647 -0.0396174 13.1682 
-0.0409999 0.0570141 -0.997531 -160.188 -0.0427574 0.997356 0.0587614 4.9264 0.998244 0.045061 -0.0384537 13.083 
-0.0397598 0.0531302 -0.997796 -161.422 -0.0463712 0.997411 0.0549575 4.97544 0.998133 0.0484542 -0.0371932 13.0046 
-0.0383927 0.0474355 -0.998136 -162.667 -0.0484873 0.997608 0.0492754 5.02605 0.998086 0.0502888 -0.0360008 12.9322 
-0.0379331 0.045346 -0.998251 -163.898 -0.0508209 0.99759 0.0472471 5.07316 0.997987 0.0525243 -0.0355372 12.8659 
-0.0371433 0.0427736 -0.998394 -165.105 -0.0458221 0.99796 0.0444597 5.10089 0.998259 0.0473999 -0.0351075 12.8084 
-0.0370329 0.03819 -0.998584 -166.316 -0.0422779 0.998315 0.0397476 5.13652 0.998419 0.04369 -0.0353559 12.7453 
-0.0381607 0.0351058 -0.998655 -167.534 -0.0354779 0.998705 0.0364632 5.16415 0.998642 0.0368217 -0.0368658 12.6963 
-0.0400448 0.0378631 -0.99848 -168.774 -0.0330111 0.998686 0.0391948 5.19655 0.998652 0.0345305 -0.0387423 12.6389 
-0.0393925 0.0443947 -0.998237 -170.008 -0.0337287 0.998384 0.0457323 5.22678 0.998654 0.0354708 -0.0378314 12.5648 
-0.0380191 0.0474796 -0.998148 -171.248 -0.0353642 0.998181 0.0488281 5.26744 0.998651 0.0371552 -0.0362708 12.5019 
-0.0362981 0.044179 -0.998364 -172.47 -0.0367946 0.998286 0.0455133 5.30693 0.998663 0.0383865 -0.0346104 12.4312 
-0.035368 0.0439669 -0.998407 -173.69 -0.0395299 0.998188 0.0453576 5.34757 0.998592 0.0410712 -0.033566 12.359 
-0.0344382 0.0453686 -0.998377 -174.904 -0.0374409 0.998209 0.0466525 5.378 0.998705 0.0389868 -0.0326779 12.2975 
-0.0339929 0.0434632 -0.998477 -176.117 -0.0372507 0.998305 0.0447239 5.41148 0.998728 0.0387143 -0.0323162 12.2383 
-0.0320832 0.0420352 -0.998601 -177.302 -0.0371007 0.998377 0.0432178 5.44477 0.998796 0.0384354 -0.0304715 12.1769 
-0.0305505 0.0438139 -0.998573 -178.469 -0.0391514 0.99822 0.0449963 5.47394 0.998766 0.0404703 -0.0287807 12.1158 
-0.0293704 0.0455766 -0.998529 -179.589 -0.0386359 0.998162 0.0466963 5.49842 0.998822 0.0399506 -0.0275555 12.067 
-0.0294992 0.0470121 -0.998459 -180.673 -0.0390156 0.998078 0.0481469 5.52129 0.998803 0.0403758 -0.0276083 12.025 
-0.0295513 0.0484982 -0.998386 -181.736 -0.0398756 0.99797 0.0496583 5.54253 0.998768 0.0412787 -0.0275574 11.9776 
-0.0297949 0.0495595 -0.998327 -182.79 -0.0394045 0.997935 0.0507161 5.56779 0.998779 0.0408497 -0.0277805 11.9211 
-0.0297492 0.048575 -0.998376 -183.81 -0.0392177 0.997993 0.049725 5.59599 0.998788 0.0406333 -0.0277844 11.8762 
-0.0288412 0.0485834 -0.998403 -184.802 -0.0402551 0.997951 0.0497243 5.62054 0.998773 0.0416249 -0.0268263 11.8357 
-0.0275928 0.0493728 -0.998399 -185.768 -0.0409162 0.997887 0.0504783 5.64863 0.998782 0.0422435 -0.0255144 11.7947 
-0.0285479 0.0476686 -0.998455 -186.713 -0.0392921 0.998037 0.0487721 5.6729 0.99882 0.0406238 -0.0266188 11.7519 
-0.032052 0.0450271 -0.998471 -187.665 -0.0370427 0.998245 0.046206 5.69348 0.9988 0.0384671 -0.0303278 11.7075 
-0.0379541 0.0414781 -0.998418 -188.581 -0.0371669 0.998388 0.0428898 5.71431 0.998588 0.038736 -0.0363514 11.6697 
-0.0433657 0.038515 -0.998317 -189.51 -0.0386765 0.998443 0.0401999 5.73543 0.99831 0.0403547 -0.0418086 11.6143 
-0.0475081 0.0375681 -0.998164 -190.439 -0.0406233 0.998393 0.0395102 5.76025 0.998044 0.0424258 -0.0459056 11.551 
-0.0508244 0.0379093 -0.997988 -191.383 -0.0417431 0.998325 0.040048 5.78545 0.997835 0.0436945 -0.0491568 11.486 
-0.0532838 0.0399708 -0.997779 -192.324 -0.0404713 0.998291 0.0421526 5.80565 0.997759 0.0426275 -0.0515751 11.4223 
-0.0555407 0.0413194 -0.997601 -193.269 -0.0379088 0.998336 0.0434604 5.83649 0.997737 0.0402318 -0.0538819 11.3717 
-0.0577768 0.0423716 -0.99743 -194.182 -0.0360431 0.998359 0.0444989 5.85249 0.997679 0.0385215 -0.0561548 11.314 
-0.0589814 0.0408239 -0.997424 -195.095 -0.0359949 0.998427 0.0429934 5.88167 0.99761 0.038438 -0.0574192 11.2446 
-0.0599362 0.0395542 -0.997418 -196.002 -0.0379732 0.998401 0.041875 5.9033 0.99748 0.040385 -0.0583384 11.173 
-0.0599846 0.0383147 -0.997464 -196.915 -0.0415303 0.998302 0.0408444 5.93159 0.997335 0.0438751 -0.0582915 11.0983 
-0.0594506 0.0363735 -0.997568 -197.823 -0.0441316 0.998263 0.0390288 5.9538 0.997255 0.0463446 -0.0577421 11.0257 
-0.0588838 0.0338707 -0.99769 -198.735 -0.0443417 0.998349 0.0365101 5.97198 0.99728 0.0463892 -0.0572848 10.9592 
-0.0585604 0.0313013 -0.997793 -199.642 -0.0442374 0.998445 0.033918 5.99383 0.997303 0.046126 -0.0570847 10.889 
-0.0580789 0.0309029 -0.997834 -200.566 -0.0442512 0.998459 0.0334979 6.01272 0.997331 0.0461009 -0.0566218 10.8178 
-0.0583273 0.0336074 -0.997732 -201.499 -0.0419727 0.998467 0.0360859 6.03431 0.997415 0.0439823 -0.0568273 10.7603 
-0.058586 0.0349534 -0.99767 -202.441 -0.0411986 0.998451 0.0374001 6.05573 0.997432 0.0432937 -0.0570552 10.6913 
-0.0578909 0.0314292 -0.997828 -203.381 -0.0364771 0.99877 0.0335752 6.07257 0.997656 0.0383416 -0.0566732 10.6237 
-0.0576506 0.0281213 -0.997941 -204.324 -0.0348088 0.998939 0.0301603 6.09646 0.99773 0.0364759 -0.0566106 10.5553 
-0.0572863 0.028153 -0.997961 -205.271 -0.0394924 0.998756 0.0304424 6.11882 0.997576 0.0411558 -0.0561032 10.4765 
-0.0564359 0.0321042 -0.99789 -206.235 -0.0409292 0.998568 0.0344408 6.13509 0.997567 0.0427866 -0.0550411 10.4101 
-0.0542111 0.0313247 -0.998038 -207.197 -0.0383739 0.998704 0.03343 6.16109 0.997792 0.0401109 -0.0529388 10.3379 
-0.0523533 0.032347 -0.998105 -208.169 -0.0370244 0.998725 0.0343092 6.19133 0.997942 0.0387505 -0.051089 10.2736 
-0.0509921 0.0373296 -0.998001 -209.149 -0.0375434 0.998523 0.0392673 6.21133 0.997993 0.0394707 -0.0495153 10.2051 
-0.0493386 0.0414332 -0.997922 -210.146 -0.034104 0.998487 0.0431428 6.23947 0.9982 0.0361618 -0.0478509 10.1433 
-0.0482482 0.042124 -0.997947 -211.145 -0.033846 0.998468 0.0437823 6.26762 0.998262 0.035889 -0.0467485 10.0797 
-0.0459728 0.0425295 -0.998037 -212.148 -0.037036 0.998334 0.0442481 6.30055 0.998256 0.0389975 -0.0443211 10.0085 
-0.0431855 0.0443586 -0.998082 -213.164 -0.0396284 0.998152 0.0460763 6.33111 0.998281 0.0415423 -0.0413478 9.94347 
-0.0396 0.0445303 -0.998223 -214.185 -0.04068 0.998106 0.0461389 6.36218 0.998387 0.0424349 -0.0377136 9.88377 
-0.0373195 0.0417011 -0.998433 -215.205 -0.0434379 0.998117 0.0433116 6.39505 0.998359 0.0449862 -0.0354378 9.83297 
-0.0347068 0.0387174 -0.998647 -216.243 -0.0433471 0.998251 0.0402085 6.42368 0.998457 0.044684 -0.0329678 9.78262 
-0.0333864 0.0378291 -0.998726 -217.289 -0.0422797 0.998335 0.0392277 6.45309 0.998548 0.0435356 -0.0317315 9.73251 
-0.0316015 0.0402775 -0.998689 -218.348 -0.0431344 0.998202 0.0416227 6.47826 0.998569 0.0443932 -0.0298074 9.674 
-0.0297773 0.0433174 -0.998618 -219.41 -0.0448785 0.997995 0.0446286 6.51011 0.998549 0.0461454 -0.0277735 9.61475 
-0.0286361 0.0430155 -0.998664 -220.472 -0.0448739 0.998011 0.0442741 6.54122 0.998582 0.0460818 -0.0266488 9.5691 
-0.0277636 0.0402479 -0.998804 -221.536 -0.0438815 0.998177 0.0414424 6.5723 0.998651 0.0449797 -0.0259469 9.51794 
-0.0278655 0.0373168 -0.998915 -222.618 -0.040848 0.998426 0.038438 6.60463 0.998777 0.0418748 -0.0262973 9.47179 
-0.028234 0.0362885 -0.998942 -223.705 -0.039245 0.99853 0.0373827 6.63555 0.998831 0.040259 -0.0267683 9.43192 
-0.0282621 0.0353217 -0.998976 -224.795 -0.0392599 0.998565 0.0364179 6.66283 0.998829 0.040249 -0.0268349 9.38186 
-0.0277664 0.0353589 -0.998989 -225.893 -0.0394414 0.998557 0.0364399 6.68904 0.998836 0.0404134 -0.0263317 9.32938 
-0.0283558 0.0361828 -0.998943 -226.998 -0.0416021 0.998436 0.0373453 6.71472 0.998732 0.0426171 -0.0268062 9.27851 
-0.028626 0.0384381 -0.998851 -228.119 -0.0424169 0.998314 0.039633 6.74507 0.99869 0.0435027 -0.0269473 9.22432 
-0.0296414 0.0401083 -0.998756 -229.248 -0.0424663 0.998242 0.041348 6.77667 0.998658 0.0436391 -0.0278861 9.16982 
-0.0304456 0.0413978 -0.998679 -230.396 -0.0436621 0.998133 0.0427063 6.81933 0.998582 0.0449047 -0.0285812 9.11457 
-0.031599 0.042385 -0.998602 -231.54 -0.0458003 0.99799 0.0438083 6.8536 0.998451 0.0471206 -0.0295943 9.05873 
-0.0324199 0.0407544 -0.998643 -232.709 -0.0479678 0.997954 0.0422835 6.89291 0.998323 0.0492736 -0.0303986 8.99117 
-0.0336512 0.0364514 -0.998769 -233.867 -0.0463695 0.998202 0.037993 6.92684 0.998357 0.047591 -0.0319004 8.93287 
-0.0348152 0.0305944 -0.998925 -235.023 -0.0435355 0.998536 0.0320998 6.95021 0.998445 0.0446063 -0.0334323 8.86788 
-0.0371919 0.0265945 -0.998954 -236.194 -0.0387851 0.998854 0.0280359 6.97201 0.998555 0.0397873 -0.0361178 8.8104 
-0.0393754 0.0272005 -0.998854 -237.373 -0.0321134 0.999079 0.0284726 6.98807 0.998708 0.0331978 -0.0384656 8.74891 
-0.041691 0.031333 -0.998639 -238.576 -0.0275237 0.999093 0.0324963 7.00983 0.998751 0.0288411 -0.0407907 8.68554 
-0.0438546 0.0339192 -0.998462 -239.774 -0.0252089 0.999068 0.035047 7.0352 0.99872 0.0267071 -0.0429587 8.61279 
-0.0461241 0.0335287 -0.998373 -240.981 -0.023199 0.999131 0.0346259 7.06016 0.998666 0.0247583 -0.0453062 8.54068 
-0.0485113 0.0342543 -0.998235 -242.199 -0.0234824 0.999096 0.035425 7.09 0.998547 0.0251595 -0.0476631 8.46009 
-0.0508122 0.0357862 -0.998067 -243.409 -0.021947 0.999077 0.0369398 7.11672 0.998467 0.0237816 -0.0499799 8.38483 
-0.0532371 0.0353628 -0.997956 -244.629 -0.0213677 0.999104 0.0365434 7.14375 0.998353 0.0232696 -0.0524337 8.29767 
-0.0555796 0.0340698 -0.997873 -245.855 -0.0213069 0.99915 0.0353001 7.17114 0.998227 0.0232236 -0.0548064 8.20865 
-0.0580347 0.0336224 -0.997748 -247.086 -0.0213307 0.999163 0.0349108 7.20082 0.998087 0.0233088 -0.0572689 8.11589 
-0.0603975 0.0346117 -0.997574 -248.334 -0.0217847 0.999115 0.0359841 7.22786 0.997937 0.0239053 -0.05959 8.01622 
-0.0629389 0.0348664 -0.997408 -249.579 -0.0222424 0.999092 0.0363289 7.25476 0.99777 0.0244713 -0.0621062 7.91909 
-0.0653794 0.0358417 -0.997217 -250.832 -0.0236928 0.999017 0.0374598 7.28306 0.997579 0.026076 -0.064466 7.80864 
-0.0676715 0.03748 -0.997003 -252.1 -0.0254215 0.998905 0.039277 7.31559 0.997384 0.0280033 -0.0666446 7.69613 
-0.0691811 0.0382335 -0.996871 -253.36 -0.0268142 0.998833 0.0401696 7.34409 0.997244 0.0295093 -0.0680752 7.58612 
-0.0704702 0.0384741 -0.996772 -254.611 -0.0294927 0.998739 0.0406351 7.37338 0.997078 0.0322611 -0.0692466 7.47674 
-0.0705508 0.0383548 -0.996771 -255.885 -0.0299006 0.99873 0.0405465 7.40786 0.99706 0.0326647 -0.0693144 7.35801 
-0.0706708 0.037199 -0.996806 -257.139 -0.028991 0.998806 0.039329 7.44016 0.997078 0.0316779 -0.0695079 7.24314 
-0.070786 0.0366183 -0.996819 -258.4 -0.0258726 0.998922 0.0385328 7.46322 0.997156 0.028518 -0.0697623 7.13797 
-0.0707652 0.0362903 -0.996833 -259.668 -0.0247359 0.998967 0.038124 7.49468 0.997186 0.0273555 -0.0697944 7.02265 
-0.0707273 0.0365192 -0.996827 -260.931 -0.0246713 0.99896 0.0383478 7.5266 0.997191 0.0273053 -0.0697528 6.90727 
-0.0708755 0.0364084 -0.996821 -262.196 -0.0239777 0.998983 0.0381923 7.55728 0.997197 0.0266084 -0.0699304 6.79772 
-0.0707468 0.0374176 -0.996792 -263.462 -0.0235128 0.998956 0.0391677 7.58061 0.997217 0.0262084 -0.0697932 6.68493 
-0.0706273 0.0382803 -0.996768 -264.728 -0.0208133 0.998989 0.0398404 7.61553 0.997286 0.0235599 -0.0697591 6.57214 
-0.0709619 0.0408831 -0.996641 -265.972 -0.0162875 0.998979 0.0421387 7.64488 0.997346 0.0192231 -0.0702236 6.47291 
-0.0712756 0.044527 -0.996462 -267.226 -0.0130276 0.998876 0.0455667 7.67696 0.997372 0.0162293 -0.0706155 6.36661 
-0.0718082 0.0472183 -0.9963 -268.482 -0.0105013 0.998788 0.048093 7.71042 0.997363 0.0139159 -0.0712253 6.2687 
-0.0718849 0.0452832 -0.996384 -269.694 -0.0107349 0.998876 0.0461709 7.74818 0.997355 0.0140151 -0.071318 6.16212 
-0.0716412 0.0437218 -0.996472 -270.93 -0.0131549 0.998911 0.0447746 7.7834 0.997344 0.0163162 -0.070988 6.04246 
-0.0722054 0.0463941 -0.99631 -272.178 -0.0185669 0.998682 0.0478501 7.82213 0.997217 0.0219535 -0.0712489 5.92367 
-0.0723712 0.0522043 -0.996011 -273.423 -0.0240887 0.998246 0.0540718 7.86049 0.997087 0.0279059 -0.0709868 5.80319 
-0.0724253 0.0513822 -0.996049 -274.659 -0.0275788 0.998187 0.0534978 7.90352 0.996993 0.0313445 -0.070877 5.69091 
-0.0721377 0.0446493 -0.996395 -275.876 -0.0271142 0.998541 0.0467085 7.94377 0.997026 0.030386 -0.0708218 5.5792 
-0.0729222 0.0394503 -0.996557 -277.09 -0.0239518 0.99886 0.0412941 7.97505 0.99705 0.0268806 -0.0718941 5.47261 
-0.0731844 0.038868 -0.996561 -278.308 -0.0181995 0.999022 0.0403005 8.00283 0.997152 0.0210863 -0.0724055 5.37882 
-0.0721065 0.0405945 -0.996571 -279.537 -0.0146773 0.99902 0.0417562 8.03151 0.997289 0.0176379 -0.07144 5.26819 
-0.0709669 0.0427767 -0.996561 -280.773 -0.0135488 0.998947 0.0438439 8.06267 0.997387 0.0166137 -0.0703126 5.16251 
-0.069622 0.0449864 -0.996559 -281.997 -0.0144576 0.998832 0.0460991 8.10042 0.997469 0.0176174 -0.0688903 5.04471 
-0.0686797 0.0463329 -0.996562 -283.219 -0.0155148 0.998751 0.0475039 8.13385 0.997518 0.0187241 -0.0678751 4.93575 
-0.0680609 0.0476309 -0.996544 -284.449 -0.0166396 0.998667 0.0488688 8.16473 0.997542 0.0199082 -0.0671776 4.83053 
-0.0675627 0.0467795 -0.996618 -285.68 -0.016516 0.998711 0.0479974 8.20509 0.997578 0.019703 -0.066703 4.72939 
-0.0675378 0.0451355 -0.996695 -286.889 -0.0169568 0.99878 0.046379 8.23842 0.997573 0.0200331 -0.06669 4.62078 
-0.0672018 0.0439242 -0.996772 -288.12 -0.016986 0.998835 0.0451603 8.27481 0.997595 0.0199661 -0.0663775 4.51948 
-0.0674103 0.0436746 -0.996769 -289.366 -0.0171669 0.998843 0.0449264 8.30818 0.997578 0.0201399 -0.0665825 4.4187 
-0.0670532 0.0435694 -0.996798 -290.587 -0.0175502 0.99884 0.0448392 8.3395 0.997595 0.0205006 -0.0662108 4.31226 
-0.0672055 0.0439385 -0.996771 -291.816 -0.0184062 0.998805 0.0452692 8.37074 0.997569 0.0213891 -0.0663165 4.20982 
-0.0667622 0.0441763 -0.996791 -293.047 -0.0180567 0.998802 0.0454748 8.40678 0.997606 0.0210348 -0.0658845 4.10378 
-0.0668557 0.0423982 -0.996861 -294.281 -0.0178706 0.998886 0.0436828 8.44405 0.997603 0.020735 -0.0660236 3.99671 
-0.0670588 0.0400406 -0.996945 -295.507 -0.0176149 0.998991 0.0413076 8.47138 0.997594 0.0203312 -0.0662858 3.89415 
-0.0672588 0.0371257 -0.997045 -296.726 -0.0182398 0.999095 0.0384324 8.50148 0.997569 0.0207709 -0.0665208 3.78317 
-0.067594 0.0356261 -0.997077 -297.959 -0.0200728 0.999111 0.0370596 8.53082 0.997511 0.0225191 -0.0668189 3.67612 
-0.0679427 0.035373 -0.997062 -299.187 -0.023099 0.999048 0.0370175 8.55953 0.997422 0.0255462 -0.0670609 3.56076 
-0.068538 0.0364597 -0.996982 -300.433 -0.0262518 0.99892 0.0383352 8.58646 0.997303 0.0288 -0.0675068 3.45205 
-0.0688159 0.0371476 -0.996938 -301.666 -0.030059 0.998776 0.039291 8.62121 0.997176 0.0326709 -0.067615 3.32999 
-0.0689882 0.0368948 -0.996935 -302.892 -0.0315349 0.998736 0.0391437 8.65173 0.997119 0.0341388 -0.0677375 3.21288 
-0.0699098 0.034913 -0.996942 -304.135 -0.0310876 0.998826 0.0371589 8.67474 0.997069 0.0335903 -0.0687423 3.11355 
-0.0708416 0.032955 -0.996943 -305.396 -0.0284974 0.998979 0.0350473 8.70194 0.99708 0.0308931 -0.0698301 3.01425 
-0.0722284 0.0328642 -0.996847 -306.622 -0.0261406 0.999051 0.0348309 8.72792 0.997046 0.028574 -0.0713008 2.90998 
-0.073348 0.0350546 -0.99669 -307.865 -0.0236904 0.999039 0.0368806 8.74988 0.997025 0.0263172 -0.072447 2.80092 
