1 2.12261e-08 -2.11895e-08 0 2.12261e-08 1 2.10703e-08 0 -2.11895e-08 2.10703e-08 1 0 
0.999931 -0.00276365 0.0113902 0.0118442 0.00274994 0.999996 0.00122285 -0.00781577 -0.0113935 -0.0011914 0.999934 0.291373 
0.999827 -0.00506289 0.017909 0.0197608 0.00504057 0.999987 0.00129324 -0.0118432 -0.0179154 -0.00120271 0.999839 0.590658 
0.999777 -0.00805098 0.0195225 0.0325993 0.00805187 0.999968 3.52545e-05 -0.0147748 -0.0195222 0.000121988 0.999809 0.893405 
0.999812 -0.00930835 0.0170093 0.0416844 0.009335 0.999955 -0.00148532 -0.0162308 -0.0169947 0.00164387 0.999854 1.20245 
0.999879 -0.0119147 0.00998731 0.0405091 0.0119436 0.999925 -0.00282715 -0.0190976 -0.00995292 0.00294614 0.999946 1.51934 
0.999902 -0.0137334 -0.00268747 0.0368231 0.0137211 0.999895 -0.00458939 -0.0228091 0.00275018 0.00455211 0.999986 1.85367 
0.999733 -0.012822 -0.0192281 0.00876213 0.0127245 0.999906 -0.00518688 -0.0239942 0.0192927 0.00494087 0.999802 2.19642 
0.999208 -0.0084163 -0.0389017 -0.0277673 0.00822577 0.999953 -0.00505621 -0.0313303 0.0389424 0.00473225 0.99923 2.55115 
0.998266 -0.00468476 -0.0586832 -0.0733669 0.00433188 0.999972 -0.00613982 -0.0382488 0.0587102 0.00587501 0.998258 2.91666 
0.996839 -0.00453568 -0.0793214 -0.116339 0.00403038 0.999971 -0.00652967 -0.0432458 0.0793486 0.00618937 0.996828 3.28457 
0.994908 -0.00617446 -0.100602 -0.170661 0.00560111 0.999966 -0.005981 -0.0453423 0.100636 0.0053871 0.994909 3.66842 
0.992703 -0.00749905 -0.120353 -0.237653 0.0069078 0.999962 -0.00532943 -0.0501786 0.120388 0.00445921 0.992717 4.05609 
0.990284 -0.00682421 -0.138895 -0.304927 0.00623697 0.99997 -0.00466309 -0.0560597 0.138923 0.00375155 0.990296 4.46232 
0.988023 -0.00557667 -0.154204 -0.394843 0.00496217 0.999978 -0.00436989 -0.0579934 0.154225 0.00355241 0.988029 4.87676 
0.985771 -0.00493427 -0.168025 -0.481101 0.00426718 0.999982 -0.00433129 -0.0676029 0.168043 0.00355271 0.985773 5.2951 
0.983625 -0.0064185 -0.180111 -0.578003 0.00561296 0.999972 -0.00498198 -0.0776597 0.180138 0.00388949 0.983634 5.72787 
0.98178 -0.00998753 -0.189761 -0.676009 0.00870443 0.999933 -0.00759417 -0.0811433 0.189824 0.00580409 0.981801 6.17203 
0.980254 -0.00933485 -0.197524 -0.784686 0.00762456 0.999927 -0.00941756 -0.0905308 0.197598 0.00772561 0.980253 6.62683 
0.97865 -0.00874184 -0.205349 -0.896476 0.00654521 0.999914 -0.0113741 -0.0944958 0.20543 0.00978727 0.978623 7.09985 
0.976924 -0.00905415 -0.213397 -1.01783 0.00611022 0.999877 -0.0144513 -0.102585 0.213501 0.012814 0.976859 7.58024 
0.975095 -0.0128306 -0.221418 -1.13783 0.00948713 0.999824 -0.0161572 -0.112358 0.221586 0.0136542 0.975045 8.08058 
0.973279 -0.0190591 -0.228834 -1.26688 0.0155754 0.999734 -0.0170205 -0.128517 0.229097 0.0130016 0.973317 8.58647 
0.971228 -0.0193952 -0.23736 -1.4071 0.0151333 0.99969 -0.0197647 -0.140885 0.237669 0.015604 0.971221 9.10994 
0.969178 -0.0143273 -0.245946 -1.57163 0.00861511 0.999668 -0.0242856 -0.152641 0.246213 0.0214183 0.968979 9.63211 
0.967027 -0.0112412 -0.254427 -1.74057 0.00443485 0.999617 -0.0273096 -0.169972 0.254637 0.0252808 0.966706 10.1777 
0.964689 -0.0133632 -0.263052 -1.90648 0.00587008 0.999555 -0.0292509 -0.188345 0.263325 0.026674 0.964338 10.7369 
0.962311 -0.0166212 -0.271441 -2.07578 0.00847255 0.999478 -0.0311644 -0.212619 0.271818 0.0276901 0.96195 11.2986 
0.960214 -0.0156895 -0.278824 -2.26447 0.00652474 0.999408 -0.0337671 -0.236571 0.279189 0.0306044 0.959748 11.869 
0.957764 -0.0149631 -0.287168 -2.45599 0.00440409 0.999291 -0.0373804 -0.262549 0.287523 0.0345369 0.957151 12.455 
0.955479 -0.0159708 -0.294626 -2.65791 0.00356398 0.999086 -0.0425995 -0.291661 0.295037 0.0396529 0.954663 13.043 
0.953714 -0.0170669 -0.30023 -2.86738 0.00213906 0.998748 -0.0499799 -0.325958 0.300707 0.0470244 0.952557 13.6491 
0.952364 -0.0185364 -0.3044 -3.08635 0.000872936 0.998313 -0.0580611 -0.362319 0.304962 0.0550296 0.950773 14.2643 
0.951265 -0.0186823 -0.307808 -3.31527 -0.00207116 0.997754 -0.0669591 -0.403925 0.308368 0.0643334 0.949089 14.8912 
0.949953 -0.0179325 -0.311879 -3.54852 -0.00603588 0.997111 -0.0757169 -0.454394 0.312336 0.0738099 0.9471 15.5313 
0.948605 -0.0175485 -0.315975 -3.7845 -0.00907254 0.996543 -0.082583 -0.509575 0.316332 0.0812054 0.945167 16.1755 
0.947077 -0.0150512 -0.320653 -4.03568 -0.0144141 0.995899 -0.0893199 -0.569545 0.320683 0.0892148 0.942976 16.8323 
0.945458 -0.0142828 -0.325432 -4.28161 -0.0176958 0.995311 -0.0950939 -0.638141 0.325264 0.095666 0.940772 17.4768 
0.9439 -0.0121329 -0.330009 -4.55172 -0.022476 0.994647 -0.100855 -0.702099 0.329466 0.102615 0.938575 18.1637 
0.942213 -0.00960494 -0.334877 -4.82062 -0.0267733 0.994233 -0.103846 -0.780169 0.333943 0.106811 0.936522 18.8455 
0.940519 -0.00817359 -0.339642 -5.10195 -0.0293089 0.994032 -0.105083 -0.865179 0.338473 0.108787 0.934666 19.5508 
0.938297 -0.00779251 -0.345743 -5.37926 -0.0301222 0.994105 -0.104153 -0.951422 0.344516 0.108141 0.932531 20.2503 
0.935944 -0.00760228 -0.352068 -5.66855 -0.0304942 0.994262 -0.102536 -1.03634 0.350827 0.106704 0.930341 20.9693 
0.933562 -0.0072492 -0.358342 -5.97482 -0.0309322 0.994436 -0.100703 -1.12115 0.357078 0.105097 0.928143 21.6909 
0.930433 -0.00592153 -0.366415 -6.29326 -0.0322826 0.994658 -0.0980493 -1.19745 0.365038 0.103057 0.925271 22.4335 
0.927239 -0.00365389 -0.374452 -6.61014 -0.0332549 0.995198 -0.0920588 -1.28352 0.372991 0.097813 0.922665 23.151 
0.923738 0.00057225 -0.383025 -6.94174 -0.0366441 0.995544 -0.0868869 -1.36816 0.381268 0.0942964 0.919643 23.8846 
0.920229 0.00452719 -0.391354 -7.29078 -0.0401732 0.995744 -0.0829446 -1.444 0.389313 0.09205 0.916495 24.6297 
0.916286 0.00562281 -0.400485 -7.64776 -0.0415155 0.995849 -0.0810033 -1.52037 0.398367 0.0908486 0.912716 25.3949 
0.912421 0.00601052 -0.40921 -8.01012 -0.0426525 0.995844 -0.0804759 -1.59358 0.407025 0.0908817 0.908884 26.1429 
0.908665 0.00607564 -0.417482 -8.38693 -0.0431079 0.995916 -0.0793325 -1.66096 0.415295 0.0900835 0.905216 26.8994 
0.904807 0.00712317 -0.425763 -8.78427 -0.0443217 0.996005 -0.0775265 -1.73493 0.42351 0.0890171 0.901507 27.6772 
0.900964 0.00593873 -0.433853 -9.17573 -0.0428333 0.99624 -0.0753134 -1.8041 0.431774 0.0864381 0.897831 28.4513 
0.897218 0.00705975 -0.441531 -9.59269 -0.0427654 0.996561 -0.0709677 -1.87783 0.439512 0.0825558 0.894435 29.2436 
0.893473 0.00950518 -0.449016 -10.0144 -0.0435049 0.996906 -0.0654648 -1.94236 0.447004 0.0780255 0.891122 30.0387 
0.889734 0.00914416 -0.456388 -10.4334 -0.0415301 0.997275 -0.0609824 -2.01161 0.454586 0.073212 0.887689 30.8206 
0.886141 0.00897428 -0.463329 -10.8697 -0.040981 0.997413 -0.0590593 -2.08015 0.4616 0.0713226 0.884216 31.6126 
0.883223 0.00733249 -0.468896 -11.36 -0.0392289 0.997528 -0.0582933 -2.12524 0.467309 0.0698803 0.881328 32.4407 
0.880008 0.00780391 -0.474895 -11.8249 -0.039212 0.997645 -0.0562679 -2.18433 0.473338 0.0681378 0.878242 33.2645 
0.8772 0.00630561 -0.480084 -12.3172 -0.0372951 0.997787 -0.0550396 -2.24116 0.478674 0.0661855 0.875494 34.1098 
0.874541 0.0052687 -0.484923 -12.8001 -0.0363861 0.997835 -0.0547794 -2.30101 0.483585 0.0655514 0.872839 34.9433 
0.87266 0.00463643 -0.488306 -13.2869 -0.0362682 0.997809 -0.0553414 -2.3622 0.48698 0.0660042 0.870916 35.7575 
0.871317 0.00368888 -0.490707 -13.849 -0.0357577 0.997791 -0.0559917 -2.40449 0.489417 0.0663331 0.869524 36.6671 
0.870969 0.00415371 -0.49132 -14.3723 -0.0359706 0.99782 -0.0553299 -2.46219 0.490019 0.0658637 0.86922 37.522 
0.870763 0.00458505 -0.491682 -14.9022 -0.035526 0.99793 -0.0536102 -2.52458 0.490419 0.0641493 0.869123 38.4218 
0.870547 0.00387562 -0.49207 -15.4277 -0.0343454 0.998009 -0.0529019 -2.59042 0.490885 0.062954 0.868947 39.3016 
0.869924 0.00147368 -0.493183 -15.9619 -0.0324093 0.998005 -0.0541846 -2.6444 0.492119 0.0631203 0.868236 40.2027 
0.868932 -0.00190468 -0.494928 -16.5471 -0.0288354 0.998099 -0.0544668 -2.70419 0.494091 0.0615995 0.867225 41.1547 
0.867566 -0.00203337 -0.497318 -17.108 -0.027806 0.998229 -0.0525887 -2.76998 0.496544 0.0594526 0.865973 42.0747 
0.865584 -0.00155433 -0.500762 -17.6791 -0.0263787 0.998465 -0.0486957 -2.83363 0.500069 0.0553597 0.864214 43.0043 
0.862782 -0.00166381 -0.505573 -18.2296 -0.0241842 0.998714 -0.0445582 -2.90034 0.504997 0.050671 0.861632 43.9113 
0.858987 -0.00244048 -0.511992 -18.7812 -0.0224189 0.99885 -0.0423741 -2.96492 0.511507 0.0478772 0.857944 44.7837 
0.85388 -0.00547173 -0.520441 -19.3541 -0.0209385 0.998774 -0.0448543 -3.02357 0.520048 0.0491975 0.852719 45.684 
0.848108 -0.00861902 -0.529753 -19.9232 -0.0196921 0.998664 -0.0477743 -3.08781 0.529457 0.0509498 0.846806 46.547 
0.842131 -0.00869597 -0.539204 -20.5199 -0.0199125 0.998687 -0.0472057 -3.14658 0.538906 0.0504903 0.840851 47.4256 
0.836331 -0.0052053 -0.5482 -21.1237 -0.0212243 0.998898 -0.0418645 -3.21096 0.547814 0.0466478 0.835299 48.3079 
0.831175 -0.000795482 -0.55601 -21.7397 -0.024188 0.999001 -0.0375879 -3.26594 0.555484 0.0446909 0.830325 49.1849 
0.827244 -0.000366752 -0.561843 -22.3684 -0.0260641 0.998898 -0.0390283 -3.32285 0.561238 0.04693 0.826323 50.0553 
0.824036 -0.00234727 -0.566533 -22.9919 -0.0269262 0.998699 -0.0433026 -3.37907 0.565897 0.0509375 0.822901 50.9096 
0.821172 -0.00443304 -0.570663 -23.6341 -0.0295271 0.9983 -0.050244 -3.44314 0.569916 0.058109 0.819646 51.7621 
0.818109 -0.00579224 -0.575034 -24.2598 -0.0294145 0.998219 -0.0519034 -3.50776 0.57431 0.059377 0.816481 52.6104 
0.814686 -0.00425659 -0.579887 -24.8964 -0.0287051 0.998451 -0.0476569 -3.57508 0.579192 0.0554712 0.813302 53.4586 
0.811615 -0.00246235 -0.584188 -25.5424 -0.0271979 0.998748 -0.0419959 -3.64282 0.58356 0.0499733 0.810531 54.3074 
0.808624 -0.000585885 -0.588326 -26.1937 -0.0276963 0.998853 -0.0390619 -3.6989 0.587674 0.0478808 0.80768 55.1537 
0.805447 -0.000126374 -0.592668 -26.8542 -0.0287776 0.998812 -0.0393222 -3.75647 0.591969 0.0487276 0.804486 56.0051 
0.80196 -0.001628 -0.597376 -27.5071 -0.0284995 0.998753 -0.0409817 -3.81767 0.596698 0.0498906 0.800914 56.8463 
0.798088 -0.00441979 -0.602525 -28.1749 -0.0271846 0.998691 -0.0433339 -3.8777 0.601927 0.0509637 0.796923 57.6873 
0.79376 -0.00591281 -0.608202 -28.8533 -0.026166 0.998695 -0.0438581 -3.93295 0.607668 0.0507271 0.79257 58.5424 
0.789126 -0.00627082 -0.6142 -29.5301 -0.0254743 0.998753 -0.0429265 -3.99234 0.613703 0.0495208 0.787982 59.3881 
0.784431 -0.00551149 -0.620192 -30.227 -0.0265389 0.998746 -0.0424426 -4.04528 0.619648 0.0497525 0.783301 60.2249 
0.779155 -0.00704192 -0.626792 -30.9181 -0.0256564 0.998741 -0.0431138 -4.10984 0.626306 0.0496736 0.777993 61.0456 
0.773851 -0.00852177 -0.633311 -31.6276 -0.02488 0.998729 -0.0438401 -4.17283 0.632879 0.0496825 0.772655 61.8629 
0.768508 -0.00927621 -0.639773 -32.3402 -0.0254256 0.998662 -0.0450216 -4.23097 0.639335 0.0508662 0.767244 62.6709 
0.762868 -0.0110675 -0.64646 -33.0528 -0.0242136 0.998663 -0.045671 -4.29948 0.646101 0.0504941 0.76158 63.4885 
0.756929 -0.0127683 -0.653372 -33.7943 -0.0234616 0.998634 -0.0466957 -4.36164 0.653076 0.0506745 0.755595 64.3136 
0.750617 -0.0147459 -0.660573 -34.5402 -0.0216363 0.998666 -0.0468788 -4.42183 0.660383 0.0494804 0.749297 65.145 
0.744877 -0.0144574 -0.667045 -35.3546 -0.0211343 0.998752 -0.045247 -4.4797 0.666867 0.0478011 0.743642 65.9661 
0.738725 -0.0145864 -0.673849 -36.0857 -0.020412 0.998823 -0.0439982 -4.55677 0.673698 0.0462573 0.737558 66.7241 
0.732496 -0.016904 -0.680561 -36.8866 -0.0187276 0.998813 -0.0449656 -4.61226 0.680514 0.0456825 0.73131 67.5401 
0.726385 -0.0180739 -0.68705 -37.691 -0.0190451 0.998741 -0.046409 -4.67899 0.687024 0.0467958 0.725126 68.3438 
0.720169 -0.0172821 -0.693584 -38.4975 -0.0205884 0.998717 -0.0462626 -4.73795 0.693494 0.0475967 0.718889 69.1549 
0.715112 -0.0165782 -0.698813 -39.3198 -0.0208376 0.998769 -0.0450178 -4.80871 0.698699 0.0467544 0.713886 69.9498 
0.710299 -0.0160755 -0.703716 -40.1327 -0.0222165 0.998729 -0.0452391 -4.87229 0.703549 0.0477674 0.709039 70.736 
0.70549 -0.0170507 -0.708514 -40.9778 -0.0221979 0.998688 -0.0461371 -4.93818 0.708372 0.0482769 0.704187 71.5436 
0.700648 -0.018207 -0.713275 -41.8001 -0.0234351 0.998548 -0.0485092 -5.00944 0.713123 0.0507036 0.699203 72.3081 
0.695801 -0.0207454 -0.717935 -42.6531 -0.0229518 0.99843 -0.0510947 -5.07677 0.717868 0.0520297 0.694232 73.094 
0.690758 -0.0215882 -0.722763 -43.5116 -0.0231243 0.998383 -0.051921 -5.14279 0.722716 0.0525783 0.689143 73.8805 
0.685747 -0.0212302 -0.72753 -44.3639 -0.0226764 0.998466 -0.0505105 -5.21409 0.727486 0.0511353 0.684214 74.6603 
0.680902 -0.021264 -0.732066 -45.232 -0.0219725 0.998535 -0.0494409 -5.28761 0.732045 0.0497497 0.679437 75.4319 
0.67557 -0.022479 -0.736953 -46.1157 -0.0209012 0.99855 -0.0496186 -5.35781 0.737 0.0489241 0.67412 76.2173 
0.671181 -0.0239797 -0.740906 -47.0197 -0.0193056 0.998572 -0.049808 -5.4244 0.741042 0.0477338 0.66976 76.9862 
0.666841 -0.0242482 -0.744805 -47.9272 -0.0189623 0.998595 -0.0494881 -5.49361 0.744959 0.047124 0.665444 77.7673 
0.662945 -0.0248594 -0.748256 -48.8274 -0.0177605 0.998645 -0.0489138 -5.57535 0.748458 0.0457166 0.661605 78.5324 
0.659299 -0.0277931 -0.751367 -49.7472 -0.0149825 0.998633 -0.0500861 -5.64825 0.751732 0.0442791 0.657981 79.3073 
0.655113 -0.0320773 -0.75485 -50.6415 -0.0122404 0.998517 -0.053055 -5.72271 0.755432 0.0439968 0.653749 80.0587 
0.650422 -0.0365721 -0.758692 -51.5598 -0.0074711 0.998484 -0.054536 -5.79432 0.759536 0.0411397 0.649163 80.82 
0.643873 -0.0396155 -0.764106 -52.4687 -0.00309713 0.998516 -0.0543784 -5.87598 0.765126 0.0373794 0.642795 81.5676 
0.636051 -0.043115 -0.770442 -53.4098 0.000855794 0.998477 -0.0551697 -5.95212 0.771647 0.0344315 0.635119 82.3137 
0.627132 -0.0439607 -0.777671 -54.3697 0.00363291 0.99856 -0.0535176 -6.03035 0.778904 0.0307374 0.626389 83.0642 
0.618471 -0.0423482 -0.784666 -55.3564 0.00367656 0.998692 -0.0510012 -6.10825 0.785799 0.028658 0.617817 83.8126 
0.60968 -0.0422739 -0.79152 -56.3486 0.00333841 0.998705 -0.0507679 -6.18289 0.792641 0.0283098 0.609031 84.5396 
0.600419 -0.04364 -0.798494 -57.3399 0.00273925 0.998616 -0.0525175 -6.25898 0.799681 0.0293453 0.599708 85.2512 
0.590432 -0.0460662 -0.805772 -58.356 0.00310057 0.998492 -0.0548122 -6.33275 0.807081 0.0298646 0.589684 85.9687 
0.580964 -0.0474679 -0.812544 -59.3877 0.003313 0.998428 -0.0559582 -6.41323 0.813923 0.0298178 0.580207 86.6653 
0.570769 -0.0483573 -0.819686 -60.4242 0.00645252 0.998498 -0.0544132 -6.49335 0.821085 0.0257684 0.570223 87.3735 
0.560757 -0.048425 -0.826563 -61.4685 0.00775506 0.998552 -0.0532399 -6.57602 0.827944 0.0234447 0.56032 88.0616 
0.550103 -0.049525 -0.833627 -62.5202 0.00883314 0.998529 -0.0534927 -6.65511 0.83505 0.022063 0.549731 88.7475 
0.540473 -0.0500038 -0.839874 -63.591 0.00789286 0.99849 -0.0543681 -6.74355 0.841325 0.0227555 0.540051 89.3966 
0.5309 -0.0501589 -0.845949 -64.6819 0.00620522 0.99845 -0.055307 -6.83146 0.847412 0.0241132 0.530388 90.0384 
0.520965 -0.0511036 -0.852047 -65.7692 0.00478023 0.998365 -0.0569566 -6.91404 0.853565 0.0255995 0.520358 90.6813 
0.511374 -0.0511854 -0.857833 -66.8619 0.00420111 0.998362 -0.0570661 -6.99915 0.859348 0.0255783 0.510751 91.3115 
0.502376 -0.0491957 -0.863249 -67.9735 0.0034992 0.998488 -0.0548665 -7.08571 0.864642 0.024543 0.501789 91.9386 
0.494279 -0.0476853 -0.867995 -69.0859 0.00425556 0.998615 -0.0524379 -7.17279 0.869293 0.0222252 0.493797 92.5496 
0.486459 -0.0483053 -0.872367 -70.205 0.00469061 0.9986 -0.0526796 -7.25156 0.873691 0.0215346 0.486004 93.1493 
0.479332 -0.0512552 -0.876136 -71.3066 0.00638777 0.998471 -0.0549173 -7.33468 0.877611 0.0207271 0.478926 93.7138 
0.472279 -0.0548459 -0.879741 -72.4532 0.00888961 0.998308 -0.0574655 -7.41645 0.881404 0.0193193 0.471968 94.318 
0.465948 -0.0576944 -0.882929 -73.5865 0.0101871 0.998156 -0.0598478 -7.5046 0.884754 0.0188915 0.465676 94.8926 
0.461034 -0.0612107 -0.885269 -74.7271 0.0120753 0.997959 -0.0627138 -7.60141 0.8873 0.0182234 0.460832 95.4532 
0.456099 -0.0624481 -0.887735 -75.8818 0.0154155 0.99794 -0.0622803 -7.69736 0.889795 0.0147212 0.456122 96.0347 
0.451572 -0.059883 -0.890223 -77.0154 0.0172 0.998144 -0.0584178 -7.79331 0.892069 0.0110681 0.451764 96.6006 
0.447466 -0.058198 -0.892405 -78.1633 0.0204499 0.998285 -0.0548491 -7.88137 0.894067 0.00629361 0.447889 97.1617 
0.443751 -0.0576941 -0.894291 -79.2925 0.0220986 0.998327 -0.0534405 -7.97238 0.895877 0.00395174 0.444284 97.7076 
0.440652 -0.0578941 -0.895809 -80.4247 0.0236705 0.998321 -0.0528756 -8.05261 0.897366 0.00209552 0.441283 98.2519 
0.43792 -0.0574318 -0.897178 -81.5545 0.0261919 0.998349 -0.0511237 -8.13789 0.898632 -0.00111062 0.438701 98.7932 
0.435055 -0.0570079 -0.898597 -82.6881 0.0286998 0.998365 -0.0494423 -8.21973 0.899946 -0.00427939 0.43598 99.3344 
0.432461 -0.0580093 -0.899785 -83.8127 0.0315029 0.998291 -0.0492189 -8.30464 0.901102 -0.00706049 0.433549 99.8675 
0.430055 -0.0585884 -0.9009 -84.9479 0.0337407 0.998238 -0.0488121 -8.37896 0.902172 -0.00940502 0.431274 100.389 
0.428347 -0.0582132 -0.901737 -86.0734 0.0374423 0.998209 -0.0466551 -8.45374 0.902838 -0.0137785 0.42976 100.899 
0.425748 -0.0578864 -0.902989 -87.1652 0.0400191 0.99818 -0.0451202 -8.52942 0.903957 -0.0169269 0.427289 101.407 
0.424161 -0.0591678 -0.903652 -88.2708 0.0423387 0.998068 -0.0454766 -8.60498 0.904597 -0.01897 0.425846 101.908 
0.422983 -0.0609653 -0.904084 -89.3501 0.0438076 0.997943 -0.0467988 -8.67296 0.905078 -0.0198106 0.424784 102.4 
0.422367 -0.0625999 -0.904261 -90.4451 0.0447075 0.997837 -0.0481958 -8.75191 0.905322 -0.0200708 0.424252 102.896 
0.422458 -0.0635492 -0.904152 -91.517 0.0436887 0.997807 -0.0497187 -8.82175 0.905329 -0.0184971 0.424308 103.384 
0.424295 -0.0632725 -0.903311 -92.5549 0.0417588 0.997862 -0.0502808 -8.90014 0.904561 -0.0163872 0.42603 103.861 
0.428656 -0.0634257 -0.901239 -93.5987 0.0388953 0.997903 -0.0517289 -8.97327 0.90263 -0.01288 0.430224 104.331 
0.434104 -0.0642254 -0.898571 -94.6319 0.0380674 0.997872 -0.0529325 -9.05206 0.900058 -0.011228 0.435625 104.799 
0.439506 -0.064278 -0.895937 -95.6452 0.0376981 0.997877 -0.0530986 -9.13015 0.897448 -0.0104379 0.440996 105.282 
0.445988 -0.0626617 -0.892843 -96.6403 0.0369599 0.997985 -0.0515788 -9.21557 0.894275 -0.00999584 0.447406 105.767 
0.453828 -0.0613542 -0.888974 -97.6326 0.0351132 0.998083 -0.050959 -9.28916 0.890397 -0.00808806 0.455113 106.258 
0.462387 -0.0611611 -0.884566 -98.6264 0.0348168 0.998101 -0.0508115 -9.35946 0.885994 -0.00730313 0.463639 106.759 
0.47151 -0.0609833 -0.87975 -99.6115 0.034564 0.998118 -0.0506635 -9.4345 0.881183 -0.0065193 0.47273 107.272 
0.481286 -0.061733 -0.874387 -100.58 0.0339093 0.998082 -0.0518014 -9.51172 0.875907 -0.00471849 0.482456 107.786 
0.490684 -0.0629286 -0.869063 -101.529 0.0323284 0.998017 -0.0540131 -9.59365 0.870738 -0.00159204 0.491745 108.321 
0.502196 -0.0638886 -0.86239 -102.486 0.0305258 0.997955 -0.0561556 -9.66819 0.864215 0.00187607 0.50312 108.85 
0.514249 -0.0625704 -0.855356 -103.446 0.0287258 0.998032 -0.0557372 -9.73903 0.85716 0.00409206 0.515034 109.408 
0.526808 -0.059846 -0.847875 -104.382 0.0269358 0.998193 -0.0537201 -9.817 0.849558 0.00546202 0.527468 109.967 
0.538802 -0.0578114 -0.840447 -105.303 0.0267966 0.998314 -0.0514915 -9.89201 0.842006 0.00522266 0.539443 110.537 
0.549919 -0.057901 -0.833208 -106.214 0.0273929 0.998308 -0.0512946 -9.96028 0.834768 0.00538395 0.550575 111.133 
0.561509 -0.0581184 -0.825427 -107.107 0.0273742 0.998289 -0.0516679 -10.0374 0.827018 0.00641663 0.56214 111.713 
0.572877 -0.059072 -0.81751 -107.986 0.0271962 0.99822 -0.0530719 -10.1077 0.81919 0.00817056 0.573464 112.3 
0.583568 -0.060472 -0.80981 -108.841 0.0295823 0.998145 -0.0532181 -10.1874 0.811525 0.00710042 0.584274 112.906 
0.593946 -0.0604007 -0.802234 -109.681 0.0300599 0.998148 -0.0528959 -10.2612 0.803943 0.00730227 0.594661 113.52 
0.604321 -0.0580052 -0.794626 -110.512 0.0290058 0.998287 -0.0508126 -10.3336 0.796212 0.00765847 0.604969 114.14 
0.614199 -0.0554439 -0.787201 -111.342 0.0295376 0.998445 -0.0472761 -10.4051 0.788598 0.00578502 0.614882 114.769 
0.623897 -0.0532001 -0.779694 -112.147 0.0276534 0.998558 -0.046006 -10.4713 0.781017 0.00714186 0.624469 115.403 
0.633434 -0.0526774 -0.772002 -112.93 0.0255877 0.99856 -0.0471416 -10.5403 0.773374 0.0101074 0.63387 116.035 
0.642695 -0.0526029 -0.764314 -113.708 0.0242099 0.998536 -0.0483653 -10.6059 0.76574 0.0125802 0.643028 116.668 
0.651478 -0.0526474 -0.756839 -114.458 0.024499 0.998529 -0.0483715 -10.6662 0.758272 0.0129712 0.651809 117.304 
0.660568 -0.0508737 -0.749041 -115.208 0.0249319 0.998638 -0.0458389 -10.7384 0.750352 0.0116047 0.660937 117.947 
0.668975 -0.0481276 -0.741725 -115.934 0.0242935 0.998784 -0.0428964 -10.8072 0.742888 0.0106776 0.669331 118.586 
0.676854 -0.0477723 -0.734566 -116.638 0.0251105 0.99881 -0.0418197 -10.8699 0.735689 0.00986057 0.677248 119.221 
0.683865 -0.0478053 -0.728041 -117.352 0.0245551 0.998794 -0.0425186 -10.9196 0.729195 0.0112 0.684214 119.897 
0.690864 -0.0467814 -0.72147 -118.041 0.0241369 0.998841 -0.0416536 -10.9781 0.722582 0.011363 0.691192 120.549 
0.697712 -0.0447059 -0.714982 -118.741 0.0237813 0.998946 -0.0392546 -11.0277 0.715983 0.0103852 0.69804 121.223 
0.70483 -0.0420444 -0.708129 -119.417 0.0231733 0.999074 -0.0362536 -11.0818 0.708998 0.00914292 0.705151 121.879 
0.711829 -0.040996 -0.701155 -120.066 0.0225931 0.999115 -0.0354805 -11.1261 0.701989 0.00941491 0.712126 122.542 
0.719102 -0.0401899 -0.693742 -120.702 0.0219192 0.999141 -0.035162 -11.1743 0.694559 0.0100788 0.719365 123.195 
0.726799 -0.0372838 -0.685838 -121.328 0.019236 0.999239 -0.0339362 -11.2196 0.686581 0.0114721 0.726963 123.848 
0.735691 -0.0351021 -0.676407 -121.941 0.0190645 0.999334 -0.0311249 -11.2662 0.677049 0.010003 0.73587 124.504 
0.74506 -0.0311726 -0.666269 -122.535 0.0170284 0.999471 -0.02772 -11.3082 0.666781 0.00930761 0.745196 125.162 
0.755155 -0.0289409 -0.654908 -123.113 0.0152543 0.99953 -0.0265808 -11.3502 0.655369 0.0100825 0.755241 125.803 
0.764839 -0.0286249 -0.643586 -123.689 0.0141645 0.999518 -0.0276226 -11.3813 0.644066 0.0120108 0.764876 126.506 
0.774739 -0.0297167 -0.631583 -124.261 0.0142966 0.999463 -0.0294888 -11.4222 0.63212 0.0138167 0.774747 127.19 
0.784496 -0.0289132 -0.619459 -124.794 0.0140063 0.999484 -0.028913 -11.4622 0.619976 0.0140058 0.784496 127.866 
0.794607 -0.0277094 -0.606492 -125.319 0.0140408 0.99953 -0.0272707 -11.494 0.606962 0.0131539 0.794622 128.54 
0.804513 -0.0252723 -0.593397 -125.817 0.0137067 0.999618 -0.0239897 -11.5383 0.593777 0.0111666 0.804552 129.223 
0.813998 -0.0238285 -0.580378 -126.313 0.0139938 0.999673 -0.0214167 -11.576 0.580699 0.00931155 0.814065 129.924 
0.823071 -0.0223194 -0.567501 -126.823 0.0144296 0.999727 -0.0183908 -11.6102 0.567756 0.00694816 0.823168 130.637 
0.831154 -0.0215996 -0.555623 -127.295 0.0151193 0.999754 -0.0162482 -11.6362 0.555837 0.00510418 0.831276 131.324 
0.838379 -0.0221024 -0.54464 -127.746 0.0168955 0.999751 -0.014564 -11.6641 0.544827 0.00300826 0.838543 132.018 
0.844908 -0.0217929 -0.534467 -128.193 0.0169093 0.999759 -0.0140343 -11.6939 0.534644 0.00282029 0.845073 132.717 
0.851559 -0.0208114 -0.523845 -128.639 0.0159104 0.999777 -0.0138555 -11.7165 0.524017 0.00346426 0.851701 133.432 
0.858164 -0.0193573 -0.513011 -129.094 0.0148689 0.999807 -0.0128529 -11.7383 0.513161 0.00340204 0.858286 134.166 
0.86435 -0.0183818 -0.502555 -129.532 0.0141312 0.999825 -0.012266 -11.7633 0.502692 0.00350047 0.864458 134.905 
0.870046 -0.0188911 -0.492608 -129.938 0.0148519 0.999816 -0.0121106 -11.7843 0.492746 0.00322069 0.870167 135.638 
0.875046 -0.0203772 -0.48361 -130.364 0.0160412 0.999786 -0.0131017 -11.8061 0.483774 0.00370699 0.875185 136.4 
0.879364 -0.0210334 -0.475686 -130.788 0.0165778 0.999771 -0.0135608 -11.8264 0.475862 0.00403913 0.879511 137.169 
0.882642 -0.0200962 -0.469615 -131.183 0.0160297 0.999791 -0.0126562 -11.85 0.469772 0.00364318 0.88278 137.921 
0.885557 -0.0179993 -0.464181 -131.597 0.0154423 0.999837 -0.00930973 -11.8663 0.464273 0.00107635 0.885691 138.709 
0.88879 -0.0138391 -0.458105 -132.026 0.0130364 0.999903 -0.00491418 -11.8835 0.458129 -0.0016043 0.888885 139.505 
0.89223 -0.0113996 -0.451438 -132.451 0.0116236 0.99993 -0.00227705 -11.8992 0.451432 -0.00321563 0.8923 140.312 
0.895424 -0.00835178 -0.445136 -132.877 0.0094146 0.999956 0.000176623 -11.9144 0.445114 -0.00434888 0.895463 141.148 
0.89872 -0.00690724 -0.438469 -133.309 0.00883518 0.999958 0.00235677 -11.9186 0.438435 -0.00599198 0.898743 141.997 
0.902039 -0.00502713 -0.431625 -133.73 0.00809442 0.999953 0.00526973 -11.9283 0.431579 -0.00824721 0.902038 142.847 
0.905256 -0.0049628 -0.424837 -134.119 0.00900851 0.999931 0.00751468 -11.9392 0.424771 -0.0106298 0.905239 143.698 
0.908813 -0.00529876 -0.41717 -134.532 0.00976927 0.999915 0.00858187 -11.9394 0.41709 -0.0118747 0.908788 144.586 
0.912581 -0.00636303 -0.408847 -134.95 0.0107744 0.999906 0.00848743 -11.9317 0.408755 -0.0121505 0.912563 145.485 
0.916405 -0.00906047 -0.400151 -135.345 0.0133532 0.999879 0.00794092 -11.9312 0.40003 -0.0126204 0.916415 146.407 
0.920415 -0.0107974 -0.390793 -135.771 0.014611 0.99987 0.00678658 -11.9339 0.390669 -0.0119563 0.920454 147.361 
0.92489 -0.0115789 -0.380058 -136.16 0.0145756 0.999881 0.00500776 -11.945 0.379954 -0.0101711 0.924949 148.297 
0.930148 -0.00985207 -0.367052 -136.569 0.0123565 0.999914 0.00447373 -11.9544 0.366976 -0.00869664 0.93019 149.281 
0.93619 -0.00639939 -0.351435 -136.949 0.00899812 0.999943 0.00576179 -11.9576 0.351378 -0.00855633 0.936195 150.27 
0.942697 -0.0029482 -0.333638 -137.271 0.00628177 0.999941 0.0089131 -11.9551 0.333591 -0.0104981 0.942659 151.202 
0.949423 -0.000206442 -0.314001 -137.646 0.00364943 0.99994 0.010377 -11.9511 0.31398 -0.010998 0.949366 152.271 
0.956129 0.00143895 -0.292942 -137.983 0.00199463 0.999933 0.0114218 -11.9579 0.292939 -0.011505 0.956062 153.298 
0.962364 0.00273105 -0.271749 -138.29 0.000867215 0.999914 0.01312 -11.9598 0.271761 -0.0128619 0.962279 154.359 
0.968123 0.00373815 -0.250446 -138.581 0.000283801 0.999872 0.016021 -11.9512 0.250474 -0.0155813 0.967998 155.446 
0.973474 0.00622527 -0.228714 -138.857 -0.00172593 0.999801 0.019867 -11.9508 0.228792 -0.0189452 0.973291 156.576 
0.978355 0.00848636 -0.206758 -139.123 -0.00356787 0.999702 0.0241497 -11.9383 0.206902 -0.0228892 0.978094 157.702 
0.982833 0.0104577 -0.184202 -139.38 -0.00545144 0.999602 0.0276635 -11.9214 0.184418 -0.0261843 0.982499 158.884 
0.986577 0.0118874 -0.162866 -139.561 -0.00750426 0.999594 0.0275013 -11.8986 0.163127 -0.0259099 0.986265 159.998 
0.989831 0.0106699 -0.141847 -139.714 -0.0070848 0.999643 0.0257555 -11.8951 0.142071 -0.0244886 0.989554 161.112 
0.992581 0.0109053 -0.121092 -139.875 -0.0079209 0.999654 0.0250998 -11.8781 0.121324 -0.0239543 0.992324 162.297 
0.994842 0.00996063 -0.100942 -140.012 -0.00722078 0.999597 0.0274716 -11.8699 0.101175 -0.026601 0.994513 163.471 
0.996615 0.0103689 -0.081552 -140.096 -0.00800237 0.999539 0.0292919 -11.8626 0.0818181 -0.0285401 0.996239 164.691 
0.998002 0.0110784 -0.0622027 -140.148 -0.00918266 0.999487 0.0306795 -11.8539 0.0625107 -0.030047 0.997592 165.898 
0.999033 0.0127564 -0.0420842 -140.216 -0.0114303 0.999435 0.0316022 -11.8439 0.0424635 -0.0310906 0.998614 167.188 
0.999677 0.0128957 -0.0218836 -140.254 -0.0121829 0.999401 0.0323938 -11.8214 0.0222882 -0.0321167 0.999236 168.417 
0.99988 0.0153423 -0.00200914 -140.249 -0.0152693 0.99936 0.0323547 -11.8164 0.00250421 -0.0323201 0.999474 169.697 
0.999711 0.0162747 0.0176954 -140.238 -0.0168254 0.999364 0.031434 -11.7944 -0.0171726 -0.0317226 0.999349 171.022 
0.999174 0.0164893 0.0371438 -140.206 -0.0175901 0.99941 0.0295072 -11.7855 -0.0366354 -0.0301361 0.998874 172.339 
0.998285 0.0183373 0.0555935 -140.123 -0.0198719 0.999433 0.0271775 -11.7718 -0.0550637 -0.0282356 0.998084 173.692 
0.997049 0.0183849 0.0745379 -140.05 -0.0203511 0.999462 0.0257057 -11.7571 -0.0740253 -0.0271467 0.996887 175.029 
0.995494 0.0184367 0.0930109 -139.931 -0.0206535 0.999524 0.022928 -11.7443 -0.092544 -0.0247456 0.995401 176.396 
0.993556 0.0194721 0.111655 -139.794 -0.0216036 0.999606 0.0179123 -11.7462 -0.111263 -0.020209 0.993586 177.807 
0.991351 0.0214767 0.129472 -139.644 -0.0231699 0.999664 0.0115859 -11.7506 -0.129179 -0.0144855 0.991515 179.165 
0.988875 0.0229385 0.146971 -139.473 -0.0241956 0.999684 0.00677141 -11.7557 -0.146769 -0.0102521 0.989118 180.502 
0.98606 0.0254135 0.164435 -139.266 -0.0262806 0.99965 0.00309945 -11.7797 -0.164299 -0.00737766 0.986383 181.878 
0.982899 0.027454 0.182088 -139.047 -0.0279989 0.999608 0.000422068 -11.7945 -0.182005 -0.00551308 0.983282 183.271 
0.979522 0.0269353 0.199526 -138.748 -0.0277062 0.999616 0.00107248 -11.8405 -0.19942 -0.00657859 0.979892 184.778 
0.975927 0.0258395 0.216559 -138.457 -0.0266448 0.999645 0.000798999 -11.873 -0.216462 -0.0065499 0.976269 186.217 
0.972071 0.0254698 0.233302 -138.137 -0.0251834 0.999674 -0.00420673 -11.9038 -0.233333 -0.00178605 0.972395 187.624 
0.968268 0.0265263 0.248501 -137.777 -0.0253814 0.999647 -0.00781018 -11.9603 -0.248621 0.00125508 0.9686 188.956 
0.963924 0.0287467 0.26462 -137.419 -0.0277346 0.999587 -0.00756072 -11.9947 -0.264728 -5.11234e-05 0.964323 190.331 
0.959189 0.031303 0.281027 -136.909 -0.0302607 0.99951 -0.00804881 -12.0318 -0.281141 -0.0007837 0.959666 191.739 
0.95394 0.0346347 0.297991 -136.487 -0.0328651 0.9994 -0.0109484 -12.0592 -0.298192 0.000650604 0.954506 193.138 
0.948461 0.0350674 0.314948 -135.981 -0.0319665 0.999376 -0.0150073 -12.0941 -0.315277 0.00416604 0.94899 194.673 
0.942613 0.0361279 0.331926 -135.441 -0.0323164 0.999333 -0.0169974 -12.1569 -0.332319 0.00529542 0.943152 196.189 
0.936155 0.0366265 0.349675 -134.945 -0.0309061 0.999282 -0.0219267 -12.2258 -0.350227 0.00971976 0.936614 197.708 
0.928316 0.0396524 0.369671 -134.44 -0.0316915 0.999117 -0.0275855 -12.3109 -0.370438 0.0138927 0.928753 199.244 
0.919207 0.0435599 0.391359 -133.874 -0.0340923 0.998934 -0.031111 -12.3663 -0.392297 0.0152552 0.919712 200.688 
0.908435 0.0465702 0.415425 -133.211 -0.0365393 0.998818 -0.0320673 -12.4676 -0.416427 0.0139518 0.909062 202.267 
0.896079 0.0514349 0.440905 -132.563 -0.0403295 0.99859 -0.0345288 -12.5718 -0.442059 0.0131591 0.896889 203.722 
0.882901 0.055846 0.466227 -131.843 -0.0431271 0.99835 -0.0379146 -12.6555 -0.467575 0.0133679 0.883853 205.214 
0.868987 0.0597453 0.491215 -131.073 -0.0454717 0.998126 -0.0409576 -12.7566 -0.492741 0.0132553 0.870075 206.706 
0.85484 0.0607435 0.515324 -130.294 -0.0448488 0.998057 -0.0432482 -12.852 -0.516949 0.0138587 0.855904 208.132 
0.84 0.0626382 0.538959 -129.458 -0.0451042 0.997937 -0.0456833 -12.943 -0.540709 0.0140647 0.841092 209.551 
0.824612 0.0646757 0.561989 -128.579 -0.0438559 0.997762 -0.0504756 -13.0581 -0.563996 0.0169763 0.825603 210.933 
0.808399 0.0666119 0.584854 -127.703 -0.0420968 0.997575 -0.0554315 -13.1927 -0.587128 0.0201903 0.809242 212.357 
0.793717 0.0678723 0.604489 -126.79 -0.0408355 0.997459 -0.0583766 -13.3232 -0.606915 0.0216499 0.794472 213.554 
0.778447 0.0693541 0.623867 -125.85 -0.039584 0.997323 -0.0614784 -13.4449 -0.626461 0.0231626 0.779109 214.827 
0.764061 0.0690451 0.641438 -124.828 -0.0377607 0.997338 -0.0623751 -13.6094 -0.644038 0.0234372 0.764635 216.049 
0.749576 0.0698507 0.658222 -123.841 -0.0366796 0.997272 -0.0640604 -13.7281 -0.660901 0.0238748 0.750093 217.234 
0.735411 0.0699661 0.674 -122.786 -0.0339182 0.997209 -0.0665089 -13.8593 -0.676772 0.0260506 0.735731 218.429 
0.721139 0.0716928 0.689071 -121.7 -0.0323737 0.997032 -0.0698535 -13.9941 -0.692033 0.0280663 0.72132 219.622 
0.707003 0.0733025 0.703402 -120.618 -0.0296739 0.996813 -0.0740534 -14.1386 -0.706588 0.0314833 0.706924 220.759 
0.692944 0.0748209 0.717098 -119.492 -0.0285042 0.996666 -0.0764465 -14.2911 -0.720427 0.0325329 0.692767 221.864 
0.678364 0.0759865 0.730786 -118.351 -0.0286814 0.996618 -0.0770034 -14.4512 -0.734166 0.0312764 0.678249 222.943 
0.66263 0.0773476 0.744942 -117.191 -0.0295839 0.99658 -0.0771601 -14.5992 -0.748362 0.0290904 0.662652 224.024 
0.646236 0.0781062 0.75913 -116.031 -0.0312946 0.996624 -0.0759011 -14.7422 -0.762495 0.0252934 0.646499 225.066 
0.629266 0.0789609 0.773168 -114.852 -0.0334486 0.996655 -0.0745616 -14.8774 -0.77647 0.0210577 0.629803 226.074 
0.612261 0.0807064 0.786526 -113.645 -0.0364933 0.996601 -0.0738547 -15.0309 -0.789813 0.0165155 0.613125 227.056 
0.594847 0.0838074 0.799458 -112.438 -0.0375299 0.996361 -0.0765241 -15.1771 -0.802962 0.0155166 0.595828 228.015 
0.577744 0.0870505 0.811563 -111.221 -0.0394367 0.996112 -0.0787711 -15.3259 -0.815265 0.0135041 0.578931 228.918 
0.559549 0.0870652 0.824211 -109.992 -0.039724 0.996141 -0.0782587 -15.4764 -0.827845 0.0110486 0.560849 229.792 
0.539627 0.0860803 0.837492 -108.763 -0.0405305 0.996262 -0.0762839 -15.6177 -0.840928 0.00722087 0.541099 230.629 
0.518643 0.0846108 0.850794 -107.512 -0.0411901 0.996409 -0.0739825 -15.7615 -0.853998 0.00332627 0.520266 231.459 
0.497399 0.0833085 0.863513 -106.266 -0.0416519 0.996524 -0.0721487 -15.8841 -0.866522 -8.02453e-05 0.499139 232.242 
0.476721 0.0824486 0.87518 -104.959 -0.0412945 0.996593 -0.0713931 -16.026 -0.878084 -0.00210551 0.478501 233.022 
0.45576 0.0823044 0.886289 -103.712 -0.0413889 0.996598 -0.0712646 -16.1615 -0.88914 -0.00420297 0.457616 233.709 
0.435416 0.0811338 0.896566 -102.439 -0.0388528 0.996696 -0.0713261 -16.2983 -0.89939 -0.00377754 0.43713 234.372 
0.415507 0.0810264 0.905974 -101.135 -0.0360882 0.996709 -0.0725902 -16.4333 -0.908874 -0.00253321 0.417064 234.999 
0.3952 0.0798288 0.91512 -99.8324 -0.0325059 0.996808 -0.0729168 -16.5829 -0.91802 -0.000930083 0.396533 235.612 
0.374766 0.077922 0.923839 -98.5062 -0.03111 0.996958 -0.071469 -16.723 -0.926598 -0.00195653 0.37605 236.184 
0.354464 0.0777234 0.931834 -97.184 -0.0304387 0.996971 -0.0715776 -16.8585 -0.934574 -0.00299206 0.355756 236.728 
0.334867 0.0824109 0.938655 -95.8432 -0.0311902 0.996592 -0.0763704 -17.0038 -0.941749 -0.00370287 0.336296 237.248 
0.315822 0.0914402 0.944402 -94.5332 -0.0322891 0.995805 -0.0856192 -17.1425 -0.948269 -0.00345352 0.317449 237.722 
0.296683 0.0991974 0.94981 -93.2351 -0.034623 0.995054 -0.0931078 -17.2905 -0.954348 -0.00526181 0.29865 238.167 
0.276905 0.103225 0.955337 -91.9133 -0.0374169 0.994617 -0.0966244 -17.4495 -0.960169 -0.00899003 0.279277 238.6 
0.257363 0.104379 0.960661 -90.6351 -0.0399706 0.994448 -0.0973418 -17.6059 -0.965488 -0.0133461 0.260106 238.987 
0.237346 0.104845 0.965751 -89.3603 -0.0443085 0.994292 -0.0970539 -17.7557 -0.970414 -0.0197556 0.240636 239.354 
0.218025 0.1051 0.970268 -88.0704 -0.0459562 0.994187 -0.0973644 -17.9057 -0.974861 -0.0233619 0.221587 239.698 
0.199019 0.103222 0.974544 -86.8317 -0.0460086 0.994325 -0.095921 -18.0718 -0.978915 -0.0257473 0.202639 240 
0.1804 0.103208 0.978164 -85.5833 -0.046371 0.994266 -0.0963551 -18.215 -0.9825 -0.0279759 0.184152 240.268 
0.162359 0.103832 0.981254 -84.3672 -0.0457911 0.99417 -0.0976225 -18.3572 -0.985669 -0.0290828 0.166167 240.499 
0.143312 0.107386 0.983834 -83.135 -0.0496776 0.993623 -0.101218 -18.4975 -0.98843 -0.0343688 0.147733 240.72 
0.125008 0.10897 0.986153 -81.8988 -0.0501109 0.993375 -0.103416 -18.6499 -0.99089 -0.0364893 0.12964 240.915 
0.108167 0.105691 0.988499 -80.6235 -0.0503969 0.993637 -0.100726 -18.8203 -0.992855 -0.0389221 0.112805 241.083 
0.0925852 0.101295 0.990539 -79.3929 -0.0481972 0.994102 -0.0971547 -18.9605 -0.994538 -0.0387461 0.0969212 241.228 
0.0784819 0.0970857 0.992177 -78.2017 -0.0478601 0.994466 -0.0935239 -19.0999 -0.995766 -0.0401457 0.0826941 241.355 
0.06536 0.0936246 0.99346 -77.017 -0.0457743 0.994822 -0.0907414 -19.234 -0.996811 -0.0395441 0.0693071 241.473 
0.0549638 0.0936524 0.994087 -75.8468 -0.0455335 0.994791 -0.0912011 -19.3663 -0.99745 -0.0402515 0.0589419 241.564 
0.0458675 0.0960943 0.994315 -74.6818 -0.0460256 0.994509 -0.0939899 -19.4951 -0.997887 -0.0414528 0.0500385 241.654 
0.0389979 0.097626 0.994459 -73.5447 -0.0473997 0.994276 -0.0957493 -19.6266 -0.998114 -0.043403 0.0434021 241.729 
0.0328502 0.102076 0.994234 -72.4132 -0.0479325 0.993787 -0.100446 -19.7545 -0.99831 -0.0443564 0.0375389 241.8 
0.027244 0.11047 0.993506 -71.3106 -0.0471119 0.992912 -0.109112 -19.8928 -0.998518 -0.0438334 0.0322553 241.862 
0.0224987 0.113387 0.993296 -70.2086 -0.0491737 0.992471 -0.112179 -20.0199 -0.998537 -0.0463202 0.027905 241.916 
0.0189589 0.104644 0.994329 -69.1029 -0.0479887 0.993457 -0.103637 -20.1588 -0.998668 -0.0457518 0.0238565 241.958 
0.0165703 0.094926 0.995346 -67.9972 -0.0470349 0.994455 -0.0940579 -20.2862 -0.998756 -0.0452574 0.0209433 242.001 
0.0153275 0.0913187 0.995704 -66.9075 -0.0463664 0.994814 -0.0905234 -20.4039 -0.998807 -0.0447797 0.0194822 242.04 
0.0151186 0.0933739 0.995516 -65.8341 -0.0473431 0.99458 -0.0925671 -20.5199 -0.998764 -0.0457313 0.0194572 242.087 
0.0154396 0.0962469 0.995238 -64.7689 -0.046631 0.994343 -0.0954369 -20.6402 -0.998793 -0.0449354 0.0198404 242.129 
0.0169686 0.0986272 0.99498 -63.7202 -0.0492748 0.993996 -0.0976894 -20.7613 -0.998641 -0.0473698 0.0217265 242.176 
0.0181869 0.0998358 0.994838 -62.6585 -0.0515336 0.993773 -0.0987868 -20.8719 -0.998506 -0.0494709 0.0232186 242.241 
0.0218253 0.101575 0.994589 -61.6182 -0.0525271 0.993568 -0.100318 -20.9898 -0.998381 -0.0500533 0.0270203 242.276 
0.0252192 0.102943 0.994368 -60.581 -0.054669 0.993337 -0.10145 -21.1028 -0.998186 -0.0518026 0.0306789 242.342 
0.0293834 0.103971 0.994146 -59.5685 -0.0555561 0.993208 -0.10223 -21.2151 -0.998023 -0.052227 0.0349601 242.412 
0.035203 0.102965 0.994062 -58.5703 -0.056464 0.993294 -0.100886 -21.3302 -0.997784 -0.0525772 0.0407808 242.48 
0.0417187 0.101537 0.993957 -57.5422 -0.0552431 0.993535 -0.0991749 -21.4493 -0.997601 -0.0507718 0.0470582 242.556 
0.0485447 0.10081 0.993721 -56.5522 -0.0535616 0.993725 -0.0981943 -21.5617 -0.997384 -0.0484585 0.0536397 242.628 
0.0550561 0.101805 0.99328 -55.5638 -0.0526768 0.993699 -0.0989278 -21.6705 -0.997093 -0.0468762 0.0600719 242.725 
0.0616933 0.101597 0.992911 -54.5789 -0.0528667 0.993742 -0.098397 -21.7822 -0.996694 -0.0464215 0.0666783 242.817 
0.0682959 0.100353 0.992605 -53.5966 -0.0538309 0.99385 -0.0967746 -21.8908 -0.996212 -0.0468235 0.0732779 242.912 
0.0745991 0.0979265 0.992394 -52.6098 -0.0541328 0.994097 -0.0940254 -22.0038 -0.995743 -0.0467068 0.0794597 243.025 
0.0806638 0.0966956 0.99204 -51.6376 -0.0547884 0.994209 -0.0924521 -22.1076 -0.995234 -0.0468948 0.0854945 243.14 
0.0872658 0.0972765 0.991424 -50.6521 -0.0549667 0.994175 -0.0927082 -22.2135 -0.994668 -0.046405 0.0921044 243.254 
0.0940095 0.0994497 0.990592 -49.681 -0.0546942 0.994012 -0.0946024 -22.3204 -0.994068 -0.0452861 0.0988859 243.366 
0.100209 0.100965 0.98983 -48.7151 -0.0546639 0.993894 -0.0958455 -22.425 -0.993464 -0.0445034 0.105116 243.492 
0.10645 0.102945 0.988975 -47.7384 -0.0565782 0.993642 -0.0973412 -22.5294 -0.992707 -0.0455924 0.111598 243.625 
0.112434 0.103533 0.988251 -46.7816 -0.058714 0.993512 -0.0974045 -22.6346 -0.991923 -0.0470726 0.117783 243.77 
0.118886 0.103137 0.987537 -45.8135 -0.0591633 0.993559 -0.0966433 -22.7405 -0.991144 -0.0469364 0.124222 243.92 
0.124944 0.101087 0.987001 -44.8502 -0.0600508 0.993743 -0.094176 -22.8417 -0.990345 -0.0475035 0.130232 244.068 
0.131284 0.0993431 0.986355 -43.8961 -0.0599907 0.993939 -0.0921221 -22.9478 -0.989528 -0.0470779 0.136448 244.221 
0.137637 0.0987842 0.985544 -42.9522 -0.0594526 0.994044 -0.0913332 -23.042 -0.988697 -0.0460223 0.14269 244.378 
0.14419 0.0998093 0.984504 -42.0111 -0.0595048 0.993974 -0.0920544 -23.143 -0.987759 -0.0453093 0.149261 244.554 
0.151232 0.10007 0.98342 -41.0755 -0.0576331 0.994063 -0.0922901 -23.242 -0.986817 -0.0427203 0.156102 244.722 
