1 2.12261e-08 -2.11895e-08 0 2.12261e-08 1 2.10703e-08 0 -2.11895e-08 2.10703e-08 1 0 
0.999871 0.00158344 0.0159686 0.00122881 -0.00156894 0.999998 -0.000917969 -0.00194886 -0.01597 0.000892839 0.999872 0.120546 
0.999295 0.00422822 0.0372929 0.0182621 -0.00420792 0.999991 -0.000621591 -0.00242099 -0.0372952 0.000464268 0.999304 0.260963 
0.997892 0.00591931 0.0646256 0.0475137 -0.00598266 0.999982 0.000787521 -0.00621292 -0.0646198 -0.00117245 0.997909 0.418057 
0.995132 0.00537379 0.0984046 0.101298 -0.00570316 0.999979 0.00306653 -0.0110524 -0.0983861 -0.00361278 0.995142 0.57438 
0.990575 0.00240796 0.136953 0.156572 -0.0031295 0.999982 0.00505376 -0.0087189 -0.136939 -0.00543469 0.990565 0.745863 
0.98431 -0.000420119 0.176448 0.238511 -0.000539662 0.999985 0.0053917 -0.00648968 -0.176447 -0.00540229 0.984295 0.926653 
0.975484 -0.000449791 0.220069 0.328352 -0.00102035 0.999978 0.00656688 -0.0041988 -0.220067 -0.0066304 0.975462 1.11425 
0.963411 -1.48382e-05 0.26803 0.433523 -0.00257531 0.999953 0.00931227 -0.00163152 -0.268017 -0.00966176 0.963366 1.31192 
0.948866 -0.0040468 0.315653 0.557921 -0.00120504 0.999864 0.0164412 -0.00432252 -0.315676 -0.0159809 0.948732 1.52079 
0.931754 -0.0139255 0.362823 0.651024 0.0053 0.999679 0.0247581 -0.0221515 -0.363051 -0.0211455 0.931529 1.67354 
0.910307 -0.0196116 0.413468 0.788415 0.00820613 0.999536 0.0293432 -0.0257586 -0.413852 -0.0233183 0.910046 1.86226 
0.884666 -0.0207651 0.465763 0.930254 0.00596233 0.99943 0.0332328 -0.0262665 -0.466187 -0.0266229 0.884285 2.06594 
0.855963 -0.0228747 0.516531 1.0842 0.00402776 0.999286 0.0375791 -0.0118786 -0.517021 -0.0300858 0.855444 2.26958 
0.823197 -0.0280766 0.567062 1.24675 0.00503635 0.999098 0.0421567 -0.0238879 -0.567734 -0.0318473 0.822596 2.44446 
0.786575 -0.0334798 0.616586 1.41484 0.00670949 0.998934 0.0456815 -0.0229303 -0.617458 -0.031795 0.785961 2.62742 
0.747661 -0.0374558 0.663024 1.63269 0.00723698 0.998808 0.0482644 -0.0174065 -0.664041 -0.0312871 0.747041 2.83606 
0.707083 -0.0404533 0.705972 1.86889 0.00807533 0.998759 0.0491424 -0.00741872 -0.707084 -0.0290468 0.706533 3.023 
0.664334 -0.0424126 0.746232 2.12865 0.007001 0.998698 0.0505291 0.000359944 -0.747403 -0.0283438 0.663766 3.22288 
0.620544 -0.0423243 0.783029 2.4213 0.00160983 0.998609 0.0527012 0.00974617 -0.78417 -0.0314428 0.619749 3.44637 
0.5781 -0.0427422 0.814846 2.75227 -0.0014551 0.998572 0.0534118 0.0336329 -0.815965 -0.0320631 0.577212 3.64954 
0.537318 -0.0440359 0.842229 3.11085 -0.00313467 0.998525 0.0542077 0.0499568 -0.843374 -0.0317669 0.536387 3.85318 
0.497966 -0.0460925 0.865971 3.50173 -0.00466655 0.99843 0.0558263 0.0686806 -0.867184 -0.0318407 0.496969 4.06249 
0.460215 -0.0456192 0.886635 3.92196 -0.00808092 0.998422 0.0555655 0.0867915 -0.887771 -0.0327369 0.45912 4.2594 
0.423124 -0.0450151 0.904953 4.36123 -0.00937386 0.998494 0.0540511 0.101458 -0.906023 -0.0313532 0.422065 4.45195 
0.388887 -0.0437905 0.920244 4.8301 -0.00829489 0.998663 0.0510276 0.120892 -0.921248 -0.0274773 0.388004 4.64379 
0.358555 -0.0414172 0.932589 5.33423 -0.0061949 0.998888 0.0467434 0.159454 -0.933488 -0.0225374 0.3579 4.83469 
0.332898 -0.0400205 0.942113 5.87311 -0.00493554 0.999011 0.0441816 0.172584 -0.94295 -0.0193578 0.332371 5.01419 
0.312308 -0.0391518 0.949174 6.4369 -0.00391972 0.999089 0.0425005 0.203089 -0.949973 -0.0169937 0.31187 5.20286 
0.297674 -0.0395009 0.95385 7.03711 -0.00273731 0.999104 0.0422293 0.231456 -0.954664 -0.0151815 0.2973 5.38384 
0.286197 -0.0410875 0.957289 7.66327 -0.00181198 0.999055 0.0434219 0.253797 -0.958169 -0.0141618 0.285852 5.57231 
0.275403 -0.0428218 0.960375 8.31064 -0.00306003 0.998963 0.04542 0.280842 -0.961324 -0.0154475 0.274986 5.76174 
0.265126 -0.0448696 0.963169 8.99198 -0.00402662 0.998856 0.0476405 0.304913 -0.964205 -0.0165091 0.264642 5.94813 
0.254876 -0.0462694 0.965866 9.68233 -0.00477771 0.998782 0.0491071 0.340953 -0.966962 -0.0171309 0.254345 6.14187 
0.244727 -0.0480224 0.968402 10.4101 -0.00584731 0.998681 0.0510017 0.373917 -0.969574 -0.018144 0.244124 6.33417 
0.233996 -0.0494061 0.970981 11.1491 -0.00600572 0.998616 0.0522596 0.40702 -0.972219 -0.01806 0.233376 6.52732 
0.223517 -0.0505699 0.973387 11.9109 -0.00629507 0.998558 0.0533231 0.439748 -0.97468 -0.0180461 0.222876 6.7142 
0.212685 -0.0534883 0.975656 12.6873 -0.00740494 0.998384 0.0563486 0.471986 -0.977093 -0.0192092 0.211946 6.89421 
0.201266 -0.0569004 0.977883 13.4738 -0.0092218 0.998157 0.0599782 0.511643 -0.979493 -0.0210894 0.20037 7.06588 
0.189081 -0.0606747 0.980085 14.2779 -0.00976036 0.997924 0.063662 0.553073 -0.981913 -0.0216032 0.188096 7.23037 
0.175857 -0.0629934 0.982398 15.0666 -0.0105002 0.997774 0.0658589 0.589073 -0.98436 -0.0218971 0.174804 7.38669 
0.161454 -0.0635655 0.984831 15.8745 -0.0109126 0.997748 0.0661883 0.628087 -0.98682 -0.0214334 0.160396 7.53236 
0.147116 -0.0623058 0.987155 16.6771 -0.0117199 0.997834 0.0647265 0.672865 -0.98905 -0.0210917 0.146067 7.65823 
0.130727 -0.061409 0.989515 17.4875 -0.0124907 0.997899 0.0635795 0.706114 -0.99134 -0.0206713 0.129685 7.76988 
0.110085 -0.0599869 0.99211 18.3125 -0.0149913 0.997963 0.0620043 0.742879 -0.993809 -0.0216988 0.108962 7.87402 
0.0843892 -0.0585903 0.994709 19.1462 -0.0197379 0.997976 0.0604573 0.77761 -0.996237 -0.0247354 0.0830619 7.95589 
0.0536407 -0.0580033 0.996874 19.9782 -0.0235002 0.997962 0.0593312 0.813668 -0.998284 -0.0266093 0.0521683 8.01444 
0.0202115 -0.0577063 0.998129 20.8248 -0.0265053 0.997951 0.0582328 0.850265 -0.999444 -0.0276327 0.0186406 8.03961 
-0.0143801 -0.0572038 0.998259 21.678 -0.0282628 0.997987 0.0567811 0.882189 -0.999497 -0.0273971 -0.0159679 8.03488 
-0.04819 -0.0558374 0.997276 22.5192 -0.0295613 0.998079 0.0544539 0.913948 -0.998401 -0.0268567 -0.049748 7.9985 
-0.0812451 -0.053805 0.995241 23.3607 -0.0311983 0.99819 0.0514176 0.940024 -0.996206 -0.0268724 -0.0827767 7.93411 
-0.113848 -0.0508556 0.992196 24.2075 -0.0336038 0.998315 0.0473135 0.966648 -0.99293 -0.027955 -0.115365 7.84926 
-0.14639 -0.0459793 0.988158 25.0381 -0.0303275 0.998658 0.0419751 0.990874 -0.988762 -0.0238237 -0.147588 7.72736 
-0.17758 -0.0400127 0.983293 25.8657 -0.0240971 0.99905 0.036302 1.00664 -0.983811 -0.017248 -0.178375 7.56934 
-0.208117 -0.0334015 0.977533 26.7128 -0.0175894 0.999383 0.0304033 1.02676 -0.977946 -0.0108668 -0.208576 7.39487 
-0.236951 -0.027815 0.971123 27.5365 -0.0115547 0.9996 0.0258113 1.03177 -0.971453 -0.005105 -0.237178 7.18909 
-0.264459 -0.0217609 0.964151 28.3385 -0.00318682 0.99976 0.0216905 1.03502 -0.964392 0.00266367 -0.264465 6.96045 
-0.290776 -0.0114812 0.956722 29.1289 0.00245489 0.999916 0.0127457 1.02458 -0.956788 0.00605477 -0.290723 6.72155 
-0.316415 0.00380914 0.948613 29.8944 0.00666284 0.999976 -0.00179292 1.00946 -0.948597 0.00575315 -0.316433 6.48306 
-0.341176 0.0211868 0.939761 30.6457 0.00738318 0.999776 -0.0198593 0.992549 -0.939971 0.000162893 -0.341255 6.22897 
-0.366543 0.0356406 0.929718 31.3677 0.0073749 0.999346 -0.0354021 0.949172 -0.930372 -0.00611983 -0.366566 5.9565 
-0.390856 0.045824 0.919311 32.1181 0.0110857 0.998922 -0.045079 0.903253 -0.920385 -0.00742818 -0.390943 5.64229 
-0.414152 0.0499883 0.908834 32.8469 0.0135417 0.998719 -0.0487613 0.862409 -0.910107 -0.00788736 -0.414298 5.31833 
-0.436845 0.04951 0.898173 33.581 0.0168537 0.998759 -0.0468574 0.810451 -0.899379 -0.00533185 -0.437137 4.9661 
-0.456927 0.045238 0.888353 34.3054 0.019805 0.998976 -0.0406845 0.767466 -0.889284 -0.000996034 -0.457355 4.59652 
-0.474514 0.0438874 0.879153 35.0133 0.0278794 0.999005 -0.0348228 0.708109 -0.879806 0.00798631 -0.475266 4.21195 
-0.488176 0.0443933 0.871616 35.7193 0.0298243 0.998971 -0.0341757 0.664083 -0.872236 0.00931158 -0.488997 3.81814 
-0.499094 0.048609 0.865184 36.4156 0.0341045 0.998754 -0.0364397 0.616952 -0.865877 0.0113198 -0.500129 3.41915 
-0.508829 0.0510533 0.859353 37.1006 0.0350103 0.998641 -0.0385984 0.570162 -0.860156 0.0104462 -0.509925 3.02283 
-0.519612 0.0503561 0.852917 37.7888 0.0287196 0.998727 -0.0414681 0.526975 -0.85392 0.00294806 -0.520397 2.62398 
-0.530781 0.0490728 0.846087 38.4768 0.0281347 0.998792 -0.0402797 0.481923 -0.847042 0.0024247 -0.53152 2.21014 
-0.539588 0.0503808 0.840421 39.1281 0.0303074 0.998723 -0.0404119 0.437453 -0.841384 0.00366523 -0.540426 1.81689 
-0.5471 0.0531349 0.835379 39.8055 0.0330928 0.998576 -0.0418422 0.39078 -0.836413 0.00475319 -0.548079 1.3975 
-0.550726 0.056016 0.832805 40.4872 0.0339164 0.998423 -0.0447272 0.346655 -0.833997 0.00361326 -0.551757 0.967074 
-0.550378 0.058161 0.832888 41.182 0.0339366 0.998305 -0.0472866 0.29673 -0.834226 0.0022399 -0.551418 0.518553 
-0.547205 0.0582252 0.834971 41.8921 0.035824 0.998293 -0.0461366 0.250414 -0.836231 0.00466577 -0.548357 0.077004 
-0.54156 0.0570599 0.838724 42.6169 0.0338089 0.998365 -0.0460903 0.202576 -0.839982 0.0033956 -0.542603 -0.365354 
-0.534696 0.0556746 0.843208 43.381 0.0312988 0.998447 -0.0460773 0.154295 -0.844464 0.00175403 -0.535609 -0.822763 
-0.528157 0.0550939 0.847357 44.1518 0.0302839 0.99848 -0.0460437 0.0981308 -0.848606 0.00134295 -0.529023 -1.24436 
-0.522074 0.0536587 0.851211 44.9504 0.0272962 0.998559 -0.0462056 0.0484658 -0.852463 -0.000887934 -0.522787 -1.7013 
-0.517995 0.0512276 0.853849 45.7545 0.0227384 0.998677 -0.0461223 -0.00542481 -0.855082 -0.00447593 -0.518474 -2.15896 
-0.516778 0.0484797 0.854746 46.5805 0.0184332 0.998794 -0.0455052 -0.0602609 -0.855921 -0.00776037 -0.517048 -2.62911 
-0.517437 0.0458948 0.85449 47.4379 0.0155037 0.9989 -0.0442628 -0.11444 -0.855581 -0.00965552 -0.517579 -3.10646 
-0.519991 0.0448496 0.852993 48.2837 0.0141497 0.998936 -0.0438973 -0.160133 -0.854054 -0.0107566 -0.520072 -3.49521 
-0.521082 0.0438773 0.852378 49.1198 0.0139095 0.998982 -0.0429206 -0.21464 -0.853394 -0.010509 -0.521161 -3.96403 
-0.522885 0.0433253 0.851301 49.9592 0.0136985 0.999006 -0.0424286 -0.268464 -0.852293 -0.0105238 -0.522959 -4.38903 
-0.523793 0.0423225 0.850794 50.8405 0.0136173 0.999053 -0.0413141 -0.323081 -0.851737 -0.0100545 -0.523873 -4.88018 
-0.525122 0.0417845 0.85 51.7854 0.0125183 0.999065 -0.0413786 -0.377201 -0.850935 -0.0110883 -0.525155 -5.3767 
-0.525985 0.040291 0.849539 52.7019 0.0104219 0.999108 -0.040932 -0.428 -0.85043 -0.0126758 -0.525935 -5.8903 
-0.526368 0.0393329 0.849347 53.5912 0.00927318 0.999136 -0.0405227 -0.490276 -0.850206 -0.0134537 -0.526278 -6.41579 
-0.52624 0.0384783 0.849465 54.4751 0.00791211 0.999154 -0.0403572 -0.548675 -0.8503 -0.0145165 -0.526099 -6.92086 
-0.526177 0.0368579 0.849576 55.3159 0.00780121 0.999227 -0.0385187 -0.604648 -0.850339 -0.0136399 -0.526058 -7.37595 
-0.525024 0.0344262 0.850391 56.1662 0.00798275 0.999337 -0.0355274 -0.671724 -0.85105 -0.0118643 -0.52495 -7.8597 
-0.523857 0.032357 0.851192 57.001 0.00767798 0.999417 -0.0332662 -0.741027 -0.851772 -0.0108913 -0.5238 -8.32569 
-0.521794 0.032068 0.852469 57.8962 0.007899 0.999432 -0.0327614 -0.80043 -0.853035 -0.0103611 -0.521751 -8.83731 
-0.52006 0.0323519 0.853517 58.7641 0.00844021 0.999428 -0.0327397 -0.854967 -0.854088 -0.00982277 -0.520036 -9.33437 
-0.520754 0.0328339 0.853076 59.6975 0.0078587 0.999402 -0.0336685 -0.906772 -0.853671 -0.0108289 -0.5207 -9.80241 
-0.521975 0.0337815 0.852292 60.5648 0.00690003 0.99935 -0.0353845 -0.968114 -0.852933 -0.012589 -0.521869 -10.3042 
-0.525884 0.0356764 0.849808 61.4628 0.0053065 0.999238 -0.0386659 -1.01993 -0.85054 -0.0158243 -0.525672 -10.7927 
-0.530638 0.0357311 0.846845 62.3362 0.00331075 0.999191 -0.0400845 -1.08013 -0.847592 -0.0184667 -0.530327 -11.3052 
-0.536567 0.0343716 0.843157 63.1945 0.00387628 0.99926 -0.0382684 -1.1325 -0.843849 -0.0172653 -0.536303 -11.8162 
-0.542358 0.0323882 0.839523 64.047 0.00516088 0.999366 -0.0352207 -1.18378 -0.840132 -0.0147695 -0.542181 -12.3418 
-0.548152 0.0297834 0.835849 64.9265 0.00222016 0.999414 -0.0341556 -1.24131 -0.836376 -0.0168667 -0.547896 -12.8715 
-0.553666 0.033155 0.832079 65.7803 0.00414695 0.999305 -0.0370589 -1.29311 -0.832729 -0.0170677 -0.553418 -13.4015 
-0.558926 0.0349579 0.82848 66.6181 0.00439064 0.999222 -0.0392002 -1.34004 -0.829206 -0.0182725 -0.558645 -13.9384 
-0.563588 0.0357406 0.825283 67.4378 0.00329558 0.999153 -0.0410199 -1.39926 -0.82605 -0.0203985 -0.563228 -14.4719 
-0.567496 0.035495 0.822611 68.2537 0.00151194 0.999114 -0.0420679 -1.45811 -0.823375 -0.0226296 -0.567046 -15.0054 
-0.570454 0.0353033 0.82057 69.0494 0.00317596 0.999163 -0.0407789 -1.5109 -0.821323 -0.0206564 -0.570089 -15.5424 
-0.572706 0.0285104 0.819265 69.8673 0.00381018 0.999477 -0.0321182 -1.5638 -0.819752 -0.0152728 -0.572515 -16.0966 
-0.574721 0.0198916 0.818108 70.6761 0.0032066 0.999752 -0.0220554 -1.6135 -0.818343 -0.0100524 -0.574642 -16.6471 
-0.575836 0.0191476 0.817341 71.4717 0.00529868 0.999792 -0.0196888 -1.65811 -0.817548 -0.00700671 -0.575818 -17.1924 
-0.576905 0.0236052 0.81647 72.2605 0.00524028 0.999669 -0.0251989 -1.69599 -0.816794 -0.0102589 -0.576838 -17.731 
-0.578397 0.0299226 0.815206 73.0415 0.00717169 0.999475 -0.0315979 -1.73901 -0.815724 -0.0124297 -0.578308 -18.2585 
-0.578723 0.034038 0.814814 73.8314 0.0122702 0.999379 -0.033033 -1.77479 -0.815432 -0.00911907 -0.578781 -18.8103 
-0.578715 0.0351194 0.814773 74.6104 0.0156599 0.999367 -0.0319532 -1.83037 -0.81538 -0.00573253 -0.578898 -19.3527 
-0.578563 0.0319582 0.815011 75.3894 0.0142821 0.999476 -0.0290528 -1.87234 -0.815512 -0.00516886 -0.578717 -19.8749 
-0.577775 0.0270549 0.815748 76.1707 0.013127 0.999629 -0.0238559 -1.91676 -0.816091 -0.003075 -0.577915 -20.4139 
-0.577268 0.0203655 0.816301 76.9557 0.0093931 0.999788 -0.0183006 -1.95395 -0.816501 -0.00289677 -0.577337 -20.9383 
-0.577081 0.0148773 0.816551 77.7396 0.000651838 0.999842 -0.0177561 -1.98338 -0.816687 -0.00971446 -0.577 -21.4464 
-0.57556 0.00931966 0.817706 78.5241 -0.00712077 0.99984 -0.0164076 -2.01687 -0.817729 -0.0152662 -0.575402 -21.9607 
-0.573794 0.0101803 0.818937 79.3066 -0.00363802 0.999881 -0.0149786 -2.05077 -0.818992 -0.011574 -0.573688 -22.4895 
-0.570901 0.0136948 0.820905 80.0766 0.000122633 0.999862 -0.0165949 -2.08013 -0.821019 -0.00937337 -0.570824 -23.0056 
-0.565405 0.0167561 0.824643 80.857 0.00229216 0.999822 -0.018744 -2.11364 -0.82481 -0.00870776 -0.565343 -23.5302 
-0.557991 0.0194133 0.82962 81.6405 0.00756317 0.999804 -0.0183087 -2.1457 -0.829812 -0.00394156 -0.558029 -24.0389 
-0.550065 0.0231234 0.834802 82.4271 0.0151394 0.999728 -0.0177161 -2.18313 -0.834985 0.00289336 -0.550265 -24.5466 
-0.540619 0.0220148 0.84098 83.2147 0.0125205 0.999757 -0.0181224 -2.21403 -0.841175 0.000732183 -0.540763 -25.0313 
-0.529781 0.0198222 0.847903 84.017 0.0100563 0.999803 -0.01709 -2.24162 -0.848075 -0.000527218 -0.529876 -25.5107 
-0.518651 0.0164924 0.854827 84.8253 0.0103287 0.999862 -0.0130238 -2.27652 -0.854924 0.00207439 -0.51875 -25.9764 
-0.508007 0.0159442 0.861205 85.6356 0.00961165 0.999871 -0.0128417 -2.30609 -0.861299 0.00175392 -0.508095 -26.4309 
-0.495739 0.0151658 0.868339 86.4496 0.0101691 0.99988 -0.0116576 -2.33219 -0.868412 0.00305107 -0.495834 -26.8857 
-0.483996 0.0162478 0.874919 87.2601 0.0118534 0.999858 -0.0120108 -2.36283 -0.87499 0.00455753 -0.48412 -27.3172 
-0.472872 0.0199655 0.880905 88.0767 0.0115589 0.999798 -0.0164553 -2.39896 -0.881056 0.002401 -0.473007 -27.725 
-0.461715 0.0292545 0.886546 88.8901 0.0143464 0.999572 -0.0255125 -2.43075 -0.886912 0.000939182 -0.461937 -28.1306 
-0.449176 0.0338405 0.892802 89.7184 0.0135724 0.999426 -0.0310535 -2.46278 -0.89334 -0.00183104 -0.449378 -28.5305 
-0.438166 0.0308618 0.898364 90.5577 0.0129864 0.999524 -0.0280029 -2.50769 -0.8988 -0.000603367 -0.438358 -28.9146 
-0.426643 0.0270458 0.904016 91.3933 0.0122405 0.999634 -0.0241296 -2.55357 -0.904337 0.000770864 -0.426817 -29.291 
-0.417124 0.0278147 0.908424 92.2245 0.00904585 0.999609 -0.026453 -2.59175 -0.908804 -0.00281673 -0.417213 -29.6486 
-0.410521 0.0317365 0.911299 93.0538 0.00360859 0.999443 -0.0331806 -2.63635 -0.911844 -0.0103328 -0.410407 -29.9934 
-0.405842 0.0362899 0.913223 93.8793 -0.00177455 0.999178 -0.0404942 -2.68615 -0.913942 -0.0180548 -0.405444 -30.331 
-0.402765 0.0377914 0.914523 94.7056 -0.00517815 0.999037 -0.0435644 -2.73396 -0.915289 -0.0222818 -0.402182 -30.669 
-0.399214 0.0374479 0.916093 95.5348 -0.00635748 0.999029 -0.0436086 -2.78994 -0.916836 -0.0232332 -0.398588 -31.0131 
-0.39413 0.0378196 0.918276 96.3681 -0.00652258 0.999013 -0.0439442 -2.84582 -0.919032 -0.0233093 -0.393494 -31.3507 
-0.388476 0.0339252 0.920834 97.2261 -0.00871992 0.999142 -0.0404888 -2.89182 -0.921418 -0.0237585 -0.387847 -31.6896 
-0.383253 0.0303575 0.923145 98.0583 -0.00832973 0.999306 -0.0363202 -2.9446 -0.923606 -0.0216094 -0.382734 -32.0159 
-0.377919 0.0272591 0.925437 98.9028 -0.011664 0.999347 -0.0341993 -2.99232 -0.925765 -0.0237188 -0.377354 -32.336 
-0.372654 0.0253963 0.927623 99.7605 -0.0194884 0.999191 -0.0351847 -3.03839 -0.927766 -0.0311896 -0.371857 -32.6376 
-0.366668 0.0252078 0.93001 100.599 -0.0272328 0.998914 -0.0378123 -3.08579 -0.929953 -0.0391914 -0.365584 -32.9372 
-0.360335 0.0292107 0.932366 101.435 -0.0255577 0.998825 -0.0411702 -3.13718 -0.932473 -0.0386641 -0.359165 -33.2376 
-0.353548 0.0325552 0.93485 102.273 -0.0234266 0.998773 -0.0436409 -3.18713 -0.935123 -0.0373295 -0.352352 -33.5363 
-0.347391 0.030394 0.937228 103.13 -0.0250141 0.998819 -0.041663 -3.23616 -0.937387 -0.0379173 -0.34622 -33.8261 
-0.340702 0.0254954 0.939826 103.985 -0.025629 0.999009 -0.0363918 -3.28872 -0.939822 -0.0364855 -0.339711 -34.1123 
-0.333791 0.0230445 0.942366 104.837 -0.0275427 0.999036 -0.0341861 -3.33653 -0.942245 -0.0373663 -0.332834 -34.396 
-0.32753 0.0262645 0.944476 105.677 -0.028657 0.998878 -0.0377151 -3.38125 -0.944406 -0.0394186 -0.32641 -34.6693 
-0.321671 0.0290733 0.946405 106.551 -0.0284029 0.998782 -0.0403361 -3.42309 -0.946426 -0.0398556 -0.320453 -34.9353 
-0.316067 0.0292108 0.948287 107.417 -0.0332018 0.998573 -0.0418261 -3.4635 -0.948156 -0.0447047 -0.314646 -35.1772 
-0.309171 0.028519 0.950579 108.28 -0.0335675 0.9986 -0.0408774 -3.51593 -0.950414 -0.0445466 -0.307781 -35.4376 
-0.301076 0.0284588 0.953176 109.144 -0.0292968 0.998807 -0.039075 -3.5679 -0.95315 -0.0396895 -0.299882 -35.69 
-0.293268 0.0293427 0.95558 109.95 -0.0267161 0.998887 -0.0388717 -3.62051 -0.955657 -0.0369291 -0.292157 -35.9435 
-0.287146 0.0298483 0.957422 110.822 -0.026108 0.998899 -0.0389716 -3.66806 -0.957531 -0.0361869 -0.286051 -36.1737 
-0.280158 0.0285954 0.959528 111.673 -0.0318668 0.998728 -0.0390679 -3.71372 -0.959425 -0.0415223 -0.27889 -36.4011 
-0.274298 0.0267712 0.961272 112.545 -0.0356669 0.998641 -0.0379895 -3.76033 -0.960983 -0.0447061 -0.272971 -36.6219 
-0.269619 0.0270109 0.962588 113.409 -0.0325508 0.99878 -0.0371439 -3.81018 -0.962417 -0.0413477 -0.268411 -36.8477 
-0.265399 0.0273364 0.963751 114.277 -0.0308921 0.998844 -0.0368388 -3.85858 -0.963644 -0.0395493 -0.264248 -37.0636 
-0.260319 0.0285706 0.9651 115.146 -0.0301176 0.998835 -0.0376929 -3.90606 -0.965053 -0.0388787 -0.259155 -37.2885 
-0.254235 0.0278807 0.96674 116.018 -0.0237032 0.999105 -0.0350476 -3.95185 -0.966852 -0.0318252 -0.253347 -37.5119 
-0.248923 0.0270949 0.968144 116.886 -0.0160915 0.999355 -0.0321057 -3.99442 -0.96839 -0.0235707 -0.248326 -37.729 
-0.243946 0.0262283 0.969434 117.754 -0.0139872 0.999435 -0.0305597 -4.04175 -0.969688 -0.0210145 -0.243441 -37.9349 
-0.240033 0.0276778 0.97037 118.627 -0.0159757 0.999346 -0.0324561 -4.08584 -0.970633 -0.0232929 -0.239434 -38.1291 
-0.236397 0.029507 0.971208 119.496 -0.0176644 0.999243 -0.0346583 -4.12598 -0.971496 -0.025349 -0.235697 -38.3228 
-0.234733 0.0288474 0.971632 120.366 -0.019861 0.999209 -0.0344643 -4.17191 -0.971857 -0.0273875 -0.233974 -38.5119 
-0.233878 0.0277925 0.971869 121.234 -0.0202632 0.999235 -0.0334513 -4.21548 -0.972055 -0.0275167 -0.233136 -38.6974 
-0.232538 0.0234171 0.972305 122.101 -0.0184269 0.999425 -0.0284772 -4.25974 -0.972413 -0.0245387 -0.231973 -38.8944 
-0.231635 0.0179269 0.972638 122.972 -0.0196786 0.999539 -0.0231092 -4.30276 -0.972604 -0.0244931 -0.231176 -39.0801 
-0.230929 0.0159156 0.97284 123.831 -0.0189959 0.999602 -0.0208626 -4.34457 -0.972785 -0.0232978 -0.230535 -39.2648 
-0.229768 0.0208968 0.973021 124.672 -0.0188356 0.999487 -0.025913 -4.37963 -0.973063 -0.0242815 -0.229257 -39.4474 
-0.229536 0.024329 0.972996 125.515 -0.0187077 0.999393 -0.0294022 -4.42043 -0.97312 -0.0249514 -0.228942 -39.6327 
-0.229188 0.0235957 0.973096 126.371 -0.0209218 0.999356 -0.0291599 -4.46304 -0.973157 -0.027042 -0.228546 -39.8183 
-0.229055 0.0222624 0.973159 127.224 -0.0230988 0.999333 -0.0282979 -4.51186 -0.973139 -0.0289606 -0.228388 -40.0001 
-0.228244 0.0233482 0.973324 128.055 -0.018491 0.999428 -0.0283105 -4.54989 -0.973428 -0.0244594 -0.227682 -40.1849 
-0.227301 0.0260082 0.973477 128.898 -0.0200242 0.999307 -0.0313738 -4.58914 -0.973619 -0.0266244 -0.226623 -40.3685 
-0.227538 0.0265419 0.973408 129.724 -0.0277192 0.999047 -0.0337205 -4.63609 -0.973375 -0.0346547 -0.226585 -40.5298 
-0.227572 0.0275461 0.973372 130.547 -0.0338521 0.998772 -0.0361794 -4.68307 -0.973173 -0.0411841 -0.22636 -40.6901 
-0.227079 0.030807 0.973389 131.359 -0.0306042 0.99878 -0.0387502 -4.73239 -0.973395 -0.0385892 -0.22586 -40.8669 
-0.226759 0.031197 0.973451 132.138 -0.0308831 0.998754 -0.0392019 -4.79061 -0.973461 -0.0389525 -0.225513 -41.0285 
-0.225433 0.0322645 0.973724 132.949 -0.0320724 0.998664 -0.0405161 -4.83612 -0.973731 -0.0403633 -0.224097 -41.1929 
-0.223521 0.0320666 0.974171 133.76 -0.0227152 0.999016 -0.0380963 -4.8847 -0.974434 -0.0306438 -0.222573 -41.3684 
-0.220352 0.0288741 0.974993 134.56 -0.017716 0.999278 -0.0335972 -4.93398 -0.97526 -0.0246762 -0.219682 -41.5437 
-0.218572 0.0241154 0.975523 135.359 -0.013975 0.999515 -0.0278396 -4.97715 -0.975721 -0.0197179 -0.218128 -41.7058 
-0.215263 0.0235774 0.976272 136.139 -0.0115344 0.999577 -0.0266835 -5.01878 -0.976488 -0.0170047 -0.2149 -41.8647 
-0.210687 0.028572 0.977136 136.931 -0.0116321 0.999429 -0.0317319 -5.06093 -0.977484 -0.0180516 -0.210234 -42.0154 
-0.204341 0.0314326 0.978395 137.71 -0.0101106 0.999363 -0.0342178 -5.10111 -0.978848 -0.0168843 -0.203893 -42.1629 
-0.196365 0.0322468 0.980001 138.496 -0.0118147 0.999309 -0.0352494 -5.13545 -0.98046 -0.0185002 -0.195848 -42.2974 
-0.186338 0.0282157 0.982081 139.303 -0.00815646 0.999509 -0.030264 -5.17544 -0.982452 -0.0136496 -0.186016 -42.4486 
-0.174993 0.0267862 0.984205 140.09 -0.00471524 0.999596 -0.0280434 -5.21741 -0.984558 -0.00954815 -0.174796 -42.5699 
-0.16093 0.0294049 0.986528 140.871 -0.00025143 0.999555 -0.0298342 -5.25287 -0.986966 -0.00504927 -0.160851 -42.6917 
-0.147851 0.0306656 0.988534 141.631 -0.00236097 0.999505 -0.031359 -5.28404 -0.989007 -0.00697035 -0.147705 -42.7726 
-0.134092 0.0304481 0.990501 142.423 -0.00185357 0.999518 -0.0309762 -5.32527 -0.990967 -0.00598961 -0.13397 -42.8653 
-0.120666 0.0325867 0.992158 143.214 -0.00197282 0.999451 -0.0330661 -5.36012 -0.992691 -0.0059473 -0.120535 -42.9462 
-0.10687 0.0388187 0.993515 143.986 -0.00586863 0.999196 -0.0396719 -5.4074 -0.994256 -0.0100703 -0.106556 -43.0085 
-0.0947319 0.0481042 0.99434 144.745 -0.0133203 0.998681 -0.0495832 -5.44867 -0.995414 -0.017942 -0.0939662 -43.045 
-0.0810903 0.0555358 0.995158 145.512 -0.0173335 0.998217 -0.0571188 -5.50077 -0.996556 -0.0218814 -0.0799831 -43.0817 
-0.0674635 0.0563489 0.996129 146.274 -0.0173322 0.998187 -0.0576391 -5.54657 -0.997571 -0.0211537 -0.0663646 -43.1208 
-0.0559051 0.0527384 0.997042 147.046 -0.0227027 0.998279 -0.0540767 -5.59428 -0.998178 -0.0256587 -0.0546116 -43.1382 
-0.0456036 0.0500625 0.997704 147.813 -0.0266577 0.998327 -0.0513122 -5.6517 -0.998604 -0.0289365 -0.0441928 -43.1443 
-0.0363961 0.0563095 0.99775 148.567 -0.0301136 0.997896 -0.0574162 -5.70764 -0.998884 -0.0321356 -0.0346238 -43.1497 
-0.029757 0.0643892 0.997481 149.318 -0.034212 0.997273 -0.0653963 -5.7588 -0.998972 -0.0360719 -0.0274729 -43.1522 
-0.0268175 0.0671456 0.997383 150.068 -0.038132 0.996947 -0.0681415 -5.81082 -0.998913 -0.0398595 -0.0241753 -43.1471 
-0.0264063 0.0626179 0.997688 150.838 -0.0400543 0.997168 -0.0636453 -5.86799 -0.998849 -0.0416423 -0.0238234 -43.1537 
-0.0284748 0.0578374 0.99792 151.589 -0.0417947 0.997383 -0.0589988 -5.93665 -0.99872 -0.0433877 -0.025983 -43.1541 
-0.0313252 0.0549178 0.997999 152.333 -0.0407097 0.997591 -0.0561731 -5.98764 -0.99868 -0.0423879 -0.029014 -43.1626 
-0.0341904 0.0552984 0.997884 153.075 -0.0389185 0.997637 -0.0566181 -6.03879 -0.998657 -0.040772 -0.0319575 -43.1771 
-0.0380151 0.0551085 0.997756 153.815 -0.0374576 0.997698 -0.0565324 -6.09855 -0.998575 -0.0395227 -0.0358633 -43.1901 
-0.0431154 0.0538051 0.99762 154.558 -0.0388459 0.997703 -0.0554884 -6.1495 -0.998315 -0.0411458 -0.0409263 -43.1994 
-0.0483399 0.0544379 0.997346 155.299 -0.0391322 0.997644 -0.0563508 -6.19143 -0.998064 -0.0417523 -0.0460958 -43.2227 
-0.0541851 0.0526605 0.997141 156.043 -0.0397632 0.997703 -0.0548508 -6.23831 -0.997739 -0.0426216 -0.0519667 -43.2502 
-0.0601614 0.0500611 0.996933 156.783 -0.0375826 0.99792 -0.0523786 -6.29308 -0.997481 -0.0406185 -0.0581548 -43.2831 
-0.0654164 0.0499569 0.996607 157.505 -0.0383195 0.997884 -0.0525361 -6.34338 -0.997122 -0.0416262 -0.0633636 -43.322 
-0.0712945 0.0514328 0.996128 158.229 -0.040008 0.997719 -0.0543783 -6.38829 -0.996653 -0.04373 -0.0690741 -43.3517 
-0.0748602 0.053544 0.995756 158.948 -0.0403377 0.997578 -0.0566744 -6.44141 -0.996378 -0.0444092 -0.072519 -43.3959 
-0.0773029 0.0561492 0.995425 159.668 -0.0411761 0.997381 -0.0594571 -6.49145 -0.996157 -0.0455839 -0.0747885 -43.4414 
-0.078777 0.058177 0.995193 160.39 -0.0387261 0.997364 -0.0613693 -6.53799 -0.99614 -0.0433745 -0.0763164 -43.4896 
-0.0779067 0.0565222 0.995357 161.106 -0.0345918 0.997637 -0.0593592 -6.59098 -0.99636 -0.0390556 -0.0757674 -43.5374 
-0.0738251 0.0530311 0.99586 161.812 -0.0324535 0.997929 -0.055547 -6.64728 -0.996743 -0.0364199 -0.0719511 -43.5818 
-0.0663692 0.0530468 0.996384 162.515 -0.0315357 0.997975 -0.0552321 -6.70101 -0.997297 -0.0350874 -0.064562 -43.6139 
-0.0552373 0.0536892 0.997029 163.207 -0.029195 0.99804 -0.0553611 -6.75502 -0.998046 -0.0321663 -0.0535615 -43.6371 
-0.0407183 0.053533 0.997736 163.895 -0.026634 0.998151 -0.0546422 -6.80657 -0.998816 -0.0287987 -0.0392172 -43.6523 
-0.0255451 0.0509325 0.998375 164.589 -0.0278608 0.998277 -0.0516403 -6.85366 -0.999285 -0.0291347 -0.0240821 -43.6498 
-0.00937885 0.0458547 0.998904 165.277 -0.0326227 0.998402 -0.0461379 -6.89901 -0.999424 -0.0330197 -0.00786796 -43.6319 
0.00723322 0.0387975 0.999221 165.969 -0.0340937 0.998676 -0.0385294 -6.94317 -0.999393 -0.0337884 0.00854639 -43.606 
0.0244066 0.0316281 0.999202 166.648 -0.0351167 0.99891 -0.0307611 -6.97764 -0.999085 -0.0343379 0.0254906 -43.5701 
0.0419742 0.0239091 0.998833 167.325 -0.0349219 0.999138 -0.0224488 -7.01202 -0.998508 -0.0339389 0.0427729 -43.5207 
0.0592384 0.0179088 0.998083 167.992 -0.0368414 0.999197 -0.0157421 -7.04271 -0.997564 -0.0358383 0.0598506 -43.4597 
0.0771031 0.0157872 0.996898 168.65 -0.0375922 0.99921 -0.0129162 -7.06751 -0.996314 -0.0364797 0.0776356 -43.3863 
0.09481 0.0145019 0.99539 169.3 -0.0362613 0.999281 -0.0111047 -7.0855 -0.994835 -0.0350413 0.0952676 -43.3038 
0.112086 0.0138826 0.993602 169.944 -0.0369781 0.999268 -0.00979031 -7.10199 -0.99301 -0.0356442 0.112517 -43.2053 
0.12829 0.0126854 0.991656 170.574 -0.0424849 0.999071 -0.00728396 -7.12093 -0.990826 -0.0411959 0.12871 -43.1004 
0.142882 0.00890669 0.9897 171.203 -0.0435406 0.999048 -0.00270485 -7.13277 -0.988782 -0.0427057 0.143134 -42.983 
0.155228 0.00485295 0.987867 171.844 -0.0405355 0.999177 0.00146107 -7.14889 -0.987047 -0.0402705 0.155297 -42.8656 
0.16619 0.00383748 0.986086 172.459 -0.0381808 0.999268 0.00254607 -7.15899 -0.985354 -0.0380727 0.166215 -42.7517 
0.176105 0.00765965 0.984342 173.065 -0.0426125 0.999092 -0.000150753 -7.16822 -0.983449 -0.0419187 0.176271 -42.6194 
0.185109 0.0147583 0.982607 173.665 -0.04639 0.998904 -0.00626384 -7.17688 -0.981622 -0.0444237 0.185591 -42.4763 
0.194297 0.0246012 0.980634 174.265 -0.0462697 0.998803 -0.0158894 -7.19584 -0.979851 -0.0422864 0.195202 -42.3409 
0.202613 0.0303883 0.978787 174.865 -0.0402095 0.998934 -0.0226902 -7.21019 -0.978433 -0.0347592 0.203619 -42.2097 
0.209093 0.0286787 0.977475 175.464 -0.0397354 0.998994 -0.0208101 -7.22095 -0.977088 -0.0344891 0.210022 -42.0645 
0.215036 0.0212482 0.976375 176.072 -0.0426862 0.999012 -0.0123396 -7.23797 -0.975673 -0.0390243 0.215731 -41.9131 
0.219321 0.0105628 0.975596 176.681 -0.0472446 0.998883 -0.000193959 -7.25639 -0.974508 -0.0460491 0.219575 -41.7539 
0.221428 0.00252601 0.975173 177.296 -0.047872 0.998819 0.00828285 -7.2718 -0.974001 -0.0485175 0.221287 -41.5979 
0.222306 0.00173059 0.974975 177.896 -0.0441528 0.99899 0.00829422 -7.28542 -0.973977 -0.0448918 0.222158 -41.4487 
0.22353 0.00409333 0.974688 178.501 -0.0409209 0.999149 0.00518857 -7.28724 -0.973838 -0.0410449 0.223507 -41.3024 
0.225299 0.00372091 0.974283 179.115 -0.0378697 0.999271 0.00494091 -7.2895 -0.973554 -0.038009 0.225275 -41.1522 
0.227017 0.00171092 0.973889 179.734 -0.0396778 0.999184 0.00749374 -7.28661 -0.973082 -0.040343 0.2269 -40.9919 
0.229634 -0.00213862 0.973275 180.346 -0.040218 0.999123 0.0116845 -7.2916 -0.972446 -0.0418263 0.229346 -40.8289 
0.232756 -0.00732806 0.972508 180.972 -0.0395336 0.999074 0.0169901 -7.29767 -0.971731 -0.0424013 0.23225 -40.6679 
0.23746 -0.010225 0.971343 181.6 -0.0379114 0.999085 0.0197851 -7.29795 -0.970657 -0.0415232 0.236856 -40.5052 
0.243916 -0.0126856 0.969713 182.224 -0.0355457 0.999126 0.0220113 -7.29648 -0.969145 -0.039838 0.243252 -40.3382 
0.251669 -0.0157403 0.967685 182.853 -0.0341073 0.999102 0.0251218 -7.29286 -0.967212 -0.0393275 0.250907 -40.1623 
0.2615 -0.0173814 0.965047 183.486 -0.0316618 0.999145 0.026575 -7.28595 -0.964684 -0.0375045 0.260726 -39.9774 
0.272822 -0.0156751 0.961937 184.112 -0.0328623 0.999132 0.0256015 -7.28712 -0.961503 -0.0385961 0.27207 -39.7834 
0.284541 -0.0119709 0.958589 184.738 -0.0336902 0.99918 0.0224782 -7.28109 -0.958072 -0.038691 0.283905 -39.5762 
0.296726 -0.00918646 0.954919 185.362 -0.034351 0.999204 0.0202866 -7.27441 -0.954345 -0.0388219 0.296174 -39.3668 
0.308146 -0.008728 0.951299 185.982 -0.0327476 0.999268 0.0197758 -7.26516 -0.950775 -0.0372466 0.307634 -39.1427 
0.319596 -0.011963 0.947478 186.62 -0.0317214 0.999225 0.0233164 -7.25959 -0.947023 -0.0375071 0.318969 -38.9111 
0.330708 -0.013789 0.943632 187.251 -0.0321293 0.999149 0.0258604 -7.25225 -0.943186 -0.0388705 0.329984 -38.6653 
0.342043 -0.0143416 0.939575 187.888 -0.0339781 0.999041 0.0276187 -7.24562 -0.93907 -0.0413717 0.341227 -38.4077 
0.351495 -0.0156393 0.936059 188.534 -0.0374789 0.998824 0.0307615 -7.23324 -0.935439 -0.045895 0.350496 -38.1338 
0.358559 -0.0149965 0.933387 189.169 -0.0409875 0.998654 0.0317905 -7.22515 -0.932607 -0.049656 0.357462 -37.8622 
0.363262 -0.0181332 0.93151 189.82 -0.041109 0.998525 0.0354691 -7.21646 -0.93078 -0.051178 0.361981 -37.5949 
0.365767 -0.022121 0.930443 190.479 -0.0377667 0.998541 0.0385866 -7.20236 -0.92994 -0.0492535 0.364398 -37.3305 
0.365876 -0.0212318 0.930421 191.14 -0.0334299 0.998795 0.035938 -7.18473 -0.930063 -0.0442528 0.364725 -37.0626 
0.364951 -0.0209716 0.930791 191.819 -0.0320047 0.998873 0.0350542 -7.1725 -0.930477 -0.0425827 0.363868 -36.7878 
0.364198 -0.0194377 0.931119 192.497 -0.0284467 0.999084 0.0319833 -7.15203 -0.930887 -0.0381355 0.363312 -36.5124 
0.363655 -0.0212006 0.931292 193.184 -0.0257135 0.999132 0.0327857 -7.13477 -0.931179 -0.0358695 0.362794 -36.2344 
0.36285 -0.0263878 0.931474 193.874 -0.0227391 0.999051 0.0371601 -7.11536 -0.93157 -0.0346644 0.361905 -35.9564 
0.361319 -0.0294978 0.931976 194.557 -0.0229363 0.998916 0.0405087 -7.10441 -0.93216 -0.0360126 0.36025 -35.6745 
0.359817 -0.0319211 0.932477 195.253 -0.0222284 0.998838 0.0427702 -7.08798 -0.932758 -0.0361169 0.358689 -35.3972 
0.358214 -0.031333 0.933113 195.944 -0.0239258 0.9988 0.0427236 -7.06188 -0.933333 -0.0376297 0.357035 -35.1143 
0.355994 -0.0318191 0.933946 196.637 -0.0254148 0.998721 0.0437134 -7.04153 -0.934143 -0.0392978 0.35473 -34.834 
0.35419 -0.0305957 0.934673 197.34 -0.0263916 0.99874 0.042694 -7.02576 -0.934801 -0.0397893 0.352937 -34.5531 
0.352609 -0.026967 0.935382 198.038 -0.0258954 0.998921 0.0385606 -7.01001 -0.935412 -0.0378189 0.35153 -34.2747 
0.351695 -0.0208708 0.935882 198.725 -0.0262628 0.999138 0.0321508 -6.9917 -0.935746 -0.0358861 0.350844 -34.0014 
0.351013 -0.0182561 0.936193 199.422 -0.0283882 0.999143 0.0301275 -6.97804 -0.93594 -0.0371519 0.350194 -33.7309 
0.349804 -0.0206283 0.936596 200.123 -0.0300614 0.998996 0.0332301 -6.96339 -0.936341 -0.0397794 0.348832 -33.4565 
0.348753 -0.0244056 0.936897 200.803 -0.0307098 0.998827 0.0374504 -6.95374 -0.936712 -0.0418329 0.347594 -33.1927 
0.346441 -0.0234757 0.937778 201.506 -0.0351184 0.998661 0.0379736 -6.94142 -0.937414 -0.0460889 0.345153 -32.9165 
0.341514 -0.0233102 0.939588 202.206 -0.0378911 0.998538 0.0385451 -6.92544 -0.939113 -0.0487657 0.340131 -32.6424 
0.334663 -0.0248927 0.942009 202.902 -0.0356766 0.9986 0.0390628 -6.89945 -0.941663 -0.0466805 0.333306 -32.3903 
0.325396 -0.0254464 0.945235 203.604 -0.0354237 0.998608 0.0390778 -6.88787 -0.944914 -0.0461995 0.324041 -32.134 
0.314947 -0.0241526 0.948802 204.304 -0.0329721 0.998794 0.0363701 -6.88129 -0.948537 -0.0427386 0.313771 -31.8909 
0.304267 -0.0208956 0.952357 204.999 -0.0338255 0.998892 0.0327235 -6.86762 -0.951986 -0.0421707 0.303224 -31.6655 
0.292731 -0.0209227 0.955966 205.705 -0.0369831 0.998765 0.0331842 -6.84858 -0.955479 -0.0450686 0.291596 -31.4357 
0.281788 -0.0291199 0.959035 206.418 -0.0321852 0.99869 0.0397808 -6.83553 -0.958937 -0.0420765 0.280482 -31.2262 
0.272757 -0.0374957 0.961352 207.135 -0.0281143 0.998503 0.0469214 -6.81981 -0.961672 -0.0398259 0.271294 -31.0176 
0.266007 -0.0430271 0.96301 207.849 -0.0276443 0.998252 0.0522378 -6.79911 -0.963575 -0.0405174 0.264352 -30.8177 
0.26166 -0.0440034 0.964157 208.56 -0.0333182 0.997953 0.054588 -6.77237 -0.964585 -0.0464074 0.259658 -30.6058 
0.259076 -0.0459055 0.964766 209.276 -0.0323781 0.997896 0.0561767 -6.74621 -0.965314 -0.0457912 0.257044 -30.4048 
0.257305 -0.0467773 0.965197 209.994 -0.0314093 0.997895 0.0567352 -6.71552 -0.96582 -0.0449144 0.255294 -30.1989 
0.25656 -0.0446079 0.965499 210.708 -0.0320372 0.997993 0.0546225 -6.68602 -0.965997 -0.0449458 0.254616 -29.9938 
0.255516 -0.0424532 0.965872 211.43 -0.0358473 0.997933 0.0533456 -6.65306 -0.96614 -0.0482546 0.253466 -29.7765 
0.2561 -0.043265 0.965682 212.16 -0.0358656 0.997885 0.0542194 -6.62216 -0.965985 -0.0485203 0.254007 -29.5692 
0.258032 -0.0445294 0.96511 212.887 -0.036798 0.99776 0.0558742 -6.59397 -0.965435 -0.0499315 0.255815 -29.3637 
0.259559 -0.0464305 0.96461 213.617 -0.0349892 0.997736 0.0574399 -6.56857 -0.965093 -0.04866 0.257347 -29.1588 
0.26123 -0.0473781 0.964113 214.357 -0.0313782 0.99785 0.057538 -6.5389 -0.964766 -0.0452828 0.259182 -28.9537 
0.264531 -0.0483627 0.963164 215.101 -0.0305546 0.99782 0.0584946 -6.49885 -0.963893 -0.0449027 0.262476 -28.738 
0.268299 -0.0498641 0.962044 215.845 -0.0323651 0.997629 0.0607346 -6.4675 -0.962792 -0.0474317 0.266049 -28.5076 
0.273719 -0.0540655 0.960289 216.591 -0.0330615 0.9973 0.0655731 -6.43016 -0.961241 -0.0496972 0.271193 -28.281 
0.278927 -0.0577798 0.958572 217.343 -0.0336867 0.996985 0.0698975 -6.39028 -0.959721 -0.0517875 0.27614 -28.0462 
0.282993 -0.0579028 0.957373 218.089 -0.0343995 0.996921 0.070463 -6.35272 -0.958505 -0.0528736 0.28013 -27.8065 
0.287616 -0.0535349 0.956248 218.837 -0.039717 0.996911 0.0677573 -6.3195 -0.956922 -0.0574674 0.284601 -27.5631 
0.292123 -0.0476104 0.955195 219.581 -0.0443923 0.997009 0.0632709 -6.27252 -0.95535 -0.0608862 0.289136 -27.3104 
0.296709 -0.0444531 0.953933 220.321 -0.0479895 0.99696 0.0613848 -6.22901 -0.953761 -0.0639922 0.293674 -27.056 
0.300973 -0.0447096 0.952584 221.067 -0.0500345 0.996784 0.0625928 -6.1965 -0.952319 -0.0665008 0.297768 -26.8004 
0.305232 -0.0422692 0.951339 221.834 -0.0519315 0.996789 0.0609505 -6.16113 -0.950861 -0.0680086 0.302057 -26.5412 
0.309155 -0.0393239 0.950198 222.575 -0.0524836 0.996917 0.0583334 -6.12399 -0.949562 -0.0679039 0.306138 -26.2861 
0.314005 -0.0387 0.948632 223.325 -0.0528991 0.996904 0.0581794 -6.08802 -0.947946 -0.0684504 0.310986 -26.0236 
0.318368 -0.0399963 0.947123 224.081 -0.0532526 0.996777 0.0599937 -6.0539 -0.94647 -0.0695369 0.315212 -25.7493 
0.322944 -0.0405803 0.945548 224.824 -0.048801 0.997037 0.0594577 -6.02344 -0.945159 -0.0653452 0.320006 -25.488 
0.327142 -0.040301 0.944115 225.564 -0.0458953 0.997234 0.0584715 -5.99241 -0.94386 -0.062459 0.324387 -25.218 
0.331248 -0.0381069 0.942774 226.3 -0.0468695 0.997286 0.0567782 -5.95864 -0.942379 -0.062995 0.328562 -24.9415 
0.335974 -0.0385146 0.941084 227.045 -0.0511446 0.996943 0.0590597 -5.92319 -0.940482 -0.0679738 0.332977 -24.6548 
0.340634 -0.0388745 0.939392 227.795 -0.0540135 0.996686 0.0608315 -5.89031 -0.938643 -0.0714611 0.337405 -24.3625 
0.344809 -0.0365957 0.937959 228.534 -0.0507817 0.997049 0.0575694 -5.86448 -0.937298 -0.0674816 0.341933 -24.0781 
0.348995 -0.0299246 0.936647 229.268 -0.0493654 0.997515 0.0502629 -5.83554 -0.935824 -0.0637794 0.34665 -23.7986 
0.352302 -0.0235067 0.935591 230.003 -0.0553473 0.997412 0.0459013 -5.80408 -0.934248 -0.0679535 0.350089 -23.4983 
0.355744 -0.0252393 0.934243 230.734 -0.0601107 0.996948 0.0498225 -5.77807 -0.932648 -0.073882 0.353141 -23.1967 
0.357863 -0.0355697 0.933096 231.472 -0.0593785 0.996385 0.0607553 -5.74876 -0.931884 -0.0771479 0.354457 -22.8903 
0.359762 -0.0478347 0.931817 232.22 -0.0558936 0.995787 0.0726984 -5.70606 -0.931369 -0.0782367 0.355572 -22.5931 
0.36179 -0.0558144 0.930587 232.963 -0.0565723 0.995052 0.0816749 -5.66383 -0.930542 -0.0821946 0.356842 -22.2926 
0.363743 -0.0575744 0.929718 233.698 -0.0585798 0.994699 0.0845172 -5.62015 -0.929656 -0.0852052 0.358442 -21.9812 
0.366673 -0.0531492 0.928831 234.432 -0.0578895 0.995129 0.0797959 -5.57359 -0.928547 -0.0830285 0.36181 -21.6786 
0.370997 -0.0473941 0.927424 235.167 -0.0564807 0.995696 0.073477 -5.52439 -0.926915 -0.0796413 0.366723 -21.3771 
0.375431 -0.0425049 0.925875 235.874 -0.0570817 0.995991 0.0688698 -5.47934 -0.925091 -0.0787064 0.3715 -21.0679 
0.379642 -0.040187 0.92426 236.611 -0.0558878 0.996235 0.0662726 -5.43441 -0.923444 -0.0768148 0.375967 -20.7565 
0.383568 -0.0380809 0.922727 237.324 -0.0549599 0.996437 0.0639692 -5.39471 -0.921876 -0.0752495 0.380109 -20.4386 
0.387542 -0.0396131 0.921 238.056 -0.0534388 0.996431 0.0653437 -5.35404 -0.920302 -0.0745406 0.384042 -20.1157 
0.390732 -0.0447366 0.919417 238.784 -0.0521475 0.996139 0.0706314 -5.31938 -0.919026 -0.0755432 0.38689 -19.7888 
0.393837 -0.0505536 0.917789 239.517 -0.0502201 0.995812 0.0764015 -5.27358 -0.917807 -0.0761812 0.389649 -19.4609 
0.396375 -0.0562845 0.916362 240.261 -0.0483639 0.995453 0.0820624 -5.22397 -0.916814 -0.0768462 0.391851 -19.1322 
0.398366 -0.0615723 0.915157 240.994 -0.0465775 0.995099 0.087226 -5.17022 -0.916043 -0.0773736 0.393546 -18.7969 
0.399737 -0.0681932 0.91409 241.733 -0.0452553 0.994544 0.0939858 -5.11242 -0.915512 -0.078937 0.39447 -18.4576 
0.401368 -0.0688286 0.913327 242.471 -0.0456194 0.994433 0.0949885 -5.05516 -0.91478 -0.0797907 0.395993 -18.1191 
0.403142 -0.0578509 0.913307 243.192 -0.0542762 0.994732 0.0869665 -5.00804 -0.913527 -0.0846307 0.397878 -17.7729 
0.403824 -0.0442523 0.913766 243.911 -0.0560303 0.995758 0.0729848 -4.9556 -0.913119 -0.0806715 0.399632 -17.4354 
0.404667 -0.0362191 0.913747 244.637 -0.0560184 0.996357 0.0643023 -4.89868 -0.912747 -0.0772076 0.401164 -17.1 
0.40455 -0.0387418 0.913695 245.383 -0.0559382 0.996183 0.0670067 -4.85445 -0.912804 -0.078218 0.400838 -16.7577 
