1 -4.23778e-08 4.22719e-08 0 -4.23778e-08 1 -4.19404e-08 0 4.22719e-08 -4.19404e-08 1 0 
0.999991 -0.00258067 -0.00339488 -0.00632097 0.00257366 0.999995 -0.0020429 -0.00625881 0.00340022 0.00203406 0.999992 0.676668 
0.999971 -0.00130894 -0.00746116 -0.0257575 0.00128129 0.999992 -0.00369794 -0.0105339 0.00746602 0.00368819 0.999965 1.37145 
0.99993 -0.00131938 -0.0117502 -0.0402732 0.00125753 0.999985 -0.0052621 -0.0121259 0.011757 0.00524687 0.999917 2.08948 
0.999859 -0.000454644 -0.0167929 -0.0590521 0.000360974 0.999984 -0.00557557 -0.0201067 0.0167952 0.00556864 0.999843 2.82037 
0.999769 -0.00161824 -0.021431 -0.0849245 0.00149287 0.999982 -0.00586083 -0.0271761 0.0214402 0.0058274 0.999753 3.57211 
0.999655 2.25159e-05 -0.0262469 -0.115701 -0.000206613 0.999975 -0.00700815 -0.0357843 0.0262462 0.00701107 0.999631 4.33941 
0.999513 0.00253627 -0.0310938 -0.154932 -0.00277624 0.999967 -0.0076742 -0.0432032 0.0310734 0.00775671 0.999487 5.11535 
0.999355 0.00318132 -0.0357551 -0.189432 -0.003398 0.999976 -0.00599862 -0.054202 0.0357353 0.00611616 0.999342 5.90475 
0.999181 0.00209223 -0.0404131 -0.22897 -0.00223122 0.999992 -0.00339243 -0.0615683 0.0404058 0.00347973 0.999177 6.71444 
0.999029 0.00144941 -0.044029 -0.272117 -0.00148413 0.999999 -0.000754091 -0.0705857 0.0440279 0.000818618 0.99903 7.5296 
0.998897 0.00299585 -0.0468503 -0.325546 -0.00306878 0.999994 -0.00148307 -0.0763926 0.0468456 0.00162512 0.998901 8.35898 
0.998769 0.0027717 -0.0495265 -0.374458 -0.00286856 0.999994 -0.00188309 -0.081254 0.0495211 0.00202275 0.998771 9.19045 
0.998689 -0.000372091 -0.0511765 -0.422707 0.000246702 0.999997 -0.00245481 -0.0861862 0.0511773 0.00243888 0.998687 10.0238 
0.998576 -0.000285537 -0.0533401 -0.480191 0.000200075 0.999999 -0.001606 -0.0955074 0.0533406 0.00159296 0.998575 10.8713 
0.998501 -0.00197532 -0.0546885 -0.537012 0.0018733 0.999996 -0.00191504 -0.102466 0.0546922 0.00180964 0.998502 11.7279 
0.998421 7.84445e-05 -0.0561703 -0.60643 -0.000319013 0.999991 -0.00427241 -0.114316 0.0561695 0.0042835 0.998412 12.5831 
0.998339 0.000437363 -0.0576082 -0.667861 -0.000832046 0.999976 -0.00682592 -0.126183 0.0576039 0.00686243 0.998316 13.4516 
0.998219 0.00439391 -0.0594888 -0.734748 -0.00489716 0.999953 -0.00831499 -0.141308 0.0594496 0.00859142 0.998194 14.3322 
0.99816 0.0051409 -0.0604236 -0.802334 -0.00562148 0.999954 -0.00778486 -0.156551 0.0603809 0.00811012 0.998142 15.2172 
0.998082 0.00411873 -0.061763 -0.871265 -0.00451469 0.99997 -0.00627149 -0.170752 0.0617354 0.00653821 0.998071 16.1122 
0.997979 0.00457929 -0.0633839 -0.936379 -0.00489108 0.999977 -0.00476349 -0.182479 0.0633607 0.00506379 0.997978 17.0165 
0.997928 0.0041021 -0.0642109 -1.01075 -0.00442494 0.999978 -0.00488514 -0.193709 0.0641895 0.00515906 0.997924 17.9212 
0.997802 0.00399711 -0.0661371 -1.07766 -0.00438387 0.999974 -0.00570243 -0.207662 0.0661126 0.00597975 0.997794 18.8264 
0.997714 0.00268684 -0.0675292 -1.14519 -0.00312015 0.999975 -0.00631074 -0.221155 0.0675107 0.00650693 0.997697 19.7389 
0.99769 0.0027743 -0.0678724 -1.22248 -0.00310261 0.999984 -0.00473107 -0.232741 0.0678582 0.00493063 0.997683 20.6603 
0.997702 0.00396834 -0.0676399 -1.30488 -0.00406554 0.999991 -0.00129813 -0.246545 0.0676342 0.00157006 0.997709 21.5894 
0.997793 0.00501856 -0.0662123 -1.39108 -0.00491728 0.999986 0.00169375 -0.248166 0.06622 -0.00136451 0.997804 22.5239 
0.997904 0.00379608 -0.0646007 -1.46363 -0.00349614 0.999982 0.0047566 -0.258544 0.0646177 -0.00452086 0.9979 23.4632 
0.997979 0.00399059 -0.063423 -1.52931 -0.00364822 0.999978 0.00551426 -0.262286 0.0634437 -0.00527182 0.997971 24.4089 
0.998066 0.0043843 -0.0620094 -1.60309 -0.00422741 0.999987 0.00266225 -0.269521 0.0620203 -0.00239505 0.998072 25.3569 
0.99814 0.0052417 -0.0607434 -1.68325 -0.00537935 0.999983 -0.00210152 -0.277279 0.0607315 0.00242429 0.998151 26.3018 
0.998204 0.00431922 -0.0597562 -1.74651 -0.00463976 0.999976 -0.00522513 -0.285059 0.0597322 0.00549291 0.998199 27.2583 
0.998264 0.00139867 -0.0588758 -1.81761 -0.00164435 0.99999 -0.00412326 -0.298273 0.0588695 0.00421283 0.998257 28.2284 
0.998227 -2.74998e-05 -0.0595174 -1.88009 7.38279e-05 1 0.000777577 -0.308226 0.0595174 -0.000780679 0.998227 29.2039 
0.998179 -0.00414631 -0.0601723 -1.94748 0.00442161 0.99998 0.00444416 -0.321427 0.0601528 -0.00470221 0.998178 30.1729 
0.99806 -0.0111686 -0.061253 -2.01324 0.0114143 0.999928 0.00366387 -0.328697 0.0612078 -0.00435601 0.998115 31.147 
0.997949 -0.0137088 -0.062522 -2.08189 0.0137335 0.999906 -3.37479e-05 -0.33872 0.0625166 -0.000825055 0.998043 32.1089 
0.997891 -0.0127171 -0.0636515 -2.16074 0.0124588 0.999912 -0.00445198 -0.344248 0.0637026 0.00364948 0.997962 33.0756 
0.997757 -0.0113056 -0.0659722 -2.23789 0.0109992 0.999927 -0.00500377 -0.359458 0.066024 0.00426682 0.997809 34.0583 
0.997721 -0.0113176 -0.066514 -2.3197 0.0110881 0.999931 -0.00381699 -0.370558 0.0665527 0.00307069 0.997778 35.0504 
0.997662 -0.0077276 -0.067902 -2.40544 0.00765694 0.99997 -0.00129961 -0.382783 0.0679101 0.000776566 0.997691 36.0584 
0.997612 -0.00742148 -0.0686714 -2.49456 0.00741365 0.999972 -0.000367731 -0.39258 0.0686723 -0.00014234 0.997639 37.0476 
0.997557 -0.0058223 -0.0696124 -2.58212 0.00599984 0.999979 0.00234275 -0.410294 0.0695974 -0.00275477 0.997571 38.0252 
0.997594 -0.00510448 -0.0691443 -2.66564 0.0054647 0.999972 0.00502263 -0.416519 0.0691168 -0.00538848 0.997594 39.0278 
0.997572 0.000830725 -0.0696301 -2.76378 -0.000320862 0.999973 0.00733449 -0.424118 0.0696344 -0.00729443 0.997546 40.022 
0.997565 0.000628949 -0.0697398 -2.84773 -0.000169683 0.999978 0.00659232 -0.430872 0.0697425 -0.00656452 0.997543 41.0166 
0.997555 0.000837171 -0.0698738 -2.92315 -0.000506682 0.999989 0.00474855 -0.433387 0.0698771 -0.00470163 0.997544 42.0154 
0.997565 0.00302134 -0.0696798 -3.01721 -0.00285109 0.999993 0.00254383 -0.442522 0.0696871 -0.00233906 0.997566 43.0084 
0.997519 0.00270061 -0.0703418 -3.10404 -0.00253418 0.999994 0.00245632 -0.450544 0.070348 -0.00227205 0.99752 44.0047 
0.997419 0.00073392 -0.0718 -3.18648 -0.000450925 0.999992 0.0039587 -0.464317 0.0718024 -0.00391619 0.997411 45.0057 
0.997384 0.00155902 -0.072263 -3.27392 -0.00120003 0.999987 0.00501201 -0.476154 0.0722699 -0.00491227 0.997373 45.9922 
0.997353 0.00403226 -0.0726033 -3.35873 -0.00393909 0.999991 0.00142762 -0.49242 0.0726085 -0.00113794 0.99736 46.9679 
0.997285 0.00456525 -0.0734895 -3.44784 -0.00478673 0.999984 -0.00283678 -0.503934 0.0734755 0.00318076 0.997292 47.9363 
0.997226 0.00560008 -0.0742252 -3.53189 -0.00593499 0.999973 -0.00429119 -0.515823 0.0741992 0.00471972 0.997232 48.9107 
0.997224 0.00428867 -0.0743391 -3.61523 -0.00435879 0.99999 -0.000779927 -0.531197 0.0743351 0.0011017 0.997233 49.8905 
0.997213 0.00249662 -0.074559 -3.69568 -0.00232985 0.999994 0.00232464 -0.544078 0.0745645 -0.00214454 0.997214 50.8635 
0.997192 0.000532606 -0.0748781 -3.7763 -0.000311474 0.999995 0.00296596 -0.55692 0.0748795 -0.0029344 0.997188 51.827 
0.997185 -0.00263427 -0.0749379 -3.85776 0.00278145 0.999994 0.00186073 -0.569526 0.0749327 -0.00206402 0.997186 52.7859 
0.997148 -0.00537786 -0.0752719 -3.93881 0.00542486 0.999985 0.000421076 -0.58005 0.0752686 -0.000828302 0.997163 53.7467 
0.997045 -0.00702861 -0.076491 -4.02129 0.00717003 0.999973 0.00157551 -0.590407 0.076478 -0.00211939 0.997069 54.7018 
0.996922 -0.0102403 -0.0777304 -4.10116 0.0107012 0.999927 0.00551605 -0.597988 0.0776684 -0.00633096 0.996959 55.653 
0.996844 -0.011116 -0.0785964 -4.18144 0.0119924 0.999871 0.010688 -0.606908 0.0784675 -0.0115969 0.996849 56.6077 
0.996831 -0.00961724 -0.0789657 -4.27152 0.0106566 0.999862 0.0127519 -0.609915 0.0788323 -0.0135531 0.996796 57.5547 
0.996721 -0.00843155 -0.080479 -4.35902 0.00917703 0.999918 0.0088986 -0.619739 0.0803975 -0.00960806 0.996716 58.4914 
0.99663 -0.0068753 -0.0817357 -4.45054 0.0069957 0.999975 0.00118774 -0.62611 0.0817256 -0.00175563 0.996653 59.4131 
0.996577 -0.00542588 -0.0824942 -4.54267 0.00512943 0.99998 -0.00380416 -0.634349 0.0825132 0.0033679 0.996584 60.3227 
0.996495 -0.00052355 -0.0836524 -4.63409 0.000288777 0.999996 -0.00281764 -0.651305 0.0836537 0.00278352 0.996491 61.2337 
0.996375 0.00220715 -0.0850343 -4.72511 -0.00223244 0.999997 -0.000201362 -0.671083 0.0850337 0.000390379 0.996378 62.1336 
0.99629 0.00457728 -0.0859405 -4.81549 -0.00446056 0.999989 0.00155108 -0.69096 0.0859468 -0.00116207 0.996299 63.0173 
0.996194 0.00538542 -0.0869971 -4.90567 -0.00529223 0.999985 0.00130269 -0.703552 0.0870029 -0.000837407 0.996208 63.8807 
0.996058 0.00684723 -0.0884399 -4.99753 -0.00668715 0.999975 0.00210712 -0.716673 0.0884523 -0.00150749 0.996079 64.7294 
0.99592 0.00761998 -0.0899213 -5.08438 -0.0073916 0.999968 0.00287345 -0.733259 0.0899404 -0.00219715 0.995945 65.5707 
0.995791 0.0075976 -0.0913361 -5.1703 -0.00729633 0.999967 0.00363283 -0.751632 0.0913608 -0.00295121 0.995813 66.3924 
0.995668 0.00741357 -0.0926798 -5.25709 -0.00703167 0.999965 0.00444729 -0.759 0.0927096 -0.00377642 0.995686 67.1989 
0.995501 0.00987216 -0.094236 -5.34799 -0.00923672 0.999931 0.00717769 -0.766715 0.0943005 -0.00627506 0.995524 68.0022 
0.995351 0.01155 -0.0956141 -5.43571 -0.0105107 0.99988 0.0113671 -0.776806 0.095734 -0.0103093 0.995353 68.7873 
0.995137 0.0145453 -0.0974227 -5.52396 -0.0133392 0.999826 0.0130206 -0.782358 0.0975952 -0.0116579 0.995158 69.56 
0.994982 0.017566 -0.0984995 -5.6221 -0.0167451 0.999818 0.00915576 -0.796333 0.0986425 -0.00746052 0.995095 70.309 
0.994841 0.017716 -0.0998901 -5.70833 -0.0176258 0.999843 0.00178581 -0.80407 0.0999061 -1.60441e-05 0.994997 71.0363 
0.994717 0.0168817 -0.101256 -5.79315 -0.017369 0.999841 -0.00393216 -0.811213 0.101174 0.00567003 0.994852 71.7461 
0.994688 0.0177736 -0.101393 -5.8822 -0.0184014 0.999817 -0.0052591 -0.818329 0.101281 0.00709686 0.994832 72.4377 
0.994543 0.0204815 -0.102296 -5.96711 -0.0207821 0.999782 -0.00187279 -0.828567 0.102235 0.0039884 0.994752 73.1145 
0.994394 0.020713 -0.103687 -6.04675 -0.0207777 0.999784 0.000456336 -0.845766 0.103675 0.00170052 0.99461 73.77 
0.994342 0.0178202 -0.104716 -6.12132 -0.0182131 0.99983 -0.0027961 -0.859063 0.104649 0.0046874 0.994498 74.4057 
0.994465 0.00977089 -0.104611 -6.18836 -0.0106458 0.999913 -0.00780771 -0.872563 0.104526 0.00887808 0.994482 75.023 
0.994593 0.00567023 -0.103697 -6.25403 -0.00703954 0.999893 -0.012843 -0.881425 0.103613 0.0135035 0.994526 75.6229 
0.994872 0.00807764 -0.100815 -6.31646 -0.00942843 0.999872 -0.0129286 -0.898542 0.100698 0.0138127 0.994821 76.2077 
0.995242 0.0132267 -0.0965352 -6.39179 -0.0142409 0.99985 -0.00982324 -0.915759 0.0963909 0.0111512 0.995281 76.7774 
0.995708 0.0114031 -0.0918429 -6.44769 -0.0120739 0.999904 -0.00675054 -0.928427 0.0917572 0.00783038 0.995751 77.336 
0.996262 0.00782974 -0.0860267 -6.49593 -0.00809254 0.999964 -0.00270562 -0.939865 0.0860025 0.00339159 0.996289 77.879 
0.996936 0.00339452 -0.0781507 -6.5286 -0.00332814 0.999994 0.000980678 -0.955945 0.0781537 -0.000717663 0.996941 78.4101 
0.997693 0.00706223 -0.0675142 -6.56659 -0.00702614 0.999975 0.000773128 -0.965708 0.0675181 -0.000297067 0.997718 78.9239 
0.998556 0.0122816 -0.0522983 -6.60298 -0.0122867 0.999924 0.00022523 -0.975166 0.0522972 0.000417586 0.998631 79.424 
0.99926 0.0174876 -0.0342676 -6.62313 -0.0174751 0.999847 0.000664769 -0.981073 0.0342741 -6.55309e-05 0.999412 79.9197 
0.999797 0.0159375 -0.0123079 -6.61579 -0.0159275 0.999873 0.000922409 -0.982735 0.0123211 -0.000726272 0.999924 80.3995 
0.999823 0.0124772 0.0140886 -6.59361 -0.0125048 0.99992 0.00187132 -0.993342 -0.0140641 -0.00204724 0.999899 80.8679 
0.998979 0.0114251 0.0436972 -6.55686 -0.0115806 0.999927 0.00330613 -0.999773 -0.0436562 -0.00380888 0.999039 81.3169 
0.99698 0.0111697 0.0768458 -6.50597 -0.0115585 0.999922 0.00461621 -1.00634 -0.0767882 -0.00549058 0.997032 81.7666 
0.993358 0.0110211 0.114536 -6.4382 -0.0116536 0.99992 0.00485337 -1.01092 -0.114474 -0.00615596 0.993407 82.2001 
0.987675 0.0113107 0.156111 -6.34711 -0.0121747 0.999915 0.0045792 -1.01488 -0.156046 -0.00642344 0.987729 82.6256 
0.979449 0.0110929 0.201385 -6.24026 -0.0122485 0.999915 0.0044928 -1.02308 -0.201318 -0.00686722 0.979502 83.0334 
0.968022 0.0134054 0.250508 -6.11489 -0.0144165 0.999894 0.00220133 -1.0337 -0.250452 -0.00574247 0.968112 83.4277 
0.95264 0.0142241 0.303767 -5.96801 -0.0147476 0.999891 -0.000570974 -1.04494 -0.303742 -0.00393598 0.952746 83.8006 
0.932991 0.0147095 0.3596 -5.79427 -0.0145688 0.999889 -0.00310201 -1.04908 -0.359605 -0.00234484 0.933101 84.1627 
0.908886 0.0152172 0.416766 -5.59873 -0.0144475 0.999883 -0.00500129 -1.05789 -0.416793 -0.00147571 0.909 84.5059 
0.879922 0.015475 0.474866 -5.38924 -0.0137391 0.99988 -0.00712604 -1.06466 -0.474919 -0.000253919 0.880029 84.8248 
0.846512 0.0138517 0.53219 -5.15704 -0.0105579 0.999902 -0.00923168 -1.07445 -0.532265 0.00219586 0.846575 85.121 
0.809716 0.0133446 0.586671 -4.90729 -0.00904767 0.999906 -0.010257 -1.08771 -0.586753 0.00299717 0.809761 85.3995 
0.769662 0.0120136 0.638339 -4.64395 -0.00813604 0.999926 -0.00900899 -1.10064 -0.6384 0.00174028 0.769703 85.6631 
0.726545 0.0116897 0.68702 -4.36263 -0.00932748 0.999931 -0.0071499 -1.10669 -0.687056 -0.00121348 0.726604 85.9157 
0.680537 0.0104098 0.732639 -4.07023 -0.00845235 0.999944 -0.00635674 -1.11935 -0.732664 -0.00186657 0.680587 86.147 
0.633315 0.00926105 0.773839 -3.76134 -0.00510567 0.999957 -0.00778877 -1.12656 -0.773877 0.000981749 0.633335 86.3555 
0.585858 0.00669652 0.810386 -3.43899 0.000421921 0.999963 -0.00856821 -1.13686 -0.810414 0.00536164 0.585834 86.5382 
0.538512 0.00861436 0.842574 -3.1147 -0.00157832 0.999956 -0.00921478 -1.15042 -0.842616 0.00363239 0.538502 86.71 
0.490585 0.0115577 0.871316 -2.78673 -0.0053573 0.999933 -0.0102475 -1.16129 -0.871376 0.000359341 0.490615 86.8701 
0.444458 0.0138509 0.895693 -2.45607 -0.0059669 0.999904 -0.0125017 -1.17019 -0.89578 0.000211936 0.444498 87.008 
0.401961 0.0112449 0.915588 -2.1078 0.00132457 0.999916 -0.0128623 -1.17701 -0.915656 0.00638287 0.401912 87.1183 
0.362038 0.00383131 0.932155 -1.74862 0.0162891 0.999813 -0.010436 -1.1795 -0.932021 0.0189622 0.361908 87.208 
0.326491 0.000225542 0.9452 -1.39049 0.0206359 0.99976 -0.0073667 -1.18403 -0.944975 0.0219102 0.326407 87.2976 
0.293138 0.00455277 0.956059 -1.02995 0.0177805 0.99979 -0.0102128 -1.1913 -0.955905 0.019993 0.292996 87.3936 
0.262091 0.0122546 0.964965 -0.666765 0.00716474 0.999867 -0.0146439 -1.20662 -0.965016 0.0107517 0.261968 87.4918 
0.23346 0.0164869 0.972227 -0.291449 0.00215002 0.999845 -0.0174716 -1.22756 -0.972364 0.00616922 0.233388 87.5781 
0.207683 0.0183416 0.978024 0.0996778 0.00416033 0.999799 -0.0196335 -1.23963 -0.978187 0.00814643 0.207565 87.6457 
0.184375 0.0197133 0.982658 0.511627 0.0118687 0.999681 -0.0222818 -1.24874 -0.982784 0.0157711 0.184083 87.7026 
0.16407 0.0260407 0.986105 0.918476 0.0189988 0.999383 -0.0295525 -1.25143 -0.986266 0.0235834 0.163473 87.7478 
0.144266 0.0327392 0.988997 1.33637 0.0209717 0.999127 -0.0361338 -1.25444 -0.989317 0.0259538 0.143453 87.7976 
0.126518 0.0334167 0.991401 1.77647 0.0186832 0.999175 -0.0360631 -1.26909 -0.991788 0.0230852 0.125789 87.8537 
0.110989 0.0292569 0.993391 2.21219 0.0168156 0.999368 -0.0313118 -1.29299 -0.993679 0.0201797 0.110427 87.9032 
0.0963215 0.0260695 0.995009 2.68184 0.0171254 0.999465 -0.0278441 -1.31034 -0.995203 0.0197219 0.0958235 87.9494 
0.0827953 0.0237844 0.996283 3.15342 0.018542 0.999505 -0.0254023 -1.33077 -0.996394 0.0205763 0.0823133 87.989 
0.0711285 0.0228691 0.997205 3.65183 0.0222546 0.999452 -0.0245081 -1.34904 -0.997219 0.0239357 0.0705806 88.0179 
0.0608817 0.0235954 0.997866 4.16108 0.0255789 0.999355 -0.0251913 -1.36474 -0.997817 0.027058 0.0602389 88.0431 
0.0530415 0.0240741 0.998302 4.69596 0.0280129 0.99928 -0.0255861 -1.38092 -0.998199 0.0293225 0.0523289 88.0708 
0.047512 0.0245285 0.998569 5.2381 0.0293871 0.999231 -0.0259431 -1.39681 -0.998438 0.0305777 0.0467546 88.0943 
0.0418973 0.0256194 0.998793 5.80292 0.030512 0.999172 -0.0269091 -1.41485 -0.998656 0.0316026 0.0410809 88.1197 
0.035916 0.0262891 0.999009 6.39247 0.0310232 0.999143 -0.027408 -1.43383 -0.998873 0.0319769 0.0350697 88.1471 
0.0312707 0.0264707 0.99916 6.9859 0.0328928 0.99908 -0.0274981 -1.45189 -0.998969 0.0337251 0.0303712 88.1765 
0.0286435 0.0261109 0.999249 7.60561 0.0350492 0.999018 -0.0271097 -1.4749 -0.998975 0.0357994 0.0277002 88.1906 
0.0255159 0.0256797 0.999344 8.24148 0.0360611 0.998996 -0.0265916 -1.49689 -0.999024 0.0367159 0.0245642 88.2121 
0.0232101 0.0249735 0.999419 8.8979 0.0380282 0.998942 -0.0258448 -1.51876 -0.999007 0.0386059 0.0222359 88.2301 
0.0225566 0.02485 0.999437 9.57377 0.0423449 0.99877 -0.0257892 -1.53863 -0.998848 0.0429028 0.0214765 88.2476 
0.0234614 0.0244261 0.999426 10.262 0.0458574 0.998623 -0.0254831 -1.56082 -0.998672 0.046429 0.022309 88.268 
0.0258182 0.0244037 0.999369 10.9656 0.0475114 0.998542 -0.0256111 -1.58132 -0.998537 0.0481427 0.0246211 88.2952 
0.0298021 0.0244099 0.999258 11.6931 0.0497242 0.998428 -0.0258727 -1.60409 -0.998318 0.0504584 0.0285415 88.3224 
0.0342351 0.0239823 0.999126 12.4371 0.0503508 0.998401 -0.0256902 -1.62457 -0.998145 0.0511863 0.0329728 88.3546 
0.0381176 0.0223926 0.999022 13.1886 0.0516877 0.998366 -0.0243501 -1.64785 -0.997936 0.0525653 0.0368979 88.3956 
0.0420125 0.0209219 0.998898 13.9525 0.0513942 0.998412 -0.0230734 -1.67171 -0.997794 0.0523069 0.0408705 88.443 
0.0460299 0.0188848 0.998761 14.7366 0.0483237 0.998609 -0.0211091 -1.69467 -0.99777 0.0492355 0.0450532 88.4959 
0.0502235 0.0177543 0.99858 15.5357 0.0475885 0.998664 -0.0201493 -1.71897 -0.997604 0.0485329 0.0493115 88.5489 
0.0543823 0.0187148 0.998345 16.3372 0.0447471 0.998774 -0.0211604 -1.74532 -0.997517 0.0458238 0.0534782 88.6064 
0.0573284 0.0229536 0.998091 17.1396 0.0428035 0.99876 -0.0254276 -1.77046 -0.997437 0.0441796 0.0562748 88.6689 
0.0585678 0.0284521 0.997878 17.9527 0.0369312 0.998848 -0.0306475 -1.79841 -0.9976 0.0386478 0.0574496 88.7396 
0.0582102 0.0316112 0.997804 18.7689 0.0343704 0.998842 -0.0336493 -1.82813 -0.997712 0.0362536 0.0570563 88.8057 
0.0584972 0.0310046 0.997806 19.5903 0.03211 0.998942 -0.0329225 -1.86637 -0.997771 0.0339654 0.0574397 88.8661 
0.0583057 0.0295644 0.997861 20.4059 0.0293768 0.999078 -0.031317 -1.90097 -0.997866 0.0311399 0.0573835 88.9334 
0.0580749 0.0283619 0.997909 21.2331 0.0302648 0.999087 -0.0301567 -1.93454 -0.997853 0.0319528 0.0571635 88.9944 
0.0582122 0.0278478 0.997916 22.0538 0.0275648 0.999185 -0.0294913 -1.97013 -0.997924 0.0292241 0.0573972 89.0598 
0.0583505 0.0282609 0.997896 22.874 0.0259851 0.999217 -0.0298179 -2.00396 -0.997958 0.0276703 0.0575705 89.1223 
0.058434 0.0288603 0.997874 23.693 0.023071 0.999276 -0.0302519 -2.04157 -0.998025 0.0247896 0.0577259 89.1837 
0.0570873 0.030062 0.997916 24.5048 0.020052 0.99931 -0.0312512 -2.07826 -0.998168 0.0217943 0.0564451 89.2478 
0.0546149 0.0299619 0.998058 25.325 0.0170698 0.999376 -0.0309356 -2.11119 -0.998361 0.0187262 0.0540693 89.3033 
0.0507596 0.0285446 0.998303 26.1364 0.0146649 0.999462 -0.0293235 -2.149 -0.998603 0.0161285 0.0503138 89.3573 
0.0463046 0.0263487 0.99858 26.9602 0.0132474 0.999548 -0.0269886 -2.18154 -0.998839 0.0144783 0.0459347 89.3997 
0.0399619 0.0243639 0.998904 27.7664 0.0111693 0.999629 -0.0248285 -2.21711 -0.999139 0.0121492 0.039675 89.4447 
0.032589 0.0247767 0.999162 28.5763 0.0111426 0.999621 -0.0251516 -2.24568 -0.999407 0.011953 0.0323006 89.4796 
0.0238751 0.0257161 0.999384 29.3837 0.0108604 0.999603 -0.0259813 -2.27661 -0.999656 0.011474 0.0235863 89.5107 
0.0140485 0.0263513 0.999554 30.1875 0.0115663 0.999581 -0.0265147 -2.30431 -0.999834 0.0119336 0.0137378 89.5265 
0.00363166 0.0254881 0.999668 30.9904 0.0129303 0.99959 -0.0255331 -2.33477 -0.99991 0.0130188 0.0033006 89.5405 
-0.00699752 0.0246174 0.999672 31.7788 0.0117818 0.999629 -0.024534 -2.3667 -0.999906 0.0116062 -0.00728496 89.541 
-0.017994 0.0237243 0.999557 32.5674 0.0134111 0.999634 -0.0234848 -2.39779 -0.999748 0.0129826 -0.0183056 89.53 
-0.0290499 0.0240608 0.999288 33.3485 0.0135051 0.999628 -0.0236765 -2.43049 -0.999487 0.0128077 -0.0293641 89.5134 
-0.040041 0.0248385 0.998889 34.1258 0.0141086 0.999605 -0.0242908 -2.45832 -0.999098 0.0131203 -0.0403756 89.4881 
-0.0506717 0.0259261 0.998379 34.8925 0.013551 0.999589 -0.0252698 -2.49107 -0.998623 0.0122486 -0.0510022 89.4529 
-0.0608914 0.0270046 0.997779 35.6615 0.0143117 0.999555 -0.0261794 -2.51984 -0.998042 0.0126858 -0.0612508 89.4103 
-0.069921 0.0277358 0.997167 36.4304 0.0148078 0.999532 -0.0267633 -2.55111 -0.997443 0.0128945 -0.070299 89.3488 
-0.0797794 0.028308 0.99641 37.1903 0.0155436 0.99951 -0.0271516 -2.57863 -0.996691 0.0133216 -0.0801804 89.2955 
-0.0893188 0.0288312 0.995586 37.9319 0.0162642 0.99949 -0.0274852 -2.60855 -0.99587 0.0137374 -0.0897421 89.2398 
-0.0977972 0.0284838 0.994799 38.6653 0.0173707 0.999487 -0.0269104 -2.63671 -0.995055 0.0146486 -0.0982418 89.1679 
-0.105276 0.0273597 0.994067 39.3914 0.0192558 0.99949 -0.0254698 -2.66754 -0.994257 0.0164602 -0.105749 89.098 
-0.110334 0.0260839 0.993552 40.1123 0.0223223 0.999468 -0.0237604 -2.68972 -0.993644 0.0195568 -0.110858 89.0169 
-0.114451 0.0243511 0.99313 40.8165 0.0252478 0.999448 -0.0215964 -2.72133 -0.993108 0.0226026 -0.115003 88.9471 
-0.117001 0.0235234 0.992853 41.5269 0.0270569 0.999424 -0.0204907 -2.74368 -0.992763 0.0244661 -0.11757 88.8679 
-0.118735 0.0227705 0.992665 42.221 0.0272662 0.999435 -0.0196645 -2.76846 -0.992551 0.0247314 -0.119289 88.7906 
-0.119552 0.0232823 0.992555 42.9009 0.0278597 0.99941 -0.0200875 -2.79167 -0.992437 0.0252508 -0.12013 88.7151 
-0.118798 0.0243121 0.992621 43.5602 0.0290377 0.999358 -0.021002 -2.81873 -0.992494 0.0263285 -0.119427 88.645 
-0.116502 0.0252748 0.992869 44.214 0.0291763 0.999332 -0.0220159 -2.86273 -0.992762 0.0264033 -0.117162 88.6 
-0.111359 0.026136 0.993436 44.8384 0.0289269 0.999316 -0.0230482 -2.88183 -0.993359 0.0261704 -0.112039 88.5415 
-0.103476 0.0266463 0.994275 45.4341 0.027825 0.999327 -0.023886 -2.90916 -0.994243 0.025194 -0.104148 88.4926 
-0.0922156 0.0266072 0.995383 46.018 0.0267744 0.999348 -0.0242327 -2.93516 -0.995379 0.0244162 -0.0928678 88.4521 
-0.0784364 0.0269826 0.996554 46.5813 0.0259453 0.99935 -0.0250163 -2.95877 -0.996581 0.0238937 -0.0790855 88.4212 
-0.0612622 0.0282889 0.997721 47.1214 0.0251889 0.999324 -0.0267878 -2.98397 -0.997804 0.0234904 -0.0619334 88.4048 
-0.0398097 0.0307049 0.998735 47.6614 0.0234301 0.999282 -0.0297878 -3.01194 -0.998932 0.0222147 -0.0405005 88.4023 
-0.0150555 0.0337812 0.999316 48.1939 0.0214122 0.999211 -0.0334551 -3.03356 -0.999657 0.0208938 -0.015767 88.4143 
0.0135293 0.0354408 0.99928 48.7247 0.0195943 0.99917 -0.0357023 -3.05738 -0.999716 0.0200633 0.0128237 88.4444 
0.0473288 0.0346847 0.998277 49.2414 0.0171423 0.999221 -0.0355304 -3.08549 -0.998732 0.0187944 0.0466974 88.4831 
0.0859749 0.0321191 0.995779 49.7636 0.0159416 0.999308 -0.0336094 -3.11146 -0.99617 0.0187639 0.0854034 88.5474 
0.128798 0.0280334 0.991274 50.2691 0.0132055 0.999463 -0.0299808 -3.14214 -0.991583 0.0169517 0.128359 88.6317 
0.174756 0.0236816 0.984327 50.7714 0.0106127 0.999607 -0.0259335 -3.1655 -0.984554 0.0149784 0.174436 88.7409 
0.224073 0.0205258 0.974356 51.2636 0.00595814 0.999731 -0.0224306 -3.18751 -0.974554 0.0108315 0.223891 88.8801 
0.276589 0.0189124 0.960802 51.7363 0.00242538 0.999789 -0.0203781 -3.20453 -0.960985 0.00796666 0.276485 89.0395 
0.332702 0.0184244 0.942852 52.2115 0.00157611 0.999797 -0.0200934 -3.22304 -0.943031 0.00817113 0.332605 89.2268 
0.392268 0.0189268 0.919656 52.6649 0.00350441 0.99975 -0.0220701 -3.23834 -0.919844 0.0118802 0.392104 89.4351 
0.452447 0.0225622 0.891506 53.0852 0.00394333 0.999619 -0.0272997 -3.25302 -0.891782 0.0158672 0.452186 89.6851 
0.511769 0.0254571 0.858746 53.4801 0.00502838 0.999455 -0.0326251 -3.2729 -0.859108 0.0210146 0.511362 89.9676 
0.569813 0.0301784 0.82122 53.8477 0.000332839 0.999317 -0.0369542 -3.28488 -0.821774 0.0213303 0.569414 90.2779 
0.625323 0.0334018 0.77965 54.19 -0.00403272 0.999208 -0.0395738 -3.29813 -0.780355 0.0216023 0.624963 90.6176 
0.677922 0.0344644 0.734325 54.5034 -0.00598597 0.999126 -0.0413664 -3.31487 -0.735109 0.0236475 0.677536 90.9677 
0.72653 0.0324989 0.686365 54.7841 -0.00671282 0.999169 -0.0402045 -3.33674 -0.687101 0.0246023 0.726145 91.3323 
0.771622 0.0280711 0.635462 55.0407 -0.00834705 0.999386 -0.0340119 -3.36389 -0.636027 0.02094 0.771383 91.7078 
0.812807 0.023335 0.582066 55.279 -0.00936824 0.999592 -0.0269919 -3.37921 -0.582458 0.0164862 0.812693 92.1172 
0.849032 0.0209969 0.527924 55.4859 -0.0120539 0.99972 -0.020376 -3.39444 -0.528204 0.0109363 0.849047 92.545 
0.880137 0.0177726 0.474387 55.6764 -0.0130885 0.999827 -0.0131747 -3.40567 -0.474539 0.00538647 0.880218 92.9862 
0.905518 0.0183733 0.42391 55.8279 -0.0167617 0.999831 -0.00753047 -3.41991 -0.423976 -0.000286533 0.905673 93.4165 
0.925375 0.0203217 0.378508 55.9582 -0.0204262 0.999784 -0.00373966 -3.43374 -0.378503 -0.00427098 0.92559 93.8699 
0.940537 0.0265536 0.338651 56.074 -0.0277849 0.999613 -0.00121263 -3.44006 -0.338552 -0.00826893 0.940911 94.3343 
0.952377 0.0307033 0.303374 56.1828 -0.0315863 0.999499 -0.00199732 -3.44541 -0.303283 -0.00768035 0.952869 94.7994 
0.961592 0.0328217 0.272512 56.2886 -0.0336034 0.999434 -0.00179987 -3.44936 -0.272416 -0.00742665 0.962151 95.2699 
0.967718 0.0275057 0.250528 56.3968 -0.0280107 0.999606 -0.0015508 -3.45503 -0.250472 -0.00551681 0.968108 95.7506 
0.971663 0.0246455 0.235083 56.4953 -0.0251424 0.999683 -0.000884402 -3.46226 -0.235031 -0.00505128 0.971975 96.2422 
0.974556 0.0288155 0.222283 56.5874 -0.0292747 0.999571 -0.00123017 -3.46773 -0.222223 -0.00530848 0.974981 96.7343 
0.976524 0.034131 0.212687 56.6738 -0.0347583 0.999395 -0.000790434 -3.4687 -0.212586 -0.00662085 0.97712 97.2409 
0.977532 0.0417538 0.206611 56.7587 -0.0421905 0.999107 -0.00229454 -3.46826 -0.206522 -0.0064741 0.97842 97.7653 
0.977859 0.0478083 0.203729 56.8489 -0.0476148 0.998849 -0.00585444 -3.47664 -0.203774 -0.00397575 0.97901 98.2809 
0.977943 0.0493304 0.202961 56.9451 -0.0487178 0.99878 -0.00801678 -3.49188 -0.203109 -0.00204794 0.979154 98.8115 
0.977539 0.047703 0.205282 57.0573 -0.0463125 0.99886 -0.0115761 -3.50289 -0.2056 0.00180883 0.978634 99.3544 
0.976777 0.0463956 0.209176 57.172 -0.0435473 0.998885 -0.0182049 -3.50961 -0.209787 0.00867306 0.977709 99.9065 
0.975908 0.0465402 0.21316 57.2927 -0.0426421 0.998829 -0.0228516 -3.51752 -0.213974 0.0132114 0.97675 100.467 
0.974676 0.0515057 0.21761 57.4056 -0.0477253 0.998605 -0.0225965 -3.53115 -0.21847 0.0116386 0.975774 101.05 
0.973225 0.0544245 0.22332 57.5279 -0.0515201 0.998495 -0.0188164 -3.54392 -0.224008 0.00680705 0.974563 101.644 
0.972339 0.0511769 0.227897 57.669 -0.049201 0.998686 -0.0143471 -3.55758 -0.228331 0.00273744 0.97358 102.244 
0.971691 0.0466268 0.231608 57.8158 -0.0459047 0.998909 -0.00850939 -3.5768 -0.231752 -0.00236346 0.972772 102.856 
0.970877 0.0440778 0.235487 57.96 -0.0443616 0.999007 -0.00409574 -3.58639 -0.235434 -0.00647018 0.971869 103.488 
0.970382 0.039276 0.238361 58.1124 -0.0395276 0.999211 -0.00372612 -3.59122 -0.238319 -0.00580616 0.971169 104.126 
0.97047 0.0359286 0.238533 58.2695 -0.0353795 0.999352 -0.00658485 -3.60438 -0.238615 -0.00204885 0.971112 104.762 
0.970587 0.0350136 0.23819 58.4221 -0.032717 0.999372 -0.0135903 -3.61666 -0.238516 0.00539768 0.971123 105.415 
0.970698 0.0369933 0.23744 58.5709 -0.0331543 0.999247 -0.0201428 -3.6326 -0.238006 0.0116803 0.971193 106.079 
0.971316 0.0398799 0.234426 58.724 -0.0352276 0.999091 -0.0240015 -3.64293 -0.23517 0.0150547 0.971838 106.759 
0.972003 0.0381671 0.231848 58.8823 -0.0344895 0.999207 -0.0198967 -3.65432 -0.232423 0.0113433 0.972549 107.456 
0.972465 0.0339687 0.230559 59.0435 -0.0320258 0.999413 -0.0121655 -3.67386 -0.230837 0.00444659 0.972982 108.171 
0.972994 0.0341152 0.228294 59.2001 -0.0335473 0.999417 -0.00636942 -3.69234 -0.228378 -0.00146132 0.973571 108.902 
0.973343 0.0371265 0.22633 59.3541 -0.0364561 0.99931 -0.00714265 -3.70647 -0.226439 -0.00129895 0.974024 109.629 
0.973667 0.0427387 0.223934 59.5044 -0.0411343 0.999084 -0.0118273 -3.71711 -0.224235 0.00230441 0.974532 110.368 
0.97456 0.0433123 0.219903 59.6596 -0.0405218 0.999031 -0.0171868 -3.73016 -0.220434 0.00783862 0.97537 111.116 
0.975524 0.0419374 0.215856 59.8155 -0.0385734 0.99906 -0.0197764 -3.74868 -0.216482 0.010966 0.976225 111.874 
0.976485 0.0396232 0.211913 59.9762 -0.0365363 0.999162 -0.0184651 -3.76608 -0.212466 0.0102883 0.977114 112.641 
0.977392 0.0355039 0.208433 60.1389 -0.0328207 0.999328 -0.0163192 -3.78821 -0.208872 0.0091093 0.9779 113.437 
0.977833 0.034489 0.206525 60.2983 -0.0323645 0.999383 -0.0136583 -3.80639 -0.206868 0.00667137 0.978346 114.232 
0.978281 0.0306918 0.205 60.4603 -0.0289841 0.999516 -0.0113291 -3.82421 -0.205249 0.00514121 0.978696 115.034 
0.97851 0.0255235 0.204611 60.6216 -0.0240303 0.999663 -0.00978002 -3.84676 -0.204792 0.00465291 0.978794 115.848 
0.978678 0.02618 0.203723 60.7831 -0.0250444 0.999653 -0.00815136 -3.86455 -0.203866 0.00287536 0.978994 116.666 
0.978432 0.0316575 0.204128 60.9317 -0.0302254 0.999492 -0.0101307 -3.88225 -0.204345 0.00374226 0.978892 117.487 
0.978058 0.0373385 0.204958 61.0771 -0.0353095 0.999284 -0.0135498 -3.90006 -0.205317 0.00601543 0.978677 118.313 
0.977512 0.0464232 0.205704 61.2326 -0.0442447 0.998905 -0.0151809 -3.91844 -0.206184 0.00573812 0.978496 119.15 
0.976527 0.052286 0.208951 61.3754 -0.0503353 0.998625 -0.0146465 -3.93935 -0.20943 0.00378503 0.977816 119.985 
0.975811 0.0549983 0.211586 61.5417 -0.0535589 0.998486 -0.0125329 -3.96407 -0.211955 0.000897293 0.977279 120.823 
0.975198 0.0557308 0.214205 61.7106 -0.054126 0.998445 -0.0133549 -3.98394 -0.214616 0.00142954 0.976697 121.67 
0.97492 0.0541411 0.21587 61.8897 -0.0518578 0.998522 -0.0162321 -4.00174 -0.21643 0.00463041 0.976287 122.519 
0.974935 0.0479051 0.21727 62.0746 -0.045795 0.998842 -0.0147398 -4.02434 -0.217725 0.00442041 0.976 123.367 
0.975247 0.0409564 0.217292 62.2609 -0.0383964 0.999135 -0.0159926 -4.05058 -0.217759 0.00725342 0.975975 124.203 
0.97504 0.0399765 0.218402 62.4479 -0.0373529 0.999172 -0.0161301 -4.07752 -0.218866 0.00756948 0.975725 125.055 
0.974477 0.0426054 0.220409 62.6205 -0.0406928 0.999084 -0.0132131 -4.09836 -0.22077 0.00390671 0.975318 125.903 
0.974098 0.0445642 0.221692 62.7942 -0.0439662 0.999004 -0.00763456 -4.11845 -0.221812 -0.00231023 0.975087 126.746 
0.973769 0.0478383 0.222453 62.9678 -0.0482822 0.998828 -0.00344632 -4.13973 -0.222357 -0.00738467 0.974937 127.588 
0.973565 0.047047 0.223512 63.1433 -0.046011 0.998892 -0.00984439 -4.15984 -0.223728 -0.00069993 0.974651 128.416 
0.973856 0.0429116 0.223076 63.3251 -0.038485 0.998967 -0.0241554 -4.18374 -0.223883 0.0149387 0.974502 129.227 
0.974095 0.0407321 0.222442 63.5095 -0.034196 0.998865 -0.0331586 -4.21011 -0.22354 0.0246929 0.974382 130.039 
0.974384 0.0380245 0.221652 63.6883 -0.0335104 0.999148 -0.0240926 -4.23293 -0.222379 0.0160478 0.974828 130.856 
0.974821 0.0315945 0.220739 63.8701 -0.031649 0.999494 -0.00329143 -4.25913 -0.220731 -0.00377768 0.975327 131.702 
0.975184 0.0279261 0.219626 64.0528 -0.0313123 0.999438 0.0119512 -4.28215 -0.219168 -0.0185317 0.975511 132.542 
0.975187 0.0324169 0.218997 64.2153 -0.0346225 0.999381 0.00623984 -4.29757 -0.218659 -0.0136673 0.975706 133.362 
0.975422 0.040465 0.216596 64.375 -0.0392606 0.99918 -0.00986313 -4.30613 -0.216818 0.00111695 0.976211 134.163 
0.97571 0.0404063 0.215309 64.5422 -0.0374488 0.99914 -0.0178001 -4.31582 -0.215843 0.00930466 0.976384 134.978 
0.976339 0.0362686 0.213182 64.7146 -0.0330807 0.999281 -0.0185039 -4.34227 -0.2137 0.0110139 0.976837 135.79 
0.97698 0.0358333 0.210302 64.8782 -0.0330695 0.999314 -0.0166456 -4.37141 -0.210754 0.00930774 0.977495 136.609 
0.977755 0.035386 0.206741 65.0352 -0.0323386 0.999313 -0.0181026 -4.39139 -0.20724 0.0110141 0.978228 137.422 
0.978818 0.0362535 0.201496 65.1933 -0.0330135 0.999266 -0.0194186 -4.41956 -0.202052 0.0123551 0.979297 138.228 
0.979239 0.0410244 0.198517 65.3407 -0.0378972 0.999091 -0.0195288 -4.44763 -0.199137 0.0116001 0.979903 139.047 
0.979387 0.047151 0.196411 65.4744 -0.0441213 0.99883 -0.0197755 -4.47296 -0.197114 0.0107019 0.980322 139.854 
0.979715 0.048307 0.194488 65.6196 -0.045702 0.998795 -0.0178621 -4.49844 -0.195117 0.00861124 0.980742 140.657 
0.980076 0.0462358 0.193168 65.7671 -0.0445597 0.998922 -0.0130153 -4.52279 -0.193561 0.00414844 0.981079 141.457 
0.98049 0.0448123 0.191391 65.9127 -0.0431495 0.998986 -0.0128494 -4.54782 -0.191773 0.00434018 0.98143 142.253 
0.981097 0.0427948 0.188724 66.0565 -0.0405222 0.999052 -0.0158859 -4.57154 -0.189225 0.00793803 0.981902 143.049 
0.98221 0.0382195 0.183853 66.2005 -0.0352502 0.99919 -0.0193935 -4.59712 -0.184446 0.0125675 0.982762 143.838 
0.983572 0.0352704 0.177035 66.3423 -0.0321801 0.999276 -0.0202979 -4.62115 -0.177623 0.0142673 0.983995 144.627 
0.984794 0.0332551 0.170513 66.4724 -0.0311565 0.999402 -0.0149702 -4.64265 -0.170909 0.00942987 0.985242 145.423 
0.985961 0.0303518 0.164192 66.5954 -0.0296956 0.999538 -0.00645096 -4.66371 -0.164312 0.00148456 0.986407 146.225 
0.986638 0.0271375 0.160652 66.7171 -0.0279495 0.999605 0.00279635 -4.67696 -0.160512 -0.0072492 0.987007 147.024 
0.987136 0.033773 0.156275 66.8211 -0.0350857 0.999368 0.00564764 -4.69253 -0.155985 -0.0110581 0.987697 147.82 
0.987791 0.0366626 0.151407 66.9265 -0.0372736 0.999304 0.00119787 -4.70911 -0.151257 -0.0068268 0.988471 148.615 
0.988942 0.0369475 0.143629 67.0288 -0.036037 0.99931 -0.00893759 -4.71873 -0.14386 0.00366274 0.989591 149.404 
0.98998 0.0336992 0.13713 67.1303 -0.0320514 0.999385 -0.0142081 -4.72968 -0.137525 0.00967042 0.990451 150.204 
0.990923 0.0327094 0.130387 67.2246 -0.0312407 0.999423 -0.0132951 -4.74192 -0.130747 0.00910095 0.991374 151.013 
0.991679 0.0393769 0.122565 67.3063 -0.0384632 0.999212 -0.00981369 -4.7618 -0.122854 0.00501773 0.992412 151.829 
0.992432 0.0446816 0.114379 67.3789 -0.0436477 0.99898 -0.0115298 -4.77816 -0.114777 0.00645007 0.99337 152.637 
0.993351 0.0476189 0.104813 67.4287 -0.0460583 0.99879 -0.0172613 -4.79772 -0.105508 0.0123189 0.994342 153.457 
0.9943 0.0459254 0.0962158 67.4979 -0.0442463 0.99883 -0.0195147 -4.81616 -0.0969993 0.0151462 0.995169 154.276 
0.995059 0.045787 0.088101 67.557 -0.0444752 0.998869 -0.0167976 -4.83469 -0.0887704 0.0127962 0.99597 155.099 
0.995594 0.048478 0.0802615 67.6008 -0.0478653 0.998808 -0.00954231 -4.85518 -0.0806283 0.00565845 0.996728 155.931 
0.996068 0.051729 0.071919 67.641 -0.0516022 0.998661 -0.00362278 -4.87441 -0.0720101 -0.000102721 0.997404 156.76 
0.99663 0.0506058 0.0645509 67.6788 -0.0506949 0.998714 -0.000258655 -4.88653 -0.0644809 -0.0030147 0.997914 157.583 
0.996976 0.05144 0.0582506 67.7117 -0.0516324 0.998664 0.00179973 -4.89574 -0.0580802 -0.00480198 0.9983 158.41 
0.997242 0.0509167 0.0539932 67.7462 -0.051015 0.998698 0.000442139 -4.91349 -0.0539003 -0.00319547 0.998541 159.225 
0.997239 0.0555155 0.0493162 67.7675 -0.0553365 0.998455 -0.00499082 -4.92541 -0.049517 0.00224797 0.998771 160.041 
0.997092 0.0612825 0.0453031 67.7811 -0.0608113 0.998081 -0.01171 -4.93965 -0.0459337 0.00892093 0.998905 160.86 
0.997147 0.0625144 0.0423098 67.7968 -0.0619761 0.99798 -0.0139212 -4.95593 -0.0430946 0.0112592 0.999007 161.679 
0.99713 0.0645694 0.0395347 67.8112 -0.0643096 0.997899 -0.0078122 -4.97105 -0.039956 0.00524724 0.999188 162.507 
0.99708 0.0666154 0.0373431 67.8291 -0.0667459 0.997767 0.00225528 -4.97918 -0.0371094 -0.00474127 0.9993 163.345 
0.997132 0.0674491 0.034323 67.8398 -0.067824 0.997648 0.00987413 -4.99185 -0.0335762 -0.0121738 0.999362 164.176 
0.997538 0.0638939 0.0289142 67.8541 -0.0641113 0.997921 0.00665194 -4.99982 -0.0284289 -0.00848937 0.99956 165 
0.998385 0.0519134 0.0230722 67.8747 -0.0518609 0.99865 -0.00287398 -5.00903 -0.0231901 0.00167271 0.99973 165.808 
0.998666 0.0491693 0.0157432 67.8804 -0.0490537 0.998767 -0.00765518 -5.00868 -0.0161001 0.00687263 0.999847 166.636 
0.998571 0.0527095 0.00879318 67.8678 -0.0526561 0.998593 -0.00619812 -5.02263 -0.00910743 0.00572617 0.999942 167.473 
0.998701 0.0509431 0.00132061 67.854 -0.0509433 0.998701 4.23999e-05 -5.03413 -0.00131665 -0.000109703 0.999999 168.31 
0.998953 0.0452829 -0.00654267 67.852 -0.0452593 0.998968 0.00372709 -5.04393 0.00670478 -0.00342715 0.999972 169.137 
0.999254 0.0366896 -0.0120764 67.8318 -0.0365942 0.999298 0.00803443 -5.04709 0.0123628 -0.00758659 0.999895 169.982 
0.999307 0.0323576 -0.0183742 67.8057 -0.0322163 0.999449 0.00794041 -5.0518 0.0186211 -0.00734305 0.9998 170.824 
0.999266 0.0290952 -0.0249293 67.7771 -0.0290782 0.999577 0.0010494 -5.05984 0.0249493 -0.000323816 0.999689 171.651 
0.999276 0.0196895 -0.032554 67.7458 -0.0199908 0.99976 -0.00895153 -5.06868 0.03237 0.00959575 0.99943 172.475 
0.999188 0.00961243 -0.0391301 67.7189 -0.0101277 0.999864 -0.0129901 -5.07688 0.039 0.0133758 0.99915 173.31 
0.998872 0.0130285 -0.0456676 67.6653 -0.0133049 0.999895 -0.00575263 -5.08531 0.0455879 0.00635365 0.99894 174.151 
0.998421 0.023972 -0.0507964 67.5928 -0.0236393 0.999695 0.00714207 -5.09419 0.0509522 -0.00593009 0.998683 175.001 
0.998046 0.0289098 -0.0553965 67.5248 -0.028111 0.99949 0.0151465 -5.10518 0.0558062 -0.0135598 0.998349 175.853 
0.997858 0.0283067 -0.0589748 67.4585 -0.0276419 0.999545 0.0120591 -5.1081 0.0592894 -0.0104032 0.998187 176.693 
0.997681 0.0297872 -0.0612036 67.3952 -0.0297615 0.999556 0.0013337 -5.11168 0.0612163 0.000490817 0.998124 177.516 
0.997125 0.0401133 -0.0642839 67.313 -0.0407031 0.99914 -0.00789004 -5.12028 0.0639122 0.0104838 0.9979 178.346 
0.99703 0.0386039 -0.0666324 67.2436 -0.0394387 0.999159 -0.0112568 -5.13499 0.0661419 0.0138512 0.997714 179.195 
0.997068 0.0332542 -0.0689178 67.1817 -0.0337681 0.99941 -0.00630427 -5.14806 0.0686675 0.00861293 0.997602 180.054 
0.997098 0.0334376 -0.0683933 67.1112 -0.0333398 0.999441 0.00257221 -5.16092 0.0684411 -0.000284612 0.997655 180.908 
0.997036 0.0357495 -0.068128 67.0334 -0.0352674 0.999344 0.00826846 -5.17421 0.0683789 -0.00584134 0.997642 181.763 
0.996915 0.0357249 -0.0698787 66.9585 -0.0352831 0.999349 0.00754809 -5.18133 0.070103 -0.00505935 0.997527 182.616 
0.996864 0.0319009 -0.072414 66.8905 -0.0321173 0.999482 -0.00182393 -5.18866 0.0723184 0.00414386 0.997373 183.463 
0.996931 0.0212602 -0.0753417 66.8386 -0.0222832 0.99967 -0.0127617 -5.20669 0.0750456 0.0144013 0.997076 184.308 
0.996959 0.0105144 -0.0772147 66.7732 -0.011836 0.999791 -0.0166777 -5.22044 0.0770233 0.0175408 0.996875 185.163 
0.996851 0.0130481 -0.0782209 66.6934 -0.0140668 0.999823 -0.0124852 -5.23356 0.0780443 0.0135461 0.996858 186.017 
0.996655 0.019048 -0.0794729 66.6056 -0.0192608 0.999813 -0.00191118 -5.25043 0.0794217 0.00343541 0.996835 186.876 
0.996479 0.0203036 -0.0813485 66.5257 -0.0202046 0.999794 0.00204078 -5.27221 0.0813732 -0.000390063 0.996684 187.725 
0.996438 0.0188067 -0.0822092 66.4469 -0.0190315 0.999817 -0.0019502 -5.28369 0.0821576 0.00350773 0.996613 188.567 
0.996458 0.0191183 -0.0818929 66.3641 -0.0198372 0.999771 -0.0079738 -5.29508 0.0817218 0.00956999 0.996609 189.404 
0.996266 0.0258581 -0.082373 66.274 -0.0266514 0.999608 -0.0085449 -5.30787 0.0821198 0.0107083 0.996565 190.241 
0.996143 0.0285211 -0.0829741 66.1912 -0.0290706 0.999563 -0.00542032 -5.32611 0.0827833 0.00781144 0.996537 191.078 
0.995977 0.0320216 -0.0836875 66.106 -0.0323519 0.999473 -0.0025917 -5.34129 0.0835605 0.00528864 0.996489 191.91 
0.995842 0.0357995 -0.0837651 66.0203 -0.035883 0.999356 0.000509945 -5.35436 0.0837295 0.00249783 0.996485 192.735 
