1 -4.23778e-08 4.22719e-08 0 -4.23778e-08 1 -4.19404e-08 0 4.22719e-08 -4.19404e-08 1 0 
0.999047 -0.000418461 0.0436527 0.0420008 0.00052152 0.999997 -0.00235152 -0.0232286 -0.0436515 0.00237196 0.999044 1.02259 
0.996072 -0.00541445 0.0883748 0.0923588 0.00604947 0.999958 -0.00692031 -0.0686994 -0.0883336 0.00742767 0.996063 1.97297 
0.991095 -0.00478566 0.13307 0.251369 0.00626335 0.999923 -0.0106889 -0.0963614 -0.133009 0.0114271 0.991049 3.03573 
0.983843 -0.00276235 0.17901 0.443672 0.00509997 0.999908 -0.0126003 -0.160587 -0.178959 0.0133095 0.983766 4.1 
0.974566 -0.00504697 0.224045 0.760272 0.00797557 0.999894 -0.0121688 -0.21289 -0.22396 0.0136461 0.974503 5.1519 
0.96296 -0.00574925 0.269583 1.03053 0.0096797 0.999865 -0.013253 -0.247046 -0.26947 0.0153715 0.962886 6.14446 
0.94965 -0.00832131 0.313201 1.34489 0.0138686 0.999784 -0.0154881 -0.284377 -0.313005 0.0190519 0.94956 7.14768 
0.934617 -0.010395 0.355504 1.70327 0.0176038 0.9997 -0.0170491 -0.309721 -0.35522 0.0221926 0.934519 8.15388 
0.917553 -0.010321 0.397479 2.16145 0.0190135 0.999658 -0.0179344 -0.335509 -0.397158 0.0240132 0.917436 9.13682 
0.89818 -0.010862 0.439493 2.60011 0.0202249 0.999657 -0.0166271 -0.366972 -0.439161 0.0238228 0.898092 10.0498 
0.876436 -0.0105377 0.481403 3.09183 0.0206463 0.999663 -0.0157064 -0.392317 -0.481075 0.0237048 0.876359 10.9549 
0.852458 -0.0107365 0.522686 3.59805 0.0213871 0.999668 -0.0143466 -0.424524 -0.522358 0.0234086 0.852405 11.8017 
0.826842 -0.0115113 0.562316 4.18027 0.0234767 0.999625 -0.0140573 -0.464694 -0.561944 0.0248244 0.826803 12.7328 
0.799605 -0.0132413 0.600381 4.79811 0.0267251 0.999551 -0.0135486 -0.499106 -0.599932 0.0268787 0.799599 13.5691 
0.771047 -0.0123538 0.636658 5.42913 0.0274088 0.999529 -0.0137995 -0.538891 -0.636188 0.02809 0.771023 14.3383 
0.740023 -0.0156445 0.672399 6.10855 0.0322069 0.999407 -0.0121933 -0.575343 -0.67181 0.0306792 0.740088 15.1513 
0.707821 -0.0146241 0.706241 6.8475 0.0323116 0.999409 -0.0116893 -0.59781 -0.705653 0.0310936 0.707875 15.9325 
0.673339 -0.0135158 0.73921 7.60952 0.0332391 0.999375 -0.0120046 -0.656826 -0.738586 0.0326538 0.673368 16.6845 
0.637466 -0.0142619 0.770347 8.37751 0.0368949 0.999247 -0.0120312 -0.68763 -0.769595 0.0360913 0.637512 17.3387 
0.601091 -0.0124271 0.799084 9.20198 0.036755 0.999251 -0.0121082 -0.718133 -0.798335 0.0366485 0.601098 17.9514 
0.563479 -0.0116292 0.826048 10.0371 0.0396212 0.999131 -0.0129613 -0.752674 -0.82518 0.0400324 0.56345 18.5128 
0.524239 -0.00988983 0.851514 10.9285 0.0442032 0.9989 -0.0156124 -0.770693 -0.850423 0.0458243 0.5241 19.096 
0.485904 -0.00922946 0.873963 11.7749 0.0461057 0.998823 -0.0150858 -0.791671 -0.872795 0.0476249 0.485758 19.565 
0.447264 -0.0108361 0.894336 12.7076 0.0510272 0.998607 -0.0134197 -0.805945 -0.892945 0.0516376 0.447194 20.0505 
0.410253 -0.0115138 0.911899 13.6086 0.0548131 0.998424 -0.0120535 -0.83498 -0.910323 0.054929 0.410237 20.455 
0.374891 -0.00915789 0.927024 14.5413 0.0562547 0.998333 -0.0128873 -0.85944 -0.925361 0.0569808 0.374781 20.8441 
0.342274 -0.0100406 0.939546 15.5924 0.0570448 0.99832 -0.0101127 -0.880795 -0.937867 0.0570576 0.342272 21.19 
0.309456 -0.0119503 0.950838 16.6175 0.0593346 0.998215 -0.00676523 -0.902689 -0.949061 0.0585112 0.309613 21.4944 
0.276151 -0.0117013 0.961043 17.6777 0.0602073 0.998173 -0.00514694 -0.909031 -0.959227 0.0592831 0.276351 21.8406 
0.244407 -0.00873134 0.969633 18.7649 0.0586204 0.998263 -0.00578688 -0.908102 -0.967899 0.0582546 0.244494 22.1044 
0.213305 -0.00726005 0.976959 19.8508 0.0587669 0.998257 -0.00541269 -0.912941 -0.975216 0.0585674 0.21336 22.38 
0.183154 -0.00726666 0.983057 20.8765 0.0614381 0.998103 -0.00406882 -0.927893 -0.981162 0.0611424 0.183253 22.5713 
0.152976 -0.00749607 0.988201 21.996 0.0636909 0.997967 -0.00228945 -0.931858 -0.986175 0.0632896 0.153143 22.7228 
0.122771 -0.00785522 0.992404 23.1179 0.0622132 0.998063 0.000203499 -0.934253 -0.990483 0.0617156 0.123022 22.8763 
0.0934371 -0.00840658 0.99559 24.2129 0.0629524 0.998013 0.00251882 -0.940602 -0.993633 0.0624394 0.0937807 22.9865 
0.0662132 -0.00808116 0.997773 25.3551 0.0652017 0.997865 0.00375497 -0.944949 -0.995673 0.0648079 0.0665987 23.0801 
0.0416151 -0.0076564 0.999104 26.5936 0.0695528 0.997567 0.00474749 -0.94208 -0.99671 0.069293 0.0420464 23.0979 
0.0186508 -0.00714936 0.9998 27.8247 0.0737514 0.99726 0.00575532 -0.925592 -0.997102 0.0736294 0.0191269 23.158 
-0.00186579 -0.00697468 0.999974 29.164 0.0791341 0.996839 0.00710038 -0.913 -0.996862 0.0791453 -0.00130796 23.1736 
-0.020234 -0.00735822 0.999768 30.4296 0.0832464 0.996488 0.00901879 -0.896065 -0.996323 0.0834096 -0.0195504 23.1811 
-0.0367936 -0.00697834 0.999298 31.7149 0.0859039 0.996252 0.0101199 -0.889482 -0.995624 0.086216 -0.0360563 23.2011 
-0.0516233 -0.00770075 0.998637 33.001 0.0886821 0.995984 0.0122645 -0.878907 -0.994721 0.0891944 -0.0507331 23.1545 
-0.0648815 -0.00911522 0.997851 34.2712 0.0887412 0.995944 0.0148678 -0.883768 -0.993939 0.0895152 -0.0638095 23.0786 
-0.0779184 -0.00898253 0.996919 35.5096 0.0885296 0.995947 0.0158931 -0.870476 -0.993021 0.0894953 -0.0768073 23.0153 
-0.0892049 -0.00591595 0.995996 36.8115 0.0888063 0.995952 0.0138694 -0.851864 -0.992046 0.0896879 -0.0883184 22.9145 
-0.0991483 -0.00239659 0.99507 38.1597 0.0891321 0.995956 0.0112797 -0.82565 -0.991073 0.089811 -0.0985338 22.7704 
-0.108915 9.36258e-06 0.994051 39.4237 0.0897071 0.99592 0.00981951 -0.815633 -0.989995 0.0902429 -0.108472 22.6594 
-0.116391 0.00102724 0.993203 40.6962 0.0897492 0.995919 0.00948738 -0.804405 -0.98914 0.0902434 -0.116008 22.5225 
-0.122404 0.00159423 0.992479 42.0446 0.0895316 0.995939 0.00944226 -0.811043 -0.988434 0.0900141 -0.12205 22.3673 
-0.127546 0.00318186 0.991827 43.39 0.0901743 0.99589 0.0084012 -0.802743 -0.987725 0.0905089 -0.127309 22.2132 
-0.132871 0.00455848 0.991123 44.7523 0.089181 0.995988 0.00737481 -0.807781 -0.987113 0.0893692 -0.132745 22.0754 
-0.137296 0.00529901 0.990516 46.2238 0.0896463 0.995948 0.00709781 -0.818563 -0.986465 0.0897706 -0.137215 21.9128 
-0.140602 0.00403564 0.990058 47.7102 0.0893932 0.995959 0.00863532 -0.828035 -0.986022 0.0897186 -0.140395 21.7301 
-0.142777 0.00201795 0.989753 49.142 0.0901915 0.995864 0.0109801 -0.823283 -0.985637 0.090835 -0.142369 21.5377 
-0.144962 0.00113331 0.989437 50.6552 0.0901653 0.995854 0.0120693 -0.800099 -0.98532 0.0909624 -0.144463 21.3442 
-0.14744 0.00182286 0.989069 52.1818 0.09255 0.995636 0.0119613 -0.790785 -0.984731 0.093302 -0.146965 21.1635 
-0.148394 0.00205281 0.988926 53.7289 0.092309 0.995661 0.0117846 -0.761538 -0.984611 0.0930355 -0.147939 20.9538 
-0.149406 0.00308532 0.988771 55.2097 0.0943248 0.995479 0.0111464 -0.76224 -0.984267 0.094931 -0.149021 20.7504 
-0.149975 0.00361056 0.988683 56.7424 0.0940792 0.995508 0.0106355 -0.746092 -0.984203 0.0946096 -0.149641 20.5632 
-0.148949 0.00462433 0.988834 58.2689 0.0948934 0.995441 0.00963856 -0.750336 -0.984281 0.0952695 -0.148708 20.3327 
-0.148378 0.00443291 0.988921 59.7689 0.0951407 0.995415 0.00981281 -0.748144 -0.984344 0.0955426 -0.148119 20.1316 
-0.147099 0.00339906 0.989116 61.2985 0.0943127 0.995486 0.0106049 -0.738097 -0.984615 0.0948462 -0.146756 19.9213 
-0.146143 0.00408446 0.989255 62.8798 0.0962145 0.995309 0.0101043 -0.73866 -0.984573 0.0966574 -0.145851 19.7211 
-0.145414 0.00472744 0.98936 64.3863 0.0952855 0.995407 0.00924841 -0.726072 -0.984772 0.0956165 -0.145196 19.5071 
-0.144448 0.00524277 0.989498 66.0107 0.0960706 0.995336 0.00875075 -0.721372 -0.984838 0.0963258 -0.144278 19.2834 
-0.143249 0.0050371 0.989674 67.661 0.0960947 0.995333 0.00884311 -0.713166 -0.98501 0.0963692 -0.143064 19.057 
-0.142539 0.00341654 0.989783 69.3098 0.0975028 0.995179 0.0106061 -0.699474 -0.984975 0.0980185 -0.142184 18.844 
-0.142367 0.00164313 0.989812 70.9717 0.0986061 0.995048 0.0125309 -0.685684 -0.98489 0.0993855 -0.141824 18.6375 
-0.14224 0.00290071 0.989828 72.709 0.10018 0.994903 0.0114804 -0.668167 -0.984749 0.100794 -0.141806 18.4582 
-0.141701 0.00437465 0.9899 74.4427 0.101576 0.994776 0.010144 -0.664738 -0.984684 0.101988 -0.141405 18.2299 
-0.141354 0.0040122 0.989951 76.1773 0.101128 0.994819 0.0104079 -0.664134 -0.98478 0.101583 -0.141027 18.0264 
-0.141151 0.00390478 0.98998 77.856 0.101609 0.994768 0.0105636 -0.66085 -0.98476 0.102082 -0.140809 17.7967 
-0.14122 0.0025009 0.989975 79.5869 0.10071 0.994845 0.011853 -0.661847 -0.984842 0.101374 -0.140744 17.565 
-0.141001 0.00263325 0.990006 81.3394 0.102307 0.994681 0.0119252 -0.658158 -0.984709 0.102966 -0.140521 17.3387 
-0.141231 0.00284647 0.989972 83.1536 0.1041 0.994494 0.0119915 -0.628457 -0.984488 0.10475 -0.14075 17.1313 
-0.141104 0.00350307 0.989988 84.9217 0.104714 0.994437 0.0114061 -0.629728 -0.984441 0.105275 -0.140686 16.8991 
-0.141828 0.00389585 0.989884 86.7217 0.10426 0.994489 0.0110242 -0.638602 -0.984385 0.104769 -0.141453 16.6692 
-0.142806 0.00441552 0.989741 88.5235 0.103252 0.9946 0.0104605 -0.629527 -0.98435 0.103686 -0.14249 16.4383 
-0.14388 0.00487408 0.989583 90.3634 0.102561 0.994676 0.0100125 -0.622994 -0.984266 0.102933 -0.143614 16.1915 
-0.144768 0.00407196 0.989457 92.1911 0.101843 0.994742 0.0108068 -0.618346 -0.98421 0.102334 -0.144421 15.9491 
-0.145787 0.00336322 0.98931 93.9887 0.101796 0.994737 0.011619 -0.623774 -0.984065 0.102401 -0.145362 15.7114 
-0.145755 0.00228607 0.989318 95.8366 0.0995261 0.994958 0.0123639 -0.618186 -0.984302 0.100265 -0.145248 15.4395 
-0.147269 0.00307477 0.989092 97.6504 0.0997121 0.994947 0.0117535 -0.614934 -0.984057 0.100355 -0.146832 15.1873 
-0.149764 0.00351667 0.988715 99.5356 0.0980997 0.995112 0.01132 -0.614855 -0.983843 0.098688 -0.149377 14.9233 
-0.153385 0.0042128 0.988157 101.401 0.0987838 0.995047 0.0110913 -0.610519 -0.983216 0.0993152 -0.153042 14.6362 
-0.157764 0.00333179 0.987471 103.303 0.0971758 0.995193 0.0121674 -0.600538 -0.982684 0.0978779 -0.157329 14.3577 
-0.163219 0.00209845 0.986587 105.184 0.0954668 0.995339 0.0136767 -0.610056 -0.98196 0.0964187 -0.162659 14.1149 
-0.167382 0.00255247 0.985889 107.063 0.0946148 0.995423 0.0134863 -0.60999 -0.981341 0.0955371 -0.166857 13.8124 
-0.171353 0.00413224 0.985201 108.993 0.0955488 0.995347 0.0124437 -0.611152 -0.980565 0.096267 -0.170951 13.4699 
-0.176147 0.00595068 0.984346 110.862 0.0955126 0.995367 0.0110744 -0.607803 -0.979719 0.0959681 -0.175899 13.176 
-0.181499 0.00613328 0.983372 112.76 0.0942118 0.995489 0.0111796 -0.606088 -0.978868 0.0946743 -0.181258 12.8733 
-0.186515 0.00580401 0.982435 114.757 0.0921218 0.99568 0.011607 -0.59545 -0.978123 0.0926686 -0.186244 12.5322 
-0.192007 0.00513172 0.98138 116.714 0.0901524 0.99585 0.0124308 -0.590225 -0.977244 0.0908606 -0.191673 12.1846 
-0.197489 0.00487343 0.980293 118.7 0.0895783 0.995894 0.0130953 -0.573801 -0.976204 0.0903992 -0.197114 11.8106 
-0.202741 0.00468548 0.979221 120.667 0.0897848 0.995865 0.0138241 -0.567332 -0.975108 0.0907219 -0.202323 11.4315 
-0.207974 0.0061534 0.978115 122.621 0.0903746 0.995824 0.0129513 -0.560137 -0.97395 0.0910903 -0.207662 11.0409 
-0.212752 0.00735662 0.977078 124.598 0.0909055 0.995784 0.0122965 -0.552059 -0.972868 0.0914379 -0.212524 10.6059 
-0.218559 0.00712753 0.975798 126.531 0.0917991 0.995689 0.0132883 -0.550537 -0.971496 0.0924816 -0.218271 10.1943 
-0.223987 0.00706499 0.974566 128.543 0.0904793 0.995806 0.013576 -0.541665 -0.970383 0.091219 -0.223687 9.77181 
-0.229374 0.00780023 0.973307 130.551 0.0894933 0.995901 0.013109 -0.532463 -0.969215 0.0901114 -0.229132 9.32866 
-0.23467 0.00827699 0.97204 132.563 0.088648 0.995979 0.0129205 -0.514037 -0.968024 0.0892014 -0.23446 8.88898 
-0.239261 0.00782708 0.970924 134.569 0.0899666 0.995844 0.014142 -0.509244 -0.966778 0.0907343 -0.23897 8.44142 
-0.243083 0.00790062 0.969973 136.543 0.093348 0.995516 0.015285 -0.508975 -0.965503 0.0942606 -0.242731 7.96849 
-0.245838 0.00892735 0.96927 138.571 0.0955824 0.995307 0.0150755 -0.497405 -0.964587 0.0963513 -0.245537 7.44948 
-0.24879 0.00957883 0.96851 140.571 0.0959403 0.995277 0.0148015 -0.482684 -0.963794 0.0966017 -0.248534 6.96216 
-0.251543 0.00930798 0.967801 142.596 0.0948779 0.995375 0.0150867 -0.466887 -0.963184 0.0956179 -0.251263 6.44558 
-0.254949 0.00990676 0.966904 144.59 0.0940655 0.995459 0.0146033 -0.456501 -0.962368 0.0946754 -0.254723 5.92805 
-0.259358 0.0103937 0.965725 146.587 0.0929682 0.995567 0.0142529 -0.45514 -0.961296 0.0934783 -0.259175 5.43263 
-0.263607 0.010241 0.964576 148.652 0.0923199 0.995621 0.0146592 -0.441847 -0.960202 0.0929139 -0.263399 4.90148 
-0.267898 0.0100784 0.963394 150.686 0.0914332 0.995698 0.0150091 -0.467063 -0.959099 0.0921071 -0.267667 4.35958 
-0.273282 0.0105141 0.961876 152.843 0.0910313 0.995735 0.0149789 -0.465949 -0.957617 0.0916544 -0.273074 3.89205 
-0.277735 0.0103871 0.960602 154.836 0.090449 0.995782 0.0153836 -0.459764 -0.95639 0.091158 -0.277503 3.34796 
-0.282232 0.0097005 0.959297 156.907 0.0895978 0.995845 0.0162901 -0.449092 -0.955153 0.0905486 -0.281928 2.78018 
-0.285758 0.0104441 0.958245 158.777 0.0907497 0.995742 0.0162097 -0.38717 -0.953995 0.0915925 -0.285489 2.17637 
-0.290183 0.0114075 0.956903 160.844 0.0919827 0.995632 0.0160246 -0.373448 -0.95254 0.0926687 -0.289964 1.59785 
-0.293375 0.0126259 0.955914 162.902 0.0923782 0.995608 0.0152011 -0.363343 -0.951524 0.0927652 -0.293253 0.997463 
-0.296693 0.0140491 0.954869 164.925 0.0925461 0.995608 0.014107 -0.362209 -0.950478 0.0925549 -0.296691 0.405986 
-0.300277 0.0149925 0.953734 166.98 0.0930783 0.995565 0.013655 -0.363124 -0.9493 0.0928723 -0.300341 -0.192364 
-0.303601 0.0154777 0.952674 168.991 0.0925527 0.995619 0.0133195 -0.362491 -0.948293 0.0922164 -0.303703 -0.80276 
-0.307029 0.0154547 0.951574 171.036 0.092771 0.995592 0.0137633 -0.362584 -0.947168 0.0925043 -0.30711 -1.43067 
-0.311019 0.0155667 0.950276 173.131 0.0923748 0.995627 0.013924 -0.359632 -0.945904 0.0921122 -0.311097 -2.07864 
-0.31482 0.0163572 0.94901 175.161 0.0941698 0.995456 0.0140815 -0.3567 -0.944468 0.0938012 -0.314929 -2.70577 
-0.318285 0.0163911 0.947853 177.25 0.0957177 0.995296 0.0149299 -0.359212 -0.94315 0.0954783 -0.318357 -3.35898 
-0.321088 0.0160149 0.946914 179.384 0.0966046 0.995195 0.015926 -0.344745 -0.942109 0.0965899 -0.321093 -4.03449 
-0.323778 0.0154011 0.946008 181.546 0.0957585 0.995267 0.016571 -0.316858 -0.941275 0.0959536 -0.323721 -4.75204 
-0.326448 0.015943 0.945081 183.71 0.0944751 0.995401 0.0158415 -0.299992 -0.940482 0.094458 -0.326453 -5.46535 
-0.329589 0.0175106 0.943962 185.758 0.0926372 0.995603 0.013876 -0.298138 -0.939569 0.0920194 -0.329762 -6.13773 
-0.332376 0.0193931 0.942948 187.789 0.0926616 0.995623 0.0121854 -0.297749 -0.938584 0.0914252 -0.332718 -6.84304 
-0.3357 0.0202703 0.941751 189.874 0.0919675 0.995697 0.0113516 -0.296013 -0.937469 0.0904212 -0.33612 -7.54898 
-0.339308 0.0208456 0.940444 191.971 0.0899539 0.995892 0.0103803 -0.305025 -0.936364 0.0881188 -0.33979 -8.26288 
-0.34296 0.0210419 0.939114 194.095 0.0910522 0.995786 0.0109401 -0.303222 -0.934927 0.0892605 -0.343431 -8.98993 
-0.346257 0.02054 0.937915 196.217 0.0916646 0.995717 0.0120345 -0.305466 -0.933651 0.0901407 -0.346657 -9.74825 
-0.349865 0.0199856 0.936587 198.288 0.091706 0.995701 0.0130099 -0.31083 -0.932301 0.0904424 -0.350194 -10.4777 
-0.353873 0.0196362 0.935087 200.385 0.0919382 0.995668 0.0138845 -0.322598 -0.930764 0.0908836 -0.354145 -11.2143 
-0.358191 0.0193034 0.933449 202.358 0.0902983 0.995815 0.0140568 -0.337817 -0.929271 0.0893239 -0.358435 -11.923 
-0.362033 0.0197792 0.931955 204.487 0.089339 0.995909 0.0135686 -0.342871 -0.927874 0.0881723 -0.362319 -12.6963 
-0.36516 0.0204085 0.930721 206.614 0.089556 0.995893 0.0132989 -0.349692 -0.926627 0.0882079 -0.365488 -13.5026 
-0.367774 0.0211138 0.929675 208.781 0.0899801 0.995859 0.0129786 -0.347827 -0.925552 0.0884255 -0.368151 -14.319 
-0.370385 0.0207663 0.928646 210.872 0.0913351 0.995719 0.0141622 -0.363766 -0.924377 0.0900635 -0.370696 -15.1088 
-0.372595 0.0198299 0.927782 213.047 0.0918595 0.99565 0.0156101 -0.358025 -0.923436 0.0910418 -0.372796 -15.9663 
-0.375861 0.0201951 0.926456 215.126 0.0921444 0.995622 0.0156799 -0.378904 -0.922083 0.0912612 -0.376076 -16.7398 
-0.378962 0.0206928 0.925181 217.209 0.0917185 0.995667 0.0152993 -0.394801 -0.920856 0.090654 -0.379218 -17.5217 
-0.381664 0.0207201 0.924069 219.34 0.0915121 0.995684 0.0154708 -0.408289 -0.91976 0.0904682 -0.381913 -18.3658 
-0.385196 0.0213935 0.922587 221.432 0.0906763 0.995771 0.0147683 -0.446575 -0.918369 0.0893454 -0.385507 -19.1579 
-0.388714 0.0220311 0.921095 223.421 0.0896617 0.995874 0.0140187 -0.465665 -0.916985 0.0880362 -0.389086 -19.9406 
-0.391074 0.0219889 0.920096 225.51 0.0874843 0.996076 0.0133793 -0.470267 -0.916192 0.0857263 -0.391463 -20.7839 
-0.395035 0.0226285 0.918387 227.541 0.0879099 0.99604 0.0132717 -0.49034 -0.91445 0.0859782 -0.39546 -21.5452 
-0.397736 0.0217445 0.917242 229.597 0.0894255 0.995878 0.0151681 -0.513021 -0.913131 0.0880577 -0.398041 -22.3815 
-0.400897 0.0208902 0.915885 231.558 0.08993 0.995809 0.0166506 -0.515961 -0.911698 0.0890407 -0.401096 -23.1735 
-0.403821 0.0205377 0.914607 233.528 0.0892255 0.995866 0.0170328 -0.528134 -0.910477 0.0884845 -0.403984 -24.011 
-0.407583 0.0202345 0.912944 235.553 0.087282 0.99604 0.0168907 -0.541362 -0.908987 0.086568 -0.407735 -24.8411 
-0.411337 0.0196441 0.911271 237.639 0.0854212 0.996198 0.0170833 -0.539714 -0.907472 0.0848689 -0.411452 -25.7356 
-0.414648 0.0188183 0.909787 239.749 0.0845054 0.996262 0.0179074 -0.535058 -0.90605 0.0843072 -0.414688 -26.6615 
-0.418131 0.0192217 0.908183 241.849 0.0845319 0.996261 0.0178328 -0.529283 -0.904445 0.0842269 -0.418193 -27.5809 
-0.422272 0.0188722 0.906272 243.975 0.0838437 0.99631 0.0183193 -0.526845 -0.902583 0.083721 -0.422297 -28.502 
-0.42638 0.0177469 0.90437 245.924 0.0821768 0.996433 0.01919 -0.542316 -0.900803 0.0825005 -0.426318 -29.3835 
-0.430302 0.0178251 0.902509 247.92 0.0816946 0.996471 0.0192697 -0.534913 -0.898981 0.0820219 -0.43024 -30.282 
-0.434265 0.0186698 0.900592 250.058 0.0818816 0.996464 0.0188259 -0.515223 -0.897056 0.0819173 -0.434258 -31.2657 
-0.437801 0.0193345 0.898864 252.226 0.0821752 0.996444 0.0185908 -0.500559 -0.895308 0.0820034 -0.437834 -32.2758 
-0.441278 0.0191196 0.897167 254.25 0.0818377 0.996464 0.0190167 -0.491584 -0.893631 0.0818137 -0.441283 -33.2478 
-0.444656 0.0192227 0.895495 256.347 0.080554 0.996576 0.0186063 -0.504631 -0.892072 0.0804092 -0.444682 -34.2406 
-0.448068 0.0196487 0.893783 258.422 0.0812532 0.996516 0.0188264 -0.485003 -0.890299 0.0810583 -0.448104 -35.2547 
-0.452068 0.0203539 0.891751 260.551 0.081519 0.996498 0.0185808 -0.449333 -0.88825 0.0810945 -0.452145 -36.2398 
-0.455545 0.0212988 0.889958 262.635 0.0832766 0.996349 0.0187819 -0.446955 -0.886309 0.0826687 -0.455656 -37.2509 
-0.45971 0.0233271 0.887763 264.778 0.0848064 0.996239 0.0177378 -0.442352 -0.88401 0.0834422 -0.45996 -38.2235 
-0.462578 0.024301 0.886245 266.867 0.086667 0.996076 0.0179235 -0.424926 -0.882332 0.0850992 -0.462869 -39.2429 
-0.465135 0.026294 0.884849 268.908 0.0883775 0.995944 0.0168617 -0.419981 -0.880817 0.0860437 -0.465572 -40.2774 
-0.467812 0.0290559 0.88335 270.963 0.0902974 0.995801 0.0150657 -0.396927 -0.879203 0.0868122 -0.468471 -41.3064 
-0.470804 0.0293128 0.881751 272.948 0.0909837 0.995732 0.0154781 -0.402838 -0.877534 0.0875121 -0.471462 -42.3254 
-0.473254 0.0306079 0.880394 275.042 0.0909941 0.995749 0.0142953 -0.353839 -0.876214 0.086876 -0.474027 -43.4624 
-0.476705 0.0304048 0.878537 277.21 0.0903131 0.995807 0.0145416 -0.343795 -0.874411 0.0862755 -0.477453 -44.5867 
-0.480381 0.0316391 0.876489 279.367 0.0911096 0.995742 0.013991 -0.338518 -0.872315 0.0865776 -0.481218 -45.7034 
-0.483136 0.0320738 0.874958 281.47 0.0900401 0.99585 0.013213 -0.318811 -0.870903 0.085165 -0.484019 -46.8536 
-0.486015 0.0315702 0.87338 283.607 0.0877239 0.996062 0.0128113 -0.313478 -0.869537 0.0828428 -0.48687 -47.9776 
-0.488672 0.0322447 0.871872 285.719 0.0899178 0.995857 0.0135674 -0.313373 -0.867822 0.0850268 -0.489546 -49.0917 
-0.492013 0.0325018 0.869981 287.868 0.0916968 0.995679 0.0146607 -0.330446 -0.865745 0.0869877 -0.492867 -50.1306 
-0.494342 0.0324775 0.86866 289.987 0.0926689 0.995576 0.0155138 -0.317235 -0.864314 0.0881669 -0.495165 -51.2987 
-0.495528 0.0320412 0.868001 291.943 0.0919057 0.995644 0.0157145 -0.281074 -0.863716 0.0875612 -0.496314 -52.4563 
-0.497655 0.0310668 0.866819 294.112 0.0912438 0.995688 0.016699 -0.261416 -0.862563 0.0874022 -0.498344 -53.6533 
-0.5002 0.0320277 0.865318 296.293 0.093177 0.995504 0.017015 -0.20994 -0.860882 0.0891386 -0.500935 -54.8778 
-0.502928 0.0320114 0.863735 298.456 0.0945529 0.995354 0.0181659 -0.215101 -0.859141 0.0908048 -0.503618 -56.0329 
-0.504938 0.0327402 0.862534 300.641 0.0933833 0.995487 0.0168808 -0.182051 -0.858089 0.0890701 -0.505717 -57.2621 
-0.507485 0.0351532 0.860943 302.813 0.0932392 0.995541 0.0143111 -0.156943 -0.856601 0.0875363 -0.5085 -58.4801 
-0.510821 0.0344607 0.858996 304.958 0.0914753 0.995702 0.0144527 -0.144775 -0.854806 0.0859597 -0.511778 -59.7087 
-0.515336 0.0331815 0.856345 307.09 0.0900542 0.995814 0.0156077 -0.132088 -0.852243 0.0851607 -0.516168 -60.8997 
-0.520697 0.0310459 0.853177 309.21 0.0869545 0.99607 0.016823 -0.121795 -0.849302 0.0829472 -0.52135 -62.0214 
-0.526031 0.0288964 0.849974 311.322 0.0838466 0.996316 0.0180193 -0.108177 -0.846322 0.0807461 -0.526516 -63.1558 
-0.531339 0.026733 0.846737 313.428 0.0807306 0.996551 0.0191966 -0.0912782 -0.843304 0.0785576 -0.531665 -64.303 
-0.535664 0.028004 0.843967 315.694 0.0825774 0.996397 0.0193498 -0.0577109 -0.840384 0.0800576 -0.536046 -65.6951 
-0.540344 0.0284356 0.840964 317.892 0.0830963 0.996347 0.0197022 -0.0402087 -0.837331 0.0805269 -0.540732 -66.9952 
-0.544695 0.0287894 0.83814 320.065 0.084911 0.996168 0.0209649 -0.0190388 -0.834325 0.0825868 -0.545052 -68.2824 
-0.548625 0.0278194 0.835605 322.229 0.0850599 0.996118 0.0226836 0.022784 -0.83173 0.0835214 -0.548862 -69.6654 
-0.552532 0.0260807 0.833083 324.425 0.083923 0.996172 0.0244745 0.0377381 -0.829256 0.0834378 -0.552606 -71.0589 
-0.556268 0.0261675 0.83059 326.641 0.0829109 0.996264 0.0241405 0.078503 -0.826856 0.0822936 -0.55636 -72.4884 
-0.560566 0.0257645 0.827709 328.801 0.0823383 0.996297 0.0247513 0.122062 -0.824006 0.0820269 -0.560611 -73.8922 
-0.564202 0.0253752 0.825246 330.971 0.0823961 0.996268 0.0256983 0.166176 -0.821515 0.0824961 -0.564188 -75.3445 
-0.568484 0.0240826 0.822342 333.148 0.0814353 0.99631 0.0271187 0.19232 -0.818654 0.0823842 -0.568347 -76.8089 
-0.572061 0.0231943 0.819883 335.335 0.0802818 0.996384 0.0278279 0.230341 -0.816273 0.0817409 -0.571854 -78.2682 
-0.575524 0.0221735 0.817484 337.376 0.0791921 0.996445 0.028725 0.271549 -0.813941 0.0812702 -0.575235 -79.6397 
-0.579019 0.0215645 0.815029 339.542 0.079063 0.996424 0.0298045 0.305536 -0.811472 0.0816961 -0.578653 -81.0689 
-0.581524 0.0200779 0.813282 341.651 0.0760963 0.996655 0.0298064 0.332922 -0.809963 0.0792209 -0.581106 -82.5501 
-0.584554 0.0192487 0.811126 343.734 0.0723929 0.996968 0.0285125 0.386832 -0.808118 0.0753868 -0.584176 -83.9726 
-0.588032 0.0183218 0.80863 345.885 0.0688357 0.99725 0.0274616 0.427804 -0.805903 0.0718109 -0.587677 -85.465 
-0.59068 0.0153532 0.806759 348.026 0.0653879 0.997441 0.0288926 0.486021 -0.804252 0.0698186 -0.590173 -86.9656 
-0.593399 0.0159776 0.80475 350.209 0.0674712 0.997271 0.0299512 0.541984 -0.802076 0.0720705 -0.592857 -88.5463 
-0.595929 0.0158735 0.80288 352.393 0.0670136 0.9973 0.0300227 0.583384 -0.800236 0.0716953 -0.595383 -90.1423 
-0.599001 0.0149658 0.800608 354.548 0.0649204 0.997441 0.0299271 0.634875 -0.798112 0.0699022 -0.59844 -91.6921 
-0.601595 0.0111631 0.798723 356.622 0.0621003 0.99753 0.032832 0.68065 -0.796384 0.0693525 -0.600802 -93.2216 
-0.604678 0.008795 0.796421 358.747 0.0598738 0.997611 0.034442 0.730218 -0.794216 0.0685111 -0.60376 -94.7722 
-0.607328 0.00819222 0.794408 360.888 0.05941 0.997615 0.0351314 0.792494 -0.792226 0.0685321 -0.606367 -96.3617 
-0.610253 0.00775235 0.792169 363.029 0.0580139 0.997705 0.0349276 0.847115 -0.79008 0.0672715 -0.609302 -97.9452 
-0.613085 0.00724438 0.789984 365.129 0.0577955 0.99769 0.0357044 0.903026 -0.7879 0.0675473 -0.612087 -99.5091 
-0.616266 0.00677023 0.787509 367.231 0.05784 0.997651 0.0366858 0.958754 -0.785411 0.0681578 -0.61521 -101.074 
-0.619437 0.00629855 0.785021 369.326 0.0578805 0.997613 0.0376675 1.01705 -0.78291 0.0687701 -0.618322 -102.648 
-0.62023 0.00259822 0.784416 370.755 0.0478484 0.998258 0.0345266 1.12389 -0.78296 0.0589475 -0.619273 -104.147 
-0.623656 0.00573488 0.781678 372.856 0.0406564 0.998858 0.0251091 1.17856 -0.780641 0.0474397 -0.623176 -105.723 
-0.626484 0.01455 0.779298 374.792 0.0495822 0.998545 0.021216 1.1799 -0.777856 0.0519308 -0.626294 -107.268 
-0.627626 0.0156852 0.778357 376.866 0.0570161 0.998038 0.0258626 1.21259 -0.776424 0.060611 -0.627289 -108.85 
-0.629584 0.00615063 0.776908 378.777 0.0560281 0.997724 0.0375047 1.21869 -0.774909 0.0671411 -0.628496 -110.353 
-0.632653 -0.00462959 0.774421 380.829 0.0492835 0.997714 0.0462259 1.29149 -0.772865 0.0674112 -0.630979 -111.942 
-0.636212 -0.0112492 0.771432 382.875 0.0426323 0.997853 0.0497103 1.36321 -0.770336 0.0645142 -0.634366 -113.511 
-0.63931 -0.0114942 0.768863 384.884 0.0420875 0.997866 0.0499134 1.4233 -0.767797 0.0642697 -0.637462 -114.97 
-0.642221 -0.00571773 0.766498 386.987 0.0479142 0.997717 0.047588 1.50095 -0.765021 0.0672882 -0.640481 -116.659 
-0.644006 0.00105902 0.765019 388.824 0.0533264 0.997629 0.04351 1.55308 -0.763159 0.0688164 -0.642536 -118.171 
-0.646234 0.00366658 0.76313 390.862 0.0543354 0.997672 0.0412188 1.62028 -0.761202 0.068102 -0.644929 -119.858 
-0.649032 0.00419488 0.760749 392.912 0.0549033 0.997635 0.0413395 1.69625 -0.758777 0.0685983 -0.647728 -121.504 
-0.652689 0.00355476 0.757618 394.716 0.0546304 0.997607 0.0423834 1.77762 -0.755654 0.0690521 -0.651321 -122.818 
-0.655492 0.0025451 0.755198 396.799 0.0549808 0.997501 0.0443601 1.84656 -0.753198 0.070599 -0.653994 -124.65 
-0.656899 0.00351134 0.75397 398.799 0.05685 0.997373 0.0448858 1.91296 -0.751832 0.0723486 -0.655373 -126.345 
-0.658857 0.00409156 0.752257 400.689 0.0573198 0.997351 0.0447783 2.0016 -0.750081 0.0726217 -0.657347 -127.878 
-0.66081 0.00467249 0.750538 402.576 0.0577898 0.997329 0.044672 2.08993 -0.748325 0.0728932 -0.659315 -129.417 
-0.662759 0.00525413 0.748814 404.458 0.0582601 0.997306 0.044567 2.17797 -0.746563 0.0731632 -0.66128 -130.96 
-0.665315 0.00511667 0.746545 406.295 0.0610385 0.997001 0.0475638 2.22049 -0.744063 0.0772129 -0.663633 -132.462 
-0.666206 0.00483729 0.745752 408.105 0.0630522 0.996764 0.0498612 2.27755 -0.743097 0.0802391 -0.664355 -134.045 
-0.667513 0.00501143 0.744581 409.997 0.0617314 0.996907 0.0486321 2.34508 -0.742034 0.0784266 -0.665758 -135.675 
-0.669144 0.00529581 0.743114 411.875 0.0579602 0.9973 0.0450834 2.42209 -0.740869 0.0732383 -0.667644 -137.27 
-0.670222 0.00576472 0.742138 413.943 0.0537157 0.997724 0.0407604 2.53477 -0.740214 0.067183 -0.669006 -139.055 
-0.671301 0.0062248 0.741158 416.009 0.0494758 0.998111 0.0364296 2.63585 -0.739531 0.0611246 -0.670341 -140.844 
-0.671338 0.005186 0.741133 417.913 0.0478362 0.998194 0.0363465 2.67967 -0.739606 0.0598538 -0.670373 -142.596 
-0.673229 0.00433679 0.739421 419.871 0.0452883 0.998347 0.0353787 2.71978 -0.738045 0.0573052 -0.672313 -144.239 
-0.673803 0.00348654 0.738903 421.781 0.0436659 0.998429 0.0351076 2.7833 -0.73762 0.0559205 -0.672897 -145.937 
-0.674658 0.00184851 0.738128 423.701 0.0434993 0.998358 0.0372586 2.84956 -0.736848 0.0572448 -0.673631 -147.641 
-0.674527 0.000103337 0.73825 425.675 0.0457233 0.998086 0.0416368 2.90628 -0.736833 0.0618403 -0.67324 -149.403 
-0.674952 -0.00109626 0.737861 427.633 0.0498359 0.997648 0.0470692 2.99297 -0.736177 0.0685414 -0.673309 -151.109 
-0.674209 -0.00235025 0.738537 429.582 0.0528745 0.997275 0.0514426 3.0857 -0.736646 0.0737329 -0.672248 -152.832 
-0.671728 -0.00490196 0.740781 431.547 0.0472252 0.997661 0.0494248 3.18449 -0.739291 0.0681836 -0.669925 -154.599 
-0.670744 -0.00555212 0.741668 433.539 0.0404563 0.998209 0.0440601 3.26814 -0.740584 0.0595582 -0.669319 -156.364 
-0.668683 -0.00804003 0.743504 435.556 0.0351869 0.998479 0.0424431 3.34901 -0.742715 0.0545426 -0.667383 -158.136 
-0.665513 -0.00835757 0.74634 437.59 0.0336664 0.998583 0.0412026 3.42696 -0.745627 0.0525474 -0.664289 -159.934 
-0.662564 -0.00730131 0.74897 439.514 0.0364043 0.998457 0.0419379 3.49678 -0.74812 0.0550523 -0.661276 -161.631 
-0.659648 -0.00784632 0.751534 441.539 0.0369866 0.998395 0.0428881 3.57057 -0.750664 0.0560878 -0.658299 -163.381 
-0.656572 -0.00707662 0.75423 443.642 0.0340416 0.998659 0.0390038 3.67313 -0.753495 0.0512841 -0.655451 -165.176 
-0.657705 -0.0107766 0.753198 445.719 0.0287899 0.998807 0.0394304 3.75008 -0.752725 0.0476181 -0.656611 -166.834 
-0.657131 -0.0176574 0.753569 447.738 0.0190707 0.999016 0.0400388 3.81973 -0.753535 0.0406819 -0.656148 -168.521 
-0.655948 -0.0205995 0.754525 449.695 0.0124111 0.999198 0.038069 3.90391 -0.754704 0.0343358 -0.655166 -170.201 
-0.654106 -0.0217259 0.756091 451.438 0.00978236 0.999261 0.037176 3.9934 -0.75634 0.0317134 -0.65341 -171.887 
-0.65284 -0.0227987 0.757153 453.191 0.00716428 0.999316 0.0362677 4.074 -0.757462 0.0291015 -0.65223 -173.614 
-0.652335 -0.0227398 0.757589 455.08 0.0104098 0.999187 0.0389551 4.15253 -0.757859 0.0332981 -0.651568 -175.168 
-0.650636 -0.0249518 0.75898 456.983 0.00912013 0.999131 0.0406651 4.2314 -0.759335 0.0333802 -0.649843 -176.831 
-0.649538 -0.0256585 0.759896 459.001 0.00665592 0.9992 0.039428 4.28809 -0.7603 0.0306678 -0.648848 -178.523 
-0.647411 -0.0247722 0.761739 461.001 0.00573911 0.999285 0.037375 4.34735 -0.76212 0.0285687 -0.646805 -180.223 
-0.645979 -0.0231318 0.763004 463.029 0.00681602 0.999326 0.0360668 4.41522 -0.763324 0.0284991 -0.645386 -181.93 
-0.644734 -0.0226732 0.76407 465.114 0.00881154 0.999273 0.0370879 4.48903 -0.764356 0.0306445 -0.644066 -183.656 
-0.642681 -0.0222975 0.765809 467.268 0.0115717 0.99918 0.0388036 4.57376 -0.766046 0.0338001 -0.641896 -185.472 
-0.640275 -0.0224858 0.767817 469.397 0.0173661 0.998892 0.0437343 4.62281 -0.767949 0.041336 -0.639175 -187.326 
-0.639341 -0.0235884 0.768562 471.289 0.0166177 0.998872 0.0444806 4.67355 -0.768744 0.04121 -0.638227 -188.764 
-0.63841 -0.0246505 0.769302 473.326 0.0158257 0.998855 0.0451389 4.75224 -0.769534 0.0409919 -0.637289 -190.41 
-0.637874 -0.0265665 0.769683 475.382 0.0135894 0.998861 0.0457391 4.82906 -0.770021 0.0396353 -0.636786 -192.055 
-0.638385 -0.0257761 0.769285 476.975 0.0132076 0.998925 0.0444307 4.80138 -0.769603 0.0385244 -0.637359 -192.915 
-0.638767 -0.0262343 0.768952 478.665 0.0119429 0.99896 0.0440024 4.75191 -0.769307 0.0372908 -0.63779 -193.888 
-0.639317 -0.0268794 0.768473 479.97 0.0117577 0.99893 0.0447218 4.75154 -0.768853 0.0376269 -0.638318 -194.652 
-0.639473 -0.0282988 0.768292 481.05 0.0103128 0.998917 0.0453771 4.72754 -0.768744 0.0369407 -0.638489 -195.164 
-0.639627 -0.0297183 0.768111 482.129 0.00886778 0.998901 0.046032 4.70474 -0.768634 0.0362547 -0.63866 -195.676 
-0.639215 -0.0306982 0.768415 483.541 0.0080944 0.998879 0.0466386 4.69169 -0.768985 0.036032 -0.63825 -196.972 
-0.638934 -0.0310411 0.768635 484.774 0.00918085 0.998807 0.0479681 4.63466 -0.769207 0.0377052 -0.637886 -198.112 
-0.639213 -0.0306327 0.768419 486.704 0.00962232 0.998809 0.0478215 4.71117 -0.76897 0.0379621 -0.638157 -199.675 
-0.640963 -0.0323092 0.766891 488.68 0.00893262 0.998732 0.0495424 4.74122 -0.76752 0.0386052 -0.639862 -200.626 
-0.64341 -0.0336716 0.76478 490.572 0.00936937 0.998611 0.0518491 4.78287 -0.765464 0.0405257 -0.642201 -201.309 
-0.642338 -0.0337972 0.765676 492.195 0.00930995 0.998609 0.0518892 4.82929 -0.766365 0.0404588 -0.64113 -202.734 
-0.642664 -0.0342155 0.765383 494.077 0.00785846 0.998655 0.0512421 4.92817 -0.766107 0.0389462 -0.641531 -204.262 
-0.642599 -0.033416 0.765474 496.05 0.00824738 0.998689 0.0505203 5.02903 -0.766158 0.0387774 -0.641481 -205.856 
-0.642208 -0.0325728 0.765838 498.102 0.00934203 0.99869 0.0503104 5.14553 -0.766473 0.0394643 -0.641063 -207.542 
-0.642977 -0.0316763 0.76523 500.293 0.0101613 0.998704 0.0498786 5.30393 -0.765818 0.0398465 -0.641822 -209.268 
-0.643745 -0.0307793 0.764621 502.482 0.0109809 0.998716 0.0494476 5.46105 -0.765161 0.0402279 -0.642581 -210.996 
-0.644511 -0.029882 0.764011 504.67 0.011801 0.998728 0.0490174 5.61691 -0.764504 0.0406084 -0.643339 -212.726 
-0.644874 -0.0308339 0.763666 506.638 0.0112278 0.998696 0.0498047 5.7023 -0.764206 0.0406921 -0.643687 -214.332 
-0.642301 -0.0315401 0.765803 508.688 0.0112044 0.99866 0.0505278 5.81346 -0.766371 0.0410345 -0.641087 -216.068 
-0.641729 -0.0319795 0.766265 510.97 0.0119991 0.998589 0.0517243 5.9824 -0.766838 0.0423874 -0.64044 -217.814 
-0.641764 -0.0308854 0.76628 513.404 0.0147746 0.998505 0.0526191 6.2116 -0.76676 0.0450906 -0.640349 -219.576 
-0.641796 -0.0297912 0.766296 515.839 0.0175499 0.998413 0.0535138 6.4429 -0.766674 0.0477934 -0.640255 -221.337 
-0.641826 -0.028697 0.766313 518.274 0.0203251 0.998312 0.0544081 6.6763 -0.766581 0.0504959 -0.640159 -223.097 
-0.641852 -0.0276027 0.766331 520.71 0.0231 0.998202 0.0553022 6.9118 -0.76648 0.0531981 -0.640061 -224.857 
-0.641926 -0.0285883 0.766233 522.406 0.0217184 0.998226 0.0554389 6.97862 -0.766459 0.0522291 -0.640167 -226.322 
-0.641171 -0.0288471 0.766855 524.129 0.0205453 0.99829 0.0547311 7.09815 -0.767123 0.0508473 -0.639482 -227.76 
-0.642962 -0.0293749 0.765334 525.92 0.0215897 0.998172 0.0564493 7.21417 -0.765593 0.0528181 -0.641153 -228.626 
-0.644966 -0.0305112 0.763602 528.161 0.0236042 0.997931 0.0598111 7.26387 -0.763847 0.0566004 -0.642911 -229.681 
-0.644171 -0.0314915 0.764233 529.994 0.0227777 0.997919 0.0603202 7.35564 -0.764543 0.056264 -0.642113 -231.259 
-0.642186 -0.0336173 0.765811 531.815 0.0196856 0.997985 0.0603169 7.43477 -0.766296 0.0538101 -0.64023 -232.846 
-0.64236 -0.0324128 0.765718 532.974 0.018537 0.998156 0.0578025 7.43563 -0.766179 0.0513241 -0.640574 -233.935 
-0.641925 -0.0301615 0.766174 534.207 0.0195356 0.998258 0.0556653 7.49083 -0.766518 0.0507006 -0.640218 -235.068 
-0.643043 -0.0322674 0.76515 535.783 0.0196126 0.99809 0.0585735 7.53925 -0.765579 0.0526719 -0.641182 -236.133 
-0.643218 -0.03376 0.764939 537.815 0.0190298 0.998014 0.0600482 7.66316 -0.765447 0.0531807 -0.641298 -237.784 
-0.643362 -0.0386857 0.764584 539.722 0.0126835 0.998047 0.0611707 7.75759 -0.765457 0.0490525 -0.641615 -239.338 
-0.643476 -0.0436118 0.764223 541.628 0.00633651 0.998038 0.0622901 7.85499 -0.76544 0.0449247 -0.641937 -240.892 
-0.643392 -0.0426709 0.764346 543.587 0.00697452 0.998077 0.06159 7.9765 -0.765505 0.0449575 -0.641857 -242.492 
-0.644048 -0.0429359 0.763779 545.261 0.00776838 0.998005 0.0626534 8.01315 -0.764946 0.0462852 -0.642429 -243.613 
-0.644625 -0.0439589 0.763234 547.373 0.00806057 0.997899 0.0642825 8.14958 -0.764457 0.0475902 -0.642916 -245.294 
-0.645816 -0.0447454 0.76218 549.527 0.00889247 0.997773 0.0661111 8.2892 -0.763441 0.0494733 -0.64398 -247.024 
-0.647007 -0.0455288 0.761123 551.678 0.0097215 0.997642 0.0679407 8.43382 -0.762422 0.0513574 -0.645039 -248.758 
-0.648197 -0.0463091 0.760063 553.827 0.0105476 0.997507 0.0697713 8.58345 -0.761399 0.0532425 -0.646093 -250.494 
-0.649386 -0.0470864 0.758999 555.972 0.0113709 0.997368 0.0716029 8.7381 -0.760373 0.0551285 -0.647142 -252.233 
-0.648947 -0.049184 0.759242 557.31 0.00879909 0.997356 0.0721299 8.79651 -0.760783 0.0534891 -0.646798 -253.451 
-0.64973 -0.0504141 0.758491 558.827 0.00733161 0.997336 0.0725696 8.94886 -0.760129 0.0527116 -0.64763 -254.273 
-0.650155 -0.0509108 0.758093 560.542 0.00757272 0.997269 0.0734674 9.12546 -0.759763 0.0535061 -0.647994 -255.193 
-0.650581 -0.0514071 0.757695 562.257 0.00781332 0.9972 0.0743654 9.30366 -0.759397 0.0543008 -0.648358 -256.115 
-0.652077 -0.0504546 0.756472 563.466 0.00862181 0.997225 0.0739441 9.38967 -0.758103 0.0547394 -0.649833 -256.712 
-0.653527 -0.0485935 0.755342 564.583 0.0108254 0.997235 0.0735214 9.51464 -0.756826 0.056225 -0.651194 -257.215 
-0.655303 -0.049774 0.753724 565.543 0.0110364 0.997089 0.0754404 9.45382 -0.755285 0.0577547 -0.652846 -257.553 
-0.6577 -0.0503552 0.751595 566.472 0.0130276 0.996853 0.078187 9.39071 -0.753167 0.0612152 -0.654975 -257.818 
-0.660092 -0.0509252 0.749456 567.401 0.01501 0.996606 0.0809391 9.3292 -0.751035 0.0646766 -0.657087 -258.087 
-0.662479 -0.0514841 0.747309 568.328 0.0169834 0.996346 0.0836964 9.2693 -0.748888 0.068139 -0.659184 -258.358 
-0.664118 -0.051958 0.74582 569.476 0.0166085 0.996311 0.0841975 9.39517 -0.747443 0.068304 -0.660805 -258.866 
-0.666287 -0.0513629 0.743925 570.818 0.0171931 0.996302 0.0841865 9.57965 -0.745497 0.0688827 -0.662939 -259.414 
-0.66845 -0.0507661 0.742023 572.158 0.0177777 0.996292 0.0841771 9.76384 -0.743545 0.0694596 -0.665069 -259.965 
-0.670607 -0.0501677 0.740115 573.496 0.0183623 0.996282 0.0841695 9.94772 -0.741586 0.0700348 -0.667192 -260.521 
-0.672758 -0.0495676 0.738201 574.833 0.018947 0.996272 0.0841635 10.1313 -0.73962 0.0706083 -0.66931 -261.08 
-0.674903 -0.0489659 0.73628 576.168 0.0195316 0.996261 0.0841591 10.3146 -0.737648 0.07118 -0.671423 -261.643 
-0.675928 -0.0498027 0.735283 577.692 0.0199875 0.996108 0.085843 10.4572 -0.736697 0.0727201 -0.672302 -262.732 
-0.676261 -0.0516367 0.73485 579.326 0.0183719 0.996048 0.0868977 10.607 -0.736433 0.0722662 -0.672639 -264.121 
-0.677858 -0.0543838 0.733178 580.654 0.0161641 0.995917 0.088817 10.697 -0.735015 0.0720565 -0.674211 -265.208 
-0.680363 -0.0519651 0.731031 582.353 0.0168584 0.996109 0.086498 10.8792 -0.732681 0.071174 -0.67684 -265.831 
-0.68258 -0.0495765 0.729127 584.227 0.0164234 0.996404 0.0831247 11.1118 -0.730626 0.068714 -0.679311 -266.487 
-0.684792 -0.047195 0.727209 586.1 0.0159986 0.996686 0.079749 11.3386 -0.728563 0.0662458 -0.681768 -267.148 
-0.686998 -0.0448204 0.725276 587.972 0.015584 0.996958 0.0763712 11.5595 -0.726492 0.0637696 -0.684209 -267.816 
-0.688666 -0.0466863 0.723574 589.076 0.0133948 0.996935 0.0770726 11.6418 -0.724955 0.0627694 -0.68593 -268.383 
-0.689618 -0.0503546 0.72242 590.295 0.00749315 0.99703 0.0766485 11.7462 -0.724134 0.0582715 -0.687193 -269.022 
-0.689594 -0.0499374 0.722472 591.963 0.00767254 0.99706 0.0762402 11.8633 -0.724155 0.0581181 -0.687184 -270.424 
-0.68974 -0.04949 0.722364 593.749 0.00739979 0.997127 0.0753799 12.0214 -0.72402 0.0573379 -0.687392 -272.001 
-0.690018 -0.0498423 0.722074 595.651 0.00728071 0.997098 0.0757837 12.1596 -0.723756 0.0575493 -0.687652 -273.607 
-0.689732 -0.0501627 0.722325 597.324 0.00757592 0.997043 0.0764748 12.2692 -0.724025 0.0582194 -0.687313 -275.162 
-0.689362 -0.0510499 0.722616 599.296 0.00638759 0.997047 0.0765309 12.4674 -0.724389 0.0573733 -0.687 -277.014 
-0.688861 -0.0513121 0.723075 600.965 0.00583549 0.997067 0.0763149 12.6124 -0.72487 0.0567899 -0.686541 -278.613 
-0.688286 -0.0523875 0.723545 602.615 0.00401959 0.997098 0.0760175 12.7787 -0.725428 0.0552302 -0.686078 -280.319 
-0.687681 -0.0523351 0.724124 604.44 0.00460597 0.997064 0.0764355 12.9309 -0.725999 0.0558985 -0.685421 -281.974 
-0.686627 -0.0515422 0.725181 606.423 0.00564529 0.997076 0.0762122 13.1671 -0.726988 0.0564232 -0.684328 -283.821 
-0.68593 -0.0512407 0.725861 608.319 0.00632497 0.99706 0.0763624 13.3383 -0.72764 0.0569704 -0.68359 -285.584 
-0.685808 -0.0505657 0.726024 610.445 0.00661019 0.997109 0.0756901 13.4374 -0.727753 0.056708 -0.683491 -287.46 
-0.685217 -0.0497383 0.726638 612.181 0.00619058 0.997232 0.074098 13.603 -0.728313 0.0552715 -0.683012 -289.085 
