1 -4.23778e-08 4.22719e-08 0 -4.23778e-08 1 -4.19404e-08 0 4.22719e-08 -4.19404e-08 1 0 
0.999997 -0.00214107 -0.00133967 -0.0250494 0.00214505 0.999993 0.00304369 -0.0200568 0.00133323 -0.00304663 0.999994 1.54493 
0.999993 -0.00256549 -0.00280442 -0.0483724 0.00257591 0.99999 0.00375033 -0.0362594 0.00279486 -0.00375761 0.999989 3.079 
0.999988 -0.00196102 -0.00457266 -0.0615141 0.00197639 0.999992 0.00337769 -0.0502469 0.00456609 -0.00338677 0.999984 4.57339 
0.999979 -0.00156237 -0.00621076 -0.0998235 0.00158382 0.999993 0.00346288 -0.0697854 0.00620538 -0.00347273 0.999975 6.10743 
0.999969 -0.0016268 -0.00764762 -0.135675 0.00165493 0.999992 0.00368477 -0.0848483 0.00764165 -0.0036974 0.999964 7.63077 
0.999953 -0.00158857 -0.00955627 -0.172663 0.00162864 0.99999 0.00419514 -0.104983 0.00954959 -0.00421059 0.999945 9.11501 
0.99993 -0.00296 -0.0114638 -0.19706 0.00300039 0.999989 0.00351476 -0.122063 0.0114533 -0.003549 0.999928 10.5839 
0.999906 -0.0046133 -0.0129265 -0.236859 0.00466338 0.999982 0.0038527 -0.141683 0.0129086 -0.00391271 0.999909 12.1188 
0.999888 -0.00467946 -0.0142263 -0.274758 0.00473084 0.999982 0.0035861 -0.15158 0.0142093 -0.00365309 0.999892 13.6348 
0.999875 -0.00373487 -0.0153796 -0.312955 0.00379011 0.999986 0.00356928 -0.171187 0.0153662 -0.00362721 0.999875 15.1227 
0.999865 -0.0026847 -0.0162165 -0.352773 0.00274923 0.999988 0.00396332 -0.186804 0.0162057 -0.00400745 0.999861 16.6458 
0.999852 -0.000464613 -0.0171786 -0.390591 0.000548373 0.999988 0.00487632 -0.2041 0.0171763 -0.0048851 0.99984 18.1108 
0.999837 0.000162309 -0.0180756 -0.43697 -5.83995e-05 0.999983 0.0057536 -0.217924 0.0180764 -0.00575169 0.99982 19.5999 
0.999827 -0.000147281 -0.0185728 -0.47896 0.000254199 0.999983 0.00575896 -0.235328 0.0185718 -0.00576278 0.999811 21.0604 
0.999809 0.000619594 -0.0195307 -0.524119 -0.000505336 0.999983 0.00585886 -0.247422 0.0195341 -0.00584796 0.999792 22.5194 
0.999803 0.000792823 -0.0198048 -0.57395 -0.000667847 0.99998 0.00632043 -0.257088 0.0198095 -0.00630604 0.999784 23.9807 
0.999809 0.00178053 -0.0194568 -0.658247 -0.00163606 0.999971 0.00744284 -0.259017 0.0194696 -0.00740968 0.999783 25.4431 
0.999803 0.00221165 -0.0197435 -0.70329 -0.00209485 0.99998 0.00593892 -0.271067 0.0197564 -0.00589648 0.999787 26.8983 
0.999792 0.00249242 -0.0202397 -0.746465 -0.00240738 0.999988 0.00422865 -0.289045 0.02025 -0.00417913 0.999786 28.3213 
0.99979 0.000368035 -0.0204978 -0.781094 -0.000287721 0.999992 0.00392507 -0.299049 0.0204992 -0.00391844 0.999782 29.7721 
0.999796 -0.000226479 -0.0201863 -0.82917 0.000356936 0.999979 0.00646344 -0.312147 0.0201845 -0.00646941 0.999775 31.2031 
0.999789 -0.00178118 -0.0204826 -0.867971 0.00194308 0.999967 0.00789098 -0.329401 0.0204679 -0.0079292 0.999759 32.5809 
0.999782 -0.00305558 -0.0206511 -0.915277 0.00320978 0.999967 0.00744162 -0.344295 0.0206277 -0.00750637 0.999759 34.0001 
0.999785 -0.00229953 -0.0206259 -0.958258 0.00241394 0.999982 0.0055277 -0.353337 0.0206129 -0.00557639 0.999772 35.4135 
0.999792 -0.00157246 -0.0203343 -1.00193 0.00167003 0.999987 0.00478629 -0.367174 0.0203266 -0.00481934 0.999782 36.7915 
0.999811 -0.00058135 -0.0194393 -1.04807 0.000658102 0.999992 0.00394646 -0.385319 0.0194369 -0.00395859 0.999803 38.1569 
0.999832 0.000441386 -0.0183106 -1.09022 -0.000354613 0.999989 0.00474647 -0.394672 0.0183125 -0.00473927 0.999821 39.5026 
0.999856 0.00100569 -0.0169201 -1.1319 -0.000888835 0.999976 0.00691729 -0.412157 0.0169267 -0.00690134 0.999833 40.8291 
0.999879 0.000344998 -0.0155173 -1.16078 -0.000224252 0.99997 0.00778779 -0.424473 0.0155196 -0.00778346 0.999849 42.2051 
0.999911 0.000799493 -0.0132752 -1.20468 -0.00068865 0.999965 0.00835841 -0.435309 0.0132815 -0.00834861 0.999877 43.4919 
0.999947 0.000294443 -0.0103091 -1.22864 -0.000213412 0.999969 0.00786847 -0.448949 0.0103111 -0.00786594 0.999916 44.7881 
0.999976 -0.000112269 -0.00688224 -1.25721 0.000154909 0.999981 0.00620757 -0.463379 0.0068815 -0.00620857 0.999957 46.043 
0.999992 -0.000300179 -0.00388869 -1.27088 0.000316921 0.999991 0.0043273 -0.473575 0.00388744 -0.00432859 0.999983 47.2844 
1 -4.88298e-05 -0.000102268 -1.28511 4.9242e-05 0.999988 0.00486344 -0.490675 0.000102114 -0.00486353 0.999988 48.498 
0.999987 0.000193199 0.00508502 -1.29451 -0.000218011 0.999988 0.00486255 -0.505731 -0.00508393 -0.00486368 0.999975 49.7041 
0.999933 0.00207544 0.0113407 -1.30209 -0.0021183 0.999991 0.0037618 -0.51799 -0.0113327 -0.00378565 0.999929 50.9172 
0.999824 0.00316948 0.0185069 -1.30103 -0.00324162 0.999987 0.00386484 -0.535873 -0.0184943 -0.00392423 0.999821 52.1061 
0.999629 0.00417505 0.0269185 -1.28837 -0.00430642 0.999979 0.00482079 -0.547371 -0.0268977 -0.004935 0.999626 53.2898 
0.99928 0.00645271 0.0373802 -1.26445 -0.00666174 0.999963 0.00546774 -0.563651 -0.0373435 -0.0057129 0.999286 54.4571 
0.998712 0.00867551 0.0499905 -1.21845 -0.00896654 0.999944 0.0055986 -0.58677 -0.049939 -0.00603971 0.998734 55.6086 
0.997838 0.0105071 0.0648731 -1.16577 -0.0109175 0.999922 0.00597468 -0.599431 -0.0648052 -0.0066701 0.997876 56.7659 
0.996636 0.0126716 0.0809683 -1.09901 -0.0132992 0.999885 0.0072148 -0.610792 -0.0808675 -0.00826742 0.99669 57.8962 
0.995056 0.0125226 0.0985256 -1.00607 -0.0133756 0.999878 0.00800056 -0.622604 -0.0984134 -0.00927892 0.995102 59.0146 
0.992971 0.0122432 0.117726 -0.89755 -0.0131827 0.999887 0.00720425 -0.634544 -0.117624 -0.00870564 0.99302 60.1052 
0.990429 0.0114395 0.137546 -0.761219 -0.0124445 0.999902 0.00644763 -0.648796 -0.137458 -0.00809768 0.990474 61.174 
0.987316 0.0085685 0.158536 -0.601838 -0.00967207 0.999934 0.00619014 -0.655523 -0.158472 -0.00764507 0.987334 62.2342 
0.983718 0.00322273 0.179691 -0.403091 -0.00481067 0.999953 0.0084015 -0.666477 -0.179656 -0.00912922 0.983687 63.3021 
0.979218 -0.00222141 0.202799 -0.194004 0.000238447 0.999952 0.00980143 -0.677696 -0.202811 -0.00954945 0.979171 64.3346 
0.973981 -0.00746018 0.226505 0.0433315 0.00548138 0.999941 0.00936353 -0.688368 -0.226561 -0.00787842 0.973965 65.3548 
0.967797 -0.0136069 0.251362 0.300547 0.0120215 0.999897 0.00784134 -0.699855 -0.251442 -0.00456715 0.967861 66.3465 
0.960588 -0.0173973 0.277431 0.586682 0.0156968 0.999842 0.00834908 -0.706213 -0.277532 -0.00366532 0.960709 67.3347 
0.952233 -0.0202008 0.304703 0.887336 0.0178036 0.999785 0.0106437 -0.711455 -0.304852 -0.00471052 0.952388 68.3005 
0.942837 -0.0245228 0.33235 1.21551 0.0212235 0.999683 0.0135538 -0.717301 -0.332577 -0.00572543 0.943059 69.2454 
0.932176 -0.0274462 0.360964 1.56187 0.0242399 0.999616 0.0134078 -0.725 -0.361193 -0.00374878 0.932483 70.1664 
0.920391 -0.0266626 0.390089 1.9322 0.0249518 0.999644 0.0094532 -0.730337 -0.390202 0.00103271 0.920729 71.0669 
0.907589 -0.0277878 0.418938 2.33158 0.0286509 0.99958 0.00423156 -0.737919 -0.41888 0.00816239 0.908005 71.9446 
0.893704 -0.0299186 0.447659 2.75363 0.0324112 0.999472 0.00209243 -0.748263 -0.447485 0.0126391 0.894202 72.7987 
0.878524 -0.0308937 0.476697 3.19972 0.032297 0.999464 0.00525136 -0.756417 -0.476604 0.0107824 0.879052 73.624 
0.860993 -0.0294989 0.507761 3.67718 0.0276706 0.999555 0.0111498 -0.765888 -0.507863 0.00445013 0.861426 74.471 
0.84164 -0.0297829 0.539217 4.18175 0.0257278 0.999556 0.0150514 -0.773636 -0.539425 0.001205 0.842033 75.2746 
0.820886 -0.0240446 0.570586 4.70072 0.021925 0.999703 0.0105846 -0.785912 -0.570671 0.00382132 0.82117 76.0465 
0.799158 -0.0168919 0.600884 5.2531 0.0191773 0.999813 0.00260107 -0.765876 -0.600815 0.00944461 0.799332 76.8018 
0.77689 -0.0145429 0.629468 5.83237 0.0182794 0.999833 0.000538965 -0.770197 -0.62937 0.0110875 0.777026 77.5284 
0.754016 -0.01687 0.656639 6.43896 0.0191467 0.99981 0.00370027 -0.780883 -0.656577 0.00978239 0.754196 78.2216 
0.729888 -0.0170567 0.683354 7.05979 0.0192044 0.999806 0.00444315 -0.7934 -0.683297 0.00988036 0.730073 78.8914 
0.705183 -0.0153308 0.70886 7.70115 0.020159 0.999795 0.00156839 -0.801909 -0.708739 0.0131838 0.705348 79.5258 
0.679127 -0.0128194 0.733909 8.34897 0.0199648 0.9998 -0.00101098 -0.808834 -0.733749 0.0153389 0.679247 80.1381 
0.652375 -0.0104336 0.757824 9.02748 0.0182039 0.999832 -0.00190555 -0.82153 -0.757678 0.0150385 0.652456 80.7346 
0.624621 -0.00886321 0.780877 9.72028 0.0178794 0.999836 -0.00295337 -0.835046 -0.780723 0.0158063 0.624677 81.3016 
0.596515 -0.00258692 0.802598 10.4422 0.0166243 0.99982 -0.00913318 -0.852881 -0.80243 0.0187906 0.59645 81.836 
0.566455 0.00677038 0.824065 11.1808 0.0151361 0.999712 -0.0186181 -0.872699 -0.823954 0.0230194 0.566189 82.3576 
0.535767 0.0151811 0.844229 11.9396 0.0138538 0.999546 -0.0267661 -0.894479 -0.844252 0.0260361 0.535313 82.855 
0.504295 0.0200932 0.863298 12.7313 0.0115726 0.999482 -0.0300232 -0.921171 -0.863454 0.0251312 0.503801 83.3291 
0.471894 0.0199637 0.881429 13.5405 0.00919109 0.999578 -0.0275605 -0.952326 -0.881607 0.0211069 0.471511 83.776 
0.438707 0.0187599 0.898434 14.3679 0.00442489 0.999725 -0.0230357 -0.985414 -0.898619 0.0140814 0.438503 84.199 
0.404748 0.0198438 0.914213 15.2226 0.000279889 0.999762 -0.0218247 -1.01959 -0.914428 0.00908938 0.404646 84.585 
0.369746 0.0231497 0.928844 16.0858 -0.00682039 0.99973 -0.0222015 -1.04629 -0.929108 0.00187383 0.369804 84.9506 
0.334025 0.0253893 0.942222 16.9676 -0.0119194 0.999671 -0.0227119 -1.07443 -0.942489 -0.00364433 0.334218 85.2849 
0.298309 0.0244225 0.954157 17.8637 -0.0143952 0.999674 -0.0210871 -1.1085 -0.954361 -0.00744486 0.298563 85.5779 
0.262251 0.0244155 0.964691 18.7909 -0.0153148 0.999659 -0.0211373 -1.13247 -0.964878 -0.00923076 0.262535 85.8386 
0.226184 0.0236161 0.973798 19.7257 -0.0146699 0.999675 -0.0208364 -1.16428 -0.973974 -0.00957267 0.226457 86.073 
0.190769 0.0225625 0.981376 20.6644 -0.0127369 0.999708 -0.0205082 -1.18613 -0.981552 -0.00858737 0.191001 86.2732 
0.156426 0.02137 0.987458 21.6255 -0.00452993 0.999771 -0.0209189 -1.2187 -0.987679 -0.00120085 0.156487 86.4225 
0.123178 0.0247069 0.992077 22.5911 -0.0021089 0.999694 -0.0246349 -1.25015 -0.992382 0.000942276 0.123192 86.5387 
0.0903187 0.0298832 0.995464 23.5501 -0.00121632 0.999552 -0.0298956 -1.27995 -0.995912 0.00148933 0.0903146 86.6384 
0.0610913 0.0334901 0.99757 24.5119 0.00537913 0.999411 -0.0338814 -1.31599 -0.998118 0.00743592 0.0608752 86.7029 
0.0353506 0.0316992 0.998872 25.4871 0.00706971 0.999464 -0.0319683 -1.35303 -0.99935 0.00819184 0.0351076 86.7468 
0.0130184 0.0285556 0.999507 26.4694 0.00917576 0.999547 -0.0286763 -1.39244 -0.999873 0.00954456 0.0127504 86.7669 
-0.00569264 0.0261236 0.999642 27.4562 0.00918037 0.999618 -0.0260708 -1.42801 -0.999942 0.00902868 -0.00593029 86.7711 
-0.0230015 0.0292238 0.999308 28.4393 0.0106386 0.999523 -0.0289853 -1.46531 -0.999679 0.00996449 -0.0233014 86.7622 
-0.0377411 0.0338965 0.998712 29.431 0.0130186 0.999356 -0.0334264 -1.4973 -0.999203 0.0117403 -0.0381581 86.7332 
-0.0496992 0.0389932 0.998003 30.4222 0.0174923 0.999118 -0.0381658 -1.53876 -0.998611 0.0155606 -0.0503375 86.6874 
-0.0585637 0.0423595 0.997384 31.4061 0.0223559 0.998904 -0.0411114 -1.58788 -0.998033 0.0198898 -0.0594465 86.6362 
-0.064559 0.047256 0.996794 32.4148 0.0262569 0.998613 -0.0456417 -1.64934 -0.997568 0.0232261 -0.0657103 86.5736 
-0.0684425 0.0518305 0.996308 33.4083 0.0275608 0.998367 -0.0500443 -1.70576 -0.997274 0.0240338 -0.0697592 86.5193 
-0.0716575 0.0559285 0.99586 34.414 0.029996 0.998096 -0.0538958 -1.76114 -0.996978 0.0260098 -0.0731987 86.4638 
-0.0742926 0.058927 0.995494 35.4145 0.0299522 0.997934 -0.0568362 -1.8217 -0.996786 0.0255947 -0.0759041 86.3982 
-0.0762141 0.0621056 0.995155 36.4185 0.031383 0.997713 -0.0598618 -1.89504 -0.996597 0.0266686 -0.0779889 86.3175 
-0.0783422 0.0653081 0.994785 37.4301 0.0327711 0.997481 -0.0629044 -1.96946 -0.996388 0.0276722 -0.0802851 86.2527 
-0.080441 0.0669355 0.994509 38.4613 0.0352951 0.997308 -0.0642691 -2.0388 -0.996134 0.0299314 -0.082587 86.175 
-0.0822129 0.0652395 0.994477 39.4735 0.0353706 0.997417 -0.0625084 -2.11805 -0.995987 0.0300363 -0.0843081 86.0941 
-0.0839552 0.0650415 0.994344 40.4864 0.0352167 0.997438 -0.0622705 -2.19173 -0.995847 0.0297896 -0.0860307 86.0126 
-0.08596 0.0664862 0.994078 41.5363 0.0348166 0.997362 -0.0636952 -2.25735 -0.99569 0.0291352 -0.088048 85.9191 
-0.0883134 0.0686238 0.993726 42.5539 0.033786 0.997256 -0.0658651 -2.33146 -0.99552 0.0277573 -0.0903897 85.8403 
-0.0907354 0.0713792 0.993314 43.5992 0.0321991 0.997117 -0.0687113 -2.39966 -0.995354 0.0257493 -0.0927721 85.7495 
-0.0930414 0.0749049 0.992841 44.6509 0.0300596 0.996923 -0.072396 -2.48021 -0.995208 0.0231086 -0.0950067 85.6556 
-0.0948535 0.0788437 0.992364 45.6912 0.0269673 0.996696 -0.0766104 -2.56805 -0.995126 0.0194946 -0.0966663 85.5597 
-0.0975024 0.0811615 0.99192 46.7331 0.0245933 0.996561 -0.0791238 -2.65434 -0.994931 0.0166798 -0.0991631 85.473 
-0.100046 0.0795924 0.991794 47.7723 0.0227237 0.996718 -0.0776954 -2.74285 -0.994723 0.0147641 -0.101526 85.375 
-0.102982 0.0755818 0.991807 48.8301 0.0199059 0.997066 -0.0739158 -2.82867 -0.994484 0.0121309 -0.104184 85.2808 
-0.10555 0.0740174 0.991655 49.8676 0.0198375 0.997184 -0.0723187 -2.91476 -0.994216 0.0120387 -0.106722 85.191 
-0.107365 0.0743221 0.991438 50.9209 0.0190444 0.997173 -0.0726898 -3.00097 -0.994037 0.011077 -0.108477 85.0895 
-0.108452 0.0769876 0.991116 51.9783 0.0205041 0.996958 -0.0751979 -3.0854 -0.99389 0.0121666 -0.109701 84.9849 
-0.109194 0.0797919 0.990813 53.0355 0.0207888 0.996738 -0.0779781 -3.17275 -0.993803 0.0120831 -0.110496 84.8816 
-0.109712 0.0806216 0.990688 54.0791 0.0192721 0.99669 -0.0789759 -3.25979 -0.993776 0.010428 -0.110903 84.7844 
-0.10939 0.0792789 0.990832 55.1468 0.0164427 0.996822 -0.0779429 -3.35179 -0.993863 0.00776577 -0.110346 84.6861 
-0.10934 0.0785271 0.990898 56.2177 0.012591 0.996904 -0.0776138 -3.44569 -0.993925 0.0039901 -0.109991 84.5809 
-0.109266 0.0795014 0.990828 57.2917 0.00889152 0.996835 -0.0790029 -3.53846 -0.993973 0.000177657 -0.109627 84.4806 
-0.109546 0.0797218 0.990779 58.3599 0.00471894 0.996809 -0.0796853 -3.62931 -0.99397 -0.00405373 -0.109572 84.3802 
-0.110235 0.0790948 0.990753 59.4388 0.0013932 0.99684 -0.0794258 -3.72457 -0.993904 -0.00737519 -0.109997 84.2854 
-0.110441 0.0739559 0.991127 60.5102 0.00204656 0.997242 -0.0741842 -3.81414 -0.99388 -0.00616459 -0.110288 84.1808 
-0.110937 0.0652289 0.991684 61.6159 0.00502392 0.997868 -0.0650736 -3.89932 -0.993815 -0.00223693 -0.111028 84.0769 
-0.11086 0.0594169 0.992058 62.7084 0.0108733 0.998224 -0.0585712 -3.98356 -0.993776 0.00429375 -0.111309 83.9674 
-0.110265 0.061755 0.991982 63.7984 0.0193259 0.998012 -0.0599823 -4.0564 -0.993714 0.012557 -0.111239 83.8529 
-0.109167 0.0672009 0.991749 64.894 0.0245724 0.99759 -0.0648919 -4.12999 -0.99372 0.0172856 -0.110555 83.7416 
-0.108096 0.0727824 0.991473 65.994 0.0283406 0.997137 -0.0701084 -4.21172 -0.993736 0.0205205 -0.10985 83.6305 
-0.107526 0.0769287 0.991221 67.0971 0.028571 0.996829 -0.0742647 -4.29915 -0.993792 0.0203348 -0.109382 83.5225 
-0.107397 0.0740927 0.991451 68.2226 0.025599 0.997095 -0.0717415 -4.39156 -0.993886 0.0176754 -0.108982 83.4178 
-0.107188 0.069399 0.991814 69.3614 0.0247782 0.997437 -0.0671147 -4.48174 -0.99393 0.0173815 -0.108633 83.3105 
-0.106708 0.0675932 0.99199 70.5066 0.0224448 0.997596 -0.0655609 -4.56031 -0.994037 0.0152692 -0.107969 83.2021 
-0.10647 0.0683244 0.991966 71.663 0.0206604 0.997573 -0.0664932 -4.64239 -0.994101 0.0134149 -0.107623 83.0882 
-0.106775 0.0732124 0.991584 72.7861 0.0217458 0.997219 -0.0712869 -4.731 -0.994045 0.0139512 -0.10807 83.0038 
-0.105889 0.0760724 0.991464 73.9379 0.02158 0.99701 -0.0741933 -4.81427 -0.994144 0.0135395 -0.107214 82.8899 
-0.105277 0.0749173 0.991617 75.0866 0.0222484 0.997086 -0.0729685 -4.90465 -0.994194 0.01438 -0.106637 82.7772 
-0.104329 0.0680091 0.992215 76.2504 0.0243961 0.997534 -0.0658086 -4.99031 -0.994244 0.0173405 -0.105731 82.6616 
-0.104796 0.0664371 0.992272 77.3931 0.0233866 0.997655 -0.0643276 -5.07603 -0.994219 0.0164646 -0.106104 82.5526 
-0.10431 0.0697375 0.992097 78.5529 0.0209235 0.997472 -0.0679154 -5.15508 -0.994325 0.0136739 -0.105505 82.4494 
-0.104219 0.0731905 0.991858 79.7179 0.0206325 0.997233 -0.0714193 -5.22736 -0.99434 0.0130213 -0.105441 82.3521 
-0.104627 0.0728296 0.991841 80.8983 0.0197118 0.997271 -0.071149 -5.31102 -0.994316 0.0121069 -0.105777 82.2568 
-0.10458 0.0691863 0.992107 82.0808 0.0196055 0.997527 -0.0674976 -5.40423 -0.994323 0.0123918 -0.105678 82.1483 
-0.104085 0.0680403 0.992238 83.2798 0.0209852 0.997585 -0.0662057 -5.49285 -0.994347 0.0139313 -0.105261 82.0516 
-0.102883 0.0683475 0.992342 84.4727 0.0225431 0.99754 -0.0663684 -5.58047 -0.994438 0.0155423 -0.104171 81.9409 
-0.102303 0.0686761 0.99238 85.6535 0.0251648 0.997473 -0.0664344 -5.66264 -0.994435 0.0181766 -0.103773 81.8355 
-0.100752 0.0685944 0.992544 86.8517 0.0251869 0.997476 -0.0663787 -5.74047 -0.994593 0.0183114 -0.102225 81.7195 
-0.0993513 0.0692513 0.99264 88.0659 0.0264813 0.997406 -0.0669334 -5.82618 -0.9947 0.0196365 -0.100927 81.6104 
-0.098214 0.0672299 0.992892 89.2718 0.0267667 0.997533 -0.0648966 -5.91842 -0.994805 0.0202027 -0.0997712 81.5023 
-0.0971725 0.0664653 0.993046 90.4854 0.0249806 0.997616 -0.0643269 -6.00467 -0.994954 0.0185561 -0.0986012 81.3975 
-0.0957643 0.0656098 0.993239 91.7081 0.0259091 0.997652 -0.0634033 -6.0921 -0.995067 0.0196621 -0.0972393 81.2888 
-0.0944169 0.0665598 0.993305 92.9362 0.0239273 0.997626 -0.0645751 -6.17827 -0.995245 0.0176701 -0.0957853 81.1927 
-0.0928728 0.0690948 0.993278 94.1604 0.0247884 0.99744 -0.0670667 -6.2652 -0.995369 0.0183931 -0.0943478 81.09 
-0.091868 0.0681787 0.993434 95.3918 0.0223619 0.997543 -0.0663928 -6.34747 -0.99552 0.0161157 -0.0931669 80.995 
-0.0913198 0.0666759 0.993587 96.6216 0.0187587 0.997694 -0.0652275 -6.4408 -0.995645 0.0126818 -0.0923599 80.8968 
-0.0912135 0.0674095 0.993547 97.8703 0.015456 0.997682 -0.0662711 -6.53576 -0.995711 0.00931149 -0.0920439 80.8068 
-0.0915475 0.0670103 0.993543 99.1189 0.0131329 0.997728 -0.0660825 -6.61946 -0.995714 0.00699841 -0.0922195 80.7115 
-0.0927975 0.0647815 0.993575 100.369 0.0100463 0.997891 -0.0641247 -6.70582 -0.995634 0.00403115 -0.0932527 80.6178 
-0.094204 0.0635467 0.993523 101.625 0.00749757 0.997978 -0.0631208 -6.79013 -0.995525 0.00150278 -0.0944899 80.5206 
-0.0956942 0.0630899 0.993409 102.894 0.00558169 0.998008 -0.0628444 -6.87667 -0.995395 -0.000468928 -0.0958557 80.4223 
-0.0973166 0.0632853 0.993239 104.151 0.00545774 0.997995 -0.0630537 -6.96478 -0.995238 -0.000715324 -0.0974669 80.3144 
-0.0990671 0.0620385 0.993145 105.419 0.00560137 0.998074 -0.0617877 -7.05032 -0.995065 -0.000558147 -0.0992237 80.1908 
-0.102273 0.0570976 0.993116 106.676 0.00270297 0.998364 -0.057121 -7.14147 -0.994753 -0.00315756 -0.10226 80.0821 
-0.107143 0.05684 0.992617 107.938 0.00207774 0.998375 -0.0569455 -7.22636 -0.994241 -0.0040389 -0.107087 79.9739 
-0.112729 0.062511 0.991657 109.17 -0.00350411 0.997988 -0.0633085 -7.31493 -0.993619 -0.0106116 -0.112284 79.862 
-0.119613 0.0656781 0.990646 110.403 -0.00221375 0.997789 -0.0664191 -7.39962 -0.992818 -0.0101376 -0.119204 79.7314 
-0.128454 0.0615425 0.989804 111.654 -0.00117439 0.998062 -0.0622085 -7.4948 -0.991715 -0.00915334 -0.128133 79.5821 
-0.139089 0.059082 0.988516 112.906 0.000890772 0.998226 -0.059537 -7.58906 -0.990279 -0.00740038 -0.138894 79.4179 
-0.151973 0.0597754 0.986575 114.14 0.00115458 0.99818 -0.0603007 -7.67458 -0.988384 -0.00802496 -0.151765 79.2433 
-0.16598 0.0599586 0.984305 115.356 0.00338893 0.998179 -0.0602324 -7.75723 -0.986123 -0.00666163 -0.165881 79.0516 
-0.18057 0.0572662 0.981894 116.578 0.00355581 0.998335 -0.0575713 -7.84631 -0.983556 -0.00690418 -0.180473 78.8505 
-0.19626 0.0597995 0.978727 117.779 0.0079255 0.998203 -0.0594002 -7.92962 -0.98052 -0.00390099 -0.196381 78.6266 
-0.210926 0.063181 0.975458 118.95 0.00836056 0.997989 -0.0628326 -8.01412 -0.977466 -0.00509764 -0.21103 78.3797 
-0.226041 0.0673252 0.971788 120.136 0.00844661 0.997707 -0.0671561 -8.09513 -0.974081 -0.00697168 -0.226091 78.1208 
-0.242057 0.0651185 0.968074 121.322 0.00482628 0.997814 -0.0659122 -8.18866 -0.97025 -0.0112823 -0.241842 77.8452 
-0.257785 0.0597834 0.964351 122.496 -6.13786e-05 0.998083 -0.0618911 -8.27671 -0.966202 -0.0160138 -0.257288 77.5526 
-0.273776 0.0560906 0.960157 123.665 -0.00431137 0.998216 -0.0595434 -8.3578 -0.961784 -0.0204411 -0.273046 77.2549 
-0.288563 0.0578822 0.955709 124.82 -0.00557383 0.998052 -0.0621297 -8.44053 -0.957444 -0.0232553 -0.287679 76.9216 
-0.302725 0.0600274 0.951185 125.972 -0.00552262 0.997887 -0.0647324 -8.52523 -0.953062 -0.0248492 -0.301754 76.5688 
-0.316472 0.0619892 0.946574 127.13 -0.00400685 0.997766 -0.0666813 -8.61929 -0.948593 -0.0248955 -0.315517 76.2011 
-0.330681 0.0622321 0.941689 128.263 -0.00150472 0.997787 -0.0664679 -8.70824 -0.943741 -0.0233966 -0.329855 75.8162 
-0.344814 0.0601304 0.936743 129.398 -0.00173683 0.997903 -0.0646958 -8.80197 -0.938669 -0.023935 -0.343987 75.4193 
-0.359633 0.0586052 0.931251 130.517 -0.00256799 0.99796 -0.063795 -8.89169 -0.93309 -0.0253342 -0.358749 75.013 
-0.374537 0.0601211 0.92526 131.629 -0.00399412 0.997782 -0.0664502 -8.97714 -0.927203 -0.0285837 -0.373466 74.588 
-0.389564 0.0625429 0.918873 132.746 -0.00299034 0.9976 -0.0691693 -9.06442 -0.920994 -0.0296936 -0.388442 74.139 
-0.404223 0.0643614 0.912393 133.855 -0.00138717 0.997477 -0.070978 -9.15178 -0.914659 -0.0299565 -0.403114 73.6737 
-0.419058 0.0668294 0.905496 134.942 0.00115337 0.997326 -0.073073 -9.248 -0.907958 -0.0295775 -0.418015 73.1968 
-0.433711 0.0702702 0.898308 136.031 0.000826255 0.996985 -0.0775904 -9.3437 -0.901052 -0.0329095 -0.432461 72.6852 
-0.448514 0.0724576 0.890834 137.104 0.00184181 0.996781 -0.0801477 -9.44571 -0.893774 -0.0343066 -0.447203 72.1507 
-0.46384 0.0695315 0.883186 138.176 -7.14203e-05 0.996912 -0.0785225 -9.54687 -0.885919 -0.0364849 -0.462403 71.6112 
-0.480089 0.0653225 0.874784 139.243 -0.00284714 0.997102 -0.0760189 -9.64885 -0.877215 -0.0389865 -0.478512 71.0599 
-0.496397 0.0652807 0.865637 140.303 -0.00364051 0.997003 -0.0772752 -9.74779 -0.868088 -0.0415105 -0.494672 70.4783 
-0.512246 0.0644299 0.856419 141.36 -0.00496117 0.996943 -0.0779692 -9.84913 -0.858824 -0.0441882 -0.51036 69.8624 
-0.528209 0.0634997 0.846736 142.419 -0.00530745 0.996933 -0.0780745 -9.95227 -0.849097 -0.0457337 -0.526253 69.2328 
-0.544039 0.0629746 0.836693 143.465 -0.00689056 0.99681 -0.0795065 -10.0553 -0.839031 -0.0490199 -0.54187 68.5835 
-0.559328 0.0622718 0.826604 144.487 -0.00716258 0.996774 -0.0799382 -10.1608 -0.828915 -0.0506323 -0.557078 67.9157 
-0.574503 0.0597359 0.816319 145.518 -0.00721135 0.996925 -0.0780273 -10.2671 -0.81847 -0.0507137 -0.572306 67.2133 
-0.589827 0.0564333 0.805555 146.541 -0.00700701 0.99716 -0.0749868 -10.3702 -0.807499 -0.0498738 -0.587756 66.4898 
-0.604728 0.0547746 0.794546 147.555 -0.00647165 0.997261 -0.073675 -10.4702 -0.796405 -0.0496954 -0.602718 65.7431 
-0.619611 0.0530756 0.783113 148.563 -0.00723483 0.997282 -0.0733154 -10.5725 -0.784876 -0.0510927 -0.617543 64.9767 
-0.634366 0.0541666 0.771133 149.542 -0.00858555 0.996987 -0.0770941 -10.6768 -0.772985 -0.0555264 -0.631989 64.2007 
-0.650141 0.0536491 0.757917 150.539 -0.011049 0.996731 -0.0800314 -10.7758 -0.759733 -0.0604059 -0.647423 63.4025 
-0.666033 0.0504034 0.744217 151.494 -0.0129375 0.996784 -0.0790873 -10.8796 -0.74581 -0.0623031 -0.663239 62.5804 
-0.68267 0.0425186 0.729489 152.439 -0.0166809 0.997139 -0.073729 -10.9927 -0.730537 -0.062501 -0.680007 61.7597 
-0.700333 0.0398694 0.712702 153.368 -0.0174932 0.99718 -0.0729732 -11.1011 -0.713601 -0.063573 -0.697661 60.9155 
-0.718019 0.0373584 0.69502 154.286 -0.019156 0.997119 -0.0733867 -11.1979 -0.695759 -0.0660069 -0.715235 60.0073 
-0.735837 0.0332206 0.676343 155.19 -0.0228651 0.997007 -0.0738475 -11.3006 -0.676772 -0.0698044 -0.732875 59.0794 
-0.752767 0.0315366 0.657531 156.056 -0.0222352 0.997064 -0.0732771 -11.4033 -0.657912 -0.0697809 -0.749855 58.1367 
-0.768989 0.0335357 0.638381 156.896 -0.0201968 0.99685 -0.0766959 -11.507 -0.638942 -0.0718715 -0.76589 57.1614 
-0.784129 0.0330838 0.619715 157.705 -0.0168467 0.997075 -0.0745456 -11.6135 -0.620369 -0.0688935 -0.781278 56.1617 
-0.798797 0.034531 0.600609 158.499 -0.01258 0.997174 -0.0740621 -11.7232 -0.601469 -0.0667162 -0.796105 55.1234 
-0.813556 0.0356442 0.580392 159.266 -0.0108914 0.99701 -0.0764972 -11.8347 -0.581384 -0.068556 -0.810736 54.0828 
-0.82731 0.0370808 0.56052 160.002 -0.0102724 0.996653 -0.0810945 -11.9367 -0.561651 -0.0728482 -0.824161 53.0347 
-0.840712 0.0378022 0.540161 160.719 -0.00729341 0.996679 -0.0811024 -12.0503 -0.541433 -0.0721234 -0.837645 51.9806 
-0.852938 0.0355526 0.5208 161.407 -0.00619094 0.996919 -0.0781941 -12.1694 -0.521976 -0.069919 -0.85009 50.919 
-0.863791 0.0373298 0.502465 162.068 -0.00320559 0.996824 -0.0795683 -12.2869 -0.503839 -0.0703411 -0.860929 49.8456 
-0.873812 0.0400146 0.484614 162.752 -0.00065261 0.996511 -0.0834588 -12.3942 -0.486263 -0.0732436 -0.870738 48.735 
-0.883112 0.0377617 0.467639 163.383 -0.00251438 0.99636 -0.0852041 -12.502 -0.469155 -0.0764206 -0.879803 47.6187 
-0.891941 0.0345663 0.450828 164.013 -0.00400024 0.996431 -0.0843137 -12.631 -0.452134 -0.0770063 -0.88862 46.4927 
-0.899393 0.0322397 0.43595 164.618 -0.00500192 0.996452 -0.0840097 -12.7689 -0.437112 -0.0777383 -0.896041 45.3134 
-0.906537 0.0299834 0.421059 165.214 -0.00560893 0.99653 -0.0830383 -12.9028 -0.422088 -0.077639 -0.903224 44.1473 
-0.913058 0.0271275 0.406926 165.764 -0.00684566 0.996625 -0.0817997 -13.0353 -0.407772 -0.0774736 -0.909791 42.9961 
-0.919138 0.022102 0.393314 166.329 -0.00945941 0.996899 -0.0781257 -13.1523 -0.393821 -0.0755288 -0.916079 41.8052 
-0.924435 0.0189185 0.38087 166.848 -0.0104081 0.997145 -0.0747924 -13.2625 -0.381197 -0.0731048 -0.921599 40.623 
-0.928913 0.0190166 0.369809 167.347 -0.00820069 0.997379 -0.0718871 -13.3665 -0.370207 -0.0698096 -0.926323 39.4262 
-0.932121 0.0229665 0.361418 167.817 -0.00373077 0.997325 -0.0729975 -13.4774 -0.362128 -0.0693909 -0.929542 38.2293 
-0.934586 0.0279103 0.354642 168.281 0.00136901 0.997192 -0.0748712 -13.578 -0.355736 -0.069488 -0.932 37.0486 
-0.936522 0.0310421 0.349233 168.744 0.00410298 0.996975 -0.077615 -13.6771 -0.350586 -0.0712552 -0.933816 35.8644 
-0.938451 0.0278762 0.344286 169.208 0.0015554 0.997069 -0.0764912 -13.7806 -0.345409 -0.0712477 -0.935744 34.6705 
-0.940421 0.0207088 0.33938 169.669 -0.00432969 0.997333 -0.0728545 -13.8856 -0.339984 -0.0699833 -0.937824 33.4759 
-0.942233 0.0146761 0.334635 170.129 -0.00986799 0.99739 -0.071528 -13.9859 -0.334811 -0.0706982 -0.939629 32.2619 
-0.943864 0.00823927 0.330231 170.581 -0.0167487 0.997209 -0.0727517 -14.0879 -0.329909 -0.0741986 -0.941092 31.0451 
-0.945355 0.00576183 0.325993 171.04 -0.0199191 0.996955 -0.0753848 -14.1935 -0.325435 -0.0777588 -0.942362 29.8392 
-0.946013 0.00609734 0.324072 171.47 -0.0203024 0.996745 -0.0780191 -14.2947 -0.323493 -0.0803865 -0.94281 28.6351 
-0.94632 0.00631411 0.323168 171.903 -0.0208123 0.996544 -0.0804143 -14.3936 -0.322559 -0.0828236 -0.942919 27.4521 
-0.946284 0.00893432 0.323213 172.334 -0.0187787 0.996412 -0.0825223 -14.4999 -0.32279 -0.084159 -0.942721 26.2574 
-0.945929 0.00953467 0.324234 172.771 -0.0189856 0.996227 -0.0846848 -14.6119 -0.323818 -0.0862616 -0.942179 25.0533 
-0.945577 0.0104184 0.325232 173.206 -0.0187049 0.996094 -0.0862912 -14.7335 -0.324861 -0.0876783 -0.941689 23.8429 
-0.945169 0.0124226 0.326344 173.641 -0.0163824 0.996215 -0.0853689 -14.8575 -0.32617 -0.0860343 -0.941388 22.6637 
-0.944531 0.0111872 0.328232 174.076 -0.0180267 0.996147 -0.0858261 -14.9782 -0.327927 -0.0869824 -0.94069 21.4815 
-0.943371 0.00887307 0.331621 174.522 -0.0211295 0.996005 -0.0867575 -15.0918 -0.331066 -0.0888515 -0.939415 20.307 
-0.941597 0.00765852 0.336654 174.962 -0.0221457 0.996169 -0.0846019 -15.2085 -0.336012 -0.0871163 -0.93782 19.1068 
-0.940018 0.00443479 0.341095 175.428 -0.024904 0.996355 -0.0815867 -15.3332 -0.340214 -0.0851877 -0.936481 17.9424 
-0.93748 0.00201034 0.348034 175.886 -0.027262 0.996487 -0.0791902 -15.4404 -0.346971 -0.0837273 -0.934131 16.7582 
-0.935157 0.00388725 0.354213 176.357 -0.0259808 0.996494 -0.0795279 -15.5472 -0.35328 -0.0835737 -0.931777 15.5939 
-0.932167 0.0040704 0.362005 176.827 -0.0265706 0.996471 -0.0796241 -15.6569 -0.361052 -0.0838416 -0.928769 14.4526 
-0.928779 0.00637447 0.370579 177.311 -0.0256325 0.996353 -0.0813811 -15.769 -0.369747 -0.0850839 -0.925229 13.3119 
-0.924714 0.00752456 0.380587 177.803 -0.0251362 0.996415 -0.0807736 -15.8734 -0.379831 -0.084259 -0.921211 12.1592 
-0.919821 0.00844566 0.392247 178.314 -0.0258648 0.996288 -0.0821046 -15.9921 -0.391485 -0.0856669 -0.916188 11.0143 
-0.913961 0.0110937 0.40565 178.832 -0.024765 0.996238 -0.0830426 -16.1016 -0.405046 -0.0859436 -0.910248 9.86048 
-0.90852 0.0128849 0.417643 179.384 -0.0242351 0.996217 -0.0834548 -16.2087 -0.417138 -0.085942 -0.904771 8.72927 
-0.902378 0.011524 0.43079 179.953 -0.0259457 0.996376 -0.0810026 -16.3223 -0.430163 -0.0842722 -0.898809 7.58646 
-0.896388 0.0148839 0.44302 180.543 -0.0237371 0.99639 -0.0815041 -16.4309 -0.442634 -0.0835753 -0.892799 6.44701 
-0.889855 0.0166152 0.455941 181.128 -0.0226824 0.99649 -0.0805825 -16.5394 -0.45568 -0.0820485 -0.886354 5.33169 
-0.883503 0.0180128 0.468079 181.743 -0.0209789 0.996736 -0.0779548 -16.6509 -0.467955 -0.0786931 -0.880242 4.27064 
-0.876358 0.0198282 0.481252 182.349 -0.0180252 0.997102 -0.0739058 -16.7741 -0.481322 -0.0734426 -0.873461 3.20818 
-0.868472 0.0226111 0.495222 182.975 -0.0154414 0.997241 -0.0726124 -16.8653 -0.495497 -0.0707087 -0.865727 2.14585 
-0.859892 0.025546 0.509836 183.608 -0.0122405 0.997428 -0.0706223 -16.979 -0.510329 -0.0669682 -0.857368 1.11073 
-0.850362 0.0275053 0.525479 184.283 -0.0114758 0.997426 -0.0707795 -17.0663 -0.526073 -0.0662185 -0.847857 0.0683466 
-0.840579 0.0298421 0.540866 184.955 -0.00952754 0.997512 -0.0698446 -17.1643 -0.541605 -0.063863 -0.838203 -0.930749 
-0.829575 0.0317223 0.557494 185.645 -0.00831936 0.997572 -0.069143 -17.2585 -0.558334 -0.0619973 -0.827297 -1.94011 
-0.818292 0.033633 0.573818 186.363 -0.00724152 0.997604 -0.0687991 -17.3551 -0.574757 -0.060453 -0.816088 -2.93355 
-0.805702 0.0366367 0.591187 187.117 -0.00509996 0.997619 -0.0687744 -17.4393 -0.592299 -0.0584267 -0.803597 -3.93924 
-0.792879 0.0377613 0.608208 187.873 -0.00287932 0.997835 -0.0657054 -17.5383 -0.609373 -0.0538476 -0.791053 -4.87647 
-0.776645 0.0399141 0.628673 188.636 -0.000118247 0.997981 -0.0635074 -17.6321 -0.629939 -0.049397 -0.775072 -5.85913 
-0.761976 0.0425851 0.646203 189.463 0.000293969 0.997858 -0.0654128 -17.7067 -0.647605 -0.049653 -0.760357 -6.7551 
-0.745063 0.0454971 0.66544 190.263 0.00095145 0.997742 -0.0671519 -17.7991 -0.666993 -0.0493993 -0.743425 -7.63882 
-0.727765 0.0462746 0.684263 191.121 -0.000562805 0.99768 -0.0680687 -17.8819 -0.685826 -0.0499231 -0.726051 -8.52541 
-0.709987 0.0464841 0.702679 191.96 -0.00111101 0.997744 -0.0671261 -17.9792 -0.704214 -0.0484393 -0.708334 -9.32887 
-0.690048 0.0451579 0.722354 192.795 -0.0019712 0.997931 -0.0642687 -18.0928 -0.723761 -0.0457723 -0.688531 -10.1243 
-0.669889 0.0451351 0.741088 193.666 -0.00362316 0.99794 -0.0640536 -18.1918 -0.742452 -0.0455939 -0.668346 -10.8908 
-0.649507 0.0450864 0.759018 194.575 -0.00644315 0.997878 -0.0647885 -18.2666 -0.760328 -0.046971 -0.647838 -11.6458 
-0.629085 0.0457592 0.775988 195.495 -0.00717711 0.997881 -0.0646625 -18.3393 -0.777303 -0.0462476 -0.627424 -12.3601 
-0.60658 0.0460953 0.793685 196.438 -0.00834119 0.997894 -0.0643302 -18.4111 -0.794979 -0.0456417 -0.604918 -13.0772 
-0.583003 0.0468535 0.811118 197.401 -0.0094738 0.997876 -0.064451 -18.4954 -0.812414 -0.0452595 -0.581321 -13.7515 
-0.558246 0.0504509 0.82814 198.391 -0.00733285 0.99781 -0.0657305 -18.5766 -0.829643 -0.0427664 -0.556654 -14.4105 
-0.531973 0.051317 0.845205 199.382 -0.00696124 0.997863 -0.0649672 -18.6623 -0.846733 -0.0404444 -0.530479 -15.0271 
-0.504596 0.0501498 0.861898 200.406 -0.00870402 0.997965 -0.0631628 -18.7495 -0.863311 -0.0393737 -0.503133 -15.621 
-0.478558 0.0482582 0.876729 201.338 -0.010961 0.998082 -0.0609209 -18.8251 -0.877988 -0.038764 -0.477111 -16.0951 
-0.451812 0.0492425 0.890753 202.26 -0.0120873 0.998046 -0.0613049 -18.9032 -0.892031 -0.0384651 -0.450333 -16.5 
-0.421288 0.0520654 0.905431 203.31 -0.0143843 0.997842 -0.0640723 -18.9702 -0.906813 -0.0400168 -0.41963 -16.9813 
-0.391819 0.0536372 0.918477 204.245 -0.0145556 0.997813 -0.0644796 -19.0504 -0.919927 -0.0386333 -0.390181 -17.3687 
-0.362014 0.0546232 0.930571 205.28 -0.0146304 0.997826 -0.0642626 -19.1214 -0.932058 -0.0368786 -0.360428 -17.7286 
-0.329352 0.0540249 0.94266 206.384 -0.0151826 0.99793 -0.0624971 -19.2159 -0.944085 -0.0348956 -0.32785 -18.1185 
-0.296082 0.0529542 0.953693 207.499 -0.0135534 0.998128 -0.0596293 -19.3005 -0.955066 -0.0305809 -0.29481 -18.4553 
-0.262079 0.0519235 0.963648 208.627 -0.0150505 0.99821 -0.057879 -19.3698 -0.964929 -0.0296723 -0.260829 -18.7512 
-0.227964 0.0512614 0.972319 209.757 -0.0149616 0.998311 -0.0561395 -19.4411 -0.973554 -0.0273453 -0.226812 -19.0036 
-0.192767 0.0504722 0.979946 210.887 -0.0138464 0.998437 -0.0541485 -19.5244 -0.981147 -0.0240068 -0.191767 -19.2267 
-0.157486 0.0501215 0.986248 212.029 -0.0136547 0.998505 -0.0529249 -19.5961 -0.987427 -0.0218019 -0.156566 -19.4091 
-0.122723 0.0502178 0.991169 213.156 -0.0140481 0.998531 -0.0523303 -19.6695 -0.992341 -0.0203462 -0.121838 -19.5354 
-0.0873107 0.0503344 0.994909 214.293 -0.0153229 0.998537 -0.0518628 -19.7453 -0.996063 -0.019773 -0.0864116 -19.63 
-0.0524918 0.0508484 0.997326 215.493 -0.0171777 0.998509 -0.0518129 -19.8014 -0.998474 -0.0198515 -0.0515401 -19.6884 
-0.019401 0.0504457 0.998538 216.664 -0.0187187 0.998533 -0.0508092 -19.8655 -0.999636 -0.0196771 -0.0184282 -19.6911 
0.0139127 0.0512805 0.998587 217.806 -0.0196576 0.998505 -0.0510025 -19.925 -0.99971 -0.0189202 0.0149 -19.6724 
0.0461253 0.0516063 0.997602 218.948 -0.0194177 0.998522 -0.0507562 -19.9865 -0.998747 -0.01703 0.0470592 -19.6014 
0.077466 0.0498783 0.995746 220.089 -0.0189064 0.998642 -0.0485526 -20.0521 -0.996816 -0.0150648 0.0783038 -19.4938 
0.108746 0.0487156 0.992875 221.24 -0.0175222 0.998737 -0.0470842 -20.1165 -0.993915 -0.0122771 0.109462 -19.3608 
0.138914 0.0496943 0.989057 222.389 -0.0175353 0.998707 -0.0477164 -20.1759 -0.990149 -0.010715 0.139605 -19.1928 
0.169185 0.0494672 0.984342 223.537 -0.0154424 0.99875 -0.0475372 -20.2387 -0.985463 -0.00715806 0.169738 -18.9928 
0.199444 0.0486315 0.978702 224.681 -0.0124788 0.998813 -0.0470879 -20.3005 -0.97983 -0.00282169 0.199814 -18.7551 
0.229616 0.0463123 0.972179 225.822 -0.00893441 0.998925 -0.0454764 -20.3679 -0.97324 0.00175626 0.229783 -18.4797 
0.259457 0.0446805 0.964721 226.955 -0.00642496 0.998987 -0.0445397 -20.4296 -0.965733 0.0053578 0.259481 -18.1655 
0.288912 0.0448366 0.956305 228.072 -0.00393394 0.99895 -0.0456476 -20.4837 -0.957348 0.00942606 0.288785 -17.8138 
0.317938 0.0439398 0.947093 229.185 -0.00292967 0.998966 -0.0453631 -20.5473 -0.948107 0.011648 0.317738 -17.4426 
0.346421 0.0417999 0.937147 230.291 -0.00164641 0.999032 -0.0439516 -20.6078 -0.938078 0.0136828 0.346155 -17.031 
0.37451 0.0407896 0.926325 231.377 -0.000977771 0.999049 -0.0435967 -20.6714 -0.927222 0.0154217 0.374194 -16.5799 
0.403101 0.0419543 0.914193 232.451 0.00071429 0.998934 -0.0461583 -20.7324 -0.915155 0.0192594 0.402641 -16.0996 
0.431928 0.0434612 0.90086 233.512 0.00118584 0.99881 -0.0487554 -20.7989 -0.901907 0.0221271 0.431363 -15.5964 
0.459706 0.0418705 0.887084 234.567 0.00279635 0.998815 -0.0485934 -20.8644 -0.888067 0.0248193 0.459044 -15.0423 
0.487247 0.039031 0.872391 235.607 0.00430361 0.998881 -0.047094 -20.9373 -0.873253 0.0267008 0.486534 -14.4753 
0.512663 0.0367416 0.857803 236.611 0.0039798 0.998971 -0.0451668 -21.005 -0.858581 0.0265692 0.511989 -13.8645 
0.535816 0.0368943 0.843528 237.616 0.00259442 0.998968 -0.0453411 -21.0723 -0.844331 0.0264829 0.535167 -13.2075 
0.557019 0.0368888 0.82968 238.619 0.0016542 0.998962 -0.045526 -21.1373 -0.830498 0.0267312 0.556379 -12.5202 
0.576793 0.0359404 0.816099 239.586 0.000773496 0.999007 -0.0445423 -21.1986 -0.81689 0.0263229 0.576192 -11.8145 
0.595725 0.033593 0.802486 240.561 0.000606914 0.999106 -0.0422744 -21.2615 -0.803188 0.025671 0.595172 -11.082 
0.61336 0.0301226 0.789229 241.513 0.00232476 0.999199 -0.0399434 -21.3249 -0.7898 0.0263344 0.612799 -10.3318 
0.630489 0.0277125 0.775704 242.475 0.00360404 0.999247 -0.0386282 -21.3811 -0.77619 0.0271502 0.629914 -9.55156 
0.646407 0.025985 0.76255 243.419 0.00537853 0.99924 -0.03861 -21.4329 -0.762974 0.0290591 0.645775 -8.742 
0.661745 0.0255923 0.749292 244.323 0.00538348 0.999229 -0.0388835 -21.4891 -0.74971 0.0297647 0.661097 -7.9221 
0.677055 0.0247706 0.735516 245.207 0.00589754 0.999219 -0.0390804 -21.5395 -0.735909 0.0307973 0.67638 -7.08564 
0.692195 0.0229389 0.721346 246.094 0.0054499 0.9993 -0.0370077 -21.5873 -0.72169 0.0295478 0.691586 -6.22349 
0.707337 0.0202259 0.706587 246.974 0.00639526 0.999366 -0.0350088 -21.6386 -0.706848 0.0292818 0.706759 -5.33826 
0.721267 0.018384 0.692413 247.812 0.00702383 0.999402 -0.0338515 -21.6959 -0.692621 0.0292793 0.720707 -4.43033 
0.735031 0.0180461 0.677793 248.631 0.00819736 0.999336 -0.0354969 -21.7474 -0.677983 0.0316474 0.734395 -3.51554 
0.747696 0.0183207 0.663789 249.444 0.00791325 0.999302 -0.0364946 -21.7894 -0.663994 0.0325396 0.747029 -2.57191 
0.759687 0.0179572 0.650041 250.242 0.00730292 0.99932 -0.0361408 -21.8399 -0.650248 0.0322029 0.759039 -1.61059 
0.77122 0.0159465 0.636369 251.033 0.00791719 0.999368 -0.0346378 -21.8807 -0.63652 0.0317516 0.770606 -0.631418 
0.78208 0.0130355 0.623041 251.803 0.00990858 0.999395 -0.0333478 -21.9377 -0.623099 0.032254 0.781478 0.368191 
0.792183 0.0127046 0.610152 252.563 0.0100533 0.999376 -0.0338618 -21.9893 -0.610201 0.0329587 0.791561 1.38292 
0.801452 0.0104326 0.597968 253.317 0.0137723 0.999261 -0.0358929 -22.0409 -0.597901 0.0370018 0.800716 2.41045 
0.81024 0.00814295 0.586042 254.054 0.0153134 0.999268 -0.0350565 -22.0882 -0.585898 0.0373784 0.809522 3.44723 
0.81831 0.00468273 0.574758 254.792 0.0184438 0.999238 -0.0344006 -22.1404 -0.574481 0.038751 0.8176 4.5115 
0.825303 0.00279306 0.564683 255.504 0.0201035 0.999208 -0.0343244 -22.193 -0.564332 0.0396801 0.824594 5.57882 
0.830621 0.00138261 0.556837 256.208 0.0211259 0.999199 -0.0339942 -22.2427 -0.556437 0.0399999 0.829926 6.67569 
0.834653 0.000736302 0.550776 256.912 0.0205082 0.999264 -0.0324145 -22.293 -0.550394 0.0383502 0.834023 7.77596 
0.837298 3.29544e-05 0.546746 257.614 0.0204928 0.999295 -0.0314434 -22.3399 -0.546362 0.0375318 0.836708 8.89053 
0.839783 -0.000501219 0.542923 258.327 0.0208949 0.999288 -0.0313975 -22.3934 -0.54252 0.0377113 0.839196 10.0432 
0.84234 -0.00147153 0.538944 259.03 0.0213766 0.9993 -0.0306823 -22.4455 -0.538521 0.0373657 0.841783 11.1696 
0.844774 -0.0050376 0.5351 259.793 0.0242569 0.999288 -0.0288876 -22.4919 -0.534573 0.0373833 0.844295 12.3647 
0.846773 -0.00584682 0.531922 260.518 0.0249183 0.999278 -0.0286841 -22.535 -0.53137 0.0375435 0.846307 13.5289 
0.84908 -0.00654178 0.528224 261.222 0.0260797 0.999223 -0.0295465 -22.574 -0.527621 0.0388632 0.848591 14.6826 
0.85136 -0.0076123 0.524526 261.929 0.0268028 0.99922 -0.0290025 -22.6229 -0.523896 0.0387502 0.8509 15.848 
0.853969 -0.00746831 0.520271 262.636 0.02608 0.999254 -0.0284638 -22.6831 -0.51967 0.0378758 0.853527 17.0027 
0.856523 -0.00980562 0.516016 263.419 0.0280312 0.999227 -0.0275408 -22.7539 -0.515347 0.0380538 0.856136 18.2381 
0.858595 -0.00925991 0.51257 264.097 0.0271943 0.999252 -0.0275006 -22.8049 -0.511932 0.0375508 0.858205 19.3986 
