1 2.12261e-08 -2.11895e-08 0 2.12261e-08 1 2.10703e-08 0 -2.11895e-08 2.10703e-08 1 0 
1 -0.000541791 -6.75113e-05 -0.0177427 0.000541933 0.999999 0.00149526 -0.0162529 6.66587e-05 -0.00149525 0.999999 1.34524 
0.999998 -0.00180494 0.000878056 -0.108221 0.00180394 0.999998 0.00119132 -0.0166412 -0.000880247 -0.00118969 0.999999 2.6676 
0.999995 -0.00304124 0.00124873 -0.134554 0.00304109 0.999995 0.000150419 -0.0390859 -0.00124922 -0.000146579 0.999999 4.011 
0.999992 -0.00352206 0.00175835 -0.157149 0.00352165 0.999994 0.000257997 -0.0538095 -0.00175929 -0.000251761 0.999998 5.36592 
0.99999 -0.00405841 0.00207466 -0.185151 0.00405594 0.999991 0.00121657 -0.0748613 -0.00207962 -0.0012081 0.999997 6.71172 
0.999981 -0.00549494 0.00283831 -0.215227 0.00548832 0.999982 0.00235233 -0.0943756 -0.00285123 -0.00233667 0.999993 8.03676 
0.999986 -0.00468112 0.00229901 -0.225161 0.00467511 0.999986 0.00263297 -0.108798 -0.00231134 -0.00262214 0.999994 9.41581 
0.999989 -0.00420019 0.00195209 -0.24729 0.00419902 0.999991 0.000624257 -0.12171 -0.00195473 -0.000616012 0.999998 10.7886 
0.999997 -0.00145784 0.0019956 -0.268018 0.00146065 0.999998 -0.0013861 -0.147811 -0.00199362 0.00138905 0.999997 12.1697 
0.999994 0.00204692 0.00297005 -0.302416 -0.00204009 0.999995 -0.00228733 -0.170401 -0.00297476 0.0022813 0.999993 13.5142 
0.999986 0.00435534 0.00311444 -0.329278 -0.00434915 0.999989 -0.00197834 -0.19951 -0.00312306 0.00196481 0.999993 14.8677 
0.99998 0.00530411 0.00352616 -0.353056 -0.0053001 0.999985 -0.00113404 -0.222223 -0.00353216 0.00111537 0.999993 16.2308 
0.999989 0.00267451 0.00390553 -0.368045 -0.00268205 0.999995 0.00193754 -0.246808 -0.00390037 -0.00194795 0.999991 17.5941 
0.999989 -0.00122635 0.004544 -0.392243 0.00120847 0.999992 0.00394364 -0.267553 -0.00454884 -0.00393807 0.999982 18.9601 
0.999984 -0.00329939 0.00456044 -0.408978 0.00329212 0.999993 0.00161015 -0.283097 -0.00456576 -0.00159507 0.999988 20.3305 
0.999982 -0.00406785 0.00446677 -0.424687 0.00407057 0.999992 -0.000590169 -0.301273 -0.00446437 0.000608383 0.99999 21.6973 
0.999985 -0.00187771 0.00522064 -0.446897 0.0018881 0.999996 -0.00197764 -0.326782 -0.00521695 0.00198751 0.999984 23.0668 
0.99998 0.00106091 0.00622725 -0.467629 -0.00106012 0.999999 -0.000123003 -0.342356 -0.00622742 0.000116441 0.999981 24.4385 
0.999978 0.00151337 0.00645709 -0.482426 -0.0015335 0.999994 0.0031201 -0.356539 -0.00645237 -0.00312989 0.999974 25.8073 
0.999977 -0.000431246 0.00684204 -0.488814 0.000398326 0.999988 0.00481824 -0.370125 -0.00684408 -0.00481536 0.999965 27.1888 
0.999973 -0.00380323 0.0063074 -0.497464 0.00378504 0.999989 0.0028998 -0.383651 -0.0063184 -0.00287581 0.999976 28.5624 
0.999974 -0.00403837 0.00606164 -0.517926 0.00403521 0.999992 0.000540336 -0.405136 -0.00606381 -0.000515819 0.999982 29.9217 
0.999969 -0.0041652 0.00665761 -0.532823 0.00417607 0.99999 -0.0016131 -0.431825 -0.00665086 0.0016409 0.999977 31.3076 
0.999974 -0.000824792 0.00720738 -0.555462 0.000841712 0.999997 -0.00233904 -0.459216 -0.00720547 0.00234509 0.999971 32.6865 
0.999972 -0.000257729 0.00753361 -0.575396 0.000291836 0.99999 -0.004521 -0.480353 -0.00753241 0.00452311 0.999961 34.0833 
0.999968 0.000836333 0.00791301 -0.595491 -0.000805903 0.999992 -0.00384256 -0.507126 -0.00791621 0.00383611 0.999961 35.4827 
0.999965 0.00130839 0.00830616 -0.615932 -0.00128535 0.999995 -0.00277367 -0.531309 -0.00830979 0.00276294 0.999962 36.8989 
0.999962 0.00195077 0.00845338 -0.634141 -0.00193936 0.999997 -0.0013526 -0.549934 -0.00845603 0.0013362 0.999963 38.3032 
0.999947 0.00499748 0.00898759 -0.65843 -0.00498659 0.999987 -0.00122849 -0.569468 -0.00899366 0.00118365 0.999959 39.7218 
0.999926 0.00744059 0.00965692 -0.68148 -0.00742687 0.999971 -0.00145144 -0.597445 -0.00966748 0.00137965 0.999952 41.1235 
0.99991 0.00916683 0.00982872 -0.692854 -0.0091583 0.999958 -0.000907473 -0.621919 -0.00983667 0.000817418 0.999951 42.5584 
0.999897 0.0101596 0.0101401 -0.716585 -0.0101532 0.999948 -0.000674103 -0.646908 -0.0101465 0.000571121 0.999948 43.9731 
0.999911 0.00888942 0.00997286 -0.733515 -0.00888232 0.99996 -0.000752188 -0.666433 -0.0099792 0.00066358 0.99995 45.4097 
0.999919 0.00842687 0.00953149 -0.748148 -0.00841731 0.999964 -0.00103784 -0.690379 -0.00953993 0.00095757 0.999954 46.8517 
0.999923 0.00812811 0.00933665 -0.774705 -0.00811867 0.999967 -0.00104383 -0.709944 -0.00934487 0.000967991 0.999956 48.2801 
0.999932 0.00808697 0.00838305 -0.789833 -0.00808931 0.999967 0.000250073 -0.734778 -0.0083808 -0.000317828 0.999965 49.7142 
0.999931 0.00902806 0.00753096 -0.807368 -0.00902601 0.999959 -0.000300181 -0.752597 -0.00753341 0.000232228 0.999972 51.1387 
0.99994 0.00884067 0.00649153 -0.824419 -0.00884452 0.999961 0.000570939 -0.783293 -0.00648627 -0.000628278 0.999979 52.5703 
0.99994 0.00928617 0.00576213 -0.84736 -0.00929205 0.999956 0.00100035 -0.80501 -0.00575264 -0.00105379 0.999983 54.0082 
0.999953 0.00782461 0.00579092 -0.878244 -0.00783772 0.999967 0.00225249 -0.833578 -0.00577315 -0.00229773 0.999981 55.479 
0.999963 0.0065532 0.00556921 -0.894088 -0.00656665 0.999976 0.00240797 -0.858831 -0.00555333 -0.00244441 0.999982 56.919 
0.999978 0.00441471 0.00504836 -0.904755 -0.0044239 0.999989 0.00182006 -0.880391 -0.00504031 -0.00184231 0.999986 58.3681 
0.999983 0.00318036 0.00498297 -0.922746 -0.00319117 0.999993 0.00217295 -0.906245 -0.00497606 -0.00218877 0.999985 59.7904 
0.999981 0.00210259 0.00584151 -0.940731 -0.0021212 0.999993 0.00318781 -0.934916 -0.00583481 -0.0032001 0.999978 61.2324 
0.999979 0.00108337 0.0064735 -0.95885 -0.00110825 0.999992 0.0038475 -0.958348 -0.00646933 -0.00385455 0.999972 62.6699 
0.999976 -0.000124722 0.00689094 -0.968045 0.000103193 0.999995 0.00313063 -0.976225 -0.00689134 -0.0031298 0.999971 64.1264 
0.99997 -0.00176392 0.00759313 -0.994852 0.00174683 0.999996 0.00226239 -0.999342 -0.00759713 -0.00224902 0.999969 65.5739 
0.999967 -0.00146121 0.00800302 -1.01124 0.00144717 0.999997 0.00176516 -1.01627 -0.00800562 -0.00175347 0.999966 67.0219 
0.999961 0.000116537 0.00885815 -1.028 -0.000129364 0.999999 0.00145238 -1.03947 -0.00885801 -0.00145343 0.99996 68.4306 
0.99995 0.00357286 0.00936042 -1.0351 -0.00359736 0.99999 0.00260714 -1.05994 -0.00935105 -0.00264064 0.999953 69.8951 
0.999922 0.00664428 0.0106088 -1.05706 -0.00668592 0.99997 0.00389844 -1.07892 -0.0105826 -0.00396903 0.999936 71.3239 
0.999886 0.0102778 0.0110941 -1.06978 -0.0103288 0.999936 0.00455435 -1.09635 -0.0110466 -0.00466837 0.999928 72.7564 
0.999826 0.0145366 0.0117013 -1.08145 -0.0145865 0.999885 0.00419166 -1.11793 -0.0116391 -0.00436157 0.999923 74.1892 
0.999763 0.0178881 0.0124294 -1.10353 -0.0179285 0.999834 0.00315609 -1.1311 -0.0123709 -0.00337814 0.999918 75.6082 
0.999723 0.0193455 0.0134174 -1.11742 -0.0193876 0.999808 0.00301761 -1.1493 -0.0133565 -0.00327686 0.999905 77.0329 
0.999713 0.0197214 0.0136303 -1.1203 -0.0197708 0.999798 0.00350195 -1.17094 -0.0135585 -0.00377039 0.999901 78.4652 
0.999731 0.0187395 0.0136607 -1.12499 -0.0187865 0.999818 0.00331985 -1.19542 -0.013596 -0.00357555 0.999901 79.8751 
0.999757 0.0173644 0.013563 -1.13585 -0.0173995 0.999846 0.00247798 -1.21983 -0.013518 -0.00271332 0.999905 81.3121 
0.999765 0.0169557 0.0135252 -1.14961 -0.0169886 0.999853 0.00232507 -1.24357 -0.0134838 -0.00255426 0.999906 82.7272 
0.999769 0.0166861 0.0135283 -1.16009 -0.0167235 0.999857 0.00265945 -1.26482 -0.013482 -0.00288503 0.999905 84.1139 
0.99977 0.0168149 0.0132974 -1.17358 -0.0168415 0.999856 0.00189982 -1.27438 -0.0132636 -0.00212329 0.99991 85.5099 
0.99978 0.0166907 0.012724 -1.18375 -0.0167215 0.999858 0.00232444 -1.2974 -0.0126834 -0.00253665 0.999916 86.9055 
0.999793 0.0162993 0.0122046 -1.20498 -0.0163358 0.999862 0.00290581 -1.3187 -0.0121556 -0.00310454 0.999921 88.3158 
0.999845 0.0135851 0.0111815 -1.21778 -0.0136314 0.999899 0.00407087 -1.33431 -0.0111251 -0.00422261 0.999929 89.6933 
0.999882 0.0117195 0.00994015 -1.22282 -0.0117633 0.999921 0.00435978 -1.3486 -0.00988832 -0.00447615 0.999941 91.0748 
0.999911 0.00939344 0.00948321 -1.24002 -0.00943745 0.999945 0.0046115 -1.37016 -0.00943941 -0.00470054 0.999944 92.4561 
0.999924 0.00793504 0.00942523 -1.26408 -0.00797515 0.999959 0.00423103 -1.38877 -0.00939132 -0.00430584 0.999947 93.8404 
0.999932 0.00690426 0.00940967 -1.2727 -0.00694081 0.999969 0.00386098 -1.40985 -0.00938276 -0.00392599 0.999948 95.2239 
0.999928 0.00733109 0.00947805 -1.2903 -0.00736115 0.999968 0.00314488 -1.42659 -0.00945473 -0.00321438 0.99995 96.5964 
0.999931 0.00674123 0.0095786 -1.30285 -0.00676501 0.999974 0.00245661 -1.44453 -0.00956183 -0.0025212 0.999951 97.9507 
0.999929 0.00718181 0.00948887 -1.32254 -0.00720122 0.999972 0.00201775 -1.46294 -0.00947416 -0.00208589 0.999953 99.3245 
0.999911 0.00882602 0.010024 -1.34217 -0.00884921 0.999958 0.00227483 -1.48871 -0.0100035 -0.00236329 0.999947 100.705 
0.999903 0.00897888 0.0106606 -1.36627 -0.00901853 0.999953 0.00368046 -1.50427 -0.010627 -0.0037762 0.999936 102.082 
0.999888 0.0100179 0.0110796 -1.38661 -0.0100765 0.999935 0.00525237 -1.53072 -0.0110263 -0.00536339 0.999925 103.448 
0.999893 0.00915653 0.0114525 -1.39986 -0.00920229 0.99995 0.00395353 -1.55345 -0.0114158 -0.00405846 0.999927 104.812 
0.999886 0.00924457 0.0119412 -1.4186 -0.00926253 0.999956 0.00145355 -1.56884 -0.0119272 -0.00156395 0.999928 106.159 
0.999892 0.00851317 0.0119881 -1.42441 -0.00851853 0.999964 0.000400053 -1.59119 -0.0119843 -0.000502089 0.999928 107.504 
0.999905 0.00639305 0.0122218 -1.43417 -0.00641296 0.999978 0.00159388 -1.61024 -0.0122114 -0.00167207 0.999924 108.848 
0.999909 0.00373734 0.0129596 -1.44373 -0.00378725 0.999986 0.00383226 -1.63212 -0.0129451 -0.00388095 0.999909 110.199 
0.999899 0.00190851 0.0140672 -1.45265 -0.00197235 0.999988 0.0045283 -1.65618 -0.0140584 -0.00455555 0.999891 111.558 
0.999884 0.00153936 0.0151353 -1.45772 -0.00158201 0.999995 0.00280932 -1.66762 -0.015131 -0.0028329 0.999882 112.895 
0.99987 0.00330734 0.0157591 -1.45736 -0.00332005 0.999994 0.000783314 -1.6933 -0.0157565 -0.000835492 0.999876 114.232 
0.999832 0.00589473 0.0173502 -1.46868 -0.00586708 0.999981 -0.0016418 -1.70873 -0.0173595 0.00153977 0.999848 115.574 
0.999784 0.00895326 0.0187613 -1.47387 -0.00892967 0.999959 -0.00133841 -1.73348 -0.0187725 0.00117063 0.999823 116.909 
0.999735 0.0102236 0.0206426 -1.48938 -0.010235 0.999948 0.000450433 -1.75884 -0.0206369 -0.000661549 0.999787 118.258 
0.999697 0.0104242 0.0223148 -1.4929 -0.0104841 0.999942 0.0025699 -1.77903 -0.0222867 -0.00280303 0.999748 119.593 
0.999683 0.00965423 0.0232359 -1.49342 -0.00972522 0.999948 0.00294588 -1.79378 -0.0232063 -0.00317088 0.999726 120.961 
0.999651 0.0103038 0.0243108 -1.48708 -0.0103623 0.999944 0.00228421 -1.81119 -0.0242859 -0.00253529 0.999702 122.307 
0.999598 0.0115991 0.0258559 -1.48114 -0.0116532 0.99993 0.00194344 -1.83783 -0.0258316 -0.00224392 0.999664 123.653 
0.999525 0.0138506 0.0275294 -1.47943 -0.0138953 0.999902 0.00143115 -1.8551 -0.027507 -0.00181296 0.99962 125.023 
0.999463 0.0144422 0.0294214 -1.48658 -0.0144604 0.999895 0.000408261 -1.87826 -0.0294125 -0.000833446 0.999567 126.388 
0.999403 0.0158938 0.0306689 -1.48414 -0.0158878 0.999874 -0.000437363 -1.89912 -0.030672 -5.01179e-05 0.99953 127.741 
0.999365 0.0151711 0.0322443 -1.47942 -0.0151612 0.999885 -0.000550449 -1.9283 -0.032249 6.1278e-05 0.99948 129.103 
0.999325 0.014681 0.0336895 -1.47499 -0.0147085 0.999892 0.000570893 -1.94825 -0.0336775 -0.00106599 0.999432 130.472 
0.9993 0.0135497 0.0348646 -1.46009 -0.0136099 0.999906 0.00149235 -1.97165 -0.0348412 -0.00196577 0.999391 131.838 
0.99929 0.0125899 0.0355221 -1.44423 -0.0126622 0.999918 0.00181284 -1.99343 -0.0354964 -0.00226129 0.999367 133.19 
0.999304 0.0105961 0.0357788 -1.42705 -0.0106766 0.999941 0.0020625 -2.01699 -0.0357549 -0.00244302 0.999358 134.546 
0.999301 0.00941058 0.0361898 -1.40922 -0.00950436 0.999952 0.00242135 -2.03437 -0.0361653 -0.00276358 0.999342 135.907 
0.999341 0.00767661 0.0354731 -1.37639 -0.00776359 0.999967 0.00231595 -2.05694 -0.0354542 -0.00258978 0.999368 137.273 
0.999361 0.00653017 0.0351454 -1.36478 -0.00659892 0.999977 0.00184179 -2.06842 -0.0351326 -0.00207249 0.999381 138.647 
0.99939 0.00514059 0.0345384 -1.36679 -0.00524448 0.999982 0.00291923 -2.09707 -0.0345228 -0.00309854 0.999399 139.964 
0.999426 0.0037784 0.0336785 -1.34784 -0.00387777 0.999988 0.00288707 -2.11138 -0.0336672 -0.00301597 0.999429 141.324 
0.999463 0.00368174 0.0325681 -1.33062 -0.00377729 0.999989 0.00287421 -2.1297 -0.0325572 -0.00299564 0.999465 142.673 
0.999491 0.00383738 0.031685 -1.31634 -0.00390404 0.99999 0.0020436 -2.1466 -0.0316768 -0.00216622 0.999496 144.025 
0.999509 0.00406318 0.0310811 -1.31165 -0.00411571 0.99999 0.00162757 -2.17045 -0.0310742 -0.00175465 0.999516 145.369 
0.999547 0.00161649 0.0300546 -1.289 -0.00160001 0.999999 -0.000571087 -2.19603 -0.0300555 0.000522782 0.999548 146.737 
0.999562 -0.00331418 0.029405 -1.28418 0.0033405 0.999994 -0.000844619 -2.21842 -0.029402 0.000942518 0.999567 148.055 
0.999527 -0.0116604 0.0284752 -1.25636 0.0116168 0.999931 0.00169937 -2.24454 -0.0284931 -0.00136773 0.999593 149.403 
0.999469 -0.0183648 0.026925 -1.23622 0.0182761 0.999827 0.00354151 -2.26872 -0.0269854 -0.0030475 0.999631 150.742 
0.999433 -0.0211805 0.0261827 -1.22483 0.0211796 0.999776 0.000315218 -2.28907 -0.0261835 0.000239541 0.999657 152.069 
0.999445 -0.0204103 0.0263242 -1.20794 0.0204922 0.999786 -0.002844 -2.31309 -0.0262606 0.0033819 0.999649 153.408 
0.999484 -0.0171892 0.0271453 -1.19763 0.0173281 0.999838 -0.00488868 -2.34135 -0.0270569 0.00535658 0.99962 154.748 
0.999455 -0.0173607 0.0280726 -1.18723 0.0174948 0.999837 -0.00453585 -2.37377 -0.0279893 0.00502454 0.999596 156.088 
0.999372 -0.0207145 0.0287517 -1.1691 0.0207489 0.999784 -0.000898887 -2.4029 -0.0287269 0.00149493 0.999586 157.44 
0.999236 -0.0260513 0.0291231 -1.14447 0.0260093 0.99966 0.00182375 -2.42477 -0.0291607 -0.00106484 0.999574 158.783 
0.999126 -0.0298358 0.0292794 -1.12458 0.0297429 0.999551 0.00360686 -2.4515 -0.0293739 -0.00273281 0.999565 160.124 
0.999069 -0.0314197 0.0295481 -1.10656 0.0313334 0.999503 0.00338017 -2.46634 -0.0296397 -0.00245114 0.999558 161.491 
0.99902 -0.031425 0.0311663 -1.10246 0.0312707 0.999496 0.00542527 -2.50929 -0.0313212 -0.00444532 0.9995 162.833 
0.999082 -0.027686 0.0326916 -1.09608 0.0275388 0.999609 0.00494456 -2.53541 -0.0328157 -0.00403969 0.999453 164.177 
0.999138 -0.0236527 0.0341238 -1.09583 0.0235686 0.999718 0.00286581 -2.55855 -0.034182 -0.00205905 0.999414 165.501 
0.999183 -0.020423 0.034873 -1.07449 0.0203622 0.999791 0.00210024 -2.57331 -0.0349087 -0.00138839 0.99939 166.868 
0.999209 -0.0179452 0.0354962 -1.05151 0.0178602 0.999837 0.00271128 -2.58628 -0.0355391 -0.00207512 0.999366 168.242 
0.999232 -0.016244 0.0356669 -1.03023 0.0161659 0.999866 0.00247895 -2.60781 -0.0357025 -0.00190042 0.999361 169.611 
0.999274 -0.0144805 0.0352435 -1.00435 0.0144782 0.999895 0.000322856 -2.63428 -0.0352445 0.000187683 0.999379 170.979 
0.999325 -0.0110573 0.035029 -0.991979 0.0111364 0.999936 -0.00206222 -2.66083 -0.035004 0.00245097 0.999384 172.34 
0.999371 -0.00597828 0.0349488 -0.97805 0.00610204 0.999976 -0.0034343 -2.68757 -0.0349275 0.00364544 0.999383 173.708 
0.999359 -0.000535657 0.0357885 -0.971219 0.000633392 0.999996 -0.00271841 -2.70316 -0.035787 0.00273938 0.999356 175.105 
0.999347 0.0015167 0.0361123 -0.946842 -0.00150832 0.999999 -0.000258035 -2.73894 -0.0361127 0.000203439 0.999348 176.503 
0.999321 0.00332335 0.0367065 -0.924966 -0.00338901 0.999993 0.00172788 -2.7558 -0.0367005 -0.00185106 0.999325 177.909 
0.999345 -0.000163299 0.0361767 -0.904848 6.59555e-05 0.999996 0.00269315 -2.77445 -0.036177 -0.00268896 0.999342 179.301 
0.999399 -0.00201317 0.0345931 -0.875913 0.00191908 0.999994 0.00275426 -2.79172 -0.0345985 -0.00268618 0.999398 180.695 
0.999465 -0.00295686 0.0325714 -0.844355 0.00300361 0.999995 -0.00138521 -2.81703 -0.0325672 0.00148234 0.999468 182.092 
0.999521 -0.00048275 0.0309299 -0.821636 0.000665247 0.999982 -0.00588894 -2.83773 -0.0309266 0.00590674 0.999504 183.49 
0.999518 0.00457708 0.0307124 -0.818264 -0.00437751 0.999969 -0.00656103 -2.86956 -0.0307415 0.00642346 0.999507 184.87 
0.999495 0.00785579 0.0307942 -0.809566 -0.00768677 0.999955 -0.00560192 -2.89904 -0.0308369 0.00536242 0.99951 186.284 
0.999472 0.00999892 0.0309288 -0.797281 -0.00992911 0.999948 -0.00240838 -2.91905 -0.0309513 0.00210006 0.999519 187.709 
0.999466 0.0101604 0.0310507 -0.778729 -0.0101524 0.999948 -0.000412806 -2.94118 -0.0310533 9.73879e-05 0.999518 189.148 
0.999469 0.0097323 0.0310939 -0.755947 -0.0097394 0.999953 7.82616e-05 -2.94581 -0.0310917 -0.000381015 0.999517 190.592 
0.999476 0.00777881 0.0314105 -0.733266 -0.0078177 0.999969 0.00111675 -2.96899 -0.0314009 -0.00136168 0.999506 192.038 
0.999481 0.00551296 0.0317466 -0.72508 -0.00555563 0.999984 0.00125745 -2.98448 -0.0317392 -0.00143313 0.999495 193.485 
0.999497 0.00272322 0.0316025 -0.699595 -0.00277154 0.999995 0.00148655 -3.00587 -0.0315984 -0.00157335 0.999499 194.932 
0.999479 -0.000314099 0.0322765 -0.678327 0.000229996 0.999997 0.00261072 -3.02481 -0.0322773 -0.0026019 0.999476 196.38 
0.999455 -0.00485215 0.032646 -0.650376 0.00471953 0.99998 0.00413947 -3.04325 -0.0326654 -0.0039831 0.999458 197.828 
0.999417 -0.0070958 0.0334025 -0.63524 0.00696293 0.999967 0.00409382 -3.06157 -0.0334305 -0.00385881 0.999434 199.271 
0.999424 -0.00530429 0.0335215 -0.609793 0.00532322 0.999986 -0.000474017 -3.08021 -0.0335185 0.000652228 0.999438 200.706 
0.999422 0.0016728 0.0339585 -0.594498 -0.00149285 0.999985 -0.00532256 -3.10815 -0.0339669 0.00526883 0.999409 202.14 
0.999326 0.0105454 0.0351755 -0.58285 -0.0103618 0.999932 -0.0053978 -3.13589 -0.0352301 0.00502972 0.999367 203.568 
0.999168 0.018368 0.036415 -0.57616 -0.0183131 0.999831 -0.00183971 -3.16234 -0.0364427 0.00117135 0.999335 205.01 
0.999117 0.0193663 0.0372816 -0.553713 -0.0193838 0.999812 0.000107466 -3.17816 -0.0372726 -0.000829988 0.999305 206.506 
0.999163 0.0175072 0.0369817 -0.526122 -0.0175331 0.999846 0.000377663 -3.194 -0.0369694 -0.00102571 0.999316 207.964 
0.999255 0.0143255 0.035831 -0.500199 -0.0143441 0.999897 0.000264126 -3.21415 -0.0358236 -0.000777853 0.999358 209.424 
0.999323 0.0120174 0.034778 -0.469986 -0.0120192 0.999928 -0.000154563 -3.24038 -0.0347774 -0.000263504 0.999395 210.887 
0.999317 0.0128447 0.0346414 -0.453051 -0.0128343 0.999918 -0.000520354 -3.26712 -0.0346453 7.54417e-05 0.9994 212.347 
0.9993 0.0143109 0.0345766 -0.433749 -0.0143089 0.999898 -0.000305344 -3.29305 -0.0345775 -0.000189582 0.999402 213.803 
0.999276 0.0154766 0.0347427 -0.418086 -0.0155183 0.999879 0.000931512 -3.32368 -0.0347241 -0.00146994 0.999396 215.266 
0.999305 0.0144741 0.0343544 -0.391038 -0.0144989 0.999895 0.000474158 -3.35009 -0.034344 -0.000971888 0.99941 216.741 
0.999295 0.0148779 0.0344721 -0.376439 -0.0148654 0.999889 -0.000615525 -3.37471 -0.0344775 0.00010269 0.999406 218.214 
0.999311 0.0138001 0.0344443 -0.356304 -0.0137845 0.999905 -0.000687451 -3.397 -0.0344506 0.000212221 0.999406 219.694 
0.999306 0.0146253 0.0342628 -0.338179 -0.0145997 0.999893 -0.000993913 -3.41852 -0.0342737 0.000493036 0.999412 221.192 
0.999303 0.0145493 0.0343678 -0.328127 -0.0145184 0.999894 -0.00114671 -3.43937 -0.0343808 0.000646992 0.999409 222.687 
0.999313 0.0141452 0.0342523 -0.307562 -0.014112 0.9999 -0.00121063 -3.46474 -0.034266 0.000726471 0.999413 224.176 
0.999305 0.0154645 0.0339283 -0.291022 -0.0154299 0.99988 -0.0012797 -3.4937 -0.0339441 0.000755344 0.999423 225.663 
0.999318 0.0150629 0.0337207 -0.264984 -0.0150292 0.999886 -0.00125047 -3.52129 -0.0337357 0.000742864 0.999431 227.175 
0.999329 0.0147494 0.0335129 -0.251002 -0.0147113 0.999891 -0.00138025 -3.54036 -0.0335296 0.000886346 0.999437 228.663 
0.999322 0.0144247 0.0338734 -0.234732 -0.0143831 0.999896 -0.00146841 -3.56493 -0.0338911 0.00098025 0.999425 230.178 
0.999338 0.0130126 0.0339659 -0.212491 -0.0129703 0.999915 -0.00146557 -3.59329 -0.0339821 0.00102409 0.999422 231.686 
0.999344 0.0119053 0.0341936 -0.190494 -0.0118727 0.999929 -0.00115436 -3.62117 -0.0342049 0.000747672 0.999415 233.211 
0.999358 0.0110302 0.0340744 -0.148399 -0.0110205 0.999939 -0.000471811 -3.64488 -0.0340776 9.60314e-05 0.999419 234.748 
0.999357 0.0108891 0.0341615 -0.126185 -0.0108823 0.999941 -0.000382964 -3.67104 -0.0341637 1.10028e-05 0.999416 236.267 
0.999348 0.0110804 0.0343615 -0.105666 -0.0110686 0.999939 -0.000532422 -3.69407 -0.0343653 0.000151783 0.999409 237.794 
0.999325 0.0121547 0.0346731 -0.0813473 -0.012111 0.999926 -0.00146884 -3.72111 -0.0346884 0.00104796 0.999398 239.293 
0.999287 0.0134498 0.035274 -0.0647375 -0.0134315 0.99991 -0.00075373 -3.74813 -0.035281 0.000279451 0.999377 240.819 
0.999263 0.013439 0.0359664 -0.0413951 -0.0134958 0.999908 0.00134042 -3.77305 -0.0359451 -0.00182478 0.999352 242.325 
0.999241 0.0130682 0.0366992 -0.0193055 -0.0131503 0.999912 0.00199847 -3.79735 -0.0366698 -0.00247952 0.999324 243.833 
0.999213 0.0136888 0.0372187 0.00800352 -0.0137058 0.999906 0.000202913 -3.81763 -0.0372124 -0.000712824 0.999307 245.351 
0.999198 0.0138732 0.0375665 0.0375525 -0.0138485 0.999904 -0.00091622 -3.84608 -0.0375757 0.000395285 0.999294 246.869 
0.999171 0.0144983 0.0380313 0.0600353 -0.0144808 0.999895 -0.000733617 -3.86638 -0.038038 0.000182326 0.999276 248.395 
0.999204 0.0138612 0.0374018 0.103201 -0.0138854 0.999904 0.000387701 -3.89058 -0.0373929 -0.000906691 0.9993 249.959 
0.999214 0.0141173 0.0370329 0.13692 -0.0141558 0.9999 0.000781168 -3.91439 -0.0370182 -0.00130475 0.999314 251.504 
0.99921 0.0144797 0.037011 0.164095 -0.0145124 0.999895 0.000615295 -3.93649 -0.0369982 -0.00115189 0.999315 253.05 
0.999176 0.0160141 0.0372875 0.191392 -0.0160479 0.999871 0.000608133 -3.95565 -0.037273 -0.00120598 0.999304 254.583 
0.999168 0.017112 0.0370328 0.227785 -0.0171351 0.999853 0.000307412 -3.97143 -0.0370221 -0.000941674 0.999314 256.132 
0.999161 0.0172462 0.0371425 0.257391 -0.0172756 0.999851 0.000470629 -3.99315 -0.0371289 -0.00111185 0.99931 257.684 
0.999175 0.0159307 0.0373557 0.288364 -0.0159677 0.999872 0.000693943 -4.01883 -0.0373399 -0.00128981 0.999302 259.223 
0.999211 0.01425 0.0370596 0.325548 -0.0143071 0.999897 0.00127545 -4.03855 -0.0370376 -0.00180462 0.999312 260.777 
0.999206 0.01156 0.0381165 0.338066 -0.0116545 0.99993 0.00225841 -4.06701 -0.0380877 -0.0027008 0.999271 262.317 
0.999207 0.00979701 0.038606 0.356585 -0.00988876 0.999949 0.00218735 -4.09719 -0.0385826 -0.00256734 0.999252 263.893 
0.999205 0.0088904 0.0388575 0.378151 -0.00892988 0.99996 0.000843659 -4.11493 -0.0388485 -0.00118994 0.999244 265.438 
0.9992 0.00673993 0.0394144 0.41033 -0.00686205 0.999972 0.00296479 -4.13994 -0.0393934 -0.00323284 0.999219 266.993 
0.999169 0.00547191 0.0403931 0.438426 -0.00565859 0.999974 0.00450966 -4.16149 -0.0403674 -0.00473443 0.999174 268.561 
0.999176 0.00391235 0.0403899 0.479684 -0.00406917 0.999985 0.00380226 -4.17854 -0.0403744 -0.00396344 0.999177 270.141 
0.999156 0.00420496 0.0408725 0.523823 -0.00430942 0.999988 0.00246901 -4.19646 -0.0408617 -0.00264302 0.999161 271.714 
0.999125 0.00493901 0.0415423 0.564186 -0.00502799 0.999985 0.00203879 -4.21566 -0.0415316 -0.00224584 0.999135 273.277 
0.999045 0.0064189 0.0432185 0.590449 -0.00652259 0.999976 0.00225957 -4.24419 -0.043203 -0.00253927 0.999063 274.799 
0.998984 0.0077468 0.0443855 0.617494 -0.00783388 0.999968 0.00178943 -4.26221 -0.0443703 -0.00213529 0.999013 276.341 
0.998914 0.00941925 0.0456285 0.650812 -0.00949267 0.999954 0.00139376 -4.2884 -0.0456133 -0.00182535 0.998958 277.885 
0.998878 0.0102456 0.0462295 0.700658 -0.0102985 0.999947 0.000906707 -4.30585 -0.0462177 -0.00138174 0.99893 279.463 
0.998851 0.00945074 0.0469892 0.731894 -0.00948962 0.999955 0.000605216 -4.32982 -0.0469814 -0.00105039 0.998895 281.068 
0.99881 0.00795898 0.0481164 0.776506 -0.00796159 0.999968 -0.000136396 -4.34535 -0.048116 -0.000246808 0.998842 282.661 
0.998753 0.00738959 0.0493655 0.819924 -0.00740644 0.999973 0.000159465 -4.37057 -0.049363 -0.000524849 0.998781 284.212 
0.998712 0.0064078 0.0503229 0.869686 -0.00648381 0.999978 0.00134819 -4.39962 -0.0503132 -0.0016727 0.998732 285.773 
0.998713 0.00492437 0.050486 0.925698 -0.00501829 0.999986 0.00173463 -4.42556 -0.0504767 -0.00198571 0.998723 287.325 
0.998719 0.00425909 0.0504211 0.984554 -0.00423697 0.999991 -0.000544725 -4.45697 -0.050423 0.000330436 0.998728 288.916 
0.998724 0.00312855 0.0503965 1.03306 -0.0030042 0.999992 -0.00254207 -4.48641 -0.0504041 0.00238747 0.998726 290.486 
0.998735 0.0029442 0.0501998 1.07304 -0.00280789 0.999992 -0.00278464 -4.50532 -0.0502076 0.0026402 0.998735 292.002 
0.998794 0.0016091 0.0490763 1.1169 -0.00147823 0.999995 -0.00270201 -4.53307 -0.0490804 0.00262625 0.998791 293.553 
0.998845 0.00226522 0.047997 1.16063 -0.00211185 0.999993 -0.0032448 -4.55718 -0.0480041 0.00313973 0.998842 295.119 
0.998875 0.00317917 0.0473181 1.20301 -0.00302665 0.99999 -0.00329363 -4.58567 -0.0473281 0.00314675 0.998874 296.678 
0.998894 0.00292245 0.046923 1.23622 -0.00279582 0.999992 -0.00276307 -4.61814 -0.0469308 0.00262887 0.998895 298.215 
0.998944 0.00169435 0.04591 1.28202 -0.001588 0.999996 -0.0023519 -4.64776 -0.0459138 0.00227656 0.998943 299.766 
0.998985 0.00100645 0.045044 1.32644 -0.000968326 0.999999 -0.000867153 -4.67275 -0.0450449 0.000822696 0.998985 301.399 
0.999008 0.0024495 0.0444574 1.3656 -0.00247624 0.999997 0.000547446 -4.70105 -0.044456 -0.00065695 0.999011 303.001 
0.998936 0.00322279 0.0460062 1.38217 -0.00325217 0.999995 0.000564851 -4.72575 -0.0460042 -0.000713829 0.998941 304.601 
0.998902 0.00374651 0.0466917 1.42688 -0.00376844 0.999993 0.000382658 -4.74772 -0.0466899 -0.000558152 0.998909 306.207 
0.99889 0.00231274 0.0470471 1.47049 -0.00233087 0.999997 0.000331325 -4.77095 -0.0470462 -0.000440576 0.998893 307.804 
0.998872 0.000233372 0.0474849 1.51059 -0.000215032 1 -0.000390423 -4.80412 -0.047485 0.000379813 0.998872 309.415 
0.998858 -0.000928418 0.0477754 1.56402 0.00104557 0.999997 -0.00242629 -4.82708 -0.047773 0.00247351 0.998855 311.066 
0.998868 -0.0011954 0.0475519 1.61556 0.00135877 0.999993 -0.00340246 -4.85513 -0.0475476 0.00346326 0.998863 312.677 
0.998964 -0.000200461 0.045499 1.63696 0.000410076 0.999989 -0.00459678 -4.871 -0.0454977 0.00461071 0.998954 314.236 
0.999041 0.000687766 0.0437822 1.66354 -0.000521226 0.999993 -0.00381415 -4.90136 -0.0437845 0.00378771 0.999034 315.846 
0.999051 0.00161011 0.0435351 1.69761 -0.00159743 0.999999 -0.000325015 -4.93462 -0.0435356 0.000255203 0.999052 317.466 
0.99903 -0.000366045 0.044028 1.74761 0.000242843 0.999996 0.00280456 -4.95788 -0.0440289 -0.00279111 0.999026 319.105 
0.999017 -0.000871964 0.0443312 1.78846 0.000728854 0.999995 0.00324524 -4.97443 -0.0443338 -0.0032097 0.999012 320.756 
0.998998 -0.00174065 0.0447129 1.82576 0.00165308 0.999997 0.00199635 -4.99634 -0.0447163 -0.0019204 0.998998 322.386 
0.99897 -0.00262298 0.0452966 1.86406 0.00253516 0.999995 0.00199708 -5.02027 -0.0453017 -0.00188015 0.998972 324.035 
0.998942 -0.00262143 0.0459139 1.90078 0.00251994 0.999994 0.00226923 -5.04591 -0.0459197 -0.00215108 0.998943 325.671 
0.998891 -0.00239661 0.047033 1.92606 0.0022913 0.999995 0.00229383 -5.06604 -0.0470383 -0.00218348 0.998891 327.294 
0.998857 -0.000677853 0.0477848 1.96613 0.00061594 0.999999 0.00131127 -5.09436 -0.0477857 -0.0012803 0.998857 328.959 
0.998817 2.13416e-05 0.0486335 2.00648 -5.92868e-05 1 0.000779677 -5.11857 -0.0486335 -0.000781596 0.998816 330.595 
0.998767 -0.00140611 0.0496288 2.05895 0.00127573 0.999996 0.00265946 -5.14067 -0.0496324 -0.00259283 0.998764 332.243 
0.998745 -0.002458 0.050022 2.10969 0.00227959 0.999991 0.00362415 -5.16939 -0.0500305 -0.00350553 0.998742 333.86 
0.998719 -0.00377771 0.0504627 2.15105 0.00364507 0.99999 0.00272121 -5.1954 -0.0504725 -0.00253374 0.998722 335.483 
0.998672 -0.00196041 0.0514876 2.17948 0.0018199 0.999995 0.0027767 -5.21983 -0.0514928 -0.00267927 0.99867 337.093 
0.998646 0.000462415 0.0520187 2.21131 -0.000476813 1 0.00026522 -5.23571 -0.0520186 -0.000289623 0.998646 338.739 
0.998643 0.00186596 0.052052 2.25852 -0.00174474 0.999996 -0.00237323 -5.27085 -0.0520562 0.00227923 0.998642 340.371 
0.998651 0.00328564 0.0518176 2.30146 -0.00319721 0.999993 -0.00178836 -5.30213 -0.0518231 0.00162032 0.998655 341.976 
0.998656 0.00458222 0.0516192 2.33675 -0.00466941 0.999988 0.00156959 -5.33048 -0.0516114 -0.00180847 0.998666 343.597 
0.998689 0.00539202 0.050908 2.38264 -0.00561724 0.999975 0.00428287 -5.352 -0.0508837 -0.00456317 0.998694 345.223 
0.998721 0.00572449 0.0502305 2.43598 -0.00588476 0.999978 0.00304424 -5.37246 -0.050212 -0.0033359 0.998733 346.812 
0.998763 0.0055046 0.049422 2.4593 -0.00559496 0.999983 0.00169117 -5.39392 -0.0494119 -0.00196555 0.998777 348.478 
0.998839 0.00418193 0.0479999 2.49433 -0.00433547 0.999986 0.00309595 -5.41829 -0.0479863 -0.00330042 0.998843 350.118 
0.998854 0.00272615 0.0477907 2.52728 -0.00289499 0.99999 0.00346503 -5.43517 -0.0477808 -0.00359937 0.998851 351.753 
0.99887 0.00218402 0.047474 2.57435 -0.00230782 0.999994 0.00255401 -5.45584 -0.0474681 -0.00266064 0.998869 353.387 
0.998879 0.001258 0.0473274 2.61537 -0.00134689 0.999997 0.0018473 -5.47939 -0.047325 -0.00190893 0.998878 355.012 
0.998872 0.00108214 0.0474703 2.6647 -0.00117179 0.999998 0.00186169 -5.50651 -0.0474682 -0.00191518 0.998871 356.603 
0.998851 0.00063765 0.0479162 2.70868 -0.000724486 0.999998 0.00179579 -5.52718 -0.047915 -0.0018284 0.99885 358.221 
0.998848 -0.000160868 0.0479869 2.75974 9.6841e-05 0.999999 0.00133748 -5.55365 -0.0479871 -0.00133125 0.998847 359.818 
0.998834 -0.000317706 0.0482707 2.80052 0.000281649 1 0.000754673 -5.57886 -0.048271 -0.000740156 0.998834 361.442 
0.998819 -0.000768115 0.0485753 2.8468 0.000714706 0.999999 0.00111776 -5.60953 -0.0485762 -0.00108168 0.998819 363.046 
0.998801 0.000171741 0.0489648 2.89238 -0.00020711 1 0.000718155 -5.64401 -0.0489647 -0.000727393 0.9988 364.641 
0.998794 -0.000959416 0.049095 2.93578 0.000989845 0.999999 -0.000594616 -5.66672 -0.0490945 0.000642536 0.998794 366.219 
0.998786 -0.00297285 0.0491773 2.98332 0.00290339 0.999995 0.00148471 -5.68941 -0.0491815 -0.00134009 0.998789 367.818 
0.998792 -0.00442452 0.0489483 3.04766 0.00433298 0.999989 0.00197713 -5.709 -0.0489566 -0.00176261 0.998799 369.449 
0.998772 -0.00459995 0.0493349 3.08676 0.00455621 0.999989 0.000999921 -5.73316 -0.049339 -0.000773871 0.998782 371.062 
0.998775 -0.00429505 0.0492912 3.14348 0.00426036 0.999991 0.000809622 -5.76327 -0.0492943 -0.000598591 0.998784 372.654 
0.998763 -0.00272278 0.0496449 3.18715 0.00264009 0.999995 0.00173198 -5.78933 -0.0496494 -0.00159873 0.998765 374.234 
0.998732 -0.00152621 0.0503252 3.2235 0.00139048 0.999995 0.00273274 -5.81668 -0.0503292 -0.00265925 0.998729 375.82 
0.9987 -0.0012704 0.0509576 3.27362 0.00114149 0.999996 0.00255977 -5.84927 -0.0509607 -0.00249823 0.998698 377.422 
0.998701 -0.00200488 0.0509134 3.32169 0.00191213 0.999996 0.00187135 -5.87855 -0.050917 -0.00177153 0.998701 379.008 
0.998695 -0.00148534 0.0510427 3.37401 0.00141386 0.999998 0.00143727 -5.90053 -0.0510448 -0.00136319 0.998695 380.628 
0.998644 -0.000566671 0.0520488 3.4188 0.000504024 0.999999 0.00121757 -5.92607 -0.0520495 -0.00118965 0.998644 382.224 
0.998633 0.00051907 0.0522653 3.47182 -0.000587038 0.999999 0.00128592 -5.95009 -0.0522647 -0.00131481 0.998632 383.851 
0.998603 0.00213655 0.0527895 3.52723 -0.00221548 0.999997 0.00143758 -5.96862 -0.0527862 -0.00155248 0.998605 385.514 
0.998589 0.0034217 0.0529956 3.59162 -0.00347059 0.999994 0.00083126 -5.98813 -0.0529924 -0.00101397 0.998594 387.169 
0.998613 0.00385238 0.0525104 3.66572 -0.00384413 0.999993 -0.000257182 -6.00567 -0.0525111 5.50096e-05 0.99862 388.823 
0.99859 0.00526857 0.0528188 3.72243 -0.00525635 0.999986 -0.000369532 -6.03728 -0.05282 9.14185e-05 0.998604 390.434 
0.998574 0.00696845 0.0529336 3.79299 -0.00695813 0.999976 -0.000378391 -6.04153 -0.052935 9.57334e-06 0.998598 392.103 
0.998562 0.00757997 0.0530713 3.85316 -0.00759967 0.999971 0.000170166 -6.07477 -0.0530685 -0.000573204 0.998591 393.743 
0.998499 0.00877197 0.0540631 3.89502 -0.00876352 0.999962 -0.0003924 -6.09923 -0.0540645 -8.19311e-05 0.998537 395.369 
0.998467 0.00928336 0.0545609 3.94579 -0.00928157 0.999957 -0.000285287 -6.1262 -0.0545612 -0.000221521 0.99851 396.988 
0.998449 0.00873736 0.0549782 4.00715 -0.00876651 0.999962 0.000289814 -6.15153 -0.0549736 -0.000771291 0.998488 398.629 
0.998442 0.00828895 0.055189 4.06882 -0.00826423 0.999966 -0.000675262 -6.17969 -0.0551927 0.000218156 0.998476 400.294 
0.998436 0.00789297 0.0553502 4.13761 -0.00780545 0.999968 -0.00179639 -6.21035 -0.0553627 0.00136159 0.998465 401.959 
0.99843 0.00621062 0.0556618 4.19224 -0.00611973 0.99998 -0.0018023 -6.23859 -0.0556719 0.00145888 0.998448 403.614 
0.998416 0.00482318 0.0560583 4.24772 -0.00480614 0.999988 -0.00043807 -6.26639 -0.0560598 0.000167993 0.998427 405.256 
0.998419 0.00337214 0.0561068 4.31344 -0.00344491 0.999993 0.00120109 -6.29545 -0.0561024 -0.00139243 0.998424 406.912 
0.998403 0.00195824 0.056455 4.37368 -0.00198572 0.999998 0.000431327 -6.32646 -0.0564541 -0.000542701 0.998405 408.56 
0.99841 0.000612379 0.0563597 4.43173 -0.00062342 1 0.000179093 -6.36011 -0.0563596 -0.000213903 0.998411 410.18 
