1 2.12261e-08 -2.11895e-08 0 2.12261e-08 1 2.10703e-08 0 -2.11895e-08 2.10703e-08 1 0 
0.999997 -0.00169633 -0.00155756 -0.00798931 0.00169509 0.999998 -0.000826499 -0.0111819 0.00155892 0.000823899 0.999998 0.580753 
0.999995 -0.0023675 -0.00226231 -0.0320199 0.00236238 0.999995 -0.00228072 -0.0231503 0.00226766 0.0022754 0.999995 1.14927 
0.999988 -0.00264148 -0.00408283 -0.0455321 0.00262733 0.999991 -0.00347596 -0.0381318 0.00409193 0.00346523 0.999986 1.71941 
0.999971 -0.00485829 -0.00594684 -0.0589801 0.00482721 0.999975 -0.00523549 -0.0456983 0.00597208 0.00520667 0.999969 2.287 
0.999947 -0.00718047 -0.00739404 -0.0728869 0.00712944 0.999951 -0.00691129 -0.063604 0.00744326 0.00685825 0.999949 2.85609 
0.999928 -0.00824458 -0.00867178 -0.0978351 0.0081782 0.999937 -0.00766726 -0.0774631 0.00873441 0.00759584 0.999933 3.41313 
0.999912 -0.00852112 -0.0101651 -0.109013 0.00845099 0.99994 -0.00692575 -0.0908979 0.0102235 0.00683927 0.999924 4.00433 
0.999898 -0.00879887 -0.0112877 -0.128578 0.00871499 0.999934 -0.00746243 -0.104036 0.0113526 0.00736334 0.999908 4.59781 
0.99989 -0.00821932 -0.0123513 -0.148897 0.00809591 0.999917 -0.0100118 -0.123253 0.0124326 0.00991079 0.999874 5.19877 
0.999896 -0.00601358 -0.0131235 -0.179264 0.0058289 0.999884 -0.0140683 -0.137303 0.0132065 0.0139904 0.999815 5.80082 
0.999882 -0.00468664 -0.014659 -0.196133 0.00442489 0.999831 -0.0178403 -0.150569 0.0147401 0.0177734 0.999733 6.42616 
0.999872 -0.00317754 -0.0157065 -0.223844 0.00289575 0.999835 -0.017934 -0.160433 0.0157608 0.0178863 0.999716 7.05603 
0.999856 -0.000444281 -0.0169436 -0.248995 0.00025537 0.999938 -0.0111524 -0.173434 0.0169475 0.0111465 0.999794 7.70733 
0.999844 0.000348409 -0.0176588 -0.277502 -0.000355383 1 -0.000394221 -0.190643 0.0176586 0.000400478 0.999844 8.38239 
0.99983 0.00152528 -0.0183858 -0.306424 -0.00141477 0.999981 0.00601962 -0.20234 0.0183946 -0.00599254 0.999813 9.06019 
0.9998 0.00379125 -0.019645 -0.335564 -0.00368979 0.99998 0.00519652 -0.21637 0.0196643 -0.00512296 0.999794 9.74739 
0.999775 0.00602316 -0.0203215 -0.369449 -0.00607052 0.999979 -0.00227197 -0.22148 0.0203074 0.00239486 0.999791 10.4547 
0.999753 0.00579271 -0.0214734 -0.396531 -0.00597412 0.999947 -0.00839529 -0.222898 0.0214236 0.00852154 0.999734 11.1668 
0.99973 0.00346933 -0.0229894 -0.415985 -0.00362859 0.99997 -0.00689142 -0.222636 0.0229648 0.00697302 0.999712 11.9185 
0.999718 0.0021886 -0.0236526 -0.443291 -0.00213797 0.999995 0.0021641 -0.228162 0.0236572 -0.00211288 0.999718 12.6855 
0.999719 0.00181544 -0.0236406 -0.483343 -0.00158479 0.999951 0.00976958 -0.238338 0.0236571 -0.00972933 0.999673 13.4525 
0.999711 0.000825594 -0.024037 -0.518034 -0.000533436 0.999926 0.0121567 -0.238841 0.0240452 -0.0121403 0.999637 14.2484 
0.999702 -0.00161653 -0.024366 -0.547301 0.00188331 0.999939 0.0109282 -0.235779 0.0243468 -0.0109708 0.999643 15.0537 
0.999718 -0.00217411 -0.0236599 -0.582297 0.00237379 0.999962 0.00841275 -0.234593 0.0236407 -0.00846649 0.999685 15.8848 
0.999729 8.42498e-05 -0.0233012 -0.615057 3.17209e-05 0.999988 0.00497483 -0.235048 0.0233012 -0.00497417 0.999716 16.7193 
0.999749 -0.00293208 -0.0222051 -0.65373 0.00293211 0.999996 -3.31976e-05 -0.251404 0.0222051 -3.18759e-05 0.999753 17.5639 
0.999748 -0.00514792 -0.0218374 -0.67558 0.00500995 0.999967 -0.00637 -0.259513 0.0218694 0.00625904 0.999741 18.4322 
0.999779 -0.00405359 -0.0206535 -0.714575 0.00381503 0.999926 -0.0115791 -0.278058 0.0206988 0.0114977 0.99972 19.3253 
0.999785 -0.00279819 -0.0205314 -0.749089 0.00254102 0.999918 -0.012543 -0.293276 0.0205647 0.0124882 0.999711 20.2366 
0.999777 -0.00276241 -0.0209415 -0.782249 0.00251306 0.999926 -0.011926 -0.315146 0.0209728 0.0118707 0.99971 21.1632 
0.999787 -0.000999906 -0.0205958 -0.83123 0.000722643 0.999909 -0.0134672 -0.335975 0.0206074 0.0134495 0.999697 22.1112 
0.999781 0.00200918 -0.0208133 -0.866982 -0.00233201 0.999877 -0.0155001 -0.358722 0.0207796 0.0155453 0.999663 23.0641 
0.999772 0.00532372 -0.020692 -0.915963 -0.00566186 0.999851 -0.0163198 -0.383849 0.0206019 0.0164333 0.999653 24.0325 
0.99976 0.00714169 -0.0207043 -0.959818 -0.00748043 0.999839 -0.0163321 -0.409353 0.0205843 0.0164831 0.999652 25.0061 
0.999747 0.00823148 -0.0209292 -1.00243 -0.00857898 0.999826 -0.01657 -0.439715 0.0207892 0.0167454 0.999644 25.992 
0.999741 0.00776387 -0.0214169 -1.03663 -0.00811871 0.99983 -0.0165334 -0.465914 0.0212849 0.016703 0.999634 26.9848 
0.999725 0.00859279 -0.0218128 -1.07715 -0.00892624 0.999844 -0.0152377 -0.497947 0.0216784 0.0154283 0.999646 27.9848 
0.999708 0.00947094 -0.0222498 -1.11739 -0.00977249 0.999861 -0.0134854 -0.525224 0.022119 0.0136989 0.999662 28.9956 
0.999686 0.0100444 -0.0229658 -1.15387 -0.0103256 0.999873 -0.0121607 -0.55384 0.0228407 0.012394 0.999662 30.0126 
0.999682 0.0097923 -0.0232585 -1.1949 -0.0100999 0.999863 -0.0131447 -0.581665 0.0231265 0.0133755 0.999643 31.0401 
0.99965 0.011279 -0.0239132 -1.23611 -0.0116168 0.999834 -0.0140337 -0.608099 0.0237509 0.0143067 0.999616 32.0783 
0.999648 0.0108201 -0.0242234 -1.28274 -0.0111352 0.999855 -0.0129126 -0.638726 0.0240801 0.0131778 0.999623 33.1148 
0.99964 0.0100916 -0.0248757 -1.32462 -0.0103532 0.999892 -0.0104113 -0.663683 0.0247679 0.0106651 0.999636 34.1719 
0.99962 0.0103525 -0.0255591 -1.36857 -0.010529 0.999922 -0.00678341 -0.685865 0.0254868 0.00704999 0.99965 35.2319 
0.999611 0.0106024 -0.0257873 -1.42871 -0.0107288 0.999931 -0.00476787 -0.702363 0.0257349 0.00504272 0.999656 36.321 
0.9996 0.0103502 -0.0263356 -1.46795 -0.0104561 0.999938 -0.00388847 -0.731105 0.0262937 0.00416233 0.999646 37.3977 
0.999596 0.00987482 -0.0266636 -1.52078 -0.0100191 0.999936 -0.00528289 -0.752719 0.0266097 0.00554794 0.999631 38.4785 
0.999568 0.0104753 -0.0274699 -1.57179 -0.0106358 0.999927 -0.0057045 -0.773734 0.0274081 0.00599424 0.999606 39.5657 
0.999556 0.0100672 -0.0280588 -1.62382 -0.0101939 0.999938 -0.00437791 -0.797074 0.0280129 0.00466204 0.999597 40.6545 
0.999536 0.00991858 -0.0288043 -1.67484 -0.00998942 0.999947 -0.00231787 -0.818944 0.0287798 0.00260457 0.999582 41.745 
0.999516 0.0100705 -0.0294357 -1.72272 -0.01007 0.999949 0.000165063 -0.840078 0.0294359 0.000131477 0.999567 42.8283 
0.999499 0.0114239 -0.0295031 -1.78295 -0.0114331 0.999935 -0.000143875 -0.858529 0.0294995 0.000481158 0.999565 43.914 
0.999479 0.0127162 -0.0296504 -1.83931 -0.0128372 0.99991 -0.00389357 -0.88525 0.0295982 0.00427221 0.999553 44.9899 
0.999472 0.0137305 -0.029455 -1.896 -0.0139571 0.999874 -0.00750348 -0.910646 0.0293482 0.00791066 0.999538 46.067 
0.999466 0.0142831 -0.0293967 -1.94894 -0.014523 0.999863 -0.0079677 -0.9323 0.0292789 0.00839041 0.999536 47.1558 
0.999468 0.0148375 -0.0290324 -2.00497 -0.0149989 0.999873 -0.00535026 -0.956433 0.0289493 0.00578292 0.999564 48.2385 
0.999464 0.01539 -0.0288908 -2.05699 -0.0154826 0.999876 -0.00298545 -0.98358 0.0288412 0.00343119 0.999578 49.325 
0.999482 0.0140306 -0.0289645 -2.10505 -0.0140866 0.999899 -0.00173265 -1.00486 0.0289372 0.00213981 0.999579 50.4117 
0.999497 0.0139126 -0.0285178 -2.15631 -0.0139874 0.999899 -0.00242439 -1.02989 0.0284812 0.0028221 0.99959 51.5066 
0.99951 0.013068 -0.0284299 -2.20672 -0.0132032 0.999902 -0.00457393 -1.04548 0.0283673 0.0049471 0.999585 52.6124 
0.999519 0.0133054 -0.0280181 -2.25277 -0.0134951 0.999887 -0.00659435 -1.07096 0.0279271 0.00696932 0.999586 53.7008 
0.999548 0.0118217 -0.0276476 -2.30825 -0.0120743 0.999887 -0.00898798 -1.09668 0.0275382 0.00931779 0.999577 54.8062 
0.99956 0.0101128 -0.0278919 -2.35081 -0.0104527 0.999873 -0.0120713 -1.1304 0.0277662 0.0123576 0.999538 55.8992 
0.999586 0.0085843 -0.0274788 -2.40235 -0.0089704 0.999862 -0.0139598 -1.15593 0.0273552 0.0142006 0.999525 56.9862 
0.999599 0.00703434 -0.0274361 -2.44718 -0.00735233 0.999907 -0.0115081 -1.18703 0.0273526 0.0117053 0.999557 58.0744 
0.999605 0.00485734 -0.0276979 -2.48572 -0.00501377 0.999972 -0.00558259 -1.21556 0.02767 0.0057193 0.999601 59.1698 
0.999613 0.00317034 -0.0276488 -2.53007 -0.0031568 0.999995 0.000531825 -1.24017 0.0276503 -0.000444295 0.999618 60.2717 
0.999617 0.00160282 -0.0276345 -2.57684 -0.00156704 0.999998 0.00131467 -1.26039 0.0276365 -0.00127082 0.999617 61.3672 
0.999617 -0.00184914 -0.0276312 -2.61941 0.00180184 0.999997 -0.00173837 -1.27814 0.0276343 0.00168796 0.999617 62.4668 
0.999602 -0.00339548 -0.0280133 -2.66619 0.00326019 0.999983 -0.00487509 -1.2974 0.0280293 0.00478186 0.999596 63.5629 
0.999599 -0.00157186 -0.0282895 -2.71165 0.00132234 0.99996 -0.00883847 -1.32454 0.0283022 0.00879755 0.999561 64.6487 
0.99959 -0.00149896 -0.0285931 -2.75157 0.00111978 0.999911 -0.0132742 -1.3475 0.0286104 0.0132368 0.999503 65.7286 
0.999599 0.00149695 -0.0282655 -2.80802 -0.00188673 0.999903 -0.0137696 -1.37563 0.0282422 0.0138174 0.999506 66.8542 
0.999613 0.00531761 -0.0273239 -2.87122 -0.00559422 0.999934 -0.0100584 -1.40837 0.0272686 0.0102074 0.999576 67.9683 
0.999602 0.00686158 -0.0273804 -2.92118 -0.0070859 0.999942 -0.00810544 -1.43512 0.0273231 0.00829627 0.999592 69.0701 
0.999605 0.00657179 -0.0273342 -2.96956 -0.00676704 0.999952 -0.00705843 -1.46712 0.0272865 0.00724065 0.999601 70.1757 
0.999613 0.00475241 -0.0274285 -3.01281 -0.00492492 0.999969 -0.00622673 -1.49568 0.027398 0.00635944 0.999604 71.2694 
0.999605 0.00363056 -0.0278606 -3.06064 -0.00376926 0.999981 -0.00492913 -1.51764 0.0278422 0.00503224 0.9996 72.3628 
0.999594 0.00201782 -0.0284095 -3.10172 -0.00210054 0.999994 -0.00288348 -1.54277 0.0284034 0.00294203 0.999592 73.4573 
0.999565 0.000835836 -0.0294676 -3.14632 -0.000867939 0.999999 -0.00107808 -1.56901 0.0294667 0.00110323 0.999565 74.5603 
0.999538 4.23751e-05 -0.0303828 -3.19386 -0.000108442 0.999998 -0.0021742 -1.59541 0.0303826 0.00217654 0.999536 75.6521 
0.999517 0.00039105 -0.0310696 -3.25006 -0.000578964 0.999982 -0.00604073 -1.6183 0.0310666 0.00605585 0.999499 76.7431 
0.999481 0.000924567 -0.0322011 -3.30176 -0.00118849 0.999966 -0.00817915 -1.64281 0.0321924 0.00821321 0.999448 77.8305 
0.999463 0.00297021 -0.0326315 -3.36698 -0.00318786 0.999973 -0.00662099 -1.66838 0.0326109 0.0067215 0.999446 78.9176 
0.999433 0.0037151 -0.0334533 -3.42624 -0.00380002 0.99999 -0.00247662 -1.69108 0.0334437 0.00260238 0.999437 80.0213 
0.9994 0.00513412 -0.0342522 -3.4837 -0.00508358 0.999986 0.00156109 -1.71351 0.0342597 -0.00138598 0.999412 81.1091 
0.999367 0.00595899 -0.035075 -3.53982 -0.00589108 0.999981 0.00203779 -1.73154 0.0350864 -0.00182983 0.999383 82.1874 
0.999349 0.00578442 -0.035618 -3.60066 -0.00579455 0.999983 -0.000182166 -1.74813 0.0356163 0.00038848 0.999366 83.2666 
0.999317 0.00588832 -0.036485 -3.65685 -0.0059235 0.999982 -0.000857491 -1.76993 0.0364792 0.00107307 0.999334 84.3344 
0.999293 0.00558113 -0.037168 -3.70878 -0.00562792 0.999984 -0.00115566 -1.79074 0.0371609 0.00136406 0.999308 85.3893 
0.999277 0.00455177 -0.0377523 -3.7666 -0.00459274 0.999989 -0.000999706 -1.81115 0.0377473 0.00117241 0.999287 86.4305 
0.999266 0.00358302 -0.038132 -3.82687 -0.00357627 0.999994 0.000244065 -1.82859 0.0381326 -0.000107473 0.999273 87.462 
0.999244 0.00394514 -0.0386671 -3.88499 -0.00383299 0.999988 0.00297293 -1.85168 0.0386784 -0.00282243 0.999248 88.4745 
0.999221 0.00335605 -0.0393293 -3.9451 -0.00320025 0.999987 0.00402273 -1.87265 0.0393423 -0.00389368 0.999218 89.4518 
0.999141 0.00255064 -0.0413554 -4.00277 -0.002381 0.999989 0.00414973 -1.89088 0.0413655 -0.00404765 0.999136 90.4152 
0.999021 0.00202275 -0.0441852 -4.06335 -0.00187627 0.999993 0.00335534 -1.91309 0.0441916 -0.00326911 0.999018 91.3572 
0.998856 0.00154679 -0.0477893 -4.12054 -0.00143024 0.999996 0.00247215 -1.93149 0.0477929 -0.00240093 0.998854 92.2724 
0.998705 0.00134218 -0.0508543 -4.18524 -0.00121344 0.999996 0.00256148 -1.9477 0.0508575 -0.00249641 0.998703 93.1596 
0.99853 0.0022888 -0.0541569 -4.24353 -0.00209732 0.999991 0.00359155 -1.96506 0.0541646 -0.00347264 0.998526 94.0405 
0.99836 0.00310071 -0.0571594 -4.30978 -0.00283024 0.999984 0.00481145 -1.98722 0.0571734 -0.00464174 0.998354 94.8863 
0.998178 0.00375667 -0.0602239 -4.37354 -0.0033787 0.999974 0.006376 -2.00364 0.0602463 -0.00616086 0.998165 95.7042 
0.998018 0.00551644 -0.0626929 -4.44451 -0.00508297 0.999962 0.00707097 -2.01613 0.0627294 -0.00673825 0.998008 96.5058 
0.99786 0.00755759 -0.064947 -4.51608 -0.00707646 0.999946 0.00763435 -2.03227 0.0650011 -0.00715837 0.99786 97.2744 
0.997668 0.00901093 -0.0676574 -4.58253 -0.0085819 0.999941 0.0066286 -2.05013 0.0677131 -0.00603247 0.997687 98.0157 
0.997485 0.0100973 -0.070157 -4.64787 -0.00992724 0.999947 0.00277116 -2.06356 0.0701812 -0.00206768 0.997532 98.7254 
0.997297 0.0126782 -0.0723796 -4.71841 -0.0127971 0.999917 -0.00118043 -2.07442 0.0723586 0.00210353 0.997377 99.4 
0.997159 0.0144104 -0.0739391 -4.7888 -0.0147266 0.999885 -0.00373368 -2.09115 0.0738767 0.00481199 0.997256 100.047 
0.997071 0.0166166 -0.074657 -4.85044 -0.0170199 0.999844 -0.00477003 -2.10386 0.074566 0.00602675 0.997198 100.668 
0.997101 0.018865 -0.0737135 -4.9098 -0.0192424 0.999805 -0.00441418 -2.11976 0.0736158 0.00581985 0.99727 101.272 
0.997227 0.0225419 -0.0709272 -4.95986 -0.0228107 0.999735 -0.00298293 -2.13465 0.0708411 0.0045926 0.997477 101.848 
0.997528 0.0248856 -0.0657203 -4.99971 -0.0250745 0.999684 -0.00205185 -2.14184 0.0656484 0.00369473 0.997836 102.414 
0.997961 0.0257527 -0.0584008 -5.0371 -0.0257935 0.999667 5.40616e-05 -2.15544 0.0583828 0.00145245 0.998293 102.942 
0.998485 0.0250924 -0.0489665 -5.0558 -0.0250181 0.999685 0.00212898 -2.16647 0.0490044 -0.000900666 0.998798 103.46 
0.999012 0.0246593 -0.0369685 -5.07567 -0.0245545 0.999693 0.0032849 -2.17563 0.0370382 -0.00237387 0.999311 103.938 
0.999433 0.0238439 -0.0237685 -5.08014 -0.0237709 0.999712 0.00334623 -2.1874 0.0238414 -0.00277929 0.999712 104.396 
0.999681 0.0238105 -0.00839971 -5.08216 -0.0237885 0.999713 0.00270601 -2.20057 0.00846169 -0.00250529 0.999961 104.833 
0.999706 0.0223224 0.00952251 -5.0693 -0.0223206 0.999751 -0.000299428 -2.21336 -0.00952686 8.6834e-05 0.999955 105.258 
0.999287 0.0217948 0.0308417 -5.05019 -0.0216557 0.999754 -0.00483357 -2.22524 -0.0309395 0.00416227 0.999513 105.669 
0.998277 0.0198334 0.0552183 -5.01367 -0.0193437 0.999769 -0.00938966 -2.23857 -0.0553918 0.0083054 0.99843 106.072 
0.996462 0.0175237 0.0821918 -4.95952 -0.0165782 0.999789 -0.0121712 -2.24745 -0.0823878 0.0107656 0.996542 106.465 
0.993554 0.0148476 0.112385 -4.90119 -0.0134219 0.99982 -0.0134309 -2.25903 -0.112564 0.011836 0.993574 106.845 
0.989392 0.012515 0.144733 -4.82003 -0.0103967 0.999828 -0.0153823 -2.27155 -0.144901 0.0137144 0.989351 107.219 
0.983525 0.0099777 0.180497 -4.726 -0.00706808 0.999835 -0.0167558 -2.28688 -0.180635 0.015204 0.983433 107.586 
0.975704 0.00660661 0.218994 -4.61999 -0.00296228 0.999852 -0.0169652 -2.30238 -0.219073 0.0159043 0.975579 107.937 
0.965801 0.00455728 0.259245 -4.50369 9.93626e-05 0.999839 -0.0179462 -2.31272 -0.259285 0.0173582 0.965645 108.278 
0.953467 0.00537036 0.301451 -4.37972 0.000254416 0.999827 -0.0186165 -2.33092 -0.301498 0.0178269 0.9533 108.611 
0.9382 0.00748302 0.346013 -4.24302 -0.00095593 0.999818 -0.0190304 -2.34595 -0.346092 0.0175236 0.938037 108.926 
0.920397 0.00748674 0.390913 -4.08858 -0.000626801 0.999844 -0.017673 -2.3581 -0.390984 0.0160212 0.920258 109.233 
0.900044 0.00683486 0.435745 -3.91601 0.000391884 0.999864 -0.0164927 -2.36935 -0.435799 0.0150149 0.899919 109.528 
0.876656 0.0054918 0.481087 -3.734 0.0027731 0.999861 -0.016467 -2.38692 -0.48111 0.01577 0.876518 109.81 
0.851168 0.00594729 0.524859 -3.5392 0.00439069 0.99982 -0.0184495 -2.40232 -0.524874 0.0180081 0.850989 110.079 
0.823238 0.00814038 0.567638 -3.32977 0.00506772 0.999752 -0.0216868 -2.41837 -0.567673 0.0207301 0.822993 110.337 
0.792016 0.0129114 0.610364 -3.109 0.00373064 0.999655 -0.0259871 -2.43291 -0.610489 0.0228593 0.791695 110.593 
0.757728 0.0191197 0.65229 -2.87066 0.000649967 0.999548 -0.0300534 -2.44113 -0.65257 0.0231963 0.757374 110.842 
0.719686 0.0239708 0.693886 -2.61632 -0.001707 0.999462 -0.0327566 -2.45196 -0.694298 0.02239 0.71934 111.085 
0.679714 0.0243063 0.733075 -2.33907 0.000714387 0.999428 -0.0338 -2.46263 -0.733477 0.0234981 0.679308 111.307 
0.637908 0.0216364 0.769809 -2.04025 0.00496711 0.999469 -0.0322073 -2.4746 -0.770097 0.024369 0.637462 111.514 
0.593054 0.0198166 0.804919 -1.72767 0.00597256 0.999561 -0.029009 -2.4885 -0.805141 0.0220113 0.592675 111.714 
0.545979 0.0182078 0.837601 -1.40581 0.00661904 0.999639 -0.0260447 -2.50363 -0.837773 0.019764 0.545661 111.893 
0.497343 0.0157494 0.867411 -1.06688 0.00822859 0.999705 -0.0228694 -2.51654 -0.867515 0.0185115 0.497066 112.058 
0.445701 0.0120104 0.895102 -0.714196 0.0103493 0.999774 -0.0185681 -2.53155 -0.895122 0.0175395 0.445475 112.207 
0.393144 0.0121813 0.919396 -0.360415 0.00802952 0.999829 -0.0166805 -2.54817 -0.919442 0.0139401 0.392979 112.344 
0.341402 0.0170227 0.939763 0.00938707 0.00384367 0.999802 -0.0195065 -2.56457 -0.93991 0.0102717 0.341269 112.461 
0.290438 0.022248 0.956635 0.39078 0.00330107 0.9997 -0.0242517 -2.57234 -0.956888 0.0102015 0.290277 112.554 
0.243385 0.0244239 0.969622 0.781911 0.00443141 0.999645 -0.0262924 -2.58721 -0.96992 0.010696 0.24319 112.627 
0.201799 0.0239275 0.979135 1.19914 0.0117887 0.99957 -0.0268565 -2.60213 -0.979356 0.0169624 0.20143 112.685 
0.166664 0.0239315 0.985723 1.62461 0.0193946 0.999432 -0.0275435 -2.61459 -0.985823 0.0237082 0.166105 112.725 
0.136146 0.0250723 0.990372 2.06936 0.0237978 0.999309 -0.02857 -2.62649 -0.990403 0.0274583 0.135455 112.764 
0.107776 0.0236408 0.993894 2.54207 0.0213726 0.999431 -0.0260901 -2.64264 -0.993946 0.024054 0.107209 112.817 
0.0822368 0.0202089 0.996408 3.02608 0.0149507 0.999657 -0.0215087 -2.65599 -0.996501 0.0166658 0.0819065 112.86 
0.0585634 0.0164333 0.998148 3.53092 0.00985558 0.999806 -0.0170388 -2.67064 -0.998235 0.0108352 0.0583901 112.887 
0.0357359 0.0140829 0.999262 4.04886 0.0135115 0.999803 -0.0145737 -2.68824 -0.99927 0.0140223 0.0355386 112.896 
0.0151768 0.0147776 0.999776 4.58017 0.0208656 0.999668 -0.0150927 -2.70456 -0.999667 0.02109 0.0148634 112.892 
-0.00240671 0.0171149 0.999851 5.13744 0.0256592 0.999525 -0.0170475 -2.72421 -0.999668 0.0256143 -0.00284472 112.886 
-0.0166545 0.022617 0.999606 5.707 0.0262817 0.999409 -0.0221747 -2.73451 -0.999516 0.025902 -0.0172391 112.873 
-0.0274538 0.0272013 0.999253 6.30169 0.023526 0.99937 -0.0265581 -2.74975 -0.999346 0.0227793 -0.0280765 112.862 
-0.0337522 0.0267967 0.999071 6.9332 0.0261377 0.999322 -0.0259203 -2.76605 -0.999088 0.0252386 -0.0344297 112.846 
-0.0365115 0.0236493 0.999053 7.57789 0.0321471 0.99923 -0.0224786 -2.78713 -0.998816 0.031296 -0.0372437 112.826 
-0.0359931 0.0221635 0.999106 8.24371 0.0339609 0.999204 -0.0209422 -2.80216 -0.998775 0.0331768 -0.0367172 112.814 
-0.0340813 0.0217803 0.999182 8.92757 0.0327929 0.999249 -0.0206631 -2.82393 -0.998881 0.0320619 -0.03477 112.805 
-0.0326463 0.0218402 0.999228 9.61891 0.0292217 0.999355 -0.0208882 -2.85101 -0.99904 0.0285172 -0.0332634 112.801 
-0.0313745 0.0231494 0.99924 10.3363 0.0282515 0.999353 -0.022265 -2.86861 -0.999108 0.0275315 -0.0320082 112.794 
-0.0304983 0.0238981 0.999249 11.0695 0.0282973 0.999334 -0.0230364 -2.89324 -0.999134 0.0275734 -0.0311543 112.788 
-0.029417 0.0234955 0.999291 11.8186 0.0277859 0.999357 -0.0226791 -2.91676 -0.999181 0.0270991 -0.0300509 112.776 
-0.0289418 0.0221932 0.999335 12.579 0.0268246 0.999411 -0.0214179 -2.94186 -0.999221 0.0261869 -0.0295201 112.775 
-0.0283663 0.0210546 0.999376 13.3624 0.0277735 0.999409 -0.0202669 -2.96251 -0.999212 0.0271813 -0.0289343 112.765 
-0.0289515 0.0186515 0.999407 14.1516 0.0281684 0.999444 -0.0178362 -2.99064 -0.999184 0.0276353 -0.0294608 112.757 
-0.0301627 0.0170994 0.999399 14.9442 0.0254955 0.999542 -0.0163324 -3.01346 -0.99922 0.0249876 -0.0305848 112.752 
-0.0313779 0.0157503 0.999384 15.7384 0.0249083 0.999578 -0.0149712 -3.04536 -0.999197 0.0244232 -0.031757 112.745 
-0.032311 0.0132034 0.999391 16.5623 0.0275366 0.999545 -0.0123151 -3.06602 -0.999099 0.0271219 -0.0326599 112.715 
-0.0334205 0.0116739 0.999373 17.3833 0.0289193 0.999524 -0.0107085 -3.08645 -0.999023 0.0285432 -0.0337423 112.694 
-0.0353157 0.0108815 0.999317 18.2212 0.0264624 0.9996 -0.00994938 -3.10892 -0.999026 0.026093 -0.0355895 112.687 
-0.0364624 0.0157269 0.999211 19.0485 0.0232526 0.999619 -0.0148848 -3.12623 -0.999065 0.0226915 -0.0368142 112.678 
-0.0372935 0.0201866 0.9991 19.8825 0.0250193 0.999501 -0.0192607 -3.15294 -0.998991 0.0242785 -0.03778 112.66 
-0.0382774 0.0216061 0.999034 20.7295 0.0251177 0.999471 -0.0206532 -3.18038 -0.998951 0.0243029 -0.0387999 112.638 
-0.0395991 0.0194198 0.999027 21.5917 0.0216773 0.999593 -0.0185715 -3.21 -0.998981 0.0209208 -0.0400039 112.618 
-0.0406578 0.0151783 0.999058 22.45 0.0191105 0.999714 -0.0144105 -3.23696 -0.99899 0.0185065 -0.0409362 112.606 
-0.0407814 0.00968121 0.999121 23.3057 0.0174984 0.999807 -0.00897357 -3.26619 -0.999015 0.017117 -0.0409429 112.584 
-0.0410726 0.00407749 0.999148 24.1635 0.0137071 0.9999 -0.00351705 -3.28647 -0.999062 0.013551 -0.0411244 112.567 
-0.0412424 0.00254819 0.999146 25.0177 0.0108266 0.999939 -0.00210327 -3.31088 -0.999091 0.0107306 -0.0412675 112.556 
-0.0405216 0.00928757 0.999136 25.8633 0.0137846 0.999867 -0.00873527 -3.33983 -0.999084 0.0134187 -0.0406443 112.537 
-0.0394312 0.020536 0.999011 26.6926 0.0158408 0.999676 -0.0199244 -3.36394 -0.999097 0.0150395 -0.0397437 112.517 
-0.0390481 0.0256888 0.998907 27.5264 0.0176067 0.999532 -0.0250165 -3.38545 -0.999082 0.0166107 -0.0394821 112.503 
-0.0377266 0.0201789 0.999084 28.3785 0.0193095 0.999624 -0.0194606 -3.41683 -0.999102 0.0185577 -0.0381021 112.485 
-0.0367113 0.0123224 0.99925 29.2214 0.0226441 0.999678 -0.0114957 -3.44569 -0.999069 0.0222051 -0.0369785 112.467 
-0.0351981 0.00892179 0.999341 30.044 0.0239867 0.99968 -0.00807994 -3.47506 -0.999092 0.0236864 -0.0354008 112.442 
-0.0353613 0.00986347 0.999326 30.8696 0.0232634 0.999689 -0.00904382 -3.49655 -0.999104 0.022928 -0.0355798 112.427 
-0.0360284 0.0106736 0.999294 31.6821 0.020321 0.999744 -0.00994567 -3.52063 -0.999144 0.0199483 -0.0362361 112.414 
-0.0376976 0.011305 0.999225 32.4978 0.0185736 0.999771 -0.0106104 -3.53536 -0.999117 0.0181593 -0.037899 112.397 
-0.0401633 0.0111911 0.999131 33.3174 0.0179565 0.999784 -0.0104766 -3.56045 -0.999032 0.0175201 -0.0403556 112.384 
-0.0419165 0.0114453 0.999056 34.1264 0.0174194 0.999791 -0.0107228 -3.58684 -0.998969 0.0169535 -0.0421071 112.364 
-0.0440027 0.0117856 0.998962 34.9282 0.0155386 0.999818 -0.0111112 -3.61011 -0.998911 0.0150335 -0.0441778 112.348 
-0.0460467 0.0111556 0.998877 35.7447 0.0137313 0.99985 -0.0105335 -3.62998 -0.998845 0.0132309 -0.046193 112.33 
-0.0479411 0.00979755 0.998802 36.5421 0.0144033 0.999855 -0.00911649 -3.65436 -0.998746 0.013949 -0.0480753 112.306 
-0.0503152 0.0101967 0.998681 37.3444 0.0141074 0.999855 -0.00949792 -3.67534 -0.998634 0.0136109 -0.0504517 112.291 
-0.0516192 0.0111007 0.998605 38.1322 0.0138025 0.999851 -0.010401 -3.70061 -0.998571 0.0132463 -0.0517647 112.257 
-0.0525695 0.0113962 0.998552 38.9177 0.0145383 0.999838 -0.0106454 -3.72264 -0.998511 0.0139576 -0.0527266 112.236 
-0.0537485 0.0103044 0.998501 39.7044 0.0164098 0.999821 -0.00943464 -3.74707 -0.99842 0.0158781 -0.053908 112.205 
-0.0550383 0.00955669 0.998439 40.4873 0.0169365 0.999819 -0.00863625 -3.77013 -0.998341 0.0164347 -0.0551902 112.175 
-0.0563084 0.00910973 0.998372 41.2541 0.015307 0.999849 -0.00825984 -3.79253 -0.998296 0.014817 -0.0564393 112.149 
-0.0576173 0.00813367 0.998306 42.0074 0.0134256 0.999883 -0.00737162 -3.81521 -0.998249 0.0129781 -0.0577197 112.124 
-0.0582094 0.00694918 0.99828 42.7478 0.0123139 0.999905 -0.00624243 -3.83464 -0.998228 0.0119293 -0.0582894 112.096 
-0.0588254 0.00637977 0.998248 43.466 0.0124173 0.999907 -0.00565859 -3.8587 -0.998191 0.0120627 -0.0588992 112.067 
-0.0592057 0.00892909 0.998206 44.1722 0.0124095 0.999889 -0.00820807 -3.88068 -0.998169 0.0119013 -0.05931 112.041 
-0.059125 0.0117332 0.998182 44.8768 0.0125153 0.999861 -0.0110116 -3.90119 -0.998172 0.0118414 -0.0592636 112.014 
-0.059224 0.0132447 0.998157 45.5757 0.0108702 0.999861 -0.0126223 -3.92566 -0.998186 0.0101026 -0.0593598 111.988 
-0.0590597 0.0140183 0.998156 46.2696 0.0114551 0.999845 -0.0133642 -3.94919 -0.998189 0.0106447 -0.0592112 111.957 
-0.0589569 0.0139387 0.998163 46.9724 0.0130025 0.999828 -0.0131939 -3.97033 -0.998176 0.0122007 -0.059128 111.925 
-0.0592113 0.0134931 0.998154 47.6574 0.0137435 0.999825 -0.0127004 -3.99004 -0.998151 0.0129661 -0.0593864 111.898 
-0.0594017 0.0136629 0.998141 48.3502 0.0100559 0.999864 -0.013088 -4.00994 -0.998184 0.00925974 -0.059531 111.876 
-0.0588068 0.0139027 0.998173 49.0342 0.0074468 0.999881 -0.0134877 -4.03241 -0.998242 0.00664002 -0.0589033 111.849 
-0.0588691 0.0124632 0.998188 49.7154 0.00942733 0.999884 -0.0119284 -4.05541 -0.998221 0.00870803 -0.0589798 111.822 
-0.0597134 0.0118803 0.998145 50.4027 0.00962121 0.99989 -0.0113255 -4.07341 -0.998169 0.00892708 -0.0598211 111.792 
-0.0631821 0.0113444 0.997938 51.0775 0.00686272 0.999917 -0.0109323 -4.09616 -0.997978 0.00615784 -0.0632547 111.764 
-0.0682838 0.0108748 0.997607 51.7483 0.00313134 0.999938 -0.0106858 -4.12026 -0.997661 0.00239417 -0.0683137 111.734 
-0.0739769 0.0148347 0.99715 52.4274 0.00670054 0.999874 -0.0143781 -4.13634 -0.997237 0.00561779 -0.074067 111.69 
-0.0803517 0.0177841 0.996608 53.1007 0.00908065 0.999812 -0.0171091 -4.15252 -0.996725 0.0076751 -0.0804981 111.638 
-0.0874658 0.0193921 0.995979 53.7731 0.0083407 0.99979 -0.0187338 -4.17374 -0.996133 0.00666859 -0.0876091 111.588 
-0.0935585 0.0184494 0.995443 54.4554 0.00481035 0.999825 -0.0180784 -4.20022 -0.995602 0.00309704 -0.0936308 111.538 
-0.098706 0.0173464 0.994965 55.1425 0.00446002 0.999846 -0.016989 -4.22177 -0.995107 0.00276065 -0.0987682 111.48 
-0.103205 0.0180292 0.994497 55.8389 0.00208239 0.999837 -0.0179099 -4.24367 -0.994658 0.000222542 -0.103226 111.419 
-0.107265 0.017289 0.99408 56.5446 -0.000123417 0.999849 -0.0174026 -4.26384 -0.99423 -0.00198938 -0.107247 111.362 
-0.109843 0.0143492 0.993845 57.2578 0.000396505 0.999896 -0.0143927 -4.28 -0.993949 -0.00118688 -0.109837 111.296 
-0.111248 0.0112097 0.993729 57.9693 0.00235045 0.999937 -0.0110165 -4.30044 -0.99379 0.00111014 -0.111268 111.224 
-0.112509 0.00864807 0.993613 58.6925 0.00249461 0.999961 -0.00842081 -4.31755 -0.993648 0.00153126 -0.112526 111.155 
-0.11337 0.00857696 0.993516 59.4166 0.00164846 0.999963 -0.00844447 -4.33428 -0.993551 0.000680414 -0.11338 111.08 
-0.113798 0.0119655 0.993432 60.1563 0.00328998 0.999927 -0.0116668 -4.35432 -0.993498 0.00194071 -0.113829 111.012 
-0.11374 0.0160204 0.993381 60.8939 0.00916559 0.999844 -0.0150752 -4.37324 -0.993468 0.00739027 -0.113869 110.931 
-0.113953 0.0209021 0.993266 61.6363 0.0168587 0.999675 -0.0191028 -4.39719 -0.993343 0.0145683 -0.114268 110.846 
-0.114639 0.0220655 0.993162 62.3859 0.0174606 0.999644 -0.020194 -4.41903 -0.993254 0.0150262 -0.114984 110.77 
-0.114798 0.0198854 0.99319 63.1371 0.0156021 0.999712 -0.0182126 -4.44437 -0.993266 0.0134051 -0.115075 110.699 
-0.114326 0.015089 0.993329 63.8894 0.0161176 0.999781 -0.013332 -4.46963 -0.993313 0.0144858 -0.114545 110.62 
-0.113981 0.013226 0.993395 64.6386 0.0187281 0.999762 -0.0111618 -4.49252 -0.993306 0.0173321 -0.114202 110.539 
-0.114748 0.0130457 0.993309 65.3877 0.0190227 0.999759 -0.0109329 -4.51514 -0.993213 0.0176409 -0.114968 110.463 
-0.11621 0.0136911 0.99313 66.1296 0.0177571 0.999774 -0.0117049 -4.54156 -0.993066 0.0162749 -0.116427 110.39 
-0.118218 0.0146237 0.99288 66.8687 0.0171973 0.999772 -0.0126775 -4.56278 -0.992839 0.0155761 -0.118442 110.314 
-0.119937 0.0148867 0.99267 67.6172 0.0188462 0.999742 -0.0127156 -4.58549 -0.992603 0.017183 -0.120187 110.231 
-0.121437 0.0150051 0.992486 68.3591 0.0194662 0.999729 -0.0127328 -4.60843 -0.992408 0.0177737 -0.121696 110.145 
-0.123129 0.0144904 0.992285 69.0947 0.0190808 0.999743 -0.0122316 -4.63206 -0.992207 0.0174275 -0.123374 110.068 
-0.124744 0.0148767 0.992077 69.8469 0.0168025 0.999776 -0.0128793 -4.65284 -0.992047 0.0150628 -0.124966 109.993 
-0.125784 0.0164126 0.991922 70.606 0.0173328 0.999747 -0.0143441 -4.67764 -0.991906 0.0153885 -0.126037 109.909 
-0.12654 0.0168689 0.991818 71.3717 0.0163195 0.999756 -0.0149217 -4.70116 -0.991827 0.0142978 -0.126785 109.828 
-0.127841 0.0171816 0.991646 72.1426 0.0161328 0.999754 -0.0152422 -4.72137 -0.991664 0.0140495 -0.128087 109.746 
-0.128912 0.0154804 0.991535 72.9244 0.0167996 0.999769 -0.0134248 -4.74423 -0.991514 0.0149268 -0.129142 109.661 
-0.129965 0.0130443 0.991433 73.7047 0.0142033 0.999835 -0.0112929 -4.76888 -0.991417 0.0126139 -0.130129 109.577 
-0.131557 0.0112059 0.991245 74.4963 0.01141 0.999887 -0.0097892 -4.7848 -0.991243 0.0100222 -0.13167 109.492 
-0.134099 0.0106527 0.990911 75.2919 0.0128051 0.999877 -0.00901611 -4.80399 -0.990885 0.0114797 -0.134219 109.406 
-0.135806 0.0112236 0.990672 76.0838 0.0139992 0.999858 -0.00940852 -4.8258 -0.990637 0.0125909 -0.135944 109.311 
-0.137851 0.0124931 0.990374 76.8897 0.0133096 0.999854 -0.0107601 -4.84451 -0.990364 0.0116982 -0.137997 109.209 
-0.139301 0.0160973 0.990119 77.6967 0.0148756 0.999789 -0.0141616 -4.86822 -0.990138 0.0127559 -0.139511 109.11 
-0.139887 0.0201081 0.989963 78.5108 0.0168851 0.999697 -0.0179198 -4.8924 -0.990024 0.0142089 -0.140184 109.009 
-0.141132 0.0241196 0.989697 79.3264 0.0179573 0.999601 -0.0218002 -4.9166 -0.989828 0.0146956 -0.141509 108.913 
-0.14069 0.0251948 0.989733 80.1564 0.0201394 0.999542 -0.0225816 -4.94669 -0.989849 0.0167556 -0.141133 108.805 
-0.140034 0.0244993 0.989844 80.988 0.023862 0.999487 -0.0213621 -4.97809 -0.989859 0.0206282 -0.140547 108.698 
-0.139847 0.0227283 0.989912 81.8338 0.0245614 0.999509 -0.0194788 -5.00555 -0.989869 0.0215896 -0.140336 108.593 
-0.139354 0.0210698 0.990018 82.6794 0.0240672 0.99955 -0.017885 -5.03322 -0.98995 0.0213347 -0.139798 108.495 
-0.137503 0.0186942 0.990325 83.5328 0.0226537 0.99962 -0.0157242 -5.06135 -0.990242 0.0202724 -0.137874 108.394 
-0.135739 0.0152838 0.990627 84.3902 0.0229806 0.999661 -0.0122742 -5.08933 -0.990478 0.0210991 -0.136044 108.293 
-0.134284 0.012088 0.990869 85.255 0.0234266 0.999685 -0.00902072 -5.11069 -0.990666 0.0220014 -0.134525 108.195 
-0.132722 0.0116198 0.991085 86.0934 0.0216233 0.999727 -0.00882534 -5.13727 -0.990917 0.0202592 -0.132937 108.098 
-0.131189 0.0156427 0.991234 86.9573 0.0220808 0.999674 -0.0128535 -5.16312 -0.991111 0.020201 -0.131492 107.996 
-0.129259 0.0220655 0.991365 87.8119 0.023175 0.999547 -0.0192259 -5.18786 -0.99134 0.0204898 -0.129712 107.901 
-0.127709 0.0254673 0.991485 88.6685 0.0211862 0.999512 -0.0229446 -5.21826 -0.991585 0.0180756 -0.128187 107.808 
-0.126295 0.023212 0.991721 89.5311 0.0193994 0.999593 -0.0209257 -5.24436 -0.991803 0.0165959 -0.126694 107.716 
-0.125031 0.0206339 0.991938 90.394 0.0198481 0.999636 -0.0182922 -5.27664 -0.991954 0.017401 -0.125395 107.622 
-0.124237 0.0191373 0.992068 91.2658 0.0206072 0.999648 -0.0167028 -5.30316 -0.992039 0.0183686 -0.124588 107.525 
-0.123198 0.0188756 0.992203 92.1309 0.0203768 0.999656 -0.0164873 -5.33255 -0.992173 0.0181867 -0.123541 107.432 
-0.122583 0.018609 0.992284 92.999 0.0196148 0.999674 -0.0163244 -5.36753 -0.992264 0.0174624 -0.122908 107.341 
-0.121773 0.0168369 0.992415 93.8728 0.0224213 0.999648 -0.0142083 -5.3947 -0.992305 0.0205211 -0.122108 107.246 
-0.120258 0.0161665 0.992611 94.7422 0.0251412 0.999596 -0.0132343 -5.42309 -0.992424 0.0233639 -0.120616 107.144 
-0.118942 0.0173844 0.992749 95.6095 0.0276687 0.999516 -0.0141879 -5.45611 -0.992516 0.0257806 -0.119365 107.039 
-0.117674 0.0195065 0.992861 96.475 0.0284889 0.999462 -0.0162596 -5.48281 -0.992644 0.0263722 -0.118167 106.943 
-0.116525 0.0208131 0.99297 97.3391 0.0254753 0.999514 -0.0179607 -5.51735 -0.992861 0.0232033 -0.116998 106.851 
-0.115653 0.0164258 0.993154 98.1997 0.0203381 0.999693 -0.0141655 -5.54819 -0.993081 0.0185606 -0.115952 106.772 
-0.11555 0.0142836 0.993199 99.062 0.0161033 0.999792 -0.0125049 -5.58371 -0.993171 0.0145488 -0.115756 106.69 
-0.116306 0.0145529 0.993107 99.9166 0.0126265 0.999834 -0.0131727 -5.61399 -0.993133 0.0110073 -0.116471 106.605 
-0.117208 0.0192925 0.99292 100.76 0.00972045 0.999786 -0.0182784 -5.64268 -0.99306 0.00750924 -0.11737 106.525 
-0.117745 0.0214687 0.992812 101.599 0.00941517 0.999746 -0.020502 -5.67697 -0.992999 0.00693347 -0.117917 106.438 
-0.118185 0.0219026 0.99275 102.443 0.0101076 0.999731 -0.0208533 -5.70846 -0.99294 0.00756976 -0.118375 106.354 
-0.11758 0.0211549 0.992838 103.284 0.0120007 0.99973 -0.0198805 -5.74395 -0.992991 0.00957719 -0.117802 106.253 
-0.117844 0.0219096 0.99279 104.113 0.0135728 0.999699 -0.0204509 -5.77569 -0.992939 0.0110649 -0.118106 106.162 
-0.118163 0.02518 0.992675 104.935 0.0150085 0.99961 -0.0235693 -5.80922 -0.992881 0.0121136 -0.118495 106.076 
-0.11875 0.0264705 0.992571 105.749 0.0146298 0.999583 -0.0249072 -5.84368 -0.992816 0.0115634 -0.119088 105.993 
-0.120093 0.0268709 0.992399 106.57 0.0130215 0.99959 -0.0254898 -5.8776 -0.992677 0.00986139 -0.120394 105.918 
-0.122155 0.0257626 0.992177 107.378 0.0116372 0.999632 -0.0245234 -5.9117 -0.992443 0.00855049 -0.12241 105.833 
-0.125518 0.0271067 0.991721 108.181 0.0115341 0.999599 -0.0258622 -5.94655 -0.992024 0.00819246 -0.12578 105.756 
-0.128993 0.0296872 0.991201 108.978 0.0110763 0.999533 -0.0284953 -5.98371 -0.991584 0.00730319 -0.129262 105.674 
-0.132483 0.0311429 0.990696 109.764 0.00951924 0.9995 -0.0301467 -6.0177 -0.99114 0.00543674 -0.132713 105.589 
-0.135864 0.0311577 0.990237 110.549 0.00990608 0.999498 -0.0300899 -6.05239 -0.990678 0.00572122 -0.136105 105.5 
-0.13855 0.0300643 0.989899 111.332 0.011318 0.999522 -0.0287724 -6.08739 -0.990291 0.00721726 -0.138824 105.401 
-0.141127 0.0309117 0.989509 112.109 0.0127623 0.999486 -0.0294032 -6.12422 -0.989909 0.00847879 -0.141449 105.302 
-0.142732 0.0350403 0.989141 112.882 0.00791809 0.999382 -0.0342605 -6.16881 -0.98973 0.00294202 -0.142921 105.209 
-0.144414 0.0419164 0.988629 113.655 0.00577219 0.999121 -0.0415181 -6.21226 -0.9895 -0.000289255 -0.144529 105.117 
-0.146748 0.0451764 0.988142 114.42 0.0101638 0.998973 -0.0441621 -6.24773 -0.989122 0.00356253 -0.147057 105.005 
-0.149349 0.0433179 0.987835 115.192 0.0122607 0.999044 -0.0419557 -6.28601 -0.988709 0.00584547 -0.149737 104.896 
-0.152392 0.0355015 0.987682 115.965 0.01073 0.999355 -0.0342655 -6.33322 -0.988262 0.00537605 -0.152675 104.793 
-0.154587 0.0333777 0.987415 116.736 0.00957645 0.999433 -0.0322846 -6.37864 -0.987933 0.00446513 -0.154819 104.686 
-0.156283 0.0364587 0.987039 117.499 0.00908584 0.999329 -0.035474 -6.41634 -0.98767 0.00342408 -0.15651 104.579 
-0.158916 0.0399206 0.986485 118.257 0.00644686 0.999203 -0.0393967 -6.45512 -0.987271 9.89605e-05 -0.159047 104.474 
-0.161333 0.0423457 0.985991 119.005 0.00590138 0.999103 -0.0419431 -6.49884 -0.986883 -0.000948088 -0.161438 104.364 
-0.163077 0.0464008 0.985522 119.747 0.00963462 0.998921 -0.0454374 -6.54662 -0.986566 0.00208532 -0.163348 104.247 
-0.164946 0.0511623 0.984975 120.498 0.0100966 0.998689 -0.0501838 -6.58894 -0.986251 0.00166728 -0.165247 104.139 
-0.167645 0.0535446 0.984392 121.24 0.00954824 0.998565 -0.0526894 -6.63366 -0.985801 0.000566118 -0.167915 104.025 
-0.170351 0.0511479 0.984055 121.985 0.0100556 0.99869 -0.0501678 -6.68103 -0.985332 0.00134915 -0.170642 103.918 
-0.174057 0.0477242 0.983578 122.73 0.0145585 0.998841 -0.0458884 -6.72835 -0.984628 0.00633218 -0.17455 103.791 
-0.179915 0.0466089 0.982577 123.472 0.0167789 0.998877 -0.0443097 -6.76949 -0.983539 0.00851456 -0.180495 103.669 
-0.186268 0.045402 0.981449 124.207 0.0154798 0.998943 -0.0432734 -6.81294 -0.982377 0.00713219 -0.186774 103.549 
-0.194584 0.0459686 0.979808 124.939 0.0143754 0.998928 -0.0440107 -6.85388 -0.980781 0.00552136 -0.195036 103.415 
-0.204975 0.0464088 0.977666 125.659 0.0137153 0.998913 -0.0445418 -6.89808 -0.978671 0.00427902 -0.205389 103.274 
-0.217274 0.0474694 0.974956 126.377 0.0143079 0.998864 -0.0454449 -6.94035 -0.976006 0.00407559 -0.217706 103.13 
-0.229767 0.0479889 0.972062 127.089 0.0150312 0.99884 -0.0457579 -6.98569 -0.97313 0.00409755 -0.230222 102.968 
-0.241373 0.0481183 0.969239 127.799 0.0183484 0.998818 -0.0450174 -7.03007 -0.970259 0.00691804 -0.241971 102.791 
-0.252118 0.0480606 0.966502 128.506 0.0218283 0.998794 -0.0439722 -7.07586 -0.96745 0.0100109 -0.252863 102.607 
-0.262372 0.0481904 0.963763 129.206 0.0260131 0.998743 -0.0428577 -7.1185 -0.964616 0.0138258 -0.263295 102.42 
-0.270848 0.0486496 0.961392 129.904 0.0321051 0.998623 -0.0414887 -7.16577 -0.962087 0.0196285 -0.272037 102.222 
-0.278503 0.0486291 0.959203 130.596 0.0370975 0.998517 -0.0398509 -7.2077 -0.959719 0.0244854 -0.279894 102.024 
-0.284973 0.0487172 0.957297 131.284 0.0368258 0.998527 -0.0398528 -7.2493 -0.957828 0.0238962 -0.286348 101.831 
-0.289479 0.0465616 0.956051 131.973 0.0408411 0.998507 -0.0362632 -7.29072 -0.956313 0.0285487 -0.290949 101.625 
-0.291131 0.0442333 0.95566 132.655 0.0470814 0.998383 -0.0318679 -7.3226 -0.955524 0.0357161 -0.292742 101.413 
-0.292328 0.0428874 0.955356 133.335 0.0533469 0.99817 -0.0284858 -7.35756 -0.954829 0.0426381 -0.294081 101.208 
-0.2931 0.0414178 0.955184 134.008 0.0555978 0.998109 -0.0262188 -7.39403 -0.954464 0.0454214 -0.294848 101.006 
-0.292202 0.0467835 0.955212 134.672 0.058277 0.997818 -0.0310432 -7.42723 -0.95458 0.046596 -0.29429 100.804 
-0.290934 0.0501448 0.955428 135.333 0.0583253 0.997698 -0.0346028 -7.45893 -0.954964 0.0456585 -0.293189 100.614 
-0.290149 0.0498169 0.955684 135.997 0.0604665 0.997603 -0.0336441 -7.49598 -0.955069 0.048025 -0.292466 100.421 
-0.288198 0.0482046 0.956357 136.66 0.0612555 0.997615 -0.0318249 -7.53001 -0.95561 0.0494102 -0.290463 100.228 
-0.286438 0.0453787 0.957024 137.313 0.0633124 0.997591 -0.0283528 -7.56912 -0.956005 0.0524701 -0.288621 100.041 
-0.285233 0.0459175 0.957358 137.958 0.0639389 0.997538 -0.0287948 -7.60531 -0.956323 0.0529992 -0.287466 99.8586 
-0.28282 0.0486563 0.957938 138.598 0.0651745 0.997379 -0.0314176 -7.63477 -0.956956 0.0535476 -0.28525 99.682 
-0.27804 0.0503827 0.959247 139.236 0.0668103 0.997219 -0.033012 -7.66585 -0.958243 0.0549089 -0.280633 99.499 
-0.272859 0.049327 0.960789 139.872 0.067885 0.997183 -0.0319164 -7.70079 -0.959656 0.0565144 -0.275439 99.3311 
-0.267382 0.0477537 0.962407 140.505 0.0700684 0.997091 -0.0300078 -7.73442 -0.96104 0.0594107 -0.26995 99.1646 
-0.26278 0.0458364 0.963767 141.132 0.0700689 0.99714 -0.0283187 -7.76585 -0.962308 0.0600885 -0.26524 99.0072 
-0.258811 0.0447202 0.964892 141.756 0.0695494 0.997198 -0.0275623 -7.80116 -0.963421 0.0599742 -0.261196 98.855 
-0.254999 0.0434612 0.965964 142.376 0.0706071 0.997159 -0.0262255 -7.82909 -0.96436 0.0615164 -0.257344 98.703 
-0.25099 0.0420913 0.967074 142.99 0.0738372 0.996976 -0.0242294 -7.8557 -0.965169 0.0653247 -0.253339 98.5513 
-0.247484 0.0402173 0.968057 143.591 0.0747741 0.996951 -0.0223017 -7.88369 -0.966002 0.0668663 -0.249737 98.4079 
-0.244177 0.0388567 0.968952 144.193 0.0733804 0.997072 -0.0214924 -7.91074 -0.96695 0.0658541 -0.246314 98.2696 
-0.240895 0.0397435 0.969737 144.791 0.0702275 0.997256 -0.0234258 -7.94201 -0.968007 0.062459 -0.243025 98.1409 
-0.236243 0.0432109 0.970733 145.384 0.0717588 0.997059 -0.026919 -7.97059 -0.969041 0.0632992 -0.238649 98.0102 
-0.23072 0.0464304 0.971912 145.966 0.0736963 0.996826 -0.030126 -7.997 -0.970225 0.0646756 -0.233409 97.8825 
-0.224052 0.0473648 0.973426 146.541 0.0727985 0.996841 -0.0317481 -8.02229 -0.971854 0.0637507 -0.226792 97.7672 
