1 2.12261e-08 -2.11895e-08 0 2.12261e-08 1 2.10703e-08 0 -2.11895e-08 2.10703e-08 1 0 
0.999997 0.0011103 0.00221194 -0.0264153 -0.00110788 0.999999 -0.00107499 -0.0167435 -0.00221317 0.00107258 0.999997 1.22246 
0.999993 0.00146806 0.00335653 -0.0439544 -0.00146614 0.999999 -0.000559588 -0.0385109 -0.00335739 0.000554705 0.999994 2.4215 
0.99999 0.00107749 0.0043874 -0.0598871 -0.00107709 0.999999 -8.33408e-05 -0.0583713 -0.00438753 7.86563e-05 0.99999 3.62514 
0.999989 0.000339506 0.00472641 -0.0694227 -0.000338587 1 -0.000186349 -0.0784924 -0.00472652 0.000184788 0.999989 4.82889 
0.999985 -4.58419e-05 0.00541792 -0.0785126 4.60698e-05 1 -3.40757e-05 -0.1008 -0.00541796 3.43668e-05 0.999985 6.0458 
0.999982 0.000692607 0.00596019 -0.0832344 -0.000686451 0.999999 -0.00102767 -0.119431 -0.00596094 0.0010236 0.999982 7.24711 
0.999977 0.000311683 0.0067167 -0.0972065 -0.000301435 0.999999 -0.00152029 -0.140359 -0.0067172 0.00151828 0.999976 8.46501 
0.999978 -0.000114386 0.00670341 -0.111777 0.000115736 1 -0.000194654 -0.157042 -0.00670343 0.000195467 0.999978 9.66584 
0.999983 -0.00067448 0.00582259 -0.148863 0.000671546 1 0.000513178 -0.168446 -0.00582298 -0.000509217 0.999983 10.8655 
0.999991 -0.00125667 0.00396136 -0.179098 0.00125662 0.999999 2.56186e-05 -0.191033 -0.00396143 -2.05983e-05 0.999992 12.0705 
0.999998 -0.00076026 0.00202266 -0.193906 0.000761434 1 -0.000558629 -0.208968 -0.00202227 0.00056021 0.999998 13.2822 
0.999999 -0.000756841 0.000850276 -0.22049 0.000757362 1 -0.000562327 -0.231896 -0.000849892 0.000563013 1 14.4965 
1 0.000562922 -0.000183819 -0.24408 -0.000563024 1 -0.000783406 -0.25156 0.000183336 0.000783552 1 15.7023 
1 5.82885e-05 -0.000551598 -0.272262 -5.86537e-05 1 -0.000738983 -0.276416 0.000551513 0.000739057 1 16.918 
0.999999 -0.000489526 -0.00107271 -0.299725 0.000489322 1 -0.000230205 -0.29875 0.00107278 0.000229722 0.999999 18.1358 
0.999999 -0.00054832 -0.00114077 -0.332574 0.000548247 1 -0.000102004 -0.318731 0.00114079 0.000101421 0.999999 19.3571 
0.999999 -0.000399457 -0.00151488 -0.366875 0.000397911 0.999999 -0.00104856 -0.339978 0.00151526 0.001048 0.999998 20.5641 
0.999997 -0.000995281 -0.00218125 -0.381542 0.000991185 0.999998 -0.00189741 -0.362479 0.00218309 0.00189529 0.999996 21.7988 
0.999996 0.000530597 -0.00294624 -0.41038 -0.000535442 0.999999 -0.00165819 -0.381898 0.00294531 0.0016598 0.999994 23.0122 
0.999993 0.000386178 -0.0036431 -0.440285 -0.000391758 0.999999 -0.00154245 -0.409782 0.00364246 0.00154391 0.999992 24.2153 
0.999989 0.000265238 -0.00468859 -0.460777 -0.000274953 0.999998 -0.00208068 -0.436388 0.00468799 0.00208199 0.999987 25.4361 
0.999985 0.000744832 -0.00539387 -0.489772 -0.000751962 0.999999 -0.00132785 -0.460825 0.00539283 0.00133193 0.999985 26.6456 
0.999982 -0.000103397 -0.00603895 -0.515206 0.000105814 1 0.000392825 -0.478854 0.00603887 -0.000393414 0.999982 27.8568 
0.999975 -0.000713804 -0.00706902 -0.54195 0.000718097 1 0.00059875 -0.504671 0.00706854 -0.000603769 0.999975 29.0741 
0.999964 -0.00176707 -0.00826191 -0.564109 0.00176549 0.999998 -0.000203766 -0.525397 0.00826221 0.000189214 0.999966 30.2789 
0.999955 -0.0024126 -0.00920199 -0.594747 0.00240228 0.999997 -0.00113657 -0.545321 0.00920465 0.00111446 0.999957 31.5029 
0.99995 -0.00188883 -0.00985954 -0.625981 0.00187632 0.999997 -0.0012828 -0.558728 0.00986189 0.00126428 0.999951 32.7017 
0.999945 -0.001769 -0.0103443 -0.65727 0.0017623 0.999998 -0.00066079 -0.583024 0.0103454 0.000642566 0.999946 33.9156 
0.999942 -0.00217867 -0.0105639 -0.700201 0.0021755 0.999998 -0.000315059 -0.608849 0.0105645 0.000292101 0.999944 35.1303 
0.999933 -0.00267361 -0.0112434 -0.729193 0.0026703 0.999996 -0.000313522 -0.633233 0.0112441 0.000283521 0.999937 36.3296 
0.99992 -0.00364121 -0.012153 -0.755829 0.00363556 0.999993 -0.000490146 -0.653634 0.0121546 0.000445966 0.999926 37.5347 
0.99991 -0.00479601 -0.0124967 -0.78605 0.00479714 0.999989 5.68935e-05 -0.676151 0.0124963 -0.000116794 0.999922 38.7428 
0.99991 -0.004551 -0.0126168 -0.819936 0.00456837 0.999989 0.00134484 -0.697891 0.0126105 -0.00140231 0.99992 39.9434 
0.999913 -0.00434817 -0.0124737 -0.858853 0.00437611 0.999988 0.00221018 -0.720721 0.0124639 -0.00226453 0.99992 41.1673 
0.999915 -0.00384298 -0.0124266 -0.898624 0.0038653 0.999991 0.0017692 -0.74324 0.0124196 -0.00181704 0.999921 42.3839 
0.999926 -0.00301863 -0.0117895 -0.942405 0.00304314 0.999993 0.00205769 -0.767775 0.0117832 -0.00209337 0.999928 43.6093 
0.999938 -0.000439873 -0.011111 -0.98549 0.000478589 0.999994 0.00347824 -0.780725 0.0111093 -0.0034833 0.999932 44.8227 
0.999947 -0.000847952 -0.0102597 -1.00429 0.000913017 0.99998 0.0063347 -0.795538 0.010254 -0.00634369 0.999927 46.0341 
0.999965 -0.000617763 -0.00828896 -1.04447 0.000696023 0.999955 0.00943684 -0.815047 0.00828271 -0.00944224 0.999921 47.2497 
0.99998 0.00020154 -0.00630271 -1.08327 -0.000120765 0.999918 0.0128071 -0.819832 0.00630473 -0.012806 0.999898 48.4675 
0.999987 -0.000463755 -0.00505942 -1.09631 0.000534211 0.999903 0.0139249 -0.823356 0.00505242 -0.0139273 0.99989 49.7092 
0.999991 -0.00245436 -0.00358263 -1.11675 0.00249778 0.999923 0.0121555 -0.82334 0.00355248 -0.0121643 0.99992 50.9276 
0.999994 -0.00183552 -0.00286062 -1.13488 0.00186591 0.999942 0.0106403 -0.831539 0.00284088 -0.0106456 0.999939 52.1353 
0.999997 -0.00146676 -0.00182162 -1.1679 0.00148517 0.999948 0.0101258 -0.839881 0.00180663 -0.0101284 0.999947 53.3455 
0.999997 -0.00188693 -0.00184918 -1.1871 0.00190473 0.999952 0.00964881 -0.848845 0.00183085 -0.00965226 0.999952 54.5597 
0.999993 -0.00274933 -0.00271427 -1.21113 0.00277254 0.999959 0.0085675 -0.859109 0.00269056 -0.00857492 0.99996 55.7781 
0.999987 -0.00257291 -0.00433567 -1.23894 0.00261163 0.999957 0.00894012 -0.86901 0.00431244 -0.00895129 0.999951 56.9885 
0.999981 -0.00249174 -0.00570577 -1.26682 0.00254926 0.999946 0.0100873 -0.879334 0.00568028 -0.0101016 0.999933 58.2072 
0.999975 -0.00282128 -0.00655514 -1.3015 0.00288993 0.999941 0.0104807 -0.889489 0.00652514 -0.0104993 0.999924 59.4264 
0.999971 -0.00203107 -0.00738408 -1.33274 0.00210492 0.999948 0.0100019 -0.898449 0.00736334 -0.0100172 0.999923 60.6459 
0.99997 -0.00174938 -0.00753844 -1.37072 0.00182494 0.999948 0.0100225 -0.910404 0.00752048 -0.0100359 0.999921 61.8638 
0.999972 -0.0020835 -0.00724774 -1.40291 0.00215287 0.999952 0.00957144 -0.919208 0.0072274 -0.00958673 0.999928 63.0799 
0.999967 -0.0033041 -0.00737735 -1.42944 0.00336784 0.999957 0.00863879 -0.930569 0.00734845 -0.00866331 0.999936 64.3037 
0.999962 -0.00354446 -0.00797641 -1.4576 0.00362351 0.999944 0.0099124 -0.941235 0.00794079 -0.00994089 0.999919 65.5122 
0.999957 -0.00413381 -0.00828033 -1.48789 0.0042312 0.999922 0.0117743 -0.959779 0.00823097 -0.0118088 0.999896 66.7258 
0.999958 -0.00318126 -0.00855101 -1.51938 0.00326708 0.999944 0.010036 -0.967905 0.00851857 -0.0100635 0.999913 67.9354 
0.999966 -0.00153671 -0.00815563 -1.56131 0.00161105 0.999957 0.00911033 -0.984566 0.00814124 -0.00912311 0.999925 69.1441 
0.999969 0.000591668 -0.00781014 -1.60063 -0.000518302 0.999956 0.00938697 -0.992642 0.00781531 -0.00938259 0.999925 70.3404 
0.999969 0.00235004 -0.00748505 -1.63977 -0.00227878 0.999952 0.00950837 -1.00372 0.007507 -0.00949098 0.999927 71.5289 
0.999967 0.00454142 -0.00670981 -1.67995 -0.00447449 0.999941 0.00995001 -1.01177 0.00675456 -0.00991962 0.999928 72.7261 
0.999972 0.00488437 -0.00560192 -1.70956 -0.00482374 0.99993 0.0107791 -1.02027 0.00565414 -0.0107517 0.999926 73.9155 
0.999969 0.00715932 -0.00316707 -1.74529 -0.00712262 0.999909 0.0114379 -1.02593 0.00324863 -0.011415 0.99993 75.1117 
0.999982 0.00602806 -0.000131736 -1.77117 -0.00602658 0.999941 0.00907442 -1.03414 0.000186387 -0.00907342 0.999959 76.3028 
0.999992 0.00305959 0.00261695 -1.79015 -0.00307048 0.999987 0.00418545 -1.04677 -0.00260415 -0.00419341 0.999988 77.4703 
0.999979 0.00407867 0.00500949 -1.80485 -0.00409697 0.999985 0.00365797 -1.05972 -0.00499454 -0.00367837 0.999981 78.6446 
0.999962 0.00353561 0.00793713 -1.82073 -0.00359178 0.999969 0.00708021 -1.07637 -0.00791189 -0.00710841 0.999943 79.8264 
0.999923 0.00454846 0.011525 -1.83938 -0.00464244 0.999956 0.00814455 -1.08518 -0.0114875 -0.00819739 0.9999 81.0277 
0.99985 0.00517663 0.0165389 -1.85297 -0.00528135 0.999966 0.00629702 -1.09771 -0.0165058 -0.00638338 0.999843 82.1753 
0.999786 0.00434175 0.0202098 -1.85079 -0.00441272 0.999984 0.00347051 -1.11646 -0.0201945 -0.0035589 0.99979 83.3409 
0.999706 0.00313723 0.0240435 -1.85676 -0.00313742 0.999995 -2.80674e-05 -1.13956 -0.0240435 -4.73337e-05 0.999711 84.5195 
0.999622 0.00233974 0.0274094 -1.84612 -0.00231855 0.999997 -0.000803069 -1.16271 -0.0274113 0.000739256 0.999624 85.7153 
0.999502 0.00214808 0.0314872 -1.83873 -0.00218323 0.999997 0.00108334 -1.18798 -0.0314848 -0.0011515 0.999504 86.8949 
0.999383 0.00309894 0.0349931 -1.82077 -0.00314776 0.999994 0.00134155 -1.2051 -0.0349888 -0.00145083 0.999387 88.0684 
0.999226 0.00306157 0.0392289 -1.80091 -0.00303462 0.999995 -0.00074551 -1.22982 -0.039231 0.000625929 0.99923 89.2398 
0.999109 0.00236386 0.0421468 -1.76884 -0.00223497 0.999993 -0.00310399 -1.25383 -0.0421539 0.00300706 0.999107 90.3977 
0.998976 0.00236263 0.0451853 -1.73786 -0.00221875 0.999992 -0.00323305 -1.2802 -0.0451926 0.00312953 0.998973 91.5631 
0.998836 0.00120543 0.0482188 -1.70136 -0.00110582 0.999997 -0.00209172 -1.29814 -0.0482212 0.002036 0.998835 92.7377 
0.998696 0.000173484 0.0510564 -1.66666 -0.000133822 1 -0.000779397 -1.31832 -0.0510565 0.000771589 0.998696 93.902 
0.998571 -0.000559219 0.053443 -1.61918 0.00052106 1 0.00072877 -1.33505 -0.0534435 -0.000699841 0.998571 95.0757 
0.998428 -0.0015401 0.056028 -1.57264 0.00144851 0.999998 0.00167619 -1.3527 -0.0560305 -0.00159236 0.998428 96.2431 
0.998284 -0.00264158 0.058498 -1.53032 0.00269065 0.999996 -0.000759321 -1.3681 -0.0584959 0.000915456 0.998287 97.4031 
0.998132 -0.00416012 0.0609526 -1.47751 0.00441819 0.999982 -0.00409901 -1.39164 -0.0609345 0.00436069 0.998132 98.5785 
0.998005 -0.00306939 0.0630637 -1.42921 0.00352508 0.999969 -0.00711516 -1.41184 -0.0630399 0.0073233 0.997984 99.7453 
0.997899 -0.00297546 0.0647148 -1.37368 0.00349867 0.999962 -0.00797239 -1.43848 -0.0646887 0.0081821 0.997872 100.927 
0.997872 -0.00305142 0.0651251 -1.31686 0.00352833 0.999968 -0.00720853 -1.47166 -0.0651011 0.00742302 0.997851 102.111 
0.997903 -0.00307452 0.0646589 -1.27162 0.00342767 0.99998 -0.00535087 -1.49527 -0.0646412 0.00556132 0.997893 103.324 
0.997981 -0.00342356 0.0634173 -1.21336 0.00370265 0.999984 -0.00428314 -1.51543 -0.0634017 0.00450935 0.997978 104.53 
0.998095 -0.0034517 0.0616009 -1.16294 0.00365648 0.999988 -0.00321113 -1.54298 -0.0615891 0.0034303 0.998096 105.744 
0.99824 -0.00320294 0.0592176 -1.10866 0.00336888 0.999991 -0.00270181 -1.56502 -0.0592084 0.00289659 0.998241 106.973 
0.998414 -0.00297293 0.0562281 -1.0608 0.00314189 0.999991 -0.00291599 -1.5856 -0.0562189 0.00308807 0.998414 108.211 
0.998606 -0.00146625 0.0527726 -1.03226 0.00164755 0.999993 -0.00339116 -1.60967 -0.0527673 0.00347342 0.998601 109.424 
0.998792 -0.00156523 0.0491214 -1.0007 0.00171914 0.999994 -0.00309035 -1.63005 -0.0491163 0.0031711 0.998788 110.628 
0.998941 -0.000208057 0.0460048 -0.988783 0.000321562 0.999997 -0.00245891 -1.65076 -0.0460042 0.00247114 0.998938 111.821 
0.999111 0.000157466 0.0421574 -0.966928 -9.04609e-05 0.999999 -0.00159028 -1.67244 -0.0421576 0.0015851 0.99911 113.039 
0.999271 0.000241658 0.0381833 -0.958077 -0.000203934 1 -0.000990719 -1.69545 -0.0381836 0.000982251 0.99927 114.299 
0.999423 0.0011954 0.0339394 -0.966974 -0.00115379 0.999999 -0.00124416 -1.71109 -0.0339409 0.00120432 0.999423 115.561 
0.999571 0.00202417 0.0292211 -0.963535 -0.00199057 0.999997 -0.00117755 -1.73261 -0.0292234 0.00111892 0.999572 116.812 
0.999697 0.00230707 0.0245191 -0.968215 -0.0022681 0.999996 -0.001615 -1.75665 -0.0245228 0.00155894 0.999698 118.081 
0.999793 0.00301943 0.0201318 -0.967011 -0.00297531 0.999993 -0.00221885 -1.77898 -0.0201384 0.00215854 0.999795 119.321 
0.999841 0.00512885 0.0170553 -0.981801 -0.00509073 0.999984 -0.00227547 -1.80595 -0.0170667 0.00218832 0.999852 120.562 
0.999863 0.00691352 0.0150739 -0.990893 -0.00688431 0.999974 -0.00198614 -1.83404 -0.0150872 0.00188214 0.999884 121.806 
0.999867 0.00835088 0.0139967 -0.997652 -0.00831663 0.999962 -0.00250043 -1.85144 -0.0140171 0.00238374 0.999899 123.074 
0.999857 0.0110917 0.0128004 -1.0082 -0.0110617 0.999936 -0.00240967 -1.86913 -0.0128264 0.00226777 0.999915 124.316 
0.999849 0.0124936 0.012072 -1.01656 -0.012476 0.999921 -0.00153037 -1.88995 -0.0120902 0.00137957 0.999926 125.589 
0.999857 0.0125713 0.0113498 -1.02031 -0.0125585 0.99992 -0.00119363 -1.91009 -0.0113639 0.00105096 0.999935 126.846 
0.999802 0.0166927 0.0107896 -1.04236 -0.0167013 0.99986 0.000715554 -1.92799 -0.0107762 -0.000895572 0.999942 128.099 
0.999793 0.0175181 0.0103408 -1.06137 -0.0175583 0.999839 0.0038166 -1.94395 -0.0102723 -0.00399734 0.999939 129.376 
0.999818 0.0163804 0.00975525 -1.07508 -0.0164156 0.999859 0.0035508 -1.96017 -0.00969575 -0.00371025 0.999946 130.643 
0.999819 0.0165878 0.00929252 -1.087 -0.0166072 0.99986 0.00201788 -1.97316 -0.00925779 -0.00217179 0.999955 131.932 
0.999871 0.0135754 0.00853326 -1.09691 -0.0136005 0.999903 0.00289236 -1.98527 -0.00849322 -0.003008 0.999959 133.208 
0.999896 0.0118881 0.00815027 -1.12782 -0.0119252 0.999919 0.00451768 -1.9916 -0.00809594 -0.00461436 0.999957 134.515 
0.999939 0.0082634 0.00733638 -1.13074 -0.00830966 0.999946 0.00630362 -2.00488 -0.00728394 -0.00636415 0.999953 135.796 
0.999957 0.00653589 0.00660741 -1.13962 -0.00658525 0.99995 0.00748281 -2.02007 -0.00655822 -0.00752595 0.99995 137.077 
0.999976 0.00245901 0.00651345 -1.14642 -0.00249552 0.999981 0.00561072 -2.03086 -0.00649958 -0.00562679 0.999963 138.344 
0.999975 -0.00017301 0.00711009 -1.16952 0.00014087 0.99999 0.00452648 -2.04363 -0.00711085 -0.00452532 0.999965 139.604 
0.99997 -0.000773001 0.00770056 -1.1841 0.000740242 0.999991 0.00426162 -2.05844 -0.00770382 -0.00425575 0.999961 140.885 
0.999966 -0.00107714 0.00818894 -1.19908 0.0010412 0.99999 0.00439786 -2.07365 -0.00819364 -0.00438914 0.999957 142.17 
0.999962 -0.000862725 0.00869755 -1.21408 0.000805804 0.999978 0.00655066 -2.09241 -0.00870305 -0.00654336 0.999941 143.442 
0.999954 0.00155444 0.00942327 -1.22842 -0.00162825 0.999968 0.00783455 -2.10458 -0.00941084 -0.0078495 0.999925 144.715 
0.999948 0.00177651 0.010017 -1.24122 -0.00183859 0.999979 0.00619628 -2.12125 -0.0100059 -0.00621434 0.999931 146.005 
0.999943 0.00207928 0.0105008 -1.25143 -0.00212415 0.999989 0.00426729 -2.1342 -0.0104919 -0.00428931 0.999936 147.304 
0.999936 0.00214745 0.011114 -1.26363 -0.0021656 0.999996 0.00162537 -2.15444 -0.0111105 -0.0016493 0.999937 148.59 
0.999933 0.00146069 0.0115201 -1.2716 -0.00143689 0.999997 -0.00207061 -2.1927 -0.0115232 0.00205396 0.999932 149.877 
0.999927 0.00151661 0.0119648 -1.28169 -0.00144512 0.999981 -0.00597796 -2.209 -0.0119737 0.00596028 0.999911 151.191 
0.999924 0.00120652 0.0122952 -1.29693 -0.00112391 0.999977 -0.00671968 -2.23974 -0.0123031 0.00670539 0.999902 152.478 
0.999922 0.00151025 0.0124366 -1.30595 -0.00142691 0.999977 -0.00670421 -2.26884 -0.0124464 0.00668598 0.9999 153.763 
0.999917 0.00246662 0.0126717 -1.32537 -0.00238991 0.999979 -0.00606191 -2.3015 -0.0126864 0.00603116 0.999901 155.062 
0.999926 0.00245498 0.0118936 -1.31787 -0.00239497 0.999984 -0.00505393 -2.33444 -0.0119059 0.00502512 0.999917 156.294 
0.999931 0.0027512 0.0114135 -1.31975 -0.00270119 0.999987 -0.00439139 -2.36537 -0.0114254 0.0043603 0.999925 157.554 
0.999937 0.00306608 0.0107888 -1.32654 -0.00301323 0.999983 -0.00490801 -2.39178 -0.0108038 0.00487524 0.99993 158.833 
0.999945 0.00359489 0.00984368 -1.3319 -0.00354917 0.999983 -0.004654 -2.41936 -0.00986029 0.00461885 0.999941 160.102 
0.999952 0.00336622 0.00916061 -1.33981 -0.00333353 0.999988 -0.00357688 -2.44655 -0.00917258 0.00354621 0.999952 161.383 
0.999954 0.00402125 0.00866093 -1.36259 -0.00399332 0.999987 -0.0032347 -2.47386 -0.00867386 0.00320001 0.999957 162.68 
0.999956 0.00454263 0.00819376 -1.37844 -0.00450983 0.999982 -0.00401178 -2.50683 -0.00821187 0.00397469 0.999958 163.974 
0.999953 0.0054602 0.00802322 -1.40619 -0.00541843 0.999972 -0.00521336 -2.5354 -0.0080515 0.00516968 0.999954 165.251 
0.999958 0.00598524 0.00695592 -1.41454 -0.00594971 0.999969 -0.00511076 -2.56646 -0.00698634 0.0050692 0.999963 166.519 
0.999963 0.00593815 0.006183 -1.43262 -0.00590206 0.999966 -0.00583218 -2.59605 -0.00621746 0.00579551 0.999964 167.792 
0.999963 0.0064729 0.00573304 -1.45429 -0.00643281 0.999955 -0.00697631 -2.62191 -0.00577799 0.00693921 0.999959 169.099 
0.999967 0.00661119 0.00468555 -1.45915 -0.0065788 0.999955 -0.00688493 -2.64904 -0.00473089 0.00685392 0.999965 170.407 
0.999973 0.00626595 0.00387231 -1.47012 -0.00624437 0.999965 -0.00554963 -2.6805 -0.00390699 0.00552534 0.999977 171.718 
0.999973 0.00664701 0.00323175 -1.48883 -0.00663027 0.999965 -0.0051528 -2.71005 -0.00326593 0.00513127 0.999982 173.003 
0.999974 0.00673457 0.00242561 -1.51188 -0.00672298 0.999966 -0.00473691 -2.74255 -0.00245747 0.00472053 0.999986 174.286 
0.999974 0.00704162 0.00156388 -1.52995 -0.00703449 0.999965 -0.0044893 -2.76962 -0.00159548 0.00447822 0.999989 175.568 
0.999975 0.00695069 0.00111147 -1.55357 -0.00694484 0.999963 -0.00514178 -2.80206 -0.00114721 0.00513398 0.999986 176.844 
0.999968 0.00799508 0.000512076 -1.57754 -0.0079921 0.999953 -0.00550788 -2.83524 -0.000556131 0.00550366 0.999985 178.125 
0.999965 0.00834734 2.69072e-05 -1.5957 -0.00834703 0.999951 -0.0053434 -2.8599 -7.15515e-05 0.00534303 0.999986 179.416 
0.999967 0.00812683 0.000145894 -1.62488 -0.00812573 0.999948 -0.00620525 -2.89637 -0.000196358 0.0062039 0.999981 180.7 
0.999977 0.00675016 -0.00039179 -1.64284 -0.00675293 0.999948 -0.00770679 -2.92431 0.000339705 0.0077093 0.99997 181.966 
0.999993 0.00384733 -0.00025503 -1.67088 -0.00384908 0.999965 -0.00746235 -2.95741 0.000226269 0.00746332 0.999972 183.239 
0.99999 0.00434214 -0.000600189 -1.69244 -0.00434438 0.999983 -0.00386996 -2.98644 0.000583333 0.00387257 0.999992 184.517 
0.999993 0.00368462 -0.000435735 -1.71787 -0.00368435 0.999993 0.000525111 -3.01063 0.000437625 -0.00052346 1 185.788 
0.999987 0.00517166 -0.000551536 -1.73548 -0.00517182 0.999987 -0.000365316 -3.03188 0.000549597 0.000368205 1 187.044 
0.999978 0.0066712 -0.000191314 -1.76587 -0.00667177 0.999972 -0.00336112 -3.05855 0.000168843 0.00336237 0.999994 188.285 
0.999976 0.00694937 -0.000871566 -1.78869 -0.00695376 0.999962 -0.00519601 -3.0847 0.000835381 0.00520199 0.999986 189.532 
0.999974 0.00707556 -0.00103113 -1.81401 -0.00708067 0.999962 -0.00507525 -3.11272 0.000995138 0.00508246 0.999987 190.785 
0.999976 0.00683742 -0.000731501 -1.84293 -0.0068399 0.999971 -0.00350447 -3.14884 0.000707476 0.00350943 0.999994 192.035 
0.999975 0.00710297 -0.00038792 -1.873 -0.00710347 0.999974 -0.00142803 -3.177 0.000377724 0.00143079 0.999999 193.289 
0.999979 0.00642288 0.000666984 -1.89996 -0.00642259 0.999979 -0.000368428 -3.20728 -0.000669379 0.000364179 1 194.544 
0.999976 0.00647395 0.00237335 -1.91793 -0.00647138 0.999979 -0.00107087 -3.22495 -0.00238027 0.00105553 0.999997 195.827 
0.999979 0.00543875 0.00361759 -1.93533 -0.00543001 0.999982 -0.00240828 -3.25289 -0.00363067 0.00238863 0.999991 197.067 
0.999978 0.00474375 0.00462208 -1.94671 -0.00472573 0.999981 -0.00389287 -3.28131 -0.0046405 0.00387099 0.999982 198.303 
0.999972 0.00407459 0.00622734 -1.95832 -0.00404632 0.999982 -0.00453983 -3.30837 -0.00624576 0.00451455 0.99997 199.532 
0.999962 0.00438519 0.00758215 -1.97374 -0.00435709 0.999984 -0.00371311 -3.34103 -0.00759835 0.00367998 0.999964 200.762 
0.999952 0.00418116 0.00886953 -1.98337 -0.00416499 0.99999 -0.00183616 -3.36653 -0.00887716 0.00179917 0.999959 201.981 
0.999936 0.00526923 0.00998024 -1.99807 -0.0052558 0.999985 -0.00136663 -3.39714 -0.00998733 0.00131413 0.999949 203.205 
0.999932 0.00461526 0.010752 -1.99489 -0.00459955 0.999988 -0.00148112 -3.41942 -0.0107588 0.00143161 0.999941 204.44 
0.999919 0.00489509 0.0117941 -2.00201 -0.00487787 0.999987 -0.00148497 -3.44217 -0.0118013 0.00142736 0.999929 205.649 
0.999907 0.0046718 0.01283 -2.01006 -0.00465731 0.999989 -0.00115524 -3.47213 -0.0128353 0.00109542 0.999917 206.852 
0.999894 0.00482768 0.0137615 -2.01639 -0.00480825 0.999987 -0.00144174 -3.49667 -0.0137684 0.00137546 0.999904 208.06 
0.999881 0.0048195 0.0146848 -2.02586 -0.00479862 0.999987 -0.00145398 -3.5223 -0.0146917 0.00138338 0.999891 209.26 
0.999878 0.003614 0.0152107 -2.03074 -0.00359632 0.999993 -0.00118633 -3.55075 -0.015215 0.00113153 0.999884 210.429 
0.999875 0.00352474 0.0154415 -2.03227 -0.00351818 0.999994 -0.00044907 -3.5764 -0.015443 0.000394729 0.999881 211.608 
0.999881 0.00297028 0.0151156 -2.03197 -0.00297774 0.999995 0.000474231 -3.59804 -0.0151142 -0.000519144 0.999886 212.762 
0.999887 0.00332651 0.0146843 -2.03626 -0.0033339 0.999994 0.000482307 -3.61973 -0.0146827 -0.000531166 0.999892 213.877 
0.999893 0.00375088 0.014156 -2.04051 -0.00374772 0.999993 -0.000246872 -3.64825 -0.0141568 0.000193835 0.9999 214.979 
0.999898 0.00392807 0.0137693 -2.0438 -0.00391662 0.999992 -0.000855203 -3.67487 -0.0137726 0.000801228 0.999905 216.083 
0.999904 0.00396569 0.0132768 -2.0516 -0.00395189 0.999992 -0.00106228 -3.69799 -0.0132809 0.00100975 0.999911 217.159 
0.999921 0.00381552 0.0120135 -2.06018 -0.00380484 0.999992 -0.000908036 -3.72327 -0.0120169 0.000862296 0.999927 218.232 
0.999945 0.0030837 0.0100089 -2.06141 -0.00308161 0.999995 -0.00022021 -3.74557 -0.0100095 0.000189396 0.99995 219.28 
0.999967 0.00157511 0.00793435 -2.07277 -0.00158672 0.999998 0.0014624 -3.76781 -0.00793207 -0.0014749 0.999967 220.333 
0.999984 0.00162487 0.0053852 -2.08216 -0.00164216 0.999994 0.00321557 -3.7928 -0.00537998 -0.00322432 0.99998 221.369 
0.999993 0.0018323 0.00312793 -2.09737 -0.00184252 0.999993 0.00328046 -3.81367 -0.00312194 -0.00328616 0.99999 222.403 
0.999997 0.00221778 0.000470903 -2.11527 -0.0022191 0.999993 0.00291943 -3.8349 -0.000464468 -0.00292042 0.999996 223.405 
0.999995 0.002158 -0.00238856 -2.1325 -0.00215064 0.999993 0.00306262 -3.8516 0.00239511 -0.00305743 0.999993 224.378 
0.999983 0.00281583 -0.00510789 -2.1559 -0.00279701 0.999989 0.00367827 -3.8723 0.00511815 -0.00366388 0.99998 225.334 
0.999967 0.00314555 -0.00749488 -2.1874 -0.00311853 0.999989 0.00360931 -3.89314 0.0075061 -0.00358577 0.999965 226.267 
0.999937 0.00286501 -0.0108512 -2.2118 -0.00283006 0.999991 0.00323146 -3.91287 0.0108604 -0.0032005 0.999936 227.178 
0.999896 0.00292922 -0.014123 -2.2405 -0.00288963 0.999992 0.00282034 -3.93427 0.0141311 -0.0027792 0.999896 228.065 
0.99984 0.00395952 -0.0174604 -2.27236 -0.00391508 0.999989 0.00257639 -3.95122 0.0174703 -0.00250757 0.999844 228.932 
0.999785 0.004399 -0.0202492 -2.30473 -0.00435862 0.999988 0.00203554 -3.97099 0.0202579 -0.0019468 0.999793 229.796 
0.99973 0.00626304 -0.0223887 -2.34665 -0.00621524 0.999978 0.0022022 -3.98991 0.022402 -0.00206241 0.999747 230.626 
0.999707 0.00716161 -0.0231196 -2.37915 -0.00709898 0.999971 0.00278814 -4.00689 0.0231389 -0.00262315 0.999729 231.431 
0.999714 0.00702617 -0.0228513 -2.41084 -0.00693522 0.999968 0.00405515 -4.02381 0.022879 -0.00389547 0.999731 232.218 
0.999732 0.00703896 -0.0220687 -2.44584 -0.00693639 0.999965 0.00471901 -4.03822 0.0221011 -0.00456463 0.999745 232.984 
0.999737 0.00707743 -0.0218014 -2.47646 -0.00698336 0.999966 0.00438641 -4.0531 0.0218317 -0.00423296 0.999753 233.728 
0.999744 0.0075921 -0.0213382 -2.50861 -0.00753364 0.999968 0.0028169 -4.07185 0.0213589 -0.00265538 0.999768 234.467 
0.999762 0.00741289 -0.0205076 -2.53568 -0.00740364 0.999972 0.000524837 -4.08522 0.0205109 -0.000372839 0.99979 235.199 
0.999786 0.00740891 -0.0193388 -2.56425 -0.00742354 0.999972 -0.000686903 -4.10192 0.0193331 0.00083036 0.999813 235.924 
0.999801 0.00823369 -0.0181503 -2.58806 -0.00825723 0.999965 -0.00122435 -4.11438 0.0181396 0.00137402 0.999835 236.658 
0.999834 0.00786437 -0.0164541 -2.60958 -0.00788835 0.999968 -0.00139578 -4.12736 0.0164425 0.00152538 0.999864 237.39 
0.999866 0.0075487 -0.01454 -2.63373 -0.00756854 0.999971 -0.00131311 -4.14438 0.0145296 0.00142302 0.999893 238.114 
0.999892 0.00772146 -0.0125292 -2.65615 -0.007742 0.999969 -0.00159496 -4.15698 0.0125164 0.00169183 0.99992 238.842 
0.999915 0.0075432 -0.0106227 -2.66655 -0.00756446 0.999969 -0.00196729 -4.17091 0.0106075 0.00204752 0.999942 239.572 
0.999941 0.00769948 -0.00762128 -2.68966 -0.0077121 0.999969 -0.0016335 -4.18661 0.00760842 0.00169222 0.99997 240.304 
0.999969 0.00663306 -0.00429005 -2.70616 -0.00663593 0.999978 -0.000665115 -4.20576 0.0042855 0.000693604 0.999991 241.02 
0.999982 0.0057944 -0.00130132 -2.71811 -0.0057948 0.999983 -0.000335138 -4.22055 0.00129931 0.000342715 0.999999 241.733 
0.999983 0.00550162 0.00174893 -2.72594 -0.00550122 0.999985 -0.000212919 -4.23579 -0.00175012 0.000203336 0.999998 242.444 
0.999975 0.00523166 0.00480836 -2.73478 -0.00522923 0.999986 -0.000510224 -4.24996 -0.004811 0.000485109 0.999988 243.14 
0.999955 0.00512182 0.00805284 -2.7423 -0.00511636 0.999987 -0.000692986 -4.26275 -0.00805633 0.000651795 0.999967 243.838 
0.999922 0.00587837 0.0110005 -2.74556 -0.00586319 0.999982 -0.00140814 -4.27964 -0.0110086 0.00134358 0.999939 244.547 
0.999881 0.00631687 0.0140976 -2.74733 -0.0062883 0.999978 -0.00206717 -4.29238 -0.0141104 0.00197832 0.999899 245.262 
0.999826 0.00674048 0.017404 -2.75474 -0.00671904 0.999977 -0.0012874 -4.30221 -0.0174123 0.00117028 0.999848 245.957 
0.999776 0.00640272 0.0201743 -2.75305 -0.0063905 0.999979 -0.000668167 -4.31542 -0.0201782 0.000539135 0.999796 246.67 
0.999714 0.00635053 0.0230796 -2.7516 -0.00633481 0.99998 -0.000752096 -4.32952 -0.0230839 0.000605718 0.999733 247.379 
0.999648 0.00581781 0.0258937 -2.74834 -0.00575939 0.999981 -0.00232839 -4.34469 -0.0259068 0.00217848 0.999662 248.083 
0.999602 0.0067481 0.0273779 -2.74085 -0.00662184 0.999967 -0.00469816 -4.35497 -0.0274088 0.00451504 0.999614 248.788 
0.999571 0.00564535 0.0287329 -2.73261 -0.00547791 0.999968 -0.00590144 -4.37015 -0.0287654 0.00574156 0.99957 249.503 
0.999582 0.00478389 0.0285161 -2.72257 -0.00460469 0.999969 -0.00634514 -4.38613 -0.0285457 0.00621122 0.999573 250.221 
0.999579 0.0042635 0.0286941 -2.71198 -0.00406814 0.999968 -0.00686181 -4.4018 -0.0287225 0.00674223 0.999565 250.943 
0.999566 0.00515708 0.0290032 -2.7042 -0.00495955 0.999964 -0.00687708 -4.42731 -0.0290377 0.0067303 0.999556 251.662 
0.999545 0.00578052 0.0296019 -2.70515 -0.00556605 0.999958 -0.00732096 -4.443 -0.029643 0.00715291 0.999535 252.444 
0.99953 0.00526831 0.030192 -2.69138 -0.00498705 0.999944 -0.00938196 -4.46043 -0.0302398 0.00922703 0.9995 253.191 
0.999517 0.00140412 0.0310339 -2.68904 -0.00105255 0.999935 -0.0113403 -4.47647 -0.0310479 0.0113022 0.999454 253.959 
0.999476 -0.00141708 0.0323316 -2.68747 0.00181029 0.999925 -0.0121344 -4.49626 -0.0323121 0.0121867 0.999404 254.738 
0.999443 0.000803213 0.0333767 -2.69164 -0.000529472 0.999966 -0.00820832 -4.51348 -0.0333822 0.00818611 0.999409 255.527 
0.999396 0.00484834 0.0344177 -2.69394 -0.00477063 0.999986 -0.00233827 -4.52479 -0.0344286 0.00217271 0.999405 256.312 
0.999356 0.00389298 0.0356851 -2.68616 -0.00393242 0.999992 0.00103632 -4.53837 -0.0356808 -0.00117594 0.999363 257.105 
0.999282 0.0032135 0.0377517 -2.66167 -0.00318009 0.999995 -0.000943891 -4.5527 -0.0377545 0.000823201 0.999287 257.892 
0.999109 0.00454534 0.041949 -2.6472 -0.00425259 0.999966 -0.00706428 -4.56484 -0.0419797 0.00687963 0.999095 258.68 
0.998921 0.00677016 0.0459479 -2.63309 -0.00629131 0.999925 -0.0105572 -4.58078 -0.046016 0.0102568 0.998888 259.486 
0.998739 0.00831909 0.0495112 -2.61215 -0.00781379 0.999916 -0.0103897 -4.59989 -0.0495935 0.00998977 0.99872 260.309 
0.998559 0.00676706 0.0532289 -2.58834 -0.00634098 0.999947 -0.00816868 -4.61624 -0.0532813 0.00781943 0.998549 261.143 
0.998395 0.00383335 0.0565008 -2.55288 -0.00354987 0.999981 -0.00511612 -4.63173 -0.0565194 0.00490738 0.998389 261.98 
0.998234 0.00165719 0.0593753 -2.5168 -0.00144667 0.999993 -0.0035877 -4.64775 -0.0593809 0.00349551 0.998229 262.819 
0.998039 0.0018134 0.0625737 -2.47977 -0.00162308 0.999994 -0.00309148 -4.66548 -0.062579 0.00298389 0.998036 263.657 
0.997861 0.00419068 0.0652402 -2.44865 -0.0038592 0.999979 -0.00520549 -4.68287 -0.0652607 0.00494262 0.997856 264.49 
0.9977 0.00465495 0.0676264 -2.41197 -0.00416645 0.999964 -0.00736218 -4.70059 -0.0676583 0.00706352 0.997684 265.319 
0.997526 0.00539195 0.0700916 -2.36433 -0.00486752 0.999959 -0.00765021 -4.71492 -0.07013 0.00729016 0.997511 266.165 
0.997309 0.00634246 0.073039 -2.31824 -0.00594524 0.999966 -0.00565403 -4.73523 -0.0730725 0.00520462 0.997313 267.021 
0.99704 0.00758612 0.0765101 -2.2759 -0.00731091 0.999966 -0.00387586 -4.7593 -0.0765369 0.00330507 0.997061 267.874 
0.996786 0.00827922 0.0796796 -2.23 -0.00798059 0.99996 -0.00406506 -4.77368 -0.0797101 0.00341614 0.996812 268.725 
0.996542 0.00861348 0.0826447 -2.17784 -0.00825609 0.999955 -0.00466468 -4.79011 -0.0826812 0.00396627 0.996568 269.576 
0.996294 0.00697426 0.0857307 -2.13082 -0.00656529 0.999966 -0.0050509 -4.80946 -0.085763 0.00446937 0.996306 270.418 
0.996127 0.00385402 0.0878383 -2.07351 -0.00346693 0.999984 -0.00455848 -4.8215 -0.0878544 0.00423634 0.996124 271.274 
0.996031 0.00314033 0.0889498 -2.01449 -0.00272018 0.999985 -0.00484379 -4.83312 -0.0889637 0.00458265 0.996024 272.124 
0.995936 0.0027715 0.0900259 -1.9602 -0.00233064 0.999985 -0.00500125 -4.84892 -0.0900384 0.00477115 0.995927 272.974 
0.995861 0.002905 0.0908459 -1.90539 -0.00246435 0.999985 -0.00496188 -4.86614 -0.0908589 0.00471751 0.995853 273.833 
0.99584 0.00345704 0.091057 -1.85009 -0.0030538 0.999985 -0.00456691 -4.87955 -0.0910715 0.00426988 0.995835 274.688 
0.995837 0.00423503 0.0910538 -1.79522 -0.00386109 0.999983 -0.0042821 -4.89636 -0.0910704 0.00391275 0.995837 275.549 
0.995946 0.0038362 0.0898751 -1.7318 -0.0033998 0.999982 -0.00500779 -4.91798 -0.0898927 0.00468197 0.99594 276.41 
0.99609 0.00383056 0.0882562 -1.68015 -0.00333549 0.999978 -0.0057557 -4.9376 -0.0882764 0.00543886 0.996081 277.248 
0.996246 0.0048002 0.0864394 -1.61847 -0.00425756 0.99997 -0.00646036 -4.95714 -0.0864678 0.00606812 0.996236 278.101 
0.996323 0.00680978 0.0854032 -1.58208 -0.00624471 0.999957 -0.00688147 -4.97641 -0.0854464 0.00632289 0.996323 278.952 
0.996474 0.00748091 0.0835645 -1.52427 -0.00691846 0.999951 -0.00701783 -4.99641 -0.083613 0.00641499 0.996478 279.812 
0.996643 0.00771886 0.0815071 -1.47461 -0.00721026 0.999953 -0.00653191 -5.01445 -0.0815537 0.00592233 0.996651 280.665 
0.996854 0.00764086 0.0788933 -1.42781 -0.00725789 0.99996 -0.00513935 -5.03101 -0.0789294 0.00455062 0.99687 281.523 
0.997147 0.00630574 0.0752269 -1.38897 -0.00612133 0.999978 -0.00268122 -5.0534 -0.0752422 0.00221312 0.997163 282.374 
0.997479 0.00501853 0.0707816 -1.34634 -0.00495974 0.999987 -0.00100564 -5.07158 -0.0707858 0.000652089 0.997491 283.212 
0.997775 0.00471016 0.0665003 -1.312 -0.00473381 0.999989 0.000198672 -5.08532 -0.0664987 -0.000512989 0.997786 284.047 
0.99807 0.00473401 0.0619264 -1.28014 -0.00479442 0.999988 0.000827501 -5.10112 -0.0619218 -0.00112276 0.99808 284.875 
0.998337 0.00464298 0.05746 -1.25015 -0.0047193 0.999988 0.0011934 -5.11458 -0.0574538 -0.00146255 0.998347 285.693 
0.998591 0.00332829 0.05297 -1.23105 -0.00341977 0.999993 0.00163737 -5.13534 -0.0529642 -0.00181617 0.998595 286.472 
0.998782 0.00316092 0.0492414 -1.21539 -0.0032242 0.999994 0.00120659 -5.14859 -0.0492373 -0.00136384 0.998786 287.259 
0.998968 0.00342194 0.0452935 -1.19637 -0.0034763 0.999993 0.00112257 -5.16363 -0.0452894 -0.00127882 0.998973 288.033 
0.999113 0.00354927 0.0419575 -1.19468 -0.0035929 0.999993 0.000965739 -5.17668 -0.0419539 -0.00111559 0.999119 288.81 
0.99926 0.00310652 0.0383348 -1.17794 -0.0031568 0.999994 0.0012522 -5.19636 -0.0383307 -0.00137225 0.999264 289.563 
0.999411 0.00244736 0.0342435 -1.17268 -0.00246272 0.999997 0.00040748 -5.20742 -0.0342424 -0.00049153 0.999413 290.28 
0.999557 0.00414045 0.0294751 -1.16934 -0.00410612 0.999991 -0.00122373 -5.21855 -0.0294799 0.0011022 0.999565 290.981 
0.999707 0.00599031 0.0234496 -1.1837 -0.00591818 0.999978 -0.00314239 -5.23529 -0.0234679 0.00300273 0.99972 291.638 
0.999861 0.00668175 0.015269 -1.20047 -0.00660705 0.999966 -0.0049349 -5.24694 -0.0153015 0.00483337 0.999871 292.318 
0.999966 0.00667459 0.00495231 -1.22017 -0.00664602 0.999961 -0.00575463 -5.26654 -0.00499057 0.00572156 0.999971 292.975 
0.999937 0.00699989 -0.00874073 -1.24077 -0.00705202 0.999957 -0.00595265 -5.28442 0.00869865 0.00601396 0.999944 293.617 
0.999644 0.00822614 -0.0253835 -1.28277 -0.00835863 0.999952 -0.00511973 -5.29891 0.0253401 0.00533012 0.999665 294.241 
0.998925 0.0107404 -0.0450973 -1.34571 -0.0109496 0.99993 -0.0043959 -5.30784 0.0450469 0.00488502 0.998973 294.875 
0.997605 0.0120655 -0.0681102 -1.40903 -0.0123823 0.999914 -0.00423118 -5.32287 0.0680533 0.00506445 0.997669 295.474 
0.995488 0.0133836 -0.093935 -1.48844 -0.0138276 0.999896 -0.004078 -5.33377 0.0938706 0.00535854 0.99557 296.071 
0.992428 0.0147977 -0.121936 -1.59355 -0.0153324 0.999877 -0.00344788 -5.34763 0.12187 0.00529138 0.992532 296.666 
0.988058 0.0155273 -0.153297 -1.70233 -0.0160048 0.99987 -0.00188147 -5.36092 0.153248 0.00431252 0.988178 297.252 
0.982183 0.0151733 -0.187314 -1.83418 -0.0153965 0.999881 0.000263178 -5.37035 0.187296 0.00262554 0.9823 297.801 
0.974491 0.0150428 -0.22392 -1.98443 -0.0149771 0.999886 0.00199182 -5.36933 0.223924 0.00141271 0.974606 298.358 
0.964903 0.0162284 -0.262103 -2.15207 -0.0154802 0.999868 0.00491886 -5.37742 0.262149 -0.000688754 0.965027 298.897 
0.953136 0.0176045 -0.302029 -2.33137 -0.0160576 0.999842 0.00760368 -5.37881 0.302115 -0.00239742 0.953268 299.421 
0.939192 0.0177251 -0.342935 -2.53026 -0.0152817 0.999835 0.00982606 -5.37902 0.343053 -0.00398787 0.939308 299.924 
0.92277 0.0175107 -0.384953 -2.74433 -0.0139903 0.999831 0.0119439 -5.3849 0.385097 -0.00563583 0.922859 300.426 
0.903548 0.0175821 -0.428127 -2.96434 -0.0127903 0.999819 0.0140666 -5.40217 0.428297 -0.00723392 0.903609 300.899 
0.881312 0.0166703 -0.472241 -3.21733 -0.0108598 0.999828 0.0150274 -5.39601 0.472411 -0.00811531 0.881341 301.362 
0.855938 0.0154306 -0.516848 -3.49184 -0.00811945 0.999833 0.0164038 -5.38626 0.517015 -0.00984402 0.85592 301.811 
0.827273 0.0156555 -0.561582 -3.78751 -0.00619505 0.999805 0.0187461 -5.39842 0.561766 -0.0120291 0.827209 302.272 
0.795691 0.0169311 -0.605466 -4.12244 -0.0063791 0.999788 0.0195744 -5.39487 0.605669 -0.0117128 0.79563 302.675 
0.760693 0.0159616 -0.648916 -4.45835 -0.00370013 0.999788 0.0202546 -5.39771 0.649101 -0.0130064 0.760591 303.056 
0.72303 0.0149138 -0.690656 -4.83181 0.000455526 0.999756 0.0220653 -5.38553 0.690817 -0.0162684 0.722847 303.354 
0.680781 0.0137877 -0.732357 -5.20194 0.00727108 0.999646 0.0255788 -5.37665 0.732451 -0.0227385 0.68044 303.635 
0.633983 0.0143559 -0.773214 -5.58674 0.0116809 0.999536 0.0281354 -5.37149 0.773259 -0.0268692 0.633521 303.883 
0.583979 0.0178722 -0.811572 -6.00246 0.0114809 0.999476 0.0302714 -5.36001 0.811688 -0.0269953 0.583468 304.104 
0.53206 0.0241706 -0.846361 -6.42188 0.00687173 0.999436 0.032862 -5.35256 0.846679 -0.0233005 0.531594 304.277 
0.477069 0.0288941 -0.878391 -6.81889 0.00418942 0.999373 0.0351491 -5.35794 0.878856 -0.0204485 0.476649 304.44 
0.41999 0.0310336 -0.906998 -7.23452 0.00416967 0.999339 0.0361239 -5.34597 0.907519 -0.0189535 0.419582 304.58 
0.360961 0.0331275 -0.931992 -7.62831 0.00648187 0.999256 0.0380288 -5.33796 0.932559 -0.0197679 0.360477 304.713 
0.301075 0.036457 -0.952903 -8.03471 0.00930068 0.999109 0.0411634 -5.32986 0.953555 -0.0212559 0.300468 304.825 
0.240166 0.0402128 -0.969899 -8.44298 0.0120642 0.998941 0.0444043 -5.31793 0.970657 -0.0223653 0.239426 304.909 
0.176336 0.0435203 -0.983367 -8.86506 0.0151705 0.998783 0.046923 -5.30522 0.984213 -0.0231924 0.175461 304.966 
0.11087 0.0476519 -0.992692 -9.30205 0.016188 0.998631 0.0497449 -5.2909 0.993703 -0.0215848 0.109947 304.986 
0.0443239 0.0533344 -0.997593 -9.7548 0.0186929 0.998355 0.0542057 -5.27317 0.998842 -0.0210505 0.043254 304.977 
-0.0240656 0.0594361 -0.997942 -10.2269 0.021562 0.99803 0.0589213 -5.24196 0.999478 -0.0200996 -0.0252997 304.939 
-0.0922351 0.0664491 -0.993518 -10.6996 0.0245487 0.997619 0.0644444 -5.22107 0.995435 -0.0184455 -0.0936468 304.86 
-0.160223 0.0724838 -0.984416 -11.1814 0.0277179 0.997237 0.0689165 -5.19211 0.986692 -0.0162439 -0.161789 304.747 
-0.227403 0.0784335 -0.970637 -11.6651 0.0321258 0.996813 0.0730222 -5.16647 0.973271 -0.0145769 -0.229198 304.602 
-0.29251 0.0829224 -0.95266 -12.1542 0.0372807 0.996465 0.0752884 -5.13486 0.955536 -0.0134932 -0.294567 304.415 
-0.35487 0.0853515 -0.931012 -12.6365 0.0417944 0.996277 0.0754042 -5.10208 0.933981 -0.0121524 -0.357116 304.19 
-0.414228 0.0859438 -0.906106 -13.1026 0.0459154 0.996238 0.0735024 -5.06624 0.909014 -0.0111574 -0.416616 303.931 
-0.470534 0.0854723 -0.878232 -13.5786 0.0486414 0.996297 0.0709018 -5.02207 0.88104 -0.0093567 -0.472949 303.634 
-0.522389 0.0855296 -0.848407 -14.055 0.0513016 0.996307 0.0688518 -4.98143 0.851163 -0.00755714 -0.524847 303.299 
-0.56894 0.0854636 -0.817926 -14.5253 0.0532962 0.996326 0.0670321 -4.94017 0.820651 -0.00545513 -0.571404 302.927 
-0.609712 0.0862242 -0.78792 -14.9827 0.0548138 0.996272 0.0666086 -4.90648 0.790726 -0.00257676 -0.612165 302.524 
-0.647052 0.0900386 -0.757111 -15.4456 0.0598564 0.995937 0.0672855 -4.86757 0.760093 -0.00178069 -0.649812 302.089 
-0.683761 0.0971119 -0.723215 -15.9112 0.068588 0.99527 0.0687966 -4.83008 0.726475 -0.00256338 -0.687188 301.623 
-0.719253 0.102735 -0.68711 -16.3715 0.0753539 0.994708 0.0698472 -4.78703 0.690649 -0.00153861 -0.723188 301.113 
-0.751673 0.104827 -0.651152 -16.7957 0.0788372 0.99449 0.0690916 -4.75589 0.654807 0.000599369 -0.755796 300.566 
-0.781499 0.101704 -0.615561 -17.2149 0.0788908 0.994813 0.0642077 -4.71992 0.618898 0.0016162 -0.785469 299.972 
-0.808799 0.0986451 -0.579753 -17.6287 0.0800161 0.995123 0.0576919 -4.68049 0.582616 0.000271601 -0.812747 299.344 
-0.833694 0.094029 -0.544162 -18.0239 0.0789968 0.995569 0.0510017 -4.6439 0.546547 -0.000467178 -0.837429 298.669 
-0.856212 0.0919761 -0.508371 -18.407 0.0798611 0.99576 0.0456517 -4.61194 0.510415 -0.00151152 -0.859927 297.966 
-0.877003 0.0899039 -0.471999 -18.7783 0.0788505 0.99595 0.0431945 -4.57375 0.473971 0.000664352 -0.88054 297.219 
-0.896135 0.086568 -0.435257 -19.1118 0.0765178 0.996241 0.0406021 -4.55028 0.437135 0.0030801 -0.89939 296.438 
-0.913624 0.0862457 -0.397306 -19.4389 0.0775692 0.996267 0.0378915 -4.52419 0.399091 0.00379986 -0.916903 295.622 
-0.929375 0.0883153 -0.358417 -19.7415 0.0805666 0.99608 0.0365286 -4.49474 0.360238 0.00507229 -0.932847 294.762 
-0.942985 0.0920336 -0.319857 -20.01 0.085169 0.995737 0.0354163 -4.47654 0.321753 0.00615512 -0.946804 293.882 
-0.95501 0.0928668 -0.28166 -20.2609 0.0863272 0.995632 0.0355671 -4.4437 0.283733 0.00965202 -0.958855 292.956 
-0.964968 0.0958489 -0.244232 -20.4733 0.0898586 0.995319 0.0355788 -4.42795 0.246499 0.0123861 -0.969064 292.005 
-0.973518 0.0955181 -0.207701 -20.66 0.0904527 0.995328 0.0337723 -4.41013 0.209957 0.0140908 -0.977609 291.051 
-0.980134 0.0944646 -0.174397 -20.7806 0.0907683 0.995448 0.0290689 -4.38821 0.176349 0.0126617 -0.984246 290.07 
-0.98559 0.0927498 -0.14146 -20.8916 0.0901871 0.995625 0.0244352 -4.36705 0.143107 0.0113253 -0.989642 289.046 
-0.989617 0.0922727 -0.110202 -20.975 0.0902655 0.99565 0.0230765 -4.35486 0.111852 0.0128895 -0.993641 287.988 
