1 2.12261e-08 -2.11895e-08 0 2.12261e-08 1 2.10703e-08 0 -2.11895e-08 2.10703e-08 1 0 
0.999978 0.000552773 -0.00661872 -0.00833379 -0.000551475 1 0.000191501 2.47219e-05 0.00661879 -0.000187804 0.999978 0.0945765 
0.999906 0.000970514 -0.0136492 -0.0200704 -0.000968433 1 0.000155961 -0.0015539 0.0136493 -0.000142686 0.999907 0.193684 
0.999776 0.00140395 -0.0211005 -0.0344152 -0.00141831 0.999999 -0.000667794 5.45159e-05 0.0210994 0.000697614 0.999777 0.293232 
0.999534 0.00203692 -0.0304421 -0.0479764 -0.00209518 0.999996 -0.00188322 -0.00286105 0.0304381 0.00194616 0.999535 0.398308 
0.999115 0.00201217 -0.0420167 -0.065759 -0.00216183 0.999992 -0.00351792 -0.00226827 0.0420092 0.00360568 0.999111 0.520119 
0.998449 0.00202759 -0.0556369 -0.0883177 -0.00226799 0.999988 -0.00425883 -0.0051093 0.0556276 0.00437845 0.998442 0.649798 
0.997415 0.00199961 -0.0718332 -0.121211 -0.00232317 0.999988 -0.00442169 -0.00274475 0.0718234 0.00457719 0.997407 0.79099 
0.995871 0.000288407 -0.0907788 -0.149684 -0.000673743 0.999991 -0.00421461 -0.00678915 0.0907767 0.00425841 0.995862 0.949589 
0.993852 -0.000829088 -0.110717 -0.189388 0.000357423 0.999991 -0.00428022 -0.00857335 0.11072 0.00421438 0.993843 1.11885 
0.991112 -0.00102236 -0.133026 -0.238773 0.000424292 0.99999 -0.0045244 -0.0139967 0.133029 0.00442779 0.991102 1.29231 
0.987574 0.00278473 -0.157131 -0.299569 -0.0037717 0.999975 -0.00598362 -0.017312 0.15711 0.00650197 0.98756 1.46608 
0.983137 0.00697957 -0.182735 -0.367504 -0.00848273 0.999936 -0.00744575 -0.0254858 0.182672 0.00887033 0.983134 1.65283 
0.977692 0.00971524 -0.209817 -0.444528 -0.0117166 0.999897 -0.00829769 -0.0323078 0.209715 0.010571 0.977706 1.84264 
0.970887 0.0105041 -0.239309 -0.526996 -0.0128939 0.999881 -0.00842325 -0.0362157 0.239192 0.0112637 0.970907 2.03878 
0.962784 0.0125694 -0.269979 -0.622184 -0.0152825 0.999852 -0.00794959 -0.0384079 0.269839 0.0117797 0.962833 2.24372 
0.953206 0.0142852 -0.301983 -0.729038 -0.0171656 0.999829 -0.0068868 -0.0409266 0.301833 0.0117483 0.953288 2.44712 
0.941727 0.016 -0.335997 -0.835009 -0.0191089 0.9998 -0.00594819 -0.0407312 0.335834 0.0120221 0.941844 2.65282 
0.928998 0.0183931 -0.369627 -0.953974 -0.0219158 0.999746 -0.00533325 -0.0445672 0.369435 0.0130553 0.929165 2.85312 
0.914767 0.0211504 -0.403429 -1.08105 -0.025183 0.999672 -0.00469249 -0.0442359 0.403197 0.0144521 0.914999 3.05667 
0.898462 0.0217708 -0.438511 -1.21691 -0.0260865 0.999652 -0.00381877 -0.0465538 0.438276 0.0148703 0.898718 3.25679 
0.879513 0.0170134 -0.475571 -1.35635 -0.0219372 0.999748 -0.00480466 -0.0399751 0.475369 0.0146585 0.879664 3.46427 
0.857735 0.0119853 -0.513952 -1.50102 -0.0169703 0.999844 -0.00500561 -0.0447504 0.513812 0.0130155 0.857804 3.66232 
0.832117 0.0136791 -0.554431 -1.67215 -0.0176431 0.999843 -0.00181118 -0.0467866 0.554319 0.011289 0.832228 3.86125 
0.802316 0.0189738 -0.596598 -1.86764 -0.0221741 0.999752 0.00197525 -0.0506509 0.596488 0.0116443 0.802538 4.04955 
0.769102 0.0219471 -0.638749 -2.07263 -0.0253234 0.999672 0.00385691 -0.0547975 0.638624 0.013209 0.769406 4.2275 
0.732363 0.0210279 -0.68059 -2.29457 -0.0245766 0.999688 0.00444069 -0.0525546 0.680471 0.0134744 0.732652 4.40797 
0.691994 0.0171971 -0.721698 -2.52521 -0.0186721 0.999808 0.00592047 -0.0552853 0.721662 0.00937877 0.692183 4.58102 
0.648431 0.0136065 -0.761152 -2.77831 -0.0132676 0.99989 0.00657145 -0.0529118 0.761158 0.0058376 0.64854 4.75597 
0.602882 0.0133816 -0.797718 -3.05225 -0.0104721 0.999906 0.00885896 -0.0548992 0.797761 0.00301288 0.602966 4.91357 
0.55417 0.0139814 -0.832286 -3.34283 -0.00784258 0.999902 0.0115753 -0.0508868 0.832367 0.000112655 0.554225 5.05655 
0.503067 0.0145776 -0.864124 -3.65137 -0.00676566 0.999894 0.0129292 -0.0436001 0.864221 -0.000657816 0.503112 5.17535 
0.450025 0.0161361 -0.89287 -3.97392 -0.00515602 0.999867 0.015471 -0.0449785 0.893001 -0.00235864 0.450049 5.28457 
0.395433 0.0182415 -0.918314 -4.32041 -0.00440664 0.999829 0.0179632 -0.0378635 0.918484 -0.00305651 0.395446 5.37657 
0.339842 0.0199663 -0.940271 -4.68576 -0.00383454 0.999796 0.0198444 -0.0298884 0.940475 -0.00313841 0.339849 5.45615 
0.284735 0.0232346 -0.958325 -5.07289 -0.00118985 0.999714 0.0238845 -0.0303946 0.958605 -0.00566045 0.284682 5.52227 
0.231085 0.024887 -0.972615 -5.46999 0.0024758 0.999655 0.0261671 -0.0227368 0.97293 -0.00845479 0.230944 5.56985 
0.180192 0.0255188 -0.9833 -5.88444 0.00503634 0.999626 0.0268654 -0.0208444 0.983619 -0.00979312 0.179996 5.60005 
0.132556 0.0264162 -0.990823 -6.32265 0.00304545 0.999629 0.0270584 -0.0138985 0.991171 -0.0066042 0.132426 5.6136 
0.09005 0.0263767 -0.995588 -6.76877 0.000897069 0.999647 0.0265654 -0.000925761 0.995937 -0.00328528 0.0899946 5.60847 
0.0523061 0.0248871 -0.998321 -7.22532 -0.000481686 0.99969 0.024896 0.0106207 0.998631 -0.000821293 0.0523019 5.59152 
0.017463 0.0222456 -0.9996 -7.70169 0.000807029 0.999752 0.0222631 0.0168173 0.999847 -0.00119544 0.0174407 5.57465 
-0.0140452 0.0194518 -0.999712 -8.18781 0.000944311 0.999811 0.0194404 0.0249527 0.999901 -0.000670954 -0.0140609 5.53872 
-0.0405655 0.0176552 -0.999021 -8.69171 0.000571488 0.999844 0.0176465 0.0289692 0.999177 0.000144952 -0.0405693 5.48742 
-0.0614525 0.0150593 -0.997996 -9.21317 -0.000203721 0.999886 0.0151004 0.0418949 0.99811 0.00113131 -0.0614425 5.43127 
-0.0780672 0.0142619 -0.996846 -9.7414 0.000458919 0.999898 0.0142696 0.0518395 0.996948 0.000656555 -0.0780658 5.37088 
-0.0907296 0.0148188 -0.995765 -10.2787 0.00063213 0.99989 0.0148226 0.0551283 0.995875 0.000715434 -0.090729 5.29889 
-0.100418 0.0158695 -0.994819 -10.835 -0.000314047 0.999872 0.0159818 0.0571948 0.994945 0.00191733 -0.1004 5.22836 
-0.107053 0.0172747 -0.994103 -11.4147 -0.00241925 0.999842 0.0176349 0.054544 0.99425 0.0042929 -0.106995 5.14196 
-0.111806 0.0181542 -0.993564 -12.0013 -0.0020388 0.999827 0.0184981 0.0607029 0.993728 0.00409392 -0.11175 5.06397 
-0.113161 0.0188654 -0.993398 -12.6099 0.000361239 0.99982 0.0189462 0.0695401 0.993577 0.00178516 -0.113148 4.98684 
-0.112371 0.0209607 -0.993445 -13.2367 0.00255742 0.99978 0.0208051 0.0804143 0.993663 -0.000202728 -0.1124 4.9065 
-0.111122 0.0235951 -0.993527 -13.876 0.00205093 0.999721 0.0235128 0.0835623 0.993805 0.000575177 -0.11114 4.82504 
-0.109581 0.0234002 -0.993702 -14.5253 -0.000513189 0.999721 0.0235985 0.0900901 0.993978 0.00309595 -0.109538 4.73976 
-0.10822 0.0207237 -0.993911 -15.1906 -0.00187156 0.999777 0.0210498 0.0998346 0.994125 0.00413821 -0.108157 4.65674 
-0.107144 0.0205497 -0.994031 -15.8776 -0.00219469 0.999779 0.020905 0.109799 0.994241 0.00442148 -0.107076 4.57231 
-0.105489 0.0233076 -0.994147 -16.5818 -0.00188679 0.999719 0.0236384 0.121103 0.994419 0.00436939 -0.105416 4.48774 
-0.103422 0.0267096 -0.994279 -17.3028 -0.00304468 0.999626 0.0271699 0.131312 0.994633 0.00583728 -0.103302 4.39565 
-0.101771 0.028857 -0.994389 -18.0386 -0.00320182 0.999565 0.0293348 0.139618 0.994803 0.00616934 -0.101635 4.30657 
-0.099883 0.0279806 -0.994606 -18.7768 -0.00515524 0.999577 0.0286382 0.15402 0.994986 0.00798794 -0.0996965 4.21634 
-0.0982477 0.0249454 -0.994849 -19.5273 -0.00718921 0.999642 0.0257755 0.168722 0.995136 0.0096846 -0.0980332 4.12411 
-0.0968634 0.0242884 -0.995001 -20.3 -0.00804081 0.999651 0.0251847 0.18069 0.995265 0.0104401 -0.0966343 4.03436 
-0.0955289 0.0267327 -0.995068 -21.0806 -0.00519481 0.999612 0.0273535 0.19717 0.995413 0.00778228 -0.095353 3.95317 
-0.0943888 0.0288373 -0.995118 -21.8734 -0.00291372 0.999568 0.0292426 0.210198 0.995531 0.00565971 -0.094264 3.86575 
-0.0931357 0.0305746 -0.995184 -22.669 -0.00166022 0.999522 0.0308632 0.221463 0.995652 0.00452673 -0.0930405 3.77914 
-0.0928112 0.0259838 -0.995345 -23.4659 -0.00143675 0.999655 0.0262303 0.228541 0.995683 0.00386456 -0.0927418 3.69467 
-0.0924767 0.0189292 -0.995535 -24.2723 0.000242998 0.99982 0.0189881 0.23706 0.995715 0.00151408 -0.0924646 3.60405 
-0.0927266 0.0146428 -0.995584 -25.084 0.00343685 0.999891 0.0143861 0.241925 0.995686 -0.00208766 -0.0927668 3.5192 
-0.0931956 0.0154574 -0.995528 -25.9111 0.00438951 0.999876 0.015114 0.249187 0.995638 -0.00296128 -0.0932519 3.42888 
-0.0934254 0.0227544 -0.995366 -26.7576 0.00418412 0.999739 0.0224617 0.253973 0.995618 -0.0020662 -0.0934962 3.33446 
-0.0936303 0.0298628 -0.995159 -27.6001 0.00251379 0.999554 0.0297581 0.261883 0.995604 0.000284682 -0.0936636 3.23613 
-0.0940435 0.0351184 -0.994949 -28.4437 0.000713617 0.99938 0.0352073 0.272218 0.995568 0.00260105 -0.0940102 3.13709 
-0.0945458 0.0353762 -0.994892 -29.2867 -0.000842327 0.999365 0.0356154 0.284008 0.99552 0.00420535 -0.094456 3.04052 
-0.0950275 0.0319205 -0.994963 -30.1212 -0.000598076 0.999484 0.0321227 0.297779 0.995475 0.00364764 -0.0949593 2.94953 
-0.0955486 0.0293652 -0.994992 -30.957 -0.000721817 0.999563 0.0295694 0.310265 0.995425 0.00354356 -0.0954856 2.85433 
-0.0959948 0.0305968 -0.994912 -31.7941 -0.00191815 0.99952 0.0309236 0.323887 0.99538 0.00487693 -0.09589 2.76077 
-0.0958216 0.0327634 -0.994859 -32.6355 -0.00281136 0.999445 0.0331852 0.334563 0.995395 0.00597681 -0.0956764 2.65809 
-0.0958346 0.0313486 -0.994904 -33.4676 -0.00377657 0.999485 0.0318568 0.33918 0.99539 0.00681034 -0.0956669 2.5642 
-0.0954478 0.0263447 -0.995086 -34.3005 -0.0047389 0.999626 0.0269194 0.346888 0.995423 0.00728505 -0.0952872 2.46447 
-0.0951708 0.0221175 -0.995215 -35.1372 -0.00594442 0.999723 0.0227862 0.358031 0.995443 0.00808459 -0.0950129 2.35817 
-0.0947212 0.0228323 -0.995242 -35.9686 -0.00535862 0.999711 0.0234448 0.363106 0.995489 0.00755388 -0.0945714 2.26229 
-0.0942804 0.0254659 -0.99522 -36.8081 -0.00415506 0.999654 0.0259729 0.366764 0.995537 0.00658398 -0.094142 2.16467 
-0.0941057 0.0302504 -0.995103 -37.6505 -0.00390368 0.999519 0.0307538 0.37818 0.995555 0.00677871 -0.0939424 2.07638 
-0.0935928 0.0356683 -0.994971 -38.4896 -0.00277519 0.999345 0.0360861 0.393346 0.995607 0.00613868 -0.0934325 1.98437 
-0.0939736 0.0389853 -0.994811 -39.3257 -0.002848 0.999218 0.0394271 0.405811 0.995571 0.00653837 -0.0937891 1.89394 
-0.0934842 0.0385727 -0.994873 -40.1589 -0.00242804 0.999237 0.0389701 0.425391 0.995618 0.00605872 -0.0933192 1.79533 
-0.0935251 0.0341794 -0.99503 -40.9829 -0.00239925 0.9994 0.034555 0.440764 0.995614 0.00561912 -0.093387 1.70447 
-0.0933289 0.0297832 -0.99519 -41.8034 -0.00339161 0.999537 0.0302314 0.454169 0.99563 0.0061968 -0.0931847 1.61462 
-0.0934305 0.0267608 -0.995266 -42.6292 -0.00710584 0.999595 0.0275442 0.468091 0.9956 0.00964571 -0.0932026 1.51922 
-0.0940722 0.0248534 -0.995255 -43.4572 -0.0103254 0.99961 0.0259382 0.477102 0.995512 0.0127165 -0.0937789 1.4228 
-0.0948725 0.0229285 -0.995225 -44.2829 -0.0080831 0.999684 0.0238017 0.483162 0.995457 0.0103027 -0.0946572 1.33055 
-0.0959474 0.0195086 -0.995195 -45.1023 -0.00487822 0.999787 0.0200689 0.486317 0.995374 0.00678038 -0.0958318 1.23792 
-0.0970426 0.0179788 -0.995118 -45.926 -0.000583243 0.999836 0.0181209 0.494068 0.99528 0.00233894 -0.0970162 1.15063 
-0.0991484 0.0215097 -0.99484 -46.7506 -1.06236e-05 0.999766 0.0216173 0.497542 0.995073 0.00215393 -0.099125 1.05459 
-0.101023 0.0277268 -0.994498 -47.5811 0.00271546 0.999616 0.0275937 0.503535 0.99488 8.71002e-05 -0.101059 0.957134 
-0.103237 0.0313298 -0.994163 -48.3985 0.00462013 0.999508 0.0310184 0.510441 0.994646 -0.00139087 -0.103331 0.864259 
-0.104801 0.0305652 -0.994023 -49.2063 0.0046917 0.999532 0.03024 0.517679 0.994482 -0.00149443 -0.104896 0.765633 
-0.106003 0.0263378 -0.994017 -50.0094 0.00134346 0.999652 0.0263438 0.524888 0.994365 0.00145716 -0.106002 0.659992 
-0.107389 0.0224308 -0.993964 -50.8007 -0.00332246 0.999732 0.0229199 0.532607 0.994212 0.0057638 -0.107286 0.554535 
-0.108944 0.0207908 -0.993831 -51.5944 -0.00728322 0.999738 0.0217128 0.538192 0.994021 0.00960379 -0.108764 0.446375 
-0.10993 0.0219713 -0.993696 -52.3885 -0.00880595 0.999695 0.0230781 0.539606 0.9939 0.0112875 -0.109703 0.340452 
-0.111196 0.0234865 -0.993521 -53.179 -0.0083794 0.999663 0.0245695 0.545343 0.993763 0.0110572 -0.110961 0.237844 
-0.112372 0.0230128 -0.9934 -53.9601 -0.0100065 0.999655 0.0242896 0.548353 0.993616 0.01267 -0.112103 0.134488 
-0.112956 0.0229349 -0.993335 -54.746 -0.0107726 0.999647 0.0243057 0.547083 0.993542 0.0134463 -0.112669 0.0266425 
-0.113638 0.0248783 -0.993211 -55.5255 -0.00884605 0.999622 0.026051 0.554052 0.993483 0.0117464 -0.113375 -0.0748434 
-0.113832 0.0274919 -0.99312 -56.303 -0.00758844 0.999564 0.02854 0.564818 0.993471 0.010785 -0.113574 -0.181439 
-0.113975 0.0319708 -0.992969 -57.0762 -0.0078468 0.999422 0.0330792 0.567928 0.993453 0.0115619 -0.113658 -0.285927 
-0.114748 0.0340674 -0.99281 -57.8412 -0.00808902 0.999347 0.0352266 0.574951 0.993362 0.0120731 -0.114397 -0.38932 
-0.115662 0.033952 -0.992708 -58.6002 -0.00725438 0.99936 0.0350247 0.588656 0.993262 0.0112525 -0.115341 -0.490647 
-0.116151 0.0320888 -0.992713 -59.3529 -0.00625428 0.999435 0.0330378 0.593665 0.993212 0.0100461 -0.115885 -0.588924 
-0.116603 0.028533 -0.992769 -60.0925 -0.00575527 0.999551 0.0294039 0.603837 0.993162 0.00914227 -0.116386 -0.688257 
-0.116584 0.0259098 -0.992843 -60.8138 -0.00627989 0.99962 0.0268241 0.60495 0.993161 0.00936223 -0.116377 -0.785392 
-0.115851 0.0234101 -0.992991 -61.5206 -0.00681754 0.99968 0.0243632 0.613193 0.993243 0.00959229 -0.115654 -0.874506 
-0.113749 0.0225496 -0.993254 -62.2178 -0.00886628 0.99968 0.0237109 0.616371 0.99347 0.0115036 -0.113513 -0.969073 
-0.109971 0.0235012 -0.993657 -62.8973 -0.00919348 0.999654 0.0246605 0.618187 0.993892 0.0118472 -0.109717 -1.05424 
-0.104329 0.0250311 -0.994228 -63.5641 -0.00811169 0.999629 0.0260183 0.621724 0.99451 0.0107794 -0.104087 -1.13276 
-0.0973512 0.0265206 -0.994897 -64.2151 -0.00720894 0.9996 0.0273513 0.625278 0.995224 0.00983487 -0.0971211 -1.20242 
-0.0885573 0.0276922 -0.995686 -64.8522 -0.00812302 0.99956 0.0285224 0.629525 0.996038 0.0106139 -0.0882934 -1.27139 
-0.0770153 0.0293751 -0.996597 -65.4715 -0.0100345 0.999492 0.0302359 0.632865 0.996979 0.012329 -0.0766815 -1.32701 
-0.0620767 0.030683 -0.9976 -66.0765 -0.0134238 0.999411 0.031574 0.639644 0.997981 0.0153516 -0.0616282 -1.37365 
-0.0438258 0.0319143 -0.998529 -66.667 -0.0150747 0.999355 0.0326023 0.644416 0.998925 0.0164813 -0.0433164 -1.40065 
-0.0216746 0.0327333 -0.999229 -67.2314 -0.0160823 0.999323 0.0330852 0.648321 0.999636 0.016787 -0.0211335 -1.41017 
0.00355355 0.0331795 -0.999443 -67.7709 -0.0155849 0.99933 0.0331203 0.651442 0.999872 0.0154585 0.00406827 -1.39503 
0.032794 0.0327477 -0.998926 -68.2884 -0.014062 0.999379 0.032301 0.657721 0.999363 0.0129877 0.0332341 -1.3634 
0.0671002 0.0327554 -0.997208 -68.78 -0.0127402 0.999408 0.0319704 0.663917 0.997665 0.0105594 0.0674778 -1.315 
0.104702 0.0330017 -0.993956 -69.2518 -0.0121092 0.999418 0.0319075 0.669748 0.99443 0.00869525 0.10504 -1.24365 
0.14569 0.0327954 -0.988787 -69.7074 -0.0118726 0.999436 0.0313993 0.672583 0.989259 0.00716498 0.145997 -1.15423 
0.191132 0.0338525 -0.980981 -70.15 -0.0110292 0.999416 0.0323398 0.676072 0.981502 0.00463826 0.191393 -1.0465 
0.240116 0.0325644 -0.970198 -70.5779 -0.00766484 0.99947 0.0316499 0.677536 0.970714 -0.000163196 0.240238 -0.915821 
0.290802 0.0282264 -0.956367 -70.9805 -0.000101398 0.999566 0.0294705 0.675457 0.956783 -0.00847307 0.290679 -0.758739 
0.34303 0.0234328 -0.939032 -71.3487 0.00513796 0.999627 0.0268217 0.670681 0.939311 -0.0140253 0.342781 -0.602948 
0.396111 0.0186531 -0.918013 -71.7293 0.0103914 0.999639 0.0247954 0.677525 0.918144 -0.0193611 0.395774 -0.405207 
0.448302 0.0182529 -0.893696 -72.1051 0.00985533 0.99963 0.0253602 0.686893 0.893828 -0.0201766 0.447956 -0.194765 
0.49739 0.0171621 -0.867357 -72.4617 0.0112828 0.999592 0.0262487 0.691158 0.867454 -0.022842 0.496993 0.0364136 
0.543188 0.0127827 -0.839514 -72.8065 0.0189276 0.999444 0.0274645 0.699531 0.839398 -0.0308083 0.542644 0.3 
0.587685 0.00659003 -0.809063 -73.1234 0.0291283 0.999146 0.0292964 0.701752 0.808565 -0.0407836 0.586992 0.587558 
0.63127 0.00198839 -0.775561 -73.4311 0.029998 0.999186 0.0269786 0.702434 0.774983 -0.040296 0.630696 0.870884 
0.673442 -0.00327293 -0.739233 -73.7297 0.0268856 0.999437 0.0200678 0.712426 0.738751 -0.0333892 0.67315 1.16918 
0.715101 -0.00995847 -0.69895 -74.0115 0.0229474 0.999694 0.00923423 0.717913 0.698645 -0.0226425 0.715111 1.48153 
0.755591 -0.0120741 -0.654932 -74.2975 0.0175171 0.999845 0.00177652 0.710249 0.654809 -0.0128148 0.755686 1.82125 
0.793698 -0.0129081 -0.608176 -74.5594 0.0156895 0.999877 -0.000746208 0.70901 0.60811 -0.00894965 0.793802 2.19178 
0.828447 -0.0141922 -0.559887 -74.8024 0.0156106 0.999876 -0.00224674 0.70807 0.559849 -0.00687884 0.828566 2.59669 
0.859904 -0.0129814 -0.510291 -75.0357 0.012441 0.999913 -0.00447229 0.708864 0.510304 -0.00250276 0.85999 3.0259 
0.88667 -0.0113842 -0.462263 -75.2538 0.0114751 0.999931 -0.00261487 0.699074 0.462261 -0.00298595 0.886739 3.48437 
0.908561 -0.00493806 -0.417722 -75.4637 0.00470531 0.999988 -0.0015871 0.69506 0.417725 -0.000523482 0.908573 3.96777 
0.926577 -0.000731104 -0.376105 -75.6596 -0.000462761 0.999995 -0.00308403 0.691695 0.376105 0.00303168 0.926572 4.47006 
0.94049 0.00439549 -0.339794 -75.843 -0.00522438 0.999985 -0.0015247 0.687057 0.339782 0.00320922 0.940499 4.99964 
0.950887 0.00527657 -0.309493 -76.0171 -0.00540213 0.999985 0.000451191 0.680408 0.309491 0.00124294 0.950902 5.55098 
0.958492 0.00422696 -0.285089 -76.1787 -0.00380911 0.999991 0.00202001 0.674302 0.285094 -0.000850187 0.958499 6.11937 
0.964505 0.00445536 -0.264026 -76.3374 -0.00347402 0.999985 0.00418347 0.669027 0.26404 -0.0031177 0.964507 6.71167 
0.969324 0.00722288 -0.245682 -76.4963 -0.00573276 0.999961 0.00677971 0.665888 0.245722 -0.00516325 0.969327 7.31564 
0.973024 0.0119541 -0.230393 -76.6505 -0.0102868 0.999912 0.00843673 0.662892 0.230474 -0.00583909 0.973061 7.93975 
0.976045 0.0155938 -0.217009 -76.8061 -0.0138128 0.999857 0.00972122 0.657245 0.217129 -0.00649081 0.976121 8.57731 
0.978874 0.0137941 -0.203999 -76.946 -0.0121456 0.999883 0.00933062 0.657791 0.204104 -0.00665576 0.978927 9.23534 
0.981606 0.0136271 -0.190434 -77.0775 -0.0121122 0.999885 0.00911662 0.650473 0.190536 -0.00664232 0.981658 9.90204 
0.984289 0.0139618 -0.176013 -77.2048 -0.0124003 0.999873 0.00996825 0.649801 0.17613 -0.00762898 0.984337 10.5932 
0.986644 0.0151177 -0.162188 -77.3259 -0.0135909 0.999852 0.010519 0.647008 0.162323 -0.00817414 0.986704 11.2973 
0.988667 0.0152238 -0.14935 -77.4462 -0.0142548 0.99987 0.00755574 0.644138 0.149445 -0.00534112 0.988756 12.012 
0.990244 0.0156796 -0.138461 -77.5602 -0.0155049 0.999877 0.00234011 0.637947 0.138481 -0.000170405 0.990365 12.7373 
0.991557 0.0136968 -0.128947 -77.6653 -0.0143088 0.99989 -0.00382077 0.634132 0.12888 0.00563363 0.991644 13.477 
0.992587 0.0136504 -0.120765 -77.7649 -0.0142457 0.99989 -0.00406808 0.62792 0.120696 0.00575835 0.992673 14.229 
0.993339 0.0152452 -0.114217 -77.8643 -0.015086 0.999884 0.00225728 0.61836 0.114238 -0.000519113 0.993453 14.9918 
0.993831 0.0198864 -0.109107 -77.9714 -0.0188806 0.999769 0.0102436 0.611739 0.109285 -0.00812036 0.993977 15.7629 
0.994256 0.0207578 -0.104996 -78.0625 -0.0193845 0.999713 0.0140835 0.601021 0.105258 -0.0119673 0.994373 16.5287 
0.994654 0.0192394 -0.10146 -78.1558 -0.018049 0.999757 0.0126373 0.603388 0.101678 -0.0107385 0.994759 17.2946 
0.994951 0.0191335 -0.0985196 -78.2401 -0.0180516 0.999767 0.0118616 0.597383 0.0987235 -0.0100232 0.995064 18.0524 
0.995258 0.0171659 -0.0957394 -78.3243 -0.0159031 0.999776 0.013937 0.600653 0.0959572 -0.0123483 0.995309 18.8194 
0.99556 0.0151784 -0.0928925 -78.4125 -0.0137378 0.999776 0.0161277 0.600632 0.0931164 -0.0147799 0.995546 19.5928 
0.99587 0.0128073 -0.089885 -78.4938 -0.0112462 0.999777 0.0178518 0.59917 0.0900936 -0.0167672 0.995792 20.3623 
0.996101 0.011668 -0.087448 -78.5683 -0.0104587 0.999843 0.0142737 0.594998 0.0876008 -0.0133034 0.996067 21.1192 
0.996205 0.0146777 -0.0857889 -78.6513 -0.0141452 0.999877 0.00681115 0.591228 0.0858782 -0.00557176 0.99629 21.8703 
0.996346 0.0151514 -0.0840573 -78.7306 -0.0152759 0.999883 -0.000839289 0.581731 0.0840347 0.00212032 0.996461 22.6174 
0.996429 0.0161876 -0.0828656 -78.8054 -0.0166374 0.99985 -0.0047415 0.569039 0.0827764 0.00610328 0.996549 23.3658 
0.996583 0.0176479 -0.0806927 -78.8847 -0.0179478 0.999834 -0.00299295 0.553867 0.0806265 0.00443102 0.996735 24.1232 
0.99671 0.0211681 -0.0782368 -78.9659 -0.0211534 0.999776 0.00101621 0.536332 0.0782408 0.000642156 0.996934 24.8831 
0.996793 0.0244213 -0.0762121 -79.0438 -0.0240135 0.999692 0.00626233 0.518517 0.0763415 -0.00441208 0.997072 25.6519 
0.997032 0.0215102 -0.0739164 -79.1073 -0.0209553 0.999746 0.00827492 0.510084 0.0740756 -0.00670138 0.99723 26.4007 
0.997189 0.0184571 -0.0726258 -79.1756 -0.0179243 0.999808 0.00798031 0.503564 0.072759 -0.00665606 0.997327 27.155 
0.997298 0.0167235 -0.0715366 -79.2392 -0.0161706 0.999835 0.00830053 0.491116 0.0716636 -0.00712126 0.997403 27.9062 
0.997375 0.0156716 -0.0706895 -79.3002 -0.015264 0.999864 0.00630282 0.486417 0.0707786 -0.00520723 0.997479 28.6502 
0.997443 0.0139451 -0.0700975 -79.3633 -0.0136312 0.999895 0.00495297 0.481361 0.0701592 -0.00398475 0.997528 29.4061 
0.997496 0.0132962 -0.0694615 -79.4282 -0.0129756 0.999903 0.00506517 0.474837 0.0695221 -0.00415114 0.997572 30.1669 
0.997522 0.0167315 -0.0683324 -79.509 -0.0163649 0.999849 0.00592055 0.472808 0.0684211 -0.00478758 0.997645 30.9294 
0.997523 0.0163144 -0.0684171 -79.5793 -0.0160171 0.99986 0.00489075 0.468039 0.0684873 -0.00378275 0.997645 31.7064 
0.997413 0.0155082 -0.070185 -79.6496 -0.015192 0.999872 0.00503649 0.45589 0.0702541 -0.00395717 0.997521 32.4845 
0.99732 0.0127242 -0.0720419 -79.722 -0.0123568 0.999908 0.00554288 0.448194 0.0721058 -0.00463777 0.997386 33.257 
0.997074 0.0144933 -0.0750588 -79.8033 -0.0141364 0.999886 0.0052832 0.443532 0.0751268 -0.00420663 0.997165 34.0364 
0.996808 0.0181621 -0.0777491 -79.8866 -0.017833 0.999829 0.00492415 0.434093 0.0778252 -0.00352188 0.996961 34.8392 
0.996633 0.0190035 -0.0797658 -79.981 -0.0190894 0.999818 -0.000314746 0.431402 0.0797453 0.00183641 0.996814 35.6203 
0.996419 0.0195462 -0.0822661 -80.065 -0.0199104 0.999795 -0.00360942 0.418477 0.0821786 0.00523449 0.996604 36.4287 
0.996289 0.0184224 -0.0840794 -80.1554 -0.0189293 0.999807 -0.00523658 0.409594 0.0839667 0.00680876 0.996445 37.2478 
0.996079 0.01857 -0.0864941 -80.2393 -0.0189448 0.999814 -0.00351487 0.39098 0.0864127 0.00513975 0.996246 38.0734 
0.995915 0.0171909 -0.0886402 -80.3292 -0.0175192 0.999842 -0.00292694 0.37872 0.0885759 0.00446794 0.996059 38.9015 
0.995769 0.0165988 -0.0903821 -80.4209 -0.0167746 0.999859 -0.00118527 0.368629 0.0903496 0.00269642 0.995907 39.7371 
0.99565 0.0162544 -0.0917409 -80.5144 -0.0160751 0.999867 0.00269317 0.354481 0.0917724 -0.00120668 0.995779 40.5797 
0.995584 0.015709 -0.092547 -80.6109 -0.0150778 0.999858 0.00751516 0.343129 0.0926519 -0.00608653 0.99568 41.4285 
0.995658 0.0159263 -0.0917185 -80.708 -0.0150908 0.999838 0.00979563 0.335083 0.0918596 -0.00836895 0.995737 42.2798 
0.995791 0.0189016 -0.0896803 -80.8072 -0.0181078 0.999789 0.00965599 0.331396 0.0898439 -0.00799139 0.995924 43.1395 
0.995966 0.0190294 -0.0876894 -80.9018 -0.0183758 0.999797 0.0082535 0.325964 0.0878286 -0.0066088 0.996114 44.0054 
0.996122 0.0166397 -0.0863988 -80.9864 -0.0161728 0.999851 0.00610012 0.318612 0.0864874 -0.0046791 0.996242 44.8786 
0.996348 0.0128743 -0.0844112 -81.0715 -0.0125447 0.999912 0.00443313 0.312133 0.0844608 -0.00335798 0.996421 45.7458 
0.996513 0.0117466 -0.0826072 -81.1546 -0.011437 0.999926 0.00422021 0.303267 0.0826506 -0.00326067 0.996573 46.6142 
0.996589 0.00895316 -0.0820402 -81.2393 -0.00843481 0.999942 0.00666217 0.292715 0.082095 -0.0059474 0.996607 47.5 
0.99669 0.00647099 -0.08104 -81.3235 -0.0057476 0.999942 0.00915596 0.283327 0.0810945 -0.00865982 0.996669 48.3723 
0.996766 0.00590265 -0.0801481 -81.4105 -0.00514423 0.99994 0.00966551 0.269866 0.0802003 -0.0092219 0.996736 49.2327 
0.996844 0.0071806 -0.079066 -81.496 -0.00669805 0.999957 0.00636611 0.259399 0.0791083 -0.00581638 0.996849 50.105 
0.9969 0.00983274 -0.0780652 -81.5938 -0.00980004 0.999952 0.000801385 0.244178 0.0780692 -3.38147e-05 0.996948 50.968 
0.996973 0.011823 -0.0768398 -81.6828 -0.0122274 0.999914 -0.00479449 0.231654 0.0767765 0.00571957 0.997032 51.8248 
0.996958 0.0161823 -0.0762476 -81.7685 -0.0170514 0.999797 -0.0107608 0.212493 0.0760579 0.0120282 0.997031 52.6698 
0.997055 0.0163404 -0.0749308 -81.853 -0.0172431 0.999786 -0.0114168 0.187719 0.0747282 0.0126753 0.997123 53.5207 
0.997127 0.0135476 -0.0745251 -81.9346 -0.0140061 0.999886 -0.00563375 0.173727 0.0744403 0.00666142 0.997203 54.3735 
0.997079 0.012943 -0.075278 -82.0133 -0.0127237 0.999913 0.00339064 0.155428 0.0753153 -0.00242287 0.997157 55.2285 
0.997006 0.0120964 -0.0763742 -82.0962 -0.0112838 0.999875 0.0110623 0.139546 0.0764984 -0.0101673 0.997018 56.0889 
0.996837 0.0101247 -0.0788247 -82.1755 -0.00945267 0.999916 0.00889385 0.128822 0.0789081 -0.00812057 0.996849 56.9297 
0.996721 0.00493922 -0.0807664 -82.2508 -0.0045172 0.999975 0.00540656 0.122436 0.0807911 -0.00502395 0.996718 57.7689 
0.996508 0.00365867 -0.0834137 -82.3339 -0.00334279 0.999987 0.00392579 0.110541 0.0834269 -0.0036332 0.996507 58.6005 
0.996266 0.00722844 -0.0860346 -82.4251 -0.0071215 0.999973 0.00154941 0.101853 0.0860435 -0.000930885 0.996291 59.4247 
0.995975 0.00886747 -0.0891908 -82.52 -0.00904554 0.999958 -0.00159291 0.0836085 0.0891728 0.00239332 0.996013 60.2441 
0.995635 0.00929649 -0.0928722 -82.6188 -0.00983105 0.999938 -0.00530041 0.0701719 0.0928171 0.00619035 0.995664 61.061 
0.995312 0.0113265 -0.0960539 -82.7152 -0.0122547 0.999884 -0.0090784 0.0490881 0.0959399 0.010213 0.995335 61.8654 
0.994954 0.0161057 -0.099032 -82.8232 -0.0170777 0.999814 -0.00897551 0.0264867 0.0988689 0.0106215 0.995044 62.671 
0.994544 0.019687 -0.102443 -82.9307 -0.0205634 0.99976 -0.00750652 0.0129599 0.102271 0.00957219 0.994711 63.4753 
0.99407 0.0227202 -0.106341 -83.0403 -0.0230191 0.999734 -0.00158434 -0.00547303 0.106276 0.00402285 0.994329 64.2713 
0.993611 0.0231113 -0.110466 -83.1495 -0.0227949 0.999732 0.00412562 -0.0251787 0.110532 -0.00158115 0.993871 65.0679 
0.993068 0.0224064 -0.115385 -83.2586 -0.0216591 0.999736 0.00772579 -0.0361144 0.115527 -0.00517306 0.993291 65.8609 
0.992286 0.0217705 -0.122044 -83.3704 -0.0208357 0.999743 0.00893089 -0.0465662 0.122207 -0.00631908 0.992485 66.6477 
0.991633 0.0188491 -0.127705 -83.4887 -0.0173819 0.99977 0.0125932 -0.056556 0.127913 -0.010268 0.991732 67.4227 
0.990782 0.0197698 -0.134014 -83.6117 -0.0182413 0.999754 0.0126239 -0.0656692 0.134231 -0.0100629 0.990899 68.1868 
0.989857 0.0246701 -0.139909 -83.7504 -0.0232873 0.999663 0.0115116 -0.0727311 0.140146 -0.00813671 0.990097 68.9629 
0.988938 0.0264719 -0.145946 -83.8868 -0.025618 0.999642 0.00772692 -0.0777732 0.146098 -0.00390256 0.989262 69.7362 
0.988054 0.0253882 -0.152003 -84.0197 -0.0249288 0.999677 0.00492725 -0.0851689 0.152079 -0.0010791 0.988368 70.5029 
0.987181 0.0266551 -0.157362 -84.1613 -0.0263907 0.999645 0.00376968 -0.0929556 0.157407 0.000431587 0.987534 71.2653 
0.986401 0.0283842 -0.161885 -84.3066 -0.0273504 0.999589 0.00861154 -0.0972015 0.162063 -0.00406677 0.986772 72.0288 
0.985488 0.0290435 -0.167245 -84.4715 -0.0272944 0.999546 0.0127477 -0.101447 0.167539 -0.00799776 0.985833 72.7679 
0.984465 0.0285587 -0.173245 -84.6232 -0.0263543 0.99954 0.0150113 -0.110316 0.173594 -0.0102123 0.984764 73.5259 
0.983231 0.0261442 -0.18048 -84.7749 -0.0244921 0.999635 0.0113767 -0.118047 0.180711 -0.00676553 0.983513 74.2722 
0.981755 0.0235963 -0.188681 -84.9385 -0.0232836 0.999721 0.00387345 -0.115069 0.188719 0.000590431 0.982031 75.0162 
0.980031 0.0216426 -0.197663 -85.1052 -0.0216437 0.999763 0.00215463 -0.125016 0.197663 0.00216661 0.980268 75.7546 
0.977818 0.0208354 -0.208419 -85.2828 -0.0202465 0.999783 0.00495844 -0.13271 0.208477 -0.000628652 0.978027 76.4979 
0.975441 0.0206828 -0.219286 -85.4676 -0.0186558 0.999762 0.0113103 -0.138085 0.219468 -0.00694153 0.975595 77.2359 
0.972658 0.0223767 -0.231162 -85.6665 -0.0184967 0.99965 0.0189385 -0.141254 0.231504 -0.014145 0.972731 77.9726 
0.969963 0.0227972 -0.24218 -85.8706 -0.0179303 0.999591 0.0222815 -0.144195 0.242589 -0.0172698 0.969975 78.6959 
0.967009 0.0259246 -0.253419 -86.0862 -0.0221296 0.999596 0.0178145 -0.150822 0.253779 -0.0116186 0.967193 79.4077 
0.963806 0.0253747 -0.265395 -86.3031 -0.0239233 0.999676 0.00870014 -0.154148 0.26553 -0.00203607 0.964101 80.1064 
0.960471 0.0229119 -0.277435 -86.5309 -0.0227583 0.999734 0.00377422 -0.153194 0.277448 0.00268898 0.960737 80.8099 
0.956854 0.0216397 -0.289763 -86.7616 -0.0199988 0.999763 0.00862294 -0.154121 0.289881 -0.00245592 0.95706 81.5246 
0.953395 0.022545 -0.300881 -87.0121 -0.018548 0.999698 0.0161344 -0.161827 0.301154 -0.00980166 0.953525 82.2418 
0.949545 0.0224387 -0.312828 -87.2659 -0.0165324 0.999632 0.0215202 -0.163513 0.313195 -0.0152626 0.949566 82.9575 
0.945339 0.0200918 -0.325471 -87.5262 -0.0145605 0.999705 0.0194218 -0.161424 0.325765 -0.0136211 0.945353 83.6637 
0.941463 0.0181201 -0.336629 -87.7976 -0.0138903 0.999792 0.0149694 -0.163001 0.33683 -0.00941718 0.941518 84.3668 
0.938196 0.0138275 -0.345829 -88.072 -0.0117229 0.999898 0.0081763 -0.169068 0.345907 -0.00361679 0.938262 85.0622 
0.935396 0.010123 -0.353457 -88.353 -0.00995025 0.999948 0.00230578 -0.171881 0.353462 0.00136022 0.935448 85.7584 
0.932632 0.00995403 -0.360692 -88.6429 -0.0106039 0.999944 0.00017703 -0.177802 0.360673 0.0036597 0.932685 86.4593 
0.929553 0.0148879 -0.368388 -88.9475 -0.0159702 0.999873 0.000110824 -0.188042 0.368342 0.00578024 0.929672 87.1525 
0.926358 0.0147459 -0.376356 -89.2487 -0.0149961 0.999885 0.00226489 -0.198231 0.376346 0.0035458 0.926473 87.8536 
0.923018 0.0154475 -0.384448 -89.5541 -0.0130176 0.999876 0.00892204 -0.204101 0.384538 -0.00323055 0.923104 88.5554 
0.920119 0.0171371 -0.391263 -89.8686 -0.0113902 0.999791 0.0170043 -0.206721 0.391473 -0.0111893 0.920122 89.2602 
0.91748 0.026848 -0.396874 -90.2032 -0.0190222 0.99954 0.0236425 -0.212711 0.397326 -0.014142 0.917569 89.9532 
0.914855 0.0331593 -0.40242 -90.5399 -0.0272217 0.99942 0.0204664 -0.215219 0.402865 -0.00776917 0.915227 90.6326 
0.912404 0.0295822 -0.40822 -90.866 -0.0267018 0.999562 0.0127539 -0.21151 0.408418 -0.000736498 0.912795 91.3206 
0.910403 0.0218498 -0.413145 -91.1906 -0.0215742 0.999753 0.00533261 -0.209168 0.413159 0.00405851 0.91065 92.0116 
0.908547 0.0225254 -0.417175 -91.5225 -0.0226185 0.999733 0.00472077 -0.21333 0.41717 0.00514688 0.908814 92.7012 
0.906302 0.0283999 -0.421675 -91.8733 -0.0267667 0.999594 0.00979341 -0.21784 0.421782 0.0024111 0.906694 93.3909 
0.903689 0.0308199 -0.427079 -92.2207 -0.0274411 0.999525 0.0140651 -0.222708 0.427309 -0.000990935 0.904105 94.0903 
0.901461 0.0274341 -0.431991 -92.5673 -0.0245046 0.999624 0.012347 -0.231704 0.432167 -0.000544521 0.901794 94.7801 
0.898967 0.0253627 -0.437282 -92.9161 -0.0252709 0.999663 0.00602906 -0.238464 0.437287 0.00563062 0.899304 95.4618 
0.89672 0.0227376 -0.442013 -93.273 -0.0256244 0.999672 -0.000560747 -0.242606 0.441855 0.0118292 0.897008 96.1445 
0.894326 0.0237351 -0.446786 -93.639 -0.027495 0.99962 -0.00193254 -0.251392 0.44657 0.0140127 0.894639 96.8324 
0.892481 0.0267659 -0.450289 -94.0146 -0.028734 0.999584 0.00246537 -0.264464 0.450168 0.0107384 0.892879 97.5152 
0.890446 0.0283246 -0.454206 -94.3868 -0.0294815 0.999555 0.00453606 -0.275024 0.454133 0.00935159 0.890885 98.1948 
0.887944 0.029131 -0.459028 -94.7568 -0.0301468 0.999532 0.00511657 -0.282854 0.458962 0.00929504 0.888407 98.8767 
0.885486 0.0274605 -0.463854 -95.1223 -0.028512 0.999582 0.00474731 -0.297397 0.46379 0.00902176 0.885899 99.5554 
0.883351 0.0253653 -0.468025 -95.492 -0.0265304 0.99964 0.00410335 -0.307609 0.46796 0.00879225 0.883706 100.222 
0.880993 0.0247356 -0.472482 -95.8657 -0.0256514 0.999661 0.00450474 -0.314011 0.472433 0.00815124 0.881329 100.895 
0.878705 0.0264191 -0.476633 -96.2484 -0.027378 0.999613 0.00493384 -0.321859 0.476579 0.0087139 0.879089 101.551 
0.876334 0.0267724 -0.480959 -96.6263 -0.0278015 0.999601 0.00498638 -0.333475 0.480901 0.00900172 0.876729 102.207 
0.873871 0.0241299 -0.48556 -97.0002 -0.027077 0.999633 0.000945767 -0.345881 0.485404 0.0123211 0.874203 102.854 
0.87174 0.0209909 -0.489519 -97.38 -0.0259082 0.999659 -0.00327156 -0.362424 0.489284 0.0155345 0.871986 103.489 
0.869713 0.0193483 -0.493179 -97.7605 -0.0255354 0.999657 -0.00581296 -0.374974 0.492897 0.0176492 0.869908 104.124 
0.867761 0.0210374 -0.496537 -98.1384 -0.025474 0.999673 -0.00216465 -0.383324 0.496329 0.0145272 0.868013 104.756 
0.865741 0.0250599 -0.499864 -98.5183 -0.0252595 0.999661 0.00636803 -0.39105 0.499854 0.00711328 0.86608 105.389 
0.864051 0.0274783 -0.502654 -98.8895 -0.0224271 0.999619 0.0160939 -0.403399 0.502905 -0.00263281 0.864338 106.014 
0.862579 0.0273612 -0.505183 -99.2633 -0.0195808 0.999594 0.0207056 -0.406731 0.505544 -0.00796829 0.862764 106.625 
0.860892 0.0240621 -0.508218 -99.6218 -0.0161564 0.99967 0.0199622 -0.404427 0.50853 -0.00897432 0.860997 107.22 
0.85906 0.0222757 -0.51139 -99.9839 -0.0162029 0.999735 0.016329 -0.404538 0.511619 -0.00574153 0.859194 107.8 
0.857438 0.0203458 -0.514186 -100.337 -0.0156678 0.999787 0.0134334 -0.40642 0.514349 -0.0034621 0.857574 108.357 
0.856101 0.0185905 -0.516474 -100.686 -0.0142691 0.999822 0.0123363 -0.409124 0.516612 -0.00319148 0.856214 108.903 
0.854961 0.0167974 -0.518421 -101.024 -0.0122627 0.999851 0.012173 -0.419879 0.518548 -0.00405017 0.855039 109.428 
0.853621 0.0170908 -0.520614 -101.353 -0.0120655 0.999842 0.0130397 -0.424463 0.520755 -0.00484946 0.853693 109.94 
0.852364 0.0168326 -0.522678 -101.671 -0.0108243 0.999836 0.0145473 -0.427703 0.522836 -0.00674197 0.852406 110.439 
0.851164 0.0155941 -0.524667 -101.991 -0.00926286 0.999849 0.0146903 -0.422822 0.524817 -0.00764391 0.851181 110.919 
0.849749 0.013919 -0.527003 -102.283 -0.00714141 0.999864 0.014893 -0.428723 0.527139 -0.00889173 0.849733 111.377 
0.848451 0.0128897 -0.529117 -102.564 -0.00667985 0.999885 0.0136467 -0.428147 0.529232 -0.00804407 0.848439 111.82 
0.847287 0.0128682 -0.53098 -102.844 -0.00864059 0.999908 0.0104447 -0.441125 0.531066 -0.00426164 0.84732 112.23 
0.845921 0.010303 -0.533208 -103.111 -0.00814263 0.999946 0.00640351 -0.446487 0.533246 -0.0010751 0.84596 112.614 
0.843633 0.00626309 -0.536883 -103.363 -0.00478888 0.99998 0.00414033 -0.448378 0.536898 -0.000921804 0.843647 113 
0.84081 0.00194586 -0.541327 -103.601 0.000257745 0.999992 0.00399487 -0.445263 0.541331 -0.0034984 0.840802 113.373 
0.837198 0.00293817 -0.546893 -103.837 2.66959e-05 0.999985 0.00541322 -0.448213 0.5469 -0.00454648 0.837185 113.727 
0.833393 0.00658099 -0.552642 -104.073 -0.00314473 0.999969 0.00716552 -0.451726 0.552673 -0.00423373 0.833388 114.053 
0.82958 0.0125216 -0.558248 -104.295 -0.00725618 0.999906 0.011645 -0.457175 0.558341 -0.00560965 0.829593 114.361 
0.825304 0.0173876 -0.564421 -104.508 -0.00886883 0.999802 0.0178319 -0.452559 0.564619 -0.00971093 0.825295 114.665 
0.820391 0.0191973 -0.57148 -104.709 -0.0080834 0.999726 0.0219788 -0.453889 0.571746 -0.0134117 0.820321 114.942 
0.814961 0.0163775 -0.579285 -104.905 -0.00345176 0.99972 0.0234078 -0.460024 0.579506 -0.0170768 0.814789 115.207 
0.807963 0.0142643 -0.589061 -105.09 -8.22755e-06 0.999707 0.0241968 -0.458683 0.589234 -0.0195452 0.807726 115.451 
0.799288 0.0122586 -0.600824 -105.274 0.00302619 0.999697 0.0244226 -0.447657 0.600941 -0.0213388 0.799008 115.678 
0.789154 0.0128594 -0.614061 -105.457 0.00363701 0.999665 0.0256085 -0.453101 0.614185 -0.0224423 0.788843 115.882 
0.776974 0.014341 -0.62937 -105.64 0.00172433 0.999688 0.0249079 -0.451317 0.62953 -0.020438 0.776707 116.071 
0.762946 0.0128627 -0.646334 -105.811 0.00171456 0.999758 0.0219201 -0.451458 0.64646 -0.017832 0.762739 116.243 
0.747895 0.0104021 -0.663736 -105.975 0.0010986 0.999856 0.0169077 -0.458 0.663816 -0.0133744 0.747776 116.406 
0.732747 0.00708442 -0.680464 -106.138 0.00123199 0.99993 0.011737 -0.460962 0.6805 -0.00943856 0.732687 116.556 
0.717033 0.00693773 -0.697005 -106.303 -0.00245318 0.999969 0.00742963 -0.457629 0.697035 -0.00361736 0.717028 116.7 
0.701242 0.0104215 -0.712848 -106.476 -0.00990102 0.999939 0.00487876 -0.452756 0.712855 0.00363678 0.701302 116.829 
0.683753 0.0122499 -0.729611 -106.65 -0.0126775 0.999908 0.00490733 -0.449521 0.729603 0.0058943 0.683845 116.961 
0.664507 0.0104117 -0.747209 -106.821 -0.00963512 0.999939 0.00536457 -0.438599 0.74722 0.00363471 0.664567 117.104 
0.644527 0.00973667 -0.76452 -107.002 -0.00675265 0.999952 0.00704223 -0.438457 0.764552 0.000623676 0.644562 117.227 
0.622177 0.01177 -0.782788 -107.183 -0.00660645 0.99993 0.00978397 -0.441928 0.782848 -0.000915868 0.622212 117.344 
0.59772 0.0161511 -0.801542 -107.376 -0.010181 0.999869 0.0125552 -0.436619 0.80164 0.000656013 0.597807 117.458 
0.572925 0.0200155 -0.819364 -107.574 -0.0124727 0.999799 0.0157018 -0.428999 0.819513 0.00122383 0.573059 117.561 
0.547234 0.0227899 -0.836669 -107.773 -0.013943 0.999739 0.018112 -0.426988 0.836864 0.00175423 0.547409 117.659 
0.521352 0.0254111 -0.852963 -107.978 -0.016982 0.999668 0.0194019 -0.420056 0.853173 0.00436986 0.52161 117.746 
0.494335 0.0297485 -0.868762 -108.184 -0.0213461 0.999528 0.02208 -0.417484 0.869009 0.00762982 0.494737 117.827 
0.466963 0.0322796 -0.883687 -108.395 -0.0232912 0.999436 0.0242001 -0.412824 0.88397 0.00928166 0.467451 117.891 
0.437043 0.0318082 -0.898878 -108.604 -0.0220246 0.999453 0.0246586 -0.415189 0.899171 0.00902066 0.437504 117.963 
0.404989 0.0284339 -0.913879 -108.831 -0.0221922 0.999528 0.0212641 -0.409941 0.914052 0.0116693 0.405429 118.026 
0.370069 0.0237396 -0.928701 -109.073 -0.0216323 0.999623 0.0169325 -0.400988 0.928752 0.0138238 0.370443 118.092 
0.330829 0.0214864 -0.943446 -109.34 -0.0214531 0.999654 0.0152437 -0.395123 0.943447 0.0151968 0.331176 118.151 
0.289067 0.0198181 -0.957104 -109.625 -0.0209419 0.999677 0.0143747 -0.37937 0.95708 0.0158884 0.289388 118.202 
0.245178 0.0179523 -0.969312 -109.922 -0.0201005 0.999708 0.013431 -0.372641 0.96927 0.0161907 0.245467 118.241 
0.1983 0.0153401 -0.980021 -110.236 -0.0189534 0.999751 0.0118138 -0.365783 0.979958 0.0162321 0.198542 118.262 
0.149864 0.0131672 -0.988619 -110.56 -0.0182736 0.999777 0.0105458 -0.357035 0.988538 0.0164852 0.150072 118.262 
0.0999035 0.012933 -0.994913 -110.902 -0.0174349 0.999785 0.0112456 -0.352414 0.994844 0.0162227 0.100107 118.25 
0.0479942 0.0147211 -0.998739 -111.259 -0.0161482 0.999772 0.0139603 -0.352604 0.998717 0.0154579 0.048221 118.22 
-0.00533927 0.0169745 -0.999842 -111.636 -0.0126851 0.999774 0.0170411 -0.344901 0.999905 0.0127741 -0.00512274 118.183 
-0.059095 0.0187899 -0.998076 -112.017 -0.00926403 0.99977 0.0193703 -0.336371 0.998209 0.0103909 -0.0589073 118.122 
-0.112613 0.0201006 -0.993436 -112.409 -0.00550955 0.999767 0.0208532 -0.325475 0.993624 0.00782177 -0.112476 118.037 
-0.165116 0.0222515 -0.986023 -112.812 -0.00235537 0.999734 0.0229553 -0.321622 0.986271 0.00611278 -0.16502 117.921 
-0.216634 0.0241741 -0.975954 -113.226 -4.31123e-05 0.999693 0.0247717 -0.319877 0.976253 0.00540851 -0.216567 117.79 
-0.265874 0.0255818 -0.963668 -113.641 0.00347554 0.999667 0.0255785 -0.31171 0.964002 0.00345144 -0.265874 117.629 
-0.314157 0.0270731 -0.948985 -114.074 0.00844815 0.999633 0.0257213 -0.302131 0.949334 6.33911e-05 -0.31427 117.45 
-0.360741 0.0286437 -0.932226 -114.513 0.013134 0.999585 0.025631 -0.294158 0.932574 -0.00299768 -0.360967 117.245 
-0.404756 0.0302924 -0.913923 -114.948 0.0175762 0.999524 0.0253456 -0.284596 0.914256 -0.00580448 -0.405095 117.006 
