1 2.12261e-08 -2.11895e-08 0 2.12261e-08 1 2.10703e-08 0 -2.11895e-08 2.10703e-08 1 0 
0.999998 0.000583772 0.00183096 -0.0103137 -0.000582151 1 -0.000862795 -0.00470714 -0.00183151 0.00086177 0.999998 0.448773 
0.999992 0.001954 0.0036291 -0.0184144 -0.0019471 0.999996 -0.0018934 -0.0108598 -0.00363283 0.00188636 0.999992 0.910589 
0.999979 0.00326378 0.00556967 -0.0295964 -0.00324966 0.999992 -0.00253515 -0.0175023 -0.00557794 0.00251704 0.999981 1.38924 
0.99997 0.00335249 0.00703397 -0.0350146 -0.00333465 0.999991 -0.00253955 -0.0245276 -0.00704246 0.00251606 0.999972 1.87851 
0.999959 0.00268771 0.00860731 -0.0371989 -0.00266802 0.999994 -0.00229294 -0.0318899 -0.00861347 0.00226992 0.99996 2.38 
0.99994 0.00238232 0.0107391 -0.040363 -0.0023676 0.999996 -0.00137988 -0.0378806 -0.0107424 0.00135441 0.999941 2.88651 
0.999923 0.00208533 0.0122526 -0.0419053 -0.002087 0.999998 0.000127102 -0.0453375 -0.0122524 -0.000152621 0.999925 3.39803 
0.999912 0.00269344 0.012978 -0.0433232 -0.00270839 0.999996 0.00113791 -0.0530079 -0.0129749 -0.00117292 0.999915 3.91273 
0.999901 0.00366417 0.0136178 -0.0470607 -0.00367974 0.999993 0.00112179 -0.060785 -0.0136136 -0.00117175 0.999907 4.42748 
0.999885 0.00405319 0.0146156 -0.0412778 -0.00406244 0.999992 0.000605941 -0.0684816 -0.014613 -0.000665205 0.999893 4.95878 
0.99987 0.00453191 0.0154619 -0.0445081 -0.0045402 0.99999 0.000504111 -0.0767213 -0.0154595 -0.000574204 0.99988 5.47739 
0.999853 0.00573762 0.0161907 -0.0465696 -0.00573442 0.999984 -0.000241315 -0.0843948 -0.0161918 0.000148477 0.999869 6.00111 
0.999832 0.00679239 0.0170329 -0.0494642 -0.0067776 0.999977 -0.000923148 -0.0929527 -0.0170388 0.000807592 0.999855 6.52753 
0.999803 0.00793162 0.0181817 -0.0522146 -0.00791334 0.999968 -0.00107493 -0.102371 -0.0181897 0.000930881 0.999834 7.06651 
0.999789 0.00798815 0.0189206 -0.0517035 -0.00795752 0.999967 -0.0016913 -0.110041 -0.0189335 0.00154043 0.99982 7.60322 
0.999759 0.0088173 0.0200994 -0.0490324 -0.00877674 0.999959 -0.0021033 -0.118387 -0.0201171 0.00192642 0.999796 8.1505 
0.99968 0.010425 0.02303 -0.0542795 -0.0103755 0.999944 -0.00226468 -0.124411 -0.0230523 0.00202505 0.999732 8.71836 
0.999579 0.0112084 0.0267647 -0.0458609 -0.0111467 0.999935 -0.00245154 -0.138221 -0.0267904 0.00215221 0.999639 9.27607 
0.999467 0.0113179 0.0306259 -0.0360059 -0.0112307 0.999932 -0.0030164 -0.144951 -0.030658 0.00267089 0.999526 9.8472 
0.999292 0.011283 0.0358992 -0.0274287 -0.0111614 0.999931 -0.00358392 -0.155884 -0.0359372 0.00318073 0.999349 10.4186 
0.999064 0.0115287 0.0416813 -0.00754254 -0.0113941 0.999929 -0.00346336 -0.171151 -0.0417183 0.00298524 0.999125 11.0093 
0.998797 0.0109424 0.0478073 0.0122669 -0.0108111 0.999937 -0.00300342 -0.181797 -0.0478372 0.002483 0.998852 11.6041 
0.998487 0.0109192 0.0538928 0.0341049 -0.0107504 0.999936 -0.00341937 -0.199075 -0.0539267 0.00283487 0.998541 12.2021 
0.998154 0.00865897 0.0601136 0.0650327 -0.00841426 0.999955 -0.00432208 -0.209425 -0.0601484 0.00380833 0.998182 12.8168 
0.99778 0.00751761 0.0661785 0.100948 -0.00722098 0.999963 -0.0047197 -0.219812 -0.0662116 0.00423138 0.997797 13.4391 
0.997307 0.0103016 0.0726115 0.1387 -0.00982539 0.999928 -0.00691254 -0.22853 -0.0726776 0.00618053 0.997336 14.0729 
0.996853 0.0144337 0.0779457 0.201561 -0.0136789 0.999854 -0.0102079 -0.236767 -0.0780817 0.00910965 0.996905 14.7413 
0.996425 0.0116922 0.0836674 0.256742 -0.0108451 0.999885 -0.010571 -0.244626 -0.0837815 0.00962586 0.996438 15.4121 
0.996114 0.00417337 0.0879768 0.326495 -0.00349037 0.999963 -0.00791536 -0.251687 -0.0880066 0.00757757 0.996091 16.1019 
0.995663 -0.00120005 0.0930311 0.383315 0.00163126 0.999988 -0.0045587 -0.259547 -0.0930246 0.00469073 0.995653 16.7888 
0.995236 -0.000638405 0.0974918 0.430192 0.000735839 0.999999 -0.000963005 -0.273558 -0.0974912 0.0010302 0.995236 17.4927 
0.995011 -0.00169514 0.0997547 0.489056 0.00183618 0.999997 -0.00132166 -0.272645 -0.0997522 0.00149827 0.995011 18.223 
0.995004 -0.00581191 0.0996692 0.562876 0.00613668 0.999977 -0.00295181 -0.284737 -0.0996498 0.00354874 0.995016 18.9705 
0.995119 -0.0111551 0.0980514 0.624951 0.0117107 0.999919 -0.00509249 -0.283932 -0.0979866 0.00621592 0.995168 19.7162 
0.995556 -0.0134086 0.0932145 0.685843 0.0139895 0.999887 -0.00558167 -0.294306 -0.0931291 0.00686093 0.99563 20.4827 
0.996219 -0.0129192 0.085907 0.733398 0.0134709 0.999892 -0.00584485 -0.306085 -0.0858222 0.00698004 0.996286 21.2698 
0.996959 -0.0127666 0.076874 0.774764 0.0131237 0.999905 -0.00414106 -0.315447 -0.0768139 0.00513738 0.997032 22.0764 
0.997664 -0.0129856 0.0670722 0.811924 0.0131554 0.999911 -0.00208971 -0.328784 -0.0670391 0.00296723 0.997746 22.8903 
0.998245 -0.0121908 0.0579465 0.836769 0.012158 0.999926 0.000919578 -0.339567 -0.0579534 -0.000213412 0.998319 23.7227 
0.998674 -0.0116777 0.0501436 0.859005 0.0115401 0.999929 0.00303355 -0.351175 -0.0501755 -0.00245082 0.998737 24.5536 
0.999009 -0.00982232 0.0434108 0.873272 0.00967155 0.999946 0.00368262 -0.35789 -0.0434447 -0.00325908 0.999051 25.3946 
0.999241 -0.00869522 0.0379743 0.884772 0.00854359 0.999955 0.00415433 -0.36905 -0.0380087 -0.0038267 0.99927 26.2289 
0.999435 -0.00746603 0.0327747 0.892023 0.00733256 0.999964 0.00419206 -0.379216 -0.0328049 -0.00394933 0.999454 27.0674 
0.999586 -0.00712103 0.0278681 0.894024 0.00701016 0.999967 0.00407539 -0.39229 -0.0278962 -0.0038783 0.999603 27.9067 
0.999708 -0.00712598 0.0230978 0.895052 0.00704799 0.999969 0.00345772 -0.403059 -0.0231217 -0.00329387 0.999727 28.7468 
0.999803 -0.00625024 0.0188426 0.889572 0.00617068 0.999972 0.00427954 -0.418564 -0.0188688 -0.00416239 0.999813 29.5833 
0.999875 -0.00457478 0.0151163 0.886087 0.00449868 0.999977 0.00506768 -0.428879 -0.0151392 -0.004999 0.999873 30.4127 
0.99992 -0.00212345 0.012435 0.877683 0.0020483 0.99998 0.0060569 -0.440995 -0.0124477 -0.00603091 0.999904 31.2427 
0.999942 -0.000293448 0.0107535 0.872483 0.000231696 0.999984 0.00574721 -0.448114 -0.0107551 -0.00574434 0.999926 32.0662 
0.999951 0.00061396 0.00988919 0.86243 -0.000667433 0.999985 0.0054091 -0.459853 -0.00988576 -0.00541539 0.999937 32.8911 
0.999957 0.00236239 0.00902651 0.853628 -0.00239833 0.999989 0.00397736 -0.472029 -0.00901706 -0.0039988 0.999951 33.6999 
0.999953 0.0048008 0.00841064 0.841399 -0.0048324 0.999981 0.00374497 -0.484184 -0.00839255 -0.00378539 0.999958 34.5018 
0.999948 0.00670353 0.0077512 0.826849 -0.00673825 0.999967 0.00446734 -0.499135 -0.00772104 -0.00451929 0.99996 35.295 
0.999939 0.00832313 0.00722724 0.814404 -0.00836111 0.999951 0.00524678 -0.515832 -0.00718326 -0.00530685 0.99996 36.0738 
0.999935 0.00925835 0.00659629 0.805021 -0.00929268 0.999943 0.00519923 -0.529377 -0.00654783 -0.00526015 0.999965 36.8384 
0.999917 0.0114529 0.0059117 0.792355 -0.0114834 0.999921 0.00515353 -0.539689 -0.00585225 -0.00522095 0.999969 37.5936 
0.999893 0.0133799 0.00600083 0.777561 -0.0134122 0.999896 0.00537897 -0.551513 -0.00592828 -0.00545883 0.999968 38.3398 
0.999849 0.0162208 0.00624745 0.765432 -0.016255 0.999853 0.00546232 -0.563491 -0.00615797 -0.005563 0.999966 39.063 
0.999778 0.0195828 0.00776251 0.753196 -0.0196249 0.999793 0.0053814 -0.576342 -0.00765556 -0.0055325 0.999955 39.7731 
0.999716 0.0213733 0.0105119 0.745989 -0.0214193 0.999761 0.00428128 -0.590761 -0.010418 -0.00450519 0.999936 40.4771 
0.99963 0.0231084 0.0143323 0.742541 -0.0231589 0.999726 0.00336908 -0.603336 -0.0142505 -0.00369971 0.999892 41.1675 
0.99956 0.0225198 0.0193108 0.744119 -0.0225943 0.999738 0.00364652 -0.616211 -0.0192237 -0.00408119 0.999807 41.8416 
0.999414 0.0235713 0.0248053 0.747785 -0.0236738 0.999712 0.00384638 -0.626069 -0.0247076 -0.00443132 0.999685 42.5011 
0.999242 0.0237903 0.030809 0.759351 -0.0239323 0.999705 0.00424898 -0.635079 -0.0306989 -0.00498305 0.999516 43.1511 
0.998997 0.0233016 0.0382325 0.774277 -0.0235044 0.999712 0.00486243 -0.648039 -0.0381082 -0.00575614 0.999257 43.7808 
0.998624 0.0233799 0.0469505 0.793257 -0.0236263 0.99971 0.00470134 -0.658309 -0.046827 -0.0058041 0.998886 44.4009 
0.998045 0.0242856 0.0575851 0.816793 -0.0245884 0.999687 0.00455665 -0.668014 -0.0574564 -0.00596363 0.99833 45.0058 
0.997303 0.0234135 0.0695588 0.854185 -0.0237717 0.999708 0.00432722 -0.677718 -0.0694372 -0.00596905 0.997569 45.6054 
0.996369 0.0223181 0.0821643 0.899915 -0.0227413 0.999733 0.00421833 -0.684016 -0.0820482 -0.00607149 0.99661 46.1929 
0.995229 0.0217173 0.0951227 0.953736 -0.0221553 0.999748 0.00355104 -0.691684 -0.0950216 -0.00564153 0.995459 46.7712 
0.993702 0.0215367 0.109969 1.01279 -0.0220795 0.999749 0.00372065 -0.703611 -0.109861 -0.00612523 0.993928 47.3332 
0.991731 0.021305 0.126555 1.07959 -0.0219869 0.99975 0.00399367 -0.711758 -0.126438 -0.00674316 0.991952 47.8836 
0.989276 0.0237957 0.144104 1.14994 -0.0245313 0.999694 0.00333036 -0.721368 -0.143981 -0.00682968 0.989557 48.4195 
0.986074 0.0222176 0.164819 1.2418 -0.0229675 0.999733 0.00264563 -0.731576 -0.164716 -0.00639422 0.98632 48.9497 
0.981856 0.0253704 0.187926 1.33909 -0.0261348 0.999657 0.00159088 -0.742106 -0.187821 -0.00647339 0.982182 49.4599 
0.97665 0.0244057 0.213448 1.45315 -0.0248312 0.999691 -0.000687806 -0.753476 -0.213399 -0.00462838 0.976954 49.9621 
0.970536 0.0234039 0.239817 1.58399 -0.0232351 0.999724 -0.00353113 -0.763636 -0.239833 -0.00214505 0.970812 50.4444 
0.963184 0.0223425 0.267912 1.72409 -0.0215111 0.99975 -0.00603838 -0.775195 -0.26798 5.3023e-05 0.963424 50.9091 
0.954508 0.0199532 0.297516 1.88004 -0.0187888 0.999801 -0.0067731 -0.793184 -0.297592 0.00087504 0.954693 51.3591 
0.944349 0.0218013 0.328222 2.04143 -0.0199165 0.99976 -0.00910334 -0.805257 -0.328342 0.00205972 0.944557 51.7898 
0.932755 0.0224559 0.359811 2.20803 -0.020661 0.999748 -0.00883391 -0.817874 -0.359919 0.000805863 0.932983 52.2026 
0.919664 0.0213868 0.392124 2.39034 -0.0202416 0.99977 -0.00705486 -0.83891 -0.392185 -0.0014491 0.919885 52.6067 
0.904485 0.0204202 0.426016 2.58001 -0.0196171 0.999788 -0.00627315 -0.85444 -0.426054 -0.00268319 0.904694 52.9872 
0.887279 0.0196512 0.460814 2.77991 -0.0189414 0.999802 -0.00616502 -0.872053 -0.460844 -0.00325833 0.887475 53.3463 
0.867993 0.0193991 0.496197 2.98906 -0.0182466 0.999808 -0.0071692 -0.885509 -0.496241 -0.00283108 0.86818 53.684 
0.84661 0.0184188 0.531896 3.2074 -0.0162464 0.99983 -0.00876357 -0.898054 -0.531966 -0.00122202 0.846765 54.0048 
0.823353 0.0171802 0.56727 3.4415 -0.0139049 0.999852 -0.0100992 -0.911513 -0.56736 0.000427378 0.82347 54.3062 
0.798098 0.0141364 0.602362 3.69413 -0.00999434 0.999898 -0.0102239 -0.924227 -0.602445 0.00213948 0.798158 54.5963 
0.770165 0.0102475 0.637762 3.95414 -0.00687334 0.999946 -0.00776668 -0.937474 -0.637807 0.00159809 0.770194 54.8744 
0.740484 0.00578733 0.672049 4.22556 -0.00437581 0.999983 -0.00378985 -0.946328 -0.67206 -0.000134417 0.740497 55.1388 
0.708242 0.0022401 0.705966 4.50679 -0.00300182 0.999996 -0.000161517 -0.953063 -0.705963 -0.00200477 0.708246 55.3931 
0.67304 -6.80572e-05 0.739606 4.79404 -0.00356341 0.999988 0.00333478 -0.955326 -0.739597 -0.00487994 0.673032 55.6293 
0.635195 -0.00372222 0.772343 5.08873 -0.00236153 0.999974 0.00676152 -0.965272 -0.772348 -0.00611878 0.63517 55.8485 
0.596184 -0.00736393 0.802814 5.38911 0.000365436 0.99996 0.00890096 -0.97202 -0.802848 -0.00501322 0.596163 56.0328 
0.553966 -0.00956666 0.832484 5.70735 0.00306739 0.999951 0.00945004 -0.981245 -0.832534 -0.00268143 0.553968 56.2105 
0.509134 -0.0084516 0.860646 6.0398 0.00483763 0.999964 0.00695796 -0.980038 -0.860674 0.000620967 0.509156 56.3815 
0.462232 -0.00586593 0.88674 6.38719 0.0041872 0.999981 0.00443243 -0.97809 -0.886749 0.00166416 0.462248 56.5405 
0.412864 -0.00303049 0.910787 6.75332 -0.000186834 0.999994 0.00341205 -0.983573 -0.910793 -0.00157887 0.412861 56.6912 
0.362624 -0.000687738 0.931935 7.12633 -0.00508892 0.999983 0.00271815 -0.986822 -0.931922 -0.00572821 0.362615 56.8206 
0.312634 -0.000251356 0.949874 7.52999 -0.00749267 0.999968 0.00273074 -0.991426 -0.949844 -0.00797081 0.312622 56.9328 
0.264377 -0.000170001 0.96442 7.93976 -0.00575194 0.999982 0.0017531 -0.991555 -0.964402 -0.00601076 0.264371 57.0178 
0.219033 -0.00115405 0.975717 8.36677 -0.00466328 0.999987 0.00222963 -0.999805 -0.975706 -0.0050384 0.219025 57.0923 
0.177096 -0.00324693 0.984188 8.82211 -0.00444645 0.999982 0.00409918 -1.00153 -0.984184 -0.00510209 0.177078 57.1591 
0.138456 -0.00566937 0.990352 9.29632 -0.00445627 0.99997 0.00634748 -1.00509 -0.990359 -0.00529212 0.138427 57.2098 
0.102225 -0.00737362 0.994734 9.79388 -0.00549845 0.999953 0.00797741 -1.00719 -0.994746 -0.00628499 0.102179 57.2451 
0.0696545 -0.00870168 0.997533 10.3124 -0.00453349 0.999949 0.00903935 -1.01002 -0.997561 -0.00515193 0.0696115 57.2665 
0.0404647 -0.00919574 0.999139 10.8474 -0.0044219 0.999946 0.0093823 -1.011 -0.999171 -0.00479775 0.0404219 57.2747 
0.013751 -0.0069978 0.999881 11.4074 -0.00695889 0.999951 0.00709404 -1.00864 -0.999881 -0.00705561 0.0137016 57.2824 
-0.00891558 -0.00467828 0.999949 11.9871 -0.0111087 0.999928 0.00457918 -1.00724 -0.999899 -0.0110673 -0.0089669 57.279 
-0.0284541 -0.00390237 0.999588 12.5852 -0.0111539 0.999931 0.00358625 -1.00759 -0.999533 -0.0110472 -0.0284957 57.2615 
-0.0457372 -0.00327824 0.998948 13.1971 -0.00760696 0.999967 0.00293333 -1.00995 -0.998925 -0.00746479 -0.0457607 57.2295 
-0.0616897 -0.00346526 0.998089 13.8369 -0.00521507 0.999981 0.00314954 -1.01177 -0.998082 -0.00501081 -0.0617066 57.193 
-0.0770351 -0.00448568 0.997018 14.4967 -0.00604729 0.999974 0.00403177 -1.01317 -0.99701 -0.00571867 -0.0770602 57.1465 
-0.0915765 -0.0034042 0.995792 15.1716 -0.00524223 0.999982 0.00293647 -1.01718 -0.995784 -0.00495126 -0.0915927 57.0882 
-0.103646 -0.0015136 0.994613 15.8629 -0.00356866 0.999993 0.00114995 -1.02017 -0.994608 -0.00343025 -0.10365 57.017 
-0.113134 0.00125159 0.993579 16.5731 0.00388932 0.999992 -0.000816768 -1.02152 -0.993572 0.00377194 -0.113137 56.9317 
-0.118895 0.00395106 0.992899 17.2932 0.0118924 0.999926 -0.00255491 -1.02859 -0.992836 0.0115042 -0.118934 56.8409 
-0.121287 0.00409251 0.992609 18.0422 0.0164517 0.999862 -0.00211214 -1.03646 -0.992481 0.0160739 -0.121338 56.7531 
-0.121116 0.00240198 0.992636 18.8002 0.0171138 0.999854 -0.000331269 -1.04598 -0.992491 0.0169477 -0.121139 56.6735 
-0.118237 0.00168334 0.992984 19.573 0.0206722 0.999786 0.000766644 -1.04965 -0.99277 0.0206178 -0.118246 56.5899 
-0.113984 0.000588963 0.993482 20.3629 0.0224092 0.999747 0.0019784 -1.06083 -0.99323 0.0224886 -0.113968 56.5159 
-0.109428 0.00153308 0.993994 21.1587 0.0214336 0.99977 0.000817669 -1.06926 -0.993764 0.0213943 -0.109436 56.4446 
-0.10528 0.00242297 0.99444 21.9549 0.0208019 0.999784 -0.000233691 -1.07889 -0.994225 0.0206616 -0.105307 56.3787 
-0.100657 0.00175021 0.99492 22.7588 0.0256272 0.999671 0.000834211 -1.08968 -0.994591 0.025581 -0.100669 56.3065 
-0.0966815 -0.000259208 0.995315 23.57 0.0313748 0.999502 0.00330797 -1.10025 -0.994821 0.0315476 -0.0966252 56.2295 
-0.0923756 -0.0036819 0.995717 24.3794 0.0337562 0.999407 0.00682725 -1.10955 -0.995152 0.0342423 -0.0921966 56.1564 
-0.0873573 -0.00719958 0.996151 25.1903 0.0367966 0.999268 0.010449 -1.11683 -0.995497 0.0375678 -0.0870285 56.0901 
-0.0821783 -0.0103872 0.996564 25.9976 0.037608 0.999201 0.013516 -1.1292 -0.995908 0.0385894 -0.081722 56.0387 
-0.0777328 -0.011816 0.996904 26.8035 0.0353702 0.999268 0.014602 -1.13355 -0.996347 0.0363957 -0.077258 55.9897 
-0.0738876 -0.0133013 0.997178 27.6122 0.0287286 0.999468 0.0154605 -1.13496 -0.996853 0.0297899 -0.0734662 55.9563 
-0.0695833 -0.016715 0.997436 28.4234 0.0228738 0.99957 0.0183466 -1.13454 -0.997314 0.0240918 -0.069171 55.9259 
-0.0653139 -0.0181517 0.9977 29.2354 0.0200971 0.999608 0.0195021 -1.13636 -0.997662 0.0213247 -0.0649234 55.8963 
-0.0612029 -0.0142668 0.998023 30.0401 0.0206689 0.999665 0.0155578 -1.14056 -0.997911 0.0215802 -0.0608875 55.8638 
-0.0579545 -0.00649197 0.998298 30.8492 0.0215742 0.999737 0.00775383 -1.14333 -0.998086 0.0219869 -0.0577992 55.8325 
-0.0552163 -0.000478154 0.998474 31.665 0.0200016 0.999799 0.00158493 -1.14446 -0.998274 0.0200586 -0.0551957 55.8031 
-0.0532675 -0.000875198 0.99858 32.4906 0.019384 0.99981 0.00191032 -1.1482 -0.998392 0.0194582 -0.0532404 55.7747 
-0.0519598 -0.00478767 0.998638 33.3165 0.0221328 0.999737 0.00594457 -1.16058 -0.998404 0.0224115 -0.0518402 55.745 
-0.0508556 -0.00511859 0.998693 34.1426 0.0232639 0.999709 0.00630848 -1.17315 -0.998435 0.0235543 -0.0507218 55.7115 
-0.0507799 -0.00262427 0.998706 34.9663 0.020764 0.999778 0.00368289 -1.183 -0.998494 0.0209242 -0.0507141 55.6855 
-0.0510443 -0.0014006 0.998695 35.8029 0.0137768 0.999903 0.00210648 -1.19246 -0.998601 0.0138664 -0.0510201 55.6701 
-0.0520071 -0.0021054 0.998645 36.6481 0.0120738 0.999923 0.00273692 -1.19677 -0.998574 0.0121998 -0.0519777 55.6436 
-0.05319 -0.00330747 0.998579 37.4966 0.0123372 0.999916 0.00396909 -1.21056 -0.998508 0.0125308 -0.0531448 55.6131 
-0.055035 0.000692633 0.998484 38.347 0.0117859 0.999931 -4.39752e-05 -1.22143 -0.998415 0.0117656 -0.0550393 55.5865 
-0.0566772 0.00470594 0.998382 39.2087 0.0119048 0.999921 -0.00403733 -1.22988 -0.998322 0.0116567 -0.0567287 55.5588 
-0.0575137 0.00754878 0.998316 40.0846 0.0125726 0.999898 -0.00683638 -1.24686 -0.998266 0.0121583 -0.0576027 55.5243 
-0.0585089 0.00855811 0.99825 40.9675 0.0143443 0.999867 -0.00773119 -1.26543 -0.998184 0.0138669 -0.0586239 55.4815 
-0.0593865 0.00997623 0.998185 41.8621 0.0142894 0.999856 -0.00914275 -1.28258 -0.998133 0.0137205 -0.0595205 55.4427 
-0.0605361 0.00981739 0.998118 42.767 0.0139343 0.999863 -0.00898939 -1.29644 -0.998069 0.0133639 -0.0606646 55.4066 
-0.061843 0.00515954 0.998073 43.6868 0.0115301 0.999924 -0.00445464 -1.31413 -0.998019 0.0112324 -0.0618978 55.3706 
-0.0633039 0.00335081 0.997989 44.6159 0.0116582 0.999929 -0.00261779 -1.3374 -0.997926 0.011469 -0.0633384 55.329 
-0.0644748 0.00665549 0.997897 45.5421 0.0123759 0.999906 -0.00586923 -1.35381 -0.997843 0.0119714 -0.0645512 55.2823 
-0.0652232 0.0105234 0.997815 46.4749 0.0132985 0.999865 -0.00967567 -1.36758 -0.997782 0.0126383 -0.0653543 55.2375 
-0.064902 0.011756 0.997822 47.418 0.0164358 0.999808 -0.0107103 -1.38627 -0.997756 0.0157049 -0.0650827 55.187 
-0.0646521 0.00822184 0.997874 48.3839 0.0208843 0.999758 -0.00688424 -1.40698 -0.997689 0.0203948 -0.0648082 55.1313 
-0.0648846 0.00280277 0.997889 49.3611 0.0228682 0.999738 -0.00132099 -1.41797 -0.997631 0.0227342 -0.0649317 55.0772 
-0.0638192 -6.45743e-05 0.997962 50.3476 0.0241535 0.999707 0.00160933 -1.43454 -0.997669 0.0242069 -0.063799 55.0243 
-0.0622667 0.00168378 0.998058 51.339 0.0235866 0.999722 -0.000215022 -1.44416 -0.997781 0.0235274 -0.0622891 54.9837 
-0.0614366 0.0045835 0.998101 52.3373 0.023551 0.999718 -0.00314123 -1.45588 -0.997833 0.0233133 -0.0615272 54.9419 
-0.0611717 0.00654978 0.998106 53.332 0.0178569 0.999826 -0.00546662 -1.47627 -0.997968 0.0174886 -0.061278 54.9082 
-0.0618938 0.00629687 0.998063 54.3416 0.0147242 0.999877 -0.00539517 -1.4918 -0.997974 0.0143618 -0.0619789 54.8763 
-0.062696 0.00164478 0.998031 55.3611 0.0142244 0.999899 -0.000754249 -1.50711 -0.997931 0.0141491 -0.062713 54.8352 
-0.0633188 -0.00410452 0.997985 56.4034 0.0121781 0.999914 0.00488516 -1.52031 -0.997919 0.0124629 -0.0632634 54.7882 
-0.0637686 -0.00368057 0.997958 57.4384 0.0139321 0.999893 0.00457799 -1.53172 -0.997867 0.0141956 -0.0637104 54.7328 
-0.0642109 -0.000561034 0.997936 58.4811 0.0172197 0.99985 0.00167013 -1.54837 -0.997788 0.0172914 -0.0641917 54.6848 
-0.0648017 0.00256642 0.997895 59.5206 0.0197782 0.999804 -0.00128692 -1.55645 -0.997702 0.0196532 -0.0648398 54.6192 
-0.0670179 -0.000553706 0.997752 60.576 0.0200687 0.999797 0.00190288 -1.57228 -0.99755 0.0201511 -0.0669931 54.5654 
-0.069943 -0.00563174 0.997535 61.654 0.0210776 0.999753 0.00712218 -1.58605 -0.997328 0.0215238 -0.069807 54.5146 
-0.0730598 -0.00856468 0.997291 62.7457 0.022402 0.999697 0.0102265 -1.5983 -0.997076 0.0230884 -0.0728458 54.4574 
-0.0769947 -0.00744758 0.997004 63.8297 0.026752 0.999597 0.00953294 -1.60022 -0.996673 0.0274059 -0.0767644 54.3944 
-0.0804335 -0.00829233 0.996726 64.908 0.0299804 0.999493 0.0107347 -1.60539 -0.996309 0.0307457 -0.0801441 54.3203 
-0.0842796 -0.0104161 0.996388 65.9772 0.0338148 0.99934 0.0133072 -1.61479 -0.995868 0.0348141 -0.0838717 54.2495 
-0.0869508 -0.0099554 0.996163 67.0422 0.0372749 0.999217 0.0132395 -1.6192 -0.995515 0.038283 -0.0865116 54.1679 
-0.0892433 -0.00648902 0.995989 68.1127 0.0412484 0.999097 0.0102053 -1.62819 -0.995155 0.0419937 -0.0888951 54.0851 
-0.0908127 -0.00183462 0.995866 69.1822 0.0436569 0.99903 0.00582154 -1.63839 -0.994911 0.0440051 -0.0906445 53.9995 
-0.0918583 0.000789854 0.995772 70.2526 0.0472567 0.998876 0.00356707 -1.65327 -0.99465 0.0473845 -0.0917924 53.9126 
-0.0911351 0.000167969 0.995839 71.3252 0.0458461 0.99894 0.0040272 -1.66514 -0.994783 0.0460223 -0.0910462 53.8322 
-0.0881801 -0.00217624 0.996102 72.3975 0.0471972 0.998865 0.00636046 -1.67734 -0.994986 0.0475741 -0.0879774 53.7517 
-0.0838556 -0.00570561 0.996462 73.4698 0.0503487 0.998682 0.00995538 -1.68986 -0.995205 0.0510054 -0.0834578 53.681 
-0.0785225 -0.00864205 0.996875 74.5475 0.0506096 0.998639 0.0126438 -1.69778 -0.995627 0.0514443 -0.0779782 53.6166 
-0.0739553 -0.0119587 0.99719 75.5997 0.05179 0.998533 0.0158158 -1.70611 -0.995916 0.0528141 -0.0732274 53.5649 
-0.0691586 -0.0132114 0.997518 76.6648 0.052695 0.998468 0.0168774 -1.71345 -0.996213 0.0537315 -0.0683565 53.5059 
-0.0652397 -0.00929642 0.997826 77.7415 0.0529363 0.998516 0.012764 -1.72089 -0.996465 0.0536539 -0.0646508 53.4514 
-0.063031 -0.00442211 0.998002 78.8072 0.0519001 0.998623 0.00770277 -1.72361 -0.996661 0.0522819 -0.0627147 53.4022 
-0.0616916 -0.00439427 0.998086 79.8824 0.0525942 0.998587 0.00764736 -1.72742 -0.996709 0.0529653 -0.0613733 53.3557 
-0.0601456 -0.00638258 0.998169 80.9537 0.0529983 0.998549 0.0095785 -1.74104 -0.996782 0.0534773 -0.05972 53.3043 
-0.0583514 -0.00335007 0.998291 82.0289 0.0530061 0.998573 0.00644933 -1.75184 -0.996888 0.0532918 -0.0580906 53.2629 
-0.0563737 0.00253577 0.998407 83.1085 0.0532678 0.99858 0.00047153 -1.76278 -0.996988 0.0532095 -0.0564287 53.2238 
-0.0542501 0.0056879 0.998511 84.1855 0.052265 0.998629 -0.00284893 -1.78099 -0.997159 0.0520326 -0.054473 53.1886 
-0.0518152 0.00504244 0.998644 85.2698 0.0526226 0.998612 -0.00231189 -1.80083 -0.997269 0.0524314 -0.0520086 53.1528 
-0.0482535 0.00183426 0.998833 86.354 0.0505736 0.99872 0.000609196 -1.82113 -0.997554 0.050544 -0.0482845 53.123 
-0.0442119 -0.00252644 0.999019 87.4466 0.0503256 0.998722 0.0047529 -1.83943 -0.997754 0.0504864 -0.0440282 53.1016 
-0.0395955 -0.0049506 0.999204 88.5347 0.0488368 0.998783 0.00688382 -1.85285 -0.998022 0.0490705 -0.0393055 53.0818 
-0.0359517 -0.00110897 0.999353 89.6105 0.044719 0.998996 0.00271738 -1.8752 -0.998353 0.0447878 -0.035866 53.0639 
-0.0342308 0.00846417 0.999378 90.6912 0.0412213 0.999125 -0.00705007 -1.89136 -0.998564 0.0409544 -0.0345498 53.054 
-0.0333945 0.0161461 0.999312 91.7642 0.0354273 0.99926 -0.0149613 -1.92372 -0.998814 0.0349033 -0.0339418 53.0446 
-0.032904 0.0159661 0.999331 92.8689 0.034754 0.999286 -0.0148211 -1.94844 -0.998854 0.034243 -0.0334354 53.0324 
-0.0321791 0.0096638 0.999435 93.9699 0.0345583 0.999366 -0.0085504 -1.98092 -0.998885 0.0342636 -0.0324927 53.0155 
-0.0332562 0.00369289 0.99944 95.0738 0.0360311 0.999348 -0.00249358 -2.00123 -0.998797 0.035928 -0.0333676 52.9895 
-0.0350288 -0.00206138 0.999384 96.1728 0.0346919 0.999393 0.0032774 -2.01393 -0.998784 0.0347853 -0.034936 52.9621 
-0.0367966 -0.00681089 0.9993 97.2802 0.0343746 0.999376 0.00807721 -2.02801 -0.998731 0.0346477 -0.0365396 52.9367 
-0.0391867 -0.00636602 0.999212 98.3638 0.0348674 0.999362 0.00773443 -2.04341 -0.998623 0.035143 -0.0389397 52.9177 
-0.0410475 -0.00600764 0.999139 99.4372 0.0347839 0.999367 0.00743807 -2.0546 -0.998552 0.0350592 -0.0408125 52.8899 
-0.0429896 -0.00730875 0.999049 100.522 0.0360043 0.999312 0.00886 -2.06752 -0.998427 0.0363509 -0.0426969 52.864 
-0.043956 -0.00547341 0.999019 101.608 0.0366196 0.999304 0.00708625 -2.08152 -0.998362 0.0368952 -0.0437249 52.8333 
-0.0443414 0.00273831 0.999013 102.68 0.0377651 0.999286 -0.00106281 -2.09893 -0.998302 0.0376807 -0.0444132 52.7987 
-0.0446788 0.0107289 0.998944 103.741 0.0348245 0.999351 -0.00917563 -2.11754 -0.998394 0.0343778 -0.0450235 52.7698 
-0.045868 0.0110079 0.998887 104.815 0.0324776 0.999427 -0.00952247 -2.14344 -0.998419 0.0320046 -0.0461992 52.7411 
-0.0481354 0.00505138 0.998828 105.885 0.0279834 0.999602 -0.00370668 -2.1695 -0.998449 0.0277722 -0.0482576 52.712 
-0.0510839 -0.00257596 0.998691 106.947 0.0219616 0.999752 0.00370209 -2.18821 -0.998453 0.022122 -0.0510147 52.6863 
-0.0531279 -0.0108903 0.998528 108.01 0.0200114 0.999728 0.0119682 -2.20343 -0.998387 0.0206178 -0.0528955 52.6551 
-0.0547294 -0.0175228 0.998347 109.068 0.0233708 0.99955 0.0188251 -2.21312 -0.998228 0.0243625 -0.0542953 52.6116 
-0.0567571 -0.0175537 0.998234 110.108 0.0221401 0.999577 0.0188362 -2.21505 -0.998143 0.0231701 -0.0563445 52.5738 
-0.0579921 -0.010182 0.998265 111.132 0.0257381 0.9996 0.0116909 -2.22761 -0.997985 0.0263715 -0.0577069 52.5327 
-0.058408 0.00434651 0.998283 112.156 0.0341691 0.999413 -0.00235221 -2.24313 -0.997708 0.033973 -0.0585222 52.4762 
-0.0596745 0.0157196 0.998094 113.186 0.0395514 0.999128 -0.0133711 -2.25883 -0.997434 0.0386781 -0.0602442 52.4301 
-0.0598483 0.0126365 0.998128 114.216 0.0394719 0.999168 -0.0102829 -2.28 -0.997427 0.0387826 -0.0602973 52.3817 
-0.0597388 0.00219844 0.998212 115.258 0.0416706 0.999131 0.000293384 -2.30045 -0.997344 0.0416136 -0.0597785 52.334 
-0.0594422 -0.00779418 0.998201 116.294 0.0421297 0.999059 0.0103097 -2.3155 -0.997342 0.0426667 -0.0590579 52.2911 
-0.0593257 -0.0130044 0.998154 117.315 0.0399289 0.999084 0.0153897 -2.3239 -0.99744 0.0407682 -0.0587522 52.2504 
-0.0593869 -0.0184128 0.998065 118.329 0.0372939 0.999091 0.0206508 -2.32507 -0.997538 0.0384482 -0.0586462 52.2113 
-0.0590557 -0.021767 0.998017 119.344 0.0345552 0.999119 0.0238357 -2.3264 -0.997656 0.0358944 -0.0582515 52.1708 
-0.0593227 -0.0198785 0.998041 120.342 0.0330193 0.999216 0.0218646 -2.33258 -0.997693 0.0342517 -0.0586198 52.1365 
-0.0584357 -0.0129691 0.998207 121.336 0.0308587 0.999414 0.0147913 -2.33251 -0.997814 0.0316677 -0.0580012 52.0944 
-0.058368 -0.00671916 0.998273 122.321 0.0303709 0.999503 0.00850323 -2.33385 -0.997833 0.0308147 -0.0581349 52.0569 
-0.0584023 -0.00166153 0.998292 123.3 0.0305379 0.999528 0.00345016 -2.34818 -0.997826 0.0306872 -0.058324 52.0183 
-0.0581582 0.00289517 0.998303 124.274 0.0323893 0.999475 -0.00101162 -2.36272 -0.997782 0.0322755 -0.0582214 51.9742 
-0.0579389 0.00720404 0.998294 125.236 0.0320934 0.999471 -0.00534985 -2.3876 -0.997804 0.0317287 -0.0581394 51.9363 
-0.0578613 0.00665696 0.998302 126.204 0.0335852 0.999425 -0.00471782 -2.40448 -0.99776 0.0332552 -0.0580516 51.8945 
-0.0577956 0.000534686 0.998328 127.168 0.0321553 0.999482 0.00132628 -2.42203 -0.99781 0.0321782 -0.0577829 51.8562 
-0.0583774 -0.00913377 0.998253 128.127 0.0299696 0.999491 0.0108978 -2.43529 -0.997845 0.0305535 -0.058074 51.8206 
-0.0592304 -0.0171304 0.998097 129.067 0.0245388 0.999526 0.0186112 -2.44599 -0.997943 0.0255945 -0.058782 51.7876 
-0.0617942 -0.0200529 0.997887 129.99 0.0193988 0.999585 0.0212883 -2.44978 -0.9979 0.0206733 -0.0613796 51.7568 
-0.0633554 -0.0176619 0.997835 130.889 0.0146154 0.99972 0.0186233 -2.45583 -0.997884 0.0157636 -0.0630795 51.7209 
-0.0646196 -0.0102437 0.997857 131.767 0.0113803 0.999875 0.0110014 -2.46194 -0.997845 0.0120668 -0.0644949 51.684 
-0.0653226 -0.00274566 0.99786 132.633 0.0131411 0.999907 0.00361159 -2.46902 -0.997778 0.0133489 -0.0652805 51.6417 
-0.0641744 0.00300005 0.997934 133.473 0.016828 0.999857 -0.00192362 -2.48563 -0.997797 0.0166698 -0.0642157 51.5985 
-0.0612714 0.00541452 0.998106 134.296 0.0200742 0.99979 -0.00419131 -2.50617 -0.997919 0.0197794 -0.0613673 51.5588 
-0.05673 0.00473561 0.998378 135.099 0.024202 0.999701 -0.00336663 -2.52615 -0.998096 0.0239718 -0.0568277 51.5239 
-0.0517678 -0.00032031 0.998659 135.892 0.0270904 0.999632 0.00172495 -2.54382 -0.998292 0.0271433 -0.0517401 51.4924 
-0.0478278 -0.00440981 0.998846 136.659 0.0285342 0.999576 0.00577938 -2.56286 -0.998448 0.0287777 -0.0476817 51.4703 
-0.0437772 -0.00412644 0.999033 137.401 0.0287163 0.999573 0.00538705 -2.58054 -0.998629 0.0289243 -0.04364 51.4563 
-0.0392587 0.000189259 0.999229 138.107 0.0303548 0.999539 0.00100333 -2.60084 -0.998768 0.0303708 -0.0392463 51.4379 
-0.0348712 0.00414301 0.999383 138.786 0.0304827 0.999531 -0.00307996 -2.61585 -0.998927 0.0303564 -0.0349811 51.428 
-0.0305283 0.00471515 0.999523 139.439 0.0319775 0.999482 -0.00373823 -2.63011 -0.999022 0.0318481 -0.0306633 51.4216 
-0.0264304 0.0047593 0.999639 140.062 0.0288401 0.999576 -0.00399643 -2.6466 -0.999235 0.028724 -0.0265564 51.4246 
-0.0225298 0.00360642 0.99974 140.657 0.0245239 0.999695 -0.00305355 -2.66578 -0.999445 0.0244487 -0.0226114 51.4307 
-0.0191806 0.00397911 0.999808 141.221 0.0196587 0.9998 -0.0036019 -2.6864 -0.999623 0.0195859 -0.019255 51.4424 
-0.0162542 0.00725196 0.999842 141.765 0.0178009 0.999817 -0.00696235 -2.69895 -0.999709 0.0176849 -0.0163803 51.4425 
-0.0148582 0.011019 0.999829 142.303 0.0173934 0.999791 -0.0107601 -2.71695 -0.999738 0.0172305 -0.0150467 51.4373 
-0.0149968 0.0124606 0.99981 142.857 0.0143241 0.999822 -0.0122459 -2.72723 -0.999785 0.0141377 -0.0151727 51.4333 
-0.0166824 0.0107242 0.999803 143.387 0.00852875 0.999908 -0.010583 -2.74102 -0.999825 0.00835052 -0.0167723 51.4401 
-0.0188482 0.00633917 0.999802 143.918 0.00275244 0.999976 -0.00628834 -2.75412 -0.999819 0.00263337 -0.0188652 51.4463 
-0.0209056 0.00107841 0.999781 144.444 0.00169523 0.999998 -0.00104316 -2.76834 -0.99978 0.00167305 -0.0209074 51.4395 
-0.0229456 -0.00193574 0.999735 144.964 0.00517991 0.999985 0.00205515 -2.78251 -0.999723 0.0052257 -0.0229352 51.4261 
-0.025199 0.000296356 0.999682 145.476 0.00751163 0.999972 -0.000107054 -2.79778 -0.999654 0.00750655 -0.0252006 51.4113 
-0.0282494 0.00348571 0.999595 145.983 0.00703724 0.99997 -0.0032881 -2.81156 -0.999576 0.0069415 -0.0282731 51.4044 
-0.0310436 0.0048754 0.999506 146.476 0.00326414 0.999983 -0.00477631 -2.82183 -0.999513 0.00311425 -0.031059 51.4038 
-0.0331949 0.00666394 0.999427 146.977 0.00253486 0.999975 -0.00658337 -2.82866 -0.999446 0.00231487 -0.0332109 51.3943 
-0.0352411 0.0080669 0.999346 147.473 0.0040319 0.99996 -0.00792964 -2.83767 -0.999371 0.00374982 -0.0352723 51.383 
-0.0382097 0.00531331 0.999256 147.965 0.00450105 0.999977 -0.00514499 -2.85305 -0.99926 0.00430111 -0.0382327 51.3718 
-0.0408641 9.69988e-05 0.999165 148.463 0.00353657 0.999994 4.76015e-05 -2.86588 -0.999158 0.00353556 -0.0408642 51.3605 
-0.0432049 -0.002992 0.999062 148.96 0.00246529 0.999992 0.00310144 -2.87 -0.999063 0.00259698 -0.0431972 51.3473 
-0.0458697 -0.00403806 0.998939 149.454 8.31492e-05 0.999992 0.00404617 -2.87777 -0.998947 0.000268656 -0.0458689 51.3341 
-0.0482006 -0.00553319 0.998822 149.949 -0.00107249 0.999984 0.00548791 -2.88824 -0.998837 -0.00080671 -0.0482058 51.3248 
-0.0493286 -0.00735046 0.998756 150.439 -0.00166035 0.999972 0.00727746 -2.90019 -0.998781 -0.00129929 -0.0493394 51.3089 
-0.0502806 -0.00735745 0.998708 150.925 -0.00232015 0.999971 0.00724999 -2.90273 -0.998732 -0.00195262 -0.0502962 51.2963 
-0.0494243 -0.00530107 0.998764 151.412 0.000496752 0.999986 0.00533218 -2.90161 -0.998778 0.000759676 -0.049421 51.2803 
-0.0444547 -0.00287563 0.999007 151.884 0.00303635 0.999991 0.00301362 -2.91051 -0.999007 0.00316731 -0.0444455 51.2654 
-0.0372831 -0.00096282 0.999304 152.354 0.00319023 0.999994 0.00108255 -2.91698 -0.9993 0.00322837 -0.0372798 51.2625 
-0.0271719 -0.00106887 0.99963 152.818 0.00125502 0.999999 0.00110342 -2.92471 -0.99963 0.00128454 -0.0271705 51.269 
-0.01216 -0.00198784 0.999924 153.276 0.00287375 0.999994 0.00202297 -2.92781 -0.999922 0.00289813 -0.0121542 51.2863 
0.0103401 -0.00159308 0.999945 153.727 0.00858074 0.999962 0.00150442 -2.92778 -0.99991 0.00856471 0.0103534 51.3034 
0.0402381 -0.00091126 0.99919 154.17 0.0155683 0.999879 0.000284982 -2.93009 -0.999069 0.0155442 0.0402474 51.3322 
0.0763376 -0.0016746 0.997081 154.605 0.0170993 0.999854 0.000370156 -2.93885 -0.996935 0.0170212 0.076355 51.3923 
0.117022 -0.00186739 0.993128 155.029 0.0138954 0.999903 0.000242846 -2.95055 -0.993032 0.0137715 0.117037 51.4782 
0.158748 0.00123911 0.987318 155.444 0.00965141 0.99995 -0.00280674 -2.95767 -0.987272 0.00997459 0.158728 51.5895 
0.200458 0.00610937 0.979683 155.861 0.00923205 0.999924 -0.00812456 -2.95863 -0.979659 0.0106731 0.200386 51.7097 
0.242864 0.00989983 0.97001 156.262 0.0107595 0.999859 -0.0128983 -2.96895 -0.970001 0.0135694 0.242723 51.8406 
0.285374 0.0124347 0.958336 156.657 0.0117589 0.999795 -0.0164742 -2.97315 -0.958344 0.0159703 0.28517 51.992 
0.326968 0.0143114 0.944927 157.046 0.00870804 0.999797 -0.0181556 -2.98239 -0.944995 0.0141648 0.326777 52.1648 
0.367136 0.0181823 0.92999 157.393 0.000888423 0.999802 -0.0198979 -2.99209 -0.930167 0.00813148 0.367047 52.3553 
0.406844 0.0230842 0.913206 157.728 -0.00719867 0.999731 -0.0220643 -3.00424 -0.913469 0.00240287 0.406901 52.5546 
0.446092 0.0292723 0.894508 158.079 -0.0119339 0.999571 -0.026759 -3.01425 -0.894907 0.00126198 0.44625 52.778 
0.484371 0.0326031 0.874255 158.427 -0.0125155 0.999461 -0.0303383 -3.02871 -0.874773 0.00375327 0.484518 53.0129 
0.522206 0.0317056 0.85223 158.782 -0.0109221 0.999475 -0.030491 -3.04375 -0.852749 0.00661449 0.522279 53.2672 
0.55821 0.0305336 0.829138 159.137 -0.0124586 0.999518 -0.0284203 -3.05318 -0.829606 0.0055346 0.558322 53.5453 
0.591712 0.0313105 0.805541 159.473 -0.0167937 0.999507 -0.0265138 -3.06801 -0.805974 0.0021605 0.591947 53.8491 
0.623314 0.0355297 0.781164 159.795 -0.0237375 0.999367 -0.0265133 -3.08125 -0.781611 -0.00201673 0.623763 54.1708 
0.653254 0.039247 0.756121 160.119 -0.0293115 0.999218 -0.0265413 -3.09716 -0.756571 -0.00482485 0.653894 54.5117 
0.681073 0.0404388 0.731098 160.453 -0.0293887 0.999179 -0.0278891 -3.11284 -0.731626 -0.00249149 0.681702 54.8657 
0.706339 0.0385453 0.706824 160.779 -0.0242507 0.999248 -0.030258 -3.12144 -0.707459 0.00423141 0.706742 55.2242 
0.728882 0.0395106 0.683499 161.099 -0.02514 0.999205 -0.0309511 -3.13646 -0.684178 0.0053766 0.729295 55.6099 
0.748666 0.0437222 0.661504 161.408 -0.0320535 0.999043 -0.0297549 -3.15213 -0.662172 0.00107304 0.749351 56.0185 
0.765187 0.046052 0.642159 161.72 -0.0391658 0.998921 -0.0249675 -3.17219 -0.642616 -0.00604586 0.766165 56.4454 
0.778249 0.0441395 0.626402 162.04 -0.0401755 0.998983 -0.0204789 -3.18719 -0.626669 -0.00922836 0.779231 56.8858 
0.789031 0.0388972 0.613121 162.366 -0.0359015 0.999208 -0.0171891 -3.2009 -0.613304 -0.00844921 0.789802 57.3328 
0.798515 0.0307981 0.601186 162.709 -0.0292786 0.999495 -0.0123141 -3.21928 -0.601262 -0.00776884 0.799014 57.791 
0.805802 0.0242016 0.591691 163.046 -0.0244384 0.999672 -0.0076072 -3.23357 -0.591681 -0.00833003 0.806129 58.2688 
0.812415 0.0207601 0.58271 163.381 -0.0225302 0.999737 -0.00420575 -3.24612 -0.582644 -0.00971174 0.812669 58.7634 
0.819335 0.0180992 0.57303 163.713 -0.0205241 0.999787 -0.00223226 -3.25517 -0.572948 -0.00993194 0.819531 59.2749 
0.826752 0.0136904 0.5624 164.062 -0.0150194 0.999885 -0.00226083 -3.26646 -0.562367 -0.00657775 0.826862 59.7996 
0.833143 0.014076 0.552879 164.401 -0.0130709 0.999898 -0.00575996 -3.27574 -0.552904 -0.00242773 0.833242 60.3495 
0.838752 0.0181843 0.544211 164.738 -0.0144404 0.999834 -0.0111525 -3.283 -0.544323 0.00149556 0.838874 60.9168 
0.843073 0.023763 0.537275 165.084 -0.0178363 0.999709 -0.0162278 -3.29514 -0.537504 0.00409829 0.843251 61.4918 
0.845235 0.0280259 0.53366 165.433 -0.0204771 0.999589 -0.0200622 -3.30786 -0.534003 0.00602949 0.845461 62.0825 
0.845174 0.0329815 0.533472 165.801 -0.0258128 0.999448 -0.020895 -3.32564 -0.533867 0.00388949 0.845559 62.7059 
0.843442 0.0327702 0.536219 166.175 -0.027958 0.999463 -0.0171041 -3.34538 -0.536492 -0.000565266 0.843906 63.3246 
0.841019 0.0339452 0.539939 166.564 -0.0301211 0.99942 -0.0159148 -3.37026 -0.540166 -0.00287885 0.841554 63.9603 
0.838123 0.0356556 0.544315 166.96 -0.0327 0.999351 -0.0151122 -3.38954 -0.544501 -0.00513316 0.838745 64.6039 
0.835118 0.0357776 0.548906 167.368 -0.0339557 0.999333 -0.0134753 -3.40638 -0.549022 -0.007385 0.835775 65.2561 
0.83197 0.0329931 0.553838 167.799 -0.0308004 0.999438 -0.01327 -3.42466 -0.553965 -0.00601813 0.832518 65.9128 
0.828554 0.0301263 0.559098 168.233 -0.0291586 0.999518 -0.0106461 -3.44697 -0.559149 -0.00748159 0.829033 66.5745 
0.824825 0.0306264 0.564558 168.681 -0.0302092 0.999493 -0.0100848 -3.46578 -0.56458 -0.00873662 0.825332 67.2494 
0.82143 0.0327797 0.569367 169.136 -0.0315988 0.999429 -0.0119513 -3.48354 -0.569434 -0.00817412 0.821997 67.9283 
0.818603 0.0344885 0.573324 169.608 -0.0312153 0.999392 -0.0155488 -3.49401 -0.573511 -0.00516815 0.819182 68.6038 
0.815814 0.0362881 0.577174 170.078 -0.0311433 0.999338 -0.0188104 -3.51974 -0.577475 -0.00262933 0.816404 69.2894 
0.813053 0.0358684 0.581084 170.564 -0.0308057 0.999353 -0.0185833 -3.53925 -0.581374 -0.0027915 0.813631 69.9892 
0.810694 0.0326473 0.58456 171.058 -0.0318097 0.999425 -0.0117022 -3.56318 -0.584606 -0.00910774 0.811266 70.7062 
0.808246 0.0289473 0.588133 171.556 -0.031577 0.999485 -0.00579859 -3.58683 -0.587997 -0.0138848 0.808744 71.4193 
0.806408 0.0275477 0.590718 172.061 -0.0273914 0.999582 -0.0092218 -3.61239 -0.590725 -0.00874403 0.806825 72.1191 
0.805204 0.0325276 0.592105 172.554 -0.0256952 0.999471 -0.0199634 -3.63768 -0.592441 0.000860427 0.805614 72.8013 
0.803744 0.0351423 0.593936 173.051 -0.0236175 0.999352 -0.0271696 -3.66313 -0.594506 0.00781011 0.804053 73.498 
0.802931 0.0314413 0.595242 173.557 -0.0194538 0.999458 -0.0265508 -3.70062 -0.595755 0.00973877 0.803108 74.2003 
0.802281 0.0257749 0.59639 174.066 -0.0168779 0.999647 -0.0204982 -3.73575 -0.596708 0.00637952 0.802433 74.9056 
0.801648 0.021736 0.597402 174.572 -0.0139737 0.999747 -0.0176238 -3.76893 -0.597634 0.00578019 0.801749 75.6103 
0.801985 0.0170053 0.597102 175.078 -0.00964533 0.999833 -0.01552 -3.79939 -0.597266 0.0066876 0.802015 76.3033 
0.802331 0.0126961 0.596744 175.583 -0.0043638 0.999872 -0.0154056 -3.82908 -0.596863 0.00975634 0.802284 76.9918 
0.803114 0.0107611 0.595728 176.081 -0.00188582 0.999878 -0.0155191 -3.86422 -0.595823 0.0113402 0.803036 77.6827 
0.803694 0.0132692 0.594895 176.566 -0.00144398 0.999792 -0.0203496 -3.89292 -0.595041 0.0154959 0.803546 78.3698 
0.804185 0.0131481 0.594233 177.052 0.00155426 0.999705 -0.024223 -3.92811 -0.594377 0.0204034 0.803928 79.0497 
0.804434 0.0104335 0.59395 177.544 0.00390047 0.999731 -0.0228442 -3.95399 -0.594029 0.0206934 0.804178 79.737 
0.804159 0.00896157 0.594346 178.026 0.00128777 0.999858 -0.0168182 -3.985 -0.594412 0.0142899 0.804034 80.4194 
0.803678 0.00283055 0.595057 178.516 0.00216485 0.999968 -0.00768037 -4.01543 -0.59506 0.00746078 0.803647 81.1031 
0.803476 -0.002084 0.595333 179.001 0.0046762 0.999985 -0.00281052 -4.03937 -0.595318 0.00504211 0.803474 81.7643 
0.802911 -0.00508648 0.596078 179.471 0.00764341 0.999969 -0.00176253 -4.05934 -0.59605 0.00597125 0.802925 82.4037 
0.801926 -0.00150102 0.597422 179.919 0.00547645 0.999973 -0.00483858 -4.08448 -0.597399 0.00715196 0.801912 83.0334 
0.800734 0.00623695 0.598987 180.356 0.00240169 0.999904 -0.013622 -4.10901 -0.599015 0.0123462 0.800643 83.6505 
0.799374 0.0103929 0.600744 180.791 0.002761 0.999776 -0.0209701 -4.13835 -0.600828 0.0184216 0.799166 84.248 
