1 2.12261e-08 -2.11895e-08 0 2.12261e-08 1 2.10703e-08 0 -2.11895e-08 2.10703e-08 1 0 
0.999932 -0.00273229 0.0113393 0.0135634 0.00271869 0.999996 0.0012185 -0.0067524 -0.0113426 -0.00118755 0.999935 0.291727 
0.999828 -0.00503133 0.0178427 0.0221595 0.00501012 0.999987 0.00123542 -0.00988386 -0.0178487 -0.00114578 0.99984 0.590714 
0.99978 -0.00801764 0.0194076 0.0357462 0.00801927 0.999968 -3.74867e-06 -0.013364 -0.019407 0.000159425 0.999812 0.892255 
0.999811 -0.00929518 0.0170552 0.0412574 0.00932256 0.999955 -0.00152425 -0.0152713 -0.0170403 0.00168301 0.999853 1.20332 
0.999878 -0.0119742 0.010013 0.0405849 0.0120034 0.999924 -0.00285944 -0.0178794 -0.00997802 0.00297932 0.999946 1.52088 
0.999902 -0.0137176 -0.00263427 0.0366215 0.0137053 0.999895 -0.00464783 -0.0215211 0.00269771 0.00461132 0.999986 1.85451 
0.999732 -0.012802 -0.0192947 0.0130438 0.0127037 0.999906 -0.00521021 -0.0231813 0.0193596 0.00496374 0.9998 2.19593 
0.999203 -0.00839454 -0.0390195 -0.0212718 0.00819956 0.999953 -0.00515547 -0.0286676 0.0390609 0.00483146 0.999225 2.5529 
0.998257 -0.00464236 -0.0588417 -0.0661652 0.00428174 0.999971 -0.00625383 -0.035537 0.058869 0.00599103 0.998248 2.91803 
0.996832 -0.00450974 -0.0794091 -0.10929 0.00399612 0.99997 -0.00662623 -0.0407597 0.0794365 0.00628796 0.99682 3.2893 
0.994924 -0.00619525 -0.100443 -0.167702 0.005612 0.999966 -0.0060887 -0.0432335 0.100477 0.00549414 0.994924 3.67091 
0.992701 -0.0075627 -0.120368 -0.231371 0.00695539 0.999961 -0.00546515 -0.0477409 0.120405 0.0045881 0.992714 4.06152 
0.990287 -0.00697719 -0.138862 -0.299083 0.00638377 0.999969 -0.00471866 -0.0546589 0.138891 0.00378641 0.990301 4.46985 
0.988017 -0.00577168 -0.154237 -0.388204 0.00516838 0.999977 -0.00431246 -0.0578798 0.154258 0.00346367 0.988025 4.88526 
0.985777 -0.00518168 -0.16798 -0.475119 0.00451554 0.99998 -0.00434754 -0.0672049 0.167999 0.00352723 0.985781 5.30474 
0.983629 -0.00667725 -0.180082 -0.571812 0.00587235 0.99997 -0.00500258 -0.0770467 0.18011 0.00386323 0.983639 5.73873 
0.981768 -0.0102233 -0.189809 -0.668999 0.00894562 0.999931 -0.00758736 -0.0807808 0.189874 0.00575111 0.981792 6.18186 
0.980272 -0.0095423 -0.197424 -0.778497 0.00784693 0.999925 -0.00936816 -0.090815 0.197499 0.00763422 0.980273 6.6387 
0.978699 -0.00890148 -0.205109 -0.892147 0.0067097 0.999913 -0.0113792 -0.0941939 0.205192 0.0097606 0.978673 7.11014 
0.976948 -0.00936966 -0.21327 -1.01114 0.00643928 0.999875 -0.0144309 -0.102912 0.213379 0.012725 0.976887 7.59168 
0.975118 -0.0131016 -0.2213 -1.13136 0.00976089 0.999821 -0.0161831 -0.112104 0.221473 0.0136204 0.975071 8.09112 
0.973285 -0.0192686 -0.228791 -1.25958 0.0157847 0.99973 -0.0170478 -0.128123 0.229058 0.012981 0.973326 8.59765 
0.971268 -0.0195327 -0.237187 -1.40183 0.0152786 0.999688 -0.019761 -0.141002 0.237499 0.0155694 0.971263 9.11777 
0.969129 -0.0149048 -0.246103 -1.55944 0.00926261 0.999667 -0.0240679 -0.155651 0.246379 0.0210454 0.968945 9.65678 
0.967024 -0.0117505 -0.254415 -1.73194 0.00501169 0.99962 -0.0271197 -0.172543 0.254637 0.0249504 0.966715 10.1991 
0.964691 -0.0139062 -0.263016 -1.89731 0.0064773 0.999556 -0.0290913 -0.190119 0.263303 0.0263606 0.964353 10.7586 
0.962287 -0.0171918 -0.271494 -2.06606 0.00911652 0.999479 -0.0309773 -0.214492 0.271885 0.027334 0.961941 11.3231 
0.960157 -0.0162082 -0.278992 -2.25421 0.00710973 0.99941 -0.033593 -0.238332 0.279372 0.0302711 0.959706 11.8943 
0.957687 -0.0154223 -0.287397 -2.44552 0.0049338 0.999296 -0.0371836 -0.264266 0.287768 0.0341923 0.957089 12.48 
0.95539 -0.0166756 -0.294875 -2.64922 0.00436537 0.999093 -0.0423565 -0.293817 0.295314 0.0391798 0.954597 13.0701 
0.953606 -0.0175817 -0.300543 -2.85845 0.00273781 0.998758 -0.0497403 -0.327444 0.301044 0.0466099 0.952471 13.6769 
0.952368 -0.0183795 -0.304397 -3.0995 0.000698331 0.998311 -0.0580931 -0.360489 0.304951 0.0551135 0.950772 14.309 
0.951281 -0.0184505 -0.307772 -3.3286 -0.00231786 0.997752 -0.0669781 -0.402129 0.308316 0.0644285 0.9491 14.934 
0.949983 -0.0182372 -0.311769 -3.57306 -0.0057669 0.997099 -0.0758986 -0.449052 0.312248 0.0739004 0.947122 15.5843 
0.948618 -0.0184697 -0.315884 -3.8034 -0.00807535 0.996557 -0.0825193 -0.50865 0.316321 0.0808302 0.945203 16.2159 
0.947083 -0.0161053 -0.320583 -4.05398 -0.0132761 0.99592 -0.0892535 -0.568077 0.320713 0.0887867 0.943006 16.871 
0.945441 -0.0152726 -0.325434 -4.29945 -0.0166031 0.995344 -0.094946 -0.639071 0.325369 0.0951691 0.940786 17.5189 
0.943905 -0.0130384 -0.32996 -4.5701 -0.0214597 0.994686 -0.100694 -0.703035 0.32952 0.102127 0.938609 18.2054 
0.942236 -0.0104067 -0.334788 -4.83889 -0.0258777 0.994268 -0.103737 -0.780514 0.333949 0.106409 0.936566 18.8852 
0.94054 -0.00915232 -0.339559 -5.11446 -0.0282252 0.994074 -0.104975 -0.863689 0.338508 0.108317 0.934709 19.5732 
0.93832 -0.00883109 -0.345656 -5.39574 -0.029003 0.994141 -0.104131 -0.948586 0.34455 0.107733 0.932566 20.276 
0.935988 -0.00858234 -0.351927 -5.68462 -0.0294368 0.994293 -0.102538 -1.0334 0.350798 0.106334 0.930394 20.9937 
0.93361 -0.00828375 -0.358196 -5.99255 -0.0297915 0.994476 -0.100648 -1.11891 0.357051 0.104637 0.928205 21.717 
0.930478 -0.00693175 -0.366283 -6.30984 -0.0311932 0.994691 -0.098065 -1.1931 0.365018 0.102673 0.925322 22.4559 
0.927386 -0.00387709 -0.374087 -6.64567 -0.0330869 0.995178 -0.0923388 -1.27659 0.372641 0.0980111 0.922785 23.1892 
0.923962 0.000673741 -0.382484 -6.97384 -0.0367596 0.995526 -0.0870462 -1.36254 0.380714 0.0944874 0.919853 23.8977 
0.920516 0.00458269 -0.390678 -7.32963 -0.0402474 0.995724 -0.0831513 -1.43792 0.388626 0.0922659 0.916764 24.662 
0.916582 0.00567629 -0.399808 -7.68882 -0.041594 0.995828 -0.0812184 -1.51481 0.397679 0.0910729 0.912994 25.4309 
0.912714 0.00602557 -0.408555 -8.04988 -0.0426938 0.995824 -0.0806913 -1.58843 0.406363 0.0910909 0.90916 26.1795 
0.908976 0.00604214 -0.416804 -8.42358 -0.043078 0.995903 -0.0795086 -1.65634 0.414616 0.0902266 0.905512 26.9346 
0.905169 0.00719192 -0.424992 -8.82208 -0.0444074 0.995985 -0.0777265 -1.73033 0.422727 0.0892284 0.901854 27.7076 
0.901324 0.00590723 -0.433106 -9.21325 -0.0428254 0.996223 -0.0755351 -1.79924 0.431024 0.0866296 0.898173 28.4859 
0.897573 0.00697913 -0.440811 -9.63019 -0.0426916 0.996552 -0.0711502 -1.87313 0.438794 0.0826814 0.894776 29.2824 
0.893837 0.00939665 -0.448293 -10.0508 -0.043393 0.9969 -0.0656241 -1.93835 0.446287 0.0781101 0.891475 30.0784 
0.890101 0.00920745 -0.455671 -10.4795 -0.0417069 0.997247 -0.061319 -2.00441 0.453852 0.0735847 0.888034 30.8677 
0.886441 0.0085955 -0.462763 -10.9165 -0.0407045 0.997401 -0.0594451 -2.0701 0.461049 0.0715311 0.884487 31.6699 
0.883483 0.00721517 -0.468408 -11.3893 -0.0392494 0.997506 -0.0586647 -2.11876 0.466816 0.070214 0.881563 32.4862 
0.880368 0.00765751 -0.474229 -11.8547 -0.03923 0.997619 -0.0567185 -2.17759 0.472666 0.0685372 0.878573 33.3104 
0.877724 0.00690073 -0.479118 -12.3626 -0.0381823 0.997724 -0.0555783 -2.23699 0.477644 0.0670763 0.875989 34.1568 
0.875295 0.00650994 -0.483545 -12.8827 -0.0380856 0.997732 -0.0555088 -2.29476 0.482087 0.0670027 0.873558 35.0157 
0.873417 0.00598001 -0.486936 -13.3816 -0.0381598 0.99769 -0.0561947 -2.35308 0.485476 0.0676628 0.871628 35.8531 
0.871957 0.00612996 -0.489545 -13.8838 -0.0386856 0.997658 -0.0564128 -2.41411 0.488052 0.0681279 0.870151 36.7077 
0.871456 0.0061809 -0.490434 -14.407 -0.0384267 0.997707 -0.0557068 -2.47328 0.488966 0.0673919 0.869696 37.5834 
0.871217 0.00668311 -0.490852 -14.9315 -0.0380368 0.99782 -0.0539263 -2.53764 0.489422 0.065652 0.869573 38.4794 
0.871011 0.00595643 -0.491227 -15.4566 -0.0368346 0.997904 -0.0532125 -2.60447 0.489881 0.0644428 0.869404 39.3656 
0.870347 0.00349901 -0.492426 -15.9858 -0.0348376 0.997907 -0.0544836 -2.65955 0.491205 0.0645746 0.868647 40.264 
0.869408 0.00139997 -0.494092 -16.5249 -0.0328479 0.997947 -0.0549719 -2.72557 0.493001 0.064023 0.86767 41.164 
0.867962 0.000936424 -0.496629 -17.0717 -0.0313339 0.998109 -0.0528806 -2.79423 0.495641 0.0614598 0.86635 42.0766 
0.865916 0.00135938 -0.500188 -17.637 -0.0298443 0.998355 -0.0489526 -2.85737 0.499299 0.0573166 0.864532 43.0041 
0.863167 0.00119225 -0.504918 -18.1901 -0.0277171 0.998601 -0.0450249 -2.91972 0.504158 0.0528589 0.861992 43.9236 
0.859485 0.000698095 -0.511161 -18.7862 -0.0264447 0.998721 -0.0431012 -2.97751 0.510477 0.0505624 0.858403 44.8475 
0.854329 -0.00299955 -0.519725 -19.3507 -0.0239909 0.99869 -0.0452004 -3.04406 0.519179 0.0510847 0.853137 45.7375 
0.848309 -0.0068588 -0.529458 -19.9294 -0.0219444 0.998602 -0.0480961 -3.10789 0.529047 0.052419 0.846972 46.6399 
0.842387 -0.0068776 -0.53883 -20.5293 -0.0222358 0.998623 -0.0475091 -3.16605 0.538415 0.0520025 0.841074 47.5191 
0.836789 -0.00311118 -0.547517 -21.1355 -0.0240017 0.998814 -0.0423583 -3.22596 0.546999 0.0485863 0.835722 48.3833 
0.831697 0.0014807 -0.555228 -21.7522 -0.0270332 0.998919 -0.0378301 -3.28692 0.554571 0.0464728 0.830837 49.2563 
0.827786 0.00196651 -0.561041 -22.3822 -0.0290181 0.998806 -0.0393138 -3.34281 0.560293 0.0488237 0.826854 50.129 
0.824549 -8.19604e-05 -0.565791 -22.9933 -0.0297217 0.998613 -0.0434593 -3.40127 0.56501 0.0526506 0.823403 50.9728 
0.821554 -0.0022516 -0.570127 -23.6122 -0.0322608 0.998206 -0.0504301 -3.46124 0.569218 0.0598239 0.820008 51.8135 
0.818499 -0.00371041 -0.574497 -24.2371 -0.0320547 0.998127 -0.0521156 -3.52561 0.573614 0.0610719 0.816846 52.6634 
0.815022 -0.00209862 -0.579426 -24.8746 -0.0315025 0.998354 -0.0479275 -3.59173 0.578572 0.0573153 0.813615 53.5222 
0.811952 -0.000168081 -0.583724 -25.5234 -0.0302162 0.998647 -0.042318 -3.65937 0.582941 0.0519981 0.810849 54.3785 
0.808969 0.00170698 -0.587848 -26.1753 -0.0307186 0.998752 -0.0393735 -3.71491 0.587048 0.0499099 0.808013 55.2247 
0.805732 0.00213065 -0.592276 -26.8345 -0.0317526 0.998711 -0.0396036 -3.77407 0.591428 0.0507162 0.804761 56.0839 
0.802544 0.00132863 -0.596591 -27.4901 -0.0325417 0.998606 -0.0415517 -3.82858 0.595704 0.0527612 0.801469 56.9141 
0.798655 -0.00173872 -0.601786 -28.1635 -0.0309614 0.998553 -0.0439752 -3.88723 0.600992 0.0537532 0.797446 57.7532 
0.794635 -0.0027678 -0.607081 -28.8368 -0.0306226 0.998534 -0.0446358 -3.94272 0.606315 0.0540596 0.793385 58.5934 
0.790153 -0.00309915 -0.612902 -29.5136 -0.0299475 0.998598 -0.0436578 -4.00065 0.612178 0.0528513 0.788952 59.4289 
0.785421 -0.00231691 -0.618958 -30.2069 -0.0310407 0.998587 -0.0431268 -4.05377 0.618183 0.0530856 0.78424 60.2625 
0.780333 -0.00400748 -0.625351 -30.903 -0.029897 0.998597 -0.0437059 -4.11839 0.624649 0.0528014 0.779119 61.0865 
0.77485 -0.0054914 -0.632122 -31.6092 -0.0291537 0.998588 -0.0444114 -4.1815 0.631473 0.0528409 0.773595 61.9131 
0.769418 -0.00628943 -0.638715 -32.322 -0.0296367 0.998523 -0.0455339 -4.2403 0.638058 0.0539641 0.768095 62.7324 
0.763699 -0.0082912 -0.645519 -33.0368 -0.028197 0.998535 -0.0461846 -4.30788 0.644957 0.0534729 0.762346 63.5608 
0.75771 -0.0102879 -0.65251 -33.7912 -0.0272443 0.998505 -0.0473799 -4.36251 0.652022 0.0536775 0.756297 64.407 
0.751405 -0.0119096 -0.659733 -34.5336 -0.0260513 0.998522 -0.0476967 -4.42156 0.659326 0.0530266 0.749985 65.2353 
0.745496 -0.0116072 -0.666409 -35.3198 -0.0254535 0.998623 -0.0458678 -4.48426 0.666024 0.0511567 0.744174 66.0464 
0.739268 -0.0120165 -0.673304 -36.098 -0.0246659 0.998687 -0.0449061 -4.55335 0.672959 0.0498053 0.738001 66.8648 
0.732908 -0.0141629 -0.680181 -36.8743 -0.0231764 0.998683 -0.0457679 -4.61284 0.679933 0.0493079 0.731615 67.6616 
0.726847 -0.0151065 -0.686634 -37.6664 -0.0237279 0.998609 -0.0470877 -4.68304 0.68639 0.050518 0.725477 68.4535 
0.720745 -0.0143906 -0.693051 -38.4622 -0.0249443 0.998599 -0.0466761 -4.74741 0.692751 0.0509293 0.719376 69.2384 
0.715739 -0.0137128 -0.698233 -39.2881 -0.0251935 0.998649 -0.0454379 -4.81744 0.697913 0.0501127 0.714427 70.0345 
0.710693 -0.0133689 -0.703375 -40.0868 -0.0261874 0.998624 -0.0454405 -4.88196 0.703015 0.0507138 0.709365 70.8144 
0.70604 -0.0143101 -0.708028 -40.8877 -0.0259156 0.998604 -0.0460259 -4.9533 0.707698 0.0508451 0.704683 71.5781 
0.701273 -0.0155725 -0.712723 -41.7248 -0.0271052 0.998456 -0.0484854 -5.02128 0.712378 0.0533201 0.699768 72.3526 
0.69624 -0.0181512 -0.717579 -42.567 -0.0265813 0.998343 -0.051044 -5.08898 0.717316 0.0546131 0.694604 73.1414 
0.691347 -0.0185879 -0.722284 -43.4023 -0.0272553 0.998287 -0.0517787 -5.15675 0.722009 0.0554831 0.689656 73.8975 
0.686349 -0.0182344 -0.727043 -44.2546 -0.0268054 0.998372 -0.0503444 -5.22774 0.726778 0.0540425 0.684743 74.678 
0.681473 -0.0183885 -0.731613 -45.1174 -0.0259137 0.998451 -0.0492331 -5.30114 0.731385 0.0525098 0.679941 75.4477 
0.676421 -0.0196336 -0.736254 -46.0012 -0.0248993 0.998464 -0.0495018 -5.36942 0.736094 0.0518163 0.674893 76.229 
0.672105 -0.0209971 -0.740158 -46.9157 -0.0236553 0.998479 -0.0498057 -5.43662 0.740078 0.0509834 0.670586 77.0077 
0.667766 -0.0213426 -0.744065 -47.817 -0.0231244 0.998512 -0.0493943 -5.50743 0.744012 0.05019 0.666278 77.7836 
0.663992 -0.0219998 -0.747416 -48.7171 -0.0219371 0.998564 -0.0488808 -5.58823 0.747418 0.0488527 0.662556 78.5442 
0.660272 -0.0249188 -0.750613 -49.6314 -0.0191683 0.998565 -0.0500115 -5.66115 0.750782 0.0474092 0.658846 79.3146 
0.656056 -0.0296575 -0.754129 -50.5466 -0.0159699 0.998458 -0.0531592 -5.73245 0.754543 0.0469188 0.654571 80.09 
0.651387 -0.0340368 -0.757982 -51.4669 -0.0113842 0.998442 -0.0546178 -5.80439 0.758661 0.0442064 0.649985 80.8536 
0.644853 -0.0370288 -0.763409 -52.3747 -0.00709488 0.998493 -0.0544245 -5.8863 0.764274 0.0405121 0.643619 81.6028 
0.6372 -0.0403646 -0.769641 -53.3082 -0.00349035 0.998466 -0.0552553 -5.96158 0.77069 0.037895 0.636082 82.3394 
0.628274 -0.0412402 -0.776898 -54.2686 -0.000666499 0.998565 -0.053546 -6.03964 0.777992 0.0341595 0.627345 83.0923 
0.619608 -0.0396514 -0.78391 -55.2549 -0.000627764 0.998698 -0.0510119 -6.11744 0.784911 0.0320995 0.618776 83.8427 
0.610815 -0.039584 -0.790783 -56.2448 -0.000904712 0.998714 -0.0506912 -6.19233 0.791773 0.0316784 0.609994 84.5697 
0.60159 -0.0409238 -0.797756 -57.2328 -0.00153218 0.998626 -0.0523836 -6.26806 0.798804 0.0327358 0.6007 85.2785 
0.591628 -0.0433432 -0.805045 -58.2482 -0.00120228 0.998505 -0.0546426 -6.34146 0.80621 0.033296 0.590692 85.9978 
0.582182 -0.0448041 -0.811823 -59.2791 -0.000933555 0.998443 -0.055773 -6.42054 0.813058 0.033228 0.581233 86.6942 
0.571979 -0.0458037 -0.818988 -60.313 0.00232661 0.998526 -0.0542199 -6.49915 0.820265 0.0291072 0.571243 87.4014 
0.562054 -0.0457636 -0.825833 -61.3566 0.00353866 0.998592 -0.0529286 -6.58339 0.827093 0.0268265 0.561425 88.0884 
0.551585 -0.0472874 -0.832777 -62.4299 0.00493378 0.998559 -0.0534331 -6.65521 0.834104 0.0253642 0.551023 88.7769 
0.541924 -0.0477173 -0.839072 -63.498 0.00400395 0.998522 -0.0541991 -6.74436 0.840418 0.0260123 0.541315 89.4257 
0.532166 -0.0480978 -0.845273 -64.5809 0.00259712 0.998473 -0.0551801 -6.82846 0.846636 0.0271698 0.531478 90.0763 
0.522254 -0.0490298 -0.851379 -65.6676 0.00120315 0.998387 -0.0567578 -6.91149 0.852789 0.0286177 0.521471 90.72 
0.512793 -0.0490477 -0.85711 -66.7591 0.000464546 0.998382 -0.0568541 -6.9949 0.858512 0.0287563 0.511986 91.347 
0.50375 -0.0470722 -0.862566 -67.8675 -1.52494e-05 0.998514 -0.0545001 -7.08314 0.86385 0.0274676 0.503001 91.9745 
0.495716 -0.0454979 -0.867292 -68.9844 0.000473188 0.998641 -0.052118 -7.16783 0.868485 0.0254254 0.495064 92.5911 
0.488037 -0.0460312 -0.871609 -70.1009 0.000726441 0.998629 -0.0523327 -7.246 0.872823 0.0249071 0.487401 93.1893 
0.480792 -0.049037 -0.875462 -71.2022 0.002459 0.998506 -0.0545786 -7.32736 0.876831 0.0240883 0.480195 93.7595 
0.473607 -0.0529063 -0.879146 -72.3583 0.00558573 0.998355 -0.057071 -7.40978 0.880719 0.0221186 0.473123 94.3755 
0.466902 -0.0560146 -0.882533 -73.4608 0.0074142 0.998205 -0.0594339 -7.49388 0.884278 0.0212066 0.46648 94.9421 
0.461988 -0.0595364 -0.884886 -74.6013 0.00928172 0.998014 -0.062302 -7.58995 0.886838 0.0205696 0.461623 95.5038 
0.456885 -0.0608001 -0.887445 -75.7576 0.0125805 0.998003 -0.0618977 -7.68442 0.889437 0.0171157 0.456738 96.0937 
0.452306 -0.0582105 -0.889961 -76.8907 0.0142814 0.998213 -0.0580328 -7.77938 0.891748 0.0135387 0.452329 96.6609 
0.447944 -0.0565057 -0.892274 -78.0315 0.0175487 0.998364 -0.0544143 -7.86848 0.893889 0.00871638 0.448203 97.2272 
0.444111 -0.0561145 -0.894213 -79.1755 0.019311 0.998405 -0.0530621 -7.95756 0.895764 0.00629733 0.444486 97.7867 
0.441576 -0.0558592 -0.895484 -80.308 0.0203178 0.998427 -0.0522617 -8.04278 0.896994 0.00488328 0.442016 98.3148 
0.438891 -0.0555646 -0.896821 -81.4486 0.0231417 0.998454 -0.0505364 -8.1253 0.898242 0.00142606 0.439498 98.858 
0.436055 -0.0551513 -0.898228 -82.582 0.0255858 0.998477 -0.0488856 -8.20563 0.899556 -0.00166505 0.436802 99.3997 
0.433502 -0.0561106 -0.899404 -83.6998 0.0283406 0.998415 -0.0486278 -8.29088 0.900707 -0.00440933 0.434405 99.9296 
0.431102 -0.0565979 -0.900526 -84.8374 0.030433 0.998375 -0.0481787 -8.36501 0.90179 -0.00663574 0.432124 100.453 
0.429112 -0.0563252 -0.901493 -85.9524 0.0341684 0.998352 -0.0461127 -8.43653 0.902605 -0.011015 0.43033 100.968 
0.426425 -0.0559706 -0.90279 -87.046 0.036715 0.998332 -0.0445521 -8.51155 0.903778 -0.0141477 0.427768 101.48 
0.424902 -0.0571603 -0.903433 -88.1474 0.0387391 0.998238 -0.0449389 -8.58689 0.90441 -0.0159035 0.426368 101.98 
0.423715 -0.0589361 -0.903876 -89.2268 0.0401263 0.998123 -0.0462711 -8.65406 0.904906 -0.0166635 0.425284 102.473 
0.423047 -0.0604422 -0.90409 -90.3126 0.041162 0.998025 -0.0474614 -8.73612 0.905172 -0.0171356 0.424699 102.961 
0.423101 -0.0613154 -0.904006 -91.3786 0.0401027 0.997997 -0.0489213 -8.80605 0.905195 -0.0155544 0.424712 103.445 
0.424994 -0.0610494 -0.903135 -92.4165 0.0382174 0.998044 -0.0494808 -8.88341 0.904389 -0.0134863 0.426496 103.922 
0.429285 -0.0613429 -0.901084 -93.459 0.0354601 0.998066 -0.0510517 -8.95401 0.902473 -0.0100367 0.43063 104.394 
0.43464 -0.0621395 -0.898458 -94.4924 0.0346253 0.998032 -0.0522759 -9.03146 0.899939 -0.00838812 0.435936 104.865 
0.440055 -0.0622239 -0.895812 -95.5065 0.0342103 0.998034 -0.052519 -9.10832 0.897319 -0.00753466 0.441319 105.349 
0.446348 -0.060653 -0.892802 -96.5035 0.0334139 0.998134 -0.0511039 -9.19176 0.894235 -0.00702179 0.447542 105.839 
0.454176 -0.0593498 -0.888933 -97.496 0.0315781 0.998224 -0.0505127 -9.26473 0.890352 -0.0051291 0.455243 106.33 
0.462699 -0.0592235 -0.884535 -98.4907 0.0313466 0.998235 -0.0504389 -9.33369 0.885961 -0.00438909 0.463739 106.832 
0.471823 -0.0593676 -0.879692 -99.4739 0.0313854 0.998229 -0.0505338 -9.40613 0.881134 -0.00376645 0.472851 107.344 
0.481532 -0.0600762 -0.874367 -100.442 0.0307401 0.998192 -0.0516548 -9.48393 0.875889 -0.00200463 0.482508 107.858 
0.491028 -0.0610956 -0.868999 -101.389 0.0288695 0.998131 -0.0538616 -9.56492 0.870666 0.00135999 0.491874 108.39 
0.502734 -0.0621596 -0.862204 -102.34 0.0270787 0.998054 -0.0561646 -9.63765 0.864017 0.00488855 0.503439 108.91 
0.514708 -0.0601715 -0.855252 -103.281 0.024365 0.998158 -0.0555624 -9.7111 0.85702 0.00776027 0.515226 109.458 
0.527251 -0.0574414 -0.847766 -104.216 0.0225719 0.998307 -0.0536034 -9.78876 0.84941 0.0091268 0.527655 110.017 
0.539201 -0.0554029 -0.840353 -105.135 0.0222954 0.998423 -0.0515187 -9.86252 0.841882 0.00904299 0.539586 110.587 
0.550501 -0.0550604 -0.833017 -106.048 0.0225312 0.998439 -0.0511046 -9.93765 0.83453 0.00936432 0.550883 111.178 
0.561855 -0.0556188 -0.825364 -106.946 0.0228804 0.9984 -0.0517037 -10.0136 0.826919 0.0101654 0.562229 111.77 
0.573286 -0.0564949 -0.817405 -107.829 0.0225617 0.99833 -0.0531759 -10.0843 0.819044 0.0120431 0.573604 112.359 
0.583998 -0.0578299 -0.809692 -108.684 0.0248853 0.998266 -0.0533494 -10.1638 0.811373 0.0110065 0.584425 112.964 
0.594421 -0.0576792 -0.802083 -109.526 0.0253391 0.998273 -0.0530089 -10.2396 0.803755 0.0111855 0.594855 113.578 
0.604755 -0.0553032 -0.794489 -110.352 0.0242903 0.998403 -0.0510079 -10.3122 0.796041 0.011549 0.605132 114.197 
0.614581 -0.0527611 -0.787087 -111.178 0.024854 0.998561 -0.0475302 -10.3842 0.788462 0.00964898 0.615008 114.826 
0.624301 -0.05044 -0.779554 -111.982 0.0228725 0.998666 -0.0463001 -10.4503 0.780849 0.0110749 0.624622 115.455 
0.634172 -0.0499727 -0.771576 -112.764 0.020958 0.998654 -0.0474541 -10.5186 0.772908 0.0139234 0.634365 116.075 
0.643474 -0.0497513 -0.76385 -113.547 0.0193695 0.998624 -0.0487257 -10.5846 0.765223 0.0165584 0.643552 116.711 
0.652231 -0.0495804 -0.756397 -114.294 0.0195961 0.998628 -0.0485607 -10.6468 0.757767 0.0168504 0.652308 117.351 
0.661305 -0.047809 -0.748592 -115.044 0.0200358 0.998737 -0.0460849 -10.7198 0.74985 0.0154775 0.661427 117.994 
0.670101 -0.0454019 -0.740881 -115.774 0.0194807 0.99886 -0.0435916 -10.7837 0.742015 0.0147779 0.670221 118.631 
0.678064 -0.0451253 -0.733616 -116.484 0.0202796 0.998882 -0.0426981 -10.845 0.734723 0.0140747 0.678221 119.269 
0.685536 -0.04471 -0.726665 -117.168 0.0194617 0.998881 -0.0430987 -10.9045 0.727779 0.0154036 0.685639 119.904 
0.692331 -0.0439444 -0.72024 -117.855 0.019313 0.998915 -0.0423826 -10.9634 0.721321 0.0154328 0.692429 120.565 
0.699049 -0.0416625 -0.71386 -118.546 0.0187531 0.999026 -0.0399415 -11.0131 0.714828 0.014534 0.699149 121.236 
0.706019 -0.0389794 -0.707119 -119.225 0.0178801 0.999147 -0.0372249 -11.066 0.707967 0.0136381 0.706114 121.895 
0.712997 -0.037789 -0.700148 -119.873 0.0172007 0.999189 -0.0364128 -11.1128 0.700956 0.0139192 0.713068 122.559 
0.720117 -0.0365677 -0.692888 -120.514 0.0160788 0.999222 -0.0360241 -11.1626 0.693666 0.0148008 0.720145 123.221 
0.727692 -0.033792 -0.685071 -121.136 0.0135706 0.9993 -0.0348769 -11.2082 0.68577 0.0160829 0.727641 123.875 
0.736449 -0.0313931 -0.675764 -121.746 0.0131114 0.999397 -0.0321389 -11.2515 0.676366 0.0148085 0.736417 124.524 
0.745811 -0.0275158 -0.66559 -122.34 0.0112101 0.999524 -0.0287596 -11.2954 0.666064 0.0139879 0.745764 125.183 
0.755807 -0.0250983 -0.654314 -122.909 0.00924755 0.999575 -0.0276599 -11.3393 0.65473 0.0148548 0.755717 125.82 
0.765861 -0.0247251 -0.642531 -123.493 0.00817865 0.999554 -0.0287152 -11.3724 0.642954 0.0167369 0.765722 126.48 
0.775693 -0.0258288 -0.630582 -124.06 0.00833301 0.999494 -0.0306889 -11.4137 0.631056 0.0185505 0.775515 127.164 
0.785301 -0.0247735 -0.618618 -124.546 0.00786539 0.999518 -0.0300425 -11.4602 0.619064 0.0187268 0.785117 127.801 
0.795457 -0.02353 -0.605553 -125.073 0.00784598 0.999562 -0.0285336 -11.4921 0.60596 0.0179461 0.795293 128.48 
0.805421 -0.0209856 -0.592331 -125.573 0.00740172 0.999651 -0.025352 -11.5351 0.592657 0.0160348 0.805296 129.163 
0.814636 -0.0195863 -0.579642 -126.014 0.00769654 0.999707 -0.0229636 -11.5651 0.579921 0.0142458 0.814548 129.834 
0.823654 -0.0182899 -0.566798 -126.481 0.00831686 0.999762 -0.0201754 -11.5885 0.567032 0.0119036 0.82361 130.517 
0.831772 -0.0176095 -0.554838 -126.967 0.00910392 0.999795 -0.0180837 -11.6204 0.555043 0.00999039 0.831762 131.227 
0.839187 -0.0181909 -0.543538 -127.453 0.0108623 0.999802 -0.0166903 -11.6421 0.543734 0.00810229 0.839218 131.944 
0.845707 -0.018131 -0.53334 -127.916 0.0111271 0.999805 -0.0163447 -11.6738 0.533532 0.00788838 0.845743 132.669 
0.852332 -0.0171339 -0.52272 -128.362 0.0101178 0.999816 -0.0162747 -11.6978 0.522903 0.00858274 0.852349 133.388 
0.859009 -0.0153139 -0.511731 -128.814 0.00877526 0.999846 -0.0151908 -11.7267 0.511885 0.0085585 0.859012 134.116 
0.86517 -0.014121 -0.501279 -129.233 0.0078764 0.999863 -0.0145721 -11.7575 0.501416 0.00865914 0.865163 134.825 
0.870965 -0.0146903 -0.491125 -129.659 0.00867056 0.999857 -0.0145309 -11.7818 0.491269 0.00839759 0.870968 135.574 
0.875977 -0.0162373 -0.482079 -130.091 0.00994435 0.999829 -0.0156065 -11.8066 0.48225 0.00887701 0.875989 136.35 
0.880203 -0.0169334 -0.474295 -130.506 0.0106048 0.999816 -0.016015 -11.8303 0.474479 0.0090667 0.88022 137.105 
0.883539 -0.0156887 -0.468096 -130.909 0.00977643 0.999839 -0.0150575 -11.8595 0.468257 0.00872762 0.88355 137.87 
0.886413 -0.0136975 -0.462693 -131.326 0.00934424 0.999888 -0.0116991 -11.8806 0.462801 0.0060468 0.886442 138.67 
0.889627 -0.00969435 -0.456586 -131.753 0.00709273 0.999947 -0.00741151 -11.8971 0.456634 0.00335508 0.889649 139.467 
0.892878 -0.00704159 -0.450243 -132.155 0.0055725 0.999974 -0.00458835 -11.9225 0.450263 0.00158791 0.892894 140.261 
0.896075 -0.00395696 -0.443885 -132.58 0.00334427 0.999992 -0.00216327 -11.9402 0.44389 0.000454026 0.896081 141.096 
0.899341 -0.00237483 -0.437241 -132.999 0.00268995 0.999996 0.000101381 -11.9493 0.43724 -0.00126728 0.899344 141.931 
0.902688 -0.000676079 -0.430295 -133.421 0.00218176 0.999993 0.00300572 -11.9611 0.43029 -0.00365198 0.902684 142.784 
0.905929 -0.0010669 -0.423429 -133.832 0.00350668 0.999981 0.00498286 -11.9689 0.423416 -0.0059989 0.905916 143.669 
0.909546 -0.00101525 -0.415603 -134.259 0.00393969 0.999973 0.00617915 -11.9793 0.415585 -0.00725752 0.909525 144.569 
0.913083 -0.00179243 -0.40777 -134.673 0.00471018 0.99997 0.00615143 -11.9799 0.407747 -0.00753739 0.913064 145.49 
0.916928 -0.00447514 -0.399028 -135.072 0.00731018 0.999958 0.0055834 -11.9826 0.398986 -0.00803649 0.916922 146.405 
0.920859 -0.00602841 -0.38985 -135.475 0.0084126 0.999955 0.00440846 -11.9839 0.389806 -0.00733917 0.920868 147.33 
0.925224 -0.00691212 -0.37936 -135.86 0.00859305 0.999959 0.00273782 -11.9984 0.379325 -0.0057929 0.925245 148.258 
0.930157 -0.00568201 -0.367118 -136.236 0.00681443 0.999975 0.00178848 -11.9998 0.367099 -0.00416522 0.930173 149.21 
0.936135 -0.00185169 -0.351635 -136.599 0.00315959 0.99999 0.00314558 -12.01 0.351626 -0.00405566 0.936132 150.206 
0.942684 0.00183039 -0.333681 -136.949 0.000307764 0.99998 0.0063547 -12.0239 0.333686 -0.00609313 0.942665 151.183 
0.949362 0.00457015 -0.314152 -137.311 -0.00226214 0.999968 0.00771086 -12.0224 0.314177 -0.00660969 0.949341 152.217 
0.956021 0.00610373 -0.293235 -137.64 -0.00372971 0.999956 0.0086543 -12.0386 0.293275 -0.00717997 0.956001 153.28 
0.962208 0.00748924 -0.272211 -137.943 -0.00486352 0.999935 0.0103192 -12.046 0.272271 -0.00860526 0.962182 154.316 
0.96798 0.00840611 -0.250886 -138.239 -0.00529071 0.9999 0.0130893 -12.0429 0.250971 -0.0113428 0.967928 155.392 
0.973359 0.0107902 -0.229033 -138.521 -0.00712864 0.999833 0.0168081 -12.0492 0.229176 -0.0147276 0.973274 156.489 
0.978271 0.013251 -0.206905 -138.78 -0.00907393 0.999736 0.0211242 -12.0467 0.20713 -0.0187877 0.978133 157.601 
0.982754 0.0152317 -0.18429 -139.049 -0.010911 0.999642 0.0244361 -12.0247 0.184596 -0.0220038 0.982568 158.778 
0.986586 0.0170527 -0.162352 -139.262 -0.013271 0.999615 0.024349 -12.0103 0.162705 -0.0218677 0.986432 159.933 
0.989931 0.0159517 -0.140652 -139.46 -0.0129273 0.999666 0.0223904 -11.9984 0.140962 -0.0203466 0.989806 161.143 
0.992668 0.0160692 -0.1198 -139.627 -0.0135917 0.999677 0.021468 -11.9783 0.120107 -0.0196822 0.992566 162.357 
0.994872 0.0150783 -0.100013 -139.722 -0.0127497 0.999634 0.023881 -11.9956 0.100337 -0.0224834 0.9947 163.619 
0.996626 0.0156234 -0.0805801 -139.805 -0.0136006 0.99958 0.02559 -11.9876 0.080946 -0.0244077 0.99642 164.848 
0.998022 0.0164907 -0.0606596 -139.889 -0.0148891 0.999531 0.0267615 -11.9731 0.0610724 -0.0258053 0.9978 166.042 
0.999015 0.0181816 -0.04047 -139.954 -0.0170779 0.999477 0.0274523 -11.9548 0.0409479 -0.0267341 0.998804 167.253 
0.999624 0.0182495 -0.0204871 -139.973 -0.017669 0.999447 0.0281661 -11.9403 0.0209897 -0.0277935 0.999393 168.489 
0.999786 0.0206673 -0.000782511 -139.949 -0.0206372 0.999394 0.0280204 -11.9435 0.0013611 -0.0279983 0.999607 169.804 
0.999593 0.0216753 0.0185254 -139.907 -0.0221726 0.999387 0.027077 -11.935 -0.0179272 -0.0274767 0.999462 171.165 
0.999039 0.0218535 0.0380033 -139.882 -0.0228129 0.999427 0.0249974 -11.9302 -0.0374353 -0.0258402 0.998965 172.497 
0.998109 0.0238251 0.0566619 -139.832 -0.0251393 0.999429 0.0225952 -11.9198 -0.0560912 -0.0239769 0.998138 173.775 
0.996924 0.0241652 0.0745609 -139.634 -0.0258326 0.999436 0.0214801 -11.956 -0.0739998 -0.0233401 0.996985 175.131 
0.995365 0.024152 0.0930866 -139.514 -0.0259847 0.999491 0.0185271 -11.9462 -0.0925918 -0.02086 0.995486 176.521 
0.993418 0.0253043 0.111718 -139.378 -0.0269828 0.999544 0.0135382 -11.963 -0.111324 -0.0164635 0.993648 177.939 
0.9912 0.0273008 0.129526 -139.238 -0.0284594 0.99957 0.0071027 -11.9677 -0.129276 -0.0107264 0.991551 179.258 
0.988699 0.0286009 0.147159 -139.078 -0.0292181 0.999571 0.00203408 -11.9736 -0.147038 -0.00631077 0.989111 180.614 
0.985899 0.0309572 0.16445 -138.864 -0.0310753 0.999515 -0.0018551 -11.9956 -0.164428 -0.00328135 0.986384 182.001 
0.982729 0.033032 0.182079 -138.645 -0.0327398 0.999453 -0.00461103 -12.0176 -0.182132 -0.00142979 0.983273 183.393 
0.979358 0.0323884 0.199519 -138.381 -0.0322385 0.999472 -0.00400052 -12.0695 -0.199544 -0.00251423 0.979886 184.82 
0.975776 0.0313 0.216523 -138.097 -0.0310748 0.999507 -0.00444485 -12.1022 -0.216556 -0.00239121 0.976267 186.229 
0.971841 0.0310905 0.233578 -137.813 -0.0296623 0.999514 -0.00962525 -12.1224 -0.233763 0.00242579 0.972291 187.622 
0.96782 0.0317689 0.249629 -137.478 -0.0292293 0.999476 -0.0138746 -12.1445 -0.249939 0.00613169 0.968242 189.092 
0.96344 0.0340046 0.265758 -137.029 -0.0314901 0.99941 -0.0137178 -12.2029 -0.266068 0.00484758 0.963942 190.634 
0.95844 0.0363011 0.282975 -136.604 -0.0336237 0.999332 -0.0143139 -12.2427 -0.283306 0.00420433 0.959021 192.105 
0.953246 0.0394167 0.299612 -136.102 -0.0359651 0.999208 -0.0170282 -12.3158 -0.300046 0.00545649 0.953909 193.605 
0.947717 0.0397159 0.316632 -135.596 -0.0348277 0.999171 -0.0210846 -12.3655 -0.317207 0.0089547 0.948314 195.165 
0.941897 0.0407624 0.333419 -135.018 -0.0350834 0.999119 -0.0230385 -12.4502 -0.334064 0.0100025 0.942497 196.721 
0.935387 0.0409852 0.351243 -134.534 -0.0333901 0.99906 -0.0276559 -12.5433 -0.352046 0.0141409 0.935876 198.179 
0.927488 0.044446 0.371203 -134.033 -0.0343428 0.998839 -0.033787 -12.599 -0.372273 0.0185889 0.927937 199.698 
0.918418 0.0481556 0.39267 -133.407 -0.0364085 0.99864 -0.0373134 -12.6756 -0.393933 0.0199728 0.918922 201.239 
0.907514 0.0512386 0.416885 -132.798 -0.0387908 0.998514 -0.0382821 -12.7793 -0.418227 0.0185702 0.908153 202.716 
0.895226 0.0560534 0.442074 -132.145 -0.0422028 0.998263 -0.041113 -12.8677 -0.443611 0.0181487 0.896036 204.148 
0.881771 0.0605355 0.467776 -131.414 -0.0448034 0.997995 -0.044696 -12.9649 -0.469544 0.0184538 0.882716 205.717 
0.867522 0.0646936 0.493174 -130.675 -0.0470974 0.997735 -0.0480336 -13.0604 -0.495165 0.018443 0.868603 207.222 
0.853535 0.0656042 0.516889 -129.912 -0.0460779 0.997659 -0.0505359 -13.1471 -0.518994 0.019317 0.854559 208.583 
0.838716 0.0675724 0.54036 -129.11 -0.0462127 0.997524 -0.0530122 -13.2417 -0.542605 0.0194907 0.839762 209.929 
0.823266 0.0696653 0.563365 -128.208 -0.0447523 0.997317 -0.0579292 -13.3681 -0.565889 0.0224793 0.824175 211.34 
0.807489 0.0716682 0.585513 -127.274 -0.0429321 0.9971 -0.0628391 -13.5196 -0.588319 0.0256045 0.808224 212.743 
0.792321 0.0731768 0.6057 -126.303 -0.0416322 0.996952 -0.0659859 -13.6632 -0.608683 0.0270654 0.792952 214.056 
0.777342 0.0745898 0.624641 -125.361 -0.0402535 0.996809 -0.0689371 -13.8012 -0.62779 0.0284438 0.777863 215.287 
0.762991 0.0742666 0.642128 -124.344 -0.0382512 0.996825 -0.0698387 -13.9763 -0.645276 0.0287242 0.763409 216.495 
0.748209 0.0751758 0.659191 -123.294 -0.0371644 0.996749 -0.0714886 -14.1211 -0.662422 0.02899 0.74857 217.759 
0.733692 0.0754523 0.67528 -122.257 -0.0343952 0.996666 -0.0739917 -14.2582 -0.678612 0.0310607 0.73384 218.971 
0.719434 0.0771795 0.690259 -121.151 -0.0327318 0.99647 -0.0773023 -14.4087 -0.693789 0.0330205 0.719421 220.17 
0.70533 0.0787719 0.704489 -120.064 -0.0297339 0.99622 -0.0816221 -14.56 -0.708256 0.0366233 0.705006 221.306 
0.691184 0.080282 0.718206 -118.942 -0.0282714 0.996053 -0.0841325 -14.7193 -0.722125 0.0378464 0.690726 222.412 
0.676604 0.0815901 0.731813 -117.788 -0.0283103 0.99599 -0.0848687 -14.8839 -0.735803 0.0367047 0.6762 223.493 
0.660866 0.0829126 0.74591 -116.622 -0.0290201 0.995959 -0.0849957 -15.0462 -0.749942 0.0345245 0.660602 224.572 
0.644287 0.0838638 0.760172 -115.461 -0.0310051 0.996017 -0.0836041 -15.1998 -0.764155 0.0302959 0.644321 225.609 
0.627194 0.0847284 0.774241 -114.283 -0.0330185 0.996064 -0.0822559 -15.3477 -0.778163 0.0260261 0.627523 226.617 
0.610135 0.0864729 0.787564 -113.074 -0.0359516 0.996024 -0.0815091 -15.5135 -0.791481 0.0214174 0.610818 227.596 
0.592552 0.0894958 0.800545 -111.871 -0.0369057 0.995782 -0.0840048 -15.6776 -0.804686 0.0202325 0.593355 228.559 
0.575183 0.0928173 0.812742 -110.665 -0.0385964 0.995515 -0.0863754 -15.8307 -0.817114 0.0183127 0.576185 229.463 
0.556895 0.0928756 0.825374 -109.445 -0.0388544 0.995554 -0.0858093 -15.994 -0.829674 0.0157174 0.558028 230.324 
0.536983 0.0918725 0.838575 -108.214 -0.0394444 0.995699 -0.0838283 -16.1466 -0.84267 0.0119373 0.538298 231.156 
0.516207 0.090241 0.851696 -106.967 -0.0399634 0.995888 -0.0812972 -16.3068 -0.855531 0.00792957 0.517691 231.964 
0.494983 0.0888192 0.864351 -105.709 -0.0404467 0.996039 -0.0791888 -16.4586 -0.867961 0.00423699 0.496615 232.753 
0.474675 0.0877248 0.875778 -104.43 -0.0396756 0.996142 -0.078277 -16.6123 -0.879266 0.00240915 0.476324 233.482 
0.453898 0.0872784 0.886769 -103.183 -0.0387826 0.996183 -0.0781961 -16.7556 -0.89021 0.00110186 0.45555 234.162 
0.433504 0.0860087 0.897038 -101.927 -0.0360719 0.996293 -0.0780931 -16.9033 -0.90043 0.00149577 0.434999 234.816 
0.413599 0.0860685 0.906382 -100.599 -0.0332675 0.996286 -0.079425 -17.045 -0.909851 0.00269703 0.414926 235.447 
0.393363 0.0848518 0.915459 -99.3013 -0.0293822 0.996384 -0.0797272 -17.2021 -0.918914 0.00446352 0.394433 236.053 
0.372909 0.0830092 0.924147 -97.9952 -0.0275671 0.996542 -0.078388 -17.3393 -0.927458 0.00375557 0.373908 236.616 
0.352653 0.0828022 0.932084 -96.7145 -0.0267378 0.996562 -0.078414 -17.478 -0.935372 0.00273105 0.353654 237.132 
0.333064 0.0874858 0.938837 -95.3816 -0.0272292 0.996164 -0.0831678 -17.629 -0.942511 0.00213644 0.334169 237.646 
0.314031 0.09649 0.944497 -94.072 -0.0282446 0.995331 -0.0922923 -17.7775 -0.948992 0.00230573 0.315291 238.114 
0.293222 0.104554 0.95031 -92.7286 -0.0304988 0.994519 -0.100007 -17.9382 -0.955558 0.000340901 0.294804 238.653 
0.273376 0.108761 0.955739 -91.438 -0.0331642 0.994062 -0.103636 -18.0935 -0.961335 -0.00336464 0.27536 239.075 
0.253756 0.109952 0.960999 -90.1525 -0.0354572 0.993908 -0.104355 -18.2583 -0.966618 -0.00759371 0.256109 239.463 
0.233624 0.110358 0.966044 -88.8768 -0.0398135 0.993791 -0.103899 -18.4191 -0.971512 -0.0141882 0.236567 239.826 
0.214278 0.110587 0.970492 -87.5884 -0.0412857 0.993708 -0.104117 -18.5779 -0.9759 -0.0177576 0.217495 240.164 
0.195231 0.10912 0.974668 -86.3343 -0.0416436 0.993817 -0.102923 -18.7351 -0.979873 -0.020495 0.198568 240.449 
0.17665 0.1091 0.978209 -85.0928 -0.0418316 0.993772 -0.103281 -18.887 -0.983384 -0.0226753 0.180114 240.71 
0.158577 0.109678 0.981236 -83.8747 -0.0410954 0.993683 -0.104427 -19.0389 -0.986491 -0.0237646 0.162082 240.937 
0.139583 0.113238 0.983714 -82.6408 -0.0450285 0.993138 -0.107934 -19.1888 -0.989186 -0.0292296 0.143724 241.148 
0.12121 0.114837 0.985962 -81.4122 -0.0452585 0.992892 -0.11008 -19.3458 -0.991595 -0.0312803 0.125546 241.34 
0.104469 0.111921 0.988211 -80.1592 -0.0456081 0.993141 -0.107658 -19.5054 -0.993482 -0.0338235 0.108857 241.5 
0.0888053 0.107535 0.990227 -78.9239 -0.0433236 0.993631 -0.104019 -19.6545 -0.995106 -0.0336627 0.0928985 241.644 
0.0746982 0.10338 0.991833 -77.7281 -0.0428979 0.994024 -0.100378 -19.8012 -0.996283 -0.0350495 0.0786866 241.768 
0.0616119 0.0998979 0.993088 -76.5436 -0.0408125 0.994399 -0.0974976 -19.945 -0.997265 -0.0345235 0.0653438 241.88 
0.0511861 0.0999287 0.993677 -75.3703 -0.0405205 0.99437 -0.0979111 -20.0853 -0.997867 -0.0352526 0.0549471 241.966 
0.042102 0.102379 0.993854 -74.206 -0.0409603 0.994077 -0.100666 -20.2218 -0.998273 -0.0364703 0.0460461 242.051 
0.0352944 0.103949 0.993956 -73.0701 -0.0422334 0.993843 -0.102437 -20.3603 -0.998484 -0.0383627 0.0394671 242.12 
0.029091 0.108345 0.993688 -71.9399 -0.0426907 0.993336 -0.107057 -20.4973 -0.998665 -0.0393069 0.0335225 242.187 
0.0236231 0.11685 0.992869 -70.8328 -0.0418959 0.992389 -0.115797 -20.642 -0.998843 -0.0388617 0.0283388 242.24 
0.0186842 0.119752 0.992628 -69.7229 -0.043866 0.991944 -0.118843 -20.7783 -0.998863 -0.0413221 0.0237867 242.295 
0.0151152 0.110987 0.993707 -68.6199 -0.0426623 0.992987 -0.110257 -20.9248 -0.998975 -0.0407273 0.0197441 242.334 
0.012754 0.101323 0.994772 -67.512 -0.0416174 0.994045 -0.100715 -21.0596 -0.999052 -0.0401153 0.0168948 242.372 
0.0115442 0.0977544 0.995144 -66.4213 -0.0408831 0.994424 -0.0972094 -21.1845 -0.999097 -0.0395623 0.0154763 242.406 
0.0113057 0.0997822 0.994945 -65.3487 -0.0419283 0.994181 -0.0992291 -21.3084 -0.999057 -0.0405945 0.0154236 242.449 
0.0115436 0.102608 0.994655 -64.286 -0.0411969 0.993925 -0.102055 -21.4363 -0.999084 -0.0397986 0.0157006 242.487 
0.0131329 0.104969 0.994389 -63.2398 -0.0438489 0.993578 -0.104305 -21.5652 -0.998952 -0.0422331 0.0176514 242.528 
0.0147091 0.105934 0.994264 -62.1916 -0.0461711 0.993383 -0.105157 -21.6851 -0.998825 -0.0443596 0.0195029 242.579 
0.0181431 0.107654 0.994023 -61.1546 -0.0471877 0.993171 -0.106701 -21.8093 -0.998721 -0.0449697 0.0230991 242.614 
0.0217179 0.108884 0.993817 -60.1324 -0.0493506 0.992957 -0.107712 -21.9306 -0.998545 -0.0467062 0.0269385 242.67 
0.0261231 0.109929 0.993596 -59.1235 -0.0503904 0.992817 -0.108518 -22.0486 -0.998388 -0.0472329 0.0314748 242.731 
0.0319685 0.109012 0.993526 -58.1257 -0.0515066 0.992893 -0.107285 -22.1685 -0.998161 -0.0477435 0.0373561 242.795 
0.0385699 0.107561 0.99345 -57.1021 -0.0502953 0.993139 -0.105575 -22.2956 -0.997989 -0.0458939 0.0437151 242.865 
0.0456803 0.106864 0.993224 -56.1007 -0.0481182 0.993343 -0.104664 -22.4126 -0.997797 -0.0430111 0.0505183 242.931 
0.0522182 0.107811 0.992799 -55.1158 -0.0472779 0.993308 -0.105379 -22.5291 -0.997516 -0.0414348 0.0569658 243.024 
0.0590204 0.107604 0.99244 -54.1294 -0.0474704 0.993351 -0.10488 -22.647 -0.997127 -0.0409215 0.063736 243.107 
0.0655407 0.106395 0.992162 -53.1477 -0.0485673 0.993461 -0.103326 -22.7623 -0.996667 -0.0414145 0.0702795 243.201 
0.0719494 0.104153 0.991955 -52.1601 -0.0489671 0.993703 -0.100785 -22.8771 -0.996206 -0.0413217 0.0765964 243.305 
0.0779574 0.102914 0.991631 -51.189 -0.0496646 0.993824 -0.0992367 -22.9879 -0.995719 -0.0415127 0.082587 243.418 
0.0845974 0.103454 0.99103 -50.2065 -0.0497693 0.993793 -0.0994937 -23.1005 -0.995172 -0.040906 0.0892211 243.528 
0.0910848 0.105707 0.990217 -49.2291 -0.0494775 0.993603 -0.101517 -23.2123 -0.994613 -0.0397468 0.0957322 243.647 
0.0972847 0.107198 0.989467 -48.2635 -0.0494456 0.993475 -0.102771 -23.3238 -0.994028 -0.0389268 0.10195 243.769 
0.103556 0.109194 0.988612 -47.2927 -0.0513489 0.993217 -0.104324 -23.434 -0.993297 -0.0399608 0.10846 243.899 
0.109569 0.109778 0.987899 -46.3353 -0.053508 0.993093 -0.10442 -23.5466 -0.992538 -0.0414192 0.114687 244.039 
0.116014 0.109401 0.987204 -45.3672 -0.0539851 0.993141 -0.103715 -23.6589 -0.991779 -0.0412619 0.121124 244.187 
0.122004 0.107355 0.986707 -44.4042 -0.054903 0.993341 -0.101289 -23.767 -0.99101 -0.0418155 0.127086 244.333 
0.12831 0.105627 0.986093 -43.4483 -0.0548939 0.993544 -0.0992821 -23.8799 -0.990214 -0.0413916 0.13328 244.486 
0.134547 0.105006 0.985328 -42.4868 -0.054533 0.993647 -0.098446 -23.9873 -0.989406 -0.0404873 0.139418 244.642 
0.141243 0.105967 0.984287 -41.5407 -0.0544579 0.993581 -0.0991531 -24.0974 -0.988476 -0.0395975 0.146108 244.812 
0.148337 0.106193 0.983219 -40.6109 -0.0526823 0.993655 -0.0993719 -24.2024 -0.987533 -0.0370577 0.15299 244.974 
0.156766 0.108013 0.981712 -39.6748 -0.0511079 0.993557 -0.101155 -24.3075 -0.986313 -0.0343155 0.161277 245.15 
