1 2.12261e-08 -2.11895e-08 0 2.12261e-08 1 2.10703e-08 0 -2.11895e-08 2.10703e-08 1 0 
0.999876 0.0015327 0.0156516 0.0107813 -0.00151742 0.999998 -0.000985609 0.000569365 -0.0156532 0.000961779 0.999877 0.128407 
0.999307 0.00417384 0.0369944 0.0272918 -0.00415195 0.999991 -0.000667361 -0.000535919 -0.0369969 0.000513341 0.999315 0.269058 
0.997911 0.00577536 0.0643414 0.0550243 -0.00583605 0.999983 0.000756105 -0.00402677 -0.064336 -0.00112998 0.997928 0.42207 
0.995144 0.00520682 0.0982923 0.100985 -0.00552118 0.999981 0.00292698 -0.00518665 -0.0982752 -0.00345541 0.995153 0.584228 
0.990617 0.00232381 0.136649 0.16313 -0.00301976 0.999984 0.00488626 -0.00141105 -0.136635 -0.00525302 0.990608 0.748016 
0.984344 -0.000476506 0.176257 0.238133 -0.00042568 0.999987 0.00508099 0.00805553 -0.176257 -0.00507643 0.984331 0.923414 
0.975525 -0.000476847 0.219888 0.326934 -0.000924608 0.99998 0.00627076 0.0109153 -0.219886 -0.00632056 0.975505 1.11264 
0.963413 0.000159804 0.268021 0.4235 -0.00265088 0.999957 0.00893268 0.0165278 -0.268008 -0.00931632 0.963372 1.3169 
0.948847 -0.00299511 0.315723 0.5176 -0.00207477 0.999874 0.0157208 0.036678 -0.31573 -0.0155716 0.948721 1.4845 
0.931827 -0.0124313 0.362689 0.648812 0.00408143 0.999709 0.0237794 0.0242414 -0.362879 -0.0206779 0.931607 1.71379 
0.910375 -0.0184943 0.41337 0.772877 0.00737638 0.999567 0.0284759 0.0136101 -0.413718 -0.0228746 0.910118 1.89092 
0.884726 -0.0198558 0.465688 0.903389 0.00533208 0.999458 0.0324846 0.00831589 -0.466081 -0.0262568 0.884353 2.08459 
0.856076 -0.0217926 0.516391 1.05734 0.00324679 0.999318 0.0367905 0.0210839 -0.51684 -0.0298188 0.855562 2.28934 
0.823366 -0.0267137 0.566882 1.22759 0.00416641 0.999149 0.0410324 0.0160963 -0.567496 -0.0314228 0.822776 2.46845 
0.786822 -0.0319724 0.616351 1.40232 0.00580941 0.998997 0.0444056 0.021786 -0.617152 -0.0313586 0.786219 2.6508 
0.747924 -0.0359686 0.662809 1.62024 0.00643182 0.998877 0.0469483 0.0270797 -0.663753 -0.0308506 0.747315 2.85929 
0.707329 -0.0389343 0.705811 1.8485 0.00740215 0.998835 0.0476803 0.0398801 -0.706845 -0.0285011 0.706794 3.04373 
0.664572 -0.0409011 0.746104 2.10883 0.00642884 0.998777 0.0490263 0.0469693 -0.747197 -0.0277849 0.664022 3.24497 
0.620804 -0.0408278 0.782902 2.40051 0.00112914 0.998689 0.0511856 0.0559789 -0.783965 -0.0308922 0.620035 3.46749 
0.578371 -0.041218 0.814732 2.73236 -0.00185006 0.998654 0.0518361 0.0786129 -0.815772 -0.0314878 0.577516 3.67037 
0.537587 -0.0424062 0.842141 3.09169 -0.00335916 0.998619 0.0524301 0.0982951 -0.843202 -0.0310146 0.536702 3.87492 
0.498389 -0.0445089 0.86581 3.48072 -0.00487493 0.998522 0.0541375 0.113343 -0.86694 -0.0312023 0.497436 4.07731 
0.460542 -0.0441712 0.886538 3.89338 -0.00827645 0.998504 0.0540494 0.126285 -0.887599 -0.0322294 0.459488 4.27512 
0.42341 -0.0435737 0.90489 4.33308 -0.00947813 0.998575 0.05252 0.140555 -0.905889 -0.0308141 0.422394 4.46979 
0.389115 -0.0423979 0.920213 4.80175 -0.00841792 0.998735 0.0495753 0.156946 -0.921151 -0.0270367 0.388265 4.66453 
0.35897 -0.0400356 0.93249 5.30654 -0.00625912 0.998954 0.0452987 0.19402 -0.933328 -0.0220974 0.358344 4.84789 
0.333295 -0.0386473 0.94203 5.84515 -0.00495542 0.999074 0.0427409 0.206297 -0.942809 -0.0189135 0.332795 5.02836 
0.312726 -0.0377731 0.949092 6.40866 -0.00392278 0.999149 0.041058 0.235854 -0.949835 -0.016563 0.312312 5.21701 
0.29806 -0.0381317 0.953785 7.00681 -0.00270111 0.999164 0.0407901 0.263021 -0.954543 -0.0147342 0.297708 5.39926 
0.28661 -0.0397397 0.957223 7.63273 -0.00175767 0.999116 0.0420053 0.283854 -0.958046 -0.0137216 0.286286 5.58719 
0.275813 -0.0414647 0.960317 8.28136 -0.00304405 0.999026 0.0440104 0.310543 -0.961207 -0.0150619 0.275418 5.7783 
0.265334 -0.0435133 0.963174 8.96232 -0.00432617 0.998917 0.0463199 0.329882 -0.964147 -0.0164571 0.264859 5.97126 
0.25508 -0.0449135 0.965876 9.6525 -0.00505783 0.998845 0.0477823 0.365295 -0.966907 -0.0170735 0.254558 6.16501 
0.244894 -0.0466809 0.968426 10.3817 -0.00608102 0.998747 0.0496802 0.397126 -0.969531 -0.0180554 0.244303 6.35793 
0.234211 -0.0480368 0.970998 11.1223 -0.00618877 0.998685 0.0508993 0.430317 -0.972166 -0.0179304 0.233605 6.55068 
0.223684 -0.049235 0.973417 11.8799 -0.00645041 0.998627 0.0519923 0.460362 -0.97464 -0.0179088 0.22306 6.73852 
0.21274 -0.0521236 0.975718 12.6541 -0.00759169 0.998458 0.0549937 0.491873 -0.977079 -0.0191067 0.212017 6.92167 
0.201385 -0.0555984 0.977933 13.4411 -0.0092741 0.998235 0.0586625 0.5299 -0.979468 -0.0208832 0.200514 7.0922 
0.189228 -0.0593463 0.980138 14.2454 -0.00977379 0.998009 0.0623154 0.570804 -0.981885 -0.0213715 0.188271 7.25673 
0.17584 -0.0615382 0.982493 15.0369 -0.0105929 0.997868 0.0643971 0.609295 -0.984362 -0.0217311 0.174814 7.41529 
0.161602 -0.0622232 0.984892 15.8429 -0.0110432 0.997834 0.0648528 0.644974 -0.986794 -0.0213568 0.160565 7.55869 
0.147296 -0.0609812 0.987211 16.6449 -0.0118342 0.997918 0.0634083 0.688252 -0.989022 -0.0210227 0.146267 7.6841 
0.13094 -0.0600925 0.989567 17.4568 -0.0125356 0.997981 0.0622621 0.72068 -0.991311 -0.0205574 0.129922 7.79531 
0.110296 -0.0586585 0.992166 18.2819 -0.0150096 0.998045 0.0606746 0.756584 -0.993786 -0.0215842 0.1092 7.89952 
0.0845872 -0.0573081 0.994767 19.1171 -0.0196818 0.998054 0.0591711 0.789716 -0.996222 -0.0245839 0.0832947 7.98179 
0.0538565 -0.0567535 0.996935 19.9499 -0.0233842 0.998038 0.0580796 0.824314 -0.998275 -0.0264405 0.0524237 8.03944 
0.0202941 -0.0563968 0.998202 20.7926 -0.0263585 0.998031 0.056923 0.860094 -0.999447 -0.0274663 0.0187676 8.06638 
-0.0144168 -0.0558508 0.998335 21.6491 -0.0280383 0.998069 0.0554311 0.89168 -0.999503 -0.0271925 -0.0159549 8.063 
-0.0485637 -0.0544522 0.997335 22.4924 -0.0293258 0.99816 0.0530693 0.923362 -0.99839 -0.0266704 -0.0500712 8.02994 
-0.0816649 -0.0524757 0.995277 23.3313 -0.0309879 0.998264 0.0500905 0.947573 -0.996178 -0.0267509 -0.0831493 7.9678 
-0.11428 -0.0495112 0.992214 24.1762 -0.0332735 0.998388 0.0459869 0.971979 -0.992891 -0.027759 -0.115743 7.88203 
-0.146783 -0.0449269 0.988148 25.0144 -0.0301373 0.998707 0.0409303 0.991575 -0.98871 -0.0237722 -0.147947 7.76212 
-0.178011 -0.0384922 0.983275 25.8461 -0.0237908 0.999111 0.0348051 1.01122 -0.983741 -0.0171972 -0.178768 7.60421 
-0.208212 -0.0317581 0.977568 26.6696 -0.0172598 0.999436 0.0287924 1.02731 -0.977931 -0.0108777 -0.208643 7.41953 
-0.237199 -0.0263433 0.971104 27.4738 -0.0115086 0.999638 0.0243064 1.02863 -0.971393 -0.00541061 -0.237416 7.22964 
-0.264612 -0.0202642 0.964142 28.2771 -0.002812 0.999791 0.0202417 1.02885 -0.964351 0.00264504 -0.264614 6.99851 
-0.290923 -0.0099931 0.956694 29.0625 0.00288228 0.999932 0.0113213 1.01676 -0.956742 0.00605107 -0.290875 6.76019 
-0.316304 0.00535901 0.948643 29.8423 0.00712114 0.999969 -0.00327454 1.00374 -0.948631 0.00571966 -0.316332 6.50308 
-0.341048 0.0227416 0.939771 30.593 0.00793387 0.999741 -0.0213135 0.985889 -0.940012 0.000187064 -0.34114 6.24796 
-0.366366 0.0373522 0.929721 31.3057 0.00810441 0.999284 -0.0369533 0.945397 -0.930435 -0.0060036 -0.366407 5.97573 
-0.390649 0.0475407 0.919311 32.057 0.0118195 0.998842 -0.046631 0.898504 -0.920464 -0.00735057 -0.390759 5.66147 
-0.413648 0.0517895 0.908963 32.8047 0.0148335 0.998632 -0.050148 0.848691 -0.910316 -0.00726053 -0.41385 5.31762 
-0.436292 0.0513533 0.898338 33.5411 0.0183353 0.99867 -0.0481839 0.794373 -0.899618 -0.00455093 -0.436654 4.96358 
-0.456381 0.0471413 0.888535 34.2616 0.0212854 0.998888 -0.0420632 0.752465 -0.88953 -0.000284062 -0.456877 4.60024 
-0.473981 0.0458793 0.879339 34.9694 0.0290128 0.998913 -0.0364795 0.700282 -0.880057 0.00822149 -0.474797 4.21505 
-0.487625 0.046381 0.87182 35.6754 0.03099 0.998878 -0.0358072 0.655321 -0.872503 0.00955723 -0.488515 3.82265 
-0.498592 0.0505733 0.86536 36.3688 0.0351748 0.998655 -0.0380967 0.608089 -0.866123 0.0114441 -0.4997 3.42803 
-0.50831 0.0530317 0.85954 37.0568 0.0361111 0.998537 -0.0402523 0.560145 -0.860417 0.0105783 -0.509481 3.03018 
-0.51934 0.0523421 0.852963 37.7318 0.0299501 0.998624 -0.043045 0.517292 -0.854043 0.00319133 -0.520193 2.6499 
-0.530478 0.0510763 0.846159 38.4254 0.0292364 0.998692 -0.0419546 0.472883 -0.847194 0.0024826 -0.531277 2.23069 
-0.539066 0.0524254 0.840631 39.0886 0.0313989 0.998618 -0.0421432 0.426648 -0.841678 0.00367694 -0.539967 1.81593 
-0.546609 0.0551762 0.835568 39.7651 0.0341603 0.998466 -0.0435862 0.378752 -0.836691 0.00471861 -0.547655 1.39789 
-0.550594 0.0580088 0.832755 40.4359 0.0349581 0.99831 -0.0464278 0.335516 -0.834041 0.00354864 -0.551691 0.997615 
-0.550232 0.0601548 0.832842 41.1313 0.0349496 0.998187 -0.0490073 0.284596 -0.83428 0.0021421 -0.551337 0.548195 
-0.547067 0.0602293 0.834919 41.8478 0.0366863 0.998175 -0.0479681 0.238073 -0.836284 0.00438826 -0.548278 0.102343 
-0.541126 0.0591355 0.83886 42.5905 0.034713 0.998245 -0.0479789 0.187975 -0.840225 0.00315672 -0.542229 -0.364437 
-0.534397 0.0576393 0.843266 43.3525 0.0326253 0.998335 -0.0475633 0.12854 -0.844603 0.00209411 -0.535388 -0.809058 
-0.527527 0.0570653 0.847619 44.1279 0.0312306 0.99837 -0.0477777 0.0747231 -0.848964 0.0012676 -0.52845 -1.26033 
-0.521409 0.0556549 0.85149 44.9276 0.0283186 0.99845 -0.0479196 0.0233437 -0.852837 -0.00087273 -0.522177 -1.71871 
-0.517334 0.0532279 0.854126 45.7285 0.023907 0.998573 -0.0477494 -0.0350319 -0.855449 -0.00428279 -0.517869 -2.17406 
-0.516126 0.0504523 0.855026 46.5546 0.0195541 0.998698 -0.0471262 -0.0920194 -0.85629 -0.00760379 -0.51644 -2.64209 
-0.51716 0.0480486 0.854539 47.4206 0.0165071 0.998797 -0.0461699 -0.136671 -0.855729 -0.0097713 -0.517332 -3.09668 
-0.519119 0.0469709 0.85341 48.2691 0.0150883 0.998837 -0.045797 -0.184693 -0.854569 -0.0108976 -0.519224 -3.53237 
-0.521008 0.0459193 0.852316 49.0896 0.0147609 0.998887 -0.0447929 -0.241859 -0.853424 -0.0107565 -0.521106 -3.94865 
-0.522742 0.0450318 0.851301 49.9069 0.0145894 0.99893 -0.0438824 -0.313627 -0.852366 -0.0105192 -0.522839 -4.37641 
-0.523658 0.0440485 0.850789 50.7989 0.0145551 0.998979 -0.0427621 -0.370364 -0.851804 -0.0100094 -0.523764 -4.87183 
-0.524337 0.0434704 0.8504 51.6857 0.0138175 0.998999 -0.0425468 -0.429786 -0.851398 -0.0105585 -0.524413 -5.38689 
-0.525006 0.0419597 0.850064 52.5674 0.0120111 0.99905 -0.0418956 -0.483913 -0.851014 -0.0117853 -0.525011 -5.89477 
-0.525412 0.0409848 0.849861 53.4576 0.0107701 0.99908 -0.0415224 -0.546316 -0.85078 -0.0126632 -0.525369 -6.41991 
-0.525169 0.0402485 0.850046 54.338 0.00958703 0.999097 -0.0413829 -0.604553 -0.850944 -0.0135836 -0.525081 -6.92639 
-0.524693 0.0385682 0.850418 55.211 0.00945838 0.999176 -0.039479 -0.668295 -0.851239 -0.0126708 -0.524625 -7.4026 
-0.523782 0.0361901 0.851083 56.0768 0.00961827 0.999285 -0.0365726 -0.737658 -0.851798 -0.0109701 -0.523755 -7.87663 
-0.522635 0.034065 0.851876 56.9084 0.00928153 0.99937 -0.0342687 -0.808698 -0.852506 -0.0100033 -0.522621 -8.33804 
-0.520541 0.0338892 0.853164 57.8156 0.00954355 0.999381 -0.0338743 -0.866291 -0.853783 -0.00949079 -0.520542 -8.85184 
-0.51967 0.0339859 0.853691 58.7068 0.0098885 0.999381 -0.0337664 -0.928947 -0.85431 -0.00910566 -0.519685 -9.31882 
-0.51969 0.0342781 0.853667 59.5975 0.0092508 0.999362 -0.0344967 -0.985144 -0.854305 -0.0100305 -0.519675 -9.80914 
-0.521037 0.0352177 0.852807 60.4674 0.0082488 0.99931 -0.0362279 -1.04768 -0.853494 -0.0118414 -0.520967 -10.3057 
-0.524943 0.0371111 0.850328 61.3647 0.00669796 0.999198 -0.0394734 -1.10079 -0.851111 -0.0150258 -0.524771 -10.7926 
-0.529711 0.0371533 0.847364 62.2379 0.00480886 0.999156 -0.0408026 -1.162 -0.848165 -0.0175387 -0.529442 -11.3041 
-0.535675 0.0357665 0.843666 63.0901 0.00532552 0.999226 -0.0389799 -1.21465 -0.844407 -0.0163876 -0.535451 -11.8111 
-0.541468 0.0338014 0.840042 63.9419 0.00648082 0.99933 -0.0360334 -1.26519 -0.840697 -0.0140668 -0.541324 -12.3351 
-0.547267 0.0310843 0.836381 64.8113 0.00343391 0.999385 -0.0348954 -1.32502 -0.836951 -0.0162251 -0.547037 -12.8642 
-0.552717 0.0344311 0.832658 65.6653 0.00544671 0.999274 -0.0377053 -1.3785 -0.833351 -0.0163051 -0.552503 -13.3944 
-0.55796 0.0362216 0.829077 66.5017 0.00571423 0.999191 -0.0398081 -1.4266 -0.829848 -0.0174738 -0.557716 -13.9295 
-0.562629 0.0370034 0.825881 67.3244 0.00454912 0.999121 -0.0416663 -1.48567 -0.826697 -0.0196856 -0.562303 -14.4631 
-0.566515 0.0368171 0.823229 68.1415 0.00286183 0.999083 -0.0427124 -1.546 -0.824047 -0.0218413 -0.566101 -14.9975 
-0.5695 0.0364698 0.821182 68.94 0.00439261 0.999136 -0.0413267 -1.60207 -0.821979 -0.0199284 -0.569169 -15.5338 
-0.571812 0.0296339 0.819849 69.7587 0.004962 0.999454 -0.032665 -1.65529 -0.82037 -0.0146102 -0.571647 -16.0842 
-0.57392 0.0209803 0.818643 70.5658 0.0043132 0.999735 -0.0225975 -1.70527 -0.8189 -0.00943817 -0.573858 -16.6287 
-0.575067 0.0201532 0.817858 71.3621 0.00631921 0.999776 -0.0201926 -1.75058 -0.818082 -0.0064439 -0.575065 -17.1729 
-0.576104 0.0246529 0.817005 72.151 0.00629907 0.999649 -0.0257224 -1.78889 -0.817352 -0.00967243 -0.576057 -17.711 
-0.577517 0.0309498 0.815792 72.9343 0.00807203 0.999449 -0.0322031 -1.83132 -0.816339 -0.0120127 -0.577448 -18.2421 
-0.577877 0.0350672 0.81537 73.7254 0.0131288 0.999347 -0.0336748 -1.86674 -0.816018 -0.00875507 -0.57796 -18.7943 
-0.577884 0.0361193 0.815319 74.5045 0.0165105 0.999333 -0.032569 -1.92327 -0.815952 -0.00535981 -0.578095 -19.3352 
-0.577249 0.0326597 0.815915 75.2889 0.0151341 0.999456 -0.0292994 -1.9728 -0.816428 -0.00456495 -0.57743 -19.8777 
-0.57642 0.0277651 0.816682 76.0709 0.0140157 0.999612 -0.0240918 -2.01751 -0.817034 -0.00244059 -0.576585 -20.416 
-0.575848 0.0210777 0.817285 76.8569 0.0102996 0.999775 -0.0185271 -2.05528 -0.817492 -0.00225108 -0.575935 -20.9415 
-0.575676 0.0155467 0.81753 77.6425 0.00164863 0.999839 -0.0178527 -2.08663 -0.817676 -0.00892957 -0.575609 -21.4495 
-0.574201 0.0100131 0.818654 78.4299 -0.00612336 0.999845 -0.0165242 -2.12001 -0.818692 -0.0145011 -0.57405 -21.9638 
-0.572463 0.0108345 0.819859 79.214 -0.0026579 0.999883 -0.0150694 -2.1544 -0.819926 -0.0108058 -0.572367 -22.4914 
-0.569534 0.0143335 0.821843 79.9863 0.00100892 0.999859 -0.016739 -2.18314 -0.821967 -0.00870427 -0.569468 -23.008 
-0.564006 0.0174208 0.825587 80.7672 0.00319453 0.999816 -0.0189149 -2.21644 -0.825764 -0.00803076 -0.563958 -23.5316 
-0.556583 0.0200672 0.830549 81.5516 0.00845147 0.999793 -0.0184926 -2.2486 -0.830749 -0.00327334 -0.556638 -24.0393 
-0.548611 0.0237863 0.835739 82.3389 0.0160839 0.999711 -0.017895 -2.28616 -0.835923 0.00362452 -0.548835 -24.5462 
-0.539133 0.0227181 0.841914 83.1267 0.0133979 0.999741 -0.0183972 -2.31613 -0.842114 0.00136138 -0.539297 -25.0295 
-0.528317 0.0205239 0.848799 83.9298 0.0110473 0.999789 -0.0172986 -2.34463 -0.848975 0.00023784 -0.528433 -25.5067 
-0.517155 0.0171857 0.855719 84.7395 0.0113041 0.999848 -0.0132487 -2.37985 -0.855817 0.00282153 -0.517271 -25.9723 
-0.506468 0.0166516 0.862098 85.5504 0.0106784 0.999858 -0.0130391 -2.41027 -0.862193 0.00260195 -0.506573 -26.4254 
-0.494068 0.0160172 0.869276 86.3688 0.0111863 0.999865 -0.0120655 -2.43426 -0.869351 0.00376276 -0.49418 -26.8836 
-0.48239 0.0170905 0.87579 87.1792 0.0128259 0.99984 -0.0124467 -2.46511 -0.875863 0.00522859 -0.482532 -27.3121 
-0.471014 0.0208207 0.88188 88.0017 0.0122602 0.999779 -0.017056 -2.5002 -0.88204 0.00277843 -0.471166 -27.7262 
-0.459854 0.0301825 0.887481 88.8163 0.0152896 0.999543 -0.0260712 -2.53344 -0.887863 0.00158024 -0.460106 -28.1305 
-0.447413 0.034753 0.893652 89.6448 0.0145682 0.999395 -0.0315715 -2.5666 -0.894209 -0.00110658 -0.447649 -28.5269 
-0.436383 0.0317753 0.8992 90.4849 0.0139624 0.999495 -0.0285435 -2.61197 -0.899653 9.90814e-05 -0.436607 -28.9094 
-0.424888 0.0279521 0.904814 91.3189 0.012971 0.999609 -0.0247895 -2.65667 -0.905153 0.00120351 -0.425085 -29.2819 
-0.415266 0.0286877 0.909248 92.1537 0.00997779 0.999586 -0.0269809 -2.69731 -0.909646 -0.00213197 -0.41538 -29.6416 
-0.408693 0.0325929 0.91209 92.9849 0.00450265 0.999422 -0.033696 -2.74265 -0.912661 -0.00966453 -0.408604 -29.9845 
-0.403881 0.0370781 0.91406 93.8298 -0.000982549 0.99916 -0.0409642 -2.79412 -0.914811 -0.0174428 -0.403506 -30.3263 
-0.400709 0.0386553 0.91539 94.6545 -0.00390322 0.999029 -0.0438958 -2.84202 -0.916197 -0.0211624 -0.400168 -30.6624 
-0.397293 0.0380874 0.916901 95.5002 -0.00561651 0.999019 -0.0439321 -2.89814 -0.917674 -0.0226037 -0.39669 -31.0045 
-0.392244 0.0381204 0.919071 96.3353 -0.00631718 0.999006 -0.0441318 -2.95714 -0.91984 -0.0231164 -0.391613 -31.3399 
-0.386649 0.0343481 0.921587 97.1942 -0.00875084 0.999125 -0.0409093 -3.00064 -0.922186 -0.0238822 -0.38601 -31.6756 
-0.381605 0.0306512 0.923817 98.0247 -0.00892393 0.999281 -0.0368412 -3.05288 -0.924282 -0.0223029 -0.381057 -31.9965 
-0.376261 0.0275734 0.926103 98.8716 -0.0122197 0.999322 -0.034718 -3.10091 -0.926433 -0.0243798 -0.375669 -32.3158 
-0.370825 0.0256918 0.928347 99.71 -0.0196699 0.999176 -0.035509 -3.14963 -0.928495 -0.0314281 -0.370014 -32.6161 
-0.364766 0.0255256 0.930749 100.553 -0.0274071 0.998897 -0.0381355 -3.19747 -0.930696 -0.0394197 -0.363664 -32.9154 
-0.358393 0.0295421 0.933103 101.388 -0.025633 0.998811 -0.0414676 -3.24888 -0.933219 -0.0387799 -0.357209 -33.2146 
-0.351544 0.0329724 0.935591 102.227 -0.0234554 0.998756 -0.0440117 -3.29764 -0.935877 -0.0374167 -0.350333 -33.512 
-0.345613 0.0307272 0.937874 103.063 -0.0250982 0.998804 -0.0419722 -3.35211 -0.938042 -0.0380451 -0.344428 -33.7891 
-0.33878 0.0258434 0.940511 103.918 -0.0257488 0.998994 -0.0367253 -3.4053 -0.940513 -0.0366588 -0.337774 -34.076 
-0.331756 0.0233936 0.943075 104.772 -0.0273868 0.999032 -0.0344158 -3.45386 -0.942968 -0.0372455 -0.330794 -34.3594 
-0.325442 0.0267271 0.945184 105.615 -0.0281534 0.998883 -0.0379392 -3.49795 -0.945143 -0.0389572 -0.324326 -34.6331 
-0.319542 0.0295918 0.94711 106.502 -0.0279628 0.998783 -0.0406405 -3.53734 -0.94716 -0.0394702 -0.318325 -34.8987 
-0.313157 0.0301067 0.949224 107.349 -0.030866 0.998647 -0.0418571 -3.58051 -0.9492 -0.0424067 -0.311804 -35.1524 
-0.306276 0.0294181 0.951488 108.21 -0.0312292 0.998674 -0.0409294 -3.63287 -0.951431 -0.0422499 -0.304951 -35.4089 
-0.298153 0.0293225 0.954068 109.081 -0.0269666 0.99887 -0.0391267 -3.68594 -0.954137 -0.0373937 -0.297025 -35.6613 
-0.290305 0.0302112 0.956457 109.892 -0.0243939 0.998943 -0.0389572 -3.73805 -0.956623 -0.0346412 -0.289261 -35.9138 
-0.283945 0.0308546 0.958344 110.751 -0.0233235 0.998964 -0.0390728 -3.78594 -0.958557 -0.0334464 -0.282931 -36.1453 
-0.277265 0.0295832 0.960338 111.615 -0.0292288 0.998804 -0.0392069 -3.83204 -0.960349 -0.0389403 -0.276069 -36.3643 
-0.271523 0.027673 0.962034 112.482 -0.0331259 0.998726 -0.0380778 -3.88061 -0.961862 -0.0422073 -0.27026 -36.5781 
-0.266831 0.0279152 0.963339 113.347 -0.0299831 0.998856 -0.0372492 -3.93041 -0.963277 -0.0388231 -0.265689 -36.8016 
-0.262608 0.0282237 0.96449 114.215 -0.0284336 0.998912 -0.0369728 -3.97841 -0.964484 -0.0371333 -0.261519 -37.0153 
-0.257564 0.0294412 0.965813 115.085 -0.0276476 0.998902 -0.0378229 -4.02622 -0.965866 -0.0364442 -0.256467 -37.2363 
-0.25156 0.0287816 0.967414 115.957 -0.0213615 0.999149 -0.0352804 -4.07099 -0.967606 -0.0295406 -0.250731 -37.4561 
-0.246262 0.027952 0.9688 116.825 -0.0137516 0.999383 -0.0323299 -4.11378 -0.969106 -0.0212842 -0.245726 -37.671 
-0.241306 0.0270753 0.970071 117.693 -0.0116903 0.999457 -0.0308034 -4.16096 -0.970379 -0.0187734 -0.240859 -37.8735 
-0.237421 0.028491 0.970989 118.566 -0.0137874 0.99937 -0.032695 -4.20519 -0.971309 -0.0211499 -0.236878 -38.0653 
-0.233866 0.0303068 0.971796 119.434 -0.0155829 0.999269 -0.0349136 -4.24547 -0.972144 -0.0233085 -0.233223 -38.2552 
-0.232146 0.0296575 0.972229 120.305 -0.0177935 0.999238 -0.0347301 -4.29128 -0.972518 -0.0253618 -0.231441 -38.4433 
-0.231343 0.0285393 0.972454 121.173 -0.0183114 0.999265 -0.0336823 -4.33472 -0.9727 -0.0255991 -0.23065 -38.626 
-0.229983 0.0241363 0.972895 122.042 -0.0165807 0.99945 -0.0287146 -4.37921 -0.973053 -0.0227352 -0.229457 -38.8216 
-0.229126 0.0186194 0.973219 122.913 -0.0177919 0.99957 -0.0233123 -4.42281 -0.973234 -0.0226569 -0.228696 -39.005 
-0.228448 0.0166077 0.973414 123.774 -0.0170903 0.999632 -0.0210659 -4.465 -0.973406 -0.0214484 -0.22808 -39.1878 
-0.227206 0.0216577 0.973606 124.62 -0.0168536 0.999516 -0.0261671 -4.49975 -0.973701 -0.0223541 -0.226731 -39.3712 
-0.226892 0.0251041 0.973596 125.468 -0.0165331 0.999424 -0.029623 -4.54151 -0.97378 -0.0228178 -0.226346 -39.5585 
-0.226446 0.0243856 0.973719 126.323 -0.0187298 0.999393 -0.0293843 -4.58469 -0.973844 -0.0248916 -0.225852 -39.742 
-0.226183 0.0230699 0.973812 127.175 -0.0207984 0.999377 -0.0285062 -4.63388 -0.973863 -0.0267013 -0.225562 -39.9225 
-0.225431 0.0241858 0.973959 128.005 -0.0157764 0.99947 -0.0284708 -4.67217 -0.974132 -0.0217838 -0.22493 -40.1033 
-0.224587 0.026854 0.974084 128.846 -0.017669 0.999344 -0.0316241 -4.7096 -0.974294 -0.0243135 -0.223965 -40.2823 
-0.224657 0.027397 0.974053 129.679 -0.0257811 0.999088 -0.0340472 -4.75505 -0.974097 -0.032761 -0.223745 -40.4464 
-0.224644 0.0283752 0.974028 130.506 -0.0320635 0.998819 -0.0364924 -4.80164 -0.973913 -0.0394285 -0.223469 -40.6047 
-0.224196 0.0316139 0.974031 131.317 -0.0286958 0.998826 -0.0390237 -4.85192 -0.974122 -0.0366995 -0.223026 -40.7779 
-0.223853 0.0322514 0.974089 132.12 -0.0287439 0.998799 -0.039675 -4.90593 -0.974199 -0.0368804 -0.222657 -40.9391 
-0.222465 0.033337 0.974371 132.935 -0.0302905 0.998696 -0.0410851 -4.94937 -0.97447 -0.0386542 -0.221165 -41.1033 
-0.220616 0.0330523 0.974801 133.754 -0.0212276 0.999026 -0.0386779 -4.9988 -0.97513 -0.0292256 -0.219699 -41.2765 
-0.217404 0.0299954 0.975621 134.562 -0.0160724 0.999282 -0.0343044 -5.04524 -0.975949 -0.0231384 -0.216766 -41.4502 
-0.215495 0.0252875 0.976178 135.368 -0.0120069 0.999521 -0.0285427 -5.08969 -0.976431 -0.0178717 -0.215088 -41.614 
-0.212122 0.0247485 0.97693 136.148 -0.00948644 0.99958 -0.027382 -5.13195 -0.977197 -0.0150759 -0.211798 -41.7709 
-0.207518 0.0297668 0.977778 136.94 -0.00956459 0.999427 -0.0324558 -5.17452 -0.978185 -0.0160872 -0.207114 -41.9195 
-0.201202 0.0328629 0.978998 137.72 -0.00812399 0.999347 -0.0352155 -5.21288 -0.979516 -0.0150388 -0.200803 -42.0641 
-0.193197 0.03366 0.980582 138.506 -0.00977572 0.999296 -0.0362284 -5.24837 -0.981111 -0.0165851 -0.192732 -42.1965 
-0.183202 0.0295104 0.982632 139.314 -0.00646051 0.999492 -0.0312211 -5.28994 -0.983054 -0.0120681 -0.182918 -42.3449 
-0.171661 0.0282137 0.984752 140.105 -0.00301458 0.99957 -0.0291638 -5.33156 -0.985151 -0.0079749 -0.171502 -42.4664 
-0.157736 0.0307949 0.987001 140.885 0.000901882 0.999518 -0.0310412 -5.36776 -0.987481 -0.00400616 -0.157687 -42.5825 
-0.144506 0.0316662 0.988997 141.619 -0.0011972 0.999482 -0.0321768 -5.40706 -0.989503 -0.00583378 -0.144394 -42.6623 
-0.130456 0.0313 0.99096 142.413 -0.000598745 0.999499 -0.0316485 -5.45165 -0.991454 -0.00472205 -0.130371 -42.7553 
-0.117031 0.033377 0.992567 143.201 -0.000277542 0.999434 -0.0336406 -5.48862 -0.993128 -0.00421247 -0.116955 -42.8333 
-0.103235 0.0394812 0.993873 143.973 -0.00340148 0.999192 -0.0400457 -5.53923 -0.994651 -0.00751476 -0.103017 -42.893 
-0.0910093 0.0486635 0.99466 144.738 -0.0105075 0.998703 -0.0498227 -5.58376 -0.995795 -0.0149858 -0.0903799 -42.929 
-0.0772027 0.0561249 0.995434 145.498 -0.0142415 0.99825 -0.0573881 -5.63613 -0.996914 -0.018607 -0.0762684 -42.9646 
-0.063491 0.0568833 0.99636 146.258 -0.014189 0.998222 -0.0578937 -5.68312 -0.997882 -0.017813 -0.062571 -43.0015 
-0.0521105 0.0532816 0.997219 147.035 -0.019712 0.998326 -0.0543708 -5.73064 -0.998447 -0.0224904 -0.050973 -43.0138 
-0.0416866 0.0506514 0.997846 147.803 -0.0235467 0.998387 -0.0516625 -5.78833 -0.998853 -0.0256496 -0.0404267 -43.0184 
-0.0324984 0.0568904 0.997851 148.558 -0.0270895 0.997962 -0.057779 -5.84578 -0.999105 -0.0289091 -0.030891 -43.0212 
-0.0258526 0.0649725 0.997552 149.309 -0.0310834 0.997351 -0.0657649 -5.89708 -0.999182 -0.0327075 -0.0237646 -43.021 
-0.0228886 0.0677422 0.99744 150.059 -0.0350248 0.997035 -0.0685184 -5.94929 -0.999124 -0.0365034 -0.0204481 -43.0132 
-0.022579 0.0630838 0.997753 150.821 -0.0365805 0.997287 -0.0638821 -6.0093 -0.999076 -0.0379407 -0.0202101 -43.0143 
-0.0247094 0.0582943 0.997994 151.568 -0.0385411 0.997501 -0.0592197 -6.07612 -0.998952 -0.0399271 -0.0224009 -43.0109 
-0.0275891 0.0553565 0.998085 152.31 -0.0377671 0.997695 -0.0563787 -6.12593 -0.998906 -0.0392502 -0.0254348 -43.0175 
-0.0304991 0.0558136 0.997975 153.051 -0.0360281 0.99773 -0.0569009 -6.17561 -0.998885 -0.0376906 -0.028419 -43.0288 
-0.0341423 0.0556198 0.997868 153.785 -0.034588 0.997786 -0.0567986 -6.23391 -0.998818 -0.0364535 -0.0321429 -43.0438 
-0.0388423 0.0541152 0.997779 154.526 -0.0360378 0.997807 -0.0555196 -6.28762 -0.998595 -0.0381143 -0.0368069 -43.0551 
-0.044047 0.0546077 0.997536 155.266 -0.0364236 0.997753 -0.0562279 -6.33401 -0.998365 -0.0388105 -0.041959 -43.0743 
-0.0498937 0.0527684 0.99736 156.01 -0.036668 0.997833 -0.0546278 -6.38092 -0.998081 -0.0392968 -0.0478507 -43.0983 
-0.0557273 0.0501722 0.997185 156.75 -0.0344162 0.998047 -0.0521389 -6.43545 -0.997853 -0.0372249 -0.0538917 -43.1296 
-0.061093 0.0501067 0.996874 157.472 -0.0352344 0.998008 -0.052323 -6.48489 -0.99751 -0.0383208 -0.0592058 -43.1635 
-0.0667852 0.0515174 0.996437 158.2 -0.0367371 0.997862 -0.0540534 -6.53174 -0.997091 -0.0402161 -0.0647498 -43.1933 
-0.0704018 0.0536581 0.996075 158.918 -0.0370866 0.997721 -0.0563681 -6.58414 -0.996829 -0.0409094 -0.0682514 -43.2339 
-0.0728493 0.0562695 0.995754 159.638 -0.037922 0.997529 -0.0591442 -6.63396 -0.996622 -0.0420696 -0.0705355 -43.2763 
-0.0742362 0.0582205 0.99554 160.361 -0.0351716 0.99752 -0.060959 -6.68176 -0.99662 -0.0395401 -0.0720044 -43.3225 
-0.0734331 0.0564854 0.995699 161.077 -0.0310401 0.997782 -0.0588927 -6.7351 -0.996817 -0.0352313 -0.0715169 -43.3666 
-0.0693888 0.0529239 0.996185 161.783 -0.0290196 0.998062 -0.0550449 -6.79193 -0.997168 -0.0327284 -0.0677185 -43.4077 
-0.0619369 0.0529867 0.996673 162.487 -0.0280473 0.998103 -0.0548057 -6.84483 -0.997686 -0.0313485 -0.0603333 -43.437 
-0.0507855 0.0536476 0.997268 163.181 -0.0257414 0.998154 -0.0550061 -6.89865 -0.998378 -0.0284645 -0.0493108 -43.4566 
-0.0361091 0.0539751 0.997889 163.876 -0.0234506 0.99822 -0.0548416 -6.94502 -0.999073 -0.0253813 -0.0347791 -43.4711 
-0.0210778 0.0513233 0.99846 164.569 -0.0246342 0.998352 -0.0518378 -6.99269 -0.999474 -0.0256889 -0.0197787 -43.4645 
-0.00491616 0.0463068 0.998915 165.258 -0.0294217 0.998488 -0.0464318 -7.03803 -0.999555 -0.029618 -0.00354631 -43.4436 
0.0120016 0.0389443 0.999169 165.949 -0.0306207 0.998787 -0.0385615 -7.08471 -0.999459 -0.0301325 0.0131795 -43.4165 
0.029219 0.0317542 0.999069 166.631 -0.0315664 0.999026 -0.0308296 -7.11877 -0.999075 -0.0306362 0.0301929 -43.3781 
0.0467846 0.0238627 0.99862 167.309 -0.0311637 0.999263 -0.022418 -7.15425 -0.998419 -0.0300718 0.0474938 -43.3264 
0.0640294 0.0180837 0.997784 167.983 -0.0345364 0.999277 -0.0158945 -7.18925 -0.99735 -0.0334421 0.0646076 -43.255 
0.0819054 0.0158892 0.996513 168.642 -0.0351236 0.999298 -0.0130466 -7.21383 -0.996021 -0.0339325 0.082406 -43.1784 
0.0996565 0.0145617 0.994915 169.291 -0.0337092 0.999368 -0.0112503 -7.23215 -0.994451 -0.0324166 0.100084 -43.0933 
0.116913 0.0139394 0.993044 169.933 -0.0345166 0.999354 -0.00996419 -7.2492 -0.992542 -0.0331116 0.117318 -42.9929 
0.133096 0.0127428 0.991021 170.562 -0.0400478 0.99917 -0.00746903 -7.26894 -0.990294 -0.0386942 0.133496 -42.8844 
0.147684 0.00901104 0.988994 171.19 -0.0412843 0.999143 -0.00293857 -7.28161 -0.988173 -0.0403959 0.14793 -42.7638 
0.160089 0.00496272 0.98709 171.829 -0.0376771 0.999289 0.00108656 -7.29444 -0.986383 -0.0373647 0.160162 -42.6458 
0.171048 0.0039971 0.985255 172.447 -0.0353975 0.999371 0.00209097 -7.30319 -0.984627 -0.0352332 0.171082 -42.5281 
0.180958 0.00790553 0.983459 173.051 -0.039958 0.999201 -0.000679684 -7.31284 -0.982679 -0.0391741 0.181129 -42.3934 
0.189903 0.014879 0.98169 173.651 -0.0437413 0.999021 -0.00668012 -7.32466 -0.980828 -0.0416718 0.190368 -42.2471 
0.199074 0.0246714 0.979674 174.251 -0.0436005 0.998916 -0.0162962 -7.34405 -0.979014 -0.0394701 0.199934 -42.1083 
0.207396 0.0305298 0.977781 174.854 -0.0375888 0.999024 -0.0232201 -7.35693 -0.977535 -0.0319378 0.208341 -41.9736 
0.213906 0.0288571 0.976428 175.458 -0.0371143 0.999082 -0.0213959 -7.36796 -0.976149 -0.0316628 0.21478 -41.8255 
0.219861 0.0214272 0.975296 176.065 -0.0400039 0.999116 -0.0129324 -7.38551 -0.974711 -0.0361723 0.220524 -41.6721 
0.224083 0.0107185 0.974511 176.673 -0.0444061 0.999013 -0.000777097 -7.40413 -0.973558 -0.0431001 0.224338 -41.5072 
0.226124 0.00270727 0.974095 177.29 -0.044986 0.998958 0.00766665 -7.41934 -0.973059 -0.0455543 0.226011 -41.346 
0.22701 0.00180454 0.973891 177.888 -0.0412063 0.999121 0.00775379 -7.43552 -0.97302 -0.0418907 0.226885 -41.1942 
0.228231 0.00412347 0.973598 178.49 -0.0379413 0.999269 0.00466206 -7.4378 -0.972868 -0.0380036 0.228221 -41.0461 
0.230029 0.00372195 0.973177 179.102 -0.0348391 0.999383 0.00441278 -7.44057 -0.97256 -0.0349197 0.230017 -40.8929 
0.231623 0.00174135 0.972804 179.716 -0.036684 0.999303 0.00694567 -7.43782 -0.972114 -0.0372951 0.231525 -40.7276 
0.234524 -0.0022788 0.972108 180.333 -0.0366589 0.999265 0.0111866 -7.44284 -0.971419 -0.0382599 0.234268 -40.5667 
0.237556 -0.00742942 0.971345 180.949 -0.0360739 0.999214 0.016465 -7.44906 -0.970704 -0.0389516 0.237101 -40.4034 
0.242334 -0.0102873 0.970138 181.578 -0.034515 0.999219 0.0192174 -7.44937 -0.969579 -0.0381414 0.24179 -40.2385 
0.248787 -0.0127125 0.968475 182.201 -0.0321685 0.999254 0.0213802 -7.4474 -0.968024 -0.0364735 0.248193 -40.0684 
0.256508 -0.0158022 0.966413 182.828 -0.0307615 0.999226 0.0245036 -7.44476 -0.966053 -0.0360136 0.255823 -39.8889 
0.266287 -0.0174591 0.963736 183.459 -0.0283025 0.999263 0.0259229 -7.43812 -0.963478 -0.0341791 0.265596 -39.7006 
0.277542 -0.0157476 0.960584 184.083 -0.0295414 0.999253 0.024917 -7.43996 -0.960259 -0.0352925 0.27687 -39.5032 
0.289281 -0.012036 0.957169 184.709 -0.0303942 0.999301 0.0217518 -7.43449 -0.956762 -0.0353848 0.288713 -39.2936 
0.3013 -0.00919501 0.953485 185.345 -0.0310603 0.999328 0.0194521 -7.4279 -0.953024 -0.0354764 0.300812 -39.0776 
0.312837 -0.00893014 0.949765 185.965 -0.0292751 0.99939 0.0190395 -7.4208 -0.949356 -0.0337608 0.312385 -38.8531 
0.324244 -0.0121784 0.945895 186.601 -0.0282402 0.999347 0.0225471 -7.4158 -0.945552 -0.034023 0.323688 -38.6181 
0.335305 -0.0140403 0.942005 187.233 -0.0288412 0.999267 0.0251598 -7.41278 -0.941668 -0.0356047 0.334654 -38.3667 
0.346594 -0.0145462 0.937902 187.869 -0.0307043 0.999168 0.026843 -7.40634 -0.937512 -0.0381013 0.345859 -38.1061 
0.356053 -0.0158273 0.934332 188.514 -0.0342629 0.998963 0.0299791 -7.39475 -0.933838 -0.0426871 0.355141 -37.8293 
0.363273 -0.0151201 0.93156 189.148 -0.0377968 0.998806 0.030951 -7.38719 -0.930916 -0.0464537 0.362268 -37.5588 
0.367948 -0.0181765 0.929669 189.799 -0.0379608 0.998682 0.0345501 -7.37784 -0.929071 -0.0480036 0.366773 -37.2873 
0.370384 -0.0221935 0.928614 190.457 -0.0345712 0.998693 0.0376573 -7.36399 -0.928235 -0.0460509 0.369132 -37.0178 
0.370502 -0.0213156 0.928587 191.117 -0.0302569 0.998929 0.0350027 -7.34709 -0.928339 -0.0410648 0.369461 -36.747 
0.369545 -0.0209861 0.928976 191.794 -0.0289211 0.999001 0.0340729 -7.33526 -0.928763 -0.0394584 0.368569 -36.4682 
0.368783 -0.0195441 0.92931 192.47 -0.0252315 0.9992 0.0310268 -7.31566 -0.929173 -0.03489 0.367995 -36.1896 
0.368219 -0.021308 0.929495 193.155 -0.0224946 0.999241 0.0318182 -7.29838 -0.929467 -0.0326247 0.36746 -35.9076 
0.36742 -0.0264323 0.929679 193.843 -0.0195391 0.999156 0.0361298 -7.27919 -0.92985 -0.0314399 0.366594 -35.6263 
0.365798 -0.0295612 0.930225 194.529 -0.0198067 0.999022 0.0395362 -7.26863 -0.930484 -0.0328869 0.364855 -35.3399 
0.364291 -0.031936 0.930738 195.224 -0.01917 0.998943 0.0417794 -7.25268 -0.931088 -0.0330621 0.363293 -35.059 
0.362686 -0.0313203 0.931385 195.91 -0.0207354 0.998916 0.0416658 -7.22606 -0.931681 -0.0344242 0.361644 -34.7735 
0.360381 -0.0316895 0.932267 196.604 -0.0224256 0.99884 0.0426214 -7.20706 -0.932536 -0.0362666 0.359252 -34.4877 
0.358718 -0.0303046 0.932954 197.301 -0.0235768 0.99886 0.0415107 -7.19026 -0.933148 -0.0368867 0.357595 -34.2077 
0.35715 -0.0266623 0.933666 197.996 -0.0231651 0.999032 0.0373901 -7.17557 -0.93376 -0.0349823 0.356187 -33.9276 
0.356222 -0.0206325 0.934173 198.682 -0.0234618 0.999244 0.0310163 -7.15855 -0.934107 -0.0329661 0.355469 -33.6508 
0.355463 -0.0177397 0.934522 199.374 -0.0260788 0.999242 0.0288879 -7.14433 -0.934326 -0.0346398 0.354731 -33.3759 
0.354318 -0.0199396 0.934912 200.073 -0.0278356 0.999105 0.0318581 -7.12979 -0.934711 -0.0373117 0.353446 -33.0996 
0.353123 -0.0235934 0.935279 200.765 -0.0286621 0.99894 0.0360209 -7.12052 -0.935138 -0.0395269 0.352073 -32.8245 
0.351416 -0.0227087 0.935944 201.447 -0.0319944 0.998831 0.0362474 -7.10458 -0.935673 -0.0426828 0.350279 -32.5677 
0.346531 -0.0225749 0.937767 202.144 -0.0346551 0.99872 0.0368483 -7.09058 -0.937398 -0.0452675 0.345305 -32.2914 
0.340253 -0.0239064 0.94003 202.815 -0.034606 0.998681 0.037924 -7.0793 -0.939697 -0.0454344 0.338977 -32.0561 
0.330935 -0.0244382 0.943337 203.516 -0.0343182 0.998692 0.0379115 -7.0682 -0.94303 -0.0449199 0.329663 -31.7944 
0.320525 -0.0232058 0.946956 204.215 -0.0318834 0.998869 0.0352699 -7.06295 -0.946703 -0.0414971 0.319423 -31.5473 
0.309879 -0.0199916 0.950566 204.911 -0.0328704 0.998956 0.0317249 -7.0514 -0.950208 -0.0410764 0.308898 -31.3182 
0.298397 -0.0200326 0.954232 205.614 -0.0359147 0.998836 0.0321999 -7.03339 -0.953766 -0.0438793 0.297331 -31.0862 
0.287585 -0.0282482 0.957339 206.326 -0.0311123 0.998762 0.0388166 -7.02136 -0.95725 -0.0409481 0.28635 -30.8744 
0.27862 -0.0366537 0.959702 207.042 -0.0270396 0.998576 0.0459886 -7.00634 -0.960021 -0.0387633 0.277232 -30.6616 
0.27187 -0.0421878 0.961409 207.755 -0.0265404 0.99833 0.0513132 -6.98605 -0.961968 -0.0394667 0.270297 -30.4567 
0.267517 -0.0431246 0.962588 208.465 -0.0322381 0.998038 0.0536723 -6.96007 -0.963014 -0.0453902 0.265602 -30.2404 
0.264934 -0.0449569 0.963218 209.18 -0.0313808 0.997982 0.0552108 -6.93384 -0.963756 -0.0448537 0.262988 -30.0348 
0.26326 -0.0459317 0.963631 209.897 -0.0303027 0.997979 0.0558476 -6.90555 -0.964249 -0.043903 0.261336 -29.8263 
0.262447 -0.0438606 0.963949 210.61 -0.0308877 0.998073 0.0538228 -6.87894 -0.964452 -0.0438998 0.260587 -29.6164 
0.261421 -0.0417179 0.964323 211.331 -0.0346816 0.998014 0.0525774 -6.84667 -0.964602 -0.0471891 0.259455 -29.3945 
0.262015 -0.0424874 0.964128 212.061 -0.034687 0.99797 0.0534055 -6.81592 -0.96444 -0.0474357 0.260009 -29.1829 
0.263937 -0.043891 0.963541 212.787 -0.0353345 0.997854 0.055133 -6.79136 -0.963893 -0.0485978 0.26182 -28.9745 
0.265373 -0.0457567 0.96306 213.514 -0.0337843 0.997819 0.0567176 -6.76627 -0.963554 -0.0475876 0.263248 -28.7638 
0.266906 -0.0466708 0.962592 214.249 -0.0303058 0.997926 0.0567872 -6.73724 -0.963246 -0.0443289 0.264938 -28.5522 
0.270251 -0.0477488 0.961605 214.992 -0.0294351 0.997893 0.0578233 -6.69807 -0.96234 -0.0439317 0.268276 -28.3327 
0.274058 -0.0492467 0.960451 215.734 -0.031131 0.99771 0.0600402 -6.66693 -0.961209 -0.0463543 0.271898 -28.0993 
0.279411 -0.053391 0.958686 216.481 -0.0320059 0.99738 0.0648742 -6.62994 -0.959638 -0.0488102 0.27697 -27.8653 
0.284605 -0.0570876 0.956943 217.231 -0.0326531 0.997069 0.0691928 -6.59061 -0.958089 -0.0509399 0.281907 -27.626 
0.288721 -0.0573346 0.955695 217.976 -0.0331271 0.997009 0.0698211 -6.55456 -0.95684 -0.0518181 0.285958 -27.3828 
0.293278 -0.0528436 0.954566 218.717 -0.0385902 0.997003 0.0670493 -6.52105 -0.955248 -0.0565009 0.29036 -27.1356 
0.297869 -0.0468922 0.953455 219.457 -0.043349 0.997098 0.0625813 -6.47481 -0.953622 -0.0599723 0.294971 -26.8821 
0.302454 -0.0437126 0.952161 220.197 -0.0469388 0.997053 0.0606837 -6.43198 -0.952007 -0.0630473 0.299511 -26.6235 
0.306641 -0.0441392 0.950801 220.939 -0.0487907 0.996882 0.0620139 -6.40168 -0.950574 -0.0654063 0.303531 -26.3634 
0.311151 -0.0418256 0.94944 221.703 -0.0500653 0.996922 0.0603248 -6.36737 -0.949041 -0.0663041 0.308099 -26.1059 
0.315109 -0.0387767 0.948263 222.442 -0.0507141 0.997049 0.057624 -6.32968 -0.9477 -0.0662481 0.312212 -25.8486 
0.31996 -0.0381676 0.946662 223.19 -0.0511281 0.997037 0.0574793 -6.29452 -0.946051 -0.0667921 0.31706 -25.5815 
0.324376 -0.039537 0.945102 223.944 -0.0513731 0.996915 0.0593367 -6.26183 -0.944532 -0.0678002 0.321344 -25.3036 
0.32893 -0.0401313 0.943501 224.686 -0.0469718 0.997165 0.0587895 -6.23169 -0.943185 -0.0636556 0.326113 -25.0374 
0.333145 -0.0398899 0.942032 225.423 -0.0440202 0.997357 0.0578002 -6.20164 -0.941848 -0.0607242 0.330508 -24.7629 
0.33694 -0.0380346 0.940758 226.164 -0.0448423 0.997402 0.0563853 -6.17187 -0.940458 -0.0611841 0.334358 -24.478 
0.341475 -0.038431 0.939105 226.904 -0.0491904 0.997064 0.0586894 -6.13709 -0.938603 -0.0662359 0.338582 -24.1825 
0.346155 -0.0387445 0.937377 227.653 -0.0520249 0.996817 0.0604132 -6.10424 -0.936734 -0.0696793 0.343037 -23.8858 
0.350273 -0.0363264 0.935943 228.388 -0.0490355 0.997166 0.057054 -6.07562 -0.935363 -0.0658789 0.347499 -23.5966 
0.354374 -0.0296656 0.934633 229.117 -0.0476801 0.997623 0.0497433 -6.04726 -0.933887 -0.0621912 0.352118 -23.3115 
0.357459 -0.0229328 0.933647 229.846 -0.0542091 0.997504 0.045256 -6.01252 -0.932354 -0.0667893 0.355323 -23.0026 
0.360993 -0.0243446 0.932251 230.585 -0.0595208 0.99702 0.0490841 -5.98243 -0.930667 -0.0732073 0.358468 -22.698 
0.363104 -0.0346409 0.931105 231.316 -0.0588131 0.996464 0.060008 -5.95296 -0.929891 -0.0765503 0.359783 -22.3873 
0.364988 -0.0468709 0.929832 232.062 -0.0553932 0.995869 0.0719432 -5.91071 -0.929363 -0.0777647 0.360884 -22.0853 
0.366887 -0.0546407 0.92866 232.791 -0.0562667 0.995142 0.0807818 -5.86616 -0.928562 -0.0818904 0.36203 -21.7817 
0.368817 -0.0564227 0.927788 233.525 -0.0582462 0.994791 0.0836516 -5.823 -0.927675 -0.0848922 0.363609 -21.4659 
0.371667 -0.051925 0.926913 234.251 -0.0577762 0.995206 0.0789174 -5.77801 -0.926566 -0.0828845 0.366885 -21.1593 
0.376064 -0.0461698 0.925443 235.001 -0.0560921 0.995792 0.0724731 -5.7274 -0.924895 -0.0791645 0.371891 -20.8522 
0.380751 -0.0418658 0.923729 235.726 -0.0557575 0.996117 0.0681292 -5.68294 -0.922995 -0.0774451 0.376938 -20.5404 
0.384946 -0.0395023 0.922093 236.46 -0.0546409 0.996356 0.0654947 -5.63776 -0.92132 -0.0755959 0.381385 -20.2242 
0.388877 -0.037388 0.920531 237.171 -0.0537289 0.996555 0.0631735 -5.59852 -0.919722 -0.0740258 0.385528 -19.9026 
0.392815 -0.0389133 0.918794 237.899 -0.0522432 0.996547 0.0645421 -5.55859 -0.918132 -0.0733538 0.389426 -19.5752 
0.39599 -0.0438804 0.917206 238.619 -0.0507868 0.996282 0.06959 -5.51801 -0.916849 -0.0741389 0.392289 -19.2454 
0.399076 -0.0496944 0.91557 239.351 -0.048872 0.995958 0.0753598 -5.47346 -0.915615 -0.07482 0.395034 -18.9126 
0.401534 -0.0553873 0.914168 240.087 -0.0471262 0.995598 0.0810204 -5.42536 -0.914631 -0.0756137 0.397156 -18.5797 
0.403533 -0.0606973 0.91295 240.819 -0.0452372 0.995253 0.0861646 -5.3726 -0.913846 -0.0760696 0.398872 -18.2403 
0.404939 -0.067334 0.911861 241.558 -0.0439718 0.994697 0.0929779 -5.31623 -0.913286 -0.0777465 0.399831 -17.8967 
0.406744 -0.0678697 0.911018 242.297 -0.0444016 0.994589 0.0939198 -5.25866 -0.912463 -0.0786519 0.401529 -17.5556 
0.408528 -0.0568721 0.910972 243.016 -0.0530686 0.994889 0.0859098 -5.21235 -0.911202 -0.0834406 0.403422 -17.2052 
0.40918 -0.0432647 0.911427 243.732 -0.0549012 0.995898 0.0719221 -5.16053 -0.910801 -0.0794675 0.405126 -16.8628 
0.410043 -0.035268 0.911384 244.457 -0.0548573 0.996489 0.0632424 -5.10474 -0.910415 -0.0759282 0.406669 -16.5233 
0.409886 -0.0377708 0.911354 245.2 -0.0547605 0.996321 0.0659211 -5.06091 -0.910492 -0.0769263 0.40631 -16.1759 
