1 -4.23778e-08 4.22719e-08 0 -4.23778e-08 1 -4.19404e-08 0 4.22719e-08 -4.19404e-08 1 0 
0.999991 -0.00264822 -0.00340634 -0.00700662 0.0026409 0.999994 -0.00212674 -0.00457609 0.00341204 0.00211764 0.999992 0.679619 
0.99997 -0.00129221 -0.00758943 -0.0229121 0.00126379 0.999992 -0.00373786 -0.00761404 0.00759428 0.00372808 0.999964 1.37874 
0.999931 -0.00145991 -0.0116844 -0.0407499 0.00139916 0.999985 -0.00519865 -0.0127279 0.0116919 0.00518186 0.999918 2.09747 
0.999861 7.62015e-05 -0.0166819 -0.0630913 -0.000173564 0.999983 -0.00583 -0.0177636 0.0166812 0.005832 0.999844 2.82878 
0.999774 -0.00116141 -0.0212377 -0.0873786 0.00103495 0.999982 -0.00596078 -0.0277602 0.0212443 0.00593737 0.999757 3.5777 
0.999661 0.000529042 -0.0260354 -0.117378 -0.000720419 0.999973 -0.0073386 -0.0335961 0.0260308 0.00735479 0.999634 4.34459 
0.999512 0.00325618 -0.031058 -0.155019 -0.00350696 0.999962 -0.00802083 -0.0418175 0.0310308 0.00812575 0.999485 5.12228 
0.999363 0.00364075 -0.0355081 -0.197356 -0.00387303 0.999971 -0.00647257 -0.0495228 0.0354836 0.00660589 0.999348 5.91664 
0.999189 0.00259349 -0.0401922 -0.238858 -0.00274486 0.999989 -0.00370934 -0.0592369 0.0401822 0.00381657 0.999185 6.72429 
0.999047 0.00227736 -0.0435824 -0.285431 -0.00232487 0.999997 -0.00103762 -0.0694513 0.0435799 0.00113787 0.999049 7.54132 
0.998917 0.00371924 -0.0463708 -0.337384 -0.00379638 0.999991 -0.00157387 -0.0786086 0.0463646 0.00174812 0.998923 8.36144 
0.998802 0.00307761 -0.0488288 -0.387666 -0.00317209 0.999993 -0.00185589 -0.0854902 0.0488228 0.00200847 0.998805 9.19056 
0.998714 0.000132728 -0.0506995 -0.433911 -0.00025849 0.999997 -0.00247235 -0.0909323 0.0506991 0.00248219 0.998711 10.0259 
0.998612 6.91438e-05 -0.0526592 -0.4927 -0.000153399 0.999999 -0.00159441 -0.101203 0.0526591 0.00160019 0.998611 10.8682 
0.99853 -0.00143543 -0.0541839 -0.547668 0.00133582 0.999997 -0.00187288 -0.110887 0.0541866 0.00179766 0.998529 11.7229 
0.998433 0.000729582 -0.05596 -0.610546 -0.000966457 0.999991 -0.00420452 -0.121707 0.0559565 0.00425193 0.998424 12.5843 
0.998346 0.00104969 -0.057479 -0.671765 -0.0014506 0.999975 -0.00693222 -0.129549 0.0574704 0.00700405 0.998323 13.455 
0.998232 0.00513277 -0.0592144 -0.740868 -0.00564753 0.999948 -0.00852766 -0.142348 0.0591676 0.00884692 0.998209 14.3321 
0.99817 0.00622433 -0.0601473 -0.80687 -0.0067262 0.999944 -0.00814387 -0.158446 0.0600933 0.00853345 0.998156 15.2166 
0.998086 0.00531809 -0.0616056 -0.872835 -0.00573874 0.999961 -0.00665187 -0.172523 0.0615679 0.00699259 0.998078 16.1124 
0.997986 0.00605068 -0.0631416 -0.940897 -0.00638828 0.999966 -0.0051449 -0.187738 0.0631084 0.00553781 0.997991 17.0134 
0.997926 0.00547931 -0.0641304 -1.00971 -0.00581196 0.999971 -0.0050005 -0.201977 0.0641012 0.00536277 0.997929 17.9193 
0.997816 0.0052576 -0.0658476 -1.08066 -0.00565455 0.999967 -0.00584215 -0.215948 0.0658147 0.00620164 0.997813 18.8292 
0.997738 0.00384063 -0.0671102 -1.1509 -0.00428755 0.999969 -0.00651546 -0.228859 0.0670832 0.00678837 0.997724 19.7481 
0.9977 0.0038416 -0.0676678 -1.22452 -0.00419054 0.999979 -0.00501417 -0.239251 0.0676472 0.00528612 0.997695 20.6722 
0.997693 0.00509594 -0.0677017 -1.30244 -0.0052108 0.999985 -0.001519 -0.254521 0.0676931 0.00186819 0.997704 21.6057 
0.997739 0.00603274 -0.0669374 -1.37733 -0.00590159 0.99998 0.00215798 -0.264884 0.0669492 -0.00175815 0.997755 22.5425 
0.997847 0.00494939 -0.0654001 -1.44963 -0.00462858 0.999976 0.00505722 -0.270618 0.0654237 -0.0047437 0.997846 23.4829 
0.997931 0.00519396 -0.0640767 -1.52049 -0.00483736 0.999972 0.00572031 -0.276234 0.0641047 -0.0053986 0.997928 24.4304 
0.998025 0.00528928 -0.0625984 -1.59394 -0.00512354 0.999983 0.0028092 -0.281377 0.0626123 -0.00248301 0.998035 25.3795 
0.998069 0.00605742 -0.0618219 -1.66569 -0.00619221 0.999979 -0.00198761 -0.289603 0.0618086 0.0023665 0.998085 26.33 
0.998146 0.00521931 -0.0606449 -1.73493 -0.00552919 0.999972 -0.00494176 -0.300401 0.0606175 0.00526782 0.998147 27.2883 
0.998197 0.00271586 -0.0599535 -1.803 -0.00295317 0.999988 -0.00386864 -0.312539 0.0599423 0.00403863 0.998194 28.2591 
0.998179 0.000718855 -0.0603184 -1.86997 -0.000654168 0.999999 0.00109352 -0.322709 0.0603193 -0.00105216 0.998178 29.237 
0.998116 -0.00338975 -0.061267 -1.93539 0.00368022 0.999982 0.00463014 -0.334266 0.0612504 -0.00484698 0.998111 30.2196 
0.997996 -0.0105097 -0.0624015 -1.9971 0.0107767 0.999934 0.00394418 -0.341376 0.062356 -0.00460884 0.998043 31.2003 
0.997875 -0.0126358 -0.0639127 -2.06484 0.0126645 0.99992 4.463e-05 -0.347558 0.0639071 -0.000854041 0.997955 32.1797 
0.99779 -0.0124319 -0.0652706 -2.14204 0.0121924 0.999917 -0.00406583 -0.357019 0.0653158 0.00326095 0.997859 33.16 
0.997663 -0.0109093 -0.0674527 -2.22383 0.0106047 0.999932 -0.0048714 -0.369033 0.0675013 0.00414462 0.99771 34.1485 
0.997613 -0.010756 -0.0682044 -2.30174 0.0105366 0.999938 -0.00357529 -0.381554 0.0682388 0.00284803 0.997665 35.1466 
0.997543 -0.00765342 -0.06963 -2.38717 0.00760791 0.999971 -0.00091757 -0.395008 0.069635 0.000385491 0.997572 36.1466 
0.997473 -0.00745569 -0.0706492 -2.47435 0.00749524 0.999972 0.000295897 -0.408078 0.0706451 -0.00082477 0.997501 37.1479 
0.997386 -0.00601351 -0.0720034 -2.55212 0.00623319 0.999976 0.00282779 -0.418804 0.0719848 -0.00326929 0.9974 38.1454 
0.997386 -0.00621322 -0.0719865 -2.63207 0.00664705 0.999961 0.00578965 -0.429871 0.0719479 -0.0062531 0.997389 39.1453 
0.997349 -0.000512293 -0.0727637 -2.72548 0.00110454 0.999966 0.00810043 -0.435967 0.0727572 -0.00815941 0.997316 40.1442 
0.997332 -0.000650685 -0.0729919 -2.81121 0.00118987 0.999972 0.00734473 -0.44019 0.0729852 -0.00741208 0.997305 41.1499 
0.997339 -0.000651479 -0.0729025 -2.8943 0.00106602 0.999983 0.00564852 -0.446062 0.0728977 -0.00571129 0.997323 42.1452 
0.997329 0.00151327 -0.0730254 -2.98471 -0.0012752 0.999994 0.00330772 -0.452633 0.07303 -0.00320585 0.997325 43.142 
0.997264 0.000976724 -0.0739121 -3.07106 -0.000735244 0.999994 0.00329536 -0.46183 0.073915 -0.00323209 0.997259 44.1398 
0.997154 -0.000978675 -0.0753785 -3.15276 0.00132778 0.999989 0.00458246 -0.470582 0.0753732 -0.0046696 0.997144 45.135 
0.997099 -0.00041576 -0.076114 -3.24169 0.000851938 0.999983 0.00569927 -0.483487 0.0761105 -0.00574767 0.997083 46.1196 
0.997088 0.00190558 -0.0762327 -3.33482 -0.00175322 0.999996 0.00206664 -0.495734 0.0762364 -0.00192706 0.997088 47.0939 
0.997008 0.00215103 -0.0772737 -3.42306 -0.0023187 0.999995 -0.00207912 -0.506816 0.0772689 0.00225199 0.997008 48.0592 
0.996934 0.00314023 -0.0781817 -3.50986 -0.0034175 0.999988 -0.00341191 -0.517913 0.0781701 0.00366854 0.996933 49.0302 
0.996925 0.00195562 -0.0783372 -3.59724 -0.00196593 0.999998 -5.3472e-05 -0.53097 0.0783371 0.000207226 0.996927 50.0105 
0.996915 8.30637e-05 -0.078486 -3.6818 0.000158834 0.999995 0.00307683 -0.543843 0.078486 -0.0030799 0.99691 50.9827 
0.996884 -0.0017856 -0.07886 -3.76609 0.00208753 0.999991 0.0037474 -0.555208 0.0788526 -0.00390043 0.996879 51.9455 
0.996851 -0.00492265 -0.0791441 -3.85167 0.00514026 0.999983 0.00254709 -0.567701 0.0791303 -0.00294598 0.99686 52.9027 
0.996796 -0.00773027 -0.0796113 -3.93331 0.00784909 0.999968 0.00118065 -0.579016 0.0795997 -0.00180183 0.996825 53.8569 
0.996698 -0.00924939 -0.0806639 -4.02125 0.00946986 0.999952 0.00235197 -0.589056 0.0806384 -0.00310817 0.996738 54.8076 
0.996564 -0.0123863 -0.081894 -4.10456 0.0129543 0.999895 0.00640926 -0.598238 0.0818061 -0.0074482 0.99662 55.7627 
0.996492 -0.01328 -0.0826309 -4.19225 0.0142604 0.999835 0.0112865 -0.602774 0.0824675 -0.0124253 0.996516 56.7174 
0.996468 -0.011379 -0.0831978 -4.28379 0.0125342 0.999832 0.0133761 -0.607023 0.0830317 -0.0143717 0.996443 57.6654 
0.996359 -0.0104341 -0.0846154 -4.37483 0.0112716 0.999892 0.00942704 -0.613223 0.084508 -0.0103466 0.996369 58.5992 
0.996254 -0.00895052 -0.0860096 -4.46674 0.00911719 0.999957 0.00154607 -0.618227 0.0859922 -0.00232453 0.996293 59.5203 
0.996199 -0.00726289 -0.0868076 -4.56173 0.00700066 0.99997 -0.00332398 -0.628728 0.0868292 0.00270355 0.996219 60.4329 
0.996136 -0.00252541 -0.0877899 -4.66032 0.00230431 0.999994 -0.00261881 -0.64316 0.087796 0.00240631 0.996135 61.3355 
0.996016 5.01836e-05 -0.0891717 -4.75612 -6.12895e-05 1 -0.000120901 -0.661259 0.0891717 0.000125797 0.996016 62.2351 
0.995928 0.00247786 -0.0901176 -4.85087 -0.00235711 0.999996 0.00144719 -0.67696 0.0901209 -0.00122897 0.99593 63.1239 
0.995811 0.00323481 -0.091372 -4.94119 -0.00315036 0.999994 0.00106928 -0.687466 0.091375 -0.000777035 0.995816 63.993 
0.995664 0.00493015 -0.0928885 -5.03924 -0.00478517 0.999987 0.00178439 -0.698576 0.0928962 -0.00133226 0.995675 64.8442 
0.995522 0.00558541 -0.0943688 -5.13015 -0.00537845 0.999982 0.00244809 -0.713175 0.0943809 -0.00192965 0.995534 65.6832 
0.995383 0.00547612 -0.0958279 -5.21938 -0.00522473 0.999982 0.00287494 -0.726078 0.095842 -0.00236108 0.995394 66.5088 
0.995259 0.00536088 -0.0971094 -5.31026 -0.00500526 0.99998 0.00390615 -0.735797 0.0971284 -0.00340166 0.995266 67.3187 
0.9951 0.00824311 -0.0985321 -5.40395 -0.0076287 0.999949 0.00661158 -0.745704 0.0985817 -0.0058276 0.995112 68.1154 
0.99495 0.00974007 -0.0998969 -5.49675 -0.00871576 0.999905 0.0106857 -0.754003 0.0999916 -0.00976116 0.99494 68.9039 
0.994734 0.0128266 -0.101686 -5.58914 -0.0116363 0.999857 0.0122903 -0.760045 0.101829 -0.0110424 0.994741 69.6795 
0.994563 0.0157006 -0.102946 -5.6825 -0.0149379 0.999855 0.00817583 -0.769621 0.103059 -0.00659366 0.994653 70.4321 
0.994419 0.0157738 -0.104315 -5.77206 -0.0157662 0.999875 0.000897598 -0.780566 0.104316 0.000751973 0.994544 71.1614 
0.994269 0.0147792 -0.105884 -5.85659 -0.0153838 0.99987 -0.0048952 -0.787893 0.105798 0.00649596 0.994366 71.8709 
0.99421 0.0156241 -0.106315 -5.94283 -0.0163811 0.999846 -0.00624971 -0.793748 0.106202 0.007955 0.994313 72.5665 
0.994041 0.0183764 -0.107446 -6.02552 -0.0187923 0.999819 -0.00285854 -0.805374 0.107374 0.00486057 0.994207 73.2463 
0.993901 0.0185946 -0.108693 -6.11306 -0.0187476 0.999824 -0.000384542 -0.825401 0.108667 0.00241983 0.994075 73.906 
0.99386 0.0153954 -0.109565 -6.19425 -0.015902 0.999866 -0.00375085 -0.838461 0.109492 0.00547003 0.993973 74.5436 
0.993942 0.00723145 -0.109667 -6.26067 -0.00825392 0.999926 -0.00887158 -0.851018 0.109594 0.00972293 0.993929 75.1601 
0.994079 0.0031587 -0.108612 -6.32981 -0.00466947 0.999896 -0.0136575 -0.864591 0.108558 0.0140837 0.99399 75.7525 
0.994387 0.00557249 -0.105653 -6.39937 -0.00707493 0.999879 -0.0138503 -0.879915 0.105563 0.0145199 0.994306 76.3366 
0.994772 0.0105165 -0.101572 -6.47241 -0.0116976 0.999871 -0.0110384 -0.892394 0.101443 0.0121687 0.994767 76.9118 
0.995244 0.00889068 -0.0970023 -6.52876 -0.00971072 0.999921 -0.00798411 -0.904891 0.0969238 0.00888802 0.995252 77.4721 
0.995794 0.00519119 -0.0914727 -6.57176 -0.00556638 0.999977 -0.00384608 -0.916443 0.0914508 0.00433899 0.9958 78.0195 
0.996515 0.000874419 -0.0834109 -6.61069 -0.000901705 0.999999 -0.000288475 -0.932655 0.0834107 0.000362595 0.996515 78.5492 
0.997336 0.00462891 -0.0727953 -6.65113 -0.00467717 0.999989 -0.00049128 -0.943539 0.0727923 0.00083036 0.997347 79.0645 
0.998287 0.00986836 -0.0576721 -6.68851 -0.00994324 0.99995 -0.0010101 -0.952529 0.0576593 0.00158174 0.998335 79.5659 
0.999102 0.0148976 -0.0396548 -6.71183 -0.0149383 0.999888 -0.000730294 -0.958079 0.0396396 0.00132193 0.999213 80.059 
0.999756 0.0133801 -0.0175927 -6.7098 -0.0133845 0.99991 -0.000128088 -0.964783 0.0175895 0.000363442 0.999845 80.5396 
0.999912 0.00996294 0.00878007 -6.68993 -0.0099708 0.99995 0.000841545 -0.973703 -0.00877116 -0.000929099 0.999961 81.0034 
0.999222 0.0089224 0.0384159 -6.65725 -0.0090243 0.999956 0.00247768 -0.98323 -0.0383921 -0.00282251 0.999259 81.4565 
0.997396 0.00865536 0.071597 -6.61004 -0.00894885 0.999953 0.00377826 -0.989871 -0.0715608 -0.00440921 0.997426 81.9046 
0.993991 0.00856538 0.109121 -6.54047 -0.00909176 0.999949 0.00432633 -0.997102 -0.109078 -0.00529251 0.994019 82.3405 
0.98851 0.00886552 0.150894 -6.45394 -0.00963314 0.999944 0.00435631 -1.00262 -0.150847 -0.00575992 0.98854 82.7661 
0.980559 0.00861855 0.196036 -6.34433 -0.00965648 0.999944 0.00433892 -1.01029 -0.195988 -0.00614765 0.980587 83.1785 
0.969421 0.0107642 0.245168 -6.21888 -0.0116895 0.999929 0.00231904 -1.02186 -0.245125 -0.00511409 0.969478 83.5754 
0.954406 0.011632 0.298285 -6.06728 -0.0120349 0.999927 -0.000486319 -1.03236 -0.298269 -0.00312575 0.954477 83.9543 
0.935142 0.0118516 0.354076 -5.89382 -0.0117268 0.999928 -0.00249821 -1.04178 -0.35408 -0.00181607 0.935213 84.3163 
0.91135 0.0125617 0.41144 -5.70331 -0.0118149 0.999921 -0.00435859 -1.04815 -0.411462 -0.000888971 0.911426 84.6573 
0.882846 0.0127923 0.469488 -5.49025 -0.0110841 0.999918 -0.00640226 -1.05319 -0.469532 0.000448307 0.882915 84.9786 
0.849866 0.0111561 0.526881 -5.2588 -0.00803962 0.999934 -0.00820467 -1.06445 -0.526938 0.00273689 0.849899 85.2752 
0.813296 0.010699 0.581751 -5.01205 -0.00675483 0.999937 -0.00894671 -1.07843 -0.58181 0.00334664 0.813317 85.5556 
0.77347 0.00932172 0.633764 -4.75018 -0.00577876 0.999954 -0.00765535 -1.09068 -0.633806 0.00225877 0.773488 85.8222 
0.730502 0.00895011 0.682852 -4.47508 -0.00732553 0.999959 -0.00526986 -1.10088 -0.682871 -0.00115265 0.730538 86.0756 
0.684903 0.00802294 0.72859 -4.18441 -0.00658241 0.999967 -0.00482365 -1.10821 -0.728604 -0.00149218 0.684933 86.307 
0.637903 0.00671586 0.770088 -3.87933 -0.0034591 0.999977 -0.00585548 -1.11782 -0.770109 0.00107139 0.637911 86.5155 
0.590653 0.00403331 0.806916 -3.56011 0.00223319 0.999975 -0.0066331 -1.12536 -0.806923 0.00571982 0.590629 86.7008 
0.543458 0.00620155 0.839413 -3.23951 0.000242692 0.999971 -0.00754499 -1.13516 -0.839436 0.00430408 0.543441 86.8724 
0.495726 0.00919468 0.86843 -2.9128 -0.00357569 0.999957 -0.00854624 -1.14414 -0.868471 0.00113133 0.495738 87.0338 
0.449875 0.0114252 0.893018 -2.58089 -0.00439073 0.999934 -0.0105813 -1.15259 -0.893081 0.000839232 0.449896 87.172 
0.407331 0.00881737 0.913238 -2.23391 0.0028392 0.999936 -0.0109209 -1.15883 -0.913276 0.00704128 0.40728 87.2849 
0.367414 0.00124726 0.930056 -1.87449 0.0179808 0.999803 -0.00844413 -1.16083 -0.929883 0.0198256 0.36732 87.3782 
0.331937 -0.00229172 0.943299 -1.51365 0.0220631 0.999742 -0.00533503 -1.16423 -0.943043 0.022583 0.331902 87.4712 
0.298615 0.00183303 0.954372 -1.15529 0.0192923 0.999782 -0.00795675 -1.17201 -0.954178 0.020788 0.298515 87.5694 
0.267444 0.00965677 0.963525 -0.794345 0.00862813 0.999886 -0.0124162 -1.18574 -0.963535 0.011634 0.267331 87.6706 
0.238988 0.0140979 0.97092 -0.4174 0.00391789 0.999872 -0.0154827 -1.2028 -0.971015 0.00750413 0.238902 87.7589 
0.213172 0.015771 0.976887 -0.0275618 0.00533261 0.999836 -0.0173053 -1.217 -0.977 0.00889835 0.213053 87.8282 
0.189772 0.0170342 0.98168 0.373503 0.0126799 0.999723 -0.0197986 -1.2279 -0.981746 0.0162048 0.189504 87.8823 
0.169642 0.0233643 0.985229 0.781652 0.0197757 0.999437 -0.0271064 -1.22746 -0.985307 0.024082 0.169085 87.9294 
0.149848 0.0301501 0.988249 1.20133 0.0217777 0.999192 -0.0337862 -1.22833 -0.988469 0.0265846 0.14907 87.9821 
0.132211 0.0309892 0.990737 1.63763 0.0196928 0.999232 -0.0338829 -1.24084 -0.991026 0.0239901 0.1315 88.0392 
0.11686 0.0265885 0.992792 2.08928 0.0175219 0.999431 -0.0288288 -1.26411 -0.992994 0.0207646 0.116328 88.0911 
0.102395 0.0233195 0.99447 2.55379 0.0178294 0.999521 -0.0252738 -1.28488 -0.994584 0.0203187 0.10193 88.1321 
0.0891958 0.0208691 0.995795 3.02863 0.0201405 0.999538 -0.0227517 -1.30179 -0.99581 0.0220851 0.0887343 88.1678 
0.077536 0.020052 0.996788 3.52352 0.023853 0.999474 -0.0219616 -1.31614 -0.996704 0.0254792 0.0770169 88.2003 
0.0674182 0.0206409 0.997511 4.03319 0.0271346 0.999378 -0.0225136 -1.33008 -0.997356 0.0285849 0.0668162 88.2281 
0.0595091 0.0211638 0.998003 4.56163 0.0291253 0.999313 -0.0229283 -1.34506 -0.997803 0.0304316 0.0588518 88.2606 
0.0540585 0.0215188 0.998306 5.10626 0.0308959 0.999253 -0.0232123 -1.35951 -0.99806 0.0320983 0.0533533 88.2866 
0.0484591 0.0226168 0.998569 5.66753 0.032207 0.999188 -0.0241939 -1.37621 -0.998306 0.0333334 0.0476913 88.3158 
0.042463 0.0232701 0.998827 6.25108 0.0326093 0.999164 -0.0246644 -1.39233 -0.998566 0.0336184 0.0416686 88.3443 
0.0382073 0.0232812 0.998999 6.85085 0.0352024 0.999077 -0.0246294 -1.41053 -0.99865 0.0361081 0.0373524 88.3667 
0.0352117 0.0231322 0.999112 7.47522 0.0366684 0.999029 -0.0244226 -1.43212 -0.998707 0.0374958 0.0343293 88.3945 
0.0321892 0.0227013 0.999224 8.11578 0.0376479 0.999005 -0.0239092 -1.45037 -0.998772 0.0383883 0.0313025 88.4187 
0.0298089 0.0220645 0.999312 8.77302 0.0399073 0.998933 -0.0232466 -1.46983 -0.998759 0.0405728 0.0288966 88.4411 
0.0291124 0.0216666 0.999341 9.44572 0.0443808 0.998751 -0.0229468 -1.4896 -0.99859 0.0450196 0.0281144 88.4631 
0.0304289 0.0213522 0.999309 10.1365 0.0482002 0.998577 -0.0228044 -1.50953 -0.998374 0.0488608 0.0293564 88.4829 
0.0328352 0.021361 0.999232 10.8467 0.0497599 0.998497 -0.0229804 -1.52814 -0.998221 0.0504763 0.031723 88.5121 
0.0368314 0.0212944 0.999095 11.5707 0.0522683 0.998363 -0.0232058 -1.54875 -0.997954 0.0530757 0.0356581 88.5431 
0.0414064 0.0208357 0.998925 12.3113 0.0527335 0.998343 -0.0230095 -1.56991 -0.99775 0.0536296 0.040239 88.5785 
0.0453593 0.0192016 0.998786 13.0653 0.0541245 0.998299 -0.0216504 -1.58927 -0.997503 0.0550409 0.0442429 88.6199 
0.0493531 0.0177943 0.998623 13.836 0.0538608 0.998339 -0.0204512 -1.61028 -0.997328 0.0547959 0.0483127 88.6692 
0.053539 0.0156925 0.998442 14.6221 0.050876 0.998535 -0.0184222 -1.63327 -0.997269 0.0517831 0.0526622 88.7269 
0.0577282 0.01477 0.998223 15.4222 0.0501764 0.998584 -0.0176772 -1.65157 -0.997071 0.0511077 0.0569053 88.7847 
0.0619199 0.0158136 0.997956 16.2246 0.0472391 0.998707 -0.0187566 -1.67481 -0.996963 0.0483039 0.0610928 88.8495 
0.0652984 0.0199218 0.997667 17.0321 0.0453537 0.998708 -0.0229111 -1.70104 -0.996834 0.0467439 0.0643105 88.909 
0.0667327 0.0255537 0.997444 17.84 0.039566 0.998818 -0.0282361 -1.7243 -0.996986 0.0413491 0.0656428 88.982 
0.0665365 0.0286213 0.997373 18.6529 0.037052 0.998828 -0.0311349 -1.75422 -0.997096 0.0390263 0.0653981 89.0511 
0.0667274 0.0282127 0.997372 19.471 0.0347954 0.998926 -0.0305846 -1.78651 -0.997164 0.0367448 0.0656741 89.1212 
0.0666007 0.0265656 0.997426 20.2951 0.0320059 0.999074 -0.0287467 -1.8214 -0.997266 0.0338381 0.0656888 89.1969 
0.0664638 0.0252143 0.99747 21.1203 0.0330113 0.999078 -0.0274546 -1.85715 -0.997243 0.0347525 0.0655701 89.2619 
0.0669174 0.0246358 0.997454 21.9427 0.0305205 0.999177 -0.026726 -1.8913 -0.997292 0.0322312 0.0661104 89.3326 
0.0669189 0.02495 0.997446 22.7613 0.0289114 0.999219 -0.0269341 -1.9261 -0.997339 0.03064 0.0661453 89.4038 
0.0669825 0.0257583 0.997422 23.5825 0.0261297 0.999278 -0.0275611 -1.95715 -0.997412 0.0279085 0.0662612 89.4756 
0.0658758 0.027202 0.997457 24.3946 0.0233982 0.999311 -0.028798 -1.99141 -0.997553 0.0252358 0.065194 89.5433 
0.0631574 0.0267458 0.997645 25.2096 0.0204253 0.999397 -0.028086 -2.02506 -0.997794 0.0221511 0.062573 89.6093 
0.0593806 0.0255581 0.997908 26.0236 0.017911 0.999484 -0.0266643 -2.05861 -0.998075 0.0194569 0.0588922 89.6695 
0.0548255 0.0231733 0.998227 26.8389 0.0162521 0.999577 -0.0240973 -2.09103 -0.998364 0.0175444 0.0544258 89.7237 
0.0486462 0.0211472 0.998592 27.6536 0.0138601 0.999665 -0.0218452 -2.12352 -0.99872 0.0149032 0.0483368 89.7739 
0.0413053 0.0213125 0.998919 28.4607 0.0133168 0.999672 -0.0218793 -2.15577 -0.999058 0.0142062 0.041008 89.8157 
0.0326519 0.0223351 0.999217 29.2633 0.0131948 0.999653 -0.0227761 -2.18438 -0.99938 0.0139282 0.0323459 89.8505 
0.0228916 0.0227786 0.999478 30.0668 0.0135699 0.999641 -0.0230932 -2.21128 -0.999646 0.0140915 0.0225743 89.8731 
0.0126972 0.0218315 0.999681 30.8682 0.0148231 0.999648 -0.0220191 -2.24026 -0.999809 0.0150979 0.0123692 89.889 
0.00207992 0.0209184 0.999779 31.6641 0.0139639 0.999683 -0.0209455 -2.26924 -0.9999 0.0140044 0.00178715 89.8963 
-0.00897477 0.0200769 0.999758 32.4518 0.015373 0.999683 -0.0199375 -2.29769 -0.999841 0.0151903 -0.00928056 89.8929 
-0.0198014 0.0204877 0.999594 33.2363 0.0156066 0.999674 -0.0201803 -2.32528 -0.999682 0.0152007 -0.0201147 89.8808 
-0.0307743 0.020959 0.999307 34.0171 0.0160731 0.999661 -0.0204716 -2.35411 -0.999397 0.015432 -0.0311008 89.86 
-0.0413765 0.0221345 0.998898 34.793 0.0155633 0.999647 -0.0215065 -2.38132 -0.999022 0.0146563 -0.0417064 89.8333 
-0.0516164 0.0233853 0.998393 35.565 0.0167578 0.999605 -0.0225474 -2.40406 -0.998526 0.015567 -0.0519879 89.7991 
-0.0610486 0.0239439 0.997847 36.3238 0.0174213 0.999585 -0.0229199 -2.4355 -0.997983 0.0159846 -0.0614405 89.756 
-0.0707131 0.0244568 0.997197 37.0785 0.018171 0.999565 -0.0232265 -2.46231 -0.997331 0.0164776 -0.0711267 89.7064 
-0.0799619 0.0248834 0.996487 37.8243 0.01892 0.999546 -0.0234416 -2.49107 -0.996618 0.0169791 -0.0803964 89.6508 
-0.0884108 0.024361 0.995786 38.5649 0.0202063 0.999539 -0.0226589 -2.51858 -0.995879 0.0181178 -0.0888623 89.5873 
-0.0957428 0.0232188 0.995135 39.2966 0.0219924 0.999533 -0.0212056 -2.54696 -0.995163 0.0198552 -0.0962088 89.5211 
-0.100927 0.0216494 0.994658 40.0192 0.024971 0.999503 -0.0192212 -2.57179 -0.99458 0.0228977 -0.101417 89.4499 
-0.104666 0.0200273 0.994306 40.733 0.0281255 0.999457 -0.0171704 -2.59781 -0.99411 0.0261682 -0.105172 89.3775 
-0.107332 0.0188129 0.994045 41.4364 0.029803 0.999432 -0.0156969 -2.6224 -0.993776 0.0279408 -0.107832 89.3071 
-0.109146 0.0180625 0.993862 42.1236 0.0301109 0.999436 -0.0148571 -2.64436 -0.993569 0.0283045 -0.109628 89.2389 
-0.110067 0.0185789 0.99375 42.8 0.0308852 0.999406 -0.0152639 -2.6655 -0.993444 0.0290122 -0.110575 89.1745 
-0.109084 0.0196298 0.993839 43.4558 0.031814 0.999362 -0.0162471 -2.68748 -0.993523 0.0298456 -0.109639 89.1078 
-0.105855 0.021191 0.994156 44.0978 0.0328424 0.999302 -0.0178038 -2.70971 -0.993839 0.0307658 -0.106477 89.044 
-0.100715 0.0217152 0.994678 44.7265 0.0329168 0.999287 -0.0184829 -2.73205 -0.994371 0.0308802 -0.101358 88.991 
-0.0926395 0.0226065 0.995443 45.3342 0.032363 0.999282 -0.019682 -2.75179 -0.995174 0.0303922 -0.0933046 88.9453 
-0.0815434 0.0225608 0.996414 45.9245 0.031125 0.999314 -0.0200794 -2.77501 -0.996184 0.0293761 -0.0821896 88.9129 
-0.0678175 0.0228191 0.997437 46.4857 0.0303513 0.999323 -0.0207987 -2.79884 -0.997236 0.028863 -0.0684641 88.8914 
-0.0503802 0.0241608 0.998438 47.0404 0.0292927 0.999313 -0.022704 -2.82172 -0.9983 0.0281031 -0.0510533 88.8786 
-0.029012 0.0266444 0.999224 47.5742 0.027659 0.999283 -0.025843 -2.84604 -0.999196 0.0268878 -0.0297282 88.8823 
-0.0040937 0.0296621 0.999552 48.1057 0.0259222 0.999227 -0.0295464 -2.8688 -0.999655 0.0257896 -0.00485945 88.8995 
0.024576 0.0313559 0.999206 48.6348 0.0240997 0.999199 -0.0319485 -2.89256 -0.999407 0.0248657 0.0238007 88.9343 
0.0582443 0.0308315 0.997826 49.1602 0.0219742 0.999241 -0.0321579 -2.91398 -0.99806 0.0237995 0.0575226 88.9857 
0.0969105 0.0285431 0.994884 49.6811 0.0210514 0.999306 -0.0307206 -2.93247 -0.99507 0.0239208 0.0962424 89.0544 
0.139593 0.0246654 0.989902 50.1934 0.0187694 0.999444 -0.02755 -2.95804 -0.990031 0.0224257 0.139052 89.1479 
0.185521 0.0203099 0.98243 50.6955 0.0161461 0.999588 -0.0237137 -2.9811 -0.982508 0.0202618 0.185116 89.2662 
0.234738 0.0172021 0.971906 51.1903 0.0116404 0.999722 -0.0205059 -3.00114 -0.971989 0.0161269 0.234472 89.408 
0.28716 0.0155061 0.957757 51.6718 0.00793373 0.999796 -0.0185655 -3.02239 -0.95785 0.0129298 0.286978 89.5772 
0.343077 0.014988 0.939188 52.1396 0.00709837 0.999803 -0.0185484 -3.04031 -0.93928 0.0130302 0.342903 89.7711 
0.401837 0.0151538 0.915586 52.5921 0.00907721 0.999748 -0.0205307 -3.05888 -0.915666 0.0165609 0.401598 89.9935 
0.462101 0.0182574 0.886639 53.0185 0.00985705 0.99962 -0.0257214 -3.07654 -0.886773 0.0206255 0.461745 90.2478 
0.521458 0.021165 0.853014 53.4146 0.010998 0.999442 -0.0315215 -3.09609 -0.853206 0.0258186 0.520934 90.5314 
0.57905 0.0251911 0.814902 53.7819 0.00684091 0.999337 -0.0357537 -3.11356 -0.815263 0.0262778 0.578494 90.8479 
0.634271 0.0280433 0.772602 54.1228 0.00272843 0.999254 -0.0385103 -3.12965 -0.773105 0.0265339 0.633722 91.1898 
0.686311 0.0286405 0.726744 54.4294 0.00105711 0.999184 -0.0403756 -3.14885 -0.727307 0.0284785 0.685721 91.5423 
0.734562 0.0271198 0.678 54.7198 4.72355e-05 0.999199 -0.040019 -3.16543 -0.678542 0.0294284 0.733972 91.9187 
0.779016 0.0237062 0.626556 54.9814 -0.00234142 0.999388 -0.0349016 -3.18519 -0.627 0.0257219 0.778594 92.3168 
0.819579 0.0188516 0.572656 55.2161 -0.00334196 0.999599 -0.0281237 -3.20225 -0.572957 0.0211357 0.819313 92.7319 
0.855208 0.0164682 0.518022 55.4155 -0.00595813 0.999741 -0.0219462 -3.21842 -0.51825 0.0156821 0.855085 93.1553 
0.885548 0.013053 0.464365 55.5935 -0.0069374 0.999865 -0.0148761 -3.23265 -0.464497 0.00995192 0.885519 93.5987 
0.910384 0.0136046 0.41354 55.7418 -0.0105937 0.999898 -0.00957351 -3.2482 -0.413628 0.0043346 0.910435 94.0487 
0.929854 0.0156076 0.367596 55.8735 -0.0143619 0.999878 -0.00612448 -3.26271 -0.367647 0.000415439 0.929965 94.5067 
0.944564 0.02178 0.327605 55.9831 -0.0217945 0.999756 -0.00362798 -3.27265 -0.327604 -0.00371319 0.944808 94.9714 
0.955955 0.0261689 0.292344 56.0845 -0.0259132 0.999653 -0.00474826 -3.27678 -0.292367 -0.00303651 0.956301 95.4408 
0.964835 0.0281728 0.261342 56.1854 -0.0279215 0.999599 -0.00467568 -3.28225 -0.261369 -0.00278588 0.965235 95.9126 
0.97072 0.0224791 0.23916 56.2898 -0.0220485 0.999747 -0.00447647 -3.28938 -0.2392 -0.000927806 0.97097 96.3903 
0.974471 0.0194565 0.223669 56.3861 -0.0190905 0.99981 -0.00379921 -3.3005 -0.2237 -0.000567807 0.974658 96.8765 
0.977234 0.0237271 0.210832 56.4747 -0.023393 0.999718 -0.00407981 -3.30977 -0.210869 -0.000945115 0.977514 97.3681 
0.979143 0.0291329 0.201073 56.5568 -0.028995 0.999573 -0.00363187 -3.31318 -0.201092 -0.00227406 0.97957 97.8738 
0.980072 0.0369445 0.195179 56.634 -0.0366646 0.999315 -0.00504854 -3.31662 -0.195232 -0.0022083 0.980755 98.3929 
0.980449 0.0426289 0.1921 56.7192 -0.0417329 0.999091 -0.00871034 -3.32481 -0.192296 0.000523103 0.981337 98.9193 
0.980588 0.043741 0.191137 56.8144 -0.0423805 0.999039 -0.0112028 -3.33791 -0.191443 0.00288482 0.981499 99.4532 
0.980177 0.0421953 0.193576 56.9194 -0.0400993 0.999087 -0.0147356 -3.35043 -0.194021 0.0066812 0.980975 99.9963 
0.979444 0.0406368 0.197581 57.0265 -0.0371659 0.999083 -0.0212455 -3.36008 -0.198263 0.0134655 0.980056 100.55 
0.978623 0.0407971 0.201575 57.14 -0.0362938 0.999003 -0.0259882 -3.36972 -0.202435 0.0181166 0.979128 101.113 
0.977482 0.0456489 0.206021 57.2469 -0.0412427 0.99882 -0.0256339 -3.38448 -0.206948 0.0165597 0.978212 101.698 
0.976114 0.0487383 0.211722 57.3607 -0.04514 0.998743 -0.0217989 -3.39904 -0.212518 0.011721 0.977087 102.296 
0.97525 0.0457154 0.216328 57.492 -0.0430222 0.998927 -0.0171454 -3.41685 -0.21688 0.00741402 0.97617 102.901 
0.974582 0.0412835 0.220192 57.6301 -0.0396907 0.999144 -0.0116552 -3.42937 -0.220485 0.00261931 0.975387 103.524 
0.973831 0.0387878 0.223939 57.7693 -0.0381733 0.999246 -0.00707497 -3.44263 -0.224044 -0.00165871 0.974577 104.156 
0.97335 0.0340465 0.226782 57.9141 -0.0334609 0.999419 -0.00642719 -3.45275 -0.226869 -0.0013325 0.973924 104.794 
0.973397 0.0304765 0.227087 58.0624 -0.0290772 0.999532 -0.00950576 -3.46388 -0.22727 0.00264975 0.973828 105.441 
0.973513 0.029436 0.226727 58.208 -0.0263811 0.999516 -0.0164932 -3.47865 -0.227103 0.010075 0.973819 106.096 
0.97365 0.0314262 0.225871 58.3506 -0.0268649 0.999369 -0.0232409 -3.49252 -0.226459 0.0165605 0.97388 106.76 
0.974199 0.0340563 0.223106 58.4928 -0.0287229 0.99922 -0.0271081 -3.50477 -0.223855 0.0200004 0.974417 107.441 
0.974817 0.0322892 0.220656 58.6415 -0.0279095 0.999347 -0.0229386 -3.52077 -0.221253 0.0162024 0.975082 108.143 
0.975263 0.0280435 0.219259 58.7952 -0.025287 0.999562 -0.0153688 -3.54123 -0.219594 0.00944416 0.975545 108.859 
0.975841 0.0283398 0.216638 58.9451 -0.0269026 0.999592 -0.0095815 -3.56291 -0.216821 0.00352184 0.976205 109.585 
0.976159 0.0314105 0.214772 59.0908 -0.0298963 0.9995 -0.0102964 -3.57969 -0.214987 0.00363002 0.97661 110.317 
0.976449 0.0369621 0.212556 59.2303 -0.034582 0.999291 -0.0149063 -3.59491 -0.212957 0.00720455 0.977035 111.059 
0.97725 0.0378105 0.208695 59.3758 -0.0343225 0.999204 -0.0203111 -3.60895 -0.209297 0.012686 0.97777 111.81 
0.97815 0.0362895 0.204707 59.5252 -0.0322353 0.999213 -0.0231067 -3.62739 -0.205385 0.0160029 0.97855 112.57 
0.979067 0.0338941 0.200694 59.6773 -0.030144 0.99931 -0.0217137 -3.64777 -0.201292 0.0152094 0.979413 113.344 
0.979917 0.0298805 0.197156 59.8277 -0.0265273 0.999455 -0.0196279 -3.66998 -0.197635 0.0140036 0.980176 114.132 
0.980336 0.028879 0.195209 59.9816 -0.026079 0.999517 -0.0168996 -3.69246 -0.195602 0.0114764 0.980616 114.935 
0.980688 0.0255608 0.193899 60.1322 -0.023181 0.999626 -0.0145334 -3.71291 -0.194197 0.00975792 0.980914 115.74 
0.980883 0.0205417 0.193511 60.2888 -0.0183143 0.999744 -0.0132931 -3.73078 -0.193734 0.00949488 0.981008 116.551 
0.980976 0.0214311 0.192943 60.4334 -0.0195204 0.99974 -0.0117992 -3.75003 -0.193146 0.00780832 0.981139 117.37 
0.9808 0.0266801 0.19318 60.5781 -0.024467 0.999605 -0.013834 -3.76861 -0.193472 0.00884181 0.981066 118.192 
0.980538 0.0323061 0.193653 60.7214 -0.0295131 0.999415 -0.0172915 -3.78685 -0.194098 0.0112396 0.980918 119.02 
0.980041 0.0411472 0.194492 60.8664 -0.0381629 0.99909 -0.0190682 -3.8047 -0.195099 0.0112652 0.980719 119.859 
0.979201 0.0468686 0.197404 61.0129 -0.0440972 0.998857 -0.0184149 -3.82925 -0.198041 0.00932682 0.980149 120.699 
0.978478 0.0495112 0.200325 61.1642 -0.0471642 0.998751 -0.0164752 -3.8559 -0.20089 0.00667237 0.979591 121.546 
0.977929 0.0499963 0.202865 61.3252 -0.0474845 0.998723 -0.0172337 -3.87941 -0.203467 0.00722033 0.979055 122.394 
0.977628 0.0483946 0.2047 61.4897 -0.0452761 0.998776 -0.0198939 -3.90284 -0.205413 0.0101807 0.978622 123.239 
0.977618 0.0421596 0.206119 61.6632 -0.0391821 0.999061 -0.0185088 -3.92873 -0.206706 0.0100183 0.978352 124.083 
0.977894 0.0351733 0.206123 61.842 -0.0317638 0.999299 -0.0198283 -3.958 -0.206676 0.0128427 0.978325 124.922 
0.977629 0.0346607 0.20746 62.0081 -0.0312078 0.999315 -0.0198953 -3.98748 -0.208007 0.0129758 0.978041 125.772 
0.977138 0.0373443 0.209301 62.1748 -0.0345617 0.999259 -0.0169381 -4.0124 -0.209778 0.009317 0.977705 126.62 
0.976692 0.0396202 0.210955 62.3304 -0.0380558 0.99921 -0.0114722 -4.0321 -0.211243 0.00317672 0.977428 127.469 
0.976395 0.0430814 0.21165 62.4959 -0.0425345 0.999069 -0.00713868 -4.05835 -0.21176 -0.00203231 0.977319 128.309 
0.976174 0.0423574 0.212814 62.6606 -0.0403759 0.999091 -0.0136509 -4.0825 -0.213199 0.00473306 0.976997 129.143 
0.97645 0.0377663 0.212411 62.8381 -0.0325832 0.999081 -0.0278507 -4.10996 -0.213267 0.0202737 0.976783 129.958 
0.976656 0.0355091 0.211852 63.011 -0.0283083 0.998917 -0.0369278 -4.13907 -0.212933 0.0300685 0.976604 130.771 
0.976932 0.0326815 0.211035 63.1795 -0.0274117 0.999236 -0.0278496 -4.1653 -0.211784 0.0214223 0.977082 131.598 
0.977344 0.0264026 0.210005 63.352 -0.0255051 0.99965 -0.00698176 -4.19617 -0.210116 0.00146731 0.977675 132.444 
0.977628 0.0231055 0.20907 63.52 -0.0254003 0.999643 0.00829712 -4.22394 -0.208803 -0.013422 0.977865 133.285 
0.977654 0.0276902 0.20839 63.6784 -0.0288191 0.999582 0.00238219 -4.23816 -0.208236 -0.00833463 0.978043 134.105 
0.977853 0.0355126 0.206259 63.8277 -0.0334053 0.999348 -0.0136918 -4.24864 -0.206611 0.00649838 0.978402 134.911 
0.978123 0.0354396 0.204987 63.9873 -0.0316668 0.999264 -0.021658 -4.26226 -0.205603 0.0146929 0.978525 135.726 
0.978686 0.0312884 0.202964 64.1472 -0.0273135 0.999377 -0.0223567 -4.29005 -0.203537 0.0163365 0.978931 136.548 
0.979268 0.0309065 0.200198 64.301 -0.0273402 0.999415 -0.0205553 -4.32455 -0.200716 0.0146556 0.97954 137.371 
0.980011 0.030453 0.196597 64.4489 -0.0266487 0.999403 -0.0219685 -4.34826 -0.197149 0.0162902 0.980238 138.181 
0.980958 0.0314516 0.191658 64.5932 -0.0274255 0.999345 -0.0236244 -4.37493 -0.192276 0.0179182 0.981177 138.997 
0.981357 0.0363497 0.188724 64.7299 -0.0324618 0.999193 -0.0236524 -4.4078 -0.189432 0.0170851 0.981745 139.809 
0.981514 0.0422721 0.186663 64.8585 -0.0384548 0.998971 -0.0240264 -4.43348 -0.187487 0.0164041 0.98213 140.62 
0.981814 0.0437557 0.184733 64.9938 -0.0403909 0.998943 -0.0219405 -4.46342 -0.185498 0.0140799 0.982544 141.426 
0.982131 0.0414737 0.183572 65.1312 -0.0389777 0.999092 -0.0171863 -4.49168 -0.184118 0.00972393 0.982856 142.231 
0.982541 0.0397947 0.181739 65.2696 -0.0372926 0.999157 -0.017166 -4.51809 -0.182269 0.0100887 0.983197 143.033 
0.983098 0.0380386 0.179084 65.4056 -0.0349841 0.999184 -0.0201849 -4.54654 -0.179706 0.0135785 0.983627 143.832 
0.984155 0.0330244 0.174206 65.5421 -0.0293035 0.999285 -0.0238896 -4.57253 -0.174871 0.0184061 0.984419 144.623 
0.985385 0.0301381 0.167652 65.6696 -0.0263578 0.999347 -0.0247294 -4.60047 -0.168288 0.019949 0.985536 145.416 
0.986534 0.0284775 0.161055 65.7921 -0.0256684 0.99948 -0.0194966 -4.62302 -0.161527 0.0151 0.986753 146.216 
0.987633 0.0257287 0.154658 65.9091 -0.0243244 0.999644 -0.0109664 -4.64782 -0.154885 0.00706875 0.987907 147.026 
0.988251 0.0228456 0.151122 66.0229 -0.0228367 0.999738 -0.00179526 -4.66428 -0.151124 -0.00167705 0.988513 147.839 
0.988692 0.0295031 0.147027 66.1148 -0.0299285 0.999552 0.00068084 -4.67612 -0.146941 -0.00507352 0.989132 148.642 
0.989278 0.0323315 0.142418 66.2066 -0.0320518 0.999477 -0.00425902 -4.68812 -0.142481 -0.000351488 0.989797 149.443 
0.99037 0.0325588 0.13456 66.306 -0.030896 0.999418 -0.0144278 -4.70442 -0.134951 0.0101314 0.9908 150.236 
0.991341 0.0292917 0.128 66.4005 -0.0269597 0.999438 -0.019914 -4.71529 -0.128511 0.0162907 0.991574 151.04 
0.992208 0.0284273 0.121306 66.4856 -0.0263368 0.999476 -0.0188029 -4.73623 -0.121777 0.0154615 0.992437 151.856 
0.992884 0.0351726 0.113768 66.5525 -0.0336412 0.999316 -0.0153535 -4.76079 -0.11423 0.0114168 0.993389 152.674 
0.99355 0.0406679 0.105849 66.6112 -0.0390707 0.99909 -0.0171215 -4.78199 -0.106449 0.0128754 0.994235 153.49 
0.9945 0.0432426 0.0953935 66.674 -0.0412271 0.998885 -0.0230004 -4.80334 -0.0962817 0.018941 0.995174 154.301 
0.995358 0.0416436 0.0867595 66.7342 -0.0395911 0.998897 -0.0252472 -4.82715 -0.0877151 0.021695 0.995909 155.121 
0.996018 0.041846 0.0787266 66.7844 -0.0401882 0.998938 -0.0225273 -4.85024 -0.0795856 0.0192737 0.996642 155.945 
0.996495 0.0444516 0.0708663 66.8225 -0.0434621 0.998936 -0.0154461 -4.87482 -0.0714774 0.0123118 0.997366 156.775 
0.99689 0.0479316 0.0625526 66.8538 -0.0474126 0.998828 -0.00975762 -4.89558 -0.0629468 0.00676142 0.997994 157.608 
0.997386 0.0469569 0.0549198 66.8844 -0.0466708 0.998889 -0.00648412 -4.91154 -0.0551632 0.00390394 0.99847 158.436 
0.997686 0.0476021 0.0485393 66.9115 -0.0474418 0.998864 -0.00445132 -4.92584 -0.048696 0.00213815 0.998811 159.266 
0.997928 0.0466677 0.0442962 66.9364 -0.0464417 0.998902 -0.00611953 -4.94411 -0.0445331 0.00404958 0.999 160.091 
0.997879 0.0513854 0.0399525 66.9422 -0.0509639 0.998634 -0.0114987 -4.96314 -0.0404887 0.00943807 0.999135 160.909 
0.997715 0.0571923 0.0359608 66.9487 -0.056563 0.998232 -0.0182825 -4.98052 -0.0369427 0.0162066 0.999186 161.724 
0.99776 0.0583312 0.0327581 66.9585 -0.0576768 0.998123 -0.0205818 -5.00033 -0.033897 0.0186462 0.999251 162.546 
0.997751 0.0601229 0.0296319 66.9683 -0.059712 0.998109 -0.0145641 -5.01986 -0.0304514 0.0127618 0.999455 163.379 
0.997666 0.06237 0.0277921 66.9705 -0.0622793 0.99805 -0.00412324 -5.0385 -0.027995 0.00238266 0.999605 164.215 
0.997669 0.0635996 0.0247453 66.9736 -0.0636987 0.997964 0.00323227 -5.05424 -0.0244893 -0.00480106 0.999688 165.048 
0.998011 0.0600159 0.019275 66.9824 -0.0600286 0.998197 7.51155e-05 -5.06898 -0.0192356 -0.0012321 0.999814 165.866 
0.998791 0.0473062 0.0133713 66.9958 -0.0471793 0.99884 -0.00966392 -5.08125 -0.0138129 0.00902131 0.999864 166.681 
0.998973 0.0449116 0.00594834 66.9948 -0.044823 0.998893 -0.0142835 -5.09081 -0.00658316 0.0140021 0.99988 167.504 
0.998814 0.048681 -0.000821085 66.9737 -0.0486877 0.99873 -0.0129127 -5.10673 0.000191522 0.0129373 0.999916 168.336 
0.998871 0.0467752 -0.00826435 66.9514 -0.0468315 0.99888 -0.00674064 -5.12593 0.00793989 0.00711998 0.999943 169.171 
0.999019 0.0413249 -0.0159322 66.9346 -0.0413776 0.999139 -0.00298364 -5.14076 0.0157952 0.00363987 0.999869 170.007 
0.999232 0.0325701 -0.0217892 66.913 -0.0325546 0.999469 0.00107034 -5.14527 0.0218126 -0.000360265 0.999762 170.851 
0.999206 0.0283568 -0.0279871 66.8764 -0.0283383 0.999598 0.00106007 -5.15852 0.0280059 -0.000266208 0.999608 171.693 
0.999104 0.0248489 -0.0342512 66.8324 -0.0250622 0.999669 -0.00580934 -5.17242 0.0340956 0.00666246 0.999396 172.529 
0.999004 0.0155469 -0.0418151 66.7927 -0.0162255 0.999741 -0.0159375 -5.18569 0.0415566 0.0166 0.998998 173.36 
0.998823 0.00530377 -0.0482196 66.7558 -0.00628177 0.999777 -0.0201516 -5.19822 0.048102 0.0204307 0.998633 174.195 
0.998456 0.00908651 -0.0547908 66.6939 -0.00980366 0.99987 -0.0128328 -5.21388 0.0546671 0.01335 0.998415 175.038 
0.998005 0.0195647 -0.0600217 66.6159 -0.0195898 0.999808 0.000171701 -5.229 0.0600136 0.00100437 0.998197 175.887 
0.997598 0.0247871 -0.0646779 66.5392 -0.0243142 0.999672 0.00809085 -5.24602 0.0648573 -0.00649891 0.997873 176.733 
0.997371 0.024164 -0.0683137 66.4638 -0.0238769 0.999702 0.00501749 -5.25407 0.0684147 -0.00337326 0.997651 177.576 
0.997194 0.0254669 -0.07039 66.3888 -0.0259362 0.999647 -0.0057598 -5.26408 0.0702186 0.0075692 0.997503 178.404 
0.996672 0.0357395 -0.0732666 66.2975 -0.0369389 0.999204 -0.0150792 -5.2765 0.0726694 0.0177353 0.997198 179.236 
0.99655 0.0341529 -0.075637 66.2202 -0.0356648 0.999188 -0.0187283 -5.29387 0.0749361 0.0213611 0.996959 180.078 
0.996516 0.0289709 -0.0782042 66.1569 -0.0301269 0.999453 -0.0136417 -5.31528 0.0777663 0.0159502 0.996844 180.934 
0.996527 0.0292744 -0.0779556 66.0799 -0.0297491 0.999545 -0.00493333 -5.3319 0.0777758 0.00723521 0.996945 181.796 
0.996482 0.0311034 -0.0778155 65.9968 -0.0311561 0.999514 0.000537963 -5.34757 0.0777945 0.00188827 0.996968 182.657 
0.996354 0.0309428 -0.0795084 65.9147 -0.0310641 0.999517 -0.000288129 -5.36127 0.0794612 0.00275685 0.996834 183.508 
0.996264 0.027136 -0.0819897 65.8377 -0.0280107 0.999562 -0.00953502 -5.37756 0.0816952 0.0117959 0.996587 184.358 
0.996293 0.0161603 -0.0844962 65.7698 -0.0179868 0.99962 -0.0208996 -5.39602 0.0841264 0.0223418 0.996205 185.204 
0.996226 0.00562493 -0.0866117 65.7014 -0.00780266 0.999661 -0.0248247 -5.41813 0.0864428 0.0254067 0.995933 186.059 
0.996109 0.00809474 -0.0877559 65.6138 -0.00993105 0.99974 -0.0205078 -5.43988 0.0875672 0.0212995 0.995931 186.914 
0.995926 0.0140215 -0.0890733 65.5183 -0.0149691 0.999838 -0.00997869 -5.46518 0.0889191 0.0112713 0.995975 187.772 
0.995745 0.0149972 -0.0909217 65.4302 -0.015643 0.999857 -0.00639304 -5.48985 0.0908129 0.00778804 0.995837 188.622 
0.995681 0.0136874 -0.0918256 65.3436 -0.0146769 0.999841 -0.0101085 -5.51041 0.0916727 0.0114124 0.995724 189.463 
0.9957 0.0137922 -0.0916001 65.2541 -0.0153536 0.999748 -0.0163619 -5.52639 0.0913514 0.0176979 0.995661 190.298 
0.995553 0.0203953 -0.0919664 65.1559 -0.022031 0.999616 -0.0168046 -5.5472 0.0915884 0.0187559 0.99562 191.131 
0.995452 0.0231064 -0.0924242 65.062 -0.0244833 0.999605 -0.0137906 -5.57067 0.0920691 0.0159907 0.995624 191.967 
0.995294 0.0267999 -0.0931155 64.9673 -0.0279274 0.999551 -0.0108253 -5.59316 0.0927837 0.0133748 0.995596 192.801 
0.995183 0.0305535 -0.0931524 64.8729 -0.0314342 0.999474 -0.00800097 -5.61204 0.092859 0.0108905 0.99562 193.631 
0.995028 0.0330297 -0.0939547 64.78 -0.0339553 0.999389 -0.00826884 -5.63311 0.0936243 0.0114179 0.995542 194.454 
