1 -4.23778e-08 4.22719e-08 0 -4.23778e-08 1 -4.19404e-08 0 4.22719e-08 -4.19404e-08 1 0 
0.999036 -0.000317165 0.0438906 0.0305358 0.00042245 0.999997 -0.00239153 -0.0210165 -0.0438897 0.00240768 0.999033 1.01845 
0.996046 -0.00489346 0.0887028 0.13409 0.00555172 0.999959 -0.00717681 -0.0491008 -0.0886639 0.0076408 0.996032 2.09076 
0.990952 -0.00485052 0.13413 0.239216 0.00642956 0.999915 -0.0113424 -0.0639052 -0.134063 0.0121021 0.990899 3.15451 
0.9837 -0.00258082 0.179797 0.41202 0.00510313 0.999895 -0.013568 -0.0930246 -0.179743 0.0142643 0.98361 4.16512 
0.974314 -0.00515929 0.225134 0.707158 0.00841368 0.999873 -0.0134988 -0.128894 -0.225036 0.0150462 0.974234 5.28379 
0.962822 -0.00603177 0.27007 0.9954 0.0103311 0.999841 -0.0145012 -0.16656 -0.26994 0.0167521 0.962731 6.29562 
0.949543 -0.00913396 0.313505 1.33272 0.0152822 0.999736 -0.0171596 -0.194111 -0.313265 0.0210847 0.949432 7.30816 
0.934546 -0.0112111 0.355665 1.71883 0.0191235 0.999641 -0.0187389 -0.225273 -0.355327 0.0243139 0.934426 8.29475 
0.917299 -0.0111944 0.398041 2.11367 0.0205352 0.999604 -0.0192117 -0.260389 -0.397669 0.0257967 0.917166 9.2276 
0.89764 -0.011474 0.44058 2.54973 0.0214429 0.999614 -0.0176553 -0.294308 -0.440207 0.0252953 0.89754 10.1479 
0.875868 -0.0113196 0.482418 3.0231 0.0221138 0.999616 -0.0166943 -0.327352 -0.482043 0.02529 0.875782 11.0263 
0.851989 -0.0115245 0.523433 3.54173 0.0229907 0.999617 -0.0154132 -0.359737 -0.523055 0.0251659 0.851927 11.8869 
0.826279 -0.0115098 0.563143 4.12018 0.0243473 0.999586 -0.015294 -0.39277 -0.562734 0.0263481 0.826218 12.7739 
0.798898 -0.0133075 0.601319 4.716 0.0276467 0.999511 -0.0146112 -0.426613 -0.600831 0.0282973 0.798875 13.5871 
0.770127 -0.0122409 0.637774 5.354 0.0283364 0.999485 -0.0150338 -0.459314 -0.637261 0.0296501 0.770077 14.3801 
0.739404 -0.0154952 0.673084 6.03392 0.0332222 0.999357 -0.0134894 -0.485367 -0.672442 0.0323354 0.739443 15.1417 
0.706925 -0.0139633 0.70715 6.73373 0.0326918 0.999382 -0.0129479 -0.509817 -0.706532 0.0322712 0.706945 15.8758 
0.672773 -0.0127575 0.739739 7.48061 0.0339758 0.999329 -0.0136657 -0.538842 -0.739069 0.0343271 0.672755 16.5709 
0.637207 -0.013986 0.770566 8.24554 0.0383594 0.999172 -0.0135855 -0.567156 -0.769738 0.0382152 0.637215 17.2067 
0.600654 -0.0121567 0.799416 9.10019 0.0386894 0.999155 -0.0138759 -0.582704 -0.798572 0.0392635 0.600617 17.8621 
0.562919 -0.0111018 0.826438 9.96649 0.0415342 0.999026 -0.0148704 -0.611364 -0.825468 0.0426962 0.562832 18.4666 
0.523698 -0.00959806 0.85185 10.8073 0.0462326 0.998783 -0.0171693 -0.639733 -0.850648 0.0483747 0.523505 18.9981 
0.485199 -0.00893613 0.874358 11.6686 0.0481501 0.998704 -0.0165127 -0.665912 -0.873077 0.0501124 0.485 19.4742 
0.447351 -0.0109357 0.894292 12.5473 0.0537144 0.998449 -0.0146602 -0.69174 -0.892744 0.0545946 0.447244 19.9052 
0.410353 -0.0116907 0.911852 13.4482 0.0577113 0.998246 -0.0131732 -0.718221 -0.910099 0.0580298 0.410308 20.3059 
0.375316 -0.00938793 0.926849 14.4059 0.0596155 0.998123 -0.0140308 -0.734008 -0.924977 0.0605206 0.375172 20.6999 
0.342117 -0.0102401 0.939601 15.3571 0.0601715 0.998127 -0.0110311 -0.753662 -0.937729 0.0603111 0.342093 21.0511 
0.308727 -0.0118484 0.951077 16.3362 0.0624159 0.998019 -0.00782756 -0.771328 -0.9491 0.0617789 0.308855 21.3697 
0.275747 -0.0115944 0.96116 17.4073 0.0631698 0.997984 -0.00608419 -0.774165 -0.959152 0.062394 0.275923 21.7113 
0.243443 -0.00858662 0.969877 18.4107 0.0606387 0.998139 -0.00638383 -0.784897 -0.968018 0.0603661 0.243511 21.9808 
0.212917 -0.00705105 0.977045 19.4952 0.0609023 0.998125 -0.00606869 -0.793644 -0.97517 0.0607964 0.212947 22.2009 
0.182771 -0.00706352 0.98313 20.5654 0.0630485 0.998 -0.0045509 -0.80858 -0.981132 0.0628167 0.182851 22.3929 
0.152892 -0.00722248 0.988216 21.7161 0.0648688 0.99789 -0.00274311 -0.809559 -0.986111 0.0645238 0.153038 22.5379 
0.122766 -0.00790238 0.992404 22.7949 0.0636523 0.997972 7.2503e-05 -0.820427 -0.990392 0.0631599 0.12302 22.6723 
0.0934302 -0.00810361 0.995593 23.9534 0.0639271 0.997952 0.00212357 -0.816462 -0.993571 0.063447 0.0937569 22.8017 
0.0665552 -0.00791762 0.997751 25.1857 0.0667566 0.997763 0.00346462 -0.827697 -0.995547 0.0663758 0.0669349 22.8757 
0.0414198 -0.00748556 0.999114 26.429 0.0708138 0.997479 0.00453754 -0.830234 -0.996629 0.0705631 0.0418455 22.934 
0.018768 -0.00710233 0.999799 27.6383 0.0752672 0.997147 0.00567052 -0.83 -0.996987 0.0751456 0.019249 22.9683 
-0.00149438 -0.00709373 0.999974 28.9178 0.0810256 0.996686 0.00719142 -0.816442 -0.996711 0.0810342 -0.000914656 22.9676 
-0.0191562 -0.00794334 0.999785 30.2314 0.0852044 0.996318 0.00954826 -0.818749 -0.996179 0.085369 -0.0184089 22.95 
-0.0347437 -0.00780396 0.999366 31.5268 0.0884147 0.996025 0.0108516 -0.808794 -0.995478 0.0887357 -0.0339156 22.9209 
-0.0495154 -0.00865201 0.998736 32.823 0.0909428 0.995769 0.013135 -0.81159 -0.994624 0.0914782 -0.0485191 22.8897 
-0.0629862 -0.00975677 0.997967 34.1261 0.0908502 0.995744 0.0154689 -0.806429 -0.993871 0.0916398 -0.0618317 22.8293 
-0.0752512 -0.00973254 0.997117 35.4329 0.09046 0.995763 0.0165461 -0.801146 -0.993053 0.0914444 -0.0740519 22.753 
-0.0865653 -0.00685559 0.996223 36.7156 0.0906865 0.99577 0.0147325 -0.7859 -0.99211 0.0916193 -0.0855774 22.6619 
-0.0972623 -0.00350685 0.995253 38.003 0.0909804 0.995775 0.0123998 -0.777995 -0.991092 0.0917545 -0.0965324 22.5809 
-0.106697 -0.00116819 0.994291 39.3504 0.0922423 0.995675 0.0110682 -0.771734 -0.990004 0.0928966 -0.106128 22.4435 
-0.114843 7.91634e-05 0.993384 40.6975 0.0917877 0.995723 0.0105319 -0.750385 -0.989134 0.0923899 -0.114359 22.3347 
-0.120794 0.000769414 0.992677 42.0937 0.0914932 0.995752 0.0103615 -0.744225 -0.988452 0.0920748 -0.120351 22.1781 
-0.125861 0.00207688 0.992046 43.4911 0.0927322 0.995644 0.00968043 -0.741783 -0.987704 0.093213 -0.125505 22.0003 
-0.130811 0.00381191 0.9914 44.891 0.0915822 0.995763 0.00825511 -0.729892 -0.987168 0.0918745 -0.130606 21.8324 
-0.134941 0.00457598 0.990843 46.3374 0.0922173 0.995707 0.00796032 -0.723546 -0.986553 0.092447 -0.134783 21.6579 
-0.138932 0.00371531 0.990295 47.8271 0.0922865 0.99569 0.00921157 -0.702359 -0.985992 0.0926707 -0.138676 21.5331 
-0.14136 0.0017116 0.989957 49.3032 0.093073 0.995592 0.0115688 -0.692656 -0.985573 0.0937736 -0.140896 21.3383 
-0.143924 0.000514292 0.989589 50.7698 0.0927627 0.995604 0.0129737 -0.681129 -0.985231 0.0936642 -0.143339 21.1541 
-0.145656 0.00123756 0.989334 52.2779 0.0950412 0.995392 0.0127473 -0.663505 -0.98476 0.0958842 -0.145102 20.9071 
-0.146734 0.000891047 0.989175 53.7777 0.0950279 0.995387 0.0131997 -0.654719 -0.984601 0.0959361 -0.146142 20.693 
-0.147532 0.00214967 0.989055 55.3068 0.0966194 0.995246 0.012249 -0.641617 -0.984327 0.0973691 -0.147038 20.4768 
-0.147494 0.00238934 0.98906 56.8101 0.0971041 0.995201 0.0120764 -0.619055 -0.984285 0.097823 -0.147018 20.2687 
-0.146952 0.00394713 0.989136 58.3623 0.0968774 0.995242 0.0104211 -0.607302 -0.984388 0.0973563 -0.146635 20.0522 
-0.146037 0.00357012 0.989273 59.9346 0.0975593 0.995171 0.0108103 -0.602162 -0.984457 0.0980914 -0.14568 19.8436 
-0.144638 0.00255781 0.989481 61.5034 0.0969291 0.995224 0.0115959 -0.593279 -0.984726 0.0975867 -0.144195 19.6348 
-0.143579 0.003373 0.989633 63.0905 0.0979549 0.995132 0.0108198 -0.578112 -0.984779 0.0984929 -0.143211 19.4127 
-0.142577 0.00405503 0.989775 64.704 0.0980092 0.995135 0.0100411 -0.565062 -0.984919 0.0984387 -0.142281 19.1991 
-0.141616 0.00461329 0.989911 66.3253 0.0990681 0.995035 0.00953538 -0.553332 -0.984952 0.0994189 -0.14137 18.9855 
-0.140779 0.0045935 0.99003 67.9914 0.0987574 0.995067 0.00942598 -0.541113 -0.985103 0.0990998 -0.140538 18.7724 
-0.139809 0.00302563 0.990174 69.647 0.10077 0.994847 0.0111884 -0.527494 -0.985037 0.101344 -0.139393 18.5438 
-0.139256 0.00105266 0.990256 71.3439 0.102476 0.994646 0.0133535 -0.516292 -0.98494 0.103337 -0.138619 18.3242 
-0.138174 0.00231337 0.990405 73.0651 0.104052 0.994497 0.0121936 -0.501171 -0.984927 0.104739 -0.137654 18.0852 
-0.137388 0.00403865 0.990509 74.7619 0.106368 0.994269 0.0106997 -0.495998 -0.984789 0.106829 -0.13703 17.8596 
-0.136579 0.00370219 0.990622 76.4779 0.105777 0.99433 0.0108676 -0.485992 -0.984966 0.10627 -0.136196 17.6387 
-0.136654 0.00355734 0.990612 78.2081 0.106154 0.994288 0.0110733 -0.484438 -0.984915 0.106671 -0.136251 17.4309 
-0.136258 0.00248697 0.99067 79.9636 0.106084 0.994284 0.0120948 -0.475065 -0.984977 0.106742 -0.135743 17.2052 
-0.136035 0.00265891 0.9907 81.7368 0.107582 0.994122 0.012104 -0.4676 -0.984845 0.108228 -0.135521 16.9771 
-0.135999 0.00247865 0.990706 83.532 0.108965 0.993967 0.0124713 -0.459622 -0.984698 0.109648 -0.135449 16.7494 
-0.135921 0.00331616 0.990714 85.3522 0.109329 0.993937 0.0116723 -0.454986 -0.984669 0.1099 -0.135459 16.5096 
-0.136534 0.00400484 0.990627 87.1367 0.108722 0.994012 0.0109662 -0.449981 -0.984651 0.109201 -0.136152 16.2902 
-0.137425 0.00473226 0.990501 88.9602 0.10853 0.99404 0.0103085 -0.440413 -0.984548 0.108916 -0.137119 16.0594 
-0.138475 0.00542379 0.990351 90.8123 0.108472 0.994052 0.00972297 -0.435349 -0.984408 0.108772 -0.13824 15.8161 
-0.139166 0.00472066 0.990258 92.6367 0.10779 0.994119 0.010409 -0.429622 -0.984385 0.108188 -0.138856 15.5728 
-0.140136 0.00437563 0.990123 94.4697 0.107952 0.994096 0.0108856 -0.422708 -0.98423 0.108411 -0.139781 15.333 
-0.140304 0.00332075 0.990103 96.2922 0.105537 0.994347 0.0116201 -0.417226 -0.984468 0.106123 -0.139861 15.091 
-0.141326 0.00467645 0.989952 98.1615 0.106182 0.994292 0.0104615 -0.398806 -0.984252 0.106593 -0.141016 14.8276 
-0.143527 0.00545721 0.989631 100.056 0.105163 0.994407 0.00976823 -0.387927 -0.984043 0.105475 -0.143298 14.5653 
-0.147518 0.00623215 0.98904 101.925 0.105556 0.994368 0.00947811 -0.386818 -0.983411 0.105797 -0.147345 14.3091 
-0.151831 0.00516542 0.988393 103.812 0.103795 0.994541 0.0107468 -0.385719 -0.982941 0.104222 -0.151539 14.0423 
-0.156629 0.00437768 0.987648 105.713 0.102317 0.994682 0.0118173 -0.381619 -0.982343 0.102904 -0.156244 13.7655 
-0.161112 0.00517322 0.986923 107.607 0.100937 0.994829 0.0112628 -0.375975 -0.981761 0.101431 -0.160801 13.4846 
-0.165554 0.0069567 0.986176 109.511 0.101707 0.994763 0.0100566 -0.373537 -0.980942 0.101966 -0.165394 13.1915 
-0.169965 0.00858202 0.985413 111.461 0.101144 0.994833 0.00878135 -0.373406 -0.980246 0.101161 -0.169955 12.8751 
-0.174971 0.00900097 0.984532 113.376 0.0999933 0.99495 0.00867452 -0.372922 -0.979483 0.0999644 -0.174988 12.566 
-0.179538 0.00855402 0.983714 115.303 0.0984898 0.995094 0.00932232 -0.377251 -0.978808 0.0985595 -0.179499 12.2381 
-0.184732 0.00787676 0.982757 117.268 0.0966172 0.995269 0.0101843 -0.371275 -0.978028 0.0968327 -0.184619 11.8918 
-0.190167 0.0074454 0.981723 119.237 0.0962188 0.995298 0.0110899 -0.365529 -0.977025 0.0965691 -0.189989 11.5378 
-0.195391 0.00715584 0.980699 121.205 0.0962458 0.995286 0.0119133 -0.360782 -0.975991 0.0967159 -0.195159 11.1708 
-0.200732 0.00892744 0.979605 123.189 0.0968538 0.99524 0.0107764 -0.351115 -0.974847 0.0970417 -0.200641 10.7889 
-0.206022 0.00989548 0.978497 125.17 0.0964137 0.995289 0.0102345 -0.34588 -0.973786 0.0964491 -0.206005 10.4003 
-0.21187 0.00998715 0.977247 127.158 0.0966855 0.995256 0.0107904 -0.338817 -0.972503 0.0967718 -0.211831 9.99865 
-0.217361 0.00992687 0.976041 129.147 0.095766 0.995341 0.0112035 -0.335115 -0.971382 0.0959068 -0.217299 9.59601 
-0.222402 0.010603 0.974897 131.151 0.0952147 0.995397 0.0108952 -0.328507 -0.970294 0.0952477 -0.222388 9.16696 
-0.227533 0.0111532 0.973706 133.193 0.0947714 0.995441 0.0107438 -0.323202 -0.969147 0.0947241 -0.227553 8.73026 
-0.231719 0.0104094 0.972727 135.212 0.0959246 0.995314 0.0121996 -0.316015 -0.968042 0.0961354 -0.231632 8.27305 
-0.235413 0.0103367 0.97184 137.266 0.0980389 0.995095 0.0131642 -0.305541 -0.966938 0.0983773 -0.235272 7.80725 
-0.238729 0.0110888 0.971023 139.287 0.0989696 0.995006 0.0129693 -0.292696 -0.96603 0.0991979 -0.238635 7.33137 
-0.241738 0.0117767 0.97027 141.336 0.0997767 0.994928 0.0127828 -0.284624 -0.965198 0.0999004 -0.241687 6.84164 
-0.244877 0.0114659 0.969486 143.369 0.0990679 0.994992 0.0132554 -0.281383 -0.964479 0.0992909 -0.244787 6.3508 
-0.248902 0.0119593 0.968455 145.431 0.0979641 0.995106 0.0128892 -0.281346 -0.963562 0.0980819 -0.248855 5.85024 
-0.253519 0.0130929 0.967242 147.483 0.0965213 0.995261 0.0118265 -0.263916 -0.962503 0.0963577 -0.253581 5.35412 
-0.258101 0.0123305 0.966039 149.471 0.0953168 0.995365 0.0127614 -0.272222 -0.961404 0.0953735 -0.25808 4.87105 
-0.262571 0.0131002 0.964824 151.543 0.0961044 0.995291 0.0126402 -0.258363 -0.960115 0.0960428 -0.262593 4.34941 
-0.267014 0.0137096 0.963595 153.57 0.0957986 0.995324 0.0123849 -0.254898 -0.958919 0.095618 -0.267079 3.81823 
-0.271231 0.0139435 0.962413 155.625 0.0955724 0.995344 0.0125139 -0.250532 -0.957757 0.0953743 -0.271301 3.26338 
-0.275304 0.0131808 0.961267 157.682 0.095374 0.995348 0.0136666 -0.246995 -0.956615 0.0954424 -0.27528 2.70512 
-0.279435 0.0131197 0.960075 159.734 0.0959248 0.995286 0.0143185 -0.247893 -0.955361 0.096096 -0.279376 2.14819 
-0.28347 0.0138588 0.958881 161.766 0.0973571 0.995145 0.0143982 -0.244577 -0.954026 0.0974353 -0.283443 1.59771 
-0.287065 0.0153784 0.957788 163.829 0.0975512 0.995142 0.0132595 -0.226712 -0.952931 0.0972396 -0.28717 1.01365 
-0.290605 0.0170085 0.956692 165.887 0.0976228 0.995152 0.0119616 -0.222028 -0.95185 0.0968711 -0.290856 0.425521 
-0.293931 0.0181191 0.955655 167.97 0.0982383 0.995098 0.0113482 -0.217621 -0.950765 0.0972175 -0.29427 -0.179831 
-0.297403 0.0187805 0.954567 170.035 0.0978272 0.995144 0.0109 -0.220175 -0.949727 0.0966243 -0.297796 -0.774409 
-0.300503 0.0188995 0.953594 172.141 0.0983031 0.995093 0.0112558 -0.211784 -0.948701 0.0971236 -0.300886 -1.41948 
-0.304146 0.0192759 0.95243 174.183 0.0981838 0.995105 0.0112141 -0.204129 -0.947552 0.0969239 -0.30455 -2.0508 
-0.307756 0.0200524 0.951254 176.266 0.100562 0.994864 0.0115627 -0.20456 -0.946136 0.0992183 -0.308192 -2.69638 
-0.310836 0.0202045 0.950249 178.381 0.102235 0.994684 0.0122927 -0.199851 -0.944949 0.10097 -0.311249 -3.3622 
-0.313281 0.0197852 0.949454 180.494 0.103296 0.994561 0.0133582 -0.19343 -0.944026 0.102259 -0.313621 -4.03497 
-0.315886 0.019339 0.9486 182.613 0.102968 0.994586 0.0140119 -0.182096 -0.943193 0.102101 -0.316167 -4.72357 
-0.318658 0.019804 0.947663 184.72 0.101762 0.994718 0.0134305 -0.176427 -0.942391 0.100715 -0.31899 -5.39712 
-0.321362 0.0217278 0.946707 186.844 0.100896 0.994831 0.0114169 -0.172158 -0.941566 0.0991875 -0.321894 -6.08746 
-0.32422 0.0237929 0.945682 188.98 0.1007 0.994871 0.00949371 -0.168206 -0.940607 0.0983082 -0.324953 -6.79305 
-0.327199 0.024519 0.944637 191.088 0.0998296 0.994966 0.00875313 -0.17598 -0.939667 0.0971668 -0.328 -7.48536 
-0.330389 0.0252272 0.943508 193.192 0.0981992 0.995136 0.00777877 -0.189266 -0.938723 0.0952217 -0.331259 -8.18726 
-0.333956 0.0254071 0.942246 195.3 0.0992312 0.995029 0.00833957 -0.198106 -0.937351 0.0962853 -0.334817 -8.89355 
-0.337825 0.0247921 0.940882 197.359 0.0984958 0.995095 0.00914436 -0.194701 -0.936041 0.0957622 -0.33861 -9.58804 
-0.341406 0.0239119 0.939612 199.515 0.0978322 0.99515 0.0102218 -0.202422 -0.934811 0.095414 -0.34209 -10.3334 
-0.345051 0.0236296 0.938286 201.557 0.0978766 0.995138 0.0109324 -0.205643 -0.933466 0.0956085 -0.345687 -11.0708 
-0.348681 0.0237019 0.936942 203.7 0.0967941 0.995245 0.0108449 -0.208955 -0.93223 0.0944718 -0.349317 -11.8315 
-0.352016 0.0242081 0.935681 205.865 0.0959362 0.995334 0.0103411 -0.211538 -0.931064 0.0934059 -0.352696 -12.6149 
-0.355518 0.0247424 0.934342 208.016 0.0959245 0.995337 0.0101418 -0.224231 -0.929734 0.0932319 -0.356234 -13.364 
-0.358305 0.0254196 0.933258 210.119 0.0966192 0.995271 0.00998622 -0.237483 -0.928592 0.0937488 -0.359067 -14.1427 
-0.360779 0.0250732 0.932314 212.204 0.0980638 0.995117 0.0111856 -0.254757 -0.927482 0.0954618 -0.361476 -14.9103 
-0.363391 0.0242672 0.93132 214.383 0.0988243 0.995025 0.012633 -0.253622 -0.92638 0.0966278 -0.363981 -15.7318 
-0.365977 0.0251637 0.930284 216.57 0.100286 0.994879 0.0125419 -0.248954 -0.925205 0.0978846 -0.366627 -16.5697 
-0.368595 0.0258359 0.929231 218.689 0.0999776 0.994917 0.0119954 -0.257872 -0.924198 0.0973237 -0.369305 -17.3729 
-0.371049 0.0259758 0.92825 220.891 0.0993291 0.994984 0.0118614 -0.254085 -0.923286 0.0966034 -0.371768 -18.227 
-0.373529 0.0274323 0.927213 223.107 0.0990783 0.995024 0.0104752 -0.253265 -0.922312 0.0957795 -0.374388 -19.092 
-0.376298 0.0284728 0.926061 225.19 0.0992263 0.995017 0.00972693 -0.277408 -0.92117 0.0955499 -0.377249 -19.8971 
-0.37861 0.0287 0.925111 227.301 0.0972341 0.995221 0.00891886 -0.273653 -0.920434 0.0933291 -0.379592 -20.7299 
-0.381973 0.0294208 0.923705 229.389 0.0978388 0.995164 0.00876163 -0.304631 -0.91898 0.0937209 -0.383004 -21.5403 
-0.384346 0.0291719 0.922728 231.526 0.0996738 0.994969 0.0100615 -0.307022 -0.917793 0.0958389 -0.38532 -22.3984 
-0.387263 0.0282757 0.921535 233.58 0.0999849 0.994923 0.0114898 -0.310029 -0.916532 0.0965892 -0.388124 -23.2208 
-0.390191 0.0279419 0.92031 235.533 0.0989897 0.995019 0.0117592 -0.320889 -0.915397 0.0956895 -0.391013 -24.024 
-0.392839 0.0282333 0.919174 237.627 0.0976267 0.99516 0.0111566 -0.322266 -0.91441 0.0941187 -0.393694 -24.8845 
-0.396247 0.0279354 0.917719 239.755 0.0962367 0.995295 0.0112557 -0.317436 -0.913086 0.0927782 -0.397071 -25.7717 
-0.399425 0.0273573 0.916358 241.908 0.0957136 0.995336 0.0120047 -0.314548 -0.911756 0.0925029 -0.40018 -26.681 
-0.402534 0.0276939 0.914986 244.094 0.0952994 0.995379 0.0117982 -0.316372 -0.910431 0.0919468 -0.403313 -27.6091 
-0.406008 0.0274662 0.913456 246.262 0.0949166 0.99541 0.0122575 -0.31737 -0.908927 0.0916789 -0.406752 -28.546 
-0.409496 0.026909 0.911915 248.391 0.0940684 0.995483 0.0128664 -0.32173 -0.907449 0.0910511 -0.410177 -29.4719 
-0.413381 0.0270012 0.910158 250.547 0.0932278 0.995562 0.0128077 -0.3209 -0.905773 0.0901465 -0.414063 -30.4091 
-0.416843 0.0280168 0.908546 252.722 0.0937839 0.995516 0.0123295 -0.309909 -0.904127 0.0903465 -0.417602 -31.3719 
-0.42021 0.0287354 0.906972 254.898 0.0943069 0.995469 0.0121541 -0.310291 -0.902513 0.090641 -0.421016 -32.3331 
-0.423787 0.0287864 0.905304 257.033 0.0940021 0.995495 0.0123495 -0.304194 -0.900871 0.0903341 -0.424584 -33.2869 
-0.42742 0.0293507 0.903576 259.164 0.0925795 0.995639 0.0114518 -0.302386 -0.8993 0.0885474 -0.428274 -34.2548 
-0.431076 0.0295533 0.901831 261.337 0.092964 0.995599 0.0118106 -0.303379 -0.897514 0.0889291 -0.431926 -35.2537 
-0.434115 0.0302826 0.900348 263.491 0.0936416 0.995538 0.0116663 -0.294506 -0.895977 0.0893746 -0.435014 -36.2688 
-0.43832 0.0316719 0.898261 265.624 0.0949308 0.99542 0.0112252 -0.284357 -0.893792 0.0901928 -0.43932 -37.1946 
-0.441558 0.0338868 0.896592 267.757 0.0973392 0.995198 0.0103245 -0.285515 -0.891937 0.0918325 -0.442736 -38.2132 
-0.444057 0.0347606 0.895324 269.886 0.0987219 0.995061 0.0103306 -0.284566 -0.890543 0.0929755 -0.445296 -39.2278 
-0.446615 0.0370921 0.893957 272.03 0.100431 0.994904 0.00889399 -0.278016 -0.889072 0.0937531 -0.448065 -40.2618 
-0.449448 0.0397075 0.892424 274.099 0.102229 0.994735 0.00722542 -0.271827 -0.887438 0.094479 -0.45114 -41.2216 
-0.452365 0.0403869 0.890918 276.209 0.103702 0.994579 0.00756898 -0.295762 -0.885783 0.0958143 -0.454101 -42.2229 
-0.45536 0.0412221 0.889353 278.394 0.103693 0.994585 0.00699216 -0.295746 -0.884248 0.0954032 -0.457168 -43.3093 
-0.458948 0.0412421 0.887505 280.628 0.102805 0.994677 0.00694023 -0.298876 -0.882495 0.0944253 -0.460745 -44.413 
-0.462333 0.0426654 0.885679 282.791 0.10369 0.99459 0.00621535 -0.30517 -0.880623 0.0947098 -0.464256 -45.5037 
-0.465463 0.0432339 0.884011 284.949 0.103159 0.994649 0.00567217 -0.3061 -0.879035 0.0938342 -0.467432 -46.6086 
-0.468025 0.0430358 0.882667 287.105 0.101529 0.994818 0.00533046 -0.314527 -0.877864 0.0921107 -0.469969 -47.7109 
-0.470506 0.0434882 0.881324 289.278 0.103295 0.994632 0.00606579 -0.327397 -0.87633 0.0938902 -0.472472 -48.8174 
-0.473255 0.0436012 0.879846 291.42 0.105055 0.99444 0.00722739 -0.345775 -0.874639 0.0958528 -0.475204 -49.8736 
-0.475487 0.0439867 0.878622 293.543 0.106388 0.994294 0.00779678 -0.354592 -0.873266 0.0971823 -0.477453 -50.9714 
-0.477958 0.043634 0.877298 295.699 0.10656 0.994269 0.00860315 -0.375094 -0.871895 0.0975972 -0.479869 -52.0416 
-0.480604 0.0433304 0.875867 297.946 0.10732 0.994177 0.0097048 -0.397827 -0.870346 0.098662 -0.482456 -53.1781 
-0.483199 0.0438086 0.874414 300.111 0.109248 0.993958 0.0105725 -0.401865 -0.868668 0.100637 -0.485065 -54.3202 
-0.485226 0.043935 0.873284 302.306 0.109733 0.9939 0.0109683 -0.387077 -0.867476 0.101151 -0.487087 -55.4959 
-0.486985 0.0450069 0.87225 304.587 0.109331 0.993957 0.00975365 -0.377838 -0.866541 0.100114 -0.488963 -56.7129 
-0.489319 0.0476523 0.870802 306.82 0.109293 0.993985 0.00702067 -0.370514 -0.865229 0.0986082 -0.491583 -57.9373 
-0.492737 0.0471689 0.868899 308.979 0.107926 0.994132 0.0072356 -0.376196 -0.863459 0.0973422 -0.494937 -59.1037 
-0.497123 0.0451444 0.866505 311.193 0.105405 0.994392 0.00866476 -0.375225 -0.861254 0.0956415 -0.499093 -60.3203 
-0.501847 0.0428457 0.863894 313.481 0.103371 0.994585 0.0107219 -0.372628 -0.858757 0.0946823 -0.503559 -61.6045 
-0.506272 0.0418896 0.861356 315.758 0.102587 0.994652 0.0119246 -0.362031 -0.85625 0.0944011 -0.507862 -62.9007 
-0.510762 0.0417665 0.858707 318.04 0.10249 0.994654 0.0125826 -0.35304 -0.853591 0.0944359 -0.512312 -64.1978 
-0.514702 0.0429735 0.856292 320.342 0.104657 0.994423 0.0130014 -0.343674 -0.850958 0.0963085 -0.516329 -65.5542 
-0.518155 0.0436534 0.854172 322.492 0.105622 0.994318 0.0132566 -0.339046 -0.84874 0.0970887 -0.519822 -66.8667 
-0.521756 0.0437389 0.851973 324.752 0.106566 0.994204 0.0142211 -0.323766 -0.846413 0.0982112 -0.523393 -68.2109 
-0.525541 0.0421201 0.849725 327.007 0.106128 0.994218 0.0163563 -0.31657 -0.844123 0.0987759 -0.526973 -69.5636 
-0.529566 0.0405136 0.847301 329.27 0.104604 0.994354 0.0178332 -0.303415 -0.841794 0.0980753 -0.530814 -70.9308 
-0.533295 0.0402514 0.844971 331.536 0.103239 0.994498 0.0177838 -0.279882 -0.839606 0.096718 -0.534516 -72.3108 
-0.53744 0.040123 0.842347 333.793 0.103386 0.994467 0.0185939 -0.265095 -0.836941 0.0970798 -0.538614 -73.6956 
-0.541308 0.039731 0.839885 336.027 0.103804 0.994399 0.0198615 -0.246952 -0.834392 0.0979348 -0.5424 -75.0951 
-0.545403 0.0390516 0.837263 338.19 0.103903 0.994359 0.0213049 -0.233874 -0.831709 0.0986142 -0.546385 -76.4788 
-0.54921 0.0377287 0.834832 340.435 0.101981 0.99454 0.0221438 -0.210705 -0.829438 0.0972987 -0.550059 -77.9001 
-0.552526 0.0367975 0.832683 342.644 0.101031 0.994615 0.0230855 -0.181261 -0.82735 0.0968823 -0.553268 -79.3304 
-0.555019 0.0362044 0.831049 344.848 0.10114 0.994577 0.0242184 -0.149675 -0.825666 0.0974944 -0.555671 -80.7711 
-0.557788 0.0354944 0.829224 347.035 0.0988393 0.994816 0.023903 -0.116466 -0.824077 0.0952928 -0.558405 -82.2081 
-0.560502 0.0347255 0.827424 349.253 0.0956125 0.995153 0.0230037 -0.087728 -0.822615 0.0920058 -0.561106 -83.6578 
-0.563441 0.0342122 0.825448 351.39 0.0925337 0.995469 0.0219034 -0.0609686 -0.820958 0.088723 -0.564053 -85.0924 
-0.56613 0.0316063 0.82371 353.602 0.0899663 0.995664 0.0236288 -0.02357 -0.819392 0.0874831 -0.566519 -86.5461 
-0.569785 0.0311422 0.821203 355.789 0.0907087 0.995559 0.0251833 0.0157305 -0.816772 0.0888394 -0.57008 -88.0038 
-0.572563 0.0313108 0.819263 357.988 0.0903202 0.995597 0.0250726 0.04665 -0.814871 0.0883517 -0.57287 -89.4984 
-0.575681 0.0302319 0.817115 360.135 0.0881684 0.995785 0.0252747 0.0795309 -0.812907 0.086594 -0.57592 -90.9751 
-0.578599 0.0267821 0.815172 362.337 0.0861703 0.995874 0.0284436 0.117717 -0.811048 0.0867011 -0.578519 -92.4845 
-0.581387 0.0242627 0.813265 364.56 0.0834486 0.996062 0.0299395 0.161067 -0.809337 0.0852723 -0.581122 -94.0241 
-0.584467 0.0233714 0.811081 366.746 0.0818105 0.996189 0.0302476 0.212278 -0.807282 0.0840337 -0.584152 -95.5465 
-0.587169 0.0237535 0.809116 368.89 0.0815691 0.996218 0.0299477 0.25753 -0.805344 0.0835832 -0.586886 -97.0665 
-0.589805 0.0229458 0.807219 371.092 0.0809924 0.996237 0.0308593 0.30495 -0.803473 0.0835796 -0.589444 -98.6186 
-0.592493 0.022592 0.805258 373.294 0.0806912 0.996244 0.0314207 0.358969 -0.801524 0.0835938 -0.592091 -100.179 
-0.595062 0.0212113 0.803399 375.491 0.0775982 0.996497 0.0311659 0.407445 -0.799924 0.080888 -0.594624 -101.75 
-0.597356 0.0176214 0.801782 377.603 0.0673692 0.997327 0.0282733 0.442889 -0.799141 0.0709047 -0.596947 -103.316 
-0.600533 0.0208934 0.799327 379.786 0.0600626 0.998013 0.019038 0.480763 -0.797341 0.0594426 -0.600595 -104.906 
-0.602791 0.0309473 0.797299 381.925 0.0703474 0.997418 0.0144706 0.502648 -0.794792 0.0648106 -0.603411 -106.492 
-0.603566 0.0323241 0.796657 384.073 0.0781125 0.996768 0.0187362 0.536298 -0.793477 0.0735374 -0.604141 -108.081 
-0.605501 0.0228209 0.795517 386.242 0.0769346 0.996586 0.0299692 0.581237 -0.792117 0.0793492 -0.605189 -109.705 
-0.608424 0.012811 0.793509 388.501 0.0714336 0.996695 0.0386804 0.672361 -0.790391 0.0802173 -0.607328 -111.352 
-0.611679 0.00730452 0.791072 390.616 0.0655985 0.996982 0.0415168 0.755386 -0.788381 0.0772881 -0.610312 -112.92 
-0.614541 0.00652571 0.788858 392.764 0.0643304 0.99705 0.041867 0.829202 -0.786258 0.0764766 -0.613148 -114.523 
-0.617025 0.0114646 0.78686 394.855 0.06959 0.996771 0.0400467 0.883784 -0.783861 0.0794674 -0.615831 -116.105 
-0.618762 0.0178372 0.785376 396.794 0.0740083 0.996619 0.035673 0.918692 -0.782084 0.0801974 -0.617991 -117.599 
-0.621263 0.0206301 0.78333 398.94 0.074751 0.996655 0.033037 0.989834 -0.780028 0.0790795 -0.620727 -119.254 
-0.624337 0.0210065 0.780873 401.041 0.0751882 0.996613 0.0333054 1.03548 -0.777528 0.0795062 -0.623802 -120.879 
-0.627165 0.0200252 0.778629 403.157 0.0754392 0.996531 0.0351349 1.08804 -0.775225 0.0807745 -0.6265 -122.525 
-0.628531 0.0195987 0.777538 405.459 0.0764043 0.996403 0.0366467 1.17611 -0.774023 0.0824408 -0.627767 -124.421 
-0.630225 0.0201389 0.776151 407.612 0.0771097 0.996345 0.0367598 1.25475 -0.772574 0.0830158 -0.629474 -126.123 
-0.631675 0.0203079 0.774967 409.92 0.0773283 0.996322 0.0369218 1.31315 -0.771367 0.0832495 -0.630922 -127.954 
-0.633462 0.0207009 0.773496 412.055 0.0774903 0.996314 0.0367972 1.38849 -0.769884 0.0832481 -0.632731 -129.644 
-0.6353 0.0199489 0.772007 413.985 0.0787647 0.996127 0.0390767 1.43323 -0.768238 0.0856324 -0.634411 -131.168 
-0.635975 0.0190825 0.771474 416.06 0.0809331 0.995831 0.0420862 1.47596 -0.767454 0.0892035 -0.634867 -132.843 
-0.636918 0.0186974 0.770705 418.216 0.0822437 0.995649 0.0438123 1.57343 -0.766532 0.0912905 -0.635684 -134.596 
-0.637742 0.0180684 0.770038 420.383 0.0836081 0.995442 0.0458864 1.66334 -0.765699 0.0936451 -0.636345 -136.387 
-0.639003 0.0180532 0.768992 422.168 0.0796318 0.995905 0.0427906 1.6897 -0.765071 0.0885796 -0.637824 -137.838 
-0.640115 0.017107 0.768088 424.082 0.0762767 0.996228 0.0413799 1.75736 -0.764483 0.0850752 -0.639005 -139.41 
-0.641344 0.0160328 0.767086 426.188 0.0753885 0.99626 0.0422079 1.82686 -0.763541 0.0848993 -0.640154 -141.081 
-0.642235 0.0143907 0.766373 428.274 0.0726129 0.996469 0.0421395 1.90974 -0.763061 0.082712 -0.641012 -142.774 
-0.64307 0.0136566 0.765685 430.336 0.0701709 0.996685 0.0411572 1.9837 -0.762585 0.0801958 -0.641897 -144.463 
-0.644034 0.0131461 0.764883 432.396 0.0691545 0.996759 0.0410969 2.06163 -0.761864 0.079363 -0.642856 -146.142 
-0.644305 0.0119321 0.764675 434.459 0.0699501 0.996606 0.0433877 2.13923 -0.761562 0.081444 -0.642954 -147.834 
-0.644261 0.0099922 0.76474 436.532 0.0714431 0.996329 0.0471695 2.22474 -0.761462 0.085025 -0.642609 -149.534 
-0.642405 0.00884004 0.766314 438.621 0.0762512 0.995709 0.0524355 2.32883 -0.762562 0.0921172 -0.640323 -151.266 
-0.64074 0.00799694 0.767716 440.658 0.080263 0.995164 0.0566218 2.44019 -0.763551 0.0978991 -0.638284 -152.955 
-0.639086 0.00577669 0.769114 442.714 0.0744941 0.995735 0.0544211 2.55399 -0.765519 0.0920742 -0.636791 -154.615 
-0.637939 0.00530628 0.770069 444.787 0.0671984 0.996545 0.0488014 2.66074 -0.76715 0.0828797 -0.636091 -156.284 
-0.63614 0.00315539 0.771567 446.868 0.0622888 0.996938 0.0472786 2.75203 -0.769055 0.0781359 -0.634388 -157.943 
-0.633287 0.00289781 0.773912 448.917 0.0604855 0.997119 0.0457612 2.84242 -0.77155 0.0757904 -0.631638 -159.583 
-0.63023 0.00324558 0.776401 450.995 0.0621849 0.99699 0.0463097 2.92743 -0.773914 0.0774663 -0.628535 -161.242 
-0.626843 0.00317449 0.779139 453.086 0.0627026 0.996954 0.0463843 3.02306 -0.776619 0.0779297 -0.625132 -162.917 
-0.624679 0.00378205 0.780873 455.183 0.0597395 0.997289 0.0429598 3.10346 -0.778593 0.0734851 -0.623211 -164.536 
-0.62341 -0.000592937 0.781895 457.289 0.0532141 0.997649 0.0431844 3.181 -0.780082 0.0685294 -0.621913 -166.161 
-0.622106 -0.00659476 0.782905 459.418 0.044389 0.998059 0.0436791 3.26745 -0.781673 0.0619255 -0.620606 -167.815 
-0.621757 -0.00976938 0.783149 461.542 0.0375583 0.9984 0.0422727 3.34673 -0.782309 0.0556972 -0.620395 -169.44 
-0.620582 -0.0102531 0.784075 463.656 0.0358756 0.998496 0.0414518 3.42539 -0.783321 0.0538534 -0.619281 -171.075 
-0.619327 -0.0104486 0.785064 465.749 0.0375849 0.99837 0.0429377 3.49637 -0.784233 0.056099 -0.617925 -172.673 
-0.61822 -0.0119567 0.785914 467.888 0.038997 0.998186 0.0458621 3.57358 -0.785037 0.0590012 -0.616633 -174.304 
-0.616219 -0.0142608 0.787445 469.949 0.0375032 0.99817 0.0474253 3.65761 -0.786681 0.0587561 -0.614557 -175.887 
-0.615432 -0.0145435 0.788055 472.055 0.0350823 0.998333 0.0458216 3.74763 -0.787409 0.0558469 -0.613896 -177.476 
-0.614316 -0.0133797 0.788946 474.156 0.0340603 0.998475 0.0434543 3.83326 -0.788324 0.0535664 -0.612923 -179.049 
-0.613039 -0.0120269 0.789961 476.244 0.034919 0.998494 0.0423001 3.91043 -0.78928 0.0535163 -0.611696 -180.626 
-0.611613 -0.0114766 0.791074 478.356 0.0372265 0.99837 0.0432653 3.9845 -0.790281 0.0559105 -0.610189 -182.187 
-0.609411 -0.0113651 0.792773 480.482 0.0392481 0.998239 0.0444809 4.07269 -0.791883 0.058222 -0.607891 -183.817 
-0.608455 -0.0114141 0.793506 482.604 0.0396454 0.998211 0.0447584 4.15614 -0.792598 0.0586923 -0.606913 -185.397 
-0.606682 -0.0124092 0.794847 484.731 0.0390359 0.998207 0.0453789 4.23814 -0.793985 0.0585582 -0.60511 -187.002 
-0.605921 -0.0130819 0.795417 486.812 0.0388804 0.998183 0.0460343 4.33197 -0.794574 0.0588193 -0.604311 -188.534 
-0.604265 -0.0139095 0.796662 488.946 0.0387172 0.998154 0.0467942 4.42468 -0.795842 0.0591206 -0.60261 -190.136 
-0.603822 -0.0134626 0.797005 491.031 0.0375689 0.998266 0.0453248 4.49946 -0.796233 0.0573107 -0.602269 -191.638 
-0.602905 -0.0117882 0.797726 493.209 0.0384045 0.998303 0.0437774 4.59157 -0.796888 0.0570298 -0.601429 -193.266 
-0.602239 -0.0121087 0.798224 495.346 0.039087 0.998238 0.0446329 4.67123 -0.797358 0.0580799 -0.600705 -194.821 
-0.602118 -0.0136291 0.798291 497.427 0.0379369 0.998236 0.0456569 4.75006 -0.797506 0.0577755 -0.600539 -196.286 
-0.60225 -0.0149857 0.798167 499.592 0.0365627 0.998257 0.0463305 4.83892 -0.79747 0.0570857 -0.600652 -197.865 
-0.60231 -0.0152976 0.798116 501.609 0.0361855 0.998265 0.0464418 4.93379 -0.797442 0.0568526 -0.600711 -199.369 
-0.602102 -0.0143981 0.798289 503.716 0.0371342 0.99825 0.0460128 5.01874 -0.797555 0.0573482 -0.600514 -200.928 
-0.601889 -0.0138388 0.79846 505.82 0.0377605 0.998238 0.0457656 5.10309 -0.797687 0.0576961 -0.600306 -202.476 
-0.601235 -0.0153831 0.798924 507.473 0.0374512 0.998173 0.0474037 5.16341 -0.798194 0.0584214 -0.599561 -203.876 
-0.601014 -0.0172884 0.799051 509.581 0.0363237 0.998142 0.0489172 5.26 -0.798412 0.0584244 -0.59927 -205.43 
-0.600126 -0.0176276 0.799711 511.556 0.035888 0.998157 0.0489332 5.33809 -0.7991 0.0580661 -0.598388 -206.949 
-0.599995 -0.0181087 0.799799 513.644 0.0345522 0.998224 0.0485217 5.4291 -0.799257 0.0567476 -0.598304 -208.499 
-0.599661 -0.0172717 0.800068 515.675 0.0351401 0.998234 0.0478875 5.51067 -0.799482 0.0568307 -0.597995 -210.004 
-0.599351 -0.0168664 0.800308 517.79 0.0358474 0.998209 0.0478831 5.59279 -0.799683 0.0573878 -0.597674 -211.54 
-0.598373 -0.0174335 0.801028 519.869 0.0355078 0.998204 0.0482493 5.68981 -0.80043 0.0573138 -0.596679 -213.077 
-0.597372 -0.0171001 0.801782 521.907 0.0351405 0.998254 0.0474719 5.77733 -0.801194 0.0565334 -0.595728 -214.627 
-0.596797 -0.0168374 0.802216 523.804 0.0347906 0.998297 0.0468347 5.85931 -0.801638 0.0558604 -0.595194 -216.075 
-0.596994 -0.0175354 0.802054 525.94 0.0347019 0.998261 0.0476548 5.95153 -0.801495 0.0562824 -0.595347 -217.594 
-0.597062 -0.0188646 0.801973 528.093 0.0341799 0.998217 0.0489274 6.04412 -0.801466 0.0566241 -0.595353 -219.128 
-0.596458 -0.0201996 0.80239 530.222 0.0342471 0.998132 0.0505848 6.13674 -0.801913 0.0576513 -0.594652 -220.676 
-0.596467 -0.0194482 0.802402 532.383 0.0344791 0.998163 0.0498231 6.23199 -0.801896 0.057384 -0.594701 -222.217 
-0.595415 -0.0180621 0.803215 534.264 0.0360308 0.998141 0.0491547 6.31983 -0.80261 0.0582079 -0.593658 -223.697 
-0.592929 -0.0154886 0.805106 535.675 0.0393434 0.998064 0.0481756 6.39229 -0.804293 0.0602403 -0.591172 -225.073 
-0.590428 -0.0129213 0.806986 537.09 0.0426527 0.997975 0.0471861 6.46373 -0.805962 0.0622802 -0.588682 -226.443 
-0.589986 -0.0133851 0.807302 539.024 0.0419252 0.998006 0.0471863 6.54497 -0.806324 0.0616856 -0.588248 -227.901 
-0.589852 -0.0128156 0.80741 541.196 0.0419914 0.998034 0.046518 6.63188 -0.806419 0.061343 -0.588154 -229.454 
-0.590214 -0.0143793 0.807118 543.325 0.0413533 0.99799 0.0480198 6.71315 -0.806187 0.061719 -0.588433 -230.953 
-0.590151 -0.0160208 0.807134 545.506 0.0407549 0.997937 0.0496067 6.81342 -0.806263 0.0621701 -0.588281 -232.515 
-0.5902 -0.0171662 0.807074 547.57 0.0396904 0.997948 0.0502509 6.91087 -0.806281 0.0616911 -0.588307 -233.99 
-0.590841 -0.0156932 0.806635 549.742 0.0392608 0.998067 0.048175 7.00518 -0.805832 0.060133 -0.589083 -235.535 
-0.591175 -0.013576 0.806429 551.815 0.0391373 0.998198 0.045495 7.08988 -0.805593 0.058457 -0.589578 -236.995 
-0.590752 -0.0130426 0.806748 553.848 0.039642 0.998193 0.045166 7.1707 -0.805879 0.058663 -0.589167 -238.481 
-0.590214 -0.014932 0.807109 555.936 0.0403063 0.998037 0.047939 7.25357 -0.80624 0.0608259 -0.588453 -240.015 
-0.590331 -0.0162709 0.806997 558.11 0.04094 0.997906 0.0500682 7.34115 -0.806123 0.0625953 -0.588429 -241.56 
-0.590053 -0.0153804 0.807218 560.271 0.041525 0.997917 0.0493675 7.44372 -0.806296 0.0626492 -0.588185 -243.114 
-0.589969 -0.0147849 0.807291 562.452 0.0418397 0.997929 0.0488527 7.53929 -0.806341 0.0625984 -0.588129 -244.647 
-0.589773 -0.0137767 0.807452 564.546 0.0427028 0.997924 0.0482171 7.62897 -0.806439 0.0629176 -0.58796 -246.12 
-0.589105 -0.0135222 0.807943 566.709 0.0443193 0.997814 0.049015 7.72594 -0.80684 0.0646825 -0.587218 -247.68 
-0.588885 -0.0144846 0.808087 568.89 0.0448789 0.997711 0.0505885 7.81692 -0.80697 0.0660569 -0.586887 -249.207 
-0.588229 -0.0154735 0.808546 571.12 0.0442237 0.997705 0.0512669 7.92744 -0.807484 0.0659136 -0.586195 -250.813 
-0.588335 -0.0150844 0.808477 573.298 0.0447191 0.997689 0.051157 8.02808 -0.80738 0.0662518 -0.5863 -252.347 
-0.588156 -0.0145214 0.808617 575.455 0.0460314 0.997617 0.0513969 8.12639 -0.807436 0.0674512 -0.586086 -253.87 
-0.588015 -0.015363 0.808704 577.764 0.0462476 0.997545 0.0525773 8.25138 -0.807527 0.0683169 -0.585861 -255.447 
-0.587903 -0.0164668 0.808764 579.994 0.0447134 0.997603 0.0528145 8.37033 -0.807695 0.0672124 -0.585757 -256.999 
-0.587887 -0.0178167 0.808747 582.234 0.0430709 0.99765 0.0532869 8.47959 -0.807796 0.0661601 -0.585738 -258.552 
-0.587696 -0.0168648 0.808906 584.445 0.0433945 0.997687 0.0523281 8.58797 -0.807917 0.0658551 -0.585605 -260.091 
-0.587566 -0.0154008 0.80903 586.585 0.0450264 0.997647 0.0516921 8.69197 -0.807923 0.0668002 -0.58549 -261.597 
-0.586588 -0.0144625 0.809756 588.718 0.0460439 0.997628 0.051172 8.79038 -0.808576 0.0673012 -0.58453 -263.107 
-0.585737 -0.0152136 0.810358 590.792 0.0462966 0.997563 0.0521918 8.87271 -0.809178 0.0680875 -0.583605 -264.548 
-0.585526 -0.016214 0.810491 592.9 0.0465341 0.997479 0.0535724 8.97326 -0.809317 0.0690836 -0.583296 -265.989 
-0.585186 -0.0148922 0.810762 595.042 0.04702 0.997526 0.0522605 9.0769 -0.809534 0.0687042 -0.583038 -267.484 
-0.584526 -0.0153197 0.81123 597.267 0.0462851 0.997564 0.0521888 9.18306 -0.810054 0.0680536 -0.582393 -269.054 
-0.584013 -0.0155079 0.811596 599.531 0.045638 0.997609 0.0519025 9.29797 -0.81046 0.0673514 -0.581909 -270.599 
-0.583186 -0.0161689 0.812178 601.665 0.0451714 0.997609 0.0522958 9.39738 -0.811082 0.0671854 -0.581062 -272.067 
-0.583038 -0.0166461 0.812274 603.577 0.044684 0.99762 0.0525179 9.4755 -0.811215 0.0669156 -0.580906 -273.279 
-0.582694 -0.0179372 0.812493 605.751 0.0430687 0.99767 0.0529128 9.57857 -0.811549 0.0658251 -0.580564 -274.788 
-0.581746 -0.0183341 0.813164 607.918 0.0420479 0.997731 0.0525769 9.68588 -0.812283 0.0647782 -0.579655 -276.304 
-0.580408 -0.0187501 0.81411 610.076 0.0411734 0.99778 0.0523342 9.79965 -0.813284 0.0638948 -0.578347 -277.824 
-0.580605 -0.0184306 0.813976 612.248 0.0425495 0.997691 0.0529407 9.90205 -0.813073 0.0653719 -0.57848 -279.321 
-0.58021 -0.0196194 0.81423 614.393 0.0428679 0.997588 0.0545846 10.0129 -0.813338 0.0665749 -0.57797 -280.827 
-0.580575 -0.0207868 0.813941 616.372 0.0419445 0.997583 0.0553953 10.0856 -0.813125 0.0663015 -0.5783 -282.099 
-0.580546 -0.0200614 0.81398 618.541 0.0411745 0.997694 0.0539555 10.1949 -0.813186 0.0648389 -0.578381 -283.601 
-0.58075 -0.0202303 0.81383 620.69 0.0386927 0.997875 0.0524165 10.2906 -0.813162 0.0619302 -0.578734 -285.077 
-0.58078 -0.0186272 0.813848 622.897 0.0392666 0.997933 0.050862 10.4159 -0.813113 0.0614967 -0.578848 -286.632 
-0.581183 -0.0186102 0.81356 625.03 0.0393562 0.997926 0.0509424 10.5208 -0.81282 0.0616256 -0.579246 -288.1 
-0.580704 -0.0193465 0.813885 627.205 0.0398305 0.997845 0.0521382 10.6242 -0.81314 0.0626943 -0.578682 -289.631 
-0.58047 -0.0201737 0.814031 629.383 0.0401592 0.997767 0.0533638 10.7307 -0.813291 0.063667 -0.578364 -291.153 
-0.579929 -0.0204584 0.81441 631.556 0.0405056 0.997724 0.0539067 10.8414 -0.813659 0.0642503 -0.577781 -292.66 
-0.580194 -0.0198253 0.814237 634.023 0.0404625 0.997768 0.053126 10.9835 -0.813472 0.0637694 -0.578097 -294.312 
-0.579996 -0.0191683 0.814394 636.221 0.0405865 0.997802 0.05239 11.0867 -0.813608 0.0634394 -0.577943 -295.829 
-0.580466 -0.0191689 0.814059 638.126 0.0406219 0.997796 0.0524609 11.2207 -0.81327 0.0635204 -0.578408 -296.946 
-0.580207 -0.0195825 0.814233 640.316 0.0405013 0.99778 0.0528572 11.3326 -0.813461 0.0636457 -0.578126 -298.446 
-0.579863 -0.0199332 0.81447 642.464 0.0399959 0.997799 0.052895 11.4432 -0.813732 0.0632473 -0.577789 -299.936 
-0.579056 -0.0202531 0.815036 644.598 0.0396523 0.997809 0.0529664 11.5403 -0.814323 0.0629886 -0.576984 -301.418 
-0.579171 -0.0191184 0.814982 646.756 0.0398793 0.997863 0.0517489 11.6361 -0.81423 0.0624724 -0.577171 -302.896 
-0.578534 -0.0195049 0.815425 648.94 0.0396561 0.997859 0.0520042 11.746 -0.814693 0.0624228 -0.576522 -304.4 
-0.577193 -0.0198649 0.816366 651.118 0.0403739 0.997787 0.052825 11.8521 -0.815609 0.0634502 -0.575114 -305.922 
-0.576663 -0.0198273 0.816742 653.316 0.0407574 0.997762 0.0529986 11.9554 -0.815965 0.0638506 -0.574564 -307.432 
-0.576473 -0.0192536 0.816889 655.404 0.0404173 0.997827 0.0520404 12.0548 -0.816116 0.0630163 -0.574442 -308.859 
-0.576449 -0.0189595 0.816913 657.482 0.0407656 0.997819 0.051924 12.1271 -0.816116 0.0632335 -0.574419 -310.266 
-0.575669 -0.0190034 0.817462 659.535 0.0415426 0.997759 0.0524496 12.2154 -0.816627 0.0641531 -0.573589 -311.702 
