1 -4.23778e-08 4.22719e-08 0 -4.23778e-08 1 -4.19404e-08 0 4.22719e-08 -4.19404e-08 1 0 
0.999995 -0.00281651 -0.00158285 -0.0149888 0.00282131 0.999991 0.00309231 -0.0231028 0.00157421 -0.00309685 0.999994 1.53338 
0.99999 -0.00337738 -0.00303547 -0.0410091 0.00338933 0.999986 0.00396746 -0.0406705 0.00302211 -0.00397779 0.999987 3.05464 
0.999987 -0.0023831 -0.0045857 -0.0682631 0.00239992 0.99999 0.00368535 -0.0560657 0.00457696 -0.00369639 0.999983 4.56153 
0.999979 -0.00195602 -0.00618242 -0.105718 0.00197757 0.999992 0.00349512 -0.0710102 0.00617562 -0.00350735 0.999975 6.08917 
0.99997 -0.00206831 -0.00745348 -0.143035 0.00209577 0.999991 0.00368858 -0.0831414 0.00744587 -0.00370417 0.999965 7.59029 
0.999954 -0.00236356 -0.00933432 -0.173164 0.00240112 0.999989 0.00402399 -0.100032 0.00932479 -0.00404631 0.999948 9.09487 
0.999926 -0.0042897 -0.0113502 -0.201012 0.0043281 0.999985 0.00336762 -0.119114 0.0113357 -0.00341658 0.99993 10.6017 
0.999902 -0.00554204 -0.0128835 -0.242925 0.00559032 0.999977 0.00372037 -0.136512 0.0128627 -0.00379211 0.99991 12.1159 
0.999884 -0.00523068 -0.0143115 -0.283986 0.00528308 0.999979 0.00363177 -0.150232 0.0142923 -0.00370705 0.999891 13.6203 
0.999866 -0.00486649 -0.0156554 -0.318761 0.00492291 0.999981 0.0035724 -0.16556 0.0156378 -0.00364907 0.999871 15.0973 
0.999857 -0.00358706 -0.0164983 -0.361736 0.00365331 0.999985 0.00399256 -0.179007 0.0164839 -0.00405235 0.999856 16.5929 
0.99985 -0.00189289 -0.0171866 -0.409354 0.00197317 0.999987 0.00466037 -0.19328 0.0171777 -0.00469367 0.999841 18.0798 
0.999839 -0.00098783 -0.0179088 -0.451702 0.00108857 0.999984 0.00562079 -0.215101 0.0179031 -0.00563947 0.999824 19.581 
0.999826 -0.00142476 -0.0186071 -0.496591 0.00152886 0.999983 0.00558625 -0.231384 0.0185989 -0.00561381 0.999811 21.0371 
0.999812 -0.000801806 -0.019347 -0.542433 0.000914613 0.999983 0.0058269 -0.246413 0.0193421 -0.00584359 0.999796 22.5193 
0.999809 -0.00034403 -0.0195453 -0.590362 0.000466782 0.99998 0.00628048 -0.256997 0.0195429 -0.00628849 0.999789 23.992 
0.999807 0.000343101 -0.0196256 -0.637371 -0.000195907 0.999972 0.00750579 -0.271132 0.0196277 -0.00750059 0.999779 25.4443 
0.999804 0.00053006 -0.0197767 -0.683219 -0.000408485 0.999981 0.0061552 -0.280323 0.0197796 -0.006146 0.999785 26.9225 
0.999803 0.000963335 -0.0198254 -0.729964 -0.000883407 0.999991 0.0040442 -0.292633 0.0198292 -0.00402597 0.999795 28.3534 
0.99981 -0.000759357 -0.019468 -0.778796 0.000832712 0.999992 0.00376443 -0.304652 0.0194651 -0.00378002 0.999803 29.7848 
0.999805 -0.00173313 -0.0196845 -0.817097 0.00185938 0.999978 0.00640165 -0.316183 0.019673 -0.00643708 0.999786 31.2234 
0.999795 -0.00322925 -0.0199656 -0.851433 0.00338165 0.999965 0.00760819 -0.327089 0.0199404 -0.00767424 0.999772 32.6752 
0.999795 -0.00385993 -0.0198695 -0.895823 0.00399938 0.999968 0.0069878 -0.338158 0.019842 -0.00706591 0.999778 34.0848 
0.9998 -0.003651 -0.0196527 -0.94059 0.00375281 0.99998 0.00515033 -0.352235 0.0196336 -0.00522313 0.999794 35.4718 
0.99981 -0.0025599 -0.0192986 -0.985591 0.00264019 0.999988 0.00414054 -0.363016 0.0192879 -0.00419079 0.999805 36.857 
0.999827 -0.00177393 -0.0185136 -1.0308 0.00183461 0.999993 0.00326565 -0.380753 0.0185078 -0.00329914 0.999823 38.2158 
0.999851 -0.00109601 -0.0172179 -1.07699 0.00117056 0.99999 0.00432511 -0.39861 0.0172131 -0.00434471 0.999842 39.5758 
0.999874 -0.000502902 -0.0158683 -1.11658 0.000602551 0.99998 0.0062809 -0.412596 0.0158649 -0.00628975 0.999854 40.9105 
0.999894 -0.00110685 -0.0145147 -1.14688 0.00121128 0.999973 0.00719372 -0.426642 0.0145065 -0.00721063 0.999869 42.2387 
0.999923 -0.000590611 -0.0124248 -1.17805 0.000686641 0.99997 0.00773281 -0.438084 0.01242 -0.00774083 0.999893 43.5385 
0.999957 -0.00103342 -0.00924196 -1.20393 0.00109942 0.999974 0.00714843 -0.453761 0.00923442 -0.00715837 0.999932 44.815 
0.999982 -0.00168411 -0.00576192 -1.22479 0.00171484 0.999984 0.00534719 -0.465358 0.00575291 -0.00535706 0.999969 46.0788 
0.999995 -0.00200818 -0.00249068 -1.24525 0.00201716 0.999991 0.00364475 -0.482466 0.00248342 -0.00364984 0.99999 47.3143 
0.999997 -0.0017882 0.0016072 -1.25996 0.00178118 0.999989 0.0043086 -0.498506 -0.0016148 -0.00430581 0.999989 48.545 
0.999974 -0.00142243 0.00700143 -1.27112 0.00139324 0.99999 0.00415912 -0.51435 -0.0070072 -0.00414934 0.999967 49.7494 
0.999912 0.000241733 0.0132692 -1.27318 -0.000284819 0.999995 0.00323886 -0.528702 -0.0132682 -0.00324243 0.999907 50.9594 
0.999787 0.00149521 0.0205582 -1.26705 -0.00156522 0.999993 0.00338561 -0.551086 -0.0205529 -0.00341715 0.999783 52.1617 
0.99958 0.00259363 0.0288462 -1.2511 -0.00271762 0.999987 0.00425702 -0.564028 -0.0288347 -0.00433371 0.999575 53.351 
0.999226 0.00485487 0.0390406 -1.22056 -0.00505206 0.999975 0.00495167 -0.578174 -0.0390155 -0.00514516 0.999225 54.5548 
0.998624 0.00736779 0.0519244 -1.17767 -0.00762719 0.999959 0.00479756 -0.590536 -0.0518869 -0.00518708 0.998639 55.7237 
0.997722 0.00942385 0.0667923 -1.12442 -0.00980478 0.999937 0.00537633 -0.604072 -0.0667373 -0.00601905 0.997752 56.8798 
0.996497 0.0116055 0.0828144 -1.04753 -0.0121973 0.999903 0.00664266 -0.616443 -0.0827292 -0.00762959 0.996543 58.0182 
0.994874 0.0116614 0.100443 -0.951323 -0.012465 0.999895 0.00737556 -0.627919 -0.100346 -0.00858985 0.994915 59.1367 
0.992795 0.0110021 0.119315 -0.832832 -0.0118645 0.999908 0.00651979 -0.638837 -0.119232 -0.00788852 0.992835 60.2385 
0.990178 0.0101112 0.139447 -0.695358 -0.0109921 0.999924 0.00554803 -0.649152 -0.13938 -0.00702643 0.990214 61.327 
0.987026 0.00715348 0.160402 -0.534715 -0.00812182 0.999952 0.00538159 -0.658872 -0.160355 -0.00661459 0.987037 62.3946 
0.983329 0.00204519 0.181821 -0.348044 -0.00347588 0.999965 0.00754986 -0.669816 -0.181799 -0.00805606 0.983303 63.4498 
0.97878 -0.00344449 0.204883 -0.134375 0.00160287 0.999957 0.0091535 -0.681775 -0.204905 -0.00863094 0.978744 64.4991 
0.973497 -0.00870576 0.228533 0.100914 0.00687955 0.999938 0.00878601 -0.69277 -0.228595 -0.00698102 0.973496 65.5174 
0.967222 -0.0148624 0.253497 0.360526 0.0134846 0.999883 0.00717156 -0.701759 -0.253574 -0.00351826 0.967309 66.5162 
0.959915 -0.0185101 0.279678 0.641429 0.017004 0.999825 0.00781035 -0.709034 -0.279773 -0.00274171 0.960062 67.4925 
0.951515 -0.0210065 0.306885 0.942368 0.0187586 0.999771 0.0102726 -0.717044 -0.30703 -0.00401781 0.951691 68.4535 
0.942044 -0.0254656 0.334522 1.27487 0.0223222 0.999663 0.0132381 -0.722036 -0.334746 -0.00500366 0.942295 69.4038 
0.931307 -0.0285615 0.363113 1.63068 0.0255689 0.999588 0.0130459 -0.728233 -0.363335 -0.00286543 0.931654 70.3291 
0.919437 -0.0278168 0.392253 2.00485 0.0263318 0.999611 0.00916612 -0.732945 -0.392355 0.00190101 0.919812 71.2289 
0.906567 -0.0288423 0.421075 2.40771 0.0300652 0.999541 0.00373529 -0.736359 -0.420989 0.00927332 0.907018 72.1043 
0.892602 -0.0307917 0.449793 2.83576 0.0337446 0.999429 0.00145298 -0.74406 -0.449581 0.0138811 0.893132 72.9566 
0.877146 -0.0312536 0.479205 3.28869 0.0329984 0.999444 0.00478232 -0.751872 -0.479088 0.0116182 0.87769 73.8013 
0.859673 -0.0300747 0.509958 3.76523 0.0287703 0.999531 0.0104469 -0.760252 -0.510034 0.00569069 0.860136 74.6308 
0.840284 -0.0301424 0.541307 4.26844 0.0266484 0.999543 0.0142918 -0.768946 -0.54149 0.00241573 0.840703 75.4313 
0.819372 -0.0239339 0.572762 4.79346 0.022657 0.999699 0.00936194 -0.772122 -0.572814 0.00530609 0.819668 76.2067 
0.797581 -0.0169443 0.602974 5.3442 0.0195743 0.999806 0.00220375 -0.773756 -0.602894 0.0100451 0.797758 76.9563 
0.775329 -0.0146402 0.631388 5.9194 0.0186148 0.999827 0.000324693 -0.780415 -0.631283 0.0115014 0.775467 77.675 
0.75216 -0.017044 0.65876 6.52771 0.0195561 0.999802 0.00353883 -0.790278 -0.658691 0.010221 0.752344 78.3774 
0.727812 -0.0172561 0.685559 7.15171 0.0196973 0.999797 0.00425433 -0.80302 -0.685493 0.0104073 0.728005 79.0503 
0.702845 -0.0154085 0.711176 7.79273 0.0203953 0.999791 0.00150526 -0.812863 -0.711051 0.0134466 0.703012 79.6883 
0.676783 -0.0128891 0.73607 8.44808 0.0203429 0.999792 -0.00119751 -0.818665 -0.735902 0.0157842 0.676904 80.2998 
0.650007 -0.0104502 0.759856 9.12905 0.0185148 0.999826 -0.00208789 -0.829248 -0.759703 0.0154257 0.650088 80.8962 
0.62235 -0.00907507 0.782687 9.83251 0.0185793 0.999822 -0.00318069 -0.843217 -0.782519 0.0165213 0.622408 81.4613 
0.593806 -0.00258304 0.804604 10.5512 0.0170066 0.999812 -0.00934148 -0.861093 -0.804428 0.0192306 0.593738 82.002 
0.56395 0.00666609 0.825782 11.2921 0.0159353 0.999693 -0.0189528 -0.87825 -0.825655 0.0238474 0.563671 82.5206 
0.533244 0.0149124 0.84583 12.0559 0.0148217 0.999526 -0.0269664 -0.903008 -0.845831 0.0269163 0.532771 83.0124 
0.501523 0.0199083 0.864915 12.8467 0.0123741 0.999468 -0.0301806 -0.929176 -0.865056 0.0258388 0.50101 83.4856 
0.469194 0.0196351 0.882877 13.6629 0.0102709 0.999564 -0.0276887 -0.960385 -0.883035 0.0220593 0.468788 83.9327 
0.435888 0.0185404 0.89981 14.4937 0.00544213 0.999715 -0.0232353 -0.992617 -0.899984 0.0150249 0.435663 84.3551 
0.401646 0.0199275 0.915578 15.3439 0.00124602 0.99975 -0.0223063 -1.02289 -0.915794 0.0101 0.401521 84.7445 
0.366595 0.0230334 0.930096 16.2082 -0.00580722 0.999731 -0.0224691 -1.05176 -0.930363 0.00283577 0.36663 85.1048 
0.330998 0.024954 0.943302 17.0914 -0.0107141 0.999685 -0.0226862 -1.08045 -0.943571 -0.0025976 0.331161 85.434 
0.294956 0.0244617 0.955198 17.9934 -0.0133718 0.99968 -0.0214719 -1.1075 -0.955417 -0.00643946 0.295188 85.73 
0.258877 0.0238925 0.965615 18.9098 -0.014079 0.999681 -0.020961 -1.13822 -0.965808 -0.00816858 0.259131 85.9871 
0.222936 0.0233726 0.974553 19.8402 -0.0135613 0.99969 -0.0208734 -1.16747 -0.974739 -0.00856279 0.223183 86.2101 
0.187801 0.0221947 0.981956 20.7843 -0.0111171 0.999729 -0.0204703 -1.19107 -0.982144 -0.00707219 0.187996 86.3942 
0.153423 0.0211207 0.987935 21.7364 -0.00307857 0.999777 -0.0208958 -1.22089 -0.988156 0.000164476 0.153454 86.541 
0.119841 0.0245829 0.992489 22.6991 -0.000856242 0.999695 -0.0246581 -1.25191 -0.992793 0.00210526 0.119826 86.6587 
0.087022 0.0294953 0.99577 23.6621 -3.27386e-06 0.999562 -0.0296074 -1.28539 -0.996206 0.00257323 0.086984 86.7524 
0.0579592 0.0332141 0.997766 24.6242 0.0067388 0.999411 -0.0336604 -1.32106 -0.998296 0.00867468 0.0577012 86.8089 
0.0327321 0.0313577 0.998972 25.6016 0.0084216 0.999463 -0.0316492 -1.35986 -0.999429 0.00944889 0.0324505 86.8418 
0.0102684 0.0283706 0.999545 26.5865 0.0101185 0.999543 -0.0284746 -1.39801 -0.999896 0.0104063 0.0099766 86.8615 
-0.00855335 0.0257183 0.999633 27.5765 0.0104108 0.999617 -0.025629 -1.43619 -0.999909 0.0101878 -0.00881782 86.861 
-0.0251228 0.0288307 0.999268 28.5636 0.0122203 0.999518 -0.0285308 -1.47145 -0.99961 0.0114946 -0.025463 86.8429 
-0.0396387 0.0333733 0.998657 29.5522 0.0150879 0.999348 -0.0327976 -1.50639 -0.9991 0.0137675 -0.0401164 86.8077 
-0.0518318 0.0384391 0.997916 30.5407 0.019405 0.999109 -0.0374772 -1.54672 -0.998467 0.017422 -0.0525316 86.7635 
-0.0606134 0.0417714 0.997287 31.5374 0.0244063 0.998887 -0.0403552 -1.59226 -0.997863 0.021894 -0.0615655 86.7051 
-0.066389 0.0472085 0.996676 32.5406 0.0284534 0.998563 -0.0454027 -1.64039 -0.997388 0.0253446 -0.0676368 86.6374 
-0.0699622 0.0520441 0.996191 33.5414 0.0302196 0.99829 -0.0500315 -1.6925 -0.997092 0.0266042 -0.0714153 86.5733 
-0.0726121 0.0558739 0.995794 34.5467 0.032367 0.998036 -0.0536396 -1.7535 -0.996835 0.028336 -0.0742779 86.504 
-0.075215 0.0588121 0.995431 35.5544 0.0328213 0.997864 -0.056476 -1.81628 -0.996627 0.0284235 -0.0769847 86.4345 
-0.0775143 0.0621239 0.995054 36.5631 0.0337976 0.997647 -0.0596531 -1.88575 -0.996418 0.0290065 -0.0794315 86.3611 
-0.0794418 0.0658019 0.994665 37.5788 0.0351141 0.997384 -0.0631773 -1.95254 -0.996221 0.0299079 -0.0815446 86.291 
-0.0815598 0.0672583 0.994396 38.5932 0.0377104 0.997214 -0.064356 -2.02321 -0.995955 0.0322502 -0.0838689 86.2108 
-0.0835925 0.065965 0.994314 39.6116 0.0378021 0.997298 -0.062985 -2.09676 -0.995783 0.0323221 -0.0858603 86.1339 
-0.0855931 0.0657093 0.994161 40.637 0.0371618 0.997339 -0.0627199 -2.1689 -0.995637 0.0315764 -0.0878072 86.0515 
-0.0876008 0.0671802 0.993888 41.6684 0.0371935 0.997248 -0.0641292 -2.23813 -0.995461 0.0313484 -0.0898584 85.9656 
-0.0898398 0.0694481 0.993532 42.6941 0.0363212 0.997131 -0.0664154 -2.31174 -0.995294 0.0301196 -0.0921044 85.8819 
-0.0922767 0.071834 0.993139 43.7334 0.0346455 0.997022 -0.0688959 -2.38551 -0.99513 0.0280503 -0.0944907 85.7937 
-0.0944991 0.0754711 0.99266 44.7785 0.0322686 0.99683 -0.0727164 -2.46504 -0.995002 0.0251601 -0.096635 85.7027 
-0.0967727 0.0797034 0.99211 45.8192 0.0288414 0.996594 -0.0772505 -2.54817 -0.994888 0.0211381 -0.0987419 85.6161 
-0.0992944 0.0822065 0.991656 46.8649 0.0265895 0.996445 -0.0799411 -2.63285 -0.994703 0.01843 -0.101127 85.522 
-0.101906 0.0808177 0.991506 47.9201 0.0246147 0.996594 -0.0787026 -2.71698 -0.994489 0.0163853 -0.103549 85.4231 
-0.104917 0.0765757 0.991528 48.9692 0.0214659 0.996973 -0.0747249 -2.80598 -0.994249 0.0134441 -0.106243 85.3312 
-0.107258 0.0750164 0.991397 50.0227 0.0216218 0.99709 -0.073108 -2.88996 -0.993996 0.0135943 -0.108568 85.2292 
-0.109246 0.0755982 0.991136 51.0765 0.020941 0.997057 -0.0737418 -2.97503 -0.993794 0.0126994 -0.110508 85.1285 
-0.110317 0.0784286 0.990797 52.1348 0.0224058 0.996825 -0.0764111 -3.06028 -0.993644 0.0137702 -0.111724 85.0193 
-0.111001 0.0811901 0.990498 53.1944 0.0226601 0.996605 -0.0791513 -3.14639 -0.993562 0.0136589 -0.112463 84.9096 
-0.111137 0.0820102 0.990415 54.2505 0.0218071 0.99655 -0.0800712 -3.23831 -0.993566 0.0126992 -0.112542 84.8016 
-0.110952 0.0808918 0.990528 55.3121 0.0188765 0.996674 -0.0792793 -3.32908 -0.993646 0.00990147 -0.11211 84.6996 
-0.111069 0.0801903 0.990572 56.3782 0.0150902 0.99676 -0.0789993 -3.42256 -0.993698 0.0061735 -0.11192 84.6011 
-0.111058 0.0812834 0.990484 57.4505 0.0111812 0.996689 -0.080539 -3.51692 -0.993751 0.00213025 -0.111599 84.4993 
-0.111381 0.0815034 0.99043 58.5122 0.00682944 0.99667 -0.081249 -3.60917 -0.993754 -0.0022855 -0.111567 84.4 
-0.111547 0.081119 0.990443 59.5972 0.00358334 0.996689 -0.0812271 -3.702 -0.993753 -0.00551154 -0.111468 84.2959 
-0.111892 0.0759305 0.990815 60.6878 0.00380036 0.997102 -0.0759831 -3.79359 -0.993713 -0.00473641 -0.111856 84.1896 
-0.112165 0.0672226 0.991413 61.7878 0.00682941 0.997738 -0.0668789 -3.88126 -0.993666 -0.000730669 -0.11237 84.0778 
-0.112127 0.0616638 0.991779 62.8933 0.0122645 0.998082 -0.0606693 -3.96341 -0.993618 0.00536104 -0.112669 83.9623 
-0.111306 0.0641389 0.991714 63.9976 0.020464 0.997851 -0.0622391 -4.03597 -0.993575 0.0133668 -0.11238 83.8393 
-0.110156 0.0696874 0.991468 65.0985 0.0258809 0.997402 -0.0672291 -4.11174 -0.993577 0.0182544 -0.111673 83.7184 
-0.109022 0.0754577 0.991171 66.2105 0.0294456 0.996922 -0.0726568 -4.19189 -0.993603 0.0212644 -0.110909 83.5982 
-0.108265 0.0797504 0.990918 67.3211 0.0301737 0.996581 -0.0769096 -4.28134 -0.993664 0.0215731 -0.110301 83.4864 
-0.10805 0.0769965 0.991159 68.4453 0.0271845 0.996852 -0.0744753 -4.37149 -0.993774 0.0188972 -0.109803 83.3788 
-0.10787 0.0724027 0.991525 69.5836 0.0261994 0.997205 -0.0699673 -4.46184 -0.99382 0.01843 -0.109465 83.2702 
-0.107639 0.0702568 0.991704 70.7109 0.0238176 0.997396 -0.068075 -4.54709 -0.993905 0.0162926 -0.109032 83.1618 
-0.107628 0.0710461 0.991649 71.843 0.0221354 0.997367 -0.0690534 -4.63186 -0.993945 0.0145185 -0.108917 83.058 
-0.107181 0.0763185 0.991306 72.9843 0.0234207 0.996967 -0.0742221 -4.71833 -0.993964 0.0152618 -0.108644 82.9449 
-0.106259 0.0790059 0.991195 74.1241 0.0232803 0.996763 -0.0769541 -4.80701 -0.994066 0.0148983 -0.107754 82.8307 
-0.105714 0.0779267 0.991338 75.2746 0.0236836 0.996839 -0.0758336 -4.89804 -0.994114 0.0154618 -0.107225 82.7196 
-0.104707 0.0710967 0.991958 76.439 0.0254106 0.997307 -0.0687979 -4.98926 -0.994178 0.0180026 -0.106232 82.603 
-0.105036 0.0695631 0.992032 77.5934 0.0249992 0.99742 -0.067294 -5.07723 -0.994154 0.0177317 -0.106504 82.4888 
-0.10434 0.0727014 0.991881 78.7465 0.0225395 0.997241 -0.0707234 -5.16266 -0.994286 0.0149773 -0.10569 82.3818 
-0.104132 0.0759573 0.991659 79.9117 0.021839 0.997013 -0.0740743 -5.2485 -0.994324 0.0139433 -0.10548 82.2773 
-0.103885 0.0754399 0.991724 81.0871 0.0211593 0.997061 -0.0736295 -5.34085 -0.994364 0.0133352 -0.105176 82.1645 
-0.10358 0.0718921 0.992019 82.268 0.0208329 0.997322 -0.0701013 -5.4329 -0.994403 0.0134056 -0.104801 82.0568 
-0.102473 0.0706787 0.992222 83.4575 0.0215889 0.997396 -0.0688177 -5.52509 -0.994501 0.0143691 -0.103732 81.9397 
-0.101237 0.0710843 0.992319 84.6487 0.023018 0.997344 -0.069096 -5.61428 -0.994596 0.0158462 -0.102605 81.8267 
-0.100109 0.0713378 0.992416 85.8521 0.0256674 0.99728 -0.0690983 -5.70081 -0.994645 0.0185554 -0.101668 81.7115 
-0.0989623 0.0708177 0.992568 87.0466 0.025224 0.997322 -0.0686421 -5.79158 -0.994771 0.0182436 -0.100484 81.6066 
-0.0975872 0.0713769 0.992664 88.2484 0.026657 0.997254 -0.0690864 -5.88209 -0.99487 0.0197195 -0.099222 81.5008 
-0.0963744 0.069575 0.99291 89.4614 0.026967 0.99737 -0.0672701 -5.97119 -0.99498 0.0202927 -0.0979972 81.3946 
-0.0949864 0.0687722 0.9931 90.6787 0.025445 0.997453 -0.06664 -6.06047 -0.995153 0.0189395 -0.0964944 81.2894 
-0.0936092 0.0681655 0.993273 91.9007 0.0266148 0.997468 -0.0659452 -6.14653 -0.995253 0.0202627 -0.0951865 81.1859 
-0.0919247 0.069133 0.993363 93.1259 0.0245318 0.997441 -0.0671468 -6.23554 -0.995464 0.0181965 -0.0933855 81.0874 
-0.0902258 0.0718025 0.99333 94.3512 0.0252189 0.997242 -0.0697948 -6.32444 -0.995602 0.0187534 -0.0917878 80.9851 
-0.0891725 0.07077 0.993499 95.5821 0.0229793 0.997353 -0.0689821 -6.41364 -0.995751 0.0166787 -0.0905627 80.8927 
-0.0886906 0.0693979 0.993639 96.8196 0.0194703 0.9975 -0.0679298 -6.50741 -0.995869 0.0133217 -0.08982 80.7997 
-0.0885275 0.0706235 0.993567 98.0583 0.0166301 0.997449 -0.0694178 -6.59703 -0.995935 0.0103777 -0.0894761 80.7077 
-0.0886974 0.0700939 0.993589 99.3018 0.014057 0.99751 -0.0691157 -6.68809 -0.995959 0.00783652 -0.0894618 80.614 
-0.089747 0.0675937 0.993668 100.551 0.0114593 0.997698 -0.0668329 -6.78223 -0.995899 0.00538866 -0.090315 80.5193 
-0.0909872 0.066038 0.99366 101.812 0.00926356 0.997812 -0.0654658 -6.87665 -0.995809 0.00324828 -0.0913999 80.422 
-0.0925971 0.0655124 0.993546 103.072 0.00766221 0.99785 -0.0650822 -6.96549 -0.995674 0.00158635 -0.0929 80.3243 
-0.0940839 0.0657457 0.993391 104.332 0.00800296 0.997835 -0.0652819 -7.05626 -0.995532 0.0018081 -0.0944064 80.2187 
-0.0963906 0.0643616 0.99326 105.593 0.0075042 0.997926 -0.0639357 -7.14579 -0.995315 0.00129083 -0.0966737 80.1125 
-0.0994086 0.0597914 0.993249 106.854 0.00485522 0.99821 -0.0596043 -7.23358 -0.995035 -0.00110273 -0.099521 80.0047 
-0.103753 0.0597129 0.992809 108.111 0.00445003 0.998214 -0.059573 -7.31988 -0.994593 -0.00176286 -0.103834 79.8917 
-0.109272 0.0656512 0.991841 109.342 -0.000579742 0.997812 -0.0661103 -7.40936 -0.994012 -0.00779898 -0.108994 79.7779 
-0.116169 0.0687017 0.99085 110.58 0.000207271 0.997606 -0.0691459 -7.50057 -0.993229 -0.00782722 -0.115905 79.6512 
-0.125027 0.0647198 0.99004 111.833 0.00204423 0.997885 -0.0649745 -7.59565 -0.992151 -0.00609968 -0.124895 79.5087 
-0.135654 0.0626004 0.988777 113.087 0.0043598 0.99803 -0.0625881 -7.68981 -0.990747 -0.00417946 -0.13566 79.3473 
-0.148451 0.0635086 0.986878 114.317 0.00509518 0.997972 -0.0634561 -7.77906 -0.988907 -0.00439178 -0.148473 79.1753 
-0.162782 0.063732 0.984601 115.541 0.00713549 0.997962 -0.0634171 -7.86682 -0.986636 -0.00329756 -0.162905 78.9928 
-0.177133 0.0613279 0.982274 116.757 0.00778006 0.998113 -0.0609139 -7.95896 -0.984156 -0.00314767 -0.177275 78.7903 
-0.192633 0.0637088 0.979201 117.953 0.0120282 0.997968 -0.0625637 -8.04796 -0.981197 -0.000273797 -0.193007 78.5688 
-0.207771 0.0672052 0.975866 119.133 0.0127147 0.997738 -0.0660044 -8.13599 -0.978095 -0.00130593 -0.208155 78.3336 
-0.222931 0.0711542 0.972234 120.308 0.0127284 0.99746 -0.0700819 -8.2268 -0.974751 -0.00324845 -0.223271 78.0838 
-0.238902 0.0692539 0.968571 121.491 0.00920601 0.99757 -0.0690567 -8.31824 -0.971 -0.00758111 -0.238959 77.8137 
-0.254801 0.0637763 0.964888 122.678 0.0040407 0.997884 -0.0648903 -8.41141 -0.966985 -0.0126353 -0.25452 77.5265 
-0.27058 0.0599335 0.96083 123.848 0.000115088 0.998062 -0.0622236 -8.50024 -0.962697 -0.0167259 -0.270062 77.2252 
-0.285585 0.0615757 0.956373 125.015 -0.00116174 0.997911 -0.0645971 -8.58669 -0.958353 -0.019559 -0.284917 76.8998 
-0.300019 0.0636635 0.951806 126.177 -0.00134965 0.997741 -0.0671614 -8.67319 -0.953932 -0.0214343 -0.299256 76.5545 
-0.313741 0.0661112 0.947204 127.324 0.000542976 0.997585 -0.0694478 -8.76351 -0.949508 -0.0212743 -0.31302 76.1898 
-0.32769 0.0662718 0.942458 128.465 0.00286046 0.997602 -0.0691549 -8.8548 -0.944781 -0.0199655 -0.327094 75.8046 
-0.341739 0.0643003 0.937592 129.603 0.00250379 0.997715 -0.067511 -8.9469 -0.939791 -0.0207236 -0.34112 75.4102 
-0.356257 0.0632323 0.932246 130.737 0.00233529 0.997765 -0.0667839 -9.03691 -0.934385 -0.0216151 -0.355608 74.9957 
-0.37094 0.0648065 0.926393 131.848 0.00123309 0.997595 -0.0692938 -9.12799 -0.928656 -0.0245615 -0.370128 74.5705 
-0.385922 0.0670305 0.920093 132.953 0.00224877 0.997422 -0.0717209 -9.21974 -0.922529 -0.0256096 -0.385078 74.1276 
-0.400471 0.0687727 0.913725 134.051 0.00349249 0.997287 -0.0735315 -9.314 -0.916303 -0.026256 -0.399625 73.6619 
-0.415033 0.0714155 0.906999 135.14 0.00625956 0.997115 -0.0756469 -9.41066 -0.909785 -0.0257186 -0.414283 73.1807 
-0.429785 0.0749973 0.899811 136.23 0.0060786 0.996762 -0.0801746 -9.50919 -0.902911 -0.0289882 -0.428849 72.6794 
-0.444872 0.0773496 0.892248 137.316 0.007116 0.996537 -0.0828426 -9.60968 -0.895566 -0.0305051 -0.443882 72.1575 
-0.460201 0.0748124 0.884657 138.401 0.00595603 0.996681 -0.0811876 -9.71479 -0.887795 -0.0320936 -0.459119 71.617 
-0.476341 0.0705421 0.876426 139.489 0.00303823 0.996902 -0.0785879 -9.8187 -0.879255 -0.0347718 -0.47508 71.0543 
-0.492473 0.0706714 0.867454 140.56 0.00256194 0.996811 -0.0797557 -9.92209 -0.870324 -0.0370551 -0.491083 70.4728 
-0.508512 0.0698553 0.858217 141.626 0.00122091 0.996761 -0.0804088 -10.0225 -0.861054 -0.039841 -0.50695 69.8664 
-0.524402 0.0689253 0.848676 142.685 0.00068755 0.996752 -0.0805265 -10.1268 -0.85147 -0.0416447 -0.522746 69.2384 
-0.540205 0.068567 0.838735 143.732 -0.000593849 0.996644 -0.0818586 -10.2332 -0.841533 -0.0447185 -0.538352 68.5931 
-0.555723 0.0679392 0.828587 144.773 -0.000928637 0.996604 -0.0823384 -10.341 -0.831367 -0.0465268 -0.553772 67.9238 
-0.571215 0.0653197 0.818197 145.812 -0.00132109 0.996754 -0.0804969 -10.4481 -0.8208 -0.0470619 -0.569274 67.2298 
-0.58674 0.0618514 0.80741 146.844 -0.00120223 0.997011 -0.0772495 -10.5543 -0.809775 -0.046296 -0.584912 66.5166 
-0.601946 0.0603299 0.796254 147.859 -0.00029397 0.997125 -0.0757717 -10.6568 -0.798536 -0.0458445 -0.600198 65.7818 
-0.617081 0.058586 0.784716 148.861 -0.00107459 0.997161 -0.075292 -10.7621 -0.786899 -0.0473045 -0.615266 65.029 
-0.632182 0.0597727 0.772511 149.852 -0.00236008 0.996867 -0.0790635 -10.8664 -0.774816 -0.0518057 -0.63006 64.2502 
-0.647604 0.0591762 0.759675 150.83 -0.00456849 0.99666 -0.0815311 -10.9739 -0.761963 -0.0562705 -0.645171 63.4536 
-0.663831 0.0560598 0.745778 151.824 -0.0064009 0.996724 -0.080621 -11.0807 -0.747855 -0.0582924 -0.661298 62.6187 
-0.680362 0.0484107 0.731275 152.793 -0.0103437 0.997082 -0.0756308 -11.1871 -0.732803 -0.0590204 -0.677876 61.755 
-0.697686 0.0459992 0.714926 153.74 -0.0111995 0.997114 -0.075085 -11.2921 -0.716316 -0.0603925 -0.695157 60.8756 
-0.715414 0.0433297 0.697356 154.663 -0.0130036 0.997077 -0.075293 -11.3951 -0.69858 -0.0629338 -0.712759 59.9694 
-0.733411 0.0394206 0.678641 155.564 -0.0162987 0.99701 -0.0755281 -11.4994 -0.67959 -0.0664541 -0.730576 59.0472 
-0.750379 0.0375455 0.659941 156.432 -0.0160497 0.997056 -0.0749739 -11.6017 -0.660813 -0.0668507 -0.747567 58.1056 
-0.76665 0.0394264 0.640854 157.279 -0.0140929 0.996839 -0.0781864 -11.7105 -0.641911 -0.068973 -0.763671 57.1365 
-0.782052 0.0389108 0.621997 158.101 -0.0107715 0.997056 -0.0759171 -11.8178 -0.62312 -0.066071 -0.779331 56.137 
-0.796873 0.0400614 0.602817 158.906 -0.00688535 0.997132 -0.0753683 -11.9291 -0.604107 -0.0642095 -0.794312 55.1005 
-0.811836 0.0412744 0.582425 159.679 -0.00504307 0.996965 -0.0776809 -12.0429 -0.583864 -0.0660013 -0.809164 54.0717 
-0.825743 0.0430228 0.562403 160.422 -0.00397044 0.996619 -0.0820692 -12.1517 -0.564032 -0.0700011 -0.82278 53.0244 
-0.839077 0.0434265 0.542277 161.141 -0.00138085 0.996635 -0.0819491 -12.2638 -0.544011 -0.0695103 -0.836194 51.9505 
-0.851051 0.0414568 0.523443 161.839 -0.000161038 0.996858 -0.0792133 -12.3799 -0.525082 -0.0674989 -0.84837 50.8515 
-0.861888 0.0431054 0.505263 162.501 0.00242028 0.996719 -0.0809044 -12.4925 -0.507092 -0.0685076 -0.859165 49.7576 
-0.871595 0.0458721 0.488076 163.139 0.00524826 0.996428 -0.0842777 -12.6061 -0.490199 -0.0708945 -0.868722 48.651 
-0.88082 0.043788 0.471422 163.766 0.00374427 0.996327 -0.0855479 -12.725 -0.473436 -0.0735871 -0.877749 47.5249 
-0.889345 0.041015 0.455393 164.374 0.00259029 0.996405 -0.0846825 -12.8466 -0.457229 -0.0741324 -0.886254 46.3818 
-0.896972 0.0383821 0.440418 164.989 0.00134622 0.996456 -0.0840988 -12.9965 -0.442085 -0.0748414 -0.893845 45.2323 
-0.904043 0.0362036 0.425904 165.575 0.000534072 0.996501 -0.083573 -13.1135 -0.42744 -0.0753262 -0.9009 44.0663 
-0.910607 0.0333107 0.411929 166.143 -0.000846544 0.996594 -0.0824612 -13.2387 -0.413273 -0.0754385 -0.907477 42.887 
-0.91657 0.0283959 0.398865 166.686 -0.00336788 0.996892 -0.0787097 -13.3543 -0.39986 -0.0734863 -0.913626 41.7125 
-0.921736 0.0252244 0.386997 167.206 -0.00441559 0.997135 -0.0755099 -13.4609 -0.387793 -0.071309 -0.918984 40.5271 
-0.926354 0.0252329 0.375807 167.716 -0.00211961 0.997388 -0.0721927 -13.5683 -0.376648 -0.0676726 -0.923881 39.34 
-0.929518 0.0296136 0.367586 168.197 0.00254129 0.997261 -0.0739156 -13.6725 -0.368768 -0.0677717 -0.927047 38.1425 
-0.931808 0.0347729 0.361283 168.67 0.00791374 0.99711 -0.0755594 -13.7756 -0.362866 -0.0675477 -0.92939 36.9449 
-0.933747 0.0380714 0.355902 169.137 0.0108516 0.996881 -0.0781677 -13.8767 -0.357768 -0.0691268 -0.931248 35.752 
-0.935561 0.0353747 0.351388 169.601 0.00881549 0.997 -0.0768983 -13.9862 -0.353054 -0.0688454 -0.933066 34.5576 
-0.937479 0.0280133 0.346914 170.072 0.00256154 0.997284 -0.0736087 -14.0886 -0.348033 -0.0681179 -0.935004 33.3574 
-0.939407 0.0218243 0.342108 170.541 -0.00302623 0.997404 -0.0719378 -14.1923 -0.34279 -0.0686142 -0.936903 32.1519 
-0.941125 0.0153584 0.337711 171.002 -0.010071 0.99725 -0.0734186 -14.2943 -0.33791 -0.0724971 -0.938382 30.95 
-0.94248 0.0131175 0.334004 171.458 -0.0131645 0.996998 -0.076303 -14.3972 -0.334002 -0.0763111 -0.939478 29.7415 
-0.943237 0.0135274 0.331844 171.901 -0.0134263 0.9968 -0.0787968 -14.5022 -0.331848 -0.0787795 -0.940037 28.5397 
-0.943556 0.0141499 0.330912 172.345 -0.0135129 0.996611 -0.081146 -14.6085 -0.330938 -0.0810373 -0.940166 27.3389 
-0.943408 0.0168444 0.331206 172.783 -0.0112794 0.996502 -0.0828083 -14.7234 -0.331442 -0.0818578 -0.939918 26.1319 
-0.943042 0.0177307 0.332202 173.224 -0.0110163 0.996367 -0.0844521 -14.8394 -0.332492 -0.0833015 -0.93942 24.9291 
-0.942548 0.0187082 0.333547 173.67 -0.0107943 0.996204 -0.0863788 -14.9584 -0.333897 -0.0850165 -0.938768 23.7114 
-0.941804 0.0199612 0.335569 174.113 -0.00956389 0.99624 -0.0861028 -15.0759 -0.336027 -0.0843013 -0.938072 22.5075 
-0.940937 0.019556 0.338016 174.56 -0.0104415 0.99618 -0.0867006 -15.1951 -0.33842 -0.0851092 -0.937138 21.3133 
-0.939561 0.0183201 0.34189 175.013 -0.0121806 0.996147 -0.0868524 -15.314 -0.342163 -0.0857676 -0.935718 20.1217 
-0.937836 0.0167256 0.346675 175.47 -0.0136405 0.99629 -0.0849675 -15.4275 -0.34681 -0.0844145 -0.934129 18.9338 
-0.935871 0.0142831 0.352053 175.938 -0.0158212 0.996467 -0.0824854 -15.5409 -0.351988 -0.0827656 -0.932338 17.7598 
-0.933201 0.0121682 0.359147 176.409 -0.0177309 0.99665 -0.079839 -15.6525 -0.358916 -0.0808738 -0.929859 16.5792 
-0.930496 0.014309 0.366023 176.89 -0.0162061 0.99665 -0.080161 -15.7615 -0.365944 -0.0805213 -0.927147 15.4066 
-0.927307 0.0141588 0.374032 177.374 -0.0172715 0.996601 -0.0805459 -15.8702 -0.373902 -0.0811509 -0.923911 14.2661 
-0.923297 0.0174886 0.383689 177.865 -0.0155612 0.996439 -0.0828637 -15.9803 -0.383772 -0.0824785 -0.919737 13.1089 
-0.918869 0.0187021 0.39412 178.372 -0.0150105 0.996496 -0.0822826 -16.0899 -0.394278 -0.0815228 -0.915368 11.957 
-0.913621 0.0207486 0.406037 178.898 -0.0144668 0.996405 -0.0834682 -16.2066 -0.406309 -0.0821323 -0.910037 10.8043 
-0.90758 0.0230868 0.419243 179.441 -0.0137488 0.996318 -0.0846286 -16.3235 -0.419653 -0.0825714 -0.903921 9.64751 
-0.901211 0.0257275 0.432615 180.007 -0.0119784 0.996376 -0.0842073 -16.4451 -0.433214 -0.0810706 -0.897637 8.48869 
-0.894723 0.0248494 0.44593 180.585 -0.0129671 0.996585 -0.081552 -16.5624 -0.446434 -0.0787488 -0.891345 7.35403 
-0.887848 0.0276191 0.459307 181.178 -0.0114561 0.996561 -0.0820701 -16.6755 -0.459994 -0.0781276 -0.884478 6.22475 
-0.880768 0.0296122 0.472622 181.785 -0.00994696 0.996666 -0.0809833 -16.7903 -0.473444 -0.0760286 -0.877536 5.1132 
-0.873076 0.0311473 0.486588 182.409 -0.00852069 0.99683 -0.0790975 -16.9014 -0.487509 -0.0732042 -0.870044 4.00643 
-0.86513 0.032595 0.500487 183.044 -0.00656784 0.997064 -0.0762884 -17.0134 -0.501504 -0.0692865 -0.862376 2.92445 
-0.856811 0.0350919 0.514435 183.69 -0.00388229 0.997214 -0.0744904 -17.1248 -0.515616 -0.0658214 -0.854288 1.86166 
-0.84733 0.0382017 0.529691 184.355 -0.000757665 0.997321 -0.0731396 -17.2303 -0.531066 -0.0623747 -0.845031 0.805302 
-0.83667 0.0405878 0.546202 185.039 0.00155928 0.997423 -0.0717292 -17.3366 -0.547706 -0.0591619 -0.834577 -0.232277 
-0.825385 0.0436904 0.562878 185.739 0.00456064 0.997484 -0.070737 -17.4386 -0.564552 -0.0558181 -0.823508 -1.25344 
-0.813819 0.0454418 0.579339 186.462 0.00556179 0.997501 -0.0704286 -17.5365 -0.581092 -0.0540939 -0.812038 -2.25436 
-0.801881 0.047549 0.595588 187.21 0.00673478 0.997484 -0.0705671 -17.6329 -0.597445 -0.0525752 -0.800184 -3.24069 
-0.788696 0.0498741 0.612756 187.97 0.00849927 0.997493 -0.0702493 -17.7319 -0.614724 -0.0501974 -0.787143 -4.21368 
-0.774617 0.050674 0.630396 188.749 0.00978958 0.997626 -0.0681644 -17.8275 -0.632354 -0.04663 -0.773275 -5.16458 
-0.75889 0.0523868 0.649109 189.548 0.0116306 0.99769 -0.0669217 -17.9217 -0.651115 -0.0432366 -0.757746 -6.09718 
-0.74184 0.0549903 0.668318 190.368 0.0126787 0.997604 -0.0680109 -18.0164 -0.670457 -0.0419798 -0.74076 -7.00172 
-0.724177 0.0578637 0.687182 191.197 0.0133013 0.99746 -0.0699731 -18.1125 -0.689486 -0.0415324 -0.723107 -7.8766 
-0.706399 0.0583522 0.705404 192.049 0.0116019 0.997417 -0.0708897 -18.2035 -0.707719 -0.0418923 -0.705251 -8.70745 
-0.687462 0.0584267 0.723866 192.929 0.00963498 0.997404 -0.0713548 -18.295 -0.726156 -0.0420793 -0.686241 -9.52151 
-0.667149 0.0578149 0.742677 193.819 0.00751277 0.997455 -0.0708998 -18.3942 -0.744886 -0.0417212 -0.665886 -10.3101 
-0.646408 0.0585475 0.760742 194.722 0.00552296 0.997384 -0.0720669 -18.4864 -0.762972 -0.0423831 -0.645041 -11.0668 
-0.625453 0.0582638 0.778084 195.656 0.00221308 0.997337 -0.0729029 -18.5781 -0.780259 -0.0438753 -0.623916 -11.798 
-0.604102 0.0587804 0.794736 196.608 0.000153022 0.997284 -0.073645 -18.6638 -0.796907 -0.0443675 -0.602471 -12.5031 
-0.581105 0.0587802 0.811703 197.57 -0.000563254 0.997359 -0.072628 -18.7575 -0.813828 -0.0426617 -0.579537 -13.1814 
-0.556769 0.0596722 0.828521 198.551 -0.00122285 0.997356 -0.0726539 -18.8509 -0.830667 -0.0414646 -0.555224 -13.8287 
-0.530988 0.0629214 0.84504 199.547 -8.65566e-05 0.997235 -0.0743082 -18.9457 -0.847379 -0.0395299 -0.529515 -14.4494 
-0.503605 0.0637408 0.861579 200.567 -0.000835766 0.997238 -0.0742656 -19.0378 -0.863934 -0.0381206 -0.502161 -15.0445 
-0.476067 0.0625351 0.877183 201.608 -0.00260971 0.997364 -0.0725193 -19.1362 -0.879405 -0.0368132 -0.474648 -15.5996 
-0.447539 0.0606152 0.892208 202.658 -0.00437239 0.99754 -0.0699646 -19.23 -0.894254 -0.035213 -0.446173 -16.1204 
-0.417933 0.0621907 0.906347 203.72 -0.00528933 0.997471 -0.0708824 -19.3147 -0.908462 -0.034418 -0.416547 -16.5983 
-0.386589 0.0648912 0.919966 204.802 -0.00612364 0.997319 -0.0729207 -19.404 -0.922232 -0.0338238 -0.385155 -17.0455 
-0.354525 0.0664744 0.932681 205.874 -0.00496169 0.997322 -0.0729677 -19.4993 -0.935033 -0.0304965 -0.353246 -17.4507 
-0.322967 0.0669368 0.94404 206.948 -0.00456329 0.997374 -0.0722796 -19.5903 -0.946399 -0.0276518 -0.321813 -17.8072 
-0.290394 0.0671549 0.954548 208.058 -0.0051683 0.99741 -0.0717427 -19.6792 -0.956893 -0.025767 -0.289295 -18.132 
-0.256525 0.0660186 0.96428 209.185 -0.00478993 0.997565 -0.0695718 -19.7745 -0.966526 -0.0224658 -0.255585 -18.4257 
-0.221508 0.0641529 0.973046 210.335 -0.00525277 0.997741 -0.0669768 -19.8672 -0.975144 -0.0199471 -0.22067 -18.6883 
-0.186558 0.0628082 0.980434 211.482 -0.00494933 0.997882 -0.0648677 -19.959 -0.982431 -0.0169541 -0.185852 -18.9036 
-0.151038 0.0622354 0.986567 212.63 -0.004471 0.997963 -0.0636389 -20.0474 -0.988518 -0.0140228 -0.150452 -19.0792 
-0.115491 0.0618737 0.991379 213.78 -0.00488091 0.998011 -0.0628563 -20.1301 -0.993296 -0.0120982 -0.114959 -19.2096 
-0.0796342 0.0618719 0.994902 214.93 -0.00484871 0.998036 -0.062455 -20.2135 -0.996812 -0.00979754 -0.0791778 -19.301 
-0.0443252 0.0624203 0.997065 216.086 -0.00636347 0.998008 -0.0627623 -20.2976 -0.998997 -0.00912674 -0.0438397 -19.3452 
-0.00984693 0.0618301 0.998038 217.245 -0.00745754 0.998054 -0.0619048 -20.3803 -0.999924 -0.00805247 -0.00936666 -19.3525 
0.023588 0.0614799 0.997829 218.405 -0.00965716 0.998075 -0.0612668 -20.4582 -0.999675 -0.00819103 0.0241363 -19.3147 
0.0567929 0.0618503 0.996468 219.545 -0.0111037 0.998057 -0.0613161 -20.5425 -0.998324 -0.0075822 0.0573693 -19.2433 
0.0896186 0.0622507 0.994029 220.705 -0.0113661 0.998044 -0.0614775 -20.6178 -0.995911 -0.00578867 0.0901508 -19.1332 
0.121967 0.0604965 0.990689 221.864 -0.0107646 0.998163 -0.0596277 -20.6922 -0.992476 -0.00339171 0.122394 -18.9889 
0.153355 0.0594404 0.986382 223.019 -0.00985983 0.998231 -0.0586216 -20.7702 -0.988122 -0.000735638 0.15367 -18.8095 
0.183752 0.0594198 0.981175 224.174 -0.00884784 0.998231 -0.0587957 -20.8482 -0.982933 0.00212255 0.183953 -18.5905 
0.213887 0.0590843 0.97507 225.322 -0.00728946 0.998238 -0.0588892 -20.9241 -0.976831 0.00548787 0.21394 -18.3351 
0.244015 0.0582279 0.968022 226.452 -0.00501893 0.998258 -0.0587816 -20.9998 -0.969758 0.00948514 0.243882 -18.0467 
0.274323 0.0566181 0.959969 227.587 -0.00282693 0.998308 -0.0580716 -21.0766 -0.961633 0.0132166 0.274019 -17.7245 
0.304665 0.0553126 0.950852 228.718 -0.00120209 0.998334 -0.0576897 -21.1525 -0.952459 0.016433 0.304224 -17.3664 
0.334192 0.05443 0.940932 229.828 0.00148427 0.998299 -0.0582758 -21.2323 -0.942504 0.0208719 0.333543 -16.971 
0.362986 0.0537686 0.930242 230.929 0.00190937 0.998289 -0.0584469 -21.3099 -0.931792 0.0229916 0.362262 -16.5434 
0.391293 0.0519165 0.918801 232.025 0.00246758 0.998345 -0.0574621 -21.3881 -0.920263 0.0247517 0.390517 -16.0791 
0.419468 0.0508606 0.906344 233.112 0.0026353 0.998357 -0.0572438 -21.4636 -0.907766 0.0264004 0.418645 -15.5789 
0.447652 0.0516081 0.892717 234.164 0.00409704 0.998204 -0.0597609 -21.5425 -0.894198 0.0304096 0.446637 -15.0483 
0.475799 0.0527418 0.877971 235.198 0.0049978 0.998022 -0.0626621 -21.6227 -0.87954 0.0342025 0.474594 -14.4943 
0.503003 0.0509806 0.86278 236.229 0.00617135 0.998021 -0.0625699 -21.7068 -0.864262 0.0367973 0.501693 -13.8959 
0.52949 0.0482762 0.846942 237.242 0.00693549 0.9981 -0.0612284 -21.7901 -0.848288 0.0382937 0.528149 -13.2638 
0.55454 0.046467 0.830859 238.24 0.00621482 0.998181 -0.0599728 -21.8709 -0.832134 0.038421 0.553242 -12.5957 
0.577475 0.0465925 0.815077 239.212 0.00460895 0.998168 -0.0603241 -21.9562 -0.816395 0.0385923 0.576203 -11.9 
0.59814 0.0467041 0.80003 240.172 0.00330531 0.998148 -0.0607412 -22.0346 -0.801385 0.038976 0.596878 -11.1701 
0.617433 0.0453747 0.785313 241.124 0.00252734 0.998215 -0.0596632 -22.1146 -0.786619 0.0388228 0.616217 -10.4082 
0.635497 0.0427193 0.77092 242.065 0.00246868 0.998351 -0.0573571 -22.1963 -0.772099 0.0383534 0.634344 -9.62062 
0.652763 0.039159 0.75655 242.994 0.00413817 0.998464 -0.0552511 -22.2762 -0.757551 0.0391966 0.651598 -8.82025 
0.668966 0.0366093 0.742391 243.909 0.00503118 0.99854 -0.0537744 -22.352 -0.743276 0.0397083 0.667805 -7.99222 
0.684222 0.0340754 0.728477 244.796 0.00702359 0.998553 -0.0533056 -22.429 -0.72924 0.0415893 0.682993 -7.14877 
0.699143 0.0335077 0.714196 245.667 0.00675494 0.998547 -0.0534611 -22.5059 -0.71495 0.0422013 0.697901 -6.28338 
0.713758 0.0321344 0.699655 246.516 0.00734516 0.998548 -0.0533556 -22.5772 -0.700354 0.043222 0.712486 -5.39899 
0.72792 0.0299799 0.685006 247.352 0.00680009 0.998679 -0.0509343 -22.6484 -0.685628 0.0417342 0.726755 -4.49208 
0.742007 0.0270479 0.669846 248.169 0.00750632 0.998788 -0.0486454 -22.7198 -0.67035 0.0411233 0.740905 -3.57256 
0.755703 0.0251761 0.65443 248.973 0.00804066 0.998829 -0.0477104 -22.7914 -0.654864 0.0413169 0.754616 -2.62992 
0.768759 0.0244633 0.639071 249.748 0.00928337 0.998736 -0.0493985 -22.8608 -0.639471 0.0439082 0.76756 -1.66489 
0.780844 0.023635 0.624278 250.516 0.00977209 0.9987 -0.0500335 -22.9291 -0.624649 0.0451688 0.779598 -0.681876 
0.792268 0.0229454 0.609742 251.273 0.00921113 0.998729 -0.0495522 -23.0001 -0.610104 0.044875 0.79105 0.323483 
0.80319 0.0205671 0.595368 252.023 0.00968503 0.998821 -0.0475703 -23.0666 -0.595645 0.0439741 0.802043 1.34849 
0.813546 0.017991 0.581222 252.75 0.0111376 0.998856 -0.046508 -23.1363 -0.581394 0.0443097 0.812415 2.38501 
0.823091 0.0173945 0.567643 253.46 0.0112968 0.998831 -0.0469883 -23.2039 -0.567797 0.0450882 0.821933 3.44215 
0.831904 0.0145542 0.554729 254.16 0.0152794 0.998676 -0.049116 -23.2711 -0.554709 0.0493357 0.83058 4.51126 
0.840042 0.0120214 0.542388 254.847 0.016716 0.998706 -0.0480249 -23.3391 -0.542264 0.0494095 0.838754 5.59167 
0.847415 0.00895324 0.530855 255.521 0.0191723 0.99869 -0.047449 -23.4092 -0.530584 0.0503867 0.846133 6.6854 
0.854053 0.00766636 0.520129 256.182 0.0202007 0.998648 -0.0478893 -23.4743 -0.519793 0.051407 0.852744 7.79068 
0.859158 0.00661164 0.511667 256.836 0.0205233 0.998667 -0.0473661 -23.541 -0.511298 0.051196 0.857877 8.91967 
0.862875 0.00615008 0.50538 257.48 0.0197007 0.998757 -0.0457908 -23.61 -0.505033 0.049468 0.861681 10.0518 
0.865636 0.00516218 0.500646 258.127 0.0198041 0.998811 -0.044541 -23.6768 -0.500281 0.0484711 0.864505 11.1996 
0.868145 0.00389368 0.496295 258.766 0.0206391 0.998821 -0.0439395 -23.7479 -0.49588 0.0483889 0.867041 12.3413 
0.870466 0.00238508 0.492222 259.402 0.0217649 0.998824 -0.0433301 -23.8141 -0.491746 0.0484305 0.869391 13.4922 
0.872489 0.000382527 0.488633 260.038 0.0227018 0.998888 -0.0413178 -23.8807 -0.488106 0.0471421 0.87151 14.6619 
0.874544 -0.00167834 0.484943 260.671 0.0243093 0.998888 -0.0403823 -23.9516 -0.484336 0.0471047 0.873613 15.8237 
0.876734 -0.00242165 0.48097 261.298 0.025133 0.998852 -0.0407847 -24.0146 -0.480318 0.0478455 0.875788 16.9942 
0.878896 -0.00359049 0.477001 261.926 0.0258719 0.998859 -0.0401518 -24.0778 -0.476312 0.0476301 0.877985 18.1658 
0.88088 -0.00352968 0.473326 262.54 0.0253882 0.998885 -0.0397999 -24.1445 -0.472658 0.0470758 0.879988 19.3467 
0.88279 -0.00396797 0.469751 263.157 0.0254561 0.998899 -0.0394015 -24.2074 -0.469078 0.0467413 0.881919 20.5348 
0.884846 -0.00350219 0.46587 263.771 0.0246976 0.998918 -0.0394 -24.2683 -0.465228 0.0463687 0.883975 21.7173 
0.886139 -0.00297156 0.463409 264.405 0.0238357 0.998948 -0.0391736 -24.3384 -0.462805 0.0457588 0.885278 22.9321 
