1 2.12261e-08 -2.11895e-08 0 2.12261e-08 1 2.10703e-08 0 -2.11895e-08 2.10703e-08 1 0 
1 -0.000528838 8.1372e-05 -0.030535 0.000528747 0.999999 0.00162386 -0.0192872 -8.22731e-05 -0.00162378 0.999999 1.35418 
0.999999 -0.00145356 -8.48769e-05 -0.0606714 0.00145373 0.999998 0.00147037 -0.0326574 8.2697e-05 -0.00147045 0.999999 2.70566 
0.999996 -0.00292952 -0.000147289 -0.0810953 0.00292961 0.999996 0.000317283 -0.0499562 0.000146316 -0.000317671 1 4.05849 
0.999995 -0.00308209 -1.38709e-05 -0.105169 0.00308213 0.999995 0.000246247 -0.0648494 1.30696e-05 -0.000246247 1 5.40319 
0.999994 -0.00356508 0.000271095 -0.13717 0.00356485 0.999993 0.000973229 -0.0821317 -0.000274605 -0.000972214 1 6.77077 
0.999988 -0.00482318 0.000719075 -0.159049 0.00482168 0.999986 0.00213194 -0.0998397 -0.00072939 -0.00212841 0.999998 8.12448 
0.999991 -0.00425107 0.000374458 -0.177365 0.00425017 0.999988 0.00247558 -0.116441 -0.000385019 -0.00247393 0.999997 9.47695 
0.999994 -0.00338351 0.000118048 -0.204197 0.00338349 0.999994 0.000534607 -0.134165 -0.000119899 -0.000534163 1 10.8343 
1 -0.000302025 0.000314298 -0.232272 0.000302642 0.999998 -0.00183003 -0.155368 -0.000313787 0.00183016 0.999998 12.1887 
0.999995 0.00316644 0.000814913 -0.264702 -0.00316408 0.999991 -0.00282497 -0.176892 -0.000823893 0.00282242 0.999996 13.5516 
0.999983 0.00572893 0.000926436 -0.289408 -0.00572602 0.999979 -0.00306442 -0.199409 -0.000944015 0.00305911 0.999995 14.9113 
0.999976 0.00684479 0.00133663 -0.315245 -0.00684152 0.999974 -0.00240643 -0.220661 -0.00135311 0.00239727 0.999996 16.2801 
0.999988 0.0044826 0.00201011 -0.337258 -0.00448324 0.99999 0.000337494 -0.241289 -0.00200862 -0.00034646 0.999998 17.6524 
0.999997 0.000605334 0.00225141 -0.360736 -0.000609953 0.999998 0.00207038 -0.262094 -0.00225019 -0.0020717 0.999995 19.0077 
0.999996 -0.00169344 0.00213117 -0.379836 0.00169389 0.999999 -0.000191584 -0.284382 -0.00213088 0.000195235 0.999998 20.3721 
0.999994 -0.00259736 0.00221688 -0.403619 0.00260244 0.999994 -0.00227396 -0.304172 -0.002211 0.00227976 0.999995 21.7365 
0.999995 -0.000277263 0.00311834 -0.431537 0.00028953 0.999992 -0.00392018 -0.330327 -0.00311728 0.00392111 0.999987 23.1042 
0.999988 0.00291023 0.00403025 -0.452248 -0.00290119 0.999993 -0.00223847 -0.347981 -0.00403678 0.00222679 0.999989 24.4931 
0.999985 0.00328084 0.00443056 -0.46911 -0.00328651 0.999994 0.00128126 -0.370808 -0.00442637 -0.00129576 0.999989 25.8843 
0.999987 0.00109576 0.00502956 -0.48625 -0.00111166 0.999994 0.00316836 -0.388484 -0.0050261 -0.00317387 0.999982 27.2589 
0.999985 -0.00288043 0.00456226 -0.498116 0.00287393 0.999995 0.00144018 -0.406417 -0.00456642 -0.001427 0.999989 28.6391 
0.999985 -0.00330685 0.00438591 -0.513497 0.00331033 0.999994 -0.000777637 -0.431008 -0.00438336 0.000792186 0.99999 30.021 
0.999981 -0.00346107 0.00518202 -0.529162 0.00347781 0.999989 -0.00321639 -0.456486 -0.00517088 0.00323439 0.999981 31.4139 
0.999983 -0.000175975 0.00587819 -0.553818 0.000199593 0.999992 -0.00401019 -0.485233 -0.00587748 0.00401133 0.999975 32.7963 
0.999981 0.000568217 0.00622123 -0.574189 -0.000530318 0.999981 -0.006085 -0.512687 -0.00622462 0.00608162 0.999962 34.1885 
0.999979 0.00158997 0.00634982 -0.588666 -0.0015543 0.999983 -0.00561195 -0.539654 -0.00635868 0.005602 0.999964 35.5991 
0.999979 0.00164827 0.00626732 -0.607166 -0.00162081 0.999989 -0.00437796 -0.569631 -0.00627451 0.00436775 0.999971 36.9971 
0.999979 0.00266681 0.00596071 -0.625003 -0.00264962 0.999992 -0.00288307 -0.598089 -0.0059684 0.00286725 0.999978 38.4023 
0.999966 0.00557875 0.00615981 -0.647285 -0.0055619 0.999981 -0.0027418 -0.624437 -0.00617503 0.00270749 0.999977 39.8079 
0.999944 0.00829148 0.0065953 -0.670374 -0.00826923 0.99996 -0.00338618 -0.645616 -0.00662315 0.0033315 0.999973 41.2303 
0.999924 0.0103521 0.00669161 -0.68787 -0.0103323 0.999942 -0.00298743 -0.671956 -0.00672219 0.00291811 0.999973 42.6508 
0.999919 0.0109921 0.00640188 -0.704053 -0.0109732 0.999935 -0.00297358 -0.69622 -0.00643419 0.00290313 0.999975 44.0836 
0.999929 0.010221 0.00617174 -0.730625 -0.0102012 0.999943 -0.00321324 -0.718945 -0.00620427 0.00315009 0.999976 45.5182 
0.999943 0.00920053 0.00550851 -0.744122 -0.00918027 0.999951 -0.00368315 -0.745062 -0.00554217 0.00363242 0.999978 46.95 
0.99995 0.00869715 0.00502013 -0.771253 -0.00867954 0.999956 -0.00351074 -0.770693 -0.00505049 0.00346704 0.999981 48.3638 
0.999949 0.00923491 0.0040701 -0.792116 -0.00922516 0.999955 -0.00239759 -0.796637 -0.0040921 0.00235996 0.999989 49.7965 
0.999952 0.00928225 0.0030592 -0.815007 -0.00927414 0.999954 -0.00264124 -0.827602 -0.00308361 0.00261279 0.999992 51.2209 
0.999952 0.00962597 0.00195983 -0.836391 -0.00962156 0.999951 -0.00222365 -0.854671 -0.00198118 0.00220473 0.999996 52.6503 
0.999956 0.00933989 0.00106303 -0.865745 -0.00933843 0.999956 -0.00132511 -0.881709 -0.0010754 0.00131517 0.999999 54.1126 
0.999967 0.00811133 0.000603473 -0.895236 -0.00811104 0.999967 -0.000421842 -0.908623 -0.000606917 0.000416975 1 55.5679 
0.999976 0.00697692 0.000188042 -0.917722 -0.00697679 0.999976 -0.000452015 -0.931542 -0.000191233 0.000450734 1 57.011 
0.99999 0.00455495 -0.000163147 -0.940399 -0.00455508 0.999989 -0.00104717 -0.958232 0.000158333 0.00104795 0.999999 58.4458 
0.999993 0.00375629 -0.0002803 -0.960437 -0.00375649 0.999993 -0.000869891 -0.9823 0.000276988 0.00087098 1 59.8887 
0.999998 0.00220652 0.000181409 -0.986493 -0.00220646 0.999998 -0.000116081 -1.01016 -0.000181707 0.000115723 1 61.3261 
0.999999 0.0011395 0.000656545 -1.00952 -0.00113973 0.999999 0.000422444 -1.03396 -0.000656105 -0.000423149 1 62.7886 
0.999999 -0.000286982 0.00128142 -1.03512 0.00028718 1 -0.000121537 -1.06009 -0.00128143 0.000121947 0.999999 64.238 
0.999996 -0.00207819 0.00166516 -1.052 0.00207969 0.999997 -0.000874456 -1.08901 -0.00166338 0.000877958 0.999998 65.6661 
0.999997 -0.00127418 0.00226302 -1.07502 0.00127707 0.999998 -0.00125448 -1.11726 -0.00226146 0.0012574 0.999997 67.1016 
0.999995 -6.08881e-05 0.0031793 -1.09877 6.54355e-05 0.999999 -0.00141683 -1.14751 -0.00317925 0.00141707 0.999994 68.5312 
0.999987 0.00358603 0.0037477 -1.12531 -0.00358528 0.999994 -0.000195539 -1.1742 -0.00374842 0.000182142 0.999993 69.9592 
0.999967 0.00660271 0.00480497 -1.15447 -0.00660807 0.999978 0.00111106 -1.20218 -0.00479757 -0.00114273 0.999988 71.3767 
0.999926 0.0107602 0.0056772 -1.17938 -0.0107687 0.999941 0.0014749 -1.22609 -0.00566104 -0.00153589 0.999983 72.799 
0.999861 0.0153117 0.00656047 -1.20946 -0.0153179 0.999882 0.000893489 -1.24998 -0.00654605 -0.000993816 0.999978 74.1949 
0.999812 0.0180644 0.00711656 -1.23557 -0.0180676 0.999837 0.000392058 -1.27789 -0.00710835 -0.000520522 0.999975 75.6061 
0.999771 0.0198819 0.00788007 -1.25411 -0.0198849 0.999802 0.000300588 -1.30282 -0.00787258 -0.000457172 0.999969 77.022 
0.999771 0.0197422 0.00829956 -1.30261 -0.019747 0.999805 0.000502382 -1.32017 -0.00828807 -0.000666117 0.999965 78.5167 
0.999784 0.0189491 0.00848574 -1.31236 -0.0189504 0.99982 7.89985e-05 -1.34379 -0.00848277 -0.000239748 0.999964 79.9246 
0.999806 0.0177707 0.00847412 -1.3283 -0.0177649 0.999842 -0.000752623 -1.37204 -0.0084862 0.000601977 0.999964 81.3302 
0.999811 0.0176108 0.00820991 -1.34281 -0.0176035 0.999845 -0.000948692 -1.39543 -0.00822538 0.000804031 0.999966 82.741 
0.999818 0.0173491 0.00799155 -1.35597 -0.0173441 0.999849 -0.000697571 -1.42525 -0.00800249 0.000558879 0.999968 84.1272 
0.999826 0.0170509 0.0075788 -1.37707 -0.017042 0.999854 -0.00122859 -1.44763 -0.00759868 0.00109926 0.999971 85.5419 
0.999829 0.0171544 0.00697715 -1.39511 -0.0171482 0.999853 -0.000931829 -1.47189 -0.00699215 0.000812065 0.999975 86.9407 
0.99985 0.0162813 0.00599658 -1.41432 -0.016281 0.999867 -8.08243e-05 -1.49904 -0.00599714 -1.67768e-05 0.999982 88.3524 
0.99989 0.0139141 0.00513191 -1.4313 -0.0139195 0.999903 0.0010237 -1.52351 -0.00511721 -0.00109498 0.999986 89.7457 
0.999924 0.0117348 0.00375779 -1.44435 -0.0117399 0.99993 0.00134006 -1.54455 -0.00374185 -0.00138403 0.999992 91.1405 
0.999948 0.00973858 0.0030613 -1.46657 -0.00974266 0.999952 0.00133341 -1.56726 -0.00304821 -0.00136312 0.999994 92.5358 
0.999965 0.0079628 0.0024932 -1.48194 -0.00796491 0.999968 0.000854222 -1.58612 -0.00248637 -0.000874008 0.999997 93.9404 
0.999973 0.00691373 0.00240312 -1.50074 -0.00691469 0.999976 0.000408078 -1.61066 -0.00240028 -0.000424642 0.999997 95.3082 
0.999971 0.00729184 0.00224182 -1.52363 -0.00729122 0.999973 -0.000266597 -1.63509 -0.00224375 0.000250286 0.999997 96.6725 
0.999971 0.00732349 0.00225495 -1.54507 -0.00732145 0.999973 -0.000891051 -1.66005 -0.00226145 0.000874557 0.999997 98.039 
0.999963 0.00823146 0.00250432 -1.5719 -0.00822733 0.999965 -0.00163551 -1.6864 -0.00251773 0.00161489 0.999996 99.4105 
0.999949 0.00967089 0.00306585 -1.60251 -0.00966666 0.999952 -0.00137944 -1.71367 -0.00307908 0.00134977 0.999994 100.775 
0.999943 0.0102001 0.00329477 -1.62416 -0.0102005 0.999948 0.000107278 -1.73914 -0.00329354 -0.000140838 0.999995 102.145 
0.999933 0.011071 0.0033266 -1.64471 -0.0110761 0.999938 0.00153544 -1.76821 -0.00330944 -0.00157214 0.999993 103.515 
0.999938 0.0105135 0.00359635 -1.66726 -0.0105134 0.999945 -3.71136e-05 -1.79071 -0.00359658 -6.56692e-07 0.999994 104.883 
0.999936 0.0105741 0.00413221 -1.68992 -0.0105637 0.999941 -0.0025145 -1.81372 -0.0041586 0.00247073 0.999988 106.24 
0.999943 0.00995855 0.00396004 -1.71218 -0.0099436 0.999944 -0.00376812 -1.83974 -0.00399738 0.00372857 0.999985 107.591 
0.99996 0.00788875 0.0041899 -1.72938 -0.00787783 0.999966 -0.00260614 -1.86587 -0.00421036 0.00257307 0.999988 108.935 
0.999973 0.00546758 0.00488146 -1.74978 -0.00546329 0.999985 -0.00088495 -1.88875 -0.00488626 0.000858299 0.999988 110.294 
0.999973 0.00414459 0.00605213 -1.76473 -0.00414182 0.999991 -0.000462633 -1.91193 -0.00605404 0.000437596 0.999982 111.652 
0.999971 0.00340237 0.00681349 -1.77604 -0.00338942 0.999992 -0.0019053 -1.93794 -0.00681996 0.00188219 0.999975 112.99 
0.999955 0.00568804 0.00763424 -1.79241 -0.00565326 0.999974 -0.00456412 -1.96086 -0.00766004 0.0045208 0.99996 114.343 
0.999929 0.00789122 0.00897127 -1.8077 -0.00783079 0.999947 -0.00674655 -1.98933 -0.00902407 0.00667586 0.999937 115.684 
0.999882 0.0112457 0.0104729 -1.82541 -0.0111737 0.999914 -0.00690918 -2.01789 -0.0105497 0.00679138 0.999921 117.029 
0.99985 0.0122569 0.0122463 -1.84026 -0.0121961 0.999913 -0.00502227 -2.04698 -0.0123068 0.0048722 0.999912 118.386 
0.999831 0.0124347 0.0135195 -1.84713 -0.0123955 0.999919 -0.00297523 -2.07432 -0.0135555 0.00280719 0.999904 119.746 
0.999828 0.0117668 0.0143265 -1.85217 -0.0117317 0.999928 -0.00252583 -2.09805 -0.0143552 0.00235737 0.999894 121.104 
0.999802 0.012388 0.0155537 -1.85834 -0.0123389 0.999919 -0.00324551 -2.12211 -0.0155927 0.00305299 0.999874 122.457 
0.999756 0.0142292 0.016901 -1.86491 -0.014165 0.999892 -0.00391047 -2.14887 -0.0169549 0.00367015 0.99985 123.799 
0.999703 0.0162265 0.0181821 -1.86864 -0.0161519 0.999861 -0.00423827 -2.17574 -0.0182483 0.00394338 0.999826 125.157 
0.999674 0.0167404 0.0192969 -1.87155 -0.0166422 0.999848 -0.00523695 -2.2045 -0.0193816 0.00491414 0.9998 126.491 
0.999628 0.018107 0.0203777 -1.87409 -0.0179832 0.999819 -0.00624067 -2.23098 -0.0204871 0.00587194 0.999773 127.857 
0.999619 0.0172573 0.0215551 -1.86938 -0.0171188 0.999832 -0.00659027 -2.25949 -0.0216653 0.0062188 0.999746 129.218 
0.9996 0.0168459 0.0227377 -1.86847 -0.0167239 0.999845 -0.00554256 -2.28696 -0.0228276 0.00516012 0.999726 130.583 
0.999587 0.0157976 0.0240112 -1.86947 -0.0156857 0.999865 -0.00483889 -2.31189 -0.0240844 0.0044603 0.9997 131.955 
0.999587 0.0149547 0.0245215 -1.86499 -0.0148469 0.999879 -0.00457026 -2.33744 -0.0245869 0.00420434 0.999689 133.317 
0.999609 0.0127475 0.0248923 -1.86352 -0.0126429 0.999911 -0.00435225 -2.36627 -0.0249456 0.00403588 0.999681 134.685 
0.999627 0.0110987 0.0249382 -1.85771 -0.0110063 0.999932 -0.00383656 -2.39334 -0.0249791 0.00356069 0.999682 136.04 
0.999652 0.0096393 0.0245522 -1.85089 -0.00954191 0.999946 -0.00407871 -2.42065 -0.0245902 0.00384305 0.99969 137.404 
0.999685 0.00839745 0.0236425 -1.84698 -0.00829821 0.999956 -0.00429069 -2.44688 -0.0236776 0.00409319 0.999711 138.765 
0.999717 0.00701197 0.0227504 -1.84119 -0.00693619 0.99997 -0.00340612 -2.47284 -0.0227737 0.00324739 0.999735 140.128 
0.999748 0.00549645 0.021767 -1.83495 -0.00542732 0.99998 -0.00323188 -2.50199 -0.0217844 0.00311297 0.999758 141.478 
0.999777 0.0050994 0.0205089 -1.83182 -0.00503519 0.999982 -0.00317917 -2.53101 -0.0205248 0.00307524 0.999785 142.826 
0.999799 0.00478899 0.0194926 -1.83239 -0.00471764 0.999982 -0.0037024 -2.56065 -0.01951 0.00360973 0.999803 144.176 
0.999816 0.00490041 0.0185223 -1.83187 -0.00482474 0.99998 -0.00412552 -2.5879 -0.0185422 0.00403544 0.99982 145.534 
0.99984 0.00260431 0.0177261 -1.83377 -0.00249 0.999976 -0.00646569 -2.61627 -0.0177425 0.00642055 0.999822 146.883 
0.999859 -0.0027923 0.0165311 -1.82467 0.0029037 0.999973 -0.00671625 -2.64917 -0.0165119 0.00676335 0.999841 148.237 
0.999823 -0.010468 0.0156523 -1.81603 0.0105365 0.999935 -0.00429768 -2.67907 -0.0156063 0.00446188 0.999868 149.584 
0.999757 -0.0171837 0.0138362 -1.80464 0.0172245 0.999848 -0.00282846 -2.70653 -0.0137855 0.00306613 0.9999 150.937 
0.999709 -0.0202722 0.0130672 -1.8027 0.0203553 0.999773 -0.00625515 -2.73426 -0.0129374 0.00651936 0.999895 152.297 
0.999717 -0.0196325 0.0134072 -1.8059 0.0197603 0.99976 -0.00946099 -2.76596 -0.0132183 0.00972329 0.999865 153.656 
0.999763 -0.0163549 0.0143557 -1.81278 0.0165234 0.999795 -0.0116948 -2.80072 -0.0141615 0.0119293 0.999829 155.015 
0.99975 -0.0164229 0.0151673 -1.81681 0.0166038 0.999792 -0.0118767 -2.83641 -0.0149691 0.0121256 0.999814 156.374 
0.999679 -0.0197373 0.015861 -1.8145 0.019871 0.999768 -0.0083159 -2.87415 -0.0156932 0.00862845 0.99984 157.732 
0.999562 -0.0248448 0.0161055 -1.80407 0.0249369 0.999674 -0.00554261 -2.90693 -0.0159626 0.00594184 0.999855 159.091 
0.999456 -0.0287617 0.0161427 -1.79424 0.0288306 0.999576 -0.00404762 -2.9406 -0.0160195 0.00451086 0.999862 160.464 
0.999411 -0.0301695 0.0163639 -1.79456 0.0302429 0.999534 -0.00425277 -2.96935 -0.016228 0.0047452 0.999857 161.822 
0.999449 -0.028244 0.0174419 -1.79706 0.028308 0.999593 -0.00343552 -3.00156 -0.0173378 0.00392741 0.999842 163.178 
0.999529 -0.0243245 0.0186933 -1.80177 0.0244104 0.999692 -0.004377 -3.03189 -0.0185811 0.0048313 0.999816 164.532 
0.99959 -0.0207544 0.0197397 -1.80703 0.0208891 0.99976 -0.00664161 -3.0625 -0.0195972 0.00705127 0.999783 165.883 
0.999633 -0.017787 0.020433 -1.80452 0.0179375 0.999813 -0.00720182 -3.09369 -0.0203011 0.00756574 0.999765 167.245 
0.999655 -0.0159511 0.0208814 -1.79832 0.0160815 0.999852 -0.00608893 -3.12731 -0.0207812 0.00642268 0.999763 168.623 
0.999685 -0.0139786 0.0208427 -1.79437 0.0141162 0.999879 -0.0064672 -3.16011 -0.0207498 0.00675943 0.999762 169.996 
0.999719 -0.0119024 0.0204933 -1.79511 0.0120859 0.999888 -0.00885334 -3.19434 -0.0203857 0.00909857 0.999751 171.362 
0.999762 -0.0078036 0.0203543 -1.802 0.00804395 0.999899 -0.0117509 -3.23095 -0.0202606 0.0119119 0.999724 172.723 
0.999789 -0.00243484 0.020384 -1.80898 0.00270382 0.99991 -0.0131767 -3.26756 -0.0203501 0.0132291 0.999705 174.1 
0.999783 0.00226198 0.0207035 -1.81095 -0.00201172 0.999925 -0.0120987 -3.30633 -0.0207294 0.0120544 0.999712 175.481 
0.999756 0.00528347 0.0214269 -1.81382 -0.00506448 0.999935 -0.0102597 -3.34477 -0.0214798 0.0101487 0.999718 176.865 
0.99975 0.0060508 0.0215136 -1.80858 -0.00587466 0.999949 -0.00823916 -3.37852 -0.0215624 0.00811076 0.999735 178.267 
0.999777 0.00314314 0.0208894 -1.80478 -0.00298835 0.999968 -0.00743459 -3.40939 -0.0209121 0.00737054 0.999754 179.65 
0.999814 0.000832567 0.0192891 -1.79974 -0.000692272 0.999973 -0.00727659 -3.44449 -0.0192947 0.00726193 0.999788 181.041 
0.999847 0.000726245 0.0174548 -1.79713 -0.000526098 0.999934 -0.011466 -3.48031 -0.0174621 0.0114551 0.999782 182.437 
0.999866 0.00266514 0.0161627 -1.80071 -0.00241145 0.999874 -0.015693 -3.51927 -0.0162026 0.015652 0.999746 183.838 
0.999851 0.00731189 0.0156456 -1.81225 -0.00705702 0.999843 -0.0162808 -3.56377 -0.0157622 0.016168 0.999745 185.239 
0.999819 0.0107164 0.01574 -1.82189 -0.0104771 0.99983 -0.0152019 -3.60889 -0.0159002 0.0150342 0.999761 186.647 
0.999789 0.0127703 0.016063 -1.82865 -0.0125808 0.999851 -0.0118406 -3.64789 -0.0162119 0.0116361 0.999801 188.06 
0.999781 0.013325 0.016138 -1.82951 -0.0131665 0.999864 -0.00988931 -3.68228 -0.0162676 0.00967471 0.999821 189.501 
0.999786 0.0127768 0.0162495 -1.83439 -0.0126289 0.999878 -0.00917364 -3.7108 -0.0163648 0.00896651 0.999826 190.949 
0.99981 0.0109276 0.0161558 -1.83259 -0.0107888 0.999904 -0.00865558 -3.74008 -0.0162489 0.00847967 0.999832 192.405 
0.999831 0.00830445 0.0163945 -1.83471 -0.0081724 0.999934 -0.0081027 -3.77354 -0.0164608 0.00796739 0.999833 193.838 
0.99985 0.00529728 0.0165216 -1.83444 -0.00516432 0.999954 -0.00807764 -3.80691 -0.0165637 0.00799114 0.999831 195.275 
0.999854 0.00221843 0.0169411 -1.83158 -0.00209697 0.999972 -0.00718092 -3.83603 -0.0169566 0.00714439 0.999831 196.722 
0.999849 -0.00188402 0.0172937 -1.82373 0.0019844 0.999981 -0.00578664 -3.86334 -0.0172825 0.00582012 0.999834 198.181 
0.999835 -0.0045233 0.0175783 -1.81701 0.00462706 0.999972 -0.00586418 -3.89521 -0.0175513 0.0059446 0.999828 199.636 
0.999838 -0.00231918 0.0178516 -1.81806 0.00250374 0.999944 -0.0103206 -3.92975 -0.0178267 0.0103637 0.999787 201.07 
0.99982 0.00503541 0.0182878 -1.82783 -0.00475448 0.999871 -0.0153705 -3.97093 -0.0183629 0.0152808 0.999715 202.5 
0.999708 0.014065 0.0196397 -1.8398 -0.0137612 0.999785 -0.015516 -4.01026 -0.0198537 0.0152413 0.999687 203.928 
0.99955 0.0216701 0.020747 -1.8532 -0.021424 0.999698 -0.0120124 -4.05248 -0.0210011 0.0115625 0.999713 205.365 
0.999506 0.022673 0.0217888 -1.85797 -0.0224594 0.999698 -0.00999671 -4.08754 -0.0220089 0.00950244 0.999713 206.832 
0.999561 0.0206976 0.021213 -1.84782 -0.0204984 0.999744 -0.00956378 -4.12008 -0.0214055 0.00912479 0.999729 208.29 
0.999642 0.0176897 0.0200916 -1.84175 -0.0174999 0.999801 -0.00958103 -4.15609 -0.0202571 0.00922604 0.999752 209.748 
0.999694 0.0155555 0.0192294 -1.84061 -0.015362 0.99983 -0.0101635 -4.19249 -0.0193843 0.00986505 0.999763 211.213 
0.999694 0.0162198 0.0187036 -1.8381 -0.016022 0.999815 -0.0106759 -4.23112 -0.0188734 0.010373 0.999768 212.687 
0.999671 0.0176055 0.0186695 -1.83965 -0.01741 0.999792 -0.0105811 -4.27001 -0.018852 0.0102526 0.99977 214.157 
0.999644 0.0188816 0.0188611 -1.84579 -0.0186992 0.999777 -0.00979844 -4.30698 -0.0190419 0.0094423 0.999774 215.634 
0.999658 0.0182523 0.018748 -1.8462 -0.0180607 0.999784 -0.0103359 -4.34613 -0.0189326 0.00999385 0.999771 217.105 
0.999663 0.0181652 0.0185262 -1.84665 -0.017955 0.999773 -0.0114509 -4.38308 -0.01873 0.0111144 0.999763 218.574 
0.999675 0.0176858 0.0183673 -1.85047 -0.0174722 0.999779 -0.0117216 -4.42351 -0.0185706 0.0113969 0.999763 220.051 
0.999671 0.0180286 0.0182422 -1.85517 -0.0178131 0.999771 -0.0119033 -4.46211 -0.0184526 0.0115745 0.999763 221.544 
0.999662 0.0185588 0.0181966 -1.85845 -0.0183378 0.999757 -0.012235 -4.50084 -0.0184193 0.0118972 0.99976 223.047 
0.999666 0.0185516 0.0179683 -1.86052 -0.0183293 0.999754 -0.0124552 -4.54187 -0.018195 0.0121217 0.999761 224.54 
0.999654 0.0196545 0.0174647 -1.86015 -0.019431 0.999728 -0.0128735 -4.58308 -0.017713 0.0125297 0.999765 226.042 
0.999658 0.019599 0.0172884 -1.86423 -0.0193749 0.999727 -0.0130356 -4.62393 -0.0175392 0.0126962 0.999766 227.546 
0.999662 0.0197126 0.0169391 -1.86212 -0.0194927 0.999725 -0.0130437 -4.66839 -0.0171916 0.0127092 0.999771 229.051 
0.999676 0.0190869 0.0168499 -1.86535 -0.0188673 0.999736 -0.0130945 -4.71041 -0.0170954 0.0127724 0.999772 230.554 
0.999697 0.0177413 0.0170937 -1.8681 -0.0175162 0.999759 -0.0132281 -4.75474 -0.0173243 0.0129247 0.999766 232.063 
0.999712 0.0166626 0.0172758 -1.86677 -0.0164384 0.99978 -0.0130369 -4.79625 -0.0174893 0.0127492 0.999766 233.582 
0.999725 0.0153878 0.0176804 -1.87173 -0.0151716 0.999809 -0.0122912 -4.84025 -0.0178663 0.0120196 0.999768 235.1 
0.999725 0.0153936 0.0177129 -1.87225 -0.015181 0.999812 -0.0120719 -4.88317 -0.0178954 0.0117997 0.99977 236.621 
0.999719 0.0155522 0.0179138 -1.87349 -0.0153335 0.999807 -0.0122766 -4.92991 -0.0181014 0.0119985 0.999764 238.143 
0.999701 0.0162291 0.0182694 -1.87146 -0.0159955 0.999789 -0.0128577 -4.97475 -0.0184743 0.0125617 0.99975 239.656 
0.999668 0.0176098 0.0188267 -1.87591 -0.0173817 0.999774 -0.0122106 -5.01809 -0.0190375 0.0118793 0.999748 241.177 
0.999646 0.0177537 0.0198231 -1.88467 -0.0175557 0.999795 -0.0101163 -5.06118 -0.0199987 0.00976478 0.999752 242.697 
0.999632 0.0177587 0.0205264 -1.8838 -0.0175614 0.999798 -0.00974809 -5.10075 -0.0206954 0.00938407 0.999742 244.222 
0.99962 0.0179405 0.0209219 -1.88035 -0.0177051 0.999779 -0.0113807 -5.14405 -0.0211214 0.011006 0.999716 245.74 
0.999605 0.0182477 0.0213996 -1.87897 -0.0179798 0.999758 -0.012642 -5.18617 -0.0216251 0.0122523 0.999691 247.268 
0.999577 0.0191455 0.021897 -1.88054 -0.0188802 0.999747 -0.0122585 -5.22931 -0.0221262 0.01184 0.999685 248.794 
0.999588 0.0186232 0.0218552 -1.87821 -0.0183794 0.999767 -0.0113 -5.27046 -0.0220606 0.0108937 0.999697 250.339 
0.999588 0.0187243 0.0217737 -1.87769 -0.0184888 0.999769 -0.0109669 -5.31057 -0.021974 0.0105598 0.999703 251.895 
0.999585 0.0191716 0.021524 -1.87207 -0.0189364 0.999759 -0.0110773 -5.34575 -0.0217313 0.0106652 0.999707 253.428 
0.999548 0.0207577 0.0217311 -1.8688 -0.0205217 0.999729 -0.0110253 -5.38518 -0.0219541 0.0105744 0.999703 254.989 
0.999514 0.0221047 0.0219869 -1.86426 -0.0218597 0.999697 -0.0113196 -5.42192 -0.0222305 0.0108335 0.999694 256.536 
0.999494 0.0226336 0.0223407 -1.86458 -0.0223866 0.999686 -0.0112451 -5.4619 -0.0225882 0.0107393 0.999687 258.083 
0.999519 0.0214611 0.0223824 -1.85645 -0.0212137 0.999712 -0.0112289 -5.503 -0.022617 0.0107487 0.999686 259.622 
0.999558 0.0196426 0.0223016 -1.8503 -0.0194118 0.999756 -0.0105159 -5.54305 -0.0225028 0.0100784 0.999696 261.162 
0.999603 0.0172197 0.0223194 -1.83793 -0.0170036 0.999807 -0.00983281 -5.58203 -0.0224844 0.00944943 0.999703 262.709 
0.999636 0.0158565 0.0218249 -1.82444 -0.0156267 0.999821 -0.0106569 -5.62262 -0.02199 0.010312 0.999705 264.252 
0.999653 0.0149638 0.0216939 -1.81407 -0.0147105 0.999822 -0.0117877 -5.66303 -0.0218665 0.0114645 0.999695 265.801 
0.999659 0.0134784 0.0223593 -1.80668 -0.013257 0.999862 -0.0100203 -5.70442 -0.0224913 0.00972048 0.9997 267.349 
0.999663 0.0117734 0.0231324 -1.80425 -0.0115808 0.999897 -0.00843732 -5.74502 -0.0232294 0.00816662 0.999697 268.908 
0.999681 0.0103084 0.0230517 -1.79601 -0.0100962 0.999906 -0.00930159 -5.78562 -0.0231454 0.00906593 0.999691 270.462 
0.99967 0.00999281 0.0236767 -1.78895 -0.00975076 0.999899 -0.0103148 -5.82675 -0.0237775 0.0100806 0.999666 272.01 
0.999646 0.0106536 0.0243739 -1.7802 -0.0103963 0.999889 -0.0106551 -5.86789 -0.0244847 0.0103979 0.999646 273.558 
0.999602 0.0125703 0.0252547 -1.77215 -0.0123039 0.999867 -0.0106735 -5.91148 -0.0253855 0.0103585 0.999624 275.106 
0.999556 0.0141818 0.0262007 -1.76277 -0.0138944 0.999842 -0.0111156 -5.95306 -0.0263542 0.0107467 0.999595 276.663 
0.999506 0.0156246 0.0272692 -1.75318 -0.0153119 0.999815 -0.0116395 -5.99532 -0.027446 0.0112162 0.99956 278.216 
0.999477 0.0160819 0.028043 -1.73969 -0.0157532 0.999805 -0.0119004 -6.03773 -0.028229 0.0114525 0.999536 279.772 
0.999468 0.0159441 0.0284645 -1.72233 -0.0155873 0.999798 -0.0127144 -6.08013 -0.0286615 0.012264 0.999514 281.338 
0.999444 0.0155452 0.0294965 -1.70694 -0.0151636 0.999799 -0.0131146 -6.12848 -0.0296945 0.0126601 0.999479 282.884 
0.999415 0.0155169 0.0304747 -1.68756 -0.0151322 0.999803 -0.0128146 -6.17873 -0.0306676 0.012346 0.999453 284.453 
0.999414 0.0141247 0.0311785 -1.67005 -0.0137593 0.999835 -0.0119018 -6.22331 -0.0313415 0.0114659 0.999443 286.027 
0.999421 0.0128835 0.0315037 -1.65113 -0.0125257 0.999855 -0.0115274 -6.26814 -0.0316477 0.0111261 0.999437 287.58 
0.999428 0.0124181 0.0314715 -1.63291 -0.0119873 0.999832 -0.0138404 -6.31616 -0.0316381 0.0134553 0.999409 289.141 
0.999439 0.0113073 0.0315257 -1.61261 -0.0108056 0.999813 -0.016037 -6.36321 -0.0317011 0.0156873 0.999374 290.702 
0.999458 0.0114432 0.0308559 -1.58988 -0.010956 0.999813 -0.0159129 -6.41697 -0.0310323 0.0155663 0.999397 292.247 
0.999503 0.0103772 0.0297724 -1.56942 -0.00990992 0.999826 -0.0157977 -6.46314 -0.0299312 0.0154948 0.999432 293.792 
0.999538 0.00981221 0.0287745 -1.55405 -0.00934576 0.999824 -0.0162993 -6.51418 -0.0289294 0.0160228 0.999453 295.371 
0.999551 0.00999993 0.0282578 -1.53921 -0.00953161 0.999816 -0.0166579 -6.5615 -0.0284192 0.0163811 0.999462 296.97 
0.999573 0.00963019 0.0275792 -1.52397 -0.00918816 0.999828 -0.0161084 -6.61225 -0.0277296 0.0158481 0.99949 298.546 
0.999604 0.00913855 0.0265981 -1.51073 -0.00871495 0.999834 -0.0159971 -6.6591 -0.02674 0.015759 0.999518 300.118 
0.999636 0.00836585 0.0256441 -1.50059 -0.00799304 0.999861 -0.0146043 -6.70323 -0.0257628 0.0143941 0.999564 301.722 
0.99963 0.0102498 0.0251861 -1.49928 -0.00991211 0.99986 -0.0134941 -6.7475 -0.0253209 0.0132395 0.999592 303.334 
0.999608 0.0105289 0.0259278 -1.49232 -0.0101795 0.999856 -0.0135669 -6.78883 -0.026067 0.0132977 0.999572 304.94 
0.999581 0.011085 0.0267381 -1.47868 -0.010712 0.999844 -0.0140541 -6.83056 -0.0268898 0.0137618 0.999544 306.549 
0.999585 0.00984714 0.0270802 -1.46635 -0.00946289 0.999853 -0.0142796 -6.87773 -0.0272169 0.0140175 0.999531 308.155 
0.999612 0.00776008 0.0267481 -1.43094 -0.00735455 0.999857 -0.0152247 -6.92572 -0.0268624 0.0150221 0.999526 309.769 
0.999609 0.00645409 0.0271937 -1.4214 -0.00598821 0.999835 -0.0171769 -6.97509 -0.0273002 0.0170074 0.999483 311.392 
0.999623 0.00578871 0.0268354 -1.40278 -0.0053038 0.999822 -0.0181042 -7.02849 -0.0269355 0.0179551 0.999476 313.007 
0.999679 0.00652211 0.0245029 -1.39036 -0.00605323 0.999798 -0.0191595 -7.07864 -0.024623 0.019005 0.999516 314.63 
0.999722 0.0076064 0.0223386 -1.38499 -0.0071937 0.999803 -0.0184955 -7.13299 -0.022475 0.0183297 0.999579 316.247 
0.999726 0.00843797 0.0218528 -1.37826 -0.00810746 0.999852 -0.0151667 -7.18573 -0.0219776 0.0149854 0.999646 317.884 
0.999728 0.00711666 0.0222092 -1.35794 -0.00684294 0.9999 -0.0123745 -7.22937 -0.0222951 0.0122192 0.999677 319.543 
0.999734 0.00618224 0.0222372 -1.35196 -0.00592128 0.999913 -0.0117804 -7.27062 -0.0223081 0.0116456 0.999683 321.18 
0.999735 0.00508482 0.0224405 -1.34396 -0.00479438 0.999904 -0.0129754 -7.31641 -0.0225043 0.0128645 0.999664 322.825 
0.999728 0.00421677 0.0229514 -1.34124 -0.00391746 0.999907 -0.0130686 -7.36101 -0.0230044 0.0129752 0.999651 324.477 
0.999716 0.00404593 0.0234885 -1.339 -0.00374478 0.99991 -0.0128491 -7.4083 -0.0235384 0.0127576 0.999642 326.133 
0.999699 0.00414491 0.024194 -1.33537 -0.00383336 0.999909 -0.0129077 -7.45642 -0.0242454 0.0128111 0.999624 327.788 
0.999681 0.00557547 0.024619 -1.33117 -0.00523601 0.999891 -0.01383 -7.50627 -0.0246934 0.0136968 0.999601 329.439 
0.999654 0.00639112 0.0255232 -1.32827 -0.00602351 0.999877 -0.0144526 -7.55577 -0.0256125 0.0142939 0.99957 331.089 
0.999631 0.00505098 0.0267094 -1.32487 -0.00471393 0.999909 -0.0126653 -7.60306 -0.0267709 0.0125348 0.999563 332.722 
0.999627 0.00427008 0.0269607 -1.31768 -0.00395063 0.999922 -0.0118894 -7.65213 -0.0270094 0.0117785 0.999566 334.38 
0.999632 0.00293003 0.0269835 -1.30236 -0.0025792 0.999912 -0.0130256 -7.69771 -0.0270193 0.0129513 0.999551 336.01 
0.999618 0.00435961 0.0272913 -1.29313 -0.00400914 0.999909 -0.012882 -7.7506 -0.027345 0.0127677 0.999545 337.638 
0.999617 0.00607202 0.0270072 -1.28227 -0.00567207 0.999874 -0.0148597 -7.80448 -0.027094 0.0147009 0.999525 339.261 
0.999611 0.00758133 0.0268542 -1.28516 -0.00710047 0.999814 -0.0179551 -7.85015 -0.0269853 0.0177575 0.999478 340.909 
0.99961 0.00900421 0.0264287 -1.28004 -0.00854166 0.999809 -0.0175609 -7.90399 -0.0265818 0.0173284 0.999496 342.539 
0.999629 0.00960455 0.0255048 -1.27615 -0.00924392 0.999856 -0.0142185 -7.9542 -0.0256378 0.0139775 0.999574 344.171 
0.99965 0.0104953 0.0242709 -1.26219 -0.0102243 0.999884 -0.0112641 -8.00618 -0.0243863 0.011012 0.999642 345.814 
0.99966 0.0109915 0.0236291 -1.27647 -0.010689 0.99986 -0.0128893 -8.04599 -0.0237675 0.0126324 0.999638 347.469 
0.999702 0.0104931 0.0220505 -1.272 -0.0101785 0.999846 -0.0143324 -8.09289 -0.0221975 0.0141038 0.999654 349.087 
0.999746 0.00928525 0.0205585 -1.27306 -0.00901851 0.999875 -0.0130275 -8.14449 -0.020677 0.0128388 0.999704 350.716 
0.999768 0.00793627 0.0200103 -1.27615 -0.00768189 0.999889 -0.0127554 -8.19164 -0.0201094 0.0125988 0.999718 352.338 
0.999779 0.00768716 0.019589 -1.27689 -0.0074231 0.999881 -0.0135151 -8.24052 -0.0196906 0.0133667 0.999717 353.964 
0.999786 0.00718367 0.0193943 -1.27537 -0.00690547 0.999873 -0.014371 -8.29139 -0.0194951 0.014234 0.999709 355.588 
0.999788 0.00701006 0.0193805 -1.27089 -0.00672696 0.99987 -0.0146319 -8.33931 -0.0194806 0.0144984 0.999705 357.199 
0.999783 0.00658907 0.019789 -1.27578 -0.00629268 0.999868 -0.0150001 -8.38717 -0.0198852 0.0148724 0.999692 358.807 
0.999786 0.00596012 0.0198246 -1.2765 -0.00565016 0.999862 -0.0156522 -8.43699 -0.0199152 0.0155369 0.999681 360.417 
0.999789 0.00554543 0.0197791 -1.2744 -0.00522268 0.999853 -0.0163301 -8.48924 -0.0198668 0.0162234 0.999671 362.018 
0.999791 0.0047121 0.0198749 -1.27136 -0.00439216 0.999861 -0.0161086 -8.54161 -0.019948 0.016018 0.999673 363.632 
0.999787 0.00487656 0.0200775 -1.27045 -0.00453906 0.999848 -0.0168191 -8.59501 -0.0201565 0.0167244 0.999657 365.232 
0.999789 0.00322825 0.0203118 -1.27404 -0.00286243 0.999834 -0.0180113 -8.65151 -0.0203666 0.0179494 0.999631 366.841 
0.999791 0.0016983 0.0203781 -1.27494 -0.00136587 0.999866 -0.0163142 -8.7029 -0.0204031 0.016283 0.999659 368.453 
0.999794 -0.000114949 0.0202847 -1.26822 0.000428303 0.999881 -0.015442 -8.75632 -0.0202805 0.0154476 0.999675 370.066 
0.99979 -0.000528203 0.0204702 -1.26544 0.000865766 0.999864 -0.016483 -8.80642 -0.0204588 0.0164973 0.999655 371.669 
0.999786 0.000294936 0.0206948 -1.26231 5.84556e-05 0.999854 -0.0170716 -8.86127 -0.0206969 0.0170692 0.99964 373.27 
0.999777 0.00172345 0.0210418 -1.26306 -0.00137941 0.999865 -0.0163515 -8.91211 -0.0210672 0.0163189 0.999645 374.894 
0.999763 0.00326747 0.0215408 -1.26442 -0.00293037 0.999873 -0.0156608 -8.96172 -0.0215893 0.015594 0.999645 376.509 
0.999749 0.00373501 0.0220835 -1.26239 -0.00338004 0.999865 -0.0160877 -9.01203 -0.0221407 0.016009 0.999627 378.124 
0.999746 0.00367568 0.0222309 -1.25783 -0.00329767 0.99985 -0.0170146 -9.06301 -0.0222901 0.016937 0.999608 379.735 
0.999747 0.00359 0.0221952 -1.24253 -0.00320604 0.999845 -0.0173089 -9.11456 -0.0222539 0.0172334 0.999604 381.376 
0.999738 0.00414649 0.022498 -1.22744 -0.0037527 0.99984 -0.0175153 -9.17036 -0.022567 0.0174264 0.999593 383.01 
0.999729 0.00541339 0.0226495 -1.23008 -0.00501669 0.999834 -0.0175328 -9.22203 -0.0227407 0.0174145 0.99959 384.657 
0.999713 0.00689359 0.0229659 -1.22682 -0.0065012 0.999832 -0.0171149 -9.27672 -0.0230801 0.0169607 0.99959 386.305 
0.999697 0.00827332 0.0231784 -1.2152 -0.00786024 0.99981 -0.0178548 -9.33141 -0.0233217 0.0176673 0.999572 387.944 
0.999688 0.00909416 0.0232454 -1.2021 -0.00866008 0.999788 -0.018705 -9.38096 -0.0234106 0.0184979 0.999555 389.589 
0.999677 0.00988981 0.0234281 -1.19252 -0.00944666 0.999776 -0.0189493 -9.43296 -0.0236103 0.0187219 0.999546 391.22 
0.999664 0.0108049 0.0235604 -1.18617 -0.0103758 0.99978 -0.0182564 -9.48279 -0.0237525 0.0180058 0.999556 392.875 
0.999654 0.0117163 0.0235683 -1.17237 -0.0112933 0.999774 -0.0180026 -9.53739 -0.023774 0.0177302 0.99956 394.516 
0.999632 0.0126036 0.0240277 -1.16766 -0.0121553 0.999751 -0.0187114 -9.59099 -0.0242576 0.0184125 0.999536 396.153 
0.99962 0.0129585 0.0243467 -1.15748 -0.0125086 0.99975 -0.0185391 -9.64545 -0.0245809 0.0182275 0.999532 397.792 
0.999615 0.0130395 0.024491 -1.14727 -0.0125943 0.999754 -0.0182441 -9.69613 -0.024723 0.0179286 0.999534 399.444 
0.999612 0.0129926 0.0246484 -1.13674 -0.0125191 0.999736 -0.0192687 -9.75396 -0.0248922 0.0189527 0.999511 401.075 
0.999619 0.0122401 0.0247542 -1.12201 -0.0117404 0.999726 -0.0202291 -9.81236 -0.0249951 0.0199308 0.999489 402.702 
0.999619 0.0117465 0.0249847 -1.11224 -0.0112406 0.999731 -0.0202894 -9.87049 -0.0252163 0.0200009 0.999482 404.357 
0.999611 0.0117284 0.0252964 -1.10234 -0.0112462 0.999754 -0.019117 -9.9222 -0.0255145 0.0188251 0.999497 406.015 
0.999625 0.0101222 0.0254653 -1.08831 -0.00967267 0.999796 -0.0177127 -9.97939 -0.0256395 0.0174598 0.999519 407.667 
0.999635 0.0085413 0.0256366 -1.06872 -0.00806935 0.999797 -0.0184547 -10.0387 -0.0257891 0.0182412 0.999501 409.297 
0.999636 0.00761474 0.0258784 -1.06291 -0.00711794 0.99979 -0.019234 -10.0982 -0.0260194 0.0190429 0.99948 410.959 
