1 2.12261e-08 -2.11895e-08 0 2.12261e-08 1 2.10703e-08 0 -2.11895e-08 2.10703e-08 1 0 
0.999997 -0.00177334 -0.00187125 -0.00146081 0.00177181 0.999998 -0.000839999 -0.0104987 0.0018727 0.000836723 0.999998 0.576199 
0.999992 -0.00237239 -0.00321201 -0.00798436 0.0023652 0.999995 -0.00225221 -0.0219493 0.00321729 0.00224464 0.999992 1.15038 
0.999983 -0.00266744 -0.00520791 -0.0202079 0.00264849 0.99999 -0.00365008 -0.0335795 0.00521755 0.00363626 0.99998 1.71917 
0.999963 -0.00483347 -0.0071382 -0.0313475 0.00479519 0.999974 -0.00537646 -0.0441336 0.00716396 0.00534207 0.99996 2.28431 
0.999936 -0.00724273 -0.0087046 -0.0441879 0.00717954 0.999948 -0.00727363 -0.0554069 0.00875678 0.00721071 0.999936 2.85793 
0.99991 -0.00846806 -0.0104068 -0.0534588 0.00838287 0.999931 -0.0082063 -0.0628792 0.0104755 0.00811837 0.999912 3.44 
0.999895 -0.00858595 -0.0117067 -0.0717623 0.0084975 0.999935 -0.00758718 -0.0754006 0.0117711 0.00748694 0.999903 4.02904 
0.999878 -0.00891752 -0.0128103 -0.0911043 0.00881578 0.999929 -0.00797982 -0.0905912 0.0128806 0.00786596 0.999886 4.62284 
0.99987 -0.00827007 -0.0138241 -0.113234 0.00812049 0.999908 -0.0108444 -0.104607 0.0139125 0.0107308 0.999846 5.2248 
0.999865 -0.0065168 -0.0150953 -0.134717 0.00629459 0.999872 -0.0147241 -0.11947 0.0151893 0.0146271 0.999778 5.83035 
0.999855 -0.00514378 -0.0162186 -0.162483 0.00484219 0.999816 -0.0185826 -0.133108 0.0163111 0.0185014 0.999696 6.4502 
0.999844 -0.00330359 -0.0173784 -0.188176 0.00297885 0.999821 -0.0186813 -0.144155 0.017437 0.0186266 0.999674 7.08436 
0.999829 -0.000872993 -0.0184863 -0.218557 0.000656072 0.999931 -0.0117393 -0.157436 0.0184952 0.0117252 0.99976 7.74484 
0.999814 -0.000105474 -0.0192843 -0.24591 7.89659e-05 0.999999 -0.00137754 -0.168719 0.0192844 0.00137581 0.999813 8.4204 
0.999797 0.00103435 -0.0201321 -0.272495 -0.000930096 0.999986 0.00518534 -0.181352 0.0201372 -0.00516552 0.999784 9.10268 
0.999766 0.00317958 -0.021402 -0.301818 -0.00308691 0.999986 0.00435949 -0.197413 0.0214156 -0.00429236 0.999761 9.79148 
0.999741 0.00535634 -0.0221148 -0.337805 -0.00542544 0.999981 -0.00306807 -0.2027 0.0220979 0.00318731 0.999751 10.4908 
0.999715 0.00493449 -0.0233806 -0.366472 -0.00514936 0.999945 -0.00914078 -0.202439 0.0233342 0.0092586 0.999685 11.2068 
0.999693 0.00277879 -0.0246406 -0.393045 -0.00296548 0.999967 -0.00754496 -0.20527 0.0246188 0.00761575 0.999668 11.9494 
0.999678 0.00171227 -0.025311 -0.419728 -0.00166867 0.999997 0.00174192 -0.214005 0.0253138 -0.00169909 0.999678 12.7169 
0.999672 0.00117136 -0.0255848 -0.456846 -0.000936312 0.999957 0.0091956 -0.223453 0.0255945 -0.00916859 0.99963 13.5007 
0.999654 0.000393215 -0.0263014 -0.489226 -8.85304e-05 0.999933 0.0115829 -0.225996 0.0263041 -0.0115766 0.999587 14.3021 
0.999651 -0.00161681 -0.0263807 -0.520916 0.00189669 0.999942 0.0105861 -0.226489 0.026362 -0.0106324 0.999596 15.115 
0.999658 -0.0019689 -0.0260629 -0.553351 0.00217753 0.999966 0.00797701 -0.225464 0.0260463 -0.00803099 0.999629 15.9413 
0.999673 0.00053185 -0.0255711 -0.592873 -0.000418217 0.99999 0.00444729 -0.22642 0.0255732 -0.0044351 0.999663 16.7788 
0.999692 -0.0028001 -0.0246582 -0.626885 0.00277674 0.999996 -0.000983267 -0.232449 0.0246608 0.000914537 0.999696 17.6456 
0.999697 -0.00558704 -0.0239825 -0.657014 0.00541371 0.999959 -0.00728786 -0.243019 0.0240222 0.00715586 0.999686 18.5206 
0.999729 -0.0046263 -0.0228227 -0.692767 0.00433503 0.999909 -0.0127972 -0.253868 0.0228798 0.0126948 0.999658 19.4124 
0.999737 -0.00326363 -0.0227215 -0.73058 0.00295258 0.999902 -0.0137118 -0.2699 0.0227639 0.0136411 0.999648 20.319 
0.999734 -0.00314635 -0.0228301 -0.771483 0.00284878 0.999911 -0.0130566 -0.292536 0.0228691 0.0129881 0.999654 21.2468 
0.99973 -0.00177098 -0.0231789 -0.805772 0.00143597 0.999894 -0.0144635 -0.315974 0.023202 0.0144264 0.999627 22.1859 
0.999733 0.00111516 -0.0230638 -0.848339 -0.00149856 0.999861 -0.016615 -0.339549 0.023042 0.0166452 0.999596 23.1413 
0.999712 0.00454992 -0.0235488 -0.891133 -0.00496233 0.999835 -0.0174861 -0.364058 0.0234653 0.0175979 0.99957 24.1105 
0.999704 0.00613922 -0.0235478 -0.936229 -0.00654923 0.999828 -0.0173762 -0.394096 0.023437 0.0175253 0.999572 25.0837 
0.99969 0.00683397 -0.0239544 -0.978154 -0.007253 0.999821 -0.0174514 -0.424927 0.0238309 0.0176198 0.999561 26.0726 
0.99968 0.00710987 -0.0242826 -1.01691 -0.00753154 0.999822 -0.0173196 -0.455252 0.0241551 0.017497 0.999555 27.0646 
0.999661 0.00793564 -0.0248022 -1.06144 -0.00833417 0.999837 -0.0160081 -0.489243 0.0246711 0.0162094 0.999564 28.0751 
0.999647 0.00852418 -0.0251731 -1.10537 -0.00887894 0.999862 -0.0140165 -0.519127 0.0250501 0.0142351 0.999585 29.0904 
0.999635 0.00913533 -0.0254163 -1.15315 -0.00946553 0.999872 -0.0129035 -0.547253 0.0252951 0.0131394 0.999594 30.1091 
0.999635 0.00884358 -0.0255307 -1.19909 -0.00919991 0.999861 -0.013875 -0.577064 0.0254045 0.0141049 0.999578 31.1396 
0.99961 0.0101155 -0.0260361 -1.24317 -0.0105029 0.999836 -0.0147878 -0.604437 0.0258822 0.0150555 0.999552 32.1727 
0.999595 0.0100689 -0.0266083 -1.28902 -0.010445 0.999847 -0.0140326 -0.63058 0.0264629 0.0143049 0.999547 33.2152 
0.999582 0.009256 -0.027379 -1.33295 -0.00956846 0.99989 -0.011305 -0.6591 0.0272713 0.0115623 0.999561 34.2714 
0.999563 0.00951675 -0.0279962 -1.3791 -0.00973374 0.999924 -0.00762599 -0.684759 0.0279214 0.0078952 0.999579 35.3303 
0.999544 0.00962875 -0.0286238 -1.42628 -0.00978461 0.999938 -0.00531149 -0.708736 0.0285709 0.00558918 0.999576 36.4022 
0.999531 0.00968105 -0.0290536 -1.47645 -0.00982825 0.99994 -0.00492946 -0.731511 0.0290041 0.00521274 0.999566 37.4746 
0.999517 0.00927187 -0.0296679 -1.5254 -0.00946192 0.999936 -0.00627331 -0.753133 0.0296078 0.00655104 0.99954 38.5528 
0.999488 0.00973769 -0.0304774 -1.57914 -0.00995385 0.999926 -0.00694986 -0.772547 0.0304075 0.00724971 0.999511 39.6416 
0.999465 0.00946264 -0.0313041 -1.63017 -0.00964886 0.999937 -0.00580417 -0.795283 0.0312472 0.00610316 0.999493 40.7316 
0.999439 0.00944142 -0.0321211 -1.68398 -0.00956663 0.999947 -0.00374794 -0.819641 0.032084 0.00405317 0.999477 41.8247 
0.999423 0.00939992 -0.0326461 -1.73851 -0.00944848 0.999955 -0.00133481 -0.840688 0.032632 0.00164254 0.999466 42.9116 
0.999395 0.0104359 -0.0331864 -1.79158 -0.0104918 0.999944 -0.00150948 -0.864055 0.0331687 0.00185679 0.999448 43.9989 
0.999368 0.0117588 -0.0335352 -1.84948 -0.0119449 0.999914 -0.00535715 -0.887024 0.0334693 0.00575438 0.999423 45.0775 
0.999351 0.0131091 -0.0335434 -1.90712 -0.013432 0.999865 -0.00942041 -0.910722 0.0334153 0.0098649 0.999393 46.1589 
0.999347 0.0133672 -0.0335794 -1.96253 -0.0136979 0.99986 -0.00964013 -0.937265 0.0334458 0.0100938 0.99939 47.2442 
0.999346 0.0138737 -0.0334008 -2.02001 -0.0141173 0.999875 -0.00707178 -0.962981 0.0332985 0.00753873 0.999417 48.3263 
0.999343 0.0145841 -0.0331947 -2.07873 -0.0147559 0.999879 -0.00493523 -0.989974 0.0331187 0.00542184 0.999437 49.4134 
0.999357 0.0129489 -0.0334313 -2.1285 -0.0130812 0.999907 -0.00374288 -1.01368 0.0333797 0.00417783 0.999434 50.5074 
0.999379 0.0127781 -0.0328381 -2.18559 -0.0129364 0.999906 -0.00461463 -1.03896 0.032776 0.00503662 0.99945 51.5949 
0.999396 0.0119429 -0.0326403 -2.24009 -0.0121579 0.999906 -0.00639963 -1.06389 0.0325607 0.00679264 0.999447 52.6978 
0.999406 0.0119142 -0.0323261 -2.29152 -0.0121918 0.99989 -0.00840274 -1.09026 0.0322224 0.00879191 0.999442 53.7954 
0.999418 0.0105414 -0.0324337 -2.33988 -0.0108958 0.999883 -0.0107687 -1.11933 0.0323164 0.0111159 0.999416 54.8888 
0.999432 0.00883515 -0.0325076 -2.38904 -0.0092914 0.99986 -0.0139121 -1.15333 0.0323801 0.0142063 0.999375 55.9766 
0.999452 0.00731122 -0.0322896 -2.44409 -0.00781773 0.999848 -0.0155896 -1.18685 0.0321707 0.0158336 0.999357 57.0703 
0.999468 0.00568367 -0.0321134 -2.49558 -0.00611404 0.999893 -0.0133206 -1.21871 0.0320342 0.0135099 0.999396 58.1645 
0.999475 0.0043426 -0.0321116 -2.54485 -0.00458309 0.999962 -0.00742061 -1.24761 0.0320781 0.00756393 0.999457 59.2614 
0.99948 0.00294086 -0.0321245 -2.59459 -0.00298997 0.999994 -0.00148234 -1.27129 0.0321199 0.00157766 0.999483 60.3598 
0.999478 0.00119691 -0.0322828 -2.64458 -0.00122187 0.999999 -0.000754746 -1.29215 0.0322818 0.00079384 0.999479 61.4593 
0.999479 -0.00227925 -0.0321975 -2.69168 0.00215622 0.99999 -0.00385662 -1.31048 0.0322059 0.00378522 0.999474 62.5545 
0.99947 -0.00370258 -0.0323442 -2.74362 0.00347732 0.999969 -0.00701921 -1.33276 0.0323691 0.00690306 0.999452 63.6499 
0.999473 -0.00186385 -0.0324087 -2.80022 0.00151025 0.999939 -0.0109332 -1.3638 0.0324271 0.0108785 0.999415 64.7427 
0.999469 -0.00171788 -0.032532 -2.85201 0.0012206 0.999882 -0.0153006 -1.39148 0.0325544 0.0152529 0.999354 65.8386 
0.999486 0.00133636 -0.0320435 -2.90848 -0.00185279 0.999869 -0.0160935 -1.4207 0.0320177 0.0161446 0.999357 66.9434 
0.999501 0.00538066 -0.0311397 -2.97229 -0.00576704 0.999907 -0.0123329 -1.45599 0.0310704 0.0125064 0.999439 68.0494 
0.999487 0.00672525 -0.0313069 -3.02586 -0.00705258 0.999922 -0.0103583 -1.48596 0.0312347 0.0105738 0.999456 69.1495 
0.999488 0.00604091 -0.0314193 -3.07757 -0.00634211 0.999935 -0.00949719 -1.51521 0.0313598 0.00969164 0.999461 70.2522 
0.999495 0.00440477 -0.0314569 -3.13029 -0.00468053 0.999951 -0.00869924 -1.54334 0.031417 0.00884212 0.999467 71.353 
0.999489 0.00316097 -0.031818 -3.1813 -0.00339439 0.999968 -0.00728592 -1.57125 0.0317939 0.00739024 0.999467 72.4541 
0.999475 0.00159096 -0.0323601 -3.23059 -0.00176312 0.999984 -0.00529353 -1.59747 0.0323512 0.00534785 0.999462 73.5548 
0.999441 0.000327562 -0.033438 -3.27948 -0.000451735 0.999993 -0.00370727 -1.62256 0.0334365 0.00372034 0.999434 74.6548 
0.999423 -0.000560408 -0.0339736 -3.34053 0.000391832 0.999988 -0.00496966 -1.64907 0.0339759 0.00495352 0.99941 75.7537 
0.999396 -0.000413549 -0.0347515 -3.39295 0.000106413 0.999961 -0.00884065 -1.6742 0.0347537 0.00883165 0.999357 76.8417 
0.999366 0.000145306 -0.03561 -3.44758 -0.000534261 0.99994 -0.0109146 -1.7025 0.0356062 0.0109267 0.999306 77.9349 
0.999332 0.0020542 -0.0364915 -3.50771 -0.00239275 0.999955 -0.00923723 -1.73249 0.0364708 0.00931842 0.999291 79.0207 
0.999296 0.00285738 -0.0373979 -3.5645 -0.00304842 0.999983 -0.00505353 -1.75874 0.0373828 0.00516403 0.999288 80.1072 
0.999262 0.00436239 -0.0381684 -3.6221 -0.00440452 0.99999 -0.00102079 -1.78307 0.0381635 0.00118819 0.999271 81.1896 
0.999233 0.00546436 -0.0387639 -3.68702 -0.00548682 0.999985 -0.000473973 -1.8048 0.0387607 0.000686343 0.999248 82.2743 
0.999206 0.00523435 -0.0394986 -3.7443 -0.00534062 0.999982 -0.00258659 -1.82508 0.0394843 0.00279553 0.999216 83.3525 
0.999184 0.00520835 -0.040049 -3.80482 -0.00535117 0.99998 -0.00346081 -1.84619 0.0400301 0.00367234 0.999192 84.4197 
0.999163 0.00439619 -0.040671 -3.86523 -0.00454535 0.999983 -0.00357669 -1.87204 0.0406546 0.0037586 0.999166 85.4742 
0.999132 0.00325474 -0.0415214 -3.92445 -0.00339318 0.999989 -0.00326508 -1.8984 0.0415103 0.00340318 0.999132 86.5163 
0.999098 0.0021294 -0.0424101 -3.97386 -0.00220772 0.999996 -0.00180112 -1.92031 0.042406 0.00189316 0.999099 87.5522 
0.999074 0.00223906 -0.0429693 -4.03689 -0.00220409 0.999997 0.000860026 -1.94353 0.0429711 -0.000764478 0.999076 88.5539 
0.999043 0.0013279 -0.0437145 -4.10216 -0.00125136 0.999998 0.00177748 -1.96753 0.0437167 -0.00172103 0.999043 89.5397 
0.998946 0.000448671 -0.0458908 -4.1618 -0.000360529 0.999998 0.00192804 -1.98706 0.0458915 -0.00190942 0.998945 90.5031 
0.998794 -0.000221462 -0.0490957 -4.22391 0.000271045 1 0.00100244 -2.00919 0.0490954 -0.00101449 0.998794 91.4458 
0.998625 -0.000224106 -0.0524183 -4.28999 0.000233224 1 0.000167059 -2.03069 0.0524182 -0.000179011 0.998625 92.3628 
0.998469 -0.000648063 -0.0553174 -4.35851 0.000671551 1 0.000405262 -2.05063 0.0553171 -0.000441746 0.998469 93.2612 
0.998305 0.000661544 -0.0581968 -4.42984 -0.000575141 0.999999 0.00150071 -2.07148 0.0581977 -0.00146465 0.998304 94.1299 
0.998115 0.00162158 -0.0613476 -4.49831 -0.00146231 0.999995 0.00264039 -2.09209 0.0613515 -0.00254566 0.998113 94.9751 
0.997945 0.00293495 -0.0640067 -4.57255 -0.00268922 0.999989 0.00392429 -2.1067 0.0640174 -0.00374406 0.997942 95.7958 
0.997769 0.00452023 -0.06661 -4.64312 -0.0042187 0.99998 0.00466617 -2.1215 0.0666297 -0.00437471 0.997768 96.5907 
0.997597 0.00670697 -0.0689618 -4.71728 -0.0063728 0.999967 0.00506398 -2.13906 0.0689935 -0.00461228 0.997606 97.3526 
0.997384 0.00858556 -0.0717713 -4.78567 -0.00832228 0.999958 0.00396608 -2.15698 0.0718023 -0.00335836 0.997413 98.088 
0.997187 0.00978766 -0.0743097 -4.85505 -0.00979434 0.999952 0.000274035 -2.17528 0.0743088 0.000454594 0.997235 98.7895 
0.996958 0.0119738 -0.0770207 -4.92097 -0.0122849 0.999918 -0.00356723 -2.19096 0.0769717 0.00450261 0.997023 99.4669 
0.996772 0.013684 -0.0791056 -4.98259 -0.0142301 0.999879 -0.00634497 -2.20499 0.0790092 0.00745021 0.996846 100.12 
0.996677 0.0157824 -0.0799183 -5.04663 -0.0164211 0.999838 -0.00734211 -2.22121 0.0797895 0.00863011 0.996774 100.736 
0.99669 0.0180029 -0.079272 -5.10393 -0.0186134 0.999803 -0.00696936 -2.23808 0.0791308 0.00842186 0.996829 101.33 
0.996845 0.0217486 -0.076341 -5.16284 -0.0222276 0.999738 -0.00542995 -2.2571 0.0762029 0.00710973 0.997067 101.904 
0.997179 0.0245094 -0.0709473 -5.21124 -0.0248596 0.999683 -0.00405851 -2.27212 0.0708253 0.00581083 0.997472 102.454 
0.997648 0.0252853 -0.0637181 -5.24648 -0.0254721 0.999673 -0.00212234 -2.28643 0.0636435 0.00374043 0.997966 102.982 
0.998217 0.0252133 -0.054102 -5.27656 -0.0252382 0.999681 0.000222812 -2.29627 0.0540903 0.00114306 0.998535 103.484 
0.998799 0.0246698 -0.0423212 -5.29579 -0.0246331 0.999696 0.00138864 -2.30773 0.0423425 -0.000344424 0.999103 103.964 
0.999296 0.0238018 -0.0289915 -5.30582 -0.0237704 0.999716 0.0014231 -2.31893 0.0290171 -0.000732913 0.999579 104.421 
0.999624 0.0236417 -0.0138754 -5.30811 -0.023635 0.99972 0.000643307 -2.33172 0.0138866 -0.000315079 0.999904 104.858 
0.999742 0.0223337 0.00421276 -5.29908 -0.0223234 0.999748 -0.00245395 -2.34386 -0.00426655 0.00235931 0.999988 105.284 
0.999433 0.0218667 0.0256125 -5.28197 -0.021692 0.99974 -0.00708028 -2.35528 -0.0257607 0.00652072 0.999647 105.694 
0.998562 0.0196911 0.0498557 -5.2446 -0.0191225 0.999747 -0.0118555 -2.36651 -0.0500766 0.0108852 0.998686 106.097 
0.996864 0.0174386 0.0771887 -5.19815 -0.0163722 0.999762 -0.0144264 -2.3801 -0.077422 0.0131175 0.996912 106.492 
0.994125 0.0146492 0.107242 -5.13662 -0.0130448 0.999793 -0.015647 -2.39216 -0.107449 0.0141561 0.99411 106.874 
0.990102 0.0124406 0.139797 -5.06006 -0.0100985 0.999797 -0.0174499 -2.40573 -0.139986 0.0158655 0.990026 107.251 
0.984406 0.00996417 0.17563 -4.96989 -0.00673347 0.999797 -0.018981 -2.4199 -0.175783 0.0175025 0.984273 107.618 
0.976787 0.00667523 0.214108 -4.86423 -0.00261433 0.999811 -0.0192439 -2.43449 -0.214196 0.0182375 0.97662 107.969 
0.967058 0.00455065 0.254516 -4.74771 0.000595284 0.999797 -0.0201377 -2.4484 -0.254556 0.0196259 0.966859 108.315 
0.954985 0.00550427 0.296603 -4.62302 0.00080462 0.999776 -0.0211441 -2.46365 -0.296653 0.020431 0.954767 108.647 
0.939903 0.00764793 0.341357 -4.48898 -0.000320347 0.999768 -0.0215171 -2.47901 -0.341443 0.0201146 0.939687 108.967 
0.922237 0.00767181 0.38655 -4.33663 0.000105896 0.999798 -0.0200954 -2.49339 -0.386626 0.0185737 0.92205 109.278 
0.902045 0.00718195 0.431583 -4.16688 0.00102832 0.999823 -0.0187872 -2.50524 -0.431641 0.0173907 0.901878 109.576 
0.878946 0.00573092 0.476886 -3.9852 0.0037464 0.999814 -0.01892 -2.52236 -0.476906 0.0184163 0.878761 109.857 
0.853699 0.00624996 0.52073 -3.78995 0.00533095 0.999771 -0.0207392 -2.53936 -0.52074 0.020481 0.85347 110.127 
0.825812 0.00840644 0.563883 -3.5839 0.0061036 0.999697 -0.0238423 -2.5558 -0.563913 0.023131 0.82551 110.392 
0.794921 0.0131592 0.60657 -3.362 0.00475103 0.999599 -0.027912 -2.57209 -0.606694 0.0250697 0.79454 110.649 
0.760676 0.0195576 0.648837 -3.12587 0.00147238 0.999492 -0.0318534 -2.58274 -0.64913 0.0251855 0.760261 110.901 
0.722753 0.0242967 0.690679 -2.87232 -0.000792994 0.99941 -0.0343274 -2.59574 -0.691106 0.0242626 0.722346 111.146 
0.682875 0.0246298 0.73012 -2.59466 0.0015291 0.999381 -0.0351431 -2.60902 -0.730533 0.0251148 0.682415 111.372 
0.641107 0.0221056 0.767133 -2.29497 0.00554667 0.999426 -0.0334347 -2.62332 -0.767431 0.0256903 0.640616 111.584 
0.596419 0.0201855 0.802419 -1.98135 0.00708135 0.999513 -0.0304068 -2.63435 -0.802642 0.0238174 0.595985 111.787 
0.549328 0.0188792 0.835394 -1.66752 0.00747724 0.999594 -0.0275067 -2.6479 -0.835574 0.0213567 0.548963 111.967 
0.500795 0.0163041 0.865413 -1.33013 0.00913112 0.999667 -0.0241173 -2.66262 -0.865518 0.01998 0.500479 112.131 
0.449406 0.0125902 0.893239 -0.977644 0.011235 0.999742 -0.0197439 -2.67995 -0.893257 0.0189086 0.449148 112.279 
0.397149 0.0127086 0.917666 -0.617588 0.0086171 0.999808 -0.0175755 -2.69721 -0.917714 0.0148877 0.396964 112.412 
0.345579 0.0176617 0.938224 -0.257214 0.00489465 0.999775 -0.0206232 -2.71265 -0.938377 0.0117192 0.345415 112.524 
0.294747 0.0227573 0.955304 0.117436 0.00452549 0.999672 -0.0252105 -2.72374 -0.955565 0.0117539 0.294547 112.615 
0.247737 0.0248683 0.968508 0.507293 0.00551593 0.999618 -0.027078 -2.73882 -0.968812 0.0120505 0.247505 112.69 
0.20623 0.0244615 0.978198 0.914529 0.0122651 0.999544 -0.027581 -2.75591 -0.978427 0.0176857 0.205836 112.744 
0.171003 0.024333 0.98497 1.34784 0.0202701 0.999397 -0.0282085 -2.76745 -0.985062 0.0247892 0.170407 112.789 
0.14044 0.0256484 0.989757 1.7911 0.0242847 0.999274 -0.0293408 -2.77908 -0.989791 0.0281566 0.139715 112.832 
0.112251 0.0242946 0.993383 2.26152 0.0224423 0.999384 -0.0269773 -2.79266 -0.993426 0.0253221 0.111636 112.881 
0.0867033 0.0209192 0.996015 2.74952 0.0163991 0.999614 -0.0224223 -2.80698 -0.996099 0.0182778 0.0863268 112.927 
0.0627279 0.0169782 0.997886 3.25252 0.0113934 0.999778 -0.0177265 -2.82319 -0.997966 0.0124813 0.0625205 112.961 
0.040067 0.0144179 0.999093 3.77118 0.0157168 0.999763 -0.0150578 -2.84185 -0.999073 0.0163058 0.0398309 112.971 
0.0198245 0.0149489 0.999692 4.31865 0.0231868 0.999612 -0.0154075 -2.86298 -0.999535 0.0234851 0.0194702 112.972 
0.00257548 0.0172872 0.999847 4.86923 0.0284846 0.999444 -0.0173536 -2.87791 -0.999591 0.0285249 0.00208162 112.962 
-0.0119003 0.0228065 0.999669 5.43996 0.0287349 0.999335 -0.0224567 -2.88994 -0.999516 0.0284581 -0.0125477 112.956 
-0.0226854 0.0275177 0.999364 6.0344 0.0260999 0.999297 -0.0269234 -2.90151 -0.999402 0.0254725 -0.0233876 112.949 
-0.0291503 0.027285 0.999203 6.65719 0.0286987 0.999238 -0.0264487 -2.91677 -0.999163 0.0279048 -0.0299111 112.938 
-0.0316768 0.0238938 0.999213 7.29822 0.0346635 0.999139 -0.0227931 -2.942 -0.998897 0.0339142 -0.0324778 112.915 
-0.0310947 0.0222946 0.999268 7.95359 0.036317 0.999116 -0.021161 -2.96169 -0.998856 0.0356324 -0.0318769 112.901 
-0.0291803 0.0219369 0.999333 8.63463 0.0350951 0.999165 -0.0209084 -2.98201 -0.998958 0.0344616 -0.0299258 112.896 
-0.0277113 0.022378 0.999365 9.33222 0.0316322 0.999268 -0.0214986 -3.00284 -0.999115 0.0310163 -0.0283989 112.896 
-0.0266155 0.0236441 0.999366 10.0466 0.0308347 0.999264 -0.0228205 -3.02213 -0.99917 0.0302078 -0.027325 112.895 
-0.0256064 0.0244353 0.999373 10.7792 0.0304984 0.999255 -0.0236509 -3.04604 -0.999207 0.0298737 -0.0263325 112.889 
-0.0246976 0.0238201 0.999411 11.524 0.0301885 0.999278 -0.0230709 -3.07352 -0.999239 0.0296009 -0.0253989 112.884 
-0.0239847 0.0226534 0.999456 12.2863 0.0290917 0.999336 -0.0219525 -3.09691 -0.999289 0.0285494 -0.0246278 112.882 
-0.0235792 0.021446 0.999492 13.0661 0.0297315 0.999343 -0.0207414 -3.12067 -0.99928 0.0292273 -0.0242014 112.88 
-0.024153 0.0191843 0.999524 13.8527 0.030438 0.999366 -0.0184457 -3.14669 -0.999245 0.029978 -0.0247217 112.874 
-0.0255488 0.0175262 0.99952 14.6478 0.0279748 0.999467 -0.0168101 -3.1708 -0.999282 0.0275319 -0.0260255 112.878 
-0.0267654 0.0163949 0.999507 15.4461 0.0269805 0.999513 -0.0156724 -3.1959 -0.999278 0.0265478 -0.0271947 112.873 
-0.0277077 0.0139091 0.999519 16.2578 0.0296079 0.999476 -0.0130877 -3.21651 -0.999178 0.029231 -0.028105 112.859 
-0.028678 0.0122954 0.999513 17.083 0.0311729 0.999449 -0.0114001 -3.23879 -0.999103 0.0308308 -0.0290455 112.844 
-0.0303632 0.0114185 0.999474 17.9129 0.0283545 0.999542 -0.0105579 -3.2638 -0.999137 0.028019 -0.030673 112.834 
-0.0312411 0.0161443 0.999382 18.7412 0.0256078 0.999554 -0.0153466 -3.28407 -0.999184 0.0251125 -0.0316406 112.825 
-0.031924 0.020761 0.999275 19.5793 0.0270005 0.999437 -0.0199017 -3.30766 -0.999126 0.0263455 -0.0324666 112.81 
-0.0329568 0.0224394 0.999205 20.4253 0.0273285 0.999394 -0.0215422 -3.33241 -0.999083 0.0265968 -0.0335501 112.794 
-0.0344345 0.0202962 0.999201 21.2746 0.0238808 0.999525 -0.0194798 -3.35997 -0.999122 0.023191 -0.0349029 112.786 
-0.0355926 0.0161818 0.999235 22.1283 0.0210283 0.99966 -0.0154396 -3.38863 -0.999145 0.0204627 -0.0359208 112.777 
-0.0360009 0.0109195 0.999292 22.9833 0.0195038 0.999758 -0.0102219 -3.41533 -0.999161 0.019122 -0.0362051 112.764 
-0.0363347 0.00537096 0.999325 23.8416 0.0159372 0.999862 -0.00479434 -3.43624 -0.999213 0.0157522 -0.0364153 112.755 
-0.0362892 0.00408905 0.999333 24.6967 0.0134111 0.999904 -0.00360434 -3.46153 -0.999251 0.0132714 -0.0363405 112.746 
-0.0353222 0.0109083 0.999316 25.5409 0.016397 0.999812 -0.0103341 -3.48835 -0.999241 0.0160208 -0.0354944 112.728 
-0.0344117 0.0220107 0.999165 26.3772 0.018586 0.999599 -0.02138 -3.51175 -0.999235 0.0178347 -0.034807 112.715 
-0.0338133 0.0273307 0.999054 27.2148 0.0205399 0.999434 -0.0266459 -3.53337 -0.999217 0.0196195 -0.0343555 112.698 
-0.0324269 0.0217396 0.999238 28.0558 0.0221765 0.999533 -0.0210263 -3.56612 -0.999228 0.0214778 -0.0328939 112.683 
-0.0314408 0.0139391 0.999408 28.8963 0.0252978 0.999594 -0.0131458 -3.59737 -0.999185 0.0248695 -0.0317806 112.665 
-0.0307459 0.0110971 0.999466 29.7272 0.0267559 0.999589 -0.0102754 -3.62326 -0.999169 0.0264257 -0.0310302 112.65 
-0.0309811 0.0116048 0.999453 30.5509 0.0255168 0.999616 -0.0108157 -3.65136 -0.999194 0.0251677 -0.0312653 112.642 
-0.0317929 0.0125317 0.999416 31.3731 0.022661 0.999673 -0.011814 -3.67567 -0.999238 0.0222722 -0.0320665 112.634 
-0.033699 0.012742 0.999351 32.1887 0.0207145 0.999713 -0.012048 -3.69918 -0.999217 0.020295 -0.0339533 112.626 
-0.0359232 0.0127223 0.999274 33.0097 0.0205164 0.999718 -0.0119903 -3.7251 -0.999144 0.0200707 -0.036174 112.614 
-0.0378217 0.0130537 0.999199 33.8171 0.0196312 0.999731 -0.0123175 -3.75187 -0.999092 0.0191496 -0.0380678 112.597 
-0.0397972 0.0133466 0.999119 34.6243 0.0179676 0.999759 -0.0126395 -3.77812 -0.999046 0.0174488 -0.0400274 112.582 
-0.0417273 0.0125176 0.999051 35.4267 0.0162499 0.999798 -0.0118482 -3.80149 -0.998997 0.0157401 -0.0419223 112.566 
-0.0437202 0.0113183 0.99898 36.2252 0.0170738 0.999798 -0.0105803 -3.83023 -0.998898 0.0165938 -0.0439046 112.544 
-0.0457568 0.0114901 0.998887 37.0175 0.0168654 0.9998 -0.010728 -3.8548 -0.99881 0.0163557 -0.0459414 112.526 
-0.0476291 0.0125466 0.998786 37.8053 0.016757 0.99979 -0.0117601 -3.87787 -0.998725 0.0161765 -0.0478294 112.505 
-0.0484405 0.0127775 0.998744 38.5863 0.0172838 0.999779 -0.0119524 -3.90151 -0.998677 0.0166831 -0.0486507 112.479 
-0.0495583 0.0116223 0.998704 39.368 0.0193394 0.999756 -0.0106749 -3.92622 -0.998584 0.0187853 -0.0497709 112.452 
-0.0511342 0.0107264 0.998634 40.1476 0.0194722 0.999763 -0.00974144 -3.9531 -0.998502 0.0189475 -0.051331 112.428 
-0.0523046 0.0104225 0.998577 40.9193 0.0184652 0.999785 -0.00946791 -3.97541 -0.99846 0.0179437 -0.0524858 112.403 
-0.0535472 0.00961308 0.998519 41.6754 0.016639 0.999823 -0.0087333 -3.99657 -0.998427 0.0161467 -0.0536977 112.382 
-0.0543546 0.00843218 0.998486 42.4157 0.0155564 0.99985 -0.00759682 -4.01836 -0.998401 0.0151199 -0.0544776 112.358 
-0.0550445 0.00803262 0.998452 43.1324 0.0160063 0.999846 -0.00716137 -4.04121 -0.998356 0.0155873 -0.0551646 112.332 
-0.0552245 0.0106244 0.998417 43.8386 0.0161513 0.999822 -0.00974597 -4.06483 -0.998343 0.0155875 -0.0553863 112.306 
-0.0550478 0.0133356 0.998395 44.5406 0.0161503 0.999792 -0.0124638 -4.0879 -0.998353 0.0154383 -0.0552517 112.278 
-0.0550235 0.0149722 0.998373 45.2413 0.0143739 0.999796 -0.0142014 -4.1123 -0.998382 0.0135691 -0.0552275 112.254 
-0.0552319 0.0157747 0.998349 45.9358 0.0147472 0.999779 -0.0149814 -4.13672 -0.998365 0.0138954 -0.0554524 112.229 
-0.0549364 0.0156688 0.998367 46.6296 0.016109 0.999761 -0.0148042 -4.15883 -0.99836 0.0152694 -0.0551757 112.199 
-0.0549859 0.015318 0.99837 47.3182 0.0170991 0.99975 -0.0143974 -4.18042 -0.998341 0.0162795 -0.0552341 112.17 
-0.0550237 0.0153213 0.998368 48.0028 0.0132501 0.999805 -0.0146131 -4.2043 -0.998397 0.0124244 -0.055216 112.148 
-0.0547931 0.015526 0.998377 48.6873 0.01079 0.99983 -0.0149564 -4.22937 -0.998439 0.00995295 -0.0549513 112.129 
-0.0545335 0.0140571 0.998413 49.3763 0.012747 0.999829 -0.0133807 -4.25223 -0.998431 0.0119971 -0.0547034 112.101 
-0.0553798 0.0134861 0.998374 50.0537 0.0132898 0.99983 -0.0127685 -4.2742 -0.998377 0.012561 -0.0555496 112.073 
-0.0589216 0.0130491 0.998177 50.7331 0.0102341 0.99987 -0.012467 -4.29484 -0.99821 0.00948092 -0.0590475 112.051 
-0.0641021 0.0127236 0.997862 51.4082 0.00633719 0.999904 -0.0123425 -4.31802 -0.997923 0.00553246 -0.0641765 112.026 
-0.0698012 0.0165178 0.997424 52.078 0.0102081 0.999822 -0.0158431 -4.33843 -0.997509 0.00907594 -0.0699574 111.986 
-0.0762716 0.0194353 0.996898 52.7522 0.0126055 0.999749 -0.0185264 -4.35652 -0.997007 0.0111534 -0.0764975 111.939 
-0.083666 0.021202 0.996268 53.4284 0.0118777 0.999724 -0.020278 -4.37701 -0.996423 0.0101367 -0.0838947 111.895 
-0.0898622 0.0204484 0.995744 54.1093 0.00820739 0.999771 -0.0197903 -4.40049 -0.99592 0.00639406 -0.0900094 111.85 
-0.0951569 0.0192884 0.995275 54.7966 0.00785266 0.999796 -0.0186252 -4.42425 -0.995431 0.00604325 -0.0952889 111.797 
-0.0996852 0.019883 0.99482 55.4926 0.00560261 0.999796 -0.019421 -4.44749 -0.995003 0.0036376 -0.0997763 111.741 
-0.103624 0.0193517 0.994428 56.1936 0.00353737 0.999812 -0.0190878 -4.46775 -0.99461 0.0015397 -0.103673 111.685 
-0.10625 0.0161854 0.994208 56.9005 0.00416213 0.999866 -0.0158327 -4.48909 -0.994331 0.0024558 -0.106303 111.623 
-0.107985 0.0131317 0.994066 57.6158 0.00631926 0.999902 -0.0125222 -4.50786 -0.994132 0.00492954 -0.108058 111.556 
-0.109319 0.0103594 0.993953 58.3373 0.0061513 0.999934 -0.00974514 -4.52939 -0.993988 0.00504877 -0.109375 111.491 
-0.110633 0.0102066 0.993809 59.0643 0.00530359 0.999939 -0.00967911 -4.54755 -0.993847 0.00419992 -0.11068 111.427 
-0.110792 0.0140444 0.993744 59.7939 0.00728487 0.999885 -0.013319 -4.56534 -0.993817 0.00576366 -0.110882 111.356 
-0.110749 0.0179245 0.993687 60.5327 0.0131006 0.999777 -0.0165743 -4.58747 -0.993762 0.0111823 -0.110959 111.278 
-0.111144 0.0226892 0.993545 61.2741 0.0207878 0.999574 -0.0205013 -4.61239 -0.993587 0.018375 -0.111569 111.196 
-0.111634 0.023927 0.993461 62.0229 0.0213949 0.999536 -0.0216692 -4.63521 -0.993519 0.018836 -0.112094 111.121 
-0.111856 0.0217609 0.993486 62.776 0.0194934 0.999616 -0.0197004 -4.65906 -0.993533 0.0171628 -0.112237 111.055 
-0.111517 0.0168169 0.99362 63.5302 0.0197595 0.999697 -0.014702 -4.68659 -0.993566 0.0179939 -0.111816 110.98 
-0.111312 0.0147567 0.993676 64.2839 0.0219883 0.999682 -0.0123827 -4.71185 -0.993542 0.0204709 -0.111601 110.903 
-0.112295 0.0143588 0.993571 65.031 0.0222545 0.999681 -0.0119319 -4.73714 -0.993426 0.0207715 -0.112578 110.832 
-0.113948 0.0151537 0.993371 65.7755 0.0205857 0.999705 -0.0128889 -4.76112 -0.993273 0.0189806 -0.114226 110.762 
-0.116006 0.0158708 0.993122 66.5166 0.0198113 0.99971 -0.0136619 -4.78316 -0.993051 0.0180902 -0.116286 110.69 
-0.1181 0.0160153 0.992873 67.2596 0.0210802 0.999685 -0.0136177 -4.80703 -0.992778 0.0193217 -0.1184 110.614 
-0.119803 0.0162489 0.992665 68.0029 0.0214609 0.999675 -0.0137735 -4.83029 -0.992566 0.0196534 -0.120113 110.534 
-0.121872 0.015776 0.99242 68.7544 0.0212261 0.999686 -0.0132848 -4.85512 -0.992319 0.0194462 -0.122169 110.459 
-0.123384 0.0161349 0.992228 69.5032 0.0191595 0.99972 -0.0138742 -4.87715 -0.992174 0.0172987 -0.123659 110.381 
-0.12453 0.0176167 0.992059 70.2665 0.0191743 0.999698 -0.0153454 -4.90063 -0.992031 0.017111 -0.124831 110.302 
-0.125383 0.0179832 0.991945 71.0286 0.017863 0.999715 -0.0158661 -4.92298 -0.991948 0.0157298 -0.125668 110.223 
-0.126848 0.0184171 0.991751 71.7993 0.0177631 0.99971 -0.0162929 -4.94424 -0.991763 0.0155499 -0.127138 110.148 
-0.128052 0.0167167 0.991627 72.5813 0.0183085 0.999727 -0.014489 -4.96803 -0.991599 0.0162998 -0.128323 110.063 
-0.129195 0.0144301 0.991514 73.3687 0.0159954 0.999794 -0.0124664 -4.99035 -0.99149 0.0142491 -0.1294 109.981 
-0.130928 0.0125127 0.991313 74.16 0.0132233 0.999853 -0.010874 -5.00885 -0.991304 0.0116848 -0.131074 109.899 
-0.13311 0.0120227 0.991028 74.9524 0.0146618 0.999841 -0.0101603 -5.03005 -0.990993 0.0131778 -0.133266 109.808 
-0.134849 0.0125226 0.990787 75.7445 0.0159475 0.999818 -0.0104662 -5.05335 -0.990738 0.0143893 -0.135024 109.714 
-0.137087 0.0137578 0.990463 76.5495 0.0153967 0.999812 -0.0117566 -5.07509 -0.990439 0.0136382 -0.137273 109.621 
-0.138584 0.0173361 0.990199 77.3558 0.0169601 0.999742 -0.0151295 -5.09882 -0.990206 0.0146972 -0.138842 109.522 
-0.138978 0.0213098 0.990066 78.1663 0.0188612 0.999644 -0.0188683 -5.12364 -0.990116 0.0160515 -0.13933 109.419 
-0.139996 0.0252169 0.989831 78.983 0.019915 0.999545 -0.0226476 -5.15172 -0.989952 0.0165419 -0.140434 109.319 
-0.139673 0.0263586 0.989847 79.8132 0.022252 0.999477 -0.0234751 -5.17925 -0.989948 0.0187472 -0.140187 109.216 
-0.139188 0.0256871 0.989933 80.6492 0.0259305 0.999415 -0.0222872 -5.21035 -0.989926 0.0225673 -0.139773 109.11 
-0.139163 0.0238789 0.989982 81.4929 0.0264759 0.999442 -0.0203853 -5.24057 -0.989916 0.0233737 -0.139717 109.009 
-0.138564 0.0222711 0.990103 82.3386 0.0257729 0.99949 -0.0188753 -5.26982 -0.990018 0.0229024 -0.139067 108.91 
-0.136749 0.0197847 0.990408 83.1882 0.024747 0.999557 -0.0165505 -5.29976 -0.990297 0.0222463 -0.137178 108.811 
-0.135072 0.0167179 0.990695 84.0481 0.0254101 0.999587 -0.0134035 -5.32568 -0.99051 0.0233632 -0.135441 108.713 
-0.133495 0.0133625 0.990959 84.9056 0.0258762 0.999615 -0.00999335 -5.3509 -0.990712 0.0243082 -0.13379 108.614 
-0.131863 0.013108 0.991181 85.7672 0.0241318 0.999659 -0.0100097 -5.37734 -0.990974 0.0225991 -0.132134 108.521 
-0.130541 0.0172679 0.991293 86.6225 0.0251452 0.999584 -0.0141009 -5.40533 -0.991124 0.0230855 -0.130921 108.425 
-0.128538 0.0236247 0.991423 87.4733 0.0258964 0.999455 -0.0204585 -5.43031 -0.991366 0.0230446 -0.12908 108.331 
-0.127198 0.0270957 0.991507 88.3304 0.0237852 0.999423 -0.0242606 -5.45726 -0.991592 0.0204973 -0.127769 108.241 
-0.125874 0.0246295 0.991741 89.1907 0.0223474 0.999509 -0.021986 -5.49013 -0.991795 0.0193954 -0.126362 108.15 
-0.124527 0.0220259 0.991972 90.0549 0.0226581 0.999556 -0.0193499 -5.52215 -0.991958 0.0200667 -0.124971 108.057 
-0.123912 0.0205563 0.99208 90.928 0.0237675 0.99956 -0.0177427 -5.54919 -0.992009 0.0213807 -0.124346 107.964 
-0.12305 0.020357 0.992192 91.8049 0.0230023 0.99958 -0.0176558 -5.57816 -0.992134 0.0206502 -0.123466 107.873 
-0.122618 0.020299 0.992246 92.6722 0.022248 0.999596 -0.0177 -5.60994 -0.992205 0.0199051 -0.12302 107.786 
-0.121834 0.0185978 0.992376 93.5434 0.02495 0.999566 -0.0156694 -5.63878 -0.992237 0.0228507 -0.122246 107.692 
-0.120632 0.0176697 0.99254 94.419 0.0275714 0.999516 -0.0144429 -5.67352 -0.992314 0.0256235 -0.121061 107.598 
-0.119736 0.0190073 0.992624 95.2835 0.0297687 0.999436 -0.0155469 -5.70372 -0.992359 0.0276876 -0.120235 107.507 
-0.118654 0.0210238 0.992713 96.155 0.0304747 0.999382 -0.0175225 -5.73699 -0.992468 0.0281735 -0.119222 107.411 
-0.117735 0.0228711 0.992782 97.0248 0.0279367 0.999415 -0.0197109 -5.75971 -0.992652 0.0254143 -0.118305 107.325 
-0.11706 0.0187438 0.992948 97.8904 0.02295 0.999606 -0.0161638 -5.79027 -0.99286 0.020896 -0.117444 107.245 
-0.116968 0.0166755 0.992996 98.7522 0.0185993 0.99972 -0.0145976 -5.82452 -0.992962 0.0167616 -0.117245 107.164 
-0.117995 0.0171221 0.992867 99.608 0.0150527 0.999767 -0.0154521 -5.85501 -0.9929 0.0131221 -0.118225 107.082 
-0.119114 0.0218172 0.992641 100.451 0.0120459 0.999717 -0.0205273 -5.88464 -0.992808 0.00951213 -0.119343 107 
-0.119843 0.0243213 0.992495 101.297 0.0114348 0.999667 -0.0231163 -5.91528 -0.992727 0.00857864 -0.120082 106.915 
-0.120251 0.0246971 0.992436 102.133 0.0120104 0.999654 -0.0234214 -5.9501 -0.992671 0.00910308 -0.120506 106.827 
-0.120464 0.024165 0.992424 102.968 0.0135146 0.999651 -0.0227005 -5.98454 -0.992626 0.0106776 -0.120748 106.737 
-0.120912 0.0248315 0.992353 103.794 0.0149088 0.99962 -0.0231967 -6.02147 -0.992551 0.01199 -0.121237 106.649 
-0.121303 0.0279245 0.992223 104.615 0.0163414 0.999525 -0.0261322 -6.05792 -0.992481 0.0130444 -0.121702 106.563 
-0.121685 0.0292591 0.992137 105.429 0.015899 0.999495 -0.027526 -6.09488 -0.992441 0.0124245 -0.122089 106.474 
-0.122556 0.0296847 0.992018 106.239 0.0143723 0.999501 -0.028133 -6.12928 -0.992358 0.0108097 -0.122922 106.387 
-0.124706 0.0285453 0.991783 107.045 0.0125666 0.999551 -0.0271888 -6.16728 -0.992114 0.00907275 -0.125009 106.302 
-0.127891 0.0296978 0.991343 107.846 0.0125289 0.99952 -0.0283264 -6.20669 -0.991709 0.00879777 -0.128202 106.217 
-0.1311 0.0323472 0.990841 108.642 0.0123016 0.999444 -0.0310003 -6.24356 -0.991293 0.00812474 -0.131425 106.127 
-0.134417 0.0337468 0.99035 109.433 0.0106115 0.999412 -0.0326153 -6.281 -0.990868 0.00612507 -0.134696 106.037 
-0.137617 0.033842 0.989907 110.216 0.0111221 0.999406 -0.0326206 -6.31901 -0.990423 0.00652067 -0.137911 105.942 
-0.140518 0.0325327 0.989543 110.999 0.012592 0.999438 -0.0310698 -6.35859 -0.989998 0.00809441 -0.140849 105.845 
-0.14281 0.0333997 0.989186 111.776 0.0141874 0.999397 -0.0316962 -6.39785 -0.989648 0.00950749 -0.143198 105.74 
-0.144791 0.0378166 0.988739 112.55 0.00962495 0.999276 -0.03681 -6.44073 -0.989415 0.00418679 -0.14505 105.65 
-0.146454 0.0447199 0.988206 113.315 0.00738374 0.998999 -0.044114 -6.48652 -0.98919 0.000835982 -0.146638 105.556 
-0.149046 0.047726 0.987678 114.082 0.0116012 0.99885 -0.0465151 -6.52642 -0.988762 0.00452535 -0.149429 105.447 
-0.151604 0.0458588 0.987377 114.852 0.0136827 0.998925 -0.0442942 -6.56894 -0.988347 0.00679474 -0.152069 105.336 
-0.154815 0.0379346 0.987215 115.629 0.0120232 0.999261 -0.036512 -6.61747 -0.98787 0.00621683 -0.155157 105.232 
-0.157061 0.0357041 0.986943 116.396 0.0109507 0.999348 -0.0344102 -6.66521 -0.987528 0.00540322 -0.15735 105.126 
-0.158618 0.038695 0.986581 117.157 0.0106197 0.999241 -0.037484 -6.70532 -0.987283 0.00453156 -0.158909 105.015 
-0.161263 0.0420844 0.986014 117.909 0.00819374 0.999113 -0.0413034 -6.74589 -0.986878 0.00141845 -0.161464 104.906 
-0.163833 0.0445872 0.98548 118.656 0.00769627 0.999005 -0.0439197 -6.79023 -0.986458 0.000389001 -0.164014 104.798 
-0.165618 0.0488686 0.984979 119.4 0.0117445 0.998798 -0.0475795 -6.83734 -0.98612 0.00368803 -0.165993 104.682 
-0.167401 0.053426 0.98444 120.141 0.0120325 0.998567 -0.0521466 -6.88258 -0.985816 0.00311594 -0.167804 104.568 
-0.17041 0.0557258 0.983796 120.885 0.0114579 0.998444 -0.0545708 -6.9295 -0.985307 0.00197281 -0.170784 104.459 
-0.173041 0.0533596 0.983468 121.637 0.012342 0.99857 -0.0520074 -6.97752 -0.984837 0.00313854 -0.173452 104.351 
-0.176911 0.0498288 0.982965 122.379 0.0164869 0.998728 -0.0476605 -7.02967 -0.984089 0.00777435 -0.177507 104.225 
-0.182785 0.0484713 0.981957 123.118 0.0187642 0.998774 -0.0458085 -7.07663 -0.982974 0.0100525 -0.18347 104.101 
-0.188992 0.04716 0.980846 123.85 0.0174595 0.99885 -0.0446614 -7.12411 -0.981823 0.00868443 -0.189598 103.975 
-0.197382 0.0474079 0.97918 124.58 0.0164599 0.99885 -0.0450422 -7.17047 -0.980188 0.0072267 -0.197935 103.841 
-0.208003 0.047974 0.976951 125.306 0.015663 0.998832 -0.0457136 -7.21492 -0.978003 0.00579342 -0.208512 103.699 
-0.219777 0.0489499 0.974321 126.022 0.0163755 0.998785 -0.0464851 -7.25925 -0.975413 0.0057386 -0.220312 103.544 
-0.232151 0.0497546 0.971407 126.735 0.0175078 0.998743 -0.0469707 -7.3047 -0.972522 0.00610292 -0.23273 103.38 
-0.243865 0.0498514 0.968527 127.444 0.0203561 0.998721 -0.0462801 -7.34895 -0.969596 0.00842937 -0.244567 103.206 
-0.254813 0.0498503 0.965705 128.146 0.0237701 0.998691 -0.0452811 -7.39483 -0.966698 0.0114167 -0.255664 103.022 
-0.264893 0.049813 0.96299 128.847 0.027762 0.998645 -0.0440207 -7.43889 -0.963878 0.0150737 -0.265917 102.833 
-0.273853 0.0505178 0.960444 129.546 0.0336035 0.998512 -0.0429387 -7.48149 -0.961184 0.0205154 -0.275143 102.637 
-0.281451 0.0505244 0.958245 130.236 0.0387951 0.998396 -0.0412467 -7.5258 -0.958791 0.0255662 -0.282959 102.435 
-0.287903 0.0507786 0.956312 130.927 0.0389126 0.998389 -0.0412979 -7.56706 -0.956869 0.0253228 -0.289415 102.237 
-0.292571 0.0488612 0.954995 131.616 0.0426749 0.998366 -0.0380064 -7.60617 -0.955291 0.0296348 -0.294178 102.033 
-0.294473 0.0461831 0.954543 132.303 0.0486733 0.99826 -0.0332827 -7.64358 -0.954419 0.0366599 -0.296209 101.82 
-0.295532 0.0448802 0.954278 132.982 0.055173 0.998031 -0.0298513 -7.67964 -0.953738 0.0438283 -0.297426 101.609 
-0.296349 0.0434178 0.954093 133.658 0.0574657 0.997967 -0.0275651 -7.71701 -0.95335 0.0466587 -0.298241 101.406 
-0.296043 0.0487174 0.953932 134.322 0.0598281 0.997683 -0.0323848 -7.75161 -0.953299 0.0474846 -0.298272 101.207 
-0.294695 0.0521723 0.954166 134.986 0.0597322 0.997562 -0.0360967 -7.784 -0.953723 0.0463569 -0.297093 101.012 
-0.293942 0.0522031 0.954397 135.645 0.0619797 0.997447 -0.0354689 -7.81719 -0.953812 0.0487274 -0.296427 100.819 
-0.292226 0.0505907 0.95501 136.305 0.0631887 0.997439 -0.033503 -7.85245 -0.954259 0.0505554 -0.294675 100.625 
-0.290249 0.0477278 0.95576 136.96 0.0650496 0.997429 -0.0300541 -7.89186 -0.954738 0.0534486 -0.292608 100.432 
-0.288962 0.0482901 0.956122 137.608 0.0657892 0.997368 -0.0304902 -7.92845 -0.955077 0.054092 -0.291378 100.247 
-0.286544 0.0507835 0.95672 138.247 0.0670077 0.997211 -0.0328635 -7.96077 -0.955721 0.0546908 -0.289147 100.066 
-0.282208 0.052462 0.957918 138.884 0.0687885 0.99704 -0.0343391 -7.99474 -0.956884 0.0562029 -0.284982 99.8868 
-0.276836 0.0515709 0.959532 139.517 0.0697619 0.997002 -0.0334577 -8.02854 -0.958381 0.0576765 -0.279604 99.7152 
-0.271402 0.0498036 0.961177 140.15 0.0714016 0.99695 -0.0314959 -8.06416 -0.959814 0.0600815 -0.27413 99.546 
-0.266683 0.0477189 0.962602 140.775 0.0711542 0.997023 -0.0297123 -8.09952 -0.961154 0.0605694 -0.269284 99.3829 
-0.262549 0.0468561 0.96378 141.393 0.0712839 0.997033 -0.0290539 -8.13279 -0.962282 0.061074 -0.26511 99.2256 
-0.258731 0.0453787 0.964883 142.011 0.0719065 0.997029 -0.027609 -8.16351 -0.963269 0.062238 -0.261225 99.0702 
-0.254823 0.0439498 0.965988 142.625 0.0753402 0.996832 -0.0254787 -8.19167 -0.964048 0.0662852 -0.257327 98.9139 
-0.251135 0.0422823 0.967028 143.235 0.0773076 0.99673 -0.0235044 -8.2196 -0.96486 0.0688559 -0.253582 98.7618 
-0.247845 0.0409468 0.967934 143.838 0.075518 0.996883 -0.0228345 -8.24958 -0.965852 0.067437 -0.250165 98.6219 
-0.24415 0.0417578 0.968838 144.435 0.0727395 0.997047 -0.024643 -8.28121 -0.967006 0.0644562 -0.246466 98.4869 
-0.239503 0.0451569 0.969845 145.024 0.0735251 0.996893 -0.0282592 -8.3092 -0.968108 0.0645398 -0.242079 98.351 
-0.233704 0.0483936 0.971103 145.606 0.075319 0.996661 -0.031541 -8.33636 -0.969386 0.0657712 -0.236569 98.2184 
-0.227018 0.0491837 0.972648 146.192 0.0743368 0.996685 -0.0330488 -8.36583 -0.971049 0.0648008 -0.229921 98.0944 
-0.218655 0.0476245 0.974639 146.78 0.0710586 0.996934 -0.0327722 -8.39748 -0.973212 0.0620907 -0.221369 97.9839 
