1 2.12261e-08 -2.11895e-08 0 2.12261e-08 1 2.10703e-08 0 -2.11895e-08 2.10703e-08 1 0 
0.999998 0.000768866 0.00180027 -0.0229441 -0.00076708 0.999999 -0.000969023 -0.021088 -0.00180106 0.000967682 0.999998 1.21708 
0.999994 0.00109308 0.00335891 -0.0442382 -0.00109114 0.999999 -0.000566609 -0.0395339 -0.00335957 0.000562983 0.999994 2.42862 
0.999991 0.000452167 0.00427359 -0.0557107 -0.000451145 1 -0.000230207 -0.061304 -0.00427373 0.000228319 0.999991 3.64328 
0.999987 0.000160477 0.00512071 -0.0760953 -0.000160982 1 0.000106463 -0.0872608 -0.00512074 -0.000107244 0.999987 4.85111 
0.999983 -4.71389e-05 0.00589206 -0.0885185 4.59811e-05 1 0.000203869 -0.108603 -0.00589211 -0.000203552 0.999983 6.0559 
0.99998 -4.65807e-05 0.006408 -0.0998712 5.18331e-05 1 -0.00081285 -0.131499 -0.006408 0.000813207 0.999979 7.25974 
0.999975 -0.000354122 0.00701879 -0.110153 0.000360769 1 -0.000939615 -0.155604 -0.00701849 0.000942166 0.999975 8.4487 
0.999975 -0.000875987 0.00700541 -0.121339 0.000871836 0.999999 0.000601712 -0.177976 -0.00700598 -0.000595547 0.999975 9.66527 
0.999981 -0.00144225 0.00591701 -0.141362 0.00143425 0.999998 0.00136349 -0.194425 -0.00591901 -0.00135494 0.999982 10.8774 
0.99999 -0.00262494 0.00355507 -0.161954 0.0026216 0.999996 0.000955858 -0.21587 -0.00355761 -0.000946486 0.999993 12.0765 
0.999996 -0.00231435 0.00155808 -0.18025 0.00231347 0.999997 0.000589963 -0.237056 -0.00155949 -0.000586314 0.999999 13.2819 
0.999998 -0.00210199 0.000421915 -0.20529 0.00210186 0.999998 0.000386493 -0.258517 -0.000422769 -0.000385563 1 14.503 
1 -0.000559639 -0.000225754 -0.236154 0.000559712 1 0.00013478 -0.27913 0.000225636 -0.000134864 1 15.7156 
0.999999 -0.00111794 -0.000567691 -0.265719 0.00111806 0.999999 0.000127632 -0.301276 0.000567505 -0.000128224 1 16.9331 
0.999998 -0.00171337 -0.00109067 -0.292419 0.0017142 0.999998 0.000719794 -0.324429 0.00108939 -0.00072162 0.999999 18.15 
0.999997 -0.00220628 -0.00135691 -0.322683 0.00220767 0.999997 0.000992578 -0.347583 0.00135468 -0.000995528 0.999999 19.3702 
0.999996 -0.00195173 -0.00188298 -0.352192 0.00195199 0.999998 0.000112606 -0.371415 0.00188271 -0.000116239 0.999998 20.5878 
0.999994 -0.00239913 -0.00262085 -0.37417 0.00239746 0.999997 -0.000657597 -0.393058 0.00262238 0.000651351 0.999996 21.7917 
0.999993 -0.00108081 -0.0036821 -0.392768 0.00107987 0.999999 -0.000269124 -0.406858 0.00368235 0.000265188 0.999993 23.0125 
0.999989 -0.00131435 -0.00455728 -0.40991 0.00131234 0.999999 -0.000453104 -0.435185 0.00455783 0.00044716 0.99999 24.2557 
0.999984 -0.00128531 -0.00547097 -0.436714 0.00127874 0.999998 -0.00121212 -0.456067 0.00547248 0.00120515 0.999984 25.4707 
0.999979 -0.000648362 -0.0064565 -0.464756 0.000644442 1 -0.000615789 -0.474422 0.00645685 0.000611657 0.999979 26.6809 
0.999972 -0.00215808 -0.00715874 -0.493339 0.00216733 0.999997 0.00127857 -0.499925 0.00715591 -0.00129401 0.999974 27.9004 
0.999962 -0.00243237 -0.00843106 -0.518413 0.00244411 0.999996 0.00137829 -0.52076 0.00842763 -0.0013988 0.999964 29.1192 
0.999952 -0.00300334 -0.00931032 -0.549347 0.00300787 0.999995 0.000467687 -0.539998 0.00930883 -0.000495627 0.999957 30.3254 
0.99994 -0.00349494 -0.0103651 -0.577523 0.00348886 0.999994 -0.000608558 -0.560541 0.0103671 0.000572402 0.999946 31.5397 
0.999933 -0.00317856 -0.011173 -0.612541 0.00317174 0.999995 -0.000631869 -0.581469 0.0111749 0.000596431 0.999937 32.7489 
0.999923 -0.00391857 -0.0117978 -0.646556 0.00391813 0.999992 -6.44206e-05 -0.603282 0.0117979 1.82327e-05 0.99993 33.9639 
0.999909 -0.00442138 -0.0127754 -0.678653 0.00442569 0.99999 0.000306192 -0.625448 0.0127739 -0.000362661 0.999918 35.1663 
0.999895 -0.00517221 -0.0135283 -0.71348 0.00517626 0.999987 0.000261223 -0.650568 0.0135268 -0.000331179 0.999908 36.3656 
0.999887 -0.00550791 -0.0139752 -0.753519 0.00551223 0.999985 0.000267966 -0.672552 0.0139734 -0.000344927 0.999902 37.5843 
0.99988 -0.00626475 -0.0141397 -0.792094 0.00627579 0.99998 0.000733598 -0.690642 0.0141348 -0.000822206 0.9999 38.8031 
0.999881 -0.00615842 -0.0141739 -0.830638 0.00618896 0.999979 0.00210931 -0.714807 0.0141605 -0.00219674 0.999897 40.013 
0.999882 -0.00583752 -0.0142204 -0.86917 0.00587879 0.999979 0.00285899 -0.733241 0.0142034 -0.00294221 0.999895 41.2394 
0.999888 -0.00505525 -0.0140596 -0.909868 0.00508968 0.999984 0.0024115 -0.752557 0.0140472 -0.00248275 0.999898 42.4665 
0.999898 -0.00401257 -0.0137354 -0.952957 0.00404585 0.999989 0.00239245 -0.771434 0.0137256 -0.00244773 0.999903 43.6873 
0.999915 -0.00124823 -0.0129574 -0.999738 0.00130246 0.99999 0.00417425 -0.787969 0.0129521 -0.00419073 0.999907 44.904 
0.999937 -0.00142346 -0.0111673 -1.03928 0.00150522 0.999972 0.00731275 -0.806747 0.0111565 -0.00732905 0.999911 46.1169 
0.999957 -0.000829592 -0.0092165 -1.07798 0.000922654 0.999949 0.0100931 -0.818456 0.00920761 -0.0101011 0.999907 47.3271 
0.999969 -0.00049094 -0.00785052 -1.10811 0.000596191 0.99991 0.0134048 -0.826762 0.00784319 -0.013409 0.999879 48.5423 
0.999977 -0.00152758 -0.00661638 -1.13549 0.00162473 0.999891 0.0146967 -0.833366 0.00659317 -0.0147071 0.99987 49.7642 
0.999981 -0.00366652 -0.00494761 -1.16434 0.00373153 0.999906 0.0131857 -0.835382 0.00489875 -0.0132039 0.999901 50.9779 
0.999989 -0.0025304 -0.00389691 -1.19042 0.00257472 0.999932 0.0114011 -0.839358 0.00386775 -0.011411 0.999927 52.1879 
0.999993 -0.00215173 -0.00306579 -1.21767 0.002185 0.999938 0.0108777 -0.845604 0.00304215 -0.0108843 0.999936 53.4026 
0.999992 -0.00257523 -0.00301759 -1.24217 0.00260634 0.999943 0.0103367 -0.853097 0.00299075 -0.0103445 0.999942 54.6167 
0.999988 -0.00328596 -0.00372805 -1.27116 0.0033206 0.999951 0.00931379 -0.862321 0.00369722 -0.00932601 0.99995 55.8369 
0.999981 -0.00311012 -0.00526096 -1.3012 0.00316098 0.999948 0.00968005 -0.871452 0.00523054 -0.00969646 0.999939 57.0603 
0.999974 -0.00313701 -0.00652267 -1.33331 0.00320829 0.999935 0.01094 -0.881117 0.00648788 -0.0109606 0.999919 58.2828 
0.999967 -0.00329885 -0.00742912 -1.36655 0.00338185 0.999932 0.0111821 -0.890045 0.00739168 -0.0112068 0.99991 59.5047 
0.999964 -0.00232414 -0.00822251 -1.39979 0.00241366 0.999938 0.0108893 -0.898063 0.00819665 -0.0109087 0.999907 60.721 
0.999962 -0.00198339 -0.00849083 -1.43784 0.00207557 0.999939 0.010856 -0.909037 0.00846874 -0.0108732 0.999905 61.9353 
0.999958 -0.00286791 -0.00868896 -1.47065 0.00295842 0.999941 0.0104172 -0.91992 0.00865854 -0.0104424 0.999908 63.142 
0.999952 -0.0038979 -0.00902788 -1.49943 0.00398224 0.999949 0.00933813 -0.928381 0.00899098 -0.00937359 0.999916 64.3583 
0.999945 -0.00438013 -0.00948731 -1.53022 0.00447976 0.999935 0.0105018 -0.936851 0.00944065 -0.0105437 0.9999 65.5704 
0.999943 -0.00456614 -0.00961459 -1.56543 0.0046822 0.999916 0.0120791 -0.948639 0.00955859 -0.0121234 0.999881 66.7759 
0.999944 -0.00390344 -0.00984532 -1.59727 0.00400531 0.999939 0.0103442 -0.956969 0.00980429 -0.010383 0.999898 67.9871 
0.999952 -0.0022067 -0.00949813 -1.63964 0.00229407 0.999955 0.00919363 -0.967062 0.00947737 -0.00921494 0.999913 69.1963 
0.999957 0.000107092 -0.00929545 -1.68115 -1.80847e-05 0.999954 0.00957042 -0.978857 0.00929601 -0.0095698 0.999911 70.4015 
0.99996 0.00210506 -0.00873105 -1.72533 -0.00202032 0.999951 0.00969826 -0.989033 0.008751 -0.00968019 0.999915 71.5925 
0.99996 0.0038484 -0.00806735 -1.76856 -0.00376653 0.999942 0.0101342 -0.99805 0.00810584 -0.0101033 0.999916 72.786 
0.999966 0.00469104 -0.00675716 -1.80319 -0.00461684 0.999929 0.0109479 -1.00623 0.006808 -0.0109163 0.999917 73.9766 
0.999969 0.0062964 -0.00466698 -1.83575 -0.00624134 0.999912 0.0117099 -1.01646 0.00474025 -0.0116803 0.999921 75.1695 
0.999986 0.00486613 -0.00187016 -1.86275 -0.00484801 0.999943 0.00955149 -1.02835 0.00191649 -0.00954225 0.999953 76.3617 
0.999998 0.00203809 0.000895914 -1.88279 -0.00204222 0.999987 0.00468413 -1.0414 -0.000886398 -0.00468591 0.999989 77.5397 
0.99999 0.00308539 0.00336862 -1.9011 -0.00309905 0.999987 0.00407113 -1.05352 -0.00335606 -0.00408148 0.999986 78.7177 
0.999978 0.00232359 0.00629749 -1.91367 -0.00237163 0.999968 0.00763976 -1.06938 -0.00627958 -0.00765448 0.999951 79.9006 
0.999948 0.00276006 0.0098286 -1.92845 -0.00284779 0.999956 0.00892721 -1.08204 -0.00980357 -0.00895469 0.999912 81.0717 
0.999893 0.00323873 0.0142848 -1.93666 -0.00333936 0.99997 0.0070291 -1.09302 -0.0142616 -0.007076 0.999873 82.2412 
0.99983 0.00260766 0.0182695 -1.93764 -0.00268172 0.999988 0.0040331 -1.10961 -0.0182588 -0.00408136 0.999825 83.406 
0.999759 0.00117859 0.0219298 -1.93381 -0.0011966 0.999999 0.000810313 -1.12921 -0.0219289 -0.000836317 0.999759 84.564 
0.999665 0.000935255 0.0258833 -1.92915 -0.00093113 1 -0.00016973 -1.15095 -0.0258835 0.000145614 0.999665 85.7171 
0.99956 0.000570044 0.0296642 -1.91505 -0.000619441 0.999998 0.0016575 -1.17183 -0.0296632 -0.0016751 0.999559 86.876 
0.999425 0.00184159 0.0338641 -1.90825 -0.00191184 0.999996 0.00204322 -1.19232 -0.0338602 -0.00210674 0.999424 88.0521 
0.999269 0.00147759 0.0382082 -1.8961 -0.00147783 0.999999 -2.10286e-05 -1.21406 -0.0382083 -3.54106e-05 0.99927 89.2257 
0.999125 0.00127942 0.0418134 -1.87194 -0.00118267 0.999997 -0.00233757 -1.23635 -0.0418163 0.00228611 0.999123 90.3941 
0.998991 0.00119932 0.0449023 -1.83739 -0.0010808 0.999996 -0.00266271 -1.25774 -0.0449054 0.00261153 0.998988 91.56 
0.998856 -0.000222507 0.0478247 -1.80142 0.00029204 0.999999 -0.00144603 -1.27922 -0.0478244 0.00145838 0.998855 92.7272 
0.998736 -0.000955301 0.0502645 -1.75596 0.000954819 1 3.44697e-05 -1.29897 -0.0502646 1.36084e-05 0.998736 93.8986 
0.998602 -0.00174534 0.0528232 -1.71049 0.00165825 0.999997 0.00169327 -1.31657 -0.0528261 -0.00160327 0.998602 95.0719 
0.998465 -0.00337901 0.0552928 -1.67035 0.00323055 0.999991 0.00277495 -1.33733 -0.0553017 -0.00259202 0.998466 96.2369 
0.99834 -0.0044138 0.0574185 -1.61446 0.00438847 0.99999 0.000567971 -1.35586 -0.0574205 -0.000315008 0.99835 97.4172 
0.998191 -0.00554408 0.0598685 -1.57002 0.00573541 0.999979 -0.00302368 -1.37365 -0.0598505 0.00336162 0.998202 98.5815 
0.998083 -0.00492318 0.0616996 -1.5146 0.00530176 0.999968 -0.00597289 -1.39424 -0.0616683 0.00628859 0.998077 99.7568 
0.997971 -0.00496475 0.0634739 -1.46495 0.00540716 0.999962 -0.00679931 -1.4207 -0.0634378 0.00712877 0.99796 100.944 
0.997945 -0.00495361 0.0638834 -1.41323 0.0053669 0.999966 -0.00629877 -1.44459 -0.0638501 0.00662872 0.997938 102.148 
0.997988 -0.00468594 0.0632272 -1.36419 0.00498282 0.999977 -0.00453785 -1.46997 -0.0632045 0.00484381 0.997989 103.366 
0.998068 -0.00528299 0.0619059 -1.30915 0.00548603 0.99998 -0.00310959 -1.49236 -0.0618883 0.00344324 0.998077 104.579 
0.998185 -0.00491894 0.0600208 -1.25866 0.00506621 0.999985 -0.002301 -1.51301 -0.0600086 0.00260094 0.998195 105.791 
0.99832 -0.00497886 0.0577297 -1.22387 0.00509123 0.999985 -0.00179884 -1.53393 -0.0577199 0.00208977 0.998331 107.039 
0.998497 -0.00445924 0.0546286 -1.17707 0.00457356 0.999988 -0.00196692 -1.55106 -0.0546192 0.00221386 0.998505 108.275 
0.998694 -0.00308601 0.0509914 -1.14711 0.00321598 0.999992 -0.00246615 -1.57154 -0.0509834 0.00262696 0.998696 109.494 
0.998889 -0.00267145 0.0470442 -1.1077 0.00278088 0.999994 -0.00225981 -1.5877 -0.0470379 0.00238817 0.99889 110.733 
0.999075 -0.00219796 0.0429564 -1.07352 0.00225558 0.999997 -0.00129191 -1.60777 -0.0429534 0.00138765 0.999076 111.971 
0.999245 -0.00170326 0.0388125 -1.04854 0.00173042 0.999998 -0.000665064 -1.62648 -0.0388113 0.000731765 0.999246 113.193 
0.999395 -0.0016615 0.0347342 -1.04668 0.00166638 0.999999 -0.000110201 -1.64586 -0.034734 0.000168056 0.999397 114.437 
0.999549 -0.000948585 0.0300298 -1.0303 0.000953007 1 -0.0001315 -1.66394 -0.0300297 0.0001601 0.999549 115.676 
0.999683 -0.000142174 0.0251784 -1.02507 0.000148778 1 -0.000258695 -1.688 -0.0251784 0.000262401 0.999683 116.934 
0.999795 0.000225721 0.0202346 -1.01977 -0.000211449 1 -0.000705343 -1.70558 -0.0202348 0.000700962 0.999795 118.197 
0.999877 0.00120669 0.0156669 -1.02853 -0.00118646 0.999998 -0.00129767 -1.72606 -0.0156685 0.00127896 0.999876 119.455 
0.999917 0.00323584 0.0124862 -1.04284 -0.00321583 0.999994 -0.00161903 -1.74369 -0.0124914 0.00157878 0.999921 120.701 
0.999933 0.00518062 0.0103831 -1.05669 -0.00516551 0.999986 -0.00147792 -1.76797 -0.0103907 0.00142423 0.999945 121.973 
0.999935 0.00633206 0.00949254 -1.07628 -0.00631525 0.999978 -0.00179484 -1.78864 -0.00950374 0.00173481 0.999953 123.249 
0.999928 0.00850801 0.0084096 -1.08742 -0.00849409 0.999963 -0.00168512 -1.80941 -0.00842367 0.00161361 0.999963 124.518 
0.999923 0.0097882 0.00757471 -1.1061 -0.00978171 0.999952 -0.000887125 -1.83224 -0.00758307 0.000813005 0.999971 125.787 
0.999927 0.0097948 0.00710536 -1.12094 -0.00979195 0.999952 -0.00043015 -1.85563 -0.00710928 0.000360585 0.999975 127.048 
0.999893 0.0132731 0.00621081 -1.14053 -0.0132832 0.999911 0.00158435 -1.87451 -0.00618927 -0.00166664 0.999979 128.311 
0.999883 0.0142699 0.0055884 -1.16441 -0.0142957 0.999887 0.00461942 -1.88659 -0.00552189 -0.00469872 0.999974 129.593 
0.999903 0.0130476 0.00496348 -1.18418 -0.0130682 0.999906 0.00414253 -1.89943 -0.00490901 -0.00420695 0.999979 130.869 
0.999906 0.0129652 0.00454188 -1.21049 -0.0129773 0.999912 0.00266852 -1.91439 -0.00450693 -0.00272717 0.999986 132.152 
0.999942 0.0100693 0.00384906 -1.23437 -0.010083 0.999943 0.00356631 -1.92553 -0.00381298 -0.00360487 0.999986 133.436 
0.999967 0.00767265 0.00265886 -1.25604 -0.00768712 0.999955 0.00549512 -1.9428 -0.00261662 -0.00551533 0.999981 134.738 
0.999989 0.00419893 0.0021919 -1.27752 -0.00421449 0.999966 0.0071633 -1.95386 -0.00216179 -0.00717241 0.999972 136.027 
0.999996 0.00212023 0.00176652 -1.29797 -0.00213487 0.999963 0.00835677 -1.97044 -0.00174878 -0.00836047 0.999964 137.318 
0.999996 -0.00209786 0.001895 -1.31301 0.00208558 0.999977 0.00647729 -1.98164 -0.00190859 -0.00647327 0.999977 138.597 
0.999987 -0.0045887 0.00208401 -1.33206 0.00457713 0.999974 0.00553905 -1.99403 -0.00210941 -0.0055294 0.999983 139.876 
0.999979 -0.00606443 0.00227106 -1.3504 0.00605214 0.999967 0.00539541 -2.00924 -0.00230375 -0.00538151 0.999983 141.157 
0.999977 -0.00623364 0.00281845 -1.37277 0.0062176 0.999965 0.00567794 -2.02174 -0.00285379 -0.00566024 0.99998 142.441 
0.99998 -0.00557982 0.00312044 -1.38706 0.00555599 0.999956 0.00760795 -2.03377 -0.00316279 -0.00759041 0.999966 143.731 
0.999987 -0.00317985 0.0039259 -1.41146 0.0031445 0.999955 0.00898996 -2.04527 -0.00395435 -0.00897746 0.999952 145.025 
0.999984 -0.00350092 0.00452413 -1.42798 0.00346766 0.999967 0.00734917 -2.06203 -0.00454975 -0.00733332 0.999963 146.312 
0.999983 -0.00285583 0.00516628 -1.44965 0.0028284 0.999982 0.00531797 -2.07446 -0.00518142 -0.00530322 0.999973 147.609 
0.999978 -0.00316376 0.00585437 -1.47036 0.00314659 0.999991 0.00294851 -2.09498 -0.00586368 -0.00292998 0.999979 148.893 
0.999972 -0.00424161 0.00609937 -1.48309 0.0042493 0.99999 -0.00124097 -2.11406 -0.00609408 0.00126689 0.999981 150.186 
0.99997 -0.0042024 0.00657481 -1.4994 0.00423404 0.99998 -0.00480019 -2.1386 -0.00655454 0.00482792 0.999967 151.47 
0.999967 -0.00442697 0.00679777 -1.51663 0.00446603 0.999974 -0.00573609 -2.1678 -0.00677224 0.0057663 0.99996 152.761 
0.999966 -0.00471658 0.00683757 -1.53343 0.00475352 0.999974 -0.00538947 -2.2005 -0.00681201 0.00542183 0.999962 154.049 
0.999968 -0.0042431 0.00673848 -1.55079 0.00427662 0.999979 -0.0049613 -2.2303 -0.00671733 0.00499001 0.999965 155.331 
0.999972 -0.00342107 0.00661542 -1.56765 0.00344721 0.999986 -0.00393766 -2.25967 -0.0066019 0.00396039 0.99997 156.623 
0.999976 -0.00285067 0.00635635 -1.58614 0.00287259 0.99999 -0.00343544 -2.28699 -0.00634654 0.00345366 0.999974 157.911 
0.999981 -0.002785 0.00551036 -1.59625 0.00280616 0.999989 -0.00382894 -2.31607 -0.00549968 0.00384437 0.999978 159.174 
0.999986 -0.00228888 0.00476402 -1.6119 0.00230569 0.999991 -0.00351753 -2.34288 -0.00475597 0.00352851 0.999983 160.448 
0.999987 -0.00277821 0.00426727 -1.63746 0.00278888 0.999993 -0.00248782 -2.36724 -0.00426037 0.00249973 0.999988 161.764 
0.999991 -0.00207334 0.00361239 -1.65881 0.00208115 0.999996 -0.00214586 -2.39569 -0.00360797 0.0021534 0.999991 163.041 
0.999994 -0.00166638 0.0029928 -1.67954 0.00167578 0.999994 -0.00312604 -2.42265 -0.00298761 0.00313108 0.999991 164.321 
0.999997 -0.00140043 0.00224111 -1.7014 0.00141026 0.999989 -0.00437141 -2.44896 -0.00223501 0.0043746 0.999988 165.586 
0.999999 -0.000643911 0.00154868 -1.72516 0.000650652 0.99999 -0.00432906 -2.4795 -0.00154592 0.0043301 0.999989 166.851 
0.999999 -0.00111435 0.000913284 -1.74877 0.00111908 0.999986 -0.0051502 -2.51014 -0.000907574 0.00515126 0.999986 168.126 
1 -0.000720787 4.49329e-05 -1.77067 0.000721096 0.99998 -0.00623259 -2.53835 -4.04818e-05 0.00623267 0.999981 169.407 
1 -0.000478759 -0.00080723 -1.795 0.000473954 0.999982 -0.00599411 -2.56599 0.000810043 0.00599376 0.999982 170.698 
0.999999 -0.000305212 -0.00164844 -1.81944 0.000297468 0.999989 -0.00472174 -2.59547 0.00164982 0.00472129 0.999988 171.987 
0.999996 -0.00054604 -0.00265866 -1.8446 0.000534449 0.99999 -0.00437449 -2.62396 0.00266098 0.0043731 0.999987 173.26 
0.999993 -0.000196963 -0.00368962 -1.86642 0.000182025 0.999992 -0.00406022 -2.65079 0.00369035 0.00405957 0.999985 174.553 
0.999989 0.000160894 -0.00460777 -1.89569 -0.000178561 0.999993 -0.00384323 -2.67912 0.00460707 0.00384406 0.999982 175.833 
0.999988 0.000419792 -0.00490156 -1.93149 -0.000442943 0.999989 -0.00473165 -2.70663 0.00489948 0.00473381 0.999977 177.112 
0.999985 0.0013897 -0.00534673 -1.96661 -0.00141774 0.999985 -0.00525179 -2.73514 0.00533931 0.00525933 0.999972 178.391 
0.999983 0.00146246 -0.00559533 -2.00195 -0.0014897 0.999987 -0.00487375 -2.76544 0.00558809 0.00488204 0.999973 179.673 
0.999983 0.00119534 -0.00575431 -2.03367 -0.00122981 0.999981 -0.0059981 -2.79604 0.00574699 0.00600511 0.999965 180.957 
0.999982 -0.000127225 -0.00600465 -2.06152 8.17392e-05 0.999971 -0.00758186 -2.82524 0.0060054 0.00758128 0.999953 182.234 
0.999974 -0.00336639 -0.00641493 -2.08697 0.00331911 0.999967 -0.00737357 -2.8574 0.0064395 0.00735212 0.999952 183.51 
0.999972 -0.0030121 -0.00685489 -2.11707 0.00298778 0.999989 -0.00356147 -2.88861 0.0068655 0.00354094 0.99997 184.782 
0.99997 -0.00385038 -0.00679481 -2.14871 0.00385578 0.999992 0.000774952 -2.9157 0.00679173 -0.000801086 0.999977 186.057 
0.999975 -0.00258256 -0.00660204 -2.18131 0.00258298 0.999997 4.96482e-05 -2.93708 0.00660185 -6.66576e-05 0.999978 187.314 
0.999979 -0.00123617 -0.00644334 -2.21655 0.00121518 0.999994 -0.00326678 -2.96042 0.00644729 0.00325893 0.999974 188.556 
0.999976 -0.000612779 -0.00691812 -2.24682 0.000576807 0.999986 -0.00520652 -2.98466 0.00692117 0.00520245 0.999963 189.805 
0.999975 -0.00103276 -0.00699654 -2.28045 0.0009989 0.999988 -0.00484722 -3.01454 0.00700142 0.00484016 0.999964 191.054 
0.999977 -0.00114511 -0.00674789 -2.31258 0.00112094 0.999993 -0.00359058 -3.04622 0.00675191 0.00358297 0.999971 192.316 
0.999979 -0.000968507 -0.00636264 -2.34569 0.000958826 0.999998 -0.00153092 -3.07446 0.00636407 0.00152483 0.999979 193.571 
0.999983 -0.00160299 -0.00557521 -2.37227 0.0015992 0.999999 -0.000692243 -3.10082 0.00557627 0.000683358 0.999984 194.835 
0.999991 -0.00164604 -0.00388385 -2.40517 0.00164116 0.999998 -0.00126981 -3.12847 0.00388589 0.00126347 0.999992 196.084 
0.999993 -0.00279351 -0.00252233 -2.43018 0.0027869 0.999993 -0.00263592 -3.15635 0.00252963 0.00262891 0.999993 197.335 
0.999995 -0.00303611 -0.00124373 -2.45575 0.00303118 0.999988 -0.00398227 -3.18856 0.00125576 0.00397853 0.999991 198.568 
0.999993 -0.00369768 0.000170749 -2.47777 0.00369843 0.999984 -0.00436535 -3.21945 -0.000154647 0.004366 0.99999 199.789 
0.999994 -0.00315226 0.00165505 -2.50348 0.00315852 0.999988 -0.00376678 -3.24657 -0.0016432 0.00377203 0.999992 201.02 
0.999989 -0.00371929 0.00301809 -2.52328 0.00372429 0.999992 -0.00164147 -3.27895 -0.003012 0.00165273 0.999994 202.241 
0.999989 -0.00266874 0.00389714 -2.54082 0.00267359 0.999996 -0.00122971 -3.3042 -0.00389388 0.00124015 0.999992 203.456 
0.999983 -0.00303034 0.00491233 -2.5557 0.0030364 0.999995 -0.00121841 -3.32962 -0.00490866 0.00123335 0.999987 204.678 
0.999981 -0.00240771 0.00571245 -2.56325 0.00241435 0.999996 -0.00114757 -3.35173 -0.0057097 0.00116139 0.999983 205.91 
0.999973 -0.00257838 0.00683922 -2.58068 0.00258487 0.999996 -0.000934038 -3.37582 -0.00683682 0.000951734 0.999976 207.121 
0.999966 -0.0023605 0.00789254 -2.59938 0.00236857 0.999997 -0.00100826 -3.40356 -0.00789018 0.00102696 0.999968 208.325 
0.99996 -0.00270706 0.00857857 -2.61078 0.00271453 0.999996 -0.000854311 -3.43117 -0.00857627 0.000877605 0.999963 209.517 
0.999952 -0.00374239 0.00908207 -2.61993 0.00374906 0.999993 -0.000712565 -3.4582 -0.00907938 0.000746621 0.999959 210.701 
0.999951 -0.00401138 0.00906305 -2.62448 0.00401097 0.999992 6.757e-05 -3.48416 -0.00906329 -3.1173e-05 0.999959 211.871 
0.999953 -0.00457607 0.00858639 -2.63158 0.00456599 0.999989 0.00119799 -3.50955 -0.00859182 -0.00115869 0.999962 213.013 
0.99996 -0.00438376 0.00779839 -2.64225 0.00437472 0.99999 0.00118175 -3.53568 -0.00780353 -0.00114754 0.999969 214.138 
0.999966 -0.00413814 0.00711696 -2.65124 0.00413547 0.999991 0.000396075 -3.56132 -0.00711858 -0.000366588 0.999975 215.246 
0.999969 -0.00398953 0.00683743 -2.67061 0.00399133 0.999992 -0.000244063 -3.5873 -0.00683644 0.000271388 0.999977 216.362 
0.999972 -0.00400126 0.00638896 -2.68937 0.00400368 0.999992 -0.000359003 -3.61422 -0.00638752 0.000384614 0.99998 217.458 
0.999978 -0.00446379 0.004888 -2.70134 0.00446542 0.99999 -0.000312647 -3.63809 -0.0048866 0.000334509 0.999988 218.522 
0.999984 -0.00495493 0.00283177 -2.71075 0.00495372 0.999988 0.000449137 -3.6606 -0.002834 -0.00043506 0.999996 219.576 
0.999981 -0.00615024 0.00041902 -2.72081 0.00614942 0.999979 0.0020351 -3.68105 -0.00043157 -0.00203244 0.999998 220.633 
0.999982 -0.00575696 -0.00186502 -2.74248 0.00576394 0.999976 0.00373585 -3.70192 0.00184343 -0.00374649 0.999991 221.681 
0.999976 -0.00542966 -0.00432016 -2.76677 0.005446 0.999978 0.00376838 -3.72198 0.00429957 -0.00379177 0.999984 222.712 
0.999961 -0.0052674 -0.00708976 -2.78656 0.00529117 0.99998 0.00333151 -3.74197 0.00707204 -0.00336885 0.999969 223.727 
0.999934 -0.0053848 -0.010181 -2.80706 0.00542025 0.999979 0.00345356 -3.75946 0.0101621 -0.00350847 0.999942 224.724 
0.999901 -0.0048558 -0.0132021 -2.83341 0.00490809 0.99998 0.0039287 -3.77791 0.0131827 -0.00399307 0.999905 225.692 
0.999859 -0.00464142 -0.0161433 -2.86421 0.00470383 0.999982 0.0038273 -3.80167 0.0161252 -0.00390265 0.999862 226.639 
0.999798 -0.00479249 -0.019513 -2.89426 0.0048598 0.999982 0.00340119 -3.82093 0.0194963 -0.00349529 0.999804 227.561 
0.999722 -0.00504555 -0.0230516 -2.92378 0.005112 0.999983 0.00282285 -3.84015 0.023037 -0.00293986 0.99973 228.457 
0.999644 -0.00398843 -0.0263729 -2.96135 0.00405995 0.999988 0.00265703 -3.85952 0.026362 -0.00276312 0.999649 229.321 
0.999556 -0.00374407 -0.0295672 -3.00041 0.00380726 0.999991 0.00207947 -3.87947 0.0295591 -0.00219108 0.999561 230.16 
0.999494 -0.00176221 -0.0317761 -3.04545 0.0018307 0.999996 0.00212508 -3.89769 0.0317722 -0.00218213 0.999493 230.989 
0.999476 -0.00102667 -0.0323586 -3.08827 0.00111145 0.999996 0.0026008 -3.91396 0.0323557 -0.00263536 0.999473 231.798 
0.999482 -0.00108491 -0.0321568 -3.12803 0.00120463 0.999992 0.00370235 -3.93082 0.0321525 -0.00373912 0.999476 232.582 
0.999508 -0.000777731 -0.031362 -3.17087 0.000919449 0.999989 0.00450327 -3.94638 0.0313581 -0.00452985 0.999498 233.351 
0.999522 -0.000795521 -0.0309013 -3.20894 0.000921746 0.999991 0.00406939 -3.96079 0.0308977 -0.00409589 0.999514 234.099 
0.999532 -0.000367934 -0.0305884 -3.24592 0.000433558 0.999998 0.0021374 -3.97541 0.0305875 -0.00214962 0.99953 234.836 
0.999558 -0.000299709 -0.0297454 -3.28117 0.000302447 1 8.61458e-05 -3.99079 0.0297454 -9.50614e-05 0.999558 235.567 
0.999593 -0.000399579 -0.0285294 -3.3168 0.000366312 0.999999 -0.00117273 -4.00748 0.0285298 0.00116184 0.999592 236.295 
0.99963 0.00015245 -0.0271865 -3.35033 -0.00019636 0.999999 -0.00161405 -4.02282 0.0271862 0.00161883 0.999629 237.021 
0.999674 -0.000366121 -0.0255147 -3.376 0.000321221 0.999998 -0.0017655 -4.03648 0.0255152 0.00175677 0.999673 237.756 
0.99972 -0.000535593 -0.023651 -3.40343 0.000492888 0.999998 -0.00181323 -4.05072 0.0236518 0.0018011 0.999719 238.481 
0.999762 -0.000464081 -0.0217995 -3.42795 0.000419756 0.999998 -0.00203979 -4.06582 0.0218004 0.0020302 0.99976 239.205 
0.999805 -0.000691015 -0.0197332 -3.45154 0.000645755 0.999997 -0.00230202 -4.08086 0.0197347 0.00228887 0.999803 239.927 
0.999859 -0.000617257 -0.0167943 -3.47617 0.000586336 0.999998 -0.00184853 -4.09659 0.0167954 0.00183846 0.999857 240.654 
0.999906 -0.00158901 -0.0136137 -3.49451 0.00157094 0.999998 -0.00134131 -4.10744 0.0136158 0.00131984 0.999906 241.378 
0.999941 -0.00252902 -0.0105727 -3.51352 0.00251873 0.999996 -0.000990423 -4.12187 0.0105751 0.000963777 0.999944 242.1 
0.999968 -0.00280038 -0.0075537 -3.52637 0.00279327 0.999996 -0.000958061 -4.13607 0.00755631 0.000936973 0.999971 242.807 
0.999985 -0.00310505 -0.0044658 -3.54217 0.00309923 0.999994 -0.00131838 -4.14899 0.00446983 0.00130456 0.999989 243.509 
0.999994 -0.00317662 -0.0013202 -3.55654 0.00317454 0.999994 -0.00161102 -4.16051 0.00132527 0.00160687 0.999998 244.204 
0.999996 -0.00231515 0.001787 -3.56916 0.00231954 0.999994 -0.00243585 -4.17427 -0.00178139 0.00244003 0.999995 244.892 
0.999986 -0.00205353 0.00488726 -3.57751 0.00206856 0.999993 -0.00306375 -4.18737 -0.00488098 0.00307386 0.999983 245.597 
0.999967 -0.00202582 0.00785922 -3.58554 0.00204276 0.999996 -0.00214351 -4.20187 -0.00785488 0.00215954 0.999967 246.303 
0.999941 -0.00160844 0.0107665 -3.59156 0.00162513 0.999998 -0.00153787 -4.21505 -0.010764 0.00155532 0.999941 247.01 
0.99991 -0.00180386 0.0132848 -3.59595 0.00182629 0.999997 -0.00167311 -4.22933 -0.0132818 0.00169727 0.99991 247.713 
0.999874 -0.0015553 0.0157836 -3.5983 0.00160736 0.999993 -0.0032833 -4.2425 -0.0157784 0.0033083 0.99987 248.42 
0.999846 -0.00114519 0.0174877 -3.59749 0.00124579 0.999983 -0.00574038 -4.25515 -0.0174808 0.00576133 0.999831 249.13 
0.999825 -0.00229616 0.0185905 -3.59466 0.00243135 0.999971 -0.00725063 -4.26993 -0.0185734 0.0072946 0.999801 249.847 
0.999823 -0.00210359 0.0187153 -3.59203 0.00224779 0.999968 -0.0076852 -4.2857 -0.0186986 0.00772595 0.999795 250.568 
0.999817 -0.00303867 0.0188633 -3.59117 0.00319137 0.999962 -0.00806789 -4.30337 -0.0188381 0.00812666 0.99979 251.291 
0.999816 -0.00180435 0.0191138 -3.58988 0.00196545 0.999963 -0.00841082 -4.32089 -0.019098 0.00844688 0.999782 252.027 
0.999809 -0.000971101 0.0195262 -3.59084 0.00114631 0.999959 -0.00896143 -4.3393 -0.0195167 0.00898214 0.999769 252.759 
0.999797 -0.00189531 0.0200798 -3.59959 0.0021152 0.999938 -0.0109331 -4.35398 -0.0200579 0.0109733 0.999739 253.525 
0.999767 -0.00576222 0.0208158 -3.60473 0.00603596 0.999896 -0.01311 -4.37159 -0.0207381 0.0132326 0.999697 254.296 
0.999726 -0.00892288 0.0216554 -3.59775 0.00922491 0.999861 -0.0138852 -4.39108 -0.0215286 0.0140812 0.999669 255.063 
0.999723 -0.0062538 0.0226744 -3.60668 0.00648541 0.999927 -0.0101536 -4.4046 -0.0226093 0.0102979 0.999691 255.842 
0.999724 -0.00277823 0.0233409 -3.61337 0.00287438 0.999988 -0.00408506 -4.42261 -0.0233293 0.00415106 0.999719 256.624 
0.999697 -0.00349669 0.0243544 -3.61033 0.00351205 0.999994 -0.000586484 -4.44075 -0.0243522 0.000671882 0.999703 257.419 
0.999631 -0.00438501 0.0268197 -3.59867 0.00445644 0.999987 -0.0026026 -4.45616 -0.026808 0.0027212 0.999637 258.212 
0.999507 -0.0031473 0.0312392 -3.59224 0.00342601 0.999955 -0.00887087 -4.46826 -0.0312099 0.00897357 0.999473 259.009 
0.999382 -0.00100428 0.035127 -3.58466 0.00144146 0.999922 -0.0124213 -4.48527 -0.0351118 0.0124643 0.999306 259.815 
0.999256 0.000500511 0.0385658 -3.57187 -2.54952e-05 0.999924 -0.0123154 -4.50379 -0.0385691 0.0123053 0.99918 260.634 
0.99911 -0.00124965 0.0421726 -3.55471 0.00166889 0.99995 -0.00990626 -4.52699 -0.0421581 0.00996786 0.999061 261.467 
0.998961 -0.00451504 0.0453551 -3.5294 0.00481978 0.999967 -0.0066109 -4.54749 -0.0453237 0.00682267 0.998949 262.308 
0.998813 -0.00710055 0.0481994 -3.49726 0.00734833 0.999961 -0.0049645 -4.56641 -0.0481623 0.00531283 0.998825 263.151 
0.998661 -0.00658477 0.0513214 -3.46624 0.00682426 0.999967 -0.00449186 -4.58422 -0.0512902 0.00483611 0.998672 264.006 
0.998539 -0.00424577 0.0538717 -3.43998 0.00460864 0.999968 -0.00661272 -4.60201 -0.0538419 0.00685137 0.998526 264.85 
0.998413 -0.00356393 0.0562014 -3.40815 0.00406722 0.999953 -0.00884249 -4.6216 -0.0561672 0.00905709 0.99838 265.689 
0.998277 -0.00323763 0.0585949 -3.36562 0.00376979 0.999953 -0.00897313 -4.63886 -0.0585631 0.00917859 0.998242 266.546 
0.998083 -0.00234551 0.0618452 -3.33884 0.0027773 0.999972 -0.00689594 -4.66281 -0.0618274 0.00705453 0.998062 267.405 
0.997874 -0.000995783 0.0651722 -3.29823 0.00134316 0.999985 -0.00528579 -4.68294 -0.065166 0.00536213 0.99786 268.262 
0.997672 -0.000254903 0.0681977 -3.25813 0.000631377 0.999985 -0.00549819 -4.70157 -0.0681953 0.00552849 0.997657 269.117 
0.997477 -5.47271e-05 0.0709861 -3.21456 0.00049517 0.999981 -0.00618644 -4.71735 -0.0709844 0.00620602 0.997458 269.966 
0.997268 -0.00166825 0.0738534 -3.16779 0.00216004 0.999976 -0.0065791 -4.73474 -0.0738406 0.00672069 0.997247 270.824 
0.997115 -0.00467153 0.0757587 -3.11539 0.0051408 0.999969 -0.00599985 -4.75029 -0.0757283 0.00637204 0.997108 271.674 
0.997022 -0.00586326 0.0768902 -3.06612 0.00635217 0.999961 -0.00611503 -4.76928 -0.0768514 0.00658528 0.997021 272.535 
0.996953 -0.00644919 0.0777435 -3.01726 0.00695339 0.999957 -0.00621588 -4.78429 -0.0777001 0.00673756 0.996954 273.39 
0.996899 -0.00629838 0.0784459 -2.9686 0.00681441 0.999957 -0.0063116 -4.79935 -0.0784028 0.00682663 0.996898 274.252 
0.996884 -0.00590481 0.0786548 -2.92343 0.00637843 0.999963 -0.00577109 -4.81719 -0.0786179 0.00625484 0.996885 275.112 
0.996926 -0.00586132 0.0781353 -2.87414 0.00629801 0.999966 -0.0053431 -4.83743 -0.0781014 0.00581881 0.996928 275.969 
0.997009 -0.00613484 0.0770375 -2.8253 0.00662162 0.99996 -0.00606438 -4.85906 -0.0769972 0.0065564 0.99701 276.829 
0.997136 -0.00580504 0.0754008 -2.77783 0.0063521 0.999955 -0.0070169 -4.87929 -0.0753568 0.0074758 0.997129 277.691 
0.997252 -0.0049992 0.0739215 -2.73243 0.00558259 0.999955 -0.00768692 -4.90185 -0.0738798 0.00807851 0.997234 278.549 
0.997377 -0.00413118 0.0722699 -2.68957 0.00471241 0.999958 -0.00787321 -4.92491 -0.0722343 0.00819316 0.997354 279.397 
0.997493 -0.00301012 0.070702 -2.65065 0.00359835 0.99996 -0.00819345 -4.94459 -0.0706745 0.00842736 0.997464 280.26 
0.997639 -0.0026015 0.0686315 -2.61139 0.00313492 0.999966 -0.00766495 -4.96554 -0.0686093 0.00786204 0.997613 281.12 
0.997814 -0.00283597 0.0660187 -2.5788 0.00325498 0.999975 -0.00623952 -4.98676 -0.0659994 0.00644081 0.997799 281.977 
0.998061 -0.00418204 0.0621042 -2.54278 0.0044265 0.999983 -0.00379848 -5.01001 -0.0620873 0.00406606 0.998062 282.833 
0.998324 -0.00538241 0.0576181 -2.51533 0.00551116 0.999983 -0.00207503 -5.02976 -0.057606 0.00238914 0.998337 283.68 
0.99858 -0.00593065 0.0529505 -2.48712 0.00598475 0.999982 -0.000862358 -5.04738 -0.0529445 0.00117807 0.998597 284.523 
0.99881 -0.0062084 0.0483785 -2.46626 0.00622409 0.999981 -0.000172959 -5.06573 -0.0483765 0.000473907 0.998829 285.348 
0.999019 -0.00680831 0.0437655 -2.44765 0.0068063 0.999977 0.000195895 -5.08164 -0.0437659 0.00010222 0.999042 286.168 
0.999202 -0.00783957 0.0391569 -2.43182 0.00783111 0.999969 0.000370537 -5.09713 -0.0391587 -6.35573e-05 0.999233 286.974 
0.99935 -0.00813868 0.0351312 -2.41987 0.00814365 0.999967 2.86101e-06 -5.11271 -0.0351301 0.000283278 0.999383 287.769 
0.999478 -0.00734907 0.0314599 -2.41495 0.00735775 0.999973 -0.000158848 -5.12811 -0.0314579 0.00039028 0.999505 288.54 
0.999594 -0.00722679 0.027573 -2.40471 0.00723265 0.999974 -0.000111114 -5.14629 -0.0275715 0.000310537 0.99962 289.297 
0.99969 -0.00802085 0.023557 -2.39588 0.0080238 0.999968 -2.8866e-05 -5.1634 -0.023556 0.000217915 0.999723 290.036 
0.999772 -0.00893567 0.0194073 -2.39766 0.00895188 0.99996 -0.000746018 -5.18234 -0.0193999 0.000919621 0.999811 290.755 
0.999867 -0.00736386 0.0145228 -2.40237 0.00739589 0.99997 -0.00214987 -5.20043 -0.0145065 0.00225704 0.999892 291.451 
0.999952 -0.00574328 0.00800279 -2.40954 0.00577656 0.999975 -0.00413625 -5.21585 -0.00797887 0.00418232 0.999959 292.134 
0.999987 -0.00511988 -0.000322984 -2.42765 0.00511794 0.99997 -0.00588702 -5.23269 0.000353073 0.00588534 0.999983 292.796 
0.999926 -0.00541806 -0.0108896 -2.45358 0.00534174 0.999961 -0.00702967 -5.24921 0.0109272 0.00697102 0.999916 293.446 
0.999694 -0.00502834 -0.0242119 -2.49428 0.00485098 0.999961 -0.00738024 -5.26496 0.024248 0.00726058 0.99968 294.094 
0.999151 -0.00384132 -0.04102 -2.54284 0.0035673 0.999971 -0.00675229 -5.28484 0.0410447 0.00660027 0.999136 294.722 
0.998134 -0.00140775 -0.0610532 -2.60697 0.00104026 0.999981 -0.00605136 -5.30344 0.0610606 0.0059766 0.998116 295.35 
0.996496 7.95086e-05 -0.0836426 -2.69388 -0.000612623 0.99998 -0.00634856 -5.31435 0.0836403 0.0063776 0.996476 295.981 
0.994018 0.00121733 -0.10921 -2.78743 -0.00195001 0.999976 -0.00660271 -5.32679 0.1092 0.00677622 0.993997 296.588 
0.990486 0.00249538 -0.137591 -2.88564 -0.0033808 0.999975 -0.00620207 -5.3464 0.137572 0.00660827 0.99047 297.196 
0.985657 0.00349593 -0.168728 -3.0092 -0.00440299 0.999978 -0.00500225 -5.36002 0.168707 0.00567346 0.98565 297.789 
0.979198 0.00328299 -0.202881 -3.15214 -0.00405109 0.999986 -0.00337102 -5.36933 0.202867 0.00412283 0.979198 298.362 
0.970857 0.00329808 -0.239637 -3.30214 -0.00382792 0.999991 -0.00174573 -5.38043 0.239629 0.00261221 0.970861 298.919 
0.960581 0.00433507 -0.277966 -3.47637 -0.00434196 0.99999 0.000590674 -5.3876 0.277965 0.000639572 0.960591 299.463 
0.948076 0.00562839 -0.317995 -3.6586 -0.00495142 0.999983 0.00293696 -5.39656 0.318006 -0.00120989 0.948088 299.991 
0.933357 0.00596036 -0.358901 -3.86219 -0.00445175 0.999977 0.00502956 -5.41203 0.358923 -0.00309658 0.933362 300.499 
0.916154 0.006088 -0.400781 -4.08782 -0.00362351 0.99997 0.00690675 -5.42479 0.400811 -0.00487536 0.916148 301.009 
0.896296 0.0055693 -0.44342 -4.33463 -0.00218711 0.999965 0.00813849 -5.43246 0.44345 -0.00632464 0.896277 301.482 
0.873215 0.00485753 -0.487312 -4.59508 -0.0005771 0.99996 0.00893344 -5.4372 0.487335 -0.00751953 0.873182 301.951 
0.84699 0.00394235 -0.531594 -4.86901 0.00163001 0.999949 0.0100127 -5.43974 0.531607 -0.00934715 0.84694 302.399 
0.817579 0.00410792 -0.575802 -5.17122 0.00308234 0.999929 0.0115103 -5.44413 0.575808 -0.0111854 0.817508 302.83 
0.785558 0.00563876 -0.618763 -5.51151 0.00237176 0.999924 0.0121233 -5.4498 0.618784 -0.0109911 0.785484 303.205 
0.749889 0.00463485 -0.661547 -5.86252 0.00450638 0.999917 0.0121136 -5.45271 0.661548 -0.012065 0.749806 303.585 
0.710243 0.00383458 -0.703947 -6.18745 0.00865388 0.999862 0.0141778 -5.46273 0.703904 -0.0161615 0.710111 303.907 
0.667067 0.0033122 -0.744991 -6.57497 0.0146319 0.999739 0.0175463 -5.46545 0.744854 -0.0226051 0.666844 304.189 
0.619466 0.00380982 -0.785015 -6.9752 0.0185394 0.999638 0.0194811 -5.46018 0.784805 -0.0266216 0.619171 304.438 
0.568686 0.00740392 -0.822521 -7.39214 0.0180121 0.999608 0.0214514 -5.45829 0.822357 -0.0270143 0.56833 304.65 
0.515966 0.0137437 -0.856499 -7.82504 0.0130493 0.999629 0.0239015 -5.45692 0.85651 -0.023509 0.515595 304.824 
0.460057 0.0176559 -0.887714 -8.23719 0.0102035 0.999631 0.0251698 -5.45109 0.887831 -0.0206373 0.459707 304.991 
0.402192 0.0197945 -0.915342 -8.65617 0.00960298 0.99962 0.0258365 -5.44487 0.915505 -0.0191812 0.401849 305.13 
0.342996 0.0216746 -0.939087 -9.06626 0.0114622 0.999563 0.0272569 -5.43657 0.939267 -0.020113 0.342597 305.25 
0.283162 0.0248613 -0.95875 -9.48576 0.0134872 0.999462 0.0299003 -5.42961 0.958977 -0.0213974 0.282674 305.345 
0.222053 0.0284972 -0.974618 -9.90643 0.0156123 0.999341 0.0327771 -5.41898 0.97491 -0.0224942 0.221462 305.418 
0.157987 0.0317072 -0.986932 -10.3383 0.0180497 0.999225 0.0349915 -5.41003 0.987276 -0.023342 0.157292 305.465 
0.0924569 0.0354165 -0.995087 -10.7798 0.0183937 0.999136 0.0372697 -5.39583 0.995547 -0.0217491 0.0917255 305.475 
0.0257967 0.0410958 -0.998822 -11.2373 0.0203037 0.998927 0.0416245 -5.3835 0.999461 -0.0213535 0.0249346 305.459 
-0.0424926 0.0475743 -0.997964 -11.7077 0.0221668 0.998665 0.0466638 -5.36416 0.998851 -0.0201388 -0.0434904 305.41 
-0.110865 0.0544398 -0.992343 -12.1822 0.0243683 0.998347 0.0520467 -5.34595 0.993537 -0.0184115 -0.112009 305.326 
-0.178865 0.0605898 -0.982006 -12.6688 0.0266715 0.998034 0.0567207 -5.32575 0.983512 -0.0160461 -0.18013 305.205 
-0.24589 0.0667002 -0.967 -13.1563 0.0305584 0.997667 0.0610451 -5.30664 0.968816 -0.0145396 -0.247354 305.052 
-0.311145 0.0708906 -0.947715 -13.6493 0.0347064 0.997396 0.0632124 -5.27906 0.949728 -0.0132235 -0.312796 304.862 
-0.373453 0.0731091 -0.924764 -14.1368 0.038238 0.997256 0.0633982 -5.24959 0.926861 -0.0116848 -0.375224 304.63 
-0.432629 0.0734099 -0.898578 -14.6115 0.041276 0.997247 0.061598 -5.2172 0.900627 -0.0104406 -0.434468 304.36 
-0.48843 0.0731186 -0.869534 -15.0843 0.0434175 0.997285 0.0594729 -5.18155 0.871522 -0.00870459 -0.490279 304.053 
-0.539885 0.0731979 -0.83855 -15.561 0.0454585 0.997293 0.0577871 -5.14539 0.840511 -0.00692085 -0.541751 303.709 
-0.585927 0.0730685 -0.807063 -16.0275 0.0469115 0.997315 0.0562356 -5.11067 0.809005 -0.00491055 -0.587781 303.329 
-0.626359 0.0736889 -0.776044 -16.4925 0.0478715 0.997279 0.0560582 -5.07773 0.778063 -0.00203776 -0.628183 302.912 
-0.663046 0.0774363 -0.744563 -16.946 0.0523044 0.996997 0.0571121 -5.04734 0.746749 -0.00107595 -0.665105 302.467 
-0.699001 0.0843951 -0.710124 -17.4001 0.0604513 0.996431 0.058917 -5.01309 0.712562 -0.00174483 -0.701608 301.988 
-0.733898 0.0897173 -0.673309 -17.8538 0.0664677 0.995967 0.0602621 -4.97467 0.676 -0.000527029 -0.736902 301.465 
-0.76599 0.0911258 -0.636361 -18.2896 0.0691229 0.995838 0.0593989 -4.93748 0.639125 0.00151185 -0.769101 300.902 
-0.795415 0.0879005 -0.599657 -18.7026 0.0686613 0.996126 0.054941 -4.90702 0.602163 0.00252768 -0.798369 300.304 
-0.821863 0.085298 -0.563263 -19.104 0.069698 0.996355 0.0491862 -4.87747 0.565405 0.00116607 -0.824813 299.662 
-0.846066 0.0805292 -0.526961 -19.4873 0.0682741 0.996752 0.0427039 -4.8423 0.528689 0.000152528 -0.848816 298.981 
-0.867817 0.0780463 -0.490716 -19.8544 0.0683716 0.996949 0.0376473 -4.81317 0.492157 -0.00088001 -0.870506 298.267 
-0.887703 0.0765675 -0.454004 -20.2049 0.0675458 0.997064 0.0360834 -4.78891 0.455434 0.00136525 -0.890269 297.513 
-0.906157 0.0728572 -0.41662 -20.5326 0.064613 0.997335 0.0338762 -4.76712 0.417978 0.00377812 -0.908449 296.722 
-0.92281 0.0723729 -0.378396 -20.8421 0.0653037 0.997368 0.0315 -4.74316 0.37968 0.00435787 -0.925108 295.9 
-0.937799 0.0745954 -0.339072 -21.1245 0.0681946 0.997197 0.0307709 -4.72022 0.340417 0.0057341 -0.940257 295.04 
-0.950649 0.0779963 -0.300305 -21.3743 0.0723211 0.996931 0.0299857 -4.70222 0.301722 0.00678753 -0.953372 294.152 
-0.961804 0.0787911 -0.262156 -21.5953 0.0732293 0.996835 0.0309341 -4.6799 0.263764 0.0105551 -0.96453 293.229 
-0.971032 0.0816725 -0.224558 -21.7866 0.0766053 0.996573 0.0312008 -4.66301 0.226337 0.0130947 -0.973961 292.282 
-0.978791 0.0812931 -0.188043 -21.9443 0.0770309 0.996581 0.0298762 -4.64574 0.189829 0.0147574 -0.981706 291.31 
-0.984856 0.0797898 -0.153921 -22.067 0.0767799 0.996724 0.025411 -4.62465 0.155445 0.0132081 -0.987756 290.311 
-0.989579 0.0784512 -0.120744 -22.162 0.0764104 0.996846 0.0214473 -4.60782 0.122045 0.0119977 -0.992452 289.278 
