1 2.12261e-08 -2.11895e-08 0 2.12261e-08 1 2.10703e-08 0 -2.11895e-08 2.10703e-08 1 0 
0.999979 0.000475339 -0.0064812 -0.00980768 -0.000473189 1 0.000326646 -0.00100679 0.00648131 -0.00032353 0.999979 0.094937 
0.999907 0.00102906 -0.0135958 -0.0192119 -0.00102633 0.999999 0.000204159 -0.00171564 0.0135959 -0.000190144 0.999908 0.194315 
0.999775 0.00140644 -0.0211579 -0.0318304 -0.00141692 0.999999 -0.000482677 -0.00300688 0.0211572 0.00051259 0.999776 0.294579 
0.999533 0.001862 -0.0304916 -0.0460061 -0.00191841 0.999997 -0.00182231 -0.00408889 0.030488 0.00188 0.999533 0.401633 
0.999117 0.00194747 -0.0419732 -0.0648744 -0.00209195 0.999992 -0.00339942 -0.00461077 0.0419662 0.00348427 0.999113 0.521254 
0.998455 0.00186587 -0.0555383 -0.0888687 -0.00210665 0.999989 -0.0042779 -0.00505174 0.0555296 0.00438834 0.998447 0.65178 
0.997409 0.00174528 -0.0719209 -0.116961 -0.00206012 0.999989 -0.00430421 -0.00508917 0.0719125 0.00444127 0.997401 0.795386 
0.995887 0.000129891 -0.0906086 -0.149822 -0.000513841 0.999991 -0.00421459 -0.00740206 0.0906072 0.00424386 0.995878 0.953224 
0.993862 -0.00108677 -0.11062 -0.189017 0.000612779 0.999991 -0.00431911 -0.0104048 0.110624 0.00422486 0.993853 1.11806 
0.991138 -0.00119441 -0.13283 -0.238797 0.000583526 0.999989 -0.00463811 -0.0147352 0.132834 0.00451954 0.991128 1.2928 
0.987599 0.00242904 -0.156979 -0.299835 -0.00342121 0.999976 -0.00605072 -0.0200166 0.15696 0.00651278 0.987584 1.4705 
0.983213 0.00669264 -0.18234 -0.371916 -0.00821111 0.999938 -0.00757421 -0.0262847 0.182278 0.00894431 0.983206 1.65548 
0.977784 0.00956562 -0.209397 -0.449349 -0.0115864 0.999897 -0.00842614 -0.0335114 0.209295 0.0106651 0.977795 1.84574 
0.970996 0.010266 -0.238877 -0.531364 -0.0126941 0.999882 -0.00862856 -0.0361955 0.23876 0.0114107 0.971012 2.04628 
0.96288 0.0121581 -0.269654 -0.62651 -0.0148838 0.999857 -0.00806602 -0.0409925 0.269518 0.0117801 0.962923 2.2505 
0.953342 0.0138356 -0.301576 -0.73377 -0.0167683 0.999834 -0.00713813 -0.0424473 0.301427 0.011862 0.953416 2.45867 
0.941966 0.0160172 -0.335325 -0.84705 -0.0191694 0.999798 -0.00609265 -0.0436302 0.33516 0.0121671 0.942083 2.6674 
0.929298 0.018242 -0.368881 -0.968966 -0.0218799 0.999745 -0.00568097 -0.0455052 0.368683 0.0133504 0.929459 2.87072 
0.915241 0.0209167 -0.402364 -1.10198 -0.025091 0.999672 -0.00510603 -0.044251 0.402125 0.014769 0.915466 3.07596 
0.898919 0.0213372 -0.437595 -1.23818 -0.0259054 0.999654 -0.00447234 -0.0424479 0.437348 0.0153564 0.899161 3.28054 
0.880112 0.0166614 -0.474473 -1.37795 -0.0217036 0.999751 -0.00515186 -0.0412493 0.474269 0.014832 0.880255 3.48757 
0.858421 0.0114277 -0.512819 -1.52745 -0.01671 0.999844 -0.00569068 -0.0414636 0.512674 0.0134542 0.858478 3.69015 
0.832861 0.0129559 -0.553331 -1.69854 -0.0171955 0.999849 -0.00247159 -0.045806 0.553216 0.0115734 0.832958 3.8868 
0.803041 0.0183122 -0.595642 -1.89069 -0.0218881 0.99976 0.00122672 -0.0502396 0.595521 0.0120524 0.803249 4.07803 
0.769697 0.0211778 -0.638058 -2.09716 -0.0249735 0.999683 0.00305459 -0.0533673 0.637921 0.0135835 0.769982 4.25966 
0.732817 0.0203619 -0.680122 -2.31702 -0.0243183 0.999697 0.00372703 -0.053321 0.679992 0.0138082 0.73309 4.44352 
0.692162 0.0161468 -0.721561 -2.54951 -0.0181885 0.999822 0.00492616 -0.0535885 0.721513 0.0097145 0.692333 4.62624 
0.648651 0.0127401 -0.760979 -2.80364 -0.0129432 0.9999 0.00570741 -0.0531347 0.760976 0.00614745 0.648751 4.80084 
0.603301 0.0123062 -0.797419 -3.08101 -0.0100882 0.999919 0.00779889 -0.0532996 0.79745 0.00333947 0.603376 4.95694 
0.554593 0.0129572 -0.832021 -3.37384 -0.00749448 0.999916 0.0105763 -0.0513006 0.832088 0.000370068 0.554643 5.10082 
0.503403 0.0136311 -0.863944 -3.68374 -0.00596718 0.999907 0.0122994 -0.0469282 0.864031 -0.00103618 0.503437 5.22109 
0.450425 0.0150588 -0.892687 -4.01352 -0.00542451 0.999885 0.0141301 -0.040333 0.892798 -0.00152211 0.450455 5.32952 
0.395666 0.0170667 -0.918236 -4.36517 -0.00441092 0.999851 0.0166829 -0.0344071 0.918384 -0.00255056 0.395683 5.42592 
0.34014 0.0191359 -0.94018 -4.72937 -0.00388799 0.999813 0.018943 -0.0305917 0.940367 -0.00278781 0.34015 5.50257 
0.285035 0.0221451 -0.958261 -5.11323 -0.00164281 0.999743 0.022615 -0.0279089 0.958516 -0.00487179 0.284998 5.56532 
0.231359 0.0240003 -0.972572 -5.50947 0.00258077 0.999677 0.025283 -0.0232226 0.972865 -0.00835939 0.231222 5.61284 
0.180276 0.0244683 -0.983312 -5.92191 0.00520181 0.999653 0.0258286 -0.0200579 0.983602 -0.00977122 0.180086 5.64687 
0.132983 0.025367 -0.990794 -6.3492 0.00286553 0.999658 0.0259786 -0.0129755 0.991114 -0.00629382 0.132865 5.65272 
0.090517 0.0255282 -0.995568 -6.79165 0.000925558 0.999669 0.0257176 -0.00379409 0.995895 -0.00324929 0.0904634 5.64687 
0.0524427 0.023996 -0.998336 -7.25124 -0.000392159 0.999712 0.0240085 0.00646252 0.998624 -0.000867521 0.052437 5.63445 
0.0178489 0.0212145 -0.999616 -7.72008 0.000425123 0.999775 0.0212254 0.0148873 0.999841 -0.000803768 0.0178358 5.61133 
-0.0136386 0.0185575 -0.999735 -8.20512 0.000604243 0.999828 0.018551 0.0202312 0.999907 -0.000351033 -0.0136474 5.57503 
-0.0402571 0.0166894 -0.99905 -8.70494 -5.90286e-05 0.99986 0.0167053 0.0248912 0.999189 0.000731522 -0.0402505 5.5257 
-0.0612006 0.0144018 -0.998022 -9.21459 -0.000405223 0.999896 0.0144537 0.0330281 0.998125 0.00128904 -0.0611884 5.46993 
-0.0776764 0.0135896 -0.996886 -9.73951 1.87867e-05 0.999907 0.0136293 0.0431417 0.996979 0.00103999 -0.0776694 5.40928 
-0.0909288 0.0140267 -0.995759 -10.281 0.000939616 0.999902 0.0139993 0.0502677 0.995857 0.000337346 -0.090933 5.34522 
-0.100549 0.0152174 -0.994816 -10.84 -0.00044727 0.999882 0.0153401 0.0472848 0.994932 0.00198742 -0.100531 5.26961 
-0.107357 0.016443 -0.994085 -11.4116 -0.00236846 0.999856 0.0167943 0.0476962 0.994218 0.00415748 -0.107303 5.18916 
-0.111941 0.017409 -0.993562 -12.0038 -0.00229368 0.999839 0.0177774 0.0524385 0.993712 0.00426896 -0.111883 5.10746 
-0.1135 0.018115 -0.993373 -12.6081 0.000329046 0.999834 0.0181952 0.0621232 0.993538 0.00173833 -0.113487 5.03203 
-0.112725 0.0203053 -0.993419 -13.2317 0.00241116 0.999794 0.020162 0.0702029 0.993623 -0.000122499 -0.11275 4.95544 
-0.11142 0.0227713 -0.993513 -13.8717 0.00170626 0.99974 0.0227227 0.0744409 0.993772 0.0008366 -0.11143 4.8735 
-0.110021 0.022511 -0.993674 -14.5278 -0.000249136 0.999743 0.022676 0.0815093 0.993929 0.00274243 -0.109987 4.78817 
-0.108581 0.0198786 -0.993889 -15.1931 -0.00190618 0.999794 0.020205 0.0900464 0.994086 0.00408844 -0.10852 4.70255 
-0.107455 0.0196212 -0.994016 -15.8773 -0.00218566 0.999798 0.0199716 0.101261 0.994208 0.00431867 -0.10739 4.61853 
-0.105741 0.0223094 -0.994143 -16.5792 -0.00163974 0.999743 0.0226095 0.114942 0.994392 0.00402092 -0.105677 4.53281 
-0.103981 0.0256391 -0.994249 -17.2984 -0.00241237 0.999658 0.0260309 0.126521 0.994576 0.00510525 -0.103884 4.44509 
-0.102284 0.0277566 -0.994368 -18.031 -0.00268728 0.999599 0.028179 0.134055 0.994752 0.00555446 -0.102169 4.3565 
-0.100486 0.0269336 -0.994574 -18.7714 -0.00440993 0.999612 0.0275155 0.147014 0.994929 0.00715095 -0.100328 4.26561 
-0.0988114 0.0237654 -0.994822 -19.5272 -0.00657076 0.999677 0.024534 0.160325 0.995085 0.00896102 -0.0986233 4.17191 
-0.0972582 0.0230923 -0.994991 -20.2946 -0.00741278 0.999686 0.0239259 0.172833 0.995232 0.00970268 -0.0970565 4.0794 
-0.0957931 0.0255003 -0.995075 -21.078 -0.00477447 0.999649 0.0260772 0.184355 0.99539 0.00724901 -0.0956377 3.99247 
-0.09476 0.0277299 -0.995114 -21.8748 -0.00250681 0.999602 0.0280936 0.193843 0.995497 0.00515676 -0.0946528 3.90551 
-0.0936019 0.0295245 -0.995172 -22.6748 -0.00126202 0.999556 0.0297732 0.203513 0.995609 0.00404279 -0.0935231 3.8167 
-0.0930841 0.0248687 -0.995348 -23.476 -0.000949771 0.999685 0.0250659 0.211781 0.995658 0.00327863 -0.0930311 3.72771 
-0.092819 0.0180053 -0.99552 -24.2814 0.000547497 0.999837 0.0180323 0.216883 0.995683 0.00112874 -0.0928138 3.63935 
-0.0930493 0.0134793 -0.99557 -25.0974 0.00381068 0.999906 0.0131818 0.225483 0.995654 -0.0025672 -0.0930919 3.55436 
-0.0936953 0.0142486 -0.995499 -25.925 0.00496823 0.999892 0.0138439 0.231955 0.995589 -0.00364872 -0.0937559 3.46599 
-0.0938273 0.0217317 -0.995351 -26.7653 0.00470582 0.99976 0.0213843 0.233769 0.995577 -0.00267747 -0.0939071 3.37009 
-0.0941448 0.0287748 -0.995143 -27.6093 0.0032407 0.999586 0.0285967 0.24171 0.995553 -0.000532687 -0.094199 3.27387 
-0.0946409 0.0339935 -0.994931 -28.4554 0.00128381 0.99942 0.0340248 0.251222 0.995511 0.00194288 -0.0946297 3.1762 
-0.095107 0.0342448 -0.994878 -29.2967 -0.000295193 0.999407 0.034429 0.262889 0.995467 0.00356816 -0.0950405 3.078 
-0.0955376 0.0307272 -0.994952 -30.1331 -0.000204324 0.999523 0.030888 0.275289 0.995426 0.00315429 -0.0954857 2.98326 
-0.0961522 0.0279743 -0.994974 -30.97 -0.000451034 0.999604 0.028148 0.289273 0.995367 0.0031553 -0.0961014 2.88872 
-0.0963665 0.0290398 -0.994922 -31.8087 -0.00185074 0.999567 0.0293547 0.302233 0.995344 0.00467019 -0.0962711 2.79181 
-0.0964069 0.031442 -0.994845 -32.6465 -0.00254074 0.99949 0.031835 0.310091 0.995339 0.0055968 -0.0962778 2.69461 
-0.0962879 0.0297193 -0.99491 -33.4867 -0.00318274 0.99954 0.0301656 0.318331 0.995348 0.00607116 -0.096149 2.59313 
-0.0959436 0.0244876 -0.995086 -34.3185 -0.00400534 0.99968 0.0249868 0.328599 0.995379 0.00638302 -0.0958148 2.49557 
-0.0956974 0.0202628 -0.995204 -35.1528 -0.00522645 0.999769 0.0208583 0.338093 0.995397 0.00719751 -0.0955694 2.39381 
-0.0952439 0.0209621 -0.995233 -35.9893 -0.00444613 0.999759 0.0214829 0.345314 0.995444 0.00647109 -0.0951277 2.2972 
-0.0949913 0.0235452 -0.9952 -36.828 -0.00325358 0.999708 0.0239624 0.347528 0.995473 0.00551422 -0.0948869 2.20463 
-0.0945959 0.0283297 -0.995113 -37.6732 -0.00282918 0.999583 0.0287259 0.357822 0.995512 0.00553274 -0.0944763 2.10815 
-0.0939895 0.0338877 -0.994996 -38.5169 -0.00194658 0.999412 0.034222 0.36977 0.995571 0.00515338 -0.0938683 2.01142 
-0.0942715 0.0371321 -0.994854 -39.3563 -0.00210548 0.999295 0.0374974 0.38071 0.995544 0.00562962 -0.0941268 1.91686 
-0.0941143 0.0369635 -0.994875 -40.186 -0.00168746 0.999303 0.0372876 0.395548 0.99556 0.00518815 -0.0939863 1.8274 
-0.0940893 0.032455 -0.995035 -41.0137 -0.00143898 0.999463 0.0327355 0.411966 0.995563 0.00451193 -0.093992 1.73161 
-0.0937944 0.0280304 -0.995197 -41.8428 -0.0025129 0.999594 0.028391 0.423549 0.995588 0.00516379 -0.0936859 1.63551 
-0.0937094 0.0251019 -0.995283 -42.6766 -0.00631072 0.999647 0.0258061 0.434303 0.99558 0.00869927 -0.093518 1.53371 
-0.0943738 0.0231723 -0.995267 -43.5076 -0.00947118 0.999663 0.0241727 0.44352 0.995492 0.0117077 -0.0941225 1.43535 
-0.0951119 0.021371 -0.995237 -44.3408 -0.00717043 0.999729 0.0221528 0.445825 0.995441 0.00924331 -0.0949329 1.33974 
-0.0962775 0.0177553 -0.995196 -45.1681 -0.00377467 0.999827 0.0182031 0.449531 0.995347 0.00550912 -0.0961939 1.24601 
-0.0971995 0.0163657 -0.99513 -45.9921 0.000748792 0.999866 0.0163705 0.455667 0.995265 0.000846097 -0.0971987 1.15476 
-0.0994226 0.019886 -0.994847 -46.8184 0.00121196 0.999802 0.019864 0.457373 0.995045 0.000769251 -0.099427 1.0596 
-0.101141 0.0261432 -0.994529 -47.6505 0.00371398 0.999658 0.0259003 0.460857 0.994865 -0.00107404 -0.101203 0.959973 
-0.103082 0.0298827 -0.994224 -48.4707 0.00555196 0.99955 0.0294672 0.465234 0.994657 -0.00248233 -0.103201 0.861881 
-0.104807 0.028935 -0.994072 -49.2763 0.00571953 0.999578 0.0284923 0.472789 0.994476 -0.00269939 -0.104928 0.766045 
-0.105858 0.0250128 -0.994067 -50.0753 0.00235473 0.999687 0.0249034 0.476265 0.994378 0.000295515 -0.105884 0.660392 
-0.107205 0.0212743 -0.994009 -50.871 -0.00235328 0.999763 0.0216513 0.481292 0.994234 0.00466035 -0.10713 0.552616 
-0.108812 0.0195292 -0.993871 -51.6668 -0.00634332 0.999773 0.0203396 0.487462 0.994042 0.00851766 -0.108663 0.443877 
-0.109934 0.0206193 -0.993725 -52.4612 -0.00795054 0.999735 0.0216235 0.488242 0.993907 0.0102778 -0.109741 0.337436 
-0.111091 0.0221502 -0.993563 -53.2531 -0.00747989 0.999705 0.0231234 0.491851 0.993782 0.0100006 -0.110892 0.233488 
-0.112143 0.0215646 -0.993458 -54.0334 -0.00961694 0.999694 0.0227855 0.494046 0.993646 0.0121093 -0.111901 0.127335 
-0.112804 0.0214044 -0.993387 -54.8085 -0.0102225 0.99969 0.022701 0.495582 0.993565 0.0127157 -0.11255 0.023186 
-0.113506 0.0232772 -0.993265 -55.5859 -0.00848041 0.999666 0.0243963 0.499883 0.993501 0.0111925 -0.113271 -0.0770502 
-0.11376 0.0262 -0.993163 -56.3582 -0.00760163 0.9996 0.0272406 0.504173 0.993479 0.0106486 -0.113516 -0.180066 
-0.114033 0.0303295 -0.993014 -57.1276 -0.00768471 0.999477 0.0314094 0.510056 0.993447 0.0112128 -0.11374 -0.283681 
-0.114752 0.032489 -0.992863 -57.8882 -0.00749 0.999408 0.0335689 0.516238 0.993366 0.0112887 -0.114441 -0.384749 
-0.11558 0.0323307 -0.992772 -58.6473 -0.00693263 0.99942 0.0333543 0.526214 0.993274 0.0107376 -0.115288 -0.488249 
-0.116023 0.0304393 -0.99278 -59.3902 -0.00602825 0.99949 0.0313496 0.533849 0.993228 0.00962203 -0.11578 -0.587287 
-0.116451 0.0269864 -0.99283 -60.1305 -0.00566339 0.999597 0.0278346 0.540622 0.99318 0.00886417 -0.116251 -0.686735 
-0.116399 0.024128 -0.992909 -60.8573 -0.00592938 0.99967 0.0249874 0.544185 0.993185 0.00879587 -0.116217 -0.785864 
-0.11533 0.0217153 -0.99309 -61.5652 -0.00641108 0.999724 0.0226049 0.549728 0.993307 0.00897383 -0.115159 -0.879731 
-0.113152 0.0208666 -0.993359 -62.261 -0.00855001 0.999722 0.0219742 0.551832 0.993541 0.0109797 -0.112942 -0.974677 
-0.109324 0.0218847 -0.993765 -62.9436 -0.00875437 0.999698 0.0229784 0.551407 0.993968 0.0112119 -0.109099 -1.06057 
-0.10364 0.0233719 -0.99434 -63.6119 -0.00790273 0.999673 0.024321 0.553785 0.994584 0.0103787 -0.103421 -1.14057 
-0.0965072 0.0248774 -0.995021 -64.2632 -0.00684876 0.999647 0.0256574 0.55631 0.995309 0.00929082 -0.0963028 -1.21112 
-0.0878418 0.0262469 -0.995789 -64.8992 -0.00779436 0.999604 0.027035 0.5568 0.996104 0.0101364 -0.0876024 -1.27662 
-0.076164 0.0279249 -0.996704 -65.5185 -0.00990598 0.999537 0.0287612 0.558202 0.997046 0.0120639 -0.0758522 -1.33334 
-0.0612608 0.0293911 -0.997689 -66.1254 -0.0129872 0.999458 0.0302407 0.562124 0.998037 0.0148098 -0.0608459 -1.38114 
-0.0429406 0.0305352 -0.998611 -66.7106 -0.0143457 0.999411 0.0311765 0.568253 0.998975 0.0156645 -0.0424772 -1.40918 
-0.0208974 0.031267 -0.999293 -67.2756 -0.0151503 0.999386 0.0315868 0.572214 0.999667 0.0157997 -0.0204109 -1.41824 
0.00445926 0.0317119 -0.999487 -67.8136 -0.0145163 0.999394 0.0316442 0.574281 0.999885 0.0143678 0.00491689 -1.40688 
0.033776 0.0313063 -0.998939 -68.3318 -0.012965 0.999439 0.0308836 0.579341 0.999345 0.0119082 0.0341629 -1.37593 
0.067837 0.0313349 -0.997204 -68.8266 -0.0117061 0.999463 0.0306095 0.585078 0.997628 0.00959691 0.0681674 -1.32317 
0.105459 0.0316166 -0.993921 -69.3008 -0.0109621 0.999471 0.03063 0.589474 0.994363 0.0076653 0.10575 -1.25148 
0.146231 0.0313522 -0.988754 -69.7594 -0.0106945 0.999489 0.030111 0.593298 0.989193 0.00617111 0.146492 -1.15784 
0.191571 0.0324617 -0.980942 -70.2067 -0.00958499 0.999467 0.0312028 0.594915 0.981432 0.00342481 0.19178 -1.04743 
0.240382 0.0312277 -0.970176 -70.6336 -0.00626317 0.999512 0.0306201 0.595429 0.970658 -0.0012841 0.24046 -0.91453 
0.290936 0.0266593 -0.956371 -71.0384 0.001386 0.999599 0.0282859 0.59487 0.956741 -0.00955488 0.290783 -0.75694 
0.34284 0.0216278 -0.939145 -71.4281 0.00665357 0.999654 0.0254502 0.594715 0.93937 -0.014974 0.342578 -0.580432 
0.395957 0.0169097 -0.918113 -71.8069 0.0117849 0.999655 0.023494 0.600943 0.918193 -0.0201225 0.395621 -0.384206 
0.448096 0.0165917 -0.893831 -72.1813 0.0113582 0.999641 0.0242499 0.606479 0.893913 -0.0210185 0.447747 -0.173961 
0.497226 0.0152205 -0.867488 -72.5452 0.0128838 0.999606 0.0249233 0.614786 0.867526 -0.023569 0.496834 0.0617661 
0.542944 0.0112473 -0.839694 -72.8869 0.0204954 0.999435 0.0266392 0.617254 0.839519 -0.0316734 0.542406 0.325894 
0.587551 0.0048853 -0.809173 -73.2083 0.0309357 0.999115 0.0284949 0.620246 0.808596 -0.0417745 0.58688 0.612109 
0.63108 1.00766e-06 -0.775718 -73.5186 0.0321456 0.999141 0.0261531 0.621086 0.775052 -0.0414405 0.630538 0.899793 
0.67326 -0.00491916 -0.739389 -73.8158 0.0288671 0.99939 0.0196363 0.626469 0.738842 -0.0345643 0.672992 1.19676 
0.714845 -0.0119432 -0.699181 -74.102 0.0252964 0.999641 0.00878741 0.631507 0.698825 -0.0239683 0.714891 1.51392 
0.755149 -0.0147747 -0.655386 -74.3735 0.0203891 0.999792 0.000953867 0.635268 0.655236 -0.014083 0.755293 1.85368 
0.793183 -0.015992 -0.608774 -74.6371 0.0188923 0.99982 -0.00164936 0.637865 0.60869 -0.0101928 0.793342 2.2313 
0.828068 -0.0172858 -0.560361 -74.8827 0.0188939 0.999817 -0.00292169 0.636251 0.560309 -0.00816799 0.828244 2.63641 
0.859562 -0.015776 -0.510789 -75.1154 0.0155398 0.999868 -0.00473102 0.632345 0.510796 -0.00387091 0.859693 3.06136 
0.886303 -0.0141706 -0.462888 -75.3311 0.0145539 0.99989 -0.0027434 0.622742 0.462876 -0.0043053 0.886412 3.51339 
0.908214 -0.00780356 -0.418434 -75.5399 0.00789551 0.999968 -0.00151165 0.61589 0.418432 -0.0019308 0.908246 3.99351 
0.926283 -0.00351582 -0.376811 -75.7334 0.0026549 0.999993 -0.00280416 0.610338 0.376818 0.0015971 0.926286 4.49175 
0.940235 0.00171165 -0.340522 -75.9184 -0.00224739 0.999997 -0.00117895 0.607179 0.340519 0.00187382 0.940236 5.01535 
0.950637 0.0023587 -0.310296 -76.0914 -0.00216179 0.999997 0.000978343 0.600246 0.310297 -0.000259207 0.95064 5.56661 
0.958258 0.0018099 -0.285898 -76.2546 -0.00108699 0.999996 0.00268714 0.594939 0.285901 -0.00226416 0.958256 6.13745 
0.964306 0.00191621 -0.264784 -76.4143 -0.000642536 0.999988 0.00489662 0.589896 0.26479 -0.00455166 0.964295 6.72673 
0.96914 0.00452125 -0.246468 -76.5738 -0.00277241 0.999969 0.00744201 0.591011 0.246494 -0.006529 0.969122 7.33713 
0.97288 0.00919792 -0.231127 -76.7314 -0.00730697 0.999933 0.00903596 0.589757 0.231194 -0.00710203 0.972882 7.95983 
0.97591 0.0129991 -0.217787 -76.8849 -0.0109927 0.999885 0.0104218 0.58545 0.217898 -0.00777658 0.975941 8.60053 
0.978757 0.0115512 -0.204697 -77.026 -0.00965459 0.999901 0.0102617 0.58441 0.204796 -0.00806743 0.978772 9.25799 
0.981513 0.0115424 -0.191045 -77.159 -0.00983578 0.999903 0.00987891 0.584143 0.191141 -0.00781716 0.981532 9.93361 
0.98423 0.0119963 -0.176484 -77.2879 -0.0103054 0.999892 0.0104945 0.586511 0.176591 -0.00851019 0.984248 10.6226 
0.986641 0.013617 -0.162342 -77.4141 -0.011977 0.999867 0.0110763 0.584627 0.162471 -0.00898395 0.986672 11.321 
0.988624 0.0135923 -0.149792 -77.5279 -0.0124689 0.999887 0.00843598 0.578391 0.14989 -0.00647222 0.988682 12.0385 
0.990215 0.0141437 -0.138831 -77.6383 -0.0138418 0.999899 0.00313946 0.573282 0.138862 -0.00118702 0.990311 12.7654 
0.991526 0.0121953 -0.129334 -77.7421 -0.012686 0.999915 -0.00297076 0.569204 0.129287 0.00458636 0.991597 13.4992 
0.992565 0.0123564 -0.121089 -77.8447 -0.0128348 0.999913 -0.00317202 0.565146 0.121039 0.00470263 0.992637 14.2495 
0.993325 0.0142831 -0.11446 -77.9446 -0.0140255 0.999897 0.00305527 0.556875 0.114491 -0.00142948 0.993423 15.0143 
0.99382 0.0187116 -0.109418 -78.0501 -0.0175871 0.999782 0.0112333 0.546234 0.109605 -0.00923945 0.993932 15.7838 
0.99426 0.019492 -0.105202 -78.1452 -0.0180177 0.999726 0.014946 0.540729 0.105465 -0.0129646 0.994339 16.5517 
0.994644 0.0182762 -0.10173 -78.2368 -0.016945 0.999759 0.0139344 0.537219 0.10196 -0.0121359 0.994714 17.314 
0.994953 0.017932 -0.098729 -78.3247 -0.016733 0.999776 0.0129577 0.535809 0.0989392 -0.0112403 0.99503 18.0779 
0.99526 0.0164885 -0.0958448 -78.4099 -0.0151065 0.999772 0.0151265 0.534536 0.0960723 -0.0136069 0.995281 18.8456 
0.99551 0.014139 -0.0935916 -78.4883 -0.0125472 0.999767 0.0175746 0.53262 0.0938182 -0.0163214 0.995456 19.6152 
0.995805 0.0121765 -0.0906826 -78.5703 -0.0104607 0.999758 0.0193721 0.528826 0.0908965 -0.0183422 0.995691 20.3778 
0.996068 0.011488 -0.0878461 -78.6527 -0.0101429 0.999825 0.0157428 0.525636 0.0880115 -0.0147899 0.99601 21.1392 
0.996192 0.0138811 -0.0860707 -78.7365 -0.0132158 0.999878 0.00829457 0.522925 0.0861753 -0.00712546 0.996255 21.8925 
0.996324 0.014243 -0.0844782 -78.8164 -0.01424 0.999898 0.000637255 0.516455 0.0844786 0.000568101 0.996425 22.6429 
0.996425 0.0146914 -0.0831947 -78.8937 -0.0150347 0.999881 -0.00350176 0.506848 0.0831333 0.00474009 0.996527 23.3974 
0.996581 0.0164489 -0.0809652 -78.9735 -0.0166435 0.99986 -0.00173061 0.492999 0.0809253 0.00307228 0.996715 24.1568 
0.996715 0.0198574 -0.0785144 -79.0564 -0.0197455 0.999803 0.00220015 0.477916 0.0785426 -0.000642575 0.996911 24.915 
0.996811 0.0232778 -0.0763269 -79.1369 -0.0227864 0.999714 0.00730287 0.463902 0.076475 -0.00554033 0.997056 25.6737 
0.997052 0.0209159 -0.0738293 -79.2054 -0.0202957 0.999752 0.00914032 0.457616 0.0740021 -0.00761491 0.997229 26.4308 
0.997186 0.0181336 -0.0727351 -79.2708 -0.0175285 0.999806 0.00894826 0.449681 0.0728832 -0.0076481 0.997311 27.1834 
0.997291 0.0163285 -0.0717245 -79.3346 -0.0157176 0.999835 0.00907211 0.439968 0.0718607 -0.00792015 0.997383 27.9343 
0.997359 0.0160042 -0.0708403 -79.4001 -0.0155159 0.999852 0.00743755 0.431948 0.0709488 -0.00631872 0.99746 28.6825 
0.99744 0.0137616 -0.070167 -79.4637 -0.0133562 0.999891 0.00624239 0.425133 0.0702453 -0.0052892 0.997516 29.4353 
0.997495 0.0128353 -0.0695643 -79.53 -0.0124214 0.999903 0.00637884 0.417046 0.0696394 -0.00549873 0.997557 30.1984 
0.997502 0.0159822 -0.0688027 -79.603 -0.0155151 0.999853 0.00731681 0.412074 0.0689094 -0.00623101 0.997604 30.9687 
0.99751 0.0161979 -0.0686402 -79.6758 -0.0157952 0.999855 0.00640443 0.40679 0.0687339 -0.00530425 0.997621 31.7456 
0.997406 0.015574 -0.0702764 -79.7458 -0.0151659 0.999865 0.00633686 0.399268 0.0703656 -0.00525458 0.997507 32.522 
0.997307 0.0129506 -0.0721819 -79.8196 -0.0124979 0.999899 0.00671993 0.394601 0.0722616 -0.00579967 0.997369 33.3003 
0.997063 0.0148994 -0.0751216 -79.9 -0.0144543 0.999875 0.0064652 0.389492 0.0752084 -0.00536034 0.997153 34.0865 
0.996797 0.0183657 -0.077841 -79.986 -0.0179378 0.99982 0.00619187 0.380049 0.0779407 -0.0047757 0.996947 34.8816 
0.99658 0.0188759 -0.0804507 -80.0711 -0.0188428 0.999822 0.00116953 0.373878 0.0804584 0.000350432 0.996758 35.6729 
0.996378 0.0194561 -0.0827807 -80.1582 -0.0197206 0.999803 -0.00237986 0.366905 0.082718 0.00400376 0.996565 36.4746 
0.996232 0.0184049 -0.0847489 -80.2471 -0.0188178 0.999815 -0.00407568 0.359274 0.0846581 0.00565515 0.996394 37.2916 
0.996047 0.0185558 -0.0868735 -80.3359 -0.0188392 0.99982 -0.00244363 0.343737 0.0868125 0.00407064 0.996216 38.1149 
0.995875 0.0172358 -0.089086 -80.4253 -0.0174466 0.999847 -0.00158935 0.330209 0.0890449 0.00313709 0.996023 38.9426 
0.995732 0.0165416 -0.0907947 -80.5173 -0.0165959 0.999862 0.000157218 0.319607 0.0907847 0.00135031 0.99587 39.7755 
0.995627 0.0163378 -0.0919798 -80.6119 -0.0160513 0.999864 0.00385322 0.310176 0.0920302 -0.00235993 0.995753 40.6165 
0.995546 0.0160479 -0.0929064 -80.7059 -0.0153142 0.999846 0.00860392 0.301306 0.0930301 -0.00714276 0.995638 41.4676 
0.995601 0.0160673 -0.0923106 -80.7993 -0.0151336 0.999827 0.0108047 0.294567 0.0924682 -0.00936016 0.995672 42.3232 
0.995719 0.0190516 -0.0904479 -80.895 -0.0181519 0.999777 0.0107585 0.291229 0.0906327 -0.00907059 0.995843 43.1817 
0.995887 0.0194522 -0.0884957 -80.9905 -0.0186946 0.999781 0.00938138 0.288476 0.0886588 -0.00768835 0.996032 44.0429 
0.996064 0.0168578 -0.0870176 -81.0793 -0.0162974 0.999842 0.00714597 0.282821 0.0871242 -0.00569964 0.996181 44.91 
0.996283 0.0130848 -0.0851442 -81.1637 -0.0126537 0.999904 0.0056004 0.275555 0.0852093 -0.00450215 0.996353 45.779 
0.996463 0.0118014 -0.0831988 -81.2523 -0.0114028 0.999921 0.00526434 0.270316 0.0832543 -0.00429698 0.996519 46.6507 
0.99656 0.00941927 -0.0823325 -81.3384 -0.00880234 0.99993 0.00785239 0.259271 0.0824007 -0.00710062 0.996574 47.5249 
0.996646 0.00662044 -0.0815618 -81.4193 -0.0057861 0.999929 0.0104612 0.250146 0.0816252 -0.00995415 0.996613 48.399 
0.996719 0.00629911 -0.0806973 -81.5084 -0.0054512 0.999928 0.0107229 0.240933 0.0807589 -0.0102477 0.996681 49.2674 
0.996795 0.007522 -0.0796406 -81.5973 -0.00694129 0.999947 0.0075654 0.229206 0.0796932 -0.00698831 0.996795 50.1298 
0.996825 0.0100317 -0.0789838 -81.6862 -0.00992135 0.999949 0.00178858 0.217908 0.0789977 -0.000999234 0.996874 50.9888 
0.996894 0.0118516 -0.0778594 -81.7743 -0.012172 0.999919 -0.00364192 0.203849 0.0778099 0.00457835 0.996958 51.8458 
0.996884 0.0164352 -0.077157 -81.8628 -0.0172016 0.999809 -0.00927859 0.182998 0.0769897 0.0105769 0.996976 52.6975 
0.996974 0.0163411 -0.0759974 -81.9456 -0.017169 0.9998 -0.0102542 0.163578 0.0758146 0.011528 0.997055 53.5503 
0.997016 0.0132917 -0.0760457 -82.021 -0.0136532 0.999898 -0.00423649 0.148515 0.0759815 0.00526215 0.997095 54.4057 
0.996978 0.0124635 -0.0766769 -82.1005 -0.0121183 0.999914 0.00496464 0.129659 0.0767321 -0.0040204 0.997044 55.2644 
0.996893 0.0115826 -0.077913 -82.1823 -0.0106224 0.999863 0.0127273 0.114359 0.0780496 -0.0118601 0.996879 56.1174 
0.996735 0.00955197 -0.0801796 -82.2646 -0.00874815 0.999908 0.01037 0.107345 0.0802713 -0.00963468 0.996727 56.9628 
0.996609 0.00444143 -0.0821652 -82.3405 -0.00387856 0.999968 0.00700832 0.0983635 0.0821937 -0.00666582 0.996594 57.7976 
0.996391 0.0029238 -0.0848365 -82.4237 -0.00245832 0.999981 0.00559026 0.0865342 0.0848512 -0.00536149 0.996379 58.628 
0.996152 0.00509989 -0.0874923 -82.5169 -0.0048398 0.999983 0.00318417 0.073396 0.087507 -0.00274843 0.99616 59.4522 
0.99584 0.00671515 -0.0908727 -82.6113 -0.00676084 0.999977 -0.000195423 0.0597091 0.0908693 0.00080903 0.995863 60.2742 
0.995475 0.0070616 -0.0947589 -82.7078 -0.00744374 0.999966 -0.00368028 0.0456103 0.0947296 0.00436903 0.995493 61.0898 
0.99516 0.00894176 -0.0978605 -82.8075 -0.00972746 0.999924 -0.00755501 0.0249343 0.0977854 0.00847043 0.995172 61.8975 
0.994784 0.0134529 -0.101117 -82.914 -0.0142922 0.999869 -0.00758164 0.00530541 0.101002 0.00898732 0.994846 62.7045 
0.99439 0.0170468 -0.104393 -83.0244 -0.017768 0.999824 -0.00598279 -0.00960942 0.104273 0.00780413 0.994518 63.5081 
0.993923 0.0203075 -0.108189 -83.1347 -0.0204367 0.999791 -8.58306e-05 -0.0269461 0.108164 0.00229638 0.99413 64.3112 
0.993457 0.021007 -0.11226 -83.2446 -0.0205175 0.999774 0.00551345 -0.0427964 0.112351 -0.00317403 0.993664 65.1112 
0.992878 0.0201234 -0.117422 -83.3529 -0.0191788 0.999774 0.00916883 -0.0535054 0.11758 -0.00685148 0.99304 65.9045 
0.992107 0.0195771 -0.12386 -83.468 -0.0184533 0.999778 0.0102137 -0.061321 0.124032 -0.00784737 0.992247 66.6889 
0.991389 0.0172266 -0.129811 -83.5842 -0.0155463 0.999782 0.0139459 -0.068304 0.130023 -0.0118076 0.991441 67.4727 
0.990496 0.017765 -0.136387 -83.707 -0.016052 0.999778 0.0136492 -0.0744866 0.136599 -0.0113302 0.990562 68.2482 
0.989552 0.022434 -0.142421 -83.8428 -0.0208607 0.999704 0.0125302 -0.0800319 0.14266 -0.00942826 0.989727 69.0196 
0.988606 0.0243858 -0.148539 -83.9799 -0.0233392 0.999689 0.00878477 -0.085846 0.148707 -0.00521785 0.988868 69.7873 
0.987725 0.0235509 -0.15442 -84.1176 -0.0229228 0.99972 0.00584653 -0.0891807 0.154514 -0.00223498 0.987988 70.554 
0.986846 0.0247766 -0.159751 -84.2608 -0.024346 0.999693 0.00465238 -0.0975719 0.159817 -0.000701848 0.987146 71.3183 
0.98604 0.0265931 -0.164371 -84.4082 -0.0253641 0.999632 0.00957163 -0.10217 0.164565 -0.00526884 0.986352 72.0821 
0.984975 0.0274334 -0.170503 -84.56 -0.0254745 0.999582 0.0136664 -0.107203 0.170806 -0.00911761 0.985263 72.8439 
0.983883 0.0265575 -0.17683 -84.7121 -0.0241216 0.999582 0.0159112 -0.117129 0.177178 -0.0113893 0.984113 73.6034 
0.982657 0.0240104 -0.183871 -84.8682 -0.0221746 0.999682 0.012034 -0.120161 0.184101 -0.007748 0.982877 74.3507 
0.981103 0.022157 -0.192214 -85.0301 -0.0216165 0.999754 0.00490861 -0.122242 0.192275 -0.00066083 0.981341 75.0895 
0.979349 0.0195502 -0.20123 -85.2006 -0.0193505 0.999808 0.00295975 -0.12921 0.201249 0.000995299 0.97954 75.8295 
0.977107 0.0191956 -0.211879 -85.3809 -0.0183804 0.999814 0.00581648 -0.138134 0.211951 -0.00178886 0.977279 76.5669 
0.974689 0.01926 -0.222734 -85.571 -0.0170462 0.999784 0.0118576 -0.140412 0.222914 -0.00776065 0.974807 77.3034 
0.9719 0.0210097 -0.234455 -85.7729 -0.0169093 0.999667 0.0194855 -0.143297 0.234787 -0.0149735 0.971932 78.0368 
0.969145 0.0215968 -0.245543 -85.9792 -0.016498 0.999604 0.0228037 -0.146665 0.245938 -0.018049 0.969117 78.7609 
0.966129 0.0247943 -0.256868 -86.1972 -0.0207937 0.999617 0.0182793 -0.151417 0.257222 -0.0123189 0.966274 79.4703 
0.962957 0.0240602 -0.268578 -86.4213 -0.0224355 0.999707 0.00911741 -0.153227 0.268719 -0.00275396 0.963215 80.172 
0.959531 0.0215894 -0.280774 -86.6492 -0.021289 0.999765 0.0041202 -0.150831 0.280797 0.00202398 0.959765 80.8753 
0.955961 0.0202518 -0.292794 -86.8869 -0.0184574 0.99979 0.00889022 -0.150811 0.292912 -0.00309445 0.956134 81.5878 
0.952421 0.0215249 -0.304024 -87.1383 -0.017411 0.999717 0.0162361 -0.156903 0.304287 -0.0101702 0.952526 82.3021 
0.948537 0.0215371 -0.315933 -87.3966 -0.0155503 0.999649 0.0214585 -0.158058 0.316284 -0.0154413 0.948539 83.0153 
0.944299 0.0190807 -0.328535 -87.6611 -0.0134109 0.99972 0.0195152 -0.15726 0.328815 -0.0140222 0.94429 83.7223 
0.940337 0.0171476 -0.339813 -87.9339 -0.012864 0.999807 0.0148544 -0.156466 0.340002 -0.00959671 0.940376 84.4226 
0.937031 0.0129227 -0.349006 -88.2104 -0.0107996 0.999909 0.0080283 -0.162157 0.349078 -0.00375359 0.937086 85.1203 
0.934211 0.00876468 -0.356614 -88.4949 -0.00856939 0.999961 0.00212748 -0.166242 0.356618 0.00106849 0.93425 85.8193 
0.93141 0.00860859 -0.36387 -88.787 -0.00924204 0.999957 1.65051e-07 -0.172212 0.363854 0.0033628 0.93145 86.5174 
0.928349 0.0138526 -0.371451 -89.0948 -0.0149642 0.999888 -0.000110555 -0.183532 0.371408 0.00566116 0.928453 87.211 
0.925089 0.0137334 -0.379503 -89.3987 -0.0139672 0.9999 0.00213736 -0.193805 0.379494 0.0033234 0.925188 87.9107 
0.921717 0.0144254 -0.387594 -89.7071 -0.0120654 0.999891 0.00852151 -0.195861 0.387675 -0.00317788 0.921791 88.6174 
0.918836 0.0165106 -0.394295 -90.023 -0.0108356 0.999803 0.0166148 -0.197703 0.394492 -0.0109938 0.918834 89.3198 
0.916067 0.0262393 -0.400167 -90.3558 -0.0184063 0.999557 0.023406 -0.205045 0.400603 -0.0140759 0.916144 90.0146 
0.913335 0.0328532 -0.405881 -90.6921 -0.0269437 0.999432 0.0202668 -0.206047 0.406316 -0.00757439 0.913701 90.6974 
0.910829 0.0292927 -0.411742 -91.0187 -0.0264562 0.999571 0.0125879 -0.203138 0.411934 -0.000572277 0.911213 91.3809 
0.908771 0.0214461 -0.416745 -91.345 -0.0212864 0.999761 0.00503082 -0.200863 0.416753 0.00429916 0.90901 92.0699 
0.907131 0.0220508 -0.420271 -91.6882 -0.0221342 0.999744 0.00467928 -0.209072 0.420266 0.00505767 0.907387 92.7556 
0.904817 0.0280214 -0.424878 -92.0409 -0.0263616 0.999605 0.00978607 -0.214991 0.424984 0.00234592 0.905198 93.4486 
0.902104 0.0304413 -0.430445 -92.3908 -0.0269629 0.999536 0.0141802 -0.220934 0.430677 -0.00118595 0.902506 94.1479 
0.899776 0.026732 -0.435532 -92.7401 -0.0238304 0.999643 0.0121239 -0.227596 0.435701 -0.000529859 0.900091 94.8389 
0.897369 0.0248332 -0.440581 -93.0959 -0.0248299 0.999675 0.00577305 -0.233608 0.440582 0.00575908 0.897694 95.5223 
0.89508 0.0220629 -0.44536 -93.4581 -0.0250551 0.999686 -0.000831601 -0.238737 0.445202 0.0119029 0.895351 96.2054 
0.892682 0.0228006 -0.45011 -93.825 -0.0265837 0.999644 -0.00208461 -0.248941 0.449902 0.0138265 0.892971 96.8894 
0.890586 0.025713 -0.454088 -94.1974 -0.0277609 0.999612 0.00215717 -0.260978 0.453967 0.0106848 0.890954 97.5774 
0.888393 0.0272929 -0.458271 -94.5706 -0.0284937 0.999585 0.00429419 -0.272144 0.458198 0.00924298 0.888802 98.2603 
0.885993 0.0284097 -0.462828 -94.945 -0.0294132 0.999555 0.00504965 -0.28414 0.462766 0.00913936 0.886434 98.9357 
0.883607 0.0262927 -0.46749 -95.3192 -0.0274744 0.999613 0.00429072 -0.294553 0.467422 0.00905275 0.883988 99.6123 
0.881415 0.0244364 -0.471711 -95.6934 -0.0257641 0.999661 0.00364458 -0.304012 0.47164 0.00894088 0.881746 100.284 
0.87912 0.0238261 -0.476005 -96.0698 -0.0248973 0.999682 0.00405622 -0.311753 0.47595 0.00828539 0.879433 100.95 
0.876715 0.0253321 -0.480343 -96.4532 -0.0263957 0.999641 0.00454145 -0.320903 0.480286 0.00869749 0.877069 101.611 
0.874346 0.0256418 -0.484626 -96.8368 -0.0267863 0.999631 0.00456401 -0.333726 0.484564 0.00899086 0.87471 102.266 
0.871825 0.0225623 -0.489298 -97.2143 -0.0255848 0.999673 0.000509847 -0.345565 0.489149 0.0120741 0.872117 102.917 
0.869382 0.0190173 -0.493774 -97.5926 -0.024195 0.999699 -0.00409732 -0.359105 0.493548 0.015509 0.86958 103.557 
0.867277 0.0174503 -0.49752 -97.9742 -0.023957 0.999691 -0.00669817 -0.372009 0.497249 0.0177283 0.867427 104.191 
0.865207 0.019204 -0.501048 -98.3562 -0.0239212 0.999709 -0.00299044 -0.383345 0.500845 0.014573 0.865414 104.826 
0.863286 0.0233242 -0.504177 -98.7415 -0.0236383 0.999704 0.00577312 -0.395601 0.504162 0.0069341 0.863581 105.454 
0.861747 0.0252884 -0.506709 -99.1231 -0.0204106 0.999676 0.0151793 -0.40469 0.506928 -0.00273841 0.861984 106.081 
0.860118 0.0248058 -0.509492 -99.4953 -0.0170011 0.999656 0.0199695 -0.412695 0.509812 -0.00851415 0.860244 106.69 
0.858479 0.0216495 -0.512391 -99.8604 -0.0137712 0.999721 0.0191672 -0.410548 0.512664 -0.00939836 0.858538 107.282 
0.856708 0.0196552 -0.515428 -100.223 -0.0134494 0.999785 0.0157708 -0.414482 0.515627 -0.00657875 0.856788 107.856 
0.855029 0.0177812 -0.518275 -100.578 -0.0130224 0.999833 0.0128189 -0.418183 0.518417 -0.00421132 0.855118 108.417 
0.853519 0.0158993 -0.520819 -100.929 -0.0115912 0.999866 0.0115277 -0.420221 0.520933 -0.00380215 0.853589 108.963 
0.852283 0.0143983 -0.522882 -101.268 -0.00998393 0.999887 0.0112597 -0.426814 0.522985 -0.004376 0.852331 109.493 
0.850961 0.0149658 -0.525016 -101.604 -0.0100026 0.999874 0.0122894 -0.433811 0.525134 -0.00520622 0.851004 110.004 
0.849837 0.0148659 -0.526836 -101.929 -0.00889153 0.999864 0.0138706 -0.440507 0.526971 -0.00710333 0.849854 110.498 
0.848382 0.0134728 -0.529213 -102.238 -0.00687205 0.999872 0.0144383 -0.445697 0.52934 -0.00861239 0.848366 110.975 
0.846901 0.0118141 -0.531619 -102.529 -0.00478031 0.999882 0.0146048 -0.451215 0.531729 -0.00982747 0.846858 111.432 
0.845658 0.0105618 -0.53362 -102.819 -0.00404366 0.999902 0.0133826 -0.452817 0.533709 -0.00915924 0.845618 111.874 
0.844385 0.0104917 -0.535633 -103.099 -0.00618388 0.999933 0.00983758 -0.459422 0.5357 -0.00499437 0.844393 112.285 
0.842803 0.00763183 -0.538167 -103.367 -0.00553119 0.99997 0.00551846 -0.460877 0.538193 -0.00167422 0.84282 112.685 
0.840477 0.00368682 -0.541835 -103.619 -0.00239133 0.999992 0.00309486 -0.460695 0.541843 -0.0013054 0.840479 113.069 
0.837586 -0.000326384 -0.546306 -103.858 0.00260089 0.999991 0.00339015 -0.463595 0.5463 -0.00426037 0.837579 113.439 
0.834044 0.000692162 -0.551697 -104.098 0.00232009 0.999986 0.004762 -0.467248 0.551693 -0.00525166 0.834031 113.788 
0.830049 0.00425394 -0.557674 -104.333 -0.000782863 0.999979 0.00646256 -0.473291 0.55769 -0.00492761 0.830035 114.12 
0.826236 0.0102611 -0.563231 -104.563 -0.00499224 0.999928 0.0108935 -0.477936 0.563302 -0.0061888 0.826228 114.43 
0.821992 0.0154479 -0.569289 -104.781 -0.00655265 0.999822 0.0176691 -0.482216 0.569461 -0.0107935 0.821947 114.73 
0.817087 0.0171481 -0.576259 -104.987 -0.00568555 0.999749 0.0216885 -0.484386 0.576486 -0.014445 0.81698 115.009 
0.811641 0.0141385 -0.583985 -105.185 -0.00121689 0.999746 0.022513 -0.48116 0.584155 -0.0175617 0.811452 115.271 
0.804418 0.0117267 -0.593948 -105.369 0.0023438 0.999735 0.0229128 -0.475841 0.594059 -0.0198235 0.804177 115.517 
0.795515 0.0102266 -0.605847 -105.552 0.00536448 0.9997 0.0239186 -0.475301 0.60591 -0.0222776 0.795222 115.745 
0.785085 0.0108578 -0.619293 -105.735 0.00569787 0.999677 0.02475 -0.478313 0.619362 -0.0229595 0.78477 115.953 
0.772568 0.012007 -0.634819 -105.914 0.00413974 0.999705 0.0239465 -0.475729 0.634919 -0.0211282 0.77229 116.144 
0.75844 0.0104852 -0.651658 -106.092 0.00428441 0.999769 0.0210727 -0.47735 0.651728 -0.0187743 0.75822 116.318 
0.743344 0.00783084 -0.668864 -106.262 0.00349882 0.999872 0.0155946 -0.477687 0.668901 -0.0139323 0.743221 116.48 
0.727889 0.00406586 -0.685683 -106.424 0.00367093 0.999945 0.00982618 -0.473389 0.685685 -0.00966941 0.727834 116.63 
0.712284 0.00392437 -0.70188 -106.595 -0.000207629 0.999986 0.00538041 -0.469312 0.701891 -0.0036866 0.712275 116.769 
0.696183 0.0073941 -0.717826 -106.77 -0.00762555 0.999967 0.00290468 -0.466876 0.717824 0.00345168 0.696216 116.901 
0.678595 0.00911541 -0.734456 -106.945 -0.0102226 0.999943 0.00296529 -0.465785 0.734441 0.00549585 0.67865 117.031 
0.659392 0.00769573 -0.75176 -107.119 -0.00708057 0.999967 0.00402599 -0.462924 0.751766 0.00266824 0.659424 117.168 
0.638839 0.00665033 -0.769312 -107.297 -0.00424963 0.999978 0.0051154 -0.457099 0.769329 1.42175e-06 0.638853 117.3 
0.616328 0.00834915 -0.787445 -107.485 -0.00429988 0.999965 0.00723696 -0.4551 0.787477 -0.00107437 0.616343 117.417 
0.591926 0.0124871 -0.805896 -107.682 -0.00783108 0.999922 0.00974161 -0.447891 0.805954 0.000544764 0.591978 117.526 
0.567024 0.0163556 -0.823539 -107.882 -0.0100649 0.999866 0.0129276 -0.442329 0.82364 0.000958606 0.567113 117.628 
0.541361 0.0188734 -0.840578 -108.083 -0.0119716 0.99982 0.0147387 -0.435872 0.840705 0.00208417 0.54149 117.722 
0.515252 0.0219004 -0.856759 -108.287 -0.0151468 0.99975 0.0164463 -0.434821 0.856905 0.00450323 0.515455 117.807 
0.488329 0.0259208 -0.872275 -108.495 -0.0194427 0.999634 0.0188207 -0.43138 0.872443 0.00776877 0.488654 117.882 
0.460258 0.0286341 -0.887323 -108.706 -0.0217366 0.999544 0.0209806 -0.429299 0.887519 0.00963091 0.46067 117.954 
0.430165 0.0281959 -0.90231 -108.916 -0.0206301 0.999558 0.0213996 -0.432876 0.902515 0.00940944 0.430557 118.024 
0.397747 0.0251632 -0.91715 -109.143 -0.0205073 0.999618 0.0185322 -0.433343 0.917266 0.0114372 0.398111 118.087 
0.362996 0.0206796 -0.931561 -109.387 -0.0199424 0.999697 0.0144213 -0.42869 0.931577 0.0133428 0.363298 118.147 
0.323608 0.018419 -0.946012 -109.648 -0.0196662 0.999726 0.0127374 -0.424662 0.945987 0.0144826 0.323881 118.202 
0.281859 0.0169865 -0.959306 -109.931 -0.0192413 0.999742 0.0120491 -0.415161 0.959263 0.0150622 0.282113 118.248 
0.238084 0.0151078 -0.971127 -110.228 -0.0184199 0.999769 0.0110375 -0.409362 0.97107 0.0152602 0.238307 118.283 
0.19053 0.0122425 -0.981605 -110.544 -0.0175093 0.999806 0.00907095 -0.400381 0.981525 0.015459 0.190707 118.309 
0.141219 0.0103089 -0.989925 -110.878 -0.0168431 0.999826 0.00800925 -0.395811 0.989835 0.0155424 0.141368 118.315 
0.0909146 0.0098753 -0.99581 -111.226 -0.0162896 0.999832 0.00842799 -0.388768 0.995725 0.0154552 0.0910602 118.305 
0.0385513 0.011093 -0.999195 -111.596 -0.0155571 0.999824 0.0104997 -0.382449 0.999136 0.0151399 0.0387171 118.279 
-0.0147315 0.0132931 -0.999803 -111.971 -0.0125783 0.99983 0.0134788 -0.376106 0.999812 0.0127745 -0.0145617 118.235 
-0.0684354 0.015162 -0.99754 -112.355 -0.00937047 0.999831 0.0158396 -0.369607 0.997612 0.0104314 -0.0682817 118.169 
-0.122228 0.0170728 -0.992355 -112.748 -0.00527214 0.999827 0.0178507 -0.366571 0.992488 0.00741373 -0.122117 118.084 
-0.175073 0.0189621 -0.984373 -113.153 -0.00228448 0.999804 0.0196656 -0.361896 0.984553 0.00569174 -0.174996 117.97 
-0.226354 0.0205498 -0.973828 -113.569 -0.000274262 0.999776 0.0211611 -0.355678 0.974045 0.00505701 -0.226297 117.83 
-0.275645 0.021895 -0.96101 -113.99 0.00288767 0.999755 0.0219495 -0.346955 0.961255 0.00327522 -0.275641 117.668 
-0.323692 0.0236615 -0.945867 -114.412 0.00772412 0.99972 0.0223654 -0.341346 0.946131 -6.64577e-05 -0.323784 117.483 
-0.370154 0.025085 -0.928632 -114.849 0.0123418 0.99968 0.0220847 -0.332952 0.928888 -0.00328625 -0.370345 117.272 
-0.414075 0.0272571 -0.909834 -115.289 0.0169394 0.999609 0.0222373 -0.327972 0.910085 -0.00620408 -0.414375 117.032 
