1 2.12261e-08 -2.11895e-08 0 2.12261e-08 1 2.10703e-08 0 -2.11895e-08 2.10703e-08 1 0 
0.999998 0.000628336 0.00177114 -0.00862137 -0.000626676 0.999999 -0.000913528 -0.00529781 -0.00177176 0.000912459 0.999998 0.45207 
0.999992 0.00203988 0.00357081 -0.015767 -0.00203267 0.999996 -0.00200918 -0.0105355 -0.00357493 0.00200195 0.999992 0.915159 
0.999981 0.00319848 0.0053127 -0.0258492 -0.00318423 0.999991 -0.00267947 -0.0164248 -0.00532127 0.00266255 0.999982 1.39191 
0.999972 0.00331196 0.00669747 -0.0302199 -0.00329355 0.999991 -0.00275041 -0.0228813 -0.00670656 0.00272831 0.999974 1.8824 
0.999961 0.00283531 0.00835808 -0.0341806 -0.00281572 0.999993 -0.00234938 -0.0314971 -0.00836473 0.0023258 0.999962 2.38389 
0.999946 0.00216845 0.0101905 -0.0377223 -0.00215562 0.999997 -0.00126524 -0.0400919 -0.0101933 0.00124325 0.999947 2.89181 
0.999928 0.00214851 0.011794 -0.0415593 -0.00215325 0.999998 0.000393371 -0.0481344 -0.0117932 -0.000418696 0.99993 3.4033 
0.999917 0.00253836 0.0126526 -0.0455325 -0.00255736 0.999996 0.00148916 -0.0562024 -0.0126488 -0.00152135 0.999919 3.91803 
0.999906 0.00357654 0.0132422 -0.0482127 -0.00359585 0.999993 0.0014381 -0.0637944 -0.013237 -0.00148554 0.999911 4.43341 
0.99989 0.00407825 0.0142806 -0.0510931 -0.004093 0.999991 0.00100664 -0.0720371 -0.0142764 -0.00106494 0.999898 4.95292 
0.999877 0.00434842 0.0150444 -0.0529899 -0.00436239 0.99999 0.000898687 -0.0798783 -0.0150404 -0.000964164 0.999886 5.47607 
0.999862 0.00546604 0.015687 -0.0559345 -0.00547222 0.999985 0.000354036 -0.0881213 -0.0156849 -0.000439788 0.999877 6.00189 
0.999843 0.00638879 0.0165503 -0.0574519 -0.00638328 0.99998 -0.000382779 -0.0953518 -0.0165525 0.000277115 0.999863 6.53397 
0.99982 0.0070641 0.0175839 -0.0586317 -0.00705646 0.999975 -0.00049407 -0.104547 -0.017587 0.000369943 0.999845 7.07254 
0.999801 0.0078774 0.0183349 -0.059116 -0.00785749 0.999969 -0.00115537 -0.113628 -0.0183434 0.00101112 0.999831 7.61493 
0.999767 0.00914108 0.019549 -0.0580719 -0.00911362 0.999957 -0.00149123 -0.123342 -0.0195618 0.00131276 0.999808 8.1628 
0.999694 0.0105693 0.0223622 -0.0561124 -0.0105365 0.999943 -0.00157938 -0.132643 -0.0223776 0.00134332 0.999749 8.71813 
0.999596 0.0112255 0.0261285 -0.0517669 -0.0111782 0.999936 -0.00195152 -0.142171 -0.0261487 0.00165871 0.999657 9.28237 
0.999481 0.0112499 0.0301706 -0.0414511 -0.0111844 0.999935 -0.00233728 -0.150672 -0.0301949 0.00199866 0.999542 9.85172 
0.999324 0.0110958 0.0350592 -0.0291084 -0.011005 0.999936 -0.00277936 -0.162633 -0.0350878 0.00239169 0.999381 10.427 
0.999091 0.011585 0.0410281 -0.014176 -0.0114832 0.99993 -0.00271552 -0.172812 -0.0410567 0.00224196 0.999154 11.0149 
0.998828 0.0111164 0.0471143 0.00534905 -0.0110171 0.999937 -0.00236566 -0.182338 -0.0471376 0.00184386 0.998887 11.6091 
0.998516 0.0114699 0.0532297 0.0258055 -0.0113295 0.999932 -0.00293688 -0.195152 -0.0532598 0.0023295 0.998578 12.2098 
0.998178 0.0094499 0.0595996 0.0562908 -0.00923602 0.99995 -0.00386233 -0.206781 -0.0596332 0.00330487 0.998215 12.8244 
0.997811 0.00823002 0.0656207 0.0912526 -0.00797151 0.999959 -0.00419967 -0.217649 -0.0656527 0.00366742 0.997836 13.4461 
0.997351 0.0109164 0.0719126 0.127836 -0.0104993 0.999926 -0.0061748 -0.227596 -0.0719747 0.00540346 0.997392 14.0811 
0.996827 0.0147358 0.0782222 0.160074 -0.0140553 0.999859 -0.00924205 -0.242913 -0.0783473 0.00811332 0.996893 14.7291 
0.9964 0.0117857 0.0839547 0.210664 -0.0110356 0.999895 -0.00939328 -0.251728 -0.0840566 0.00843301 0.996425 15.3978 
0.996054 0.00421721 0.0886521 0.275494 -0.0036319 0.999971 -0.00676208 -0.258141 -0.0886781 0.00641346 0.99604 16.0854 
0.99562 -0.00154426 0.0934779 0.340861 0.00185789 0.999993 -0.00326769 -0.26841 -0.0934722 0.00342709 0.995616 16.7862 
0.995231 -0.00088781 0.0975412 0.400713 0.000863337 1 0.000293561 -0.281157 -0.0975415 -0.00020791 0.995231 17.5002 
0.995011 -0.00212491 0.0997457 0.460918 0.0021134 0.999998 0.000221474 -0.287504 -0.0997459 -9.52673e-06 0.995013 18.2274 
0.99496 -0.00544752 0.100123 0.518967 0.00566227 0.999982 -0.00186028 -0.286722 -0.100112 0.00241787 0.994973 18.9327 
0.995087 -0.0115453 0.0983313 0.589701 0.0119696 0.999921 -0.00372543 -0.293488 -0.0982806 0.00488415 0.995147 19.689 
0.995519 -0.0138639 0.0935395 0.647039 0.0143309 0.999888 -0.00432176 -0.299919 -0.0934691 0.00564293 0.995606 20.4587 
0.996206 -0.0133099 0.0859976 0.700203 0.0137503 0.999895 -0.00453027 -0.310332 -0.0859283 0.00569562 0.996285 21.2517 
0.996959 -0.0132982 0.0767847 0.739149 0.0135421 0.999905 -0.00265592 -0.321886 -0.0767422 0.00368771 0.997044 22.0568 
0.99765 -0.0133883 0.0671972 0.77707 0.0134723 0.999909 -0.000796179 -0.328866 -0.0671805 0.00169965 0.997739 22.8793 
0.998246 -0.0123982 0.0578895 0.805366 0.0122883 0.999922 0.00225489 -0.340473 -0.057913 -0.00153953 0.99832 23.7109 
0.998685 -0.0119841 0.0498538 0.828941 0.0117802 0.999921 0.0043819 -0.350023 -0.0499024 -0.00378881 0.998747 24.5452 
0.999022 -0.0104536 0.042962 0.844132 0.0102362 0.999934 0.00527942 -0.359588 -0.0430144 -0.00483445 0.999063 25.3809 
0.999257 -0.00915223 0.0374356 0.856272 0.00894151 0.999943 0.00579365 -0.368835 -0.0374866 -0.00545458 0.999282 26.2156 
0.999449 -0.00791483 0.0322404 0.862289 0.00772665 0.999952 0.00595865 -0.379552 -0.0322861 -0.00570621 0.999462 27.0541 
0.999604 -0.00768418 0.0270861 0.869467 0.00753291 0.999956 0.00568367 -0.390288 -0.0271286 -0.00547734 0.999617 27.8912 
0.999718 -0.00738367 0.0225627 0.868212 0.00726602 0.99996 0.00529406 -0.40022 -0.0226009 -0.00512858 0.999731 28.7245 
0.999817 -0.00620287 0.0180853 0.865209 0.00609564 0.999964 0.00598029 -0.411111 -0.0181218 -0.00586891 0.999819 29.5614 
0.999884 -0.00482054 0.0144844 0.859012 0.00472349 0.999966 0.00673032 -0.423737 -0.0145164 -0.00666107 0.999872 30.3942 
0.999928 -0.00254099 0.0117589 0.851497 0.00245041 0.999967 0.00771476 -0.434908 -0.0117782 -0.00768535 0.999901 31.223 
0.999949 -0.00117697 0.0100466 0.844448 0.00110151 0.999971 0.00751744 -0.445252 -0.0100552 -0.00750595 0.999921 32.0522 
0.999958 -0.000190378 0.00912851 0.836567 0.000125228 0.999975 0.00714166 -0.456665 -0.00912968 -0.00714018 0.999933 32.8706 
0.999963 0.00179532 0.00838491 0.824059 -0.00184389 0.999982 0.0057933 -0.466421 -0.0083744 -0.0058085 0.999948 33.6796 
0.999961 0.00424391 0.0077637 0.810785 -0.00428681 0.999976 0.0055236 -0.475693 -0.00774011 -0.00555663 0.999955 34.4834 
0.999957 0.00602643 0.00703726 0.797719 -0.00606991 0.999963 0.00617923 -0.488074 -0.0069998 -0.00622164 0.999956 35.2816 
0.999945 0.00812379 0.00658067 0.782889 -0.0081676 0.999944 0.00666391 -0.498594 -0.00652621 -0.00671725 0.999956 36.0611 
0.999939 0.00922985 0.00599593 0.771985 -0.0092708 0.999934 0.00684396 -0.511159 -0.0059324 -0.00689909 0.999959 36.8296 
0.99992 0.0114426 0.00543983 0.758733 -0.0114786 0.999912 0.00664171 -0.521338 -0.0053634 -0.00670358 0.999963 37.5873 
0.999893 0.0136143 0.00536367 0.745053 -0.0136518 0.999882 0.00702732 -0.53267 -0.00526741 -0.00709975 0.999961 38.3288 
0.999852 0.0162283 0.00566233 0.733967 -0.0162683 0.999842 0.00710192 -0.544956 -0.00554622 -0.00719295 0.999959 39.0562 
0.999785 0.0194652 0.00708609 0.723336 -0.0195151 0.999785 0.00704085 -0.556544 -0.00694756 -0.00717759 0.99995 39.769 
0.999723 0.0213547 0.00989866 0.712332 -0.0214124 0.999754 0.00576888 -0.566327 -0.00977308 -0.00597919 0.999934 40.4663 
0.999643 0.0229533 0.0136978 0.708698 -0.023023 0.999723 0.00495822 -0.580697 -0.0135802 -0.00527178 0.999894 41.1531 
0.999571 0.0225083 0.0187409 0.709255 -0.0226076 0.999731 0.00511001 -0.590433 -0.0186209 -0.00553146 0.999811 41.8323 
0.999426 0.0237713 0.0241262 0.713601 -0.023907 0.9997 0.00535407 -0.601037 -0.0239918 -0.00592774 0.999695 42.4983 
0.999257 0.0238377 0.0302775 0.724026 -0.0240275 0.999694 0.00592294 -0.61313 -0.030127 -0.00664599 0.999524 43.1482 
0.999019 0.0233397 0.0376464 0.737833 -0.0235981 0.999701 0.00643307 -0.623375 -0.0374851 -0.0073151 0.99927 43.7785 
0.998654 0.02348 0.0462399 0.758912 -0.023794 0.999697 0.00625385 -0.63366 -0.0460791 -0.00734562 0.998911 44.3978 
0.998102 0.0240992 0.056665 0.7853 -0.0244853 0.999681 0.00613001 -0.644203 -0.0564992 -0.0075058 0.998374 45.0074 
0.997363 0.0235688 0.0686408 0.82241 -0.0240367 0.999693 0.0059994 -0.65396 -0.0684783 -0.00763343 0.997623 45.605 
0.99645 0.0222522 0.0811922 0.867327 -0.022818 0.999721 0.0060486 -0.663868 -0.081035 -0.00787974 0.99668 46.1916 
0.995318 0.0216578 0.0941992 0.920048 -0.0222752 0.999737 0.00550757 -0.671923 -0.0940552 -0.00758005 0.995538 46.7658 
0.993809 0.0215418 0.108992 0.980628 -0.0222677 0.999737 0.00544779 -0.680374 -0.108846 -0.00784103 0.994028 47.3283 
0.991878 0.0213532 0.125391 1.05141 -0.0222642 0.999735 0.00586848 -0.690872 -0.125233 -0.00861251 0.99209 47.8769 
0.989477 0.0239332 0.142695 1.12701 -0.0249217 0.999676 0.00514413 -0.698821 -0.142526 -0.00864615 0.989753 48.4164 
0.986291 0.0224123 0.163483 1.2182 -0.0234512 0.999715 0.00442722 -0.708935 -0.163338 -0.00820037 0.986536 48.9431 
0.982112 0.0257722 0.186527 1.31731 -0.0268848 0.999633 0.00343747 -0.719769 -0.18637 -0.00839067 0.982444 49.4584 
0.977002 0.0247498 0.211788 1.43313 -0.0255661 0.999673 0.00111671 -0.731458 -0.211691 -0.00650559 0.977315 49.9573 
0.970925 0.0238817 0.238192 1.56304 -0.0241559 0.999707 -0.00176778 -0.740794 -0.238164 -0.00403733 0.971217 50.4391 
0.963646 0.0227989 0.266209 1.70607 -0.0224159 0.999739 -0.00447713 -0.749275 -0.266242 -0.00165293 0.963905 50.9069 
0.955028 0.0204362 0.29581 1.86001 -0.0197098 0.999791 -0.00543721 -0.761151 -0.295859 -0.000637648 0.955231 51.3566 
0.94492 0.022447 0.326532 2.01876 -0.0210907 0.999748 -0.00769401 -0.773899 -0.326622 0.000383478 0.945155 51.7885 
0.933456 0.0230219 0.357952 2.19072 -0.0217637 0.999735 -0.00754369 -0.785121 -0.358031 -0.000748616 0.933709 52.2059 
0.920472 0.0225348 0.390157 2.3717 -0.021806 0.999742 -0.00629782 -0.798224 -0.390199 -0.00271076 0.920727 52.6077 
0.905393 0.0213362 0.424039 2.56012 -0.0210985 0.999764 -0.00525596 -0.816531 -0.424051 -0.00418783 0.905629 52.9867 
0.888261 0.0209003 0.458864 2.75985 -0.0206553 0.999771 -0.00555317 -0.830315 -0.458875 -0.00454527 0.888489 53.3478 
0.869002 0.0205725 0.494381 2.9661 -0.0199535 0.99978 -0.00652989 -0.843525 -0.494407 -0.00419015 0.869221 53.6874 
0.847796 0.0195898 0.529961 3.18656 -0.0178915 0.999805 -0.00833584 -0.854888 -0.530021 -0.00241466 0.847981 54.0092 
0.824475 0.018376 0.5656 3.41814 -0.0155212 0.999831 -0.00985859 -0.866672 -0.565686 -0.000650594 0.824621 54.3164 
0.799076 0.0154405 0.601032 3.66354 -0.0117117 0.99988 -0.0101161 -0.877434 -0.601116 0.00104448 0.799161 54.6088 
0.77119 0.0116232 0.636498 3.92219 -0.00859406 0.999932 -0.00784715 -0.889049 -0.636547 0.00058156 0.771238 54.8869 
0.741336 0.00706388 0.671097 4.18941 -0.00588993 0.999975 -0.00401913 -0.899132 -0.671108 -0.000973165 0.741359 55.1541 
0.709138 0.00334251 0.705062 4.46761 -0.00470239 0.999989 -1.10324e-05 -0.909543 -0.705054 -0.00330763 0.709146 55.4091 
0.674014 0.000996835 0.738718 4.75157 -0.0058823 0.999975 0.00401776 -0.917348 -0.738695 -0.00705337 0.674003 55.6437 
0.636479 -0.00275002 0.771289 5.04583 -0.00495863 0.999958 0.00765734 -0.930776 -0.771278 -0.00869825 0.636439 55.858 
0.597408 -0.00637384 0.801912 5.35174 -0.00194266 0.999954 0.00939523 -0.934176 -0.801935 -0.00717061 0.597368 56.0497 
0.555216 -0.00857788 0.831662 5.66813 0.000952645 0.999953 0.00967773 -0.941581 -0.831705 -0.00458094 0.555198 56.2273 
0.510417 -0.00750926 0.859894 5.99936 0.00221395 0.99997 0.00741841 -0.945213 -0.859924 -0.0018827 0.510418 56.3967 
0.463488 -0.00499075 0.886089 6.3477 0.000745022 0.999986 0.00524261 -0.947894 -0.886103 -0.00176972 0.463486 56.5591 
0.414292 -0.0022464 0.910141 6.70869 -0.00309744 0.999988 0.00387815 -0.952109 -0.910139 -0.00442578 0.41428 56.7041 
0.364194 0.000181871 0.931323 7.08809 -0.00819147 0.999962 0.00300805 -0.957172 -0.931287 -0.00872441 0.364181 56.8334 
0.314287 0.000734108 0.949328 7.48756 -0.0101319 0.999945 0.0025811 -0.957942 -0.949274 -0.0104297 0.314278 56.9436 
0.265993 0.000558349 0.963975 7.90007 -0.00854482 0.999962 0.00177866 -0.960829 -0.963937 -0.00871009 0.265988 57.0313 
0.220719 -0.000204945 0.975337 8.32698 -0.00726282 0.999972 0.00185375 -0.964718 -0.97531 -0.00749285 0.220711 57.1058 
0.179044 -0.00235136 0.983838 8.77735 -0.00710874 0.999968 0.00368365 -0.968514 -0.983815 -0.00765338 0.179022 57.1714 
0.140386 -0.00463101 0.990086 9.25338 -0.00733265 0.999957 0.00571693 -0.969792 -0.99007 -0.00806253 0.140346 57.2224 
0.103947 -0.00642943 0.994562 9.74934 -0.00845845 0.999937 0.00734825 -0.973233 -0.994547 -0.00917628 0.103886 57.2627 
0.0712122 -0.00779429 0.997431 10.2688 -0.00755244 0.999937 0.00835312 -0.977013 -0.997433 -0.00812788 0.0711489 57.2873 
0.0418861 -0.00832992 0.999088 10.8049 -0.00728496 0.999936 0.00864245 -0.978589 -0.999096 -0.00764031 0.0418227 57.2958 
0.0154851 -0.0061215 0.999861 11.3621 -0.00982605 0.999932 0.00627416 -0.976705 -0.999832 -0.00992185 0.0154239 57.3008 
-0.00704351 -0.00375487 0.999968 11.9393 -0.0138226 0.999898 0.00365729 -0.976579 -0.99988 -0.0137964 -0.00709469 57.2986 
-0.0265787 -0.00293189 0.999642 12.5384 -0.0138615 0.999901 0.00256413 -0.977344 -0.999551 -0.0137884 -0.0266167 57.2816 
-0.0435763 -0.00222487 0.999048 13.1568 -0.0101438 0.999947 0.00178447 -0.978513 -0.998999 -0.0100563 -0.0435965 57.2471 
-0.0593174 -0.00246814 0.998236 13.7954 -0.007831 0.999967 0.00200713 -0.980809 -0.998208 -0.00769813 -0.0593348 57.2068 
-0.0747431 -0.00357421 0.997196 14.4528 -0.00859133 0.999959 0.00294021 -0.98518 -0.997166 -0.00834748 -0.0747707 57.164 
-0.089297 -0.00252899 0.996002 15.1253 -0.00774282 0.999968 0.00184492 -0.989436 -0.995975 -0.00754712 -0.0893138 57.1072 
-0.101483 -0.00078513 0.994837 15.8164 -0.00619986 0.999981 0.000156782 -0.994935 -0.994818 -0.00615194 -0.101486 57.0393 
-0.111077 0.00184362 0.99381 16.5234 0.001089 0.999998 -0.00173335 -0.999662 -0.993811 0.000889719 -0.111078 56.9576 
-0.116908 0.00457312 0.993132 17.247 0.00877919 0.999955 -0.00357105 -1.00754 -0.993104 0.00830141 -0.116943 56.8706 
-0.119113 0.00456419 0.99287 17.992 0.01349 0.999905 -0.00297811 -1.01763 -0.992789 0.0130391 -0.119164 56.7834 
-0.118896 0.00302191 0.992902 18.7529 0.0144468 0.999895 -0.00131321 -1.02596 -0.992802 0.0141881 -0.118927 56.7022 
-0.116097 0.00217703 0.993236 19.5274 0.0175854 0.999845 -0.000135968 -1.03291 -0.993082 0.0174507 -0.116117 56.6218 
-0.111458 0.00111557 0.993769 20.3155 0.0194277 0.999811 0.00105664 -1.04454 -0.993579 0.0194244 -0.111459 56.5432 
-0.107121 0.0020247 0.994244 21.1137 0.0180432 0.999837 -9.2039e-05 -1.05347 -0.994082 0.0179295 -0.107141 56.4765 
-0.102938 0.00303496 0.994683 21.9206 0.0176088 0.999844 -0.00122836 -1.0623 -0.994532 0.0173888 -0.102976 56.4128 
-0.0985356 0.00238711 0.995131 22.7281 0.0223294 0.999751 -0.000187143 -1.07256 -0.994883 0.0222022 -0.0985643 56.3444 
-0.0948905 0.000298586 0.995488 23.5392 0.0277284 0.999613 0.00234331 -1.08479 -0.995102 0.0278257 -0.094862 56.2764 
-0.0911364 -0.00305766 0.995834 24.3522 0.0303367 0.999523 0.00584537 -1.09425 -0.995376 0.0307431 -0.0910001 56.2127 
-0.0864219 -0.0066729 0.996236 25.1643 0.0332654 0.999401 0.00957986 -1.10378 -0.995703 0.0339681 -0.0861481 56.1517 
-0.0809425 -0.00959261 0.996673 25.975 0.0339805 0.999346 0.012378 -1.11296 -0.996139 0.0348693 -0.0805636 56.0999 
-0.076879 -0.0109779 0.99698 26.7871 0.0317881 0.999404 0.0134558 -1.11736 -0.996534 0.0327265 -0.0764842 56.0589 
-0.0731163 -0.012487 0.997245 27.5967 0.0249722 0.999585 0.0143472 -1.11976 -0.997011 0.0259524 -0.0727741 56.0272 
-0.0688793 -0.015885 0.997499 28.4106 0.0189497 0.999672 0.0172282 -1.12029 -0.997445 0.020089 -0.0685557 55.999 
-0.0645499 -0.0174116 0.997763 29.2246 0.0161317 0.999699 0.0184891 -1.12299 -0.997784 0.0172891 -0.0642496 55.9699 
-0.0604263 -0.0135545 0.998081 30.0343 0.0166352 0.999755 0.0145844 -1.12921 -0.998034 0.0174846 -0.060186 55.9375 
-0.0570798 -0.00577883 0.998353 30.8453 0.0176356 0.999821 0.00679567 -1.13244 -0.998214 0.0179945 -0.0569677 55.9059 
-0.0541967 0.000180386 0.99853 31.6618 0.0159166 0.999873 0.000683309 -1.1359 -0.998403 0.0159302 -0.0541927 55.8772 
-0.0523792 -0.000476698 0.998627 32.4845 0.0152038 0.999884 0.00127479 -1.14363 -0.998512 0.0152497 -0.0523658 55.8496 
-0.0509058 -0.00428796 0.998694 33.3149 0.0181444 0.999822 0.00521771 -1.15468 -0.998539 0.0183863 -0.0508189 55.8166 
-0.0498574 -0.00460088 0.998746 34.1479 0.0192806 0.999799 0.00556827 -1.16828 -0.99857 0.0195341 -0.0497587 55.7881 
-0.0499246 -0.00215532 0.998751 34.9755 0.0169303 0.999852 0.00300403 -1.17885 -0.99861 0.0170591 -0.0498808 55.7658 
-0.0498839 -0.000806428 0.998755 35.8127 0.0101477 0.999948 0.00131427 -1.18727 -0.998704 0.0102007 -0.0498731 55.7473 
-0.0508938 -0.00171286 0.998703 36.6568 0.00831863 0.999963 0.00213898 -1.1947 -0.998669 0.0084167 -0.0508776 55.7226 
-0.0521916 -0.00256806 0.998634 37.5071 0.00874034 0.999957 0.0030283 -1.20581 -0.998599 0.00888645 -0.0521669 55.6938 
-0.0537035 0.00126906 0.998556 38.3636 0.00831068 0.999965 -0.000823857 -1.21759 -0.998522 0.00825443 -0.0537122 55.6626 
-0.0550459 0.00540723 0.998469 39.2267 0.00890874 0.999948 -0.00492406 -1.22698 -0.998444 0.00862405 -0.0550913 55.6306 
-0.0556621 0.00821556 0.998416 40.0987 0.010144 0.999919 -0.00766236 -1.24005 -0.998398 0.00970138 -0.0557409 55.5948 
-0.0567662 0.0092112 0.998345 40.9795 0.0128316 0.999882 -0.00849573 -1.25956 -0.998305 0.0123281 -0.0568777 55.5573 
-0.0575487 0.0105953 0.998287 41.8743 0.0132504 0.999864 -0.00984816 -1.27799 -0.998255 0.0126609 -0.0576813 55.519 
-0.0587647 0.010435 0.998217 42.7779 0.0118618 0.999882 -0.00975405 -1.29136 -0.998201 0.0112675 -0.0588815 55.4814 
-0.0601413 0.00573925 0.998173 43.6976 0.010068 0.999936 -0.00514273 -1.30966 -0.998139 0.00974035 -0.0601953 55.4481 
-0.0616455 0.00425892 0.998089 44.6267 0.00987188 0.999945 -0.00365708 -1.32806 -0.998049 0.00962757 -0.0616842 55.4096 
-0.0630281 0.0074757 0.997984 45.5568 0.0105729 0.999921 -0.00682243 -1.34821 -0.997956 0.0101216 -0.0631021 55.3695 
-0.0635891 0.0113229 0.997912 46.4984 0.0116875 0.999876 -0.0106003 -1.36154 -0.997908 0.0109891 -0.0637135 55.3234 
-0.0634441 0.0126683 0.997905 47.4433 0.0146499 0.999824 -0.0117612 -1.38184 -0.997878 0.0138731 -0.0636184 55.2772 
-0.0633331 0.00932679 0.997949 48.4062 0.0191202 0.999784 -0.00813047 -1.40124 -0.997809 0.018566 -0.0634977 55.224 
-0.0635415 0.00357151 0.997973 49.3855 0.0209343 0.999778 -0.00224503 -1.41697 -0.99776 0.0207492 -0.0636022 55.1706 
-0.0627962 0.000661268 0.998026 50.3702 0.0222689 0.999752 0.0007388 -1.43361 -0.997778 0.0222714 -0.0627954 55.1231 
-0.0610962 0.00226151 0.998129 51.362 0.0215171 0.999768 -0.000948106 -1.44565 -0.9979 0.0214189 -0.0611307 55.0808 
-0.0601948 0.00513501 0.998173 52.3611 0.0212717 0.999766 -0.00386037 -1.46009 -0.99796 0.0210005 -0.06029 55.0381 
-0.0599708 0.00693807 0.998176 53.3664 0.0157964 0.999857 -0.00600066 -1.48264 -0.998075 0.0154077 -0.0600718 55.0045 
-0.0605597 0.00689304 0.998141 54.3807 0.0129832 0.999897 -0.0061174 -1.49828 -0.99808 0.0125886 -0.060643 54.9699 
-0.061089 0.00214753 0.99813 55.4101 0.0130922 0.999913 -0.00135004 -1.51354 -0.998046 0.0129853 -0.0611118 54.9272 
-0.0617252 -0.0037864 0.998086 56.451 0.0111715 0.999928 0.00448431 -1.52918 -0.998031 0.0114269 -0.0616784 54.8828 
-0.0623539 -0.00312461 0.998049 57.4888 0.0131354 0.999906 0.00395111 -1.53922 -0.997968 0.0133562 -0.062307 54.8332 
-0.0624564 0.000256181 0.998048 58.5214 0.0164355 0.999865 0.000771901 -1.54946 -0.997912 0.0164516 -0.0624521 54.779 
-0.0634591 0.00309638 0.99798 59.5674 0.0186553 0.999824 -0.00191582 -1.56509 -0.99781 0.018496 -0.0635057 54.7245 
-0.0656525 4.37542e-05 0.997843 60.6263 0.0189214 0.99982 0.00120112 -1.57975 -0.997663 0.0189594 -0.0656415 54.6714 
-0.0683398 -0.00511342 0.997649 61.6993 0.0204643 0.999769 0.00652615 -1.59354 -0.997452 0.0208622 -0.0682194 54.6164 
-0.0712882 -0.00806141 0.997423 62.7683 0.021961 0.999712 0.00964956 -1.60441 -0.997214 0.0225923 -0.0710907 54.5523 
-0.0749091 -0.00708573 0.997165 63.8426 0.0261965 0.999616 0.00907113 -1.60862 -0.996846 0.0268018 -0.0746947 54.4842 
-0.078557 -0.00805482 0.996877 64.9189 0.0291697 0.999521 0.0103749 -1.61638 -0.996483 0.0298936 -0.0782843 54.4177 
-0.0822105 -0.0101556 0.996563 65.9893 0.0331434 0.999367 0.0129183 -1.62584 -0.996064 0.0340915 -0.0818219 54.344 
-0.0850849 -0.00967119 0.996327 67.0583 0.0369498 0.999234 0.0128549 -1.6307 -0.995688 0.0379078 -0.0846624 54.2686 
-0.0872801 -0.00606707 0.996165 68.1223 0.0409778 0.999113 0.00967538 -1.63828 -0.995341 0.0416651 -0.086954 54.1868 
-0.0890716 -0.0015636 0.996024 69.1893 0.0432259 0.999051 0.00543397 -1.64903 -0.995087 0.0435381 -0.0889194 54.106 
-0.0902531 0.00130922 0.995918 70.2621 0.0469108 0.998895 0.00293811 -1.65915 -0.994813 0.0469845 -0.0902148 54.0231 
-0.089708 0.00058193 0.995968 71.3406 0.0458342 0.998943 0.00354471 -1.67507 -0.994913 0.0459674 -0.0896398 53.9496 
-0.086856 -0.00176708 0.996219 72.4115 0.0468766 0.998884 0.00585881 -1.68782 -0.995117 0.0472083 -0.0866762 53.875 
-0.08221 -0.00506568 0.996602 73.4852 0.0503156 0.998691 0.00922688 -1.69805 -0.995344 0.0509031 -0.0818475 53.7996 
-0.0768207 -0.00801802 0.997013 74.5576 0.0505486 0.99865 0.011926 -1.70446 -0.995763 0.0513137 -0.0763117 53.7331 
-0.0717152 -0.0111979 0.997362 75.6344 0.0521604 0.998527 0.0149616 -1.70906 -0.99606 0.0530957 -0.0710255 53.6721 
-0.0668891 -0.0125171 0.997682 76.7156 0.0535003 0.998438 0.0161135 -1.71677 -0.996325 0.0544541 -0.066115 53.6193 
-0.062947 -0.00841991 0.997981 77.7935 0.0538684 0.998478 0.0118219 -1.72234 -0.996562 0.0545038 -0.0623976 53.5683 
-0.0607321 -0.00369978 0.998147 78.8646 0.0533324 0.998553 0.00694633 -1.72757 -0.996728 0.0536555 -0.0604469 53.5222 
-0.0592505 -0.00386284 0.998236 79.9414 0.0536215 0.998537 0.00704676 -1.73505 -0.996802 0.0539444 -0.0589566 53.4754 
-0.0576455 -0.00588761 0.99832 81.0227 0.054384 0.998479 0.00902886 -1.747 -0.996855 0.0548131 -0.0572376 53.4297 
-0.0558 -0.00292936 0.998438 82.1011 0.0547424 0.998483 0.00598894 -1.75786 -0.99694 0.0549911 -0.055555 53.3869 
-0.0534751 0.00297824 0.998565 83.1705 0.0548539 0.998494 -4.04621e-05 -1.77155 -0.997061 0.054773 -0.053558 53.3447 
-0.0514494 0.00616066 0.998657 84.2398 0.0537409 0.998549 -0.00339129 -1.78984 -0.997229 0.0534943 -0.0517059 53.3091 
-0.049057 0.00540338 0.998781 85.3206 0.0543125 0.99852 -0.00273427 -1.81129 -0.997318 0.0541121 -0.0492778 53.2737 
-0.0453183 0.0022534 0.99897 86.4087 0.0524123 0.998626 0.000125103 -1.83299 -0.997597 0.052364 -0.0453741 53.2435 
-0.0409051 -0.00195533 0.999161 87.4994 0.0523235 0.998622 0.00409641 -1.84836 -0.997792 0.0524472 -0.0407464 53.217 
-0.0360271 -0.00430438 0.999342 88.5857 0.0508055 0.99869 0.0061332 -1.86239 -0.998059 0.050993 -0.0357612 53.1933 
-0.0326037 -0.000294546 0.999468 89.6771 0.0468057 0.998902 0.00182127 -1.88107 -0.998372 0.0468402 -0.0325541 53.1832 
-0.0308042 0.00900758 0.999485 90.7562 0.0435467 0.999022 -0.00766125 -1.90493 -0.998576 0.0432883 -0.0311664 53.176 
-0.0298387 0.0170333 0.99941 91.8419 0.0378472 0.999157 -0.015899 -1.92981 -0.998838 0.0373505 -0.0304582 53.1704 
-0.0292337 0.0166191 0.999434 92.9324 0.0373358 0.999182 -0.0155228 -1.95979 -0.998875 0.0368609 -0.0298303 53.1579 
-0.0285283 0.0104755 0.999538 94.0398 0.037272 0.999261 -0.00940874 -1.99133 -0.998898 0.0369863 -0.0288977 53.1492 
-0.0297141 0.0044037 0.999549 95.1406 0.0389901 0.999234 -0.00324319 -2.01422 -0.998798 0.0388761 -0.029863 53.1288 
-0.0317467 -0.00155282 0.999495 96.2414 0.0373301 0.999299 0.00273826 -2.03468 -0.998799 0.0373981 -0.0316665 53.1124 
-0.0335268 -0.00632022 0.999418 97.3365 0.0369513 0.999289 0.00755902 -2.05113 -0.998755 0.0371832 -0.0332694 53.0886 
-0.0354771 -0.00578734 0.999354 98.4267 0.0374146 0.999275 0.00711515 -2.06698 -0.99867 0.0376428 -0.0352349 53.064 
-0.0371775 -0.00552125 0.999293 99.5098 0.0369296 0.999294 0.00689522 -2.07751 -0.998626 0.0371599 -0.0369473 53.0383 
-0.0388674 -0.00686464 0.999221 100.589 0.0383952 0.999228 0.00835821 -2.0921 -0.998506 0.0386902 -0.0385738 53.0128 
-0.0396646 -0.00532748 0.999199 101.67 0.0392444 0.999206 0.00688542 -2.10939 -0.998442 0.0394861 -0.0394241 52.9848 
-0.0400324 0.00296373 0.999194 102.742 0.0399388 0.999201 -0.00136357 -2.12803 -0.9984 0.0398521 -0.0401188 52.9568 
-0.0403304 0.0108811 0.999127 103.806 0.0371395 0.999266 -0.00938345 -2.14837 -0.998496 0.0367287 -0.0407049 52.9317 
-0.0413193 0.0111265 0.999084 104.871 0.0346527 0.999352 -0.0096963 -2.17508 -0.998545 0.0342204 -0.0416781 52.9071 
-0.0434908 0.00520413 0.99904 105.95 0.0302786 0.999534 -0.00388855 -2.20371 -0.998595 0.0300804 -0.0436281 52.8852 
-0.0462511 -0.00239428 0.998927 107.02 0.0241489 0.999702 0.0035143 -2.22334 -0.998638 0.0242855 -0.0461795 52.8643 
-0.0480334 -0.0105614 0.99879 108.082 0.022888 0.99967 0.0116714 -2.23548 -0.998584 0.0234209 -0.0477758 52.8347 
-0.0495364 -0.0171123 0.998626 109.148 0.0260957 0.99949 0.0184216 -2.24457 -0.998431 0.0269724 -0.0490646 52.7922 
-0.0514603 -0.0174324 0.998523 110.189 0.025021 0.999511 0.0187392 -2.24902 -0.998362 0.0259484 -0.0509989 52.7585 
-0.0520525 -0.0099003 0.998595 111.22 0.0287889 0.99952 0.0114102 -2.25777 -0.998229 0.0293424 -0.0517425 52.7173 
-0.0525732 0.00458557 0.998607 112.248 0.0375051 0.999293 -0.00261416 -2.27265 -0.997913 0.0373154 -0.052708 52.6667 
-0.0537515 0.0156818 0.998431 113.27 0.0424759 0.999008 -0.0134041 -2.29203 -0.997651 0.0416888 -0.0543643 52.6262 
-0.0540193 0.0125506 0.998461 114.302 0.0428636 0.999029 -0.0102386 -2.31665 -0.99762 0.0422445 -0.0545048 52.5863 
-0.0537755 0.00187986 0.998551 115.347 0.045442 0.998967 0.000566614 -2.34078 -0.997519 0.0454066 -0.0538054 52.544 
-0.0530882 -0.00805627 0.998557 116.382 0.0454353 0.998912 0.0104747 -2.35629 -0.997556 0.0459258 -0.0526644 52.503 
-0.0529065 -0.0134129 0.998509 117.405 0.0440791 0.998904 0.0157538 -2.36466 -0.997626 0.0448469 -0.0522573 52.4692 
-0.0528234 -0.0188086 0.998427 118.424 0.0415689 0.998915 0.0210171 -2.36668 -0.997738 0.0426137 -0.0519842 52.4361 
-0.0522321 -0.0221116 0.99839 119.443 0.0389077 0.998951 0.0241596 -2.3682 -0.997877 0.040107 -0.051317 52.4 
-0.0519362 -0.0200727 0.998449 120.446 0.0377663 0.999043 0.0220492 -2.37022 -0.997936 0.0388529 -0.0511285 52.3626 
-0.0510853 -0.0130736 0.998609 121.441 0.0352901 0.999266 0.0148876 -2.36939 -0.998071 0.0360015 -0.0505864 52.3273 
-0.0505569 -0.006975 0.998697 122.435 0.0352796 0.999339 0.00876547 -2.37304 -0.998098 0.0356767 -0.0502774 52.2889 
-0.0500545 -0.00186717 0.998745 123.417 0.035846 0.999351 0.00366486 -2.38419 -0.998103 0.0359845 -0.0499551 52.2517 
-0.0497074 0.00288428 0.99876 124.394 0.0373212 0.999303 -0.00102837 -2.39838 -0.998066 0.0372237 -0.0497804 52.214 
-0.049335 0.00719511 0.998756 125.364 0.0378293 0.99927 -0.00533014 -2.41905 -0.998066 0.0375193 -0.0495712 52.1844 
-0.0491579 0.00633644 0.998771 126.328 0.0393801 0.999215 -0.00440099 -2.43852 -0.998014 0.0391154 -0.0493688 52.1494 
-0.0489403 8.68761e-05 0.998802 127.288 0.0380367 0.999275 0.00177688 -2.45867 -0.998077 0.0380781 -0.0489081 52.1171 
-0.0494519 -0.00993004 0.998727 128.243 0.0361886 0.999276 0.0117274 -2.47549 -0.998121 0.0367225 -0.0490568 52.0897 
-0.0503052 -0.0178756 0.998574 129.185 0.030952 0.999332 0.0194485 -2.48655 -0.998254 0.0318862 -0.0497183 52.0643 
-0.0525086 -0.0208466 0.998403 130.109 0.0264053 0.999404 0.0222563 -2.49129 -0.998271 0.0275318 -0.0519269 52.0385 
-0.0543183 -0.0184739 0.998353 131.008 0.0215325 0.999575 0.0196681 -2.49728 -0.998292 0.0225654 -0.0538974 52.0125 
-0.0554082 -0.0112391 0.998401 131.889 0.0184797 0.999754 0.0122799 -2.50309 -0.998293 0.0191306 -0.0551869 51.9841 
-0.0559114 -0.00427719 0.998427 132.751 0.0206955 0.999771 0.00544193 -2.5126 -0.998221 0.0209672 -0.0558101 51.9498 
-0.0548164 0.00166406 0.998495 133.594 0.0245955 0.999697 -0.000315754 -2.52743 -0.998194 0.0245411 -0.0548408 51.9134 
-0.0517801 0.00389195 0.998651 134.418 0.0283604 0.999595 -0.0024251 -2.54675 -0.998256 0.0281966 -0.0518695 51.88 
-0.0472705 0.0034497 0.998876 135.229 0.032513 0.99947 -0.00191307 -2.56337 -0.998353 0.032386 -0.0473576 51.8529 
-0.0422584 -0.00133652 0.999106 136.024 0.0354538 0.999367 0.00283647 -2.57794 -0.998478 0.0355419 -0.0421842 51.8295 
-0.0381145 -0.00559289 0.999258 136.791 0.0368393 0.999297 0.0069983 -2.59702 -0.998594 0.0370787 -0.0378817 51.8126 
-0.0339252 -0.00554051 0.999409 137.529 0.0376658 0.999267 0.00681834 -2.61631 -0.998714 0.0378748 -0.0336916 51.801 
-0.0294155 -0.00107883 0.999567 138.233 0.0391238 0.999232 0.00222985 -2.63404 -0.998801 0.0391725 -0.0293507 51.7921 
-0.0249824 0.00289664 0.999684 138.911 0.0393835 0.999222 -0.00191106 -2.64628 -0.998912 0.0393233 -0.025077 51.7875 
-0.0204553 0.00352161 0.999785 139.564 0.0406366 0.99917 -0.002688 -2.66058 -0.998965 0.0405728 -0.0205814 51.7856 
-0.0160534 0.00321096 0.999866 140.188 0.0380218 0.999274 -0.00259855 -2.67919 -0.999148 0.037975 -0.0161639 51.7893 
-0.0122132 0.0022419 0.999923 140.781 0.0331625 0.999448 -0.00183575 -2.69836 -0.999375 0.0331376 -0.0122808 51.8014 
-0.00859668 0.00257888 0.99996 141.347 0.0284297 0.999593 -0.00233348 -2.71639 -0.999559 0.0284085 -0.00866649 51.8155 
-0.0056037 0.0059323 0.999967 141.896 0.0267248 0.999626 -0.00578048 -2.72799 -0.999627 0.0266915 -0.00576014 51.8244 
-0.00460284 0.0100395 0.999939 142.43 0.0257255 0.99962 -0.00991779 -2.74226 -0.999658 0.0256783 -0.00485936 51.8325 
-0.00495427 0.0111615 0.999925 142.961 0.0225014 0.999686 -0.0110473 -2.75761 -0.999735 0.022445 -0.00520386 51.8414 
-0.0065699 0.00942333 0.999934 143.493 0.0164985 0.999821 -0.00931382 -2.77177 -0.999842 0.0164362 -0.00672419 51.8533 
-0.00872552 0.00514479 0.999949 144.024 0.0110502 0.999926 -0.00504821 -2.78435 -0.999901 0.0110056 -0.00878173 51.8644 
-0.0108481 5.6653e-06 0.999941 144.555 0.0100677 0.999949 0.000103599 -2.79462 -0.999891 0.0100682 -0.0108477 51.8663 
-0.0128885 -0.00306911 0.999912 145.076 0.0136859 0.999901 0.00324552 -2.80811 -0.999823 0.0137265 -0.0128452 51.8579 
-0.015268 -0.00110259 0.999883 145.586 0.0158628 0.999873 0.00134484 -2.8235 -0.999758 0.0158815 -0.0152486 51.8517 
-0.0182453 0.00231975 0.999831 146.09 0.0152633 0.999881 -0.00204129 -2.83371 -0.999717 0.0152235 -0.0182785 51.8502 
-0.0208031 0.00397288 0.999776 146.592 0.0117368 0.999924 -0.00372921 -2.84295 -0.999715 0.0116566 -0.0208482 51.8524 
-0.0231489 0.00567281 0.999716 147.092 0.0105875 0.999929 -0.00542882 -2.8495 -0.999676 0.0104588 -0.0232073 51.8507 
-0.0250432 0.0071298 0.999661 147.589 0.0121869 0.999902 -0.00682618 -2.85646 -0.999612 0.0120118 -0.0251276 51.8427 
-0.027966 0.00457343 0.999598 148.089 0.0125508 0.999912 -0.00422369 -2.86704 -0.99953 0.0124276 -0.028021 51.8349 
-0.0305574 -0.000594245 0.999533 148.589 0.0119241 0.999928 0.000959061 -2.87844 -0.999462 0.0119479 -0.0305481 51.8278 
-0.0331499 -0.00369619 0.999444 149.08 0.0111024 0.99993 0.00406628 -2.88341 -0.999389 0.011231 -0.0331065 51.8219 
-0.0358626 -0.00482898 0.999345 149.573 0.00877533 0.999948 0.00514684 -2.89089 -0.999318 0.00895416 -0.0358184 51.8151 
-0.0379291 -0.00632554 0.99926 150.066 0.00740632 0.999951 0.00661107 -2.89961 -0.999253 0.0076516 -0.0378804 51.8067 
-0.0392339 -0.00789997 0.999199 150.555 0.00667152 0.999944 0.00816787 -2.90804 -0.999208 0.00698663 -0.039179 51.799 
-0.0402047 -0.00794413 0.99916 151.041 0.00623788 0.999947 0.00820143 -2.91225 -0.999172 0.00656237 -0.040153 51.7909 
-0.0393635 -0.00618035 0.999206 151.519 0.00905588 0.999938 0.00654167 -2.91425 -0.999184 0.00930619 -0.039305 51.7806 
-0.0344219 -0.00341046 0.999402 151.993 0.0113535 0.999928 0.00380334 -2.91906 -0.999343 0.0114777 -0.0343808 51.7704 
-0.0271511 -0.00167034 0.99963 152.459 0.0116875 0.99993 0.00198832 -2.92772 -0.999563 0.0117371 -0.0271297 51.7713 
-0.0170747 -0.00184787 0.999853 152.927 0.00971738 0.999951 0.00201404 -2.93424 -0.999807 0.00975033 -0.0170559 51.7824 
-0.0015998 -0.00270494 0.999995 153.386 0.0114529 0.999931 0.00272313 -2.93706 -0.999933 0.0114572 -0.0015687 51.7983 
0.0207907 -0.0025136 0.999781 153.836 0.0174041 0.999846 0.00215189 -2.93954 -0.999632 0.0173555 0.0208313 51.8182 
0.0506148 -0.00201819 0.998716 154.277 0.0242784 0.999705 0.000789809 -2.94311 -0.998423 0.0242072 0.0506489 51.8536 
0.0868264 -0.00250306 0.99622 154.715 0.0258038 0.999667 0.000262818 -2.94677 -0.995889 0.0256835 0.086862 51.9173 
0.127516 -0.00283569 0.991832 155.143 0.0227344 0.999742 -6.45262e-05 -2.96057 -0.991576 0.0225569 0.127548 52.0094 
0.169243 0.000330779 0.985574 155.559 0.0182699 0.999827 -0.00347282 -2.96978 -0.985405 0.0185941 0.169207 52.1243 
0.210826 0.00474488 0.977512 155.967 0.0179406 0.999801 -0.00872238 -2.97859 -0.977359 0.019376 0.210699 52.2493 
0.253018 0.0091338 0.967418 156.366 0.0189465 0.999717 -0.0143939 -2.98247 -0.967276 0.0219711 0.252774 52.3858 
0.29551 0.0113728 0.955272 156.758 0.0200743 0.999634 -0.0181108 -2.99124 -0.955129 0.0245283 0.295173 52.5373 
0.336715 0.0135785 0.941509 157.137 0.0165059 0.999657 -0.0203202 -2.99838 -0.941462 0.0223826 0.336376 52.7154 
0.376906 0.017454 0.926087 157.498 0.00874606 0.999711 -0.0224011 -3.00915 -0.92621 0.0165427 0.376644 52.913 
0.416602 0.02262 0.908808 157.849 0.000259484 0.999687 -0.0250009 -3.02062 -0.909089 0.0106513 0.416466 53.1261 
0.455653 0.0285595 0.889699 158.196 -0.00431158 0.999544 -0.0298773 -3.03404 -0.890147 0.00977771 0.455569 53.3527 
0.493802 0.0321159 0.868981 158.547 -0.00552015 0.999413 -0.0337995 -3.05055 -0.869557 0.0118934 0.49369 53.5928 
0.531196 0.0313087 0.84667 158.883 -0.00402167 0.999399 -0.0344331 -3.06523 -0.84724 0.0148857 0.531002 53.8401 
0.566837 0.0298806 0.823288 159.227 -0.00565363 0.99946 -0.032382 -3.07882 -0.823811 0.0137008 0.5667 54.1216 
0.600075 0.0307117 0.799354 159.557 -0.0101655 0.999475 -0.0307691 -3.09664 -0.799879 0.010338 0.600072 54.4236 
0.631566 0.0348547 0.774538 159.88 -0.0173702 0.999374 -0.0308085 -3.11655 -0.775128 0.00600375 0.631776 54.7486 
0.661288 0.0383357 0.749152 160.199 -0.022741 0.999259 -0.0310603 -3.1363 -0.749787 0.00350334 0.66167 55.0886 
0.688854 0.0393485 0.723832 160.518 -0.0228367 0.999208 -0.032585 -3.15308 -0.72454 0.00591638 0.689207 55.4403 
0.713789 0.0373242 0.699366 160.838 -0.0180581 0.999228 -0.0348968 -3.16836 -0.700128 0.0122798 0.713912 55.802 
0.736097 0.0386256 0.675773 161.156 -0.0193501 0.999163 -0.0360324 -3.18254 -0.6766 0.0134471 0.736228 56.1899 
0.755533 0.0426991 0.653718 161.461 -0.0261364 0.999044 -0.0350477 -3.20214 -0.65459 0.0093939 0.755926 56.6045 
0.771792 0.0453149 0.634258 161.77 -0.0337314 0.998971 -0.0303261 -3.22542 -0.634979 0.00201106 0.772526 57.0408 
0.784751 0.0432562 0.6183 162.085 -0.03464 0.999063 -0.025929 -3.24636 -0.618843 -0.00107003 0.785514 57.4825 
0.795473 0.03802 0.604795 162.41 -0.0304783 0.999277 -0.0227314 -3.263 -0.605222 -0.000350842 0.796056 57.9322 
0.804624 0.030291 0.593012 162.742 -0.0240854 0.999541 -0.0183763 -3.28211 -0.593296 0.000503101 0.804984 58.3954 
0.811902 0.0234425 0.583323 163.076 -0.0191253 0.999725 -0.0135572 -3.3019 -0.58348 -0.000149084 0.812127 58.8754 
0.818472 0.0199711 0.5742 163.409 -0.0172041 0.999799 -0.0102509 -3.31847 -0.574289 -0.00148852 0.818651 59.3744 
0.82544 0.0169761 0.564235 163.744 -0.0148117 0.999855 -0.00841381 -3.32981 -0.564296 -0.00141216 0.825572 59.8897 
0.832626 0.0126012 0.553693 164.087 -0.00940158 0.999919 -0.00861877 -3.33997 -0.553756 0.00197064 0.832676 60.4241 
0.839083 0.0130146 0.543847 164.424 -0.00761811 0.999897 -0.0121743 -3.35577 -0.54395 0.00607222 0.839096 60.9696 
0.844668 0.0170289 0.535019 164.758 -0.00912675 0.999807 -0.0174133 -3.37263 -0.535212 0.00982551 0.844661 61.533 
0.848801 0.0223408 0.528241 165.094 -0.0123572 0.999672 -0.0224229 -3.38842 -0.528569 0.012505 0.848798 62.1196 
0.850916 0.0268345 0.524616 165.44 -0.0152905 0.999537 -0.0263259 -3.40716 -0.52508 0.0143795 0.850932 62.7155 
0.850763 0.0317837 0.524588 165.792 -0.0206849 0.999421 -0.0270065 -3.43182 -0.525143 0.0121251 0.850928 63.3356 
0.849014 0.0321793 0.527389 166.159 -0.0234798 0.999455 -0.0231842 -3.45896 -0.527848 0.00730074 0.849307 63.9623 
0.846611 0.0335548 0.531153 166.533 -0.0257821 0.999425 -0.0220426 -3.48478 -0.531587 0.00496727 0.846989 64.5891 
0.843803 0.0350939 0.535504 166.922 -0.0280874 0.99938 -0.0212357 -3.50864 -0.535917 0.0028779 0.844266 65.2401 
0.840831 0.0350306 0.540163 167.324 -0.0291039 0.999386 -0.0195082 -3.52926 -0.540515 0.000682315 0.841334 65.8988 
0.837655 0.0327519 0.545216 167.742 -0.0264634 0.999462 -0.0193813 -3.54844 -0.545558 0.0018066 0.838071 66.5602 
0.834397 0.0296844 0.550365 168.173 -0.0244668 0.999559 -0.0168184 -3.57331 -0.550621 0.000567614 0.834755 67.2302 
0.830609 0.0303189 0.55603 168.609 -0.0256611 0.99954 -0.0161692 -3.59628 -0.556265 -0.000838054 0.831005 67.9082 
0.827204 0.0325328 0.560959 169.054 -0.0270946 0.999471 -0.0180097 -3.61852 -0.561248 -0.000301232 0.827647 68.593 
0.824284 0.0331334 0.565206 169.512 -0.025618 0.999446 -0.0212284 -3.64599 -0.565597 0.00301883 0.824676 69.2801 
0.821551 0.0351465 0.569051 169.979 -0.0257424 0.999367 -0.0245594 -3.67346 -0.569554 0.00552808 0.821936 69.9752 
0.818739 0.0345506 0.573125 170.455 -0.0251891 0.999388 -0.0242636 -3.69919 -0.573613 0.00542904 0.819109 70.684 
0.816326 0.0314645 0.576734 170.943 -0.0262416 0.999504 -0.0173861 -3.72677 -0.576995 -0.000941629 0.816747 71.4069 
0.813938 0.0279594 0.580279 171.435 -0.0261389 0.999592 -0.0114987 -3.75579 -0.580364 -0.00580855 0.814337 72.1288 
0.812083 0.0264799 0.582941 171.928 -0.0219643 0.999649 -0.0148107 -3.78776 -0.583128 -0.000776285 0.81238 72.8337 
0.810726 0.0315861 0.584573 172.417 -0.0204586 0.999462 -0.0256301 -3.81747 -0.585068 0.00881945 0.810936 73.5324 
0.809318 0.0340517 0.586383 172.909 -0.0184556 0.999299 -0.0325578 -3.85041 -0.587081 0.0155275 0.809379 74.232 
0.808558 0.0303341 0.587634 173.41 -0.0141379 0.999384 -0.0321357 -3.88949 -0.588246 0.0176757 0.808489 74.9349 
0.807916 0.0246406 0.588783 173.913 -0.0115748 0.999596 -0.0259504 -3.93062 -0.589184 0.0141507 0.807875 75.6454 
0.807371 0.0206753 0.589682 174.412 -0.00882039 0.999697 -0.0229746 -3.96897 -0.589978 0.0133478 0.807309 76.3551 
0.807681 0.0160415 0.589401 174.91 -0.00454423 0.99977 -0.0209831 -4.00235 -0.589602 0.0142693 0.807568 77.0514 
0.808007 0.0114946 0.589061 175.408 0.000937611 0.999783 -0.0207952 -4.03689 -0.589172 0.017355 0.807821 77.7474 
0.808719 0.00966651 0.588116 175.898 0.00343028 0.99977 -0.0211495 -4.07467 -0.588185 0.0191215 0.8085 78.4405 
0.809473 0.0118543 0.587038 176.382 0.00406286 0.999659 -0.0257888 -4.11012 -0.587144 0.0232604 0.809149 79.1274 
0.810028 0.0116023 0.586277 176.864 0.00724059 0.99953 -0.0297844 -4.14794 -0.586347 0.0283712 0.809563 79.8114 
0.81034 0.00856069 0.585897 177.347 0.00978836 0.999556 -0.0281427 -4.18262 -0.585878 0.0285402 0.809896 80.4963 
0.810024 0.00722 0.586353 177.821 0.00709133 0.999731 -0.0221064 -4.21934 -0.586354 0.0220648 0.809754 81.1869 
0.809455 0.00135415 0.58718 178.295 0.00779745 0.999884 -0.013055 -4.25375 -0.58713 0.015146 0.809351 81.8709 
0.809177 -0.00366353 0.587553 178.771 0.0104116 0.999913 -0.00810408 -4.27971 -0.587472 0.012675 0.809145 82.5412 
0.80846 -0.00650484 0.588515 179.236 0.0131906 0.999888 -0.00706845 -4.3041 -0.588403 0.0134774 0.808456 83.195 
0.807592 -0.00275303 0.589736 179.685 0.0108281 0.99989 -0.0101604 -4.33206 -0.589643 0.0145912 0.807532 83.8342 
0.806548 0.00481038 0.591149 180.121 0.00794178 0.999789 -0.0189711 -4.36106 -0.591116 0.0199959 0.806339 84.4544 
0.805062 0.00904778 0.593121 180.552 0.00820491 0.999618 -0.0263854 -4.39267 -0.593134 0.0261084 0.804681 85.0655 
