1 2.12261e-08 -2.11895e-08 0 2.12261e-08 1 2.10703e-08 0 -2.11895e-08 2.10703e-08 1 0 
0.999933 -0.00288362 0.0112449 0.012723 0.00287037 0.999995 0.00119882 -0.00674598 -0.0112483 -0.00116642 0.999936 0.290673 
0.99983 -0.00488462 0.0177914 0.0242137 0.00486173 0.999987 0.001332 -0.0109854 -0.0177977 -0.00124523 0.999841 0.58636 
0.999779 -0.00781465 0.0195376 0.0331448 0.00781514 0.99997 5.35165e-05 -0.0149148 -0.0195375 9.92263e-05 0.999809 0.888347 
0.999814 -0.009239 0.0169494 0.0413151 0.00926398 0.999956 -0.00139304 -0.0174156 -0.0169358 0.00154984 0.999855 1.19865 
0.999881 -0.011907 0.00978095 0.0447719 0.0119362 0.999925 -0.00292671 -0.0175244 -0.0097454 0.00304316 0.999948 1.51974 
0.999901 -0.0138013 -0.00281695 0.0375261 0.0137876 0.999893 -0.00480891 -0.0218876 0.00288298 0.00476964 0.999985 1.85064 
0.99972 -0.013128 -0.0197108 0.0178558 0.0130279 0.999902 -0.00520278 -0.0248526 0.0197771 0.00494458 0.999792 2.19317 
0.999184 -0.00873102 -0.0394304 -0.0166772 0.00853251 0.99995 -0.00520095 -0.0310962 0.0394738 0.00486031 0.999209 2.54755 
0.998218 -0.00519452 -0.0594523 -0.0599211 0.00481013 0.999967 -0.00660761 -0.0338455 0.0594845 0.00630991 0.998209 2.9135 
0.996779 -0.00508528 -0.0800416 -0.106384 0.00452417 0.999964 -0.00719046 -0.0363664 0.0800752 0.00680522 0.996766 3.28817 
0.994815 -0.00660115 -0.101488 -0.158659 0.00595204 0.99996 -0.00669782 -0.0379939 0.101528 0.00605907 0.994814 3.67597 
0.992559 -0.00809212 -0.121497 -0.221857 0.00742903 0.999955 -0.00591004 -0.0428514 0.121539 0.00496351 0.992574 4.06959 
0.990195 -0.0071385 -0.139507 -0.298182 0.00648779 0.999966 -0.0051189 -0.0506381 0.139539 0.00416366 0.990208 4.47287 
0.987867 -0.00584543 -0.155191 -0.384788 0.00520175 0.999976 -0.00455372 -0.055 0.155214 0.00369125 0.987874 4.88843 
0.985637 -0.00523442 -0.168795 -0.475868 0.00449187 0.999979 -0.00478093 -0.0620968 0.168817 0.0039541 0.98564 5.3141 
0.983446 -0.0067859 -0.181072 -0.569485 0.00584562 0.999967 -0.00572617 -0.0679302 0.181105 0.00457295 0.983453 5.75281 
0.981586 -0.0103414 -0.190741 -0.66503 0.00897507 0.999928 -0.00802591 -0.0753646 0.19081 0.00616625 0.981608 6.19948 
0.980006 -0.00969325 -0.198732 -0.771846 0.00787328 0.99992 -0.0099463 -0.080921 0.198812 0.00818281 0.980003 6.66461 
0.978463 -0.00926222 -0.206214 -0.886785 0.00699648 0.999907 -0.011714 -0.087941 0.206303 0.010019 0.978437 7.14085 
0.976662 -0.01014 -0.214543 -1.00432 0.00718233 0.999868 -0.014561 -0.0967683 0.214663 0.0126803 0.976606 7.63008 
0.974872 -0.0140095 -0.222324 -1.12857 0.0106291 0.999809 -0.0163944 -0.106045 0.222511 0.0136194 0.974835 8.12841 
0.972923 -0.0203632 -0.230231 -1.25175 0.0167453 0.999704 -0.0176577 -0.118144 0.230522 0.0133243 0.972976 8.64411 
0.970819 -0.0210649 -0.238889 -1.39499 0.0167126 0.999656 -0.0202301 -0.131797 0.239232 0.0156474 0.970836 9.16718 
0.968714 -0.0170329 -0.247594 -1.55227 0.0112913 0.999634 -0.0245914 -0.146419 0.247922 0.0210264 0.968552 9.69341 
0.966506 -0.0140246 -0.256261 -1.72037 0.00718107 0.999593 -0.0276217 -0.164821 0.256544 0.0248564 0.966213 10.235 
0.964159 -0.0166924 -0.264799 -1.88348 0.00922752 0.999525 -0.02941 -0.183992 0.265164 0.0259125 0.963855 10.7942 
0.961747 -0.019544 -0.273241 -2.05428 0.0112713 0.99943 -0.0318134 -0.204009 0.273707 0.0275167 0.96142 11.3586 
0.95945 -0.0192719 -0.281218 -2.2407 0.0100031 0.99936 -0.0343581 -0.227919 0.2817 0.0301519 0.959029 11.9359 
0.957123 -0.0184503 -0.289094 -2.44026 0.00779611 0.999249 -0.0379621 -0.254373 0.289578 0.0340807 0.956548 12.519 
0.954823 -0.0194758 -0.296536 -2.64299 0.00692764 0.999038 -0.0433083 -0.282885 0.297094 0.0392975 0.954039 13.1153 
0.95303 -0.0208411 -0.302159 -2.85226 0.00570234 0.998688 -0.0508982 -0.317517 0.302823 0.0467845 0.951898 13.7222 
0.951694 -0.0216034 -0.306287 -3.0686 0.00371594 0.998259 -0.0588643 -0.35738 0.307025 0.0548827 0.950118 14.335 
0.950419 -0.0217093 -0.310214 -3.29112 0.000715482 0.99771 -0.0676294 -0.39983 0.310972 0.0640543 0.948258 14.9595 
0.949089 -0.0211006 -0.314302 -3.52498 -0.00317869 0.997062 -0.0765361 -0.450563 0.314993 0.0736387 0.946233 15.5984 
0.947703 -0.0206907 -0.318483 -3.76136 -0.00627391 0.996496 -0.0834081 -0.507414 0.319093 0.0810442 0.944252 16.2424 
0.946105 -0.0191147 -0.323296 -4.0087 -0.0105904 0.995897 -0.089874 -0.572156 0.323687 0.0884542 0.94202 16.8916 
0.944473 -0.0180589 -0.328094 -4.26324 -0.0142024 0.995312 -0.0956679 -0.640491 0.328283 0.0950155 0.939788 17.5624 
0.94283 -0.0158989 -0.332896 -4.52688 -0.0189804 0.994679 -0.101262 -0.711242 0.332734 0.101791 0.937511 18.2353 
0.941076 -0.0132418 -0.337937 -4.80055 -0.0235516 0.994241 -0.104544 -0.785143 0.337375 0.106343 0.935344 18.9263 
0.939306 -0.012174 -0.342865 -5.0797 -0.0257431 0.994052 -0.105821 -0.866963 0.342113 0.108225 0.933406 19.6222 
0.937087 -0.0117796 -0.348899 -5.36509 -0.0265313 0.994137 -0.104823 -0.952866 0.348088 0.107485 0.93128 20.3331 
0.934788 -0.0113067 -0.355027 -5.659 -0.0272147 0.994276 -0.103322 -1.03742 0.354163 0.106246 0.929129 21.0517 
0.932199 -0.011408 -0.361768 -5.95739 -0.0272114 0.994466 -0.101478 -1.12218 0.360923 0.104442 0.926729 21.7688 
0.928968 -0.0105541 -0.37001 -6.26938 -0.0279292 0.994746 -0.0984946 -1.20476 0.369105 0.101832 0.923792 22.5011 
0.92564 -0.00846525 -0.378311 -6.59357 -0.0288936 0.99525 -0.0929661 -1.28471 0.377301 0.0969839 0.920998 23.2385 
0.922069 -0.00502581 -0.386993 -6.93186 -0.0314182 0.995644 -0.087789 -1.36608 0.385748 0.0931062 0.917894 23.9862 
0.918502 -0.00140675 -0.395414 -7.29817 -0.0345931 0.995874 -0.083899 -1.44137 0.3939 0.09074 0.914663 24.7511 
0.914699 -0.000541363 -0.404135 -7.6561 -0.0357577 0.995969 -0.0822665 -1.51463 0.402551 0.0897001 0.910992 25.505 
0.910668 -0.000612999 -0.41314 -8.02404 -0.0364602 0.995978 -0.0818458 -1.58662 0.411528 0.0895975 0.906982 26.2655 
0.906792 -0.000796625 -0.421577 -8.40189 -0.0365504 0.996084 -0.0805006 -1.65944 0.41999 0.0884062 0.903212 27.0285 
0.902808 3.45702e-05 -0.430044 -8.79229 -0.0376141 0.996174 -0.0788847 -1.73118 0.428396 0.0873935 0.899355 27.8007 
0.898893 -0.00116584 -0.438167 -9.19077 -0.0360605 0.996407 -0.0766288 -1.80364 0.436682 0.0846816 0.895622 28.5812 
0.895044 -0.000520121 -0.445977 -9.60599 -0.0356295 0.99672 -0.0726683 -1.87317 0.444552 0.0809313 0.892089 29.3664 
0.891288 0.00179903 -0.453433 -10.0317 -0.0361422 0.997092 -0.0670867 -1.9402 0.451994 0.0761818 0.888762 30.1599 
0.887473 0.00186428 -0.460856 -10.4674 -0.0347691 0.997413 -0.0629202 -2.0089 0.459547 0.0718636 0.885242 30.9556 
0.883582 0.000777778 -0.468277 -10.9098 -0.0332918 0.997573 -0.0611607 -2.07305 0.467093 0.0696303 0.881463 31.7628 
0.880316 -0.000126773 -0.474389 -11.3713 -0.0322454 0.997671 -0.060104 -2.13335 0.473291 0.0682074 0.878261 32.5788 
0.877139 -3.4134e-05 -0.480236 -11.8438 -0.0319422 0.997781 -0.0584125 -2.19023 0.479173 0.0665758 0.875192 33.4013 
0.874053 -0.00173555 -0.485828 -12.3246 -0.0298565 0.997912 -0.0572798 -2.25099 0.484913 0.0645708 0.872176 34.2364 
0.87132 -0.00296333 -0.490707 -12.8159 -0.0288786 0.997939 -0.0573046 -2.31287 0.489865 0.0641017 0.869438 35.0764 
0.869293 -0.00368879 -0.494283 -13.3199 -0.0287028 0.997908 -0.0579269 -2.3736 0.493462 0.0645429 0.867369 35.9166 
0.867925 -0.00314019 -0.496686 -13.8324 -0.0298205 0.997847 -0.0584181 -2.43541 0.495799 0.065514 0.865962 36.7682 
0.867385 -0.00332816 -0.497627 -14.3507 -0.0291969 0.997915 -0.0575656 -2.49899 0.496781 0.0644608 0.865479 37.6298 
0.867125 -0.00308552 -0.498082 -14.8808 -0.0286406 0.998017 -0.0560438 -2.56181 0.497267 0.0628623 0.865317 38.5145 
0.866781 -0.00453341 -0.498669 -15.4172 -0.0267473 0.998097 -0.0555656 -2.62628 0.497972 0.0615012 0.86501 39.4084 
0.866151 -0.00655639 -0.499739 -15.9599 -0.0250074 0.998093 -0.0564376 -2.69051 0.499156 0.0613807 0.864335 40.3089 
0.86488 -0.00891354 -0.501899 -16.5019 -0.0226635 0.998129 -0.0567805 -2.7564 0.501467 0.0604832 0.86306 41.2162 
0.863174 -0.0094615 -0.504818 -17.0581 -0.0211214 0.998273 -0.0548249 -2.8225 0.504465 0.0579859 0.861483 42.1389 
0.861034 -0.00914356 -0.508465 -17.6215 -0.0195118 0.998508 -0.0509971 -2.89025 0.508173 0.0538314 0.859571 43.0602 
0.858096 -0.00956009 -0.5134 -18.1881 -0.0169706 0.998753 -0.0469625 -2.95466 0.513209 0.0490111 0.856863 43.9719 
0.853997 -0.00985713 -0.520185 -18.7597 -0.0159655 0.998853 -0.0451385 -3.01927 0.520033 0.0468532 0.85286 44.8738 
0.848638 -0.0134129 -0.528804 -19.3381 -0.0137508 0.998781 -0.0474013 -3.08346 0.528796 0.0474981 0.847419 45.7707 
0.842485 -0.0171794 -0.538446 -19.9258 -0.0120787 0.998638 -0.0507611 -3.14546 0.538585 0.0492692 0.84113 46.6611 
0.836223 -0.0175707 -0.548108 -20.5333 -0.0118074 0.998678 -0.0500286 -3.21123 0.548263 0.0483069 0.83491 47.5442 
0.830403 -0.0141381 -0.556984 -21.1485 -0.0131583 0.998902 -0.044973 -3.27468 0.557008 0.0446747 0.829304 48.4206 
0.825205 -0.00971857 -0.56475 -21.7795 -0.0160652 0.999044 -0.0406664 -3.33464 0.564605 0.042631 0.824259 49.2992 
0.821092 -0.00983931 -0.570711 -22.416 -0.0173256 0.998961 -0.0421492 -3.39258 0.570533 0.0444963 0.820068 50.1751 
0.817662 -0.0121927 -0.575569 -23.0538 -0.0178442 0.998759 -0.0465072 -3.44968 0.575422 0.0482979 0.81643 51.0452 
0.814533 -0.0144568 -0.579938 -23.6957 -0.0204798 0.99835 -0.0536512 -3.51245 0.579756 0.0555777 0.812892 51.9037 
0.811334 -0.0157218 -0.584372 -24.3356 -0.0205414 0.998254 -0.0553762 -3.57607 0.584223 0.0569325 0.809594 52.76 
0.807849 -0.0143095 -0.589216 -24.991 -0.0198255 0.99848 -0.0514307 -3.64472 0.589056 0.0532297 0.806337 53.6235 
0.804563 -0.011615 -0.593754 -25.6482 -0.0197782 0.99873 -0.0463376 -3.70992 0.593538 0.049025 0.803311 54.4837 
0.801479 -0.00989229 -0.597941 -26.3082 -0.019951 0.998864 -0.0432674 -3.77204 0.59769 0.0466075 0.800371 55.3313 
0.798312 -0.00958981 -0.602168 -26.9755 -0.0210167 0.998821 -0.0437692 -3.83106 0.601877 0.0475971 0.797169 56.1754 
0.794741 -0.0109847 -0.60685 -27.6448 -0.0210352 0.998737 -0.0456265 -3.89089 0.606585 0.0490265 0.793506 57.0193 
0.790582 -0.0137636 -0.612202 -28.3201 -0.0200593 0.998629 -0.0483555 -3.95061 0.612028 0.0505094 0.789222 57.8623 
0.786286 -0.01479 -0.617686 -29.0055 -0.0194974 0.998622 -0.0487305 -4.0135 0.617555 0.0503595 0.784914 58.7 
0.781777 -0.0150376 -0.623377 -29.7075 -0.0189194 0.998677 -0.0478178 -4.07768 0.623271 0.0491768 0.780458 59.5422 
0.776824 -0.0147298 -0.629545 -30.4087 -0.0191871 0.998709 -0.0470432 -4.1438 0.629425 0.0486235 0.775538 60.3711 
0.771452 -0.0159921 -0.636086 -31.1182 -0.0189884 0.99866 -0.0481372 -4.20721 0.636004 0.0492138 0.770115 61.1976 
0.76595 -0.0174229 -0.642665 -31.8362 -0.0184385 0.998626 -0.0490487 -4.27234 0.642636 0.0494187 0.764576 62.0231 
0.760323 -0.0191196 -0.649264 -32.5653 -0.0175426 0.998598 -0.0499502 -4.33629 0.649309 0.0493681 0.758921 62.8424 
0.754577 -0.020699 -0.655885 -33.3084 -0.0170772 0.998545 -0.0511598 -4.40035 0.655989 0.0498047 0.753125 63.6659 
0.748309 -0.0226688 -0.662963 -34.0542 -0.0159857 0.998509 -0.0521859 -4.46806 0.663158 0.0496492 0.746831 64.4865 
0.742111 -0.0241951 -0.66984 -34.8112 -0.0146398 0.998525 -0.0522867 -4.53458 0.670117 0.0486089 0.740662 65.2953 
0.735605 -0.0241917 -0.676978 -35.5715 -0.0137167 0.998625 -0.0505903 -4.60413 0.677271 0.0465005 0.734262 66.0989 
0.729203 -0.0246855 -0.683853 -36.3567 -0.0131537 0.998659 -0.0500753 -4.67123 0.684171 0.0455103 0.7279 66.9024 
0.722633 -0.0268299 -0.690711 -37.1584 -0.0115458 0.998639 -0.0508705 -4.74016 0.691135 0.0447355 0.72134 67.7075 
0.716239 -0.0283249 -0.69728 -37.9564 -0.0119132 0.998534 -0.0527996 -4.80975 0.697753 0.046124 0.714852 68.4954 
0.710082 -0.0279676 -0.703563 -38.7662 -0.0126244 0.998545 -0.0524349 -4.87968 0.704006 0.0461152 0.708696 69.2775 
0.704613 -0.0274483 -0.709061 -39.5836 -0.0129211 0.99859 -0.0514962 -4.95256 0.709474 0.0454468 0.703264 70.0621 
0.69958 -0.0270285 -0.714043 -40.4192 -0.0140363 0.998572 -0.0515508 -5.02217 0.714417 0.0460865 0.698201 70.8444 
0.694882 -0.0277977 -0.718586 -41.2537 -0.0144635 0.99851 -0.0526127 -5.09214 0.718978 0.0469529 0.693445 71.6151 
0.689527 -0.0297304 -0.723649 -42.1021 -0.0151046 0.99835 -0.0554086 -5.16214 0.724102 0.0491362 0.68794 72.3959 
0.684487 -0.0324612 -0.728302 -42.9676 -0.0146433 0.998194 -0.058253 -5.23519 0.728878 0.0505382 0.682775 73.1765 
0.679386 -0.0329048 -0.733043 -43.8436 -0.0151711 0.998151 -0.0588656 -5.31331 0.733625 0.0511136 0.67763 73.9517 
0.674545 -0.0324916 -0.737518 -44.72 -0.0148327 0.998233 -0.0575436 -5.39078 0.738085 0.0497552 0.672871 74.719 
0.669533 -0.0327206 -0.742062 -45.6131 -0.0139716 0.998298 -0.0566251 -5.46683 0.742651 0.0482802 0.667936 75.49 
0.664279 -0.0341698 -0.746703 -46.5042 -0.0127734 0.99829 -0.0570461 -5.54583 0.747376 0.0474325 0.662706 76.2557 
0.659571 -0.0355091 -0.750803 -47.4096 -0.0115848 0.998285 -0.0573908 -5.62022 0.751553 0.0465512 0.658028 77.0194 
0.65508 -0.0363629 -0.754684 -48.3229 -0.0106413 0.998298 -0.0573378 -5.69617 0.755485 0.0455917 0.653578 77.7835 
0.651006 -0.0374005 -0.758151 -49.2378 -0.00924406 0.998321 -0.0571861 -5.77676 0.759016 0.0442369 0.649567 78.5368 
0.647092 -0.0403142 -0.761345 -50.1618 -0.00639047 0.998279 -0.0582916 -5.86017 0.762385 0.0425854 0.645721 79.2925 
0.642883 -0.0449628 -0.764644 -51.0911 -0.00325119 0.998106 -0.0614245 -5.94235 0.765958 0.0419748 0.641519 80.0477 
0.638203 -0.0489236 -0.768312 -52.0203 0.000777199 0.998019 -0.062905 -6.02634 0.769868 0.0395491 0.636977 80.7941 
0.631489 -0.0525317 -0.773604 -52.9622 0.00570893 0.99799 -0.0631086 -6.11206 0.775364 0.035436 0.630519 81.5418 
0.623109 -0.0562046 -0.780113 -53.9157 0.0102839 0.997917 -0.0636825 -6.19971 0.782068 0.0316586 0.622389 82.285 
0.614035 -0.0572851 -0.787197 -54.8886 0.0130001 0.997961 -0.0624822 -6.2847 0.789172 0.0281327 0.613528 83.025 
0.605256 -0.0558956 -0.794066 -55.8831 0.0133926 0.998106 -0.0600502 -6.37183 0.795918 0.0257112 0.604858 83.7552 
0.596194 -0.0555993 -0.800913 -56.882 0.012663 0.998126 -0.0598636 -6.45917 0.80274 0.0255484 0.595781 84.4717 
0.586516 -0.057048 -0.807926 -57.8891 0.0117228 0.99801 -0.0619597 -6.54156 0.809853 0.0268693 0.586018 85.1777 
0.576589 -0.0592757 -0.814881 -58.9086 0.0120928 0.997875 -0.0640304 -6.63025 0.816945 0.0270651 0.576081 85.8665 
0.566539 -0.0610602 -0.82177 -59.9493 0.0126754 0.997779 -0.0653997 -6.72115 0.823938 0.0266352 0.566054 86.5646 
0.556459 -0.0617317 -0.828579 -61.0052 0.0152544 0.997827 -0.0640967 -6.8126 0.830735 0.0230278 0.556191 87.2522 
0.546095 -0.0618137 -0.835439 -62.068 0.0163667 0.997871 -0.0631336 -6.90521 0.837563 0.0208036 0.545944 87.9259 
0.535636 -0.0625592 -0.842129 -63.1327 0.0167312 0.997843 -0.0634848 -6.99848 0.844283 0.019915 0.535527 88.5819 
0.525343 -0.0636996 -0.848503 -64.2031 0.0158398 0.997753 -0.0650972 -7.08688 0.850743 0.0207583 0.525172 89.2216 
0.515133 -0.0642627 -0.854698 -65.2907 0.0144275 0.997694 -0.0663188 -7.18193 0.856989 0.0218319 0.514872 89.8515 
0.505153 -0.0654875 -0.860542 -66.3832 0.0134582 0.997593 -0.068017 -7.2775 0.862925 0.0227777 0.504818 90.4698 
0.495602 -0.0652833 -0.866093 -67.486 0.0122291 0.997597 -0.0681979 -7.37584 0.868464 0.0232076 0.495209 91.0715 
0.486874 -0.0632427 -0.87118 -68.6028 0.0114566 0.997752 -0.0660284 -7.47463 0.873397 0.0221668 0.486504 91.6672 
0.478627 -0.0616993 -0.875848 -69.7275 0.0120871 0.997896 -0.0636918 -7.5728 0.877935 0.0198983 0.478366 92.2633 
0.470793 -0.0619836 -0.880064 -70.8558 0.0122097 0.997891 -0.0637507 -7.67031 0.882159 0.0192681 0.470557 92.8432 
0.463054 -0.0651632 -0.883932 -71.9926 0.0139692 0.997706 -0.0662328 -7.7645 0.88622 0.0183216 0.462902 93.4195 
0.455925 -0.0686431 -0.887367 -73.1348 0.016793 0.997507 -0.0685349 -7.8651 0.88986 0.0163452 0.455941 93.9901 
0.449646 -0.0714812 -0.890342 -74.2866 0.0177309 0.997311 -0.0711146 -7.96712 0.893031 0.0161899 0.449704 94.5511 
0.443941 -0.0751705 -0.892897 -75.4448 0.0198417 0.997055 -0.0740741 -8.07281 0.895836 0.0151679 0.444125 95.1145 
0.439001 -0.0762701 -0.895244 -76.5895 0.0227435 0.997015 -0.0737878 -8.18269 0.898199 0.012032 0.439425 95.6589 
0.434529 -0.0736418 -0.897642 -77.7412 0.0243688 0.997248 -0.070017 -8.29305 0.900328 0.00855003 0.435128 96.2018 
0.430371 -0.0717783 -0.899794 -78.8936 0.0275583 0.997414 -0.0663845 -8.39807 0.902231 0.00377324 0.431236 96.7406 
0.426905 -0.0711353 -0.901494 -80.0398 0.0295205 0.997466 -0.0647288 -8.50572 0.903815 0.00102058 0.427923 97.2658 
0.423695 -0.0711285 -0.903008 -81.1892 0.0312976 0.997466 -0.0638839 -8.60534 0.905264 -0.00119462 0.424848 97.793 
0.420944 -0.070357 -0.904354 -82.3395 0.0331521 0.997515 -0.0621736 -8.70094 0.906481 -0.00380961 0.42223 98.3174 
0.418334 -0.0698356 -0.905605 -83.4792 0.0352261 0.997537 -0.0606527 -8.79588 0.90761 -0.00652775 0.419764 98.8307 
0.416072 -0.0708539 -0.906567 -84.6248 0.0378502 0.997445 -0.0605851 -8.89097 0.908544 -0.00910598 0.41769 99.3397 
0.413483 -0.0717421 -0.907681 -85.7515 0.0410364 0.997346 -0.0601355 -8.9812 0.909587 -0.0123829 0.41533 99.8446 
0.411237 -0.0713103 -0.908735 -86.8817 0.0446286 0.997315 -0.0580652 -9.06961 0.910435 -0.016677 0.413315 100.34 
0.409028 -0.0706695 -0.909781 -87.9991 0.046546 0.997315 -0.0565423 -9.1591 0.911334 -0.0192193 0.411219 100.83 
0.407002 -0.0719237 -0.910591 -89.1001 0.0489508 0.99718 -0.0568837 -9.2503 0.912115 -0.0214223 0.409375 101.312 
0.405706 -0.0733057 -0.911059 -90.1917 0.0503025 0.997059 -0.057825 -9.33826 0.912618 -0.0223685 0.4082 101.783 
0.404915 -0.0745212 -0.911312 -91.2687 0.0504387 0.996976 -0.0591153 -9.42809 0.912962 -0.0220287 0.40745 102.248 
0.405247 -0.0754477 -0.911089 -92.335 0.0497195 0.996933 -0.0604415 -9.51672 0.912854 -0.0208051 0.407756 102.705 
0.407359 -0.0754328 -0.910148 -93.3884 0.0480019 0.996974 -0.0611445 -9.6077 0.912006 -0.018781 0.409747 103.159 
0.411475 -0.0757471 -0.908268 -94.4278 0.0461084 0.996995 -0.062258 -9.69763 0.910254 -0.0162611 0.413731 103.616 
0.416485 -0.0762626 -0.905938 -95.4441 0.0449314 0.996984 -0.0632707 -9.78877 0.908031 -0.0143537 0.418656 104.062 
0.422277 -0.0765255 -0.903231 -96.4666 0.0445632 0.996978 -0.063634 -9.87678 0.905371 -0.0133796 0.424411 104.523 
0.429202 -0.0752905 -0.900065 -97.4774 0.0433435 0.997088 -0.0627379 -9.96605 0.902168 -0.0120847 0.431216 104.985 
0.437248 -0.0742793 -0.896268 -98.4775 0.0422976 0.997179 -0.0620073 -10.052 0.898346 -0.0107974 0.439157 105.451 
0.445988 -0.0740615 -0.891969 -99.4768 0.0421875 0.997202 -0.0617053 -10.1359 0.894044 -0.0101101 0.447865 105.933 
0.455299 -0.073771 -0.887277 -100.465 0.04189 0.997233 -0.0614176 -10.2216 0.889353 -0.00920458 0.45713 106.424 
0.464947 -0.0747456 -0.882178 -101.445 0.0412395 0.997177 -0.0627543 -10.3071 0.884378 -0.00720308 0.466716 106.922 
0.475273 -0.076458 -0.87651 -102.396 0.0402111 0.997064 -0.0651701 -10.3953 0.878919 -0.00427177 0.476952 107.416 
0.486595 -0.0775559 -0.870179 -103.352 0.0387069 0.996988 -0.0672135 -10.481 0.87277 -0.000976129 0.488131 107.933 
0.499169 -0.0757835 -0.863184 -104.307 0.0365269 0.997123 -0.0664197 -10.5693 0.865734 0.0016253 0.500501 108.456 
0.511971 -0.0733877 -0.855862 -105.252 0.0352203 0.997299 -0.064447 -10.6563 0.858281 0.00285128 0.513173 108.997 
0.524109 -0.0707818 -0.848705 -106.173 0.0343904 0.997486 -0.0619527 -10.7431 0.850957 0.00328266 0.525225 109.549 
0.53561 -0.0702306 -0.84154 -107.084 0.0349851 0.997526 -0.0609817 -10.832 0.843741 0.0032211 0.536741 110.116 
0.5471 -0.0708396 -0.834065 -107.978 0.0354723 0.99748 -0.0614511 -10.916 0.836316 0.00403376 0.548234 110.681 
0.557977 -0.0718313 -0.826742 -108.858 0.0356506 0.997402 -0.0625981 -10.9983 0.829091 0.00545447 0.559088 111.261 
0.568698 -0.0735719 -0.819249 -109.726 0.0381474 0.997279 -0.063079 -11.0831 0.821661 0.00462072 0.569957 111.852 
0.579201 -0.073403 -0.811873 -110.582 0.0387312 0.997291 -0.0625356 -11.1668 0.814264 0.00477594 0.580475 112.453 
0.589556 -0.0711906 -0.804584 -111.422 0.0380277 0.99745 -0.060391 -11.2472 0.806832 0.00500742 0.59076 113.054 
0.599213 -0.0683128 -0.79767 -112.251 0.0384618 0.997659 -0.0565473 -11.331 0.799665 0.00320413 0.600437 113.666 
0.60905 -0.0665805 -0.790332 -113.059 0.0373922 0.997773 -0.0552407 -11.4076 0.79225 0.00409217 0.610183 114.277 
0.619144 -0.0661985 -0.782482 -113.857 0.0358839 0.997785 -0.0560199 -11.4824 0.784457 0.00660598 0.620148 114.887 
0.628628 -0.0662237 -0.774881 -114.641 0.0344139 0.997761 -0.057353 -11.5527 0.776944 0.00938705 0.629499 115.499 
0.637587 -0.0657459 -0.767568 -115.403 0.0346132 0.99779 -0.0567139 -11.6273 0.769601 0.00959212 0.638454 116.126 
0.646575 -0.0639625 -0.760164 -116.156 0.0347553 0.997914 -0.0544056 -11.6987 0.762058 0.00875768 0.647449 116.75 
0.654902 -0.062212 -0.753149 -116.895 0.0350029 0.998033 -0.0520033 -11.7657 0.754903 0.00769468 0.655791 117.392 
0.663039 -0.061719 -0.746036 -117.617 0.0354745 0.998066 -0.0510414 -11.8336 0.747744 0.00737724 0.663947 118.019 
0.67094 -0.0611132 -0.738989 -118.329 0.0346863 0.998094 -0.0510486 -11.8998 0.7407 0.00861778 0.671781 118.646 
0.67818 -0.0601962 -0.732426 -119.024 0.0342275 0.998145 -0.0503425 -11.9628 0.734098 0.00907225 0.678983 119.278 
0.68525 -0.0576026 -0.726026 -119.715 0.0335658 0.998306 -0.0475246 -12.0228 0.727534 0.00819669 0.686023 119.92 
0.692411 -0.0549653 -0.719407 -120.394 0.0327451 0.998461 -0.0447697 -12.0831 0.72076 0.00744201 0.693145 120.567 
0.699513 -0.0536264 -0.712605 -121.065 0.0320079 0.998531 -0.0437237 -12.1409 0.713902 0.00777641 0.700202 121.215 
0.706838 -0.052827 -0.7054 -121.708 0.0313957 0.998568 -0.0433225 -12.195 0.706679 0.00847545 0.707484 121.857 
0.714449 -0.0499645 -0.697902 -122.344 0.0290084 0.998705 -0.0418036 -12.2504 0.699086 0.00962154 0.714972 122.507 
0.723455 -0.0473487 -0.688746 -122.969 0.0284882 0.998843 -0.0387428 -12.3021 0.689784 0.00840756 0.723967 123.157 
0.733129 -0.0433759 -0.678705 -123.575 0.0265473 0.999029 -0.0351717 -12.3507 0.679571 0.00776762 0.733568 123.8 
0.743332 -0.0411473 -0.667656 -124.162 0.0247951 0.999115 -0.0339696 -12.3985 0.668463 0.00869619 0.743695 124.439 
0.753487 -0.0405754 -0.656209 -124.743 0.0236181 0.99912 -0.0346594 -12.4411 0.657038 0.010617 0.753783 125.094 
0.763669 -0.0416872 -0.644261 -125.34 0.0239454 0.999055 -0.0362609 -12.4913 0.645164 0.0122643 0.763945 125.758 
0.773843 -0.0410039 -0.632049 -125.907 0.0237931 0.99908 -0.0356841 -12.5269 0.63293 0.0125756 0.774107 126.438 
0.784304 -0.0391701 -0.619139 -126.435 0.0233275 0.999161 -0.0336619 -12.5726 0.619938 0.0119582 0.784559 127.097 
0.794576 -0.0368938 -0.606043 -126.953 0.0231478 0.999267 -0.0304832 -12.6128 0.606724 0.0101927 0.794847 127.762 
0.804399 -0.035712 -0.593015 -127.462 0.023727 0.999326 -0.0279959 -12.6484 0.593615 0.00844946 0.804705 128.445 
0.813755 -0.0341998 -0.580201 -127.973 0.0242618 0.999396 -0.0248811 -12.685 0.580702 0.0061704 0.814093 129.148 
0.822067 -0.0333083 -0.568416 -128.463 0.0249271 0.999436 -0.0225149 -12.7196 0.568845 0.00433983 0.822434 129.845 
0.829499 -0.0338349 -0.557483 -128.957 0.0267869 0.999425 -0.0208002 -12.7475 0.557866 0.00232055 0.829928 130.58 
0.83624 -0.0335628 -0.547335 -129.454 0.0268821 0.999434 -0.0202142 -12.7804 0.547704 0.00219046 0.836669 131.326 
0.843236 -0.03268 -0.536549 -129.942 0.0260317 0.999462 -0.0199639 -12.8164 0.536913 0.00286702 0.843633 132.059 
0.849989 -0.0308341 -0.525897 -130.402 0.0245994 0.99952 -0.018844 -12.8461 0.526226 0.00308047 0.850339 132.789 
0.856414 -0.0298396 -0.515428 -130.844 0.0239123 0.99955 -0.0181352 -12.8761 0.515737 0.00320617 0.856741 133.511 
0.862515 -0.030276 -0.505126 -131.283 0.024574 0.999537 -0.0179492 -12.9044 0.505435 0.00306852 0.862859 134.239 
0.867804 -0.0316169 -0.495899 -131.732 0.0257161 0.999494 -0.0187224 -12.9317 0.49624 0.00349488 0.868178 134.992 
0.872293 -0.031722 -0.487954 -132.175 0.025777 0.999489 -0.0188968 -12.9622 0.488304 0.00390566 0.872665 135.756 
0.875597 -0.0306175 -0.482072 -132.583 0.0251142 0.999525 -0.0178669 -12.9927 0.48239 0.00353743 0.87595 136.518 
0.878668 -0.0286467 -0.476574 -133.011 0.0248647 0.999589 -0.0142416 -13.0188 0.476786 0.000663809 0.879019 137.298 
0.881834 -0.0246694 -0.470914 -133.448 0.0226764 0.999694 -0.00990642 -13.0397 0.471014 -0.00194277 0.882123 138.099 
0.885337 -0.021664 -0.464445 -133.901 0.0208277 0.999759 -0.0069315 -13.0625 0.464483 -0.00353656 0.885575 138.924 
0.888672 -0.0190007 -0.45815 -134.345 0.0190128 0.999809 -0.00458579 -13.082 0.458149 -0.00463537 0.888863 139.754 
0.891922 -0.0173434 -0.451857 -134.778 0.0182894 0.99983 -0.00227461 -13.0942 0.45182 -0.00623537 0.892088 140.585 
0.89516 -0.01601 -0.445457 -135.21 0.0182359 0.999834 0.000710768 -13.1029 0.445371 -0.00875949 0.895303 141.447 
0.898465 -0.0162064 -0.438746 -135.636 0.0194094 0.999808 0.00281547 -13.1095 0.438616 -0.0110453 0.898607 142.316 
0.901999 -0.0162687 -0.431431 -136.069 0.0200332 0.999791 0.00418296 -13.1225 0.431272 -0.0124159 0.902136 143.209 
0.905851 -0.0167327 -0.423265 -136.517 0.0205174 0.99978 0.00438648 -13.1258 0.423098 -0.0126577 0.905995 144.125 
0.90979 -0.019375 -0.414617 -136.937 0.0231421 0.999724 0.00406343 -13.1332 0.414424 -0.0132919 0.909987 145.035 
0.913786 -0.0210171 -0.405652 -137.36 0.0243358 0.999699 0.0030245 -13.1404 0.405466 -0.0126356 0.914023 145.976 
0.918397 -0.0221494 -0.395039 -137.765 0.0246499 0.999695 0.00125467 -13.151 0.394891 -0.0108899 0.918663 146.904 
0.923943 -0.0204219 -0.381985 -138.181 0.0223955 0.999749 0.000720737 -13.1589 0.381874 -0.00922061 0.924168 147.864 
0.930299 -0.0171036 -0.366404 -138.581 0.0191604 0.999815 0.00197708 -13.1602 0.366303 -0.00885968 0.930454 148.853 
0.937306 -0.013383 -0.348252 -138.97 0.0162751 0.999853 0.00538014 -13.1693 0.348128 -0.0107106 0.937386 149.846 
0.944302 -0.0102278 -0.328922 -139.337 0.0133791 0.999884 0.00731852 -13.176 0.328808 -0.0113115 0.944329 150.864 
0.95124 -0.00871989 -0.308328 -139.689 0.0119046 0.999893 0.00844913 -13.1807 0.308221 -0.0117076 0.951243 151.908 
0.957726 -0.00737936 -0.287588 -140.014 0.0108237 0.999888 0.0103883 -13.1792 0.287479 -0.0130618 0.957698 152.949 
0.963842 -0.00672194 -0.26639 -140.321 0.0106785 0.999853 0.0134067 -13.178 0.266261 -0.0157666 0.963772 154.007 
0.969557 -0.00421224 -0.244831 -140.615 0.00876696 0.999808 0.0175165 -13.1801 0.244711 -0.0191297 0.969407 155.094 
0.974828 -0.00205525 -0.222947 -140.891 0.00715582 0.999731 0.0220723 -13.1702 0.222842 -0.023112 0.974581 156.215 
0.979667 -0.000289767 -0.200632 -141.189 0.0055189 0.99966 0.0255043 -13.1468 0.200556 -0.0260929 0.979335 157.396 
0.983864 0.00103628 -0.178918 -141.414 0.00363082 0.999662 0.0257556 -13.1321 0.178884 -0.0259896 0.983527 158.539 
0.987576 0.000222699 -0.157141 -141.628 0.0035974 0.999705 0.0240249 -13.1094 0.1571 -0.0242917 0.987284 159.715 
0.990704 0.000187408 -0.136034 -141.865 0.00301383 0.999723 0.0233261 -13.0771 0.136 -0.0235192 0.99043 160.964 
0.993249 -0.00100152 -0.115999 -142.029 0.00400577 0.999663 0.0256683 -13.0634 0.115934 -0.0259596 0.992918 162.178 
0.99534 -0.000379053 -0.0964305 -142.155 0.00306226 0.999612 0.0276784 -13.0442 0.0963826 -0.0278447 0.994955 163.419 
0.997079 0.000112359 -0.0763826 -142.257 0.00210955 0.999577 0.0290073 -13.0248 0.0763535 -0.0290837 0.996657 164.635 
0.998405 0.00163056 -0.0564318 -142.34 6.37617e-05 0.99955 0.0300087 -13.0024 0.0564552 -0.0299644 0.997955 165.875 
0.999345 0.00216442 -0.0361292 -142.4 -0.0010417 0.999517 0.031064 -12.984 0.0361789 -0.031006 0.998864 167.185 
0.999867 0.00444284 -0.01572 -142.438 -0.00395335 0.999511 0.0310309 -12.9687 0.0158501 -0.0309645 0.999395 168.557 
0.999976 0.00561575 0.00406475 -142.463 -0.0057365 0.999523 0.0303428 -12.9452 -0.00389246 -0.0303653 0.999531 169.85 
0.999706 0.00555192 0.0236249 -142.447 -0.00622277 0.999577 0.0284195 -12.9264 -0.0234571 -0.0285581 0.999317 171.21 
0.999087 0.00755326 0.0420544 -142.362 -0.00866179 0.999618 0.026241 -12.9074 -0.0418402 -0.0265813 0.998771 172.594 
0.998085 0.00769378 0.061374 -142.316 -0.00922713 0.999651 0.0247403 -12.8868 -0.0611623 -0.0252591 0.997808 174.013 
0.99675 0.00778305 0.080175 -142.225 -0.00957942 0.999711 0.0220459 -12.8757 -0.0799803 -0.0227423 0.996537 175.396 
0.9951 0.00869371 0.0984936 -142.08 -0.0104326 0.999798 0.0171539 -12.8778 -0.0983246 -0.0180974 0.99499 176.809 
0.993158 0.0101155 0.116339 -141.934 -0.011445 0.999877 0.0107656 -12.8744 -0.116216 -0.0120234 0.993151 178.195 
0.990924 0.0120801 0.133882 -141.776 -0.0129927 0.999898 0.00594502 -12.872 -0.133796 -0.00763051 0.99098 179.609 
0.988395 0.0140046 0.151258 -141.582 -0.0144655 0.999894 0.00194741 -12.874 -0.151214 -0.00411279 0.988492 181.006 
0.985394 0.0161622 0.169523 -141.398 -0.0163335 0.999867 -0.000384144 -12.9042 -0.169507 -0.00239033 0.985526 182.483 
0.982277 0.0154105 0.186802 -141.162 -0.0157273 0.999876 0.000214337 -12.9231 -0.186775 -0.00314839 0.982398 183.863 
0.978978 0.014508 0.20345 -140.811 -0.014772 0.999891 -0.000220487 -12.9439 -0.203431 -0.00278948 0.979085 185.391 
0.975428 0.0141892 0.219861 -140.463 -0.0134036 0.999897 -0.00506433 -12.9692 -0.219911 0.00199299 0.975518 186.84 
0.971551 0.0152756 0.236339 -140.153 -0.0134882 0.999867 -0.0091779 -12.993 -0.236448 0.00572906 0.971627 188.254 
0.967387 0.0176887 0.252687 -139.732 -0.0159319 0.999833 -0.0089969 -13.0274 -0.252804 0.00467775 0.967506 189.811 
0.962745 0.019766 0.269687 -139.302 -0.0179257 0.999796 -0.00928515 -13.0651 -0.269815 0.00410495 0.962903 191.319 
0.957648 0.0233436 0.286995 -138.853 -0.0207487 0.999712 -0.01208 -13.1039 -0.287194 0.00561362 0.957856 192.837 
0.952252 0.0240127 0.304368 -138.354 -0.0201201 0.999671 -0.0159194 -13.1437 -0.30465 0.00903538 0.952422 194.426 
0.946579 0.0249801 0.321504 -137.864 -0.0202325 0.999631 -0.0180998 -13.1874 -0.321837 0.0106281 0.946735 195.897 
0.940384 0.0251195 0.339187 -137.348 -0.0185232 0.999571 -0.0226712 -13.2781 -0.339611 0.0150369 0.940446 197.443 
0.933014 0.0285066 0.35871 -136.853 -0.0195704 0.999402 -0.028519 -13.3201 -0.359308 0.0195885 0.933013 198.971 
0.924638 0.0316266 0.379532 -136.171 -0.0212238 0.999276 -0.0315635 -13.4175 -0.380256 0.0211297 0.92464 200.532 
0.914236 0.03493 0.403673 -135.533 -0.023802 0.999187 -0.0325532 -13.496 -0.404482 0.0201532 0.914324 202.094 
0.902478 0.0396876 0.428904 -134.822 -0.0274629 0.999022 -0.034656 -13.6077 -0.42986 0.0194974 0.902685 203.659 
0.889826 0.0435026 0.454222 -134.108 -0.0296511 0.998854 -0.0375772 -13.7123 -0.455336 0.019969 0.890096 205.181 
0.876284 0.0475217 0.479446 -133.326 -0.0321295 0.998672 -0.0402632 -13.8344 -0.480723 0.0198777 0.876647 206.76 
0.862802 0.0487658 0.503185 -132.465 -0.0319765 0.998608 -0.0419499 -13.9582 -0.50453 0.0201044 0.86316 208.236 
0.848167 0.0506166 0.527306 -131.683 -0.0320836 0.998506 -0.0442413 -14.0419 -0.528757 0.0206062 0.848523 209.647 
0.832675 0.0526123 0.551257 -130.849 -0.0305395 0.998324 -0.0491506 -14.1268 -0.55292 0.0240913 0.832886 211.131 
0.817451 0.0547917 0.573386 -129.969 -0.0288681 0.998112 -0.0542217 -14.2283 -0.575274 0.0277711 0.817489 212.486 
0.802139 0.056927 0.594417 -129.05 -0.0282992 0.997951 -0.0573846 -14.3382 -0.596466 0.0292089 0.802107 213.838 
0.787271 0.0582776 0.613848 -128.064 -0.0268723 0.997821 -0.060267 -14.4692 -0.616022 0.030951 0.787121 215.13 
0.772392 0.0585559 0.632441 -127.104 -0.0251692 0.997781 -0.0616428 -14.5879 -0.634647 0.0316944 0.772152 216.389 
0.758089 0.059348 0.649445 -126.074 -0.0239359 0.997712 -0.0632335 -14.7087 -0.651711 0.0323916 0.757775 217.648 
0.744072 0.0594847 0.665446 -125.017 -0.0212386 0.997631 -0.0654309 -14.844 -0.667762 0.0345522 0.743572 218.871 
0.730185 0.0608482 0.680534 -123.968 -0.0189972 0.99745 -0.068801 -14.9624 -0.682985 0.0373093 0.729479 220.049 
0.71634 0.0624652 0.69495 -122.89 -0.0161917 0.997205 -0.0729432 -15.0894 -0.697564 0.0409997 0.715349 221.195 
0.702339 0.0638815 0.70897 -121.755 -0.0149387 0.997069 -0.0750415 -15.2486 -0.711686 0.0421135 0.701235 222.347 
0.68792 0.0648383 0.722885 -120.596 -0.0145529 0.997034 -0.0755787 -15.3997 -0.725641 0.041472 0.686823 223.476 
0.672575 0.066098 0.737071 -119.451 -0.015312 0.997033 -0.0754383 -15.5361 -0.73987 0.0394519 0.671592 224.554 
0.656452 0.0673343 0.751357 -118.267 -0.0178545 0.997116 -0.0737592 -15.683 -0.754156 0.0350043 0.655761 225.623 
0.639685 0.0680717 0.765617 -117.073 -0.0200533 0.99721 -0.0719079 -15.8277 -0.768375 0.0306453 0.639266 226.677 
0.622694 0.0702402 0.779306 -115.867 -0.0233747 0.997188 -0.0712009 -15.9683 -0.782116 0.0261203 0.622585 227.698 
0.60572 0.0734276 0.792282 -114.681 -0.0245755 0.996984 -0.0736103 -16.1068 -0.795298 0.0251165 0.605698 228.655 
0.588677 0.077042 0.804689 -113.467 -0.0270735 0.996769 -0.075626 -16.2509 -0.807915 0.0227336 0.588861 229.592 
0.570212 0.0771986 0.817862 -112.241 -0.0273881 0.996808 -0.0749944 -16.393 -0.821041 0.020363 0.570506 230.499 
0.550583 0.076283 0.831288 -110.992 -0.0282865 0.996949 -0.07275 -16.5302 -0.834301 0.0165407 0.551061 231.371 
0.530384 0.0745516 0.844473 -109.717 -0.0286319 0.997133 -0.0700459 -16.6669 -0.847274 0.0129723 0.530997 232.215 
0.509804 0.0732513 0.857166 -108.47 -0.0294539 0.99727 -0.0677064 -16.802 -0.859786 0.00927009 0.51057 233.004 
0.489494 0.0722118 0.869012 -107.208 -0.0289608 0.997362 -0.0665642 -16.9341 -0.871526 0.00741549 0.490294 233.752 
0.468926 0.0719867 0.880299 -105.921 -0.0287485 0.997389 -0.0662476 -17.06 -0.882769 0.00575802 0.469772 234.487 
0.4491 0.0710078 0.890655 -104.676 -0.0263396 0.997456 -0.0662411 -17.181 -0.893093 0.00628943 0.449828 235.143 
0.428936 0.0712821 0.900518 -103.394 -0.0243099 0.997432 -0.0673741 -17.3074 -0.903008 0.00700763 0.429567 235.788 
0.409431 0.0703807 0.909623 -102.109 -0.02044 0.997477 -0.067978 -17.426 -0.912112 0.00923959 0.409837 236.375 
0.389173 0.0684302 0.91862 -100.82 -0.0188405 0.99762 -0.0663333 -17.5506 -0.920972 0.00850785 0.389536 236.952 
0.369216 0.0682362 0.926835 -99.5044 -0.0183726 0.997642 -0.0661302 -17.6792 -0.929162 0.00738795 0.369599 237.516 
0.349459 0.0729824 0.934105 -98.2071 -0.0192617 0.997311 -0.0707147 -17.8081 -0.936754 0.0067194 0.349925 238.049 
0.330363 0.0823032 0.940259 -96.8742 -0.0205682 0.996582 -0.0800065 -17.9371 -0.94363 0.00709176 0.330927 238.566 
0.311098 0.0902002 0.946088 -95.5863 -0.0232692 0.99591 -0.0872987 -18.0736 -0.950093 0.00514375 0.311925 239.035 
0.291751 0.0944617 0.951818 -94.2975 -0.0260141 0.995527 -0.0908256 -18.2127 -0.95614 0.00173781 0.292903 239.475 
0.272399 0.0958797 0.957395 -93.0168 -0.0290223 0.995389 -0.0914271 -18.3602 -0.961747 -0.00288116 0.273926 239.88 
0.252636 0.0963669 0.962751 -91.7257 -0.0329147 0.995308 -0.0909886 -18.5015 -0.967001 -0.00870169 0.254622 240.268 
0.23356 0.0967063 0.967521 -90.4731 -0.034691 0.995237 -0.0911021 -18.6433 -0.971723 -0.0122864 0.235803 240.613 
0.214526 0.0952298 0.972065 -89.2146 -0.0349543 0.995347 -0.0897964 -18.7816 -0.976093 -0.0147141 0.216857 240.935 
0.196026 0.0953903 0.975948 -87.9758 -0.0350754 0.995303 -0.0902368 -18.914 -0.979971 -0.0165431 0.198451 241.221 
0.177844 0.0961131 0.979354 -86.7403 -0.034375 0.995218 -0.0914277 -19.048 -0.983458 -0.0174054 0.180298 241.476 
0.158896 0.0998692 0.982231 -85.4999 -0.0383033 0.994745 -0.0949452 -19.1807 -0.986552 -0.0225363 0.161886 241.724 
0.140295 0.101697 0.984873 -84.2454 -0.0386394 0.994516 -0.0971882 -19.3219 -0.989356 -0.02442 0.143455 241.952 
0.123426 0.0987556 0.987428 -82.9942 -0.0390104 0.99475 -0.0946117 -19.4677 -0.991587 -0.0268425 0.12663 242.14 
0.10788 0.0943366 0.989678 -81.7592 -0.0366498 0.995188 -0.0908668 -19.603 -0.993488 -0.0264689 0.110818 242.306 
0.093728 0.0902871 0.991496 -80.5601 -0.0366721 0.995517 -0.0871865 -19.7312 -0.994922 -0.0281884 0.0966188 242.445 
0.0809928 0.0868313 0.992925 -79.3653 -0.03466 0.995841 -0.0842591 -19.8593 -0.996112 -0.0275904 0.0836655 242.569 
0.0703376 0.0870222 0.99372 -78.1988 -0.0344394 0.995805 -0.084767 -19.9818 -0.996929 -0.0282609 0.0730395 242.683 
0.0615485 0.0893986 0.994092 -77.0327 -0.0346845 0.995571 -0.087384 -20.1057 -0.997501 -0.0291013 0.0643766 242.789 
0.0545014 0.0911478 0.994345 -75.8896 -0.0359613 0.995358 -0.0892696 -20.2263 -0.997866 -0.0308926 0.0575262 242.886 
0.0485273 0.0952331 0.994272 -74.7659 -0.0366942 0.994942 -0.0935064 -20.3541 -0.998148 -0.0319463 0.0517764 242.967 
0.0429474 0.103861 0.993664 -73.6538 -0.0361953 0.994091 -0.102341 -20.4837 -0.998422 -0.0315707 0.0464529 243.043 
0.0378275 0.106581 0.993584 -72.5538 -0.0383378 0.993719 -0.105136 -20.6086 -0.998549 -0.0341148 0.041676 243.119 
0.0340846 0.0981561 0.994587 -71.4485 -0.0372015 0.9946 -0.0968825 -20.7359 -0.998726 -0.033698 0.0375521 243.181 
0.0315146 0.0884848 0.995579 -70.3458 -0.0361468 0.995523 -0.0873356 -20.8545 -0.99885 -0.0332347 0.0345719 243.242 
0.0301814 0.0849206 0.995931 -69.2585 -0.0355044 0.995847 -0.0838374 -20.9643 -0.998914 -0.0328296 0.0330711 243.297 
0.0298822 0.0869644 0.995763 -68.1843 -0.0365507 0.995637 -0.0858565 -21.0736 -0.998885 -0.0338302 0.0329305 243.358 
0.0301739 0.0900052 0.995484 -67.1271 -0.0361725 0.995384 -0.0888996 -21.1834 -0.99889 -0.0333267 0.0332903 243.415 
0.0316554 0.0925628 0.995204 -66.0728 -0.0385381 0.995075 -0.091325 -21.2936 -0.998756 -0.0354623 0.0350667 243.479 
0.0334228 0.0935122 0.995057 -65.0274 -0.0408046 0.994911 -0.0921278 -21.4027 -0.998608 -0.0375237 0.0370684 243.543 
0.0363388 0.0951406 0.9948 -63.9979 -0.0417682 0.994733 -0.0936084 -21.5112 -0.998466 -0.0381494 0.0401212 243.608 
0.0399402 0.0961431 0.994566 -62.9816 -0.0440068 0.994564 -0.0943756 -21.6227 -0.998233 -0.0399983 0.043954 243.677 
0.0442465 0.0972872 0.994272 -61.9632 -0.0452433 0.994421 -0.0952883 -21.7322 -0.997996 -0.0407679 0.0484013 243.756 
0.0504613 0.0963481 0.994068 -60.9542 -0.0459749 0.994505 -0.0940566 -21.8412 -0.997667 -0.040956 0.0546136 243.833 
0.057088 0.0948166 0.993857 -59.946 -0.0447542 0.994722 -0.0923285 -21.9527 -0.997366 -0.0392084 0.0610302 243.911 
0.0643772 0.0940592 0.993483 -58.9493 -0.0428229 0.994892 -0.0914176 -22.059 -0.997006 -0.0366586 0.0680762 243.994 
0.0715174 0.0949342 0.992911 -57.9611 -0.0416049 0.994878 -0.0921254 -22.1643 -0.996571 -0.0347214 0.0751008 244.088 
0.078289 0.094746 0.992418 -56.9703 -0.042258 0.994894 -0.0916487 -22.27 -0.996035 -0.0347625 0.081893 244.192 
0.0846177 0.09375 0.991993 -55.9836 -0.0433764 0.994967 -0.0903309 -22.372 -0.995469 -0.0353855 0.0882584 244.309 
0.0911518 0.0915901 0.991616 -54.9905 -0.0440283 0.995159 -0.0878701 -22.4768 -0.994863 -0.0356496 0.094743 244.426 
0.097581 0.0899986 0.99115 -54.0101 -0.0440014 0.995319 -0.086045 -22.5774 -0.994254 -0.0352157 0.101084 244.549 
0.104139 0.0905118 0.990436 -53.0368 -0.0441897 0.995288 -0.0863088 -22.6773 -0.993581 -0.0347789 0.107648 244.679 
0.110689 0.09272 0.989521 -52.0684 -0.0437784 0.995127 -0.0883482 -22.7755 -0.99289 -0.0335405 0.114209 244.813 
0.117085 0.0940806 0.988656 -51.1027 -0.0437368 0.995025 -0.089507 -22.8737 -0.992158 -0.0327608 0.120617 244.951 
0.122973 0.0959348 0.987762 -50.1441 -0.0455702 0.994813 -0.0909462 -22.9747 -0.991363 -0.0338286 0.126707 245.104 
0.129377 0.0966449 0.986875 -49.1879 -0.0475784 0.994698 -0.0911736 -23.0728 -0.990453 -0.0351581 0.133289 245.255 
0.135776 0.0963726 0.986041 -48.221 -0.0483564 0.994716 -0.0905619 -23.1741 -0.989559 -0.0353853 0.139719 245.422 
0.141877 0.0941296 0.985399 -47.2646 -0.049296 0.994905 -0.08794 -23.2743 -0.988656 -0.0360995 0.145795 245.586 
0.148116 0.0925181 0.984633 -46.3108 -0.0492688 0.995069 -0.0860872 -23.3725 -0.987742 -0.0357608 0.151944 245.754 
0.154435 0.0917732 0.983731 -45.3641 -0.049195 0.995156 -0.0851159 -23.4692 -0.986778 -0.0352498 0.158201 245.927 
0.161459 0.0929674 0.982491 -44.4198 -0.0491112 0.995076 -0.0860875 -23.5634 -0.985657 -0.0343517 0.16523 246.101 
0.1686 0.0930235 0.981285 -43.4818 -0.046629 0.995175 -0.0863286 -23.6596 -0.984581 -0.0312013 0.172124 246.281 
