1 2.12261e-08 -2.11895e-08 0 2.12261e-08 1 2.10703e-08 0 -2.11895e-08 2.10703e-08 1 0 
0.999874 0.00158988 0.0157997 0.00959221 -0.00157613 0.999998 -0.000880119 -0.00395275 -0.0158012 0.000855148 0.999875 0.12006 
0.999295 0.00456744 0.0372702 0.0268146 -0.00455256 0.99999 -0.00048301 -0.00655767 -0.0372721 0.000313036 0.999305 0.256442 
0.997903 0.00628461 0.0644211 0.0599745 -0.00634676 0.99998 0.000760852 -0.00337793 -0.0644151 -0.00116808 0.997923 0.412801 
0.995128 0.00584524 0.0984203 0.107257 -0.0061779 0.999976 0.003076 -0.00659221 -0.0984 -0.00366901 0.99514 0.570281 
0.990653 0.00295335 0.136372 0.179147 -0.00367302 0.999981 0.00502629 -0.000826917 -0.136354 -0.00548017 0.990645 0.738844 
0.984367 -0.000217721 0.176128 0.251039 -0.000743072 0.999985 0.00538937 0.00144446 -0.176127 -0.00543595 0.984353 0.917891 
0.975513 -4.00267e-05 0.21994 0.340379 -0.00144308 0.999977 0.0065828 -0.00040545 -0.219935 -0.00673896 0.975491 1.10572 
0.963371 0.000257571 0.268173 0.437129 -0.00285235 0.999953 0.00928641 0.00333515 -0.268158 -0.00971115 0.963326 1.30447 
0.948807 -0.0036846 0.315835 0.537878 -0.00164374 0.999861 0.0166027 -0.000748871 -0.315853 -0.0162719 0.948669 1.49512 
0.931754 -0.0132948 0.362847 0.657276 0.00467672 0.999686 0.0246195 -0.0121687 -0.363061 -0.0212424 0.931523 1.6783 
0.910215 -0.0184697 0.413724 0.790567 0.00715085 0.999557 0.0288907 -0.0137481 -0.414074 -0.0233382 0.909944 1.87471 
0.884585 -0.0199932 0.46595 0.921368 0.00520679 0.999442 0.0329997 -0.0191554 -0.46635 -0.0267649 0.884195 2.06081 
0.855969 -0.0222268 0.516549 1.09188 0.00330584 0.99929 0.0375209 -0.0177675 -0.517017 -0.0304091 0.855435 2.26561 
0.823237 -0.0271097 0.56705 1.24873 0.00410978 0.999118 0.0417997 -0.01631 -0.567683 -0.0320806 0.822622 2.43993 
0.786652 -0.0323444 0.616548 1.42891 0.00574462 0.998967 0.0450768 -0.0110406 -0.61737 -0.0319179 0.786026 2.61972 
0.747919 -0.0363662 0.662793 1.63369 0.00635281 0.998845 0.047636 -0.00871671 -0.66376 -0.0314173 0.747286 2.81184 
0.707114 -0.0391274 0.706016 1.86682 0.00704442 0.998808 0.0482987 0.00912648 -0.707064 -0.0291792 0.706547 3.01325 
0.664407 -0.0409738 0.746247 2.12863 0.00605671 0.998758 0.0494459 0.0197934 -0.747346 -0.0283324 0.66383 3.21156 
0.620794 -0.0409642 0.782903 2.41988 0.000885923 0.99867 0.0515515 0.0297398 -0.783973 -0.0313092 0.620005 3.42244 
0.577952 -0.0417772 0.815 2.73782 -0.00234944 0.998599 0.0528547 0.03694 -0.816067 -0.0324623 0.577045 3.64192 
0.537088 -0.0428801 0.842436 3.09773 -0.00433195 0.998554 0.0535884 0.0538518 -0.843515 -0.032431 0.536125 3.84768 
0.497858 -0.0450316 0.866089 3.49258 -0.00581823 0.998455 0.0552585 0.0707505 -0.867239 -0.0325499 0.496827 4.05061 
0.459873 -0.0446543 0.886861 3.90361 -0.00887771 0.998454 0.0548766 0.0914232 -0.88794 -0.0331095 0.458765 4.25124 
0.423011 -0.0439155 0.90506 4.3411 -0.00981931 0.998544 0.053041 0.110189 -0.906071 -0.031324 0.421964 4.43824 
0.388945 -0.0424552 0.920282 4.81299 -0.00868604 0.998724 0.049745 0.132449 -0.92122 -0.0273417 0.38808 4.62636 
0.358899 -0.040525 0.932496 5.32097 -0.0063777 0.998927 0.0458667 0.157847 -0.933355 -0.0224087 0.358256 4.80942 
0.333337 -0.0386176 0.942017 5.85895 -0.00519055 0.999071 0.0427933 0.181852 -0.942794 -0.0191542 0.332826 4.98955 
0.313119 -0.0379552 0.948955 6.42632 -0.00378469 0.999143 0.0412114 0.20822 -0.949706 -0.0164956 0.312707 5.16917 
0.298286 -0.0384848 0.953701 7.02491 -0.00272714 0.999148 0.0411717 0.231918 -0.954473 -0.0148818 0.297927 5.3589 
0.286899 -0.0399673 0.957127 7.64113 -0.00169568 0.999107 0.0422286 0.253984 -0.957959 -0.0137383 0.286575 5.54104 
0.27605 -0.0417124 0.960238 8.2942 -0.00285915 0.999018 0.044219 0.280216 -0.961139 -0.0149521 0.27566 5.73405 
0.265319 -0.0435167 0.963178 8.9687 -0.00420134 0.998919 0.0462889 0.305887 -0.964152 -0.016328 0.264849 5.93169 
0.255237 -0.045227 0.96582 9.66871 -0.00517305 0.998827 0.0481398 0.333635 -0.966865 -0.0172833 0.254704 6.12332 
0.245237 -0.0469184 0.968327 10.3895 -0.00589123 0.998738 0.0498839 0.367314 -0.969445 -0.017938 0.244651 6.30917 
0.234752 -0.0485163 0.970844 11.1435 -0.00589381 0.998664 0.0513317 0.397755 -0.972038 -0.0177722 0.234152 6.5017 
0.224332 -0.0495832 0.973251 11.9062 -0.00615676 0.998613 0.0522944 0.433271 -0.974493 -0.0177234 0.223715 6.68653 
0.213815 -0.0524698 0.975464 12.6838 -0.00758675 0.998437 0.0553685 0.465591 -0.976845 -0.0192392 0.213083 6.86428 
0.202502 -0.0559471 0.977683 13.4806 -0.00919619 0.998214 0.0590268 0.50514 -0.979239 -0.020944 0.201625 7.0397 
0.190317 -0.059742 0.979903 14.2758 -0.00998906 0.997977 0.062784 0.542078 -0.981672 -0.0217372 0.189335 7.20372 
0.177557 -0.0618887 0.982163 15.0777 -0.0107142 0.99784 0.0648135 0.580505 -0.984052 -0.0220312 0.176511 7.35267 
0.163425 -0.0623983 0.984581 15.8874 -0.0109926 0.997821 0.0650621 0.619358 -0.986495 -0.0214558 0.162383 7.497 
0.148833 -0.0612478 0.986964 16.701 -0.0123818 0.997886 0.0637928 0.659197 -0.988785 -0.0217149 0.14776 7.63276 
0.132078 -0.0600305 0.98942 17.5195 -0.0130114 0.997974 0.0622865 0.6985 -0.991154 -0.0211004 0.131029 7.754 
0.111536 -0.0583345 0.992047 18.344 -0.0155432 0.998051 0.0604351 0.736748 -0.993639 -0.0221603 0.110412 7.85852 
0.0856926 -0.0570865 0.994685 19.1758 -0.0200331 0.998057 0.059006 0.770396 -0.99612 -0.024983 0.0843825 7.9449 
0.0548744 -0.0566071 0.996887 20.0157 -0.0241018 0.998026 0.0579985 0.805054 -0.998202 -0.0272094 0.0534017 8.00576 
0.0215085 -0.0563834 0.998178 20.847 -0.0271849 0.998006 0.0569596 0.838223 -0.999399 -0.0283604 0.0199328 8.02963 
-0.0132365 -0.0557355 0.998358 21.6913 -0.0289418 0.998048 0.0553346 0.86854 -0.999493 -0.0281618 -0.0148238 8.02554 
-0.0473965 -0.0544411 0.997392 22.5341 -0.029788 0.998147 0.0530669 0.898471 -0.998432 -0.0271951 -0.0489304 7.99104 
-0.0803322 -0.0524516 0.995387 23.3722 -0.0314143 0.998252 0.0500673 0.924558 -0.996273 -0.0272474 -0.0818395 7.92766 
-0.112927 -0.0496187 0.992364 24.216 -0.0338033 0.998366 0.0460722 0.947965 -0.993028 -0.0283423 -0.11442 7.84106 
-0.145443 -0.0451432 0.988336 25.0498 -0.031002 0.998676 0.0410533 0.96745 -0.988881 -0.0246695 -0.14665 7.71879 
-0.17697 -0.0391882 0.983436 25.8746 -0.0255191 0.999054 0.0352184 0.982622 -0.983885 -0.0188638 -0.177803 7.56502 
-0.20733 -0.0329451 0.977716 26.6987 -0.0192536 0.999377 0.0295922 0.991679 -0.978082 -0.0126892 -0.207835 7.38588 
-0.23612 -0.027071 0.971347 27.5132 -0.0128808 0.999611 0.0247276 0.998127 -0.971639 -0.006673 -0.236377 7.17935 
-0.263982 -0.0210956 0.964297 28.3232 -0.0044671 0.999777 0.0206489 0.996797 -0.964517 0.00114333 -0.264017 6.95376 
-0.289988 -0.0106409 0.956971 29.1221 0.00152333 0.999932 0.0115802 0.98917 -0.957029 0.00481591 -0.289952 6.70575 
-0.314975 0.00491522 0.949087 29.9136 0.00648854 0.999974 -0.00302536 0.974523 -0.949078 0.00520527 -0.314999 6.43024 
-0.339705 0.0222564 0.940269 30.6876 0.00730854 0.999752 -0.0210239 0.955222 -0.940504 -0.000269936 -0.339783 6.15407 
-0.36475 0.0371295 0.930365 31.4466 0.00797473 0.999293 -0.0367537 0.920548 -0.931071 -0.00598652 -0.364788 5.86071 
-0.389053 0.0476063 0.919984 32.2005 0.011809 0.99884 -0.0466929 0.87742 -0.92114 -0.00730191 -0.389164 5.54391 
-0.412249 0.0515964 0.909609 32.9548 0.0148569 0.998643 -0.0499134 0.824831 -0.91095 -0.00706281 -0.412456 5.19844 
-0.434738 0.0513516 0.899092 33.6889 0.0182561 0.99867 -0.0482116 0.775203 -0.900372 -0.00454548 -0.435097 4.84658 
-0.454644 0.0471178 0.889426 34.4247 0.0217678 0.998889 -0.0417897 0.721912 -0.890407 0.000361457 -0.455164 4.46879 
-0.472232 0.0459666 0.880275 35.1406 0.0294104 0.998905 -0.0363837 0.674089 -0.880983 0.00870765 -0.473067 4.07592 
-0.485747 0.0464279 0.872865 35.8486 0.0315799 0.998869 -0.0355559 0.625586 -0.873529 0.0102938 -0.486664 3.67999 
-0.49665 0.0506062 0.866475 36.5451 0.0358327 0.998643 -0.0377867 0.578344 -0.867211 0.0122813 -0.497789 3.28383 
-0.506341 0.0529701 0.860705 37.2397 0.0361664 0.998538 -0.0401765 0.533629 -0.861575 0.0107856 -0.507517 2.87434 
-0.517062 0.0522565 0.854351 37.924 0.0301815 0.998627 -0.042815 0.485031 -0.855416 0.00364757 -0.51793 2.47974 
-0.527935 0.0508859 0.847759 38.6065 0.0295417 0.9987 -0.0415492 0.43764 -0.848771 0.00310895 -0.528752 2.06374 
-0.536562 0.0521206 0.84225 39.2871 0.0313759 0.998633 -0.0418098 0.390268 -0.843278 0.0039928 -0.537463 1.63725 
-0.543794 0.0551012 0.837408 39.9681 0.034365 0.998467 -0.043383 0.343089 -0.838515 0.00518606 -0.544854 1.20239 
-0.547419 0.057982 0.834848 40.6624 0.0353163 0.998309 -0.0461774 0.300245 -0.836113 0.00420528 -0.548541 0.765911 
-0.547072 0.0601589 0.834921 41.3757 0.0347165 0.998187 -0.0491751 0.258944 -0.836365 0.0020832 -0.548169 0.309976 
-0.543696 0.0604721 0.837101 42.1054 0.0368426 0.998159 -0.0481776 0.208526 -0.838473 0.00464702 -0.544923 -0.155971 
-0.537907 0.0592978 0.840916 42.8564 0.0348812 0.998234 -0.0480789 0.156429 -0.842282 0.00347015 -0.539026 -0.616281 
-0.53105 0.057989 0.845354 43.6278 0.0324311 0.998316 -0.0481085 0.108236 -0.84672 0.00186776 -0.532036 -1.0782 
-0.523796 0.0576371 0.849892 44.4185 0.0305654 0.998338 -0.0488664 0.0578821 -0.851295 0.00038129 -0.524687 -1.55191 
-0.517471 0.0561452 0.853857 45.2188 0.0277627 0.998421 -0.0488257 0.00212256 -0.85525 -0.00156058 -0.518213 -2.01478 
-0.513167 0.0538022 0.856601 46.0426 0.0231805 0.998538 -0.0488302 -0.0505289 -0.857976 -0.00520162 -0.513664 -2.48444 
-0.511972 0.0511328 0.857479 46.8809 0.0189043 0.998656 -0.0482642 -0.105342 -0.858794 -0.0084999 -0.51225 -2.955 
-0.512478 0.0485946 0.857325 47.7268 0.0155613 0.998759 -0.0473093 -0.159956 -0.85856 -0.0109039 -0.512598 -3.43405 
-0.513517 0.0474365 0.856767 48.5838 0.01458 0.998809 -0.0465621 -0.220062 -0.857955 -0.0114188 -0.513597 -3.92522 
-0.514243 0.046552 0.85638 49.4441 0.0145112 0.998855 -0.0455831 -0.27887 -0.857522 -0.0110137 -0.51433 -4.41536 
-0.514959 0.0461569 0.855972 50.3149 0.0142958 0.998873 -0.0452621 -0.331997 -0.857096 -0.0110714 -0.515038 -4.90301 
-0.515237 0.0452375 0.855853 51.2002 0.0142494 0.99892 -0.0442211 -0.389037 -0.85693 -0.0105889 -0.515325 -5.41203 
-0.515604 0.0449043 0.855649 52.1046 0.0137403 0.998931 -0.044144 -0.448794 -0.856717 -0.011004 -0.51567 -5.93541 
-0.515976 0.0433829 0.855504 53.0094 0.0119621 0.998984 -0.0434442 -0.506552 -0.85652 -0.0121825 -0.515971 -6.45539 
-0.516418 0.0425288 0.85528 53.9088 0.0109445 0.999012 -0.0430675 -0.569726 -0.856267 -0.0128802 -0.516373 -6.9641 
-0.51602 0.0418702 0.855553 54.7944 0.00960262 0.999025 -0.0430998 -0.629025 -0.856523 -0.0140248 -0.515919 -7.47287 
-0.515004 0.0402292 0.856243 55.6787 0.00929158 0.999101 -0.0413525 -0.691841 -0.857137 -0.0133409 -0.514915 -7.97745 
-0.513174 0.0383557 0.857427 56.5762 0.00949888 0.999194 -0.0390122 -0.74729 -0.858232 -0.0118755 -0.513125 -8.48781 
-0.511209 0.0369083 0.858663 57.4565 0.00976151 0.999262 -0.0371402 -0.806045 -0.859401 -0.0106046 -0.511193 -8.97973 
-0.509412 0.0366106 0.859744 58.3541 0.00991648 0.999278 -0.0366767 -0.865808 -0.860466 -0.0101579 -0.509407 -9.46598 
-0.507867 0.0368079 0.860649 59.239 0.0100283 0.999272 -0.0368188 -0.922677 -0.861377 -0.0100683 -0.507866 -9.95907 
-0.507524 0.0372724 0.860831 60.1233 0.00967269 0.999247 -0.0375628 -0.978887 -0.861583 -0.0107375 -0.507503 -10.448 
-0.50872 0.0385299 0.86007 61.0069 0.00897647 0.999181 -0.0394524 -1.038 -0.860886 -0.0123498 -0.508649 -10.9423 
-0.511819 0.0403269 0.858146 61.8822 0.00770216 0.999073 -0.0423557 -1.09599 -0.859059 -0.0150689 -0.511655 -11.441 
-0.516678 0.0409306 0.855201 62.7845 0.00659189 0.999017 -0.0438312 -1.15602 -0.856154 -0.0170093 -0.51644 -11.9421 
-0.52216 0.0396459 0.851925 63.6538 0.00798784 0.999102 -0.0415992 -1.21564 -0.85281 -0.0149164 -0.522008 -12.4542 
-0.527604 0.0373317 0.84867 64.5148 0.00919771 0.999226 -0.0382363 -1.27746 -0.849441 -0.0123678 -0.527539 -12.9753 
-0.533456 0.0347805 0.845112 65.3945 0.00597436 0.999284 -0.0373543 -1.33493 -0.845807 -0.0148779 -0.533282 -13.4843 
-0.538446 0.0380451 0.841801 66.2374 0.0081008 0.999168 -0.0399757 -1.39184 -0.842621 -0.0147055 -0.538307 -14.0085 
-0.543407 0.0397224 0.838529 67.0704 0.00861513 0.999091 -0.0417455 -1.44786 -0.839425 -0.0154607 -0.543255 -14.5342 
-0.547841 0.0408638 0.835584 67.9057 0.00761925 0.999009 -0.0438605 -1.50419 -0.836548 -0.0176621 -0.547609 -15.0589 
-0.551607 0.0409304 0.833099 68.7374 0.00623949 0.99897 -0.0449484 -1.56433 -0.834081 -0.0195957 -0.551294 -15.5884 
-0.554805 0.0403638 0.831001 69.5566 0.00737932 0.999022 -0.0435983 -1.62367 -0.831948 -0.0180563 -0.55456 -16.1181 
-0.557168 0.0338919 0.829708 70.3773 0.00830694 0.999344 -0.0352428 -1.67581 -0.830358 -0.0127439 -0.557084 -16.6526 
-0.559289 0.0252232 0.828589 71.1955 0.00788364 0.999654 -0.0251091 -1.73023 -0.828935 -0.00751098 -0.559294 -17.1864 
-0.560669 0.0238985 0.827695 72.0043 0.00909254 0.999701 -0.0227058 -1.77642 -0.82799 -0.00520458 -0.560718 -17.7167 
-0.561877 0.0282669 0.826738 72.8032 0.00857205 0.999561 -0.02835 -1.81483 -0.827176 -0.00884238 -0.561873 -18.2402 
-0.562969 0.0347768 0.825746 73.5994 0.0103819 0.999333 -0.0350094 -1.8592 -0.826413 -0.0111364 -0.562954 -18.7669 
-0.563377 0.0385473 0.825301 74.3957 0.0154458 0.999228 -0.036127 -1.90349 -0.826056 -0.00760569 -0.563537 -19.3005 
-0.563135 0.0399693 0.825397 75.1858 0.0188143 0.999191 -0.0355488 -1.95316 -0.82615 -0.00448957 -0.563432 -19.8332 
-0.562664 0.0365565 0.825877 75.9769 0.0173903 0.999324 -0.0323861 -2.00287 -0.826503 -0.00386029 -0.56292 -20.3548 
-0.561984 0.0318506 0.826534 76.7712 0.0162525 0.999491 -0.0274649 -2.04616 -0.826988 -0.00200154 -0.562216 -20.8769 
-0.561316 0.025224 0.827217 77.5675 0.012836 0.999681 -0.0217728 -2.08801 -0.827502 -0.00160331 -0.56146 -21.3916 
-0.560884 0.0195724 0.827663 78.3637 0.00423329 0.999775 -0.0207736 -2.12786 -0.827884 -0.00814786 -0.560841 -21.8948 
-0.559384 0.0144046 0.828784 79.1641 -0.00321956 0.999804 -0.01955 -2.16041 -0.828903 -0.0136043 -0.559228 -22.397 
-0.557312 0.0153316 0.830162 79.9552 0.000208152 0.999832 -0.0183254 -2.19632 -0.830303 -0.0100402 -0.557222 -22.9114 
-0.554249 0.0184728 0.832146 80.7398 0.00407094 0.999802 -0.0194831 -2.23525 -0.832341 -0.00741091 -0.554215 -23.4202 
-0.548968 0.0218652 0.835557 81.5319 0.00646319 0.999739 -0.0219152 -2.26864 -0.835818 -0.0066304 -0.548966 -23.9232 
-0.541063 0.0241995 0.840634 82.3236 0.0116248 0.999706 -0.0212966 -2.30563 -0.840902 -0.00175064 -0.541185 -24.426 
-0.532956 0.0275802 0.845693 83.1184 0.0189955 0.999607 -0.0206287 -2.34549 -0.84593 0.00507021 -0.53327 -24.9189 
-0.523276 0.0266597 0.851746 83.9239 0.0160217 0.999642 -0.0214458 -2.3764 -0.852013 0.00242429 -0.523516 -25.3943 
-0.512281 0.0244941 0.858469 84.7361 0.013615 0.999699 -0.0203991 -2.40751 -0.85871 0.00123803 -0.51246 -25.8589 
-0.500784 0.0211513 0.865314 85.5486 0.0137641 0.99977 -0.0164721 -2.44368 -0.865463 0.00366134 -0.50096 -26.3105 
-0.489903 0.0203727 0.871539 86.364 0.0133815 0.999785 -0.0158486 -2.48068 -0.871675 0.00389822 -0.49007 -26.7478 
-0.478077 0.0196628 0.878098 87.1889 0.0138344 0.999794 -0.0148558 -2.50932 -0.878209 0.00504573 -0.478251 -27.1747 
-0.466361 0.020659 0.884353 88.0183 0.0152233 0.999767 -0.0153272 -2.54272 -0.884463 0.00631474 -0.466567 -27.5918 
-0.454516 0.0243846 0.890405 88.8497 0.0148524 0.999694 -0.019796 -2.58173 -0.890615 0.00422704 -0.454739 -27.996 
-0.443146 0.033785 0.895813 89.6748 0.0175575 0.999425 -0.0290072 -2.61546 -0.896278 0.00287384 -0.443484 -28.3887 
-0.430477 0.0383268 0.901787 90.5079 0.0170815 0.999265 -0.0343156 -2.65298 -0.90244 0.000631791 -0.430816 -28.7682 
-0.419278 0.0348726 0.907188 91.354 0.0154971 0.999391 -0.0312545 -2.69934 -0.907726 0.000954449 -0.419563 -29.1359 
-0.407832 0.0312241 0.912523 92.1996 0.0141186 0.999511 -0.0278906 -2.74496 -0.912948 0.00150886 -0.408074 -29.4936 
-0.398215 0.0319365 0.916736 93.0362 0.011392 0.999489 -0.0298709 -2.79104 -0.917222 -0.00145159 -0.398375 -29.8343 
-0.391557 0.0362731 0.919439 93.8723 0.00659692 0.999308 -0.0366146 -2.83951 -0.92013 -0.00827124 -0.391525 -30.1618 
-0.386875 0.0411253 0.921215 94.7108 0.000978178 0.999023 -0.0441881 -2.8871 -0.922132 -0.0161942 -0.386537 -30.4851 
-0.383455 0.0430478 0.922556 95.5507 -0.00155633 0.998882 -0.0472562 -2.94165 -0.923558 -0.0195564 -0.382959 -30.8102 
-0.379971 0.0427109 0.924012 96.3873 -0.00332228 0.998864 -0.047537 -2.99704 -0.924993 -0.0211325 -0.379397 -31.131 
-0.375003 0.0428957 0.926031 97.2212 -0.00409471 0.998843 -0.0479267 -3.05289 -0.927014 -0.0217645 -0.374394 -31.4483 
-0.369155 0.0385379 0.928569 98.0635 -0.00682961 0.999 -0.0441761 -3.10942 -0.929343 -0.0226496 -0.368523 -31.7631 
-0.364014 0.0348606 0.930741 98.9095 -0.0069956 0.999169 -0.0401595 -3.16482 -0.931367 -0.0211297 -0.363468 -32.072 
-0.358217 0.0318983 0.933093 99.7519 -0.0087399 0.999258 -0.0375154 -3.21945 -0.933598 -0.0215938 -0.357672 -32.3743 
-0.352676 0.0301832 0.935259 100.602 -0.0170233 0.999107 -0.038663 -3.26893 -0.935591 -0.0295567 -0.351847 -32.6628 
-0.346775 0.0303859 0.937456 101.449 -0.0241906 0.998853 -0.0413243 -3.31716 -0.937636 -0.0370079 -0.345642 -32.9423 
-0.340322 0.0344655 0.939677 102.289 -0.0225511 0.998741 -0.0447991 -3.37056 -0.940039 -0.0364369 -0.339116 -33.2254 
-0.333218 0.0377544 0.942094 103.13 -0.0208974 0.998657 -0.0474126 -3.42303 -0.942618 -0.0354861 -0.331981 -33.5068 
-0.326975 0.035833 0.944354 103.986 -0.0222095 0.998714 -0.0455855 -3.4748 -0.944772 -0.035879 -0.325758 -33.7814 
-0.319975 0.031098 0.946915 104.842 -0.0225133 0.998929 -0.0404137 -3.52962 -0.947158 -0.0342495 -0.318933 -34.0512 
-0.312986 0.0283961 0.949333 105.705 -0.024027 0.998996 -0.037803 -3.58393 -0.949454 -0.0346414 -0.311989 -34.3161 
-0.306739 0.0316378 0.951268 106.558 -0.0257797 0.998805 -0.0415315 -3.63282 -0.951444 -0.0372627 -0.305557 -34.5702 
-0.300479 0.0342403 0.953174 107.415 -0.0254675 0.998711 -0.0439045 -3.6836 -0.953448 -0.0374673 -0.299219 -34.82 
-0.294025 0.0349851 0.955157 108.285 -0.0273048 0.998615 -0.0449821 -3.7323 -0.955408 -0.0393063 -0.292663 -35.0556 
-0.287256 0.034312 0.957239 109.143 -0.0275136 0.99865 -0.0440529 -3.78729 -0.957459 -0.0389916 -0.285924 -35.2921 
-0.27913 0.0342638 0.959642 110.001 -0.0231427 0.998833 -0.0423946 -3.8417 -0.959974 -0.0340423 -0.278012 -35.5292 
-0.271431 0.03535 0.961808 110.862 -0.0207442 0.998878 -0.0425666 -3.89451 -0.962234 -0.0315059 -0.270394 -35.7598 
-0.264868 0.0357386 0.963622 111.72 -0.0198476 0.998899 -0.0425024 -3.94874 -0.96408 -0.0303832 -0.263867 -35.9776 
-0.258337 0.0346269 0.965434 112.588 -0.0260276 0.998745 -0.0427863 -3.99867 -0.965704 -0.0361813 -0.257112 -36.1795 
-0.25252 0.0326608 0.96704 113.461 -0.030046 0.998684 -0.0415753 -4.0522 -0.967125 -0.0395543 -0.251206 -36.3771 
-0.248026 0.0328708 0.968196 114.339 -0.0271497 0.998796 -0.0408647 -4.10421 -0.968373 -0.0364218 -0.246835 -36.584 
-0.243568 0.0331328 0.969318 115.211 -0.0254904 0.998852 -0.0405474 -4.15667 -0.969549 -0.0345843 -0.242443 -36.7849 
-0.238922 0.0344976 0.970426 116.082 -0.0248023 0.998826 -0.0416136 -4.20647 -0.970722 -0.0340112 -0.237786 -36.981 
-0.232922 0.0337315 0.97191 116.959 -0.0186357 0.99906 -0.0391398 -4.25381 -0.972317 -0.0272287 -0.232075 -37.1803 
-0.227482 0.0326868 0.973234 117.831 -0.011276 0.999281 -0.0361972 -4.30107 -0.973717 -0.0192084 -0.22695 -37.3791 
-0.222492 0.0316626 0.97442 118.705 -0.00951061 0.999354 -0.0346443 -4.35225 -0.974888 -0.0169754 -0.222047 -37.5658 
-0.218468 0.0334025 0.975272 119.582 -0.0114419 0.999258 -0.036787 -4.39681 -0.975777 -0.0191958 -0.217924 -37.7416 
-0.214904 0.0354321 0.975992 120.454 -0.0130698 0.999148 -0.0391506 -4.43965 -0.976548 -0.0211697 -0.214257 -37.9142 
-0.213308 0.0348301 0.976364 121.327 -0.0155154 0.999118 -0.0390315 -4.48913 -0.976862 -0.0234745 -0.21258 -38.0821 
-0.212311 0.0338586 0.976615 122.202 -0.0158899 0.999148 -0.0380941 -4.53592 -0.977073 -0.0236062 -0.211592 -38.2531 
-0.211332 0.0293391 0.976974 123.079 -0.0145387 0.999344 -0.0331558 -4.58258 -0.977306 -0.0212108 -0.210767 -38.4271 
-0.210149 0.0242502 0.977369 123.95 -0.0152809 0.999489 -0.0280846 -4.62765 -0.97755 -0.020837 -0.209671 -38.5977 
-0.209349 0.0224236 0.977584 124.815 -0.0148225 0.999549 -0.0261016 -4.66957 -0.977729 -0.0199546 -0.208922 -38.7662 
-0.208108 0.0273391 0.977724 125.67 -0.0147319 0.999408 -0.0310811 -4.70999 -0.977995 -0.020872 -0.207582 -38.9334 
-0.207995 0.0310548 0.977637 126.521 -0.014805 0.999281 -0.0348922 -4.75239 -0.978018 -0.0217314 -0.207386 -39.099 
-0.207949 0.0301107 0.977676 127.377 -0.0180585 0.999238 -0.0346157 -4.79551 -0.977973 -0.0248536 -0.207247 -39.2607 
-0.207397 0.0292323 0.97782 128.226 -0.0196218 0.999228 -0.0340341 -4.84383 -0.97806 -0.0262452 -0.206663 -39.4225 
-0.206549 0.0299976 0.977976 129.076 -0.014952 0.999316 -0.03381 -4.89073 -0.978322 -0.0216062 -0.20596 -39.593 
-0.205605 0.0326236 0.978091 129.917 -0.0168264 0.999179 -0.0368641 -4.93197 -0.97849 -0.0240372 -0.204887 -39.7549 
-0.206124 0.0334517 0.977954 130.753 -0.0255293 0.998892 -0.0395487 -4.97918 -0.978193 -0.0331184 -0.205042 -39.9 
-0.205629 0.0349247 0.978007 131.586 -0.0313204 0.998616 -0.0422459 -5.02838 -0.978129 -0.0393185 -0.20425 -40.0491 
-0.205398 0.0384949 0.977921 132.411 -0.0285014 0.998567 -0.0452938 -5.07891 -0.978264 -0.0371753 -0.204006 -40.2054 
-0.204747 0.0395413 0.978016 133.237 -0.0271434 0.99857 -0.0460547 -5.13116 -0.978439 -0.0359762 -0.203381 -40.3631 
-0.20296 0.0406929 0.978341 134.056 -0.0272138 0.998516 -0.0471776 -5.18618 -0.978809 -0.0361995 -0.201552 -40.5152 
-0.200942 0.0401798 0.978779 134.872 -0.0188625 0.998815 -0.0448747 -5.23653 -0.979422 -0.0274794 -0.199946 -40.6769 
-0.197714 0.0369043 0.979565 135.682 -0.014614 0.999069 -0.0405887 -5.28727 -0.980151 -0.0223403 -0.196991 -40.8346 
-0.195627 0.0321284 0.980152 136.499 -0.0106589 0.999335 -0.0348846 -5.33897 -0.98062 -0.0172717 -0.195155 -40.9892 
-0.192003 0.0315776 0.980886 137.304 -0.00937416 0.999378 -0.0340078 -5.3864 -0.98135 -0.0157246 -0.191587 -41.1316 
-0.187237 0.0365217 0.981636 138.104 -0.00908355 0.999202 -0.0389078 -5.43466 -0.982273 -0.0162017 -0.186756 -41.2695 
-0.180584 0.0397012 0.982758 138.898 -0.00758171 0.999099 -0.0417544 -5.47905 -0.98353 -0.0149912 -0.18012 -41.4003 
-0.172456 0.0405458 0.984182 139.696 -0.00768869 0.999067 -0.0425062 -5.51921 -0.984987 -0.0148975 -0.171983 -41.5235 
-0.162829 0.0360027 0.985997 140.498 -0.00590717 0.999281 -0.0374632 -5.56791 -0.986637 -0.0119246 -0.162499 -41.6405 
-0.150984 0.0347318 0.987926 141.294 -0.00205467 0.999369 -0.0354481 -5.61457 -0.988534 -0.00738198 -0.150818 -41.7506 
-0.137137 0.0375774 0.989839 142.08 0.00204119 0.999289 -0.0376533 -5.65536 -0.99055 -0.0031432 -0.137116 -41.8482 
-0.1229 0.0388543 0.991658 142.866 0.00192548 0.999241 -0.0389128 -5.69772 -0.992417 -0.00287298 -0.122882 -41.9307 
-0.108966 0.0390122 0.99328 143.653 0.00322867 0.999238 -0.038892 -5.74032 -0.99404 -0.00103094 -0.109009 -42.0025 
-0.0954426 0.0407318 0.994601 144.432 0.00394318 0.99917 -0.0405404 -5.78823 -0.995427 5.26102e-05 -0.095524 -42.0619 
-0.0818122 0.0468815 0.995545 145.205 0.000844003 0.998896 -0.0469699 -5.84067 -0.996647 -0.00300247 -0.0817614 -42.1045 
-0.0691872 0.0561785 0.996021 145.968 -0.00653759 0.998366 -0.0567649 -5.88989 -0.997582 -0.010439 -0.0687069 -42.1291 
-0.0556309 0.0640435 0.996395 146.727 -0.0108554 0.997843 -0.0647426 -5.94206 -0.998392 -0.014418 -0.0548157 -42.1458 
-0.0424148 0.0648661 0.996992 147.49 -0.0114975 0.997792 -0.0654073 -5.99627 -0.999034 -0.0142372 -0.0415754 -42.161 
-0.0307659 0.0609822 0.997665 148.258 -0.0155867 0.997986 -0.0614825 -6.05629 -0.999405 -0.0174419 -0.0297534 -42.1607 
-0.0199515 0.0587132 0.998076 149.023 -0.0193521 0.998065 -0.0590994 -6.11876 -0.999614 -0.020494 -0.0187766 -42.1522 
-0.011069 0.0651162 0.997816 149.776 -0.0229842 0.997597 -0.0653569 -6.18262 -0.999675 -0.0236574 -0.00954574 -42.1366 
-0.00439784 0.0730553 0.997318 150.524 -0.0260231 0.996982 -0.0731454 -6.24137 -0.999652 -0.026275 -0.00248344 -42.1203 
-0.00114072 0.0759374 0.997112 151.275 -0.0290511 0.996689 -0.0759384 -6.29992 -0.999577 -0.0290538 0.00106911 -42.1025 
-0.00124302 0.0712965 0.997454 152.03 -0.0313895 0.996961 -0.0713003 -6.36431 -0.999506 -0.0313982 0.000998713 -42.085 
-0.00295028 0.0668773 0.997757 152.781 -0.0329168 0.997214 -0.0669382 -6.43478 -0.999454 -0.0330404 -0.000740678 -42.0712 
-0.00577279 0.0640562 0.99793 153.528 -0.0313357 0.997445 -0.0642063 -6.49407 -0.999492 -0.0316415 -0.0037508 -42.0632 
-0.00844488 0.0643855 0.997889 154.272 -0.0294717 0.997475 -0.0646081 -6.55035 -0.99953 -0.0299551 -0.00652601 -42.0593 
-0.0120051 0.0643912 0.997853 155.016 -0.0276104 0.997523 -0.064702 -6.61195 -0.999547 -0.0283279 -0.0101975 -42.0585 
-0.0163244 0.0629811 0.997881 155.762 -0.0285519 0.997578 -0.063429 -6.67262 -0.999459 -0.0295269 -0.0144867 -42.06 
-0.0216265 0.0634275 0.997752 156.501 -0.0290685 0.997524 -0.064043 -6.72565 -0.999343 -0.0303882 -0.0197292 -42.0642 
-0.0275701 0.0614602 0.997729 157.239 -0.0302957 0.997598 -0.0622893 -6.78253 -0.999161 -0.0319442 -0.0256419 -42.0696 
-0.0333336 0.058626 0.997723 157.973 -0.0278626 0.997836 -0.0595634 -6.84489 -0.999056 -0.0297847 -0.0316279 -42.0852 
-0.0386136 0.0585521 0.997537 158.702 -0.0283121 0.997817 -0.0596644 -6.90011 -0.998853 -0.0305463 -0.0368716 -42.1018 
-0.0440313 0.0598612 0.997235 159.428 -0.0299917 0.997674 -0.0612117 -6.95396 -0.99858 -0.032604 -0.0421335 -42.1189 
-0.0480529 0.0619788 0.99692 160.148 -0.0302316 0.997526 -0.0634737 -7.01454 -0.998387 -0.0331885 -0.0460603 -42.1401 
-0.050514 0.0643198 0.99665 160.864 -0.0301463 0.997371 -0.0658942 -7.07233 -0.998268 -0.0333739 -0.0484422 -42.1648 
-0.0519592 0.065889 0.996473 161.578 -0.0274149 0.997351 -0.0673765 -7.12672 -0.998273 -0.030819 -0.0500152 -42.1945 
-0.0509926 0.0644724 0.996616 162.289 -0.0241423 0.997543 -0.0657676 -7.18295 -0.998407 -0.0274142 -0.0493108 -42.2243 
-0.0469247 0.060721 0.997051 163 -0.0215128 0.997858 -0.0617826 -7.24261 -0.998667 -0.0243484 -0.0455179 -42.2493 
-0.0392501 0.0604803 0.997397 163.703 -0.0203016 0.997912 -0.0613104 -7.30217 -0.999023 -0.0226552 -0.0379404 -42.2647 
-0.0280072 0.0613089 0.997726 164.398 -0.0176593 0.997931 -0.0618172 -7.35751 -0.999452 -0.0193505 -0.0268666 -42.2708 
-0.0134372 0.061505 0.998016 165.09 -0.015171 0.997979 -0.061707 -7.41058 -0.999795 -0.0159701 -0.012477 -42.2686 
0.00181787 0.0592601 0.998241 165.778 -0.0165482 0.998108 -0.059222 -7.45965 -0.999861 -0.0164114 0.00279508 -42.2486 
0.0178998 0.0543675 0.998361 166.465 -0.0212992 0.998315 -0.0539831 -7.51133 -0.999613 -0.020298 0.0190277 -42.2108 
0.0343094 0.0479623 0.99826 167.149 -0.0230919 0.998619 -0.0471859 -7.55715 -0.999144 -0.0214328 0.0353696 -42.1667 
0.0515449 0.0406225 0.997844 167.829 -0.0234298 0.998947 -0.0394571 -7.59807 -0.998396 -0.0213454 0.0524424 -42.1143 
0.0692168 0.0332739 0.997047 168.502 -0.0240879 0.999208 -0.0316738 -7.63512 -0.997311 -0.0218244 0.0699635 -42.0488 
0.0863193 0.0272828 0.995894 169.169 -0.0259012 0.999349 -0.0251324 -7.67103 -0.995931 -0.0236254 0.0869697 -41.9693 
0.104485 0.0250126 0.994212 169.827 -0.0264935 0.999399 -0.0223587 -7.70329 -0.994174 -0.0240039 0.105085 -41.881 
0.122513 0.0236862 0.992184 170.474 -0.0251625 0.999468 -0.020753 -7.72911 -0.992148 -0.0224234 0.123044 -41.7834 
0.139987 0.023182 0.989882 171.115 -0.026618 0.999453 -0.0196419 -7.7517 -0.989796 -0.0235991 0.140528 -41.6724 
0.155894 0.0221826 0.987525 171.747 -0.031538 0.99935 -0.0174695 -7.7743 -0.98727 -0.0284212 0.156492 -41.5449 
0.170307 0.0185884 0.985216 172.376 -0.0337974 0.999344 -0.0130126 -7.79702 -0.984811 -0.0310816 0.170824 -41.4116 
0.182675 0.0146695 0.983064 172.998 -0.0302693 0.999499 -0.00928993 -7.81626 -0.982707 -0.0280596 0.183028 -41.282 
0.193462 0.0136331 0.981013 173.614 -0.0284116 0.999562 -0.00828789 -7.83438 -0.980696 -0.0262688 0.193765 -41.1482 
0.203464 0.0172531 0.978931 174.218 -0.0324835 0.999413 -0.0108626 -7.85603 -0.978544 -0.029589 0.203905 -41.001 
0.212539 0.0244401 0.976847 174.814 -0.036673 0.999182 -0.0170197 -7.87757 -0.976464 -0.0322065 0.213261 -40.846 
0.221708 0.0342471 0.974512 175.4 -0.0364155 0.998977 -0.026822 -7.90105 -0.974433 -0.0295407 0.222728 -40.6977 
0.230156 0.0399333 0.972334 175.993 -0.0307005 0.998958 -0.0337598 -7.92041 -0.972669 -0.0220812 0.231142 -40.5531 
0.236829 0.0379928 0.970808 176.594 -0.0299433 0.999046 -0.0317931 -7.94142 -0.97109 -0.0215396 0.237741 -40.3944 
0.242876 0.0305642 0.969576 177.203 -0.0324188 0.999201 -0.0233772 -7.96189 -0.969516 -0.0257547 0.243673 -40.224 
0.247119 0.0201143 0.968776 177.814 -0.0370821 0.999249 -0.0112879 -7.98704 -0.968275 -0.0331348 0.24768 -40.0447 
0.249239 0.011742 0.968371 178.425 -0.0369864 0.999312 -0.00259758 -8.01205 -0.967735 -0.0351691 0.249502 -39.8705 
0.250316 0.0110824 0.968101 179.04 -0.0336368 0.99943 -0.00274372 -8.02913 -0.96758 -0.031877 0.250546 -39.706 
0.251646 0.0129893 0.967732 179.641 -0.0300067 0.999534 -0.00561323 -8.04156 -0.967354 -0.0276258 0.251919 -39.5446 
0.253372 0.0124811 0.967289 180.246 -0.0264935 0.999631 -0.00595869 -8.05016 -0.967006 -0.024117 0.253609 -39.3781 
0.255213 0.0101566 0.966831 180.855 -0.0281156 0.9996 -0.00307912 -8.05904 -0.966476 -0.0263972 0.255397 -39.2047 
0.258291 0.00640227 0.966046 181.468 -0.0282616 0.9996 0.000931692 -8.07034 -0.965654 -0.0275427 0.258369 -39.0292 
0.261454 0.000991315 0.965215 182.086 -0.027393 0.999604 0.00639355 -8.08405 -0.964827 -0.0281118 0.261378 -38.8514 
0.265872 -0.00179892 0.964007 182.703 -0.0261865 0.999616 0.00908765 -8.09073 -0.963653 -0.0276601 0.265723 -38.6694 
0.272392 -0.00408863 0.962178 183.323 -0.0242121 0.999645 0.0111023 -8.09272 -0.961882 -0.0263205 0.272197 -38.4837 
0.280487 -0.00724404 0.95983 183.952 -0.0226345 0.999644 0.0141589 -8.09557 -0.959591 -0.0256967 0.280223 -38.2918 
0.290305 -0.00919617 0.95689 184.578 -0.0202383 0.999671 0.0157474 -8.10108 -0.95672 -0.0239374 0.290023 -38.0901 
0.301602 -0.00726127 0.953406 185.198 -0.0216166 0.999662 0.0144518 -8.10728 -0.953189 -0.0249681 0.301343 -37.8778 
0.313261 -0.00359308 0.94966 185.819 -0.0225872 0.999682 0.0112331 -8.10984 -0.949399 -0.024969 0.31308 -37.6547 
0.325301 -0.000453154 0.94561 186.452 -0.0234967 0.999687 0.00856228 -8.10776 -0.945318 -0.0250041 0.325189 -37.4227 
0.337266 -0.000455644 0.941409 187.078 -0.0218919 0.999726 0.00832682 -8.10913 -0.941155 -0.0234176 0.337163 -37.1857 
0.348609 -0.00362831 0.937261 187.702 -0.0210379 0.99971 0.011695 -8.11073 -0.937032 -0.023795 0.348431 -36.9354 
0.359669 -0.00489988 0.933067 188.33 -0.0221026 0.999661 0.0137695 -8.11245 -0.932818 -0.0255757 0.359439 -36.6695 
0.37108 -0.00549724 0.928585 188.96 -0.0237396 0.9996 0.0154045 -8.11266 -0.928297 -0.0277605 0.370801 -36.3953 
0.380711 -0.00666909 0.92467 189.593 -0.027512 0.99945 0.0185359 -8.10892 -0.924285 -0.0324963 0.380318 -36.1095 
0.38796 -0.00557599 0.921659 190.229 -0.0311406 0.999332 0.0191542 -8.10611 -0.92115 -0.0361321 0.387527 -35.8216 
0.392483 -0.00870471 0.919718 190.87 -0.0310607 0.999259 0.0227125 -8.10432 -0.919235 -0.0374814 0.391922 -35.5319 
0.394754 -0.0124763 0.918702 191.519 -0.0281895 0.999273 0.0256832 -8.09819 -0.918355 -0.0360363 0.394115 -35.2418 
0.39507 -0.0118748 0.918574 192.171 -0.0236789 0.999453 0.0231045 -8.09257 -0.918346 -0.0308787 0.394573 -34.9564 
0.394062 -0.0115639 0.919011 192.836 -0.0224185 0.999502 0.0221896 -8.09193 -0.91881 -0.029347 0.393607 -34.66 
0.393535 -0.0104256 0.91925 193.507 -0.0187306 0.999637 0.019356 -8.08283 -0.919119 -0.0248353 0.393197 -34.3659 
0.39339 -0.0123837 0.919288 194.186 -0.0154635 0.999679 0.0200839 -8.07424 -0.919242 -0.0221162 0.393072 -34.0725 
0.3928 -0.0182495 0.919443 194.87 -0.0118983 0.999619 0.024924 -8.06776 -0.919547 -0.02073 0.392433 -33.7735 
0.391504 -0.0210015 0.919937 195.551 -0.0119741 0.999539 0.0279147 -8.06217 -0.920099 -0.0219441 0.391072 -33.471 
0.389668 -0.0235894 0.920653 196.235 -0.0111765 0.999477 0.0303396 -8.05575 -0.920888 -0.0221121 0.389201 -33.1684 
0.388383 -0.0235689 0.921197 196.922 -0.0120909 0.999457 0.0306689 -8.04161 -0.921419 -0.0230494 0.387887 -32.8672 
0.386452 -0.0238503 0.922001 197.608 -0.0135734 0.99941 0.031542 -8.02991 -0.92221 -0.0247042 0.385901 -32.5645 
0.384857 -0.0227864 0.922695 198.295 -0.0143747 0.999426 0.0306771 -8.02545 -0.922864 -0.0250697 0.384309 -32.2633 
0.383643 -0.0193878 0.923278 198.983 -0.0132815 0.99956 0.0265085 -8.0194 -0.923386 -0.0224323 0.383217 -31.9683 
0.38321 -0.013365 0.923565 199.668 -0.0134788 0.999708 0.0200596 -8.01006 -0.923563 -0.0201356 0.382918 -31.6753 
0.382081 -0.0104683 0.92407 200.352 -0.0157238 0.999717 0.0178268 -8.00202 -0.923995 -0.0213412 0.381808 -31.3775 
0.380545 -0.0130179 0.924671 201.035 -0.0172179 0.999628 0.0211592 -7.99837 -0.924602 -0.0239729 0.380179 -31.0791 
0.379565 -0.0160822 0.925025 201.727 -0.0190328 0.999502 0.0251868 -7.99692 -0.924969 -0.0271659 0.37907 -30.7817 
0.377091 -0.0152972 0.92605 202.408 -0.022895 0.999404 0.0258319 -7.99428 -0.925893 -0.0309429 0.376516 -30.4858 
0.372406 -0.0150586 0.927948 203.09 -0.0256383 0.99932 0.0265061 -7.98718 -0.927716 -0.033662 0.371767 -30.1953 
0.365871 -0.0163963 0.930521 203.783 -0.0250856 0.999308 0.0274718 -7.97707 -0.930328 -0.0333938 0.365206 -29.9168 
0.357158 -0.0168679 0.933892 204.472 -0.0244512 0.999325 0.027401 -7.97387 -0.933724 -0.0326213 0.356504 -29.6483 
0.347215 -0.0158717 0.937651 205.164 -0.0220734 0.999441 0.0250915 -7.9736 -0.937526 -0.0294093 0.346671 -29.3896 
0.336488 -0.0125123 0.941605 205.855 -0.0230044 0.999504 0.0215025 -7.96683 -0.941407 -0.0288964 0.336033 -29.1337 
0.324941 -0.0124138 0.945653 206.55 -0.0258637 0.999423 0.0220069 -7.95631 -0.94538 -0.0316091 0.324433 -28.8823 
0.314064 -0.0204267 0.949182 207.255 -0.0206891 0.999384 0.0283527 -7.94877 -0.949176 -0.0285423 0.313448 -28.6469 
0.305576 -0.0292361 0.951719 207.964 -0.0162929 0.999222 0.0359267 -7.94386 -0.952028 -0.0264846 0.304862 -28.4193 
0.298429 -0.0346752 0.953802 208.672 -0.0160082 0.999017 0.0413277 -7.93119 -0.954298 -0.027602 0.297581 -28.1893 
0.294324 -0.0355579 0.955044 209.383 -0.0214451 0.99881 0.0437963 -7.91441 -0.955465 -0.0333713 0.293211 -27.9541 
0.291907 -0.0376697 0.955705 210.093 -0.0202457 0.998757 0.0455504 -7.89604 -0.956232 -0.0326454 0.290781 -27.7294 
0.290387 -0.0386721 0.956128 210.805 -0.0192364 0.998745 0.0462383 -7.87701 -0.956716 -0.0318195 0.289279 -27.5044 
0.289622 -0.0366881 0.956438 211.519 -0.0195399 0.99883 0.0442313 -7.85593 -0.956942 -0.0314991 0.288567 -27.2728 
0.289046 -0.0345615 0.956691 212.236 -0.0230306 0.998808 0.0430413 -7.83414 -0.957038 -0.0344741 0.287905 -27.0354 
0.289532 -0.0352077 0.956521 212.956 -0.0235034 0.99876 0.0438768 -7.81205 -0.95688 -0.0351852 0.288346 -26.8029 
0.291271 -0.0365929 0.955941 213.677 -0.023993 0.998674 0.0455393 -7.79103 -0.95634 -0.0362002 0.290007 -26.5699 
0.292765 -0.038549 0.955407 214.403 -0.0226415 0.998627 0.0472309 -7.77261 -0.955916 -0.0354594 0.29149 -26.337 
0.29466 -0.0397524 0.954775 215.132 -0.0189683 0.998694 0.047435 -7.75212 -0.955414 -0.0320877 0.293521 -26.1089 
0.297793 -0.0411773 0.953742 215.861 -0.0180779 0.998647 0.0487607 -7.7265 -0.954459 -0.0317622 0.296646 -25.8689 
0.301743 -0.0426308 0.952436 216.592 -0.0197919 0.998504 0.0509632 -7.70179 -0.953184 -0.0342283 0.300448 -25.6176 
0.307061 -0.0465577 0.95055 217.331 -0.021165 0.998222 0.0557297 -7.67337 -0.951455 -0.0372308 0.305529 -25.3596 
0.31205 -0.0502125 0.948738 218.068 -0.021892 0.997957 0.0600181 -7.64227 -0.949813 -0.0394984 0.310314 -25.1001 
0.316414 -0.0501362 0.947295 218.806 -0.0232086 0.997894 0.0605664 -7.61062 -0.948337 -0.0411494 0.314584 -24.8347 
0.320679 -0.0455659 0.946091 219.536 -0.0281895 0.997941 0.057618 -7.58376 -0.946768 -0.0451467 0.318734 -24.5626 
0.325311 -0.0395725 0.944779 220.27 -0.0329647 0.998042 0.0531541 -7.54785 -0.945032 -0.048436 0.32337 -24.2876 
0.329952 -0.036396 0.943296 221.009 -0.0368215 0.998 0.0513864 -7.51523 -0.943279 -0.0516886 0.327952 -24.0073 
0.33427 -0.036533 0.941769 221.748 -0.0387243 0.997872 0.0524541 -7.48779 -0.941682 -0.0540031 0.332144 -23.7245 
0.338231 -0.0342154 0.940441 222.487 -0.0403927 0.99789 0.0508329 -7.46299 -0.940196 -0.0551803 0.336136 -23.4387 
0.342256 -0.0315744 0.939076 223.223 -0.0406776 0.998 0.048381 -7.43682 -0.938726 -0.054758 0.340287 -23.1552 
0.346873 -0.0314739 0.937384 223.963 -0.0403516 0.998011 0.0484415 -7.41309 -0.937044 -0.054628 0.344913 -22.8648 
0.351745 -0.0328092 0.935521 224.715 -0.0401118 0.997939 0.0500798 -7.38762 -0.935236 -0.0551407 0.349705 -22.5745 
0.355987 -0.0333677 0.933895 225.454 -0.0359804 0.998132 0.049378 -7.36491 -0.933798 -0.0511798 0.354121 -22.2797 
0.360452 -0.0332624 0.932184 226.189 -0.0329705 0.998285 0.0483699 -7.34142 -0.932195 -0.0481696 0.358737 -21.9849 
0.364519 -0.0310401 0.930678 226.92 -0.0339774 0.998335 0.0466046 -7.31533 -0.930576 -0.0486103 0.362858 -21.6819 
0.369157 -0.0313851 0.928837 227.655 -0.0383992 0.998061 0.0489856 -7.29132 -0.928573 -0.05375 0.367236 -21.368 
0.373647 -0.0315345 0.927035 228.386 -0.0414635 0.997855 0.0506557 -7.26593 -0.926644 -0.0573654 0.371538 -21.05 
0.377731 -0.0292469 0.925453 229.112 -0.0386548 0.998132 0.047321 -7.24924 -0.925108 -0.0536478 0.375895 -20.7394 
0.381605 -0.0226813 0.924047 229.832 -0.0378157 0.998479 0.0401251 -7.22975 -0.923552 -0.0502555 0.380166 -20.4257 
0.384898 -0.0159364 0.922822 230.553 -0.0440523 0.998394 0.0356152 -7.20447 -0.921907 -0.0543606 0.383578 -20.0984 
0.387921 -0.0171102 0.921534 231.279 -0.0497103 0.997984 0.0394554 -7.18249 -0.920351 -0.0611153 0.386288 -19.7669 
0.390496 -0.0272905 0.9202 232.008 -0.0490557 0.997524 0.050401 -7.16047 -0.919297 -0.0648224 0.38819 -19.4394 
0.392464 -0.0395554 0.918916 232.747 -0.0453919 0.997024 0.0623043 -7.12847 -0.918647 -0.0661635 0.389501 -19.1152 
0.394228 -0.0473201 0.917794 233.478 -0.0466961 0.996352 0.0714284 -7.09407 -0.917826 -0.0710165 0.39058 -18.7841 
0.396554 -0.0491165 0.916696 234.21 -0.0479651 0.996095 0.07412 -7.05772 -0.916757 -0.073362 0.39265 -18.449 
0.399312 -0.044495 0.915735 234.931 -0.0477478 0.996457 0.069238 -7.01649 -0.915571 -0.0713718 0.395773 -18.1191 
0.403416 -0.0386936 0.914198 235.649 -0.0465564 0.996943 0.0627402 -6.97387 -0.913832 -0.0678721 0.400381 -17.7889 
0.40793 -0.0345147 0.912361 236.366 -0.046061 0.997235 0.0583202 -6.93815 -0.911851 -0.0658148 0.405212 -17.4528 
0.412079 -0.0325515 0.910566 237.084 -0.0443323 0.997462 0.0557207 -6.90467 -0.910069 -0.0633289 0.40959 -17.1143 
0.415927 -0.0303747 0.908891 237.792 -0.0438157 0.997612 0.0533908 -6.87346 -0.908342 -0.0620304 0.413603 -16.7705 
0.42 -0.0318067 0.906966 238.516 -0.0425672 0.997595 0.0546972 -6.839 -0.906525 -0.0615798 0.417636 -16.4221 
0.423438 -0.0369828 0.90517 239.239 -0.040792 0.997375 0.0598325 -6.80709 -0.905006 -0.062259 0.420817 -16.0713 
0.426483 -0.042867 0.903479 239.964 -0.0387971 0.99709 0.0656225 -6.77087 -0.903663 -0.0630393 0.423579 -15.7159 
0.428868 -0.0482697 0.902077 240.69 -0.0375223 0.996758 0.0711751 -6.73022 -0.902587 -0.0643727 0.425667 -15.355 
0.430919 -0.0535508 0.9008 241.418 -0.0356348 0.996449 0.0762837 -6.68509 -0.901687 -0.0649719 0.42748 -14.9935 
0.432565 -0.0601859 0.899592 242.152 -0.0341446 0.99596 0.0830517 -6.6365 -0.900956 -0.0666414 0.428763 -14.6302 
0.434291 -0.0608021 0.898718 242.88 -0.0344587 0.995868 0.0840264 -6.58776 -0.900113 -0.0674606 0.430402 -14.264 
0.436063 -0.0490174 0.89858 243.593 -0.0435287 0.996198 0.0754661 -6.54406 -0.898863 -0.072022 0.432271 -13.8899 
0.436664 -0.0354196 0.898927 244.304 -0.0453409 0.997088 0.0613122 -6.49843 -0.898481 -0.067531 0.433787 -13.5235 
0.437551 -0.0277264 0.898766 245.02 -0.045262 0.997578 0.0528099 -6.4535 -0.898054 -0.063787 0.435236 -13.1589 
0.437478 -0.03019 0.898722 245.749 -0.0448569 0.997459 0.0553422 -6.41587 -0.89811 -0.0645249 0.435012 -12.7895 
