1 -4.23778e-08 4.22719e-08 0 -4.23778e-08 1 -4.19404e-08 0 4.22719e-08 -4.19404e-08 1 0 
0.999986 -0.00439865 -0.00284491 -0.0189314 0.00439512 0.99999 -0.00121365 -0.0167008 0.00285031 0.00120105 0.999995 0.678164 
0.99998 -0.00236052 -0.00590061 -0.0664546 0.00234788 0.999995 -0.00213458 -0.0336496 0.0059057 0.00212059 0.99998 1.34624 
0.999947 -0.00267522 -0.00994956 -0.0801914 0.00263257 0.999987 -0.00428909 -0.0351323 0.00996099 0.00426259 0.999941 2.05677 
0.999892 -0.00199178 -0.0145419 -0.110682 0.00192918 0.999989 -0.00431199 -0.0467593 0.0145504 0.00428339 0.999885 2.78663 
0.999835 -0.00323926 -0.0178733 -0.141354 0.00317373 0.999988 -0.00368887 -0.0586463 0.0178851 0.00363145 0.999833 3.4837 
0.999754 -0.0029784 -0.0219573 -0.169176 0.00288768 0.999987 -0.0041581 -0.0809485 0.0219695 0.00409359 0.99975 4.2181 
0.999648 0.00202252 -0.026464 -0.21387 -0.00214923 0.999986 -0.00475702 -0.0928301 0.0264541 0.00481214 0.999638 4.99098 
0.999507 0.000941261 -0.031379 -0.238101 -0.00106633 0.999991 -0.00396657 -0.0890857 0.031375 0.00399799 0.9995 5.77436 
0.999391 0.000521781 -0.0348817 -0.303294 -0.000575634 0.999999 -0.00153145 -0.0817286 0.034881 0.00155051 0.99939 6.55442 
0.999264 0.000576177 -0.0383462 -0.343571 -0.000591016 1 -0.000373468 -0.0673264 0.038346 0.000395771 0.999264 7.38013 
0.999172 0.00200523 -0.0406344 -0.394407 -0.00205475 0.999997 -0.00117483 -0.0667853 0.040632 0.00125726 0.999173 8.21927 
0.99918 0.00209456 -0.0404299 -0.494589 -0.00209779 0.999998 -3.54093e-05 -0.107424 0.0404298 0.000120108 0.999182 8.97654 
0.999204 -0.0005115 -0.0398947 -0.578476 0.000487481 1 -0.000609693 -0.108089 0.0398951 0.000589674 0.999204 9.78657 
0.999138 -0.000175741 -0.0415015 -0.640092 0.000172624 1 -7.66828e-05 -0.110874 0.0415016 6.93669e-05 0.999138 10.6235 
0.999084 -0.0035954 -0.0426494 -0.694534 0.0036587 0.999992 0.00140808 -0.138079 0.0426441 -0.00156292 0.999089 11.4798 
0.999032 -0.000163819 -0.0439906 -0.752556 7.0788e-05 0.999998 -0.00211445 -0.128898 0.0439909 0.00210921 0.99903 12.3352 
0.998989 0.000288116 -0.0449629 -0.818969 -0.000551215 0.999983 -0.00583733 -0.131323 0.0449605 0.00585612 0.998972 13.1932 
0.998908 0.00448933 -0.0465038 -0.888057 -0.00485144 0.999959 -0.00767486 -0.142502 0.0464675 0.00789201 0.998889 14.0744 
0.998867 0.00495414 -0.0473391 -0.9419 -0.00532707 0.999956 -0.00775315 -0.145233 0.0472987 0.00799645 0.998849 14.9505 
0.998791 0.00411348 -0.0489908 -0.993704 -0.00440661 0.999973 -0.00587524 -0.163044 0.0489654 0.00608393 0.998782 15.8266 
0.998738 0.00467649 -0.0499979 -1.05642 -0.00496885 0.999971 -0.00572315 -0.163093 0.0499698 0.00596428 0.998733 16.7273 
0.998739 0.00390507 -0.0500456 -1.13177 -0.00418413 0.999976 -0.00547097 -0.180227 0.0500232 0.00567338 0.998732 17.6341 
0.99885 0.00321899 -0.0478381 -1.25283 -0.00364953 0.999954 -0.0089135 -0.161921 0.0478073 0.00907775 0.998815 18.5316 
0.998858 0.00185544 -0.0477335 -1.32379 -0.00229855 0.999955 -0.00922802 -0.178905 0.0477143 0.00932712 0.998817 19.4407 
0.998795 0.00231191 -0.0490147 -1.3727 -0.002669 0.99997 -0.00721952 -0.198207 0.0489967 0.00734155 0.998772 20.379 
0.998797 0.00447162 -0.0488251 -1.43045 -0.00464096 0.999984 -0.00335374 -0.203392 0.0488093 0.00357622 0.998802 21.2932 
0.998784 0.00429805 -0.0491044 -1.47001 -0.00428386 0.999991 0.000396007 -0.222579 0.0491057 -0.000185255 0.998793 22.2297 
0.998828 -0.000984947 -0.0483905 -1.50743 0.00121027 0.999988 0.00462891 -0.255266 0.0483855 -0.00468213 0.998818 23.1436 
0.998906 -0.000458991 -0.0467601 -1.56039 0.00072921 0.999983 0.0057637 -0.262111 0.0467567 -0.00579158 0.998889 24.1015 
0.998989 -0.000404884 -0.0449466 -1.62242 0.000565464 0.999993 0.00356188 -0.281197 0.0449449 -0.00358378 0.998983 25.0318 
0.999085 -0.000456053 -0.0427632 -1.70562 0.000440786 1 -0.000364494 -0.29645 0.0427634 0.000345226 0.999085 25.9558 
0.999207 -0.00111812 -0.0398036 -1.77962 0.000950517 0.999991 -0.00422745 -0.292399 0.039808 0.00418617 0.999198 26.8973 
0.999222 -0.00404198 -0.0392343 -1.83296 0.00392499 0.999988 -0.00305621 -0.31425 0.0392462 0.00289975 0.999225 27.8376 
0.99921 -0.00685427 -0.0391464 -1.88379 0.00691804 0.999975 0.00149587 -0.324428 0.0391352 -0.00176559 0.999232 28.8048 
0.999091 -0.0128284 -0.040649 -1.93631 0.0130323 0.999904 0.00475758 -0.334667 0.0405842 -0.00528309 0.999162 29.7998 
0.99896 -0.0192049 -0.0413424 -1.97912 0.0194011 0.999802 0.00435116 -0.347057 0.0412507 -0.00514881 0.999135 30.7732 
0.998882 -0.0215407 -0.0420711 -2.03367 0.0215827 0.999767 0.000547143 -0.351075 0.0420496 -0.00145463 0.999114 31.7454 
0.998884 -0.0203487 -0.0426129 -2.10606 0.0202173 0.999789 -0.00351138 -0.367875 0.0426755 0.00264586 0.999085 32.6715 
0.998955 -0.0189417 -0.0415887 -2.22329 0.0187448 0.999811 -0.00511759 -0.339758 0.0416778 0.00433259 0.999122 33.5627 
0.998919 -0.0192918 -0.0422969 -2.28462 0.0191043 0.999806 -0.00482955 -0.327388 0.0423819 0.00401619 0.999093 34.5374 
0.998926 -0.0177109 -0.0428151 -2.36867 0.0176346 0.999842 -0.00215649 -0.356134 0.0428466 0.00139906 0.999081 35.5269 
0.998981 -0.016725 -0.0419134 -2.46987 0.0167259 0.99986 -0.00032667 -0.388072 0.0419131 -0.00037479 0.999121 36.4861 
0.999002 -0.0146406 -0.0422001 -2.54642 0.0147343 0.99989 0.00191093 -0.389948 0.0421675 -0.0025309 0.999107 37.4597 
0.999029 -0.0148079 -0.0414923 -2.60412 0.0150086 0.999877 0.0045305 -0.397071 0.0414202 -0.00514893 0.999128 38.4323 
0.999118 -0.00809184 -0.0411904 -2.69313 0.00833561 0.999949 0.0057518 -0.393783 0.0411418 -0.00609016 0.999135 39.4033 
0.999194 -0.00692819 -0.0395452 -2.77409 0.00710344 0.999965 0.00429478 -0.39536 0.0395142 -0.00457231 0.999208 40.3818 
0.999206 -0.00776365 -0.0390869 -2.82693 0.0078977 0.999963 0.00327847 -0.420992 0.0390601 -0.00358464 0.99923 41.379 
0.999204 -0.00453648 -0.0396364 -2.87827 0.00454214 0.99999 5.48241e-05 -0.425778 0.0396358 -0.0002349 0.999214 42.3661 
0.999178 -0.00357052 -0.0403753 -2.94316 0.00359689 0.999993 0.000582492 -0.458198 0.0403731 -0.000727325 0.999184 43.365 
0.999131 -0.00457667 -0.0414187 -3.00098 0.00467226 0.999987 0.00221348 -0.47998 0.0414081 -0.00240516 0.999139 44.3395 
0.999146 -0.00317535 -0.0411995 -3.07006 0.00326722 0.999992 0.00216472 -0.479858 0.0411924 -0.00229757 0.999149 45.2871 
0.999155 -0.000843506 -0.0411009 -3.12491 0.000814482 0.999999 -0.000720886 -0.50644 0.0411016 0.000686715 0.999155 46.2608 
0.999104 -0.00011769 -0.042313 -3.17743 -0.000136893 0.999982 -0.00601176 -0.500328 0.0423131 0.00601208 0.999086 47.233 
0.999056 0.000856327 -0.0434276 -3.23059 -0.00120757 0.999967 -0.0080605 -0.505678 0.0434194 0.00810525 0.999024 48.1886 
0.999022 -0.000859882 -0.0441969 -3.27972 0.000622666 0.999985 -0.00537886 -0.515394 0.0442009 0.005346 0.999008 49.1512 
0.998976 -0.00236457 -0.0451829 -3.32122 0.00221314 0.999992 -0.00339921 -0.518691 0.0451907 0.00329565 0.998973 50.1295 
0.998995 -0.00274607 -0.0447304 -3.38374 0.00262083 0.999992 -0.0028565 -0.536122 0.044738 0.00273631 0.998995 51.0937 
0.99898 -0.00698783 -0.0446125 -3.44944 0.0068042 0.999968 -0.00426476 -0.543587 0.0446409 0.00395677 0.998995 52.046 
0.99895 -0.00943542 -0.0448336 -3.50189 0.00917992 0.99994 -0.00589931 -0.556681 0.0448867 0.00548146 0.998977 52.9577 
0.99896 -0.0109652 -0.0442567 -3.6002 0.0107864 0.999933 -0.00427419 -0.577779 0.0443006 0.00379229 0.999011 53.8855 
0.998922 -0.0134892 -0.0444145 -3.66992 0.0134779 0.999909 -0.000551313 -0.594704 0.044418 -4.7984e-05 0.999013 54.823 
0.998912 -0.0138098 -0.0445433 -3.7257 0.0140361 0.99989 0.00477458 -0.615263 0.0444725 -0.00539469 0.998996 55.773 
0.998956 -0.0116308 -0.0441672 -3.80025 0.0119281 0.999908 0.00647566 -0.622767 0.0440879 -0.00699581 0.999003 56.7185 
0.998928 -0.0106586 -0.0450481 -3.86232 0.0107625 0.99994 0.00206562 -0.629695 0.0450234 -0.00254832 0.998983 57.6489 
0.9989 -0.00862349 -0.0460847 -3.92253 0.00836806 0.999948 -0.00573086 -0.649288 0.0461318 0.00533884 0.998921 58.5693 
0.998936 -0.00644533 -0.0456624 -4.00041 0.00596061 0.999924 -0.0107417 -0.65976 0.0457282 0.010458 0.998899 59.491 
0.998892 -0.00191472 -0.0470212 -4.04282 0.00150045 0.99996 -0.00884232 -0.694821 0.0470363 0.00876189 0.998855 60.427 
0.998839 -3.88604e-05 -0.0481733 -4.10472 -0.000312905 0.999973 -0.0072928 -0.704418 0.0481724 0.00729932 0.998812 61.3057 
0.998778 0.00104935 -0.0494073 -4.15839 -0.00127822 0.999989 -0.0045993 -0.739092 0.049402 0.00465675 0.998768 62.1826 
0.998753 0.00321079 -0.0498255 -4.23195 -0.00347877 0.99998 -0.00529084 -0.749709 0.0498076 0.00545748 0.998744 63.0327 
0.998632 0.00419828 -0.0521211 -4.28997 -0.00450449 0.999973 -0.00575734 -0.753933 0.0520956 0.00598416 0.998624 63.9071 
0.998545 0.00415991 -0.0537637 -4.34863 -0.00443262 0.999978 -0.0049526 -0.787267 0.053742 0.00518363 0.998541 64.7413 
0.998437 0.00600068 -0.055561 -4.40184 -0.00623536 0.999972 -0.00404998 -0.823486 0.0555353 0.00439001 0.998447 65.558 
0.998448 0.00557929 -0.0554106 -4.49211 -0.00575567 0.999979 -0.00302258 -0.837187 0.0553927 0.00333673 0.998459 66.3152 
0.998421 0.00868118 -0.0555023 -4.58191 -0.00865082 0.999962 0.000788739 -0.87645 0.0555072 -0.000307438 0.998458 67.0596 
0.998351 0.00979995 -0.0565553 -4.6355 -0.00951229 0.99994 0.00535468 -0.888115 0.0566045 -0.00480797 0.998385 67.8463 
0.998244 0.0126754 -0.0578566 -4.69928 -0.0122578 0.999896 0.00756812 -0.909494 0.0579466 -0.00684572 0.998296 68.6219 
0.998192 0.0145985 -0.0583101 -4.79058 -0.0143949 0.999889 0.00391067 -0.942422 0.0583608 -0.00306431 0.998291 69.3801 
0.998087 0.0145771 -0.0600739 -4.84222 -0.0148273 0.999883 -0.00371955 -0.955387 0.0600128 0.00460308 0.998187 70.1104 
0.997987 0.0141063 -0.0618241 -4.89484 -0.0146573 0.999857 -0.00846657 -0.99087 0.0616959 0.00935561 0.998051 70.8091 
0.997978 0.0144776 -0.061882 -4.95521 -0.0150453 0.999849 -0.00871573 -1.01356 0.0617465 0.00962906 0.998045 71.4778 
0.997945 0.0173636 -0.0616781 -5.04306 -0.0176784 0.999833 -0.00455983 -1.04673 0.0615887 0.00564075 0.998086 72.1662 
0.998063 0.0165969 -0.059951 -5.18029 -0.0167325 0.999858 -0.00175821 -1.07429 0.0599134 0.00275785 0.9982 72.7918 
0.998068 0.0140382 -0.0605206 -5.24 -0.0143462 0.999886 -0.00465638 -1.09575 0.0604484 0.00551554 0.998156 73.4244 
0.998133 0.00717901 -0.0606499 -5.27813 -0.00791178 0.999898 -0.0118491 -1.05701 0.0605588 0.0123068 0.998089 74.0486 
0.998315 0.00321685 -0.0579423 -5.35231 -0.00414328 0.999865 -0.0158744 -1.09252 0.0578836 0.0160876 0.998194 74.6483 
0.998468 0.00508218 -0.0551017 -5.38459 -0.00595587 0.999859 -0.0157018 -1.12007 0.0550142 0.0160058 0.998357 75.2366 
0.998622 0.00985598 -0.0515466 -5.41776 -0.010552 0.999856 -0.0132469 -1.12463 0.0514087 0.0137725 0.998583 75.8201 
0.998948 0.00816594 -0.0451316 -5.49231 -0.00863738 0.99991 -0.0102589 -1.13802 0.0450438 0.0106378 0.998928 76.3747 
0.999194 0.00422577 -0.0399277 -5.50592 -0.0045104 0.999965 -0.00703929 -1.14455 0.0398966 0.00721362 0.999178 76.9235 
0.999491 -5.41056e-05 -0.0318944 -5.51657 -3.29033e-05 0.999996 -0.00272488 -1.16905 0.0318945 0.00272446 0.999487 77.4362 
0.99978 0.0031166 -0.0207353 -5.53744 -0.00317505 0.999991 -0.00278253 -1.18571 0.0207265 0.00284767 0.999781 77.9409 
0.999948 0.00798152 -0.00635988 -5.53453 -0.00800171 0.999963 -0.00314148 -1.19761 0.00633465 0.00319213 0.999975 78.4368 
0.999845 0.013151 0.0116868 -5.53458 -0.0131185 0.99991 -0.00286058 -1.20161 -0.0117233 0.00270674 0.999928 78.9319 
0.999383 0.0113302 0.0332549 -5.49643 -0.0112271 0.999931 -0.00328776 -1.19358 -0.0332898 0.00291229 0.999441 79.4146 
0.998155 0.00801799 0.060192 -5.46874 -0.00781008 0.999963 -0.0036901 -1.18134 -0.0602193 0.00321311 0.99818 79.8706 
0.995873 0.00692689 0.0904894 -5.42247 -0.00680138 0.999975 -0.00169629 -1.19528 -0.0904989 0.00107376 0.995896 80.3331 
0.992185 0.00646128 0.124611 -5.37371 -0.00651175 0.999979 -2.96771e-06 -1.20746 -0.124608 -0.000808567 0.992206 80.7666 
0.98666 0.00709148 0.16264 -5.29195 -0.00717688 0.999974 -6.30012e-05 -1.20174 -0.162636 -0.00110516 0.986685 81.1954 
0.97907 0.00695347 0.203403 -5.16406 -0.00699761 0.999975 -0.000502633 -1.20503 -0.203401 -0.000931294 0.979095 81.6173 
0.968696 0.00523003 0.248194 -5.05858 -0.00567808 0.999983 0.00108907 -1.23497 -0.248184 -0.00246432 0.96871 81.9814 
0.954726 0.00839524 0.297368 -4.92859 -0.00854895 0.999963 -0.000783937 -1.24667 -0.297364 -0.00179381 0.954763 82.3626 
0.936837 0.00860087 0.34966 -4.78003 -0.00808501 0.999963 -0.00293519 -1.26081 -0.349672 -7.72815e-05 0.936872 82.7059 
0.914666 0.00730088 0.404143 -4.58983 -0.00633071 0.999973 -0.00373702 -1.28615 -0.40416 0.000859551 0.914688 83.0449 
0.887595 0.00883264 0.46054 -4.38919 -0.00702706 0.999959 -0.00563512 -1.28883 -0.460571 0.0017654 0.887621 83.3763 
0.856093 0.00903643 0.516743 -4.16295 -0.00645598 0.999956 -0.00679102 -1.29874 -0.516782 0.0024776 0.856113 83.6817 
0.819312 0.00814126 0.573291 -3.9252 -0.00327153 0.999949 -0.0095249 -1.29675 -0.573339 0.00592827 0.819297 83.968 
0.779472 0.00864527 0.626377 -3.66593 -0.00220893 0.999936 -0.0110525 -1.30475 -0.626433 0.00723143 0.779442 84.2443 
0.736548 0.0067642 0.676352 -3.40017 -0.00142212 0.999963 -0.00845209 -1.32556 -0.676384 0.00526347 0.73653 84.4866 
0.691451 0.00627466 0.722396 -3.10212 -0.00320974 0.999979 -0.00561362 -1.33716 -0.722416 0.0015628 0.691457 84.7168 
0.643106 0.00426132 0.765766 -2.79933 -0.00277716 0.999991 -0.00323255 -1.35939 -0.765772 -4.78198e-05 0.643112 84.9368 
0.594036 0.00398025 0.804428 -2.48716 -0.000470354 0.999989 -0.00460066 -1.36168 -0.804438 0.00235456 0.594032 85.1187 
0.544692 0.00111312 0.838635 -2.15625 0.00582963 0.99997 -0.00511371 -1.36941 -0.838616 0.0076743 0.544669 85.2942 
0.497015 0.00480091 0.867728 -1.82388 0.00518894 0.99995 -0.00850468 -1.35851 -0.867726 0.00872952 0.496966 85.4315 
0.447694 0.00715721 0.894158 -1.48283 0.00200942 0.999957 -0.00901027 -1.37237 -0.894185 0.00583056 0.44766 85.5723 
0.400817 0.00949086 0.916109 -1.13632 0.00185848 0.999936 -0.0111725 -1.3779 -0.916156 0.00618069 0.400774 85.6918 
0.358788 0.00534301 0.933404 -0.782356 0.0100807 0.999903 -0.00959865 -1.39124 -0.933365 0.0128532 0.358699 85.7693 
0.317627 -0.00116192 0.948215 -0.424667 0.0241781 0.999684 -0.00687415 -1.39222 -0.947907 0.0251095 0.317555 85.8451 
0.282294 -0.00502669 0.959315 -0.067333 0.0280153 0.999603 -0.00300629 -1.39676 -0.958919 0.0277242 0.282323 85.9116 
0.247315 0.000257881 0.968935 0.297504 0.0241883 0.999687 -0.00644008 -1.39417 -0.968633 0.0250296 0.247231 86.0081 
0.215588 0.00886334 0.976444 0.679632 0.0190531 0.99973 -0.0132815 -1.38395 -0.976298 0.0214676 0.215361 86.0939 
0.18643 0.01281 0.982385 1.06404 0.0162361 0.999738 -0.0161176 -1.39989 -0.982334 0.0189549 0.186173 86.157 
0.160059 0.0138981 0.987009 1.44169 0.0176747 0.9997 -0.0169431 -1.41894 -0.986949 0.020157 0.159766 86.2031 
0.137924 0.0159562 0.990314 1.85675 0.0252792 0.999488 -0.0196248 -1.42298 -0.99012 0.0277411 0.13745 86.2222 
0.11679 0.0222997 0.992906 2.25948 0.0337784 0.99908 -0.0264116 -1.41969 -0.992582 0.0366234 0.115929 86.2515 
0.0965788 0.0290391 0.994902 2.71899 0.0355539 0.998836 -0.0326053 -1.42107 -0.99469 0.0385216 0.0954339 86.3107 
0.0785635 0.0292651 0.996479 3.15534 0.0307481 0.999022 -0.0317641 -1.43911 -0.996435 0.0331353 0.0775868 86.3523 
0.063489 0.0257939 0.997649 3.59197 0.0306134 0.999145 -0.0277808 -1.44826 -0.997513 0.0323052 0.0626451 86.3734 
0.0466978 0.0227945 0.998649 4.05311 0.0298008 0.999263 -0.0242021 -1.4666 -0.998464 0.0308908 0.0459841 86.4311 
0.0332853 0.0190015 0.999265 4.51217 0.0312677 0.99931 -0.0200439 -1.49919 -0.998957 0.0319119 0.0326682 86.43 
0.0231021 0.0187681 0.999557 5.11564 0.0334688 0.999249 -0.019536 -1.50715 -0.999173 0.0339053 0.0224566 86.4216 
0.0105726 0.0191996 0.99976 5.61646 0.0360059 0.99916 -0.0195689 -1.52568 -0.999296 0.0362042 0.0098724 86.455 
0.0023029 0.0207948 0.999781 6.16533 0.0384316 0.999043 -0.0208681 -1.52895 -0.999258 0.0384713 0.00150151 86.4684 
-0.00295535 0.0209353 0.999776 6.72267 0.0404645 0.998964 -0.0207988 -1.54803 -0.999177 0.040394 -0.00379942 86.4642 
-0.00789097 0.0217339 0.999733 7.28804 0.0410017 0.99893 -0.0213929 -1.56598 -0.999128 0.0408219 -0.00877365 86.45 
-0.0143653 0.0214718 0.999666 7.8981 0.0416088 0.998916 -0.0208579 -1.59079 -0.999031 0.0412953 -0.0152432 86.4565 
-0.0183662 0.0220741 0.999588 8.4889 0.0458536 0.998723 -0.0212126 -1.60464 -0.998779 0.0454451 -0.019355 86.436 
-0.0216623 0.0215472 0.999533 9.0876 0.0466566 0.9987 -0.0205182 -1.63078 -0.998676 0.0461904 -0.0226395 86.434 
-0.0240907 0.0213153 0.999482 9.76871 0.0451753 0.998775 -0.0202114 -1.64112 -0.998688 0.0446651 -0.0250241 86.3994 
-0.0263958 0.0215282 0.99942 10.4618 0.0483083 0.998627 -0.0202353 -1.65372 -0.998484 0.0477461 -0.0273996 86.3896 
-0.0261522 0.0198052 0.999462 11.0771 0.0527493 0.998438 -0.0184047 -1.69551 -0.998265 0.0522396 -0.0271561 86.3583 
-0.0248995 0.0201343 0.999487 11.7764 0.0559664 0.998257 -0.0187153 -1.71403 -0.998122 0.0554717 -0.0259829 86.3387 
-0.0229997 0.019491 0.999545 12.4702 0.0579613 0.998154 -0.0181302 -1.74355 -0.998054 0.057518 -0.024087 86.3472 
-0.0189334 0.0201075 0.999618 13.1951 0.0614297 0.997932 -0.0189101 -1.75319 -0.997932 0.0610483 -0.0201294 86.3419 
-0.0144115 0.0190865 0.999714 13.9375 0.0617502 0.997926 -0.0181623 -1.7821 -0.997988 0.0614708 -0.0155602 86.3325 
-0.0103235 0.0174399 0.999795 14.6907 0.064246 0.997794 -0.0167417 -1.80204 -0.997881 0.06406 -0.0114211 86.3359 
-0.00692859 0.0168 0.999835 15.4669 0.0631681 0.997869 -0.0163293 -1.81404 -0.997979 0.0630445 -0.00797505 86.3559 
-0.00267618 0.0133214 0.999908 16.2529 0.0606219 0.998074 -0.0131349 -1.84399 -0.998157 0.0605811 -0.0034786 86.3584 
0.00153563 0.0129489 0.999915 17.0322 0.0590685 0.998169 -0.0130171 -1.855 -0.998253 0.0590834 0.000767947 86.3733 
0.00505135 0.0141088 0.999888 17.8188 0.0562102 0.998315 -0.0143706 -1.87335 -0.998406 0.0562765 0.00424978 86.4042 
0.0067284 0.0180868 0.999814 18.5981 0.0541716 0.998362 -0.0184252 -1.89014 -0.998509 0.0542855 0.00573758 86.4503 
0.00833736 0.0236136 0.999686 19.4208 0.0491302 0.998504 -0.0239955 -1.90668 -0.998758 0.0493148 0.00716474 86.4765 
0.00824062 0.0263357 0.999619 20.2289 0.0469442 0.998541 -0.0266944 -1.93554 -0.998863 0.0471464 0.00699228 86.4998 
0.00831671 0.0260737 0.999625 21.0398 0.0438033 0.998691 -0.0264139 -1.95606 -0.999005 0.0440066 0.00716371 86.5221 
0.00973176 0.0238553 0.999668 21.8412 0.043236 0.99877 -0.0242549 -2.00176 -0.999017 0.0434577 0.00868839 86.5049 
0.00915085 0.0218095 0.99972 22.6586 0.0434192 0.99881 -0.0221871 -2.04191 -0.999015 0.0436101 0.00819301 86.5387 
0.00975193 0.0208316 0.999735 23.4668 0.0411381 0.998928 -0.0212161 -2.07526 -0.999106 0.0413341 0.0088845 86.5571 
0.00924173 0.0222097 0.999711 24.2821 0.0383451 0.99901 -0.0225487 -2.08499 -0.999222 0.0385424 0.00838094 86.5886 
0.00686083 0.0236376 0.999697 25.0488 0.035954 0.999068 -0.0238695 -2.10843 -0.99933 0.0361069 0.00600457 86.6537 
0.00475344 0.0245987 0.999686 25.848 0.0332177 0.999142 -0.0247433 -2.14266 -0.999437 0.0333249 0.00393225 86.6854 
0.00235004 0.0232636 0.999727 26.6636 0.0291799 0.999302 -0.0233224 -2.19703 -0.999571 0.0292267 0.00166957 86.6846 
-0.00106012 0.022948 0.999736 27.4764 0.0275373 0.999358 -0.0229102 -2.21825 -0.99962 0.0275058 -0.00169136 86.6855 
-0.00567629 0.019333 0.999797 28.2947 0.0266887 0.99946 -0.019175 -2.2557 -0.999628 0.0265744 -0.0061892 86.6891 
-0.0110328 0.0172095 0.999791 29.1092 0.0248082 0.999549 -0.0169316 -2.28574 -0.999631 0.0246162 -0.0114548 86.6836 
-0.017846 0.0186675 0.999666 29.9241 0.0242374 0.99954 -0.0182325 -2.29628 -0.999547 0.023904 -0.0182903 86.6846 
-0.0269006 0.0197828 0.999442 30.7175 0.022029 0.999573 -0.0191925 -2.31829 -0.999395 0.0215004 -0.0273249 86.6741 
-0.0384415 0.0208268 0.999044 31.55 0.0206899 0.999585 -0.0200421 -2.32797 -0.999047 0.0198997 -0.0388564 86.6738 
-0.0483751 0.0193938 0.998641 32.3323 0.0217619 0.999595 -0.0183583 -2.36398 -0.998592 0.0208442 -0.0487776 86.6342 
-0.0586366 0.019638 0.998086 33.1175 0.0219927 0.999589 -0.0183757 -2.38279 -0.998037 0.0208731 -0.0590444 86.5896 
-0.0702166 0.0189265 0.997352 33.8983 0.0228046 0.999589 -0.0173635 -2.40808 -0.997271 0.0215251 -0.0706194 86.5445 
-0.0810126 0.0187636 0.996536 34.6871 0.0223513 0.999605 -0.0170044 -2.44239 -0.996462 0.0208963 -0.0814 86.4809 
-0.0919382 0.0189148 0.995585 35.432 0.0249943 0.999548 -0.016682 -2.48394 -0.995451 0.0233502 -0.0923694 86.4297 
-0.101906 0.0203189 0.994586 36.1836 0.024174 0.999547 -0.0179434 -2.50252 -0.9945 0.0222146 -0.102351 86.3472 
-0.112659 0.0214697 0.993402 36.9366 0.0259828 0.999488 -0.0186547 -2.52977 -0.993294 0.0237098 -0.113159 86.2828 
-0.122418 0.0227135 0.992219 37.7002 0.0262751 0.999462 -0.0196376 -2.54393 -0.992131 0.0236667 -0.122949 86.2015 
-0.131222 0.0226283 0.991095 38.4349 0.0258645 0.999477 -0.0193953 -2.5821 -0.991015 0.0230891 -0.131738 86.0871 
-0.141933 0.0240637 0.989584 39.1892 0.026606 0.999436 -0.0204873 -2.59748 -0.989519 0.023421 -0.142493 86.0115 
-0.14906 0.022916 0.988563 39.9108 0.0279265 0.99943 -0.0189572 -2.63354 -0.988434 0.0247814 -0.149615 85.8833 
-0.156803 0.0223191 0.987378 40.6331 0.0295973 0.999402 -0.0178907 -2.64649 -0.987186 0.0264184 -0.15737 85.7822 
-0.161904 0.0209218 0.986585 41.3435 0.0320128 0.99936 -0.0159394 -2.65911 -0.986287 0.0290027 -0.162471 85.6621 
-0.1662 0.0192027 0.985905 42.0432 0.0353224 0.999285 -0.0135089 -2.67778 -0.985459 0.0325794 -0.16676 85.5513 
-0.169536 0.0183843 0.985352 42.7637 0.0344055 0.999327 -0.0127254 -2.69096 -0.984923 0.0317441 -0.170054 85.4483 
-0.169767 0.0174765 0.985329 43.4327 0.0357359 0.999294 -0.0115671 -2.71775 -0.984836 0.0332479 -0.170272 85.3206 
-0.171038 0.0181237 0.985098 44.0853 0.0360976 0.999275 -0.0121171 -2.73875 -0.984603 0.0334872 -0.171568 85.2295 
-0.170494 0.0188305 0.985179 44.7583 0.0366044 0.999248 -0.0127648 -2.75392 -0.984679 0.0338855 -0.171055 85.1272 
-0.168203 0.0203497 0.985542 45.4309 0.0363053 0.999236 -0.0144363 -2.76687 -0.985084 0.0333522 -0.168813 85.0363 
-0.162354 0.0214166 0.9865 46.0758 0.0366409 0.999206 -0.0156624 -2.77587 -0.986052 0.0336034 -0.163009 84.9177 
-0.154459 0.0210213 0.987776 46.6513 0.0361982 0.999223 -0.0156047 -2.8111 -0.987336 0.0333454 -0.1551 84.855 
-0.143061 0.0217309 0.989475 47.2332 0.0352985 0.999235 -0.0168418 -2.81894 -0.989084 0.0325176 -0.143719 84.7789 
-0.131273 0.0217573 0.991107 47.7542 0.0337656 0.999277 -0.0174644 -2.8349 -0.990771 0.0311727 -0.131913 84.7601 
-0.11399 0.0240432 0.993191 48.3151 0.0332589 0.999239 -0.0203725 -2.84626 -0.992925 0.0307102 -0.114703 84.7089 
-0.0938999 0.0268149 0.99522 48.8532 0.0311582 0.999227 -0.0239831 -2.85779 -0.995094 0.0287573 -0.0946628 84.6946 
-0.0688838 0.0294691 0.997189 49.3884 0.0294894 0.999187 -0.0274912 -2.88472 -0.997189 0.0275128 -0.0696968 84.6787 
-0.0411802 0.0312277 0.998664 49.905 0.0269917 0.999181 -0.0301309 -2.89813 -0.998787 0.0257148 -0.0419894 84.6898 
-0.00715104 0.0298382 0.999529 50.402 0.0242533 0.999266 -0.0296569 -2.93838 -0.99968 0.0240298 -0.00786946 84.6993 
0.0311509 0.0272117 0.999144 50.9631 0.0228819 0.999348 -0.0279307 -2.96503 -0.999253 0.0237324 0.0305079 84.7375 
0.0746531 0.0224535 0.996957 51.4454 0.0203874 0.999503 -0.0240375 -3.00645 -0.997001 0.0221198 0.0741582 84.7792 
0.121486 0.018425 0.992422 51.9262 0.0183222 0.999616 -0.0208015 -3.02496 -0.992424 0.0207104 0.121101 84.8599 
0.172203 0.016443 0.984924 52.4092 0.0147087 0.999706 -0.0192615 -3.02527 -0.984952 0.0178038 0.17191 84.9458 
0.225642 0.0145771 0.974101 52.8853 0.00987008 0.999802 -0.0172481 -3.04673 -0.97416 0.0135064 0.225454 85.0795 
0.283115 0.0133626 0.958993 53.3573 0.009604 0.999813 -0.0167668 -3.07797 -0.959038 0.0139571 0.282934 85.2302 
0.345757 0.0158843 0.938189 53.8186 0.0114224 0.999711 -0.0211356 -3.07042 -0.938254 0.0180241 0.345476 85.3878 
0.409927 0.021442 0.911866 54.268 0.0112524 0.999529 -0.0285619 -3.07436 -0.912049 0.021969 0.409492 85.5816 
0.470625 0.0262508 0.881943 54.6554 0.0114175 0.999292 -0.0358364 -3.07704 -0.88226 0.0269351 0.469992 85.8443 
0.530073 0.0303463 0.847409 55.04 0.00789672 0.999139 -0.0407196 -3.09283 -0.847915 0.0282761 0.529377 86.1365 
0.588671 0.0320371 0.807738 55.4205 0.00409193 0.999083 -0.0426087 -3.1248 -0.808362 0.0283877 0.588 86.4391 
0.644136 0.0326944 0.764212 55.7696 0.00300866 0.99897 -0.0452739 -3.12805 -0.764905 0.0314618 0.643374 86.7872 
0.69498 0.032447 0.718297 56.0537 0.000154181 0.998974 -0.0452752 -3.14683 -0.719029 0.031576 0.694262 87.1266 
0.742016 0.0299648 0.669712 56.3218 -0.00399719 0.99918 -0.0402775 -3.16729 -0.67037 0.0272096 0.741528 87.5121 
0.783826 0.0333331 0.620085 56.533 -0.0109426 0.999145 -0.0398777 -3.12601 -0.620884 0.0244718 0.78352 87.9038 
0.822438 0.0320298 0.567952 56.7449 -0.0158904 0.999317 -0.0333464 -3.15421 -0.568632 0.0184004 0.822386 88.2974 
0.856037 0.0284367 0.516131 56.9535 -0.0173772 0.999504 -0.0262476 -3.15992 -0.516622 0.0134999 0.856107 88.7308 
0.88354 0.0321256 0.467252 57.1159 -0.0243982 0.999447 -0.0225814 -3.16295 -0.467719 0.00855142 0.883835 89.1707 
0.905617 0.0340043 0.42273 57.2719 -0.0289004 0.999411 -0.018479 -3.17768 -0.42311 0.0045178 0.906067 89.6327 
0.922003 0.0404239 0.385066 57.3908 -0.037772 0.999182 -0.0144523 -3.21135 -0.385335 -0.00121974 0.922776 90.0509 
0.935528 0.045166 0.350353 57.5171 -0.0426548 0.998979 -0.0148854 -3.2219 -0.350667 -0.00101855 0.936499 90.5077 
0.946504 0.0466937 0.319294 57.6566 -0.0447515 0.998908 -0.013421 -3.24364 -0.319572 -0.00158594 0.94756 90.9717 
0.953386 0.0424727 0.298748 57.7715 -0.0404548 0.999098 -0.012939 -3.25613 -0.299028 0.00024999 0.954244 91.4021 
0.958259 0.0411668 0.282922 57.9081 -0.0388793 0.99915 -0.0136981 -3.25662 -0.283245 0.00212645 0.959045 91.8792 
0.961784 0.0455691 0.269991 58.0316 -0.0435626 0.99896 -0.0134227 -3.26803 -0.270322 0.00114816 0.962769 92.3736 
0.963983 0.0519967 0.260831 58.1362 -0.0503156 0.998647 -0.0131239 -3.27252 -0.261161 -0.000472759 0.965295 92.8718 
0.964585 0.0594328 0.256989 58.2132 -0.0577126 0.998232 -0.0142384 -3.28625 -0.257381 -0.00109743 0.966309 93.401 
0.965268 0.0649808 0.253051 58.3448 -0.0622494 0.997884 -0.018795 -3.28621 -0.253736 0.0023899 0.96727 93.8979 
0.965067 0.0663905 0.253452 58.4521 -0.0632961 0.997787 -0.020354 -3.31786 -0.254243 0.00360037 0.967134 94.4478 
0.964442 0.0643032 0.256354 58.5862 -0.059975 0.997895 -0.0246751 -3.32255 -0.257401 0.00842286 0.966268 94.9853 
0.963454 0.0640747 0.260096 58.7263 -0.0581184 0.997843 -0.0305353 -3.35462 -0.261492 0.014303 0.9651 95.5439 
0.962464 0.0646515 0.263595 58.8817 -0.057163 0.997716 -0.0359892 -3.36174 -0.26532 0.0195703 0.963962 96.0842 
0.961392 0.0679044 0.266671 59.0479 -0.0610235 0.997556 -0.0340159 -3.39826 -0.26833 0.0164293 0.963187 96.6406 
0.95963 0.0714561 0.272037 59.1996 -0.0661164 0.997397 -0.0287569 -3.44364 -0.273384 0.00960982 0.961857 97.2013 
0.958447 0.0682237 0.276991 59.3594 -0.0638564 0.997652 -0.0247682 -3.45727 -0.27803 0.00605132 0.960553 97.8042 
0.957737 0.0633195 0.28059 59.5468 -0.0598208 0.997988 -0.0210255 -3.45738 -0.281357 0.00335173 0.959597 98.3996 
0.956886 0.0602059 0.284154 59.7259 -0.0580224 0.998185 -0.0161036 -3.48415 -0.284608 -0.00107802 0.958643 99.0199 
0.956312 0.0549378 0.287138 59.9065 -0.052528 0.99849 -0.0160958 -3.49029 -0.287589 0.000309755 0.957754 99.652 
0.956633 0.0510747 0.286782 60.1009 -0.0475199 0.998683 -0.019347 -3.50497 -0.287393 0.00488002 0.9578 100.272 
0.956916 0.0505414 0.28593 60.2904 -0.0452245 0.99866 -0.0251728 -3.54345 -0.286819 0.0111572 0.95792 100.917 
0.957449 0.0525719 0.283774 60.4878 -0.0455171 0.99847 -0.0314027 -3.57196 -0.28499 0.0171499 0.958377 101.542 
0.958183 0.055203 0.280781 60.6687 -0.0469915 0.99825 -0.0359001 -3.58053 -0.282271 0.0212045 0.9591 102.215 
0.959045 0.0527744 0.278295 60.8606 -0.0457972 0.998453 -0.0315183 -3.60816 -0.279528 0.0174823 0.959978 102.91 
0.959602 0.0487243 0.277108 61.0576 -0.0435217 0.998742 -0.0248987 -3.61883 -0.277973 0.0118326 0.960516 103.614 
0.960491 0.0486345 0.27403 61.2475 -0.0453384 0.998803 -0.018353 -3.65635 -0.274594 0.00520376 0.961546 104.301 
0.960616 0.0521809 0.272936 61.4269 -0.0487352 0.998623 -0.0193939 -3.67307 -0.273572 0.00532846 0.961837 105.028 
0.960844 0.0582238 0.270902 61.5995 -0.0536946 0.998266 -0.0241075 -3.68516 -0.271836 0.00861747 0.962305 105.761 
0.961923 0.059795 0.266699 61.8002 -0.0539717 0.998118 -0.0291186 -3.70585 -0.267938 0.0136156 0.96334 106.497 
0.963185 0.057737 0.262568 61.9919 -0.0510172 0.998174 -0.032345 -3.72905 -0.263955 0.0177587 0.964371 107.254 
0.964217 0.0558935 0.259153 62.1829 -0.0493167 0.998276 -0.0318161 -3.7431 -0.260485 0.017897 0.965312 108.029 
0.965483 0.0517067 0.255281 62.4007 -0.0457095 0.998523 -0.0293743 -3.7754 -0.256423 0.0166916 0.96642 108.819 
0.966231 0.0496126 0.252857 62.6077 -0.044242 0.998659 -0.0268856 -3.8051 -0.253851 0.0147907 0.96713 109.607 
0.96696 0.0461125 0.250721 62.8049 -0.0413585 0.998851 -0.0242004 -3.82945 -0.251549 0.0130313 0.967757 110.384 
0.967392 0.0404483 0.250032 63.0048 -0.0355362 0.999077 -0.0241311 -3.84268 -0.250777 0.0144589 0.967937 111.168 
0.967517 0.0406881 0.24951 63.1903 -0.0363623 0.999098 -0.0219243 -3.88506 -0.250177 0.0121393 0.968124 111.943 
0.967224 0.0460416 0.249716 63.3836 -0.0415122 0.998864 -0.0233776 -3.9189 -0.250509 0.012245 0.968037 112.757 
0.966865 0.0513144 0.250076 63.579 -0.04597 0.998573 -0.0271695 -3.94522 -0.251113 0.0147732 0.967845 113.593 
0.966064 0.060114 0.251208 63.769 -0.0547362 0.998098 -0.0283472 -3.98431 -0.252435 0.013635 0.967518 114.431 
0.964744 0.0661557 0.254739 63.9432 -0.0611801 0.99775 -0.0274155 -4.02731 -0.25598 0.0108639 0.966621 115.243 
0.963914 0.068621 0.257217 64.1585 -0.0638549 0.997598 -0.0268474 -4.04173 -0.258442 0.00945396 0.965981 116.087 
0.963489 0.0693187 0.25862 64.3916 -0.0645143 0.997551 -0.0270286 -4.08283 -0.25986 0.009357 0.965601 116.881 
0.963047 0.06783 0.260652 64.6002 -0.0622753 0.997622 -0.0295214 -4.11545 -0.262035 0.0121982 0.964981 117.711 
0.963166 0.0616945 0.261734 64.8344 -0.0560453 0.998007 -0.0290017 -4.14063 -0.263002 0.0132644 0.964704 118.556 
0.963674 0.0545335 0.261455 65.0587 -0.0483811 0.998381 -0.029916 -4.18647 -0.262663 0.0161798 0.964752 119.394 
0.963476 0.054273 0.262237 65.2759 -0.0479483 0.998385 -0.0304624 -4.21216 -0.263467 0.0167759 0.964523 120.215 
0.962573 0.0580093 0.26474 65.4666 -0.0527056 0.998242 -0.0270998 -4.25369 -0.265847 0.0121322 0.963939 121.043 
0.962211 0.0588129 0.265877 65.6767 -0.0549489 0.998248 -0.0219556 -4.29043 -0.266703 0.00651612 0.963757 121.869 
0.961806 0.0620908 0.266596 65.8959 -0.0595441 0.99807 -0.017634 -4.32569 -0.267177 0.00108619 0.963647 122.711 
0.961397 0.0616289 0.268174 66.0941 -0.0572559 0.998068 -0.0241051 -4.36276 -0.269142 0.00781996 0.963069 123.534 
0.961802 0.0591586 0.267276 66.3194 -0.0507772 0.99798 -0.0381686 -4.40007 -0.268994 0.023139 0.962864 124.337 
0.961776 0.0576134 0.267707 66.5104 -0.0465321 0.997784 -0.0475608 -4.43664 -0.269854 0.0332858 0.962326 125.159 
0.961986 0.0542113 0.267663 66.72 -0.0455015 0.998217 -0.0386416 -4.46867 -0.269281 0.0249935 0.962737 125.981 
0.962537 0.0468724 0.267068 66.9375 -0.0438304 0.998888 -0.017344 -4.5111 -0.267584 0.00498843 0.963522 126.8 
0.963079 0.0421982 0.265891 67.1684 -0.0432211 0.999063 -0.00200606 -4.54773 -0.265727 -0.0095602 0.964001 127.634 
0.963367 0.0467394 0.264082 67.3851 -0.0462561 0.998897 -0.0080517 -4.57021 -0.264167 -0.00445876 0.964466 128.422 
0.963656 0.0553653 0.261346 67.5868 -0.0512661 0.998432 -0.0224824 -4.61256 -0.262181 0.00826704 0.964983 129.215 
0.96405 0.0555255 0.259856 67.7919 -0.0492225 0.998316 -0.0307059 -4.63466 -0.261123 0.0168112 0.965159 130.015 
0.964815 0.0518165 0.257771 68.0013 -0.0450262 0.998467 -0.0321803 -4.65444 -0.259044 0.0194415 0.96567 130.81 
0.965643 0.0512064 0.254776 68.2036 -0.0450554 0.998536 -0.0299248 -4.69714 -0.255935 0.0174176 0.966537 131.605 
0.96666 0.0503405 0.251068 68.3931 -0.04404 0.998559 -0.0306546 -4.73949 -0.252249 0.0185755 0.967484 132.396 
0.967901 0.0511189 0.246078 68.5863 -0.0445073 0.998485 -0.032359 -4.76908 -0.247359 0.020368 0.96871 133.186 
0.968415 0.0557689 0.243026 68.7796 -0.0493613 0.998256 -0.0323814 -4.81331 -0.244408 0.0193625 0.969479 134.005 
0.968372 0.0617557 0.241748 68.9397 -0.0557101 0.997941 -0.0317707 -4.86257 -0.243213 0.0172979 0.969819 134.811 
0.969174 0.061658 0.238535 69.1298 -0.0558967 0.99796 -0.0308492 -4.8857 -0.239951 0.0165649 0.970644 135.599 
0.96958 0.0598349 0.237347 69.3168 -0.0553749 0.998142 -0.0254203 -4.93351 -0.238427 0.0115039 0.971092 136.386 
0.970008 0.0586975 0.235878 69.4993 -0.0541951 0.998204 -0.0255323 -4.96802 -0.236953 0.0119831 0.971447 137.188 
0.970684 0.0584573 0.233142 69.6803 -0.0533089 0.998176 -0.0283289 -5.00355 -0.234373 0.0150698 0.97203 137.975 
0.972171 0.0526915 0.228268 69.8527 -0.0466003 0.998401 -0.0319967 -5.03981 -0.229589 0.0204688 0.973072 138.761 
0.974116 0.0494007 0.220584 70.041 -0.0431357 0.99852 -0.0331323 -5.07208 -0.221894 0.0227596 0.974805 139.505 
0.975472 0.0484841 0.214719 70.191 -0.043254 0.998643 -0.0289931 -5.07732 -0.215833 0.0189944 0.976245 140.294 
0.977069 0.0441104 0.208304 70.3562 -0.0410917 0.998978 -0.0187994 -5.14393 -0.20892 0.00980874 0.977883 141.082 
0.978121 0.0419454 0.203763 70.551 -0.040595 0.999117 -0.010805 -5.1437 -0.204037 0.00229672 0.97896 141.873 
0.978777 0.0482075 0.199179 70.6949 -0.0475284 0.998836 -0.00819291 -5.15577 -0.199342 -0.00144771 0.979929 142.673 
0.979625 0.0500596 0.194498 70.8295 -0.0486435 0.998743 -0.0120533 -5.19434 -0.194857 0.00234659 0.980829 143.461 
0.981128 0.0506244 0.186614 70.9675 -0.0474054 0.99864 -0.0216753 -5.22923 -0.187457 0.0124197 0.982194 144.25 
0.982355 0.0487722 0.180557 71.0978 -0.0447206 0.998649 -0.0264458 -5.26793 -0.181602 0.0179044 0.983209 145.046 
0.983428 0.0490505 0.174535 71.2099 -0.045452 0.998665 -0.0245583 -5.30509 -0.175507 0.0162183 0.984345 145.833 
0.98429 0.0555387 0.167599 71.3184 -0.0528636 0.998394 -0.0203847 -5.34169 -0.168462 0.0112045 0.985644 146.648 
0.985227 0.0613584 0.159881 71.4153 -0.0586478 0.998044 -0.0216227 -5.37814 -0.160895 0.0119265 0.986899 147.476 
0.986578 0.0642841 0.150106 71.5005 -0.0609225 0.99778 -0.0268925 -5.3991 -0.151502 0.0173866 0.988304 148.306 
0.988023 0.0619234 0.141336 71.6054 -0.0583945 0.997873 -0.0289846 -5.43311 -0.14283 0.0203841 0.989537 149.12 
0.98925 0.0621543 0.13237 71.7134 -0.059231 0.997908 -0.0259131 -5.46018 -0.133703 0.017794 0.990862 149.93 
0.989829 0.0665676 0.125726 71.7833 -0.0646558 0.997722 -0.0192315 -5.48611 -0.12672 0.0109069 0.991879 150.746 
0.990484 0.070123 0.118419 71.8494 -0.0689756 0.997523 -0.0137658 -5.50393 -0.119091 0.00546674 0.992868 151.564 
0.991425 0.0683827 0.111359 71.9142 -0.067712 0.997657 -0.00979926 -5.53511 -0.111768 0.0021748 0.993732 152.41 
0.991961 0.0701971 0.105286 71.9829 -0.0697381 0.997533 -0.00804006 -5.54681 -0.105591 0.000632893 0.994409 153.232 
0.992355 0.0704315 0.101342 72.0391 -0.0698129 0.997513 -0.00964323 -5.57616 -0.101769 0.00249447 0.994805 154.066 
0.992367 0.0759905 0.0971282 72.0803 -0.0749852 0.997087 -0.0139652 -5.61401 -0.0979064 0.0065753 0.995174 154.877 
0.992274 0.0823644 0.0927769 72.1334 -0.0808425 0.996525 -0.0200515 -5.64187 -0.0941059 0.0123962 0.995485 155.689 
0.992445 0.0839989 0.0894299 72.1978 -0.0822981 0.996353 -0.022546 -5.6636 -0.0909974 0.0150157 0.995738 156.494 
0.992508 0.0852587 0.0875095 72.2412 -0.0841402 0.996319 -0.0163995 -5.68263 -0.0885854 0.00891346 0.996029 157.321 
0.992481 0.087484 0.085601 72.2975 -0.0873039 0.996164 -0.00585313 -5.70825 -0.0857847 -0.00166426 0.996312 158.151 
0.992525 0.0895109 0.0829532 72.3455 -0.0900137 0.995938 0.0023324 -5.74006 -0.0824073 -0.00978196 0.996551 158.976 
0.993365 0.0851593 0.077285 72.3947 -0.0852619 0.996357 -0.00197807 -5.73111 -0.0771718 -0.00462461 0.997007 159.78 
0.99464 0.0744206 0.0717863 72.444 -0.0738037 0.99721 -0.0112129 -5.75077 -0.0724204 0.00585464 0.997357 160.602 
0.995321 0.071958 0.0644855 72.4886 -0.0710209 0.997335 -0.0167112 -5.75442 -0.065516 0.0120531 0.997779 161.419 
0.995393 0.0767246 0.0574924 72.5156 -0.0759636 0.996993 -0.0153109 -5.77506 -0.0584941 0.010873 0.998228 162.248 
0.996014 0.0736855 0.0502582 72.5416 -0.0733587 0.997271 -0.0083216 -5.8017 -0.0507341 0.00460148 0.998702 163.074 
0.996624 0.069632 0.0434949 72.5589 -0.0694791 0.997571 -0.00502159 -5.80895 -0.0437388 0.00198258 0.999041 163.903 
0.997515 0.0598498 0.0371764 72.5941 -0.0598334 0.998207 -0.00155522 -5.80374 -0.0372028 -0.000673119 0.999307 164.73 
0.998011 0.055121 0.0305877 72.6155 -0.0551195 0.998479 -0.000895448 -5.82413 -0.0305905 -0.000792392 0.999532 165.58 
0.998313 0.0531677 0.0233316 72.6341 -0.0530236 0.99857 -0.00675415 -5.85035 -0.0236573 0.00550555 0.999705 166.404 
0.998842 0.0451628 0.0165744 72.63 -0.0449011 0.998866 -0.015844 -5.88007 -0.0172711 0.0150814 0.999737 167.237 
0.999366 0.0351968 0.00542667 72.7082 -0.0350956 0.999226 -0.017754 -5.92154 -0.00604727 0.0175522 0.999828 168.025 
0.99929 0.0376399 -0.00169442 72.6965 -0.0376556 0.999237 -0.0103953 -5.93088 0.00130193 0.0104517 0.999944 168.876 
0.998779 0.0488819 -0.00715917 72.6654 -0.0488615 0.998801 0.00300357 -5.94624 0.0072975 -0.00265018 0.99997 169.726 
0.998536 0.0525678 -0.0127072 72.6514 -0.0524133 0.998551 0.0122099 -5.9687 0.0133307 -0.0115261 0.999845 170.559 
0.998453 0.053193 -0.0161964 72.6189 -0.0530487 0.998549 0.00922172 -5.96932 0.0166635 -0.00834834 0.999826 171.399 
0.99831 0.0549122 -0.0190358 72.5878 -0.0549446 0.998489 -0.00118077 -5.9782 0.0189423 0.00222461 0.999818 172.232 
0.997578 0.0659485 -0.0221138 72.5399 -0.0661991 0.997748 -0.0107936 -5.98365 0.0213522 0.0122313 0.999697 173.058 
0.997587 0.0646796 -0.0252269 72.5161 -0.0650356 0.997791 -0.013555 -6.00686 0.0242945 0.0151629 0.99959 173.884 
0.997886 0.0595468 -0.0260265 72.4636 -0.0598126 0.998164 -0.00955182 -6.01129 0.02541 0.0110883 0.999616 174.735 
0.997913 0.0597335 -0.0245393 72.4206 -0.059764 0.998212 -0.000507022 -6.03749 0.0244653 0.00197245 0.999699 175.609 
0.997822 0.0614084 -0.0240961 72.3708 -0.0613107 0.998107 0.00477805 -6.04677 0.024344 -0.00329037 0.999698 176.492 
0.997841 0.0610317 -0.0242554 72.316 -0.0609443 0.998132 0.00433154 -6.05236 0.0244745 -0.00284405 0.999696 177.345 
0.997886 0.0589964 -0.0272616 72.2941 -0.059172 0.998232 -0.00567711 -6.05582 0.0268785 0.00727815 0.999612 178.184 
0.99832 0.0491649 -0.0306682 72.2813 -0.0496977 0.998622 -0.0168541 -6.07516 0.0297974 0.0183498 0.999387 179.038 
0.998695 0.0385411 -0.03351 72.2624 -0.0392583 0.999008 -0.0210116 -6.09548 0.032667 0.0222997 0.999217 179.898 
0.998608 0.0403028 -0.0340371 72.2075 -0.0408539 0.999042 -0.0156515 -6.12175 0.0333738 0.0170202 0.999298 180.736 
0.998382 0.0459241 -0.0335142 72.1391 -0.0461291 0.998921 -0.00536644 -6.14203 0.0332317 0.00690366 0.999424 181.589 
0.998218 0.0472188 -0.0364758 72.1102 -0.0472864 0.998881 -0.000991836 -6.17353 0.0363882 0.0027148 0.999334 182.431 
0.99823 0.0456713 -0.0380856 72.0753 -0.0460023 0.99891 -0.00785765 -6.16066 0.0376853 0.00959568 0.999243 183.263 
0.998177 0.0468352 -0.0380629 72.0378 -0.0473992 0.998777 -0.0140493 -6.18057 0.0373585 0.0158277 0.999176 184.088 
0.997834 0.0528751 -0.0391207 71.9899 -0.0534651 0.998469 -0.0141888 -6.1982 0.0383107 0.0162496 0.999134 184.926 
0.997661 0.0562603 -0.038834 71.9374 -0.0567311 0.998327 -0.0111258 -6.22154 0.0381432 0.0133028 0.999184 185.773 
0.997328 0.0615495 -0.0393405 71.8867 -0.0618928 0.998054 -0.00756485 -6.24661 0.0387985 0.00997945 0.999197 186.6 
0.997152 0.0644716 -0.0391225 71.8409 -0.0647301 0.997888 -0.00537352 -6.25975 0.0386935 0.00789054 0.99922 187.419 
0.996968 0.0665155 -0.0403697 71.7934 -0.0667909 0.997752 -0.00550815 -6.27284 0.0399127 0.0081877 0.99917 188.245 
