1 -4.23778e-08 4.22719e-08 0 -4.23778e-08 1 -4.19404e-08 0 4.22719e-08 -4.19404e-08 1 0 
0.999986 -0.00439865 -0.00284491 -0.0189314 0.00439512 0.99999 -0.00121365 -0.0167008 0.00285031 0.00120105 0.999995 0.678164 
0.99998 -0.00236052 -0.00590061 -0.0664546 0.00234788 0.999995 -0.00213458 -0.0336496 0.0059057 0.00212059 0.99998 1.34624 
0.999947 -0.00267522 -0.00994956 -0.0801914 0.00263257 0.999987 -0.00428909 -0.0351323 0.00996099 0.00426259 0.999941 2.05677 
0.999892 -0.00199178 -0.0145419 -0.110682 0.00192918 0.999989 -0.00431199 -0.0467593 0.0145504 0.00428339 0.999885 2.78663 
0.999835 -0.00323926 -0.0178733 -0.141354 0.00317373 0.999988 -0.00368887 -0.0586463 0.0178851 0.00363145 0.999833 3.4837 
0.999754 -0.0029784 -0.0219573 -0.169176 0.00288768 0.999987 -0.0041581 -0.0809485 0.0219695 0.00409359 0.99975 4.2181 
0.999648 0.00202252 -0.026464 -0.21387 -0.00214923 0.999986 -0.00475702 -0.0928301 0.0264541 0.00481214 0.999638 4.99098 
0.999507 0.000941261 -0.031379 -0.238101 -0.00106633 0.999991 -0.00396657 -0.0890857 0.031375 0.00399799 0.9995 5.77436 
0.999391 0.000521781 -0.0348817 -0.303294 -0.000575634 0.999999 -0.00153145 -0.0817286 0.034881 0.00155051 0.99939 6.55442 
0.999264 0.000576177 -0.0383462 -0.343571 -0.000591016 1 -0.000373468 -0.0673264 0.038346 0.000395771 0.999264 7.38013 
0.999172 0.00200523 -0.0406344 -0.394407 -0.00205475 0.999997 -0.00117483 -0.0667853 0.040632 0.00125726 0.999173 8.21927 
0.99918 0.00209456 -0.0404299 -0.494589 -0.00209779 0.999998 -3.54093e-05 -0.107424 0.0404298 0.000120108 0.999182 8.97654 
0.999204 -0.0005115 -0.0398947 -0.578476 0.000487481 1 -0.000609693 -0.108089 0.0398951 0.000589674 0.999204 9.78657 
0.999138 -0.000175741 -0.0415015 -0.640092 0.000172624 1 -7.66828e-05 -0.110874 0.0415016 6.93669e-05 0.999138 10.6235 
0.999084 -0.0035954 -0.0426494 -0.694534 0.0036587 0.999992 0.00140808 -0.138079 0.0426441 -0.00156292 0.999089 11.4798 
0.999032 -0.000163819 -0.0439906 -0.752556 7.0788e-05 0.999998 -0.00211445 -0.128898 0.0439909 0.00210921 0.99903 12.3352 
0.998989 0.000288116 -0.0449629 -0.818969 -0.000551215 0.999983 -0.00583733 -0.131323 0.0449605 0.00585612 0.998972 13.1932 
0.998908 0.00448933 -0.0465038 -0.888057 -0.00485144 0.999959 -0.00767486 -0.142502 0.0464675 0.00789201 0.998889 14.0744 
0.998867 0.00495414 -0.0473391 -0.9419 -0.00532707 0.999956 -0.00775315 -0.145233 0.0472987 0.00799645 0.998849 14.9505 
0.998791 0.00411348 -0.0489908 -0.993704 -0.00440661 0.999973 -0.00587524 -0.163044 0.0489654 0.00608393 0.998782 15.8266 
0.998738 0.00467649 -0.0499979 -1.05642 -0.00496885 0.999971 -0.00572315 -0.163093 0.0499698 0.00596428 0.998733 16.7273 
0.998739 0.00390507 -0.0500456 -1.13177 -0.00418413 0.999976 -0.00547097 -0.180227 0.0500232 0.00567338 0.998732 17.6341 
0.99885 0.00321899 -0.0478381 -1.25283 -0.00364953 0.999954 -0.0089135 -0.161921 0.0478073 0.00907775 0.998815 18.5316 
0.998858 0.00185544 -0.0477335 -1.32379 -0.00229855 0.999955 -0.00922802 -0.178905 0.0477143 0.00932712 0.998817 19.4407 
0.998795 0.00231191 -0.0490147 -1.3727 -0.002669 0.99997 -0.00721952 -0.198207 0.0489967 0.00734155 0.998772 20.379 
0.998797 0.00447162 -0.0488251 -1.43045 -0.00464096 0.999984 -0.00335374 -0.203392 0.0488093 0.00357622 0.998802 21.2932 
0.998784 0.00429805 -0.0491044 -1.47001 -0.00428386 0.999991 0.000396007 -0.222579 0.0491057 -0.000185255 0.998793 22.2297 
0.998828 -0.000984947 -0.0483905 -1.50743 0.00121027 0.999988 0.00462891 -0.255266 0.0483855 -0.00468213 0.998818 23.1436 
0.998906 -0.000458991 -0.0467601 -1.56039 0.00072921 0.999983 0.0057637 -0.262111 0.0467567 -0.00579158 0.998889 24.1015 
0.998989 -0.000404884 -0.0449466 -1.62242 0.000565464 0.999993 0.00356188 -0.281197 0.0449449 -0.00358378 0.998983 25.0318 
0.999085 -0.000456053 -0.0427632 -1.70562 0.000440786 1 -0.000364494 -0.29645 0.0427634 0.000345226 0.999085 25.9558 
0.999207 -0.00111812 -0.0398036 -1.77962 0.000950517 0.999991 -0.00422745 -0.292399 0.039808 0.00418617 0.999198 26.8973 
0.999222 -0.00404198 -0.0392343 -1.83296 0.00392499 0.999988 -0.00305621 -0.31425 0.0392462 0.00289975 0.999225 27.8376 
0.99921 -0.00685427 -0.0391464 -1.88379 0.00691804 0.999975 0.00149587 -0.324428 0.0391352 -0.00176559 0.999232 28.8048 
0.999091 -0.0128284 -0.040649 -1.93631 0.0130323 0.999904 0.00475758 -0.334667 0.0405842 -0.00528309 0.999162 29.7998 
0.99896 -0.0192049 -0.0413424 -1.97912 0.0194011 0.999802 0.00435116 -0.347057 0.0412507 -0.00514881 0.999135 30.7732 
0.998882 -0.0215407 -0.0420711 -2.03367 0.0215827 0.999767 0.000547143 -0.351075 0.0420496 -0.00145463 0.999114 31.7454 
0.998884 -0.0203487 -0.0426129 -2.10606 0.0202173 0.999789 -0.00351138 -0.367875 0.0426755 0.00264586 0.999085 32.6715 
0.998955 -0.0189417 -0.0415887 -2.22329 0.0187448 0.999811 -0.00511759 -0.339758 0.0416778 0.00433259 0.999122 33.5627 
0.998919 -0.0192918 -0.0422969 -2.28462 0.0191043 0.999806 -0.00482955 -0.327388 0.0423819 0.00401619 0.999093 34.5374 
0.998926 -0.0177109 -0.0428151 -2.36867 0.0176346 0.999842 -0.00215649 -0.356134 0.0428466 0.00139906 0.999081 35.5269 
0.998981 -0.016725 -0.0419134 -2.46987 0.0167259 0.99986 -0.00032667 -0.388072 0.0419131 -0.00037479 0.999121 36.4861 
0.999002 -0.0146406 -0.0422001 -2.54642 0.0147343 0.99989 0.00191093 -0.389948 0.0421675 -0.0025309 0.999107 37.4597 
0.999029 -0.0148079 -0.0414923 -2.60412 0.0150086 0.999877 0.0045305 -0.397071 0.0414202 -0.00514893 0.999128 38.4323 
0.999118 -0.00809184 -0.0411904 -2.69313 0.00833561 0.999949 0.0057518 -0.393783 0.0411418 -0.00609016 0.999135 39.4033 
0.999194 -0.00692819 -0.0395452 -2.77409 0.00710344 0.999965 0.00429478 -0.39536 0.0395142 -0.00457231 0.999208 40.3818 
0.999206 -0.00776365 -0.0390869 -2.82693 0.0078977 0.999963 0.00327847 -0.420992 0.0390601 -0.00358464 0.99923 41.379 
0.999204 -0.00453648 -0.0396364 -2.87827 0.00454214 0.99999 5.48241e-05 -0.425778 0.0396358 -0.0002349 0.999214 42.3661 
0.999178 -0.00357052 -0.0403753 -2.94316 0.00359689 0.999993 0.000582492 -0.458198 0.0403731 -0.000727325 0.999184 43.365 
0.999131 -0.00457667 -0.0414187 -3.00098 0.00467226 0.999987 0.00221348 -0.47998 0.0414081 -0.00240516 0.999139 44.3395 
0.999146 -0.00317535 -0.0411995 -3.07006 0.00326722 0.999992 0.00216472 -0.479858 0.0411924 -0.00229757 0.999149 45.2871 
0.999155 -0.000843506 -0.0411009 -3.12491 0.000814482 0.999999 -0.000720886 -0.50644 0.0411016 0.000686715 0.999155 46.2608 
0.999104 -0.00011769 -0.042313 -3.17743 -0.000136893 0.999982 -0.00601176 -0.500328 0.0423131 0.00601208 0.999086 47.233 
0.999056 0.000856327 -0.0434276 -3.23059 -0.00120757 0.999967 -0.0080605 -0.505678 0.0434194 0.00810525 0.999024 48.1886 
0.999022 -0.000859882 -0.0441969 -3.27972 0.000622666 0.999985 -0.00537886 -0.515394 0.0442009 0.005346 0.999008 49.1512 
0.998976 -0.00236457 -0.0451829 -3.32122 0.00221314 0.999992 -0.00339921 -0.518691 0.0451907 0.00329565 0.998973 50.1295 
0.998995 -0.00274607 -0.0447304 -3.38374 0.00262083 0.999992 -0.0028565 -0.536122 0.044738 0.00273631 0.998995 51.0937 
0.99898 -0.00698783 -0.0446125 -3.44944 0.0068042 0.999968 -0.00426476 -0.543587 0.0446409 0.00395677 0.998995 52.046 
0.99895 -0.00943542 -0.0448336 -3.50189 0.00917992 0.99994 -0.00589931 -0.556681 0.0448867 0.00548146 0.998977 52.9577 
0.99896 -0.0109652 -0.0442567 -3.6002 0.0107864 0.999933 -0.00427419 -0.577779 0.0443006 0.00379229 0.999011 53.8855 
0.998922 -0.0134892 -0.0444145 -3.66992 0.0134779 0.999909 -0.000551313 -0.594704 0.044418 -4.7984e-05 0.999013 54.823 
0.998912 -0.0138098 -0.0445433 -3.7257 0.0140361 0.99989 0.00477458 -0.615263 0.0444725 -0.00539469 0.998996 55.773 
0.998956 -0.0116308 -0.0441672 -3.80025 0.0119281 0.999908 0.00647566 -0.622767 0.0440879 -0.00699581 0.999003 56.7185 
0.998928 -0.0106586 -0.0450481 -3.86232 0.0107625 0.99994 0.00206562 -0.629695 0.0450234 -0.00254832 0.998983 57.6489 
0.9989 -0.00862349 -0.0460847 -3.92253 0.00836806 0.999948 -0.00573086 -0.649288 0.0461318 0.00533884 0.998921 58.5693 
0.998936 -0.00644533 -0.0456624 -4.00041 0.00596061 0.999924 -0.0107417 -0.65976 0.0457282 0.010458 0.998899 59.491 
0.998892 -0.00191472 -0.0470212 -4.04282 0.00150045 0.99996 -0.00884232 -0.694821 0.0470363 0.00876189 0.998855 60.427 
0.998839 -3.88604e-05 -0.0481733 -4.10472 -0.000312905 0.999973 -0.0072928 -0.704418 0.0481724 0.00729932 0.998812 61.3057 
0.998778 0.00104935 -0.0494073 -4.15839 -0.00127822 0.999989 -0.0045993 -0.739092 0.049402 0.00465675 0.998768 62.1826 
0.998753 0.00321079 -0.0498255 -4.23195 -0.00347877 0.99998 -0.00529084 -0.749709 0.0498076 0.00545748 0.998744 63.0327 
0.998632 0.00419828 -0.0521211 -4.28997 -0.00450449 0.999973 -0.00575734 -0.753933 0.0520956 0.00598416 0.998624 63.9071 
0.998545 0.00415991 -0.0537637 -4.34863 -0.00443262 0.999978 -0.0049526 -0.787267 0.053742 0.00518363 0.998541 64.7413 
0.998437 0.00600068 -0.055561 -4.40184 -0.00623536 0.999972 -0.00404998 -0.823486 0.0555353 0.00439001 0.998447 65.558 
0.998448 0.00557929 -0.0554106 -4.49211 -0.00575567 0.999979 -0.00302258 -0.837187 0.0553927 0.00333673 0.998459 66.3152 
0.998421 0.00868118 -0.0555023 -4.58191 -0.00865082 0.999962 0.000788739 -0.87645 0.0555072 -0.000307438 0.998458 67.0596 
0.998351 0.00979995 -0.0565553 -4.6355 -0.00951229 0.99994 0.00535468 -0.888115 0.0566045 -0.00480797 0.998385 67.8463 
0.998244 0.0126754 -0.0578566 -4.69928 -0.0122578 0.999896 0.00756812 -0.909494 0.0579466 -0.00684572 0.998296 68.6219 
0.998192 0.0145985 -0.0583101 -4.79058 -0.0143949 0.999889 0.00391067 -0.942422 0.0583608 -0.00306431 0.998291 69.3801 
0.998087 0.0145771 -0.0600739 -4.84222 -0.0148273 0.999883 -0.00371955 -0.955387 0.0600128 0.00460308 0.998187 70.1104 
0.997987 0.0141063 -0.0618241 -4.89484 -0.0146573 0.999857 -0.00846657 -0.99087 0.0616959 0.00935561 0.998051 70.8091 
0.997978 0.0144776 -0.0618823 -4.9552 -0.0150453 0.999849 -0.00871593 -1.01355 0.0617469 0.00962926 0.998045 71.4778 
0.997939 0.0173127 -0.0617843 -5.04443 -0.0176476 0.999832 -0.00487875 -1.03875 0.0616895 0.00595896 0.998078 72.1646 
0.998058 0.0165463 -0.0600573 -5.18173 -0.0167013 0.999858 -0.00207708 -1.06651 0.0600145 0.00307599 0.998193 72.7902 
0.998062 0.0139873 -0.0606267 -5.24149 -0.0143152 0.999885 -0.00497526 -1.08818 0.0605503 0.00583342 0.998148 73.4228 
0.998127 0.00712738 -0.0607557 -5.2797 -0.00788074 0.999895 -0.012168 -1.04964 0.0606627 0.0126239 0.998078 74.0471 
0.998309 0.00316481 -0.0580479 -5.35393 -0.00411138 0.99986 -0.0161931 -1.08534 0.0579887 0.0164043 0.998182 74.6467 
0.998462 0.00503015 -0.0552073 -5.38628 -0.00592306 0.999854 -0.0160205 -1.11308 0.0551188 0.0163228 0.998346 75.235 
0.998592 0.00981594 -0.0521244 -5.40733 -0.0105328 0.999853 -0.0134946 -1.12102 0.0519844 0.0140246 0.998549 75.8151 
0.998922 0.00812772 -0.0457097 -5.4822 -0.00861659 0.999908 -0.0105065 -1.13455 0.0456202 0.0108889 0.998899 76.3697 
0.99917 0.00418953 -0.040506 -5.49613 -0.00448834 0.999963 -0.00728679 -1.14122 0.0404741 0.00746246 0.999153 76.9185 
0.999473 -8.77458e-05 -0.0324731 -5.50707 -8.8592e-06 0.999995 -0.0029722 -1.16584 0.0324733 0.00297083 0.999468 77.4311 
0.999769 0.00301617 -0.0212579 -5.5337 -0.00306878 0.999992 -0.00243864 -1.19159 0.0212505 0.00250323 0.999771 77.9373 
0.999945 0.00788092 -0.0068826 -5.53105 -0.00790041 0.999965 -0.0027961 -1.20332 0.00686041 0.00285024 0.999972 78.4331 
0.999852 0.0130507 0.0111641 -5.53137 -0.0130235 0.999912 -0.00251343 -1.20715 -0.0111958 0.00236758 0.999934 78.9282 
0.999401 0.0112297 0.0327325 -5.49346 -0.0111396 0.999934 -0.00293864 -1.19895 -0.0327632 0.00257217 0.99946 79.411 
0.998187 0.00791738 0.0596703 -5.46602 -0.00773198 0.999964 -0.00333874 -1.18655 -0.0596945 0.00287124 0.998212 79.867 
0.995921 0.0068274 0.0899687 -5.41998 -0.00673399 0.999976 -0.00134272 -1.20033 -0.0899757 0.000731318 0.995944 80.3295 
0.99225 0.00636277 0.124092 -5.37145 -0.00645653 0.999979 0.000352708 -1.21235 -0.124087 -0.00115125 0.992271 80.7631 
0.986746 0.00699313 0.162124 -5.28992 -0.00713537 0.999974 0.000294533 -1.20647 -0.162118 -0.00144752 0.98677 81.1919 
0.979177 0.00685503 0.20289 -5.16224 -0.00697095 0.999976 -0.000143685 -1.20961 -0.202886 -0.00127372 0.979201 81.6138 
0.968826 0.00513239 0.247687 -5.05695 -0.00566795 0.999983 0.00144886 -1.23941 -0.247676 -0.00280765 0.968839 81.978 
0.954882 0.00829724 0.296869 -4.92716 -0.00855722 0.999963 -0.000424095 -1.25096 -0.296861 -0.00213548 0.954918 82.3592 
0.937021 0.00850198 0.34917 -4.77879 -0.00811315 0.999964 -0.00257635 -1.26497 -0.34918 -0.000418844 0.937056 82.7026 
0.914878 0.0072015 0.403665 -4.58876 -0.0063799 0.999974 -0.00338046 -1.29017 -0.403679 0.000517305 0.9149 83.0418 
0.887837 0.00873279 0.460076 -4.38828 -0.00709845 0.999961 -0.00528233 -1.29272 -0.460104 0.00142396 0.887864 83.3732 
0.856364 0.0089362 0.516296 -4.16221 -0.00654995 0.999958 -0.00644357 -1.3025 -0.516332 0.00213627 0.856386 83.6788 
0.819612 0.00803922 0.572863 -3.9246 -0.00338871 0.999952 -0.00918459 -1.30039 -0.572909 0.00558648 0.8196 83.9652 
0.7798 0.00854256 0.62597 -3.66548 -0.00234843 0.99994 -0.0107207 -1.30827 -0.626024 0.0068899 0.779773 84.2416 
0.736901 0.00666251 0.675967 -3.39984 -0.00158316 0.999966 -0.0081302 -1.32896 -0.675998 0.00492095 0.736887 84.4841 
0.691829 0.00617491 0.722034 -3.10192 -0.00339118 0.99998 -0.00530276 -1.34046 -0.722053 0.00122001 0.691837 84.7144 
0.643506 0.00416241 0.765429 -2.79924 -0.00297839 0.999991 -0.00293412 -1.36258 -0.765435 -0.000391661 0.643513 84.9346 
0.594457 0.00388009 0.804118 -2.48716 -0.000689829 0.99999 -0.00431538 -1.36478 -0.804127 0.00201057 0.594454 85.1167 
0.54513 0.00101017 0.838351 -2.15635 0.00559344 0.999973 -0.00484212 -1.37242 -0.838333 0.00732882 0.545109 85.2923 
0.497469 0.00469741 0.867469 -1.82405 0.00493795 0.999954 -0.00824671 -1.36143 -0.867468 0.00838597 0.497423 85.4298 
0.448161 0.00705523 0.893925 -1.48307 0.00174439 0.99996 -0.00876674 -1.37521 -0.893951 0.00548824 0.448131 85.5708 
0.401296 0.00938869 0.9159 -1.13662 0.00158119 0.999939 -0.0109431 -1.38066 -0.915947 0.0058396 0.401257 85.6905 
0.359275 0.00523736 0.933217 -0.782696 0.00979328 0.999908 -0.00938201 -1.39394 -0.93318 0.01251 0.359191 85.7682 
0.318121 -0.00127396 0.948049 -0.425048 0.0238816 0.999692 -0.00667029 -1.39486 -0.947749 0.0247629 0.318053 85.8441 
0.282793 -0.00514008 0.959167 -0.0677476 0.0277115 0.999612 -0.00281351 -1.39934 -0.95878 0.0273756 0.282826 85.9109 
0.247819 0.000145885 0.968806 0.297038 0.0238776 0.999695 -0.00625849 -1.39668 -0.968512 0.0246838 0.24774 86.0076 
0.216096 0.0087532 0.976333 0.679121 0.0187367 0.999738 -0.0131102 -1.38639 -0.976192 0.0211263 0.215876 86.0935 
0.186942 0.0127012 0.982289 1.0635 0.0159147 0.999746 -0.0159558 -1.40227 -0.982242 0.0186156 0.186693 86.1569 
0.160574 0.0137886 0.986927 1.44113 0.0173491 0.999708 -0.01679 -1.42128 -0.986871 0.0198183 0.160288 86.2031 
0.138439 0.0158428 0.990244 1.85618 0.0249502 0.999499 -0.0194791 -1.42527 -0.990056 0.0274035 0.137975 86.2225 
0.117305 0.0221817 0.992848 2.25889 0.0334465 0.999095 -0.0262731 -1.42193 -0.992532 0.0362893 0.116457 86.252 
0.0970955 0.0289201 0.994855 2.71837 0.0352193 0.998852 -0.0324737 -1.42324 -0.994652 0.0381911 0.0959655 86.3114 
0.0790816 0.0291489 0.996442 3.1547 0.030411 0.999037 -0.0316384 -1.44122 -0.996404 0.0328049 0.078119 86.3533 
0.0640077 0.0256781 0.997619 3.59131 0.0302746 0.999159 -0.0276603 -1.45032 -0.99749 0.0319729 0.0631765 86.3747 
0.0472171 0.0226795 0.998627 4.05243 0.02946 0.999276 -0.0240873 -1.46859 -0.99845 0.0305569 0.0465148 86.4325 
0.0338047 0.0188859 0.99925 4.51149 0.0309253 0.999323 -0.0199336 -1.50114 -0.99895 0.031576 0.0331977 86.4317 
0.0236214 0.0186515 0.999547 5.11497 0.0331254 0.999262 -0.0194291 -1.50904 -0.999172 0.0335693 0.0229861 86.4236 
0.0110917 0.0190818 0.999756 5.61577 0.0356612 0.999174 -0.0194664 -1.52751 -0.999302 0.0358684 0.0104021 86.4573 
0.00282175 0.0206758 0.999782 6.16464 0.0380861 0.999059 -0.0207685 -1.53072 -0.99927 0.0381364 0.00203163 86.4709 
-0.00243673 0.0208153 0.99978 6.72198 0.0401185 0.99898 -0.020701 -1.54975 -0.999192 0.0400592 -0.00326933 86.4671 
-0.00737243 0.0216137 0.999739 7.28736 0.0406552 0.998946 -0.0212969 -1.56765 -0.999146 0.0404876 -0.00824337 86.4532 
-0.0138469 0.0213514 0.999676 7.89742 0.0412617 0.998933 -0.0207641 -1.59239 -0.999052 0.0409608 -0.0147131 86.46 
-0.0178484 0.0219515 0.9996 8.48823 0.0455061 0.998741 -0.0211202 -1.60619 -0.998805 0.045111 -0.0188248 86.4398 
-0.0211446 0.0214243 0.999547 9.08693 0.0463089 0.998718 -0.020427 -1.63227 -0.998703 0.045856 -0.0221096 86.4381 
-0.0235728 0.0211932 0.999497 9.76807 0.0448274 0.998792 -0.020121 -1.64256 -0.998717 0.0443306 -0.0244943 86.4039 
-0.0258783 0.0214044 0.999436 10.4611 0.0479601 0.998646 -0.0201457 -1.65509 -0.998514 0.0474118 -0.0268699 86.3945 
-0.0256353 0.0196791 0.999478 11.0765 0.0524013 0.998458 -0.018315 -1.69683 -0.998297 0.0519044 -0.026627 86.3635 
-0.0243829 0.0200065 0.999502 11.7758 0.0556186 0.998278 -0.0186252 -1.71529 -0.998154 0.0551368 -0.0254537 86.3443 
-0.0224834 0.0193621 0.99956 12.4696 0.0576137 0.998176 -0.0180395 -1.74474 -0.998086 0.0571828 -0.023558 86.3532 
-0.0184175 0.0199768 0.999631 13.1945 0.0610825 0.997955 -0.018818 -1.75431 -0.997963 0.0607134 -0.0196001 86.3483 
-0.0138956 0.0189556 0.999724 13.9369 0.0614034 0.997949 -0.0180686 -1.78315 -0.998016 0.0611354 -0.015031 86.3393 
-0.00980788 0.0173077 0.999802 14.6901 0.0638997 0.997817 -0.0166466 -1.80301 -0.997908 0.0637238 -0.0108924 86.3431 
-0.00641285 0.0166683 0.99984 15.4663 0.062822 0.997893 -0.016233 -1.81493 -0.998004 0.0627079 -0.00744647 86.3634 
-0.0021601 0.013191 0.999911 16.2523 0.0602762 0.998097 -0.0130369 -1.8448 -0.998179 0.0602427 -0.00295109 86.3663 
0.00205192 0.0128193 0.999916 17.0316 0.0587232 0.998191 -0.0129177 -1.85573 -0.998272 0.0587448 0.00129542 86.3817 
0.005568 0.0139806 0.999887 17.8182 0.0558652 0.998336 -0.0142701 -1.87399 -0.998423 0.0559384 0.00477771 86.413 
0.0072453 0.0179596 0.999812 18.5975 0.0538268 0.998382 -0.0183241 -1.89069 -0.998524 0.0539495 0.00626687 86.4595 
0.00885489 0.023489 0.999685 19.4202 0.0487854 0.998523 -0.0238939 -1.90714 -0.99877 0.0489816 0.00769589 86.4861 
0.00875842 0.0262123 0.999618 20.2282 0.0465994 0.99856 -0.0265929 -1.93591 -0.998875 0.0468145 0.00752433 86.5099 
0.00883491 0.0259519 0.999624 21.0392 0.0434584 0.998709 -0.0263123 -1.95634 -0.999016 0.0436746 0.00769567 86.5327 
0.01025 0.0237337 0.999666 21.8405 0.0428913 0.998788 -0.0241528 -2.00197 -0.999027 0.0431245 0.00921962 86.5158 
0.00966909 0.0216878 0.999718 22.6579 0.0430745 0.998828 -0.0220852 -2.04202 -0.999025 0.0432759 0.00872356 86.5501 
0.0102704 0.0207111 0.999733 23.4661 0.0407933 0.998944 -0.021114 -2.07528 -0.999115 0.0409993 0.00941472 86.5689 
0.00976057 0.0220907 0.999708 24.2814 0.0380002 0.999026 -0.0224468 -2.08492 -0.99923 0.0382083 0.00891161 86.6009 
0.00737997 0.0235198 0.999696 25.0481 0.0356089 0.999083 -0.0237684 -2.10826 -0.999338 0.0357735 0.00653569 86.6663 
0.0052729 0.0244824 0.999686 25.8472 0.0328723 0.999156 -0.0246429 -2.14241 -0.999446 0.032992 0.00446366 86.6985 
0.00286998 0.0231494 0.999728 26.6629 0.0288342 0.999314 -0.0232227 -2.1967 -0.99958 0.028893 0.00220051 86.6981 
-0.00053999 0.0228347 0.999739 27.4757 0.0271913 0.99937 -0.0228117 -2.21784 -0.99963 0.0271719 -0.00116056 86.6994 
-0.00515608 0.0192202 0.999802 28.294 0.0263422 0.999471 -0.0190781 -2.2552 -0.99964 0.0262386 -0.00565965 86.7035 
-0.0105124 0.0170977 0.999798 29.1085 0.0244612 0.999559 -0.0168365 -2.28516 -0.999645 0.0242793 -0.010926 86.6984 
-0.0173256 0.0185561 0.999678 29.9234 0.0238898 0.99955 -0.0181398 -2.29563 -0.999564 0.0235678 -0.0177611 86.6999 
-0.0263801 0.0196726 0.999458 30.7168 0.0216805 0.999582 -0.0191029 -2.31755 -0.999417 0.0211648 -0.0267956 86.6898 
-0.037921 0.0207175 0.999066 31.5492 0.0203404 0.999594 -0.0199565 -2.32715 -0.999074 0.0195646 -0.038327 86.69 
-0.047855 0.019284 0.998668 32.3316 0.0214116 0.999604 -0.0182762 -2.3631 -0.998625 0.0205084 -0.0482489 86.6508 
-0.0581168 0.0195282 0.998119 33.1168 0.0216415 0.999598 -0.0182972 -2.38185 -0.998075 0.0205374 -0.058516 86.6066 
-0.0696972 0.0188163 0.997391 33.8977 0.0224526 0.999598 -0.0172891 -2.40708 -0.997315 0.021189 -0.0700917 86.5619 
-0.0804936 0.0186537 0.99658 34.6865 0.0219984 0.999614 -0.0169338 -2.44133 -0.996512 0.0205601 -0.0808729 86.4988 
-0.0914199 0.0188037 0.995635 35.4314 0.0246407 0.999558 -0.0166153 -2.48282 -0.995507 0.0230142 -0.0918429 86.4479 
-0.101388 0.0202084 0.994642 36.183 0.0238197 0.999556 -0.0178802 -2.50136 -0.994562 0.0218793 -0.101824 86.3658 
-0.112142 0.0213584 0.993463 36.9361 0.025628 0.999498 -0.0185954 -2.52856 -0.993362 0.0233751 -0.112633 86.3018 
-0.121902 0.0226022 0.992285 37.6998 0.0259197 0.999472 -0.0195818 -2.54267 -0.992204 0.0233327 -0.122423 86.2209 
-0.130706 0.0225173 0.991165 38.4345 0.0255086 0.999487 -0.0193426 -2.58081 -0.991093 0.022755 -0.131213 86.1069 
-0.141418 0.0239526 0.98966 39.1888 0.0262495 0.999446 -0.0204386 -2.59614 -0.989602 0.0230877 -0.141968 86.0317 
-0.148545 0.0228042 0.988643 39.9105 0.0275697 0.999441 -0.0189109 -2.63217 -0.988521 0.0244475 -0.149091 85.9039 
-0.15629 0.0222064 0.987461 40.6329 0.0292402 0.999413 -0.0178473 -2.64508 -0.987278 0.0260842 -0.156848 85.8032 
-0.161392 0.0208078 0.986671 41.3433 0.0316555 0.999372 -0.0158978 -2.65768 -0.986383 0.0286678 -0.161949 85.6835 
-0.165688 0.0190868 0.985993 42.0431 0.034965 0.999298 -0.0134689 -2.67632 -0.985558 0.0322436 -0.166239 85.5731 
-0.169024 0.0182688 0.985443 42.7637 0.0340479 0.99934 -0.0126866 -2.68945 -0.985024 0.0314079 -0.169534 85.4705 
-0.169256 0.0173602 0.985419 43.4327 0.0353783 0.999307 -0.0115284 -2.71623 -0.984937 0.0329112 -0.169753 85.343 
-0.170526 0.0180073 0.985188 44.0854 0.0357399 0.999288 -0.0120788 -2.73719 -0.984705 0.0331508 -0.171048 85.2523 
-0.169982 0.018714 0.985269 44.7585 0.0362468 0.999262 -0.0127264 -2.75233 -0.98478 0.0335496 -0.170535 85.1503 
-0.167691 0.0202334 0.985632 45.431 0.0359477 0.99925 -0.014397 -2.76524 -0.985184 0.033017 -0.168293 85.0599 
-0.161842 0.0213002 0.986587 46.0761 0.0362836 0.999219 -0.015621 -2.77422 -0.986149 0.0332688 -0.162488 84.9416 
-0.153946 0.020905 0.987858 46.6515 0.0358412 0.999236 -0.0155604 -2.80942 -0.987429 0.0330106 -0.154577 84.8792 
-0.142547 0.0216151 0.989552 47.2336 0.0349421 0.999248 -0.0167935 -2.81722 -0.989171 0.0321831 -0.143195 84.8034 
-0.130758 0.0216421 0.991178 47.7545 0.0334097 0.99929 -0.0174119 -2.83314 -0.990851 0.0308382 -0.131389 84.7849 
-0.113474 0.0239283 0.993253 48.3154 0.0329041 0.999252 -0.0203138 -2.84447 -0.992996 0.030377 -0.114177 84.734 
-0.0933824 0.026701 0.995272 48.8536 0.0308046 0.999239 -0.0239172 -2.85595 -0.995154 0.0284255 -0.0941339 84.72 
-0.0683651 0.0293559 0.997228 49.3887 0.0291375 0.999199 -0.0274165 -2.88283 -0.997235 0.0271824 -0.0691657 84.7044 
-0.0406605 0.0311154 0.998688 49.9053 0.026642 0.999193 -0.0300465 -2.89618 -0.998818 0.0253854 -0.0414566 84.7157 
-0.00663056 0.0297267 0.999536 50.4024 0.0239067 0.999277 -0.0295605 -2.93638 -0.999692 0.0236996 -0.00733643 84.7255 
0.0316713 0.0271004 0.999131 50.9634 0.0225392 0.999359 -0.0278211 -2.96296 -0.999244 0.0234008 0.0310402 84.764 
0.0751725 0.022343 0.99692 51.4457 0.0200498 0.999513 -0.0239131 -3.00432 -0.996969 0.0217856 0.0746879 84.806 
0.122003 0.0183153 0.992361 51.9265 0.0179908 0.999625 -0.0206613 -3.02275 -0.992367 0.0203741 0.121628 84.8869 
0.172717 0.0163348 0.984836 52.4095 0.0143849 0.999714 -0.0191044 -3.02298 -0.984866 0.0174664 0.172432 84.9731 
0.226151 0.0144711 0.973985 52.8855 0.00955537 0.999808 -0.0170736 -3.04435 -0.974045 0.013168 0.225969 85.107 
0.283616 0.0132564 0.958846 53.3574 0.00930021 0.999819 -0.0165738 -3.0755 -0.958893 0.0136181 0.283441 85.258 
0.346247 0.015776 0.938011 53.8186 0.011132 0.999719 -0.0209231 -3.06784 -0.938077 0.0176865 0.345974 85.4159 
0.410403 0.0213316 0.911655 54.2679 0.0109775 0.999538 -0.0283298 -3.07167 -0.911838 0.0216343 0.409979 85.6099 
0.471085 0.0261379 0.8817 54.6551 0.0111589 0.999304 -0.0355864 -3.07422 -0.882017 0.026603 0.470466 85.8727 
0.530516 0.0302327 0.847136 55.0396 0.00765586 0.999152 -0.0404524 -3.08987 -0.84764 0.0279462 0.529835 86.1652 
0.589093 0.0319234 0.807434 55.4199 0.00387057 0.999096 -0.0423252 -3.12171 -0.808056 0.0280587 0.588437 86.468 
0.644535 0.0325792 0.76388 55.7689 0.00280783 0.998984 -0.0449755 -3.1248 -0.764569 0.0311331 0.643789 86.8163 
0.695356 0.0323317 0.717938 56.0528 -2.57356e-05 0.998989 -0.0449637 -3.14343 -0.718666 0.0312473 0.694653 87.1558 
0.742367 0.0298517 0.669328 56.3207 -0.0041556 0.999193 -0.0399546 -3.16373 -0.66998 0.0268795 0.741892 87.5415 
0.784152 0.0332214 0.619679 56.5317 -0.0110797 0.999156 -0.0395452 -3.12229 -0.62047 0.0241435 0.783858 87.9333 
0.822737 0.0319213 0.567525 56.7434 -0.0160057 0.999327 -0.0330056 -3.15034 -0.568196 0.0180713 0.822694 88.327 
0.856309 0.0283308 0.515686 56.9517 -0.0174711 0.999512 -0.0259002 -3.15588 -0.516168 0.0131689 0.856386 88.7605 
0.883787 0.0320223 0.466792 57.1139 -0.0244724 0.999453 -0.0222293 -3.15874 -0.467249 0.00822234 0.884088 89.2005 
0.905841 0.033903 0.422258 57.2697 -0.028957 0.999416 -0.0181236 -3.17329 -0.422626 0.00418971 0.906294 89.6626 
0.922208 0.0403257 0.384585 57.3884 -0.0378139 0.999185 -0.0140948 -3.20681 -0.38484 -0.00154439 0.922982 90.0809 
0.935716 0.0450677 0.349864 57.5144 -0.0426834 0.998983 -0.0145267 -3.21718 -0.350163 -0.00134065 0.936688 90.5378 
0.946676 0.0465957 0.3188 57.6538 -0.0447683 0.998912 -0.0130615 -3.23875 -0.319062 -0.00190721 0.947732 91.0018 
0.953547 0.0423738 0.29825 57.7684 -0.0404637 0.999102 -0.0125792 -3.25108 -0.298515 -7.35576e-05 0.954405 91.4323 
0.958411 0.0410669 0.282421 57.9048 -0.0388823 0.999155 -0.0133382 -3.2514 -0.28273 0.0018022 0.959198 91.9094 
0.96193 0.0454697 0.269488 58.028 -0.0435608 0.998965 -0.0130628 -3.26262 -0.269803 0.000826277 0.962915 92.4039 
0.964124 0.0518982 0.260328 58.1324 -0.0503104 0.998652 -0.012764 -3.26693 -0.260639 -0.000791169 0.965436 92.9022 
0.964725 0.0593346 0.256485 58.209 -0.057706 0.998237 -0.0138786 -3.28047 -0.256856 -0.00141181 0.966449 93.4314 
0.965407 0.0648809 0.252547 58.3404 -0.0622415 0.997891 -0.0184352 -3.28024 -0.25321 0.00207855 0.967409 93.9284 
0.965206 0.0662899 0.252948 58.4474 -0.0632884 0.997795 -0.0199942 -3.31168 -0.253716 0.00328979 0.967273 94.4783 
0.964582 0.0642001 0.255851 58.5812 -0.0599684 0.997904 -0.0243154 -3.31618 -0.256875 0.00811115 0.96641 95.0159 
0.963597 0.0639685 0.259594 58.721 -0.0581134 0.997854 -0.0301756 -3.34804 -0.260968 0.0139912 0.965246 95.5746 
0.962609 0.0645426 0.263094 58.8762 -0.0571594 0.997729 -0.0356295 -3.35496 -0.264796 0.0192589 0.964112 96.115 
0.961539 0.0677971 0.266171 59.0421 -0.0610211 0.997569 -0.0336562 -3.39128 -0.267806 0.0161196 0.963338 96.6715 
0.959779 0.0713524 0.271537 59.1934 -0.0661159 0.997408 -0.0283971 -3.43644 -0.272859 0.00930202 0.962009 97.2323 
0.958599 0.0681218 0.276491 59.353 -0.0638576 0.99766 -0.0244084 -3.44985 -0.277507 0.00574174 0.960706 97.8353 
0.95789 0.063219 0.28009 59.5401 -0.0598233 0.997995 -0.0206657 -3.44973 -0.280835 0.00303947 0.959751 98.4308 
0.957041 0.0601077 0.283654 59.7188 -0.058026 0.998191 -0.0157438 -3.47627 -0.284087 -0.00139198 0.958797 99.0511 
0.956468 0.0548388 0.286639 59.8991 -0.0525327 0.998495 -0.015736 -3.48218 -0.28707 -7.06272e-06 0.957909 99.6833 
0.956788 0.0509733 0.286283 60.0932 -0.0475246 0.99869 -0.0189871 -3.49662 -0.286876 0.00456111 0.957957 100.303 
0.957071 0.0504368 0.285432 60.2824 -0.0452289 0.998668 -0.024813 -3.53485 -0.286303 0.010838 0.958078 100.949 
0.957602 0.0524641 0.283275 60.4794 -0.0455208 0.998481 -0.031043 -3.56313 -0.284474 0.0168318 0.958536 101.574 
0.958335 0.0550931 0.280283 60.6599 -0.0469942 0.998263 -0.0355404 -3.57146 -0.281754 0.0208879 0.959259 102.247 
0.959195 0.0526665 0.277796 60.8515 -0.0457988 0.998465 -0.0311585 -3.59882 -0.27901 0.0171643 0.960135 102.942 
0.959752 0.0486193 0.276608 61.0481 -0.0435227 0.998751 -0.0245389 -3.60923 -0.277456 0.0115125 0.960669 103.646 
0.960639 0.048533 0.273528 61.2377 -0.0453382 0.99881 -0.0179931 -3.64649 -0.274076 0.00488353 0.961696 104.333 
0.960764 0.0520793 0.272435 61.4167 -0.0487347 0.99863 -0.0190341 -3.66294 -0.273053 0.00501015 0.961986 105.06 
0.960992 0.0581205 0.270401 61.589 -0.0536934 0.998275 -0.0237476 -3.67477 -0.271315 0.00830244 0.962455 105.794 
0.962068 0.0596891 0.266198 61.7893 -0.0539691 0.998128 -0.0287589 -3.69517 -0.267416 0.0133015 0.963489 106.529 
0.963328 0.057629 0.262066 61.9806 -0.051013 0.998186 -0.0319853 -3.7181 -0.263434 0.0174434 0.96452 107.286 
0.964358 0.0557854 0.258651 62.1712 -0.0493112 0.998288 -0.0314564 -3.73186 -0.259963 0.0175807 0.965458 108.062 
0.965622 0.0515992 0.254779 62.3885 -0.0457025 0.998534 -0.0290146 -3.76386 -0.255902 0.016373 0.966564 108.852 
0.966368 0.0495061 0.252354 62.5951 -0.0442341 0.998669 -0.0265259 -3.79327 -0.253331 0.0144711 0.967271 109.64 
0.967096 0.0460068 0.250217 62.7919 -0.0413497 0.99886 -0.0238406 -3.81733 -0.251029 0.0127097 0.967896 110.417 
0.967527 0.0403419 0.249528 62.9914 -0.0355271 0.999086 -0.0237714 -3.83027 -0.250259 0.0141343 0.968076 111.201 
0.967651 0.0405829 0.249006 63.1765 -0.036353 0.999106 -0.0215646 -3.87236 -0.249658 0.0118148 0.968262 111.977 
0.967359 0.0459363 0.249212 63.3694 -0.041503 0.998873 -0.0230179 -3.90591 -0.249989 0.0119234 0.968175 112.79 
0.967001 0.0512079 0.249573 63.5644 -0.0459611 0.998583 -0.0268098 -3.93191 -0.250592 0.0144544 0.967985 113.627 
0.966202 0.0600081 0.250705 63.7539 -0.0547278 0.998109 -0.0279875 -3.9707 -0.25191 0.013321 0.967659 114.464 
0.964884 0.0660513 0.254236 63.9277 -0.0611731 0.99776 -0.0270558 -4.0134 -0.255454 0.0105532 0.966763 115.276 
0.964055 0.0685173 0.256715 64.1425 -0.0638488 0.997608 -0.0264877 -4.0275 -0.257915 0.00914461 0.966124 116.121 
0.963631 0.0692151 0.258118 64.3752 -0.0645088 0.997561 -0.0266689 -4.0683 -0.259334 0.00904803 0.965745 116.915 
0.96319 0.0677249 0.26015 64.5834 -0.0622705 0.997633 -0.0291616 -4.10062 -0.261509 0.0118885 0.965128 117.745 
0.963309 0.0615888 0.261232 64.8172 -0.0560408 0.998017 -0.028642 -4.12549 -0.262478 0.0129513 0.964851 118.59 
0.963816 0.0544262 0.260953 65.0411 -0.0483764 0.998392 -0.0295563 -4.17101 -0.262142 0.0158628 0.964899 119.428 
0.963618 0.0541654 0.261735 65.2578 -0.047944 0.998396 -0.0301027 -4.19639 -0.262946 0.0164588 0.96467 120.249 
0.962718 0.0579042 0.264238 65.4481 -0.0527022 0.998252 -0.02674 -4.23762 -0.265325 0.011817 0.964087 121.077 
0.962356 0.0587107 0.265376 65.6578 -0.0549458 0.998256 -0.0215957 -4.27405 -0.26618 0.00620141 0.963903 121.903 
0.961952 0.0619915 0.266094 65.8766 -0.0595412 0.998076 -0.0172742 -4.309 -0.266653 0.000773259 0.963792 122.746 
0.96156 0.0613526 0.267653 66.0752 -0.0570881 0.998088 -0.0236938 -4.34595 -0.268595 0.00750317 0.963224 123.563 
0.961963 0.0588738 0.266759 66.3 -0.0506093 0.998004 -0.0377576 -4.38291 -0.268449 0.0228209 0.963023 124.365 
0.961969 0.0570261 0.26714 66.4915 -0.0460901 0.997829 -0.047036 -4.42354 -0.269243 0.0329346 0.962509 125.188 
0.962178 0.053629 0.267091 66.7005 -0.0450592 0.998257 -0.0381166 -4.45514 -0.26867 0.02464 0.962917 126.01 
0.962727 0.046302 0.266483 66.9176 -0.0433871 0.998917 -0.0168191 -4.49712 -0.266973 0.00463014 0.963693 126.829 
0.963267 0.0416366 0.265298 67.148 -0.0427768 0.999083 -0.00148166 -4.5333 -0.265116 -0.00992143 0.964165 127.663 
0.963556 0.0461748 0.263492 67.3642 -0.0458111 0.998922 -0.00752815 -4.55535 -0.263555 -0.00481713 0.964632 128.451 
0.963846 0.0547931 0.260764 67.5655 -0.0508201 0.998466 -0.0219602 -4.59728 -0.261567 0.00791417 0.965153 129.245 
0.964238 0.0549481 0.259278 67.77 -0.0487759 0.998353 -0.0301845 -4.61895 -0.260509 0.0164585 0.965331 130.045 
0.965 0.0512374 0.257194 67.979 -0.0445783 0.998504 -0.0316599 -4.63831 -0.258431 0.0190865 0.965841 130.84 
0.965826 0.0506285 0.254196 68.1808 -0.0446058 0.998572 -0.0294057 -4.68059 -0.255322 0.0170621 0.966705 131.635 
0.96684 0.0497619 0.250488 68.3698 -0.0435885 0.998595 -0.0301373 -4.72252 -0.251636 0.0182195 0.96765 132.427 
0.968079 0.0505392 0.245499 68.5626 -0.0440532 0.998521 -0.031844 -4.75169 -0.246745 0.0200125 0.968874 133.216 
0.968594 0.05519 0.242446 68.7554 -0.0489057 0.998295 -0.0318678 -4.7955 -0.243792 0.0190099 0.969641 134.035 
0.968553 0.0611782 0.241168 68.915 -0.0552541 0.997983 -0.0312578 -4.84436 -0.242594 0.0169492 0.96998 134.842 
0.969354 0.061081 0.237954 69.1046 -0.055439 0.998001 -0.0303378 -4.86707 -0.239331 0.0162161 0.970802 135.63 
0.969759 0.0592609 0.236762 69.2912 -0.0549163 0.99818 -0.0249093 -4.91447 -0.237808 0.0111539 0.971248 136.417 
0.970185 0.0581232 0.235293 69.4732 -0.0537357 0.998242 -0.0250221 -4.94856 -0.236334 0.0116324 0.971602 137.219 
0.970859 0.0578811 0.232558 69.6538 -0.0528482 0.998215 -0.02782 -4.98369 -0.233753 0.014719 0.972184 138.006 
0.972339 0.0521118 0.227686 69.8257 -0.0461369 0.998439 -0.0314901 -5.01954 -0.228971 0.0201143 0.973225 138.792 
0.974277 0.0488195 0.220002 70.0136 -0.0426682 0.998556 -0.0326294 -5.05142 -0.221277 0.022403 0.974954 139.537 
0.975629 0.0479052 0.214133 70.1631 -0.0427833 0.998678 -0.028493 -5.05627 -0.215215 0.0186372 0.976389 140.325 
0.977221 0.0435369 0.207711 70.3278 -0.0406174 0.999007 -0.0183024 -5.12248 -0.208301 0.00944871 0.978019 141.113 
0.97827 0.0413766 0.203165 70.5221 -0.0401183 0.999142 -0.0103101 -5.12183 -0.203418 0.00193531 0.97909 141.905 
0.978926 0.0476411 0.198579 70.6656 -0.0470495 0.998863 -0.00770025 -5.13352 -0.19872 -0.00180515 0.980054 142.704 
0.979772 0.0494909 0.1939 70.7996 -0.0481624 0.998773 -0.011563 -5.17171 -0.194234 0.00199033 0.980953 143.493 
0.98127 0.0500496 0.18602 70.9372 -0.0469205 0.998674 -0.0211889 -5.20621 -0.186834 0.0120638 0.982317 144.282 
0.982492 0.0481939 0.179965 71.0671 -0.0442327 0.998684 -0.0259624 -5.24453 -0.180979 0.0175474 0.98333 145.078 
0.983562 0.0484733 0.173942 71.1787 -0.0449612 0.998698 -0.0240779 -5.28131 -0.174882 0.0158614 0.984461 145.865 
0.984423 0.0549647 0.167003 71.2867 -0.0523696 0.998429 -0.0199077 -5.31754 -0.167834 0.0108517 0.985755 146.68 
0.98536 0.0607842 0.159284 71.3831 -0.0581503 0.998084 -0.0211496 -5.35361 -0.160265 0.0115775 0.987006 147.508 
0.986705 0.0637067 0.149512 71.4678 -0.0604206 0.997823 -0.0264245 -5.37421 -0.15087 0.0170395 0.988407 148.338 
0.988144 0.061344 0.140742 71.5723 -0.0578885 0.997915 -0.0285211 -5.40784 -0.142198 0.0200355 0.989635 149.152 
0.989365 0.0615765 0.131773 71.6797 -0.0587207 0.99795 -0.0254541 -5.43453 -0.13307 0.0174456 0.990953 149.962 
0.989944 0.0659942 0.125125 71.7491 -0.0641424 0.997764 -0.0187759 -5.46011 -0.126084 0.0105612 0.991963 150.778 
0.990597 0.0695531 0.117814 71.8147 -0.068459 0.997565 -0.013314 -5.47758 -0.118454 0.00512332 0.992946 151.597 
0.991532 0.0678147 0.110752 71.8791 -0.0671919 0.997696 -0.00935114 -5.50839 -0.111131 0.00183026 0.993804 152.442 
0.992066 0.0696301 0.104677 71.9472 -0.0692154 0.997573 -0.00759513 -5.51973 -0.104952 0.000289517 0.994477 153.265 
0.992457 0.0698635 0.100733 72.003 -0.0692885 0.997554 -0.00920039 -5.54873 -0.10113 0.00215125 0.994871 154.099 
0.992469 0.0754201 0.0965223 72.0437 -0.0744593 0.997132 -0.0135246 -5.58624 -0.0972654 0.00623566 0.995239 154.91 
0.992378 0.0817907 0.0921741 72.0963 -0.0803151 0.996576 -0.0196133 -5.61376 -0.0934627 0.0120608 0.99555 155.722 
0.992547 0.0834237 0.0888284 72.1602 -0.0817694 0.996406 -0.0221095 -5.63514 -0.0903535 0.0146812 0.995801 156.527 
0.99261 0.0846874 0.0869043 72.2031 -0.0836106 0.996371 -0.015964 -5.65382 -0.0879408 0.00857984 0.996089 157.354 
0.992583 0.0869192 0.0849897 72.2589 -0.0867732 0.996213 -0.00541865 -5.67909 -0.0851388 -0.00199644 0.996367 158.184 
0.992627 0.0889513 0.0823371 72.3064 -0.0894816 0.995985 0.00276546 -5.71055 -0.0817604 -0.0101128 0.996601 159.009 
0.993461 0.0845963 0.0766711 72.3551 -0.0847274 0.996403 -0.00154804 -5.70126 -0.0765262 -0.0049583 0.997055 159.813 
0.994726 0.0738506 0.0711775 72.4039 -0.0732666 0.997254 -0.0107859 -5.72057 -0.0717785 0.00551399 0.997405 160.635 
0.995401 0.0713841 0.0638794 72.448 -0.0704808 0.99738 -0.0162882 -5.72389 -0.0648747 0.0117109 0.997825 161.452 
0.995472 0.0761516 0.0568853 72.4745 -0.0754207 0.997041 -0.0148917 -5.74419 -0.0578509 0.0105338 0.99827 162.281 
0.996087 0.0731163 0.0496468 72.5 -0.0728124 0.997314 -0.00790627 -5.77049 -0.0500915 0.00426035 0.998735 163.108 
0.99669 0.0690642 0.0428814 72.5168 -0.0689297 0.997611 -0.00460998 -5.77741 -0.0430973 0.00163884 0.999069 163.936 
0.997571 0.0592832 0.0365609 72.5515 -0.059281 0.998241 -0.0011471 -5.77186 -0.0365645 -0.00102314 0.999331 164.763 
0.998061 0.0545544 0.0299716 72.5724 -0.0545643 0.99851 -0.000490982 -5.79191 -0.0299537 -0.00114543 0.999551 165.614 
0.998357 0.0525971 0.0227188 72.5905 -0.0524655 0.998602 -0.00635374 -5.8178 -0.0230211 0.00515127 0.999722 166.438 
0.998878 0.0445862 0.0159667 72.5859 -0.0443402 0.998897 -0.0154474 -5.8472 -0.0166377 0.014722 0.999753 167.271 
0.999389 0.0346185 0.00482 72.6636 -0.0345301 0.999253 -0.0173637 -5.88832 -0.00541741 0.0171865 0.999838 168.058 
0.99931 0.0370659 -0.00230534 72.6514 -0.0370873 0.999262 -0.0100091 -5.89733 0.00193273 0.0100876 0.999947 168.91 
0.998802 0.0483163 -0.00777772 72.6198 -0.0482912 0.998827 0.00338676 -5.91238 0.00793232 -0.00300719 0.999964 169.759 
0.998558 0.0520078 -0.0133309 72.6053 -0.0518407 0.998576 0.0125899 -5.93453 0.0139668 -0.0118807 0.999832 170.593 
0.998472 0.0526311 -0.0168183 72.5723 -0.0524749 0.998576 0.00959972 -5.93484 0.0172997 -0.0087026 0.999812 171.432 
0.998329 0.0543437 -0.0196519 72.5407 -0.0543701 0.99852 -0.000804389 -5.94342 0.0195792 0.00187144 0.999806 172.266 
0.997602 0.0653743 -0.0227243 72.4923 -0.065624 0.99779 -0.010419 -5.94858 0.021993 0.0118852 0.999687 173.091 
0.997609 0.0641035 -0.0258358 72.468 -0.0644594 0.997833 -0.0131822 -5.97148 0.0249349 0.014816 0.999579 173.917 
0.997904 0.0589731 -0.0266377 72.4149 -0.0592358 0.998202 -0.00917948 -5.97561 0.0260485 0.0107381 0.999603 174.769 
0.997931 0.0591654 -0.0251557 72.3714 -0.0591875 0.998247 -0.000133814 -6.0015 0.0251038 0.00162236 0.999683 175.642 
0.997841 0.0608435 -0.0247155 72.321 -0.0607343 0.998141 0.00515151 -6.01046 0.0249831 -0.00363939 0.999681 176.525 
0.99786 0.0604666 -0.0248745 72.2658 -0.0603678 0.998165 0.00470491 -6.01575 0.0251135 -0.0031933 0.999679 177.378 
0.997902 0.058425 -0.027875 72.2434 -0.0585946 0.998268 -0.00530548 -6.0189 0.0275168 0.00692759 0.999597 178.218 
0.998329 0.0485864 -0.0312751 72.23 -0.0491189 0.998657 -0.0164844 -6.03792 0.0304323 0.017993 0.999375 179.071 
0.998697 0.03796 -0.0341144 72.2106 -0.0386782 0.999038 -0.0206437 -6.05791 0.033298 0.0219362 0.999205 179.931 
0.99861 0.0397249 -0.0346446 72.1552 -0.0402736 0.999072 -0.0152839 -6.08389 0.0340054 0.0166578 0.999283 180.769 
0.998388 0.0453525 -0.0341276 72.0863 -0.045549 0.99895 -0.00499844 -6.10388 0.0338652 0.00654477 0.999405 181.622 
0.998222 0.0466498 -0.0370917 72.0569 -0.0467052 0.998908 -0.000625551 -6.13507 0.0370221 0.00235673 0.999312 182.464 
0.998233 0.045098 -0.0386975 72.0215 -0.0454205 0.99894 -0.00749231 -6.1219 0.0383187 0.00923665 0.999223 183.296 
0.998181 0.0462582 -0.0386713 71.9835 -0.0468176 0.99881 -0.0136839 -6.14151 0.0379923 0.0154694 0.999158 184.121 
0.997841 0.052298 -0.039729 71.9351 -0.0528833 0.998505 -0.0138241 -6.15885 0.0389467 0.0158952 0.999115 184.959 
0.997669 0.0556851 -0.039444 71.8821 -0.0561495 0.998364 -0.0107609 -6.18188 0.0387803 0.0129505 0.999164 185.806 
0.997339 0.0609765 -0.0399526 71.8309 -0.0613111 0.998093 -0.00720024 -6.20667 0.0394374 0.00963054 0.999176 186.633 
0.997165 0.0638999 -0.0397358 71.7846 -0.0641485 0.997928 -0.00500879 -6.21952 0.0393335 0.0075435 0.999198 187.452 
