1 2.12261e-08 -2.11895e-08 0 2.12261e-08 1 2.10703e-08 0 -2.11895e-08 2.10703e-08 1 0 
1 -0.0006412 0.00026656 -0.0157156 0.000640647 0.999997 0.00222575 -0.0439863 -0.000268029 -0.00222554 0.999998 1.27991 
1 -0.000882133 0.000404376 -0.0320608 0.000880881 0.999995 0.00319068 -0.0853018 -0.000407231 -0.00319028 0.999995 2.53517 
0.999997 -0.0025594 0.000299915 -0.0740203 0.00255853 0.999992 0.00300063 -0.127337 -0.000307635 -0.00299981 0.999995 3.76135 
0.999995 -0.00306861 0.00102716 -0.108405 0.00306569 0.999991 0.00286972 -0.14798 -0.001036 -0.00286652 0.999995 5.07433 
0.999991 -0.00412091 0.000630233 -0.127823 0.00411836 0.999983 0.00405628 -0.167891 -0.000646981 -0.00405361 0.999992 6.37923 
0.999982 -0.00601162 0.000953299 -0.138344 0.00600647 0.999968 0.00536018 -0.177403 -0.000985534 -0.00535431 0.999985 7.70806 
0.999981 -0.00582836 0.00187135 -0.198052 0.00581799 0.999968 0.00552322 -0.183125 -0.00190353 -0.00551219 0.999983 8.97156 
0.999995 -0.0018659 0.00265596 -0.255956 0.00185818 0.999994 0.00291923 -0.183486 -0.00266143 -0.00291424 0.999992 10.4148 
0.999986 -0.000228919 0.00528552 -0.333344 0.000219902 0.999999 0.00171452 -0.214903 -0.00528595 -0.00171329 0.999985 11.7266 
0.999965 0.00528062 0.00644606 -0.398465 -0.00528384 0.999986 0.000490006 -0.226319 -0.00644343 -0.000524007 0.999979 13.0585 
0.999936 0.00865696 0.00724373 -0.443044 -0.00865519 0.999963 -0.000270483 -0.235774 -0.00724585 0.000207812 0.999974 14.3751 
0.999906 0.00991989 0.00944253 -0.499405 -0.00991472 0.999951 -0.000590011 -0.23012 -0.00944796 0.000496378 0.999955 15.7107 
0.999915 0.00816389 0.0101376 -0.525016 -0.00818096 0.999965 0.00164775 -0.221559 -0.0101238 -0.00173051 0.999947 17.0719 
0.999904 0.00486758 0.0129819 -0.602388 -0.00490206 0.999985 0.00262868 -0.220116 -0.012969 -0.00269202 0.999912 18.4159 
0.999932 0.00333168 0.0111843 -0.602916 -0.0033332 0.999994 0.000121189 -0.239858 -0.0111839 -0.000158418 0.999937 19.7648 
0.999929 0.0017592 0.0118225 -0.620517 -0.00173942 0.999997 -0.00167995 -0.264179 -0.0118255 0.00165931 0.999929 21.0907 
0.999927 0.00266471 0.0117729 -0.614223 -0.00262762 0.999992 -0.00316134 -0.282965 -0.0117812 0.00313022 0.999926 22.4548 
0.999909 0.00463667 0.0126726 -0.641719 -0.00461343 0.999988 -0.00185905 -0.295765 -0.0126811 0.00180046 0.999918 23.7736 
0.999886 0.00453829 0.0144109 -0.66709 -0.00454427 0.99999 0.000385143 -0.304072 -0.014409 -0.000450545 0.999896 25.0798 
0.999867 0.00303427 0.0160385 -0.674114 -0.00309294 0.999989 0.00363743 -0.337907 -0.0160274 -0.00368651 0.999865 26.464 
0.999897 -0.000789288 0.0143423 -0.63732 0.000775159 0.999999 0.000993621 -0.346331 -0.0143431 -0.000982359 0.999897 27.88 
0.999877 -0.00129686 0.0156348 -0.669665 0.00130427 0.999999 -0.000461389 -0.373282 -0.0156342 0.000481766 0.999878 29.2654 
0.999862 -0.00361744 0.0162114 -0.648149 0.0036573 0.99999 -0.00242717 -0.405158 -0.0162025 0.00248617 0.999866 30.5881 
0.999846 -4.85519e-05 0.0175619 -0.662851 0.000107095 0.999994 -0.00333014 -0.430692 -0.0175617 0.00333155 0.99984 31.9725 
0.999844 0.00172408 0.017583 -0.66205 -0.00162113 0.999982 -0.00586571 -0.450154 -0.0175929 0.00583633 0.999828 33.3727 
0.999836 0.00244938 0.0179497 -0.661852 -0.00236589 0.999986 -0.00466857 -0.486849 -0.0179609 0.00462538 0.999828 34.7359 
0.999827 0.0011372 0.0185681 -0.685112 -0.00109173 0.999996 -0.00245646 -0.525659 -0.0185708 0.0024358 0.999825 36.1647 
0.999736 0.00705793 0.0218645 -0.755555 -0.00700056 0.999972 -0.00269747 -0.552305 -0.021883 0.00254374 0.999757 37.4791 
0.999702 0.00814768 0.0230029 -0.793322 -0.00809848 0.999965 -0.00222918 -0.555811 -0.0230203 0.00204227 0.999733 38.835 
0.99955 0.0123769 0.027344 -0.865421 -0.0122938 0.999919 -0.00320062 -0.566411 -0.0273814 0.00286305 0.999621 40.0952 
0.999545 0.0136554 0.0268885 -0.864971 -0.0136081 0.999906 -0.00193922 -0.603751 -0.0269125 0.00157248 0.999637 41.405 
0.999485 0.0140755 0.0288451 -0.917643 -0.0140195 0.999899 -0.00214155 -0.615208 -0.0288724 0.0017361 0.999582 42.8058 
0.999474 0.013396 0.0295241 -0.9104 -0.0133094 0.999907 -0.00312368 -0.623254 -0.0295633 0.00272913 0.999559 44.2759 
0.999506 0.0113935 0.0293002 -0.91146 -0.0113065 0.999931 -0.00313159 -0.649967 -0.0293339 0.0027988 0.999566 45.6375 
0.999543 0.00944876 0.0287257 -0.902986 -0.00939651 0.999954 -0.00195192 -0.688568 -0.0287428 0.00168115 0.999585 47.072 
0.999495 0.00836085 0.0306666 -0.946314 -0.00835673 0.999965 -0.000261142 -0.723565 -0.0306677 4.77945e-06 0.99953 48.3284 
0.999481 0.0103488 0.0305029 -0.967268 -0.0102974 0.999945 -0.00184085 -0.717398 -0.0305203 0.00152584 0.999533 49.8362 
0.999436 0.0104472 0.0319175 -0.999196 -0.0103978 0.999945 -0.00171353 -0.717291 -0.0319336 0.00138074 0.999489 51.2856 
0.999465 0.00931254 0.0313583 -1.02878 -0.00929857 0.999957 -0.00058985 -0.721958 -0.0313624 0.000297989 0.999508 52.7063 
0.999541 0.00702715 0.0294828 -1.00223 -0.00706523 0.999974 0.00118912 -0.771906 -0.0294737 -0.00139684 0.999565 54.1704 
0.999546 0.0040986 0.0298628 -0.998402 -0.00416726 0.999989 0.00223876 -0.779742 -0.0298533 -0.00236215 0.999552 55.5264 
0.999588 0.000223458 0.0287133 -0.964828 -0.000262504 0.999999 0.0013576 -0.801129 -0.028713 -0.00136453 0.999587 56.9608 
0.999604 -0.00104929 0.0281118 -0.949914 0.00098305 0.999997 0.00237143 -0.824655 -0.0281143 -0.00234282 0.999602 58.3451 
0.999517 -0.00364279 0.0308544 -1.03163 0.00355357 0.999989 0.00294757 -0.812771 -0.0308648 -0.00283646 0.99952 59.9425 
0.999438 -0.0059683 0.0329925 -1.06188 0.00585679 0.999977 0.00347688 -0.830872 -0.0330125 -0.00328166 0.99945 61.1907 
0.999417 -0.00725851 0.0333641 -1.03475 0.00716398 0.99997 0.00295323 -0.854246 -0.0333846 -0.00271245 0.999439 62.6199 
0.999456 -0.0102195 0.0313731 -0.978118 0.0101514 0.999946 0.00233109 -0.885064 -0.0313952 -0.0020113 0.999505 64.054 
0.999455 -0.0096086 0.0315869 -0.962838 0.00955318 0.999953 0.00190643 -0.905134 -0.0316038 -0.0016036 0.999499 65.5125 
0.999427 -0.00736347 0.0330367 -0.965765 0.00731556 0.999972 0.00157228 -0.922722 -0.0330473 -0.00132965 0.999453 66.9204 
0.99949 -0.0062628 0.0313182 -0.912041 0.00618247 0.999977 0.00266249 -0.915654 -0.0313343 -0.00246747 0.999506 68.4207 
0.999424 3.31808e-05 0.0339398 -0.925784 -0.000128728 0.999996 0.00281427 -0.920459 -0.0339396 -0.00281698 0.99942 69.849 
0.999441 -0.000691164 0.0334201 -0.924012 0.000543984 0.99999 0.00441413 -0.9598 -0.0334229 -0.00439344 0.999432 71.1484 
0.99942 0.00528767 0.0336505 -0.907381 -0.00543247 0.999976 0.00421432 -0.980854 -0.0336275 -0.00439464 0.999425 72.4815 
0.999264 0.0119247 0.0364555 -0.929322 -0.0120503 0.999922 0.00323014 -1.01172 -0.0364142 -0.00366702 0.99933 73.7017 
0.99903 0.0131766 0.0420076 -1.04177 -0.0133799 0.9999 0.00456461 -1.0679 -0.0419433 -0.00512221 0.999107 74.7598 
0.999064 0.0112328 0.0417821 -1.02161 -0.0114736 0.999919 0.00552805 -1.0664 -0.0417167 -0.00600222 0.999111 76.1622 
0.999033 0.0114689 0.0424368 -0.99831 -0.0116793 0.999921 0.00471459 -1.07335 -0.0423794 -0.00520562 0.999088 77.566 
0.999053 0.00873142 0.042633 -0.972316 -0.00890173 0.999953 0.00380745 -1.06995 -0.0425978 -0.00418331 0.999084 78.9495 
0.999096 0.00829817 0.0417025 -0.927976 -0.00844272 0.999959 0.00329232 -1.0789 -0.0416735 -0.00364138 0.999125 80.402 
0.998958 0.00802135 0.0449249 -0.984145 -0.00818907 0.99996 0.00355132 -1.10256 -0.0448947 -0.00391547 0.998984 81.5255 
0.998928 0.0090575 0.0453916 -0.965553 -0.00915225 0.999956 0.00188099 -1.09979 -0.0453726 -0.00229437 0.998968 82.8355 
0.998993 0.00733295 0.0442712 -0.938549 -0.00746363 0.999968 0.00278818 -1.11548 -0.0442494 -0.00311576 0.999016 84.2613 
0.998486 0.0099959 0.05409 -1.1824 -0.0102594 0.999937 0.00459652 -1.18862 -0.0540406 -0.00514445 0.998526 85.0754 
0.998556 0.0080067 0.0531269 -1.19947 -0.00829563 0.999952 0.00522111 -1.17296 -0.0530826 -0.00565425 0.998574 86.4184 
0.998708 0.00553892 0.0505244 -1.14506 -0.00576864 0.999974 0.00440305 -1.16468 -0.0504988 -0.00468878 0.998713 87.7579 
0.99871 0.00380401 0.0506262 -1.115 -0.00400149 0.999985 0.00380077 -1.17547 -0.050611 -0.00399841 0.99871 89.0834 
0.998658 0.0017768 0.0517542 -1.08608 -0.00198376 0.99999 0.00394877 -1.19988 -0.0517467 -0.0040461 0.998652 90.4263 
0.998646 0.0013036 0.0520125 -1.02785 -0.00149543 0.999992 0.00365021 -1.21512 -0.0520073 -0.003723 0.99864 91.8894 
0.998703 0.000491925 0.0509049 -0.977253 -0.000649969 0.999995 0.00308904 -1.22057 -0.0509031 -0.00311808 0.998699 93.2584 
0.998722 -0.00108424 0.0505323 -0.914151 0.000987476 0.999998 0.00194077 -1.23056 -0.0505343 -0.00188835 0.998721 94.597 
0.99866 -0.000180358 0.0517477 -0.90898 9.2143e-05 0.999999 0.00170794 -1.24883 -0.051748 -0.00170084 0.998659 95.6997 
0.998666 0.00160545 0.0516206 -0.875041 -0.00166539 0.999998 0.00111893 -1.25139 -0.0516187 -0.00120336 0.998666 97.0022 
0.998601 0.00259826 0.0528122 -0.870884 -0.0027719 0.999991 0.00321583 -1.28813 -0.0528034 -0.00335768 0.998599 98.3086 
0.998588 0.00378757 0.0529874 -0.838597 -0.00399697 0.999985 0.00384726 -1.29546 -0.0529721 -0.00405358 0.998588 99.702 
0.998493 0.00162545 0.054856 -0.849476 -0.00183425 0.999991 0.00375705 -1.36136 -0.0548495 -0.00385197 0.998487 100.92 
0.998451 0.00546465 0.0553651 -0.814743 -0.00547374 0.999985 1.34543e-05 -1.36257 -0.0553642 -0.000316447 0.998466 102.262 
0.998348 0.0040049 0.057322 -0.824656 -0.00398886 0.999992 -0.0003935 -1.38671 -0.0573231 0.000164242 0.998356 103.564 
0.998296 0.00116051 0.0583466 -0.779068 -0.0012708 0.999998 0.00185388 -1.43515 -0.0583443 -0.00192483 0.998295 104.83 
0.998289 -0.000208491 0.0584712 -0.716675 3.14814e-05 0.999995 0.00302895 -1.44763 -0.0584716 -0.00302189 0.998285 106.054 
0.998312 -0.00652767 0.0577093 -0.638005 0.00611906 0.999955 0.00725514 -1.51994 -0.0577542 -0.00688972 0.998307 107.379 
0.998201 -0.00801248 0.0594134 -0.619266 0.00757163 0.999942 0.00764211 -1.569 -0.0594712 -0.00717846 0.998204 108.633 
0.99812 -0.00507881 0.0610821 -0.578072 0.00471613 0.99997 0.00608113 -1.59396 -0.0611112 -0.00578159 0.998114 109.874 
0.99799 -0.0021329 0.0633371 -0.53772 0.00188852 0.999991 0.0039187 -1.59791 -0.0633449 -0.00379117 0.997985 111.194 
0.997865 0.00131171 0.0652948 -0.500621 -0.00159434 0.99999 0.00427729 -1.62329 -0.0652886 -0.00437222 0.997857 112.469 
0.997745 0.00132298 0.0671033 -0.441978 -0.00182487 0.999971 0.00741914 -1.6565 -0.0670916 -0.00752483 0.997718 113.745 
0.9975 0.00141539 0.0706467 -0.452499 -0.00213879 0.999946 0.0101657 -1.69175 -0.0706285 -0.0102913 0.99745 115.003 
0.997499 0.00217356 0.0706539 -0.375316 -0.00286943 0.999948 0.00974954 -1.69473 -0.0706291 -0.00992785 0.997453 116.352 
0.99735 0.00294915 0.0726959 -0.334247 -0.00364992 0.999948 0.00950938 -1.69957 -0.0726641 -0.00974947 0.997309 117.617 
0.99718 0.00591876 0.0748102 -0.290933 -0.00656502 0.999943 0.00839632 -1.70719 -0.0747563 -0.00886373 0.997162 118.897 
0.997142 0.00912623 0.0750024 -0.195753 -0.00966766 0.99993 0.00685945 -1.7069 -0.0749346 -0.0075649 0.99716 120.268 
0.996982 0.00923126 0.0770788 -0.152393 -0.00972073 0.999935 0.00597802 -1.70553 -0.0770186 -0.0067092 0.997007 121.586 
0.996828 0.0104487 0.078903 -0.0820153 -0.0109381 0.999924 0.00577306 -1.73807 -0.0788367 -0.00661775 0.996866 122.931 
0.996553 0.0100694 0.0823474 -0.0788485 -0.0105805 0.999927 0.00577314 -1.7636 -0.0822833 -0.00662448 0.996587 124.28 
0.996436 0.00973269 0.0837892 -0.00596738 -0.0102529 0.999931 0.00578057 -1.74734 -0.0837271 -0.00661901 0.996467 125.69 
0.996188 0.00871583 0.086799 0.029711 -0.00934157 0.999933 0.00680601 -1.77001 -0.0867339 -0.00759086 0.996203 127.033 
0.996144 0.00771885 0.0873989 0.12127 -0.0084034 0.999937 0.00746772 -1.81072 -0.0873358 -0.00817333 0.996145 128.436 
0.996077 0.00589608 0.0882904 0.192632 -0.0065712 0.999951 0.00735843 -1.81903 -0.0882427 -0.0079097 0.996068 129.784 
0.996018 0.00486509 0.0890168 0.242468 -0.00563654 0.999949 0.00841755 -1.84028 -0.0889713 -0.00888574 0.995995 131.089 
0.996061 0.00422364 0.0885688 0.332063 -0.0049473 0.999956 0.00795314 -1.83298 -0.0885314 -0.00835995 0.996038 132.499 
0.996089 0.00452092 0.088236 0.427103 -0.00515162 0.999963 0.00692198 -1.83096 -0.0882015 -0.00734943 0.996076 133.817 
0.996124 0.00426554 0.0878609 0.505589 -0.00497072 0.999957 0.00780934 -1.84977 -0.0878238 -0.00821576 0.996102 135.129 
0.996077 0.00421551 0.0883958 0.559486 -0.00483733 0.999965 0.00682193 -1.84415 -0.088364 -0.00722273 0.996062 136.484 
0.996049 0.00501039 0.0886636 0.616352 -0.00558676 0.999965 0.00625426 -1.84711 -0.0886292 -0.00672485 0.996042 137.814 
0.996071 0.00619212 0.0883411 0.685495 -0.00667062 0.999965 0.00512276 -1.85195 -0.0883063 -0.00569188 0.996077 139.11 
0.995979 0.00604976 0.0893823 0.739741 -0.00649713 0.999968 0.00471553 -1.85676 -0.089351 -0.00527726 0.995986 140.481 
0.995983 0.00403908 0.0894558 0.801963 -0.00428642 0.999988 0.00257352 -1.86954 -0.0894443 -0.00294659 0.995988 141.787 
0.995988 0.000317549 0.0894903 0.861616 -0.000585045 0.999995 0.00296339 -1.89412 -0.089489 -0.00300381 0.995983 143.061 
0.995951 -0.0086874 0.0894751 0.931095 0.00829138 0.999954 0.0047972 -1.89085 -0.0895128 -0.00403586 0.995978 144.384 
0.995968 -0.0154192 0.0883771 1.03386 0.0148031 0.999861 0.00762288 -1.92365 -0.0884824 -0.00628384 0.996058 145.844 
0.996021 -0.0160656 0.0876596 1.14986 0.0158752 0.99987 0.0028702 -1.91013 -0.0876943 -0.00146713 0.996146 147.211 
0.996012 -0.0162798 0.0877167 1.2549 0.0163737 0.999866 -0.000351389 -1.92068 -0.0876993 0.00178628 0.996145 148.545 
0.995869 -0.0115678 0.0900611 1.28469 0.0118333 0.999927 -0.00241487 -1.94016 -0.0900266 0.00347066 0.995933 149.786 
0.995755 -0.0113646 0.0913412 1.37145 0.0116321 0.99993 -0.00239625 -1.97049 -0.0913076 0.00344861 0.995817 151.134 
0.995717 -0.0144974 0.0913142 1.48323 0.0144066 0.999895 0.0016545 -1.99318 -0.0913286 -0.000331846 0.995821 152.474 
0.995542 -0.0218729 0.0917442 1.56982 0.0214959 0.999756 0.00509586 -2.02529 -0.0918333 -0.00310098 0.99577 153.83 
0.995452 -0.0246608 0.0920204 1.67482 0.0242722 0.999691 0.00534097 -2.0207 -0.0921238 -0.00308311 0.995743 155.18 
0.995338 -0.0257197 0.0929574 1.76606 0.0253638 0.999666 0.00500882 -2.02477 -0.0930551 -0.00262767 0.995658 156.531 
0.995195 -0.0204487 0.0957506 1.8103 0.0201963 0.99979 0.00360556 -2.01013 -0.0958042 -0.00165439 0.995399 157.849 
0.995061 -0.0179041 0.0976367 1.89325 0.0176134 0.999838 0.00383917 -2.05389 -0.0976896 -0.00210045 0.995215 159.164 
0.995071 -0.0130757 0.0982988 1.99959 0.0129872 0.999915 0.00154051 -2.07645 -0.0983106 -0.000256252 0.995156 160.514 
0.995068 -0.0108049 0.0986009 2.09212 0.0106884 0.999941 0.0017096 -2.10377 -0.0986137 -0.000647246 0.995126 161.811 
0.994786 -0.00453345 0.101882 2.13076 0.00438021 0.999989 0.00172818 -2.1248 -0.101889 -0.00127287 0.994795 162.982 
0.994767 -0.00233461 0.102139 2.21185 0.00223926 0.999997 0.00104867 -2.14283 -0.102141 -0.000814426 0.99477 164.296 
0.994737 0.00122583 0.10245 2.32878 -0.000998999 0.999997 -0.00226495 -2.1443 -0.102453 0.00215072 0.994736 165.65 
0.99458 0.00543239 0.103832 2.38464 -0.00504202 0.999979 -0.00402131 -2.18855 -0.103851 0.00347603 0.994587 166.932 
0.994273 0.0167191 0.105551 2.44095 -0.0161152 0.999849 -0.00657146 -2.20769 -0.105645 0.00483289 0.994392 168.083 
0.994105 0.019113 0.106722 2.51651 -0.0184885 0.999806 -0.00683722 -2.19998 -0.106832 0.00482382 0.994265 169.409 
0.994033 0.0204247 0.107153 2.65615 -0.0201417 0.99979 -0.00372302 -2.24486 -0.107207 0.0015426 0.994236 170.868 
0.994211 0.0169952 0.106093 2.75902 -0.0171288 0.999853 0.000348482 -2.3161 -0.106072 -0.00216368 0.994356 172.232 
0.994098 0.0163338 0.107252 2.78785 -0.0165321 0.999863 0.000959958 -2.34664 -0.107222 -0.00272736 0.994231 173.358 
0.994355 0.0143481 0.105134 2.91375 -0.0145984 0.999892 0.00161187 -2.39667 -0.105099 -0.00313751 0.994457 174.614 
0.994692 0.0138669 0.101958 3.03156 -0.0137035 0.999903 -0.00230215 -2.42408 -0.10198 0.000892788 0.994786 176.027 
0.994782 0.0168338 0.10063 3.14259 -0.016198 0.999843 -0.00713117 -2.43209 -0.100734 0.00546399 0.994898 177.438 
0.994761 0.0205457 0.100144 3.23972 -0.0196393 0.999757 -0.010028 -2.37414 -0.100326 0.00800875 0.994922 178.654 
0.994277 0.0274241 0.103254 3.21767 -0.0267022 0.999608 -0.00836777 -2.42389 -0.103443 0.00556282 0.99462 179.614 
0.994406 0.0262257 0.102317 3.32933 -0.0260224 0.999656 -0.00332109 -2.47095 -0.102369 0.000640019 0.994746 180.966 
0.994043 0.0284837 0.105199 3.39692 -0.0285592 0.999592 -0.000789157 -2.51787 -0.105178 -0.00221989 0.994451 182.312 
0.994253 0.0247694 0.104152 3.50686 -0.024872 0.999691 -0.00031339 -2.48894 -0.104128 -0.00227885 0.994561 183.88 
0.994147 0.0254623 0.104994 3.63344 -0.0255019 0.999674 -0.000965112 -2.49499 -0.104985 -0.00171806 0.994472 185.209 
0.993979 0.023319 0.107059 3.74153 -0.0234216 0.999726 -0.000298358 -2.52504 -0.107037 -0.0022109 0.994253 186.632 
0.994199 0.0194764 0.105779 3.90208 -0.0195523 0.999809 -0.00031897 -2.52485 -0.105765 -0.00175107 0.99439 188.081 
0.994085 0.015753 0.107453 3.97149 -0.0159917 0.999871 0.00136079 -2.55601 -0.107417 -0.00307106 0.994209 189.452 
0.994077 0.0130863 0.107886 4.07124 -0.0133096 0.999911 0.00135001 -2.5472 -0.107859 -0.00277789 0.994162 190.828 
0.994099 0.0100669 0.108006 4.17927 -0.0102992 0.999946 0.00159432 -2.57877 -0.107984 -0.00269725 0.994149 192.244 
0.993787 0.0153119 0.110237 4.23284 -0.0151297 0.999882 -0.00248869 -2.60592 -0.110262 0.000805423 0.993902 193.67 
0.993558 0.0210164 0.111356 4.31034 -0.0204633 0.999772 -0.0061075 -2.66098 -0.111459 0.00378947 0.993762 195.023 
0.992965 0.0332449 0.113646 4.37771 -0.0325521 0.999438 -0.00794647 -2.66575 -0.113846 0.0041912 0.99349 196.349 
0.99234 0.0431055 0.115775 4.48171 -0.0427497 0.99907 -0.00555525 -2.66867 -0.115907 0.000563375 0.99326 197.856 
0.992199 0.0415471 0.117541 4.59802 -0.0415473 0.999134 -0.00244983 -2.70247 -0.117541 -0.00245274 0.993065 199.372 
0.992422 0.0382554 0.116771 4.7613 -0.0382941 0.999265 -0.0019132 -2.72582 -0.116758 -0.00257289 0.993157 200.786 
0.992693 0.0341129 0.115743 4.90281 -0.0342119 0.999414 -0.00113156 -2.77132 -0.115714 -0.00283644 0.993279 202.266 
0.992842 0.032057 0.115055 5.04098 -0.0321054 0.999484 -0.00143238 -2.79182 -0.115041 -0.00227171 0.993358 203.707 
0.992865 0.0329246 0.114605 5.15715 -0.0328574 0.999457 -0.00247488 -2.81005 -0.114624 -0.00130835 0.993408 205.11 
0.992879 0.0324541 0.114618 5.29152 -0.0324522 0.999472 -0.00188252 -2.85844 -0.114619 -0.00185046 0.993408 206.539 
0.992645 0.0338588 0.116228 5.38753 -0.0339883 0.999422 -0.000867601 -2.90131 -0.11619 -0.00308915 0.993222 207.985 
0.992658 0.031425 0.116797 5.48583 -0.0315148 0.999503 -0.00107796 -2.90827 -0.116773 -0.00261077 0.993155 209.578 
0.992369 0.0328214 0.118857 5.57986 -0.0327325 0.999461 -0.00269983 -2.92997 -0.118882 -0.00121123 0.992908 210.968 
0.992135 0.0331674 0.120698 5.68403 -0.0331212 0.999449 -0.0023885 -2.9594 -0.12071 -0.00162791 0.992686 212.497 
0.992174 0.0330498 0.120408 5.83516 -0.032878 0.999454 -0.00341345 -2.96413 -0.120456 -0.000572016 0.992719 214.104 
0.992422 0.0316976 0.118722 6.02587 -0.0315129 0.999497 -0.00343219 -2.98562 -0.118771 -0.000335054 0.992922 215.612 
0.992329 0.0315455 0.119537 6.14467 -0.0313079 0.999502 -0.00386521 -3.01664 -0.119599 9.31597e-05 0.992822 217.085 
0.992105 0.0348458 0.120472 6.28098 -0.0346618 0.999393 -0.00362303 -3.06586 -0.120525 -0.000581296 0.99271 218.544 
0.992281 0.0351423 0.118928 6.43456 -0.0349263 0.999382 -0.0039001 -3.10477 -0.118992 -0.000283699 0.992895 219.913 
0.992173 0.0377349 0.119032 6.5623 -0.0374702 0.999288 -0.00446122 -3.14409 -0.119115 -3.3804e-05 0.99288 221.371 
0.992195 0.0368265 0.119137 6.69294 -0.036559 0.999322 -0.00443103 -3.1661 -0.11922 4.09508e-05 0.992868 222.78 
0.992413 0.0325478 0.118561 6.85007 -0.0323226 0.99947 -0.00382175 -3.18641 -0.118622 -3.93885e-05 0.99294 224.244 
0.992623 0.0292312 0.117666 7.01735 -0.029066 0.999573 -0.00311941 -3.21896 -0.117707 -0.000323642 0.993048 225.726 
0.9926 0.028174 0.118116 7.16587 -0.0281661 0.999602 -0.00173607 -3.25409 -0.118118 -0.0016036 0.992998 227.15 
0.992475 0.0281611 0.119165 7.25981 -0.0281573 0.999602 -0.00171513 -3.27017 -0.119166 -0.00165311 0.992873 228.568 
0.992316 0.0293442 0.120199 7.37643 -0.0292588 0.999569 -0.00247527 -3.29427 -0.12022 -0.00106059 0.992747 230.053 
0.992297 0.0277316 0.120735 7.51404 -0.0275346 0.999615 -0.00329947 -3.30494 -0.12078 -5.02875e-05 0.992679 231.597 
0.992003 0.032187 0.122042 7.62719 -0.0319336 0.999482 -0.00403188 -3.28596 -0.122109 0.000102434 0.992517 233.171 
0.991624 0.0328274 0.124917 7.72125 -0.0327906 0.99946 -0.00235094 -3.31228 -0.124926 -0.0017648 0.992164 234.642 
0.991539 0.0315268 0.125923 7.87419 -0.0314913 0.999501 -0.00227299 -3.33339 -0.125932 -0.00171168 0.992037 236.091 
0.991532 0.0309718 0.126114 8.06682 -0.0307333 0.99952 -0.00383648 -3.35064 -0.126173 -7.18759e-05 0.992008 237.691 
0.990791 0.0339824 0.13107 8.11704 -0.0332346 0.999416 -0.00788863 -3.32614 -0.131262 0.00345995 0.991342 239.167 
0.990787 0.0341664 0.131051 8.28066 -0.0336848 0.999415 -0.00589017 -3.40396 -0.131175 0.00142151 0.991358 240.709 
0.990518 0.0377278 0.132103 8.44359 -0.0370842 0.999285 -0.0073293 -3.40344 -0.132285 0.00236091 0.991209 242.141 
0.990703 0.0375276 0.130763 8.66077 -0.0370965 0.999295 -0.00573171 -3.43864 -0.130886 0.000827602 0.991397 243.683 
0.990637 0.0393999 0.130713 8.79075 -0.0390119 0.999223 -0.00552847 -3.47879 -0.130829 0.000377388 0.991405 245.11 
0.990781 0.0383641 0.129925 8.9968 -0.0382188 0.999263 -0.00361229 -3.52913 -0.129968 -0.00138655 0.991517 246.726 
0.990274 0.0432978 0.132221 9.09489 -0.0432211 0.99906 -0.00345089 -3.56037 -0.132246 -0.00229738 0.991214 248.11 
0.990579 0.0401453 0.130926 9.31554 -0.04015 0.99919 -0.00260408 -3.59966 -0.130925 -0.0026771 0.991389 249.671 
0.990446 0.0418381 0.1314 9.46651 -0.0418672 0.99912 -0.0025426 -3.63182 -0.131391 -0.002983 0.991326 251.182 
0.990207 0.0408069 0.13351 9.59388 -0.04084 0.999163 -0.00249159 -3.65777 -0.1335 -0.00298532 0.991044 252.694 
0.990021 0.0412928 0.134735 9.74562 -0.0414407 0.99914 -0.00170813 -3.69328 -0.13469 -0.00389239 0.99088 254.2 
0.990153 0.0392478 0.134378 9.9328 -0.0395226 0.999219 -0.000622529 -3.74503 -0.134297 -0.00469452 0.99093 255.619 
0.989982 0.0392383 0.135634 10.0689 -0.0395374 0.999218 -0.000488249 -3.79113 -0.135548 -0.00487924 0.990759 257.078 
0.990074 0.0382492 0.135245 10.2712 -0.0384134 0.999261 -0.00139591 -3.76059 -0.135199 -0.00381314 0.990811 258.682 
0.990229 0.0328128 0.135538 10.435 -0.0332382 0.999447 0.000876977 -3.79269 -0.135434 -0.00537342 0.990772 260.152 
0.990108 0.0333093 0.136295 10.5823 -0.0336782 0.999433 0.000401359 -3.84042 -0.136205 -0.00498754 0.990668 261.598 
0.98994 0.0323585 0.137741 10.7195 -0.0326375 0.999467 -0.000232727 -3.86642 -0.137675 -0.00426509 0.990468 263.019 
0.989701 0.0335575 0.139159 10.8714 -0.0337456 0.99943 -0.00100779 -3.88844 -0.139113 -0.00369854 0.99027 264.531 
0.989362 0.0362993 0.140871 11.0498 -0.0365565 0.999331 -0.000762267 -3.91213 -0.140804 -0.00439554 0.990028 266.038 
0.988925 0.0376048 0.143573 11.1942 -0.0379261 0.99928 -0.000498747 -3.95348 -0.143489 -0.00495191 0.98964 267.542 
0.988294 0.0410854 0.146923 11.3622 -0.041347 0.999144 -0.00127425 -3.98695 -0.14685 -0.00481546 0.989147 268.973 
0.98806 0.0418569 0.148276 11.5413 -0.0419112 0.999118 -0.00275905 -4.00196 -0.14826 -0.00348826 0.988942 270.532 
0.988016 0.0431668 0.148195 11.7753 -0.0428221 0.999068 -0.00551666 -4.00195 -0.148295 -0.000895451 0.988943 272.089 
0.987864 0.0394468 0.150226 11.9006 -0.0389488 0.999222 -0.00625657 -3.97311 -0.150356 0.000329563 0.988632 273.804 
0.987352 0.0392159 0.153618 12.0981 -0.0385046 0.99923 -0.00760399 -4.0148 -0.153798 0.00159286 0.988101 275.241 
0.987104 0.0382658 0.155437 12.2779 -0.0377878 0.999268 -0.00602971 -4.06782 -0.155554 7.83608e-05 0.987827 276.735 
0.987122 0.0403078 0.154807 12.4821 -0.039718 0.999187 -0.00690247 -4.08693 -0.154959 0.000665015 0.987921 278.228 
0.98683 0.0428954 0.155971 12.6883 -0.0416867 0.99907 -0.0110133 -4.09579 -0.156299 0.00436633 0.9877 279.765 
0.98701 0.0394358 0.155743 12.873 -0.0378784 0.999198 -0.0129554 -4.13898 -0.156129 0.00688781 0.987713 281.217 
0.987252 0.0382466 0.154504 13.1094 -0.0366244 0.99924 -0.0133332 -4.16545 -0.154897 0.0075046 0.987902 282.741 
0.987276 0.0434431 0.152967 13.3317 -0.0413444 0.999002 -0.0168758 -4.13518 -0.153548 0.0103368 0.988087 284.315 
0.986976 0.0457253 0.15423 13.5483 -0.0437683 0.998913 -0.0160625 -4.2357 -0.154797 0.00910298 0.987904 285.932 
0.986986 0.0452562 0.154304 13.734 -0.0433281 0.998935 -0.0158371 -4.29414 -0.154857 0.00894534 0.987897 287.484 
0.987616 0.0404958 0.151576 13.9634 -0.0389378 0.999154 -0.0132336 -4.37097 -0.151984 0.00716776 0.988357 288.981 
0.987953 0.039595 0.149606 14.1841 -0.0380688 0.99919 -0.0130527 -4.42507 -0.150002 0.00720015 0.98866 290.54 
0.988313 0.0338854 0.148626 14.3503 -0.0328134 0.999415 -0.00965902 -4.47077 -0.148866 0.00466925 0.988846 292.086 
0.987981 0.038804 0.149623 14.5014 -0.0378288 0.99924 -0.00935906 -4.51754 -0.149873 0.00358654 0.988699 293.64 
0.988075 0.0375017 0.149334 14.7139 -0.0363602 0.999285 -0.0103676 -4.51935 -0.149616 0.00481425 0.988733 295.189 
0.987945 0.037844 0.150106 14.9133 -0.0366591 0.999271 -0.0106536 -4.56243 -0.1504 0.00502251 0.988613 296.763 
0.987868 0.0358374 0.151106 15.1054 -0.0345834 0.999342 -0.0109193 -4.59384 -0.151398 0.00556109 0.988457 298.356 
0.988046 0.0340073 0.150362 15.2877 -0.0327394 0.999405 -0.0109 -4.67035 -0.150643 0.00584699 0.988571 299.883 
0.988307 0.0313714 0.149216 15.525 -0.0296923 0.999468 -0.0134681 -4.68012 -0.14956 0.00888011 0.988713 301.486 
0.988151 0.0309161 0.150342 15.6605 -0.0293355 0.999489 -0.0127201 -4.78612 -0.150658 0.00815906 0.988552 302.903 
0.98839 0.0338584 0.148118 15.8718 -0.0322849 0.999394 -0.0130149 -4.84307 -0.148469 0.0080819 0.988884 304.466 
0.98867 0.0344262 0.146103 16.0843 -0.0329106 0.999377 -0.0127781 -4.88156 -0.146452 0.00782503 0.989187 306.067 
0.988388 0.0362806 0.147556 16.2431 -0.0351477 0.999329 -0.0102791 -4.91794 -0.14783 0.00497357 0.989 307.667 
0.98837 0.0348033 0.148035 16.5015 -0.0339311 0.999389 -0.00841363 -4.94893 -0.148237 0.00329283 0.988946 309.282 
0.988165 0.0323725 0.149942 16.6171 -0.0315679 0.999472 -0.00774321 -4.97512 -0.150113 0.00291826 0.988665 310.818 
0.988078 0.0311228 0.150775 16.7745 -0.0302551 0.99951 -0.00804538 -5.02421 -0.150952 0.00338777 0.988535 312.302 
0.988003 0.0293216 0.151628 16.9205 -0.0283636 0.999562 -0.00847743 -5.04473 -0.15181 0.00407505 0.988401 313.824 
0.987969 0.0273513 0.152214 17.1208 -0.0266006 0.999622 -0.00696612 -5.09938 -0.152347 0.00283337 0.988323 315.412 
0.988006 0.0260041 0.152209 17.3476 -0.025356 0.999659 -0.00619701 -5.15944 -0.152319 0.00226329 0.988329 316.859 
0.987626 0.029495 0.154029 17.4869 -0.0286228 0.999559 -0.0078771 -5.17949 -0.154193 0.00337094 0.988035 318.26 
0.987137 0.0326033 0.156519 17.6685 -0.0315831 0.999461 -0.00900101 -5.22362 -0.156728 0.00394191 0.987634 319.959 
0.986888 0.0315606 0.15829 17.8697 -0.0308502 0.9995 -0.00694326 -5.27214 -0.15843 0.00196899 0.987368 321.55 
0.986499 0.0313556 0.16074 17.9968 -0.0306439 0.999507 -0.00690504 -5.30319 -0.160877 0.00188616 0.986973 323.115 
0.986283 0.0297383 0.16236 18.1338 -0.0290024 0.999556 -0.00690126 -5.38261 -0.162493 0.00209782 0.986708 324.544 
0.985816 0.0326339 0.164627 18.3038 -0.0318697 0.999466 -0.00728153 -5.41592 -0.164777 0.00193167 0.986329 326.003 
0.986042 0.0327356 0.163246 18.5603 -0.0317695 0.999459 -0.00852553 -5.47248 -0.163437 0.00322031 0.986549 327.629 
0.985985 0.03374 0.163389 18.7877 -0.0324025 0.999416 -0.0108442 -5.52548 -0.16366 0.00539805 0.986502 329.238 
0.984853 0.0365131 0.169505 18.6552 -0.0354583 0.999328 -0.00924672 -5.61861 -0.169729 0.00309635 0.985486 330.621 
0.984463 0.0399048 0.170999 18.8322 -0.0392433 0.999203 -0.0072475 -5.65382 -0.171152 0.000424353 0.985245 332.196 
0.984275 0.04009 0.172031 19.0517 -0.0399674 0.999192 -0.00417748 -5.69145 -0.17206 -0.00276381 0.985083 333.805 
0.984125 0.0417911 0.172485 19.2812 -0.0414103 0.999125 -0.00580704 -5.73086 -0.172577 -0.00142775 0.984995 335.337 
0.984428 0.0420506 0.170685 19.5163 -0.0413185 0.999115 -0.00784037 -5.75876 -0.170864 0.000665856 0.985294 336.86 
0.984698 0.0410384 0.169369 19.76 -0.0404941 0.999158 -0.00666816 -5.7945 -0.1695 -0.00029228 0.98553 338.463 
0.984645 0.0400741 0.169904 19.9813 -0.0396028 0.999197 -0.00616349 -5.83148 -0.170015 -0.000659788 0.985441 340.081 
0.984567 0.0416549 0.169979 20.1715 -0.0410229 0.999132 -0.00722962 -5.89325 -0.170133 0.00014504 0.985421 341.596 
0.98485 0.040036 0.168722 20.4062 -0.0395765 0.999198 -0.00608644 -5.94664 -0.168831 -0.000683157 0.985645 343.105 
0.984875 0.039173 0.168782 20.6278 -0.0385784 0.999232 -0.00680121 -5.97005 -0.168919 0.000187035 0.98563 344.633 
0.984778 0.0396531 0.169233 20.8558 -0.0391999 0.999213 -0.00601927 -6.01774 -0.169338 -0.000706224 0.985558 346.176 
0.984644 0.0388167 0.170207 21.087 -0.0383528 0.999246 -0.00601329 -6.07336 -0.170312 -0.000606936 0.98539 347.648 
0.984672 0.0395654 0.169871 21.3625 -0.0388908 0.999217 -0.00729815 -6.09794 -0.170027 0.000579897 0.985439 349.251 
0.984813 0.0403908 0.168856 21.6649 -0.0393539 0.99918 -0.00948409 -6.09893 -0.169101 0.00269495 0.985595 350.941 
0.984641 0.0405998 0.169807 21.8812 -0.0395213 0.999171 -0.00972815 -6.15042 -0.170061 0.00286779 0.985429 352.477 
0.984797 0.0388852 0.169303 22.1544 -0.037509 0.999232 -0.01132 -6.19829 -0.169614 0.00479756 0.985499 354.067 
0.984962 0.0346291 0.169267 22.4234 -0.0336891 0.999397 -0.00842299 -6.25669 -0.169457 0.0025939 0.985534 355.702 
0.9846 0.0364272 0.170988 22.6192 -0.0354833 0.999334 -0.00857407 -6.27106 -0.171186 0.00237487 0.985236 357.251 
0.98458 0.0362547 0.171139 22.8378 -0.0352347 0.999339 -0.00899443 -6.33672 -0.171352 0.00282572 0.985206 358.792 
0.984569 0.0372195 0.170993 23.0851 -0.0361286 0.999302 -0.00948806 -6.38283 -0.171227 0.00316396 0.985227 360.396 
0.984676 0.0401563 0.169708 23.3647 -0.0390476 0.999189 -0.00986638 -6.41169 -0.169967 0.00308852 0.985445 362.034 
0.984721 0.0405161 0.169361 23.6111 -0.039676 0.999178 -0.00834316 -6.47049 -0.16956 0.00149615 0.985519 363.629 
0.984977 0.0399332 0.168007 23.8851 -0.0388733 0.999198 -0.00959436 -6.50087 -0.168255 0.00291928 0.985739 365.241 
0.984725 0.0408666 0.169253 24.1012 -0.0395711 0.999156 -0.0110217 -6.55025 -0.169561 0.00415587 0.985511 366.889 
0.984773 0.0401839 0.169138 24.3696 -0.0388121 0.999181 -0.0114097 -6.57613 -0.169458 0.00467134 0.985526 368.535 
0.984447 0.0444525 0.169965 24.6582 -0.0430317 0.999001 -0.0120354 -6.60714 -0.17033 0.00453438 0.985377 370.196 
0.984213 0.0465481 0.170759 24.8796 -0.0452886 0.99891 -0.0112656 -6.65724 -0.171098 0.00335431 0.985248 371.754 
0.984133 0.0505878 0.170066 25.1342 -0.0492794 0.998714 -0.0119079 -6.70247 -0.17045 0.00333822 0.985361 373.353 
0.984016 0.0504386 0.170786 25.3597 -0.0491229 0.998722 -0.0119235 -6.75423 -0.171169 0.00334343 0.985236 374.833 
0.983583 0.0541557 0.17214 25.5748 -0.0529483 0.99853 -0.0116011 -6.82129 -0.172516 0.00229611 0.985004 376.352 
0.982736 0.0611401 0.174621 25.7857 -0.059634 0.998124 -0.0138635 -6.8532 -0.175141 0.00321084 0.984538 377.895 
0.982414 0.0629517 0.175783 26.0331 -0.0612375 0.998008 -0.0151645 -6.88402 -0.176387 0.00413334 0.984312 379.553 
0.982552 0.060859 0.175752 26.2716 -0.0591451 0.998137 -0.014978 -6.91978 -0.176336 0.00432186 0.984321 381.173 
0.981862 0.0636982 0.178577 26.4679 -0.0614949 0.997948 -0.0178521 -6.94978 -0.179347 0.00654683 0.983764 382.763 
0.981918 0.0632968 0.17841 26.7266 -0.0610548 0.997972 -0.0180345 -7.00953 -0.179189 0.00681568 0.983791 384.376 
0.981534 0.0695931 0.178178 27.0242 -0.0671745 0.997549 -0.0195779 -7.01531 -0.179104 0.00724738 0.983804 386.054 
0.981926 0.0654805 0.177576 27.3351 -0.0626378 0.997803 -0.0215733 -7.02292 -0.178598 0.0100605 0.983871 387.954 
0.981655 0.0684486 0.177958 27.6045 -0.0652698 0.997587 -0.0236632 -7.09387 -0.179148 0.0116139 0.983754 389.702 
0.981801 0.0679201 0.177349 27.8761 -0.0648463 0.997628 -0.0230776 -7.18252 -0.178496 0.0111572 0.983877 391.237 
0.981867 0.0665835 0.177493 28.1258 -0.0636419 0.997725 -0.0222211 -7.24372 -0.178568 0.0105222 0.983871 392.675 
0.982298 0.0629736 0.176423 28.4207 -0.0602172 0.997966 -0.0209397 -7.3028 -0.177383 0.00994541 0.984092 394.338 
0.982143 0.0644702 0.176745 28.6995 -0.0617209 0.997872 -0.021015 -7.39195 -0.177724 0.00973093 0.984032 396.027 
0.982396 0.0588613 0.177297 28.9429 -0.0561306 0.998215 -0.0203825 -7.48107 -0.178181 0.0100719 0.983946 397.629 
