1 2.12261e-08 -2.11895e-08 0 2.12261e-08 1 2.10703e-08 0 -2.11895e-08 2.10703e-08 1 0 
0.999977 -0.000280554 -0.00683185 -0.00345966 0.000284323 1 0.000544454 -0.00244195 0.00683166 -0.000546341 0.999977 0.0973821 
0.999901 0.000306503 -0.0140779 -0.0141781 -0.000302596 1 0.000276596 0.00205907 0.014078 -0.000272266 0.999901 0.197704 
0.999771 0.00120567 -0.0213786 -0.0280136 -0.00122828 0.999999 -0.00104618 0.00780769 0.0213773 0.00107224 0.999771 0.305979 
0.999534 0.00142709 -0.0304797 -0.0524453 -0.00149057 0.999997 -0.00206149 0.00433904 0.0304766 0.00210601 0.999533 0.405504 
0.999158 0.00202906 -0.0409775 -0.0849372 -0.00220876 0.999988 -0.00434156 0.0175707 0.0409682 0.00442846 0.999151 0.53117 
0.998539 0.00254351 -0.0539846 -0.117455 -0.00285107 0.99998 -0.00562182 0.0222973 0.0539692 0.00576756 0.998526 0.649624 
0.997416 0.00231609 -0.0718076 -0.119997 -0.00269555 0.999983 -0.00518849 0.018144 0.0717943 0.00536869 0.997405 0.809454 
0.995952 0.00115788 -0.0898849 -0.163575 -0.00159408 0.999987 -0.00478177 0.0117681 0.0898782 0.00490574 0.995941 0.958417 
0.993823 -0.000328337 -0.110975 -0.184075 -0.000147792 0.999991 -0.00428254 0.00558391 0.110975 0.00427253 0.993814 1.12798 
0.991146 0.000330094 -0.132778 -0.239466 -0.000997068 0.999987 -0.00495707 0.0068999 0.132775 0.00504561 0.991133 1.30165 
0.987609 0.00319776 -0.156904 -0.305346 -0.00431829 0.999968 -0.00680138 0.00442995 0.156877 0.0073947 0.98759 1.47235 
0.983134 0.00754999 -0.182733 -0.367038 -0.00910319 0.999929 -0.00766279 -0.00688335 0.182662 0.00919704 0.983133 1.65446 
0.977753 0.0106432 -0.209489 -0.446768 -0.0127457 0.999881 -0.008689 -0.00753401 0.209372 0.0111658 0.977772 1.83836 
0.970791 0.0115288 -0.239651 -0.518168 -0.0140628 0.999862 -0.00886671 -0.00997089 0.239516 0.0119779 0.970819 2.0345 
0.962582 0.0130231 -0.270678 -0.600199 -0.0156377 0.99985 -0.00750513 -0.0179565 0.27054 0.0114571 0.962641 2.22796 
0.953019 0.0148732 -0.302544 -0.702145 -0.017678 0.999822 -0.00653451 -0.0243585 0.302393 0.0115759 0.953113 2.42564 
0.941412 0.0164537 -0.336857 -0.811458 -0.0193431 0.999799 -0.00522314 -0.0259199 0.336704 0.011433 0.941541 2.63575 
0.928562 0.0188346 -0.3707 -0.928635 -0.0225685 0.999729 -0.00573721 -0.0148906 0.370491 0.0136935 0.928735 2.85243 
0.914167 0.0204212 -0.404822 -1.05193 -0.0247163 0.99968 -0.00538556 -0.00952137 0.404582 0.014929 0.91438 3.06806 
0.897624 0.0214267 -0.440241 -1.1845 -0.0262702 0.999643 -0.00491043 -0.00859862 0.439978 0.015973 0.897866 3.27881 
0.878598 0.0163983 -0.47728 -1.32822 -0.0214626 0.999756 -0.00515999 -0.0112074 0.477079 0.0147773 0.878736 3.49139 
0.856681 0.0105678 -0.515738 -1.47162 -0.0159246 0.999855 -0.0059643 -0.00230577 0.5156 0.0133225 0.856726 3.6847 
0.830785 0.0112496 -0.55648 -1.63765 -0.0158157 0.999869 -0.0033987 0.000183412 0.556369 0.0116247 0.830854 3.89096 
0.800814 0.016723 -0.598679 -1.84105 -0.020946 0.999781 -9.10288e-05 0.00196912 0.598546 0.0126129 0.800989 4.08736 
0.767341 0.0198337 -0.640933 -2.03918 -0.0240598 0.999708 0.00213106 -0.00455674 0.640788 0.0137855 0.767594 4.26008 
0.73 0.0189204 -0.683186 -2.25607 -0.02313 0.999728 0.00297195 -0.00989781 0.683056 0.0136326 0.730239 4.44556 
0.690084 0.0145958 -0.723582 -2.48887 -0.0173136 0.999843 0.00365631 -0.00450727 0.723522 0.0100047 0.690229 4.60416 
0.645954 0.0107688 -0.763301 -2.7461 -0.0121271 0.999919 0.00384429 0.00512768 0.76328 0.00677344 0.646032 4.78485 
0.600213 0.0101303 -0.799776 -3.02251 -0.00835589 0.999945 0.00639474 0.0016493 0.799796 0.00284469 0.600265 4.94365 
0.552193 0.0115951 -0.833636 -3.29949 -0.00699133 0.999933 0.00927715 -0.004009 0.833687 0.000705494 0.552237 5.07023 
0.501729 0.012319 -0.864937 -3.6029 -0.00710249 0.999924 0.0101215 0.0106732 0.864995 0.00106499 0.501779 5.17887 
0.448282 0.0128757 -0.8938 -3.94102 -0.00557627 0.999917 0.0116076 0.0257192 0.893875 -0.000219375 0.448316 5.29807 
0.393704 0.0145158 -0.919123 -4.28069 -0.00534782 0.999895 0.0135007 0.0426157 0.919222 -0.000399932 0.393741 5.38008 
0.338349 0.0155797 -0.940892 -4.63582 -0.00513117 0.999879 0.0147112 0.0506128 0.941007 -0.000149607 0.338388 5.46077 
0.283428 0.0193437 -0.958798 -5.02871 -0.00407103 0.999812 0.0189677 0.0477848 0.958985 -0.00147265 0.283454 5.51586 
0.229259 0.0212164 -0.973134 -5.41078 0.00253804 0.999746 0.0223945 0.0440869 0.973362 -0.00760395 0.229147 5.56857 
0.17848 0.0214582 -0.98371 -5.82538 0.00399772 0.999738 0.0225332 0.0495191 0.983935 -0.00795428 0.178347 5.59468 
0.13195 0.021564 -0.991022 -6.27773 -0.00041087 0.999764 0.0216995 0.0649009 0.991256 -0.00245603 0.131928 5.59416 
0.0890989 0.021925 -0.995781 -6.72562 -0.00333576 0.999759 0.0217141 0.0730256 0.996017 0.00138702 0.0891505 5.5966 
0.0503602 0.0205541 -0.99852 -7.16862 -0.00473118 0.999782 0.0203415 0.0755751 0.99872 0.00369982 0.0504465 5.58062 
0.0163221 0.0167451 -0.999727 -7.63454 -0.0032247 0.999855 0.0166946 0.0889032 0.999862 0.00295137 0.0163737 5.54786 
-0.0156932 0.0145351 -0.999771 -8.13257 -0.00298839 0.999889 0.0145838 0.0831339 0.999872 0.00321661 -0.015648 5.51991 
-0.0426976 0.0125428 -0.999009 -8.62008 -0.00481429 0.999907 0.0127599 0.0930378 0.999076 0.00535438 -0.0426333 5.47207 
-0.0638746 0.0101657 -0.997906 -9.14969 -0.00404354 0.999937 0.0104452 0.0984273 0.99795 0.00470229 -0.0638295 5.42326 
-0.0802683 0.00890078 -0.996734 -9.6624 -0.00505404 0.999944 0.00933645 0.108248 0.996761 0.00578699 -0.0802188 5.36112 
-0.0939375 0.00932666 -0.995534 -10.2246 -0.00300601 0.999949 0.00965166 0.114488 0.995574 0.00389928 -0.0939047 5.29054 
-0.103911 0.00964752 -0.99454 -10.7708 -0.00462069 0.999938 0.0101827 0.119458 0.994576 0.00565359 -0.10386 5.21999 
-0.11098 0.0102016 -0.99377 -11.3269 -0.00513694 0.999928 0.0108385 0.127429 0.993809 0.00630783 -0.11092 5.14285 
-0.116005 0.0112553 -0.993185 -11.9396 -0.00563733 0.999912 0.01199 0.134218 0.993233 0.00698986 -0.115931 5.07557 
-0.117605 0.0119827 -0.992988 -12.5669 -0.00293355 0.999919 0.0124138 0.139225 0.993056 0.00437294 -0.117561 4.99743 
-0.116908 0.0143947 -0.993039 -13.1913 -0.000561466 0.999894 0.0145602 0.141936 0.993143 0.00225979 -0.116887 4.91289 
-0.116216 0.016178 -0.993092 -13.8276 -0.0010731 0.999865 0.0164139 0.147831 0.993223 0.00297328 -0.116183 4.841 
-0.114731 0.0159848 -0.993268 -14.4847 -0.00392747 0.999855 0.0165445 0.150199 0.993389 0.00579924 -0.114652 4.75028 
-0.112967 0.0131118 -0.993512 -15.1479 -0.00549812 0.999889 0.0138211 0.153418 0.993584 0.00702382 -0.112883 4.66007 
-0.111951 0.0134035 -0.993623 -15.8352 -0.00506383 0.999888 0.0140585 0.157531 0.993701 0.00660544 -0.111871 4.58369 
-0.109745 0.0162216 -0.993827 -16.5289 -0.00455244 0.999848 0.0168226 0.169652 0.993949 0.00637057 -0.109654 4.49188 
-0.10814 0.0196366 -0.993942 -17.2484 -0.00681249 0.999767 0.0204928 0.167728 0.994112 0.00898736 -0.107981 4.40715 
-0.106159 0.0221475 -0.994103 -17.9896 -0.00838563 0.999696 0.0231676 0.161235 0.994314 0.0107957 -0.105941 4.30595 
-0.105075 0.0213739 -0.994235 -18.6927 -0.00939943 0.999703 0.0224848 0.180386 0.99442 0.0117079 -0.104843 4.2468 
-0.102632 0.0186212 -0.994545 -19.4405 -0.0125161 0.999721 0.0200098 0.187699 0.994641 0.0145015 -0.102371 4.14762 
-0.101191 0.0179 -0.994706 -20.2032 -0.0143122 0.999709 0.019446 0.198494 0.994764 0.0162043 -0.100906 4.05717 
-0.0998473 0.0198252 -0.994805 -20.9727 -0.0117875 0.999708 0.021106 0.212274 0.994933 0.0138337 -0.0995844 3.96846 
-0.0989382 0.0221529 -0.994847 -21.7395 -0.00732475 0.999709 0.0229896 0.211212 0.995067 0.00956159 -0.0987471 3.88911 
-0.0977643 0.024096 -0.994918 -22.5377 -0.00729261 0.999663 0.0249275 0.211398 0.995183 0.00969261 -0.0975556 3.79782 
-0.0973681 0.0196506 -0.995054 -23.3403 -0.00691225 0.999768 0.0204201 0.217384 0.995224 0.00886637 -0.0972096 3.70619 
-0.0974915 0.0129231 -0.995152 -24.0885 -0.00553822 0.999893 0.0135272 0.210789 0.995221 0.00683021 -0.0974095 3.63192 
-0.0977766 0.00880257 -0.995169 -24.9173 -0.00215487 0.999957 0.00905663 0.208422 0.995206 0.00303002 -0.0977534 3.53327 
-0.0985625 0.00975749 -0.995083 -25.7524 -0.0003437 0.999952 0.00983927 0.209471 0.995131 0.00131183 -0.0985544 3.44385 
-0.0985161 0.0174297 -0.994983 -26.5688 -0.000761014 0.999845 0.0175903 0.201583 0.995135 0.00249016 -0.0984875 3.34822 
-0.0987159 0.0244643 -0.994815 -27.405 -0.00165207 0.999692 0.0247482 0.201562 0.995114 0.00408658 -0.0986451 3.24949 
-0.0986313 0.0295106 -0.994686 -28.2556 -0.00355662 0.999543 0.0300073 0.217279 0.995118 0.00649742 -0.0984813 3.13788 
-0.0992483 0.0296024 -0.994622 -29.0819 -0.00537916 0.999527 0.0302851 0.222932 0.995048 0.00835602 -0.0990421 3.04075 
-0.099241 0.0262937 -0.994716 -29.896 -0.00667408 0.999611 0.0270889 0.223258 0.995041 0.00932718 -0.0990269 2.94636 
-0.100321 0.0232013 -0.994685 -30.7404 -0.00628314 0.999693 0.0239519 0.237622 0.994935 0.00865267 -0.100145 2.8548 
-0.100181 0.023157 -0.9947 -31.5635 -0.0074877 0.999683 0.0240271 0.258617 0.994941 0.00985511 -0.0999756 2.74877 
-0.100214 0.0250229 -0.994651 -32.4048 -0.00591258 0.999651 0.0257444 0.275197 0.994948 0.00846095 -0.100031 2.64763 
-0.100568 0.0237327 -0.994647 -33.2334 -0.00692349 0.999675 0.0245527 0.278191 0.994906 0.00935567 -0.100371 2.55073 
-0.100012 0.0193944 -0.994797 -34.0708 -0.0090401 0.999751 0.0203999 0.256505 0.994945 0.0110333 -0.0998121 2.44848 
-0.099487 0.0149653 -0.994926 -34.896 -0.0109302 0.99981 0.0161317 0.267517 0.994979 0.0124796 -0.0993045 2.33944 
-0.0994068 0.0157047 -0.994923 -35.7651 -0.0106612 0.999801 0.0168469 0.253596 0.99499 0.0122818 -0.0992196 2.24744 
-0.0993957 0.0176289 -0.994892 -36.6162 -0.00948639 0.999781 0.0186633 0.266279 0.995003 0.011293 -0.0992067 2.1537 
-0.0988575 0.0219323 -0.99486 -37.4377 -0.00981957 0.999687 0.0230145 0.280535 0.995053 0.0120443 -0.0986112 2.03891 
-0.0987575 0.0272286 -0.994739 -38.2444 -0.00882681 0.999562 0.028237 0.288747 0.995072 0.011569 -0.098474 1.94302 
-0.100654 0.0301528 -0.994465 -39.0601 -0.00913243 0.999471 0.0312289 0.302673 0.99488 0.0122252 -0.100325 1.87501 
-0.1015 0.0299777 -0.994384 -39.8676 -0.00914013 0.999476 0.0310642 0.307407 0.994794 0.0122419 -0.101173 1.80039 
-0.10083 0.0248862 -0.994592 -40.6883 -0.0081858 0.999633 0.0258422 0.328018 0.99487 0.0107472 -0.100589 1.68702 
-0.100739 0.0206311 -0.994699 -41.5081 -0.00965967 0.999718 0.0217135 0.328953 0.994866 0.0117959 -0.100511 1.58248 
-0.101198 0.0181237 -0.994701 -42.3193 -0.0138373 0.999712 0.0196227 0.323531 0.99477 0.0157498 -0.100918 1.49675 
-0.10158 0.0158429 -0.994701 -43.1534 -0.0156013 0.999725 0.0175162 0.330077 0.994705 0.017298 -0.101305 1.38543 
-0.10225 0.0143886 -0.994655 -43.9687 -0.0134966 0.999783 0.0158502 0.322062 0.994667 0.0150452 -0.102033 1.28842 
-0.103695 0.0107369 -0.994551 -44.7903 -0.00987944 0.999881 0.0118245 0.328011 0.99456 0.0110518 -0.103576 1.19661 
-0.104982 0.00865152 -0.994437 -45.6187 -0.00583703 0.99994 0.00931561 0.336488 0.994457 0.00678256 -0.104925 1.10544 
-0.10731 0.0128835 -0.994142 -46.4524 -0.00554149 0.999893 0.0135562 0.320079 0.99421 0.00696378 -0.107227 1.00369 
-0.10891 0.0189936 -0.99387 -47.2711 -0.00333718 0.999805 0.0194727 0.317259 0.994046 0.00543754 -0.108825 0.89816 
-0.110761 0.0233612 -0.993573 -48.0829 -0.00127298 0.99972 0.0236477 0.305945 0.993846 0.00388408 -0.1107 0.792962 
-0.111928 0.0226366 -0.993458 -48.8979 -0.00161975 0.999735 0.0229621 0.307479 0.993715 0.00417931 -0.111862 0.681089 
-0.113211 0.0186477 -0.993396 -49.7008 -0.00387653 0.999808 0.0192099 0.307873 0.993563 0.00602575 -0.113117 0.571513 
-0.113019 0.0144672 -0.993488 -50.4882 -0.00956443 0.999832 0.0156476 0.309949 0.993547 0.0112706 -0.112861 0.445994 
-0.115483 0.0124691 -0.993231 -51.2785 -0.0136827 0.999806 0.0141426 0.312565 0.993215 0.0152234 -0.11529 0.340482 
-0.116979 0.0137063 -0.99304 -52.0614 -0.0153435 0.999761 0.0156065 0.307103 0.993016 0.0170624 -0.11674 0.231833 
-0.11889 0.0144016 -0.992803 -52.842 -0.0151614 0.999752 0.0163181 0.311676 0.992792 0.0169924 -0.118642 0.134846 
-0.119804 0.0141671 -0.992696 -53.6193 -0.015525 0.999749 0.0161414 0.308896 0.992676 0.0173454 -0.119554 0.024983 
-0.121114 0.0144966 -0.992533 -54.3878 -0.0169822 0.999717 0.0166738 0.301168 0.992493 0.0188749 -0.120833 -0.0771327 
-0.121965 0.015442 -0.992414 -55.1522 -0.0144949 0.999745 0.0173374 0.311427 0.992429 0.0164995 -0.12171 -0.183605 
-0.122336 0.0183963 -0.992318 -55.904 -0.0128952 0.999714 0.0201231 0.310505 0.992405 0.015258 -0.122064 -0.297416 
-0.123321 0.0214101 -0.992136 -56.6653 -0.0121906 0.999659 0.0230877 0.330982 0.992292 0.0149419 -0.123018 -0.395545 
-0.124602 0.0229708 -0.991941 -57.4206 -0.0122602 0.99962 0.0246887 0.333357 0.992131 0.0152376 -0.124273 -0.499501 
-0.125679 0.0243123 -0.991773 -58.1149 -0.0117934 0.999592 0.0259984 0.311539 0.992001 0.0149639 -0.125341 -0.599459 
-0.126065 0.0225463 -0.991766 -58.8453 -0.0110286 0.999648 0.0241274 0.309602 0.991961 0.0139795 -0.125772 -0.708497 
-0.126392 0.0187146 -0.991804 -59.574 -0.0103254 0.999743 0.0201803 0.316355 0.991927 0.0127914 -0.126167 -0.810116 
-0.128506 0.0152078 -0.991592 -60.2716 -0.00938018 0.999819 0.0165496 0.318475 0.991664 0.0114281 -0.12834 -0.871874 
-0.128662 0.0135261 -0.991596 -60.9655 -0.00952292 0.999844 0.0148743 0.305924 0.991643 0.0113567 -0.128513 -0.955206 
-0.127045 0.0116828 -0.991828 -61.6741 -0.00984752 0.999867 0.0130388 0.317334 0.991848 0.0114236 -0.126913 -1.0492 
-0.123919 0.0123576 -0.992215 -62.3348 -0.00981441 0.999858 0.0136785 0.323047 0.992244 0.0114331 -0.12378 -1.12744 
-0.118071 0.0129064 -0.992921 -63.0115 -0.00877787 0.999863 0.0140404 0.328924 0.992966 0.0103735 -0.117941 -1.22589 
-0.110969 0.0142876 -0.993721 -63.6457 -0.00739513 0.999857 0.0152016 0.329753 0.993796 0.00903564 -0.110848 -1.29829 
-0.10195 0.0154657 -0.994669 -64.2844 -0.00833671 0.999831 0.0164004 0.322996 0.994755 0.00996433 -0.101804 -1.37552 
-0.0914859 0.0168815 -0.995663 -64.8896 -0.0101544 0.999789 0.0178845 0.320313 0.995755 0.0117466 -0.0912951 -1.41793 
-0.0783907 0.0172043 -0.996774 -65.4977 -0.0127148 0.999753 0.0182556 0.332872 0.996842 0.0141049 -0.0781526 -1.43805 
-0.060553 0.01861 -0.997992 -66.0822 -0.0143432 0.999707 0.0195123 0.320829 0.998062 0.0154959 -0.0602683 -1.46126 
-0.0390195 0.0187503 -0.999063 -66.6283 -0.0150983 0.999699 0.0193519 0.330887 0.999124 0.0158393 -0.0387246 -1.4677 
-0.0133633 0.0200691 -0.999709 -67.1502 -0.0135143 0.999704 0.0202496 0.313672 0.999819 0.013781 -0.0130881 -1.47416 
0.0157344 0.0198984 -0.999678 -67.6688 -0.0112923 0.999742 0.0197219 0.307286 0.999812 0.0109784 0.015955 -1.44504 
0.0504258 0.0199422 -0.998529 -68.154 -0.00959157 0.999764 0.0194825 0.303236 0.998682 0.00859508 0.0506052 -1.41179 
0.0881594 0.0203761 -0.995898 -68.6209 -0.00842218 0.99977 0.0197097 0.309209 0.996071 0.00665008 0.0883108 -1.35235 
0.130028 0.020458 -0.991299 -69.0562 -0.00761396 0.999778 0.0196342 0.296853 0.991481 0.00499475 0.130155 -1.2984 
0.175813 0.0213023 -0.984193 -69.4942 -0.00639901 0.999769 0.0204964 0.301147 0.984403 0.00269438 0.175909 -1.20163 
0.225854 0.0206224 -0.973943 -69.9375 -0.00318092 0.999786 0.020432 0.295212 0.974156 -0.00151655 0.225871 -1.08682 
0.276763 0.0165102 -0.960796 -70.312 0.0058768 0.999805 0.0188734 0.274232 0.96092 -0.0108698 0.276612 -0.946744 
0.328156 0.0107397 -0.944563 -70.7106 0.0102929 0.999835 0.014944 0.295229 0.944568 -0.0146262 0.327991 -0.76716 
0.381459 0.00571328 -0.924368 -71.1129 0.0170068 0.999768 0.0131975 0.301439 0.92423 -0.0207548 0.381273 -0.570193 
0.433255 0.00480713 -0.901259 -71.4817 0.0178506 0.999744 0.0139136 0.308208 0.901095 -0.0221161 0.433058 -0.35988 
0.48294 0.00249296 -0.87565 -71.8515 0.0201655 0.999699 0.0139678 0.323831 0.875421 -0.0244035 0.482745 -0.126278 
0.529032 -0.00171327 -0.8486 -72.1853 0.0289288 0.999453 0.0160169 0.324543 0.848109 -0.0330224 0.528792 0.124492 
0.573524 -0.00706702 -0.819158 -72.4985 0.038463 0.999092 0.0183101 0.32032 0.818285 -0.0420085 0.573275 0.404578 
0.617628 -0.0101686 -0.786405 -72.7894 0.0387598 0.999095 0.0175225 0.304992 0.785515 -0.0413032 0.617463 0.669485 
0.659484 -0.015597 -0.751557 -73.0667 0.0374802 0.999224 0.0121517 0.302227 0.750784 -0.0361824 0.659556 0.964818 
0.701854 -0.0228611 -0.711954 -73.341 0.0343389 0.999409 0.0017603 0.306274 0.711493 -0.0256831 0.702224 1.25166 
0.742946 -0.0257155 -0.668857 -73.6411 0.0299433 0.999538 -0.00516906 0.307532 0.668681 -0.0161874 0.743373 1.60732 
0.78197 -0.0277831 -0.622696 -73.9102 0.0290814 0.999544 -0.0080773 0.318178 0.622637 -0.0117926 0.782422 1.97772 
0.81743 -0.0290208 -0.575297 -74.16 0.0294482 0.99953 -0.00857875 0.316869 0.575275 -0.00992891 0.8179 2.38178 
0.850108 -0.0279975 -0.525865 -74.42 0.0266854 0.999593 -0.0100799 0.31753 0.525933 -0.0054639 0.850509 2.81465 
0.877205 -0.0259403 -0.479415 -74.6072 0.0259426 0.999642 -0.00662061 0.294818 0.479415 -0.00662961 0.877563 3.24497 
0.900618 -0.0176941 -0.434251 -74.8409 0.0175271 0.999837 -0.00438921 0.286776 0.434258 -0.00365811 0.900781 3.71241 
0.919425 -0.0145607 -0.392997 -75.0471 0.0135451 0.999894 -0.00535765 0.286601 0.393033 -0.00039716 0.919524 4.20266 
0.934199 -0.00924875 -0.356633 -75.2534 0.00884322 0.999957 -0.00276772 0.274868 0.356643 -0.000568133 0.93424 4.73306 
0.94501 -0.00852632 -0.326931 -75.4308 0.00896381 0.99996 -0.000168603 0.26612 0.326919 -0.00277116 0.945048 5.29388 
0.952771 -0.0100076 -0.303524 -75.5854 0.0111788 0.999935 0.00212112 0.251842 0.303483 -0.00541391 0.952821 5.87773 
0.95911 -0.00941124 -0.282877 -75.7545 0.0111627 0.999927 0.00458017 0.251406 0.282813 -0.00755049 0.959145 6.46627 
0.9645 -0.00627477 -0.264007 -75.9324 0.00864361 0.999932 0.00781187 0.246105 0.26394 -0.00981648 0.964489 7.06909 
0.968763 -0.000905695 -0.247989 -76.1155 0.00316837 0.999957 0.00872502 0.262776 0.24797 -0.00923814 0.968724 7.68881 
0.972255 0.00358042 -0.233897 -76.2842 -0.00115158 0.999944 0.0105199 0.246251 0.233921 -0.00995858 0.972205 8.31694 
0.975178 0.00247763 -0.221408 -76.4249 -9.47076e-05 0.999942 0.0107724 0.237873 0.221421 -0.010484 0.975122 8.9709 
0.978238 0.00350565 -0.207459 -76.5746 -0.00134815 0.999944 0.0105399 0.232922 0.207484 -0.0100308 0.978187 9.63413 
0.981328 0.00294842 -0.192321 -76.7241 -0.00087518 0.999941 0.0108639 0.241584 0.192342 -0.0104927 0.981272 10.3161 
0.984199 0.00319463 -0.177037 -76.9004 -0.00111384 0.999929 0.0118513 0.234396 0.177063 -0.0114668 0.984133 10.981 
0.986447 0.00386169 -0.164033 -77.0272 -0.00240199 0.999956 0.00909598 0.238303 0.164061 -0.00857866 0.986413 11.6887 
0.988258 0.00498411 -0.152714 -77.1553 -0.0044125 0.999982 0.00408147 0.233866 0.152732 -0.00335965 0.988262 12.4014 
0.989835 0.00264911 -0.142195 -77.281 -0.00291545 0.999994 -0.00166502 0.224272 0.142189 0.0020627 0.989837 13.116 
0.990952 0.00293723 -0.134182 -77.3871 -0.00315813 0.999994 -0.00143375 0.221349 0.134177 0.00184459 0.990956 13.8691 
0.991787 0.00576968 -0.127771 -77.4927 -0.00513483 0.999973 0.00529722 0.20833 0.127798 -0.00459759 0.99179 14.6523 
0.992343 0.00910093 -0.123175 -77.6064 -0.00744872 0.999876 0.013867 0.200061 0.123286 -0.0128433 0.992288 15.4234 
0.992877 0.00927899 -0.118786 -77.711 -0.00728211 0.999825 0.0172334 0.196551 0.118925 -0.0162456 0.99277 16.1781 
0.993272 0.00753108 -0.115557 -77.8063 -0.00561011 0.999841 0.0169394 0.18594 0.115666 -0.0161771 0.993156 16.9427 
0.993639 0.00659038 -0.112421 -77.9195 -0.0049019 0.999871 0.0152887 0.197117 0.112507 -0.0146404 0.993543 17.7327 
0.993948 0.00559515 -0.109705 -78.0119 -0.00373871 0.999846 0.0171201 0.199276 0.109784 -0.0166063 0.993817 18.4913 
0.994281 0.00258586 -0.106761 -78.114 -0.000453082 0.9998 0.0199961 0.193375 0.106792 -0.0198333 0.994084 19.2568 
0.994655 0.000142621 -0.103257 -78.2133 0.00207855 0.999769 0.0214027 0.196805 0.103236 -0.0215029 0.994424 20.0092 
0.994969 0.000362223 -0.100187 -78.3167 0.00137671 0.99985 0.0172869 0.201029 0.100178 -0.0173378 0.994819 20.7756 
0.995079 0.0022231 -0.0990623 -78.3801 -0.00115644 0.999941 0.0108233 0.187279 0.0990804 -0.0106554 0.995022 21.5054 
0.995258 0.00170407 -0.0972528 -78.473 -0.0013605 0.999993 0.00359859 0.182289 0.0972582 -0.00344917 0.995253 22.2516 
0.99551 0.00330097 -0.0945973 -78.5698 -0.00332209 0.999995 -6.61597e-05 0.167074 0.0945965 0.000380167 0.995516 23.0037 
0.995638 0.00261028 -0.09326 -78.6395 -0.0024624 0.999996 0.00170022 0.162702 0.093264 -0.00146311 0.99564 23.7435 
0.995782 0.00603257 -0.0915542 -78.7213 -0.0056039 0.999972 0.00493803 0.15677 0.0915814 -0.0044041 0.995788 24.5138 
0.995871 0.00875418 -0.0903541 -78.7829 -0.00781617 0.999912 0.0107296 0.140854 0.09044 -0.00997907 0.995852 25.2381 
0.996139 0.00685946 -0.0875269 -78.869 -0.00581462 0.999909 0.0121863 0.138143 0.0876024 -0.0116303 0.996088 25.9836 
0.996248 0.00258797 -0.0865024 -78.9489 -0.00161785 0.999935 0.0112827 0.144116 0.086526 -0.0111004 0.996188 26.7499 
0.99634 0.000386001 -0.0854795 -79.0342 0.000608672 0.999932 0.0116096 0.139709 0.0854782 -0.011619 0.996272 27.5124 
0.996419 0.000554638 -0.0845542 -79.1038 0.000293116 0.99995 0.0100129 0.128653 0.0845555 -0.0100018 0.996369 28.2542 
0.996389 -0.00124126 -0.0849021 -79.1696 0.00193091 0.999966 0.00804078 0.127879 0.0848892 -0.00817563 0.996357 29.0129 
0.99638 -0.00372729 -0.0849272 -79.2381 0.0044664 0.999954 0.00851414 0.117528 0.0848915 -0.0088626 0.996351 29.7711 
0.996393 -0.00259321 -0.0848146 -79.3048 0.00341652 0.999948 0.009563 0.102995 0.0847854 -0.00981824 0.996351 30.5743 
0.996316 -0.00251388 -0.0857224 -79.3734 0.00327397 0.999957 0.00872692 0.0971584 0.0856967 -0.00897537 0.996281 31.3256 
0.996219 -0.00233098 -0.0868481 -79.4675 0.00307648 0.99996 0.00845063 0.093938 0.0868248 -0.00868582 0.996186 32.0949 
0.99607 -0.00527799 -0.088413 -79.5558 0.0060903 0.999942 0.00891997 0.0911155 0.0883608 -0.00942333 0.996044 32.8735 
0.995726 -0.00434897 -0.092252 -79.6295 0.00523751 0.999942 0.00939125 0.0746938 0.0922058 -0.00983424 0.995691 33.6765 
0.995491 -0.000981927 -0.0948532 -79.7391 0.00174653 0.999967 0.00797776 0.080955 0.0948421 -0.0081074 0.995459 34.4627 
0.995226 -0.000452134 -0.0975963 -79.8355 0.000747381 0.999995 0.00298824 0.0767776 0.0975944 -0.00304687 0.995222 35.2259 
0.995024 0.000299196 -0.0996362 -79.9376 -0.000446243 0.999999 -0.00145396 0.0822484 0.0996356 0.00149123 0.995023 36.0351 
0.994794 -0.00218359 -0.101887 -80.0369 0.00188811 0.999994 -0.00299689 0.0730306 0.101892 0.00278896 0.994792 36.8558 
0.9946 -0.00230665 -0.103759 -80.1435 0.00217698 0.999997 -0.0013633 0.0580805 0.103761 0.0011301 0.994602 37.6795 
0.994497 -0.00405454 -0.104689 -80.2542 0.00392335 0.999991 -0.00145948 0.0513928 0.104694 0.00104076 0.994504 38.5004 
0.994295 -0.00393003 -0.106592 -80.3566 0.00399412 0.999992 0.000387382 0.0381299 0.10659 -0.000810871 0.994303 39.3313 
0.994179 -0.0035908 -0.10768 -80.4621 0.0040584 0.999983 0.0041233 0.0251974 0.107663 -0.00453626 0.994177 40.1598 
0.994157 -0.0041386 -0.107862 -80.588 0.0051575 0.999945 0.00916868 0.0153362 0.107818 -0.00967136 0.994124 40.9847 
0.994235 -0.00366809 -0.107164 -80.6929 0.00483321 0.999932 0.0106142 0.0102114 0.107118 -0.0110709 0.994185 41.8365 
0.994485 -0.00124472 -0.104868 -80.8129 0.0024018 0.999938 0.0109077 0.00115238 0.104848 -0.0110994 0.994426 42.7056 
0.994599 -0.00262402 -0.103762 -80.9103 0.00369914 0.999941 0.0101699 -0.0107384 0.103729 -0.0104987 0.99455 43.5887 
0.994777 -0.00668911 -0.101856 -81.0195 0.00757577 0.999937 0.00832028 -0.0175784 0.101794 -0.00904842 0.994764 44.4438 
0.99496 -0.0110544 -0.0996643 -81.1284 0.011845 0.999903 0.00734443 -0.0423865 0.0995734 -0.00848789 0.994994 45.3064 
0.9952 -0.0121119 -0.0971098 -81.2367 0.0127619 0.9999 0.00607446 -0.0377002 0.0970265 -0.00728456 0.995255 46.1895 
0.995163 -0.0139665 -0.0972447 -81.3266 0.0149367 0.999846 0.00925541 -0.0483098 0.0971004 -0.0106631 0.995218 47.0514 
0.995339 -0.0155869 -0.0951756 -81.4323 0.0167503 0.999794 0.0114366 -0.0453303 0.0949777 -0.0129774 0.995395 47.9341 
0.995411 -0.0164711 -0.0942647 -81.5473 0.017728 0.999765 0.0125113 -0.0684775 0.0940364 -0.014125 0.995469 48.7854 
0.995646 -0.0160105 -0.0918314 -81.6745 0.0169475 0.999812 0.00943265 -0.0810629 0.091663 -0.0109478 0.99573 49.6167 
0.995867 -0.0128303 -0.0899087 -81.7945 0.0132763 0.999902 0.00436326 -0.103859 0.0898439 -0.00553884 0.99594 50.4605 
0.996006 -0.0106311 -0.0886525 -81.8896 0.0105161 0.999943 -0.00176455 -0.106986 0.0886662 0.000825263 0.996061 51.3112 
0.996005 -0.00680939 -0.0890362 -81.9701 0.0061241 0.99995 -0.00796813 -0.12376 0.0890859 0.00739107 0.995997 52.1763 
0.996147 -0.0056297 -0.0875137 -82.0723 0.00485834 0.999948 -0.00902511 -0.138479 0.0875599 0.00856521 0.996122 53.0123 
0.996161 -0.00822832 -0.0871504 -82.1668 0.00802359 0.999964 -0.00269964 -0.166403 0.0871694 0.00199006 0.996192 53.8508 
0.996083 -0.00936959 -0.0879215 -82.2566 0.00985837 0.999938 0.00512625 -0.171837 0.087868 -0.00597289 0.996114 54.7113 
0.995938 -0.0102 -0.0894613 -82.3434 0.0113967 0.999852 0.0128756 -0.192287 0.0893167 -0.0138428 0.995907 55.5615 
0.995792 -0.0112619 -0.0909495 -82.4514 0.0122591 0.999871 0.0104124 -0.191346 0.0908205 -0.0114835 0.995801 56.4081 
0.995572 -0.0158642 -0.0926538 -82.5386 0.016565 0.99984 0.00679966 -0.202549 0.092531 -0.00830432 0.995675 57.2322 
0.995343 -0.0169097 -0.0949024 -82.6345 0.0175377 0.999829 0.00578682 -0.218041 0.0947883 -0.0074242 0.99547 58.0641 
0.995088 -0.01714 -0.0974965 -82.7349 0.0174812 0.999844 0.00264566 -0.238155 0.0974359 -0.00433698 0.995232 58.8583 
0.994679 -0.0163568 -0.101719 -82.8285 0.0163045 0.999866 -0.00134505 -0.246137 0.101727 -0.000320547 0.994812 59.6835 
0.994229 -0.0177745 -0.105798 -82.9337 0.0174826 0.99984 -0.00368709 -0.279141 0.105847 0.00181623 0.994381 60.4962 
0.994041 -0.0153895 -0.107914 -83.0503 0.0146658 0.999864 -0.00749664 -0.29653 0.108014 0.00586937 0.994132 61.2955 
0.993482 -0.014728 -0.113032 -83.1361 0.0140331 0.999877 -0.00694166 -0.342978 0.11312 0.00531028 0.993567 62.1499 
0.993156 -0.0112991 -0.116251 -83.2597 0.0107748 0.999929 -0.00513861 -0.360444 0.116301 0.0038509 0.993207 62.9436 
0.992695 -0.00891395 -0.120321 -83.3744 0.00912125 0.999958 0.00117191 -0.388877 0.120305 -0.00226078 0.992734 63.7401 
0.992257 -0.00781108 -0.123954 -83.5043 0.00861028 0.999945 0.00591281 -0.386519 0.123901 -0.00693426 0.99227 64.4922 
0.991563 -0.0103194 -0.129216 -83.6134 0.0117105 0.999881 0.0100101 -0.409069 0.129098 -0.0114388 0.991566 65.2958 
0.990896 -0.0101317 -0.134247 -83.7591 0.011662 0.999876 0.010617 -0.418247 0.134123 -0.0120859 0.990891 66.0424 
0.990177 -0.0116126 -0.139335 -83.894 0.0138013 0.999796 0.0147519 -0.43062 0.139136 -0.01653 0.990135 66.8227 
0.989397 -0.0101472 -0.14488 -84.0357 0.0122256 0.999835 0.0134623 -0.424318 0.144719 -0.0150907 0.989358 67.5974 
0.988511 -0.00599901 -0.151028 -84.174 0.00810489 0.999878 0.0133316 -0.44675 0.15093 -0.0144025 0.98844 68.3723 
0.987539 -0.00418178 -0.157317 -84.3207 0.00573218 0.999939 0.00940258 -0.449084 0.157268 -0.0101871 0.987503 69.1257 
0.986672 -0.00495302 -0.162649 -84.4652 0.00602327 0.999963 0.00608745 -0.447098 0.162613 -0.00698595 0.986665 69.8805 
0.985908 -0.0019474 -0.167278 -84.619 0.00253753 0.999991 0.00331395 -0.42735 0.16727 -0.00369168 0.985904 70.624 
0.984899 -0.000621586 -0.173128 -84.7547 0.00198174 0.999969 0.00768337 -0.428495 0.173118 -0.00791039 0.984869 71.3953 
0.983777 0.00037444 -0.179394 -84.9193 0.00162384 0.999938 0.0109919 -0.426579 0.179387 -0.0111049 0.983716 72.1507 
0.982879 0.00111907 -0.184251 -85.0933 0.00124744 0.999918 0.0127273 -0.439837 0.18425 -0.0127392 0.982797 72.8891 
0.981436 0.000266951 -0.191788 -85.2479 0.00164796 0.99995 0.00982476 -0.463095 0.191781 -0.00995839 0.981387 73.6311 
0.979953 -0.0024613 -0.199216 -85.4285 0.00293981 0.999994 0.00210601 -0.463672 0.199209 -0.0026494 0.979953 74.365 
0.977943 -0.0063787 -0.208776 -85.5885 0.00634922 0.99998 -0.000811576 -0.46842 0.208777 -0.000531842 0.977963 75.0867 
0.975482 -0.00567601 -0.220006 -85.762 0.00635066 0.999977 0.00235922 -0.490526 0.219987 -0.00369852 0.975496 75.813 
0.972732 -0.00602954 -0.231855 -85.9345 0.00805874 0.999937 0.0078057 -0.500184 0.231793 -0.00946127 0.972719 76.551 
0.96987 -0.0037434 -0.243595 -86.1376 0.00777252 0.999848 0.015581 -0.504976 0.243499 -0.0170049 0.969752 77.2745 
0.966886 -0.00342892 -0.255186 -86.3501 0.00838266 0.999797 0.0183271 -0.513133 0.255072 -0.0198593 0.966718 77.9807 
0.9636 -0.00453593 -0.26731 -86.5588 0.00855301 0.999867 0.0138652 -0.543235 0.267212 -0.0156468 0.963511 78.6899 
0.960531 -0.00309636 -0.278155 -86.7951 0.00446535 0.999981 0.00428812 -0.540899 0.278137 -0.00536088 0.960527 79.3779 
0.956628 -0.00671816 -0.291237 -87.0192 0.00635895 0.999977 -0.00218003 -0.527343 0.291245 0.000233565 0.956649 80.077 
0.952994 -0.00635861 -0.302923 -87.2636 0.00744145 0.999969 0.00242044 -0.530789 0.302898 -0.0045608 0.953012 80.7932 
0.94925 -0.00582676 -0.314468 -87.5103 0.00935242 0.999909 0.00970375 -0.550691 0.314383 -0.0121523 0.949218 81.4782 
0.945312 -0.0058241 -0.326115 -87.781 0.0111582 0.999833 0.0144882 -0.558473 0.325977 -0.0173347 0.945219 82.1769 
0.941327 -0.00848747 -0.337389 -88.0635 0.013395 0.999836 0.0122201 -0.567477 0.33723 -0.0160224 0.941286 82.8721 
0.937059 -0.0105167 -0.349013 -88.3383 0.0138712 0.999879 0.00711356 -0.573922 0.348895 -0.011507 0.937091 83.5587 
0.933814 -0.015645 -0.357416 -88.6353 0.0165012 0.999864 -0.000654408 -0.575049 0.357378 -0.00528664 0.933945 84.2518 
0.931495 -0.0188725 -0.363264 -88.9552 0.0183018 0.99982 -0.00501322 -0.603101 0.363293 -0.00197853 0.931673 84.8446 
0.928296 -0.020925 -0.371254 -89.2341 0.0191 0.999781 -0.00859254 -0.606577 0.371352 0.000885509 0.928492 85.5489 
0.925441 -0.0160565 -0.378551 -89.5502 0.013835 0.999867 -0.00858774 -0.626626 0.378639 0.00271023 0.92554 86.2503 
0.922228 -0.0162381 -0.386305 -89.8699 0.014496 0.999867 -0.00742255 -0.632202 0.386374 0.00124547 0.922341 86.9286 
0.919362 -0.0121217 -0.393227 -90.1714 0.0134465 0.999909 0.000614498 -0.68083 0.393184 -0.00585244 0.919441 87.5962 
0.91655 -0.00798115 -0.399842 -90.4941 0.0129061 0.99987 0.00962626 -0.709116 0.399713 -0.0139833 0.916534 88.2849 
0.914198 0.00143372 -0.405266 -90.8452 0.0056341 0.999852 0.0162465 -0.724942 0.40523 -0.0171358 0.914054 88.984 
0.911169 0.00755697 -0.411964 -91.1664 -0.00275865 0.999921 0.0122408 -0.730964 0.412024 -0.0100169 0.911118 89.6497 
0.908183 0.00520189 -0.418541 -91.4777 -0.0032368 0.99998 0.00540483 -0.742998 0.418561 -0.00355379 0.908182 90.3234 
0.906109 -0.00273639 -0.423036 -91.8028 0.00222065 0.999996 -0.00171204 -0.760219 0.423039 0.000611934 0.906112 90.9968 
0.904182 -0.00212809 -0.427143 -92.1431 0.000502072 0.999992 -0.00391939 -0.756124 0.427147 0.00332943 0.904176 91.6758 
0.902206 0.00134172 -0.431303 -92.5207 -0.00122925 0.999999 0.000539409 -0.762514 0.431303 4.35708e-05 0.902207 92.367 
0.899248 0.00511108 -0.437409 -92.8677 -0.00318255 0.999982 0.00514175 -0.780029 0.437428 -0.00323158 0.899248 93.0717 
0.89724 0.00111674 -0.441542 -93.2326 0.000339444 0.999995 0.00321887 -0.801462 0.441544 -0.00303792 0.897235 93.7448 
0.894747 0.000307012 -0.446572 -93.5846 -0.00187351 0.999994 -0.00306633 -0.813911 0.446569 0.0035803 0.894742 94.4228 
0.892489 -0.00267184 -0.451061 -93.946 -0.0017902 0.999954 -0.00946544 -0.831006 0.451065 0.00925534 0.892443 95.0829 
0.890194 -0.00285658 -0.455573 -94.3261 -0.00285464 0.999926 -0.0118479 -0.835495 0.455573 0.0118475 0.89012 95.765 
0.887829 0.00122884 -0.460173 -94.6901 -0.00495455 0.999964 -0.00688878 -0.868432 0.460147 0.00839605 0.887803 96.4528 
0.885299 0.00298609 -0.465012 -95.0664 -0.00663755 0.999959 -0.0062155 -0.864198 0.464975 0.00858917 0.885282 97.1458 
0.882369 0.0046753 -0.470534 -95.4224 -0.00765447 0.999961 -0.00441834 -0.896216 0.470495 0.00750034 0.882371 97.8253 
0.880079 0.00190844 -0.474824 -95.7996 -0.00585433 0.99996 -0.00683187 -0.899732 0.474792 0.00879241 0.880054 98.4939 
0.877868 -9.98235e-05 -0.478902 -96.1791 -0.00408583 0.999962 -0.00769818 -0.914057 0.478885 0.00871475 0.877835 99.1539 
0.874955 -0.000953919 -0.484203 -96.5364 -0.00222805 0.99998 -0.00599618 -0.944767 0.484199 0.00632527 0.874935 99.8043 
0.872399 0.000777034 -0.488793 -96.9264 -0.00389192 0.999978 -0.0053567 -0.964042 0.488778 0.00657557 0.872383 100.473 
0.869463 0.000322551 -0.493998 -97.3021 -0.00445318 0.999964 -0.00718499 -0.972735 0.493978 0.008447 0.869434 101.116 
0.867069 -0.00375696 -0.498174 -97.6845 -0.00228128 0.999931 -0.0115116 -0.992196 0.498183 0.0111178 0.867001 101.747 
0.865116 -0.00568224 -0.50154 -98.0756 -0.0026593 0.99987 -0.0159153 -1.01626 0.501565 0.0151024 0.864988 102.369 
0.862428 -0.00909272 -0.506099 -98.4406 -0.000703179 0.999816 -0.0191613 -1.03124 0.50618 0.0168812 0.862263 103 
0.859526 -0.00571704 -0.51106 -98.8177 -0.00280917 0.99987 -0.0159098 -1.04225 0.511084 0.0151106 0.859398 103.652 
0.857973 -0.00119239 -0.513693 -99.2253 -0.00252959 0.999975 -0.00654614 -1.07156 0.513688 0.0069159 0.857949 104.271 
0.856234 0.0021542 -0.516585 -99.6111 -0.00129359 0.999997 0.00202591 -1.07633 0.516587 -0.00106635 0.856234 104.894 
0.854324 0.00198699 -0.519737 -99.9806 0.00235323 0.999968 0.00769103 -1.10442 0.519735 -0.00779364 0.854292 105.508 
0.852136 0.000129772 -0.52332 -100.345 0.00439673 0.999963 0.00740723 -1.10737 0.523301 -0.00861281 0.852104 106.094 
0.851062 -0.00123848 -0.525063 -100.716 0.00423592 0.999981 0.00450717 -1.12125 0.525048 -0.00605996 0.851051 106.637 
0.848533 -0.00140001 -0.529141 -101.058 0.00303526 0.999993 0.0022215 -1.13361 0.529134 -0.00349105 0.848531 107.196 
0.847428 -0.00262645 -0.530904 -101.426 0.0028917 0.999996 -0.00033143 -1.1272 0.530903 -0.0012543 0.847432 107.742 
0.846032 -0.00260278 -0.533125 -101.766 0.00110457 0.999995 -0.00312928 -1.10437 0.53313 0.00205865 0.846031 108.259 
0.845144 -0.00127779 -0.534538 -102.119 -0.000233912 0.999996 -0.00276034 -1.10054 0.534539 0.00245797 0.84514 108.761 
0.84169 0.000124378 -0.539961 -102.412 -0.00152768 0.999997 -0.00215105 -1.10415 0.539959 0.00263545 0.841687 109.269 
0.840375 -0.00128828 -0.542005 -102.726 -3.38872e-05 0.999997 -0.00242946 -1.10237 0.542006 0.00206007 0.840372 109.741 
0.839509 -0.0030641 -0.543337 -103.045 0.00192637 0.999995 -0.002663 -1.10512 0.543342 0.00118899 0.83951 110.153 
0.83961 -0.00471391 -0.54317 -103.368 0.00311945 0.999988 -0.00385656 -1.10986 0.543181 0.00154366 0.839614 110.562 
0.838289 -0.00486414 -0.545205 -103.641 0.00194632 0.999981 -0.00592897 -1.14314 0.545223 0.0039091 0.838282 110.964 
0.836716 -0.00898524 -0.547563 -103.91 0.00341491 0.999932 -0.0111902 -1.13059 0.547626 0.00749319 0.836689 111.345 
0.835414 -0.0116495 -0.549498 -104.186 0.00642291 0.999914 -0.0114336 -1.17203 0.549583 0.00602248 0.835417 111.696 
0.832851 -0.01656 -0.553249 -104.439 0.0119139 0.999857 -0.0119931 -1.16328 0.553369 0.00339714 0.832929 112.051 
0.829306 -0.016319 -0.558557 -104.668 0.0117308 0.999862 -0.0117953 -1.16558 0.558672 0.00322966 0.829382 112.386 
0.825286 -0.0122096 -0.564583 -104.91 0.00810614 0.999919 -0.00977501 -1.17294 0.564657 0.00349063 0.825318 112.726 
0.821719 -0.00675593 -0.569853 -105.157 0.00380924 0.999973 -0.00636243 -1.17132 0.56988 0.00305747 0.821722 113.03 
0.818101 -0.00132078 -0.575073 -105.394 0.00266006 0.999995 0.00148746 -1.19372 0.575069 -0.00274657 0.818101 113.32 
0.813488 0.00122227 -0.581581 -105.603 0.00267904 0.999979 0.00584886 -1.20473 0.581576 -0.006316 0.813468 113.589 
0.808141 -0.00247806 -0.588985 -105.81 0.00741025 0.999955 0.00596034 -1.19608 0.588943 -0.00918126 0.808122 113.84 
0.800599 -0.00461287 -0.599182 -105.993 0.0105377 0.999924 0.00638189 -1.19308 0.599107 -0.0114233 0.800587 114.083 
0.791953 -0.00653781 -0.610547 -106.177 0.0128594 0.9999 0.0059731 -1.1823 0.610446 -0.0125816 0.791958 114.3 
0.780755 -0.00648049 -0.624804 -106.344 0.0135894 0.999886 0.00661042 -1.18884 0.62469 -0.0136518 0.780753 114.513 
0.768959 -0.00604981 -0.63927 -106.569 0.0119522 0.999917 0.00491402 -1.17626 0.639187 -0.0114193 0.768967 114.691 
0.756316 -0.00772841 -0.654161 -106.782 0.0110351 0.999939 0.000944855 -1.15907 0.654114 -0.00793331 0.756355 114.843 
0.741903 -0.0116463 -0.670406 -106.935 0.0107682 0.999927 -0.00545417 -1.14494 0.67042 -0.00317255 0.741975 114.978 
0.726039 -0.0150996 -0.687488 -107.105 0.0104903 0.999886 -0.0108825 -1.15456 0.687573 0.000689238 0.726115 115.132 
0.710222 -0.0152254 -0.703813 -107.278 0.00468293 0.999846 -0.0169038 -1.1398 0.703962 0.00870959 0.710184 115.282 
0.693699 -0.0128426 -0.720151 -107.46 -0.00275398 0.999786 -0.0204822 -1.12807 0.72026 0.0161918 0.693515 115.417 
0.676904 -0.0138741 -0.735941 -107.645 -0.00475068 0.999719 -0.0232165 -1.09289 0.736056 0.0192116 0.676648 115.538 
0.657611 -0.0146681 -0.753215 -107.813 -0.00330068 0.999745 -0.0223508 -1.09681 0.75335 0.0171843 0.657395 115.666 
0.636724 -0.0147571 -0.770951 -107.994 -0.00113304 0.999798 -0.0200733 -1.11254 0.771091 0.0136547 0.636579 115.807 
0.615416 -0.0154136 -0.788052 -108.194 -0.00197485 0.999776 -0.021097 -1.08192 0.7882 0.0145398 0.615247 115.901 
0.592347 -0.0111816 -0.805605 -108.411 -0.00645274 0.999806 -0.0186216 -1.07795 0.805657 0.0162289 0.59216 116.004 
0.566944 -0.00890875 -0.823709 -108.602 -0.00896111 0.999816 -0.0169812 -1.06086 0.823708 0.0170088 0.566759 116.108 
0.542486 -0.00634619 -0.840041 -108.81 -0.0113528 0.999825 -0.0148848 -1.065 0.839988 0.0176117 0.542319 116.188 
0.517052 -0.00286848 -0.855949 -109.026 -0.0151121 0.999808 -0.0124794 -1.07604 0.855821 0.0193877 0.516909 116.261 
0.491243 -0.000279825 -0.871023 -109.245 -0.0208022 0.999711 -0.0120533 -1.05366 0.870774 0.0240404 0.491095 116.327 
0.464574 5.18754e-05 -0.885534 -109.466 -0.024614 0.999614 -0.0128546 -1.03006 0.885192 0.0277685 0.464396 116.38 
0.433533 0.000122166 -0.901138 -109.687 -0.0258132 0.999591 -0.0122831 -1.04454 0.900768 0.0285864 0.433359 116.468 
0.402758 -0.00214486 -0.915304 -109.92 -0.0268483 0.999539 -0.0141562 -1.07032 0.914913 0.030276 0.402515 116.508 
0.367424 -0.00809397 -0.930018 -110.147 -0.0280558 0.999411 -0.019782 -1.04702 0.92963 0.0333608 0.366981 116.585 
0.330371 -0.00910011 -0.943807 -110.381 -0.0295205 0.999365 -0.0199692 -1.07023 0.943389 0.0344589 0.329893 116.608 
0.286215 -0.00914457 -0.958122 -110.669 -0.0300513 0.999377 -0.0185154 -1.07708 0.957694 0.0340922 0.285762 116.694 
0.243752 -0.0117949 -0.969766 -110.938 -0.0290314 0.999389 -0.0194522 -1.07736 0.969403 0.0328952 0.24326 116.714 
0.196651 -0.015253 -0.980355 -111.253 -0.0304116 0.999303 -0.0216481 -1.06944 0.980002 0.0340713 0.19605 116.735 
0.147159 -0.0175502 -0.988957 -111.577 -0.030473 0.999288 -0.022268 -1.06351 0.988643 0.0334135 0.146519 116.743 
0.0999566 -0.0176276 -0.994836 -111.887 -0.0314239 0.999288 -0.0208638 -1.07293 0.994495 0.0333472 0.0993316 116.699 
0.0478171 -0.017133 -0.998709 -112.229 -0.0328354 0.999286 -0.018715 -1.06494 0.998316 0.0336879 0.0472203 116.674 
-0.00518107 -0.0150392 -0.999874 -112.612 -0.0324511 0.999363 -0.0148633 -1.06599 0.99946 0.03237 -0.00566581 116.624 
-0.0593296 -0.012182 -0.998164 -112.997 -0.0286829 0.999534 -0.0104938 -1.08152 0.997826 0.0280076 -0.0596513 116.567 
-0.113325 -0.00826927 -0.993524 -113.427 -0.0240313 0.999696 -0.00557955 -1.10343 0.993267 0.0232434 -0.113489 116.473 
-0.165395 -0.00750605 -0.986199 -113.794 -0.0221624 0.999747 -0.00389233 -1.09383 0.985978 0.0212128 -0.165519 116.35 
-0.216319 -0.00816033 -0.976289 -114.219 -0.0233264 0.999723 -0.00318769 -1.06263 0.976044 0.0220838 -0.21645 116.215 
-0.264967 -0.0084142 -0.964221 -114.625 -0.0229131 0.999735 -0.0024276 -1.03633 0.963985 0.0214501 -0.26509 116.05 
-0.313594 -0.00870628 -0.949517 -115.06 -0.0207373 0.999782 -0.00231833 -1.01897 0.949331 0.0189634 -0.313706 115.868 
-0.360663 -0.00550741 -0.93268 -115.517 -0.0167133 0.99986 0.000558836 -1.04345 0.932546 0.0157897 -0.360705 115.657 
