1 2.12261e-08 -2.11895e-08 -1.12844e-14 2.12261e-08 1 2.10703e-08 -3.77476e-15 -2.11895e-08 2.10703e-08 1 -1.08247e-14 
0.999991 0.00399743 0.00115065 -0.0404654 -0.00399855 0.999992 0.00101338 -0.00437361 -0.00114663 -0.00101793 0.999999 0.723955 
0.999978 0.00650711 0.00128548 -0.0668876 -0.00650866 0.999978 0.00123887 -0.0204017 -0.00127743 -0.00124716 0.999998 1.46678 
0.999979 0.00644275 0.00122094 -0.0552115 -0.00644474 0.999978 0.00166809 -0.0495894 -0.00121021 -0.00167588 0.999998 2.20753 
0.999955 0.0092596 0.00227111 -0.0995304 -0.00926249 0.999956 0.00128544 -0.052454 -0.00225915 -0.00130638 0.999997 2.9469 
0.999954 0.00913282 0.00298885 -0.141501 -0.00913786 0.999957 0.00169006 -0.0796136 -0.00297333 -0.00171726 0.999994 3.61925 
0.999951 0.00919692 0.0036161 -0.166182 -0.00920432 0.999956 0.00204676 -0.083664 -0.00359716 -0.0020799 0.999991 4.33399 
0.999949 0.00947075 0.00365749 -0.16314 -0.00948332 0.999949 0.00344482 -0.0753531 -0.00362472 -0.00347929 0.999987 5.01082 
0.999946 0.0085251 0.00591689 -0.191297 -0.00856707 0.999938 0.00711158 -0.0747678 -0.00585593 -0.00716185 0.999957 5.70135 
0.999955 0.0071253 0.00624704 -0.186436 -0.00718881 0.999922 0.0102106 -0.0854092 -0.00617384 -0.010255 0.999928 6.34094 
0.999955 0.00619728 0.00715559 -0.193298 -0.00628689 0.999901 0.0125753 -0.0995318 -0.007077 -0.0126196 0.999895 6.97238 
0.999943 0.0064078 0.00850963 -0.208564 -0.0065061 0.999912 0.01158 -0.0902136 -0.00843472 -0.0116346 0.999897 7.57354 
0.999925 0.00678059 0.0102232 -0.224637 -0.00687074 0.999938 0.00881323 -0.107723 -0.0101628 -0.00888277 0.999909 8.12791 
0.99992 0.00657189 0.0107721 -0.23206 -0.00663458 0.999961 0.00579772 -0.117281 -0.0107336 -0.00586868 0.999925 8.61738 
0.999902 0.00471299 0.0131612 -0.243945 -0.004769 0.99998 0.00423108 -0.123399 -0.013141 -0.00429339 0.999904 9.14016 
0.999897 0.000897188 0.0143312 -0.217079 -0.000924848 0.999998 0.00192651 -0.132625 -0.0143295 -0.00193952 0.999895 9.60624 
0.999861 -0.00110572 0.0166645 -0.228904 0.00107951 0.999998 0.00158468 -0.152965 -0.0166662 -0.00156643 0.99986 10.0487 
0.999812 0.00437888 0.0188938 -0.231814 -0.00436804 0.99999 -0.00061256 -0.158092 -0.0188963 0.000529957 0.999821 10.472 
0.999712 0.00851127 0.0224509 -0.249608 -0.00847646 0.999963 -0.00164359 -0.171008 -0.0224641 0.00145286 0.999747 10.853 
0.999626 0.009744 0.0255577 -0.237381 -0.00971272 0.999952 -0.00134592 -0.173485 -0.0255697 0.00109722 0.999672 11.2211 
0.999574 0.00478343 0.028788 -0.238802 -0.00476612 0.999988 -0.000668262 -0.183378 -0.028791 0.000530812 0.999585 11.5097 
0.999505 -0.000721789 0.0314686 -0.221165 0.000750665 0.999999 -0.000904415 -0.189873 -0.031468 0.00092763 0.999504 11.7943 
0.999421 -0.00330088 0.0338698 -0.210441 0.00330794 0.999995 -0.000151127 -0.18893 -0.0338692 0.00026312 0.999426 12.0467 
0.999307 -0.00362627 0.0370487 -0.207907 0.00362517 0.999993 9.81202e-05 -0.194979 -0.0370488 3.62968e-05 0.999313 12.2714 
0.999239 -0.00263346 0.0389283 -0.204229 0.0026664 0.999996 -0.000793168 -0.200715 -0.0389261 0.000896404 0.999242 12.4695 
0.999181 -0.0017041 0.0404347 -0.188596 0.00177523 0.999997 -0.00172233 -0.210551 -0.0404317 0.00179274 0.999181 12.6629 
0.999083 0.000604243 0.0428098 -0.194936 -0.000505564 0.999997 -0.00231483 -0.216466 -0.0428112 0.00229111 0.999081 12.8251 
0.999 0.00325121 0.0446019 -0.18747 -0.00316166 0.999993 -0.00207736 -0.229908 -0.0446084 0.0019343 0.999003 12.9965 
0.99892 0.00531955 0.0461648 -0.19137 -0.00514294 0.999979 -0.00394265 -0.231151 -0.0461849 0.003701 0.998926 13.1474 
0.998883 0.00402931 0.0470819 -0.16287 -0.00378422 0.999979 -0.00529258 -0.237415 -0.0471023 0.00510854 0.998877 13.2921 
0.998833 0.0023907 0.048249 -0.16174 -0.00203562 0.999971 -0.00740624 -0.22878 -0.0482653 0.00729941 0.998808 13.4504 
0.998732 0.000856565 0.0503366 -0.170482 -0.000441223 0.999966 -0.00826098 -0.23345 -0.050342 0.00822833 0.998698 13.5829 
0.998647 0.00190473 0.0519715 -0.159075 -0.00140872 0.999953 -0.009578 -0.236027 -0.0519874 0.00949187 0.998603 13.7195 
0.998623 0.00390544 0.0523186 -0.13267 -0.00324622 0.999914 -0.0126783 -0.214077 -0.0523637 0.0124911 0.99855 13.8684 
0.998669 0.00232793 0.0515199 -0.101593 -0.00157865 0.999893 -0.0145787 -0.216287 -0.0515483 0.014478 0.998566 14.0088 
0.99862 0.00129843 0.0525055 -0.0959116 -0.000376597 0.999846 -0.0175622 -0.21751 -0.0525202 0.0175182 0.998466 14.1311 
0.998658 -6.60174e-05 0.0517868 -0.0849611 0.00101627 0.999832 -0.0183224 -0.228987 -0.0517769 0.0183505 0.99849 14.24 
0.998759 -0.000362482 0.0498052 -0.0774298 0.0013669 0.999796 -0.0201335 -0.222019 -0.0497878 0.0201767 0.998556 14.3752 
0.998929 6.2836e-06 0.0462627 -0.0634596 0.000956773 0.999783 -0.020794 -0.227387 -0.0462529 0.020816 0.998713 14.5023 
0.999127 -0.00045405 0.0417855 -0.0631802 0.00134294 0.999773 -0.0212461 -0.232368 -0.0417664 0.0212837 0.998901 14.6305 
0.999332 0.0010362 0.0365316 -0.0793761 -0.000193471 0.999734 -0.0230632 -0.227329 -0.0365458 0.0230408 0.999066 14.7409 
0.999546 0.00049173 0.0301401 -0.0766771 0.000219216 0.999722 -0.0235787 -0.23901 -0.0301434 0.0235747 0.999268 14.8917 
0.999751 0.0019177 0.0222128 -0.0607785 -0.00138831 0.999715 -0.0238215 -0.244034 -0.0222522 0.0237848 0.999469 15.0406 
0.999917 0.0001006 0.0128614 -0.0483987 0.00022123 0.999687 -0.0250158 -0.243679 -0.0128599 0.0250166 0.999604 15.199 
0.999994 -0.000388169 0.00337045 -0.0771395 0.000477686 0.999646 -0.0265864 -0.244313 -0.00335898 0.0265879 0.999641 15.3214 
0.999957 -0.00106744 -0.00916368 -0.0869747 0.000804242 0.999588 -0.0286828 -0.243078 0.00919049 0.0286743 0.999547 15.4788 
0.999676 -0.0026537 -0.0253278 -0.110341 0.00187458 0.999526 -0.0307375 -0.245429 0.0253973 0.0306801 0.999207 15.6417 
0.998986 -0.0033736 -0.0448949 -0.126969 0.00195536 0.999499 -0.0315977 -0.247711 0.044979 0.0314779 0.998492 15.8373 
0.997809 -0.00186289 -0.0661322 -0.182435 -0.000189727 0.999519 -0.0310189 -0.254832 0.0661581 0.0309635 0.997329 16.0212 
0.995848 -0.00130445 -0.0910257 -0.204042 -0.00140316 0.999559 -0.0296757 -0.261848 0.0910242 0.0296802 0.995406 16.2325 
0.993013 -0.000138775 -0.118003 -0.257061 -0.00323657 0.999591 -0.028412 -0.266713 0.117959 0.0285955 0.992607 16.4453 
0.988937 0.00202008 -0.148321 -0.327914 -0.00583899 0.999662 -0.025317 -0.293205 0.14822 0.025903 0.988615 16.6826 
0.98345 0.00189686 -0.181172 -0.420409 -0.00602522 0.999735 -0.0222396 -0.295369 0.181082 0.0229631 0.9832 16.9379 
0.975872 0.00236047 -0.218333 -0.51269 -0.00655583 0.999808 -0.0184932 -0.291141 0.218247 0.0194784 0.975699 17.2242 
0.965821 0.00398103 -0.259181 -0.616185 -0.00760424 0.999887 -0.0129785 -0.305825 0.2591 0.0145058 0.965742 17.4966 
0.953837 0.00788316 -0.30022 -0.78192 -0.0108581 0.999907 -0.00824206 -0.299388 0.300127 0.0111214 0.953834 17.8061 
0.938939 0.0106313 -0.343921 -0.900294 -0.0128761 0.999908 -0.00424403 -0.307488 0.343844 0.00841328 0.938989 18.108 
0.921324 0.0134726 -0.388563 -1.04342 -0.0136919 0.999904 0.00220455 -0.325523 0.388555 0.00328909 0.92142 18.4143 
0.901264 0.0177811 -0.432906 -1.20851 -0.0150534 0.999839 0.00972744 -0.331361 0.43301 -0.00225021 0.901386 18.7202 
0.878618 0.020807 -0.477072 -1.40581 -0.015166 0.999762 0.0156724 -0.325799 0.477284 -0.00653474 0.878725 19.0263 
0.852419 0.026537 -0.522185 -1.59464 -0.0180909 0.99961 0.0212676 -0.343156 0.522546 -0.00868206 0.852567 19.3095 
0.823989 0.0297684 -0.565823 -1.83706 -0.0192157 0.999513 0.0246018 -0.345521 0.56628 -0.00939884 0.82416 19.5785 
0.79155 0.0322444 -0.610253 -2.10578 -0.0209499 0.999452 0.0256349 -0.325544 0.610745 -0.00750655 0.791792 19.8793 
0.756747 0.03465 -0.652789 -2.39147 -0.0212263 0.99937 0.0284398 -0.322208 0.653364 -0.00766535 0.757005 20.1601 
0.718933 0.0387306 -0.693999 -2.7094 -0.0224612 0.999219 0.0324961 -0.307057 0.694716 -0.00777445 0.719242 20.4348 
0.678312 0.0395208 -0.73371 -3.05853 -0.0191638 0.999164 0.0361024 -0.305038 0.734524 -0.010428 0.678503 20.7102 
0.636848 0.0393862 -0.769982 -3.45632 -0.0165371 0.999162 0.0374314 -0.301142 0.770812 -0.0111048 0.636966 20.9743 
0.593869 0.0380558 -0.803661 -3.86115 -0.00940915 0.999141 0.0403594 -0.297516 0.804507 -0.0164064 0.593717 21.2142 
0.547876 0.0377856 -0.835706 -4.29137 -0.00313868 0.999065 0.043114 -0.283248 0.836554 -0.0209981 0.547482 21.4657 
0.500806 0.0387445 -0.864692 -4.74248 -0.00250713 0.999058 0.0433131 -0.24973 0.865556 -0.0195235 0.500431 21.6723 
0.4521 0.0377659 -0.891167 -5.23061 -0.00540538 0.999201 0.0396019 -0.205643 0.891951 -0.0130869 0.451943 21.8422 
0.400273 0.0359963 -0.915689 -5.71332 -0.00185812 0.999258 0.0384692 -0.172457 0.916394 -0.0136967 0.400043 21.9963 
0.34643 0.0358638 -0.93739 -6.21571 0.00243618 0.999231 0.0391301 -0.165467 0.938073 -0.0158394 0.346076 22.1354 
0.291844 0.0345502 -0.955842 -6.75621 0.00360862 0.999301 0.0372229 -0.130033 0.956459 -0.0143125 0.291515 22.2631 
0.238827 0.0403218 -0.970225 -7.31964 0.00299697 0.999102 0.0422597 -0.108017 0.971057 -0.0130005 0.238492 22.3417 
0.187941 0.0447829 -0.981159 -7.90461 0.00590695 0.99889 0.0467237 -0.0827999 0.982163 -0.0145769 0.187468 22.4043 
0.138563 0.0465673 -0.989258 -8.50371 0.0108982 0.998762 0.0485412 -0.059662 0.990294 -0.0175071 0.137884 22.4626 
0.0949013 0.0473528 -0.99436 -9.11704 0.0137665 0.99871 0.0488738 -0.0400622 0.995392 -0.018327 0.094127 22.4735 
0.0549478 0.0459166 -0.997433 -9.73225 0.0133628 0.998819 0.0467165 -0.0167841 0.9984 -0.0158954 0.0542694 22.4602 
0.0194491 0.0410991 -0.998966 -10.3985 0.010408 0.999092 0.0413069 0.0191553 0.999757 -0.0112005 0.0190037 22.4357 
-0.0107094 0.0412701 -0.999091 -11.1033 0.00980018 0.999104 0.0411656 0.0468287 0.999895 -0.00935037 -0.0111043 22.4208 
-0.031062 0.0448138 -0.998512 -11.8165 0.00827675 0.998972 0.0445769 0.0806086 0.999483 -0.00687975 -0.031401 22.3736 
-0.0438713 0.0502871 -0.997771 -12.5701 0.00878716 0.998713 0.0499482 0.113067 0.998999 -0.00657624 -0.0442568 22.3313 
-0.0514089 0.0524935 -0.997297 -13.2689 0.00821597 0.998606 0.0521389 0.139158 0.998644 -0.00551332 -0.0517685 22.2628 
-0.05653 0.0495672 -0.99717 -14.0674 0.0115648 0.998732 0.0489892 0.190445 0.998334 -0.00876267 -0.0570316 22.2513 
-0.0557125 0.0457028 -0.9974 -14.8471 0.0185393 0.998827 0.0447326 0.22293 0.998275 -0.0159989 -0.0564945 22.1926 
-0.0521331 0.0438962 -0.997675 -15.6627 0.0298739 0.998655 0.0423783 0.263809 0.998193 -0.0275951 -0.0533743 22.1482 
-0.0467262 0.0442336 -0.997928 -16.4966 0.031728 0.998581 0.0427769 0.293656 0.998404 -0.0296634 -0.0480633 22.1076 
-0.0431424 0.0432636 -0.998132 -17.3393 0.0304008 0.998656 0.0419723 0.299662 0.998606 -0.0285332 -0.0443997 22.0789 
-0.0399169 0.0373365 -0.998505 -18.1491 0.0336268 0.998786 0.0360027 0.311862 0.998637 -0.0321393 -0.0411239 22.0112 
-0.0385068 0.0274562 -0.998881 -19.0497 0.0313021 0.999165 0.0262573 0.321961 0.998768 -0.030256 -0.039334 21.9918 
-0.0377368 0.0190565 -0.999106 -19.9571 0.0239511 0.999548 0.0181603 0.337802 0.999001 -0.0232443 -0.0381762 21.931 
-0.0384771 0.0158157 -0.999134 -20.8955 0.0186166 0.999713 0.0151079 0.359017 0.999086 -0.0180192 -0.0387605 21.8601 
-0.0436243 0.0207056 -0.998833 -21.8728 0.00988269 0.999745 0.0202929 0.380876 0.998999 -0.00898586 -0.0438179 21.835 
-0.0487272 0.0294016 -0.998379 -22.8321 0.00378364 0.999565 0.0292519 0.378687 0.998805 -0.00235211 -0.0488172 21.7493 
-0.0549347 0.0389429 -0.99773 -23.8178 0.0038332 0.99924 0.0387908 0.402128 0.998483 -0.0016935 -0.0550422 21.6904 
-0.0574654 0.0491111 -0.997139 -24.8424 0.00279061 0.998793 0.0490317 0.432469 0.998344 3.50432e-05 -0.0575332 21.625 
-0.0584635 0.0564333 -0.996693 -25.8454 0.00496067 0.998405 0.0562392 0.4813 0.998277 -0.00165628 -0.0586502 21.5469 
-0.0605546 0.056294 -0.996576 -26.8711 0.00638848 0.99841 0.0560094 0.534081 0.998144 -0.00297494 -0.0608179 21.4815 
-0.0632996 0.0543769 -0.996512 -27.8934 0.00539024 0.998519 0.054144 0.55889 0.99798 -0.0019441 -0.0634989 21.4156 
-0.0665346 0.0502435 -0.996518 -28.9098 0.00635702 0.998732 0.0499307 0.584941 0.997764 -0.00301273 -0.0667696 21.3303 
-0.0726998 0.0452004 -0.996329 -29.8997 0.00590491 0.998975 0.0448895 0.616944 0.997336 -0.00261973 -0.0728922 21.2593 
-0.0782248 0.0406555 -0.996106 -30.9448 0.00672316 0.999167 0.0402524 0.647744 0.996913 -0.0035482 -0.078433 21.153 
-0.0859429 0.0399174 -0.9955 -31.9489 0.00495466 0.999202 0.0396381 0.658723 0.996288 -0.00152571 -0.0860721 21.0495 
-0.0932223 0.0425211 -0.994737 -32.9994 0.00635618 0.999093 0.0421116 0.685862 0.995625 -0.00239695 -0.093408 20.9351 
-0.0999707 0.0473898 -0.993861 -34.0662 0.0047569 0.998877 0.0471505 0.724822 0.994979 -1.39952e-05 -0.100084 20.7993 
-0.107483 0.0505411 -0.992921 -35.1036 0.00235101 0.998717 0.0505816 0.753275 0.994204 0.00310234 -0.107464 20.7051 
-0.111896 0.0523909 -0.992338 -36.1354 0.000245576 0.998611 0.0526944 0.791914 0.99372 0.00565266 -0.111754 20.5545 
-0.115444 0.053038 -0.991897 -37.1959 -0.00307885 0.99855 0.053752 0.845187 0.993309 0.00925926 -0.115113 20.4212 
-0.116691 0.0532702 -0.991739 -38.2978 -0.0060404 0.998504 0.0543443 0.895884 0.99315 0.012332 -0.116194 20.2667 
-0.117598 0.0521137 -0.991693 -39.3448 -0.00572621 0.99857 0.0531541 0.946937 0.993045 0.0119295 -0.117131 20.1029 
-0.119601 0.050713 -0.991526 -40.4433 -0.00600833 0.998639 0.0518016 1.00214 0.992804 0.012153 -0.119134 19.9558 
-0.120694 0.0502144 -0.991419 -41.4926 -0.00585366 0.998666 0.0512941 1.03087 0.992673 0.0119943 -0.120239 19.809 
-0.123316 0.0496591 -0.991124 -42.5617 -0.00740632 0.998673 0.0509588 1.06156 0.99234 0.0136247 -0.122785 19.6561 
-0.123987 0.0469798 -0.991171 -43.6504 -0.010938 0.998753 0.0487074 1.09144 0.992224 0.0168805 -0.123318 19.4889 
-0.125065 0.0405327 -0.99132 -44.7093 -0.0149272 0.998975 0.0427289 1.14416 0.992036 0.0201415 -0.124332 19.3463 
-0.124735 0.0405791 -0.99136 -45.8136 -0.0163103 0.998944 0.0429418 1.17383 0.992056 0.0215257 -0.123942 19.1909 
-0.122483 0.0449056 -0.991454 -46.9304 -0.017665 0.998719 0.047417 1.20826 0.992313 0.0233219 -0.121533 19.0195 
-0.123212 0.0497733 -0.991131 -47.9356 -0.0180421 0.998464 0.0523844 1.20556 0.992216 0.0243365 -0.122125 18.9145 
-0.119794 0.048154 -0.99163 -49.0088 -0.0162347 0.998594 0.0504534 1.27759 0.992666 0.0221429 -0.118843 18.7247 
-0.119201 0.0465357 -0.991779 -50.0766 -0.0161991 0.998677 0.0488063 1.32759 0.992738 0.0218837 -0.118289 18.5961 
-0.114803 0.0462091 -0.992313 -51.2306 -0.0208779 0.998585 0.0489166 1.3767 0.993169 0.0263333 -0.113676 18.4406 
-0.10911 0.0459855 -0.992965 -52.3573 -0.0248101 0.998492 0.0489677 1.4263 0.99372 0.0299785 -0.107805 18.2799 
-0.102671 0.0446399 -0.993713 -53.4744 -0.0295039 0.998416 0.0478996 1.47365 0.994278 0.0342364 -0.101192 18.1267 
-0.098099 0.0440351 -0.994202 -54.5994 -0.0309422 0.998403 0.0472743 1.51732 0.994696 0.0354004 -0.0965797 18.0129 
-0.0920889 0.0435068 -0.9948 -55.7338 -0.0341894 0.998318 0.0468256 1.55037 0.995164 0.0383238 -0.0904465 17.8795 
-0.0871021 0.0431871 -0.995263 -56.897 -0.0320771 0.99842 0.0461314 1.59563 0.995683 0.0359433 -0.0855791 17.759 
-0.0833415 0.0436819 -0.995563 -58.0241 -0.030254 0.998467 0.046342 1.64355 0.996062 0.033982 -0.0818922 17.6672 
-0.0793548 0.0440985 -0.995871 -59.1563 -0.0292315 0.998489 0.0465437 1.69409 0.996418 0.0328043 -0.0779458 17.5672 
-0.0739636 0.0450633 -0.996242 -60.2592 -0.0298741 0.99843 0.0473802 1.72089 0.996813 0.0332663 -0.0725013 17.4586 
-0.0694928 0.0442729 -0.9966 -61.3962 -0.0284637 0.99852 0.046343 1.74123 0.997176 0.0315875 -0.0681298 17.3742 
-0.062884 0.0406365 -0.997193 -62.4024 -0.0278357 0.998711 0.0424537 1.7452 0.997633 0.0304273 -0.0616717 17.2337 
-0.0575568 0.0341801 -0.997757 -63.6138 -0.0272214 0.998988 0.0357926 1.80352 0.997971 0.0292205 -0.0565681 17.1168 
-0.0544256 0.0321242 -0.998001 -64.7404 -0.0255942 0.999109 0.0335557 1.85664 0.99819 0.0273693 -0.0535549 17.0489 
-0.0509328 0.0352492 -0.99808 -65.8875 -0.0240284 0.999044 0.0365095 1.87015 0.998413 0.0258419 -0.0500372 16.9634 
-0.0489787 0.0352495 -0.998178 -67.0776 -0.0254842 0.999008 0.0365293 1.8918 0.998475 0.027227 -0.0480318 16.8821 
-0.0484187 0.0353698 -0.998201 -68.2331 -0.0285861 0.998914 0.0367817 1.91138 0.998418 0.0303157 -0.047355 16.8188 
-0.0497705 0.0366479 -0.998088 -69.3699 -0.0289748 0.998853 0.0381208 1.9161 0.99834 0.0308168 -0.0486516 16.7559 
-0.049457 0.0364235 -0.998112 -70.5557 -0.0292758 0.998853 0.0379011 1.93878 0.998347 0.031095 -0.0483339 16.7024 
-0.0460412 0.0328223 -0.9984 -71.7419 -0.0292787 0.998986 0.0341918 1.98745 0.99851 0.0308061 -0.0450336 16.5918 
-0.0465538 0.0318761 -0.998407 -72.9162 -0.0272508 0.999078 0.0331682 1.99751 0.998544 0.0287515 -0.0456422 16.5254 
-0.0452563 0.0324808 -0.998447 -74.1107 -0.0250433 0.99912 0.0336378 2.01222 0.998661 0.0265268 -0.044403 16.4357 
-0.0439888 0.0316152 -0.998532 -75.3159 -0.0240612 0.999176 0.0326956 2.06054 0.998742 0.0254641 -0.0431919 16.3566 
-0.0449822 0.0322491 -0.998467 -76.4982 -0.0235719 0.999166 0.0333336 2.09696 0.99871 0.0250353 -0.0441845 16.2943 
-0.0443507 0.0368024 -0.998338 -77.685 -0.0273417 0.998902 0.0380378 2.10242 0.998642 0.0289833 -0.0432957 16.203 
-0.0439228 0.0344188 -0.998442 -78.8553 -0.0309364 0.99888 0.0357949 2.14955 0.998556 0.0324604 -0.0428088 16.1332 
-0.0439201 0.0336643 -0.998468 -80.0379 -0.0308875 0.998909 0.0350378 2.15919 0.998557 0.0323791 -0.0428324 16.0644 
-0.0420899 0.0320669 -0.998599 -81.2511 -0.0350203 0.998823 0.0335502 2.18031 0.9985 0.0363834 -0.0409173 15.9561 
-0.0444379 0.0310508 -0.99853 -82.4129 -0.0323168 0.998949 0.0325021 2.19423 0.998489 0.0337136 -0.0433878 15.9097 
-0.0446256 0.0333207 -0.998448 -83.6334 -0.031653 0.998895 0.0347503 2.22654 0.998502 0.0331546 -0.0435216 15.8429 
-0.0446172 0.0357018 -0.998366 -84.7984 -0.0315326 0.998813 0.037127 2.24383 0.998506 0.0331377 -0.0434385 15.764 
-0.044004 0.0375721 -0.998325 -85.9716 -0.0337991 0.998665 0.0390747 2.27264 0.998459 0.0354619 -0.0426753 15.6841 
-0.0440449 0.0376032 -0.998322 -87.1071 -0.0352183 0.998612 0.0391679 2.29908 0.998409 0.0368844 -0.0426595 15.6016 
-0.043704 0.035404 -0.998417 -88.2334 -0.0355421 0.998684 0.0369693 2.3166 0.998412 0.0371015 -0.0423881 15.5253 
-0.0416079 0.0352098 -0.998513 -89.4985 -0.0359721 0.998678 0.0367146 2.33713 0.998486 0.0374463 -0.0402863 15.4073 
-0.041583 0.0388074 -0.998381 -90.6557 -0.0339216 0.998615 0.0402293 2.32306 0.998559 0.0355396 -0.040209 15.3376 
-0.040188 0.0401184 -0.998386 -91.8325 -0.0325039 0.998612 0.0414358 2.37562 0.998663 0.0341167 -0.0388283 15.2609 
-0.0398119 0.043949 -0.99824 -92.9427 -0.0322897 0.998454 0.0452462 2.37705 0.998685 0.0340343 -0.0383312 15.1874 
-0.0426649 0.0475442 -0.997958 -94.0186 -0.0318255 0.998296 0.0489209 2.36672 0.998582 0.0338477 -0.041079 15.1614 
-0.0430647 0.0486098 -0.997889 -95.183 -0.0352357 0.99812 0.0501417 2.42267 0.998451 0.0373207 -0.041271 15.0957 
-0.0438241 0.0478863 -0.997891 -96.2816 -0.0358487 0.998132 0.0494722 2.4415 0.998396 0.0379412 -0.0420255 15.0187 
-0.0444184 0.0437384 -0.998055 -97.4387 -0.03683 0.99829 0.0453879 2.47964 0.998334 0.0387745 -0.0427316 14.948 
-0.0457299 0.0418056 -0.998079 -98.5519 -0.0366067 0.998383 0.0434956 2.51053 0.998283 0.0385254 -0.0441256 14.8905 
-0.0451964 0.0408609 -0.998142 -99.6776 -0.0363225 0.998435 0.0425176 2.52598 0.998318 0.0381767 -0.0436415 14.8054 
-0.0460302 0.0413938 -0.998082 -100.848 -0.0341005 0.998494 0.0429835 2.53918 0.998358 0.0360137 -0.0445493 14.7541 
-0.0476905 0.0428106 -0.997944 -102.021 -0.0326793 0.998479 0.0443953 2.57119 0.998327 0.0347294 -0.0462189 14.7041 
-0.0490432 0.0459434 -0.997739 -103.101 -0.0321886 0.99835 0.0475537 2.59463 0.998278 0.0344481 -0.0474835 14.6365 
-0.0508326 0.0436802 -0.997752 -104.244 -0.0338767 0.998393 0.0454342 2.65194 0.998133 0.0361101 -0.0492712 14.5698 
-0.0518584 0.044825 -0.997648 -105.393 -0.0375472 0.998198 0.0468014 2.68283 0.997948 0.0398859 -0.0500819 14.4939 
-0.0516852 0.0428778 -0.997743 -106.556 -0.0397796 0.998197 0.044958 2.72758 0.997871 0.0420135 -0.0498863 14.3994 
-0.0537385 0.0383767 -0.997817 -107.733 -0.0403186 0.998363 0.040569 2.76521 0.997741 0.0424108 -0.0521032 14.3454 
-0.054383 0.0349799 -0.997907 -108.942 -0.042654 0.998393 0.0373215 2.80801 0.997609 0.0445944 -0.0528036 14.2342 
-0.0557907 0.0343556 -0.997851 -110.1 -0.0396504 0.998543 0.0365964 2.82982 0.997655 0.0416069 -0.0543472 14.1639 
-0.056188 0.0333718 -0.997862 -111.214 -0.0342844 0.998787 0.0353333 2.86032 0.997831 0.0361965 -0.0549757 14.0803 
-0.0587668 0.0356142 -0.997636 -112.395 -0.032282 0.998773 0.0375564 2.86973 0.99775 0.0344128 -0.057545 14.061 
-0.0615672 0.0391281 -0.997336 -113.641 -0.0317297 0.99865 0.0411384 2.91768 0.997599 0.034178 -0.0602425 14.0029 
-0.062048 0.0396733 -0.997284 -114.887 -0.0301145 0.99868 0.0416025 2.94569 0.997619 0.0326141 -0.0607714 13.903 
-0.0619528 0.0362296 -0.997421 -116.087 -0.0306236 0.998801 0.0381818 2.96108 0.997609 0.0329102 -0.0607691 13.7951 
-0.0625645 0.0327419 -0.997504 -117.343 -0.0301485 0.998944 0.0346801 2.99717 0.997586 0.032243 -0.0615113 13.6773 
-0.0640664 0.0295549 -0.997508 -118.578 -0.0268549 0.999148 0.0313283 3.0468 0.997584 0.0287951 -0.0632182 13.5767 
-0.0636962 0.0305129 -0.997503 -119.849 -0.0288256 0.999059 0.0324012 3.06616 0.997553 0.0308175 -0.0627567 13.4447 
-0.0643377 0.0343426 -0.997337 -121.123 -0.0328484 0.998793 0.0365118 3.10028 0.997387 0.0351101 -0.0631319 13.3426 
-0.0667114 0.0384487 -0.997031 -122.333 -0.0374166 0.998458 0.0410073 3.10362 0.997071 0.0400412 -0.0651699 13.2545 
-0.0682131 0.0384299 -0.99693 -123.608 -0.0442692 0.998157 0.0415062 3.1345 0.996688 0.0469646 -0.0663861 13.1565 
-0.0674364 0.0361205 -0.99707 -124.89 -0.0482298 0.998058 0.0394183 3.1705 0.996557 0.0507468 -0.0655633 13.0107 
-0.0682708 0.0350913 -0.99705 -126.129 -0.050373 0.997985 0.0385734 3.19416 0.996394 0.0528579 -0.0663656 12.8937 
-0.0692028 0.0351881 -0.996982 -127.357 -0.0512477 0.997933 0.0387789 3.21982 0.996285 0.0537767 -0.0672564 12.7937 
-0.0676912 0.0332374 -0.997153 -128.645 -0.0491575 0.99812 0.0366067 3.27362 0.996495 0.0514956 -0.0659301 12.6402 
-0.0674276 0.0335808 -0.997159 -129.913 -0.0491658 0.998107 0.0369374 3.30344 0.996512 0.0515168 -0.065649 12.5171 
-0.0688252 0.0386696 -0.996879 -131.191 -0.0489599 0.997914 0.0420899 3.33929 0.996427 0.051704 -0.0667883 12.406 
-0.0718122 0.0422716 -0.996522 -132.4 -0.0457715 0.997909 0.0456289 3.36286 0.996367 0.0488891 -0.0697273 12.3399 
-0.0721546 0.0424892 -0.996488 -133.649 -0.0476262 0.997806 0.045994 3.38588 0.996256 0.0507777 -0.0699727 12.2302 
-0.0729305 0.0402997 -0.996523 -134.914 -0.0457877 0.997994 0.0437102 3.43103 0.996285 0.0488163 -0.070939 12.1342 
-0.0725663 0.0407724 -0.99653 -136.147 -0.0462449 0.997952 0.0441981 3.45033 0.996291 0.0492918 -0.0705322 12.0268 
-0.0715806 0.0395263 -0.996651 -137.404 -0.0458856 0.998026 0.0428763 3.49505 0.996379 0.0488011 -0.0696256 11.9116 
-0.0714827 0.0419726 -0.996558 -138.678 -0.0460975 0.997908 0.045336 3.53476 0.996376 0.0491797 -0.0693983 11.8203 
-0.0728004 0.0464084 -0.996266 -139.933 -0.0462742 0.997684 0.0498558 3.53704 0.996272 0.049731 -0.0704843 11.7462 
-0.0720778 0.0475352 -0.996266 -141.172 -0.0467864 0.997603 0.050984 3.57255 0.996301 0.0502866 -0.069681 11.6359 
-0.0711478 0.0454897 -0.996428 -142.43 -0.0502841 0.997526 0.0491303 3.60234 0.996198 0.0536001 -0.0686844 11.5117 
-0.0720884 0.0411874 -0.996548 -143.681 -0.0463496 0.997929 0.0445974 3.661 0.996321 0.0494046 -0.0700301 11.4091 
-0.0740344 0.0404678 -0.996434 -144.856 -0.0459677 0.997976 0.0439458 3.68115 0.996196 0.0490573 -0.0720244 11.3563 
-0.0759241 0.0383652 -0.996375 -146.035 -0.0426616 0.99822 0.041687 3.73646 0.996201 0.045672 -0.0741522 11.2712 
-0.0770414 0.0397891 -0.996234 -147.309 -0.0402757 0.998264 0.0429848 3.75581 0.996214 0.0434357 -0.0753051 11.1816 
-0.080403 0.0389665 -0.996001 -148.462 -0.03778 0.998398 0.0421102 3.78252 0.996046 0.0410147 -0.0788021 11.1379 
-0.0829337 0.038765 -0.995801 -149.637 -0.0370439 0.998433 0.0419526 3.80868 0.995866 0.0403677 -0.0813677 11.0581 
-0.0878129 0.0446368 -0.995136 -150.8 -0.0356092 0.998216 0.0479172 3.79112 0.9955 0.0396438 -0.0860668 11.0349 
-0.0874331 0.0451684 -0.995146 -152.047 -0.0333995 0.998277 0.048245 3.85468 0.99561 0.0374556 -0.0857739 10.8898 
-0.0866182 0.0450589 -0.995222 -153.294 -0.0320605 0.998333 0.0479901 3.87357 0.995726 0.0360641 -0.0850292 10.7474 
-0.0848575 0.042487 -0.995487 -154.58 -0.0303331 0.998517 0.045202 3.95288 0.995931 0.034032 -0.0834429 10.5628 
-0.0935074 0.0444996 -0.994624 -155.692 -0.0272586 0.998512 0.0472362 4.01738 0.995245 0.031529 -0.0921552 10.5718 
-0.0956654 0.0509821 -0.994107 -156.829 -0.032707 0.997987 0.0543286 4.04566 0.994876 0.0377117 -0.0938054 10.4733 
-0.095066 0.05026 -0.994201 -158.021 -0.0367671 0.997866 0.0539609 4.09333 0.994792 0.0416838 -0.0930152 10.3368 
-0.0930583 0.0457677 -0.994608 -159.277 -0.0420569 0.997871 0.0498527 4.13836 0.994772 0.0464694 -0.0909353 10.1516 
-0.0910501 0.0409611 -0.995004 -160.511 -0.0417444 0.998119 0.0449093 4.16816 0.994971 0.0456249 -0.0891689 10.0175 
-0.0907828 0.0390236 -0.995106 -161.794 -0.0460054 0.998001 0.0433342 4.22022 0.994808 0.0497143 -0.088806 9.87321 
-0.0899797 0.0355936 -0.995307 -162.991 -0.0405248 0.998403 0.0393679 4.25826 0.995119 0.043877 -0.0883936 9.74891 
-0.0897862 0.0328829 -0.995418 -164.184 -0.0395461 0.998549 0.0365534 4.27284 0.995176 0.042647 -0.0883556 9.61671 
-0.0922172 0.0291036 -0.995314 -165.372 -0.0322593 0.998961 0.0321991 4.30536 0.995216 0.0350775 -0.0911825 9.52678 
-0.0942375 0.0335271 -0.994985 -166.587 -0.0320739 0.998812 0.0366939 4.3014 0.995033 0.035371 -0.0930502 9.39112 
-0.0938357 0.039588 -0.9948 -167.813 -0.0316465 0.998586 0.0427237 4.33152 0.995085 0.035491 -0.0924501 9.2585 
-0.0954018 0.0440409 -0.994464 -168.985 -0.0317437 0.998378 0.0472595 4.34046 0.994933 0.0360767 -0.0938491 9.17203 
-0.0943095 0.039854 -0.994745 -170.218 -0.0314169 0.998582 0.0429863 4.38928 0.995047 0.0353058 -0.0929236 9.05032 
-0.0917185 0.0394493 -0.995003 -171.411 -0.036954 0.998392 0.04299 4.42152 0.995099 0.0407124 -0.0901132 8.8787 
-0.0912954 0.0408757 -0.994985 -172.615 -0.0350214 0.998407 0.0442298 4.45372 0.995208 0.0388837 -0.0897185 8.75137 
-0.0905399 0.0380428 -0.995166 -173.814 -0.0366643 0.998465 0.0415046 4.49079 0.995218 0.0402449 -0.0890061 8.62921 
-0.0893362 0.0365494 -0.995331 -174.975 -0.0339092 0.998636 0.0397143 4.51262 0.995424 0.0372989 -0.0879749 8.51158 
-0.0883619 0.0385731 -0.995341 -176.149 -0.0359733 0.998475 0.0418881 4.53361 0.995439 0.0395071 -0.0868395 8.39383 
-0.0878515 0.0398852 -0.995335 -177.234 -0.0358901 0.998423 0.0431768 4.55402 0.995487 0.0395158 -0.0862815 8.29194 
-0.0898451 0.0411433 -0.995106 -178.271 -0.0354866 0.99838 0.0444826 4.56436 0.995323 0.0393095 -0.0882395 8.20197 
-0.0901572 0.0410953 -0.995079 -179.319 -0.0364609 0.998342 0.0445335 4.6076 0.99526 0.0402965 -0.0885094 8.10781 
-0.092027 0.0420856 -0.994867 -180.231 -0.0348487 0.998358 0.0454568 4.61931 0.995147 0.0388531 -0.0904093 8.07037 
-0.0903497 0.0405112 -0.995086 -181.269 -0.0365553 0.998364 0.0439638 4.64459 0.995239 0.0403479 -0.088721 7.94646 
-0.0899052 0.0408403 -0.995113 -182.225 -0.0349093 0.998416 0.0441298 4.65627 0.995338 0.0387062 -0.0883371 7.85213 
-0.0902636 0.0411349 -0.995068 -183.16 -0.0350046 0.998398 0.0444478 4.68028 0.995303 0.038844 -0.0886791 7.79752 
-0.092804 0.0409847 -0.994841 -184.051 -0.0315785 0.998529 0.0440824 4.67289 0.995184 0.0355066 -0.0913733 7.73427 
-0.0967786 0.0381312 -0.994575 -185.004 -0.0300823 0.998697 0.0412165 4.69437 0.994851 0.033908 -0.0955054 7.62899 
-0.102847 0.035096 -0.994078 -185.871 -0.0282357 0.998872 0.0381865 4.69234 0.994296 0.0319959 -0.10174 7.53765 
-0.108355 0.0312601 -0.993621 -186.76 -0.0306849 0.998924 0.0347732 4.72233 0.993639 0.0342571 -0.10728 7.43416 
-0.115042 0.0299061 -0.99291 -187.608 -0.0327868 0.998888 0.033885 4.74664 0.992819 0.0364526 -0.113934 7.36797 
-0.116874 0.0301652 -0.992689 -188.545 -0.0349679 0.998794 0.0344677 4.77456 0.992531 0.0387406 -0.115679 7.20251 
-0.119609 0.0317976 -0.992312 -189.451 -0.0332625 0.998798 0.0360147 4.79579 0.992264 0.0373145 -0.118408 7.08119 
-0.122552 0.0330353 -0.991912 -190.352 -0.0325941 0.998773 0.0372908 4.82264 0.991927 0.0369006 -0.121325 6.97326 
-0.125007 0.0343058 -0.991563 -191.263 -0.032333 0.99873 0.0386301 4.824 0.991629 0.0368893 -0.123739 6.8692 
-0.127134 0.0345894 -0.991282 -192.137 -0.0335665 0.998669 0.0391522 4.82811 0.991318 0.0382514 -0.125804 6.74563 
-0.128394 0.0331474 -0.991169 -193.037 -0.036102 0.998623 0.0380733 4.84758 0.991066 0.0406716 -0.127021 6.60904 
-0.131905 0.0336789 -0.99069 -193.916 -0.0389767 0.998474 0.0391331 4.84638 0.990496 0.0437757 -0.130391 6.51888 
-0.132439 0.0327808 -0.990649 -194.783 -0.0405143 0.998439 0.0384549 4.84899 0.990363 0.0452284 -0.130904 6.39658 
-0.131775 0.0279896 -0.990884 -195.719 -0.0418967 0.998551 0.0337779 4.89632 0.990394 0.0459659 -0.130412 6.2601 
-0.130365 0.0243516 -0.991167 -196.601 -0.0406982 0.998724 0.0298901 4.92359 0.99063 0.0442354 -0.129207 6.11068 
-0.130721 0.0245068 -0.991116 -197.53 -0.0398435 0.998757 0.0299508 4.93735 0.990618 0.0434048 -0.129582 5.98945 
-0.128825 0.0305641 -0.991196 -198.468 -0.0376121 0.998655 0.0356825 4.9149 0.990954 0.0418778 -0.127502 5.82301 
-0.129683 0.0298293 -0.991107 -199.388 -0.0365573 0.998724 0.034842 4.9533 0.990881 0.0407506 -0.128427 5.69447 
-0.12614 0.0256193 -0.991682 -200.265 -0.0308193 0.999083 0.0297307 4.97189 0.991534 0.0343132 -0.125235 5.50424 
-0.127335 0.0227051 -0.9916 -201.178 -0.0309947 0.999159 0.0268584 4.9917 0.991375 0.0341544 -0.126525 5.38882 
-0.128465 0.0224897 -0.991459 -202.165 -0.0345567 0.999034 0.0271391 5.02414 0.991112 0.037748 -0.127564 5.25406 
-0.127861 0.0276857 -0.991406 -203.098 -0.0355979 0.998838 0.0324843 5.02794 0.991153 0.0394455 -0.126727 5.13714 
-0.127079 0.0268727 -0.991529 -203.982 -0.036432 0.998832 0.03174 5.0346 0.991223 0.0401569 -0.125952 5.03245 
-0.123204 0.0278559 -0.99199 -204.958 -0.0349693 0.998863 0.032392 5.06663 0.991765 0.0386801 -0.122089 4.86616 
-0.122847 0.0305427 -0.991956 -205.895 -0.0316622 0.998897 0.0346776 5.11693 0.99192 0.0356676 -0.121745 4.72991 
-0.122365 0.0359118 -0.991835 -206.844 -0.0279627 0.998824 0.0396147 5.11056 0.992091 0.0325819 -0.121217 4.61165 
-0.122871 0.0368335 -0.991739 -207.853 -0.0267641 0.998825 0.0404126 5.13535 0.992062 0.0315086 -0.121741 4.49902 
-0.118608 0.0363063 -0.992277 -208.877 -0.0301755 0.998738 0.0401497 5.18817 0.992483 0.0347045 -0.117363 4.30792 
-0.116427 0.0369473 -0.992512 -209.855 -0.0321791 0.998643 0.0409504 5.21761 0.992678 0.0367059 -0.11508 4.1903 
-0.113357 0.0375998 -0.992843 -210.837 -0.0328457 0.998596 0.0415678 5.23268 0.993011 0.0373227 -0.111963 4.07064 
-0.111743 0.035285 -0.993111 -211.883 -0.0340448 0.998647 0.0393123 5.26328 0.993154 0.0382031 -0.11039 3.94767 
-0.109501 0.0323063 -0.993462 -212.936 -0.0350706 0.998724 0.036343 5.28676 0.993368 0.0388209 -0.108228 3.81512 
-0.107971 0.0316759 -0.993649 -213.924 -0.0348142 0.998759 0.0356217 5.32084 0.993544 0.0384393 -0.106734 3.68666 
-0.106213 0.0353739 -0.993714 -214.977 -0.0340882 0.99865 0.0391932 5.33107 0.993759 0.0380368 -0.104864 3.55896 
-0.106195 0.0364963 -0.993675 -216.021 -0.0365762 0.998507 0.0405827 5.39247 0.993672 0.0406546 -0.104702 3.46055 
-0.105919 0.0358113 -0.99373 -217.085 -0.0365375 0.998536 0.039879 5.42166 0.993703 0.0405324 -0.104455 3.34314 
-0.106363 0.0316946 -0.993822 -218.106 -0.0357461 0.998724 0.0356766 5.46675 0.993685 0.03932 -0.105094 3.22816 
-0.106447 0.0287286 -0.993903 -219.161 -0.0330789 0.998927 0.0324165 5.49989 0.993768 0.0363279 -0.105383 3.11685 
-0.104555 0.0280662 -0.994123 -220.254 -0.0299634 0.999059 0.0313569 5.5148 0.994068 0.0330659 -0.103616 2.9456 
-0.103692 0.0269848 -0.994243 -221.342 -0.031271 0.999049 0.0303766 5.54433 0.994118 0.0342409 -0.10275 2.79987 
-0.103972 0.0273218 -0.994205 -222.394 -0.0323266 0.999002 0.0308343 5.55715 0.994055 0.0353453 -0.102985 2.67285 
-0.105438 0.0272527 -0.994052 -223.475 -0.032972 0.998979 0.030885 5.58648 0.993879 0.0360323 -0.104431 2.55909 
-0.105557 0.0299618 -0.993962 -224.554 -0.0342089 0.998845 0.0337419 5.6029 0.993825 0.0375641 -0.10441 2.41063 
-0.107623 0.0318256 -0.993682 -225.652 -0.0343145 0.998773 0.0357051 5.61454 0.993599 0.0379404 -0.106399 2.30801 
-0.108133 0.0339468 -0.993557 -226.773 -0.0339005 0.99871 0.0378124 5.62808 0.993558 0.0377709 -0.106843 2.14383 
-0.107205 0.0340103 -0.993655 -227.895 -0.0379458 0.998547 0.0382717 5.66794 0.993513 0.041808 -0.105759 1.97721 
-0.109555 0.0328904 -0.993436 -229.01 -0.0400447 0.998495 0.0374739 5.68649 0.993174 0.0438873 -0.108073 1.84734 
-0.110085 0.0279878 -0.993528 -230.176 -0.0374407 0.998777 0.0322842 5.72214 0.993217 0.0407525 -0.108902 1.67613 
-0.110139 0.0232499 -0.993644 -231.341 -0.0345336 0.999033 0.0272038 5.72812 0.993316 0.0373104 -0.109229 1.50304 
-0.112004 0.0200801 -0.993505 -232.47 -0.0284731 0.99932 0.0234076 5.7176 0.9933 0.0309099 -0.111356 1.37212 
-0.115328 0.0209623 -0.993106 -233.646 -0.022307 0.999471 0.0236871 5.72956 0.993077 0.0248851 -0.114799 1.24689 
-0.117435 0.0242923 -0.992784 -234.835 -0.0186338 0.999471 0.0266601 5.77019 0.992906 0.0216302 -0.11692 1.07845 
-0.120254 0.0282488 -0.992341 -236.031 -0.0166542 0.999397 0.0304678 5.75438 0.992603 0.0201906 -0.119711 0.911604 
-0.122178 0.027484 -0.992128 -237.172 -0.0146107 0.999458 0.0294864 5.7829 0.992401 0.0180983 -0.121711 0.742281 
-0.12532 0.0279677 -0.991722 -238.346 -0.0129186 0.999472 0.0298188 5.79743 0.992032 0.0165486 -0.124893 0.595582 
-0.125875 0.0303916 -0.991581 -239.512 -0.0102911 0.999437 0.0319388 5.78527 0.991993 0.0142248 -0.125491 0.388481 
-0.129138 0.0297777 -0.991179 -240.687 -0.00785432 0.999487 0.0310506 5.80806 0.991596 0.0117949 -0.128838 0.216015 
-0.131943 0.0280967 -0.990859 -241.86 -0.00661133 0.999551 0.0292236 5.82557 0.991235 0.0104068 -0.131698 0.0564825 
-0.134445 0.0287792 -0.990503 -243.038 -0.00685416 0.999527 0.0299717 5.81004 0.990897 0.0108187 -0.134184 -0.120886 
-0.137027 0.0286548 -0.990153 -244.293 -0.00472837 0.999551 0.0295812 5.85671 0.990556 0.00873526 -0.13683 -0.307771 
-0.140119 0.0291543 -0.989705 -245.548 -0.00391991 0.999542 0.029999 5.86281 0.990127 0.00808302 -0.13994 -0.473059 
-0.142617 0.0303528 -0.989312 -246.723 -0.00763492 0.999466 0.031765 5.88186 0.989749 0.0120836 -0.142309 -0.676089 
-0.143724 0.0309694 -0.989133 -247.978 -0.00944209 0.999422 0.0326635 5.92114 0.989573 0.014034 -0.143348 -0.907489 
-0.14671 0.0313534 -0.988682 -249.242 -0.0112175 0.999381 0.0333572 5.9349 0.989116 0.0159844 -0.146268 -1.07785 
-0.149655 0.0306856 -0.988262 -250.465 -0.0131528 0.999368 0.0330222 5.96883 0.988651 0.0179404 -0.149156 -1.27267 
-0.150461 0.0303752 -0.988149 -251.77 -0.0123592 0.999392 0.0326027 6.01184 0.988539 0.0171182 -0.149994 -1.46596 
-0.150421 0.03063 -0.988147 -253.05 -0.0135714 0.999362 0.0330435 6.00391 0.988529 0.018381 -0.149909 -1.67851 
-0.153041 0.031527 -0.987717 -254.23 -0.00945005 0.999399 0.0333641 5.98399 0.988175 0.0144401 -0.152651 -1.81584 
-0.153897 0.03183 -0.987574 -255.446 -0.0102193 0.999376 0.0338029 5.99119 0.988034 0.0152946 -0.153476 -2.01716 
-0.155976 0.0321614 -0.987237 -256.649 -0.00960053 0.999373 0.0340736 6.01263 0.987714 0.0147927 -0.155569 -2.18972 
-0.157004 0.0330091 -0.987046 -257.851 -0.0088626 0.999354 0.0348304 6.0192 0.987558 0.0142163 -0.15661 -2.37658 
-0.157018 0.0330234 -0.987043 -259.07 -0.00856948 0.999358 0.0347987 6.05563 0.987559 0.0139225 -0.156634 -2.59841 
-0.156907 0.0342616 -0.987019 -260.358 -0.00518784 0.999356 0.0355146 6.07075 0.9876 0.010693 -0.156628 -2.83175 
-0.157661 0.0382217 -0.986753 -261.586 -0.000121165 0.99925 0.0387251 6.07871 0.987493 0.00622502 -0.157538 -3.04688 
-0.159166 0.0419644 -0.98636 -262.819 0.00544419 0.999118 0.0416287 6.10822 0.987237 0.00125598 -0.159254 -3.25033 
-0.16002 0.0442595 -0.986121 -264.027 0.00787733 0.99902 0.0435602 6.13171 0.987082 -0.000797473 -0.160212 -3.45994 
-0.1598 0.0430718 -0.986209 -265.215 0.00784914 0.999072 0.0423617 6.15938 0.987118 -0.00097146 -0.15999 -3.68017 
-0.159775 0.0417047 -0.986272 -266.425 0.0074453 0.99913 0.0410423 6.17766 0.987125 -0.000785524 -0.159947 -3.89483 
-0.159692 0.043546 -0.986206 -267.624 0.000625514 0.999031 0.044011 6.20918 0.987167 0.00641137 -0.159565 -4.13786 
-0.159525 0.0485226 -0.986001 -268.881 -0.00415651 0.998749 0.0498225 6.25283 0.987185 0.0120463 -0.159124 -4.39188 
-0.159149 0.047525 -0.98611 -270.097 -0.00792007 0.998747 0.0494123 6.29059 0.987223 0.015674 -0.158573 -4.6334 
-0.159264 0.0413868 -0.986368 -271.287 -0.00760516 0.99904 0.0431464 6.31376 0.987207 0.0143732 -0.158796 -4.84417 
-0.159225 0.03567 -0.986598 -272.528 -0.00475558 0.999308 0.036897 6.35752 0.987231 0.0105668 -0.158945 -5.07558 
-0.159351 0.0345396 -0.986618 -273.748 0.00143099 0.999395 0.0347558 6.39861 0.987221 0.00412657 -0.159304 -5.28852 
-0.15863 0.0367169 -0.986655 -274.945 0.00465228 0.999325 0.0364404 6.42018 0.987327 0.00119039 -0.158694 -5.494 
-0.15592 0.0389461 -0.987002 -276.177 0.00503776 0.999241 0.0386332 6.44143 0.987757 0.00105145 -0.155998 -5.73581 
-0.156171 0.0414461 -0.98686 -277.369 0.00450387 0.999139 0.041249 6.46275 0.98772 0.00199727 -0.156224 -5.93773 
-0.155446 0.0418147 -0.986959 -278.557 0.00519983 0.999125 0.0415111 6.49721 0.987831 0.00132074 -0.155527 -6.14727 
-0.155726 0.0438214 -0.986828 -279.797 0.00734183 0.999039 0.0432051 6.49218 0.987773 -0.00051692 -0.155898 -6.3512 
-0.1562 0.0429657 -0.986791 -281.069 0.00659132 0.999077 0.0424573 6.52866 0.987703 0.000127615 -0.156339 -6.51601 
-0.155182 0.0424602 -0.986973 -282.241 0.00355691 0.999093 0.0424224 6.53771 0.98788 0.00307266 -0.155193 -6.75248 
-0.154461 0.040021 -0.987188 -283.426 0.00410305 0.999197 0.0398659 6.59418 0.98799 0.0021073 -0.154502 -6.98084 
-0.154202 0.0387764 -0.987278 -284.627 0.00319365 0.999244 0.0387475 6.63457 0.988034 0.00282198 -0.15421 -7.19508 
-0.154285 0.0393587 -0.987242 -285.829 0.00400637 0.999223 0.0392102 6.65275 0.988018 0.00209434 -0.154323 -7.39057 
-0.152354 0.0382343 -0.987586 -287.068 0.00339744 0.999266 0.0381623 6.70851 0.98832 0.00245896 -0.152372 -7.63732 
-0.152794 0.0380108 -0.987527 -288.213 0.0034479 0.999275 0.0379296 6.73479 0.988252 0.00239057 -0.152815 -7.82338 
-0.153515 0.0366893 -0.987465 -289.409 0.00219778 0.999321 0.0367882 6.76876 0.988144 0.00347733 -0.153491 -8.02096 
-0.153352 0.0329349 -0.987623 -290.642 0.00281918 0.999455 0.0328917 6.82476 0.988168 0.00225975 -0.153361 -8.25877 
-0.155873 0.0312001 -0.987284 -291.742 0.00194257 0.999509 0.0312797 6.81884 0.987775 0.00295783 -0.155857 -8.40413 
-0.156391 0.0287981 -0.987275 -292.891 -0.00122632 0.999568 0.029351 6.84585 0.987694 0.00580099 -0.156288 -8.62657 
-0.157043 0.0288407 -0.987171 -294.056 -0.00440191 0.999543 0.0299025 6.8587 0.987582 0.00904146 -0.156845 -8.8346 
-0.158096 0.0305681 -0.986951 -295.262 -0.00647719 0.999467 0.0319934 6.8669 0.987403 0.0114507 -0.157813 -9.03543 
-0.156741 0.0311989 -0.987147 -296.471 -0.0107075 0.999389 0.0332859 6.88131 0.987582 0.0157872 -0.156311 -9.31763 
-0.156852 0.030275 -0.987158 -297.661 -0.0134697 0.999372 0.0327898 6.90923 0.98753 0.0184399 -0.156346 -9.56296 
-0.158087 0.0266073 -0.987067 -298.964 -0.0130787 0.999493 0.029037 6.9579 0.987339 0.0175 -0.157659 -9.74171 
-0.159593 0.0248171 -0.986871 -300.16 -0.00913947 0.999604 0.0266153 6.96654 0.987141 0.0132671 -0.159303 -9.9459 
-0.161481 0.0247268 -0.986566 -301.363 -0.00664396 0.999636 0.0261419 6.9851 0.986854 0.0107762 -0.161258 -10.1518 
-0.165128 0.028846 -0.98585 -302.594 -0.00436489 0.999541 0.0299777 6.97636 0.986262 0.00925333 -0.164927 -10.3299 
-0.166268 0.0309895 -0.985594 -303.886 -0.00266382 0.999488 0.0318758 6.99086 0.986077 0.00792542 -0.166101 -10.5508 
