1 -4.23778e-08 4.22719e-08 0 -4.23778e-08 1 -4.19404e-08 0 4.22719e-08 -4.19404e-08 1 0 
0.999991 -0.00264582 -0.003159 -0.0123103 0.00263958 0.999995 -0.0019513 -0.00700805 0.00316423 0.00194286 0.999993 0.672747 
0.999972 -0.00133709 -0.00740697 -0.0269577 0.00131059 0.999993 -0.00357015 -0.00967724 0.00741178 0.00356025 0.999966 1.37202 
0.999936 -0.0014777 -0.0112274 -0.0499305 0.00142084 0.999986 -0.00506365 -0.0120931 0.0112348 0.00504729 0.999924 2.08587 
0.999867 -0.000278383 -0.016287 -0.0722788 0.000186351 0.999984 -0.00564672 -0.0177252 0.0162884 0.00564285 0.999851 2.81486 
0.999776 -0.00131121 -0.0211242 -0.092008 0.00118712 0.999982 -0.00588166 -0.0260662 0.0211316 0.00585518 0.999759 3.5657 
0.999668 0.000454797 -0.0257531 -0.124302 -0.00064371 0.999973 -0.00732449 -0.0297404 0.0257491 0.00733855 0.999641 4.33038 
0.999521 0.00326915 -0.0307819 -0.16121 -0.00351274 0.999963 -0.00785966 -0.0404358 0.0307552 0.00796394 0.999495 5.10791 
0.999373 0.00345033 -0.0352429 -0.197904 -0.00367575 0.999973 -0.00633119 -0.0484332 0.0352202 0.00645668 0.999359 5.90102 
0.999201 0.00252028 -0.0398963 -0.238313 -0.00265465 0.999991 -0.0033133 -0.062676 0.0398877 0.00341648 0.999198 6.70528 
0.999057 0.00205247 -0.043356 -0.28485 -0.00208809 0.999997 -0.000774492 -0.0704677 0.0433544 0.000864208 0.999059 7.52531 
0.99893 0.003301 -0.0461176 -0.335513 -0.00336787 0.999993 -0.0013706 -0.078112 0.0461128 0.00152437 0.998935 8.34813 
0.998818 0.0026453 -0.048538 -0.386307 -0.00271864 0.999995 -0.00144323 -0.0856203 0.048534 0.0015734 0.99882 9.17274 
0.998741 -5.19241e-05 -0.0501541 -0.436916 -5.30647e-05 0.999998 -0.00209034 -0.0912836 0.0501542 0.00209029 0.998739 10.0058 
0.998621 -1.47677e-05 -0.0524961 -0.487146 -5.47484e-05 0.999999 -0.0013212 -0.0995239 0.0524961 0.00132217 0.99862 10.8517 
0.998543 -0.001595 -0.0539413 -0.542561 0.00152194 0.999998 -0.00139403 -0.11053 0.0539435 0.00130982 0.998543 11.7078 
0.998448 0.000654038 -0.055693 -0.60379 -0.000871506 0.999992 -0.00387907 -0.11889 0.0556901 0.0039215 0.99844 12.5659 
0.998372 0.00120394 -0.0570172 -0.669592 -0.0015709 0.999978 -0.00639011 -0.128047 0.0570083 0.00646919 0.998353 13.4368 
0.99825 0.00486803 -0.0589377 -0.734422 -0.00534234 0.999955 -0.00789143 -0.141179 0.0588967 0.0081924 0.99823 14.3248 
0.998197 0.00575472 -0.0597492 -0.805748 -0.0062172 0.999952 -0.00755587 -0.15498 0.059703 0.00791363 0.998185 15.2072 
0.998111 0.00465305 -0.0612643 -0.869244 -0.00503467 0.999969 -0.00607491 -0.16651 0.0612342 0.00637179 0.998103 16.1031 
0.998016 0.00535341 -0.0627326 -0.938013 -0.0056463 0.999974 -0.00449115 -0.181591 0.062707 0.00483636 0.99802 17.0047 
0.997956 0.00495328 -0.0637137 -1.00696 -0.00524453 0.999976 -0.00440362 -0.19452 0.0636905 0.00472868 0.997958 17.9096 
0.99784 0.00489088 -0.0655139 -1.07291 -0.00525069 0.999972 -0.00531982 -0.207569 0.0654861 0.00565223 0.997837 18.8127 
0.997762 0.00345769 -0.0667811 -1.14033 -0.00386566 0.999975 -0.00597958 -0.219924 0.0667588 0.00622427 0.99775 19.7269 
0.997714 0.0033456 -0.06749 -1.20931 -0.0036449 0.999984 -0.00431084 -0.230703 0.0674746 0.00454689 0.997711 20.6543 
0.997726 0.00446864 -0.0672495 -1.29247 -0.0045254 0.999989 -0.000690582 -0.247483 0.0672458 0.000993257 0.997736 21.5824 
0.997769 0.00535694 -0.0665494 -1.3666 -0.00516185 0.999982 0.00310434 -0.257702 0.0665649 -0.00275398 0.997778 22.5209 
0.997875 0.00438252 -0.065008 -1.43636 -0.00400205 0.999974 0.00598293 -0.26277 0.0650326 -0.00571013 0.997867 23.4615 
0.997974 0.0044906 -0.0634607 -1.5065 -0.00406659 0.999968 0.00681042 -0.268537 0.0634893 -0.00653865 0.997961 24.4036 
0.99805 0.00484831 -0.0622356 -1.57569 -0.00460922 0.999981 0.00398594 -0.27291 0.0622538 -0.0036914 0.998053 25.3519 
0.998096 0.00552486 -0.0614328 -1.64668 -0.00558449 0.999984 -0.000797778 -0.280172 0.0614275 0.00113924 0.998111 26.2978 
0.998176 0.00478075 -0.0601852 -1.71618 -0.005019 0.99998 -0.00380669 -0.287375 0.0601659 0.00410173 0.99818 27.2516 
0.998238 0.00226137 -0.0592945 -1.78938 -0.00243149 0.999993 -0.0027957 -0.29722 0.0592878 0.00293487 0.998237 28.2167 
0.99822 0.000444562 -0.0596433 -1.85602 -0.000320503 0.999998 0.00209095 -0.304461 0.0596441 -0.00206819 0.998217 29.1909 
0.998161 -0.00338363 -0.0605154 -1.91812 0.00372939 0.999977 0.00560291 -0.318497 0.0604952 -0.00581838 0.998151 30.1661 
0.998041 -0.0109247 -0.0615998 -1.98277 0.0112609 0.999923 0.00511487 -0.32765 0.0615393 -0.0057986 0.998088 31.1458 
0.997946 -0.0130192 -0.062721 -2.05941 0.0131295 0.999913 0.00134731 -0.336182 0.0626981 -0.00216812 0.99803 32.1097 
0.997864 -0.0128509 -0.0640538 -2.13523 0.0127019 0.999916 -0.00273193 -0.345577 0.0640836 0.00191241 0.997943 33.0912 
0.997741 -0.0113166 -0.0662223 -2.21568 0.0111195 0.999933 -0.00334341 -0.357274 0.0662557 0.00259941 0.997799 34.0797 
0.997712 -0.0112639 -0.0666661 -2.29909 0.0111492 0.999936 -0.00209213 -0.368016 0.0666854 0.00134398 0.997773 35.071 
0.997641 -0.0080809 -0.0681633 -2.38583 0.00813404 0.999967 0.000503299 -0.379042 0.068157 -0.00105664 0.997674 36.0719 
0.997569 -0.00801707 -0.0692276 -2.46739 0.00815662 0.999965 0.00173446 -0.39004 0.0692113 -0.00229499 0.997599 37.0652 
0.997499 -0.00647222 -0.0703889 -2.55043 0.00678648 0.999968 0.00422763 -0.397859 0.0703594 -0.00469484 0.997511 38.0657 
0.99752 -0.00670825 -0.0700576 -2.63356 0.00721806 0.999949 0.00702755 -0.400538 0.0700069 -0.00751589 0.997518 39.0596 
0.997496 -0.000734197 -0.0707166 -2.72609 0.00139352 0.999956 0.00927575 -0.406993 0.0707068 -0.00935116 0.997453 40.0554 
0.99749 -0.000958027 -0.070796 -2.81428 0.00157757 0.999961 0.00869691 -0.413208 0.070785 -0.00878686 0.997453 41.0528 
0.997499 -0.000736994 -0.0706765 -2.89651 0.0012293 0.999975 0.00692348 -0.417565 0.0706697 -0.00699314 0.997475 42.0535 
0.997497 0.00141062 -0.0706865 -2.98623 -0.00108238 0.999988 0.0046828 -0.423315 0.0706924 -0.00459466 0.997488 43.0577 
0.997431 0.00107022 -0.0716198 -3.06765 -0.000733186 0.999988 0.00473312 -0.432365 0.0716241 -0.00466854 0.997421 44.0482 
0.997324 -0.000994952 -0.0731049 -3.1477 0.00142514 0.999982 0.00583374 -0.437166 0.0730979 -0.0059224 0.997307 45.043 
0.99726 -0.000420737 -0.0739795 -3.23002 0.000937907 0.999975 0.00695722 -0.448174 0.0739748 -0.00700763 0.997235 46.0261 
0.997232 0.00196621 -0.0743286 -3.31577 -0.00172823 0.999993 0.00326696 -0.457809 0.0743346 -0.00312954 0.997228 47.0008 
0.997151 0.00253252 -0.0753901 -3.40045 -0.00261754 0.999996 -0.00102779 -0.463348 0.0753873 0.00122211 0.997154 47.9716 
0.997098 0.00358184 -0.0760381 -3.48753 -0.00377265 0.99999 -0.0023648 -0.473652 0.076029 0.00264471 0.997102 48.9476 
0.997098 0.00224968 -0.0760976 -3.57558 -0.00216209 0.999997 0.00123447 -0.490762 0.0761003 -0.00106645 0.9971 49.9256 
0.997085 0.000235162 -0.0763034 -3.6574 9.43979e-05 0.999991 0.0043165 -0.502752 0.0763038 -0.0043112 0.997075 50.8987 
0.997068 -0.00173733 -0.076494 -3.74092 0.00213477 0.999985 0.00511526 -0.513881 0.076484 -0.00526365 0.997057 51.8649 
0.997038 -0.00506684 -0.0767467 -3.82525 0.00538587 0.999978 0.00395166 -0.525345 0.0767251 -0.00435339 0.997043 52.826 
0.996993 -0.00761237 -0.0771116 -3.90596 0.00784237 0.999966 0.00268137 -0.53617 0.0770886 -0.00327813 0.997019 53.7845 
0.99689 -0.00929281 -0.0782599 -3.98988 0.00961395 0.999947 0.00372886 -0.542991 0.0782211 -0.00446973 0.996926 54.7375 
0.996761 -0.0123875 -0.0794638 -4.07073 0.0130491 0.999884 0.00781305 -0.549847 0.0793579 -0.00882476 0.996807 55.6888 
0.996693 -0.0131825 -0.08018 -4.15639 0.0142577 0.999816 0.0128527 -0.554671 0.0799958 -0.0139534 0.996697 56.6396 
0.996676 -0.0115337 -0.0806472 -4.24764 0.012781 0.999806 0.0149676 -0.556554 0.0804591 -0.0159487 0.99663 57.5902 
0.99657 -0.0105298 -0.082083 -4.33644 0.0114777 0.999873 0.0110859 -0.562123 0.0819559 -0.0119901 0.996564 58.5264 
0.996462 -0.00911626 -0.0835429 -4.42529 0.00941652 0.99995 0.00320167 -0.564999 0.0835097 -0.00397711 0.996499 59.4462 
0.996399 -0.00748169 -0.0844622 -4.51403 0.00735797 0.999971 -0.00177513 -0.572449 0.0844732 0.00114718 0.996425 60.3573 
0.996343 -0.00252549 -0.0854061 -4.60967 0.00245408 0.999996 -0.000940217 -0.584584 0.0854082 0.000727098 0.996346 61.2591 
0.996227 9.36175e-05 -0.0867831 -4.70251 1.9668e-05 0.999999 0.00130546 -0.596997 0.0867832 -0.00130233 0.996226 62.1628 
0.996151 0.00260045 -0.0876101 -4.79701 -0.00235661 0.999993 0.00288755 -0.611584 0.0876171 -0.00267006 0.996151 63.0481 
0.996048 0.00353832 -0.0887476 -4.88739 -0.00332174 0.999991 0.00258886 -0.625549 0.088756 -0.00228392 0.996051 63.9132 
0.995905 0.00556177 -0.0902288 -4.98045 -0.00528087 0.99998 0.00335256 -0.636411 0.0902458 -0.00286244 0.995915 64.7729 
0.995765 0.00647053 -0.0917083 -5.07008 -0.00612955 0.999973 0.00400009 -0.649232 0.0917318 -0.00342111 0.995778 65.6129 
0.995627 0.00631373 -0.0932085 -5.15653 -0.0059254 0.999972 0.00444332 -0.659284 0.0932341 -0.00387167 0.995637 66.4373 
0.995492 0.00594228 -0.0946574 -5.23949 -0.00544372 0.99997 0.00552521 -0.667167 0.0946875 -0.0049851 0.995494 67.2458 
0.995349 0.00884728 -0.0959222 -5.33204 -0.00809955 0.999934 0.00818255 -0.675405 0.0959883 -0.00736766 0.995355 68.0432 
0.995203 0.0101936 -0.0972974 -5.42047 -0.00904117 0.999884 0.0122785 -0.682897 0.0974114 -0.01134 0.99518 68.8354 
0.995014 0.0133959 -0.0988331 -5.51848 -0.0120795 0.99983 0.0139065 -0.689622 0.0990027 -0.0126434 0.995007 69.6093 
0.99486 0.0158554 -0.100013 -5.61214 -0.0149627 0.999841 0.00967045 -0.689572 0.100151 -0.00812435 0.994939 70.3542 
0.994723 0.0157877 -0.101372 -5.69813 -0.0156599 0.999875 0.00205748 -0.691027 0.101392 -0.00045923 0.994846 71.0794 
0.994597 0.015146 -0.102699 -5.78273 -0.0156009 0.999872 -0.00362717 -0.701795 0.102631 0.00520968 0.994706 71.7763 
0.994554 0.0160644 -0.102978 -5.86897 -0.0166655 0.999849 -0.00497893 -0.706604 0.102883 0.00666791 0.994671 72.4702 
0.994403 0.0187567 -0.103975 -5.95296 -0.0190285 0.999818 -0.00162169 -0.717267 0.103925 0.00359101 0.994579 73.1487 
0.994261 0.0188354 -0.105312 -6.03563 -0.0188639 0.999822 0.000725795 -0.734101 0.105307 0.00126487 0.994439 73.8112 
0.994223 0.0156956 -0.106175 -6.11328 -0.0160558 0.999868 -0.0025374 -0.748565 0.106122 0.00422739 0.994344 74.4478 
0.994294 0.00759173 -0.106399 -6.17272 -0.00845498 0.999935 -0.00766378 -0.760096 0.106334 0.00851956 0.994294 75.0707 
0.994427 0.00352716 -0.105369 -6.24028 -0.00484707 0.999913 -0.0122724 -0.776694 0.105316 0.0127146 0.994357 75.6681 
0.994712 0.00598925 -0.102524 -6.30425 -0.00731295 0.999895 -0.0125393 -0.788229 0.102438 0.0132227 0.994651 76.2549 
0.995088 0.0109172 -0.0983909 -6.37562 -0.0119185 0.999883 -0.00959323 -0.803246 0.0982748 0.0107187 0.995102 76.8309 
0.995553 0.00932008 -0.0937354 -6.43458 -0.00998658 0.999928 -0.00664301 -0.812149 0.0936668 0.00754948 0.995575 77.3898 
0.996089 0.00561582 -0.0881726 -6.47766 -0.0058433 0.99998 -0.00232118 -0.827125 0.0881579 0.00282723 0.996102 77.9369 
0.996788 0.00126933 -0.0800694 -6.51476 -0.00117007 0.999998 0.00128763 -0.842816 0.080071 -0.0011899 0.996788 78.4648 
0.997572 0.00493622 -0.0694601 -6.55466 -0.00488329 0.999988 0.000932911 -0.848876 0.0694639 -0.000591539 0.997584 78.9836 
0.998475 0.0101319 -0.0542611 -6.59033 -0.0101251 0.999949 0.00040123 -0.857544 0.0542624 0.000148697 0.998527 79.4874 
0.999228 0.015173 -0.0362419 -6.61095 -0.0151509 0.999885 0.000885348 -0.864674 0.0362512 -0.000335651 0.999343 79.9811 
0.999808 0.0134436 -0.0142609 -6.60602 -0.0134249 0.999909 0.00141034 -0.870466 0.0142786 -0.0012187 0.999897 80.463 
0.999874 0.0100343 0.0122583 -6.58713 -0.0100656 0.999946 0.00248434 -0.879422 -0.0122326 -0.0026075 0.999922 80.9276 
0.999086 0.0089423 0.0417976 -6.54937 -0.00911448 0.999951 0.00392859 -0.885802 -0.0417603 -0.00430604 0.999118 81.3827 
0.997161 0.00849352 0.0748148 -6.49724 -0.00892617 0.999945 0.00544937 -0.895613 -0.0747643 -0.00610179 0.997182 81.8314 
0.993643 0.0084464 0.112257 -6.42503 -0.00918252 0.99994 0.00604129 -0.902321 -0.112199 -0.00703377 0.993661 82.2691 
0.98802 0.00868662 0.154078 -6.33942 -0.00973039 0.999934 0.00602088 -0.906227 -0.154015 -0.00744807 0.98804 82.6926 
0.979909 0.00842617 0.199267 -6.23185 -0.0098267 0.999933 0.00603997 -0.913662 -0.199203 -0.00787684 0.979927 83.1021 
0.968634 0.0106794 0.24826 -6.10489 -0.0120482 0.999919 0.00399465 -0.923252 -0.248197 -0.00686051 0.968685 83.4972 
0.953401 0.011799 0.301477 -5.95717 -0.0126912 0.999919 0.00100064 -0.930844 -0.30144 -0.00478019 0.953473 83.874 
0.933932 0.011924 0.357253 -5.78433 -0.0124241 0.999922 -0.000895533 -0.940542 -0.357236 -0.00360224 0.934007 84.2339 
0.910007 0.0125013 0.414405 -5.58981 -0.0124534 0.999918 -0.00281776 -0.9468 -0.414406 -0.00259664 0.910088 84.5748 
0.881285 0.0126354 0.472416 -5.37779 -0.0118005 0.999919 -0.00473065 -0.953024 -0.472437 -0.00140577 0.881363 84.8966 
0.848009 0.0109459 0.529869 -5.14636 -0.00875987 0.99994 -0.0066372 -0.963112 -0.529909 0.000986771 0.848054 85.1944 
0.811257 0.0106617 0.584593 -4.89696 -0.00750629 0.999941 -0.00782021 -0.972954 -0.584642 0.00195602 0.811289 85.4754 
0.771219 0.0092156 0.636504 -4.63212 -0.00653363 0.999957 -0.00656155 -0.984352 -0.636537 0.000901662 0.771246 85.7425 
0.728104 0.00887854 0.685409 -4.35316 -0.00799251 0.999958 -0.00446286 -0.991542 -0.68542 -0.00222876 0.728144 85.9958 
0.682437 0.00772377 0.730904 -4.06011 -0.00735861 0.999966 -0.00369656 -1.00165 -0.730908 -0.00285581 0.68247 86.2251 
0.635405 0.00651545 0.772152 -3.75354 -0.00425116 0.999979 -0.00493971 -1.00867 -0.772167 -0.000143856 0.635419 86.4301 
0.588072 0.00391067 0.808799 -3.43273 0.00143764 0.999982 -0.00588049 -1.0155 -0.808807 0.00462089 0.588056 86.6136 
0.540772 0.00609028 0.841147 -3.10963 -0.000595346 0.999976 -0.00685765 -1.02481 -0.841169 0.00320763 0.540763 86.7884 
0.492965 0.0089789 0.870003 -2.78259 -0.00456534 0.99996 -0.00773341 -1.03547 -0.870037 -0.00015958 0.492986 86.9475 
0.447013 0.0111984 0.894457 -2.45194 -0.00533628 0.999937 -0.00985228 -1.04398 -0.894512 -0.000368998 0.447044 87.0841 
0.404454 0.00859632 0.914518 -2.10438 0.00201566 0.999945 -0.0102909 -1.04947 -0.914556 0.00600553 0.404415 87.1959 
0.364778 0.000940185 0.931094 -1.74465 0.0172924 0.99982 -0.0077844 -1.05192 -0.930934 0.0189404 0.364696 87.2852 
0.329188 -0.00253314 0.944261 -1.38671 0.0213935 0.99976 -0.00477629 -1.055 -0.944022 0.0217734 0.329163 87.3773 
0.295846 0.00168059 0.955234 -1.02725 0.0187019 0.999797 -0.00755125 -1.06081 -0.955053 0.0200987 0.295754 87.4729 
0.264649 0.0094066 0.964299 -0.663255 0.0078492 0.999898 -0.0119082 -1.075 -0.964313 0.0107204 0.264548 87.5746 
0.236296 0.0138791 0.971582 -0.287419 0.003105 0.999882 -0.0150386 -1.09204 -0.971676 0.00657032 0.236225 87.6601 
0.210604 0.0156188 0.977446 0.105893 0.00451156 0.999846 -0.0169489 -1.1056 -0.977561 0.00797931 0.210502 87.7279 
0.18716 0.0168876 0.982184 0.507957 0.011761 0.999742 -0.0194307 -1.11628 -0.982259 0.0151881 0.186913 87.7819 
0.166935 0.0231508 0.985696 0.919916 0.0188089 0.999468 -0.0266598 -1.11565 -0.985788 0.0229903 0.166411 87.8296 
0.147347 0.029944 0.988631 1.33433 0.0213212 0.999213 -0.0334423 -1.11533 -0.988855 0.0260064 0.146592 87.8782 
0.129715 0.0306702 0.991077 1.77018 0.0189856 0.999261 -0.0334084 -1.12924 -0.99137 0.0231498 0.129036 87.9343 
0.114466 0.0262187 0.993081 2.22568 0.0174028 0.999445 -0.0283928 -1.15234 -0.993275 0.0205324 0.113946 87.9833 
0.0999388 0.0230537 0.994726 2.69379 0.0175685 0.999535 -0.0249303 -1.1709 -0.994838 0.0199673 0.0994873 88.0267 
0.0868967 0.020488 0.996007 3.17053 0.0200787 0.999549 -0.0223127 -1.18887 -0.996015 0.0219374 0.0864462 88.0579 
0.0750244 0.0197337 0.996986 3.66591 0.0238855 0.999482 -0.0215806 -1.20182 -0.996896 0.0254326 0.0745142 88.0945 
0.0649422 0.0203076 0.997682 4.1758 0.0271584 0.999387 -0.0221101 -1.21626 -0.997519 0.0285313 0.0643508 88.1199 
0.0570728 0.0208534 0.998152 4.70542 0.0289579 0.999327 -0.0225338 -1.23244 -0.99795 0.0301905 0.0564305 88.1482 
0.0515038 0.0212525 0.998447 5.25738 0.0310608 0.999256 -0.0228721 -1.24542 -0.99819 0.0321905 0.0508053 88.1757 
0.0459938 0.0222875 0.998693 5.81912 0.0324709 0.999189 -0.0237941 -1.2623 -0.998414 0.0335229 0.0452328 88.2022 
0.0399432 0.0229555 0.998938 6.40228 0.0330569 0.999158 -0.0242825 -1.279 -0.998655 0.0339917 0.0391507 88.2285 
0.0356745 0.0230669 0.999097 6.99988 0.0353239 0.99908 -0.0243279 -1.29633 -0.998739 0.0361599 0.0348269 88.2486 
0.0328618 0.0230231 0.999195 7.61716 0.0369343 0.999024 -0.0242339 -1.31454 -0.998777 0.037701 0.0319794 88.2696 
0.029928 0.0225953 0.999297 8.2672 0.0378444 0.999002 -0.0237221 -1.33345 -0.998835 0.0385277 0.029043 88.2856 
0.0274376 0.0220887 0.999379 8.92448 0.0398748 0.998936 -0.0231738 -1.35332 -0.998828 0.0404859 0.0265276 88.3105 
0.0269301 0.0216446 0.999403 9.60037 0.0445318 0.998747 -0.0228304 -1.37257 -0.998645 0.04512 0.0259325 88.3283 
0.0280211 0.0214678 0.999377 10.2929 0.0480148 0.998586 -0.0227972 -1.39043 -0.998453 0.0486237 0.0269507 88.3491 
0.030537 0.0214116 0.999304 11.0046 0.0498446 0.998494 -0.0229175 -1.41216 -0.99829 0.0505097 0.0294238 88.3757 
0.0343216 0.0213766 0.999182 11.7239 0.052404 0.998357 -0.0231591 -1.43232 -0.998036 0.0531561 0.033145 88.4106 
0.0386487 0.0209506 0.999033 12.4581 0.0527243 0.998345 -0.0229759 -1.45354 -0.997861 0.0535613 0.0374801 88.4484 
0.0426391 0.0192253 0.998905 13.213 0.0543999 0.998287 -0.0215356 -1.47518 -0.997608 0.0552586 0.0415202 88.49 
0.0467589 0.017837 0.998747 13.9811 0.0541811 0.998323 -0.0203661 -1.49382 -0.997436 0.0550655 0.0457141 88.5344 
0.0509693 0.0157684 0.998576 14.7707 0.0510832 0.998525 -0.0183751 -1.51533 -0.997393 0.051947 0.0500887 88.5872 
0.0549384 0.014996 0.998377 15.5733 0.0501684 0.998583 -0.0177598 -1.5326 -0.997229 0.0510627 0.0541082 88.6462 
0.0590847 0.0159838 0.998125 16.3784 0.0474982 0.998694 -0.0188047 -1.55573 -0.997122 0.0485202 0.0582483 88.7081 
0.0623223 0.0202198 0.997851 17.186 0.045522 0.998697 -0.0230801 -1.57928 -0.997017 0.0468626 0.0613206 88.7705 
0.0634938 0.0255902 0.997654 17.9928 0.0395487 0.998821 -0.0281373 -1.60952 -0.997198 0.0412424 0.0624069 88.8453 
0.0634738 0.028873 0.997566 18.8153 0.0368669 0.998831 -0.0312555 -1.63608 -0.997302 0.038761 0.0623351 88.9079 
0.0637559 0.0283632 0.997562 19.6282 0.0347402 0.998927 -0.0306223 -1.66926 -0.997361 0.0366079 0.0627022 88.9717 
0.0639095 0.0266934 0.997599 20.4544 0.0320401 0.999072 -0.0287855 -1.7034 -0.997441 0.0338028 0.062995 89.0372 
0.0638496 0.0254545 0.997635 21.2824 0.0328696 0.999079 -0.0275952 -1.73754 -0.997418 0.0345538 0.0629541 89.0974 
0.0640824 0.0249744 0.997632 22.1005 0.0302941 0.999177 -0.0269591 -1.76988 -0.997485 0.0319499 0.0632731 89.1678 
0.0641531 0.0252491 0.997621 22.9188 0.0285959 0.999223 -0.0271286 -1.80486 -0.99753 0.0302683 0.0633812 89.2349 
0.0644418 0.0259615 0.997584 23.7388 0.0256245 0.999289 -0.0276613 -1.8379 -0.997592 0.0273451 0.0637307 89.2997 
0.063319 0.0274099 0.997617 24.5553 0.0228051 0.999322 -0.0289043 -1.86999 -0.997733 0.0245809 0.062651 89.3653 
0.0606836 0.0270401 0.997791 25.3728 0.0195008 0.99941 -0.02827 -1.90372 -0.997966 0.0211733 0.0601205 89.4276 
0.0569228 0.0258484 0.998044 26.188 0.0170558 0.999494 -0.0268588 -1.93629 -0.998233 0.0185513 0.0564531 89.486 
0.0520937 0.0235806 0.998364 27.0016 0.0151316 0.999588 -0.0243992 -1.96819 -0.998527 0.0163779 0.0517155 89.542 
0.0457618 0.0215689 0.998719 27.8117 0.0129475 0.99967 -0.0221827 -2.001 -0.998868 0.0139461 0.0454675 89.5898 
0.0384518 0.0218226 0.999022 28.6213 0.0126409 0.999671 -0.0223234 -2.03231 -0.99918 0.0134869 0.0381633 89.6295 
0.03005 0.0227128 0.99929 29.4255 0.0126751 0.999653 -0.0231022 -2.06308 -0.999468 0.0133603 0.0297517 89.6595 
0.0199481 0.0233369 0.999529 30.228 0.0130824 0.999636 -0.0236006 -2.08797 -0.999715 0.0135471 0.0196355 89.6833 
0.00979157 0.0222312 0.999705 31.0284 0.014391 0.999646 -0.0223709 -2.11796 -0.999848 0.0146058 0.00946817 89.6973 
-0.000982728 0.021299 0.999773 31.8206 0.0135264 0.999682 -0.0212839 -2.14901 -0.999908 0.0135024 -0.00127051 89.7041 
-0.0120059 0.0204893 0.999718 32.6083 0.0148935 0.999683 -0.0203098 -2.17669 -0.999817 0.0146455 -0.0123073 89.6981 
-0.0229742 0.0208474 0.999519 33.3909 0.0152068 0.999674 -0.0205012 -2.20531 -0.99962 0.0147285 -0.0232838 89.6853 
-0.0340025 0.0212819 0.999195 34.1689 0.0154297 0.999665 -0.0207669 -2.23562 -0.999303 0.0147112 -0.0343195 89.6642 
-0.0445235 0.0224682 0.998756 34.9441 0.0151314 0.999647 -0.0218138 -2.26305 -0.998894 0.0141414 -0.0448478 89.634 
-0.0547759 0.0234963 0.998222 35.7106 0.0159424 0.999616 -0.0226544 -2.29006 -0.998371 0.0146731 -0.0551295 89.5964 
-0.0638667 0.0241541 0.997666 36.4549 0.0169649 0.999589 -0.0231147 -2.3169 -0.997814 0.015449 -0.0642502 89.5388 
-0.0736471 0.024584 0.996981 37.2055 0.0173607 0.999576 -0.0233657 -2.34586 -0.997133 0.0155875 -0.0740427 89.4885 
-0.0829724 0.0250339 0.996237 37.9517 0.0181235 0.999557 -0.023608 -2.37284 -0.996387 0.0160965 -0.0833894 89.4309 
-0.0914081 0.024401 0.995514 38.6935 0.0192586 0.999556 -0.0227319 -2.40265 -0.995627 0.0170943 -0.0918374 89.365 
-0.0987199 0.0234575 0.994839 39.4216 0.0214444 0.99954 -0.0214405 -2.42695 -0.994884 0.0192171 -0.0991775 89.2964 
-0.104083 0.0217992 0.99433 40.1417 0.0240664 0.999522 -0.0193939 -2.45369 -0.994277 0.0219114 -0.104558 89.2288 
-0.107717 0.020247 0.993975 40.858 0.0271442 0.99948 -0.0174176 -2.47845 -0.993811 0.0251045 -0.108211 89.1522 
-0.110266 0.0191137 0.993718 41.5662 0.0287289 0.999459 -0.0160363 -2.50257 -0.993487 0.0267802 -0.110756 89.0761 
-0.112064 0.0182541 0.993533 42.2565 0.0290843 0.999463 -0.0150826 -2.52658 -0.993275 0.027206 -0.112535 89.004 
-0.11289 0.0188667 0.993428 42.9371 0.0298676 0.999432 -0.0155867 -2.5477 -0.993158 0.0279117 -0.113389 88.9345 
-0.112058 0.0198675 0.993503 43.5927 0.0307872 0.999389 -0.0165127 -2.57089 -0.993225 0.0287368 -0.112601 88.8695 
-0.109115 0.0214514 0.993798 44.2339 0.0317492 0.999332 -0.018085 -2.59474 -0.993522 0.0295789 -0.109724 88.8041 
-0.103944 0.0219643 0.99434 44.858 0.0318859 0.999316 -0.0187411 -2.61538 -0.994072 0.0297574 -0.104574 88.7502 
-0.0959467 0.0227055 0.995127 45.4658 0.0310913 0.99932 -0.0198036 -2.63694 -0.994901 0.0290398 -0.0965874 88.7039 
-0.0847472 0.0225989 0.996146 46.0481 0.0299425 0.999349 -0.0201243 -2.66014 -0.995952 0.0281216 -0.0853687 88.6706 
-0.0710897 0.0227868 0.99721 46.6153 0.0288819 0.999367 -0.0207772 -2.68496 -0.997052 0.0273243 -0.0717028 88.6457 
-0.0539504 0.0241507 0.998251 47.1699 0.0280932 0.999348 -0.0226591 -2.70834 -0.998148 0.0268216 -0.0545938 88.6347 
-0.0323918 0.0266171 0.999121 47.6924 0.0262544 0.999323 -0.0257714 -2.73328 -0.99913 0.0253965 -0.0330687 88.6285 
-0.00774933 0.0293238 0.99954 48.2188 0.0238934 0.99929 -0.0291314 -2.76152 -0.999684 0.0236566 -0.00844447 88.6468 
0.0207591 0.0310285 0.999303 48.7453 0.0222169 0.999257 -0.0314886 -2.78416 -0.999538 0.022855 0.0200543 88.682 
0.054314 0.0306308 0.998054 49.2765 0.020304 0.999289 -0.0317737 -2.803 -0.998317 0.0219902 0.0536534 88.7321 
0.0932172 0.0281939 0.995246 49.7906 0.0195608 0.999354 -0.0301424 -2.82111 -0.995454 0.0222776 0.0926055 88.7946 
0.135849 0.0243404 0.99043 50.3002 0.0172779 0.999488 -0.026933 -2.84672 -0.990579 0.0207713 0.135359 88.8843 
0.181908 0.0198802 0.983114 50.8038 0.0148116 0.999627 -0.0229548 -2.87055 -0.983204 0.0187372 0.181546 88.9983 
0.231213 0.0166535 0.972761 51.291 0.0105206 0.999752 -0.0196163 -2.89082 -0.972846 0.0147696 0.23098 89.1373 
0.283545 0.0151751 0.958839 51.7749 0.00698378 0.999816 -0.0178889 -2.90768 -0.958933 0.0117686 0.283386 89.3067 
0.339664 0.0146052 0.940433 52.2411 0.00605182 0.999825 -0.0177134 -2.92613 -0.940527 0.0117079 0.339517 89.4932 
0.398482 0.0147289 0.917058 52.6945 0.0081753 0.999774 -0.0196099 -2.94496 -0.91714 0.0153114 0.398272 89.7146 
0.458874 0.0178913 0.888321 53.1213 0.00905184 0.999651 -0.0248095 -2.96216 -0.888455 0.0194253 0.458552 89.9645 
0.518359 0.0208945 0.854908 53.5178 0.0101989 0.999479 -0.0306119 -2.97999 -0.855102 0.0245871 0.517876 90.2449 
0.576044 0.025343 0.817026 53.8853 0.00584874 0.999366 -0.0351227 -2.99328 -0.817398 0.0250108 0.57553 90.5618 
0.631473 0.0281505 0.774887 54.2273 0.00179284 0.999285 -0.0377637 -3.01037 -0.775396 0.025236 0.630971 90.9027 
0.683791 0.0288538 0.729107 54.5435 0.000137747 0.999213 -0.0396723 -3.02808 -0.729678 0.0272279 0.683248 91.2585 
0.732097 0.0280066 0.680624 54.8309 -0.00136635 0.999213 -0.0396464 -3.0409 -0.681199 0.028095 0.731559 91.6293 
0.776586 0.0249824 0.629516 55.0837 -0.00409209 0.999392 -0.0346131 -3.05964 -0.629998 0.024304 0.776216 92.0201 
0.817325 0.0199066 0.575833 55.3202 -0.00487152 0.999606 -0.027642 -3.07592 -0.576156 0.0197873 0.8171 92.4352 
0.853341 0.0175904 0.521056 55.5338 -0.00753297 0.999742 -0.0214139 -3.09073 -0.521298 0.0143482 0.853254 92.8679 
0.883907 0.0141503 0.467448 55.7133 -0.00849413 0.999863 -0.0142057 -3.10493 -0.467585 0.00858586 0.883906 93.3076 
0.908921 0.0147473 0.416708 55.865 -0.0122664 0.999887 -0.00863092 -3.12075 -0.416788 0.00273325 0.908999 93.7549 
0.928484 0.0168364 0.370992 55.9942 -0.0160722 0.999857 -0.00515208 -3.13449 -0.371025 -0.00117908 0.928622 94.2078 
0.943295 0.0226262 0.331183 56.1021 -0.0231284 0.999729 -0.0024252 -3.14595 -0.331148 -0.00537213 0.943563 94.6715 
0.954819 0.0269896 0.29596 56.207 -0.0271822 0.999624 -0.00346514 -3.14939 -0.295942 -0.00473632 0.955194 95.143 
0.96374 0.0289049 0.265274 56.305 -0.0290359 0.999572 -0.00342876 -3.15257 -0.265259 -0.0043981 0.964167 95.6145 
0.96971 0.0230564 0.243167 56.4099 -0.0229685 0.999731 -0.00319767 -3.15963 -0.243175 -0.00248442 0.969979 96.0947 
0.973548 0.019975 0.227607 56.5079 -0.0199428 0.999798 -0.00244207 -3.1703 -0.227609 -0.00216171 0.97375 96.5803 
0.976368 0.0242058 0.214753 56.5984 -0.0242041 0.999703 -0.00263849 -3.17907 -0.214753 -0.00262183 0.976665 97.0705 
0.978277 0.0297858 0.20515 56.6824 -0.0299691 0.999548 -0.0022147 -3.18131 -0.205124 -0.00398165 0.978728 97.5779 
0.979211 0.0375938 0.199328 56.7581 -0.0376493 0.999285 -0.00351359 -3.18532 -0.199318 -0.0040641 0.979926 98.1006 
0.979597 0.0431958 0.196274 56.847 -0.0426134 0.999066 -0.00719151 -3.19278 -0.196401 -0.0013192 0.980523 98.6252 
0.979677 0.044738 0.195529 56.9422 -0.043719 0.998998 -0.00952702 -3.20696 -0.195759 0.000785018 0.980652 99.1607 
0.979269 0.0431356 0.197919 57.0494 -0.0413561 0.999058 -0.0131177 -3.21788 -0.198298 0.00466054 0.980131 99.7012 
0.978575 0.0415349 0.201655 57.1669 -0.0383493 0.99907 -0.0196805 -3.22304 -0.202285 0.0115255 0.979259 100.243 
0.977713 0.0417528 0.205753 57.281 -0.0375414 0.998999 -0.0243319 -3.23359 -0.206563 0.0160653 0.978301 100.806 
0.976566 0.0463188 0.210176 57.3902 -0.0422026 0.99882 -0.0240304 -3.24514 -0.211041 0.0145972 0.977368 101.388 
0.975202 0.0493805 0.215735 57.5103 -0.0461212 0.998733 -0.0201197 -3.26074 -0.216455 0.00967075 0.976245 101.98 
0.974252 0.0465279 0.22061 57.6392 -0.0441974 0.998903 -0.0154911 -3.27716 -0.221088 0.00534176 0.975239 102.586 
0.9736 0.0419895 0.224366 57.781 -0.0408107 0.999118 -0.00989117 -3.29043 -0.224584 0.000473419 0.974455 103.204 
0.972818 0.0393361 0.228207 57.92 -0.0391498 0.999219 -0.00534534 -3.30124 -0.228239 -0.00373428 0.973598 103.84 
0.972358 0.0347645 0.230893 58.0715 -0.0346222 0.999389 -0.00466981 -3.30966 -0.230914 -0.00345336 0.972968 104.464 
0.972416 0.0312798 0.231145 58.2236 -0.0303445 0.999511 -0.00760147 -3.32295 -0.23127 0.000377724 0.972889 105.112 
0.972539 0.0301239 0.230782 58.3706 -0.0274744 0.999515 -0.0146871 -3.33578 -0.231112 0.00794308 0.972895 105.765 
0.972681 0.0323964 0.229874 58.5172 -0.0282414 0.999373 -0.0213437 -3.34881 -0.230421 0.0142686 0.972986 106.426 
0.973188 0.035235 0.227298 58.659 -0.0302773 0.999222 -0.0252628 -3.35957 -0.228011 0.0177034 0.973497 107.11 
0.973817 0.033713 0.224819 58.8107 -0.029743 0.999336 -0.0210234 -3.37393 -0.225378 0.0137861 0.974174 107.812 
0.974265 0.0294047 0.223481 58.9665 -0.0270765 0.999542 -0.0134761 -3.39304 -0.223775 0.00707812 0.974615 108.526 
0.974885 0.0296046 0.220731 59.1212 -0.0286575 0.999561 -0.00749305 -3.41502 -0.220856 0.000979204 0.975306 109.249 
0.975168 0.0327197 0.219035 59.2653 -0.0316617 0.999464 -0.0083402 -3.42544 -0.21919 0.00119801 0.975681 109.992 
0.975471 0.0381361 0.216797 59.4091 -0.0361758 0.999261 -0.0130057 -3.43752 -0.217133 0.00484381 0.97613 110.732 
0.976321 0.0391013 0.212764 59.5604 -0.0360255 0.999183 -0.0183161 -3.45035 -0.213307 0.0102173 0.976932 111.477 
0.977234 0.0376751 0.20879 59.714 -0.0340142 0.999199 -0.0210985 -3.46681 -0.209418 0.0135163 0.977733 112.237 
0.978152 0.0351781 0.204892 59.8682 -0.0318321 0.999301 -0.019605 -3.48613 -0.205439 0.0126544 0.978588 113.01 
0.979 0.0312681 0.201446 60.022 -0.0283111 0.999445 -0.0175445 -3.50767 -0.201883 0.0114729 0.979342 113.796 
0.979446 0.0300114 0.19946 60.1748 -0.0276184 0.999509 -0.0147697 -3.52943 -0.199805 0.00895726 0.979795 114.591 
0.979814 0.0266965 0.19812 60.3333 -0.0247191 0.999617 -0.0124482 -3.54514 -0.198376 0.00729951 0.980099 115.396 
0.980034 0.0213556 0.197679 60.4925 -0.0195133 0.999746 -0.0112635 -3.56169 -0.197869 0.00718122 0.980202 116.205 
0.980176 0.0221112 0.196892 60.6432 -0.020627 0.999741 -0.00958608 -3.58283 -0.197053 0.00533468 0.980378 117.02 
0.979966 0.0273201 0.197283 60.7876 -0.025524 0.999606 -0.0116419 -3.59823 -0.197524 0.0063731 0.980277 117.84 
0.979673 0.0330363 0.197861 60.9321 -0.0306651 0.999417 -0.0150372 -3.61598 -0.198242 0.00866404 0.980115 118.672 
0.979169 0.041695 0.198721 61.0787 -0.0391354 0.999093 -0.0167933 -3.63115 -0.199241 0.00866642 0.979912 119.504 
0.978332 0.047465 0.201528 61.2302 -0.0451072 0.998849 -0.016279 -3.64981 -0.202069 0.00683583 0.979347 120.345 
0.977593 0.0498231 0.204522 61.3833 -0.0479066 0.998749 -0.0143149 -3.6739 -0.204979 0.00419616 0.978757 121.195 
0.977007 0.050368 0.207173 61.546 -0.0482716 0.998719 -0.0151657 -3.69501 -0.207671 0.00481637 0.978187 122.045 
0.976671 0.0488242 0.209116 61.7117 -0.0460689 0.998775 -0.0180297 -3.71228 -0.20974 0.00797528 0.977725 122.894 
0.976698 0.0425718 0.210352 61.8925 -0.0399501 0.999062 -0.0166993 -3.73532 -0.210866 0.00790653 0.977483 123.74 
0.97694 0.0357501 0.210497 62.0729 -0.0326924 0.999303 -0.0179897 -3.76265 -0.210994 0.0106932 0.977429 124.582 
0.976676 0.0351214 0.211826 62.245 -0.031997 0.999323 -0.0181612 -3.78857 -0.21232 0.0109597 0.977139 125.434 
0.97616 0.0377985 0.213735 62.4154 -0.0353569 0.999259 -0.0152368 -3.81091 -0.214152 0.00731649 0.976773 126.287 
0.975761 0.0398427 0.21518 62.5808 -0.0386678 0.999205 -0.00966897 -3.83137 -0.215394 0.001114 0.976526 127.135 
0.975439 0.0431452 0.216003 62.7476 -0.0429858 0.999061 -0.00543846 -3.85294 -0.216034 -0.00398023 0.976378 127.974 
0.97521 0.0425441 0.217155 62.9167 -0.0409151 0.999091 -0.0119946 -3.87643 -0.217467 0.0028123 0.976063 128.803 
0.975483 0.038132 0.216744 63.097 -0.0332131 0.999102 -0.026294 -3.90076 -0.217552 0.0184505 0.975874 129.611 
0.975701 0.0357606 0.216167 63.2741 -0.0287956 0.998962 -0.0352862 -3.92871 -0.217204 0.028204 0.975719 130.424 
0.975981 0.0326733 0.21539 63.4461 -0.0275974 0.999267 -0.0265329 -3.94746 -0.216099 0.0199513 0.976167 131.257 
0.976426 0.0260738 0.214272 63.6257 -0.0254217 0.99966 -0.00579937 -3.97383 -0.21435 0.000215423 0.976757 132.102 
0.976746 0.0224355 0.213224 63.8012 -0.0249972 0.999644 0.00932495 -3.99758 -0.212939 -0.0144382 0.976959 132.945 
0.976775 0.0268527 0.212579 63.9619 -0.0282602 0.999594 0.00358468 -4.01307 -0.212396 -0.00950902 0.977137 133.76 
0.977004 0.0347569 0.21037 64.1179 -0.0328801 0.999382 -0.012414 -4.02523 -0.210672 0.00521141 0.977543 134.562 
0.977239 0.0348076 0.209266 64.2785 -0.0312446 0.999305 -0.0203095 -4.03792 -0.209828 0.0133087 0.977648 135.376 
0.977813 0.0308637 0.207191 64.4426 -0.0270917 0.999412 -0.0210192 -4.06448 -0.207718 0.0149397 0.978075 136.195 
0.978417 0.0302514 0.204416 64.601 -0.0268598 0.999452 -0.0193472 -4.09515 -0.204889 0.013439 0.978693 137.02 
0.979179 0.0298164 0.200796 64.7532 -0.0261705 0.999441 -0.0207888 -4.11545 -0.201303 0.015101 0.979412 137.838 
0.980139 0.0309874 0.195875 64.9 -0.0271323 0.999382 -0.0223353 -4.14142 -0.196446 0.0165771 0.980374 138.654 
0.980492 0.0362668 0.193186 65.0357 -0.0325442 0.999219 -0.0224099 -4.17101 -0.193848 0.0156855 0.980906 139.464 
0.980653 0.0424681 0.191094 65.1682 -0.0388274 0.998987 -0.0227582 -4.19743 -0.191866 0.0148982 0.981308 140.27 
0.98096 0.0436806 0.189236 65.3078 -0.0404729 0.998964 -0.0207846 -4.22551 -0.189948 0.0127298 0.981712 141.078 
0.98129 0.041154 0.188084 65.4505 -0.0388671 0.999119 -0.0158326 -4.25516 -0.18857 0.00822603 0.982025 141.881 
0.981703 0.0396702 0.186237 65.5933 -0.0373847 0.999176 -0.0157698 -4.28014 -0.18671 0.00851876 0.982378 142.687 
0.982251 0.0377648 0.183729 65.7337 -0.0349057 0.999214 -0.0187726 -4.30904 -0.184294 0.0120262 0.982798 143.49 
0.983326 0.032896 0.17885 65.8744 -0.0293501 0.999317 -0.0224375 -4.33445 -0.179466 0.016814 0.98362 144.281 
0.984609 0.0299135 0.172193 66.0103 -0.0262674 0.999381 -0.0234158 -4.35885 -0.172787 0.0185322 0.984785 145.073 
0.985706 0.0279294 0.166144 66.1225 -0.0252923 0.999519 -0.0179682 -4.38697 -0.166566 0.0135091 0.985938 145.873 
0.986828 0.025046 0.159819 66.2433 -0.0238468 0.999671 -0.00941785 -4.4106 -0.160002 0.00548256 0.987101 146.687 
0.987512 0.0220977 0.155989 66.3667 -0.0223459 0.99975 -0.000163259 -4.42605 -0.155953 -0.00332456 0.987759 147.492 
0.987957 0.0286519 0.152053 66.4599 -0.029357 0.999566 0.00239289 -4.43935 -0.151919 -0.00682797 0.988369 148.297 
0.988578 0.0315211 0.147376 66.558 -0.0315133 0.9995 -0.00238909 -4.45157 -0.147378 -0.00228258 0.989078 149.091 
0.989697 0.0316948 0.139623 66.6612 -0.0302344 0.999464 -0.0125694 -4.46628 -0.139947 0.0082184 0.990125 149.885 
0.990679 0.028644 0.133168 66.7607 -0.0264831 0.999488 -0.0179707 -4.47721 -0.133614 0.0142764 0.990931 150.68 
0.991592 0.0276063 0.126425 66.8499 -0.0256772 0.999528 -0.0168644 -4.49714 -0.12683 0.0134763 0.991833 151.492 
0.992328 0.0343184 0.118774 66.9227 -0.0329448 0.999366 -0.0135098 -4.52009 -0.119162 0.00949314 0.992829 152.314 
0.993025 0.039729 0.111004 66.9854 -0.0382795 0.999152 -0.0151604 -4.54143 -0.111512 0.0108054 0.993704 153.122 
0.994022 0.0424281 0.1006 67.0521 -0.0405276 0.998961 -0.0208624 -4.56383 -0.101381 0.0166605 0.994708 153.931 
0.994885 0.040858 0.0923828 67.1115 -0.0388604 0.998972 -0.0233218 -4.58332 -0.0932407 0.0196124 0.99545 154.746 
0.995596 0.041033 0.0842886 67.1669 -0.0394283 0.99901 -0.020617 -4.60471 -0.085051 0.0172028 0.996228 155.571 
0.996101 0.0438458 0.07655 67.2085 -0.0429451 0.998988 -0.0133754 -4.63046 -0.0770589 0.0100357 0.996976 156.4 
0.996517 0.0475413 0.0685032 67.2407 -0.0471253 0.998859 -0.00767801 -4.64943 -0.06879 0.00442295 0.997621 157.226 
0.997033 0.0466717 0.0612138 67.2738 -0.0464893 0.998909 -0.00440224 -4.66371 -0.0613524 0.00154332 0.998115 158.052 
0.997381 0.0472786 0.0547254 67.3072 -0.0472307 0.998882 -0.00217096 -4.6786 -0.0547667 -0.00041952 0.998499 158.88 
0.997641 0.0465392 0.0504669 67.3382 -0.0463989 0.998915 -0.0039503 -4.69316 -0.0505959 0.00159929 0.998718 159.706 
0.997633 0.0511976 0.0458996 67.3549 -0.0508183 0.998664 -0.00939542 -4.70874 -0.0463192 0.00704057 0.998902 160.522 
0.997485 0.057123 0.041958 67.3655 -0.0564879 0.998272 -0.016172 -4.72456 -0.0428092 0.0137611 0.998988 161.336 
0.997527 0.0585272 0.038906 67.3789 -0.0578437 0.998155 -0.01847 -4.74309 -0.0399151 0.0161738 0.999072 162.157 
0.997549 0.0601476 0.0357507 67.3951 -0.0597388 0.998137 -0.012397 -4.76025 -0.0364297 0.0102308 0.999284 162.989 
0.997484 0.0622718 0.0338726 67.4038 -0.0622424 0.998059 -0.00192567 -4.77622 -0.0339267 -0.000187564 0.999424 163.823 
0.997503 0.0635824 0.0307262 67.4125 -0.0637718 0.997951 0.00522136 -4.78862 -0.0303312 -0.00716787 0.999514 164.658 
0.997864 0.0600802 0.0256299 67.4206 -0.0601538 0.998187 0.00210662 -4.8013 -0.0254567 -0.00364393 0.999669 165.483 
0.998668 0.0475846 0.0199272 67.4347 -0.0474426 0.998845 -0.00754124 -4.81257 -0.020263 0.00658572 0.999773 166.296 
0.998906 0.0451018 0.0123573 67.4397 -0.0449492 0.998913 -0.0123612 -4.81733 -0.0129013 0.0117922 0.999847 167.115 
0.998794 0.0487914 0.00551892 67.4249 -0.048729 0.998752 -0.0109286 -4.83185 -0.00604517 0.0106464 0.999925 167.946 
0.998908 0.0466714 -0.00190041 67.4105 -0.0466804 0.998898 -0.00494283 -4.84679 0.00166772 0.00502606 0.999986 168.782 
0.999099 0.0413415 -0.00957373 67.4 -0.0413559 0.999144 -0.0012939 -4.85736 0.00951212 0.00168859 0.999953 169.617 
0.999356 0.0324204 -0.0153969 67.384 -0.0323815 0.999472 0.00277207 -4.86152 0.0154787 -0.00227179 0.999878 170.456 
0.999364 0.0282556 -0.0217389 67.3596 -0.0281994 0.999598 0.00288923 -4.87293 0.0218119 -0.00227445 0.999759 171.291 
0.999296 0.0249179 -0.0280416 67.322 -0.0250341 0.999679 -0.00379671 -4.88816 0.027938 0.00449594 0.999599 172.127 
0.999244 0.0155231 -0.0356539 67.2883 -0.0160329 0.999773 -0.0140555 -4.89765 0.0354277 0.0146165 0.999265 172.959 
0.999093 0.00540245 -0.042245 67.2631 -0.00617094 0.999817 -0.0180801 -4.91079 0.0421397 0.0183243 0.998944 173.787 
0.998767 0.00900727 -0.0488125 67.2086 -0.00953839 0.999898 -0.0106572 -4.92643 0.0487116 0.0111095 0.998751 174.627 
0.998357 0.0197751 -0.0537718 67.1323 -0.0196802 0.999804 0.00229595 -4.93916 0.0538067 -0.00123402 0.998551 175.477 
0.997968 0.0246859 -0.0587334 67.0661 -0.0241233 0.999656 0.0102709 -4.95492 0.0589668 -0.00883323 0.998221 176.322 
0.99776 0.0242028 -0.0623652 67.0013 -0.0237927 0.99969 0.00731158 -4.96272 0.0625229 -0.00581145 0.998027 177.158 
0.997584 0.0258833 -0.0644696 66.9309 -0.0261688 0.999651 -0.00358598 -4.96797 0.0643544 0.00526432 0.997913 177.988 
0.997069 0.0361624 -0.0674142 66.8446 -0.0371175 0.999227 -0.0129686 -4.97779 0.0668932 0.0154328 0.997641 178.822 
0.996958 0.0344981 -0.069885 66.7762 -0.0357336 0.999225 -0.0165049 -4.9945 0.0692615 0.0189519 0.997418 179.664 
0.996933 0.0292172 -0.072599 66.7183 -0.0301318 0.999479 -0.011534 -5.01278 0.0722243 0.0136861 0.997294 180.524 
0.996944 0.0294008 -0.0723712 66.6493 -0.0296723 0.999556 -0.0026776 -5.02919 0.0722604 0.00481675 0.997374 181.38 
0.996904 0.0314281 -0.0720679 66.5669 -0.0313131 0.999506 0.00272669 -5.04277 0.0721181 -0.000461664 0.997396 182.235 
0.996784 0.0311712 -0.0738225 66.4927 -0.0311253 0.999514 0.00177383 -5.0519 0.073842 0.000529542 0.99727 183.089 
0.996688 0.0277911 -0.0764265 66.4227 -0.0284346 0.999569 -0.00734353 -5.06767 0.0761896 0.00949228 0.997048 183.935 
0.996762 0.0167791 -0.0786335 66.3538 -0.0182973 0.999659 -0.0186255 -5.08436 0.0782943 0.0200039 0.996729 184.786 
0.996727 0.00639165 -0.0805822 66.2905 -0.00824036 0.99971 -0.0226292 -5.10259 0.0804142 0.0232191 0.996491 185.634 
0.996623 0.00885664 -0.0816308 66.2074 -0.0103672 0.999782 -0.0180987 -5.12513 0.0814528 0.0188838 0.996498 186.491 
0.996439 0.0151245 -0.0829498 66.12 -0.0158103 0.999846 -0.00761664 -5.14748 0.0828219 0.00890089 0.996525 187.346 
0.996278 0.0157091 -0.0847581 66.0357 -0.016099 0.999863 -0.00391722 -5.17211 0.084685 0.00526707 0.996394 188.198 
0.996229 0.0145531 -0.0855383 65.953 -0.0152583 0.999855 -0.0075958 -5.19089 0.0854154 0.00887224 0.996306 189.041 
0.99625 0.014687 -0.0852622 65.8677 -0.015923 0.999777 -0.0138338 -5.20622 0.0850401 0.0151395 0.996262 189.877 
0.996107 0.0212141 -0.0855585 65.7753 -0.0225221 0.999643 -0.0143509 -5.2245 0.0852236 0.0162219 0.99623 190.71 
0.996015 0.0239737 -0.085907 65.6864 -0.0250351 0.999623 -0.0112984 -5.24674 0.0856039 0.0134039 0.996239 191.546 
0.995848 0.0276741 -0.0867179 65.5977 -0.0284922 0.99956 -0.00820907 -5.26769 0.0864526 0.0106457 0.996199 192.379 
0.995744 0.0314159 -0.0866358 65.5083 -0.0320112 0.999472 -0.00548906 -5.28455 0.0864177 0.00823893 0.996225 193.207 
