1 -4.23778e-08 4.22719e-08 0 -4.23778e-08 1 -4.19404e-08 0 4.22719e-08 -4.19404e-08 1 0 
0.999054 -1.07628e-05 0.0434742 0.0457227 9.78728e-05 0.999998 -0.00200358 -0.0388839 -0.043474 0.00200586 0.999052 1.01412 
0.99608 -0.00448818 0.0883467 0.131427 0.00511396 0.999963 -0.00685912 -0.0546243 -0.0883126 0.00728396 0.996066 2.01978 
0.991053 -0.00397344 0.13341 0.269274 0.00539241 0.999933 -0.0102772 -0.105269 -0.13336 0.0109046 0.991008 3.04837 
0.983818 -0.00182251 0.179161 0.456909 0.00409604 0.999916 -0.0123213 -0.164795 -0.179123 0.0128557 0.983743 4.09987 
0.974389 -0.0044829 0.224826 0.707424 0.00740595 0.999899 -0.0121602 -0.188655 -0.224749 0.0135137 0.974323 5.19871 
0.962965 -0.00565713 0.269566 0.997756 0.00959166 0.999866 -0.0132812 -0.218738 -0.269455 0.0153749 0.96289 6.21178 
0.949631 -0.00821787 0.313261 1.32209 0.0137787 0.999784 -0.0155418 -0.255075 -0.313066 0.0190752 0.94954 7.20228 
0.934566 -0.00996238 0.355651 1.67563 0.017128 0.999709 -0.0170049 -0.2892 -0.355378 0.0219837 0.934464 8.14837 
0.917254 -0.0101796 0.398173 2.06646 0.0188256 0.999664 -0.0178107 -0.308714 -0.397858 0.0238327 0.917137 9.15011 
0.897574 -0.0104485 0.44074 2.51897 0.0197127 0.99967 -0.0164465 -0.336346 -0.440422 0.02345 0.897484 10.1176 
0.875615 -0.010023 0.482906 3.00142 0.0199804 0.99968 -0.01548 -0.367674 -0.482596 0.0232031 0.875535 11.0292 
0.851857 -0.0104261 0.523671 3.5621 0.020917 0.999681 -0.0141227 -0.408564 -0.523357 0.0229841 0.851804 11.9272 
0.82642 -0.0106419 0.562953 4.15063 0.0224507 0.999649 -0.014061 -0.442653 -0.562606 0.0242589 0.826369 12.797 
0.799254 -0.012727 0.600858 4.75539 0.0259545 0.999574 -0.013352 -0.483582 -0.600432 0.0262666 0.799244 13.5983 
0.770626 -0.0111565 0.63719 5.38777 0.0261088 0.99956 -0.0140752 -0.510738 -0.636752 0.0274829 0.770578 14.3736 
0.740072 -0.014301 0.672375 6.0622 0.0306989 0.99945 -0.0125323 -0.540391 -0.671826 0.029916 0.740104 15.1204 
0.708117 -0.0136296 0.705963 6.76473 0.0309613 0.999451 -0.0117602 -0.576809 -0.705415 0.0301851 0.708151 15.8335 
0.673637 -0.0121185 0.738963 7.48999 0.0318514 0.999413 -0.0126461 -0.604256 -0.738376 0.0320558 0.673627 16.5168 
0.638307 -0.0134923 0.769664 8.2685 0.0364278 0.999256 -0.0126939 -0.635295 -0.76892 0.0361397 0.638323 17.1633 
0.601883 -0.0115391 0.798501 9.11122 0.0363056 0.999257 -0.0129259 -0.654749 -0.797758 0.0367699 0.601855 17.8024 
0.564282 -0.0105007 0.825515 9.97579 0.039346 0.999125 -0.0141861 -0.67944 -0.824644 0.0404856 0.564201 18.3861 
0.526016 -0.00896399 0.850428 10.8827 0.0442541 0.998878 -0.0168439 -0.697073 -0.849323 0.0464951 0.525822 18.907 
0.487278 -0.00814482 0.873209 11.7385 0.0457901 0.998819 -0.016236 -0.722308 -0.872045 0.0478957 0.487075 19.3888 
0.44844 -0.0100105 0.893757 12.6228 0.0506332 0.998616 -0.0142202 -0.749658 -0.892378 0.0516307 0.448326 19.8426 
0.411128 -0.0105187 0.911517 13.6606 0.0550624 0.998394 -0.013314 -0.747802 -0.909913 0.0556641 0.411047 20.3641 
0.376014 -0.00832215 0.926577 14.6716 0.0568723 0.998282 -0.0141133 -0.782865 -0.924867 0.0580033 0.375841 20.8006 
0.343358 -0.00903867 0.939161 15.7316 0.0578318 0.99826 -0.011536 -0.796518 -0.937422 0.0582743 0.343284 21.1527 
0.310343 -0.0110225 0.950561 16.7389 0.0601016 0.99816 -0.00804788 -0.824627 -0.948723 0.0596278 0.310434 21.4704 
0.277584 -0.0109646 0.960639 17.7778 0.0610957 0.998112 -0.00626183 -0.837727 -0.958757 0.060429 0.27773 21.7962 
0.245455 -0.00797412 0.969375 18.7826 0.0586279 0.998258 -0.00663352 -0.84959 -0.967633 0.0584607 0.245495 22.058 
0.214468 -0.00627599 0.976711 19.861 0.0588759 0.998244 -0.00651381 -0.851446 -0.974955 0.0589018 0.214461 22.3158 
0.184076 -0.00626768 0.982892 20.8932 0.0607676 0.998139 -0.00501572 -0.869669 -0.981032 0.0606513 0.184114 22.5138 
0.153636 -0.0065199 0.988106 21.9526 0.0621285 0.998063 -0.00307459 -0.887271 -0.986172 0.0618619 0.153744 22.6851 
0.123428 -0.00725386 0.992327 23.0215 0.0608551 0.998146 -0.000272982 -0.900271 -0.990486 0.0604218 0.123641 22.8189 
0.0939686 -0.00748688 0.995547 24.1596 0.0611633 0.998126 0.00173306 -0.900568 -0.993695 0.0607281 0.0942505 22.9451 
0.06704 -0.00727339 0.997724 25.26 0.0644654 0.997916 0.00294309 -0.903499 -0.995665 0.0641213 0.0673692 23.0149 
0.0420098 -0.0067159 0.999095 26.5184 0.06868 0.997631 0.00381814 -0.893505 -0.996754 0.0684574 0.0423715 23.0696 
0.0192555 -0.00637121 0.999794 27.701 0.0730332 0.997317 0.00494876 -0.892467 -0.997144 0.0729228 0.0196691 23.1016 
-0.00119849 -0.00640628 0.999979 29.0168 0.0787717 0.996872 0.0064807 -0.881855 -0.996892 0.0787778 -0.000690113 23.1141 
-0.0188085 -0.00699489 0.999799 30.3243 0.0831253 0.996502 0.00853553 -0.873497 -0.996362 0.0832691 -0.0181613 23.0987 
-0.0348436 -0.006732 0.99937 31.5602 0.0858275 0.996263 0.00970341 -0.863344 -0.9957 0.0861116 -0.0341356 23.0819 
-0.049466 -0.00748712 0.998748 32.8692 0.087993 0.996051 0.011825 -0.862423 -0.994892 0.0884677 -0.0486119 23.0497 
-0.0626761 -0.00838264 0.997999 34.1485 0.0881703 0.996008 0.0139031 -0.84482 -0.994132 0.0888653 -0.0616868 22.979 
-0.075559 -0.00841159 0.997106 35.4481 0.0879189 0.996014 0.0150646 -0.849691 -0.993258 0.0888027 -0.0745183 22.9354 
-0.087198 -0.00570025 0.996175 36.6851 0.088178 0.996014 0.0134177 -0.841624 -0.992281 0.0890106 -0.0863478 22.8498 
-0.0980685 -0.00223449 0.995177 37.9766 0.0882526 0.996038 0.0109331 -0.826856 -0.991259 0.0888991 -0.0974828 22.7778 
-0.107806 0.000274461 0.994172 39.2779 0.0892119 0.995968 0.00939895 -0.820543 -0.990161 0.0897052 -0.107396 22.6779 
-0.11592 0.00138337 0.993257 40.6137 0.0887375 0.996015 0.00896901 -0.810972 -0.989287 0.0891789 -0.115581 22.5597 
-0.121834 0.00190131 0.992549 41.9594 0.0884865 0.996037 0.00895355 -0.811849 -0.988598 0.088918 -0.12152 22.4146 
-0.127324 0.00334498 0.991855 43.2965 0.0892772 0.995974 0.00810157 -0.804518 -0.987835 0.0895816 -0.12711 22.264 
-0.13189 0.00486236 0.991252 44.62 0.088239 0.996076 0.00685446 -0.799494 -0.987329 0.0883712 -0.131802 22.0985 
-0.136066 0.00560337 0.990684 46.0423 0.0891249 0.995998 0.00660744 -0.802166 -0.986683 0.0891936 -0.136021 21.9237 
-0.138991 0.00444088 0.990284 47.4691 0.0894324 0.99596 0.00808582 -0.792507 -0.986247 0.0896873 -0.138826 21.7305 
-0.141785 0.00257455 0.989894 48.9734 0.0900644 0.995882 0.0103099 -0.789397 -0.985792 0.0906161 -0.141433 21.5695 
-0.144319 0.00118006 0.98953 50.4447 0.0900016 0.99587 0.0119386 -0.790757 -0.98543 0.0907823 -0.143829 21.3764 
-0.14664 0.00176085 0.989188 51.9233 0.0922829 0.995662 0.0119078 -0.791866 -0.984876 0.0930313 -0.146167 21.1675 
-0.147798 0.00161929 0.989016 53.4301 0.0922659 0.99566 0.012158 -0.775827 -0.984704 0.0930494 -0.147306 20.9612 
-0.1485 0.00285884 0.988908 54.9901 0.0938589 0.995522 0.0112163 -0.771436 -0.984448 0.0944835 -0.148104 20.75 
-0.148591 0.0031473 0.988894 56.5436 0.0941614 0.995496 0.0109803 -0.745225 -0.984406 0.0947472 -0.148218 20.526 
-0.148185 0.00432188 0.98895 58.1135 0.0943196 0.995494 0.00978236 -0.759781 -0.984452 0.094727 -0.147925 20.3361 
-0.147304 0.00432192 0.989082 59.725 0.0950165 0.995427 0.00980112 -0.742377 -0.984517 0.0954228 -0.147041 20.1265 
-0.146149 0.00325911 0.989257 61.3056 0.0935334 0.99556 0.0105383 -0.736079 -0.984831 0.0940687 -0.145805 19.9175 
-0.145076 0.00397678 0.989412 62.9128 0.0946041 0.995466 0.00987048 -0.72549 -0.984887 0.0950345 -0.144795 19.6871 
-0.14448 0.00457753 0.989497 64.5238 0.0945872 0.995474 0.00920572 -0.71268 -0.984977 0.0949238 -0.144259 19.4848 
-0.143578 0.00507928 0.989626 66.1602 0.0955529 0.995386 0.0087542 -0.7039 -0.985015 0.0958185 -0.143401 19.2606 
-0.142855 0.00481836 0.989732 67.808 0.0952791 0.995411 0.00890628 -0.702406 -0.985147 0.0955731 -0.142659 19.054 
-0.142217 0.00320783 0.98983 69.5047 0.0969213 0.995234 0.0107001 -0.688779 -0.985079 0.0974574 -0.14185 18.8335 
-0.141835 0.00107945 0.98989 71.2087 0.0986143 0.99504 0.0130447 -0.680806 -0.984966 0.0994675 -0.141238 18.607 
-0.140916 0.00206848 0.990019 72.9111 0.100375 0.994875 0.0122084 -0.690029 -0.98492 0.101094 -0.140401 18.3771 
-0.140197 0.00385618 0.990116 74.615 0.102519 0.994674 0.0106424 -0.686598 -0.984802 0.102998 -0.139846 18.1494 
-0.139779 0.00350263 0.990176 76.3221 0.101894 0.994736 0.0108651 -0.679266 -0.984926 0.102412 -0.139401 17.9354 
-0.139846 0.00325834 0.990168 78.0184 0.10248 0.994672 0.0112004 -0.678489 -0.984856 0.103038 -0.139435 17.7246 
-0.13919 0.00211594 0.990263 79.7654 0.102468 0.99466 0.0122774 -0.668833 -0.98495 0.103179 -0.138664 17.4859 
-0.138827 0.00226458 0.990314 81.5391 0.104298 0.994469 0.0123469 -0.668223 -0.984809 0.105002 -0.138296 17.245 
-0.13884 0.0019145 0.990313 83.295 0.105191 0.994369 0.0128252 -0.659214 -0.984712 0.105953 -0.138259 17.0166 
-0.138658 0.00280108 0.990336 85.0586 0.10576 0.994319 0.0119951 -0.653187 -0.984677 0.106401 -0.138166 16.7869 
-0.139188 0.00359503 0.990259 86.8297 0.10542 0.994365 0.0112076 -0.644424 -0.984639 0.105953 -0.138783 16.5638 
-0.139967 0.00409357 0.990148 88.667 0.104665 0.99445 0.0106839 -0.637338 -0.984609 0.105129 -0.139619 16.3206 
-0.140386 0.00478084 0.990085 90.5087 0.103963 0.994531 0.00993879 -0.622176 -0.984623 0.104328 -0.140115 16.056 
-0.141395 0.00424343 0.989944 92.3355 0.102852 0.994642 0.0104268 -0.608986 -0.984596 0.103292 -0.141073 15.8171 
-0.142619 0.00396679 0.98977 94.19 0.102539 0.99467 0.0107886 -0.598059 -0.984452 0.103028 -0.142266 15.5784 
-0.142942 0.00281787 0.989727 96.0348 0.100395 0.994879 0.011667 -0.590198 -0.984626 0.101032 -0.142493 15.3361 
-0.144858 0.0039076 0.989445 97.8747 0.0997634 0.994954 0.0106762 -0.578929 -0.98441 0.100257 -0.144516 15.0904 
-0.147353 0.0049118 0.989072 99.7842 0.099383 0.995 0.00986485 -0.563416 -0.984078 0.0997505 -0.147104 14.8308 
-0.151112 0.00574312 0.9885 101.668 0.100361 0.994905 0.00956177 -0.558461 -0.983409 0.100651 -0.150919 14.5505 
-0.155754 0.0047444 0.987784 103.524 0.0986162 0.995067 0.0107704 -0.554018 -0.982861 0.0990891 -0.155454 14.2891 
-0.160457 0.00385285 0.987035 105.437 0.0971621 0.995197 0.0119103 -0.547179 -0.982249 0.0978136 -0.16006 13.9986 
-0.164902 0.00453917 0.986299 107.334 0.0958855 0.995326 0.0114506 -0.544397 -0.981638 0.0964601 -0.164567 13.7006 
-0.169617 0.00615261 0.985491 109.273 0.0964033 0.995288 0.0103785 -0.539049 -0.980784 0.0967649 -0.169411 13.3898 
-0.174514 0.00804021 0.984622 111.243 0.0956256 0.995378 0.00882056 -0.528946 -0.98 0.0956943 -0.174477 13.0683 
-0.179238 0.00832216 0.98377 113.151 0.0945094 0.995485 0.00879783 -0.528778 -0.979256 0.0945524 -0.179216 12.7402 
-0.183936 0.00802399 0.982905 115.087 0.093022 0.995621 0.00927982 -0.531171 -0.978527 0.0931387 -0.183877 12.401 
-0.189278 0.00719488 0.981897 117.06 0.0908438 0.995813 0.0102148 -0.527097 -0.977712 0.0911327 -0.189139 12.0431 
-0.194852 0.00676219 0.980809 119.017 0.0900328 0.995878 0.0110201 -0.52014 -0.976692 0.0904524 -0.194657 11.6839 
-0.200305 0.0063821 0.979713 120.992 0.0903201 0.995841 0.011979 -0.518742 -0.975561 0.0908872 -0.200048 11.3091 
-0.205845 0.00809763 0.978551 122.977 0.0908843 0.995802 0.0108776 -0.508607 -0.974355 0.091174 -0.205716 10.9142 
-0.211168 0.00915238 0.977407 124.945 0.0904183 0.995851 0.0102096 -0.501241 -0.973259 0.0905314 -0.211119 10.5139 
-0.216615 0.00922268 0.976213 126.943 0.091 0.995792 0.0107845 -0.49291 -0.972007 0.0911716 -0.216543 10.0752 
-0.22166 0.00907475 0.975082 128.922 0.0902121 0.995859 0.0112392 -0.491045 -0.970942 0.0904555 -0.221561 9.64878 
-0.226852 0.00987328 0.973879 130.911 0.0895502 0.995924 0.0107627 -0.486643 -0.969803 0.0896526 -0.226812 9.21929 
-0.231532 0.0103529 0.972772 132.893 0.0900733 0.995876 0.0108398 -0.499083 -0.968648 0.0901306 -0.23151 8.76521 
-0.235481 0.00970846 0.97183 134.922 0.0913921 0.99574 0.0121975 -0.489871 -0.967572 0.0916899 -0.235365 8.29767 
-0.239098 0.00948501 0.970949 137.011 0.093449 0.995535 0.0132867 -0.482071 -0.966488 0.093911 -0.238917 7.81006 
-0.242396 0.0101143 0.970125 139.021 0.0945987 0.995427 0.0132584 -0.472192 -0.965554 0.0949863 -0.242244 7.32811 
-0.245011 0.0106012 0.969462 140.988 0.0950704 0.995384 0.0131423 -0.465602 -0.964848 0.0953872 -0.244887 6.84434 
-0.248076 0.0103721 0.968685 143.019 0.0943386 0.995449 0.0135009 -0.457887 -0.964136 0.0947336 -0.247925 6.34928 
-0.251686 0.010998 0.967746 145.027 0.0937075 0.995514 0.0130573 -0.446294 -0.963262 0.0939714 -0.251588 5.8407 
-0.25584 0.0118125 0.966647 147.058 0.09241 0.995645 0.012291 -0.436133 -0.962292 0.0924723 -0.255818 5.32618 
-0.259828 0.0111803 0.96559 149.035 0.0909629 0.99577 0.0129472 -0.436776 -0.961361 0.091197 -0.259746 4.796 
-0.264153 0.0115703 0.964411 151.072 0.0909806 0.995768 0.0129731 -0.429358 -0.96018 0.0911697 -0.264087 4.25589 
-0.268435 0.0117886 0.963225 153.022 0.090065 0.995852 0.0129117 -0.440609 -0.959078 0.0902189 -0.268384 3.73602 
-0.272583 0.01151 0.962063 155.054 0.0891085 0.995933 0.0133319 -0.434247 -0.957997 0.0893621 -0.2725 3.18407 
-0.276858 0.0109726 0.960848 157.057 0.0897504 0.995859 0.0144882 -0.429732 -0.95671 0.0902477 -0.276697 2.64929 
-0.281013 0.0108667 0.959642 158.972 0.0904853 0.995781 0.0152209 -0.432642 -0.955429 0.0911108 -0.280811 2.12849 
-0.285166 0.0115825 0.958408 160.953 0.0917426 0.995666 0.0152644 -0.428813 -0.954077 0.0922797 -0.284993 1.56898 
-0.28853 0.013043 0.957382 162.986 0.0920368 0.995655 0.014173 -0.411548 -0.953037 0.0922037 -0.288476 0.981959 
-0.292062 0.0143265 0.956292 165.029 0.0915508 0.995715 0.0130434 -0.412818 -0.952007 0.0913588 -0.292122 0.396904 
-0.295311 0.0153765 0.955277 167.052 0.0925583 0.995628 0.0125871 -0.409766 -0.950907 0.092136 -0.295443 -0.201289 
-0.298657 0.0160748 0.954225 169.06 0.092383 0.995649 0.0121417 -0.411409 -0.949879 0.0917804 -0.298842 -0.780916 
-0.302257 0.0159939 0.953092 171.169 0.0923295 0.995649 0.0125726 -0.406315 -0.948744 0.0917987 -0.302419 -1.4165 
-0.306049 0.0164794 0.951873 173.267 0.0924811 0.995636 0.0124976 -0.394613 -0.947513 0.0918552 -0.306237 -2.05605 
-0.309708 0.0172581 0.950675 175.245 0.0952151 0.995372 0.0129493 -0.394343 -0.946052 0.0945291 -0.309918 -2.68415 
-0.312506 0.0172832 0.949759 177.302 0.0972687 0.995161 0.0138955 -0.405504 -0.944923 0.0967242 -0.312675 -3.33627 
-0.315114 0.0168203 0.948905 179.372 0.0978194 0.995093 0.0148449 -0.399613 -0.943999 0.0974992 -0.315214 -3.99212 
-0.318049 0.0159901 0.947939 181.399 0.0974454 0.995114 0.0159086 -0.405871 -0.943053 0.097432 -0.318053 -4.62979 
-0.320645 0.0164843 0.947056 183.503 0.096579 0.995206 0.0153762 -0.398167 -0.942263 0.096396 -0.3207 -5.3202 
-0.323359 0.0184849 0.946096 185.619 0.0956392 0.995328 0.013241 -0.386426 -0.941431 0.0947655 -0.323617 -6.00441 
-0.326654 0.0202711 0.944927 187.721 0.0947477 0.995436 0.0113987 -0.382527 -0.940383 0.0932531 -0.327083 -6.69431 
-0.330353 0.0209866 0.943624 189.79 0.093298 0.995583 0.0105204 -0.380397 -0.939235 0.0915137 -0.330852 -7.34731 
-0.333927 0.0214184 0.942355 191.794 0.0915407 0.995753 0.00980561 -0.407207 -0.938143 0.0895382 -0.33447 -8.00029 
-0.337667 0.0213807 0.941023 193.884 0.0921229 0.995693 0.0104335 -0.414299 -0.936747 0.0902129 -0.338182 -8.72062 
-0.341409 0.0209431 0.939682 196.04 0.0918735 0.995708 0.011188 -0.409383 -0.935414 0.0901516 -0.341867 -9.46168 
-0.345081 0.0202156 0.938355 198.097 0.0916036 0.99572 0.0122358 -0.417199 -0.934092 0.0901791 -0.345456 -10.1766 
-0.348901 0.0200273 0.936946 200.269 0.0916894 0.995705 0.0128601 -0.416834 -0.932663 0.0903949 -0.349238 -10.9509 
-0.352831 0.0200385 0.935472 202.382 0.0903253 0.995831 0.0127364 -0.411942 -0.931317 0.0889906 -0.35317 -11.6992 
-0.356518 0.0205191 0.934063 204.504 0.0896901 0.995893 0.0123559 -0.414164 -0.929974 0.0881813 -0.356894 -12.4663 
-0.35979 0.0210194 0.932796 206.674 0.0896428 0.9959 0.0121348 -0.415562 -0.928717 0.0879844 -0.360199 -13.2654 
-0.362799 0.0218187 0.931612 208.833 0.0904665 0.995828 0.0119078 -0.414646 -0.927466 0.0885998 -0.36326 -14.075 
-0.365346 0.0214701 0.930624 210.97 0.0913371 0.995737 0.0128849 -0.418887 -0.92638 0.089708 -0.365749 -14.8818 
-0.367743 0.0205326 0.9297 213.093 0.0923136 0.995624 0.0145261 -0.423752 -0.925334 0.0911659 -0.36803 -15.6889 
-0.370322 0.0212825 0.928659 215.243 0.093567 0.995507 0.0144972 -0.420127 -0.924179 0.0922605 -0.37065 -16.5301 
-0.372833 0.0219382 0.927639 217.233 0.0937132 0.995499 0.0141218 -0.440511 -0.923154 0.0921971 -0.373211 -17.3071 
-0.375182 0.0220029 0.92669 219.36 0.093259 0.995542 0.0141193 -0.442524 -0.922248 0.0917195 -0.375561 -18.1363 
-0.378025 0.0232104 0.925504 221.482 0.0929328 0.995588 0.0129906 -0.443002 -0.921119 0.0909205 -0.378514 -18.9603 
-0.381162 0.0241562 0.924192 223.516 0.0924738 0.995641 0.012115 -0.456101 -0.919872 0.0900814 -0.381735 -19.753 
-0.383638 0.0241729 0.923167 225.668 0.0903457 0.995844 0.0114687 -0.4539 -0.919054 0.0878041 -0.384227 -20.6188 
-0.387576 0.0252004 0.921493 227.763 0.0912142 0.995769 0.0111326 -0.468187 -0.917314 0.088368 -0.388235 -21.369 
-0.390253 0.0246011 0.920379 229.938 0.0924869 0.995634 0.012603 -0.472327 -0.916051 0.0900414 -0.390824 -22.2552 
-0.393173 0.0233893 0.919167 231.933 0.0929453 0.995567 0.0144239 -0.486031 -0.914755 0.0911034 -0.393604 -23.0695 
-0.396509 0.02275 0.917749 233.913 0.0916546 0.995679 0.014917 -0.502404 -0.913444 0.0900306 -0.396881 -23.8664 
-0.399778 0.0228183 0.916328 235.947 0.0900472 0.995832 0.0144879 -0.509686 -0.912178 0.0883047 -0.400167 -24.707 
-0.403198 0.0223634 0.914839 238.103 0.088653 0.995954 0.0147258 -0.508174 -0.910808 0.0870407 -0.403549 -25.6161 
-0.406711 0.0215125 0.913304 240.242 0.0877233 0.996023 0.0156038 -0.504458 -0.909335 0.0864643 -0.40698 -26.5268 
-0.410027 0.0215717 0.911818 242.394 0.0871417 0.996073 0.0156209 -0.510348 -0.907901 0.0858624 -0.410297 -27.4595 
-0.413726 0.0210474 0.910158 244.51 0.0866236 0.996107 0.016341 -0.51386 -0.906271 0.0856019 -0.413938 -28.3858 
-0.417886 0.0206583 0.908264 246.638 0.0856484 0.996185 0.0167482 -0.495511 -0.904453 0.0847902 -0.418061 -29.2914 
-0.421835 0.0209091 0.906431 248.766 0.0850449 0.996239 0.0165974 -0.474577 -0.902675 0.0840888 -0.422027 -30.2295 
-0.425433 0.0216228 0.904731 250.913 0.0850461 0.996246 0.0161813 -0.462589 -0.900985 0.083828 -0.425675 -31.2004 
-0.428909 0.0219536 0.903081 253.051 0.0850382 0.996246 0.0161695 -0.463129 -0.899336 0.0837316 -0.429166 -32.1703 
-0.432356 0.0222008 0.90143 255.232 0.0851198 0.996237 0.0162905 -0.444688 -0.897676 0.0837728 -0.432619 -33.1775 
-0.435806 0.022636 0.899756 257.366 0.0841596 0.996329 0.0156978 -0.442637 -0.896097 0.0825643 -0.436111 -34.1663 
-0.439382 0.0229818 0.898006 259.494 0.0847341 0.996276 0.0159625 -0.435342 -0.894295 0.0831054 -0.439693 -35.1561 
-0.442284 0.0233718 0.89657 261.626 0.0851845 0.996236 0.0160521 -0.427466 -0.89282 0.0834735 -0.44261 -36.1919 
-0.445704 0.0245545 0.894844 263.757 0.086375 0.996139 0.0156875 -0.413088 -0.891004 0.0842841 -0.446104 -37.2172 
-0.449114 0.0266884 0.893076 265.872 0.088434 0.995973 0.0147086 -0.400391 -0.889087 0.0855841 -0.449666 -38.2471 
-0.452041 0.0276206 0.891569 267.975 0.0897795 0.995854 0.0146684 -0.386094 -0.887467 0.0866754 -0.452647 -39.2483 
-0.454928 0.0298258 0.890029 270.095 0.0917575 0.995689 0.0135341 -0.376448 -0.885789 0.0878239 -0.455703 -40.2823 
-0.457396 0.0323845 0.888673 272.217 0.0934591 0.995553 0.0118236 -0.366062 -0.884338 0.0884627 -0.458389 -41.3288 
-0.460098 0.0329839 0.887255 274.274 0.0946101 0.995441 0.0120555 -0.363633 -0.882813 0.08949 -0.461122 -42.3611 
-0.462697 0.0342286 0.885856 276.417 0.0952903 0.995385 0.0113109 -0.351109 -0.88138 0.089647 -0.463823 -43.4613 
-0.466035 0.0341868 0.884106 278.515 0.0947289 0.995437 0.0114422 -0.347317 -0.879681 0.0890829 -0.467147 -44.5209 
-0.469689 0.0356632 0.882111 280.681 0.0957325 0.995349 0.0107323 -0.340145 -0.877626 0.0894876 -0.470919 -45.6035 
-0.472947 0.0364194 0.880338 282.805 0.0951677 0.995411 0.0099473 -0.320177 -0.875936 0.0884843 -0.474243 -46.692 
-0.475869 0.035914 0.878782 284.935 0.0933727 0.995582 0.00987475 -0.323021 -0.874546 0.0867534 -0.47712 -47.793 
-0.478106 0.0366427 0.877537 287.129 0.0952198 0.995403 0.0103139 -0.317244 -0.873125 0.0884901 -0.479397 -48.9566 
-0.48025 0.0367863 0.87636 289.236 0.0970026 0.995219 0.0113824 -0.322612 -0.871751 0.0904756 -0.481522 -50.0735 
-0.482469 0.03704 0.87513 291.289 0.0987091 0.99504 0.0123041 -0.341655 -0.870333 0.0923196 -0.483732 -51.1463 
-0.484235 0.0368743 0.87416 293.488 0.0984793 0.99506 0.0125777 -0.320028 -0.869378 0.0921773 -0.485474 -52.3268 
-0.486401 0.0360474 0.872991 295.716 0.0988485 0.995004 0.0139894 -0.339689 -0.868126 0.0930984 -0.487535 -53.5065 
-0.489157 0.0363981 0.871436 297.897 0.100252 0.994853 0.0147207 -0.323159 -0.866415 0.0945639 -0.490288 -54.6663 
-0.491896 0.0362368 0.869899 300.009 0.100784 0.994787 0.0155506 -0.324721 -0.864801 0.0953214 -0.492984 -55.7653 
-0.493987 0.0370459 0.868679 302.198 0.100313 0.994848 0.014618 -0.30774 -0.863663 0.0943613 -0.495159 -56.9491 
-0.496604 0.0393726 0.867084 304.301 0.10035 0.994876 0.0122977 -0.30877 -0.862157 0.0931187 -0.49801 -58.0919 
-0.499918 0.0387279 0.865207 306.466 0.0986895 0.99504 0.0124834 -0.299276 -0.860432 0.0916275 -0.50126 -59.3004 
-0.504241 0.0367332 0.862782 308.666 0.0959066 0.995296 0.0136761 -0.282423 -0.858221 0.0896425 -0.505392 -60.54 
-0.509174 0.0342985 0.85998 310.927 0.0936571 0.99548 0.0157495 -0.262517 -0.855552 0.0885624 -0.510085 -61.8156 
-0.514102 0.03174 0.857141 313.196 0.0909904 0.995694 0.0177041 -0.229666 -0.852889 0.0870934 -0.514777 -63.1084 
-0.518764 0.0319751 0.854319 315.48 0.0910915 0.995679 0.0180471 -0.185962 -0.850051 0.0871834 -0.519435 -64.4033 
-0.522931 0.0333881 0.851721 317.767 0.0937361 0.995425 0.0185297 -0.167764 -0.847205 0.0895268 -0.523668 -65.7462 
-0.526992 0.0342395 0.84918 320.018 0.0948783 0.995312 0.0187488 -0.14616 -0.844558 0.0904492 -0.52777 -67.085 
-0.531009 0.0346432 0.846657 322.175 0.0963082 0.995157 0.0196834 -0.118503 -0.841875 0.0919922 -0.531774 -68.3644 
-0.534897 0.0328563 0.844278 324.415 0.09561 0.995179 0.0218454 -0.0932728 -0.83949 0.0924065 -0.53546 -69.746 
-0.539141 0.0314741 0.841627 326.673 0.0940813 0.995298 0.023047 -0.0546728 -0.836944 0.091607 -0.539567 -71.1332 
-0.542556 0.031546 0.839427 328.938 0.0934494 0.995358 0.0229941 -0.0232098 -0.834806 0.0909195 -0.542986 -72.5645 
-0.546076 0.0310415 0.83716 331.093 0.0928951 0.995394 0.0236863 0.00403683 -0.832569 0.0907026 -0.546445 -73.9676 
-0.549892 0.0305115 0.834678 333.273 0.0938632 0.99526 0.0254562 0.0162686 -0.829944 0.0923438 -0.55015 -75.3752 
-0.554132 0.029586 0.831903 335.396 0.0933681 0.995271 0.0267965 0.0440556 -0.827176 0.092522 -0.554273 -76.7458 
-0.558212 0.0279342 0.829228 337.452 0.092728 0.995272 0.0288939 0.0468349 -0.824501 0.0930216 -0.558163 -78.0877 
-0.561785 0.0268281 0.826848 339.62 0.0918561 0.995317 0.0301154 0.0889209 -0.822168 0.0928694 -0.561618 -79.5158 
-0.564711 0.026464 0.824864 341.779 0.0919811 0.995277 0.03104 0.143241 -0.820147 0.0934006 -0.564478 -80.9466 
-0.567554 0.0277645 0.822868 344.027 0.0920922 0.9953 0.0299357 0.23899 -0.81817 0.0927698 -0.567443 -82.4135 
-0.570539 0.0270486 0.820825 346.24 0.0885256 0.99566 0.0287224 0.297541 -0.816486 0.0890513 -0.570457 -83.8808 
-0.574101 0.0269784 0.81834 348.349 0.0857141 0.995946 0.0272985 0.347974 -0.814286 0.0858154 -0.574086 -85.2939 
-0.576398 0.0240798 0.816814 350.592 0.0834028 0.996079 0.02949 0.386314 -0.812901 0.0851226 -0.576147 -86.8367 
-0.579743 0.0237751 0.814453 352.806 0.0843077 0.995959 0.0309382 0.437967 -0.810426 0.0866008 -0.579404 -88.3529 
-0.582527 0.0239741 0.812457 354.984 0.083815 0.996008 0.0307045 0.488495 -0.808478 0.0859824 -0.582211 -89.8636 
-0.585541 0.0231875 0.810311 357.166 0.0821505 0.996142 0.0308577 0.532833 -0.80647 0.084636 -0.585187 -91.3791 
-0.588667 0.0198618 0.808131 359.279 0.080201 0.996201 0.0339367 0.589969 -0.804387 0.0847904 -0.588023 -92.8566 
-0.591955 0.0174988 0.805781 361.494 0.077493 0.996368 0.0352913 0.656673 -0.802237 0.0833333 -0.591161 -94.4119 
-0.594972 0.0168443 0.80357 363.598 0.0763949 0.996439 0.0356764 0.711645 -0.800108 0.0826151 -0.59414 -95.9237 
-0.597037 0.0175753 0.802021 365.707 0.0765416 0.996447 0.0351428 0.783895 -0.798554 0.0823696 -0.596261 -97.4718 
-0.599714 0.0169599 0.800035 367.861 0.0765039 0.996411 0.036225 0.837058 -0.796549 0.0829304 -0.598859 -99.0045 
-0.602105 0.0163646 0.798249 370.01 0.0761885 0.996405 0.0370406 0.890136 -0.794774 0.0831197 -0.601187 -100.587 
-0.603913 0.0150056 0.796909 372.144 0.0732234 0.996639 0.0367236 0.954609 -0.79368 0.0805302 -0.602982 -102.214 
-0.606803 0.0112453 0.794772 374.316 0.0627974 0.997453 0.0338323 1.01941 -0.792367 0.0704392 -0.605964 -103.817 
-0.609804 0.0133269 0.79244 376.365 0.0545587 0.998193 0.0251971 1.03666 -0.790672 0.0585998 -0.609429 -105.309 
-0.612817 0.0230672 0.789888 378.387 0.0646123 0.99769 0.0209924 1.05032 -0.787579 0.063901 -0.612892 -106.817 
-0.613316 0.0243101 0.789463 380.538 0.0721884 0.997068 0.0253785 1.08798 -0.786532 0.0725552 -0.613272 -108.467 
-0.614569 0.015146 0.788718 382.61 0.0715792 0.996762 0.0366333 1.1572 -0.785609 0.0789694 -0.613663 -110.097 
-0.617858 0.00449258 0.786277 384.743 0.0652509 0.996827 0.0455786 1.22748 -0.783577 0.0794664 -0.616191 -111.708 
-0.621167 -0.0059139 0.783656 386.913 0.0593777 0.996742 0.0545878 1.33433 -0.781426 0.0804398 -0.618792 -113.335 
-0.624426 -0.00651021 0.781057 388.996 0.0579658 0.996822 0.0546501 1.42716 -0.77893 0.0793996 -0.622064 -114.864 
-0.627145 -0.0013386 0.778901 391.098 0.0630368 0.996631 0.0524678 1.52685 -0.776348 0.0820043 -0.624948 -116.494 
-0.62783 0.0053048 0.778332 393.325 0.0678057 0.996548 0.0479023 1.65372 -0.775391 0.0828499 -0.626022 -118.444 
-0.629916 0.00793191 0.776623 395.485 0.068705 0.996597 0.0455477 1.75155 -0.773619 0.0820491 -0.628317 -120.154 
-0.632751 0.0080839 0.774313 397.605 0.0686229 0.996597 0.0456724 1.8381 -0.771309 0.0820348 -0.631152 -121.843 
-0.635692 0.00755739 0.771906 399.721 0.0695162 0.99645 0.0474932 1.93209 -0.768806 0.0838511 -0.63396 -123.53 
-0.639527 0.00690505 0.768737 401.775 0.0706434 0.996257 0.0498208 2.00277 -0.765516 0.086168 -0.637621 -125.162 
-0.643348 0.00626429 0.765548 403.82 0.0717587 0.996057 0.0521536 2.07951 -0.762204 0.0884877 -0.641261 -126.804 
-0.647153 0.00563512 0.762339 405.858 0.072862 0.995852 0.0544916 2.16234 -0.75887 0.09081 -0.644879 -128.456 
-0.647666 0.00589178 0.761902 407.856 0.0733298 0.99581 0.0546345 2.25955 -0.758388 0.091255 -0.645384 -130.185 
-0.648936 0.00537961 0.760824 409.576 0.0749103 0.995568 0.0568544 2.33133 -0.757146 0.0938884 -0.646463 -131.604 
-0.649538 0.00460901 0.760315 411.288 0.0768055 0.995264 0.0595817 2.40977 -0.75644 0.097097 -0.646816 -133.052 
-0.651085 0.0040745 0.758994 413.127 0.0782199 0.995021 0.0617574 2.50332 -0.754964 0.0995777 -0.648162 -134.542 
-0.652634 0.00403598 0.757662 415.079 0.0768112 0.995186 0.0608622 2.60637 -0.753769 0.0979177 -0.649803 -136.173 
-0.653841 0.00423954 0.75662 416.606 0.0728973 0.995685 0.0574157 2.71891 -0.753112 0.0926963 -0.651329 -137.598 
-0.654448 0.00341742 0.756099 418.531 0.0699368 0.995976 0.0560327 2.8225 -0.752866 0.0895497 -0.652054 -139.268 
-0.654598 0.00262435 0.755973 420.554 0.0694855 0.99597 0.05671 2.94653 -0.752777 0.0896515 -0.652142 -141.01 
-0.655118 0.00132531 0.755525 422.6 0.0672826 0.996128 0.0565934 3.05785 -0.752525 0.0879091 -0.65267 -142.746 
-0.656296 0.00060153 0.754503 424.582 0.0647245 0.996358 0.0555054 3.17502 -0.751722 0.0852628 -0.653945 -144.431 
-0.656976 0.000299294 0.753911 426.609 0.0641209 0.996399 0.0554808 3.29017 -0.75118 0.0847911 -0.654629 -146.145 
-0.65803 -0.0011604 0.752991 428.642 0.0643983 0.996248 0.0578121 3.404 -0.750233 0.0865335 -0.655486 -147.847 
-0.657461 -0.00298965 0.753482 430.618 0.0661832 0.995898 0.0617005 3.52207 -0.750576 0.0904336 -0.654567 -149.545 
-0.656489 -0.00431221 0.754323 432.639 0.0705666 0.995247 0.0671037 3.6547 -0.751028 0.0972829 -0.653065 -151.267 
-0.654877 -0.00475308 0.75572 434.65 0.0751237 0.994618 0.0713548 3.80905 -0.751992 0.103501 -0.650996 -152.988 
-0.652761 -0.00723931 0.757529 436.66 0.0691952 0.995205 0.0691358 3.95393 -0.754397 0.0975466 -0.64913 -154.683 
-0.65129 -0.00785478 0.758788 438.718 0.0621132 0.996039 0.0636244 4.09833 -0.756282 0.0885687 -0.648223 -156.42 
-0.649706 -0.0102358 0.760116 440.785 0.0567167 0.99647 0.0618968 4.23405 -0.758067 0.083326 -0.646832 -158.118 
-0.646361 -0.0104784 0.762959 442.844 0.055257 0.996637 0.0605 4.3603 -0.761028 0.0812637 -0.643609 -159.817 
-0.643655 -0.00955758 0.765256 444.915 0.0574271 0.9965 0.0607475 4.49781 -0.763158 0.0830469 -0.640853 -161.512 
-0.640064 -0.00961953 0.768261 446.934 0.0582234 0.996439 0.0609843 4.62861 -0.766112 0.0837647 -0.637225 -163.201 
-0.637717 -0.00855362 0.770223 449.002 0.056496 0.996726 0.0578457 4.75117 -0.768196 0.0804037 -0.635146 -164.859 
-0.636139 -0.0125977 0.771471 451.28 0.0505747 0.997036 0.0579838 4.91205 -0.769915 0.0759027 -0.633617 -166.816 
-0.6354 -0.0185488 0.771961 453.367 0.0418606 0.997414 0.0584213 5.03487 -0.771048 0.0694356 -0.63298 -168.463 
-0.63526 -0.0218417 0.771989 455.442 0.0348607 0.99777 0.0569161 5.15036 -0.771511 0.0630686 -0.633082 -170.086 
-0.634533 -0.0228739 0.772557 457.488 0.0326811 0.997874 0.0563873 5.25937 -0.772205 0.0610277 -0.632436 -171.713 
-0.633147 -0.0233213 0.77368 459.536 0.0337574 0.997763 0.0577014 5.36072 -0.773295 0.0626509 -0.630943 -173.393 
-0.632782 -0.0246712 0.773936 461.618 0.0351639 0.997546 0.0605499 5.48367 -0.773531 0.0655296 -0.630362 -175.02 
-0.63136 -0.026639 0.775032 463.744 0.0339169 0.997505 0.0619152 5.62862 -0.774748 0.0653775 -0.628881 -176.713 
-0.630532 -0.0266871 0.775704 465.841 0.0321204 0.997655 0.0604321 5.75845 -0.775498 0.0630203 -0.628197 -178.367 
-0.629483 -0.0256119 0.776592 467.91 0.0309649 0.997836 0.0580077 5.89463 -0.776397 0.0605619 -0.627327 -179.992 
-0.628588 -0.0240048 0.777368 470.054 0.0321709 0.997865 0.0568274 6.02434 -0.777072 0.0607296 -0.626474 -181.669 
-0.626741 -0.0234948 0.778874 472.157 0.0345402 0.997725 0.05789 6.14321 -0.778462 0.0631845 -0.624503 -183.355 
-0.625399 -0.0236072 0.779948 474.256 0.0361082 0.997596 0.0591482 6.26659 -0.779469 0.0651538 -0.623043 -185.003 
-0.624685 -0.0239061 0.780511 476.268 0.0359351 0.997592 0.0593157 6.38281 -0.780049 0.0651014 -0.622322 -186.567 
-0.623396 -0.0245991 0.781519 478.118 0.0355392 0.997581 0.0597484 6.47843 -0.781098 0.0650215 -0.621013 -187.92 
-0.622714 -0.02533 0.782039 480.22 0.0354568 0.997536 0.060543 6.60611 -0.781646 0.0654296 -0.620281 -189.54 
-0.621581 -0.0264777 0.782902 481.874 0.0350127 0.997491 0.0615332 6.68331 -0.782567 0.0656594 -0.619094 -190.906 
-0.621748 -0.0262413 0.782778 483.698 0.0338316 0.997606 0.0603149 6.75083 -0.782487 0.0639833 -0.619371 -192.226 
-0.62111 -0.0252307 0.783317 485.524 0.0338072 0.997689 0.0589421 6.82133 -0.782994 0.0630913 -0.618821 -193.648 
-0.62089 -0.02575 0.783474 486.825 0.0340434 0.997632 0.0597674 6.87763 -0.783158 0.0637812 -0.618543 -194.637 
-0.620457 -0.0273537 0.783763 488.393 0.0332485 0.997575 0.0611366 6.96867 -0.783535 0.0639917 -0.618043 -195.869 
-0.620258 -0.0287188 0.783872 490.533 0.0320191 0.99757 0.0618839 7.10794 -0.783744 0.0634829 -0.617831 -197.504 
-0.620817 -0.0295535 0.783398 492.546 0.0311819 0.997567 0.0623436 7.19976 -0.783335 0.0631318 -0.618385 -198.952 
-0.621545 -0.029068 0.782839 494.662 0.0310727 0.99761 0.0617133 7.33645 -0.782762 0.0626826 -0.619156 -200.562 
-0.621495 -0.0285098 0.782899 496.765 0.0318296 0.997593 0.0615955 7.46764 -0.782771 0.0632007 -0.619092 -202.195 
-0.621435 -0.0296 0.782906 497.869 0.0321223 0.997483 0.0632098 7.51388 -0.782806 0.0644296 -0.618921 -203.373 
-0.622345 -0.029993 0.782168 499.249 0.0336794 0.997314 0.0650405 7.60053 -0.782018 0.0668206 -0.619663 -204.643 
-0.621941 -0.0301547 0.782483 501.242 0.0336838 0.997303 0.0652061 7.71633 -0.782339 0.0669114 -0.619248 -206.222 
-0.621121 -0.0302392 0.783131 503.262 0.0330718 0.997354 0.0647411 7.84659 -0.783016 0.0661116 -0.618478 -207.821 
-0.619953 -0.0302872 0.784054 505.219 0.0332725 0.997341 0.0648348 7.95971 -0.783933 0.066282 -0.617297 -209.344 
-0.619437 -0.029684 0.784485 507.251 0.0341823 0.997317 0.064728 8.08634 -0.784302 0.0669104 -0.61676 -210.939 
-0.617246 -0.0299245 0.7862 509.502 0.0343203 0.997301 0.0649042 8.25038 -0.786021 0.0670445 -0.614554 -212.789 
-0.61444 -0.0296738 0.788406 511.964 0.0352678 0.99726 0.0650203 8.45829 -0.788175 0.0677564 -0.61171 -214.865 
-0.611625 -0.0294257 0.790601 514.434 0.0362157 0.997219 0.065133 8.66669 -0.790319 0.0684691 -0.608858 -216.932 
-0.610924 -0.0301049 0.791116 516.587 0.0361882 0.99717 0.0658915 8.80522 -0.790861 0.0688838 -0.608106 -218.555 
-0.609933 -0.0310582 0.791844 518.721 0.0360562 0.997109 0.0668822 8.97142 -0.791632 0.0693445 -0.60705 -220.136 
-0.609555 -0.0325172 0.792076 520.855 0.0356447 0.997024 0.0683618 9.12119 -0.791942 0.0699037 -0.606582 -221.709 
-0.609125 -0.0317821 0.792437 522.969 0.0360893 0.997051 0.0677293 9.26958 -0.792253 0.0698541 -0.606181 -223.274 
-0.609099 -0.0307692 0.792497 524.444 0.0374208 0.997019 0.0674708 9.33778 -0.792211 0.0707523 -0.606132 -224.433 
-0.609084 -0.0314271 0.792483 525.899 0.0375644 0.99695 0.0684066 9.37058 -0.792216 0.0714345 -0.606045 -225.557 
-0.608579 -0.0325264 0.792826 527.821 0.0368537 0.996923 0.0691888 9.49097 -0.792637 0.0713254 -0.605508 -227.05 
-0.608565 -0.0325947 0.792834 529.746 0.0366673 0.996933 0.0691307 9.63222 -0.792656 0.0711417 -0.605504 -228.545 
-0.608381 -0.0321105 0.792995 531.295 0.0367025 0.996974 0.068528 9.75386 -0.792796 0.0707961 -0.605362 -229.944 
-0.607928 -0.0331456 0.7933 533.294 0.0365405 0.996902 0.0696544 9.88378 -0.793151 0.0713324 -0.604833 -231.472 
-0.608339 -0.0347291 0.792917 535.406 0.036477 0.996763 0.0716431 10.0323 -0.792839 0.0725066 -0.605103 -233.028 
-0.609319 -0.036065 0.792104 537.55 0.037616 0.996526 0.0743082 10.1726 -0.792032 0.0750732 -0.605846 -234.594 
-0.609739 -0.0349136 0.791833 539.09 0.0372256 0.996665 0.0726101 10.2313 -0.791727 0.0737498 -0.606406 -235.839 
-0.609921 -0.0328346 0.791781 540.889 0.0369444 0.996877 0.0697985 10.3816 -0.7916 0.0718235 -0.606803 -237.291 
-0.609811 -0.0325221 0.791879 542.861 0.03731 0.996872 0.0696728 10.5237 -0.791668 0.0720323 -0.60669 -238.78 
-0.609825 -0.0344543 0.791786 544.79 0.0379455 0.996639 0.0725935 10.6351 -0.791627 0.0743141 -0.606469 -240.14 
-0.609778 -0.0352921 0.791786 546.9 0.0388418 0.996477 0.0743288 10.7979 -0.79162 0.0760785 -0.606259 -241.73 
-0.609595 -0.0342827 0.791971 548.972 0.0395454 0.996505 0.0735753 10.9588 -0.791726 0.07617 -0.606109 -243.279 
-0.608815 -0.0321359 0.792661 551.051 0.0426811 0.996405 0.0731779 11.122 -0.792163 0.0783835 -0.605255 -244.852 
-0.608865 -0.0309265 0.792671 553.206 0.043435 0.996441 0.0722399 11.3024 -0.792084 0.078414 -0.605354 -246.447 
-0.608887 -0.0293794 0.792713 555.376 0.0441367 0.996511 0.0708341 11.5105 -0.792028 0.0781177 -0.605466 -248.117 
-0.608852 -0.0302989 0.792705 557.459 0.0443498 0.996407 0.0721485 11.6594 -0.792043 0.0790841 -0.605321 -249.627 
-0.60861 -0.0311831 0.792856 559.624 0.043924 0.996371 0.0729041 11.8222 -0.792252 0.0791957 -0.605032 -251.244 
-0.608538 -0.0312536 0.792909 561.688 0.0438963 0.996368 0.0729625 11.9544 -0.79231 0.0792062 -0.604956 -252.83 
-0.609267 -0.0317875 0.792328 563.878 0.0433575 0.996366 0.0733133 12.011 -0.791779 0.0790207 -0.605674 -254.343 
-0.609018 -0.0322902 0.792499 565.952 0.0439329 0.996264 0.0743539 12.1737 -0.791939 0.0800997 -0.605324 -255.92 
-0.608591 -0.0335391 0.792774 567.854 0.0424887 0.996295 0.0747666 12.3192 -0.792345 0.0791863 -0.604912 -257.378 
-0.608419 -0.0350933 0.792839 569.399 0.0408669 0.996311 0.0754605 12.4113 -0.792563 0.0783125 -0.604741 -258.525 
-0.608508 -0.0345419 0.792796 571.475 0.0404669 0.996402 0.0744732 12.5631 -0.792515 0.0773996 -0.60492 -260.067 
-0.60745 -0.0329967 0.793672 573.468 0.0425873 0.996347 0.0740178 12.7056 -0.793215 0.0787625 -0.603826 -261.598 
-0.606565 -0.0319968 0.79439 575.175 0.0442007 0.996287 0.0738788 12.794 -0.793804 0.0799249 -0.602899 -262.937 
-0.606595 -0.0327108 0.794338 577.309 0.0444582 0.996194 0.0749737 12.9516 -0.793767 0.0807935 -0.602832 -264.497 
-0.605562 -0.0338404 0.795078 579.35 0.0444544 0.996097 0.0762544 13.1052 -0.794555 0.0815216 -0.601694 -266.031 
-0.605256 -0.0328125 0.795354 581.597 0.0444769 0.996195 0.0749446 13.2712 -0.794787 0.0807356 -0.601494 -267.675 
-0.604078 -0.0333234 0.796228 583.543 0.0438778 0.996219 0.0749823 13.3845 -0.795716 0.0802319 -0.600332 -269.082 
-0.603778 -0.0335399 0.796446 585.635 0.0431012 0.996279 0.0746298 13.5389 -0.795986 0.0793877 -0.600086 -270.604 
-0.602662 -0.0342792 0.79726 587.789 0.0425208 0.996278 0.0749783 13.7128 -0.796863 0.0790868 -0.598961 -272.182 
-0.602967 -0.0347818 0.797007 589.783 0.0418814 0.996291 0.0751635 13.8521 -0.796666 0.0787009 -0.599274 -273.411 
-0.602383 -0.0356644 0.79741 591.871 0.0406876 0.996331 0.0752976 14.011 -0.79717 0.0778027 -0.598721 -274.933 
-0.601833 -0.036493 0.797788 593.958 0.0391454 0.996407 0.0751088 14.1677 -0.797662 0.0764327 -0.598242 -276.441 
-0.601349 -0.0356676 0.79819 596.166 0.0385931 0.99654 0.0736066 14.348 -0.798054 0.0750679 -0.597892 -278.126 
-0.60125 -0.0356914 0.798264 598.25 0.0392676 0.996475 0.0741298 14.4913 -0.798096 0.0759164 -0.597729 -279.57 
-0.601475 -0.0372448 0.798022 599.994 0.0392077 0.996333 0.0760513 14.6047 -0.797928 0.0770317 -0.597809 -280.74 
-0.601592 -0.0386204 0.79787 602.009 0.0380956 0.996307 0.0769496 14.7351 -0.797895 0.0766876 -0.597899 -282.237 
-0.601216 -0.0378323 0.79819 604.038 0.0375719 0.996435 0.0755287 14.8916 -0.798202 0.0753987 -0.597652 -283.741 
-0.601251 -0.0372576 0.798191 606.072 0.0364642 0.996592 0.0739858 15.0412 -0.798227 0.0735895 -0.597844 -285.221 
-0.600882 -0.0360836 0.798523 608.255 0.0365671 0.996694 0.0725549 15.2162 -0.798501 0.0727966 -0.597576 -286.822 
-0.601052 -0.0362558 0.798387 610.419 0.0364894 0.996684 0.0727311 15.3804 -0.798376 0.0728478 -0.597736 -288.386 
-0.600533 -0.0369702 0.798744 612.528 0.0367258 0.996601 0.0737401 15.5389 -0.798756 0.073618 -0.597134 -289.949 
-0.598941 -0.0369794 0.799939 614.584 0.038135 0.996483 0.074618 15.6973 -0.799885 0.0751974 -0.595424 -291.483 
-0.59848 -0.0372898 0.800269 616.752 0.0384775 0.996425 0.0752053 15.8615 -0.800213 0.0758013 -0.594906 -293.091 
-0.598775 -0.0371782 0.800053 618.991 0.0378441 0.996493 0.0746298 16.0443 -0.800022 0.0749638 -0.595269 -294.682 
-0.598034 -0.0365839 0.800635 621.163 0.0376215 0.996575 0.0736384 16.2193 -0.800587 0.0741594 -0.59461 -296.288 
-0.596844 -0.0352108 0.801585 623.445 0.0379658 0.996678 0.072049 16.4218 -0.801459 0.0734348 -0.593524 -298.042 
-0.595583 -0.0357239 0.802499 625.492 0.0380917 0.996631 0.072636 16.5586 -0.80239 0.0738293 -0.592216 -299.561 
-0.595944 -0.0365018 0.802196 627.468 0.0371616 0.996642 0.0729565 16.6891 -0.802166 0.0732889 -0.592587 -300.895 
-0.595495 -0.0366245 0.802524 629.638 0.0370078 0.996649 0.0729445 16.8504 -0.802506 0.0731377 -0.592144 -302.433 
-0.594688 -0.0367163 0.803118 631.806 0.0378661 0.996569 0.0735991 17.0015 -0.803064 0.0741794 -0.591257 -303.961 
-0.593988 -0.0371305 0.803616 633.633 0.0378908 0.996534 0.0740508 17.1138 -0.803581 0.074435 -0.590523 -305.307 
-0.59341 -0.0375627 0.804023 635.755 0.0381053 0.996479 0.0746775 17.2739 -0.803998 0.0749519 -0.589889 -306.839 
-0.592247 -0.0375252 0.804882 637.921 0.0386294 0.996444 0.0748803 17.4429 -0.80483 0.0754398 -0.588691 -308.415 
-0.592249 -0.0364382 0.804931 640.032 0.0389462 0.996515 0.0737665 17.6079 -0.804813 0.0750371 -0.588765 -309.896 
-0.591686 -0.0349908 0.805409 642.189 0.0398363 0.996568 0.072561 17.7553 -0.805184 0.0750179 -0.588261 -311.441 
-0.591302 -0.0349877 0.805691 644.33 0.040457 0.996513 0.072966 17.9056 -0.805435 0.0757408 -0.587825 -312.963 
