1 -4.23778e-08 4.22719e-08 0 -4.23778e-08 1 -4.19404e-08 0 4.22719e-08 -4.19404e-08 1 0 
0.999995 -0.00262808 -0.00147288 -0.0150113 0.00263226 0.999992 0.00290246 -0.0157408 0.00146533 -0.00290641 0.999995 1.51426 
0.99999 -0.00325965 -0.00297583 -0.0480871 0.00327076 0.999987 0.0037648 -0.0324943 0.0029636 -0.00377458 0.999988 3.03411 
0.999989 -0.00217745 -0.0040628 -0.0892461 0.00219147 0.999991 0.00347091 -0.0466972 0.0040553 -0.00347986 0.999986 4.54898 
0.999984 -0.00150067 -0.00547265 -0.129814 0.0015186 0.999993 0.00328949 -0.0617003 0.00546776 -0.00329783 0.99998 6.08022 
0.999975 -0.0016436 -0.00681401 -0.161648 0.00166745 0.999992 0.00350774 -0.0778929 0.00680828 -0.0035191 0.999971 7.596 
0.999961 -0.00203676 -0.00856794 -0.19593 0.00207051 0.99999 0.00394135 -0.0941093 0.00855992 -0.00395903 0.999955 9.11867 
0.999937 -0.00434336 -0.0103512 -0.2253 0.00437593 0.999985 0.00313428 -0.112066 0.0103375 -0.00317946 0.999941 10.6106 
0.999918 -0.00540811 -0.0116436 -0.269199 0.00544753 0.999979 0.00336327 -0.125061 0.0116253 -0.00342651 0.999926 12.1201 
0.999903 -0.00516275 -0.0129207 -0.304293 0.00520743 0.99998 0.00343304 -0.143953 0.0129028 -0.00350008 0.999911 13.6289 
0.999889 -0.00455282 -0.0141974 -0.344355 0.00460164 0.999984 0.00341364 -0.161248 0.0141817 -0.00347868 0.999893 15.1003 
0.999884 -0.00307754 -0.014939 -0.382825 0.00313644 0.999987 0.00392614 -0.176044 0.0149268 -0.00397262 0.999881 16.5937 
0.999876 -0.00119554 -0.0156686 -0.426804 0.00126696 0.999989 0.00455441 -0.18817 0.0156631 -0.00457379 0.999867 18.0721 
0.999864 -0.000283218 -0.0164836 -0.465597 0.000368985 0.999986 0.00520547 -0.199337 0.016482 -0.00521093 0.999851 19.5592 
0.999857 -8.7177e-05 -0.0169023 -0.509294 0.000172563 0.999987 0.0050553 -0.208194 0.0169018 -0.00505758 0.999844 21.0522 
0.999842 0.000207977 -0.0177654 -0.543016 -0.000114636 0.999986 0.00525965 -0.221006 0.0177663 -0.00525687 0.999828 22.5142 
0.999836 0.00142262 -0.0180728 -0.586024 -0.0013193 0.999983 0.00573216 -0.230428 0.0180807 -0.00570746 0.99982 23.9786 
0.999835 0.00194871 -0.0180499 -0.629378 -0.00182332 0.999974 0.00696545 -0.243152 0.0180631 -0.00693148 0.999813 25.4461 
0.999834 0.00193274 -0.0181312 -0.674865 -0.00183036 0.999982 0.0056658 -0.257328 0.0181419 -0.00563175 0.999819 26.8897 
0.999826 0.00222333 -0.0184981 -0.712117 -0.00215424 0.999991 0.00375877 -0.272835 0.0185064 -0.00371835 0.999822 28.3391 
0.99983 9.11538e-05 -0.0184327 -0.74848 -2.55661e-05 0.999994 0.00356297 -0.285412 0.018433 -0.00356197 0.999824 29.7745 
0.999828 -0.000893705 -0.0185228 -0.788488 0.00100912 0.99998 0.00622715 -0.298585 0.018517 -0.00624486 0.999809 31.2152 
0.99982 -0.00241014 -0.0187902 -0.822544 0.00254846 0.99997 0.00734528 -0.310282 0.018772 -0.00739193 0.999796 32.6271 
0.999821 -0.00330995 -0.0186378 -0.86814 0.00343673 0.999971 0.00677889 -0.325099 0.0186149 -0.00684181 0.999803 34.0258 
0.999829 -0.00341413 -0.0181646 -0.911717 0.00350706 0.999981 0.0050909 -0.340012 0.018147 -0.00515382 0.999822 35.4154 
0.999839 -0.00317282 -0.0176628 -0.963256 0.00325301 0.999984 0.00451758 -0.364504 0.0176483 -0.0045744 0.999834 36.765 
0.999855 -0.00271207 -0.016833 -1.00608 0.00277136 0.99999 0.00350479 -0.378471 0.0168234 -0.00355101 0.999852 38.1387 
0.999874 -0.00191936 -0.0157691 -1.04582 0.00199186 0.999987 0.004589 -0.395559 0.0157602 -0.00461991 0.999865 39.4734 
0.999895 -0.00146067 -0.0143929 -1.08138 0.00155785 0.999976 0.00674911 -0.413473 0.0143828 -0.00677091 0.999874 40.8054 
0.999918 -0.00217213 -0.0126064 -1.119 0.00226868 0.999968 0.00765632 -0.424337 0.0125895 -0.00768438 0.999891 42.1381 
0.999943 -0.00203585 -0.0104274 -1.14683 0.00212288 0.999963 0.00834995 -0.441309 0.0104101 -0.0083717 0.999911 43.4302 
0.999974 -0.00219093 -0.0068857 -1.18591 0.0022441 0.999967 0.00773619 -0.452252 0.00686861 -0.00775152 0.999946 44.7095 
0.99999 -0.00291341 -0.00347946 -1.1996 0.00293425 0.999977 0.00602453 -0.46655 0.00346192 -0.00603476 0.999976 45.9566 
0.999995 -0.00313818 -0.000397826 -1.21264 0.00313974 0.999986 0.00420679 -0.478642 0.000384703 -0.0042081 0.999991 47.1869 
0.999989 -0.00290165 0.00355137 -1.22214 0.00288455 0.999984 0.00478693 -0.492228 -0.00356512 -0.00477672 0.999982 48.4117 
0.999957 -0.00267012 0.0088202 -1.22705 0.00262865 0.999985 0.00470082 -0.508943 -0.00883254 -0.00467752 0.99995 49.6259 
0.999885 -0.00117292 0.015111 -1.22546 0.0011139 0.999992 0.00390805 -0.525537 -0.0151154 -0.00389086 0.999878 50.8367 
0.999744 0.000294783 0.0226328 -1.22218 -0.00038279 0.999992 0.00388049 -0.536727 -0.0226314 -0.00388824 0.999736 52.0349 
0.999518 0.00120244 0.031018 -1.20638 -0.00135579 0.999987 0.00492034 -0.551044 -0.0310116 -0.0049601 0.999507 53.2183 
0.99915 0.0033712 0.0410727 -1.17197 -0.00360503 0.999978 0.00561812 -0.565236 -0.0410527 -0.0057615 0.99914 54.3896 
0.998536 0.00535004 0.0538229 -1.12663 -0.00565992 0.999968 0.00560484 -0.577653 -0.0537911 -0.00590135 0.998535 55.5508 
0.997621 0.00748615 0.0685337 -1.07091 -0.00792297 0.99995 0.00610284 -0.588448 -0.0684845 -0.00663139 0.99763 56.6947 
0.996377 0.00936623 0.0845324 -0.991905 -0.0100192 0.999923 0.00730279 -0.600784 -0.0844574 -0.00812336 0.996394 57.8317 
0.994713 0.0097548 0.102229 -0.889714 -0.0106406 0.99991 0.00812273 -0.608821 -0.10214 -0.00916764 0.994728 58.9678 
0.992592 0.00915741 0.121151 -0.770489 -0.0101307 0.999921 0.00741978 -0.621186 -0.121073 -0.00859224 0.992606 60.0661 
0.989932 0.00840126 0.141291 -0.632056 -0.00941408 0.999934 0.00650075 -0.629943 -0.141227 -0.0077655 0.989947 61.1544 
0.98672 0.00545976 0.162338 -0.470586 -0.00658427 0.999958 0.00638917 -0.641205 -0.162297 -0.00737328 0.986714 62.2168 
0.983002 0.000290493 0.183596 -0.277603 -0.00190813 0.999961 0.00863375 -0.651538 -0.183586 -0.00883739 0.982964 63.2741 
0.978429 -0.00543807 0.206512 -0.0563995 0.00341505 0.999943 0.0101509 -0.661819 -0.206555 -0.00922676 0.978391 64.3245 
0.973062 -0.0104458 0.230308 0.182379 0.00839739 0.999916 0.00987215 -0.670492 -0.230392 -0.00767229 0.973068 65.3544 
0.966734 -0.0166427 0.25524 0.445602 0.0150235 0.999853 0.00829207 -0.67707 -0.255341 -0.00418171 0.966842 66.3525 
0.959384 -0.0201956 0.28138 0.728062 0.0184057 0.99979 0.00900256 -0.682747 -0.281502 -0.00345799 0.959554 67.3311 
0.95087 -0.0227347 0.308754 1.02878 0.0201677 0.99973 0.0115029 -0.689788 -0.308932 -0.00471096 0.951072 68.2937 
0.941326 -0.0270102 0.336417 1.35842 0.0235485 0.999619 0.0143659 -0.692115 -0.336677 -0.00560098 0.941604 69.2389 
0.930539 -0.0302741 0.364938 1.7163 0.0268594 0.999535 0.0144304 -0.700156 -0.365205 -0.00362614 0.93092 70.1584 
0.918659 -0.0291872 0.393973 2.09304 0.0271556 0.999574 0.0107316 -0.7047 -0.394118 0.000839852 0.919059 71.0555 
0.905715 -0.0302211 0.422808 2.49683 0.0308028 0.99951 0.00545806 -0.708032 -0.422766 0.00808016 0.906203 71.9274 
0.891733 -0.032259 0.451411 2.93377 0.0345259 0.999399 0.0032158 -0.71658 -0.451243 0.0127177 0.89231 72.7852 
0.876201 -0.0328235 0.480827 3.38851 0.0337981 0.999407 0.00663434 -0.724611 -0.48076 0.010438 0.87679 73.6272 
0.858613 -0.0318776 0.511631 3.86411 0.0296462 0.999482 0.0125213 -0.73659 -0.511765 0.00441693 0.859114 74.4591 
0.839198 -0.0318459 0.542892 4.36779 0.0273845 0.999492 0.016299 -0.743059 -0.543136 0.00118875 0.839644 75.2588 
0.818187 -0.0253693 0.574392 4.89176 0.0229303 0.999671 0.0114896 -0.745102 -0.574494 0.0037703 0.8185 76.0324 
0.796296 -0.0182694 0.604631 5.44267 0.0196213 0.999798 0.00436844 -0.744976 -0.604589 0.008385 0.796494 76.7819 
0.774005 -0.0159216 0.632979 6.02443 0.018489 0.999826 0.00254071 -0.750863 -0.632909 0.00973655 0.774165 77.5054 
0.750802 -0.0186764 0.660264 6.6272 0.0197307 0.999788 0.00584394 -0.762239 -0.660233 0.00863975 0.751011 78.1963 
0.726577 -0.0189418 0.686824 7.25495 0.0198867 0.999781 0.006535 -0.773277 -0.686797 0.0089104 0.726795 78.8628 
0.701472 -0.0170666 0.712493 7.89523 0.0204427 0.999784 0.00382154 -0.781632 -0.712404 0.0118845 0.701669 79.498 
0.675406 -0.0146828 0.7373 8.55491 0.0202247 0.999794 0.0013832 -0.787637 -0.737169 0.0139774 0.675564 80.1096 
0.648718 -0.0121837 0.760931 9.23733 0.0184437 0.99983 0.000284765 -0.795011 -0.760805 0.0138497 0.648833 80.6994 
0.620883 -0.0107887 0.783829 9.93748 0.0181354 0.999835 -0.000603613 -0.808251 -0.783693 0.0145897 0.620977 81.2625 
0.592331 -0.00422106 0.805684 10.6616 0.0165097 0.99984 -0.00689966 -0.822286 -0.805526 0.0173885 0.592305 81.8017 
0.562478 0.00512339 0.826797 11.3982 0.0151316 0.999749 -0.0164894 -0.836321 -0.826674 0.0217856 0.562259 82.315 
0.531797 0.0135466 0.846763 12.16 0.013764 0.999602 -0.0246361 -0.85861 -0.84676 0.0247563 0.531399 82.8035 
0.500047 0.0182792 0.865805 12.9422 0.0113705 0.999552 -0.02767 -0.888083 -0.865924 0.0236809 0.499615 83.2729 
0.467661 0.0179919 0.883725 13.7547 0.00897762 0.999644 -0.0251029 -0.918064 -0.883862 0.0196734 0.467333 83.7139 
0.434313 0.016719 0.900607 14.5872 0.00389788 0.999783 -0.0204399 -0.95177 -0.900754 0.0123878 0.434154 84.1414 
0.400073 0.017877 0.916309 15.4345 -0.000463291 0.999813 -0.019304 -0.982775 -0.916483 0.00729848 0.400007 84.5279 
0.365118 0.0210302 0.930724 16.3009 -0.00772937 0.999779 -0.0195584 -1.00886 -0.930929 -5.27933e-05 0.365199 84.8868 
0.329279 0.0230384 0.943951 17.1838 -0.0129989 0.999718 -0.0198651 -1.03352 -0.944143 -0.00572919 0.329486 85.2136 
0.293257 0.0224942 0.955769 18.0945 -0.0155558 0.999703 -0.0187553 -1.05728 -0.955907 -0.0093676 0.29352 85.5083 
0.257325 0.0219716 0.966075 19.0174 -0.0165101 0.999695 -0.0183387 -1.08538 -0.966184 -0.011231 0.257609 85.7612 
0.221737 0.021413 0.974871 19.9542 -0.0158466 0.999706 -0.0183542 -1.11114 -0.974978 -0.0113786 0.222011 85.9775 
0.186285 0.0202665 0.982287 20.9059 -0.014158 0.999739 -0.0179417 -1.13382 -0.982394 -0.0105649 0.186523 86.1712 
0.151996 0.0191283 0.988196 21.8599 -0.00615167 0.999812 -0.018407 -1.16361 -0.988362 -0.00328126 0.152085 86.3128 
0.118408 0.0227096 0.992705 22.8369 -0.00408568 0.999741 -0.0223833 -1.19037 -0.992956 -0.00140551 0.118471 86.4314 
0.0858158 0.0277329 0.995925 23.7971 -0.0033267 0.999615 -0.0275491 -1.22154 -0.996305 -0.000949001 0.085875 86.5196 
0.0568978 0.0313691 0.997887 24.7569 0.003461 0.999494 -0.031617 -1.25709 -0.998374 0.00525262 0.0567604 86.5723 
0.0312518 0.029654 0.999071 25.7301 0.00513856 0.999542 -0.0298288 -1.28986 -0.999498 0.00606599 0.0310851 86.6123 
0.00873058 0.0266073 0.999608 26.7171 0.00694631 0.99962 -0.0266683 -1.32763 -0.999938 0.00717641 0.00854244 86.6297 
-0.0100387 0.0240104 0.999661 27.7 0.00717116 0.999688 -0.0239391 -1.36381 -0.999924 0.00692841 -0.0102077 86.6272 
-0.0266528 0.0271992 0.999275 28.6921 0.00849916 0.9996 -0.0269815 -1.39809 -0.999609 0.00777387 -0.0268733 86.6075 
-0.0412692 0.0315801 0.998649 29.681 0.0112426 0.999452 -0.031141 -1.43087 -0.999085 0.00994225 -0.0416016 86.571 
-0.0527892 0.0367258 0.99793 30.6764 0.0158759 0.999228 -0.0359338 -1.4674 -0.998479 0.0139462 -0.0533315 86.5138 
-0.0613447 0.040276 0.997304 31.6864 0.0213466 0.99901 -0.039032 -1.5102 -0.997888 0.0188946 -0.0621437 86.4472 
-0.0673271 0.0453362 0.9967 32.6816 0.0251986 0.998726 -0.0437262 -1.56246 -0.997413 0.0221715 -0.0683837 86.3845 
-0.070857 0.0501387 0.996225 33.6747 0.0266896 0.998474 -0.0483537 -1.61386 -0.997129 0.0231626 -0.0720871 86.3205 
-0.073891 0.0542252 0.995791 34.6764 0.0288832 0.998218 -0.0522142 -1.66701 -0.996848 0.0249035 -0.0753256 86.2547 
-0.0766913 0.056908 0.995429 35.6433 0.0289542 0.998076 -0.0548287 -1.73226 -0.996634 0.024617 -0.0781915 86.1853 
-0.0790225 0.0605203 0.995034 36.6594 0.0300955 0.997845 -0.0583013 -1.79615 -0.996418 0.0253389 -0.0806737 86.1091 
-0.0809803 0.064107 0.994652 37.6877 0.0312864 0.997601 -0.06175 -1.86224 -0.996224 0.0261185 -0.0827917 86.032 
-0.0831682 0.0655871 0.994375 38.7006 0.0338315 0.997442 -0.0629599 -1.9294 -0.995961 0.028405 -0.0851744 85.9519 
-0.0849792 0.0642891 0.994306 39.7307 0.034083 0.99752 -0.061584 -2.0024 -0.9958 0.0286556 -0.0869596 85.8644 
-0.087524 0.0639487 0.994108 40.7651 0.0334881 0.997562 -0.0612226 -2.0766 -0.995599 0.0279324 -0.0894522 85.7867 
-0.0892975 0.0651635 0.993871 41.7943 0.0339026 0.997478 -0.062354 -2.15182 -0.995428 0.0281268 -0.0912815 85.6919 
-0.0915587 0.0672913 0.993523 42.8133 0.0330294 0.99737 -0.0645081 -2.22421 -0.995252 0.0269092 -0.0935405 85.6076 
-0.09412 0.0696563 0.993121 43.8661 0.0309733 0.997271 -0.067012 -2.29557 -0.995079 0.024453 -0.0960206 85.5113 
-0.0965175 0.0733227 0.992627 44.9266 0.0285554 0.997076 -0.0708749 -2.37021 -0.994922 0.0215042 -0.0983291 85.416 
-0.0985037 0.077357 0.992125 45.9691 0.0255328 0.996842 -0.0751898 -2.4568 -0.994809 0.0179252 -0.100168 85.324 
-0.101284 0.0798259 0.99165 47.0063 0.0231668 0.996695 -0.0778659 -2.53925 -0.994588 0.0150868 -0.102799 85.2362 
-0.104145 0.0784041 0.991467 48.0451 0.0211533 0.996837 -0.0766068 -2.62281 -0.994337 0.0129946 -0.105474 85.1425 
-0.107055 0.0742794 0.991474 49.0959 0.0179992 0.997187 -0.072764 -2.70803 -0.99409 0.010056 -0.108091 85.0481 
-0.10932 0.0727461 0.991341 50.1537 0.0180597 0.997299 -0.0711919 -2.78936 -0.993842 0.0101206 -0.110339 84.94 
-0.111149 0.073111 0.991111 51.1975 0.0172406 0.997282 -0.0716329 -2.87589 -0.993654 0.00912545 -0.112107 84.8405 
-0.112195 0.0758998 0.990783 52.2537 0.0189122 0.997061 -0.0742392 -2.95954 -0.993506 0.0104086 -0.113301 84.7299 
-0.112873 0.0788071 0.990479 53.3127 0.0194915 0.996833 -0.0770915 -3.04327 -0.993418 0.0106044 -0.114051 84.6173 
-0.113302 0.0792604 0.990394 54.3522 0.018255 0.996811 -0.0776856 -3.13459 -0.993393 0.0092777 -0.114388 84.5199 
-0.113099 0.07793 0.990523 55.4157 0.015598 0.996936 -0.0766536 -3.2253 -0.993461 0.00678078 -0.113968 84.418 
-0.11322 0.0772475 0.990562 56.4867 0.0117124 0.997007 -0.0764115 -3.31679 -0.993501 0.00295062 -0.113786 84.3119 
-0.113318 0.0781722 0.990479 57.5499 0.00800573 0.996939 -0.0777663 -3.4064 -0.993526 -0.000882844 -0.113597 84.2144 
-0.113909 0.0782473 0.990405 58.6173 0.00357952 0.996919 -0.0783504 -3.49763 -0.993485 -0.0053796 -0.113838 84.1209 
-0.114307 0.0776914 0.990403 59.7007 0.000345406 0.99694 -0.0781645 -3.59065 -0.993445 -0.00859265 -0.113984 84.0213 
-0.114262 0.0726215 0.990793 60.7918 0.000906637 0.997332 -0.0729963 -3.67564 -0.99345 -0.00744239 -0.114023 83.9083 
-0.114903 0.0639651 0.991315 61.9009 0.00364299 0.997945 -0.0639707 -3.75812 -0.99337 -0.00373904 -0.114899 83.8007 
-0.114643 0.0585496 0.99168 63.0187 0.00895368 0.998282 -0.0579044 -3.83671 -0.993366 0.00224085 -0.114971 83.6756 
-0.113878 0.0609674 0.991622 64.1233 0.017032 0.998088 -0.0594091 -3.90713 -0.993349 0.0101239 -0.114699 83.5482 
-0.112618 0.0665181 0.991409 65.2287 0.0221717 0.997676 -0.0644201 -3.97804 -0.993391 0.0147264 -0.113831 83.4235 
-0.111475 0.07224 0.991138 66.3435 0.0255396 0.997233 -0.0698119 -4.05254 -0.993439 0.017531 -0.113012 83.2997 
-0.110672 0.0764857 0.990909 67.4574 0.0264263 0.996908 -0.0739973 -4.13823 -0.993506 0.0179966 -0.112351 83.1826 
-0.11048 0.0737773 0.991136 68.5801 0.0233154 0.997159 -0.0716268 -4.2222 -0.993605 0.0151955 -0.111886 83.0783 
-0.110088 0.0690842 0.991518 69.7134 0.0225476 0.997498 -0.0669975 -4.31115 -0.993666 0.0149808 -0.111371 82.9648 
-0.110052 0.0669574 0.991668 70.8533 0.02015 0.997673 -0.0651268 -4.39325 -0.993721 0.0128148 -0.111145 82.8561 
-0.109957 0.0677006 0.991628 71.9784 0.0183604 0.997646 -0.0660756 -4.47219 -0.993767 0.0109412 -0.110941 82.7478 
-0.109745 0.0728216 0.991289 73.111 0.01981 0.997275 -0.0710683 -4.55963 -0.993762 0.011838 -0.110888 82.6362 
-0.108832 0.0755006 0.991189 74.258 0.0194633 0.997082 -0.0738126 -4.64364 -0.99387 0.0112587 -0.109984 82.5141 
-0.108551 0.0743466 0.991307 75.3949 0.0195374 0.997166 -0.0726467 -4.73285 -0.993899 0.0114816 -0.109696 82.4039 
-0.107147 0.0675694 0.991944 76.56 0.0212428 0.997616 -0.0656612 -4.81973 -0.994016 0.0140363 -0.108327 82.2728 
-0.10744 0.0659332 0.992023 77.7106 0.020952 0.997727 -0.0640432 -4.90574 -0.993991 0.013904 -0.108577 82.1578 
-0.106719 0.0691492 0.991882 78.874 0.0186298 0.997543 -0.0675395 -4.98301 -0.994115 0.0112709 -0.107745 82.0446 
-0.106591 0.0722031 0.991678 80.0348 0.0177859 0.997339 -0.0707036 -5.06651 -0.994144 0.0101015 -0.107592 81.9362 
-0.106215 0.0715286 0.991767 81.2178 0.0171818 0.997392 -0.0700943 -5.15643 -0.994195 0.00959534 -0.107167 81.8188 
-0.105843 0.0681638 0.992044 82.4043 0.0165135 0.997631 -0.0667859 -5.24579 -0.994246 0.00931326 -0.106718 81.7056 
-0.104796 0.0670559 0.99223 83.5972 0.0172047 0.997697 -0.0656084 -5.32946 -0.994345 0.0101956 -0.105708 81.5927 
-0.103958 0.0672914 0.992303 84.7793 0.0188528 0.997663 -0.0656798 -5.41755 -0.994403 0.0118797 -0.104984 81.486 
-0.103115 0.0674069 0.992383 85.9767 0.0216898 0.997616 -0.0655087 -5.50157 -0.994433 0.0147696 -0.104331 81.3758 
-0.101929 0.0671917 0.99252 87.1761 0.0212313 0.997636 -0.0653578 -5.58088 -0.994565 0.0144106 -0.103115 81.2647 
-0.100381 0.0677284 0.992641 88.3966 0.0223226 0.997582 -0.0658083 -5.66747 -0.994699 0.0155525 -0.10165 81.1466 
-0.0993783 0.0659895 0.992859 89.6109 0.0230456 0.997683 -0.0640035 -5.75285 -0.994783 0.0165205 -0.100669 81.0408 
-0.0978701 0.065146 0.993065 90.8339 0.0215631 0.99776 -0.063329 -5.83883 -0.994965 0.0152155 -0.0990556 80.9294 
-0.0964801 0.0645439 0.99324 92.0564 0.0230653 0.997772 -0.062598 -5.92087 -0.995068 0.0168699 -0.0977539 80.8181 
-0.0951461 0.0652444 0.993323 93.2827 0.0211325 0.997757 -0.0635116 -6.00836 -0.995239 0.0149485 -0.0963114 80.7247 
-0.0939988 0.0677356 0.993265 94.5099 0.0215995 0.997587 -0.0659863 -6.0944 -0.995338 0.0152515 -0.095235 80.6276 
-0.0928368 0.0667187 0.993443 95.7414 0.0195356 0.997682 -0.0651778 -6.17775 -0.99549 0.0133566 -0.093925 80.5274 
-0.0923666 0.065262 0.993584 96.9855 0.0160661 0.997817 -0.0640466 -6.26546 -0.995595 0.0100473 -0.0932135 80.4301 
-0.0923446 0.0664726 0.993506 98.2258 0.0136295 0.99776 -0.0654904 -6.35018 -0.995634 0.0074933 -0.0930437 80.3339 
-0.0926692 0.0658198 0.993519 99.4794 0.0108429 0.99782 -0.0650935 -6.43698 -0.995638 0.00474045 -0.0931808 80.2373 
-0.0937853 0.0632867 0.993579 100.734 0.00809399 0.997993 -0.0628039 -6.52439 -0.995559 0.00215194 -0.0941093 80.1402 
-0.0950687 0.062129 0.99353 101.994 0.00612575 0.998068 -0.0618267 -6.60982 -0.995452 0.000208339 -0.0952656 80.0399 
-0.0966552 0.0613317 0.993426 103.253 0.00427132 0.998116 -0.0612057 -6.69899 -0.995309 -0.0016726 -0.0967351 79.9349 
-0.0980829 0.0616141 0.993269 104.512 0.00458877 0.998099 -0.0614607 -6.78232 -0.995168 -0.00147035 -0.0981792 79.8239 
-0.100155 0.0603492 0.99314 105.768 0.00423602 0.998176 -0.0602281 -6.86598 -0.994963 -0.0018252 -0.100228 79.7117 
-0.103298 0.0555609 0.993097 107.027 0.00131962 0.998445 -0.055723 -6.95232 -0.994649 -0.00444558 -0.103211 79.6007 
-0.107186 0.0555514 0.992686 108.282 0.00117618 0.998444 -0.0557467 -7.03388 -0.994238 -0.00480766 -0.107084 79.4771 
-0.112806 0.0613734 0.99172 109.503 -0.00350348 0.99806 -0.0621643 -7.11906 -0.993611 -0.010487 -0.112372 79.36 
-0.120061 0.0645402 0.990666 110.734 -0.00258031 0.997861 -0.0653217 -7.20383 -0.992763 -0.0103988 -0.119638 79.2367 
-0.12854 0.0606377 0.989849 111.99 -0.000578529 0.998124 -0.0612199 -7.29178 -0.991704 -0.00844187 -0.128264 79.0801 
-0.139275 0.0582787 0.988537 113.238 0.00168732 0.998279 -0.0586154 -7.38483 -0.990252 -0.0064957 -0.139134 78.9166 
-0.152088 0.0593706 0.986582 114.475 0.00242944 0.998214 -0.0596961 -7.4646 -0.988364 -0.00668221 -0.151961 78.7389 
-0.166459 0.059402 0.984257 115.698 0.00445258 0.998219 -0.0594917 -7.54732 -0.986038 -0.00552045 -0.166427 78.5522 
-0.181072 0.0572837 0.9818 116.914 0.00513756 0.998344 -0.0573015 -7.63015 -0.983456 -0.00533162 -0.181066 78.3457 
-0.196667 0.0596909 0.978652 118.119 0.00956587 0.998214 -0.0589618 -7.71673 -0.980424 -0.0022342 -0.196887 78.1192 
-0.21181 0.0628284 0.975289 119.287 0.00963288 0.998017 -0.0622006 -7.80166 -0.977263 -0.00377986 -0.211995 77.8819 
-0.227337 0.0665642 0.971538 120.454 0.00959519 0.997766 -0.0661159 -7.89106 -0.973769 -0.00570851 -0.227468 77.6371 
-0.243155 0.0648005 0.96782 121.631 0.00630375 0.99785 -0.0652275 -7.97405 -0.969967 -0.0097595 -0.243041 77.3634 
-0.258572 0.0591347 0.96418 122.811 0.000666412 0.998135 -0.0610385 -8.06118 -0.965992 -0.0151403 -0.25813 77.0629 
-0.274221 0.0552566 0.960078 123.979 -0.00333033 0.998287 -0.058407 -8.14868 -0.961661 -0.0192138 -0.273568 76.7515 
-0.28908 0.0569308 0.955611 125.138 -0.00483442 0.99813 -0.0609265 -8.22801 -0.957293 -0.0222324 -0.288264 76.4186 
-0.303596 0.0588601 0.950981 126.291 -0.00507758 0.997976 -0.0633899 -8.3107 -0.952787 -0.0240736 -0.302683 76.072 
-0.31729 0.0609439 0.946368 127.438 -0.0036887 0.997846 -0.0654958 -8.40132 -0.948321 -0.024272 -0.316382 75.701 
-0.331569 0.0609885 0.941457 128.589 -0.00145292 0.997874 -0.065155 -8.48794 -0.94343 -0.0229712 -0.330776 75.3145 
-0.345304 0.058952 0.936638 129.729 -0.00181883 0.997981 -0.0634836 -8.57695 -0.938489 -0.0236247 -0.344499 74.9102 
-0.35975 0.0575784 0.931271 130.862 -0.00235409 0.998035 -0.0626158 -8.66464 -0.933046 -0.0247183 -0.358907 74.4882 
-0.37431 0.0587733 0.925439 131.982 -0.00390968 0.99788 -0.0649553 -8.75529 -0.927295 -0.0279316 -0.373287 74.0518 
-0.389307 0.0608199 0.919098 133.092 -0.0033978 0.997716 -0.0674617 -8.84136 -0.921102 -0.0293862 -0.388211 73.604 
-0.40385 0.0623915 0.912695 134.188 -0.00222961 0.997601 -0.0691823 -8.93245 -0.914823 -0.0299742 -0.402742 73.136 
-0.418567 0.065059 0.905853 135.294 7.74758e-05 0.997433 -0.0716006 -9.02188 -0.908186 -0.0298995 -0.417498 72.6415 
-0.433157 0.0683696 0.898722 136.384 -0.000525409 0.997099 -0.0761069 -9.11565 -0.901318 -0.0334384 -0.431864 72.1318 
-0.448065 0.0705289 0.891214 137.47 0.000317638 0.996896 -0.0787326 -9.21227 -0.894001 -0.0349942 -0.446697 71.5995 
-0.463454 0.0678997 0.883516 138.555 -0.00100882 0.997019 -0.0771518 -9.31166 -0.88612 -0.0366476 -0.462004 71.0559 
-0.47956 0.0635938 0.875202 139.639 -0.00385387 0.997208 -0.0745707 -9.41079 -0.877501 -0.039134 -0.477976 70.4893 
-0.495858 0.0635426 0.866076 140.705 -0.00470275 0.997108 -0.0758487 -9.50812 -0.868391 -0.0416831 -0.494125 69.9076 
-0.511889 0.0628977 0.856746 141.771 -0.00574184 0.997043 -0.0766282 -9.60248 -0.859033 -0.0441444 -0.510014 69.2956 
-0.527848 0.0620377 0.84707 142.824 -0.00605602 0.997028 -0.0767941 -9.70386 -0.849317 -0.0456655 -0.525904 68.6703 
-0.543592 0.0617127 0.837077 143.876 -0.00727898 0.996909 -0.0782232 -9.80545 -0.839318 -0.0486146 -0.541463 68.015 
-0.55912 0.0609388 0.826844 144.916 -0.00784735 0.996861 -0.0787757 -9.90732 -0.829049 -0.0505336 -0.556887 67.3417 
-0.574491 0.0581129 0.816445 145.953 -0.00861216 0.996992 -0.0770238 -10.0099 -0.818465 -0.0512809 -0.572263 66.6427 
-0.589735 0.0546191 0.805748 146.978 -0.00861879 0.997228 -0.0739071 -10.1145 -0.807551 -0.0505302 -0.58763 65.9212 
-0.604925 0.0530268 0.794514 147.991 -0.00766105 0.997346 -0.072397 -10.2151 -0.796245 -0.0498816 -0.602914 65.1839 
-0.620032 0.0512215 0.782903 149.002 -0.00867178 0.997358 -0.0721201 -10.3134 -0.784529 -0.0515059 -0.61795 64.4209 
-0.635079 0.052222 0.77068 149.982 -0.0101855 0.997059 -0.0759551 -10.4135 -0.77238 -0.0560872 -0.632679 63.6492 
-0.650275 0.0517179 0.757936 150.956 -0.0123373 0.99683 -0.0786038 -10.5165 -0.759598 -0.060465 -0.647576 62.8388 
-0.666192 0.048504 0.744201 151.936 -0.014783 0.996828 -0.0782026 -10.611 -0.745634 -0.0630995 -0.663361 61.9878 
-0.682736 0.0408215 0.729524 152.899 -0.0185459 0.997148 -0.0731532 -10.7156 -0.730429 -0.063474 -0.680032 61.1254 
-0.699979 0.0381709 0.713142 153.84 -0.0197197 0.997157 -0.0727285 -10.8162 -0.713891 -0.0649714 -0.697236 60.251 
-0.717803 0.0353437 0.695349 154.758 -0.0217596 0.997084 -0.0731427 -10.9141 -0.695907 -0.0676325 -0.71494 59.3543 
-0.73558 0.0314601 0.676707 155.655 -0.0251667 0.996962 -0.073705 -11.0153 -0.676971 -0.0712464 -0.732553 58.4325 
-0.752211 0.0296145 0.658256 156.526 -0.0248821 0.997 -0.0732881 -11.1155 -0.658452 -0.0715069 -0.749218 57.4645 
-0.768453 0.0318305 0.639113 157.367 -0.0224296 0.996808 -0.076614 -11.2224 -0.639512 -0.0732094 -0.765287 56.4949 
-0.784076 0.0308716 0.619896 158.19 -0.0194751 0.997047 -0.0742873 -11.3312 -0.620359 -0.0703194 -0.781159 55.5002 
-0.798973 0.0320559 0.600512 158.979 -0.0154193 0.997158 -0.0737443 -11.4432 -0.601169 -0.0681792 -0.796208 54.4885 
-0.813832 0.0328916 0.580169 159.749 -0.0141421 0.99698 -0.0763597 -11.549 -0.580928 -0.0703487 -0.810909 53.4624 
-0.82793 0.0343827 0.559777 160.488 -0.013213 0.996646 -0.0807588 -11.6594 -0.560676 -0.0742589 -0.824698 52.4247 
-0.841167 0.0350221 0.53964 161.212 -0.0103514 0.996675 -0.0808186 -11.7722 -0.540676 -0.073568 -0.838008 51.34 
-0.853139 0.0330209 0.520637 161.913 -0.00924779 0.996881 -0.07838 -11.8854 -0.521602 -0.0716837 -0.850172 50.2413 
-0.864161 0.0342749 0.502047 162.576 -0.00701321 0.99676 -0.0801209 -11.997 -0.503166 -0.0727583 -0.861121 49.1543 
-0.8738 0.0368686 0.484886 163.212 -0.00453204 0.996461 -0.0839337 -12.1048 -0.486265 -0.0755388 -0.87054 48.0404 
-0.882754 0.0348473 0.468542 163.833 -0.0058206 0.996358 -0.0850694 -12.2316 -0.4698 -0.0778225 -0.879336 46.8915 
-0.891341 0.0320103 0.452202 164.458 -0.00705999 0.996403 -0.0844491 -12.3545 -0.453279 -0.0784655 -0.887909 45.7408 
-0.898858 0.0298501 0.437221 165.063 -0.00803514 0.996387 -0.0845448 -12.4862 -0.438165 -0.0795069 -0.895371 44.586 
-0.905695 0.0279752 0.423006 165.645 -0.00854947 0.996412 -0.0842023 -12.5981 -0.423844 -0.0798781 -0.902206 43.4082 
-0.912255 0.0249699 0.408861 166.203 -0.010014 0.996482 -0.0832003 -12.7222 -0.409501 -0.0799942 -0.908796 42.2517 
-0.9183 0.0202733 0.395367 166.762 -0.0122607 0.996752 -0.079588 -12.8341 -0.395696 -0.0779331 -0.915069 41.0675 
-0.923516 0.017038 0.383181 167.28 -0.0133578 0.996978 -0.0765244 -12.9392 -0.383327 -0.07579 -0.920498 39.8894 
-0.928062 0.0173274 0.372023 167.781 -0.010945 0.997217 -0.0737503 -13.0395 -0.372265 -0.0725167 -0.925289 38.702 
-0.931229 0.0214962 0.3638 168.257 -0.00647238 0.997126 -0.0754857 -13.1456 -0.364377 -0.0726491 -0.928413 37.4966 
-0.933471 0.0265871 0.357665 168.719 -0.0012063 0.99701 -0.0772611 -13.2491 -0.35865 -0.0725525 -0.930648 36.2948 
-0.935416 0.0297725 0.352293 169.184 0.00171408 0.996818 -0.0796905 -13.3561 -0.353545 -0.0739399 -0.932491 35.1018 
-0.937284 0.0270097 0.347518 169.651 -0.000455241 0.996897 -0.0787086 -13.4624 -0.348566 -0.0739305 -0.934364 33.9185 
-0.939286 0.0192891 0.342592 170.122 -0.00689041 0.997157 -0.0750348 -13.572 -0.343065 -0.0728397 -0.936483 32.724 
-0.941279 0.0128606 0.337385 170.589 -0.0127207 0.997214 -0.0735022 -13.6748 -0.33739 -0.0734778 -0.938493 31.5255 
-0.942964 0.00663881 0.332829 171.048 -0.0194088 0.997004 -0.0748754 -13.7797 -0.332329 -0.0770645 -0.94001 30.3209 
-0.944282 0.00423138 0.32911 171.501 -0.0227002 0.996699 -0.0779461 -13.8818 -0.328353 -0.0810739 -0.941069 29.1069 
-0.945049 0.00438112 0.326899 171.939 -0.0232155 0.996487 -0.0804699 -13.9905 -0.326103 -0.0836371 -0.941627 27.8938 
-0.945489 0.00500676 0.325616 172.383 -0.0231321 0.996323 -0.0824883 -14.1 -0.324832 -0.0855239 -0.941897 26.6982 
-0.94562 0.00734634 0.325189 172.819 -0.0211829 0.996232 -0.0841039 -14.2156 -0.324582 -0.0864188 -0.941901 25.5006 
-0.945289 0.00803898 0.326136 173.256 -0.0211366 0.996087 -0.085816 -14.3321 -0.32555 -0.0880143 -0.94142 24.3004 
-0.945003 0.00864612 0.326947 173.696 -0.0213273 0.995894 -0.0879806 -14.4478 -0.326365 -0.0901149 -0.940938 23.0973 
-0.944318 0.0101 0.328879 174.133 -0.0198126 0.99597 -0.087475 -14.5723 -0.328437 -0.0891201 -0.940312 21.8909 
-0.943556 0.00923863 0.331084 174.571 -0.0212074 0.995874 -0.0882281 -14.6906 -0.330533 -0.0902695 -0.939467 20.7015 
-0.942164 0.00794771 0.335058 175.014 -0.0230708 0.995809 -0.0884948 -14.8079 -0.334357 -0.0911066 -0.938032 19.5055 
-0.940534 0.00624843 0.339643 175.465 -0.0245884 0.995956 -0.0864126 -14.9239 -0.33881 -0.0896252 -0.936576 18.3175 
-0.938634 0.00375679 0.344893 175.928 -0.0266735 0.996155 -0.0834433 -15.0449 -0.34388 -0.0875222 -0.934926 17.1431 
-0.936054 0.0010539 0.351855 176.388 -0.0290798 0.996343 -0.0803465 -15.1632 -0.350653 -0.0854405 -0.9326 15.9681 
-0.933527 0.00340013 0.35849 176.862 -0.0271151 0.996421 -0.0800597 -15.2763 -0.35748 -0.0844584 -0.930094 14.8022 
-0.930413 0.00350391 0.366495 177.342 -0.0277139 0.996419 -0.079883 -15.3899 -0.365463 -0.0844812 -0.926984 13.6567 
-0.926686 0.00579956 0.37579 177.822 -0.0271208 0.996242 -0.082254 -15.4982 -0.374855 -0.0864154 -0.923047 12.5095 
-0.922259 0.00762588 0.386498 178.323 -0.0259531 0.996328 -0.0815875 -15.6013 -0.385701 -0.0852756 -0.918674 11.3421 
-0.917275 0.00893345 0.398155 178.831 -0.0263868 0.996188 -0.0831419 -15.7141 -0.39738 -0.08677 -0.913543 10.2037 
-0.911526 0.0113899 0.411085 179.37 -0.0254806 0.996131 -0.0840996 -15.8239 -0.410453 -0.0871337 -0.907709 9.05317 
-0.905339 0.0142223 0.424451 179.922 -0.0236788 0.996194 -0.0838863 -15.9374 -0.424028 -0.085996 -0.901557 7.90327 
-0.899008 0.013126 0.437736 180.494 -0.0251078 0.996362 -0.0814425 -16.0488 -0.437213 -0.084208 -0.895407 6.75677 
-0.892629 0.0160628 0.450505 181.084 -0.0233529 0.996375 -0.0817973 -16.1572 -0.450186 -0.0835352 -0.889018 5.6334 
-0.885697 0.0186873 0.463887 181.676 -0.0211019 0.996536 -0.0804345 -16.2687 -0.463783 -0.0810295 -0.882235 4.51566 
-0.87916 0.0194238 0.47613 182.288 -0.0199551 0.996792 -0.0775108 -16.3909 -0.476108 -0.0776456 -0.875952 3.47638 
-0.871631 0.0214986 0.48969 182.913 -0.0174682 0.997041 -0.0748654 -16.488 -0.489851 -0.073809 -0.868676 2.39182 
-0.863433 0.0245046 0.503868 183.552 -0.01419 0.997244 -0.0728152 -16.5992 -0.504264 -0.0700209 -0.860706 1.30707 
-0.854288 0.0280492 0.519043 184.206 -0.0102923 0.997434 -0.0708416 -16.7064 -0.519698 -0.0658613 -0.851807 0.243401 
-0.844134 0.0305078 0.535264 184.868 -0.00772529 0.997584 -0.0690413 -16.8123 -0.536077 -0.0624152 -0.841858 -0.777905 
-0.833428 0.0334868 0.551612 185.557 -0.00464885 0.997702 -0.0675917 -16.9126 -0.552608 -0.0588972 -0.831357 -1.79721 
-0.822198 0.0352559 0.568108 186.273 -0.00363722 0.997734 -0.0671819 -17.0034 -0.56919 -0.0573032 -0.820207 -2.81679 
-0.810358 0.0369954 0.584766 186.994 -0.00284212 0.997745 -0.0670612 -17.0958 -0.585928 -0.0560055 -0.808425 -3.80642 
-0.798283 0.038549 0.601048 187.751 -0.00137662 0.99783 -0.0658255 -17.2011 -0.602281 -0.0533748 -0.796497 -4.76666 
-0.784388 0.0389037 0.619049 188.518 -0.000671306 0.997977 -0.0635678 -17.2931 -0.62027 -0.0502774 -0.782775 -5.73786 
-0.769438 0.0405728 0.637431 189.303 0.00117503 0.998069 -0.0621092 -17.3798 -0.63872 -0.0470402 -0.768 -6.6687 
-0.753715 0.0417651 0.655873 190.063 0.000740321 0.998032 -0.0627026 -17.4704 -0.657201 -0.0467743 -0.752262 -7.51621 
-0.737605 0.0441261 0.673789 190.875 0.000889178 0.997925 -0.0643803 -17.5608 -0.675232 -0.0468881 -0.736114 -8.36473 
-0.719782 0.0451394 0.692731 191.706 0.000907071 0.997944 -0.064085 -17.6486 -0.6942 -0.0454989 -0.718343 -9.21799 
-0.700898 0.0456196 0.711801 192.568 0.000393825 0.997977 -0.0635729 -17.7326 -0.713262 -0.0442778 -0.699498 -10.0513 
-0.681175 0.0449461 0.730739 193.445 -0.00238086 0.997972 -0.0636024 -17.8128 -0.732116 -0.0450642 -0.679687 -10.8551 
-0.66147 0.0452958 0.748602 194.351 -0.00508305 0.997881 -0.0648704 -17.8933 -0.749954 -0.046715 -0.659838 -11.622 
-0.641147 0.0447951 0.76611 195.27 -0.00795244 0.997853 -0.0650008 -17.9772 -0.767377 -0.0477675 -0.639414 -12.3655 
-0.619871 0.0448637 0.78342 196.197 -0.00897098 0.997894 -0.0642441 -18.0646 -0.784652 -0.0468511 -0.618163 -13.0862 
-0.59678 0.044943 0.801145 197.153 -0.00961297 0.997958 -0.0631448 -18.1452 -0.802347 -0.0453849 -0.595129 -13.7941 
-0.572956 0.0458656 0.818302 198.119 -0.0100393 0.997965 -0.062965 -18.2252 -0.819525 -0.0442914 -0.57133 -14.4565 
-0.548311 0.0487644 0.834852 199.094 -0.00902597 0.997895 -0.064216 -18.3044 -0.836226 -0.0427457 -0.546717 -15.0833 
-0.521487 0.049822 0.851803 200.091 -0.00996293 0.99787 -0.064465 -18.3787 -0.853201 -0.0421041 -0.51988 -15.6903 
-0.494051 0.0489234 0.868055 201.118 -0.0122826 0.997923 -0.0632333 -18.4555 -0.869346 -0.0419025 -0.492424 -16.2726 
-0.465896 0.0471666 0.883582 202.16 -0.0142499 0.998049 -0.0607907 -18.534 -0.884725 -0.040913 -0.464314 -16.8171 
-0.436824 0.0490426 0.898209 203.21 -0.0156089 0.997949 -0.0620795 -18.6 -0.899411 -0.0411379 -0.435163 -17.301 
-0.40675 0.0516422 0.912079 204.242 -0.0170937 0.997796 -0.0641186 -18.6731 -0.91338 -0.041671 -0.40497 -17.7385 
-0.374912 0.053395 0.925521 205.315 -0.0159247 0.997822 -0.0640171 -18.7583 -0.926924 -0.0387394 -0.373245 -18.176 
-0.343264 0.0548041 0.937639 206.395 -0.0161827 0.997803 -0.064245 -18.8236 -0.9391 -0.0372264 -0.341622 -18.573 
-0.311255 0.0546083 0.948756 207.477 -0.0172225 0.997859 -0.0630848 -18.9113 -0.95017 -0.0359755 -0.309648 -18.9139 
-0.277577 0.0531947 0.95923 208.582 -0.0159132 0.998074 -0.0599538 -19.0014 -0.960572 -0.0319062 -0.276196 -19.2316 
-0.243292 0.0517249 0.968573 209.709 -0.0167721 0.998203 -0.0575202 -19.0763 -0.969808 -0.0302392 -0.241987 -19.5092 
-0.208643 0.0506006 0.976682 210.855 -0.0162316 0.998344 -0.0551904 -19.1503 -0.977857 -0.0273682 -0.207476 -19.7492 
-0.173921 0.0506915 0.983454 211.995 -0.0163227 0.998389 -0.054348 -19.2185 -0.984624 -0.0255049 -0.172813 -19.9437 
-0.1388 0.0500199 0.989056 213.108 -0.0164867 0.998468 -0.0528096 -19.2977 -0.990183 -0.0236362 -0.137762 -20.0977 
-0.104512 0.0489505 0.993318 214.165 -0.0157983 0.99858 -0.0508721 -19.3854 -0.994398 -0.0210095 -0.10359 -20.1876 
-0.0696143 0.0496468 0.996338 215.292 -0.0169925 0.998557 -0.0509447 -19.4548 -0.997429 -0.0204767 -0.0686702 -20.2558 
-0.0354436 0.0494036 0.99815 216.445 -0.0179891 0.998584 -0.0500639 -19.5192 -0.99921 -0.0197302 -0.0345047 -20.2848 
-0.0018031 0.0486438 0.998814 217.61 -0.0198756 0.998617 -0.0486702 -19.5894 -0.999801 -0.0199398 -0.00083378 -20.28 
0.0307246 0.0482144 0.998364 218.755 -0.0195122 0.998674 -0.047629 -19.6656 -0.999337 -0.0180169 0.0316246 -20.2289 
0.0633971 0.0479126 0.996838 219.899 -0.0179678 0.99874 -0.0468614 -19.7218 -0.997827 -0.0149401 0.0641781 -20.1488 
0.0955006 0.0456928 0.99438 221.05 -0.0165434 0.998881 -0.0443108 -19.7859 -0.995292 -0.0122187 0.0961496 -20.0341 
0.12697 0.0446237 0.990902 222.205 -0.0156307 0.998953 -0.0429836 -19.8467 -0.991783 -0.0100309 0.127535 -19.8875 
0.157272 0.0447806 0.98654 223.359 -0.0138612 0.998973 -0.0431353 -19.9049 -0.987458 -0.00689066 0.157731 -19.7 
0.188036 0.0447711 0.981141 224.52 -0.0117161 0.998992 -0.0433404 -19.9587 -0.982092 -0.00334566 0.18837 -19.4835 
0.218547 0.0438515 0.974841 225.668 -0.00886983 0.999038 -0.0429516 -20.0168 -0.975786 0.000740269 0.218726 -19.2248 
0.248505 0.0426925 0.967689 226.795 -0.00662683 0.99908 -0.0423757 -20.0689 -0.968608 0.00411784 0.248559 -18.9268 
0.278792 0.041287 0.959463 227.938 -0.00428755 0.999119 -0.0417477 -20.128 -0.960342 0.00752517 0.278724 -18.5969 
0.308218 0.0408149 0.95044 229.052 -0.00121747 0.999095 -0.0425096 -20.1837 -0.951315 0.0119451 0.307989 -18.2313 
0.33698 0.0396349 0.940677 230.15 0.000250059 0.99911 -0.0421866 -20.2464 -0.941512 0.0144512 0.33667 -17.8356 
0.364868 0.037729 0.930294 231.237 0.00139089 0.999155 -0.0410673 -20.3052 -0.931058 0.0162781 0.364508 -17.3989 
0.392562 0.0368066 0.918989 232.283 0.00156818 0.999171 -0.0406879 -20.3648 -0.919724 0.0174137 0.392178 -16.9348 
0.421177 0.0379818 0.906183 233.352 0.00346499 0.999048 -0.0434847 -20.4195 -0.906972 0.0214546 0.420644 -16.4439 
0.449642 0.0389798 0.892358 234.413 0.00503533 0.998921 -0.046172 -20.4813 -0.893195 0.0252541 0.44896 -15.9101 
0.477109 0.0370299 0.878063 235.447 0.00677398 0.998927 -0.0458079 -20.5485 -0.878818 0.0278033 0.476347 -15.35 
0.503752 0.0345684 0.863156 236.456 0.00788763 0.998973 -0.0446112 -20.6101 -0.863812 0.0292812 0.502962 -14.7551 
0.5288 0.0320089 0.848143 237.452 0.00818871 0.99905 -0.0428098 -20.6787 -0.848707 0.029583 0.528035 -14.1182 
0.551289 0.0319898 0.833701 238.405 0.00730567 0.999041 -0.0431651 -20.7418 -0.834282 0.0298872 0.550526 -13.4503 
0.572369 0.0318092 0.819379 239.386 0.00675135 0.999031 -0.0434997 -20.802 -0.819969 0.0304298 0.571599 -12.754 
0.592142 0.0304168 0.80526 240.36 0.00638767 0.999079 -0.0424352 -20.8629 -0.805808 0.0302713 0.591402 -12.0242 
0.610819 0.0277856 0.791283 241.328 0.00665296 0.999169 -0.0402212 -20.9226 -0.791742 0.0298322 0.610126 -11.2682 
0.628618 0.024465 0.77733 242.293 0.00830407 0.999237 -0.0381647 -20.9811 -0.77767 0.030446 0.627935 -10.4924 
0.644776 0.0221231 0.764051 243.225 0.00960014 0.999268 -0.0370354 -21.0339 -0.764311 0.0312145 0.644091 -9.69515 
0.660133 0.0199683 0.750883 244.132 0.0116173 0.999256 -0.0367867 -21.0887 -0.751059 0.0330073 0.65941 -8.87692 
0.675511 0.0193555 0.737096 245.03 0.0117606 0.999245 -0.0370174 -21.1441 -0.737256 0.0336743 0.674774 -8.04252 
0.690286 0.0173816 0.723328 245.896 0.01335 0.999235 -0.0367519 -21.2005 -0.723413 0.0350258 0.689526 -7.18422 
0.704853 0.0153486 0.709187 246.769 0.0130905 0.999314 -0.0346383 -21.2487 -0.709232 0.0336985 0.704169 -6.29956 
0.719224 0.0122357 0.694671 247.621 0.0141713 0.999378 -0.0322751 -21.3052 -0.694634 0.0330574 0.718603 -5.39361 
0.73331 0.0105173 0.679813 248.466 0.0149751 0.999388 -0.0316151 -21.3536 -0.67973 0.0333639 0.732703 -4.46843 
0.747128 0.0100421 0.664604 249.289 0.0161337 0.999317 -0.0332368 -21.4056 -0.664484 0.0355547 0.746456 -3.53699 
0.759587 0.00881513 0.650346 250.094 0.0172894 0.999281 -0.0337385 -21.4565 -0.650176 0.0368714 0.758889 -2.57685 
0.77124 0.00842509 0.636488 250.875 0.0167313 0.999299 -0.0335012 -21.5049 -0.636324 0.0364867 0.770559 -1.60684 
0.782188 0.00584934 0.623015 251.648 0.0174889 0.999356 -0.03134 -21.5528 -0.622797 0.0354095 0.781582 -0.607606 
0.792795 0.00318401 0.60948 252.401 0.0192649 0.999356 -0.0302802 -21.6035 -0.609183 0.0357475 0.792223 0.399374 
0.802855 0.0025607 0.596168 253.142 0.0195859 0.999338 -0.0306688 -21.6518 -0.595852 0.0362991 0.802273 1.41578 
0.811837 8.7937e-05 0.583884 253.871 0.0235829 0.999179 -0.0329405 -21.6975 -0.583407 0.040512 0.811169 2.45278 
0.820511 -0.00205922 0.571627 254.599 0.0249333 0.999171 -0.0321899 -21.742 -0.571086 0.0406647 0.819882 3.51065 
0.828363 -0.00528536 0.560167 255.31 0.0277875 0.999112 -0.0316649 -21.791 -0.559502 0.0417956 0.827774 4.57448 
0.835358 -0.00657269 0.549668 256.011 0.0289383 0.999068 -0.0320328 -21.836 -0.548945 0.0426652 0.834769 5.65858 
0.84078 -0.00808801 0.541317 256.708 0.0298586 0.999059 -0.0314496 -21.8848 -0.540553 0.0426051 0.84023 6.7629 
0.84458 -0.00738272 0.535378 257.331 0.0272642 0.999201 -0.0292319 -21.9541 -0.534734 0.0392853 0.844107 7.73307 
0.84745 -0.00926899 0.530794 258.02 0.0283195 0.999213 -0.0277655 -22.0044 -0.530119 0.0385616 0.847046 8.86194 
0.850204 -0.0104087 0.52635 258.7 0.0292832 0.999192 -0.0275414 -22.048 -0.525638 0.038829 0.849822 9.9842 
0.85248 -0.0117243 0.522628 259.379 0.0301861 0.999184 -0.026823 -22.0928 -0.521887 0.0386421 0.852139 11.1229 
0.854828 -0.0140926 0.51872 260.087 0.0314447 0.999201 -0.0246733 -22.1371 -0.517957 0.0374024 0.854588 12.2837 
0.857282 -0.0158312 0.514603 260.837 0.0330413 0.999158 -0.024306 -22.1766 -0.513785 0.0378402 0.857084 13.5137 
0.859708 -0.0173431 0.510491 261.517 0.0345935 0.999106 -0.0243155 -22.2219 -0.509613 0.0385639 0.859539 14.6663 
0.861975 -0.0181331 0.506627 262.209 0.0351678 0.999091 -0.0240754 -22.2585 -0.50573 0.0385693 0.861829 15.8507 
0.864186 -0.0180796 0.502848 262.872 0.0347738 0.999111 -0.0238395 -22.3028 -0.50197 0.0380876 0.864046 17.0156 
0.866233 -0.0182875 0.499305 263.53 0.0346365 0.999124 -0.0234966 -22.3436 -0.498438 0.0376477 0.866108 18.1822 
0.868387 -0.0178108 0.495566 264.202 0.0338677 0.999151 -0.0234372 -22.3892 -0.494728 0.0371362 0.868254 19.367 
0.869736 -0.0175335 0.493205 264.882 0.0334006 0.999168 -0.0233794 -22.4367 -0.492385 0.0368072 0.869599 20.5763 
