1 2.12261e-08 -2.11895e-08 0 2.12261e-08 1 2.10703e-08 0 -2.11895e-08 2.10703e-08 1 0 
1 -0.000435429 0.000266053 -0.0369495 0.000435135 0.999999 0.00126419 -0.0118587 -0.000266646 -0.00126403 0.999999 1.34616 
0.999999 -0.00147859 -0.000105463 -0.0599928 0.00147876 0.999998 0.00119757 -0.025594 0.00010365 -0.00119769 0.999999 2.70582 
0.999995 -0.00302192 4.70525e-05 -0.0900282 0.00302195 0.999995 0.000133915 -0.0455885 -4.74992e-05 -0.00013373 1 4.05865 
0.999994 -0.00346229 0.000204426 -0.114661 0.00346229 0.999994 0.000219611 -0.0631319 -0.000205228 -0.00021886 1 5.40073 
0.999991 -0.00416328 0.000544606 -0.149435 0.00416276 0.999991 0.0010281 -0.0795373 -0.000548924 -0.00102578 0.999999 6.76119 
0.999983 -0.00580663 0.00100649 -0.171945 0.0058044 0.999981 0.00224834 -0.0988902 -0.00101956 -0.00224242 0.999997 8.12757 
0.999986 -0.00525599 0.00100952 -0.198828 0.00525347 0.999983 0.00252897 -0.114853 -0.00102283 -0.00252359 0.999996 9.48931 
0.999989 -0.00465292 0.000386844 -0.20833 0.00465263 0.999989 0.000856126 -0.134676 -0.000390865 -0.000854275 1 10.8739 
0.999998 -0.00199478 0.000453954 -0.232563 0.00199551 0.999997 -0.00151168 -0.152065 -0.00045098 0.00151262 0.999999 12.233 
0.999998 0.00150764 0.0010842 -0.268575 -0.00150504 0.999996 -0.00235926 -0.175969 -0.0010878 0.00235767 0.999997 13.5864 
0.999992 0.0038468 0.00149168 -0.30284 -0.00384295 0.999989 -0.00254318 -0.196954 -0.00150149 0.00253747 0.999996 14.9416 
0.999986 0.00493047 0.00181107 -0.331988 -0.00492742 0.999987 -0.00165881 -0.22384 -0.00181926 0.0016499 0.999997 16.2924 
0.999993 0.00284366 0.00261958 -0.355894 -0.00284565 0.999996 0.000774091 -0.241425 -0.00261741 -0.000781497 0.999996 17.655 
0.999995 -0.0013698 0.00281459 -0.374769 0.00136242 0.999996 0.00263833 -0.262859 -0.00281823 -0.00263444 0.999993 19.0215 
0.99999 -0.00368962 0.00249416 -0.388419 0.00368865 0.999993 0.000408431 -0.286483 -0.00249569 -0.000399185 0.999997 20.3879 
0.999985 -0.00482578 0.00273285 -0.411407 0.00483049 0.999987 -0.00170466 -0.30432 -0.00272463 0.00171788 0.999995 21.749 
0.999991 -0.002178 0.00368592 -0.437963 0.0021908 0.999992 -0.00345881 -0.325386 -0.0036784 0.0034669 0.999987 23.1227 
0.99999 0.000420177 0.00451589 -0.460177 -0.000413999 0.999999 -0.0013595 -0.350241 -0.0045165 0.00135766 0.999989 24.5 
0.999986 0.000919338 0.0052701 -0.491422 -0.000930993 0.999997 0.00221756 -0.371335 -0.00526809 -0.0022224 0.999984 25.8591 
0.999982 -0.00115257 0.00583952 -0.506966 0.00112979 0.999992 0.00391068 -0.386212 -0.00584402 -0.00390397 0.999975 27.2372 
0.999973 -0.00502391 0.00536811 -0.515784 0.00501263 0.999985 0.00212147 -0.40261 -0.00537873 -0.00209446 0.999983 28.621 
0.999971 -0.00540402 0.00532624 -0.53391 0.00540526 0.999985 -0.000210697 -0.426681 -0.00532507 0.000239522 0.999986 29.9972 
0.999965 -0.00572049 0.00605084 -0.552254 0.00573593 0.99998 -0.00252988 -0.452612 -0.00603629 0.00256454 0.999979 31.3785 
0.999974 -0.00247445 0.0067175 -0.571392 0.00249793 0.999991 -0.00348268 -0.479473 -0.00670887 0.00349941 0.999971 32.7534 
0.999973 -0.00185996 0.00710239 -0.593067 0.001899 0.999983 -0.00548714 -0.506977 -0.0070921 0.00550052 0.99996 34.1522 
0.999973 -0.000827861 0.00730289 -0.610022 0.000864496 0.999987 -0.00500888 -0.535429 -0.00729869 0.0050151 0.999961 35.557 
0.999972 -0.00109337 0.00741406 -0.628334 0.00112045 0.999993 -0.00364451 -0.566163 -0.00741007 0.00365275 0.999966 36.9648 
0.999973 0.000160323 0.00732042 -0.648067 -0.000143704 0.999997 -0.00226477 -0.591788 -0.00732081 0.0022637 0.999971 38.3711 
0.999966 0.00311441 0.0075997 -0.671229 -0.00309829 0.999993 -0.00212623 -0.615352 -0.00760631 0.00210265 0.999969 39.778 
0.999953 0.00553101 0.00801145 -0.687267 -0.00551143 0.999982 -0.00245937 -0.644343 -0.00802495 0.00241514 0.999965 41.2033 
0.999934 0.0079833 0.00822491 -0.709567 -0.00796455 0.999966 -0.00230414 -0.659189 -0.00824306 0.00223852 0.999964 42.6354 
0.999928 0.00885696 0.00812404 -0.732775 -0.00883943 0.999959 -0.00218541 -0.685255 -0.0081431 0.00211348 0.999965 44.0793 
0.999937 0.00818955 0.00771826 -0.744633 -0.00816869 0.999963 -0.00272432 -0.700094 -0.00774033 0.00266114 0.999967 45.5168 
0.999946 0.00751525 0.00724223 -0.767476 -0.00749346 0.999967 -0.00302531 -0.724187 -0.00726477 0.00297092 0.999969 46.9588 
0.999953 0.00697147 0.00676505 -0.79092 -0.00695204 0.999972 -0.00288445 -0.753337 -0.00678501 0.00283733 0.999973 48.3765 
0.999953 0.00746569 0.00617884 -0.815863 -0.00745512 0.999971 -0.00172506 -0.780503 -0.00619158 0.00167895 0.999979 49.7974 
0.999958 0.0076831 0.00506026 -0.836417 -0.00767297 0.999969 -0.00201103 -0.805592 -0.00507559 0.00197216 0.999985 51.2379 
0.999959 0.00806205 0.00403139 -0.855932 -0.0080557 0.999966 -0.001578 -0.830142 -0.00404402 0.0015455 0.999991 52.6691 
0.999961 0.00822176 0.00315005 -0.878048 -0.00821921 0.999966 -0.000808468 -0.852017 -0.00315663 0.000782588 0.999995 54.1373 
0.999976 0.0064003 0.00254509 -0.896783 -0.00640069 0.99998 0.000161347 -0.876759 -0.00254405 -0.000177591 0.999997 55.586 
0.999983 0.0054493 0.00226649 -0.920908 -0.00545003 0.999985 0.000336936 -0.900848 -0.00226466 -0.000349241 0.999997 57.019 
0.999994 0.00276832 0.00194114 -0.942135 -0.00276798 0.999996 -0.000153488 -0.92553 -0.0019416 0.000148156 0.999998 58.4536 
0.999997 0.00150916 0.00192802 -0.957487 -0.00150931 0.999999 9.8727e-05 -0.952609 -0.00192791 -0.000101595 0.999998 59.8932 
0.999997 0.000104023 0.00249555 -0.98231 -0.000106167 1 0.000875886 -0.980604 -0.00249551 -0.000876106 0.999997 61.3163 
0.999995 -0.00122188 0.00289654 -1.00656 0.00121725 0.999998 0.00161369 -1.00457 -0.00289855 -0.00161011 0.999995 62.7861 
0.99999 -0.002509 0.00359333 -1.02817 0.0025058 0.999996 0.000905159 -1.02782 -0.00359563 -0.000896104 0.999993 64.2255 
0.999985 -0.00355654 0.00423751 -1.04736 0.00355594 0.999994 0.000159588 -1.0511 -0.0042381 -0.000144475 0.999991 65.6402 
0.999984 -0.00278501 0.00486144 -1.06767 0.00278725 0.999996 -0.000445831 -1.07333 -0.00486022 0.000459416 0.999988 67.0791 
0.999983 -0.00135367 0.00564511 -1.08121 0.00135843 0.999999 -0.000833132 -1.09801 -0.00564402 0.000840828 0.999984 68.5214 
0.999979 0.00218409 0.00605196 -1.09509 -0.00218636 0.999998 0.000375967 -1.12324 -0.00605116 -0.000389149 0.999982 69.9632 
0.999958 0.00597776 0.00691701 -1.10748 -0.00598749 0.999981 0.00139286 -1.14407 -0.0069086 -0.00143417 0.999975 71.4062 
0.999915 0.0103153 0.00797944 -1.14291 -0.0103282 0.999945 0.00158493 -1.16457 -0.0079627 -0.00166717 0.999967 72.8443 
0.999856 0.0143776 0.00897309 -1.17611 -0.0143897 0.999896 0.00128643 -1.19324 -0.0089537 -0.00141532 0.999959 74.2412 
0.999799 0.0174172 0.00996376 -1.22671 -0.0174223 0.999848 0.00042849 -1.20614 -0.00995483 -0.000601954 0.99995 75.6784 
0.999754 0.0193075 0.0109182 -1.24287 -0.0193122 0.999813 0.000330362 -1.23197 -0.0109098 -0.000541093 0.99994 77.0927 
0.999735 0.019776 0.0117887 -1.26512 -0.0197848 0.999804 0.000632875 -1.25337 -0.0117739 -0.000865901 0.99993 78.4917 
0.999761 0.018375 0.0118408 -1.28645 -0.0183804 0.999831 0.000353781 -1.2772 -0.0118324 -0.000571294 0.99993 79.9297 
0.999771 0.0177212 0.0119778 -1.29856 -0.0177137 0.999843 -0.000720774 -1.3025 -0.0119887 0.00050848 0.999928 81.3181 
0.999785 0.017076 0.0117303 -1.30933 -0.0170694 0.999854 -0.000657603 -1.33083 -0.0117398 0.000457275 0.999931 82.718 
0.999787 0.0168074 0.0119506 -1.34949 -0.0168025 0.999859 -0.000505731 -1.35496 -0.0119574 0.000304866 0.999929 84.1246 
0.999798 0.0163527 0.0116507 -1.36846 -0.0163404 0.999866 -0.00114959 -1.37264 -0.011668 0.000959026 0.999932 85.5324 
0.999806 0.0163684 0.0109276 -1.38141 -0.0163589 0.999866 -0.000952562 -1.39324 -0.0109418 0.000773656 0.99994 86.9326 
0.99982 0.0158782 0.0103902 -1.41791 -0.0158765 0.999874 -0.000238666 -1.41506 -0.0103927 7.3704e-05 0.999946 88.3148 
0.999856 0.0139752 0.00967188 -1.43593 -0.0139803 0.999902 0.000456391 -1.43237 -0.0096646 -0.000591498 0.999953 89.6813 
0.999892 0.0120348 0.0084637 -1.44986 -0.0120434 0.999927 0.000975463 -1.45947 -0.00845139 -0.00107725 0.999964 91.0716 
0.999927 0.0092726 0.00772905 -1.46062 -0.00928198 0.999956 0.00118395 -1.48485 -0.00771778 -0.00125556 0.999969 92.4818 
0.999942 0.00798959 0.00724682 -1.47263 -0.00799316 0.999968 0.000469461 -1.50398 -0.00724288 -0.000527317 0.999974 93.8788 
0.999952 0.00683648 0.00697093 -1.48448 -0.00683707 0.999977 6.72379e-05 -1.52807 -0.00697035 -0.000114854 0.999976 95.2514 
0.999946 0.00765419 0.00704944 -1.50604 -0.00764884 0.99997 -0.000779477 -1.55056 -0.00705524 0.000725556 0.999975 96.6121 
0.999945 0.00753754 0.00732143 -1.53543 -0.00752783 0.999971 -0.00134694 -1.57523 -0.00733141 0.00129179 0.999972 97.9687 
0.999938 0.00832396 0.00744391 -1.55866 -0.00830852 0.999963 -0.00209774 -1.60129 -0.00746114 0.00203581 0.99997 99.3451 
0.999925 0.00945257 0.00773146 -1.57384 -0.00943935 0.999954 -0.00173895 -1.63091 -0.00774759 0.00166588 0.999969 100.715 
0.999913 0.0103246 0.0082377 -1.59524 -0.0103217 0.999947 -0.000396314 -1.65737 -0.0082414 0.000311294 0.999966 102.086 
0.999891 0.0116998 0.00897493 -1.63022 -0.0117082 0.999931 0.000882624 -1.68658 -0.00896403 -0.000987566 0.999959 103.44 
0.9999 0.01072 0.00919123 -1.64213 -0.0107168 0.999943 -0.00039751 -1.71315 -0.009195 0.000299012 0.999958 104.788 
0.999897 0.0107136 0.00953217 -1.65712 -0.0106866 0.999939 -0.00288099 -1.73357 -0.00956249 0.00277887 0.99995 106.132 
0.999904 0.0101104 0.00949952 -1.6713 -0.0100707 0.99994 -0.00421126 -1.75729 -0.00954158 0.00411523 0.999946 107.481 
0.999916 0.00829012 0.00992803 -1.69218 -0.00825979 0.999961 -0.00308738 -1.78231 -0.00995328 0.00300516 0.999946 108.847 
0.999926 0.00570659 0.0107085 -1.70305 -0.00569515 0.999983 -0.00109485 -1.80798 -0.0107146 0.00103383 0.999942 110.176 
0.999924 0.00409112 0.0116241 -1.7083 -0.0040854 0.999992 -0.000512115 -1.83193 -0.0116261 0.000464629 0.999932 111.521 
0.999918 0.00347117 0.0123012 -1.7122 -0.00344525 0.999992 -0.00212454 -1.85488 -0.0123085 0.00208202 0.999922 112.882 
0.999894 0.00574822 0.0133792 -1.72815 -0.00568676 0.999973 -0.00462393 -1.88154 -0.0134055 0.00454739 0.9999 114.237 
0.999862 0.0078851 0.0146439 -1.73802 -0.00778972 0.999948 -0.00655542 -1.9125 -0.0146949 0.00644048 0.999871 115.583 
0.999806 0.0110563 0.0163157 -1.76049 -0.0109514 0.999919 -0.00649726 -1.94289 -0.0163862 0.00631736 0.999846 116.941 
0.999764 0.0121212 0.018014 -1.76892 -0.0120385 0.999917 -0.00469034 -1.96989 -0.0180693 0.00447241 0.999827 118.319 
0.999735 0.0125613 0.0192939 -1.77112 -0.012513 0.999918 -0.00262335 -1.99652 -0.0193254 0.00238127 0.99981 119.685 
0.999726 0.0118148 0.0202086 -1.76819 -0.011776 0.999929 -0.00203675 -2.02401 -0.0202313 0.00179826 0.999794 121.039 
0.999699 0.0121989 0.0212759 -1.76314 -0.0121462 0.999923 -0.00260143 -2.04775 -0.0213061 0.00234226 0.99977 122.395 
0.999642 0.0141013 0.0227456 -1.765 -0.0140362 0.999897 -0.00301485 -2.07648 -0.0227858 0.00269455 0.999737 123.746 
0.99958 0.0161899 0.0240522 -1.76175 -0.0161088 0.999864 -0.00356191 -2.1002 -0.0241066 0.003173 0.999704 125.104 
0.999536 0.0167289 0.025471 -1.75645 -0.0166175 0.999851 -0.00457471 -2.12696 -0.0255438 0.00414936 0.999665 126.459 
0.999479 0.0182107 0.0266454 -1.75809 -0.0180674 0.999821 -0.00560764 -2.15238 -0.0267428 0.00512335 0.999629 127.824 
0.999463 0.0172598 0.0278661 -1.75329 -0.0171082 0.999838 -0.00566638 -2.18316 -0.0279594 0.00518663 0.999596 129.182 
0.99944 0.0169468 0.0288614 -1.74068 -0.0168243 0.999848 -0.0044792 -2.21746 -0.028933 0.00399116 0.999573 130.53 
0.999418 0.015988 0.0301228 -1.73519 -0.0158807 0.999867 -0.00379432 -2.24125 -0.0301795 0.00331378 0.999539 131.91 
0.999416 0.0151091 0.0306544 -1.72865 -0.0150073 0.999881 -0.00354543 -2.26522 -0.0307044 0.00308336 0.999524 133.27 
0.999441 0.0128089 0.0308863 -1.7124 -0.0127163 0.999914 -0.00319193 -2.29516 -0.0309245 0.00279743 0.999518 134.636 
0.999457 0.0114747 0.030883 -1.69883 -0.0113984 0.999932 -0.00264463 -2.31863 -0.0309113 0.00229122 0.99952 136.007 
0.999484 0.00986814 0.0305552 -1.68961 -0.00977947 0.999948 -0.00304879 -2.34055 -0.0305837 0.00274844 0.999528 137.366 
0.999512 0.00884166 0.0299517 -1.68483 -0.00874973 0.999957 -0.00319757 -2.36377 -0.0299787 0.00293398 0.999546 138.726 
0.99955 0.00794595 0.028943 -1.66378 -0.00787612 0.999966 -0.00252425 -2.38408 -0.0289621 0.0022952 0.999578 140.097 
0.999586 0.00652382 0.0280231 -1.64911 -0.00645933 0.999976 -0.00238969 -2.41004 -0.0280381 0.00220773 0.999604 141.442 
0.999618 0.0061772 0.0269559 -1.64789 -0.00611705 0.999979 -0.00231166 -2.43738 -0.0269696 0.00214592 0.999634 142.773 
0.99965 0.00600706 0.0257827 -1.63836 -0.00593284 0.999978 -0.00295256 -2.46224 -0.0257999 0.00279861 0.999663 144.117 
0.999673 0.00619564 0.024826 -1.62958 -0.00611347 0.999976 -0.00338246 -2.48777 -0.0248464 0.00322962 0.999686 145.481 
0.999703 0.00413968 0.024035 -1.62231 -0.00401064 0.999977 -0.00541271 -2.52181 -0.0240569 0.00531474 0.999697 146.825 
0.99973 -0.00130691 0.0231927 -1.61458 0.00144371 0.999982 -0.0058805 -2.54635 -0.0231846 0.00591244 0.999714 148.173 
0.999712 -0.00886942 0.0223159 -1.59507 0.00894903 0.999954 -0.00346791 -2.57353 -0.0222841 0.00366666 0.999745 149.525 
0.999664 -0.0154002 0.0208307 -1.58259 0.0154454 0.999879 -0.00200885 -2.59927 -0.0207973 0.00232995 0.999781 150.863 
0.999628 -0.0185154 0.0200032 -1.57372 0.0186261 0.999812 -0.00536182 -2.62788 -0.0199002 0.00573246 0.999786 152.202 
0.999632 -0.0179539 0.0203327 -1.56696 0.0181281 0.9998 -0.00841644 -2.6598 -0.0201776 0.00878198 0.999758 153.556 
0.999667 -0.0145567 0.0212919 -1.56724 0.0147798 0.999837 -0.0103589 -2.69703 -0.0211376 0.0106702 0.99972 154.914 
0.999646 -0.0148104 0.0221182 -1.56509 0.0150397 0.999835 -0.0102348 -2.73559 -0.021963 0.0105638 0.999703 156.262 
0.999573 -0.0180812 0.0229694 -1.55535 0.0182429 0.99981 -0.00684455 -2.76771 -0.0228414 0.0072607 0.999713 157.622 
0.999446 -0.0236034 0.0234543 -1.53912 0.0236984 0.999712 -0.00377749 -2.80359 -0.0233585 0.00433127 0.999718 158.981 
0.999336 -0.0277347 0.0236253 -1.52788 0.0277939 0.999611 -0.00217831 -2.83422 -0.0235558 0.00283355 0.999719 160.326 
0.999279 -0.0296425 0.023725 -1.51247 0.029701 0.999557 -0.00211383 -2.86354 -0.0236519 0.00281701 0.999716 161.688 
0.99931 -0.0271815 0.0253065 -1.51134 0.0272302 0.999628 -0.00158188 -2.88747 -0.0252542 0.00226993 0.999679 163.043 
0.999372 -0.023419 0.0266097 -1.50457 0.0234924 0.999721 -0.00244891 -2.9176 -0.026545 0.00307254 0.999643 164.4 
0.999424 -0.0195072 0.0277627 -1.50251 0.019651 0.999795 -0.00491282 -2.94198 -0.0276612 0.00545559 0.999603 165.745 
0.999454 -0.0163874 0.0287011 -1.50031 0.0165561 0.999847 -0.0056494 -2.9687 -0.0286042 0.00612154 0.999572 167.098 
0.999472 -0.0144182 0.0291109 -1.4819 0.0145521 0.999885 -0.00439001 -3.00001 -0.0290443 0.00481136 0.999567 168.476 
0.999494 -0.0128836 0.0290778 -1.46673 0.0130234 0.999905 -0.00462445 -3.03441 -0.0290155 0.00500085 0.999566 169.845 
0.999529 -0.0104663 0.0288546 -1.45975 0.0106768 0.999917 -0.00714848 -3.06314 -0.0287775 0.00745323 0.999558 171.2 
0.99957 -0.00634117 0.0286255 -1.45369 0.00662946 0.999928 -0.00998618 -3.0938 -0.0285602 0.0101717 0.99954 172.558 
0.999595 -0.00137781 0.0284198 -1.44798 0.00169816 0.999935 -0.0112496 -3.13369 -0.0284025 0.0112933 0.999533 173.944 
0.999578 0.00363826 0.0288383 -1.43504 -0.00333977 0.99994 -0.0103905 -3.1649 -0.0288744 0.0102898 0.99953 175.315 
0.999547 0.00677481 0.0293317 -1.43085 -0.00652176 0.999941 -0.00871285 -3.19554 -0.0293891 0.00851765 0.999532 176.693 
0.999528 0.00799558 0.0296672 -1.42017 -0.00780452 0.999948 -0.00654875 -3.22667 -0.029718 0.00631416 0.999538 178.076 
0.999568 0.00509903 0.0289625 -1.40071 -0.00493279 0.999971 -0.00580692 -3.2552 -0.0289913 0.00566159 0.999564 179.472 
0.999626 0.00299078 0.0271805 -1.37861 -0.00283345 0.999979 -0.00582333 -3.28217 -0.0271974 0.00574418 0.999614 180.888 
0.999682 0.00266723 0.0250952 -1.36357 -0.00241633 0.999947 -0.0100213 -3.31795 -0.0251207 0.00995753 0.999635 182.302 
0.999708 0.00464065 0.0237261 -1.35867 -0.00430316 0.999889 -0.0142538 -3.3538 -0.0237897 0.0141476 0.999617 183.69 
0.999688 0.00921259 0.0232345 -1.35846 -0.00886493 0.999848 -0.0150198 -3.38952 -0.0233694 0.0148092 0.999617 185.117 
0.999656 0.012466 0.023097 -1.35949 -0.0121455 0.999829 -0.0139617 -3.42708 -0.0232672 0.0136764 0.999636 186.554 
0.99963 0.0141366 0.0232557 -1.35519 -0.0138919 0.999847 -0.0106493 -3.46202 -0.0234027 0.0103223 0.999673 187.984 
0.999612 0.0147021 0.0236648 -1.35134 -0.0144978 0.999856 -0.00878091 -3.4926 -0.0237906 0.00843445 0.999681 189.433 
0.999621 0.0141789 0.0236023 -1.33989 -0.0139962 0.999871 -0.00789007 -3.5208 -0.0237112 0.00755678 0.99969 190.9 
0.999637 0.0124186 0.0238905 -1.33314 -0.0122466 0.999898 -0.00733262 -3.54914 -0.0239792 0.00703743 0.999688 192.346 
0.99966 0.00986738 0.0241321 -1.31957 -0.00970443 0.999929 -0.00685855 -3.57894 -0.0241981 0.00662207 0.999685 193.785 
0.999679 0.00742181 0.0242166 -1.3053 -0.00725765 0.99995 -0.00685808 -3.60952 -0.0242663 0.00668017 0.999683 195.224 
0.999688 0.00439713 0.0245867 -1.29008 -0.0042538 0.999974 -0.00587689 -3.63858 -0.024612 0.00577051 0.99968 196.659 
0.999678 0.000286155 0.0253588 -1.28486 -0.00017074 0.99999 -0.00455165 -3.6642 -0.0253598 0.0045459 0.999668 198.105 
0.999666 -0.00184408 0.025776 -1.26843 0.00196668 0.999987 -0.00473012 -3.68941 -0.025767 0.00477927 0.999657 199.563 
0.999658 0.000439906 0.026161 -1.26102 -0.000201513 0.999958 -0.00911281 -3.72349 -0.0261639 0.00910446 0.999616 201 
0.999621 0.00760794 0.0264431 -1.25041 -0.007229 0.99987 -0.014395 -3.75882 -0.0265493 0.0141985 0.999547 202.42 
0.999472 0.0164622 0.0280076 -1.25936 -0.0160631 0.999767 -0.0144121 -3.79833 -0.0282383 0.0139546 0.999504 203.857 
0.99928 0.0241961 0.0292091 -1.26045 -0.0238826 0.999654 -0.0110309 -3.83634 -0.0294659 0.0103254 0.999512 205.31 
0.999223 0.025354 0.0301759 -1.24905 -0.0250913 0.999644 -0.00905367 -3.87057 -0.0303947 0.00828952 0.999504 206.769 
0.999283 0.0235616 0.0296466 -1.22647 -0.0233156 0.999691 -0.00861611 -3.90209 -0.0298405 0.00791874 0.999523 208.227 
0.999379 0.0203625 0.0287583 -1.21282 -0.0201228 0.999761 -0.00859995 -3.93894 -0.0289266 0.00801595 0.999549 209.682 
0.999447 0.0183549 0.0277154 -1.19147 -0.0181082 0.999794 -0.00912407 -3.97536 -0.0278773 0.00861719 0.999574 211.149 
0.999447 0.0191709 0.0271786 -1.17921 -0.0189116 0.999774 -0.00976421 -4.01078 -0.0273597 0.00924486 0.999583 212.618 
0.999421 0.0205178 0.0271388 -1.16711 -0.0202633 0.999748 -0.00962004 -4.04835 -0.0273294 0.00906459 0.999585 214.087 
0.9994 0.0216199 0.0270428 -1.15335 -0.02139 0.999733 -0.00876078 -4.08307 -0.027225 0.00817713 0.999596 215.572 
0.999418 0.020866 0.0269865 -1.14404 -0.0206235 0.999745 -0.00923403 -4.12104 -0.0271723 0.00867214 0.999593 217.047 
0.99943 0.0204856 0.026846 -1.13411 -0.0202151 0.999743 -0.0103096 -4.15949 -0.0270503 0.00976108 0.999586 218.518 
0.999455 0.0196591 0.0265337 -1.11976 -0.0193861 0.999757 -0.010508 -4.19768 -0.0267339 0.0099879 0.999593 219.998 
0.999445 0.0201275 0.0265581 -1.11666 -0.0198517 0.999747 -0.0106046 -4.23356 -0.0267648 0.0100715 0.999591 221.498 
0.999448 0.0201425 0.0264202 -1.11054 -0.0198593 0.999743 -0.0109363 -4.26583 -0.0266337 0.0104056 0.999591 223.023 
0.999449 0.019922 0.0265457 -1.10364 -0.0196338 0.999746 -0.0110706 -4.30446 -0.0267596 0.0105434 0.999586 224.518 
0.999429 0.0211552 0.0263441 -1.10108 -0.0208621 0.999718 -0.0113524 -4.34446 -0.0265769 0.0107964 0.999589 226 
0.999434 0.0210897 0.0261921 -1.09843 -0.0207952 0.999718 -0.0114659 -4.38204 -0.0264266 0.0109147 0.999591 227.501 
0.999418 0.0218411 0.0261948 -1.09346 -0.0215462 0.999702 -0.011485 -4.4224 -0.0264379 0.010914 0.999591 228.998 
0.999436 0.0213031 0.025948 -1.07698 -0.0210074 0.999712 -0.0116117 -4.45977 -0.0261879 0.0110601 0.999596 230.509 
0.999459 0.0200359 0.0260704 -1.06628 -0.0197365 0.999737 -0.0116894 -4.5009 -0.0262978 0.0111685 0.999592 232.014 
0.999484 0.0189535 0.025916 -1.05033 -0.0186582 0.999759 -0.0115904 -4.53959 -0.0261295 0.011101 0.999597 233.526 
0.999496 0.0174658 0.0265096 -1.04159 -0.017183 0.999793 -0.0108576 -4.58237 -0.0266938 0.0103966 0.99959 235.045 
0.999506 0.0171217 0.0263389 -1.02533 -0.0168547 0.999805 -0.010324 -4.63248 -0.0265106 0.00987505 0.9996 236.572 
0.999496 0.0176258 0.0263898 -1.0139 -0.0173497 0.999793 -0.0106533 -4.67212 -0.0265721 0.0101901 0.999595 238.085 
0.999483 0.0178687 0.0267127 -1.0016 -0.0175731 0.999782 -0.0112589 -4.71357 -0.0269081 0.0107837 0.99958 239.597 
0.999435 0.0195054 0.0273791 -0.995795 -0.0192209 0.999759 -0.0106159 -4.75442 -0.0275796 0.0100837 0.999569 241.111 
0.99941 0.0196794 0.0281379 -0.983975 -0.01945 0.999776 -0.00839997 -4.7964 -0.028297 0.00784778 0.999569 242.626 
0.999397 0.0195728 0.0286985 -0.965524 -0.0193488 0.99978 -0.00806218 -4.83295 -0.02885 0.00750207 0.999556 244.156 
0.999372 0.0198563 0.0293499 -0.951434 -0.0195772 0.999761 -0.0097664 -4.87113 -0.0295368 0.00918572 0.999522 245.667 
0.999353 0.0203425 0.0296456 -0.925247 -0.0200265 0.99974 -0.0109153 -4.91569 -0.0298599 0.0103146 0.999501 247.206 
0.999311 0.0214958 0.0302569 -0.916217 -0.0211855 0.99972 -0.0105373 -4.95394 -0.0304749 0.00988912 0.999487 248.734 
0.999319 0.0209905 0.0303408 -0.900501 -0.0207124 0.999741 -0.00944767 -4.99365 -0.0305313 0.00881284 0.999495 250.253 
0.999323 0.0211826 0.030095 -0.879515 -0.0209261 0.999742 -0.00881378 -5.03571 -0.030274 0.00817808 0.999508 251.787 
0.999316 0.0215869 0.0300209 -0.860696 -0.0213236 0.999732 -0.0090608 -5.06914 -0.0302085 0.00841449 0.999508 253.337 
0.999272 0.023706 0.0298886 -0.828662 -0.0234531 0.999686 -0.00878209 -5.11878 -0.0300875 0.00807476 0.999515 254.892 
0.999229 0.0248785 0.030366 -0.824937 -0.024617 0.999657 -0.00895323 -5.15423 -0.0305783 0.00819885 0.999499 256.429 
0.999224 0.0248648 0.0305452 -0.807253 -0.0246118 0.99966 -0.00862964 -5.19066 -0.0307494 0.00787121 0.999496 257.981 
0.999236 0.0239646 0.0308695 -0.789758 -0.0237068 0.999681 -0.00868803 -5.22723 -0.0310679 0.00794962 0.999486 259.528 
0.99929 0.0216041 0.0308738 -0.769944 -0.0213794 0.999743 -0.00759049 -5.27003 -0.0310298 0.00692508 0.999495 261.077 
0.999322 0.0194527 0.0312656 -0.746845 -0.0192438 0.999791 -0.0069668 -5.30706 -0.0313947 0.00636045 0.999487 262.622 
0.999344 0.0179127 0.0314698 -0.73313 -0.017689 0.999816 -0.00737091 -5.35074 -0.0315961 0.00680945 0.999478 264.181 
0.999375 0.0166805 0.0311746 -0.705096 -0.0164239 0.999829 -0.00847007 -5.38535 -0.0313106 0.00795281 0.999478 265.742 
0.999384 0.014729 0.0318434 -0.685229 -0.0145207 0.999872 -0.00676149 -5.41954 -0.0319389 0.00629498 0.99947 267.315 
0.999383 0.012919 0.0326476 -0.667681 -0.0127592 0.999906 -0.00509741 -5.45675 -0.0327104 0.00467775 0.999454 268.866 
0.999401 0.0119055 0.0324808 -0.640325 -0.0117221 0.999914 -0.00582874 -5.49324 -0.0325475 0.00544455 0.999455 270.425 
0.999385 0.011429 0.033158 -0.618902 -0.0112096 0.999914 -0.00679469 -5.531 -0.0332328 0.00641886 0.999427 271.98 
0.999351 0.0121991 0.0339093 -0.594742 -0.0119631 0.999903 -0.0071545 -5.56611 -0.0339933 0.00674424 0.999399 273.536 
0.99929 0.0141688 0.0349001 -0.571811 -0.0139299 0.999878 -0.00707688 -5.60662 -0.0349962 0.00658574 0.999366 275.081 
0.999237 0.0158331 0.0357156 -0.544789 -0.0155748 0.999851 -0.00749768 -5.64312 -0.035829 0.00693573 0.999334 276.636 
0.999172 0.0170699 0.0369203 -0.521833 -0.0167861 0.999827 -0.00798134 -5.67666 -0.0370502 0.00735503 0.999286 278.209 
0.999115 0.0180791 0.0379853 -0.495673 -0.0177748 0.999807 -0.00833351 -5.71481 -0.0381286 0.00765099 0.999244 279.75 
0.999076 0.0184277 0.0388294 -0.466234 -0.0180907 0.999796 -0.00901006 -5.75818 -0.0389875 0.00829932 0.999205 281.29 
0.999067 0.0169709 0.039719 -0.440637 -0.0166057 0.999817 -0.00950461 -5.78981 -0.0398731 0.00883622 0.999166 282.894 
0.999046 0.016551 0.0404145 -0.402195 -0.0161773 0.999824 -0.0095557 -5.82355 -0.0405656 0.00889282 0.999137 284.462 
0.999026 0.015402 0.0413521 -0.36867 -0.0150577 0.999849 -0.00862437 -5.86171 -0.0414787 0.00799335 0.999107 286.029 
0.999035 0.01424 0.0415394 -0.333549 -0.0139064 0.999869 -0.00830926 -5.89743 -0.0416523 0.00772362 0.999102 287.609 
0.999032 0.0138221 0.0417662 -0.29559 -0.013381 0.999852 -0.0108212 -5.93675 -0.0419096 0.0102519 0.999069 289.176 
0.999051 0.0127097 0.0416629 -0.260515 -0.0121716 0.99984 -0.0131425 -5.97382 -0.0418233 0.0126229 0.999045 290.752 
0.999074 0.0127163 0.0411016 -0.226139 -0.0121971 0.999843 -0.012857 -6.02319 -0.0412587 0.0123438 0.999072 292.308 
0.999116 0.0119571 0.0403132 -0.20721 -0.0114372 0.999849 -0.0131015 -6.05919 -0.0404638 0.0126289 0.999101 293.85 
0.999145 0.0123567 0.0394558 -0.178998 -0.0118313 0.999839 -0.0135218 -6.10936 -0.0396166 0.0130434 0.99913 295.411 
0.999171 0.0121444 0.0388703 -0.142935 -0.0116148 0.999837 -0.01382 -6.15161 -0.0390319 0.0133571 0.999149 296.973 
0.99919 0.0123459 0.0382995 -0.111619 -0.011849 0.999843 -0.0131747 -6.19884 -0.0384562 0.0127103 0.999179 298.534 
0.999231 0.0117484 0.0374213 -0.0845347 -0.0112685 0.999852 -0.0130076 -6.23648 -0.0375686 0.012576 0.999215 300.115 
0.999275 0.0109338 0.0364567 -0.0558035 -0.0105084 0.999875 -0.0118381 -6.27595 -0.0365816 0.0114465 0.999265 301.712 
0.999264 0.0128296 0.0361459 -0.0355632 -0.0124533 0.999866 -0.0106143 -6.31329 -0.0362773 0.0101564 0.99929 303.321 
0.999242 0.0128276 0.0367472 -0.00685817 -0.0124525 0.999868 -0.0104181 -6.35159 -0.0368761 0.00995266 0.99927 304.93 
0.999196 0.0134152 0.0377832 0.00804241 -0.0130198 0.999858 -0.0106921 -6.39751 -0.0379213 0.0101916 0.999229 306.544 
0.999202 0.0118578 0.0381472 0.0481266 -0.0114643 0.999879 -0.0105167 -6.45123 -0.0382673 0.010071 0.999217 308.17 
0.999225 0.00999051 0.038081 0.0951984 -0.00956136 0.999889 -0.0114338 -6.48977 -0.038191 0.0110609 0.999209 309.787 
0.999236 0.00853269 0.0381535 0.139435 -0.00802919 0.999879 -0.0133293 -6.53975 -0.0382627 0.0130128 0.999183 311.441 
0.999255 0.00795996 0.0377699 0.177315 -0.00742873 0.999872 -0.0141832 -6.59029 -0.037878 0.0138921 0.999186 313.021 
0.999331 0.00858187 0.0355515 0.205141 -0.00804984 0.999854 -0.0150801 -6.63634 -0.0356758 0.0147838 0.999254 314.64 
0.999396 0.00968152 0.0333782 0.234314 -0.00920537 0.999854 -0.0143884 -6.68436 -0.0335127 0.0140725 0.999339 316.277 
0.999392 0.0107836 0.0331644 0.24811 -0.010418 0.999883 -0.0111752 -6.72703 -0.0332811 0.010823 0.999387 317.906 
0.999385 0.00926138 0.0338246 0.277601 -0.00899173 0.999927 -0.00811435 -6.76876 -0.0338973 0.00780526 0.999395 319.544 
0.999389 0.00846676 0.0339009 0.302848 -0.00821888 0.999939 -0.00744327 -6.80628 -0.0339619 0.00716014 0.999398 321.182 
0.999374 0.00771985 0.034526 0.321857 -0.00742022 0.999934 -0.00879688 -6.83975 -0.0345917 0.00853522 0.999365 322.831 
0.999362 0.0066629 0.035076 0.34346 -0.00635191 0.99994 -0.00896909 -6.87502 -0.0351337 0.00874061 0.999344 324.483 
0.999341 0.00663797 0.0356832 0.366688 -0.0063293 0.999942 -0.00875511 -6.91422 -0.0357393 0.00852353 0.999325 326.133 
0.999305 0.0065911 0.036679 0.382507 -0.00627795 0.999943 -0.00864508 -6.95705 -0.036734 0.00840884 0.99929 327.781 
0.999282 0.0081258 0.0369967 0.413804 -0.00777383 0.999923 -0.00964646 -7.00064 -0.0370722 0.00935197 0.999269 329.414 
0.999243 0.00873134 0.0379001 0.444008 -0.00834976 0.999913 -0.0102136 -7.04642 -0.037986 0.00988949 0.999229 331.039 
0.999211 0.00754212 0.038998 0.474085 -0.00722086 0.999939 -0.008371 -7.08994 -0.0390588 0.00808284 0.999204 332.671 
0.999205 0.00655618 0.0393164 0.503658 -0.00626339 0.999952 -0.00756446 -7.13185 -0.0393642 0.00731224 0.999198 334.306 
0.999209 0.00548964 0.039379 0.536407 -0.00515476 0.99995 -0.00859944 -7.17267 -0.0394243 0.00838969 0.999187 335.941 
0.999192 0.00703786 0.0395691 0.567992 -0.00670504 0.999941 -0.00853631 -7.21578 -0.0396269 0.00826414 0.99918 337.564 
0.999185 0.00886325 0.0393826 0.59503 -0.00845639 0.999909 -0.0104845 -7.26326 -0.039472 0.0101429 0.999169 339.194 
0.999183 0.0106066 0.0389991 0.620141 -0.0100865 0.999858 -0.0135084 -7.3089 -0.0391369 0.013104 0.999148 340.841 
0.999152 0.0124978 0.0392361 0.616392 -0.0119895 0.999842 -0.0131629 -7.35645 -0.0393945 0.0126813 0.999143 342.472 
0.99917 0.0130619 0.0385881 0.637954 -0.0126993 0.999873 -0.00962711 -7.40037 -0.038709 0.00912912 0.999209 344.103 
0.999178 0.0144743 0.0378687 0.658655 -0.0142205 0.999875 -0.00696076 -7.44215 -0.0379647 0.00641656 0.999259 345.725 
0.999196 0.0150794 0.0371576 0.681014 -0.0147828 0.999857 -0.00824464 -7.48281 -0.0372767 0.00768876 0.999275 347.354 
0.999255 0.0147335 0.0356826 0.698698 -0.0143978 0.99985 -0.00964621 -7.52506 -0.0358194 0.00912531 0.999317 348.978 
0.99933 0.0133249 0.0340752 0.7231 -0.0130562 0.999882 -0.00809492 -7.56735 -0.034179 0.00764465 0.999387 350.602 
0.999377 0.011648 0.0333301 0.747365 -0.0114022 0.999907 -0.00755299 -7.60788 -0.033415 0.00716829 0.999416 352.247 
0.99938 0.0115464 0.0332524 0.761872 -0.0112662 0.9999 -0.00860016 -7.64273 -0.0333484 0.00822024 0.99941 353.882 
0.999396 0.0106638 0.0330898 0.781396 -0.0103593 0.999903 -0.00935939 -7.68463 -0.0331864 0.00901098 0.999409 355.509 
0.999385 0.0108206 0.0333659 0.800202 -0.0105057 0.999899 -0.00959775 -7.7257 -0.0334664 0.00924135 0.999397 357.14 
0.999386 0.010255 0.033508 0.822559 -0.00993424 0.999903 -0.00972371 -7.76931 -0.0336045 0.0093849 0.999391 358.742 
0.999392 0.00951822 0.0335338 0.848274 -0.00918767 0.999908 -0.00999623 -7.81687 -0.0336259 0.0096821 0.999388 360.354 
0.999386 0.009216 0.0338178 0.864629 -0.00885481 0.999902 -0.0108134 -7.85563 -0.0339142 0.0105074 0.99937 361.986 
0.999386 0.00868483 0.0339574 0.890576 -0.00832468 0.999908 -0.0107317 -7.89908 -0.0340476 0.0104424 0.999366 363.584 
0.99938 0.00892819 0.0340651 0.917614 -0.00854646 0.999899 -0.0113339 -7.94513 -0.0341629 0.0110358 0.999355 365.182 
0.999381 0.00767895 0.0343415 0.94109 -0.00724265 0.999892 -0.01281 -7.98924 -0.0344361 0.0125534 0.999328 366.792 
0.999386 0.00584049 0.0345443 0.963133 -0.00546079 0.999924 -0.0110745 -8.03151 -0.0346064 0.0108791 0.999342 368.407 
0.999387 0.00446148 0.0347342 0.987866 -0.00409832 0.999936 -0.0105184 -8.07185 -0.0347789 0.0103696 0.999341 370.017 
0.999385 0.00391975 0.0348338 1.01086 -0.00351469 0.999926 -0.0116808 -8.11007 -0.0348771 0.0115512 0.999325 371.622 
0.999368 0.00492759 0.0352088 1.02997 -0.00450478 0.999917 -0.0120768 -8.1632 -0.0352654 0.0119106 0.999307 373.224 
0.99935 0.00626265 0.0354986 1.05526 -0.00586462 0.999919 -0.0113044 -8.20732 -0.0355666 0.0110889 0.999306 374.831 
0.99934 0.00743743 0.0355612 1.0883 -0.00706826 0.99992 -0.0104945 -8.25496 -0.0356364 0.0102363 0.999312 376.441 
0.999313 0.00810195 0.0361568 1.11577 -0.00771249 0.999911 -0.0108966 -8.2958 -0.0362419 0.0106103 0.999287 378.062 
0.999316 0.0077844 0.0361571 1.14489 -0.00736053 0.999903 -0.0118402 -8.33982 -0.0362458 0.011566 0.999276 379.667 
0.999311 0.00823777 0.0362036 1.17515 -0.0078006 0.999895 -0.0121989 -8.38144 -0.0363003 0.0119081 0.99927 381.287 
0.999288 0.0087856 0.0367029 1.20577 -0.00833667 0.999889 -0.0123655 -8.42681 -0.0368075 0.0120507 0.99925 382.907 
0.999263 0.0101699 0.0370123 1.23116 -0.00971644 0.999876 -0.0124095 -8.47182 -0.037134 0.0120408 0.999238 384.538 
0.999241 0.0117304 0.0371394 1.2654 -0.0112962 0.999866 -0.0118769 -8.51953 -0.0372738 0.0114484 0.99924 386.182 
0.999206 0.0131112 0.0376157 1.29341 -0.0126424 0.99984 -0.012673 -8.56691 -0.0377759 0.0121875 0.999212 387.826 
0.999183 0.0139943 0.0379242 1.33029 -0.0134917 0.999818 -0.0134757 -8.61407 -0.0381059 0.012953 0.99919 389.463 
0.999164 0.0149518 0.0380542 1.36188 -0.0144449 0.999804 -0.0135619 -8.66064 -0.0382495 0.0130009 0.999184 391.074 
0.999138 0.0161129 0.0382478 1.39519 -0.0156374 0.999797 -0.0126978 -8.70982 -0.0384446 0.0120888 0.999188 392.697 
0.999121 0.0167332 0.0384367 1.42415 -0.0162714 0.999792 -0.0122948 -8.76024 -0.0386344 0.0116586 0.999185 394.328 
0.999076 0.0178188 0.0391178 1.44812 -0.0173275 0.999767 -0.0128611 -8.812 -0.0393379 0.0121714 0.999152 395.948 
0.999057 0.0181485 0.0394533 1.47537 -0.0176568 0.999763 -0.0127748 -8.85393 -0.0396758 0.0120662 0.99914 397.559 
0.999071 0.0177793 0.0392576 1.51809 -0.0173089 0.999775 -0.0122886 -8.90023 -0.0394673 0.0115978 0.999154 399.213 
0.999083 0.0171416 0.0392336 1.5612 -0.0166372 0.999775 -0.0131468 -8.95012 -0.0394502 0.0124821 0.999144 400.848 
0.999084 0.0166893 0.0394093 1.59598 -0.0161497 0.999772 -0.0139702 -8.99884 -0.0396335 0.013321 0.999126 402.474 
0.999087 0.0161068 0.0395632 1.62942 -0.0155568 0.999779 -0.0141708 -9.0437 -0.0397827 0.0135425 0.999117 404.143 
0.99908 0.0159734 0.0397995 1.67111 -0.0154549 0.999792 -0.0132983 -9.08431 -0.0400036 0.012671 0.999119 405.804 
0.999095 0.0138622 0.0402195 1.70656 -0.013395 0.99984 -0.0118608 -9.13148 -0.0403775 0.0113113 0.999121 407.472 
0.9991 0.0125221 0.0405238 1.74834 -0.0120086 0.999845 -0.0128898 -9.17466 -0.0406789 0.0123916 0.999095 409.141 
0.999132 0.0109495 0.0401961 1.79281 -0.0104084 0.999853 -0.0136456 -9.22456 -0.0403396 0.0132154 0.999099 410.804 
