1 2.12261e-08 -2.11895e-08 0 2.12261e-08 1 2.10703e-08 0 -2.11895e-08 2.10703e-08 1 0 
0.999997 -0.00196123 -0.00149372 -0.0131823 0.00196012 0.999998 -0.000773666 -0.0106893 0.00149519 0.000770778 0.999999 0.579384 
0.999994 -0.00245467 -0.00239263 -0.0313092 0.00244938 0.999995 -0.00222851 -0.0207086 0.00239804 0.00222268 0.999995 1.15612 
0.999987 -0.00272101 -0.00431952 -0.0419027 0.00270531 0.99999 -0.00364733 -0.0331315 0.00432936 0.00363564 0.999984 1.72171 
0.999969 -0.00488684 -0.00621227 -0.0535723 0.00485457 0.999975 -0.00520588 -0.046587 0.00623751 0.0051756 0.999967 2.28442 
0.999944 -0.00720939 -0.00777104 -0.066329 0.00715391 0.999949 -0.00714995 -0.0574614 0.00782215 0.007094 0.999944 2.86069 
0.999921 -0.00846679 -0.00924782 -0.0795221 0.00839463 0.999934 -0.00781917 -0.0705177 0.00931337 0.00774097 0.999927 3.44457 
0.999905 -0.00887529 -0.0105337 -0.103486 0.0088013 0.999936 -0.00705297 -0.0835104 0.0105956 0.00695964 0.99992 4.03154 
0.99989 -0.00930187 -0.0115311 -0.123689 0.00921776 0.999931 -0.0073292 -0.100533 0.0115984 0.00722214 0.999907 4.6231 
0.999881 -0.00876158 -0.0126653 -0.143229 0.00863436 0.999912 -0.0100683 -0.115873 0.0127524 0.00995777 0.999869 5.22701 
0.999879 -0.00694694 -0.0139197 -0.16484 0.00675368 0.999881 -0.013886 -0.131087 0.0140145 0.0137904 0.999807 5.83559 
0.999874 -0.005384 -0.0149453 -0.195067 0.0051177 0.999828 -0.0178024 -0.142877 0.0150386 0.0177237 0.99973 6.44748 
0.999867 -0.00359406 -0.015941 -0.223687 0.00330964 0.999836 -0.0178351 -0.154745 0.0160024 0.01778 0.999714 7.07979 
0.999853 -0.00133185 -0.0170786 -0.251099 0.00114319 0.999938 -0.011054 -0.163554 0.0170923 0.0110329 0.999793 7.73129 
0.999839 -0.000583311 -0.0179209 -0.27525 0.000570321 1 -0.000732263 -0.173334 0.0179212 0.000721967 0.999839 8.40365 
0.999828 0.000446004 -0.0185583 -0.307213 -0.000333183 0.999982 0.00607968 -0.189542 0.0185607 -0.0060724 0.999809 9.08154 
0.999798 0.0026835 -0.0199208 -0.337332 -0.00258509 0.999984 0.00496247 -0.200186 0.0199337 -0.00490993 0.999789 9.77182 
0.999779 0.00484793 -0.0204734 -0.371888 -0.00489397 0.999986 -0.00220148 -0.20845 0.0204624 0.00230123 0.999788 10.4672 
0.999756 0.00438667 -0.0216442 -0.399639 -0.00456644 0.999955 -0.00826539 -0.209359 0.021607 0.00836226 0.999732 11.1861 
0.99974 0.00205638 -0.0226976 -0.429962 -0.00220836 0.999975 -0.00667464 -0.2105 0.0226833 0.00672307 0.99972 11.9326 
0.999732 0.000934527 -0.0231293 -0.459701 -0.000868555 0.999996 0.00286038 -0.22226 0.0231318 -0.00283948 0.999728 12.7003 
0.999725 0.000629633 -0.0234536 -0.492871 -0.000391557 0.999948 0.0101524 -0.227909 0.0234587 -0.0101404 0.999673 13.4849 
0.999713 -0.000268211 -0.0239442 -0.529361 0.000572553 0.999919 0.0127028 -0.233379 0.0239388 -0.0127129 0.999633 14.2777 
0.99971 -0.00227587 -0.0239787 -0.564662 0.0025542 0.99993 0.0115815 -0.230036 0.0239506 -0.0116393 0.999645 15.09 
0.999719 -0.00277334 -0.0235247 -0.594978 0.00298793 0.999954 0.00908974 -0.230332 0.0234984 -0.00915744 0.999682 15.9088 
0.999733 -0.00049244 -0.023094 -0.630549 0.000623375 0.999984 0.005661 -0.232608 0.0230908 -0.00567384 0.999717 16.7535 
0.999746 -0.00360143 -0.0222409 -0.662474 0.00360786 0.999994 0.000247302 -0.238545 0.0222398 -0.000327438 0.999753 17.6159 
0.999742 -0.00662302 -0.0217128 -0.688198 0.00649496 0.999961 -0.00596496 -0.250142 0.0217514 0.00582244 0.999746 18.4909 
0.999772 -0.00577801 -0.0205573 -0.724905 0.00554276 0.999919 -0.0114839 -0.25773 0.0206219 0.0113674 0.999723 19.3837 
0.999778 -0.00454716 -0.0205816 -0.758848 0.00429369 0.999915 -0.0123451 -0.27428 0.0206359 0.0122541 0.999712 20.2885 
0.999772 -0.00431509 -0.0209294 -0.791191 0.0040714 0.999924 -0.0116743 -0.296819 0.0209782 0.0115864 0.999713 21.214 
0.999771 -0.00308168 -0.0211742 -0.825261 0.00280335 0.999909 -0.0131637 -0.317973 0.0212128 0.0131014 0.999689 22.1509 
0.999772 -0.000408612 -0.0213458 -0.858452 8.3353e-05 0.999884 -0.0152383 -0.340864 0.0213495 0.0152331 0.999656 23.1018 
0.999762 0.00295603 -0.0215981 -0.901934 -0.00330513 0.999864 -0.0161475 -0.363808 0.0215474 0.0162151 0.999636 24.0747 
0.999758 0.00437428 -0.021565 -0.945333 -0.00472324 0.999858 -0.0161595 -0.387775 0.0214912 0.0162575 0.999637 25.0583 
0.99975 0.00515663 -0.0217694 -0.988051 -0.00551018 0.999853 -0.0162141 -0.417589 0.0216826 0.01633 0.999632 26.0488 
0.999747 0.00520827 -0.0218659 -1.02826 -0.00556214 0.999854 -0.0161564 -0.445273 0.0217785 0.016274 0.99963 27.043 
0.999733 0.00623792 -0.0222371 -1.07313 -0.00656833 0.999869 -0.0148184 -0.476702 0.0221417 0.0149606 0.999643 28.0476 
0.999724 0.00661888 -0.0225346 -1.11688 -0.00690813 0.999894 -0.0127841 -0.503733 0.0224475 0.0129363 0.999664 29.0602 
0.99971 0.00738114 -0.0229392 -1.15823 -0.00765009 0.999903 -0.0116609 -0.530088 0.0228509 0.0118331 0.999669 30.0841 
0.999709 0.007316 -0.0229693 -1.20469 -0.0076112 0.999889 -0.0127927 -0.554819 0.0228731 0.0129638 0.999654 31.1094 
0.999697 0.00850417 -0.0231163 -1.25203 -0.00881946 0.999869 -0.0135734 -0.583633 0.0229978 0.0137732 0.999641 32.1394 
0.999689 0.0083368 -0.0235149 -1.29609 -0.00863575 0.999883 -0.0126425 -0.609083 0.0234067 0.0128417 0.999644 33.1859 
0.999681 0.00760263 -0.0240711 -1.34176 -0.0078458 0.999919 -0.0100259 -0.63395 0.0239929 0.0102116 0.99966 34.2392 
0.999672 0.00814023 -0.0242761 -1.39031 -0.00829655 0.999945 -0.00634759 -0.657942 0.0242231 0.00654696 0.999685 35.2985 
0.999661 0.00822046 -0.0246927 -1.43923 -0.00831863 0.999958 -0.00387724 -0.682438 0.0246598 0.00408138 0.999688 36.3615 
0.999651 0.00809037 -0.025134 -1.48373 -0.00817865 0.999961 -0.00341348 -0.704109 0.0251054 0.0036179 0.999678 37.4373 
0.999638 0.0076883 -0.0257813 -1.52747 -0.0078161 0.999958 -0.00486144 -0.723373 0.0257428 0.00506123 0.999656 38.5152 
0.999623 0.00805574 -0.0262435 -1.58168 -0.00819727 0.999952 -0.00529125 -0.743853 0.0261996 0.00550442 0.999642 39.6034 
0.9996 0.00790948 -0.0271475 -1.63189 -0.00802702 0.999959 -0.00422495 -0.761682 0.0271129 0.00444122 0.999623 40.6948 
0.999581 0.0079503 -0.0278188 -1.68367 -0.00801548 0.999965 -0.0022337 -0.783425 0.0278 0.00245579 0.999611 41.783 
0.999569 0.00810061 -0.0282125 -1.73381 -0.0080944 0.999967 0.000332742 -0.805366 0.0282142 -0.000104193 0.999602 42.8656 
0.999547 0.0092014 -0.0286456 -1.78812 -0.00919894 0.999958 0.000216074 -0.828466 0.0286463 4.75751e-05 0.99959 43.9577 
0.999529 0.0103753 -0.0288959 -1.84192 -0.0104809 0.999939 -0.00350516 -0.850428 0.0288578 0.0038064 0.999576 45.0343 
0.999522 0.0118257 -0.0285571 -1.90079 -0.0120428 0.9999 -0.00744588 -0.873366 0.0284661 0.00778627 0.999564 46.1204 
0.999523 0.0122303 -0.0283712 -1.95337 -0.0124556 0.999892 -0.0077792 -0.896919 0.028273 0.00812891 0.999567 47.207 
0.999521 0.012815 -0.0281855 -2.00367 -0.0129624 0.999903 -0.00505341 -0.922657 0.028118 0.00541638 0.99959 48.2922 
0.999515 0.0136452 -0.0280079 -2.05744 -0.0137329 0.999901 -0.00294241 -0.944975 0.0279649 0.00332565 0.999603 49.3806 
0.999531 0.0119836 -0.0281653 -2.10451 -0.0120343 0.999926 -0.00163146 -0.967039 0.0281436 0.00196969 0.999602 50.4687 
0.99955 0.0116553 -0.0276517 -2.15395 -0.0117301 0.999928 -0.00254857 -0.990395 0.02762 0.00287182 0.999614 51.5661 
0.999568 0.0105314 -0.0274543 -2.19959 -0.0106533 0.999934 -0.00429608 -1.01293 0.0274072 0.00458674 0.999614 52.6608 
0.99957 0.0105322 -0.027361 -2.24453 -0.0107077 0.999923 -0.00627704 -1.03734 0.0272927 0.00656735 0.999606 53.7609 
0.999589 0.00931749 -0.0271146 -2.2962 -0.00955105 0.999918 -0.0084986 -1.06674 0.0270332 0.00875412 0.999596 54.8615 
0.999607 0.00757773 -0.026986 -2.34233 -0.00789983 0.999899 -0.0118509 -1.09388 0.0268934 0.0120594 0.999566 55.9538 
0.999625 0.00611311 -0.0266994 -2.38857 -0.00647333 0.999889 -0.0134278 -1.12544 0.0266144 0.0135956 0.999553 57.0444 
0.999635 0.00447966 -0.0266356 -2.43363 -0.00478056 0.999925 -0.0112453 -1.15329 0.0265832 0.0113686 0.999582 58.1381 
0.999645 0.0029549 -0.0264975 -2.47713 -0.00309445 0.999982 -0.00522877 -1.18147 0.0264815 0.00530895 0.999635 59.2384 
0.999646 0.00120082 -0.0265778 -2.52424 -0.00118185 0.999999 0.000728105 -1.20259 0.0265786 -0.000696394 0.999647 60.3435 
0.999645 -0.000606673 -0.0266308 -2.56936 0.000653139 0.999998 0.00173458 -1.22598 0.0266297 -0.00175132 0.999644 61.4411 
0.999651 -0.00378799 -0.0261646 -2.62512 0.00375151 0.999992 -0.00144465 -1.2387 0.0261699 0.00134603 0.999657 62.5574 
0.999634 -0.00523327 -0.0265475 -2.66665 0.00511687 0.999977 -0.00445216 -1.2597 0.0265702 0.00431473 0.999638 63.6543 
0.999637 -0.00328144 -0.0267357 -2.71995 0.00305521 0.999959 -0.0084997 -1.2866 0.0267625 0.00841497 0.999606 64.7581 
0.999642 -0.00293778 -0.0265826 -2.77104 0.00259453 0.999913 -0.0129392 -1.31149 0.0266183 0.0128657 0.999563 65.8485 
0.999664 -2.49969e-05 -0.0259067 -2.82521 -0.000325923 0.999908 -0.0135428 -1.33957 0.0259046 0.0135468 0.999573 66.9466 
0.999677 0.00396308 -0.0250876 -2.87989 -0.00421166 0.999943 -0.00986473 -1.37158 0.0250471 0.00996725 0.999637 68.0526 
0.99967 0.00543816 -0.0251186 -2.93012 -0.00563446 0.999954 -0.00775255 -1.39933 0.0250752 0.00789157 0.999654 69.1558 
0.999671 0.00475798 -0.0252021 -2.97608 -0.00493685 0.999963 -0.00704181 -1.42357 0.0251676 0.00716395 0.999658 70.2602 
0.999675 0.00303567 -0.0253067 -3.02089 -0.00319447 0.999975 -0.00623859 -1.44904 0.0252871 0.00631745 0.99966 71.3647 
0.999666 0.00175382 -0.0257863 -3.0648 -0.00187247 0.999988 -0.00457936 -1.47902 0.0257779 0.00462616 0.999657 72.4649 
0.99965 -7.16856e-06 -0.0264725 -3.1052 -5.53894e-05 0.999997 -0.00236398 -1.50356 0.0264724 0.00236466 0.999647 73.5682 
0.999616 -0.00137543 -0.0276708 -3.1454 0.00135726 0.999999 -0.000676657 -1.52639 0.0276716 0.000638884 0.999617 74.6703 
0.999592 -0.00225642 -0.0284698 -3.19168 0.00220349 0.999996 -0.00189173 -1.55043 0.0284739 0.00182827 0.999593 75.764 
0.999568 -0.00207773 -0.0293213 -3.23888 0.0019099 0.999982 -0.005752 -1.57161 0.0293327 0.00569355 0.999554 76.8522 
0.999548 -0.00175631 -0.0300069 -3.29849 0.00152436 0.999969 -0.0077526 -1.59815 0.0300196 0.0077034 0.99952 77.9473 
0.999526 9.32097e-05 -0.0307826 -3.35328 -0.000280136 0.999982 -0.00606955 -1.62768 0.0307815 0.00607534 0.999508 79.023 
0.9995 0.000932667 -0.0316148 -3.4054 -0.000989129 0.999998 -0.00177166 -1.65213 0.0316131 0.00180208 0.999499 80.1173 
0.999479 0.00243037 -0.0321956 -3.46516 -0.00236204 0.999995 0.00215896 -1.67406 0.0322007 -0.00208175 0.999479 81.213 
0.999447 0.00332854 -0.0330851 -3.51534 -0.00324385 0.999991 0.0026116 -1.69079 0.0330935 -0.00250278 0.999449 82.306 
0.999419 0.00315656 -0.033924 -3.56684 -0.00313956 0.999995 0.000553164 -1.70816 0.0339255 -0.000446294 0.999424 83.3814 
0.999403 0.00304081 -0.0344243 -3.61899 -0.00305215 0.999995 -0.000278099 -1.72599 0.0344232 0.000383044 0.999407 84.4575 
0.999384 0.0024657 -0.0350152 -3.671 -0.00248249 0.999997 -0.000437298 -1.74946 0.0350139 0.000523996 0.999387 85.5103 
0.999359 0.0015291 -0.0357572 -3.72922 -0.00153448 0.999999 -0.000124392 -1.76977 0.0357569 0.000179224 0.999361 86.5477 
0.999347 0.00014501 -0.0361282 -3.7814 -0.00010935 1 0.00098785 -1.78358 0.0361283 -0.000983211 0.999347 87.5781 
0.999315 0.00027636 -0.0369942 -3.83125 -0.000138187 0.999993 0.00373638 -1.80517 0.036995 -0.00372867 0.999309 88.587 
0.99929 -0.000155497 -0.0376738 -3.89344 0.000324505 0.99999 0.00447891 -1.82444 0.0376727 -0.00448791 0.99928 89.5735 
0.999217 -0.000857977 -0.0395613 -3.95436 0.00104993 0.999988 0.00483059 -1.84495 0.0395566 -0.0048683 0.999206 90.539 
0.999091 -0.00127483 -0.0426065 -4.01394 0.00144507 0.999991 0.00396423 -1.86551 0.042601 -0.00402215 0.999084 91.4777 
0.998949 -0.00121187 -0.0458163 -4.07697 0.0013479 0.999995 0.00293735 -1.8823 0.0458125 -0.00299598 0.998946 92.3941 
0.99881 -0.00134693 -0.0487486 -4.13713 0.00149729 0.999994 0.00304707 -1.89713 0.0487442 -0.00311639 0.998806 93.2897 
0.998651 -0.000318735 -0.0519223 -4.20043 0.000536094 0.999991 0.00417158 -1.91554 0.0519204 -0.00419375 0.998642 94.1544 
0.998487 0.000477285 -0.0549953 -4.26208 -0.000185556 0.999986 0.00530885 -1.93551 0.054997 -0.00529057 0.998473 95.0051 
0.998331 0.00192012 -0.0577133 -4.33089 -0.00154002 0.999977 0.00662902 -1.94886 0.0577246 -0.00652903 0.998311 95.8245 
0.998168 0.00310122 -0.06042 -4.39426 -0.0026547 0.999969 0.00746852 -1.96309 0.0604412 -0.0072944 0.998145 96.6219 
0.998026 0.00511919 -0.0625869 -4.46754 -0.0046251 0.999957 0.00803604 -1.98098 0.0626253 -0.00773066 0.998007 97.3965 
0.997839 0.00703403 -0.0653304 -4.53072 -0.00660319 0.999955 0.00680773 -1.99446 0.0653753 -0.00636158 0.997841 98.1365 
0.997664 0.00834882 -0.0677956 -4.59781 -0.00815985 0.999962 0.00306333 -2.00961 0.0678185 -0.00250293 0.997695 98.8459 
0.997464 0.0106767 -0.0703623 -4.66067 -0.0107559 0.999942 -0.000747122 -2.02282 0.0703501 0.00150208 0.997521 99.5261 
0.997314 0.0123864 -0.0721847 -4.72453 -0.012662 0.999914 -0.00336251 -2.03786 0.0721368 0.00426753 0.997386 100.17 
0.997247 0.0144656 -0.0727218 -4.79091 -0.0148182 0.999881 -0.00431099 -2.05315 0.0726507 0.00537677 0.997343 100.792 
0.997267 0.0168178 -0.0719439 -4.8446 -0.0171485 0.999845 -0.00398163 -2.06624 0.0718657 0.00520452 0.997401 101.398 
0.997402 0.0206285 -0.0690272 -4.8971 -0.0208526 0.999779 -0.00252811 -2.08111 0.0689598 0.00396098 0.997612 101.972 
0.997716 0.0229579 -0.0635313 -4.94377 -0.0230725 0.999733 -0.00107154 -2.09757 0.0634897 0.00253496 0.997979 102.523 
0.998143 0.0238824 -0.0560303 -4.9809 -0.0238828 0.999715 0.000660683 -2.10623 0.0560301 0.000678749 0.998429 103.05 
0.998643 0.0237334 -0.0463593 -5.00616 -0.0236123 0.999716 0.003157 -2.11691 0.046421 -0.00205802 0.99892 103.555 
0.999132 0.0233373 -0.0345188 -5.02381 -0.0231992 0.999721 0.00439702 -2.12727 0.0346118 -0.00359235 0.999394 104.034 
0.999528 0.0224451 -0.0209815 -5.03389 -0.0223554 0.99974 0.00449984 -2.13662 0.021077 -0.00402862 0.99977 104.491 
0.999734 0.0223226 -0.005857 -5.03342 -0.0223008 0.999744 0.00375692 -2.14915 0.00593933 -0.00362526 0.999976 104.927 
0.999705 0.0209629 0.0122623 -5.02221 -0.0209724 0.99978 0.000649249 -2.15893 -0.0122461 -0.000906185 0.999925 105.353 
0.999232 0.0204297 0.033436 -4.99815 -0.0203043 0.999786 -0.00408509 -2.16753 -0.0335123 0.0034031 0.999433 105.764 
0.99815 0.0184449 0.0579351 -4.96283 -0.017967 0.9998 -0.00875859 -2.17853 -0.0580851 0.00770151 0.998282 106.163 
0.996253 0.0158743 0.0850167 -4.90917 -0.0149819 0.999826 -0.0111233 -2.19369 -0.0851785 0.00980791 0.996317 106.556 
0.993294 0.0131746 0.114863 -4.84212 -0.0118439 0.999855 -0.0122594 -2.20472 -0.115008 0.0108168 0.993306 106.941 
0.989013 0.0110505 0.147415 -4.76385 -0.00906657 0.999859 -0.0141234 -2.21584 -0.14755 0.0126317 0.988974 107.315 
0.983086 0.00860572 0.182943 -4.66655 -0.0058628 0.999862 -0.0155286 -2.2293 -0.183052 0.0141934 0.983001 107.682 
0.975117 0.00529561 0.221627 -4.55908 -0.00183727 0.999873 -0.0158074 -2.243 -0.221683 0.0150069 0.975003 108.038 
0.965127 0.00323086 0.261763 -4.43874 0.00115929 0.999861 -0.0166151 -2.25641 -0.261781 0.0163392 0.964989 108.38 
0.952746 0.00416564 0.303741 -4.31158 0.00119921 0.999847 -0.0174738 -2.27164 -0.303767 0.0170124 0.952595 108.712 
0.937304 0.00613623 0.34846 -4.17505 -4.65993e-06 0.999845 -0.0175942 -2.28783 -0.348514 0.0164895 0.937159 109.032 
0.919351 0.00616069 0.39339 -4.01968 0.000284195 0.999867 -0.0163225 -2.29826 -0.393438 0.0151179 0.919227 109.339 
0.898867 0.00533954 0.438189 -3.85231 0.00134761 0.999887 -0.0149484 -2.30942 -0.43822 0.0140271 0.898759 109.63 
0.875414 0.00416107 0.483356 -3.66821 0.00368018 0.999877 -0.0152728 -2.3225 -0.48336 0.0151489 0.875291 109.912 
0.849721 0.00471405 0.527212 -3.4719 0.00516443 0.999838 -0.0172636 -2.33573 -0.527208 0.017392 0.849558 110.185 
0.821758 0.00679242 0.569796 -3.26231 0.00588591 0.999774 -0.0204067 -2.3511 -0.569806 0.0201231 0.821533 110.442 
0.790551 0.0116292 0.612286 -3.04016 0.00446188 0.999684 -0.024748 -2.36332 -0.61238 0.0222965 0.790249 110.697 
0.756062 0.0180329 0.654252 -2.80168 0.000948297 0.999589 -0.0286471 -2.37258 -0.654499 0.0222794 0.755734 110.947 
0.717984 0.0227422 0.695688 -2.54619 -0.0012713 0.999507 -0.031362 -2.38202 -0.696058 0.021633 0.717659 111.189 
0.677958 0.0231797 0.734736 -2.26851 0.000492302 0.999488 -0.0319864 -2.39683 -0.735101 0.0220472 0.677599 111.41 
0.635935 0.0206369 0.771467 -1.96953 0.00436363 0.99953 -0.0303346 -2.40927 -0.77173 0.0226573 0.635546 111.618 
0.591122 0.0187675 0.806364 -1.65802 0.00557166 0.99961 -0.0273495 -2.41974 -0.806563 0.0206597 0.590787 111.816 
0.543922 0.0172892 0.838958 -1.34429 0.00585259 0.999685 -0.0243958 -2.43421 -0.839116 0.0181795 0.543649 111.991 
0.495263 0.014705 0.868619 -1.00774 0.00728416 0.999751 -0.0210782 -2.44841 -0.868713 0.0167664 0.495032 112.151 
0.443545 0.0110801 0.896183 -0.663059 0.00893727 0.999819 -0.0167847 -2.46464 -0.896207 0.0154542 0.443366 112.297 
0.391206 0.0112094 0.920235 -0.295951 0.00654569 0.999867 -0.0149621 -2.47784 -0.92028 0.0118768 0.39108 112.431 
0.339505 0.0161169 0.940466 0.0677382 0.00265287 0.999833 -0.018092 -2.49291 -0.9406 0.00863726 0.339406 112.542 
0.288485 0.0212438 0.957249 0.441908 0.00194326 0.999739 -0.0227724 -2.50385 -0.957482 0.0084297 0.288369 112.632 
0.241231 0.0233871 0.970186 0.839132 0.00300093 0.999687 -0.0248444 -2.51567 -0.970463 0.00890468 0.241085 112.714 
0.199712 0.0229414 0.979586 1.24978 0.0100463 0.999625 -0.0254588 -2.53039 -0.979803 0.0149257 0.199406 112.766 
0.164364 0.0228629 0.986135 1.67859 0.0177297 0.999501 -0.0261278 -2.54197 -0.98624 0.0217784 0.163877 112.806 
0.133823 0.02415 0.990711 2.13744 0.0219306 0.999386 -0.0273237 -2.55312 -0.990763 0.0253834 0.133211 112.853 
0.105406 0.0227279 0.99417 2.61506 0.0200833 0.999486 -0.0249787 -2.5663 -0.994226 0.0225991 0.104896 112.904 
0.079817 0.0192706 0.996623 3.0986 0.0133915 0.999702 -0.0204026 -2.58199 -0.99672 0.0149747 0.0795351 112.945 
0.0559681 0.0154671 0.998313 3.61224 0.00891307 0.999832 -0.0159903 -2.59222 -0.998393 0.00979298 0.0558208 112.983 
0.0332464 0.0129723 0.999363 4.12911 0.0129723 0.999826 -0.0134098 -2.60949 -0.999363 0.0134099 0.0330724 112.99 
0.0128476 0.0136889 0.999824 4.67304 0.0205586 0.999691 -0.0139512 -2.62521 -0.999706 0.0207342 0.0125622 112.987 
-0.00435661 0.0160217 0.999862 5.22706 0.0255767 0.999546 -0.0159051 -2.64114 -0.999663 0.0255038 -0.00476441 112.973 
-0.0188158 0.0216365 0.999589 5.80043 0.0260184 0.999438 -0.0211435 -2.65009 -0.999484 0.0256098 -0.0193682 112.965 
-0.029655 0.0263245 0.999214 6.4073 0.0232308 0.999401 -0.02564 -2.66117 -0.99929 0.0224522 -0.0302488 112.959 
-0.0361219 0.0260457 0.999008 7.03422 0.0259069 0.999349 -0.0251178 -2.67754 -0.999012 0.0249739 -0.0367731 112.943 
-0.0388465 0.0227494 0.998986 7.67936 0.0318622 0.999261 -0.0215166 -2.69993 -0.998737 0.030994 -0.0395426 112.919 
-0.0384382 0.021189 0.999036 8.33533 0.0335276 0.99924 -0.0199033 -2.71735 -0.998698 0.0327302 -0.0391193 112.902 
-0.03653 0.0208182 0.999116 9.01746 0.032006 0.999295 -0.0196516 -2.73944 -0.99882 0.0312598 -0.0371706 112.894 
-0.0351025 0.0210791 0.999161 9.71254 0.0283418 0.999396 -0.0200883 -2.76162 -0.998982 0.0276128 -0.0356787 112.889 
-0.0339341 0.0222211 0.999177 10.427 0.0276555 0.999391 -0.0212866 -2.78043 -0.999041 0.0269104 -0.034528 112.881 
-0.0329032 0.023059 0.999193 11.1551 0.0273412 0.99938 -0.022163 -2.80268 -0.999085 0.0265899 -0.0335132 112.867 
-0.0321397 0.0226677 0.999226 11.9084 0.0272634 0.999391 -0.0217945 -2.82469 -0.999112 0.0265419 -0.0327381 112.861 
-0.0313491 0.0212987 0.999282 12.6693 0.0263188 0.999444 -0.0204764 -2.85019 -0.999162 0.025658 -0.0318922 112.848 
-0.0308535 0.019958 0.999325 13.4419 0.026974 0.999453 -0.0191277 -2.87336 -0.99916 0.0263656 -0.031375 112.836 
-0.0313043 0.0176499 0.999354 14.2289 0.0277076 0.999475 -0.0167841 -2.89844 -0.999126 0.0271643 -0.0317769 112.821 
-0.0324516 0.0160346 0.999345 15.0253 0.0249995 0.999572 -0.0152264 -2.92179 -0.999161 0.024489 -0.0328385 112.813 
-0.0335348 0.0149504 0.999326 15.8275 0.0241941 0.999607 -0.0141426 -2.9426 -0.999145 0.0237035 -0.0338833 112.799 
-0.0347927 0.0124707 0.999317 16.6382 0.0266584 0.999578 -0.0115458 -2.96353 -0.999039 0.0262384 -0.0351105 112.784 
-0.035928 0.0107917 0.999296 17.4577 0.0280659 0.999558 -0.00978547 -2.98437 -0.99896 0.0276945 -0.036215 112.762 
-0.0379438 0.0098317 0.999232 18.2854 0.0253012 0.999641 -0.00887492 -3.01095 -0.99896 0.0249451 -0.0381789 112.753 
-0.0389202 0.0146213 0.999135 19.1139 0.022582 0.99965 -0.0137491 -3.02921 -0.998987 0.0220273 -0.0392368 112.74 
-0.039851 0.0193482 0.999018 19.9401 0.0237431 0.999549 -0.0184113 -3.04963 -0.998924 0.0229861 -0.0402924 112.723 
-0.0409023 0.021003 0.998942 20.7849 0.0239038 0.999514 -0.0200362 -3.07514 -0.998877 0.023059 -0.0413845 112.702 
-0.0424442 0.0187214 0.998923 21.6363 0.0203319 0.999634 -0.0178708 -3.10231 -0.998892 0.0195515 -0.0428093 112.689 
-0.0435247 0.0145106 0.998947 22.4891 0.0172748 0.999756 -0.0137697 -3.1295 -0.998903 0.0166573 -0.0437647 112.673 
-0.0435988 0.00913244 0.999007 23.3436 0.0160505 0.999836 -0.00843949 -3.1567 -0.99892 0.0156667 -0.0437382 112.649 
-0.043799 0.00349089 0.999034 24.2036 0.0124598 0.999918 -0.00294768 -3.17654 -0.998963 0.0123187 -0.0438389 112.628 
-0.0439122 0.00227993 0.999033 25.0639 0.00965566 0.999952 -0.00185758 -3.19797 -0.998989 0.00956475 -0.0439321 112.616 
-0.0428921 0.00883286 0.999041 25.9041 0.0126832 0.999885 -0.00829576 -3.22651 -0.998999 0.0123152 -0.0429992 112.591 
-0.0419963 0.0199693 0.998918 26.7394 0.014688 0.999705 -0.0193675 -3.24887 -0.99901 0.0138587 -0.0422772 112.571 
-0.041078 0.0251482 0.998839 27.5709 0.0169616 0.999557 -0.0244686 -3.27179 -0.999012 0.0159368 -0.0414864 112.544 
-0.0394378 0.019611 0.99903 28.4056 0.018584 0.999649 -0.0188895 -3.30144 -0.999049 0.017821 -0.0397884 112.52 
-0.0383679 0.0116145 0.999196 29.2461 0.0218348 0.999703 -0.0107819 -3.33217 -0.999025 0.0214035 -0.0386101 112.499 
-0.0378139 0.00862203 0.999248 30.0841 0.0233204 0.999698 -0.00774338 -3.3596 -0.999013 0.0230101 -0.0380035 112.477 
-0.0378193 0.00936037 0.999241 30.9057 0.0224274 0.999712 -0.00851592 -3.38131 -0.999033 0.0220883 -0.0380183 112.462 
-0.0386 0.0102757 0.999202 31.7244 0.0195215 0.999764 -0.00952735 -3.40456 -0.999064 0.0191382 -0.0387915 112.448 
-0.0405138 0.0104001 0.999125 32.5401 0.0178097 0.999795 -0.00968485 -3.42914 -0.99902 0.0174018 -0.0406907 112.432 
-0.0425358 0.010378 0.999041 33.3578 0.0174453 0.999801 -0.00964313 -3.45202 -0.998943 0.0170184 -0.0427084 112.412 
-0.0449171 0.0105285 0.998935 34.1722 0.0162714 0.99982 -0.00980611 -3.47769 -0.998858 0.0158136 -0.0450803 112.399 
-0.0469801 0.0108549 0.998837 34.9822 0.0147831 0.999839 -0.0101704 -3.50102 -0.998786 0.0142881 -0.047133 112.379 
-0.0490915 0.00993944 0.998745 35.7844 0.0129368 0.999873 -0.00931474 -3.52397 -0.998711 0.0124632 -0.0492139 112.357 
-0.0511681 0.00878384 0.998651 36.5856 0.013576 0.999875 -0.00809897 -3.5479 -0.998598 0.0131433 -0.051281 112.332 
-0.0529325 0.00880221 0.998559 37.3747 0.013359 0.999878 -0.00810565 -3.57285 -0.998509 0.0129107 -0.0530436 112.305 
-0.0547596 0.00968319 0.998453 38.1615 0.013204 0.999873 -0.00897276 -3.59469 -0.998412 0.0126922 -0.0548805 112.279 
-0.0556921 0.00991275 0.998399 38.9451 0.0137352 0.999864 -0.00916109 -3.6165 -0.998354 0.013203 -0.0558207 112.25 
-0.0567566 0.00869306 0.99835 39.7312 0.0156205 0.999847 -0.00781803 -3.63893 -0.998266 0.015151 -0.0568838 112.215 
-0.0583695 0.00801178 0.998263 40.5097 0.015711 0.999851 -0.00710585 -3.65995 -0.998171 0.0152689 -0.0584867 112.185 
-0.0596058 0.0075731 0.998193 41.2777 0.014417 0.999873 -0.00672491 -3.68113 -0.998118 0.0139901 -0.0597075 112.156 
-0.0607732 0.00677613 0.998129 42.0328 0.012952 0.999898 -0.00599949 -3.70046 -0.998068 0.0125632 -0.0608548 112.128 
-0.061556 0.00572763 0.998087 42.7748 0.0118729 0.999917 -0.00500584 -3.71694 -0.998033 0.011542 -0.0616189 112.099 
-0.0621355 0.0054756 0.998053 43.4998 0.0121579 0.999915 -0.00472886 -3.73794 -0.997994 0.0118404 -0.0621968 112.065 
-0.0623319 0.00791705 0.998024 44.2057 0.0123486 0.999898 -0.00716064 -3.76047 -0.997979 0.0118778 -0.0624233 112.036 
-0.0621533 0.0106202 0.99801 44.9125 0.0123394 0.999875 -0.00987155 -3.78057 -0.99799 0.0117013 -0.0622766 112.003 
-0.0619908 0.0123413 0.998 45.623 0.0107244 0.999874 -0.0116982 -3.79997 -0.998019 0.00997776 -0.0621153 111.97 
-0.0619401 0.0132889 0.997991 46.3219 0.0114733 0.999855 -0.0126016 -3.8204 -0.998014 0.0106697 -0.0620835 111.937 
-0.0618029 0.0132279 0.998001 47.0203 0.0130273 0.999838 -0.0124455 -3.8406 -0.998003 0.0122321 -0.0619652 111.904 
-0.0619882 0.0124592 0.997999 47.7142 0.0137168 0.999838 -0.0116301 -3.86513 -0.997983 0.0129684 -0.062149 111.871 
-0.0623464 0.0127048 0.997974 48.4025 0.00987076 0.999878 -0.0121124 -3.88301 -0.998006 0.0090956 -0.0624642 111.849 
-0.0620348 0.0128993 0.997991 49.0926 0.0073623 0.999895 -0.0124663 -3.90683 -0.998047 0.00657416 -0.0621233 111.826 
-0.0617679 0.0116797 0.998022 49.7832 0.00971414 0.999891 -0.0111003 -3.92509 -0.998043 0.00900928 -0.0618746 111.791 
-0.0627943 0.0111664 0.997964 50.4645 0.0100841 0.999894 -0.0105534 -3.9414 -0.997976 0.0094009 -0.0629002 111.761 
-0.0662684 0.0106007 0.997746 51.1376 0.00699074 0.999924 -0.0101595 -3.96463 -0.997777 0.00630173 -0.0663374 111.733 
-0.071269 0.00994709 0.997408 51.8107 0.00264867 0.999949 -0.00978313 -3.98805 -0.997454 0.00194457 -0.0712917 111.7 
-0.0769943 0.0138657 0.996935 52.485 0.0065462 0.999889 -0.0134011 -4.00481 -0.99701 0.00549433 -0.0770765 111.654 
-0.0834925 0.0165934 0.99637 53.1567 0.00877261 0.999835 -0.015916 -4.02498 -0.99647 0.0074119 -0.0836243 111.602 
-0.0909522 0.0181081 0.995691 53.8313 0.00775915 0.999817 -0.0174744 -4.0466 -0.995825 0.00613638 -0.0910761 111.554 
-0.0970553 0.0172107 0.99513 54.5116 0.00410113 0.999849 -0.0168923 -4.06788 -0.995271 0.00244166 -0.0971112 111.502 
-0.102291 0.0160733 0.994625 55.201 0.00362445 0.999869 -0.0157853 -4.08936 -0.994748 0.00199027 -0.102336 111.443 
-0.106712 0.0167947 0.994148 55.8964 0.00150257 0.999859 -0.0167298 -4.10751 -0.994289 -0.000291499 -0.106722 111.38 
-0.110892 0.0161032 0.993702 56.6001 -0.000668035 0.999867 -0.0162777 -4.12657 -0.993832 -0.00246889 -0.110866 111.322 
-0.113281 0.0130075 0.993478 57.3084 1.31838e-05 0.999914 -0.0130902 -4.14439 -0.993563 -0.00146977 -0.113271 111.251 
-0.114993 0.0100749 0.993315 58.0196 0.00228021 0.999949 -0.00987812 -4.16182 -0.993364 0.00112905 -0.11501 111.179 
-0.116351 0.00721673 0.993182 58.7438 0.00211014 0.999973 -0.00701884 -4.18178 -0.993206 0.0012791 -0.116363 111.108 
-0.117626 0.00715396 0.993032 59.4693 0.00138666 0.999974 -0.00703968 -4.19734 -0.993057 0.000548943 -0.117633 111.038 
-0.117817 0.0109778 0.992975 60.2039 0.00323533 0.999938 -0.0106709 -4.21266 -0.99303 0.00195538 -0.117845 110.959 
-0.117783 0.0148858 0.992928 60.945 0.0092541 0.999861 -0.013892 -4.23411 -0.992996 0.00755242 -0.117904 110.876 
-0.11823 0.0196504 0.992792 61.6919 0.0165372 0.999705 -0.0178178 -4.25602 -0.992849 0.0143114 -0.11852 110.786 
-0.11891 0.0206978 0.992689 62.4417 0.0171848 0.999676 -0.0187849 -4.27688 -0.992756 0.0148254 -0.119227 110.71 
-0.11926 0.0183946 0.992693 63.1969 0.0150705 0.999747 -0.0167148 -4.30094 -0.992749 0.012967 -0.119507 110.639 
-0.119031 0.0134689 0.992799 63.9498 0.0152141 0.999815 -0.01174 -4.32448 -0.992774 0.0137071 -0.119213 110.561 
-0.118704 0.0112572 0.992866 64.6989 0.0171029 0.999811 -0.00929111 -4.34759 -0.992782 0.015878 -0.118874 110.478 
-0.119396 0.0108022 0.992788 65.4491 0.017336 0.999811 -0.00879366 -4.37026 -0.992695 0.016161 -0.119561 110.393 
-0.121061 0.0118226 0.992575 66.1916 0.0160232 0.999822 -0.00995457 -4.39104 -0.992516 0.0146991 -0.121228 110.319 
-0.123121 0.0122793 0.992316 66.9333 0.0151104 0.999831 -0.0104974 -4.41345 -0.992277 0.0137018 -0.123285 110.24 
-0.125183 0.0124833 0.992055 67.6747 0.0164566 0.999809 -0.0105043 -4.43543 -0.991997 0.0150109 -0.125365 110.156 
-0.126837 0.0126579 0.991843 68.4154 0.0170723 0.999798 -0.0105762 -4.45695 -0.991777 0.0155916 -0.127027 110.07 
-0.128545 0.0124453 0.991626 69.166 0.0170645 0.999801 -0.0103358 -4.47556 -0.991557 0.015593 -0.128732 109.983 
-0.130296 0.012696 0.991394 69.9203 0.0147857 0.999832 -0.0108608 -4.49576 -0.991365 0.0132433 -0.130462 109.904 
-0.131207 0.0141364 0.991254 70.6765 0.0151148 0.999811 -0.0122577 -4.52012 -0.99124 0.0133743 -0.131396 109.817 
-0.132226 0.0146081 0.991112 71.4448 0.0140807 0.999818 -0.0128578 -4.53887 -0.99112 0.0122555 -0.132407 109.734 
-0.133484 0.0151132 0.990936 72.22 0.0141778 0.999811 -0.0133387 -4.55465 -0.99095 0.0122688 -0.133673 109.649 
-0.134603 0.0135689 0.990807 73.0061 0.0145934 0.999825 -0.0117098 -4.57395 -0.990792 0.012883 -0.134778 109.563 
-0.135678 0.0112628 0.990689 73.794 0.0120801 0.99988 -0.00971285 -4.59227 -0.990679 0.0106498 -0.135797 109.476 
-0.137628 0.00947595 0.990439 74.5909 0.00932488 0.999922 -0.0082709 -4.60747 -0.99044 0.00809741 -0.137705 109.39 
-0.139702 0.00893873 0.990153 75.3829 0.0108333 0.999913 -0.00749832 -4.62633 -0.990134 0.00967907 -0.139787 109.293 
-0.141524 0.00946899 0.98989 76.1827 0.0120682 0.999896 -0.00783929 -4.64679 -0.989861 0.0108367 -0.141624 109.192 
-0.143593 0.0107076 0.989579 76.9844 0.0113697 0.999893 -0.00916938 -4.6658 -0.989572 0.00993458 -0.143699 109.09 
-0.145223 0.0143672 0.989295 77.7899 0.0131083 0.999835 -0.012596 -4.68488 -0.989312 0.0111388 -0.145387 108.988 
-0.145689 0.0183669 0.98916 78.6042 0.0150822 0.999753 -0.0163422 -4.70759 -0.989216 0.0125378 -0.14593 108.881 
-0.146654 0.0223294 0.988936 79.4235 0.0162491 0.999665 -0.020162 -4.73255 -0.989054 0.0131125 -0.146968 108.773 
-0.146529 0.0234374 0.988929 80.2547 0.0182607 0.999613 -0.0209849 -4.75882 -0.989038 0.0149836 -0.1469 108.666 
-0.14604 0.022798 0.989016 81.0902 0.0221027 0.99956 -0.0197772 -4.78767 -0.989032 0.0189717 -0.14648 108.553 
-0.146052 0.0210502 0.989053 81.9367 0.0227336 0.999581 -0.0179172 -4.81434 -0.989016 0.0198679 -0.146469 108.446 
-0.145431 0.0195534 0.989175 82.7843 0.0222265 0.999617 -0.0164919 -4.83971 -0.989119 0.0195874 -0.14581 108.343 
-0.1437 0.0169715 0.989476 83.6346 0.0211812 0.999677 -0.0140703 -4.86793 -0.989395 0.0189363 -0.144013 108.24 
-0.142052 0.0137767 0.989763 84.4939 0.02177 0.999705 -0.0107906 -4.893 -0.98962 0.0200143 -0.14231 108.135 
-0.140438 0.0105417 0.990033 85.3501 0.0223829 0.999722 -0.00746978 -4.91487 -0.989836 0.0211107 -0.140635 108.029 
-0.138846 0.0103553 0.99026 86.2138 0.0204367 0.999762 -0.00758919 -4.93815 -0.990103 0.0191839 -0.139025 107.93 
-0.137693 0.0144114 0.99037 87.0734 0.0211806 0.999708 -0.0116025 -4.96423 -0.990249 0.019379 -0.137958 107.831 
-0.135656 0.0207347 0.990539 87.9153 0.0222044 0.999594 -0.0178833 -4.9882 -0.990507 0.0195683 -0.136061 107.731 
-0.134329 0.0241014 0.990644 88.7763 0.0199258 0.999568 -0.0216165 -5.015 -0.990736 0.0168356 -0.134751 107.636 
-0.132865 0.0217267 0.990896 89.6353 0.0189265 0.999633 -0.0193804 -5.04467 -0.990953 0.0161792 -0.133228 107.538 
-0.131747 0.0190446 0.9911 90.5055 0.0192867 0.999675 -0.0166455 -5.07659 -0.991096 0.0169221 -0.132072 107.44 
-0.131245 0.0175059 0.991195 91.3806 0.0198969 0.999689 -0.0150213 -5.10141 -0.99115 0.0177503 -0.131552 107.344 
-0.130219 0.0172223 0.991336 92.25 0.0194274 0.999702 -0.0148157 -5.13028 -0.991295 0.0173298 -0.130515 107.244 
-0.129711 0.0170386 0.991405 93.1189 0.0188856 0.999713 -0.0147105 -5.16279 -0.991372 0.0168151 -0.129996 107.147 
-0.128867 0.0151833 0.991546 93.9864 0.0214333 0.999692 -0.0125224 -5.19138 -0.99143 0.0196383 -0.129153 107.047 
-0.127397 0.0144459 0.991747 94.8521 0.0244111 0.999637 -0.011425 -5.2209 -0.991551 0.0227541 -0.127704 106.938 
-0.126583 0.0155645 0.991834 95.7192 0.0264571 0.999574 -0.0123093 -5.24906 -0.991603 0.0246829 -0.126941 106.837 
-0.125474 0.0176922 0.991939 96.5881 0.0273271 0.999523 -0.0143708 -5.27697 -0.991721 0.0253036 -0.125897 106.738 
-0.124291 0.0191794 0.992061 97.4583 0.024611 0.999565 -0.016241 -5.30386 -0.991941 0.022397 -0.124708 106.64 
-0.123559 0.0148863 0.992226 98.3248 0.0194689 0.999731 -0.0125744 -5.33122 -0.992146 0.0177638 -0.123816 106.553 
-0.123477 0.012889 0.992264 99.184 0.0149249 0.999827 -0.01113 -5.35956 -0.992235 0.0134352 -0.123648 106.467 
-0.124405 0.0133129 0.992142 100.035 0.0115887 0.999861 -0.0119633 -5.38766 -0.992164 0.0100094 -0.124542 106.377 
-0.12533 0.0178753 0.991954 100.885 0.00868798 0.999819 -0.0169193 -5.41522 -0.992077 0.00649759 -0.125463 106.287 
-0.12586 0.0203563 0.991839 101.728 0.00817338 0.999777 -0.019482 -5.44426 -0.992014 0.00565467 -0.125999 106.192 
-0.126263 0.0207672 0.991779 102.564 0.00876225 0.999765 -0.0198189 -5.47494 -0.991958 0.00618782 -0.126416 106.1 
-0.126447 0.019992 0.991772 103.394 0.0103345 0.999769 -0.0188356 -5.51136 -0.99192 0.00786773 -0.126624 106.005 
-0.126996 0.0207069 0.991687 104.217 0.0117128 0.999744 -0.0193751 -5.54347 -0.991834 0.00915487 -0.127206 105.913 
-0.127319 0.0238877 0.991574 105.039 0.0131315 0.999663 -0.0223964 -5.57564 -0.991775 0.0101694 -0.12759 105.82 
-0.127727 0.0252585 0.991488 105.852 0.0127482 0.999635 -0.0238237 -5.60934 -0.991727 0.00959672 -0.128003 105.728 
-0.128725 0.0254558 0.991354 106.658 0.0110947 0.999645 -0.024228 -5.64362 -0.991618 0.00787999 -0.128961 105.638 
-0.131084 0.0244568 0.99107 107.469 0.00940277 0.999681 -0.0234256 -5.67633 -0.991327 0.00624807 -0.131272 105.551 
-0.13398 0.0256861 0.990651 108.272 0.00935704 0.999652 -0.024654 -5.71094 -0.99094 0.00596642 -0.134173 105.456 
-0.137405 0.0282856 0.990111 109.066 0.00889631 0.999587 -0.0273216 -5.74593 -0.990475 0.00505422 -0.1376 105.365 
-0.140725 0.0297819 0.989601 109.857 0.0073996 0.999551 -0.0290291 -5.77846 -0.990021 0.00323752 -0.140883 105.271 
-0.144005 0.0298317 0.989127 110.643 0.0078637 0.999548 -0.0290011 -5.8136 -0.989546 0.00360188 -0.144175 105.174 
-0.146962 0.028381 0.988735 111.431 0.00917248 0.999584 -0.027329 -5.85191 -0.9891 0.00505282 -0.147161 105.071 
-0.14943 0.0291851 0.988341 112.21 0.010551 0.999554 -0.0279209 -5.88965 -0.988716 0.00625579 -0.149672 104.965 
-0.151186 0.0336056 0.987934 112.983 0.00592906 0.999435 -0.0330895 -5.9281 -0.988488 0.000854856 -0.1513 104.866 
-0.152837 0.0403516 0.987427 113.749 0.00374736 0.999183 -0.0402519 -5.97162 -0.988244 -0.00245175 -0.152864 104.766 
-0.155332 0.0433091 0.986913 114.514 0.00820247 0.999061 -0.0425512 -6.00864 -0.987828 0.00148555 -0.155541 104.651 
-0.158072 0.0416999 0.986547 115.285 0.0103402 0.999123 -0.0405746 -6.04424 -0.987373 0.00378742 -0.158365 104.536 
-0.161084 0.0337158 0.986365 116.061 0.00863801 0.999426 -0.0327515 -6.09118 -0.986903 0.0032445 -0.161282 104.424 
-0.163147 0.0316709 0.986093 116.829 0.0077148 0.999495 -0.0308249 -6.13435 -0.986572 0.00257851 -0.163309 104.311 
-0.1646 0.0345279 0.985756 117.589 0.00739734 0.999402 -0.0337706 -6.17329 -0.986333 0.00173333 -0.164757 104.194 
-0.166922 0.0381035 0.985234 118.354 0.00507896 0.999273 -0.0377859 -6.20712 -0.985957 -0.00130335 -0.166994 104.077 
-0.16943 0.0406883 0.984702 119.098 0.00442735 0.999169 -0.0405243 -6.24836 -0.985532 -0.0025064 -0.169469 103.963 
-0.170954 0.0447074 0.984264 119.837 0.00849447 0.999 -0.0439013 -6.29558 -0.985242 0.000855666 -0.171163 103.838 
-0.172672 0.0494113 0.983739 120.58 0.0088493 0.998779 -0.0486134 -6.33574 -0.98494 0.000311202 -0.172899 103.72 
-0.176162 0.0517623 0.982999 121.33 0.00794964 0.998659 -0.0511622 -6.37999 -0.984329 -0.00119833 -0.176337 103.613 
-0.17843 0.0493541 0.982714 122.076 0.00896437 0.998781 -0.0485333 -6.42594 -0.983912 0.00014963 -0.178655 103.492 
-0.182095 0.0460512 0.982202 122.815 0.0131245 0.998928 -0.0444022 -6.47133 -0.983193 0.00480545 -0.182504 103.357 
-0.187978 0.0445252 0.981164 123.552 0.0152336 0.998984 -0.0424153 -6.51779 -0.982055 0.00697348 -0.188465 103.229 
-0.194251 0.0432634 0.979997 124.286 0.0140223 0.999047 -0.0413249 -6.56225 -0.980852 0.00571439 -0.194672 103.099 
-0.20268 0.0435729 0.978275 125.017 0.013063 0.999041 -0.0417914 -6.60617 -0.979158 0.00430892 -0.203055 102.961 
-0.213206 0.043986 0.976017 125.744 0.012432 0.999027 -0.0423072 -6.64948 -0.976928 0.00311369 -0.213546 102.816 
-0.225155 0.0450369 0.973281 126.459 0.012737 0.998982 -0.0432796 -6.69072 -0.97424 0.00265201 -0.2255 102.659 
-0.237424 0.0458513 0.970323 127.176 0.0137841 0.998944 -0.0438309 -6.73333 -0.971308 0.00296849 -0.237805 102.489 
-0.248595 0.0459212 0.967518 127.878 0.0167468 0.99893 -0.0431092 -6.77354 -0.968463 0.00548608 -0.249098 102.305 
-0.259717 0.0460194 0.964588 128.579 0.0199655 0.998906 -0.0422809 -6.81541 -0.965478 0.00827738 -0.260352 102.12 
-0.269591 0.0460438 0.961874 129.281 0.024038 0.998867 -0.0410773 -6.85671 -0.962675 0.0120475 -0.270392 101.923 
-0.278514 0.0467435 0.959294 129.975 0.029591 0.998758 -0.0400752 -6.89714 -0.959976 0.0172249 -0.279551 101.724 
-0.285995 0.0468884 0.957083 130.668 0.0352117 0.998642 -0.0384024 -6.9382 -0.957584 0.0227176 -0.287257 101.517 
-0.29226 0.0469641 0.955185 131.363 0.0354627 0.998639 -0.03825 -6.97853 -0.955681 0.0226945 -0.293528 101.313 
-0.296859 0.0453008 0.953846 132.055 0.0389039 0.998619 -0.0353193 -7.01211 -0.954128 0.0266235 -0.298211 101.101 
-0.298849 0.0424206 0.953357 132.738 0.0446634 0.998539 -0.0304303 -7.0488 -0.953255 0.0334861 -0.300307 100.889 
-0.299836 0.0411588 0.953103 133.415 0.0513823 0.998315 -0.026947 -7.08326 -0.952606 0.0408929 -0.301445 100.675 
-0.300741 0.0395124 0.952887 134.085 0.0535576 0.998264 -0.0244906 -7.12117 -0.952201 0.043669 -0.302335 100.472 
-0.300342 0.0450384 0.952768 134.747 0.0560019 0.997994 -0.0295227 -7.15141 -0.952186 0.0444899 -0.302262 100.269 
-0.299227 0.0483505 0.952956 135.407 0.0560607 0.997881 -0.0330268 -7.18309 -0.952534 0.0435409 -0.301304 100.075 
-0.298448 0.0481563 0.95321 136.067 0.0579949 0.997796 -0.0322507 -7.21553 -0.952662 0.0456562 -0.300583 99.8779 
-0.29659 0.0465954 0.953868 136.726 0.0592718 0.997782 -0.0303109 -7.24832 -0.953164 0.0475475 -0.298694 99.6805 
-0.29482 0.0438583 0.954546 137.38 0.0610771 0.997768 -0.02698 -7.2839 -0.953599 0.0503466 -0.296841 99.4879 
-0.293633 0.044459 0.954884 138.027 0.0616824 0.997717 -0.0274855 -7.31727 -0.953926 0.0508288 -0.295705 99.3008 
-0.2911 0.0469332 0.955541 138.668 0.0629316 0.997572 -0.0298259 -7.34652 -0.954621 0.0514513 -0.293347 99.1142 
-0.286728 0.0484673 0.956785 139.303 0.0644958 0.99743 -0.0311982 -7.37933 -0.955839 0.0527632 -0.289117 98.9308 
-0.281407 0.0476434 0.958405 139.937 0.0652402 0.997406 -0.0304263 -7.41013 -0.957368 0.0539644 -0.283785 98.755 
-0.276064 0.0458479 0.960045 140.573 0.0669197 0.997355 -0.0283866 -7.44358 -0.958807 0.0564094 -0.278402 98.5861 
-0.271299 0.0441078 0.961484 141.2 0.0669577 0.997394 -0.0268618 -7.47397 -0.960163 0.0570911 -0.273546 98.4181 
-0.267431 0.0430591 0.962614 141.829 0.0668912 0.997421 -0.0260325 -7.50669 -0.961252 0.0574285 -0.269622 98.2617 
-0.263541 0.0417516 0.963744 142.447 0.0679368 0.997386 -0.0246313 -7.53371 -0.962253 0.0589823 -0.265688 98.105 
-0.259884 0.0404851 0.964791 143.066 0.0712972 0.997198 -0.0226398 -7.55802 -0.963004 0.0629031 -0.262042 97.9486 
-0.255994 0.0388211 0.965899 143.671 0.0731747 0.997105 -0.0206817 -7.58274 -0.963905 0.065385 -0.258094 97.7918 
-0.25295 0.0375071 0.966752 144.282 0.0711865 0.997261 -0.0200648 -7.61061 -0.964857 0.0637443 -0.254927 97.6508 
-0.249169 0.0382387 0.967705 144.879 0.068239 0.99743 -0.0218428 -7.64211 -0.966053 0.0605926 -0.251138 97.5095 
-0.244727 0.0417868 0.968691 145.476 0.069743 0.997242 -0.0253987 -7.66812 -0.96708 0.0613436 -0.246967 97.373 
-0.239068 0.0451087 0.969955 146.058 0.0716015 0.99702 -0.0287195 -7.69355 -0.968359 0.0625843 -0.241585 97.2386 
-0.232521 0.0459305 0.971506 146.645 0.0708194 0.997032 -0.0301874 -7.72223 -0.97001 0.0617823 -0.235084 97.115 
