1 2.12261e-08 -2.11895e-08 0 2.12261e-08 1 2.10703e-08 0 -2.11895e-08 2.10703e-08 1 0 
0.999998 0.000902966 0.00168836 -0.018944 -0.000901261 0.999999 -0.000985241 -0.019578 -0.00168929 0.00098376 0.999998 1.21982 
0.999995 0.000697427 0.00293318 -0.0340852 -0.000695753 1 -0.000557164 -0.0425124 -0.0029336 0.000555163 0.999996 2.42975 
0.999993 -0.000113657 0.00385025 -0.04951 0.000114583 1 -0.000229194 -0.0656282 -0.00385026 0.000229676 0.999993 3.63392 
0.99999 -0.000297023 0.0044253 -0.0596382 0.00029789 1 -0.000185722 -0.0814046 -0.00442528 0.000187081 0.99999 4.84851 
0.999987 -0.000292996 0.00517078 -0.0685188 0.000293914 1 -0.0001686 -0.102044 -0.00517077 0.000170159 0.999987 6.05308 
0.999984 3.58933e-05 0.00563637 -0.0740332 -2.98394e-05 0.999999 -0.0010666 -0.126416 -0.00563645 0.00106645 0.999984 7.26344 
0.99998 -0.000507767 0.00625498 -0.0801662 0.000518537 0.999998 -0.00171349 -0.142118 -0.00625414 0.00171674 0.999979 8.48757 
0.999981 -0.000885152 0.00612544 -0.0848366 0.000886596 1 -0.000226061 -0.162076 -0.00612528 0.00023153 0.999981 9.70628 
0.999986 -0.0014963 0.005019 -0.103932 0.00149363 0.999999 0.00054493 -0.180833 -0.00501985 -0.000537383 0.999987 10.919 
0.999993 -0.00258867 0.00254266 -0.11727 0.00258863 0.999997 3.58121e-05 -0.200219 -0.00254279 -2.91877e-05 0.999997 12.1283 
0.999997 -0.00225279 0.000445247 -0.138374 0.0022531 0.999997 -0.000604582 -0.218959 -0.000443926 0.000605626 1 13.3354 
0.999997 -0.00209338 -0.000977616 -0.157073 0.00209281 0.999998 -0.000622642 -0.243588 0.000978875 0.000620637 0.999999 14.5468 
0.999998 -0.000767036 -0.00171708 -0.186817 0.000765802 0.999999 -0.000743813 -0.266775 0.0017176 0.000742539 0.999998 15.7577 
0.999996 -0.00141781 -0.00231223 -0.211056 0.00141617 0.999999 -0.000732733 -0.289325 0.00231323 0.000729498 0.999997 16.9746 
0.999994 -0.002154 -0.00280832 -0.23832 0.00215343 0.999998 -0.000223506 -0.311469 0.00280875 0.000217499 0.999996 18.1981 
0.999991 -0.00275123 -0.00334062 -0.265866 0.00275153 0.999996 7.21445e-05 -0.334642 0.00334037 -8.12934e-05 0.999994 19.4164 
0.999988 -0.00263844 -0.0040844 -0.284814 0.00263455 0.999996 -0.000967594 -0.351806 0.0040869 0.000956864 0.999991 20.6076 
0.999984 -0.00310365 -0.00466628 -0.313841 0.0030948 0.999993 -0.00191221 -0.371489 0.00467214 0.00189779 0.999987 21.8172 
0.999982 -0.00214134 -0.00552947 -0.341543 0.00213404 0.999997 -0.00133281 -0.391383 0.00553227 0.00132103 0.999984 23.0344 
0.999978 -0.00226237 -0.00625128 -0.372001 0.00225356 0.999996 -0.00142293 -0.416979 0.00625444 0.00140886 0.999979 24.2475 
0.999973 -0.00208525 -0.00699111 -0.405603 0.00206954 0.999995 -0.00225967 -0.435955 0.00699575 0.00224519 0.999973 25.4586 
0.999968 -0.00208554 -0.00773558 -0.439623 0.00207398 0.999997 -0.00150838 -0.460161 0.00773866 0.00149233 0.999969 26.654 
0.999957 -0.00342519 -0.00859231 -0.464217 0.003428 0.999994 0.000307777 -0.484683 0.00859116 -0.000337176 0.999963 27.8698 
0.999945 -0.00369238 -0.00985291 -0.48652 0.00369642 0.999993 0.000388084 -0.502016 0.00985137 -0.00042444 0.999951 29.0976 
0.999932 -0.00459841 -0.0107672 -0.518345 0.00459402 0.999989 -0.0004362 -0.522508 0.0107691 0.000386747 0.999942 30.3035 
0.99992 -0.00493451 -0.0116705 -0.550733 0.00491723 0.999987 -0.00151285 -0.542873 0.0116777 0.00145538 0.999931 31.5047 
0.999919 -0.00429047 -0.0120165 -0.594971 0.00427532 0.99999 -0.0012894 -0.574382 0.0120219 0.00123796 0.999927 32.7196 
0.999909 -0.00538357 -0.0123474 -0.643576 0.00537007 0.999985 -0.00113019 -0.584602 0.0123532 0.00106382 0.999923 33.9476 
0.999902 -0.00524111 -0.0130048 -0.684029 0.00523121 0.999986 -0.000798455 -0.604857 0.0130087 0.000730389 0.999915 35.1528 
0.999892 -0.00574342 -0.0135313 -0.721051 0.00573184 0.999983 -0.000896967 -0.626428 0.0135362 0.000819353 0.999908 36.3632 
0.999881 -0.00599636 -0.014248 -0.756324 0.00598268 0.999982 -0.00100555 -0.64762 0.0142537 0.000920232 0.999898 37.5651 
0.999871 -0.00703337 -0.0144634 -0.79246 0.00702635 0.999975 -0.000538746 -0.667468 0.0144667 0.000437095 0.999895 38.7789 
0.999873 -0.00678333 -0.0144003 -0.832786 0.00679454 0.999977 0.000727391 -0.688817 0.014395 -0.0008251 0.999896 39.9941 
0.999873 -0.00633175 -0.0146071 -0.862743 0.00635707 0.999978 0.00168472 -0.712587 0.0145961 -0.00177733 0.999892 41.225 
0.999882 -0.00563319 -0.0143164 -0.908226 0.00564992 0.999983 0.00112609 -0.730987 0.0143098 -0.0012068 0.999897 42.4433 
0.999893 -0.00447652 -0.0139543 -0.945969 0.00449217 0.999989 0.0010875 -0.750231 0.0139493 -0.00115002 0.999902 43.6733 
0.999911 -0.00187422 -0.0132463 -0.991595 0.00191311 0.999994 0.00292062 -0.768864 0.0132407 -0.00294566 0.999908 44.8858 
0.999928 -0.00129531 -0.0119267 -1.01422 0.00136482 0.999982 0.00581837 -0.779416 0.0119189 -0.00583418 0.999912 46.1187 
0.999951 -0.000904038 -0.00984155 -1.0572 0.000991056 0.999961 0.00883633 -0.797213 0.00983313 -0.00884561 0.999913 47.3294 
0.999966 -0.000391846 -0.0082644 -1.08905 0.000490978 0.999928 0.0119913 -0.801845 0.00825906 -0.0119949 0.999894 48.5538 
0.999976 -0.00123615 -0.0068751 -1.11758 0.00132761 0.999911 0.0133082 -0.809917 0.00685799 -0.013317 0.999888 49.7804 
0.999977 -0.00369502 -0.00576519 -1.1345 0.003763 0.999923 0.011818 -0.81768 0.00572104 -0.0118394 0.999914 51.001 
0.999985 -0.00280849 -0.00479074 -1.16062 0.00285644 0.999946 0.0100222 -0.822407 0.00476229 -0.0100357 0.999938 52.2104 
0.999988 -0.00253616 -0.00408189 -1.18639 0.00257487 0.999952 0.00949525 -0.829928 0.00405757 -0.00950561 0.999947 53.4163 
0.999988 -0.00283407 -0.00400515 -1.20917 0.00287011 0.999955 0.00901244 -0.839493 0.00397939 -0.00902379 0.999951 54.6387 
0.999982 -0.00375471 -0.00462945 -1.24128 0.00379185 0.999961 0.00802991 -0.851253 0.00459907 -0.00804728 0.999957 55.8524 
0.999975 -0.0036387 -0.00607486 -1.27229 0.00368898 0.999959 0.00827833 -0.86065 0.00604444 -0.00830049 0.999947 57.0726 
0.999965 -0.00367768 -0.00750717 -1.29878 0.00374936 0.999947 0.00955141 -0.871726 0.00747161 -0.00957918 0.999926 58.3005 
0.999956 -0.00394185 -0.0085379 -1.33025 0.00402686 0.999942 0.00995666 -0.883732 0.00849811 -0.00999056 0.999914 59.5223 
0.999952 -0.00277115 -0.00941775 -1.36326 0.00286158 0.99995 0.00959794 -0.892656 0.00939064 -0.00962439 0.99991 60.7323 
0.999948 -0.00242788 -0.00985838 -1.40228 0.00252173 0.999952 0.00951417 -0.903077 0.00983476 -0.00953849 0.999906 61.9469 
0.999942 -0.00335565 -0.010197 -1.43355 0.00344955 0.999952 0.00920154 -0.916087 0.0101656 -0.00923614 0.999906 63.1556 
0.999934 -0.00447929 -0.0105584 -1.46237 0.00456785 0.999955 0.00837423 -0.929038 0.0105204 -0.00842187 0.999909 64.3724 
0.999932 -0.00462212 -0.0107552 -1.49814 0.00472551 0.999943 0.00960311 -0.937564 0.0107102 -0.00965323 0.999896 65.5893 
0.999928 -0.00465528 -0.0110316 -1.53593 0.00477693 0.999928 0.0110225 -0.947404 0.0109794 -0.0110744 0.999878 66.793 
0.999929 -0.00429271 -0.0111033 -1.57405 0.00439859 0.999945 0.00952549 -0.960226 0.0110617 -0.00957361 0.999893 68.0046 
0.999939 -0.00220362 -0.0108263 -1.6161 0.00229268 0.999964 0.00821744 -0.967171 0.0108077 -0.00824172 0.999908 69.2065 
0.999946 0.000221948 -0.0103798 -1.6629 -0.000133722 0.999964 0.00849563 -0.977585 0.0103813 -0.00849374 0.99991 70.413 
0.99995 0.00184048 -0.00978819 -1.70552 -0.00175645 0.999962 0.00858261 -0.989037 0.00980357 -0.00856495 0.999915 71.6231 
0.999948 0.00359639 -0.00959841 -1.74274 -0.00350997 0.999953 0.00900098 -0.997584 0.00963029 -0.00896677 0.999913 72.8182 
0.999958 0.0040196 -0.00829618 -1.78039 -0.00393706 0.999943 0.00993648 -1.00875 0.00833561 -0.00990336 0.999916 74.0084 
0.999964 0.00589202 -0.0061561 -1.81124 -0.00582611 0.999926 0.0106642 -1.01906 0.00621844 -0.0106279 0.999924 75.2093 
0.999985 0.00445846 -0.00329853 -1.83948 -0.00443005 0.999954 0.00855865 -1.03209 0.00333649 -0.00854386 0.999958 76.4009 
0.999999 0.00161331 -0.000301762 -1.86099 -0.00161221 0.999993 0.00349578 -1.04452 0.000307357 -0.00349525 0.999994 77.5882 
0.999994 0.00252426 0.00229666 -1.88578 -0.00253147 0.999992 0.0031609 -1.05904 -0.00228871 -0.00316666 0.999992 78.7595 
0.999986 0.000992121 0.00515758 -1.90123 -0.00102767 0.999976 0.00690307 -1.07957 -0.00515065 -0.00690823 0.999963 79.937 
0.999961 0.00169579 0.00862176 -1.91735 -0.00176588 0.999965 0.00813337 -1.09275 -0.00860771 -0.00814824 0.99993 81.1392 
0.999911 0.00213588 0.0131755 -1.92577 -0.0022183 0.999978 0.00624769 -1.10381 -0.013162 -0.00627632 0.999894 82.312 
0.999857 0.00117764 0.0168669 -1.92962 -0.0012339 0.999994 0.00332825 -1.12242 -0.0168629 -0.00334854 0.999852 83.4699 
0.999791 -0.000253894 0.02042 -1.92827 0.000250991 1 0.000146826 -1.14575 -0.0204201 -0.000141628 0.999792 84.637 
0.999708 -0.000914036 0.0241612 -1.93566 0.000935749 0.999999 -0.000885609 -1.16313 -0.0241604 0.000908 0.999708 85.8316 
0.999605 -0.00127126 0.028071 -1.92342 0.00124332 0.999999 0.00101446 -1.18637 -0.0280723 -0.000979114 0.999605 87.0105 
0.999481 0.000164642 0.0322024 -1.91501 -0.000207915 0.999999 0.00134176 -1.20303 -0.0322022 -0.00134772 0.999481 88.1839 
0.999335 -0.000228916 0.0364597 -1.90362 0.000252262 1 -0.00063454 -1.22642 -0.0364596 0.000643357 0.999335 89.3389 
0.999202 -0.000374609 0.0399447 -1.88416 0.000495852 0.999995 -0.00302432 -1.24582 -0.0399434 0.00304176 0.999197 90.4998 
0.99907 -0.000316093 0.0431159 -1.85591 0.000454348 0.999995 -0.00319582 -1.27252 -0.0431147 0.00321248 0.999065 91.6579 
0.998957 -0.00186421 0.0456317 -1.81133 0.00195706 0.999996 -0.00198927 -1.29115 -0.0456279 0.00207653 0.998956 92.8138 
0.998821 -0.00239897 0.048495 -1.78118 0.0024265 0.999997 -0.000507856 -1.31087 -0.0484937 0.000624971 0.998823 93.9887 
0.998686 -0.00317334 0.0511533 -1.7423 0.0031151 0.999994 0.00121919 -1.3299 -0.0511569 -0.0010582 0.99869 95.1532 
0.998542 -0.00474998 0.0537706 -1.7047 0.00463886 0.999987 0.00219191 -1.34623 -0.0537804 -0.00193924 0.998551 96.3301 
0.998417 -0.00586216 0.0559368 -1.63832 0.00587964 0.999983 -0.000147221 -1.36115 -0.055935 0.000475917 0.998434 97.5333 
0.99828 -0.00737434 0.0581581 -1.58878 0.00760224 0.999964 -0.00369751 -1.38153 -0.0581288 0.00413332 0.998301 98.7165 
0.998165 -0.0066043 0.0601874 -1.5465 0.00701112 0.999954 -0.00654988 -1.40592 -0.0601414 0.00695989 0.998166 99.8742 
0.998082 -0.00659205 0.0615589 -1.48439 0.00706447 0.999947 -0.00745909 -1.42852 -0.0615065 0.00787971 0.998076 101.073 
0.998067 -0.00633797 0.0618268 -1.42348 0.00677771 0.999953 -0.00690473 -1.45533 -0.0617802 0.00731046 0.998063 102.288 
0.998102 -0.0064204 0.0612544 -1.37062 0.00674032 0.999965 -0.00501702 -1.48274 -0.0612201 0.00542041 0.99811 103.486 
0.998183 -0.00694763 0.0598599 -1.31707 0.00717548 0.999968 -0.00359169 -1.50385 -0.059833 0.00401473 0.9982 104.701 
0.998297 -0.00657627 0.0579578 -1.26725 0.00675279 0.999973 -0.00284963 -1.52366 -0.0579375 0.00323619 0.998315 105.919 
0.99843 -0.00624359 0.055669 -1.22542 0.00638793 0.999977 -0.00241436 -1.54442 -0.0556526 0.00276622 0.998446 107.144 
0.998585 -0.00556375 0.0528813 -1.19084 0.00569981 0.999981 -0.00242159 -1.57114 -0.0528668 0.00271962 0.998598 108.376 
0.99878 -0.00444948 0.0491905 -1.16066 0.00459422 0.999985 -0.00282902 -1.59513 -0.0491773 0.0030516 0.998785 109.587 
0.998953 -0.00404089 0.0455723 -1.14036 0.00415554 0.999988 -0.00242021 -1.62145 -0.045562 0.0026071 0.998958 110.824 
0.999125 -0.00355304 0.0416712 -1.11526 0.00361685 0.999992 -0.00145498 -1.64465 -0.0416657 0.00160446 0.99913 112.07 
0.999285 -0.00327277 0.0376771 -1.11023 0.00330031 0.999994 -0.000667643 -1.66731 -0.0376748 0.000791553 0.99929 113.348 
0.999439 -0.00328219 0.0333169 -1.08995 0.00328862 0.999995 -0.000136887 -1.68556 -0.0333163 0.000246418 0.999445 114.584 
0.999578 -0.00260394 0.0289199 -1.09617 0.00260713 0.999997 -7.11735e-05 -1.70805 -0.0289197 0.000146583 0.999582 115.855 
0.999701 -0.00182237 0.024366 -1.10567 0.00182972 0.999998 -0.000277662 -1.72584 -0.0243655 0.000322204 0.999703 117.115 
0.999806 -0.00128702 0.0196524 -1.11073 0.00129885 0.999999 -0.00058697 -1.74606 -0.0196517 0.000612423 0.999807 118.351 
0.999887 -0.000249519 0.0150358 -1.11144 0.00026552 0.999999 -0.00105937 -1.7697 -0.0150356 0.00106328 0.999886 119.592 
0.999927 0.00208308 0.0119413 -1.12934 -0.00206799 0.999997 -0.00127228 -1.79396 -0.011944 0.00124754 0.999928 120.826 
0.999943 0.00403249 0.00992635 -1.14947 -0.00402241 0.999991 -0.00103074 -1.81952 -0.00993047 0.000990795 0.99995 122.075 
0.999945 0.00537099 0.00901353 -1.16646 -0.00535754 0.999985 -0.00151095 -1.83433 -0.00902155 0.00146262 0.999958 123.345 
0.99994 0.0073622 0.00807771 -1.18568 -0.00735086 0.999972 -0.00142768 -1.85343 -0.00808804 0.00136826 0.999966 124.6 
0.999935 0.00886162 0.00711228 -1.19747 -0.00885705 0.999961 -0.000667744 -1.87306 -0.00711796 0.000604749 0.999975 125.858 
0.999941 0.00871659 0.00643545 -1.20381 -0.00871698 0.999962 3.94495e-05 -1.90097 -0.0064349 -9.55031e-05 0.999979 127.108 
0.999907 0.0124654 0.00553651 -1.22804 -0.0124764 0.99992 0.00195478 -1.92013 -0.00551174 -0.00202363 0.999983 128.374 
0.999897 0.0135042 0.00488703 -1.24816 -0.0135286 0.999896 0.00499867 -1.93566 -0.00481906 -0.00506422 0.999976 129.661 
0.999915 0.0123055 0.00429187 -1.26845 -0.0123248 0.999914 0.00451352 -1.94609 -0.004236 -0.00456599 0.999981 130.937 
0.999913 0.0126316 0.00391201 -1.2927 -0.0126434 0.999916 0.00302999 -1.95686 -0.00387345 -0.00307915 0.999988 132.204 
0.999945 0.0100094 0.00327172 -1.31685 -0.0100227 0.999941 0.004087 -1.97257 -0.00323066 -0.00411953 0.999986 133.492 
0.999968 0.00771964 0.00195266 -1.32996 -0.00773148 0.999951 0.00614957 -1.99151 -0.00190513 -0.00616443 0.999979 134.787 
0.99999 0.00420043 0.00176368 -1.35296 -0.0042143 0.999959 0.00796015 -2.00276 -0.00173022 -0.00796746 0.999967 136.08 
0.999997 0.00196785 0.00144656 -1.37401 -0.0019809 0.999957 0.00910615 -2.01667 -0.00142862 -0.00910895 0.999958 137.361 
0.999997 -0.00202796 0.00131525 -1.38309 0.00201838 0.999972 0.00727761 -2.02675 -0.00133001 -0.00727489 0.999973 138.638 
0.999988 -0.00468441 0.0015203 -1.40026 0.00467483 0.999969 0.0062701 -2.03815 -0.00154967 -0.00626288 0.999979 139.911 
0.999979 -0.00623402 0.00159723 -1.41624 0.00622432 0.999962 0.00603673 -2.05116 -0.00163485 -0.00602662 0.999981 141.19 
0.999979 -0.00607821 0.00220801 -1.43656 0.00606421 0.999962 0.00631317 -2.06193 -0.00224634 -0.0062996 0.999978 142.478 
0.999982 -0.00543766 0.00271104 -1.45661 0.00541518 0.999951 0.00824873 -2.0739 -0.00275581 -0.00823385 0.999962 143.767 
0.999989 -0.00313498 0.00337788 -1.47788 0.00310205 0.999948 0.00972422 -2.08499 -0.00340823 -0.0097136 0.999947 145.054 
0.999986 -0.00324775 0.00428182 -1.50334 0.00321311 0.999962 0.00808304 -2.09894 -0.00430795 -0.00806912 0.999958 146.35 
0.999986 -0.00260106 0.00463935 -1.51553 0.00257288 0.999978 0.00607936 -2.10947 -0.00465511 -0.00606729 0.999971 147.634 
0.999982 -0.00259344 0.00533134 -1.53285 0.00257379 0.99999 0.00369743 -2.12714 -0.00534092 -0.0036836 0.999979 148.921 
0.999977 -0.00399088 0.00555989 -1.54641 0.00399255 0.999992 -0.00028174 -2.14941 -0.00555876 0.000303973 0.999985 150.213 
0.999975 -0.00391802 0.00588241 -1.5561 0.00394072 0.999985 -0.00384404 -2.17257 -0.0058673 0.00386716 0.999975 151.515 
0.999973 -0.00385677 0.00620936 -1.57527 0.00388665 0.999981 -0.0047993 -2.19757 -0.00619077 0.00482335 0.999969 152.81 
0.999972 -0.00392737 0.00634125 -1.593 0.00395637 0.999982 -0.00455954 -2.22764 -0.00632327 0.00458454 0.99997 154.097 
0.999975 -0.00324949 0.0063025 -1.6128 0.00327607 0.999986 -0.00420566 -2.25271 -0.00628878 0.00422625 0.999971 155.381 
0.999978 -0.00254692 0.00619049 -1.63252 0.00256709 0.999991 -0.00324663 -2.27912 -0.00618221 0.00326249 0.999976 156.658 
0.999981 -0.00236082 0.00578403 -1.64555 0.00237593 0.999994 -0.00260031 -2.30976 -0.00577789 0.00261404 0.99998 157.929 
0.999985 -0.00221036 0.00506211 -1.65805 0.00222527 0.999993 -0.00293361 -2.33923 -0.00505564 0.00294487 0.999983 159.222 
0.999989 -0.00165948 0.0043581 -1.6774 0.0016715 0.999995 -0.00274458 -2.36355 -0.00435356 0.00275188 0.999987 160.51 
0.99999 -0.00235069 0.00368875 -1.69568 0.0023564 0.999996 -0.00153386 -2.38748 -0.00368517 0.00154258 0.999992 161.799 
0.999994 -0.00162054 0.00313105 -1.71778 0.00162428 0.999998 -0.00117788 -2.41574 -0.00312918 0.001183 0.999994 163.087 
0.999995 -0.0014756 0.00265506 -1.73765 0.00148117 0.999997 -0.00208092 -2.44306 -0.00265203 0.00208488 0.999994 164.39 
0.999997 -0.00109362 0.0021454 -1.76409 0.00110049 0.999994 -0.00318762 -2.47186 -0.00214194 0.00319002 0.999993 165.667 
0.999999 -0.000462147 0.00124959 -1.78543 0.000466397 0.999994 -0.00336907 -2.49512 -0.00124807 0.00336969 0.999994 166.94 
0.999999 -0.00123441 0.000414304 -1.80965 0.00123618 0.99999 -0.00420631 -2.52595 -0.00040915 0.00420686 0.999991 168.218 
1 -0.000645216 -0.00018383 -1.83795 0.00064429 0.999986 -0.00522152 -2.5537 0.000187154 0.00522144 0.999986 169.497 
1 -0.000391133 -0.000845765 -1.86531 0.000387031 0.999988 -0.00489576 -2.58192 0.000847628 0.00489548 0.999988 170.781 
0.999999 -0.000550211 -0.00154516 -1.89097 0.000544962 0.999994 -0.00342282 -2.61497 0.001547 0.00342201 0.999993 172.074 
0.999998 -0.000366576 -0.00201139 -1.9238 0.000360272 0.999995 -0.00315472 -2.64034 0.0020125 0.00315403 0.999993 173.354 
0.999995 2.62536e-05 -0.00319416 -1.94484 -3.53203e-05 0.999996 -0.00285181 -2.66175 0.00319403 0.00285195 0.999991 174.64 
0.999993 0.000189631 -0.0037716 -1.97656 -0.000199578 0.999997 -0.00264851 -2.68622 0.00377104 0.00264929 0.999989 175.928 
0.999991 0.000342225 -0.0041678 -2.0109 -0.000356466 0.999994 -0.003427 -2.71493 0.00416656 0.0034285 0.999985 177.198 
0.999987 0.00152289 -0.00484957 -2.03754 -0.00154266 0.999991 -0.00408352 -2.73841 0.00484327 0.00409099 0.99998 178.48 
0.999984 0.00185781 -0.00536271 -2.06118 -0.00187802 0.999991 -0.00377313 -2.76439 0.00535561 0.00378318 0.999979 179.785 
0.999984 0.00167289 -0.00543301 -2.08923 -0.001699 0.999987 -0.00481182 -2.7956 0.00542485 0.00482101 0.999974 181.072 
0.999985 0.000221322 -0.0054697 -2.11903 -0.000255607 0.99998 -0.00627613 -2.82416 0.00546816 0.00627748 0.999965 182.346 
0.99998 -0.00297563 -0.00566279 -2.14661 0.00294068 0.999977 -0.00617644 -2.8529 0.00568099 0.0061597 0.999965 183.619 
0.999978 -0.00261676 -0.00603852 -2.17531 0.00260213 0.999994 -0.0024351 -2.88096 0.00604481 0.00241938 0.999979 184.892 
0.999974 -0.00353652 -0.00629353 -2.19704 0.00354914 0.999992 0.00198781 -2.90526 0.0062864 -0.00201005 0.999978 186.173 
0.999978 -0.00262199 -0.00613238 -2.22655 0.00262966 0.999996 0.0012353 -2.92765 0.00612907 -0.00125136 0.99998 187.433 
0.999982 -0.00114965 -0.00594338 -2.26129 0.00113863 0.999998 -0.00186388 -2.95048 0.00594547 0.00185712 0.999981 188.679 
0.999979 -0.0010043 -0.00644593 -2.29397 0.000980367 0.999993 -0.00372112 -2.97493 0.00644958 0.00371477 0.999972 189.918 
0.999978 -0.00133091 -0.0065241 -2.32789 0.0013082 0.999993 -0.00349137 -3.00113 0.00652866 0.0034828 0.999973 191.173 
0.99998 -0.00160691 -0.00619751 -2.36213 0.00159393 0.999997 -0.00210464 -3.02938 0.00620083 0.00209476 0.999979 192.424 
0.999981 -0.00148719 -0.00590655 -2.39409 0.00148648 0.999999 -0.000131788 -3.05138 0.0059067 0.000123048 0.999983 193.697 
0.999986 -0.00222824 -0.00483913 -2.4306 0.00223247 0.999997 0.000860745 -3.0781 0.00483716 -0.000871494 0.999988 194.958 
0.999992 -0.0021039 -0.00329958 -2.45716 0.00210463 0.999998 0.000203722 -3.10302 0.0032991 -0.000210623 0.999995 196.213 
0.999993 -0.003252 -0.00209225 -2.4763 0.0032495 0.999994 -0.00121748 -3.12844 0.00209616 0.00121071 0.999997 197.454 
0.999993 -0.0037276 -0.000859226 -2.50143 0.00372532 0.999989 -0.00268942 -3.15116 0.000869199 0.00268624 0.999996 198.692 
0.99999 -0.00446524 0.00053298 -2.51813 0.00446695 0.999985 -0.00316286 -3.17851 -0.000518891 0.00316525 0.999995 199.926 
0.99999 -0.003852 0.00206787 -2.54245 0.0038572 0.999989 -0.00249477 -3.20477 -0.00205828 0.00250277 0.999995 201.158 
0.999984 -0.00463943 0.00332327 -2.55982 0.00464081 0.999989 -0.000392672 -3.23588 -0.00332146 0.00040813 0.999994 202.37 
0.999985 -0.00362945 0.00420711 -2.5715 0.00362974 0.999993 -5.1102e-05 -3.26109 -0.00420694 6.6414e-05 0.999991 203.596 
0.999979 -0.0038618 0.00527605 -2.58249 0.00386178 0.999993 2.21748e-05 -3.28503 -0.00527614 -1.75726e-06 0.999986 204.827 
0.999975 -0.00355657 0.00616435 -2.59718 0.00355622 0.999994 7.47172e-05 -3.30591 -0.00616462 -5.27514e-05 0.999981 206.048 
0.999968 -0.00393367 0.00703666 -2.60619 0.00393022 0.999992 0.000509584 -3.33468 -0.00703865 -0.000481869 0.999975 207.261 
0.999963 -0.00347631 0.0078611 -2.61801 0.00347463 0.999994 0.000233516 -3.35614 -0.00786191 -0.000206151 0.999969 208.468 
0.999957 -0.0036189 0.00858749 -2.6274 0.00361572 0.999993 0.000391384 -3.37879 -0.00858889 -0.000360275 0.999963 209.677 
0.999949 -0.00460942 0.00899828 -2.63136 0.00460597 0.999989 0.000408363 -3.40044 -0.00900011 -0.000366854 0.999959 210.867 
0.999947 -0.00491471 0.00903612 -2.63588 0.00490505 0.999987 0.00109554 -3.42221 -0.00904144 -0.00105111 0.999959 212.048 
0.999945 -0.00538231 0.00901966 -2.65402 0.00536454 0.999984 0.0019974 -3.43739 -0.0090303 -0.00194886 0.999957 213.226 
0.999952 -0.00533634 0.00819663 -2.65606 0.00532103 0.999984 0.00189346 -3.45737 -0.00820665 -0.00184971 0.999965 214.354 
0.999956 -0.00511874 0.00784319 -2.67036 0.00511145 0.999987 0.000954331 -3.47946 -0.00784801 -0.000914157 0.999969 215.471 
0.999961 -0.0051121 0.0071812 -2.67804 0.0051099 0.999987 0.000329735 -3.5048 -0.00718284 -0.000292985 0.999974 216.579 
0.999963 -0.00513683 0.00689243 -2.6976 0.00513609 0.999987 0.000132393 -3.52576 -0.00689306 -9.69462e-05 0.999976 217.678 
0.999968 -0.00589609 0.00533545 -2.70934 0.00589531 0.999983 0.000169828 -3.55175 -0.0053364 -0.000138327 0.999986 218.751 
0.999975 -0.00620097 0.00346829 -2.72174 0.00619773 0.99998 0.000955235 -3.57347 -0.00347419 -0.000933673 0.999994 219.811 
0.999971 -0.00745591 0.00122758 -2.73542 0.00745275 0.999969 0.0025889 -3.59368 -0.00124688 -0.00257964 0.999996 220.866 
0.999974 -0.00717897 -0.00114722 -2.74933 0.00718405 0.999964 0.00444257 -3.61827 0.00111525 -0.00445065 0.99999 221.921 
0.999969 -0.00689544 -0.00374595 -2.76698 0.00691296 0.999965 0.00467302 -3.63995 0.00371355 -0.00469873 0.999982 222.948 
0.999955 -0.00690969 -0.00651052 -2.78857 0.00693739 0.999967 0.00423575 -3.65831 0.006481 -0.00428068 0.99997 223.957 
0.999933 -0.00667505 -0.00945142 -2.81064 0.00671731 0.999968 0.00444194 -3.67628 0.00942142 -0.00450509 0.999946 224.953 
0.999903 -0.00626088 -0.0124083 -2.83755 0.00632401 0.999967 0.00505134 -3.69622 0.0123763 -0.00512928 0.99991 225.916 
0.99986 -0.00590904 -0.0156346 -2.86335 0.0059868 0.99997 0.00492915 -3.71615 0.015605 -0.00502202 0.999866 226.856 
0.999798 -0.00602492 -0.0191828 -2.88539 0.00611385 0.999971 0.00457825 -3.73503 0.0191546 -0.00469457 0.999806 227.784 
0.999715 -0.00621734 -0.0230423 -2.90792 0.00631051 0.999972 0.00397102 -3.75166 0.0230169 -0.00411525 0.999727 228.69 
0.999635 -0.00541839 -0.0264835 -2.94109 0.0055192 0.999978 0.00373345 -3.77063 0.0264627 -0.00387821 0.999642 229.561 
0.999554 -0.0049301 -0.0294544 -2.981 0.00502548 0.999982 0.00316352 -3.78955 0.0294383 -0.00331009 0.999561 230.404 
0.999492 -0.00314525 -0.0317138 -3.02705 0.00325087 0.999989 0.00327801 -3.80831 0.0317031 -0.0033794 0.999492 231.228 
0.999468 -0.00241975 -0.032513 -3.06564 0.00254182 0.99999 0.00371254 -3.82364 0.0325037 -0.00379317 0.999464 232.037 
0.999478 -0.00223594 -0.0322247 -3.10594 0.00239457 0.999985 0.00488369 -3.83901 0.0322132 -0.00495827 0.999469 232.822 
0.999491 -0.00224696 -0.0318143 -3.14282 0.00242858 0.999981 0.00566995 -3.85377 0.0318009 -0.00574429 0.999478 233.593 
0.9995 -0.00259278 -0.0314998 -3.18019 0.00275797 0.999983 0.00520045 -3.86904 0.0314857 -0.00528469 0.99949 234.342 
0.999515 -0.00218766 -0.0310648 -3.21772 0.00228901 0.999992 0.00322618 -3.88171 0.0310575 -0.00329568 0.999512 235.083 
0.999537 -0.00219263 -0.0303526 -3.25097 0.0022306 0.999997 0.00121564 -3.89593 0.0303498 -0.00128274 0.999539 235.816 
0.99957 -0.00236346 -0.029217 -3.28481 0.00236313 0.999997 -4.7314e-05 -3.91274 0.029217 -2.17071e-05 0.999573 236.544 
0.999603 -0.00183924 -0.0281211 -3.31459 0.00182673 0.999998 -0.00047191 -3.92708 0.0281219 0.000420395 0.999604 237.272 
0.999646 -0.00233362 -0.0264975 -3.34101 0.00231754 0.999997 -0.000638894 -3.93948 0.0264989 0.000577302 0.999649 238.002 
0.999692 -0.0024688 -0.0247113 -3.36987 0.00245004 0.999997 -0.000791348 -3.95082 0.0247131 0.000730603 0.999694 238.728 
0.999741 -0.00237242 -0.0226576 -3.4006 0.00235196 0.999997 -0.000931554 -3.96645 0.0226597 0.000878065 0.999743 239.458 
0.999788 -0.00263535 -0.0204196 -3.43182 0.00261226 0.999996 -0.00115942 -3.98355 0.0204225 0.00110588 0.999791 240.187 
0.999842 -0.00236947 -0.0176156 -3.45401 0.00235377 0.999997 -0.000914128 -3.9936 0.0176177 0.000872563 0.999844 240.917 
0.999889 -0.00351065 -0.014468 -3.46977 0.0035086 0.999994 -0.000170129 -4.01033 0.0144685 0.00011939 0.999895 241.657 
0.999923 -0.00446323 -0.0116171 -3.48541 0.00446464 0.99999 9.18855e-05 -4.02254 0.0116165 -0.000143702 0.999933 242.376 
0.999953 -0.00465356 -0.00848747 -3.50133 0.00465487 0.999989 0.000130375 -4.03624 0.00848673 -0.000169835 0.999964 243.097 
0.999973 -0.00492449 -0.00546014 -3.51257 0.00492388 0.999988 -0.000132972 -4.0485 0.00546068 0.000106126 0.999985 243.793 
0.999985 -0.00488031 -0.00231286 -3.526 0.00487918 0.999988 -0.000511977 -4.0591 0.00231528 0.000500727 0.999997 244.496 
0.999991 -0.00405406 0.00110052 -3.54461 0.00405564 0.999991 -0.00140335 -4.07216 -0.00109487 0.00140784 0.999998 245.185 
0.999985 -0.00381875 0.00405077 -3.55042 0.0038268 0.999991 -0.0019728 -4.08574 -0.00404324 0.00198831 0.99999 245.894 
0.999966 -0.00355483 0.00741692 -3.56263 0.00356294 0.999993 -0.00107457 -4.09721 -0.00741309 0.001101 0.999972 246.595 
0.999941 -0.00320637 0.0103625 -3.56973 0.0032122 0.999995 -0.000541608 -4.10943 -0.0103608 0.000574905 0.999946 247.297 
0.999908 -0.00346531 0.0130839 -3.57471 0.0034743 0.999994 -0.00066083 -4.12291 -0.0130816 0.000706269 0.999914 248.001 
0.99987 -0.00343858 0.0157686 -3.57858 0.00347194 0.999992 -0.00208647 -4.13642 -0.0157614 0.00214099 0.999874 248.705 
0.999844 -0.00300337 0.0174008 -3.57672 0.00308201 0.999985 -0.00449134 -4.1485 -0.017387 0.00454431 0.999839 249.417 
0.99982 -0.00436083 0.0184504 -3.57281 0.00447332 0.999972 -0.00605797 -4.16219 -0.0184235 0.00613946 0.999811 250.133 
0.999821 -0.00370847 0.0185541 -3.56869 0.00382934 0.999972 -0.00648085 -4.17538 -0.0185296 0.00655078 0.999807 250.856 
0.999813 -0.00431304 0.0188561 -3.56536 0.00444525 0.999966 -0.00697285 -4.19197 -0.0188254 0.0070554 0.999798 251.581 
0.999813 -0.00318087 0.0190827 -3.56526 0.00331921 0.999968 -0.00721957 -4.20918 -0.0190591 0.0072816 0.999792 252.316 
0.999804 -0.00249417 0.0196293 -3.57183 0.00264818 0.999966 -0.00782181 -4.22282 -0.0196092 0.0078723 0.999777 253.055 
0.999789 -0.00335042 0.0202743 -3.58218 0.00354728 0.999947 -0.00967948 -4.2425 -0.0202408 0.0097494 0.999748 253.817 
0.999756 -0.00717981 0.0208995 -3.58193 0.0074308 0.999901 -0.0119547 -4.25748 -0.0208116 0.0121071 0.99971 254.593 
0.999711 -0.0103372 0.0217154 -3.57733 0.0106149 0.999863 -0.0127096 -4.27384 -0.0215811 0.0129365 0.999683 255.361 
0.999718 -0.00792596 0.0223798 -3.57733 0.00812388 0.999929 -0.00876468 -4.2927 -0.0223087 0.00894406 0.999711 256.152 
0.999724 -0.00398363 0.0231406 -3.58647 0.00404399 0.999989 -0.00256066 -4.31094 -0.0231302 0.00265358 0.999729 256.938 
0.999697 -0.00453639 0.0241759 -3.58523 0.00451582 0.999989 0.000906933 -4.32661 -0.0241798 -0.000797443 0.999707 257.723 
0.999632 -0.00560602 0.0265573 -3.57282 0.00563641 0.999984 -0.00106792 -4.34019 -0.0265509 0.00121726 0.999647 258.515 
0.99952 -0.00436584 0.0306629 -3.56248 0.0045941 0.999962 -0.00737611 -4.34911 -0.0306296 0.00751348 0.999503 259.312 
0.999409 -0.00228044 0.0342988 -3.54923 0.00266035 0.999936 -0.0110335 -4.36248 -0.0342714 0.0111183 0.999351 260.121 
0.99929 -0.000698071 0.037663 -3.53721 0.00110878 0.99994 -0.0108839 -4.38045 -0.0376532 0.0109179 0.999231 260.944 
0.999144 -0.00226427 0.0413174 -3.52124 0.00262636 0.999959 -0.00871046 -4.39649 -0.041296 0.00881156 0.999108 261.785 
0.999 -0.00526646 0.0444098 -3.49451 0.00551797 0.999969 -0.00554171 -4.41285 -0.0443793 0.00578126 0.998998 262.623 
0.998851 -0.00757913 0.0473267 -3.46667 0.00776766 0.999963 -0.00379996 -4.43102 -0.0472962 0.00416325 0.998872 263.467 
0.998696 -0.0074801 0.0504957 -3.43961 0.0076559 0.999965 -0.003288 -4.44855 -0.0504694 0.00367035 0.998719 264.31 
0.998575 -0.00501713 0.0531218 -3.41292 0.00531431 0.999971 -0.00545371 -4.46551 -0.053093 0.00572829 0.998573 265.154 
0.998452 -0.00409903 0.0554697 -3.38095 0.00453103 0.99996 -0.00766357 -4.48253 -0.0554361 0.00790308 0.998431 265.989 
0.99831 -0.0038731 0.0579906 -3.34858 0.00432435 0.999961 -0.00765722 -4.50218 -0.0579588 0.00789508 0.998288 266.836 
0.998135 -0.00253637 0.0609997 -3.31038 0.00290259 0.999978 -0.00591498 -4.51554 -0.0609834 0.00608104 0.99812 267.699 
0.997912 -0.000889025 0.0645871 -3.28089 0.00118052 0.999989 -0.00447456 -4.53268 -0.0645825 0.00454151 0.997902 268.565 
0.997714 -0.000180859 0.0675846 -3.24189 0.000492894 0.999989 -0.00459966 -4.55151 -0.0675831 0.00462249 0.997703 269.416 
0.997517 2.6958e-05 0.0704251 -3.19816 0.000346218 0.999986 -0.00528607 -4.56607 -0.0704243 0.00529737 0.997503 270.265 
0.997313 -0.00168966 0.0732441 -3.15082 0.00209874 0.999983 -0.00550789 -4.58815 -0.0732335 0.00564685 0.997299 271.125 
0.997156 -0.00503091 0.0752021 -3.10028 0.00540415 0.999974 -0.00475998 -4.60672 -0.0751763 0.00515288 0.997157 271.97 
0.997061 -0.0056806 0.0763973 -3.05187 0.00608482 0.999969 -0.00505873 -4.62106 -0.0763662 0.00550877 0.997065 272.822 
0.997002 -0.00672805 0.0770849 -2.99947 0.00713038 0.999962 -0.00494472 -4.64262 -0.0770488 0.00547958 0.997012 273.689 
0.996949 -0.00664903 0.0777677 -2.95258 0.00705917 0.999963 -0.00499957 -4.65725 -0.0777316 0.00553333 0.996959 274.549 
0.996956 -0.00634537 0.0777064 -2.90562 0.00671502 0.999967 -0.00449606 -4.67411 -0.0776754 0.00500421 0.996966 275.404 
0.996979 -0.00557404 0.0774738 -2.86194 0.0059181 0.999974 -0.00421158 -4.6916 -0.0774483 0.00465739 0.996986 276.256 
0.997068 -0.00598855 0.0762799 -2.81051 0.00637502 0.999968 -0.00482328 -4.71359 -0.0762487 0.00529547 0.997075 277.113 
0.997193 -0.00587699 0.0746476 -2.76372 0.00631783 0.999964 -0.00567018 -4.73296 -0.0746116 0.00612592 0.997194 277.969 
0.99732 -0.00544278 0.0729582 -2.71596 0.00592023 0.999962 -0.0063289 -4.75349 -0.0729211 0.00674391 0.997315 278.828 
0.997441 -0.00436219 0.0713556 -2.67039 0.00484701 0.999966 -0.00662199 -4.77451 -0.0713244 0.00695094 0.997429 279.684 
0.997557 -0.00319325 0.0697825 -2.63033 0.00367172 0.999971 -0.00672874 -4.79682 -0.069759 0.00696857 0.99754 280.535 
0.997679 -0.00261977 0.0680437 -2.59853 0.00304668 0.999976 -0.0061705 -4.81963 -0.068026 0.00636352 0.997663 281.402 
0.997849 -0.00281044 0.0654944 -2.56439 0.00313383 0.999983 -0.00483482 -4.8364 -0.0654798 0.00502971 0.997841 282.258 
0.998087 -0.00422338 0.0616778 -2.53354 0.00439107 0.999987 -0.00258276 -4.85267 -0.0616661 0.00284869 0.998093 283.112 
0.998349 -0.0052557 0.0571916 -2.50228 0.00531674 0.999985 -0.000914444 -4.86928 -0.057186 0.00121705 0.998363 283.961 
0.998595 -0.00599313 0.0526545 -2.48016 0.00598031 0.999982 0.000401844 -4.88649 -0.052656 -8.63483e-05 0.998613 284.8 
0.998821 -0.00632843 0.0481276 -2.45559 0.00628771 0.99998 0.000998261 -4.90257 -0.0481329 -0.000694431 0.998841 285.629 
0.999031 -0.00695933 0.0434655 -2.4366 0.00690378 0.999975 0.00142895 -4.91829 -0.0434744 -0.00112745 0.999054 286.443 
0.999217 -0.00800166 0.0387573 -2.41989 0.00793967 0.999967 0.00175429 -4.93466 -0.0387701 -0.00144516 0.999247 287.247 
0.999359 -0.00847406 0.0347722 -2.40763 0.00843139 0.999964 0.00137469 -4.95134 -0.0347826 -0.00108059 0.999394 288.044 
0.999494 -0.00784836 0.0308359 -2.39898 0.00781228 0.999969 0.00129166 -4.96668 -0.0308451 -0.00105006 0.999524 288.818 
0.9996 -0.00757902 0.0272344 -2.39714 0.00754796 0.999971 0.0012448 -4.98333 -0.0272431 -0.00103869 0.999628 289.568 
0.999685 -0.00808308 0.023763 -2.41136 0.00805429 0.999967 0.00130885 -5.00119 -0.0237728 -0.001117 0.999717 290.326 
0.999773 -0.00885974 0.019391 -2.40344 0.00884936 0.999961 0.000623417 -5.01723 -0.0193958 -0.000451636 0.999812 291.059 
0.999862 -0.00777206 0.0146616 -2.41761 0.00779005 0.999969 -0.0011671 -5.02415 -0.0146522 0.0012812 0.999892 291.774 
0.999946 -0.00619075 0.00834142 -2.43924 0.00621557 0.999976 -0.0029481 -5.0446 -0.00832302 0.00299983 0.999961 292.466 
0.999986 -0.00535501 1.60592e-05 -2.46299 0.00535507 0.999975 -0.00473192 -5.06035 9.23855e-06 0.00473199 0.999989 293.135 
0.999933 -0.00534074 -0.0103025 -2.49521 0.00527903 0.999968 -0.00601147 -5.07312 0.0103342 0.00595672 0.999929 293.795 
0.999706 -0.00505971 -0.0237024 -2.5307 0.00491282 0.999968 -0.00625318 -5.08853 0.0237332 0.00613494 0.9997 294.441 
0.999182 -0.00396891 -0.0402439 -2.58882 0.00374202 0.999977 -0.00571272 -5.10755 0.0402656 0.00555749 0.999174 295.081 
0.998184 -0.00168662 -0.0602148 -2.64999 0.0013858 0.999986 -0.00503785 -5.12337 0.0602224 0.0049453 0.998173 295.719 
0.99655 -0.000202719 -0.0829944 -2.72569 -0.000227207 0.999987 -0.0051712 -5.13944 0.0829943 0.00517226 0.996537 296.327 
0.994084 0.00120043 -0.10861 -2.8131 -0.0017954 0.999984 -0.00538081 -5.15002 0.108602 0.00554402 0.99407 296.932 
0.990573 0.00215494 -0.136969 -2.91403 -0.00288238 0.999983 -0.00511316 -5.16493 0.136955 0.0054598 0.990562 297.539 
0.985781 0.00325853 -0.168005 -3.03656 -0.00399244 0.999984 -0.00403106 -5.17519 0.167989 0.00464454 0.985778 298.123 
0.979341 0.00292337 -0.202195 -3.1772 -0.00351202 0.999991 -0.0025528 -5.18114 0.202186 0.00321023 0.979342 298.688 
0.971069 0.00304359 -0.238781 -3.32687 -0.00335445 0.999994 -0.000895656 -5.18981 0.238777 0.00167077 0.971073 299.232 
0.960863 0.00412284 -0.276992 -3.50016 -0.00381413 0.999991 0.00165316 -5.20623 0.276997 -0.000531923 0.960871 299.769 
0.9485 0.00540666 -0.316732 -3.68592 -0.00434598 0.999982 0.00405506 -5.21821 0.316748 -0.00246967 0.948506 300.295 
0.933774 0.00575867 -0.357816 -3.88132 -0.00382958 0.999974 0.00609957 -5.23203 0.357842 -0.00432529 0.933772 300.809 
0.916657 0.00551726 -0.399637 -4.09818 -0.0026812 0.999967 0.00765522 -5.23787 0.399667 -0.00594565 0.916641 301.308 
0.896843 0.00519259 -0.442319 -4.34406 -0.00137526 0.999959 0.00895045 -5.24823 0.442347 -0.00741879 0.896813 301.779 
0.873791 0.00425484 -0.486284 -4.58944 0.000510409 0.999953 0.00966638 -5.25 0.486302 -0.00869455 0.873747 302.236 
0.847889 0.00350814 -0.530162 -4.87181 0.00268035 0.999937 0.0109033 -5.26033 0.530167 -0.0106658 0.847826 302.67 
0.818604 0.00376035 -0.574346 -5.16504 0.00422679 0.999912 0.0125709 -5.26993 0.574343 -0.0127182 0.818516 303.094 
0.786238 0.00492181 -0.617904 -5.49187 0.00401719 0.999906 0.0130761 -5.27467 0.617911 -0.0127631 0.786145 303.485 
0.750417 0.00390523 -0.660953 -5.83868 0.00613258 0.999898 0.0128705 -5.27247 0.660936 -0.0137116 0.750317 303.875 
0.710767 0.00317323 -0.703421 -6.14097 0.0103069 0.999836 0.0149249 -5.28526 0.703352 -0.0178581 0.710617 304.192 
0.668066 0.00262273 -0.744097 -6.52499 0.0162105 0.999705 0.0180778 -5.28822 0.743925 -0.0241393 0.667827 304.456 
0.62056 0.00313225 -0.784153 -6.92876 0.0203043 0.999593 0.0200611 -5.28362 0.783896 -0.0283707 0.620243 304.708 
0.570117 0.00693134 -0.821534 -7.34318 0.019324 0.999575 0.0218437 -5.28267 0.821336 -0.0283287 0.56974 304.909 
0.51735 0.0131169 -0.855673 -7.76417 0.0144628 0.999606 0.0240676 -5.27857 0.855652 -0.0248267 0.516956 305.085 
0.461784 0.0168218 -0.886833 -8.18426 0.0120277 0.99961 0.0252239 -5.27093 0.886911 -0.0223145 0.461401 305.248 
0.403889 0.0188505 -0.914614 -8.58765 0.0113928 0.999607 0.0256332 -5.26147 0.914737 -0.020773 0.403515 305.388 
0.344801 0.020913 -0.938443 -8.99799 0.013138 0.999546 0.0271018 -5.25538 0.938584 -0.0216739 0.34437 305.51 
0.285126 0.0242681 -0.958183 -9.41081 0.0151353 0.999441 0.0298168 -5.25329 0.958371 -0.0230039 0.284599 305.602 
0.224049 0.0279285 -0.974178 -9.8295 0.0171488 0.999322 0.0325933 -5.24391 0.974427 -0.0240084 0.223418 305.68 
0.160123 0.0311852 -0.986604 -10.2532 0.019499 0.999206 0.0347481 -5.23422 0.986905 -0.0248018 0.159388 305.725 
0.0943521 0.034823 -0.99493 -10.6967 0.0199208 0.999122 0.0368589 -5.219 0.99534 -0.0232975 0.0935756 305.742 
0.027823 0.0401207 -0.998807 -11.1489 0.0218205 0.998932 0.0407336 -5.20099 0.999375 -0.0229278 0.0269178 305.726 
-0.0401015 0.0469515 -0.998092 -11.6139 0.0234078 0.998665 0.046038 -5.18859 0.998921 -0.0215169 -0.041147 305.674 
-0.108534 0.0534312 -0.992656 -12.0925 0.0254651 0.998376 0.0509548 -5.16589 0.993767 -0.0197478 -0.109718 305.593 
-0.176446 0.0595655 -0.982506 -12.5761 0.0275179 0.998076 0.0555675 -5.14662 0.983926 -0.0172318 -0.177746 305.471 
-0.24345 0.065422 -0.967705 -13.0596 0.0312454 0.997734 0.0595916 -5.1234 0.96941 -0.0157287 -0.244942 305.32 
-0.308356 0.0696985 -0.948714 -13.5439 0.0352689 0.997464 0.0618167 -5.09884 0.950617 -0.0143985 -0.310033 305.127 
-0.370373 0.0718732 -0.926098 -14.0208 0.0386141 0.997332 0.0619586 -5.07072 0.92808 -0.0128127 -0.37216 304.895 
-0.429589 0.0720043 -0.900149 -14.497 0.0416076 0.997336 0.0599215 -5.0358 0.902066 -0.0117114 -0.43144 304.626 
-0.485464 0.072064 -0.871281 -14.9697 0.0439339 0.997349 0.0580118 -5.00381 0.873152 -0.0101161 -0.487343 304.322 
-0.536979 0.0719426 -0.840523 -15.439 0.0456391 0.997375 0.056211 -4.96803 0.842361 -0.00817663 -0.538852 303.983 
-0.58318 0.0717371 -0.809169 -15.911 0.0468898 0.997405 0.054631 -4.93252 0.810989 -0.00608204 -0.585031 303.602 
-0.623464 0.0724448 -0.778489 -16.3683 0.0478652 0.997367 0.0544798 -4.90186 0.780386 -0.00329635 -0.62529 303.189 
-0.660331 0.0758193 -0.747137 -16.8265 0.0519381 0.997119 0.0552837 -4.86866 0.749176 -0.00229926 -0.662367 302.744 
-0.696639 0.0828786 -0.712618 -17.289 0.0601077 0.996555 0.057141 -4.8355 0.714899 -0.00302716 -0.699221 302.269 
-0.731563 0.0885625 -0.675998 -17.7425 0.0663295 0.996069 0.0587134 -4.8009 0.67854 -0.00188607 -0.734561 301.749 
-0.763663 0.0900901 -0.639299 -18.1703 0.0690991 0.995934 0.0578061 -4.76693 0.641907 -3.06532e-05 -0.766782 301.192 
-0.793059 0.086643 -0.602951 -18.5835 0.0683865 0.996239 0.0532093 -4.73453 0.605294 0.00096443 -0.796002 300.59 
-0.819494 0.0838008 -0.566928 -18.9772 0.0691419 0.996482 0.0473512 -4.70295 0.568902 -0.000394377 -0.822406 299.957 
-0.84392 0.0789199 -0.530632 -19.3653 0.06751 0.99688 0.0408957 -4.66904 0.532204 -0.00131027 -0.846615 299.281 
-0.865791 0.0761198 -0.494583 -19.7341 0.0672309 0.997096 0.0357694 -4.63907 0.495869 -0.00228234 -0.868394 298.568 
-0.885945 0.0746726 -0.457739 -20.0997 0.0663486 0.997208 0.0342617 -4.61459 0.459019 -1.63056e-05 -0.888426 297.81 
-0.904572 0.0707029 -0.420418 -20.4361 0.0631837 0.997495 0.0318054 -4.58896 0.421614 0.00220669 -0.906773 297.014 
-0.921354 0.0701046 -0.382352 -20.7476 0.0637275 0.997536 0.0293349 -4.56246 0.383466 0.00266149 -0.923551 296.193 
-0.936599 0.0722138 -0.342881 -21.0416 0.066437 0.997381 0.0285811 -4.54016 0.344047 0.00398905 -0.938944 295.333 
-0.949717 0.0756585 -0.303832 -21.3042 0.0705659 0.997122 0.027723 -4.52161 0.305055 0.00488887 -0.952322 294.442 
-0.960956 0.076801 -0.265828 -21.5258 0.0716756 0.997008 0.0289438 -4.50579 0.267256 0.00876039 -0.963586 293.527 
-0.970307 0.0792553 -0.228523 -21.715 0.0746171 0.996794 0.02888 -4.48253 0.230079 0.0109708 -0.97311 292.585 
-0.97822 0.0785416 -0.19214 -21.8752 0.0745956 0.996829 0.0276966 -4.46832 0.193706 0.0127606 -0.980977 291.615 
-0.984403 0.0775984 -0.157888 -22.0057 0.0748099 0.99692 0.0235373 -4.45502 0.159228 0.0113586 -0.987176 290.612 
