1 2.12261e-08 -2.11895e-08 0 2.12261e-08 1 2.10703e-08 0 -2.11895e-08 2.10703e-08 1 0 
0.999979 0.000348218 -0.00649302 -0.00932171 -0.000346441 1 0.000268421 -0.000750636 0.00649307 -0.000266124 0.999979 0.0935316 
0.999907 0.000937057 -0.0135909 -0.0195633 -0.000935202 1 0.000139703 -0.000431799 0.013591 -0.000126937 0.999908 0.190443 
0.999776 0.00124667 -0.0211127 -0.0330192 -0.00125949 0.999999 -0.000595675 -0.000760128 0.0211119 0.000622176 0.999777 0.29275 
0.999536 0.00185748 -0.0304079 -0.0476139 -0.00191874 0.999996 -0.00198686 -0.00176034 0.030404 0.00204432 0.999536 0.402579 
0.999126 0.0021386 -0.0417413 -0.0690662 -0.0022841 0.999992 -0.00343952 -0.00276117 0.0417336 0.0035319 0.999123 0.519728 
0.99846 0.00191449 -0.0554519 -0.0915623 -0.00216139 0.999988 -0.00439373 -0.00235219 0.0554428 0.00450686 0.998452 0.650434 
0.997419 0.00183904 -0.0717726 -0.12069 -0.00215543 0.999988 -0.00433161 -0.00407479 0.0717637 0.00447517 0.997412 0.793486 
0.995904 0.000363945 -0.0904161 -0.153394 -0.000767303 0.99999 -0.00442687 -0.0040199 0.0904135 0.00447816 0.995894 0.950997 
0.993885 -0.000755416 -0.110419 -0.193658 0.000256578 0.99999 -0.00453218 -0.00595345 0.110421 0.00447618 0.993875 1.1156 
0.991164 -0.000985213 -0.132638 -0.243093 0.000353284 0.999989 -0.00478804 -0.0107576 0.132642 0.00469892 0.991153 1.28698 
0.987626 0.00256954 -0.156805 -0.303157 -0.00356785 0.999975 -0.00608567 -0.0172192 0.156785 0.00656987 0.987611 1.46666 
0.983236 0.00685835 -0.182209 -0.374467 -0.00839473 0.999935 -0.00766228 -0.022369 0.182145 0.00906347 0.98323 1.651 
0.977831 0.00990432 -0.209161 -0.452939 -0.0119569 0.999892 -0.00855153 -0.028729 0.209054 0.0108629 0.977844 1.84158 
0.971074 0.0106997 -0.238539 -0.53522 -0.0131409 0.999876 -0.00864619 -0.032059 0.238417 0.0115308 0.971094 2.03922 
0.96301 0.0125475 -0.269175 -0.632266 -0.0153284 0.999849 -0.00823202 -0.0342912 0.269031 0.0120536 0.963056 2.2422 
0.95346 0.0145358 -0.301171 -0.738164 -0.0174966 0.999821 -0.00713586 -0.0370181 0.301013 0.0120733 0.953544 2.44914 
0.942151 0.0164228 -0.334787 -0.851981 -0.0196376 0.999788 -0.00621988 -0.0353549 0.334614 0.0124345 0.942273 2.6553 
0.929519 0.01868 -0.3683 -0.97216 -0.0223596 0.999734 -0.00572557 -0.0364132 0.368095 0.0135571 0.929689 2.85805 
0.91548 0.0215358 -0.401788 -1.10459 -0.0256933 0.999658 -0.00496096 -0.0374967 0.401543 0.014865 0.915719 3.06143 
0.899173 0.0218157 -0.437049 -1.23931 -0.0264229 0.999641 -0.00446382 -0.0338962 0.436795 0.0155619 0.899426 3.26641 
0.880401 0.0171097 -0.473922 -1.37904 -0.0221756 0.999741 -0.00510231 -0.0328358 0.473712 0.0150016 0.880552 3.47031 
0.858712 0.0119347 -0.51232 -1.52625 -0.0172152 0.999836 -0.00556333 -0.0328802 0.51217 0.0135971 0.858777 3.67146 
0.833192 0.0132625 -0.552825 -1.69733 -0.0174714 0.999845 -0.00234541 -0.0368608 0.552708 0.0116128 0.833294 3.87136 
0.803491 0.0188491 -0.595018 -1.89277 -0.0223596 0.999749 0.00147666 -0.0412216 0.594897 0.0121179 0.803711 4.06107 
0.770209 0.0218472 -0.637418 -2.09389 -0.0255397 0.999668 0.00340276 -0.0440957 0.63728 0.0136587 0.770511 4.23864 
0.73333 0.0206005 -0.679561 -2.31677 -0.0245123 0.999692 0.00385324 -0.0424383 0.679431 0.0138319 0.733609 4.42796 
0.692962 0.0163752 -0.720788 -2.55134 -0.0184647 0.999817 0.00496242 -0.0404058 0.720737 0.00987044 0.693138 4.61012 
0.649612 0.0127937 -0.760158 -2.80457 -0.0130992 0.999898 0.00563436 -0.0393894 0.760153 0.00629739 0.649714 4.7838 
0.60444 0.0124229 -0.796554 -3.07801 -0.0103819 0.999916 0.00771646 -0.0386395 0.796583 0.00360564 0.604519 4.93553 
0.555955 0.0130505 -0.83111 -3.3723 -0.0077987 0.999915 0.0104843 -0.0357861 0.831176 0.00065282 0.55601 5.08067 
0.504557 0.0137002 -0.86327 -3.68145 -0.00615245 0.999906 0.0122727 -0.031935 0.863356 -0.000880992 0.504594 5.20723 
0.451606 0.0151002 -0.89209 -4.01136 -0.00528265 0.999885 0.0142505 -0.0264374 0.892202 -0.00172299 0.451634 5.31575 
0.396968 0.0172082 -0.917671 -4.34979 -0.00400617 0.999847 0.0170162 -0.0229549 0.917824 -0.00307849 0.396976 5.40994 
0.34148 0.019245 -0.939692 -4.70494 -0.00333607 0.999809 0.0192638 -0.0205901 0.939883 -0.00344328 0.341479 5.48424 
0.286447 0.0222525 -0.957838 -5.09285 -0.00118886 0.999738 0.0228704 -0.0163623 0.958095 -0.00541237 0.286398 5.5531 
0.232734 0.0242162 -0.972239 -5.49279 0.00340894 0.999664 0.0257153 -0.0142127 0.972534 -0.00929909 0.232573 5.60355 
0.181663 0.0245181 -0.983055 -5.90846 0.00553235 0.999648 0.0259543 -0.00662712 0.983345 -0.0101535 0.181463 5.63953 
0.134443 0.0251487 -0.990602 -6.34366 0.00346528 0.99966 0.0258489 0.00587064 0.990915 -0.00690787 0.13431 5.64483 
0.092078 0.0253424 -0.995429 -6.78269 0.00128567 0.999672 0.0255693 0.015329 0.995751 -0.00363412 0.0920153 5.63842 
0.0542382 0.023876 -0.998243 -7.2374 -0.000437809 0.999715 0.0238874 0.0249973 0.998528 -0.000858525 0.0542331 5.62276 
0.0196364 0.0210987 -0.999585 -7.70862 0.000817439 0.999777 0.0211188 0.0332668 0.999807 -0.00123176 0.0196148 5.60205 
-0.0118886 0.0183649 -0.999761 -8.2014 0.00141771 0.999831 0.0183494 0.0364198 0.999928 -0.00119918 -0.0119126 5.56758 
-0.0385201 0.0164952 -0.999122 -8.71637 0.000900453 0.999864 0.0164728 0.038682 0.999257 -0.000265088 -0.0385298 5.51996 
-0.0592373 0.0141703 -0.998143 -9.23648 0.000558787 0.9999 0.0141621 0.0439462 0.998244 0.000281215 -0.0592392 5.45961 
-0.0756459 0.0133608 -0.997045 -9.76413 0.00095068 0.999911 0.0133271 0.0534035 0.997134 6.03107e-05 -0.0756519 5.39929 
-0.0885992 0.0137854 -0.995972 -10.3205 0.00204646 0.999905 0.0136578 0.05918 0.996065 -0.000828106 -0.088619 5.32673 
-0.098276 0.0148457 -0.995048 -10.8814 0.00102661 0.99989 0.0148166 0.0603059 0.995159 0.000434625 -0.0982804 5.25248 
-0.104962 0.0161803 -0.994345 -11.4548 -0.000922021 0.999866 0.0163675 0.0593408 0.994476 0.00263481 -0.104933 5.17081 
-0.109635 0.0172578 -0.993822 -12.0444 -0.000500664 0.999848 0.0174177 0.0638958 0.993972 0.0024072 -0.10961 5.09327 
-0.110889 0.0178035 -0.993673 -12.6555 0.00183607 0.999842 0.0177091 0.0753754 0.993831 0.000139329 -0.110904 5.01066 
-0.110229 0.0199281 -0.993706 -13.2806 0.00376345 0.9998 0.0196328 0.0839491 0.993899 -0.00157562 -0.110282 4.93605 
-0.108889 0.022407 -0.993801 -13.9203 0.00318318 0.999749 0.0221923 0.0883732 0.994049 -0.000746902 -0.108933 4.85541 
-0.107373 0.0221661 -0.993972 -14.5762 0.00123717 0.999754 0.0221614 0.0963941 0.994218 0.00114986 -0.107373 4.77057 
-0.105899 0.019441 -0.994187 -15.2404 -0.000439552 0.999808 0.0195977 0.105029 0.994377 0.00251242 -0.10587 4.68795 
-0.104908 0.0192934 -0.994295 -15.9213 -0.000503324 0.999811 0.0194536 0.115569 0.994482 0.00254132 -0.104878 4.60916 
-0.103151 0.0219545 -0.994423 -16.6228 -5.31013e-05 0.999756 0.0220777 0.127899 0.994666 0.00233019 -0.103125 4.5238 
-0.101083 0.0253181 -0.994556 -17.3452 -0.000876596 0.999674 0.0255375 0.139332 0.994878 0.00345326 -0.101027 4.43227 
-0.099445 0.027577 -0.994661 -18.0721 -0.00130215 0.999611 0.0278445 0.145405 0.995042 0.00406423 -0.0993705 4.34985 
-0.0976821 0.026714 -0.994859 -18.8024 -0.00318682 0.999626 0.0271549 0.156876 0.995213 0.00582303 -0.0975604 4.26668 
-0.0960299 0.0236344 -0.995098 -19.5571 -0.00558078 0.99969 0.024282 0.16931 0.995363 0.00788526 -0.0958682 4.1752 
-0.0946675 0.0229064 -0.995245 -20.3165 -0.00640963 0.999701 0.0236186 0.181894 0.995488 0.0086151 -0.0944924 4.09163 
-0.0933217 0.025481 -0.99531 -21.0985 -0.00333058 0.999659 0.0259046 0.192726 0.99563 0.00573246 -0.093205 4.00903 
-0.0921701 0.0275768 -0.995361 -21.8982 -0.00124001 0.999613 0.0278094 0.205777 0.995743 0.0037975 -0.0921002 3.92181 
-0.0909058 0.0292991 -0.995428 -22.6978 -4.92449e-05 0.999567 0.0294254 0.216479 0.99586 0.002724 -0.090865 3.83639 
-0.0904327 0.0247082 -0.995596 -23.4971 0.00031616 0.999693 0.0247812 0.224278 0.995903 0.0019263 -0.0904128 3.75105 
-0.0901697 0.017904 -0.995766 -24.3019 0.00170818 0.99984 0.0178225 0.227593 0.995925 -9.38576e-05 -0.0901858 3.66599 
-0.0903689 0.0133383 -0.995819 -25.1201 0.00497952 0.999904 0.0129412 0.236561 0.995896 -0.00378918 -0.0904266 3.58105 
-0.0909089 0.0141558 -0.995759 -25.9485 0.00612719 0.999888 0.0136551 0.242584 0.99584 -0.00485979 -0.0909855 3.4943 
-0.0910461 0.0215966 -0.995613 -26.7928 0.0059023 0.999759 0.0211468 0.245544 0.995829 -0.00395104 -0.0911516 3.40015 
-0.0913647 0.0286495 -0.995405 -27.6376 0.0044587 0.999588 0.0283606 0.253514 0.995808 -0.00184701 -0.0914548 3.30549 
-0.0916868 0.0338834 -0.995211 -28.4831 0.0025901 0.999426 0.0337883 0.262162 0.995785 0.000520282 -0.0917219 3.20895 
-0.0923017 0.0342525 -0.995142 -29.3257 0.000911934 0.999411 0.0343149 0.271828 0.995731 0.00225986 -0.0922785 3.11511 
-0.0928212 0.0307572 -0.995208 -30.1643 0.00109735 0.999525 0.0307883 0.285291 0.995682 0.00176575 -0.0928109 3.02336 
-0.093327 0.0280539 -0.99524 -30.9991 0.000973659 0.999605 0.0280856 0.29819 0.995635 0.00165216 -0.0933175 2.93083 
-0.0935025 0.0291884 -0.995191 -31.8402 -0.000560147 0.999569 0.0293694 0.310873 0.995619 0.00330361 -0.0934458 2.83621 
-0.093525 0.0315227 -0.995118 -32.678 -0.00135854 0.999494 0.031789 0.318784 0.995616 0.00432501 -0.0934348 2.74165 
-0.0934471 0.0299291 -0.995174 -33.5157 -0.00216495 0.99954 0.0302636 0.324856 0.995622 0.00498259 -0.0933393 2.64533 
-0.0929522 0.0246586 -0.995365 -34.3531 -0.0027686 0.999683 0.0250241 0.337269 0.995667 0.00508186 -0.0928544 2.54319 
-0.0925882 0.020459 -0.995494 -35.1876 -0.00401005 0.999773 0.0209199 0.345278 0.995696 0.00592896 -0.0924852 2.44258 
-0.0922765 0.021166 -0.995508 -36.023 -0.00346266 0.999761 0.0215774 0.352687 0.995727 0.00543823 -0.0921811 2.35426 
-0.0918953 0.023618 -0.995489 -36.8614 -0.00252368 0.99971 0.0239512 0.356802 0.995766 0.00471333 -0.091809 2.26294 
-0.0913899 0.028514 -0.995407 -37.7052 -0.00228808 0.999581 0.0288436 0.364725 0.995813 0.00491362 -0.0912864 2.1684 
-0.0909508 0.0341953 -0.995268 -38.5477 -0.00138741 0.999405 0.0344642 0.37427 0.995854 0.00451544 -0.0908493 2.07853 
-0.0910742 0.0373196 -0.995145 -39.3867 -0.00145984 0.999292 0.0376087 0.387597 0.995843 0.00487798 -0.0909552 1.98498 
-0.0907734 0.0371296 -0.995179 -40.2172 -0.0010417 0.999301 0.0373783 0.404196 0.995871 0.00442967 -0.0906713 1.8951 
-0.0909893 0.0325356 -0.99532 -41.0436 -0.000770306 0.999464 0.0327415 0.422752 0.995852 0.00374587 -0.0909154 1.80823 
-0.0904333 0.0282111 -0.995503 -41.873 -0.00179386 0.999593 0.02849 0.434566 0.995901 0.00436228 -0.0903458 1.70979 
-0.0905217 0.025294 -0.995573 -42.7035 -0.00564344 0.999648 0.0259107 0.444505 0.995879 0.00796398 -0.0903472 1.61483 
-0.0909097 0.0234124 -0.995584 -43.5351 -0.00898846 0.999664 0.0243291 0.453806 0.995819 0.0111606 -0.0906686 1.51552 
-0.0917718 0.0218187 -0.995541 -44.3646 -0.00654677 0.999725 0.0225139 0.454356 0.995759 0.00858376 -0.0916038 1.42615 
-0.0927783 0.0182335 -0.99552 -45.1921 -0.00313947 0.999822 0.0186049 0.45825 0.995682 0.00485158 -0.0927045 1.3346 
-0.093662 0.0167446 -0.995463 -46.0149 0.00118029 0.99986 0.0167075 0.465187 0.995603 0.000389966 -0.0936687 1.24647 
-0.0959298 0.0203044 -0.995181 -46.8438 0.00197933 0.999794 0.0202077 0.468121 0.995386 -3.12365e-05 -0.0959502 1.15435 
-0.0977421 0.0265683 -0.994857 -47.671 0.00442433 0.999645 0.0262615 0.470312 0.995202 -0.00183468 -0.097825 1.06074 
-0.0996304 0.0303048 -0.994563 -48.4925 0.00616282 0.999536 0.029839 0.475423 0.995005 -0.0031564 -0.0997709 0.965658 
-0.101237 0.0294629 -0.994426 -49.3047 0.0060798 0.999561 0.0289961 0.482592 0.994844 -0.00311039 -0.101372 0.868053 
-0.102405 0.0255229 -0.994415 -50.1037 0.00278705 0.999674 0.0253708 0.485873 0.994739 -0.00017336 -0.102442 0.766521 
-0.103654 0.0217023 -0.994377 -50.8991 -0.00193983 0.999756 0.0220219 0.492952 0.994612 0.00421162 -0.103587 0.659574 
-0.105177 0.0201149 -0.99425 -51.6931 -0.00586554 0.999766 0.0208469 0.497005 0.994436 0.00802447 -0.105035 0.554934 
-0.106393 0.0211624 -0.994099 -52.4879 -0.00744513 0.999729 0.022079 0.499974 0.994296 0.00975029 -0.106206 0.452826 
-0.107431 0.0226456 -0.993955 -53.2746 -0.00728789 0.999696 0.0235642 0.502967 0.994186 0.00977539 -0.107233 0.35351 
-0.10841 0.0220844 -0.993861 -54.0538 -0.00915533 0.999689 0.0232126 0.50515 0.994064 0.0116157 -0.108174 0.251044 
-0.109145 0.0220219 -0.993782 -54.831 -0.0095433 0.999685 0.0232008 0.507342 0.99398 0.0120163 -0.108901 0.150136 
-0.109704 0.0238522 -0.993678 -55.605 -0.00793808 0.999659 0.0248722 0.512218 0.993933 0.0106165 -0.109478 0.0519291 
-0.11022 0.0267628 -0.993547 -56.3742 -0.00712135 0.999591 0.0277157 0.518502 0.993882 0.0101303 -0.109984 -0.043626 
-0.110426 0.0309437 -0.993403 -57.1426 -0.00728916 0.999463 0.0319427 0.524678 0.993858 0.0107684 -0.110141 -0.145097 
-0.11124 0.033031 -0.993244 -57.9049 -0.00720471 0.999394 0.0340424 0.532353 0.993767 0.010943 -0.110935 -0.241581 
-0.112213 0.0329849 -0.993137 -58.6601 -0.00652778 0.999403 0.0339306 0.543269 0.993663 0.0102905 -0.11193 -0.336501 
-0.112901 0.031057 -0.993121 -59.4087 -0.00552446 0.999476 0.0318838 0.552509 0.993591 0.00908622 -0.112671 -0.431478 
-0.113422 0.0274891 -0.993167 -60.1444 -0.00509865 0.999588 0.0282491 0.560061 0.993534 0.00826792 -0.113235 -0.525005 
-0.113312 0.0246398 -0.993254 -60.8719 -0.00521671 0.999664 0.0253939 0.565939 0.993546 0.00805898 -0.113145 -0.624898 
-0.112287 0.0222802 -0.993426 -61.5835 -0.00566321 0.999718 0.0230614 0.570893 0.99366 0.0082155 -0.112129 -0.717734 
-0.110342 0.0214623 -0.993662 -62.2829 -0.00777197 0.999718 0.0224562 0.572993 0.993863 0.0102006 -0.110144 -0.807886 
-0.106414 0.0223885 -0.99407 -62.966 -0.00803956 0.999694 0.0233758 0.574163 0.994289 0.0104794 -0.106202 -0.893522 
-0.100867 0.0239361 -0.994612 -63.632 -0.00728582 0.999666 0.0247966 0.577404 0.994873 0.00974776 -0.100659 -0.967661 
-0.0938164 0.0254492 -0.995264 -64.2836 -0.00625815 0.999638 0.026151 0.580157 0.99557 0.00868195 -0.0936233 -1.03635 
-0.0850966 0.0267543 -0.996013 -64.9212 -0.00719928 0.999597 0.0274656 0.581818 0.996347 0.00950785 -0.0848697 -1.10004 
-0.0733152 0.0284141 -0.996904 -65.5419 -0.00922575 0.999532 0.0291675 0.585242 0.997266 0.0113356 -0.0730187 -1.15724 
-0.058506 0.0298648 -0.99784 -66.149 -0.0121474 0.999457 0.0306254 0.590762 0.998213 0.013913 -0.0581114 -1.20158 
-0.0401569 0.0310589 -0.998711 -66.7381 -0.0136186 0.999407 0.0316281 0.596513 0.999101 0.0148712 -0.0397101 -1.22934 
-0.0180613 0.0317574 -0.999332 -67.3043 -0.014375 0.999384 0.0320189 0.602386 0.999734 0.0149438 -0.0175936 -1.23758 
0.00731796 0.0319714 -0.999462 -67.845 -0.0136559 0.999399 0.0318694 0.609205 0.99988 0.0134154 0.00775016 -1.22334 
0.036587 0.0316694 -0.998829 -68.3626 -0.0120662 0.999439 0.0312467 0.612493 0.999258 0.0109089 0.0369486 -1.18952 
0.0706076 0.031573 -0.997004 -68.8579 -0.0108938 0.999464 0.0308794 0.621028 0.997445 0.00868091 0.0709137 -1.13452 
0.10826 0.0319412 -0.993609 -69.332 -0.010168 0.999467 0.0310217 0.624143 0.994071 0.00674462 0.108527 -1.06055 
0.149201 0.0315703 -0.988303 -69.7901 -0.00992344 0.999488 0.0304295 0.629749 0.988757 0.00526729 0.149438 -0.968844 
0.19439 0.0325181 -0.980385 -70.2368 -0.00886575 0.999468 0.0313931 0.635458 0.980884 0.0025894 0.194574 -0.852742 
0.243311 0.0313188 -0.969443 -70.6638 -0.0054022 0.999507 0.0309342 0.635452 0.969933 -0.00228947 0.24336 -0.721226 
0.293862 0.0267876 -0.955473 -71.0651 0.00237405 0.999584 0.0287544 0.632633 0.955845 -0.0107181 0.293676 -0.56397 
0.345756 0.0215788 -0.938076 -71.4591 0.00747312 0.999641 0.0257495 0.63601 0.938295 -0.0159134 0.345471 -0.38536 
0.398653 0.0168254 -0.916948 -71.8361 0.0126584 0.999636 0.023846 0.642721 0.917015 -0.0211134 0.398294 -0.186356 
0.450676 0.0164235 -0.892537 -72.2127 0.0122755 0.999622 0.0245923 0.649704 0.892603 -0.0220394 0.450304 0.0256987 
0.499815 0.0150934 -0.866001 -72.5754 0.0137058 0.999585 0.025332 0.658299 0.866024 -0.0245305 0.499401 0.260551 
0.545382 0.0108556 -0.838117 -72.9148 0.0214332 0.999409 0.0268917 0.663814 0.837913 -0.0326297 0.544827 0.525381 
0.589777 0.00457745 -0.807553 -73.2296 0.0317703 0.999078 0.0288657 0.665295 0.806941 -0.0426805 0.589088 0.81048 
0.633186 -0.000175429 -0.774 -73.539 0.0327849 0.999109 0.0265939 0.66629 0.773305 -0.0422143 0.632627 1.099 
0.675264 -0.00494976 -0.73756 -73.8342 0.0294944 0.999359 0.0202965 0.67052 0.736986 -0.0354593 0.674977 1.39511 
0.716728 -0.0118067 -0.697253 -74.1165 0.0257026 0.999625 0.00949365 0.676513 0.69688 -0.0247255 0.716762 1.71016 
0.756956 -0.0145936 -0.653303 -74.3911 0.0207838 0.999783 0.00174798 0.679745 0.653135 -0.0149012 0.757095 2.0504 
0.794709 -0.015621 -0.606789 -74.6489 0.0190943 0.999817 -0.000731253 0.68097 0.60669 -0.0110051 0.794862 2.42916 
0.829506 -0.0169987 -0.55824 -74.8939 0.0191073 0.999815 -0.0020528 0.681992 0.558171 -0.00896358 0.829677 2.83152 
0.860891 -0.0154814 -0.508554 -75.1341 0.0156585 0.99987 -0.00393093 0.679269 0.508548 -0.00457905 0.861021 3.26314 
0.887593 -0.0135329 -0.46043 -75.3531 0.0142611 0.999897 -0.00189699 0.671253 0.460408 -0.00488244 0.887694 3.70824 
0.909353 -0.00704153 -0.415965 -75.5582 0.00743506 0.999972 -0.000673798 0.666236 0.415958 -0.00247995 0.90938 4.18612 
0.927276 -0.00284285 -0.374367 -75.7525 0.00223623 0.999995 -0.00205483 0.663933 0.374371 0.00106827 0.927278 4.68611 
0.941109 0.00221656 -0.338097 -75.9348 -0.00249808 0.999997 -0.000397639 0.659017 0.338095 0.00121886 0.941111 5.21523 
0.951477 0.00301831 -0.307705 -76.1124 -0.00260735 0.999995 0.00174654 0.654671 0.307708 -0.000859455 0.95148 5.77096 
0.959035 0.00248755 -0.283275 -76.2723 -0.00157712 0.999993 0.00344182 0.650238 0.283282 -0.00285403 0.959032 6.34488 
0.965013 0.00274585 -0.262186 -76.4301 -0.00134851 0.999984 0.0055092 0.647845 0.262197 -0.00496285 0.965002 6.93517 
0.969854 0.0053135 -0.243628 -76.5931 -0.00342067 0.999961 0.00819162 0.645964 0.243662 -0.00711126 0.969834 7.53806 
0.97356 0.0102041 -0.228203 -76.7491 -0.00821092 0.999919 0.00968197 0.646454 0.228283 -0.00755218 0.973566 8.16078 
0.976574 0.0137395 -0.214744 -76.9043 -0.0116379 0.999871 0.0110473 0.642189 0.214869 -0.00828928 0.976608 8.79863 
0.979376 0.0122225 -0.201678 -77.0444 -0.0102811 0.99989 0.010671 0.644832 0.201787 -0.00837743 0.979394 9.45379 
0.982113 0.0122188 -0.187896 -77.178 -0.0104629 0.999892 0.0103337 0.644826 0.188002 -0.00818285 0.982135 10.1273 
0.984769 0.0125016 -0.173419 -77.3035 -0.0107558 0.999882 0.0110028 0.646975 0.173535 -0.0089699 0.984787 10.8177 
0.987097 0.0138764 -0.15952 -77.4225 -0.0121809 0.999859 0.0116013 0.645525 0.159658 -0.00950849 0.987127 11.5238 
0.989083 0.0140634 -0.146689 -77.5382 -0.0128948 0.999877 0.0089143 0.641082 0.146796 -0.00692541 0.989143 12.2389 
0.990647 0.0148719 -0.135636 -77.6499 -0.0145094 0.999888 0.00366055 0.636616 0.135675 -0.00165828 0.990752 12.9603 
0.991931 0.0127251 -0.126143 -77.7505 -0.013138 0.999911 -0.00244218 0.633279 0.1261 0.00407978 0.992009 13.6979 
0.992948 0.0124641 -0.117893 -77.8537 -0.0128733 0.999914 -0.00271038 0.632921 0.117849 0.00420898 0.993023 14.4575 
0.993686 0.0142736 -0.111284 -77.9524 -0.013958 0.999896 0.00361398 0.622455 0.111324 -0.00203782 0.993782 15.2186 
0.994177 0.0191666 -0.106046 -78.0597 -0.0180146 0.999768 0.0118101 0.610358 0.106248 -0.00983093 0.994291 15.9864 
0.994606 0.020022 -0.101774 -78.1533 -0.0185516 0.99971 0.0153736 0.607769 0.102052 -0.0134025 0.994689 16.7588 
0.994968 0.0189842 -0.0983762 -78.24 -0.0176576 0.999741 0.0143375 0.604182 0.0986229 -0.0125282 0.995046 17.5221 
0.995289 0.0188151 -0.0951082 -78.3297 -0.0176226 0.999755 0.0133633 0.603389 0.0953364 -0.0116242 0.995377 18.2889 
0.995577 0.0173288 -0.0923415 -78.4085 -0.0159629 0.999752 0.0155097 0.602311 0.0925874 -0.013967 0.995607 19.0559 
0.995838 0.0158037 -0.0897633 -78.4935 -0.0142426 0.999737 0.0180045 0.598281 0.0900241 -0.0166511 0.9958 19.8283 
0.996119 0.0136144 -0.0869581 -78.5675 -0.0119381 0.999733 0.0197687 0.595592 0.087204 -0.0186538 0.996016 20.5887 
0.996351 0.0128165 -0.0843789 -78.6416 -0.0114793 0.999801 0.0163136 0.590014 0.0845712 -0.0152855 0.9963 21.3431 
0.996462 0.0157368 -0.0825592 -78.7226 -0.0150374 0.999846 0.00908585 0.585333 0.0826894 -0.00781218 0.996545 22.0969 
0.99659 0.0161407 -0.0809238 -78.7975 -0.0160802 0.99987 0.00139875 0.578816 0.0809358 -9.26651e-05 0.996719 22.8473 
0.996675 0.0169216 -0.0797045 -78.8703 -0.0171884 0.999849 -0.00266193 0.569083 0.0796473 0.00402311 0.996815 23.5982 
0.996828 0.0185071 -0.0774087 -78.9484 -0.0186328 0.999826 -0.000901574 0.556693 0.0773785 0.0023411 0.996999 24.3555 
0.996945 0.0218106 -0.0750013 -79.0256 -0.021637 0.999761 0.00312638 0.540809 0.0750515 -0.00149399 0.997179 25.1144 
0.997029 0.0250548 -0.0728323 -79.1026 -0.0245258 0.999666 0.00814725 0.528407 0.073012 -0.00633673 0.997311 25.8777 
0.997277 0.0224626 -0.070243 -79.1709 -0.0218145 0.999712 0.00997966 0.523341 0.0704469 -0.00842013 0.99748 26.6347 
0.997411 0.019599 -0.069185 -79.2316 -0.018961 0.999772 0.00986687 0.515106 0.0693626 -0.00852947 0.997555 27.3871 
0.997528 0.0176364 -0.0680148 -79.2942 -0.0170042 0.999807 0.00986254 0.506806 0.0681755 -0.00868159 0.997636 28.1394 
0.997593 0.0172575 -0.0671667 -79.358 -0.0167476 0.999827 0.008147 0.500641 0.0672956 -0.00700246 0.997709 28.8902 
0.997662 0.0155455 -0.0665466 -79.4144 -0.0151249 0.999862 0.0068194 0.499411 0.0666434 -0.00579691 0.99776 29.6528 
0.997719 0.0148294 -0.0658585 -79.4793 -0.0144007 0.999872 0.00697827 0.492722 0.0659535 -0.0060139 0.997805 30.4189 
0.997732 0.0174185 -0.0650227 -79.5528 -0.0169476 0.999826 0.00778707 0.488002 0.065147 -0.00666738 0.997853 31.1879 
0.997736 0.017107 -0.0650471 -79.6184 -0.0166909 0.999837 0.00693566 0.481588 0.0651551 -0.00583422 0.997858 31.9566 
0.997634 0.0166996 -0.0666878 -79.6831 -0.0162734 0.999844 0.00692795 0.474223 0.066793 -0.00582628 0.99775 32.7359 
0.997534 0.0140983 -0.0687479 -79.7494 -0.0136137 0.999879 0.00751195 0.468521 0.0688455 -0.00655747 0.997606 33.5172 
0.997296 0.0160396 -0.0717211 -79.8261 -0.0155587 0.999853 0.007258 0.464495 0.0718269 -0.00612244 0.997398 34.3051 
0.997021 0.0195971 -0.0746061 -79.9069 -0.0191316 0.999793 0.00694892 0.456909 0.0747268 -0.00550084 0.997189 35.0917 
0.996824 0.0199275 -0.0771011 -79.9894 -0.019824 0.999801 0.00210647 0.447773 0.0771277 -0.000571287 0.997021 35.8876 
0.996599 0.0207629 -0.0797459 -80.0674 -0.0209408 0.99978 -0.00139505 0.439623 0.0796993 0.00306029 0.996814 36.6867 
0.996461 0.0199014 -0.0816648 -80.151 -0.0202183 0.999791 -0.0030566 0.431721 0.0815868 0.00469695 0.996655 37.5034 
0.996286 0.0199236 -0.0837729 -80.2369 -0.0201136 0.999797 -0.00142482 0.416774 0.0837275 0.00310454 0.996484 38.3265 
0.996119 0.0186263 -0.0860241 -80.3212 -0.0187505 0.999824 -0.000636888 0.405091 0.0859971 0.00224746 0.996293 39.1552 
0.995974 0.0177057 -0.0878803 -80.4069 -0.0176749 0.999843 0.0011286 0.395603 0.0878864 0.000429259 0.99613 39.9884 
0.995874 0.0175439 -0.0890332 -80.4991 -0.0171877 0.999841 0.00476592 0.387042 0.0891026 -0.00321593 0.996017 40.8287 
0.9958 0.0174288 -0.0898854 -80.5921 -0.0166423 0.999817 0.00949127 0.380179 0.0900343 -0.00795546 0.995907 41.6794 
0.995844 0.0174242 -0.0893972 -80.6826 -0.0164457 0.999797 0.0116695 0.374298 0.0895824 -0.0101507 0.995928 42.5352 
0.995971 0.020227 -0.0873633 -80.7789 -0.0192876 0.999747 0.0115822 0.371424 0.0875754 -0.00985048 0.996109 43.391 
0.996129 0.0203125 -0.0855243 -80.8702 -0.0195041 0.999757 0.0102771 0.369578 0.0857122 -0.00856917 0.996283 44.2555 
0.996323 0.0176008 -0.0838457 -80.9628 -0.0169781 0.999823 0.00813298 0.362668 0.083974 -0.00667949 0.996446 45.1276 
0.996539 0.0139349 -0.0819529 -81.0475 -0.0134465 0.999888 0.00650821 0.357115 0.0820344 -0.00538366 0.996615 46.0027 
0.996716 0.0128886 -0.0799482 -81.1327 -0.0124242 0.999903 0.00630355 0.350689 0.0800216 -0.00528952 0.996779 46.8628 
0.996811 0.0103629 -0.0791228 -81.2156 -0.00969394 0.999914 0.00883314 0.3416 0.0792075 -0.00803791 0.996826 47.7382 
0.996889 0.00757709 -0.078451 -81.2915 -0.00669862 0.999912 0.0114543 0.333106 0.0785309 -0.0108931 0.996852 48.6173 
0.996983 0.00725543 -0.0772862 -81.3848 -0.00636851 0.999911 0.0117154 0.326754 0.0773643 -0.0111879 0.99694 49.4845 
0.997054 0.00865418 -0.0762105 -81.469 -0.00803077 0.999932 0.0084822 0.3174 0.0762787 -0.00784514 0.997056 50.3514 
0.997082 0.0109099 -0.0755538 -81.5553 -0.010734 0.999939 0.00273347 0.306838 0.0755789 -0.00191446 0.997138 51.2151 
0.997149 0.012265 -0.0744523 -81.6408 -0.0124966 0.999918 -0.00264514 0.291323 0.0744137 0.00356804 0.997221 52.0745 
0.997137 0.0170016 -0.0736865 -81.7281 -0.0176639 0.999809 -0.00834681 0.272063 0.0735305 0.00962454 0.997247 52.9257 
0.997223 0.0173401 -0.0724256 -81.8094 -0.018051 0.999795 -0.0091731 0.251709 0.0722516 0.010455 0.997332 53.7757 
0.997262 0.0143667 -0.0725389 -81.8818 -0.0146275 0.999888 -0.00306503 0.2358 0.0724867 0.00411775 0.997361 54.6353 
0.997235 0.0136994 -0.0730401 -81.9587 -0.0132958 0.999894 0.00600841 0.219246 0.0731146 -0.00502063 0.997311 55.494 
0.997164 0.0126236 -0.0741919 -82.039 -0.0116278 0.999837 0.0138384 0.204654 0.0743545 -0.0129364 0.997148 56.3492 
0.997018 0.010794 -0.0764171 -82.1197 -0.0099379 0.999884 0.0115735 0.199019 0.0765331 -0.0107795 0.997009 57.1887 
0.996908 0.00562203 -0.0783746 -82.1938 -0.00500147 0.999955 0.00811143 0.19245 0.0784166 -0.00769431 0.996891 58.0194 
0.996715 0.00437404 -0.0808692 -82.2758 -0.00384923 0.999971 0.00664396 0.183414 0.0808959 -0.0063108 0.996703 58.8534 
0.996468 0.00651733 -0.0837193 -82.3634 -0.006185 0.999972 0.00422787 0.170821 0.0837445 -0.00369509 0.99648 59.6808 
0.996172 0.00803024 -0.0870503 -82.4539 -0.00799434 0.999968 0.00076054 0.159268 0.0870536 -6.16752e-05 0.996204 60.5026 
0.995811 0.00852234 -0.091033 -82.545 -0.00879225 0.999958 -0.00256482 0.145248 0.0910073 0.00335451 0.995845 61.3181 
0.995505 0.010411 -0.0941323 -82.6411 -0.0110741 0.999917 -0.00652601 0.127672 0.0940565 0.00753916 0.995538 62.1257 
0.995137 0.0148878 -0.0973695 -82.7446 -0.0156115 0.999856 -0.00667452 0.110042 0.0972561 0.00816219 0.995226 62.9346 
0.994739 0.0185736 -0.100742 -82.8508 -0.0191755 0.999804 -0.00500998 0.0958362 0.100629 0.00691544 0.9949 63.7394 
0.994295 0.0213303 -0.104506 -82.9584 -0.0213648 0.999771 0.000788131 0.0797261 0.104499 0.00144917 0.994524 64.5453 
0.993851 0.021761 -0.10857 -83.0649 -0.0211795 0.999755 0.00650616 0.0636406 0.108685 -0.00416664 0.994068 65.3454 
0.993307 0.0217175 -0.113442 -83.1736 -0.0207208 0.999736 0.00995772 0.0568778 0.113628 -0.00754042 0.993495 66.1358 
0.992555 0.0215105 -0.119885 -83.2857 -0.0203341 0.999732 0.0110278 0.0504156 0.12009 -0.00850793 0.992727 66.9222 
0.991882 0.0193659 -0.125682 -83.3994 -0.0176614 0.999737 0.0146623 0.0449312 0.125932 -0.0123235 0.991962 67.7053 
0.991022 0.019382 -0.132291 -83.5194 -0.017615 0.99974 0.0145136 0.0349064 0.132537 -0.0120529 0.991105 68.4634 
0.990119 0.0239867 -0.138162 -83.6515 -0.0223221 0.999659 0.0135849 0.0275531 0.13844 -0.0103665 0.990317 69.2293 
0.989202 0.0260318 -0.144227 -83.7896 -0.0248987 0.999643 0.00965597 0.0248144 0.144426 -0.00596061 0.989498 70.0038 
0.988364 0.0249244 -0.150054 -83.9233 -0.0241507 0.999684 0.00697611 0.0170815 0.150181 -0.00327098 0.988653 70.7692 
0.987505 0.0258736 -0.155447 -84.0618 -0.0252899 0.999664 0.00573157 0.00967335 0.155543 -0.00172866 0.987828 71.5368 
0.986738 0.0280993 -0.159871 -84.2107 -0.0267614 0.999587 0.0105156 0.0102498 0.1601 -0.00609769 0.987082 72.2971 
0.985726 0.0289357 -0.16585 -84.3601 -0.02686 0.99953 0.0147456 0.00616267 0.166199 -0.0100804 0.986041 73.0582 
0.984684 0.0282714 -0.17204 -84.5101 -0.0257545 0.999526 0.0168448 -0.00098309 0.172435 -0.0121559 0.984946 73.8173 
0.983515 0.0253075 -0.179045 -84.6647 -0.0233623 0.999643 0.0129646 -0.0021165 0.179309 -0.00856791 0.983756 74.5654 
0.981982 0.0236707 -0.187488 -84.8209 -0.0229747 0.999719 0.0058849 -0.00316756 0.187574 -0.00147136 0.982249 75.3035 
0.980279 0.0209699 -0.196502 -84.9857 -0.0206008 0.99978 0.00392211 -0.00916287 0.196541 0.000203383 0.980496 76.0423 
0.978118 0.0207111 -0.207016 -85.1651 -0.019719 0.999782 0.0068549 -0.0172262 0.207113 -0.0026227 0.978314 76.7831 
0.975778 0.0208316 -0.217771 -85.3516 -0.0184553 0.999746 0.0129403 -0.0182601 0.217985 -0.00860776 0.975914 77.5217 
0.973025 0.0224634 -0.229606 -85.5469 -0.0182228 0.999622 0.0205728 -0.0204795 0.229981 -0.0158337 0.973066 78.2508 
0.970326 0.0230905 -0.240695 -85.7484 -0.017804 0.999551 0.0241153 -0.0256078 0.241143 -0.0191144 0.970301 78.976 
0.967345 0.0264132 -0.252084 -85.9604 -0.0221962 0.999562 0.019558 -0.0276371 0.25249 -0.0133239 0.967508 79.6878 
0.964203 0.025529 -0.263935 -86.1773 -0.0236361 0.999667 0.0103452 -0.0288644 0.264111 -0.0037364 0.964485 80.3878 
0.960816 0.0230309 -0.276227 -86.4008 -0.0224051 0.999734 0.00542136 -0.0277217 0.276279 0.000980017 0.961077 81.0959 
0.957299 0.0218216 -0.288276 -86.6344 -0.0197593 0.999754 0.010062 -0.0239269 0.288424 -0.00393621 0.957495 81.81 
0.953793 0.0232165 -0.299565 -86.8815 -0.0188166 0.999669 0.0175641 -0.0287056 0.299874 -0.0111157 0.953914 82.5293 
0.949997 0.023228 -0.311394 -87.1366 -0.0169114 0.999593 0.0229702 -0.0302627 0.311801 -0.0165555 0.950003 83.2449 
0.945844 0.0207154 -0.323959 -87.3969 -0.0147263 0.999673 0.0209281 -0.0276083 0.324287 -0.015024 0.94584 83.9517 
0.941966 0.0189098 -0.335176 -87.6655 -0.0143036 0.999766 0.016206 -0.024378 0.335404 -0.0104712 0.942016 84.65 
0.938809 0.0148384 -0.344118 -87.9423 -0.0123348 0.999879 0.00946368 -0.0283394 0.344217 -0.00463993 0.938879 85.3467 
0.936123 0.0109195 -0.351502 -88.2278 -0.010359 0.99994 0.00347511 -0.0306303 0.351519 0.000388127 0.936181 86.0466 
0.933353 0.0105739 -0.358805 -88.5164 -0.0107693 0.999941 0.00145376 -0.0351576 0.358799 0.00250727 0.933411 86.7492 
0.930283 0.0158962 -0.366497 -88.8168 -0.0165177 0.999863 0.00144022 -0.0471547 0.366469 0.00471394 0.930418 87.4464 
0.92709 0.0156739 -0.374511 -89.118 -0.0155109 0.999874 0.00344956 -0.0539854 0.374518 0.00261101 0.927216 88.1487 
0.923823 0.016477 -0.382465 -89.424 -0.0137148 0.999857 0.00994747 -0.0543438 0.382574 -0.00394423 0.923916 88.8548 
0.920909 0.0184155 -0.389342 -89.7343 -0.0123632 0.999761 0.0180448 -0.0546109 0.389581 -0.011804 0.920916 89.5602 
0.918217 0.0282077 -0.395073 -90.0653 -0.0200416 0.999492 0.0247824 -0.0588779 0.395571 -0.0148377 0.918315 90.2567 
0.915555 0.0350106 -0.400666 -90.3989 -0.0287285 0.999352 0.0216773 -0.0588873 0.401166 -0.00833615 0.915968 90.9395 
0.913141 0.0312342 -0.406445 -90.7244 -0.0280196 0.999511 0.0138594 -0.0529932 0.406679 -0.00126709 0.91357 91.6263 
0.911193 0.0233937 -0.411314 -91.0513 -0.0227548 0.99972 0.00645022 -0.0509821 0.41135 0.00348205 0.911471 92.3185 
0.909464 0.0239209 -0.415095 -91.3841 -0.023692 0.999703 0.00570167 -0.0515889 0.415108 0.00464902 0.90976 93.0081 
0.907288 0.0300713 -0.419433 -91.7383 -0.0280937 0.999546 0.0108922 -0.056667 0.41957 0.00190111 0.907721 93.7017 
0.90464 0.0323246 -0.424948 -92.0832 -0.0285554 0.999476 0.0152378 -0.0615089 0.425218 -0.00165014 0.905089 94.4031 
0.902294 0.02862 -0.43017 -92.4242 -0.0252925 0.99959 0.0134527 -0.0696297 0.430379 -0.00125817 0.902648 95.0964 
0.899994 0.0268237 -0.435076 -92.7778 -0.0263416 0.999628 0.00713983 -0.0746089 0.435106 0.00503484 0.900365 95.7804 
0.897708 0.024295 -0.439921 -93.1325 -0.0266995 0.999643 0.000722678 -0.0803522 0.439782 0.011097 0.898036 96.4659 
0.895375 0.0250155 -0.44461 -93.4968 -0.0282667 0.9996 -0.000683351 -0.0861367 0.444415 0.0131795 0.895724 97.1519 
0.89332 0.0282669 -0.448532 -93.8665 -0.0296905 0.999552 0.00385939 -0.100633 0.44844 0.00986951 0.893759 97.8426 
0.89123 0.0298748 -0.452567 -94.2353 -0.0304729 0.999518 0.00597044 -0.110082 0.452527 0.00847003 0.891711 98.5219 
0.888986 0.030904 -0.456891 -94.6104 -0.031419 0.999485 0.00647204 -0.116079 0.456856 0.00860154 0.889499 99.1978 
0.886714 0.0290789 -0.461402 -94.981 -0.0297328 0.999541 0.00585395 -0.1268 0.46136 0.00852806 0.887172 99.8722 
0.884537 0.0271162 -0.465681 -95.35 -0.0278441 0.999598 0.00531716 -0.136251 0.465638 0.00826332 0.884937 100.547 
0.882347 0.0267502 -0.469838 -95.7217 -0.027177 0.999613 0.00587499 -0.144124 0.469814 0.00758507 0.882733 101.212 
0.879935 0.0279009 -0.474275 -96.0987 -0.0281709 0.999582 0.00653769 -0.154491 0.474259 0.00760805 0.880353 101.873 
0.877525 0.0282541 -0.478698 -96.4759 -0.0286283 0.999569 0.00651738 -0.164835 0.478676 0.00798519 0.877956 102.533 
0.875111 0.0252929 -0.483261 -96.8503 -0.0275888 0.999617 0.0023587 -0.174343 0.483135 0.0112685 0.875473 103.183 
0.872716 0.0219142 -0.487736 -97.2235 -0.0262587 0.999653 -0.0020705 -0.18708 0.487522 0.0146143 0.872989 103.824 
0.87064 0.0204169 -0.491496 -97.6015 -0.0260608 0.99965 -0.00463865 -0.198616 0.491229 0.0168474 0.870867 104.461 
0.868624 0.0220302 -0.494982 -97.9821 -0.0259279 0.999663 -0.00100782 -0.206785 0.494793 0.0137093 0.868903 105.1 
0.866688 0.0259845 -0.498173 -98.3614 -0.0254571 0.999645 0.00785241 -0.217661 0.498201 0.0058765 0.867042 105.734 
0.865207 0.0279041 -0.500637 -98.7398 -0.0222125 0.999603 0.0173271 -0.225845 0.500922 -0.00387109 0.865484 106.365 
0.863662 0.0275744 -0.503317 -99.1113 -0.0190594 0.999575 0.0220572 -0.231523 0.503712 -0.00945699 0.86382 106.98 
0.86193 0.0246117 -0.50643 -99.4687 -0.0158811 0.999642 0.0215517 -0.232837 0.506779 -0.0105333 0.862012 107.576 
0.860256 0.0227771 -0.509353 -99.8305 -0.0159524 0.999715 0.0177626 -0.230599 0.509612 -0.00715494 0.860375 108.152 
0.858711 0.0209034 -0.512034 -100.183 -0.0153976 0.999769 0.0149921 -0.232236 0.512229 -0.00498973 0.858835 108.713 
0.85732 0.0188493 -0.514439 -100.533 -0.0138595 0.999812 0.0135365 -0.229361 0.514597 -0.00447524 0.85742 109.262 
0.855969 0.0173462 -0.516737 -100.865 -0.0122822 0.999837 0.0132178 -0.23258 0.516882 -0.00496734 0.856042 109.795 
0.854759 0.017511 -0.51873 -101.198 -0.0117726 0.999828 0.0143528 -0.238816 0.518892 -0.00616135 0.854817 110.305 
0.853577 0.0168799 -0.520693 -101.521 -0.010388 0.999828 0.0153835 -0.234683 0.520863 -0.00772196 0.853606 110.808 
0.852221 0.0154569 -0.522953 -101.828 -0.00838168 0.999839 0.015893 -0.23779 0.523115 -0.00916109 0.852213 111.284 
0.850918 0.014068 -0.52511 -102.121 -0.00659348 0.999849 0.016102 -0.241406 0.525257 -0.0102391 0.850882 111.742 
0.849785 0.0127789 -0.526975 -102.406 -0.00578114 0.999872 0.0149238 -0.243416 0.527098 -0.00963545 0.84975 112.18 
0.848343 0.0125881 -0.529297 -102.679 -0.00779475 0.999906 0.0112872 -0.247081 0.529389 -0.00544961 0.848362 112.601 
0.846797 0.0100302 -0.531822 -102.942 -0.00731309 0.999947 0.00721469 -0.252261 0.531866 -0.00222006 0.846826 112.997 
0.844366 0.00635849 -0.53573 -103.185 -0.00421493 0.999978 0.00522535 -0.259314 0.535751 -0.00215399 0.844373 113.379 
0.841611 0.002401 -0.540079 -103.425 0.000754123 0.999984 0.00562068 -0.263157 0.540084 -0.00513766 0.841596 113.752 
0.838146 0.00336967 -0.545435 -103.663 0.000531431 0.999975 0.00699438 -0.265505 0.545445 -0.00615213 0.838124 114.101 
0.834169 0.00670814 -0.551469 -103.895 -0.00244338 0.999961 0.00846768 -0.265596 0.551504 -0.00571598 0.834153 114.434 
0.830287 0.0128829 -0.557188 -104.117 -0.00661346 0.99989 0.0132638 -0.276299 0.557297 -0.00732778 0.830281 114.749 
0.826274 0.0181946 -0.562974 -104.337 -0.00822395 0.999761 0.0202407 -0.280525 0.563208 -0.0120944 0.826227 115.046 
0.821243 0.0195911 -0.570242 -104.534 -0.00705712 0.999683 0.0241814 -0.280926 0.570535 -0.0158345 0.821121 115.327 
0.815658 0.0169486 -0.578286 -104.721 -0.0027372 0.999673 0.0254379 -0.282166 0.578528 -0.0191657 0.815438 115.589 
0.808463 0.0148316 -0.58836 -104.9 0.000780054 0.999655 0.0262716 -0.282084 0.588546 -0.0216985 0.808172 115.837 
0.799581 0.0132894 -0.600411 -105.08 0.00389801 0.999619 0.0273164 -0.281123 0.600545 -0.024182 0.799225 116.065 
0.789331 0.0137739 -0.613814 -105.259 0.00442207 0.999595 0.0281173 -0.282524 0.613952 -0.0249082 0.78895 116.268 
0.777097 0.0151718 -0.629198 -105.437 0.00267793 0.999621 0.0274111 -0.281023 0.629375 -0.022986 0.776762 116.456 
0.763021 0.0134181 -0.646235 -105.609 0.00319654 0.999694 0.0245314 -0.280464 0.646366 -0.0207836 0.762744 116.632 
0.748041 0.0110943 -0.66356 -105.773 0.00238419 0.999809 0.0194038 -0.284507 0.663649 -0.0160969 0.747871 116.792 
0.732869 0.00726778 -0.680331 -105.937 0.00265225 0.999905 0.0135387 -0.27905 0.680364 -0.0117265 0.73278 116.943 
0.71728 0.00725515 -0.696747 -106.102 -0.00123093 0.999957 0.00914521 -0.274005 0.696784 -0.00570198 0.717259 117.084 
0.701412 0.0109459 -0.712672 -106.277 -0.00856534 0.999939 0.00692799 -0.273174 0.712705 0.00124496 0.701463 117.215 
0.683721 0.0127411 -0.729632 -106.447 -0.0111347 0.999913 0.00702681 -0.272094 0.729659 0.00331992 0.683803 117.352 
0.664532 0.0107552 -0.747182 -106.62 -0.007858 0.999942 0.00740472 -0.260486 0.747219 0.000950732 0.664578 117.493 
0.644408 0.0100297 -0.764616 -106.8 -0.00491347 0.999948 0.00897556 -0.259404 0.764666 -0.00202695 0.644424 117.621 
0.621936 0.0118192 -0.782979 -106.986 -0.00473683 0.999925 0.0113315 -0.258508 0.783054 -0.00333857 0.621945 117.741 
0.59782 0.0161737 -0.801468 -107.182 -0.00834734 0.999868 0.0139511 -0.251768 0.801587 -0.00165005 0.597876 117.85 
0.572991 0.0202765 -0.819311 -107.379 -0.0105505 0.999794 0.0173645 -0.248512 0.819494 -0.00130548 0.573086 117.955 
0.547425 0.0229551 -0.83654 -107.58 -0.0122274 0.999736 0.0194318 -0.242345 0.836765 -0.000408696 0.547562 118.051 
0.521449 0.0259747 -0.852887 -107.785 -0.0153481 0.99966 0.0210609 -0.239152 0.853144 0.00210805 0.521671 118.138 
0.494771 0.0297909 -0.868513 -107.994 -0.019442 0.999542 0.0232097 -0.231433 0.868806 0.00540214 0.495123 118.214 
0.466599 0.0329366 -0.883856 -108.2 -0.0217077 0.999432 0.0257837 -0.232206 0.884203 0.00715588 0.467049 118.29 
0.436855 0.0321978 -0.898955 -108.412 -0.0204371 0.999457 0.0258658 -0.230299 0.8993 0.00707243 0.437276 118.36 
0.404316 0.029125 -0.914156 -108.635 -0.0202038 0.999533 0.0229093 -0.229626 0.914396 0.00920688 0.404716 118.428 
0.36995 0.0247576 -0.928722 -108.877 -0.0194513 0.999632 0.0188996 -0.225342 0.928848 0.011073 0.370296 118.485 
0.330408 0.022545 -0.943569 -109.138 -0.0189475 0.999672 0.0172507 -0.221164 0.943648 0.0121786 0.330727 118.545 
0.288815 0.0210872 -0.957153 -109.422 -0.0182625 0.999697 0.0165139 -0.210111 0.957211 0.0127106 0.289113 118.594 
0.245307 0.0191624 -0.969256 -109.721 -0.017291 0.999732 0.0153887 -0.201889 0.969291 0.0129845 0.245573 118.629 
0.198184 0.0168298 -0.98002 -110.035 -0.0157906 0.999778 0.0139758 -0.19924 0.980038 0.0127053 0.198406 118.653 
0.148981 0.0145782 -0.988733 -110.368 -0.0148315 0.999812 0.0125067 -0.189518 0.988729 0.0128011 0.149169 118.665 
0.0984355 0.014527 -0.995037 -110.718 -0.0139112 0.999816 0.0132206 -0.186317 0.995046 0.0125408 0.0986195 118.661 
0.0462718 0.0159678 -0.998801 -111.078 -0.0125574 0.999803 0.015402 -0.18017 0.99885 0.0118297 0.0464631 118.636 
-0.00695739 0.0181613 -0.999811 -111.453 -0.0093064 0.999791 0.0182257 -0.172486 0.999933 0.00943149 -0.00678692 118.596 
-0.0605973 0.0202378 -0.997957 -111.837 -0.00544207 0.999773 0.0206051 -0.167053 0.998148 0.0066796 -0.0604734 118.534 
-0.114423 0.0221275 -0.993186 -112.233 -0.00120144 0.999748 0.0224121 -0.16437 0.993431 0.00375777 -0.114368 118.454 
-0.167342 0.0237849 -0.985612 -112.637 0.00162084 0.999714 0.02385 -0.156548 0.985898 0.00239362 -0.167332 118.345 
-0.218799 0.0255958 -0.975434 -113.056 0.00401504 0.999671 0.0253312 -0.150817 0.975762 0.00162606 -0.21883 118.212 
-0.268304 0.0269434 -0.962957 -113.479 0.0075184 0.999637 0.0258748 -0.142079 0.963305 -0.000297532 -0.268409 118.057 
-0.316366 0.0284283 -0.948211 -113.904 0.0123748 0.99959 0.02584 -0.131137 0.948557 -0.00355898 -0.316588 117.876 
-0.362822 0.0303109 -0.931366 -114.338 0.0175905 0.999516 0.0256763 -0.126203 0.931693 -0.00706725 -0.363179 117.668 
