1 2.12261e-08 -2.11895e-08 -2.26381e-15 2.12261e-08 1 2.10703e-08 -6.66134e-16 -2.11895e-08 2.10703e-08 1 -2.40918e-14 
0.999996 0.00267537 -0.000131458 -0.00857121 -0.00267511 0.999995 0.00166737 -0.0189093 0.000135875 -0.00166697 0.999999 0.795719 
0.999986 0.00528858 -0.000134056 -0.0254797 -0.00528823 0.999984 0.00219916 -0.0377123 0.000145642 -0.00219838 0.999998 1.551 
0.999977 0.00677222 0.00017641 -0.0391264 -0.0067725 0.999975 0.00185279 -0.0526695 -0.000163901 -0.0018539 0.999998 2.29951 
0.999962 0.0087152 0.000202702 -0.0515621 -0.00871546 0.999961 0.00154747 -0.0656091 -0.00018925 -0.00154914 0.999999 3.0486 
0.999961 0.00887789 0.000352668 -0.0586212 -0.00887834 0.99996 0.00142507 -0.078322 -0.000340045 -0.0014281 0.999999 3.77363 
0.99996 0.00894215 0.000510158 -0.0707268 -0.00894333 0.999957 0.00245146 -0.0943922 -0.000488258 -0.00245588 0.999997 4.47857 
0.999954 0.00960375 0.000751167 -0.0752999 -0.00960746 0.999941 0.0051711 -0.105154 -0.000701503 -0.00517803 0.999986 5.17139 
0.999954 0.00931854 0.0022227 -0.0875389 -0.00933818 0.999916 0.00901385 -0.111091 -0.00213856 -0.00903415 0.999957 5.84585 
0.999958 0.00853602 0.00332672 -0.0890055 -0.008577 0.999885 0.0125167 -0.117806 -0.00321953 -0.0125447 0.999916 6.49995 
0.999963 0.00762275 0.00399658 -0.0858936 -0.00768097 0.999861 0.0147728 -0.125393 -0.00388346 -0.0148029 0.999883 7.12175 
0.999953 0.00822115 0.00508216 -0.0953469 -0.0082952 0.999857 0.0147354 -0.136243 -0.00496034 -0.0147768 0.999879 7.70753 
0.999944 0.00893228 0.00576172 -0.0918884 -0.00900087 0.999888 0.0119968 -0.141406 -0.00565396 -0.012048 0.999911 8.27341 
0.999938 0.0090292 0.00656181 -0.0975954 -0.00908979 0.999916 0.00927051 -0.14888 -0.00647759 -0.00932953 0.999936 8.80199 
0.999942 0.0072462 0.00795764 -0.0918506 -0.00730768 0.999943 0.00773015 -0.151318 -0.00790121 -0.00778781 0.999939 9.316 
0.999945 0.0035164 0.00991659 -0.0923219 -0.0035702 0.999979 0.00541653 -0.157603 -0.00989737 -0.00545159 0.999936 9.79522 
0.999931 0.00158965 0.0116605 -0.0888923 -0.00164067 0.999989 0.00437115 -0.166488 -0.0116534 -0.00438993 0.999923 10.2379 
0.999891 0.0056061 0.0136614 -0.0915595 -0.0056405 0.999981 0.0024843 -0.178254 -0.0136473 -0.00256104 0.999904 10.6592 
0.999809 0.0101854 0.0166695 -0.0982426 -0.0102138 0.999947 0.00162127 -0.186475 -0.0166522 -0.00179118 0.99986 11.0416 
0.999744 0.0106038 0.0199888 -0.0924576 -0.0106583 0.99994 0.00262657 -0.191863 -0.0199598 -0.00283891 0.999797 11.3993 
0.999714 0.00652648 0.0229989 -0.0802991 -0.00660109 0.999973 0.00317155 -0.19684 -0.0229777 -0.00332242 0.999731 11.7248 
0.999674 0.00174267 0.0254792 -0.0665243 -0.00182073 0.999994 0.00304273 -0.20161 -0.0254738 -0.00308809 0.999671 12.0144 
0.99961 -0.00172066 0.0278692 -0.0556865 0.00159869 0.999989 0.00439963 -0.206243 -0.0278765 -0.00435332 0.999602 12.2797 
0.999531 -0.00215214 0.030565 -0.0522163 0.00198586 0.999983 0.00547077 -0.211994 -0.0305763 -0.00540746 0.999518 12.5106 
0.999466 -0.00136119 0.0326502 -0.047082 0.00121145 0.999989 0.00460702 -0.217244 -0.0326561 -0.00456497 0.999456 12.7169 
0.999395 -0.000314168 0.0347929 -0.0426535 0.000204792 0.999995 0.00314838 -0.221015 -0.0347938 -0.00313931 0.99939 12.905 
0.999302 0.00178548 0.0373103 -0.0403192 -0.00187583 0.999995 0.00238792 -0.226208 -0.0373059 -0.0024562 0.999301 13.0766 
0.999236 0.00426933 0.0388424 -0.0368961 -0.00434754 0.999989 0.00193033 -0.236918 -0.0388337 -0.00209768 0.999244 13.2447 
0.99917 0.0058047 0.0403098 -0.034768 -0.00583047 0.999983 0.000522791 -0.241326 -0.0403061 -0.000757341 0.999187 13.4023 
0.999097 0.00501745 0.0421901 -0.0241565 -0.00497002 0.999987 -0.00122801 -0.244828 -0.0421958 0.00101726 0.999109 13.5533 
0.999048 0.00358404 0.0434717 -0.0116402 -0.00347613 0.999991 -0.00255668 -0.247897 -0.0434805 0.00240318 0.999051 13.7034 
0.998997 0.00283229 0.0446774 -0.0071252 -0.00267514 0.99999 -0.00357592 -0.249049 -0.0446871 0.00345285 0.998995 13.8429 
0.998925 0.00338663 0.0462418 -0.00299001 -0.00316073 0.999983 -0.00495657 -0.252894 -0.0462579 0.00480512 0.998918 13.9758 
0.998865 0.00451275 0.0474255 0.00332956 -0.00418338 0.999967 -0.00704105 -0.255819 -0.0474557 0.0068347 0.99885 14.104 
0.998819 0.00461419 0.04836 0.00611556 -0.00417278 0.999949 -0.00922361 -0.258288 -0.0484002 0.00901097 0.998787 14.2283 
0.998787 0.00375854 0.0491021 0.0120203 -0.00320143 0.99993 -0.0114187 -0.262249 -0.0491416 0.0112477 0.998729 14.3515 
0.998817 0.00269338 0.0485496 0.0200235 -0.00204946 0.999909 -0.0133071 -0.265527 -0.0485811 0.0131919 0.998732 14.4795 
0.99892 0.00214732 0.0464118 0.0248863 -0.00148212 0.999896 -0.0143613 -0.269416 -0.0464379 0.014277 0.998819 14.607 
0.999047 0.00239359 0.0435813 0.0239489 -0.0017262 0.999881 -0.0153439 -0.271426 -0.0436129 0.0152541 0.998932 14.7345 
0.999218 0.00278599 0.0394459 0.0205924 -0.00214294 0.999864 -0.016334 -0.278828 -0.0394861 0.0162367 0.999088 14.8576 
0.999435 0.00267765 0.0335125 0.0221236 -0.00208912 0.999843 -0.0175828 -0.280008 -0.0335544 0.0175029 0.999284 14.9869 
0.999632 0.00275282 0.0270056 0.0141568 -0.00226618 0.999835 -0.0180326 -0.28831 -0.0270508 0.0179648 0.999473 15.112 
0.999797 0.00253887 0.0199689 0.00509696 -0.00216425 0.999822 -0.0187574 -0.292414 -0.020013 0.0187104 0.999625 15.2357 
0.999926 0.00221981 0.0119682 -0.00489895 -0.0019833 0.999803 -0.0197331 -0.295529 -0.0120097 0.019708 0.999734 15.3696 
0.999998 0.00111867 0.0017191 -0.0124342 -0.00108227 0.999779 -0.0210102 -0.297374 -0.00174227 0.0210084 0.999778 15.5116 
0.999935 -0.000486229 -0.0113956 -0.0238234 0.000229225 0.999746 -0.0225472 -0.302037 0.0114036 0.0225432 0.999681 15.6616 
0.999619 -0.00117336 -0.0275632 -0.0483237 0.000499984 0.999702 -0.024426 -0.304632 0.0275836 0.024403 0.999322 15.8213 
0.998896 -0.000981856 -0.0469762 -0.0758295 -0.000218353 0.999674 -0.0255382 -0.306841 0.046986 0.0255203 0.99857 16 
0.997631 -3.13149e-05 -0.0687859 -0.116603 -0.00170058 0.999683 -0.02512 -0.312261 0.0687648 0.0251775 0.997315 16.1976 
0.995706 0.000388976 -0.0925691 -0.164114 -0.00260251 0.999714 -0.0237932 -0.317141 0.0925333 0.023932 0.995422 16.4093 
0.99284 0.00116439 -0.119443 -0.221535 -0.00387053 0.999741 -0.0224272 -0.322335 0.119386 0.022729 0.992588 16.6398 
0.988757 0.00222846 -0.149517 -0.297399 -0.00534329 0.999777 -0.0204345 -0.327807 0.149438 0.0210037 0.988548 16.8885 
0.983137 0.00223814 -0.182857 -0.373638 -0.00544041 0.999841 -0.017013 -0.334769 0.182789 0.0177209 0.982992 17.1507 
0.975541 0.00330071 -0.219792 -0.471219 -0.0063482 0.999893 -0.0131606 -0.336225 0.219726 0.0142341 0.975458 17.4327 
0.965662 0.00505467 -0.259751 -0.584814 -0.00732954 0.999943 -0.00779022 -0.340252 0.259697 0.00942662 0.965644 17.7131 
0.953379 0.00885572 -0.301645 -0.717214 -0.0102583 0.999943 -0.00306604 -0.343726 0.3016 0.0060175 0.953416 18.0053 
0.938766 0.0122438 -0.344339 -0.857147 -0.0125895 0.99992 0.00123189 -0.345492 0.344326 0.00317865 0.938845 18.2991 
0.921503 0.0145777 -0.388098 -1.01844 -0.0129371 0.999893 0.00684003 -0.348511 0.388156 -0.0012822 0.921593 18.5987 
0.901549 0.0179994 -0.432303 -1.1885 -0.0130175 0.99981 0.0144807 -0.356311 0.432481 -0.00742753 0.901612 18.8984 
0.879009 0.022064 -0.476294 -1.39557 -0.0136894 0.999685 0.0210457 -0.355979 0.476608 -0.0119791 0.879034 19.2081 
0.853302 0.0269679 -0.520719 -1.6186 -0.0161113 0.999548 0.0253648 -0.35305 0.521168 -0.0132544 0.853351 19.5094 
0.82431 0.0299888 -0.565344 -1.86267 -0.0168181 0.999453 0.0284942 -0.348068 0.565889 -0.01398 0.824363 19.8123 
0.792528 0.033147 -0.608934 -2.12903 -0.0189806 0.999379 0.0296974 -0.338123 0.60954 -0.0119781 0.792665 20.0998 
0.757947 0.0355022 -0.651349 -2.42091 -0.0192211 0.9993 0.0321007 -0.325128 0.652033 -0.0118109 0.758099 20.3805 
0.720079 0.0390452 -0.692793 -2.74197 -0.0199179 0.999167 0.0356097 -0.310012 0.693606 -0.0118428 0.720257 20.6607 
0.680129 0.0401136 -0.731995 -3.09332 -0.0175832 0.999107 0.0384141 -0.295696 0.732882 -0.0132557 0.680227 20.9386 
0.638453 0.0398118 -0.76863 -3.46923 -0.0146148 0.999108 0.03961 -0.281994 0.769522 -0.0140557 0.638466 21.2073 
0.594951 0.0387794 -0.802826 -3.87197 -0.00938634 0.999103 0.0413043 -0.26714 0.803707 -0.0170384 0.594781 21.466 
0.549799 0.038782 -0.834396 -4.29385 -0.00470949 0.99905 0.0433317 -0.250692 0.835284 -0.0198941 0.549459 21.701 
0.502705 0.0402206 -0.863522 -4.74539 -0.00322819 0.998997 0.0446514 -0.230389 0.864452 -0.0196588 0.502331 21.9144 
0.452714 0.0398071 -0.890767 -5.21996 -0.00184117 0.999043 0.04371 -0.210124 0.891654 -0.018148 0.452354 22.1054 
0.400277 0.0386442 -0.915579 -5.71911 0.0030545 0.999049 0.0435026 -0.188065 0.916389 -0.0202097 0.399778 22.2761 
0.346438 0.037894 -0.937307 -6.2416 0.00792701 0.99903 0.0433192 -0.168404 0.938039 -0.0224374 0.345801 22.4299 
0.291963 0.0369526 -0.955716 -6.79598 0.0105166 0.999069 0.0418416 -0.145029 0.956372 -0.022267 0.291302 22.5629 
0.238402 0.0427117 -0.970227 -7.37431 0.0113528 0.998842 0.046761 -0.118325 0.9711 -0.0221627 0.237641 22.662 
0.186693 0.0477447 -0.981257 -7.97389 0.0138429 0.998591 0.0512219 -0.0921842 0.982321 -0.0231462 0.185769 22.7352 
0.138276 0.0491482 -0.989173 -8.59354 0.0190205 0.998452 0.0522681 -0.0671323 0.990211 -0.026042 0.137127 22.7883 
0.0937406 0.0506337 -0.994308 -9.22667 0.0215243 0.998369 0.0528698 -0.0490483 0.995364 -0.0263578 0.0924979 22.8172 
0.053295 0.0487518 -0.997388 -9.87624 0.021242 0.998526 0.0499424 -0.0215074 0.998353 -0.0238482 0.0521808 22.8166 
0.0176351 0.0442523 -0.998865 -10.5383 0.0186311 0.998832 0.0445798 0.012348 0.999671 -0.019396 0.01679 22.7921 
-0.0111534 0.0441013 -0.998965 -11.231 0.016456 0.9989 0.0439147 0.0447448 0.999802 -0.0159491 -0.0118669 22.7567 
-0.032016 0.0482255 -0.998323 -11.936 0.0151257 0.998744 0.0477608 0.0726378 0.999373 -0.0135712 -0.0327052 22.7037 
-0.0449786 0.0541629 -0.997519 -12.6697 0.016736 0.99843 0.0534577 0.101991 0.998848 -0.01429 -0.0458145 22.6519 
-0.0529748 0.0567647 -0.996981 -13.4153 0.0162044 0.9983 0.0559788 0.133589 0.998464 -0.01319 -0.0538046 22.5915 
-0.0568164 0.0540528 -0.99692 -14.1787 0.0173049 0.998437 0.0531488 0.164005 0.998235 -0.0142318 -0.057663 22.5299 
-0.0562542 0.0503641 -0.997145 -14.9576 0.0248714 0.998488 0.0490288 0.1976 0.998107 -0.0220423 -0.0574217 22.4822 
-0.0521768 0.0489088 -0.99744 -15.7894 0.0366453 0.998221 0.0470302 0.239534 0.997965 -0.0340976 -0.0538763 22.4527 
-0.0469869 0.0490176 -0.997692 -16.6217 0.0371508 0.99819 0.0472924 0.273823 0.998204 -0.0348428 -0.0487229 22.4103 
-0.0418057 0.0476795 -0.997987 -17.4549 0.035615 0.998297 0.0462024 0.295326 0.998491 -0.0336118 -0.0434326 22.3503 
-0.038604 0.0414244 -0.998396 -18.3185 0.039271 0.998431 0.0399074 0.32875 0.998483 -0.0376674 -0.0401703 22.312 
-0.0364764 0.0306718 -0.998864 -19.1943 0.0371348 0.99888 0.0293162 0.354094 0.998644 -0.0360232 -0.0375746 22.2671 
-0.0358463 0.0221536 -0.999112 -20.0793 0.0292954 0.999348 0.0211077 0.373068 0.998928 -0.0285127 -0.0364719 22.2063 
-0.0373837 0.0190706 -0.999119 -21.0068 0.0237597 0.999552 0.0181899 0.397429 0.999019 -0.0230587 -0.0378201 22.1503 
-0.041055 0.0248056 -0.998849 -21.9543 0.014828 0.999597 0.0242147 0.411364 0.999047 -0.0138168 -0.0414063 22.081 
-0.0462337 0.0329476 -0.998387 -22.9315 0.0101048 0.99942 0.0325138 0.428693 0.99888 -0.00858523 -0.0465398 22.0084 
-0.051152 0.0422629 -0.997796 -23.9501 0.00876562 0.999085 0.0418681 0.46148 0.998652 -0.00660462 -0.0514757 21.9383 
-0.0528255 0.0522729 -0.997235 -24.9767 0.00755341 0.998621 0.0519455 0.499827 0.998575 -0.00478844 -0.0531475 21.863 
-0.0538791 0.0599659 -0.996745 -26.0066 0.0093045 0.998182 0.0595494 0.543255 0.998504 -0.00606571 -0.0543391 21.793 
-0.0554481 0.0608384 -0.996606 -27.0211 0.0104053 0.998123 0.060352 0.589227 0.998407 -0.00702356 -0.055977 21.7226 
-0.0570599 0.0580848 -0.99668 -28.0445 0.0092768 0.998294 0.0576478 0.635636 0.998328 -0.00595658 -0.0575014 21.6421 
-0.0597267 0.0531322 -0.9968 -29.0577 0.00884323 0.998571 0.0526967 0.676317 0.998176 -0.00566749 -0.0601112 21.56 
-0.0643295 0.0479648 -0.996775 -30.0704 0.0091717 0.998831 0.0474718 0.713121 0.997887 -0.00608825 -0.0646941 21.4733 
-0.0695686 0.043371 -0.996634 -31.0993 0.00900749 0.999041 0.042847 0.748283 0.997537 -0.00599633 -0.0698926 21.3753 
-0.0766408 0.0413148 -0.996202 -32.1302 0.00826163 0.999133 0.0408008 0.781591 0.997025 -0.00510321 -0.0769157 21.2735 
-0.0834017 0.0438528 -0.995551 -33.1884 0.00868928 0.999025 0.0432779 0.814883 0.996478 -0.00504113 -0.0837014 21.166 
-0.0896657 0.048561 -0.994787 -34.2755 0.00726037 0.998816 0.0481032 0.852988 0.995945 -0.00290927 -0.0899121 21.0404 
-0.0955968 0.0514396 -0.99409 -35.3461 0.00450393 0.998676 0.0512438 0.88934 0.99541 0.000421469 -0.0957019 20.9081 
-0.10048 0.0536843 -0.99349 -36.4317 0.00148094 0.99855 0.053808 0.930962 0.994938 0.00393536 -0.100414 20.779 
-0.103147 0.0548037 -0.993155 -37.5126 -0.00253555 0.998463 0.0553599 0.976447 0.994663 0.00822843 -0.102849 20.6423 
-0.105083 0.0559378 -0.992889 -38.5891 -0.00677658 0.998353 0.0569628 1.0214 0.99444 0.0127143 -0.104531 20.5036 
-0.106358 0.0554168 -0.992782 -39.6884 -0.0083942 0.99836 0.0566275 1.06807 0.994293 0.0143564 -0.105718 20.3576 
-0.107633 0.0543945 -0.992702 -40.7778 -0.00861328 0.998414 0.0556413 1.11829 0.994153 0.0145393 -0.106993 20.2126 
-0.108603 0.0537391 -0.992632 -41.8737 -0.0099834 0.998428 0.0551452 1.16236 0.994035 0.0158988 -0.107896 20.0656 
-0.109345 0.0528151 -0.9926 -42.9641 -0.012395 0.998437 0.0544911 1.20689 0.993927 0.0182617 -0.10852 19.918 
-0.110084 0.0503082 -0.992648 -44.0563 -0.0167187 0.998483 0.052458 1.24826 0.993782 0.0223706 -0.109076 19.7689 
-0.110167 0.0453948 -0.992876 -45.1456 -0.0221146 0.998597 0.0481102 1.28534 0.993667 0.0272573 -0.109008 19.6139 
-0.10925 0.0448596 -0.993002 -46.2499 -0.0236314 0.998582 0.0477117 1.32558 0.993733 0.0286786 -0.108035 19.4666 
-0.107933 0.0492169 -0.992939 -47.3598 -0.0242983 0.998345 0.0521261 1.36385 0.993861 0.0297529 -0.106558 19.3285 
-0.106202 0.0523649 -0.992965 -48.4698 -0.0240618 0.998185 0.0552137 1.40309 0.994053 0.0297564 -0.104749 19.1923 
-0.104692 0.0520307 -0.993143 -49.5814 -0.0222702 0.998257 0.0546462 1.45228 0.994255 0.0278386 -0.103351 19.0581 
-0.102446 0.05145 -0.993407 -50.7055 -0.0219065 0.998303 0.0539626 1.49552 0.994497 0.0272904 -0.101145 18.9285 
-0.098205 0.0517958 -0.993817 -51.8432 -0.0263938 0.998158 0.0546302 1.5437 0.994816 0.0315956 -0.0966569 18.7856 
-0.0923169 0.0527653 -0.994331 -52.9922 -0.0313032 0.997948 0.0558636 1.58989 0.995238 0.036283 -0.0904757 18.6511 
-0.086667 0.0523139 -0.994863 -54.1245 -0.0353184 0.997831 0.0555467 1.63861 0.995611 0.0399511 -0.0846314 18.527 
-0.0809455 0.0513312 -0.995396 -55.2532 -0.0367298 0.997841 0.0544441 1.68778 0.996042 0.0409677 -0.0788853 18.4123 
-0.075588 0.0507865 -0.995845 -56.3933 -0.0358792 0.997917 0.0536155 1.73153 0.996493 0.0397828 -0.0736084 18.314 
-0.0704915 0.0506626 -0.996225 -57.5403 -0.0339507 0.998009 0.0531556 1.7776 0.996934 0.0375696 -0.0686311 18.2164 
-0.065104 0.0513997 -0.996554 -58.6707 -0.0326053 0.99803 0.0536059 1.81938 0.997346 0.0359829 -0.0632998 18.1267 
-0.0598628 0.053115 -0.996793 -59.8227 -0.0311808 0.997997 0.0550517 1.86471 0.99772 0.0343764 -0.0580867 18.043 
-0.0544827 0.0543411 -0.997035 -60.9772 -0.031677 0.997921 0.0561204 1.9111 0.998012 0.0346407 -0.0526481 17.9643 
-0.0495784 0.0537977 -0.99732 -62.1289 -0.0308527 0.997989 0.0553675 1.95482 0.998294 0.0335151 -0.0478189 17.893 
-0.0446658 0.049469 -0.997776 -63.2665 -0.0309256 0.998226 0.0508757 1.99537 0.998523 0.0331293 -0.0430567 17.8194 
-0.0405699 0.0442515 -0.998196 -64.4155 -0.0305798 0.998496 0.0455077 2.03595 0.998709 0.032371 -0.0391557 17.7587 
-0.0364482 0.0434841 -0.998389 -65.5737 -0.0307882 0.99853 0.0446143 2.08 0.998861 0.0323647 -0.0350558 17.6866 
-0.0332694 0.0459144 -0.998391 -66.7327 -0.0298889 0.998452 0.0469131 2.11571 0.998999 0.0314016 -0.0318455 17.6297 
-0.03129 0.0456748 -0.998466 -67.896 -0.0301478 0.998458 0.0466191 2.1514 0.999056 0.0315603 -0.0298648 17.5742 
-0.0302615 0.0453402 -0.998513 -69.0674 -0.0320926 0.998412 0.0463082 2.19432 0.999027 0.0334463 -0.0287583 17.512 
-0.029397 0.046109 -0.998504 -70.2473 -0.0333627 0.998334 0.0470834 2.23157 0.999011 0.0346969 -0.0278097 17.4544 
-0.028205 0.0455459 -0.998564 -71.4327 -0.0343004 0.998329 0.0465041 2.27306 0.999014 0.0355629 -0.0265956 17.3961 
-0.026942 0.0435488 -0.998688 -72.6192 -0.0346428 0.99841 0.0444713 2.31063 0.999037 0.0357956 -0.0253905 17.3377 
-0.026366 0.0425283 -0.998747 -73.8039 -0.0333946 0.9985 0.0433993 2.34397 0.999094 0.0344971 -0.0249062 17.2863 
-0.0260097 0.0421177 -0.998774 -74.9914 -0.0302961 0.99862 0.0429002 2.38269 0.999203 0.0313748 -0.0246978 17.2391 
-0.0257896 0.0431545 -0.998736 -76.1774 -0.0276741 0.998654 0.0438656 2.41368 0.999284 0.0287704 -0.0245606 17.1943 
-0.0256675 0.0461344 -0.998605 -77.3627 -0.0271168 0.998535 0.0468281 2.44781 0.999303 0.028281 -0.0243789 17.142 
-0.0252708 0.0496456 -0.998447 -78.5477 -0.0296425 0.99829 0.050388 2.48285 0.999241 0.0308699 -0.0237559 17.0891 
-0.0245668 0.0496083 -0.998467 -79.7227 -0.0318172 0.998223 0.0503791 2.51961 0.999192 0.0330061 -0.0229448 17.0339 
-0.0240837 0.0476415 -0.998574 -80.9032 -0.0332782 0.998272 0.0484297 2.55801 0.999156 0.0343971 -0.0224567 16.9786 
-0.0237479 0.0452644 -0.998693 -82.0723 -0.0329611 0.998396 0.0460347 2.59183 0.999175 0.0340113 -0.0222178 16.928 
-0.0239096 0.0447707 -0.998711 -83.2467 -0.030759 0.998491 0.0454972 2.62507 0.999241 0.0318073 -0.0224964 16.8832 
-0.0237943 0.0465328 -0.998633 -84.4206 -0.0291572 0.998459 0.0472194 2.65576 0.999292 0.030241 -0.0224009 16.8373 
-0.0232787 0.0493821 -0.998509 -85.6085 -0.0290741 0.998323 0.0500508 2.69431 0.999306 0.0301959 -0.0218039 16.7829 
-0.0227215 0.0515083 -0.998414 -86.7787 -0.0292029 0.998212 0.0521625 2.73446 0.999315 0.0303419 -0.0211767 16.7354 
-0.0227401 0.0518022 -0.998398 -87.9436 -0.0306836 0.99815 0.0524882 2.77199 0.99927 0.0318281 -0.0211086 16.6866 
-0.0226804 0.0496473 -0.998509 -89.1156 -0.0301619 0.998278 0.0503209 2.81337 0.999288 0.0312583 -0.0211439 16.6441 
-0.0224654 0.048215 -0.998584 -90.2878 -0.028133 0.99841 0.0488396 2.85341 0.999352 0.0291904 -0.0210732 16.604 
-0.0226807 0.0492254 -0.99853 -91.4645 -0.0268042 0.998398 0.0498278 2.89157 0.999383 0.027895 -0.0213249 16.5632 
-0.0223763 0.0523046 -0.99838 -92.6473 -0.024619 0.998299 0.0528521 2.92979 0.999446 0.0257618 -0.0210506 16.5168 
-0.022411 0.0547165 -0.99825 -93.8308 -0.0231803 0.998204 0.0552344 2.97681 0.99948 0.0243777 -0.0211024 16.4723 
-0.0218924 0.0566571 -0.998154 -95.0049 -0.0236698 0.998084 0.0571723 3.01739 0.99948 0.0248777 -0.0205094 16.4259 
-0.0215755 0.0585013 -0.998054 -96.1793 -0.0262697 0.997909 0.0590606 3.06403 0.999422 0.0274929 -0.0199935 16.3749 
-0.0214492 0.0576767 -0.998105 -97.3513 -0.0282982 0.9979 0.058273 3.11031 0.999369 0.0294945 -0.019772 16.3353 
-0.0216552 0.0536852 -0.998323 -98.5133 -0.0306537 0.998052 0.0543356 3.15588 0.999295 0.031779 -0.0199674 16.2869 
-0.0216999 0.0518201 -0.998421 -99.6813 -0.0317017 0.998118 0.0524934 3.20359 0.999262 0.0327908 -0.0200162 16.2464 
-0.0217843 0.0501297 -0.998505 -100.849 -0.0314771 0.998213 0.0508017 3.24852 0.999267 0.0325367 -0.0201675 16.2046 
-0.0219543 0.050526 -0.998481 -102.01 -0.0303098 0.998229 0.0511797 3.29308 0.999299 0.0313875 -0.020384 16.1646 
-0.0222715 0.0527013 -0.998362 -103.173 -0.0300825 0.998122 0.0533598 3.33438 0.999299 0.0312217 -0.0206443 16.1215 
-0.0224873 0.0549893 -0.998234 -104.33 -0.0289516 0.998032 0.0556303 3.37612 0.999328 0.0301515 -0.020851 16.0799 
-0.0232089 0.0537794 -0.998283 -105.496 -0.0325639 0.997982 0.0545202 3.42503 0.9992 0.0337734 -0.0214108 16.0294 
-0.0235225 0.0549024 -0.998215 -106.667 -0.036627 0.997773 0.0557413 3.47403 0.999052 0.0378728 -0.0214592 15.9756 
-0.0238708 0.0540252 -0.998254 -107.831 -0.0401547 0.997681 0.0549544 3.52018 0.998908 0.0413964 -0.0216461 15.9227 
-0.0240257 0.0499523 -0.998463 -109.023 -0.0407951 0.99787 0.0509043 3.57118 0.998879 0.0419554 -0.0219367 15.8694 
-0.0247588 0.0460238 -0.998634 -110.199 -0.0410607 0.99805 0.0470149 3.61521 0.99885 0.0421687 -0.0228208 15.8195 
-0.0256871 0.0450819 -0.998653 -111.4 -0.0372208 0.998247 0.046021 3.66034 0.998977 0.0383529 -0.023964 15.7648 
-0.0262341 0.0443721 -0.998671 -112.612 -0.032445 0.99845 0.0452147 3.70367 0.999129 0.0335881 -0.0247538 15.7201 
-0.027087 0.0462654 -0.998562 -113.829 -0.0316582 0.998388 0.0471161 3.74553 0.999132 0.032889 -0.0255787 15.6764 
-0.0278233 0.0500551 -0.998359 -115.068 -0.0306507 0.998233 0.050903 3.79152 0.999143 0.0320167 -0.02624 15.6189 
-0.0285866 0.0500989 -0.998335 -116.31 -0.0292093 0.998275 0.0509322 3.84122 0.999165 0.0306167 -0.027074 15.5696 
-0.0295645 0.0454585 -0.998529 -117.556 -0.0288554 0.99851 0.046312 3.89197 0.999146 0.0301821 -0.0282087 15.5163 
-0.030604 0.0416943 -0.998662 -118.81 -0.0289793 0.998673 0.0425829 3.93598 0.999111 0.0302438 -0.0293551 15.4571 
-0.0316615 0.0402881 -0.998686 -120.049 -0.027867 0.998763 0.0411747 3.97493 0.99911 0.0291341 -0.0304997 15.3976 
-0.0322831 0.0414863 -0.998617 -121.299 -0.0298024 0.998654 0.0424513 4.01366 0.999034 0.0311317 -0.0310033 15.331 
-0.0329169 0.0460651 -0.998396 -122.553 -0.0344716 0.998291 0.0471968 4.05205 0.998863 0.03597 -0.0312727 15.2643 
-0.0328873 0.0490672 -0.998254 -123.827 -0.0400562 0.997927 0.0503708 4.09833 0.998656 0.0416428 -0.0308536 15.1809 
-0.0333781 0.0484899 -0.998266 -125.088 -0.0467816 0.997652 0.0500242 4.14643 0.998347 0.0483702 -0.0310313 15.1117 
-0.0335819 0.0464655 -0.998355 -126.357 -0.0499923 0.99759 0.0481115 4.18852 0.998185 0.0515258 -0.031178 15.0451 
-0.0342615 0.0451615 -0.998392 -127.63 -0.0520961 0.99754 0.0469108 4.23148 0.998054 0.0536196 -0.0318245 14.9761 
-0.0353433 0.0446617 -0.998377 -128.899 -0.052364 0.997546 0.0464783 4.26985 0.998002 0.0539218 -0.0329179 14.9142 
-0.0359936 0.0437895 -0.998392 -130.161 -0.0498488 0.997717 0.045557 4.30815 0.998108 0.0514084 -0.0337286 14.8508 
-0.0364674 0.0443015 -0.998352 -131.435 -0.0497094 0.9977 0.0460883 4.35044 0.998098 0.0513083 -0.0341813 14.7836 
-0.037219 0.0491704 -0.998097 -132.716 -0.0491022 0.997492 0.0509717 4.39701 0.9981 0.0509059 -0.0347113 14.7118 
-0.0380872 0.0532635 -0.997854 -133.995 -0.0475641 0.99735 0.0550521 4.44204 0.998142 0.0495588 -0.0354528 14.6486 
-0.0382611 0.0519239 -0.997918 -135.261 -0.0482884 0.997386 0.0537477 4.49198 0.9981 0.0502443 -0.0356538 14.5795 
-0.0377407 0.0504659 -0.998012 -136.516 -0.0477645 0.997491 0.0522458 4.54249 0.998145 0.0496414 -0.0352355 14.5103 
-0.0368037 0.0500105 -0.99807 -137.771 -0.0469017 0.99756 0.0517145 4.58489 0.998221 0.0487145 -0.0343683 14.4455 
-0.0363576 0.049276 -0.998123 -139.024 -0.0472569 0.997582 0.0509707 4.62973 0.998221 0.0490214 -0.0339411 14.3848 
-0.0360956 0.0511317 -0.998039 -140.299 -0.0473015 0.997484 0.0528139 4.68106 0.998228 0.0491152 -0.0335862 14.3308 
-0.0354896 0.0548722 -0.997863 -141.564 -0.0481235 0.997239 0.0565495 4.72711 0.998211 0.0500276 -0.032751 14.2647 
-0.0342465 0.0558657 -0.997851 -142.83 -0.0497246 0.997105 0.0575305 4.77778 0.998176 0.051588 -0.0313694 14.1987 
-0.0335287 0.053059 -0.998028 -144.083 -0.0516464 0.997164 0.054748 4.82778 0.998102 0.0533802 -0.0306933 14.1312 
-0.0337007 0.0500505 -0.998178 -145.333 -0.0503585 0.997392 0.0517113 4.87652 0.998162 0.0520095 -0.0310923 14.0672 
-0.0338656 0.048455 -0.998251 -146.587 -0.0478264 0.997601 0.0500459 4.92347 0.998281 0.0494377 -0.031467 14.0114 
-0.034295 0.0479505 -0.998261 -147.834 -0.046289 0.9977 0.0495138 4.9663 0.998339 0.0479066 -0.0319965 13.9505 
-0.0345546 0.0482687 -0.998237 -149.096 -0.0438965 0.997796 0.0497669 5.00931 0.998438 0.0455388 -0.0323596 13.8893 
-0.0350034 0.0469635 -0.998283 -150.34 -0.0419873 0.997944 0.0484198 5.0495 0.998505 0.0436101 -0.0329595 13.8305 
-0.0351284 0.047029 -0.998276 -151.589 -0.0409857 0.997984 0.0484575 5.09286 0.998542 0.0426173 -0.03313 13.766 
-0.0358805 0.0497648 -0.998116 -152.83 -0.0387011 0.997941 0.0511473 5.13584 0.998606 0.0404634 -0.0338807 13.7097 
-0.0363872 0.0510293 -0.998034 -154.077 -0.0361201 0.997976 0.0523432 5.18317 0.998685 0.0379538 -0.0344704 13.6527 
-0.0369506 0.0499491 -0.998068 -155.301 -0.033818 0.998116 0.0512035 5.22225 0.998745 0.0356447 -0.0351918 13.5946 
-0.0379732 0.0498777 -0.998033 -156.533 -0.0347156 0.998085 0.0512012 5.27044 0.998676 0.0365917 -0.036169 13.5295 
-0.038119 0.0544859 -0.997787 -157.78 -0.0354153 0.997811 0.0558403 5.31854 0.998645 0.0374655 -0.036106 13.4596 
-0.0377142 0.0604961 -0.997456 -159.031 -0.040392 0.997258 0.0620113 5.37396 0.998472 0.0426279 -0.0351673 13.3838 
-0.0369699 0.060146 -0.997505 -160.258 -0.0448827 0.99708 0.0617839 5.43211 0.998308 0.0470549 -0.0341624 13.3119 
-0.035986 0.0562425 -0.997768 -161.496 -0.0485073 0.99714 0.0579565 5.48742 0.998174 0.0504847 -0.0331549 13.2452 
-0.0343222 0.0506258 -0.998128 -162.731 -0.0506054 0.997347 0.0523263 5.54042 0.998129 0.0523066 -0.0316692 13.1719 
-0.0329963 0.0486299 -0.998272 -163.991 -0.05307 0.997321 0.0503378 5.59481 0.998046 0.0546393 -0.0303272 13.0878 
-0.031731 0.0457309 -0.99845 -165.218 -0.0476366 0.997748 0.0472127 5.63534 0.998361 0.0490609 -0.0294811 13.0288 
-0.0314057 0.0411654 -0.998659 -166.438 -0.0444769 0.998104 0.0425412 5.67688 0.998517 0.0457533 -0.0295152 12.9662 
-0.0317781 0.0377945 -0.99878 -167.668 -0.0377868 0.998525 0.0389871 5.71438 0.99878 0.0389797 -0.0303031 12.9155 
-0.0333645 0.0408938 -0.998606 -168.904 -0.0353469 0.998489 0.04207 5.74801 0.998818 0.0367013 -0.0318686 12.8641 
-0.0328361 0.0473712 -0.998338 -170.153 -0.0357338 0.998182 0.0485391 5.78195 0.998822 0.0372683 -0.0310836 12.8033 
-0.0316766 0.0503502 -0.998229 -171.388 -0.0374948 0.997968 0.0515269 5.82504 0.998795 0.0390606 -0.0297243 12.7474 
-0.0299493 0.0469671 -0.998447 -172.623 -0.0384941 0.9981 0.0481054 5.87172 0.99881 0.0398751 -0.0280845 12.6879 
-0.0300012 0.0467963 -0.998454 -173.864 -0.0405778 0.998023 0.0479953 5.91551 0.998726 0.0419551 -0.028043 12.6404 
-0.029158 0.0480267 -0.99842 -175.084 -0.0388098 0.998038 0.0491417 5.95087 0.998821 0.0401814 -0.0272368 12.5888 
-0.0285571 0.0460399 -0.998531 -176.284 -0.0387992 0.998135 0.0471313 5.98877 0.998839 0.0400882 -0.0267175 12.5317 
-0.0266877 0.0442502 -0.998664 -177.494 -0.0389905 0.998214 0.0452722 6.03096 0.998883 0.0401467 -0.0249147 12.4691 
-0.024937 0.0461395 -0.998624 -178.657 -0.0407568 0.998057 0.0471311 6.06016 0.998858 0.041876 -0.0230081 12.4132 
-0.0236465 0.0480545 -0.998565 -179.804 -0.0408911 0.997962 0.0489938 6.08679 0.998884 0.041991 -0.0216333 12.3631 
-0.0234314 0.0493395 -0.998507 -180.903 -0.0415416 0.997871 0.0502829 6.11596 0.998862 0.0426578 -0.0213319 12.3215 
-0.0233836 0.0504888 -0.998451 -181.98 -0.0420731 0.997789 0.0514407 6.14377 0.998841 0.0432108 -0.0212077 12.2776 
-0.0235659 0.0515307 -0.998393 -183.047 -0.0415481 0.997757 0.0524786 6.17244 0.998859 0.0427181 -0.021372 12.2297 
-0.0231053 0.0507241 -0.998445 -184.079 -0.0414754 0.997804 0.0516513 6.20173 0.998872 0.0426044 -0.0209508 12.1863 
-0.0218396 0.0505477 -0.998483 -185.07 -0.0420158 0.997792 0.0514318 6.2288 0.998878 0.0430754 -0.0196676 12.1466 
-0.0205396 0.0513245 -0.998471 -186.032 -0.0426949 0.997725 0.0521645 6.25698 0.998877 0.043701 -0.0183016 12.1084 
-0.0213109 0.0498767 -0.998528 -186.99 -0.041123 0.997866 0.0507213 6.28221 0.998927 0.0421434 -0.0192143 12.0697 
-0.024066 0.0467821 -0.998615 -187.953 -0.0389959 0.9981 0.0476978 6.31389 0.99895 0.0400898 -0.022196 12.0209 
-0.0291664 0.0431373 -0.998643 -188.894 -0.0387813 0.998267 0.0442537 6.34082 0.998822 0.0400195 -0.0274429 11.9745 
-0.0347839 0.0398908 -0.998598 -189.833 -0.040396 0.99833 0.0412872 6.3714 0.998578 0.0417755 -0.0331144 11.9323 
-0.0390101 0.0388112 -0.998485 -190.762 -0.042187 0.998291 0.0404519 6.39767 0.998348 0.0437011 -0.0373061 11.8797 
-0.042417 0.0395687 -0.998316 -191.685 -0.0440193 0.998171 0.0414332 6.41765 0.99813 0.0457027 -0.0405976 11.827 
-0.0447079 0.0412611 -0.998148 -192.631 -0.0425502 0.998161 0.0431676 6.44557 0.998094 0.0444014 -0.0428701 11.7734 
-0.0466964 0.042918 -0.997987 -193.571 -0.0392672 0.998226 0.0447656 6.47039 0.998137 0.0412786 -0.0449282 11.7212 
-0.0487039 0.0435544 -0.997863 -194.496 -0.0374395 0.998267 0.0453994 6.4934 0.998111 0.0395707 -0.0469888 11.6704 
-0.0497477 0.0424113 -0.997861 -195.416 -0.0374764 0.998315 0.044299 6.51959 0.998058 0.0396001 -0.0480745 11.6084 
-0.0504903 0.040954 -0.997885 -196.316 -0.0391922 0.998308 0.0429544 6.54704 0.997955 0.0412781 -0.0487998 11.539 
-0.0505417 0.040235 -0.997911 -197.22 -0.0430877 0.99817 0.0424278 6.57028 0.997792 0.0451421 -0.0487156 11.473 
-0.0499531 0.0381256 -0.998024 -198.134 -0.0455395 0.998145 0.0404096 6.5977 0.997713 0.0474682 -0.0481242 11.4093 
-0.0490657 0.0356681 -0.998159 -199.046 -0.0458393 0.998229 0.0379239 6.61739 0.997743 0.0476157 -0.0473438 11.3481 
-0.0490057 0.0330519 -0.998252 -199.957 -0.0458942 0.998322 0.0353072 6.63913 0.997744 0.0475442 -0.0474066 11.2902 
-0.0483929 0.0324232 -0.998302 -200.883 -0.0461494 0.998333 0.0346614 6.66365 0.997762 0.0477485 -0.0468159 11.2264 
-0.0480507 0.035127 -0.998227 -201.815 -0.0436063 0.998355 0.0372305 6.68717 0.997893 0.045318 -0.0464399 11.169 
-0.0481228 0.036606 -0.99817 -202.758 -0.0430425 0.998324 0.0386867 6.70555 0.997914 0.0448255 -0.0464665 11.1062 
-0.0471276 0.0328322 -0.998349 -203.696 -0.038634 0.998652 0.0346659 6.7298 0.998142 0.040204 -0.0457956 11.043 
-0.0469087 0.0297154 -0.998457 -204.634 -0.0371349 0.998815 0.0314707 6.75346 0.998209 0.0385539 -0.0457496 10.9846 
-0.0464689 0.0299799 -0.99847 -205.584 -0.0417204 0.998619 0.031926 6.77717 0.998048 0.0431402 -0.0451539 10.918 
-0.045307 0.0339547 -0.998396 -206.545 -0.0432798 0.998417 0.0359194 6.79431 0.998035 0.0448378 -0.0437657 10.8547 
-0.0433464 0.0334572 -0.9985 -207.507 -0.0408383 0.998544 0.0352316 6.81858 0.998225 0.0423042 -0.041917 10.7977 
-0.0413046 0.0345696 -0.998548 -208.475 -0.0394396 0.998566 0.0362016 6.84739 0.998368 0.0408777 -0.0398819 10.7418 
-0.0395057 0.0394069 -0.998442 -209.464 -0.0403606 0.998344 0.041 6.87492 0.998404 0.0419175 -0.0378497 10.6801 
-0.0373988 0.0432268 -0.998365 -210.462 -0.0373364 0.998306 0.0446229 6.90697 0.998603 0.0389442 -0.0357215 10.6205 
-0.0365284 0.0437745 -0.998373 -211.456 -0.0368374 0.998302 0.0451192 6.93786 0.998653 0.0384256 -0.0348538 10.5732 
-0.0345958 0.0442734 -0.99842 -212.465 -0.0400878 0.998153 0.0456506 6.97209 0.998597 0.0416038 -0.0327571 10.518 
-0.0320023 0.0459013 -0.998433 -213.483 -0.0430175 0.997956 0.0472582 7.00666 0.998562 0.0444625 -0.0299623 10.4647 
-0.0282538 0.0461206 -0.998536 -214.512 -0.0442831 0.997897 0.047344 7.04057 0.998619 0.045556 -0.026152 10.4127 
-0.0252805 0.0436292 -0.998728 -215.541 -0.0471603 0.997883 0.044786 7.07393 0.998567 0.0482326 -0.0231694 10.3599 
-0.0227077 0.040216 -0.998933 -216.58 -0.0471222 0.998037 0.0412511 7.1094 0.998631 0.0480086 -0.020768 10.3214 
-0.0210225 0.0394045 -0.999002 -217.62 -0.0468019 0.998089 0.0403534 7.14033 0.998683 0.0476035 -0.0191381 10.2812 
-0.019652 0.0412955 -0.998954 -218.667 -0.0470103 0.998003 0.042181 7.17234 0.998701 0.0477901 -0.0176714 10.2444 
-0.0182606 0.0448542 -0.998827 -219.735 -0.0490928 0.997748 0.0457033 7.20269 0.998627 0.0498698 -0.0160175 10.2024 
-0.016645 0.0443408 -0.998878 -220.798 -0.0491744 0.997771 0.0451111 7.23611 0.998652 0.0498701 -0.0144274 10.1595 
-0.0155236 0.0417743 -0.999007 -221.868 -0.0482005 0.997934 0.0424785 7.26722 0.998717 0.048812 -0.013478 10.1206 
-0.0155555 0.0389379 -0.999121 -222.943 -0.045976 0.998157 0.0396162 7.29926 0.998821 0.0465519 -0.0137366 10.0848 
-0.0156803 0.0379703 -0.999156 -224.028 -0.0442192 0.998275 0.0386307 7.32782 0.998899 0.0447877 -0.0139743 10.0507 
-0.0155112 0.036937 -0.999197 -225.131 -0.0443506 0.998309 0.0375926 7.35877 0.998896 0.0448982 -0.0138468 10.0127 
-0.0153394 0.0369617 -0.999199 -226.238 -0.0446109 0.998296 0.0376131 7.38686 0.998887 0.0451522 -0.0136644 9.9791 
-0.0155891 0.0379673 -0.999157 -227.353 -0.0471228 0.998141 0.0386639 7.41561 0.998767 0.0476859 -0.013771 9.94093 
-0.016083 0.0400237 -0.999069 -228.477 -0.0476069 0.998035 0.0407486 7.44909 0.998737 0.048218 -0.014146 9.90316 
-0.0169864 0.0416973 -0.998986 -229.617 -0.0478811 0.99795 0.0424683 7.48374 0.998709 0.048554 -0.0149551 9.86178 
-0.0177871 0.0433536 -0.998901 -230.77 -0.0489872 0.997822 0.0441791 7.52299 0.998641 0.0497193 -0.0156245 9.82308 
-0.0188131 0.0442855 -0.998842 -231.925 -0.0513977 0.997655 0.045201 7.56114 0.998501 0.0521886 -0.0164928 9.7786 
-0.0195073 0.0429988 -0.998885 -233.081 -0.0536636 0.99759 0.043991 7.59831 0.998369 0.0544619 -0.0171528 9.72335 
-0.0206085 0.038575 -0.999043 -234.24 -0.0519455 0.997864 0.0396011 7.6317 0.998437 0.052712 -0.0185607 9.679 
-0.0219118 0.0324688 -0.999233 -235.405 -0.049112 0.998231 0.0335132 7.66382 0.998553 0.0498087 -0.0202785 9.6314 
-0.0238772 0.0281176 -0.999319 -236.59 -0.0444716 0.998585 0.0291595 7.69246 0.998725 0.0451376 -0.022593 9.58523 
-0.0261128 0.0284241 -0.999255 -237.782 -0.038239 0.998836 0.0294114 7.71519 0.998927 0.0389786 -0.0249954 9.54045 
-0.028629 0.0325847 -0.999059 -238.995 -0.0338925 0.998862 0.0335495 7.73903 0.999015 0.0348211 -0.027492 9.49435 
-0.0305533 0.0351311 -0.998916 -240.214 -0.0316236 0.998848 0.036096 7.76299 0.999033 0.0326922 -0.0294071 9.43682 
-0.0324979 0.0346368 -0.998871 -241.424 -0.0299428 0.998917 0.0356126 7.79017 0.999023 0.0310664 -0.0314256 9.37456 
-0.034717 0.0353077 -0.998773 -242.635 -0.0302678 0.99888 0.0363636 7.82112 0.998939 0.0314932 -0.0336094 9.30805 
-0.0369143 0.0368661 -0.998638 -243.854 -0.0292351 0.998852 0.0379546 7.8504 0.998891 0.0305964 -0.0357941 9.24752 
-0.0390759 0.0364248 -0.998572 -245.082 -0.0281477 0.998899 0.0375382 7.88177 0.99884 0.0295744 -0.0380076 9.17588 
-0.0412917 0.0349821 -0.998535 -246.305 -0.0282338 0.998947 0.036164 7.91172 0.998748 0.0296857 -0.0402605 9.09999 
-0.0435428 0.0347073 -0.998449 -247.537 -0.0279375 0.998963 0.0359435 7.94025 0.998661 0.0294592 -0.0425281 9.02403 
-0.0459495 0.0356158 -0.998309 -248.779 -0.0282539 0.998918 0.036938 7.9711 0.998544 0.0299034 -0.0448935 8.94419 
-0.0480968 0.0361335 -0.998189 -250.027 -0.0286238 0.998885 0.0375379 7.99533 0.998432 0.0303775 -0.0470089 8.85499 
-0.0506923 0.0369803 -0.998029 -251.285 -0.0299717 0.998808 0.0385315 8.02704 0.998265 0.0318659 -0.0495235 8.76922 
-0.0531429 0.0386413 -0.997839 -252.548 -0.031516 0.998688 0.0403527 8.05897 0.99809 0.0335924 -0.0518553 8.6827 
-0.0544569 0.0394266 -0.997737 -253.813 -0.0331601 0.998598 0.0412705 8.09003 0.997965 0.0353326 -0.0530732 8.58727 
-0.0555895 0.0396642 -0.997666 -255.084 -0.0356463 0.998495 0.0416833 8.12383 0.997817 0.0378802 -0.0540919 8.4936 
-0.055504 0.0397762 -0.997666 -256.362 -0.0363545 0.998463 0.0418306 8.15826 0.997796 0.0385914 -0.0539727 8.39233 
-0.0559021 0.0385663 -0.997691 -257.631 -0.0351906 0.998557 0.0405716 8.19282 0.997816 0.0373774 -0.0544642 8.30623 
-0.0558399 0.0377562 -0.997726 -258.882 -0.0321851 0.998697 0.0395943 8.22155 0.997921 0.0343229 -0.054552 8.21755 
-0.0562756 0.0375869 -0.997708 -260.151 -0.0309669 0.998745 0.0393726 8.25125 0.997935 0.0331117 -0.0550411 8.12522 
-0.0563546 0.0379514 -0.997689 -261.408 -0.0306804 0.99874 0.0397243 8.28191 0.997939 0.0328482 -0.0551192 8.03193 
-0.0562811 0.0380621 -0.997689 -262.677 -0.0297281 0.998766 0.0397802 8.30767 0.997972 0.0318983 -0.0550802 7.94267 
-0.0560648 0.0386832 -0.997678 -263.956 -0.0295595 0.998747 0.0403858 8.34098 0.99799 0.0317551 -0.0548511 7.84767 
-0.0561421 0.0398367 -0.997628 -265.235 -0.0269849 0.998778 0.0414012 8.37164 0.998058 0.0292452 -0.0549985 7.75789 
-0.0564727 0.0423964 -0.997504 -266.499 -0.0225513 0.998789 0.0437277 8.40226 0.998149 0.0249645 -0.0554482 7.67733 
-0.0568655 0.046119 -0.997316 -267.739 -0.0190514 0.998701 0.0472693 8.43133 0.9982 0.0216883 -0.055913 7.59052 
-0.0568395 0.048755 -0.997192 -268.988 -0.0170998 0.998613 0.0497992 8.46665 0.998237 0.0198824 -0.0559269 7.50237 
-0.0566602 0.0471307 -0.99728 -270.227 -0.0176275 0.998682 0.0481985 8.50431 0.998238 0.0203105 -0.0557547 7.40897 
-0.0566612 0.0454832 -0.997357 -271.456 -0.0202548 0.998704 0.0466953 8.54339 0.998188 0.0228471 -0.0556665 7.31311 
-0.0571571 0.0483049 -0.997196 -272.698 -0.0260006 0.998418 0.0498544 8.58468 0.998027 0.0287773 -0.0558107 7.21155 
-0.0571972 0.0540707 -0.996898 -273.941 -0.031123 0.99795 0.0559135 8.62609 0.997878 0.0342246 -0.0553971 7.11059 
-0.056959 0.0532762 -0.996954 -275.171 -0.0353348 0.997842 0.0553424 8.6748 0.997751 0.0383794 -0.0549535 7.0108 
-0.0566243 0.0464388 -0.997315 -276.409 -0.0347894 0.998219 0.0484562 8.71999 0.997789 0.0374399 -0.0549078 6.91773 
-0.0574274 0.0411314 -0.997502 -277.627 -0.0317788 0.998569 0.043005 8.75646 0.997844 0.0341691 -0.0560381 6.83255 
-0.0576006 0.0402739 -0.997527 -278.856 -0.0257923 0.998792 0.0418143 8.79074 0.998007 0.0281371 -0.0564923 6.75224 
-0.0567131 0.0422919 -0.997494 -280.079 -0.0226239 0.998791 0.0436332 8.81816 0.998134 0.0250418 -0.0556878 6.66493 
-0.0548155 0.0438116 -0.997535 -281.294 -0.0216258 0.998751 0.0450533 8.86694 0.998262 0.0240421 -0.0537995 6.55826 
-0.0535286 0.0462788 -0.997493 -282.557 -0.0228749 0.998607 0.047558 8.89828 0.998304 0.0253633 -0.0523954 6.46142 
-0.0525408 0.047742 -0.997477 -283.782 -0.0241483 0.998504 0.0490632 8.9326 0.998327 0.0266652 -0.0513093 6.37368 
-0.0518847 0.0486799 -0.997466 -285.016 -0.0248004 0.99844 0.0500175 8.97131 0.998345 0.0273328 -0.0505965 6.28843 
-0.05115 0.0482227 -0.997526 -286.248 -0.0244336 0.998474 0.0495214 9.00638 0.998392 0.0269062 -0.0498937 6.20299 
-0.0510229 0.0465633 -0.997611 -287.479 -0.0252576 0.998533 0.0478981 9.0465 0.998378 0.0276412 -0.0497719 6.12121 
-0.0509448 0.0455587 -0.997662 -288.705 -0.0254596 0.998575 0.0469005 9.0814 0.998377 0.0277894 -0.0497123 6.03915 
-0.0510835 0.0451029 -0.997675 -289.939 -0.0255814 0.998593 0.0464542 9.12073 0.998367 0.0278951 -0.0498579 5.9597 
-0.0509885 0.0449979 -0.997685 -291.169 -0.0257851 0.998592 0.0463566 9.15495 0.998366 0.0280891 -0.0497565 5.87891 
-0.0508739 0.0453773 -0.997674 -292.403 -0.0265587 0.998553 0.0467716 9.19136 0.998352 0.0288764 -0.0495951 5.79037 
-0.0509007 0.0455157 -0.997666 -293.64 -0.0259047 0.998565 0.0468783 9.22894 0.998368 0.0282304 -0.0496485 5.71461 
-0.051055 0.0440711 -0.997723 -294.868 -0.0255677 0.998641 0.04542 9.26009 0.998369 0.0278285 -0.0498588 5.63249 
-0.0511478 0.041549 -0.997826 -296.103 -0.0248781 0.998771 0.0428636 9.29102 0.998381 0.0270165 -0.0500513 5.55169 
-0.0513724 0.0385671 -0.997935 -297.329 -0.0258961 0.998867 0.0399362 9.32467 0.998344 0.0278943 -0.0503154 5.45992 
-0.0515375 0.0371284 -0.997981 -298.555 -0.0274285 0.998879 0.0385783 9.35456 0.998294 0.0293614 -0.0504613 5.36408 
-0.0516726 0.0371092 -0.997974 -299.801 -0.0308963 0.998772 0.0387386 9.38566 0.998186 0.0328355 -0.0504626 5.26492 
-0.0517255 0.0380301 -0.997937 -301.039 -0.0342019 0.998621 0.0398289 9.41608 0.998076 0.0361915 -0.0503534 5.1663 
-0.0520237 0.0389096 -0.997888 -302.282 -0.0378459 0.998446 0.0409045 9.4475 0.997929 0.039894 -0.0504703 5.06898 
-0.0523981 0.0388706 -0.99787 -303.516 -0.0394151 0.998383 0.0409603 9.47876 0.997848 0.0414774 -0.0507813 4.97986 
-0.0528515 0.0367933 -0.997924 -304.753 -0.0392954 0.99847 0.0388946 9.50711 0.997829 0.0412695 -0.0513249 4.89241 
-0.0536189 0.0346245 -0.997961 -305.999 -0.0368745 0.998648 0.0366296 9.53883 0.99788 0.0387633 -0.0522696 4.80744 
-0.0544407 0.0342827 -0.997928 -307.257 -0.0341511 0.998762 0.0361744 9.56953 0.997933 0.0360497 -0.0532025 4.71973 
-0.0557849 0.036168 -0.997788 -308.523 -0.0319212 0.998768 0.0379882 9.60124 0.997932 0.0339697 -0.0545617 4.6411 
