1 2.12261e-08 -2.11895e-08 0 2.12261e-08 1 2.10703e-08 0 -2.11895e-08 2.10703e-08 1 0 
0.999998 0.000841265 0.00174608 -0.00867354 -0.000839827 0.999999 -0.000799608 -0.00653882 -0.00174679 0.000798182 0.999998 0.449078 
0.999992 0.00205967 0.0035508 -0.0142644 -0.00205299 0.999996 -0.0018724 -0.0118794 -0.00355468 0.00186514 0.999992 0.914654 
0.99998 0.0034914 0.00526851 -0.0220664 -0.0034781 0.999991 -0.00252257 -0.0176392 -0.00527731 0.00250424 0.999983 1.39345 
0.999971 0.00345291 0.00674387 -0.0271399 -0.00343517 0.999991 -0.00263391 -0.0236449 -0.00675295 0.00261071 0.999974 1.88396 
0.999961 0.00298636 0.0083267 -0.0298268 -0.00296682 0.999993 -0.00235247 -0.0315698 -0.00833371 0.00232771 0.999963 2.38626 
0.999946 0.00241299 0.0101267 -0.0312386 -0.0024005 0.999996 -0.00124146 -0.0397126 -0.0101297 0.00121713 0.999948 2.89404 
0.999927 0.00246112 0.0117944 -0.035966 -0.00246446 0.999997 0.000271878 -0.0468248 -0.0117937 -0.000300883 0.99993 3.40588 
0.999917 0.0029486 0.0125516 -0.0385759 -0.00296604 0.999995 0.00137502 -0.05435 -0.0125476 -0.00141209 0.99992 3.92048 
0.999904 0.00388994 0.013306 -0.0422989 -0.00390785 0.999992 0.00132292 -0.0622985 -0.0133008 -0.00137475 0.999911 4.43398 
0.999887 0.00448531 0.0143419 -0.0456593 -0.00450021 0.999989 0.00101021 -0.070596 -0.0143373 -0.00107459 0.999897 4.95322 
0.999877 0.00449775 0.0150288 -0.0465057 -0.00451164 0.999989 0.000892873 -0.0784049 -0.0150247 -0.000960526 0.999887 5.47423 
0.999861 0.00556132 0.0157176 -0.0472065 -0.00556564 0.999985 0.000233953 -0.0856124 -0.0157161 -0.000321357 0.999876 6.00371 
0.999841 0.00638899 0.0166257 -0.0495376 -0.0063835 0.99998 -0.000380606 -0.0945502 -0.0166278 0.000274457 0.999862 6.52973 
0.999821 0.00726643 0.0174772 -0.0489837 -0.00725804 0.999974 -0.000541073 -0.102802 -0.0174807 0.000414168 0.999847 7.06887 
0.999802 0.00806667 0.0182128 -0.0481156 -0.00804714 0.999967 -0.00114297 -0.111358 -0.0182215 0.000996227 0.999834 7.60954 
0.999769 0.00906191 0.0194946 -0.0472884 -0.00903389 0.999958 -0.00152257 -0.120872 -0.0195076 0.00134615 0.999809 8.15778 
0.999695 0.0105005 0.0223689 -0.0454511 -0.010466 0.999944 -0.0016601 -0.128544 -0.0223851 0.00142552 0.999748 8.71136 
0.999597 0.0109268 0.0261866 -0.042131 -0.0108777 0.999939 -0.00201343 -0.135276 -0.026207 0.00172781 0.999655 9.2774 
0.999484 0.0110046 0.030189 -0.0325256 -0.010936 0.999937 -0.00243656 -0.144618 -0.030214 0.0021052 0.999541 9.84579 
0.999326 0.0107314 0.0350924 -0.0197996 -0.0106352 0.999939 -0.00292555 -0.156813 -0.0351217 0.0025504 0.99938 10.4255 
0.999097 0.0109302 0.041065 -0.00459202 -0.0108244 0.999938 -0.00279804 -0.166827 -0.0410931 0.00235105 0.999153 11.0118 
0.998837 0.0103577 0.0470917 0.0176974 -0.0102553 0.999945 -0.00241449 -0.176689 -0.0471141 0.00192878 0.998888 11.6037 
0.998526 0.0105481 0.053246 0.0396325 -0.0104001 0.999941 -0.00305596 -0.185668 -0.0532752 0.00249773 0.998577 12.207 
0.998188 0.00842653 0.0595795 0.0733559 -0.00819776 0.999958 -0.00408249 -0.195239 -0.0596115 0.00358671 0.998215 12.8172 
0.997801 0.00767468 0.0658365 0.105627 -0.00739953 0.999963 -0.00442152 -0.207204 -0.065868 0.00392467 0.997821 13.4399 
0.99735 0.0102369 0.0720339 0.143789 -0.00980927 0.999932 -0.00628697 -0.217964 -0.0720934 0.00556375 0.997382 14.0769 
0.996879 0.014459 0.0776078 0.200653 -0.0137348 0.999857 -0.00985687 -0.221313 -0.0777392 0.00876023 0.996935 14.7306 
0.996441 0.0113749 0.0835258 0.243105 -0.0105827 0.999895 -0.0099197 -0.234065 -0.0836299 0.0090005 0.996456 15.397 
0.9961 0.00387211 0.0881524 0.309236 -0.00324963 0.999969 -0.00720333 -0.243808 -0.0881776 0.00688881 0.996081 16.0843 
0.995654 -0.00182119 0.0931153 0.369147 0.00216551 0.999991 -0.00359638 -0.255582 -0.0931079 0.00378243 0.995649 16.779 
0.995244 -0.00118715 0.0974073 0.423992 0.00120199 0.999999 -9.32124e-05 -0.267642 -0.0974072 0.000209892 0.995245 17.4897 
0.995022 -0.00225941 0.0996257 0.485664 0.00227859 0.999997 -7.83692e-05 -0.276587 -0.0996253 0.000305026 0.995025 18.2238 
0.994981 -0.00570606 0.099901 0.549827 0.00593724 0.99998 -0.00201651 -0.277579 -0.0998876 0.00259957 0.994995 18.9584 
0.995117 -0.0122512 0.0979398 0.621986 0.0126853 0.999912 -0.00380962 -0.286476 -0.0978845 0.00503344 0.995185 19.7179 
0.99555 -0.0144758 0.0931203 0.679555 0.0149545 0.999878 -0.00444464 -0.293844 -0.0930446 0.00581746 0.995645 20.4838 
0.996228 -0.0143447 0.0855756 0.729046 0.0147692 0.999882 -0.00432922 -0.308796 -0.0855034 0.00557681 0.996322 21.2727 
0.996986 -0.0142639 0.0762557 0.773645 0.0144969 0.999892 -0.00250252 -0.318708 -0.0762118 0.00360049 0.997085 22.0818 
0.997672 -0.0144822 0.0666341 0.810144 0.0145453 0.999894 -0.000462015 -0.328264 -0.0666204 0.0014302 0.997777 22.9 
0.99825 -0.0131325 0.0576511 0.834451 0.013019 0.999913 0.00234547 -0.337522 -0.0576769 -0.00159077 0.998334 23.7309 
0.998687 -0.0128972 0.0495835 0.859559 0.0126871 0.999909 0.00455108 -0.34671 -0.0496378 -0.00391599 0.99876 24.5703 
0.999023 -0.0111877 0.0427461 0.874952 0.010967 0.999925 0.00539653 -0.355482 -0.0428033 -0.00492242 0.999071 25.4101 
0.999254 -0.0102059 0.0372366 0.887556 0.00999312 0.999933 0.00589675 -0.364813 -0.0372943 -0.00552021 0.999289 26.247 
0.999448 -0.00886826 0.0320244 0.894481 0.00867932 0.999944 0.00603545 -0.375454 -0.0320762 -0.00575413 0.999469 27.0824 
0.999601 -0.00855471 0.0269091 0.901321 0.00839908 0.999947 0.00589269 -0.387667 -0.0269581 -0.00566428 0.999621 27.9217 
0.999715 -0.00851548 0.0222988 0.899361 0.00839222 0.999949 0.00561731 -0.398439 -0.0223456 -0.00542853 0.999736 28.7578 
0.999815 -0.00731998 0.0177959 0.899403 0.00720961 0.999954 0.00626043 -0.409053 -0.0178409 -0.00613093 0.999822 29.5929 
0.999881 -0.00587002 0.0142742 0.889404 0.00577096 0.999959 0.00697359 -0.418179 -0.0143146 -0.00689034 0.999874 30.4255 
0.999929 -0.00334634 0.0114766 0.884084 0.00325727 0.999965 0.00777471 -0.427397 -0.0115022 -0.00773673 0.999904 31.2549 
0.999952 -0.00195728 0.00964774 0.88194 0.00188215 0.999968 0.00779482 -0.438799 -0.00966273 -0.00777625 0.999923 32.089 
0.99996 -0.0013318 0.00887933 0.867463 0.00126778 0.999973 0.00721641 -0.446169 -0.00888875 -0.00720482 0.999935 32.906 
0.999966 0.000875645 0.00816392 0.853293 -0.00092449 0.999982 0.00598643 -0.458138 -0.00815857 -0.00599373 0.999949 33.7136 
0.999965 0.003424 0.00761642 0.835939 -0.00346778 0.999978 0.00574828 -0.469173 -0.00759661 -0.00577445 0.999955 34.5198 
0.999964 0.00510891 0.00678384 0.825642 -0.00515158 0.999967 0.00629424 -0.478641 -0.0067515 -0.00632892 0.999957 35.3156 
0.999957 0.00691509 0.00612006 0.814415 -0.00695624 0.999953 0.00673569 -0.491511 -0.00607323 -0.00677793 0.999959 36.0982 
0.99995 0.00819117 0.00578129 0.801348 -0.00823125 0.999942 0.00695083 -0.50342 -0.00572406 -0.00699803 0.999959 36.8688 
0.999932 0.0103495 0.00537054 0.784439 -0.0103873 0.999921 0.00705887 -0.518607 -0.0052971 -0.00711413 0.999961 37.6263 
0.999906 0.0125807 0.00540623 0.771032 -0.0126208 0.999893 0.0074541 -0.52789 -0.00531191 -0.00752159 0.999958 38.3684 
0.99987 0.0150333 0.0058042 0.756099 -0.0150765 0.999858 0.00748562 -0.540115 -0.00569089 -0.00757211 0.999955 39.0905 
0.999802 0.0184758 0.00743628 0.739413 -0.0185306 0.999801 0.00737923 -0.547956 -0.00729851 -0.00751552 0.999945 39.7993 
0.999748 0.0200564 0.0101097 0.730171 -0.0201189 0.999779 0.00611703 -0.561129 -0.00998482 -0.00631884 0.99993 40.4903 
0.999667 0.0216578 0.0140556 0.724881 -0.0217334 0.99975 0.00525577 -0.574991 -0.0139383 -0.00555945 0.999887 41.1806 
0.999592 0.0212343 0.0191075 0.725747 -0.0213444 0.999757 0.00557793 -0.589278 -0.0189845 -0.00598345 0.999802 41.8536 
0.999451 0.0222199 0.0245778 0.727119 -0.0223699 0.999733 0.0058498 -0.59731 -0.0244413 -0.00639635 0.999681 42.5221 
0.999275 0.0223008 0.0308719 0.733951 -0.0225051 0.999727 0.00629031 -0.606446 -0.0307232 -0.00698048 0.999504 43.1738 
0.999033 0.0218461 0.0381439 0.752079 -0.0221276 0.999731 0.00697496 -0.61804 -0.0379813 -0.00781221 0.999248 43.8087 
0.998666 0.0219669 0.0467271 0.773456 -0.0223106 0.999728 0.00684767 -0.62759 -0.046564 -0.007881 0.998884 44.4252 
0.998101 0.0227121 0.0572595 0.798282 -0.0231297 0.99971 0.00664104 -0.636195 -0.0570921 -0.00795279 0.998337 45.0326 
0.997347 0.0223023 0.069288 0.834512 -0.0228093 0.999719 0.00653518 -0.645485 -0.0691228 -0.00809821 0.997575 45.6293 
0.996412 0.0210534 0.0819804 0.87543 -0.0216698 0.999743 0.00663721 -0.65501 -0.0818197 -0.00838985 0.996612 46.2121 
0.995266 0.020364 0.0950347 0.92635 -0.021038 0.99976 0.00609542 -0.663244 -0.0948878 -0.00806586 0.995455 46.7842 
0.993734 0.0202783 0.109914 0.986508 -0.0210874 0.999758 0.00620417 -0.672328 -0.109762 -0.00848307 0.993922 47.3484 
0.991775 0.020115 0.126406 1.05495 -0.0210998 0.999757 0.00645726 -0.678926 -0.126245 -0.00907126 0.991958 47.8974 
0.989331 0.0227704 0.143892 1.12866 -0.0238505 0.999699 0.00578591 -0.686138 -0.143717 -0.00915604 0.989577 48.4362 
0.986124 0.0212798 0.164643 1.22117 -0.0224166 0.999736 0.00504978 -0.694752 -0.164492 -0.00867041 0.98634 48.9609 
0.981911 0.0247019 0.187726 1.31833 -0.0259162 0.999656 0.00401656 -0.70332 -0.187562 -0.00880902 0.982213 49.4769 
0.976783 0.0236348 0.212924 1.4374 -0.0245469 0.999697 0.00164096 -0.713336 -0.212821 -0.00682945 0.977067 49.9768 
0.970674 0.0226501 0.23933 1.57023 -0.0230568 0.999734 -0.00110034 -0.7244 -0.239291 -0.00445007 0.970938 50.4592 
0.963348 0.0218321 0.267365 1.71355 -0.0215997 0.999759 -0.00381058 -0.731634 -0.267384 -0.00210404 0.963588 50.9259 
0.954727 0.019335 0.296854 1.87101 -0.0188191 0.999812 -0.00459563 -0.746498 -0.296888 -0.00119892 0.954912 51.3743 
0.944597 0.0215161 0.327528 2.03002 -0.0203606 0.999769 -0.00695652 -0.755831 -0.327602 -9.75309e-05 0.944816 51.8033 
0.932997 0.021996 0.359211 2.19308 -0.0210016 0.999757 -0.00667069 -0.77065 -0.35927 -0.00132023 0.933233 52.2148 
0.919941 0.0214121 0.391472 2.3749 -0.0210305 0.999765 -0.00526269 -0.784115 -0.391493 -0.00339145 0.920175 52.6183 
0.904833 0.0205948 0.425268 2.56595 -0.0206873 0.999776 -0.004401 -0.800079 -0.425264 -0.00481544 0.905057 52.998 
0.887638 0.0200087 0.460107 2.76659 -0.0200727 0.999787 -0.00475334 -0.812252 -0.460104 -0.00501632 0.887851 53.3602 
0.868322 0.0198533 0.495603 2.97388 -0.0195558 0.999792 -0.00578759 -0.824355 -0.495615 -0.00466639 0.86853 53.7005 
0.847047 0.0190317 0.531177 3.19527 -0.0176683 0.999815 -0.00764751 -0.834349 -0.531224 -0.00290718 0.847226 54.0219 
0.823604 0.0178115 0.566886 3.4285 -0.0152953 0.999841 -0.00919294 -0.844569 -0.56696 -0.00109935 0.823745 54.3298 
0.798188 0.0147187 0.602228 3.67667 -0.011317 0.999891 -0.00943814 -0.856767 -0.602302 0.000718021 0.798268 54.623 
0.770196 0.0109101 0.637714 3.93341 -0.00823284 0.99994 -0.00716386 -0.867936 -0.637754 0.000267402 0.77024 54.9002 
0.74048 0.00616622 0.67205 4.20368 -0.00551099 0.99998 -0.00310284 -0.878983 -0.672056 -0.00140605 0.740499 55.1656 
0.708169 0.00253845 0.706038 4.48155 -0.00402628 0.999992 0.000443189 -0.884076 -0.706031 -0.00315654 0.708174 55.4208 
0.673012 -1.02099e-05 0.739632 4.76818 -0.00530957 0.999974 0.0048452 -0.895601 -0.739613 -0.00718799 0.672994 55.6558 
0.635384 -0.0036344 0.772188 5.06381 -0.00364168 0.999964 0.00770303 -0.900562 -0.772188 -0.00770642 0.635347 55.8713 
0.596224 -0.00743333 0.802784 5.36921 -0.00113331 0.999948 0.0101007 -0.910774 -0.802818 -0.00693207 0.596184 56.0639 
0.554078 -0.0095097 0.832411 5.68553 0.00211154 0.999948 0.0100182 -0.913799 -0.832462 -0.0037932 0.554069 56.2397 
0.509341 -0.00840399 0.860524 6.01813 0.00339057 0.999964 0.00775898 -0.916234 -0.860558 -0.00103428 0.509351 56.4073 
0.462477 -0.00591508 0.886612 6.36076 0.00195901 0.999982 0.00564963 -0.919171 -0.886629 -0.000875926 0.46248 56.5638 
0.413281 -0.00316913 0.910598 6.72462 -0.00206999 0.999988 0.00441977 -0.923227 -0.910601 -0.00371152 0.41327 56.7098 
0.363016 -0.000674331 0.931783 7.11367 -0.00805311 0.99996 0.00386116 -0.932059 -0.931748 -0.0089054 0.362996 56.8502 
0.313045 -0.000304429 0.949738 7.50072 -0.010322 0.99994 0.00372284 -0.937617 -0.949682 -0.0109687 0.313023 56.9596 
0.264834 -0.00050212 0.964294 7.91507 -0.00890776 0.999956 0.00296717 -0.940672 -0.964253 -0.0093755 0.264818 57.0464 
0.21962 -0.00130837 0.975585 8.34296 -0.00768634 0.999966 0.00307144 -0.943698 -0.975555 -0.00817322 0.219602 57.12 
0.178067 -0.00332459 0.984013 8.79811 -0.00771061 0.999959 0.00477382 -0.945263 -0.983988 -0.00843739 0.178034 57.1821 
0.139222 -0.00562077 0.990245 9.27726 -0.00786157 0.999946 0.00678116 -0.946216 -0.99023 -0.00872897 0.13917 57.2344 
0.102966 -0.00731051 0.994658 9.77136 -0.00878882 0.999927 0.00825909 -0.948577 -0.994646 -0.00959227 0.102894 57.2717 
0.0700479 -0.00871576 0.997506 10.2893 -0.0080942 0.999924 0.00930534 -0.951365 -0.997511 -0.00872583 0.069972 57.2999 
0.0406915 -0.00917701 0.99913 10.8251 -0.00788981 0.999924 0.00950567 -0.951925 -0.999141 -0.00826974 0.040616 57.3098 
0.0142878 -0.00707824 0.999873 11.3831 -0.0103903 0.99992 0.00722709 -0.951199 -0.999844 -0.0104923 0.0142132 57.314 
-0.00823266 -0.00467068 0.999955 11.9602 -0.0146346 0.999883 0.0045499 -0.950061 -0.999859 -0.0145965 -0.00830005 57.3104 
-0.0275755 -0.00378191 0.999613 12.562 -0.0146738 0.999887 0.00337819 -0.948339 -0.999512 -0.014575 -0.0276279 57.2893 
-0.0447091 -0.00318884 0.998995 13.1779 -0.0109022 0.999937 0.00270397 -0.950379 -0.998941 -0.0107704 -0.044741 57.2561 
-0.0604956 -0.00344882 0.998163 13.8132 -0.00860389 0.999959 0.00293362 -0.952623 -0.998131 -0.00841061 -0.0605228 57.2162 
-0.0762098 -0.00444375 0.997082 14.4711 -0.00915467 0.999951 0.00375686 -0.954769 -0.99705 -0.00884165 -0.0762467 57.1778 
-0.0909296 -0.00351191 0.995851 15.1458 -0.00835783 0.999961 0.0027633 -0.960114 -0.995822 -0.00807189 -0.0909554 57.1232 
-0.103166 -0.00165946 0.994663 15.8372 -0.00641059 0.999979 0.00100347 -0.964846 -0.994644 -0.00627285 -0.103174 57.0543 
-0.112884 0.000948056 0.993608 16.5422 0.000672189 0.999999 -0.000877747 -0.968445 -0.993608 0.000568806 -0.112885 56.9754 
-0.118637 0.00362941 0.992931 17.2626 0.00830694 0.999962 -0.00266254 -0.976085 -0.992903 0.00793234 -0.118662 56.8849 
-0.121013 0.00355935 0.992645 18.0064 0.0131937 0.999911 -0.00197693 -0.987324 -0.992563 0.0128574 -0.121049 56.7988 
-0.120865 0.00205067 0.992667 18.7679 0.0140376 0.999901 -0.000356396 -0.994575 -0.99257 0.0138916 -0.120881 56.7189 
-0.117925 0.00136447 0.993022 19.5414 0.0176651 0.999844 0.000723999 -0.998742 -0.992865 0.0176272 -0.117931 56.6346 
-0.113495 0.000399677 0.993539 20.3308 0.0194746 0.999809 0.00182248 -1.00682 -0.993348 0.0195556 -0.113481 56.5562 
-0.109047 0.00120715 0.994036 21.1242 0.017796 0.999841 0.000738083 -1.01545 -0.993877 0.0177704 -0.109051 56.4843 
-0.104803 0.00215937 0.994491 21.9284 0.0173758 0.999849 -0.000339833 -1.02526 -0.994341 0.0172445 -0.104825 56.4168 
-0.10023 0.00149626 0.994963 22.739 0.0222401 0.999752 0.000736992 -1.03504 -0.994716 0.022202 -0.100239 56.343 
-0.0961948 -0.000606469 0.995362 23.5488 0.0280194 0.999602 0.00331697 -1.04669 -0.994968 0.0282086 -0.0961395 56.2654 
-0.0925627 -0.00416639 0.995698 24.3602 0.0307154 0.999503 0.00703774 -1.05804 -0.995233 0.0312347 -0.0923888 56.2045 
-0.0878374 -0.00781565 0.996104 25.175 0.0338475 0.999368 0.010826 -1.06717 -0.99556 0.0346665 -0.0875174 56.1416 
-0.0825239 -0.0106906 0.996532 25.986 0.0345997 0.999309 0.0135857 -1.07397 -0.995988 0.0356008 -0.0820969 56.0909 
-0.078363 -0.0120717 0.996852 26.7944 0.0323335 0.99937 0.014644 -1.07801 -0.9964 0.0333792 -0.0779233 56.0473 
-0.0745176 -0.0136014 0.997127 27.6025 0.0256163 0.999551 0.0155489 -1.07736 -0.996891 0.0267014 -0.0741357 56.0127 
-0.0701334 -0.0171653 0.99739 28.4155 0.0198312 0.99963 0.0185983 -1.08004 -0.997341 0.0210838 -0.0697671 55.9812 
-0.065715 -0.0188635 0.99766 29.2301 0.0174689 0.999646 0.0200517 -1.08406 -0.997686 0.0187457 -0.0653622 55.9495 
-0.0616165 -0.0147974 0.99799 30.0408 0.018118 0.999709 0.0159416 -1.08702 -0.997935 0.0190639 -0.0613305 55.9168 
-0.0580918 -0.00704026 0.998286 30.8566 0.019153 0.999783 0.0081654 -1.08845 -0.998128 0.0195946 -0.0579444 55.8785 
-0.0552667 -0.000666737 0.998471 31.6754 0.0176276 0.999843 0.0016434 -1.08633 -0.998316 0.0176915 -0.0552463 55.847 
-0.0532256 -0.00141735 0.998582 32.5027 0.0169755 0.999853 0.00232401 -1.09367 -0.998438 0.0170751 -0.0531938 55.8154 
-0.0516602 -0.00516661 0.998651 33.3329 0.0195654 0.999789 0.00618465 -1.10347 -0.998473 0.0198585 -0.0515482 55.7783 
-0.0508165 -0.00560112 0.998692 34.1614 0.0201411 0.999775 0.00663208 -1.11877 -0.998505 0.0204518 -0.0506923 55.747 
-0.0508197 -0.00320254 0.998703 34.99 0.0182732 0.999825 0.00413602 -1.13005 -0.998541 0.0184597 -0.0507522 55.7221 
-0.0509967 -0.00186626 0.998697 35.823 0.0111279 0.999935 0.00243684 -1.13534 -0.998637 0.0112377 -0.0509727 55.7078 
-0.0521488 -0.00280095 0.998635 36.6673 0.00969988 0.999948 0.0033112 -1.14366 -0.998592 0.00985932 -0.0521189 55.683 
-0.0531417 -0.00369147 0.99858 37.523 0.00986797 0.999942 0.00422169 -1.15366 -0.998538 0.0100783 -0.0531022 55.6476 
-0.0547031 5.99476e-05 0.998503 38.3769 0.00964055 0.999953 0.000468165 -1.16598 -0.998456 0.00965172 -0.0547012 55.6184 
-0.0560286 0.00413764 0.998421 39.2414 0.00984402 0.999945 -0.0035915 -1.17569 -0.998381 0.00962725 -0.0560663 55.5864 
-0.0566902 0.00705509 0.998367 40.1168 0.0115368 0.999913 -0.00641088 -1.18469 -0.998325 0.0111545 -0.0567667 55.5512 
-0.057819 0.00803822 0.998295 40.9974 0.0138628 0.999878 -0.00724802 -1.20466 -0.998231 0.0134201 -0.0579234 55.5109 
-0.058614 0.00939912 0.998237 41.8924 0.0142414 0.999862 -0.00857816 -1.22147 -0.998179 0.0137135 -0.0587398 55.4722 
-0.060054 0.0093396 0.998151 42.7934 0.0131127 0.999877 -0.00856678 -1.23321 -0.998109 0.012574 -0.0601691 55.437 
-0.0612759 0.00475186 0.99811 43.7119 0.0110159 0.999931 -0.00408421 -1.24949 -0.99806 0.0107448 -0.061324 55.3988 
-0.0625445 0.00291659 0.998038 44.641 0.0112509 0.999934 -0.00221703 -1.27152 -0.997979 0.0110902 -0.0625733 55.354 
-0.0639499 0.00627135 0.997933 45.5731 0.0115346 0.999918 -0.00554462 -1.28684 -0.997886 0.0111561 -0.064017 55.3115 
-0.0644723 0.00992434 0.99787 46.512 0.0128195 0.999876 -0.00911599 -1.30176 -0.997837 0.0122045 -0.0645916 55.2644 
-0.0643809 0.0110288 0.997864 47.4559 0.0154609 0.99983 -0.010053 -1.32237 -0.997806 0.0147807 -0.0645405 55.2176 
-0.0644439 0.00756678 0.997893 48.4221 0.0196071 0.999788 -0.00631489 -1.34498 -0.997729 0.0191588 -0.0645786 55.1633 
-0.0649506 0.00168979 0.997887 49.3991 0.0213095 0.999773 -0.000305941 -1.35955 -0.997661 0.0212446 -0.0649719 55.1134 
-0.0641752 -0.00138482 0.997938 50.3872 0.0226336 0.99974 0.00284288 -1.37691 -0.997682 0.0227694 -0.0641272 55.0649 
-0.0626382 -3.84043e-05 0.998036 51.3722 0.0214148 0.99977 0.00138254 -1.39021 -0.997807 0.0214593 -0.062623 55.0233 
-0.061919 0.00304637 0.998077 52.374 0.0212253 0.999773 -0.00173473 -1.3988 -0.997856 0.0210771 -0.0619696 54.9818 
-0.0618182 0.00488136 0.998076 53.3759 0.0154572 0.999873 -0.00393273 -1.41719 -0.997968 0.0151844 -0.0618858 54.9469 
-0.0623931 0.00460474 0.998041 54.385 0.0126375 0.999913 -0.00382329 -1.43214 -0.997972 0.0123742 -0.0624458 54.9085 
-0.0628253 -7.0554e-05 0.998025 55.414 0.0126103 0.99992 0.000864546 -1.44442 -0.997945 0.0126397 -0.0628194 54.8609 
-0.0636668 -0.0060763 0.997953 56.4505 0.010572 0.999921 0.00676279 -1.45907 -0.997915 0.010981 -0.0635975 54.8172 
-0.0642211 -0.00548713 0.997921 57.4877 0.0126412 0.9999 0.00631158 -1.46821 -0.997856 0.0130202 -0.0641453 54.764 
-0.0644263 -0.0021146 0.99792 58.5191 0.0153878 0.999877 0.00311223 -1.47688 -0.997804 0.0155563 -0.0643858 54.7089 
-0.0654794 0.000909113 0.997854 59.5668 0.0177503 0.999842 0.000253893 -1.48654 -0.997696 0.0177288 -0.0654852 54.6529 
-0.0676542 -0.00213382 0.997707 60.6243 0.0179211 0.999834 0.00335363 -1.49838 -0.997548 0.0181069 -0.0676047 54.5981 
-0.070405 -0.00732886 0.997492 61.694 0.0194171 0.999774 0.00871617 -1.51066 -0.99733 0.0199821 -0.0702467 54.5427 
-0.0734228 -0.010161 0.997249 62.7789 0.0209285 0.999712 0.011727 -1.51716 -0.997081 0.021732 -0.073189 54.4797 
-0.0769842 -0.00926333 0.996989 63.8453 0.0251402 0.999621 0.0112291 -1.51942 -0.996715 0.0259289 -0.0767221 54.4074 
-0.0803836 -0.0102414 0.996711 64.9167 0.0282726 0.999522 0.0125504 -1.52311 -0.996363 0.0291885 -0.0800556 54.3331 
-0.0840323 -0.0122036 0.996388 65.9824 0.0323012 0.999366 0.0149643 -1.53095 -0.995939 0.0334421 -0.0835849 54.26 
-0.0867584 -0.0118322 0.996159 67.0549 0.0358816 0.999244 0.0149939 -1.53287 -0.995583 0.0370447 -0.0862682 54.1796 
-0.0891513 -0.00810903 0.995985 68.1221 0.0399264 0.999134 0.0117086 -1.53849 -0.995218 0.04081 -0.0887504 54.1036 
-0.0909585 -0.00364653 0.995848 69.1821 0.0422343 0.99908 0.00751599 -1.54641 -0.994959 0.0427426 -0.0907207 54.0231 
-0.0922445 -0.000669263 0.995736 70.2455 0.0460331 0.998928 0.00493593 -1.55294 -0.994672 0.0462921 -0.0921147 53.9399 
-0.0915218 -0.0014894 0.995802 71.3183 0.044871 0.998977 0.00561818 -1.56673 -0.994792 0.0451969 -0.0913614 53.8589 
-0.0886938 -0.00365147 0.996052 72.3898 0.04591 0.998916 0.00775008 -1.57346 -0.995 0.0464162 -0.08843 53.7798 
-0.0839918 -0.00699643 0.996442 73.4555 0.0494283 0.998715 0.0111788 -1.58293 -0.99524 0.0501913 -0.0835381 53.703 
-0.0787002 -0.00999614 0.996848 74.5273 0.0496607 0.998669 0.0139351 -1.58767 -0.995661 0.0506008 -0.0780991 53.6365 
-0.0738711 -0.0133432 0.997179 75.5959 0.0511712 0.998543 0.0171522 -1.59033 -0.995954 0.0522939 -0.0730807 53.5789 
-0.0689724 -0.0144681 0.997514 76.6726 0.0522083 0.998472 0.018092 -1.59326 -0.996252 0.0533263 -0.0681117 53.5194 
-0.0650329 -0.0103753 0.997829 77.7495 0.0523451 0.998534 0.0137943 -1.59572 -0.996509 0.0531286 -0.0643944 53.4651 
-0.0626599 -0.00563767 0.998019 78.8192 0.0517182 0.998622 0.0088882 -1.59926 -0.996694 0.0521726 -0.062282 53.4128 
-0.0614194 -0.00586599 0.998095 79.8998 0.0520576 0.998603 0.00907247 -1.60422 -0.996754 0.0525156 -0.0610282 53.3689 
-0.060003 -0.007811 0.998168 80.9762 0.0526566 0.998552 0.0109794 -1.61319 -0.996808 0.0532189 -0.0595048 53.3218 
-0.0581656 -0.00497283 0.998295 82.0593 0.0527532 0.998575 0.00804793 -1.6252 -0.996912 0.0531314 -0.0578203 53.2776 
-0.0562054 0.00104585 0.998419 83.1355 0.0527454 0.998606 0.00192327 -1.63436 -0.997025 0.0527701 -0.0561822 53.2376 
-0.0540503 0.00406896 0.99853 84.207 0.051841 0.998655 -0.00126328 -1.65137 -0.997192 0.0516965 -0.0541885 53.1991 
-0.0516314 0.00344204 0.99866 85.2885 0.0524896 0.998621 -0.000728117 -1.67001 -0.997286 0.0523817 -0.0517408 53.1593 
-0.0480385 0.000273983 0.998845 86.375 0.0503564 0.998729 0.00214793 -1.68801 -0.997575 0.0504015 -0.0479913 53.1299 
-0.0436431 -0.0040538 0.999039 87.4678 0.0502598 0.998717 0.00624813 -1.70518 -0.997782 0.0504842 -0.0433833 53.102 
-0.0390309 -0.00646649 0.999217 88.5545 0.0486901 0.998779 0.0083656 -1.71709 -0.998051 0.0489785 -0.0386684 53.0807 
-0.0356743 -0.00258464 0.99936 89.6325 0.0450143 0.998978 0.00419057 -1.73624 -0.998349 0.045135 -0.0355215 53.072 
-0.0339343 0.00669086 0.999402 90.7176 0.0418078 0.999112 -0.00526931 -1.75659 -0.998549 0.041604 -0.0341839 53.0628 
-0.0329308 0.0147965 0.999348 91.8129 0.0365704 0.999239 -0.0135898 -1.77854 -0.998788 0.036099 -0.0334468 53.0501 
-0.032361 0.0143385 0.999373 92.9044 0.0359073 0.999268 -0.0131743 -1.80774 -0.998831 0.0354585 -0.0328522 53.035 
-0.0314421 0.00805089 0.999473 94.0037 0.0360654 0.999326 -0.00691509 -1.83718 -0.998855 0.035829 -0.0317113 53.0173 
-0.0328772 0.00202966 0.999457 95.1102 0.0374876 0.999297 -0.000796139 -1.85715 -0.998756 0.037441 -0.0329302 52.9985 
-0.034918 -0.00390562 0.999383 96.2049 0.0359065 0.999342 0.00516006 -1.87405 -0.998745 0.0360645 -0.0347548 52.9766 
-0.0371514 -0.00870279 0.999272 97.2974 0.0355358 0.999318 0.0100244 -1.88933 -0.998678 0.0358824 -0.0368168 52.9567 
-0.0393564 -0.00813214 0.999192 98.391 0.0359683 0.999307 0.00954984 -1.89987 -0.998578 0.036315 -0.0390367 52.9325 
-0.0413481 -0.00805219 0.999112 99.4622 0.0354964 0.999324 0.00952295 -1.91457 -0.998514 0.0358586 -0.0410344 52.9039 
-0.0431162 -0.00925199 0.999027 100.544 0.036518 0.999274 0.0108304 -1.92332 -0.998402 0.0369495 -0.0427471 52.8754 
-0.0439316 -0.00764298 0.999005 101.622 0.0373744 0.999258 0.0092885 -1.93752 -0.998335 0.0377453 -0.0436133 52.8426 
-0.0443275 0.000678833 0.999017 102.693 0.0380604 0.999275 0.00100982 -1.95196 -0.998292 0.0380678 -0.0443212 52.8096 
-0.0448573 0.00847407 0.998958 103.758 0.035345 0.999351 -0.00689024 -1.97135 -0.998368 0.0349991 -0.0451277 52.7835 
-0.0459851 0.00885444 0.998903 104.829 0.0329267 0.999431 -0.00734328 -1.99416 -0.998399 0.0325529 -0.0462505 52.7551 
-0.0482088 0.00265391 0.998834 105.901 0.0283525 0.999597 -0.00128746 -2.02185 -0.998435 0.0282574 -0.0482646 52.729 
-0.0511361 -0.00486956 0.99868 106.97 0.0223341 0.999732 0.00601833 -2.03661 -0.998442 0.0226124 -0.0510137 52.704 
-0.0531149 -0.0130802 0.998503 108.03 0.0208107 0.999683 0.0142027 -2.04605 -0.998372 0.0215339 -0.0528258 52.6715 
-0.0545746 -0.0193816 0.998322 109.093 0.0241181 0.999494 0.0207229 -2.04874 -0.998218 0.0252086 -0.0540795 52.6213 
-0.0564737 -0.0196343 0.998211 110.135 0.0229002 0.999518 0.0209556 -2.04986 -0.998141 0.0240427 -0.0559969 52.5803 
-0.0571431 -0.0121663 0.998292 111.167 0.0269439 0.999543 0.0137239 -2.05789 -0.998002 0.0276821 -0.0567892 52.5333 
-0.0577067 0.00219657 0.998331 112.187 0.0355788 0.999367 -0.000142246 -2.07309 -0.997699 0.0355112 -0.0577483 52.476 
-0.0588861 0.0133216 0.998176 113.204 0.0406811 0.999112 -0.0109341 -2.09051 -0.997435 0.0399631 -0.0593758 52.425 
-0.0591888 0.0102234 0.998195 114.241 0.0409264 0.999132 -0.00780624 -2.11153 -0.997408 0.0403905 -0.0595558 52.3781 
-0.0588381 -0.000344087 0.998268 115.277 0.0433509 0.999056 0.00289951 -2.13187 -0.997326 0.0434464 -0.0587677 52.3276 
-0.0585282 -0.0102706 0.998233 116.305 0.0434255 0.998974 0.0128244 -2.1454 -0.997341 0.0440993 -0.0580221 52.2841 
-0.058458 -0.0155519 0.998169 117.332 0.0415189 0.998976 0.0179961 -2.15166 -0.997426 0.0424949 -0.0577524 52.246 
-0.0585033 -0.0209436 0.998068 118.343 0.0393646 0.998954 0.0232697 -2.15155 -0.997511 0.0406499 -0.0576177 52.2089 
-0.0582051 -0.0243193 0.998008 119.365 0.0365029 0.998983 0.026472 -2.15056 -0.997637 0.037971 -0.0572582 52.1699 
-0.0580242 -0.0221542 0.998069 120.362 0.0349424 0.999096 0.0242085 -2.1482 -0.997704 0.0362796 -0.0571977 52.1271 
-0.0573559 -0.0153402 0.998236 121.354 0.0326157 0.999319 0.0172309 -2.14748 -0.997821 0.0335465 -0.0568166 52.0891 
-0.056725 -0.00903167 0.998349 122.351 0.0326515 0.999407 0.0108965 -2.14651 -0.997856 0.0332157 -0.0563964 52.0431 
-0.0564551 -0.00392963 0.998397 123.33 0.0330889 0.999436 0.00580479 -2.15524 -0.997857 0.0333636 -0.0562933 52.0011 
-0.0566567 0.00078147 0.998393 124.306 0.0344641 0.999405 0.00117354 -2.16935 -0.997799 0.0344752 -0.0566499 51.9666 
-0.0560376 0.0048855 0.998417 125.269 0.0346772 0.999394 -0.00294393 -2.18901 -0.997826 0.0344573 -0.0561731 51.9257 
-0.0561721 0.00397347 0.998413 126.231 0.0358206 0.999356 -0.00196187 -2.20883 -0.997778 0.0356536 -0.0562783 51.8875 
-0.0560681 -0.00223905 0.998424 127.196 0.0343984 0.9994 0.00417297 -2.22503 -0.997834 0.0345782 -0.0559574 51.8517 
-0.0565382 -0.0123999 0.998323 128.152 0.0323542 0.999375 0.0142453 -2.24057 -0.997876 0.0331053 -0.0561017 51.8164 
-0.0572943 -0.0202494 0.998152 129.095 0.0271691 0.999392 0.0218341 -2.24786 -0.997988 0.0283699 -0.0567093 51.7838 
-0.0595389 -0.0232333 0.997956 130.016 0.0223791 0.999447 0.0246032 -2.24865 -0.997975 0.0237982 -0.058986 51.7515 
-0.0612665 -0.0208185 0.997904 130.915 0.0175041 0.999606 0.0219287 -2.25205 -0.997968 0.018811 -0.060878 51.7178 
-0.0625264 -0.0136097 0.997951 131.787 0.0144249 0.99979 0.0145386 -2.25703 -0.997939 0.0153043 -0.062317 51.6863 
-0.0631122 -0.00667969 0.997984 132.649 0.0167719 0.999829 0.00775273 -2.2642 -0.997866 0.0172274 -0.0629894 51.6455 
-0.0620357 -0.000757063 0.998074 133.489 0.0209697 0.999778 0.00206177 -2.27673 -0.997854 0.0210572 -0.062006 51.6032 
-0.0590001 0.00149855 0.998257 134.312 0.0248397 0.999691 -3.25594e-05 -2.29326 -0.997949 0.0247945 -0.0590191 51.5636 
-0.0543446 0.000987161 0.998522 135.121 0.0291179 0.999576 0.00059658 -2.3083 -0.998098 0.0291073 -0.0543503 51.5293 
-0.0495703 -0.00389374 0.998763 135.917 0.0319641 0.999474 0.00548298 -2.32174 -0.998259 0.0321963 -0.0494198 51.5014 
-0.0456661 -0.00791279 0.998925 136.686 0.0323191 0.999433 0.00939433 -2.33774 -0.998434 0.0327134 -0.0453845 51.4798 
-0.0416159 -0.00791563 0.999102 137.42 0.0332965 0.999402 0.00930496 -2.35663 -0.998579 0.0336539 -0.0413274 51.4659 
-0.0371389 -0.00330181 0.999305 138.124 0.0343989 0.999398 0.00458059 -2.37077 -0.998718 0.0345451 -0.037003 51.4524 
-0.0325676 0.000686117 0.999469 138.805 0.0349655 0.999388 0.000453327 -2.38187 -0.998858 0.0349617 -0.0325717 51.4411 
-0.0281758 0.00124602 0.999602 139.454 0.0361476 0.999346 -0.000226763 -2.39637 -0.998949 0.0361268 -0.0282025 51.4352 
-0.0239898 0.000969258 0.999712 140.081 0.0336462 0.999434 -0.000161549 -2.41126 -0.999146 0.0336326 -0.0240088 51.4361 
-0.0201387 1.06147e-05 0.999797 140.676 0.0285602 0.999592 0.000564711 -2.42748 -0.999389 0.0285658 -0.0201308 51.4435 
-0.0165841 0.000345505 0.999862 141.248 0.0242311 0.999706 5.64971e-05 -2.4426 -0.999569 0.0242287 -0.0165876 51.4528 
-0.0138078 0.00351453 0.999899 141.789 0.0223163 0.999746 -0.00320578 -2.45519 -0.999656 0.0222698 -0.0138827 51.4581 
-0.0127955 0.0075357 0.99989 142.323 0.0214585 0.999743 -0.00725995 -2.46697 -0.999688 0.0213632 -0.0129539 51.4634 
-0.0131703 0.00871814 0.999875 142.853 0.0182728 0.999797 -0.00847673 -2.48096 -0.999746 0.0181589 -0.0133269 51.4674 
-0.0147691 0.00682678 0.999868 143.382 0.0122747 0.999903 -0.00664566 -2.49383 -0.999816 0.012175 -0.0148515 51.4735 
-0.0170654 0.00259838 0.999851 143.914 0.00675529 0.999974 -0.00248336 -2.50382 -0.999832 0.0067119 -0.0170825 51.4816 
-0.0191138 -0.0025683 0.999814 144.446 0.00571932 0.99998 0.00267811 -2.51265 -0.999801 0.00576945 -0.0190988 51.4771 
-0.021268 -0.00549112 0.999759 144.97 0.00929429 0.999941 0.00568988 -2.52368 -0.999731 0.00941305 -0.0212157 51.4643 
-0.0234754 -0.00346478 0.999718 145.486 0.0116702 0.999925 0.00373957 -2.53758 -0.999656 0.0117547 -0.0234332 51.4492 
-0.0263703 -0.00036691 0.999652 145.99 0.0113365 0.999936 0.000666107 -2.54906 -0.999588 0.0113502 -0.0263644 51.4422 
-0.0290723 0.00140092 0.999576 146.49 0.00752635 0.999971 -0.00118253 -2.55527 -0.999549 0.00748878 -0.029082 51.4414 
-0.0313725 0.00298148 0.999503 146.99 0.00669349 0.999974 -0.00277275 -2.56114 -0.999485 0.00660318 -0.0313917 51.4354 
-0.0331772 0.00439319 0.99944 147.49 0.00807934 0.999959 -0.00412723 -2.56772 -0.999417 0.00793788 -0.0332113 51.4208 
-0.0358809 0.00175362 0.999355 147.99 0.00898826 0.999959 -0.00143192 -2.57859 -0.999316 0.00893107 -0.0358952 51.4056 
-0.0382175 -0.00347864 0.999263 148.492 0.00800536 0.999961 0.00378728 -2.58774 -0.999237 0.00814421 -0.0381881 51.3903 
-0.0406855 -0.00660999 0.99915 148.983 0.00749689 0.999948 0.00692058 -2.59215 -0.999144 0.00777208 -0.0406338 51.3791 
-0.0435789 -0.00779107 0.99902 149.47 0.00508268 0.999955 0.00802012 -2.59952 -0.999037 0.0054272 -0.0435373 51.3717 
-0.045715 -0.00938994 0.99891 149.962 0.00356165 0.999948 0.00956273 -2.60745 -0.998948 0.00399493 -0.0456792 51.3615 
-0.0469037 -0.0108127 0.998841 150.454 0.00294992 0.999936 0.0109631 -2.61226 -0.998895 0.00346071 -0.0468688 51.3473 
-0.0479812 -0.0110943 0.998787 150.938 0.00245411 0.999934 0.011225 -2.61705 -0.998845 0.00298972 -0.0479508 51.3368 
-0.0471731 -0.0092226 0.998844 151.42 0.00528739 0.999941 0.00948248 -2.61701 -0.998873 0.00572859 -0.0471216 51.3239 
-0.0422987 -0.006585 0.999083 151.893 0.00774688 0.999946 0.00691871 -2.62193 -0.999075 0.00803243 -0.0422454 51.3099 
-0.0348233 -0.00475676 0.999382 152.363 0.00800776 0.999955 0.00503856 -2.62703 -0.999361 0.00817827 -0.0347837 51.3034 
-0.024788 -0.00510244 0.99968 152.828 0.00610748 0.999968 0.00525539 -2.63451 -0.999674 0.00623579 -0.0247561 51.3117 
-0.00927941 -0.00597243 0.999939 153.285 0.00785593 0.999951 0.00604544 -2.63467 -0.999926 0.00791155 -0.00923203 51.3242 
0.0129804 -0.00584034 0.999899 153.739 0.0137857 0.999889 0.00566137 -2.63757 -0.999821 0.0137108 0.0130594 51.3438 
0.0428835 -0.00535301 0.999066 154.18 0.0208497 0.999773 0.0044619 -2.64097 -0.998863 0.0206389 0.0429854 51.3734 
0.0789011 -0.00609891 0.996864 154.617 0.0223748 0.99974 0.00434561 -2.64818 -0.996631 0.0219617 0.0790171 51.4356 
0.119595 -0.00614231 0.992804 155.045 0.0192975 0.999806 0.00386106 -2.65586 -0.992635 0.0186969 0.11969 51.5236 
0.161245 -0.00324239 0.986909 155.459 0.0150919 0.999886 0.000819292 -2.66659 -0.986799 0.0147623 0.161276 51.6351 
0.202914 0.00139415 0.979196 155.867 0.0149427 0.999878 -0.00452005 -2.67002 -0.979083 0.015549 0.202868 51.7577 
0.245139 0.0054542 0.969473 156.268 0.016261 0.99982 -0.00973661 -2.67704 -0.969352 0.0181514 0.245006 51.8905 
0.287626 0.00775639 0.957712 156.659 0.0175982 0.999756 -0.013382 -2.68347 -0.957581 0.020703 0.287419 52.0413 
0.329097 0.00975135 0.944246 157.04 0.0144088 0.999778 -0.0153467 -2.68927 -0.944186 0.018656 0.328884 52.2141 
0.369399 0.0137666 0.929169 157.399 0.00676694 0.999824 -0.0175036 -2.69585 -0.929246 0.0127535 0.369241 52.4069 
0.40909 0.0187786 0.912301 157.753 -0.00145835 0.9998 -0.0199256 -2.70614 -0.912493 0.00682093 0.409035 52.6202 
0.448365 0.0250749 0.893499 158.129 -0.00621304 0.99967 -0.0249366 -2.71438 -0.893829 0.0056294 0.448373 52.8518 
0.486599 0.0288612 0.873149 158.472 -0.00727878 0.999553 -0.028983 -2.72629 -0.873595 0.00774764 0.486592 53.0827 
0.524233 0.0276067 0.851127 158.818 -0.00510602 0.999558 -0.0292762 -2.74241 -0.851559 0.0110017 0.524143 53.333 
0.559921 0.026529 0.828121 159.165 -0.00687817 0.999602 -0.0273718 -2.7518 -0.828517 0.00963011 0.55988 53.6119 
0.593379 0.0271799 0.804464 159.501 -0.0111225 0.999611 -0.0255691 -2.76736 -0.804846 0.00622453 0.593451 53.9132 
0.625009 0.0313988 0.779986 159.825 -0.0182079 0.999505 -0.0256454 -2.78516 -0.780405 0.00182672 0.625272 54.2352 
0.654816 0.0349489 0.75498 160.143 -0.0234838 0.999389 -0.0258947 -2.80156 -0.755424 -0.000773538 0.655236 54.5738 
0.682579 0.0360019 0.729925 160.465 -0.0234519 0.999351 -0.02736 -2.81559 -0.730436 0.00155721 0.68298 54.9245 
0.707735 0.0339245 0.705663 160.792 -0.0183056 0.999392 -0.029686 -2.82992 -0.706241 0.0080923 0.707925 55.286 
0.730188 0.0350631 0.682346 161.109 -0.0192478 0.999342 -0.0307549 -2.84174 -0.682975 0.00932324 0.730382 55.6731 
0.749882 0.0391121 0.660415 161.422 -0.025895 0.999221 -0.0297743 -2.85818 -0.661065 0.00522575 0.75031 56.0882 
0.766312 0.0416266 0.641119 161.735 -0.0333374 0.999131 -0.0250242 -2.87814 -0.641603 -0.00219688 0.767034 56.522 
0.779432 0.0397215 0.625226 162.055 -0.0342265 0.999197 -0.0208123 -2.89236 -0.625551 -0.00517751 0.780166 56.9666 
0.790192 0.034396 0.611893 162.384 -0.0299124 0.999398 -0.01755 -2.90794 -0.612128 -0.0044353 0.790746 57.4143 
0.799432 0.026833 0.600157 162.721 -0.0235567 0.999634 -0.0133151 -2.92196 -0.600295 -0.00349312 0.799771 57.8732 
0.806845 0.0200015 0.590424 163.061 -0.0185333 0.999792 -0.00854273 -2.93858 -0.590472 -0.00404979 0.807048 58.3517 
0.813398 0.0168415 0.581463 163.398 -0.0168871 0.999843 -0.00533632 -2.95067 -0.581462 -0.00547867 0.813555 58.847 
0.820424 0.0137387 0.571591 163.738 -0.0143841 0.999891 -0.00338714 -2.9585 -0.571575 -0.00544292 0.820532 59.3613 
0.82768 0.00951109 0.561119 164.084 -0.00912437 0.999952 -0.00349039 -2.9687 -0.561126 -0.00223091 0.827728 59.8921 
0.83413 0.00992047 0.551479 164.424 -0.00731908 0.999949 -0.00691749 -2.98257 -0.551519 0.0017338 0.83416 60.4359 
0.839806 0.0141933 0.542701 164.765 -0.00895582 0.999884 -0.0122912 -2.9949 -0.542813 0.00546188 0.839836 60.9985 
0.844211 0.0194421 0.535658 165.119 -0.0120869 0.999778 -0.0172382 -3.00798 -0.535874 0.00807828 0.844259 61.5828 
0.846337 0.0239019 0.532111 165.472 -0.0149214 0.999665 -0.0211711 -3.0238 -0.532438 0.00997811 0.84641 62.1817 
0.84635 0.0287666 0.531849 165.835 -0.0201863 0.999556 -0.0219407 -3.04074 -0.532244 0.00783348 0.846555 62.7972 
0.844307 0.0293374 0.535056 166.202 -0.0231544 0.999565 -0.0182694 -3.06065 -0.53536 0.00303611 0.844619 63.4323 
0.841852 0.0308611 0.538825 166.587 -0.0256004 0.999523 -0.0172496 -3.08187 -0.539101 0.000727471 0.842241 64.0681 
0.838998 0.0322071 0.54318 166.983 -0.0277686 0.99948 -0.0163711 -3.10202 -0.543425 -0.00134801 0.839457 64.7125 
0.835993 0.0322472 0.547792 167.389 -0.0289807 0.999473 -0.0146085 -3.12263 -0.547974 -0.00366273 0.836487 65.3645 
0.832817 0.0299534 0.552737 167.817 -0.0263079 0.999548 -0.0145279 -3.13741 -0.552922 -0.00244228 0.833229 66.0237 
0.829559 0.0265092 0.557789 168.264 -0.0238701 0.999643 -0.0120081 -3.1605 -0.557908 -0.00335303 0.829896 66.6941 
0.825726 0.027178 0.563417 168.708 -0.0252695 0.999618 -0.0111851 -3.18166 -0.563506 -0.00500137 0.826097 67.3695 
0.822363 0.0294135 0.568202 169.162 -0.0267494 0.999557 -0.0130283 -3.19905 -0.568334 -0.00448508 0.822786 68.0514 
0.819439 0.0301919 0.572371 169.631 -0.0254901 0.999543 -0.0162316 -3.22198 -0.5726 -0.00128892 0.819834 68.7338 
0.816419 0.0323794 0.576552 170.094 -0.0257989 0.999475 -0.0195987 -3.24342 -0.576884 0.00112638 0.816825 69.429 
0.813502 0.0317141 0.580696 170.573 -0.0252211 0.999497 -0.0192538 -3.26593 -0.581015 0.00101728 0.813893 70.1352 
0.811143 0.0285379 0.584152 171.07 -0.0262885 0.999578 -0.0123292 -3.29002 -0.584257 -0.00535573 0.811551 70.8498 
0.808748 0.0248776 0.587629 171.569 -0.0262306 0.999637 -0.00621909 -3.31628 -0.587571 -0.0103842 0.809106 71.5634 
0.806857 0.0231371 0.590293 172.066 -0.0215512 0.99972 -0.00972713 -3.34247 -0.590353 -0.00487309 0.807131 72.2618 
0.805412 0.0284204 0.592033 172.558 -0.0202061 0.999586 -0.020496 -3.36807 -0.59237 0.00454513 0.805653 72.958 
0.804029 0.0308687 0.593789 173.054 -0.0181308 0.99946 -0.0274076 -3.39705 -0.594314 0.0112706 0.804154 73.6489 
0.803243 0.0272318 0.595029 173.565 -0.0138871 0.999539 -0.0269978 -3.42896 -0.595489 0.0134226 0.803251 74.3517 
0.802595 0.0215617 0.596135 174.072 -0.011438 0.999719 -0.0207596 -3.46572 -0.596415 0.00984296 0.802616 75.0556 
0.802077 0.0174125 0.596967 174.579 -0.00848338 0.999806 -0.0177644 -3.49825 -0.59716 0.00918413 0.802069 75.7576 
0.802305 0.0126184 0.596781 175.092 -0.00417222 0.999871 -0.0155321 -3.53356 -0.596899 0.00997163 0.802254 76.4603 
0.802564 0.00850605 0.596505 175.595 0.000935442 0.999879 -0.0155166 -3.56214 -0.596565 0.0130111 0.80246 77.1541 
0.803196 0.00676034 0.595677 176.088 0.00333642 0.999869 -0.0158462 -3.59405 -0.595706 0.014715 0.803068 77.8389 
0.80399 0.00916721 0.594572 176.58 0.0036957 0.999785 -0.0204121 -3.6271 -0.594631 0.0186085 0.803783 78.524 
0.80441 0.00910206 0.594005 177.068 0.00673087 0.999679 -0.0244332 -3.66015 -0.594037 0.0236525 0.80409 79.2082 
0.804749 0.00618166 0.593583 177.557 0.0090835 0.999701 -0.0227259 -3.69177 -0.593546 0.0236805 0.804452 79.8882 
0.80436 0.00477217 0.594123 178.038 0.00638859 0.999841 -0.0166802 -3.72297 -0.594108 0.0172125 0.804201 80.575 
0.803846 -0.00117036 0.594836 178.524 0.00715167 0.999945 -0.00769706 -3.75163 -0.594795 0.0104414 0.80381 81.2576 
0.80344 -0.00579187 0.595358 179.004 0.00921443 0.999954 -0.00270692 -3.77472 -0.595315 0.00766075 0.803456 81.9249 
0.802721 -0.00896851 0.596287 179.476 0.0123749 0.999922 -0.00161957 -3.79679 -0.596226 0.00867907 0.80277 82.5728 
0.801771 -0.00525971 0.597609 179.922 0.0100593 0.999938 -0.00469505 -3.82078 -0.597547 0.00977589 0.801774 83.2033 
0.800696 0.0024464 0.599066 180.366 0.00700354 0.999885 -0.0134439 -3.84646 -0.59903 0.0149601 0.800587 83.8206 
0.799156 0.00696201 0.601084 180.798 0.00711656 0.999753 -0.0210411 -3.8716 -0.601082 0.0210928 0.798909 84.4177 
