1 2.12261e-08 -2.11895e-08 0 2.12261e-08 1 2.10703e-08 0 -2.11895e-08 2.10703e-08 1 0 
0.999932 -0.00300069 0.0112882 0.0152003 0.00298553 0.999995 0.00136363 -0.00899177 -0.0112923 -0.00132979 0.999935 0.293173 
0.999825 -0.0052859 0.0179542 0.0250242 0.0052618 0.999985 0.00139137 -0.012947 -0.0179614 -0.00129661 0.999838 0.593268 
0.99977 -0.00793756 0.0199119 0.0313519 0.00793838 0.999969 4.03921e-05 -0.0143862 -0.0199116 0.000117727 0.999802 0.89557 
0.999805 -0.00948019 0.0172972 0.0400438 0.00950508 0.999954 -0.00135461 -0.0197252 -0.0172836 0.0015188 0.99985 1.20761 
0.999876 -0.0121175 0.0100998 0.043086 0.0121462 0.999922 -0.00278106 -0.0217471 -0.0100653 0.00290343 0.999945 1.52869 
0.999901 -0.0138136 -0.00266576 0.0388593 0.0138011 0.999894 -0.00467245 -0.0256211 0.00272998 0.00463524 0.999986 1.85621 
0.999726 -0.0131046 -0.0194108 0.0168054 0.0130133 0.999904 -0.00482398 -0.032067 0.0194721 0.0045701 0.9998 2.19975 
0.999199 -0.00879816 -0.039032 -0.019056 0.00860802 0.99995 -0.00503795 -0.0351522 0.0390744 0.00469798 0.999225 2.55384 
0.998241 -0.005308 -0.0590486 -0.0629937 0.00494685 0.999968 -0.00626141 -0.0407237 0.0590799 0.00595833 0.998236 2.91699 
0.996813 -0.00507126 -0.0796099 -0.108714 0.00452998 0.999965 -0.00697881 -0.0406594 0.0796425 0.00659598 0.996802 3.29143 
0.994892 -0.00649934 -0.10074 -0.163929 0.00587722 0.999962 -0.00647141 -0.0404173 0.100778 0.00584632 0.994892 3.68531 
0.992678 -0.0080746 -0.120525 -0.228477 0.00745069 0.999956 -0.0056267 -0.0475773 0.120565 0.00468755 0.992694 4.07484 
0.990358 -0.00677567 -0.138364 -0.306379 0.0061319 0.999968 -0.00507873 -0.052515 0.138394 0.00418138 0.990369 4.47769 
0.988059 -0.00537166 -0.153983 -0.392689 0.00474663 0.999979 -0.0044267 -0.0573028 0.154004 0.00364298 0.988064 4.89485 
0.98582 -0.00485031 -0.167735 -0.480564 0.00413062 0.999981 -0.00463947 -0.0632986 0.167754 0.00388088 0.985821 5.32383 
0.983649 -0.00661405 -0.179973 -0.574962 0.00570427 0.999968 -0.00557241 -0.0712294 0.180004 0.00445473 0.983656 5.76382 
0.981787 -0.0102259 -0.189709 -0.669876 0.00890769 0.99993 -0.00780037 -0.0775058 0.189775 0.00596848 0.981809 6.21469 
0.980238 -0.00942094 -0.197596 -0.774294 0.00759398 0.999921 -0.0100019 -0.0793001 0.197675 0.00830371 0.980233 6.68284 
0.978703 -0.0088236 -0.205094 -0.888559 0.00655098 0.999909 -0.0117574 -0.0849538 0.205179 0.0101635 0.978672 7.15347 
0.976973 -0.00999044 -0.213131 -1.00794 0.00710657 0.999873 -0.014293 -0.100725 0.213247 0.0124493 0.976919 7.62442 
0.975203 -0.0143158 -0.220851 -1.12788 0.0111011 0.999814 -0.0157907 -0.11344 0.221036 0.0129475 0.97518 8.12646 
0.973367 -0.0207196 -0.228314 -1.25681 0.0173002 0.999706 -0.0169682 -0.127232 0.228598 0.0125665 0.97344 8.62972 
0.971243 -0.0213035 -0.237134 -1.39146 0.0171945 0.999664 -0.0193829 -0.14207 0.237467 0.0147482 0.971284 9.14967 
0.969123 -0.0175137 -0.245955 -1.54993 0.012021 0.999644 -0.0238158 -0.155099 0.246285 0.0201239 0.968989 9.68287 
0.966927 -0.014383 -0.254649 -1.71611 0.00776281 0.999606 -0.0269833 -0.1714 0.254937 0.0241141 0.966657 10.226 
0.964676 -0.016534 -0.262919 -1.88215 0.00926861 0.999541 -0.0288499 -0.188954 0.263276 0.025394 0.964386 10.7779 
0.962303 -0.0192638 -0.271296 -2.04993 0.0112385 0.999453 -0.0311043 -0.211497 0.271746 0.0268829 0.961993 11.3368 
0.960015 -0.0189824 -0.279303 -2.23727 0.0099989 0.999387 -0.0335539 -0.235379 0.279769 0.0294196 0.959617 11.9189 
0.957636 -0.0180311 -0.287415 -2.43423 0.00769845 0.999284 -0.0370403 -0.262717 0.287877 0.0332586 0.95709 12.51 
0.95536 -0.0186175 -0.294857 -2.64266 0.00641645 0.999085 -0.0422932 -0.292777 0.295375 0.0385133 0.954605 13.1114 
0.953606 -0.0203356 -0.300369 -2.85216 0.00555451 0.998735 -0.0499822 -0.325201 0.301006 0.045995 0.952513 13.7164 
0.952291 -0.0213072 -0.304448 -3.07895 0.00380617 0.998312 -0.0579629 -0.363133 0.305169 0.0540388 0.950764 14.3456 
0.951047 -0.0217664 -0.30828 -3.30576 0.00121057 0.997771 -0.066714 -0.401935 0.309045 0.063075 0.948953 14.9738 
0.94972 -0.0215149 -0.31236 -3.53853 -0.00227412 0.997136 -0.0755956 -0.450422 0.313092 0.0725051 0.946951 15.6062 
0.948465 -0.0208611 -0.316193 -3.77714 -0.00561409 0.996568 -0.0825896 -0.507207 0.316831 0.0801086 0.945093 16.2431 
0.946936 -0.0188002 -0.320872 -4.02907 -0.0104409 0.995962 -0.089167 -0.571256 0.321252 0.0877857 0.942916 16.9026 
0.945305 -0.0181628 -0.325682 -4.27783 -0.0134787 0.995421 -0.0946356 -0.643982 0.32591 0.0938494 0.940731 17.5522 
0.943567 -0.0158925 -0.330802 -4.53551 -0.0183621 0.994801 -0.100168 -0.714619 0.330674 0.10059 0.938369 18.2332 
0.941974 -0.0130337 -0.335433 -4.80862 -0.0230278 0.994383 -0.103306 -0.792042 0.334895 0.105036 0.936383 18.9026 
0.9402 -0.0124085 -0.340396 -5.08642 -0.0247692 0.9942 -0.104656 -0.8722 0.33972 0.106829 0.93444 19.5986 
0.937983 -0.0121458 -0.346467 -5.36373 -0.0253561 0.994306 -0.103503 -0.958665 0.345752 0.105869 0.932334 20.3018 
0.935814 -0.0116657 -0.352302 -5.6556 -0.0260102 0.994442 -0.102019 -1.04223 0.351534 0.104634 0.930309 20.9873 
0.933308 -0.0114161 -0.358895 -5.96045 -0.0264687 0.994588 -0.100469 -1.1232 0.3581 0.103268 0.927955 21.7178 
0.930067 -0.010291 -0.367246 -6.26635 -0.0275038 0.994852 -0.0975325 -1.20359 0.366359 0.100812 0.924996 22.4442 
0.926806 -0.00806555 -0.375454 -6.58823 -0.0285257 0.995369 -0.0917983 -1.28448 0.374455 0.0957894 0.922284 23.1724 
0.923315 -0.00457733 -0.384017 -6.92358 -0.031092 0.995756 -0.0866253 -1.36507 0.382784 0.0919223 0.919253 23.9174 
0.919732 -0.000621637 -0.392547 -7.26657 -0.0345942 0.99598 -0.082631 -1.44365 0.39102 0.0895783 0.916013 24.6559 
0.915883 0.000253739 -0.401445 -7.61966 -0.0356647 0.996097 -0.0807383 -1.51984 0.399858 0.0882644 0.912318 25.4107 
0.912011 0.000415849 -0.410166 -7.98351 -0.0365094 0.996112 -0.0801695 -1.59127 0.408538 0.0880904 0.90848 26.1591 
0.908172 0.000701842 -0.418596 -8.36246 -0.0372139 0.996174 -0.0790679 -1.66051 0.416939 0.0873849 0.904724 26.9263 
0.904259 0.00140768 -0.426981 -8.74968 -0.0380785 0.996276 -0.077358 -1.73238 0.425282 0.0862106 0.900946 27.6953 
0.900439 0.000732001 -0.434981 -9.15216 -0.0371075 0.996483 -0.0751381 -1.80116 0.433396 0.0837984 0.897299 28.4837 
0.896593 0.00110923 -0.442855 -9.5573 -0.0363627 0.996805 -0.0711225 -1.86973 0.441361 0.0798714 0.893768 29.2623 
0.892862 0.00342256 -0.450317 -9.97962 -0.0368255 0.997177 -0.0654365 -1.93719 0.448822 0.075009 0.890468 30.0555 
0.889012 0.00382501 -0.457868 -10.4132 -0.035888 0.997471 -0.0613485 -2.00197 0.456476 0.0709715 0.886901 30.8577 
0.885344 0.00260614 -0.464929 -10.8558 -0.0341989 0.99764 -0.0595313 -2.06422 0.463677 0.0686058 0.883344 31.6631 
0.882205 0.00180012 -0.470862 -11.3169 -0.0332389 0.997736 -0.058462 -2.12198 0.469691 0.0672265 0.880268 32.4789 
0.879049 0.00220173 -0.476726 -11.784 -0.0331769 0.997847 -0.0565674 -2.1794 0.475576 0.0655419 0.87723 33.2994 
0.876151 0.000770726 -0.482036 -12.2602 -0.0313238 0.997976 -0.0553386 -2.23959 0.481018 0.0635842 0.874402 34.131 
0.873497 -0.000104848 -0.48683 -12.745 -0.0306117 0.998009 -0.0551403 -2.29982 0.485866 0.0630676 0.871755 34.9659 
0.871577 -0.00276265 -0.49025 -13.3167 -0.0284085 0.998019 -0.0561293 -2.33483 0.489434 0.0628483 0.869773 35.8936 
0.870183 -0.00288524 -0.492721 -13.8232 -0.028692 0.997989 -0.0565163 -2.39584 0.491893 0.0633167 0.86835 36.7466 
0.869627 -0.00326938 -0.493699 -14.3391 -0.0278217 0.998065 -0.055616 -2.45571 0.492925 0.0621007 0.867853 37.6086 
0.869557 -0.00264704 -0.493826 -14.8758 -0.027865 0.998129 -0.0544166 -2.51301 0.493047 0.0610788 0.867856 38.494 
0.869374 -0.00319644 -0.494144 -15.4028 -0.0270061 0.998177 -0.0539702 -2.57425 0.493415 0.0602652 0.867704 39.37 
0.868803 -0.00492553 -0.495134 -15.9484 -0.0256279 0.998163 -0.0548985 -2.63343 0.494495 0.0603852 0.867081 40.2729 
0.867747 -0.00707344 -0.496957 -16.5306 -0.0237207 0.99817 -0.0556268 -2.69063 0.496441 0.0600582 0.865991 41.2323 
0.866376 -0.00718012 -0.499341 -17.1209 -0.0228171 0.998283 -0.0539431 -2.75283 0.498871 0.0581286 0.864725 42.1705 
0.86427 -0.00602149 -0.502993 -17.6743 -0.0220987 0.998509 -0.0499248 -2.82194 0.502543 0.0542641 0.862848 43.0808 
0.86157 -0.00589001 -0.507605 -18.2369 -0.0203197 0.998731 -0.046078 -2.88362 0.507233 0.0500138 0.860357 43.9846 
0.85756 -0.00628901 -0.514346 -18.7853 -0.0190932 0.998847 -0.044047 -2.94942 0.51403 0.0475935 0.856451 44.8762 
0.852471 -0.00993344 -0.522679 -19.3513 -0.0165718 0.998804 -0.0460102 -3.01187 0.522511 0.0478841 0.851287 45.7434 
0.846476 -0.0133441 -0.532259 -19.9262 -0.0153048 0.998663 -0.0493771 -3.0716 0.532206 0.0499427 0.84514 46.6231 
0.840257 -0.0137961 -0.542012 -20.5096 -0.0150657 0.998696 -0.0487761 -3.13173 0.541979 0.0491504 0.838954 47.4963 
0.834496 -0.0103768 -0.550916 -21.1233 -0.016303 0.99892 -0.0435102 -3.19554 0.550773 0.0452908 0.833426 48.3809 
0.82931 -0.00607965 -0.558756 -21.7467 -0.0189706 0.999058 -0.0390267 -3.25674 0.558467 0.0429652 0.828413 49.2634 
0.825241 -0.0063099 -0.564745 -22.3724 -0.019983 0.998985 -0.0403622 -3.31417 0.564427 0.0445939 0.824278 50.1375 
0.822128 -0.00823778 -0.569243 -23.0052 -0.020886 0.998786 -0.0446186 -3.37167 0.568919 0.0485715 0.820958 51.0025 
0.819156 -0.0107524 -0.573471 -23.6424 -0.0231195 0.998393 -0.0517439 -3.43132 0.573105 0.0556447 0.81759 51.8584 
0.815975 -0.0118851 -0.577965 -24.2835 -0.023203 0.99831 -0.0532871 -3.49756 0.577621 0.0568915 0.81432 52.7296 
0.812644 -0.0105528 -0.582665 -24.9298 -0.022227 0.998547 -0.0490851 -3.56611 0.582337 0.0528397 0.811229 53.5912 
0.809572 -0.00785701 -0.586968 -25.576 -0.0220119 0.998801 -0.0437295 -3.63512 0.586608 0.0483226 0.808428 54.4401 
0.806613 -0.00609959 -0.591048 -26.2322 -0.0223831 0.998914 -0.0408554 -3.69059 0.590656 0.0461841 0.805601 55.2938 
0.803507 -0.00581289 -0.595267 -26.8955 -0.0234494 0.998867 -0.0414068 -3.74613 0.594834 0.0472294 0.80246 56.1472 
0.800015 -0.00705085 -0.599939 -27.5559 -0.0233904 0.998804 -0.0429296 -3.80617 0.599524 0.0483772 0.798893 56.9912 
0.795957 -0.00987637 -0.605272 -28.2172 -0.0220932 0.998727 -0.0453499 -3.86654 0.604949 0.049469 0.794726 57.836 
0.791828 -0.0112475 -0.610641 -28.8893 -0.0209105 0.998745 -0.045511 -3.92871 0.610386 0.0488057 0.790599 58.6624 
0.787277 -0.0114611 -0.616493 -29.5766 -0.0205169 0.998787 -0.0447688 -3.98656 0.616258 0.047894 0.786087 59.508 
0.782418 -0.0108808 -0.622659 -30.2739 -0.021124 0.998808 -0.0439978 -4.05072 0.622396 0.0475778 0.781255 60.349 
0.777253 -0.0118876 -0.629075 -30.9841 -0.0210497 0.998771 -0.0448816 -4.11204 0.628835 0.0481263 0.776048 61.186 
0.771927 -0.0133413 -0.635572 -31.6904 -0.0205101 0.998737 -0.0458748 -4.17133 0.635381 0.0484477 0.770678 62.0056 
0.766667 -0.0141342 -0.641889 -32.4008 -0.0206814 0.998695 -0.0466927 -4.23558 0.641712 0.049073 0.765374 62.8084 
0.760975 -0.0157415 -0.64859 -33.1325 -0.0199774 0.998663 -0.047677 -4.30001 0.648473 0.0492383 0.759643 63.6354 
0.755071 -0.0176543 -0.655405 -33.8627 -0.0192056 0.998613 -0.0490254 -4.35805 0.655362 0.0496052 0.753685 64.4446 
0.74891 -0.0193338 -0.66239 -34.6089 -0.0174934 0.998649 -0.0489269 -4.41833 0.662441 0.0482294 0.74756 65.245 
0.742704 -0.0193524 -0.66934 -35.3607 -0.0166351 0.998741 -0.0473346 -4.48457 0.669413 0.0462902 0.741447 66.0383 
0.736256 -0.0197077 -0.676416 -36.1434 -0.0162319 0.998774 -0.0467677 -4.55057 0.676508 0.0454125 0.735033 66.8595 
0.729633 -0.0217302 -0.683494 -36.9183 -0.0145052 0.998778 -0.0472384 -4.61987 0.683685 0.0443809 0.728426 67.671 
0.72343 -0.0227195 -0.690024 -37.6985 -0.0155469 0.998669 -0.0491814 -4.68678 0.690223 0.0463071 0.722113 68.4482 
0.71732 -0.0218816 -0.6964 -38.494 -0.0168821 0.998667 -0.0487684 -4.7583 0.696539 0.0467393 0.715995 69.2379 
0.712148 -0.021596 -0.701697 -39.3107 -0.0170798 0.998698 -0.0480709 -4.82012 0.701821 0.0462185 0.710852 70.0209 
0.707165 -0.0208738 -0.706741 -40.1258 -0.0185482 0.998672 -0.0480555 -4.88695 0.706806 0.047092 0.705839 70.8072 
0.70263 -0.0214155 -0.711233 -40.9583 -0.0193734 0.998601 -0.0492074 -4.95425 0.711291 0.0483536 0.701232 71.5887 
0.697316 -0.0230846 -0.716392 -41.7985 -0.0202514 0.998448 -0.0518855 -5.02554 0.716478 0.0506886 0.695766 72.3784 
0.692301 -0.0254309 -0.721161 -42.6516 -0.0200258 0.998317 -0.054429 -5.09789 0.721331 0.0521231 0.690626 73.1705 
0.687287 -0.0256142 -0.725934 -43.5049 -0.0209717 0.998262 -0.0550784 -5.17082 0.726083 0.0530788 0.685555 73.9434 
0.682586 -0.0250747 -0.730375 -44.3712 -0.0204951 0.998361 -0.0534291 -5.24944 0.730518 0.0514392 0.680954 74.7165 
0.677558 -0.0252238 -0.735036 -45.2694 -0.0198829 0.998418 -0.0525902 -5.31833 0.7352 0.0502477 0.675985 75.5034 
0.672661 -0.0259694 -0.739495 -46.1474 -0.01969 0.998402 -0.0529722 -5.3963 0.739688 0.050193 0.671075 76.2631 
0.667999 -0.0271945 -0.743665 -47.0436 -0.018802 0.998396 -0.0533985 -5.4647 0.743924 0.0496526 0.666417 77.0408 
0.663375 -0.0279248 -0.747766 -47.9385 -0.0176229 0.998443 -0.0529202 -5.53954 0.74808 0.0482838 0.66185 77.8136 
0.659198 -0.0288256 -0.751417 -48.8447 -0.0165791 0.998465 -0.0528472 -5.61405 0.751787 0.0472946 0.657708 78.5828 
0.655317 -0.0315785 -0.754694 -49.7541 -0.014062 0.998443 -0.0539879 -5.69082 0.755224 0.0459918 0.653852 79.3463 
0.651092 -0.0363662 -0.758127 -50.6746 -0.0107364 0.99831 -0.057108 -5.76715 0.758923 0.0453222 0.649602 80.1128 
0.646672 -0.0401122 -0.761712 -51.5936 -0.00727819 0.998246 -0.0587472 -5.84606 0.762733 0.0435341 0.645246 80.8639 
0.640028 -0.0436485 -0.767111 -52.5325 -0.00263569 0.998255 -0.0589996 -5.92529 0.768347 0.0397833 0.638796 81.6246 
0.631829 -0.0473713 -0.773659 -53.4778 0.00216064 0.998234 -0.0593576 -6.00853 0.775105 0.0358323 0.630816 82.3748 
0.622794 -0.0484031 -0.780887 -54.4412 0.00486544 0.998305 -0.0579993 -6.09082 0.78237 0.0323224 0.621974 83.1267 
0.614242 -0.0470881 -0.787712 -55.4217 0.00510559 0.998434 -0.0557036 -6.16866 0.789102 0.0301938 0.61352 83.8621 
0.605622 -0.0466473 -0.794384 -56.3937 0.00412222 0.998451 -0.0554877 -6.2518 0.795742 0.03033 0.604876 84.5637 
0.595972 -0.0481248 -0.801562 -57.3905 0.00341518 0.998345 -0.0574002 -6.32953 0.802998 0.0314715 0.59515 85.2802 
0.585978 -0.0503347 -0.808762 -58.4147 0.00379853 0.998229 -0.0593743 -6.41379 0.810318 0.03172 0.585132 86.0005 
0.576544 -0.0519262 -0.815415 -59.4596 0.00401007 0.998146 -0.0607274 -6.49472 0.817056 0.0317422 0.575683 86.7022 
0.566309 -0.052673 -0.822508 -60.4918 0.00703525 0.998228 -0.0590822 -6.58385 0.824163 0.0276723 0.565676 87.3952 
0.555867 -0.0527191 -0.829598 -61.5498 0.00821268 0.998287 -0.0579361 -6.66962 0.83123 0.0253916 0.555348 88.0936 
0.545506 -0.0532844 -0.836411 -62.6097 0.00829448 0.998271 -0.0581863 -6.75643 0.838066 0.0248034 0.545005 88.7641 
0.535521 -0.0541404 -0.842785 -63.6731 0.00711739 0.998197 -0.0596016 -6.84017 0.844492 0.0259195 0.534941 89.4137 
0.52543 -0.0545863 -0.849084 -64.7516 0.00546721 0.998136 -0.0607854 -6.92683 0.850819 0.0272964 0.524749 90.0545 
0.515649 -0.0557247 -0.854986 -65.8241 0.00467306 0.998051 -0.0622308 -7.01757 0.856787 0.0280939 0.514904 90.6731 
0.506076 -0.0557648 -0.860684 -66.9204 0.00372862 0.99804 -0.0624719 -7.1038 0.862481 0.0284064 0.505292 91.2913 
0.497656 -0.0538063 -0.865704 -68.0327 0.00286644 0.998171 -0.0603918 -7.19275 0.86737 0.0275729 0.4969 91.8981 
0.489821 -0.0522316 -0.870257 -69.143 0.0032084 0.998305 -0.0581111 -7.27951 0.871817 0.025672 0.489159 92.4939 
0.481977 -0.052569 -0.874605 -70.2749 0.00321916 0.998298 -0.0582297 -7.36685 0.876178 0.0252499 0.481326 93.0974 
0.474405 -0.0557281 -0.878541 -71.3985 0.00487809 0.998145 -0.0606808 -7.45285 0.880293 0.0245017 0.473797 93.683 
0.467642 -0.0592185 -0.881932 -72.5455 0.00710403 0.997973 -0.0632434 -7.54074 0.88389 0.02331 0.467115 94.2636 
0.461571 -0.0619303 -0.884939 -73.6935 0.00842162 0.997821 -0.0654375 -7.64077 0.887064 0.0227514 0.461086 94.8397 
0.45605 -0.0655712 -0.887535 -74.8362 0.010226 0.997602 -0.0684485 -7.73874 0.889895 0.0221401 0.455627 95.4124 
0.451104 -0.0666088 -0.889982 -75.994 0.0130229 0.997596 -0.0680621 -7.83905 0.892376 0.019113 0.450887 95.9919 
0.446631 -0.0642525 -0.892408 -77.1436 0.0145797 0.997808 -0.0645444 -7.93733 0.894599 0.0158166 0.446589 96.559 
0.442563 -0.0623399 -0.894568 -78.2803 0.0176458 0.997993 -0.0608175 -8.03346 0.896564 0.0111303 0.442774 97.1114 
0.439449 -0.0616703 -0.896148 -79.4285 0.0191695 0.998057 -0.0592832 -8.13082 0.898063 0.0088733 0.439778 97.6445 
0.436304 -0.0616982 -0.897682 -80.5637 0.0208594 0.998072 -0.0584598 -8.22272 0.899558 0.00678121 0.43675 98.1777 
0.433687 -0.0611033 -0.89899 -81.7017 0.0226896 0.998122 -0.0568954 -8.31113 0.900778 0.0042771 0.434259 98.7071 
0.431203 -0.0604032 -0.900231 -82.8362 0.0247306 0.998173 -0.0551292 -8.40059 0.901916 0.0015086 0.431909 99.2378 
0.429053 -0.0616661 -0.901172 -83.9759 0.0275635 0.998096 -0.0551753 -8.48838 0.902859 -0.00116631 0.429936 99.7575 
0.426347 -0.0619873 -0.902434 -85.0993 0.0300619 0.998069 -0.0543539 -8.5749 0.90406 -0.00395517 0.427387 100.279 
0.423938 -0.0613192 -0.903613 -86.208 0.0330742 0.998088 -0.0522132 -8.65577 0.905087 -0.00775108 0.425155 100.789 
0.421882 -0.060733 -0.904614 -87.3235 0.0353108 0.998098 -0.0505414 -8.74051 0.905963 -0.0106201 0.423224 101.289 
0.419593 -0.0620649 -0.905588 -88.4226 0.0377654 0.99799 -0.0508995 -8.8209 0.906926 -0.0128427 0.421093 101.795 
0.418307 -0.063101 -0.906111 -89.5 0.0386717 0.997917 -0.0516415 -8.90118 0.907482 -0.0134388 0.419876 102.274 
0.417869 -0.0642698 -0.906231 -90.574 0.038775 0.997847 -0.0528879 -8.98497 0.90768 -0.0130389 0.419462 102.749 
0.418298 -0.0651779 -0.905968 -91.6409 0.0383287 0.9978 -0.0540877 -9.06936 0.907501 -0.0120997 0.419876 103.219 
0.420172 -0.0649594 -0.905116 -92.6843 0.0365055 0.997837 -0.0546673 -9.15239 0.90671 -0.010072 0.421635 103.69 
0.424255 -0.0654176 -0.903177 -93.7176 0.0348258 0.997828 -0.0559143 -9.23299 0.904873 -0.00773189 0.425612 104.157 
0.4295 -0.0663964 -0.900623 -94.7444 0.0337495 0.997777 -0.057464 -9.31177 0.902436 -0.0057148 0.430786 104.622 
0.434987 -0.0669054 -0.897947 -95.761 0.0335275 0.997748 -0.0580999 -9.39026 0.899812 -0.00483317 0.436251 105.098 
0.441637 -0.0653128 -0.894813 -96.7597 0.0321364 0.997858 -0.0569731 -9.47757 0.896618 -0.00359463 0.44279 105.575 
0.449357 -0.0642533 -0.891039 -97.7511 0.0309213 0.997931 -0.0563676 -9.55688 0.892817 -0.00222285 0.450414 106.06 
0.458247 -0.0637673 -0.886534 -98.7441 0.0304044 0.997964 -0.0560663 -9.63574 0.888305 -0.0012622 0.459253 106.549 
0.467487 -0.0633588 -0.881727 -99.7241 0.0299097 0.997991 -0.0558554 -9.71513 0.883494 -0.000260474 0.468443 107.053 
0.476986 -0.0644843 -0.876542 -100.695 0.0294921 0.997918 -0.0573648 -9.79095 0.878416 0.00151113 0.477894 107.566 
0.487031 -0.0659381 -0.870892 -101.666 0.0276066 0.99781 -0.060109 -9.87384 0.872948 0.00523266 0.487785 108.094 
0.498203 -0.0672121 -0.864452 -102.618 0.0266421 0.997707 -0.0622184 -9.95545 0.866651 0.00796662 0.498851 108.622 
0.510385 -0.065532 -0.857446 -103.565 0.0246983 0.997798 -0.0615573 -10.0391 0.859591 0.0102406 0.510879 109.161 
0.523102 -0.0633796 -0.84991 -104.525 0.0234837 0.997924 -0.0599637 -10.1147 0.851947 0.0114081 0.523504 109.731 
0.535231 -0.0611527 -0.842489 -105.448 0.0228349 0.998059 -0.0579379 -10.1944 0.844397 0.0117721 0.535589 110.296 
0.546768 -0.0612628 -0.83504 -106.363 0.0234612 0.998049 -0.05786 -10.2699 0.836956 0.012045 0.547138 110.884 
0.558201 -0.061706 -0.827408 -107.26 0.0236789 0.998009 -0.0584544 -10.3502 0.829368 0.0130373 0.558551 111.464 
0.56905 -0.0625149 -0.819923 -108.138 0.0237482 0.99794 -0.0596057 -10.4307 0.82196 0.014447 0.569363 112.053 
0.579898 -0.06347 -0.812213 -108.991 0.0251063 0.997879 -0.0600536 -10.5105 0.814302 0.0144333 0.580262 112.647 
0.590442 -0.0632457 -0.804598 -109.836 0.0256214 0.997891 -0.0596377 -10.5919 0.806673 0.0145977 0.590817 113.256 
0.600923 -0.0609882 -0.796977 -110.685 0.0248054 0.998028 -0.0576701 -10.6715 0.798922 0.014886 0.60125 113.879 
0.610643 -0.0581508 -0.789768 -111.512 0.0248092 0.998216 -0.0543166 -10.7498 0.791518 0.0135746 0.610996 114.509 
0.620821 -0.0568246 -0.78189 -112.316 0.0238026 0.998276 -0.0536514 -10.8184 0.783591 0.0146969 0.621103 115.126 
0.630504 -0.0564294 -0.774132 -113.1 0.022304 0.998259 -0.0546011 -10.892 0.775865 0.01716 0.630665 115.749 
0.639678 -0.056058 -0.766596 -113.876 0.0204648 0.998226 -0.0559195 -10.9625 0.76837 0.0200823 0.63969 116.385 
0.64852 -0.0555101 -0.759171 -114.638 0.0204506 0.998248 -0.0555214 -11.0331 0.760923 0.0204813 0.648519 117.034 
0.657685 -0.0533369 -0.751403 -115.382 0.0198728 0.998372 -0.0534733 -11.1012 0.753031 0.0202362 0.657674 117.663 
0.665994 -0.0516194 -0.744169 -116.111 0.0202384 0.998486 -0.0511478 -11.1702 0.745683 0.0190034 0.66603 118.308 
0.673889 -0.0508197 -0.737083 -116.815 0.0205206 0.998534 -0.0500848 -11.2414 0.738548 0.0186262 0.673944 118.938 
0.681309 -0.050753 -0.730234 -117.521 0.0202424 0.998518 -0.0505133 -11.3028 0.731716 0.0196335 0.681327 119.582 
0.688184 -0.0501695 -0.723799 -118.217 0.0200058 0.998539 -0.0501914 -11.3646 0.72526 0.0200608 0.688183 120.245 
0.69462 -0.0474472 -0.717811 -118.895 0.019266 0.998692 -0.0473699 -11.4286 0.719119 0.0190748 0.694625 120.907 
0.701726 -0.0448516 -0.711033 -119.566 0.0186137 0.99883 -0.0446356 -11.4912 0.712203 0.018087 0.70174 121.558 
0.708647 -0.0437603 -0.704205 -120.212 0.0181111 0.998874 -0.0438461 -11.546 0.705331 0.0183176 0.708641 122.205 
0.715724 -0.0431848 -0.697047 -120.85 0.0178013 0.99889 -0.043607 -11.6013 0.698157 0.0188022 0.715698 122.851 
0.72325 -0.040326 -0.689408 -121.472 0.0152632 0.998983 -0.0424218 -11.6527 0.690417 0.020159 0.723131 123.498 
0.732202 -0.0380296 -0.680025 -122.087 0.0150783 0.9991 -0.0396383 -11.7048 0.68092 0.0187697 0.732117 124.146 
0.741702 -0.0339679 -0.669868 -122.684 0.0131038 0.99926 -0.0361618 -11.7577 0.670601 0.0180435 0.741599 124.802 
0.751698 -0.0319541 -0.658732 -123.268 0.0115881 0.999311 -0.0352515 -11.8052 0.659405 0.0188651 0.751551 125.458 
0.761831 -0.0311643 -0.647026 -123.839 0.010185 0.999295 -0.0361393 -11.8514 0.647696 0.0209421 0.761611 126.11 
0.771831 -0.0323562 -0.635004 -124.408 0.0105424 0.999218 -0.0381006 -11.8938 0.63574 0.0227129 0.771569 126.776 
0.781752 -0.0313997 -0.622798 -124.993 0.0102033 0.999242 -0.0375714 -11.9443 0.623506 0.023017 0.78148 127.508 
0.792124 -0.0297696 -0.609634 -125.507 0.00991022 0.999306 -0.0359213 -11.9838 0.61028 0.0224125 0.791868 128.151 
0.802321 -0.0276682 -0.596251 -126.013 0.00996463 0.999407 -0.0329676 -12.0257 0.596809 0.0205092 0.802121 128.822 
0.812043 -0.0263649 -0.583002 -126.521 0.0104824 0.999477 -0.0305985 -12.0687 0.583504 0.018736 0.811894 129.524 
0.820834 -0.0248793 -0.570624 -126.997 0.0111731 0.999559 -0.0275087 -12.1083 0.571057 0.0162045 0.820751 130.219 
0.828689 -0.0244801 -0.559174 -127.473 0.0123167 0.999599 -0.0255083 -12.1416 0.559574 0.0142513 0.828658 130.93 
0.835909 -0.0246863 -0.548312 -127.94 0.0139747 0.999621 -0.0237008 -12.1832 0.54869 0.0121493 0.835938 131.634 
0.842309 -0.0244661 -0.538439 -128.35 0.0141659 0.999629 -0.0232617 -12.2161 0.538809 0.0119661 0.842343 132.318 
0.849103 -0.0236272 -0.527699 -128.802 0.0133789 0.999641 -0.0232305 -12.245 0.528059 0.0126651 0.849114 133.031 
0.855714 -0.0218731 -0.516987 -129.247 0.0120588 0.999678 -0.0223355 -12.2738 0.517309 0.0128786 0.855702 133.756 
0.861857 -0.0209388 -0.506719 -129.689 0.0114903 0.999697 -0.0217665 -12.3025 0.507021 0.0129373 0.861837 134.504 
0.867678 -0.0212743 -0.496671 -130.1 0.0121209 0.999692 -0.0216455 -12.3356 0.496979 0.0127612 0.867669 135.234 
0.872913 -0.02259 -0.487353 -130.535 0.0132829 0.999658 -0.0225452 -12.3631 0.487696 0.0132066 0.872914 135.988 
0.877066 -0.0233843 -0.479801 -130.954 0.0140288 0.999635 -0.0230754 -12.3955 0.480166 0.0135076 0.877074 136.752 
0.880449 -0.022541 -0.473605 -131.373 0.0136989 0.999662 -0.0221117 -12.4271 0.473943 0.0129804 0.88046 137.528 
0.883311 -0.0209403 -0.46832 -131.758 0.0137608 0.99973 -0.0187471 -12.4505 0.468586 0.010115 0.88336 138.285 
0.886611 -0.0157136 -0.462248 -132.191 0.0103935 0.999847 -0.0140536 -12.4853 0.462398 0.00765574 0.886639 139.075 
0.889923 -0.0131658 -0.45592 -132.617 0.0090056 0.999896 -0.0112962 -12.5072 0.456021 0.00594698 0.889949 139.883 
0.893309 -0.0103185 -0.449325 -133.046 0.00693891 0.999934 -0.00916756 -12.5247 0.44939 0.00507169 0.893321 140.7 
0.896708 -0.00843084 -0.442542 -133.475 0.00598324 0.999958 -0.00692658 -12.5423 0.442582 0.00356333 0.896721 141.532 
0.899912 -0.00703805 -0.436016 -133.896 0.00590187 0.999975 -0.00396028 -12.5576 0.436033 0.000990638 0.89993 142.392 
0.903293 -0.0071027 -0.428965 -134.324 0.00696107 0.999974 -0.00189912 -12.5735 0.428967 -0.00127054 0.903319 143.278 
0.906784 -0.00711702 -0.421535 -134.745 0.00755957 0.999971 -0.000621417 -12.5935 0.421527 -0.00262308 0.906812 144.176 
0.910346 -0.00805457 -0.413769 -135.151 0.00855862 0.999963 -0.00063562 -12.6008 0.413759 -0.00296261 0.910382 145.092 
0.914262 -0.0102683 -0.404994 -135.585 0.0108115 0.999941 -0.00094619 -12.6123 0.40498 -0.00351349 0.914319 146.036 
0.918339 -0.0121084 -0.39561 -135.997 0.0122356 0.999923 -0.00220192 -12.6191 0.395606 -0.00281837 0.918416 146.962 
0.922808 -0.0127143 -0.38505 -136.401 0.0121645 0.999919 -0.00386395 -12.646 0.385068 -0.00111822 0.922888 147.92 
0.928265 -0.0111099 -0.371754 -136.826 0.0101478 0.999938 -0.00454436 -12.659 0.371781 0.000445934 0.92832 148.896 
0.934363 -0.00759798 -0.356243 -137.212 0.00688848 0.999971 -0.0032603 -12.6747 0.356257 0.000592379 0.934388 149.898 
0.941077 -0.00331185 -0.338177 -137.579 0.00360124 0.999994 0.000228231 -12.6949 0.338174 -0.00143259 0.941083 150.881 
0.947788 -0.00035119 -0.3189 -137.929 0.0010092 0.999998 0.00189805 -12.7087 0.318898 -0.00212074 0.947787 151.907 
0.954405 0.000813784 -0.298515 -138.24 1.49298e-05 0.999996 0.00277372 -12.7173 0.298516 -0.00265166 0.954401 152.909 
0.960695 0.00191845 -0.277598 -138.563 -0.000786726 0.999991 0.00418805 -12.7102 0.277604 -0.00380499 0.960688 154.072 
0.966666 0.00282969 -0.256026 -138.859 -0.00109273 0.999975 0.00692615 -12.7184 0.256039 -0.00641546 0.966645 155.124 
0.972063 0.00489013 -0.23467 -139.12 -0.00245574 0.99994 0.0106646 -12.7235 0.234708 -0.00979033 0.972017 156.2 
0.977127 0.0070644 -0.212538 -139.4 -0.00396876 0.99988 0.014988 -12.725 0.212619 -0.0138016 0.977038 157.358 
0.981672 0.00894042 -0.19037 -139.651 -0.00554913 0.999816 0.0183397 -12.7205 0.190499 -0.0169471 0.981541 158.516 
0.985625 0.0105459 -0.168619 -139.857 -0.00754782 0.999802 0.0184109 -12.7153 0.16878 -0.0168735 0.985509 159.633 
0.989101 0.00942427 -0.146936 -140.038 -0.00706841 0.999838 0.0165469 -12.7108 0.147068 -0.0153279 0.989008 160.796 
0.991954 0.00938104 -0.126255 -140.199 -0.00744576 0.999848 0.0157913 -12.7034 0.126383 -0.0147241 0.991872 161.966 
0.994311 0.00817866 -0.106205 -140.332 -0.00630525 0.999819 0.017963 -12.6992 0.106333 -0.0171911 0.994182 163.135 
0.996218 0.00869356 -0.0864549 -140.453 -0.00700611 0.999779 0.0198022 -12.7024 0.0866079 -0.0191216 0.996059 164.377 
0.997739 0.00911641 -0.0665852 -140.533 -0.00773359 0.99975 0.0209953 -12.6983 0.0667599 -0.0204329 0.99756 165.571 
0.998868 0.0104569 -0.0463958 -140.631 -0.00945814 0.99972 0.0216944 -12.6831 0.0466096 -0.021231 0.998688 166.829 
0.999607 0.0108999 -0.0258465 -140.685 -0.0103185 0.999693 0.0225197 -12.6752 0.0260839 -0.0222441 0.999412 168.128 
0.999898 0.0132315 -0.00540853 -140.722 -0.0131075 0.999664 0.022356 -12.6823 0.00570247 -0.0222828 0.999735 169.518 
0.999795 0.0141634 0.0144849 -140.73 -0.0144694 0.99967 0.021246 -12.6626 -0.0141792 -0.0214512 0.999669 170.81 
0.999336 0.014134 0.0335711 -140.665 -0.0147866 0.999705 0.0192733 -12.6691 -0.0332888 -0.0197568 0.999251 172.177 
0.998475 0.016048 0.0528264 -140.641 -0.0169592 0.999714 0.0168482 -12.6541 -0.0525409 -0.0177183 0.998462 173.522 
0.997288 0.0161087 0.0718175 -140.554 -0.0172552 0.999733 0.0153727 -12.6589 -0.0715507 -0.0165702 0.997299 174.889 
0.995767 0.0160402 0.0905085 -140.461 -0.017251 0.999772 0.0126111 -12.6592 -0.0902856 -0.0141191 0.995816 176.227 
0.993865 0.0171785 0.109261 -140.348 -0.0181187 0.999807 0.00761778 -12.6607 -0.109109 -0.00955066 0.993984 177.612 
0.991705 0.0188299 0.127145 -140.202 -0.0191221 0.999817 0.00107793 -12.6741 -0.127102 -0.00350023 0.991884 178.988 
0.989269 0.0206911 0.144637 -140.009 -0.020367 0.999786 -0.00372091 -12.6924 -0.144683 0.000735197 0.989478 180.391 
0.986555 0.0230453 0.161796 -139.802 -0.0221443 0.999728 -0.00736979 -12.7282 -0.161922 0.0036879 0.986797 181.749 
0.983367 0.0251845 0.179877 -139.588 -0.0237876 0.999668 -0.00991891 -12.7764 -0.180067 0.00547514 0.983639 183.263 
0.979971 0.0246365 0.19761 -139.345 -0.0231899 0.999685 -0.00963143 -12.8004 -0.197785 0.00485601 0.980233 184.684 
0.976424 0.0238966 0.214534 -139.063 -0.0222562 0.999702 -0.0100588 -12.8344 -0.21471 0.00504703 0.976665 186.066 
0.972612 0.0237012 0.231223 -138.738 -0.0208176 0.999672 -0.0149032 -12.8836 -0.2315 0.00968152 0.972787 187.504 
0.968687 0.0245039 0.247074 -138.337 -0.0204872 0.999613 -0.018815 -12.944 -0.24744 0.013164 0.968814 188.999 
0.964404 0.0267002 0.263082 -137.854 -0.0225928 0.999571 -0.0186257 -13.006 -0.263466 0.012019 0.964594 190.564 
0.959347 0.0292131 0.280712 -137.468 -0.0248536 0.999509 -0.0190783 -13.0541 -0.281132 0.011326 0.959602 192.061 
0.954168 0.032735 0.297476 -136.958 -0.0275464 0.999387 -0.0216188 -13.1371 -0.298001 0.0124336 0.954485 193.538 
0.948607 0.0331861 0.314713 -136.468 -0.0266484 0.999331 -0.0250546 -13.2248 -0.315334 0.0153804 0.948856 195.046 
0.942772 0.033874 0.331712 -135.964 -0.0263668 0.999285 -0.0271073 -13.3007 -0.332393 0.0168098 0.942991 196.523 
0.936483 0.0341088 0.349051 -135.427 -0.0244167 0.999185 -0.0321306 -13.3727 -0.349862 0.0215671 0.936553 198.045 
0.928917 0.0373273 0.368401 -134.812 -0.0251316 0.998967 -0.0378488 -13.4754 -0.369433 0.0258999 0.928896 199.711 
0.920137 0.0408003 0.389464 -134.127 -0.0270662 0.998805 -0.0406889 -13.6063 -0.390659 0.0268981 0.920142 201.288 
0.909724 0.0436158 0.412916 -133.466 -0.0289057 0.998707 -0.0418079 -13.7045 -0.414206 0.026098 0.909809 202.805 
0.897522 0.0481077 0.438338 -132.826 -0.0320939 0.998521 -0.0438738 -13.8239 -0.4398 0.0253098 0.897739 204.263 
0.884399 0.0524389 0.463777 -132.119 -0.0344253 0.998291 -0.0472286 -13.9124 -0.46546 0.0258033 0.884693 205.753 
0.870621 0.0562716 0.488725 -131.367 -0.0363718 0.99808 -0.0501254 -14.0298 -0.490607 0.0258645 0.870997 207.222 
0.856453 0.057667 0.512993 -130.599 -0.0358753 0.997987 -0.0522918 -14.1276 -0.514976 0.0263817 0.856798 208.626 
0.841496 0.0594125 0.536987 -129.768 -0.0359408 0.997889 -0.0540851 -14.2755 -0.539067 0.0262127 0.841855 210.092 
0.826108 0.0613262 0.560165 -128.926 -0.0343661 0.997693 -0.0585445 -14.4111 -0.562463 0.0291134 0.82631 211.473 
0.810658 0.0631381 0.582106 -128.01 -0.032191 0.997471 -0.0633606 -14.5667 -0.584634 0.0326252 0.810641 212.835 
0.795445 0.0648945 0.602542 -127.096 -0.0311364 0.997313 -0.0663072 -14.6886 -0.605226 0.0339828 0.795328 214.12 
0.780744 0.0660708 0.621348 -126.072 -0.0293942 0.997177 -0.0690995 -14.8431 -0.624159 0.035685 0.780482 215.374 
0.766032 0.0662793 0.639377 -125.028 -0.0274093 0.997133 -0.0705263 -14.9876 -0.642218 0.0365005 0.765652 216.658 
0.751755 0.0666529 0.656065 -123.947 -0.0259384 0.997098 -0.0715783 -15.1599 -0.658932 0.0367921 0.751302 217.927 
0.737628 0.0667648 0.671899 -122.87 -0.0228894 0.997 -0.0739406 -15.3035 -0.67482 0.0391613 0.736943 219.152 
0.723904 0.0680037 0.686541 -121.776 -0.0206724 0.996821 -0.0769404 -15.4575 -0.689591 0.0415051 0.723009 220.314 
0.710036 0.0698231 0.700695 -120.68 -0.018056 0.99655 -0.0810078 -15.608 -0.703934 0.0448667 0.708847 221.451 
0.695861 0.0712674 0.714632 -119.549 -0.0165475 0.996391 -0.0832533 -15.7724 -0.717986 0.0461074 0.694529 222.593 
0.6815 0.0718117 0.728286 -118.431 -0.0154911 0.996366 -0.0837494 -15.927 -0.731654 0.0457933 0.680136 223.669 
0.665973 0.0728448 0.742411 -117.266 -0.0157282 0.996371 -0.0836542 -16.0793 -0.74581 0.0440346 0.664701 224.762 
0.649699 0.0741954 0.756562 -116.079 -0.0181376 0.996455 -0.0821457 -16.2351 -0.759975 0.0396478 0.648742 225.816 
0.633058 0.0751199 0.770451 -114.878 -0.0202857 0.996548 -0.0804964 -16.3864 -0.773839 0.0353298 0.632397 226.828 
0.616117 0.0769813 0.783884 -113.66 -0.0231838 0.996554 -0.0796445 -16.5469 -0.787314 0.0308969 0.615778 227.832 
0.598802 0.080183 0.796873 -112.476 -0.0241243 0.99633 -0.0821248 -16.6937 -0.800534 0.0299525 0.598539 228.777 
0.581666 0.0836864 0.809111 -111.25 -0.0265633 0.996117 -0.0839322 -16.8544 -0.812994 0.0273279 0.581631 229.691 
0.563474 0.0837192 0.821881 -109.994 -0.0266095 0.996175 -0.08323 -17.018 -0.825706 0.025028 0.563546 230.586 
0.543506 0.0826 0.835331 -108.726 -0.0276157 0.996368 -0.0805556 -17.1823 -0.838951 0.0207142 0.543813 231.463 
0.523109 0.0808737 0.84842 -107.461 -0.0277244 0.996575 -0.0779022 -17.3312 -0.851815 0.0172295 0.52356 232.287 
0.502606 0.0793803 0.860863 -106.189 -0.0278863 0.996746 -0.0756288 -17.4798 -0.864066 0.0140052 0.503184 233.066 
0.481851 0.0782401 0.872753 -104.925 -0.0271653 0.996861 -0.0743679 -17.6266 -0.875832 0.0121256 0.482463 233.81 
0.461371 0.0774825 0.883817 -103.665 -0.0259382 0.996931 -0.0738586 -17.7653 -0.886828 0.0111517 0.461965 234.501 
0.441308 0.0765439 0.894085 -102.358 -0.0236611 0.997002 -0.0736759 -17.9088 -0.897044 0.0113587 0.441796 235.185 
0.421278 0.076872 0.903668 -101.041 -0.0213955 0.996966 -0.0748343 -18.0398 -0.906679 0.0121917 0.421645 235.824 
0.401241 0.0758727 0.912825 -99.7261 -0.0178191 0.997021 -0.0750384 -18.1849 -0.915799 0.0138428 0.401397 236.432 
0.380765 0.0740525 0.921702 -98.412 -0.0162985 0.997171 -0.0733827 -18.3237 -0.924528 0.0129192 0.380895 237.017 
0.360806 0.0737574 0.92972 -97.0878 -0.0155896 0.997206 -0.0730612 -18.4653 -0.932511 0.011867 0.360948 237.559 
0.341333 0.0784925 0.936659 -95.7428 -0.0158091 0.996846 -0.0777751 -18.5973 -0.939809 0.0117395 0.341497 238.085 
0.322444 0.0876526 0.942521 -94.4221 -0.0172025 0.996082 -0.0867484 -18.7452 -0.946432 0.0117578 0.322689 238.567 
0.303473 0.0953909 0.948053 -93.1361 -0.0192572 0.995387 -0.0939892 -18.8871 -0.952645 0.0102664 0.30391 239.012 
0.284129 0.0995391 0.953605 -91.8018 -0.0218352 0.99501 -0.0973552 -19.043 -0.958538 0.0068392 0.284884 239.454 
0.264719 0.101044 0.959017 -90.4936 -0.0248612 0.99488 -0.0979604 -19.2004 -0.964005 0.00208973 0.265876 239.845 
0.244948 0.101443 0.964215 -89.2034 -0.0286318 0.994834 -0.0973907 -19.3498 -0.969113 -0.00375153 0.246587 240.222 
0.225872 0.101969 0.968805 -87.919 -0.0303654 0.99476 -0.0976214 -19.4958 -0.973684 -0.0073682 0.227785 240.566 
0.206951 0.100539 0.973172 -86.6637 -0.0305883 0.994885 -0.096277 -19.6406 -0.977873 -0.00984299 0.208968 240.874 
0.188539 0.100505 0.976909 -85.4279 -0.0304772 0.994869 -0.0964705 -19.7844 -0.981593 -0.011585 0.190635 241.146 
0.170152 0.101181 0.98021 -84.1994 -0.0303457 0.994781 -0.0974176 -19.9303 -0.984951 -0.0131694 0.172334 241.394 
0.151339 0.104791 0.982912 -82.9552 -0.0340882 0.994327 -0.10076 -20.076 -0.987894 -0.0182569 0.154052 241.626 
0.133004 0.106405 0.985387 -81.7044 -0.0343814 0.994117 -0.102707 -20.2283 -0.990519 -0.0202185 0.13588 241.829 
0.116149 0.103682 0.987805 -80.4451 -0.0345666 0.994356 -0.100305 -20.3723 -0.99263 -0.0224948 0.119077 242.012 
0.100911 0.0993435 0.989923 -79.2394 -0.0321998 0.994807 -0.0965512 -20.5142 -0.994374 -0.0221323 0.103586 242.158 
0.0874515 0.0950613 0.991623 -78.0329 -0.0320844 0.995189 -0.0925736 -20.6515 -0.995652 -0.0237199 0.0900807 242.269 
0.0749271 0.0915397 0.992979 -76.8472 -0.0296683 0.995542 -0.0895372 -20.7871 -0.996748 -0.0227512 0.0773089 242.384 
0.0642783 0.0917064 0.993709 -75.666 -0.0295566 0.995507 -0.0899603 -20.9187 -0.997494 -0.0235882 0.0667 242.486 
0.0558212 0.0939711 0.994009 -74.5107 -0.0298957 0.995272 -0.0924116 -21.0477 -0.997993 -0.0245581 0.0583666 242.574 
0.0488487 0.095654 0.994215 -73.3758 -0.0309867 0.99507 -0.0942137 -21.1738 -0.998325 -0.0262053 0.0515718 242.66 
0.0429059 0.0997188 0.99409 -72.2432 -0.0313542 0.994651 -0.0984217 -21.3088 -0.998587 -0.0269461 0.045803 242.735 
0.0374068 0.108275 0.993417 -71.1381 -0.0309878 0.99376 -0.107145 -21.4429 -0.99882 -0.0267759 0.0405285 242.802 
0.0322586 0.11087 0.993311 -70.0475 -0.0327086 0.993413 -0.109819 -21.5724 -0.998944 -0.0289473 0.0356725 242.876 
0.0284794 0.102417 0.994334 -68.943 -0.0316628 0.994331 -0.10151 -21.705 -0.999093 -0.0285925 0.0315607 242.932 
0.0258972 0.0926387 0.995363 -67.843 -0.0304338 0.995308 -0.0918417 -21.8319 -0.999201 -0.0279143 0.0285951 242.989 
0.0245429 0.0891138 0.995719 -66.7497 -0.0302253 0.99563 -0.0883607 -21.9472 -0.999242 -0.0279273 0.0271291 243.036 
0.0244782 0.0911893 0.995533 -65.6739 -0.0309583 0.995423 -0.090418 -22.0627 -0.999221 -0.0286067 0.0271892 243.09 
0.0249182 0.0942448 0.995237 -64.6079 -0.0306002 0.995152 -0.0934705 -22.1793 -0.999221 -0.0281254 0.0276813 243.137 
0.0265156 0.0967637 0.994954 -63.5579 -0.0330835 0.994844 -0.0958713 -22.2943 -0.999101 -0.0303745 0.0295802 243.19 
0.0282516 0.0977041 0.994814 -62.5162 -0.0352568 0.99469 -0.0966906 -22.4072 -0.998979 -0.0323423 0.0315463 243.25 
0.031615 0.0994102 0.994544 -61.4901 -0.0361245 0.994505 -0.0982579 -22.5192 -0.998847 -0.0328209 0.0350325 243.304 
0.0352656 0.100375 0.994325 -60.4786 -0.0381827 0.994352 -0.0990235 -22.6341 -0.998648 -0.0344739 0.038899 243.367 
0.0397235 0.101408 0.994052 -59.4711 -0.0393783 0.994223 -0.0998514 -22.7495 -0.998435 -0.0351776 0.0434872 243.44 
0.0455354 0.100575 0.993887 -58.4408 -0.0402191 0.994297 -0.0987734 -22.8596 -0.998153 -0.0354756 0.0493208 243.526 
0.0519885 0.0993203 0.993697 -57.4372 -0.0391448 0.99448 -0.0973506 -22.9717 -0.99788 -0.0338369 0.0555894 243.602 
0.0591854 0.0984943 0.993376 -56.4445 -0.0372502 0.994645 -0.0964008 -23.0838 -0.997552 -0.031298 0.0625375 243.679 
0.0662887 0.0994522 0.992832 -55.4506 -0.0362203 0.994604 -0.0972114 -23.1925 -0.997143 -0.0295167 0.0695332 243.768 
0.0730387 0.0993759 0.992366 -54.4585 -0.036736 0.994616 -0.0968974 -23.3007 -0.996652 -0.0293783 0.0762961 243.865 
0.0793411 0.0984474 0.991974 -53.475 -0.0379966 0.994687 -0.0956775 -23.406 -0.996123 -0.0301005 0.0826603 243.974 
0.0857615 0.0964012 0.991641 -52.4933 -0.0389116 0.994873 -0.09335 -23.513 -0.995556 -0.0305805 0.0890729 244.09 
0.0921201 0.094865 0.991219 -51.5108 -0.0391525 0.995027 -0.0915907 -23.6203 -0.994978 -0.0303714 0.0953762 244.21 
0.0988869 0.0954642 0.990509 -50.5338 -0.0393053 0.994986 -0.0919716 -23.7247 -0.994322 -0.0298375 0.102143 244.331 
0.105445 0.0974203 0.989642 -49.5674 -0.0384901 0.994844 -0.0938313 -23.8304 -0.99368 -0.0281974 0.108651 244.458 
0.111845 0.0990814 0.988774 -48.6008 -0.0385174 0.994701 -0.0953184 -23.9317 -0.992979 -0.0274241 0.115069 244.593 
0.117647 0.100986 0.987907 -47.6447 -0.0408359 0.994466 -0.0967933 -24.0389 -0.992216 -0.0289546 0.12112 244.741 
0.12386 0.101793 0.987065 -46.6799 -0.0429064 0.994344 -0.0971597 -24.1441 -0.991372 -0.0303172 0.127527 244.892 
0.130509 0.101531 0.986235 -45.7333 -0.0435047 0.994371 -0.0966119 -24.2475 -0.990492 -0.0302972 0.134191 245.042 
0.136648 0.0992578 0.985634 -44.7748 -0.0443119 0.994584 -0.0940157 -24.3519 -0.989628 -0.0308283 0.140307 245.2 
0.142614 0.0976815 0.984947 -43.8203 -0.0446922 0.994739 -0.0921814 -24.4559 -0.988769 -0.0308731 0.146229 245.37 
0.148939 0.0970789 0.98407 -42.8698 -0.0448554 0.994808 -0.0913493 -24.5581 -0.987829 -0.0305354 0.15252 245.539 
0.15583 0.0980223 0.982908 -41.912 -0.0442589 0.994758 -0.0921872 -24.6599 -0.986792 -0.0291369 0.159351 245.716 
0.163023 0.0983819 0.981705 -40.9687 -0.0421686 0.994802 -0.0926918 -24.7605 -0.985721 -0.0262862 0.166324 245.891 
0.171533 0.0999872 0.980091 -40.0344 -0.0410283 0.994698 -0.0942967 -24.8597 -0.984324 -0.0240364 0.174726 246.077 
