1 2.12261e-08 -2.11895e-08 0 2.12261e-08 1 2.10703e-08 0 -2.11895e-08 2.10703e-08 1 0 
0.999874 0.00146032 0.0157783 0.0103683 -0.00144432 0.999998 -0.00102243 -0.00322995 -0.0157798 0.000999558 0.999875 0.122543 
0.999301 0.00438941 0.037123 0.0319232 -0.00437229 0.99999 -0.000541105 -0.00830164 -0.0371251 0.000378455 0.999311 0.264719 
0.997916 0.0061104 0.0642309 0.0636377 -0.00618401 0.99998 0.000947947 -0.0132245 -0.0642239 -0.00134314 0.997935 0.421479 
0.995145 0.00582636 0.0982505 0.107441 -0.00615524 0.999976 0.00304496 -0.0118723 -0.0982305 -0.00363489 0.995157 0.587234 
0.990633 0.00279964 0.13652 0.169893 -0.00351537 0.999981 0.00500218 -0.012241 -0.136504 -0.00543521 0.990625 0.762359 
0.984377 -0.000349289 0.176071 0.227479 -0.000605178 0.999985 0.00536746 -0.0103355 -0.17607 -0.00539013 0.984363 0.922694 
0.975485 -0.000155598 0.220065 0.310413 -0.0013064 0.999978 0.00649816 -0.0073654 -0.220061 -0.00662632 0.975464 1.12116 
0.963389 0.000246997 0.268107 0.406998 -0.00283536 0.999953 0.00926728 -0.00233858 -0.268092 -0.00968814 0.963345 1.30925 
0.948919 -0.00367003 0.315498 0.502032 -0.00166664 0.99986 0.0166437 -0.00715914 -0.315515 -0.0163194 0.94878 1.4769 
0.93196 -0.0129541 0.362331 0.636328 0.00436951 0.99969 0.0245024 -0.00731686 -0.362536 -0.021252 0.931728 1.66504 
0.910416 -0.0179905 0.413302 0.748465 0.00678593 0.999569 0.0285621 0.00635738 -0.413637 -0.0231987 0.910146 1.8311 
0.884923 -0.0193712 0.465334 0.895151 0.00473599 0.999457 0.0325997 0.00462194 -0.465713 -0.0266444 0.884535 2.02524 
0.856404 -0.0213869 0.515862 1.08507 0.00273041 0.999315 0.0368974 0.0147535 -0.516298 -0.0301906 0.855877 2.24218 
0.823771 -0.0260173 0.566325 1.25557 0.00335193 0.999153 0.041026 0.0228384 -0.566912 -0.0318977 0.82316 2.4262 
0.787307 -0.0314778 0.615757 1.44851 0.00530094 0.999005 0.0442918 0.0214062 -0.616539 -0.0316071 0.78669 2.61471 
0.748713 -0.0353326 0.661952 1.65717 0.00586072 0.998892 0.0466885 0.03306 -0.662868 -0.0310768 0.748091 2.80731 
0.707949 -0.0383715 0.70522 1.8766 0.00680759 0.998847 0.0475141 0.0486862 -0.70623 -0.0288367 0.707395 2.99678 
0.665325 -0.0398141 0.745492 2.14336 0.00559329 0.998815 0.0483514 0.0680976 -0.746533 -0.0279996 0.664759 3.20334 
0.621746 -0.0396821 0.782213 2.43418 0.000410604 0.998732 0.0503399 0.0833364 -0.783219 -0.0309774 0.620974 3.41721 
0.579119 -0.040279 0.814247 2.76177 -0.00265899 0.99868 0.0512937 0.0972361 -0.815239 -0.0318702 0.578247 3.63155 
0.538353 -0.0415499 0.841694 3.11818 -0.00444203 0.99863 0.0521382 0.111812 -0.842708 -0.0318076 0.537431 3.83408 
0.499113 -0.0438134 0.865429 3.50282 -0.00606847 0.99852 0.0540512 0.121898 -0.866516 -0.0322295 0.498108 4.03867 
0.461323 -0.0434264 0.886169 3.90676 -0.00878748 0.998529 0.0535072 0.145318 -0.887189 -0.0324713 0.460263 4.23586 
0.424304 -0.0426032 0.904517 4.34881 -0.00992519 0.998614 0.0516911 0.166159 -0.905465 -0.0309103 0.423293 4.4357 
0.390056 -0.0411572 0.919871 4.82675 -0.00877252 0.998789 0.0484081 0.187102 -0.920749 -0.0269514 0.389223 4.63497 
0.359942 -0.039324 0.932146 5.33202 -0.00664431 0.998978 0.0447092 0.211385 -0.932951 -0.0222862 0.359313 4.82308 
0.334322 -0.0374518 0.941714 5.87206 -0.00538046 0.999118 0.0416449 0.23518 -0.942444 -0.0189897 0.333826 5.00402 
0.31396 -0.0369178 0.948718 6.43964 -0.00401459 0.999183 0.0402102 0.255988 -0.949428 -0.0164331 0.313555 5.18831 
0.299124 -0.0373885 0.953481 7.04714 -0.00294802 0.999191 0.0401058 0.281092 -0.95421 -0.0148075 0.298772 5.38055 
0.287464 -0.0388102 0.957005 7.67512 -0.00203307 0.999152 0.0411301 0.30435 -0.957789 -0.0137691 0.287141 5.57173 
0.276528 -0.0404554 0.960154 8.32552 -0.00352159 0.999064 0.0431092 0.329864 -0.960999 -0.0153022 0.276127 5.76572 
0.265795 -0.0419967 0.963114 8.99523 -0.00438529 0.998988 0.0447712 0.364228 -0.96402 -0.0161235 0.265342 5.9622 
0.255687 -0.0436762 0.965772 9.69353 -0.00512919 0.998904 0.0465325 0.392748 -0.966746 -0.0168514 0.255183 6.15667 
0.24544 -0.0457728 0.968331 10.4206 -0.00607816 0.998792 0.0487534 0.417353 -0.969393 -0.0178517 0.244865 6.35434 
0.235225 -0.0473579 0.970787 11.1689 -0.00603799 0.998722 0.0501837 0.446336 -0.971922 -0.0176661 0.234638 6.54091 
0.224781 -0.048438 0.973205 11.9373 -0.00590406 0.998678 0.0510695 0.484194 -0.974392 -0.0172253 0.224197 6.72857 
0.213929 -0.0512617 0.975503 12.7224 -0.00734226 0.99851 0.0540808 0.518216 -0.976822 -0.0187318 0.213233 6.91918 
0.202725 -0.0549595 0.977692 13.5109 -0.00885324 0.99828 0.0579526 0.551916 -0.979196 -0.0204042 0.20189 7.09036 
0.190483 -0.0588361 0.979926 14.3026 -0.00993138 0.998036 0.061854 0.58703 -0.98164 -0.0215141 0.189525 7.25599 
0.177487 -0.0609781 0.982232 15.105 -0.010828 0.997897 0.0639072 0.623369 -0.984064 -0.0219783 0.176453 7.41068 
0.163281 -0.06136 0.98467 15.9126 -0.0111047 0.997887 0.064025 0.663268 -0.986517 -0.0213886 0.162255 7.55512 
0.148715 -0.060486 0.987028 16.7258 -0.0127064 0.997928 0.0630685 0.697795 -0.988798 -0.0219208 0.147639 7.69029 
0.13217 -0.0593513 0.989449 17.5431 -0.0131442 0.998013 0.0616209 0.73537 -0.99114 -0.0211499 0.131127 7.80682 
0.111839 -0.0577545 0.992047 18.3662 -0.0154892 0.998087 0.0598524 0.770257 -0.993606 -0.0220598 0.11073 7.90912 
0.0859433 -0.0564598 0.994699 19.1989 -0.019995 0.998094 0.0583802 0.806967 -0.996099 -0.0249064 0.0846506 7.99672 
0.0554036 -0.0558615 0.9969 20.0385 -0.0238762 0.998074 0.0572543 0.841805 -0.998179 -0.0269742 0.0539631 8.05362 
0.0218543 -0.0555863 0.998215 20.8836 -0.0267977 0.998062 0.0561646 0.876423 -0.999402 -0.0279773 0.0203224 8.08201 
-0.0126454 -0.0548247 0.998416 21.7184 -0.0282971 0.998116 0.0544498 0.905473 -0.99952 -0.0275637 -0.0141729 8.07617 
-0.0467622 -0.0535206 0.997471 22.5643 -0.0291813 0.998211 0.0521922 0.936641 -0.99848 -0.0266669 -0.0482403 8.04108 
-0.079714 -0.0515497 0.995484 23.4018 -0.031376 0.998297 0.0491829 0.963459 -0.996324 -0.0273137 -0.0811956 7.98378 
-0.112166 -0.0485549 0.992503 24.2403 -0.0336151 0.998419 0.0450454 0.986895 -0.993121 -0.0283105 -0.113621 7.8942 
-0.144562 -0.044075 0.988514 25.0655 -0.0306539 0.998728 0.0400475 1.00507 -0.989021 -0.0245125 -0.145729 7.7725 
-0.176106 -0.0381273 0.983633 25.8922 -0.025295 0.999095 0.034198 1.01728 -0.984046 -0.0188586 -0.176911 7.62145 
-0.206509 -0.0318077 0.977928 26.7112 -0.0189073 0.999415 0.0285139 1.02887 -0.978262 -0.0126016 -0.20699 7.44191 
-0.235312 -0.0261251 0.971569 27.5187 -0.0127342 0.999636 0.0237956 1.03068 -0.971837 -0.00677278 -0.235559 7.24018 
-0.263022 -0.019982 0.964583 28.324 -0.00406115 0.9998 0.0196041 1.02985 -0.964781 0.001239 -0.263051 7.01648 
-0.289296 -0.00987139 0.957189 29.1137 0.00158977 0.999941 0.0107928 1.02036 -0.957238 0.00464402 -0.289263 6.78319 
-0.314485 0.00564028 0.949246 29.8969 0.00656869 0.999971 -0.00376545 1.00174 -0.94924 0.00505112 -0.314513 6.51816 
-0.338952 0.0232295 0.940517 30.6734 0.00754056 0.99973 -0.0219744 0.985185 -0.940774 -0.000356247 -0.339035 6.23675 
-0.364268 0.0380409 0.930517 31.4163 0.00823728 0.999258 -0.0376265 0.951746 -0.931258 -0.00604118 -0.364311 5.96623 
-0.388721 0.048414 0.920083 32.1654 0.0113591 0.998794 -0.0477567 0.915964 -0.921286 -0.00811272 -0.388802 5.65741 
-0.41175 0.0523412 0.909793 32.9209 0.0150976 0.998604 -0.0506177 0.856802 -0.911172 -0.00710612 -0.411965 5.31082 
-0.434354 0.0520298 0.899238 33.6531 0.0183792 0.998634 -0.0489032 0.80869 -0.900555 -0.00471404 -0.434717 4.96273 
-0.454456 0.047716 0.88949 34.376 0.0216067 0.998861 -0.0425438 0.757866 -0.890507 -0.000115352 -0.454969 4.59803 
-0.471978 0.0467083 0.880372 35.0926 0.0293618 0.998874 -0.0372542 0.710233 -0.881121 0.00826619 -0.472818 4.20589 
-0.485584 0.0470905 0.872921 35.7962 0.0312272 0.998845 -0.0365127 0.664516 -0.873632 0.00952895 -0.486493 3.81692 
-0.496745 0.0511642 0.866387 36.4913 0.0352393 0.998627 -0.038769 0.617922 -0.867181 0.0112726 -0.497865 3.43183 
-0.506649 0.0536068 0.860484 37.1833 0.0361419 0.998508 -0.0409253 0.566132 -0.861394 0.0103647 -0.507831 3.03615 
-0.517557 0.0527998 0.854018 37.854 0.0301406 0.9986 -0.0434726 0.513667 -0.855118 0.00324105 -0.518424 2.65099 
-0.528771 0.0510002 0.847231 38.5354 0.0290112 0.998696 -0.0420115 0.461925 -0.848269 0.00236469 -0.529561 2.24825 
-0.537313 0.0525363 0.841745 39.214 0.0314626 0.998612 -0.0422433 0.412898 -0.842796 0.00378559 -0.53822 1.82081 
-0.544728 0.0553211 0.836786 39.8793 0.0347296 0.998454 -0.043401 0.357491 -0.837893 0.00541952 -0.545807 1.40599 
-0.548321 0.0581794 0.834242 40.5652 0.0354089 0.998298 -0.0463473 0.31898 -0.835518 0.00412644 -0.549447 0.973177 
-0.548218 0.0603685 0.834154 41.2622 0.0356489 0.998172 -0.0488097 0.266522 -0.835575 0.00297829 -0.549368 0.54264 
-0.545087 0.0605011 0.836193 41.9831 0.0376609 0.998153 -0.0476695 0.215693 -0.837533 0.00550776 -0.546359 0.0880205 
-0.539342 0.0594557 0.839986 42.7258 0.0357296 0.998222 -0.0477145 0.165153 -0.841329 0.00427794 -0.540507 -0.365234 
-0.532478 0.0581575 0.844444 43.4974 0.0332453 0.998304 -0.0477906 0.119876 -0.845791 0.00262629 -0.533508 -0.826575 
-0.52548 0.0576254 0.848852 44.2786 0.0316417 0.998337 -0.0481856 0.0671064 -0.850217 0.00153854 -0.52643 -1.28518 
-0.519229 0.05623 0.852783 45.0918 0.028815 0.998418 -0.0482883 0.0109959 -0.854149 -0.000499732 -0.520028 -1.75081 
-0.515398 0.0538518 0.855257 45.8878 0.0244379 0.998541 -0.0481469 -0.0448751 -0.856603 -0.00391413 -0.515962 -2.19016 
-0.514239 0.0510858 0.856124 46.7159 0.0199803 0.998667 -0.04759 -0.0989647 -0.857414 -0.007367 -0.514574 -2.65561 
-0.514784 0.0484292 0.855951 47.5607 0.0167491 0.998781 -0.0464372 -0.15462 -0.857156 -0.00956877 -0.514968 -3.13025 
-0.516391 0.0473394 0.855043 48.3925 0.0160027 0.99883 -0.0456355 -0.21855 -0.856203 -0.00988273 -0.516545 -3.57523 
-0.517978 0.0465438 0.854127 49.3114 0.0153924 0.998864 -0.0450963 -0.266954 -0.855256 -0.0102118 -0.518106 -4.0414 
-0.519043 0.0459932 0.85351 50.1681 0.0151841 0.99889 -0.0445934 -0.324827 -0.854613 -0.0101861 -0.519165 -4.50211 
-0.519539 0.0449645 0.853263 51.0361 0.0153873 0.998945 -0.0432724 -0.384409 -0.854308 -0.00935235 -0.519683 -4.99828 
-0.520217 0.0446165 0.852868 51.9049 0.0150049 0.998958 -0.0431066 -0.439671 -0.853902 -0.00962757 -0.520344 -5.49338 
-0.520835 0.0429076 0.852578 52.7894 0.0131302 0.999021 -0.0422564 -0.501995 -0.853556 -0.0108141 -0.520888 -5.99902 
-0.520891 0.0421761 0.852581 53.6644 0.0124699 0.999048 -0.041803 -0.559507 -0.853532 -0.0111433 -0.520921 -6.50808 
-0.520407 0.0412407 0.852922 54.5483 0.0109766 0.999074 -0.0416101 -0.624297 -0.853848 -0.0122921 -0.520377 -7.0203 
-0.519445 0.0396057 0.853585 55.4247 0.0104072 0.999144 -0.0400263 -0.680059 -0.85444 -0.011908 -0.519413 -7.52648 
-0.517854 0.0375003 0.854647 56.3034 0.010616 0.999244 -0.0374123 -0.740104 -0.855403 -0.0103012 -0.517861 -8.0248 
-0.516232 0.0362697 0.85568 57.2022 0.0109331 0.999301 -0.0357613 -0.792883 -0.856379 -0.00910592 -0.516268 -8.51458 
-0.514205 0.0359685 0.856913 58.0963 0.0107162 0.999312 -0.0355151 -0.847909 -0.8576 -0.00907919 -0.514236 -9.01894 
-0.512653 0.0360802 0.857838 58.989 0.0107776 0.999308 -0.0355896 -0.904691 -0.858528 -0.00899965 -0.512687 -9.51721 
-0.511774 0.036723 0.858335 59.8714 0.0108638 0.999283 -0.0362758 -0.95963 -0.859051 -0.00924027 -0.511806 -10.0255 
-0.513183 0.0379683 0.857439 60.7428 0.00994183 0.999217 -0.0382961 -1.01532 -0.858222 -0.0111284 -0.513158 -10.511 
-0.516326 0.0396626 0.855473 61.6162 0.00883384 0.999121 -0.0409908 -1.07457 -0.856346 -0.0136075 -0.516223 -11.0085 
-0.521093 0.0401883 0.852553 62.4896 0.00727407 0.999064 -0.0426486 -1.1298 -0.853469 -0.0160224 -0.520898 -11.507 
-0.526498 0.0388921 0.849286 63.3575 0.00831999 0.999141 -0.0405967 -1.18514 -0.850135 -0.0143081 -0.52637 -12.0244 
-0.532043 0.0366474 0.845924 64.2172 0.00926908 0.999255 -0.0374602 -1.2421 -0.846667 -0.0120895 -0.531986 -12.5472 
-0.537667 0.0342358 0.842462 65.0743 0.00615364 0.999308 -0.0366823 -1.29591 -0.843135 -0.0145387 -0.537505 -13.0626 
-0.542992 0.03727 0.838911 65.9222 0.00812033 0.999201 -0.0391352 -1.35803 -0.839699 -0.0144379 -0.542861 -13.584 
-0.548075 0.0386312 0.835536 66.7518 0.00836227 0.999136 -0.0407099 -1.41634 -0.836387 -0.0153251 -0.547925 -14.1113 
-0.5526 0.03961 0.832505 67.5801 0.00728843 0.999062 -0.0426967 -1.47457 -0.833415 -0.0175265 -0.55237 -14.6345 
-0.556342 0.0398472 0.829998 68.4057 0.00599717 0.999016 -0.0439417 -1.53188 -0.830932 -0.019469 -0.556033 -15.166 
-0.559349 0.039289 0.828001 69.2199 0.00715823 0.999068 -0.0425705 -1.58914 -0.828901 -0.0178848 -0.559109 -15.7034 
-0.561524 0.0326094 0.826818 70.0401 0.00805319 0.999391 -0.0339463 -1.64199 -0.827421 -0.0124032 -0.561445 -16.2493 
-0.56378 0.0239461 0.825578 70.8546 0.00733244 0.999685 -0.0239888 -1.69086 -0.825893 -0.00747092 -0.563778 -16.7854 
-0.565242 0.0228118 0.82461 71.6619 0.00874324 0.999727 -0.021663 -1.73663 -0.824879 -0.00503508 -0.565287 -17.3178 
-0.566505 0.0271157 0.823612 72.454 0.00834917 0.999596 -0.0271668 -1.77426 -0.824016 -0.00851365 -0.566502 -17.8389 
-0.567577 0.0336453 0.822632 73.2502 0.0103858 0.999378 -0.0337083 -1.81926 -0.823255 -0.0105884 -0.567574 -18.3755 
-0.567991 0.0376199 0.822174 74.0381 0.0160752 0.999271 -0.0346178 -1.86618 -0.822878 -0.00644599 -0.568182 -18.9066 
-0.567729 0.0388822 0.822297 74.8294 0.019205 0.999238 -0.0339893 -1.91555 -0.822992 -0.00350448 -0.568043 -19.4514 
-0.567431 0.0355 0.822655 75.6225 0.0176807 0.999365 -0.0309301 -1.9612 -0.823231 -0.00300558 -0.567698 -19.979 
-0.566808 0.030834 0.823272 76.4121 0.0165451 0.999524 -0.0260441 -2.00389 -0.823683 -0.00114088 -0.567049 -20.5028 
-0.566034 0.0240199 0.824032 77.205 0.0129809 0.999711 -0.0202241 -2.04394 -0.82428 -0.000750906 -0.566182 -21.0251 
-0.5657 0.0182945 0.824409 78.0008 0.00452184 0.999808 -0.019084 -2.08355 -0.824599 -0.00706795 -0.565673 -21.5343 
-0.564138 0.0129337 0.82558 78.7919 -0.00321759 0.999835 -0.0178622 -2.11434 -0.825675 -0.0127331 -0.564003 -22.038 
-0.562001 0.0137829 0.827022 79.5827 0.000267197 0.999864 -0.0164819 -2.15073 -0.827137 -0.00904186 -0.561928 -22.5617 
-0.559091 0.0171386 0.828929 80.3665 0.00425384 0.999833 -0.017803 -2.18614 -0.829096 -0.00642736 -0.55907 -23.0738 
-0.553985 0.0204573 0.832275 81.1537 0.00603841 0.999771 -0.020555 -2.21391 -0.832504 -0.00636155 -0.553982 -23.5792 
-0.546125 0.0226703 0.837397 81.9444 0.0110111 0.999742 -0.0198843 -2.24922 -0.837631 -0.00163869 -0.546234 -24.0864 
-0.538253 0.026128 0.842378 82.7382 0.0183084 0.999646 -0.0193074 -2.28732 -0.842585 0.00503032 -0.538541 -24.5825 
-0.528477 0.0251139 0.848576 83.5347 0.0159471 0.99968 -0.0196542 -2.32194 -0.848798 0.00314554 -0.528708 -25.0607 
-0.517623 0.0229617 0.855301 84.343 0.0135026 0.999735 -0.0186675 -2.35135 -0.855502 0.00188607 -0.517795 -25.5275 
-0.506285 0.0197499 0.86214 85.1538 0.0139422 0.999795 -0.0147158 -2.38606 -0.862254 0.00456976 -0.506456 -25.9829 
-0.495389 0.0191363 0.86846 85.9702 0.0134411 0.999807 -0.0143634 -2.41809 -0.868567 0.00455763 -0.49555 -26.4301 
-0.483867 0.0186494 0.874943 86.7822 0.0142399 0.999808 -0.0134358 -2.44413 -0.875026 0.00595796 -0.484039 -26.8543 
-0.471791 0.0195056 0.881495 87.609 0.0157798 0.999782 -0.0136774 -2.47916 -0.881569 0.00745693 -0.471996 -27.2824 
-0.459947 0.0233668 0.887639 88.4337 0.0156698 0.999712 -0.0181974 -2.51752 -0.887808 0.00553927 -0.460181 -27.6911 
-0.4484 0.0326982 0.893235 89.2577 0.0180808 0.999458 -0.0275101 -2.54773 -0.89365 0.00381483 -0.448748 -28.0923 
-0.435713 0.0373644 0.89931 90.0876 0.017695 0.999301 -0.0329456 -2.58376 -0.899912 0.00155845 -0.43607 -28.4772 
-0.424414 0.0340369 0.904829 90.9344 0.0166684 0.999418 -0.0297766 -2.63076 -0.905315 0.00244444 -0.424734 -28.8538 
-0.413016 0.0302654 0.910221 91.7782 0.0149727 0.999538 -0.0264413 -2.67409 -0.910601 0.00270778 -0.413279 -29.2174 
-0.40325 0.031003 0.914565 92.6181 0.0118611 0.999519 -0.0286531 -2.71768 -0.915013 -0.000706657 -0.403424 -29.5696 
-0.396672 0.0352231 0.917284 93.4567 0.00599294 0.999342 -0.0357824 -2.76156 -0.917941 -0.00869666 -0.396622 -29.9037 
-0.391797 0.0400061 0.919182 94.2955 -0.000213981 0.99905 -0.0435735 -2.80687 -0.920052 -0.0172686 -0.391416 -30.2328 
-0.388332 0.0418801 0.920568 95.1363 -0.00307216 0.998902 -0.0467398 -2.85825 -0.921515 -0.0209787 -0.387777 -30.5635 
-0.38497 0.0413606 0.922002 95.9704 -0.00469525 0.998895 -0.0467704 -2.91499 -0.922917 -0.0223342 -0.38435 -30.8881 
-0.380066 0.0416449 0.924021 96.805 -0.00519987 0.998874 -0.0471572 -2.97068 -0.924945 -0.0227277 -0.379422 -31.2094 
-0.374387 0.0371577 0.926528 97.6584 -0.00908676 0.999002 -0.0437359 -3.02366 -0.927228 -0.0247933 -0.373675 -31.5303 
-0.369531 0.0334148 0.928617 98.4908 -0.00946464 0.999166 -0.0397197 -3.07973 -0.92917 -0.0234667 -0.368907 -31.8386 
-0.36382 0.0302533 0.930978 99.3329 -0.0113009 0.999256 -0.0368884 -3.13484 -0.931401 -0.0239416 -0.363207 -32.1452 
-0.358447 0.0285286 0.933114 100.18 -0.0199082 0.999072 -0.0381927 -3.18228 -0.933338 -0.0322667 -0.357547 -32.4385 
-0.352403 0.0286187 0.935411 101.026 -0.0273642 0.99879 -0.0408668 -3.22996 -0.935448 -0.0399983 -0.351193 -32.7243 
-0.345957 0.0330677 0.937668 101.867 -0.0256689 0.998671 -0.0446897 -3.28039 -0.937899 -0.0395295 -0.344648 -33.0139 
-0.338887 0.0361766 0.940131 102.714 -0.0236615 0.998617 -0.0469563 -3.33439 -0.94053 -0.0381578 -0.337562 -33.3045 
-0.332672 0.0343709 0.942416 103.57 -0.0246276 0.998678 -0.0451163 -3.38512 -0.942721 -0.0382184 -0.331386 -33.5859 
-0.325891 0.0293651 0.944951 104.426 -0.0254792 0.998882 -0.0398282 -3.44104 -0.945064 -0.0370563 -0.324778 -33.8589 
-0.318785 0.0268373 0.947447 105.295 -0.0270091 0.998936 -0.0373834 -3.49 -0.947442 -0.037507 -0.317721 -34.1298 
-0.312643 0.0300998 0.949394 106.157 -0.0287924 0.998738 -0.0411457 -3.53573 -0.949434 -0.0401992 -0.311382 -34.3881 
-0.306483 0.0325784 0.951319 107.02 -0.0285732 0.998649 -0.0434045 -3.5871 -0.951447 -0.0404849 -0.305138 -34.6402 
-0.300024 0.0330745 0.953358 107.88 -0.031457 0.998512 -0.0445405 -3.63656 -0.953413 -0.043353 -0.298538 -34.8859 
-0.293407 0.0323617 0.95544 108.745 -0.0321068 0.99853 -0.0436808 -3.69196 -0.955448 -0.0434924 -0.291936 -35.1253 
-0.285374 0.0322921 0.957872 109.598 -0.0280956 0.998721 -0.0420395 -3.74417 -0.958004 -0.038909 -0.284102 -35.364 
-0.277822 0.0332071 0.960058 110.451 -0.0257101 0.998787 -0.0419866 -3.79638 -0.960288 -0.036348 -0.276632 -35.5955 
-0.271496 0.0333576 0.961861 111.302 -0.0255318 0.998798 -0.0418452 -3.85378 -0.962101 -0.0359189 -0.270318 -35.8182 
-0.264787 0.031834 0.963781 112.166 -0.0316867 0.998628 -0.0416905 -3.90899 -0.963786 -0.0415782 -0.263415 -36.0303 
-0.258959 0.0299833 0.965423 113.04 -0.0358419 0.998531 -0.0406256 -3.95711 -0.965223 -0.045123 -0.257504 -36.2342 
-0.254334 0.0302613 0.966643 113.908 -0.0328759 0.998662 -0.0399137 -4.00703 -0.966557 -0.0419307 -0.252999 -36.4451 
-0.249634 0.0303384 0.967865 114.779 -0.031213 0.998738 -0.0393566 -4.06146 -0.967837 -0.0400347 -0.248372 -36.6553 
-0.245147 0.0317022 0.968967 115.649 -0.0304901 0.998719 -0.0403895 -4.1099 -0.969006 -0.0394452 -0.243866 -36.8559 
-0.239141 0.030841 0.970495 116.521 -0.0244907 0.998986 -0.0377812 -4.15641 -0.970676 -0.0328031 -0.238143 -37.0598 
-0.233917 0.0300036 0.971794 117.39 -0.0172659 0.999238 -0.0350069 -4.19977 -0.972103 -0.0249676 -0.233221 -37.2605 
-0.22884 0.0291818 0.973027 118.268 -0.0153354 0.999319 -0.0335769 -4.24852 -0.973343 -0.0226055 -0.228237 -37.4578 
-0.224877 0.0309331 0.973896 119.138 -0.0170303 0.999219 -0.0356697 -4.2922 -0.974238 -0.0246071 -0.224175 -37.6359 
-0.221274 0.03273 0.974662 120.009 -0.0186672 0.999111 -0.0377889 -4.33679 -0.975033 -0.0265559 -0.220466 -37.8162 
-0.219485 0.0320671 0.975089 120.884 -0.0214008 0.999061 -0.0376726 -4.38383 -0.975381 -0.0291363 -0.218593 -37.9943 
-0.218788 0.0310629 0.975278 121.756 -0.0218071 0.999088 -0.0367133 -4.42937 -0.975529 -0.0293004 -0.217911 -38.1661 
-0.2177 0.0267209 0.97565 122.628 -0.0201071 0.99929 -0.0318549 -4.47472 -0.975809 -0.0265523 -0.217008 -38.3448 
-0.216594 0.0216052 0.976023 123.5 -0.021075 0.999419 -0.0267999 -4.51696 -0.976034 -0.0263744 -0.216012 -38.5215 
-0.215859 0.0199228 0.976221 124.369 -0.0203521 0.999483 -0.0248977 -4.55646 -0.976213 -0.0252425 -0.215342 -38.6964 
-0.214327 0.0245086 0.976455 125.227 -0.0202925 0.999358 -0.0295375 -4.59966 -0.976551 -0.0261454 -0.213692 -38.8747 
-0.214318 0.0282575 0.976355 126.082 -0.0204548 0.999232 -0.0334095 -4.63769 -0.97655 -0.0271314 -0.213576 -39.0482 
-0.214373 0.027634 0.976361 126.946 -0.0234955 0.999165 -0.0334381 -4.67887 -0.976469 -0.0301083 -0.213544 -39.2195 
-0.213826 0.0265482 0.976511 127.793 -0.0258699 0.999126 -0.0328277 -4.72475 -0.976529 -0.0322817 -0.212952 -39.3869 
-0.213363 0.0273958 0.976589 128.642 -0.0214869 0.999233 -0.0327255 -4.76938 -0.976737 -0.0279663 -0.212611 -39.5632 
-0.212524 0.0298359 0.9767 129.468 -0.0234701 0.99909 -0.0356267 -4.81291 -0.976874 -0.0304948 -0.211631 -39.7246 
-0.213386 0.0306436 0.976487 130.304 -0.0330341 0.99871 -0.0385597 -4.85514 -0.976409 -0.0404855 -0.212099 -39.8737 
-0.212915 0.0320785 0.976544 131.138 -0.0388231 0.998394 -0.0412607 -4.902 -0.976299 -0.0466975 -0.211328 -40.0303 
-0.212539 0.0356003 0.976504 131.954 -0.0357556 0.998384 -0.0441803 -4.95217 -0.976498 -0.0443055 -0.210923 -40.1897 
-0.21193 0.0366012 0.976599 132.768 -0.0337658 0.998428 -0.0447467 -5.00443 -0.976701 -0.0424588 -0.210361 -40.3486 
-0.210245 0.0377744 0.976919 133.617 -0.0345165 0.998344 -0.0460312 -5.05609 -0.977039 -0.0433976 -0.208593 -40.5162 
-0.20822 0.0375031 0.977363 134.423 -0.0251846 0.998728 -0.0436882 -5.10611 -0.977758 -0.0337112 -0.20701 -40.677 
-0.204947 0.0343468 0.97817 135.233 -0.0199361 0.99903 -0.0392562 -5.15772 -0.97857 -0.0275463 -0.204064 -40.841 
-0.203233 0.0295026 0.978686 136.052 -0.0158826 0.999315 -0.0334226 -5.20933 -0.979002 -0.0223367 -0.202626 -40.9935 
-0.199434 0.0289689 0.979483 136.848 -0.0148718 0.999358 -0.0325847 -5.2509 -0.979798 -0.0210652 -0.198875 -41.1455 
-0.194584 0.0342183 0.980289 137.642 -0.0144683 0.999183 -0.0377497 -5.29493 -0.980779 -0.0215286 -0.19393 -41.2896 
-0.18771 0.0372059 0.98152 138.444 -0.0128946 0.999103 -0.0403384 -5.33988 -0.98214 -0.0202282 -0.187062 -41.4335 
-0.179434 0.0377474 0.983046 139.239 -0.0121773 0.999102 -0.0405866 -5.38394 -0.983695 -0.0192535 -0.178813 -41.5625 
-0.169999 0.033338 0.98488 140.038 -0.0103216 0.999313 -0.0356081 -5.43208 -0.98539 -0.0162189 -0.169538 -41.6845 
-0.157852 0.0321942 0.986938 140.83 -0.00586048 0.99942 -0.0335387 -5.47824 -0.987445 -0.0110781 -0.157572 -41.8053 
-0.144152 0.0351145 0.988932 141.618 -0.00164875 0.99936 -0.035725 -5.51574 -0.989554 -0.00678032 -0.144001 -41.9093 
-0.129938 0.0362675 0.990859 142.409 -0.00178241 0.999321 -0.0368109 -5.55797 -0.991521 -0.00654924 -0.129785 -41.9988 
-0.1164 0.0361474 0.992544 143.189 -0.000577113 0.999335 -0.0364623 -5.60128 -0.993202 -0.00481704 -0.116302 -42.0705 
-0.10297 0.0381598 0.993952 143.971 -0.000460951 0.999262 -0.0384113 -5.64354 -0.994684 -0.0044134 -0.102877 -42.1372 
-0.0894418 0.0441548 0.995013 144.738 -0.00366215 0.998996 -0.0446607 -5.69537 -0.995985 -0.00763842 -0.0891902 -42.1831 
-0.0769605 0.0529939 0.995625 145.496 -0.0104528 0.998489 -0.0539543 -5.74681 -0.996979 -0.0145594 -0.0762903 -42.2115 
-0.0633695 0.061281 0.996107 146.251 -0.0146329 0.997949 -0.0623252 -5.7933 -0.997883 -0.0185254 -0.0623427 -42.2317 
-0.0502712 0.0617537 0.996825 147.016 -0.0155552 0.997917 -0.0626059 -5.84663 -0.998615 -0.0186531 -0.0492059 -42.2518 
-0.0384426 0.0581282 0.997569 147.794 -0.0193976 0.998075 -0.0589051 -5.9012 -0.999073 -0.0216149 -0.037241 -42.2608 
-0.0277908 0.0555609 0.998069 148.552 -0.0235943 0.99814 -0.0562217 -5.96273 -0.999335 -0.0251112 -0.0264282 -42.2549 
-0.0190004 0.0619554 0.997898 149.308 -0.0271899 0.997677 -0.0624593 -6.02417 -0.99945 -0.0283195 -0.0172717 -42.2454 
-0.0124862 0.0702329 0.997453 150.057 -0.0307907 0.99703 -0.0705886 -6.07749 -0.999448 -0.0315937 -0.0102866 -42.2353 
-0.0094402 0.0730494 0.997284 150.81 -0.0339462 0.99673 -0.0733302 -6.13359 -0.999379 -0.0345463 -0.00692958 -42.2225 
-0.00992053 0.0686895 0.997589 151.563 -0.0376032 0.996907 -0.0690164 -6.19109 -0.999244 -0.0381972 -0.0073069 -42.2071 
-0.0116494 0.064022 0.997881 152.319 -0.0388325 0.997166 -0.0644295 -6.26143 -0.999178 -0.0395008 -0.00913031 -42.1997 
-0.0148701 0.0611359 0.998019 153.063 -0.0377254 0.997384 -0.0616591 -6.31912 -0.999178 -0.0385675 -0.0125248 -42.195 
-0.0174865 0.0614834 0.997955 153.805 -0.0357672 0.99743 -0.0620777 -6.37311 -0.999207 -0.0367795 -0.0152424 -42.1969 
-0.0211812 0.0613346 0.997893 154.547 -0.034042 0.997493 -0.0620326 -6.43295 -0.999196 -0.0352842 -0.0190401 -42.2023 
-0.025746 0.0595156 0.997895 155.296 -0.0348551 0.997566 -0.0603951 -6.49997 -0.999061 -0.0363367 -0.0236089 -42.2079 
-0.0310892 0.0600101 0.997714 156.039 -0.035856 0.997487 -0.0611137 -6.54928 -0.998873 -0.037674 -0.0288594 -42.2186 
-0.0371644 0.0580176 0.997624 156.779 -0.0369984 0.997549 -0.0593915 -6.60481 -0.998624 -0.0391177 -0.0349267 -42.2324 
-0.042877 0.0552067 0.997554 157.512 -0.0346084 0.997791 -0.0567073 -6.66506 -0.998481 -0.0369552 -0.0408717 -42.2539 
-0.0482076 0.0553928 0.9973 158.241 -0.0348053 0.997762 -0.0571008 -6.71584 -0.998231 -0.037464 -0.0461717 -42.2769 
-0.0534953 0.0565562 0.996965 158.964 -0.0367424 0.997607 -0.0585641 -6.76818 -0.997892 -0.0397638 -0.0512893 -42.3004 
-0.05744 0.0589638 0.996606 159.689 -0.0372378 0.997433 -0.0611589 -6.82251 -0.997654 -0.0406244 -0.0550969 -42.3283 
-0.0599633 0.0610836 0.99633 160.407 -0.0370299 0.997303 -0.0633719 -6.87968 -0.997514 -0.040694 -0.0575396 -42.3601 
-0.0611346 0.0628187 0.996151 161.125 -0.0338998 0.997311 -0.0649723 -6.93241 -0.997554 -0.0377414 -0.0588406 -42.3977 
-0.0601937 0.0611669 0.996311 161.837 -0.0300234 0.997558 -0.0630574 -6.98787 -0.997735 -0.0337083 -0.0582103 -42.4341 
-0.0560803 0.0572333 0.996785 162.547 -0.0276935 0.997882 -0.0588544 -7.0483 -0.998042 -0.030905 -0.0543766 -42.4645 
-0.0486594 0.0572456 0.997174 163.251 -0.0270029 0.997916 -0.0586058 -7.10396 -0.99845 -0.0297784 -0.0470122 -42.4842 
-0.0373266 0.0579932 0.997619 163.948 -0.0241932 0.99797 -0.0589188 -7.15776 -0.99901 -0.0263348 -0.0358478 -42.4977 
-0.0225149 0.0581836 0.998052 164.642 -0.021444 0.998047 -0.058667 -7.2092 -0.999517 -0.0227231 -0.0212232 -42.5035 
-0.00712603 0.055796 0.998417 165.334 -0.0226333 0.998177 -0.0559441 -7.25663 -0.999718 -0.0229961 -0.0058502 -42.4914 
0.00884406 0.0508931 0.998665 166.021 -0.0275357 0.998338 -0.0506325 -7.30523 -0.999582 -0.0270512 0.0102307 -42.4577 
0.0252409 0.044225 0.998703 166.703 -0.0293523 0.998623 -0.0434796 -7.34895 -0.99925 -0.0282168 0.0265043 -42.4189 
0.0426019 0.0369183 0.99841 167.383 -0.0294782 0.998928 -0.0356796 -7.38701 -0.998657 -0.0279113 0.0436445 -42.3743 
0.0604708 0.0297139 0.997728 168.056 -0.0302921 0.999151 -0.0279203 -7.41959 -0.99771 -0.0285349 0.0613195 -42.3158 
0.0774358 0.0237945 0.996713 168.722 -0.0321104 0.999256 -0.0213604 -7.45212 -0.99648 -0.0303508 0.0781423 -42.2403 
0.0955579 0.0214817 0.995192 169.381 -0.0332366 0.999279 -0.0183785 -7.48118 -0.994869 -0.0313206 0.0962029 -42.1559 
0.113606 0.0200519 0.993324 170.027 -0.0317227 0.99936 -0.0165456 -7.5053 -0.993019 -0.0296313 0.114169 -42.064 
0.13097 0.0193311 0.991198 170.667 -0.0323868 0.99936 -0.0152108 -7.52764 -0.990857 -0.0301096 0.131512 -41.9563 
0.147129 0.0181291 0.988951 171.302 -0.0371586 0.999228 -0.0127892 -7.54977 -0.988419 -0.0348663 0.147689 -41.8349 
0.161815 0.0143556 0.986717 171.943 -0.0388414 0.999212 -0.00816757 -7.56779 -0.986056 -0.0370038 0.162245 -41.7112 
0.174186 0.0104165 0.984658 172.569 -0.0355779 0.999358 -0.00427826 -7.58598 -0.98407 -0.0342868 0.174444 -41.5882 
0.185046 0.00908828 0.982688 173.185 -0.0333177 0.99944 -0.00296924 -7.60327 -0.982165 -0.0321914 0.185245 -41.4588 
0.194802 0.0128087 0.980759 173.79 -0.0375472 0.999279 -0.00559279 -7.62118 -0.980124 -0.0357353 0.195142 -41.3147 
0.203575 0.0202702 0.978849 174.37 -0.0426266 0.999021 -0.0118227 -7.63333 -0.978131 -0.0393182 0.20424 -41.1637 
0.212718 0.0301577 0.976648 174.956 -0.042636 0.998858 -0.0215572 -7.65116 -0.976183 -0.0370547 0.213761 -41.0175 
0.22124 0.0358184 0.974561 175.556 -0.0367246 0.998922 -0.0283766 -7.66829 -0.974528 -0.0295123 0.222318 -40.8798 
0.227853 0.0338745 0.973106 176.158 -0.0362868 0.998996 -0.0262792 -7.68677 -0.973019 -0.0293231 0.228854 -40.726 
0.233778 0.0264823 0.971929 176.771 -0.0390684 0.999078 -0.0178249 -7.70325 -0.971505 -0.0338046 0.234597 -40.557 
0.238226 0.0159227 0.971079 177.388 -0.043554 0.999035 -0.00569629 -7.72234 -0.970233 -0.0409374 0.238689 -40.3878 
0.240267 0.00785986 0.970675 178.003 -0.0439447 0.99903 0.00278801 -7.73984 -0.969712 -0.0433259 0.240379 -40.219 
0.241477 0.00694451 0.970382 178.612 -0.0404334 0.999178 0.00291123 -7.7584 -0.969564 -0.0399389 0.24156 -40.0617 
0.242809 0.00888142 0.970034 179.217 -0.0366485 0.999328 2.38756e-05 -7.768 -0.969382 -0.035556 0.242971 -39.906 
0.24479 0.00834931 0.96954 179.824 -0.0332141 0.999448 -0.000220882 -7.77358 -0.969007 -0.0321484 0.244933 -39.7505 
0.246724 0.00608599 0.969067 180.44 -0.0350012 0.999384 0.00263494 -7.77897 -0.968454 -0.0345686 0.246785 -39.5822 
0.249742 0.00231347 0.96831 181.055 -0.0353891 0.999351 0.00673981 -7.78507 -0.967666 -0.0359508 0.249662 -39.4133 
0.252876 -0.00317664 0.967494 181.667 -0.0344783 0.99933 0.0122929 -7.79561 -0.966884 -0.0364661 0.252597 -39.2387 
0.25737 -0.00579716 0.966296 182.289 -0.0331974 0.999339 0.0148375 -7.79559 -0.965743 -0.0358972 0.257007 -39.0629 
0.263631 -0.00815462 0.964589 182.909 -0.0312364 0.999368 0.0169859 -7.79438 -0.964118 -0.0346083 0.26321 -38.8807 
0.271648 -0.0114784 0.962328 183.541 -0.0294575 0.999361 0.0202355 -7.79487 -0.961946 -0.0338447 0.271136 -38.692 
0.281817 -0.0136335 0.959371 184.165 -0.0265041 0.999407 0.0219882 -7.79744 -0.959102 -0.0316239 0.281289 -38.4989 
0.292902 -0.0116449 0.956072 184.784 -0.0278577 0.999397 0.0207072 -7.79798 -0.955737 -0.0326991 0.292401 -38.2896 
0.304632 -0.00794895 0.952437 185.404 -0.0289797 0.999425 0.0176101 -7.79585 -0.952029 -0.0329659 0.304226 -38.0696 
0.316208 -0.00497641 0.948677 186.022 -0.0298094 0.99944 0.0151787 -7.79347 -0.948222 -0.0330791 0.315882 -37.8421 
0.32773 -0.00480484 0.944759 186.643 -0.028169 0.999493 0.0148549 -7.78779 -0.944351 -0.0314813 0.327428 -37.6049 
0.3392 -0.00787302 0.940681 187.273 -0.0274161 0.999458 0.018251 -7.78525 -0.940315 -0.0319805 0.3388 -37.3611 
0.350282 -0.0093834 0.936597 187.902 -0.0284849 0.999381 0.0206656 -7.78682 -0.936211 -0.0339176 0.349797 -37.1055 
0.361533 -0.00999538 0.932306 188.534 -0.0299708 0.999301 0.0223359 -7.78125 -0.931877 -0.0360171 0.360981 -36.8338 
0.371321 -0.0114581 0.928434 189.178 -0.0334165 0.999111 0.0256951 -7.77563 -0.927903 -0.0405662 0.370608 -36.556 
0.378559 -0.0102447 0.92552 189.816 -0.0373347 0.998956 0.0263284 -7.7658 -0.924824 -0.0445209 0.377782 -36.2724 
0.38292 -0.0135795 0.923682 190.469 -0.036973 0.998866 0.0300124 -7.76026 -0.923041 -0.0456437 0.381984 -35.9816 
0.385548 -0.0174816 0.922522 191.123 -0.0338008 0.998882 0.0330549 -7.74985 -0.922068 -0.0439263 0.384526 -35.7018 
0.385714 -0.0164948 0.922471 191.783 -0.0293956 0.999113 0.0301565 -7.73354 -0.92215 -0.0387483 0.384887 -35.4172 
0.384625 -0.016027 0.922934 192.443 -0.0280716 0.999184 0.0290497 -7.72486 -0.922646 -0.0370815 0.383861 -35.1275 
0.383783 -0.0148093 0.923305 193.111 -0.0246986 0.999349 0.0262953 -7.71257 -0.923093 -0.032896 0.383167 -34.8404 
0.38345 -0.0165443 0.923414 193.795 -0.0214687 0.99941 0.0268209 -7.69557 -0.923312 -0.030109 0.382868 -34.5529 
0.382903 -0.0221715 0.923523 194.478 -0.0184982 0.999328 0.031661 -7.68386 -0.923604 -0.0292066 0.382235 -34.2672 
0.381285 -0.0252005 0.924114 195.159 -0.0182349 0.999229 0.0347725 -7.67527 -0.924278 -0.0301094 0.380532 -33.9688 
0.379835 -0.0278761 0.924634 195.845 -0.0172497 0.999159 0.037209 -7.66538 -0.924894 -0.030083 0.379034 -33.6783 
0.378449 -0.0278418 0.925203 196.538 -0.018071 0.999135 0.0374584 -7.64398 -0.925446 -0.0308954 0.377618 -33.3828 
0.376421 -0.0280678 0.926023 197.228 -0.0193606 0.999084 0.0381522 -7.62698 -0.926246 -0.0322896 0.375533 -33.0879 
0.374879 -0.0269339 0.926683 197.918 -0.0203408 0.999098 0.0372674 -7.6175 -0.926851 -0.0328202 0.373993 -32.7987 
0.373527 -0.0234212 0.927324 198.605 -0.0195448 0.999261 0.0331109 -7.60556 -0.927413 -0.0304921 0.372793 -32.5098 
0.373092 -0.0173442 0.927632 199.291 -0.0200785 0.99944 0.0267624 -7.59176 -0.927577 -0.0286103 0.372535 -32.2241 
0.371764 -0.0146975 0.928211 199.976 -0.0222318 0.999447 0.0247297 -7.58094 -0.928061 -0.0298294 0.371231 -31.9336 
0.370301 -0.0173514 0.92875 200.675 -0.0236203 0.999326 0.0280876 -7.57195 -0.928612 -0.0323383 0.369642 -31.6346 
0.36936 -0.0203646 0.929063 201.361 -0.0254351 0.999164 0.0320133 -7.5644 -0.928938 -0.0354552 0.368533 -31.3534 
0.366852 -0.0194613 0.930076 202.044 -0.0295602 0.999032 0.0325637 -7.55563 -0.92981 -0.0394392 0.365922 -31.0647 
0.362215 -0.0194778 0.931891 202.735 -0.0321621 0.998925 0.0333799 -7.5455 -0.93154 -0.0420622 0.361199 -30.7802 
0.355598 -0.0204919 0.934414 203.433 -0.0321581 0.998899 0.0341441 -7.53052 -0.934086 -0.0421905 0.354548 -30.5043 
0.346779 -0.0209753 0.937712 204.123 -0.0316705 0.998918 0.0340567 -7.52273 -0.937412 -0.041508 0.345739 -30.2478 
0.336685 -0.0200057 0.941405 204.813 -0.0293547 0.999065 0.0317296 -7.52028 -0.94116 -0.0383175 0.335783 -29.9948 
0.325837 -0.0164979 0.945282 205.505 -0.0300623 0.999161 0.0278007 -7.5048 -0.944948 -0.0374758 0.325068 -29.7465 
0.314396 -0.0164965 0.949149 206.204 -0.0333067 0.999042 0.0283963 -7.49218 -0.948707 -0.0405407 0.313545 -29.5076 
0.303404 -0.0245325 0.952546 206.915 -0.0280388 0.999006 0.03466 -7.47978 -0.95245 -0.0372242 0.302414 -29.2794 
0.294808 -0.0330569 0.954985 207.628 -0.0239662 0.998831 0.0419731 -7.46874 -0.955256 -0.0352613 0.293671 -29.0589 
0.287987 -0.038518 0.956859 208.335 -0.0233769 0.99861 0.0472345 -7.44914 -0.957349 -0.0359713 0.286687 -28.8423 
0.283477 -0.0390926 0.958182 209.041 -0.0295706 0.998337 0.0494794 -7.4219 -0.958523 -0.0423602 0.281849 -28.6105 
0.280926 -0.0411227 0.958848 209.748 -0.0282199 0.998296 0.0510825 -7.39968 -0.959315 -0.041409 0.279287 -28.3947 
0.279327 -0.0422233 0.959267 210.469 -0.0271143 0.998287 0.0518363 -7.3756 -0.959813 -0.0404892 0.277704 -28.1731 
0.278675 -0.0406406 0.959525 211.186 -0.0273525 0.998363 0.0502296 -7.3549 -0.959996 -0.0402431 0.277107 -27.9535 
0.278181 -0.0387014 0.959749 211.904 -0.0302877 0.998338 0.0490363 -7.32898 -0.960051 -0.0427095 0.276546 -27.7267 
0.278558 -0.0394068 0.959611 212.625 -0.0308858 0.998274 0.0499601 -7.30216 -0.959923 -0.0435551 0.27686 -27.502 
0.280259 -0.0405404 0.959068 213.354 -0.0316258 0.998175 0.0514352 -7.27528 -0.959403 -0.0447464 0.278465 -27.2766 
0.281925 -0.0424875 0.958495 214.084 -0.0297733 0.99815 0.0530027 -7.24885 -0.958974 -0.0434804 0.280139 -27.05 
0.283402 -0.043514 0.958014 214.815 -0.0260311 0.998253 0.0530424 -7.22055 -0.958648 -0.0399704 0.281774 -26.8254 
0.286551 -0.0449587 0.95701 215.55 -0.0250421 0.998206 0.0543923 -7.18918 -0.957738 -0.0395517 0.284911 -26.5925 
0.290651 -0.0464465 0.955701 216.284 -0.0263667 0.998053 0.0565235 -7.15817 -0.956466 -0.0416273 0.28886 -26.3518 
0.295823 -0.0505696 0.953903 217.018 -0.0279085 0.997714 0.0615471 -7.1273 -0.954835 -0.044829 0.293736 -26.1046 
0.300798 -0.0540687 0.952154 217.755 -0.0287961 0.997421 0.0657363 -7.09055 -0.953253 -0.0471916 0.298465 -25.8531 
0.305102 -0.0539339 0.950791 218.501 -0.0303641 0.997336 0.0663179 -7.0548 -0.951835 -0.0491037 0.302652 -25.599 
0.309394 -0.0491262 0.949664 219.238 -0.0360126 0.997343 0.0633253 -7.01993 -0.950252 -0.0537924 0.306803 -25.3382 
0.314025 -0.0430044 0.94844 219.973 -0.0407246 0.997444 0.0587102 -6.97825 -0.948541 -0.0570613 0.311471 -25.0721 
0.318553 -0.0400675 0.947058 220.713 -0.0441994 0.997392 0.0570639 -6.94303 -0.946874 -0.0600372 0.315951 -24.7992 
0.323091 -0.0403971 0.945505 221.456 -0.0462107 0.997223 0.0583975 -6.91491 -0.945239 -0.0625602 0.320327 -24.5267 
0.326936 -0.0379714 0.944283 222.199 -0.0482702 0.997217 0.0568124 -6.88372 -0.943813 -0.0641547 0.324193 -24.2495 
0.330217 -0.035053 0.943254 222.931 -0.0490013 0.997326 0.054217 -6.85018 -0.942632 -0.064124 0.327617 -23.9617 
0.334808 -0.0345393 0.941653 223.671 -0.0490677 0.997333 0.0540279 -6.8162 -0.941008 -0.0642938 0.33222 -23.6806 
0.339474 -0.0361029 0.939922 224.416 -0.0487117 0.997248 0.0558982 -6.78792 -0.939353 -0.0647612 0.336781 -23.3968 
0.343965 -0.0366443 0.938267 225.161 -0.044571 0.997475 0.0552963 -6.76068 -0.937924 -0.0608395 0.341463 -23.1151 
0.34827 -0.0364209 0.936687 225.901 -0.0415174 0.997665 0.0542286 -6.73153 -0.936474 -0.057775 0.345945 -22.8296 
0.352215 -0.0341562 0.935296 226.634 -0.0427954 0.997701 0.0525512 -6.70095 -0.93494 -0.0585357 0.349944 -22.5344 
0.356809 -0.034507 0.93354 227.371 -0.0473534 0.997365 0.0549653 -6.67005 -0.932976 -0.0638183 0.354235 -22.2311 
0.361528 -0.0348037 0.931712 228.106 -0.0503841 0.997114 0.0567971 -6.64216 -0.930999 -0.0674771 0.35873 -21.925 
0.36556 -0.0323486 0.930225 228.837 -0.0476051 0.997438 0.0533939 -6.61655 -0.929569 -0.0638021 0.363084 -21.6241 
0.369283 -0.0254756 0.928968 229.564 -0.0472024 0.99782 0.0461278 -6.59046 -0.928117 -0.0608837 0.367276 -21.32 
0.372681 -0.0189419 0.927766 230.287 -0.0533501 0.997701 0.0418004 -6.55933 -0.926425 -0.0650746 0.370814 -21.0024 
0.375695 -0.0201375 0.926525 231.018 -0.0589385 0.997221 0.045573 -6.53064 -0.924868 -0.0717295 0.373464 -20.6787 
0.378177 -0.0303342 0.925236 231.759 -0.0582383 0.996704 0.0564814 -6.50279 -0.9239 -0.0752442 0.375164 -20.3602 
0.380087 -0.0428278 0.923959 232.5 -0.0544432 0.99616 0.0685708 -6.46704 -0.923347 -0.0763661 0.376295 -20.0471 
0.381624 -0.0505016 0.922937 233.237 -0.0557716 0.995429 0.0775292 -6.42605 -0.922634 -0.0810607 0.377063 -19.7236 
0.383953 -0.0524237 0.921863 233.97 -0.0570395 0.995134 0.0803472 -6.38606 -0.921589 -0.0834322 0.379095 -19.402 
0.386583 -0.0476518 0.921023 234.692 -0.0570939 0.995512 0.0754699 -6.33914 -0.920486 -0.0817601 0.382128 -19.0799 
0.390679 -0.0417281 0.919581 235.411 -0.0558795 0.996055 0.0689384 -6.29075 -0.918829 -0.0783185 0.386806 -18.7621 
0.395213 -0.0371391 0.917838 236.134 -0.055826 0.996364 0.0643548 -6.24605 -0.916891 -0.0766731 0.391703 -18.4374 
0.399339 -0.0353058 0.916124 236.861 -0.053948 0.996622 0.061924 -6.20907 -0.915215 -0.0741516 0.396085 -18.1092 
0.403547 -0.0330934 0.91436 237.574 -0.0533317 0.996796 0.0596146 -6.17155 -0.913403 -0.0728217 0.400489 -17.7824 
0.407536 -0.0345272 0.912536 238.299 -0.0520301 0.996784 0.0609514 -6.13296 -0.911706 -0.0723192 0.404429 -17.445 
0.411095 -0.0394076 0.91074 239.03 -0.0507644 0.996525 0.0660339 -6.09335 -0.910178 -0.0733794 0.407666 -17.1031 
0.414028 -0.0453389 0.909134 239.76 -0.0487903 0.996218 0.0719014 -6.05186 -0.908956 -0.0741261 0.41025 -16.757 
0.416735 -0.0510351 0.907594 240.492 -0.0471205 0.995868 0.0776349 -6.01035 -0.907806 -0.0751195 0.412608 -16.4152 
0.418696 -0.0561776 0.906387 241.226 -0.0454014 0.995542 0.0826762 -5.95694 -0.906991 -0.0757675 0.414279 -16.0614 
0.42018 -0.0629883 0.905252 241.962 -0.0436719 0.995028 0.0895058 -5.90198 -0.90639 -0.0771426 0.41534 -15.7087 
0.421775 -0.0632867 0.904489 242.688 -0.0443965 0.994923 0.090317 -5.84602 -0.905613 -0.0782495 0.416824 -15.3546 
0.423606 -0.0516579 0.904372 243.405 -0.0533523 0.995217 0.0818371 -5.79802 -0.904274 -0.0829171 0.418824 -14.992 
0.42421 -0.0380026 0.904766 244.114 -0.0554028 0.996158 0.0678176 -5.74827 -0.903868 -0.0788954 0.420474 -14.637 
0.424987 -0.0302781 0.904693 244.836 -0.0552408 0.99671 0.0593076 -5.69747 -0.903512 -0.0751809 0.421916 -14.2821 
