1 -4.23778e-08 4.22719e-08 0 -4.23778e-08 1 -4.19404e-08 0 4.22719e-08 -4.19404e-08 1 0 
0.999991 -0.00279928 -0.00330929 -0.0083049 0.00279238 0.999994 -0.0020621 -0.00539741 0.00331512 0.00205276 0.999992 0.678202 
0.999969 -0.0016432 -0.0076548 -0.0232196 0.00161587 0.999992 -0.00356443 -0.0082311 0.00766068 0.00355187 0.999964 1.37583 
0.999934 -0.0015564 -0.0113813 -0.0455533 0.00149564 0.999985 -0.00533774 -0.0072748 0.0113895 0.00532028 0.999921 2.09443 
0.999867 -9.82772e-05 -0.0162852 -0.0708876 -5.65352e-07 0.999982 -0.00606419 -0.0115442 0.0162855 0.00606332 0.999849 2.82159 
0.999776 -0.0017098 -0.0210779 -0.088652 0.00158374 0.999981 -0.00599192 -0.0236732 0.0210879 0.00595711 0.99976 3.56832 
0.999676 4.56471e-06 -0.0254479 -0.124386 -0.000187246 0.999974 -0.00717299 -0.0335726 0.0254473 0.00717535 0.99965 4.32953 
0.999533 0.00252884 -0.0304546 -0.161767 -0.00276901 0.999965 -0.00784369 -0.0406092 0.0304338 0.00792427 0.999505 5.10281 
0.999394 0.00276414 -0.034707 -0.209123 -0.00298024 0.999976 -0.00617391 -0.0487302 0.0346892 0.00627352 0.999378 5.9013 
0.999219 0.00189472 -0.0394564 -0.247882 -0.00203854 0.999991 -0.00360297 -0.0530091 0.0394493 0.00368051 0.999215 6.71394 
0.999064 0.00118267 -0.0432411 -0.289205 -0.00121512 0.999999 -0.000722233 -0.06436 0.0432403 0.000774014 0.999064 7.5332 
0.998944 0.00264967 -0.0458717 -0.343372 -0.00271178 0.999995 -0.00129006 -0.0735714 0.0458682 0.001413 0.998946 8.36265 
0.998847 0.00232735 -0.04795 -0.40014 -0.00241388 0.999995 -0.00174494 -0.076532 0.0479458 0.00185859 0.998848 9.18934 
0.998766 -0.000570009 -0.0496679 -0.450358 0.000463783 0.999997 -0.00214856 -0.0860298 0.049669 0.00212279 0.998763 10.0251 
0.998671 -0.000499642 -0.051543 -0.509033 0.000429813 0.999999 -0.00136424 -0.0931502 0.0515437 0.00134019 0.99867 10.864 
0.99859 -0.00185623 -0.0530521 -0.565762 0.00176269 0.999997 -0.00180831 -0.0994624 0.0530554 0.00171216 0.99859 11.7199 
0.998486 0.000327626 -0.0549963 -0.623288 -0.00058324 0.999989 -0.00463033 -0.102952 0.0549943 0.00465532 0.998476 12.5872 
0.998424 0.000579362 -0.0561185 -0.690712 -0.000991548 0.999973 -0.00731588 -0.112678 0.0561128 0.00735991 0.998397 13.4544 
0.998309 0.00423488 -0.0579704 -0.756557 -0.00474509 0.999951 -0.00866485 -0.127712 0.057931 0.00892519 0.998281 14.3372 
0.99826 0.00523092 -0.0587308 -0.826941 -0.00572406 0.99995 -0.00823011 -0.142338 0.0586849 0.00855188 0.99824 15.2235 
0.998194 0.00430064 -0.0599097 -0.896305 -0.0047072 0.999967 -0.0066453 -0.158395 0.0598793 0.00691523 0.998182 16.1137 
0.998101 0.00519567 -0.0613769 -0.964436 -0.00552385 0.999971 -0.00517714 -0.170439 0.0613483 0.00550626 0.998101 17.0167 
0.998039 0.00473245 -0.0624121 -1.0308 -0.00504586 0.999975 -0.00486359 -0.186612 0.0623876 0.00516889 0.998039 17.923 
0.997927 0.00475672 -0.0641763 -1.0986 -0.0051439 0.999969 -0.00586789 -0.198454 0.0641465 0.00618576 0.997921 18.8292 
0.997857 0.00324851 -0.0653527 -1.1684 -0.00367991 0.999972 -0.00648056 -0.213056 0.0653299 0.00670708 0.997841 19.7481 
0.997814 0.00317933 -0.0660019 -1.23795 -0.00351329 0.999982 -0.00494314 -0.2209 0.065985 0.00516413 0.997807 20.6701 
0.997803 0.00409477 -0.0661164 -1.31081 -0.00419165 0.99999 -0.00132533 -0.236304 0.0661104 0.00159947 0.997811 21.6022 
0.997852 0.00502982 -0.0653194 -1.38388 -0.00490799 0.999986 0.00202673 -0.240912 0.0653288 -0.00170188 0.997862 22.5384 
0.997968 0.00383853 -0.0635973 -1.45702 -0.00352753 0.999981 0.00500307 -0.247909 0.0636153 -0.00476865 0.997963 23.4839 
0.99805 0.00381612 -0.0622983 -1.522 -0.00347083 0.999978 0.00565103 -0.251721 0.0623186 -0.00542387 0.998041 24.4279 
0.998146 0.00430125 -0.0607035 -1.59537 -0.00416365 0.999988 0.00239438 -0.251481 0.0607131 -0.00213728 0.998153 25.3777 
0.998199 0.0052909 -0.0597504 -1.66929 -0.00545192 0.999982 -0.0025308 -0.257509 0.0597361 0.00285192 0.99821 26.3259 
0.998267 0.00403734 -0.0587033 -1.73541 -0.00437439 0.999975 -0.00561285 -0.264924 0.0586793 0.00585983 0.99826 27.285 
0.99832 0.00151382 -0.0579171 -1.80457 -0.00178553 0.999988 -0.00463854 -0.275996 0.0579094 0.00473407 0.998311 28.259 
0.998315 -0.000181394 -0.0580311 -1.87046 0.000227529 1 0.000789825 -0.29483 0.058031 -0.000801784 0.998314 29.2121 
0.998256 -0.00424569 -0.0588816 -1.93733 0.00451102 0.99998 0.00437546 -0.309221 0.0588619 -0.00463353 0.998255 30.1873 
0.998132 -0.011343 -0.0600372 -2.00062 0.0115775 0.999927 0.00356115 -0.312894 0.0599924 -0.00424966 0.99819 31.1711 
0.997998 -0.0138666 -0.0617039 -2.05896 0.0138612 0.999904 -0.000514884 -0.312591 0.0617052 -0.000341524 0.998094 32.181 
0.997925 -0.0132175 -0.0630141 -2.13694 0.012937 0.999904 -0.00485626 -0.320153 0.0630723 0.00403089 0.998001 33.1576 
0.997821 -0.0115879 -0.0649457 -2.21924 0.0112602 0.999922 -0.00540919 -0.336759 0.0650034 0.00466602 0.997874 34.1414 
0.997774 -0.0115755 -0.065674 -2.29331 0.0113242 0.999927 -0.00419573 -0.346186 0.0657178 0.0034426 0.997832 35.141 
0.997727 -0.00856813 -0.0668407 -2.38001 0.00849655 0.999963 -0.00135393 -0.362488 0.0668499 0.000782848 0.997763 36.1433 
0.99764 -0.00845201 -0.0681403 -2.45524 0.00845582 0.999964 -0.000231277 -0.371919 0.0681399 -0.000345538 0.997676 37.1433 
0.997585 -0.00720042 -0.0690853 -2.54306 0.00737643 0.99997 0.0022942 -0.384157 0.0690668 -0.00279835 0.997608 38.1374 
0.997606 -0.00682191 -0.0688121 -2.62569 0.00719146 0.999961 0.0051253 -0.39296 0.0687745 -0.00560798 0.997616 39.135 
0.997585 -0.00102699 -0.069441 -2.71896 0.00154375 0.999971 0.0073895 -0.399691 0.0694315 -0.00747894 0.997559 40.1353 
0.997576 -0.00132371 -0.0695679 -2.80375 0.00178883 0.999976 0.00662518 -0.40525 0.0695576 -0.00673366 0.997555 41.1404 
0.997601 -0.00128172 -0.0692156 -2.89158 0.0016191 0.999987 0.00481958 -0.411271 0.0692086 -0.00492017 0.99759 42.136 
0.99762 0.000920958 -0.0689382 -2.98633 -0.000734876 0.999996 0.00272575 -0.420597 0.0689405 -0.00266869 0.997617 43.1315 
0.997577 0.000694872 -0.0695673 -3.07425 -0.000489311 0.999995 0.00297301 -0.436193 0.0695691 -0.00293185 0.997573 44.1098 
0.997458 -0.00128738 -0.071241 -3.14655 0.00159747 0.999989 0.00429693 -0.445958 0.0712348 -0.0043999 0.99745 45.0986 
0.997413 -0.000402686 -0.0718748 -3.23272 0.00077262 0.999987 0.00512033 -0.45428 0.0718719 -0.00516271 0.9974 46.0862 
0.997406 0.00153513 -0.0719646 -3.32407 -0.00143029 0.999998 0.00150954 -0.468208 0.0719668 -0.00140278 0.997406 47.0606 
0.997345 0.00189188 -0.0728017 -3.41243 -0.00207741 0.999995 -0.00247171 -0.480636 0.0727967 0.0026163 0.997343 48.0229 
0.997291 0.00279707 -0.0735041 -3.49637 -0.00307696 0.999988 -0.00369371 -0.494098 0.073493 0.00390979 0.997288 48.9888 
0.997289 0.00150083 -0.0735651 -3.57974 -0.00152481 0.999999 -0.000268686 -0.508363 0.0735647 0.000380043 0.99729 49.9684 
0.997281 -0.00013915 -0.0736957 -3.65974 0.000355314 0.999996 0.0029212 -0.521977 0.0736951 -0.00293953 0.997276 50.9422 
0.997258 -0.00192599 -0.0739703 -3.74006 0.0021994 0.999991 0.00361609 -0.535341 0.0739628 -0.00376895 0.997254 51.9041 
0.997241 -0.00545917 -0.0740274 -3.82337 0.00567459 0.99998 0.0027012 -0.550351 0.0740113 -0.00311391 0.997252 52.8577 
0.99717 -0.00839601 -0.0747094 -3.89635 0.00851692 0.999963 0.00130103 -0.56128 0.0746958 -0.00193373 0.997204 53.8151 
0.997088 -0.00958396 -0.0756493 -3.98242 0.00980635 0.999949 0.00256994 -0.57337 0.0756209 -0.00330439 0.997131 54.7693 
0.996966 -0.0127986 -0.0767729 -4.06649 0.0133379 0.99989 0.00651693 -0.580402 0.0766811 -0.00752124 0.997027 55.714 
0.996932 -0.0137509 -0.0770557 -4.15802 0.0146846 0.999825 0.0115652 -0.588236 0.0768833 -0.0126614 0.99696 56.6677 
0.996906 -0.0122113 -0.0776462 -4.24406 0.0133078 0.999819 0.0136205 -0.589929 0.0774659 -0.0146118 0.996888 57.6291 
0.99683 -0.010879 -0.0788168 -4.33445 0.0116733 0.999885 0.00962543 -0.596842 0.0787032 -0.0105151 0.996843 58.56 
0.996737 -0.00919443 -0.0801949 -4.42082 0.00937893 0.999954 0.00192523 -0.603642 0.0801736 -0.00267118 0.996777 59.483 
0.996696 -0.00783742 -0.0808474 -4.51301 0.00760887 0.999966 -0.00313362 -0.610699 0.0808693 0.00250802 0.996721 60.394 
0.996644 -0.00296939 -0.0818086 -4.60747 0.00279603 0.999994 -0.00223254 -0.6252 0.0818148 0.00199622 0.996645 61.2995 
0.996514 -0.000236776 -0.0834192 -4.69778 0.000253425 1 0.000189959 -0.641228 0.0834192 -0.000210524 0.996514 62.1986 
0.996477 0.00194912 -0.0838439 -4.79765 -0.00178586 0.999996 0.00202322 -0.660208 0.0838476 -0.00186644 0.996477 63.0817 
0.996367 0.00253925 -0.0851201 -4.88411 -0.00239232 0.999995 0.0018291 -0.67239 0.0851244 -0.00161891 0.996369 63.9473 
0.996213 0.00360252 -0.0868708 -4.97229 -0.00337582 0.99999 0.00275741 -0.687855 0.08688 -0.00245379 0.996216 64.7974 
0.996093 0.00452476 -0.0881987 -5.06197 -0.00425549 0.999986 0.00324168 -0.700325 0.0882122 -0.00285378 0.996098 65.6344 
0.99595 0.00415118 -0.0898142 -5.14268 -0.00380671 0.999985 0.00400721 -0.719209 0.0898295 -0.00364917 0.99595 66.4528 
0.995821 0.00380832 -0.0912476 -5.22361 -0.00337771 0.999982 0.00487393 -0.724618 0.0912647 -0.00454544 0.995816 67.2619 
0.995687 0.0067423 -0.0925351 -5.31628 -0.00607518 0.999953 0.00749004 -0.732455 0.0925814 -0.00689565 0.995681 68.0588 
0.995563 0.00800095 -0.0937522 -5.40557 -0.00694817 0.999909 0.0115513 -0.741066 0.0938362 -0.0108488 0.995528 68.8454 
0.995378 0.0113615 -0.0953589 -5.49602 -0.0101487 0.999861 0.0131943 -0.745425 0.0954957 -0.0121656 0.995355 69.6195 
0.9952 0.01429 -0.0968105 -5.58201 -0.013471 0.999868 0.00910911 -0.753077 0.096928 -0.00776134 0.995261 70.3709 
0.995053 0.0139148 -0.0983638 -5.66162 -0.0137905 0.999903 0.00194476 -0.763338 0.0983814 -0.000578743 0.995149 71.1003 
0.994907 0.013084 -0.0999454 -5.73999 -0.0135518 0.9999 -0.00400187 -0.766986 0.0998832 0.00533584 0.994985 71.8116 
0.994863 0.0139736 -0.100263 -5.82582 -0.0145845 0.999879 -0.00536209 -0.77303 0.100176 0.00679675 0.994946 72.5058 
0.99473 0.0164866 -0.101193 -5.90909 -0.0168164 0.999856 -0.00240635 -0.772071 0.101139 0.00409529 0.994864 73.1847 
0.994574 0.0165899 -0.102699 -5.98846 -0.0166724 0.999861 5.57546e-05 -0.790775 0.102686 0.00165671 0.994712 73.8472 
0.994526 0.0135064 -0.103613 -6.06456 -0.013937 0.999897 -0.00343133 -0.801693 0.103557 0.00485651 0.994612 74.4866 
0.994612 0.00542349 -0.103524 -6.13146 -0.00633563 0.999944 -0.00848338 -0.816221 0.103472 0.00909348 0.994591 75.105 
0.994736 0.00130134 -0.102457 -6.19909 -0.00270103 0.999905 -0.0135229 -0.823498 0.10243 0.0137284 0.994645 75.7014 
0.99511 0.00363695 -0.0987006 -6.28468 -0.00497598 0.999899 -0.013323 -0.847748 0.0986422 0.0137489 0.995028 76.2861 
0.995495 0.00872541 -0.0944089 -6.35968 -0.00974421 0.999899 -0.0103349 -0.862294 0.0943093 0.0112082 0.99548 76.857 
0.995928 0.00699344 -0.0898761 -6.41256 -0.00766848 0.999945 -0.00716684 -0.87628 0.0898212 0.00782679 0.995927 77.4162 
0.99643 0.00327905 -0.0843607 -6.45158 -0.00354368 0.999989 -0.00298641 -0.888251 0.08435 0.00327461 0.996431 77.9666 
0.997081 -0.000864847 -0.0763504 -6.48657 0.000900427 0.999999 0.000432662 -0.899904 0.0763501 -0.000500233 0.997081 78.4954 
0.997844 0.00253271 -0.0655737 -6.52788 -0.00251541 0.999997 0.000347688 -0.911131 0.0655745 -0.000182081 0.997848 79.0147 
0.998701 0.0078807 -0.05033 -6.56257 -0.00789834 0.999969 -0.000149931 -0.920633 0.0503274 0.000547174 0.998733 79.5183 
0.999397 0.0130316 -0.0321686 -6.58488 -0.0130355 0.999915 8.86516e-05 -0.923399 0.0321671 0.000330653 0.999482 80.0123 
0.999882 0.0114791 -0.0101677 -6.5776 -0.0114738 0.999934 0.000587345 -0.927258 0.0101738 -0.000470698 0.999948 80.4924 
0.99983 0.00833136 0.0164641 -6.55834 -0.00835874 0.999964 0.00158947 -0.935856 -0.0164502 -0.00172691 0.999863 80.9586 
0.998908 0.00721197 0.0461579 -6.52107 -0.00736166 0.999968 0.00307193 -0.941553 -0.0461342 -0.00340846 0.998929 81.4122 
0.996838 0.00703387 0.0791506 -6.46777 -0.00742572 0.999962 0.00465624 -0.950405 -0.0791147 -0.00522935 0.996852 81.8572 
0.993129 0.00684981 0.116823 -6.39906 -0.00750511 0.999958 0.00516963 -0.955826 -0.116783 -0.00601096 0.993139 82.2894 
0.987341 0.00712271 0.158452 -6.30762 -0.00809846 0.999952 0.00551266 -0.966225 -0.158405 -0.00672617 0.987351 82.708 
0.979054 0.00675572 0.20349 -6.19503 -0.0080196 0.999953 0.00538662 -0.96889 -0.203444 -0.00690577 0.979062 83.1193 
0.967501 0.00893301 0.252709 -6.06877 -0.0101285 0.999943 0.00342962 -0.979093 -0.252664 -0.00587779 0.967536 83.514 
0.952112 0.010051 0.305583 -5.91431 -0.0107913 0.999941 0.000733159 -0.989422 -0.305557 -0.00399576 0.952165 83.8909 
0.932336 0.0103962 0.361444 -5.73936 -0.010601 0.999943 -0.00141652 -0.9929 -0.361438 -0.00251107 0.932393 84.255 
0.908206 0.0107007 0.418386 -5.54331 -0.0104048 0.999941 -0.00298863 -1.00277 -0.418394 -0.00163901 0.908264 84.5917 
0.879148 0.0112164 0.476417 -5.32999 -0.00998127 0.999937 -0.00512328 -1.00554 -0.476444 -0.000251183 0.879205 84.9132 
0.845611 0.00973026 0.533711 -5.09659 -0.00697917 0.99995 -0.00717282 -1.01286 -0.533754 0.0023405 0.845636 85.2106 
0.808658 0.0091813 0.588207 -4.84591 -0.0057239 0.999954 -0.00773928 -1.02665 -0.588251 0.00289154 0.808673 85.4894 
0.768383 0.00807759 0.639939 -4.58389 -0.00477994 0.999965 -0.00688281 -1.03352 -0.639972 0.00222972 0.768395 85.754 
0.725038 0.00783124 0.688664 -4.30393 -0.00648625 0.999969 -0.00454259 -1.04084 -0.688678 -0.00117334 0.725066 86.0064 
0.678951 0.00709375 0.73415 -4.01059 -0.00570246 0.999974 -0.00438873 -1.04521 -0.734162 -0.00120677 0.678973 86.2379 
0.631686 0.00570774 0.775203 -3.7033 -0.00219665 0.999982 -0.00557292 -1.0516 -0.775221 0.00181745 0.631687 86.4414 
0.584159 0.00302919 0.811633 -3.38129 0.00321973 0.999976 -0.0060496 -1.06261 -0.811633 0.00614714 0.584136 86.6227 
0.536791 0.00511556 0.8437 -3.05779 0.00167725 0.999973 -0.00713033 -1.06918 -0.843714 0.00524256 0.536768 86.7922 
0.488618 0.00821068 0.872459 -2.73057 -0.00216279 0.999964 -0.00819947 -1.07606 -0.872495 0.00211943 0.488618 86.953 
0.44268 0.0102499 0.896621 -2.39611 -0.00305484 0.999946 -0.00992295 -1.0881 -0.896674 0.00165364 0.442688 87.0901 
0.399927 0.00784361 0.916513 -2.04567 0.00396298 0.999939 -0.010287 -1.09302 -0.916538 0.00774614 0.399872 87.2034 
0.360122 0.00030741 0.932905 -1.68728 0.0188604 0.999793 -0.00761008 -1.09607 -0.932714 0.0203355 0.360042 87.2899 
0.324756 -0.00314222 0.945792 -1.32528 0.0231778 0.999721 -0.00463728 -1.09739 -0.945514 0.0234274 0.324738 87.379 
0.291496 0.00101273 0.956571 -0.961212 0.0207626 0.999757 -0.00738556 -1.10221 -0.956347 0.0220138 0.291404 87.4734 
0.260097 0.00880824 0.965542 -0.600033 0.0099711 0.99988 -0.0118076 -1.11667 -0.965531 0.0126986 0.259978 87.5737 
0.231843 0.0130261 0.972666 -0.220674 0.00541052 0.999878 -0.0146802 -1.13596 -0.972738 0.00866612 0.231744 87.6563 
0.206152 0.0148213 0.978408 0.169644 0.00674943 0.99984 -0.0165682 -1.14814 -0.978497 0.0100192 0.206019 87.7204 
0.182528 0.0161989 0.983067 0.572741 0.0139561 0.999721 -0.0190647 -1.15958 -0.983102 0.0171996 0.182251 87.7735 
0.162426 0.0226868 0.98646 0.978562 0.021187 0.999425 -0.0264736 -1.15784 -0.986493 0.0252001 0.161852 87.8166 
0.142844 0.0294817 0.989306 1.40131 0.0233744 0.999177 -0.033151 -1.15762 -0.989469 0.0278599 0.142037 87.8658 
0.124856 0.0302535 0.991713 1.83627 0.0195769 0.999265 -0.0329487 -1.17541 -0.991982 0.0235285 0.124172 87.9236 
0.109576 0.0255741 0.993649 2.25656 0.0178829 0.999456 -0.0276957 -1.20224 -0.993817 0.0208042 0.109059 87.9616 
0.0948411 0.0225565 0.995237 2.72967 0.0191666 0.999516 -0.0244801 -1.21703 -0.995308 0.021397 0.0943629 88.0083 
0.0813786 0.0200951 0.996481 3.21437 0.021409 0.999531 -0.0219051 -1.23315 -0.996453 0.0231163 0.0809102 88.0474 
0.0697604 0.0193293 0.997376 3.70008 0.0253671 0.999454 -0.021144 -1.24652 -0.997241 0.0267756 0.0692321 88.0719 
0.059681 0.0200088 0.998017 4.22097 0.0284297 0.999359 -0.0217359 -1.26108 -0.997812 0.0296705 0.0590739 88.096 
0.051814 0.0204977 0.998446 4.75238 0.0305804 0.999288 -0.022102 -1.27666 -0.998188 0.0316781 0.0511503 88.1233 
0.0463276 0.0209629 0.998706 5.29942 0.0322374 0.999228 -0.0224694 -1.28951 -0.998406 0.0332366 0.045616 88.1458 
0.0408103 0.022006 0.998924 5.86151 0.03383 0.999154 -0.0233932 -1.30793 -0.998594 0.0347483 0.0400313 88.1693 
0.0347382 0.0226528 0.99914 6.44306 0.0342339 0.999129 -0.0238429 -1.32292 -0.99881 0.0350327 0.0339324 88.1943 
0.0303606 0.0226414 0.999282 7.04539 0.0365268 0.99905 -0.023746 -1.34172 -0.998871 0.0372216 0.0295047 88.2121 
0.0275318 0.0224751 0.999368 7.66484 0.0382552 0.998991 -0.0235206 -1.36095 -0.998889 0.0388786 0.0266442 88.2304 
0.0244131 0.0221297 0.999457 8.30241 0.038855 0.998978 -0.0230683 -1.37971 -0.998947 0.0393971 0.0235283 88.2519 
0.0219102 0.0214515 0.99953 8.9554 0.0413526 0.998895 -0.0223444 -1.40311 -0.998904 0.0418227 0.0209989 88.2776 
0.0212727 0.0211187 0.999551 9.63516 0.0458521 0.998704 -0.0220767 -1.42138 -0.998722 0.0463012 0.0202768 88.2928 
0.0224273 0.0207738 0.999533 10.3224 0.0493607 0.998542 -0.0218609 -1.44148 -0.998529 0.0498279 0.0213692 88.3093 
0.0249257 0.0208117 0.999473 11.0216 0.0510061 0.998455 -0.0220627 -1.45892 -0.998387 0.0515292 0.0238257 88.3316 
0.0285979 0.020742 0.999376 11.7437 0.0533752 0.998327 -0.0222477 -1.47942 -0.998165 0.0539781 0.0274429 88.364 
0.0330834 0.0204929 0.999242 12.4885 0.0537701 0.998305 -0.022254 -1.49476 -0.998005 0.0544656 0.0319254 88.3931 
0.0370907 0.0188004 0.999135 13.2463 0.0551273 0.998262 -0.0208305 -1.51627 -0.99779 0.0558522 0.0359898 88.4309 
0.0411116 0.0172241 0.999006 14.0118 0.0550523 0.998293 -0.0194775 -1.53848 -0.997637 0.0557983 0.0400932 88.4768 
0.0450142 0.0154571 0.998867 14.7953 0.0520634 0.998485 -0.0177975 -1.55449 -0.997629 0.0528055 0.0441413 88.5338 
0.0491721 0.0144107 0.998686 15.5968 0.0512711 0.998541 -0.0169331 -1.57397 -0.997473 0.0520363 0.0483615 88.5866 
0.0533747 0.0153506 0.998456 16.4024 0.0483461 0.998669 -0.0179384 -1.59646 -0.997403 0.0492289 0.0525615 88.6428 
0.0564668 0.0193004 0.998218 17.2072 0.0466611 0.99867 -0.0219487 -1.62378 -0.997313 0.0478174 0.0554911 88.7052 
0.0579786 0.0247592 0.998011 18.0132 0.0409381 0.998792 -0.027157 -1.64741 -0.997478 0.0424312 0.056895 88.7701 
0.0576062 0.0280131 0.997946 18.8343 0.0383927 0.998805 -0.0302535 -1.67461 -0.997601 0.0400567 0.0564618 88.8353 
0.0574709 0.0276477 0.997964 19.6498 0.0357399 0.998919 -0.0297324 -1.70569 -0.997707 0.0373759 0.0564207 88.9026 
0.0577036 0.0258619 0.997999 20.4721 0.0334462 0.999053 -0.0278231 -1.7417 -0.997773 0.0349848 0.056784 88.9634 
0.0574343 0.0247714 0.998042 21.2948 0.0343847 0.99905 -0.0267752 -1.77077 -0.997757 0.0358552 0.056528 89.024 
0.0577896 0.0243612 0.998031 22.1138 0.0315737 0.999157 -0.026217 -1.80317 -0.997829 0.0330266 0.0569717 89.0868 
0.058199 0.0244376 0.998006 22.9373 0.0299473 0.999208 -0.0262135 -1.84003 -0.997856 0.0314131 0.0574211 89.1472 
0.058073 0.0251142 0.997996 23.7538 0.0271298 0.999275 -0.0267251 -1.87172 -0.997944 0.0286275 0.0573495 89.2133 
0.0567533 0.0264786 0.998037 24.5683 0.0243923 0.999313 -0.0278996 -1.9062 -0.99809 0.0259278 0.0560684 89.2765 
0.0545406 0.0260897 0.998171 25.3917 0.0217968 0.999389 -0.0273126 -1.93965 -0.998274 0.0232466 0.0539386 89.3285 
0.0508924 0.0247028 0.998399 26.2051 0.0190841 0.999487 -0.0257026 -1.97297 -0.998522 0.0203616 0.0503949 89.3802 
0.0462975 0.022197 0.998681 27.0237 0.0176127 0.999579 -0.0230335 -2.00537 -0.998772 0.0186559 0.0458871 89.4268 
0.0399826 0.0203525 0.998993 27.8359 0.0153939 0.999661 -0.0209823 -2.034 -0.999082 0.0162173 0.0396558 89.4687 
0.0327141 0.0206788 0.999251 28.6461 0.0150817 0.999662 -0.0211811 -2.06167 -0.999351 0.0157633 0.0323911 89.505 
0.023909 0.0217626 0.999477 29.4482 0.0147982 0.999646 -0.0221204 -2.0856 -0.999605 0.0153193 0.0235785 89.5367 
0.0140439 0.0223495 0.999651 30.2537 0.0153744 0.999627 -0.0225651 -2.11125 -0.999783 0.0156859 0.0136951 89.5536 
0.00393455 0.0216689 0.999757 31.0554 0.0170673 0.999618 -0.0217331 -2.13761 -0.999847 0.0171487 0.00356321 89.561 
-0.00667781 0.0205353 0.999767 31.8395 0.0160312 0.999663 -0.0204262 -2.1693 -0.999849 0.015891 -0.00700476 89.5615 
-0.0177066 0.0197912 0.999647 32.6239 0.0172043 0.999662 -0.0194869 -2.19489 -0.999695 0.0168532 -0.0180411 89.5511 
-0.0285869 0.0200859 0.999389 33.409 0.0175588 0.999654 -0.019589 -2.22384 -0.999437 0.0169881 -0.0289297 89.5317 
-0.0397639 0.0208355 0.998992 34.1873 0.0180927 0.999634 -0.0201289 -2.24845 -0.999045 0.017274 -0.0401263 89.5078 
-0.0502879 0.0218038 0.998497 34.9565 0.017506 0.999627 -0.0209469 -2.27842 -0.998581 0.0164263 -0.0506508 89.476 
-0.0604942 0.0230653 0.997902 35.7288 0.0187645 0.999583 -0.0219667 -2.30168 -0.997992 0.0173963 -0.0609017 89.4295 
-0.0698135 0.0236983 0.997278 36.4927 0.0192887 0.999563 -0.0224024 -2.33094 -0.997373 0.0176722 -0.0702401 89.3786 
-0.0794035 0.0240253 0.996553 37.2433 0.0195823 0.999554 -0.0225374 -2.35966 -0.99665 0.0177253 -0.0798386 89.3252 
-0.0886715 0.0243773 0.995762 37.9835 0.0200988 0.999541 -0.0226801 -2.38592 -0.995858 0.0180026 -0.0891207 89.2655 
-0.0974945 0.0238453 0.99495 38.7174 0.0212205 0.999535 -0.0218759 -2.41085 -0.99501 0.0189805 -0.0979552 89.2017 
-0.104862 0.0228437 0.994224 39.4408 0.0227735 0.999529 -0.0205637 -2.43616 -0.994226 0.0204856 -0.105333 89.1276 
-0.110075 0.0212067 0.993697 40.1622 0.0256794 0.999499 -0.018486 -2.46222 -0.993591 0.0234827 -0.110565 89.0489 
-0.113861 0.0192237 0.993311 40.8715 0.0283882 0.999467 -0.0160888 -2.49293 -0.993091 0.0263664 -0.114347 88.9733 
-0.1161 0.0186305 0.993063 41.572 0.0299112 0.999436 -0.0152532 -2.50807 -0.992787 0.0279328 -0.116592 88.8873 
-0.117896 0.0177519 0.992867 42.2641 0.0300737 0.999445 -0.0142986 -2.52994 -0.99257 0.0281735 -0.118365 88.8113 
-0.118696 0.0181974 0.992764 42.9402 0.0306814 0.999422 -0.0146512 -2.55324 -0.992456 0.0287204 -0.119186 88.7376 
-0.117903 0.019187 0.99284 43.5976 0.0315915 0.99938 -0.0155619 -2.57445 -0.992522 0.0295305 -0.118436 88.6701 
-0.115142 0.0208039 0.993131 44.258 0.0329554 0.99931 -0.0171126 -2.59642 -0.992802 0.0307587 -0.115748 88.6138 
-0.110119 0.0213826 0.993688 44.8823 0.0328025 0.999302 -0.0178684 -2.61849 -0.993377 0.0306279 -0.110743 88.5565 
-0.101973 0.0217896 0.994548 45.4839 0.0318102 0.99932 -0.0186327 -2.64538 -0.994278 0.0297368 -0.102596 88.5047 
-0.090913 0.0218823 0.995618 46.0727 0.030636 0.999347 -0.0191669 -2.66571 -0.995387 0.0287592 -0.091524 88.4649 
-0.0770154 0.0220871 0.996785 46.636 0.0298647 0.999357 -0.0198367 -2.68696 -0.996582 0.0282409 -0.0776255 88.4303 
-0.0597354 0.023152 0.997946 47.1813 0.0289683 0.99935 -0.0214506 -2.7158 -0.997794 0.0276274 -0.0603673 88.4149 
-0.0384836 0.0256187 0.998931 47.7204 0.0273363 0.999324 -0.0245757 -2.74142 -0.998885 0.0263613 -0.0391579 88.4116 
-0.0136392 0.028706 0.999495 48.2491 0.0250918 0.999283 -0.0283576 -2.76288 -0.999592 0.0246924 -0.0143497 88.4251 
0.0150501 0.0304365 0.999423 48.7768 0.0234862 0.99925 -0.030785 -2.78416 -0.999611 0.0239359 0.014324 88.4527 
0.0484709 0.0300117 0.998374 49.3068 0.0215466 0.999284 -0.0310852 -2.8049 -0.998592 0.0230182 0.0477895 88.4999 
0.0868894 0.0275068 0.995838 49.8311 0.0205588 0.999356 -0.0293978 -2.82688 -0.996006 0.0230276 0.0862679 88.569 
0.12958 0.0234759 0.991291 50.3366 0.0178966 0.999501 -0.0260099 -2.8554 -0.991407 0.0211111 0.129096 88.6571 
0.175796 0.0193011 0.984237 50.8442 0.015945 0.999621 -0.0224508 -2.87191 -0.984297 0.0196404 0.175421 88.7645 
0.225223 0.0161816 0.974173 51.345 0.0116918 0.999745 -0.0193095 -2.8913 -0.974237 0.0157387 0.224977 88.9039 
0.277796 0.0146326 0.960529 51.8222 0.00816775 0.999812 -0.0175933 -2.90756 -0.960605 0.0127327 0.277624 89.0656 
0.334026 0.0143099 0.942455 52.2918 0.00775026 0.999809 -0.0179277 -2.92137 -0.942532 0.0132926 0.333851 89.252 
0.393526 0.0144698 0.919199 52.7433 0.00970727 0.999755 -0.0198938 -2.94194 -0.919262 0.0167516 0.39329 89.4611 
0.454036 0.0178683 0.890804 53.1686 0.0102347 0.999628 -0.0252679 -2.96008 -0.890925 0.0205897 0.453684 89.7083 
0.513457 0.0208305 0.857862 53.5657 0.011531 0.999447 -0.0311702 -2.97846 -0.858038 0.0258965 0.512933 89.9893 
0.571476 0.0251209 0.820234 53.9337 0.00728812 0.999336 -0.0356841 -2.99134 -0.820587 0.0263706 0.570913 90.3024 
0.62746 0.0280124 0.778145 54.2925 0.00316367 0.999253 -0.0385233 -3.00627 -0.778643 0.0266336 0.626902 90.6443 
0.679857 0.0292995 0.732759 54.6071 0.00107926 0.99916 -0.0409531 -3.01994 -0.733343 0.0286331 0.679255 90.9976 
0.728486 0.0272998 0.684516 54.8911 0.000372311 0.99919 -0.040246 -3.0406 -0.68506 0.0295734 0.727886 91.3629 
0.773403 0.0239887 0.633461 55.1465 -0.00215621 0.999377 -0.0352133 -3.06119 -0.633911 0.0258681 0.772973 91.7444 
0.814364 0.0193134 0.580033 55.3803 -0.00350323 0.999591 -0.0283651 -3.0809 -0.580344 0.0210675 0.814099 92.1542 
0.850593 0.016989 0.525549 55.5862 -0.00619267 0.999732 -0.022295 -3.09441 -0.525787 0.0157094 0.850471 92.5778 
0.881475 0.0136054 0.472034 55.7655 -0.00719849 0.999856 -0.0153765 -3.10721 -0.472176 0.010156 0.881446 93.0114 
0.906797 0.0146868 0.421312 55.9153 -0.0114572 0.999882 -0.0101963 -3.12243 -0.421412 0.0044189 0.906858 93.4513 
0.926619 0.0170132 0.375615 56.0487 -0.0155785 0.999855 -0.00685669 -3.13734 -0.375677 0.00050194 0.92675 93.9015 
0.941689 0.0230944 0.335691 56.1637 -0.0229313 0.999727 -0.00445093 -3.14558 -0.335702 -0.00350649 0.941962 94.3616 
0.953465 0.0272859 0.300268 56.2746 -0.0268714 0.999624 -0.00551091 -3.15026 -0.300305 -0.00281424 0.953839 94.8233 
0.962575 0.0294579 0.26941 56.3782 -0.0290528 0.999563 -0.00549211 -3.15505 -0.269454 -0.00254064 0.96301 95.2909 
0.968633 0.0238392 0.247351 56.4852 -0.0232818 0.999715 -0.00517873 -3.16269 -0.247404 -0.000742562 0.968912 95.7685 
0.972611 0.0208341 0.231504 56.591 -0.0203755 0.999783 -0.00437253 -3.17696 -0.231545 -0.000464306 0.972824 96.2358 
0.975427 0.0251196 0.218885 56.6813 -0.024602 0.999684 -0.00509063 -3.18097 -0.218943 -0.000419542 0.975737 96.7276 
0.977404 0.0302696 0.209201 56.7677 -0.0299759 0.99954 -0.00457524 -3.18339 -0.209243 -0.00179922 0.977862 97.2392 
0.978395 0.0382471 0.203173 56.8519 -0.037838 0.999266 -0.00589909 -3.18881 -0.20325 -0.0019161 0.979125 97.7589 
0.978751 0.0435041 0.200384 56.9348 -0.0424151 0.999053 -0.00972743 -3.19404 -0.200617 0.00102135 0.979669 98.2855 
0.97883 0.0450466 0.199658 57.0337 -0.0435197 0.99898 -0.0120329 -3.21071 -0.199997 0.00308898 0.979792 98.817 
0.978458 0.0434024 0.201833 57.148 -0.0411075 0.999034 -0.0155508 -3.22247 -0.202312 0.00691891 0.979296 99.3501 
0.97773 0.0418264 0.205658 57.2626 -0.0380887 0.99903 -0.0221019 -3.22986 -0.206382 0.0137764 0.978374 99.8955 
0.976896 0.0421241 0.209523 57.3828 -0.0373186 0.998943 -0.0268382 -3.23893 -0.210432 0.0183989 0.977435 100.456 
0.975717 0.0469158 0.213952 57.4949 -0.0421853 0.998755 -0.0266255 -3.25419 -0.214935 0.0169532 0.976481 101.036 
0.974323 0.0498857 0.219557 57.613 -0.045986 0.998681 -0.0228404 -3.26682 -0.220407 0.0121573 0.975332 101.634 
0.973426 0.0468034 0.224167 57.7505 -0.0438778 0.998874 -0.0180178 -3.28729 -0.224758 0.00770291 0.974384 102.238 
0.972744 0.0424203 0.227969 57.8932 -0.0406436 0.999096 -0.0124848 -3.3023 -0.228293 0.00287896 0.973588 102.857 
0.971978 0.0398386 0.231671 58.0374 -0.0390186 0.999205 -0.00812294 -3.31349 -0.231811 -0.00114423 0.97276 103.488 
0.97153 0.0352362 0.234283 58.1914 -0.0345046 0.999378 -0.00722286 -3.32873 -0.234392 -0.00106667 0.972142 104.111 
0.971653 0.0312741 0.234335 58.347 -0.0296917 0.999506 -0.0102791 -3.34201 -0.234541 0.00302983 0.972102 104.757 
0.971792 0.0303718 0.233875 58.4986 -0.0270933 0.999485 -0.0172192 -3.35758 -0.234277 0.010397 0.972114 105.405 
0.971905 0.0325944 0.233105 58.6455 -0.0277691 0.999327 -0.0239533 -3.37169 -0.233729 0.0168071 0.972156 106.069 
0.972484 0.0354875 0.230251 58.7927 -0.0298778 0.999167 -0.0278058 -3.38396 -0.231046 0.0201612 0.972734 106.748 
0.973034 0.033472 0.228221 58.931 -0.0288942 0.999309 -0.0233716 -3.40784 -0.228846 0.016147 0.973329 107.456 
0.973509 0.0293295 0.226761 59.0943 -0.0264354 0.999526 -0.0157902 -3.42879 -0.227116 0.00937732 0.973822 108.172 
0.974038 0.0295062 0.224455 59.2451 -0.0279741 0.999559 -0.0100037 -3.45061 -0.224651 0.00346498 0.974433 108.901 
0.974368 0.0330769 0.222513 59.3951 -0.0315016 0.999447 -0.0106265 -3.4693 -0.222741 0.00334453 0.974872 109.628 
0.97472 0.0384885 0.220089 59.5474 -0.035986 0.999234 -0.0153704 -3.48246 -0.220512 0.00706163 0.975359 110.372 
0.975641 0.0389262 0.215892 59.7013 -0.0352909 0.999163 -0.0206699 -3.49697 -0.216516 0.0125473 0.976198 111.114 
0.976564 0.0376659 0.211904 59.8582 -0.0334057 0.999162 -0.0236507 -3.51527 -0.212617 0.0160176 0.977004 111.879 
0.977502 0.0352943 0.207954 60.0163 -0.0313839 0.999264 -0.0220752 -3.5381 -0.20858 0.0150521 0.977889 112.651 
0.978404 0.0312071 0.20433 60.1759 -0.0276794 0.999415 -0.0201014 -3.56022 -0.204838 0.0140115 0.978696 113.44 
0.978843 0.0302992 0.202355 60.3323 -0.0273715 0.999476 -0.0172523 -3.58408 -0.202771 0.0113485 0.97916 114.231 
0.979238 0.0269109 0.20092 60.4916 -0.0243947 0.99959 -0.01499 -3.6017 -0.201241 0.00977738 0.979493 115.042 
0.979396 0.0216553 0.200784 60.6498 -0.0193157 0.999721 -0.013605 -3.62524 -0.201023 0.00944636 0.979541 115.859 
0.979496 0.0219979 0.20026 60.7968 -0.01997 0.999727 -0.0121413 -3.64095 -0.200472 0.00789308 0.979668 116.673 
0.979293 0.0277008 0.200542 60.9468 -0.0254572 0.999581 -0.0137588 -3.66855 -0.200839 0.00836865 0.979588 117.487 
0.978988 0.0334151 0.20116 61.0921 -0.0305935 0.999385 -0.0171208 -3.68923 -0.201608 0.0106068 0.979409 118.304 
0.978447 0.0424019 0.202097 61.2404 -0.0394106 0.999046 -0.0188048 -3.70953 -0.202701 0.0104346 0.979185 119.141 
0.97761 0.0483311 0.204798 61.3966 -0.0455937 0.998797 -0.0180672 -3.73494 -0.205424 0.00832509 0.978638 119.977 
0.976839 0.0510743 0.20779 61.5531 -0.0487822 0.998679 -0.0161442 -3.75937 -0.20834 0.00563372 0.97804 120.821 
0.976246 0.0516979 0.210406 61.7199 -0.0492418 0.998644 -0.0168997 -3.78367 -0.210995 0.00613738 0.977468 121.667 
0.975954 0.049985 0.212167 61.8898 -0.0468921 0.998708 -0.0195883 -3.8044 -0.212872 0.00916823 0.977037 122.516 
0.975975 0.0438499 0.213424 62.0735 -0.0408668 0.998996 -0.0183717 -3.82913 -0.214015 0.00920827 0.976787 123.358 
0.976237 0.0372064 0.213488 62.2559 -0.0338047 0.999237 -0.0195641 -3.85805 -0.214053 0.0118822 0.97675 124.198 
0.976025 0.0362906 0.214611 62.4342 -0.0328284 0.999267 -0.0196764 -3.88787 -0.215167 0.0121592 0.976501 125.04 
0.975483 0.03909 0.216575 62.6048 -0.0363149 0.999199 -0.0167805 -3.91191 -0.217058 0.00850407 0.976122 125.89 
0.975111 0.0410389 0.217886 62.774 -0.0395565 0.999155 -0.0111636 -3.93637 -0.21816 0.00226691 0.97591 126.721 
0.974777 0.04441 0.218717 62.944 -0.0439732 0.999009 -0.0068672 -3.96023 -0.218805 -0.00292377 0.975764 127.562 
0.974533 0.0440344 0.219878 63.1154 -0.0421013 0.999022 -0.0134728 -3.98399 -0.220256 0.00387244 0.975434 128.391 
0.974806 0.0396186 0.219508 63.2953 -0.0343933 0.999028 -0.0275772 -4.0109 -0.220388 0.0193327 0.975221 129.201 
0.97507 0.0371709 0.21876 63.4763 -0.0298824 0.998885 -0.0365335 -4.04155 -0.219875 0.0290856 0.975094 130.008 
0.975343 0.033863 0.218079 63.6473 -0.0284786 0.999208 -0.0277872 -4.06383 -0.218847 0.0208914 0.975535 130.844 
0.975743 0.0274211 0.217195 63.8246 -0.0265445 0.999623 -0.00695382 -4.09158 -0.217304 0.00101974 0.976103 131.693 
0.976096 0.0238769 0.216024 64.0043 -0.0263166 0.999618 0.00842335 -4.12154 -0.215741 -0.0139071 0.976352 132.533 
0.976084 0.0284809 0.215519 64.1651 -0.02974 0.999554 0.00260016 -4.13686 -0.215349 -0.00894757 0.976496 133.35 
0.9763 0.0366782 0.213289 64.3217 -0.0346056 0.999311 -0.0134447 -4.14843 -0.213635 0.00574505 0.976897 134.158 
0.976554 0.0368104 0.2121 64.484 -0.0330398 0.999227 -0.021296 -4.16351 -0.21272 0.0137889 0.977016 134.971 
0.977183 0.0328116 0.209849 64.6566 -0.028828 0.999342 -0.0220152 -4.1919 -0.210433 0.0154632 0.977486 135.777 
0.977818 0.0323809 0.206939 64.8183 -0.0287781 0.999378 -0.020398 -4.22551 -0.207471 0.0139902 0.978141 136.604 
0.978548 0.031889 0.203537 64.971 -0.0280973 0.999374 -0.0214928 -4.25501 -0.204094 0.0153128 0.978831 137.418 
0.979584 0.0328517 0.198331 65.1243 -0.0288332 0.999317 -0.0231171 -4.2795 -0.198954 0.0169266 0.979862 138.224 
0.980029 0.0374591 0.195296 65.2701 -0.0335528 0.999166 -0.0232737 -4.31231 -0.196004 0.0162561 0.980468 139.044 
0.980212 0.0435223 0.193106 65.4069 -0.0396906 0.998932 -0.0236694 -4.33889 -0.19393 0.0155364 0.980892 139.851 
0.980543 0.0447728 0.191129 65.5481 -0.0414201 0.99891 -0.0215032 -4.37153 -0.191884 0.0131681 0.981329 140.655 
0.980888 0.0423628 0.189907 65.6906 -0.0399285 0.999064 -0.0166283 -4.39886 -0.190434 0.00872772 0.981661 141.454 
0.98129 0.0407367 0.188174 65.8347 -0.0383032 0.999129 -0.0165527 -4.42546 -0.188684 0.00903527 0.981996 142.26 
0.981806 0.0393775 0.18576 65.9735 -0.0363563 0.999146 -0.0196442 -4.45205 -0.186375 0.0125332 0.982399 143.058 
0.982919 0.0345751 0.180761 66.1161 -0.0308899 0.999254 -0.0231644 -4.48079 -0.181427 0.017185 0.983254 143.846 
0.984225 0.0315314 0.174088 66.254 -0.0277457 0.999323 -0.0241379 -4.50685 -0.174732 0.0189268 0.984434 144.641 
0.985391 0.0295803 0.167721 66.3749 -0.0268035 0.999464 -0.0187968 -4.5311 -0.168187 0.0140266 0.985655 145.437 
0.986466 0.0266468 0.161786 66.489 -0.0253148 0.999626 -0.01029 -4.55326 -0.162 0.00605508 0.986772 146.249 
0.98709 0.0237698 0.158391 66.605 -0.0239124 0.999713 -0.001006 -4.57098 -0.15837 -0.00279458 0.987376 147.057 
0.98755 0.0304915 0.154318 66.7004 -0.0310938 0.999515 0.00149008 -4.58463 -0.154198 -0.00626995 0.98802 147.86 
0.988192 0.0331768 0.149588 66.8025 -0.0330655 0.999448 -0.00323254 -4.5984 -0.149613 -0.0017519 0.988743 148.665 
0.989341 0.0335589 0.141697 66.9072 -0.0319725 0.999398 -0.0134584 -4.61231 -0.142063 0.00878443 0.989819 149.458 
0.990321 0.0302872 0.135451 67.003 -0.0279768 0.999429 -0.0189292 -4.62384 -0.135947 0.0149564 0.990603 150.262 
0.991277 0.0292216 0.128516 67.0962 -0.027115 0.999468 -0.018112 -4.63844 -0.128977 0.0144692 0.991542 151.073 
0.992037 0.0358401 0.120735 67.1756 -0.0343181 0.999303 -0.0146629 -4.66309 -0.121176 0.0104027 0.992576 151.887 
0.992735 0.0412669 0.113023 67.2394 -0.0396916 0.999081 -0.0161549 -4.68607 -0.113585 0.0115515 0.993461 152.697 
0.993735 0.0438264 0.102814 67.3054 -0.0417556 0.998881 -0.0222102 -4.70429 -0.103672 0.0177779 0.994453 153.504 
0.994659 0.0424378 0.0940832 67.3729 -0.0403075 0.998889 -0.0244309 -4.72655 -0.0950154 0.0205081 0.995264 154.32 
0.995373 0.042497 0.0861816 67.4274 -0.0407451 0.998928 -0.0219884 -4.74754 -0.0870235 0.0183751 0.996037 155.14 
0.995905 0.0451747 0.0783057 67.4716 -0.0441533 0.998916 -0.0147281 -4.77529 -0.0788861 0.0112103 0.996821 155.963 
0.996386 0.0481784 0.0699534 67.5097 -0.0476784 0.998824 -0.00880164 -4.79813 -0.0702951 0.00543449 0.997511 156.787 
0.996937 0.0471714 0.0623821 67.547 -0.046925 0.998884 -0.00541195 -4.8146 -0.0625676 0.00246802 0.998038 157.612 
0.997273 0.0480196 0.0560441 67.5774 -0.047903 0.998846 -0.00342406 -4.82589 -0.0561438 0.000729956 0.998422 158.437 
0.997553 0.0469469 0.0518083 67.6086 -0.0467392 0.998893 -0.00521513 -4.84318 -0.0519957 0.00278081 0.998643 159.258 
0.997552 0.0516485 0.0471307 67.6291 -0.0511964 0.998631 -0.010751 -4.85967 -0.0476214 0.00831171 0.998831 160.074 
0.997414 0.057497 0.0431232 67.6448 -0.0567919 0.998234 -0.0174048 -4.87862 -0.0440477 0.0149107 0.998918 160.887 
0.997484 0.0585838 0.039925 67.6617 -0.057831 0.998131 -0.0197588 -4.89512 -0.0410078 0.0174001 0.999007 161.708 
0.997473 0.0607688 0.0368087 67.6794 -0.060301 0.998086 -0.013692 -4.91522 -0.0375702 0.0114377 0.999228 162.536 
0.997389 0.0631417 0.0350356 67.6864 -0.0630597 0.998004 -0.00344572 -4.9305 -0.0351832 0.00122731 0.99938 163.373 
0.997445 0.0639844 0.0317788 67.6995 -0.0641501 0.997931 0.00421816 -4.94948 -0.0314431 -0.00624608 0.999486 164.206 
0.997805 0.0607221 0.0264124 67.7127 -0.0607731 0.998151 0.0011271 -4.96483 -0.0262951 -0.00272987 0.99965 165.026 
0.998615 0.0484915 0.020428 67.7341 -0.0483268 0.998795 -0.00848332 -4.97716 -0.0208147 0.00748426 0.999755 165.834 
0.998869 0.0458249 0.0127097 67.7453 -0.0456542 0.998867 -0.0134169 -4.98133 -0.01331 0.0128214 0.999829 166.655 
0.998751 0.0496119 0.00590993 67.7307 -0.0495376 0.998698 -0.0121333 -4.99684 -0.00650411 0.0118253 0.999909 167.493 
0.998855 0.047809 -0.00168562 67.7211 -0.0478179 0.99884 -0.00566891 -5.01955 0.00141273 0.00574294 0.999982 168.328 
0.999063 0.0422922 -0.00921948 67.7067 -0.0423142 0.999102 -0.00219829 -5.0282 0.00911832 0.00258626 0.999955 169.166 
0.999321 0.0335959 -0.0151129 67.6916 -0.0335705 0.999434 0.0019363 -5.03455 0.0151695 -0.00142772 0.999884 170.01 
0.999341 0.0292354 -0.0214935 67.6657 -0.0291997 0.999572 0.00197415 -5.04565 0.0215421 -0.00134533 0.999767 170.846 
0.99928 0.025843 -0.0277655 67.6266 -0.0259905 0.99965 -0.00496119 -5.0595 0.0276277 0.00567918 0.999602 171.68 
0.999239 0.0165489 -0.0353063 67.5929 -0.0170871 0.999741 -0.014994 -5.07277 0.0350491 0.0155858 0.999264 172.506 
0.999104 0.00633802 -0.0418543 67.5616 -0.00714203 0.999792 -0.0190862 -5.08502 0.0417248 0.019368 0.998941 173.346 
0.998789 0.00993595 -0.0481825 67.506 -0.0105217 0.999874 -0.0119171 -5.09937 0.0480581 0.0124095 0.998767 174.185 
0.998349 0.0206046 -0.053623 67.4402 -0.0205635 0.999788 0.00131936 -5.11626 0.0536389 -0.000214593 0.99856 175.027 
0.997969 0.0254972 -0.058378 67.3706 -0.0250034 0.999645 0.00917517 -5.13135 0.0585914 -0.00769697 0.998252 175.879 
0.997754 0.025665 -0.0618641 67.2997 -0.0253429 0.999661 0.00598736 -5.13827 0.0619969 -0.00440618 0.998067 176.716 
0.997579 0.0265409 -0.0642703 67.2358 -0.0269152 0.999625 -0.00496396 -5.14443 0.0641146 0.00668171 0.99792 177.548 
0.99705 0.0373299 -0.067059 67.1482 -0.0383694 0.999162 -0.0142782 -5.15532 0.0664699 0.016809 0.997647 178.381 
0.996947 0.0354254 -0.0695846 67.0794 -0.0367516 0.999165 -0.0178698 -5.1726 0.0688935 0.0203725 0.997416 179.22 
0.996932 0.0301149 -0.0722484 67.0232 -0.0311183 0.999434 -0.0128013 -5.19363 0.0718221 0.0150102 0.997304 180.075 
0.996962 0.0303309 -0.0717346 66.9484 -0.0307018 0.99952 -0.00407288 -5.20853 0.0715767 0.00626281 0.997415 180.935 
0.996927 0.0324976 -0.0712797 66.8663 -0.0324603 0.999472 0.00168403 -5.22885 0.0712969 0.000634823 0.997455 181.787 
0.996801 0.0328966 -0.072841 66.7889 -0.0329146 0.999458 0.000954571 -5.24481 0.072833 0.00144593 0.997343 182.641 
0.996702 0.0291061 -0.075746 66.7245 -0.0298104 0.999522 -0.00818335 -5.25909 0.0754717 0.0104143 0.997093 183.487 
0.996773 0.0185395 -0.0780966 66.6606 -0.0201211 0.999607 -0.0195133 -5.27727 0.0777042 0.0210216 0.996755 184.336 
0.996759 0.00805576 -0.0800394 66.5946 -0.00995941 0.999676 -0.0234122 -5.29926 0.079825 0.0241333 0.996517 185.188 
0.996649 0.01053 -0.0811164 66.5134 -0.0121278 0.999741 -0.0192284 -5.31706 0.080893 0.0201477 0.996519 186.043 
0.996486 0.0162841 -0.0821651 66.4226 -0.0170398 0.999819 -0.008503 -5.34184 0.0820119 0.00987311 0.996582 186.902 
0.996307 0.0173573 -0.0840932 66.3424 -0.0178159 0.99983 -0.00470496 -5.36807 0.0839974 0.00618569 0.996447 187.75 
0.99626 0.0160193 -0.0849023 66.2599 -0.0168267 0.99982 -0.00880273 -5.3821 0.084746 0.0101984 0.99635 188.598 
0.996267 0.0157831 -0.084875 66.1797 -0.0171159 0.999741 -0.0149974 -5.39656 0.0846164 0.0163941 0.996279 189.433 
0.99611 0.0224564 -0.0852103 66.0869 -0.023865 0.999594 -0.015548 -5.4159 0.0848266 0.0175209 0.996242 190.265 
0.996005 0.0255892 -0.0855563 65.9978 -0.0267473 0.999565 -0.0124159 -5.4392 0.0852014 0.0146546 0.996256 191.103 
0.995828 0.0296819 -0.0862842 65.9099 -0.0306051 0.999487 -0.00939413 -5.46141 0.0859612 0.0119956 0.996226 191.937 
0.995693 0.0333281 -0.0865171 65.826 -0.0340136 0.9994 -0.00645956 -5.4813 0.08625 0.00937441 0.996229 192.763 
0.995543 0.0360661 -0.0871442 65.7358 -0.0367967 0.9993 -0.00679077 -5.5009 0.0868384 0.00996703 0.996172 193.582 
