1 2.12261e-08 -2.11895e-08 0 2.12261e-08 1 2.10703e-08 0 -2.11895e-08 2.10703e-08 1 0 
0.999998 0.00100452 0.00197582 -0.0134579 -0.00100241 0.999999 -0.00104902 -0.00046991 -0.00197692 0.00104708 0.999998 0.44645 
0.99999 0.00248744 0.00366923 -0.0194512 -0.00247988 0.999995 -0.00205244 -0.00704849 -0.00367436 0.00204337 0.999991 0.906789 
0.999978 0.00377838 0.00551175 -0.0292793 -0.00376449 0.99999 -0.00252026 -0.0134555 -0.00552126 0.00249949 0.999982 1.38626 
0.999967 0.00385409 0.00710346 -0.0350393 -0.00383484 0.999989 -0.0027154 -0.0190349 -0.00711389 0.00268812 0.999971 1.87209 
0.999956 0.00333536 0.00876796 -0.0390892 -0.00331342 0.999991 -0.00251055 -0.0255258 -0.0087763 0.00248143 0.999958 2.37337 
0.999937 0.00289812 0.0108786 -0.0432646 -0.00288492 0.999995 -0.00122472 -0.0344007 -0.0108821 0.0011933 0.99994 2.88065 
0.999919 0.00283191 0.0123928 -0.0438958 -0.00283579 0.999996 0.000298682 -0.041804 -0.0123919 -0.00033376 0.999923 3.39632 
0.999899 0.00383071 0.0136598 -0.0503874 -0.00384982 0.999992 0.001376 -0.0478244 -0.0136544 -0.00142841 0.999906 3.91088 
0.999885 0.00517549 0.0142783 -0.0518978 -0.00519313 0.999986 0.0012018 -0.0540453 -0.0142719 -0.00127577 0.999897 4.42569 
0.999867 0.00590549 0.015222 -0.0537882 -0.00591758 0.999982 0.000752034 -0.0609662 -0.0152173 -0.00084197 0.999884 4.94357 
0.999857 0.00591005 0.01585 -0.0516228 -0.00592139 0.999982 0.000671324 -0.0694676 -0.0158458 -0.00076504 0.999874 5.46644 
0.999837 0.00732633 0.016501 -0.0522382 -0.00732494 0.999973 -0.000141838 -0.0759254 -0.0165016 2.09881e-05 0.999864 5.99342 
0.999812 0.00834919 0.0174816 -0.0570115 -0.00833535 0.999965 -0.000861841 -0.0819791 -0.0174882 0.000716005 0.999847 6.51451 
0.999779 0.00989707 0.0185677 -0.0416288 -0.00988265 0.999951 -0.000866334 -0.097805 -0.0185754 0.000682687 0.999827 7.02261 
0.999762 0.0102232 0.0192574 -0.0411567 -0.0101948 0.999947 -0.00156754 -0.106349 -0.0192724 0.00137088 0.999813 7.56095 
0.999726 0.0112764 0.0204906 -0.0374204 -0.0112366 0.999935 -0.00205149 -0.11463 -0.0205125 0.00182073 0.999788 8.11148 
0.999649 0.012657 0.0232969 -0.0372437 -0.0126104 0.999918 -0.00214392 -0.122274 -0.0233222 0.00184943 0.999726 8.67027 
0.999537 0.0134012 0.0273115 -0.0338026 -0.0133343 0.999908 -0.00262826 -0.129228 -0.0273442 0.0022629 0.999624 9.23183 
0.999415 0.0135787 0.0313824 -0.0275275 -0.0134868 0.999904 -0.00313669 -0.135638 -0.0314221 0.00271165 0.999503 9.80565 
0.999259 0.0131602 0.036182 -0.00797424 -0.0130288 0.999908 -0.00386531 -0.143214 -0.0362296 0.00339108 0.999338 10.3842 
0.999034 0.0131328 0.041944 0.0102076 -0.0129846 0.999909 -0.00380407 -0.155569 -0.0419902 0.00325581 0.999113 10.9651 
0.998767 0.0127992 0.0479749 0.0306311 -0.0126489 0.999914 -0.00343373 -0.166354 -0.0480147 0.00282271 0.998843 11.5613 
0.998457 0.013016 0.0539819 0.0564644 -0.0128183 0.99991 -0.0040063 -0.180523 -0.0540292 0.0033082 0.998534 12.1526 
0.998119 0.0111159 0.060285 0.0876143 -0.010844 0.99993 -0.00483413 -0.191796 -0.0603345 0.00417135 0.99817 12.7644 
0.997771 0.0103531 0.0659168 0.138488 -0.0100098 0.999935 -0.00553495 -0.194535 -0.0659699 0.00486284 0.99781 13.4053 
0.997307 0.0130396 0.0721786 0.173191 -0.0125183 0.999892 -0.00767017 -0.204385 -0.0722709 0.006746 0.997362 14.0381 
0.996784 0.0173529 0.0782343 0.218122 -0.0165565 0.999804 -0.010816 -0.217819 -0.0784067 0.00948599 0.996876 14.6808 
0.996383 0.0137686 0.0838479 0.273712 -0.0129114 0.999859 -0.010757 -0.237331 -0.0839842 0.00963551 0.996421 15.3545 
0.99606 0.00696095 0.0884034 0.339553 -0.00624183 0.999945 -0.00840786 -0.239529 -0.0884571 0.00782298 0.996049 16.0386 
0.995659 0.00141299 0.0930659 0.410741 -0.000959003 0.999987 -0.00492224 -0.250645 -0.0930717 0.00481166 0.995648 16.7366 
0.995246 0.00165372 0.097383 0.465264 -0.00152043 0.999998 -0.00144241 -0.262633 -0.0973852 0.00128753 0.995246 17.4473 
0.995004 0.000777689 0.0998292 0.517206 -0.000634806 0.999999 -0.00146258 -0.269048 -0.0998302 0.00139195 0.995004 18.1755 
0.994979 -0.00339341 0.100023 0.580747 0.00371707 0.999988 -0.00304927 -0.283247 -0.100012 0.0034058 0.99498 18.8977 
0.995098 -0.00913695 0.0984733 0.64645 0.00970863 0.999939 -0.00532727 -0.284177 -0.0984186 0.00625724 0.995125 19.6553 
0.995527 -0.0106095 0.0938778 0.699182 0.0112369 0.999918 -0.00615667 -0.288481 -0.0938048 0.00718406 0.995565 20.4191 
0.996202 -0.0103912 0.0864488 0.750332 0.0109715 0.99992 -0.00623988 -0.301111 -0.0863771 0.00716469 0.996237 21.2086 
0.99696 -0.0102715 0.077232 0.793659 0.0106297 0.999935 -0.00422812 -0.315644 -0.0771836 0.00503626 0.997004 22.0215 
0.997656 -0.0105656 0.0676157 0.82746 0.0107322 0.99994 -0.00210043 -0.326195 -0.0675895 0.00282121 0.997709 22.8252 
0.998247 -0.00931493 0.0584548 0.854432 0.00928571 0.999957 0.000772352 -0.335283 -0.0584595 -0.000228162 0.99829 23.6601 
0.998684 -0.00895842 0.0505078 0.878076 0.00882128 0.999957 0.00293818 -0.347876 -0.0505319 -0.00248873 0.998719 24.4934 
0.999013 -0.00764791 0.0437471 0.891858 0.007495 0.999965 0.00365928 -0.354217 -0.0437736 -0.00332775 0.999036 25.3374 
0.99925 -0.00684451 0.0381209 0.904931 0.00668344 0.999968 0.00435213 -0.36644 -0.0381495 -0.00409404 0.999264 26.1741 
0.99944 -0.00517169 0.0330537 0.910363 0.0050285 0.999978 0.00441491 -0.377341 -0.0330759 -0.00424618 0.999444 27.0135 
0.999591 -0.00458898 0.0282213 0.912238 0.00447595 0.999982 0.00406867 -0.388675 -0.0282395 -0.00394064 0.999593 27.8494 
0.999719 -0.00476549 0.0232132 0.920361 0.00468145 0.999982 0.00367515 -0.402213 -0.0232303 -0.0035654 0.999724 28.6917 
0.999811 -0.0036517 0.0190881 0.912242 0.00357053 0.999984 0.00428709 -0.413666 -0.0191035 -0.00421809 0.999809 29.5252 
0.999879 -0.00218716 0.0153747 0.909025 0.00210951 0.999985 0.0050676 -0.424894 -0.0153856 -0.00503452 0.999869 30.3595 
0.999923 0.000353011 0.0124401 0.905126 -0.000428249 0.999982 0.00604931 -0.437134 -0.0124377 -0.00605413 0.999904 31.1893 
0.999939 0.00140852 0.0109174 0.896225 -0.00147184 0.999982 0.00579812 -0.442395 -0.0109091 -0.0058138 0.999924 32.0014 
0.999947 0.00259843 0.0100115 0.889217 -0.00265374 0.999981 0.0055198 -0.455498 -0.00999697 -0.00554603 0.999935 32.8146 
0.999946 0.00471076 0.00925083 0.876688 -0.00474982 0.99998 0.00420903 -0.469159 -0.00923086 -0.0042527 0.999948 33.6232 
0.999935 0.00741407 0.00870438 0.861486 -0.00744861 0.999965 0.0039469 -0.479737 -0.00867485 -0.00401143 0.999954 34.4287 
0.99993 0.00889214 0.00787202 0.851044 -0.00892822 0.99995 0.00456566 -0.49478 -0.00783106 -0.00463558 0.999959 35.2238 
0.999914 0.0107254 0.00749262 0.837349 -0.0107645 0.999929 0.00520605 -0.508533 -0.00743629 -0.00528621 0.999958 36 
0.999908 0.011603 0.00698826 0.826469 -0.0116407 0.999918 0.00538297 -0.523792 -0.00692527 -0.00546378 0.999961 36.7671 
0.999886 0.0136636 0.00642753 0.81261 -0.0136977 0.999892 0.0052991 -0.534727 -0.00635447 -0.0053865 0.999965 37.5193 
0.999854 0.0158786 0.00638104 0.799432 -0.0159138 0.999858 0.00552005 -0.545602 -0.00629253 -0.00562075 0.999964 38.2617 
0.999801 0.0187781 0.00672827 0.788507 -0.0188157 0.999807 0.00557728 -0.557474 -0.00662229 -0.00570273 0.999962 38.9901 
0.999727 0.0218377 0.00834593 0.772002 -0.0218841 0.999745 0.0055139 -0.571604 -0.00822344 -0.00569499 0.99995 39.6943 
0.999655 0.0237929 0.0111175 0.763677 -0.0238436 0.999706 0.00445539 -0.585251 -0.0110082 -0.00471889 0.999928 40.3935 
0.999559 0.0255941 0.0150315 0.757193 -0.0256555 0.999663 0.00391137 -0.604607 -0.0149264 -0.00429524 0.999879 41.0703 
0.999476 0.0252757 0.0202212 0.754886 -0.0253617 0.99967 0.00400955 -0.615076 -0.0201132 -0.00452026 0.999788 41.7479 
0.999328 0.0262311 0.0256074 0.757285 -0.0263457 0.999644 0.00415012 -0.623691 -0.0254895 -0.00482193 0.999664 42.407 
0.999165 0.0259222 0.0315877 0.77661 -0.0260816 0.999649 0.00464742 -0.639685 -0.0314562 -0.00546736 0.99949 43.0678 
0.998901 0.0255348 0.0393133 0.785983 -0.0257547 0.999655 0.00509709 -0.649997 -0.0391696 -0.00610395 0.999214 43.6995 
0.998512 0.0255578 0.0481739 0.804815 -0.0258184 0.999655 0.00479523 -0.657853 -0.0480347 -0.00603182 0.998827 44.3238 
0.99794 0.0263736 0.0584757 0.832683 -0.0266988 0.999632 0.00478811 -0.669781 -0.0583279 -0.00633944 0.998277 44.9343 
0.997201 0.0255278 0.0702733 0.872378 -0.0259109 0.999654 0.00454555 -0.67999 -0.070133 -0.00635363 0.997517 45.5283 
0.996263 0.0244926 0.0828216 0.91824 -0.0249411 0.999679 0.00438596 -0.687064 -0.0826876 -0.00643519 0.996555 46.1178 
0.995076 0.0239407 0.0961774 0.962955 -0.0244275 0.999694 0.00388755 -0.69594 -0.096055 -0.00621773 0.995357 46.6902 
0.993533 0.023518 0.111082 1.02349 -0.0240895 0.999703 0.00380512 -0.706382 -0.110959 -0.00645637 0.993804 47.2509 
0.991545 0.0234375 0.127626 1.09166 -0.0241719 0.999699 0.00420838 -0.716593 -0.127489 -0.00725772 0.991813 47.8034 
0.989095 0.0258216 0.145 1.16623 -0.0265884 0.999641 0.00335247 -0.725176 -0.144861 -0.00717118 0.989426 48.3379 
0.98588 0.0242103 0.165695 1.26188 -0.0249817 0.999685 0.00257318 -0.735684 -0.16558 -0.00667615 0.986174 48.8668 
0.981649 0.0274841 0.188706 1.36293 -0.0282471 0.9996 0.0013548 -0.744809 -0.188593 -0.0066603 0.982033 49.3806 
0.976413 0.0266432 0.214263 1.47424 -0.0270291 0.999634 -0.00112879 -0.75363 -0.214215 -0.00468913 0.976775 49.88 
0.970303 0.0256413 0.240529 1.60695 -0.0254621 0.999668 -0.0038532 -0.768054 -0.240548 -0.00238556 0.970634 50.3578 
0.96286 0.0242637 0.268909 1.73992 -0.0234225 0.999706 -0.00633617 -0.781707 -0.268984 -0.000197665 0.963145 50.8174 
0.954185 0.0226466 0.298359 1.89516 -0.0213518 0.999743 -0.00759874 -0.785641 -0.298455 0.000880119 0.954423 51.2605 
0.943907 0.0247979 0.329278 2.04829 -0.0228094 0.999691 -0.0099012 -0.800077 -0.329422 0.00183523 0.944181 51.6877 
0.932307 0.0252747 0.360785 2.21493 -0.0233563 0.99968 -0.00967698 -0.815133 -0.360914 0.000595351 0.932599 52.1001 
0.91917 0.0246959 0.393086 2.39773 -0.0232673 0.999694 -0.00839938 -0.831152 -0.393174 -0.00142556 0.919463 52.505 
0.903988 0.0238966 0.42689 2.59279 -0.022734 0.999711 -0.00782014 -0.844803 -0.426953 -0.00263558 0.90427 52.8915 
0.886768 0.0232547 0.461629 2.79294 -0.0220361 0.999725 -0.00803101 -0.861517 -0.461689 -0.0030508 0.887037 53.2479 
0.867503 0.0228688 0.496905 3.00278 -0.0211642 0.999735 -0.00906137 -0.877147 -0.496981 -0.00265582 0.867758 53.5848 
0.846284 0.0220135 0.532277 3.22715 -0.0191312 0.999757 -0.0109297 -0.889286 -0.532389 -0.000933461 0.8465 53.9047 
0.822656 0.0207831 0.568159 3.45665 -0.0166209 0.999784 -0.0125058 -0.902167 -0.568296 0.000844745 0.822824 54.2127 
0.797185 0.0177273 0.603475 3.70731 -0.0125254 0.999839 -0.0128247 -0.915071 -0.603605 0.00266497 0.797279 54.5064 
0.769395 0.0139489 0.638621 3.96859 -0.00932832 0.9999 -0.0106015 -0.928835 -0.638705 0.0021995 0.769448 54.7804 
0.739684 0.00936515 0.672889 4.23678 -0.00656244 0.999956 -0.00670325 -0.938845 -0.672922 0.000542516 0.739713 55.0414 
0.707533 0.00574255 0.706657 4.51741 -0.0048759 0.999983 -0.0032442 -0.945533 -0.706664 -0.00115019 0.707549 55.2931 
0.672125 0.00347695 0.74043 4.80189 -0.00608953 0.999981 0.000832071 -0.95414 -0.740413 -0.00506811 0.672133 55.5313 
0.634297 -5.09361e-05 0.77309 5.09717 -0.00414131 0.999985 0.00346377 -0.95923 -0.773079 -0.00539865 0.634287 55.7506 
0.595324 -0.0036029 0.803477 5.39973 -0.000965245 0.999986 0.00519932 -0.963699 -0.803485 -0.00387082 0.595312 55.9345 
0.553291 -0.00573157 0.832968 5.71807 0.00177401 0.999982 0.00570247 -0.975443 -0.832986 -0.00167741 0.553291 56.1075 
0.508541 -0.00457395 0.861026 6.04759 0.00361203 0.999988 0.00317886 -0.97617 -0.86103 0.00149349 0.508551 56.2711 
0.46146 -0.00217437 0.887159 6.39585 0.00193614 0.999997 0.0014439 -0.984483 -0.887159 0.00105138 0.461463 56.4332 
0.412181 0.000607596 0.911102 6.75811 -0.00209518 0.999998 0.000281031 -0.991598 -0.9111 -0.00202475 0.412181 56.5782 
0.362019 0.00315773 0.932165 7.14162 -0.00647321 0.999979 -0.000873442 -0.993318 -0.932148 -0.00571789 0.362032 56.7139 
0.311786 0.00356088 0.950146 7.51916 -0.00906492 0.999959 -0.000772912 -1.00208 -0.950109 -0.008372 0.311805 56.8257 
0.263406 0.00342382 0.964679 7.92926 -0.00680267 0.999975 -0.00169157 -1.00443 -0.964661 -0.00611682 0.263423 56.9128 
0.21839 0.00271428 0.975858 8.36636 -0.00543114 0.999984 -0.00156589 -1.00877 -0.975847 -0.00495804 0.218401 56.9849 
0.176348 0.000671235 0.984328 8.82458 -0.00520562 0.999986 0.000250752 -1.01286 -0.984314 -0.00516825 0.176349 57.0524 
0.137751 -0.00166035 0.990466 9.30288 -0.00519155 0.999984 0.00239838 -1.01613 -0.990453 -0.00547243 0.13774 57.0989 
0.101364 -0.00342891 0.994844 9.79911 -0.00590672 0.999974 0.00404847 -1.02025 -0.994832 -0.00628662 0.101341 57.1368 
0.0687074 -0.00455396 0.997627 10.3163 -0.00487591 0.999976 0.00490054 -1.02343 -0.997625 -0.00520104 0.0686835 57.1582 
0.0392621 -0.00507146 0.999216 10.8546 -0.00464885 0.999975 0.00525803 -1.02628 -0.999218 -0.00485164 0.0392375 57.1682 
0.0128268 -0.00283832 0.999914 11.4141 -0.00692721 0.999972 0.00292739 -1.0254 -0.999894 -0.00696416 0.0128068 57.171 
-0.00973782 -0.000354803 0.999953 11.9883 -0.0110192 0.999939 0.000247532 -1.02469 -0.999892 -0.0110163 -0.00974114 57.1681 
-0.029439 0.0003605 0.999567 12.5831 -0.0110027 0.999939 -0.000684643 -1.02878 -0.999506 -0.0110181 -0.0294333 57.1492 
-0.0465339 0.000900732 0.998916 13.1975 -0.0069525 0.999975 -0.00122552 -1.03431 -0.998893 -0.007002 -0.0465265 57.1149 
-0.0623864 0.000605405 0.998052 13.8322 -0.00461053 0.999989 -0.000894734 -1.03831 -0.998041 -0.00465736 -0.0623829 57.0758 
-0.0778467 -0.000234876 0.996965 14.49 -0.00498425 0.999988 -0.000153559 -1.04074 -0.996953 -0.00498108 -0.0778469 57.0301 
-0.0923831 0.00102424 0.995723 15.1677 -0.00382887 0.999992 -0.00138383 -1.04478 -0.995716 -0.00394034 -0.0923784 56.9702 
-0.104525 0.00281931 0.994518 15.8626 -0.00208677 0.999993 -0.00305411 -1.05349 -0.99452 -0.00239457 -0.104519 56.9007 
-0.114119 0.00562209 0.993451 16.5745 0.00528787 0.999973 -0.00505154 -1.05714 -0.993453 0.00467676 -0.114146 56.8175 
-0.11987 0.00837749 0.992754 17.2945 0.0129723 0.999892 -0.00687135 -1.06699 -0.992705 0.0120546 -0.119966 56.7275 
-0.122277 0.00835459 0.992461 18.0363 0.0176319 0.999825 -0.00624419 -1.07877 -0.992339 0.0167354 -0.122403 56.6399 
-0.122095 0.00690845 0.992494 18.7952 0.0184609 0.999819 -0.00468837 -1.08901 -0.992347 0.0177499 -0.1222 56.5588 
-0.119432 0.00637911 0.992822 19.5711 0.0222648 0.999745 -0.00374519 -1.09511 -0.992593 0.0216577 -0.119544 56.4773 
-0.114878 0.00536047 0.993365 20.3573 0.0237956 0.999713 -0.00264285 -1.10654 -0.993095 0.0233341 -0.114972 56.3979 
-0.110522 0.00608143 0.993855 21.1542 0.0224759 0.999741 -0.00361796 -1.12239 -0.99362 0.0219379 -0.11063 56.3297 
-0.106285 0.00713813 0.99431 21.9542 0.0219781 0.999747 -0.00482781 -1.13557 -0.994093 0.0213399 -0.106415 56.2616 
-0.102015 0.00647812 0.994762 22.7673 0.0268395 0.999633 -0.00375734 -1.15033 -0.994421 0.0263156 -0.102152 56.1918 
-0.0981397 0.00460038 0.995162 23.5708 0.0326932 0.999465 -0.00139613 -1.16207 -0.994636 0.032398 -0.0982375 56.1147 
-0.0941916 0.0011977 0.995553 24.3865 0.0350826 0.999382 0.00211697 -1.17626 -0.994936 0.035126 -0.0941754 56.0488 
-0.0895077 -0.00205803 0.995984 25.1961 0.038165 0.999256 0.00549467 -1.18605 -0.995255 0.0385036 -0.0893626 55.9868 
-0.0840599 -0.00479373 0.996449 26.0095 0.0389187 0.99921 0.00809021 -1.19473 -0.9957 0.0394605 -0.0838069 55.9345 
-0.0798304 -0.00601142 0.99679 26.8211 0.0365398 0.999292 0.00895293 -1.20147 -0.996139 0.0371373 -0.0795543 55.8896 
-0.0758289 -0.0078608 0.99709 27.6246 0.0301649 0.999493 0.0101738 -1.21152 -0.996665 0.0308486 -0.0755533 55.8529 
-0.0716653 -0.0110847 0.997367 28.4371 0.0241383 0.999626 0.0128443 -1.2133 -0.997137 0.0249952 -0.071371 55.8226 
-0.0671553 -0.0125984 0.997663 29.2493 0.0213842 0.999672 0.0140632 -1.2195 -0.997513 0.0222786 -0.0668639 55.7896 
-0.0632606 -0.00857476 0.99796 30.0605 0.022022 0.999708 0.00998578 -1.22821 -0.997754 0.0226088 -0.0630532 55.7565 
-0.0599486 -0.00085475 0.998201 30.8697 0.0229107 0.999735 0.00223205 -1.23498 -0.997939 0.0230033 -0.0599132 55.7242 
-0.0574054 0.00553707 0.998336 31.6841 0.0216688 0.999756 -0.00429893 -1.24016 -0.998116 0.021386 -0.0575114 55.698 
-0.0553216 0.00486837 0.998457 32.5102 0.0209848 0.999773 -0.00371204 -1.25038 -0.998248 0.0207471 -0.0554112 55.664 
-0.0536741 0.00161929 0.998557 33.3505 0.0234582 0.999725 -0.00036023 -1.25809 -0.998283 0.023405 -0.0536973 55.6234 
-0.0526528 0.00121584 0.998612 34.1774 0.0246318 0.999697 8.16137e-05 -1.27699 -0.998309 0.024602 -0.0526668 55.5889 
-0.0531712 0.00382091 0.998578 34.9957 0.0219748 0.999755 -0.00265528 -1.28751 -0.998344 0.0218024 -0.0532421 55.5715 
-0.053045 0.00510871 0.998579 35.839 0.0151615 0.999876 -0.00430992 -1.30062 -0.998477 0.0149114 -0.0531158 55.549 
-0.0542973 0.00443289 0.998515 36.68 0.013446 0.999903 -0.00370785 -1.31083 -0.998434 0.0132247 -0.0543516 55.5278 
-0.0556874 0.00324199 0.998443 37.5321 0.0136419 0.999904 -0.00248583 -1.33021 -0.998355 0.0134822 -0.0557263 55.4953 
-0.0571731 0.00698816 0.99834 38.3793 0.0130128 0.999896 -0.00625379 -1.34919 -0.99828 0.0126336 -0.0572581 55.4636 
-0.0586858 0.0110057 0.998216 39.2444 0.013301 0.999859 -0.0102418 -1.36403 -0.998188 0.0126762 -0.0588239 55.4326 
-0.059235 0.0136189 0.998151 40.1144 0.0148641 0.999808 -0.0127594 -1.38474 -0.998133 0.0140808 -0.059426 55.3916 
-0.0602607 0.01491 0.998071 40.9987 0.0170592 0.999758 -0.0139052 -1.40489 -0.998037 0.0161883 -0.0605005 55.3498 
-0.0610584 0.0162293 0.998002 41.8867 0.0174634 0.999732 -0.015189 -1.42666 -0.997981 0.0165011 -0.0613254 55.3055 
-0.0621901 0.0159659 0.997937 42.7815 0.0164168 0.999753 -0.0149718 -1.44795 -0.997929 0.0154518 -0.0624368 55.2644 
-0.0632733 0.0110689 0.997935 43.6975 0.0149553 0.999837 -0.0101417 -1.4748 -0.997884 0.0142827 -0.0634285 55.2234 
-0.0646197 0.00949731 0.997865 44.6268 0.0149436 0.999852 -0.00854846 -1.49935 -0.997798 0.0143593 -0.0647521 55.1791 
-0.0661545 0.012947 0.997725 45.5551 0.0153323 0.999811 -0.0119574 -1.51992 -0.997692 0.0145064 -0.0663405 55.1381 
-0.0666915 0.0166118 0.997635 46.4891 0.0163716 0.999745 -0.0155525 -1.54144 -0.997639 0.0152956 -0.0669464 55.0883 
-0.0665896 0.0179452 0.997619 47.4271 0.0194448 0.999672 -0.0166841 -1.56663 -0.997591 0.0182875 -0.0669167 55.04 
-0.0662747 0.0147218 0.997693 48.3906 0.0236422 0.999634 -0.0131799 -1.58968 -0.997521 0.0227141 -0.0665985 54.9826 
-0.0664246 0.0091281 0.99775 49.3712 0.0257185 0.999642 -0.00743317 -1.60757 -0.99746 0.0251669 -0.0666355 54.9252 
-0.0658256 0.00608458 0.997813 50.3524 0.0272206 0.99962 -0.00429982 -1.63271 -0.99746 0.026878 -0.0659662 54.8782 
-0.0641262 0.00778388 0.997911 51.3456 0.0264988 0.99963 -0.00609442 -1.64711 -0.99759 0.0260526 -0.0643088 54.8334 
-0.0634102 0.0106602 0.997931 52.336 0.0264095 0.999611 -0.00900003 -1.66548 -0.997638 0.0257842 -0.0636671 54.7894 
-0.0632324 0.0121883 0.997924 53.3322 0.0205834 0.999729 -0.0109061 -1.69696 -0.997787 0.0198511 -0.0634661 54.7516 
-0.0640253 0.0121998 0.997874 54.3445 0.0178166 0.99978 -0.01108 -1.71752 -0.997789 0.0170694 -0.0642286 54.7163 
-0.0646112 0.00733382 0.997884 55.3637 0.0172615 0.999832 -0.00623045 -1.74144 -0.997761 0.0168224 -0.0647269 54.6702 
-0.0651214 0.00162169 0.997876 56.407 0.0152409 0.999884 -0.000630288 -1.75947 -0.997761 0.0151675 -0.0651385 54.6209 
-0.0658784 0.00228404 0.997825 57.4414 0.0166566 0.999861 -0.00118896 -1.77658 -0.997689 0.016542 -0.0659073 54.5687 
-0.0661824 0.00555193 0.997792 58.4783 0.019221 0.999806 -0.00428819 -1.7952 -0.997622 0.0188947 -0.0662763 54.5146 
-0.0674154 0.00848838 0.997689 59.5289 0.021822 0.999737 -0.00703122 -1.81488 -0.997486 0.0212976 -0.0675829 54.466 
-0.0697637 0.00566125 0.997548 60.593 0.0224023 0.999741 -0.00410695 -1.82977 -0.997312 0.0220608 -0.0698724 54.4113 
-0.0724472 0.000301503 0.997372 61.6666 0.0235962 0.999721 0.00141181 -1.85347 -0.997093 0.0236365 -0.0724341 54.3472 
-0.0753326 -0.00232373 0.997156 62.7351 0.0249771 0.999679 0.00421661 -1.86573 -0.996846 0.0252237 -0.0752504 54.2788 
-0.0793907 -0.00135756 0.996843 63.817 0.0296825 0.999552 0.00372527 -1.87615 -0.996402 0.0298845 -0.0793149 54.2173 
-0.0827152 -0.00249159 0.99657 64.886 0.0324282 0.999461 0.00519039 -1.88818 -0.996046 0.0327463 -0.0825898 54.1388 
-0.0862772 -0.00420274 0.996262 65.9531 0.0366598 0.999301 0.00739037 -1.89992 -0.995596 0.0371604 -0.0860628 54.056 
-0.089289 -0.00367799 0.995999 67.0227 0.0399214 0.999176 0.00726862 -1.9114 -0.995205 0.0404107 -0.0890686 53.9775 
-0.0914145 3.26135e-05 0.995813 68.0782 0.0441685 0.999016 0.00402194 -1.92527 -0.994833 0.0443512 -0.091326 53.891 
-0.093095 0.00450736 0.995647 69.1452 0.047047 0.998893 -0.000123019 -1.9444 -0.994545 0.0468308 -0.093204 53.8067 
-0.0942024 0.00742639 0.995525 70.2114 0.050654 0.998713 -0.00265695 -1.95793 -0.994264 0.050177 -0.0944573 53.7194 
-0.0935573 0.00665138 0.995592 71.2561 0.0499643 0.998749 -0.00197721 -1.98206 -0.994359 0.049559 -0.0937726 53.6405 
-0.0911611 0.00404286 0.995828 72.3339 0.0508044 0.998708 0.000596275 -2.00418 -0.994539 0.0506468 -0.0912488 53.5701 
-0.0864437 0.000696926 0.996257 73.3979 0.0542143 0.998521 0.00400563 -2.0189 -0.994781 0.0543576 -0.0863537 53.4897 
-0.0811934 -0.00205614 0.996696 74.4897 0.0544307 0.998496 0.00649395 -2.02958 -0.995211 0.0547781 -0.0809594 53.4229 
-0.0762706 -0.00548195 0.997072 75.5659 0.0556565 0.998402 0.00974672 -2.0442 -0.995533 0.056237 -0.0758437 53.3585 
-0.0716831 -0.00678556 0.997404 76.6317 0.0566983 0.998332 0.0108668 -2.06062 -0.995815 0.0573301 -0.0711788 53.3001 
-0.0680193 -0.00284628 0.99768 77.7037 0.0565142 0.998379 0.00670131 -2.07649 -0.996082 0.0568389 -0.0677482 53.2497 
-0.0656557 0.00204975 0.99784 78.7871 0.0552372 0.998472 0.00158348 -2.08647 -0.996312 0.0552219 -0.0656686 53.1969 
-0.0645548 0.00182797 0.997913 79.8477 0.0555182 0.998456 0.00176254 -2.10308 -0.996369 0.0555161 -0.0645566 53.1538 
-0.0628356 -0.000160546 0.998024 80.9196 0.0559983 0.998424 0.0036863 -2.12186 -0.996452 0.0561193 -0.0627275 53.0976 
-0.061382 0.00252241 0.998111 82.016 0.0555928 0.998453 0.000895614 -2.14886 -0.996565 0.0555427 -0.0614272 53.0631 
-0.0595091 0.00815078 0.998195 83.0962 0.0558863 0.998426 -0.00482087 -2.16748 -0.996662 0.0554985 -0.0598709 53.0237 
-0.0572831 0.0113665 0.998293 84.1624 0.0550785 0.998448 -0.00820778 -2.18918 -0.996838 0.0545143 -0.0578203 52.981 
-0.0547987 0.0108809 0.998438 85.2378 0.055938 0.998404 -0.0078104 -2.21411 -0.996929 0.0554227 -0.0553199 52.9354 
-0.0515173 0.00764003 0.998643 86.3209 0.0533842 0.998562 -0.00488542 -2.24181 -0.997244 0.05306 -0.0518511 52.9074 
-0.0472403 0.00356672 0.998877 87.4152 0.053172 0.998585 -0.00105095 -2.26047 -0.997467 0.0530626 -0.0473631 52.8757 
-0.042824 0.00088208 0.999082 88.5217 0.0512122 0.998687 0.00131343 -2.28963 -0.997769 0.0512214 -0.042813 52.859 
-0.0393762 0.00504752 0.999212 89.611 0.0477638 0.998854 -0.00316344 -2.30883 -0.998082 0.0476016 -0.0395721 52.8435 
-0.0377613 0.014433 0.999183 90.6967 0.0437689 0.99896 -0.0127757 -2.33668 -0.998328 0.0432506 -0.0383537 52.8301 
-0.0369341 0.0223732 0.999067 91.7665 0.0384844 0.99904 -0.0209498 -2.37025 -0.998576 0.0376747 -0.0377597 52.8175 
-0.0367955 0.0220672 0.999079 92.8476 0.0377486 0.999073 -0.0206767 -2.40017 -0.99861 0.0369531 -0.0375944 52.8087 
-0.0360829 0.0157252 0.999225 93.945 0.0372124 0.999204 -0.014381 -2.44306 -0.998656 0.0366647 -0.0366394 52.7876 
-0.0374915 0.00985119 0.999248 95.052 0.0390439 0.999202 -0.00838578 -2.47037 -0.998534 0.0387001 -0.0378462 52.7631 
-0.0392894 0.00378001 0.999221 96.1441 0.0374241 0.999297 -0.00230874 -2.49583 -0.998527 0.0373042 -0.0394032 52.7341 
-0.0415257 -0.00115977 0.999137 97.239 0.036914 0.999315 0.00269422 -2.52089 -0.998455 0.036994 -0.0414544 52.7081 
-0.043597 -0.00064529 0.999049 98.3315 0.037574 0.999291 0.00228516 -2.54196 -0.998342 0.0376378 -0.0435419 52.6749 
-0.0453383 -0.000206844 0.998972 99.4063 0.0373219 0.999302 0.00190081 -2.55624 -0.998274 0.0373697 -0.0452989 52.6434 
-0.0467497 -0.00150629 0.998906 100.483 0.0385053 0.999253 0.00330893 -2.57418 -0.998164 0.0386178 -0.0466568 52.6044 
-0.0476382 0.00014334 0.998865 101.558 0.0391395 0.999232 0.0017233 -2.5982 -0.998098 0.0391771 -0.0476072 52.5672 
-0.0481441 0.0084391 0.998805 102.625 0.0401123 0.999174 -0.0065087 -2.62029 -0.998035 0.039751 -0.0484428 52.5301 
-0.0487183 0.0160794 0.998683 103.679 0.0369229 0.999216 -0.0142868 -2.64929 -0.99813 0.0361782 -0.0492738 52.4992 
-0.050051 0.0165279 0.99861 104.743 0.0346752 0.999289 -0.0148012 -2.67721 -0.998145 0.0338862 -0.0505885 52.4664 
-0.052662 0.0105184 0.998557 105.815 0.0301565 0.999505 -0.00893797 -2.71341 -0.998157 0.0296423 -0.0529531 52.4419 
-0.0555928 0.00278567 0.99845 106.878 0.0239717 0.999712 -0.00145443 -2.74013 -0.998166 0.0238536 -0.0556435 52.4114 
-0.0576443 -0.00531903 0.998323 107.942 0.0227931 0.999718 0.00664261 -2.75812 -0.998077 0.0231378 -0.0575068 52.3733 
-0.0593073 -0.0118078 0.99817 108.997 0.0259861 0.999573 0.0133684 -2.77293 -0.997902 0.0267314 -0.0589751 52.3241 
-0.0610612 -0.0120639 0.998061 110.037 0.0244211 0.99961 0.0135767 -2.78061 -0.997835 0.0252028 -0.0607427 52.2784 
-0.0616082 -0.00458229 0.99809 111.07 0.0283184 0.999579 0.00633715 -2.79617 -0.997699 0.0286547 -0.0614525 52.2243 
-0.0618616 0.00996122 0.998035 112.087 0.0373392 0.999273 -0.00765913 -2.81785 -0.997386 0.036792 -0.0621886 52.1606 
-0.0628853 0.0210208 0.997799 113.101 0.0422127 0.99894 -0.0183843 -2.84277 -0.997128 0.0409637 -0.063706 52.1055 
-0.0633769 0.0182031 0.997824 114.135 0.042338 0.998983 -0.0155351 -2.86711 -0.997091 0.0412613 -0.0640831 52.0654 
-0.0631237 0.00778208 0.997975 115.179 0.0445909 0.998993 -0.00496952 -2.89317 -0.997009 0.0441869 -0.0634072 52.0124 
-0.0625617 -0.00211887 0.998039 116.205 0.0449804 0.998976 0.00494048 -2.91419 -0.997027 0.0452013 -0.0624023 51.9615 
-0.0624304 -0.00760052 0.99802 117.226 0.0431672 0.999015 0.0103084 -2.92734 -0.997115 0.0437253 -0.0620408 51.9177 
-0.0630606 -0.0129247 0.997926 118.241 0.0399119 0.999084 0.0154618 -2.93309 -0.997211 0.0408042 -0.0624869 51.8839 
-0.0627819 -0.0161958 0.997896 119.252 0.037154 0.999137 0.0185535 -2.93808 -0.997335 0.0382407 -0.062126 51.8384 
-0.062576 -0.0140968 0.997941 120.258 0.0363534 0.999205 0.0163943 -2.94589 -0.997378 0.0373044 -0.0620138 51.7929 
-0.0619165 -0.0070505 0.998056 121.262 0.033889 0.999384 0.00916229 -2.94823 -0.997506 0.0343904 -0.0616394 51.748 
-0.0615456 -0.00119727 0.998104 122.246 0.0339399 0.999418 0.00329171 -2.9604 -0.997527 0.0340782 -0.0614692 51.7035 
-0.061511 0.00389347 0.998099 123.214 0.0340542 0.999418 -0.00179988 -2.97949 -0.997525 0.0338787 -0.0616078 51.6606 
-0.0613098 0.00828275 0.998084 124.184 0.03581 0.99934 -0.00609341 -3.00419 -0.997476 0.0353678 -0.061566 51.6141 
-0.0612966 0.0124168 0.998042 125.15 0.0346942 0.999345 -0.0103022 -3.04269 -0.997516 0.0339948 -0.0616872 51.578 
-0.0612079 0.0118054 0.998055 126.115 0.0359638 0.999307 -0.00961463 -3.0655 -0.997477 0.0353054 -0.0615901 51.5325 
-0.0613024 0.00559256 0.998104 127.083 0.0348486 0.999387 -0.00345935 -3.08828 -0.997511 0.0345705 -0.0614597 51.4928 
-0.0620293 -0.00409677 0.998066 128.039 0.0326434 0.999448 0.00613125 -3.10861 -0.99754 0.0329606 -0.0618613 51.4552 
-0.0629934 -0.0123212 0.997938 128.984 0.0273138 0.999528 0.014065 -3.12518 -0.99764 0.0281435 -0.0626272 51.4169 
-0.0654818 -0.0153458 0.997736 129.904 0.0223945 0.999607 0.0168443 -3.13325 -0.997602 0.0234468 -0.0651125 51.3826 
-0.0671352 -0.0129299 0.99766 130.799 0.0178188 0.999741 0.014156 -3.14292 -0.997585 0.0187275 -0.0668874 51.3438 
-0.0682061 -0.00605695 0.997653 131.675 0.0152756 0.999858 0.00711471 -3.15528 -0.997554 0.015725 -0.0681039 51.3038 
-0.0688928 0.00145279 0.997623 132.536 0.0169361 0.999857 -0.000286447 -3.168 -0.99748 0.0168761 -0.0689075 51.2584 
-0.0675323 0.00720424 0.997691 133.377 0.0216618 0.999749 -0.0057528 -3.18765 -0.997482 0.0212233 -0.0676714 51.2107 
-0.0647841 0.00980823 0.997851 134.197 0.0246885 0.999661 -0.00822312 -3.20831 -0.997594 0.0241028 -0.0650043 51.1687 
-0.0602184 0.00926911 0.998142 135.005 0.0291302 0.999547 -0.00752468 -3.22926 -0.99776 0.028623 -0.0604611 51.1306 
-0.0552392 0.00403562 0.998465 135.798 0.0317955 0.999492 -0.00228067 -3.2527 -0.997967 0.0316207 -0.0553395 51.0966 
-0.0511445 -4.94978e-08 0.998691 136.569 0.0329127 0.999457 0.0016856 -3.27342 -0.998149 0.0329559 -0.0511167 51.0685 
-0.0468208 0.0005625 0.998903 137.31 0.0331836 0.999449 0.00099262 -3.29325 -0.998352 0.0331937 -0.0468136 51.0482 
-0.0423656 0.00484684 0.99909 138.017 0.0346872 0.999393 -0.00337739 -3.31359 -0.9985 0.0345126 -0.042508 51.0325 
-0.0380994 0.00876179 0.999236 138.705 0.0348605 0.999365 -0.0074337 -3.33097 -0.998666 0.0345506 -0.0383806 51.0258 
-0.0336189 0.00934747 0.999391 139.362 0.0363287 0.999307 -0.00812457 -3.34833 -0.998774 0.0360335 -0.0339351 51.013 
-0.0295409 0.00884499 0.999524 139.984 0.0334277 0.99941 -0.00785598 -3.37131 -0.999005 0.0331797 -0.0298191 51.0111 
-0.0256873 0.00789755 0.999639 140.581 0.0284295 0.99957 -0.00716642 -3.39427 -0.999266 0.0282352 -0.0259008 51.0139 
-0.0218938 0.00815436 0.999727 141.14 0.0236496 0.999691 -0.00763611 -3.41652 -0.999481 0.023476 -0.0220798 51.0156 
-0.0189973 0.0114194 0.999754 141.683 0.0222205 0.999693 -0.0109964 -3.43284 -0.999573 0.0220062 -0.0192452 51.0166 
-0.0178423 0.0154946 0.999721 142.222 0.0207714 0.99967 -0.015123 -3.45079 -0.999625 0.0204957 -0.0181582 51.011 
-0.0182793 0.0167751 0.999692 142.762 0.0174237 0.999713 -0.0164568 -3.46346 -0.999681 0.0171176 -0.0185663 51.0133 
-0.0198827 0.0149202 0.999691 143.293 0.0114615 0.999826 -0.0146942 -3.48174 -0.999737 0.0111658 -0.0200503 51.0175 
-0.0216958 0.0107085 0.999707 143.837 0.00646035 0.999923 -0.0105706 -3.49529 -0.999744 0.00622912 -0.0217633 51.0147 
-0.0237771 0.0055843 0.999702 144.371 0.00535076 0.999971 -0.00545849 -3.50775 -0.999703 0.00521938 -0.0238063 51.0083 
-0.0258496 0.00243908 0.999663 144.896 0.00871805 0.99996 -0.00221433 -3.52391 -0.999628 0.00865787 -0.0258699 50.994 
-0.028068 0.00449883 0.999596 145.406 0.0111772 0.999929 -0.00418644 -3.54311 -0.999544 0.0110552 -0.0281163 50.9803 
-0.0310543 0.00782401 0.999487 145.918 0.0108429 0.999913 -0.00749041 -3.5553 -0.999459 0.0106047 -0.0311364 50.9702 
-0.0339362 0.009527 0.999379 146.419 0.00698543 0.999932 -0.00929503 -3.56631 -0.9994 0.00666565 -0.0340004 50.9691 
-0.0363182 0.0112291 0.999277 146.913 0.00633432 0.999919 -0.0110061 -3.57459 -0.99932 0.00593002 -0.0363864 50.9643 
-0.0380818 0.0126869 0.999194 147.41 0.00802323 0.999891 -0.0123899 -3.5842 -0.999242 0.00754493 -0.0381794 50.9473 
-0.0411106 0.0100186 0.999104 147.905 0.00822143 0.999919 -0.00968848 -3.60059 -0.999121 0.00781577 -0.0411896 50.9355 
-0.0437375 0.0047816 0.999032 148.409 0.00768386 0.999961 -0.00444961 -3.61235 -0.999014 0.0074818 -0.0437726 50.9247 
-0.0463358 0.00171496 0.998924 148.896 0.00670927 0.999977 -0.00140551 -3.6198 -0.998903 0.00663692 -0.0463462 50.9128 
-0.0489495 0.000552165 0.998801 149.387 0.00438844 0.99999 -0.000337711 -3.63047 -0.998792 0.00436665 -0.0489514 50.8992 
-0.0511616 -0.00096084 0.99869 149.875 0.00309908 0.999995 0.0011209 -3.64312 -0.998686 0.00315236 -0.0511583 50.888 
-0.0524909 -0.00280513 0.998618 150.365 0.00267667 0.999992 0.00294973 -3.65845 -0.998618 0.0028278 -0.052483 50.8753 
-0.0536398 -0.0027087 0.998557 150.85 0.00184303 0.999994 0.00281164 -3.66433 -0.998559 0.00199118 -0.0536345 50.8637 
-0.052867 -0.000759119 0.998601 151.332 0.00473399 0.999988 0.00101084 -3.66658 -0.99859 0.00478081 -0.0528628 50.8501 
-0.0477079 0.00163697 0.99886 151.805 0.00709772 0.999974 -0.00129975 -3.67852 -0.998836 0.00702762 -0.0477183 50.8291 
-0.0402857 0.00340989 0.999182 152.275 0.00739062 0.999968 -0.00311455 -3.68855 -0.999161 0.0072591 -0.0403096 50.8211 
-0.0307179 0.0034375 0.999522 152.736 0.00514967 0.999981 -0.00328077 -3.69564 -0.999515 0.00504643 -0.030735 50.8343 
-0.0153995 0.00257501 0.999878 153.194 0.00682142 0.999974 -0.00247016 -3.70021 -0.999858 0.00678255 -0.0154166 50.8486 
0.00679992 0.00292025 0.999973 153.644 0.0122338 0.999921 -0.00300324 -3.70564 -0.999902 0.0122539 0.00676365 50.8668 
0.0363616 0.00366277 0.999332 154.087 0.0188601 0.999813 -0.00435073 -3.71059 -0.999161 0.0190057 0.0362857 50.9014 
0.0725736 0.00289666 0.997359 154.522 0.0203852 0.999783 -0.00438699 -3.72029 -0.997155 0.0206497 0.0724987 50.9594 
0.113245 0.00258824 0.993564 154.952 0.016991 0.999845 -0.00454116 -3.73474 -0.993422 0.0173959 0.113183 51.0449 
0.154999 0.00565951 0.987898 155.366 0.0123751 0.999894 -0.00766981 -3.74731 -0.987837 0.0134141 0.154913 51.1536 
0.19675 0.0104183 0.980398 155.778 0.0116373 0.999848 -0.0129604 -3.75367 -0.980385 0.0139591 0.196599 51.2706 
0.23913 0.0143075 0.970882 156.18 0.0127838 0.999758 -0.0178817 -3.76547 -0.970903 0.0166876 0.238889 51.4001 
0.281454 0.0170117 0.959424 156.576 0.0136783 0.99967 -0.0217379 -3.77172 -0.959477 0.0192415 0.281129 51.5535 
0.322998 0.0191915 0.946205 156.962 0.0101066 0.999667 -0.0237258 -3.77947 -0.946346 0.0172263 0.322696 51.7277 
0.363539 0.0225756 0.931305 157.326 0.00256829 0.999678 -0.0252355 -3.79506 -0.931576 0.0115659 0.363364 51.9172 
0.403042 0.0279062 0.914756 157.671 -0.00623114 0.999596 -0.0277489 -3.80334 -0.91516 0.005484 0.403053 52.1262 
0.442547 0.03373 0.896111 158.028 -0.0106737 0.99942 -0.0323473 -3.81997 -0.896682 0.0047504 0.442651 52.3474 
0.480911 0.0375144 0.875967 158.386 -0.0119633 0.999272 -0.0362272 -3.83604 -0.876688 0.00694258 0.481009 52.5855 
0.518795 0.0368773 0.854103 158.744 -0.0108504 0.999273 -0.0365545 -3.8501 -0.85483 0.00969692 0.518818 52.8399 
0.554775 0.0351988 0.831256 159.087 -0.0123077 0.999343 -0.0341021 -3.86803 -0.83191 0.00868812 0.554843 53.113 
0.588219 0.0360434 0.807898 159.419 -0.0168391 0.999336 -0.0323237 -3.88479 -0.808527 0.00540913 0.588435 53.4135 
0.620141 0.0400877 0.783466 159.748 -0.0238789 0.999195 -0.0322249 -3.90397 -0.784127 0.0012757 0.620599 53.7308 
0.650079 0.0437186 0.758608 160.071 -0.0294901 0.999043 -0.0323036 -3.92143 -0.759294 -0.00137151 0.650746 54.0701 
0.67806 0.0447734 0.733641 160.4 -0.0299026 0.998997 -0.0333306 -3.9446 -0.734398 0.00066237 0.678719 54.4191 
0.703451 0.0430045 0.709442 160.728 -0.0250189 0.999048 -0.0357519 -3.95487 -0.710303 0.00740027 0.703857 54.7783 
0.726024 0.0442118 0.686247 161.046 -0.0262235 0.998985 -0.0366167 -3.97052 -0.687169 0.00858883 0.726447 55.1631 
0.745819 0.0480922 0.66441 161.361 -0.0329477 0.998833 -0.035314 -3.99133 -0.665333 0.00444713 0.746534 55.5728 
0.762311 0.0505671 0.645233 161.672 -0.04053 0.998716 -0.0303855 -4.01523 -0.645941 -0.00298808 0.763382 56.0003 
0.775495 0.0486886 0.629474 161.989 -0.0416191 0.998796 -0.0259813 -4.03574 -0.629981 -0.00604971 0.776587 56.439 
0.786432 0.0433485 0.616154 162.319 -0.0373475 0.999046 -0.0226176 -4.05285 -0.616547 -0.00522459 0.787301 56.8838 
0.795793 0.0357831 0.604511 162.661 -0.0312326 0.999349 -0.0180396 -4.07166 -0.604763 -0.00452465 0.796393 57.3417 
0.803221 0.0288246 0.594983 163.001 -0.0260801 0.999573 -0.0132175 -4.08977 -0.59511 -0.00490064 0.80363 57.8183 
0.809836 0.025453 0.586104 163.337 -0.0243258 0.999656 -0.00980082 -4.106 -0.586152 -0.0063204 0.810176 58.3097 
0.816934 0.0224354 0.576295 163.678 -0.0220417 0.999728 -0.00767415 -4.11961 -0.57631 -0.00643322 0.817206 58.8189 
0.824255 0.017932 0.565935 164.023 -0.0164553 0.999835 -0.00771413 -4.13155 -0.565979 -0.00295416 0.824414 59.3437 
0.830856 0.0185515 0.556178 164.368 -0.0148203 0.999827 -0.01121 -4.14438 -0.55629 0.00107121 0.830988 59.8863 
0.836445 0.0227637 0.547578 164.701 -0.0164845 0.99973 -0.0163796 -4.1608 -0.547803 0.0046741 0.836595 60.4374 
0.840791 0.0281179 0.54063 165.048 -0.0197114 0.999578 -0.0213323 -4.17778 -0.541001 0.00727945 0.84099 61.0137 
0.842788 0.0326239 0.537256 165.398 -0.0226644 0.999427 -0.0251349 -4.19511 -0.537768 0.00900682 0.843045 61.6171 
0.842623 0.0374015 0.537203 165.76 -0.0279122 0.999278 -0.0257909 -4.2166 -0.53778 0.00673748 0.843058 62.23 
0.840795 0.0376843 0.54004 166.136 -0.0305715 0.999288 -0.0221335 -4.239 -0.540489 0.00209998 0.841348 62.8503 
0.838429 0.0385417 0.543647 166.514 -0.0324406 0.999257 -0.020811 -4.27108 -0.544045 -0.000187653 0.839056 63.4656 
0.835735 0.0399581 0.547677 166.918 -0.0345688 0.999199 -0.0201501 -4.29428 -0.548043 -0.00209234 0.836447 64.1014 
0.83254 0.04016 0.552508 167.33 -0.0359406 0.999183 -0.0184707 -4.31221 -0.552799 -0.00447988 0.833303 64.7598 
0.829374 0.0378336 0.557411 167.755 -0.033053 0.99928 -0.0186452 -4.3264 -0.557715 -0.00296022 0.830027 65.4126 
0.826004 0.03513 0.562568 168.194 -0.0315982 0.999372 -0.0160117 -4.35062 -0.562778 -0.00455035 0.826596 66.0686 
0.822144 0.0359223 0.568145 168.645 -0.0328392 0.999338 -0.0156647 -4.3678 -0.568332 -0.00577878 0.822779 66.7464 
0.818674 0.0379159 0.573006 169.101 -0.0341063 0.999267 -0.0173927 -4.39186 -0.573245 -0.00530414 0.819367 67.4223 
0.815662 0.0389689 0.577215 169.566 -0.0329562 0.999238 -0.0208901 -4.41335 -0.57759 -0.00198357 0.816325 68.0985 
0.812751 0.0406965 0.581188 170.04 -0.0327622 0.999171 -0.0241491 -4.44336 -0.58169 0.000586262 0.813411 68.7887 
0.809782 0.0402828 0.585347 170.522 -0.0323798 0.999188 -0.0239679 -4.4651 -0.585837 0.000455373 0.810429 69.4883 
0.807315 0.0370637 0.588956 171.02 -0.0333215 0.999297 -0.0172112 -4.49167 -0.589179 -0.00572996 0.807982 70.2036 
0.80491 0.0336531 0.592442 171.522 -0.033547 0.999375 -0.0111904 -4.52054 -0.592448 -0.0108673 0.805536 70.9143 
0.803151 0.0324069 0.594893 172.027 -0.0295724 0.999457 -0.0145205 -4.55186 -0.595041 -0.00593024 0.803674 71.6092 
0.80201 0.0375714 0.596128 172.532 -0.028 0.999287 -0.0253106 -4.58466 -0.596655 0.00360777 0.80249 72.2941 
0.800629 0.0401379 0.597814 173.034 -0.0258688 0.999139 -0.0324381 -4.61336 -0.598602 0.0105062 0.800978 72.9805 
0.79987 0.0365553 0.599059 173.543 -0.0216883 0.999252 -0.0320171 -4.65203 -0.599781 0.0126169 0.800064 73.6817 
0.799065 0.0307059 0.600461 174.053 -0.0189387 0.999485 -0.0259082 -4.69111 -0.600947 0.00933037 0.799235 74.3884 
0.798705 0.0264089 0.601143 174.567 -0.0157296 0.999611 -0.0230149 -4.72929 -0.601517 0.0089264 0.79881 75.0881 
0.799206 0.0214968 0.600672 175.081 -0.0113613 0.999722 -0.0206614 -4.76726 -0.600949 0.0096883 0.799228 75.7738 
0.799505 0.0173286 0.60041 175.592 -0.00610743 0.999767 -0.0207219 -4.7986 -0.600629 0.0129003 0.799424 76.4675 
0.800367 0.0152213 0.599317 176.092 -0.00327483 0.999774 -0.0210185 -4.83532 -0.599501 0.0148599 0.800236 77.1471 
0.801138 0.0177255 0.598218 176.588 -0.00287299 0.999664 -0.0257729 -4.86888 -0.598473 0.018929 0.800919 77.8341 
0.801674 0.0177688 0.597497 177.081 5.38991e-05 0.999556 -0.0297977 -4.9049 -0.597761 0.0239203 0.801317 78.5166 
0.801933 0.0150856 0.597223 177.572 0.00229888 0.999596 -0.0283362 -4.93939 -0.597409 0.0240967 0.801575 79.1937 
0.801631 0.0132649 0.597672 178.062 0.00012772 0.99975 -0.0223599 -4.97052 -0.597819 0.0180008 0.801429 79.8837 
0.80113 0.00732373 0.598445 178.552 0.00063083 0.999914 -0.0130813 -5.00903 -0.59849 0.0108574 0.801057 80.5618 
0.80084 0.00268435 0.598873 179.038 0.00276813 0.999963 -0.00818376 -5.03815 -0.598872 0.00821166 0.800802 81.2253 
0.800092 -0.000427298 0.599878 179.51 0.00581519 0.999958 -0.0070437 -5.06496 -0.59985 0.00912403 0.800061 81.8726 
0.799212 0.00343758 0.60104 179.97 0.00347754 0.999941 -0.0103431 -5.08884 -0.60104 0.0103565 0.799152 82.5057 
0.798147 0.0112191 0.602359 180.417 0.000442917 0.999815 -0.0192087 -5.11727 -0.602463 0.0155982 0.797995 83.121 
0.796634 0.0155843 0.604261 180.852 0.000762824 0.999641 -0.026787 -5.14604 -0.604461 0.0218004 0.796336 83.7214 
0.79441 0.0154362 0.607186 181.276 0.00400542 0.999522 -0.0306507 -5.17583 -0.607369 0.0267813 0.793968 84.2961 
