1 -4.23778e-08 4.22719e-08 0 -4.23778e-08 1 -4.19404e-08 0 4.22719e-08 -4.19404e-08 1 0 
0.999991 -0.00279928 -0.00330929 -0.0083049 0.00279238 0.999994 -0.0020621 -0.00539741 0.00331512 0.00205276 0.999992 0.678202 
0.999969 -0.0016432 -0.0076548 -0.0232196 0.00161587 0.999992 -0.00356443 -0.0082311 0.00766068 0.00355187 0.999964 1.37583 
0.999934 -0.0015564 -0.0113813 -0.0455533 0.00149564 0.999985 -0.00533774 -0.0072748 0.0113895 0.00532028 0.999921 2.09443 
0.999867 -9.82772e-05 -0.0162852 -0.0708876 -5.65352e-07 0.999982 -0.00606419 -0.0115442 0.0162855 0.00606332 0.999849 2.82159 
0.99978 -0.0014258 -0.0209312 -0.09318 0.00129884 0.999981 -0.00607354 -0.0209903 0.0209395 0.00604493 0.999762 3.57152 
0.99968 0.000288745 -0.0253014 -0.128804 -0.000472493 0.999973 -0.00725336 -0.0309463 0.0252988 0.00726291 0.999653 4.33272 
0.999539 0.00272528 -0.0302331 -0.165923 -0.00296133 0.999965 -0.00776291 -0.0415355 0.030211 0.00784878 0.999513 5.10315 
0.999401 0.00296021 -0.0344852 -0.213102 -0.00317221 0.999976 -0.00609232 -0.0495874 0.0344664 0.00619798 0.999387 5.90164 
0.999228 0.00209022 -0.0392341 -0.25168 -0.00223012 0.999991 -0.00352046 -0.0537979 0.0392265 0.00360515 0.999224 6.71429 
0.999073 0.00137752 -0.0430183 -0.292823 -0.00140639 0.999999 -0.000638997 -0.0650794 0.0430174 0.00069882 0.999074 7.53356 
0.998953 0.00284466 -0.045649 -0.346806 -0.00290283 0.999995 -0.00120632 -0.0742181 0.0456454 0.00133748 0.998957 8.36303 
0.998857 0.00252244 -0.0477274 -0.40339 -0.00260475 0.999995 -0.00166081 -0.0771058 0.0477231 0.00178314 0.998859 9.18973 
0.998777 -0.000374862 -0.0494454 -0.453424 0.000273052 0.999998 -0.0020641 -0.0865312 0.0494461 0.00204799 0.998775 10.0255 
0.998682 -0.000304669 -0.0513204 -0.511913 0.000239241 0.999999 -0.00127942 -0.0935775 0.0513208 0.00126537 0.998681 10.8644 
0.998602 -0.00166117 -0.0528296 -0.568452 0.00157224 0.999997 -0.0017232 -0.0998145 0.0528324 0.00163764 0.998602 11.7204 
0.998499 0.000523337 -0.0547744 -0.625785 -0.000773517 0.999989 -0.00454485 -0.103228 0.0547715 0.00458031 0.998488 12.5877 
0.998436 0.000775673 -0.0558971 -0.693018 -0.00118173 0.999973 -0.00723019 -0.112876 0.0558901 0.00728485 0.99841 13.4549 
0.998321 0.00443154 -0.0577493 -0.758668 -0.00493511 0.999951 -0.00857881 -0.127831 0.0577085 0.00884932 0.998294 14.3377 
0.998272 0.00542749 -0.0585096 -0.828857 -0.00591402 0.999949 -0.00814392 -0.142377 0.0584626 0.00847579 0.998254 15.224 
0.998207 0.00449686 -0.0596883 -0.898026 -0.00489706 0.999966 -0.00655889 -0.158354 0.0596569 0.00683934 0.998195 16.1142 
0.998114 0.00539156 -0.0611552 -0.965958 -0.00571357 0.999971 -0.00509044 -0.170317 0.061126 0.00543017 0.998115 17.0172 
0.998052 0.00492828 -0.0621903 -1.03212 -0.0052355 0.999975 -0.0047767 -0.186409 0.0621653 0.0050929 0.998053 17.9235 
0.99794 0.00495277 -0.0639548 -1.09972 -0.00533339 0.999969 -0.00578066 -0.19817 0.0639242 0.00610977 0.997936 18.8297 
0.997871 0.00344467 -0.0651313 -1.16932 -0.00386929 0.999972 -0.00639312 -0.212689 0.0651075 0.00663143 0.997856 19.7486 
0.997828 0.00337515 -0.0657802 -1.23866 -0.00370261 0.999981 -0.00485557 -0.220451 0.0657626 0.00508849 0.997822 20.6707 
0.997817 0.0042898 -0.065894 -1.31132 -0.00438096 0.99999 -0.00123773 -0.235771 0.0658881 0.00152362 0.997826 21.6028 
0.997868 0.0052099 -0.0650587 -1.38595 -0.00507436 0.999985 0.00224962 -0.243722 0.0650695 -0.00191478 0.997879 22.541 
0.997984 0.00401782 -0.063336 -1.45884 -0.00369429 0.999979 0.00522566 -0.250507 0.0633557 -0.00498123 0.997978 23.4866 
0.998066 0.00399523 -0.0620369 -1.52357 -0.00363788 0.999976 0.00587341 -0.254107 0.062059 -0.00563645 0.998056 24.4305 
0.99816 0.0044896 -0.0604608 -1.59607 -0.00432427 0.999986 0.00286642 -0.259371 0.0604729 -0.00259979 0.998166 25.3802 
0.998213 0.00548046 -0.0595087 -1.66975 -0.005613 0.999982 -0.00205891 -0.264947 0.0594964 0.00238917 0.998226 26.3285 
0.998281 0.00422763 -0.0584621 -1.73564 -0.00453597 0.999976 -0.00514113 -0.271907 0.0584391 0.00539739 0.998276 27.2875 
0.998334 0.00170383 -0.0576757 -1.80457 -0.00194747 0.999989 -0.00416694 -0.282516 0.0576681 0.00427224 0.998327 28.2616 
0.998329 7.2822e-06 -0.0577887 -1.87023 6.56423e-05 0.999999 0.00126144 -0.300898 0.0577887 -0.00126321 0.998328 29.2147 
0.998271 -0.00405794 -0.0586385 -1.93687 0.00434953 0.999979 0.00484721 -0.314827 0.0586177 -0.00509397 0.998267 30.1899 
0.998148 -0.0111552 -0.0597943 -1.99991 0.0114166 0.999927 0.00403308 -0.318034 0.059745 -0.00470835 0.998202 31.1737 
0.998043 -0.0131682 -0.0611208 -2.06386 0.0131935 0.999913 1.23357e-05 -0.323479 0.0611154 -0.000818796 0.99813 32.1528 
0.997971 -0.0125165 -0.0624341 -2.14128 0.01227 0.999915 -0.00432817 -0.330512 0.062483 0.00355323 0.99804 33.1294 
0.997868 -0.0107987 -0.0643624 -2.22122 0.0105043 0.999933 -0.00490874 -0.345954 0.0644111 0.0042221 0.997914 34.1144 
0.997831 -0.0105615 -0.0649726 -2.29488 0.0103375 0.999939 -0.00378124 -0.352988 0.0650086 0.0031013 0.99788 35.115 
0.997769 -0.00748026 -0.0663387 -2.38006 0.00742585 0.999972 -0.0010655 -0.366594 0.0663449 0.000570417 0.997797 36.1329 
0.997683 -0.0073647 -0.0676371 -2.4548 0.00738549 0.999973 5.85424e-05 -0.375726 0.0676349 -0.000558027 0.99771 37.1329 
0.997627 -0.00611434 -0.0685794 -2.54213 0.00630636 0.999977 0.00258503 -0.387654 0.0685621 -0.00301147 0.997642 38.127 
0.997648 -0.00573726 -0.068303 -2.62427 0.0061213 0.999967 0.00541583 -0.396151 0.0682698 -0.00582129 0.99765 39.1246 
0.997621 5.67174e-05 -0.0689296 -2.71704 0.000473757 0.99997 0.0076807 -0.402564 0.0689281 -0.00769518 0.997592 40.125 
0.997613 -0.000239613 -0.0690573 -2.80133 0.000718878 0.999976 0.00691652 -0.407814 0.0690541 -0.00694974 0.997589 41.1302 
0.997638 -8.08672e-05 -0.0686852 -2.88994 0.000441443 0.999986 0.00523572 -0.417522 0.0686839 -0.00525376 0.997625 42.1307 
0.997655 0.002123 -0.0684102 -2.98418 -0.00191264 0.999993 0.00314156 -0.426402 0.0684165 -0.00300343 0.997652 43.1263 
0.997612 0.00189678 -0.0690391 -3.07161 -0.00166682 0.999993 0.00338956 -0.441565 0.0690451 -0.00326648 0.997608 44.1046 
0.997497 -8.62534e-05 -0.0707113 -3.1434 0.00042066 0.999989 0.00471545 -0.450914 0.0707102 -0.00473348 0.997486 45.0934 
0.997451 0.00079804 -0.0713441 -3.22905 -0.00040392 0.999984 0.0055396 -0.458802 0.0713475 -0.00549675 0.997436 46.081 
0.99744 0.00270895 -0.0714577 -3.31632 -0.00257395 0.999995 0.00198244 -0.472676 0.0714628 -0.00179352 0.997442 47.0468 
0.997378 0.00306773 -0.0722995 -3.40421 -0.00322067 0.999993 -0.00199785 -0.484626 0.0722929 0.00222538 0.997381 48.0091 
0.997324 0.00397357 -0.0730034 -3.48768 -0.00421989 0.999986 -0.00321904 -0.497613 0.0729896 0.00351841 0.997326 48.9751 
0.997324 0.00267555 -0.0730603 -3.57056 -0.00266771 0.999996 0.000206052 -0.511399 0.0730607 -1.06834e-05 0.997327 49.9547 
0.997318 0.00103389 -0.0731873 -3.65009 -0.000787527 0.999994 0.00339608 -0.52454 0.0731904 -0.00332942 0.997312 50.9285 
0.997298 -0.000753375 -0.073461 -3.72994 0.00105669 0.999991 0.00409128 -0.537435 0.0734574 -0.00415794 0.99729 51.8905 
0.997285 -0.00428623 -0.0735192 -3.81278 0.00453192 0.999985 0.00317646 -0.551976 0.0735045 -0.0035011 0.997289 52.8441 
0.997217 -0.00722249 -0.0742029 -3.88528 0.00737459 0.999971 0.00177707 -0.562446 0.074188 -0.00231943 0.997241 53.8016 
0.997137 -0.00841115 -0.0751413 -3.97088 0.00866448 0.999958 0.00304706 -0.574063 0.0751126 -0.00368949 0.997168 54.7558 
0.99702 -0.011628 -0.0762603 -4.05448 0.0121965 0.999901 0.00699533 -0.580629 0.0761715 -0.00790468 0.997063 55.7005 
0.997005 -0.0125188 -0.0763219 -4.15447 0.0134496 0.999841 0.0116949 -0.581732 0.0761635 -0.0126864 0.997015 56.6667 
0.996977 -0.0109806 -0.0769099 -4.23982 0.0120728 0.999832 0.0137509 -0.583285 0.0767461 -0.014638 0.996943 57.6281 
0.9969 -0.00964529 -0.0780856 -4.32955 0.0104385 0.999898 0.00975727 -0.590055 0.0779836 -0.0105422 0.996899 58.5591 
0.996805 -0.00795496 -0.0794733 -4.41526 0.00814424 0.999965 0.00205878 -0.596716 0.0794542 -0.00269954 0.996835 59.4821 
0.996762 -0.0065942 -0.080132 -4.5068 0.00637425 0.999975 -0.00299925 -0.603627 0.0801499 0.00247867 0.99678 60.3932 
0.996705 -0.00172651 -0.0810922 -4.60062 0.00156152 0.999996 -0.00209699 -0.61798 0.0810956 0.00196337 0.996704 61.2988 
0.996574 0.00100452 -0.0826998 -4.69031 -0.000980875 0.999999 0.000327505 -0.633865 0.0827002 -0.000245352 0.996574 62.1979 
0.996534 0.00318922 -0.0831223 -4.78956 -0.00302009 0.999993 0.00216129 -0.652691 0.0831287 -0.00190285 0.996537 63.0811 
0.996425 0.00377952 -0.0843988 -4.87541 -0.00362638 0.999991 0.00196875 -0.664736 0.0844056 -0.00165574 0.99643 63.9468 
0.99627 0.00484218 -0.0861485 -4.96299 -0.00460962 0.999985 0.00289923 -0.680062 0.0861614 -0.00249139 0.996278 64.797 
0.99615 0.00576412 -0.0874759 -5.05209 -0.0054891 0.999979 0.00338515 -0.692392 0.0874937 -0.00289204 0.996161 65.634 
0.996009 0.00538997 -0.0890905 -5.13223 -0.00504009 0.999979 0.00415267 -0.711149 0.089111 -0.00368716 0.996015 66.4525 
0.995881 0.00504646 -0.090523 -5.21259 -0.00461088 0.999977 0.00502117 -0.716429 0.0905463 -0.00458319 0.995882 67.2616 
0.995722 0.00753463 -0.0920861 -5.30306 -0.00686812 0.999948 0.00755358 -0.720253 0.0921383 -0.0068889 0.995722 68.0722 
0.995592 0.00892997 -0.0933598 -5.38686 -0.00788771 0.999902 0.0115278 -0.727834 0.0934537 -0.0107407 0.995566 68.8533 
0.995405 0.01229 -0.0949651 -5.47702 -0.0110883 0.999852 0.0131723 -0.732194 0.0951129 -0.0120588 0.995393 69.6275 
0.995224 0.0152202 -0.0964205 -5.56272 -0.0144105 0.999855 0.00908848 -0.73985 0.0965449 -0.00765569 0.995299 70.3789 
0.995077 0.0148478 -0.0979805 -5.64207 -0.0147301 0.99989 0.0019256 -0.750117 0.0979984 -0.000472946 0.995186 71.1083 
0.994941 0.0139191 -0.0994893 -5.72085 -0.0143754 0.999889 -0.00387084 -0.756302 0.0994244 0.00528137 0.995031 71.814 
0.994896 0.0148093 -0.0998084 -5.80637 -0.0154081 0.999868 -0.00523079 -0.76224 0.0997178 0.00674187 0.994993 72.5083 
0.994762 0.017321 -0.100735 -5.88932 -0.0176398 0.999842 -0.00227429 -0.761179 0.10068 0.00403925 0.994911 73.1872 
0.994607 0.0174232 -0.10224 -5.9684 -0.0174956 0.999847 0.000189063 -0.779785 0.102228 0.00160062 0.99476 73.8497 
0.994562 0.0143413 -0.103157 -6.04421 -0.0147601 0.999886 -0.00329726 -0.79061 0.103098 0.00480185 0.99466 74.4893 
0.994654 0.00626029 -0.103072 -6.11084 -0.00715885 0.999939 -0.00834939 -0.805052 0.103013 0.00904254 0.994639 75.1076 
0.99477 0.00212527 -0.102115 -6.17542 -0.0035092 0.999904 -0.0133742 -0.812893 0.102077 0.0136625 0.994683 75.7055 
0.995111 0.00451415 -0.0986624 -6.25243 -0.00583772 0.999897 -0.0131297 -0.837878 0.098593 0.0136414 0.995034 76.2902 
0.995491 0.00960249 -0.0943681 -6.3274 -0.0106068 0.999892 -0.0101453 -0.852297 0.0942606 0.0111004 0.995486 76.8611 
0.995926 0.00787038 -0.0898325 -6.38027 -0.00853188 0.999939 -0.0069812 -0.866177 0.0897722 0.00771911 0.995932 77.4203 
0.996431 0.0041558 -0.0843133 -6.41927 -0.00440811 0.999986 -0.00280555 -0.878055 0.0843006 0.00316711 0.996435 77.9707 
0.997085 1.17335e-05 -0.0763001 -6.45425 3.45671e-05 1 0.00060657 -0.88962 0.0763001 -0.000607526 0.997085 78.4995 
0.997845 0.00340931 -0.0655235 -6.49555 -0.00338309 0.999994 0.000512232 -0.900755 0.0655249 -0.000289543 0.997851 79.0188 
0.998697 0.0087573 -0.0502801 -6.53022 -0.0087684 0.999961 1.34547e-06 -0.910173 0.0502783 0.000439447 0.998735 79.5224 
0.999387 0.0139081 -0.0321185 -6.55251 -0.0139082 0.999903 0.000224088 -0.912866 0.0321186 0.000222675 0.999484 80.0164 
0.999872 0.0123556 -0.0101171 -6.5452 -0.0123492 0.999923 0.000703545 -0.91668 0.0101251 -0.000578601 0.999948 80.4965 
0.999821 0.00916895 0.0165629 -6.52749 -0.00919854 0.999956 0.00170603 -0.925742 -0.0165465 -0.00185817 0.999861 80.9622 
0.998897 0.0080494 0.0462579 -6.49018 -0.00820456 0.999961 0.00316349 -0.931411 -0.0462305 -0.00353961 0.998924 81.4159 
0.996823 0.00787112 0.0792517 -6.43684 -0.00827118 0.999955 0.00471989 -0.940249 -0.0792108 -0.00536048 0.996843 81.8608 
0.993111 0.00768697 0.116924 -6.3681 -0.00835238 0.999952 0.00520123 -0.945672 -0.116879 -0.00614208 0.993127 82.293 
0.987318 0.0079598 0.158553 -6.27662 -0.00894631 0.999945 0.00550863 -0.956093 -0.1585 -0.00685731 0.987335 82.7117 
0.979027 0.00759279 0.20359 -6.16399 -0.00886637 0.999946 0.00534378 -0.958799 -0.203538 -0.00703688 0.979042 83.123 
0.967467 0.00977017 0.252806 -6.03771 -0.010972 0.999934 0.00334404 -0.969057 -0.252757 -0.0060091 0.967511 83.5176 
0.952073 0.0108884 0.305676 -5.88322 -0.0116288 0.999932 0.000601276 -0.979465 -0.305649 -0.00412718 0.952135 83.8945 
0.932291 0.0112337 0.361534 -5.70824 -0.0114293 0.999933 -0.00159778 -0.983042 -0.361528 -0.00264253 0.932358 84.2585 
0.908156 0.0115382 0.418472 -5.51216 -0.0112203 0.999932 -0.00322074 -0.993035 -0.418481 -0.0017705 0.908224 84.5952 
0.879093 0.0120541 0.476498 -5.29881 -0.0107799 0.999927 -0.0054078 -0.995939 -0.476529 -0.00038272 0.879159 84.9168 
0.845553 0.0105682 0.533787 -5.06539 -0.0077572 0.999942 -0.00750971 -1.00342 -0.533836 0.00220911 0.845585 85.2141 
0.808596 0.0100193 0.58828 -4.81469 -0.00647809 0.999946 -0.00812665 -1.01738 -0.588329 0.00276019 0.808617 85.4929 
0.768317 0.00891556 0.640008 -4.55266 -0.00550713 0.999958 -0.00731878 -1.02443 -0.640046 0.00209849 0.768334 85.7574 
0.724965 0.00866889 0.688731 -4.27268 -0.00718347 0.999961 -0.00502503 -1.03196 -0.688748 -0.00130455 0.725 86.0099 
0.678874 0.0079314 0.734212 -3.97931 -0.00636699 0.999968 -0.00491528 -1.03654 -0.734227 -0.00133791 0.678902 86.2413 
0.631608 0.00654569 0.77526 -3.67201 -0.00282695 0.999977 -0.00614003 -1.04317 -0.775282 0.00168644 0.631612 86.4448 
0.584082 0.00386756 0.811685 -3.35 0.0026245 0.999974 -0.00665343 -1.05441 -0.81169 0.00601639 0.584057 86.6261 
0.536709 0.00595383 0.843746 -3.02649 0.00111753 0.999969 -0.0077672 -1.06124 -0.843766 0.00511161 0.536686 86.7955 
0.48853 0.00904864 0.8725 -2.69925 -0.0026859 0.999957 -0.00886671 -1.06838 -0.872543 0.00198818 0.488534 86.9563 
0.44259 0.0110878 0.896655 -2.36479 -0.00354262 0.999937 -0.0106164 -1.08068 -0.896717 0.0015222 0.442602 87.0933 
0.399841 0.0086821 0.916543 -2.01435 0.00350843 0.999933 -0.0110027 -1.08587 -0.916578 0.00761493 0.399784 87.2066 
0.360047 0.00114701 0.932933 -1.65595 0.018437 0.999795 -0.00834472 -1.08921 -0.932752 0.020205 0.359952 87.2931 
0.324683 -0.00230238 0.94582 -1.29394 0.0227825 0.999726 -0.00538732 -1.09082 -0.945548 0.0232973 0.324647 87.3822 
0.29142 0.00185247 0.956593 -0.929868 0.0203938 0.999759 -0.00814899 -1.09594 -0.956378 0.0218833 0.291312 87.4766 
0.260011 0.00964716 0.965557 -0.568691 0.00962733 0.999874 -0.0125826 -1.11069 -0.965557 0.0125674 0.259886 87.5768 
0.231752 0.0138646 0.972676 -0.189341 0.00508948 0.999867 -0.0154649 -1.13029 -0.972761 0.00853444 0.231651 87.6593 
0.206062 0.0156599 0.978414 0.200973 0.00644917 0.999828 -0.017361 -1.14279 -0.978518 0.00988739 0.205926 87.7234 
0.182443 0.0170381 0.983069 0.604066 0.013675 0.999709 -0.0198645 -1.15455 -0.983121 0.0170676 0.182157 87.7765 
0.162347 0.0235265 0.986453 1.00989 0.0209223 0.999409 -0.027279 -1.15315 -0.986512 0.0250675 0.161759 87.8195 
0.142767 0.0303215 0.989292 1.43265 0.0231257 0.999155 -0.0339613 -1.15327 -0.989486 0.0277267 0.141945 87.8686 
0.124776 0.031093 0.991698 1.86759 0.019343 0.999243 -0.0337634 -1.17142 -0.991996 0.0233953 0.12408 87.9264 
0.109494 0.0264135 0.993636 2.28786 0.0176616 0.999437 -0.028514 -1.19859 -0.99383 0.0206713 0.108966 87.9644 
0.09476 0.023396 0.995225 2.76096 0.0189574 0.9995 -0.0253016 -1.21378 -0.99532 0.0212644 0.0942691 88.011 
0.0812993 0.0209347 0.99647 3.24566 0.0212109 0.999517 -0.0227294 -1.2303 -0.996464 0.0229839 0.080816 88.0501 
0.0696844 0.0201693 0.997365 3.73136 0.0251787 0.999441 -0.0219705 -1.24408 -0.997251 0.0266434 0.0691377 88.0745 
0.0596074 0.020849 0.998004 4.25224 0.0282496 0.999346 -0.0225643 -1.25907 -0.997822 0.0295382 0.0589795 88.0986 
0.0517422 0.021338 0.998432 4.78364 0.0304069 0.999274 -0.0229318 -1.27509 -0.998197 0.0315458 0.0510559 88.1259 
0.0462572 0.0218033 0.998692 5.33067 0.0320684 0.999214 -0.0233001 -1.2884 -0.998415 0.0331042 0.0455216 88.1483 
0.0407412 0.0228464 0.998908 5.89275 0.0336656 0.999139 -0.0242249 -1.30728 -0.998602 0.0346158 0.039937 88.1718 
0.0346694 0.0234932 0.999123 6.47428 0.0340746 0.999115 -0.0246755 -1.32276 -0.998818 0.0349002 0.0338382 88.1967 
0.0302937 0.023482 0.999265 7.07661 0.0363712 0.999036 -0.0245793 -1.34206 -0.998879 0.0370891 0.0294105 88.2144 
0.0274664 0.0233159 0.999351 7.69603 0.0381019 0.998977 -0.0243544 -1.3618 -0.998896 0.0387461 0.0265499 88.2327 
0.0243482 0.0229705 0.99944 8.33359 0.0387043 0.998965 -0.0239025 -1.3811 -0.998954 0.0392646 0.0234339 88.2541 
0.0218474 0.0222924 0.999513 8.98657 0.041204 0.998882 -0.0231791 -1.40504 -0.998912 0.0416903 0.0209044 88.2798 
0.0212137 0.0219599 0.999534 9.66631 0.0457041 0.998692 -0.0229115 -1.42387 -0.99873 0.0461689 0.0201823 88.295 
0.0223712 0.0216153 0.999516 10.3535 0.0492117 0.99853 -0.0226955 -1.44455 -0.998538 0.0496956 0.0212746 88.3114 
0.0248711 0.0216533 0.999456 11.0528 0.0508551 0.998443 -0.0228969 -1.46257 -0.998396 0.0513969 0.0237312 88.3336 
0.0285452 0.0215836 0.999359 11.7748 0.0532211 0.998316 -0.0230814 -1.48368 -0.998175 0.0538459 0.0273484 88.3659 
0.0330311 0.0213346 0.999227 12.5196 0.0536122 0.998295 -0.023087 -1.49964 -0.998015 0.0543334 0.0318309 88.3949 
0.0370395 0.0196422 0.999121 13.2774 0.0549661 0.998253 -0.0216629 -1.52178 -0.997801 0.0557202 0.0358952 88.4327 
0.0410604 0.0180659 0.998993 14.0428 0.0548878 0.998286 -0.0203092 -1.54462 -0.997648 0.0556665 0.0399984 88.4785 
0.0449605 0.0162988 0.998856 14.8264 0.0518956 0.998479 -0.0186286 -1.56127 -0.99764 0.0526738 0.0440463 88.5354 
0.0491177 0.0152524 0.998676 15.6279 0.0510998 0.998535 -0.0177635 -1.58142 -0.997485 0.0519047 0.0482664 88.5882 
0.0533179 0.016192 0.998446 16.4334 0.0481713 0.998663 -0.018768 -1.60458 -0.997415 0.0490971 0.0524666 88.6443 
0.0564086 0.0201417 0.998204 17.2382 0.0464838 0.998659 -0.0227778 -1.63257 -0.997325 0.0476852 0.0553967 88.7066 
0.0579156 0.0256001 0.997993 18.0442 0.0407595 0.998777 -0.0279857 -1.65687 -0.997489 0.0422985 0.0568014 88.7715 
0.057541 0.0288538 0.997926 18.8653 0.0382144 0.998786 -0.0310822 -1.68474 -0.997611 0.0399237 0.0563685 88.8366 
0.0574036 0.0284882 0.997944 19.6807 0.0355617 0.9989 -0.0305611 -1.7165 -0.997717 0.0372429 0.0563273 88.9038 
0.0576343 0.0267023 0.997981 20.5031 0.0332678 0.999036 -0.0286519 -1.75319 -0.997783 0.034852 0.0566904 88.9646 
0.0573657 0.0256119 0.998025 21.3257 0.0342065 0.999033 -0.027604 -1.78294 -0.997767 0.0357225 0.0564342 89.0251 
0.0577187 0.0252015 0.998015 22.1447 0.0313952 0.999141 -0.0270457 -1.81602 -0.997839 0.0328939 0.0568779 89.0878 
0.0581268 0.0252778 0.997989 22.9681 0.0297684 0.999191 -0.0270421 -1.85356 -0.997865 0.0312804 0.0573272 89.1481 
0.0579984 0.0259542 0.997979 23.7846 0.0269511 0.999257 -0.0275538 -1.88593 -0.997953 0.0284947 0.0572558 89.2141 
0.0566764 0.0273183 0.998019 24.5992 0.0242147 0.999294 -0.0287285 -1.92108 -0.998099 0.0257949 0.0559749 89.2772 
0.0544614 0.0269292 0.998153 25.4225 0.021621 0.99937 -0.0281418 -1.95522 -0.998282 0.0231137 0.0538449 89.3292 
0.0508109 0.0255421 0.998382 26.2359 0.0189113 0.999469 -0.0265325 -1.9892 -0.998529 0.0202288 0.0503009 89.3808 
0.0462149 0.0230362 0.998666 27.0544 0.0174438 0.999563 -0.0238642 -2.02229 -0.998779 0.0185234 0.0457928 89.4273 
0.0398981 0.0211916 0.998979 27.8667 0.0152302 0.999646 -0.0218141 -2.05159 -0.999088 0.0160849 0.0395612 89.4692 
0.0326292 0.0215178 0.999236 28.6768 0.014924 0.999646 -0.022014 -2.07994 -0.999356 0.0156309 0.0322965 89.5053 
0.0238239 0.0226016 0.999461 29.4789 0.0146478 0.999629 -0.0229547 -2.10453 -0.999609 0.0151868 0.023484 89.537 
0.0139593 0.0231885 0.999634 30.2844 0.0152323 0.99961 -0.0234008 -2.13086 -0.999786 0.0155534 0.0136006 89.5538 
0.00385133 0.022508 0.999739 31.0861 0.0169337 0.999602 -0.0225702 -2.15789 -0.999849 0.0170162 0.00346865 89.5611 
-0.0067619 0.0213744 0.999749 31.8701 0.0159064 0.999647 -0.0212647 -2.19023 -0.999851 0.0157587 -0.0070995 89.5615 
-0.0177897 0.0206304 0.999629 32.6545 0.0170888 0.999647 -0.0203267 -2.21648 -0.999696 0.0167209 -0.0181359 89.5511 
-0.0286696 0.020925 0.99937 33.4395 0.0174525 0.999639 -0.0204301 -2.24609 -0.999436 0.0168557 -0.0290245 89.5316 
-0.0398462 0.0216747 0.998971 34.2179 0.0179957 0.999618 -0.020971 -2.27136 -0.999044 0.0171416 -0.040221 89.5076 
-0.0503706 0.0226428 0.998474 34.9871 0.017418 0.999611 -0.02179 -2.30198 -0.998579 0.0162938 -0.0507454 89.4758 
-0.0605758 0.0239044 0.997877 35.7593 0.0186851 0.999565 -0.0228106 -2.32589 -0.997989 0.0172636 -0.0609961 89.4292 
-0.0698946 0.0245375 0.997252 36.5232 0.0192171 0.999545 -0.0232471 -2.3558 -0.997369 0.0175395 -0.0703343 89.3782 
-0.0794843 0.0248644 0.996526 37.2738 0.0195189 0.999536 -0.0233828 -2.38515 -0.996645 0.0175926 -0.0799327 89.3248 
-0.0887517 0.0252165 0.995734 38.0139 0.0200433 0.999522 -0.023526 -2.41204 -0.995852 0.0178698 -0.0892147 89.265 
-0.0975737 0.0246845 0.994922 38.7478 0.0211724 0.999518 -0.0227222 -2.43759 -0.995003 0.0188478 -0.0980493 89.2011 
-0.10494 0.0236831 0.994196 39.4712 0.0227317 0.999512 -0.0214104 -2.46352 -0.994219 0.020353 -0.105427 89.127 
-0.110151 0.0220463 0.99367 40.1925 0.0256421 0.999484 -0.0193329 -2.49019 -0.993584 0.0233502 -0.110659 89.0482 
-0.113934 0.0200636 0.993286 40.9018 0.0283541 0.999454 -0.0169359 -2.5215 -0.993083 0.0262341 -0.114441 88.9725 
-0.116172 0.0194705 0.993038 41.6023 0.0298791 0.999424 -0.0161003 -2.53725 -0.992779 0.0278007 -0.116687 88.8865 
-0.117968 0.018592 0.992843 42.2944 0.0300431 0.999434 -0.0151458 -2.5597 -0.992563 0.0280414 -0.118459 88.8104 
-0.118767 0.0190375 0.99274 42.9704 0.0306515 0.99941 -0.0154984 -2.58358 -0.992449 0.0285883 -0.119281 88.7366 
-0.117973 0.0200272 0.992815 43.6278 0.0315608 0.999367 -0.0164091 -2.60535 -0.992515 0.0293982 -0.118531 88.6691 
-0.115211 0.0216441 0.993105 44.2882 0.0329225 0.999296 -0.0179597 -2.62788 -0.992795 0.0306263 -0.115843 88.6127 
-0.110188 0.0222228 0.993662 44.9125 0.0327653 0.999288 -0.0187153 -2.65048 -0.99337 0.0304954 -0.110838 88.5553 
-0.102043 0.0226297 0.994522 45.514 0.0317661 0.999305 -0.0194793 -2.67789 -0.994273 0.0296043 -0.102691 88.5035 
-0.0909844 0.0227224 0.995593 46.1028 0.0305824 0.999332 -0.0200129 -2.69871 -0.995383 0.0286268 -0.0916185 88.4637 
-0.0770875 0.0229271 0.996761 46.6661 0.0297993 0.999342 -0.020682 -2.72044 -0.996579 0.0281084 -0.07772 88.429 
-0.0598084 0.0239919 0.997921 47.2113 0.0288883 0.999334 -0.0222946 -2.74974 -0.997792 0.0274948 -0.0604617 88.4135 
-0.0385581 0.0264585 0.998906 47.7504 0.0272383 0.999306 -0.0254177 -2.77581 -0.998885 0.0262285 -0.039252 88.4102 
-0.0137156 0.0295456 0.999469 48.2791 0.024973 0.999262 -0.0291969 -2.79771 -0.999594 0.0245593 -0.0144433 88.4237 
0.0149723 0.031276 0.999399 48.8068 0.0233433 0.999227 -0.0316204 -2.81943 -0.999615 0.0238026 0.0142306 88.4512 
0.0483915 0.0308511 0.998352 49.3368 0.0213758 0.999262 -0.0319154 -2.84061 -0.9986 0.022885 0.0476963 88.4983 
0.0868094 0.0283463 0.995821 49.8611 0.0203562 0.999336 -0.0302209 -2.86302 -0.996017 0.0228946 0.0861747 88.5674 
0.129498 0.0243153 0.991281 50.3666 0.0176588 0.999484 -0.0268235 -2.89195 -0.991422 0.0209785 0.129002 88.6554 
0.175713 0.0201405 0.984235 50.8742 0.0156694 0.999607 -0.0232525 -2.90887 -0.984317 0.0195081 0.175328 88.7628 
0.225138 0.0170207 0.974178 51.3749 0.0113761 0.999733 -0.0200964 -2.92866 -0.97426 0.0156068 0.224884 88.9022 
0.277709 0.0154715 0.960541 51.8522 0.0078098 0.999801 -0.0183619 -2.9453 -0.960633 0.0126009 0.277533 89.0638 
0.33394 0.0151488 0.942472 52.3218 0.00734755 0.999799 -0.0186738 -2.95948 -0.942566 0.0131608 0.333762 89.2501 
0.393445 0.015309 0.919221 52.7733 0.00925774 0.999745 -0.0206127 -2.9804 -0.919302 0.0166198 0.393203 89.4592 
0.453957 0.0187078 0.890827 53.1986 0.00973822 0.999616 -0.0259551 -2.99886 -0.89097 0.0204575 0.453601 89.7064 
0.513383 0.0216703 0.857886 53.5957 0.0109889 0.999433 -0.031822 -3.01754 -0.858089 0.0257641 0.512854 89.9873 
0.571401 0.0259607 0.82026 53.9637 0.00670237 0.999318 -0.0362969 -3.03069 -0.820643 0.0262378 0.570838 90.3004 
0.627386 0.0288522 0.778174 54.3226 0.00253649 0.999232 -0.0390935 -3.04587 -0.778704 0.0265005 0.626831 90.6423 
0.679787 0.0301394 0.73279 54.6372 0.000414087 0.999139 -0.0414785 -3.05976 -0.73341 0.0284999 0.679189 90.9955 
0.728419 0.0281398 0.684553 54.9212 -0.000327314 0.99917 -0.0407246 -3.08061 -0.685131 0.0294405 0.727824 91.3609 
0.773339 0.0248285 0.633507 55.1766 -0.0028868 0.99936 -0.0356432 -3.10137 -0.633986 0.0257354 0.772916 91.7423 
0.814304 0.0201529 0.580089 55.4104 -0.00426116 0.999578 -0.028745 -3.12122 -0.580423 0.0209352 0.814046 92.152 
0.850537 0.0178281 0.525614 55.6164 -0.00697383 0.99972 -0.0226245 -3.13485 -0.525869 0.0155773 0.850422 92.5756 
0.881423 0.0144441 0.472107 55.7957 -0.00799854 0.999845 -0.0156571 -3.14773 -0.47226 0.0100243 0.881402 93.0093 
0.906746 0.0155249 0.421392 55.9455 -0.0122718 0.99987 -0.0104311 -3.16302 -0.421499 0.00428705 0.906819 93.4492 
0.926569 0.0178509 0.3757 56.079 -0.0164038 0.999841 -0.00705058 -3.17799 -0.375766 0.000369871 0.926715 93.8993 
0.941637 0.0239317 0.335779 56.194 -0.023764 0.999707 -0.00460939 -3.18626 -0.335791 -0.00363913 0.941929 94.3594 
0.953412 0.0281231 0.300356 56.3049 -0.0277094 0.9996 -0.00563814 -3.19098 -0.300394 -0.00294728 0.95381 94.8211 
0.962524 0.0302951 0.2695 56.4086 -0.0298944 0.999537 -0.00559229 -3.1958 -0.269544 -0.00267388 0.962984 95.2887 
0.968593 0.0245647 0.247434 56.5179 -0.0240077 0.999698 -0.00526872 -3.20324 -0.247489 -0.00083716 0.96889 95.7688 
0.972557 0.0219733 0.231625 56.6226 -0.0215626 0.999758 -0.00430553 -3.22089 -0.231663 -0.000807121 0.972796 96.2233 
0.97537 0.0262587 0.219005 56.7129 -0.025788 0.999655 -0.00500826 -3.22483 -0.219061 -0.000762876 0.975711 96.7151 
0.977342 0.0314083 0.209322 56.7994 -0.0311609 0.999504 -0.00448111 -3.22719 -0.209359 -0.00214317 0.977836 97.2267 
0.978325 0.0393855 0.203293 56.8837 -0.0390221 0.999221 -0.00579766 -3.23252 -0.203363 -0.00226099 0.979101 97.7463 
0.978676 0.0446427 0.2005 56.9666 -0.0435986 0.999003 -0.00962263 -3.23767 -0.200729 0.000675861 0.979646 98.273 
0.978753 0.0461854 0.199771 57.0656 -0.0447031 0.998929 -0.0119272 -3.25427 -0.200108 0.00274332 0.97977 98.8044 
0.978384 0.0445417 0.201941 57.1799 -0.0422913 0.998986 -0.0154478 -3.26598 -0.202425 0.00657343 0.979276 99.3375 
0.977659 0.0429666 0.205759 57.2946 -0.0392731 0.998986 -0.0220035 -3.27331 -0.206496 0.0134311 0.978355 99.883 
0.976825 0.0432647 0.209619 57.4149 -0.0385034 0.9989 -0.0267445 -3.28233 -0.210546 0.0180536 0.977417 100.444 
0.97564 0.0480561 0.214048 57.527 -0.0433703 0.998706 -0.0265372 -3.29752 -0.215046 0.0166074 0.976463 101.024 
0.974242 0.0510253 0.219657 57.6452 -0.0471712 0.998627 -0.0227589 -3.31008 -0.220517 0.0118111 0.975312 101.622 
0.973346 0.0479426 0.224273 57.7828 -0.0450635 0.998823 -0.0179419 -3.3305 -0.224869 0.00735706 0.974361 102.226 
0.972667 0.0435591 0.228081 57.9255 -0.0418297 0.999048 -0.0124135 -3.34546 -0.228404 0.00253359 0.973563 102.844 
0.971903 0.0409771 0.231788 58.0698 -0.040205 0.999159 -0.00805615 -3.3566 -0.231923 -0.0014893 0.972733 103.475 
0.971338 0.0365623 0.234873 58.2189 -0.0358402 0.99933 -0.00734453 -3.36873 -0.234984 -0.00128393 0.971998 104.113 
0.971468 0.0326029 0.234921 58.3749 -0.0310275 0.999464 -0.0104008 -3.38209 -0.235134 0.00281499 0.971959 104.758 
0.971611 0.0317051 0.234451 58.5269 -0.0284292 0.999445 -0.0173403 -3.39773 -0.234871 0.0101827 0.971973 105.406 
0.971723 0.0339315 0.233673 58.6741 -0.0291051 0.999286 -0.0240733 -3.41191 -0.234323 0.0165915 0.972017 106.07 
0.972301 0.0368265 0.230814 58.8217 -0.0312141 0.999123 -0.027922 -3.42425 -0.23164 0.0199439 0.972597 106.749 
0.972853 0.0348086 0.22879 58.9604 -0.0302308 0.999267 -0.0234849 -3.44817 -0.22944 0.0159308 0.973192 107.457 
0.973332 0.0306622 0.22734 59.1241 -0.0277722 0.999488 -0.0159015 -3.4692 -0.227711 0.00916368 0.973685 108.173 
0.973861 0.0308354 0.225042 59.2754 -0.0293112 0.999519 -0.0101119 -3.49108 -0.225246 0.00325123 0.974296 108.902 
0.974188 0.0344058 0.2231 59.4258 -0.0328387 0.999403 -0.010732 -3.50983 -0.223336 0.00312859 0.974736 109.629 
0.974535 0.0398195 0.22067 59.5785 -0.0373231 0.999183 -0.0154726 -3.52304 -0.221106 0.0068424 0.975226 110.373 
0.97546 0.0402604 0.216466 59.7329 -0.0366285 0.999113 -0.0207663 -3.53761 -0.21711 0.0123278 0.976069 111.115 
0.976388 0.0390023 0.212475 59.8902 -0.0347437 0.999114 -0.0237417 -3.55597 -0.213213 0.0157989 0.976878 111.88 
0.97733 0.0366302 0.208528 60.0488 -0.0327224 0.999219 -0.0221608 -3.57886 -0.209177 0.0148348 0.977765 112.652 
0.97824 0.0325426 0.204907 60.2088 -0.0290184 0.999375 -0.020182 -3.60103 -0.205436 0.0137967 0.978573 113.44 
0.978681 0.0316332 0.202936 60.3657 -0.0287106 0.999437 -0.0173302 -3.62495 -0.20337 0.0111343 0.979039 114.232 
0.97908 0.028244 0.201504 60.5255 -0.025734 0.999555 -0.015066 -3.64262 -0.20184 0.00956521 0.979372 115.042 
0.979245 0.0229884 0.20137 60.6841 -0.0206552 0.999693 -0.0136808 -3.66621 -0.201623 0.00923741 0.97942 115.859 
0.979345 0.02333 0.200848 60.8315 -0.0213096 0.999698 -0.0122163 -3.68196 -0.201072 0.00768391 0.979546 116.673 
0.979135 0.0290331 0.201128 60.9821 -0.0267966 0.999545 -0.0138343 -3.7096 -0.201438 0.00815599 0.979467 117.487 
0.978822 0.0347484 0.201741 61.1278 -0.0319326 0.999342 -0.017197 -3.73032 -0.202206 0.0103906 0.979288 118.304 
0.978269 0.0437347 0.202676 61.2766 -0.0407492 0.998991 -0.0188823 -3.75065 -0.203297 0.010213 0.979064 119.14 
0.977422 0.0496622 0.205377 61.4333 -0.0469317 0.998733 -0.0181484 -3.7761 -0.206018 0.00809987 0.978515 119.977 
0.976645 0.0524037 0.208372 61.5903 -0.0501198 0.998611 -0.0162295 -3.80058 -0.208933 0.00540683 0.977915 120.821 
0.976049 0.0530275 0.210987 61.7576 -0.0505791 0.998575 -0.0169886 -3.82493 -0.211587 0.00591011 0.977341 121.666 
0.975759 0.0513166 0.212744 61.928 -0.0482294 0.998642 -0.0196796 -3.84572 -0.213465 0.00894201 0.97691 122.515 
0.975788 0.0451819 0.214002 62.1122 -0.0422044 0.998938 -0.0184647 -3.87053 -0.214609 0.00898578 0.976659 123.357 
0.976059 0.0385403 0.214064 62.295 -0.0351426 0.999189 -0.0196572 -3.89953 -0.214648 0.0116638 0.976622 124.197 
0.975848 0.0376247 0.215187 62.4738 -0.0341662 0.999221 -0.019771 -3.92942 -0.215763 0.0119413 0.976373 125.039 
0.9753 0.0404218 0.217155 62.6449 -0.0376524 0.999148 -0.0168778 -3.95352 -0.217652 0.00828447 0.975991 125.889 
0.974948 0.0422704 0.218378 62.8168 -0.0407968 0.999104 -0.0112551 -3.9781 -0.218658 0.00206396 0.975799 126.716 
0.974609 0.0456386 0.219214 62.9871 -0.0452132 0.998953 -0.00695972 -4.00201 -0.219302 -0.00312844 0.975652 127.557 
0.974366 0.0452666 0.220366 63.1589 -0.0433413 0.998968 -0.0135668 -4.02583 -0.220753 0.00366797 0.975323 128.385 
0.974648 0.0408588 0.21998 63.3392 -0.0356336 0.998982 -0.0276708 -4.05282 -0.220886 0.0191305 0.975112 129.196 
0.974919 0.0384159 0.219221 63.5206 -0.031123 0.998844 -0.0366262 -4.08354 -0.220374 0.0288847 0.974988 130.003 
0.975194 0.0351042 0.21855 63.692 -0.0297194 0.999169 -0.0278789 -4.10589 -0.219347 0.0206921 0.975427 130.839 
0.975597 0.0286526 0.217693 63.8697 -0.0277854 0.999589 -0.00704441 -4.1337 -0.217805 0.000823754 0.975992 131.687 
0.975943 0.02516 0.216567 64.0494 -0.0276298 0.999583 0.0083832 -4.16476 -0.216265 -0.0141653 0.976232 132.528 
0.975928 0.0297666 0.216054 64.2106 -0.031053 0.999514 0.0025607 -4.18008 -0.215872 -0.00920824 0.976378 133.345 
0.976139 0.0379716 0.213803 64.3676 -0.0359185 0.999264 -0.0134812 -4.19166 -0.214157 0.00547998 0.976784 134.153 
0.976395 0.038108 0.212604 64.5303 -0.0343528 0.999182 -0.0213309 -4.20675 -0.213243 0.0135238 0.976905 134.966 
0.97703 0.0341103 0.210352 64.7033 -0.0301413 0.999302 -0.022047 -4.23516 -0.210958 0.0152003 0.977377 135.772 
0.977667 0.0336788 0.207445 64.8654 -0.0300914 0.999338 -0.020426 -4.26878 -0.207996 0.0137274 0.978033 136.598 
0.978399 0.0331876 0.204041 65.0186 -0.0294107 0.999336 -0.0215162 -4.29827 -0.20462 0.0150503 0.978726 137.413 
0.979438 0.0341511 0.198834 65.1723 -0.0301467 0.999278 -0.0231335 -4.32277 -0.19948 0.0166636 0.97976 138.218 
0.979878 0.038758 0.195799 65.3185 -0.0348662 0.999121 -0.023286 -4.35557 -0.196529 0.0159906 0.980367 139.038 
0.980054 0.0448205 0.193609 65.4557 -0.0410037 0.998878 -0.0236788 -4.38212 -0.194454 0.0152677 0.980793 139.845 
0.980384 0.0460696 0.191636 65.5972 -0.0427331 0.998855 -0.02151 -4.41475 -0.192407 0.0128988 0.98123 140.649 
0.980731 0.0436574 0.19042 65.7402 -0.0412416 0.999011 -0.0166334 -4.44207 -0.190958 0.00845962 0.981562 141.447 
0.981137 0.0420316 0.188687 65.8846 -0.0396164 0.999078 -0.0165555 -4.46866 -0.189209 0.00876804 0.981898 142.253 
0.981656 0.0406743 0.186269 66.0239 -0.0376696 0.999097 -0.0196438 -4.49523 -0.1869 0.0122667 0.982302 143.052 
0.982779 0.0358746 0.181266 66.1669 -0.0322034 0.999213 -0.0231573 -4.52396 -0.181954 0.016921 0.983161 143.84 
0.984093 0.0328319 0.174593 66.3051 -0.0290593 0.999287 -0.0241219 -4.55 -0.17526 0.0186645 0.984345 144.634 
0.985263 0.0308783 0.168233 66.4265 -0.028117 0.999428 -0.0187723 -4.57422 -0.168716 0.0137654 0.985568 145.431 
0.986344 0.0279407 0.16231 66.5409 -0.0266282 0.999593 -0.0102576 -4.59633 -0.16253 0.0057954 0.986686 146.243 
0.986972 0.025059 0.158927 66.6574 -0.0252257 0.999681 -0.000969036 -4.614 -0.158901 -0.00305272 0.98729 147.051 
0.987425 0.0317785 0.154858 66.7532 -0.0324067 0.999474 0.00153246 -4.62757 -0.154728 -0.0065317 0.987935 147.854 
0.988066 0.0344662 0.150122 66.8557 -0.034378 0.999404 -0.00318387 -4.64128 -0.150142 -0.00201509 0.988662 148.658 
0.989221 0.0348539 0.142218 66.9608 -0.0332847 0.999356 -0.0133992 -4.65513 -0.142594 0.00852104 0.989745 149.451 
0.990209 0.0315995 0.135971 67.0567 -0.0293031 0.999393 -0.0188585 -4.6665 -0.136485 0.0146894 0.990533 150.254 
0.991169 0.0305337 0.129038 67.1503 -0.0284408 0.999433 -0.018032 -4.68102 -0.129515 0.0142028 0.991476 151.065 
0.991925 0.0371497 0.121262 67.2302 -0.035643 0.999258 -0.0145726 -4.70557 -0.121714 0.0101327 0.992513 151.879 
0.99262 0.0425769 0.113549 67.2943 -0.0410154 0.999029 -0.0160543 -4.72843 -0.114122 0.0112785 0.993403 152.689 
0.993622 0.0451396 0.103332 67.3608 -0.0430782 0.998827 -0.022096 -4.74654 -0.104208 0.0175036 0.994401 153.496 
0.994553 0.0437525 0.0945992 67.4287 -0.0416292 0.998837 -0.0243051 -4.76868 -0.0955525 0.0202346 0.995219 154.312 
0.995271 0.0438105 0.0867012 67.4837 -0.0420657 0.998876 -0.0218521 -4.78953 -0.087561 0.0181016 0.995995 155.131 
0.995803 0.0464843 0.0788352 67.5283 -0.0454726 0.998859 -0.0145814 -4.81714 -0.079423 0.0109353 0.996781 155.955 
0.996284 0.0494846 0.070491 67.5668 -0.0489962 0.998761 -0.00864381 -4.83982 -0.0708314 0.00515782 0.997475 156.779 
0.99684 0.0484761 0.0629244 67.6045 -0.0482415 0.998822 -0.00524411 -4.85614 -0.0631044 0.00219189 0.998004 157.603 
0.997185 0.0492487 0.0565419 67.6359 -0.0491463 0.998786 -0.00320207 -4.86803 -0.0566309 0.000414146 0.998395 158.431 
0.997468 0.0481771 0.0523039 67.6675 -0.0479816 0.998836 -0.00498786 -4.88512 -0.0524833 0.00246553 0.998619 159.252 
0.997465 0.0528811 0.0476196 67.6884 -0.0524376 0.998569 -0.0105179 -4.9014 -0.0481076 0.00799414 0.99881 160.068 
0.997321 0.0587325 0.043604 67.7044 -0.0580318 0.998167 -0.0171667 -4.92012 -0.0445322 0.0145903 0.998901 160.88 
0.997391 0.0598204 0.0404029 67.7217 -0.0590702 0.998063 -0.0195168 -4.93641 -0.0414921 0.0170792 0.998993 161.701 
0.997379 0.0620023 0.0372942 67.7398 -0.0615391 0.998014 -0.0134461 -4.95629 -0.0380538 0.0111157 0.999214 162.53 
0.997293 0.06437 0.0355338 67.7473 -0.064297 0.997926 -0.0031976 -4.97134 -0.0356658 0.00090415 0.999363 163.367 
0.997351 0.0651806 0.032278 67.7604 -0.0653573 0.997852 0.00444852 -4.99022 -0.0319187 -0.00654643 0.999469 164.196 
0.997731 0.0616972 0.0269609 67.7728 -0.0617526 0.998091 0.00122396 -5.00255 -0.0268338 -0.00288617 0.999636 165.018 
0.998555 0.0494727 0.0209671 67.7946 -0.0493064 0.998748 -0.00838058 -5.01481 -0.0213553 0.00733459 0.999745 165.825 
0.998816 0.0468092 0.013244 67.8062 -0.0466332 0.998823 -0.0133066 -5.01889 -0.0138512 0.0126732 0.999824 166.647 
0.998698 0.0505955 0.00644553 67.7922 -0.0505156 0.998651 -0.0120163 -5.03428 -0.00704472 0.011675 0.999907 167.484 
0.998816 0.0486283 -0.000906686 67.7774 -0.0486328 0.9988 -0.00573439 -5.05346 0.000626831 0.00577162 0.999983 168.321 
0.999035 0.0431092 -0.00843773 67.7638 -0.0431298 0.999067 -0.00225762 -5.06216 0.00833262 0.00261928 0.999962 169.159 
0.999305 0.03441 -0.0143279 67.7493 -0.0343866 0.999407 0.00188178 -5.06854 0.0143842 -0.00138787 0.999895 170.002 
0.999334 0.0300497 -0.0207085 67.724 -0.0300163 0.999547 0.00192484 -5.07968 0.020757 -0.00130205 0.999784 170.839 
0.99928 0.0266629 -0.0269863 67.6856 -0.0268074 0.999628 -0.00500537 -5.09355 0.0268429 0.00572512 0.999623 171.673 
0.999252 0.0173767 -0.0345355 67.6525 -0.0179045 0.999727 -0.0150321 -5.10685 0.0342649 0.0156391 0.99929 172.498 
0.99913 0.00716876 -0.0410871 67.6219 -0.00795977 0.999785 -0.0191189 -5.11914 0.0409413 0.0194292 0.998973 173.339 
0.998817 0.0107613 -0.0474096 67.5669 -0.0113396 0.999864 -0.0119445 -5.13349 0.0472747 0.0124679 0.998804 174.177 
0.998373 0.02142 -0.0528395 67.5017 -0.0213814 0.99977 0.00129634 -5.15039 0.0528552 -0.000164534 0.998602 175.02 
0.997994 0.0263066 -0.0575883 67.4328 -0.0258213 0.999625 0.00915604 -5.16548 0.0578076 -0.00765075 0.998298 175.872 
0.997782 0.026477 -0.0610772 67.3626 -0.0261609 0.99964 0.00597109 -5.1724 0.0612133 -0.00436009 0.998115 176.709 
0.997607 0.0273616 -0.0634924 67.2993 -0.0277332 0.999603 -0.00497826 -5.17855 0.0633311 0.00672711 0.99797 177.541 
0.99707 0.0381581 -0.0662889 67.2123 -0.0391871 0.99913 -0.0142902 -5.18944 0.065686 0.0168459 0.997698 178.374 
0.99697 0.0362564 -0.0688175 67.1442 -0.0375694 0.999134 -0.0178798 -5.20672 0.0681098 0.0204109 0.997469 179.213 
0.996962 0.030942 -0.0714774 67.0886 -0.0319363 0.999408 -0.0128091 -5.22776 0.0710388 0.0150528 0.99736 180.068 
0.997063 0.0312581 -0.0699177 66.9961 -0.0315967 0.999494 -0.0037409 -5.24571 0.0697655 0.005939 0.997546 180.934 
0.997025 0.0334146 -0.0694575 66.9155 -0.0333552 0.999441 0.0020156 -5.26573 0.0694862 0.000307079 0.997583 181.786 
0.996935 0.033685 -0.070604 66.8321 -0.0336763 0.999432 0.00131451 -5.28086 0.0706083 0.00106712 0.997503 182.644 
0.996837 0.0296118 -0.0737449 66.7737 -0.0302598 0.999512 -0.00768391 -5.29781 0.0734815 0.00989103 0.997247 183.486 
0.996918 0.0190665 -0.0761017 66.7115 -0.0205694 0.999608 -0.0190128 -5.31556 0.0757094 0.0205195 0.996919 184.335 
0.996913 0.00858912 -0.0780469 66.6472 -0.0104067 0.999683 -0.0229109 -5.33713 0.0778254 0.0236523 0.996686 185.188 
0.996804 0.0110554 -0.0791218 66.5677 -0.0125746 0.999745 -0.0187267 -5.35449 0.0788947 0.0196616 0.996689 186.043 
0.99664 0.0167889 -0.0801652 66.4786 -0.017486 0.999815 -0.00800068 -5.37883 0.0800162 0.00937548 0.996749 186.902 
0.996465 0.0178546 -0.0820917 66.4001 -0.018261 0.999824 -0.00420176 -5.40463 0.0820024 0.0056859 0.996616 187.75 
0.996421 0.0165247 -0.082903 66.3193 -0.0172716 0.999816 -0.00829918 -5.41822 0.0827507 0.00970125 0.996523 188.598 
0.996424 0.0162986 -0.0829022 66.2409 -0.0175568 0.999741 -0.0144701 -5.43257 0.082645 0.0158737 0.996453 189.433 
0.996265 0.0229741 -0.0832378 66.1497 -0.0243058 0.999592 -0.0150205 -5.45145 0.0828588 0.0169874 0.996416 190.265 
0.996159 0.0261012 -0.0835822 66.0623 -0.0271878 0.99956 -0.0118882 -5.4743 0.0832352 0.0141149 0.99643 191.104 
0.995982 0.0301886 -0.0843088 65.976 -0.0310451 0.999479 -0.00886613 -5.49606 0.0839973 0.0114478 0.9964 191.938 
0.995846 0.0338295 -0.0845402 65.8937 -0.0344534 0.999389 -0.00593145 -5.5155 0.084288 0.00881942 0.996402 192.764 
