1 -4.23778e-08 4.22719e-08 0 -4.23778e-08 1 -4.19404e-08 0 4.22719e-08 -4.19404e-08 1 0 
0.999072 -0.000713821 0.0430688 0.0656114 0.000815143 0.999997 -0.00233704 -0.0338123 -0.0430669 0.00236989 0.999069 1.04827 
0.996071 -0.00556323 0.0883857 0.139801 0.00623672 0.999953 -0.0073465 -0.0526749 -0.0883407 0.00786879 0.996059 2.08311 
0.991098 -0.00500191 0.13304 0.293493 0.00651695 0.999919 -0.0109555 -0.0826412 -0.132974 0.0117249 0.99105 3.14356 
0.98389 -0.00222622 0.178763 0.480651 0.00464131 0.999903 -0.0130935 -0.104917 -0.178716 0.0137122 0.983805 4.17763 
0.974656 -0.0049956 0.223651 0.802192 0.00805698 0.999886 -0.0127781 -0.161224 -0.223562 0.0142562 0.974585 5.26667 
0.963116 -0.0057894 0.269024 1.06547 0.00993023 0.999852 -0.0140341 -0.190638 -0.268903 0.0161879 0.963031 6.27245 
0.949918 -0.00901173 0.312368 1.38629 0.0149672 0.999749 -0.0166736 -0.222854 -0.312139 0.0205137 0.949815 7.2288 
0.93499 -0.0112514 0.354497 1.7497 0.0189963 0.999651 -0.0183751 -0.255308 -0.354166 0.0239146 0.934877 8.16705 
0.917975 -0.0109999 0.396486 2.16772 0.0201076 0.999621 -0.0188221 -0.306753 -0.396128 0.0252505 0.917848 9.08097 
0.89853 -0.0116443 0.438757 2.62781 0.02159 0.99961 -0.0176853 -0.336602 -0.43838 0.0253635 0.898432 10.0542 
0.87686 -0.0112426 0.480614 3.09459 0.0217053 0.999633 -0.016217 -0.382962 -0.480256 0.0246518 0.876782 10.9192 
0.852864 -0.0112129 0.522013 3.62364 0.0224728 0.999631 -0.0152439 -0.404134 -0.52165 0.024732 0.852801 11.8311 
0.827201 -0.0114334 0.56179 4.16783 0.0238928 0.999604 -0.0148372 -0.435743 -0.561398 0.0256961 0.827147 12.674 
0.800364 -0.0133869 0.599364 4.84461 0.0274811 0.999519 -0.0143728 -0.461197 -0.598884 0.0279746 0.800347 13.5041 
0.771531 -0.0119897 0.636078 5.4628 0.0279194 0.999497 -0.0150251 -0.487985 -0.635578 0.0293512 0.771478 14.2997 
0.740924 -0.0151665 0.671418 6.14218 0.032587 0.999379 -0.0133859 -0.516449 -0.670798 0.0317974 0.740958 15.0789 
0.708794 -0.0142898 0.70527 6.84558 0.0326788 0.999386 -0.0125931 -0.546269 -0.704658 0.0319733 0.708827 15.8054 
0.674675 -0.0129186 0.738002 7.58411 0.0338462 0.999336 -0.0134489 -0.571466 -0.737338 0.0340522 0.674665 16.503 
0.639579 -0.0144475 0.768589 8.35988 0.0382718 0.999182 -0.0130658 -0.607117 -0.767772 0.0377719 0.639609 17.1048 
0.602798 -0.01253 0.797795 9.14465 0.0380936 0.999188 -0.0130898 -0.633479 -0.796984 0.0382814 0.602786 17.7252 
0.56477 -0.0114177 0.825169 9.96076 0.0408411 0.999066 -0.014129 -0.661987 -0.824237 0.0416804 0.564709 18.3056 
0.525655 -0.00989677 0.85064 10.8377 0.0457275 0.998815 -0.0166368 -0.68052 -0.849468 0.0476429 0.525485 18.8742 
0.486658 -0.00865326 0.87355 11.7769 0.0472427 0.998748 -0.0164257 -0.693064 -0.872314 0.0492625 0.486458 19.418 
0.44827 -0.0104535 0.893837 12.7477 0.0520966 0.998537 -0.0144492 -0.723933 -0.892379 0.053043 0.448159 19.9024 
0.411366 -0.0113568 0.9114 13.6719 0.0559907 0.998349 -0.0128316 -0.750936 -0.909749 0.0563084 0.411322 20.3142 
0.376951 -0.00914441 0.926188 14.6631 0.0577727 0.998236 -0.0136574 -0.759563 -0.92443 0.0586565 0.376815 20.6741 
0.34419 -0.00987034 0.938848 15.6537 0.0588542 0.998205 -0.0110822 -0.772202 -0.937054 0.0590695 0.344153 21.0273 
0.31095 -0.0116165 0.950355 16.6272 0.0607441 0.998124 -0.00767473 -0.797578 -0.948483 0.0601149 0.311072 21.3396 
0.27824 -0.0118169 0.960439 17.6829 0.0619108 0.998066 -0.00565589 -0.818236 -0.958514 0.0610352 0.278433 21.6569 
0.246128 -0.00900495 0.969196 18.6804 0.0601695 0.99817 -0.006006 -0.826517 -0.967368 0.0597942 0.246219 21.9355 
0.215945 -0.00744954 0.976377 19.7419 0.0609936 0.998121 -0.00587459 -0.826374 -0.974498 0.0608213 0.215994 22.1542 
0.185664 -0.00750487 0.982585 20.7679 0.0630538 0.998001 -0.00429181 -0.849295 -0.980588 0.0627526 0.185766 22.3433 
0.155452 -0.00825027 0.987809 21.82 0.065571 0.997846 -0.00198493 -0.870358 -0.985665 0.0650802 0.155658 22.5131 
0.125427 -0.00889421 0.992063 22.864 0.0639373 0.997953 0.000863291 -0.878712 -0.99004 0.0633216 0.125739 22.6536 
0.0959854 -0.0090965 0.995341 24.0541 0.0646451 0.997904 0.0028858 -0.883879 -0.993281 0.0640669 0.0963723 22.8136 
0.068549 -0.00874642 0.997609 25.2442 0.0671399 0.997735 0.00413404 -0.877971 -0.995386 0.066696 0.068981 22.9304 
0.0435079 -0.0084997 0.999017 26.4001 0.0712127 0.997447 0.00538489 -0.879032 -0.996512 0.0709084 0.0440021 22.9857 
0.0212691 -0.00784157 0.999743 27.5931 0.0760141 0.997087 0.00620349 -0.871649 -0.99688 0.0758626 0.0218032 23.0232 
0.000584492 -0.00800705 0.999968 28.7533 0.0816936 0.996626 0.00793246 -0.866394 -0.996657 0.0816864 0.00123664 23.0378 
-0.0172657 -0.00896394 0.999811 29.9164 0.0861585 0.996227 0.0104196 -0.871098 -0.996132 0.0863221 -0.0164282 23.0181 
-0.0328817 -0.00886562 0.99942 31.2458 0.0893696 0.995929 0.0117749 -0.863483 -0.995456 0.089705 -0.0319555 22.991 
-0.0484355 -0.00951 0.998781 32.447 0.0905271 0.995797 0.0138716 -0.859467 -0.994715 0.0910886 -0.047371 22.9644 
-0.0618672 -0.0106125 0.998028 33.6293 0.0904634 0.995768 0.0161961 -0.855382 -0.993976 0.091287 -0.0606454 22.9046 
-0.0748513 -0.0107667 0.997136 34.8536 0.090152 0.995774 0.0175192 -0.843779 -0.993111 0.0912052 -0.0735643 22.842 
-0.0868329 -0.00807543 0.99619 36.1769 0.0896865 0.995843 0.0158901 -0.844019 -0.992178 0.0907245 -0.0857477 22.7834 
-0.0970164 -0.00485706 0.995271 37.449 0.0905723 0.995796 0.0136883 -0.838478 -0.991153 0.091472 -0.0961686 22.6714 
-0.106699 -0.00278019 0.994287 38.7497 0.0917695 0.9957 0.0126321 -0.847116 -0.990047 0.0925931 -0.105985 22.5595 
-0.113819 -0.00172657 0.9935 40.0579 0.0923612 0.995649 0.0123115 -0.829982 -0.989199 0.0931621 -0.113164 22.4214 
-0.119545 -0.00115805 0.992828 41.4202 0.0922966 0.995656 0.0122746 -0.832842 -0.988529 0.093102 -0.118919 22.2557 
-0.12461 0.000170877 0.992206 42.8132 0.0938474 0.995519 0.0116146 -0.832231 -0.987758 0.0945632 -0.124067 22.0864 
-0.129305 0.0017697 0.991603 44.2199 0.0923043 0.995678 0.0102595 -0.812907 -0.987299 0.0928559 -0.12891 21.9114 
-0.133524 0.00265544 0.991042 45.5991 0.0931781 0.9956 0.00988621 -0.801115 -0.986656 0.0936635 -0.133184 21.7566 
-0.136661 0.00161138 0.990616 47.0771 0.0922544 0.995673 0.0111073 -0.787473 -0.986313 0.0929067 -0.136218 21.5476 
-0.13902 -0.00062134 0.990289 48.5035 0.0934683 0.995527 0.0137459 -0.794086 -0.985869 0.0944716 -0.13834 21.3654 
-0.141435 -0.00146785 0.989946 49.9353 0.0937496 0.995485 0.0148701 -0.768923 -0.985498 0.0949103 -0.140659 21.1863 
-0.143194 -0.000912145 0.989694 51.4181 0.0974652 0.995126 0.0150188 -0.77472 -0.984884 0.0986113 -0.142407 20.9494 
-0.144967 -0.00128915 0.989436 52.8506 0.0972853 0.995135 0.0155503 -0.77055 -0.984642 0.0985118 -0.144137 20.791 
-0.14574 0.000117078 0.989323 54.2907 0.0990872 0.994973 0.014479 -0.753034 -0.984348 0.100139 -0.145019 20.5939 
-0.145758 0.00014321 0.98932 55.8158 0.0983607 0.995047 0.0143475 -0.737274 -0.984418 0.0994015 -0.14505 20.3963 
-0.145622 0.00142678 0.989339 57.3523 0.0983056 0.995071 0.0130346 -0.712881 -0.984444 0.0991558 -0.145045 20.2037 
-0.14449 0.00118458 0.989506 58.8888 0.0987088 0.995028 0.0132224 -0.70452 -0.984571 0.0995834 -0.143888 19.985 
-0.1431 0.000371712 0.989708 60.4474 0.0981068 0.99508 0.0138113 -0.685197 -0.984834 0.0990735 -0.142432 19.7935 
-0.142543 0.00103992 0.989788 62.0643 0.0993796 0.994961 0.0132666 -0.674267 -0.984787 0.100256 -0.141928 19.6083 
-0.141845 0.00141232 0.989888 63.6427 0.098936 0.995012 0.0127572 -0.667365 -0.984932 0.0997451 -0.141277 19.4092 
-0.141008 0.00138384 0.990007 65.2823 0.100394 0.994864 0.0129085 -0.689084 -0.984905 0.101211 -0.140423 19.2087 
-0.139944 0.00133979 0.990158 66.9438 0.10038 0.994866 0.0128409 -0.66774 -0.985058 0.101189 -0.13936 18.9786 
-0.139562 -0.00042705 0.990213 68.6364 0.101535 0.994723 0.0147393 -0.662371 -0.984994 0.102598 -0.138782 18.7707 
-0.138579 -0.00237845 0.990349 70.3455 0.103941 0.994439 0.0169326 -0.646817 -0.984882 0.105284 -0.137561 18.5433 
-0.137825 -0.00127283 0.990456 72.0746 0.105079 0.994337 0.0158997 -0.627754 -0.984867 0.106267 -0.13691 18.3162 
-0.137498 0.000165601 0.990502 73.69 0.107482 0.994097 0.0147539 -0.639787 -0.984653 0.108489 -0.136704 18.1265 
-0.137155 -0.000592104 0.990549 75.3505 0.106386 0.994207 0.0153248 -0.646134 -0.98482 0.107482 -0.136298 17.946 
-0.136947 -0.000752102 0.990578 77.0683 0.106633 0.994178 0.0154967 -0.634832 -0.984822 0.10775 -0.13607 17.7355 
-0.136623 -0.00207874 0.990621 78.8262 0.106671 0.994152 0.0167978 -0.623189 -0.984863 0.107965 -0.135603 17.4977 
-0.13578 -0.0017322 0.990737 80.578 0.109142 0.993886 0.0166954 -0.6024 -0.984709 0.110398 -0.134761 17.2664 
-0.13572 -0.00177513 0.990746 82.3516 0.109917 0.993798 0.0168379 -0.576829 -0.984631 0.111185 -0.134683 17.0397 
-0.135441 -0.000856937 0.990785 84.1123 0.110657 0.99373 0.0159863 -0.558754 -0.984586 0.111802 -0.134497 16.8142 
-0.135479 2.40237e-05 0.99078 85.9295 0.110963 0.993709 0.0151488 -0.541184 -0.984547 0.111992 -0.134629 16.5614 
-0.136567 0.000668051 0.990631 87.6416 0.110392 0.993782 0.0145482 -0.536665 -0.984461 0.111344 -0.135791 16.3555 
-0.137935 0.000972275 0.990441 89.4507 0.109221 0.993915 0.0142351 -0.526568 -0.984401 0.110141 -0.137202 16.1319 
-0.139127 1.28856e-05 0.990274 91.2398 0.108542 0.993975 0.0152365 -0.522703 -0.984308 0.109606 -0.13829 15.9179 
-0.140222 -0.000505065 0.99012 92.9976 0.108698 0.993948 0.0159009 -0.516873 -0.984135 0.109854 -0.139319 15.6816 
-0.140864 -0.00199875 0.990027 94.7622 0.106522 0.994162 0.0171632 -0.531681 -0.984282 0.107877 -0.139828 15.4636 
-0.144336 -0.00152975 0.989528 96.497 0.107018 0.994109 0.0171467 -0.536973 -0.983725 0.108372 -0.143322 15.2983 
-0.147013 -0.000841068 0.989134 98.3604 0.106242 0.994201 0.0166359 -0.525176 -0.983412 0.107534 -0.146071 15.0548 
-0.151332 -0.000406735 0.988483 100.187 0.10658 0.994163 0.0167258 -0.528732 -0.98272 0.107883 -0.150405 14.8048 
-0.155539 -0.00143361 0.987829 102.017 0.10492 0.994318 0.0179632 -0.516792 -0.982242 0.106437 -0.154505 14.5272 
-0.160132 -0.00191212 0.987094 103.927 0.103866 0.994414 0.018776 -0.490999 -0.981616 0.105532 -0.159039 14.2478 
-0.164504 -0.00111326 0.986376 105.826 0.102675 0.994547 0.0182462 -0.470888 -0.981018 0.104278 -0.163493 13.9518 
-0.169133 0.000733954 0.985593 107.731 0.103595 0.994474 0.0170368 -0.445459 -0.980134 0.104984 -0.168275 13.6514 
-0.173406 0.00256256 0.984847 109.677 0.103012 0.994559 0.0155498 -0.424257 -0.979448 0.104147 -0.172727 13.316 
-0.178319 0.0026614 0.983969 111.608 0.101657 0.994695 0.0157323 -0.411232 -0.978707 0.102833 -0.177644 12.9738 
-0.183273 0.00220239 0.98306 113.537 0.0995696 0.994896 0.0163339 -0.393409 -0.978007 0.100876 -0.182557 12.6636 
-0.188688 0.00159597 0.982036 115.507 0.0985714 0.994979 0.0173224 -0.373545 -0.977077 0.100069 -0.187898 12.3171 
-0.194085 0.00118796 0.980984 117.48 0.0977013 0.995051 0.0181248 -0.349406 -0.976107 0.0993612 -0.19324 11.9523 
-0.199205 0.00122906 0.979957 119.452 0.0988116 0.994928 0.0188384 -0.332048 -0.974963 0.100584 -0.198316 11.5753 
-0.205885 0.00226312 0.978574 121.414 0.0992343 0.994891 0.0185772 -0.321963 -0.973532 0.100933 -0.205057 11.2004 
-0.211283 0.00331623 0.977419 123.391 0.0988476 0.99494 0.0179916 -0.299592 -0.972414 0.100417 -0.210542 10.8038 
-0.216489 0.00342471 0.976279 125.368 0.100231 0.994788 0.0187363 -0.274584 -0.971126 0.101909 -0.215704 10.3852 
-0.221837 0.0037034 0.975077 127.364 0.0995105 0.994858 0.0188607 -0.25039 -0.969993 0.101214 -0.221064 9.95419 
-0.227243 0.00418999 0.973829 129.371 0.0989059 0.994919 0.0187989 -0.236925 -0.968802 0.100589 -0.226503 9.5222 
-0.232182 0.00488918 0.97266 131.359 0.0984901 0.994966 0.0185091 -0.210954 -0.967673 0.100095 -0.231495 9.074 
-0.237055 0.00444195 0.971486 133.368 0.098944 0.9949 0.0195945 -0.179412 -0.966444 0.100768 -0.236285 8.62521 
-0.240954 0.00505782 0.970523 135.403 0.102351 0.994543 0.0202279 -0.148526 -0.965124 0.104208 -0.240157 8.13858 
-0.243802 0.00627172 0.969805 137.441 0.104189 0.994361 0.0197619 -0.105284 -0.964212 0.105861 -0.243081 7.62573 
-0.247024 0.00671498 0.968986 139.485 0.10442 0.994337 0.0197292 -0.0833568 -0.963367 0.106055 -0.246326 7.13401 
-0.249746 0.00632795 0.96829 141.495 0.103677 0.994405 0.0202422 -0.0599074 -0.962745 0.105445 -0.249005 6.62206 
-0.253914 0.00677142 0.967203 143.633 0.101165 0.994677 0.0195944 -0.0350977 -0.961922 0.102822 -0.253247 6.09929 
-0.258212 0.00732925 0.96606 145.657 0.0995549 0.994849 0.0190616 -0.0131259 -0.960945 0.101098 -0.257612 5.58396 
-0.262018 0.00692637 0.965038 147.658 0.0992174 0.994869 0.0197981 0.00273353 -0.959949 0.100936 -0.261361 5.05932 
-0.267301 0.00740625 0.963584 149.7 0.0991272 0.994877 0.0198513 0.0213187 -0.958501 0.100824 -0.266666 4.57933 
-0.271789 0.0077418 0.962326 151.736 0.0980667 0.994985 0.0196924 0.0358678 -0.957347 0.0997243 -0.271186 4.03357 
-0.2754 0.00764596 0.961299 153.645 0.0978187 0.995001 0.0201097 0.0586534 -0.95634 0.0995713 -0.274771 3.46182 
-0.27976 0.006987 0.960045 155.628 0.0978296 0.994976 0.0212665 0.0666228 -0.955073 0.0998703 -0.279038 2.92451 
-0.283686 0.00694109 0.958892 157.668 0.0984357 0.994902 0.0219202 0.0812054 -0.953851 0.100608 -0.282924 2.34726 
-0.288025 0.00736257 0.957595 159.689 0.0998596 0.99475 0.0223874 0.0871222 -0.952402 0.102073 -0.287248 1.79123 
-0.29141 0.00873658 0.956558 161.691 0.10013 0.994744 0.0214186 0.111241 -0.951343 0.102022 -0.290753 1.20976 
-0.294877 0.00998735 0.955483 163.689 0.100676 0.994704 0.0206726 0.112317 -0.950217 0.10229 -0.294321 0.628683 
-0.299011 0.010485 0.954192 165.458 0.100584 0.994715 0.0205892 0.114643 -0.948934 0.102133 -0.298486 0.191147 
-0.302263 0.0112008 0.953159 167.5 0.100469 0.994736 0.0201709 0.123031 -0.947915 0.10186 -0.301797 -0.421421 
-0.305901 0.0107867 0.952002 169.578 0.100402 0.994725 0.0209906 0.137819 -0.946754 0.102004 -0.305371 -1.04768 
-0.309632 0.0112737 0.950789 171.659 0.100769 0.994688 0.0210221 0.171251 -0.945502 0.10232 -0.309124 -1.70948 
-0.313543 0.0119629 0.949498 173.704 0.102827 0.994468 0.0214258 0.180556 -0.94399 0.104352 -0.313039 -2.3453 
-0.316862 0.0121683 0.948394 175.722 0.104485 0.99428 0.0221518 0.203441 -0.942699 0.106112 -0.316321 -2.98692 
-0.31962 0.0115146 0.947476 177.846 0.105212 0.994174 0.0234099 0.221147 -0.941686 0.107168 -0.318969 -3.66137 
-0.322547 0.011181 0.946487 179.962 0.104833 0.994201 0.0239807 0.242682 -0.94073 0.106958 -0.321849 -4.35162 
-0.325539 0.011542 0.945458 182.043 0.10269 0.994442 0.0232181 0.273708 -0.939936 0.104647 -0.324915 -5.02829 
-0.328469 0.0130543 0.944424 184.06 0.101491 0.994603 0.0215506 0.279786 -0.939046 0.10293 -0.328021 -5.70492 
-0.331398 0.014904 0.943373 186.23 0.101079 0.994681 0.0197934 0.303288 -0.938061 0.101915 -0.331142 -6.43695 
-0.334542 0.0155507 0.942253 188.322 0.0991253 0.994898 0.0187743 0.315694 -0.937153 0.0996819 -0.334376 -7.15628 
-0.337881 0.0164295 0.941045 190.448 0.0978532 0.995042 0.0177618 0.330761 -0.936088 0.0980857 -0.337814 -7.86913 
-0.341946 0.0166808 0.939571 192.589 0.0988219 0.994937 0.0183013 0.349261 -0.934509 0.0991083 -0.341863 -8.60884 
-0.345938 0.01607 0.93812 194.715 0.0982678 0.994975 0.0191929 0.370821 -0.933097 0.0988265 -0.345779 -9.33895 
-0.349662 0.0152931 0.936751 196.822 0.0975685 0.995024 0.0201751 0.385277 -0.931781 0.0984519 -0.349415 -10.0805 
-0.353898 0.0147904 0.935167 198.886 0.0971463 0.995048 0.0210258 0.39431 -0.930225 0.098289 -0.353582 -10.8205 
-0.357143 0.0149015 0.933931 201.04 0.0960643 0.995156 0.0208573 0.41661 -0.929097 0.0971665 -0.356845 -11.6293 
-0.361057 0.0154481 0.932416 203.192 0.0952938 0.99524 0.0204113 0.438527 -0.927662 0.0962231 -0.360811 -12.4088 
-0.364266 0.0160558 0.931156 205.326 0.0948835 0.995288 0.0199565 0.45253 -0.926449 0.0956209 -0.364073 -13.2061 
-0.366709 0.0167844 0.930184 207.451 0.0956664 0.995217 0.0197568 0.467751 -0.925404 0.0962324 -0.366561 -14.0252 
-0.369036 0.0166891 0.929265 209.557 0.0975727 0.995009 0.0208788 0.476627 -0.924279 0.098376 -0.368823 -14.834 
-0.372036 0.0157168 0.928085 211.644 0.0974938 0.994988 0.0222319 0.495289 -0.923084 0.0987536 -0.371703 -15.6264 
-0.374817 0.0159021 0.926962 213.664 0.0978023 0.994952 0.0224778 0.486139 -0.921926 0.0990841 -0.37448 -16.38 
-0.377391 0.0168333 0.925901 215.743 0.097804 0.994967 0.0217752 0.498804 -0.920875 0.0987746 -0.377138 -17.2019 
-0.37984 0.0164574 0.924906 217.75 0.0970929 0.995028 0.0221688 0.485611 -0.919943 0.0982224 -0.379549 -17.9919 
-0.383534 0.0171667 0.923367 219.849 0.0954787 0.995207 0.0211561 0.494282 -0.918578 0.096276 -0.383335 -18.8012 
-0.386878 0.0182982 0.921949 221.913 0.0954422 0.995228 0.0202978 0.501332 -0.917178 0.0958457 -0.386779 -19.5993 
-0.38913 0.017866 0.921009 223.875 0.0930979 0.995455 0.0200241 0.491267 -0.916466 0.0935361 -0.389025 -20.3768 
-0.392901 0.0180422 0.919404 225.899 0.0931012 0.995451 0.0202516 0.472598 -0.914856 0.0935545 -0.392793 -21.1712 
-0.395582 0.0173225 0.918267 228.007 0.0948052 0.995251 0.0220666 0.462166 -0.913524 0.0957856 -0.395346 -22.0272 
-0.398591 0.0164263 0.916982 230.051 0.0957291 0.995123 0.0237851 0.462631 -0.912119 0.0972624 -0.398219 -22.86 
-0.401656 0.0159696 0.915651 232.021 0.0944795 0.995235 0.0240863 0.47876 -0.910904 0.0961847 -0.401251 -23.6878 
-0.404348 0.0153662 0.914476 233.985 0.0922765 0.995442 0.0240745 0.472042 -0.909938 0.0941191 -0.403923 -24.5591 
-0.408352 0.014896 0.912703 236.121 0.0905589 0.995595 0.024268 0.499307 -0.908321 0.0925633 -0.407902 -25.4604 
-0.411962 0.0143118 0.911089 238.262 0.0894823 0.995679 0.02482 0.522547 -0.906797 0.0917512 -0.411462 -26.3432 
-0.415911 0.0142565 0.909293 240.344 0.0888277 0.995733 0.025018 0.533119 -0.905057 0.0911757 -0.415403 -27.2308 
-0.419817 0.0136499 0.907506 242.242 0.0880788 0.99578 0.025768 0.533555 -0.903325 0.0907499 -0.419248 -28.0791 
-0.424163 0.0127269 0.905496 244.165 0.0872729 0.995822 0.0268849 0.516861 -0.901371 0.0904289 -0.423501 -28.882 
-0.427517 0.0126609 0.903919 246.204 0.0869386 0.995843 0.0271698 0.544309 -0.899817 0.090201 -0.42684 -29.812 
-0.431116 0.013775 0.902191 248.411 0.0872912 0.99583 0.0265078 0.590709 -0.898064 0.0901813 -0.430521 -30.8428 
-0.434903 0.0144376 0.900362 250.589 0.0874035 0.995827 0.0262502 0.630407 -0.896225 0.0901111 -0.43435 -31.8497 
-0.43851 0.0141998 0.898614 252.708 0.0870092 0.995849 0.0267229 0.6599 -0.894504 0.0899059 -0.437926 -32.8447 
-0.442075 0.0150096 0.896853 254.788 0.085912 0.995972 0.025679 0.706861 -0.892854 0.0884025 -0.441583 -33.8078 
-0.445762 0.0148164 0.895029 256.862 0.0861336 0.995933 0.0264113 0.726225 -0.890998 0.0888652 -0.445225 -34.803 
-0.44905 0.0157512 0.893368 259.06 0.0875383 0.99581 0.0264436 0.766953 -0.889208 0.0900784 -0.448548 -35.8775 
-0.452542 0.0167755 0.891585 261.223 0.0887671 0.995704 0.0263209 0.794994 -0.887314 0.0910548 -0.452087 -36.9293 
-0.45579 0.0192028 0.88988 263.278 0.0908579 0.995549 0.0250537 0.832009 -0.885438 0.0922719 -0.455506 -37.9352 
-0.458734 0.0197559 0.888354 265.37 0.0920631 0.995429 0.0254029 0.857409 -0.883792 0.0934379 -0.458456 -38.9592 
-0.461928 0.0221722 0.88664 267.431 0.0937694 0.995305 0.023963 0.905829 -0.881946 0.0942089 -0.461839 -39.9443 
-0.464386 0.0248599 0.885284 269.598 0.0953522 0.995199 0.0220716 0.950495 -0.880485 0.0946636 -0.464526 -41.0425 
-0.467255 0.0253113 0.88376 271.641 0.0967101 0.995055 0.022633 0.95668 -0.878817 0.0960439 -0.467392 -42.0532 
-0.47007 0.0265207 0.88223 273.756 0.0976746 0.994972 0.0221332 0.985648 -0.877208 0.0965756 -0.470297 -43.1372 
-0.472949 0.0262254 0.880699 275.87 0.0965142 0.995084 0.022198 1.02368 -0.875788 0.0954985 -0.473155 -44.2831 
-0.47682 0.0270602 0.878584 278.024 0.0968584 0.995057 0.0219188 1.03633 -0.873648 0.0955496 -0.477083 -45.3884 
-0.480887 0.0277263 0.876344 280.153 0.097379 0.995005 0.0219553 1.03202 -0.871358 0.0958956 -0.481185 -46.3923 
-0.484288 0.026847 0.874496 282.248 0.094595 0.995276 0.0218308 1.05344 -0.86978 0.0932954 -0.48454 -47.4607 
-0.486453 0.0278242 0.873263 284.447 0.0962455 0.995116 0.021907 1.09956 -0.868389 0.0947044 -0.486756 -48.6359 
-0.489257 0.0280858 0.871687 286.499 0.0980115 0.99492 0.0229551 1.11872 -0.866615 0.0966664 -0.489524 -49.669 
-0.492168 0.0284909 0.870034 288.608 0.100194 0.994676 0.0241057 1.12512 -0.864715 0.099036 -0.492402 -50.7518 
-0.494184 0.0286489 0.868885 290.862 0.100283 0.994664 0.0242405 1.16577 -0.863554 0.0991138 -0.49442 -51.9307 
-0.496178 0.0274923 0.867786 292.992 0.0996433 0.994697 0.0254604 1.19114 -0.862484 0.099102 -0.496286 -53.1279 
-0.498323 0.0269316 0.866573 295.284 0.100512 0.994572 0.0268896 1.20982 -0.861146 0.1005 -0.498325 -54.4057 
-0.501537 0.026798 0.864721 297.427 0.101782 0.994406 0.0282164 1.21626 -0.859128 0.102165 -0.501459 -55.4889 
-0.503214 0.0279477 0.86371 299.648 0.100825 0.994549 0.026561 1.28519 -0.85826 0.100449 -0.503289 -56.7285 
-0.505769 0.0302686 0.862137 301.767 0.100936 0.994596 0.0242948 1.3155 -0.856743 0.0993087 -0.506092 -57.9131 
-0.509182 0.0298769 0.86014 303.785 0.0993638 0.994755 0.0242681 1.35913 -0.854904 0.0978237 -0.50948 -59.0592 
-0.513156 0.0286389 0.857817 305.939 0.0969746 0.994978 0.0247931 1.4228 -0.852799 0.0959092 -0.513356 -60.3168 
-0.516861 0.0272171 0.855636 308.098 0.0949028 0.995155 0.0256724 1.48496 -0.850793 0.0944714 -0.51694 -61.616 
-0.520554 0.025789 0.853439 310.251 0.092827 0.995328 0.0265431 1.54932 -0.848768 0.0930393 -0.520516 -62.9242 
-0.524235 0.0243546 0.851225 312.398 0.0907471 0.995497 0.0274049 1.61587 -0.846725 0.0916129 -0.524084 -64.2414 
-0.528152 0.0256955 0.848761 314.609 0.0930495 0.995274 0.0277701 1.66304 -0.844036 0.0936436 -0.528047 -65.5792 
-0.532584 0.0286408 0.845893 316.841 0.0979077 0.994803 0.027961 1.72956 -0.840695 0.097711 -0.53262 -66.8821 
-0.536985 0.0316074 0.843 319.066 0.102762 0.994307 0.0281783 1.79621 -0.83731 0.10176 -0.537175 -68.1971 
-0.541086 0.029766 0.84044 321.314 0.102121 0.994303 0.0305311 1.84372 -0.834744 0.102346 -0.541043 -69.5843 
-0.545132 0.0279011 0.837886 323.528 0.0998549 0.994492 0.0318499 1.89572 -0.832382 0.101029 -0.544915 -70.9626 
-0.549097 0.0267941 0.835329 325.723 0.0975067 0.994714 0.0321885 1.93466 -0.830051 0.0991248 -0.548807 -72.3633 
-0.553249 0.0264758 0.832595 327.937 0.0966086 0.99479 0.0325617 1.98785 -0.827395 0.0984506 -0.552924 -73.7695 
-0.55676 0.0262048 0.83026 330.113 0.096815 0.994737 0.0335266 2.05296 -0.825012 0.0990479 -0.556367 -75.21 
-0.560617 0.0260317 0.827666 332.36 0.0982597 0.994535 0.0352758 2.08297 -0.822225 0.101102 -0.560112 -76.7074 
-0.564095 0.0245092 0.825346 334.513 0.095934 0.994735 0.0360281 2.13454 -0.820118 0.099502 -0.563477 -78.134 
-0.567781 0.0247393 0.822808 336.733 0.0955529 0.994772 0.0360268 2.23174 -0.817615 0.099077 -0.567177 -79.595 
-0.571456 0.0249674 0.820253 338.945 0.0951718 0.994809 0.0360238 2.32896 -0.815095 0.0986509 -0.570866 -81.066 
-0.575119 0.0251937 0.817681 341.151 0.0947907 0.994845 0.036019 2.42619 -0.812559 0.0982238 -0.574543 -82.5469 
-0.578771 0.025418 0.815094 343.35 0.0944096 0.994882 0.0360126 2.52342 -0.810007 0.0977957 -0.578209 -84.0377 
-0.581892 0.0243832 0.812901 345.489 0.0908904 0.995238 0.0352088 2.57746 -0.808171 0.0943726 -0.581337 -85.5312 
-0.584237 0.0217966 0.81129 347.71 0.08838 0.995403 0.0369021 2.65167 -0.806757 0.0932615 -0.583477 -87.0894 
-0.587547 0.0214731 0.808905 349.9 0.088723 0.99533 0.0380219 2.72892 -0.804311 0.0941082 -0.586709 -88.6212 
-0.590749 0.0221323 0.806552 351.942 0.0890902 0.995301 0.0379413 2.79043 -0.801922 0.0942696 -0.589944 -90.0028 
-0.594123 0.0214382 0.804088 354.117 0.0869022 0.995504 0.0376685 2.8739 -0.799666 0.0922568 -0.593315 -91.56 
-0.597545 0.0175834 0.801643 356.278 0.0841275 0.995616 0.0408705 2.94826 -0.79741 0.0918622 -0.596405 -93.0981 
-0.600544 0.0158584 0.799434 358.386 0.0824366 0.995703 0.0421755 3.0314 -0.795331 0.0912309 -0.599271 -94.6225 
-0.604183 0.0139655 0.796723 360.487 0.080123 0.995844 0.0433042 3.09115 -0.792807 0.0899995 -0.602791 -96.1439 
-0.60735 0.0134894 0.79432 362.631 0.0784009 0.995993 0.0430322 3.17527 -0.790556 0.0884111 -0.605974 -97.7207 
-0.609342 0.0130707 0.7928 364.774 0.0782782 0.995971 0.0437438 3.25891 -0.789034 0.0887139 -0.60791 -99.3237 
-0.61123 0.0128575 0.791348 366.909 0.0782893 0.995946 0.0442882 3.3441 -0.787571 0.0890244 -0.609759 -100.952 
-0.61251 0.0127679 0.79036 369.037 0.0799931 0.995738 0.045907 3.41656 -0.786405 0.0913418 -0.61092 -102.606 
-0.614458 0.00918314 0.788896 371.239 0.0701417 0.996608 0.0430312 3.51227 -0.785825 0.0817754 -0.613018 -104.296 
-0.617876 0.0127299 0.786172 373.183 0.0633715 0.997422 0.033655 3.62235 -0.783717 0.0706155 -0.61709 -105.758 
-0.620956 0.0162414 0.783677 374.974 0.0567841 0.99809 0.0243085 3.75373 -0.781786 0.0595949 -0.620693 -107.215 
-0.622024 0.0172167 0.782809 377.039 0.0644929 0.997488 0.0293081 3.7742 -0.780337 0.068716 -0.621572 -108.808 
-0.623903 0.00762877 0.781465 379.099 0.0634714 0.997143 0.0409397 3.81613 -0.77892 0.0751431 -0.622605 -110.413 
-0.625097 -0.0033198 0.78054 381.178 0.0571313 0.997114 0.0499947 3.90002 -0.778453 0.0758448 -0.623104 -112.184 
-0.628393 -0.00897376 0.777844 383.3 0.051236 0.997285 0.0528971 4.04566 -0.776207 0.0730938 -0.626227 -113.83 
-0.631077 -0.00920505 0.775665 385.406 0.050366 0.997333 0.0528131 4.1522 -0.774083 0.0723963 -0.628931 -115.467 
-0.634493 -0.00406803 0.772918 387.34 0.0549945 0.997214 0.0503938 4.2408 -0.77097 0.0744807 -0.632502 -116.863 
-0.638295 0.0010297 0.769791 389.309 0.0590147 0.997122 0.0475999 4.37774 -0.767526 0.0758118 -0.636518 -118.187 
-0.640906 0.00375457 0.76761 391.428 0.0596629 0.997207 0.0449371 4.46241 -0.765297 0.0745983 -0.63934 -119.893 
-0.6432 0.0069902 0.765666 393.502 0.0611244 0.997236 0.0422433 4.5289 -0.763255 0.0739718 -0.641849 -121.582 
-0.64575 0.00698734 0.763517 395.471 0.0628279 0.997053 0.0440125 4.58845 -0.76096 0.0763912 -0.644286 -123.131 
-0.647938 0.00710834 0.76166 397.561 0.0642136 0.996906 0.0453221 4.70401 -0.758982 0.0782749 -0.64639 -124.85 
-0.649304 0.00713271 0.760495 399.704 0.0642144 0.996899 0.0454757 4.80768 -0.757813 0.0783623 -0.647749 -126.675 
-0.651136 0.00752829 0.758923 401.886 0.0653779 0.99679 0.0462046 4.90172 -0.75614 0.0797023 -0.649539 -128.537 
-0.652965 0.00792712 0.757347 404.063 0.0665395 0.996679 0.0469363 4.99785 -0.75446 0.0810412 -0.651324 -130.404 
-0.654788 0.00832919 0.755766 406.236 0.0676991 0.996566 0.0476708 5.0961 -0.752774 0.082379 -0.653104 -132.276 
-0.656608 0.0087345 0.754181 408.404 0.0688568 0.996451 0.048408 5.19645 -0.751082 0.0837156 -0.654879 -134.154 
-0.658351 0.00806815 0.752668 410.183 0.0706604 0.996189 0.0511273 5.23023 -0.749387 0.0868435 -0.656412 -135.642 
-0.660039 0.00695221 0.751199 411.917 0.0723162 0.995901 0.0543235 5.25178 -0.747743 0.0901795 -0.657836 -137.112 
-0.661803 0.00699846 0.749645 413.49 0.0676189 0.996438 0.050393 5.36032 -0.746622 0.0840404 -0.659919 -138.421 
-0.663547 0.00564902 0.748113 415.06 0.0644604 0.996684 0.0496478 5.38537 -0.745352 0.0811673 -0.661711 -139.758 
-0.664846 0.00437353 0.746967 416.348 0.0613311 0.996926 0.0487513 5.41076 -0.744458 0.0782245 -0.663071 -140.909 
-0.665589 0.00353342 0.74631 418.288 0.0597221 0.997034 0.0485421 5.48676 -0.743925 0.0768803 -0.663826 -142.564 
-0.666809 0.0021884 0.745225 420.113 0.0565394 0.997262 0.0476614 5.57096 -0.743081 0.0739156 -0.665107 -144.075 
-0.667003 0.00183727 0.745053 422.108 0.0554787 0.997343 0.0472074 5.66432 -0.742987 0.072822 -0.665333 -145.831 
-0.66628 0.000248716 0.745701 424.004 0.0558449 0.997208 0.0495645 5.74617 -0.743607 0.0746675 -0.664434 -147.552 
-0.666051 -0.000460975 0.745906 425.988 0.0590972 0.996824 0.0533863 5.84518 -0.743562 0.079639 -0.663908 -149.301 
-0.665166 -0.0021395 0.746692 428.092 0.0629769 0.996272 0.0589555 5.96365 -0.744035 0.0862395 -0.662552 -151.142 
-0.664207 -0.0023645 0.747545 430.113 0.0670973 0.99577 0.0627667 6.10449 -0.744532 0.0918483 -0.661239 -152.89 
-0.663609 -0.00466138 0.748065 432.132 0.0620203 0.996195 0.0612257 6.2224 -0.745504 0.0870252 -0.660795 -154.514 
-0.66304 -0.00579707 0.748561 434.16 0.0537408 0.997021 0.0553223 6.35411 -0.746652 0.0769092 -0.660754 -156.227 
-0.661285 -0.00847217 0.750087 436.053 0.0484252 0.997368 0.0539574 6.44268 -0.74857 0.0720043 -0.659135 -157.87 
-0.658389 -0.00880978 0.752626 438.064 0.0466875 0.997528 0.0525181 6.55447 -0.751228 0.0697156 -0.65635 -159.594 
-0.654647 -0.0078626 0.755894 440.051 0.0498823 0.997317 0.0535747 6.65711 -0.754287 0.0727783 -0.652498 -161.356 
-0.650951 -0.00825688 0.759075 442.073 0.0501514 0.997288 0.0538558 6.76165 -0.757461 0.0731261 -0.648772 -163.071 
-0.647916 -0.0074453 0.761675 444.131 0.0479049 0.997574 0.0505013 6.8747 -0.760204 0.0692086 -0.645988 -164.789 
-0.645977 -0.0124619 0.763255 446.218 0.041035 0.997854 0.0510219 6.97463 -0.762253 0.0642792 -0.644079 -166.521 
-0.644998 -0.0190508 0.763947 448.278 0.0318704 0.998149 0.0517993 7.07717 -0.763519 0.0577577 -0.643197 -168.214 
-0.644593 -0.0222738 0.764201 450.341 0.0248919 0.998434 0.0500967 7.18336 -0.764121 0.0513144 -0.643029 -169.878 
-0.643504 -0.0230563 0.765095 452.212 0.0231315 0.998504 0.0495455 7.25952 -0.765093 0.0495806 -0.642008 -171.437 
-0.642501 -0.0229835 0.76594 454.211 0.0249571 0.998392 0.0508936 7.36776 -0.765878 0.0518149 -0.640895 -173 
-0.640294 -0.0238321 0.76776 456.293 0.0273733 0.998176 0.0538131 7.47759 -0.767642 0.0554723 -0.638473 -174.747 
-0.639946 -0.0262728 0.767971 458.225 0.0253915 0.998146 0.0553058 7.58241 -0.768 0.0548926 -0.638093 -176.268 
-0.639301 -0.0266431 0.768495 460.165 0.0230248 0.998288 0.0537638 7.66905 -0.768612 0.0520657 -0.637593 -177.854 
-0.637751 -0.0248455 0.769842 462.205 0.0231055 0.998413 0.0513632 7.81187 -0.769896 0.0505445 -0.636165 -179.612 
-0.636911 -0.0230584 0.770593 464.29 0.0240712 0.99847 0.0497725 7.92408 -0.770562 0.0502498 -0.635381 -181.285 
-0.635386 -0.0227343 0.77186 466.394 0.0266814 0.998323 0.0513682 8.02845 -0.771733 0.053233 -0.633714 -183.001 
-0.633645 -0.0225672 0.773295 468.512 0.0283209 0.998228 0.0523378 8.15595 -0.773105 0.055064 -0.631883 -184.73 
-0.633012 -0.0226919 0.773809 470.59 0.0284956 0.99821 0.0525831 8.26682 -0.773617 0.055336 -0.631232 -186.396 
-0.632321 -0.0235206 0.77435 472.227 0.02752 0.998226 0.0527931 8.35074 -0.774218 0.0546923 -0.630552 -187.535 
-0.631973 -0.0227687 0.774656 473.964 0.0285601 0.998205 0.0526389 8.48569 -0.774464 0.0553906 -0.630189 -188.664 
-0.631288 -0.0240259 0.775176 475.73 0.0276169 0.99819 0.0534287 8.54403 -0.775056 0.0551369 -0.629482 -189.917 
-0.630418 -0.0239571 0.775886 477.95 0.02609 0.998305 0.0520232 8.67556 -0.775818 0.0530392 -0.628724 -191.659 
-0.629264 -0.0225907 0.776863 479.987 0.0261555 0.998396 0.0502189 8.77819 -0.776751 0.0519202 -0.627664 -193.282 
-0.628758 -0.0231632 0.777256 482.071 0.0261101 0.998364 0.0508741 8.88326 -0.777163 0.0522817 -0.627124 -194.904 
-0.628536 -0.0252952 0.777369 484.117 0.0234107 0.998403 0.0514159 8.97214 -0.777428 0.0505155 -0.62694 -196.485 
-0.627783 -0.0271844 0.777913 486.086 0.0201245 0.998489 0.0511331 9.08681 -0.778128 0.0477556 -0.626288 -198.051 
-0.627561 -0.0283153 0.778052 487.933 0.0192317 0.99847 0.0518487 9.13773 -0.77833 0.0475015 -0.626056 -199.557 
-0.627788 -0.0275481 0.777897 489.348 0.0208854 0.998417 0.0522127 9.12966 -0.778104 0.0490252 -0.626219 -200.775 
-0.62686 -0.0269804 0.778664 491.094 0.023504 0.99829 0.0535121 9.13658 -0.778777 0.0518463 -0.625154 -202.244 
-0.626357 -0.0284993 0.779015 492.446 0.0229002 0.998227 0.0549315 9.22727 -0.7792 0.0522463 -0.624594 -203.298 
-0.625483 -0.0293246 0.779687 493.77 0.0219318 0.998238 0.0551386 9.4103 -0.77993 0.0515882 -0.623737 -204.218 
-0.624607 -0.0301492 0.780357 495.095 0.0209636 0.998247 0.0553468 9.59378 -0.780658 0.0509291 -0.62288 -205.136 
-0.623729 -0.030973 0.781027 496.421 0.0199956 0.998255 0.055556 9.77771 -0.781385 0.050269 -0.622022 -206.054 
-0.62285 -0.031796 0.781695 497.749 0.0190279 0.998262 0.0557663 9.96207 -0.78211 0.049608 -0.621163 -206.97 
-0.621754 -0.031084 0.782595 499.476 0.0201383 0.998247 0.0556489 10.0437 -0.782953 0.05036 -0.620038 -208.272 
-0.621083 -0.0317345 0.783102 501.567 0.0194183 0.99825 0.0558538 10.1553 -0.783504 0.0498963 -0.61938 -209.896 
-0.62155 -0.0313599 0.782747 503.551 0.019503 0.998269 0.0554811 10.2648 -0.783132 0.0497501 -0.619862 -211.316 
-0.622128 -0.0312269 0.782292 505.756 0.0193832 0.998284 0.0552634 10.426 -0.782675 0.0495442 -0.620455 -212.793 
-0.621738 -0.0321602 0.782565 507.677 0.0189878 0.998244 0.0561092 10.5024 -0.782995 0.0497444 -0.620035 -214.319 
-0.620434 -0.0332783 0.783552 509.561 0.0176361 0.998255 0.0563615 10.6094 -0.78406 0.0487874 -0.618764 -215.812 
-0.619557 -0.0344523 0.784195 511.821 0.0181739 0.998139 0.05821 10.7517 -0.784741 0.0503163 -0.617778 -217.548 
-0.618799 -0.0330948 0.784852 514.292 0.0189212 0.998194 0.0570087 10.9344 -0.785321 0.0501273 -0.617056 -219.356 
-0.617427 -0.0318964 0.785981 516.866 0.0193154 0.998261 0.0556842 11.1417 -0.786391 0.0495625 -0.615738 -221.242 
-0.616053 -0.030697 0.787106 519.444 0.0197073 0.998327 0.054359 11.3448 -0.787458 0.0489998 -0.614418 -223.123 
-0.61522 -0.0312623 0.787735 521.53 0.0192279 0.998321 0.0546365 11.5207 -0.788121 0.0487599 -0.613586 -224.777 
-0.614904 -0.0320368 0.787951 523.157 0.0186549 0.998304 0.0551472 11.5504 -0.788381 0.0486094 -0.613263 -226.032 
-0.61526 -0.0317325 0.787685 525.158 0.018577 0.998328 0.0547288 11.6529 -0.788105 0.0483053 -0.613642 -227.583 
-0.61502 -0.0326017 0.787837 527.144 0.0189723 0.998244 0.0561191 11.7565 -0.788283 0.0494615 -0.613321 -229.141 
-0.615412 -0.0335939 0.787489 529.197 0.0193793 0.998144 0.0577249 11.8744 -0.787967 0.0507856 -0.613619 -230.686 
-0.615505 -0.0348325 0.787363 531.022 0.018362 0.998118 0.0585103 11.9457 -0.787919 0.050471 -0.613707 -232.135 
-0.61523 -0.0373889 0.78746 532.492 0.0166546 0.998035 0.060399 11.9346 -0.788171 0.0502741 -0.613399 -233.39 
-0.614951 -0.0399449 0.787553 533.962 0.0149479 0.997946 0.0622879 11.927 -0.788424 0.0500763 -0.613091 -234.645 
-0.614667 -0.0425007 0.787641 535.433 0.0132418 0.997851 0.0641772 11.9229 -0.788675 0.0498774 -0.612783 -235.899 
-0.613408 -0.044456 0.788514 536.464 0.0137177 0.997664 0.0669191 12.0108 -0.789647 0.0518652 -0.611365 -237.01 
-0.611013 -0.0465259 0.790252 537.333 0.0148249 0.997424 0.0701855 12.0664 -0.791482 0.0545996 -0.608749 -238.061 
-0.608615 -0.0486037 0.791976 538.204 0.0159419 0.997172 0.0734476 12.1267 -0.793305 0.057327 -0.606119 -239.108 
-0.606213 -0.0506894 0.793685 539.079 0.0170688 0.996908 0.0767054 12.1917 -0.795119 0.0600472 -0.603474 -240.153 
-0.603809 -0.0527829 0.79538 539.957 0.0182055 0.996632 0.0799589 12.2614 -0.796921 0.0627602 -0.600814 -241.195 
-0.6014 -0.0548841 0.79706 540.838 0.019352 0.996344 0.0832079 12.3357 -0.798713 0.065466 -0.59814 -242.234 
-0.598989 -0.056993 0.798726 541.723 0.0205082 0.996045 0.0864523 12.4148 -0.800494 0.0681645 -0.595451 -243.27 
-0.596574 -0.0591097 0.800378 542.61 0.0216742 0.995734 0.0896922 12.4985 -0.802265 0.0708556 -0.592748 -244.304 
-0.594157 -0.0612339 0.802015 543.5 0.0228498 0.995411 0.0929274 12.5868 -0.804025 0.0735394 -0.590031 -245.334 
-0.594543 -0.0613014 0.801723 544.404 0.0228997 0.995394 0.0930918 12.6545 -0.803737 0.0737063 -0.590401 -245.981 
-0.594897 -0.0621697 0.801394 545.939 0.0232787 0.995254 0.0944892 12.7631 -0.803465 0.0748667 -0.590626 -247.032 
-0.594853 -0.0635313 0.80132 547.419 0.0217295 0.995237 0.0950362 12.8772 -0.803541 0.0739449 -0.590639 -248.064 
-0.593484 -0.0653569 0.802188 549.153 0.0200266 0.99519 0.0958977 13.0017 -0.804597 0.0729788 -0.58932 -249.429 
-0.591356 -0.0668042 0.803639 550.997 0.0166743 0.995337 0.0950092 13.1326 -0.806238 0.0695844 -0.587484 -250.87 
-0.589464 -0.0654735 0.805137 553.121 0.0185099 0.995353 0.0944934 13.3575 -0.807582 0.0706035 -0.585513 -252.453 
-0.589224 -0.064855 0.805362 555.342 0.0190331 0.995382 0.0940823 13.5841 -0.807745 0.0707641 -0.585269 -253.993 
-0.590061 -0.0658767 0.804666 557.067 0.019823 0.995183 0.0960101 13.6526 -0.807115 0.0726027 -0.585913 -254.97 
-0.589365 -0.0672866 0.805059 558.667 0.0192819 0.99507 0.0972834 13.8096 -0.807636 0.0728585 -0.585162 -256.149 
-0.588821 -0.0664316 0.805528 560.165 0.019403 0.995168 0.0962542 13.8981 -0.80803 0.0723062 -0.584687 -257.324 
-0.588674 -0.0672193 0.805571 561.851 0.0178679 0.995211 0.0961004 14.0396 -0.808173 0.0709657 -0.584654 -258.333 
-0.587159 -0.0671335 0.806683 563.971 0.017796 0.995243 0.0957788 14.2679 -0.809276 0.0705931 -0.583171 -259.915 
-0.585384 -0.0668134 0.807998 566.019 0.0188317 0.995209 0.095937 14.4376 -0.810537 0.071376 -0.581321 -261.481 
-0.585126 -0.0668823 0.808179 568.174 0.0188858 0.995199 0.0960327 14.6632 -0.810722 0.0714544 -0.581054 -262.991 
-0.584796 -0.0672882 0.808385 570.537 0.0208775 0.994975 0.0979226 14.8696 -0.810912 0.0741419 -0.580453 -264.641 
-0.583632 -0.0680977 0.809158 572.658 0.0192303 0.995039 0.0976116 15.0974 -0.811791 0.0725296 -0.579427 -266.106 
-0.58206 -0.0695976 0.810162 574.822 0.0148428 0.995255 0.0961619 15.349 -0.81301 0.0679971 -0.578265 -267.57 
-0.582045 -0.0699819 0.810139 576.856 0.0154705 0.995156 0.0970788 15.5326 -0.813009 0.0690375 -0.578143 -268.962 
-0.582181 -0.0711866 0.809937 578.648 0.0155775 0.995 0.0986492 15.6877 -0.81291 0.0700485 -0.578161 -270.278 
-0.582592 -0.0725844 0.809517 580.165 0.0143419 0.994931 0.0995308 15.8449 -0.812638 0.0695958 -0.578598 -271.262 
-0.584623 -0.0715583 0.808143 581.49 0.0128616 0.99516 0.0974222 16.0051 -0.811203 0.0673493 -0.580873 -271.699 
-0.584972 -0.0693892 0.80808 582.642 0.0139308 0.995327 0.0955525 16.0802 -0.810934 0.0671527 -0.581272 -272.476 
-0.586798 -0.0676528 0.806902 583.956 0.0143137 0.995481 0.093873 16.2524 -0.809607 0.0666343 -0.583178 -272.955 
-0.588541 -0.0678523 0.805615 584.826 0.0136415 0.995497 0.0938107 16.3318 -0.808352 0.0662012 -0.584965 -273.325 
-0.589365 -0.0680153 0.804998 585.715 0.0103617 0.995731 0.0917167 16.4277 -0.8078 0.0623958 -0.586145 -273.709 
-0.590188 -0.0681823 0.804381 586.604 0.00708384 0.995951 0.089618 16.5223 -0.807234 0.0585896 -0.587316 -274.094 
-0.59101 -0.0683532 0.803763 587.493 0.00380803 0.996156 0.0875146 16.6156 -0.806655 0.0547827 -0.588478 -274.481 
-0.59183 -0.068528 0.803144 588.381 0.000534311 0.996346 0.0854065 16.7076 -0.806062 0.0509753 -0.589631 -274.868 
-0.592649 -0.0687067 0.802525 589.268 -0.00273726 0.996521 0.0832939 16.7983 -0.805456 0.0471674 -0.590776 -275.257 
-0.593467 -0.0688893 0.801905 590.155 -0.00600663 0.996682 0.0811766 16.8876 -0.804836 0.0433589 -0.591911 -275.647 
-0.594049 -0.0688835 0.801474 590.793 -0.00539755 0.996646 0.081657 16.9583 -0.804411 0.0441822 -0.592428 -276.022 
-0.594504 -0.0686533 0.801157 591.269 -0.00246393 0.996499 0.0835643 16.9899 -0.804089 0.0477053 -0.592592 -276.33 
-0.595193 -0.0689627 0.800618 591.986 -0.00300392 0.996495 0.0836017 17.0567 -0.803577 0.0473541 -0.593314 -276.706 
-0.594911 -0.0686897 0.800851 592.478 -0.00257938 0.9965 0.0835545 17.1078 -0.803788 0.0476418 -0.593006 -277.083 
-0.594628 -0.0684167 0.801084 592.97 -0.00215485 0.996505 0.0835071 17.1588 -0.803998 0.0479295 -0.592697 -277.461 
-0.595453 -0.0686684 0.80045 593.986 -0.00132071 0.996423 0.0844978 17.2487 -0.803389 0.0492573 -0.593413 -277.911 
-0.596955 -0.0689762 0.799304 594.879 -0.00178259 0.996409 0.0846541 17.336 -0.802272 0.0491099 -0.594934 -278.293 
-0.599659 -0.0689559 0.797279 595.911 -0.00323325 0.996481 0.0837528 17.4484 -0.800249 0.0476454 -0.597772 -278.686 
-0.602356 -0.0689406 0.795245 596.941 -0.00468084 0.996551 0.0828465 17.5604 -0.798214 0.0461807 -0.600601 -279.082 
-0.602641 -0.0684294 0.795073 598.225 -0.00278996 0.996491 0.0836501 17.6214 -0.798007 0.0481928 -0.600718 -279.76 
-0.602898 -0.0684213 0.794878 599.674 9.50128e-05 0.99631 0.085832 17.6042 -0.797818 0.0518235 -0.600667 -280.513 
