1 -4.23778e-08 4.22719e-08 0 -4.23778e-08 1 -4.19404e-08 0 4.22719e-08 -4.19404e-08 1 0 
0.999072 -0.000713821 0.0430688 0.0656114 0.000815143 0.999997 -0.00233704 -0.0338123 -0.0430669 0.00236989 0.999069 1.04827 
0.996071 -0.00556323 0.0883857 0.139801 0.00623672 0.999953 -0.0073465 -0.0526749 -0.0883407 0.00786879 0.996059 2.08311 
0.991098 -0.00500191 0.13304 0.293493 0.00651695 0.999919 -0.0109555 -0.0826412 -0.132974 0.0117249 0.99105 3.14356 
0.98389 -0.00222622 0.178763 0.480651 0.00464131 0.999903 -0.0130935 -0.104917 -0.178716 0.0137122 0.983805 4.17763 
0.974656 -0.0049956 0.223651 0.802192 0.00805698 0.999886 -0.0127781 -0.161224 -0.223562 0.0142562 0.974585 5.26667 
0.963116 -0.0057894 0.269024 1.06547 0.00993023 0.999852 -0.0140341 -0.190638 -0.268903 0.0161879 0.963031 6.27245 
0.949918 -0.00901173 0.312368 1.38629 0.0149672 0.999749 -0.0166736 -0.222854 -0.312139 0.0205137 0.949815 7.2288 
0.93499 -0.0112514 0.354497 1.7497 0.0189963 0.999651 -0.0183751 -0.255308 -0.354166 0.0239146 0.934877 8.16705 
0.917975 -0.0109999 0.396486 2.16772 0.0201076 0.999621 -0.0188221 -0.306753 -0.396128 0.0252505 0.917848 9.08097 
0.89853 -0.0116443 0.438757 2.62781 0.02159 0.99961 -0.0176853 -0.336602 -0.43838 0.0253635 0.898432 10.0542 
0.87686 -0.0112426 0.480614 3.09459 0.0217053 0.999633 -0.016217 -0.382962 -0.480256 0.0246518 0.876782 10.9192 
0.852864 -0.0112129 0.522013 3.62364 0.0224728 0.999631 -0.0152439 -0.404134 -0.52165 0.024732 0.852801 11.8311 
0.827201 -0.0114334 0.56179 4.16783 0.0238928 0.999604 -0.0148372 -0.435743 -0.561398 0.0256961 0.827147 12.674 
0.800364 -0.0133869 0.599364 4.84461 0.0274811 0.999519 -0.0143728 -0.461197 -0.598884 0.0279746 0.800347 13.5041 
0.771531 -0.0119897 0.636078 5.4628 0.0279194 0.999497 -0.0150251 -0.487985 -0.635578 0.0293512 0.771478 14.2997 
0.740924 -0.0151665 0.671418 6.14218 0.032587 0.999379 -0.0133859 -0.516449 -0.670798 0.0317974 0.740958 15.0789 
0.708794 -0.0142898 0.70527 6.84558 0.0326788 0.999386 -0.0125931 -0.546269 -0.704658 0.0319733 0.708827 15.8054 
0.674675 -0.0129186 0.738002 7.58411 0.0338462 0.999336 -0.0134489 -0.571466 -0.737338 0.0340522 0.674665 16.503 
0.639579 -0.0144475 0.768589 8.35988 0.0382718 0.999182 -0.0130658 -0.607117 -0.767772 0.0377719 0.639609 17.1048 
0.602798 -0.01253 0.797795 9.14465 0.0380936 0.999188 -0.0130898 -0.633479 -0.796984 0.0382814 0.602786 17.7252 
0.56477 -0.0114177 0.825169 9.96076 0.0408411 0.999066 -0.014129 -0.661987 -0.824237 0.0416804 0.564709 18.3056 
0.525655 -0.00989677 0.85064 10.8377 0.0457275 0.998815 -0.0166368 -0.68052 -0.849468 0.0476429 0.525485 18.8742 
0.486658 -0.00865326 0.87355 11.7769 0.0472427 0.998748 -0.0164257 -0.693064 -0.872314 0.0492625 0.486458 19.418 
0.44827 -0.0104535 0.893837 12.7477 0.0520966 0.998537 -0.0144492 -0.723933 -0.892379 0.053043 0.448159 19.9024 
0.411366 -0.0113568 0.9114 13.6719 0.0559907 0.998349 -0.0128316 -0.750936 -0.909749 0.0563084 0.411322 20.3142 
0.376951 -0.00914441 0.926188 14.6631 0.0577727 0.998236 -0.0136574 -0.759563 -0.92443 0.0586565 0.376815 20.6741 
0.34419 -0.00987034 0.938848 15.6537 0.0588542 0.998205 -0.0110822 -0.772202 -0.937054 0.0590695 0.344153 21.0273 
0.31095 -0.0116165 0.950355 16.6272 0.0607441 0.998124 -0.00767473 -0.797578 -0.948483 0.0601149 0.311072 21.3396 
0.27824 -0.0118169 0.960439 17.6829 0.0619108 0.998066 -0.00565589 -0.818236 -0.958514 0.0610352 0.278433 21.6569 
0.246128 -0.00900495 0.969196 18.6804 0.0601695 0.99817 -0.006006 -0.826517 -0.967368 0.0597942 0.246219 21.9355 
0.215945 -0.00744954 0.976377 19.7419 0.0609936 0.998121 -0.00587459 -0.826374 -0.974498 0.0608213 0.215994 22.1542 
0.185664 -0.00750487 0.982585 20.7679 0.0630538 0.998001 -0.00429181 -0.849295 -0.980588 0.0627526 0.185766 22.3433 
0.155452 -0.00825027 0.987809 21.82 0.065571 0.997846 -0.00198493 -0.870358 -0.985665 0.0650802 0.155658 22.5131 
0.125427 -0.00889421 0.992063 22.864 0.0639373 0.997953 0.000863291 -0.878712 -0.99004 0.0633216 0.125739 22.6536 
0.0959854 -0.0090965 0.995341 24.0541 0.0646451 0.997904 0.0028858 -0.883879 -0.993281 0.0640669 0.0963723 22.8136 
0.068549 -0.00874642 0.997609 25.2442 0.0671399 0.997735 0.00413404 -0.877971 -0.995386 0.066696 0.068981 22.9304 
0.0435079 -0.0084997 0.999017 26.4001 0.0712127 0.997447 0.00538489 -0.879032 -0.996512 0.0709084 0.0440021 22.9857 
0.0212691 -0.00784157 0.999743 27.5931 0.0760141 0.997087 0.00620349 -0.871649 -0.99688 0.0758626 0.0218032 23.0232 
0.000584492 -0.00800705 0.999968 28.7533 0.0816936 0.996626 0.00793246 -0.866394 -0.996657 0.0816864 0.00123664 23.0378 
-0.0172657 -0.00896394 0.999811 29.9164 0.0861585 0.996227 0.0104196 -0.871098 -0.996132 0.0863221 -0.0164282 23.0181 
-0.0328817 -0.00886562 0.99942 31.2458 0.0893696 0.995929 0.0117749 -0.863483 -0.995456 0.089705 -0.0319555 22.991 
-0.0484355 -0.00951 0.998781 32.447 0.0905271 0.995797 0.0138716 -0.859467 -0.994715 0.0910886 -0.047371 22.9644 
-0.0618672 -0.0106125 0.998028 33.6293 0.0904634 0.995768 0.0161961 -0.855382 -0.993976 0.091287 -0.0606454 22.9046 
-0.0748513 -0.0107667 0.997136 34.8536 0.090152 0.995774 0.0175192 -0.843779 -0.993111 0.0912052 -0.0735643 22.842 
-0.0868329 -0.00807543 0.99619 36.1769 0.0896865 0.995843 0.0158901 -0.844019 -0.992178 0.0907245 -0.0857477 22.7834 
-0.0970164 -0.00485706 0.995271 37.449 0.0905723 0.995796 0.0136883 -0.838478 -0.991153 0.091472 -0.0961686 22.6714 
-0.106699 -0.00278019 0.994287 38.7497 0.0917695 0.9957 0.0126321 -0.847116 -0.990047 0.0925931 -0.105985 22.5595 
-0.113819 -0.00172657 0.9935 40.0579 0.0923612 0.995649 0.0123115 -0.829982 -0.989199 0.0931621 -0.113164 22.4214 
-0.119545 -0.00115805 0.992828 41.4202 0.0922966 0.995656 0.0122746 -0.832842 -0.988529 0.093102 -0.118919 22.2557 
-0.12461 0.000170877 0.992206 42.8132 0.0938474 0.995519 0.0116146 -0.832231 -0.987758 0.0945632 -0.124067 22.0864 
-0.129305 0.0017697 0.991603 44.2199 0.0923043 0.995678 0.0102595 -0.812907 -0.987299 0.0928559 -0.12891 21.9114 
-0.133524 0.00265544 0.991042 45.5991 0.0931781 0.9956 0.00988621 -0.801115 -0.986656 0.0936635 -0.133184 21.7566 
-0.136661 0.00161138 0.990616 47.0771 0.0922544 0.995673 0.0111073 -0.787473 -0.986313 0.0929067 -0.136218 21.5476 
-0.13902 -0.00062134 0.990289 48.5035 0.0934683 0.995527 0.0137459 -0.794086 -0.985869 0.0944716 -0.13834 21.3654 
-0.141435 -0.00146785 0.989946 49.9353 0.0937496 0.995485 0.0148701 -0.768923 -0.985498 0.0949103 -0.140659 21.1863 
-0.143194 -0.000912145 0.989694 51.4181 0.0974652 0.995126 0.0150188 -0.77472 -0.984884 0.0986113 -0.142407 20.9494 
-0.144967 -0.00128915 0.989436 52.8506 0.0972853 0.995135 0.0155503 -0.77055 -0.984642 0.0985118 -0.144137 20.791 
-0.14574 0.000117078 0.989323 54.2907 0.0990872 0.994973 0.014479 -0.753034 -0.984348 0.100139 -0.145019 20.5939 
-0.145758 0.00014321 0.98932 55.8158 0.0983607 0.995047 0.0143475 -0.737274 -0.984418 0.0994015 -0.14505 20.3963 
-0.145622 0.00142678 0.989339 57.3523 0.0983056 0.995071 0.0130346 -0.712881 -0.984444 0.0991558 -0.145045 20.2037 
-0.14449 0.00118458 0.989506 58.8888 0.0987088 0.995028 0.0132224 -0.70452 -0.984571 0.0995834 -0.143888 19.985 
-0.1431 0.000371712 0.989708 60.4474 0.0981068 0.99508 0.0138113 -0.685197 -0.984834 0.0990735 -0.142432 19.7935 
-0.142543 0.00103992 0.989788 62.0643 0.0993796 0.994961 0.0132666 -0.674267 -0.984787 0.100256 -0.141928 19.6083 
-0.141845 0.00141232 0.989888 63.6427 0.098936 0.995012 0.0127572 -0.667365 -0.984932 0.0997451 -0.141277 19.4092 
-0.141008 0.00138384 0.990007 65.2823 0.100394 0.994864 0.0129085 -0.689084 -0.984905 0.101211 -0.140423 19.2087 
-0.139944 0.00133979 0.990158 66.9438 0.10038 0.994866 0.0128409 -0.66774 -0.985058 0.101189 -0.13936 18.9786 
-0.139562 -0.00042705 0.990213 68.6364 0.101535 0.994723 0.0147393 -0.662371 -0.984994 0.102598 -0.138782 18.7707 
-0.138579 -0.00237845 0.990349 70.3455 0.103941 0.994439 0.0169326 -0.646817 -0.984882 0.105284 -0.137561 18.5433 
-0.137825 -0.00127283 0.990456 72.0746 0.105079 0.994337 0.0158997 -0.627754 -0.984867 0.106267 -0.13691 18.3162 
-0.137498 0.000165601 0.990502 73.69 0.107482 0.994097 0.0147539 -0.639787 -0.984653 0.108489 -0.136704 18.1265 
-0.137155 -0.000592104 0.990549 75.3505 0.106386 0.994207 0.0153248 -0.646134 -0.98482 0.107482 -0.136298 17.946 
-0.136947 -0.000752102 0.990578 77.0683 0.106633 0.994178 0.0154967 -0.634832 -0.984822 0.10775 -0.13607 17.7355 
-0.136623 -0.00207874 0.990621 78.8262 0.106671 0.994152 0.0167978 -0.623189 -0.984863 0.107965 -0.135603 17.4977 
-0.13578 -0.0017322 0.990737 80.578 0.109142 0.993886 0.0166954 -0.6024 -0.984709 0.110398 -0.134761 17.2664 
-0.13572 -0.00177513 0.990746 82.3516 0.109917 0.993798 0.0168379 -0.576829 -0.984631 0.111185 -0.134683 17.0397 
-0.135441 -0.000856937 0.990785 84.1123 0.110657 0.99373 0.0159863 -0.558754 -0.984586 0.111802 -0.134497 16.8142 
-0.135479 2.40237e-05 0.99078 85.9295 0.110963 0.993709 0.0151488 -0.541184 -0.984547 0.111992 -0.134629 16.5614 
-0.136567 0.000668051 0.990631 87.6416 0.110392 0.993782 0.0145482 -0.536665 -0.984461 0.111344 -0.135791 16.3555 
-0.137935 0.000972275 0.990441 89.4507 0.109221 0.993915 0.0142351 -0.526568 -0.984401 0.110141 -0.137202 16.1319 
-0.139127 1.28856e-05 0.990274 91.2398 0.108542 0.993975 0.0152365 -0.522703 -0.984308 0.109606 -0.13829 15.9179 
-0.140246 -0.000480491 0.990117 93.0186 0.108528 0.993967 0.0158548 -0.515038 -0.984151 0.109679 -0.139347 15.6835 
-0.140887 -0.00197422 0.990024 94.7832 0.106351 0.994181 0.0171169 -0.529923 -0.984297 0.107702 -0.139857 15.4653 
-0.144359 -0.00150522 0.989524 96.518 0.106848 0.994128 0.0170998 -0.535281 -0.98374 0.108197 -0.14335 15.3001 
-0.147036 -0.000816548 0.989131 98.3814 0.106072 0.99422 0.0165885 -0.523568 -0.983427 0.107359 -0.146099 15.0565 
-0.151355 -0.000382207 0.988479 100.208 0.10641 0.994182 0.0166777 -0.527208 -0.982735 0.107708 -0.150434 14.8065 
-0.155562 -0.00140912 0.987825 102.037 0.10475 0.994337 0.0179143 -0.515356 -0.982256 0.106262 -0.154534 14.5288 
-0.160156 -0.00188764 0.98709 103.948 0.103696 0.994433 0.0187264 -0.489655 -0.98163 0.105357 -0.159068 14.2493 
-0.164527 -0.00108882 0.986372 105.847 0.102506 0.994566 0.0181958 -0.469637 -0.981032 0.104103 -0.163522 13.9533 
-0.169157 0.000758413 0.985589 107.752 0.103426 0.994492 0.0169857 -0.444303 -0.980147 0.104809 -0.168303 13.6528 
-0.173472 0.00248745 0.984836 109.7 0.102772 0.994583 0.0155905 -0.425503 -0.979462 0.103918 -0.172788 13.3185 
-0.178511 0.00290443 0.983933 111.636 0.101411 0.994724 0.0154622 -0.400572 -0.978698 0.102542 -0.177864 12.9861 
-0.183465 0.00244503 0.983023 113.565 0.0993242 0.994925 0.0160626 -0.383267 -0.977995 0.100585 -0.182777 12.6755 
-0.188881 0.00183846 0.981998 115.535 0.0983275 0.995008 0.0170498 -0.363941 -0.977065 0.0997778 -0.188119 12.3286 
-0.194277 0.00143031 0.980946 117.508 0.097459 0.995079 0.0178508 -0.340347 -0.976093 0.09907 -0.193461 11.9633 
-0.199397 0.00147165 0.979918 119.48 0.0985707 0.994957 0.0185631 -0.323536 -0.974949 0.100293 -0.198536 11.5859 
-0.206076 0.00250578 0.978533 121.442 0.0989953 0.99492 0.0183003 -0.313995 -0.973515 0.100641 -0.205277 11.2106 
-0.211475 0.00355878 0.977377 123.418 0.0986101 0.994968 0.0177133 -0.292178 -0.972396 0.100125 -0.210762 10.8135 
-0.21668 0.00366756 0.976236 125.395 0.0999946 0.994817 0.0184568 -0.267731 -0.971108 0.101618 -0.215924 10.3945 
-0.222027 0.00394611 0.975032 127.391 0.099276 0.994886 0.0185799 -0.244106 -0.969973 0.100923 -0.221284 9.963 
-0.227434 0.00443257 0.973783 129.398 0.098673 0.994948 0.0185168 -0.231212 -0.968781 0.100298 -0.226722 9.53057 
-0.232373 0.00513167 0.972613 131.386 0.0982587 0.994994 0.0182257 -0.205813 -0.967651 0.0998029 -0.231714 9.08192 
-0.237245 0.00468457 0.971438 133.395 0.098714 0.994928 0.0193101 -0.174847 -0.966421 0.100476 -0.236504 8.63268 
-0.241143 0.00530112 0.970475 135.43 0.102122 0.994572 0.0199425 -0.144555 -0.965101 0.103916 -0.240376 8.14559 
-0.24399 0.00651534 0.969756 137.468 0.103962 0.994391 0.0194758 -0.101914 -0.964189 0.105569 -0.243299 7.63228 
-0.247212 0.00695863 0.968936 139.511 0.104193 0.994367 0.0194423 -0.0805843 -0.963343 0.105763 -0.246545 7.14011 
-0.249935 0.00657149 0.96824 141.522 0.103451 0.994434 0.0199547 -0.0577304 -0.96272 0.105153 -0.249224 6.62771 
-0.254103 0.00701444 0.967152 143.659 0.10094 0.994705 0.0193059 -0.0335475 -0.961895 0.10253 -0.253465 6.10447 
-0.258401 0.00757193 0.966008 145.683 0.0993312 0.994877 0.0187721 -0.0121751 -0.960917 0.100805 -0.257829 5.58869 
-0.262207 0.00716903 0.964985 147.684 0.0989949 0.994897 0.0195077 0.0030873 -0.959921 0.100644 -0.261579 5.0636 
-0.267489 0.00764888 0.96353 149.726 0.0989062 0.994904 0.0195597 0.0210794 -0.958471 0.100531 -0.266883 4.58316 
-0.271978 0.00798422 0.96227 151.762 0.0978471 0.995012 0.0193997 0.0350176 -0.957316 0.0994316 -0.271402 4.03695 
-0.275588 0.00788835 0.961243 153.671 0.0976001 0.995028 0.0198163 0.0572128 -0.956308 0.0992786 -0.274988 3.46478 
-0.279948 0.00722944 0.959988 155.654 0.0976123 0.995003 0.0209721 0.0645854 -0.95504 0.0995778 -0.279255 2.92702 
-0.283874 0.00718367 0.958835 157.693 0.0982197 0.99493 0.0216249 0.0785471 -0.953818 0.100315 -0.28314 2.34932 
-0.288211 0.00760544 0.957536 159.715 0.099645 0.994778 0.0220911 0.0838532 -0.952368 0.101781 -0.287464 1.79285 
-0.291597 0.00897944 0.956499 161.716 0.0999162 0.994772 0.0211215 0.107358 -0.951308 0.101729 -0.29097 1.21093 
-0.295063 0.0102303 0.955423 163.714 0.100463 0.994732 0.0203747 0.107821 -0.950182 0.101997 -0.294536 0.629418 
-0.299197 0.0107279 0.954131 165.483 0.100373 0.994743 0.0202904 0.109627 -0.948897 0.101839 -0.298701 0.191493 
-0.302449 0.0114437 0.953097 167.525 0.100259 0.994763 0.0198714 0.117383 -0.947878 0.101566 -0.302012 -0.421525 
-0.306086 0.0110296 0.95194 169.603 0.100193 0.994753 0.0206902 0.131528 -0.946717 0.10171 -0.305585 -1.04824 
-0.309818 0.0115166 0.950726 171.684 0.100562 0.994715 0.0207209 0.164305 -0.945463 0.102026 -0.309338 -1.71051 
-0.313728 0.0122062 0.949434 173.728 0.10262 0.994496 0.0211238 0.17297 -0.943951 0.104058 -0.313253 -2.34678 
-0.317115 0.0124123 0.948306 175.756 0.104101 0.994328 0.0217967 0.196329 -0.942656 0.105632 -0.316608 -2.98187 
-0.319872 0.0117588 0.947388 177.88 0.104829 0.994223 0.0230538 0.213257 -0.941643 0.106688 -0.319257 -3.65694 
-0.3228 0.0114252 0.946398 179.996 0.104451 0.994249 0.0236234 0.234006 -0.940686 0.106478 -0.322137 -4.34782 
-0.325792 0.0117856 0.945368 182.076 0.102309 0.99449 0.0228595 0.264262 -0.93989 0.104167 -0.325203 -5.02511 
-0.328722 0.0132974 0.944333 184.094 0.101111 0.994649 0.0211908 0.269583 -0.938999 0.102449 -0.328308 -5.70233 
-0.33165 0.0151468 0.943281 186.263 0.1007 0.994727 0.0194323 0.292269 -0.938013 0.101433 -0.331427 -6.43501 
-0.334794 0.0157929 0.942159 188.355 0.0987474 0.994942 0.0184119 0.303881 -0.937103 0.0992 -0.33466 -7.15496 
-0.338134 0.0166713 0.94095 190.48 0.0974766 0.995086 0.017398 0.31815 -0.936036 0.0976035 -0.338097 -7.86844 
-0.342198 0.0169228 0.939475 192.622 0.0984469 0.994981 0.0179359 0.335837 -0.934456 0.0986261 -0.342147 -8.60878 
-0.34619 0.016312 0.938023 194.747 0.0978943 0.995019 0.018826 0.356591 -0.933043 0.0983444 -0.346062 -9.33952 
-0.349914 0.015535 0.936653 196.854 0.0971965 0.995068 0.0198067 0.370239 -0.931726 0.09797 -0.349698 -10.0817 
-0.354149 0.0150323 0.935068 198.918 0.0967759 0.995092 0.0206557 0.378475 -0.930168 0.0978073 -0.353866 -10.8223 
-0.357394 0.0151431 0.933831 201.072 0.0956952 0.9952 0.0204859 0.399925 -0.929038 0.0966847 -0.357127 -11.6318 
-0.361308 0.0156894 0.932315 203.224 0.0949262 0.995283 0.0200384 0.421006 -0.927602 0.0957411 -0.361093 -12.4119 
-0.364516 0.016297 0.931054 205.357 0.0945172 0.995331 0.0195822 0.43417 -0.926388 0.0951387 -0.364355 -13.2098 
-0.366959 0.0170257 0.930081 207.482 0.0953011 0.99526 0.0193816 0.448542 -0.925343 0.09575 -0.366842 -14.0296 
-0.369285 0.016931 0.929162 209.587 0.0972084 0.995053 0.0205027 0.456579 -0.924218 0.0978937 -0.369104 -14.839 
-0.372284 0.0159588 0.927981 211.674 0.0971307 0.995032 0.0218546 0.474414 -0.923022 0.0982716 -0.371985 -15.632 
-0.375065 0.0161442 0.926858 213.695 0.0974403 0.994996 0.0220994 0.46447 -0.921863 0.0986021 -0.374761 -16.3861 
-0.377639 0.0170753 0.925795 215.773 0.0974431 0.995011 0.0213958 0.476294 -0.920811 0.0982923 -0.377419 -17.2086 
-0.380088 0.0166993 0.9248 217.78 0.096733 0.995072 0.0217885 0.462292 -0.919878 0.0977402 -0.37983 -17.9992 
-0.383782 0.017408 0.923259 219.879 0.0951202 0.995249 0.0207743 0.470125 -0.918511 0.0957935 -0.383615 -18.8091 
-0.387126 0.0185394 0.92184 221.942 0.0950851 0.99527 0.0199147 0.476349 -0.917111 0.0953628 -0.387058 -19.6079 
-0.389378 0.0181066 0.9209 223.904 0.0927417 0.995496 0.01964 0.465491 -0.916397 0.0930532 -0.389304 -20.3859 
-0.393149 0.0182828 0.919293 225.928 0.0927466 0.995491 0.0198661 0.446007 -0.914785 0.0930716 -0.393072 -21.1809 
-0.395829 0.0175636 0.918156 228.036 0.0944517 0.995293 0.0216801 0.434713 -0.913454 0.0953031 -0.395625 -22.0375 
-0.398777 0.0169494 0.916891 230.063 0.0954652 0.995164 0.0231237 0.45448 -0.912065 0.0967524 -0.398467 -22.8655 
-0.401843 0.0164925 0.91556 232.033 0.0942177 0.995276 0.023424 0.469202 -0.910848 0.0956747 -0.401499 -23.6938 
-0.404536 0.0158887 0.914384 233.997 0.0920165 0.995482 0.0234114 0.461057 -0.909881 0.0936092 -0.40417 -24.5656 
-0.40854 0.0154182 0.91261 236.132 0.0903018 0.995635 0.0236037 0.486795 -0.908262 0.0920534 -0.408149 -25.4674 
-0.41215 0.0148338 0.910995 238.273 0.0892277 0.995718 0.0241547 0.508514 -0.906736 0.0912414 -0.411709 -26.3509 
-0.4161 0.0147784 0.909199 240.355 0.088576 0.995772 0.0243516 0.517593 -0.904995 0.0906659 -0.415649 -27.239 
-0.420005 0.0141717 0.907411 242.252 0.0878299 0.995819 0.0251006 0.516648 -0.903262 0.0902402 -0.419494 -28.0878 
-0.424351 0.0132486 0.905401 244.175 0.0870272 0.995861 0.0262163 0.498583 -0.901306 0.0899194 -0.423748 -28.8911 
-0.427705 0.0131826 0.903822 246.214 0.0866953 0.995882 0.0265003 0.524537 -0.899751 0.0896915 -0.427086 -29.8217 
-0.431303 0.0142966 0.902094 248.421 0.0870507 0.995869 0.0258373 0.569309 -0.897997 0.0896716 -0.430766 -30.8531 
-0.43509 0.0149592 0.900263 250.598 0.0871658 0.995865 0.0255787 0.607404 -0.896158 0.0896012 -0.434595 -31.8606 
-0.438697 0.0147214 0.898514 252.717 0.0867742 0.995887 0.0260504 0.63533 -0.894436 0.0893961 -0.43817 -32.8561 
-0.442261 0.0155309 0.896752 254.797 0.0856796 0.996009 0.0250056 0.680761 -0.892784 0.0878924 -0.441827 -33.8197 
-0.445948 0.0153378 0.894927 256.87 0.085904 0.995971 0.0257369 0.698581 -0.890927 0.0883552 -0.445469 -34.8155 
-0.449235 0.0162728 0.893265 259.069 0.0873112 0.995848 0.0257683 0.737661 -0.889137 0.0895681 -0.448791 -35.8906 
-0.452726 0.0172973 0.891482 261.232 0.0885428 0.995742 0.0256448 0.764085 -0.887243 0.0905444 -0.45233 -36.9429 
-0.455973 0.0197248 0.889775 263.286 0.0906361 0.995586 0.0243767 0.79956 -0.885367 0.0917609 -0.455748 -37.9494 
-0.458915 0.0202782 0.888249 265.377 0.0918437 0.995466 0.0247252 0.823393 -0.88372 0.0929268 -0.458697 -38.9739 
-0.462108 0.0226946 0.886533 267.439 0.0935525 0.995342 0.0232844 0.87028 -0.881875 0.0936973 -0.462079 -39.9596 
-0.464564 0.0253824 0.885175 269.605 0.0951373 0.995234 0.0213923 0.913303 -0.880414 0.0941513 -0.464765 -41.0584 
-0.467433 0.025834 0.883651 271.649 0.0964974 0.995091 0.021953 0.917951 -0.878746 0.0955316 -0.467631 -42.0696 
-0.470247 0.0270435 0.88212 273.763 0.0974641 0.995008 0.0214525 0.945309 -0.877136 0.0960631 -0.470535 -43.1542 
-0.473126 0.0267481 0.880589 275.876 0.0963059 0.995119 0.0215166 0.981697 -0.875715 0.094986 -0.473393 -44.3007 
-0.476996 0.0275828 0.878473 278.03 0.0966531 0.995091 0.0212365 0.992713 -0.873575 0.0950369 -0.47732 -45.4065 
-0.481062 0.028249 0.876231 280.158 0.097177 0.99504 0.021272 0.986821 -0.871284 0.0953827 -0.481421 -46.4109 
-0.484465 0.0273692 0.874383 282.254 0.0943954 0.99531 0.0211468 1.00665 -0.869703 0.0927826 -0.484776 -47.4799 
-0.486629 0.0283467 0.873149 284.452 0.0960477 0.99515 0.0212224 1.05107 -0.868313 0.0941914 -0.486991 -48.6557 
-0.489431 0.0286086 0.871573 286.504 0.0978161 0.994955 0.0222699 1.06869 -0.866539 0.0961534 -0.48976 -49.6893 
-0.49234 0.0290143 0.869919 288.613 0.100001 0.994712 0.0234199 1.07348 -0.864639 0.098523 -0.492638 -50.7727 
-0.494356 0.0291723 0.86877 290.866 0.100092 0.994699 0.0235542 1.11239 -0.863478 0.0986009 -0.494655 -51.9522 
-0.49635 0.0280157 0.86767 292.996 0.0994535 0.994734 0.0247737 1.1361 -0.862407 0.0985893 -0.496522 -53.1499 
-0.498494 0.0274553 0.866458 295.288 0.100324 0.99461 0.0262025 1.15298 -0.861068 0.099988 -0.498561 -54.4284 
-0.501707 0.027322 0.864606 297.431 0.101597 0.994445 0.0275287 1.1578 -0.859051 0.101652 -0.501695 -55.5121 
-0.503384 0.0284714 0.863593 299.651 0.100641 0.994586 0.0258728 1.22498 -0.858182 0.0999365 -0.503524 -56.7523 
-0.505939 0.030792 0.862019 301.77 0.100754 0.994631 0.023606 1.25363 -0.856664 0.0987954 -0.506325 -57.9375 
-0.50876 0.0331931 0.860268 303.846 0.102195 0.99452 0.0220647 1.22318 -0.854821 0.0991409 -0.509364 -59.0446 
-0.512743 0.0319561 0.857947 306.001 0.0998164 0.994749 0.0226025 1.2813 -0.85272 0.0972266 -0.51324 -60.3019 
-0.516455 0.030535 0.85577 308.16 0.0977544 0.994933 0.0234939 1.33796 -0.850716 0.0957888 -0.516823 -61.6008 
-0.520155 0.0291076 0.853576 310.313 0.0956882 0.995113 0.0243767 1.39685 -0.848694 0.0943568 -0.520398 -62.9087 
-0.523843 0.027674 0.851365 312.461 0.093618 0.995288 0.0252506 1.45796 -0.846655 0.0929305 -0.523965 -64.2256 
-0.527753 0.0290139 0.848902 314.672 0.0959299 0.995058 0.0256292 1.49951 -0.843963 0.0949611 -0.527928 -65.5631 
-0.532168 0.0319572 0.846035 316.904 0.100799 0.994571 0.0258358 1.56028 -0.840617 0.0990281 -0.532501 -66.8657 
-0.536554 0.0349217 0.843143 319.13 0.105663 0.99406 0.0260688 1.62123 -0.837225 0.103077 -0.537057 -68.1804 
-0.540657 0.0330802 0.840592 321.378 0.105032 0.994062 0.0284353 1.66305 -0.83466 0.103663 -0.540921 -69.5673 
-0.544711 0.0312161 0.838043 323.592 0.102777 0.994259 0.0297677 1.70947 -0.832302 0.102346 -0.544792 -70.9453 
-0.548684 0.0301101 0.835487 325.787 0.100439 0.994487 0.03012 1.74292 -0.829975 0.100442 -0.548683 -72.3458 
-0.55284 0.0297921 0.832755 328.002 0.0995509 0.994565 0.0305078 1.79057 -0.82732 0.0997674 -0.552801 -73.7516 
-0.55635 0.0295209 0.830423 330.178 0.0997659 0.994513 0.031485 1.85029 -0.824937 0.100365 -0.556243 -75.1918 
-0.560203 0.0293469 0.827835 332.426 0.10122 0.994308 0.0332478 1.87477 -0.822148 0.102419 -0.559985 -76.6891 
-0.563688 0.0278252 0.825519 334.579 0.098903 0.994516 0.0340123 1.92103 -0.820045 0.100819 -0.563349 -78.1154 
-0.567376 0.0280555 0.822981 336.799 0.0985309 0.994552 0.0340244 2.01274 -0.817543 0.100394 -0.567049 -79.576 
-0.571052 0.0282838 0.820426 339.012 0.0981587 0.994589 0.0340348 2.1045 -0.815024 0.0999677 -0.570738 -81.0467 
-0.574717 0.0285102 0.817855 341.218 0.0977866 0.994625 0.0340435 2.1963 -0.812489 0.0995406 -0.574416 -82.5272 
-0.578371 0.0287347 0.815268 343.418 0.0974143 0.994661 0.0340505 2.28815 -0.809937 0.0991126 -0.578082 -84.0176 
-0.581503 0.0277014 0.813072 345.557 0.0939032 0.995026 0.0332582 2.33701 -0.808107 0.0956899 -0.581212 -85.5109 
-0.583857 0.0251155 0.811468 347.778 0.0913988 0.9952 0.0349598 2.40585 -0.806695 0.0945787 -0.58335 -87.0688 
-0.587166 0.0247916 0.809086 349.969 0.0917496 0.995128 0.0360918 2.4778 -0.80425 0.0954253 -0.58658 -88.6003 
-0.590367 0.0254507 0.806734 352.011 0.0921243 0.995096 0.0360233 2.53431 -0.80186 0.0955868 -0.589816 -89.9816 
-0.593749 0.0247575 0.804269 354.186 0.0899446 0.995304 0.0357632 2.61256 -0.799608 0.0935741 -0.593188 -91.5384 
-0.59718 0.0209032 0.801835 356.347 0.0871784 0.99543 0.0389775 2.68173 -0.797356 0.0931793 -0.596273 -93.0762 
-0.600185 0.0191785 0.799631 358.456 0.0854948 0.995523 0.0402936 2.75983 -0.795279 0.092548 -0.599138 -94.6004 
-0.603831 0.0172862 0.796924 360.557 0.0831901 0.995672 0.041436 2.81457 -0.792759 0.0913166 -0.602656 -96.1215 
-0.607005 0.0168108 0.79452 362.702 0.0814756 0.995824 0.0411763 2.8936 -0.790511 0.0897283 -0.60584 -97.6979 
-0.608997 0.016392 0.793003 364.845 0.0813576 0.995804 0.0418955 2.97219 -0.788989 0.0900311 -0.607775 -99.3006 
-0.610886 0.0161786 0.791553 366.981 0.081373 0.995779 0.0424471 3.05239 -0.787526 0.0903414 -0.609624 -100.928 
-0.612159 0.0160881 0.790571 369.109 0.0830795 0.995568 0.0440708 3.11992 -0.786358 0.0926586 -0.610783 -102.582 
-0.614141 0.0125073 0.789097 371.312 0.073234 0.996463 0.0412026 3.21049 -0.785791 0.083093 -0.612885 -104.272 
-0.617582 0.0160579 0.786342 373.256 0.0664725 0.99728 0.031841 3.31601 -0.783692 0.0719346 -0.61697 -105.733 
-0.620684 0.0195727 0.783816 375.048 0.0598929 0.997951 0.0225076 3.44332 -0.78177 0.0609152 -0.620584 -107.19 
-0.621726 0.0205451 0.782965 377.113 0.0676033 0.997333 0.0275114 3.45899 -0.780311 0.0700356 -0.621457 -108.783 
-0.623609 0.0109554 0.78166 379.173 0.0665862 0.997012 0.0391488 3.49616 -0.778896 0.0764613 -0.622475 -110.388 
-0.624824 6.71385e-06 0.780765 381.252 0.0602495 0.997018 0.0482074 3.57543 -0.778437 0.0771619 -0.622962 -112.159 
-0.62814 -0.00564637 0.77808 383.375 0.0543623 0.997212 0.0511229 3.71614 -0.776199 0.0744106 -0.626081 -113.804 
-0.630828 -0.00587742 0.775901 385.481 0.0534984 0.997262 0.0510498 3.8178 -0.774076 0.0737131 -0.628786 -115.441 
-0.634228 -0.000741035 0.773146 387.417 0.0581342 0.997123 0.0486444 3.90178 -0.770957 0.0757979 -0.63236 -116.836 
-0.638017 0.00435622 0.77001 389.386 0.0621626 0.997011 0.0458663 4.03388 -0.767509 0.0771293 -0.636381 -118.16 
-0.640626 0.00708148 0.767821 391.505 0.0628166 0.997089 0.0432145 4.11372 -0.76528 0.0759162 -0.639206 -119.866 
-0.642915 0.0103173 0.765868 393.58 0.064283 0.997108 0.0405305 4.17551 -0.763235 0.07529 -0.641719 -121.555 
-0.645459 0.0103135 0.763725 395.549 0.065992 0.996923 0.0423101 4.23052 -0.760938 0.0777092 -0.644154 -123.103 
-0.647643 0.0104339 0.761872 397.64 0.0673824 0.996773 0.0436287 4.34136 -0.758959 0.0795927 -0.646256 -124.822 
-0.649927 0.0100416 0.75993 399.114 0.0682307 0.996646 0.0451845 4.30238 -0.756927 0.0812172 -0.648433 -126.001 
-0.651883 0.00984678 0.758256 400.694 0.0708583 0.996332 0.0479794 4.24437 -0.755002 0.0850057 -0.650189 -127.259 
-0.653834 0.0096617 0.756576 402.27 0.0734777 0.996003 0.0507803 4.19183 -0.753062 0.0887934 -0.651931 -128.521 
-0.655782 0.00948642 0.754891 403.844 0.0760889 0.99566 0.0535871 4.14477 -0.751106 0.0925803 -0.653657 -129.788 
-0.657725 0.00932093 0.7532 405.414 0.0786917 0.995302 0.0563998 4.1032 -0.749136 0.0963662 -0.655369 -131.058 
-0.659465 0.00865925 0.751685 407.19 0.0804743 0.995001 0.0591391 4.15512 -0.747415 0.0994916 -0.656865 -132.549 
-0.661149 0.00754828 0.750216 408.922 0.0821099 0.994671 0.0623538 4.1946 -0.745747 0.102825 -0.658246 -134.021 
-0.662914 0.00758538 0.748657 410.493 0.0773994 0.995285 0.0584507 4.31909 -0.744684 0.0966935 -0.660376 -135.331 
-0.664658 0.00623166 0.747122 412.061 0.0742258 0.995569 0.0577291 4.36044 -0.743452 0.0938258 -0.662175 -136.67 
-0.665957 0.00495178 0.745973 413.347 0.071086 0.995849 0.0568505 4.3999 -0.742595 0.0908883 -0.663545 -137.823 
-0.6667 0.00410967 0.745315 415.285 0.0694707 0.995974 0.0566512 4.49608 -0.742081 0.0895469 -0.664301 -139.479 
-0.66792 0.00276021 0.744228 417.107 0.066278 0.99624 0.0557873 4.59869 -0.741276 0.0865874 -0.665592 -140.992 
-0.668114 0.00240744 0.744055 419.1 0.0652163 0.996336 0.0553363 4.71349 -0.741196 0.0854954 -0.665823 -142.749 
-0.667392 0.000821654 0.744706 420.993 0.0655901 0.996178 0.0576815 4.81638 -0.741812 0.0873415 -0.664895 -144.472 
-0.667161 0.000119398 0.744913 422.974 0.0688414 0.99573 0.0614962 4.93676 -0.741726 0.0923088 -0.664321 -146.223 
-0.666275 -0.00154927 0.745704 425.076 0.0727264 0.995096 0.0670473 5.0777 -0.742151 0.0989044 -0.662895 -148.065 
-0.665315 -0.00176592 0.746561 427.094 0.0768523 0.994523 0.0708411 5.23987 -0.742597 0.104507 -0.661535 -149.814 
-0.664721 -0.00406998 0.747081 429.11 0.0717879 0.99501 0.0692944 5.37753 -0.743635 0.0996929 -0.661112 -151.44 
-0.664158 -0.00522077 0.747574 431.136 0.0635235 0.995965 0.0633907 5.53012 -0.744889 0.08959 -0.661146 -153.154 
-0.662408 -0.00790323 0.749101 433.026 0.0582319 0.996376 0.0620047 5.63874 -0.746877 0.084694 -0.659547 -154.799 
-0.659517 -0.00824427 0.751644 435.035 0.0565268 0.996564 0.060529 5.77157 -0.749561 0.082408 -0.656785 -156.525 
-0.655778 -0.0072925 0.754919 437.019 0.0597587 0.996314 0.0615351 5.89573 -0.752585 0.0854663 -0.652925 -158.288 
-0.652087 -0.00768626 0.758105 439.038 0.0600664 0.996281 0.0617673 6.02118 -0.755761 0.0858144 -0.6492 -160.005 
-0.649057 -0.00688055 0.760709 441.094 0.0578537 0.996617 0.0583766 6.15516 -0.758537 0.0818996 -0.646463 -161.724 
-0.647124 -0.0119046 0.762292 443.178 0.0510095 0.996961 0.0588722 6.27619 -0.760676 0.0769818 -0.64455 -163.458 
-0.646151 -0.0185033 0.762985 445.236 0.0418614 0.997342 0.059638 6.39934 -0.76206 0.0704748 -0.643659 -165.153 
-0.64575 -0.021736 0.763239 447.296 0.0348909 0.99771 0.0579333 6.52577 -0.762751 0.0640406 -0.643514 -166.818 
-0.644664 -0.0225211 0.764134 449.165 0.0331425 0.997803 0.0573687 6.62093 -0.763747 0.0623089 -0.642501 -168.379 
-0.643662 -0.0224449 0.764981 451.161 0.0349775 0.997662 0.0587022 6.74816 -0.76451 0.0645415 -0.641372 -169.944 
-0.641456 -0.0232881 0.766806 453.241 0.0374149 0.9974 0.0615899 6.87927 -0.766247 0.0681972 -0.638917 -171.692 
-0.641109 -0.0257296 0.767018 455.171 0.0354377 0.997379 0.0630775 7.00258 -0.766631 0.0676209 -0.638517 -173.215 
-0.640466 -0.0261042 0.767543 457.109 0.0330787 0.997557 0.061529 7.10853 -0.767274 0.0647966 -0.638038 -174.803 
-0.638918 -0.0243089 0.76889 459.146 0.033175 0.9977 0.0591099 7.2728 -0.768559 0.0632744 -0.636642 -176.562 
-0.638078 -0.0225223 0.769642 461.228 0.0341488 0.997761 0.0575091 7.40535 -0.769214 0.0629777 -0.63588 -178.236 
-0.636555 -0.0221936 0.770912 463.33 0.036773 0.997575 0.0590829 7.53061 -0.770354 0.0659582 -0.634195 -179.954 
-0.634815 -0.0220237 0.77235 465.446 0.0384291 0.997457 0.0600285 7.67916 -0.771708 0.0677877 -0.632354 -181.685 
-0.634182 -0.0221481 0.772866 467.52 0.03861 0.997435 0.0602653 7.81029 -0.772219 0.0680596 -0.631701 -183.353 
-0.633492 -0.0229777 0.773408 469.156 0.0376418 0.99746 0.0604663 7.90797 -0.772833 0.0674174 -0.631018 -184.493 
-0.633145 -0.0222248 0.773714 470.892 0.0386847 0.99743 0.0603074 8.0565 -0.773066 0.0681142 -0.630658 -185.623 
-0.632461 -0.0234824 0.774236 472.655 0.0377489 0.997418 0.0610879 8.12999 -0.773672 0.0678623 -0.629942 -186.878 
-0.631592 -0.0234167 0.774947 474.872 0.0362314 0.99756 0.0596725 8.28268 -0.774453 0.0657662 -0.629203 -188.621 
-0.630441 -0.022052 0.775924 476.907 0.0363083 0.997664 0.0578545 8.40504 -0.775388 0.0646463 -0.628168 -190.246 
-0.629935 -0.022624 0.776318 478.988 0.0362679 0.997628 0.0585026 8.52982 -0.775801 0.0650083 -0.62762 -191.87 
-0.629714 -0.0247586 0.776432 481.032 0.0335719 0.997691 0.059042 8.63789 -0.776101 0.0632459 -0.627429 -193.453 
-0.628964 -0.026652 0.776977 482.999 0.0302946 0.997813 0.0587506 8.77159 -0.776844 0.0604903 -0.626781 -195.02 
-0.628743 -0.0277834 0.777117 484.844 0.0294043 0.997797 0.0594632 8.84085 -0.777057 0.0602376 -0.626541 -196.528 
-0.628969 -0.0270139 0.776961 486.257 0.0310551 0.997725 0.0598293 8.84764 -0.77681 0.0617594 -0.626699 -197.748 
-0.628041 -0.0264419 0.777731 488.001 0.0336817 0.997562 0.0611147 8.87248 -0.777451 0.0645778 -0.625619 -199.22 
-0.627539 -0.0279602 0.778083 489.351 0.0330831 0.997495 0.0625267 8.97596 -0.777882 0.0649793 -0.625042 -200.274 
-0.626666 -0.0287865 0.778756 490.674 0.0321236 0.997514 0.0627226 9.1701 -0.778626 0.0643226 -0.624183 -201.194 
-0.625791 -0.029612 0.779428 491.998 0.0311644 0.997532 0.0629196 9.36466 -0.779368 0.063665 -0.623324 -202.112 
-0.624915 -0.0304368 0.780099 493.323 0.0302053 0.997549 0.0631176 9.55965 -0.780108 0.0630063 -0.622464 -203.029 
-0.624038 -0.0312609 0.780769 494.648 0.0292465 0.997565 0.0633167 9.75507 -0.780847 0.0623467 -0.621604 -203.945 
-0.622943 -0.0305478 0.781671 496.374 0.030367 0.99754 0.0631845 9.85245 -0.781678 0.0630974 -0.620483 -205.248 
-0.622273 -0.0311989 0.782179 498.462 0.0296538 0.997549 0.0633809 9.98382 -0.782239 0.0626348 -0.619822 -206.874 
-0.622739 -0.0308246 0.781822 500.444 0.029734 0.997569 0.0630145 10.1105 -0.781865 0.0624883 -0.620309 -208.296 
-0.623317 -0.0306919 0.781367 502.648 0.0296087 0.997586 0.0628045 10.2894 -0.781409 0.0622824 -0.620904 -209.774 
-0.622927 -0.0316249 0.78164 504.566 0.0292172 0.997545 0.0636449 10.3844 -0.781734 0.0624835 -0.620474 -211.302 
-0.621626 -0.0327444 0.78263 506.448 0.0278786 0.997568 0.0638805 10.5096 -0.782818 0.0615284 -0.619201 -212.796 
-0.620749 -0.0339162 0.783275 508.705 0.0284247 0.997433 0.065716 10.6729 -0.783493 0.0630575 -0.618192 -214.534 
-0.619992 -0.0325589 0.783932 511.173 0.0291789 0.997491 0.0645054 10.8775 -0.784065 0.0628671 -0.617486 -216.343 
-0.618621 -0.0313614 0.785063 513.745 0.0295861 0.997564 0.0631637 11.1077 -0.785132 0.0623014 -0.616187 -218.23 
-0.617249 -0.0301628 0.786189 516.32 0.0299909 0.997636 0.0618213 11.3336 -0.786196 0.0617377 -0.614885 -220.113 
-0.616417 -0.0307284 0.78682 518.404 0.0295196 0.997634 0.0620879 11.5295 -0.786866 0.0614987 -0.614051 -221.768 
-0.616101 -0.0315032 0.787037 520.028 0.0289498 0.997619 0.0625944 11.5745 -0.787135 0.0613491 -0.613722 -223.025 
-0.616457 -0.0311993 0.78677 522.027 0.0288686 0.997647 0.062181 11.6958 -0.786859 0.0610449 -0.614106 -224.577 
-0.616217 -0.0320668 0.786923 524.01 0.029266 0.997548 0.063567 11.8183 -0.787032 0.0622012 -0.613768 -226.137 
-0.616609 -0.033057 0.786575 526.061 0.0296691 0.997432 0.0651766 11.955 -0.78671 0.0635255 -0.614045 -227.683 
-0.616702 -0.0342961 0.786449 527.884 0.0286513 0.997411 0.0659631 12.0439 -0.786675 0.0632124 -0.614123 -229.134 
-0.616428 -0.0368528 0.786548 529.352 0.0269472 0.997332 0.0678477 12.0481 -0.78695 0.0630185 -0.613791 -230.391 
-0.61615 -0.0394093 0.786642 530.82 0.0252436 0.997246 0.0697326 12.0558 -0.787224 0.0628235 -0.613459 -231.648 
-0.615868 -0.0419654 0.786731 532.289 0.0235408 0.997154 0.0716177 12.067 -0.787498 0.0626273 -0.613127 -232.904 
-0.614609 -0.0439177 0.787608 533.318 0.0240284 0.996943 0.0743409 12.1686 -0.788466 0.0646156 -0.611675 -234.016 
-0.612217 -0.0459835 0.789351 534.186 0.0251578 0.996669 0.077573 12.2372 -0.790289 0.0673499 -0.609021 -235.067 
-0.609821 -0.0480573 0.79108 535.056 0.0262969 0.996383 0.0808007 12.3104 -0.792102 0.070077 -0.606352 -236.116 
-0.607422 -0.0501389 0.792795 535.929 0.0274457 0.996086 0.0840239 12.3883 -0.793905 0.0727968 -0.603668 -237.161 
-0.605019 -0.0522283 0.794496 536.806 0.0286042 0.995776 0.0872425 12.4708 -0.795697 0.0755093 -0.60097 -238.203 
-0.602614 -0.0543256 0.796182 537.685 0.0297723 0.995455 0.0904565 12.558 -0.797478 0.0782145 -0.598257 -239.243 
-0.600204 -0.0564305 0.797853 538.568 0.03095 0.995122 0.0936658 12.6498 -0.799248 0.0809122 -0.59553 -240.279 
-0.597792 -0.0585432 0.799511 539.454 0.0321373 0.994778 0.0968703 12.7463 -0.801007 0.0836024 -0.592789 -241.312 
-0.595376 -0.0606634 0.801154 540.342 0.0333342 0.994422 0.10007 12.8473 -0.802755 0.0862851 -0.590033 -242.343 
-0.595762 -0.0607307 0.800861 541.245 0.0333806 0.994403 0.100239 12.9228 -0.802467 0.0864519 -0.590401 -242.99 
-0.596116 -0.0615973 0.800532 542.779 0.0337562 0.994248 0.101639 13.0441 -0.802189 0.0876118 -0.590608 -244.042 
-0.596072 -0.0629602 0.800459 544.257 0.0322081 0.994244 0.102187 13.1707 -0.802285 0.0866919 -0.590613 -245.075 
-0.594706 -0.0647874 0.801329 545.989 0.0305182 0.99421 0.103031 13.3118 -0.803364 0.0857281 -0.589285 -246.441 
-0.592581 -0.0662398 0.802782 547.831 0.0271861 0.994401 0.102118 13.4602 -0.805052 0.082338 -0.587463 -247.883 
-0.590691 -0.0649076 0.804283 549.953 0.0290378 0.994404 0.101577 13.7043 -0.806375 0.0833552 -0.585501 -249.467 
-0.590451 -0.0642888 0.804509 552.171 0.029563 0.99443 0.101163 13.9495 -0.806532 0.0835153 -0.585262 -251.007 
-0.591287 -0.0653078 0.803812 553.895 0.0303451 0.994208 0.103099 14.0296 -0.80589 0.0853527 -0.585881 -251.985 
-0.590592 -0.0667174 0.804207 555.493 0.0298104 0.994092 0.104362 14.2009 -0.806419 0.0856093 -0.585114 -253.165 
-0.590049 -0.0658632 0.804677 556.99 0.0299363 0.994197 0.103327 14.3036 -0.806812 0.0850569 -0.584653 -254.341 
-0.589902 -0.0666528 0.804719 558.674 0.028403 0.994258 0.103173 14.4572 -0.806975 0.0837183 -0.584622 -255.351 
-0.588389 -0.0665676 0.805833 560.792 0.0283445 0.994295 0.102832 14.7046 -0.808081 0.083346 -0.583145 -256.933 
-0.586615 -0.0662463 0.807152 562.837 0.0293953 0.99425 0.102966 14.8934 -0.809332 0.0841279 -0.581295 -258.5 
-0.586358 -0.0663151 0.807333 564.99 0.0294516 0.994239 0.103058 15.1372 -0.809516 0.0842063 -0.581027 -260.01 
-0.586027 -0.066717 0.80754 567.351 0.0314455 0.993981 0.10494 15.3635 -0.809681 0.0868913 -0.580402 -261.66 
-0.584865 -0.0675289 0.808315 569.469 0.0298091 0.994066 0.104616 15.609 -0.810583 0.0852812 -0.579381 -263.126 
-0.583297 -0.0690357 0.80932 571.631 0.0254368 0.99434 0.103151 15.8783 -0.81186 0.0807542 -0.57824 -264.59 
-0.583282 -0.0694184 0.809298 573.664 0.0260644 0.994229 0.104066 16.0787 -0.811851 0.0817938 -0.578106 -265.983 
-0.583417 -0.0706217 0.809096 575.454 0.0261702 0.99406 0.105637 16.2496 -0.811751 0.0828046 -0.578104 -267.299 
-0.583829 -0.0720202 0.808676 576.969 0.0249314 0.993997 0.106524 16.4187 -0.811494 0.0823532 -0.578529 -268.283 
-0.585858 -0.0709974 0.807298 578.293 0.0234339 0.994254 0.104445 16.5838 -0.810075 0.0801082 -0.580828 -268.721 
-0.586206 -0.0688286 0.807233 579.445 0.0244997 0.994423 0.102581 16.6683 -0.809791 0.0799104 -0.581251 -269.499 
-0.58803 -0.0670929 0.806052 580.758 0.0248666 0.994583 0.100926 16.846 -0.808457 0.0793913 -0.583176 -269.977 
-0.589771 -0.067293 0.804762 581.627 0.0241792 0.994604 0.100887 16.9298 -0.807208 0.0789588 -0.584962 -270.348 
-0.590596 -0.0674618 0.804142 582.516 0.020893 0.994887 0.0988085 17.0301 -0.806697 0.0751569 -0.586167 -270.732 
-0.59142 -0.0676345 0.803522 583.404 0.0176086 0.995155 0.0967252 17.1292 -0.806171 0.0713541 -0.587364 -271.117 
-0.592242 -0.0678111 0.802901 584.292 0.014326 0.995409 0.094637 17.227 -0.805632 0.0675504 -0.588552 -271.504 
-0.593063 -0.0679916 0.80228 585.179 0.0110454 0.995647 0.0925441 17.3236 -0.80508 0.063746 -0.589731 -271.891 
-0.593883 -0.0681761 0.801658 586.066 0.00776672 0.995871 0.0904464 17.4188 -0.804514 0.0599408 -0.590901 -272.28 
-0.594701 -0.0683645 0.801035 586.953 0.00449009 0.99608 0.0883441 17.5127 -0.803934 0.056135 -0.592063 -272.671 
-0.595282 -0.0683574 0.800604 587.591 0.00509398 0.996034 0.0888311 17.5878 -0.803501 0.0569578 -0.592572 -273.045 
-0.595735 -0.0681219 0.800287 588.065 0.00802347 0.995842 0.0907405 17.6232 -0.803141 0.0604784 -0.592712 -273.353 
-0.596424 -0.0684319 0.799747 588.782 0.00747732 0.995842 0.0907873 17.6944 -0.802635 0.0601277 -0.593432 -273.73 
-0.596142 -0.0681584 0.799981 589.274 0.00790438 0.995844 0.0907361 17.7501 -0.80284 0.0604149 -0.593125 -274.108 
-0.595859 -0.067885 0.800214 589.765 0.00833142 0.995845 0.0906847 17.8057 -0.803045 0.0607023 -0.592818 -274.485 
-0.596683 -0.0681346 0.79958 590.78 0.00915812 0.995746 0.0916847 17.9009 -0.802425 0.0620293 -0.59352 -274.936 
-0.598184 -0.0684427 0.798431 591.673 0.00868273 0.995734 0.0918608 17.9926 -0.801312 0.0618822 -0.595037 -275.318 
-0.600885 -0.0684246 0.796401 592.704 0.00720765 0.995825 0.0909966 18.1096 -0.799303 0.0604187 -0.597883 -275.711 
-0.603579 -0.0684115 0.794363 593.734 0.00573548 0.995914 0.0901273 18.2261 -0.797282 0.058955 -0.60072 -276.107 
-0.603864 -0.0678973 0.794191 595.017 0.00762371 0.995828 0.0909323 18.2952 -0.797051 0.0609654 -0.600826 -276.786 
-0.604119 -0.0678836 0.793997 596.465 0.0105062 0.9956 0.0931135 18.2869 -0.796825 0.0645935 -0.600748 -277.541 
