1 -4.23778e-08 4.22719e-08 0 -4.23778e-08 1 -4.19404e-08 0 4.22719e-08 -4.19404e-08 1 0 
0.999996 -0.00239601 -0.00163902 -0.0143266 0.0024014 0.999991 0.00334516 -0.0293974 0.00163108 -0.00334916 0.999993 1.52062 
0.999991 -0.0027241 -0.00309979 -0.0403467 0.0027364 0.999988 0.00399706 -0.0467025 0.00308895 -0.00400559 0.999987 3.0447 
0.999989 -0.00147028 -0.00452255 -0.0767589 0.00148571 0.999993 0.00342916 -0.0574604 0.00451756 -0.00343593 0.999984 4.54338 
0.999981 -0.000994389 -0.00603573 -0.11321 0.00101452 0.999994 0.00334712 -0.0702344 0.00603245 -0.00335327 0.999976 6.03344 
0.999972 -0.000593237 -0.0074336 -0.153461 0.000619701 0.999993 0.00356961 -0.0868527 0.00743152 -0.0035742 0.999966 7.5514 
0.999963 -0.000947684 -0.00859104 -0.21057 0.000983027 0.999991 0.00412044 -0.112585 0.00858714 -0.00412882 0.999955 9.04651 
0.999938 -0.00290388 -0.0107526 -0.232227 0.00293965 0.99999 0.00332065 -0.125872 0.0107429 -0.00335214 0.999937 10.5459 
0.999916 -0.00423361 -0.0122688 -0.266749 0.00427783 0.999984 0.00358704 -0.143118 0.0122535 -0.00363931 0.999918 12.0478 
0.999899 -0.00383361 -0.0137017 -0.300905 0.00388289 0.999986 0.00357806 -0.161539 0.0136878 -0.00363098 0.9999 13.5492 
0.999878 -0.00355659 -0.0151767 -0.332488 0.00361553 0.999986 0.00386385 -0.183678 0.0151628 -0.00391834 0.999877 15.0447 
0.99987 -0.00203127 -0.0159609 -0.369343 0.00210718 0.999986 0.00474555 -0.208048 0.0159511 -0.00477865 0.999861 16.5396 
0.999859 -5.0452e-05 -0.0168152 -0.411263 0.000137865 0.999986 0.0052023 -0.217508 0.0168148 -0.00520396 0.999845 18.0168 
0.999848 0.000826344 -0.0174119 -0.456318 -0.000722671 0.999982 0.00596442 -0.22735 0.0174166 -0.00595102 0.999831 19.5135 
0.999839 0.000820457 -0.0179375 -0.500675 -0.000713519 0.999982 0.0059719 -0.244858 0.0179422 -0.00595822 0.999821 20.9691 
0.999818 0.00136761 -0.0190429 -0.535667 -0.00125064 0.99998 0.00615764 -0.258447 0.019051 -0.00613278 0.9998 22.4527 
0.999807 0.00171192 -0.0195659 -0.579758 -0.00157721 0.999975 0.00690263 -0.273571 0.0195773 -0.00687053 0.999785 23.8922 
0.999803 0.00230778 -0.019692 -0.622742 -0.00215217 0.999966 0.00792419 -0.282318 0.0197097 -0.00788033 0.999775 25.3552 
0.9998 0.00226046 -0.0198469 -0.66505 -0.00212773 0.999975 0.00671038 -0.295835 0.0198617 -0.00666689 0.99978 26.8102 
0.999791 0.00251617 -0.0202973 -0.70496 -0.00241945 0.999986 0.00479239 -0.307972 0.0203092 -0.00474237 0.999782 28.2259 
0.999798 0.000290788 -0.0200923 -0.750798 -0.000202939 0.99999 0.00437834 -0.320831 0.0200934 -0.00437346 0.999788 29.6464 
0.999795 -0.000696276 -0.0202365 -0.789002 0.000834093 0.999976 0.00680686 -0.329656 0.0202313 -0.00682243 0.999772 31.0677 
0.999791 -0.00187275 -0.020376 -0.829997 0.00203413 0.999967 0.0079063 -0.340899 0.0203606 -0.00794617 0.999761 32.4764 
0.999786 -0.00286376 -0.0204688 -0.877662 0.00301862 0.999967 0.00754291 -0.360438 0.0204466 -0.00760317 0.999762 33.8494 
0.999768 -0.00321505 -0.0212869 -0.902217 0.00333803 0.999978 0.00574849 -0.371228 0.021268 -0.0058183 0.999757 35.2176 
0.999781 -0.00217446 -0.0208191 -0.948397 0.00228028 0.999984 0.00506435 -0.387891 0.0208078 -0.0051108 0.99977 36.594 
0.999804 -0.00142547 -0.0197232 -0.999 0.00151019 0.99999 0.00428581 -0.406105 0.019717 -0.00431484 0.999796 37.9457 
0.999825 -0.00104108 -0.0186487 -1.0372 0.00113284 0.999987 0.00491497 -0.41671 0.0186434 -0.00493532 0.999814 39.2963 
0.999853 -0.000395271 -0.0171447 -1.08424 0.000513967 0.999976 0.00692423 -0.432844 0.0171416 -0.00693211 0.999829 40.6035 
0.999873 -0.00130063 -0.0158536 -1.11957 0.0014363 0.999962 0.00855426 -0.456113 0.0158419 -0.00857603 0.999838 41.9143 
0.999908 3.84426e-05 -0.0135889 -1.15444 8.82613e-05 0.999956 0.00932954 -0.47359 0.0135887 -0.00932996 0.999864 43.1689 
0.999949 -0.000231956 -0.0100718 -1.19168 0.000319514 0.999962 0.00870093 -0.487722 0.0100695 -0.00870379 0.999911 44.43 
0.999976 -0.000769365 -0.00680532 -1.20972 0.000817034 0.999975 0.0070171 -0.500061 0.00679984 -0.00702258 0.999952 45.666 
0.999994 -0.000493244 -0.00347136 -1.23332 0.000510195 0.999988 0.00490814 -0.504824 0.00346899 -0.00490996 0.999982 46.8955 
1 -0.000481105 0.00017632 -1.24417 0.000480026 0.999984 0.00559628 -0.525897 -0.000178925 -0.00559628 0.999984 48.0958 
0.999986 -5.43192e-05 0.00523942 -1.25051 2.57933e-05 0.999985 0.0054282 -0.538074 -0.00523955 -0.00542808 0.999971 49.309 
0.999934 0.00155171 0.011345 -1.25094 -0.00160446 0.999988 0.0046344 -0.55321 -0.0113376 -0.00465238 0.999925 50.5189 
0.999821 0.0024623 0.0187286 -1.25127 -0.00255274 0.999985 0.00480195 -0.567002 -0.0187164 -0.00484899 0.999813 51.7128 
0.999625 0.00389177 0.0270878 -1.23396 -0.00404404 0.999976 0.00556578 -0.575465 -0.0270654 -0.00567333 0.999617 52.9186 
0.999276 0.00613882 0.0375388 -1.21438 -0.00637292 0.999961 0.00611748 -0.587894 -0.0374997 -0.00635237 0.999276 54.0825 
0.998694 0.00862317 0.0503505 -1.17877 -0.00893143 0.999943 0.00589871 -0.598225 -0.0502966 -0.0063408 0.998714 55.2386 
0.997827 0.0107429 0.0650044 -1.1219 -0.0111833 0.999917 0.00641253 -0.610395 -0.06493 -0.00712564 0.997864 56.3922 
0.996629 0.0128468 0.0810321 -1.04878 -0.0135303 0.999877 0.00789026 -0.62328 -0.0809207 -0.00896013 0.99668 57.5196 
0.995017 0.0124923 0.098918 -0.960918 -0.0133897 0.999875 0.00841258 -0.635389 -0.0988005 -0.00969523 0.99506 58.6379 
0.992979 0.0116643 0.117711 -0.843151 -0.0126501 0.999891 0.00763038 -0.643857 -0.11761 -0.00906595 0.993018 59.7424 
0.990395 0.0108948 0.137836 -0.709846 -0.0119416 0.999906 0.00676917 -0.656361 -0.137749 -0.00835022 0.990432 60.8004 
0.987251 0.00842568 0.15895 -0.553434 -0.00957565 0.999933 0.00646973 -0.662925 -0.158885 -0.00790938 0.987265 61.8633 
0.983621 0.00307467 0.180223 -0.367503 -0.00472516 0.999951 0.00872894 -0.676847 -0.180187 -0.00943763 0.983587 62.9093 
0.979024 -0.00171402 0.203736 -0.164578 -0.000310145 0.999951 0.00990243 -0.683581 -0.203743 -0.00975799 0.978976 63.9587 
0.973783 -0.0068037 0.227376 0.0696534 0.00476543 0.999943 0.00951164 -0.695172 -0.227428 -0.0081788 0.97376 64.9676 
0.967559 -0.0131944 0.252301 0.331441 0.0115972 0.999902 0.00781619 -0.701867 -0.252379 -0.00463671 0.967617 65.9716 
0.960329 -0.0166724 0.278369 0.615527 0.0148694 0.999852 0.00858711 -0.707303 -0.278471 -0.00410735 0.960436 66.9509 
0.952016 -0.0194683 0.305429 0.919961 0.0169687 0.999797 0.0108365 -0.712134 -0.305578 -0.00513382 0.952153 67.9144 
0.942655 -0.023942 0.33291 1.25031 0.020558 0.999695 0.0136839 -0.714555 -0.333136 -0.00605524 0.942859 68.8539 
0.931971 -0.0274224 0.361493 1.60714 0.0242499 0.999617 0.0133102 -0.718731 -0.36172 -0.00363861 0.93228 69.7821 
0.920167 -0.0267214 0.390614 1.9778 0.0250104 0.999642 0.00946717 -0.724544 -0.390727 0.00105796 0.920506 70.6815 
0.9074 -0.0279187 0.41934 2.38349 0.0288639 0.999575 0.00409109 -0.725944 -0.419276 0.00839148 0.90782 71.5598 
0.893338 -0.0298819 0.448391 2.80353 0.0323813 0.999473 0.00209323 -0.737246 -0.448218 0.0126495 0.893835 72.4158 
0.877992 -0.0306976 0.477691 3.25691 0.032178 0.999469 0.00508545 -0.747209 -0.477593 0.0109061 0.878513 73.2584 
0.860551 -0.0295591 0.508506 3.73699 0.0279581 0.999551 0.0107892 -0.752743 -0.508597 0.00493221 0.860991 74.1011 
0.841268 -0.0298491 0.539793 4.24151 0.0261672 0.999552 0.0144906 -0.759005 -0.539984 0.00193429 0.841673 74.9096 
0.820381 -0.0235529 0.571332 4.7627 0.0218092 0.999713 0.00989647 -0.769053 -0.571401 0.00434133 0.82066 75.684 
0.798782 -0.0166283 0.601391 5.31079 0.0188878 0.999818 0.00255728 -0.768723 -0.601324 0.00931619 0.798951 76.4312 
0.776548 -0.0146286 0.629888 5.88336 0.0183893 0.999831 0.000549065 -0.774667 -0.629789 0.0111568 0.776686 77.15 
0.753645 -0.0168381 0.657066 6.49309 0.0190836 0.999811 0.00373251 -0.782902 -0.657004 0.00972617 0.753824 77.8481 
0.729492 -0.0169179 0.68378 7.11253 0.0191273 0.999808 0.00433087 -0.793029 -0.683721 0.00991946 0.729676 78.5175 
0.704872 -0.0155157 0.709165 7.76797 0.0206034 0.999787 0.00139528 -0.80123 -0.709035 0.0136277 0.705041 79.1539 
0.678926 -0.012859 0.734094 8.4245 0.0202233 0.999795 -0.00119033 -0.809013 -0.733928 0.0156539 0.679047 79.7702 
0.652279 -0.010571 0.757905 9.09545 0.0188197 0.99982 -0.00225182 -0.818121 -0.757745 0.0157323 0.652361 80.3568 
0.624857 -0.0092032 0.780685 9.80533 0.0189303 0.999815 -0.00336542 -0.828493 -0.780509 0.0168815 0.624916 80.9228 
0.596432 -0.00276045 0.802659 10.5186 0.0175772 0.999799 -0.00962275 -0.846843 -0.802471 0.0198477 0.596361 81.4616 
0.566447 0.00657684 0.824072 11.246 0.0161719 0.999687 -0.0190947 -0.864834 -0.82394 0.0241429 0.566163 81.9801 
0.535481 0.0147001 0.84442 11.9972 0.0150509 0.999524 -0.0269447 -0.895682 -0.844413 0.0271377 0.535004 82.4805 
0.504315 0.0197092 0.863295 12.7887 0.0125639 0.999466 -0.0301576 -0.923293 -0.863428 0.0260552 0.503798 82.9505 
0.471695 0.019281 0.881551 13.5904 0.0104209 0.999569 -0.0274383 -0.958637 -0.8817 0.022129 0.471291 83.401 
0.438523 0.0181184 0.898537 14.4198 0.00603181 0.999715 -0.0231024 -0.987364 -0.898699 0.0155507 0.438289 83.8229 
0.404666 0.019547 0.914256 15.2688 0.00176976 0.999753 -0.0221584 -1.0154 -0.914463 0.0105848 0.404531 84.2056 
0.36963 0.0226899 0.928902 16.1366 -0.00565921 0.999738 -0.0221684 -1.04647 -0.929162 0.00293724 0.369662 84.572 
0.334658 0.0245354 0.94202 17.0229 -0.0100448 0.999697 -0.0224693 -1.06917 -0.942286 -0.00194295 0.334803 84.8853 
0.29908 0.0244482 0.953915 17.919 -0.0125792 0.999686 -0.0216775 -1.0844 -0.954145 -0.00551621 0.299294 85.1787 
0.263113 0.0239784 0.964467 18.8322 -0.0131405 0.999687 -0.0212693 -1.11502 -0.964675 -0.00707737 0.263346 85.4376 
0.22712 0.0234701 0.973584 19.7601 -0.0123638 0.999698 -0.0212155 -1.1449 -0.973788 -0.00721872 0.227342 85.6699 
0.191624 0.0225202 0.98121 20.7061 -0.0104554 0.999727 -0.0209034 -1.16778 -0.981413 -0.00625335 0.191807 85.8631 
0.157179 0.0211286 0.987344 21.6856 -0.00211333 0.999776 -0.0210583 -1.20344 -0.987568 0.00122333 0.157188 86.0237 
0.123173 0.0245362 0.992082 22.6569 0.000121244 0.999694 -0.0247397 -1.23331 -0.992385 0.00316754 0.123133 86.1542 
0.0902192 0.0297743 0.995477 23.6063 0.000862514 0.99955 -0.0299744 -1.26291 -0.995921 0.00356288 0.090153 86.2552 
0.0611143 0.0332486 0.997577 24.5579 0.00799269 0.999397 -0.033799 -1.30175 -0.998099 0.0100389 0.0608117 86.3164 
0.0354085 0.0315588 0.998874 25.5382 0.00951521 0.999445 -0.0319142 -1.33816 -0.999328 0.0106345 0.0350886 86.3596 
0.0129456 0.028232 0.999517 26.5225 0.0113263 0.999533 -0.0283792 -1.37975 -0.999852 0.0116882 0.0126198 86.3835 
-0.00586331 0.0261317 0.999641 27.5183 0.0115944 0.999593 -0.0260625 -1.41262 -0.999916 0.0114374 -0.0061639 86.3879 
-0.0225939 0.0291931 0.999318 28.5141 0.0128755 0.999499 -0.0289074 -1.44949 -0.999662 0.0122136 -0.0229585 86.3722 
-0.0372772 0.0339571 0.998728 29.4932 0.0152678 0.999325 -0.0334076 -1.48205 -0.999188 0.014003 -0.0377705 86.3437 
-0.0491089 0.0390074 0.998031 30.4865 0.0202733 0.99907 -0.0380505 -1.52639 -0.998588 0.0183647 -0.0498541 86.2961 
-0.0580489 0.0422319 0.99742 31.4803 0.025756 0.998836 -0.040793 -1.57418 -0.997981 0.0233216 -0.0590691 86.2418 
-0.0638146 0.0477076 0.996821 32.4967 0.029625 0.998507 -0.0458918 -1.62051 -0.997522 0.0266022 -0.0651327 86.1738 
-0.0671965 0.052449 0.99636 33.5123 0.0325808 0.9982 -0.0503487 -1.67662 -0.997208 0.0290789 -0.0687843 86.1058 
-0.0700234 0.0564256 0.995948 34.5225 0.034855 0.997928 -0.0540872 -1.73434 -0.996936 0.0309264 -0.071845 86.0425 
-0.0724028 0.0594014 0.995605 35.5182 0.035511 0.997745 -0.0569468 -1.79638 -0.996743 0.0312318 -0.074349 85.9757 
-0.0746855 0.0628884 0.995222 36.5406 0.0366439 0.997508 -0.0602831 -1.86473 -0.996534 0.0319665 -0.0768039 85.9041 
-0.0762849 0.06625 0.994883 37.5428 0.0379808 0.997259 -0.0634961 -1.93705 -0.996362 0.0329427 -0.078592 85.832 
-0.0784832 0.0678472 0.994604 38.5527 0.0405943 0.997071 -0.0648123 -2.00827 -0.996089 0.0352886 -0.0810076 85.7588 
-0.0801547 0.0665277 0.99456 39.5732 0.0407071 0.997156 -0.0634207 -2.0832 -0.995951 0.0354022 -0.0826349 85.6796 
-0.0819745 0.0659746 0.994448 40.6035 0.0402552 0.997211 -0.0628397 -2.16299 -0.995821 0.0348805 -0.0844018 85.5967 
-0.0842018 0.0671335 0.994185 41.6321 0.0405376 0.997133 -0.0638994 -2.23876 -0.995624 0.0349214 -0.0866818 85.5231 
-0.0865774 0.0692003 0.993839 42.648 0.0393805 0.997043 -0.0659929 -2.31502 -0.995466 0.0334244 -0.0890465 85.4489 
-0.0885065 0.0712652 0.993523 43.6836 0.0384529 0.996938 -0.0680848 -2.39918 -0.995333 0.0321779 -0.0909759 85.3597 
-0.0911321 0.0750095 0.99301 44.7144 0.0356623 0.996765 -0.0720204 -2.47511 -0.9952 0.0288496 -0.0935124 85.2843 
-0.0933063 0.078734 0.992519 45.7462 0.0325876 0.996576 -0.0759923 -2.56461 -0.995104 0.0252533 -0.0955526 85.1992 
-0.096133 0.081374 0.992037 46.7851 0.0301546 0.996433 -0.0788126 -2.64527 -0.994912 0.022338 -0.0982439 85.1145 
-0.0990219 0.0804065 0.991831 47.831 0.0280324 0.99656 -0.0779912 -2.72568 -0.99469 0.0200806 -0.100935 85.0267 
-0.102113 0.0759094 0.991872 48.8759 0.0251087 0.996963 -0.0737141 -2.81626 -0.994456 0.0173775 -0.103709 84.9443 
-0.103581 0.0744126 0.991833 49.9282 0.0254888 0.997068 -0.0721435 -2.89861 -0.994294 0.017808 -0.105174 84.8344 
-0.105751 0.0750137 0.991559 50.9761 0.0247714 0.99704 -0.0727865 -2.98037 -0.994084 0.0168651 -0.107296 84.7407 
-0.107076 0.0779326 0.991192 52.0365 0.0261697 0.996799 -0.0755464 -3.06262 -0.993906 0.01785 -0.108772 84.6354 
-0.107868 0.0804651 0.990903 53.0916 0.0265394 0.996597 -0.0780385 -3.14941 -0.993811 0.0178801 -0.109636 84.5334 
-0.107756 0.080994 0.990873 54.1306 0.0254229 0.996574 -0.0786954 -3.24149 -0.993852 0.016711 -0.109446 84.4215 
-0.107367 0.0799991 0.990996 55.2034 0.0224241 0.996699 -0.0780301 -3.32768 -0.993966 0.0138443 -0.108807 84.318 
-0.107395 0.0792397 0.991054 56.2747 0.0190439 0.9968 -0.0776356 -3.42233 -0.994034 0.0105358 -0.10856 84.215 
-0.107598 0.0802897 0.990947 57.3491 0.015373 0.996749 -0.0790906 -3.51534 -0.994076 0.00672381 -0.108483 84.1197 
-0.107995 0.0805791 0.99088 58.4184 0.0108482 0.996746 -0.0798738 -3.60638 -0.994092 0.00212332 -0.108518 84.0282 
-0.108637 0.0801474 0.990845 59.5038 0.00798702 0.996783 -0.079752 -3.69517 -0.994049 -0.000750074 -0.108927 83.9345 
-0.108955 0.0748015 0.991228 60.6199 0.00854506 0.997198 -0.0743129 -3.78841 -0.99401 0.000373347 -0.109289 83.8158 
-0.1095 0.0660953 0.991787 61.7213 0.0114406 0.997804 -0.0652333 -3.8744 -0.993921 0.00420368 -0.110015 83.709 
-0.109747 0.0608243 0.992097 62.8217 0.0163931 0.998101 -0.059379 -3.95028 -0.993824 0.00974686 -0.110535 83.6057 
-0.109861 0.0626673 0.991969 63.9048 0.024549 0.997877 -0.0603218 -4.03302 -0.993644 0.0177248 -0.111166 83.5144 
-0.108528 0.0682603 0.991747 64.9891 0.0296908 0.997417 -0.0654016 -4.10425 -0.99365 0.0223479 -0.110275 83.3965 
-0.10783 0.0739434 0.991416 66.0854 0.0334124 0.996936 -0.0707212 -4.18347 -0.993608 0.0254997 -0.10997 83.2955 
-0.106864 0.0783152 0.991185 67.1941 0.0341973 0.996593 -0.0750556 -4.26878 -0.993685 0.0258751 -0.109178 83.1771 
-0.106879 0.0755431 0.991398 68.327 0.0315366 0.996865 -0.07256 -4.35776 -0.993772 0.0235102 -0.108927 83.0783 
-0.106585 0.0706343 0.991791 69.4778 0.0306048 0.997234 -0.067733 -4.4541 -0.993832 0.0231342 -0.108452 82.9643 
-0.10644 0.0685401 0.991954 70.6052 0.0283376 0.997425 -0.0658775 -4.53663 -0.993915 0.0210975 -0.108109 82.8591 
-0.106278 0.0692098 0.991925 71.7508 0.0264197 0.997419 -0.0667625 -4.61437 -0.993985 0.019111 -0.107832 82.7541 
-0.105837 0.0742177 0.99161 72.8748 0.0272252 0.997053 -0.0717194 -4.69891 -0.994011 0.0194061 -0.107546 82.6462 
-0.105015 0.0772089 0.991469 74.0145 0.0272702 0.99683 -0.074738 -4.77779 -0.994097 0.0191889 -0.106788 82.5385 
-0.104656 0.0763126 0.991576 75.1744 0.027281 0.996897 -0.0738428 -4.86202 -0.994134 0.0193231 -0.106413 82.4311 
-0.103561 0.0692725 0.992208 76.336 0.0291504 0.997354 -0.0665893 -4.95339 -0.994196 0.0220272 -0.105306 82.3163 
-0.103866 0.0674185 0.992304 77.4795 0.0287221 0.997487 -0.0647643 -5.04216 -0.994176 0.0217743 -0.105541 82.2075 
-0.103312 0.0705271 0.992145 78.6247 0.0269395 0.997315 -0.0680895 -5.12545 -0.994284 0.0196935 -0.104934 82.1017 
-0.102735 0.0733299 0.992002 79.7962 0.0266199 0.997124 -0.0709518 -5.21535 -0.994352 0.0191177 -0.104392 81.9862 
-0.103542 0.0725253 0.991977 80.966 0.0258405 0.997197 -0.0702098 -5.30445 -0.994289 0.0183635 -0.105126 81.9039 
-0.103279 0.0693388 0.992233 82.1512 0.0253215 0.997427 -0.0670662 -5.38885 -0.99433 0.0181983 -0.104769 81.7914 
-0.102447 0.0680738 0.992406 83.3365 0.0263416 0.997491 -0.0657034 -5.47536 -0.994389 0.0194104 -0.103984 81.6867 
-0.101196 0.0687473 0.992488 84.525 0.0279605 0.997412 -0.0662375 -5.55533 -0.994473 0.0210476 -0.102856 81.5782 
-0.0997632 0.0689813 0.992617 85.7191 0.0307364 0.997331 -0.0662199 -5.63566 -0.994536 0.0239032 -0.101617 81.4604 
-0.0986876 0.0685441 0.992755 86.9217 0.0310145 0.997352 -0.0657785 -5.72082 -0.994635 0.0242983 -0.100552 81.3479 
-0.0976548 0.0691456 0.992815 88.1215 0.0322942 0.997278 -0.06628 -5.80625 -0.994696 0.0255896 -0.099622 81.246 
-0.0963358 0.0674522 0.993061 89.3202 0.0327312 0.997376 -0.0645702 -5.88958 -0.99481 0.0262836 -0.0982909 81.1365 
-0.0948315 0.0665808 0.993264 90.5364 0.0312535 0.997468 -0.0638788 -5.97696 -0.995003 0.0249853 -0.0966723 81.0282 
-0.0937655 0.0657081 0.993424 91.7528 0.032297 0.997495 -0.0629291 -6.0605 -0.99507 0.026184 -0.0956528 80.9252 
-0.0918096 0.0664639 0.993556 92.9824 0.030426 0.997491 -0.0639157 -6.14869 -0.995312 0.0243619 -0.0936016 80.8226 
-0.0900369 0.0692078 0.993531 94.2051 0.0310097 0.997294 -0.0666598 -6.2326 -0.995455 0.0248073 -0.0919393 80.7182 
-0.088786 0.068009 0.993726 95.4405 0.0287917 0.997425 -0.0656897 -6.31832 -0.995634 0.0227787 -0.0905154 80.6204 
-0.0880754 0.0664767 0.993893 96.6745 0.0252155 0.9976 -0.0644901 -6.41104 -0.995795 0.0193815 -0.0895402 80.5231 
-0.0879829 0.0679012 0.993805 97.9043 0.0213679 0.997573 -0.0662671 -6.49026 -0.995893 0.0154051 -0.0892203 80.4366 
-0.0888136 0.0677922 0.993738 99.1663 0.0189129 0.997616 -0.0663665 -6.57081 -0.995869 0.0129003 -0.089884 80.3564 
-0.0901748 0.0653674 0.993778 100.421 0.0159341 0.997811 -0.0641869 -6.65926 -0.995798 0.0100469 -0.091019 80.2672 
-0.0921342 0.0637522 0.993704 101.674 0.0133936 0.997937 -0.0627821 -6.75032 -0.995656 0.00752487 -0.092798 80.1783 
-0.093812 0.0632271 0.99358 102.929 0.0111596 0.997985 -0.0624538 -6.83586 -0.995527 0.00522906 -0.0943286 80.0819 
-0.0953109 0.0632388 0.993437 104.186 0.0114145 0.997984 -0.0624333 -6.92342 -0.995382 0.005389 -0.0958406 79.9765 
-0.0974806 0.0616253 0.993328 105.446 0.0111201 0.998086 -0.0608293 -7.01396 -0.995175 0.00511622 -0.0979793 79.8695 
-0.0999238 0.0572089 0.993349 106.711 0.00816285 0.998359 -0.0566764 -7.09784 -0.994962 0.00244525 -0.100227 79.7458 
-0.104336 0.057135 0.9929 107.963 0.00768351 0.998365 -0.0566422 -7.17892 -0.994512 0.00171915 -0.104604 79.6318 
-0.110006 0.0629571 0.991935 109.184 0.00265995 0.998007 -0.0630475 -7.26581 -0.993927 -0.00429711 -0.109954 79.5247 
-0.11746 0.0667759 0.99083 110.409 0.00407577 0.997761 -0.0667598 -7.34306 -0.993069 -0.00380321 -0.117469 79.4025 
-0.126641 0.062805 0.989958 111.678 0.00570976 0.998023 -0.0625863 -7.43735 -0.991932 -0.00227353 -0.126749 79.2649 
-0.137204 0.060748 0.988678 112.923 0.0078253 0.998153 -0.0602443 -7.52538 -0.990512 -0.000529074 -0.137426 79.1079 
-0.149773 0.0614762 0.986807 114.138 0.00839796 0.998108 -0.0609057 -7.61263 -0.988685 -0.000834834 -0.150006 78.9313 
-0.163857 0.0618106 0.984546 115.357 0.0101668 0.998088 -0.0609688 -7.6942 -0.986432 1.95031e-05 -0.164173 78.7453 
-0.178038 0.0593087 0.982235 116.574 0.0110618 0.998239 -0.0582701 -7.78307 -0.983961 0.000490967 -0.178381 78.5391 
-0.193307 0.0618379 0.979188 117.766 0.015486 0.99808 -0.0599738 -7.86614 -0.981016 0.00357038 -0.193893 78.3097 
-0.208179 0.065094 0.975922 118.964 0.0162788 0.997875 -0.0630858 -7.95085 -0.977955 0.00275367 -0.208797 78.0648 
-0.223196 0.069152 0.972318 120.151 0.0165531 0.997605 -0.0671508 -8.0342 -0.974633 0.0011071 -0.223806 77.8108 
-0.239583 0.0671821 0.968548 121.334 0.0131761 0.997736 -0.0659475 -8.12051 -0.970786 -0.0030382 -0.239926 77.5495 
-0.255282 0.0616085 0.964902 122.503 0.00776333 0.998066 -0.0616722 -8.21072 -0.966835 -0.00825294 -0.255267 77.2667 
-0.271304 0.057731 0.960761 123.658 0.00302322 0.998246 -0.0591298 -8.29128 -0.962489 -0.0131375 -0.271003 76.9743 
-0.286727 0.0591021 0.956187 124.838 0.00110717 0.998115 -0.0613617 -8.37608 -0.958011 -0.0165354 -0.286252 76.6558 
-0.30126 0.0604576 0.951624 125.979 -0.000119457 0.997986 -0.0634409 -8.46432 -0.953542 -0.0192258 -0.300646 76.3171 
-0.316004 0.0626813 0.946685 127.12 0.00139619 0.997845 -0.0656027 -8.5527 -0.948757 -0.0194089 -0.31541 75.9858 
-0.330438 0.0625419 0.941753 128.255 0.00363422 0.997879 -0.0649941 -8.64478 -0.943821 -0.018054 -0.329965 75.6081 
-0.344642 0.0603869 0.93679 129.399 0.00311922 0.997997 -0.0631849 -8.73268 -0.938729 -0.0188541 -0.34414 75.2114 
-0.359121 0.0592241 0.93141 130.526 0.00297777 0.998052 -0.0623135 -8.82118 -0.933286 -0.0196046 -0.358598 74.7942 
-0.373991 0.0605155 0.925456 131.64 0.00131477 0.997902 -0.0647215 -8.90677 -0.927431 -0.0229885 -0.373286 74.3654 
-0.388752 0.0628315 0.919197 132.745 0.00226304 0.997734 -0.0672428 -8.99112 -0.92134 -0.0240606 -0.388013 73.9203 
-0.403151 0.0647524 0.912839 133.847 0.0035494 0.997597 -0.0691972 -9.07682 -0.915126 -0.0246569 -0.402412 73.4484 
-0.417645 0.0671537 0.906125 134.935 0.00655364 0.997462 -0.0709021 -9.17647 -0.908587 -0.0236734 -0.417025 72.9577 
-0.432 0.0710174 0.899073 136.02 0.00661028 0.997117 -0.0755857 -9.26428 -0.901849 -0.0267099 -0.431224 72.4504 
-0.447136 0.0734286 0.891447 137.097 0.00751359 0.996898 -0.078346 -9.35557 -0.894434 -0.0283333 -0.446301 71.9319 
-0.462645 0.0709496 0.8837 138.179 0.00626871 0.997029 -0.0767667 -9.45305 -0.886522 -0.029976 -0.461715 71.3898 
-0.478729 0.0665418 0.875437 139.256 0.00330847 0.997253 -0.0739919 -9.55544 -0.877956 -0.0325257 -0.477634 70.8245 
-0.494618 0.0668747 0.866534 140.32 0.00335318 0.997175 -0.075043 -9.65592 -0.869104 -0.034212 -0.493445 70.2377 
-0.51051 0.0669461 0.857262 141.393 0.00306802 0.9971 -0.0760395 -9.73944 -0.859866 -0.0361888 -0.509235 69.6284 
-0.526285 0.0660267 0.847741 142.446 0.00238036 0.997091 -0.0761812 -9.83691 -0.850305 -0.038075 -0.524911 68.995 
-0.542253 0.0654337 0.837663 143.496 0.000883229 0.997007 -0.0773091 -9.93874 -0.840215 -0.0411812 -0.540688 68.3509 
-0.55787 0.0649342 0.827384 144.535 0.000322304 0.996951 -0.0780248 -10.0342 -0.829928 -0.043261 -0.55619 67.6836 
-0.57337 0.062399 0.816917 145.566 -0.000373539 0.997075 -0.0764225 -10.13 -0.819296 -0.0441235 -0.57167 66.9921 
-0.588753 0.0585699 0.806188 146.59 -0.000615838 0.997338 -0.0729069 -10.2314 -0.808312 -0.0434206 -0.58715 66.2733 
-0.603997 0.0570776 0.79494 147.601 0.000255585 0.997446 -0.0714236 -10.3289 -0.796986 -0.0429365 -0.602469 65.5368 
-0.618936 0.055656 0.783467 148.594 -0.00028518 0.99747 -0.0710838 -10.4236 -0.785441 -0.0442197 -0.617354 64.7877 
-0.633421 0.0569389 0.77171 149.584 -0.00157922 0.997192 -0.0748719 -10.5247 -0.773806 -0.0486441 -0.631552 63.9841 
-0.64914 0.0564245 0.758573 150.556 -0.00403517 0.996976 -0.0776106 -10.6197 -0.760658 -0.0534411 -0.646949 63.2027 
-0.665346 0.05315 0.744641 151.536 -0.00600035 0.997049 -0.0765275 -10.7212 -0.746511 -0.0553853 -0.663064 62.3855 
-0.682403 0.0454054 0.729564 152.501 -0.0100481 0.997392 -0.0714726 -10.8273 -0.730907 -0.0561038 -0.680167 61.5547 
-0.699538 0.0430363 0.713298 153.438 -0.0109451 0.997422 -0.0709127 -10.9258 -0.714512 -0.0574133 -0.697264 60.6814 
-0.716862 0.0407557 0.696022 154.342 -0.0122213 0.997402 -0.0709903 -11.0269 -0.697107 -0.0593966 -0.714502 59.7795 
-0.734801 0.0370585 0.67727 155.236 -0.0154506 0.997333 -0.0713347 -11.1306 -0.678107 -0.062881 -0.732268 58.8766 
-0.751534 0.0348157 0.658775 156.11 -0.0153603 0.997412 -0.0702356 -11.2349 -0.659516 -0.0629033 -0.749054 57.919 
-0.768078 0.0364838 0.639316 156.958 -0.013793 0.997201 -0.0734782 -11.338 -0.640208 -0.0652551 -0.765425 56.9586 
-0.783196 0.0356141 0.620755 157.77 -0.0108541 0.997423 -0.0709188 -11.4445 -0.621681 -0.062281 -0.780791 55.9605 
-0.798075 0.0375285 0.601388 158.56 -0.00611029 0.997503 -0.070356 -11.5464 -0.602527 -0.059824 -0.795853 54.9465 
-0.812849 0.0385734 0.581196 159.327 -0.00469164 0.997339 -0.0727541 -11.6485 -0.582456 -0.0618648 -0.810505 53.9162 
-0.826621 0.04038 0.561308 160.067 -0.00368147 0.997013 -0.0771459 -11.7482 -0.562746 -0.0658369 -0.824004 52.8586 
-0.839955 0.0408635 0.541115 160.792 -0.00119504 0.997019 -0.0771472 -11.8517 -0.542655 -0.0654468 -0.837402 51.7766 
-0.852012 0.0388067 0.522082 161.493 -2.33205e-05 0.997246 -0.0741641 -11.9673 -0.523522 -0.0632009 -0.849665 50.703 
-0.863076 0.0402764 0.503465 162.164 0.00213977 0.997098 -0.0760982 -12.0707 -0.505069 -0.0646012 -0.860658 49.6278 
-0.87283 0.0429492 0.48613 162.8 0.00476392 0.996822 -0.079515 -12.177 -0.488 -0.0670872 -0.870261 48.5506 
-0.882233 0.0406451 0.469056 163.46 0.00291635 0.996719 -0.0808835 -12.2952 -0.470804 -0.0699901 -0.879457 47.3869 
-0.891012 0.0370648 0.452465 164.089 0.000805394 0.996789 -0.0800685 -12.414 -0.45398 -0.0709775 -0.88818 46.2564 
-0.898441 0.0352572 0.437675 164.687 -1.72041e-06 0.996771 -0.0802991 -12.5239 -0.439093 -0.0721448 -0.89554 45.1061 
-0.90534 0.0329931 0.423405 165.262 -0.00117986 0.996778 -0.0801953 -12.6254 -0.424687 -0.0731035 -0.902384 43.9135 
-0.911974 0.0302915 0.409128 165.823 -0.00259785 0.996824 -0.0795949 -12.7312 -0.41024 -0.0736513 -0.908999 42.7523 
-0.918073 0.0243498 0.395664 166.377 -0.00633694 0.997083 -0.076066 -12.8392 -0.396362 -0.0723414 -0.91524 41.5813 
-0.923268 0.0216358 0.383547 166.897 -0.00684985 0.997327 -0.0727479 -12.9432 -0.384095 -0.069793 -0.920652 40.3811 
-0.92783 0.0219103 0.37236 167.408 -0.00436948 0.997566 -0.0695863 -13.0458 -0.372978 -0.0661912 -0.925476 39.186 
-0.931095 0.0257166 0.363869 167.889 -0.000271929 0.997463 -0.071192 -13.1479 -0.364777 -0.0663855 -0.928725 37.9957 
-0.933762 0.030973 0.356552 168.373 0.00509725 0.997298 -0.0732845 -13.2409 -0.357859 -0.0666128 -0.931397 36.8319 
-0.935961 0.0336569 0.35049 168.846 0.00739654 0.997081 -0.0759958 -13.3374 -0.352025 -0.0685367 -0.933478 35.648 
-0.937911 0.0306868 0.345515 169.322 0.00510473 0.997192 -0.0747084 -13.4462 -0.346837 -0.0683061 -0.935435 34.4422 
-0.939855 0.0234071 0.340771 169.792 -0.000926704 0.997471 -0.0710706 -13.549 -0.341573 -0.0671118 -0.937456 33.235 
-0.94168 0.0170725 0.336077 170.254 -0.00673796 0.997555 -0.0695549 -13.6484 -0.336443 -0.0677629 -0.939263 32.035 
-0.943464 0.0103632 0.331312 170.71 -0.0138173 0.997413 -0.0705455 -13.7531 -0.331186 -0.071135 -0.94088 30.8337 
-0.945109 0.00759984 0.326666 171.169 -0.0174498 0.997129 -0.0736838 -13.8498 -0.326288 -0.0753395 -0.942263 29.6308 
-0.945692 0.00706473 0.324987 171.607 -0.0186473 0.996938 -0.0759344 -13.9561 -0.324529 -0.0778707 -0.942665 28.4024 
-0.945856 0.00792555 0.324489 172.039 -0.0185258 0.996754 -0.0783465 -14.0537 -0.324057 -0.080116 -0.942639 27.1949 
-0.945782 0.0106582 0.324627 172.472 -0.0162131 0.996666 -0.0799585 -14.1656 -0.324397 -0.0808865 -0.942456 25.9729 
-0.945549 0.0109296 0.325296 172.918 -0.0165958 0.996517 -0.0817215 -14.272 -0.325056 -0.0826702 -0.942074 24.7633 
-0.945455 0.0109545 0.325569 173.367 -0.0172643 0.996345 -0.0836599 -14.3883 -0.325295 -0.0847174 -0.94181 23.5648 
-0.944853 0.012479 0.327258 173.803 -0.0157376 0.996389 -0.0834316 -14.5006 -0.327118 -0.0839808 -0.941244 22.3514 
-0.944113 0.0113289 0.329427 174.245 -0.0174539 0.996289 -0.0842835 -14.6141 -0.32916 -0.0853229 -0.940411 21.1539 
-0.943248 0.00923246 0.331962 174.705 -0.0199152 0.996242 -0.084295 -14.7382 -0.331493 -0.0861221 -0.939519 19.9911 
-0.941312 0.00793008 0.337445 175.153 -0.0214229 0.996305 -0.0831735 -14.8368 -0.336857 -0.0855213 -0.937664 18.7594 
-0.939469 0.00477658 0.342599 175.626 -0.0244367 0.996422 -0.0809022 -14.9472 -0.34176 -0.0843771 -0.935992 17.5658 
-0.9369 0.00209844 0.349592 176.089 -0.027031 0.996553 -0.0784245 -15.0543 -0.348552 -0.0829258 -0.933614 16.3765 
-0.934223 0.00439488 0.356662 176.554 -0.0252994 0.996589 -0.0785482 -15.1601 -0.355791 -0.0824049 -0.930925 15.2051 
-0.93134 0.00408814 0.364127 177.031 -0.0266659 0.996487 -0.0793922 -15.2618 -0.363172 -0.0836509 -0.927959 14.0638 
-0.927496 0.00749645 0.373757 177.512 -0.0247865 0.996366 -0.081493 -15.3733 -0.37301 -0.0848486 -0.92394 12.8929 
-0.923613 0.00791772 0.383244 178.001 -0.0251361 0.996384 -0.0811627 -15.4765 -0.382501 -0.0845961 -0.920074 11.774 
-0.918805 0.00926211 0.394604 178.525 -0.0252718 0.996293 -0.0822282 -15.5968 -0.393903 -0.085524 -0.915164 10.6144 
-0.913267 0.0116242 0.407196 179.055 -0.0244991 0.996216 -0.083386 -15.7021 -0.406625 -0.0861296 -0.909526 9.46801 
-0.9073 0.01316 0.420279 179.624 -0.0243051 0.996198 -0.0836635 -15.816 -0.419782 -0.0861228 -0.90353 8.29348 
-0.90086 0.0131214 0.433912 180.181 -0.0245022 0.996413 -0.0810013 -15.9273 -0.433418 -0.0836025 -0.897307 7.1487 
-0.894552 0.0156554 0.446689 180.758 -0.0229201 0.996465 -0.0808241 -16.0488 -0.446375 -0.0825395 -0.891031 6.02007 
-0.888339 0.0171151 0.458868 181.353 -0.0220265 0.996566 -0.0798125 -16.1544 -0.458659 -0.0810078 -0.884912 4.93012 
-0.880544 0.0187646 0.473593 181.967 -0.0209824 0.996693 -0.078503 -16.259 -0.4735 -0.0790624 -0.877238 3.77452 
-0.872739 0.0205816 0.487753 182.584 -0.0185931 0.996985 -0.0753382 -16.3676 -0.487833 -0.0748193 -0.869724 2.68782 
-0.865019 0.022542 0.501231 183.18 -0.0161236 0.997225 -0.0726744 -16.4865 -0.501479 -0.0709464 -0.862256 1.67669 
-0.856369 0.0251074 0.515753 183.826 -0.0139229 0.997331 -0.0716692 -16.588 -0.516176 -0.068556 -0.853734 0.626335 
-0.845972 0.0280762 0.532487 184.499 -0.0107496 0.997512 -0.0696734 -16.6937 -0.533119 -0.0646658 -0.843566 -0.426583 
-0.835121 0.0312114 0.54918 185.171 -0.00727524 0.997675 -0.0677639 -16.7954 -0.550019 -0.0605864 -0.832952 -1.43948 
-0.82348 0.0330959 0.56638 185.856 -0.00539115 0.997795 -0.0661438 -16.8963 -0.56732 -0.0575215 -0.821486 -2.44775 
-0.812112 0.0352991 0.582433 186.582 -0.00416521 0.997792 -0.0662804 -16.984 -0.583487 -0.056253 -0.810172 -3.43664 
-0.799364 0.0381016 0.599637 187.328 -0.00209353 0.997805 -0.0661925 -17.0697 -0.600843 -0.0541673 -0.79753 -4.41915 
-0.787175 0.0386654 0.615517 188.105 -0.000613454 0.997983 -0.0634756 -17.1643 -0.61673 -0.0503439 -0.785563 -5.33443 
-0.772084 0.0403776 0.634236 188.881 0.00147591 0.998091 -0.0617451 -17.2529 -0.635519 -0.0467363 -0.77067 -6.28056 
-0.755515 0.0435625 0.653681 189.72 0.0032434 0.998023 -0.0627615 -17.3352 -0.655123 -0.0452971 -0.754163 -7.2269 
-0.738092 0.0467234 0.67308 190.502 0.00497298 0.997949 -0.0638216 -17.4318 -0.674682 -0.043759 -0.73681 -8.09488 
-0.720686 0.0474101 0.691639 191.338 0.00427606 0.997944 -0.063951 -17.521 -0.693249 -0.0431311 -0.719407 -8.94906 
-0.701485 0.0472791 0.711114 192.191 0.00396598 0.998041 -0.0624434 -17.6215 -0.712673 -0.0409828 -0.700298 -9.78269 
-0.681714 0.0462863 0.730153 193.014 0.00297528 0.998164 -0.0604983 -17.7219 -0.731613 -0.0390701 -0.6806 -10.5578 
-0.661956 0.0462681 0.748113 193.904 0.000630856 0.998127 -0.0611724 -17.8092 -0.749542 -0.0400215 -0.660746 -11.3136 
-0.642474 0.046056 0.764922 194.831 -0.0012851 0.998126 -0.0611767 -17.894 -0.766306 -0.0402874 -0.641211 -12.0541 
-0.621877 0.0463693 0.781741 195.769 -0.00334982 0.998079 -0.0618664 -17.9629 -0.783108 -0.041092 -0.620527 -12.7685 
-0.599684 0.0468092 0.798867 196.721 -0.0035909 0.99812 -0.06118 -18.0318 -0.800229 -0.0395573 -0.598388 -13.4613 
-0.576148 0.0473623 0.815972 197.692 -0.00461485 0.998115 -0.0611932 -18.1111 -0.817332 -0.0390219 -0.574844 -14.124 
-0.551392 0.0505252 0.832715 198.674 -0.00298838 0.998038 -0.062535 -18.1888 -0.834241 -0.0369697 -0.550159 -14.7527 
-0.525105 0.0513575 0.849486 199.672 -0.00370125 0.99803 -0.062626 -18.2664 -0.851029 -0.0360294 -0.52388 -15.3628 
-0.498068 0.0501813 0.865684 200.694 -0.00481969 0.998148 -0.0606329 -18.3503 -0.867124 -0.0343717 -0.496904 -15.9253 
-0.470954 0.0484513 0.880826 201.674 -0.00823495 0.998206 -0.059311 -18.4263 -0.882119 -0.0351863 -0.46971 -16.4438 
-0.441383 0.0502029 0.895913 202.738 -0.00838362 0.998159 -0.0600626 -18.4969 -0.89728 -0.0340216 -0.44015 -16.9561 
-0.410913 0.0529284 0.910137 203.803 -0.0103336 0.997979 -0.0627023 -18.5664 -0.911616 -0.0351702 -0.409535 -17.4178 
-0.379905 0.054612 0.923412 204.83 -0.00860693 0.998004 -0.0625646 -18.6367 -0.924986 -0.0317163 -0.378676 -17.8325 
-0.348341 0.0550775 0.935748 205.907 -0.00739731 0.99808 -0.0615001 -18.7176 -0.937338 -0.028345 -0.347265 -18.2295 
-0.318469 0.0563916 0.946254 206.993 -0.0095643 0.997987 -0.0626936 -18.7744 -0.947885 -0.0290162 -0.317289 -18.5234 
-0.285512 0.0549207 0.9568 208.046 -0.00835427 0.998176 -0.0597887 -18.8622 -0.958339 -0.0250638 -0.284533 -18.8288 
-0.251947 0.0541173 0.966227 209.132 -0.00980377 0.998241 -0.0584668 -18.9305 -0.967691 -0.0242032 -0.250973 -19.1024 
-0.217821 0.0525738 0.974572 210.205 -0.00831976 0.998412 -0.0557194 -19.0162 -0.975953 -0.0202451 -0.217038 -19.3471 
-0.183281 0.0519044 0.981689 211.298 -0.00806193 0.998492 -0.0542981 -19.0967 -0.983027 -0.0178661 -0.182586 -19.5576 
-0.148954 0.0514176 0.987506 212.421 -0.00812191 0.99855 -0.0532178 -19.1732 -0.988811 -0.0159474 -0.148321 -19.7099 
-0.11246 0.0517962 0.992305 213.557 -0.00764181 0.998566 -0.0529891 -19.2384 -0.993627 -0.0135422 -0.111903 -19.8458 
-0.0778478 0.0526631 0.995573 214.711 -0.0100973 0.998511 -0.0536082 -19.3077 -0.996914 -0.0142259 -0.0772001 -19.9236 
-0.0428966 0.0520669 0.997722 215.841 -0.0106644 0.99856 -0.0525693 -19.3833 -0.999023 -0.0128952 -0.0422796 -19.9837 
-0.00931574 0.0514686 0.998631 217.025 -0.0118422 0.998599 -0.0515775 -19.4479 -0.999886 -0.0123065 -0.00869319 -19.9845 
0.0236175 0.0515751 0.99839 218.162 -0.0129148 0.998601 -0.0512806 -19.5233 -0.999638 -0.0116829 0.0242505 -19.9438 
0.0561418 0.0513463 0.997102 219.276 -0.012706 0.998633 -0.0507098 -19.596 -0.998342 -0.00982221 0.0567175 -19.8767 
0.0875517 0.0495306 0.994928 220.437 -0.012204 0.998741 -0.0486466 -19.6604 -0.996085 -0.00788302 0.088046 -19.7601 
0.118929 0.0484066 0.991722 221.604 -0.0104698 0.998816 -0.0474974 -19.7235 -0.992847 -0.00473434 0.119295 -19.6202 
0.149303 0.0487498 0.987589 222.743 -0.00935701 0.998809 -0.0478892 -19.7832 -0.988747 -0.00209089 0.149581 -19.4422 
0.180067 0.048589 0.982453 223.89 -0.00733565 0.998818 -0.0480539 -19.8445 -0.983627 0.00144601 0.180211 -19.2382 
0.209327 0.0477297 0.97668 224.996 -0.00459193 0.998845 -0.0478288 -19.9079 -0.977835 0.00552699 0.209304 -18.977 
0.240032 0.0456795 0.96969 226.14 -0.00174291 0.998911 -0.0466247 -19.9764 -0.970763 0.00950133 0.23985 -18.7025 
0.269811 0.0444823 0.961885 227.265 0.00055287 0.998925 -0.0463504 -20.0363 -0.962913 0.0130376 0.269496 -18.3777 
0.29941 0.043894 0.953114 228.382 0.00370159 0.99888 -0.0471646 -20.0997 -0.954117 0.0176496 0.298913 -18.0194 
0.328301 0.0430949 0.94359 229.487 0.00470166 0.998872 -0.0472556 -20.1649 -0.944561 0.0199505 0.327728 -17.6378 
0.355999 0.04205 0.93354 230.551 0.00443508 0.9989 -0.0466855 -20.2256 -0.934476 0.0207603 0.355421 -17.2165 
0.384103 0.0416594 0.92235 231.626 0.003835 0.998901 -0.0467141 -20.2873 -0.923282 0.0214802 0.383521 -16.7597 
0.412282 0.0428656 0.910047 232.675 0.00520028 0.998765 -0.0494004 -20.3568 -0.911041 0.0250994 0.41155 -16.2734 
0.44086 0.0437591 0.896509 233.744 0.0068634 0.998617 -0.0521183 -20.4265 -0.89755 0.0291299 0.43995 -15.7466 
0.468122 0.0428152 0.882626 234.795 0.00744883 0.998599 -0.0523917 -20.4903 -0.883632 0.0311002 0.467147 -15.1766 
0.494829 0.0408201 0.868031 235.801 0.00827317 0.998629 -0.0516779 -20.551 -0.868951 0.0327531 0.493813 -14.5895 
0.520471 0.0383052 0.85302 236.814 0.007938 0.998733 -0.049692 -20.6313 -0.853842 0.0326345 0.519507 -13.9743 
0.543683 0.0381996 0.838421 237.809 0.00674254 0.998733 -0.049876 -20.7063 -0.839263 0.0327698 0.542737 -13.3154 
0.56498 0.0384487 0.824209 238.793 0.00549659 0.998716 -0.0503573 -20.7713 -0.825086 0.0329812 0.564043 -12.6321 
0.584832 0.0374618 0.810289 239.752 0.00455381 0.998766 -0.0494625 -20.8392 -0.811141 0.0326171 0.58394 -11.9244 
0.603866 0.0346316 0.796333 240.72 0.00439973 0.998896 -0.0467773 -20.9117 -0.797073 0.0317509 0.603047 -11.1889 
0.621426 0.0314829 0.78284 241.67 0.00571221 0.998984 -0.04471 -20.9771 -0.783452 0.0322557 0.620615 -10.4262 
0.638653 0.0285436 0.768965 242.624 0.0073566 0.99904 -0.0431939 -21.0434 -0.76946 0.0332429 0.63783 -9.64445 
0.6535 0.0270186 0.756444 243.489 0.00852961 0.999036 -0.0430525 -21.1025 -0.756878 0.034587 0.65264 -8.83864 
0.668847 0.027033 0.742908 244.392 0.00804914 0.999017 -0.0435992 -21.162 -0.743356 0.0351409 0.667972 -8.01094 
0.683917 0.0254106 0.729117 245.273 0.00906009 0.99902 -0.0433156 -21.2275 -0.729503 0.0362301 0.683017 -7.1582 
0.698623 0.0237188 0.715096 246.149 0.0082926 0.999115 -0.041241 -21.28 -0.715442 0.0347419 0.697808 -6.28486 
0.713357 0.020733 0.700494 247.001 0.00924612 0.999197 -0.03899 -21.3431 -0.700739 0.0342906 0.712593 -5.40167 
0.727426 0.0191727 0.685918 247.818 0.00978946 0.999218 -0.038312 -21.399 -0.686116 0.0345839 0.726669 -4.50888 
0.741143 0.0191904 0.671073 248.634 0.0105312 0.999136 -0.0402029 -21.4544 -0.671265 0.0368633 0.7403 -3.58627 
0.754169 0.0183124 0.656425 249.457 0.0112554 0.999104 -0.0408037 -21.5132 -0.656583 0.0381611 0.753287 -2.63846 
0.766377 0.0171235 0.642163 250.259 0.0114106 0.999124 -0.0402599 -21.5728 -0.64229 0.0381817 0.76551 -1.66789 
0.777696 0.0151445 0.628458 251.042 0.0116032 0.999194 -0.0384372 -21.6274 -0.628534 0.0371845 0.776893 -0.681031 
0.78837 0.0125602 0.615073 251.806 0.0133034 0.99921 -0.0374563 -21.686 -0.615058 0.0377119 0.78758 0.33067 
0.797918 0.012869 0.602628 252.535 0.0126292 0.999196 -0.0380597 -21.741 -0.602633 0.0379792 0.797114 1.34703 
0.807012 0.010352 0.590445 253.275 0.0166941 0.999047 -0.0403332 -21.7957 -0.590299 0.0424063 0.80607 2.38002 
0.815771 0.00803689 0.578319 254.005 0.0181061 0.999058 -0.0394243 -21.8504 -0.578092 0.0426322 0.814857 3.41714 
0.823924 0.00477037 0.566681 254.734 0.0208593 0.999032 -0.0387384 -21.9124 -0.566317 0.043738 0.823026 4.48347 
0.830495 0.00316364 0.557017 255.436 0.0222246 0.998999 -0.0388103 -21.9664 -0.556582 0.0446112 0.829594 5.5759 
0.835492 0.00186675 0.5495 256.128 0.0229929 0.999 -0.0383537 -22.0201 -0.549022 0.0446788 0.834613 6.68262 
0.83907 0.00246501 0.544017 256.826 0.0211851 0.999083 -0.0372022 -22.0791 -0.54361 0.0427403 0.838249 7.80627 
0.841743 0.00156697 0.539876 257.522 0.0212622 0.999124 -0.0360508 -22.137 -0.53946 0.0418244 0.840972 8.92228 
0.844269 0.000963329 0.535919 258.222 0.0218208 0.999107 -0.036172 -22.1893 -0.535475 0.042233 0.843494 10.0488 
0.846422 0.000419197 0.532513 258.91 0.0221135 0.999109 -0.0359358 -22.2387 -0.532054 0.0421925 0.845659 11.1776 
0.848572 -0.00223463 0.529075 259.622 0.0237567 0.999143 -0.0338831 -22.2969 -0.528546 0.0413213 0.847899 12.3413 
0.850632 -0.00350577 0.52575 260.266 0.0243749 0.999165 -0.0327747 -22.3583 -0.525197 0.0406942 0.850007 13.4275 
0.852631 -0.00410192 0.522497 260.931 0.0252149 0.999127 -0.0333031 -22.4069 -0.521904 0.0415699 0.851991 14.565 
0.855214 -0.00629327 0.518237 261.662 0.0271278 0.999099 -0.0326349 -22.4621 -0.517564 0.0419684 0.854614 15.7604 
0.857584 -0.00630987 0.514305 262.357 0.0266868 0.999124 -0.0322415 -22.5212 -0.51365 0.0413748 0.857001 16.9223 
0.860307 -0.00804988 0.509712 263.126 0.0277503 0.999132 -0.0310586 -22.6013 -0.50902 0.0408646 0.859784 18.1511 
0.863044 -0.00868916 0.505055 263.889 0.0281198 0.999128 -0.0308623 -22.6714 -0.504346 0.0408375 0.862535 19.3804 
0.86425 -0.00761212 0.503005 264.55 0.0267021 0.99917 -0.0307584 -22.7227 -0.502353 0.0400142 0.863736 20.5352 
