1 -4.23778e-08 4.22719e-08 0 -4.23778e-08 1 -4.19404e-08 0 4.22719e-08 -4.19404e-08 1 0 
0.999996 -0.00239601 -0.00163902 -0.0143266 0.0024014 0.999991 0.00334516 -0.0293974 0.00163108 -0.00334916 0.999993 1.52062 
0.999991 -0.0027241 -0.00309979 -0.0403467 0.0027364 0.999988 0.00399706 -0.0467025 0.00308895 -0.00400559 0.999987 3.0447 
0.999989 -0.00147028 -0.00452255 -0.0767589 0.00148571 0.999993 0.00342916 -0.0574604 0.00451756 -0.00343593 0.999984 4.54338 
0.999983 -0.00102665 -0.00571786 -0.126407 0.00104602 0.999994 0.00340067 -0.0726741 0.00571442 -0.00340668 0.999978 6.0384 
0.999974 -0.000749326 -0.00716463 -0.162037 0.000775397 0.999993 0.00364842 -0.0896735 0.00716193 -0.00365397 0.999968 7.56454 
0.999965 -0.00110392 -0.00832215 -0.21874 0.00113881 0.99999 0.00419908 -0.115295 0.00831752 -0.00420849 0.999956 9.05967 
0.99994 -0.00305991 -0.0104836 -0.239991 0.00309561 0.999989 0.00339895 -0.128465 0.0104732 -0.00343128 0.999939 10.559 
0.999919 -0.00424048 -0.0120187 -0.272497 0.0042837 0.999984 0.00357943 -0.142633 0.0120034 -0.00363071 0.999921 12.094 
0.999902 -0.00384048 -0.0134515 -0.306276 0.00388875 0.999986 0.00357044 -0.161065 0.0134377 -0.00362248 0.999903 13.5953 
0.999882 -0.00356352 -0.0149265 -0.337485 0.00362138 0.999986 0.00385623 -0.183216 0.0149127 -0.00390991 0.999881 15.0909 
0.999874 -0.00203842 -0.0157107 -0.373966 0.00211301 0.999986 0.00473792 -0.207597 0.015701 -0.00477061 0.999865 16.5858 
0.999863 -5.77122e-05 -0.016565 -0.415516 0.000143697 0.999986 0.00519466 -0.217068 0.0165646 -0.00519641 0.999849 18.063 
0.999852 0.000818897 -0.0171617 -0.460197 -0.000716843 0.999982 0.00595679 -0.226922 0.0171664 -0.00594369 0.999835 19.5597 
0.999843 0.000813008 -0.0176874 -0.504189 -0.000707696 0.999982 0.00596426 -0.244441 0.017692 -0.00595089 0.999826 21.0153 
0.999822 0.00136012 -0.0187927 -0.53881 -0.00124482 0.99998 0.00614999 -0.258042 0.0188008 -0.00612559 0.999804 22.499 
0.999812 0.00170424 -0.0193158 -0.582541 -0.0015714 0.999975 0.00689498 -0.273176 0.0193271 -0.00686342 0.99979 23.9384 
0.999808 0.00229985 -0.0194419 -0.625158 -0.00214636 0.999966 0.00791654 -0.281935 0.0194595 -0.00787338 0.99978 25.4014 
0.999805 0.00225283 -0.0195968 -0.667102 -0.00212192 0.999975 0.00670272 -0.295463 0.0196115 -0.00665992 0.999785 26.8565 
0.999796 0.00250903 -0.0200472 -0.706658 -0.00241364 0.999986 0.00478474 -0.307612 0.020059 -0.00473546 0.999787 28.2722 
0.999803 0.000283735 -0.0198421 -0.752141 -0.000197132 0.99999 0.00437069 -0.320481 0.0198433 -0.004366 0.999793 29.6926 
0.9998 -0.000703941 -0.0199863 -0.789989 0.0008399 0.999976 0.0067992 -0.329317 0.0199812 -0.00681471 0.999777 31.114 
0.999796 -0.0018807 -0.0201259 -0.830631 0.00203994 0.999967 0.00789864 -0.340571 0.0201104 -0.00793817 0.999766 32.5227 
0.999791 -0.00287162 -0.0202186 -0.877953 0.00302442 0.999967 0.00753526 -0.36012 0.0201964 -0.00759492 0.999767 33.8957 
0.999773 -0.00322246 -0.0210368 -0.902166 0.00334383 0.999978 0.00574083 -0.370921 0.0210179 -0.00580996 0.999762 35.2639 
0.999786 -0.0021817 -0.0205689 -0.948001 0.00228608 0.999985 0.00505669 -0.387595 0.0205577 -0.00510272 0.999776 36.6404 
0.999809 -0.0014325 -0.0194731 -0.998265 0.001516 0.99999 0.00427816 -0.405819 0.0194668 -0.00430695 0.999801 37.992 
0.99983 -0.000992029 -0.0183928 -1.03568 0.00108127 0.999988 0.0048471 -0.416218 0.0183879 -0.00486625 0.999819 39.3316 
0.999859 -0.000166881 -0.0168138 -1.08405 0.000278944 0.999978 0.00666781 -0.431475 0.0168124 -0.00667164 0.999836 40.6439 
0.999879 -0.00107279 -0.0155223 -1.11896 0.00120161 0.999965 0.00829754 -0.455077 0.015513 -0.00831527 0.999845 41.9547 
0.999912 0.000266038 -0.0132574 -1.15341 -0.000145848 0.999959 0.00907229 -0.472872 0.0132594 -0.00906964 0.999871 43.2093 
0.999952 -4.15332e-06 -0.00974049 -1.19024 8.63108e-05 0.999964 0.00844286 -0.487324 0.00974019 -0.00844338 0.999917 44.4704 
0.999979 -0.000541005 -0.00647438 -1.20788 0.000584677 0.999977 0.00675827 -0.499981 0.00647066 -0.00676199 0.999956 45.7064 
0.999995 -0.000264186 -0.0031409 -1.23107 0.000278701 0.999989 0.00464852 -0.505059 0.00313972 -0.00464946 0.999984 46.9359 
1 -0.000252274 0.000506941 -1.24153 0.00024948 0.999986 0.00533582 -0.526442 -0.000508195 -0.00533578 0.999986 48.1362 
0.999984 0.000174568 0.00556999 -1.24748 -0.000203431 0.999987 0.00516659 -0.538933 -0.00556893 -0.00516772 0.999971 49.3494 
0.99993 0.00178085 0.0116754 -1.24751 -0.00183208 0.999989 0.00437139 -0.554384 -0.0116674 -0.00439256 0.999922 50.5594 
0.999815 0.00269138 0.0190589 -1.24745 -0.00277842 0.999986 0.00453726 -0.568487 -0.0190464 -0.00458946 0.999808 51.7532 
0.999615 0.00412057 0.0274183 -1.22975 -0.0042675 0.999977 0.00529922 -0.577268 -0.0273957 -0.00541427 0.99961 52.959 
0.999262 0.0063674 0.0378693 -1.20979 -0.00659358 0.999961 0.00584859 -0.590004 -0.0378305 -0.00609406 0.999266 54.1229 
0.998676 0.00885175 0.0506807 -1.17379 -0.00914862 0.999942 0.00562702 -0.600645 -0.0506279 -0.00608331 0.998699 55.279 
0.997803 0.0109713 0.0653345 -1.11655 -0.0113965 0.999916 0.00613768 -0.613128 -0.0652616 -0.00686886 0.997844 56.4326 
0.996595 0.0129414 0.0814264 -1.04243 -0.0136103 0.999878 0.00766318 -0.626432 -0.0813172 -0.0087454 0.99665 57.555 
0.994977 0.0125866 0.0993117 -0.954135 -0.0134656 0.999876 0.0081841 -0.638795 -0.0991963 -0.00948036 0.995023 58.6732 
0.992931 0.0117589 0.118104 -0.835933 -0.0127217 0.999892 0.0074005 -0.647517 -0.118004 -0.00885076 0.992974 59.7776 
0.990339 0.0109897 0.138228 -0.702211 -0.0120085 0.999906 0.00653789 -0.660267 -0.138143 -0.00813471 0.990379 60.8356 
0.987187 0.00861879 0.159335 -0.547094 -0.00973794 0.999933 0.00624386 -0.666795 -0.15927 -0.00771553 0.987205 61.8923 
0.98355 0.0032672 0.180607 -0.36076 -0.00488254 0.999952 0.00849962 -0.68096 -0.18057 -0.0092417 0.983519 62.9382 
0.978945 -0.00152161 0.204118 -0.157429 -0.000461978 0.999953 0.00966941 -0.687941 -0.204123 -0.00956019 0.978898 63.9875 
0.973696 -0.00661068 0.227756 0.0771925 0.0046193 0.999946 0.009275 -0.699777 -0.227805 -0.00797903 0.973674 64.9963 
0.967463 -0.013 0.252678 0.339368 0.0114572 0.999906 0.00757588 -0.706721 -0.252753 -0.00443447 0.967521 66.0002 
0.96027 -0.0165855 0.27858 0.624545 0.0148567 0.999855 0.00831561 -0.712918 -0.278678 -0.00384651 0.960377 66.9714 
0.95195 -0.0193816 0.305639 0.92919 0.0169637 0.9998 0.0105647 -0.718023 -0.305782 -0.00487238 0.952089 67.9348 
0.942583 -0.0238555 0.333118 1.25974 0.020561 0.999699 0.0134121 -0.720715 -0.333337 -0.00579285 0.94279 68.8743 
0.931894 -0.0273353 0.361699 1.61677 0.0242611 0.999621 0.0130386 -0.72516 -0.361918 -0.00337548 0.932204 69.8024 
0.920083 -0.0266333 0.390816 1.98764 0.0250301 0.999644 0.00919609 -0.731238 -0.390922 0.00132094 0.920423 70.7017 
0.90731 -0.027829 0.419539 2.39351 0.0288921 0.999575 0.00382075 -0.732899 -0.419467 0.00865471 0.907729 71.5799 
0.893242 -0.0297913 0.448587 2.81374 0.0324182 0.999473 0.00182394 -0.744459 -0.448405 0.0129131 0.893737 72.4358 
0.87789 -0.0306074 0.477884 3.26731 0.0322237 0.999469 0.00481752 -0.754678 -0.477777 0.0111699 0.87841 73.2784 
0.860445 -0.0295171 0.508688 3.74991 0.0280711 0.999551 0.0105174 -0.760035 -0.50877 0.00522974 0.860886 74.1222 
0.841123 -0.0296755 0.540029 4.24806 0.0260772 0.999557 0.0143105 -0.768676 -0.540214 0.00204549 0.841525 74.9211 
0.820227 -0.0233786 0.571561 4.76947 0.021726 0.999717 0.00971302 -0.778895 -0.571626 0.0044508 0.820502 75.6953 
0.798619 -0.0164526 0.601612 5.31776 0.0188115 0.99982 0.00237086 -0.778736 -0.601543 0.00942375 0.798785 76.4424 
0.776377 -0.0144524 0.630103 5.89053 0.0183198 0.999832 0.000360006 -0.784853 -0.630003 0.0112638 0.776511 77.161 
0.753466 -0.0166623 0.657275 6.50045 0.0190209 0.999813 0.0035411 -0.793266 -0.657211 0.00983379 0.753642 77.8589 
0.729306 -0.0167421 0.683983 7.12008 0.0190714 0.999809 0.00413732 -0.80357 -0.683921 0.0100271 0.729487 78.5281 
0.704679 -0.0153388 0.70936 7.77569 0.0205545 0.999788 0.00119987 -0.811949 -0.709228 0.0137349 0.704845 79.1644 
0.678726 -0.0126816 0.734282 8.43239 0.0201814 0.999795 -0.00138736 -0.819909 -0.734114 0.0157604 0.678843 79.7805 
0.652073 -0.0103936 0.758085 9.1035 0.0187849 0.99982 -0.00245023 -0.829194 -0.757924 0.0158382 0.652151 80.3669 
0.624644 -0.00902541 0.780857 9.81354 0.0189025 0.999815 -0.00356495 -0.839747 -0.78068 0.016987 0.624699 80.9327 
0.596213 -0.00258185 0.802822 10.5269 0.0175566 0.999798 -0.00982314 -0.858276 -0.802634 0.0199515 0.596138 81.4713 
0.566221 0.00675662 0.824226 11.2545 0.0161587 0.999683 -0.0192957 -0.876446 -0.824095 0.024244 0.565933 81.9896 
0.535249 0.0148807 0.844563 12.0058 0.0150452 0.999518 -0.027146 -0.907476 -0.84456 0.0272365 0.534767 82.4898 
0.504078 0.0198895 0.863429 12.7974 0.0125655 0.99946 -0.030359 -0.935273 -0.863567 0.0261527 0.503556 82.9595 
0.471453 0.0194602 0.881677 13.5993 0.0104301 0.999563 -0.0276395 -0.970802 -0.88183 0.0222266 0.471044 83.4099 
0.438275 0.0182958 0.898654 14.4288 0.00604848 0.99971 -0.0233032 -0.999716 -0.89882 0.0156487 0.438038 83.8315 
0.404413 0.0197231 0.914364 15.2779 0.00179391 0.999748 -0.0223584 -1.02794 -0.914575 0.0106823 0.404276 84.214 
0.369372 0.0228638 0.929 16.1457 -0.00562748 0.999734 -0.0223673 -1.0592 -0.929265 0.0030339 0.369402 84.5802 
0.333777 0.0248038 0.942326 17.0153 -0.0107247 0.999689 -0.0225151 -1.08357 -0.942591 -0.00259111 0.333939 84.9111 
0.298187 0.0247133 0.954187 17.9117 -0.0132568 0.999675 -0.0217487 -1.09886 -0.954415 -0.00616429 0.298418 85.2036 
0.26221 0.024242 0.964706 18.8251 -0.0138149 0.999676 -0.0213659 -1.12956 -0.964912 -0.00772501 0.26246 85.4616 
0.226209 0.0237336 0.973789 19.7532 -0.0130342 0.999687 -0.021337 -1.15954 -0.973991 -0.0078659 0.226448 85.6931 
0.190706 0.0227846 0.981383 20.6994 -0.0111209 0.999717 -0.0210493 -1.18256 -0.981584 -0.00689965 0.190906 85.8855 
0.156258 0.0214 0.987484 21.679 -0.00277338 0.999771 -0.0212275 -1.21839 -0.987712 0.000578288 0.156282 86.0452 
0.122248 0.0248094 0.992189 22.6505 -0.000532604 0.999689 -0.0249314 -1.24844 -0.992499 0.00251937 0.122224 86.1748 
0.0893397 0.030047 0.995548 23.5997 0.00023449 0.999544 -0.0301887 -1.2784 -0.996001 0.0029305 0.089292 86.274 
0.0602348 0.033527 0.997621 24.5513 0.00737121 0.999393 -0.0340317 -1.31746 -0.998157 0.00940356 0.0599512 86.3344 
0.0345284 0.0318377 0.998896 25.5317 0.00889993 0.999443 -0.0321628 -1.3541 -0.999364 0.0100006 0.0342258 86.3767 
0.0120655 0.0285119 0.999521 26.5159 0.0107168 0.999532 -0.0286417 -1.39594 -0.99987 0.0110572 0.0117543 86.3998 
-0.00674338 0.0264114 0.999628 27.5118 0.0109899 0.999593 -0.0263364 -1.42909 -0.999917 0.0108082 -0.00703089 86.4033 
-0.0234734 0.0294735 0.99929 28.5075 0.0122757 0.999498 -0.0291913 -1.46623 -0.999649 0.0115817 -0.0238234 86.3868 
-0.0381556 0.034239 0.998685 29.4866 0.0146723 0.999324 -0.0337004 -1.49908 -0.999164 0.0133671 -0.0386322 86.3574 
-0.0499855 0.039293 0.997977 30.4799 0.0196813 0.99907 -0.0383504 -1.54371 -0.998556 0.0177245 -0.0507123 86.309 
-0.0589235 0.0425219 0.997356 31.4736 0.0251668 0.998838 -0.0410983 -1.5918 -0.997945 0.0226786 -0.0599251 86.2538 
-0.0646877 0.0480003 0.99675 32.4899 0.0290376 0.99851 -0.0462007 -1.63845 -0.997483 0.0259546 -0.0659851 86.1849 
-0.0680685 0.0527439 0.996285 33.5055 0.0319945 0.998203 -0.0506596 -1.69487 -0.997167 0.0284273 -0.0696337 86.1161 
-0.0708945 0.056722 0.99587 34.5156 0.0342697 0.997931 -0.0543999 -1.7529 -0.996895 0.0302715 -0.0726917 86.052 
-0.0732736 0.059698 0.995523 35.5112 0.0349264 0.997748 -0.0572608 -1.81526 -0.9967 0.0305743 -0.0751936 85.9843 
-0.0755558 0.0631856 0.995138 36.5335 0.03606 0.997511 -0.0605985 -1.88392 -0.996489 0.0313061 -0.0776462 85.9119 
-0.0771547 0.066548 0.994796 37.5356 0.0373975 0.997261 -0.0638125 -1.95656 -0.996317 0.0322795 -0.0794321 85.8389 
-0.079352 0.0681472 0.994514 38.5454 0.0400118 0.997074 -0.0651302 -2.0281 -0.996043 0.0346241 -0.0818466 85.7648 
-0.0810234 0.0668278 0.994469 39.5658 0.0401251 0.99716 -0.0637395 -2.10335 -0.995904 0.0347388 -0.0834747 85.6848 
-0.0828432 0.0662743 0.994356 40.5961 0.0396737 0.997214 -0.0631595 -2.18346 -0.995772 0.0342175 -0.0852418 85.601 
-0.0850702 0.0674333 0.99409 41.6246 0.0399568 0.997135 -0.0642206 -2.25957 -0.995573 0.0342575 -0.0875209 85.5266 
-0.087446 0.0694987 0.993742 42.6404 0.0388005 0.997044 -0.0663154 -2.33614 -0.995413 0.0327587 -0.0898841 85.4515 
-0.0893753 0.0715625 0.993424 43.6759 0.0378735 0.996938 -0.0684084 -2.42063 -0.995278 0.0315105 -0.0918119 85.3614 
-0.0921281 0.07536 0.992891 44.7129 0.035103 0.996758 -0.0723964 -2.49555 -0.995128 0.0281838 -0.0944748 85.2858 
-0.0940258 0.0789004 0.992438 45.7495 0.0322225 0.996573 -0.0761764 -2.58786 -0.995048 0.0248163 -0.096246 85.1944 
-0.0968527 0.0815383 0.991953 46.7883 0.02979 0.99643 -0.0789977 -2.6687 -0.994853 0.0218991 -0.0989359 85.1089 
-0.0997417 0.0805692 0.991746 47.8341 0.0276683 0.996555 -0.0781773 -2.7493 -0.994629 0.0196424 -0.101627 85.0204 
-0.102833 0.0760701 0.991786 48.879 0.0247451 0.996958 -0.0739013 -2.84007 -0.994391 0.0169424 -0.104403 84.9373 
-0.104301 0.0745737 0.991746 49.9312 0.0251255 0.997064 -0.0723312 -2.92261 -0.994228 0.0173739 -0.105869 84.8266 
-0.10647 0.0751741 0.99147 50.979 0.0244085 0.997035 -0.0729749 -3.00456 -0.994016 0.0164306 -0.10799 84.7323 
-0.107795 0.0780936 0.991101 52.0393 0.0258071 0.996794 -0.0757354 -3.08701 -0.993838 0.0174135 -0.109465 84.6262 
-0.108587 0.0806262 0.990812 53.0943 0.0261769 0.996592 -0.0782277 -3.174 -0.993742 0.0174418 -0.110328 84.5234 
-0.108476 0.0811542 0.990781 54.1332 0.0250604 0.996569 -0.0788846 -3.26628 -0.993783 0.0162723 -0.110137 84.4108 
-0.108087 0.0801572 0.990905 55.206 0.0220614 0.996692 -0.078219 -3.35266 -0.993897 0.0134063 -0.109498 84.3066 
-0.108116 0.0793955 0.990963 56.2772 0.0186812 0.996792 -0.0778244 -3.44751 -0.993963 0.0100984 -0.109252 84.2028 
-0.108319 0.0804426 0.990856 57.3515 0.0150103 0.996739 -0.0792794 -3.54072 -0.994003 0.0062856 -0.109174 84.1068 
-0.108717 0.0807287 0.990789 58.4207 0.0104856 0.996735 -0.0800626 -3.63196 -0.994017 0.00168491 -0.109208 84.0146 
-0.109359 0.0802949 0.990754 59.506 0.00762456 0.99677 -0.079941 -3.72095 -0.993973 -0.00118819 -0.109618 83.9201 
-0.109677 0.0749499 0.991137 60.622 0.00818266 0.997187 -0.074502 -3.81439 -0.993933 -6.10347e-05 -0.109982 83.8006 
-0.110221 0.0662466 0.991697 61.7234 0.0110784 0.997796 -0.0654228 -3.90059 -0.993845 0.0037754 -0.110712 83.693 
-0.110468 0.0609796 0.992007 62.8236 0.0160309 0.998095 -0.0595688 -3.97667 -0.99375 0.0093223 -0.111235 83.589 
-0.110581 0.0628284 0.991879 63.9067 0.0241868 0.997874 -0.0605118 -4.0596 -0.993573 0.017299 -0.111865 83.4969 
-0.109247 0.0684248 0.991657 64.9908 0.0293285 0.997415 -0.0655912 -4.13104 -0.993582 0.0219182 -0.110972 83.3782 
-0.108548 0.0741101 0.991325 66.0871 0.03305 0.996935 -0.0709106 -4.21046 -0.993542 0.025066 -0.110665 83.2765 
-0.107582 0.0784821 0.991094 67.1957 0.0338347 0.996591 -0.0752448 -4.29599 -0.99362 0.0254384 -0.10987 83.1573 
-0.107598 0.0757083 0.991308 68.3285 0.031174 0.996863 -0.072749 -4.38517 -0.993706 0.0230754 -0.109621 83.0577 
-0.107304 0.0707993 0.991702 69.4792 0.0302421 0.997232 -0.0679219 -4.48172 -0.993766 0.0227028 -0.109148 82.9429 
-0.10716 0.0687036 0.991865 70.6065 0.0279748 0.997423 -0.0660663 -4.56446 -0.993848 0.0206676 -0.108806 82.8369 
-0.106997 0.0693718 0.991836 71.752 0.0260569 0.997416 -0.0669512 -4.64241 -0.993918 0.0186806 -0.108528 82.7311 
-0.106557 0.0743799 0.991521 72.876 0.0268623 0.997049 -0.0719079 -4.72716 -0.993944 0.0189722 -0.10824 82.6224 
-0.105735 0.0773709 0.99138 74.0155 0.0269072 0.996826 -0.0749263 -4.80626 -0.99403 0.0187529 -0.107481 82.514 
-0.105376 0.0764748 0.991487 75.1753 0.0269179 0.996893 -0.0740309 -4.8907 -0.994068 0.0188877 -0.107107 82.4057 
-0.10428 0.0694367 0.992121 76.3368 0.0287871 0.997352 -0.0667771 -4.98228 -0.994131 0.0215968 -0.106003 82.2901 
-0.104585 0.0675825 0.992217 77.4802 0.0283589 0.997485 -0.0649522 -5.07127 -0.994111 0.0213452 -0.106239 82.1805 
-0.104031 0.0706895 0.992059 78.6254 0.0265762 0.997312 -0.0682771 -5.15477 -0.994219 0.0192621 -0.10563 82.0739 
-0.103455 0.0734919 0.991915 79.7967 0.0262564 0.997121 -0.0711392 -5.24488 -0.994287 0.0186844 -0.105087 81.9576 
-0.104262 0.0726868 0.99189 80.9665 0.0254772 0.997194 -0.0703975 -5.33419 -0.994223 0.0179308 -0.105821 81.8745 
-0.103999 0.0695002 0.992146 82.1516 0.0249581 0.997424 -0.0672538 -5.41881 -0.994264 0.0177678 -0.105465 81.7612 
-0.103167 0.0682361 0.992321 83.3368 0.0259781 0.997489 -0.0658908 -5.50554 -0.994325 0.0189808 -0.104681 81.6556 
-0.101915 0.0689108 0.992403 84.5252 0.0275968 0.99741 -0.0664244 -5.58572 -0.99441 0.0206175 -0.103553 81.5463 
-0.100482 0.0691469 0.992533 85.7192 0.0303725 0.99733 -0.0664063 -5.66627 -0.994475 0.023473 -0.102314 81.4277 
-0.099407 0.0687099 0.992672 86.9218 0.0306503 0.997351 -0.0659645 -5.75166 -0.994575 0.0238684 -0.10125 81.3143 
-0.098374 0.0693124 0.992733 88.1214 0.0319299 0.997278 -0.0664657 -5.8373 -0.994637 0.0251593 -0.100319 81.2116 
-0.0970551 0.0676195 0.992979 89.32 0.0323666 0.997376 -0.0647554 -5.92085 -0.994753 0.0258545 -0.098989 81.1013 
-0.0955511 0.0667472 0.993184 90.5362 0.0308887 0.997468 -0.0640634 -6.00846 -0.994945 0.0245568 -0.0973709 80.992 
-0.0944849 0.0658754 0.993344 91.7524 0.0319319 0.997495 -0.0631134 -6.09222 -0.995014 0.0257561 -0.0963518 80.8883 
-0.0925296 0.0666298 0.993478 92.982 0.0300606 0.997491 -0.0640992 -6.18063 -0.995256 0.0239334 -0.0943003 80.7848 
-0.0907568 0.069374 0.993454 94.2046 0.0306439 0.997293 -0.0668427 -6.26476 -0.995401 0.0243769 -0.092637 80.6795 
-0.0895064 0.0681737 0.99365 95.4399 0.0284257 0.997423 -0.0658721 -6.35071 -0.99558 0.0223492 -0.0912136 80.5808 
-0.0887964 0.066639 0.993818 96.6739 0.0248493 0.997597 -0.0646722 -6.44364 -0.99574 0.018953 -0.090239 80.4827 
-0.0887046 0.0680606 0.99373 97.9035 0.0210016 0.997569 -0.066449 -6.52308 -0.995836 0.0149756 -0.0899183 80.3954 
-0.0895356 0.0679498 0.993663 99.1655 0.0185468 0.997611 -0.0665486 -6.60385 -0.995811 0.0124708 -0.0905819 80.3143 
-0.0909657 0.065775 0.993679 100.418 0.0156904 0.997787 -0.0646107 -6.69088 -0.99573 0.00971387 -0.0917965 80.2247 
-0.092926 0.0641579 0.993604 101.671 0.0131507 0.997914 -0.0632063 -6.78247 -0.995586 0.00719306 -0.0935758 80.1349 
-0.0946045 0.0636309 0.993479 102.926 0.0109174 0.997961 -0.0628785 -6.86854 -0.995455 0.00489766 -0.0951064 80.0375 
-0.0961033 0.0636428 0.993335 104.182 0.0111729 0.99796 -0.0628583 -6.95663 -0.995309 0.00505759 -0.0966183 79.9311 
-0.0982729 0.0620291 0.993224 105.442 0.0108795 0.998063 -0.0612549 -7.04771 -0.9951 0.00478608 -0.0987574 79.8231 
-0.100717 0.0576106 0.993246 106.707 0.00792328 0.998337 -0.0571026 -7.13213 -0.994883 0.00211856 -0.101006 79.6983 
-0.105129 0.0575362 0.992793 107.959 0.00744584 0.998342 -0.0570695 -7.21375 -0.994431 0.00139253 -0.105383 79.5834 
-0.110801 0.0633533 0.991821 109.18 0.00242471 0.99798 -0.0634759 -7.30115 -0.99384 -0.0046283 -0.110731 79.4753 
-0.118253 0.0671724 0.990709 110.404 0.00384376 0.997733 -0.0671899 -7.37893 -0.992976 -0.00413738 -0.118244 79.3522 
-0.127433 0.0632028 0.989831 111.674 0.00548175 0.997997 -0.0630186 -7.47377 -0.991832 -0.0026046 -0.127524 79.2136 
-0.137994 0.0611473 0.988544 112.918 0.00760192 0.998128 -0.0606791 -7.56234 -0.990404 -0.000858533 -0.138201 79.0557 
-0.150561 0.0618753 0.986662 114.133 0.00818013 0.998083 -0.0613433 -7.65012 -0.988567 -0.00116486 -0.150778 78.8781 
-0.164643 0.0622103 0.984389 115.352 0.00995525 0.998063 -0.0614095 -7.73224 -0.986303 -0.000310789 -0.164943 78.6911 
-0.178822 0.0597088 0.982068 116.568 0.0108566 0.998216 -0.0587138 -7.82165 -0.983822 0.000162635 -0.179151 78.484 
-0.194086 0.0622404 0.979008 117.761 0.0152878 0.998056 -0.0604207 -7.90526 -0.980865 0.00324006 -0.19466 78.2537 
-0.208956 0.0654958 0.975729 118.958 0.0160874 0.99785 -0.0635355 -7.99052 -0.977793 0.00242081 -0.20956 78.0078 
-0.223969 0.0695524 0.972111 120.145 0.0163686 0.997578 -0.0676033 -8.07442 -0.974459 0.00077107 -0.224565 77.7529 
-0.240355 0.0675792 0.96833 121.327 0.0129993 0.997708 -0.066403 -8.16128 -0.970598 -0.00337269 -0.240683 77.4907 
-0.256053 0.0620016 0.964672 122.496 0.00759392 0.998039 -0.0621306 -8.25204 -0.966633 -0.00858306 -0.256022 77.2069 
-0.272073 0.0581202 0.96052 123.651 0.00286144 0.998219 -0.0595909 -8.33314 -0.962272 -0.0134646 -0.271755 76.9137 
-0.287494 0.0594886 0.955933 124.83 0.000952839 0.998086 -0.0618253 -8.41851 -0.957782 -0.0168635 -0.287001 76.5942 
-0.302023 0.0608418 0.951357 125.972 -0.00026671 0.997956 -0.0639067 -8.50729 -0.953301 -0.019555 -0.301389 76.2546 
-0.316763 0.0630653 0.946406 127.112 0.00125619 0.997814 -0.0660706 -8.59622 -0.948504 -0.0197398 -0.316149 75.9224 
-0.331192 0.062927 0.941462 128.247 0.00350139 0.997849 -0.0654642 -8.68886 -0.943557 -0.0183848 -0.3307 75.5438 
-0.345392 0.0607714 0.936489 129.391 0.00299351 0.997967 -0.063657 -8.77734 -0.938454 -0.0191832 -0.344872 75.1462 
-0.359867 0.0596081 0.931097 130.517 0.00285939 0.998023 -0.0627875 -8.86641 -0.932999 -0.0199328 -0.359326 74.7282 
-0.374733 0.0608967 0.925131 131.631 0.001204 0.997872 -0.0651972 -8.95257 -0.927132 -0.0233177 -0.374009 74.2985 
-0.389488 0.0632117 0.91886 132.735 0.00215989 0.997702 -0.0677201 -9.03748 -0.921029 -0.0243916 -0.38873 73.8526 
-0.403883 0.0651322 0.912489 133.837 0.00345377 0.997564 -0.069676 -9.12375 -0.914804 -0.0249894 -0.403124 73.3798 
-0.418369 0.0675342 0.905763 134.925 0.00646566 0.997428 -0.0713824 -9.22398 -0.908254 -0.0240078 -0.41773 72.8882 
-0.432719 0.0713953 0.898697 136.009 0.00652994 0.997081 -0.0760671 -9.31236 -0.901505 -0.0270472 -0.431922 72.3801 
-0.447849 0.0738052 0.891058 137.085 0.0074414 0.99686 -0.0788287 -9.40423 -0.894078 -0.0286726 -0.446992 71.8608 
-0.463352 0.0713249 0.883299 138.168 0.00620496 0.996992 -0.0772505 -9.5023 -0.886153 -0.0303133 -0.462401 71.3178 
-0.479431 0.0669151 0.875025 139.244 0.00325358 0.997217 -0.0744769 -9.60528 -0.877574 -0.0328595 -0.478314 70.7518 
-0.495312 0.0672467 0.866108 140.308 0.00330713 0.997138 -0.0755289 -9.70635 -0.868709 -0.0345461 -0.494117 70.1641 
-0.511455 0.0665325 0.85673 141.393 0.00202116 0.997088 -0.076226 -9.80145 -0.859307 -0.0372546 -0.510101 69.5572 
-0.527219 0.065611 0.847192 142.444 0.00133712 0.997077 -0.0763869 -9.89916 -0.849728 -0.0391398 -0.525766 68.9228 
-0.543176 0.0650147 0.837098 143.494 -0.000155933 0.99699 -0.0775342 -10.0012 -0.839619 -0.0422452 -0.54153 68.2776 
-0.558781 0.064513 0.826802 144.532 -0.000712454 0.996932 -0.0782692 -10.0969 -0.829315 -0.0443244 -0.55702 67.6093 
-0.574269 0.0619768 0.816317 145.563 -0.00140351 0.997054 -0.0766862 -10.193 -0.818665 -0.0451842 -0.572491 66.9167 
-0.58964 0.0581483 0.80557 146.586 -0.00164062 0.997317 -0.07319 -10.2948 -0.807664 -0.0444774 -0.587963 66.1969 
-0.604872 0.0566565 0.794305 147.596 -0.000763619 0.997424 -0.0717263 -10.3926 -0.796322 -0.0439917 -0.603271 65.4594 
-0.619798 0.0552335 0.782815 148.589 -0.00129847 0.997446 -0.0714055 -10.4877 -0.78476 -0.0452734 -0.618143 64.7094 
-0.634269 0.0565117 0.771044 149.578 -0.00258634 0.997164 -0.0752122 -10.5893 -0.773108 -0.049699 -0.632325 63.9047 
-0.649973 0.0559921 0.757891 150.548 -0.00503508 0.996943 -0.0779711 -10.6847 -0.75994 -0.0544951 -0.647704 63.1224 
-0.666163 0.0527153 0.743941 151.528 -0.00699223 0.997014 -0.0769092 -10.7867 -0.745774 -0.0564358 -0.663805 62.3041 
-0.683202 0.0449699 0.728843 152.491 -0.0110308 0.997352 -0.071877 -10.8932 -0.730146 -0.0571462 -0.680897 61.4724 
-0.700318 0.0425993 0.712559 153.428 -0.0119179 0.997381 -0.0713402 -10.9922 -0.713732 -0.058453 -0.697976 60.5982 
-0.717542 0.0405336 0.695335 154.318 -0.0126839 0.997379 -0.07123 -11.093 -0.6964 -0.05993 -0.715147 59.6986 
-0.735461 0.036833 0.676565 155.212 -0.0159068 0.997307 -0.0715861 -11.197 -0.67738 -0.0634108 -0.732895 58.7949 
-0.752176 0.0345902 0.658054 156.085 -0.0158099 0.997387 -0.0704984 -11.3017 -0.658773 -0.063431 -0.749663 57.8365 
-0.768701 0.036256 0.63858 156.932 -0.0142359 0.997175 -0.0737524 -11.4051 -0.63945 -0.0657842 -0.766013 56.8754 
-0.783801 0.0353892 0.620002 157.742 -0.0112902 0.997398 -0.0712036 -11.5119 -0.620909 -0.0628094 -0.781362 55.8765 
-0.798694 0.0369838 0.6006 158.534 -0.00695883 0.997475 -0.0706767 -11.6137 -0.601698 -0.0606285 -0.796419 54.857 
-0.813448 0.0380267 0.580394 159.299 -0.0055319 0.99731 -0.0730958 -11.7162 -0.581612 -0.0626703 -0.811049 53.826 
-0.8272 0.0398294 0.560494 160.038 -0.00451325 0.996981 -0.0775076 -11.8164 -0.561889 -0.0666439 -0.824524 52.7676 
-0.840514 0.0403133 0.540287 160.762 -0.00201784 0.996988 -0.0775289 -11.9204 -0.541786 -0.0662544 -0.837901 51.685 
-0.852552 0.0382587 0.52124 161.462 -0.000837243 0.997216 -0.0745644 -12.0365 -0.522642 -0.0640065 -0.850146 50.6108 
-0.863599 0.039727 0.502612 162.132 0.00133467 0.997067 -0.076516 -12.1403 -0.504178 -0.0654082 -0.861119 49.535 
-0.873336 0.0423973 0.485269 162.767 0.00396722 0.996791 -0.0799485 -12.2472 -0.487102 -0.0678968 -0.870702 48.4572 
-0.88272 0.0400903 0.468186 163.426 0.00212832 0.996685 -0.0813323 -12.3659 -0.469895 -0.0707972 -0.879879 47.293 
-0.89148 0.0365089 0.451586 164.054 2.60448e-05 0.996752 -0.0805321 -12.4853 -0.453059 -0.071781 -0.888586 46.1618 
-0.898894 0.0347002 0.436789 164.651 -0.000773225 0.996732 -0.0807755 -12.5958 -0.438165 -0.0729463 -0.89593 45.0111 
-0.905777 0.0324351 0.422511 165.224 -0.00194363 0.996738 -0.0806838 -12.698 -0.42375 -0.0739027 -0.902759 43.8179 
-0.912396 0.0297329 0.408227 165.784 -0.00335373 0.996781 -0.0800954 -12.8043 -0.409295 -0.0744478 -0.90936 42.6562 
-0.918478 0.0237924 0.394755 166.337 -0.0070851 0.997038 -0.0765778 -12.913 -0.395408 -0.073132 -0.915589 41.4847 
-0.923661 0.0210809 0.382631 166.856 -0.00759111 0.997283 -0.0732697 -13.0176 -0.383136 -0.070581 -0.920991 40.2841 
-0.928212 0.021359 0.371437 167.365 -0.0051044 0.997526 -0.0701172 -13.1209 -0.372016 -0.0669796 -0.925806 39.0886 
-0.931471 0.0251652 0.362944 167.846 -0.00100213 0.997424 -0.0717296 -13.2237 -0.363814 -0.0671777 -0.929046 37.8978 
-0.934133 0.0304215 0.355626 168.328 0.00437107 0.997261 -0.0738276 -13.3174 -0.356898 -0.0674104 -0.931708 36.7336 
-0.936328 0.0331034 0.349563 168.8 0.00667379 0.997044 -0.0765435 -13.4146 -0.351063 -0.0693369 -0.933781 35.5492 
-0.938271 0.0301335 0.344585 169.275 0.00438501 0.997154 -0.07526 -13.524 -0.345872 -0.0691033 -0.935734 34.3431 
-0.940206 0.0228549 0.339837 169.744 -0.00164331 0.99743 -0.071626 -13.6275 -0.340601 -0.0679017 -0.937753 33.1354 
-0.942023 0.0165196 0.33514 170.204 -0.00745151 0.997511 -0.070114 -13.7276 -0.335465 -0.0685463 -0.939556 31.9351 
-0.943799 0.00980689 0.330374 170.659 -0.0145277 0.997363 -0.0711081 -13.833 -0.3302 -0.0719113 -0.941168 30.7333 
-0.945437 0.00703934 0.325729 171.117 -0.0181572 0.997074 -0.0742498 -13.9305 -0.325298 -0.0761128 -0.942543 29.5301 
-0.946017 0.0065017 0.32405 171.554 -0.0193536 0.996882 -0.0765014 -14.0375 -0.323537 -0.0786433 -0.942941 28.3013 
-0.946181 0.0073603 0.323553 171.984 -0.0192319 0.996696 -0.0789138 -14.1358 -0.323065 -0.0808893 -0.942913 27.0934 
-0.946109 0.0100922 0.323692 172.417 -0.0169193 0.996609 -0.0805256 -14.2484 -0.323407 -0.0816626 -0.94273 25.871 
-0.945876 0.0103618 0.324363 172.861 -0.0173025 0.996458 -0.0822879 -14.3555 -0.324067 -0.0834464 -0.942347 24.6611 
-0.945782 0.0103847 0.324636 173.309 -0.0179711 0.996285 -0.084226 -14.4725 -0.324305 -0.0854935 -0.942081 23.4622 
-0.945182 0.0119099 0.326326 173.744 -0.0164455 0.99633 -0.0839964 -14.5856 -0.326129 -0.0847585 -0.941518 22.2484 
-0.944444 0.0107585 0.328497 174.185 -0.018163 0.996228 -0.0848467 -14.6998 -0.328171 -0.0860994 -0.940686 21.0506 
-0.94358 0.00866125 0.331032 174.643 -0.0206257 0.99618 -0.0848562 -14.8246 -0.330503 -0.0868963 -0.939796 19.8874 
-0.941649 0.00735946 0.336516 175.091 -0.0221366 0.996242 -0.0837307 -14.9238 -0.335868 -0.0862942 -0.937948 18.6553 
-0.93981 0.00420709 0.341671 175.562 -0.0251532 0.996359 -0.0814556 -15.0349 -0.34077 -0.0851469 -0.936283 17.4613 
-0.937246 0.00153039 0.348666 176.024 -0.0277516 0.99649 -0.0789727 -15.1427 -0.347563 -0.0836929 -0.933914 16.2716 
-0.934578 0.00382735 0.355738 176.488 -0.0260242 0.996528 -0.079091 -15.2493 -0.354806 -0.0831744 -0.931233 15.0998 
-0.931702 0.00351937 0.363207 176.963 -0.027395 0.996424 -0.079929 -15.3516 -0.362189 -0.08442 -0.928274 13.9581 
-0.927869 0.0069265 0.372842 177.444 -0.0255213 0.996304 -0.0820221 -15.4637 -0.372032 -0.0856211 -0.924262 12.7868 
-0.923995 0.00734802 0.382333 177.932 -0.0258763 0.996322 -0.0816842 -15.5675 -0.381527 -0.0853691 -0.920407 11.6675 
-0.919198 0.00869149 0.393698 178.454 -0.0260184 0.996231 -0.0827405 -15.6885 -0.392934 -0.0862983 -0.915508 10.5074 
-0.913674 0.011053 0.406297 178.984 -0.0252528 0.996155 -0.0838879 -15.7944 -0.405662 -0.0869063 -0.909882 9.36057 
-0.907721 0.0125888 0.419386 179.551 -0.025066 0.996137 -0.0841545 -15.909 -0.418825 -0.0869011 -0.903899 8.18553 
-0.901295 0.0125527 0.433024 180.107 -0.0252705 0.996354 -0.0814808 -16.0209 -0.432468 -0.084381 -0.897692 7.04026 
-0.895002 0.0150877 0.445807 180.683 -0.0236953 0.996408 -0.0812927 -16.1429 -0.445433 -0.0833206 -0.89143 5.91113 
-0.888802 0.016549 0.457992 181.277 -0.0228081 0.996512 -0.0802705 -16.2491 -0.457723 -0.0817905 -0.885324 4.82065 
-0.881022 0.0182004 0.472725 181.89 -0.0217717 0.996641 -0.0789479 -16.3543 -0.472574 -0.0798469 -0.877666 3.6645 
-0.873233 0.0200217 0.486891 182.506 -0.0193896 0.996937 -0.0757705 -16.4634 -0.486917 -0.0756059 -0.87017 2.57724 
-0.865529 0.021986 0.500376 183.101 -0.0169268 0.997181 -0.0730945 -16.5828 -0.500573 -0.0717352 -0.862717 1.56558 
-0.856895 0.0245538 0.514905 183.745 -0.0147333 0.99729 -0.0720757 -16.6848 -0.51528 -0.0693476 -0.854212 0.514644 
-0.846517 0.0275265 0.531649 184.418 -0.011568 0.997475 -0.070064 -16.791 -0.532236 -0.0654605 -0.844061 -0.538887 
-0.835685 0.0306659 0.548353 185.088 -0.00810135 0.997643 -0.0681383 -16.8931 -0.54915 -0.0613845 -0.833466 -1.5524 
-0.824062 0.0325535 0.565563 185.773 -0.00622492 0.997767 -0.0665011 -16.9945 -0.566465 -0.0583216 -0.822019 -2.5613 
-0.812712 0.034758 0.581628 186.498 -0.00500591 0.997766 -0.0666212 -17.0826 -0.582644 -0.0570554 -0.810722 -3.55087 
-0.799983 0.0375626 0.598845 187.243 -0.0029414 0.997781 -0.0665153 -17.1686 -0.600015 -0.0549726 -0.798098 -4.53409 
-0.787811 0.0381302 0.614736 188.019 -0.00146764 0.997963 -0.0637815 -17.2636 -0.615916 -0.05115 -0.78615 -5.45009 
-0.772741 0.0398461 0.63347 188.793 0.000614579 0.998074 -0.0620306 -17.3526 -0.634722 -0.0475442 -0.771277 -6.39695 
-0.756193 0.0430326 0.652932 189.631 0.00237502 0.998009 -0.0630249 -17.4352 -0.654344 -0.0461082 -0.75479 -7.3441 
-0.738791 0.0461951 0.67235 190.412 0.00409799 0.997937 -0.0640623 -17.5321 -0.673923 -0.0445733 -0.737456 -8.21282 
-0.721403 0.0468825 0.690926 191.248 0.00339523 0.997933 -0.0641693 -17.6215 -0.692507 -0.0439461 -0.720071 -9.06779 
-0.702223 0.0467536 0.71042 192.101 0.0030795 0.998031 -0.0626377 -17.7222 -0.711951 -0.0417978 -0.700984 -9.90222 
-0.682471 0.0457627 0.729479 192.922 0.00208381 0.998156 -0.0606682 -17.8228 -0.73091 -0.0398842 -0.681307 -10.6781 
-0.66273 0.0457436 0.74746 193.812 -0.00026484 0.998118 -0.0613184 -17.9103 -0.748858 -0.0408355 -0.661471 -11.4348 
-0.643265 0.0455312 0.764289 194.738 -0.00218426 0.998117 -0.0612995 -17.9953 -0.765641 -0.0411012 -0.641954 -12.1762 
-0.622684 0.0458437 0.781129 195.676 -0.00425193 0.998069 -0.0619652 -18.0643 -0.782462 -0.041906 -0.621287 -12.8915 
-0.600508 0.0462852 0.798278 196.626 -0.00449543 0.998112 -0.0612536 -18.1332 -0.799606 -0.0403718 -0.599166 -13.5852 
-0.57699 0.0468388 0.815407 197.597 -0.00552115 0.998108 -0.0612404 -18.2126 -0.816733 -0.0398371 -0.575639 -14.2488 
-0.552251 0.0500038 0.832176 198.578 -0.0038957 0.998034 -0.0625552 -18.2903 -0.833668 -0.0377881 -0.550971 -14.8785 
-0.525982 0.0508371 0.848975 199.576 -0.00460877 0.998027 -0.0626179 -18.3678 -0.850483 -0.0368486 -0.52471 -15.4896 
-0.498961 0.0496626 0.8652 200.597 -0.0057265 0.998146 -0.0605963 -18.4516 -0.866605 -0.0351897 -0.497752 -16.0531 
-0.47186 0.0479317 0.880369 201.577 -0.00914018 0.998201 -0.0592461 -18.5276 -0.881626 -0.0360026 -0.470574 -16.5725 
-0.442305 0.0496845 0.895487 202.64 -0.0092862 0.998157 -0.0599677 -18.5981 -0.896816 -0.0348397 -0.441029 -17.0859 
-0.411849 0.0524089 0.909744 203.705 -0.0112325 0.997977 -0.062577 -18.6674 -0.911183 -0.035991 -0.410427 -17.5486 
-0.380856 0.0540961 0.923051 204.731 -0.00950109 0.998005 -0.0624092 -18.7376 -0.924586 -0.0325389 -0.379582 -17.9643 
-0.349306 0.054565 0.935419 205.808 -0.0082857 0.998084 -0.0613146 -18.8182 -0.936972 -0.0291681 -0.348184 -18.3624 
-0.319444 0.0558785 0.945956 206.894 -0.0104464 0.997991 -0.06248 -18.8747 -0.947548 -0.0298406 -0.318218 -18.6574 
-0.286498 0.0544116 0.956534 207.947 -0.00922842 0.998183 -0.0595448 -18.9622 -0.958036 -0.0258868 -0.285475 -18.9638 
-0.252942 0.053609 0.965995 209.032 -0.0106689 0.998248 -0.0581926 -19.0302 -0.967423 -0.0250254 -0.251927 -19.2384 
-0.218825 0.0520695 0.974374 210.105 -0.00917473 0.998421 -0.0554151 -19.1156 -0.975721 -0.0210658 -0.218002 -19.4841 
-0.184292 0.0514026 0.981526 211.198 -0.00890565 0.998503 -0.0539639 -19.1958 -0.982831 -0.0186862 -0.183558 -19.6958 
-0.149971 0.0509177 0.987378 212.321 -0.00895348 0.998562 -0.0528545 -19.2718 -0.98865 -0.0167671 -0.1493 -19.8491 
-0.113482 0.0512988 0.992215 213.456 -0.00845944 0.99858 -0.0525955 -19.3366 -0.993504 -0.0143622 -0.112887 -19.9862 
-0.0788724 0.052165 0.995519 214.611 -0.0109008 0.998525 -0.0531863 -19.4054 -0.996825 -0.0150468 -0.0781875 -20.0651 
-0.0439232 0.0515702 0.997703 215.74 -0.0114526 0.998575 -0.0521196 -19.4804 -0.998969 -0.0137156 -0.04327 -20.1263 
-0.0103427 0.0509725 0.998646 216.924 -0.0126148 0.998614 -0.0511015 -19.5445 -0.999867 -0.0131262 -0.00968532 -20.1283 
0.0225913 0.0510796 0.998439 218.062 -0.0136713 0.998616 -0.0507795 -19.6194 -0.999651 -0.0125028 0.0232584 -20.0887 
0.0551169 0.0508527 0.997184 219.176 -0.0134457 0.998649 -0.0501843 -19.6915 -0.998389 -0.0106419 0.0557262 -20.0227 
0.0865288 0.0490389 0.995042 220.337 -0.0129269 0.998759 -0.0480981 -19.7551 -0.996165 -0.0087009 0.0870554 -19.9072 
0.117908 0.0479181 0.991868 221.504 -0.011175 0.998836 -0.0469264 -19.8176 -0.992962 -0.00555112 0.118307 -19.7685 
0.148286 0.0482641 0.987766 222.643 -0.0100444 0.99883 -0.047297 -19.8766 -0.988893 -0.00290802 0.148598 -19.5916 
0.179055 0.048107 0.982662 223.79 -0.00800423 0.998842 -0.0474407 -19.9372 -0.983806 0.000629033 0.179233 -19.3888 
0.208319 0.0472518 0.976919 224.897 -0.00524192 0.998872 -0.047196 -19.9999 -0.978047 0.00471088 0.208332 -19.1287 
0.23903 0.0452058 0.969959 226.041 -0.00237263 0.99894 -0.0459718 -20.0676 -0.971009 0.00868728 0.238884 -18.8553 
0.268816 0.0440122 0.962185 227.166 -5.64259e-05 0.998956 -0.0456785 -20.1267 -0.963191 0.0122248 0.268538 -18.5316 
0.298423 0.0434286 0.953445 228.284 0.00311335 0.998915 -0.0464743 -20.1893 -0.954429 0.0168374 0.297964 -18.1744 
0.327323 0.0426319 0.94395 229.39 0.00413473 0.998907 -0.0465478 -20.2537 -0.944903 0.0191391 0.326789 -17.7939 
0.355031 0.0415879 0.933929 230.453 0.00388928 0.998936 -0.0459612 -20.3136 -0.934846 0.01995 0.354492 -17.3737 
0.383148 0.041198 0.922768 231.53 0.00331138 0.998937 -0.0459737 -20.3744 -0.923681 0.0206703 0.382604 -16.9179 
0.411338 0.042408 0.910496 232.579 0.00469968 0.998805 -0.0486444 -20.4429 -0.911471 0.0242883 0.410647 -16.4326 
0.439929 0.0433057 0.896988 233.649 0.00638698 0.99866 -0.051347 -20.5117 -0.89801 0.0283181 0.439063 -15.9069 
0.467206 0.0423639 0.883133 234.7 0.00699628 0.998643 -0.0516062 -20.5746 -0.884121 0.0302893 0.466275 -15.3379 
0.493927 0.0403705 0.868565 235.707 0.0078448 0.998674 -0.0508791 -20.6343 -0.869468 0.0319443 0.492956 -14.7518 
0.519585 0.0378554 0.85358 236.721 0.00753363 0.998776 -0.0488807 -20.7137 -0.854386 0.0318282 0.518664 -14.1376 
0.542813 0.0377499 0.839005 237.716 0.00636058 0.998776 -0.0490539 -20.7877 -0.839829 0.0319636 0.541908 -13.4797 
0.564124 0.0379993 0.824815 238.701 0.00513582 0.99876 -0.0495257 -20.8517 -0.825674 0.0321747 0.563229 -12.7974 
0.583992 0.037012 0.810915 239.661 0.00421334 0.998808 -0.0486223 -20.9186 -0.811749 0.0318117 0.58314 -12.0906 
0.603041 0.0341808 0.796978 240.629 0.00407927 0.998936 -0.0459292 -20.9901 -0.7977 0.0309482 0.60226 -11.356 
0.620614 0.0310326 0.783502 241.581 0.0054107 0.999023 -0.0438549 -21.0545 -0.784098 0.0314562 0.61984 -10.5943 
0.637854 0.0280943 0.769644 242.535 0.00707416 0.999078 -0.0423323 -21.1197 -0.770125 0.0324464 0.637068 -9.81346 
0.652714 0.0265707 0.757138 243.401 0.00826402 0.999076 -0.0421856 -21.1777 -0.757559 0.0337921 0.651891 -9.0085 
0.668075 0.0265857 0.743619 244.305 0.00780134 0.999056 -0.042727 -21.2361 -0.744053 0.0343461 0.667237 -8.18169 
0.683159 0.0249644 0.729843 245.187 0.00883022 0.99906 -0.0424385 -21.3006 -0.730216 0.0354369 0.682296 -7.32981 
0.69788 0.023271 0.715837 246.064 0.00808064 0.999152 -0.0403594 -21.352 -0.716169 0.0339504 0.6971 -6.45734 
0.712629 0.0202847 0.701248 246.917 0.00905258 0.999233 -0.038104 -21.414 -0.701483 0.0335021 0.711898 -5.57497 
0.726712 0.0187247 0.686687 247.735 0.00961395 0.999253 -0.0374223 -21.4688 -0.686875 0.033797 0.725989 -4.68299 
0.740444 0.0187448 0.671857 248.551 0.0103738 0.999173 -0.0393099 -21.5231 -0.672038 0.0360764 0.739637 -3.76117 
0.753485 0.0178681 0.657222 249.376 0.0111155 0.999141 -0.0399078 -21.5808 -0.657371 0.0373752 0.75264 -2.81418 
0.765707 0.0166793 0.642973 250.179 0.0112876 0.999161 -0.0393615 -21.6392 -0.64309 0.0373969 0.764877 -1.84439 
0.77704 0.0146992 0.629279 250.962 0.0114962 0.999229 -0.0375366 -21.6927 -0.629346 0.0364017 0.776272 -0.858296 
0.787728 0.0121155 0.615905 251.728 0.0132119 0.999244 -0.036554 -21.7502 -0.615882 0.0369318 0.786972 0.15266 
0.797289 0.0124245 0.60347 252.458 0.0125519 0.999231 -0.0371561 -21.804 -0.603467 0.0371988 0.79652 1.16831 
0.806393 0.00991215 0.591296 253.199 0.0166307 0.999084 -0.0394287 -21.8576 -0.591145 0.0416286 0.80549 2.20058 
0.815164 0.0075973 0.57918 253.93 0.0180562 0.999095 -0.0385188 -21.9111 -0.578948 0.0418569 0.814289 3.23698 
0.823328 0.00433193 0.567549 254.66 0.0208224 0.999067 -0.0378323 -21.9719 -0.567183 0.0429661 0.82247 4.30261 
0.829909 0.00272612 0.557892 255.363 0.0221984 0.999035 -0.0379038 -22.0247 -0.557457 0.043841 0.829047 5.39435 
0.834913 0.0014293 0.55038 256.057 0.0229749 0.999034 -0.037447 -22.0773 -0.549902 0.0439099 0.834074 6.50039 
0.838498 0.00202552 0.5449 256.755 0.021173 0.999117 -0.0362954 -22.1351 -0.544493 0.0419707 0.837715 7.62337 
0.841175 0.00112651 0.540762 257.452 0.0212546 0.999156 -0.0351438 -22.1918 -0.540345 0.0410557 0.840441 8.73871 
0.843705 0.000523302 0.536807 258.154 0.0218175 0.99914 -0.035265 -22.2429 -0.536363 0.041465 0.842968 9.86449 
0.845861 -2.0873e-05 0.533403 258.843 0.0221139 0.999142 -0.0350288 -22.2911 -0.532945 0.0414251 0.845135 10.9927 
0.848014 -0.00267562 0.529966 259.557 0.0237608 0.999174 -0.032976 -22.3481 -0.52944 0.0405565 0.847377 12.1557 
0.850077 -0.00394741 0.526644 260.202 0.0243825 0.999195 -0.0318676 -22.4083 -0.526094 0.0399308 0.849488 13.2412 
0.85208 -0.00454264 0.523392 260.868 0.025226 0.999157 -0.0323961 -22.4557 -0.522804 0.0408071 0.851476 14.3781 
0.854666 -0.00673356 0.519135 261.6 0.0271436 0.999128 -0.0317279 -22.5097 -0.518468 0.0412079 0.854103 15.5728 
0.85704 -0.00675079 0.515205 262.297 0.0267067 0.999152 -0.0313346 -22.5675 -0.514556 0.0406143 0.856494 16.734 
0.859768 -0.00849133 0.510615 263.067 0.027775 0.999159 -0.0301518 -22.6464 -0.509929 0.0401058 0.859281 17.9621 
0.862509 -0.00913063 0.50596 263.83 0.0281495 0.999155 -0.0299557 -22.7151 -0.505259 0.0400795 0.862037 19.1907 
0.863718 -0.00805446 0.503911 264.493 0.0267339 0.999197 -0.0298518 -22.7652 -0.503266 0.0392549 0.863239 20.3448 
