1 2.12261e-08 -2.11895e-08 0 2.12261e-08 1 2.10703e-08 0 -2.11895e-08 2.10703e-08 1 0 
1 -0.000293371 7.29394e-05 -0.0238631 0.000293327 0.999999 0.00118575 -0.0133667 -7.33296e-05 -0.00118569 0.999999 1.34128 
0.999998 -0.00174981 -0.000229891 -0.048334 0.00175023 0.999997 0.00166535 -0.0407518 0.000226934 -0.0016657 0.999999 2.67073 
0.999997 -0.00244924 0.000697153 -0.0910162 0.00244907 0.999997 0.000298345 -0.053609 -0.000697924 -0.000296594 1 3.98095 
0.999995 -0.00303294 0.00122019 -0.122972 0.00303246 0.999995 0.000427958 -0.0711225 -0.00122152 -0.000424214 0.999999 5.30952 
0.99999 -0.00391896 0.00220489 -0.188189 0.00391582 0.999991 0.00144795 -0.0900702 -0.00221059 -0.00143926 0.999997 6.69534 
0.99998 -0.00563462 0.0029431 -0.211658 0.00562694 0.999981 0.00262395 -0.107332 -0.00295787 -0.00260729 0.999992 8.01963 
0.999983 -0.00502495 0.00301712 -0.235776 0.00501547 0.999982 0.00315477 -0.126133 -0.00303296 -0.00313954 0.999991 9.34588 
0.999987 -0.00405788 0.00323004 -0.267268 0.0040541 0.999991 0.00119063 -0.142783 -0.00323489 -0.00117748 0.999994 10.7005 
0.999994 -0.0010968 0.00336267 -0.289403 0.00110097 0.999999 -0.00122623 -0.157601 -0.00336136 0.00122996 0.999994 12.0617 
0.99999 0.00202236 0.00407623 -0.319715 -0.00201356 0.999996 -0.00215194 -0.180127 -0.00408061 0.00214376 0.999989 13.4313 
0.999976 0.00479612 0.00495497 -0.355804 -0.00478504 0.999986 -0.00223718 -0.208102 -0.00496567 0.00221346 0.999985 14.7914 
0.999965 0.00599034 0.00582716 -0.381402 -0.00598091 0.999981 -0.00162592 -0.226045 -0.00583683 0.00159105 0.999982 16.1526 
0.999972 0.00346264 0.00664579 -0.403561 -0.00347407 0.999993 0.00171509 -0.256909 -0.00663985 -0.00173809 0.999976 17.504 
0.999976 -0.000378201 0.00695277 -0.420422 0.000355196 0.999994 0.00331588 -0.273242 -0.00695402 -0.00331329 0.99997 18.8663 
0.999974 -0.00235992 0.00684958 -0.429713 0.00235316 0.999997 0.00100155 -0.291817 -0.00685197 -0.000985359 0.999976 20.2397 
0.99997 -0.00332412 0.006963 -0.442277 0.00333058 0.999994 -0.000910054 -0.313505 -0.00695998 0.00093326 0.999975 21.6001 
0.999971 -0.000927414 0.00760412 -0.460766 0.000946473 0.999996 -0.00249759 -0.334795 -0.00760182 0.00250475 0.999968 22.9607 
0.999961 0.00155497 0.00872219 -0.480506 -0.00155125 0.999999 -0.000428118 -0.357011 -0.00872288 0.000414612 0.999962 24.3349 
0.999953 0.00241154 0.00934366 -0.498827 -0.00244085 0.999992 0.00313131 -0.375124 -0.00933608 -0.00315393 0.999951 25.7159 
0.999952 0.00029602 0.00975496 -0.508208 -0.000345203 0.999987 0.00504488 -0.393555 -0.00975339 -0.00504797 0.99994 27.0781 
0.999952 -0.0034844 0.00917708 -0.508794 0.00345394 0.999989 0.00333673 -0.408998 -0.00918864 -0.00330483 0.999952 28.4569 
0.999952 -0.00378531 0.00907999 -0.521675 0.00377511 0.999992 0.00114458 -0.430152 -0.00908429 -0.00111021 0.999958 29.8279 
0.999945 -0.00371472 0.00978754 -0.53079 0.00372725 0.999992 -0.00125813 -0.45459 -0.00978283 0.00129458 0.999951 31.2061 
0.999942 -0.000295521 0.0107685 -0.555497 0.000316323 0.999998 -0.00192616 -0.484469 -0.0107679 0.00192949 0.99994 32.5733 
0.999937 0.00110496 0.011168 -0.571927 -0.00105321 0.999989 -0.00463495 -0.500083 -0.011173 0.00462293 0.999927 33.9701 
0.999927 0.00254082 0.0118438 -0.589889 -0.00249474 0.999989 -0.00390019 -0.531223 -0.0118537 0.0038704 0.999922 35.3137 
0.999924 0.00243992 0.0120866 -0.604104 -0.00240918 0.999994 -0.00255344 -0.559507 -0.0120928 0.00252417 0.999924 36.7177 
0.999922 0.00336461 0.0119983 -0.614315 -0.00334906 0.999994 -0.00131199 -0.579361 -0.0120027 0.00127175 0.999927 38.1146 
0.99991 0.0060138 0.0119837 -0.630275 -0.00600047 0.999981 -0.00114482 -0.593744 -0.0119904 0.00107286 0.999928 39.5648 
0.999885 0.0080272 0.0128848 -0.659058 -0.00801167 0.999967 -0.00125324 -0.615958 -0.0128945 0.0011499 0.999916 40.9908 
0.999852 0.0108935 0.013325 -0.668795 -0.0108778 0.99994 -0.00124484 -0.636943 -0.0133378 0.00109975 0.99991 42.4098 
0.999839 0.0116716 0.0136065 -0.691509 -0.0116575 0.999931 -0.0011125 -0.65829 -0.0136186 0.000953747 0.999907 43.8289 
0.999862 0.0101926 0.0131565 -0.700878 -0.0101793 0.999948 -0.00107881 -0.677067 -0.0131669 0.000944776 0.999913 45.2674 
0.999883 0.00875435 0.0125435 -0.711414 -0.00873892 0.999961 -0.00128131 -0.695554 -0.0125543 0.00117159 0.999921 46.7083 
0.999901 0.00755126 0.0119081 -0.727154 -0.00753853 0.999971 -0.00111069 -0.717179 -0.0119162 0.00102086 0.999929 48.1245 
0.999917 0.0071738 0.0107221 -0.730738 -0.00717862 0.999974 0.000415065 -0.74836 -0.0107189 -0.000491958 0.999942 49.6003 
0.999923 0.00759384 0.00978207 -0.739695 -0.00759586 0.999971 0.000173435 -0.768461 -0.00978051 -0.000247683 0.999952 51.0248 
0.999925 0.00822102 0.00903962 -0.761402 -0.00822609 0.999966 0.000529119 -0.788815 -0.00903501 -0.000603398 0.999959 52.4727 
0.999935 0.00813801 0.00803812 -0.77974 -0.00814595 0.999966 0.000960628 -0.807004 -0.00803007 -0.001026 0.999967 53.9188 
0.999949 0.00599653 0.00817992 -0.809323 -0.00601529 0.999979 0.00227489 -0.832502 -0.00816615 -0.00232393 0.999964 55.3702 
0.999958 0.00461643 0.00795671 -0.824171 -0.00463459 0.999987 0.00227137 -0.85166 -0.00794616 -0.0023081 0.999966 56.8167 
0.99997 0.00208486 0.00749875 -0.832501 -0.00209934 0.999996 0.00192909 -0.877005 -0.00749474 -0.00194473 0.99997 58.2656 
0.99997 0.00130143 0.00766504 -0.854931 -0.00131831 0.999997 0.00220393 -0.900678 -0.00766219 -0.00221393 0.999968 59.7184 
0.999966 0.000162189 0.00819779 -0.877281 -0.00018627 0.999996 0.0029421 -0.921975 -0.00819732 -0.00294349 0.999962 61.1519 
0.999961 -0.000874636 0.00876098 -0.888384 0.00084129 0.999992 0.00381404 -0.944208 -0.00876429 -0.00380648 0.999954 62.5908 
0.999953 -0.0028937 0.00931088 -0.899341 0.00286133 0.99999 0.00349306 -0.967447 -0.00932093 -0.00346621 0.999951 64.0315 
0.999942 -0.00418849 0.00996965 -0.906461 0.00416408 0.999988 0.00247213 -0.989075 -0.00997993 -0.00243042 0.999947 65.4883 
0.999941 -0.0037378 0.0102246 -0.915992 0.003717 0.999991 0.00205681 -1.01002 -0.0102322 -0.00201864 0.999946 66.9441 
0.999934 -0.00269212 0.0111394 -0.922684 0.00267503 0.999995 0.00155217 -1.03126 -0.0111436 -0.00152223 0.999937 68.3873 
0.999927 0.000876626 0.0120498 -0.942731 -0.000911495 0.999995 0.00289203 -1.05797 -0.0120473 -0.00290276 0.999923 69.8164 
0.99989 0.00530753 0.0138242 -1.0051 -0.00535808 0.999979 0.00362533 -1.07152 -0.0138047 -0.00369896 0.999898 71.2568 
0.999864 0.00869713 0.0139855 -1.01137 -0.00875676 0.999953 0.00421134 -1.09207 -0.0139482 -0.00433319 0.999893 72.6576 
0.99982 0.0121501 0.0145457 -1.02713 -0.012208 0.999918 0.00390202 -1.10787 -0.0144972 -0.00407885 0.999887 74.1079 
0.999765 0.0154235 0.015236 -1.0437 -0.0154724 0.999876 0.00310061 -1.12331 -0.0151863 -0.00333558 0.999879 75.5334 
0.999713 0.0175311 0.0163454 -1.05781 -0.0175825 0.999841 0.00300582 -1.14039 -0.0162902 -0.00329231 0.999862 76.9354 
0.999704 0.017647 0.0167405 -1.0675 -0.0177059 0.999838 0.00337923 -1.16774 -0.0166782 -0.0036746 0.999854 78.3307 
0.999721 0.016541 0.0168417 -1.07331 -0.0165984 0.999857 0.0032762 -1.18756 -0.0167851 -0.00355479 0.999853 79.7629 
0.999716 0.0159955 0.0176595 -1.0991 -0.016036 0.999869 0.00215527 -1.21014 -0.0176227 -0.0024378 0.999842 81.1599 
0.999733 0.0151891 0.017397 -1.09908 -0.0152383 0.99988 0.00270136 -1.24467 -0.0173539 -0.00296569 0.999845 82.5654 
0.999738 0.0148767 0.0174085 -1.11492 -0.0149284 0.999885 0.00284252 -1.26277 -0.0173642 -0.00310161 0.999844 83.9962 
0.999754 0.0139143 0.0172564 -1.11504 -0.0139609 0.999899 0.00258488 -1.27361 -0.0172187 -0.00282512 0.999848 85.4056 
0.999756 0.0145922 0.0166076 -1.12416 -0.0146402 0.999889 0.00277254 -1.2947 -0.0165654 -0.00301496 0.999858 86.8056 
0.999746 0.0148126 0.0169969 -1.17799 -0.014876 0.999883 0.00361178 -1.32548 -0.0169414 -0.00386366 0.999849 88.1481 
0.999793 0.0123145 0.0161947 -1.17877 -0.0123907 0.999913 0.00461607 -1.3426 -0.0161364 -0.00481573 0.999858 89.518 
0.99984 0.00966191 0.0150347 -1.18828 -0.00974561 0.999937 0.00550661 -1.36728 -0.0149806 -0.00565222 0.999872 90.8995 
0.999859 0.00770582 0.0149422 -1.2255 -0.00779115 0.999954 0.00566422 -1.39154 -0.0148979 -0.0057798 0.999872 92.3261 
0.99987 0.0063298 0.0148252 -1.23503 -0.00640556 0.999967 0.00507102 -1.40522 -0.0147926 -0.00516529 0.999877 93.6885 
0.999878 0.00497256 0.0147852 -1.24105 -0.00504002 0.999977 0.00453163 -1.42164 -0.0147624 -0.00460555 0.99988 95.0888 
0.999877 0.00561016 0.0146717 -1.25389 -0.00566793 0.999976 0.00390177 -1.43531 -0.0146495 -0.00398441 0.999885 96.4426 
0.999877 0.0049039 0.0148676 -1.26422 -0.00495673 0.999982 0.00352194 -1.45717 -0.0148501 -0.00359517 0.999883 97.7959 
0.999881 0.00467309 0.0147294 -1.26543 -0.00471903 0.999984 0.00308818 -1.47864 -0.0147148 -0.00315728 0.999887 99.1936 
0.999866 0.00609504 0.0152124 -1.27915 -0.00614623 0.999976 0.00332299 -1.50085 -0.0151919 -0.003416 0.999879 100.551 
0.999845 0.00746667 0.0159517 -1.29277 -0.0075377 0.999962 0.00440052 -1.51847 -0.0159183 -0.00452003 0.999863 101.88 
0.999834 0.00841729 0.0161367 -1.30848 -0.00851651 0.999945 0.00609266 -1.54442 -0.0160846 -0.00622904 0.999851 103.244 
0.999836 0.00733385 0.0165357 -1.30787 -0.00741563 0.999961 0.00489255 -1.56272 -0.0164992 -0.00501433 0.999851 104.599 
0.999833 0.00733858 0.0167244 -1.30944 -0.00738194 0.99997 0.00253492 -1.58197 -0.0167053 -0.00265791 0.999857 105.955 
0.999833 0.00693155 0.016934 -1.31765 -0.00695353 0.999975 0.00124237 -1.6025 -0.016925 -0.00135987 0.999856 107.289 
0.999835 0.00494636 0.0174936 -1.3326 -0.00499286 0.999984 0.0026182 -1.62484 -0.0174804 -0.00270506 0.999844 108.625 
0.999833 0.00204196 0.018173 -1.32849 -0.00213418 0.999985 0.00505877 -1.64912 -0.0181624 -0.00509667 0.999822 109.965 
0.999806 0.000806894 0.0196727 -1.3396 -0.000913034 0.999985 0.0053891 -1.6652 -0.0196681 -0.00540598 0.999792 111.311 
0.999795 -0.000306252 0.0202414 -1.32967 0.000224147 0.999992 0.00406053 -1.68327 -0.0202426 -0.00405512 0.999787 112.645 
0.999784 0.0017002 0.0207005 -1.31652 -0.0017354 0.999997 0.00168507 -1.70017 -0.0206976 -0.00172059 0.999784 113.989 
0.999748 0.00385212 0.0221359 -1.32244 -0.00384235 0.999993 -0.000481877 -1.71917 -0.0221377 0.000396743 0.999755 115.317 
0.999684 0.00734994 0.024027 -1.32995 -0.0073405 0.999973 -0.000479313 -1.74635 -0.0240299 0.000302833 0.999711 116.641 
0.999639 0.00840722 0.0255379 -1.32221 -0.00845042 0.999963 0.00158588 -1.76819 -0.0255236 -0.00180107 0.999673 117.996 
0.999577 0.0089126 0.0276696 -1.32373 -0.00900631 0.999954 0.00326565 -1.7834 -0.0276393 -0.00351343 0.999612 119.333 
0.999549 0.00866924 0.0287507 -1.31163 -0.00877816 0.999955 0.00366595 -1.80209 -0.0287176 -0.00391663 0.99958 120.685 
0.999501 0.00903139 0.0302821 -1.30541 -0.00912567 0.999954 0.00297778 -1.81728 -0.0302538 -0.0032526 0.999537 122.032 
0.99944 0.0106215 0.0317209 -1.29307 -0.0107176 0.999939 0.00286086 -1.84486 -0.0316886 -0.00319919 0.999493 123.399 
0.999368 0.012655 0.0332124 -1.28451 -0.0127429 0.999916 0.00243756 -1.86163 -0.0331788 -0.0028592 0.999445 124.749 
0.999329 0.0126683 0.0343747 -1.26713 -0.0127359 0.999917 0.00174924 -1.88359 -0.0343497 -0.00218582 0.999408 126.083 
0.999263 0.01474 0.0354354 -1.24965 -0.0147677 0.999891 0.000522332 -1.8969 -0.0354239 -0.00104521 0.999372 127.464 
0.999236 0.0133396 0.036734 -1.23249 -0.0133528 0.999911 0.000114173 -1.91327 -0.0367292 -0.000604544 0.999325 128.841 
0.999192 0.0126666 0.038147 -1.21889 -0.0127255 0.999918 0.00130394 -1.93364 -0.0381274 -0.00178828 0.999271 130.194 
0.999148 0.0118045 0.0395565 -1.19956 -0.011898 0.999927 0.00213111 -1.95501 -0.0395285 -0.00259989 0.999215 131.581 
0.999098 0.0110673 0.0410015 -1.18865 -0.011177 0.999935 0.00244905 -1.97027 -0.0409718 -0.00290508 0.999156 132.946 
0.999098 0.00884096 0.0415262 -1.16739 -0.00896379 0.999956 0.00277375 -1.99428 -0.0414999 -0.00314344 0.999134 134.308 
0.999104 0.00678352 0.0417872 -1.14573 -0.00693697 0.99997 0.00352921 -2.01893 -0.041762 -0.00381588 0.99912 135.662 
0.99912 0.00559117 0.041567 -1.12173 -0.005731 0.999978 0.00324673 -2.03535 -0.041548 -0.00348206 0.99913 137.047 
0.999154 0.00399631 0.040943 -1.1009 -0.00412156 0.999987 0.00297626 -2.04876 -0.0409306 -0.00314245 0.999157 138.401 
0.999183 0.00249666 0.0403434 -1.07878 -0.00267752 0.999987 0.00443067 -2.08303 -0.0403319 -0.00453503 0.999176 139.722 
0.99921 0.000961172 0.0397229 -1.06931 -0.0011459 0.999989 0.00462892 -2.10147 -0.039718 -0.00467074 0.9992 141.049 
0.999258 0.000545999 0.0385118 -1.04678 -0.000727668 0.999989 0.00470448 -2.11941 -0.0385089 -0.00472897 0.999247 142.394 
0.999297 0.000756561 0.0374904 -1.0227 -0.000902105 0.999992 0.00386656 -2.13351 -0.0374872 -0.00389762 0.99929 143.749 
0.99933 0.000906365 0.0365862 -0.997314 -0.00103929 0.999993 0.0036156 -2.15291 -0.0365827 -0.00365116 0.999324 145.096 
0.999351 -0.00155128 0.035998 -0.982529 0.00149438 0.999998 0.00160862 -2.17708 -0.0360005 -0.00155374 0.999351 146.425 
0.999359 -0.00662376 0.0351882 -0.961369 0.00658304 0.999978 0.00127444 -2.19681 -0.0351959 -0.00104194 0.99938 147.77 
0.999318 -0.0141395 0.0341106 -0.921648 0.0140184 0.999895 0.00378949 -2.21844 -0.0341607 -0.00330868 0.999411 149.129 
0.999263 -0.0211286 0.0320367 -0.882356 0.0209549 0.999764 0.00575056 -2.24143 -0.0321506 -0.00507496 0.99947 150.485 
0.999215 -0.0246644 0.0309913 -0.861659 0.0246026 0.999695 0.0023767 -2.25831 -0.0310404 -0.00161233 0.999517 151.82 
0.99924 -0.0235132 0.0311012 -0.839989 0.0235537 0.999722 -0.000935583 -2.2749 -0.0310706 0.00166746 0.999516 153.158 
0.999285 -0.0199668 0.0321188 -0.819902 0.0200927 0.999792 -0.00359985 -2.29048 -0.0320402 0.00424266 0.999478 154.52 
0.999262 -0.0197642 0.0329417 -0.800762 0.0198929 0.999796 -0.00358207 -2.31591 -0.0328642 0.00423478 0.999451 155.863 
0.999165 -0.0229747 0.0338006 -0.7795 0.0229943 0.999736 -0.000188163 -2.33666 -0.0337874 0.000965267 0.999429 157.216 
0.999004 -0.0284271 0.0344087 -0.756704 0.0283527 0.999595 0.00265022 -2.35712 -0.0344701 -0.00167196 0.999404 158.563 
0.998878 -0.0321765 0.0347594 -0.731804 0.0320535 0.999478 0.00409321 -2.37759 -0.034873 -0.00297441 0.999387 159.913 
0.998838 -0.0334011 0.0347363 -0.702463 0.0332795 0.999438 0.00407432 -2.39411 -0.0348529 -0.00291353 0.999388 161.271 
0.99885 -0.0318994 0.0357808 -0.67513 0.0317429 0.999484 0.00493544 -2.41616 -0.0359199 -0.00379394 0.999348 162.646 
0.998912 -0.0272125 0.0378844 -0.670408 0.0270813 0.999625 0.00397298 -2.4331 -0.0379784 -0.00294265 0.999274 163.976 
0.998985 -0.0232681 0.0385808 -0.647105 0.0232212 0.999729 0.00166622 -2.45324 -0.0386091 -0.000768592 0.999254 165.332 
0.999005 -0.0201467 0.0397779 -0.626705 0.0201287 0.999797 0.000852782 -2.46957 -0.039787 -5.12139e-05 0.999208 166.688 
0.999049 -0.0181353 0.039648 -0.585649 0.0180762 0.999835 0.00184982 -2.49026 -0.0396751 -0.00113134 0.999212 168.071 
0.999066 -0.0164138 0.0399645 -0.565344 0.0163587 0.999865 0.00170684 -2.51667 -0.0399872 -0.00105143 0.9992 169.442 
0.999106 -0.0144403 0.0397317 -0.538575 0.0144834 0.999895 -0.00079617 -2.54075 -0.039716 0.00137095 0.99921 170.806 
0.999163 -0.00992416 0.0396911 -0.525408 0.0100725 0.999943 -0.00353902 -2.56466 -0.0396537 0.00393589 0.999206 172.159 
0.999195 -0.00491492 0.0398231 -0.499365 0.00511376 0.999975 -0.00489165 -2.59355 -0.0397981 0.0050914 0.999195 173.527 
0.999195 -0.000188533 0.0401159 -0.475449 0.00034459 0.999992 -0.00388221 -2.61427 -0.0401149 0.00389295 0.999188 174.925 
0.999161 0.0029284 0.0408409 -0.454201 -0.00285719 0.999994 -0.00180072 -2.64838 -0.040846 0.00168256 0.999164 176.299 
0.999157 0.00397505 0.0408599 -0.41937 -0.00397475 0.999992 -8.75319e-05 -2.66332 -0.0408599 -7.49086e-05 0.999165 177.698 
0.999183 0.00153918 0.0403904 -0.390822 -0.00156348 0.999999 0.000571071 -2.67914 -0.0403895 -0.000633712 0.999184 179.083 
0.999246 -0.000662527 0.0388084 -0.355381 0.000633091 1 0.000771897 -2.70557 -0.038809 -0.000746705 0.999246 180.459 
0.999321 -0.00144833 0.0368113 -0.320659 0.00157304 0.999993 -0.00335787 -2.72899 -0.0368062 0.00341353 0.999317 181.87 
0.999368 0.000498684 0.0355473 -0.299 -0.000235954 0.999973 -0.00739359 -2.76256 -0.0355501 0.00738057 0.999341 183.268 
0.999384 0.00459058 0.0347977 -0.280318 -0.00431866 0.99996 -0.00788433 -2.7969 -0.0348326 0.00772923 0.999363 184.684 
0.999357 0.00804358 0.034931 -0.269057 -0.00780177 0.999945 -0.00705221 -2.82817 -0.0349859 0.0067752 0.999365 186.129 
0.999346 0.00938898 0.0349116 -0.247167 -0.00927435 0.999951 -0.00344253 -2.85705 -0.0349423 0.00311654 0.999385 187.593 
0.999327 0.00970091 0.0353845 -0.230582 -0.00965021 0.999952 -0.00160215 -2.87428 -0.0353984 0.00125965 0.999373 189.074 
0.99932 0.00894739 0.0357835 -0.215738 -0.00892639 0.99996 -0.000745362 -2.8953 -0.0357888 0.000425478 0.999359 190.525 
0.999341 0.00698453 0.0356208 -0.18484 -0.0069931 0.999976 0.000117307 -2.91807 -0.0356191 -0.000366288 0.999365 191.978 
0.999349 0.00462423 0.0357908 -0.153544 -0.00464704 0.999989 0.000555342 -2.94192 -0.0357879 -0.000721261 0.999359 193.403 
0.999359 0.00154553 0.0357764 -0.116077 -0.00157426 0.999999 0.000776057 -2.96538 -0.0357752 -0.000831839 0.99936 194.846 
0.999333 -0.00183218 0.0364659 -0.0893994 0.00175464 0.999996 0.00215944 -2.99283 -0.0364698 -0.00209398 0.999333 196.293 
0.999305 -0.00578274 0.0368385 -0.0555071 0.00565307 0.999977 0.00362435 -3.00876 -0.0368587 -0.00341354 0.999315 197.752 
0.999263 -0.00862404 0.0373948 -0.0280457 0.00849685 0.999958 0.00356002 -3.02908 -0.0374239 -0.00323962 0.999294 199.21 
0.99927 -0.00605258 0.0377282 0.00215702 0.00609685 0.999981 -0.00105718 -3.0503 -0.0377211 0.00128648 0.999288 200.645 
0.999262 0.00150143 0.038377 0.0117723 -0.00125462 0.999978 -0.00645342 -3.06562 -0.0383859 0.00640055 0.999243 202.086 
0.999164 0.0101121 0.0396104 0.0331697 -0.0098774 0.999933 -0.00611512 -3.10096 -0.0396696 0.0057188 0.999197 203.532 
0.99901 0.0179122 0.0407096 0.050422 -0.0178216 0.999838 -0.00258629 -3.12915 -0.0407494 0.00185826 0.999168 204.99 
0.998938 0.0190945 0.0419283 0.0705682 -0.0190892 0.999818 -0.000525843 -3.15256 -0.0419307 -0.00027505 0.999121 206.452 
0.998985 0.0175279 0.041491 0.109711 -0.0175333 0.999846 -0.000233561 -3.17047 -0.0414887 -0.000494108 0.999139 207.902 
0.999075 0.0144575 0.0404872 0.142371 -0.0144495 0.999896 -0.000490475 -3.18869 -0.0404901 -9.49556e-05 0.99918 209.366 
0.999144 0.0122106 0.0395193 0.178103 -0.0121876 0.999925 -0.000821406 -3.21549 -0.0395264 0.000339099 0.999219 210.83 
0.999176 0.0119853 0.0387782 0.218484 -0.0119607 0.999928 -0.000864904 -3.24904 -0.0387858 0.00040042 0.999248 212.289 
0.999154 0.0137629 0.0387567 0.244133 -0.0137385 0.999905 -0.000895238 -3.27122 -0.0387654 0.000362064 0.999248 213.761 
0.999148 0.0141617 0.038758 0.269607 -0.0141788 0.9999 0.000169038 -3.29726 -0.0387518 -0.000718397 0.999249 215.228 
0.999158 0.0134909 0.0387521 0.296826 -0.0134926 0.999909 -0.000215264 -3.32467 -0.0387515 -0.000307745 0.999249 216.698 
0.999165 0.0126665 0.0388402 0.320655 -0.0126394 0.99992 -0.000941955 -3.35404 -0.038849 0.000450292 0.999245 218.165 
0.999163 0.0116867 0.0391955 0.327038 -0.0116626 0.999932 -0.000843489 -3.38464 -0.0392027 0.000385703 0.999231 219.628 
0.999168 0.0114536 0.0391407 0.343647 -0.0114205 0.999934 -0.00106759 -3.39645 -0.0391504 0.00061974 0.999233 221.177 
0.99915 0.0117008 0.0395189 0.363051 -0.0116636 0.999931 -0.00117227 -3.42261 -0.03953 0.00071038 0.999218 222.666 
0.999139 0.0120366 0.0397127 0.386426 -0.011986 0.999927 -0.00151096 -3.44368 -0.039728 0.0010337 0.99921 224.152 
0.999134 0.0131559 0.0394692 0.407576 -0.0130889 0.999912 -0.00195422 -3.4632 -0.0394915 0.00143596 0.999219 225.674 
0.999131 0.0129534 0.0396212 0.431824 -0.0129006 0.999916 -0.00158812 -3.49686 -0.0396385 0.00107565 0.999214 227.181 
0.99912 0.0132266 0.0398073 0.451672 -0.0131716 0.999912 -0.0016426 -3.52104 -0.0398256 0.00111687 0.999206 228.684 
0.999134 0.0123067 0.0397483 0.494918 -0.0122675 0.999924 -0.00122765 -3.55251 -0.0397604 0.000739012 0.999209 230.183 
0.999126 0.0111708 0.0402782 0.516935 -0.0111166 0.999937 -0.00156927 -3.57274 -0.0402933 0.00112019 0.999187 231.678 
0.999133 0.00996435 0.0404205 0.547359 -0.00993005 0.99995 -0.00104805 -3.60362 -0.040429 0.000645806 0.999182 233.178 
0.99912 0.00951091 0.0408405 0.578568 -0.00949249 0.999955 -0.000643767 -3.62312 -0.0408448 0.000255563 0.999166 234.687 
0.999113 0.00924126 0.0410817 0.608783 -0.00922965 0.999957 -0.000471275 -3.64802 -0.0410844 9.1728e-05 0.999156 236.218 
0.999116 0.00970186 0.0409061 0.644924 -0.00967812 0.999953 -0.00077723 -3.67421 -0.0409117 0.00038069 0.999163 237.718 
0.999082 0.0110969 0.0413852 0.674816 -0.0110552 0.999938 -0.00123468 -3.70464 -0.0413964 0.000776065 0.999143 239.216 
0.999053 0.0118716 0.0418631 0.708936 -0.0118572 0.99993 -0.000591774 -3.72659 -0.0418672 9.48757e-05 0.999123 240.697 
0.999025 0.0118805 0.0425214 0.746101 -0.0119722 0.999927 0.00190551 -3.75589 -0.0424957 -0.00241268 0.999094 242.238 
0.998983 0.0118801 0.043491 0.770294 -0.0119896 0.999926 0.00225715 -3.77742 -0.043461 -0.00277626 0.999051 243.77 
0.998945 0.0126538 0.044139 0.81177 -0.0126945 0.999919 0.000643136 -3.79911 -0.0441274 -0.00120274 0.999025 245.293 
0.998945 0.0125237 0.0441784 0.874369 -0.0125268 0.999922 -0.000207046 -3.83255 -0.0441775 -0.000346544 0.999024 246.826 
0.99891 0.01339 0.0447176 0.903818 -0.0134042 0.99991 1.96884e-05 -3.85074 -0.0447134 -0.000619032 0.999 248.384 
0.998902 0.0134649 0.0448805 0.933123 -0.0135214 0.999908 0.000957007 -3.87186 -0.0448636 -0.00156276 0.998992 249.905 
0.99892 0.0132036 0.0445538 0.978356 -0.0132908 0.99991 0.00166182 -3.90233 -0.0445279 -0.00225214 0.999006 251.425 
0.998941 0.013164 0.0440862 1.02662 -0.0132517 0.999911 0.00169943 -3.92376 -0.0440599 -0.00228181 0.999026 252.979 
0.998892 0.0153695 0.0444886 1.06418 -0.0154604 0.999879 0.00169958 -3.9421 -0.0444572 -0.00238546 0.999008 254.523 
0.998855 0.016354 0.0449609 1.0977 -0.0164507 0.999863 0.00178258 -3.95998 -0.0449256 -0.00252014 0.998987 256.074 
0.99885 0.0160428 0.0451771 1.13738 -0.0161518 0.999867 0.00204978 -3.98074 -0.0451382 -0.00277707 0.998977 257.653 
0.998858 0.0145112 0.0455143 1.1732 -0.0146353 0.99989 0.00239636 -4.00791 -0.0454745 -0.0030597 0.998961 259.186 
0.998893 0.0126724 0.0452968 1.21639 -0.0128349 0.999912 0.003298 -4.02906 -0.0452511 -0.00387568 0.998968 260.731 
0.998874 0.0103355 0.0463009 1.23826 -0.0105329 0.999936 0.00402288 -4.04847 -0.0462564 -0.00450599 0.998919 262.276 
0.998915 0.00824322 0.0458285 1.28638 -0.00841549 0.999958 0.0035684 -4.07038 -0.0457972 -0.00395016 0.998943 263.79 
0.998918 0.00737673 0.0459235 1.32803 -0.00748524 0.99997 0.00219215 -4.08475 -0.045906 -0.00253349 0.998943 265.326 
0.99889 0.00519519 0.0468194 1.36607 -0.00541003 0.999975 0.00446412 -4.11344 -0.0467951 -0.00471242 0.998893 266.889 
0.998896 0.00332827 0.0468546 1.42005 -0.00359926 0.999977 0.00570144 -4.12467 -0.0468346 -0.00586374 0.998885 268.432 
0.998901 0.00246727 0.0468113 1.46835 -0.0027083 0.999983 0.00508732 -4.14626 -0.046798 -0.00520846 0.998891 269.993 
0.99888 0.00286263 0.0472278 1.52174 -0.00305116 0.999988 0.00392106 -4.15957 -0.047216 -0.00406073 0.998876 271.58 
0.998834 0.00439617 0.0480762 1.55676 -0.00457787 0.999983 0.00367085 -4.18343 -0.0480593 -0.00388662 0.998837 273.105 
0.998777 0.00534088 0.049161 1.61248 -0.00555401 0.999976 0.00420052 -4.21064 -0.0491374 -0.00446838 0.998782 274.652 
0.998715 0.00683273 0.0502076 1.65785 -0.00703768 0.999968 0.0039072 -4.23329 -0.0501793 -0.00425549 0.998731 276.201 
0.998631 0.00916322 0.0514905 1.69726 -0.00934727 0.999951 0.00333573 -4.25564 -0.0514574 -0.00381242 0.998668 277.744 
0.99855 0.00999443 0.0529035 1.74129 -0.0101609 0.999944 0.00287992 -4.27825 -0.0528718 -0.00341325 0.998596 279.286 
0.998506 0.00992279 0.0537355 1.80149 -0.010043 0.999948 0.00196852 -4.29143 -0.0537132 -0.00250521 0.998553 280.865 
0.998454 0.00898444 0.0548475 1.85215 -0.00906701 0.999958 0.00125756 -4.30919 -0.0548339 -0.00175288 0.998494 282.473 
0.9984 0.0079873 0.0559793 1.89901 -0.00809817 0.999966 0.00175479 -4.33509 -0.0559634 -0.00220527 0.99843 284.063 
0.998372 0.00643708 0.0566766 1.96257 -0.0065963 0.999975 0.00262351 -4.34533 -0.0566583 -0.00299306 0.998389 285.626 
0.998363 0.00508888 0.0569645 2.02816 -0.00528216 0.999981 0.00324376 -4.36999 -0.0569469 -0.0035393 0.998371 287.182 
0.998347 0.00500869 0.0572542 2.08654 -0.00506312 0.999987 0.000806519 -4.39308 -0.0572494 -0.00109503 0.998359 288.774 
0.998336 0.00377425 0.0575469 2.14337 -0.00369333 0.999992 -0.00151181 -4.41415 -0.0575521 0.0012968 0.998342 290.366 
0.998401 0.00394721 0.0563837 2.21688 -0.00387551 0.999992 -0.00138033 -4.43936 -0.0563887 0.00115965 0.998408 291.945 
0.998441 0.00209408 0.0557709 2.26165 -0.0020326 0.999997 -0.00115832 -4.46197 -0.0557732 0.0010432 0.998443 293.5 
0.998498 0.00122766 0.0547718 2.32165 -0.00114132 0.999998 -0.00160674 -4.48437 -0.0547737 0.00154186 0.998498 295.038 
0.998514 0.00206352 0.054465 2.37717 -0.00197701 0.999997 -0.00164143 -4.50851 -0.0544682 0.00153135 0.998514 296.612 
0.998564 0.0014375 0.0535545 2.43733 -0.00137967 0.999998 -0.00111593 -4.53937 -0.053556 0.00104048 0.998564 298.192 
0.998606 0.000775215 0.0527689 2.48667 -0.000766256 1 -0.000189181 -4.58007 -0.0527691 0.000148523 0.998607 299.724 
0.99868 -0.000943589 0.0513587 2.55521 0.000876003 0.999999 0.00133931 -4.60392 -0.0513599 -0.00129251 0.998679 301.359 
0.998726 0.000981889 0.0504562 2.6165 -0.00111191 0.999996 0.0025498 -4.62252 -0.0504536 -0.00260262 0.998723 302.959 
0.998679 0.00150739 0.0513569 2.66149 -0.00163465 0.999996 0.0024369 -4.63906 -0.051353 -0.00251759 0.998677 304.56 
0.998645 0.00164972 0.052006 2.71745 -0.00178891 0.999995 0.00263079 -4.66868 -0.0520015 -0.00272022 0.998643 306.146 
0.998632 5.20641e-05 0.0522874 2.77271 -0.000196389 0.999996 0.00275592 -4.69111 -0.0522871 -0.00276238 0.998628 307.748 
0.998622 -0.00159959 0.0524516 2.84362 0.00152313 0.999998 0.00149854 -4.70199 -0.0524539 -0.00141655 0.998622 309.384 
0.998574 -0.00344702 0.0532725 2.88469 0.0034709 0.999994 -0.000354971 -4.72316 -0.053271 0.00053941 0.99858 310.953 
0.998588 -0.00380069 0.0529946 2.93672 0.00386518 0.999992 -0.00111364 -4.75342 -0.05299 0.00131695 0.998594 312.559 
0.998714 -0.00301633 0.050617 2.99377 0.00311763 0.999993 -0.00192166 -4.786 -0.0506109 0.00207703 0.998716 314.15 
0.998811 -0.00207987 0.0486973 3.03673 0.00214196 0.999997 -0.00122186 -4.81079 -0.0486946 0.00132476 0.998813 315.776 
0.998833 -0.000951893 0.0482808 3.07836 0.000860702 0.999998 0.00191042 -4.83114 -0.0482825 -0.00186659 0.998832 317.432 
0.998806 -0.00283041 0.0487727 3.13326 0.0025932 0.999985 0.00492696 -4.85142 -0.048786 -0.00479456 0.998798 319.045 
0.998805 -0.00423789 0.0486802 3.18373 0.00395647 0.999975 0.00587687 -4.87515 -0.048704 -0.00567721 0.998797 320.665 
0.998777 -0.00516658 0.049175 3.23236 0.00494347 0.999977 0.00465842 -4.89196 -0.0491979 -0.00440959 0.998779 322.306 
0.99875 -0.00608847 0.0496103 3.28372 0.00587087 0.999973 0.00453172 -4.91071 -0.0496366 -0.00423476 0.998758 323.938 
0.998716 -0.0066354 0.0502166 3.32156 0.00639441 0.999967 0.00495913 -4.93084 -0.0502479 -0.00463162 0.998726 325.574 
0.998683 -0.00683859 0.0508579 3.37186 0.00658901 0.999965 0.00507441 -4.95053 -0.0508908 -0.00473258 0.998693 327.204 
0.99866 -0.00547669 0.0514621 3.41403 0.00528758 0.999979 0.00381093 -4.9678 -0.0514819 -0.00353367 0.998668 328.838 
0.99862 -0.00439602 0.0523282 3.46492 0.00422228 0.999985 0.00343109 -4.9937 -0.0523425 -0.00320538 0.998624 330.425 
0.998574 -0.00606955 0.0530402 3.52665 0.00577416 0.999967 0.00572159 -5.0261 -0.0530733 -0.00540712 0.998576 332.068 
0.998542 -0.00699065 0.0535321 3.57539 0.00665236 0.999957 0.00649586 -5.04801 -0.0535752 -0.00613024 0.998545 333.732 
0.998518 -0.00754988 0.0538944 3.62957 0.00728268 0.99996 0.00515328 -5.06536 -0.0539312 -0.00475311 0.998533 335.367 
0.998508 -0.00642556 0.0542178 3.67898 0.00612916 0.999965 0.00563214 -5.09075 -0.0542522 -0.00529139 0.998513 336.982 
0.998514 -0.00464296 0.0542971 3.73152 0.00444998 0.999983 0.00367544 -5.11645 -0.0543133 -0.00342832 0.998518 338.589 
0.998514 -0.00298038 0.0544121 3.76252 0.00294362 0.999995 0.000756376 -5.14115 -0.0544141 -0.000595043 0.998518 340.201 
0.998523 -0.00196586 0.0542983 3.80126 0.00190087 0.999997 0.00124922 -5.15796 -0.0543007 -0.00114412 0.998524 341.854 
0.998563 -0.00120108 0.05357 3.84953 0.000970656 0.99999 0.00432804 -5.17133 -0.0535748 -0.00426979 0.998555 343.48 
0.998611 -0.000968672 0.0526748 3.89813 0.000566843 0.999971 0.00764371 -5.20035 -0.0526807 -0.00760319 0.998583 345.101 
0.998612 0.000129374 0.0526665 3.91077 -0.000434971 0.999983 0.00579191 -5.20726 -0.0526649 -0.00580674 0.998595 346.793 
0.99868 -0.000967794 0.0513526 3.94552 0.000728814 0.999989 0.00467307 -5.22579 -0.0513566 -0.00462944 0.99867 348.423 
0.998758 -0.00185589 0.0497814 3.99526 0.00155408 0.99998 0.00610152 -5.24816 -0.0497918 -0.00601654 0.998742 350.046 
0.998786 -0.00402653 0.049104 4.043 0.00369059 0.999969 0.00693097 -5.2709 -0.0491305 -0.00674129 0.99877 351.657 
0.998788 -0.00446099 0.0490252 4.08971 0.00416848 0.999973 0.00606822 -5.2889 -0.049051 -0.00585647 0.998779 353.273 
0.998796 -0.00525885 0.048774 4.13703 0.00500833 0.999974 0.00525819 -5.30833 -0.0488004 -0.00500754 0.998796 354.894 
0.998785 -0.00525507 0.0489909 4.18436 0.00502131 0.999975 0.00489429 -5.3208 -0.0490155 -0.0046423 0.998787 356.51 
0.998769 -0.00578653 0.0492712 4.23282 0.00554714 0.999972 0.00499489 -5.34359 -0.0492987 -0.00471538 0.998773 358.119 
0.998756 -0.00688822 0.0493874 4.27802 0.00667974 0.999968 0.00438593 -5.36345 -0.049416 -0.00405054 0.99877 359.729 
0.998752 -0.00687398 0.0494657 4.33393 0.00670013 0.999971 0.00368038 -5.38032 -0.0494896 -0.00334432 0.998769 361.375 
0.998753 -0.00848161 0.0491902 4.3914 0.00828933 0.999957 0.00411249 -5.40334 -0.049223 -0.00369957 0.998781 362.987 
0.99875 -0.00830058 0.0493009 4.44337 0.0081498 0.999962 0.00325964 -5.42337 -0.0493261 -0.00285373 0.998779 364.59 
0.998734 -0.0108478 0.0491176 4.49804 0.0107441 0.99994 0.002376 -5.45231 -0.0491405 -0.00184523 0.99879 366.188 
0.998713 -0.0123579 0.0491939 4.5512 0.0121506 0.999916 0.00451058 -5.47957 -0.0492456 -0.00390699 0.998779 367.773 
0.998692 -0.0140083 0.0491755 4.60258 0.0137645 0.999891 0.00529494 -5.49885 -0.0492443 -0.00461109 0.998776 369.386 
0.998688 -0.0148755 0.0490105 4.65677 0.0146807 0.999883 0.00433172 -5.51546 -0.0490693 -0.00360648 0.998789 370.994 
0.998713 -0.0149145 0.0484697 4.72342 0.0147266 0.999883 0.004232 -5.55503 -0.0485272 -0.00351273 0.998816 372.6 
0.998693 -0.0137728 0.0492243 4.76577 0.0135314 0.999895 0.00523552 -5.5831 -0.0492912 -0.00456256 0.998774 374.186 
0.998705 -0.0114889 0.0495628 4.83886 0.011219 0.999921 0.00572159 -5.59164 -0.0496247 -0.0051581 0.998755 375.839 
0.998675 -0.0125123 0.0499195 4.88423 0.0122491 0.999909 0.00557614 -5.61637 -0.0499848 -0.00495725 0.998738 377.45 
0.998668 -0.0125922 0.0500471 4.93988 0.0123638 0.999912 0.00487216 -5.63656 -0.0501041 -0.00424686 0.998735 379.033 
0.998662 -0.0130352 0.0500535 4.99004 0.0128035 0.999906 0.00494762 -5.65932 -0.0501133 -0.0043001 0.998734 380.671 
0.998605 -0.012757 0.0512333 5.03209 0.0125664 0.999913 0.00404168 -5.65652 -0.0512804 -0.00339218 0.998679 382.272 
0.998575 -0.0114015 0.0521267 5.06708 0.0111983 0.999929 0.00418894 -5.67967 -0.0521707 -0.0035992 0.998632 383.905 
0.998591 -0.00969283 0.0521738 5.12837 0.00947385 0.999945 0.00444366 -5.69479 -0.052214 -0.00394307 0.998628 385.584 
0.998583 -0.00775906 0.0526459 5.18105 0.00758254 0.999965 0.00355264 -5.71257 -0.0526717 -0.00314837 0.998607 387.23 
0.99859 -0.00659181 0.052681 5.24312 0.00644545 0.999975 0.0029484 -5.73863 -0.0526991 -0.00260464 0.998607 388.863 
0.998604 -0.00596423 0.0524841 5.30711 0.00582227 0.999979 0.00285824 -5.7583 -0.0525001 -0.00254863 0.998618 390.489 
0.99857 -0.00520208 0.0532049 5.3574 0.00502547 0.999981 0.00345351 -5.77302 -0.0532219 -0.00318115 0.998578 392.116 
0.998538 -0.0042707 0.0538854 5.4066 0.00409788 0.999986 0.00331794 -5.78837 -0.0538989 -0.00309223 0.998542 393.765 
0.998517 -0.0036435 0.0543191 5.46792 0.00349151 0.99999 0.00289369 -5.81073 -0.0543291 -0.0026997 0.998519 395.407 
0.998501 -0.00297343 0.0546496 5.52248 0.00282807 0.999992 0.00273794 -5.82668 -0.0546573 -0.00257925 0.998502 397.055 
0.998475 -0.0034184 0.0551057 5.58223 0.00323019 0.999989 0.00350503 -5.85447 -0.0551171 -0.00332164 0.998474 398.664 
0.998453 -0.00329848 0.0555 5.6359 0.0031698 0.999992 0.00240732 -5.87207 -0.0555075 -0.00222763 0.998456 400.369 
0.99844 -0.003467 0.0557303 5.70089 0.00339749 0.999993 0.00134271 -5.89766 -0.0557346 -0.00115124 0.998445 401.977 
0.998424 -0.00517573 0.0558859 5.76676 0.00511986 0.999986 0.00114368 -5.91115 -0.0558911 -0.000855712 0.998437 403.626 
0.998419 -0.00628824 0.055859 5.83172 0.0061589 0.999978 0.00248803 -5.93871 -0.0558735 -0.00214002 0.998436 405.246 
0.998369 -0.00749525 0.0565984 5.88341 0.00729543 0.999966 0.00373718 -5.9553 -0.0566246 -0.00331814 0.99839 406.899 
0.998326 -0.00930836 0.0570824 5.94937 0.00915531 0.999954 0.00294281 -5.97405 -0.0571072 -0.00241524 0.998365 408.555 
0.99828 -0.0114988 0.0574883 6.01692 0.0113729 0.999932 0.00251704 -5.99816 -0.0575134 -0.00185886 0.998343 410.24 
