1 2.12261e-08 -2.11895e-08 0 2.12261e-08 1 2.10703e-08 0 -2.11895e-08 2.10703e-08 1 0 
1 -0.000293371 7.29394e-05 -0.0238631 0.000293327 0.999999 0.00118575 -0.0133667 -7.33296e-05 -0.00118569 0.999999 1.34128 
0.999999 -0.00169976 -0.000413729 -0.0391583 0.00170047 0.999997 0.00162262 -0.038145 0.000410928 -0.00162328 0.999999 2.67805 
0.999997 -0.00239944 0.000513246 -0.0820821 0.00239935 0.999997 0.00025557 -0.0510561 -0.0005139 -0.000254296 1 3.98826 
0.999995 -0.00298312 0.00103629 -0.114283 0.00298276 0.999996 0.000385158 -0.0686248 -0.00103748 -0.000382023 0.999999 5.31682 
0.999991 -0.00386895 0.00202104 -0.179756 0.00386616 0.999992 0.0014051 -0.0876285 -0.0020265 -0.00139723 0.999997 6.70264 
0.999981 -0.00558439 0.00275931 -0.203469 0.00557732 0.999981 0.00258106 -0.104946 -0.00277371 -0.00256558 0.999993 8.02691 
0.999984 -0.00497463 0.00283335 -0.227832 0.00496585 0.999983 0.00311188 -0.123802 -0.00284883 -0.00309772 0.999991 9.35317 
0.999987 -0.00400792 0.00304618 -0.259574 0.00400449 0.999991 0.00114773 -0.140508 -0.0030508 -0.00113548 0.999995 10.7078 
0.999994 -0.00104728 0.00317869 -0.28196 0.00105136 0.999999 -0.00126913 -0.155384 -0.0031774 0.00127251 0.999994 12.069 
0.99999 0.00207171 0.0038922 -0.312525 -0.00206314 0.999996 -0.00219489 -0.177966 -0.00389678 0.00218688 0.99999 13.4386 
0.999977 0.00484546 0.00477094 -0.348866 -0.00483458 0.999986 -0.00228016 -0.205998 -0.00478196 0.00225709 0.999986 14.7986 
0.999966 0.00603979 0.00564316 -0.374715 -0.00603041 0.99998 -0.00166894 -0.223998 -0.00565317 0.0016349 0.999983 16.1598 
0.999973 0.0035127 0.00646196 -0.397124 -0.00352353 0.999992 0.00167202 -0.254918 -0.00645608 -0.0016947 0.999978 17.5112 
0.999977 -0.000327848 0.00676901 -0.414237 0.000305742 0.999995 0.0032728 -0.271309 -0.00677009 -0.00327061 0.999972 18.8736 
0.999975 -0.00230999 0.00666571 -0.423781 0.0023037 0.999997 0.000958466 -0.289942 -0.00666795 -0.000943044 0.999977 20.247 
0.999972 -0.00327455 0.00677904 -0.436597 0.00328113 0.999994 -0.00095314 -0.311688 -0.00677592 0.000975398 0.999977 21.6073 
0.999972 -0.000878131 0.00742008 -0.455336 0.000897047 0.999996 -0.00254071 -0.333035 -0.00741786 0.00254733 0.999969 22.968 
0.999962 0.00160464 0.00853825 -0.47533 -0.00160063 0.999999 -0.00047129 -0.355308 -0.00853904 0.000457647 0.999963 24.3421 
0.999955 0.00246187 0.0091599 -0.493907 -0.00249021 0.999992 0.0030881 -0.37348 -0.00915227 -0.00311073 0.999953 25.7231 
0.999954 0.000346692 0.0095713 -0.503539 -0.000394536 0.999987 0.00500166 -0.391969 -0.00956949 -0.00500516 0.999942 27.0853 
0.999954 -0.00343405 0.00899333 -0.504379 0.00340459 0.999989 0.00329353 -0.407471 -0.00900459 -0.00326272 0.999954 28.4641 
0.999953 -0.00373536 0.00889613 -0.517513 0.00372575 0.999992 0.00110139 -0.428683 -0.00890022 -0.00106816 0.99996 29.8352 
0.999947 -0.00366521 0.00960357 -0.526883 0.00367792 0.999992 -0.00130135 -0.453179 -0.00959876 0.00133665 0.999953 31.2133 
0.999944 -0.000246131 0.0105845 -0.551843 0.000267034 0.999998 -0.00196943 -0.483115 -0.010584 0.00197219 0.999942 32.5805 
0.999939 0.00115385 0.0109838 -0.568531 -0.00110248 0.999988 -0.00467824 -0.498788 -0.0109891 0.00466589 0.999929 33.9773 
0.999929 0.00258985 0.0116597 -0.586742 -0.00254398 0.999989 -0.00394352 -0.529985 -0.0116699 0.00391362 0.999924 35.3209 
0.999926 0.0024892 0.0119026 -0.601216 -0.00245841 0.999994 -0.00259678 -0.558328 -0.011909 0.00256737 0.999926 36.7249 
0.999924 0.00341412 0.0118144 -0.611685 -0.0033983 0.999993 -0.00135533 -0.578241 -0.011819 0.00131512 0.999929 38.1218 
0.999912 0.00606335 0.0117997 -0.627912 -0.0060497 0.999981 -0.00118816 -0.592685 -0.0118067 0.00111671 0.99993 39.572 
0.999887 0.00807674 0.0127008 -0.656959 -0.00806087 0.999967 -0.00129661 -0.614959 -0.0127109 0.00119413 0.999919 40.998 
0.999854 0.010943 0.013141 -0.666957 -0.010927 0.99994 -0.00128824 -0.636004 -0.0131543 0.0011445 0.999913 42.417 
0.999841 0.0117211 0.0134226 -0.689934 -0.0117066 0.999931 -0.00115591 -0.65741 -0.0134352 0.000998639 0.999909 43.8361 
0.999863 0.0102422 0.0129726 -0.699568 -0.0102285 0.999947 -0.0011222 -0.676248 -0.0129834 0.000989397 0.999915 45.2746 
0.999885 0.00880388 0.0123595 -0.71037 -0.00878813 0.999961 -0.00132467 -0.694797 -0.0123707 0.00121594 0.999923 46.7155 
0.999902 0.00760082 0.0117241 -0.726372 -0.00758776 0.999971 -0.00115402 -0.716481 -0.0117326 0.00106499 0.999931 48.1317 
0.999918 0.00722363 0.0105382 -0.730229 -0.00722791 0.999974 0.000371794 -0.747725 -0.0105353 -0.000447891 0.999944 49.6074 
0.999925 0.00764363 0.00959817 -0.739449 -0.00764519 0.999971 0.00013021 -0.767886 -0.00959693 -0.000203538 0.999954 51.032 
0.999927 0.00827087 0.00885573 -0.761424 -0.00827546 0.999966 0.000485931 -0.788302 -0.00885145 -0.000559138 0.999961 52.4799 
0.999936 0.00818794 0.00785425 -0.780029 -0.00819535 0.999966 0.000917489 -0.806551 -0.00784652 -0.000981757 0.999969 53.926 
0.99995 0.0060467 0.00799612 -0.80988 -0.00606469 0.999979 0.00223174 -0.83211 -0.0079825 -0.00228008 0.999966 55.3774 
0.999959 0.00466659 0.00777291 -0.824994 -0.004684 0.999987 0.00222823 -0.851329 -0.00776245 -0.00226451 0.999967 56.8239 
0.999971 0.00213496 0.00731493 -0.833592 -0.00214877 0.999996 0.00188598 -0.876735 -0.00731091 -0.0019016 0.999972 58.2727 
0.999971 0.00135158 0.00748124 -0.85629 -0.00136774 0.999997 0.00216081 -0.90047 -0.00747833 -0.00217094 0.99997 59.7256 
0.999968 0.000212474 0.00801402 -0.878905 -0.00023567 0.999996 0.00289896 -0.921827 -0.00801341 -0.00290071 0.999964 61.159 
0.999963 -0.000824192 0.00857726 -0.890274 0.000791915 0.999993 0.00377087 -0.94412 -0.00858035 -0.00376389 0.999956 62.5979 
0.999954 -0.00284332 0.00912714 -0.901497 0.00281197 0.99999 0.00344986 -0.967421 -0.0091369 -0.00342399 0.999952 64.0386 
0.999943 -0.00374034 0.00997347 -0.913202 0.00371712 0.99999 0.00234949 -0.990347 -0.0099822 -0.00231225 0.999948 65.4702 
0.999942 -0.00328965 0.0102282 -0.922739 0.00327007 0.999993 0.00193407 -1.01146 -0.0102345 -0.00190047 0.999946 66.926 
0.999935 -0.00224396 0.0111428 -0.929436 0.00222822 0.999997 0.00142902 -1.03287 -0.0111461 -0.00140405 0.999937 68.3692 
0.999927 0.00132478 0.0120538 -0.949492 -0.0013582 0.999995 0.00276847 -1.05974 -0.0120501 -0.0027846 0.999924 69.7982 
0.999888 0.00575567 0.0138285 -1.01186 -0.00580456 0.999977 0.00350098 -1.07343 -0.0138081 -0.00358081 0.999898 71.2386 
0.99986 0.00914526 0.0139901 -1.01814 -0.00920322 0.999949 0.00408691 -1.09414 -0.013952 -0.00421506 0.999894 72.6394 
0.999815 0.0125982 0.0145502 -1.0339 -0.0126544 0.999913 0.00377735 -1.1101 -0.0145014 -0.00396073 0.999887 74.0898 
0.999758 0.0158715 0.0152401 -1.05048 -0.0159186 0.999869 0.00297563 -1.12571 -0.0151909 -0.00321747 0.999879 75.5152 
0.999705 0.0179792 0.0163495 -1.06458 -0.0180286 0.999833 0.00288034 -1.14295 -0.016295 -0.00317421 0.999862 76.9172 
0.999696 0.018095 0.0167447 -1.07429 -0.0181519 0.99983 0.00325358 -1.17046 -0.016683 -0.0035565 0.999855 78.3125 
0.999714 0.0169891 0.0168458 -1.08011 -0.0170444 0.99985 0.0031505 -1.19045 -0.0167898 -0.00343668 0.999853 79.7447 
0.999709 0.0164436 0.0176631 -1.1059 -0.0164819 0.999862 0.0020292 -1.21318 -0.0176274 -0.00231969 0.999842 81.1417 
0.999726 0.0156372 0.0174009 -1.10589 -0.0156842 0.999874 0.00257541 -1.24788 -0.0173585 -0.00284758 0.999845 82.5472 
0.999731 0.0153248 0.0174124 -1.12173 -0.0153744 0.999878 0.00271656 -1.26614 -0.0173687 -0.0029835 0.999845 83.978 
0.999748 0.0143624 0.0172603 -1.12185 -0.0144069 0.999893 0.00245899 -1.27715 -0.0172232 -0.002707 0.999848 85.3874 
0.999749 0.0150403 0.0166116 -1.13098 -0.0150863 0.999883 0.00264695 -1.2984 -0.0165698 -0.00289685 0.999859 86.7874 
0.999739 0.0152607 0.0170012 -1.18482 -0.0153221 0.999877 0.00348601 -1.32931 -0.0169459 -0.00374555 0.999849 88.1299 
0.999787 0.0127626 0.0161994 -1.18561 -0.0128368 0.999908 0.00449066 -1.34659 -0.0161407 -0.00469761 0.999859 89.4998 
0.999836 0.01011 0.0150399 -1.19512 -0.0101919 0.999934 0.00538172 -1.37143 -0.0149845 -0.00553408 0.999872 90.8813 
0.999855 0.00815394 0.0149475 -1.23235 -0.00823749 0.999951 0.00553937 -1.39584 -0.0149016 -0.00566166 0.999873 92.3079 
0.999867 0.00677793 0.0148301 -1.24188 -0.00685191 0.999964 0.00494622 -1.40968 -0.0147961 -0.00504714 0.999878 93.6703 
0.999876 0.0054207 0.0147899 -1.24791 -0.00548638 0.999975 0.00440684 -1.42626 -0.0147657 -0.0044874 0.999881 95.0706 
0.999874 0.0060583 0.0146762 -1.26075 -0.0061143 0.999974 0.00377704 -1.44008 -0.0146529 -0.00386626 0.999885 96.4244 
0.999875 0.00535204 0.0148719 -1.27108 -0.00540308 0.99998 0.00339713 -1.4621 -0.0148534 -0.00347701 0.999884 97.7777 
0.999878 0.00512124 0.0147335 -1.2723 -0.0051654 0.999982 0.00296342 -1.48373 -0.0147181 -0.00303912 0.999887 99.1754 
0.999863 0.00654318 0.0152166 -1.28603 -0.00659253 0.999973 0.00319802 -1.5061 -0.0151953 -0.00329785 0.999879 100.533 
0.999841 0.0079148 0.0159564 -1.29965 -0.00798391 0.999959 0.00427521 -1.52387 -0.0159219 -0.00440189 0.999864 101.862 
0.99983 0.0088654 0.0161422 -1.31537 -0.00896269 0.999942 0.00596728 -1.54997 -0.0160884 -0.0061109 0.999852 103.225 
0.999833 0.00778198 0.0165406 -1.31476 -0.00786177 0.999958 0.00476699 -1.56844 -0.0165029 -0.00489619 0.999852 104.581 
0.99983 0.00778672 0.0167283 -1.31634 -0.00782805 0.999967 0.00240927 -1.58784 -0.016709 -0.00253977 0.999857 105.937 
0.999829 0.00737969 0.0169372 -1.32455 -0.00739962 0.999972 0.00111663 -1.60853 -0.0169286 -0.00124173 0.999856 107.271 
0.999832 0.0053945 0.0174975 -1.33951 -0.00543888 0.999982 0.00249221 -1.63102 -0.0174838 -0.00258691 0.999844 108.606 
0.999832 0.0024901 0.018178 -1.3354 -0.00258012 0.999985 0.00493248 -1.65546 -0.0181654 -0.00497851 0.999823 109.947 
0.999806 0.00125503 0.0196778 -1.34652 -0.00135878 0.999985 0.00526214 -1.6717 -0.019671 -0.00528781 0.999793 111.293 
0.999795 0.000141895 0.020246 -1.33659 -0.00022153 0.999992 0.00393332 -1.68992 -0.0202453 -0.00393695 0.999787 112.627 
0.999783 0.00214835 0.020704 -1.32345 -0.00218102 0.999996 0.00155765 -1.70699 -0.0207006 -0.00160242 0.999784 113.97 
0.999746 0.00430027 0.0221384 -1.32938 -0.00428778 0.999991 -0.000609937 -1.72614 -0.0221409 0.000514899 0.999755 115.299 
0.999681 0.00779809 0.0240295 -1.33689 -0.00778568 0.99997 -0.000608216 -1.75348 -0.0240335 0.000420977 0.999711 116.623 
0.999635 0.00885536 0.0255413 -1.32916 -0.0088954 0.999959 0.00145631 -1.77548 -0.0255274 -0.00168293 0.999673 117.978 
0.999573 0.00936073 0.0276738 -1.33068 -0.00945102 0.99995 0.00313513 -1.79085 -0.0276431 -0.00339529 0.999612 119.315 
0.999545 0.00911737 0.028755 -1.31859 -0.00922273 0.999951 0.00353494 -1.8097 -0.0287214 -0.00379849 0.99958 120.667 
0.999496 0.00947953 0.0302861 -1.31237 -0.00957003 0.99995 0.0028461 -1.82505 -0.0302577 -0.00313446 0.999537 122.014 
0.999435 0.0110697 0.0317249 -1.30004 -0.0111618 0.999934 0.00272853 -1.85281 -0.0316926 -0.00308106 0.999493 123.38 
0.999362 0.0131032 0.0332162 -1.29148 -0.0131869 0.99991 0.00230457 -1.86974 -0.033183 -0.00274108 0.999446 124.731 
0.999329 0.0131554 0.0341833 -1.2717 -0.0132208 0.999911 0.0016903 -1.89367 -0.0341581 -0.00214105 0.999414 126.058 
0.999263 0.0152268 0.0352434 -1.2545 -0.0152526 0.999884 0.000462872 -1.90706 -0.0352323 -0.00100004 0.999379 127.439 
0.999237 0.0138264 0.0365418 -1.23761 -0.0138375 0.999904 5.40831e-05 -1.92349 -0.0365376 -0.00055965 0.999332 128.816 
0.999193 0.0131536 0.0379554 -1.22428 -0.0132102 0.999912 0.00124316 -1.94392 -0.0379357 -0.00174352 0.999279 130.169 
0.999149 0.0122917 0.0393653 -1.20523 -0.0123827 0.999921 0.00206965 -1.96536 -0.0393368 -0.00255529 0.999223 131.556 
0.999108 0.0117844 0.040546 -1.18834 -0.0118941 0.999926 0.00246445 -1.9842 -0.040514 -0.00294447 0.999175 132.939 
0.999111 0.00955827 0.0410709 -1.16772 -0.00968089 0.999949 0.00278877 -2.00816 -0.0410422 -0.00318385 0.999152 134.301 
0.999117 0.00750115 0.0413324 -1.1467 -0.00765408 0.999964 0.00354404 -2.03276 -0.0413044 -0.00385724 0.999139 135.655 
0.999135 0.00630865 0.041112 -1.12335 -0.00644812 0.999974 0.00326172 -2.04915 -0.0410904 -0.00352396 0.999149 137.041 
0.999169 0.00471364 0.0404878 -1.10314 -0.00483867 0.999984 0.0029917 -2.06251 -0.0404731 -0.00318508 0.999176 138.394 
0.999199 0.00321463 0.0398893 -1.08165 -0.00339463 0.999984 0.00444654 -2.09673 -0.0398744 -0.00457834 0.999194 139.715 
0.999227 0.00167921 0.0392689 -1.0728 -0.00186299 0.999988 0.00464523 -2.11512 -0.0392606 -0.00471476 0.999218 141.042 
0.999275 0.00126406 0.0380579 -1.0509 -0.00144475 0.999988 0.00472166 -2.13302 -0.0380515 -0.00477318 0.999264 142.387 
0.999313 0.00147424 0.0370358 -1.02745 -0.00161917 0.999991 0.00388447 -2.14707 -0.0370298 -0.00394173 0.999306 143.742 
0.999346 0.00162394 0.0361314 -1.00269 -0.00175634 0.999992 0.00363417 -2.16644 -0.0361252 -0.00369521 0.99934 145.089 
0.999368 -0.000834661 0.0355418 -0.988535 0.000777347 0.999998 0.0016276 -2.19056 -0.0355431 -0.00159891 0.999367 146.418 
0.999379 -0.0059074 0.0347317 -0.968004 0.00586603 0.999982 0.00129401 -2.21023 -0.0347387 -0.00108943 0.999396 147.763 
0.999343 -0.0134222 0.0336559 -0.928921 0.0133014 0.999904 0.00380983 -2.23183 -0.0337039 -0.00335961 0.999426 149.122 
0.999293 -0.0204105 0.0315833 -0.890266 0.0202381 0.999779 0.00577239 -2.25479 -0.0316942 -0.00512908 0.999484 150.479 
0.999247 -0.023948 0.0305355 -0.870191 0.0238858 0.999712 0.00239928 -2.27163 -0.0305842 -0.00166806 0.999531 151.813 
0.99927 -0.0227982 0.0306431 -0.849146 0.022837 0.999739 -0.000913082 -2.28817 -0.0306143 0.00161225 0.99953 153.152 
0.999313 -0.019253 0.0316587 -0.829694 0.0193759 0.999806 -0.00357807 -2.30371 -0.0315837 0.00418907 0.999492 154.514 
0.999291 -0.0190504 0.0324817 -0.811186 0.0191761 0.99981 -0.00356089 -2.32909 -0.0324077 0.00418128 0.999466 155.856 
0.999196 -0.0222594 0.033343 -0.790559 0.0222775 0.999752 -0.000167598 -2.3498 -0.0333311 0.000910303 0.999444 157.21 
0.999039 -0.0277107 0.0339532 -0.768394 0.0276359 0.999615 0.00267034 -2.37021 -0.0340141 -0.00172941 0.99942 158.557 
0.998916 -0.0314596 0.0343049 -0.744127 0.0313368 0.9995 0.00411309 -2.39064 -0.0344172 -0.00303358 0.999403 159.907 
0.998878 -0.0326843 0.0342818 -0.715418 0.0325629 0.999461 0.00409421 -2.40712 -0.0343972 -0.00297326 0.999404 161.264 
0.998889 -0.0311821 0.035327 -0.688731 0.0310262 0.999506 0.00495458 -2.42913 -0.0354641 -0.00385298 0.999364 162.64 
0.998948 -0.0264955 0.0374299 -0.68463 0.0263645 0.999644 0.00399061 -2.44601 -0.0375223 -0.00299955 0.999291 163.97 
0.999019 -0.0225521 0.0381246 -0.661962 0.0225043 0.999745 0.00168335 -2.46611 -0.0381529 -0.00082369 0.999272 165.326 
0.999038 -0.0194309 0.0393211 -0.642194 0.0194118 0.999811 0.000869058 -2.48239 -0.0393306 -0.000104887 0.999226 166.681 
0.99908 -0.017419 0.039192 -0.601786 0.0173592 0.999848 0.00186619 -2.50305 -0.0392186 -0.00118409 0.99923 168.065 
0.999096 -0.0156975 0.0395084 -0.582128 0.0156417 0.999876 0.00172298 -2.52941 -0.0395306 -0.0011034 0.999218 169.436 
0.999134 -0.0137251 0.0392738 -0.556 0.0137664 0.999905 -0.00077986 -2.55345 -0.0392594 0.00131988 0.999228 170.799 
0.999188 -0.00921009 0.0392312 -0.543469 0.00935547 0.99995 -0.00352268 -2.57731 -0.0391969 0.00388689 0.999224 172.153 
0.999216 -0.00420136 0.0393623 -0.518073 0.00439667 0.999978 -0.0048754 -2.60615 -0.039341 0.00504469 0.999213 173.521 
0.999213 0.000525586 0.0396558 -0.494812 -0.000372516 0.999992 -0.00386618 -2.62683 -0.0396576 0.0038484 0.999206 174.919 
0.999178 0.00364353 0.0403823 -0.474217 -0.00357431 0.999992 -0.00178521 -2.66089 -0.0403885 0.00163944 0.999183 176.292 
0.999173 0.00469099 0.0404025 -0.440037 -0.00469186 0.999989 -7.2032e-05 -2.67579 -0.0404024 -0.000117549 0.999184 177.691 
0.9992 0.00225538 0.0399335 -0.412134 -0.00228059 0.999997 0.000586907 -2.69158 -0.0399321 -0.000677468 0.999202 179.077 
0.999259 0.000111277 0.0384867 -0.387254 -0.000138684 1 0.000710557 -2.71576 -0.0384867 -0.000715326 0.999259 180.465 
0.999334 -0.000661212 0.0364949 -0.353427 0.000786643 0.999994 -0.00342152 -2.7389 -0.0364924 0.00344799 0.999328 181.875 
0.999379 0.00128454 0.0352277 -0.332234 -0.00102243 0.999972 -0.00745625 -2.77253 -0.0352363 0.00741563 0.999352 183.273 
0.999391 0.00537631 0.0344777 -0.314023 -0.00510517 0.999955 -0.00794639 -2.80693 -0.0345189 0.00776558 0.999374 184.689 
0.999362 0.00882961 0.0346117 -0.303241 -0.00858825 0.999938 -0.00711438 -2.83827 -0.0346724 0.00681263 0.999376 186.135 
0.99935 0.0101762 0.0345951 -0.281834 -0.0100608 0.999943 -0.00350469 -2.86722 -0.0346288 0.00315439 0.999395 187.599 
0.99933 0.0104887 0.0350694 -0.265727 -0.0104367 0.999944 -0.00166468 -2.88451 -0.035085 0.0012976 0.999384 189.08 
0.999323 0.00973542 0.0354691 -0.251355 -0.00971282 0.999953 -0.000808202 -2.90559 -0.0354753 0.000463192 0.99937 190.531 
0.999346 0.00777282 0.0353071 -0.220931 -0.00777955 0.99997 5.4594e-05 -2.92844 -0.0353056 -0.00032919 0.999377 191.984 
0.999356 0.00541264 0.0354774 -0.190101 -0.00543349 0.999985 0.000492496 -2.95236 -0.0354743 -0.000684904 0.99937 193.408 
0.999368 0.00233398 0.0354632 -0.153106 -0.00236072 0.999997 0.000713222 -2.9759 -0.0354615 -0.000796449 0.999371 194.851 
0.999346 -0.00104332 0.0361538 -0.126904 0.000968218 0.999997 0.00209606 -3.00342 -0.0361559 -0.00205965 0.999344 196.298 
0.99932 -0.00499349 0.0365276 -0.0934826 0.00486669 0.999982 0.00356068 -3.01942 -0.0365447 -0.00338045 0.999326 197.757 
0.999281 -0.00783486 0.0370838 -0.0664953 0.00771052 0.999964 0.00349591 -3.03982 -0.0371099 -0.00320742 0.999306 199.216 
0.999286 -0.00526481 0.0374136 -0.0367599 0.00531052 0.999985 -0.00112156 -3.06111 -0.0374071 0.00131948 0.999299 200.651 
0.999273 0.0022876 0.0380582 -0.027609 -0.00204091 0.999977 -0.00651829 -3.07649 -0.0380722 0.00643592 0.999254 202.092 
0.999168 0.0108984 0.0392918 -0.0066935 -0.0106636 0.999924 -0.00618097 -3.11189 -0.0393563 0.00575688 0.999209 203.538 
0.999009 0.0186997 0.0403938 0.0100787 -0.0186076 0.999823 -0.00265301 -3.14015 -0.0404364 0.00189879 0.99918 204.996 
0.998936 0.0198826 0.0416141 0.0297475 -0.0198751 0.999802 -0.000593519 -3.16363 -0.0416177 -0.000234156 0.999134 206.458 
0.998984 0.0183161 0.0411771 0.0684214 -0.0183192 0.999832 -0.000300892 -3.18161 -0.0411757 -0.000453705 0.999152 207.907 
0.999076 0.0152457 0.0401731 0.100607 -0.0152355 0.999884 -0.000557017 -3.19991 -0.0401769 -5.55147e-05 0.999193 209.372 
0.999147 0.0129986 0.0392049 0.135858 -0.0129738 0.999915 -0.000887186 -3.22679 -0.0392131 0.000377836 0.999231 210.835 
0.999178 0.0127733 0.0384637 0.175754 -0.0127469 0.999918 -0.000930101 -3.26043 -0.0384725 0.000439086 0.99926 212.295 
0.999155 0.0145509 0.0384422 0.200924 -0.0145247 0.999894 -0.000960418 -3.28268 -0.0384522 0.000401287 0.99926 213.766 
0.999149 0.01495 0.0384444 0.225916 -0.014965 0.999888 0.000103857 -3.30879 -0.0384386 -0.000679049 0.999261 215.234 
0.999159 0.0142791 0.0384382 0.252653 -0.0142788 0.999898 -0.00028044 -3.33627 -0.0384383 -0.000268607 0.999261 216.704 
0.999167 0.0134545 0.0385257 0.275998 -0.0134256 0.999909 -0.0010072 -3.36571 -0.0385358 0.000489172 0.999257 218.171 
0.999166 0.0124747 0.0388811 0.281897 -0.0124488 0.999922 -0.000909014 -3.39637 -0.0388895 0.000424275 0.999243 219.634 
0.999171 0.0122415 0.0388261 0.298011 -0.0122067 0.999925 -0.00113308 -3.40824 -0.0388371 0.00065824 0.999245 221.182 
0.999153 0.0124887 0.0392042 0.316926 -0.0124497 0.999922 -0.00123805 -3.43447 -0.0392167 0.000748956 0.99923 222.671 
0.999141 0.0128244 0.0393978 0.339819 -0.0127721 0.999917 -0.00157689 -3.45561 -0.0394148 0.00107238 0.999222 224.157 
0.999136 0.0139436 0.0391539 0.360475 -0.0138751 0.999902 -0.00201996 -3.4752 -0.0391783 0.001475 0.999231 225.679 
0.999133 0.0137412 0.0393062 0.384223 -0.0136867 0.999905 -0.00165398 -3.50893 -0.0393252 0.00111461 0.999226 227.187 
0.999122 0.0140144 0.0394923 0.40358 -0.0139578 0.999901 -0.0017086 -3.53318 -0.0395123 0.00115592 0.999218 228.69 
0.999136 0.0130946 0.0394336 0.44633 -0.0130537 0.999914 -0.00129361 -3.56473 -0.0394471 0.000777779 0.999221 230.189 
0.99913 0.0119586 0.0399632 0.467863 -0.0119027 0.999928 -0.00163565 -3.58503 -0.03998 0.0011586 0.9992 231.684 
0.999138 0.0107523 0.040106 0.497791 -0.0107162 0.999942 -0.00111454 -3.61599 -0.0401157 0.000683839 0.999195 233.184 
0.999125 0.010299 0.0405263 0.528511 -0.0102786 0.999947 -0.000710586 -3.63557 -0.0405315 0.000293453 0.999178 234.693 
0.999118 0.0100294 0.0407676 0.558225 -0.0100157 0.99995 -0.000538284 -3.66054 -0.040771 0.000129533 0.999169 236.224 
0.999121 0.0104899 0.0405917 0.593875 -0.0104642 0.999945 -0.000844101 -3.68682 -0.0405984 0.00041864 0.999176 237.724 
0.999086 0.0118848 0.0410705 0.623273 -0.0118413 0.999929 -0.00130193 -3.71732 -0.0410831 0.000814453 0.999155 239.222 
0.999056 0.0126597 0.0415489 0.65691 -0.0126432 0.99992 -0.000659398 -3.73934 -0.041554 0.000133506 0.999136 240.703 
0.999029 0.0126694 0.0422092 0.693569 -0.0127582 0.999917 0.00183736 -3.76873 -0.0421824 -0.00237405 0.999107 242.244 
0.998987 0.0126692 0.0431791 0.717264 -0.0127755 0.999916 0.00218825 -3.79033 -0.0431478 -0.00273762 0.999065 243.775 
0.998949 0.0134423 0.0438259 0.758244 -0.0134803 0.999909 0.000573721 -3.81211 -0.0438142 -0.00116386 0.999039 245.299 
0.998949 0.013312 0.0438645 0.820335 -0.0133126 0.999911 -0.000276492 -3.84565 -0.0438643 -0.000307709 0.999037 246.832 
0.998915 0.0147659 0.0441788 0.857412 -0.0147836 0.999891 7.41622e-05 -3.87115 -0.044173 -0.000727163 0.999024 248.378 
0.998906 0.0148413 0.044343 0.885868 -0.0149008 0.999889 0.00101125 -3.89214 -0.0443231 -0.00167085 0.999016 249.899 
0.998924 0.0145804 0.0440172 0.930239 -0.0146701 0.999891 0.00171652 -3.92249 -0.0439875 -0.00236037 0.999029 251.419 
0.998945 0.0145408 0.0435497 0.977636 -0.014631 0.999891 0.00175478 -3.9438 -0.0435195 -0.00239006 0.99905 252.973 
0.998893 0.0167464 0.0439521 1.01434 -0.0168397 0.999857 0.00175437 -3.96202 -0.0439165 -0.00249252 0.999032 254.517 
0.998855 0.0177309 0.0444245 1.04699 -0.01783 0.999839 0.00183672 -3.97976 -0.0443849 -0.00262667 0.999011 256.068 
0.998851 0.0174198 0.0446411 1.0858 -0.0175311 0.999844 0.00210362 -4.0004 -0.0445975 -0.00288377 0.999001 257.647 
0.998862 0.0158884 0.0449788 1.12075 -0.0160147 0.999869 0.00244973 -4.02744 -0.044934 -0.00316722 0.998985 259.18 
0.998903 0.0139906 0.0446893 1.16631 -0.0141524 0.999894 0.00330767 -4.04775 -0.0446384 -0.00393646 0.998995 260.731 
0.998887 0.0116399 0.0457003 1.18693 -0.0118363 0.999922 0.00402938 -4.06724 -0.0456498 -0.00456577 0.998947 262.275 
0.998931 0.0095473 0.0452273 1.23411 -0.00971884 0.999946 0.00357551 -4.08912 -0.0451908 -0.0040112 0.99897 263.788 
0.998942 0.00838715 0.0452274 1.27664 -0.008499 0.999961 0.00228227 -4.10547 -0.0452065 -0.0026642 0.998974 265.329 
0.998916 0.00620713 0.0461256 1.31356 -0.00642388 0.999969 0.00455333 -4.13398 -0.046096 -0.00484466 0.998925 266.892 
0.998925 0.00434102 0.046162 1.36645 -0.00461312 0.999973 0.0057906 -4.14505 -0.0461357 -0.00599728 0.998917 268.435 
0.99893 0.00347957 0.0461181 1.41364 -0.00372217 0.99998 0.00517653 -4.16648 -0.0460992 -0.0053426 0.998923 269.996 
0.998909 0.00387414 0.0465334 1.4659 -0.00406506 0.999984 0.00400985 -4.17963 -0.0465172 -0.0041946 0.998909 271.583 
0.998862 0.00540755 0.0473816 1.49983 -0.00559184 0.999977 0.00375878 -4.20332 -0.0473603 -0.00401941 0.99887 273.108 
0.998805 0.00635266 0.048467 1.55444 -0.00656806 0.999969 0.00428734 -4.23037 -0.0484383 -0.00460051 0.998816 274.655 
0.998743 0.00784435 0.0495134 1.59871 -0.00805182 0.99996 0.00399297 -4.25285 -0.0494801 -0.00438658 0.998766 276.204 
0.998657 0.0101745 0.0507957 1.63702 -0.0103615 0.999941 0.00342019 -4.27503 -0.0507579 -0.00394188 0.998703 277.747 
0.998576 0.0110054 0.0522083 1.67995 -0.0111753 0.999933 0.00296295 -4.29748 -0.0521723 -0.00354213 0.998632 279.289 
0.998533 0.0109332 0.0530394 1.73903 -0.0110574 0.999937 0.00205071 -4.3105 -0.0530137 -0.00263414 0.99859 280.868 
0.998483 0.0099943 0.0541507 1.78855 -0.0100815 0.999948 0.00133862 -4.3281 -0.0541346 -0.00188247 0.998532 282.477 
0.99843 0.00899748 0.055283 1.83427 -0.00911278 0.999957 0.00183469 -4.35382 -0.0552642 -0.00233555 0.998469 284.066 
0.998404 0.00744782 0.0559812 1.89673 -0.00761098 0.999967 0.00270271 -4.36391 -0.0559593 -0.00312442 0.998428 285.63 
0.998397 0.00610001 0.0562698 1.96121 -0.00629687 0.999975 0.00332266 -4.38843 -0.0562481 -0.00367161 0.99841 287.186 
0.998381 0.00601811 0.056557 2.01845 -0.00607786 0.999981 0.000885126 -4.41136 -0.0565507 -0.0012274 0.998399 288.777 
0.998371 0.00478202 0.0568474 2.07415 -0.00470809 0.999988 -0.0014335 -4.43227 -0.0568536 0.00116356 0.998382 290.369 
0.998436 0.00495507 0.0556843 2.14653 -0.00489018 0.999987 -0.00130084 -4.45734 -0.0556901 0.00102654 0.998448 291.949 
0.998478 0.00310203 0.0550717 2.19018 -0.00304723 0.999995 -0.00107821 -4.47978 -0.0550748 0.000908789 0.998482 293.504 
0.998535 0.00223526 0.0540722 2.24908 -0.00215587 0.999997 -0.00152561 -4.50203 -0.0540754 0.00140684 0.998536 295.041 
0.998549 0.00307113 0.0537653 2.30349 -0.00299153 0.999994 -0.00155998 -4.52602 -0.0537698 0.00139692 0.998552 296.616 
0.998599 0.00244545 0.0528553 2.36251 -0.00239412 0.999997 -0.00103356 -4.55672 -0.0528577 0.000905609 0.998602 298.195 
0.998642 0.00178379 0.0520706 2.41073 -0.00178064 0.999998 -0.000106015 -4.59725 -0.0520708 1.31934e-05 0.998643 299.728 
0.998716 6.59926e-05 0.0506619 2.47811 -0.000138264 0.999999 0.00142391 -4.62095 -0.0506618 -0.00142904 0.998715 301.363 
0.998759 0.00199238 0.0497606 2.53826 -0.0021261 0.999994 0.00263532 -4.6394 -0.0497551 -0.0027378 0.998758 302.963 
0.998713 0.00251782 0.0506612 2.58211 -0.00264891 0.999993 0.0025215 -4.65576 -0.0506545 -0.00265241 0.998713 304.564 
0.998679 0.00266029 0.0513105 2.63694 -0.00280323 0.999992 0.00271473 -4.68522 -0.051303 -0.00285494 0.998679 306.15 
0.998668 0.00106267 0.0515921 2.69106 -0.00121073 0.999995 0.00283957 -4.70749 -0.0515889 -0.00289821 0.998664 307.751 
0.99866 -0.000589921 0.051755 2.76081 0.000508768 0.999999 0.00158203 -4.71822 -0.0517559 -0.00155354 0.998659 309.388 
0.998614 -0.00243872 0.0525741 2.80076 0.00245648 0.999997 -0.000272318 -4.73921 -0.0525733 0.000401128 0.998617 310.957 
0.998628 -0.00279294 0.0522954 2.85164 0.00285078 0.999995 -0.00103071 -4.76931 -0.0522923 0.00117842 0.998631 312.563 
0.998751 -0.00200911 0.0499168 2.90754 0.00210343 0.999996 -0.0018363 -4.80172 -0.049913 0.00193905 0.998752 314.154 
0.998847 -0.00107212 0.0479978 2.94935 0.00112792 0.999999 -0.00113456 -4.82634 -0.0479966 0.00118743 0.998847 315.78 
0.998867 5.8089e-05 0.0475844 2.9898 -0.000153299 0.999998 0.00199814 -4.84651 -0.0475842 -0.00200313 0.998865 317.436 
0.998842 -0.00181839 0.0480794 3.04355 0.00157916 0.999986 0.00501418 -4.86662 -0.0480879 -0.0049324 0.998831 319.049 
0.998843 -0.00322527 0.0479879 3.09286 0.00294244 0.999978 0.00596419 -4.89018 -0.0480061 -0.00581604 0.99883 320.669 
0.998815 -0.00415483 0.0484814 3.14033 0.0039294 0.999981 0.00474523 -4.90682 -0.0485003 -0.00454907 0.998813 322.31 
0.99879 -0.00507686 0.0489166 3.19052 0.00485676 0.999978 0.00461809 -4.92539 -0.048939 -0.00437489 0.998792 323.942 
0.998757 -0.00562352 0.0495234 3.2272 0.00538025 0.999973 0.00504489 -4.94534 -0.0495505 -0.00477213 0.99876 325.578 
0.998724 -0.00582664 0.0501648 3.27635 0.0055748 0.999971 0.00515951 -4.96486 -0.0501935 -0.00487322 0.998728 327.208 
0.998701 -0.00446555 0.0507678 3.31736 0.00427331 0.999983 0.00389542 -4.98195 -0.0507844 -0.00367337 0.998703 328.842 
0.99866 -0.00338511 0.0516335 3.3671 0.00320793 0.999989 0.0035147 -5.00768 -0.0516449 -0.00334432 0.99866 330.429 
0.998616 -0.00505712 0.0523479 3.42765 0.00475976 0.999972 0.00580447 -5.03992 -0.0523758 -0.00554723 0.998612 332.072 
0.998585 -0.00597773 0.0528405 3.47521 0.00563793 0.999963 0.00657825 -5.06165 -0.0528779 -0.00627099 0.998581 333.736 
0.998562 -0.00653791 0.0532015 3.52823 0.00626822 0.999967 0.0052353 -5.07883 -0.053234 -0.00489425 0.99857 335.371 
0.998552 -0.00541321 0.0535254 3.57649 0.00511467 0.999971 0.00571383 -5.10405 -0.0535548 -0.00543175 0.99855 336.986 
0.998556 -0.0036319 0.0536027 3.62788 0.00343547 0.999987 0.00375705 -5.12958 -0.0536157 -0.00356744 0.998555 338.593 
0.998554 -0.00197128 0.0537148 3.65773 0.0019291 0.999998 0.000837871 -5.1541 -0.0537163 -0.000732998 0.998556 340.205 
0.998562 -0.00095638 0.0536016 3.69529 0.000886362 0.999999 0.00133083 -5.17072 -0.0536028 -0.00128136 0.998562 341.858 
0.998601 -0.000189428 0.0528763 3.74241 -4.37968e-05 0.99999 0.00441039 -5.18392 -0.0528767 -0.0044065 0.998591 343.485 
0.998648 4.52934e-05 0.0519845 3.78985 -0.000447536 0.99997 0.00772696 -5.21276 -0.0519826 -0.00773974 0.998618 345.105 
0.998648 0.00114209 0.0519743 3.8013 -0.00144935 0.999982 0.00587517 -5.21945 -0.0519666 -0.00594251 0.998631 346.798 
0.998716 4.41104e-05 0.0506591 3.83489 -0.000285453 0.999989 0.00475767 -5.2378 -0.0506584 -0.00476599 0.998705 348.427 
0.998794 -0.000843024 0.0490894 3.88348 0.000539952 0.999981 0.00618772 -5.26 -0.0490937 -0.00615371 0.998775 350.051 
0.998848 -0.00304037 0.0478904 3.9467 0.00271393 0.999973 0.00688071 -5.27986 -0.0479101 -0.00674277 0.998829 351.686 
0.99885 -0.00347591 0.0478107 3.99142 0.00319182 0.999977 0.00601804 -5.29791 -0.0478306 -0.00585848 0.998838 353.302 
0.998859 -0.00427481 0.0475588 4.03674 0.00403166 0.999978 0.00520825 -5.31738 -0.04758 -0.00501053 0.998855 354.923 
0.998849 -0.00427147 0.0477753 4.08208 0.00404466 0.99998 0.00484414 -5.3299 -0.0477951 -0.00464529 0.998846 356.539 
0.998833 -0.00480284 0.0480557 4.12856 0.0045705 0.999977 0.00494447 -5.35275 -0.0480784 -0.00471902 0.998832 358.148 
0.998822 -0.00590534 0.0481713 4.17177 0.00570311 0.999974 0.0043354 -5.37265 -0.0481957 -0.00405552 0.99883 359.759 
0.998818 -0.00589196 0.048249 4.22565 0.0057235 0.999977 0.00362977 -5.38958 -0.0482693 -0.00334928 0.998829 361.405 
0.99882 -0.00749917 0.0479738 4.28113 0.0073127 0.999965 0.00406215 -5.41267 -0.0480027 -0.0037065 0.99884 363.016 
0.998817 -0.00731918 0.0480838 4.33112 0.00717317 0.999969 0.00320919 -5.43274 -0.0481058 -0.00286044 0.998838 364.619 
0.998803 -0.00986766 0.0478996 4.38381 0.00976749 0.99995 0.00232573 -5.46174 -0.0479202 -0.00185505 0.998849 366.217 
0.998784 -0.0113752 0.047978 4.43501 0.011174 0.999928 0.00446023 -5.48906 -0.0480253 -0.00391866 0.998838 367.802 
0.998764 -0.0130249 0.0479603 4.4844 0.0127879 0.999905 0.00524461 -5.5084 -0.0480241 -0.00462478 0.998836 369.416 
0.998761 -0.0138932 0.0477944 4.5366 0.0137042 0.999897 0.00428155 -5.52506 -0.047849 -0.00362122 0.998848 371.024 
0.998786 -0.0139323 0.0472534 4.60125 0.01375 0.999897 0.00418237 -5.56469 -0.0473069 -0.00352751 0.998874 372.629 
0.998765 -0.0127894 0.048009 4.64164 0.0125548 0.999908 0.00518514 -5.59282 -0.0480709 -0.00457595 0.998833 374.216 
0.998775 -0.0105047 0.0483481 4.71271 0.0102424 0.999932 0.00567088 -5.60143 -0.0484044 -0.0051687 0.998814 375.869 
0.998747 -0.0115284 0.0487047 4.75608 0.0112725 0.999921 0.00552509 -5.62621 -0.0487646 -0.0049691 0.998798 377.48 
0.99874 -0.0116092 0.0488316 4.80978 0.0113872 0.999924 0.00482098 -5.64645 -0.0488838 -0.00425881 0.998795 379.063 
0.998734 -0.0120521 0.048838 4.85792 0.011827 0.999918 0.00489643 -5.66926 -0.0488931 -0.00431259 0.998795 380.701 
0.998679 -0.011775 0.050017 4.89801 0.0115899 0.999925 0.00398934 -5.66651 -0.0500602 -0.00340434 0.99874 382.302 
0.998649 -0.0104192 0.0509106 4.93098 0.0102219 0.999939 0.00413573 -5.6897 -0.0509506 -0.0036097 0.998695 383.935 
0.998663 -0.00871011 0.0509579 4.99021 0.00849739 0.999954 0.0043904 -5.70488 -0.0509939 -0.00395148 0.998691 385.615 
0.998654 -0.00677729 0.0514292 5.04086 0.00660609 0.999972 0.00349892 -5.72272 -0.0514515 -0.00315442 0.998671 387.26 
0.998659 -0.00561069 0.0514637 5.10091 0.00546899 0.999981 0.00289464 -5.74884 -0.051479 -0.00260927 0.998671 388.893 
0.998673 -0.00498318 0.0512667 5.16289 0.00484579 0.999984 0.00280468 -5.76857 -0.0512799 -0.00255249 0.998681 390.52 
0.998639 -0.00422026 0.0519881 5.21118 0.00404903 0.999986 0.00339924 -5.78335 -0.0520018 -0.00318407 0.998642 392.146 
0.998607 -0.00328898 0.0526686 5.25835 0.00312148 0.99999 0.003263 -5.79875 -0.0526788 -0.00309401 0.998607 393.796 
0.998586 -0.00266226 0.0531018 5.31764 0.00251512 0.999993 0.00283833 -5.82118 -0.053109 -0.00270072 0.998585 395.438 
0.99857 -0.00199234 0.0534322 5.37017 0.0018517 0.999995 0.00268226 -5.83718 -0.0534373 -0.00257945 0.998568 397.086 
0.998544 -0.0024364 0.0538891 5.42793 0.00225385 0.999992 0.0034489 -5.86504 -0.0538971 -0.00332238 0.998541 398.695 
0.998523 -0.00231782 0.0542824 5.4795 0.00219348 0.999995 0.00235081 -5.88269 -0.0542876 -0.00222822 0.998523 400.4 
0.99851 -0.00248764 0.0545116 5.5425 0.00242119 0.999996 0.00128598 -5.90835 -0.0545147 -0.00115204 0.998512 402.008 
0.998496 -0.00419674 0.0546671 5.60634 0.00414357 0.999991 0.0010868 -5.92191 -0.0546712 -0.000858604 0.998504 403.657 
0.998492 -0.00530769 0.0546415 5.66929 0.00518262 0.999984 0.00243117 -5.94954 -0.0546535 -0.00214427 0.998503 405.277 
0.998444 -0.00651327 0.0553822 5.71895 0.00631919 0.999973 0.0036796 -5.96618 -0.0554047 -0.00332386 0.998458 406.93 
0.998404 -0.00832749 0.0558654 5.78287 0.00817912 0.999962 0.00288476 -5.98499 -0.0558874 -0.00242318 0.998434 408.586 
0.99836 -0.0105187 0.056271 5.84833 0.0103968 0.999943 0.00245859 -6.00918 -0.0562937 -0.00186948 0.998413 410.272 
