1 2.12261e-08 -2.11895e-08 0 2.12261e-08 1 2.10703e-08 0 -2.11895e-08 2.10703e-08 1 0 
0.999998 -0.00151088 -0.00143352 -0.00606638 0.00150998 0.999999 -0.000658743 -0.0145551 0.00143447 0.000656619 0.999999 0.577259 
0.999995 -0.00225024 -0.00240746 -0.0261293 0.00224496 0.999995 -0.00221049 -0.0264451 0.00241238 0.00220512 0.999995 1.1464 
0.999989 -0.00245028 -0.00398144 -0.0461578 0.00243697 0.999991 -0.00335412 -0.0410692 0.00398958 0.00334443 0.999986 1.70864 
0.999974 -0.00430345 -0.00581641 -0.0616824 0.0042736 0.999978 -0.00514237 -0.0484724 0.00583837 0.00511742 0.99997 2.2773 
0.999951 -0.00666326 -0.0073777 -0.0728269 0.00661068 0.999953 -0.00713476 -0.0584716 0.00742485 0.00708568 0.999947 2.84626 
0.999929 -0.00788868 -0.00892944 -0.0857834 0.00781692 0.999937 -0.00804753 -0.0665284 0.00899232 0.0079772 0.999928 3.42369 
0.999917 -0.00804285 -0.0100471 -0.104685 0.00797066 0.999942 -0.00720849 -0.0843399 0.0101044 0.00712785 0.999924 4.0094 
0.999902 -0.00852552 -0.0111274 -0.124554 0.00844 0.999935 -0.00771427 -0.0978929 0.0111924 0.00761964 0.999908 4.60791 
0.999893 -0.00783656 -0.0123433 -0.143727 0.00771074 0.999918 -0.0102114 -0.114071 0.0124222 0.0101152 0.999872 5.20885 
0.999895 -0.00575832 -0.0133244 -0.169332 0.00556949 0.999884 -0.0141687 -0.128975 0.0134044 0.0140931 0.999811 5.81889 
0.999883 -0.00456696 -0.01458 -0.192069 0.00430878 0.999834 -0.0176933 -0.145927 0.0146583 0.0176285 0.999737 6.43755 
0.999874 -0.00280157 -0.0156416 -0.218418 0.00252189 0.999837 -0.017874 -0.156246 0.0156891 0.0178324 0.999718 7.07558 
0.999857 2.39042e-05 -0.0168926 -0.241902 -0.000209899 0.999939 -0.0110112 -0.167585 0.0168913 0.0110132 0.999797 7.72679 
0.999846 0.000737983 -0.0175081 -0.270829 -0.000748511 1 -0.000597169 -0.179271 0.0175076 0.000610225 0.999847 8.39861 
0.999827 0.00162275 -0.0185233 -0.298529 -0.00151045 0.99998 0.00607243 -0.193842 0.0185328 -0.00604336 0.99981 9.07931 
0.999807 0.00389336 -0.0192759 -0.33779 -0.00379305 0.999979 0.00523563 -0.208779 0.0192958 -0.00516146 0.999801 9.77268 
0.999783 0.00609636 -0.0199284 -0.374779 -0.00614112 0.999979 -0.00218758 -0.210806 0.0199146 0.00230953 0.999799 10.4786 
0.999756 0.00574097 -0.02134 -0.399389 -0.0059201 0.999948 -0.00834222 -0.210014 0.0212909 0.00846656 0.999738 11.1974 
0.99974 0.00355292 -0.0225238 -0.430196 -0.00369622 0.999973 -0.00632556 -0.21932 0.0225007 0.00640721 0.999726 11.9425 
0.999734 0.00267054 -0.0229161 -0.462775 -0.00261094 0.999993 0.00262856 -0.221113 0.0229229 -0.00256798 0.999734 12.7102 
0.99973 0.00226068 -0.0231424 -0.499172 -0.00203151 0.999949 0.0099198 -0.226851 0.0231636 -0.00987006 0.999683 13.4945 
0.999715 0.00125707 -0.0238426 -0.531015 -0.000963802 0.999924 0.012306 -0.230011 0.0238562 -0.0122795 0.99964 14.2919 
0.99971 -0.000942117 -0.0240785 -0.560401 0.00121519 0.999935 0.0113272 -0.228424 0.0240663 -0.0113531 0.999646 15.1021 
0.999726 -0.00102788 -0.0233981 -0.590067 0.00123433 0.99996 0.00880923 -0.228056 0.023388 -0.00883565 0.999687 15.9351 
0.999737 0.00130567 -0.0229061 -0.630632 -0.00118627 0.999986 0.00522361 -0.226731 0.0229125 -0.00519502 0.999724 16.7747 
0.999763 -0.0018351 -0.0217059 -0.66889 0.00183643 0.999998 3.95242e-05 -0.237443 0.0217058 -7.93337e-05 0.999764 17.6313 
0.999774 -0.00392023 -0.0209128 -0.697096 0.00378785 0.999973 -0.00636792 -0.245875 0.0209371 0.00628731 0.999761 18.5015 
0.999797 -0.0028539 -0.0199702 -0.727857 0.00261523 0.999925 -0.0119691 -0.253153 0.0200028 0.0119145 0.999729 19.3872 
0.999801 -0.00131927 -0.0199314 -0.764135 0.0010651 0.999918 -0.0127597 -0.272432 0.0199465 0.012736 0.99972 20.2972 
0.999799 -0.00112 -0.0200399 -0.801047 0.000876252 0.999926 -0.0121699 -0.293379 0.020052 0.0121499 0.999725 21.2279 
0.999791 0.000278638 -0.020427 -0.834051 -0.000550567 0.999911 -0.0133099 -0.31821 0.0204214 0.0133184 0.999703 22.1666 
0.999792 0.00354729 -0.0200955 -0.880115 -0.00385615 0.999875 -0.015354 -0.343687 0.0200385 0.0154283 0.99968 23.1308 
0.999766 0.00703868 -0.0204395 -0.921202 -0.00737496 0.999838 -0.0164258 -0.363637 0.0203206 0.0165727 0.999656 24.0912 
0.999757 0.00889227 -0.0201493 -0.96693 -0.0092218 0.999824 -0.0163227 -0.395492 0.0200006 0.0165046 0.999664 25.0711 
0.999753 0.00970096 -0.0200086 -1.02162 -0.0100296 0.999815 -0.0163928 -0.424076 0.0198458 0.0165894 0.999665 26.0679 
0.999754 0.00971036 -0.0199273 -1.06863 -0.0100373 0.999816 -0.0163764 -0.450216 0.0197645 0.0165724 0.999667 27.0726 
0.999734 0.0107585 -0.0204226 -1.10645 -0.01107 0.999823 -0.0152028 -0.480903 0.0202554 0.0154249 0.999676 28.0787 
0.999715 0.0114472 -0.020954 -1.14387 -0.0117271 0.999843 -0.0132887 -0.510256 0.0207986 0.0135307 0.999692 29.0928 
0.999697 0.0119323 -0.0215161 -1.18135 -0.0121933 0.999853 -0.0120448 -0.536709 0.0213691 0.0123036 0.999696 30.1131 
0.999689 0.01205 -0.0218404 -1.22106 -0.012335 0.99984 -0.0129643 -0.565383 0.0216807 0.0132297 0.999677 31.1376 
0.999656 0.0135963 -0.0224495 -1.25944 -0.0139068 0.999809 -0.013736 -0.594447 0.0222584 0.0140436 0.999654 32.1665 
0.999647 0.0134952 -0.0228696 -1.30546 -0.0137816 0.999828 -0.0124143 -0.622649 0.0226981 0.0127252 0.999661 33.1968 
0.999653 0.0124309 -0.0232359 -1.3482 -0.0126596 0.999873 -0.00972313 -0.649263 0.023112 0.010014 0.999683 34.2515 
0.999642 0.0127904 -0.023496 -1.39373 -0.0129423 0.999896 -0.00632303 -0.670362 0.0234126 0.0066249 0.999704 35.3115 
0.999627 0.0133013 -0.0238711 -1.44272 -0.0133996 0.999902 -0.00396113 -0.69332 0.0238161 0.00427956 0.999707 36.3744 
0.99962 0.0128484 -0.0244064 -1.48569 -0.0129267 0.999912 -0.00305244 -0.718763 0.024365 0.00336681 0.999698 37.4494 
0.999608 0.0123651 -0.0251036 -1.53026 -0.012481 0.999912 -0.00446571 -0.740571 0.0250462 0.00477732 0.999675 38.5344 
0.999584 0.012878 -0.0257964 -1.58058 -0.0130132 0.999902 -0.00508022 -0.757166 0.0257284 0.00541384 0.999654 39.6284 
0.999566 0.0127816 -0.0265328 -1.62973 -0.0128914 0.999909 -0.00397249 -0.777401 0.0264795 0.00431286 0.99964 40.7173 
0.999554 0.012865 -0.0269523 -1.68479 -0.0129223 0.999915 -0.00195676 -0.798031 0.0269248 0.00230422 0.999635 41.8078 
0.999529 0.0138275 -0.0273878 -1.7376 -0.0138274 0.999904 0.000192322 -0.815689 0.0273878 0.000186513 0.999625 42.889 
0.999509 0.0149086 -0.0275584 -1.79314 -0.0149187 0.999889 -0.00016055 -0.834109 0.0275529 0.000571649 0.99962 43.9759 
0.999495 0.0161069 -0.027401 -1.85448 -0.0162087 0.999863 -0.00349892 -0.86277 0.0273409 0.00394133 0.999618 45.0478 
0.999489 0.0171102 -0.0270192 -1.91 -0.0173185 0.999822 -0.00749494 -0.88546 0.0268861 0.00795908 0.999607 46.1196 
0.999487 0.0177041 -0.0266879 -1.96375 -0.0179231 0.999807 -0.00799111 -0.90569 0.0265412 0.00846538 0.999612 47.2103 
0.999478 0.0186237 -0.0263918 -2.01953 -0.0187701 0.99981 -0.00531382 -0.932591 0.0262878 0.00580647 0.999638 48.291 
0.999478 0.0190954 -0.0260756 -2.07095 -0.0191809 0.999811 -0.00303602 -0.960451 0.0260126 0.00353463 0.999655 49.3838 
0.999506 0.0174252 -0.0261585 -2.11717 -0.0174761 0.999846 -0.00171794 -0.981185 0.0261245 0.00217429 0.999656 50.4756 
0.999514 0.0175466 -0.0257689 -2.16382 -0.0176206 0.999841 -0.00264937 -1.00363 0.0257182 0.00310219 0.999664 51.5684 
0.999532 0.0168138 -0.0255723 -2.21216 -0.0169306 0.999847 -0.00435926 -1.02712 0.0254951 0.00479022 0.999664 52.6705 
0.99953 0.0170655 -0.0254718 -2.25321 -0.0172396 0.999829 -0.00663256 -1.04932 0.0253542 0.00706861 0.999654 53.7665 
0.999548 0.0161543 -0.0253533 -2.29975 -0.0163809 0.999828 -0.00875727 -1.07971 0.0252074 0.00916866 0.99964 54.8723 
0.999568 0.0145183 -0.0255514 -2.33917 -0.0148287 0.999818 -0.0120028 -1.11208 0.0253725 0.0123766 0.999601 55.9563 
0.999599 0.0127 -0.0253089 -2.38385 -0.0130536 0.999819 -0.0138549 -1.13737 0.0251283 0.0141797 0.999584 57.0507 
0.999613 0.010941 -0.0255974 -2.4223 -0.011242 0.999869 -0.0116453 -1.16642 0.0254666 0.0119286 0.999605 58.1477 
0.999632 0.00925717 -0.0254908 -2.46583 -0.00940411 0.99994 -0.00565249 -1.19502 0.0254369 0.00589017 0.999659 59.2415 
0.999643 0.00789387 -0.0255372 -2.50928 -0.00788161 0.999969 0.0005793 -1.21982 0.0255409 -0.000377777 0.999674 60.3446 
0.999646 0.00612796 -0.0258771 -2.55028 -0.00609396 0.999981 0.00139114 -1.23895 0.0258851 -0.00123292 0.999664 61.4525 
0.999663 0.00235649 -0.0258713 -2.58828 -0.00239878 0.999996 -0.00160525 -1.25699 0.0258674 0.00166681 0.999664 62.5446 
0.999654 0.000533596 -0.0262888 -2.62899 -0.000662079 0.999988 -0.0048805 -1.27328 0.0262859 0.00489626 0.999643 63.6374 
0.999647 0.00232566 -0.0264525 -2.68342 -0.00256061 0.999958 -0.00885294 -1.30178 0.0264308 0.00891759 0.999611 64.7375 
0.999644 0.0023818 -0.0265745 -2.72459 -0.00273339 0.999909 -0.0132031 -1.32695 0.0265406 0.0132711 0.99956 65.8278 
0.999653 0.00565512 -0.0257323 -2.79154 -0.00601081 0.999887 -0.0137682 -1.35935 0.0256515 0.0139181 0.999574 66.9505 
0.999643 0.00961461 -0.0249161 -2.84242 -0.00986699 0.999901 -0.0100278 -1.39179 0.0248171 0.0102701 0.999639 68.0557 
0.999626 0.0111169 -0.0249683 -2.89304 -0.0113196 0.999904 -0.00799266 -1.41911 0.024877 0.00827235 0.999656 69.158 
0.999631 0.010341 -0.0251324 -2.93258 -0.0105255 0.999919 -0.00722211 -1.446 0.0250557 0.00748402 0.999658 70.2578 
0.999641 0.00840547 -0.0254437 -2.97115 -0.00857011 0.999943 -0.00637041 -1.47376 0.0253886 0.00658622 0.999656 71.358 
0.99964 0.00694458 -0.0259176 -3.01569 -0.00708032 0.999962 -0.00515087 -1.49733 0.0258808 0.00533256 0.999651 72.4525 
0.999638 0.00523354 -0.0264033 -3.05738 -0.0053261 0.99998 -0.00343797 -1.51539 0.0263848 0.00357739 0.999646 73.549 
0.999611 0.0040649 -0.0275758 -3.09886 -0.00411613 0.99999 -0.00180279 -1.54054 0.0275682 0.00191564 0.999618 74.6463 
0.999591 0.00329704 -0.0284191 -3.14674 -0.00337679 0.999991 -0.00275994 -1.56953 0.0284097 0.00285482 0.999592 75.7435 
0.99957 0.00371271 -0.0291006 -3.19587 -0.00390969 0.99997 -0.00671642 -1.59145 0.0290747 0.00682735 0.999554 76.8268 
0.999536 0.0043791 -0.0301439 -3.24542 -0.00464779 0.99995 -0.00885059 -1.61556 0.0301036 0.00898663 0.999506 77.9098 
0.999504 0.00627804 -0.0308627 -3.30536 -0.00649852 0.999954 -0.00705019 -1.64151 0.0308169 0.0072473 0.999499 78.999 
0.99948 0.00687601 -0.0314951 -3.36363 -0.00697051 0.999972 -0.00289293 -1.6682 0.0314743 0.00311101 0.9995 80.1032 
0.999452 0.00866336 -0.0319574 -3.42504 -0.00863346 0.999962 0.00107245 -1.68927 0.0319655 -0.000795913 0.999489 81.1992 
0.999421 0.00944988 -0.0326784 -3.48092 -0.00940169 0.999955 0.00162675 -1.7088 0.0326922 -0.00131854 0.999465 82.2773 
0.999395 0.00954126 -0.0334443 -3.53144 -0.00956428 0.999954 -0.000529482 -1.72876 0.0334376 0.000849074 0.99944 83.3618 
0.999374 0.00961844 -0.0340345 -3.58648 -0.00967404 0.999952 -0.00147053 -1.74743 0.0340186 0.0017989 0.99942 84.4322 
0.999354 0.00890765 -0.0348234 -3.63428 -0.00896914 0.999959 -0.00161132 -1.77135 0.0348076 0.00192266 0.999392 85.4874 
0.999351 0.00831064 -0.0350584 -3.70159 -0.00836534 0.999964 -0.00141499 -1.79377 0.0350454 0.00170739 0.999384 86.5204 
0.999345 0.00691125 -0.0355228 -3.75088 -0.00691556 0.999976 3.74241e-07 -1.8146 0.0355219 0.000245329 0.999369 87.5423 
0.999325 0.00723406 -0.0360102 -3.80813 -0.00713265 0.99997 0.00294276 -1.841 0.0360303 -0.00268388 0.999347 88.5456 
0.9993 0.00644818 -0.0368613 -3.85914 -0.00631333 0.999973 0.00377225 -1.86354 0.0368846 -0.00353685 0.999313 89.5359 
0.999224 0.00541593 -0.0390124 -3.91258 -0.00526087 0.999978 0.00407512 -1.88382 0.0390336 -0.00386667 0.99923 90.4955 
0.999092 0.00453219 -0.0423638 -3.96888 -0.00441123 0.999986 0.00294713 -1.90097 0.0423765 -0.00275754 0.999098 91.4317 
0.998966 0.00475683 -0.0452052 -4.03589 -0.00467158 0.999987 0.00199043 -1.91913 0.045214 -0.00177715 0.998976 92.3434 
0.998827 0.00478668 -0.0481933 -4.09897 -0.00468225 0.999986 0.00227861 -1.93618 0.0482035 -0.00205024 0.998835 93.2333 
0.998651 0.00577519 -0.051602 -4.155 -0.00561131 0.999979 0.0033193 -1.95551 0.05162 -0.00302522 0.998662 94.1068 
0.998494 0.0068625 -0.0544357 -4.22105 -0.00662654 0.999968 0.00451321 -1.97522 0.0544649 -0.00414565 0.998507 94.952 
0.998334 0.00763547 -0.0571869 -4.28908 -0.00730808 0.999956 0.00593117 -1.99089 0.0572296 -0.00550332 0.998346 95.7696 
0.998173 0.00962713 -0.0596535 -4.35679 -0.00925529 0.999936 0.00650585 -2.00195 0.0597122 -0.00594181 0.998198 96.5663 
0.998031 0.0117093 -0.0616241 -4.43748 -0.0113014 0.999912 0.00696272 -2.01785 0.0617001 -0.00625253 0.998075 97.3371 
0.997841 0.0136037 -0.0642495 -4.50549 -0.0132598 0.999895 0.0057756 -2.03119 0.0643213 -0.00491115 0.997917 98.0787 
0.997664 0.0150158 -0.0666386 -4.57208 -0.0149082 0.999887 0.00211124 -2.04894 0.0666627 -0.00111281 0.997775 98.778 
0.997465 0.017297 -0.0690251 -4.63865 -0.0174537 0.999846 -0.00166833 -2.0623 0.0689856 0.00286889 0.997614 99.4654 
0.997307 0.0188494 -0.0708811 -4.69997 -0.0192022 0.999806 -0.00430005 -2.07677 0.0707863 0.00564959 0.997476 100.107 
0.997248 0.0211314 -0.0710697 -4.77646 -0.0215547 0.999754 -0.00519406 -2.09411 0.0709424 0.00671169 0.997458 100.731 
0.997266 0.023357 -0.0701078 -4.83871 -0.0237513 0.999706 -0.00479725 -2.10892 0.0699751 0.00644933 0.997528 101.333 
0.997363 0.0269137 -0.0674053 -4.88714 -0.0272122 0.999624 -0.00351463 -2.12202 0.0672853 0.00533965 0.99772 101.905 
0.997632 0.0295492 -0.0621032 -4.9264 -0.0297257 0.999556 -0.0019209 -2.13994 0.0620188 0.00376245 0.998068 102.456 
0.998029 0.0302863 -0.0549623 -4.95707 -0.0303317 0.99954 6.60648e-06 -2.15283 0.0549372 0.00166055 0.998488 102.985 
0.99853 0.0300793 -0.0450971 -4.98722 -0.0299974 0.999547 0.00248991 -2.16565 0.0451515 -0.00113341 0.99898 103.486 
0.998986 0.0298171 -0.0337431 -4.99456 -0.0297095 0.999552 0.00368688 -2.17475 0.0338379 -0.0026806 0.999424 103.961 
0.999375 0.0290318 -0.020185 -5.00564 -0.0289608 0.999573 0.00379849 -2.187 0.0202866 -0.0032115 0.999789 104.423 
0.999574 0.0287489 -0.00506044 -5.00531 -0.0287336 0.999582 0.00305805 -2.19781 0.0051462 -0.0029113 0.999983 104.859 
0.999526 0.0276721 0.0135246 -5.00523 -0.0276746 0.999617 1.33968e-06 -2.21055 -0.0135194 -0.000375585 0.999909 105.276 
0.99904 0.0270126 0.0344854 -4.97772 -0.0268658 0.999628 -0.00471164 -2.2231 -0.0345999 0.00378068 0.999394 105.69 
0.997942 0.0251201 0.0590039 -4.94203 -0.0245892 0.999651 -0.00970649 -2.2333 -0.0592271 0.00823569 0.998211 106.094 
0.996035 0.0228854 0.085965 -4.88793 -0.0219024 0.999684 -0.0123611 -2.24517 -0.0862208 0.0104293 0.996222 106.484 
0.992924 0.0201299 0.117029 -4.8431 -0.0186916 0.999736 -0.0133746 -2.26155 -0.117268 0.0110926 0.993038 106.87 
0.988563 0.0180983 0.149716 -4.76583 -0.0159673 0.999754 -0.0154234 -2.27318 -0.149958 0.0128565 0.988609 107.241 
0.982519 0.0154756 0.185519 -4.67221 -0.0125162 0.999775 -0.0171121 -2.28917 -0.185742 0.014491 0.982492 107.607 
0.974478 0.0120581 0.224157 -4.56703 -0.00833231 0.999811 -0.0175597 -2.30589 -0.224327 0.0152438 0.974395 107.954 
0.96433 0.00996858 0.264515 -4.44846 -0.00522363 0.999813 -0.0186355 -2.31842 -0.264651 0.016589 0.964201 108.293 
0.95183 0.0109007 0.306432 -4.32135 -0.00513052 0.999794 -0.0196292 -2.33825 -0.306583 0.0171116 0.95169 108.62 
0.936303 0.0124405 0.350974 -4.18567 -0.00575367 0.999782 -0.0200885 -2.35598 -0.351147 0.0167896 0.93617 108.932 
0.918149 0.0125372 0.396037 -4.02963 -0.00546559 0.999805 -0.0189793 -2.36905 -0.396198 0.0152613 0.918038 109.241 
0.897596 0.0119231 0.440659 -3.85675 -0.00452403 0.999831 -0.0178376 -2.38341 -0.440797 0.0140174 0.897497 109.533 
0.873992 0.0106543 0.485824 -3.67463 -0.00191594 0.999827 -0.0184798 -2.39791 -0.485937 0.0152204 0.873861 109.814 
0.848337 0.0110559 0.529341 -3.47539 -0.000239132 0.99979 -0.0204985 -2.41614 -0.529456 0.0172631 0.848162 110.083 
0.820269 0.0131052 0.571827 -3.26515 0.000784011 0.999711 -0.024036 -2.43263 -0.571977 0.0201644 0.820022 110.338 
0.788764 0.0180101 0.614432 -3.04368 -0.000554455 0.999591 -0.028588 -2.44741 -0.614695 0.0222085 0.788452 110.596 
0.754182 0.0240933 0.656224 -2.8043 -0.00330555 0.999453 -0.0328959 -2.45754 -0.656658 0.0226403 0.753849 110.847 
0.715907 0.0289332 0.697596 -2.54815 -0.00548625 0.999343 -0.035818 -2.46929 -0.698174 0.0218152 0.715595 111.088 
0.675604 0.0293054 0.736682 -2.27135 -0.00325837 0.999319 -0.0367648 -2.48504 -0.737258 0.0224381 0.675239 111.311 
0.633352 0.0267888 0.7734 -1.97158 0.00142382 0.999359 -0.0357815 -2.49421 -0.773863 0.0237635 0.632907 111.524 
0.588434 0.0249544 0.80816 -1.65724 0.00270603 0.999457 -0.0328316 -2.50906 -0.808541 0.0215061 0.588047 111.717 
0.541252 0.0235298 0.840531 -1.3395 0.00394869 0.999526 -0.0305233 -2.51779 -0.840851 0.0198398 0.540903 111.893 
0.492418 0.0210977 0.870103 -1.00507 0.00552964 0.99961 -0.0273672 -2.53559 -0.870341 0.0182875 0.492109 112.052 
0.44081 0.0172057 0.897435 -0.652511 0.00810225 0.999699 -0.023146 -2.55458 -0.897564 0.0174743 0.440539 112.193 
0.388509 0.0175469 0.921278 -0.27981 0.00582017 0.999752 -0.0214959 -2.56989 -0.921427 0.0137134 0.388311 112.327 
0.336392 0.0223824 0.941456 0.0876532 0.00220402 0.999696 -0.0245545 -2.58628 -0.94172 0.0103349 0.33624 112.445 
0.285248 0.0277461 0.958052 0.467891 0.00174946 0.999564 -0.0294692 -2.59616 -0.958452 0.0100821 0.285075 112.538 
0.2382 0.0297473 0.970761 0.856526 0.00332945 0.9995 -0.0314449 -2.61405 -0.97121 0.0107223 0.237982 112.608 
0.196505 0.0292491 0.980067 1.26666 0.0108463 0.999429 -0.0320017 -2.63289 -0.980443 0.0169186 0.196076 112.663 
0.161372 0.029379 0.986456 1.69575 0.0186702 0.999287 -0.0328153 -2.64693 -0.986717 0.0237128 0.160708 112.701 
0.13095 0.0306837 0.990914 2.13985 0.0230937 0.999155 -0.0339907 -2.6575 -0.99112 0.0273349 0.130131 112.738 
0.102571 0.0294861 0.994289 2.61126 0.0212414 0.999268 -0.031825 -2.67186 -0.994499 0.0243844 0.101869 112.786 
0.0771298 0.0259748 0.996683 3.09077 0.0151822 0.999514 -0.0272234 -2.68836 -0.996906 0.0172316 0.076698 112.824 
0.0527694 0.0219249 0.998366 3.60419 0.00995524 0.999698 -0.0224803 -2.70924 -0.998557 0.0111252 0.0525351 112.865 
0.0300677 0.0194875 0.999358 4.12701 0.0138695 0.999706 -0.0199115 -2.73091 -0.999452 0.0144593 0.0297885 112.874 
0.00966363 0.0204453 0.999744 4.66313 0.0214812 0.999556 -0.020649 -2.74722 -0.999723 0.0216753 0.00922015 112.866 
-0.00770525 0.0226499 0.999714 5.21039 0.0265704 0.999395 -0.0224379 -2.77011 -0.999617 0.0263899 -0.00830241 112.853 
-0.0220453 0.0282827 0.999357 5.78606 0.0269638 0.999253 -0.0276849 -2.78342 -0.999393 0.0263361 -0.0227915 112.842 
-0.0332789 0.0328055 0.998908 6.38682 0.0237534 0.999205 -0.0320238 -2.80215 -0.999164 0.0226618 -0.0340317 112.837 
-0.0398092 0.0327278 0.998671 7.01529 0.0266181 0.999144 -0.0316821 -2.81651 -0.998853 0.0253215 -0.0406463 112.826 
-0.0424363 0.0295074 0.998663 7.65173 0.0331628 0.999055 -0.0281097 -2.84059 -0.998549 0.0319256 -0.0433748 112.798 
-0.0417964 0.0280448 0.998733 8.31489 0.0351905 0.999027 -0.0265803 -2.86174 -0.998506 0.034035 -0.0427427 112.779 
-0.0398718 0.0276998 0.998821 9.00208 0.0338218 0.99908 -0.0263569 -2.88603 -0.998632 0.0327311 -0.0407719 112.764 
-0.0384053 0.0278084 0.998875 9.69545 0.0301905 0.999189 -0.0266563 -2.91495 -0.998806 0.0291328 -0.0392137 112.756 
-0.0371939 0.0293449 0.998877 10.4145 0.0294097 0.999168 -0.0282583 -2.93128 -0.998875 0.0283257 -0.038026 112.75 
-0.0363211 0.030143 0.998886 11.1401 0.0292715 0.999148 -0.0290865 -2.95957 -0.998911 0.0281824 -0.0371725 112.741 
-0.0353536 0.0296463 0.998935 11.8931 0.0287654 0.999176 -0.0286353 -2.98675 -0.998961 0.0277224 -0.0361773 112.727 
-0.034894 0.028215 0.998993 12.6489 0.0277624 0.999243 -0.0272523 -3.02015 -0.999005 0.0267835 -0.0356509 112.721 
-0.0340516 0.0269463 0.999057 13.4229 0.028999 0.999242 -0.0259629 -3.04657 -0.998999 0.0280876 -0.0348072 112.703 
-0.0348145 0.0247495 0.999087 14.2059 0.0292912 0.999289 -0.0237338 -3.07895 -0.998964 0.0284382 -0.0355147 112.689 
-0.0359563 0.0230877 0.999087 15.0089 0.026371 0.999407 -0.022146 -3.10674 -0.999005 0.0255506 -0.0365438 112.677 
-0.0371158 0.0220301 0.999068 15.805 0.0255299 0.999452 -0.0210901 -3.13458 -0.998985 0.0247234 -0.0376579 112.663 
-0.037972 0.0195612 0.999087 16.6232 0.0278368 0.999441 -0.0185101 -3.15812 -0.998891 0.0271085 -0.0384953 112.636 
-0.0392543 0.018018 0.999067 17.4347 0.0290627 0.999435 -0.0168827 -3.18389 -0.998807 0.0283728 -0.0397558 112.617 
-0.0411559 0.0171907 0.999005 18.274 0.0264602 0.99952 -0.0161095 -3.21437 -0.998802 0.0257708 -0.041591 112.604 
-0.0422276 0.0218714 0.998869 19.1005 0.0234464 0.999507 -0.0208942 -3.23848 -0.998833 0.0225376 -0.0427195 112.586 
-0.0429569 0.0266331 0.998722 19.9308 0.0247699 0.999366 -0.0255848 -3.26669 -0.99877 0.0236392 -0.0435893 112.564 
-0.0439919 0.0279802 0.99864 20.7818 0.0251949 0.999321 -0.0268894 -3.30303 -0.998714 0.0239778 -0.044667 112.538 
-0.0455646 0.025932 0.998625 21.6346 0.0219284 0.999448 -0.0249528 -3.33238 -0.998721 0.0207613 -0.0461081 112.52 
-0.0469272 0.0220041 0.998656 22.4912 0.0188708 0.999598 -0.0211381 -3.36104 -0.99872 0.0178535 -0.0473236 112.506 
-0.046831 0.0164637 0.998767 23.3461 0.0178027 0.999719 -0.0156446 -3.39846 -0.998744 0.0170481 -0.0471109 112.475 
-0.0469845 0.0108241 0.998837 24.2072 0.0141002 0.999849 -0.0101717 -3.424 -0.998796 0.0136059 -0.0471301 112.452 
-0.0467838 0.00989501 0.998856 25.0611 0.0114576 0.999891 -0.00936858 -3.44972 -0.998839 0.0110062 -0.0468921 112.426 
-0.0457709 0.0165545 0.998815 25.9044 0.0142164 0.999772 -0.0159189 -3.48388 -0.998851 0.013471 -0.0459958 112.401 
-0.0448963 0.0275764 0.998611 26.7414 0.0161502 0.999508 -0.0268751 -3.51337 -0.998861 0.0149212 -0.0453196 112.376 
-0.0445597 0.0329455 0.998463 27.592 0.0179497 0.999321 -0.0321727 -3.54052 -0.998845 0.0164886 -0.0451208 112.358 
-0.0430303 0.0274044 0.998698 28.4315 0.0195275 0.999456 -0.0265837 -3.5776 -0.998883 0.0183581 -0.043542 112.329 
-0.0417186 0.019544 0.998938 29.2745 0.0227402 0.999568 -0.0186066 -3.61311 -0.998871 0.0219398 -0.042145 112.295 
-0.0410672 0.0166474 0.999018 30.1097 0.023961 0.99959 -0.0156719 -3.64581 -0.998869 0.0232938 -0.0414493 112.271 
-0.0410843 0.0173002 0.999006 30.9271 0.0234097 0.999592 -0.0163476 -3.67631 -0.998881 0.0227148 -0.0414725 112.255 
-0.0419852 0.0182894 0.998951 31.7366 0.020784 0.999632 -0.0174283 -3.70415 -0.998902 0.0200305 -0.0423498 112.243 
-0.0442341 0.01808 0.998858 32.5546 0.0183117 0.999683 -0.017284 -3.73594 -0.998853 0.0175262 -0.0445511 112.231 
-0.0463528 0.0182671 0.998758 33.3679 0.0181922 0.999682 -0.0174397 -3.76224 -0.99876 0.0173612 -0.0466704 112.206 
-0.0481194 0.0188816 0.998663 34.1876 0.0177978 0.999679 -0.0180431 -3.7931 -0.998683 0.0169058 -0.04844 112.174 
-0.0499879 0.018999 0.998569 34.9876 0.0158691 0.999708 -0.0182262 -3.82275 -0.998624 0.0149353 -0.0502748 112.151 
-0.0518962 0.0184511 0.998482 35.787 0.0144596 0.999738 -0.0177228 -3.85052 -0.998548 0.0135179 -0.0521494 112.126 
-0.0539625 0.0171881 0.998395 36.5822 0.0151226 0.999751 -0.0163941 -3.88165 -0.998428 0.0142136 -0.054209 112.098 
-0.055867 0.0174198 0.998286 37.369 0.015231 0.999746 -0.0165928 -3.91172 -0.998322 0.0142779 -0.0561182 112.069 
-0.05752 0.0186644 0.99817 38.1583 0.0156924 0.999719 -0.017789 -3.93926 -0.998221 0.0146404 -0.0577967 112.037 
-0.0581965 0.0188304 0.998128 38.9446 0.0157891 0.999714 -0.0179397 -3.96847 -0.99818 0.0147155 -0.0584772 112.002 
-0.059128 0.01758 0.998096 39.7282 0.0177185 0.999706 -0.0165587 -3.99939 -0.998093 0.0167056 -0.0594221 111.963 
-0.0607274 0.0169748 0.99801 40.5034 0.0180189 0.999711 -0.0159073 -4.02777 -0.997992 0.0170171 -0.0610157 111.931 
-0.0619576 0.0162388 0.997947 41.27 0.0164515 0.999748 -0.0152467 -4.05852 -0.997943 0.0154731 -0.0622092 111.899 
-0.0634183 0.0152687 0.99787 42.0269 0.0145971 0.99979 -0.0143704 -4.08794 -0.99788 0.0136546 -0.0636279 111.872 
-0.0641614 0.0139789 0.997842 42.7688 0.0133607 0.999824 -0.0131476 -4.11436 -0.99785 0.0124883 -0.0643369 111.841 
-0.0648676 0.013747 0.997799 43.4912 0.0127848 0.999835 -0.0129438 -4.13632 -0.997812 0.011917 -0.0650326 111.81 
-0.0649278 0.0161862 0.997759 44.1967 0.0131496 0.999796 -0.0153635 -4.16477 -0.997803 0.0121226 -0.0651273 111.774 
-0.0651269 0.0186969 0.997702 44.8995 0.01259 0.99976 -0.0179136 -4.1915 -0.997798 0.0113944 -0.0653466 111.743 
-0.0649967 0.0205665 0.997674 45.597 0.0110275 0.999741 -0.0198907 -4.21801 -0.997825 0.00970898 -0.0652067 111.711 
-0.0647408 0.0215286 0.99767 46.2939 0.0114371 0.999718 -0.0208306 -4.2437 -0.997837 0.0100619 -0.0649687 111.675 
-0.0646888 0.0214928 0.997674 47.0018 0.013473 0.999696 -0.0206627 -4.26962 -0.997815 0.012105 -0.0649587 111.64 
-0.0649129 0.021253 0.997665 47.7003 0.0145373 0.999687 -0.0203502 -4.29156 -0.997785 0.0131823 -0.0652015 111.605 
-0.0650351 0.0215901 0.997649 48.386 0.0113401 0.999717 -0.0208956 -4.31814 -0.997819 0.00995455 -0.0652615 111.578 
-0.0646302 0.0217411 0.997672 49.0697 0.0089392 0.999735 -0.021207 -4.3486 -0.997869 0.00754778 -0.0648074 111.55 
-0.0646694 0.0205005 0.997696 49.7595 0.0107037 0.999746 -0.0198487 -4.37329 -0.997849 0.00939544 -0.0648724 111.516 
-0.0653622 0.0198339 0.997665 50.4416 0.0110759 0.999755 -0.0191498 -4.40181 -0.9978 0.00979834 -0.0655659 111.479 
-0.0690936 0.0194319 0.997421 51.1244 0.00837654 0.999786 -0.0188977 -4.42883 -0.997575 0.00704922 -0.0692416 111.452 
-0.0742289 0.0190273 0.99706 51.8022 0.00445748 0.999814 -0.018748 -4.4567 -0.997231 0.00305273 -0.0743 111.418 
-0.0800897 0.0230993 0.99652 52.4785 0.00844624 0.999711 -0.0224944 -4.47797 -0.996752 0.00661527 -0.0802617 111.374 
-0.0862232 0.0257633 0.995943 53.1476 0.0108773 0.99963 -0.0249169 -4.50362 -0.996217 0.00868477 -0.0864716 111.313 
-0.0935097 0.0275383 0.995237 53.8175 0.0101189 0.999592 -0.026708 -4.5258 -0.995567 0.00757329 -0.0937502 111.26 
-0.0998376 0.026622 0.994648 54.4988 0.006342 0.999639 -0.026119 -4.55469 -0.994984 0.0037004 -0.0999704 111.21 
-0.104926 0.0255632 0.994151 55.1886 0.00609562 0.999667 -0.0250616 -4.58233 -0.994461 0.00343035 -0.105047 111.146 
-0.109603 0.0259408 0.993637 55.8812 0.00350689 0.999663 -0.0257112 -4.61116 -0.993969 0.000666551 -0.109657 111.084 
-0.11348 0.0257814 0.993206 56.584 0.00181981 0.999667 -0.0257411 -4.63306 -0.993539 -0.00111365 -0.113489 111.021 
-0.116144 0.0224945 0.992978 57.2937 0.0022357 0.999747 -0.0223863 -4.65668 -0.99323 -0.000380039 -0.116165 110.952 
-0.117507 0.0194955 0.992881 58.0028 0.00441941 0.999808 -0.0191085 -4.68172 -0.993062 0.00214256 -0.117571 110.873 
-0.119003 0.0168498 0.992751 58.7275 0.00447935 0.999855 -0.0164334 -4.70596 -0.992884 0.00249126 -0.119061 110.803 
-0.120085 0.0168218 0.992621 59.4534 0.00389254 0.999857 -0.0164735 -4.72936 -0.992756 0.00188561 -0.120133 110.726 
-0.120149 0.0209082 0.992536 60.1821 0.00593819 0.999775 -0.0203418 -4.74959 -0.992738 0.00344981 -0.120246 110.646 
-0.120079 0.0247004 0.992457 60.9161 0.0113588 0.999659 -0.0235053 -4.77425 -0.992699 0.00845067 -0.120319 110.564 
-0.120351 0.029381 0.992297 61.6619 0.0186512 0.999452 -0.0273307 -4.80518 -0.992556 0.0152182 -0.120833 110.472 
-0.120799 0.0305911 0.992206 62.4032 0.0190547 0.999412 -0.0284934 -4.83327 -0.992494 0.0154642 -0.121311 110.391 
-0.120755 0.0283237 0.992278 63.1565 0.0175061 0.999498 -0.0263994 -4.86614 -0.992528 0.0141831 -0.12119 110.313 
-0.120615 0.0233039 0.992426 63.9118 0.0174994 0.999619 -0.021346 -4.89725 -0.992545 0.0147922 -0.120977 110.236 
-0.120161 0.0211922 0.992528 64.6625 0.0199554 0.999622 -0.0189277 -4.92902 -0.992554 0.0175319 -0.120539 110.147 
-0.121004 0.02108 0.992428 65.4143 0.0199777 0.999624 -0.018797 -4.95443 -0.992451 0.0175519 -0.12138 110.064 
-0.122867 0.021684 0.992186 66.1566 0.0186925 0.999635 -0.019532 -4.98607 -0.992247 0.0161466 -0.123227 109.99 
-0.124931 0.0224863 0.991911 66.8973 0.0180597 0.999629 -0.0203866 -5.01308 -0.992001 0.0153667 -0.12529 109.911 
-0.126992 0.022761 0.991643 67.6458 0.0194725 0.999601 -0.0204499 -5.03979 -0.991713 0.0167128 -0.127384 109.825 
-0.128672 0.0227321 0.991427 68.38 0.0200534 0.999593 -0.0203167 -5.0715 -0.991485 0.0172673 -0.129075 109.739 
-0.130788 0.0222003 0.991162 69.1338 0.0195212 0.999613 -0.0198136 -5.10039 -0.991218 0.0167573 -0.131171 109.654 
-0.132442 0.0225049 0.990935 69.8913 0.0167302 0.999651 -0.0204668 -5.12659 -0.99105 0.0138678 -0.132772 109.571 
-0.133425 0.0239313 0.99077 70.642 0.0173455 0.999612 -0.0218089 -5.15739 -0.990907 0.0142755 -0.133788 109.484 
-0.134352 0.0246311 0.990627 71.4124 0.0165982 0.999607 -0.0226032 -5.18202 -0.990795 0.0134058 -0.134708 109.401 
-0.135879 0.0253352 0.990401 72.1809 0.016454 0.999593 -0.0233129 -5.20322 -0.990589 0.0131283 -0.136241 109.318 
-0.137008 0.023719 0.990286 72.9677 0.0170861 0.999621 -0.0215786 -5.23227 -0.990423 0.0139637 -0.137362 109.228 
-0.138311 0.0213454 0.990159 73.7581 0.0146084 0.999703 -0.0195106 -5.25889 -0.990281 0.0117661 -0.138582 109.141 
-0.140091 0.0194816 0.989947 74.5531 0.011956 0.999767 -0.0179828 -5.28178 -0.990067 0.00931653 -0.140291 109.054 
-0.142093 0.0189913 0.989671 75.3478 0.0137655 0.999757 -0.0172084 -5.30758 -0.989758 0.0111782 -0.14232 108.955 
-0.143826 0.0194341 0.989412 76.1437 0.015107 0.999734 -0.0174408 -5.34017 -0.989488 0.0124386 -0.144081 108.851 
-0.146441 0.0206372 0.989004 76.9489 0.0140741 0.999725 -0.0187769 -5.36478 -0.989119 0.0111697 -0.146692 108.755 
-0.147956 0.0243196 0.988695 77.7624 0.0160361 0.999625 -0.0221887 -5.39445 -0.988864 0.0125718 -0.148291 108.65 
-0.148098 0.0281584 0.988572 78.5729 0.0178007 0.999509 -0.0258031 -5.42827 -0.988812 0.0137759 -0.148527 108.535 
-0.149356 0.0324265 0.988252 79.3916 0.0191404 0.99937 -0.0298986 -5.45643 -0.988598 0.01445 -0.149883 108.431 
-0.149144 0.0334304 0.98825 80.2139 0.021238 0.999306 -0.0305992 -5.49245 -0.988587 0.0164247 -0.149751 108.32 
-0.148587 0.0330529 0.988347 81.0515 0.0250411 0.999247 -0.0296527 -5.52506 -0.988582 0.0203433 -0.149303 108.204 
-0.148479 0.0310817 0.988427 81.898 0.0260204 0.999283 -0.0275143 -5.5627 -0.988573 0.0216339 -0.149181 108.093 
-0.147904 0.0296655 0.988557 82.7402 0.025603 0.99933 -0.0261581 -5.59753 -0.98867 0.0214411 -0.148565 107.986 
-0.146164 0.0270743 0.98889 83.5914 0.0242983 0.999422 -0.0237712 -5.63593 -0.988962 0.0205538 -0.146738 107.878 
-0.144711 0.0240266 0.989182 84.4523 0.025079 0.999473 -0.0206076 -5.66793 -0.989156 0.0218256 -0.145238 107.774 
-0.143092 0.0208597 0.98949 85.3091 0.0255374 0.999523 -0.0173782 -5.69699 -0.98938 0.0227823 -0.143557 107.668 
-0.141724 0.0206587 0.989691 86.1727 0.0236256 0.999568 -0.0174816 -5.72818 -0.989624 0.0209045 -0.142151 107.57 
-0.140405 0.024829 0.989783 87.0296 0.0242937 0.999471 -0.0216258 -5.76093 -0.989796 0.0210091 -0.140934 107.467 
-0.138515 0.0309692 0.989876 87.8812 0.0251118 0.999299 -0.0277501 -5.79564 -0.990042 0.0210138 -0.139196 107.364 
-0.137037 0.0343227 0.989971 88.7391 0.0231571 0.999237 -0.0314384 -5.83738 -0.990295 0.0186167 -0.137728 107.261 
-0.135607 0.0323158 0.990236 89.6045 0.0218481 0.999322 -0.0296203 -5.86715 -0.990522 0.017618 -0.136221 107.161 
-0.134232 0.0297586 0.990503 90.4603 0.0223736 0.999385 -0.0269933 -5.90706 -0.990697 0.0185377 -0.134815 107.059 
-0.133636 0.0281286 0.990631 91.3307 0.0230768 0.999414 -0.0252649 -5.94389 -0.990762 0.0194843 -0.134206 106.96 
-0.132441 0.0279334 0.990797 92.1937 0.0227864 0.999424 -0.0251307 -5.97958 -0.990929 0.0192483 -0.133001 106.853 
-0.132 0.0277682 0.990861 93.0615 0.0221639 0.99944 -0.0250559 -6.01985 -0.991002 0.018654 -0.132542 106.757 
-0.131079 0.0259913 0.991031 93.9282 0.0247911 0.99943 -0.0229325 -6.05488 -0.991062 0.0215627 -0.131649 106.654 
-0.129744 0.025282 0.991225 94.8006 0.0275295 0.999381 -0.0218866 -6.09187 -0.991165 0.0244483 -0.130359 106.55 
-0.128508 0.0268065 0.991346 95.6775 0.0298945 0.999285 -0.0231459 -6.12592 -0.991258 0.0266614 -0.129217 106.438 
-0.127513 0.028963 0.991414 96.5479 0.0305737 0.999213 -0.0252585 -6.1596 -0.991366 0.0270904 -0.128298 106.34 
-0.12634 0.0304325 0.99152 97.4151 0.0276112 0.99925 -0.0271514 -6.19508 -0.991603 0.0239467 -0.127086 106.239 
-0.12539 0.0265099 0.991753 98.2743 0.0228219 0.999456 -0.0238303 -6.22774 -0.991845 0.0196456 -0.125927 106.144 
-0.125412 0.0245558 0.991801 99.135 0.018555 0.999577 -0.0224021 -6.26605 -0.991931 0.0155934 -0.125814 106.061 
-0.126538 0.0246842 0.991655 99.9822 0.0151658 0.999622 -0.0229473 -6.30731 -0.991846 0.0121356 -0.126865 105.975 
-0.127759 0.0292547 0.991374 100.825 0.0120426 0.999537 -0.0279436 -6.34417 -0.991732 0.00836871 -0.128052 105.887 
-0.128396 0.0316303 0.991218 101.666 0.0115275 0.999471 -0.0304004 -6.38376 -0.991656 0.00752299 -0.128693 105.794 
-0.128564 0.0318977 0.991188 102.507 0.0123236 0.999457 -0.0305653 -6.42508 -0.991625 0.0082854 -0.128887 105.695 
-0.128696 0.0313191 0.991189 103.341 0.0138601 0.99946 -0.0297808 -6.46824 -0.991587 0.00990533 -0.129061 105.595 
-0.129198 0.0320182 0.991102 104.171 0.0150347 0.999427 -0.0303272 -6.50699 -0.991505 0.0109827 -0.129605 105.5 
-0.129166 0.0349612 0.991007 104.985 0.0167248 0.999313 -0.0330743 -6.55258 -0.991482 0.0123023 -0.129662 105.401 
-0.129579 0.0363308 0.990903 105.803 0.016151 0.999273 -0.0345256 -6.59591 -0.991438 0.0115302 -0.130072 105.305 
-0.130942 0.0367835 0.990707 106.62 0.0147292 0.999273 -0.0351547 -6.63499 -0.991281 0.00998909 -0.131388 105.222 
-0.132965 0.035685 0.990478 107.424 0.0128999 0.999329 -0.0342721 -6.6779 -0.991037 0.00822008 -0.133336 105.125 
-0.136386 0.0368848 0.989969 108.228 0.0130288 0.999287 -0.035437 -6.72232 -0.99057 0.00806498 -0.136769 105.038 
-0.139914 0.0396807 0.989368 109.024 0.0125285 0.999188 -0.0383027 -6.76539 -0.990085 0.00703625 -0.140297 104.948 
-0.143242 0.0410871 0.988835 109.812 0.0113798 0.99914 -0.0398668 -6.80709 -0.989622 0.00554218 -0.143586 104.852 
-0.14629 0.0410755 0.988389 110.59 0.0115193 0.999141 -0.0398174 -6.85195 -0.989175 0.0055607 -0.146637 104.748 
-0.149252 0.0397176 0.988001 111.375 0.012924 0.999186 -0.0382148 -6.89665 -0.988715 0.00706525 -0.149644 104.645 
-0.151463 0.0404947 0.987633 112.15 0.0144754 0.999144 -0.0387467 -6.94132 -0.988357 0.00842768 -0.15192 104.535 
-0.153387 0.0450621 0.987138 112.923 0.0101062 0.998979 -0.0440322 -6.98803 -0.988115 0.0032223 -0.153685 104.438 
-0.154781 0.0516288 0.986599 113.684 0.007673 0.998666 -0.0510565 -7.0411 -0.987919 -0.000332405 -0.154971 104.334 
-0.157357 0.0547757 0.986022 114.445 0.0119166 0.998493 -0.0535667 -7.0853 -0.98747 0.0033209 -0.157773 104.22 
-0.159838 0.0531743 0.98571 115.217 0.0140598 0.99857 -0.0515881 -7.12851 -0.987043 0.0056131 -0.160357 104.102 
-0.162955 0.0451477 0.9856 115.991 0.0127792 0.998965 -0.043647 -7.18563 -0.986551 0.00548266 -0.163364 103.992 
-0.165233 0.0430424 0.985315 116.76 0.0120039 0.999061 -0.0416299 -7.23612 -0.986181 0.00494898 -0.165595 103.878 
-0.166564 0.0460215 0.984956 117.519 0.0115669 0.998933 -0.0447185 -7.28218 -0.985963 0.00394441 -0.166918 103.757 
-0.169439 0.0497298 0.984285 118.277 0.00920844 0.998762 -0.048876 -7.32301 -0.985498 0.000782219 -0.169687 103.645 
-0.171998 0.0522284 0.983712 119.025 0.0088574 0.998635 -0.051472 -7.37351 -0.985058 -0.000139944 -0.172226 103.529 
-0.173938 0.0561288 0.983156 119.773 0.0126603 0.998419 -0.0547603 -7.43218 -0.984675 0.0029222 -0.174373 103.41 
-0.175781 0.0608967 0.982544 120.516 0.0128743 0.998142 -0.0595601 -7.48056 -0.984345 0.00218004 -0.176238 103.289 
-0.179057 0.0633314 0.981798 121.274 0.0119342 0.997992 -0.0621994 -7.53155 -0.983766 0.000579709 -0.179454 103.178 
-0.181782 0.0614255 0.981418 122.023 0.0136011 0.998109 -0.0599508 -7.57862 -0.983245 0.00245039 -0.182274 103.063 
-0.18574 0.0580341 0.980884 122.772 0.0174508 0.998292 -0.0557596 -7.63486 -0.982444 0.00676045 -0.186436 102.931 
-0.191586 0.0568346 0.979829 123.515 0.0196929 0.998344 -0.0540579 -7.68541 -0.981278 0.00893892 -0.192388 102.798 
-0.197774 0.0559444 0.97865 124.251 0.018552 0.998405 -0.0533245 -7.73355 -0.980072 0.00760975 -0.198496 102.665 
-0.205704 0.0563661 0.97699 124.979 0.0175591 0.998392 -0.0539037 -7.7849 -0.978457 0.00606691 -0.206362 102.52 
-0.216625 0.0569303 0.974594 125.697 0.017277 0.998365 -0.0544787 -7.83443 -0.976102 0.00503653 -0.217255 102.379 
-0.228301 0.058208 0.971849 126.419 0.0177701 0.998294 -0.0556175 -7.88195 -0.973428 0.00457235 -0.228946 102.215 
-0.241248 0.0587892 0.968681 127.13 0.0189537 0.998259 -0.0558638 -7.93479 -0.970279 0.00488308 -0.241942 102.054 
-0.253158 0.059052 0.965621 127.835 0.0219829 0.998229 -0.0552828 -7.98313 -0.967175 0.0072319 -0.254008 101.874 
-0.263827 0.0596955 0.962721 128.534 0.0253438 0.998168 -0.0549482 -8.02836 -0.964237 0.00990222 -0.264856 101.68 
-0.274552 0.059571 0.959725 129.237 0.02978 0.998127 -0.0534353 -8.0804 -0.961111 0.0139099 -0.275812 101.496 
-0.283468 0.0602471 0.957087 129.932 0.0357418 0.997995 -0.0522362 -8.13138 -0.958315 0.0194007 -0.285053 101.291 
-0.291166 0.0602541 0.954773 130.62 0.0414271 0.997873 -0.0503404 -8.18363 -0.955775 0.0248961 -0.293043 101.086 
-0.297516 0.0604891 0.952799 131.307 0.0414039 0.997869 -0.0504219 -8.23071 -0.953819 0.0244482 -0.299387 100.882 
-0.30188 0.0582052 0.951567 131.986 0.0451629 0.997887 -0.0467107 -8.28118 -0.952276 0.0288745 -0.303871 100.668 
-0.303478 0.0561163 0.951184 132.665 0.0515728 0.997768 -0.0424101 -8.31789 -0.951442 0.0361847 -0.305695 100.448 
-0.304292 0.0550786 0.950985 133.339 0.0581946 0.997537 -0.0391539 -8.35991 -0.950799 0.043428 -0.306748 100.228 
-0.305049 0.0538621 0.950812 134.017 0.0605579 0.997476 -0.0370767 -8.40072 -0.950409 0.046269 -0.30754 100.014 
-0.304781 0.0591272 0.950585 134.67 0.0637094 0.997101 -0.0415937 -8.44532 -0.950289 0.0478843 -0.307664 99.8101 
-0.303431 0.0626093 0.950794 135.325 0.0635667 0.996946 -0.0453621 -8.48217 -0.950731 0.0466746 -0.306484 99.61 
-0.302614 0.0623006 0.951075 135.984 0.0657892 0.996847 -0.044366 -8.52601 -0.95084 0.0491447 -0.305758 99.4095 
-0.300791 0.0612557 0.951721 136.644 0.0664677 0.996855 -0.0431536 -8.56074 -0.951371 0.0502784 -0.303917 99.2085 
-0.298533 0.0583657 0.952613 137.297 0.0681461 0.996884 -0.0397223 -8.60821 -0.951963 0.0530584 -0.301581 99.007 
-0.297236 0.0589356 0.952983 137.938 0.0685825 0.996833 -0.0402565 -8.65025 -0.952338 0.0533923 -0.300337 98.8159 
-0.294836 0.0613084 0.953579 138.571 0.0698076 0.996655 -0.0424942 -8.6905 -0.952995 0.0540382 -0.298129 98.6331 
-0.290293 0.0625441 0.954892 139.208 0.0713825 0.996497 -0.0435685 -8.73445 -0.954272 0.055515 -0.29374 98.4441 
-0.284981 0.0618609 0.956535 139.846 0.0718718 0.996485 -0.0430317 -8.77213 -0.955835 0.0564846 -0.288426 98.2651 
-0.279697 0.060075 0.958207 140.477 0.0734384 0.996455 -0.0410365 -8.81342 -0.957276 0.0588914 -0.283117 98.0915 
-0.275148 0.0583479 0.95963 141.11 0.073602 0.996506 -0.0394866 -8.85038 -0.95858 0.059766 -0.278481 97.927 
-0.270933 0.0567169 0.960926 141.711 0.0730401 0.996596 -0.0382286 -8.89749 -0.959823 0.0598288 -0.274153 97.7608 
-0.267161 0.0553776 0.96206 142.325 0.0739003 0.996585 -0.036843 -8.93338 -0.960814 0.0612535 -0.270341 97.5985 
-0.263796 0.0540114 0.963065 142.947 0.0761386 0.996482 -0.0350301 -8.96265 -0.961569 0.0640856 -0.26698 97.4445 
-0.259891 0.0524335 0.964213 143.553 0.0784735 0.996369 -0.0330306 -8.99899 -0.962444 0.0670808 -0.263062 97.2832 
-0.256385 0.0509557 0.965231 144.149 0.0769774 0.996514 -0.0321604 -9.03611 -0.963505 0.0660555 -0.259414 97.1346 
-0.25315 0.0517408 0.966043 144.735 0.0746192 0.996638 -0.0338256 -9.07854 -0.964545 0.0635223 -0.25616 97.004 
-0.248608 0.0546515 0.967061 145.325 0.0758482 0.99644 -0.036813 -9.11975 -0.96563 0.0641979 -0.251868 96.8653 
-0.242791 0.0580278 0.968341 145.914 0.077659 0.996168 -0.0402239 -9.1531 -0.966965 0.0654344 -0.246367 96.7247 
-0.236428 0.0586758 0.969876 146.498 0.0769162 0.996173 -0.0415167 -9.19106 -0.9686 0.0647835 -0.240036 96.6001 
-0.227757 0.0572648 0.972033 147.084 0.0738903 0.996407 -0.0413875 -9.22542 -0.97091 0.0623975 -0.23117 96.4793 
