1 2.12261e-08 -2.11895e-08 0 2.12261e-08 1 2.10703e-08 0 -2.11895e-08 2.10703e-08 1 0 
0.999998 -0.00151088 -0.00143352 -0.00606638 0.00150998 0.999999 -0.000658743 -0.0145551 0.00143447 0.000656619 0.999999 0.577259 
0.999995 -0.00213657 -0.00225863 -0.0293266 0.00213122 0.999995 -0.00238731 -0.0249514 0.00226368 0.00238253 0.999995 1.15109 
0.99999 -0.00233644 -0.00383274 -0.049273 0.00232295 0.999991 -0.00353076 -0.0396727 0.00384091 0.00352186 0.999986 1.71333 
0.999975 -0.00418935 -0.00566791 -0.0647135 0.00415925 0.999977 -0.00531879 -0.0471749 0.00569002 0.00529513 0.99997 2.28199 
0.999952 -0.00654887 -0.00722944 -0.0757744 0.00649605 0.999952 -0.00731101 -0.0572735 0.00727693 0.00726374 0.999947 2.85096 
0.999931 -0.00777416 -0.00878128 -0.0886457 0.00770202 0.999937 -0.0082236 -0.0654312 0.00884461 0.00815544 0.999928 3.42838 
0.999919 -0.00804041 -0.00985758 -0.110691 0.00796714 0.999941 -0.00745405 -0.0823092 0.00991688 0.00737495 0.999924 4.01744 
0.999904 -0.00866642 -0.010778 -0.137325 0.00858174 0.999932 -0.00788249 -0.0974066 0.0108455 0.00778929 0.999911 4.60866 
0.999896 -0.00797658 -0.0119935 -0.156286 0.00785228 0.999915 -0.0103798 -0.113687 0.0120752 0.0102846 0.999874 5.20961 
0.999898 -0.00589695 -0.0129741 -0.181677 0.00571086 0.999881 -0.0143372 -0.128697 0.013057 0.0142617 0.999813 5.81965 
0.999888 -0.00470436 -0.0142292 -0.204196 0.00444994 0.999831 -0.017862 -0.145755 0.0143108 0.0177967 0.999739 6.43832 
0.999879 -0.0029389 -0.0152908 -0.230321 0.00266288 0.999834 -0.0180429 -0.156185 0.0153412 0.018 0.99972 7.07635 
0.999863 -0.000115815 -0.0165427 -0.253576 -6.91111e-05 0.999938 -0.0111803 -0.167635 0.0165429 0.0111799 0.999801 7.72757 
0.999853 0.000594631 -0.0171597 -0.282268 -0.000607827 1 -0.000766295 -0.179438 0.0171592 0.000776655 0.999853 8.3994 
0.999828 0.00168295 -0.0184473 -0.303622 -0.00157386 0.999981 0.00592438 -0.193108 0.0184569 -0.00589429 0.999812 9.0738 
0.999808 0.00395363 -0.0191999 -0.342831 -0.00385657 0.99998 0.00508763 -0.208146 0.0192196 -0.00501257 0.999803 9.76716 
0.999784 0.0061572 -0.0198529 -0.379767 -0.00620473 0.999978 -0.00233554 -0.210276 0.0198381 0.00245826 0.9998 10.473 
0.999757 0.00580227 -0.0212648 -0.404323 -0.00598391 0.999946 -0.00849009 -0.20959 0.0212144 0.00861532 0.999738 11.1919 
0.999742 0.00361407 -0.0224485 -0.435074 -0.00376021 0.999972 -0.00647335 -0.219005 0.0224244 0.00655613 0.999727 11.937 
0.999735 0.00273101 -0.0228403 -0.467595 -0.002675 0.999993 0.00248079 -0.220911 0.0228469 -0.00241899 0.999736 12.7047 
0.999731 0.0023206 -0.0230661 -0.503933 -0.0020956 0.99995 0.00977205 -0.226763 0.0230876 -0.00972105 0.999686 13.489 
0.999716 0.00138807 -0.0237771 -0.536938 -0.00109666 0.999924 0.0122626 -0.232685 0.0237922 -0.012233 0.999642 14.2903 
0.999711 -0.00081106 -0.0240132 -0.566272 0.00108232 0.999936 0.0112839 -0.231132 0.0240024 -0.0113066 0.999648 15.1005 
0.999727 -0.000896654 -0.023333 -0.595885 0.00110149 0.999961 0.00876582 -0.230799 0.0233242 -0.00878909 0.999689 15.9335 
0.999738 0.00143713 -0.0228415 -0.636396 -0.00131909 0.999986 0.00518013 -0.229507 0.0228486 -0.0051486 0.999726 16.7732 
0.999764 -0.00170331 -0.021642 -0.6746 0.00170366 0.999999 -4.11628e-06 -0.240254 0.021642 -3.27128e-05 0.999766 17.6297 
0.999775 -0.00378804 -0.0208497 -0.702752 0.00365511 0.999973 -0.00641167 -0.248723 0.0208734 0.00633406 0.999762 18.4999 
0.999798 -0.00272135 -0.0199078 -0.733458 0.00248254 0.999925 -0.012013 -0.256038 0.019939 0.0119612 0.99973 19.3856 
0.999802 -0.00118668 -0.0198692 -0.76968 0.000932409 0.999918 -0.0128036 -0.275355 0.0198827 0.0127826 0.999721 20.2956 
0.9998 -0.000987442 -0.0199776 -0.806535 0.000743557 0.999925 -0.0122137 -0.29634 0.0199882 0.0121965 0.999726 21.2264 
0.999793 0.00041127 -0.0203649 -0.839483 -0.000683278 0.999911 -0.0133537 -0.32121 0.0203575 0.0133649 0.999703 22.165 
0.999793 0.00368005 -0.0200337 -0.885488 -0.00398884 0.999874 -0.0153978 -0.346726 0.0199744 0.0154746 0.999681 23.1292 
0.999767 0.00717151 -0.0203778 -0.926517 -0.00750766 0.999836 -0.0164696 -0.366716 0.0202563 0.0166188 0.999657 24.0896 
0.999758 0.0090251 -0.0200875 -0.972186 -0.00935448 0.999822 -0.0163665 -0.39861 0.0199362 0.0165505 0.999664 25.0695 
0.999753 0.00987529 -0.0198962 -1.02719 -0.0102024 0.999813 -0.0164084 -0.428369 0.0197304 0.0166074 0.999667 26.075 
0.999755 0.00923505 -0.0201163 -1.06049 -0.00956491 0.99982 -0.0163656 -0.451392 0.0199615 0.016554 0.999664 27.0698 
0.999735 0.0102834 -0.0206122 -1.0985 -0.0105976 0.999828 -0.0151923 -0.482076 0.0204524 0.0154067 0.999672 28.0758 
0.999716 0.0109724 -0.0211445 -1.1361 -0.0112547 0.999849 -0.0132784 -0.511427 0.0209956 0.0135127 0.999688 29.0899 
0.999699 0.0114578 -0.0217072 -1.17377 -0.0117209 0.999859 -0.0120348 -0.537877 0.0215662 0.0122856 0.999692 30.1102 
0.99969 0.0115753 -0.0220311 -1.21367 -0.0118626 0.999846 -0.0129544 -0.566548 0.0218777 0.0132117 0.999673 31.1347 
0.999665 0.0128153 -0.0225049 -1.25485 -0.0131279 0.999819 -0.0138004 -0.595776 0.0223239 0.0140912 0.999652 32.1663 
0.999656 0.0127143 -0.022926 -1.30092 -0.0130027 0.999838 -0.012479 -0.624062 0.0227636 0.0127728 0.999659 33.1967 
0.999661 0.0116502 -0.0232944 -1.34371 -0.0118808 0.999882 -0.00978809 -0.650758 0.0231776 0.0100616 0.999681 34.2514 
0.99965 0.0120099 -0.0235571 -1.38929 -0.0121635 0.999906 -0.00638819 -0.671943 0.0234781 0.00667254 0.999702 35.3114 
0.999635 0.0125209 -0.0239341 -1.43833 -0.0126208 0.999912 -0.00402659 -0.694989 0.0238816 0.00432723 0.999705 36.3742 
0.999628 0.0120681 -0.0244701 -1.48136 -0.0121479 0.999921 -0.00311831 -0.720516 0.0244305 0.00341445 0.999696 37.4492 
0.999616 0.0113928 -0.0252806 -1.52373 -0.0115101 0.999924 -0.00450042 -0.744053 0.0252273 0.00478971 0.99967 38.5304 
0.999596 0.0120024 -0.025775 -1.57945 -0.0121403 0.999913 -0.0052018 -0.760925 0.0257103 0.00551266 0.999654 39.6233 
0.999578 0.011906 -0.0265124 -1.62856 -0.0120186 0.999919 -0.00409472 -0.781311 0.0264615 0.00441167 0.99964 40.7122 
0.999562 0.0119092 -0.0270922 -1.6788 -0.0119661 0.999927 -0.00194072 -0.804085 0.027067 0.0022641 0.999631 41.7969 
0.999538 0.012872 -0.0275297 -1.73174 -0.0128711 0.999917 0.000207948 -0.821748 0.0275301 0.00014653 0.999621 42.8781 
0.999519 0.0139531 -0.0277 -1.78743 -0.0139624 0.999903 -0.000145088 -0.840176 0.0276953 0.00053182 0.999616 43.965 
0.999506 0.0151509 -0.0275394 -1.84889 -0.0152525 0.999878 -0.00348331 -0.868851 0.0274833 0.00390167 0.999615 45.0368 
0.999499 0.016162 -0.0272031 -1.90428 -0.0163694 0.999839 -0.00742031 -0.892671 0.0270787 0.00786193 0.999602 46.1122 
0.999499 0.0167558 -0.0268713 -1.95821 -0.016974 0.999825 -0.00791616 -0.912843 0.0267339 0.00836835 0.999608 47.2029 
0.999491 0.0176758 -0.0265778 -2.01418 -0.0178211 0.999828 -0.00523859 -0.939688 0.0264806 0.00570961 0.999633 48.2835 
0.99949 0.0181479 -0.0262637 -2.06578 -0.0182319 0.999829 -0.00296049 -0.967487 0.0262054 0.00343785 0.999651 49.3764 
0.999517 0.016478 -0.0263479 -2.11219 -0.016527 0.999862 -0.00164249 -0.988156 0.0263172 0.00207719 0.999652 50.4682 
0.999525 0.0165992 -0.0259573 -2.15902 -0.0166715 0.999858 -0.00257355 -1.01054 0.0259109 0.00300512 0.99966 51.5609 
0.999542 0.0158661 -0.0257592 -2.20756 -0.0159815 0.999863 -0.00428326 -1.03396 0.0256877 0.00469301 0.999659 52.663 
0.999541 0.0161174 -0.0256565 -2.24879 -0.0162906 0.999846 -0.00655646 -1.05609 0.0255468 0.00697145 0.999649 53.759 
0.999564 0.0149331 -0.0254698 -2.29558 -0.0151634 0.999846 -0.00887495 -1.08338 0.0253333 0.00925734 0.999636 54.8558 
0.999582 0.0132967 -0.0256639 -2.3351 -0.0136112 0.999834 -0.0121208 -1.11589 0.0254985 0.0124651 0.999597 55.9397 
0.999611 0.0114782 -0.0254192 -2.37989 -0.011836 0.999832 -0.0139725 -1.14133 0.0252545 0.014268 0.999579 57.0341 
0.999622 0.0097194 -0.0257103 -2.41844 -0.0100244 0.999881 -0.0117633 -1.17052 0.0255929 0.0120166 0.9996 58.1311 
0.99964 0.00803626 -0.0256111 -2.46208 -0.00818655 0.99995 -0.00577035 -1.19927 0.0255634 0.00597798 0.999655 59.2249 
0.999648 0.00667373 -0.0256651 -2.50564 -0.00666405 0.999978 0.000461379 -1.22422 0.0256676 -0.000290141 0.999671 60.328 
0.99965 0.00490792 -0.026006 -2.54676 -0.00487642 0.999987 0.00127281 -1.2435 0.0260119 -0.0011455 0.999661 61.4359 
0.999661 0.00113607 -0.0259966 -2.58487 -0.00118123 0.999998 -0.00172358 -1.26167 0.0259945 0.00175374 0.999661 62.528 
0.999651 -0.000687233 -0.02641 -2.6257 0.000555427 0.999987 -0.00499933 -1.27811 0.0264131 0.00498296 0.999639 63.6208 
0.999646 0.00110436 -0.0265689 -2.68023 -0.00134312 0.999959 -0.00897196 -1.30677 0.0265579 0.00900452 0.999607 64.7208 
0.999643 0.00116 -0.0266856 -2.72151 -0.00151591 0.99991 -0.0133223 -1.33209 0.0266677 0.0133581 0.999555 65.8111 
0.999656 0.00443326 -0.0258427 -2.78857 -0.00479325 0.999892 -0.0138863 -1.36467 0.0257783 0.0140055 0.99957 66.9339 
0.999651 0.0083932 -0.025031 -2.83955 -0.00864936 0.999911 -0.010145 -1.39727 0.0249436 0.010358 0.999635 68.039 
0.999636 0.00989573 -0.0250857 -2.89028 -0.010102 0.999916 -0.00810988 -1.42475 0.0250033 0.00836039 0.999652 69.1413 
0.99964 0.00911993 -0.0252508 -2.92992 -0.00930793 0.99993 -0.00733953 -1.45177 0.025182 0.00757196 0.999654 70.2411 
0.999647 0.00718447 -0.0255631 -2.9686 -0.00735254 0.999952 -0.00648821 -1.47968 0.0255152 0.00667391 0.999652 71.3413 
0.999645 0.00572372 -0.0260385 -3.01325 -0.00586279 0.999969 -0.00526925 -1.5034 0.0260075 0.00542008 0.999647 72.4358 
0.99964 0.00401289 -0.0265263 -3.05505 -0.00410862 0.999985 -0.00355694 -1.5216 0.0265116 0.00366469 0.999642 73.5323 
0.999612 0.00284444 -0.0277008 -3.09665 -0.00289878 0.999994 -0.00192319 -1.5469 0.0276951 0.00200279 0.999614 74.6295 
0.99959 0.00207647 -0.0285429 -3.14463 -0.00215954 0.999994 -0.00288137 -1.57605 0.0285367 0.00294187 0.999588 75.7268 
0.99957 0.00249165 -0.0292196 -3.19387 -0.00269252 0.999973 -0.00683868 -1.59812 0.0292017 0.00691445 0.99955 76.8101 
0.999537 0.0031578 -0.0302603 -3.24353 -0.00343076 0.999954 -0.00897412 -1.62239 0.0302305 0.00907382 0.999502 77.8931 
0.999507 0.00505695 -0.0309812 -3.30357 -0.00528159 0.99996 -0.00717459 -1.6485 0.0309437 0.00733473 0.999494 78.9823 
0.999484 0.00565542 -0.0316187 -3.36195 -0.00575366 0.999979 -0.00301811 -1.67536 0.031601 0.00319851 0.999495 80.0865 
0.999457 0.00744328 -0.0320859 -3.42348 -0.00741668 0.999972 0.000946708 -1.6966 0.032092 -0.00070818 0.999485 81.1824 
0.999428 0.00822988 -0.0328075 -3.47947 -0.00818502 0.999965 0.00150014 -1.71629 0.0328187 -0.00123071 0.999461 82.2605 
0.999402 0.00832098 -0.0335708 -3.53011 -0.0083477 0.999965 -0.00065703 -1.73641 0.0335641 0.000936918 0.999436 83.345 
0.999381 0.00839804 -0.0341598 -3.58526 -0.00845753 0.999963 -0.00159879 -1.75524 0.0341451 0.00188675 0.999415 84.4154 
0.99936 0.00768723 -0.0349486 -3.63317 -0.00775274 0.999968 -0.00174055 -1.7793 0.0349341 0.00201042 0.999388 85.4706 
0.999356 0.00709024 -0.0351839 -3.70058 -0.00714896 0.999973 -0.0015445 -1.8019 0.0351719 0.00179508 0.99938 86.5036 
0.999348 0.00569102 -0.0356499 -3.74997 -0.00569923 0.999984 -0.000129705 -1.82287 0.0356486 0.00033284 0.999364 87.5255 
0.999329 0.00601422 -0.0361409 -3.80731 -0.00591639 0.999979 0.00281209 -1.84943 0.036157 -0.00259633 0.999343 88.5287 
0.999302 0.00522843 -0.0369931 -3.85842 -0.00509717 0.99998 0.00364054 -1.87212 0.0370113 -0.0034494 0.999309 89.519 
0.999225 0.00419622 -0.0391445 -3.91196 -0.00404499 0.999984 0.00394079 -1.89255 0.0391604 -0.00377935 0.999226 90.4787 
0.999094 0.00350547 -0.0424247 -3.9742 -0.00338683 0.99999 0.00286702 -1.90804 0.0424343 -0.00272069 0.999096 91.4006 
0.998968 0.00373006 -0.0452651 -4.04125 -0.00364741 0.999992 0.00190741 -1.9263 0.0452718 -0.0017403 0.998973 92.3124 
0.998828 0.00375992 -0.0482535 -4.10436 -0.00365833 0.999991 0.00219252 -1.94345 0.0482613 -0.00201338 0.998833 93.2022 
0.998653 0.00474849 -0.0516632 -4.16042 -0.0045877 0.999984 0.00322972 -1.96287 0.0516777 -0.00298831 0.998659 94.0757 
0.998497 0.00583587 -0.0544982 -4.22651 -0.00560318 0.999975 0.00442072 -1.98268 0.0545226 -0.00410867 0.998504 94.9209 
0.998338 0.00660894 -0.0572509 -4.29456 -0.006285 0.999963 0.00583587 -1.99845 0.0572873 -0.0054663 0.998343 95.7385 
0.998178 0.00860065 -0.059718 -4.3623 -0.00823246 0.999946 0.00640802 -2.00961 0.0597698 -0.00590468 0.998195 96.5352 
0.998038 0.0106829 -0.0616891 -4.44303 -0.0102788 0.999924 0.00686287 -2.02562 0.0617576 -0.00621527 0.998072 97.306 
0.997851 0.0125772 -0.0643133 -4.51107 -0.0122375 0.999909 0.00567306 -2.03906 0.0643787 -0.00487379 0.997914 98.0476 
0.997675 0.013989 -0.0666986 -4.57767 -0.0138861 0.999902 0.00200625 -2.05689 0.0667201 -0.00107536 0.997771 98.7469 
0.997478 0.0162701 -0.0690812 -4.64428 -0.016432 0.999863 -0.00177577 -2.07036 0.0690429 0.00290647 0.99761 99.4343 
0.997322 0.0178224 -0.0709345 -4.70562 -0.0181807 0.999825 -0.00440939 -2.08491 0.0708435 0.00568726 0.997471 100.076 
0.997265 0.0201044 -0.0711222 -4.78212 -0.0205332 0.999775 -0.00530358 -2.10235 0.0709995 0.00674948 0.997454 100.7 
0.997263 0.0222657 -0.0705068 -4.83517 -0.0226669 0.999731 -0.00489629 -2.11762 0.0703788 0.0064811 0.997499 101.301 
0.997364 0.025823 -0.0678057 -4.88382 -0.0261276 0.999652 -0.00361073 -2.13078 0.0676889 0.00537286 0.997692 101.873 
0.997639 0.0284592 -0.0625055 -4.92328 -0.0286407 0.999588 -0.00201123 -2.14875 0.0624225 0.00379673 0.998043 102.424 
0.998039 0.0291971 -0.055367 -4.95415 -0.0292462 0.999572 -7.59603e-05 -2.16169 0.055341 0.00169512 0.998466 102.953 
0.998543 0.0289912 -0.0455046 -4.98449 -0.0289111 0.999579 0.00241808 -2.17456 0.0455555 -0.00109892 0.998961 103.454 
0.999004 0.0287297 -0.0341521 -4.99201 -0.0286224 0.999584 0.00362739 -2.18367 0.0342421 -0.00264622 0.99941 103.929 
0.999397 0.0279445 -0.0205943 -5.00327 -0.0278729 0.999604 0.00375376 -2.19594 0.020691 -0.00317743 0.999781 104.391 
0.999602 0.0276615 -0.00546901 -5.00309 -0.0276452 0.999613 0.00302979 -2.20677 0.00555066 -0.00287735 0.99998 104.827 
0.999561 0.0265836 0.0131194 -5.00317 -0.0265858 0.999647 -6.67989e-06 -2.21952 -0.0131149 -0.00034207 0.999914 105.244 
0.999083 0.0259225 0.0340855 -4.97582 -0.0257771 0.999657 -0.00469682 -2.23204 -0.0341956 0.00381393 0.999408 105.659 
0.997997 0.0238682 0.0585885 -4.94033 -0.0233416 0.999681 -0.00965584 -2.24316 -0.0588003 0.00826898 0.998236 106.061 
0.996099 0.0216326 0.0855538 -4.88638 -0.0206565 0.999711 -0.0122767 -2.25497 -0.0857947 0.0104616 0.996258 106.45 
0.992997 0.0188767 0.116621 -4.84169 -0.017449 0.99976 -0.0132514 -2.2713 -0.116843 0.0111237 0.993088 106.836 
0.988647 0.0168444 0.149312 -4.76457 -0.0147294 0.999775 -0.0152593 -2.28285 -0.149535 0.0128868 0.988672 107.208 
0.982613 0.0142209 0.18512 -4.67108 -0.011285 0.999793 -0.0169031 -2.29873 -0.185322 0.0145201 0.982571 107.574 
0.974584 0.010803 0.223762 -4.56603 -0.00711024 0.999825 -0.0173022 -2.31532 -0.22391 0.0152715 0.97449 107.92 
0.964449 0.00871293 0.264125 -4.44759 -0.0040133 0.999824 -0.0183274 -2.32771 -0.264239 0.0166159 0.964314 108.26 
0.951967 0.00964484 0.306048 -4.32059 -0.00393484 0.999807 -0.0192685 -2.3474 -0.306175 0.0171388 0.951821 108.587 
0.93641 0.011161 0.350729 -4.1854 -0.00457282 0.999797 -0.0196068 -2.36573 -0.350877 0.0167562 0.936272 108.899 
0.918269 0.0112582 0.395796 -4.02943 -0.00430953 0.999821 -0.0184409 -2.37858 -0.395933 0.015228 0.918153 109.208 
0.897728 0.0106444 0.440422 -3.85661 -0.0033958 0.999846 -0.017243 -2.39272 -0.440538 0.0139839 0.897625 109.501 
0.874134 0.00937526 0.485595 -3.67456 -0.000819459 0.999841 -0.0178284 -2.40697 -0.485685 0.0151865 0.874002 109.782 
0.84849 0.00977634 0.529122 -3.47537 0.000823053 0.999804 -0.0197927 -2.42494 -0.529212 0.0172294 0.848315 110.051 
0.820433 0.0118249 0.571621 -3.26519 0.00180886 0.999727 -0.023277 -2.44115 -0.57174 0.0201312 0.820188 110.306 
0.788942 0.0167293 0.61424 -3.04378 0.000428667 0.999614 -0.0277758 -2.45564 -0.614468 0.0221768 0.78863 110.564 
0.754375 0.0228125 0.656048 -2.80445 -0.00236804 0.999484 -0.0320317 -2.46546 -0.65644 0.0226104 0.754039 110.815 
0.716114 0.0276528 0.697435 -2.54836 -0.00459906 0.99938 -0.0349024 -2.47687 -0.697968 0.0217866 0.715798 111.056 
0.67582 0.0280249 0.736534 -2.2716 -0.00242399 0.999356 -0.0358009 -2.49226 -0.737063 0.0224097 0.675453 111.279 
0.633573 0.0255079 0.773263 -1.97188 0.00220299 0.999393 -0.0347723 -2.50104 -0.77368 0.0237343 0.633132 111.492 
0.588663 0.023674 0.808032 -1.65758 0.00342667 0.999489 -0.0317797 -2.51548 -0.808371 0.0214764 0.588281 111.686 
0.541504 0.0219528 0.840411 -1.37497 0.00413018 0.999578 -0.0287716 -2.53525 -0.840688 0.019051 0.541185 111.843 
0.492841 0.0195606 0.8699 -1.03092 0.00577738 0.999652 -0.0257513 -2.55035 -0.8701 0.017717 0.492556 112.006 
0.441243 0.0156689 0.897251 -0.678404 0.00825529 0.999734 -0.0215182 -2.56872 -0.89735 0.0169019 0.440996 112.147 
0.388831 0.015929 0.921171 -0.312774 0.0056421 0.999791 -0.01967 -2.58666 -0.921292 0.0128457 0.38866 112.279 
0.336597 0.0206496 0.941422 0.0492501 0.00203983 0.999741 -0.0226581 -2.60355 -0.941647 0.00954698 0.336468 112.398 
0.285458 0.0260136 0.958038 0.429484 0.00148346 0.999618 -0.0275846 -2.61271 -0.95839 0.00929544 0.28531 112.491 
0.23841 0.0280147 0.97076 0.818133 0.00297188 0.999558 -0.0295756 -2.62986 -0.97116 0.00993612 0.238222 112.562 
0.196704 0.0275153 0.980077 1.22829 0.0104092 0.999491 -0.0301495 -2.64795 -0.980408 0.0161324 0.196318 112.617 
0.161559 0.0276439 0.986476 1.65739 0.0181673 0.999355 -0.0309801 -2.66122 -0.986696 0.0229267 0.160952 112.654 
0.131131 0.028948 0.990942 2.1015 0.0225346 0.999228 -0.032172 -2.67099 -0.991109 0.0265492 0.130377 112.692 
0.102839 0.0275312 0.994317 2.5601 0.0202493 0.999352 -0.0297649 -2.68964 -0.994492 0.0231952 0.102215 112.73 
0.0774106 0.0240216 0.99671 3.03962 0.0141376 0.999583 -0.0251888 -2.70516 -0.996899 0.016041 0.0770387 112.769 
0.0530609 0.0199733 0.998392 3.55307 0.00886122 0.999751 -0.0204714 -2.72499 -0.998552 0.00993319 0.0528707 112.809 
0.0303519 0.0175348 0.999385 4.07593 0.0127301 0.999758 -0.0179279 -2.74563 -0.999458 0.0132665 0.0301213 112.819 
0.00993314 0.0184906 0.99978 4.61208 0.0203018 0.999619 -0.0186893 -2.7609 -0.999745 0.0204829 0.00955396 112.811 
-0.00744566 0.0206942 0.999758 5.15939 0.0253572 0.999468 -0.0204993 -2.78274 -0.999651 0.0251984 -0.00796645 112.798 
-0.0217865 0.0263272 0.999416 5.73509 0.0257229 0.999337 -0.0257643 -2.79495 -0.999432 0.0251466 -0.0224493 112.787 
-0.0330139 0.0308512 0.998979 6.33588 0.0224909 0.999293 -0.0301176 -2.81251 -0.999202 0.0214737 -0.0336844 112.783 
-0.0395499 0.0307728 0.998744 6.96438 0.0253433 0.999235 -0.0297843 -2.82566 -0.998896 0.0241335 -0.0402995 112.772 
-0.0421899 0.0275505 0.99873 7.60087 0.0318831 0.999148 -0.0262151 -2.84853 -0.998601 0.0307366 -0.0430323 112.744 
-0.0415539 0.0260873 0.998796 8.26408 0.0339122 0.99912 -0.0246848 -2.86841 -0.998561 0.0328456 -0.042402 112.726 
-0.0396265 0.0257427 0.998883 8.95132 0.0325471 0.999171 -0.0244589 -2.89137 -0.998684 0.0315415 -0.0404315 112.711 
-0.0381405 0.0258441 0.998938 9.64408 0.0289242 0.999275 -0.0247484 -2.91876 -0.998854 0.0279496 -0.0388604 112.703 
-0.0369275 0.0273809 0.998943 10.3631 0.0281457 0.999257 -0.026349 -2.9337 -0.998922 0.027143 -0.0376707 112.697 
-0.0360545 0.028179 0.998953 11.0888 0.0280091 0.999238 -0.0271761 -2.96058 -0.998957 0.0269999 -0.0368163 112.687 
-0.035086 0.0276824 0.999001 11.8419 0.0275049 0.999264 -0.0267237 -2.9863 -0.999006 0.0265398 -0.0358216 112.674 
-0.0346282 0.0263055 0.999054 12.5971 0.0266471 0.999322 -0.025389 -3.01852 -0.999045 0.0257427 -0.0353057 112.669 
-0.0337882 0.0250364 0.999115 13.3712 0.0278853 0.999321 -0.0240985 -3.04349 -0.99904 0.0270464 -0.0344634 112.651 
-0.0345517 0.0228395 0.999142 14.1542 0.0281761 0.999364 -0.0218701 -3.07439 -0.999006 0.0273963 -0.0351732 112.638 
-0.0356879 0.0211783 0.999139 14.9573 0.0252536 0.999475 -0.0202834 -3.10066 -0.999044 0.024508 -0.036204 112.627 
-0.0368459 0.0201209 0.999118 15.7534 0.0244104 0.999517 -0.0192287 -3.127 -0.999023 0.0236804 -0.0373192 112.613 
-0.0377065 0.0176513 0.999133 16.5716 0.0267158 0.999504 -0.0166496 -3.14902 -0.998932 0.0260648 -0.0381593 112.586 
-0.0389911 0.0161077 0.99911 17.3832 0.0279393 0.999497 -0.0150235 -3.17326 -0.998849 0.0273286 -0.0394215 112.567 
-0.0408877 0.0152811 0.999047 18.2226 0.0253332 0.999578 -0.0142524 -3.20216 -0.998843 0.0247263 -0.0412576 112.555 
-0.0419537 0.0199629 0.99892 19.0491 0.0223174 0.99957 -0.0190385 -3.22471 -0.99887 0.0214945 -0.0423811 112.536 
-0.0426855 0.0247244 0.998783 19.8795 0.0236396 0.999439 -0.0237303 -3.25137 -0.998809 0.0225978 -0.043246 112.515 
-0.0437213 0.0260715 0.998704 20.7305 0.0240626 0.999397 -0.0250362 -3.28612 -0.998754 0.0229368 -0.0443223 112.489 
-0.0452878 0.024024 0.998685 21.5834 0.0207931 0.999517 -0.0231011 -3.31387 -0.998758 0.0197196 -0.0457655 112.472 
-0.0466447 0.0200968 0.998709 22.4401 0.0177329 0.999657 -0.0192876 -3.34091 -0.998754 0.0168104 -0.046985 112.458 
-0.0465464 0.0145564 0.99881 23.2951 0.016665 0.999766 -0.0137937 -3.37673 -0.998777 0.0160031 -0.0467781 112.428 
-0.0466929 0.00891771 0.99887 24.1562 0.0129622 0.999881 -0.00832078 -3.40066 -0.998825 0.012559 -0.0468029 112.405 
-0.0464871 0.00798939 0.998887 25.0102 0.0103199 0.999919 -0.00751732 -3.42478 -0.998866 0.00995893 -0.0465657 112.379 
-0.0454794 0.0146484 0.998858 25.8536 0.0130806 0.999816 -0.0140668 -3.45736 -0.99888 0.012426 -0.0456626 112.354 
-0.0446085 0.0256703 0.998675 26.6906 0.0150161 0.999574 -0.0250226 -3.48528 -0.998892 0.0138799 -0.044975 112.33 
-0.0442753 0.0310392 0.998537 27.5413 0.0168162 0.999399 -0.0303203 -3.51084 -0.998878 0.0154492 -0.0447707 112.312 
-0.0425669 0.0255266 0.998768 28.3746 0.0183871 0.999524 -0.0247623 -3.54653 -0.998924 0.0173103 -0.043016 112.279 
-0.0412612 0.0176643 0.998992 29.2177 0.0216023 0.999626 -0.0167832 -3.5805 -0.998915 0.020888 -0.0416273 112.246 
-0.0406121 0.0147669 0.999066 30.053 0.0228242 0.999644 -0.0138476 -3.61165 -0.998914 0.0222405 -0.0409347 112.223 
-0.0406281 0.01542 0.999055 30.8704 0.0222729 0.999646 -0.0145233 -3.64064 -0.998926 0.0216618 -0.0409572 112.208 
-0.0415241 0.0164105 0.999003 31.6799 0.0196455 0.999685 -0.0156051 -3.66699 -0.998944 0.0189779 -0.0418334 112.195 
-0.0437684 0.0162022 0.99891 32.498 0.0171691 0.999733 -0.0154633 -3.69726 -0.998894 0.0164736 -0.0440349 112.184 
-0.045887 0.0163895 0.998812 33.3113 0.0170457 0.999733 -0.0156214 -3.72207 -0.998801 0.0163086 -0.0461541 112.159 
-0.0476528 0.0170041 0.998719 34.1311 0.0166481 0.99973 -0.0162269 -3.75143 -0.998725 0.0158535 -0.0479231 112.128 
-0.0495178 0.0171225 0.998627 34.9312 0.014716 0.999757 -0.0164121 -3.77961 -0.998665 0.013883 -0.0497577 112.105 
-0.0514234 0.0165753 0.998539 35.7307 0.013303 0.999785 -0.0159108 -3.8059 -0.998588 0.0124654 -0.0516328 112.081 
-0.0534911 0.0153119 0.998451 36.526 0.0139622 0.999796 -0.0145845 -3.83557 -0.998471 0.0131604 -0.0536939 112.053 
-0.0553958 0.0155435 0.998344 37.3128 0.0140672 0.999792 -0.0147855 -3.86421 -0.998365 0.0132248 -0.0556029 112.025 
-0.0570497 0.016788 0.99823 38.1022 0.0145256 0.999767 -0.0159837 -3.8903 -0.998266 0.013588 -0.0572803 111.993 
-0.0577264 0.016954 0.998189 38.8885 0.014621 0.999763 -0.0161351 -3.91808 -0.998225 0.0136631 -0.0579606 111.959 
-0.0586615 0.0157026 0.998154 39.6722 0.0165488 0.999754 -0.0147552 -3.94758 -0.998141 0.0156527 -0.058907 111.92 
-0.0602616 0.0150973 0.998068 40.4474 0.0168464 0.999759 -0.0141056 -3.97454 -0.99804 0.0159638 -0.0605014 111.888 
-0.0614889 0.014362 0.998004 41.2142 0.0152767 0.999793 -0.0134465 -4.0039 -0.997991 0.0144194 -0.0616956 111.856 
-0.0629461 0.0133927 0.997927 41.9711 0.0134196 0.999831 -0.0125718 -4.03193 -0.997927 0.0126004 -0.0631152 111.831 
-0.0636869 0.0121034 0.997897 42.7131 0.0121819 0.999861 -0.0113498 -4.05699 -0.997896 0.0114334 -0.0638255 111.8 
-0.064392 0.0118718 0.997854 43.4355 0.0116047 0.999871 -0.0111469 -4.07763 -0.997857 0.010862 -0.0645215 111.769 
-0.0644529 0.0143109 0.997818 44.1411 0.0119694 0.999836 -0.0135666 -4.1048 -0.997849 0.0110689 -0.0646137 111.733 
-0.064651 0.0168221 0.997766 44.8439 0.0114094 0.999805 -0.0161171 -4.13025 -0.997843 0.0103419 -0.0648303 111.703 
-0.0645178 0.0186926 0.997742 45.5415 0.00984711 0.999788 -0.0180941 -4.15549 -0.997868 0.00865748 -0.0646882 111.671 
-0.0642627 0.0196545 0.997739 46.2385 0.0102572 0.999766 -0.0190338 -4.17991 -0.99788 0.00901088 -0.0644493 111.635 
-0.0642145 0.0196177 0.997743 46.9465 0.0122932 0.999746 -0.0188659 -4.20455 -0.99786 0.011054 -0.0644394 111.601 
-0.0644406 0.0193774 0.997733 47.645 0.0133571 0.999739 -0.0185536 -4.22522 -0.997832 0.0121312 -0.0646826 111.566 
-0.0645568 0.0197161 0.997719 48.3308 0.0101597 0.999766 -0.0190991 -4.25055 -0.997862 0.00890357 -0.064742 111.54 
-0.0641475 0.0198683 0.997743 49.0146 0.00775948 0.999782 -0.01941 -4.27976 -0.99791 0.00649686 -0.0642876 111.512 
-0.0641899 0.0186266 0.997764 49.7044 0.00952394 0.999792 -0.0180518 -4.30319 -0.997892 0.0083439 -0.064354 111.479 
-0.0648835 0.0179598 0.997731 50.3866 0.00989487 0.9998 -0.0173536 -4.33048 -0.997844 0.00874646 -0.0650483 111.442 
-0.06861 0.0175592 0.997489 51.0694 0.00718879 0.999828 -0.0171059 -4.35625 -0.997618 0.0059971 -0.0687244 111.415 
-0.0737381 0.0171566 0.99713 51.7473 0.00326051 0.999851 -0.0169622 -4.38288 -0.997272 0.00200038 -0.0737831 111.382 
-0.0796066 0.021227 0.9966 52.4236 0.0072388 0.999759 -0.020716 -4.40294 -0.9968 0.00556506 -0.0797411 111.338 
-0.0857449 0.02389 0.996031 53.0928 0.00965898 0.999685 -0.0231462 -4.4274 -0.99627 0.00763598 -0.0859487 111.277 
-0.0930302 0.0256657 0.995332 53.7628 0.00888767 0.999649 -0.0249463 -4.44838 -0.995624 0.00652542 -0.0932257 111.225 
-0.0993514 0.0247512 0.994745 54.4441 0.00509952 0.99969 -0.0243649 -4.47605 -0.995039 0.00265202 -0.0994468 111.175 
-0.10444 0.0236925 0.994249 55.134 0.00484417 0.999717 -0.0233139 -4.50247 -0.994519 0.00238141 -0.104525 111.111 
-0.109112 0.0240715 0.993738 55.8268 0.00224722 0.99971 -0.0239693 -4.53007 -0.994027 -0.000382188 -0.109134 111.049 
-0.112986 0.0239129 0.993309 56.5297 0.000553356 0.999712 -0.0240041 -4.55073 -0.993597 -0.00216247 -0.112966 110.987 
-0.115651 0.0206256 0.993076 57.2394 0.000964592 0.999786 -0.0206526 -4.57309 -0.993289 -0.00143058 -0.115646 110.918 
-0.117018 0.0176252 0.992973 57.9486 0.00314592 0.999844 -0.0173764 -4.59688 -0.993125 0.00109046 -0.117055 110.84 
-0.118514 0.0149792 0.992839 58.6733 0.00320326 0.999887 -0.0147031 -4.61985 -0.992947 0.00143779 -0.118549 110.77 
-0.119595 0.0149515 0.99271 59.3994 0.00261456 0.999888 -0.0147446 -4.64198 -0.992819 0.000832121 -0.11962 110.694 
-0.119663 0.0190373 0.992632 60.1281 0.0046601 0.999816 -0.0186132 -4.66092 -0.992804 0.00239845 -0.11973 110.614 
-0.119603 0.0228272 0.992559 60.8622 0.0100809 0.999712 -0.0217769 -4.6843 -0.992771 0.00740131 -0.119799 110.532 
-0.119835 0.0274915 0.992413 61.6074 0.0174136 0.999521 -0.0255857 -4.71494 -0.992641 0.0142154 -0.120256 110.44 
-0.120283 0.0287016 0.992325 62.3488 0.0178164 0.999483 -0.026749 -4.74172 -0.99258 0.0144622 -0.120733 110.36 
-0.120237 0.0264347 0.992393 63.1022 0.0162678 0.999564 -0.0246547 -4.77324 -0.992612 0.0131797 -0.120614 110.282 
-0.120097 0.0214144 0.992531 63.8576 0.0162614 0.999676 -0.0196008 -4.80301 -0.992629 0.0137859 -0.120406 110.205 
-0.119648 0.0193011 0.992629 64.6084 0.0187182 0.999677 -0.0171819 -4.83346 -0.99264 0.0165245 -0.11997 110.117 
-0.12049 0.0191889 0.992529 65.3604 0.018739 0.999679 -0.0170523 -4.85753 -0.992538 0.0165444 -0.120811 110.034 
-0.122351 0.0197936 0.99229 66.1027 0.0174505 0.99969 -0.0177895 -4.88786 -0.992334 0.0151394 -0.122658 109.961 
-0.124414 0.0205964 0.992017 66.8435 0.0168141 0.999685 -0.0186468 -4.91355 -0.992088 0.0143599 -0.124721 109.882 
-0.126478 0.0208704 0.99175 67.5921 0.0182233 0.999659 -0.0187127 -4.93894 -0.991802 0.0157062 -0.126815 109.796 
-0.128159 0.0208412 0.991535 68.3264 0.0188013 0.999651 -0.0185817 -4.96936 -0.991575 0.0162607 -0.128506 109.711 
-0.130275 0.0203097 0.99127 69.0803 0.0182654 0.99967 -0.0180812 -4.99691 -0.99131 0.0157504 -0.130603 109.626 
-0.131649 0.0205997 0.991082 69.8324 0.0156481 0.999703 -0.0187003 -5.02177 -0.991173 0.0130467 -0.131932 109.538 
-0.132633 0.0220258 0.990921 70.5832 0.0162617 0.999667 -0.0200436 -5.05122 -0.991032 0.0134556 -0.132947 109.453 
-0.133559 0.0227263 0.99078 71.3537 0.0155127 0.999663 -0.0208389 -5.07446 -0.990919 0.0125865 -0.133867 109.37 
-0.135086 0.0234307 0.990557 72.1223 0.0153658 0.99965 -0.0215503 -5.09426 -0.990715 0.0123096 -0.135399 109.288 
-0.136217 0.0218138 0.990439 72.9093 0.0159959 0.999676 -0.0198172 -5.1219 -0.99055 0.0131436 -0.136521 109.198 
-0.137374 0.0193552 0.99033 73.712 0.0137657 0.99975 -0.0176298 -5.15144 -0.990424 0.0112107 -0.137606 109.106 
-0.139148 0.0174936 0.990117 74.5072 0.0111098 0.999809 -0.0161035 -5.17281 -0.990209 0.00875923 -0.139316 109.02 
-0.141154 0.0170016 0.989842 75.302 0.0129156 0.999799 -0.0153308 -5.19709 -0.989903 0.0106204 -0.141345 108.921 
-0.14289 0.0174432 0.989585 76.098 0.0142537 0.999777 -0.0155647 -5.22816 -0.989636 0.0118812 -0.143107 108.818 
-0.145504 0.0186476 0.989182 76.9033 0.013216 0.99977 -0.0169031 -5.25123 -0.989269 0.0106135 -0.145717 108.723 
-0.147022 0.0223288 0.988881 77.717 0.015175 0.999678 -0.0203164 -5.27935 -0.989017 0.0120193 -0.147314 108.619 
-0.147168 0.0261666 0.988765 78.5277 0.0169394 0.99957 -0.0239312 -5.31163 -0.988966 0.0132272 -0.147548 108.504 
-0.148429 0.0304343 0.988455 79.3466 0.0182767 0.99944 -0.0280281 -5.33823 -0.988754 0.0139055 -0.148902 108.402 
-0.148553 0.0311283 0.988414 80.1569 0.0203675 0.999389 -0.0284127 -5.37502 -0.988695 0.0159107 -0.149097 108.292 
-0.148005 0.0307483 0.988509 80.9946 0.0241718 0.99933 -0.0274658 -5.40578 -0.988691 0.019829 -0.148649 108.176 
-0.147899 0.0287763 0.988584 81.8413 0.0251514 0.999363 -0.0253272 -5.44153 -0.988683 0.0211184 -0.148528 108.066 
-0.147323 0.0273601 0.98871 82.6837 0.0247353 0.999407 -0.0239704 -5.47449 -0.988779 0.0209246 -0.147913 107.959 
-0.14558 0.0247692 0.989036 83.535 0.0234344 0.999492 -0.0215817 -5.511 -0.989069 0.0200356 -0.146087 107.852 
-0.144129 0.0217206 0.989321 84.3961 0.0242183 0.999537 -0.0184166 -5.54108 -0.989263 0.0213053 -0.144588 107.749 
-0.14251 0.018553 0.989619 85.253 0.0246803 0.99958 -0.0151856 -5.56822 -0.989486 0.02226 -0.142909 107.643 
-0.141138 0.0183531 0.98982 86.1167 0.0227715 0.999624 -0.0152878 -5.59749 -0.989728 0.020382 -0.141502 107.546 
-0.13982 0.0225236 0.989921 86.9737 0.0234426 0.999536 -0.0194312 -5.62833 -0.989899 0.0204894 -0.140283 107.443 
-0.137932 0.0286641 0.990027 87.8255 0.0242649 0.999379 -0.0255543 -5.66115 -0.990144 0.0204981 -0.138542 107.341 
-0.13645 0.0320193 0.990129 88.6835 0.0223135 0.999323 -0.0292416 -5.70097 -0.990396 0.0181032 -0.137072 107.238 
-0.135016 0.0300128 0.990389 89.5491 0.0210076 0.999403 -0.0274221 -5.7288 -0.990621 0.0171032 -0.135566 107.139 
-0.133642 0.0274549 0.990649 90.4051 0.0215361 0.999461 -0.0247937 -5.76681 -0.990796 0.0180213 -0.134162 107.037 
-0.133047 0.0258243 0.990773 91.2755 0.0222407 0.999487 -0.0230647 -5.8017 -0.99086 0.0189668 -0.133553 106.939 
-0.131852 0.0256292 0.990938 92.1388 0.0219529 0.999496 -0.0229295 -5.83546 -0.991026 0.0187306 -0.132348 106.833 
-0.13141 0.0254643 0.991001 93.0067 0.0213314 0.999511 -0.0228543 -5.8738 -0.991099 0.0181362 -0.131889 106.738 
-0.130495 0.0236856 0.991166 93.8735 0.0239606 0.999498 -0.0207301 -5.90689 -0.991159 0.0210438 -0.130997 106.635 
-0.129166 0.0229745 0.991357 94.7461 0.0267021 0.99945 -0.019683 -5.94194 -0.991264 0.0239289 -0.129708 106.532 
-0.127935 0.0244978 0.99148 95.6231 0.0290699 0.999358 -0.0209414 -5.97403 -0.991356 0.0261431 -0.128565 106.42 
-0.126941 0.0266542 0.991552 96.4936 0.0297512 0.999291 -0.0230534 -6.00577 -0.991464 0.0265735 -0.127644 106.322 
-0.125762 0.0281256 0.991662 97.3611 0.0267913 0.99933 -0.0249454 -6.03932 -0.991699 0.0234307 -0.126431 106.222 
-0.124801 0.0242054 0.991887 98.2203 0.0220041 0.999524 -0.0216231 -6.07006 -0.991938 0.019127 -0.125274 106.128 
-0.124812 0.0222537 0.991931 99.0812 0.0177372 0.999639 -0.0201947 -6.10644 -0.992022 0.0150735 -0.125162 106.045 
-0.125931 0.0223841 0.991786 99.9285 0.0143454 0.999682 -0.0207408 -6.1458 -0.991935 0.0116157 -0.126212 105.96 
-0.127145 0.0269573 0.991518 100.772 0.0112195 0.999606 -0.0257384 -6.18078 -0.991821 0.00785183 -0.127397 105.873 
-0.127781 0.0293336 0.991369 101.612 0.010703 0.999545 -0.0281959 -6.21849 -0.991745 0.00700768 -0.128037 105.78 
-0.127951 0.0296004 0.991339 102.454 0.0114987 0.999532 -0.0283609 -6.25793 -0.991714 0.00777027 -0.128231 105.681 
-0.128086 0.0290209 0.991338 103.288 0.0130349 0.999535 -0.0275766 -6.29923 -0.991677 0.00938983 -0.128405 105.583 
-0.128881 0.0293549 0.991226 104.111 0.0144774 0.999511 -0.0277178 -6.34087 -0.991554 0.0107781 -0.129243 105.492 
-0.128854 0.0322977 0.991138 104.925 0.0161676 0.999405 -0.0304652 -6.38431 -0.991532 0.0120987 -0.129299 105.393 
-0.129265 0.0336677 0.991038 105.742 0.0155926 0.999369 -0.0319169 -6.42549 -0.991487 0.0113272 -0.129709 105.298 
-0.130624 0.034121 0.990845 106.56 0.0141673 0.99937 -0.0325468 -6.46241 -0.991331 0.00978618 -0.131025 105.215 
-0.132643 0.033023 0.990614 107.363 0.0123327 0.999422 -0.0316652 -6.5032 -0.991087 0.00801676 -0.132973 105.118 
-0.136064 0.034223 0.990109 108.168 0.0124526 0.999383 -0.0328322 -6.5455 -0.990622 0.0078621 -0.136407 105.032 
-0.139591 0.0370195 0.989517 108.963 0.011943 0.999291 -0.0357003 -6.58648 -0.990137 0.0068344 -0.139934 104.942 
-0.142916 0.0384265 0.988989 109.752 0.0107856 0.999247 -0.0372664 -6.62609 -0.989676 0.00534084 -0.143223 104.846 
-0.145965 0.0384149 0.988544 110.53 0.0109171 0.999248 -0.0372189 -6.66891 -0.98923 0.00535935 -0.146274 104.742 
-0.148931 0.0370563 0.988153 111.316 0.0123139 0.99929 -0.035618 -6.71154 -0.988771 0.00686341 -0.149281 104.64 
-0.151146 0.0378331 0.987787 112.09 0.0138595 0.99925 -0.0361514 -6.75418 -0.988414 0.00822613 -0.151557 104.53 
-0.153058 0.0424027 0.987307 112.863 0.00948531 0.999096 -0.0414385 -6.79885 -0.988172 0.00302242 -0.153322 104.433 
-0.154446 0.0489715 0.986787 113.624 0.00704842 0.9988 -0.0484645 -6.84991 -0.987976 -0.000529862 -0.154606 104.329 
-0.157033 0.0521176 0.986217 114.386 0.0112852 0.998636 -0.0509769 -6.89212 -0.987529 0.0031246 -0.157407 104.216 
-0.159521 0.0505152 0.985901 115.158 0.0134219 0.998709 -0.0489997 -6.93329 -0.987103 0.00541622 -0.159993 104.099 
-0.162634 0.0424876 0.985771 115.932 0.0121331 0.999083 -0.0410595 -6.98838 -0.986612 0.00528281 -0.163001 103.988 
-0.16491 0.0403823 0.985482 116.702 0.0113519 0.999173 -0.0390436 -7.03685 -0.986243 0.00474835 -0.165232 103.875 
-0.16624 0.043362 0.985132 117.46 0.0109114 0.999052 -0.0421335 -7.08091 -0.986025 0.00374489 -0.166555 103.754 
-0.169109 0.0470719 0.984473 118.218 0.00854538 0.998891 -0.0462934 -7.11975 -0.98556 0.00058406 -0.169324 103.642 
-0.171667 0.0495711 0.983907 118.967 0.00818763 0.998771 -0.0488914 -7.16829 -0.985121 -0.000337179 -0.171862 103.527 
-0.173285 0.0536399 0.98341 119.715 0.0122632 0.998556 -0.0523051 -7.22174 -0.984795 0.00299606 -0.173693 103.403 
-0.175129 0.058409 0.982811 120.457 0.0124726 0.99829 -0.0571063 -7.26826 -0.984467 0.0022572 -0.175558 103.283 
-0.178404 0.0608451 0.982074 121.216 0.0115243 0.998147 -0.0597474 -7.31736 -0.98389 0.000658557 -0.178774 103.172 
-0.181133 0.0589377 0.981691 121.965 0.0131844 0.998259 -0.0574996 -7.36256 -0.98337 0.00252791 -0.181595 103.058 
-0.185101 0.0555429 0.981149 122.714 0.0170242 0.998433 -0.0533095 -7.41692 -0.982572 0.00683562 -0.185757 102.927 
-0.190953 0.0543417 0.980094 123.458 0.0192517 0.998482 -0.0516103 -7.46562 -0.98141 0.00901327 -0.19171 102.794 
-0.197139 0.0534522 0.978917 124.193 0.0180953 0.998541 -0.0508796 -7.51192 -0.980209 0.00768348 -0.197819 102.662 
-0.205067 0.053875 0.977264 124.922 0.0170826 0.998529 -0.0514627 -7.56145 -0.978599 0.00614093 -0.205686 102.517 
-0.21599 0.0544401 0.974877 125.641 0.0167732 0.998504 -0.0520433 -7.60919 -0.976252 0.00511095 -0.21658 102.376 
-0.227669 0.0557183 0.972143 126.363 0.0172372 0.998436 -0.0531884 -7.6549 -0.973586 0.00464765 -0.228273 102.213 
-0.24062 0.0562993 0.968985 127.073 0.0183884 0.998402 -0.0534421 -7.70597 -0.970445 0.00495879 -0.241271 102.052 
-0.25254 0.0565606 0.965932 127.779 0.0213878 0.998372 -0.0528683 -7.75254 -0.96735 0.00730778 -0.253339 101.873 
-0.26322 0.0572024 0.963039 128.478 0.024722 0.998313 -0.0525405 -7.79602 -0.964419 0.00997855 -0.26419 101.68 
-0.273958 0.0570752 0.960047 129.182 0.0291314 0.998272 -0.0510347 -7.84631 -0.9613 0.0139861 -0.275147 101.496 
-0.282891 0.0577478 0.957412 129.876 0.0350709 0.998141 -0.0498419 -7.89555 -0.958511 0.0194774 -0.28439 101.292 
-0.290605 0.0577513 0.955099 130.565 0.0407368 0.998019 -0.0479516 -7.94607 -0.955976 0.0249728 -0.292381 101.087 
-0.296956 0.0579866 0.953129 131.252 0.0406977 0.998016 -0.0480377 -7.99144 -0.954023 0.0245251 -0.298727 100.883 
-0.301331 0.0556996 0.951892 131.932 0.0444458 0.998028 -0.0443294 -8.04021 -0.952483 0.0289498 -0.303212 100.67 
-0.302945 0.0536059 0.951499 132.611 0.0508517 0.997904 -0.0400297 -8.07522 -0.95165 0.0362585 -0.305036 100.45 
-0.303776 0.0525638 0.951292 133.285 0.0574714 0.99767 -0.036774 -8.11556 -0.951008 0.0435011 -0.306089 100.231 
-0.304539 0.0513454 0.951115 133.963 0.0598328 0.997605 -0.0346972 -8.15467 -0.950619 0.0463412 -0.306881 100.018 
-0.304279 0.0566103 0.950899 134.616 0.062985 0.997244 -0.0392147 -8.19764 -0.950498 0.0479602 -0.307006 99.8139 
-0.302928 0.0600937 0.951117 135.272 0.0628457 0.997097 -0.0429826 -8.23285 -0.950939 0.0467529 -0.305825 99.6142 
-0.302116 0.0597835 0.951395 135.931 0.0650702 0.996997 -0.0419859 -8.27504 -0.951048 0.0492227 -0.305099 99.4142 
-0.300295 0.0587378 0.952036 136.591 0.0657532 0.997003 -0.0407719 -8.30812 -0.951577 0.0503558 -0.303257 99.2136 
-0.298041 0.0558458 0.952918 137.244 0.0674373 0.997025 -0.0373385 -8.35396 -0.952168 0.0531338 -0.30092 99.0126 
-0.296745 0.0564156 0.953289 137.886 0.0678769 0.996975 -0.0378718 -8.39439 -0.952541 0.053468 -0.299677 98.8219 
-0.294347 0.0587884 0.953889 138.519 0.069108 0.996803 -0.0401081 -8.43306 -0.953197 0.0541156 -0.297469 98.6395 
-0.289807 0.0600235 0.955201 139.156 0.0706943 0.996648 -0.0411793 -8.47541 -0.954471 0.0555932 -0.293079 98.451 
-0.284496 0.0593396 0.956839 139.794 0.0711968 0.996634 -0.0406386 -8.5115 -0.95603 0.0565624 -0.287763 98.2724 
-0.279214 0.0575521 0.958503 140.425 0.0727767 0.9966 -0.0386395 -8.55121 -0.957467 0.0589679 -0.282453 98.0993 
-0.274665 0.0558243 0.959918 141.059 0.0729517 0.996646 -0.0370862 -8.58658 -0.958769 0.0598413 -0.277816 97.9352 
-0.270447 0.054193 0.961208 141.66 0.0724003 0.996732 -0.0358251 -8.63219 -0.960009 0.059903 -0.273487 97.7694 
-0.266677 0.0528527 0.962336 142.274 0.0732699 0.996717 -0.0344368 -8.66655 -0.960997 0.0613268 -0.269674 97.6076 
-0.263317 0.0514848 0.963335 142.897 0.0755166 0.996611 -0.0326216 -8.69426 -0.961749 0.0641579 -0.266313 97.454 
-0.259418 0.0499052 0.964475 143.503 0.0778612 0.996494 -0.0306194 -8.72909 -0.962622 0.067152 -0.262394 97.2931 
-0.255907 0.0484277 0.965488 144.099 0.0763739 0.996635 -0.0297468 -8.76471 -0.96368 0.0661257 -0.258745 97.1449 
-0.252665 0.0492142 0.966301 144.685 0.0740238 0.996762 -0.0314101 -8.80568 -0.964718 0.0635931 -0.25549 97.0147 
-0.248126 0.052125 0.967325 145.275 0.0752642 0.99657 -0.0343951 -8.84542 -0.9658 0.0642706 -0.251198 96.8764 
-0.242313 0.0555011 0.968609 145.865 0.0770895 0.996307 -0.037803 -8.87729 -0.967131 0.0655095 -0.245696 96.7362 
-0.235947 0.0561495 0.970143 146.448 0.0763627 0.996314 -0.0390922 -8.9138 -0.968761 0.064859 -0.239364 96.6121 
-0.227267 0.0547396 0.972293 147.034 0.0733584 0.996544 -0.0389579 -8.94669 -0.971066 0.062472 -0.230497 96.4917 
