1 2.12261e-08 -2.11895e-08 0 2.12261e-08 1 2.10703e-08 0 -2.11895e-08 2.10703e-08 1 0 
0.999997 0.00128816 0.0019376 -0.0215867 -0.00128633 0.999999 -0.000926515 -0.020781 -0.00193884 0.000924062 0.999998 1.21539 
0.999994 0.0017599 0.00303287 -0.0361244 -0.00175851 0.999998 -0.000446946 -0.0416707 -0.0030337 0.000441652 0.999995 2.41935 
0.999989 0.00167054 0.00431985 -0.0576903 -0.00167016 0.999999 -8.18887e-05 -0.0618467 -0.00432003 7.4715e-05 0.999991 3.62531 
0.999988 0.00078104 0.00481274 -0.0709171 -0.000781694 1 0.000143013 -0.089905 -0.00481267 -0.000146731 0.999988 4.82222 
0.999985 0.000367725 0.00546054 -0.0765534 -0.000368018 1 6.06092e-05 -0.107983 -0.00546056 -6.25758e-05 0.999985 6.0452 
0.999983 0.000777752 0.00578593 -0.0841899 -0.000771804 0.999999 -0.00102276 -0.129386 -0.00578677 0.00101832 0.999983 7.25463 
0.999981 1.30345e-05 0.00620556 -0.095982 -4.98347e-06 0.999999 -0.00129053 -0.154774 -0.00620561 0.00129052 0.99998 8.45369 
0.999982 -0.000555895 0.00604326 -0.106976 0.000555613 1 5.53528e-05 -0.170641 -0.00604333 -5.1952e-05 0.999982 9.66314 
0.999986 -0.00155441 0.0049846 -0.129784 0.00155018 0.999998 0.000862144 -0.190709 -0.00498597 -0.000854363 0.999987 10.8795 
0.999993 -0.00238001 0.00303112 -0.151791 0.00237898 0.999997 0.000358245 -0.208616 -0.00303201 -0.00035099 0.999995 12.0897 
0.999997 -0.00203118 0.00115804 -0.177945 0.00203158 0.999998 -0.000307972 -0.226498 -0.00115746 0.000310366 0.999999 13.2932 
0.999999 -0.00168582 -0.000185215 -0.193654 0.00168584 0.999999 -9.93165e-05 -0.252464 0.00018534 9.90462e-05 1 14.5195 
0.999999 -0.000376272 -0.00125329 -0.212138 0.000375781 1 -0.000425968 -0.272717 0.00125341 0.000425539 0.999999 15.7279 
0.999999 -2.32993e-05 -0.00170855 -0.23825 2.27785e-05 1 -0.000329689 -0.29267 0.00170851 0.000329692 0.999999 16.9407 
0.999998 -0.000707089 -0.00197189 -0.273076 0.000706672 1 -0.000233471 -0.304728 0.00197202 0.000232119 0.999998 18.1668 
0.999996 -0.00112995 -0.00260242 -0.294936 0.00112948 0.999999 -0.000198261 -0.325152 0.0026026 0.000195363 0.999997 19.3959 
0.999994 -0.000978965 -0.0033915 -0.317148 0.000975516 0.999999 -0.00103095 -0.349804 0.00339247 0.00102767 0.999994 20.6201 
0.999991 -0.00107641 -0.00416728 -0.338514 0.00106812 0.999997 -0.00200143 -0.370069 0.00416938 0.001997 0.999989 21.8182 
0.999987 -4.82043e-05 -0.00515548 -0.364777 4.03001e-05 0.999999 -0.00154147 -0.385488 0.00515551 0.00154128 0.999986 23.0291 
0.999983 -6.5858e-05 -0.00588094 -0.39271 5.45002e-05 0.999998 -0.00193863 -0.401586 0.00588101 0.00193832 0.999981 24.2444 
0.999976 -0.000307322 -0.00690827 -0.418905 0.000290274 0.999997 -0.00247476 -0.429349 0.00690897 0.00247274 0.999973 25.4674 
0.999972 0.000315357 -0.00749822 -0.454915 -0.00032687 0.999999 -0.0015399 -0.456356 0.00749768 0.00154235 0.999971 26.6553 
0.999966 -0.000783586 -0.00817166 -0.48439 0.000786403 1 0.00033639 -0.477452 0.00817135 -0.000342763 0.999967 27.8648 
0.999955 -0.00135951 -0.0093782 -0.516089 0.0013634 0.999999 0.000404569 -0.498811 0.0093776 -0.000417294 0.999956 29.0765 
0.999939 -0.00221762 -0.0108205 -0.536346 0.00221345 0.999998 -0.000400701 -0.520581 0.0108213 0.000376768 0.999941 30.2899 
0.999924 -0.0026317 -0.012054 -0.555943 0.00261451 0.999996 -0.00144499 -0.537662 0.0120577 0.00141341 0.999926 31.5167 
0.999919 -0.00152308 -0.012679 -0.589442 0.00150411 0.999998 -0.00150919 -0.559428 0.0126812 0.00149003 0.999919 32.7439 
0.999911 -0.00238241 -0.0131675 -0.622982 0.00236758 0.999997 -0.00114505 -0.573026 0.0131701 0.00111381 0.999913 33.9593 
0.999896 -0.00337737 -0.0139935 -0.655932 0.00336478 0.999994 -0.000926572 -0.598843 0.0139965 0.000879433 0.999902 35.1659 
0.999885 -0.00371773 -0.0147289 -0.694123 0.00370737 0.999993 -0.000733979 -0.628279 0.0147315 0.000679331 0.999891 36.356 
0.999872 -0.00381428 -0.0155251 -0.724107 0.00379981 0.999992 -0.000963883 -0.644393 0.0155286 0.00090481 0.999879 37.5753 
0.999862 -0.00506076 -0.0158423 -0.760838 0.0050576 0.999987 -0.000242294 -0.674396 0.0158433 0.000162179 0.999875 38.7786 
0.999861 -0.00462791 -0.016023 -0.799674 0.00464432 0.999989 0.000984588 -0.696309 0.0160182 -0.00105882 0.999871 39.9791 
0.999862 -0.00457934 -0.0159518 -0.843832 0.0046168 0.999987 0.00230999 -0.729296 0.015941 -0.00238327 0.99987 41.2089 
0.999866 -0.00405237 -0.0158935 -0.886972 0.00407956 0.99999 0.00167619 -0.747717 0.0158865 -0.00174076 0.999872 42.4341 
0.99987 -0.00390432 -0.0156738 -0.922262 0.00393861 0.99999 0.00215453 -0.784478 0.0156651 -0.00221594 0.999875 43.6845 
0.999887 -0.000956064 -0.0150014 -0.967295 0.00101321 0.999992 0.0037994 -0.797721 0.0149976 -0.00381412 0.99988 44.8953 
0.999907 -0.000907838 -0.0136312 -1.00271 0.000997995 0.999978 0.00660558 -0.808989 0.0136249 -0.00661853 0.999885 46.1088 
0.99993 -0.000352499 -0.0118358 -1.04193 0.000463055 0.999956 0.00933579 -0.822095 0.0118319 -0.00934058 0.999886 47.321 
0.999947 7.83559e-05 -0.0102988 -1.07597 5.14623e-05 0.999921 0.0126002 -0.828401 0.0102989 -0.0126001 0.999868 48.5289 
0.999961 -0.00087558 -0.00876153 -1.10784 0.000998128 0.999902 0.0139878 -0.837311 0.00874838 -0.0139959 0.999864 49.7546 
0.999969 -0.00281298 -0.00739938 -1.13566 0.00290416 0.99992 0.0123349 -0.838407 0.00736404 -0.012356 0.999897 50.9632 
0.999975 -0.00234585 -0.0066703 -1.16014 0.00241809 0.999938 0.0108366 -0.848465 0.00664442 -0.0108524 0.999919 52.1713 
0.999983 -0.00152194 -0.00569085 -1.1962 0.00157937 0.999948 0.0100924 -0.850514 0.00567515 -0.0101012 0.999933 53.3906 
0.999983 -0.00196709 -0.00550846 -1.22361 0.00201855 0.999954 0.00934434 -0.855673 0.00548978 -0.00935525 0.999941 54.5936 
0.999977 -0.00269533 -0.00629169 -1.25226 0.00274736 0.999962 0.00826901 -0.86535 0.00626912 -0.00828606 0.999946 55.8183 
0.999967 -0.00255353 -0.00775974 -1.28533 0.00262026 0.99996 0.00859611 -0.87413 0.00773743 -0.00861611 0.999933 57.0355 
0.999955 -0.00273559 -0.00903864 -1.31945 0.00282656 0.999945 0.0100623 -0.890155 0.00901058 -0.0100874 0.999909 58.2513 
0.999948 -0.00271987 -0.00982186 -1.36197 0.00282315 0.999941 0.0105131 -0.901485 0.00979264 -0.0105403 0.999897 59.4661 
0.99994 -0.00149413 -0.0108105 -1.3942 0.0016028 0.999948 0.0100467 -0.908446 0.0107949 -0.0100633 0.999891 60.6763 
0.999938 -0.00132639 -0.0111044 -1.43423 0.00143789 0.999949 0.0100356 -0.91845 0.0110904 -0.0100509 0.999888 61.8861 
0.999936 -0.00211271 -0.0111142 -1.46484 0.00221668 0.999954 0.0093465 -0.923457 0.0110939 -0.00937049 0.999895 63.1222 
0.99993 -0.00308312 -0.0114589 -1.49136 0.00317747 0.999961 0.00822054 -0.931081 0.011433 -0.00825633 0.999901 64.3495 
0.999924 -0.00290356 -0.0120082 -1.52541 0.0030184 0.99995 0.00955291 -0.939689 0.0119798 -0.00958838 0.999882 65.5631 
0.999919 -0.00322995 -0.0123424 -1.56127 0.00336986 0.99993 0.0113283 -0.95598 0.0123049 -0.0113689 0.99986 66.7644 
0.99992 -0.00276896 -0.0123157 -1.60656 0.00288706 0.99995 0.00957821 -0.961329 0.0122885 -0.00961296 0.999878 67.9689 
0.999932 -0.00109734 -0.0116533 -1.65677 0.00119662 0.999963 0.0085129 -0.975348 0.0116435 -0.00852622 0.999896 69.1638 
0.999934 0.00101826 -0.011434 -1.7027 -0.000916864 0.99996 0.00886613 -0.988325 0.0114425 -0.00885502 0.999895 70.3632 
0.999932 0.00307837 -0.011215 -1.73781 -0.00297682 0.999955 0.00905639 -1.00033 0.0112424 -0.00902235 0.999896 71.5626 
0.999927 0.00500463 -0.0109674 -1.7781 -0.00490348 0.999945 0.00922672 -1.00696 0.011013 -0.00917223 0.999897 72.7604 
0.999933 0.00560249 -0.0101235 -1.80794 -0.00550079 0.999934 0.010042 -1.01599 0.010179 -0.00998556 0.999898 73.9549 
0.999939 0.00762878 -0.00795898 -1.8434 -0.00754306 0.999914 0.010739 -1.02352 0.00804017 -0.0106783 0.999911 75.1467 
0.999965 0.00678209 -0.00500617 -1.87242 -0.00674003 0.999942 0.00836157 -1.03147 0.00506255 -0.00832748 0.999953 76.3437 
0.99999 0.00402862 -0.0021501 -1.89989 -0.00402093 0.999986 0.00354983 -1.04638 0.00216433 -0.0035411 0.999991 77.5158 
0.999987 0.00502821 0.000313316 -1.92164 -0.00502917 0.999982 0.00326352 -1.06463 -0.000296943 -0.00326501 0.999995 78.6954 
0.999988 0.00347082 0.00335076 -1.94426 -0.00349357 0.999971 0.00681932 -1.08381 -0.00332704 -0.00683091 0.999971 79.8675 
0.999956 0.00520476 0.00784058 -1.9758 -0.00526633 0.999955 0.00785876 -1.10158 -0.00779936 -0.00789966 0.999938 81.0167 
0.999906 0.00544371 0.0126091 -1.99207 -0.00552023 0.999967 0.00604517 -1.11096 -0.0125758 -0.00611417 0.999902 82.1801 
0.999853 0.00508322 0.0163626 -2.00138 -0.00513389 0.999982 0.00305873 -1.13163 -0.0163468 -0.00314224 0.999861 83.3709 
0.999788 0.00348374 0.0203031 -2.00288 -0.00347994 0.999994 -0.000220463 -1.15164 -0.0203038 0.000149805 0.999794 84.5214 
0.999703 0.00308361 0.0241898 -2.00531 -0.0030542 0.999995 -0.00125105 -1.17398 -0.0241936 0.00117684 0.999707 85.7035 
0.999597 0.00307326 0.0282121 -2.00503 -0.00309029 0.999995 0.000561507 -1.19913 -0.0282103 -0.000648423 0.999602 86.8816 
0.999457 0.00458402 0.0326397 -2.00907 -0.00461103 0.999989 0.000753694 -1.2169 -0.0326359 -0.000903746 0.999467 88.0476 
0.999312 0.00398431 0.0368734 -1.98959 -0.00394228 0.999992 -0.00121118 -1.24341 -0.0368779 0.00106503 0.999319 89.2196 
0.999178 0.00395243 0.0403359 -1.96483 -0.00381684 0.999987 -0.00343696 -1.26728 -0.040349 0.00328022 0.99918 90.3759 
0.999043 0.00408279 0.0435595 -1.93663 -0.0039234 0.999985 -0.00374283 -1.29303 -0.0435742 0.00356839 0.999044 91.5332 
0.998909 0.00245723 0.0466373 -1.90521 -0.00233801 0.999994 -0.00260993 -1.3148 -0.0466434 0.00249809 0.998909 92.6971 
0.998806 0.00215116 0.0488007 -1.85934 -0.00209721 0.999997 -0.00115587 -1.33231 -0.0488031 0.00105219 0.998808 93.8663 
0.998658 0.00149219 0.0517723 -1.83108 -0.00153125 0.999999 0.000715775 -1.35398 -0.0517712 -0.00079405 0.998659 95.0287 
0.998527 0.00124169 0.0542406 -1.79588 -0.00131935 0.999998 0.0013969 -1.36202 -0.0542388 -0.00146636 0.998527 96.1901 
0.998398 0.000419511 0.0565864 -1.74721 -0.000362727 0.999999 -0.001013 -1.37918 -0.0565869 0.000990887 0.998397 97.3537 
0.998276 -0.00131432 0.0586787 -1.69309 0.00158044 0.999989 -0.00448843 -1.40346 -0.0586722 0.00457347 0.998267 98.5159 
0.998136 0.000147271 0.061036 -1.64986 0.000304986 0.999973 -0.00739957 -1.42789 -0.0610355 0.00740443 0.998108 99.6766 
0.998025 4.63601e-05 0.0628231 -1.6065 0.000457856 0.999968 -0.00801085 -1.4633 -0.0628215 0.00802383 0.997993 100.847 
0.997964 0.000659076 0.0637836 -1.57774 -0.000172633 0.999971 -0.00763099 -1.48763 -0.0637868 0.00760447 0.997935 102.025 
0.997998 0.000959107 0.0632445 -1.52958 -0.000567706 0.999981 -0.0062057 -1.50433 -0.0632492 0.00615741 0.997979 103.24 
0.998059 0.000722318 0.062264 -1.49089 -0.000420972 0.999988 -0.00485209 -1.53049 -0.0622668 0.00481651 0.998048 104.43 
0.998158 0.0012918 0.0606566 -1.44976 -0.00104241 0.999991 -0.0041423 -1.55296 -0.0606614 0.00407148 0.99815 105.673 
0.998284 0.0017191 0.0585348 -1.41082 -0.00151696 0.999993 -0.00349694 -1.58043 -0.0585404 0.00340218 0.998279 106.873 
0.998436 0.00261089 0.0558423 -1.37901 -0.00242144 0.999991 -0.00345927 -1.60911 -0.0558508 0.00331868 0.998434 108.122 
0.998631 0.00365102 0.0521823 -1.34415 -0.00345689 0.999987 -0.00380916 -1.63309 -0.0521955 0.0036236 0.99863 109.336 
0.998816 0.00409863 0.0484831 -1.30641 -0.00393317 0.999986 -0.00350677 -1.65226 -0.0484968 0.00331196 0.998818 110.549 
0.998997 0.00469089 0.0445382 -1.27015 -0.00459284 0.999987 -0.00230248 -1.68274 -0.0445485 0.00209565 0.999005 111.771 
0.999173 0.00479775 0.0403854 -1.23308 -0.00475694 0.999988 -0.00110553 -1.71055 -0.0403903 0.000912542 0.999184 113 
0.999328 0.00491364 0.0363299 -1.23047 -0.00490496 0.999988 -0.00032705 -1.74283 -0.0363311 0.000148675 0.99934 114.306 
0.999472 0.00583457 0.0319609 -1.23015 -0.00582958 0.999983 -0.000247843 -1.7628 -0.0319618 6.14346e-05 0.999489 115.545 
0.9996 0.0066389 0.0274908 -1.23252 -0.00663207 0.999978 -0.000338054 -1.78474 -0.0274925 0.000155639 0.999622 116.791 
0.999713 0.00672195 0.0230019 -1.24066 -0.00670603 0.999977 -0.000767555 -1.80024 -0.0230066 0.000613124 0.999735 118.057 
0.999794 0.00820381 0.0185667 -1.24583 -0.00817639 0.999965 -0.00155018 -1.81989 -0.0185788 0.00139809 0.999826 119.311 
0.999823 0.0102875 0.0157767 -1.27133 -0.0102603 0.999946 -0.00180148 -1.83847 -0.0157944 0.00163932 0.999874 120.567 
0.999821 0.0130405 0.0137001 -1.28165 -0.0130187 0.999914 -0.0016739 -1.86375 -0.0137208 0.00149529 0.999905 121.804 
0.999808 0.0144624 0.0132364 -1.30475 -0.0144355 0.999894 -0.002129 -1.8843 -0.0132659 0.00193756 0.99991 123.078 
0.999786 0.0167977 0.0120999 -1.30629 -0.0167752 0.999857 -0.00195576 -1.90295 -0.012131 0.0017524 0.999925 124.343 
0.999772 0.0178914 0.0116258 -1.32008 -0.0178802 0.99984 -0.00105845 -1.92622 -0.0116429 0.000850381 0.999932 125.594 
0.999778 0.0178382 0.0112322 -1.3305 -0.0178295 0.999841 -0.000868629 -1.9448 -0.011246 0.000668212 0.999937 126.859 
0.999707 0.0219165 0.0102662 -1.33101 -0.0219296 0.999759 0.00116795 -1.95997 -0.0102382 -0.0013927 0.999947 128.118 
0.999689 0.0229466 0.00976252 -1.34796 -0.0229884 0.999727 0.00418754 -1.96738 -0.0096638 -0.00441062 0.999944 129.373 
0.999728 0.0214914 0.0090543 -1.35588 -0.0215261 0.999761 0.00375486 -1.98068 -0.00897149 -0.0039487 0.999952 130.635 
0.999736 0.0212867 0.00859709 -1.37144 -0.0213063 0.999771 0.00220407 -1.99434 -0.00854824 -0.00238662 0.999961 131.92 
0.999805 0.0180808 0.00799862 -1.38734 -0.0181082 0.99983 0.00337622 -2.01244 -0.00793626 -0.00352036 0.999962 133.205 
0.999847 0.0160869 0.00686794 -1.39935 -0.0161241 0.999855 0.00541098 -2.02584 -0.00677994 -0.00552085 0.999962 134.485 
0.999915 0.0112641 0.00655956 -1.40566 -0.0113096 0.999912 0.00694018 -2.03332 -0.00648085 -0.00701373 0.999954 135.786 
0.999936 0.00958619 0.00607312 -1.4204 -0.0096346 0.999922 0.00800046 -2.04904 -0.00599599 -0.00805842 0.99995 137.069 
0.999963 0.00580627 0.00642939 -1.43141 -0.00584648 0.999963 0.0062595 -2.06204 -0.00639285 -0.00629682 0.99996 138.353 
0.999973 0.00295679 0.00671802 -1.44259 -0.0029915 0.999982 0.00517016 -2.07275 -0.00670265 -0.00519007 0.999964 139.623 
0.999976 0.00158233 0.00669045 -1.45038 -0.00161433 0.999987 0.00478641 -2.08929 -0.00668284 -0.00479706 0.999966 140.903 
0.999975 0.001597 0.00684432 -1.45987 -0.00163357 0.999984 0.00534739 -2.10757 -0.00683571 -0.00535839 0.999962 142.172 
0.999972 0.00153806 0.00729696 -1.47393 -0.00159286 0.999971 0.00751574 -2.12294 -0.00728523 -0.00752711 0.999945 143.452 
0.999956 0.00449154 0.00818403 -1.49545 -0.00456372 0.999951 0.00882816 -2.13852 -0.00814402 -0.00886508 0.999928 144.733 
0.999951 0.00433896 0.00884793 -1.50959 -0.00440486 0.999963 0.00744652 -2.15783 -0.00881533 -0.00748509 0.999933 146.019 
0.999946 0.00461254 0.00935627 -1.5217 -0.00466234 0.999975 0.00531192 -2.16629 -0.00933158 -0.00535521 0.999942 147.321 
0.999939 0.00462672 0.0100163 -1.53099 -0.00465331 0.999986 0.00263732 -2.18155 -0.010004 -0.00268372 0.999946 148.615 
0.999938 0.00362642 0.0105007 -1.54475 -0.00361151 0.999992 -0.00143539 -2.20279 -0.0105059 0.00139742 0.999944 149.905 
0.999928 0.00386791 0.0113305 -1.57006 -0.00380993 0.99998 -0.00513071 -2.2295 -0.0113501 0.00508722 0.999923 151.199 
0.999923 0.00372684 0.0118661 -1.58707 -0.00365634 0.999976 -0.00595413 -2.25581 -0.011888 0.00591032 0.999912 152.498 
0.999925 0.00336993 0.0118168 -1.59756 -0.00330294 0.999978 -0.00568059 -2.28428 -0.0118358 0.00564118 0.999914 153.794 
0.999924 0.00437011 0.0115195 -1.60588 -0.00431073 0.999977 -0.00517135 -2.31432 -0.0115419 0.00512135 0.99992 155.076 
0.999926 0.00477951 0.0111755 -1.60867 -0.00473237 0.99998 -0.00423684 -2.34493 -0.0111955 0.00418368 0.999929 156.378 
0.999926 0.00545984 0.010858 -1.6142 -0.00541963 0.999978 -0.00372577 -2.36963 -0.0108781 0.00366669 0.999934 157.653 
0.999935 0.00549635 0.0100243 -1.6157 -0.00545799 0.999978 -0.0038452 -2.4004 -0.0100453 0.00379028 0.999942 158.924 
0.999942 0.00576423 0.0091366 -1.62355 -0.00573077 0.999977 -0.00367947 -2.42937 -0.00915764 0.00362694 0.999952 160.212 
0.999954 0.00489079 0.00830708 -1.63294 -0.00487052 0.999985 -0.00245297 -2.45107 -0.008319 0.00241244 0.999963 161.506 
0.999951 0.00587421 0.0080088 -1.66222 -0.00585723 0.999981 -0.0021369 -2.47979 -0.00802124 0.00208993 0.999966 162.801 
0.999946 0.00710179 0.00762789 -1.6786 -0.00707807 0.99997 -0.00312611 -2.50567 -0.0076499 0.00307199 0.999966 164.085 
0.999945 0.00752293 0.0073105 -1.69398 -0.00749118 0.999962 -0.00435542 -2.5308 -0.00734304 0.00430046 0.999964 165.365 
0.999941 0.0085535 0.00673747 -1.71564 -0.00852346 0.999954 -0.00446957 -2.55601 -0.00677543 0.00441192 0.999967 166.638 
0.999948 0.00817973 0.00604396 -1.73081 -0.00814778 0.999953 -0.00528648 -2.58411 -0.00608696 0.005237 0.999968 167.91 
0.999947 0.00882834 0.00523623 -1.74618 -0.00879428 0.99994 -0.00648331 -2.61078 -0.0052932 0.00643696 0.999965 169.183 
0.999949 0.00912719 0.00443812 -1.75713 -0.00909932 0.999939 -0.00624935 -2.63818 -0.00449493 0.00620868 0.999971 170.486 
0.999946 0.00967934 0.00370255 -1.7754 -0.00966122 0.999942 -0.00487051 -2.66695 -0.00374952 0.00483452 0.999981 171.763 
0.999952 0.00949315 0.00257404 -1.7929 -0.00948124 0.999945 -0.00458458 -2.69531 -0.00261747 0.00456 0.999986 173.033 
0.999951 0.0097406 0.00180713 -1.81145 -0.00973241 0.999943 -0.0044623 -2.71917 -0.00185054 0.00444454 0.999988 174.318 
0.99995 0.00998162 0.00102662 -1.8367 -0.00997738 0.999942 -0.00401155 -2.75182 -0.00106664 0.00400114 0.999991 175.589 
0.99995 0.0100397 0.000359043 -1.85967 -0.0100378 0.999938 -0.00481553 -2.78068 -0.00040741 0.00481173 0.999988 176.853 
0.999939 0.0110651 -0.000305397 -1.8836 -0.0110665 0.999925 -0.0052301 -2.81001 0.00024746 0.0052332 0.999986 178.14 
0.99993 0.0118048 -0.000533344 -1.9139 -0.0118074 0.999916 -0.00532054 -2.82806 0.000470449 0.0053265 0.999986 179.42 
0.999931 0.0117764 -0.000403462 -1.94902 -0.0117786 0.999911 -0.00627313 -2.86232 0.000329509 0.00627749 0.99998 180.689 
0.999945 0.0104772 -0.000340422 -1.97494 -0.0104795 0.999914 -0.00791342 -2.89018 0.00025744 0.00791659 0.999969 181.95 
0.999972 0.00744081 -0.000517734 -1.99633 -0.00744454 0.999943 -0.00771806 -2.92306 0.000460233 0.00772174 0.99997 183.216 
0.999968 0.00800644 -0.000952171 -2.01599 -0.00801029 0.999959 -0.00416275 -2.95142 0.000918761 0.00417028 0.999991 184.495 
0.999975 0.00699296 -0.000893658 -2.03982 -0.0069927 0.999976 0.000256229 -2.97731 0.000895385 -0.000249931 1 185.775 
0.999965 0.0083147 -0.000875423 -2.06237 -0.008315 0.999965 -0.000390053 -3.00021 0.000872106 0.000397361 1 187.032 
0.999934 0.0114303 -0.00113461 -2.08538 -0.0114342 0.999928 -0.00359712 -3.01842 0.00109337 0.0036099 0.999993 188.278 
0.999936 0.0111619 -0.00177465 -2.0997 -0.0111718 0.999922 -0.00567071 -3.04415 0.00171117 0.00569021 0.999982 189.532 
0.999933 0.0114381 -0.00198631 -2.12365 -0.0114488 0.999919 -0.00549992 -3.06991 0.0019232 0.00552233 0.999983 190.763 
0.999939 0.0109852 -0.00141496 -2.16249 -0.0109906 0.999932 -0.00390958 -3.10456 0.00137187 0.00392494 0.999991 191.988 
0.999937 0.0112059 -0.00074984 -2.19173 -0.0112072 0.999935 -0.00187144 -3.12938 0.000728778 0.00187977 0.999998 193.244 
0.999944 0.0105668 0.000131346 -2.21528 -0.0105666 0.999944 -0.00108021 -3.1529 -0.000142796 0.0010788 0.999999 194.508 
0.999944 0.0104951 0.00164189 -2.22762 -0.010492 0.999943 -0.00187082 -3.17568 -0.00166147 0.00185353 0.999997 195.78 
0.999952 0.0093234 0.00289609 -2.24161 -0.00931377 0.999951 -0.0033092 -3.20215 -0.00292684 0.00328211 0.99999 197.01 
0.999956 0.00859599 0.00363611 -2.25369 -0.00857839 0.999952 -0.00481735 -3.2322 -0.00367739 0.00478599 0.999982 198.251 
0.999952 0.00842752 0.00499707 -2.26864 -0.00840025 0.99995 -0.00544534 -3.25783 -0.00504275 0.00540315 0.999973 199.489 
0.99994 0.00869358 0.00671708 -2.29233 -0.00866216 0.999952 -0.00468518 -3.29048 -0.00675753 0.00462675 0.999967 200.754 
0.999943 0.00754423 0.00753376 -2.28917 -0.00752211 0.999967 -0.00295432 -3.31903 -0.00755585 0.00289752 0.999967 201.975 
0.999932 0.00798737 0.00854561 -2.30046 -0.0079651 0.999965 -0.00263216 -3.3498 -0.00856637 0.00256396 0.99996 203.203 
0.999925 0.00771644 0.0095054 -2.31191 -0.00769074 0.999967 -0.0027327 -3.37096 -0.00952621 0.00265943 0.999951 204.418 
0.999916 0.00781271 0.0103356 -2.32509 -0.00778649 0.999966 -0.00257082 -3.39818 -0.0103554 0.00249017 0.999943 205.63 
0.999904 0.00773076 0.0115405 -2.3366 -0.00770531 0.999968 -0.00224457 -3.4233 -0.0115575 0.00215547 0.999931 206.838 
0.99989 0.00795655 0.0125232 -2.34959 -0.00792676 0.999966 -0.00242332 -3.44947 -0.0125421 0.00232382 0.999919 208.04 
0.999877 0.00783835 0.0135693 -2.35994 -0.00780632 0.999967 -0.00240847 -3.47613 -0.0135878 0.00230229 0.999905 209.229 
0.999877 0.00669057 0.0141941 -2.3667 -0.00665753 0.999975 -0.002371 -3.50443 -0.0142097 0.00227625 0.999896 210.408 
0.999877 0.00654589 0.0142683 -2.36649 -0.00652242 0.999977 -0.00168826 -3.52785 -0.0142791 0.00159503 0.999897 211.584 
0.999885 0.00617375 0.013886 -2.3708 -0.0061661 0.999981 -0.000590668 -3.55848 -0.0138894 0.000505019 0.999903 212.731 
0.999891 0.00634478 0.0133201 -2.37628 -0.00633306 0.99998 -0.000918094 -3.57868 -0.0133257 0.000833678 0.999911 213.855 
0.999886 0.00709807 0.0133184 -2.3891 -0.00707552 0.999974 -0.00173563 -3.60561 -0.0133304 0.00164124 0.99991 214.96 
0.999888 0.0071982 0.013118 -2.399 -0.00716897 0.999972 -0.0022707 -3.63275 -0.013134 0.00217645 0.999911 216.055 
0.99989 0.0074948 0.0128276 -2.40442 -0.00746349 0.999969 -0.00248344 -3.65757 -0.0128459 0.00238747 0.999915 217.161 
0.99991 0.006978 0.0114949 -2.41226 -0.00694767 0.999972 -0.0026724 -3.681 -0.0115133 0.00259234 0.99993 218.23 
0.99994 0.00598103 0.00922853 -2.41036 -0.00596346 0.99998 -0.00192586 -3.70479 -0.00923991 0.00187075 0.999956 219.276 
0.999964 0.00498634 0.00687662 -2.41087 -0.00498254 0.999987 -0.000563041 -3.72047 -0.00687938 0.0005288 0.999976 220.33 
0.999978 0.00508372 0.00426149 -2.42166 -0.00508958 0.999986 0.00137755 -3.74666 -0.00425447 -0.00139916 0.99999 221.381 
0.999984 0.00538582 0.00195724 -2.4402 -0.00538859 0.999984 0.00143404 -3.76959 -0.00194953 -0.00144452 0.999997 222.405 
0.999985 0.00545727 -0.000603405 -2.45733 -0.00545659 0.999985 0.00105475 -3.79051 0.000609109 -0.0010514 0.999999 223.418 
0.999979 0.00564193 -0.00316514 -2.48205 -0.00563827 0.999983 0.00115138 -3.80671 0.00317154 -0.00113347 0.999994 224.401 
0.999963 0.00617154 -0.00599797 -2.50473 -0.00616178 0.99998 0.00163785 -3.82832 0.00600791 -0.00160079 0.999981 225.368 
0.999939 0.00636577 -0.00902047 -2.52558 -0.00635184 0.999979 0.0015668 -3.85151 0.00903021 -0.00150937 0.999958 226.315 
0.999901 0.00623313 -0.0126568 -2.54308 -0.00622049 0.99998 0.00103493 -3.87067 0.012663 -0.000956056 0.999919 227.232 
0.999851 0.00624624 -0.0161068 -2.57207 -0.00623714 0.99998 0.000612461 -3.89132 0.0161103 -0.000511866 0.99987 228.123 
0.999783 0.00720791 -0.0195434 -2.60532 -0.00720181 0.999974 0.000380058 -3.91224 0.0195456 -0.000239186 0.999809 228.995 
0.999707 0.0078292 -0.0229147 -2.62813 -0.0078375 0.999969 -0.000274336 -3.93233 0.0229118 0.000453892 0.999737 229.852 
0.999637 0.00976039 -0.0250984 -2.67181 -0.00977399 0.999952 -0.000421195 -3.9487 0.0250931 0.000666396 0.999685 230.678 
0.999623 0.0105506 -0.0253566 -2.71603 -0.0105522 0.999944 6.85284e-05 -3.96751 0.0253558 0.000199108 0.999679 231.481 
0.999633 0.0105205 -0.024954 -2.75147 -0.0104907 0.999944 0.00132298 -3.98725 0.0249665 -0.00106067 0.999688 232.272 
0.999648 0.0109327 -0.0241683 -2.78797 -0.0108902 0.999939 0.00188732 -4.00177 0.0241874 -0.00162342 0.999706 233.04 
0.99966 0.0109886 -0.0236599 -2.82119 -0.0109549 0.999939 0.00155149 -4.01956 0.0236754 -0.00129173 0.999719 233.79 
0.999662 0.011385 -0.0233895 -2.85276 -0.0113926 0.999935 -0.00019292 -4.03711 0.0233857 0.000459364 0.999726 234.526 
0.999684 0.0107692 -0.0227149 -2.87731 -0.010827 0.999938 -0.00242589 -4.05437 0.0226873 0.0026711 0.999739 235.263 
0.999698 0.0112152 -0.0218504 -2.90031 -0.0113038 0.999928 -0.00393814 -4.06817 0.0218046 0.00418399 0.999754 235.998 
0.999716 0.0115865 -0.0208034 -2.9285 -0.0116819 0.999922 -0.0044728 -4.08395 0.0207499 0.00471459 0.999774 236.72 
0.999756 0.0109659 -0.0191514 -2.95299 -0.0110563 0.999928 -0.00462383 -4.10142 0.0190993 0.00483449 0.999806 237.45 
0.999789 0.0109042 -0.017423 -2.97359 -0.0109857 0.999929 -0.00459153 -4.11847 0.0173717 0.00478201 0.999838 238.179 
0.999818 0.0109717 -0.015607 -2.99508 -0.0110465 0.999928 -0.00472121 -4.13655 0.015554 0.0048928 0.999867 238.902 
0.999854 0.0107027 -0.0133323 -3.01947 -0.0107715 0.999929 -0.00510896 -4.15276 0.0132766 0.00525187 0.999898 239.627 
0.999888 0.0107228 -0.01046 -3.03926 -0.0107716 0.999931 -0.00462501 -4.17309 0.0104097 0.0047372 0.999935 240.36 
0.999932 0.00934496 -0.0070275 -3.05978 -0.00937123 0.999949 -0.00372031 -4.19403 0.00699233 0.00378595 0.999968 241.08 
0.999956 0.00846133 -0.00404776 -3.0732 -0.00847496 0.999958 -0.00337356 -4.21134 0.004019 0.00340776 0.999986 241.802 
0.999966 0.00826499 -0.000621332 -3.09332 -0.00826709 0.99996 -0.00353464 -4.22472 0.00059205 0.0035397 0.999994 242.515 
0.999967 0.00783133 0.00227068 -3.10002 -0.00782283 0.999963 -0.00371055 -4.24297 -0.0022997 0.0036927 0.999991 243.218 
0.999955 0.00777111 0.00548974 -3.11101 -0.00774923 0.999962 -0.00398671 -4.25716 -0.00552055 0.00394403 0.999977 243.917 
0.999927 0.00842253 0.00863998 -3.11678 -0.00838031 0.999953 -0.00490636 -4.27109 -0.00868094 0.00483364 0.999951 244.646 
0.999891 0.00874353 0.0118937 -3.12409 -0.00867951 0.999948 -0.00542044 -4.28584 -0.0119405 0.00531666 0.999915 245.347 
0.999845 0.009139 0.0150538 -3.12831 -0.00907064 0.999948 -0.00459968 -4.29725 -0.0150951 0.00446246 0.999876 246.049 
0.999802 0.00883627 0.0178265 -3.12871 -0.00876388 0.999953 -0.00413269 -4.31344 -0.0178622 0.00397569 0.999833 246.758 
0.999755 0.00838084 0.0204825 -3.12274 -0.00829211 0.999956 -0.0044106 -4.32825 -0.0205186 0.00423971 0.999781 247.476 
0.999707 0.00771335 0.0229418 -3.11813 -0.00758177 0.999954 -0.005815 -4.34602 -0.0229856 0.0056394 0.99972 248.185 
0.999661 0.00832411 0.0246842 -3.11218 -0.00812339 0.999933 -0.00821926 -4.35996 -0.024751 0.00801599 0.999662 248.894 
0.999661 0.00606995 0.025314 -3.10622 -0.00582771 0.999937 -0.0096304 -4.37964 -0.0253709 0.00947965 0.999633 249.602 
0.99964 0.00618798 0.0260909 -3.10141 -0.00592859 0.999932 -0.0100058 -4.39762 -0.0261511 0.00984756 0.99961 250.318 
0.999628 0.00599901 0.026602 -3.09685 -0.00571803 0.999927 -0.0106242 -4.41429 -0.0266638 0.0104682 0.99959 251.037 
0.999621 0.00697315 0.0266151 -3.09191 -0.00668096 0.999917 -0.0110497 -4.43371 -0.02669 0.0108677 0.999585 251.796 
0.999601 0.0078129 0.027144 -3.08811 -0.00749514 0.999902 -0.011787 -4.44911 -0.0272334 0.0115789 0.999562 252.548 
0.999598 0.00682139 0.0275388 -3.08184 -0.0064527 0.999889 -0.0134533 -4.47127 -0.0276276 0.0132702 0.99953 253.289 
0.999598 0.0029706 0.0281929 -3.07475 -0.0025291 0.999874 -0.0156814 -4.48668 -0.028236 0.0156038 0.99948 254.053 
0.999571 -0.000200812 0.0292749 -3.06829 0.000682538 0.999865 -0.0164447 -4.51152 -0.0292676 0.0164577 0.999436 254.833 
0.999542 0.00239501 0.0301658 -3.06594 -0.00201616 0.999919 -0.0125819 -4.52725 -0.0301936 0.0125153 0.999466 255.6 
0.999499 0.00622899 0.0310338 -3.06318 -0.00603503 0.999962 -0.00633821 -4.55439 -0.0310722 0.00614778 0.999498 256.4 
0.999477 0.00570771 0.031823 -3.05352 -0.00562163 0.99998 -0.00279241 -4.57461 -0.0318384 0.0026121 0.99949 257.194 
0.999403 0.00505192 0.034192 -3.03505 -0.00488392 0.999976 -0.00499367 -4.58628 -0.0342165 0.00482374 0.999403 257.981 
0.999242 0.00628327 0.0384167 -3.02328 -0.00585989 0.999921 -0.0111223 -4.6041 -0.0384836 0.0108888 0.9992 258.773 
0.999051 0.00851537 0.0427208 -3.02491 -0.00789924 0.999863 -0.0145693 -4.62422 -0.042839 0.0142181 0.998981 259.576 
0.998888 0.00996539 0.0460803 -3.00384 -0.00930824 0.999852 -0.0144528 -4.64599 -0.0462176 0.0140078 0.998833 260.402 
0.998715 0.00832667 0.0499975 -2.98168 -0.00771448 0.999893 -0.0124241 -4.66321 -0.0500956 0.0120224 0.998672 261.237 
0.998576 0.00496467 0.0531198 -2.94707 -0.00447964 0.999947 -0.00924537 -4.68473 -0.0531629 0.00899429 0.998545 262.074 
0.998437 0.00261854 0.0558209 -2.90529 -0.00220632 0.99997 -0.00744414 -4.70528 -0.0558388 0.00730939 0.998413 262.916 
0.998268 0.00265744 0.0587738 -2.86903 -0.00224244 0.999972 -0.00712494 -4.7248 -0.0587911 0.00698085 0.998246 263.751 
0.998109 0.00439214 0.0613057 -2.83565 -0.00386019 0.999954 -0.00879193 -4.75468 -0.0613415 0.00853869 0.99808 264.595 
0.997925 0.00579908 0.0641279 -2.81952 -0.00509115 0.999924 -0.0111965 -4.76707 -0.064188 0.0108468 0.997879 265.404 
0.997754 0.00594885 0.0667202 -2.78209 -0.00522281 0.999925 -0.0110504 -4.79217 -0.066781 0.0106771 0.997711 266.243 
0.997539 0.00665568 0.0698007 -2.73805 -0.00603647 0.999941 -0.00907779 -4.8163 -0.069857 0.00863414 0.99752 267.1 
0.997265 0.00845845 0.0734189 -2.70524 -0.00790827 0.999939 -0.00778063 -4.8288 -0.0734802 0.00717878 0.997271 267.944 
0.996987 0.00932886 0.0770067 -2.66602 -0.00873365 0.999929 -0.00806195 -4.85015 -0.0770765 0.00736514 0.996998 268.798 
0.9968 0.00983522 0.0793339 -2.60457 -0.00917135 0.99992 -0.00872755 -4.8666 -0.0794134 0.00797205 0.99681 269.651 
0.996591 0.00766747 0.0821382 -2.54683 -0.00694598 0.999935 -0.00906544 -4.89198 -0.0822024 0.00846405 0.99658 270.501 
0.996403 0.00462269 0.0846104 -2.49436 -0.00393346 0.999958 -0.00831039 -4.91313 -0.0846453 0.00794773 0.996379 271.365 
0.996328 0.00349776 0.0855484 -2.43692 -0.00279206 0.999961 -0.00836684 -4.93333 -0.0855744 0.0080973 0.996299 272.213 
0.996253 0.00328987 0.0864297 -2.3789 -0.00253586 0.999958 -0.00883173 -4.94699 -0.0864551 0.0085795 0.996219 273.073 
0.996175 0.00337894 0.0873111 -2.32481 -0.00263622 0.999959 -0.00862003 -4.96431 -0.0873367 0.00835693 0.996144 273.927 
0.996176 0.00379208 0.0872905 -2.26923 -0.00309593 0.999962 -0.00810867 -4.98604 -0.087318 0.00780746 0.99615 274.788 
0.996197 0.00479813 0.0870005 -2.21681 -0.00411611 0.999959 -0.00801652 -5.00249 -0.0870355 0.00762797 0.996176 275.645 
0.996311 0.00425485 0.0857124 -2.16232 -0.0035247 0.999956 -0.00866759 -5.02766 -0.0857456 0.00833354 0.996282 276.491 
0.996448 0.00384482 0.0841274 -2.10735 -0.00306787 0.999952 -0.00936227 -5.05246 -0.0841594 0.00907096 0.996411 277.356 
0.996584 0.00478223 0.082449 -2.05269 -0.00393902 0.999938 -0.0103861 -5.07254 -0.0824936 0.0100259 0.996541 278.211 
0.9967 0.00650823 0.0809164 -2.00059 -0.00566617 0.999927 -0.0106313 -5.0949 -0.0809797 0.0101378 0.996664 279.069 
0.996846 0.00736926 0.0790163 -1.94343 -0.00654356 0.999921 -0.010703 -5.12018 -0.079089 0.0101522 0.996816 279.928 
0.997004 0.0080494 0.0769361 -1.89831 -0.0072611 0.999918 -0.0105199 -5.13863 -0.0770146 0.00992977 0.996981 280.79 
0.997184 0.00785228 0.0745872 -1.85973 -0.00719975 0.999934 -0.00901282 -5.16212 -0.074653 0.00845047 0.997174 281.652 
0.997452 0.00641455 0.0710578 -1.82707 -0.0059587 0.99996 -0.00662473 -5.18694 -0.0710975 0.00618448 0.99745 282.501 
0.997767 0.00560897 0.0665539 -1.79008 -0.00529261 0.999974 -0.00492813 -5.20795 -0.0665798 0.00456492 0.997771 283.347 
0.998029 0.00528946 0.0625251 -1.76528 -0.00505751 0.99998 -0.00386676 -5.22036 -0.0625443 0.00354296 0.998036 284.18 
0.998325 0.00551866 0.057597 -1.73023 -0.00534204 0.999981 -0.00321916 -5.23794 -0.0576137 0.00290612 0.998335 285 
0.998567 0.0052279 0.0532571 -1.71435 -0.00508333 0.999983 -0.00284895 -5.25555 -0.0532711 0.00257418 0.998577 285.811 
0.998807 0.00447164 0.0486344 -1.69118 -0.00435519 0.999987 -0.00249926 -5.27556 -0.048645 0.00228451 0.998814 286.611 
0.998989 0.0037265 0.0448097 -1.6781 -0.00362051 0.99999 -0.00244527 -5.30239 -0.0448185 0.0022806 0.998993 287.387 
0.999143 0.00448418 0.0411467 -1.66899 -0.00436532 0.999986 -0.00297699 -5.31476 -0.0411595 0.00279486 0.999149 288.17 
0.999267 0.00462679 0.0380044 -1.66933 -0.0045191 0.999986 -0.00291805 -5.33221 -0.0380174 0.00274421 0.999273 288.925 
0.999407 0.0040662 0.0341844 -1.65081 -0.00397327 0.999988 -0.00278489 -5.34959 -0.0341954 0.00264746 0.999412 289.672 
0.999543 0.0034612 0.030015 -1.64135 -0.00335073 0.999987 -0.00372857 -5.36223 -0.0300276 0.00362634 0.999543 290.394 
0.999669 0.0048868 0.0252416 -1.64482 -0.00475957 0.999976 -0.00509671 -5.38137 -0.0252659 0.00497493 0.999668 291.099 
0.999798 0.00661838 0.0189684 -1.65444 -0.00648852 0.999955 -0.00689726 -5.40337 -0.0190132 0.00677283 0.999796 291.761 
0.999908 0.00772111 0.0111579 -1.68736 -0.00762443 0.999933 -0.00867781 -5.41825 -0.0112242 0.00859198 0.9999 292.451 
0.999971 0.00766691 0.000354589 -1.69577 -0.0076632 0.999927 -0.00939516 -5.44294 -0.000426637 0.00939221 0.999956 293.106 
0.999884 0.00819487 -0.0128474 -1.73225 -0.0083172 0.99992 -0.00950045 -5.46155 0.0127684 0.00960624 0.999872 293.765 
0.999521 0.00925921 -0.0295383 -1.77772 -0.00952592 0.999915 -0.00890258 -5.47492 0.0294533 0.00917973 0.999524 294.402 
0.998703 0.0118289 -0.0495154 -1.83845 -0.01223 0.999895 -0.00780675 -5.49861 0.0494178 0.00840225 0.998743 295.022 
0.997303 0.0131602 -0.0722102 -1.9103 -0.0137567 0.999875 -0.00776988 -5.5131 0.0720989 0.00874234 0.997359 295.647 
0.995095 0.014456 -0.0978611 -1.99966 -0.0152872 0.999853 -0.00774987 -5.52272 0.0977346 0.00920792 0.99517 296.256 
0.991885 0.0158856 -0.126142 -2.09854 -0.0168825 0.999834 -0.00683832 -5.54573 0.126012 0.00891247 0.991989 296.857 
0.98746 0.0167343 -0.15698 -2.21573 -0.0177826 0.999828 -0.00527586 -5.55756 0.156864 0.00800124 0.987588 297.418 
0.981418 0.0163989 -0.191182 -2.35022 -0.0173235 0.999845 -0.00316583 -5.56605 0.191101 0.00641899 0.981549 297.969 
0.973518 0.0162316 -0.228033 -2.49186 -0.0168837 0.999857 -0.000909256 -5.57987 0.227985 0.00473525 0.973653 298.526 
0.963783 0.0176412 -0.266103 -2.6596 -0.0177607 0.99984 0.00195746 -5.58382 0.266095 0.00283966 0.963943 299.053 
0.951929 0.0188868 -0.305737 -2.85116 -0.018321 0.999821 0.00472 -5.5879 0.305771 0.00110834 0.952104 299.573 
0.937707 0.0195872 -0.346875 -3.03243 -0.0181636 0.999808 0.00735511 -5.59644 0.346953 -0.000596381 0.937883 300.068 
0.921108 0.0196095 -0.388813 -3.2431 -0.0170823 0.999805 0.00995578 -5.60891 0.388932 -0.00252846 0.921263 300.563 
0.901742 0.0191322 -0.43185 -3.4739 -0.0155401 0.999809 0.0118452 -5.61366 0.431994 -0.00397023 0.901868 301.053 
0.879363 0.0181018 -0.475809 -3.73312 -0.0135992 0.999824 0.0129043 -5.60774 0.475958 -0.00487691 0.879454 301.517 
0.85364 0.0171473 -0.520582 -3.99917 -0.0110713 0.99983 0.0147786 -5.61056 0.520746 -0.00685201 0.853684 301.974 
0.825061 0.017249 -0.564781 -4.3062 -0.00916523 0.999811 0.0171461 -5.61717 0.56497 -0.0089702 0.825063 302.405 
0.792851 0.0186689 -0.60913 -4.62551 -0.00944251 0.999787 0.0183515 -5.61916 0.609343 -0.00879821 0.792858 302.822 
0.758189 0.0177857 -0.651792 -4.98066 -0.00692847 0.999791 0.0192223 -5.62269 0.651998 -0.0100581 0.758154 303.179 
0.720131 0.0169229 -0.693632 -5.35149 -0.00273793 0.999764 0.0215492 -5.62148 0.693833 -0.0136191 0.720007 303.491 
0.678125 0.016046 -0.734772 -5.73273 0.00366677 0.999675 0.025215 -5.61438 0.734938 -0.0197931 0.677846 303.76 
0.631695 0.0167445 -0.775036 -6.13913 0.00776334 0.99958 0.0279232 -5.60609 0.775178 -0.0236558 0.6313 304.002 
0.581867 0.020456 -0.813027 -6.5547 0.00740332 0.999509 0.0304463 -5.59628 0.813251 -0.0237347 0.581429 304.206 
0.529512 0.0267592 -0.84788 -6.9733 0.00324958 0.999431 0.0335716 -5.59332 0.848296 -0.0205318 0.529124 304.391 
0.474586 0.0307728 -0.879671 -7.38842 0.000919269 0.999371 0.0354561 -5.58209 0.880209 -0.0176356 0.474259 304.551 
0.417884 0.0331443 -0.907896 -7.81338 0.000914535 0.999318 0.0369028 -5.57573 0.9085 -0.0162513 0.417569 304.681 
0.359301 0.035256 -0.932556 -8.22832 0.00318514 0.999234 0.039004 -5.56513 0.933216 -0.0169844 0.358913 304.809 
0.299982 0.0382449 -0.953178 -8.64275 0.00626602 0.999096 0.0420593 -5.55233 0.953924 -0.0185896 0.299471 304.909 
0.239004 0.0423398 -0.970095 -9.05875 0.00902759 0.998909 0.0458215 -5.54395 0.970977 -0.0197091 0.238361 304.993 
0.175265 0.0451904 -0.983484 -9.48563 0.0122277 0.998769 0.0480719 -5.52277 0.984445 -0.020451 0.174497 305.044 
0.109881 0.0493432 -0.992719 -9.92144 0.0134807 0.998601 0.0511277 -5.51044 0.993853 -0.0190005 0.109063 305.065 
0.0433074 0.0551019 -0.997541 -10.3745 0.0163063 0.998306 0.0558521 -5.49276 0.998929 -0.018685 0.0423356 305.058 
-0.0245621 0.0620061 -0.997774 -10.8453 0.0192134 0.99792 0.0615422 -5.47253 0.999514 -0.0176589 -0.0257024 305.01 
-0.0928311 0.0687125 -0.993308 -11.3178 0.0221818 0.997511 0.0669302 -5.44627 0.995435 -0.0158201 -0.0941242 304.933 
-0.161169 0.0748817 -0.984082 -11.8025 0.0255694 0.9971 0.0716846 -5.41785 0.986596 -0.013609 -0.162616 304.823 
-0.228396 0.0809152 -0.9702 -12.2924 0.0304284 0.996647 0.0759577 -5.38965 0.973093 -0.0121732 -0.230092 304.679 
-0.293601 0.0852554 -0.952119 -12.7804 0.0356495 0.996299 0.0782183 -5.35689 0.955263 -0.0109776 -0.295553 304.496 
-0.355821 0.0869684 -0.930499 -13.2594 0.0399981 0.996166 0.0778107 -5.31273 0.933698 -0.00953145 -0.357935 304.268 
-0.415086 0.0871619 -0.905597 -13.7342 0.0440192 0.996158 0.0757018 -5.26903 0.908716 -0.00844081 -0.417329 304.004 
-0.471237 0.0865149 -0.877753 -14.2124 0.0467944 0.996228 0.0730699 -5.22208 0.880764 -0.00664061 -0.473508 303.702 
-0.522909 0.0865617 -0.847982 -14.6825 0.0494702 0.996235 0.0711896 -5.18011 0.850952 -0.00472413 -0.525223 303.365 
-0.569338 0.0866799 -0.817521 -15.1504 0.0517953 0.996232 0.069557 -5.14099 0.82047 -0.00274223 -0.571683 302.993 
-0.610188 0.0870981 -0.787455 -15.6146 0.0532168 0.9962 0.0689498 -5.09968 0.790467 0.000166552 -0.612504 302.588 
-0.647636 0.0907243 -0.756529 -16.0814 0.0581633 0.995875 0.0696358 -5.05815 0.759726 0.00109645 -0.650242 302.153 
-0.683264 0.0988835 -0.723445 -16.5059 0.0678433 0.995099 0.0719391 -5.03154 0.727013 7.25301e-05 -0.686624 301.693 
-0.71876 0.104008 -0.687435 -16.9633 0.0743585 0.994576 0.0727308 -4.98464 0.69127 0.00115942 -0.722595 301.184 
-0.751233 0.105576 -0.651539 -17.3925 0.0775879 0.994406 0.071674 -4.94379 0.655461 0.0032924 -0.755222 300.634 
-0.781216 0.102485 -0.615791 -17.811 0.0777771 0.994725 0.0668793 -4.90661 0.619396 0.00435283 -0.785066 300.046 
-0.808174 0.0996721 -0.580449 -18.2126 0.0793664 0.995017 0.060356 -4.86474 0.583572 0.00271008 -0.812057 299.418 
-0.833338 0.0947144 -0.544589 -18.6225 0.0781213 0.995502 0.0535945 -4.82285 0.547216 0.00211831 -0.836989 298.739 
-0.855962 0.0922889 -0.508735 -19.0031 0.0786704 0.995731 0.0482688 -4.78904 0.511018 0.00129385 -0.859569 298.034 
-0.876621 0.0907279 -0.472551 -19.3732 0.0781978 0.99587 0.0461397 -4.75472 0.474785 0.00349461 -0.880095 297.287 
-0.895941 0.0874963 -0.43547 -19.7179 0.0760936 0.996147 0.0435939 -4.72641 0.437606 0.00592109 -0.899147 296.503 
-0.913383 0.0873463 -0.397621 -20.0446 0.0775172 0.996157 0.0407621 -4.69558 0.399654 0.00640889 -0.916644 295.688 
-0.929216 0.0895452 -0.358524 -20.3436 0.0807508 0.995953 0.0394616 -4.66713 0.360607 0.0077172 -0.932686 294.833 
-0.942946 0.0929214 -0.319716 -20.6266 0.0851609 0.995635 0.0382017 -4.64323 0.32187 0.00879491 -0.946743 293.942 
-0.954832 0.0938244 -0.281944 -20.8639 0.0864089 0.99551 0.0386498 -4.61327 0.284304 0.0125416 -0.958652 293.016 
-0.964754 0.0971554 -0.24456 -21.0732 0.090484 0.995158 0.038396 -4.5928 0.247106 0.0149139 -0.968874 292.08 
-0.973372 0.0962318 -0.208056 -21.2629 0.0906534 0.995224 0.0362053 -4.56086 0.210547 0.0163802 -0.977447 291.093 
-0.980267 0.0947464 -0.173491 -21.4178 0.0906543 0.995388 0.0313791 -4.53863 0.175664 0.0150322 -0.984335 290.093 
-0.98574 0.0928598 -0.140333 -21.5348 0.0899995 0.995586 0.026607 -4.51015 0.142185 0.0135976 -0.989747 289.072 
-0.989812 0.0919141 -0.108736 -21.6235 0.0897137 0.995655 0.0249681 -4.49059 0.110559 0.0149586 -0.993757 288.029 
