1 2.12261e-08 -2.11895e-08 0 2.12261e-08 1 2.10703e-08 0 -2.11895e-08 2.10703e-08 1 0 
0.999997 0.00128816 0.0019376 -0.0215867 -0.00128633 0.999999 -0.000926515 -0.020781 -0.00193884 0.000924062 0.999998 1.21539 
0.999994 0.0017599 0.00303287 -0.0361244 -0.00175851 0.999998 -0.000446946 -0.0416707 -0.0030337 0.000441652 0.999995 2.41935 
0.999989 0.00167068 0.00432109 -0.0577322 -0.0016703 0.999999 -8.21119e-05 -0.0618354 -0.00432126 7.49355e-05 0.999991 3.62533 
0.999988 0.000781187 0.00481397 -0.0709576 -0.000781841 1 0.000142789 -0.0898939 -0.0048139 -0.000146509 0.999988 4.82224 
0.999985 0.000367873 0.00546178 -0.0765923 -0.000368165 1 6.03858e-05 -0.107972 -0.0054618 -6.23537e-05 0.999985 6.04521 
0.999983 0.000777901 0.00578717 -0.0842274 -0.000771951 0.999999 -0.00102298 -0.129375 -0.005788 0.00101854 0.999983 7.25465 
0.999981 1.31841e-05 0.0062068 -0.096018 -5.13011e-06 0.999999 -0.00129075 -0.154763 -0.00620685 0.00129074 0.99998 8.45371 
0.999982 -0.000555747 0.0060445 -0.107011 0.000555467 1 5.51293e-05 -0.170631 -0.00604457 -5.17287e-05 0.999982 9.66316 
0.999986 -0.00155427 0.00498583 -0.129817 0.00155003 0.999998 0.000861921 -0.190699 -0.00498721 -0.000854139 0.999987 10.8795 
0.999993 -0.00237986 0.00303236 -0.151822 0.00237883 0.999997 0.000358022 -0.208607 -0.00303324 -0.000350764 0.999995 12.0897 
0.999997 -0.00203103 0.00115928 -0.177975 0.00203143 0.999998 -0.000308195 -0.226489 -0.00115869 0.000310591 0.999999 13.2932 
0.999999 -0.00168567 -0.00018398 -0.193683 0.00168569 0.999999 -9.9539e-05 -0.252455 0.000184105 9.9271e-05 1 14.5195 
0.999999 -0.000376123 -0.00125206 -0.212165 0.000375632 1 -0.000426191 -0.272709 0.00125218 0.000425762 0.999999 15.728 
0.999999 -2.31509e-05 -0.00170731 -0.238276 2.263e-05 1 -0.000329911 -0.292662 0.00170727 0.000329914 0.999999 16.9407 
0.999998 -0.000706941 -0.00197066 -0.2731 0.000706524 1 -0.000233693 -0.304719 0.00197078 0.000232343 0.999998 18.1668 
0.999996 -0.000944727 -0.00280231 -0.294142 0.000944282 1 -0.000175153 -0.322738 0.00280243 0.000172548 0.999996 19.3776 
0.999993 -0.000847685 -0.00351659 -0.31877 0.000844658 0.999999 -0.000874103 -0.348212 0.00351729 0.000871169 0.999993 20.5974 
0.99999 -0.000945251 -0.0042925 -0.340289 0.000937383 0.999998 -0.00184448 -0.368286 0.00429419 0.00184048 0.999989 21.7956 
0.999986 8.30122e-05 -0.00528064 -0.366705 -9.02815e-05 0.999999 -0.00138439 -0.383512 0.00528048 0.00138489 0.999985 23.0064 
0.999982 6.53088e-05 -0.00600614 -0.394792 -7.59674e-05 0.999998 -0.00178146 -0.399417 0.00600598 0.00178193 0.99998 24.2218 
0.999975 -0.000176222 -0.00703355 -0.421143 0.000159968 0.999997 -0.00231746 -0.426986 0.00703389 0.00231632 0.999973 25.4448 
0.999971 0.000446573 -0.00762337 -0.457305 -0.000457083 0.999999 -0.00138252 -0.453802 0.0076227 0.001386 0.99997 26.6327 
0.999965 -0.000652134 -0.00829657 -0.486935 0.000656296 1 0.000493858 -0.474705 0.0082962 -0.000499243 0.999966 27.8421 
0.999954 -0.00102453 -0.00952364 -0.514963 0.00103016 0.999999 0.000581879 -0.492871 0.009523 -0.000591621 0.999955 29.0544 
0.999939 -0.00182956 -0.0109348 -0.534793 0.00182703 0.999998 -0.00024448 -0.513974 0.0109352 0.00022453 0.99994 30.2707 
0.999923 -0.00224376 -0.0121687 -0.554537 0.00222829 0.999997 -0.00128829 -0.530861 0.0121715 0.00126112 0.999925 31.4974 
0.999918 -0.00113515 -0.0127937 -0.588184 0.00111798 0.999999 -0.00135225 -0.552428 0.0127952 0.00133788 0.999917 32.7247 
0.99991 -0.00199443 -0.0132821 -0.621868 0.00198153 0.999998 -0.000987923 -0.565828 0.013284 0.000961558 0.999911 33.94 
0.999896 -0.00298937 -0.014108 -0.654967 0.00297886 0.999995 -0.000769126 -0.591448 0.0141102 0.000727063 0.9999 35.1466 
0.999884 -0.00332971 -0.0148433 -0.693305 0.00332156 0.999994 -0.000576249 -0.620689 0.0148451 0.000526922 0.99989 36.3367 
0.999872 -0.00342628 -0.0156397 -0.723435 0.00341413 0.999994 -0.000805846 -0.636606 0.0156423 0.00075239 0.999877 37.5561 
0.999862 -0.00467268 -0.0159566 -0.760314 0.00467198 0.999989 -8.41349e-05 -0.666412 0.0159567 9.61718e-06 0.999873 38.7593 
0.999861 -0.00423968 -0.0161367 -0.799296 0.00425872 0.99999 0.00114282 -0.688127 0.0161317 -0.00121134 0.999869 39.9598 
0.999862 -0.00419096 -0.0160651 -0.843607 0.00423119 0.999988 0.00246819 -0.72091 0.0160545 -0.00253578 0.999868 41.1896 
0.99987 -0.00348397 -0.0157675 -0.899146 0.00351032 0.999993 0.00164098 -0.729362 0.0157616 -0.00169607 0.999874 42.4026 
0.999874 -0.00333598 -0.0155475 -0.934301 0.00336937 0.999992 0.0021192 -0.766159 0.0155403 -0.00217127 0.999877 43.6531 
0.999889 -0.000387918 -0.0148742 -0.97919 0.000443988 0.999993 0.00376368 -0.77943 0.0148726 -0.00376982 0.999882 44.8638 
0.999909 -0.000340051 -0.0135025 -1.01446 0.000428823 0.999978 0.00656908 -0.790732 0.0134999 -0.00657423 0.999887 46.0774 
0.999932 0.000214935 -0.0117055 -1.05354 -0.000106051 0.999957 0.00929827 -0.803869 0.0117069 -0.00929635 0.999888 47.2896 
0.999949 0.00077165 -0.0100264 -1.08838 -0.000645976 0.999921 0.0125274 -0.810043 0.0100352 -0.0125203 0.999871 48.5058 
0.999964 -0.000182666 -0.00848816 -1.11992 0.000300804 0.999903 0.0139139 -0.819029 0.00848475 -0.0139159 0.999867 49.7315 
0.999972 -0.00211962 -0.00712714 -1.14743 0.00220694 0.999922 0.0122601 -0.820203 0.00710056 -0.0122754 0.999899 50.9402 
0.999978 -0.00165208 -0.00639911 -1.17159 0.00172092 0.999941 0.0107612 -0.83034 0.00638091 -0.010772 0.999922 52.1483 
0.999985 -0.000827969 -0.00542018 -1.20734 0.000882273 0.999949 0.0100163 -0.832461 0.00541157 -0.0100209 0.999935 53.3676 
0.999986 -0.00127292 -0.0052383 -1.23444 0.00132148 0.999956 0.00926817 -0.837697 0.00522623 -0.00927492 0.999943 54.5706 
0.99998 -0.00200087 -0.00602228 -1.26277 0.00205023 0.999964 0.00819339 -0.847453 0.00600563 -0.00820553 0.999948 55.7953 
0.99997 -0.00185916 -0.0074901 -1.29552 0.00192301 0.999962 0.00852151 -0.856307 0.00747393 -0.00853562 0.999936 57.0125 
0.99996 -0.00204162 -0.00876799 -1.32933 0.00212922 0.999948 0.0099886 -0.872405 0.0087471 -0.0100068 0.999912 58.2283 
0.999952 -0.00202601 -0.0095509 -1.37154 0.00212575 0.999943 0.01044 -0.883803 0.00952916 -0.0104597 0.9999 59.4431 
0.999944 -0.000800151 -0.0105399 -1.40346 0.00090533 0.99995 0.00997419 -0.890839 0.0105313 -0.00998313 0.999895 60.6533 
0.999941 -0.000632402 -0.0108337 -1.44317 0.000740396 0.99995 0.00996335 -0.900912 0.0108269 -0.00997074 0.999892 61.8632 
0.99994 -0.00141854 -0.010844 -1.47347 0.00151918 0.999956 0.00927424 -0.905996 0.0108304 -0.00929012 0.999898 63.0993 
0.999935 -0.00238865 -0.0111895 -1.49967 0.00247995 0.999964 0.00814853 -0.9137 0.0111696 -0.0081757 0.999904 64.3266 
0.999929 -0.00220945 -0.0117379 -1.53339 0.00232084 0.999952 0.00948128 -0.922381 0.0117164 -0.0095078 0.999886 65.5401 
0.999924 -0.00253633 -0.0120709 -1.56895 0.00267228 0.999933 0.0112569 -0.938744 0.0120415 -0.0112882 0.999864 66.7415 
0.999925 -0.00207486 -0.0120454 -1.61393 0.00218948 0.999952 0.0095068 -0.944158 0.0120251 -0.00953242 0.999882 67.946 
0.999935 -0.000402939 -0.0113837 -1.66384 0.000499089 0.999964 0.00844102 -0.958236 0.0113799 -0.00844611 0.9999 69.1409 
0.999935 0.00175315 -0.0112299 -1.70724 -0.00165463 0.99996 0.00877241 -0.970712 0.0112448 -0.00875322 0.999899 70.3407 
0.999932 0.00381322 -0.0110108 -1.74212 -0.00371457 0.999953 0.0089625 -0.98281 0.0110444 -0.00892095 0.999899 71.5401 
0.999926 0.00573944 -0.010763 -1.78219 -0.0056412 0.999942 0.00913266 -0.989539 0.0108148 -0.00907122 0.9999 72.7379 
0.999933 0.00595878 -0.00988807 -1.81295 -0.00585943 0.999932 0.0100423 -1.00194 0.0099472 -0.00998368 0.999901 73.9292 
0.999938 0.00798491 -0.00772333 -1.84815 -0.0079017 0.999911 0.0107386 -1.00946 0.00780835 -0.0106769 0.999913 75.121 
0.999963 0.00713877 -0.00477137 -1.87689 -0.00709867 0.99994 0.0083601 -1.01741 0.00483072 -0.00832588 0.999954 76.318 
0.999989 0.00438643 -0.00191701 -1.90409 -0.00437957 0.999984 0.00354734 -1.0323 0.0019325 -0.00353886 0.999992 77.4901 
0.999985 0.00538608 0.000546299 -1.92557 -0.0053878 0.99998 0.00326015 -1.05055 -0.000528771 -0.003263 0.999995 78.6697 
0.999986 0.00382786 0.00358501 -1.94793 -0.00385219 0.999969 0.00681486 -1.06973 -0.00355886 -0.00682854 0.99997 79.8418 
0.999952 0.00556155 0.00807519 -1.97921 -0.00562493 0.999953 0.00785269 -1.08749 -0.00803119 -0.00789769 0.999937 80.991 
0.999901 0.00580091 0.0128431 -1.99521 -0.00587879 0.999965 0.00603739 -1.09687 -0.0128077 -0.00611225 0.999899 82.1544 
0.999848 0.00544112 0.0165954 -2.00425 -0.00549242 0.99998 0.0030496 -1.11754 -0.0165786 -0.00314024 0.999858 83.3452 
0.999782 0.00384241 0.0205348 -2.0055 -0.00383843 0.999993 -0.000231003 -1.13756 -0.0205355 0.000152173 0.999789 84.4957 
0.999696 0.00344252 0.0244211 -2.00766 -0.00341265 0.999993 -0.00126299 -1.1599 -0.0244253 0.0011793 0.999701 85.6778 
0.99959 0.00343175 0.028444 -2.00712 -0.00344869 0.999994 0.000548132 -1.18504 -0.028442 -0.00064596 0.999595 86.8559 
0.999447 0.00494244 0.0328717 -2.01089 -0.00496937 0.999987 0.000738731 -1.20282 -0.0328676 -0.000901633 0.999459 88.0219 
0.999302 0.00434318 0.0371046 -1.99114 -0.00430055 0.99999 -0.00122766 -1.22934 -0.0371096 0.00106728 0.999311 89.1939 
0.999168 0.00431182 0.0405663 -1.96613 -0.00417505 0.999985 -0.00345468 -1.25323 -0.0405807 0.00328248 0.999171 90.3502 
0.999031 0.00444224 0.0437898 -1.93767 -0.00428155 0.999984 -0.00376171 -1.27899 -0.0438058 0.00357062 0.999034 91.5074 
0.998897 0.00281645 0.0468679 -1.90598 -0.0026961 0.999993 -0.00262991 -1.30077 -0.046875 0.00250069 0.998898 92.6714 
0.998794 0.00251004 0.0490318 -1.85985 -0.00245525 0.999996 -0.00117663 -1.31831 -0.0490346 0.00105487 0.998797 93.8406 
0.998645 0.00185064 0.0520041 -1.83134 -0.00188924 0.999998 0.000693953 -1.33999 -0.0520027 -0.00079122 0.998647 95.0029 
0.998514 0.000685519 0.0544894 -1.7912 -0.000769162 0.999999 0.00151487 -1.35511 -0.0544883 -0.00155449 0.998513 96.1762 
0.998378 -9.42491e-05 0.0569367 -1.74879 0.000144794 1 -0.000882846 -1.37227 -0.0569366 0.000889699 0.998377 97.347 
0.998255 -0.00182681 0.0590307 -1.69425 0.00208769 0.999988 -0.00435722 -1.3964 -0.0590221 0.00447289 0.998247 98.5091 
0.998114 -0.000364433 0.0613895 -1.6506 0.000812126 0.999973 -0.00726715 -1.42069 -0.0613853 0.00730334 0.998087 99.6698 
0.998002 -0.000465124 0.0631769 -1.60681 0.000964758 0.999969 -0.00787752 -1.45596 -0.0631713 0.00792278 0.997971 100.84 
0.997954 -9.28527e-05 0.063941 -1.57072 0.000571677 0.999972 -0.0074696 -1.47891 -0.0639385 0.00749091 0.997926 102.021 
0.997988 0.000206951 0.0634008 -1.52236 0.000176691 0.999982 -0.00604471 -1.49544 -0.0634009 0.00604379 0.99797 103.235 
0.99805 -3.0047e-05 0.0624193 -1.48348 0.000323583 0.999989 -0.00469184 -1.52143 -0.0624185 0.00470293 0.998039 104.425 
0.998149 0.000539322 0.0608114 -1.44214 -0.000297598 0.999992 -0.00398324 -1.54373 -0.0608131 0.00395781 0.998141 105.669 
0.998276 0.000966519 0.0586891 -1.403 -0.00077181 0.999994 -0.00333947 -1.57103 -0.058692 0.00328845 0.998271 106.868 
0.998419 0.00181354 0.056181 -1.36467 -0.00163164 0.999993 -0.00328276 -1.59804 -0.0561866 0.00318594 0.998415 108.094 
0.998604 0.002897 0.0527472 -1.34257 -0.00271273 0.99999 -0.00356379 -1.62494 -0.0527571 0.00341576 0.998602 109.278 
0.998799 0.00320902 0.0488845 -1.30245 -0.00305562 0.99999 -0.00321149 -1.64478 -0.0488943 0.0030583 0.998799 110.49 
0.998983 0.00380078 0.0449386 -1.26568 -0.00371413 0.999991 -0.00201067 -1.67493 -0.0449459 0.00184176 0.998988 111.712 
0.999158 0.00381946 0.0408446 -1.23759 -0.00378245 0.999992 -0.00098246 -1.6982 -0.040848 0.000827182 0.999165 112.96 
0.999315 0.00393501 0.0367883 -1.23434 -0.00392998 0.999992 -0.00020794 -1.73036 -0.0367889 6.32617e-05 0.999323 114.267 
0.999463 0.0048559 0.0324193 -1.23343 -0.0048541 0.999988 -0.000132996 -1.75024 -0.0324196 -2.44003e-05 0.999474 115.506 
0.999593 0.00566028 0.0279494 -1.23522 -0.00565609 0.999984 -0.000227571 -1.77207 -0.0279503 6.94353e-05 0.999609 116.752 
0.999711 0.00558811 0.0233859 -1.242 -0.00557782 0.999984 -0.000503729 -1.78976 -0.0233884 0.000373182 0.999726 118.02 
0.999795 0.00707029 0.0189515 -1.24667 -0.00704703 0.999974 -0.00129136 -1.80911 -0.0189602 0.00115758 0.99982 119.275 
0.999828 0.00915409 0.0161618 -1.27167 -0.00913024 0.999957 -0.00154581 -1.82742 -0.0161753 0.00139802 0.999868 120.531 
0.99983 0.011907 0.0140851 -1.28149 -0.0118882 0.999928 -0.00142058 -1.85242 -0.0141011 0.00125294 0.9999 121.768 
0.999818 0.0133292 0.013622 -1.30407 -0.0133048 0.99991 -0.0018762 -1.87269 -0.0136459 0.00169467 0.999905 123.042 
0.999799 0.0156645 0.0124853 -1.3051 -0.0156443 0.999876 -0.00170425 -1.89105 -0.0125105 0.00150863 0.999921 124.307 
0.999787 0.0167578 0.0120102 -1.31839 -0.0167492 0.999859 -0.00080748 -1.91403 -0.0120221 0.000606189 0.999928 125.558 
0.999793 0.0167045 0.0116164 -1.3283 -0.0166984 0.99986 -0.000618102 -1.93233 -0.0116252 0.00042404 0.999932 126.823 
0.999727 0.0207821 0.010648 -1.32832 -0.0207983 0.999783 0.00141739 -1.94719 -0.0106163 -0.00163842 0.999942 128.082 
0.999714 0.0217048 0.0100775 -1.34345 -0.021752 0.999753 0.00460234 -1.96185 -0.00997518 -0.00482019 0.999939 129.342 
0.999751 0.0202497 0.00936985 -1.35095 -0.0202895 0.999785 0.00416878 -1.97466 -0.00928347 -0.00435781 0.999947 130.603 
0.999759 0.0200455 0.00891457 -1.36608 -0.0200695 0.999795 0.00261743 -1.98782 -0.00886032 -0.00279567 0.999957 131.889 
0.999824 0.0168391 0.00831464 -1.38155 -0.016871 0.999851 0.00378884 -2.00542 -0.00824964 -0.00392841 0.999958 133.174 
0.999864 0.0148445 0.00718144 -1.39313 -0.0148864 0.999872 0.00582219 -2.01832 -0.00709413 -0.00592826 0.999957 134.454 
0.999926 0.0100212 0.00687115 -1.39902 -0.0100717 0.999922 0.007351 -2.02528 -0.006797 -0.00741962 0.999949 135.754 
0.999945 0.00834298 0.0063834 -1.41332 -0.0083965 0.999929 0.00841068 -2.0405 -0.00631282 -0.00846377 0.999944 137.038 
0.999967 0.00456358 0.00674183 -1.42391 -0.00460851 0.999967 0.00667017 -2.05301 -0.00671121 -0.00670098 0.999955 138.322 
0.999974 0.00171443 0.00703182 -1.43467 -0.00175365 0.999983 0.00558118 -2.06322 -0.00702217 -0.00559333 0.99996 139.592 
0.999975 0.00029128 0.00712327 -1.44573 -0.00032855 0.999986 0.00523749 -2.08025 -0.00712169 -0.00523965 0.999961 140.868 
0.999974 0.0003057 0.00727641 -1.45465 -0.000347855 0.999983 0.00579866 -2.09798 -0.00727456 -0.00580099 0.999957 142.138 
0.99997 0.000245834 0.00772625 -1.46813 -0.000307352 0.999968 0.00796758 -2.11281 -0.00772409 -0.00796968 0.999938 143.417 
0.999958 0.00319874 0.00861163 -1.48906 -0.00327861 0.999952 0.00928114 -2.12786 -0.00858156 -0.00930894 0.99992 144.698 
0.999952 0.00304676 0.00927731 -1.50261 -0.00312005 0.999964 0.00790035 -2.14661 -0.00925294 -0.00792888 0.999926 145.985 
0.999943 0.00343135 0.010115 -1.51894 -0.00348834 0.999978 0.00562706 -2.15217 -0.0100955 -0.00566198 0.999933 147.279 
0.999936 0.00344755 0.0107781 -1.52723 -0.00347953 0.99999 0.00295324 -2.16704 -0.0107679 -0.00299051 0.999938 148.574 
0.999934 0.00245037 0.0112674 -1.53997 -0.00243788 0.999996 -0.00111889 -2.1879 -0.0112701 0.00109139 0.999936 149.863 
0.999923 0.0026947 0.0121015 -1.56426 -0.00263657 0.999985 -0.00481324 -2.21425 -0.0121143 0.00478101 0.999915 151.158 
0.999917 0.00255426 0.0126381 -1.58025 -0.00248315 0.999981 -0.00563603 -2.24018 -0.0126523 0.00560422 0.999904 152.457 
0.999918 0.00219714 0.0125885 -1.58971 -0.00212973 0.999983 -0.00536256 -2.26827 -0.0126001 0.00533535 0.999906 153.752 
0.999919 0.00319693 0.0122905 -1.59701 -0.00313743 0.999983 -0.00485366 -2.29794 -0.0123059 0.00481475 0.999913 155.034 
0.999922 0.0036056 0.0119454 -1.59877 -0.00355896 0.999986 -0.00391955 -2.32815 -0.0119594 0.00387678 0.999921 156.336 
0.999923 0.00428554 0.0116273 -1.60329 -0.00424612 0.999985 -0.00340886 -2.35247 -0.0116418 0.00335926 0.999927 157.612 
0.999932 0.00432214 0.0107938 -1.60379 -0.00428423 0.999985 -0.00352927 -2.38285 -0.0108089 0.00348283 0.999936 158.883 
0.999939 0.00465087 0.0100544 -1.61051 -0.004618 0.999984 -0.00328541 -2.41303 -0.0100696 0.00323881 0.999944 160.148 
0.99995 0.00377631 0.00922352 -1.61868 -0.00375742 0.999991 -0.00205982 -2.43424 -0.00923126 0.00202511 0.999955 161.442 
0.999949 0.00458814 0.00897497 -1.64021 -0.00457507 0.999988 -0.00147098 -2.4695 -0.00898166 0.00142988 0.999959 162.716 
0.999946 0.00581667 0.00859533 -1.65532 -0.00579567 0.99998 -0.00246068 -2.49456 -0.00860951 0.00241077 0.99996 164 
0.999946 0.00623901 0.00827952 -1.66943 -0.00620858 0.999974 -0.0036904 -2.51887 -0.00830237 0.00363884 0.999959 165.28 
0.999944 0.00726969 0.00770664 -1.68983 -0.00724049 0.999967 -0.00380528 -2.54327 -0.00773409 0.00374931 0.999963 166.553 
0.999952 0.00689672 0.00701419 -1.70375 -0.00686435 0.999966 -0.00462308 -2.57056 -0.00704587 0.00457475 0.999965 167.825 
0.999952 0.00754649 0.006208 -1.71785 -0.00751033 0.999955 -0.00582095 -2.59642 -0.00625169 0.00577409 0.999964 169.099 
0.999955 0.00784513 0.00540959 -1.72751 -0.00781485 0.999954 -0.00558801 -2.62297 -0.00545322 0.00554553 0.99997 170.401 
0.999954 0.00839595 0.00467226 -1.74452 -0.00837626 0.999956 -0.00421012 -2.65093 -0.00470745 0.00417083 0.99998 171.678 
0.99996 0.00820949 0.00354339 -1.76076 -0.00819553 0.999959 -0.00392564 -2.67849 -0.00357551 0.00389648 0.999986 172.948 
0.99996 0.00845684 0.00277632 -1.77804 -0.0084462 0.999957 -0.00380435 -2.70153 -0.00280842 0.00378079 0.999989 174.233 
0.99996 0.00869742 0.00199523 -1.80202 -0.00869066 0.999957 -0.00335459 -2.73337 -0.00202436 0.00333716 0.999992 175.504 
0.999961 0.0087563 0.00132869 -1.82373 -0.00875066 0.999953 -0.00415944 -2.76143 -0.00136509 0.00414769 0.999991 176.769 
0.999952 0.00978207 0.000664783 -1.84639 -0.00977889 0.999942 -0.00457487 -2.78995 -0.000709539 0.00456819 0.999989 178.056 
0.999945 0.0105219 0.000436952 -1.87543 -0.0105197 0.999934 -0.00466559 -2.8072 -0.000486057 0.00466078 0.999989 179.336 
0.999945 0.0104944 0.000568056 -1.90928 -0.010491 0.999929 -0.00561803 -2.84067 -0.000627016 0.0056118 0.999984 180.605 
0.999958 0.00920558 0.000456025 -1.93082 -0.00920204 0.999932 -0.00717086 -2.86848 -0.000522048 0.0071664 0.999974 181.866 
0.999981 0.006169 0.000278465 -1.95117 -0.00616687 0.999957 -0.00697573 -2.90045 -0.000321528 0.00697392 0.999976 183.132 
0.999977 0.00673181 -0.000160499 -1.96979 -0.00673228 0.999972 -0.00342096 -2.92788 0.000137423 0.003422 0.999994 184.411 
0.999984 0.00571485 -0.000107626 -1.99257 -0.00571469 0.999983 0.000998097 -2.95285 0.000113286 -0.000997424 1 185.691 
0.999975 0.0070371 -8.85648e-05 -2.01411 -0.00703703 0.999975 0.000351839 -2.97484 9.0996e-05 -0.000351165 1 186.948 
0.999948 0.0101552 -0.000343661 -2.03612 -0.0101561 0.999944 -0.00285556 -2.99216 0.000314601 0.00285895 0.999996 188.194 
0.999953 0.00967243 -0.000933098 -2.05533 -0.00967679 0.999942 -0.00483544 -3.02121 0.000886231 0.00484428 0.999988 189.429 
0.99995 0.00994848 -0.00114501 -2.07821 -0.00995368 0.99994 -0.00466497 -3.04597 0.00109849 0.00467617 0.999989 190.66 
0.999955 0.00949425 -0.000576028 -2.11598 -0.00949594 0.99995 -0.00307377 -3.07965 0.000546774 0.00307915 0.999995 191.885 
0.999953 0.00971319 8.60473e-05 -2.14413 -0.00971306 0.999952 -0.00103464 -3.10346 -9.61355e-05 0.0010338 1 193.142 
0.999958 0.00907346 0.000966052 -2.1666 -0.00907318 0.999959 -0.000242086 -3.12596 -0.000968251 0.000233352 1 194.405 
0.999956 0.00900237 0.00247777 -2.17784 -0.0089998 0.999959 -0.00103044 -3.14769 -0.00248699 0.00100814 0.999996 195.677 
0.999962 0.00783186 0.00373411 -2.19077 -0.00782264 0.999966 -0.00246696 -3.17315 -0.00375335 0.00243769 0.99999 196.907 
0.999965 0.00710571 0.00447638 -2.20177 -0.00708789 0.999967 -0.003974 -3.20218 -0.00450452 0.00394217 0.999982 198.148 
0.999959 0.00693775 0.00583827 -2.21566 -0.00691089 0.999966 -0.00459997 -3.22679 -0.00587003 0.00455948 0.999972 199.386 
0.999946 0.00720315 0.00755714 -2.23824 -0.00717427 0.999967 -0.00383724 -3.25842 -0.00758457 0.00378286 0.999964 200.651 
0.999943 0.00657691 0.00842848 -2.23475 -0.00655938 0.999976 -0.00210095 -3.28373 -0.00844214 0.00204559 0.999962 201.882 
0.999931 0.00701976 0.00944 -2.24492 -0.00700323 0.999974 -0.00177782 -3.31347 -0.00945228 0.00171163 0.999954 203.109 
0.999923 0.00674891 0.0103999 -2.25526 -0.00672969 0.999976 -0.00187743 -3.33361 -0.0104123 0.00180734 0.999944 204.325 
0.999914 0.00684503 0.0112299 -2.26734 -0.00682615 0.999975 -0.00171476 -3.35982 -0.0112414 0.00163799 0.999936 205.536 
0.9999 0.00676278 0.0124345 -2.27775 -0.006746 0.999976 -0.00138735 -3.38393 -0.0124436 0.00130337 0.999922 206.745 
0.999886 0.00698872 0.0134173 -2.28964 -0.0069683 0.999975 -0.00156516 -3.4091 -0.013428 0.00147152 0.999909 207.946 
0.999872 0.0068705 0.0144634 -2.2989 -0.00684876 0.999975 -0.0015493 -3.43476 -0.0144738 0.00145009 0.999894 209.136 
0.99987 0.00572269 0.0150882 -2.30458 -0.00570049 0.999983 -0.00151124 -3.46207 -0.0150966 0.00142508 0.999885 210.315 
0.99987 0.0055774 0.0151617 -2.3033 -0.00556544 0.999984 -0.000828429 -3.48449 -0.0151662 0.000743981 0.999885 211.49 
0.999877 0.00520429 0.0147783 -2.30656 -0.00520878 0.999986 0.0002688 -3.51416 -0.0147768 -0.000345702 0.999891 212.638 
0.999885 0.0053756 0.0142128 -2.31102 -0.00537526 0.999986 -5.91682e-05 -3.53341 -0.014213 -1.71945e-05 0.999899 213.762 
0.99988 0.00612962 0.0142119 -2.32282 -0.00611773 0.999981 -0.000876704 -3.55942 -0.014217 0.000789696 0.999899 214.866 
0.999882 0.00623023 0.014012 -2.33172 -0.006211 0.99998 -0.00141197 -3.58565 -0.0140205 0.00132482 0.999901 215.962 
0.999885 0.00652702 0.0137219 -2.33613 -0.00650529 0.999978 -0.00162498 -3.60953 -0.0137322 0.00153557 0.999905 217.068 
0.999905 0.0060104 0.0123893 -2.34299 -0.00598832 0.99998 -0.00181523 -3.63207 -0.0124 0.00174091 0.999922 218.137 
0.999936 0.00501278 0.0101222 -2.34014 -0.00500215 0.999987 -0.00107086 -3.65497 -0.0101275 0.0010202 0.999948 219.182 
0.999962 0.00401689 0.00776902 -2.33969 -0.00401921 0.999992 0.000289695 -3.66976 -0.00776784 -0.000320867 0.99997 220.237 
0.999978 0.00411255 0.00515203 -2.34952 -0.00412403 0.999989 0.00222776 -3.69507 -0.00514285 -0.00224892 0.999984 221.288 
0.999986 0.00441462 0.00284773 -2.36712 -0.00442108 0.999988 0.00228202 -3.71715 -0.00283766 -0.00229454 0.999993 222.312 
0.99999 0.00448641 0.000287457 -2.38333 -0.00448691 0.999988 0.00190025 -3.73723 -0.000278971 -0.00190148 0.999998 223.325 
0.999987 0.004671 -0.00227438 -2.40716 -0.00466642 0.999987 0.0019944 -3.75262 0.00228362 -0.00198372 0.999995 224.308 
0.999973 0.0052002 -0.00510768 -2.42895 -0.00518755 0.999984 0.00247811 -3.77344 0.00512044 -0.00245151 0.999984 225.275 
0.999952 0.00539451 -0.00813013 -2.44894 -0.00537508 0.999983 0.00240411 -3.79585 0.00814292 -0.00236026 0.999964 226.222 
0.999917 0.00526236 -0.011766 -2.4656 -0.00524069 0.999985 0.00186869 -3.81425 0.0117756 -0.00180683 0.999929 227.139 
0.99987 0.00527587 -0.0152157 -2.49378 -0.00525447 0.999985 0.00144283 -3.83417 0.015223 -0.00136265 0.999883 228.03 
0.999807 0.00623778 -0.018652 -2.52623 -0.0062163 0.99998 0.00120705 -3.85439 0.0186591 -0.00109082 0.999825 228.902 
0.999734 0.0068597 -0.0220227 -2.54825 -0.00684922 0.999976 0.000549324 -3.87377 0.0220259 -0.000398297 0.999757 229.76 
0.999668 0.00879109 -0.0242064 -2.59118 -0.00878393 0.999961 0.000400305 -3.88948 0.0242089 -0.000187503 0.999707 230.585 
0.999655 0.0095809 -0.024465 -2.63467 -0.00956195 0.999954 0.000889772 -3.90766 0.0244724 -0.000655489 0.9997 231.388 
0.999665 0.00954969 -0.0240637 -2.66938 -0.00950078 0.999953 0.00214462 -3.92676 0.024083 -0.00191524 0.999708 232.18 
0.999679 0.00996137 -0.0232784 -2.70518 -0.0099009 0.999947 0.00270974 -3.94067 0.0233042 -0.00247835 0.999725 232.947 
0.999691 0.0100176 -0.0227697 -2.73771 -0.00996601 0.999948 0.00237441 -3.95786 0.0227923 -0.00214671 0.999738 233.697 
0.999693 0.0104156 -0.0224976 -2.76861 -0.010404 0.999946 0.000630271 -3.97481 0.0225029 -0.00039597 0.999747 234.434 
0.999714 0.00980165 -0.0218209 -2.79249 -0.0098389 0.99995 -0.00160203 -3.99147 0.021804 0.00181631 0.999761 235.17 
0.999728 0.0102491 -0.0209549 -2.81482 -0.0103165 0.999942 -0.00311344 -4.00468 0.0209217 0.00332881 0.999776 235.905 
0.999745 0.0106208 -0.0199074 -2.84235 -0.0106954 0.999936 -0.00364706 -4.01988 0.0198673 0.00385909 0.999795 236.627 
0.999783 0.0100003 -0.0182552 -2.86617 -0.0100712 0.999942 -0.00379646 -4.03675 0.0182161 0.00397953 0.999826 237.358 
0.999814 0.00993858 -0.0165268 -2.8861 -0.010002 0.999943 -0.00376246 -4.0532 0.0164885 0.0039271 0.999856 238.087 
0.999842 0.0100062 -0.0147107 -2.90693 -0.0100644 0.999942 -0.00389036 -4.07069 0.0146708 0.00403784 0.999884 238.809 
0.999875 0.00973747 -0.0124355 -2.93066 -0.00979126 0.999943 -0.00427587 -4.08631 0.0123932 0.00439714 0.999914 239.535 
0.999907 0.00975712 -0.00956368 -2.94978 -0.00979369 0.999945 -0.0037891 -4.10604 0.00952614 0.00388246 0.999947 240.267 
0.999946 0.00837845 -0.00613203 -2.96963 -0.00839619 0.999961 -0.00288105 -4.12639 0.0061076 0.00293243 0.999977 240.988 
0.999967 0.00749447 -0.00315261 -2.98239 -0.00750242 0.999969 -0.0025314 -4.1431 0.0031335 0.00255502 0.999992 241.71 
0.999973 0.00729825 0.000273977 -3.00186 -0.00729744 0.99997 -0.00268916 -4.1559 -0.000293637 0.00268713 0.999996 242.423 
0.999971 0.00686473 0.00316615 -3.00792 -0.00685563 0.999972 -0.00286226 -4.17356 -0.00318576 0.00284052 0.999991 243.126 
0.999957 0.00680472 0.00638546 -3.01828 -0.00678477 0.999972 -0.00313532 -4.18717 -0.00640666 0.0030919 0.999975 243.825 
0.999927 0.00745695 0.00953657 -3.02338 -0.00741855 0.999964 -0.00405194 -4.20049 -0.00956649 0.00398093 0.999946 244.553 
0.999888 0.00777839 0.0127908 -3.03005 -0.00772053 0.99996 -0.00456289 -4.21465 -0.0128258 0.00446367 0.999908 245.255 
0.999839 0.00817309 0.0159501 -3.03364 -0.00811438 0.99996 -0.0037391 -4.22547 -0.01598 0.00360912 0.999866 245.957 
0.999794 0.00786993 0.0187222 -3.03339 -0.00781 0.999964 -0.00326946 -4.24107 -0.0187473 0.00312261 0.999819 246.665 
0.999742 0.0075948 0.0213982 -3.03011 -0.00752113 0.999966 -0.00351889 -4.25576 -0.0214242 0.00335709 0.999765 247.377 
0.999691 0.00692859 0.0238585 -3.02484 -0.00681299 0.999965 -0.00492141 -4.27291 -0.0238918 0.00475739 0.999703 248.085 
0.999644 0.00754154 0.0256027 -3.01823 -0.00735618 0.999946 -0.00732434 -4.28622 -0.0256566 0.00713344 0.999645 248.795 
0.999642 0.0052887 0.0262336 -3.01161 -0.00506105 0.999949 -0.00873501 -4.30527 -0.0262785 0.00859915 0.999618 249.503 
0.999621 0.00540708 0.0270108 -3.00613 -0.00516263 0.999945 -0.00910981 -4.32262 -0.0270587 0.00896695 0.999594 250.219 
0.999608 0.00521868 0.0275223 -3.0009 -0.00495253 0.99994 -0.00972782 -4.33866 -0.0275715 0.00958774 0.999574 250.938 
0.999602 0.00619319 0.0275358 -2.99526 -0.00591549 0.999931 -0.0101533 -4.35741 -0.0275969 0.0099864 0.999569 251.697 
0.999581 0.0070336 0.0280652 -2.99076 -0.00673016 0.999918 -0.0108903 -4.37215 -0.0281396 0.0106969 0.999547 252.449 
0.999577 0.00604364 0.0284614 -2.98379 -0.00568806 0.999905 -0.0125563 -4.39366 -0.0285346 0.0123891 0.999516 253.19 
0.999574 0.002195 0.0291172 -2.976 -0.001765 0.999889 -0.0147838 -4.40839 -0.0291465 0.0147262 0.999467 253.954 
0.999543 -0.000975627 0.0301997 -2.96881 0.00144571 0.999878 -0.0155464 -4.43255 -0.0301809 0.015583 0.999423 254.734 
0.999515 0.00161656 0.0310876 -2.96575 -0.00125382 0.999931 -0.0116828 -4.4476 -0.0311044 0.0116382 0.999448 255.5 
0.999475 0.00544469 0.0319507 -2.96223 -0.0052735 0.999971 -0.00543842 -4.47404 -0.0319795 0.00526711 0.999475 256.301 
0.999452 0.00492016 0.0327371 -2.95183 -0.00486078 0.999986 -0.00189202 -4.49355 -0.032746 0.00173189 0.999462 257.095 
0.999374 0.0042664 0.0351078 -2.93264 -0.00412522 0.999983 -0.00409148 -4.50452 -0.0351247 0.00394413 0.999375 257.882 
0.999211 0.00550333 0.0393371 -2.92013 -0.00510505 0.999935 -0.010217 -4.52164 -0.0393908 0.0100081 0.999174 258.673 
0.999017 0.00773851 0.0436437 -2.92101 -0.00714837 0.999881 -0.0136608 -4.54106 -0.0437443 0.0133354 0.998954 259.477 
0.998851 0.00919736 0.0470304 -2.89978 -0.00857001 0.999872 -0.0135225 -4.5628 -0.0471488 0.0131039 0.998802 260.304 
0.998673 0.00755674 0.0509458 -2.87682 -0.00697987 0.99991 -0.0114909 -4.57925 -0.0510281 0.0111201 0.998635 261.139 
0.998529 0.00419186 0.0540655 -2.84141 -0.00374788 0.999958 -0.00830987 -4.6 -0.0540981 0.00809505 0.998503 261.976 
0.998386 0.00184412 0.0567651 -2.79882 -0.00147707 0.999978 -0.00650665 -4.61976 -0.0567759 0.00641234 0.998366 262.818 
0.998214 0.00188271 0.0597176 -2.76176 -0.00151596 0.99998 -0.0061853 -4.6385 -0.059728 0.00608376 0.998196 263.653 
0.998061 0.00417799 0.0620991 -2.72197 -0.00367831 0.99996 -0.00815789 -4.66033 -0.0621307 0.00791369 0.998037 264.503 
0.997893 0.00520159 0.0646733 -2.69194 -0.00453279 0.999935 -0.0104829 -4.67717 -0.0647237 0.0101677 0.997851 265.333 
0.997721 0.00535127 0.0672655 -2.65404 -0.00466631 0.999936 -0.0103353 -4.70167 -0.0673165 0.00999786 0.997682 266.172 
0.997504 0.00605699 0.0703447 -2.60953 -0.00548218 0.99995 -0.00836094 -4.7252 -0.0703918 0.00795448 0.997488 267.029 
0.99723 0.00785897 0.073962 -2.57625 -0.0073566 0.999948 -0.00706177 -4.73711 -0.0740137 0.00649815 0.997236 267.873 
0.99695 0.00872949 0.0775498 -2.53655 -0.00818458 0.99994 -0.00734111 -4.75786 -0.0776093 0.00668405 0.996961 268.727 
0.996762 0.00923619 0.0798773 -2.47464 -0.00862397 0.999931 -0.00800543 -4.77369 -0.0799458 0.00729069 0.996773 269.58 
0.996551 0.00706869 0.0826817 -2.41642 -0.00640062 0.999945 -0.00834179 -4.79847 -0.0827362 0.00778384 0.996541 270.43 
0.99636 0.00402362 0.0851533 -2.36347 -0.00338986 0.999966 -0.00758539 -4.81899 -0.085181 0.00726916 0.996339 271.294 
0.996283 0.00289876 0.0860914 -2.30556 -0.00224913 0.999968 -0.00764133 -4.83858 -0.0861108 0.00741934 0.996258 272.142 
0.996207 0.00269114 0.0869728 -2.24707 -0.00199358 0.999965 -0.00810574 -4.85163 -0.0869917 0.00790165 0.996178 273.002 
0.99613 0.00278009 0.0878541 -2.19251 -0.00209458 0.999967 -0.00789356 -4.86834 -0.0878731 0.00767903 0.996102 273.856 
0.99613 0.00319293 0.0878332 -2.13645 -0.00255427 0.99997 -0.00738221 -4.88946 -0.0878541 0.00712933 0.996108 274.717 
0.996152 0.00419888 0.0875432 -2.08356 -0.00357425 0.999967 -0.00729022 -4.9053 -0.0875709 0.0069493 0.996134 275.574 
0.996266 0.00365598 0.0862555 -2.02859 -0.0029819 0.999964 -0.00794199 -4.92985 -0.0862815 0.00765517 0.996241 276.42 
0.996404 0.00324636 0.084671 -1.97315 -0.00252391 0.99996 -0.00863754 -4.95405 -0.0846957 0.00839281 0.996372 277.284 
0.996541 0.00418429 0.0829932 -1.91801 -0.00339386 0.999948 -0.00966234 -4.97351 -0.0830294 0.00934729 0.996503 278.14 
0.996659 0.00591036 0.0814608 -1.86543 -0.00511991 0.999938 -0.00990833 -4.99526 -0.0815144 0.00945819 0.996627 278.997 
0.996807 0.0067714 0.0795609 -1.80779 -0.00599594 0.999932 -0.00998104 -5.01992 -0.0796231 0.00947217 0.99678 279.857 
0.996966 0.00745142 0.0774807 -1.7622 -0.00671198 0.99993 -0.00979912 -5.03776 -0.0775483 0.00924938 0.996946 280.718 
0.99714 0.00724977 0.0752221 -1.7251 -0.00663935 0.999943 -0.00836125 -5.05881 -0.0752785 0.00783795 0.997132 281.577 
0.99741 0.0058106 0.0716915 -1.6919 -0.00539598 0.999968 -0.00597513 -5.08311 -0.0717239 0.00557285 0.997409 282.425 
0.997728 0.00500398 0.0671867 -1.65435 -0.00472694 0.99998 -0.00428108 -5.10358 -0.0672068 0.0039538 0.997731 283.272 
0.997993 0.00468383 0.0631574 -1.62902 -0.00448923 0.999985 -0.00322199 -5.11546 -0.0631716 0.00293204 0.997998 284.105 
0.998291 0.00491262 0.0582292 -1.59345 -0.00477059 0.999985 -0.0025772 -5.13253 -0.058241 0.00229505 0.9983 284.924 
0.998536 0.00462166 0.0538892 -1.57704 -0.00450909 0.999987 -0.00220948 -5.14963 -0.0538987 0.0019633 0.998545 285.736 
0.998778 0.00386521 0.0492664 -1.55336 -0.00377799 0.999991 -0.00186246 -5.16914 -0.0492733 0.0016741 0.998784 286.535 
0.998962 0.00312007 0.0454419 -1.53977 -0.00304088 0.999994 -0.00181068 -5.19549 -0.0454473 0.00167066 0.998965 287.311 
0.999119 0.00387807 0.0417792 -1.53016 -0.00378337 0.99999 -0.00234453 -5.20738 -0.0417879 0.00218444 0.999124 288.095 
0.999245 0.00402065 0.0386369 -1.53001 -0.00393516 0.99999 -0.00228743 -5.22437 -0.0386458 0.0021337 0.999251 288.85 
0.999388 0.00346 0.034817 -1.51101 -0.00338692 0.999992 -0.00215651 -5.24128 -0.0348242 0.00203731 0.999391 289.597 
0.999526 0.00285562 0.0306482 -1.50108 -0.00276177 0.999991 -0.00310264 -5.25348 -0.0306569 0.00301657 0.999525 290.318 
0.999656 0.00428208 0.0258758 -1.5041 -0.00416763 0.999981 -0.0044736 -5.27219 -0.0258945 0.00436426 0.999655 291.024 
0.99979 0.0060148 0.0196037 -1.51329 -0.0058927 0.999963 -0.00627788 -5.2938 -0.0196408 0.00616108 0.999788 291.686 
0.999905 0.0071187 0.0117944 -1.54577 -0.00702381 0.999943 -0.00806311 -5.30828 -0.0118512 0.00797954 0.999898 292.375 
0.999975 0.007065 0.000991542 -1.55374 -0.00705598 0.999937 -0.008787 -5.33258 -0.0010536 0.00877982 0.999961 293.031 
0.999897 0.0075931 -0.0122104 -1.58979 -0.007702 0.999931 -0.00890035 -5.3508 0.0121419 0.00899352 0.999886 293.69 
0.999545 0.00865718 -0.0289019 -1.63485 -0.0089008 0.999926 -0.00831283 -5.36382 0.0288277 0.00856634 0.999548 294.326 
0.998742 0.0112263 -0.0488801 -1.69518 -0.0115932 0.999907 -0.00722962 -5.38716 0.0487944 0.00778724 0.998779 294.947 
0.997356 0.0125579 -0.0715759 -1.76663 -0.013107 0.999888 -0.00720737 -5.40132 0.0714773 0.0081265 0.997409 295.572 
0.995166 0.013854 -0.0972281 -1.8556 -0.0146233 0.999867 -0.00720428 -5.41062 0.0971153 0.00859129 0.995236 296.181 
0.991974 0.0152834 -0.125512 -1.95409 -0.0162033 0.999849 -0.00631184 -5.43333 0.125396 0.00829494 0.992072 296.781 
0.98757 0.0161315 -0.156353 -2.07091 -0.0170873 0.999843 -0.00477079 -5.44489 0.156251 0.00738318 0.98769 297.343 
0.981548 0.0157952 -0.190561 -2.20505 -0.0166111 0.999858 -0.00268521 -5.45312 0.190491 0.00580113 0.981672 297.894 
0.973672 0.0156268 -0.227417 -2.34633 -0.0161536 0.999869 -0.000455826 -5.4667 0.22738 0.00411749 0.973797 298.452 
0.963962 0.0170352 -0.265495 -2.51373 -0.0170135 0.999852 0.00238186 -5.47043 0.265496 0.00222102 0.964109 298.978 
0.95214 0.0182249 -0.305119 -2.70512 -0.0175175 0.999834 0.00505625 -5.47308 0.305161 0.000530713 0.952301 299.499 
0.938049 0.0187291 -0.345996 -2.90152 -0.017193 0.999824 0.00750864 -5.47757 0.346075 -0.00109473 0.938206 299.996 
0.921489 0.0187495 -0.387951 -3.11171 -0.0161057 0.99982 0.0100654 -5.48998 0.38807 -0.00302683 0.921625 300.491 
0.902163 0.0182709 -0.431008 -3.34204 -0.0145595 0.999823 0.0119085 -5.49469 0.43115 -0.00446815 0.902269 300.982 
0.879823 0.0172397 -0.474989 -3.60083 -0.0126166 0.999837 0.0129192 -5.48877 0.475134 -0.00537386 0.879897 301.446 
0.85414 0.0162833 -0.519788 -3.86644 -0.0100892 0.99984 0.0147427 -5.49161 0.519945 -0.00734806 0.854168 301.903 
0.825602 0.016383 -0.564016 -4.17306 -0.00818635 0.999821 0.0170586 -5.49827 0.564194 -0.00946634 0.825588 302.334 
0.793433 0.0178031 -0.608397 -4.49197 -0.00846991 0.999798 0.0182105 -5.50033 0.608598 -0.00929568 0.793424 302.751 
0.75881 0.0169187 -0.651092 -4.84679 -0.00596508 0.999801 0.019028 -5.504 0.651285 -0.0105548 0.75876 303.109 
0.720788 0.0160525 -0.69297 -5.21732 -0.00178706 0.999772 0.0213007 -5.50296 0.693153 -0.0141149 0.720652 303.421 
0.678815 0.0151699 -0.734153 -5.59831 0.0046014 0.999679 0.024911 -5.49605 0.734295 -0.020288 0.678527 303.691 
0.63242 0.0158648 -0.774463 -6.00449 0.00867751 0.999582 0.0275623 -5.488 0.774577 -0.0241513 0.632018 303.933 
0.582628 0.0195763 -0.812504 -6.41987 0.00829308 0.999515 0.0300289 -5.47844 0.812697 -0.0242338 0.582182 304.138 
0.53031 0.0258826 -0.847409 -6.8383 0.00411131 0.999444 0.0330991 -5.47576 0.847794 -0.0210367 0.529908 304.322 
0.475416 0.029899 -0.879253 -7.25328 0.00174926 0.999388 0.03493 -5.46481 0.879759 -0.0181443 0.475073 304.483 
0.418741 0.0322718 -0.907532 -7.67813 0.00170952 0.999339 0.0363252 -5.45874 0.908104 -0.0167623 0.418409 304.613 
0.360179 0.0343829 -0.93225 -8.09295 0.00394178 0.999256 0.0383771 -5.44844 0.932875 -0.0174973 0.359775 304.741 
0.300877 0.0373704 -0.952931 -8.5073 0.00698177 0.999119 0.0413862 -5.43594 0.953637 -0.0191052 0.300351 304.842 
0.239913 0.0414644 -0.969909 -8.92322 0.00969926 0.998935 0.0451045 -5.42788 0.970746 -0.0202285 0.239255 304.926 
0.176184 0.0443145 -0.983359 -9.35008 0.0128512 0.998797 0.0473127 -5.40704 0.984273 -0.0209731 0.175403 304.978 
0.110808 0.0484688 -0.992659 -9.78588 0.0140527 0.998634 0.0503291 -5.39508 0.993742 -0.0195263 0.109976 304.999 
0.0442366 0.054228 -0.997548 -10.2389 0.0168237 0.998344 0.0550173 -5.37778 0.998879 -0.0192162 0.043251 304.993 
-0.0236348 0.0611335 -0.99785 -10.7098 0.0196728 0.997964 0.0606745 -5.35798 0.999527 -0.0181964 -0.0247894 304.945 
-0.0919102 0.067842 -0.993454 -11.1825 0.0225807 0.997562 0.0660334 -5.33216 0.995511 -0.0163637 -0.093218 304.868 
-0.160259 0.0740136 -0.984296 -11.6672 0.0259055 0.997157 0.0707628 -5.30421 0.986735 -0.0141583 -0.161721 304.76 
-0.227503 0.0800488 -0.970482 -12.1573 0.0307004 0.99671 0.0750154 -5.2765 0.973293 -0.012728 -0.229212 304.616 
-0.292729 0.0843904 -0.952464 -12.6455 0.035857 0.996366 0.07726 -5.24425 0.955523 -0.0115362 -0.294691 304.432 
-0.354973 0.086105 -0.930903 -13.1247 0.0401419 0.996235 0.076841 -5.20061 0.934014 -0.0100917 -0.357093 304.205 
-0.414266 0.0862994 -0.906055 -13.5998 0.0441002 0.996229 0.0747248 -5.15745 0.909087 -0.00900124 -0.416509 303.942 
-0.470445 0.0856541 -0.878262 -14.0784 0.0468138 0.996299 0.0720898 -5.11105 0.881186 -0.00720046 -0.472714 303.641 
-0.522148 0.0857027 -0.848538 -14.5488 0.049431 0.996307 0.0702101 -5.06964 0.851421 -0.00528402 -0.524456 303.304 
-0.568607 0.0858228 -0.81812 -15.0171 0.0517016 0.996305 0.0685813 -5.0311 0.820983 -0.00330225 -0.570944 302.932 
-0.609487 0.0862437 -0.788091 -15.4817 0.0530737 0.996274 0.0679803 -4.99039 0.791018 -0.00039384 -0.611793 302.528 
-0.646968 0.0898712 -0.757202 -15.949 0.0579733 0.995953 0.0686746 -4.94947 0.76031 0.000532792 -0.64956 302.093 
-0.68257 0.0980852 -0.724208 -16.369 0.0675664 0.995178 0.0711031 -4.9254 0.72769 -0.000399228 -0.685906 301.637 
-0.718109 0.103211 -0.688235 -16.827 0.0740399 0.994659 0.0719103 -4.87905 0.691981 0.000682586 -0.721915 301.129 
-0.750621 0.104781 -0.652372 -17.2568 0.0772298 0.994491 0.0708701 -4.83875 0.656204 0.00281402 -0.754578 300.579 
-0.780641 0.101691 -0.616651 -17.676 0.0773815 0.994808 0.0660929 -4.80213 0.620171 0.0038775 -0.784457 299.991 
-0.807637 0.0988766 -0.581331 -18.0783 0.0789359 0.995097 0.059588 -4.76082 0.584373 0.00223754 -0.811482 299.364 
-0.832837 0.0939179 -0.545492 -18.4889 0.077657 0.995579 0.0528458 -4.7195 0.548043 0.00165069 -0.836448 298.685 
-0.855499 0.0914914 -0.509657 -18.8702 0.0781746 0.995806 0.0475405 -4.68627 0.511869 0.000828634 -0.859063 297.981 
-0.876195 0.0899326 -0.473492 -19.2411 0.0776719 0.995943 0.0454328 -4.65252 0.475657 0.00303095 -0.879625 297.234 
-0.895552 0.0867032 -0.436429 -19.5866 0.0755383 0.996219 0.0429096 -4.62478 0.438499 0.00546065 -0.898715 296.451 
-0.913033 0.0865537 -0.398596 -19.9142 0.0769337 0.996229 0.0401016 -4.59451 0.400564 0.0059486 -0.916249 295.635 
-0.928909 0.0887542 -0.359515 -20.2141 0.0801401 0.996027 0.0388265 -4.56662 0.361532 0.00725472 -0.932331 294.781 
-0.942774 0.092281 -0.320409 -20.5109 0.0846655 0.995698 0.0376504 -4.54353 0.322505 0.00836825 -0.946531 293.876 
-0.954687 0.0931866 -0.282645 -20.7489 0.0858922 0.995575 0.0381187 -4.51407 0.284947 0.0121144 -0.958467 292.95 
-0.964638 0.0965196 -0.245269 -20.9589 0.0899473 0.995226 0.0378854 -4.49407 0.247755 0.0144844 -0.968715 292.014 
-0.973154 0.0960745 -0.209142 -21.1291 0.09049 0.995242 0.0361315 -4.47175 0.211618 0.0162363 -0.977218 291.057 
-0.980089 0.0945876 -0.174583 -21.2851 0.0904883 0.995405 0.0313111 -4.44958 0.176743 0.01489 -0.984144 290.057 
-0.985598 0.0926994 -0.141431 -21.4033 0.0898313 0.995603 0.0265447 -4.42116 0.14327 0.0134575 -0.989592 289.036 
-0.989673 0.0918335 -0.11006 -21.4879 0.0896164 0.995664 0.0249347 -4.40128 0.111873 0.014814 -0.993612 287.985 
