1 2.12261e-08 -2.11895e-08 0 2.12261e-08 1 2.10703e-08 0 -2.11895e-08 2.10703e-08 1 0 
0.99998 0.000569044 -0.00637054 -0.0108646 -0.000567151 1 0.000292382 -4.55843e-05 0.00637067 -0.000288721 0.99998 0.0953449 
0.99991 0.00103272 -0.0133659 -0.0233695 -0.00102903 0.999999 0.000280187 -0.00261267 0.0133662 -0.000266366 0.999911 0.190589 
0.999781 0.00162323 -0.0208811 -0.036124 -0.00163029 0.999999 -0.00032323 -0.00326936 0.0208805 0.000357244 0.999782 0.292879 
0.999541 0.00226459 -0.0302188 -0.0514735 -0.00231771 0.999996 -0.00172425 -0.00411681 0.0302148 0.00179354 0.999542 0.396206 
0.999121 0.00233706 -0.0418605 -0.0674513 -0.00248678 0.999991 -0.00352604 -0.000861592 0.0418518 0.00362709 0.999117 0.517862 
0.998455 0.00216518 -0.0555305 -0.089943 -0.00240788 0.999988 -0.00430475 -0.00343311 0.0555205 0.00443186 0.998448 0.648779 
0.997424 0.00210737 -0.0716942 -0.12204 -0.00242603 0.999988 -0.00435856 -0.0027966 0.0716841 0.00452132 0.997417 0.79045 
0.995901 0.000699394 -0.0904465 -0.154188 -0.00110106 0.99999 -0.00439154 -0.00280421 0.0904424 0.00447317 0.995892 0.947388 
0.99389 -0.000453669 -0.110376 -0.193431 -2.29012e-05 0.999991 -0.00431674 -0.00860409 0.110377 0.00429294 0.993881 1.10964 
0.991212 -0.000432823 -0.132286 -0.247135 -0.000196639 0.999989 -0.00474556 -0.00956417 0.132286 0.00472991 0.9912 1.28276 
0.987643 0.00300764 -0.156689 -0.303645 -0.00400992 0.999974 -0.00608116 -0.0162969 0.156667 0.00663437 0.987629 1.46183 
0.983238 0.00736069 -0.182176 -0.374804 -0.00887453 0.999933 -0.00749618 -0.0231243 0.182109 0.0089873 0.983237 1.64634 
0.97782 0.0102535 -0.209198 -0.452804 -0.0122845 0.999889 -0.00841172 -0.0284691 0.209089 0.0107951 0.977837 1.83366 
0.971029 0.0110268 -0.238709 -0.533254 -0.0134259 0.999874 -0.00842656 -0.0340481 0.238586 0.0113874 0.971055 2.03191 
0.962895 0.0130715 -0.269561 -0.626759 -0.0157845 0.999844 -0.00789913 -0.0378667 0.269416 0.011861 0.962951 2.23664 
0.953378 0.0147723 -0.301417 -0.734151 -0.0176495 0.999821 -0.00682441 -0.0387317 0.301262 0.0118261 0.953468 2.438 
0.941948 0.0167515 -0.33534 -0.843106 -0.0198341 0.999787 -0.00576956 -0.0400742 0.335172 0.0120858 0.94208 2.6444 
0.929198 0.0190829 -0.36909 -0.959962 -0.0225904 0.999731 -0.00518342 -0.0425309 0.368892 0.0131543 0.929379 2.84465 
0.915063 0.0216606 -0.402729 -1.08863 -0.0256804 0.99966 -0.00458378 -0.0408415 0.402493 0.0145368 0.915308 3.046 
0.898743 0.0221879 -0.437914 -1.22777 -0.0266392 0.999637 -0.00402343 -0.0391274 0.437666 0.0152818 0.899008 3.25436 
0.879848 0.0173959 -0.474937 -1.36529 -0.0223192 0.99974 -0.00472936 -0.0362078 0.474731 0.0147614 0.880007 3.45698 
0.858215 0.0122242 -0.513145 -1.51893 -0.0172703 0.999838 -0.00506571 -0.0368692 0.513 0.0132097 0.858287 3.66397 
0.832656 0.0139998 -0.553614 -1.68682 -0.0179746 0.999837 -0.00175057 -0.0423567 0.553499 0.0114086 0.832772 3.85593 
0.802867 0.0192895 -0.595847 -1.87735 -0.0224868 0.999745 0.00206533 -0.0467235 0.595734 0.0117405 0.803096 4.04319 
0.769501 0.0221999 -0.63826 -2.08219 -0.0256946 0.999663 0.00379214 -0.0487813 0.638129 0.0134818 0.769812 4.22225 
0.732755 0.0216337 -0.680148 -2.3013 -0.0249994 0.999676 0.0048639 -0.052008 0.680033 0.0134393 0.733058 4.40106 
0.692218 0.0174062 -0.721479 -2.53226 -0.0189148 0.999803 0.00597318 -0.049761 0.721441 0.00951196 0.692411 4.57785 
0.648901 0.0137054 -0.760749 -2.78471 -0.0132376 0.99989 0.00672237 -0.0481981 0.760757 0.00570837 0.649011 4.7441 
0.603417 0.0133098 -0.797315 -3.05759 -0.0105252 0.999907 0.00872605 -0.0467504 0.797357 0.00312653 0.6035 4.89991 
0.554785 0.013943 -0.831877 -3.34958 -0.00816971 0.999903 0.0113108 -0.0438154 0.831954 0.000521202 0.554845 5.0442 
0.503494 0.0147297 -0.863873 -3.65762 -0.00678545 0.999891 0.0130941 -0.0393855 0.863972 -0.000730995 0.50354 5.16598 
0.450596 0.0163617 -0.892578 -3.97737 -0.00560166 0.999864 0.0155004 -0.0383395 0.89271 -0.00198446 0.450627 5.27006 
0.395954 0.0183446 -0.918087 -4.31965 -0.0045907 0.999828 0.017998 -0.0320483 0.918259 -0.00291167 0.39597 5.36205 
0.340606 0.020147 -0.93999 -4.68096 -0.00441322 0.999794 0.0198297 -0.022216 0.940196 -0.00260567 0.340625 5.43539 
0.285491 0.0232337 -0.9581 -5.06432 -0.0016001 0.999716 0.0237661 -0.0219019 0.95838 -0.0052519 0.285447 5.49942 
0.231946 0.0249908 -0.972408 -5.47598 0.00141607 0.99966 0.0260289 -0.00995063 0.972728 -0.00741427 0.231832 5.55685 
0.180826 0.0255669 -0.983183 -5.88892 0.0043753 0.999631 0.0267993 -0.00867537 0.983505 -0.00914769 0.180648 5.59355 
0.133316 0.0264482 -0.990721 -6.32496 0.00189034 0.999635 0.0269406 0.000273279 0.991072 -0.00546438 0.133218 5.60522 
0.0911237 0.0265452 -0.995486 -6.77333 -0.000632822 0.999646 0.0265982 0.0122395 0.995839 -0.00179372 0.0911082 5.59721 
0.0531428 0.0251645 -0.99827 -7.22556 -0.00164435 0.999683 0.0251126 0.0193211 0.998586 0.000306999 0.0531674 5.58177 
0.0186065 0.022568 -0.999572 -7.69435 -0.00128646 0.999745 0.022548 0.0283339 0.999826 0.000866408 0.0186308 5.55764 
-0.0128587 0.0200962 -0.999715 -8.18005 -0.00130493 0.999797 0.0201147 0.0337914 0.999917 0.00156325 -0.0128299 5.52182 
-0.0393966 0.0182604 -0.999057 -8.68043 -0.001906 0.99983 0.0183497 0.0396376 0.999222 0.00262716 -0.0393551 5.47438 
-0.0603008 0.0157741 -0.998056 -9.19184 -0.00239617 0.99987 0.0159476 0.049144 0.998177 0.0033532 -0.0602552 5.41723 
-0.0767432 0.0147829 -0.996941 -9.7258 -0.00147563 0.999887 0.0149402 0.0632397 0.99705 0.00261771 -0.0767127 5.35393 
-0.0898575 0.0153966 -0.995836 -10.2617 -0.000657778 0.999879 0.0155184 0.064753 0.995954 0.00204953 -0.0898365 5.28855 
-0.099609 0.0164679 -0.99489 -10.8162 -0.000976112 0.999861 0.0166479 0.0682252 0.995026 0.00262945 -0.0995791 5.21657 
-0.106413 0.017825 -0.994162 -11.3931 -0.00337049 0.999827 0.0182874 0.0660552 0.994316 0.00529686 -0.106334 5.13413 
-0.111143 0.018727 -0.993628 -11.9814 -0.00300137 0.999812 0.0191793 0.0744048 0.9938 0.00511393 -0.111066 5.05788 
-0.112453 0.0194124 -0.993467 -12.5886 -0.000488988 0.999808 0.0195917 0.0851899 0.993657 0.00268898 -0.112422 4.97683 
-0.111669 0.0218283 -0.993506 -13.2098 0.00156761 0.999761 0.0217896 0.0901993 0.993744 0.000875822 -0.111676 4.90021 
-0.110531 0.0243155 -0.993575 -13.847 0.00127397 0.999703 0.0243238 0.0967697 0.993872 0.00142279 -0.110529 4.82225 
-0.108982 0.0240699 -0.993752 -14.5037 -0.000845398 0.999704 0.0243068 0.10451 0.994043 0.00348917 -0.10893 4.73461 
-0.107686 0.0212516 -0.993958 -15.1658 -0.00220017 0.999764 0.0216141 0.117808 0.994183 0.00451446 -0.107614 4.6526 
-0.106752 0.021066 -0.994063 -15.8425 -0.0024871 0.999767 0.0214539 0.130485 0.994283 0.00476262 -0.106674 4.57641 
-0.105 0.0236228 -0.994192 -16.5432 -0.00196381 0.999711 0.0239613 0.14603 0.99447 0.00446839 -0.104924 4.49206 
-0.102857 0.0271445 -0.994326 -17.2647 -0.0030264 0.999614 0.0276019 0.153924 0.994692 0.00584832 -0.102735 4.39786 
-0.101196 0.0291651 -0.994439 -17.9959 -0.00330319 0.999555 0.0296513 0.161622 0.994861 0.00628546 -0.101055 4.31141 
-0.0996016 0.0284398 -0.994621 -18.7379 -0.00501579 0.999564 0.0290835 0.17405 0.995015 0.0078856 -0.0994155 4.22469 
-0.0979782 0.0255116 -0.994862 -19.4879 -0.00706116 0.999628 0.0263293 0.187894 0.995164 0.00960461 -0.0977617 4.13334 
-0.096621 0.0247297 -0.995014 -20.2564 -0.00785546 0.999641 0.0256075 0.202826 0.99529 0.0102906 -0.0963921 4.04494 
-0.0954561 0.0272693 -0.99506 -21.0362 -0.00492396 0.9996 0.0278661 0.213785 0.995422 0.00755967 -0.0952836 3.96354 
-0.0944548 0.0290911 -0.995104 -21.8258 -0.00257349 0.999563 0.0294657 0.232534 0.995526 0.00534411 -0.0943386 3.88074 
-0.0932643 0.0307702 -0.995166 -22.6248 -0.00139608 0.999517 0.0310356 0.244408 0.99564 0.00428389 -0.0931763 3.79272 
-0.0927363 0.0263623 -0.995342 -23.423 -0.000672627 0.999648 0.0265391 0.247669 0.995691 0.00313067 -0.0926859 3.70428 
-0.0923384 0.0194017 -0.995539 -24.2266 0.000758484 0.999811 0.0194147 0.256309 0.995727 0.00103766 -0.0923356 3.61489 
-0.0925127 0.0147296 -0.995603 -25.04 0.00389792 0.999888 0.0144308 0.268552 0.995704 -0.00254571 -0.0925598 3.52875 
-0.0929239 0.0156477 -0.99555 -25.8673 0.00478305 0.999872 0.0152692 0.275031 0.995662 -0.00334286 -0.0929868 3.43785 
-0.0932604 0.0229462 -0.995377 -26.7113 0.00441031 0.999734 0.0226335 0.280127 0.995632 -0.00227908 -0.0933368 3.34505 
-0.0933469 0.0300358 -0.995181 -27.5604 0.00273717 0.999549 0.0299109 0.289162 0.99563 6.81493e-05 -0.093387 3.24389 
-0.0937652 0.0350912 -0.994976 -28.4076 0.000681292 0.999381 0.0351824 0.301933 0.995594 0.00262106 -0.0937311 3.14462 
-0.0941886 0.0353275 -0.994927 -29.2492 -0.000819736 0.999367 0.0355627 0.314757 0.995554 0.00416522 -0.0941 3.04725 
-0.0947362 0.0318799 -0.994992 -30.0859 -0.000358457 0.999486 0.032058 0.328679 0.995502 0.00339376 -0.094676 2.95672 
-0.0953548 0.0292346 -0.995014 -30.9222 -0.000613158 0.999567 0.0294271 0.341592 0.995443 0.00341616 -0.0952956 2.86364 
-0.0956874 0.0305527 -0.994942 -31.7597 -0.00195204 0.999521 0.0308811 0.353461 0.99541 0.00489714 -0.0955819 2.77009 
-0.0951962 0.0327389 -0.99492 -32.6039 -0.00258459 0.999448 0.0331352 0.365324 0.995455 0.00572585 -0.095059 2.66346 
-0.0951219 0.0310467 -0.994981 -33.4418 -0.00348998 0.999497 0.0315212 0.373514 0.99546 0.00647087 -0.0949657 2.56147 
-0.0946161 0.0258102 -0.995179 -34.2733 -0.00427676 0.999644 0.0263326 0.385691 0.995505 0.00674767 -0.094472 2.46144 
-0.0943222 0.0215222 -0.995309 -35.103 -0.00551372 0.99974 0.0221406 0.397765 0.995527 0.00757624 -0.0941789 2.3598 
-0.0939219 0.0223066 -0.99533 -35.9343 -0.00485508 0.999727 0.0228633 0.404617 0.995568 0.00697981 -0.0937879 2.2658 
-0.0936425 0.0248439 -0.995296 -36.7678 -0.00359092 0.999674 0.0252911 0.407981 0.995599 0.00594238 -0.0935227 2.17664 
-0.0930381 0.029809 -0.995216 -37.6013 -0.00326393 0.999537 0.0302436 0.416736 0.995657 0.00606216 -0.0928977 2.08227 
-0.0928708 0.0351969 -0.995056 -38.4324 -0.00218036 0.999365 0.0355529 0.431621 0.995676 0.00547144 -0.0927351 1.99759 
-0.0930303 0.0386107 -0.994914 -39.2682 -0.00217844 0.999238 0.0389821 0.443154 0.995661 0.00579392 -0.0928752 1.89963 
-0.0928668 0.0382464 -0.994944 -40.0984 -0.00176978 0.999254 0.0385773 0.46121 0.995677 0.00534342 -0.0927298 1.81153 
-0.0925486 0.0339204 -0.99513 -40.9324 -0.00178954 0.999412 0.0342328 0.476587 0.995707 0.00494906 -0.0924335 1.70934 
-0.0925665 0.0295633 -0.995268 -41.7539 -0.00256783 0.999549 0.0299293 0.487987 0.995703 0.00532616 -0.0924488 1.62192 
-0.0926041 0.0266493 -0.995346 -42.5804 -0.00643733 0.999605 0.0273622 0.498242 0.995682 0.00894127 -0.092396 1.52448 
-0.0932558 0.0246757 -0.995336 -43.4096 -0.00954982 0.999625 0.0256768 0.509192 0.995596 0.0118998 -0.0929851 1.42726 
-0.0940646 0.0226734 -0.995308 -44.2384 -0.00711117 0.9997 0.0234455 0.515212 0.995541 0.00928323 -0.0938751 1.3351 
-0.0953837 0.0192742 -0.995254 -45.0631 -0.00387507 0.999798 0.0197336 0.516834 0.995433 0.00573899 -0.0952898 1.24648 
-0.0962794 0.0176924 -0.995197 -45.8831 0.000584232 0.999843 0.0177184 0.526457 0.995354 0.00112453 -0.0962746 1.15673 
-0.0982607 0.0211396 -0.994936 -46.7084 0.00123775 0.999776 0.0211202 0.530811 0.99516 0.000843838 -0.0982649 1.05861 
-0.10029 0.0275132 -0.994578 -47.5375 0.00367278 0.999621 0.0272823 0.53202 0.994951 -0.000916671 -0.100353 0.964993 
-0.10237 0.0311881 -0.994257 -48.361 0.00566197 0.99951 0.03077 0.539477 0.99473 -0.0024795 -0.102496 0.870367 
-0.104023 0.0304184 -0.99411 -49.1636 0.00584821 0.999534 0.0299724 0.545592 0.994558 -0.00269591 -0.104152 0.774874 
-0.10489 0.0263228 -0.994135 -49.9648 0.00220573 0.999653 0.0262362 0.550605 0.994481 0.00055916 -0.104912 0.665997 
-0.106313 0.0225197 -0.994078 -50.754 -0.00255861 0.999734 0.0229214 0.556886 0.994329 0.00498034 -0.106227 0.561606 
-0.10801 0.0209252 -0.99393 -51.5504 -0.00685415 0.999739 0.0217924 0.561581 0.994126 0.00916637 -0.107838 0.454592 
-0.109099 0.0220069 -0.993787 -52.3427 -0.00826149 0.9997 0.0230448 0.563576 0.993997 0.0107243 -0.108884 0.349429 
-0.110149 0.0235673 -0.993636 -53.1279 -0.00807773 0.999665 0.0246058 0.567002 0.993882 0.0107367 -0.109922 0.248957 
-0.111251 0.0230513 -0.993525 -53.9104 -0.0101201 0.999653 0.0243267 0.570545 0.993741 0.012761 -0.110979 0.144639 
-0.112114 0.0230343 -0.993428 -54.6865 -0.0103666 0.99965 0.0243485 0.572166 0.993641 0.0130283 -0.111836 0.0456281 
-0.112778 0.0248223 -0.99331 -55.4609 -0.00861801 0.999626 0.0259586 0.579068 0.993583 0.011488 -0.112522 -0.054279 
-0.113226 0.0277223 -0.993183 -56.237 -0.00721074 0.999561 0.0287224 0.586387 0.993543 0.0104137 -0.112976 -0.154013 
-0.113499 0.0319352 -0.993025 -57.002 -0.00754074 0.999427 0.033003 0.594418 0.993509 0.011234 -0.113194 -0.25682 
-0.114079 0.0341655 -0.992884 -57.7575 -0.00773858 0.999348 0.035277 0.600486 0.993442 0.0117079 -0.11374 -0.3601 
-0.115085 0.0341058 -0.99277 -58.5106 -0.00702783 0.999357 0.0351468 0.611258 0.993331 0.0110219 -0.114772 -0.457572 
-0.115749 0.0321601 -0.992758 -59.2612 -0.00607401 0.999434 0.0330846 0.617613 0.99326 0.00985955 -0.115488 -0.55021 
-0.116142 0.0284521 -0.992825 -59.9958 -0.00552362 0.999556 0.0292912 0.628502 0.993217 0.00888596 -0.115933 -0.648696 
-0.116187 0.0257247 -0.992894 -60.7201 -0.0057196 0.999631 0.0265685 0.633973 0.993211 0.00876591 -0.115997 -0.743957 
-0.115293 0.023435 -0.993055 -61.4377 -0.00630764 0.999684 0.0243238 0.638035 0.993312 0.00906824 -0.115109 -0.839665 
-0.113209 0.0224857 -0.993317 -62.1327 -0.00833081 0.999687 0.0235794 0.643081 0.993536 0.0109446 -0.112986 -0.932894 
-0.109642 0.0234971 -0.993693 -62.8112 -0.00866666 0.99966 0.0245945 0.643856 0.993933 0.0113086 -0.109402 -1.01452 
-0.103816 0.0249347 -0.994284 -63.4834 -0.00761822 0.999636 0.0258643 0.649464 0.994567 0.0102598 -0.103588 -1.09973 
-0.0967743 0.0264574 -0.994955 -64.1392 -0.00668546 0.999607 0.0272314 0.65284 0.995284 0.00928707 -0.0965594 -1.17294 
-0.087913 0.0277552 -0.995741 -64.7763 -0.00761581 0.999564 0.0285342 0.65599 0.996099 0.0100919 -0.0876633 -1.24126 
-0.0762219 0.0292862 -0.996661 -65.3969 -0.00961813 0.999501 0.0301052 0.65947 0.997045 0.0118807 -0.0759021 -1.29863 
-0.061593 0.0306886 -0.997629 -66.0008 -0.0129494 0.999419 0.0315431 0.666111 0.998017 0.0148616 -0.0611597 -1.34069 
-0.043505 0.0317729 -0.998548 -66.5847 -0.0146956 0.999366 0.0324392 0.67289 0.998945 0.0160855 -0.0430105 -1.36499 
-0.0213703 0.0326472 -0.999238 -67.1505 -0.0153764 0.999338 0.0329792 0.675863 0.999653 0.0160695 -0.0208542 -1.37452 
0.00399474 0.0330755 -0.999445 -67.6894 -0.0146358 0.999348 0.0330137 0.6792 0.999885 0.0144958 0.00447622 -1.36251 
0.033339 0.0326617 -0.99891 -68.2048 -0.0130283 0.999395 0.0322428 0.685079 0.999359 0.0119392 0.0337443 -1.33297 
0.0675315 0.0325451 -0.997186 -68.7006 -0.0116028 0.999426 0.0318325 0.691055 0.99765 0.00942055 0.0678703 -1.28274 
0.105285 0.0328563 -0.993899 -69.1726 -0.0109827 0.999432 0.0318758 0.697741 0.994382 0.0075597 0.105586 -1.2132 
0.146232 0.0326723 -0.988711 -69.6314 -0.0108049 0.999448 0.0314291 0.699617 0.989191 0.00608706 0.146504 -1.1216 
0.191425 0.0335398 -0.980934 -70.0742 -0.00953269 0.999432 0.032312 0.703863 0.981461 0.00316565 0.191636 -1.00727 
0.240221 0.0322689 -0.970182 -70.4986 -0.00633026 0.999478 0.0316759 0.706425 0.970698 -0.00146768 0.2403 -0.875994 
0.290726 0.0276954 -0.956406 -70.9073 0.00137606 0.999568 0.0293636 0.704875 0.956806 -0.00985277 0.290562 -0.714292 
0.342814 0.0228406 -0.939126 -71.2941 0.00651303 0.999623 0.0266894 0.70233 0.939381 -0.015266 0.342535 -0.542562 
0.396154 0.018204 -0.918004 -71.6772 0.0114846 0.999627 0.0247787 0.711299 0.918112 -0.020359 0.395797 -0.349992 
0.448314 0.0176506 -0.893702 -72.0512 0.0111235 0.999617 0.0253224 0.718895 0.893807 -0.0212935 0.447946 -0.141602 
0.497288 0.0165279 -0.867428 -72.4092 0.0124603 0.999579 0.0261893 0.725296 0.867496 -0.023832 0.496873 0.0927959 
0.542964 0.0119047 -0.839672 -72.7524 0.0203544 0.999419 0.0273314 0.736106 0.839509 -0.031931 0.542406 0.358291 
0.587422 0.00563813 -0.809261 -73.0684 0.0307449 0.999098 0.0292777 0.737167 0.808697 -0.042079 0.586719 0.646834 
0.630977 0.00101292 -0.775801 -73.381 0.0315118 0.99914 0.0269338 0.739122 0.775161 -0.0414415 0.630403 0.934249 
0.673323 -0.0036963 -0.739339 -73.6806 0.028052 0.999395 0.0205508 0.743127 0.738816 -0.0345772 0.67302 1.23016 
0.714978 -0.0102875 -0.699072 -73.9568 0.02408 0.999661 0.00991697 0.746321 0.698733 -0.023924 0.714983 1.53802 
0.755384 -0.013378 -0.655146 -74.2363 0.0192253 0.999814 0.00175069 0.754128 0.655 -0.0139178 0.755501 1.87925 
0.793556 -0.0145071 -0.608324 -74.5037 0.0175518 0.999846 -0.000947824 0.755889 0.608243 -0.00992495 0.793688 2.25173 
0.828271 -0.0158336 -0.560104 -74.735 0.0175226 0.999844 -0.00235245 0.756045 0.560053 -0.00786598 0.828419 2.6513 
0.859788 -0.0144551 -0.510446 -74.966 0.0142308 0.999889 -0.00434534 0.753942 0.510453 -0.00352794 0.859899 3.07281 
0.886594 -0.0125222 -0.46238 -75.1958 0.0129948 0.999913 -0.00216291 0.743276 0.462367 -0.00409084 0.886679 3.54148 
0.90843 -0.00603292 -0.417993 -75.3979 0.00613574 0.999981 -0.00109797 0.739026 0.417992 -0.00156722 0.908449 4.02113 
0.9265 -0.00187243 -0.376289 -75.597 0.00101988 0.999996 -0.00246496 0.734653 0.376293 0.00190006 0.926499 4.51478 
0.940417 0.00318939 -0.340009 -75.7813 -0.00371053 0.999993 -0.000882657 0.729817 0.340004 0.00209173 0.940422 5.03905 
0.950831 0.00361176 -0.309688 -75.9537 -0.00345345 0.999994 0.00105932 0.721668 0.30969 6.2304e-05 0.950838 5.59588 
0.958413 0.00299623 -0.285369 -76.1161 -0.00222084 0.999993 0.0030406 0.711272 0.285376 -0.00228035 0.958413 6.16682 
0.964534 0.00323147 -0.263938 -76.2826 -0.00199085 0.999986 0.00496761 0.709957 0.26395 -0.00426592 0.964527 6.75868 
0.969352 0.00568354 -0.245611 -76.4421 -0.00395736 0.999964 0.00752095 0.708159 0.245645 -0.00631843 0.969339 7.35797 
0.973114 0.0103856 -0.230091 -76.6016 -0.0084615 0.999921 0.00934745 0.702439 0.23017 -0.00714917 0.973124 7.97866 
0.976119 0.0142149 -0.21677 -76.7534 -0.0122196 0.99987 0.010542 0.699115 0.216892 -0.00764137 0.976166 8.6163 
0.978915 0.012578 -0.203881 -76.8908 -0.0107065 0.99989 0.0102795 0.695267 0.203988 -0.0078798 0.978942 9.27039 
0.981696 0.012861 -0.190021 -77.0254 -0.0111458 0.999887 0.0100925 0.693086 0.190129 -0.00778978 0.981728 9.94523 
0.984376 0.0133029 -0.175577 -77.1536 -0.0116044 0.999875 0.0106971 0.696953 0.175697 -0.00849248 0.984408 10.6344 
0.986768 0.0146333 -0.161474 -77.2764 -0.0129468 0.99985 0.0114914 0.693165 0.161618 -0.0092487 0.98681 11.3343 
0.98872 0.0145141 -0.149071 -77.3868 -0.0133837 0.999874 0.00858316 0.689596 0.149176 -0.00649119 0.988789 12.059 
0.990321 0.0146115 -0.138025 -77.5006 -0.0142544 0.999892 0.0035748 0.681382 0.138062 -0.00157269 0.990422 12.7822 
0.991632 0.0131273 -0.128427 -77.6074 -0.0135787 0.999904 -0.00264021 0.678267 0.12838 0.00436205 0.991715 13.514 
0.992643 0.0128303 -0.120399 -77.7055 -0.0132556 0.999908 -0.00273277 0.672859 0.120352 0.00430866 0.992722 14.2597 
0.993405 0.0150566 -0.113664 -77.8079 -0.0147523 0.999885 0.00351798 0.662956 0.113704 -0.00181793 0.993513 15.0231 
0.993899 0.0195578 -0.10855 -77.9135 -0.0184206 0.999765 0.0114682 0.658799 0.108749 -0.00939859 0.994025 15.7976 
0.994372 0.0196673 -0.104104 -78.0157 -0.0181657 0.999717 0.0153523 0.649667 0.104377 -0.0133747 0.994448 16.586 
0.994775 0.0184104 -0.100422 -78.1091 -0.0171027 0.999758 0.0138674 0.652398 0.100653 -0.0120774 0.994848 17.3479 
0.99507 0.0180689 -0.0975165 -78.1935 -0.0168735 0.999772 0.0130691 0.648275 0.0977304 -0.0113592 0.995148 18.1082 
0.9954 0.0163716 -0.0943973 -78.2803 -0.0150017 0.999772 0.0152031 0.647473 0.0946247 -0.013717 0.995419 18.8717 
0.995649 0.0140092 -0.0921235 -78.3581 -0.0124184 0.999764 0.0178183 0.643755 0.0923513 -0.0165967 0.995588 19.6377 
0.995933 0.0121113 -0.0892834 -78.4331 -0.0103922 0.999752 0.0196939 0.638513 0.0894998 -0.0186859 0.995812 20.4037 
0.996183 0.0114041 -0.0865465 -78.5116 -0.0100415 0.999819 0.0161628 0.635281 0.0867151 -0.015232 0.996117 21.1612 
0.996273 0.0144956 -0.0850307 -78.5913 -0.0137785 0.999864 0.00901374 0.629348 0.0851497 -0.00780851 0.996338 21.9064 
0.996419 0.0147235 -0.083266 -78.6703 -0.0146757 0.999892 0.00118605 0.623715 0.0832743 4.02289e-05 0.996527 22.6523 
0.996495 0.015903 -0.0821255 -78.7423 -0.0161857 0.999865 -0.00277848 0.612068 0.0820702 0.00409804 0.996618 23.4025 
0.996635 0.0176291 -0.0800481 -78.8217 -0.0177654 0.999842 -0.000991308 0.59786 0.080018 0.00241011 0.996791 24.1644 
0.996764 0.0205675 -0.0777076 -78.9003 -0.0203903 0.999787 0.0030728 0.58047 0.0777542 -0.00147834 0.996972 24.9194 
0.996853 0.0240761 -0.0755347 -78.98 -0.0235153 0.999689 0.00830439 0.566168 0.0757111 -0.00650199 0.997109 25.6838 
0.997086 0.021504 -0.0731938 -79.045 -0.0208114 0.999731 0.0102111 0.559827 0.0733937 -0.00865803 0.997266 26.4383 
0.997226 0.0184315 -0.0721088 -79.1092 -0.0177627 0.999793 0.00990425 0.555252 0.0722764 -0.00859589 0.997348 27.1902 
0.997312 0.0166688 -0.0713466 -79.1674 -0.0159778 0.99982 0.0102447 0.543553 0.0715044 -0.00907713 0.997399 27.9358 
0.997417 0.0159055 -0.0700472 -79.2412 -0.0153651 0.999848 0.008247 0.539033 0.0701677 -0.00714937 0.99751 28.6911 
0.997496 0.0142105 -0.0692847 -79.3048 -0.0137574 0.999881 0.0070119 0.536048 0.0693761 -0.00604112 0.997572 29.4468 
0.997525 0.0127113 -0.0691507 -79.3658 -0.0122373 0.999899 0.00727376 0.528108 0.0692362 -0.0064095 0.99758 30.2118 
0.997548 0.0157399 -0.06819 -79.4403 -0.0152131 0.99985 0.00823702 0.523578 0.0683094 -0.0071794 0.997638 30.9844 
0.997557 0.0152582 -0.0681655 -79.5107 -0.014797 0.999864 0.00726439 0.520739 0.0682671 -0.00623795 0.997648 31.7646 
0.997453 0.0145906 -0.0698237 -79.578 -0.0141175 0.999874 0.00726455 0.512168 0.0699208 -0.00626027 0.997533 32.5382 
0.997334 0.012214 -0.0719381 -79.6436 -0.0116831 0.999901 0.00779548 0.505864 0.0720261 -0.00693419 0.997379 33.323 
0.997089 0.0137272 -0.0750056 -79.723 -0.0131957 0.999884 0.00757635 0.500789 0.0751009 -0.0065645 0.997154 34.1093 
0.996827 0.0175789 -0.0776394 -79.8099 -0.0170769 0.999829 0.00712435 0.495224 0.0777513 -0.00577585 0.996956 34.9015 
0.996611 0.0176257 -0.0803539 -79.8949 -0.0175071 0.999844 0.00217981 0.48743 0.0803797 -0.000765612 0.996764 35.6918 
0.996404 0.0182342 -0.0827472 -79.981 -0.0183852 0.99983 -0.00106394 0.476558 0.0827137 0.00258148 0.99657 36.496 
0.996283 0.0176288 -0.0843185 -80.0731 -0.0179384 0.999835 -0.00291627 0.47174 0.0842531 0.00441801 0.996435 37.3081 
0.996098 0.0178721 -0.0864305 -80.1618 -0.0180598 0.999836 -0.00139036 0.457674 0.0863914 0.00294589 0.996257 38.132 
0.995908 0.0162285 -0.0888988 -80.2451 -0.0163164 0.999867 -0.000262949 0.440029 0.0888827 0.00171242 0.996041 38.9611 
0.995782 0.0151753 -0.0904853 -80.3405 -0.0151182 0.999885 0.00131528 0.434522 0.0904948 5.82865e-05 0.995897 39.7866 
0.995667 0.0152097 -0.0917341 -80.4373 -0.0147983 0.999877 0.00516286 0.424021 0.0918013 -0.00378294 0.99577 40.6254 
0.995588 0.015131 -0.0926083 -80.5312 -0.0142857 0.99985 0.00978295 0.418369 0.0927424 -0.00841676 0.995655 41.4768 
0.995643 0.015258 -0.0919961 -80.6241 -0.0141996 0.999825 0.0121478 0.410814 0.0921653 -0.0107886 0.995685 42.3291 
0.995755 0.0182157 -0.0902193 -80.7205 -0.0171873 0.999778 0.0121623 0.407493 0.0904208 -0.01056 0.995848 43.1876 
0.995933 0.0181925 -0.0882418 -80.8178 -0.0173081 0.999792 0.0107765 0.405039 0.0884194 -0.00920533 0.996041 44.0503 
0.996089 0.0153724 -0.0870077 -80.9016 -0.0146669 0.999854 0.00874175 0.398426 0.0871294 -0.00743138 0.996169 44.9145 
0.996308 0.0117562 -0.0850428 -80.9875 -0.0111721 0.999911 0.00734077 0.390602 0.0851215 -0.00636352 0.99635 45.7876 
0.996479 0.0104672 -0.0831883 -81.0758 -0.00989901 0.999925 0.00723901 0.384069 0.0832578 -0.00638999 0.996508 46.654 
0.996565 0.00789171 -0.0824352 -81.162 -0.00712813 0.999929 0.00955248 0.376309 0.0825047 -0.00893202 0.996551 47.5304 
0.996647 0.00558855 -0.0816249 -81.2429 -0.00461947 0.999917 0.0120559 0.370299 0.0816854 -0.0116384 0.99659 48.404 
0.996726 0.00502964 -0.0807035 -81.3344 -0.00402115 0.999912 0.0126534 0.356911 0.08076 -0.0122875 0.996658 49.2708 
0.996855 0.00619668 -0.0790046 -81.4365 -0.00545529 0.999939 0.00959597 0.346497 0.0790592 -0.00913476 0.996828 50.1358 
0.996866 0.00844729 -0.0786578 -81.5229 -0.00817013 0.999959 0.00384434 0.335146 0.078687 -0.0031896 0.996894 50.9946 
0.996949 0.0100727 -0.0774057 -81.6134 -0.0102154 0.999947 -0.00144789 0.320877 0.077387 0.00223424 0.996999 51.8469 
0.996971 0.0147433 -0.0763601 -81.7053 -0.0153405 0.999856 -0.00724106 0.304145 0.0762423 0.00839058 0.997054 52.6945 
0.997054 0.0145916 -0.0753072 -81.7875 -0.0152476 0.999851 -0.00814483 0.286039 0.075177 0.00926913 0.997127 53.5464 
0.997132 0.0118741 -0.0747461 -81.8718 -0.0120724 0.999925 -0.00220249 0.272314 0.0747143 0.00309859 0.9972 54.3877 
0.997074 0.0117439 -0.0755363 -81.9505 -0.0112497 0.999913 0.00696389 0.255629 0.0756115 -0.00609371 0.997119 55.2437 
0.99701 0.0109941 -0.0764896 -82.0347 -0.00990146 0.999844 0.0146484 0.2431 0.0766387 -0.0138471 0.996963 56.1007 
0.996825 0.00897066 -0.0791166 -82.1112 -0.00802279 0.999892 0.01229 0.236612 0.0792183 -0.0116162 0.99679 56.9351 
0.996712 0.00358264 -0.080949 -82.19 -0.00285248 0.999954 0.00913339 0.228345 0.080978 -0.00887241 0.996676 57.7736 
0.996489 0.00204459 -0.0837013 -82.2707 -0.00140384 0.999969 0.00771289 0.21919 0.0837145 -0.00756826 0.996461 58.6052 
0.996263 0.00414087 -0.0862676 -82.3617 -0.00368426 0.999978 0.00545095 0.205343 0.0862883 -0.00511271 0.996257 59.4294 
0.995954 0.0060254 -0.0896605 -82.4552 -0.00586871 0.999981 0.00201064 0.194033 0.0896708 -0.00147627 0.99597 60.2517 
0.995623 0.00661194 -0.0932221 -82.5523 -0.00679419 0.999976 -0.00163822 0.182888 0.0932089 0.00226446 0.995644 61.0645 
0.995312 0.00849698 -0.0963421 -82.6517 -0.00906409 0.999944 -0.00545065 0.16472 0.0962904 0.0062984 0.995333 61.8751 
0.994955 0.0127936 -0.0995061 -82.7604 -0.0134264 0.999894 -0.00569275 0.149061 0.0994226 0.00700007 0.995021 62.6779 
0.994569 0.0162906 -0.102799 -82.8695 -0.0168132 0.99985 -0.00421969 0.138015 0.102715 0.0059252 0.994693 63.4826 
0.994112 0.0196452 -0.106558 -82.9785 -0.0195528 0.999807 0.00191087 0.120059 0.106575 0.000183933 0.994305 64.2823 
0.993622 0.0210757 -0.110777 -83.0855 -0.0203975 0.999766 0.00725178 0.110758 0.110904 -0.00494591 0.993819 65.0857 
0.993065 0.0205605 -0.115753 -83.1942 -0.0194462 0.999753 0.0107477 0.102905 0.115946 -0.0084222 0.99322 65.8795 
0.992313 0.0209488 -0.121967 -83.3115 -0.0196611 0.999738 0.0117514 0.0990575 0.122181 -0.00926305 0.992465 66.6591 
0.991617 0.0180467 -0.127944 -83.4253 -0.0162025 0.99975 0.0154396 0.0936997 0.128191 -0.0132371 0.991661 67.4466 
0.990758 0.0188024 -0.134329 -83.5478 -0.0169015 0.99974 0.0152769 0.0887174 0.134581 -0.0128653 0.990819 68.2182 
0.989812 0.0236161 -0.140406 -83.6812 -0.021808 0.999658 0.0144019 0.0802134 0.140698 -0.0111931 0.989989 68.9862 
0.988924 0.0256621 -0.146185 -83.8201 -0.0243885 0.999647 0.0104978 0.0771813 0.146403 -0.00681627 0.989202 69.7506 
0.988035 0.0242489 -0.152315 -83.9514 -0.0233744 0.999698 0.00752908 0.0751502 0.152451 -0.00387868 0.988303 70.5135 
0.987102 0.0257576 -0.158007 -84.0884 -0.0251037 0.999666 0.0061332 0.0710396 0.158112 -0.00208749 0.987419 71.2817 
0.986319 0.0275089 -0.162536 -84.237 -0.0261035 0.999601 0.010776 0.0704841 0.162767 -0.00638573 0.986644 72.052 
0.985315 0.0277272 -0.168481 -84.388 -0.0256053 0.999563 0.0147543 0.0683147 0.168817 -0.0102235 0.985595 72.8075 
0.984285 0.0272743 -0.17447 -84.5434 -0.0246408 0.999548 0.0172429 0.0575407 0.174861 -0.0126727 0.984512 73.573 
0.983044 0.0247217 -0.181696 -84.694 -0.0226287 0.999652 0.0135833 0.0518916 0.181968 -0.00924143 0.983261 74.3174 
0.981498 0.0227361 -0.190119 -84.8534 -0.0219227 0.999739 0.00638024 0.0530648 0.190215 -0.00209421 0.98174 75.0571 
0.979818 0.0206696 -0.19882 -85.0275 -0.0201646 0.999786 0.00456465 0.0480494 0.198871 -0.00046336 0.980026 75.7976 
0.977531 0.0199014 -0.209849 -85.2013 -0.0187773 0.999797 0.00734807 0.0409363 0.209952 -0.00324253 0.977706 76.5355 
0.975182 0.0201982 -0.220483 -85.3917 -0.017682 0.999754 0.0133801 0.0401771 0.220699 -0.00914944 0.975299 77.2753 
0.972401 0.0222026 -0.232259 -85.5917 -0.0178325 0.999623 0.0208986 0.0425712 0.232635 -0.01618 0.972429 78.0106 
0.969776 0.0220736 -0.242996 -85.8017 -0.0166376 0.999564 0.0244005 0.0366269 0.243428 -0.0196201 0.96972 78.7255 
0.966832 0.0257072 -0.254116 -86.0198 -0.021365 0.999575 0.0198333 0.0361279 0.254517 -0.0137462 0.966971 79.4376 
0.963702 0.0246255 -0.265843 -86.242 -0.022613 0.999688 0.0106291 0.0346708 0.266021 -0.00423171 0.963958 80.137 
0.960297 0.0225796 -0.278065 -86.4668 -0.0219616 0.999745 0.00533733 0.0423928 0.278114 0.000981386 0.960548 80.8409 
0.956715 0.0208355 -0.29028 -86.6995 -0.018714 0.999774 0.0100829 0.0419753 0.290424 -0.00421415 0.956889 81.5538 
0.953171 0.0223368 -0.301607 -86.948 -0.0178975 0.999687 0.0174747 0.0382221 0.301903 -0.0112583 0.953272 82.2723 
0.949491 0.0221787 -0.31301 -87.2093 -0.015788 0.999612 0.0229369 0.0344462 0.313397 -0.0168365 0.949473 82.9813 
0.945195 0.019322 -0.325936 -87.4682 -0.0133975 0.999702 0.0204119 0.0414322 0.326233 -0.0149264 0.945172 83.6887 
0.941335 0.0175054 -0.337019 -87.7401 -0.0127954 0.999787 0.0161918 0.0395068 0.337231 -0.0109296 0.941359 84.391 
0.938053 0.0133622 -0.346235 -88.0134 -0.0108017 0.999898 0.0093236 0.0357864 0.346325 -0.00500603 0.938101 85.0849 
0.935226 0.00905733 -0.353934 -88.2956 -0.00833491 0.999959 0.00356533 0.0292221 0.353952 -0.000384329 0.935264 85.7857 
0.932408 0.00871071 -0.361302 -88.5849 -0.00880183 0.99996 0.00139338 0.0252353 0.3613 0.00188096 0.932448 86.4867 
0.929266 0.0133266 -0.369171 -88.8854 -0.0139309 0.999902 0.00102862 0.0177991 0.369149 0.00418707 0.929361 87.1799 
0.926128 0.0133466 -0.376972 -89.19 -0.0130019 0.99991 0.00345899 0.00821328 0.376984 0.00169793 0.926218 87.8823 
0.922774 0.0143639 -0.385075 -89.4974 -0.011358 0.999885 0.0100796 0.00343157 0.385175 -0.00492744 0.92283 88.5889 
0.919983 0.0162812 -0.39162 -89.8153 -0.00991858 0.999784 0.0182646 0.000357995 0.391833 -0.0129187 0.919946 89.2911 
0.917227 0.0261815 -0.397504 -90.1459 -0.0175888 0.999527 0.0252481 -0.00819643 0.397976 -0.0161665 0.917253 89.9839 
0.914748 0.0324963 -0.402715 -90.4916 -0.025912 0.999427 0.0217889 -0.00380522 0.403192 -0.00949621 0.915066 90.6654 
0.912329 0.0291752 -0.408417 -90.8152 -0.0255444 0.999571 0.0143427 -0.0039102 0.40866 -0.00265247 0.912683 91.346 
0.910276 0.0216832 -0.413434 -91.1373 -0.020731 0.999762 0.00678967 0.000422901 0.413483 0.00239046 0.910509 92.0373 
0.908464 0.0221387 -0.417376 -91.469 -0.0216105 0.999749 0.00599177 -0.00120289 0.417403 0.00357642 0.908714 92.73 
0.906093 0.02809 -0.422145 -91.815 -0.0257282 0.999605 0.0112916 -0.00686849 0.422296 0.000629814 0.906458 93.4236 
0.903384 0.0305837 -0.42774 -92.1611 -0.0263859 0.999528 0.0157398 -0.0132537 0.428019 -0.00293273 0.903765 94.1237 
0.901024 0.0265973 -0.432952 -92.5039 -0.0230117 0.999644 0.0135204 -0.0154732 0.433158 -0.00221922 0.901315 94.8117 
0.898582 0.0254427 -0.438068 -92.8576 -0.0244622 0.99967 0.00788238 -0.0304836 0.438124 0.00363319 0.898907 95.4988 
0.896363 0.0230794 -0.442721 -93.2166 -0.0248897 0.999689 0.00172098 -0.0365551 0.442623 0.00947663 0.896658 96.1811 
0.894117 0.0235086 -0.447217 -93.5893 -0.026285 0.999655 -3.05253e-06 -0.0380779 0.447062 0.0117579 0.894426 96.8678 
0.892105 0.0264107 -0.451056 -93.9609 -0.0274526 0.999614 0.00423421 -0.0487318 0.450994 0.00860534 0.892486 97.5576 
0.88982 0.0280467 -0.455448 -94.328 -0.0282254 0.999581 0.00640995 -0.0585887 0.455437 0.00715154 0.890239 98.2434 
0.887266 0.0288361 -0.460357 -94.6984 -0.0289491 0.999558 0.0068158 -0.0652063 0.460349 0.00727955 0.887708 98.9218 
0.885089 0.0267736 -0.464651 -95.0712 -0.0269803 0.999617 0.00620544 -0.0765619 0.464639 0.0070441 0.885472 99.5927 
0.882835 0.0250569 -0.469015 -95.4406 -0.0254456 0.999661 0.00550976 -0.0825104 0.468994 0.00707021 0.883173 100.265 
0.880642 0.0246039 -0.473142 -95.8165 -0.024787 0.999676 0.00584902 -0.0874073 0.473133 0.00657692 0.880967 100.931 
0.878394 0.0259589 -0.477231 -96.1996 -0.0260886 0.999639 0.0063564 -0.0955974 0.477224 0.00686689 0.878755 101.588 
0.875931 0.0262264 -0.481723 -96.5789 -0.0264528 0.99963 0.00632291 -0.105111 0.481711 0.00720453 0.876301 102.246 
0.873422 0.0231587 -0.486414 -96.9532 -0.0251584 0.999681 0.0024206 -0.119376 0.486314 0.0101232 0.873725 102.897 
0.871191 0.0199631 -0.490538 -97.3308 -0.0239429 0.999712 -0.00183782 -0.134501 0.49036 0.013346 0.871418 103.532 
0.869344 0.0181628 -0.493874 -97.7181 -0.0236498 0.999709 -0.00486429 -0.138581 0.493641 0.0159088 0.86952 104.164 
0.867292 0.0201199 -0.497392 -98.0976 -0.0238717 0.999714 -0.00118529 -0.147872 0.497226 0.0129016 0.867525 104.798 
0.865345 0.0241407 -0.500594 -98.4794 -0.0234129 0.999696 0.00773708 -0.158401 0.500629 0.00502515 0.865648 105.428 
0.863812 0.0263631 -0.503124 -98.8554 -0.0205096 0.999642 0.0171672 -0.166467 0.503396 -0.00451031 0.864044 106.056 
0.862408 0.0259036 -0.505551 -99.2346 -0.0174305 0.999617 0.0214844 -0.167793 0.505914 -0.0097163 0.862529 106.668 
0.860879 0.0226005 -0.508308 -99.5982 -0.0141185 0.999689 0.0205369 -0.162455 0.508614 -0.0105032 0.860931 107.261 
0.859018 0.0209746 -0.511516 -99.9557 -0.0140637 0.99975 0.0173765 -0.167119 0.511752 -0.00773289 0.859098 107.836 
0.857433 0.0189599 -0.514246 -100.312 -0.0135129 0.999806 0.0143312 -0.165782 0.514418 -0.00533899 0.857523 108.396 
0.855966 0.0173153 -0.516743 -100.658 -0.0123331 0.999839 0.0130738 -0.167324 0.516886 -0.0048176 0.856041 108.939 
0.854674 0.0159547 -0.51892 -100.993 -0.0110334 0.99986 0.0125693 -0.1686 0.519048 -0.00501717 0.85473 109.473 
0.853128 0.0161058 -0.521453 -101.32 -0.0106425 0.999853 0.01347 -0.172164 0.521593 -0.00594206 0.853174 109.991 
0.8517 0.0162371 -0.523778 -101.637 -0.00994217 0.999841 0.0148282 -0.173936 0.523935 -0.00742167 0.851726 110.494 
0.850324 0.014541 -0.526058 -101.946 -0.00773839 0.999856 0.0151289 -0.173044 0.526202 -0.00879358 0.850314 110.971 
0.849536 0.0129789 -0.52737 -102.25 -0.00586589 0.999868 0.0151581 -0.176506 0.527497 -0.00978379 0.8495 111.407 
0.848395 0.0121918 -0.529224 -102.534 -0.0055281 0.999884 0.0141724 -0.181772 0.529335 -0.00909814 0.848364 111.838 
0.847098 0.0121173 -0.531299 -102.808 -0.00732543 0.999911 0.0111252 -0.195183 0.531387 -0.0055321 0.847111 112.252 
0.845578 0.00955468 -0.533766 -103.073 -0.00700489 0.999952 0.00680264 -0.194206 0.533805 -0.00201315 0.845605 112.648 
0.843239 0.0052566 -0.537514 -103.321 -0.00341247 0.999984 0.00442588 -0.194113 0.537529 -0.00189777 0.843243 113.029 
0.840549 0.00117733 -0.541735 -103.563 0.00139338 0.99999 0.00433515 -0.190679 0.541734 -0.0043987 0.840538 113.397 
0.837197 0.00212886 -0.546897 -103.805 0.00112085 0.999984 0.00560831 -0.191186 0.5469 -0.0053082 0.837181 113.74 
0.833239 0.00575954 -0.552884 -104.037 -0.00210907 0.999972 0.00723838 -0.194932 0.55291 -0.00486518 0.833227 114.072 
0.829428 0.0114748 -0.558497 -104.263 -0.00590537 0.999913 0.0117739 -0.200658 0.558583 -0.00646745 0.829423 114.384 
0.825415 0.0166831 -0.564281 -104.479 -0.00745208 0.999798 0.0186586 -0.204178 0.564478 -0.011196 0.825372 114.68 
0.820313 0.0185622 -0.571614 -104.677 -0.00659001 0.999714 0.0230067 -0.21015 0.571877 -0.0151057 0.8202 114.962 
0.814621 0.0153787 -0.57979 -104.869 -0.00196949 0.999716 0.0237498 -0.204626 0.579991 -0.0182051 0.81442 115.233 
0.807736 0.0133344 -0.589394 -105.059 0.0013077 0.999701 0.0244093 -0.202156 0.589543 -0.020487 0.807477 115.473 
0.798829 0.0117068 -0.601444 -105.241 0.00422619 0.999677 0.0250712 -0.196909 0.601543 -0.0225694 0.798521 115.706 
0.7884 0.012171 -0.615043 -105.421 0.00463076 0.999659 0.0257181 -0.196606 0.615146 -0.0231242 0.788074 115.916 
0.776191 0.0138111 -0.630346 -105.6 0.002777 0.999676 0.0253227 -0.198993 0.630491 -0.0214057 0.775901 116.101 
0.762055 0.0122921 -0.647396 -105.772 0.00309844 0.999739 0.0226292 -0.202142 0.647505 -0.0192505 0.761818 116.277 
0.747268 0.00959658 -0.664453 -105.941 0.00246621 0.999849 0.0172142 -0.202534 0.664518 -0.0145022 0.747131 116.435 
0.732018 0.00599012 -0.681259 -106.102 0.00268851 0.999928 0.0116809 -0.20237 0.68128 -0.0103821 0.73195 116.586 
0.71671 0.0059136 -0.697346 -106.272 -0.00106361 0.999972 0.00738674 -0.19949 0.697371 -0.00455239 0.716696 116.723 
0.701145 0.00905942 -0.712962 -106.454 -0.00829423 0.999955 0.00454939 -0.191591 0.712971 0.00272374 0.701188 116.85 
0.683673 0.0111286 -0.729704 -106.623 -0.0111051 0.999927 0.00484514 -0.193145 0.729704 0.00479097 0.683746 116.98 
0.664724 0.00941648 -0.74703 -106.799 -0.00809786 0.999953 0.00539894 -0.183318 0.747045 0.00246059 0.664769 117.116 
0.644471 0.00867391 -0.76458 -106.974 -0.00501692 0.999962 0.00711542 -0.183781 0.764613 -0.000749795 0.64449 117.244 
0.62232 0.0102014 -0.782696 -107.16 -0.0049401 0.999946 0.00910504 -0.179154 0.782747 -0.0017996 0.622337 117.359 
0.598088 0.014918 -0.801291 -107.353 -0.0088353 0.999889 0.0120206 -0.175376 0.801381 -0.000109678 0.598154 117.469 
0.573287 0.0183737 -0.819148 -107.55 -0.0108289 0.999831 0.0148477 -0.166062 0.819283 0.000358535 0.573389 117.572 
0.547477 0.0212192 -0.836552 -107.75 -0.0126238 0.999774 0.0170978 -0.162399 0.836725 0.00119987 0.547621 117.672 
0.521587 0.0242705 -0.852853 -107.954 -0.015718 0.999699 0.0188366 -0.162096 0.853053 0.00358028 0.521811 117.755 
0.495005 0.0286507 -0.868418 -108.163 -0.0200461 0.999567 0.0215511 -0.159898 0.868659 0.00674048 0.495365 117.828 
0.467617 0.0313439 -0.883375 -108.379 -0.022381 0.999471 0.0236157 -0.154586 0.883648 0.00872781 0.468071 117.894 
0.437569 0.0307233 -0.89866 -108.587 -0.021073 0.999492 0.0239097 -0.156515 0.898938 0.00847538 0.437994 117.967 
0.405141 0.0276891 -0.913835 -108.811 -0.0212294 0.999557 0.0208746 -0.154194 0.914008 0.010943 0.405549 118.034 
0.370169 0.0233118 -0.928672 -109.054 -0.0203982 0.999648 0.0169627 -0.151417 0.928741 0.0126642 0.370514 118.1 
0.330872 0.0208175 -0.943446 -109.316 -0.0201412 0.999685 0.0149948 -0.140815 0.943461 0.0140408 0.331187 118.159 
0.289224 0.01941 -0.957065 -109.604 -0.019715 0.999703 0.0143169 -0.12873 0.957059 0.0147277 0.28952 118.209 
0.245169 0.0176497 -0.96932 -109.904 -0.0189144 0.999731 0.0134194 -0.122682 0.969296 0.0150442 0.245437 118.251 
0.198051 0.015099 -0.980075 -110.22 -0.0177074 0.999773 0.0118242 -0.115404 0.980032 0.0150129 0.198273 118.278 
0.148854 0.0133713 -0.988769 -110.551 -0.0168534 0.999798 0.0109833 -0.113025 0.988716 0.0150293 0.149049 118.285 
0.0987272 0.0124106 -0.995037 -110.895 -0.0167895 0.999801 0.0108042 -0.0978054 0.994973 0.0156395 0.0989159 118.278 
0.0473473 0.0132662 -0.99879 -111.256 -0.0159643 0.999794 0.0125228 -0.0857044 0.998751 0.0153521 0.0475494 118.244 
-0.00590491 0.0157437 -0.999859 -111.626 -0.0122421 0.9998 0.0158151 -0.0818019 0.999908 0.0123338 -0.00571099 118.202 
-0.059799 0.0178373 -0.998051 -112.009 -0.00840991 0.999796 0.0183723 -0.0756404 0.998175 0.00949221 -0.0596368 118.143 
-0.113031 0.0191945 -0.993406 -112.396 -0.00437001 0.999794 0.0198152 -0.065367 0.993582 0.00658097 -0.112924 118.052 
-0.165642 0.0208719 -0.985965 -112.797 -0.00177798 0.999768 0.0214628 -0.057055 0.986184 0.0053082 -0.165566 117.938 
-0.216812 0.0222906 -0.975959 -113.21 -0.000106077 0.999739 0.0228573 -0.0477323 0.976214 0.0050593 -0.216753 117.802 
-0.2663 0.0233123 -0.963608 -113.633 0.00290036 0.999722 0.0233844 -0.0354734 0.963886 0.0034325 -0.266293 117.646 
-0.314489 0.0253004 -0.948924 -114.063 0.00803326 0.99968 0.0239913 -0.029895 0.949227 -7.79251e-05 -0.314591 117.465 
-0.361088 0.0262917 -0.932161 -114.499 0.0124436 0.999649 0.023375 -0.0166388 0.932449 -0.00315897 -0.361289 117.259 
-0.404887 0.0282037 -0.913932 -114.931 0.0170951 0.999583 0.0232735 -0.00909596 0.914207 -0.0062006 -0.405201 117.019 
