1 2.12261e-08 -2.11895e-08 0 2.12261e-08 1 2.10703e-08 0 -2.11895e-08 2.10703e-08 1 0 
0.99998 0.000569044 -0.00637054 -0.0108646 -0.000567151 1 0.000292382 -4.55843e-05 0.00637067 -0.000288721 0.99998 0.0953449 
0.99991 0.00103272 -0.0133659 -0.0233695 -0.00102903 0.999999 0.000280187 -0.00261267 0.0133662 -0.000266366 0.999911 0.190589 
0.999781 0.00162323 -0.0208811 -0.036124 -0.00163029 0.999999 -0.00032323 -0.00326936 0.0208805 0.000357244 0.999782 0.292879 
0.999541 0.00226459 -0.0302188 -0.0514735 -0.00231771 0.999996 -0.00172425 -0.00411681 0.0302148 0.00179354 0.999542 0.396206 
0.999121 0.00233706 -0.0418605 -0.0674513 -0.00248678 0.999991 -0.00352604 -0.000861592 0.0418518 0.00362709 0.999117 0.517862 
0.998455 0.00216518 -0.0555305 -0.089943 -0.00240788 0.999988 -0.00430475 -0.00343311 0.0555205 0.00443186 0.998448 0.648779 
0.997424 0.00210737 -0.0716942 -0.12204 -0.00242603 0.999988 -0.00435856 -0.0027966 0.0716841 0.00452132 0.997417 0.79045 
0.995901 0.000699394 -0.0904465 -0.154188 -0.00110106 0.99999 -0.00439154 -0.00280421 0.0904424 0.00447317 0.995892 0.947388 
0.99389 -0.000453669 -0.110376 -0.193431 -2.29012e-05 0.999991 -0.00431674 -0.00860409 0.110377 0.00429294 0.993881 1.10964 
0.991212 -0.000432823 -0.132286 -0.247135 -0.000196639 0.999989 -0.00474556 -0.00956417 0.132286 0.00472991 0.9912 1.28276 
0.987643 0.00300764 -0.156689 -0.303645 -0.00400992 0.999974 -0.00608116 -0.0162969 0.156667 0.00663437 0.987629 1.46183 
0.983238 0.00736069 -0.182176 -0.374804 -0.00887453 0.999933 -0.00749618 -0.0231243 0.182109 0.0089873 0.983237 1.64634 
0.97782 0.0102535 -0.209198 -0.452804 -0.0122845 0.999889 -0.00841172 -0.0284691 0.209089 0.0107951 0.977837 1.83366 
0.971029 0.0110268 -0.238709 -0.533254 -0.0134259 0.999874 -0.00842656 -0.0340481 0.238586 0.0113874 0.971055 2.03191 
0.962895 0.0130715 -0.269561 -0.626759 -0.0157845 0.999844 -0.00789913 -0.0378667 0.269416 0.011861 0.962951 2.23664 
0.953378 0.0147723 -0.301417 -0.734151 -0.0176495 0.999821 -0.00682441 -0.0387317 0.301262 0.0118261 0.953468 2.438 
0.941948 0.0167515 -0.33534 -0.843106 -0.0198341 0.999787 -0.00576956 -0.0400742 0.335172 0.0120858 0.94208 2.6444 
0.929198 0.0190829 -0.36909 -0.959962 -0.0225904 0.999731 -0.00518342 -0.0425309 0.368892 0.0131543 0.929379 2.84465 
0.915063 0.0216606 -0.402729 -1.08863 -0.0256804 0.99966 -0.00458378 -0.0408415 0.402493 0.0145368 0.915308 3.046 
0.898743 0.0221879 -0.437914 -1.22777 -0.0266392 0.999637 -0.00402343 -0.0391274 0.437666 0.0152818 0.899008 3.25436 
0.879848 0.0173959 -0.474937 -1.36529 -0.0223192 0.99974 -0.00472936 -0.0362078 0.474731 0.0147614 0.880007 3.45698 
0.858215 0.0122242 -0.513145 -1.51893 -0.0172703 0.999838 -0.00506571 -0.0368692 0.513 0.0132097 0.858287 3.66397 
0.832656 0.0139998 -0.553614 -1.68682 -0.0179746 0.999837 -0.00175057 -0.0423567 0.553499 0.0114086 0.832772 3.85593 
0.802867 0.0192895 -0.595847 -1.87735 -0.0224868 0.999745 0.00206533 -0.0467235 0.595734 0.0117405 0.803096 4.04319 
0.769501 0.0221999 -0.63826 -2.08219 -0.0256946 0.999663 0.00379214 -0.0487813 0.638129 0.0134818 0.769812 4.22225 
0.732755 0.0216337 -0.680148 -2.3013 -0.0249994 0.999676 0.0048639 -0.052008 0.680033 0.0134393 0.733058 4.40106 
0.692218 0.0174062 -0.721479 -2.53226 -0.0189148 0.999803 0.00597318 -0.049761 0.721441 0.00951196 0.692411 4.57785 
0.648901 0.0137054 -0.760749 -2.78471 -0.0132376 0.99989 0.00672237 -0.0481981 0.760757 0.00570837 0.649011 4.7441 
0.603417 0.0133098 -0.797315 -3.05759 -0.0105252 0.999907 0.00872605 -0.0467504 0.797357 0.00312653 0.6035 4.89991 
0.554785 0.013943 -0.831877 -3.34958 -0.00816971 0.999903 0.0113108 -0.0438154 0.831954 0.000521202 0.554845 5.0442 
0.503494 0.0147297 -0.863873 -3.65762 -0.00678545 0.999891 0.0130941 -0.0393855 0.863972 -0.000730995 0.50354 5.16598 
0.450596 0.0163617 -0.892578 -3.97737 -0.00560166 0.999864 0.0155004 -0.0383395 0.89271 -0.00198446 0.450627 5.27006 
0.395954 0.0183446 -0.918087 -4.31965 -0.0045907 0.999828 0.017998 -0.0320483 0.918259 -0.00291167 0.39597 5.36205 
0.340606 0.020147 -0.93999 -4.68096 -0.00441322 0.999794 0.0198297 -0.022216 0.940196 -0.00260567 0.340625 5.43539 
0.285491 0.0232337 -0.9581 -5.06432 -0.0016001 0.999716 0.0237661 -0.0219019 0.95838 -0.0052519 0.285447 5.49942 
0.231946 0.0249908 -0.972408 -5.47598 0.00141607 0.99966 0.0260289 -0.00995063 0.972728 -0.00741427 0.231832 5.55685 
0.180826 0.0255669 -0.983183 -5.88892 0.0043753 0.999631 0.0267993 -0.00867537 0.983505 -0.00914769 0.180648 5.59355 
0.133316 0.0264482 -0.990721 -6.32496 0.00189034 0.999635 0.0269406 0.000273279 0.991072 -0.00546438 0.133218 5.60522 
0.0911237 0.0265452 -0.995486 -6.77333 -0.000632822 0.999646 0.0265982 0.0122395 0.995839 -0.00179372 0.0911082 5.59721 
0.0531428 0.0251645 -0.99827 -7.22556 -0.00164435 0.999683 0.0251126 0.0193211 0.998586 0.000306999 0.0531674 5.58177 
0.0186065 0.022568 -0.999572 -7.69435 -0.00128646 0.999745 0.022548 0.0283339 0.999826 0.000866408 0.0186308 5.55764 
-0.0128587 0.0200962 -0.999715 -8.18005 -0.00130493 0.999797 0.0201147 0.0337914 0.999917 0.00156325 -0.0128299 5.52182 
-0.0393966 0.0182604 -0.999057 -8.68043 -0.001906 0.99983 0.0183497 0.0396376 0.999222 0.00262716 -0.0393551 5.47438 
-0.0603008 0.0157741 -0.998056 -9.19184 -0.00239617 0.99987 0.0159476 0.049144 0.998177 0.0033532 -0.0602552 5.41723 
-0.0767432 0.0147829 -0.996941 -9.7258 -0.00147563 0.999887 0.0149402 0.0632397 0.99705 0.00261771 -0.0767127 5.35393 
-0.0898575 0.0153966 -0.995836 -10.2617 -0.000657778 0.999879 0.0155184 0.064753 0.995954 0.00204953 -0.0898365 5.28855 
-0.099609 0.0164679 -0.99489 -10.8162 -0.000976112 0.999861 0.0166479 0.0682252 0.995026 0.00262945 -0.0995791 5.21657 
-0.106413 0.017825 -0.994162 -11.3931 -0.00337049 0.999827 0.0182874 0.0660552 0.994316 0.00529686 -0.106334 5.13413 
-0.111143 0.018727 -0.993628 -11.9814 -0.00300137 0.999812 0.0191793 0.0744048 0.9938 0.00511393 -0.111066 5.05788 
-0.112453 0.0194124 -0.993467 -12.5886 -0.000488988 0.999808 0.0195917 0.0851899 0.993657 0.00268898 -0.112422 4.97683 
-0.111669 0.0218283 -0.993506 -13.2098 0.00156761 0.999761 0.0217896 0.0901993 0.993744 0.000875822 -0.111676 4.90021 
-0.110531 0.0243155 -0.993575 -13.847 0.00127397 0.999703 0.0243238 0.0967697 0.993872 0.00142279 -0.110529 4.82225 
-0.108982 0.0240699 -0.993752 -14.5037 -0.000845398 0.999704 0.0243068 0.10451 0.994043 0.00348917 -0.10893 4.73461 
-0.107958 0.0212669 -0.993928 -15.162 -0.00227504 0.999763 0.0216389 0.116407 0.994153 0.00459736 -0.107884 4.65872 
-0.107118 0.0210988 -0.994022 -15.8378 -0.00254578 0.999766 0.0214951 0.128732 0.994243 0.0048331 -0.107039 4.585 
-0.105367 0.0236557 -0.994152 -16.5385 -0.00202255 0.99971 0.0240023 0.144307 0.994431 0.00453981 -0.105288 4.50039 
-0.103224 0.0271769 -0.994287 -17.2599 -0.00308523 0.999613 0.0276428 0.152233 0.994653 0.00592103 -0.1031 4.40592 
-0.101563 0.0291974 -0.994401 -17.9911 -0.00336209 0.999553 0.0296921 0.159961 0.994823 0.00635891 -0.101419 4.3192 
-0.0999681 0.0284715 -0.994583 -18.7331 -0.00507475 0.999563 0.0291241 0.17242 0.994978 0.00795878 -0.0997799 4.23221 
-0.0983449 0.0255427 -0.994825 -19.483 -0.00712019 0.999627 0.0263699 0.186296 0.995127 0.00967672 -0.0981263 4.14059 
-0.0969878 0.0247605 -0.994978 -20.2515 -0.00791454 0.99964 0.0256481 0.20126 0.995254 0.0103624 -0.0967569 4.0519 
-0.0958228 0.0273012 -0.995024 -21.0312 -0.0049831 0.999598 0.0279065 0.212251 0.995386 0.00763242 -0.0956483 3.97021 
-0.0948215 0.0291237 -0.995068 -21.8208 -0.00263267 0.999561 0.0295061 0.231033 0.995491 0.00541753 -0.0947032 3.88713 
-0.0936309 0.0308032 -0.99513 -22.6198 -0.00145531 0.999516 0.0310759 0.24294 0.995606 0.00435793 -0.0935408 3.79881 
-0.093103 0.0263958 -0.995307 -23.418 -0.000731872 0.999646 0.0265793 0.246235 0.995656 0.00320309 -0.0930507 3.71008 
-0.092705 0.019436 -0.995504 -24.2216 0.000699224 0.999811 0.0194549 0.254908 0.995693 0.00110753 -0.092701 3.6204 
-0.0928792 0.0147651 -0.995568 -25.0349 0.00383867 0.999888 0.0144711 0.267184 0.99567 -0.00247756 -0.0929254 3.53396 
-0.0932903 0.0156836 -0.995515 -25.8622 0.00472382 0.999872 0.0153095 0.273697 0.995628 -0.00327436 -0.0933524 3.44275 
-0.0936268 0.0229817 -0.995342 -26.7061 0.00435108 0.999733 0.0226738 0.278829 0.995598 -0.0022079 -0.0937018 3.34965 
-0.0937134 0.0300704 -0.995145 -27.5552 0.00267795 0.999548 0.0299512 0.287899 0.995596 0.00014192 -0.0937515 3.24818 
-0.0941318 0.0351249 -0.99494 -28.4024 0.000622088 0.999379 0.0352227 0.300706 0.99556 0.00269668 -0.0940952 3.14859 
-0.0945552 0.0353606 -0.994891 -29.2439 -0.000878922 0.999366 0.0356031 0.313566 0.995519 0.00424093 -0.0944641 3.05091 
-0.0951027 0.0319132 -0.994956 -30.0806 -0.000417621 0.999485 0.0320984 0.327521 0.995467 0.0034682 -0.0950404 2.96007 
-0.0957214 0.0292679 -0.994978 -30.9169 -0.000672296 0.999566 0.0294675 0.34047 0.995408 0.00348963 -0.0956601 2.86668 
-0.0960539 0.0305855 -0.994906 -31.7543 -0.00201117 0.99952 0.0309215 0.352374 0.995374 0.0049711 -0.0959463 2.77282 
-0.0955628 0.0327714 -0.994884 -32.5985 -0.00264374 0.999446 0.0331756 0.364272 0.99542 0.0058006 -0.0954232 2.66589 
-0.0954885 0.0310789 -0.994945 -33.4364 -0.00354913 0.999496 0.0315616 0.372498 0.995424 0.00654501 -0.0953301 2.56359 
-0.0949828 0.0258423 -0.995143 -34.2678 -0.00433593 0.999643 0.026373 0.38471 0.99547 0.00681989 -0.0948368 2.46326 
-0.0946889 0.0215541 -0.995274 -35.0974 -0.0055729 0.999738 0.0221809 0.396819 0.995491 0.00764689 -0.094544 2.36131 
-0.0942886 0.0223387 -0.995294 -35.9288 -0.00491427 0.999726 0.0229037 0.403705 0.995533 0.00705075 -0.094153 2.26701 
-0.0940092 0.0248763 -0.995261 -36.7622 -0.00365012 0.999672 0.0253314 0.407105 0.995565 0.00601425 -0.0938876 2.17754 
-0.0934048 0.0298414 -0.995181 -37.5957 -0.00332317 0.999536 0.0302839 0.415894 0.995623 0.00613585 -0.0932622 2.08286 
-0.0932375 0.0352295 -0.99502 -38.4267 -0.0022396 0.999364 0.0355932 0.430813 0.995641 0.0055471 -0.0930992 1.99788 
-0.0933969 0.0386431 -0.994879 -39.2625 -0.00223767 0.999236 0.0390224 0.442381 0.995626 0.00587082 -0.0932391 1.89961 
-0.093128 0.0382326 -0.99492 -40.0906 -0.0018675 0.999254 0.0385739 0.461096 0.995652 0.00545037 -0.0929871 1.8087 
-0.0928099 0.0339066 -0.995106 -40.9246 -0.00188726 0.999412 0.0342293 0.476473 0.995682 0.00505488 -0.0926913 1.70629 
-0.0928277 0.0295494 -0.995244 -41.7461 -0.00266554 0.999549 0.0299258 0.487871 0.995679 0.00543085 -0.0927071 1.61866 
-0.0928653 0.0266345 -0.995322 -42.5726 -0.00653504 0.999604 0.0273588 0.498125 0.995657 0.0090452 -0.0926545 1.52101 
-0.0935169 0.0246601 -0.995312 -43.4017 -0.00964753 0.999624 0.0256734 0.509074 0.995571 0.0120032 -0.0932438 1.42357 
-0.0943257 0.0226584 -0.995284 -44.2305 -0.00720889 0.999699 0.0234422 0.515093 0.995515 0.00938613 -0.094134 1.33119 
-0.0956449 0.0192603 -0.995229 -45.0551 -0.0039728 0.999797 0.0197305 0.516713 0.995408 0.005841 -0.095549 1.24235 
-0.0965406 0.0176796 -0.995172 -45.8751 0.000486502 0.999843 0.0177154 0.526334 0.995329 0.00122614 -0.096534 1.15239 
-0.0985218 0.0211269 -0.994911 -46.7004 0.00114002 0.999776 0.0211173 0.530688 0.995134 0.000946341 -0.0985239 1.05406 
-0.100551 0.0275009 -0.994552 -47.5295 0.00357504 0.999621 0.0272797 0.531895 0.994925 -0.00081251 -0.100612 0.960219 
-0.102631 0.0311763 -0.994231 -48.353 0.00556423 0.999511 0.0307675 0.539352 0.994704 -0.00237439 -0.102754 0.865378 
-0.104284 0.0304066 -0.994083 -49.1555 0.00575046 0.999534 0.0299701 0.545465 0.994531 -0.00259099 -0.10441 0.769675 
-0.105151 0.0263102 -0.994108 -49.9567 0.00210798 0.999654 0.026234 0.550479 0.994454 0.000663012 -0.10517 0.660589 
-0.106574 0.0225059 -0.99405 -50.7459 -0.00265637 0.999734 0.0229193 0.556761 0.994301 0.0050832 -0.106485 0.555991 
-0.108271 0.0209104 -0.993902 -51.5422 -0.00695191 0.999738 0.0217905 0.561456 0.994097 0.00926881 -0.108097 0.448769 
-0.109359 0.0219916 -0.993759 -52.3345 -0.00835925 0.9997 0.0230429 0.563452 0.993967 0.0108271 -0.109143 0.343398 
-0.110544 0.0233143 -0.993598 -53.1243 -0.00828561 0.999669 0.0243786 0.568155 0.993837 0.0109275 -0.110314 0.244405 
-0.111645 0.0227975 -0.993487 -53.9068 -0.0103282 0.999656 0.0240998 0.571522 0.993694 0.0129516 -0.111372 0.139775 
-0.112509 0.0227804 -0.99339 -54.6829 -0.0105749 0.999653 0.0241217 0.572969 0.993595 0.0132189 -0.112229 0.0404552 
-0.113173 0.024569 -0.993272 -55.4572 -0.00882649 0.99963 0.025732 0.579696 0.993536 0.0116793 -0.112914 -0.05976 
-0.113621 0.0274695 -0.993144 -56.2333 -0.00741933 0.999566 0.0284959 0.58684 0.993497 0.0106062 -0.113367 -0.159802 
-0.113894 0.0316821 -0.992988 -56.9982 -0.00774939 0.999433 0.0327766 0.5947 0.993463 0.0114282 -0.113584 -0.262913 
-0.114474 0.0339122 -0.992847 -57.7538 -0.00794736 0.999354 0.0350507 0.600598 0.993394 0.011903 -0.114131 -0.366494 
-0.115436 0.0339057 -0.992736 -58.5108 -0.00732031 0.999361 0.0349832 0.609228 0.993288 0.0113055 -0.115114 -0.465658 
-0.1161 0.0319603 -0.992723 -59.2615 -0.0063666 0.999438 0.0329211 0.615462 0.993217 0.0101424 -0.115831 -0.55856 
-0.116493 0.0282527 -0.99279 -59.996 -0.00581628 0.999559 0.0291278 0.626233 0.993175 0.00916757 -0.116277 -0.657304 
-0.116538 0.0255253 -0.992858 -60.7203 -0.00601226 0.999633 0.0264052 0.631588 0.993168 0.00904657 -0.116342 -0.752821 
-0.115644 0.0232355 -0.993019 -61.4378 -0.00660015 0.999686 0.0241601 0.635535 0.993269 0.0093481 -0.115455 -0.848782 
-0.11356 0.0222855 -0.993281 -62.1328 -0.00862298 0.999689 0.0234151 0.64047 0.993494 0.0112241 -0.113332 -0.942256 
-0.109993 0.0232968 -0.993659 -62.8113 -0.00895823 0.999661 0.0244292 0.641134 0.993892 0.0115885 -0.109747 -1.02412 
-0.104167 0.0247347 -0.994252 -63.4834 -0.00790882 0.999639 0.0256973 0.646633 0.994528 0.0105402 -0.103934 -1.10957 
-0.0971259 0.0262578 -0.994926 -64.1392 -0.00697488 0.999609 0.0270623 0.6499 0.995248 0.00956798 -0.0969048 -1.18301 
-0.0882647 0.0275553 -0.995716 -64.7763 -0.0079037 0.999566 0.0283625 0.652944 0.996066 0.0103733 -0.0880087 -1.25155 
-0.0765735 0.0290857 -0.99664 -65.3968 -0.00990399 0.999503 0.0299302 0.656317 0.997015 0.0121626 -0.0762474 -1.30914 
-0.0619443 0.030487 -0.997614 -66.0007 -0.0132327 0.99942 0.0313639 0.662852 0.997992 0.015144 -0.061505 -1.35142 
-0.0438563 0.031571 -0.998539 -66.5847 -0.0149755 0.999368 0.0322549 0.669523 0.998926 0.0163683 -0.0433558 -1.37593 
-0.0217218 0.0324452 -0.999237 -67.1505 -0.0156522 0.99934 0.0327888 0.672387 0.999642 0.0163525 -0.0211996 -1.38565 
0.00364307 0.0328741 -0.999453 -67.6894 -0.0149067 0.99935 0.0328164 0.675615 0.999882 0.014779 0.00413074 -1.37383 
0.0329872 0.0324612 -0.998929 -68.2048 -0.0132933 0.999398 0.0320375 0.681385 0.999367 0.0122223 0.0333988 -1.34448 
0.06718 0.0323455 -0.997216 -68.7006 -0.0118607 0.99943 0.0316183 0.68725 0.99767 0.00970357 0.0675253 -1.29442 
0.104934 0.0326574 -0.993943 -69.1726 -0.0112322 0.999436 0.031652 0.693824 0.994416 0.00784283 0.105242 -1.22504 
0.145883 0.0324739 -0.988769 -69.6314 -0.011045 0.999452 0.0311952 0.695585 0.98924 0.00637013 0.146162 -1.1336 
0.191079 0.0333424 -0.981008 -70.0743 -0.00976178 0.999438 0.0320674 0.699713 0.981526 0.00344902 0.191297 -1.01943 
0.239878 0.0320732 -0.970273 -70.4987 -0.00654685 0.999485 0.0314202 0.702156 0.970781 -0.00118474 0.239965 -0.888305 
0.290386 0.0275026 -0.956514 -70.9074 0.00117315 0.999576 0.0290969 0.700482 0.956909 -0.00957143 0.290231 -0.726748 
0.342479 0.0226497 -0.939252 -71.2944 0.00632508 0.999631 0.026412 0.697815 0.939504 -0.0149864 0.34221 -0.555156 
0.395826 0.0180149 -0.918149 -71.6775 0.0113129 0.999636 0.0244909 0.706657 0.918256 -0.020081 0.395479 -0.36272 
0.447995 0.0174619 -0.893866 -72.0516 0.0109687 0.999627 0.0250253 0.714122 0.893969 -0.0210157 0.447636 -0.15446 
0.496978 0.0163401 -0.867609 -72.4096 0.0123223 0.999589 0.025884 0.720389 0.867676 -0.0235546 0.496572 0.079812 
0.542662 0.0117197 -0.839869 -72.7529 0.0202329 0.99943 0.0270193 0.73106 0.839707 -0.0316553 0.542116 0.345188 
0.587129 0.00545685 -0.809475 -73.0691 0.0306405 0.999111 0.0289594 0.73198 0.808913 -0.0418056 0.58644 0.63362 
0.630696 0.000831412 -0.77603 -73.3817 0.0314251 0.999152 0.0266103 0.733796 0.775394 -0.0411697 0.630135 0.920924 
0.673056 -0.00388029 -0.739582 -73.6815 0.0279834 0.999404 0.0202228 0.737661 0.739062 -0.034307 0.672763 1.21673 
0.714725 -0.0104753 -0.699327 -73.9577 0.0240305 0.999665 0.0095855 0.740718 0.698993 -0.0236561 0.714738 1.52449 
0.755148 -0.0135694 -0.655414 -74.2374 0.0191956 0.999815 0.00141683 0.748377 0.655273 -0.0136509 0.755269 1.86563 
0.793261 -0.0148394 -0.6087 -74.4988 0.0176402 0.999843 -0.00138615 0.752812 0.608626 -0.00963799 0.793399 2.23641 
0.827999 -0.0161668 -0.560497 -74.7303 0.017637 0.999841 -0.00278474 0.752773 0.560452 -0.00757965 0.828152 2.63587 
0.859579 -0.014727 -0.510791 -74.9639 0.0143187 0.999886 -0.00473249 0.750108 0.510803 -0.00324585 0.859692 3.05938 
0.886289 -0.013173 -0.462946 -75.1789 0.0134997 0.999906 -0.00260756 0.739965 0.462936 -0.00393853 0.886383 3.51805 
0.908158 -0.00668539 -0.418574 -75.3814 0.0066621 0.999977 -0.00151712 0.735506 0.418574 -0.00141075 0.908181 3.99757 
0.926258 -0.00252713 -0.376881 -75.5808 0.00156475 0.999995 -0.00285976 0.730923 0.376886 0.0020592 0.926258 4.49108 
0.940201 0.00253457 -0.34061 -75.7655 -0.00315073 0.999994 -0.00125599 0.725883 0.340605 0.0022541 0.940204 5.01524 
0.950635 0.00295824 -0.310297 -75.9382 -0.00288197 0.999996 0.000704122 0.717531 0.310298 0.000224952 0.950639 5.57195 
0.958232 0.00234421 -0.285984 -76.1009 -0.0016405 0.999995 0.00270007 0.706937 0.285989 -0.00211809 0.958231 6.14279 
0.964366 0.00258072 -0.264558 -76.2678 -0.00140307 0.999988 0.0046401 0.705418 0.264567 -0.00410352 0.964359 6.73454 
0.969205 0.00524 -0.246199 -76.428 -0.00356366 0.999967 0.00725377 0.703028 0.246229 -0.00615297 0.969192 7.33251 
0.972948 0.0100147 -0.230808 -76.5833 -0.00814517 0.999926 0.00905112 0.697751 0.230881 -0.00692625 0.972957 7.95356 
0.975954 0.0140834 -0.217521 -76.7342 -0.0121753 0.999875 0.0101097 0.698106 0.217636 -0.0072182 0.976003 8.59202 
0.978759 0.0124467 -0.204634 -76.872 -0.0106565 0.999895 0.00984777 0.69397 0.204735 -0.00745787 0.978789 9.24599 
0.981551 0.0127296 -0.190776 -77.0072 -0.0110896 0.999892 0.00966156 0.691493 0.190878 -0.00736764 0.981586 9.92074 
0.984242 0.013172 -0.176334 -77.1359 -0.0115419 0.999881 0.0102671 0.695057 0.176448 -0.00807 0.984277 10.6098 
0.986646 0.014503 -0.162233 -77.2593 -0.0128782 0.999856 0.0110622 0.690964 0.16237 -0.00882521 0.98669 11.3096 
0.988607 0.0143817 -0.149831 -77.3702 -0.0133096 0.999878 0.00815493 0.687081 0.14993 -0.00606779 0.988678 12.0342 
0.990217 0.0144753 -0.138785 -77.4846 -0.0141756 0.999895 0.00314741 0.678553 0.138816 -0.0011492 0.990318 12.7573 
0.991535 0.0129866 -0.129188 -77.592 -0.0134957 0.999904 -0.00306682 0.675121 0.129136 0.00478439 0.991615 13.489 
0.992552 0.0126896 -0.12116 -77.6906 -0.0131692 0.999908 -0.00315869 0.669392 0.121109 0.00473078 0.992628 14.2347 
0.99332 0.0149206 -0.114427 -77.7936 -0.014663 0.999888 0.00309265 0.659161 0.114461 -0.0013941 0.993427 14.998 
0.993817 0.0194276 -0.109314 -77.8998 -0.0183292 0.999771 0.0110433 0.65467 0.109504 -0.00897136 0.993946 15.7724 
0.994294 0.0195402 -0.10487 -78.0026 -0.0180725 0.999725 0.0149279 0.645199 0.105132 -0.0129474 0.994374 16.5607 
0.994699 0.0182823 -0.101188 -78.0966 -0.0170078 0.999765 0.0134433 0.647602 0.10141 -0.011651 0.994777 17.3225 
0.994997 0.0179403 -0.0982821 -78.1815 -0.0167774 0.999779 0.0126453 0.643155 0.0984872 -0.0109331 0.995078 18.0828 
0.995329 0.0162448 -0.0951634 -78.2689 -0.0149043 0.99978 0.0147796 0.642026 0.0953825 -0.0132922 0.995352 18.8463 
0.99558 0.0138845 -0.09289 -78.3473 -0.01232 0.999773 0.0173951 0.637982 0.0931104 -0.0161737 0.995524 19.6121 
0.995865 0.0119883 -0.0900505 -78.4229 -0.0102926 0.999761 0.0192709 0.632413 0.0902599 -0.0182644 0.995751 20.3781 
0.996117 0.0112784 -0.0873133 -78.502 -0.00994065 0.999827 0.0157401 0.628858 0.0874756 -0.014811 0.996057 21.1355 
0.996209 0.0143642 -0.0857966 -78.5822 -0.013677 0.99987 0.00859117 0.622606 0.0859088 -0.00738512 0.996276 21.8807 
0.996356 0.0145861 -0.084031 -78.6619 -0.0145735 0.999894 0.000763648 0.616656 0.0840331 0.000463799 0.996463 22.6265 
0.996427 0.0154207 -0.0830346 -78.7313 -0.0157366 0.999871 -0.00315244 0.603316 0.0829753 0.00444791 0.996542 23.3726 
0.99657 0.0171484 -0.0809583 -78.8114 -0.0173156 0.999849 -0.00136434 0.588815 0.0809226 0.00276154 0.996717 24.1344 
0.996702 0.0200903 -0.0786198 -78.8906 -0.0199396 0.999798 0.00270083 0.571134 0.0786581 -0.00112423 0.996901 24.8893 
0.996794 0.0236036 -0.0764496 -78.9711 -0.023064 0.999703 0.00793342 0.556536 0.076614 -0.00614471 0.997042 25.6536 
0.997028 0.0210334 -0.0741097 -79.0368 -0.0203592 0.999744 0.00984119 0.549911 0.0742977 -0.00830309 0.997202 26.408 
0.997168 0.0179608 -0.0730247 -79.1017 -0.01731 0.999805 0.00953483 0.545053 0.0731816 -0.00824373 0.997285 27.1598 
0.997267 0.0164418 -0.0720276 -79.1652 -0.0157716 0.999827 0.00986272 0.53301 0.0721772 -0.00869973 0.997354 27.9095 
0.997372 0.0156772 -0.0707279 -79.2395 -0.0151584 0.999854 0.00786531 0.528196 0.0708408 -0.00677248 0.997465 28.6649 
0.997451 0.0139814 -0.0699651 -79.3036 -0.0135505 0.999886 0.00663037 0.52492 0.0700498 -0.00566537 0.997527 29.4205 
0.997481 0.0124825 -0.0698312 -79.3651 -0.0120303 0.999904 0.00689226 0.516685 0.0699105 -0.00603477 0.997535 30.1855 
0.997505 0.0155116 -0.0688707 -79.4401 -0.0150057 0.999857 0.00785572 0.511855 0.0689826 -0.00680262 0.997595 30.958 
0.997501 0.0155029 -0.0689363 -79.5116 -0.0150541 0.999862 0.0070241 0.508264 0.0690357 -0.00596873 0.997596 31.7362 
0.997395 0.0148354 -0.0705944 -79.5794 -0.014375 0.999872 0.0070247 0.49951 0.0706896 -0.00599156 0.99748 32.5098 
0.997275 0.0124593 -0.0727085 -79.6457 -0.0119412 0.9999 0.00755617 0.49302 0.0727954 -0.00666732 0.997325 33.2945 
0.997027 0.0139721 -0.075776 -79.7257 -0.0134544 0.999883 0.00733783 0.487762 0.0758696 -0.00629645 0.997098 34.0808 
0.996762 0.0178233 -0.0784097 -79.8133 -0.0173363 0.999826 0.00688652 0.482014 0.0785188 -0.00550484 0.996897 34.8729 
0.996544 0.0178662 -0.0811252 -79.8988 -0.0177671 0.99984 0.00194268 0.474037 0.0811469 -0.00049456 0.996702 35.6631 
0.996335 0.0184721 -0.0835192 -79.9856 -0.0186457 0.999825 -0.00130044 0.462979 0.0834805 0.00285299 0.996505 36.4673 
0.996213 0.0178652 -0.0850908 -80.0782 -0.0181993 0.999829 -0.00315236 0.457974 0.0850199 0.00468906 0.996368 37.2793 
0.996026 0.0181097 -0.0872023 -80.1676 -0.0183212 0.999831 -0.0016259 0.443716 0.0871581 0.00321713 0.996189 38.1031 
0.995835 0.016467 -0.0896702 -80.2516 -0.0165784 0.999862 -0.00049784 0.425879 0.0896496 0.0019824 0.995971 38.9322 
0.995708 0.0154151 -0.0912561 -80.3476 -0.0153806 0.999881 0.00108081 0.420182 0.0912619 0.000327451 0.995827 39.7576 
0.995592 0.0154526 -0.0925039 -80.4451 -0.015061 0.999874 0.00492872 0.409489 0.0925684 -0.00351375 0.9957 40.5963 
0.995512 0.0153774 -0.0933769 -80.5396 -0.0145486 0.999849 0.00954905 0.40364 0.0935096 -0.00814764 0.995585 41.4476 
0.995567 0.0155062 -0.0927642 -80.6332 -0.0144624 0.999824 0.0119138 0.395888 0.0929326 -0.0105193 0.995617 42.2998 
0.995681 0.0184637 -0.0909876 -80.7302 -0.0174497 0.999777 0.0119278 0.392369 0.0911874 -0.0102885 0.995781 43.1582 
0.99586 0.0184395 -0.0890105 -80.8283 -0.01757 0.99979 0.0105415 0.389717 0.0891861 -0.00893385 0.995975 44.0209 
0.996018 0.0156181 -0.087777 -80.9127 -0.0149285 0.999852 0.00850637 0.382902 0.0878969 -0.00716207 0.996104 44.8851 
0.996239 0.0120011 -0.0858126 -80.9992 -0.0114333 0.999909 0.00710488 0.374874 0.08589 -0.00609699 0.996286 45.7581 
0.996412 0.010712 -0.0839583 -81.0883 -0.0101597 0.999924 0.00700263 0.368139 0.0840268 -0.00612446 0.996445 46.6244 
0.996499 0.00813854 -0.0832046 -81.1751 -0.00738866 0.999929 0.00931591 0.360174 0.0832745 -0.00866848 0.996489 47.5007 
0.996583 0.00583748 -0.0823937 -81.2567 -0.00487981 0.999918 0.0118191 0.353959 0.082456 -0.0113766 0.99653 48.3743 
0.996646 0.00533705 -0.0816565 -81.3426 -0.00435769 0.999917 0.0121667 0.34516 0.0817146 -0.0117701 0.996586 49.242 
0.996777 0.00650107 -0.0799587 -81.4455 -0.005791 0.999942 0.00910868 0.334333 0.0800132 -0.00861624 0.996757 50.1069 
0.996787 0.00874598 -0.0796136 -81.5327 -0.00850565 0.999958 0.00335691 0.322568 0.0796396 -0.00266891 0.99682 50.9657 
0.996871 0.0103662 -0.0783632 -81.6241 -0.0105503 0.999943 -0.00193574 0.307888 0.0783386 0.00275648 0.996923 51.8179 
0.996893 0.0150308 -0.0773193 -81.7167 -0.0156748 0.999847 -0.00772925 0.29075 0.0771913 0.00891725 0.996976 52.6654 
0.996976 0.0148783 -0.0762668 -81.7998 -0.0155814 0.999841 -0.00863337 0.272231 0.0761262 0.00979565 0.99705 53.5171 
0.997067 0.0122049 -0.0755527 -81.8852 -0.0124339 0.999919 -0.00256165 0.257139 0.0755153 0.00349359 0.997139 54.352 
0.997009 0.0120821 -0.0763398 -81.9646 -0.0116115 0.999911 0.00660503 0.240151 0.0764128 -0.00569882 0.99706 55.208 
0.996944 0.0113385 -0.0772905 -82.0495 -0.0102636 0.999845 0.0142899 0.227319 0.0774405 -0.0134529 0.996906 56.0648 
0.996758 0.00931332 -0.079918 -82.1267 -0.00838586 0.999894 0.0119324 0.220535 0.0800206 -0.0112235 0.99673 56.8992 
0.996645 0.00392311 -0.0817514 -82.2062 -0.0032162 0.999956 0.00877651 0.211972 0.0817822 -0.00848409 0.996614 57.7376 
0.99642 0.00238401 -0.084504 -82.2875 -0.00176853 0.999971 0.00735701 0.202524 0.0845191 -0.00718118 0.996396 58.5692 
0.996192 0.00447831 -0.0870709 -82.3792 -0.00404988 0.999979 0.00509601 0.188389 0.0870919 -0.00472393 0.996189 59.3933 
0.995879 0.0063599 -0.0904647 -82.4733 -0.00623552 0.999979 0.00165694 0.176794 0.0904733 -0.00108597 0.995898 60.2155 
0.995545 0.00694342 -0.0940273 -82.5712 -0.00716226 0.999972 -0.00199061 0.165369 0.0940108 0.00265523 0.995568 61.0282 
0.995231 0.00882519 -0.0971483 -82.6712 -0.00943324 0.999939 -0.00580188 0.146922 0.0970911 0.00669068 0.995253 61.8387 
0.99487 0.0131212 -0.100312 -82.7805 -0.0137966 0.999887 -0.0060428 0.130989 0.100221 0.00739581 0.994938 62.6414 
0.99448 0.0166191 -0.103604 -82.8903 -0.0171846 0.999842 -0.00456852 0.119669 0.103512 0.00632374 0.994608 63.446 
0.994019 0.0199782 -0.107361 -82.9999 -0.0199255 0.9998 0.00156345 0.101442 0.107371 0.000585171 0.994219 64.2457 
0.993525 0.0214129 -0.111578 -83.1076 -0.0207717 0.99976 0.00690595 0.0918679 0.111699 -0.00454353 0.993732 65.049 
0.992965 0.0209005 -0.116552 -83.217 -0.0198221 0.999749 0.0104038 0.083745 0.11674 -0.00802024 0.99313 65.8427 
0.992207 0.0212895 -0.122765 -83.3349 -0.0200392 0.999734 0.0114099 0.0796364 0.122975 -0.00886078 0.99237 66.6222 
0.991508 0.0183906 -0.12874 -83.4493 -0.0165827 0.999749 0.0151003 0.0740132 0.128986 -0.0128372 0.991563 67.4095 
0.990644 0.019146 -0.135125 -83.5724 -0.0172839 0.999739 0.0149401 0.0687746 0.135375 -0.0124648 0.990716 68.1811 
0.989691 0.0239583 -0.141201 -83.7065 -0.0221924 0.999655 0.0140674 0.0600193 0.14149 -0.0107887 0.989881 68.9489 
0.988798 0.0260008 -0.146981 -83.846 -0.0247748 0.999641 0.0101656 0.0567391 0.147193 -0.00641023 0.989087 69.7133 
0.987903 0.0245852 -0.153111 -83.9779 -0.0237628 0.999692 0.00719923 0.054458 0.15324 -0.00347377 0.988183 70.476 
0.986965 0.0260925 -0.158803 -84.1155 -0.0254939 0.999658 0.00580559 0.0500972 0.1589 -0.00168137 0.987293 71.2441 
0.986179 0.0278472 -0.163329 -84.2648 -0.0264953 0.999594 0.0104502 0.0492945 0.163554 -0.00597821 0.986516 72.0143 
0.98517 0.0280686 -0.169273 -84.4164 -0.025999 0.999558 0.0144308 0.0468846 0.169603 -0.00981586 0.985464 72.7696 
0.984135 0.0276177 -0.17526 -84.5723 -0.0250365 0.999543 0.0169219 0.0358675 0.175647 -0.0122654 0.984377 73.5351 
0.982889 0.0250624 -0.182486 -84.7236 -0.0230268 0.999647 0.0132652 0.0299821 0.182754 -0.00883615 0.983119 74.2793 
0.981336 0.023071 -0.19091 -84.8836 -0.0223234 0.999732 0.00606553 0.0309234 0.190999 -0.0016905 0.981589 75.0189 
0.97965 0.0210032 -0.19961 -85.0583 -0.0205681 0.999779 0.0042535 0.0256809 0.199655 -6.13022e-05 0.979866 75.7593 
0.977355 0.0202373 -0.210637 -85.2327 -0.0191843 0.999791 0.0070415 0.0183416 0.210735 -0.00284109 0.977539 76.497 
0.974999 0.0206174 -0.221249 -85.424 -0.0181682 0.999749 0.0130991 0.0170866 0.221464 -0.00875181 0.975129 77.2368 
0.972209 0.0226273 -0.233021 -85.6245 -0.0183221 0.999619 0.0206235 0.0192827 0.233399 -0.0157808 0.972253 77.9719 
0.969576 0.022501 -0.243754 -85.8351 -0.0171303 0.999562 0.0241309 0.0131523 0.24419 -0.0192211 0.969537 78.6867 
0.966621 0.0261299 -0.254873 -86.0537 -0.0218607 0.99957 0.0195692 0.0124716 0.255275 -0.0133443 0.966777 79.3986 
0.963482 0.0250408 -0.266602 -86.2765 -0.0231118 0.999679 0.010371 0.0108394 0.266776 -0.0038306 0.963751 80.0978 
0.960067 0.0229907 -0.278823 -86.5019 -0.0224637 0.999735 0.00508563 0.0183856 0.278866 0.0013809 0.960329 80.8016 
0.956477 0.0212508 -0.291033 -86.7351 -0.0192192 0.999767 0.00983764 0.0177921 0.291174 -0.00381601 0.956662 81.5142 
0.952924 0.0227576 -0.302355 -86.9842 -0.0184056 0.999682 0.0172354 0.0138674 0.302651 -0.010859 0.95304 82.2325 
0.949236 0.0226038 -0.313752 -87.246 -0.016299 0.999609 0.0227038 0.00992884 0.314143 -0.0164374 0.949233 82.9413 
0.94493 0.0197457 -0.326676 -87.5055 -0.0139116 0.999699 0.0201858 0.0167517 0.326976 -0.0145295 0.944921 83.6486 
0.941062 0.017926 -0.337758 -87.7779 -0.0133121 0.999784 0.0159717 0.0146706 0.337971 -0.0105341 0.941098 84.3506 
0.937773 0.0137781 -0.346974 -88.0518 -0.0113206 0.999894 0.00910857 0.0107982 0.347063 -0.00461376 0.93783 85.0443 
0.934942 0.00946962 -0.354673 -88.3345 -0.00885552 0.999955 0.00335455 0.00408298 0.354689 4.55555e-06 0.934984 85.7448 
0.932118 0.00912121 -0.36204 -88.6244 -0.00932407 0.999956 0.00118672 -5.18969e-05 0.362035 0.00226957 0.932162 86.4456 
0.928968 0.0137352 -0.369906 -88.9254 -0.0144548 0.999895 0.000826377 -0.00762863 0.369879 0.00457931 0.929069 87.1386 
0.925824 0.0137572 -0.377704 -89.2306 -0.0135275 0.999903 0.00326116 -0.0173567 0.377712 0.00209019 0.925921 87.8407 
0.922464 0.0147798 -0.385801 -89.5386 -0.0118854 0.999881 0.00988638 -0.0222811 0.385901 -0.00453438 0.922529 88.5471 
0.919668 0.0167034 -0.392341 -89.857 -0.0104473 0.999782 0.0180752 -0.0254915 0.392558 -0.0125242 0.919642 89.2491 
0.916904 0.0266061 -0.398219 -90.1882 -0.0181188 0.999522 0.0250621 -0.0341738 0.398696 -0.0157643 0.916948 89.9416 
0.914418 0.0329156 -0.40343 -90.5344 -0.0264429 0.999417 0.021606 -0.0299 0.403906 -0.00908896 0.914755 90.6228 
0.911995 0.0295891 -0.409133 -90.8586 -0.0260764 0.99956 0.014163 -0.0301312 0.409372 -0.0022478 0.912365 91.3032 
0.90994 0.0220932 -0.414152 -91.1812 -0.021264 0.999752 0.00661286 -0.0259289 0.414195 0.00278927 0.910184 91.9942 
0.908124 0.0225478 -0.418093 -91.5135 -0.0221442 0.999738 0.00581727 -0.0276821 0.418114 0.00397558 0.908386 92.6866 
0.905747 0.0285013 -0.422859 -91.86 -0.0262628 0.999593 0.01112 -0.0334696 0.423003 0.00103363 0.906128 93.38 
0.903034 0.0309978 -0.428449 -92.2067 -0.0269217 0.999516 0.0155715 -0.0399791 0.428724 -0.00252696 0.903432 94.0798 
0.900672 0.0270109 -0.43366 -92.55 -0.0235484 0.999634 0.0133552 -0.0423197 0.433862 -0.00181657 0.900977 94.7676 
0.898224 0.0258517 -0.438777 -92.9043 -0.0249998 0.999658 0.00772015 -0.0574464 0.438826 0.00403493 0.898563 95.4544 
0.896001 0.0234837 -0.44343 -93.2638 -0.0254281 0.999675 0.00156154 -0.06363 0.443323 0.00987651 0.896308 96.1363 
0.893751 0.0239112 -0.447925 -93.637 -0.0268242 0.99964 -0.000159795 -0.0652611 0.44776 0.0121581 0.894071 96.8227 
0.891736 0.0268157 -0.451761 -94.0092 -0.0279924 0.9996 0.00407979 -0.0760248 0.45169 0.00900783 0.89213 97.5122 
0.889448 0.0284529 -0.45615 -94.3768 -0.028766 0.999567 0.00625819 -0.085992 0.456131 0.00755531 0.889881 98.1978 
0.886889 0.0292421 -0.461057 -94.7478 -0.0294906 0.999543 0.00666704 -0.0927156 0.461041 0.00768394 0.887346 98.8759 
0.88471 0.0271799 -0.46535 -95.1211 -0.0275224 0.999603 0.0060593 -0.104173 0.465329 0.00744688 0.885106 99.5464 
0.882453 0.0254632 -0.469712 -95.4911 -0.0259885 0.999648 0.00536629 -0.110226 0.469683 0.00747165 0.882804 100.218 
0.880257 0.0250105 -0.473838 -95.8675 -0.0253305 0.999663 0.0057081 -0.115222 0.473821 0.006978 0.880594 100.885 
0.878005 0.0263653 -0.477924 -96.2512 -0.0266327 0.999626 0.00621801 -0.123505 0.477909 0.00726904 0.878379 101.541 
0.875538 0.0266326 -0.482414 -96.6309 -0.0269977 0.999616 0.0061873 -0.133113 0.482394 0.00760688 0.875921 102.199 
0.873026 0.0235626 -0.487104 -97.0058 -0.025704 0.999667 0.00228792 -0.147471 0.486996 0.0105232 0.873341 102.849 
0.870793 0.0203644 -0.491229 -97.3839 -0.0244891 0.999698 -0.00196792 -0.162684 0.49104 0.0137435 0.871028 103.484 
0.868943 0.0185621 -0.494564 -97.7717 -0.0241966 0.999695 -0.00499229 -0.166845 0.494321 0.0163048 0.869127 104.115 
0.866888 0.0205216 -0.49808 -98.1517 -0.0244189 0.999701 -0.00131109 -0.176221 0.497904 0.0132992 0.86713 104.749 
0.864939 0.0245486 -0.501276 -98.534 -0.0239606 0.999684 0.00761332 -0.186833 0.501305 0.00542587 0.865254 105.379 
0.863405 0.0267785 -0.503801 -98.9104 -0.0210577 0.999633 0.0170451 -0.194983 0.504072 -0.00410784 0.863652 106.007 
0.862 0.0263231 -0.506225 -99.2901 -0.017979 0.99961 0.0213639 -0.196386 0.50659 -0.00931421 0.862137 106.619 
0.86047 0.0230207 -0.508981 -99.6543 -0.0146675 0.999684 0.0204182 -0.191125 0.50929 -0.0101037 0.860536 107.211 
0.858607 0.0213927 -0.512189 -100.012 -0.0146131 0.999744 0.0172598 -0.19586 0.512427 -0.00733465 0.8587 107.785 
0.85702 0.019376 -0.514919 -100.369 -0.0140626 0.9998 0.0142161 -0.19459 0.515091 -0.00494232 0.857121 108.346 
0.855551 0.0177311 -0.517415 -100.715 -0.0128832 0.999833 0.0129603 -0.196196 0.517559 -0.00442223 0.855636 108.888 
0.854258 0.0163706 -0.519592 -101.051 -0.0115838 0.999855 0.0124573 -0.197538 0.519721 -0.00462286 0.854324 109.422 
0.852711 0.0165224 -0.522122 -101.378 -0.0111932 0.999848 0.0133596 -0.201165 0.522264 -0.00554764 0.852766 109.94 
0.851281 0.0166549 -0.524446 -101.695 -0.0104932 0.999837 0.0147193 -0.202998 0.524605 -0.00702714 0.851317 110.443 
0.849904 0.0149599 -0.526725 -102.005 -0.00828969 0.999853 0.0150215 -0.202161 0.526872 -0.00840039 0.849903 110.919 
0.849116 0.0133986 -0.528037 -102.31 -0.00641735 0.999866 0.0150515 -0.205664 0.528168 -0.00939183 0.849088 111.355 
0.847973 0.012611 -0.529889 -102.593 -0.00607979 0.999883 0.014067 -0.210977 0.530005 -0.00870679 0.84795 111.786 
0.846674 0.0125336 -0.531965 -102.868 -0.00787737 0.999908 0.0110212 -0.224433 0.532054 -0.00514081 0.846695 112.2 
0.845152 0.00996826 -0.534432 -103.133 -0.00755712 0.999949 0.0067002 -0.223497 0.534472 -0.00162387 0.845185 112.595 
0.842811 0.00567011 -0.53818 -103.382 -0.00396516 0.999983 0.00432588 -0.223447 0.538195 -0.00151188 0.842819 112.976 
0.84012 0.00159282 -0.542399 -103.624 0.000840197 0.999991 0.00423793 -0.220054 0.5424 -0.00401604 0.840111 113.344 
0.836764 0.00254506 -0.547558 -103.866 0.000567078 0.999985 0.0055145 -0.220592 0.547563 -0.00492479 0.83675 113.687 
0.832799 0.00617539 -0.55354 -104.099 -0.00266351 0.999971 0.00714855 -0.224369 0.553568 -0.0044789 0.832792 114.018 
0.828982 0.0118919 -0.559148 -104.325 -0.0064604 0.999911 0.0116879 -0.230121 0.559237 -0.00607667 0.828985 114.331 
0.824964 0.0171039 -0.564926 -104.541 -0.0080077 0.999795 0.0185764 -0.233665 0.565128 -0.0108011 0.824932 114.626 
0.819857 0.018986 -0.572254 -104.739 -0.00714635 0.999712 0.0229296 -0.239663 0.572524 -0.0147094 0.819756 114.908 
0.81416 0.015805 -0.580425 -104.932 -0.00252658 0.999716 0.0236782 -0.234162 0.580635 -0.0178113 0.813969 115.179 
0.807269 0.0137625 -0.590023 -105.121 0.000749811 0.999703 0.0243443 -0.231706 0.590183 -0.0200948 0.807019 115.419 
0.798354 0.0121365 -0.602066 -105.304 0.00366739 0.99968 0.0250147 -0.226473 0.602177 -0.0221785 0.798054 115.651 
0.787914 0.0126012 -0.615656 -105.484 0.00407108 0.999662 0.0256711 -0.226175 0.615772 -0.0227329 0.787597 115.861 
0.775693 0.0142399 -0.63095 -105.663 0.0022165 0.999678 0.0252867 -0.22856 0.631107 -0.0210131 0.775411 116.047 
0.761543 0.0127192 -0.64799 -105.835 0.00253728 0.999741 0.0226055 -0.231705 0.648109 -0.0188592 0.761314 116.223 
0.746743 0.01002 -0.665038 -106.004 0.00190465 0.99985 0.0172032 -0.232087 0.66511 -0.014113 0.746612 116.38 
0.73148 0.00641032 -0.681833 -106.165 0.00212685 0.99993 0.0116826 -0.231915 0.68186 -0.00999569 0.731414 116.531 
0.716157 0.0063292 -0.697911 -106.336 -0.0016251 0.999971 0.00740091 -0.229017 0.697937 -0.00416599 0.716147 116.668 
0.700576 0.00946925 -0.713515 -106.517 -0.00885525 0.99995 0.00457592 -0.221091 0.713523 0.00311262 0.700625 116.794 
0.68309 0.0115368 -0.730243 -106.687 -0.0116653 0.99992 0.00488522 -0.222625 0.730241 0.00518148 0.68317 116.925 
0.664129 0.00982652 -0.747554 -106.863 -0.00865686 0.999948 0.00545341 -0.212777 0.747568 0.00284975 0.664179 117.06 
0.643863 0.0090865 -0.765087 -107.038 -0.00557427 0.999959 0.00718486 -0.213217 0.765121 -0.000361213 0.643887 117.189 
0.621698 0.0106148 -0.783185 -107.224 -0.00549523 0.999943 0.00919039 -0.208557 0.783238 -0.00140982 0.621721 117.303 
0.59745 0.01533 -0.80176 -107.418 -0.00938755 0.999882 0.0121228 -0.204741 0.801851 0.00028382 0.597524 117.412 
0.572634 0.0187853 -0.819596 -107.614 -0.0113777 0.999823 0.0149667 -0.195386 0.819732 0.000754747 0.572746 117.516 
0.546809 0.0216302 -0.836978 -107.814 -0.0131686 0.999765 0.0172338 -0.191678 0.837154 0.00159832 0.546965 117.615 
0.520905 0.0246796 -0.853258 -108.019 -0.0162584 0.999688 0.0189893 -0.191323 0.85346 0.00398111 0.521143 117.699 
0.494308 0.0290572 -0.868801 -108.228 -0.0205815 0.999552 0.0217203 -0.189066 0.869043 0.00714473 0.494685 117.771 
0.466908 0.0317487 -0.883736 -108.443 -0.0229109 0.999454 0.0238014 -0.183691 0.884009 0.00913415 0.46738 117.838 
0.436848 0.0311283 -0.898996 -108.651 -0.0215963 0.999476 0.0241132 -0.185562 0.899276 0.00888124 0.437292 117.91 
0.404408 0.0280923 -0.914147 -108.876 -0.021745 0.999541 0.0210967 -0.183173 0.91432 0.0113465 0.404833 117.977 
0.369425 0.0237136 -0.928958 -109.119 -0.0209051 0.999633 0.0172043 -0.180322 0.929026 0.0130643 0.369785 118.043 
0.330116 0.0212182 -0.943702 -109.38 -0.0206375 0.999671 0.0152575 -0.169634 0.943715 0.0144389 0.330445 118.102 
0.288458 0.0198102 -0.957288 -109.669 -0.0201992 0.999689 0.0146011 -0.15745 0.95728 0.0151247 0.288768 118.152 
0.244394 0.0180496 -0.969508 -109.969 -0.0193852 0.999718 0.0137254 -0.151294 0.969482 0.0154398 0.244675 118.193 
0.197267 0.015499 -0.980227 -110.284 -0.0181629 0.999761 0.0121527 -0.143896 0.980181 0.0154065 0.197502 118.22 
0.148064 0.0137714 -0.988882 -110.616 -0.0172919 0.999786 0.0113341 -0.141383 0.988827 0.0154215 0.14827 118.227 
0.0979323 0.0128101 -0.995111 -110.96 -0.0172097 0.999789 0.0111767 -0.126019 0.995044 0.016031 0.0981321 118.219 
0.0465498 0.013666 -0.998823 -111.321 -0.0163647 0.999783 0.0129164 -0.113756 0.998782 0.0157442 0.0467633 118.185 
-0.00670182 0.0161459 -0.999847 -111.691 -0.0126211 0.999789 0.0162295 -0.109685 0.999898 0.012728 -0.00649663 118.143 
-0.060593 0.0182417 -0.997996 -112.074 -0.00876596 0.999785 0.0188066 -0.103343 0.998124 0.00988798 -0.06042 118.084 
-0.11382 0.0196012 -0.993308 -112.46 -0.00470236 0.999784 0.0202678 -0.0928756 0.99349 0.00697781 -0.113703 117.992 
-0.166423 0.0212796 -0.985825 -112.862 -0.00208581 0.999757 0.0219325 -0.0843547 0.986052 0.00570637 -0.166339 117.878 
-0.217585 0.0226985 -0.975778 -113.275 -0.000389013 0.999727 0.0233424 -0.0748099 0.976041 0.00545857 -0.217517 117.742 
-0.267062 0.0237214 -0.963387 -113.697 0.00264253 0.999711 0.0238833 -0.062317 0.963676 0.00383258 -0.267047 117.585 
-0.315237 0.0257123 -0.948665 -114.127 0.00780089 0.999669 0.0245025 -0.0564924 0.948981 0.000323714 -0.315334 117.404 
-0.361822 0.0267061 -0.931865 -114.562 0.0122369 0.99964 0.0238971 -0.0429782 0.932167 -0.00275656 -0.362018 117.198 
-0.405604 0.0286205 -0.913601 -114.995 0.0169134 0.999574 0.0238049 -0.0351655 0.913892 -0.00579669 -0.405915 116.958 
