1 2.12261e-08 -2.11895e-08 0 2.12261e-08 1 2.10703e-08 0 -2.11895e-08 2.10703e-08 1 0 
0.999998 0.000615891 0.0019252 -0.0137703 -0.000614239 1 -0.000836356 -0.00506075 -0.00192575 0.000835214 0.999998 0.448712 
0.999991 0.00209877 0.003619 -0.0197845 -0.00209208 0.999996 -0.00183912 -0.0115441 -0.00362289 0.00183157 0.999992 0.909053 
0.999979 0.00338968 0.00546169 -0.0296346 -0.00337708 0.999992 -0.00230622 -0.0178534 -0.00546951 0.00228777 0.999982 1.38853 
0.999969 0.00346538 0.00705349 -0.0354172 -0.00344778 0.999991 -0.00250075 -0.0233321 -0.00706213 0.0024764 0.999972 1.87436 
0.999958 0.00294666 0.0087179 -0.0394902 -0.00292671 0.999993 -0.00229525 -0.0297182 -0.00872465 0.00226968 0.999959 2.37563 
0.999938 0.00250948 0.010828 -0.0436881 -0.00249866 0.999996 -0.00100861 -0.0384873 -0.0108306 0.000981531 0.999941 2.88292 
0.999921 0.00244335 0.0123416 -0.0443426 -0.00244986 0.999997 0.000515381 -0.0457816 -0.0123404 -0.000545533 0.999924 3.39859 
0.999902 0.00344221 0.0136082 -0.0508582 -0.00346416 0.999993 0.00159319 -0.0516954 -0.0136027 -0.00164013 0.999906 3.91315 
0.999887 0.00478698 0.0142268 -0.0523924 -0.00480761 0.999987 0.00141922 -0.0578079 -0.0142199 -0.00148742 0.999898 4.42796 
0.999871 0.0051969 0.0152108 -0.0541979 -0.00521199 0.999986 0.000955277 -0.0668328 -0.0152057 -0.00103439 0.999884 4.94138 
0.999861 0.00520146 0.015839 -0.052032 -0.00521593 0.999986 0.00087501 -0.075232 -0.0158342 -0.000957461 0.999874 5.46426 
0.999842 0.00661774 0.0164905 -0.0526484 -0.00661962 0.999978 6.23068e-05 -0.0815888 -0.0164898 -0.000171416 0.999864 5.99124 
0.999818 0.00764059 0.0174716 -0.0574229 -0.00763023 0.999971 -0.000657003 -0.0875456 -0.0174762 0.000523613 0.999847 6.51233 
0.999786 0.00918849 0.0185577 -0.0420344 -0.00917776 0.999958 -0.000660732 -0.103263 -0.018563 0.000490314 0.999828 7.02043 
0.99977 0.00951458 0.0192479 -0.041562 -0.00949009 0.999954 -0.00136145 -0.111703 -0.01926 0.00117852 0.999814 7.55877 
0.999734 0.0105678 0.0204815 -0.0378256 -0.0105322 0.999943 -0.00184453 -0.119876 -0.0204998 0.00162837 0.999789 8.1093 
0.999657 0.0119484 0.0232878 -0.0376495 -0.0119065 0.999927 -0.00193499 -0.127412 -0.0233093 0.00165709 0.999727 8.66809 
0.999547 0.0126926 0.0273027 -0.0342094 -0.0126312 0.999917 -0.0024165 -0.134255 -0.0273312 0.00207057 0.999624 9.22965 
0.999425 0.0128701 0.0313741 -0.0279358 -0.0127846 0.999914 -0.00292207 -0.14055 -0.031409 0.00251932 0.999503 9.80348 
0.999268 0.0124516 0.0361742 -0.00838332 -0.0123277 0.999917 -0.00364732 -0.148001 -0.0362166 0.00319875 0.999339 10.382 
0.999043 0.0124242 0.0419361 0.00980115 -0.0122847 0.999918 -0.00358204 -0.160231 -0.0419772 0.00306348 0.999114 10.9629 
0.998776 0.0120906 0.0479667 0.030226 -0.0119504 0.999923 -0.00320748 -0.170887 -0.0480018 0.00263037 0.998844 11.5592 
0.998467 0.0123075 0.0539741 0.056063 -0.0121212 0.999919 -0.00377585 -0.184924 -0.0540163 0.00311587 0.998535 12.1505 
0.998127 0.0104073 0.0602778 0.0872144 -0.0101484 0.999938 -0.00459929 -0.196057 -0.060322 0.003979 0.998171 12.7622 
0.997779 0.00964445 0.0659101 0.138083 -0.00931548 0.999943 -0.00529618 -0.198637 -0.0659575 0.00467047 0.997812 13.4031 
0.997316 0.012331 0.0721735 0.172786 -0.0118255 0.999903 -0.00742705 -0.20834 -0.0722581 0.00655367 0.997364 14.0359 
0.996796 0.0166443 0.0782314 0.21772 -0.0158652 0.999818 -0.0105687 -0.221619 -0.0783931 0.00929373 0.996879 14.6786 
0.996375 0.0136505 0.0839652 0.270477 -0.0127886 0.99986 -0.0107933 -0.232567 -0.0841008 0.00968043 0.99641 15.3522 
0.996051 0.0068426 0.0885204 0.336398 -0.00611891 0.999946 -0.00844365 -0.234788 -0.0885734 0.0078687 0.996039 16.0363 
0.995648 0.00129429 0.0931824 0.407668 -0.000835919 0.999987 -0.00495746 -0.245929 -0.0931877 0.00485803 0.995637 16.7343 
0.995234 0.0015346 0.0974991 0.462276 -0.00139719 0.999998 -0.0014771 -0.257943 -0.0975012 0.00133387 0.995235 17.445 
0.994993 0.000658585 0.0999452 0.514303 -0.000511486 0.999999 -0.00149697 -0.264385 -0.0999462 0.00143839 0.994992 18.1731 
0.994959 -0.00370336 0.100218 0.578218 0.004045 0.999987 -0.00320547 -0.275498 -0.100205 0.00359473 0.99496 18.908 
0.995076 -0.00944634 0.0986686 0.644069 0.0100363 0.999935 -0.00548398 -0.27655 -0.0986104 0.00644728 0.995105 19.6656 
0.995505 -0.0109187 0.0940735 0.696951 0.0115638 0.999913 -0.00631488 -0.280981 -0.0939964 0.00737438 0.995545 20.4294 
0.996182 -0.0107004 0.0866446 0.748258 0.0112973 0.999916 -0.00640053 -0.293744 -0.0865688 0.00735498 0.996219 21.2189 
0.996942 -0.0105811 0.0774274 0.791748 0.010954 0.99993 -0.00439177 -0.308416 -0.0773755 0.00522652 0.996988 22.0317 
0.997629 -0.0109551 0.067945 0.82436 0.0111455 0.999935 -0.00242364 -0.317117 -0.0679141 0.00317522 0.997686 22.8378 
0.998224 -0.00970537 0.0587833 0.85161 0.009696 0.999953 0.000445361 -0.326487 -0.0587849 0.000125434 0.998271 23.6728 
0.998663 -0.0093496 0.0508355 0.875533 0.00922897 0.999954 0.00260793 -0.339363 -0.0508576 -0.00213525 0.998704 24.506 
0.998996 -0.00803937 0.0440746 0.889595 0.00790045 0.999963 0.00332629 -0.345994 -0.0440998 -0.00297469 0.999023 25.35 
0.999234 -0.00723622 0.0384483 0.902949 0.00708701 0.999967 0.00401686 -0.358505 -0.0384761 -0.00374126 0.999253 26.1867 
0.999427 -0.00556345 0.0333811 0.908662 0.00543036 0.999977 0.00407759 -0.369698 -0.0334031 -0.00389394 0.999434 27.0262 
0.99958 -0.00498065 0.0285489 0.910817 0.00487618 0.999981 0.00372941 -0.381325 -0.028567 -0.00358859 0.999585 27.862 
0.99971 -0.00515703 0.023541 0.919222 0.00507997 0.999982 0.00333389 -0.395154 -0.0235578 -0.00321329 0.999717 28.7043 
0.999803 -0.00404346 0.0194157 0.911382 0.00396764 0.999984 0.0039442 -0.406902 -0.0194314 -0.00386635 0.999804 29.5378 
0.999873 -0.00257919 0.015702 0.908444 0.00250535 0.999986 0.00472324 -0.418424 -0.015714 -0.00468326 0.999866 30.3721 
0.999919 -3.93529e-05 0.012767 0.904823 -3.3428e-05 0.999984 0.00570378 -0.430956 -0.012767 -0.0057037 0.999902 31.2019 
0.999941 -6.21531e-05 0.0108578 0.902841 3.82032e-06 0.999986 0.00537628 -0.433512 -0.010858 -0.00537588 0.999927 32.0074 
0.99995 0.00112774 0.00995227 0.895811 -0.00117847 0.999986 0.00509662 -0.446981 -0.00994642 -0.00510805 0.999938 32.8206 
0.999953 0.00324001 0.00919356 0.883261 -0.00327488 0.999988 0.00378473 -0.461015 -0.00918123 -0.00381461 0.999951 33.6292 
0.999945 0.00594333 0.0086475 0.868034 -0.00597392 0.999976 0.00352179 -0.471968 -0.0086264 -0.00357321 0.999956 34.4347 
0.999942 0.00742144 0.00781423 0.857573 -0.00745391 0.999964 0.00413932 -0.487374 -0.00778326 -0.00419728 0.999961 35.2299 
0.99993 0.00925478 0.00743389 0.843858 -0.00929041 0.999945 0.00477915 -0.501488 -0.0073893 -0.00484783 0.999961 36.006 
0.999925 0.0101324 0.00692927 0.832962 -0.0101668 0.999936 0.00495533 -0.517099 -0.00687866 -0.00502536 0.999964 36.7731 
0.999905 0.012193 0.00636866 0.819081 -0.0122241 0.999913 0.00487063 -0.528384 -0.00630876 -0.00494798 0.999968 37.5252 
0.999881 0.014028 0.0063914 0.804463 -0.0140602 0.999889 0.00503133 -0.537166 -0.00632015 -0.00512056 0.999967 38.2688 
0.999834 0.0169276 0.00673852 0.793575 -0.016962 0.999843 0.00508921 -0.549423 -0.00665136 -0.00520262 0.999964 38.9971 
0.999765 0.0199874 0.0083563 0.77711 -0.0200298 0.999787 0.00502882 -0.563935 -0.00825405 -0.00519498 0.999952 39.7013 
0.999697 0.0219426 0.0111298 0.768825 -0.021988 0.99975 0.00397546 -0.577948 -0.0110398 -0.00421894 0.99993 40.4005 
0.999605 0.0237439 0.0150448 0.762391 -0.0237981 0.999711 0.0034387 -0.597654 -0.0149589 -0.00379534 0.999881 41.0773 
0.999521 0.0234255 0.0202343 0.760117 -0.0235019 0.999718 0.00354654 -0.608467 -0.0201456 -0.00402035 0.999789 41.7549 
0.999374 0.024381 0.0256202 0.762546 -0.0244835 0.999693 0.00369714 -0.617408 -0.0255223 -0.00432205 0.999665 42.414 
0.999193 0.024663 0.0316993 0.778128 -0.0248115 0.999683 0.00430062 -0.631967 -0.0315833 -0.00508361 0.999488 43.0685 
0.998928 0.0242756 0.0394243 0.787588 -0.0244819 0.999689 0.00476012 -0.642512 -0.0392965 -0.00572015 0.999211 43.7002 
0.998538 0.0242985 0.0482852 0.806504 -0.0245426 0.999689 0.00446956 -0.650586 -0.0481616 -0.00564803 0.998824 44.3245 
0.997966 0.0251143 0.0585869 0.834458 -0.0254198 0.999667 0.00447562 -0.662715 -0.0584551 -0.00595575 0.998272 44.935 
0.997225 0.0242685 0.0703848 0.874237 -0.0246282 0.999688 0.00424821 -0.673104 -0.0702598 -0.00596983 0.997511 45.529 
0.996263 0.0234788 0.0831145 0.918083 -0.0239201 0.999705 0.00431859 -0.682519 -0.0829886 -0.00629052 0.996531 46.1178 
0.995072 0.0229269 0.0964705 0.962978 -0.0234056 0.999719 0.00383388 -0.691436 -0.0963555 -0.00607289 0.995329 46.6901 
0.993524 0.0225042 0.111374 1.0237 -0.0230669 0.999727 0.00376677 -0.701902 -0.111259 -0.0063114 0.993771 47.2509 
0.991531 0.0224235 0.127918 1.09203 -0.0231489 0.999723 0.00418708 -0.712128 -0.127789 -0.00711273 0.991776 47.8033 
0.989078 0.0248077 0.145292 1.16677 -0.0255652 0.999668 0.00334912 -0.720716 -0.14516 -0.00702691 0.989383 48.3378 
0.985855 0.0231964 0.165987 1.26259 -0.0239587 0.99971 0.00259127 -0.731208 -0.165878 -0.0065314 0.986125 48.8667 
0.981621 0.0264704 0.188998 1.3638 -0.0272249 0.999628 0.00139681 -0.740309 -0.18889 -0.00651653 0.981977 49.3805 
0.976375 0.02563 0.214556 1.47528 -0.0260082 0.999661 -0.00106011 -0.749093 -0.21451 -0.0045451 0.976711 49.8798 
0.970249 0.0248194 0.240832 1.61129 -0.0246219 0.99969 -0.0038293 -0.76134 -0.240853 -0.00221434 0.970559 50.3588 
0.962796 0.0234424 0.269212 1.74442 -0.0225834 0.999725 -0.00628761 -0.774966 -0.269286 -2.60152e-05 0.96306 50.8183 
0.954051 0.0210992 0.298901 1.89602 -0.0198368 0.999777 -0.00725702 -0.78715 -0.298987 0.000994371 0.954257 51.2645 
0.943758 0.0232511 0.329817 2.04941 -0.0213063 0.999728 -0.00951031 -0.801402 -0.329949 0.00194828 0.943997 51.6917 
0.932141 0.0237272 0.361317 2.21631 -0.0218672 0.999718 -0.00923585 -0.816252 -0.361434 0.000708137 0.932397 52.104 
0.918986 0.0231472 0.39361 2.39936 -0.0217945 0.999731 -0.00790658 -0.832039 -0.393687 -0.00131245 0.919244 52.5087 
0.903785 0.0223472 0.427403 2.59465 -0.0212805 0.999747 -0.00727309 -0.845436 -0.427458 -0.00252202 0.904032 52.8951 
0.886545 0.0217051 0.462133 2.79502 -0.0206048 0.99976 -0.007428 -0.861886 -0.462184 -0.00293689 0.886779 53.2514 
0.867259 0.0213194 0.497401 3.00507 -0.0197584 0.99977 -0.00840131 -0.877233 -0.497465 -0.00254169 0.86748 53.5882 
0.846017 0.020465 0.532764 3.22964 -0.0177538 0.99979 -0.0102122 -0.889065 -0.532861 -0.000818855 0.846202 53.908 
0.822365 0.0192356 0.568635 3.45933 -0.0152755 0.999815 -0.0117298 -0.90163 -0.568755 0.000960037 0.822507 54.2158 
0.796868 0.0161807 0.603936 3.71018 -0.011215 0.999865 -0.0119908 -0.914182 -0.604049 0.00278196 0.796942 54.5094 
0.769054 0.012402 0.639064 3.97163 -0.00805653 0.99992 -0.00970962 -0.927577 -0.639134 0.0023186 0.769092 54.7832 
0.73932 0.00781721 0.673309 4.23997 -0.00533235 0.999969 -0.00575457 -0.937204 -0.673334 0.00066417 0.739338 55.0441 
0.707147 0.00419364 0.707054 4.52076 -0.00369134 0.999991 -0.00223919 -0.943489 -0.707057 -0.00102652 0.707156 55.2956 
0.671722 0.00192587 0.740801 4.80538 -0.00495554 0.999986 0.00189383 -0.951686 -0.740787 -0.00494318 0.671722 55.5337 
0.633873 -0.0016022 0.773436 5.10079 -0.00306178 0.999985 0.00458087 -0.956347 -0.773431 -0.00527176 0.633858 55.7528 
0.594879 -0.00515331 0.803799 5.40346 5.77712e-05 0.99998 0.00636838 -0.96037 -0.803816 -0.00374196 0.594867 55.9366 
0.552825 -0.00728076 0.833266 5.72191 0.00273566 0.999972 0.00692248 -0.971643 -0.833293 -0.00154737 0.552829 56.1094 
0.508056 -0.00612138 0.861302 6.05153 0.00450792 0.99998 0.00444796 -0.97188 -0.861312 0.00162289 0.508074 56.2728 
0.460963 -0.00372207 0.887411 6.39989 0.00276243 0.999992 0.00275939 -0.979675 -0.887415 0.00117945 0.46097 56.4347 
0.411799 -0.000897149 0.911274 6.76451 -0.00115723 0.999998 0.0015075 -0.985016 -0.911274 -0.00167533 0.411797 56.5794 
0.361635 0.00165146 0.932318 7.14807 -0.00560335 0.999984 0.000402209 -0.986207 -0.932303 -0.00536955 0.361638 56.715 
0.3117 0.00215495 0.950178 7.53751 -0.0081578 0.999967 0.000408295 -0.992737 -0.950146 -0.00787862 0.311707 56.82 
0.263316 0.0020181 0.964708 7.94762 -0.00595636 0.999982 -0.000466059 -0.994555 -0.964691 -0.00562341 0.263323 56.9071 
0.218296 0.00130866 0.975882 8.38473 -0.00464256 0.999989 -0.000302442 -0.998315 -0.975872 -0.00446456 0.2183 56.9791 
0.176254 -0.000734404 0.984345 8.84297 -0.00447193 0.999989 0.00154685 -1.0018 -0.984335 -0.00467456 0.176248 57.0466 
0.137656 -0.00306602 0.990475 9.32127 -0.00450907 0.999983 0.00372216 -1.00442 -0.99047 -0.0049785 0.137639 57.093 
0.101269 -0.00483464 0.994847 9.81751 -0.00527321 0.999972 0.00539637 -1.00786 -0.994845 -0.00579252 0.101241 57.1309 
0.068611 -0.00595958 0.997626 10.3347 -0.00428691 0.999971 0.00626846 -1.01032 -0.997634 -0.00470682 0.0685834 57.1522 
0.0391652 -0.00647705 0.999212 10.873 -0.00410044 0.99997 0.00664272 -1.01242 -0.999224 -0.00435737 0.0391374 57.1622 
0.0127331 -0.00424412 0.99991 11.4325 -0.00641561 0.99997 0.00432612 -1.01076 -0.999898 -0.00647012 0.0127055 57.1649 
-0.00982577 -0.00176098 0.99995 12.0067 -0.0105394 0.999943 0.00165745 -1.00924 -0.999896 -0.0105225 -0.00984377 57.162 
-0.029527 -0.00104568 0.999563 12.6015 -0.0105507 0.999944 0.000734451 -1.01249 -0.999508 -0.0105244 -0.0295363 57.143 
-0.0466274 -0.000505081 0.998912 13.2159 -0.00652481 0.999979 0.000201096 -1.01713 -0.998891 -0.00650834 -0.0466297 57.1086 
-0.0624831 -0.000800185 0.998046 13.8506 -0.00420553 0.999991 0.000538496 -1.02023 -0.998037 -0.00416367 -0.0624859 57.0694 
-0.0779427 -0.0016405 0.996957 14.5084 -0.00460152 0.999989 0.00128578 -1.02171 -0.996947 -0.0044873 -0.0779494 57.0237 
-0.0924806 -0.000381279 0.995714 15.1862 -0.00346717 0.999994 6.09324e-05 -1.02477 -0.995708 -0.00344668 -0.0924814 56.9637 
-0.104625 0.00141394 0.994511 15.8811 -0.00174273 0.999997 -0.00160504 -1.03247 -0.99451 -0.00190109 -0.104622 56.8941 
-0.114229 0.00421749 0.993446 16.5929 0.0056179 0.999978 -0.00359922 -1.03508 -0.993439 0.00516994 -0.11425 56.8108 
-0.119991 0.00697376 0.992751 17.3129 0.0132938 0.999897 -0.00541713 -1.04387 -0.992686 0.0125474 -0.120072 56.7207 
-0.122405 0.00695143 0.992456 18.0547 0.0179499 0.999827 -0.00478918 -1.05456 -0.992318 0.0172282 -0.122508 56.6331 
-0.122223 0.00550541 0.992487 18.8136 0.0187791 0.999818 -0.00323342 -1.0637 -0.992325 0.0182428 -0.122304 56.5519 
-0.119566 0.00497658 0.992814 19.5895 0.022587 0.999742 -0.00229109 -1.06866 -0.992569 0.0221507 -0.119648 56.4703 
-0.115014 0.00395816 0.993356 20.3758 0.0241244 0.999708 -0.00119025 -1.07895 -0.993071 0.0238272 -0.115076 56.3909 
-0.110656 0.00467893 0.993848 21.1727 0.022811 0.999737 -0.00216681 -1.09365 -0.993597 0.0224309 -0.110734 56.3226 
-0.106419 0.00573556 0.994305 21.9727 0.0223195 0.999745 -0.00337809 -1.10566 -0.994071 0.0218328 -0.106519 56.2543 
-0.102156 0.00507622 0.994755 22.7858 0.0271869 0.999628 -0.0023091 -1.11925 -0.994397 0.0268085 -0.102256 56.1845 
-0.098463 0.003238 0.995135 23.5961 0.0329763 0.999456 1.07987e-05 -1.13004 -0.994594 0.0328169 -0.0985162 56.1109 
-0.0945182 -0.000163803 0.995523 24.4118 0.0353712 0.999368 0.00352273 -1.14308 -0.994895 0.0355458 -0.0944527 56.0448 
-0.0898387 -0.00341841 0.995951 25.2213 0.0384602 0.999236 0.00689899 -1.15174 -0.995213 0.0389243 -0.0896386 55.9826 
-0.084392 -0.00615377 0.996414 26.0348 0.0392215 0.999185 0.00949283 -1.15928 -0.99566 0.039882 -0.0840819 55.9301 
-0.0801594 -0.00737222 0.996755 26.8463 0.0368487 0.999267 0.0103542 -1.16488 -0.996101 0.0375591 -0.079829 55.8849 
-0.0761493 -0.00922364 0.997054 27.6499 0.0304795 0.999468 0.0115739 -1.17382 -0.996631 0.031271 -0.0758277 55.848 
-0.0719776 -0.0124494 0.997329 28.4624 0.0244587 0.999599 0.0142429 -1.17447 -0.997106 0.0254186 -0.0716443 55.8175 
-0.0674639 -0.0139639 0.997624 29.2746 0.021711 0.999645 0.0154604 -1.17953 -0.997486 0.0227025 -0.0671368 55.7842 
-0.0635701 -0.0099402 0.997928 30.0858 0.0223543 0.999685 0.0113818 -1.18713 -0.997727 0.0230315 -0.0633279 55.7509 
-0.0602595 -0.00222013 0.99818 30.895 0.0232476 0.999723 0.00362704 -1.19277 -0.997912 0.0234239 -0.0601912 55.7184 
-0.0577146 0.00417121 0.998324 31.7094 0.0220093 0.999754 -0.00290475 -1.19682 -0.998091 0.0218047 -0.0577921 55.6919 
-0.0556299 0.0035023 0.998445 32.5354 0.0213282 0.99977 -0.00231858 -1.20589 -0.998224 0.021166 -0.0556918 55.6577 
-0.0539858 0.00025404 0.998542 33.3757 0.0238038 0.999716 0.00103265 -1.21243 -0.998258 0.0238249 -0.0539765 55.6169 
-0.0529661 -0.000149035 0.998596 34.2027 0.0249789 0.999687 0.00147413 -1.23018 -0.998284 0.0250219 -0.0529458 55.5821 
-0.0534808 0.00245516 0.998566 35.021 0.0223212 0.99975 -0.00126256 -1.23957 -0.998319 0.0222217 -0.0535223 55.5645 
-0.0533453 0.00374087 0.998569 35.8643 0.0155081 0.999876 -0.00291725 -1.25151 -0.998456 0.0153303 -0.0533967 55.5418 
-0.0545952 0.00306454 0.998504 36.7053 0.0137909 0.999902 -0.00231475 -1.26056 -0.998413 0.0136439 -0.0546322 55.5203 
-0.0559856 0.00187371 0.99843 37.5575 0.0139848 0.999902 -0.00109225 -1.27876 -0.998334 0.0139017 -0.0560063 55.4875 
-0.0574704 0.00561965 0.998331 38.4046 0.0133536 0.999899 -0.00485971 -1.29656 -0.998258 0.0130521 -0.0575397 55.4556 
-0.0589835 0.00963725 0.998212 39.2697 0.0136397 0.999868 -0.00884723 -1.3102 -0.998166 0.0130935 -0.0591072 55.4244 
-0.0595348 0.0122509 0.998151 40.1397 0.015202 0.99982 -0.0113646 -1.3297 -0.998111 0.0144973 -0.0597103 55.3831 
-0.0605635 0.0135427 0.998073 41.024 0.0173957 0.99977 -0.0125101 -1.34862 -0.998013 0.0166045 -0.0607852 55.3411 
-0.0613617 0.0148621 0.998005 41.9121 0.0177988 0.999746 -0.0137936 -1.36915 -0.997957 0.0169169 -0.0616107 55.2965 
-0.062492 0.0145983 0.997939 42.8069 0.0167506 0.999768 -0.0135761 -1.3892 -0.997905 0.0158677 -0.062722 55.2552 
-0.0635731 0.00970088 0.99793 43.7229 0.0152876 0.999845 -0.00874556 -1.41477 -0.99786 0.0147 -0.0637116 55.2139 
-0.0649196 0.00812934 0.997857 44.6522 0.015274 0.999858 -0.00715188 -1.43803 -0.997774 0.014777 -0.0650345 55.1693 
-0.0664548 0.0115791 0.997722 45.5805 0.0156606 0.999822 -0.0105603 -1.45731 -0.997667 0.0149232 -0.0666243 55.128 
-0.0669932 0.0152443 0.997637 46.5145 0.0166991 0.99976 -0.0141553 -1.47752 -0.997614 0.0157113 -0.0672317 55.078 
-0.0668955 0.0165785 0.997622 47.4526 0.0197724 0.999688 -0.015287 -1.50141 -0.997564 0.0187027 -0.0672024 55.0294 
-0.0665864 0.0133565 0.997691 48.4161 0.0239702 0.999643 -0.0117828 -1.52312 -0.997493 0.0231303 -0.0668828 54.9717 
-0.0667391 0.00776344 0.99774 49.3968 0.0260463 0.999643 -0.00603596 -1.53964 -0.99743 0.0255846 -0.0669175 54.9141 
-0.0661422 0.00472044 0.997799 50.3779 0.0275492 0.999616 -0.00290281 -1.5634 -0.99743 0.0272965 -0.0662469 54.8668 
-0.0644419 0.00641949 0.997901 51.3711 0.0268298 0.999629 -0.00469797 -1.57643 -0.997561 0.0264707 -0.0645902 54.8217 
-0.0637258 0.00929579 0.997924 52.3615 0.0267415 0.999614 -0.00760382 -1.59342 -0.997609 0.0262015 -0.0639497 54.7774 
-0.06354 0.010822 0.997921 53.3578 0.0209158 0.999736 -0.00950993 -1.62351 -0.99776 0.020268 -0.0637495 54.7393 
-0.0643291 0.0108327 0.99787 54.3701 0.0181479 0.999788 -0.00968359 -1.64267 -0.997764 0.0174863 -0.0645121 54.7037 
-0.0649142 0.00596657 0.997873 55.3894 0.0175919 0.999834 -0.00483386 -1.66517 -0.997736 0.0172407 -0.0650084 54.6574 
-0.0654216 0.000253908 0.997858 56.4326 0.0155706 0.999879 0.000766461 -1.68175 -0.997736 0.0155874 -0.0654177 54.6077 
-0.0661806 0.000916675 0.997807 57.4671 0.0169852 0.999856 0.000208045 -1.69741 -0.997663 0.0169617 -0.0661866 54.5552 
-0.0664881 0.0041853 0.997778 58.504 0.0195492 0.999805 -0.00289107 -1.71459 -0.997596 0.0193135 -0.0665569 54.5008 
-0.0677246 0.00712251 0.997679 59.5546 0.0221485 0.999739 -0.00563369 -1.73281 -0.997458 0.0217155 -0.0678647 54.452 
-0.0700736 0.0042956 0.997533 60.6186 0.0227254 0.999738 -0.00270866 -1.74621 -0.997283 0.0224796 -0.0701529 54.3969 
-0.0727588 -0.00106368 0.997349 61.6923 0.0239156 0.99971 0.00281093 -1.76841 -0.997063 0.0240567 -0.0727122 54.3325 
-0.075646 -0.00368841 0.997128 62.7608 0.0252924 0.999664 0.00561661 -1.77918 -0.996814 0.0256447 -0.0755273 54.2638 
-0.0796881 -0.00268373 0.996816 63.8309 0.0300574 0.999535 0.00509396 -1.78687 -0.996367 0.0303676 -0.0795704 54.197 
-0.0830161 -0.0038169 0.996541 64.8998 0.0327985 0.99944 0.0065603 -1.79744 -0.996008 0.0332297 -0.0828445 54.1183 
-0.0865836 -0.0055267 0.996229 65.9669 0.0370251 0.999276 0.00876154 -1.80772 -0.995556 0.0376441 -0.0863163 54.0351 
-0.0895997 -0.00500094 0.995965 67.0366 0.0402825 0.999151 0.00864089 -1.81773 -0.995163 0.0408942 -0.0893221 53.9564 
-0.0917308 -0.00128911 0.995783 68.092 0.0445265 0.998994 0.00539505 -1.83015 -0.994788 0.0448337 -0.0915811 53.8696 
-0.093415 0.00318644 0.995622 69.159 0.0474027 0.998875 0.00125078 -1.84782 -0.994498 0.047312 -0.093461 53.785 
-0.0946747 0.00603663 0.99549 70.2323 0.0511404 0.998691 -0.00119236 -1.86453 -0.994194 0.0507969 -0.0948595 53.7019 
-0.0940287 0.00526132 0.995556 71.2771 0.0504517 0.998726 -0.000512952 -1.88713 -0.99429 0.0501792 -0.0941744 53.6226 
-0.0916338 0.0026533 0.995789 72.3548 0.0512954 0.998681 0.00205929 -1.90769 -0.994471 0.0512681 -0.0916491 53.5518 
-0.0869213 -0.000690868 0.996215 73.4188 0.054712 0.998487 0.0054662 -1.92086 -0.994712 0.0549801 -0.086752 53.4709 
-0.0816715 -0.00344373 0.996653 74.5107 0.0549361 0.998458 0.00795178 -1.92996 -0.995144 0.0554017 -0.0813564 53.4036 
-0.0767506 -0.00686881 0.997027 75.5868 0.0561691 0.998358 0.0112019 -1.94301 -0.995467 0.0568618 -0.0762388 53.3388 
-0.0721646 -0.00817188 0.997359 76.6526 0.0572175 0.998286 0.0123195 -1.95789 -0.99575 0.0579554 -0.0715734 53.28 
-0.0685007 -0.00423287 0.997642 77.7247 0.0570387 0.998339 0.00815229 -1.97221 -0.996019 0.0574627 -0.0681455 53.2291 
-0.0661354 0.000662369 0.99781 78.8081 0.0557653 0.998439 0.0030334 -1.98063 -0.996251 0.0558438 -0.0660691 53.1759 
-0.0650349 0.000440739 0.997883 79.8686 0.0560479 0.998423 0.00321186 -1.99572 -0.996308 0.0561381 -0.0649571 53.1323 
-0.0633164 -0.00154749 0.997992 80.9405 0.0565304 0.998388 0.00513464 -2.01295 -0.996391 0.056742 -0.0631268 53.0757 
-0.0618623 0.00113519 0.998084 82.0369 0.056127 0.998421 0.00234327 -2.03838 -0.996505 0.0561644 -0.0618283 53.0407 
-0.0599898 0.00676358 0.998176 83.1171 0.0564232 0.998401 -0.00337406 -2.05545 -0.996603 0.0561179 -0.0602755 53.0009 
-0.0577628 0.00997888 0.998281 84.1834 0.0556187 0.998429 -0.0067621 -2.07562 -0.99678 0.0551324 -0.0582271 52.9578 
-0.0552796 0.00949373 0.998426 85.2588 0.0564818 0.998383 -0.00636608 -2.099 -0.996872 0.056041 -0.0557265 52.9117 
-0.0519948 0.00625164 0.998628 86.3419 0.0539327 0.998539 -0.00344297 -2.12515 -0.99719 0.0536797 -0.0522559 52.8832 
-0.0477176 0.00217831 0.998859 87.4362 0.0537267 0.998556 0.000389026 -2.14225 -0.997415 0.0536839 -0.0477657 52.8511 
-0.0432987 -0.000507213 0.999062 88.5428 0.0517733 0.998655 0.00275087 -2.16984 -0.99772 0.0518439 -0.0432142 52.8339 
-0.0398461 0.00365653 0.999199 89.6321 0.04833 0.99883 -0.00172783 -2.18749 -0.998036 0.0482225 -0.0399762 52.8179 
-0.0382256 0.0130401 0.999184 90.7178 0.0443375 0.998952 -0.0113408 -2.21379 -0.998285 0.0438678 -0.0387637 52.8041 
-0.0373911 0.0209779 0.999081 91.7877 0.0390544 0.999047 -0.0195155 -2.24585 -0.998537 0.0382888 -0.0381748 52.7911 
-0.0372514 0.0206715 0.999092 92.8688 0.0383188 0.99908 -0.0192425 -2.27423 -0.998571 0.0375672 -0.0380093 52.7818 
-0.0365382 0.0143293 0.99923 93.9663 0.0377837 0.999202 -0.0129472 -2.31556 -0.998618 0.0372815 -0.0370504 52.7603 
-0.0379493 0.00845611 0.999244 95.0733 0.0396131 0.999191 -0.00695119 -2.3413 -0.998494 0.0393193 -0.0382535 52.7353 
-0.0397449 0.00238424 0.999207 96.1654 0.0379907 0.999278 -0.000873231 -2.3652 -0.998487 0.0379259 -0.0398067 52.7058 
-0.0419804 -0.00255568 0.999115 97.2603 0.0374775 0.999289 0.00413088 -2.38869 -0.998415 0.0376177 -0.0418548 52.6793 
-0.0440526 -0.00204091 0.999027 98.3529 0.0381344 0.999266 0.003723 -2.4082 -0.998301 0.0382613 -0.0439425 52.6457 
-0.0457935 -0.00160259 0.99895 99.4277 0.0378799 0.999277 0.00333963 -2.42094 -0.998233 0.037993 -0.0456997 52.6138 
-0.0472066 -0.00290146 0.998881 100.505 0.0390612 0.999226 0.00474851 -2.43734 -0.998121 0.0392416 -0.0470567 52.5744 
-0.0482533 -0.0012301 0.998834 101.59 0.0396641 0.999208 0.00314676 -2.45928 -0.998047 0.0397697 -0.0481663 52.5416 
-0.0487606 0.00706605 0.998786 102.657 0.0406361 0.999161 -0.00508482 -2.47986 -0.997984 0.0403388 -0.0490068 52.5038 
-0.0493304 0.0147043 0.998674 103.712 0.0374459 0.999216 -0.0128625 -2.50737 -0.99808 0.0367618 -0.0498423 52.4723 
-0.0506599 0.0151514 0.998601 104.776 0.0351965 0.999291 -0.0133763 -2.53378 -0.998096 0.0344696 -0.0511573 52.4389 
-0.0532646 0.00913923 0.998539 105.848 0.0306741 0.999501 -0.00751177 -2.56848 -0.998109 0.0302292 -0.0535184 52.4138 
-0.0561868 0.00140295 0.998419 106.911 0.0244852 0.9997 -2.67865e-05 -2.59368 -0.99812 0.024445 -0.0562043 52.3827 
-0.0582367 -0.00670215 0.99828 107.975 0.0233037 0.999696 0.00807116 -2.61017 -0.998031 0.0237336 -0.0580628 52.3439 
-0.0599039 -0.0131887 0.998117 109.029 0.0264942 0.999539 0.0147976 -2.62347 -0.997853 0.0273308 -0.0595269 52.2941 
-0.0616556 -0.0134457 0.998007 110.07 0.0249268 0.999577 0.0150068 -2.62968 -0.997786 0.0258023 -0.0612944 52.2479 
-0.0622081 -0.00596212 0.998045 111.103 0.0288232 0.999554 0.00776772 -2.64376 -0.997647 0.0292501 -0.0620085 52.1932 
-0.0624739 0.00858637 0.99801 112.12 0.0378435 0.999264 -0.00622818 -2.66398 -0.997329 0.0373791 -0.0627528 52.1289 
-0.0635042 0.0196487 0.997788 113.134 0.0427154 0.998943 -0.0169528 -2.68745 -0.997067 0.0415444 -0.0642764 52.0732 
-0.063996 0.0168311 0.997808 114.167 0.04284 0.998982 -0.0141033 -2.71033 -0.99703 0.0418436 -0.0646519 52.0325 
-0.0637459 0.00641178 0.997946 115.212 0.0450932 0.998977 -0.00353794 -2.7349 -0.996947 0.044775 -0.0639698 51.9789 
-0.0631844 -0.00348857 0.997996 116.238 0.0454835 0.998945 0.00637155 -2.75445 -0.996965 0.0457949 -0.0629591 51.9275 
-0.0630506 -0.0089711 0.99797 117.259 0.0436706 0.998977 0.0117392 -2.76615 -0.997054 0.0443221 -0.0625944 51.8831 
-0.0636763 -0.014297 0.997868 118.274 0.0404144 0.99904 0.0168928 -2.77046 -0.997152 0.041404 -0.0630374 51.8487 
-0.0633939 -0.0175697 0.997834 119.285 0.037657 0.999091 0.0199842 -2.77402 -0.997278 0.0388423 -0.0626746 51.8026 
-0.0631869 -0.0154713 0.997882 120.291 0.0368567 0.999162 0.017825 -2.7804 -0.997321 0.0379049 -0.0625637 51.7566 
-0.062524 -0.00842683 0.998008 121.295 0.0343933 0.999352 0.0105929 -2.78131 -0.997451 0.0349871 -0.0621936 51.7111 
-0.0621532 -0.00257383 0.998063 122.278 0.0344448 0.999395 0.00472232 -2.79207 -0.997472 0.0346716 -0.062027 51.666 
-0.0621187 0.00251679 0.998066 123.246 0.0345591 0.999403 -0.000369197 -2.80978 -0.99747 0.0344693 -0.0621686 51.6226 
-0.06192 0.00690701 0.998057 124.217 0.0363151 0.99933 -0.00466277 -2.83311 -0.99742 0.0359558 -0.0621293 51.5755 
-0.0619052 0.0110403 0.998021 125.183 0.0351994 0.999341 -0.00887152 -2.87023 -0.997461 0.0345805 -0.062253 51.5388 
-0.0618183 0.0104297 0.998033 126.148 0.0364691 0.999301 -0.00818401 -2.89167 -0.997421 0.0358914 -0.0621555 51.4928 
-0.0619113 0.00421632 0.998073 127.115 0.0353538 0.999373 -0.00202874 -2.91307 -0.997455 0.03516 -0.0620215 51.4525 
-0.0626351 -0.00547399 0.998022 128.071 0.0331475 0.999422 0.00756203 -2.93204 -0.997486 0.0335556 -0.0624174 51.4143 
-0.0635918 -0.0137013 0.997882 129.016 0.0278167 0.999493 0.0154961 -2.94727 -0.997588 0.0287432 -0.0631784 51.3755 
-0.0660733 -0.0167285 0.997675 129.937 0.0228939 0.999571 0.0182766 -2.95404 -0.997552 0.0240483 -0.065662 51.3407 
-0.0677203 -0.0143156 0.997602 130.832 0.0183159 0.999711 0.0155892 -2.96244 -0.997536 0.0193276 -0.0674385 51.3014 
-0.0687876 -0.00744442 0.997604 131.708 0.0157711 0.999839 0.00854861 -2.97354 -0.997507 0.0163213 -0.0686591 51.2609 
-0.0694766 6.59502e-05 0.997584 132.568 0.0174306 0.999847 0.00114789 -2.98504 -0.997431 0.0174682 -0.0694672 51.215 
-0.0681227 0.00581999 0.99766 133.409 0.0221582 0.999745 -0.00431909 -3.00348 -0.997431 0.0218121 -0.0682343 51.1668 
-0.0653788 0.00842572 0.997825 134.23 0.0251889 0.99966 -0.00679076 -3.02298 -0.997543 0.0246901 -0.0655688 51.1243 
-0.0608194 0.00788929 0.998118 135.038 0.029637 0.999542 -0.00609461 -3.04277 -0.997709 0.0292106 -0.0610254 51.0858 
-0.0558441 0.00265757 0.998436 135.831 0.0323094 0.999478 -0.00085319 -3.06508 -0.997917 0.0322112 -0.0559007 51.0514 
-0.051751 -0.0013773 0.998659 136.601 0.0334324 0.999436 0.00311089 -3.08471 -0.9981 0.0335486 -0.0516758 51.0228 
-0.0474278 -0.000814603 0.998874 137.343 0.0337095 0.999429 0.00241566 -3.10349 -0.998306 0.0337861 -0.0473732 51.0021 
-0.0429748 0.00347056 0.99907 138.05 0.0352194 0.999378 -0.00195663 -3.12283 -0.998455 0.0351026 -0.0430703 50.986 
-0.0387089 0.00738556 0.999223 138.738 0.0353987 0.999355 -0.00601518 -3.13925 -0.998623 0.0351384 -0.0389454 50.9789 
-0.0342305 0.00797215 0.999382 139.395 0.0368733 0.999297 -0.00670846 -3.15569 -0.998734 0.0366209 -0.0345004 50.9657 
-0.0301486 0.00746792 0.999518 140.017 0.0339781 0.999402 -0.00644213 -3.1778 -0.998968 0.0337675 -0.0303843 50.9635 
-0.0262882 0.00651748 0.999633 140.614 0.0289855 0.999563 -0.00575473 -3.19993 -0.999234 0.0288236 -0.0264657 50.9658 
-0.0224881 0.00677145 0.999724 141.173 0.024211 0.999688 -0.00622655 -3.22139 -0.999454 0.0240643 -0.022645 50.9672 
-0.0195897 0.0100357 0.999758 141.716 0.022786 0.999694 -0.00958853 -3.23695 -0.999548 0.0225926 -0.0198124 50.968 
-0.0184327 0.01411 0.999731 142.255 0.0213385 0.999678 -0.0137158 -3.25414 -0.999602 0.0210799 -0.0187278 50.962 
-0.018865 0.0153886 0.999704 142.795 0.0179903 0.999725 -0.0150494 -3.26606 -0.99966 0.017701 -0.0191367 50.9641 
-0.0204602 0.0135301 0.999699 143.326 0.0120259 0.999839 -0.0132859 -3.2836 -0.999718 0.0117504 -0.0206196 50.9679 
-0.0222663 0.00931562 0.999709 143.87 0.00702217 0.999933 -0.00916126 -3.2964 -0.999727 0.00681614 -0.0223302 50.9648 
-0.0243461 0.00419075 0.999695 144.404 0.00590965 0.999974 -0.00404796 -3.30811 -0.999686 0.00580929 -0.0243702 50.9581 
-0.0264232 0.00104748 0.99965 144.929 0.009274 0.999957 -0.000802627 -3.32353 -0.999608 0.00924955 -0.0264318 50.9435 
-0.028645 0.00310862 0.999585 145.439 0.01173 0.999927 -0.00277349 -3.342 -0.999521 0.0116457 -0.0286794 50.9295 
-0.0316307 0.00643356 0.999479 145.952 0.0113915 0.999917 -0.00607583 -3.35347 -0.999435 0.0111933 -0.0317013 50.9191 
-0.0345072 0.00813431 0.999371 146.452 0.00752995 0.999941 -0.0078789 -3.36378 -0.999376 0.00725334 -0.0345664 50.9177 
-0.0368883 0.00983602 0.999271 146.946 0.00687547 0.99993 -0.00958866 -3.37137 -0.999296 0.00651674 -0.0369533 50.9127 
-0.0386541 0.0112948 0.999189 147.443 0.00856186 0.999903 -0.0109716 -3.38028 -0.999216 0.00813082 -0.0387471 50.8953 
-0.0416832 0.00862661 0.999094 147.938 0.00875576 0.999928 -0.00826847 -3.39597 -0.999093 0.00840317 -0.0417557 50.8833 
-0.0443093 0.00338934 0.999012 148.443 0.00821446 0.999962 -0.00302818 -3.40702 -0.998984 0.00807217 -0.0443355 50.8721 
-0.0469061 0.0003222 0.998899 148.929 0.00723617 0.999974 1.72895e-05 -3.41378 -0.998873 0.00722902 -0.0469073 50.86 
-0.0495165 -0.000841885 0.998773 149.42 0.00491163 0.999987 0.00108646 -3.42375 -0.998761 0.0049594 -0.0495117 50.8461 
-0.0517268 -0.00235558 0.998659 149.908 0.00361912 0.99999 0.00254621 -3.43572 -0.998655 0.00374597 -0.0517177 50.8346 
-0.0530555 -0.00420005 0.998583 150.398 0.00319481 0.999985 0.00437573 -3.45036 -0.998586 0.00342244 -0.0530413 50.8216 
-0.0542031 -0.00410408 0.998522 150.883 0.00235953 0.999988 0.00423824 -3.45555 -0.998527 0.00258576 -0.0541928 50.8097 
-0.0534344 -0.00215293 0.998569 151.365 0.00525159 0.999983 0.00243704 -3.45712 -0.998558 0.00537429 -0.0534222 50.7959 
-0.0482787 0.000244439 0.998834 151.839 0.00762267 0.999971 0.000123766 -3.46838 -0.998805 0.00761975 -0.0482792 50.7746 
-0.0408571 0.0020175 0.999163 152.309 0.00792612 0.999967 -0.00169497 -3.47775 -0.999134 0.00785024 -0.0408718 50.7663 
-0.0312864 0.00204384 0.999508 152.769 0.00569875 0.999982 -0.00186638 -3.48421 -0.999494 0.00563755 -0.0312975 50.7793 
-0.0159706 0.00118234 0.999872 153.227 0.0073921 0.999972 -0.00106435 -3.48815 -0.999845 0.00737415 -0.0159789 50.7933 
0.00622124 0.00153072 0.99998 153.678 0.0128355 0.999916 -0.00161044 -3.49295 -0.999898 0.0128453 0.00620107 50.8113 
0.0357741 0.00227719 0.999357 154.121 0.0195027 0.999805 -0.00297631 -3.49731 -0.99917 0.0195966 0.0357227 50.8456 
0.071985 0.00151204 0.997405 154.556 0.0210771 0.999773 -0.00303677 -3.50643 -0.997183 0.021241 0.0719368 50.9034 
0.112663 0.00120171 0.993633 154.986 0.0177375 0.999838 -0.00322033 -3.52034 -0.993475 0.0179874 0.112623 50.9886 
0.154427 0.00427067 0.987995 155.4 0.0131767 0.999893 -0.00638161 -3.53239 -0.987916 0.014004 0.154354 51.0971 
0.196183 0.00902987 0.980526 155.811 0.0124927 0.999853 -0.0117073 -3.53825 -0.980488 0.0145462 0.196041 51.2139 
0.238567 0.0129207 0.97104 156.214 0.0136928 0.999767 -0.016667 -3.54956 -0.97103 0.0172725 0.238334 51.3431 
0.280896 0.0156265 0.959611 156.61 0.0146397 0.999681 -0.0205642 -3.55535 -0.959627 0.0198248 0.280578 51.4963 
0.322452 0.0178052 0.946418 156.996 0.0111182 0.999683 -0.0225952 -3.56267 -0.946521 0.0178084 0.322152 51.6703 
0.363012 0.021186 0.931544 157.36 0.00362785 0.999702 -0.0241498 -3.57786 -0.931778 0.0121462 0.362827 51.8596 
0.402536 0.0265133 0.91502 157.705 -0.00512611 0.99963 -0.0267098 -3.58577 -0.91539 0.00606118 0.402523 52.0684 
0.442058 0.0323369 0.896403 158.062 -0.00952444 0.999463 -0.0313577 -3.60204 -0.896936 0.0053242 0.442129 52.2893 
0.480435 0.0361228 0.876286 158.42 -0.0107723 0.999319 -0.0352884 -3.61775 -0.876964 0.00751418 0.480497 52.5273 
0.51833 0.0354872 0.854444 158.779 -0.00961944 0.999317 -0.0356687 -3.63146 -0.855127 0.0102689 0.518317 52.7814 
0.554324 0.033808 0.831614 159.122 -0.0110401 0.999385 -0.0332696 -3.64907 -0.832228 0.00926105 0.554357 53.0543 
0.587788 0.0346508 0.808273 159.454 -0.0155386 0.999382 -0.0315437 -3.66555 -0.808866 0.00598159 0.587962 53.3546 
0.619778 0.0391292 0.783801 159.79 -0.0228885 0.999233 -0.0317853 -3.68206 -0.784444 0.00175983 0.620198 53.6726 
0.649734 0.042759 0.758958 160.113 -0.0284835 0.999085 -0.0319031 -3.69939 -0.759628 -0.000889242 0.650357 54.0118 
0.677727 0.0438149 0.734007 160.442 -0.0288817 0.999039 -0.0329681 -3.72241 -0.734746 0.0011441 0.678342 54.3607 
0.703125 0.0420492 0.709822 160.771 -0.0239858 0.999084 -0.0354254 -3.73254 -0.710661 0.00788289 0.70349 54.7197 
0.725711 0.0432572 0.686638 161.089 -0.0251803 0.999023 -0.0363238 -3.74809 -0.687539 0.00907083 0.726091 55.1043 
0.745523 0.0470835 0.664815 161.405 -0.0318588 0.998879 -0.0350161 -3.76995 -0.665719 0.00492511 0.746187 55.5147 
0.762031 0.0495549 0.645641 161.716 -0.0394341 0.998768 -0.0301154 -3.79375 -0.646339 -0.00251139 0.763047 55.9421 
0.775224 0.0476748 0.629885 162.032 -0.0405178 0.998847 -0.0257339 -3.81416 -0.630386 -0.00557204 0.776262 56.3806 
0.786163 0.0423349 0.616567 162.363 -0.0362419 0.999092 -0.022389 -3.83116 -0.616955 -0.00474416 0.786984 56.8253 
0.795524 0.0347695 0.604924 162.705 -0.0301235 0.999387 -0.0178273 -3.84985 -0.605173 -0.00404031 0.796084 57.2829 
0.802952 0.0278106 0.595394 163.045 -0.0249683 0.999604 -0.0130185 -3.86786 -0.59552 -0.00441275 0.803328 57.7593 
0.809569 0.0244382 0.586515 163.382 -0.0232119 0.999684 -0.00961412 -3.88399 -0.586565 -0.0058308 0.809881 58.2506 
0.81667 0.0214204 0.576707 163.723 -0.0209255 0.999753 -0.00750091 -3.89751 -0.576725 -0.00594209 0.816917 58.7596 
0.823991 0.0169187 0.566351 164.068 -0.0153368 0.999854 -0.007555 -3.90937 -0.566396 -0.00246075 0.82413 59.2843 
0.830595 0.0175402 0.556601 164.413 -0.0137 0.999845 -0.011064 -3.92212 -0.556709 0.00156431 0.830706 59.8266 
0.83619 0.0217543 0.548008 164.747 -0.0153629 0.99975 -0.0162452 -3.93848 -0.548225 0.00516507 0.836315 60.3776 
0.840542 0.0271099 0.541068 165.095 -0.0185887 0.999602 -0.0212071 -3.95539 -0.541427 0.00776768 0.840712 60.9537 
0.842683 0.03156 0.537484 165.445 -0.0214853 0.999457 -0.0250006 -3.97212 -0.537981 0.00951962 0.842903 61.5454 
0.842524 0.0363372 0.537432 165.807 -0.0267333 0.999313 -0.0256567 -3.99354 -0.537995 0.00724906 0.842917 62.1583 
0.840698 0.0366188 0.540264 166.183 -0.0293931 0.999326 -0.0219954 -4.01587 -0.540705 0.0026115 0.841208 62.7785 
0.838292 0.037734 0.543914 166.575 -0.03147 0.999288 -0.0208232 -4.04382 -0.544312 0.000339017 0.838883 63.4078 
0.835599 0.0391499 0.547943 166.979 -0.0335981 0.999232 -0.0201576 -4.06704 -0.548311 -0.00156612 0.836273 64.0434 
0.832403 0.0393511 0.552772 167.391 -0.03497 0.999218 -0.0184726 -4.08499 -0.553066 -0.00395373 0.833128 64.7017 
0.829234 0.0370251 0.557674 167.816 -0.0320823 0.999311 -0.0186414 -4.09919 -0.55798 -0.00243333 0.829851 65.3544 
0.825906 0.0338764 0.562789 168.256 -0.0301899 0.999418 -0.0158542 -4.12896 -0.562999 -0.00389643 0.826449 66.0092 
0.822046 0.0346684 0.568365 168.708 -0.0314321 0.999386 -0.0154977 -4.14602 -0.568553 -0.00512507 0.822631 66.6869 
0.818576 0.0366622 0.573226 169.164 -0.0327003 0.999317 -0.0172173 -4.16996 -0.573466 -0.00465097 0.819216 67.3626 
0.815562 0.0377161 0.57744 169.629 -0.0315511 0.999288 -0.0207074 -4.19131 -0.57781 -0.00133067 0.816171 68.0387 
0.81265 0.0394443 0.581416 170.102 -0.031358 0.999221 -0.0239596 -4.22119 -0.581908 0.0012387 0.813254 68.7288 
0.809679 0.0390306 0.585574 170.585 -0.0309766 0.999237 -0.0237711 -4.24278 -0.586055 0.00110792 0.81027 69.4282 
0.807213 0.0358099 0.589174 171.083 -0.0319192 0.999346 -0.0170083 -4.2692 -0.589397 -0.00507656 0.807827 70.1434 
0.804807 0.0323979 0.592652 171.586 -0.0321455 0.999423 -0.0109815 -4.29791 -0.592665 -0.010213 0.805384 70.854 
0.803043 0.0311528 0.595107 172.091 -0.0281714 0.999501 -0.0143073 -4.32906 -0.595255 -0.0052756 0.803519 71.5487 
0.801899 0.0363199 0.596355 172.595 -0.0265993 0.999331 -0.025095 -4.36168 -0.596868 0.00426104 0.802328 72.2334 
0.800515 0.0388882 0.598049 173.098 -0.0244686 0.999181 -0.0322194 -4.39021 -0.598813 0.0111587 0.800811 72.9197 
0.799909 0.034885 0.599106 173.622 -0.0197752 0.999299 -0.0317844 -4.43259 -0.599795 0.0135772 0.800038 73.6241 
0.799099 0.0290353 0.600498 174.132 -0.0170258 0.999525 -0.0256723 -4.47149 -0.600958 0.0102908 0.799214 74.3308 
0.798735 0.024738 0.601175 174.646 -0.0138168 0.999645 -0.0227775 -4.50949 -0.601525 0.00988694 0.798793 75.0305 
0.799228 0.0198258 0.6007 175.161 -0.00944821 0.999747 -0.0204252 -4.54726 -0.600953 0.0106489 0.799213 75.7162 
0.799518 0.0156575 0.600438 175.671 -0.00419412 0.999781 -0.0204863 -4.57841 -0.600628 0.0138609 0.799409 76.4099 
0.800376 0.0135502 0.599345 176.171 -0.00136117 0.999783 -0.0207855 -4.61495 -0.599497 0.0158205 0.800221 77.0894 
0.801145 0.0160545 0.598254 176.667 -0.000959026 0.999673 -0.0255425 -4.64834 -0.598469 0.0198895 0.800899 77.7764 
0.801677 0.0160979 0.597541 177.16 0.00196807 0.999561 -0.0295688 -4.68419 -0.597754 0.0248807 0.801293 78.4589 
0.801933 0.0134147 0.597264 177.651 0.00421314 0.999596 -0.028108 -4.71851 -0.5974 0.0250571 0.801552 79.1359 
0.801634 0.0115938 0.597703 178.141 0.00204187 0.999753 -0.0221309 -4.74948 -0.597812 0.0189613 0.801412 79.8259 
0.801132 0.00565241 0.59846 178.631 0.00254479 0.999914 -0.0128506 -4.78783 -0.598482 0.011818 0.801049 80.504 
0.800838 0.00101297 0.59888 179.118 0.00468197 0.999957 -0.00795214 -4.81677 -0.598863 0.00917234 0.800799 81.1675 
0.800085 -0.00209867 0.599883 179.59 0.00772871 0.999947 -0.00680969 -4.84341 -0.599837 0.0100847 0.800059 81.8147 
0.799209 0.00176622 0.601051 180.049 0.00539073 0.999934 -0.0101063 -4.86713 -0.601029 0.0113171 0.799147 82.4478 
0.798149 0.00954791 0.602384 180.496 0.00235571 0.999817 -0.0189685 -4.89541 -0.602455 0.0165588 0.797981 83.0631 
0.796636 0.0139133 0.604299 180.931 0.002675 0.999644 -0.0265421 -4.92402 -0.604453 0.0227609 0.796315 83.6635 
0.794406 0.0137654 0.607231 181.356 0.00591667 0.99952 -0.0303986 -4.95366 -0.607358 0.0277416 0.793944 84.2382 
