1 2.12261e-08 -2.11895e-08 -3.77649e-15 2.12261e-08 1 2.10703e-08 -2.22045e-16 -2.11895e-08 2.10703e-08 1 -1.81521e-14 
0.999997 0.00228512 0.000191338 -0.0160822 -0.00228538 0.999996 0.00160077 -0.0195381 -0.000187722 -0.00160116 0.999999 0.76664 
0.999989 0.00477103 0.000403858 -0.0389475 -0.00477176 0.999987 0.00192679 -0.0304747 -0.000394703 -0.00192865 0.999998 1.56027 
0.999981 0.00604968 0.000729135 -0.0555541 -0.00605086 0.99998 0.00169064 -0.047376 -0.000718935 -0.00169498 0.999998 2.30323 
0.999966 0.00813402 0.000987904 -0.0774778 -0.00813564 0.999966 0.00169512 -0.067787 -0.000974124 -0.00170306 0.999998 3.03471 
0.999966 0.00811326 0.00133743 -0.0937318 -0.00811503 0.999966 0.00135656 -0.0791358 -0.00132642 -0.00136733 0.999998 3.75925 
0.999967 0.00805253 0.00124743 -0.0993093 -0.00805538 0.999965 0.00233427 -0.090967 -0.00122863 -0.0023442 0.999997 4.47801 
0.99996 0.00876584 0.00159726 -0.102876 -0.0087731 0.999951 0.0046291 -0.093665 -0.00155665 -0.00464288 0.999988 5.18742 
0.999962 0.00839558 0.00252071 -0.105613 -0.00841703 0.999927 0.0086418 -0.104639 -0.00244802 -0.00866264 0.99996 5.8489 
0.999964 0.00757461 0.00394881 -0.115686 -0.00762258 0.999895 0.0122889 -0.116956 -0.00385536 -0.0123185 0.999917 6.48819 
0.999969 0.00639349 0.00453964 -0.11687 -0.00645815 0.999876 0.014386 -0.125598 -0.00444714 -0.0144149 0.999886 7.10785 
0.99996 0.00711033 0.00552098 -0.121111 -0.00718924 0.99987 0.0144154 -0.13663 -0.00541781 -0.0144544 0.999881 7.69959 
0.999949 0.00778094 0.00651233 -0.125972 -0.00785738 0.9999 0.0118025 -0.14407 -0.00641989 -0.011853 0.999909 8.25616 
0.999942 0.00786138 0.0073046 -0.129881 -0.00792761 0.999927 0.00908794 -0.150886 -0.00723267 -0.00914528 0.999932 8.78796 
0.999934 0.00682908 0.00924947 -0.135157 -0.00689955 0.999947 0.00761351 -0.155805 -0.00919704 -0.00767678 0.999928 9.28596 
0.999935 0.00314 0.0109852 -0.125896 -0.00319903 0.999981 0.00536436 -0.162394 -0.0109682 -0.00539911 0.999925 9.76401 
0.999917 0.00130304 0.0128228 -0.122415 -0.0013559 0.999991 0.00411779 -0.168372 -0.0128174 -0.0041348 0.999909 10.21 
0.999873 0.00539742 0.0149851 -0.127736 -0.00543129 0.999983 0.00222385 -0.180232 -0.0149728 -0.00230491 0.999885 10.6216 
0.999801 0.00944296 0.0175656 -0.122585 -0.00947246 0.999954 0.00159972 -0.192035 -0.0175497 -0.00176575 0.999844 11.0197 
0.999738 0.00950885 0.0208206 -0.116492 -0.00956291 0.999951 0.00250047 -0.196741 -0.0207959 -0.00269888 0.99978 11.3754 
0.999693 0.00575624 0.0241055 -0.112705 -0.00583049 0.999979 0.00301272 -0.202192 -0.0240877 -0.0031523 0.999705 11.6881 
0.999649 0.00116313 0.0264682 -0.0988549 -0.00124597 0.999994 0.00311502 -0.208939 -0.0264645 -0.00314687 0.999645 11.9694 
0.999582 -0.00242091 0.0288188 -0.0857279 0.00229607 0.999988 0.0043655 -0.213845 -0.0288291 -0.00429746 0.999575 12.2361 
0.999502 -0.00263751 0.0314588 -0.0830105 0.00247204 0.999983 0.00529913 -0.218512 -0.0314723 -0.00521868 0.999491 12.4658 
0.999435 -0.00201296 0.0335658 -0.0791936 0.00186428 0.999988 0.00446155 -0.225784 -0.0335744 -0.00439641 0.999427 12.666 
0.999364 -0.00085925 0.0356437 -0.073725 0.000760817 0.999996 0.00277625 -0.226857 -0.035646 -0.00274732 0.999361 12.853 
0.999279 0.0012556 0.0379592 -0.0677643 -0.00134309 0.999997 0.00228067 -0.235738 -0.0379563 -0.00232996 0.999277 13.031 
0.999202 0.00402718 0.0397433 -0.0737696 -0.00409741 0.99999 0.00168675 -0.242241 -0.0397362 -0.00184821 0.999209 13.1914 
0.999144 0.00551432 0.0409922 -0.070662 -0.00551981 0.999985 2.18437e-05 -0.24407 -0.0409915 -0.000248053 0.99916 13.348 
0.999067 0.00449459 0.0429484 -0.0653959 -0.00443258 0.999989 -0.00153783 -0.248588 -0.0429549 0.00134607 0.999076 13.4985 
0.999007 0.00300933 0.0444447 -0.0583444 -0.00287962 0.999991 -0.00298129 -0.25166 -0.0444533 0.00285039 0.999007 13.6468 
0.998959 0.0022557 0.0455599 -0.0492918 -0.00208198 0.99999 -0.003859 -0.25686 -0.0455682 0.00376017 0.998954 13.7893 
0.998889 0.00320395 0.0470082 -0.0449369 -0.00295906 0.999982 -0.00527722 -0.257565 -0.0470243 0.0051323 0.998881 13.9168 
0.998835 0.0040834 0.0480884 -0.0373474 -0.00372891 0.999965 -0.00745808 -0.261113 -0.0481172 0.00727011 0.998815 14.0461 
0.998797 0.00383181 0.0488846 -0.0326399 -0.00337302 0.99995 -0.00946349 -0.265237 -0.0489185 0.00928725 0.99876 14.1693 
0.998761 0.00304212 0.0496787 -0.0290566 -0.00246911 0.99993 -0.0115908 -0.271488 -0.0497105 0.0114538 0.998698 14.2884 
0.998786 0.00224662 0.0492123 -0.0237465 -0.00158534 0.999908 -0.0134713 -0.27308 -0.0492381 0.013377 0.998698 14.415 
0.998886 0.00187169 0.0471575 -0.0198778 -0.00118778 0.999894 -0.0145255 -0.276769 -0.0471797 0.0144533 0.998782 14.5437 
0.999021 0.00181983 0.0442049 -0.0184734 -0.00113402 0.999879 -0.0155333 -0.279382 -0.0442279 0.015468 0.998902 14.6723 
0.999193 0.00243758 0.0400965 -0.0221224 -0.0017788 0.999863 -0.0164561 -0.287124 -0.0401312 0.0163715 0.99906 14.7901 
0.999404 0.00284974 0.0344027 -0.0243378 -0.00223834 0.999839 -0.0177962 -0.285768 -0.0344479 0.0177087 0.99925 14.9193 
0.999621 0.00251093 0.0274053 -0.0227034 -0.00200952 0.99983 -0.0183068 -0.292382 -0.0274466 0.0182448 0.999457 15.05 
0.999792 0.00261983 0.0202376 -0.028114 -0.00223153 0.999814 -0.0191841 -0.294249 -0.0202841 0.0191349 0.999611 15.1783 
0.999923 0.00238736 0.0121675 -0.0412928 -0.00214399 0.999798 -0.0199717 -0.300214 -0.0122128 0.0199441 0.999727 15.3081 
0.999997 0.0013121 0.00208276 -0.0511919 -0.00126767 0.999775 -0.0211719 -0.301463 -0.00211011 0.0211692 0.999774 15.4499 
0.99994 -1.72614e-06 -0.0109759 -0.0666929 -0.000248942 0.999739 -0.0228405 -0.303669 0.010973 0.0228419 0.999679 15.5956 
0.999629 -0.000538618 -0.0272323 -0.0878623 -0.000132709 0.999696 -0.0246456 -0.309129 0.0272373 0.0246401 0.999325 15.7555 
0.998913 -0.000338831 -0.0466134 -0.11573 -0.000854156 0.999673 -0.0255718 -0.315025 0.0466068 0.0255839 0.998586 15.9303 
0.997651 0.000454601 -0.0685003 -0.153885 -0.00219332 0.999677 -0.0253102 -0.318618 0.0684667 0.0254011 0.99733 16.1253 
0.995711 0.00142566 -0.0925108 -0.196384 -0.00365567 0.999707 -0.0239409 -0.321412 0.0924495 0.0241764 0.995424 16.3423 
0.992851 0.0019016 -0.119349 -0.251372 -0.00461247 0.999738 -0.0224421 -0.329097 0.119275 0.0228321 0.992599 16.5794 
0.988728 0.00323764 -0.149687 -0.322662 -0.00634781 0.999774 -0.0203049 -0.334914 0.149588 0.0210263 0.988525 16.8202 
0.983176 0.00309118 -0.182634 -0.413123 -0.00629964 0.999836 -0.0169903 -0.340047 0.182552 0.0178551 0.983034 17.0834 
0.975548 0.00429653 -0.219746 -0.502664 -0.00730483 0.99989 -0.0128794 -0.348464 0.219667 0.0141697 0.975472 17.3463 
0.965636 0.00638027 -0.25982 -0.618643 -0.00863584 0.999934 -0.00754082 -0.349048 0.259755 0.0095255 0.965628 17.6409 
0.953323 0.00978172 -0.301793 -0.747069 -0.011181 0.999933 -0.00290946 -0.350607 0.301744 0.00614805 0.953369 17.928 
0.93867 0.01294 -0.344574 -0.893975 -0.0132701 0.999911 0.00140033 -0.352706 0.344561 0.00325814 0.938758 18.2291 
0.92135 0.0157075 -0.388417 -1.0556 -0.0140043 0.999876 0.0072158 -0.360119 0.388482 -0.00120874 0.921456 18.5284 
0.901415 0.0188073 -0.432547 -1.23357 -0.0137037 0.999795 0.0149132 -0.365425 0.432739 -0.0075154 0.901488 18.829 
0.878593 0.0225355 -0.477039 -1.42494 -0.0141746 0.999677 0.0211189 -0.356919 0.477361 -0.011793 0.878628 19.1406 
0.852828 0.0272122 -0.521483 -1.64901 -0.0163107 0.999542 0.0254842 -0.354204 0.521938 -0.0132278 0.852881 19.4419 
0.824147 0.0301052 -0.565575 -1.89375 -0.0168445 0.999447 0.0286543 -0.352706 0.566125 -0.0140884 0.824199 19.7264 
0.792384 0.0335197 -0.609101 -2.15992 -0.0191552 0.999364 0.0300774 -0.346037 0.609721 -0.0121654 0.792522 20.0078 
0.757754 0.0356395 -0.651566 -2.46201 -0.0191453 0.999292 0.032394 -0.330607 0.652259 -0.0120722 0.7579 20.2995 
0.719342 0.0389748 -0.693562 -2.77974 -0.0196109 0.999166 0.0358084 -0.315582 0.694379 -0.012157 0.719506 20.591 
0.679397 0.0400247 -0.732678 -3.12927 -0.0173841 0.999109 0.0384593 -0.298849 0.733565 -0.0133921 0.679488 20.8646 
0.637626 0.0399191 -0.769311 -3.50625 -0.0146132 0.999104 0.0397311 -0.286614 0.770207 -0.0140914 0.637638 21.1318 
0.594088 0.0388878 -0.80346 -3.90888 -0.00920196 0.999094 0.0415525 -0.273588 0.804348 -0.0172924 0.593907 21.3897 
0.548606 0.0390562 -0.835168 -4.33324 -0.00427439 0.999026 0.0439111 -0.259318 0.83607 -0.02052 0.548239 21.6312 
0.501148 0.0404754 -0.864415 -4.78752 -0.00228735 0.998964 0.0454494 -0.240861 0.865359 -0.0207996 0.500721 21.8515 
0.451024 0.0399245 -0.891618 -5.26003 -0.00150751 0.999032 0.0439716 -0.216856 0.892511 -0.0184881 0.450647 22.0416 
0.398592 0.0389398 -0.916302 -5.75213 0.00342073 0.999028 0.0439435 -0.198303 0.917122 -0.0206499 0.398071 22.2097 
0.344562 0.0383511 -0.93798 -6.27597 0.00834944 0.999001 0.0439131 -0.180428 0.938726 -0.0229624 0.343897 22.3636 
0.2904 0.0370622 -0.956187 -6.84006 0.0109076 0.999057 0.0420365 -0.152482 0.956843 -0.0226371 0.289722 22.4955 
0.236036 0.0428493 -0.970799 -7.4177 0.0116259 0.998831 0.0469133 -0.124975 0.971675 -0.0223596 0.235262 22.6019 
0.184339 0.0478504 -0.981697 -8.01804 0.0140512 0.998584 0.0513119 -0.0990494 0.982762 -0.0232527 0.183406 22.6731 
0.135998 0.0490729 -0.989493 -8.6337 0.0192572 0.998453 0.052164 -0.0730746 0.990522 -0.0261491 0.134843 22.7219 
0.0914726 0.0503776 -0.994533 -9.26717 0.0215279 0.998386 0.0525528 -0.0522822 0.995575 -0.0262173 0.0902405 22.7463 
0.0510797 0.048441 -0.997519 -9.91486 0.0211528 0.998546 0.049574 -0.0255992 0.998471 -0.0236326 0.0499808 22.7431 
0.0155775 0.0439293 -0.998913 -10.5799 0.0183915 0.998853 0.0442134 0.00732345 0.99971 -0.0190602 0.0147517 22.716 
-0.0129014 0.0437871 -0.998958 -11.265 0.0159487 0.998923 0.0435796 0.0382067 0.99979 -0.0153698 -0.0135858 22.6728 
-0.0337757 0.0476848 -0.998291 -11.9685 0.0139697 0.998786 0.0472358 0.0688173 0.999332 -0.0123504 -0.0344008 22.6187 
-0.0467337 0.0535014 -0.997474 -12.6949 0.0154697 0.998484 0.0528308 0.0980697 0.998788 -0.0129616 -0.0474904 22.5633 
-0.055083 0.0559486 -0.996913 -13.4493 0.0153581 0.998358 0.0551812 0.133063 0.998364 -0.0122712 -0.0558518 22.5078 
-0.0585779 0.0533185 -0.996858 -14.2151 0.0164824 0.998488 0.0524372 0.160831 0.998147 -0.0133589 -0.0593682 22.4445 
-0.0574722 0.0496711 -0.997111 -15.0033 0.0237754 0.998546 0.0483722 0.191258 0.998064 -0.0209266 -0.0585696 22.3798 
-0.0534149 0.0482333 -0.997407 -15.7985 0.0356486 0.998288 0.0463668 0.231397 0.997936 -0.0330794 -0.055043 22.3436 
-0.0476949 0.0486322 -0.997677 -16.6481 0.0362593 0.99824 0.0469262 0.253709 0.998204 -0.0339369 -0.0493743 22.2867 
-0.0425161 0.047297 -0.997976 -17.5019 0.0347172 0.998346 0.0458355 0.275739 0.998492 -0.0326982 -0.0440877 22.2328 
-0.0393148 0.041174 -0.998378 -18.3603 0.0380152 0.998489 0.0396816 0.305921 0.998504 -0.0363935 -0.0408207 22.1918 
-0.037025 0.030332 -0.998854 -19.2221 0.0357946 0.998938 0.0290077 0.329964 0.998673 -0.0346795 -0.0380714 22.1417 
-0.0367565 0.0217951 -0.999087 -20.1268 0.0284306 0.99938 0.0207555 0.351777 0.99892 -0.0276417 -0.0373534 22.0877 
-0.037755 0.0189054 -0.999108 -21.0598 0.0226072 0.999581 0.01806 0.372611 0.999031 -0.0219052 -0.0381666 22.0193 
-0.0413191 0.0246813 -0.998841 -22.011 0.013674 0.999615 0.0241347 0.384839 0.999052 -0.0126609 -0.0416407 21.9494 
-0.0469634 0.0326794 -0.998362 -22.9939 0.00900421 0.999438 0.0322911 0.40448 0.998856 -0.00747292 -0.0472312 21.8818 
-0.0520256 0.0420171 -0.997761 -24.0188 0.0075944 0.999102 0.0416775 0.439511 0.998617 -0.00540906 -0.052298 21.8136 
-0.0539 0.0518813 -0.997198 -25.0629 0.00652671 0.998646 0.0516039 0.482734 0.998525 -0.00372693 -0.0541657 21.747 
-0.0550939 0.0598589 -0.996685 -26.0899 0.0083102 0.998194 0.0594902 0.52083 0.998447 -0.00500507 -0.0554919 21.6746 
-0.0566073 0.0608336 -0.996541 -27.1105 0.009433 0.99813 0.0603948 0.567716 0.998352 -0.00598154 -0.0570753 21.5972 
-0.0582408 0.0580334 -0.996614 -28.126 0.0079484 0.998304 0.0576673 0.613233 0.998271 -0.00456286 -0.0586033 21.5124 
-0.0609166 0.0533028 -0.996719 -29.1389 0.0074448 0.99857 0.0529468 0.65253 0.998115 -0.00419499 -0.0612263 21.4272 
-0.0656144 0.0479642 -0.996692 -30.1621 0.00777772 0.998838 0.0475555 0.690324 0.997815 -0.00463162 -0.0659112 21.3412 
-0.0710258 0.0434405 -0.996528 -31.1784 0.00818526 0.999043 0.0429667 0.723951 0.997441 -0.00510506 -0.0713134 21.248 
-0.0779776 0.0414833 -0.996092 -32.2135 0.00741092 0.99913 0.0410297 0.754243 0.996928 -0.00418252 -0.0782172 21.1391 
-0.0848698 0.0441493 -0.995414 -33.2707 0.00755456 0.999018 0.043665 0.784719 0.996363 -0.00381403 -0.08512 21.0337 
-0.0908476 0.049086 -0.994654 -34.3473 0.00629195 0.998793 0.0487155 0.820767 0.995845 -0.00183259 -0.0910467 20.8994 
-0.0972443 0.0515138 -0.993927 -35.4206 0.00375421 0.998672 0.0513924 0.862993 0.995254 0.00126625 -0.0973085 20.7705 
-0.101665 0.0541771 -0.993342 -36.4814 0.000341546 0.998518 0.0544244 0.899109 0.994819 0.00519384 -0.101533 20.6306 
-0.104297 0.0550703 -0.99302 -37.5653 -0.00409353 0.998434 0.0558005 0.945467 0.994538 0.00988481 -0.103908 20.4871 
-0.106266 0.0560648 -0.992756 -38.6396 -0.00760941 0.998334 0.0571943 0.992062 0.994309 0.0136322 -0.105663 20.3506 
-0.107994 0.0554825 -0.992602 -39.7197 -0.00910967 0.998344 0.0567946 1.03892 0.99411 0.0151758 -0.10731 20.2103 
-0.108839 0.0543633 -0.992572 -40.8256 -0.00936866 0.998403 0.0557099 1.09209 0.994015 0.0153625 -0.108156 20.0516 
-0.109513 0.0536565 -0.992536 -41.9167 -0.0108516 0.998418 0.0551718 1.13687 0.993926 0.0168126 -0.108758 19.8982 
-0.110152 0.0526605 -0.992519 -43.0158 -0.0130513 0.998433 0.0544227 1.18134 0.993829 0.0189485 -0.109292 19.7489 
-0.110534 0.0498838 -0.99262 -44.1009 -0.0173945 0.99849 0.0521158 1.22572 0.99372 0.0230268 -0.1095 19.5949 
-0.111284 0.0450821 -0.992766 -45.178 -0.0223779 0.998604 0.0478556 1.26167 0.993537 0.0275416 -0.110119 19.4524 
-0.110998 0.044707 -0.992815 -46.2786 -0.023808 0.998581 0.0476284 1.29918 0.993535 0.0289236 -0.109777 19.3136 
-0.109856 0.0486173 -0.992758 -47.3834 -0.0245536 0.998366 0.051609 1.34371 0.993644 0.0300453 -0.108483 19.1743 
-0.107586 0.0516086 -0.992855 -48.4941 -0.0250377 0.998194 0.0545992 1.3874 0.99388 0.0307329 -0.1061 19.0261 
-0.105944 0.0515071 -0.993037 -49.6017 -0.0235009 0.998249 0.0542847 1.43136 0.994094 0.0290885 -0.104548 18.887 
-0.103735 0.0506643 -0.993314 -50.7153 -0.0225784 0.998324 0.0532778 1.4779 0.994349 0.0279543 -0.102417 18.7548 
-0.09992 0.050908 -0.993692 -51.8542 -0.0268015 0.99819 0.0538334 1.52656 0.994634 0.0320115 -0.0983747 18.6167 
-0.0942403 0.0518818 -0.994197 -52.9933 -0.0319804 0.997968 0.0551101 1.56962 0.995036 0.0369884 -0.0923896 18.4813 
-0.0885987 0.0514572 -0.994737 -54.1154 -0.0359639 0.997848 0.0548214 1.61317 0.995418 0.0406318 -0.0865575 18.3552 
-0.083024 0.05094 -0.995245 -55.2353 -0.0372995 0.997834 0.0541841 1.65529 0.995849 0.0416207 -0.0809442 18.2391 
-0.0774946 0.0503603 -0.99572 -56.3649 -0.0363523 0.997917 0.0533006 1.69861 0.99633 0.0403272 -0.0755025 18.1367 
-0.0725 0.0505304 -0.996088 -57.5096 -0.0343768 0.997996 0.0531293 1.73911 0.996776 0.0380943 -0.0706176 18.0391 
-0.0674506 0.0509268 -0.996422 -58.6527 -0.0334428 0.99802 0.0532723 1.78798 0.997162 0.0369164 -0.0656139 17.949 
-0.0627395 0.0528223 -0.996631 -59.8039 -0.032927 0.997945 0.0549648 1.832 0.997487 0.0362645 -0.0608713 17.8641 
-0.0574918 0.0543242 -0.996867 -60.9547 -0.0333713 0.997856 0.0563027 1.87585 0.997788 0.0365037 -0.0555557 17.782 
-0.0528085 0.0534594 -0.997173 -62.1106 -0.0329259 0.99793 0.0552437 1.92477 0.998062 0.0357502 -0.050939 17.7099 
-0.0483284 0.0492018 -0.997619 -63.256 -0.0323595 0.998185 0.0507973 1.96824 0.998307 0.0347375 -0.0466485 17.6373 
-0.0443624 0.043882 -0.998051 -64.4096 -0.0318822 0.998464 0.0453173 2.00913 0.998507 0.0338305 -0.0428952 17.5751 
-0.0402931 0.0430586 -0.99826 -65.5692 -0.0325484 0.998484 0.0443821 2.05175 0.998658 0.0342801 -0.0388305 17.5008 
-0.0372851 0.045269 -0.998279 -66.7356 -0.0318014 0.998414 0.0464629 2.08975 0.998799 0.0334791 -0.0357863 17.4438 
-0.0349332 0.0448949 -0.998381 -67.9013 -0.0320743 0.998426 0.0460192 2.12689 0.998875 0.03363 -0.0334382 17.3729 
-0.0332697 0.0444467 -0.998458 -69.0725 -0.0339434 0.998384 0.0455745 2.16866 0.99887 0.0354073 -0.0317072 17.3015 
-0.0319545 0.0452415 -0.998465 -70.2771 -0.0354945 0.998294 0.0463697 2.20844 0.998859 0.0369217 -0.0302941 17.2322 
-0.0311726 0.0444766 -0.998524 -71.4539 -0.0361251 0.998307 0.0455947 2.24988 0.998861 0.0374931 -0.0295131 17.1779 
-0.0295597 0.0421783 -0.998673 -72.6281 -0.0369255 0.998381 0.0432589 2.29067 0.998881 0.0381552 -0.0279544 17.1121 
-0.0291057 0.040752 -0.998745 -73.8274 -0.0349073 0.998518 0.04176 2.32828 0.998967 0.036079 -0.02764 17.0599 
-0.02905 0.040575 -0.998754 -75.0027 -0.0314653 0.998644 0.0414857 2.36125 0.999083 0.0326313 -0.0277339 17.0144 
-0.0288567 0.0415613 -0.998719 -76.186 -0.0288335 0.998685 0.042393 2.39162 0.999168 0.03002 -0.0276204 16.9646 
-0.0285721 0.0444032 -0.998605 -77.3684 -0.0288543 0.99856 0.0452268 2.42352 0.999175 0.0301063 -0.0272497 16.9085 
-0.0279708 0.0475136 -0.998479 -78.5574 -0.0317808 0.998323 0.0483964 2.46448 0.999103 0.0330862 -0.0264139 16.8515 
-0.027622 0.0475378 -0.998487 -79.7308 -0.0339231 0.998249 0.0484649 2.499 0.999043 0.0352105 -0.025961 16.7966 
-0.0274195 0.0452834 -0.998598 -80.8986 -0.0355713 0.998297 0.0462465 2.53629 0.998991 0.0367896 -0.025762 16.74 
-0.0271669 0.042923 -0.998709 -82.0762 -0.0346471 0.998437 0.0438538 2.56902 0.99903 0.0357938 -0.0256373 16.6905 
-0.0274493 0.0423922 -0.998724 -83.2523 -0.0317236 0.99856 0.0432571 2.59946 0.99912 0.0328705 -0.026065 16.6456 
-0.0277963 0.0439592 -0.998647 -84.4249 -0.0305915 0.998527 0.0448055 2.63077 0.999145 0.0317956 -0.0264106 16.5994 
-0.0273329 0.0469504 -0.998523 -85.6 -0.0306388 0.998388 0.0477827 2.66028 0.999157 0.0318997 -0.0258503 16.5433 
-0.0271407 0.0493032 -0.998415 -86.7765 -0.0310148 0.998261 0.0501387 2.69583 0.99915 0.0323265 -0.0255644 16.5011 
-0.0274143 0.0494959 -0.998398 -87.9695 -0.0322194 0.998211 0.0503713 2.73563 0.999105 0.0335487 -0.0257705 16.4518 
-0.0269703 0.0473939 -0.998512 -89.1294 -0.0314552 0.998341 0.0482354 2.76995 0.999141 0.0327093 -0.0254348 16.3978 
-0.0267318 0.04594 -0.998587 -90.2931 -0.0294323 0.998474 0.0467227 2.80623 0.999209 0.0306397 -0.0253389 16.3485 
-0.0266583 0.047017 -0.998538 -91.4612 -0.028274 0.998458 0.047768 2.84169 0.999245 0.0295061 -0.0252879 16.2973 
-0.0264529 0.0498181 -0.998408 -92.6485 -0.0257845 0.998391 0.0505004 2.88557 0.999318 0.0270794 -0.0251258 16.2482 
-0.0267955 0.0526775 -0.998252 -93.8253 -0.024697 0.998271 0.0533415 2.91785 0.999336 0.0260832 -0.0254482 16.2077 
-0.0261349 0.0544717 -0.998173 -95.0073 -0.0253964 0.998156 0.0551357 2.9615 0.999336 0.026791 -0.0247033 16.1561 
-0.0260719 0.0559369 -0.998094 -96.1747 -0.0278718 0.998004 0.05666 3.01324 0.999271 0.029296 -0.0244608 16.1039 
-0.0256989 0.0551236 -0.998149 -97.3388 -0.0295515 0.998 0.0558763 3.05321 0.999233 0.0309328 -0.0240185 16.052 
-0.0262087 0.0511319 -0.998348 -98.5016 -0.0319434 0.998138 0.0519597 3.09721 0.999146 0.0332525 -0.0245266 16.0023 
-0.0264856 0.0492915 -0.998433 -99.6585 -0.0328364 0.998202 0.0501511 3.13751 0.99911 0.0341132 -0.0248194 15.9601 
-0.026599 0.0475551 -0.998514 -100.826 -0.032429 0.998301 0.0484088 3.17958 0.99912 0.0336685 -0.0250116 15.9168 
-0.026623 0.0480783 -0.998489 -101.978 -0.0311276 0.998319 0.0489001 3.21852 0.999161 0.0323825 -0.0250817 15.8696 
-0.0266963 0.049949 -0.998395 -103.148 -0.0308064 0.998235 0.0507647 3.26445 0.999169 0.0321122 -0.0251105 15.8154 
-0.0272328 0.0522536 -0.998263 -104.312 -0.0294898 0.998156 0.0530525 3.30327 0.999194 0.0308834 -0.0256416 15.7717 
-0.0280526 0.0510808 -0.9983 -105.476 -0.0331442 0.998097 0.0520017 3.34928 0.999057 0.0345467 -0.0263062 15.7196 
-0.0284267 0.052047 -0.99824 -106.645 -0.0369749 0.997905 0.0530825 3.39402 0.998912 0.0384189 -0.0264427 15.662 
-0.0288796 0.0512481 -0.998268 -107.813 -0.0400256 0.997825 0.0523833 3.43605 0.998781 0.0414692 -0.0267655 15.6036 
-0.029434 0.0473539 -0.998444 -108.984 -0.0408769 0.997985 0.0485371 3.47709 0.998731 0.042242 -0.027439 15.5518 
-0.0302429 0.0432404 -0.998607 -110.156 -0.0406345 0.998185 0.0444527 3.51794 0.998716 0.0419224 -0.0284309 15.4934 
-0.0315863 0.0421088 -0.998614 -111.343 -0.0370419 0.998377 0.0432705 3.55948 0.998814 0.0383574 -0.0299752 15.4436 
-0.0318251 0.0414311 -0.998634 -112.565 -0.0322706 0.998577 0.0424571 3.59878 0.998972 0.0335778 -0.0304428 15.3809 
-0.0325295 0.0436121 -0.998519 -113.775 -0.031632 0.998502 0.0446418 3.62914 0.99897 0.0330374 -0.0311012 15.3253 
-0.0334832 0.0477029 -0.9983 -115.003 -0.0308349 0.998336 0.0487388 3.66863 0.998964 0.0324145 -0.0319565 15.2661 
-0.0340349 0.0479738 -0.998269 -116.25 -0.0296752 0.998358 0.0489898 3.71317 0.99898 0.0312912 -0.0325554 15.2035 
-0.0344548 0.0435933 -0.998455 -117.5 -0.0299779 0.998554 0.0446321 3.75981 0.998957 0.0314695 -0.0330981 15.1352 
-0.0356082 0.0399929 -0.998565 -118.741 -0.0304764 0.998691 0.0410847 3.80159 0.998901 0.0318957 -0.0343427 15.0706 
-0.0364705 0.0382377 -0.998603 -120.004 -0.0294579 0.998792 0.0393208 3.84457 0.998901 0.0308508 -0.0353001 15.0002 
-0.0371092 0.039272 -0.998539 -121.266 -0.0315108 0.998685 0.0404488 3.8865 0.998814 0.0329658 -0.0358229 14.9294 
-0.0378423 0.0437294 -0.998326 -122.53 -0.0364135 0.998318 0.0451093 3.92204 0.99862 0.0380597 -0.0361863 14.8546 
-0.0381734 0.046923 -0.998169 -123.801 -0.0416395 0.997955 0.0485054 3.96102 0.998403 0.0434149 -0.0361414 14.7726 
-0.0384767 0.0467628 -0.998165 -125.058 -0.0495064 0.997589 0.0486442 3.99815 0.998032 0.0512872 -0.0360689 14.6905 
-0.0380259 0.0445414 -0.998284 -126.333 -0.0526534 0.997529 0.0465134 4.04408 0.997889 0.0543318 -0.0355867 14.6061 
-0.0389106 0.0432572 -0.998306 -127.593 -0.0545332 0.997482 0.045347 4.08287 0.997754 0.0562054 -0.0364536 14.5344 
-0.0400255 0.0428505 -0.998279 -128.857 -0.0543888 0.997505 0.0449979 4.11551 0.997717 0.0560963 -0.0375951 14.4652 
-0.0405888 0.0422382 -0.998283 -130.131 -0.0519578 0.997665 0.0443246 4.15004 0.997824 0.0536677 -0.0382995 14.3922 
-0.0411856 0.042755 -0.998236 -131.401 -0.0522198 0.997627 0.0448834 4.18997 0.997786 0.0539763 -0.0388552 14.3205 
-0.0423938 0.0479506 -0.99795 -132.69 -0.0519776 0.997389 0.0501317 4.23214 0.997748 0.0539963 -0.0397907 14.2529 
-0.0435044 0.0518486 -0.997707 -133.954 -0.0502159 0.997277 0.0540158 4.27891 0.99779 0.0524507 -0.0407823 14.187 
-0.044152 0.0504181 -0.997752 -135.199 -0.0497733 0.997374 0.0526016 4.32368 0.997784 0.0519839 -0.0415266 14.1215 
-0.0434064 0.0489291 -0.997859 -136.463 -0.0494856 0.997469 0.0510625 4.37347 0.997831 0.0515961 -0.0408753 14.0402 
-0.0425348 0.048487 -0.997918 -137.712 -0.0483027 0.997554 0.0505281 4.41183 0.997927 0.0503514 -0.0400887 13.9704 
-0.0420861 0.0475882 -0.99798 -138.964 -0.0482931 0.997601 0.0496066 4.45511 0.997946 0.0502833 -0.0396869 13.8975 
-0.0415358 0.0499265 -0.997889 -140.211 -0.0485312 0.997471 0.0519256 4.49236 0.997958 0.0505855 -0.0390078 13.8215 
-0.0411131 0.0536611 -0.997713 -141.473 -0.0492583 0.997234 0.0556652 4.53783 0.99794 0.0514342 -0.0383561 13.7517 
-0.0396263 0.0546232 -0.99772 -142.733 -0.050941 0.997096 0.0566122 4.58641 0.997915 0.0530683 -0.0367287 13.6717 
-0.0389481 0.0520648 -0.997884 -143.978 -0.0527021 0.997145 0.0540832 4.63178 0.99785 0.0546971 -0.036093 13.5989 
-0.0389081 0.0487808 -0.998051 -145.221 -0.0515251 0.997381 0.0507567 4.68178 0.997914 0.0533996 -0.0362927 13.5256 
-0.0387653 0.0472073 -0.998133 -146.473 -0.0490753 0.997588 0.0490875 4.72752 0.998043 0.0508866 -0.0363551 13.4572 
-0.039036 0.0466293 -0.998149 -147.717 -0.0474897 0.997695 0.0484653 4.76811 0.998109 0.0492937 -0.0367316 13.3855 
-0.0398697 0.0470297 -0.998098 -148.962 -0.0449477 0.997796 0.048811 4.81047 0.998193 0.0468084 -0.0376679 13.327 
-0.0407855 0.0461234 -0.998103 -150.211 -0.0425232 0.997949 0.0478539 4.84234 0.998263 0.0443943 -0.0387405 13.2689 
-0.0416009 0.046399 -0.998056 -151.455 -0.0417076 0.99797 0.0481335 4.8808 0.998263 0.043629 -0.0395812 13.2066 
-0.042933 0.0492133 -0.997865 -152.707 -0.0390672 0.99794 0.0508978 4.92422 0.998314 0.041169 -0.0409219 13.1498 
-0.0431186 0.0506051 -0.997788 -153.95 -0.0365943 0.997966 0.0521955 4.97075 0.9984 0.038764 -0.0411791 13.0762 
-0.0432633 0.0494576 -0.997839 -155.185 -0.0342826 0.998112 0.0509575 5.0105 0.998475 0.0364131 -0.0414861 12.998 
-0.0445363 0.0497099 -0.99777 -156.402 -0.0353846 0.998056 0.0513036 5.05203 0.998381 0.0375907 -0.0426908 12.9264 
-0.0451447 0.0541766 -0.99751 -157.65 -0.0361878 0.997784 0.0558293 5.09923 0.998325 0.0386182 -0.0430842 12.8545 
-0.0446773 0.060472 -0.99717 -158.897 -0.041039 0.997213 0.0623133 5.15124 0.998158 0.0437069 -0.042071 12.771 
-0.0444957 0.0605292 -0.997174 -160.122 -0.0456011 0.996999 0.0625534 5.20299 0.997968 0.0482556 -0.041602 12.6944 
-0.0433376 0.0565464 -0.997459 -161.348 -0.0492371 0.997063 0.0586632 5.25737 0.997847 0.0516544 -0.0404262 12.6141 
-0.0418506 0.0509238 -0.997825 -162.58 -0.0513452 0.997271 0.053049 5.31034 0.997804 0.0534537 -0.0391217 12.5382 
-0.0409138 0.0487689 -0.997972 -163.834 -0.0539425 0.997244 0.0509448 5.3629 0.997706 0.0559175 -0.0381703 12.4553 
-0.0409228 0.0456793 -0.998118 -165.033 -0.0480364 0.997709 0.0476301 5.40271 0.998007 0.0498952 -0.0386348 12.4093 
-0.0408448 0.0417687 -0.998292 -166.235 -0.0457895 0.997998 0.0436299 5.433 0.998116 0.0474934 -0.0388504 12.337 
-0.0423153 0.0387808 -0.998351 -167.445 -0.0392554 0.99841 0.040447 5.46398 0.998333 0.0409023 -0.0407256 12.2855 
-0.0433872 0.0411505 -0.998211 -168.689 -0.0366857 0.998412 0.0427534 5.51195 0.998385 0.0384751 -0.0418087 12.2152 
-0.0434807 0.0477762 -0.997911 -169.93 -0.0371391 0.998088 0.0494029 5.54484 0.998364 0.0392096 -0.0416232 12.1517 
-0.0421771 0.0507605 -0.99782 -171.15 -0.0388578 0.99787 0.0524055 5.58914 0.998354 0.0409834 -0.0401148 12.0766 
-0.0406094 0.0477909 -0.998032 -172.365 -0.0402375 0.997967 0.0494251 5.62881 0.998365 0.0421654 -0.0386039 12.0045 
-0.0403717 0.0474157 -0.998059 -173.596 -0.0425758 0.997885 0.0491296 5.67823 0.998277 0.0444767 -0.0382675 11.9387 
-0.0393566 0.0491228 -0.998017 -174.808 -0.0407914 0.997879 0.0507246 5.70819 0.998392 0.0427069 -0.0372693 11.8699 
-0.039422 0.0474001 -0.998098 -176.009 -0.0409587 0.997958 0.0490112 5.74296 0.998383 0.0428129 -0.0374001 11.8054 
-0.0375765 0.0461886 -0.998226 -177.181 -0.0419858 0.997976 0.0477575 5.77658 0.998411 0.0437059 -0.0355612 11.7341 
-0.0364814 0.0476123 -0.9982 -178.341 -0.0433406 0.997849 0.0491796 5.81196 0.998394 0.0450568 -0.0343393 11.6766 
-0.0349815 0.0497353 -0.99815 -179.468 -0.0435112 0.997738 0.0512397 5.83802 0.99844 0.0452232 -0.0327383 11.6133 
-0.0350027 0.0511521 -0.998077 -180.572 -0.0439029 0.997646 0.0526697 5.86607 0.998422 0.0456621 -0.0326746 11.562 
-0.035112 0.0526956 -0.997993 -181.652 -0.0449355 0.997516 0.0542514 5.89277 0.998373 0.0467502 -0.0326569 11.5044 
-0.0357272 0.0538258 -0.997911 -182.699 -0.0444505 0.997475 0.0553937 5.9212 0.998373 0.0463368 -0.0332443 11.4501 
-0.0356008 0.0529087 -0.997965 -183.724 -0.0438455 0.997553 0.054451 5.95576 0.998404 0.0456948 -0.0331938 11.4003 
-0.0349153 0.0530636 -0.997981 -184.712 -0.0450011 0.997493 0.0546121 5.98186 0.998377 0.0468171 -0.0324398 11.3565 
-0.0341327 0.053915 -0.997962 -185.675 -0.0452201 0.997438 0.0554334 6.01108 0.998394 0.0470201 -0.0316072 11.3163 
-0.0352702 0.0524684 -0.998 -186.621 -0.0435025 0.997594 0.0539845 6.03743 0.998431 0.0453195 -0.0329029 11.2703 
-0.0387777 0.0496379 -0.998014 -187.562 -0.0412107 0.997836 0.0512303 6.06374 0.998398 0.0431155 -0.0366482 11.2215 
-0.0439874 0.0460596 -0.99797 -188.502 -0.0411651 0.998005 0.0478756 6.0961 0.998184 0.0431875 -0.0420036 11.1652 
-0.0493645 0.0428611 -0.997861 -189.457 -0.0428005 0.99807 0.0449875 6.12758 0.997863 0.0449298 -0.0474348 11.1045 
-0.0537822 0.0420094 -0.997669 -190.375 -0.0448229 0.998006 0.0444399 6.15345 0.997546 0.0471085 -0.051792 11.0355 
-0.0570656 0.0425784 -0.997462 -191.299 -0.0463267 0.997901 0.0452475 6.18065 0.997295 0.0487912 -0.0549733 10.9652 
-0.0596393 0.044629 -0.997222 -192.228 -0.0453066 0.99785 0.0473667 6.20498 0.997191 0.0480057 -0.057489 10.8949 
-0.062023 0.0461421 -0.997008 -193.156 -0.0425098 0.997902 0.048828 6.23655 0.997169 0.0454111 -0.0599314 10.8345 
-0.0638497 0.046935 -0.996855 -194.076 -0.0409065 0.997931 0.0496057 6.26177 0.997121 0.0439452 -0.0617976 10.7676 
-0.0649 0.0455349 -0.996852 -194.988 -0.0413685 0.997977 0.0482795 6.29309 0.997034 0.0443717 -0.062885 10.6901 
-0.0662425 0.0443662 -0.996817 -195.896 -0.0430863 0.997952 0.04728 6.31938 0.996873 0.0460811 -0.0641952 10.6178 
-0.0659764 0.0432654 -0.996883 -196.804 -0.046785 0.997827 0.0464028 6.35027 0.996724 0.0497007 -0.0638088 10.5321 
-0.0653613 0.0411837 -0.997011 -197.71 -0.0494781 0.997785 0.0444593 6.37989 0.996634 0.0522362 -0.0631789 10.4553 
-0.0646799 0.0386909 -0.997156 -198.619 -0.0498522 0.997875 0.0419524 6.404 0.99666 0.0524239 -0.0626136 10.3793 
-0.0641972 0.0360344 -0.997286 -199.532 -0.0498142 0.997986 0.0392663 6.42998 0.996693 0.0521998 -0.0622729 10.2996 
-0.0640817 0.0354694 -0.997314 -200.455 -0.050553 0.99797 0.038741 6.45699 0.996663 0.0528998 -0.0621585 10.228 
-0.0637655 0.0380008 -0.997241 -201.396 -0.0483256 0.997985 0.0411192 6.48652 0.996794 0.0508143 -0.0618006 10.1528 
-0.063629 0.0394179 -0.997195 -202.334 -0.0477675 0.997954 0.0424959 6.50875 0.99683 0.0503375 -0.0616159 10.0714 
-0.0628289 0.0357612 -0.997383 -203.267 -0.0427614 0.998344 0.0384894 6.53373 0.997108 0.0450678 -0.0611957 10.0002 
-0.0625317 0.0327983 -0.997504 -204.214 -0.0419242 0.998491 0.0354589 6.55959 0.997162 0.0440369 -0.0610623 9.92407 
-0.0625872 0.0327381 -0.997502 -205.158 -0.0463604 0.998288 0.0356727 6.58816 0.996962 0.0484773 -0.0609623 9.84635 
-0.0611362 0.0363903 -0.997466 -206.118 -0.0473128 0.998106 0.0393135 6.61334 0.997007 0.0495964 -0.0592987 9.76733 
-0.0590055 0.0358364 -0.997614 -207.093 -0.0449772 0.998245 0.0385193 6.6428 0.997244 0.0471428 -0.0572901 9.68799 
-0.0569446 0.0372805 -0.997681 -208.066 -0.0439698 0.998239 0.039811 6.67113 0.997409 0.0461349 -0.0552052 9.61825 
-0.0555499 0.0420157 -0.997572 -209.057 -0.0443573 0.998024 0.0445048 6.7011 0.99747 0.0467219 -0.0535765 9.54523 
-0.0538476 0.0462842 -0.997476 -210.056 -0.041756 0.997947 0.0485602 6.73125 0.997676 0.0442655 -0.0518044 9.47425 
-0.0523957 0.0465806 -0.997539 -211.056 -0.0412751 0.997957 0.048768 6.76837 0.997773 0.0437288 -0.0503661 9.40379 
-0.0501052 0.0469154 -0.997641 -212.058 -0.0449175 0.99778 0.0491778 6.8087 0.997733 0.0472756 -0.0478866 9.32666 
-0.0472121 0.0485012 -0.997707 -213.072 -0.0472868 0.997592 0.0507333 6.84568 0.997765 0.0495736 -0.0448049 9.25634 
-0.0439546 0.048204 -0.99787 -214.097 -0.0488654 0.997536 0.0503404 6.88797 0.997838 0.050974 -0.0414908 9.19512 
-0.0407969 0.0454567 -0.998133 -215.135 -0.0518488 0.997522 0.0475481 6.92812 0.997821 0.0536919 -0.038339 9.12947 
-0.0378743 0.0425593 -0.998376 -216.165 -0.052199 0.997644 0.0445084 6.96161 0.997918 0.0538 -0.0355635 9.06814 
-0.0363665 0.0417321 -0.998467 -217.213 -0.0511736 0.997739 0.0435655 6.9939 0.998027 0.0526795 -0.0341487 9.01283 
-0.0350671 0.0439165 -0.99842 -218.263 -0.0519154 0.997605 0.0457041 7.02968 0.998036 0.0534361 -0.0327032 8.95837 
-0.0337705 0.0472329 -0.998313 -219.318 -0.053251 0.997379 0.0489901 7.06102 0.99801 0.0548156 -0.0311668 8.89687 
-0.0327973 0.0472266 -0.998346 -220.382 -0.0532857 0.99738 0.0489314 7.0928 0.998041 0.0548024 -0.0301949 8.84964 
-0.0320869 0.0445011 -0.998494 -221.449 -0.0523513 0.997562 0.0461419 7.13039 0.998113 0.053753 -0.029679 8.79527 
-0.0325517 0.0417725 -0.998597 -222.535 -0.049586 0.997828 0.0433568 7.16466 0.998239 0.0509278 -0.0304097 8.75355 
-0.0326513 0.0404637 -0.998647 -223.631 -0.0482679 0.99795 0.0420136 7.20626 0.998301 0.0495745 -0.0306312 8.70286 
-0.0328448 0.0397513 -0.99867 -224.73 -0.0480972 0.997988 0.0413061 7.23207 0.998303 0.04939 -0.0308668 8.65012 
-0.0324122 0.0392375 -0.998704 -225.827 -0.0476104 0.998034 0.0407564 7.2695 0.99834 0.0488697 -0.0304804 8.59707 
-0.0325865 0.0400165 -0.998668 -226.938 -0.0499214 0.997886 0.0416142 7.30203 0.998221 0.051211 -0.03052 8.53399 
-0.0334709 0.0423065 -0.998544 -228.058 -0.0504685 0.997758 0.0439649 7.33517 0.998165 0.0518666 -0.0312607 8.48545 
-0.0344464 0.0444075 -0.998419 -229.195 -0.050923 0.997637 0.0461296 7.36249 0.998108 0.0524315 -0.0321036 8.42319 
-0.0353312 0.0455584 -0.998337 -230.357 -0.0513829 0.997556 0.0473412 7.41118 0.998054 0.0529701 -0.032904 8.36807 
-0.0361912 0.0467985 -0.998249 -231.49 -0.0535808 0.997375 0.0487001 7.4451 0.997908 0.0552495 -0.0335887 8.30129 
-0.0370964 0.0452531 -0.998287 -232.647 -0.0552189 0.997355 0.0472628 7.48979 0.997785 0.0568776 -0.0344995 8.22615 
-0.0382489 0.0407602 -0.998437 -233.794 -0.0536326 0.997644 0.0427824 7.53047 0.997828 0.0551852 -0.0359727 8.15816 
-0.0394217 0.0352293 -0.998601 -234.956 -0.0505462 0.998029 0.0372045 7.55867 0.997943 0.0519422 -0.0375632 8.08451 
-0.0420767 0.0308329 -0.998639 -236.141 -0.0456319 0.998421 0.0327489 7.59245 0.998072 0.0469478 -0.0406033 8.03067 
-0.0443224 0.031449 -0.998522 -237.342 -0.0388824 0.998693 0.0331803 7.61487 0.99826 0.0402956 -0.0430416 7.96569 
-0.0464715 0.0358824 -0.998275 -238.547 -0.0345179 0.9987 0.0375045 7.63848 0.998323 0.0362012 -0.0451725 7.89174 
-0.0484721 0.038521 -0.998081 -239.762 -0.032381 0.99867 0.0401163 7.66703 0.9983 0.0342634 -0.0471603 7.80504 
-0.0506723 0.0384393 -0.997975 -240.969 -0.0299643 0.998751 0.0399906 7.69053 0.998266 0.03193 -0.0494572 7.72627 
-0.052374 0.0392645 -0.997855 -242.181 -0.030247 0.998706 0.0408856 7.72258 0.998169 0.0323235 -0.0511186 7.62818 
-0.0540318 0.0407703 -0.997707 -243.41 -0.0301603 0.998644 0.042442 7.76344 0.998084 0.0323843 -0.0527289 7.53361 
-0.0563778 0.040501 -0.997588 -244.631 -0.0293549 0.998678 0.0422042 7.79738 0.997978 0.0316635 -0.0551143 7.44425 
-0.0589769 0.0394772 -0.997478 -245.849 -0.0296411 0.998708 0.0412784 7.82484 0.997819 0.0320009 -0.0577306 7.34857 
-0.0613401 0.0391083 -0.99735 -247.067 -0.0292751 0.998732 0.040963 7.85796 0.997688 0.0317103 -0.0601174 7.25279 
-0.0635929 0.0398823 -0.997179 -248.313 -0.029126 0.998701 0.0418007 7.89525 0.997551 0.0317021 -0.0623487 7.15235 
-0.0659764 0.0403447 -0.997005 -249.565 -0.0296893 0.998661 0.0423764 7.92684 0.997379 0.0323963 -0.0646902 7.04656 
-0.0683115 0.0410851 -0.996818 -250.819 -0.0305395 0.998597 0.0432513 7.96526 0.997197 0.033397 -0.0669609 6.9326 
-0.0709388 0.0428695 -0.996559 -252.068 -0.0322524 0.998455 0.0452469 7.99871 0.996959 0.0353512 -0.0694465 6.82326 
-0.0723139 0.0436053 -0.996428 -253.323 -0.0337522 0.998365 0.0461395 8.03798 0.996811 0.0369682 -0.0707239 6.70761 
-0.0733627 0.0436672 -0.996349 -254.582 -0.0364742 0.998255 0.0464364 8.07839 0.996638 0.0397478 -0.0716419 6.59029 
-0.0736499 0.0436132 -0.99633 -255.86 -0.0370731 0.998233 0.046437 8.12264 0.996595 0.0403571 -0.0719029 6.47514 
-0.0739176 0.0424279 -0.996361 -257.136 -0.0362149 0.998321 0.0451981 8.16275 0.996607 0.0394241 -0.072257 6.35715 
-0.0742005 0.0416852 -0.996372 -258.393 -0.0330511 0.998474 0.0442345 8.19734 0.996696 0.0362134 -0.0727095 6.24935 
-0.0740883 0.0414857 -0.996388 -259.663 -0.0319694 0.998522 0.0439517 8.23506 0.996739 0.0351103 -0.0726526 6.12578 
-0.0741021 0.0418144 -0.996374 -260.926 -0.0317512 0.998515 0.0442656 8.27188 0.996745 0.0349163 -0.0726644 6.01116 
-0.0743098 0.0417744 -0.99636 -262.18 -0.030908 0.998546 0.0441712 8.30635 0.996756 0.0340779 -0.0729105 5.9002 
-0.0738102 0.0424696 -0.996368 -263.448 -0.030591 0.998526 0.0448278 8.3469 0.996803 0.0337887 -0.0724022 5.77524 
-0.0740538 0.0436362 -0.996299 -264.72 -0.0279613 0.998559 0.0458135 8.38298 0.996862 0.0312506 -0.0727269 5.66274 
-0.0740599 0.0462604 -0.99618 -265.976 -0.023622 0.998562 0.0481271 8.42104 0.996974 0.0270961 -0.0728607 5.54813 
-0.0745197 0.0497778 -0.995976 -267.235 -0.0205053 0.998466 0.0514364 8.46277 0.997009 0.0242558 -0.0733846 5.43877 
-0.0746784 0.0526526 -0.995817 -268.486 -0.017789 0.998376 0.054122 8.5001 0.997049 0.0217564 -0.0736205 5.33055 
-0.0747734 0.0506673 -0.995913 -269.714 -0.0179658 0.998478 0.0521467 8.54683 0.997039 0.0217916 -0.0737493 5.22265 
-0.0747253 0.0488903 -0.996005 -270.952 -0.0199763 0.998524 0.0505127 8.59103 0.997004 0.0236711 -0.0736383 5.1024 
-0.0750006 0.0515737 -0.995849 -272.204 -0.0258765 0.998225 0.0536455 8.63572 0.996848 0.0297926 -0.0735329 4.97205 
-0.0752397 0.0573892 -0.995513 -273.444 -0.0315711 0.997705 0.0599017 8.68269 0.996666 0.0359365 -0.0732552 4.85027 
-0.0754703 0.0566687 -0.995537 -274.674 -0.0350272 0.997617 0.0594425 8.73191 0.996533 0.039357 -0.0733055 4.73597 
-0.0752239 0.0499064 -0.995917 -275.889 -0.0345112 0.998018 0.0526184 8.78086 0.996569 0.0383285 -0.0733525 4.61961 
-0.0757428 0.0445465 -0.996132 -277.11 -0.0316024 0.998393 0.0470505 8.82375 0.996627 0.0350439 -0.0742133 4.50494 
-0.075113 0.0438248 -0.996212 -278.337 -0.0257155 0.998616 0.0458695 8.863 0.996843 0.0290635 -0.0738821 4.36811 
-0.0741978 0.0457279 -0.996195 -279.561 -0.0223444 0.998621 0.0475036 8.90012 0.996993 0.0257841 -0.0730737 4.2578 
-0.0727491 0.0475228 -0.996217 -280.804 -0.0212183 0.998564 0.0491842 8.94364 0.997125 0.0247162 -0.0716363 4.14459 
-0.0717321 0.0497595 -0.996182 -282.014 -0.0221593 0.998429 0.0514674 8.98267 0.997178 0.0257666 -0.0705168 4.03786 
-0.0706881 0.0509628 -0.996196 -283.233 -0.0235019 0.998332 0.0527397 9.02748 0.997222 0.0271406 -0.0693725 3.92131 
-0.0699445 0.0522191 -0.996183 -284.452 -0.0246029 0.998235 0.0540541 9.06527 0.997247 0.0282898 -0.0685363 3.81293 
-0.0693334 0.0516027 -0.996258 -285.677 -0.0244323 0.998274 0.0534075 9.10813 0.997294 0.0280438 -0.0679529 3.70224 
-0.0690777 0.0501373 -0.996351 -286.903 -0.0252429 0.998329 0.051987 9.15002 0.997292 0.0287419 -0.0676966 3.5867 
-0.0688107 0.0490147 -0.996425 -288.128 -0.0250732 0.998392 0.0508429 9.19091 0.997315 0.0284822 -0.0674711 3.47687 
-0.0692961 0.0488631 -0.996399 -289.358 -0.0251107 0.998398 0.0507075 9.23055 0.99728 0.0285342 -0.0679581 3.38149 
-0.0687474 0.0484906 -0.996455 -290.577 -0.0257994 0.998398 0.0503651 9.27498 0.9973 0.0291705 -0.0673862 3.25991 
-0.0688671 0.0488684 -0.996428 -291.787 -0.0261487 0.998368 0.0507708 9.31358 0.997283 0.0295518 -0.0674768 3.14884 
-0.068549 0.0489092 -0.996448 -293.023 -0.0253148 0.998391 0.050746 9.35939 0.997327 0.0287036 -0.0672006 3.04018 
-0.0688741 0.0470915 -0.996513 -294.271 -0.0246245 0.998501 0.0488874 9.39943 0.997321 0.0279057 -0.0676113 2.93922 
-0.0693325 0.0448604 -0.996584 -295.504 -0.0240384 0.998623 0.0466246 9.43114 0.997304 0.027189 -0.0681586 2.84267 
-0.069527 0.0421382 -0.99669 -296.729 -0.0252537 0.998713 0.0439853 9.46786 0.99726 0.0282284 -0.0683734 2.72807 
-0.0701233 0.0404833 -0.996717 -297.97 -0.0269788 0.998734 0.0424633 9.50668 0.997173 0.0298679 -0.0689423 2.62239 
-0.0705462 0.0404674 -0.996687 -299.194 -0.029928 0.998641 0.0426651 9.53921 0.997059 0.0328388 -0.0692393 2.505 
-0.0709212 0.0414183 -0.996622 -300.441 -0.0331748 0.998487 0.0438566 9.57502 0.99693 0.0361732 -0.0694399 2.3822 
-0.07121 0.0421859 -0.996569 -301.686 -0.0369643 0.998307 0.0449008 9.61316 0.996776 0.0400349 -0.0695301 2.25901 
-0.0710505 0.0418493 -0.996594 -302.926 -0.0382381 0.998271 0.0446458 9.65432 0.99674 0.04128 -0.0693274 2.13271 
-0.071206 0.0397637 -0.996669 -304.16 -0.0377434 0.998382 0.0425286 9.6864 0.996747 0.040646 -0.0695899 2.01066 
-0.0716279 0.0378238 -0.996714 -305.415 -0.0359963 0.998532 0.0404797 9.7217 0.996782 0.0387776 -0.0701612 1.90022 
-0.0728169 0.0374153 -0.996643 -306.666 -0.0329808 0.998659 0.0399007 9.75628 0.9968 0.0357756 -0.0714852 1.78832 
-0.0739989 0.0395955 -0.996472 -307.933 -0.0307378 0.998646 0.0419645 9.78685 0.996785 0.0337347 -0.0726816 1.68288 
