1 2.12261e-08 -2.11895e-08 0 2.12261e-08 1 2.10703e-08 0 -2.11895e-08 2.10703e-08 1 0 
0.999935 -0.00311352 0.0109421 0.0183544 0.00309884 0.999994 0.00136266 -0.0102876 -0.0109464 -0.00132862 0.999939 0.28624 
0.999834 -0.00518071 0.0174967 0.0279781 0.00515722 0.999986 0.00138998 -0.0141862 -0.0175037 -0.00129947 0.999846 0.585101 
0.999783 -0.00792217 0.0192739 0.0377601 0.00792316 0.999969 2.69608e-05 -0.0164676 -0.0192736 0.000125797 0.999814 0.885597 
0.999824 -0.00945214 0.0162071 0.0503851 0.00946755 0.999955 -0.000871941 -0.0285609 -0.0161982 0.00102527 0.999868 1.18381 
0.99988 -0.0122823 0.00947477 0.0428959 0.0123079 0.999921 -0.0026488 -0.0255595 -0.00944152 0.00276514 0.999952 1.50289 
0.999898 -0.0138938 -0.00342951 0.0411383 0.0138794 0.999895 -0.00421442 -0.0334651 0.00348766 0.00416643 0.999985 1.82866 
0.999717 -0.0131527 -0.019821 0.0144893 0.013068 0.999905 -0.00439498 -0.0402834 0.0198769 0.00413476 0.999794 2.17434 
0.999185 -0.00868182 -0.0394274 -0.023144 0.00851073 0.999954 -0.00450611 -0.0434403 0.0394647 0.00416692 0.999212 2.52388 
0.99822 -0.00537097 -0.0593906 -0.0674143 0.00504019 0.999971 -0.00571862 -0.0492698 0.0594196 0.00540915 0.998218 2.88142 
0.996779 -0.00491815 -0.0800432 -0.110867 0.00443875 0.999971 -0.00616665 -0.0522358 0.0800711 0.00579154 0.996772 3.25223 
0.994808 -0.00659154 -0.101555 -0.163176 0.00608038 0.999967 -0.00534246 -0.0585931 0.101586 0.00469727 0.994816 3.63025 
0.992579 -0.00775799 -0.121353 -0.226392 0.00723058 0.999962 -0.00478626 -0.0607069 0.121385 0.00387334 0.992598 4.02615 
0.990192 -0.00701271 -0.139539 -0.300879 0.00647971 0.99997 -0.00427396 -0.0666039 0.139565 0.00332791 0.990207 4.42721 
0.987861 -0.00585055 -0.155228 -0.385971 0.00530844 0.999978 -0.00390686 -0.069048 0.155247 0.00303546 0.987871 4.84044 
0.985633 -0.00558044 -0.168811 -0.476888 0.00499733 0.99998 -0.0038791 -0.0794525 0.168829 0.00297981 0.985641 5.26069 
0.983487 -0.00704991 -0.18084 -0.575676 0.00631214 0.999969 -0.00465509 -0.0859799 0.180868 0.00343678 0.983501 5.69001 
0.981637 -0.0101582 -0.190487 -0.671883 0.00895224 0.999934 -0.00719083 -0.0909728 0.190547 0.00535355 0.981663 6.13597 
0.980007 -0.00961414 -0.198728 -0.77567 0.0079342 0.999926 -0.00924827 -0.0952262 0.198803 0.00748666 0.980011 6.59953 
0.978502 -0.00937783 -0.206026 -0.892879 0.007262 0.999913 -0.0110238 -0.102661 0.206111 0.00929067 0.978485 7.07394 
0.976783 -0.00972146 -0.214009 -1.0132 0.00685667 0.999877 -0.0141247 -0.109226 0.214119 0.0123295 0.97673 7.55157 
0.974968 -0.0139641 -0.221909 -1.13336 0.0107743 0.999821 -0.0155788 -0.12305 0.222086 0.012798 0.974943 8.05211 
0.97307 -0.0197897 -0.229659 -1.2613 0.016346 0.999724 -0.0168881 -0.135301 0.22993 0.0126794 0.973125 8.55638 
0.971095 -0.0201419 -0.237843 -1.40755 0.0159111 0.999679 -0.0196948 -0.150518 0.238163 0.0153412 0.971104 9.05708 
0.969038 -0.0158278 -0.246402 -1.57481 0.0102733 0.999664 -0.023812 -0.164075 0.246696 0.0205435 0.968875 9.58094 
0.966926 -0.0126808 -0.254742 -1.74783 0.00590444 0.999609 -0.027348 -0.176249 0.254989 0.0249394 0.966622 10.1233 
0.964727 -0.0142729 -0.262865 -1.91275 0.00685997 0.999553 -0.0290971 -0.200479 0.263163 0.0262676 0.964394 10.6725 
0.962245 -0.0172947 -0.271633 -2.07935 0.00904874 0.99946 -0.0315805 -0.217362 0.272033 0.0279303 0.961883 11.2419 
0.960097 -0.0160775 -0.279204 -2.26954 0.00688054 0.999402 -0.033889 -0.245401 0.279582 0.0306157 0.959634 11.8027 
0.957711 -0.0145453 -0.287364 -2.46639 0.00389218 0.999285 -0.0376087 -0.273266 0.287706 0.0348999 0.957083 12.3921 
0.955414 -0.0156207 -0.294858 -2.67037 0.00301886 0.999064 -0.0431456 -0.298929 0.295256 0.0403318 0.954567 12.9969 
0.953607 -0.0168709 -0.300581 -2.87622 0.00163479 0.998704 -0.0508686 -0.331747 0.30105 0.0480173 0.952399 13.5988 
0.952218 -0.0174294 -0.304922 -3.09304 -0.000631911 0.998256 -0.0590337 -0.36988 0.30542 0.0564057 0.950546 14.2131 
0.950933 -0.0178688 -0.30888 -3.3178 -0.00327654 0.997693 -0.0678042 -0.413099 0.309379 0.0654894 0.948681 14.8438 
0.949578 -0.0167693 -0.313081 -3.54578 -0.00776469 0.997005 -0.0769521 -0.461496 0.313434 0.0755031 0.946604 15.4767 
0.948378 -0.0157181 -0.316751 -3.79217 -0.0114829 0.996414 -0.0838259 -0.519951 0.316933 0.083136 0.944797 16.1265 
0.94681 -0.0139333 -0.321493 -4.03967 -0.0159896 0.995791 -0.0902471 -0.586629 0.321397 0.0905875 0.942602 16.7748 
0.945103 -0.0127792 -0.326524 -4.2922 -0.0197065 0.995187 -0.0959883 -0.654788 0.326179 0.0971535 0.940302 17.4436 
0.94369 -0.010508 -0.330665 -4.56152 -0.0244291 0.994554 -0.101324 -0.728407 0.329929 0.103696 0.938293 18.0838 
0.941862 -0.00758256 -0.335916 -4.8351 -0.0292794 0.99409 -0.104535 -0.801552 0.334723 0.108293 0.936073 18.7769 
0.940124 -0.00609319 -0.340778 -5.11411 -0.0320341 0.993835 -0.106145 -0.880311 0.339323 0.110706 0.934133 19.4756 
0.938057 -0.00577158 -0.346432 -5.39381 -0.0327352 0.993912 -0.105198 -0.965281 0.34493 0.110022 0.932158 20.1692 
0.935745 -0.0056616 -0.352633 -5.6909 -0.0331248 0.99404 -0.103859 -1.04748 0.35112 0.108867 0.92998 20.8884 
0.933243 -0.00552406 -0.359204 -5.98682 -0.0334694 0.994196 -0.102246 -1.12912 0.357684 0.107443 0.927641 21.6037 
0.930226 -0.00404397 -0.366964 -6.30086 -0.0348895 0.994436 -0.099401 -1.21039 0.365324 0.105269 0.924909 22.3247 
0.926836 -0.00274717 -0.375456 -6.61057 -0.03477 0.995048 -0.0931126 -1.29849 0.373852 0.0993548 0.922151 23.0568 
0.923224 0.000818979 -0.384263 -6.94609 -0.0374929 0.995418 -0.0879585 -1.37948 0.38243 0.0956125 0.919024 23.8058 
0.919639 0.00381981 -0.392746 -7.28831 -0.0396863 0.995739 -0.0832436 -1.46139 0.390754 0.0921408 0.915872 24.548 
0.915881 0.004697 -0.401422 -7.65062 -0.0406731 0.995872 -0.0811469 -1.53682 0.399384 0.0906481 0.912291 25.2993 
0.91201 0.00445552 -0.410144 -8.01505 -0.0411241 0.995896 -0.0806262 -1.6106 0.408101 0.0903988 0.90845 26.048 
0.908192 0.00509626 -0.418524 -8.396 -0.0421765 0.995951 -0.0793952 -1.6785 0.416424 0.089758 0.904729 26.8079 
0.904304 0.00656779 -0.426838 -8.7828 -0.0439001 0.996011 -0.0776816 -1.75388 0.424625 0.088986 0.900985 27.5722 
0.900387 0.00502138 -0.43506 -9.17367 -0.0417434 0.996318 -0.0748916 -1.82942 0.433082 0.0855924 0.897281 28.3519 
0.896618 0.00593036 -0.442765 -9.59967 -0.0417294 0.996592 -0.0711556 -1.8935 0.440834 0.0822757 0.89381 29.1536 
0.892943 0.00863271 -0.450088 -10.0302 -0.042728 0.996928 -0.0656484 -1.95875 0.448138 0.0778517 0.890568 29.9425 
0.88929 0.00879698 -0.457259 -10.4632 -0.0414926 0.997244 -0.0615106 -2.02439 0.455457 0.0736737 0.887204 30.7276 
0.88573 0.00848603 -0.464123 -10.9055 -0.0408848 0.997373 -0.0597884 -2.08823 0.462397 0.071932 0.883751 31.5238 
0.882659 0.0077789 -0.46995 -11.3633 -0.0400496 0.997471 -0.0587103 -2.14763 0.468305 0.0706426 0.880738 32.3307 
0.879428 0.00810813 -0.475963 -11.8291 -0.0399057 0.997591 -0.0567389 -2.20584 0.474356 0.0688915 0.877633 33.149 
0.876692 0.00848685 -0.480977 -12.3339 -0.0402717 0.997629 -0.0558014 -2.26673 0.479363 0.0682905 0.874956 33.9937 
0.874276 0.00823095 -0.48536 -12.8421 -0.0403307 0.997631 -0.0557292 -2.33002 0.483751 0.0682976 0.872537 34.8464 
0.872463 0.00665065 -0.488634 -13.3888 -0.0393386 0.997618 -0.0566614 -2.37924 0.487093 0.0686572 0.870647 35.7228 
0.871398 0.00637609 -0.490535 -13.9618 -0.0398098 0.997537 -0.0577529 -2.41895 0.488959 0.069854 0.869505 36.6329 
0.87088 0.00665301 -0.491452 -14.473 -0.0396876 0.997595 -0.0568237 -2.4835 0.489892 0.0689912 0.869049 37.4904 
0.870639 0.00737926 -0.491868 -14.9908 -0.0397647 0.997671 -0.0554186 -2.54479 0.490313 0.0678086 0.868904 38.3722 
0.870455 0.00557149 -0.492216 -15.5108 -0.0374486 0.997788 -0.0549316 -2.61271 0.490821 0.0662483 0.868738 39.2365 
0.869865 0.00371126 -0.493276 -16.0424 -0.0358143 0.997808 -0.0556495 -2.67844 0.491988 0.0660739 0.868091 40.1375 
0.86869 0.00133211 -0.495354 -16.584 -0.0335679 0.997856 -0.0561838 -2.74383 0.494217 0.0654343 0.866872 41.0508 
0.867167 0.000585349 -0.498016 -17.1352 -0.0316694 0.99804 -0.0539711 -2.81102 0.497009 0.0625739 0.865487 41.9738 
0.865425 0.00205184 -0.501034 -17.7101 -0.0315129 0.998235 -0.0503435 -2.87165 0.500047 0.0593576 0.863962 42.8783 
0.862777 0.00216677 -0.50558 -18.2723 -0.0296209 0.99849 -0.0462691 -2.93789 0.504716 0.0548957 0.861538 43.78 
0.859298 0.00237473 -0.51147 -18.8563 -0.0293407 0.998571 -0.0446577 -2.99961 0.510633 0.0533812 0.85814 44.6797 
0.854214 -0.00126335 -0.519921 -19.4285 -0.0269543 0.998545 -0.0467114 -3.06723 0.519223 0.0539157 0.852936 45.568 
0.848371 -0.00547519 -0.529374 -19.9987 -0.0247063 0.998448 -0.0499209 -3.13215 0.528825 0.0554303 0.846919 46.4282 
0.842259 -0.00548521 -0.539046 -20.5829 -0.0250088 0.998474 -0.0492366 -3.19361 0.538493 0.0549509 0.840836 47.3067 
0.836488 -0.00236697 -0.54798 -21.1958 -0.0259212 0.9987 -0.0438825 -3.25762 0.547372 0.0509115 0.83534 48.1992 
0.831027 0.00201987 -0.556228 -21.8011 -0.0285872 0.998827 -0.0390833 -3.32192 0.555497 0.0483803 0.83011 49.0752 
0.827177 0.00235523 -0.561937 -22.4184 -0.0303284 0.998721 -0.0404578 -3.38226 0.561123 0.0505084 0.82619 49.9245 
0.823769 9.89602e-05 -0.566926 -23.0417 -0.0307388 0.998537 -0.0444906 -3.44417 0.566092 0.0540766 0.822566 50.8014 
0.821078 -0.00276666 -0.57081 -23.6672 -0.0322458 0.998167 -0.0512218 -3.51201 0.569905 0.0604633 0.819483 51.6391 
0.817841 -0.00471427 -0.575426 -24.3002 -0.0316 0.99809 -0.0530895 -3.57236 0.574577 0.0616023 0.816129 52.5166 
0.815007 -0.00231039 -0.579446 -24.9353 -0.0318244 0.998304 -0.0487424 -3.64433 0.578576 0.058166 0.813552 53.3273 
0.812254 -0.000423519 -0.583304 -25.5862 -0.0307915 0.998574 -0.0436024 -3.70878 0.582491 0.0533771 0.811083 54.1659 
0.809213 0.00101094 -0.587514 -26.2351 -0.0304989 0.998723 -0.0402892 -3.76947 0.586723 0.0505212 0.80821 55.0191 
0.806365 0.00175611 -0.591415 -26.8997 -0.0320341 0.998657 -0.0407116 -3.82501 0.59055 0.0517739 0.805339 55.871 
0.802816 0.000304716 -0.596227 -27.5658 -0.0319634 0.998584 -0.0425282 -3.88111 0.59537 0.0531998 0.801688 56.7246 
0.798609 -0.00257262 -0.601844 -28.2303 -0.0309043 0.998496 -0.0452762 -3.93856 0.601056 0.0547576 0.797329 57.5841 
0.794597 -0.00328874 -0.607128 -28.9053 -0.0303636 0.998519 -0.0451482 -4.00179 0.606377 0.0543093 0.79332 58.4237 
0.790042 -0.00388109 -0.61304 -29.5913 -0.0295734 0.998575 -0.044434 -4.05969 0.612339 0.0532344 0.788801 59.2739 
0.785284 -0.00386098 -0.619124 -30.2823 -0.0295723 0.998605 -0.0437364 -4.11587 0.61843 0.0526544 0.784074 60.1034 
0.779945 -0.00485998 -0.62583 -30.9857 -0.0293834 0.998583 -0.044374 -4.18091 0.625159 0.0529983 0.778696 60.9492 
0.774855 -0.00619795 -0.632108 -31.6972 -0.0288889 0.99856 -0.0452039 -4.24117 0.631478 0.0532874 0.77356 61.7714 
0.769547 -0.00762921 -0.638545 -32.4091 -0.028414 0.998529 -0.0461736 -4.30306 0.637958 0.0536764 0.768198 62.5885 
0.763296 -0.0100648 -0.645971 -33.1453 -0.0266535 0.998537 -0.0470526 -4.36219 0.645499 0.0531325 0.761911 63.4606 
0.757236 -0.0121113 -0.653029 -33.8783 -0.0252687 0.998536 -0.0478203 -4.42418 0.652652 0.0527125 0.755822 64.2826 
0.751061 -0.0131553 -0.660102 -34.6165 -0.0247056 0.998541 -0.04801 -4.48657 0.659771 0.0523667 0.74964 65.1025 
0.745008 -0.011952 -0.666949 -35.3635 -0.0254901 0.998599 -0.0463688 -4.55465 0.666568 0.0515458 0.74366 65.9028 
0.738631 -0.0127263 -0.67399 -36.1498 -0.0243393 0.998666 -0.0455305 -4.61745 0.673671 0.0500347 0.737336 66.7284 
0.732371 -0.0147439 -0.680747 -36.9885 -0.0230626 0.998655 -0.0464409 -4.67348 0.680515 0.0497118 0.731046 67.5595 
0.726327 -0.016355 -0.687155 -37.7726 -0.0227489 0.998597 -0.0478134 -4.74737 0.686973 0.0503602 0.724936 68.3426 
0.720828 -0.0148176 -0.692956 -38.6162 -0.0252998 0.998543 -0.0476695 -4.81168 0.692652 0.0518931 0.719402 69.1388 
0.715739 -0.0134564 -0.698239 -39.4035 -0.0270451 0.99853 -0.0469666 -4.86548 0.697844 0.0524998 0.714323 69.8911 
0.710886 -0.0129077 -0.703189 -40.2139 -0.0281724 0.998507 -0.0468093 -4.93329 0.702743 0.0530866 0.70946 70.671 
0.706472 -0.0138157 -0.707606 -41.0294 -0.0283887 0.998452 -0.0478375 -4.99858 0.707171 0.0538839 0.704986 71.4445 
0.70125 -0.0156473 -0.712744 -41.8884 -0.0289113 0.998313 -0.0503616 -5.06628 0.712329 0.0559225 0.699614 72.2494 
0.696208 -0.0184671 -0.717602 -42.7358 -0.0281941 0.998194 -0.0530416 -5.13145 0.717286 0.0571602 0.694431 73.0463 
0.691348 -0.0190153 -0.722271 -43.5987 -0.0288505 0.99813 -0.0538932 -5.19668 0.721945 0.0580969 0.689507 73.8306 
0.686241 -0.0183676 -0.727143 -44.4856 -0.0286289 0.998224 -0.0522337 -5.27142 0.726811 0.0566622 0.684496 74.6484 
0.681246 -0.0183352 -0.731825 -45.3548 -0.0279787 0.998304 -0.0510567 -5.34554 0.73152 0.0552577 0.679577 75.4211 
0.676584 -0.0196223 -0.736104 -46.2565 -0.0276566 0.998262 -0.0520309 -5.40799 0.735846 0.0555614 0.674866 76.1922 
0.672289 -0.0207654 -0.739997 -47.1823 -0.0264025 0.998298 -0.0520004 -5.48539 0.739818 0.0544971 0.670597 76.9764 
0.667981 -0.0208374 -0.743887 -48.0861 -0.0263507 0.998319 -0.0516263 -5.55949 0.743712 0.0540873 0.666309 77.7575 
0.664255 -0.0210954 -0.747209 -48.9955 -0.0263189 0.998322 -0.051582 -5.63113 0.747043 0.0539294 0.662585 78.5254 
0.66062 -0.0238217 -0.750343 -49.9008 -0.0237543 0.998333 -0.0526087 -5.70967 0.750345 0.0525782 0.658952 79.2901 
0.656335 -0.0283856 -0.753935 -50.8012 -0.0206133 0.998244 -0.0555286 -5.7887 0.754188 0.0519865 0.654598 80.0531 
0.651913 -0.0327385 -0.757587 -51.7289 -0.0161222 0.998243 -0.0570117 -5.86211 0.758122 0.0493807 0.65024 80.8126 
0.645474 -0.0358834 -0.762939 -52.6495 -0.0119172 0.998301 -0.0570356 -5.9428 0.76369 0.0459072 0.643949 81.5647 
0.637249 -0.0397383 -0.769633 -53.5906 -0.00690227 0.998335 -0.0572619 -6.02444 0.770627 0.0418024 0.635914 82.3227 
0.628526 -0.0410813 -0.776703 -54.554 -0.00378565 0.998431 -0.0558724 -6.1 0.77778 0.0380576 0.627384 83.0729 
0.619955 -0.0397129 -0.783632 -55.5413 -0.00376651 0.998556 -0.0535846 -6.17527 0.784628 0.0361716 0.61891 83.8242 
0.611236 -0.0391215 -0.790481 -56.5434 -0.00480734 0.998576 -0.0531376 -6.25922 0.791433 0.0362798 0.610178 84.5584 
0.601797 -0.0404737 -0.797623 -57.5383 -0.00592876 0.998461 -0.055138 -6.33396 0.798627 0.0379108 0.600631 85.2834 
0.591746 -0.0428288 -0.804986 -58.5515 -0.00519817 0.998364 -0.0569385 -6.41646 0.806108 0.0378776 0.590555 86.0013 
0.581821 -0.0446253 -0.812092 -59.5908 -0.00446004 0.998304 -0.0580532 -6.49803 0.813305 0.0373986 0.580634 86.725 
0.571754 -0.0455409 -0.81916 -60.6206 -0.00149228 0.998399 -0.0565472 -6.57937 0.820424 0.0335536 0.570771 87.4262 
0.561788 -0.0451801 -0.826047 -61.6582 -0.000333625 0.998495 -0.054839 -6.66942 0.827281 0.0310835 0.560928 88.1043 
0.551073 -0.0462363 -0.833175 -62.6948 0.000125135 0.998468 -0.0553264 -6.74764 0.834457 0.0303847 0.550235 88.7849 
0.540835 -0.0475933 -0.839781 -63.7564 0.00010221 0.998402 -0.0565171 -6.83016 0.841129 0.0304806 0.539976 89.4405 
0.531133 -0.0474355 -0.84596 -64.8173 -0.00234057 0.998346 -0.0574498 -6.9136 0.847285 0.0324935 0.530143 90.0692 
0.521372 -0.0484044 -0.851956 -65.9075 -0.00356109 0.998258 -0.0588959 -6.99941 0.853322 0.0337406 0.520291 90.7056 
0.511739 -0.0481372 -0.857791 -66.9983 -0.00434137 0.998272 -0.0586106 -7.08649 0.85913 0.0337174 0.510646 91.3317 
0.502664 -0.0463605 -0.863238 -68.1019 -0.00468154 0.9984 -0.0563455 -7.17407 0.864469 0.0323642 0.501643 91.9466 
0.494911 -0.0447854 -0.867789 -69.2393 -0.00391309 0.998546 -0.0537652 -7.26069 0.868935 0.0300048 0.494016 92.56 
0.487256 -0.0452323 -0.872087 -70.3595 -0.00370474 0.998542 -0.053861 -7.34395 0.873252 0.029475 0.486377 93.1619 
0.480083 -0.0480622 -0.875905 -71.4557 -0.0019549 0.998437 -0.0558571 -7.42788 0.877221 0.0285284 0.479239 93.7324 
0.473363 -0.0513015 -0.879373 -72.5838 0.000258094 0.998311 -0.0581013 -7.51035 0.880868 0.0272761 0.472576 94.3105 
0.467657 -0.053597 -0.882284 -73.7414 0.00143485 0.998205 -0.0598784 -7.61519 0.883909 0.0267367 0.466894 94.8852 
0.46217 -0.0567918 -0.884971 -74.8916 0.00220487 0.998018 -0.062895 -7.70265 0.886789 0.027117 0.461379 95.4662 
0.457069 -0.0578858 -0.887546 -76.0437 0.0051228 0.998035 -0.0624538 -7.79773 0.889416 0.023999 0.456467 96.0503 
0.452699 -0.0554991 -0.889934 -77.1656 0.00778401 0.998269 -0.0582956 -7.89931 0.891629 0.0194632 0.452348 96.603 
0.448743 -0.0535285 -0.892056 -78.3057 0.0111756 0.998463 -0.0542917 -7.99324 0.893591 0.0143938 0.448651 97.1562 
0.445211 -0.0531991 -0.893844 -79.4368 0.0131773 0.998515 -0.0528654 -8.08316 0.895329 0.0117579 0.445251 97.7008 
0.442575 -0.0529445 -0.895167 -80.5757 0.0146761 0.99855 -0.0518031 -8.17039 0.896611 0.00978927 0.44271 98.2484 
0.439854 -0.0525669 -0.896529 -81.7146 0.0167598 0.998592 -0.0503286 -8.24616 0.897913 0.00711162 0.440116 98.7919 
0.437563 -0.051693 -0.897701 -82.8301 0.0192379 0.998656 -0.0481294 -8.33391 0.898982 0.0037898 0.437969 99.3128 
0.435068 -0.0527849 -0.898849 -83.9561 0.0226072 0.998606 -0.0477006 -8.4177 0.900114 0.000432581 0.435655 99.8448 
0.432264 -0.0534222 -0.900163 -85.062 0.0247758 0.99857 -0.0473649 -8.49153 0.901407 -0.00182806 0.432969 100.365 
0.429174 -0.0530009 -0.901665 -86.1714 0.0287741 0.998572 -0.0450014 -8.56907 0.902763 -0.00663117 0.430086 100.894 
0.427393 -0.0526255 -0.902533 -87.2772 0.0311967 0.998568 -0.043452 -8.64088 0.903527 -0.00958493 0.428423 101.398 
0.42553 -0.0538871 -0.903339 -88.3948 0.0336251 0.998478 -0.0437228 -8.71932 0.90432 -0.0117695 0.426694 101.902 
0.424219 -0.0559505 -0.90383 -89.4769 0.0354781 0.99835 -0.0451498 -8.78226 0.904864 -0.0129127 0.425504 102.397 
0.423656 -0.0573186 -0.904008 -90.5607 0.0352682 0.998283 -0.046768 -8.85377 0.905137 -0.0120691 0.42495 102.88 
0.423996 -0.0580967 -0.903799 -91.627 0.0351473 0.998244 -0.0476792 -8.93213 0.904982 -0.0115502 0.425294 103.36 
0.4262 -0.0576232 -0.902792 -92.6743 0.0324088 0.998301 -0.0484195 -9.00705 0.904048 -0.00862201 0.427343 103.833 
0.430288 -0.0578848 -0.900834 -93.703 0.0304284 0.998305 -0.0496137 -9.08203 0.902179 -0.00606272 0.43132 104.308 
0.435452 -0.0588715 -0.898285 -94.7311 0.0297487 0.998255 -0.0510024 -9.15669 0.89972 -0.00451365 0.436444 104.781 
0.441117 -0.0589981 -0.895508 -95.7587 0.0288534 0.998253 -0.0515543 -9.2271 0.896986 -0.00309698 0.442049 105.263 
0.447686 -0.0580983 -0.892302 -96.7573 0.0280614 0.998308 -0.0509215 -9.30044 0.893751 -0.00224238 0.448559 105.743 
0.455813 -0.0568544 -0.888258 -97.7612 0.0262471 0.998382 -0.0504343 -9.37327 0.889689 -0.000325494 0.456568 106.232 
0.464709 -0.05638 -0.883667 -98.7538 0.0260695 0.998409 -0.0499912 -9.44432 0.88508 0.000194704 0.46544 106.728 
0.47356 -0.0565385 -0.878945 -99.7351 0.0263384 0.9984 -0.0500319 -9.51665 0.880368 0.000543188 0.474292 107.244 
0.482943 -0.0578481 -0.873739 -100.692 0.0260259 0.998323 -0.0517112 -9.58749 0.875265 0.00223379 0.483638 107.763 
0.492825 -0.0597893 -0.868072 -101.658 0.0254239 0.9982 -0.0543183 -9.66384 0.869757 0.00469969 0.493458 108.301 
0.503714 -0.0603916 -0.861757 -102.612 0.0233929 0.998141 -0.0562758 -9.7397 0.863554 0.00818797 0.504191 108.852 
0.515988 -0.0589751 -0.854564 -103.553 0.0219664 0.99821 -0.0556251 -9.81496 0.856314 0.00993024 0.51636 109.391 
0.528838 -0.0562349 -0.846858 -104.487 0.0199794 0.998351 -0.0538182 -9.88636 0.848487 0.0115415 0.52909 109.945 
0.541016 -0.0534209 -0.839314 -105.42 0.0191588 0.998504 -0.0512035 -9.96951 0.840794 0.0116217 0.54123 110.53 
0.55233 -0.0525921 -0.831965 -106.328 0.018808 0.99854 -0.0506357 -10.0426 0.833413 0.01232 0.552513 111.118 
0.56365 -0.0533642 -0.824288 -107.215 0.0195074 0.998493 -0.051303 -10.1156 0.825784 0.0128373 0.563841 111.7 
0.574661 -0.05428 -0.816589 -108.092 0.0197211 0.998427 -0.0524887 -10.1906 0.818154 0.0140593 0.574828 112.292 
0.585922 -0.0553671 -0.808474 -108.949 0.0214697 0.998374 -0.0528124 -10.2679 0.810083 0.0135863 0.586158 112.887 
0.596204 -0.0552627 -0.800929 -109.781 0.0218022 0.998375 -0.0526568 -10.343 0.802537 0.0139323 0.59644 113.488 
0.606549 -0.0529326 -0.793282 -110.611 0.020657 0.998494 -0.0508312 -10.4125 0.794778 0.0144449 0.606729 114.11 
0.615683 -0.0503975 -0.786381 -111.428 0.0214059 0.998654 -0.0472423 -10.4854 0.787703 0.0122532 0.615933 114.751 
0.625476 -0.0478305 -0.778776 -112.226 0.0195358 0.998766 -0.0456515 -10.5594 0.779999 0.01334 0.625639 115.373 
0.635532 -0.0474989 -0.770612 -113.014 0.0178602 0.998743 -0.046831 -10.6247 0.771868 0.0159994 0.635581 115.993 
0.64474 -0.047441 -0.762929 -113.782 0.0165015 0.998704 -0.0481569 -10.6838 0.764224 0.0184593 0.644687 116.629 
0.653554 -0.0475382 -0.755386 -114.533 0.0170532 0.998697 -0.0480961 -10.7473 0.756688 0.0185517 0.653513 117.271 
0.661953 -0.0457606 -0.748147 -115.27 0.0166503 0.998786 -0.046359 -10.8061 0.749361 0.0182307 0.661911 117.91 
0.670445 -0.0435646 -0.74068 -115.992 0.0163958 0.998901 -0.0439115 -10.8716 0.741778 0.0172962 0.670422 118.545 
0.678465 -0.0429683 -0.733375 -116.705 0.0166993 0.998932 -0.0430784 -10.9328 0.734443 0.0169804 0.678458 119.186 
0.685704 -0.0424719 -0.726641 -117.413 0.0155938 0.998924 -0.0436716 -10.9841 0.727714 0.0186147 0.685628 119.861 
0.692894 -0.0413258 -0.719854 -118.089 0.0150702 0.998968 -0.0428436 -11.0469 0.720882 0.0188378 0.692802 120.503 
0.699929 -0.0393739 -0.713127 -118.776 0.0151289 0.999073 -0.0403131 -11.0982 0.714053 0.0174275 0.699875 121.159 
0.707059 -0.0371649 -0.706177 -119.45 0.0148585 0.999178 -0.037708 -11.1553 0.706998 0.0161692 0.70703 121.817 
0.714268 -0.035858 -0.698953 -120.096 0.0140234 0.999219 -0.0369317 -11.2042 0.699732 0.0165775 0.714213 122.459 
0.721617 -0.0348193 -0.691416 -120.728 0.0131943 0.999245 -0.0365507 -11.2568 0.692166 0.017253 0.721532 123.106 
0.729179 -0.03154 -0.683596 -121.342 0.0102853 0.99933 -0.0351363 -11.3043 0.684246 0.0185897 0.729015 123.755 
0.738055 -0.0289065 -0.674121 -121.949 0.0095135 0.999428 -0.0324401 -11.3506 0.674673 0.0175294 0.737909 124.402 
0.747659 -0.0249131 -0.663616 -122.548 0.00736403 0.999546 -0.0292278 -11.3923 0.664043 0.0169656 0.747502 125.054 
0.757815 -0.0228008 -0.652071 -123.127 0.00580378 0.999585 -0.0282073 -11.4345 0.652444 0.0175915 0.757633 125.698 
0.767821 -0.0219829 -0.640288 -123.691 0.00422525 0.999563 -0.0292511 -11.4706 0.640651 0.0197543 0.767578 126.352 
0.777712 -0.0235105 -0.628181 -124.269 0.00491754 0.999497 -0.0313195 -11.5072 0.628602 0.0212685 0.777436 127.027 
0.787505 -0.0224335 -0.6159 -124.777 0.00443811 0.999518 -0.0307317 -11.5469 0.616293 0.021468 0.787225 127.676 
0.797481 -0.021232 -0.60297 -125.29 0.00442217 0.99956 -0.0293482 -11.5804 0.603328 0.0207382 0.797224 128.35 
0.807662 -0.0185347 -0.589354 -125.79 0.00364628 0.999644 -0.0264411 -11.6077 0.589634 0.0192066 0.807442 129.004 
0.817158 -0.0170231 -0.576162 -126.271 0.00376561 0.9997 -0.0241962 -11.6426 0.576401 0.0176026 0.816978 129.69 
0.826142 -0.0161206 -0.563232 -126.751 0.00461203 0.999751 -0.0218496 -11.6569 0.563444 0.0154533 0.82601 130.384 
0.834255 -0.0162291 -0.551139 -127.233 0.00607822 0.999777 -0.0202393 -11.6795 0.551345 0.0135349 0.834168 131.097 
0.841401 -0.0164378 -0.540162 -127.698 0.00744063 0.999795 -0.0188349 -11.7082 0.540361 0.0118286 0.84135 131.81 
0.847956 -0.0163796 -0.529813 -128.153 0.00775807 0.999799 -0.0184929 -11.7442 0.53001 0.0115709 0.847913 132.531 
0.854581 -0.0154169 -0.51909 -128.602 0.0066899 0.999803 -0.0186805 -11.7668 0.519275 0.0124913 0.854516 133.255 
0.861215 -0.0131808 -0.50807 -129.04 0.00494614 0.999834 -0.0175546 -11.8014 0.508217 0.0126054 0.861137 133.976 
0.867414 -0.0120714 -0.497441 -129.472 0.00409791 0.999845 -0.0171176 -11.8275 0.497571 0.0128097 0.867329 134.716 
0.87324 -0.012979 -0.487118 -129.894 0.00521643 0.999837 -0.0172888 -11.8534 0.487263 0.0125563 0.873165 135.46 
0.878087 -0.0141416 -0.478293 -130.307 0.00624317 0.999817 -0.0180998 -11.8831 0.478461 0.0129071 0.878014 136.224 
0.882345 -0.0153781 -0.470352 -130.726 0.00731989 0.999794 -0.0189566 -11.9025 0.470546 0.0132834 0.882275 136.994 
0.886 -0.0146085 -0.463454 -131.145 0.00690741 0.999809 -0.0183098 -11.9272 0.463633 0.0130213 0.885932 137.761 
0.8889 -0.0124448 -0.457931 -131.546 0.00637255 0.99987 -0.0148029 -11.9509 0.458056 0.0102401 0.888864 138.529 
0.892034 -0.00841087 -0.45189 -131.969 0.00397088 0.999934 -0.0107729 -11.9757 0.451951 0.00781548 0.892009 139.343 
0.895374 -0.0061293 -0.445274 -132.38 0.00283602 0.999964 -0.00806202 -11.9914 0.445307 0.00595576 0.895358 140.148 
0.898565 -0.00337913 -0.438828 -132.797 0.00089143 0.999982 -0.00587495 -12.0094 0.43884 0.00488788 0.898552 140.97 
0.901611 -0.00242977 -0.432541 -133.211 0.000806365 0.999992 -0.00393662 -12.015 0.432547 0.00320057 0.901606 141.821 
0.904835 -0.000431666 -0.425761 -133.648 9.50123e-05 1 -0.000812021 -12.0452 0.425761 0.000694342 0.904835 142.714 
0.90809 -0.000903183 -0.418774 -134.076 0.00150925 0.999998 0.00111593 -12.0562 0.418772 -0.00164534 0.90809 143.629 
0.911661 -0.00132721 -0.410942 -134.508 0.00251119 0.999994 0.00234125 -12.0654 0.410936 -0.00316633 0.911659 144.536 
0.915161 -0.00175392 -0.403085 -134.906 0.00299721 0.999993 0.00245356 -12.0733 0.403077 -0.00345348 0.915159 145.447 
0.918995 -0.00391615 -0.39425 -135.316 0.00522152 0.999984 0.00223825 -12.0881 0.394235 -0.00411547 0.919001 146.37 
0.923164 -0.00538787 -0.384369 -135.76 0.00625661 0.99998 0.00100966 -12.101 0.384356 -0.00333688 0.923179 147.332 
0.927624 -0.00596348 -0.373467 -136.151 0.00604876 0.999981 -0.000943667 -12.1201 0.373466 -0.00138359 0.927643 148.288 
0.932725 -0.00418652 -0.360564 -136.557 0.00386285 0.999991 -0.00161838 -12.1304 0.360567 0.000116749 0.932733 149.268 
0.938522 -0.000997753 -0.345219 -136.876 0.000926803 1 -0.000370667 -12.1502 0.34522 2.79769e-05 0.938522 150.178 
0.945001 0.00304147 -0.327053 -137.224 -0.00227456 0.999994 0.00272725 -12.1689 0.327059 -0.00183331 0.945002 151.158 
0.951296 0.00501667 -0.308238 -137.505 -0.00403702 0.999985 0.00381574 -12.1757 0.308252 -0.00238549 0.951302 152.063 
0.957803 0.00651853 -0.287353 -137.832 -0.0054378 0.999975 0.00455882 -12.1783 0.287375 -0.00280384 0.957814 153.097 
0.963845 0.00793935 -0.266346 -138.133 -0.00650647 0.999959 0.00626162 -12.1888 0.266385 -0.00430221 0.963857 154.15 
0.969514 0.00881948 -0.244877 -138.414 -0.00689734 0.999938 0.0087057 -12.1915 0.244939 -0.00675125 0.969515 155.207 
0.974827 0.0115194 -0.222663 -138.718 -0.00897429 0.999882 0.0124387 -12.1988 0.22278 -0.0101273 0.974816 156.345 
0.979568 0.0135664 -0.200653 -138.964 -0.0104454 0.999808 0.0166043 -12.1987 0.20084 -0.014169 0.979522 157.44 
0.983801 0.0156142 -0.178583 -139.183 -0.0122504 0.999727 0.0199229 -12.1929 0.178845 -0.0174124 0.983723 158.545 
0.987428 0.0169611 -0.157158 -139.352 -0.0139971 0.999703 0.0199478 -12.1946 0.157449 -0.0174973 0.987372 159.714 
0.99072 0.0164423 -0.134924 -139.568 -0.0141346 0.999737 0.0180439 -12.1894 0.135185 -0.0159693 0.990692 160.9 
0.993304 0.0166488 -0.114325 -139.713 -0.0147689 0.999742 0.0172707 -12.1846 0.114583 -0.0154666 0.993293 162.036 
0.995402 0.0152176 -0.0945747 -139.817 -0.0134612 0.999725 0.0191813 -12.1771 0.0948405 -0.0178199 0.995333 163.214 
0.997073 0.0159999 -0.0747634 -139.915 -0.0144748 0.999677 0.020896 -12.1763 0.0750735 -0.0197526 0.996982 164.421 
0.998353 0.0163465 -0.0549975 -139.971 -0.0151538 0.999642 0.0220339 -12.1801 0.0553379 -0.0211642 0.998243 165.589 
0.999222 0.0179105 -0.0351414 -140.024 -0.0171228 0.999598 0.0225894 -12.1669 0.0355318 -0.0219701 0.999127 166.901 
0.999717 0.0182432 -0.0152541 -140.044 -0.0178822 0.999564 0.0234793 -12.1656 0.0156758 -0.0231999 0.999608 168.117 
0.999773 0.0207617 0.00479422 -140.047 -0.0208675 0.999513 0.0232006 -12.1653 -0.00431025 -0.0232953 0.999719 169.421 
0.999451 0.0218486 0.0249203 -140.05 -0.0224003 0.999505 0.0220822 -12.1544 -0.0244256 -0.0226283 0.999446 170.709 
0.99877 0.0220221 0.0444232 -140.015 -0.0229239 0.999539 0.0198931 -12.1477 -0.0439647 -0.0208869 0.998815 172.032 
0.997729 0.0240323 0.0629176 -139.924 -0.0251845 0.999528 0.0175857 -12.1528 -0.0624653 -0.0191303 0.997864 173.387 
0.996356 0.0241196 0.0818163 -139.814 -0.0255077 0.999547 0.0159633 -12.1539 -0.0813942 -0.017992 0.99652 174.738 
0.994678 0.0241106 0.100175 -139.701 -0.0255529 0.999587 0.0131402 -12.1511 -0.0998164 -0.01563 0.994883 176.045 
0.992733 0.0247692 0.117758 -139.54 -0.025859 0.999636 0.00773628 -12.1465 -0.117524 -0.0107251 0.993012 177.295 
0.99044 0.0265166 0.135375 -139.38 -0.0269439 0.999636 0.00132566 -12.1605 -0.13529 -0.00496047 0.990794 178.62 
0.987889 0.0278208 0.15265 -139.197 -0.0275924 0.999613 -0.00361488 -12.1808 -0.152692 -0.000640835 0.988274 179.952 
0.984977 0.0299397 0.170072 -138.965 -0.029011 0.999548 -0.00794378 -12.1961 -0.170233 0.00289052 0.9854 181.366 
0.98179 0.0320537 0.187247 -138.733 -0.0306218 0.999476 -0.0105352 -12.2345 -0.187487 0.00460949 0.982256 182.695 
0.978237 0.0316101 0.205069 -138.451 -0.0301392 0.999493 -0.0102927 -12.2543 -0.20529 0.00388814 0.978693 184.186 
0.974561 0.0305967 0.222026 -138.161 -0.0289463 0.999524 -0.010684 -12.2918 -0.222247 0.00398538 0.974982 185.599 
0.970622 0.030447 0.238676 -137.842 -0.0275504 0.999501 -0.0154633 -12.3422 -0.239028 0.00843339 0.970976 186.981 
0.96643 0.0319513 0.254937 -137.514 -0.027884 0.99942 -0.0195532 -12.3843 -0.255414 0.0117881 0.96676 188.33 
0.961923 0.034214 0.27117 -137.077 -0.0300622 0.999359 -0.0194508 -12.446 -0.271661 0.0105583 0.962335 189.839 
0.956833 0.0364258 0.288348 -136.659 -0.0320238 0.999288 -0.0199701 -12.4963 -0.28887 0.00987409 0.957317 191.294 
0.95121 0.0402014 0.305914 -136.233 -0.0349508 0.999133 -0.0226236 -12.5829 -0.306559 0.0108278 0.95179 192.728 
0.945878 0.0404838 0.321986 -135.658 -0.0337358 0.999079 -0.026512 -12.6342 -0.322763 0.0142147 0.946373 194.199 
0.939785 0.041817 0.3392 -135.156 -0.0341649 0.99901 -0.0285022 -12.7255 -0.340056 0.0151973 0.940283 195.658 
0.933224 0.042281 0.356799 -134.636 -0.032461 0.998913 -0.0334685 -12.8019 -0.357826 0.0196516 0.933582 197.128 
0.925558 0.0456224 0.375846 -134.044 -0.0331137 0.998664 -0.0396777 -12.8728 -0.377154 0.0242784 0.925832 198.678 
0.916235 0.0490189 0.397632 -133.46 -0.0348381 0.998476 -0.0428141 -12.9823 -0.399125 0.0253751 0.916545 200.175 
0.905401 0.0522695 0.421328 -132.813 -0.0372182 0.998344 -0.0438743 -13.0834 -0.422924 0.0240428 0.905846 201.63 
0.893461 0.0565455 0.445567 -132.031 -0.0402418 0.998132 -0.0459757 -13.2356 -0.447334 0.0231472 0.894067 203.113 
0.88038 0.060444 0.470401 -131.309 -0.0420946 0.99789 -0.049441 -13.3341 -0.472397 0.0237256 0.881067 204.537 
0.86645 0.0643711 0.495096 -130.577 -0.0440915 0.997645 -0.0525481 -13.4345 -0.497313 0.0237007 0.867248 205.945 
0.852291 0.0660936 0.518875 -129.753 -0.0440339 0.99753 -0.0547349 -13.5489 -0.521211 0.023802 0.853096 207.351 
0.837012 0.0677609 0.542972 -128.95 -0.0437704 0.997414 -0.0569997 -13.662 -0.545431 0.0239434 0.837814 208.781 
0.821422 0.069707 0.566045 -128.069 -0.0421502 0.997208 -0.0616368 -13.8048 -0.568761 0.026771 0.822067 210.182 
0.805772 0.0718798 0.587848 -127.17 -0.040314 0.996962 -0.0666457 -13.9365 -0.590852 0.0300027 0.806222 211.504 
0.789625 0.0740871 0.609101 -126.255 -0.0397698 0.996776 -0.0696846 -14.0872 -0.6123 0.0308008 0.790025 212.817 
0.774468 0.0752747 0.628118 -125.262 -0.0381971 0.996648 -0.0723429 -14.2504 -0.631459 0.032035 0.774748 214.068 
0.759928 0.0755095 0.645606 -124.211 -0.0364975 0.99662 -0.0736032 -14.4152 -0.648982 0.0323701 0.760115 215.309 
0.74496 0.0761741 0.662746 -123.185 -0.0350073 0.996555 -0.0751909 -14.5659 -0.666191 0.0328132 0.745059 216.557 
0.730657 0.0764254 0.678454 -122.126 -0.0322518 0.996469 -0.0775153 -14.7219 -0.681983 0.0347557 0.730542 217.743 
0.716219 0.0776626 0.693541 -121.037 -0.0299798 0.996295 -0.0806048 -14.8754 -0.697232 0.0369384 0.715893 218.949 
0.701928 0.0794203 0.707807 -119.93 -0.0273299 0.996035 -0.0846584 -15.0402 -0.711724 0.0400798 0.701315 220.101 
0.687805 0.0811598 0.721344 -118.79 -0.0262418 0.995861 -0.0870244 -15.2104 -0.725421 0.0409265 0.687088 221.192 
0.672981 0.0817824 0.735124 -117.607 -0.0254182 0.995839 -0.0875173 -15.3973 -0.739223 0.040212 0.67226 222.333 
0.657273 0.0829965 0.749068 -116.455 -0.0257738 0.995812 -0.0877202 -15.5504 -0.753212 0.0383499 0.65666 223.383 
0.641093 0.0831858 0.762941 -115.274 -0.0266618 0.995922 -0.0861846 -15.7206 -0.767 0.034911 0.640697 224.413 
0.623849 0.0842799 0.776987 -114.084 -0.0291495 0.995986 -0.0846303 -15.8841 -0.781001 0.0301478 0.623802 225.426 
0.60646 0.0861333 0.790435 -112.858 -0.0318594 0.995949 -0.084084 -16.042 -0.794476 0.0258108 0.606747 226.433 
0.589172 0.0888903 0.803104 -111.655 -0.0325955 0.995736 -0.0862987 -16.2123 -0.80735 0.0246672 0.589557 227.368 
0.571747 0.0924861 0.8152 -110.407 -0.0349051 0.995468 -0.0884568 -16.3799 -0.819687 0.0221203 0.572384 228.281 
0.552716 0.0926217 0.828206 -109.153 -0.0354312 0.995518 -0.0876872 -16.5592 -0.832616 0.0191218 0.553521 229.195 
0.53287 0.0908381 0.841308 -107.939 -0.0354033 0.995744 -0.0850891 -16.7307 -0.845456 0.0155563 0.533818 229.999 
0.512293 0.0891955 0.854166 -106.673 -0.0359856 0.995948 -0.0824182 -16.8922 -0.858056 0.0114846 0.513427 230.8 
0.491148 0.0878724 0.866633 -105.444 -0.0360304 0.996097 -0.0805799 -17.0382 -0.870331 0.00835156 0.492397 231.567 
0.470783 0.0859641 0.878051 -104.191 -0.0342072 0.996272 -0.0791974 -17.2036 -0.881586 0.00724913 0.471968 232.272 
0.449617 0.0854925 0.889121 -102.935 -0.0334664 0.996323 -0.0788767 -17.351 -0.892594 0.00570867 0.450825 232.964 
0.42966 0.084143 0.899062 -101.68 -0.0301519 0.996431 -0.0788461 -17.4968 -0.902487 0.00676863 0.430664 233.592 
0.409466 0.0840969 0.908441 -100.404 -0.0275772 0.996428 -0.079812 -17.6455 -0.911909 0.00762798 0.410322 234.194 
0.389251 0.0830378 0.917381 -99.1152 -0.023638 0.996501 -0.0801696 -17.8 -0.920828 0.00952106 0.389852 234.77 
0.368562 0.0811064 0.926058 -97.8487 -0.0221401 0.99667 -0.0784791 -17.9441 -0.929339 0.0084214 0.369131 235.309 
0.348419 0.080841 0.933847 -96.5373 -0.0216455 0.996702 -0.0782062 -18.0878 -0.937089 0.00703492 0.349019 235.821 
0.328447 0.0856184 0.940634 -95.2279 -0.0219331 0.996306 -0.0830272 -18.2277 -0.944268 0.00663905 0.329112 236.325 
0.308972 0.0949234 0.946322 -93.9123 -0.0231504 0.995463 -0.092294 -18.3742 -0.950789 0.00660853 0.309768 236.808 
0.289874 0.102519 0.951558 -92.6162 -0.0255771 0.994721 -0.0993774 -18.5327 -0.956723 0.00446878 0.290966 237.241 
0.270136 0.106586 0.956904 -91.327 -0.0281081 0.994303 -0.102817 -18.692 -0.962412 0.000877774 0.271593 237.66 
0.250263 0.107656 0.962174 -90.018 -0.0297715 0.994184 -0.103494 -18.8553 -0.96772 -0.00274469 0.252013 238.056 
0.230044 0.108032 0.967165 -88.7408 -0.0341855 0.994103 -0.102909 -19.0195 -0.97258 -0.00938933 0.232381 238.41 
0.210485 0.108191 0.971592 -87.4563 -0.0357619 0.994044 -0.102944 -19.1787 -0.976943 -0.0130778 0.213101 238.745 
0.191385 0.106891 0.975677 -86.1871 -0.0360096 0.994148 -0.101851 -19.3293 -0.980854 -0.0156411 0.194114 239.03 
0.17282 0.106842 0.979142 -84.9422 -0.035946 0.994121 -0.102132 -19.4825 -0.984297 -0.0175457 0.175645 239.286 
0.154522 0.107484 0.982125 -83.7037 -0.035182 0.994033 -0.103251 -19.6346 -0.987363 -0.0185984 0.157382 239.517 
0.135493 0.110885 0.984554 -82.4799 -0.0392847 0.993537 -0.10649 -19.784 -0.989999 -0.0242492 0.138974 239.725 
0.116863 0.112867 0.986714 -81.2392 -0.0396323 0.99326 -0.108922 -19.9344 -0.992357 -0.0263768 0.120548 239.917 
0.0999494 0.110142 0.988878 -79.9893 -0.0396535 0.993506 -0.106649 -20.0832 -0.994202 -0.0285529 0.103668 240.079 
0.0843116 0.10528 0.990862 -78.7457 -0.0372045 0.994042 -0.102452 -20.2572 -0.995745 -0.0282266 0.0877261 240.217 
0.0700585 0.101109 0.992406 -77.5312 -0.0364738 0.994444 -0.0987416 -20.4028 -0.996876 -0.0292791 0.0733571 240.331 
0.0576378 0.0977382 0.993542 -76.3461 -0.0342859 0.994803 -0.0958732 -20.5469 -0.997749 -0.0285385 0.0606893 240.416 
0.0471842 0.097622 0.994104 -75.1736 -0.0341664 0.994788 -0.0960674 -20.6909 -0.998302 -0.0294322 0.0502737 240.492 
0.0387978 0.0998695 0.994244 -74.0197 -0.03469 0.994528 -0.0985443 -20.8287 -0.998645 -0.030667 0.04205 240.558 
0.0319189 0.101571 0.994316 -72.8786 -0.0358108 0.994301 -0.10042 -20.9626 -0.998849 -0.032402 0.0353744 240.626 
0.0258139 0.105954 0.994036 -71.753 -0.0364445 0.993806 -0.104983 -21.0966 -0.999002 -0.0335172 0.0295155 240.689 
0.0201183 0.114343 0.993238 -70.6481 -0.0356559 0.992889 -0.11358 -21.2422 -0.999162 -0.0331297 0.0240522 240.744 
0.0149036 0.116908 0.993031 -69.5465 -0.0370558 0.992524 -0.116292 -21.3819 -0.999202 -0.0350644 0.0191243 240.801 
0.0114936 0.108368 0.994044 -68.4457 -0.0356812 0.993521 -0.107898 -21.5256 -0.999297 -0.0342285 0.0152859 240.834 
0.00874865 0.0986526 0.995084 -67.3402 -0.0348343 0.994548 -0.0982932 -21.6592 -0.999355 -0.0338031 0.0121374 240.874 
0.00721287 0.0948495 0.995466 -66.2759 -0.0342153 0.994932 -0.0945507 -21.783 -0.999389 -0.0333781 0.0104216 240.914 
0.0075757 0.0969785 0.995258 -65.2016 -0.0350402 0.994701 -0.0966574 -21.9054 -0.999357 -0.0341418 0.0109337 240.938 
0.00749686 0.0998601 0.994973 -64.1454 -0.0344924 0.994435 -0.0995462 -22.0299 -0.999377 -0.0335727 0.0108995 240.978 
0.00888139 0.102238 0.99472 -63.0919 -0.0371478 0.994107 -0.101843 -22.1567 -0.99927 -0.0360471 0.012627 241.016 
0.010686 0.103048 0.994619 -62.0437 -0.0391942 0.993955 -0.102558 -22.2783 -0.999175 -0.0378874 0.0146603 241.059 
0.0132782 0.104866 0.994398 -60.9968 -0.0401913 0.993738 -0.104259 -22.3979 -0.999104 -0.0385818 0.0174098 241.108 
0.0168867 0.105799 0.994244 -59.9809 -0.0426658 0.993556 -0.105002 -22.5192 -0.998947 -0.0406471 0.0212919 241.154 
0.0209618 0.107045 0.994033 -58.9621 -0.0438455 0.993394 -0.106051 -22.6385 -0.998818 -0.0413608 0.0255168 241.206 
0.0271072 0.106147 0.993981 -57.9557 -0.0447034 0.99348 -0.104875 -22.7567 -0.998633 -0.0415915 0.0316756 241.262 
0.0337093 0.104476 0.993956 -56.9455 -0.0431848 0.993745 -0.102989 -22.8771 -0.998498 -0.0394521 0.0380102 241.319 
0.0408549 0.103946 0.993744 -55.949 -0.0415657 0.99389 -0.102252 -22.9933 -0.9983 -0.0371282 0.0449259 241.376 
0.0480393 0.104714 0.993341 -54.9604 -0.0404795 0.993877 -0.102813 -23.1093 -0.998025 -0.0352709 0.0519839 241.45 
0.0548056 0.104278 0.993037 -53.9698 -0.0407676 0.993936 -0.102123 -23.2288 -0.997664 -0.0348868 0.0587245 241.53 
0.061009 0.103553 0.992751 -52.9787 -0.042149 0.993984 -0.101092 -23.3385 -0.997247 -0.035676 0.0650066 241.628 
0.0674825 0.101406 0.992554 -51.9714 -0.0423473 0.994216 -0.0986967 -23.4516 -0.996821 -0.0353717 0.0713864 241.729 
0.073833 0.0997427 0.99227 -50.9842 -0.0422275 0.994406 -0.0968153 -23.5626 -0.996376 -0.034753 0.0776319 241.831 
0.0803122 0.100451 0.991695 -50.003 -0.0428813 0.994336 -0.0972457 -23.6712 -0.995847 -0.0347151 0.0841648 241.944 
0.0868378 0.102643 0.990921 -49.0315 -0.0428871 0.994141 -0.0992186 -23.7813 -0.995299 -0.0338817 0.0907311 242.054 
0.0931351 0.10396 0.990211 -48.0609 -0.0425623 0.994041 -0.100359 -23.8932 -0.994743 -0.0327987 0.0970049 242.171 
0.099191 0.105522 0.989458 -47.0838 -0.0445457 0.993835 -0.101523 -24.0082 -0.994071 -0.0340059 0.10328 242.305 
0.10528 0.106491 0.988724 -46.1291 -0.046672 0.993683 -0.102055 -24.1155 -0.993347 -0.0354013 0.109585 242.437 
0.1118 0.10601 0.98806 -45.1694 -0.0476001 0.993724 -0.101232 -24.2246 -0.99259 -0.0357141 0.116144 242.576 
0.117835 0.104082 0.987564 -44.2029 -0.0483085 0.993915 -0.0989869 -24.329 -0.991857 -0.0360435 0.122146 242.719 
0.123818 0.102456 0.987002 -43.2448 -0.0482704 0.9941 -0.0971374 -24.439 -0.99113 -0.0356157 0.128033 242.872 
0.130136 0.101913 0.986245 -42.2898 -0.0477195 0.994194 -0.0964377 -24.5462 -0.990347 -0.0345131 0.134243 243.023 
0.13729 0.102617 0.985201 -41.3541 -0.046864 0.994178 -0.0970212 -24.6564 -0.989422 -0.0328504 0.1413 243.179 
0.144118 0.102963 0.984189 -40.4361 -0.045112 0.994222 -0.0974068 -24.7592 -0.988532 -0.0303606 0.14793 243.343 
0.15275 0.105106 0.98266 -39.4823 -0.0448049 0.994042 -0.0993589 -24.8561 -0.987249 -0.028851 0.156549 243.508 
