1 2.12261e-08 -2.11895e-08 0 2.12261e-08 1 2.10703e-08 0 -2.11895e-08 2.10703e-08 1 0 
0.999935 -0.00311352 0.0109421 0.0183544 0.00309884 0.999994 0.00136266 -0.0102876 -0.0109464 -0.00132862 0.999939 0.28624 
0.999834 -0.00518071 0.0174967 0.0279781 0.00515722 0.999986 0.00138998 -0.0141862 -0.0175037 -0.00129947 0.999846 0.585101 
0.999783 -0.00792217 0.0192739 0.0377601 0.00792316 0.999969 2.69608e-05 -0.0164676 -0.0192736 0.000125797 0.999814 0.885597 
0.999824 -0.00945214 0.0162071 0.0503851 0.00946755 0.999955 -0.000871941 -0.0285609 -0.0161982 0.00102527 0.999868 1.18381 
0.99988 -0.0122823 0.00947477 0.0428959 0.0123079 0.999921 -0.0026488 -0.0255595 -0.00944152 0.00276514 0.999952 1.50289 
0.999898 -0.0138938 -0.00342951 0.0411383 0.0138794 0.999895 -0.00421442 -0.0334651 0.00348766 0.00416643 0.999985 1.82866 
0.999724 -0.0129454 -0.0196081 0.0108894 0.0128689 0.999909 -0.00402302 -0.043882 0.0196584 0.00376962 0.9998 2.17609 
0.999195 -0.00847454 -0.0392147 -0.0266698 0.00831894 0.999957 -0.00413032 -0.0469026 0.039248 0.00380081 0.999222 2.52563 
0.998234 -0.00516342 -0.0591784 -0.0708648 0.00485594 0.999974 -0.00533907 -0.0525914 0.0592043 0.00504232 0.998233 2.88319 
0.996797 -0.00471052 -0.0798313 -0.114238 0.00426239 0.999974 -0.00578336 -0.055412 0.0798564 0.00542461 0.996792 3.25401 
0.994831 -0.00638414 -0.101343 -0.166468 0.00591235 0.99997 -0.00495545 -0.0616194 0.101372 0.0043307 0.994839 3.63204 
0.992607 -0.00755077 -0.121141 -0.2296 0.00707029 0.999965 -0.00439598 -0.0635744 0.12117 0.00350702 0.992626 4.02796 
0.990223 -0.0068056 -0.139328 -0.304002 0.0063266 0.999972 -0.0038808 -0.0693086 0.139351 0.00296143 0.990239 4.42903 
0.987896 -0.0056435 -0.155018 -0.389007 0.00516159 0.999981 -0.00351133 -0.071583 0.155034 0.00266873 0.987906 4.84228 
0.98567 -0.00537341 -0.168601 -0.479836 0.00485594 0.999982 -0.00348158 -0.0818141 0.168617 0.00261302 0.985678 5.26256 
0.983511 -0.00692776 -0.180715 -0.577963 0.00628527 0.999972 -0.00412786 -0.089799 0.180738 0.002924 0.983527 5.6893 
0.981663 -0.0100358 -0.190362 -0.674113 0.00893058 0.999938 -0.00666337 -0.0945511 0.190417 0.00484119 0.981691 6.13527 
0.980034 -0.00949147 -0.198604 -0.777841 0.00791697 0.999931 -0.00872065 -0.0985537 0.198673 0.00697424 0.980041 6.59886 
0.978529 -0.00925494 -0.205901 -0.89499 0.00724871 0.999919 -0.0104961 -0.105731 0.205982 0.00877822 0.978516 7.07328 
0.976812 -0.00959818 -0.213885 -1.01525 0.00684771 0.999884 -0.0135969 -0.112036 0.213991 0.0118171 0.976764 7.55093 
0.974997 -0.0138408 -0.221785 -1.13535 0.0107696 0.999829 -0.015051 -0.125588 0.221956 0.0122861 0.974979 8.0515 
0.973101 -0.0196664 -0.229536 -1.26323 0.0163456 0.999733 -0.0163603 -0.137564 0.229796 0.0121684 0.973163 8.55578 
0.971127 -0.0200182 -0.23772 -1.40941 0.0159152 0.99969 -0.019167 -0.152506 0.23803 0.0148303 0.971145 9.05651 
0.969071 -0.0157035 -0.246281 -1.57661 0.010282 0.999676 -0.0232843 -0.165774 0.246567 0.020032 0.968919 9.5804 
0.966959 -0.0125559 -0.254621 -1.74956 0.00591767 0.999623 -0.0268205 -0.177648 0.254862 0.0244276 0.966669 10.1227 
0.964762 -0.0141479 -0.262744 -1.91441 0.00687766 0.999568 -0.0285697 -0.201575 0.263035 0.0257559 0.964442 10.672 
0.962282 -0.0171695 -0.271513 -2.08094 0.00907129 0.999477 -0.0310534 -0.218146 0.271904 0.0274191 0.961934 11.2414 
0.960134 -0.015952 -0.279085 -2.27106 0.00690724 0.99942 -0.033362 -0.245873 0.279455 0.0301044 0.959687 11.8023 
0.957748 -0.0144192 -0.287246 -2.46784 0.00392334 0.999305 -0.0370821 -0.273412 0.287581 0.0343884 0.957139 12.3918 
0.955452 -0.0154939 -0.29474 -2.67175 0.00305418 0.999087 -0.0426194 -0.29874 0.295131 0.0398206 0.954627 12.9966 
0.953646 -0.0167432 -0.300465 -2.87752 0.0016733 0.998731 -0.0503428 -0.331223 0.300926 0.0475064 0.952463 13.5985 
0.952257 -0.0173006 -0.304808 -3.09427 -0.000590986 0.998287 -0.0585083 -0.369015 0.305298 0.0558951 0.950615 14.2129 
0.950972 -0.0177389 -0.308766 -3.31896 -0.00323343 0.997729 -0.0672793 -0.411882 0.309259 0.0649792 0.948755 14.8436 
0.949618 -0.0166382 -0.312969 -3.54686 -0.00771932 0.997045 -0.0764277 -0.459926 0.313316 0.0749931 0.946683 15.4765 
0.948418 -0.0155862 -0.31664 -3.79317 -0.0114356 0.996459 -0.083302 -0.518018 0.316817 0.0826261 0.944881 16.1264 
0.946849 -0.0138005 -0.321383 -4.04059 -0.0159398 0.995839 -0.0897238 -0.584332 0.321284 0.0900777 0.942689 16.7748 
0.945142 -0.0126456 -0.326414 -4.29305 -0.0196541 0.995239 -0.0954655 -0.652117 0.326067 0.0966439 0.940394 17.4437 
0.943729 -0.0103737 -0.330557 -4.56229 -0.0243745 0.994608 -0.100802 -0.725374 0.32982 0.103187 0.938388 18.084 
0.941901 -0.00744765 -0.335808 -4.8358 -0.0292221 0.994147 -0.104013 -0.79813 0.334617 0.107783 0.93617 18.7771 
0.940164 -0.005958 -0.340671 -5.11472 -0.0319743 0.993892 -0.105623 -0.876496 0.339219 0.110196 0.934231 19.4759 
0.938098 -0.00563648 -0.346325 -5.39434 -0.0326722 0.993969 -0.104677 -0.961075 0.344827 0.109512 0.932256 20.1696 
0.935786 -0.00552663 -0.352526 -5.69135 -0.0330584 0.994097 -0.103339 -1.04287 0.351016 0.108357 0.930079 20.8888 
0.933284 -0.00538925 -0.359098 -5.98719 -0.0333993 0.994252 -0.101725 -1.1241 0.357582 0.106932 0.92774 21.6042 
0.930269 -0.00390941 -0.366858 -6.30114 -0.0348151 0.99449 -0.0988812 -1.20497 0.365223 0.104758 0.925007 22.3253 
0.92688 -0.00261329 -0.375349 -6.61078 -0.0346908 0.9951 -0.0925932 -1.29265 0.373751 0.098844 0.922247 23.0575 
0.923268 0.00095242 -0.384155 -6.9462 -0.0374089 0.995467 -0.0874396 -1.37322 0.382331 0.0951011 0.919119 23.8066 
0.919685 0.00395285 -0.392638 -7.28834 -0.0395976 0.995785 -0.0827253 -1.45471 0.390656 0.0916288 0.915965 24.5488 
0.915927 0.00482986 -0.401315 -7.65056 -0.0405795 0.995918 -0.0806294 -1.5297 0.399287 0.0901359 0.912384 25.3003 
0.912057 0.00458835 -0.410037 -8.01491 -0.0410255 0.995941 -0.0801096 -1.60306 0.408005 0.0898866 0.908544 26.049 
0.90824 0.00522902 -0.418417 -8.39576 -0.0420732 0.995996 -0.0788795 -1.67052 0.416329 0.0892457 0.904823 26.809 
0.904353 0.00670045 -0.426732 -8.78248 -0.0437921 0.996056 -0.0771667 -1.74546 0.424532 0.0884735 0.90108 27.5734 
0.900438 0.00515364 -0.434954 -9.17325 -0.0416306 0.996361 -0.0743777 -1.82055 0.432988 0.0850799 0.897376 28.3532 
0.896669 0.00606223 -0.442659 -9.59917 -0.0416121 0.996633 -0.0706425 -1.88417 0.440741 0.081763 0.893903 29.155 
0.892995 0.00876406 -0.449981 -10.0296 -0.0426066 0.996966 -0.0651361 -1.94896 0.448045 0.0773384 0.89066 29.9439 
0.889344 0.00892782 -0.457152 -10.4625 -0.0413669 0.99728 -0.0609991 -2.01415 0.455364 0.0731602 0.887294 30.7291 
0.885784 0.00861667 -0.464017 -10.9047 -0.0407551 0.997409 -0.0592779 -2.07752 0.462304 0.0714186 0.883841 31.5255 
0.882714 0.00790938 -0.469844 -11.3624 -0.0399165 0.997507 -0.0582007 -2.13645 0.468212 0.0701292 0.880829 32.3324 
0.879484 0.0082384 -0.475857 -11.8281 -0.0397691 0.997626 -0.0562301 -2.19418 0.474264 0.068378 0.877723 33.1508 
0.876749 0.00861705 -0.480872 -12.3328 -0.0401322 0.997663 -0.0552934 -2.25457 0.479271 0.0677769 0.875046 33.9956 
0.874333 0.00836115 -0.485255 -12.8409 -0.0401887 0.997665 -0.0552219 -2.31736 0.48366 0.0677841 0.872627 34.8485 
0.872521 0.0067809 -0.488529 -13.3875 -0.0391946 0.997653 -0.0561547 -2.36607 0.487002 0.0681439 0.870739 35.7249 
0.871456 0.00650648 -0.490431 -13.9604 -0.0396648 0.997572 -0.0572466 -2.40524 0.488867 0.0693407 0.869598 36.6351 
0.870938 0.0067833 -0.491347 -14.4715 -0.039542 0.99763 -0.0563175 -2.46929 0.4898 0.0684779 0.869141 37.4927 
0.870697 0.0075094 -0.491763 -14.9892 -0.0396188 0.997705 -0.0549123 -2.53006 0.490222 0.0672951 0.868996 38.3746 
0.870514 0.00570145 -0.492111 -15.5091 -0.0373025 0.997821 -0.0544254 -2.59748 0.490728 0.0657351 0.86883 39.239 
0.869924 0.0038412 -0.493171 -16.0406 -0.0356675 0.997841 -0.0551435 -2.66268 0.491895 0.0655608 0.868183 40.1401 
0.86875 0.00146198 -0.49525 -16.582 -0.0334198 0.997889 -0.0556781 -2.72753 0.494123 0.0649215 0.866965 41.0535 
0.867227 0.000714865 -0.497912 -17.1331 -0.0315197 0.998072 -0.0534659 -2.79419 0.496914 0.0620612 0.865578 41.9766 
0.865485 0.00218097 -0.500929 -17.708 -0.0313614 0.998265 -0.0498387 -2.85428 0.499952 0.0588445 0.864052 42.8812 
0.862838 0.00229535 -0.505475 -18.2701 -0.0294667 0.998518 -0.045765 -2.91998 0.504621 0.0543825 0.861627 43.783 
0.85936 0.00250313 -0.511365 -18.8539 -0.029183 0.998598 -0.0441546 -2.98118 0.510538 0.0528679 0.858229 44.6828 
0.854277 -0.00113489 -0.519817 -19.426 -0.0267916 0.998572 -0.04621 -3.04827 0.519127 0.0534029 0.853027 45.5712 
0.848436 -0.00534654 -0.529271 -19.9961 -0.024538 0.998477 -0.0494214 -3.11268 0.528729 0.0549181 0.847012 46.4315 
0.842325 -0.00535662 -0.538944 -20.5802 -0.0248348 0.998503 -0.048739 -3.17362 0.538398 0.0544387 0.840931 47.3102 
0.836555 -0.00223887 -0.547878 -21.193 -0.0257419 0.998727 -0.0433866 -3.23709 0.547278 0.0503988 0.835432 48.2028 
0.831095 0.00214766 -0.556126 -21.7982 -0.028403 0.998851 -0.0385891 -3.30087 0.555405 0.0478669 0.830201 49.0788 
0.827245 0.00248327 -0.561836 -22.4154 -0.0301409 0.998746 -0.039965 -3.36069 0.561032 0.0499951 0.826283 49.9283 
0.823838 0.000227445 -0.566826 -23.0386 -0.0305483 0.998564 -0.043999 -3.42208 0.566002 0.0535637 0.822662 50.8053 
0.821147 -0.0026374 -0.570711 -23.664 -0.032053 0.998198 -0.0507313 -3.48942 0.569816 0.0599509 0.819583 51.6431 
0.817911 -0.00458487 -0.575327 -24.2969 -0.0314045 0.998122 -0.0526002 -3.54924 0.574488 0.0610902 0.81623 52.5208 
0.815078 -0.00218141 -0.579348 -24.9319 -0.0316265 0.998334 -0.048254 -3.62071 0.578488 0.0576535 0.813651 53.3316 
0.812325 -0.000295119 -0.583205 -25.5827 -0.0305912 0.998602 -0.0431148 -3.68465 0.582402 0.0528642 0.81118 54.1702 
0.809285 0.00113899 -0.587415 -26.2315 -0.0302961 0.998748 -0.0398025 -3.74482 0.586635 0.050008 0.808306 55.0236 
0.806437 0.00188431 -0.591317 -26.896 -0.0318289 0.998684 -0.0402258 -3.79985 0.590463 0.0512606 0.805435 55.8756 
0.802888 0.000433094 -0.59613 -27.562 -0.0317553 0.998611 -0.0420438 -3.85543 0.595283 0.0526868 0.801787 56.7293 
0.798683 -0.00244405 -0.601747 -28.2263 -0.0306928 0.998525 -0.0447933 -3.91235 0.600969 0.054245 0.797429 57.5889 
0.794671 -0.00316023 -0.607032 -28.9013 -0.0301489 0.998547 -0.0446668 -3.97507 0.606291 0.0537968 0.793421 58.4286 
0.790117 -0.00375271 -0.612944 -29.5872 -0.0293551 0.998602 -0.0439541 -4.03245 0.612253 0.052722 0.788903 59.2789 
0.785359 -0.00373267 -0.619029 -30.2781 -0.0293503 0.998633 -0.0432582 -4.08812 0.618344 0.052142 0.784176 60.1086 
0.780021 -0.00473162 -0.625735 -30.9814 -0.0291573 0.99861 -0.0438978 -4.15264 0.625073 0.052486 0.778799 60.9545 
0.774933 -0.00606957 -0.632015 -31.6927 -0.0286588 0.998588 -0.0447295 -4.21239 0.631394 0.0527752 0.773665 61.7768 
0.769625 -0.00750077 -0.638452 -32.4046 -0.02818 0.998558 -0.0457012 -4.27377 0.637874 0.0531644 0.768304 62.5941 
0.763375 -0.00993645 -0.645879 -33.1407 -0.0264149 0.998565 -0.0465826 -4.33237 0.645415 0.0526208 0.762018 63.4663 
0.757317 -0.011983 -0.652937 -33.8736 -0.0250257 0.998565 -0.0473525 -4.39385 0.652568 0.0522011 0.75593 64.2884 
0.751142 -0.013027 -0.660012 -34.6116 -0.0244582 0.99857 -0.0475446 -4.45572 0.659687 0.0518555 0.749749 65.1084 
0.74509 -0.0118239 -0.666859 -35.3586 -0.0252384 0.998627 -0.0459056 -4.5233 0.666486 0.0510343 0.743769 65.9088 
0.738714 -0.0125983 -0.673901 -36.1448 -0.0240832 0.998694 -0.0450696 -4.58558 0.673588 0.0495233 0.737446 66.7346 
0.732455 -0.014616 -0.680658 -36.9834 -0.0228022 0.998682 -0.0459825 -4.64109 0.680433 0.0492007 0.731157 67.5659 
0.726413 -0.016227 -0.687067 -37.7674 -0.0224844 0.998625 -0.0473573 -4.71448 0.686891 0.0498493 0.725049 68.349 
0.720914 -0.0146894 -0.692869 -38.611 -0.0250318 0.998571 -0.0472155 -4.77827 0.692573 0.0513821 0.719516 69.1454 
0.715825 -0.0133281 -0.698153 -39.3981 -0.0267738 0.998559 -0.0465146 -4.83159 0.697766 0.0519886 0.714436 69.8978 
0.710972 -0.0127793 -0.703104 -40.2084 -0.027898 0.998535 -0.0463592 -4.8989 0.702666 0.0525754 0.709574 70.6778 
0.70656 -0.0136872 -0.707521 -41.0238 -0.0281115 0.998481 -0.0473892 -4.9637 0.707095 0.0533728 0.705101 71.4515 
0.701338 -0.0155186 -0.71266 -41.8827 -0.0286308 0.998343 -0.0499155 -5.03088 0.712254 0.0554117 0.699731 72.2565 
0.696297 -0.0183383 -0.717519 -42.7301 -0.0279104 0.998226 -0.0525975 -5.09553 0.717211 0.0566498 0.69455 73.0536 
0.691438 -0.0188864 -0.722189 -43.5929 -0.0285638 0.998162 -0.0534511 -5.16026 0.721871 0.0575866 0.689627 73.8381 
0.686331 -0.0182388 -0.727061 -44.4796 -0.0283392 0.998256 -0.0517935 -5.23447 0.726737 0.0561518 0.684617 74.656 
0.681336 -0.0182066 -0.731744 -45.3488 -0.0276859 0.998334 -0.0506184 -5.30809 0.731447 0.0547472 0.679697 75.4289 
0.676675 -0.0194936 -0.736024 -46.2503 -0.027361 0.998293 -0.0515946 -5.37003 0.735773 0.0550512 0.674987 76.2001 
0.672381 -0.0206369 -0.739918 -47.1761 -0.0261043 0.998328 -0.0515658 -5.44692 0.739745 0.053987 0.670718 76.9845 
0.668073 -0.020709 -0.743808 -48.0798 -0.02605 0.998349 -0.0511935 -5.5205 0.74364 0.0535772 0.66643 77.7657 
0.664347 -0.020967 -0.74713 -48.9891 -0.0260161 0.998352 -0.0511506 -5.59164 0.746971 0.0534192 0.662707 78.5337 
0.660713 -0.0236934 -0.750265 -49.8943 -0.0234493 0.998362 -0.0521788 -5.66967 0.750272 0.0520684 0.659076 79.2986 
0.65643 -0.0282574 -0.753858 -50.7946 -0.0203058 0.998274 -0.0551005 -5.7482 0.754114 0.0514773 0.654723 80.0617 
0.652009 -0.0326107 -0.75751 -51.7223 -0.0158121 0.998273 -0.0565854 -5.82111 0.758047 0.0488721 0.650367 80.8214 
0.64557 -0.035756 -0.762863 -52.6428 -0.0116035 0.998329 -0.0566119 -5.9013 0.763613 0.0453989 0.644077 81.5737 
0.637347 -0.0396115 -0.769558 -53.5838 -0.00658402 0.998362 -0.0568415 -5.98243 0.770549 0.0412946 0.636042 82.3318 
0.628625 -0.0409549 -0.776629 -54.5471 -0.00346267 0.998455 -0.0554555 -6.05749 0.777701 0.03755 0.627512 83.0822 
0.620055 -0.0395867 -0.783559 -55.5343 -0.00343896 0.99858 -0.0531712 -6.13226 0.784551 0.0356638 0.619038 83.8337 
0.611338 -0.0389953 -0.790409 -56.5363 -0.00447523 0.998599 -0.0527279 -6.21571 0.791357 0.0357719 0.610306 84.568 
0.601899 -0.0403473 -0.797553 -57.5311 -0.00559181 0.998485 -0.0547323 -6.28996 0.798553 0.0374031 0.600762 85.2932 
0.591849 -0.0427024 -0.804917 -58.5443 -0.00485615 0.998389 -0.0565371 -6.37196 0.806034 0.0373703 0.590688 86.0113 
0.581924 -0.044499 -0.812025 -59.5835 -0.00411311 0.998328 -0.057656 -6.45303 0.813233 0.0368915 0.580768 86.7351 
0.571859 -0.045415 -0.819094 -60.6132 -0.00114048 0.998421 -0.0561542 -6.53389 0.820351 0.0330465 0.570905 87.4365 
0.561894 -0.0450546 -0.825981 -61.6507 2.29177e-05 0.998517 -0.0544503 -6.62346 0.827209 0.0305764 0.561062 88.1148 
0.551181 -0.0461109 -0.833111 -62.6872 0.000486668 0.998489 -0.0549423 -6.70121 0.834386 0.0298777 0.55037 88.7956 
0.540943 -0.0474679 -0.839719 -63.7487 0.000468417 0.998423 -0.0561374 -6.78326 0.841059 0.0299739 0.540113 89.4514 
0.531241 -0.0473098 -0.845899 -64.8096 -0.00197002 0.998368 -0.0570744 -6.86625 0.847218 0.0319868 0.530281 90.0802 
0.521481 -0.0482786 -0.851896 -65.8997 -0.00318624 0.998281 -0.0585249 -6.9516 0.853257 0.033234 0.52043 90.7168 
0.511849 -0.0480114 -0.857733 -66.9904 -0.00396238 0.998295 -0.0582439 -7.03822 0.859066 0.0332108 0.510786 91.3431 
0.502774 -0.0462348 -0.86318 -68.094 -0.00429869 0.998423 -0.0559827 -7.12536 0.864407 0.0318573 0.501782 91.9582 
0.495022 -0.04466 -0.867732 -69.2313 -0.003527 0.998567 -0.0534058 -7.21152 0.868873 0.0294976 0.494155 92.5718 
0.487367 -0.045107 -0.872031 -70.3514 -0.0033155 0.998562 -0.053505 -7.29434 0.873191 0.0289678 0.486517 93.1739 
0.480196 -0.047937 -0.875851 -71.4476 -0.00156275 0.998457 -0.0555043 -7.37784 0.87716 0.0280217 0.47938 93.7445 
0.473476 -0.0511765 -0.879319 -72.5756 0.000652931 0.998331 -0.0577515 -7.45988 0.880807 0.0267698 0.472719 94.3229 
0.467771 -0.053472 -0.882231 -73.7331 0.00183195 0.998225 -0.0595311 -7.56428 0.883848 0.0262308 0.467038 94.8978 
0.462284 -0.0566669 -0.884919 -74.8833 0.00260411 0.998038 -0.0625502 -7.6513 0.886728 0.0266116 0.461525 95.479 
0.457184 -0.0577612 -0.887494 -76.0353 0.00552402 0.998054 -0.0621112 -7.74594 0.889355 0.0234938 0.456613 96.0632 
0.452815 -0.0553751 -0.889883 -77.1572 0.00818689 0.998286 -0.0579548 -7.8471 0.891567 0.0189575 0.452492 96.6161 
0.448859 -0.0534051 -0.892005 -78.2972 0.0115799 0.998476 -0.0539526 -7.9406 0.893528 0.0138878 0.448794 97.1695 
0.445328 -0.0530761 -0.893793 -79.4282 0.013583 0.998527 -0.0525278 -8.03011 0.895265 0.0112518 0.445393 97.7143 
0.442692 -0.0528217 -0.895117 -80.5671 0.0150827 0.998561 -0.0514667 -8.11692 0.896547 0.00928311 0.442852 98.2621 
0.439972 -0.0524445 -0.896479 -81.7059 0.0171675 0.998602 -0.0499933 -8.19227 0.897848 0.00660539 0.440257 98.8058 
0.43768 -0.051571 -0.89765 -82.8214 0.0196464 0.998664 -0.0477951 -8.27962 0.898916 0.00328343 0.438109 99.3269 
0.435186 -0.0526633 -0.898799 -83.9473 0.0230166 0.998612 -0.0473674 -8.363 0.900046 -7.36218e-05 0.435795 99.8591 
0.432383 -0.0533009 -0.900114 -85.0531 0.0251862 0.998576 -0.0470329 -8.43643 0.901338 -0.00233416 0.433109 100.38 
0.429293 -0.0528802 -0.901616 -86.1625 0.0291856 0.998575 -0.0446706 -8.51356 0.902693 -0.00713733 0.430225 100.908 
0.427513 -0.0525051 -0.902483 -87.2682 0.0316088 0.99857 -0.043122 -8.58497 0.903456 -0.0100911 0.428561 101.413 
0.42565 -0.053767 -0.903289 -88.3857 0.0340378 0.998478 -0.0433936 -8.66302 0.904248 -0.0122755 0.426832 101.917 
0.42434 -0.0558306 -0.90378 -89.4678 0.0358912 0.99835 -0.0448212 -8.72557 0.904792 -0.0134183 0.425643 102.412 
0.423776 -0.0571987 -0.903959 -90.5516 0.0356815 0.998284 -0.0464396 -8.79671 0.905064 -0.0125746 0.42509 102.895 
0.424117 -0.0579767 -0.90375 -91.6178 0.0355605 0.998245 -0.0473507 -8.87469 0.904909 -0.0120555 0.425434 103.376 
0.42632 -0.0575028 -0.902743 -92.6651 0.0328213 0.998304 -0.04809 -8.94924 0.903977 -0.00912743 0.427484 103.849 
0.430408 -0.0577641 -0.900784 -93.6937 0.0308395 0.998309 -0.0492824 -9.02385 0.902108 -0.00656812 0.431461 104.323 
0.435572 -0.0587506 -0.898235 -94.7217 0.0301578 0.99826 -0.0506688 -9.09814 0.899649 -0.00501889 0.436586 104.797 
0.441235 -0.058877 -0.895458 -95.7493 0.0292605 0.998259 -0.0512181 -9.16818 0.896914 -0.0036022 0.44219 105.28 
0.447804 -0.0579771 -0.89225 -96.7479 0.028466 0.998314 -0.0505824 -9.24115 0.893679 -0.00274775 0.448699 105.759 
0.455931 -0.0567329 -0.888205 -97.7517 0.0266486 0.998389 -0.0500916 -9.31361 0.889616 -0.00083106 0.456708 106.248 
0.464826 -0.0562584 -0.883613 -98.7443 0.0264675 0.998416 -0.0496445 -9.38428 0.885006 -0.000310937 0.465579 106.745 
0.473676 -0.0564169 -0.87889 -99.7255 0.0267329 0.998407 -0.0496812 -9.45622 0.880293 3.75726e-05 0.47443 107.261 
0.483058 -0.0577263 -0.873683 -100.682 0.0264167 0.998331 -0.0513563 -9.52668 0.87519 0.00172838 0.483777 107.78 
0.49294 -0.0596672 -0.868015 -101.648 0.0258107 0.99821 -0.0539591 -9.60264 0.86968 0.0041946 0.493597 108.318 
0.503828 -0.0602691 -0.861699 -102.603 0.0237751 0.998153 -0.0559118 -9.6781 0.863477 0.00768298 0.50433 108.869 
0.5161 -0.0588523 -0.854504 -103.543 0.0223434 0.998222 -0.0552557 -9.75297 0.856237 0.00942504 0.516498 109.408 
0.52895 -0.0561119 -0.846796 -104.477 0.0203508 0.998364 -0.0534433 -9.82397 0.848409 0.0110358 0.529226 109.963 
0.541126 -0.0532979 -0.839251 -105.41 0.0195248 0.998517 -0.0508232 -9.9067 0.840715 0.0111156 0.541364 110.548 
0.55244 -0.052469 -0.8319 -106.318 0.0191689 0.998553 -0.0502505 -9.97943 0.833332 0.0118138 0.552646 111.136 
0.563758 -0.0532411 -0.824222 -107.205 0.0198629 0.998506 -0.050913 -10.052 0.825701 0.0123312 0.563973 111.718 
0.574769 -0.0541567 -0.816522 -108.081 0.0200714 0.998441 -0.052094 -10.1265 0.81807 0.0135533 0.57496 112.311 
0.586029 -0.0552438 -0.808405 -108.939 0.0218145 0.998387 -0.0524128 -10.2035 0.809997 0.0130805 0.586289 112.905 
0.59631 -0.0551394 -0.800858 -109.771 0.0221418 0.998388 -0.0522529 -10.2781 0.802449 0.0134265 0.59657 113.506 
0.606654 -0.0528093 -0.79321 -110.6 0.0209914 0.998507 -0.0504229 -10.3473 0.794689 0.0139387 0.606857 114.128 
0.615787 -0.0502744 -0.786307 -111.417 0.0217356 0.998666 -0.0468302 -10.4197 0.787613 0.0117466 0.616058 114.77 
0.625579 -0.0477072 -0.778701 -112.216 0.0198603 0.998779 -0.0452353 -10.4933 0.779908 0.0128331 0.625762 115.392 
0.635633 -0.0473753 -0.770536 -113.003 0.0181793 0.998757 -0.0464107 -10.5582 0.771777 0.0154924 0.635704 116.013 
0.64484 -0.047317 -0.762852 -113.771 0.0168155 0.998719 -0.0477329 -10.6168 0.764133 0.0179523 0.644809 116.648 
0.653653 -0.0474143 -0.755308 -114.522 0.0173623 0.998712 -0.0476684 -10.6799 0.756595 0.0180448 0.653634 117.29 
0.662051 -0.0456367 -0.748068 -115.259 0.0169546 0.998801 -0.0459279 -10.7383 0.749267 0.0177235 0.662031 117.929 
0.670542 -0.0434408 -0.740599 -115.981 0.0166952 0.998915 -0.0434769 -10.8034 0.741684 0.0167887 0.67054 118.565 
0.678562 -0.0428446 -0.733293 -116.694 0.0169939 0.998946 -0.0426406 -10.8642 0.734347 0.0164728 0.678574 119.206 
0.685799 -0.0423479 -0.726558 -117.402 0.0158841 0.998939 -0.0432309 -10.9151 0.727617 0.018107 0.685744 119.881 
0.692988 -0.0412018 -0.719771 -118.078 0.0153561 0.998983 -0.0424 -10.9774 0.720785 0.0183299 0.692916 120.523 
0.700022 -0.0392501 -0.713042 -118.765 0.0154104 0.999086 -0.0398667 -11.0283 0.713955 0.0169193 0.699987 121.179 
0.707152 -0.0370412 -0.706091 -119.438 0.0151355 0.999191 -0.0372588 -11.085 0.7069 0.0156606 0.70714 121.837 
0.71436 -0.0357342 -0.698866 -120.084 0.0142958 0.999232 -0.0364797 -11.1335 0.699633 0.0160688 0.714322 122.48 
0.721708 -0.0346954 -0.691328 -120.716 0.013462 0.999258 -0.0360959 -11.1856 0.692067 0.0167441 0.721639 123.127 
0.729268 -0.031416 -0.683506 -121.331 0.010548 0.999343 -0.0346785 -11.2328 0.684147 0.0180804 0.72912 123.775 
0.738143 -0.0287826 -0.67403 -121.937 0.00977018 0.999441 -0.031979 -11.2786 0.674573 0.0170197 0.738012 124.423 
0.747745 -0.0247893 -0.663523 -122.537 0.00761408 0.999557 -0.028763 -11.3199 0.663943 0.0164553 0.747602 125.075 
0.757899 -0.0226768 -0.651977 -123.115 0.00604664 0.999597 -0.0277387 -11.3618 0.652343 0.0170809 0.757731 125.719 
0.768032 -0.0216727 -0.640045 -123.681 0.00415788 0.999575 -0.0288576 -11.3918 0.640398 0.0195024 0.767796 126.36 
0.777919 -0.0231998 -0.627936 -124.259 0.00484404 0.99951 -0.030927 -11.4281 0.628346 0.021017 0.77765 127.036 
0.787708 -0.0221227 -0.615651 -124.766 0.00435844 0.99953 -0.0303405 -11.4674 0.616033 0.0212162 0.787434 127.685 
0.79768 -0.0209215 -0.602718 -125.279 0.00433611 0.999571 -0.0289583 -11.5007 0.603065 0.0204861 0.797429 128.359 
0.807857 -0.0182247 -0.589097 -125.779 0.00355358 0.999654 -0.0260527 -11.5276 0.589368 0.0189535 0.807642 129.013 
0.817349 -0.0167136 -0.575901 -126.259 0.0036666 0.99971 -0.0238094 -11.5621 0.576132 0.017349 0.817173 129.699 
0.826328 -0.0158117 -0.562968 -126.74 0.00450692 0.999759 -0.0214643 -11.5762 0.563172 0.0151994 0.8262 130.393 
0.834438 -0.0159208 -0.550872 -127.221 0.00596752 0.999785 -0.0198556 -11.5984 0.55107 0.013281 0.834354 131.106 
0.84158 -0.0161301 -0.539892 -127.686 0.0073249 0.999803 -0.0184526 -11.6268 0.540083 0.0115748 0.841532 131.82 
0.848132 -0.0160719 -0.529541 -128.14 0.00763767 0.999807 -0.0181121 -11.6625 0.52973 0.0113171 0.848091 132.541 
0.854753 -0.015109 -0.518815 -128.589 0.0065647 0.999811 -0.0183012 -11.6847 0.518993 0.0122372 0.854691 133.265 
0.861383 -0.0128729 -0.507793 -129.027 0.00481606 0.999841 -0.017177 -11.719 0.507933 0.0123505 0.861308 133.986 
0.867578 -0.0117634 -0.497162 -129.459 0.00396319 0.999852 -0.0167417 -11.7448 0.497285 0.0125544 0.867496 134.727 
0.873401 -0.012671 -0.486837 -129.88 0.00507727 0.999844 -0.0169145 -11.7703 0.486976 0.0123014 0.873329 135.471 
0.878245 -0.0138335 -0.47801 -130.294 0.00610025 0.999824 -0.0177268 -11.7997 0.478171 0.0126526 0.878176 136.235 
0.882501 -0.0150699 -0.470068 -130.712 0.00717363 0.999802 -0.018585 -11.8188 0.470255 0.0130292 0.882434 137.005 
0.886155 -0.0143004 -0.463169 -131.131 0.00675824 0.999816 -0.0179393 -11.8432 0.463341 0.0127669 0.886088 137.772 
0.889053 -0.0121376 -0.457644 -131.531 0.00622106 0.999877 -0.0144333 -11.8666 0.457763 0.00998499 0.889018 138.54 
0.892183 -0.00810444 -0.451601 -131.954 0.00381685 0.999939 -0.0104044 -11.891 0.451657 0.00755901 0.89216 139.354 
0.89552 -0.00582347 -0.444982 -132.366 0.00267926 0.999967 -0.00769464 -11.9064 0.445012 0.00569853 0.895506 140.159 
0.898709 -0.00307365 -0.438535 -132.782 0.000732019 0.999985 -0.0055087 -11.924 0.438546 0.00462975 0.898697 140.982 
0.901753 -0.00212483 -0.432247 -133.196 0.000644397 0.999993 -0.00357149 -11.9293 0.432251 0.00294212 0.901748 141.832 
0.904975 -0.000127554 -0.425465 -133.633 -6.96947e-05 1 -0.000448116 -11.9592 0.425465 0.000435236 0.904975 142.726 
0.908228 -0.000599838 -0.418475 -134.06 0.00134174 0.999998 0.00147855 -11.9698 0.418474 -0.0019043 0.908227 143.641 
0.911796 -0.00102437 -0.410642 -134.492 0.00234057 0.999994 0.00270242 -11.9786 0.410637 -0.00342514 0.911793 144.549 
0.915294 -0.00145117 -0.402784 -134.89 0.00282348 0.999992 0.00281324 -11.9862 0.402776 -0.00371215 0.915291 145.459 
0.919126 -0.00361362 -0.393948 -135.3 0.00504434 0.999984 0.00259624 -12.0006 0.393932 -0.00437343 0.919129 146.382 
0.923292 -0.00508509 -0.384066 -135.743 0.0060756 0.999981 0.00136574 -12.0131 0.384051 -0.00359436 0.923305 147.344 
0.927749 -0.00566006 -0.373163 -136.134 0.00586357 0.999983 -0.000589747 -12.0319 0.37316 -0.00164088 0.927766 148.301 
0.932845 -0.00388259 -0.360258 -136.54 0.00367277 0.999992 -0.00126707 -12.0417 0.360261 -0.000141124 0.932852 149.281 
0.938635 -0.000693859 -0.344912 -136.858 0.000730984 1 -2.25143e-05 -12.0612 0.344912 -0.000230944 0.938635 150.191 
0.945108 0.00334475 -0.326742 -137.205 -0.00247705 0.999992 0.00307156 -12.0796 0.32675 -0.00209355 0.945109 151.171 
0.951396 0.00531977 -0.307925 -137.487 -0.0042463 0.999982 0.00415596 -12.0861 0.307941 -0.00264638 0.951402 152.076 
0.957895 0.00682149 -0.287037 -137.813 -0.00565447 0.999972 0.00489439 -12.0883 0.287063 -0.00306522 0.957907 153.11 
0.963904 0.00797491 -0.266129 -138.096 -0.00651511 0.999959 0.00636756 -12.093 0.266169 -0.00440381 0.963916 154.147 
0.969561 0.00864109 -0.244696 -138.388 -0.00664906 0.999938 0.00896561 -12.1007 0.244758 -0.00706566 0.969558 155.238 
0.974871 0.0113404 -0.222482 -138.692 -0.008732 0.999881 0.0127042 -12.1077 0.2226 -0.0104422 0.974854 156.376 
0.979608 0.0133866 -0.200472 -138.938 -0.0102092 0.999806 0.0168751 -12.1073 0.200659 -0.0144843 0.979554 157.472 
0.983837 0.0154338 -0.178401 -139.156 -0.0120203 0.999724 0.020199 -12.1012 0.178664 -0.017728 0.98375 158.576 
0.98746 0.0167808 -0.156976 -139.325 -0.013773 0.999701 0.0202289 -12.1026 0.157268 -0.0178131 0.987395 159.745 
0.990747 0.0162622 -0.134741 -139.541 -0.0139169 0.999735 0.0183299 -12.097 0.135003 -0.0162851 0.990711 160.931 
0.993328 0.0164689 -0.114141 -139.686 -0.0145572 0.99974 0.0175612 -12.0919 0.114401 -0.0157824 0.993309 162.067 
0.995437 0.0151137 -0.0942159 -139.798 -0.0133361 0.999722 0.0194681 -12.0797 0.0944838 -0.0181227 0.995361 163.285 
0.997102 0.0158953 -0.0744042 -139.896 -0.0143554 0.999673 0.0211852 -12.0786 0.0747165 -0.0200557 0.997003 164.491 
0.998374 0.0162414 -0.0546379 -139.951 -0.0150401 0.999638 0.0223255 -12.0821 0.0549807 -0.0214674 0.998257 165.66 
0.999236 0.0178051 -0.0347816 -140.004 -0.0170149 0.999593 0.0228831 -12.0685 0.0351748 -0.0222738 0.999133 166.972 
0.999725 0.0181374 -0.0148942 -140.023 -0.0177801 0.999559 0.0237751 -12.0669 0.0153188 -0.0235037 0.999606 168.188 
0.999771 0.0207831 0.00519871 -140.03 -0.0208991 0.999508 0.0233713 -12.0576 -0.00471047 -0.0234745 0.999713 169.479 
0.999453 0.0217782 0.0249006 -140.005 -0.0223375 0.999499 0.0224091 -12.0624 -0.0244002 -0.022953 0.999439 170.797 
0.998767 0.0221334 0.0444409 -139.966 -0.0230564 0.999527 0.0203662 -12.0625 -0.0439691 -0.0213657 0.998804 172.163 
0.997726 0.0241436 0.062935 -139.875 -0.0253258 0.999516 0.0180564 -12.0669 -0.0624687 -0.0196091 0.997854 173.518 
0.996351 0.0242309 0.0818335 -139.765 -0.0256578 0.999536 0.0164311 -12.0674 -0.0813974 -0.0184708 0.996511 174.869 
0.994673 0.024222 0.100191 -139.652 -0.0257117 0.999577 0.0136053 -12.064 -0.0998195 -0.0161088 0.994875 176.176 
0.992729 0.0248806 0.117774 -139.49 -0.0260261 0.999628 0.00819847 -12.0588 -0.117527 -0.011204 0.993007 177.426 
0.990434 0.0266281 0.13539 -139.33 -0.0271193 0.999631 0.00178482 -12.0722 -0.135293 -0.00543939 0.990791 178.751 
0.987883 0.0279324 0.152665 -139.147 -0.0277757 0.999609 -0.00315886 -12.0919 -0.152694 -0.00111976 0.988273 180.083 
0.984971 0.0300514 0.170086 -138.916 -0.0292024 0.999545 -0.00749107 -12.1065 -0.170234 0.00241159 0.985401 181.497 
0.981783 0.0321653 0.187262 -138.684 -0.0308211 0.999474 -0.0100859 -12.1443 -0.187487 0.00413057 0.982258 182.826 
0.97823 0.0317217 0.205083 -138.402 -0.0303467 0.999491 -0.00984713 -12.1634 -0.205291 0.00340921 0.978695 184.317 
0.974554 0.0307083 0.22204 -138.112 -0.0291615 0.999522 -0.0102421 -12.2003 -0.222248 0.00350645 0.974984 185.73 
0.970615 0.0305587 0.23869 -137.792 -0.0277732 0.999501 -0.0150251 -12.25 -0.23903 0.00795448 0.97098 187.112 
0.966423 0.0320631 0.25495 -137.465 -0.0281141 0.999422 -0.0191189 -12.2915 -0.255416 0.0113092 0.966765 188.461 
0.961916 0.0343257 0.271182 -137.028 -0.0302996 0.99936 -0.0190204 -12.3526 -0.271662 0.0100794 0.96234 189.97 
0.956825 0.0365375 0.288361 -136.61 -0.0322689 0.999288 -0.019544 -12.4022 -0.288869 0.00939518 0.957322 191.425 
0.951201 0.0403131 0.305927 -136.183 -0.0352038 0.999134 -0.0222021 -12.4882 -0.306557 0.010349 0.951796 192.859 
0.94587 0.0405955 0.321998 -135.609 -0.0339959 0.999081 -0.0260949 -12.5388 -0.322761 0.0137358 0.946381 194.33 
0.939775 0.0419288 0.339211 -135.107 -0.0344326 0.999012 -0.02809 -12.6295 -0.340054 0.0147184 0.940291 195.789 
0.933215 0.0423928 0.356809 -134.587 -0.0327365 0.998917 -0.0330614 -12.7053 -0.357825 0.0191727 0.933592 197.259 
0.925549 0.0457343 0.375856 -133.995 -0.0333976 0.99867 -0.0392765 -12.7754 -0.377152 0.0237997 0.925845 198.809 
0.916225 0.0491308 0.397642 -133.41 -0.0351314 0.998482 -0.0424198 -12.8843 -0.399122 0.0248964 0.91656 200.306 
0.90539 0.0523813 0.421338 -132.764 -0.0375217 0.998349 -0.0434877 -12.9848 -0.42292 0.0235641 0.905861 201.761 
0.89345 0.0566572 0.445576 -131.982 -0.0405557 0.998136 -0.0455975 -13.1363 -0.447329 0.0226685 0.894082 203.244 
0.880272 0.0605854 0.470585 -131.253 -0.0424683 0.997894 -0.0490328 -13.2434 -0.472564 0.0231773 0.880991 204.707 
0.866337 0.0645126 0.495277 -130.522 -0.0444767 0.997648 -0.0521507 -13.3432 -0.497476 0.0231518 0.867169 206.115 
0.852173 0.066235 0.519052 -129.697 -0.04443 0.997533 -0.0543483 -13.4569 -0.521371 0.0232528 0.853013 207.521 
0.836889 0.0679024 0.543145 -128.894 -0.0441774 0.997418 -0.0566246 -13.5694 -0.545588 0.0233938 0.837727 208.952 
0.821293 0.069849 0.566214 -128.013 -0.0425675 0.997213 -0.0612734 -13.7116 -0.568916 0.0262211 0.821978 210.353 
0.805639 0.0720225 0.588013 -127.113 -0.0407411 0.996968 -0.0662937 -13.8426 -0.591005 0.0294525 0.80613 211.674 
0.789487 0.0742299 0.609262 -126.198 -0.0402061 0.996782 -0.0693442 -13.9928 -0.612449 0.0302502 0.789931 212.987 
0.774326 0.0754178 0.628276 -125.205 -0.0386416 0.996655 -0.0720133 -14.1554 -0.631606 0.0314842 0.77465 214.238 
0.759783 0.0756527 0.645761 -124.154 -0.0369495 0.996626 -0.0732838 -14.3197 -0.649126 0.0318193 0.760015 215.479 
0.744811 0.0763173 0.662897 -123.127 -0.0354665 0.996562 -0.0748819 -14.4699 -0.666333 0.0322623 0.744956 216.727 
0.730505 0.0765691 0.678601 -122.068 -0.0327174 0.996477 -0.0772162 -14.6254 -0.682123 0.0342048 0.730437 217.912 
0.716064 0.0778067 0.693685 -120.979 -0.0304516 0.996304 -0.0803157 -14.7784 -0.69737 0.0363873 0.715787 219.118 
0.70177 0.079565 0.707947 -119.872 -0.0278075 0.996046 -0.084379 -14.9428 -0.711861 0.0395285 0.701207 220.27 
0.687645 0.0813047 0.72148 -118.731 -0.0267249 0.995871 -0.0867545 -15.1126 -0.725555 0.0403748 0.686979 221.361 
0.67281 0.0821329 0.735242 -117.553 -0.0262659 0.995844 -0.0872086 -15.2953 -0.739349 0.039363 0.672171 222.482 
0.657098 0.0833466 0.749183 -116.401 -0.0266278 0.995815 -0.0874294 -15.4479 -0.753334 0.0375006 0.656568 223.532 
0.640628 0.0838926 0.763255 -115.224 -0.0280961 0.995909 -0.0858825 -15.6136 -0.767337 0.0335743 0.640364 224.568 
0.623374 0.084984 0.777292 -114.033 -0.0305899 0.995966 -0.0843597 -15.7767 -0.781325 0.0288104 0.623459 225.58 
0.605975 0.0868349 0.79073 -112.807 -0.0333053 0.995922 -0.0838447 -15.9341 -0.794786 0.0244723 0.606396 226.587 
0.588727 0.0896838 0.803341 -111.604 -0.0341459 0.995698 -0.0861344 -16.1015 -0.80761 0.0232788 0.589257 227.519 
0.571294 0.0932781 0.815427 -110.356 -0.0364585 0.995424 -0.0883251 -16.2688 -0.819935 0.0207304 0.572081 228.431 
0.552257 0.0934121 0.828424 -109.101 -0.036987 0.99547 -0.087591 -16.4479 -0.832853 0.0177318 0.55321 229.345 
0.532403 0.0916269 0.841517 -107.887 -0.0369609 0.995693 -0.0850298 -16.6192 -0.845684 0.0141669 0.533497 230.149 
0.51182 0.0899823 0.854367 -106.621 -0.037544 0.995892 -0.0823965 -16.7807 -0.858272 0.0100958 0.513096 230.949 
0.490668 0.0886578 0.866825 -105.392 -0.0375887 0.996038 -0.0805963 -16.9266 -0.870536 0.00696321 0.492056 231.716 
0.470298 0.086749 0.878233 -104.138 -0.0357647 0.996213 -0.0792503 -17.092 -0.881782 0.00586153 0.47162 232.42 
0.449128 0.0862766 0.889292 -102.882 -0.0350222 0.996262 -0.0789668 -17.2395 -0.892781 0.00432125 0.450471 233.112 
0.429168 0.0849277 0.899223 -101.626 -0.0317053 0.996373 -0.0789712 -17.3855 -0.902668 0.00538177 0.430304 233.739 
0.408971 0.0848821 0.908591 -100.35 -0.0291275 0.996372 -0.0799718 -17.5343 -0.912083 0.00624114 0.409959 234.342 
0.388755 0.083824 0.91752 -99.0617 -0.0251845 0.996447 -0.080364 -17.689 -0.920997 0.00813467 0.389485 234.917 
0.368063 0.0818922 0.926188 -97.795 -0.0236818 0.996616 -0.0787083 -17.8335 -0.929499 0.00703579 0.368757 235.455 
0.347916 0.0816261 0.933966 -96.4834 -0.0231819 0.996647 -0.0784686 -17.9775 -0.937239 0.0056494 0.348641 235.967 
0.32794 0.086403 0.940739 -95.1739 -0.0234634 0.996246 -0.0833218 -18.1177 -0.944407 0.00525159 0.328736 236.47 
0.308461 0.0957074 0.94641 -93.8581 -0.0246742 0.995396 -0.0926191 -18.2646 -0.950917 0.00521739 0.309402 236.952 
0.289357 0.103301 0.951631 -92.5619 -0.027094 0.994645 -0.0997319 -18.4236 -0.956838 0.00307471 0.290607 237.385 
0.269323 0.1074 0.957043 -91.2773 -0.0296316 0.994216 -0.103233 -18.5804 -0.962594 -0.00055567 0.270947 237.815 
0.249568 0.108528 0.962257 -89.9662 -0.0311912 0.994085 -0.104028 -18.7428 -0.967855 -0.00405182 0.251477 238.206 
0.229341 0.108899 0.967235 -88.6889 -0.0355934 0.993995 -0.103473 -18.9077 -0.972695 -0.0106966 0.23184 238.56 
0.209778 0.109056 0.971648 -87.4043 -0.037158 0.993932 -0.103535 -19.0677 -0.977043 -0.0143851 0.212557 238.894 
0.190675 0.107754 0.975721 -86.1351 -0.0373937 0.994033 -0.102469 -19.219 -0.980941 -0.0169476 0.193567 239.179 
0.172108 0.107704 0.979173 -84.8901 -0.037318 0.994004 -0.102776 -19.373 -0.984371 -0.0188522 0.175095 239.434 
0.153809 0.108345 0.982143 -83.6516 -0.0365417 0.993914 -0.103921 -19.5259 -0.987425 -0.0199052 0.156832 239.664 
0.134774 0.111742 0.984556 -82.4277 -0.0406309 0.993409 -0.107185 -19.6761 -0.990043 -0.0255577 0.138426 239.871 
0.116313 0.113659 0.986688 -81.1984 -0.040915 0.993136 -0.109578 -19.8277 -0.99237 -0.0276249 0.120165 240.056 
0.0993992 0.110933 0.988845 -79.9486 -0.0409246 0.993381 -0.107328 -19.9773 -0.994206 -0.0297998 0.103281 240.218 
0.0837625 0.106072 0.990824 -78.7051 -0.0384648 0.993922 -0.103152 -20.1521 -0.995743 -0.0294716 0.0873334 240.355 
0.0695095 0.1019 0.992363 -77.4906 -0.0377239 0.994326 -0.0994595 -20.2986 -0.996868 -0.0305224 0.0729592 240.469 
0.0570901 0.0985303 0.993495 -76.3056 -0.0355269 0.994688 -0.0966071 -20.4435 -0.997737 -0.0297805 0.0602873 240.553 
0.0466363 0.0984137 0.994052 -75.1332 -0.0353997 0.994673 -0.0968143 -20.5884 -0.998285 -0.0306741 0.0498716 240.629 
0.0382493 0.10066 0.994185 -73.9793 -0.0359168 0.994409 -0.0993011 -20.7271 -0.998623 -0.0319098 0.0416508 240.695 
0.0313694 0.102361 0.994253 -72.8383 -0.0370323 0.994178 -0.101185 -20.8618 -0.998822 -0.0336454 0.0349774 240.763 
0.0252638 0.106742 0.993966 -71.7128 -0.0376613 0.993679 -0.105754 -20.9967 -0.998971 -0.0347623 0.0291242 240.825 
0.0195687 0.115131 0.993158 -70.608 -0.0368682 0.992755 -0.114358 -21.1431 -0.999129 -0.0343781 0.0236716 240.88 
0.0143528 0.117695 0.992946 -69.5065 -0.0382639 0.992386 -0.117075 -21.2836 -0.999165 -0.0363137 0.018747 240.936 
0.010944 0.109156 0.993964 -68.4058 -0.0368866 0.993391 -0.108687 -21.4282 -0.99926 -0.0354745 0.014898 240.969 
0.00819966 0.0994418 0.99501 -67.3004 -0.0360376 0.994426 -0.0990865 -21.5626 -0.999317 -0.0350453 0.0117376 241.008 
0.00666436 0.0956393 0.995394 -66.2362 -0.0354174 0.994814 -0.0953464 -21.6873 -0.99935 -0.0346188 0.0100171 241.048 
0.00679008 0.0977374 0.995189 -65.1635 -0.0363221 0.994579 -0.0974297 -21.8107 -0.999317 -0.0354858 0.0103033 241.076 
0.00671165 0.100619 0.994902 -64.1073 -0.0357743 0.994312 -0.100318 -21.9359 -0.999337 -0.0349186 0.0102731 241.116 
0.00809418 0.102995 0.994649 -63.0539 -0.0384306 0.993979 -0.102613 -22.0636 -0.999229 -0.0373944 0.0120036 241.153 
0.00989724 0.103804 0.994549 -62.0059 -0.0404783 0.993824 -0.103325 -22.1859 -0.999131 -0.039235 0.0140379 241.195 
0.0124888 0.10562 0.994328 -60.959 -0.0414774 0.993605 -0.105023 -22.3063 -0.999061 -0.0399305 0.0167897 241.244 
0.0160954 0.106553 0.994177 -59.9432 -0.0439545 0.99342 -0.10576 -22.4284 -0.998904 -0.0419963 0.020673 241.289 
0.0201697 0.107797 0.993968 -58.9244 -0.0451372 0.993255 -0.106804 -22.5483 -0.998777 -0.0427108 0.0248993 241.34 
0.0263145 0.1069 0.993922 -57.918 -0.0459998 0.993342 -0.10562 -22.6673 -0.998595 -0.0429409 0.0310567 241.396 
0.0329179 0.10523 0.993903 -56.9079 -0.0444863 0.993611 -0.103726 -22.7884 -0.998468 -0.0408006 0.0373889 241.452 
0.040065 0.104702 0.993696 -55.9114 -0.0428726 0.993759 -0.10298 -22.9053 -0.998277 -0.0384764 0.0443037 241.508 
0.0472503 0.105472 0.993299 -54.9229 -0.0417916 0.993748 -0.103531 -23.022 -0.998008 -0.0366197 0.0513628 241.582 
0.0540167 0.105036 0.993 -53.9323 -0.0420846 0.993808 -0.102832 -23.1422 -0.997653 -0.0362354 0.0581027 241.661 
0.0602193 0.10431 0.99272 -52.9412 -0.0434704 0.993855 -0.101793 -23.2525 -0.997238 -0.037024 0.0643837 241.759 
0.066693 0.102164 0.992529 -51.934 -0.0436732 0.99409 -0.0993896 -23.3663 -0.996817 -0.0367184 0.0707606 241.859 
0.073044 0.100501 0.992252 -50.9468 -0.0435579 0.994282 -0.0975 -23.478 -0.996377 -0.0360987 0.0770039 241.961 
0.079523 0.101209 0.991682 -49.9656 -0.0442161 0.994211 -0.0979216 -23.5872 -0.995852 -0.0360613 0.0835378 242.073 
0.086049 0.103402 0.990911 -48.994 -0.0442264 0.994016 -0.0998856 -23.698 -0.995309 -0.0352293 0.0901072 242.182 
0.092347 0.10472 0.990205 -48.0234 -0.0439058 0.993915 -0.101017 -23.8105 -0.994758 -0.0341471 0.0963829 242.299 
0.098449 0.106233 0.989456 -47.0581 -0.0456589 0.993721 -0.102148 -23.925 -0.994094 -0.035121 0.102681 242.426 
0.104537 0.107201 0.988726 -46.1033 -0.0477889 0.993567 -0.102673 -24.0328 -0.993372 -0.0365171 0.108987 242.558 
0.111056 0.10672 0.988068 -45.1436 -0.0487211 0.993607 -0.101842 -24.1425 -0.992619 -0.0368295 0.115546 242.696 
0.117092 0.104791 0.987577 -44.1771 -0.0494331 0.9938 -0.0995906 -24.2475 -0.99189 -0.0371578 0.121546 242.839 
0.123075 0.103166 0.98702 -43.219 -0.0493988 0.993986 -0.0977345 -24.358 -0.991167 -0.036729 0.127431 242.99 
0.129394 0.102624 0.986269 -42.264 -0.0488517 0.994082 -0.0970278 -24.4658 -0.990389 -0.0356261 0.133642 243.141 
0.13655 0.103329 0.98523 -41.3282 -0.0480005 0.994067 -0.0976031 -24.5765 -0.98947 -0.0339639 0.140699 243.296 
0.14338 0.103677 0.984222 -40.4102 -0.0462527 0.994113 -0.0979811 -24.6798 -0.988586 -0.0314744 0.147331 243.459 
0.152012 0.105821 0.982697 -39.4563 -0.0459507 0.993934 -0.099923 -24.7773 -0.98731 -0.0299661 0.155953 243.624 
