1 2.12261e-08 -2.11895e-08 0 2.12261e-08 1 2.10703e-08 0 -2.11895e-08 2.10703e-08 1 0 
0.999875 0.00150725 0.0157302 0.0086147 -0.00149259 0.999998 -0.000940996 -0.000952223 -0.0157316 0.000917442 0.999876 0.118896 
0.999295 0.00473103 0.0372426 0.020765 -0.00470967 0.999989 -0.000660229 -0.00146826 -0.0372453 0.000484404 0.999306 0.270079 
0.997898 0.00640143 0.0644917 0.0473109 -0.00645535 0.999979 0.00062839 -0.00466749 -0.0644864 -0.00104335 0.997918 0.435435 
0.995106 0.00623196 0.0986147 0.0889888 -0.00654899 0.999974 0.00289198 -0.00306587 -0.0985942 -0.00352361 0.995122 0.591171 
0.990614 0.00271475 0.136662 0.15568 -0.00338184 0.999984 0.00464972 -4.35023e-05 -0.136647 -0.00506821 0.990607 0.768584 
0.984342 -0.000107096 0.176271 0.230359 -0.000782953 0.999987 0.00498001 -0.00143156 -0.17627 -0.00504001 0.984329 0.954432 
0.975489 -2.91715e-05 0.220047 0.308399 -0.00136243 0.99998 0.00617254 0.0035613 -0.220043 -0.00632101 0.97547 1.14159 
0.963469 0.000482724 0.267821 0.412074 -0.00296163 0.999956 0.0088521 0.00533068 -0.267805 -0.00932187 0.963428 1.34077 
0.948995 -0.00319216 0.315275 0.539104 -0.00197487 0.999869 0.0160683 0.00428328 -0.315285 -0.0158713 0.948864 1.5355 
0.931957 -0.0131646 0.36233 0.638117 0.00457204 0.999688 0.024562 -0.0179096 -0.362541 -0.0212341 0.931726 1.69718 
0.910549 -0.0188082 0.412972 0.778794 0.00747443 0.99955 0.029043 -0.0204868 -0.413333 -0.0233583 0.91028 1.8958 
0.885073 -0.0204694 0.465002 0.915036 0.00583446 0.999442 0.0328905 -0.0218108 -0.465416 -0.0263974 0.884698 2.08951 
0.856307 -0.0224453 0.51598 1.07949 0.00370432 0.999296 0.0373223 -0.0168202 -0.516455 -0.0300479 0.855787 2.29551 
0.823719 -0.0273469 0.566338 1.24889 0.00452853 0.999122 0.0416583 -0.019397 -0.56698 -0.0317501 0.823119 2.47483 
0.78724 -0.0328439 0.615771 1.44234 0.0063387 0.998959 0.0451787 -0.0253364 -0.616614 -0.0316632 0.786629 2.65419 
0.7484 -0.0369077 0.66222 1.65119 0.00699154 0.998834 0.047767 -0.02135 -0.663211 -0.0311189 0.747785 2.84789 
0.708026 -0.0399659 0.705055 1.89547 0.00768263 0.998774 0.0489003 -0.0208396 -0.706145 -0.029206 0.707465 3.0359 
0.665017 -0.0418046 0.745657 2.1399 0.00660611 0.998722 0.0501008 -0.00985689 -0.746799 -0.028392 0.664443 3.2417 
0.621599 -0.0417026 0.782225 2.43231 0.00137474 0.998638 0.0521478 0.00397424 -0.783335 -0.0313397 0.62081 3.45825 
0.579126 -0.0426454 0.814122 2.75665 -0.00173214 0.998564 0.0535391 0.0134365 -0.815236 -0.032416 0.578221 3.66437 
0.538347 -0.0436842 0.84159 3.1044 -0.00321135 0.998542 0.0538853 0.0378293 -0.842717 -0.0317116 0.537422 3.86248 
0.499438 -0.0462577 0.865114 3.48312 -0.00506874 0.9984 0.0563108 0.0376027 -0.866335 -0.0325088 0.498405 4.05294 
0.461519 -0.0458023 0.885947 3.8857 -0.00851315 0.998392 0.0560504 0.0587133 -0.887089 -0.0334105 0.460387 4.24902 
0.424704 -0.0451427 0.904206 4.32723 -0.0096688 0.998473 0.0543904 0.0747678 -0.905281 -0.0318424 0.423619 4.43913 
0.390684 -0.0437007 0.919487 4.79341 -0.00832151 0.998664 0.0509996 0.0950198 -0.920487 -0.0275763 0.389799 4.62672 
0.360637 -0.0419357 0.931763 5.2893 -0.00656832 0.99885 0.0474974 0.11943 -0.932683 -0.0232494 0.359947 4.80607 
0.334937 -0.0399686 0.941393 5.82306 -0.00526902 0.999005 0.0442893 0.145239 -0.942226 -0.0197943 0.334393 4.9879 
0.314896 -0.0395015 0.948304 6.38888 -0.00383396 0.999073 0.0428895 0.167663 -0.949118 -0.0171415 0.314452 5.1626 
0.300697 -0.0396204 0.952896 6.98476 -0.0028093 0.999096 0.0424279 0.203012 -0.953716 -0.0154349 0.300314 5.33041 
0.2889 -0.0412421 0.956471 7.60568 -0.00190423 0.999045 0.0436531 0.220962 -0.957358 -0.0144327 0.288545 5.5274 
0.278014 -0.0429089 0.959618 8.25605 -0.00324562 0.998954 0.0456082 0.250551 -0.960572 -0.0157943 0.277584 5.72256 
0.267273 -0.0446684 0.962585 8.92398 -0.00473072 0.998852 0.0476649 0.281278 -0.963609 -0.0172932 0.266755 5.92127 
0.257414 -0.0461732 0.965197 9.61891 -0.00527372 0.998776 0.049186 0.314625 -0.966287 -0.0177513 0.256855 6.10903 
0.247238 -0.0479055 0.96777 10.3426 -0.00575546 0.998687 0.0509063 0.351496 -0.968938 -0.0181559 0.246638 6.30024 
0.237205 -0.0498316 0.970181 11.0812 -0.00583057 0.998593 0.0527166 0.376306 -0.971442 -0.0181613 0.23658 6.47569 
0.2273 -0.0512846 0.972474 11.8433 -0.0056812 0.998526 0.0539864 0.409789 -0.973808 -0.0177959 0.226673 6.65117 
0.216493 -0.0542398 0.974776 12.6124 -0.00735815 0.998337 0.0571851 0.436129 -0.976256 -0.0195527 0.215734 6.83603 
0.204808 -0.0576027 0.977106 13.404 -0.00897095 0.998114 0.0607217 0.477186 -0.978761 -0.0212019 0.203905 7.01842 
0.192021 -0.0617114 0.979449 14.2017 -0.00981106 0.99785 0.0647944 0.513779 -0.981342 -0.0220513 0.191002 7.19626 
0.179303 -0.0637107 0.981729 15.0002 -0.0105868 0.997718 0.0666819 0.55462 -0.983737 -0.0223496 0.178219 7.34512 
0.16546 -0.0644133 0.984111 15.7985 -0.0109565 0.997683 0.0671438 0.588798 -0.986156 -0.0218921 0.164371 7.4865 
0.151134 -0.06329 0.986485 16.5997 -0.0122134 0.997753 0.0658841 0.628978 -0.988438 -0.0220057 0.150022 7.61482 
0.134539 -0.0626538 0.988926 17.4096 -0.0131733 0.997798 0.0650081 0.660732 -0.990821 -0.0217736 0.133418 7.73433 
0.113873 -0.0610212 0.99162 18.2325 -0.0161187 0.997867 0.0632566 0.698422 -0.993365 -0.0231868 0.112647 7.84254 
0.0879718 -0.0599974 0.994315 19.0606 -0.0199567 0.997878 0.0619781 0.732526 -0.995923 -0.0252955 0.0865878 7.92762 
0.057493 -0.0596814 0.99656 19.8929 -0.0242573 0.997833 0.0611571 0.763949 -0.998051 -0.02769 0.0559208 7.99 
0.0243126 -0.0591438 0.997953 20.7359 -0.0274097 0.997834 0.0598046 0.804057 -0.999329 -0.0288076 0.0226389 8.01595 
-0.0102654 -0.0586578 0.998225 21.5867 -0.0294255 0.997863 0.0583339 0.836041 -0.999514 -0.0287745 -0.0119695 8.01237 
-0.0444598 -0.057487 0.997356 22.4256 -0.0299761 0.99797 0.0561862 0.866371 -0.998561 -0.0273988 -0.0460928 7.98077 
-0.0773301 -0.0555699 0.995456 23.2658 -0.0320294 0.998069 0.0532276 0.894064 -0.996491 -0.0277678 -0.0789607 7.92104 
-0.109668 -0.0526775 0.992572 24.1076 -0.0347333 0.998188 0.049138 0.920501 -0.993361 -0.0290864 -0.111298 7.82956 
-0.142109 -0.0481016 0.988682 24.9402 -0.0317133 0.998527 0.0440223 0.945814 -0.989343 -0.0250984 -0.143425 7.7088 
-0.173819 -0.041865 0.983887 25.7656 -0.0256261 0.99895 0.0379787 0.967075 -0.984444 -0.0186117 -0.174709 7.5624 
-0.203963 -0.0352822 0.978343 26.5773 -0.0186051 0.99931 0.0321596 0.9785 -0.978802 -0.0116428 -0.204479 7.38778 
-0.232598 -0.0297652 0.972117 27.398 -0.0129937 0.999538 0.0274958 0.988331 -0.972486 -0.00623596 -0.232877 7.18204 
-0.260611 -0.0239646 0.965146 28.1811 -0.00373978 0.999709 0.0238131 0.971616 -0.965437 0.00259652 -0.260625 6.98439 
-0.286843 -0.0134275 0.957884 28.9895 0.00230873 0.999889 0.0147078 0.963548 -0.957975 0.0064303 -0.28678 6.73494 
-0.312137 0.00205744 0.950035 29.7784 0.0066023 0.999978 3.63757e-06 0.953784 -0.950014 0.00627354 -0.312144 6.47612 
-0.337204 0.0191489 0.941237 30.5688 0.00742779 0.999816 -0.0176796 0.928141 -0.941402 0.00102966 -0.337284 6.21849 
-0.362298 0.033975 0.931443 31.3521 0.00771558 0.999411 -0.0334531 0.900167 -0.93203 -0.00493335 -0.362346 5.90994 
-0.386378 0.0447553 0.921254 32.1203 0.0115343 0.998978 -0.0436937 0.866529 -0.922268 -0.00625626 -0.386499 5.58431 
-0.4102 0.0484255 0.910709 32.8434 0.0140662 0.998806 -0.0467742 0.811936 -0.911887 -0.00637649 -0.410391 5.27766 
-0.432642 0.0483632 0.900268 33.5894 0.0180465 0.998825 -0.0449851 0.760098 -0.901385 -0.00321584 -0.433007 4.91527 
-0.45282 0.0438641 0.890522 34.307 0.0211819 0.999036 -0.0384384 0.712889 -0.89135 0.00145728 -0.453313 4.5659 
-0.470319 0.0427737 0.881459 35.0365 0.0291419 0.999033 -0.0329299 0.668022 -0.882015 0.0101998 -0.471111 4.16792 
-0.484491 0.0430084 0.873739 35.7509 0.0294645 0.999026 -0.0328373 0.631 -0.8743 0.00983484 -0.485286 3.7861 
-0.495761 0.0471432 0.867179 36.4276 0.0343007 0.998809 -0.0346896 0.575152 -0.867782 0.0125471 -0.496787 3.42393 
-0.506096 0.0495383 0.861053 37.0973 0.035295 0.998702 -0.0367125 0.527653 -0.861754 0.0118108 -0.507188 3.06453 
-0.51703 0.048787 0.854576 37.7636 0.0294132 0.998797 -0.039225 0.47942 -0.855462 0.00485531 -0.517843 2.6885 
-0.527838 0.0475442 0.848013 38.4388 0.0291942 0.998858 -0.0378297 0.432848 -0.848843 0.00478911 -0.528623 2.27823 
-0.53676 0.0488603 0.842319 39.0976 0.0309596 0.99879 -0.038208 0.393957 -0.843167 0.00556933 -0.537623 1.88204 
-0.544494 0.0518338 0.837162 39.7644 0.0343873 0.998629 -0.0394655 0.347271 -0.83806 0.00729901 -0.54553 1.48431 
-0.548005 0.0547533 0.834681 40.4581 0.0356547 0.998478 -0.042089 0.297846 -0.835715 0.00669526 -0.549123 1.04362 
-0.547446 0.0568814 0.834906 41.1609 0.0359094 0.998365 -0.044472 0.248995 -0.83607 0.00563497 -0.548593 0.593935 
-0.544668 0.057258 0.836695 41.8816 0.038172 0.998325 -0.0434699 0.208299 -0.837782 0.00826166 -0.545942 0.164398 
-0.539472 0.0558268 0.840151 42.5867 0.0359892 0.998417 -0.0432341 0.158112 -0.841234 0.00691275 -0.540627 -0.242629 
-0.532372 0.0545847 0.844749 43.3534 0.0335064 0.998496 -0.0434031 0.116048 -0.845847 0.00519795 -0.5334 -0.708996 
-0.525256 0.0542712 0.849212 44.1232 0.0331787 0.998511 -0.0432908 0.0616231 -0.850297 0.00543707 -0.526274 -1.15818 
-0.518962 0.0528746 0.85316 44.9261 0.0302806 0.998596 -0.0434688 0.0113569 -0.854261 0.00327553 -0.519835 -1.62577 
-0.515153 0.0503114 0.855621 45.7289 0.0251487 0.998733 -0.043585 -0.0335701 -0.856729 -0.000935245 -0.515765 -2.06816 
-0.514453 0.0471896 0.856219 46.5361 0.0207359 0.998877 -0.042593 -0.0963206 -0.857268 -0.00415762 -0.514854 -2.49358 
-0.515645 0.0442917 0.855657 47.3205 0.0180233 0.999003 -0.0408503 -0.163804 -0.856613 -0.00564252 -0.515929 -2.90451 
-0.517344 0.0430491 0.854694 48.1315 0.0162583 0.999048 -0.0404788 -0.210433 -0.855623 -0.00704558 -0.517552 -3.3442 
-0.518585 0.0421505 0.853987 48.9691 0.0166308 0.999092 -0.0392134 -0.267145 -0.854864 -0.00613297 -0.518815 -3.79486 
-0.519343 0.0416626 0.85355 49.8248 0.0160713 0.99911 -0.0389889 -0.320238 -0.854415 -0.00653098 -0.51955 -4.29059 
-0.520205 0.0407913 0.853067 50.7056 0.0162809 0.999151 -0.0378484 -0.366599 -0.853886 -0.00580028 -0.520427 -4.78115 
-0.520886 0.0403599 0.852672 51.6111 0.0153819 0.999163 -0.0378972 -0.421298 -0.853488 -0.00662444 -0.521071 -5.28824 
-0.521569 0.0386649 0.852333 52.4964 0.0133849 0.999221 -0.0371376 -0.472568 -0.853104 -0.00796145 -0.52168 -5.79734 
-0.521688 0.0378408 0.852297 53.3824 0.0123949 0.999247 -0.0367783 -0.52832 -0.853046 -0.00862267 -0.521764 -6.31796 
-0.521497 0.0366579 0.852466 54.2319 0.0112612 0.999285 -0.0360824 -0.593191 -0.853179 -0.00921711 -0.521537 -6.79583 
-0.521144 0.0347209 0.852762 55.0969 0.00999909 0.999352 -0.0345787 -0.649494 -0.85341 -0.00949362 -0.521153 -7.27227 
-0.519179 0.0327032 0.85404 55.9654 0.0106381 0.999438 -0.0318038 -0.707942 -0.8546 -0.00742648 -0.519235 -7.77912 
-0.517712 0.0312287 0.854985 56.833 0.0102437 0.999488 -0.030304 -0.756263 -0.855494 -0.00693055 -0.517767 -8.25192 
-0.516531 0.0308803 0.855712 57.7275 0.010296 0.999501 -0.0298543 -0.812462 -0.856207 -0.00661026 -0.516591 -8.72513 
-0.51519 0.0312021 0.856508 58.616 0.00990622 0.999487 -0.0304522 -0.856876 -0.857019 -0.00720391 -0.515235 -9.22127 
-0.515138 0.0319244 0.856513 59.5387 0.00990992 0.999461 -0.0312923 -0.903637 -0.85705 -0.00763186 -0.515176 -9.70627 
-0.516951 0.0331175 0.855374 60.4157 0.00843624 0.9994 -0.0335952 -0.955329 -0.855974 -0.0101509 -0.51692 -10.1845 
-0.520709 0.0345243 0.853036 61.2858 0.00644114 0.999312 -0.0365126 -1.01426 -0.85371 -0.0135179 -0.520573 -10.6672 
-0.525818 0.0350646 0.849874 62.1631 0.00530031 0.999266 -0.0379489 -1.06955 -0.850581 -0.0154496 -0.525618 -11.1689 
-0.531489 0.0338387 0.846389 63.033 0.00673691 0.999339 -0.0357232 -1.11994 -0.847039 -0.0132844 -0.531365 -11.6873 
-0.537557 0.0316566 0.842633 63.9016 0.00785453 0.99944 -0.0325368 -1.17157 -0.843191 -0.0108719 -0.537505 -12.2029 
-0.542868 0.0294567 0.839301 64.7565 0.00495395 0.99948 -0.0318741 -1.21709 -0.839803 -0.0131456 -0.542732 -12.7343 
-0.548117 0.032364 0.835775 65.6023 0.00671051 0.999389 -0.0342988 -1.27537 -0.836375 -0.0131913 -0.547999 -13.2633 
-0.553339 0.0337789 0.832271 66.4195 0.00675179 0.999326 -0.0360701 -1.32786 -0.832929 -0.0143397 -0.553194 -13.7886 
-0.557866 0.0344459 0.829216 67.2374 0.00498251 0.999259 -0.0381575 -1.38067 -0.829916 -0.0171552 -0.557624 -14.3139 
-0.561778 0.0346027 0.826564 68.0537 0.00379522 0.999222 -0.0392513 -1.43376 -0.82728 -0.0189135 -0.561472 -14.8437 
-0.564428 0.0342864 0.82477 68.862 0.00503322 0.999261 -0.0380956 -1.48504 -0.825467 -0.017351 -0.564183 -15.3913 
-0.567073 0.0273368 0.823214 69.6804 0.00561887 0.999554 -0.0293221 -1.53509 -0.823648 -0.0120022 -0.566974 -15.9305 
-0.568746 0.0187967 0.822299 70.4863 0.00569411 0.999805 -0.0189159 -1.58836 -0.822494 -0.00607609 -0.568742 -16.4781 
-0.570568 0.0175389 0.821063 71.2817 0.00624462 0.999836 -0.0170182 -1.6213 -0.821226 -0.00458281 -0.570584 -16.9983 
-0.571639 0.0217964 0.820216 72.0695 0.00594665 0.999731 -0.0224223 -1.65639 -0.820484 -0.00793996 -0.571615 -17.5275 
-0.57283 0.0281005 0.819193 72.8587 0.00748347 0.99955 -0.0290543 -1.69527 -0.81964 -0.0105128 -0.572782 -18.0642 
-0.57284 0.0321935 0.819035 73.6546 0.0125676 0.999456 -0.0304954 -1.73014 -0.819571 -0.00717566 -0.572933 -18.624 
-0.572515 0.0335944 0.819205 74.4428 0.0162399 0.999429 -0.0296356 -1.77738 -0.819733 -0.00366301 -0.572734 -19.1721 
-0.572281 0.0303088 0.819497 75.2302 0.0146603 0.999535 -0.0267297 -1.82092 -0.819926 -0.00328282 -0.57246 -19.6968 
-0.571505 0.025321 0.820208 76.0129 0.0129751 0.999678 -0.0218206 -1.85698 -0.820496 -0.00182827 -0.57165 -20.2258 
-0.571211 0.0187194 0.82059 76.8039 0.00985977 0.999824 -0.0159447 -1.89469 -0.820744 -0.00101695 -0.571295 -20.7397 
-0.570927 0.0131893 0.820895 77.5995 0.00133376 0.999885 -0.0151375 -1.92562 -0.821 -0.00754754 -0.570879 -21.2538 
-0.569412 0.00778431 0.822015 78.3923 -0.00657544 0.99988 -0.0140234 -1.95144 -0.822026 -0.0133902 -0.569293 -21.7659 
-0.567319 0.00872681 0.823452 79.1773 -0.00276449 0.999918 -0.0125016 -1.98483 -0.823493 -0.00936881 -0.567249 -22.2913 
-0.564448 0.0118808 0.825383 79.958 0.000767612 0.999904 -0.0138679 -2.01741 -0.825468 -0.00719414 -0.564402 -22.8094 
-0.55918 0.0150875 0.828909 80.7384 0.00247374 0.99986 -0.0165303 -2.03949 -0.829043 -0.00719291 -0.559139 -23.3158 
-0.551646 0.0174631 0.833895 81.5284 0.00764107 0.999845 -0.0158836 -2.0702 -0.834043 -0.00239026 -0.551694 -23.8222 
-0.54381 0.0212941 0.838938 82.3239 0.0151334 0.999764 -0.0155665 -2.1023 -0.839072 0.00423079 -0.544005 -24.3278 
-0.534516 0.0203341 0.844914 83.1233 0.0116897 0.999793 -0.0166663 -2.12513 -0.845078 0.000968371 -0.534643 -24.8086 
-0.523091 0.0182563 0.852082 83.9307 0.0102707 0.999833 -0.0151168 -2.15384 -0.852215 0.000844058 -0.523191 -25.2911 
-0.511605 0.014991 0.85909 84.7354 0.0109349 0.99988 -0.0109358 -2.18801 -0.859151 0.00379923 -0.511708 -25.7535 
-0.500915 0.0146367 0.865373 85.552 0.0101245 0.999888 -0.0110513 -2.21294 -0.865438 0.00322569 -0.501006 -26.2018 
-0.48911 0.0135993 0.872116 86.3593 0.0106996 0.999897 -0.00959113 -2.23991 -0.872156 0.00464013 -0.489205 -26.6384 
-0.47753 0.0149299 0.878489 87.1759 0.0121466 0.999872 -0.0103902 -2.26537 -0.878532 0.005709 -0.47765 -27.0603 
-0.465575 0.018737 0.88481 88.0018 0.0117169 0.999819 -0.0150072 -2.29899 -0.884931 0.00338026 -0.46571 -27.4803 
-0.454281 0.0281268 0.890414 88.8153 0.0148206 0.999602 -0.0240145 -2.32984 -0.890735 0.00228711 -0.454517 -27.8794 
-0.442618 0.0325629 0.896119 89.6453 0.0139308 0.99947 -0.0294376 -2.36009 -0.896602 -0.000545953 -0.442837 -28.2591 
-0.431408 0.028986 0.901691 90.4917 0.0123473 0.99958 -0.0262253 -2.40373 -0.902072 -0.000180336 -0.431585 -28.6443 
-0.419513 0.0253505 0.907395 91.3301 0.0112021 0.999678 -0.0227496 -2.44295 -0.90768 0.000620946 -0.419662 -29.0173 
-0.41002 0.0261165 0.911703 92.1695 0.00819359 0.999655 -0.024951 -2.48326 -0.91204 -0.00276029 -0.410092 -29.3715 
-0.403431 0.0299766 0.914519 93.0036 0.0026148 0.999497 -0.0316086 -2.52725 -0.915007 -0.0103606 -0.403306 -29.7144 
-0.39922 0.0352402 0.916178 93.832 -0.00249549 0.999216 -0.0395216 -2.5655 -0.916852 -0.0180641 -0.398819 -30.0384 
-0.396199 0.0364927 0.917439 94.6632 -0.00638424 0.999076 -0.042497 -2.62047 -0.918143 -0.0226944 -0.3956 -30.3647 
-0.392586 0.0361308 0.919005 95.4999 -0.00840233 0.999045 -0.0428669 -2.67276 -0.919677 -0.0245508 -0.391908 -30.6999 
-0.387767 0.035745 0.921064 96.334 -0.0100117 0.999026 -0.0429854 -2.73121 -0.921703 -0.0258897 -0.387031 -31.027 
-0.381753 0.0311379 0.92374 97.1807 -0.0132273 0.999146 -0.0391461 -2.78313 -0.92417 -0.0271627 -0.381015 -31.3576 
-0.377044 0.027824 0.925777 98.0224 -0.0134936 0.999278 -0.0355286 -2.82964 -0.926097 -0.0258879 -0.376396 -31.6705 
-0.371468 0.0247064 0.928117 98.8678 -0.0165738 0.99931 -0.033235 -2.87765 -0.928298 -0.0277281 -0.370802 -31.9811 
-0.365449 0.0227168 0.930554 99.7185 -0.0250815 0.999099 -0.0342401 -2.92469 -0.930493 -0.0358527 -0.36455 -32.2884 
-0.359759 0.0226621 0.93277 100.556 -0.0322842 0.998804 -0.036718 -2.97175 -0.932487 -0.0433233 -0.358597 -32.5753 
-0.353251 0.0267918 0.935145 101.393 -0.0311689 0.998698 -0.0403866 -3.01819 -0.935009 -0.043414 -0.351956 -32.871 
-0.346242 0.0300856 0.937663 102.235 -0.0289414 0.998667 -0.0427299 -3.06727 -0.937699 -0.0419321 -0.34491 -33.1654 
-0.340172 0.0282656 0.939938 103.092 -0.0309048 0.998672 -0.0412165 -3.11264 -0.939855 -0.0430693 -0.338847 -33.4481 
-0.333555 0.0228475 0.942454 103.955 -0.0316643 0.998871 -0.0354218 -3.17071 -0.942199 -0.0416572 -0.332455 -33.7256 
-0.326959 0.0205137 0.944816 104.815 -0.0331886 0.998898 -0.033173 -3.21455 -0.944456 -0.0422033 -0.325918 -33.9967 
-0.320895 0.0233007 0.946828 105.669 -0.0355578 0.998696 -0.0366281 -3.26127 -0.946447 -0.0454209 -0.319648 -34.2607 
-0.314711 0.0261633 0.948827 106.528 -0.03512 0.998615 -0.0391849 -3.30608 -0.948538 -0.0456547 -0.313356 -34.5237 
-0.30826 0.0261694 0.950942 107.383 -0.0386788 0.99845 -0.0400149 -3.35737 -0.950516 -0.0491163 -0.30677 -34.7711 
-0.301811 0.0252425 0.953034 108.223 -0.0393907 0.998466 -0.0389202 -3.41376 -0.952554 -0.0492872 -0.300353 -35.0185 
-0.293568 0.0248861 0.955614 109.06 -0.0354081 0.998692 -0.0368854 -3.46475 -0.955282 -0.0446649 -0.292303 -35.2665 
-0.286514 0.0263437 0.957714 109.921 -0.0317388 0.998812 -0.0369693 -3.50833 -0.95755 -0.0409889 -0.285338 -35.4995 
-0.280655 0.0259281 0.959458 110.784 -0.0333715 0.998767 -0.0367519 -3.56233 -0.959228 -0.0423331 -0.279444 -35.716 
-0.274066 0.0247762 0.961392 111.655 -0.0393413 0.998543 -0.0369487 -3.60571 -0.960906 -0.0479488 -0.272692 -35.9355 
-0.268313 0.0225344 0.963068 112.52 -0.0439377 0.9984 -0.0356022 -3.65594 -0.962329 -0.0518675 -0.266893 -36.1442 
-0.263839 0.0224493 0.964305 113.379 -0.041257 0.998552 -0.0345347 -3.70475 -0.963684 -0.0488959 -0.262531 -36.3619 
-0.259624 0.0228826 0.965439 114.248 -0.039863 0.998613 -0.0343887 -3.7477 -0.964887 -0.0474134 -0.258351 -36.5733 
-0.255143 0.0240424 0.966604 115.115 -0.0392649 0.998609 -0.0352027 -3.79068 -0.966106 -0.0469354 -0.253844 -36.7793 
-0.248964 0.0231261 0.968237 115.99 -0.0329371 0.998934 -0.0323284 -3.83687 -0.967953 -0.0399395 -0.247937 -36.9974 
-0.243786 0.0220404 0.969579 116.858 -0.0257341 0.999243 -0.0291851 -3.87852 -0.969488 -0.0320661 -0.243034 -37.2076 
-0.239041 0.0215425 0.970771 117.731 -0.0238875 0.999321 -0.028058 -3.91681 -0.970716 -0.0298963 -0.238364 -37.4065 
-0.235108 0.0235198 0.971685 118.605 -0.025613 0.99921 -0.0303833 -3.95291 -0.971632 -0.0320311 -0.23432 -37.5953 
-0.231896 0.0254256 0.972408 119.482 -0.0274728 0.999088 -0.0326748 -3.98812 -0.972352 -0.034292 -0.230987 -37.7802 
-0.230114 0.0247302 0.972849 120.348 -0.0299169 0.999025 -0.032472 -4.03172 -0.972704 -0.0365769 -0.22915 -37.9654 
-0.228685 0.0236765 0.973212 121.211 -0.0297946 0.999066 -0.0313066 -4.07522 -0.973044 -0.0361559 -0.227766 -38.1495 
-0.227609 0.0192991 0.973561 122.081 -0.0284376 0.999245 -0.0264566 -4.11468 -0.973337 -0.0337075 -0.226889 -38.3404 
-0.226346 0.0143832 0.973941 122.948 -0.02913 0.999344 -0.0215282 -4.15128 -0.973611 -0.0332437 -0.225778 -38.525 
-0.225396 0.0123185 0.974189 123.81 -0.0288791 0.999396 -0.0193189 -4.19 -0.973839 -0.0324882 -0.224904 -38.7094 
-0.224466 0.0166913 0.974339 124.658 -0.0288837 0.9993 -0.0237731 -4.22758 -0.974054 -0.0334787 -0.223827 -38.8838 
-0.224144 0.0205145 0.97434 125.503 -0.028251 0.999222 -0.0275374 -4.26403 -0.974146 -0.0336984 -0.22339 -39.0623 
-0.223977 0.0200345 0.974389 126.357 -0.0307714 0.999145 -0.0276167 -4.29972 -0.974109 -0.0361688 -0.223169 -39.2396 
-0.223224 0.018737 0.974587 127.192 -0.032708 0.999108 -0.0267 -4.34447 -0.974218 -0.0378369 -0.222412 -39.4088 
-0.222081 0.0199435 0.974824 128.044 -0.0284524 0.999233 -0.0269247 -4.3769 -0.974613 -0.0337156 -0.221343 -39.6001 
-0.220859 0.0221372 0.975055 128.872 -0.029435 0.999136 -0.0293511 -4.42161 -0.974862 -0.0351832 -0.220016 -39.7741 
-0.221092 0.0227209 0.974988 129.704 -0.037647 0.998785 -0.0318124 -4.4647 -0.974526 -0.0437389 -0.219968 -39.9329 
-0.220123 0.024555 0.975163 130.54 -0.0435809 0.998437 -0.0349785 -4.5018 -0.974498 -0.0501981 -0.218709 -40.1034 
-0.220202 0.0282901 0.975044 131.356 -0.0406304 0.998446 -0.0381449 -4.54442 -0.974608 -0.048016 -0.21871 -40.2682 
-0.218787 0.0291444 0.975337 132.191 -0.0389487 0.998496 -0.0385733 -4.59415 -0.974995 -0.0464275 -0.217323 -40.4487 
-0.217377 0.0304148 0.975614 133.005 -0.0407777 0.998359 -0.0402095 -4.63457 -0.975236 -0.0485239 -0.21578 -40.6107 
-0.215041 0.0302544 0.976136 133.825 -0.031754 0.998775 -0.0379513 -4.67874 -0.976089 -0.0391573 -0.213817 -40.7891 
-0.211648 0.0272273 0.976967 134.63 -0.0257919 0.999108 -0.0334318 -4.72038 -0.977006 -0.0322736 -0.210757 -40.9592 
-0.209963 0.0223333 0.977454 135.443 -0.023398 0.999338 -0.0278593 -4.76391 -0.977429 -0.0287199 -0.209301 -41.1203 
-0.207241 0.020991 0.978065 136.21 -0.022711 0.999397 -0.026261 -4.82279 -0.978026 -0.0276552 -0.20664 -41.2529 
-0.202158 0.0260784 0.979006 137.026 -0.0214396 0.999288 -0.0310458 -4.86745 -0.979118 -0.0272656 -0.201455 -41.4122 
-0.195817 0.0295422 0.980195 137.813 -0.0201501 0.999214 -0.0341408 -4.89894 -0.980433 -0.0264364 -0.195068 -41.5529 
-0.187118 0.0300111 0.981879 138.62 -0.019978 0.99921 -0.0343481 -4.939 -0.982134 -0.0260431 -0.186371 -41.698 
-0.177662 0.0260464 0.983747 139.428 -0.0175144 0.999408 -0.0296241 -4.97755 -0.983936 -0.0224928 -0.1771 -41.8299 
-0.165727 0.0247572 0.985861 140.216 -0.0145675 0.999514 -0.0275489 -5.01658 -0.986064 -0.0189272 -0.165286 -41.9502 
-0.151667 0.0270834 0.988061 140.999 -0.00936808 0.99954 -0.028836 -5.05692 -0.988387 -0.0136297 -0.151344 -42.0665 
-0.137984 0.0288357 0.990015 141.801 -0.0107389 0.999474 -0.0306079 -5.08314 -0.990376 -0.014855 -0.137601 -42.1563 
-0.124416 0.028818 0.991812 142.583 -0.00944156 0.999499 -0.0302257 -5.11932 -0.992185 -0.0131248 -0.124081 -42.2329 
-0.111052 0.0303922 0.99335 143.363 -0.00943264 0.999455 -0.0316335 -5.15807 -0.99377 -0.0128829 -0.110704 -42.3053 
-0.0975848 0.0365615 0.994555 144.133 -0.0110409 0.999224 -0.0378164 -5.20757 -0.995166 -0.0146711 -0.0971054 -42.3588 
-0.084484 0.0452701 0.995396 144.918 -0.0177987 0.99874 -0.0469328 -5.24985 -0.996266 -0.0216819 -0.0835718 -42.4073 
-0.0706038 0.0531466 0.996088 145.675 -0.021241 0.998273 -0.0547688 -5.30041 -0.997278 -0.0250248 -0.069353 -42.4342 
-0.0578827 0.0540055 0.996862 146.459 -0.0229047 0.998201 -0.055408 -5.34409 -0.998061 -0.0260399 -0.0565416 -42.4524 
-0.0463253 0.0502524 0.997662 147.238 -0.0270939 0.998303 -0.0515427 -5.39615 -0.998559 -0.0294182 -0.0448852 -42.4638 
-0.0364645 0.0476589 0.998198 147.996 -0.0320985 0.998291 -0.0488359 -5.44896 -0.998819 -0.0338215 -0.0348724 -42.4543 
-0.0280615 0.0539351 0.99815 148.741 -0.0360082 0.997841 -0.0549306 -5.50676 -0.998957 -0.0374831 -0.0260588 -42.4446 
-0.0208335 0.0617741 0.997873 149.492 -0.0389827 0.99728 -0.0625512 -5.55675 -0.999023 -0.0402029 -0.0183687 -42.4443 
-0.0179405 0.0649003 0.997731 150.24 -0.0422308 0.996951 -0.065609 -5.60155 -0.998947 -0.043312 -0.015145 -42.434 
-0.0178811 0.0603215 0.998019 150.996 -0.0435768 0.997183 -0.0610517 -5.65676 -0.99889 -0.0445822 -0.0152021 -42.4295 
-0.0199425 0.0560094 0.998231 151.747 -0.0455485 0.997342 -0.0568694 -5.71566 -0.998763 -0.046602 -0.0173383 -42.4239 
-0.0227725 0.0528348 0.998344 152.495 -0.0431505 0.99762 -0.0537807 -5.77152 -0.998809 -0.0443038 -0.0204385 -42.4265 
-0.0257456 0.0527686 0.998275 153.243 -0.0418056 0.997675 -0.053815 -5.8209 -0.998794 -0.043119 -0.0234797 -42.4332 
-0.0293067 0.0525129 0.99819 153.986 -0.0405813 0.997733 -0.0536803 -5.87748 -0.998746 -0.0420811 -0.0271092 -42.443 
-0.0331337 0.0514167 0.998128 154.733 -0.0406925 0.997778 -0.0527495 -5.92306 -0.998622 -0.0423641 -0.0309678 -42.4607 
-0.0387263 0.0517555 0.997909 155.469 -0.0419334 0.997694 -0.0533717 -5.96768 -0.99837 -0.0439126 -0.0364667 -42.4748 
-0.0445297 0.0497262 0.99777 156.198 -0.0432359 0.997729 -0.0516537 -6.01755 -0.998072 -0.0454396 -0.0422786 -42.4913 
-0.050299 0.0474001 0.997609 156.938 -0.0409234 0.997936 -0.0494789 -6.07031 -0.997895 -0.0433143 -0.0482554 -42.5201 
-0.0558064 0.0473235 0.99732 157.657 -0.0411939 0.997917 -0.0496568 -6.11451 -0.997591 -0.0438547 -0.0537406 -42.547 
-0.061589 0.0483766 0.996929 158.372 -0.0437855 0.997732 -0.0511206 -6.16482 -0.997141 -0.0467995 -0.0593311 -42.5714 
-0.0655213 0.050594 0.996568 159.088 -0.0434006 0.997624 -0.0535011 -6.21751 -0.996907 -0.0467571 -0.0631698 -42.6069 
-0.0678938 0.0530458 0.996281 159.811 -0.0433426 0.997486 -0.0560636 -6.26572 -0.996751 -0.0469878 -0.065424 -42.6427 
-0.0692677 0.0547059 0.996097 160.534 -0.0392375 0.997573 -0.0575155 -6.31058 -0.996826 -0.0430684 -0.0669531 -42.6843 
-0.0683149 0.0532406 0.996242 161.243 -0.0357704 0.997802 -0.0557768 -6.35923 -0.997022 -0.0394464 -0.0662603 -42.7272 
-0.064561 0.0493523 0.996693 161.942 -0.033481 0.998107 -0.051591 -6.41374 -0.997352 -0.036701 -0.0627864 -42.7559 
-0.0572418 0.0496533 0.997125 162.644 -0.0331087 0.998119 -0.0516035 -6.46234 -0.997811 -0.0359674 -0.0554901 -42.7815 
-0.0460535 0.0501539 0.997679 163.34 -0.0296111 0.998231 -0.0515485 -6.51199 -0.9985 -0.0319164 -0.044487 -42.7989 
-0.0317089 0.0505544 0.998218 164.016 -0.0286842 0.998263 -0.0514678 -6.55625 -0.999086 -0.0302651 -0.0302037 -42.8088 
-0.0168211 0.0482852 0.998692 164.699 -0.0294669 0.998376 -0.0487662 -6.59764 -0.999424 -0.0302486 -0.015371 -42.7954 
-0.0010161 0.0432178 0.999065 165.381 -0.0344216 0.998472 -0.0432271 -6.6424 -0.999407 -0.0344333 0.000473074 -42.7672 
0.0153293 0.0368297 0.999204 166.068 -0.035755 0.998702 -0.0362626 -6.68123 -0.999243 -0.0351707 0.0166263 -42.7342 
0.0327765 0.0295358 0.999026 166.749 -0.0358655 0.998954 -0.028357 -6.71501 -0.998819 -0.0349011 0.0338016 -42.697 
0.0502619 0.0217258 0.9985 167.421 -0.0363015 0.999143 -0.0199125 -6.74944 -0.998076 -0.0352462 0.0510075 -42.6428 
0.0675132 0.0157233 0.997595 168.092 -0.0375979 0.999206 -0.0132041 -6.77646 -0.99701 -0.036616 0.0680507 -42.5737 
0.0854633 0.0133855 0.996251 168.745 -0.0379481 0.999228 -0.01017 -6.80025 -0.995618 -0.0369367 0.0859053 -42.4973 
0.103263 0.0117802 0.994584 169.383 -0.0374338 0.999268 -0.00794903 -6.82294 -0.99395 -0.0364102 0.103628 -42.4111 
0.120387 0.0114231 0.992661 170.023 -0.037546 0.999271 -0.00694563 -6.8304 -0.992017 -0.0364343 0.120728 -42.3042 
0.136821 0.0102696 0.990543 170.661 -0.0421584 0.999101 -0.004535 -6.84257 -0.989698 -0.0411392 0.137131 -42.1919 
0.150988 0.00655201 0.988514 171.279 -0.0436282 0.999048 4.20953e-05 -6.85346 -0.987572 -0.0431334 0.15113 -42.0728 
0.16352 0.00245465 0.986537 171.911 -0.0391049 0.999227 0.00399553 -6.86558 -0.985765 -0.0392318 0.16349 -41.9585 
0.174103 0.00170093 0.984726 172.501 -0.0381869 0.999258 0.00502561 -6.87244 -0.983987 -0.0384786 0.174039 -41.8359 
0.183756 0.00536375 0.982957 173.094 -0.0413521 0.999142 0.00227842 -6.87941 -0.982102 -0.0410661 0.18382 -41.6973 
0.192923 0.0124381 0.981135 173.698 -0.0453754 0.998963 -0.0037418 -6.89151 -0.980164 -0.0437975 0.193287 -41.5508 
0.201927 0.0226025 0.97914 174.29 -0.0455807 0.998867 -0.0136578 -6.90324 -0.978339 -0.041872 0.202729 -41.4116 
0.210182 0.0283937 0.97725 174.891 -0.0401903 0.998984 -0.0203813 -6.91288 -0.976836 -0.0349922 0.211109 -41.2704 
0.216812 0.0265078 0.975853 175.488 -0.0394242 0.999054 -0.0183788 -6.92545 -0.975417 -0.0344875 0.217652 -41.1297 
0.222876 0.0189611 0.974662 176.104 -0.0415771 0.999086 -0.0099288 -6.93484 -0.97396 -0.0383108 0.223461 -40.9696 
0.22731 0.00818503 0.973788 176.716 -0.0462067 0.998929 0.00238969 -6.95306 -0.972726 -0.0455387 0.227445 -40.8051 
0.228985 0.000109127 0.97343 177.323 -0.0461602 0.998876 0.0107466 -6.96296 -0.972335 -0.0473945 0.228732 -40.6393 
0.229955 -0.00075207 0.973201 177.923 -0.0425571 0.999035 0.0108278 -6.97548 -0.97227 -0.0439065 0.229701 -40.4918 
0.231233 0.00177229 0.972897 178.535 -0.0395135 0.99919 0.00757123 -6.97123 -0.972096 -0.0401933 0.231116 -40.3476 
0.233187 0.00142904 0.972431 179.145 -0.0362547 0.999317 0.00722532 -6.97203 -0.971756 -0.0369401 0.23308 -40.1958 
0.234877 -0.000588407 0.972025 179.753 -0.0383138 0.999217 0.00986297 -6.96864 -0.97127 -0.0395586 0.234671 -40.0318 
0.237657 -0.00428325 0.97134 180.371 -0.0386494 0.999157 0.0138623 -6.9689 -0.97058 -0.0408362 0.237291 -39.8616 
0.240757 -0.00926536 0.970541 180.996 -0.0372746 0.999129 0.0187848 -6.96781 -0.969869 -0.0406991 0.240202 -39.6946 
0.245686 -0.0121563 0.969273 181.621 -0.0354643 0.999139 0.0215202 -6.96587 -0.968701 -0.0396618 0.245044 -39.531 
0.252157 -0.0143267 0.96758 182.241 -0.0334385 0.999164 0.0235087 -6.95787 -0.967109 -0.0382823 0.251467 -39.3576 
0.260472 -0.0177452 0.965318 182.887 -0.0313418 0.999149 0.0268241 -6.95499 -0.964973 -0.0372417 0.259694 -39.1833 
0.270599 -0.0196631 0.962491 183.517 -0.0288044 0.999178 0.0285108 -6.95146 -0.962261 -0.035439 0.26981 -38.9978 
0.281502 -0.0180156 0.959392 184.15 -0.0296888 0.999182 0.027474 -6.95052 -0.959101 -0.0362171 0.280737 -38.7841 
0.293123 -0.014149 0.95597 184.769 -0.0307771 0.999233 0.0242264 -6.94167 -0.955579 -0.0365232 0.292462 -38.5757 
0.304998 -0.0111012 0.952288 185.392 -0.0315388 0.999266 0.0217501 -6.9349 -0.951831 -0.0366678 0.304424 -38.3573 
0.316432 -0.0109043 0.948553 186.017 -0.029906 0.999322 0.0214644 -6.92501 -0.948144 -0.0351594 0.315891 -38.1273 
0.327755 -0.0144497 0.944652 186.645 -0.0287507 0.999267 0.0252605 -6.9226 -0.944325 -0.0354387 0.3271 -37.8897 
0.338701 -0.0159461 0.940759 187.285 -0.0296492 0.999179 0.027611 -6.91595 -0.940427 -0.0372446 0.33795 -37.6284 
0.349828 -0.0165342 0.936668 187.922 -0.0310729 0.999089 0.0292413 -6.9055 -0.936299 -0.0393344 0.348996 -37.3617 
0.359161 -0.0176143 0.93311 188.564 -0.0345364 0.998886 0.0321494 -6.88649 -0.932637 -0.043773 0.358152 -37.0841 
0.367117 -0.0163942 0.93003 189.226 -0.0383407 0.998728 0.0327398 -6.87543 -0.929384 -0.0476773 0.366022 -36.8247 
0.371652 -0.0196338 0.928165 189.878 -0.038457 0.998593 0.0365224 -6.86566 -0.927575 -0.049268 0.370374 -36.5498 
0.374167 -0.0235114 0.927063 190.539 -0.035178 0.998599 0.0395238 -6.85228 -0.926694 -0.0474008 0.372816 -36.2775 
0.374313 -0.0229738 0.927018 191.192 -0.0306412 0.998841 0.0371262 -6.83858 -0.926796 -0.0423018 0.373175 -36.0079 
0.37375 -0.0227733 0.92725 191.87 -0.0292921 0.99891 0.0363402 -6.82756 -0.927067 -0.0407432 0.372675 -35.7331 
0.373397 -0.0214417 0.927424 192.549 -0.0253225 0.999125 0.0332947 -6.80615 -0.927326 -0.0359168 0.372527 -35.4582 
0.372788 -0.0230852 0.927629 193.236 -0.0224787 0.999172 0.0338993 -6.78275 -0.927644 -0.0334891 0.371961 -35.1674 
0.372251 -0.0290517 0.927677 193.931 -0.0187528 0.999071 0.0388125 -6.76706 -0.927943 -0.0318446 0.371361 -34.8895 
0.370962 -0.0320736 0.928094 194.621 -0.0186591 0.998944 0.0419803 -6.75234 -0.92846 -0.0328905 0.369972 -34.6002 
0.368909 -0.0344439 0.928827 195.314 -0.0172384 0.998888 0.0438887 -6.73259 -0.929306 -0.0322024 0.367905 -34.3118 
0.36757 -0.0345276 0.929355 195.999 -0.0179155 0.998862 0.0441958 -6.71001 -0.929823 -0.0328949 0.366533 -34.0259 
0.366185 -0.0352075 0.929876 196.711 -0.0189907 0.998793 0.0452955 -6.6899 -0.930348 -0.0342455 0.365075 -33.7421 
0.364333 -0.0337614 0.930657 197.406 -0.0200667 0.998826 0.0440901 -6.67129 -0.931053 -0.0347387 0.363227 -33.4572 
0.362863 -0.0298064 0.931366 198.1 -0.0201118 0.999005 0.0398068 -6.6541 -0.931625 -0.0331758 0.361903 -33.1725 
0.362288 -0.024099 0.931755 198.784 -0.0196706 0.999245 0.0334931 -6.63517 -0.931859 -0.0304623 0.361541 -32.8966 
0.361204 -0.0210153 0.93225 199.468 -0.0227236 0.999251 0.0313301 -6.6196 -0.93221 -0.0325006 0.360456 -32.6196 
0.359769 -0.0242338 0.932727 200.162 -0.0225632 0.999144 0.0346625 -6.60751 -0.932769 -0.0335158 0.358915 -32.3373 
0.358377 -0.0279343 0.933159 200.851 -0.0221443 0.999017 0.0384102 -6.58985 -0.933314 -0.0344295 0.357406 -32.0578 
0.356135 -0.0275626 0.934028 201.546 -0.0248733 0.998931 0.0389618 -6.56671 -0.934104 -0.037108 0.355069 -31.7765 
0.351389 -0.0272028 0.935834 202.219 -0.0278206 0.998833 0.0394803 -6.54971 -0.935816 -0.0399084 0.350222 -31.515 
0.344706 -0.0285461 0.938277 202.92 -0.0267154 0.998834 0.0402034 -6.52706 -0.938331 -0.0389247 0.343542 -31.2438 
0.335787 -0.0291983 0.941485 203.62 -0.0262033 0.998843 0.0403228 -6.51498 -0.941574 -0.0382099 0.334633 -30.9857 
0.32545 -0.0278755 0.945148 204.315 -0.0238422 0.999006 0.0376738 -6.50278 -0.945259 -0.0347953 0.324462 -30.7361 
0.314643 -0.0246382 0.94889 205.008 -0.0251275 0.999097 0.0342739 -6.4908 -0.948877 -0.0346273 0.31374 -30.4984 
0.302872 -0.0245547 0.952715 205.718 -0.0276 0.999023 0.0345224 -6.46605 -0.952632 -0.0367508 0.301898 -30.2578 
0.291686 -0.0325041 0.955962 206.437 -0.0225674 0.99891 0.0408503 -6.4497 -0.956248 -0.033489 0.290635 -30.0346 
0.28359 -0.0417657 0.958036 207.198 -0.0172429 0.998668 0.0486412 -6.44026 -0.958791 -0.0303135 0.282492 -29.8333 
0.276437 -0.0480334 0.959831 207.915 -0.0155199 0.998397 0.0544333 -6.4301 -0.960907 -0.0299438 0.275249 -29.6226 
0.272412 -0.0490283 0.960931 208.623 -0.0212972 0.998149 0.0569648 -6.40282 -0.961945 -0.0359831 0.270864 -29.4024 
0.269717 -0.0507316 0.961602 209.335 -0.0201288 0.998096 0.0583028 -6.37287 -0.962729 -0.0350812 0.268182 -29.1953 
0.267672 -0.0517176 0.962121 210.067 -0.0181099 0.998112 0.0586906 -6.33737 -0.96334 -0.0331338 0.26623 -28.9715 
0.266912 -0.0497324 0.962437 210.784 -0.0184147 0.998222 0.0566885 -6.30811 -0.963545 -0.0328538 0.265521 -28.7609 
0.266203 -0.0479707 0.962723 211.509 -0.0219644 0.9982 0.0558119 -6.28016 -0.963667 -0.0360029 0.26467 -28.5378 
0.266882 -0.0486418 0.962501 212.239 -0.0217528 0.998167 0.0564759 -6.24372 -0.963484 -0.0360095 0.265335 -28.3214 
0.26809 -0.0500641 0.962092 212.944 -0.0221894 0.998063 0.0581191 -6.2152 -0.963138 -0.0369294 0.26646 -28.1015 
0.269183 -0.0517227 0.961699 213.691 -0.021011 0.998004 0.0595564 -6.18495 -0.96286 -0.0362378 0.267559 -27.8746 
0.270951 -0.0527876 0.961145 214.422 -0.0175032 0.99806 0.0597494 -6.15537 -0.962434 -0.0330123 0.269502 -27.6608 
0.274236 -0.053876 0.960152 215.151 -0.017151 0.997997 0.0608983 -6.11742 -0.961509 -0.0331681 0.272763 -27.4418 
0.278341 -0.0554416 0.958881 215.892 -0.0186195 0.997834 0.0630987 -6.08561 -0.960302 -0.0354168 0.276706 -27.2107 
0.283159 -0.059549 0.957223 216.623 -0.0199538 0.997489 0.0679566 -6.04949 -0.958865 -0.0383428 0.28126 -26.9653 
0.288227 -0.062678 0.955509 217.366 -0.0215211 0.997179 0.0719033 -6.00526 -0.95732 -0.0412881 0.286066 -26.7265 
0.292652 -0.0628138 0.954154 218.102 -0.0219345 0.997137 0.0723711 -5.96687 -0.955967 -0.0421085 0.290436 -26.4836 
0.297141 -0.0583792 0.953047 218.856 -0.0273698 0.997198 0.0696171 -5.92925 -0.954441 -0.0467708 0.29471 -26.2245 
0.301558 -0.0519713 0.95203 219.591 -0.0330693 0.997342 0.0649197 -5.87994 -0.952874 -0.05106 0.299038 -25.9652 
0.306087 -0.0488306 0.95075 220.325 -0.0368478 0.997328 0.0630858 -5.83751 -0.95129 -0.0543428 0.30347 -25.7012 
0.310098 -0.0494775 0.949416 221.066 -0.0384714 0.997174 0.0645319 -5.80716 -0.949926 -0.0565366 0.307318 -25.4329 
0.31433 -0.046603 0.948169 221.813 -0.0407738 0.99721 0.0625304 -5.76784 -0.948438 -0.0583156 0.311553 -25.1695 
0.318129 -0.0438715 0.947032 222.552 -0.0408867 0.997364 0.059938 -5.73363 -0.947165 -0.057789 0.315497 -24.903 
0.322756 -0.0432512 0.945493 223.297 -0.0420963 0.997311 0.0599917 -5.69671 -0.945546 -0.0591645 0.320068 -24.6309 
0.327178 -0.0448816 0.943896 224.044 -0.0419525 0.997197 0.0619579 -5.66616 -0.944031 -0.0598701 0.324378 -24.3524 
0.331335 -0.0452004 0.94243 224.779 -0.0380909 0.997397 0.0612286 -5.63172 -0.942744 -0.0561852 0.328751 -24.08 
0.335439 -0.0452661 0.940974 225.515 -0.0348657 0.997564 0.0604174 -5.60322 -0.941416 -0.0530741 0.333044 -23.8061 
0.339613 -0.043247 0.939571 226.254 -0.035504 0.997641 0.058753 -5.56938 -0.939895 -0.0533118 0.337276 -23.5224 
0.344184 -0.0434184 0.937898 226.992 -0.0405172 0.997313 0.0610377 -5.53142 -0.938028 -0.0590092 0.3415 -23.2267 
0.34886 -0.0438257 0.93615 227.736 -0.0429375 0.99711 0.0626804 -5.49795 -0.936191 -0.0620626 0.34597 -22.9294 
0.352989 -0.0413135 0.934715 228.474 -0.0403839 0.997421 0.0593358 -5.46971 -0.934756 -0.0586923 0.35041 -22.6391 
0.356856 -0.0345163 0.933522 229.207 -0.0394972 0.997866 0.051994 -5.43779 -0.933324 -0.0554258 0.354731 -22.3457 
0.360054 -0.0278094 0.932517 229.926 -0.046127 0.997802 0.0475664 -5.40218 -0.931791 -0.0601406 0.35798 -22.0375 
0.363353 -0.0291895 0.931194 230.66 -0.0517733 0.997332 0.0514648 -5.37161 -0.930212 -0.0669109 0.360873 -21.7281 
0.365789 -0.0395557 0.929857 231.395 -0.0512797 0.996722 0.0625727 -5.3406 -0.929284 -0.0705712 0.362562 -21.4179 
0.367428 -0.0519338 0.928601 232.14 -0.0474242 0.996095 0.0744734 -5.29843 -0.928842 -0.0714017 0.363531 -21.111 
0.369428 -0.0598631 0.927329 232.876 -0.0487416 0.995301 0.0836686 -5.25339 -0.92798 -0.076109 0.364774 -20.803 
0.371504 -0.0616275 0.926384 233.605 -0.0503624 0.994988 0.086388 -5.20787 -0.927064 -0.0787483 0.366538 -20.4896 
0.374446 -0.0572827 0.925478 234.327 -0.0496712 0.995418 0.0817085 -5.16169 -0.925918 -0.076565 0.369884 -20.1829 
0.378471 -0.0511402 0.9242 235.051 -0.0489984 0.995966 0.0751769 -5.1082 -0.924316 -0.0737366 0.374438 -19.8742 
0.38282 -0.0467423 0.92264 235.769 -0.0489226 0.996292 0.0707725 -5.06215 -0.922527 -0.072231 0.379114 -19.5581 
0.386898 -0.0445611 0.921045 236.498 -0.047222 0.996564 0.0680511 -5.01616 -0.920912 -0.0698224 0.383465 -19.2387 
0.391067 -0.0424661 0.919382 237.216 -0.0462896 0.996763 0.06573 -4.97283 -0.919197 -0.0682626 0.387835 -18.9141 
0.394848 -0.0438898 0.917698 237.929 -0.0452353 0.996718 0.067132 -4.93425 -0.917632 -0.0680192 0.391567 -18.5883 
0.398268 -0.049224 0.915947 238.669 -0.04338 0.996431 0.0724116 -4.89345 -0.916243 -0.068573 0.394711 -18.2569 
0.401365 -0.0555517 0.914232 239.368 -0.0413847 0.99604 0.0786914 -4.85857 -0.914983 -0.0694192 0.397477 -17.9329 
0.403639 -0.0611408 0.912873 240.104 -0.0399604 0.995634 0.0843529 -4.80868 -0.914046 -0.0705268 0.399433 -17.5939 
0.405567 -0.0664493 0.911647 240.826 -0.0380741 0.99526 0.089482 -4.753 -0.913272 -0.0710011 0.401115 -17.2549 
0.407087 -0.0737553 0.910407 241.559 -0.0360172 0.994663 0.0966862 -4.70224 -0.912679 -0.07215 0.402258 -16.9119 
0.408863 -0.0740444 0.909587 242.294 -0.0361958 0.994603 0.0972353 -4.63707 -0.911878 -0.0726792 0.403977 -16.5683 
0.410574 -0.0626396 0.909673 243.009 -0.0451901 0.995014 0.0889123 -4.58594 -0.910707 -0.0776133 0.405696 -16.2136 
0.411191 -0.0490195 0.91023 243.729 -0.0470423 0.996081 0.0748941 -4.5328 -0.910335 -0.0736151 0.407273 -15.8685 
0.412054 -0.0412102 0.910227 244.452 -0.047004 0.996685 0.066403 -4.47898 -0.909946 -0.0701459 0.408751 -15.5285 
0.412012 -0.0437638 0.910127 245.192 -0.0464387 0.996539 0.0689417 -4.4285 -0.909994 -0.0706698 0.408554 -15.1825 
