1 2.12261e-08 -2.11895e-08 0 2.12261e-08 1 2.10703e-08 0 -2.11895e-08 2.10703e-08 1 0 
0.999875 0.00150725 0.0157302 0.0086147 -0.00149259 0.999998 -0.000940996 -0.000952223 -0.0157316 0.000917442 0.999876 0.118896 
0.999295 0.00473103 0.0372426 0.020765 -0.00470967 0.999989 -0.000660229 -0.00146826 -0.0372453 0.000484404 0.999306 0.270079 
0.997898 0.00640143 0.0644917 0.0473109 -0.00645535 0.999979 0.00062839 -0.00466749 -0.0644864 -0.00104335 0.997918 0.435435 
0.995106 0.00623196 0.0986147 0.0889888 -0.00654899 0.999974 0.00289198 -0.00306587 -0.0985942 -0.00352361 0.995122 0.591171 
0.990629 0.00269778 0.136551 0.161174 -0.00334833 0.999984 0.00453507 0.0066873 -0.136536 -0.00494975 0.990623 0.761121 
0.984361 -0.000124071 0.176161 0.235833 -0.000744871 0.999988 0.00486679 0.00527858 -0.176159 -0.00492186 0.984349 0.946977 
0.975514 -4.60019e-05 0.219938 0.313851 -0.00131933 0.999981 0.00606114 0.0102507 -0.219934 -0.00620286 0.975495 1.13415 
0.963499 0.000466232 0.267713 0.417503 -0.0029131 0.999958 0.00874296 0.0119984 -0.267697 -0.00920366 0.963459 1.33334 
0.94903 -0.00320792 0.315168 0.544512 -0.00192098 0.999871 0.0159617 0.0109302 -0.315179 -0.0157535 0.948902 1.52808 
0.931997 -0.0131797 0.362225 0.643507 0.00463122 0.99969 0.0244582 -0.01128 -0.362435 -0.0211174 0.93177 1.68977 
0.910524 -0.0186674 0.413035 0.775603 0.00736651 0.999554 0.0289363 -0.0158985 -0.413391 -0.0233046 0.910256 1.88049 
0.885044 -0.0203288 0.465063 0.911858 0.00573291 0.999446 0.0327778 -0.0172522 -0.465472 -0.0263436 0.88467 2.07419 
0.856274 -0.022305 0.51604 1.07632 0.00360955 0.999301 0.0372038 -0.0122958 -0.516509 -0.029994 0.855756 2.28018 
0.823684 -0.0272067 0.566397 1.24574 0.00444105 0.999127 0.0415345 -0.0149061 -0.567032 -0.0316958 0.823085 2.45949 
0.787202 -0.0327037 0.615828 1.43919 0.00625902 0.998965 0.0450497 -0.0208825 -0.616664 -0.0316087 0.786592 2.63884 
0.748359 -0.0367675 0.662275 1.64806 0.00691984 0.998841 0.0476334 -0.016936 -0.663258 -0.031064 0.747746 2.83252 
0.707982 -0.0398255 0.705107 1.89235 0.00761893 0.998781 0.0487628 -0.0164702 -0.70619 -0.029151 0.707422 3.02052 
0.66497 -0.0416642 0.745707 2.1368 0.00655067 0.99873 0.0499597 -0.00553316 -0.746841 -0.0283368 0.664398 3.2263 
0.621549 -0.0415624 0.782272 2.42923 0.0013274 0.998646 0.0520038 0.00824496 -0.783374 -0.0312845 0.620763 3.44284 
0.579074 -0.0425053 0.814166 2.75357 -0.00177176 0.998572 0.0533928 0.0176503 -0.815273 -0.0323609 0.578172 3.64894 
0.538292 -0.043544 0.841633 3.10134 -0.00324372 0.99855 0.0537372 0.0419831 -0.842752 -0.0316563 0.537371 3.84703 
0.499382 -0.0461176 0.865154 3.48007 -0.00509432 0.998409 0.0561614 0.0416926 -0.866367 -0.0324534 0.498352 4.03746 
0.461461 -0.0456623 0.885984 3.88267 -0.00853225 0.9984 0.0559001 0.0627355 -0.887119 -0.0333551 0.460333 4.23352 
0.424645 -0.0450026 0.904241 4.32422 -0.0096817 0.998481 0.0542394 0.0787172 -0.905308 -0.0317871 0.423564 4.4236 
0.390624 -0.0435603 0.919519 4.79041 -0.00832877 0.998672 0.0508482 0.0988929 -0.920513 -0.027521 0.389743 4.61116 
0.360576 -0.041795 0.931793 5.28631 -0.00657066 0.998857 0.0473458 0.123223 -0.932707 -0.0231943 0.35989 4.79048 
0.334876 -0.0398276 0.94142 5.82009 -0.0052672 0.999012 0.0441377 0.148947 -0.942248 -0.0197393 0.334335 4.97227 
0.314835 -0.0393604 0.94833 6.38593 -0.00382892 0.999079 0.0427379 0.171281 -0.949139 -0.0170864 0.314394 5.14694 
0.300636 -0.0394792 0.952922 6.98182 -0.00280199 0.999102 0.0422764 0.206536 -0.953735 -0.0153799 0.300255 5.31471 
0.288838 -0.0411008 0.956495 7.60276 -0.00189506 0.999052 0.0435017 0.224387 -0.957376 -0.0143776 0.288486 5.51167 
0.277952 -0.0427677 0.959642 8.25314 -0.00323473 0.998961 0.0454569 0.253874 -0.96059 -0.015739 0.277525 5.70679 
0.267211 -0.0445273 0.962609 8.92108 -0.00471814 0.998859 0.0475139 0.284495 -0.963627 -0.0172379 0.266696 5.90546 
0.257351 -0.0460321 0.965221 9.61604 -0.00525959 0.998783 0.0490351 0.317733 -0.966304 -0.0176959 0.256796 6.09317 
0.247176 -0.0477644 0.967793 10.3397 -0.00573974 0.998695 0.0507556 0.354492 -0.968954 -0.0181004 0.246579 6.28434 
0.237142 -0.0496906 0.970203 11.0784 -0.0058133 0.998601 0.052566 0.379186 -0.971458 -0.0181057 0.236521 6.45974 
0.227237 -0.0511435 0.972496 11.8405 -0.00566239 0.998534 0.053836 0.412552 -0.973823 -0.0177402 0.226614 6.63517 
0.21643 -0.0540989 0.974798 12.6096 -0.00733767 0.998345 0.0570349 0.438772 -0.976271 -0.0194968 0.215675 6.81999 
0.204745 -0.057462 0.977127 13.4012 -0.00894868 0.998124 0.0605718 0.479707 -0.978775 -0.0211457 0.203846 7.00233 
0.191956 -0.0615708 0.97947 14.1989 -0.00978684 0.99786 0.0646449 0.516178 -0.981355 -0.0219949 0.190943 7.18012 
0.179238 -0.0635701 0.98175 14.9974 -0.0105607 0.997728 0.0665328 0.556898 -0.983749 -0.0222931 0.17816 7.32893 
0.165217 -0.0642025 0.984165 15.7967 -0.01079 0.997702 0.066897 0.592783 -0.986198 -0.0216717 0.164144 7.47264 
0.15089 -0.0630793 0.986536 16.5979 -0.0120433 0.997771 0.0656397 0.632763 -0.988477 -0.0217856 0.149794 7.60077 
0.134294 -0.062443 0.988972 17.4079 -0.0129992 0.997816 0.0647666 0.664318 -0.990856 -0.0215536 0.133189 7.7201 
0.113627 -0.0608107 0.991661 18.2308 -0.0159395 0.997885 0.0630188 0.701807 -0.993396 -0.0229672 0.112417 7.82811 
0.0877239 -0.0597875 0.994349 19.0589 -0.0197714 0.997896 0.0617451 0.735714 -0.995949 -0.0250762 0.0863573 7.913 
0.0572437 -0.0594721 0.996587 19.8913 -0.024065 0.997852 0.0609299 0.766944 -0.99807 -0.0274707 0.0556896 7.97518 
0.0240623 -0.0589348 0.997972 20.7343 -0.0272099 0.997852 0.0595838 0.806865 -0.99934 -0.0285885 0.022407 8.00093 
-0.0105162 -0.0584487 0.998235 21.5851 -0.0292182 0.997882 0.0581202 0.838665 -0.999518 -0.0285555 -0.0122017 7.99715 
-0.0447105 -0.0572776 0.997357 22.424 -0.0297616 0.997988 0.0559797 0.86882 -0.998557 -0.0271801 -0.0463252 7.96535 
-0.0775808 -0.0553605 0.995448 23.2642 -0.0318082 0.998086 0.0530283 0.896343 -0.996479 -0.0275495 -0.0791932 7.90542 
-0.109918 -0.0524685 0.992555 24.1059 -0.0345058 0.998205 0.0489459 0.922616 -0.993342 -0.0288688 -0.111531 7.81375 
-0.142358 -0.0478915 0.988656 24.9386 -0.0314795 0.998543 0.0438377 0.947774 -0.989315 -0.0248818 -0.143658 7.69278 
-0.174065 -0.0416532 0.983853 25.7639 -0.0253865 0.998963 0.0378015 0.968886 -0.984407 -0.0183966 -0.174942 7.54619 
-0.204207 -0.0350686 0.9783 26.5756 -0.0183601 0.99932 0.0319897 0.980172 -0.978756 -0.0114292 -0.204712 7.37136 
-0.232839 -0.0295502 0.972066 27.3962 -0.0127438 0.999545 0.0273331 0.989867 -0.972432 -0.00602367 -0.233109 7.16543 
-0.260848 -0.0237475 0.965088 28.1793 -0.00348529 0.999714 0.0236576 0.973023 -0.965374 0.00280742 -0.260856 6.96759 
-0.287076 -0.0132094 0.957817 28.9876 0.00256737 0.999891 0.0145592 0.964831 -0.957904 0.00663866 -0.287011 6.71794 
-0.312368 0.00227554 0.949959 29.7765 0.00686478 0.999976 -0.000138025 0.954949 -0.949937 0.00647813 -0.312376 6.45892 
-0.337433 0.0193657 0.94115 30.5668 0.00769393 0.999812 -0.0178142 0.929188 -0.941318 0.00123004 -0.337518 6.20109 
-0.362524 0.0341902 0.931347 31.3499 0.00798524 0.999404 -0.0335804 0.901108 -0.93194 -0.00473668 -0.362581 5.89235 
-0.386601 0.0449701 0.92115 32.1181 0.0118072 0.99897 -0.0438138 0.86737 -0.922172 -0.00606232 -0.386734 5.56652 
-0.41042 0.0486402 0.910599 32.8411 0.0143421 0.998797 -0.0468871 0.812683 -0.911784 -0.00618348 -0.410624 5.25968 
-0.432859 0.0485787 0.900152 33.587 0.0183251 0.998815 -0.0450912 0.760758 -0.901275 -0.00302281 -0.433236 4.89709 
-0.453033 0.0440808 0.890403 34.3045 0.0214628 0.999027 -0.0385382 0.713465 -0.891235 0.00165146 -0.453538 4.54755 
-0.470529 0.0429926 0.881337 35.0339 0.0294246 0.999021 -0.0330241 0.668522 -0.881894 0.0103942 -0.471333 4.14937 
-0.484698 0.0432272 0.873613 35.7482 0.0297487 0.999015 -0.032927 0.631424 -0.874176 0.0100292 -0.485506 3.76738 
-0.495965 0.0473625 0.86705 36.4248 0.034586 0.998797 -0.0347754 0.575504 -0.867653 0.0127404 -0.497007 3.40502 
-0.506299 0.0497575 0.860921 37.0944 0.0355814 0.998689 -0.0367948 0.527934 -0.861623 0.0120035 -0.507406 3.04546 
-0.517233 0.0490045 0.854441 37.7606 0.0297007 0.998786 -0.0393038 0.479633 -0.855329 0.00504823 -0.51806 2.66926 
-0.528039 0.0477617 0.847876 38.4357 0.0294826 0.998846 -0.0379048 0.433 -0.848708 0.00498235 -0.528838 2.25881 
-0.536959 0.049078 0.842179 39.0944 0.0312488 0.998778 -0.03828 0.394047 -0.843029 0.00576223 -0.537837 1.86245 
-0.544691 0.0520518 0.83702 39.761 0.0346771 0.998616 -0.0395348 0.347298 -0.837919 0.00749115 -0.545743 1.46455 
-0.548202 0.0549711 0.834537 40.4547 0.0359448 0.998464 -0.0421571 0.297814 -0.835573 0.00688666 -0.549336 1.02368 
-0.547642 0.057099 0.834762 41.1574 0.0361995 0.998352 -0.0445402 0.248903 -0.835929 0.00582582 -0.548807 0.573808 
-0.544865 0.0574763 0.836552 41.8779 0.0384618 0.998311 -0.043539 0.208139 -0.837641 0.00845241 -0.546155 0.144087 
-0.53967 0.0560447 0.840009 42.5829 0.0362786 0.998403 -0.0433051 0.157883 -0.841095 0.00710387 -0.540841 -0.263123 
-0.532571 0.0548022 0.844609 43.3495 0.0337952 0.998483 -0.0434765 0.115748 -0.84571 0.00538939 -0.533615 -0.729687 
-0.525456 0.0544887 0.849074 44.1192 0.0334669 0.998499 -0.0433667 0.0612487 -0.850162 0.00562859 -0.526491 -1.17907 
-0.519165 0.0530917 0.853024 44.922 0.0305682 0.998584 -0.0435469 0.0109046 -0.854127 0.00346741 -0.520052 -1.64687 
-0.515357 0.0505274 0.855485 45.7247 0.0254359 0.998722 -0.0436644 -0.0341055 -0.856598 -0.00074271 -0.515984 -2.08946 
-0.514658 0.0474049 0.856084 46.5318 0.0210231 0.998868 -0.0426728 -0.0969435 -0.857138 -0.00396429 -0.515072 -2.51509 
-0.515851 0.0445067 0.855521 47.316 0.0183107 0.998994 -0.0409298 -0.164513 -0.856483 -0.00544845 -0.516147 -2.92623 
-0.51755 0.0432637 0.854559 48.1269 0.0165459 0.99904 -0.0405576 -0.211227 -0.855493 -0.0068512 -0.517769 -3.36613 
-0.51879 0.0423654 0.853851 48.9643 0.0169185 0.999085 -0.0392919 -0.268027 -0.854734 -0.00593837 -0.519032 -3.817 
-0.519548 0.0418774 0.853414 49.8199 0.016359 0.999103 -0.0390672 -0.321204 -0.854285 -0.00633625 -0.519767 -4.31295 
-0.52041 0.0410063 0.852931 50.7006 0.0165687 0.999143 -0.0379264 -0.367655 -0.853756 -0.00560533 -0.520644 -4.80374 
-0.521091 0.0405746 0.852536 51.606 0.0156697 0.999156 -0.0379749 -0.422447 -0.853357 -0.00642939 -0.521287 -5.31106 
-0.521775 0.0388793 0.852197 52.4911 0.0136728 0.999214 -0.0372151 -0.473804 -0.852974 -0.00776597 -0.521896 -5.82038 
-0.521894 0.0380551 0.852161 53.377 0.0126828 0.99924 -0.0368558 -0.52964 -0.852916 -0.00842698 -0.52198 -6.34124 
-0.521703 0.0368721 0.85233 54.2263 0.0115491 0.999279 -0.03616 -0.594597 -0.853049 -0.00902112 -0.521753 -6.81933 
-0.52135 0.034935 0.852627 55.0912 0.010287 0.999346 -0.0346564 -0.65099 -0.853281 -0.00929714 -0.521369 -7.29599 
-0.519385 0.0329178 0.853906 55.9596 0.0109259 0.999432 -0.0318822 -0.709522 -0.85447 -0.00722949 -0.51945 -7.80306 
-0.517919 0.0314435 0.854852 56.827 0.0105313 0.999483 -0.0303829 -0.757934 -0.855365 -0.0067332 -0.517982 -8.27609 
-0.516738 0.0310951 0.855579 57.7214 0.0105835 0.999496 -0.0299336 -0.814229 -0.856078 -0.00641282 -0.516806 -8.74953 
-0.515398 0.0314168 0.856375 58.6098 0.0101936 0.999482 -0.0305319 -0.858734 -0.856891 -0.00700655 -0.515451 -9.24589 
-0.515345 0.032139 0.85638 59.5323 0.0101973 0.999456 -0.031372 -0.905595 -0.856922 -0.00743468 -0.515392 -9.73113 
-0.517158 0.0333315 0.855241 60.4092 0.00872377 0.999395 -0.0336744 -0.95738 -0.855845 -0.00995407 -0.517136 -10.2096 
-0.520916 0.0347374 0.852901 61.2792 0.00672903 0.999308 -0.0365905 -1.0164 -0.853581 -0.0133214 -0.52079 -10.6925 
-0.526025 0.0352772 0.849737 62.1564 0.00558866 0.999261 -0.0380251 -1.07177 -0.850451 -0.0152533 -0.525833 -11.1945 
-0.531694 0.0340519 0.846252 63.0262 0.00702576 0.999334 -0.0357975 -1.12225 -0.846907 -0.0130878 -0.53158 -11.713 
-0.537762 0.0318704 0.842494 63.8946 0.0081439 0.999435 -0.032609 -1.17396 -0.843057 -0.0106747 -0.537718 -12.2289 
-0.543073 0.0296699 0.839161 64.7494 0.00524378 0.999476 -0.0319445 -1.21955 -0.839669 -0.0129478 -0.542944 -12.7605 
-0.54832 0.0325772 0.835634 65.595 0.00700078 0.999385 -0.0343673 -1.27792 -0.836239 -0.0129942 -0.548211 -13.2897 
-0.553541 0.0339918 0.832128 66.4121 0.00704248 0.999322 -0.0361368 -1.33047 -0.832792 -0.014143 -0.553405 -13.8152 
-0.558068 0.0346582 0.829071 67.2298 0.00527355 0.999255 -0.0382227 -1.38335 -0.829779 -0.0169587 -0.557835 -14.3407 
-0.561979 0.0348145 0.826418 68.046 0.00408657 0.999219 -0.039315 -1.43651 -0.827141 -0.018717 -0.561682 -14.8708 
-0.564628 0.0344985 0.824624 68.8541 0.00532477 0.999258 -0.0381584 -1.48785 -0.825328 -0.0171544 -0.564393 -15.4186 
-0.567274 0.0275504 0.823069 69.6724 0.00591063 0.999551 -0.029384 -1.53797 -0.823508 -0.0118039 -0.567181 -15.958 
-0.568945 0.0190118 0.822156 70.4781 0.00598599 0.999802 -0.0189773 -1.5913 -0.822353 -0.00587563 -0.568947 -16.5058 
-0.570768 0.0177543 0.82092 71.2734 0.00653663 0.999833 -0.0170789 -1.6243 -0.821086 -0.00438203 -0.570788 -17.0262 
-0.571839 0.0220109 0.820071 72.0611 0.00623875 0.999728 -0.0224827 -1.65946 -0.820342 -0.00774024 -0.57182 -17.5556 
-0.573029 0.0283144 0.819046 72.8502 0.00777564 0.999546 -0.0291142 -1.6984 -0.819499 -0.0103146 -0.572989 -18.0924 
-0.573038 0.0324082 0.818888 73.6459 0.0128598 0.99945 -0.0305552 -1.73332 -0.819428 -0.00697854 -0.573139 -18.6524 
-0.572712 0.03381 0.819059 74.434 0.016532 0.999422 -0.0296954 -1.78062 -0.81959 -0.00346625 -0.57294 -19.2008 
-0.572478 0.0305245 0.819351 75.2212 0.0149524 0.999529 -0.0267897 -1.82423 -0.819783 -0.00308523 -0.572665 -19.7257 
-0.571703 0.025537 0.820063 76.0038 0.0132672 0.999673 -0.0218809 -1.86035 -0.820353 -0.00162943 -0.571855 -20.2549 
-0.571409 0.0189356 0.820447 76.7947 0.0101518 0.99982 -0.0160052 -1.89812 -0.820603 -0.000816468 -0.571499 -20.769 
-0.571128 0.013404 0.820752 77.5901 0.00162581 0.999883 -0.0151981 -1.92912 -0.82086 -0.00734569 -0.571083 -21.2833 
-0.569615 0.00799758 0.821873 78.3828 -0.00628351 0.999881 -0.0140846 -1.955 -0.821888 -0.0131871 -0.569497 -21.7956 
-0.567521 0.00894107 0.82331 79.1677 -0.00247272 0.999918 -0.0125635 -1.98846 -0.823355 -0.00916586 -0.567453 -22.3212 
-0.564649 0.0120956 0.825242 79.9482 0.00105917 0.999902 -0.0139308 -2.0211 -0.82533 -0.00699197 -0.564607 -22.8395 
-0.559382 0.0153023 0.828769 80.7285 0.00276489 0.999859 -0.016595 -2.04325 -0.828905 -0.00699152 -0.559345 -23.346 
-0.551848 0.0176791 0.833757 81.5184 0.00793162 0.999841 -0.0159509 -2.07402 -0.833907 -0.00218946 -0.551901 -23.8526 
-0.544012 0.0215116 0.838801 82.3137 0.0154233 0.999759 -0.0156365 -2.1062 -0.838935 0.00443063 -0.544213 -24.3585 
-0.53472 0.0205509 0.844779 83.113 0.0119788 0.999788 -0.0167395 -2.1291 -0.844944 0.00116845 -0.534853 -24.8394 
-0.523297 0.0184731 0.85195 83.9203 0.0105588 0.999829 -0.0151939 -2.15788 -0.852085 0.00104466 -0.523402 -25.3222 
-0.511813 0.0152085 0.858962 84.7249 0.0112219 0.999876 -0.0110169 -2.19213 -0.859024 0.00400064 -0.511921 -25.7848 
-0.501124 0.014854 0.865248 85.5413 0.0104105 0.999884 -0.0111359 -2.21714 -0.865313 0.00342718 -0.50122 -26.2333 
-0.489321 0.013817 0.871994 86.3486 0.0109844 0.999893 -0.0096796 -2.24421 -0.872035 0.00484188 -0.48942 -26.6701 
-0.477742 0.0151479 0.87837 87.165 0.0124302 0.999868 -0.0104824 -2.26975 -0.878412 0.00591042 -0.477867 -27.0922 
-0.465789 0.0189544 0.884693 87.9908 0.0119993 0.999814 -0.0151032 -2.30347 -0.884815 0.00358074 -0.46593 -27.5124 
-0.454496 0.0283438 0.890298 88.8043 0.0151017 0.999595 -0.024114 -2.33441 -0.890621 0.00248525 -0.45474 -27.9117 
-0.442834 0.0327792 0.896004 89.6341 0.0142106 0.999463 -0.0295408 -2.36476 -0.896491 -0.000348926 -0.443062 -28.2916 
-0.431626 0.0292025 0.90158 90.4804 0.0126258 0.999574 -0.026332 -2.4085 -0.901964 1.75884e-05 -0.431811 -28.6771 
-0.419733 0.0255672 0.907288 91.3188 0.0114791 0.999673 -0.02286 -2.44783 -0.907575 0.00081978 -0.419889 -29.0502 
-0.410241 0.0263323 0.911597 92.158 0.00846948 0.99965 -0.0250643 -2.48825 -0.911938 -0.00256165 -0.41032 -29.4046 
-0.403654 0.0301906 0.914414 92.992 0.00288986 0.999493 -0.0317238 -2.53235 -0.914907 -0.0101629 -0.403536 -29.7478 
-0.399445 0.0354522 0.916071 93.8204 -0.00222095 0.999212 -0.0396381 -2.57071 -0.916755 -0.0178678 -0.399051 -30.072 
-0.396424 0.0367035 0.917333 94.6515 -0.00611009 0.999073 -0.0426144 -2.62579 -0.918047 -0.0224984 -0.395833 -30.3985 
-0.392813 0.0363412 0.9189 95.4881 -0.00812866 0.999043 -0.0429855 -2.6782 -0.919583 -0.0243547 -0.392141 -30.7339 
-0.387994 0.035955 0.92096 96.3221 -0.00973866 0.999023 -0.0431054 -2.73676 -0.92161 -0.0256936 -0.387265 -31.0612 
-0.381982 0.0313476 0.923638 97.1687 -0.012955 0.999145 -0.039268 -2.7888 -0.924079 -0.0269654 -0.381249 -31.3921 
-0.377273 0.0280341 0.925678 98.0103 -0.013222 0.999277 -0.0356519 -2.83542 -0.926008 -0.0256898 -0.37663 -31.7052 
-0.371698 0.024916 0.928019 98.8556 -0.0163029 0.99931 -0.0333599 -2.88355 -0.928211 -0.0275292 -0.371036 -32.016 
-0.365682 0.0229244 0.930458 99.7062 -0.0248115 0.999101 -0.0343668 -2.93072 -0.930409 -0.0356534 -0.364784 -32.3235 
-0.359994 0.0228678 0.932674 100.544 -0.032015 0.998808 -0.0368464 -2.97789 -0.932405 -0.043124 -0.358833 -32.6106 
-0.353486 0.0269975 0.93505 101.381 -0.0309006 0.998701 -0.0405168 -3.02446 -0.934929 -0.0432158 -0.352192 -32.9065 
-0.346477 0.0302916 0.937569 102.222 -0.028674 0.998669 -0.0428621 -3.07366 -0.93762 -0.0417346 -0.345148 -33.2012 
-0.340408 0.0284713 0.939847 103.079 -0.0306384 0.998675 -0.0413505 -3.11916 -0.939778 -0.0428714 -0.339085 -33.4841 
-0.333792 0.0230536 0.942365 103.943 -0.0313987 0.998874 -0.0355577 -3.17735 -0.942124 -0.0414579 -0.332693 -33.7618 
-0.327197 0.0207197 0.944729 104.802 -0.0329241 0.998903 -0.0333107 -3.22133 -0.944382 -0.0420035 -0.326156 -34.0331 
-0.321134 0.0235059 0.946742 105.656 -0.0352942 0.9987 -0.0367676 -3.26818 -0.946376 -0.0452218 -0.319887 -34.2973 
-0.31495 0.0263684 0.948742 106.515 -0.0348573 0.998618 -0.039326 -3.31312 -0.948468 -0.0454563 -0.313596 -34.5606 
-0.3085 0.0263736 0.950859 107.37 -0.0384171 0.998455 -0.0401579 -3.36454 -0.950448 -0.048918 -0.30701 -34.8081 
-0.302052 0.0254467 0.952952 108.21 -0.0391299 0.99847 -0.039065 -3.42107 -0.952488 -0.0490886 -0.300594 -35.0558 
-0.293809 0.0250915 0.955535 109.047 -0.0351485 0.998696 -0.0370324 -3.47219 -0.955218 -0.0444661 -0.292544 -35.304 
-0.286755 0.02655 0.957636 109.908 -0.0314803 0.998815 -0.0371181 -3.51591 -0.957487 -0.0407905 -0.28558 -35.5373 
-0.280897 0.026134 0.959382 110.771 -0.0331139 0.99877 -0.0369023 -3.57005 -0.959167 -0.0421346 -0.279686 -35.754 
-0.27431 0.0249807 0.961317 111.642 -0.0390849 0.998547 -0.0371009 -3.61357 -0.960847 -0.0477501 -0.272935 -35.9737 
-0.268558 0.0227379 0.962995 112.507 -0.0436822 0.998405 -0.0357559 -3.66394 -0.962273 -0.0516683 -0.267136 -36.1825 
-0.264084 0.0226536 0.964234 113.366 -0.0410022 0.998557 -0.0346896 -3.71289 -0.963628 -0.0486966 -0.262774 -36.4005 
-0.259868 0.0230873 0.965368 114.235 -0.0396088 0.998618 -0.0345447 -3.756 -0.964831 -0.0472142 -0.258594 -36.6121 
-0.255388 0.0242472 0.966535 115.102 -0.0390115 0.998613 -0.0353599 -3.79912 -0.966051 -0.0467365 -0.254088 -36.8183 
-0.249207 0.0233327 0.968169 115.977 -0.0326846 0.998938 -0.0324872 -3.84546 -0.967898 -0.0397403 -0.24818 -37.0367 
-0.244028 0.0222489 0.969513 116.845 -0.0254824 0.999245 -0.0293452 -3.88725 -0.969433 -0.0318666 -0.243277 -37.2471 
-0.239283 0.0217516 0.970706 117.717 -0.0236366 0.999322 -0.0282193 -3.92568 -0.970662 -0.0296967 -0.238607 -37.4462 
-0.235351 0.0237284 0.971621 118.591 -0.0253627 0.999212 -0.0305457 -3.96194 -0.97158 -0.0318319 -0.234563 -37.6352 
-0.23214 0.0256336 0.972345 119.469 -0.0272232 0.99909 -0.0328379 -3.9973 -0.972301 -0.0340933 -0.231231 -37.8204 
-0.230358 0.0249376 0.972786 120.334 -0.0296675 0.999027 -0.0326356 -4.04105 -0.972654 -0.036378 -0.229394 -38.0057 
-0.22893 0.023884 0.97315 121.197 -0.0295455 0.999068 -0.0314706 -4.0847 -0.972994 -0.0359568 -0.228011 -38.1901 
-0.227853 0.0195073 0.9735 122.067 -0.0281887 0.999248 -0.0266209 -4.1243 -0.973287 -0.0335073 -0.227132 -38.3812 
-0.22659 0.0145915 0.973881 122.934 -0.0288813 0.999347 -0.0216928 -4.16106 -0.973562 -0.0330423 -0.226021 -38.566 
-0.225641 0.012527 0.97413 123.795 -0.0286305 0.9994 -0.0194837 -4.19992 -0.97379 -0.0322862 -0.225147 -38.7507 
-0.224711 0.0168996 0.974279 124.644 -0.0286352 0.999303 -0.0239381 -4.23765 -0.974005 -0.0332779 -0.22407 -38.9253 
-0.224389 0.0207227 0.974279 125.488 -0.0280026 0.999224 -0.0277026 -4.27425 -0.974097 -0.0334985 -0.223634 -39.1039 
-0.224222 0.0202421 0.974328 126.342 -0.0305231 0.999148 -0.0277819 -4.31009 -0.97406 -0.0359688 -0.223413 -39.2815 
-0.223469 0.0189441 0.974527 127.177 -0.0324598 0.999112 -0.0268654 -4.35498 -0.97417 -0.0376366 -0.222656 -39.4509 
-0.222326 0.0201516 0.974764 128.029 -0.0282043 0.999235 -0.0270904 -4.38756 -0.974564 -0.0335155 -0.221587 -39.6424 
-0.221103 0.0223449 0.974994 128.858 -0.0291872 0.999138 -0.0295171 -4.43241 -0.974814 -0.0349837 -0.220261 -39.8167 
-0.221338 0.0229265 0.974928 129.69 -0.0373992 0.998789 -0.0319783 -4.47565 -0.97448 -0.0435396 -0.220213 -39.9756 
-0.220371 0.0247589 0.975102 130.525 -0.0433333 0.998442 -0.0351448 -4.51289 -0.974453 -0.0499993 -0.218955 -40.1464 
-0.220449 0.0284946 0.974982 131.342 -0.0403828 0.99845 -0.0383111 -4.55566 -0.974562 -0.0478181 -0.218956 -40.3114 
-0.219034 0.0293493 0.975276 132.176 -0.0387013 0.9985 -0.0387399 -4.60553 -0.974949 -0.0462298 -0.21757 -40.4921 
-0.217624 0.0306191 0.975552 132.99 -0.0405305 0.998362 -0.0403765 -4.64609 -0.975191 -0.0483266 -0.216027 -40.6543 
-0.215287 0.0304611 0.976076 133.81 -0.0315072 0.998776 -0.0381188 -4.6904 -0.976043 -0.0389599 -0.214064 -40.8329 
-0.211892 0.0274358 0.976908 134.615 -0.0255456 0.999109 -0.0336001 -4.73218 -0.976959 -0.0320753 -0.211002 -41.0032 
-0.210207 0.0225427 0.977397 135.428 -0.0231521 0.999339 -0.028028 -4.77586 -0.977383 -0.0285204 -0.209546 -41.1645 
-0.207485 0.0212006 0.978008 136.196 -0.0224655 0.999398 -0.0264303 -4.83488 -0.97798 -0.0274553 -0.206884 -41.2973 
-0.202402 0.0262882 0.97895 137.011 -0.0211949 0.999288 -0.0312164 -4.87968 -0.979073 -0.0270671 -0.201701 -41.4568 
-0.196061 0.0297521 0.98014 137.798 -0.0199065 0.999213 -0.034313 -4.91132 -0.98039 -0.0262386 -0.195314 -41.5977 
-0.187363 0.0302212 0.981826 138.605 -0.0197359 0.999209 -0.0345224 -4.95152 -0.982093 -0.0258455 -0.186618 -41.743 
-0.177906 0.0262574 0.983697 139.413 -0.0172741 0.999407 -0.0298008 -4.99022 -0.983896 -0.0222942 -0.177347 -41.8752 
-0.165971 0.024969 0.985815 140.201 -0.0143294 0.999513 -0.0277284 -5.02939 -0.986027 -0.0187282 -0.165532 -41.9956 
-0.151911 0.0272965 0.988017 140.984 -0.00913247 0.999537 -0.0290189 -5.06988 -0.988352 -0.0134313 -0.151592 -42.1122 
-0.138228 0.0290485 0.989974 141.785 -0.0105058 0.999471 -0.030794 -5.09625 -0.990345 -0.0146571 -0.13785 -42.2021 
-0.124661 0.0290313 0.991775 142.568 -0.00921107 0.999495 -0.030415 -5.13259 -0.992157 -0.0129269 -0.12433 -42.2789 
-0.111297 0.0306055 0.993316 143.348 -0.00920472 0.999451 -0.0318259 -5.17149 -0.993745 -0.0126853 -0.110954 -42.3515 
-0.0978305 0.0367743 0.994523 144.118 -0.0108156 0.999219 -0.0380118 -5.22114 -0.995144 -0.0144751 -0.0973564 -42.4053 
-0.0847315 0.0454811 0.995365 144.903 -0.017576 0.998734 -0.0471312 -5.26359 -0.996249 -0.0214881 -0.0838249 -42.4539 
-0.0708523 0.0533567 0.996059 145.659 -0.0210212 0.998267 -0.0549702 -5.3143 -0.997265 -0.0248331 -0.0696079 -42.481 
-0.0581317 0.0542153 0.996836 146.444 -0.0226874 0.998195 -0.0556123 -5.35815 -0.998051 -0.0258484 -0.0567968 -42.4995 
-0.0465754 0.0504614 0.997639 147.223 -0.026879 0.998298 -0.0517495 -5.41038 -0.998553 -0.0292258 -0.0451398 -42.511 
-0.0367157 0.0478668 0.998179 147.981 -0.0318857 0.998288 -0.0490449 -5.46335 -0.998817 -0.0336284 -0.0351266 -42.5017 
-0.0283136 0.054142 0.998132 148.726 -0.0357972 0.997837 -0.0551414 -5.52131 -0.998958 -0.0372916 -0.0263142 -42.4923 
-0.0210862 0.0619802 0.997855 149.477 -0.0387732 0.997275 -0.0627635 -5.57147 -0.999026 -0.0400135 -0.0186256 -42.4922 
-0.0181939 0.0651056 0.997713 150.225 -0.042022 0.996946 -0.0658219 -5.61643 -0.998951 -0.0431234 -0.0154025 -42.482 
-0.0181348 0.0605266 0.998002 150.98 -0.043368 0.997179 -0.0612647 -5.67181 -0.998895 -0.0443924 -0.0154587 -42.4777 
-0.0201966 0.056214 0.998214 151.731 -0.0453392 0.99734 -0.057082 -5.73087 -0.998768 -0.0464111 -0.0175941 -42.4723 
-0.0230261 0.05304 0.998327 152.48 -0.0429407 0.997618 -0.0539927 -5.78689 -0.998812 -0.0441121 -0.0206937 -42.4751 
-0.0259989 0.0529741 0.998257 153.228 -0.0415951 0.997673 -0.0540263 -5.83644 -0.998796 -0.0429273 -0.0237349 -42.482 
-0.0295597 0.0527187 0.998172 153.97 -0.0403701 0.99773 -0.0538908 -5.89317 -0.998747 -0.0418893 -0.0273644 -42.492 
-0.0333867 0.0516224 0.998108 154.717 -0.0404804 0.997776 -0.0529592 -5.93891 -0.998622 -0.042172 -0.0312227 -42.5098 
-0.0389795 0.0519609 0.997888 155.453 -0.0417202 0.997692 -0.0535803 -5.98369 -0.998369 -0.0437207 -0.0367217 -42.5241 
-0.0447831 0.0499312 0.997748 156.183 -0.0430215 0.997727 -0.0518611 -6.03371 -0.99807 -0.0452471 -0.0425332 -42.5408 
-0.0505518 0.0476056 0.997586 156.922 -0.0407078 0.997935 -0.049685 -6.08663 -0.997892 -0.0431212 -0.0485095 -42.5698 
-0.0560592 0.0475289 0.997296 157.642 -0.0409772 0.997915 -0.0498617 -6.13097 -0.997586 -0.0436616 -0.0539948 -42.597 
-0.0618423 0.0485812 0.996903 158.356 -0.0435676 0.997731 -0.0513243 -6.18143 -0.997135 -0.0466067 -0.0595854 -42.6215 
-0.0657745 0.0507987 0.996541 159.073 -0.0431819 0.997623 -0.0537039 -6.23427 -0.9969 -0.0465649 -0.0634245 -42.6572 
-0.0681469 0.0532503 0.996253 159.795 -0.0431234 0.997484 -0.0562658 -6.28263 -0.996743 -0.0467962 -0.0656792 -42.6932 
-0.0695199 0.0549114 0.996068 160.518 -0.039018 0.99757 -0.0577174 -6.32764 -0.996817 -0.0428771 -0.0672085 -42.7349 
-0.0685665 0.0534471 0.996214 161.228 -0.0355511 0.997799 -0.0559789 -6.37643 -0.997013 -0.0392547 -0.0665154 -42.778 
-0.0648121 0.0495595 0.996666 161.927 -0.0332624 0.998104 -0.0517939 -6.43109 -0.997343 -0.0365084 -0.0630407 -42.8069 
-0.0574929 0.0498607 0.9971 162.629 -0.0328916 0.998115 -0.051808 -6.47983 -0.997804 -0.0357749 -0.0557446 -42.8327 
-0.0463041 0.0503623 0.997657 163.324 -0.0293963 0.998227 -0.0517554 -6.52963 -0.998495 -0.0317239 -0.0447416 -42.8503 
-0.0319594 0.0507632 0.998199 164.001 -0.0284724 0.998258 -0.0516777 -6.57403 -0.999084 -0.0300727 -0.0304584 -42.8603 
-0.0170719 0.048494 0.998678 164.683 -0.0292582 0.998371 -0.0489793 -6.61558 -0.999426 -0.0300557 -0.0156253 -42.8472 
-0.00126795 0.0434256 0.999056 165.366 -0.0342163 0.99847 -0.0434435 -6.66049 -0.999414 -0.0342391 0.00021985 -42.8192 
0.0150772 0.0370374 0.9992 166.053 -0.0355534 0.998702 -0.0364824 -6.69948 -0.999254 -0.0349749 0.0163744 -42.7863 
0.0325245 0.0297436 0.999028 166.733 -0.0356677 0.998955 -0.0285802 -6.73341 -0.998834 -0.0347035 0.0335514 -42.7493 
0.0500099 0.0219336 0.998508 167.405 -0.0361076 0.999145 -0.0201391 -6.768 -0.998096 -0.0350466 0.0507592 -42.6953 
0.0672613 0.0159307 0.997608 168.076 -0.0374079 0.99921 -0.0134341 -6.79518 -0.997034 -0.0364149 0.067804 -42.6263 
0.0852116 0.0135928 0.99627 168.729 -0.0377624 0.999233 -0.0104034 -6.81913 -0.995647 -0.0367351 0.0856595 -42.5501 
0.103011 0.0119877 0.994608 169.367 -0.0372522 0.999272 -0.00818564 -6.84197 -0.993982 -0.0362081 0.103383 -42.4641 
0.120136 0.0116306 0.992689 170.008 -0.0373686 0.999276 -0.00718533 -6.84959 -0.992054 -0.0362322 0.120484 -42.3572 
0.13657 0.0104759 0.990575 170.646 -0.0419849 0.999107 -0.0047776 -6.86192 -0.98974 -0.0409367 0.136888 -42.2452 
0.150737 0.00675783 0.988551 171.263 -0.0434583 0.999055 -0.00020294 -6.87297 -0.987618 -0.0429301 0.150889 -42.1262 
0.163271 0.00266145 0.986578 171.896 -0.0389381 0.999235 0.00374839 -6.88525 -0.985813 -0.0390274 0.16325 -42.0121 
0.173855 0.00190793 0.98477 172.485 -0.0380227 0.999265 0.0047767 -6.89227 -0.984037 -0.0382741 0.173799 -41.8896 
0.183507 0.00557009 0.983003 173.078 -0.0411904 0.999149 0.00202788 -6.8994 -0.982155 -0.0408624 0.18358 -41.7511 
0.192673 0.0126437 0.981182 173.682 -0.0452161 0.998969 -0.00399389 -6.91166 -0.980221 -0.0435956 0.193046 -41.6048 
0.201678 0.0228086 0.979186 174.274 -0.0454237 0.998871 -0.0139114 -6.92354 -0.978398 -0.0416727 0.202486 -41.4658 
0.209934 0.0286015 0.977297 174.876 -0.0400354 0.998985 -0.0206362 -6.93334 -0.976896 -0.0347943 0.210866 -41.3247 
0.216565 0.0267157 0.975903 175.473 -0.039271 0.999055 -0.0186347 -6.94607 -0.975478 -0.0342891 0.217409 -41.1841 
0.222629 0.0191681 0.974715 176.089 -0.0414256 0.99909 -0.0101857 -6.95563 -0.974023 -0.0381105 0.22322 -41.0242 
0.227062 0.00839023 0.973844 176.7 -0.0460564 0.998937 0.00213219 -6.97401 -0.972791 -0.0453359 0.227207 -40.8599 
0.228693 0.000197407 0.973499 177.301 -0.0458789 0.998891 0.0105753 -6.98586 -0.972417 -0.0470816 0.228449 -40.6921 
0.229664 -0.000662745 0.97327 177.901 -0.0422759 0.999049 0.0106563 -6.99849 -0.972351 -0.0435932 0.229417 -40.5447 
0.230943 0.00186273 0.972966 178.513 -0.0392325 0.999203 0.0073993 -6.99435 -0.972176 -0.0398807 0.230832 -40.4008 
0.232897 0.00152045 0.9725 179.123 -0.0359741 0.999328 0.00705283 -6.99525 -0.971836 -0.0366274 0.232795 -40.249 
0.234587 -0.000497782 0.972095 179.731 -0.0380335 0.99923 0.00969002 -6.99198 -0.971351 -0.0392453 0.234387 -40.0852 
0.237367 -0.004193 0.971411 180.349 -0.0383696 0.99917 0.0136886 -6.99236 -0.970662 -0.0405219 0.237009 -39.9153 
0.240302 -0.00934261 0.970653 180.966 -0.0374071 0.999122 0.0188774 -6.99523 -0.969977 -0.0408456 0.239742 -39.7464 
0.245232 -0.0122331 0.969387 181.59 -0.0355963 0.999133 0.0216135 -6.99323 -0.968811 -0.0398069 0.244584 -39.5832 
0.251703 -0.0144028 0.967697 182.211 -0.0335699 0.999158 0.0236028 -6.98517 -0.967222 -0.0384263 0.251007 -39.41 
0.260019 -0.0178209 0.965439 182.857 -0.0314723 0.999142 0.0269194 -6.98223 -0.965091 -0.0373842 0.259235 -39.2361 
0.270147 -0.0197379 0.962617 183.487 -0.028934 0.999172 0.0286075 -6.97863 -0.962384 -0.0355806 0.269352 -39.0509 
0.281052 -0.0180907 0.959522 184.12 -0.0298172 0.999175 0.0275721 -6.97762 -0.959229 -0.0363595 0.280281 -38.8374 
0.292674 -0.0142243 0.956106 184.74 -0.0309043 0.999226 0.024326 -6.9687 -0.955713 -0.0366674 0.292008 -38.6293 
0.304532 -0.011131 0.952437 185.363 -0.031628 0.999262 0.021791 -6.96014 -0.951977 -0.0367597 0.303955 -38.4109 
0.315968 -0.0109334 0.948707 185.989 -0.0299946 0.999319 0.0215064 -6.95022 -0.948296 -0.0352514 0.315425 -38.1812 
0.327293 -0.0144789 0.944812 186.616 -0.0288388 0.999264 0.0253035 -6.94779 -0.944483 -0.0355289 0.326635 -37.9439 
0.338241 -0.0159762 0.940924 187.257 -0.0297368 0.999175 0.027655 -6.9411 -0.94059 -0.0373341 0.337487 -37.6829 
0.34937 -0.0165653 0.936838 187.894 -0.03116 0.999085 0.0292864 -6.93062 -0.936467 -0.0394236 0.348534 -37.4165 
0.358704 -0.0176477 0.933284 188.536 -0.034623 0.998882 0.0321953 -6.91157 -0.932809 -0.0438617 0.357692 -37.1392 
0.366663 -0.0164295 0.930209 189.199 -0.0384269 0.998723 0.0327864 -6.90048 -0.92956 -0.0477666 0.365563 -36.8802 
0.371198 -0.0196698 0.928345 189.85 -0.038543 0.998588 0.0365695 -6.89068 -0.927753 -0.0493557 0.369916 -36.6055 
0.373714 -0.0235465 0.927245 190.511 -0.0352639 0.998594 0.0395711 -6.87726 -0.926873 -0.0474865 0.372358 -36.3336 
0.37386 -0.0230064 0.9272 191.165 -0.0307271 0.998836 0.0371735 -6.86353 -0.926976 -0.0423878 0.372718 -36.0643 
0.373296 -0.0228051 0.927432 191.842 -0.029378 0.998906 0.0363875 -6.85248 -0.927247 -0.0408294 0.372218 -35.7899 
0.372943 -0.0214712 0.927606 192.522 -0.0254084 0.999121 0.033342 -6.83103 -0.927506 -0.0360037 0.37207 -35.5152 
0.372334 -0.0231135 0.927811 193.209 -0.0225647 0.999169 0.0339465 -6.8076 -0.927824 -0.0335752 0.371503 -35.2248 
0.371797 -0.0290791 0.927858 193.904 -0.0188388 0.999067 0.0388597 -6.79187 -0.928123 -0.0319277 0.370903 -34.9473 
0.370508 -0.0321016 0.928274 194.595 -0.0187452 0.998941 0.0420273 -6.77711 -0.92864 -0.0329721 0.369514 -34.6583 
0.368454 -0.0344715 0.929007 195.287 -0.0173246 0.998884 0.0439356 -6.75732 -0.929485 -0.0322829 0.367446 -34.3703 
0.367115 -0.0345556 0.929534 195.973 -0.0180018 0.998859 0.0442425 -6.73471 -0.930002 -0.0329753 0.366074 -34.0847 
0.36573 -0.0352361 0.930054 196.685 -0.019077 0.998789 0.0453421 -6.71456 -0.930526 -0.0343255 0.364615 -33.8012 
0.363877 -0.0337903 0.930834 197.379 -0.0201531 0.998822 0.0441366 -6.69591 -0.931229 -0.0348194 0.362767 -33.5166 
0.362407 -0.0298346 0.931542 198.073 -0.0201983 0.999001 0.0398531 -6.67869 -0.931801 -0.0332586 0.361443 -33.2323 
0.361832 -0.0241258 0.931931 198.758 -0.0197571 0.999242 0.0335394 -6.65973 -0.932034 -0.0305479 0.361081 -32.9568 
0.360748 -0.0210431 0.932426 199.442 -0.0228101 0.999247 0.0313763 -6.64412 -0.932384 -0.0325877 0.359997 -32.6801 
0.359313 -0.024262 0.932902 200.136 -0.0226498 0.999141 0.0347085 -6.632 -0.932942 -0.0336013 0.358455 -32.3981 
0.35792 -0.027963 0.933333 200.825 -0.022231 0.999013 0.0384561 -6.6143 -0.933488 -0.0345131 0.356945 -32.119 
0.355678 -0.0275926 0.934201 201.521 -0.0249601 0.998927 0.0390074 -6.59112 -0.934275 -0.0371918 0.354607 -31.838 
0.350931 -0.0272342 0.936005 202.193 -0.0279076 0.998829 0.0395255 -6.57409 -0.935985 -0.0399924 0.34976 -31.5769 
0.344247 -0.0285771 0.938444 202.895 -0.0268027 0.99883 0.0402479 -6.55141 -0.938497 -0.0390081 0.343078 -31.3059 
0.335326 -0.0292289 0.941649 203.595 -0.026291 0.998839 0.0403666 -6.53929 -0.941735 -0.0382929 0.334168 -31.0482 
0.324987 -0.0279044 0.945307 204.29 -0.0239305 0.999002 0.0377166 -6.52706 -0.945416 -0.034879 0.323995 -30.799 
0.314179 -0.024667 0.949043 204.983 -0.0252162 0.999093 0.0343157 -6.51504 -0.949029 -0.0347126 0.313272 -30.5616 
0.302406 -0.0245846 0.952862 205.693 -0.0276893 0.999019 0.0345631 -6.49027 -0.952777 -0.0368361 0.301429 -30.3213 
0.291218 -0.0325324 0.956103 206.413 -0.0226571 0.998907 0.04089 -6.47389 -0.956388 -0.0335704 0.290163 -30.0986 
0.283121 -0.0417924 0.958173 207.173 -0.017333 0.998664 0.0486801 -6.46442 -0.958928 -0.0303903 0.282018 -29.8976 
0.275967 -0.0480599 0.959965 207.89 -0.0156102 0.998393 0.0544714 -6.45423 -0.96104 -0.0300176 0.274773 -29.6872 
0.271941 -0.0490578 0.961063 208.599 -0.0213877 0.998145 0.0570026 -6.42692 -0.962076 -0.0360563 0.270388 -29.4674 
0.269246 -0.0507606 0.961733 209.311 -0.0202194 0.998092 0.0583403 -6.39694 -0.962859 -0.0351536 0.267706 -29.2606 
0.2672 -0.0517457 0.962251 210.043 -0.0182006 0.998108 0.058728 -6.36141 -0.963469 -0.0332057 0.265753 -29.0372 
0.26644 -0.0497604 0.962566 210.76 -0.0185054 0.998218 0.0567258 -6.33212 -0.963674 -0.0329267 0.265045 -28.8269 
0.265731 -0.0480002 0.962851 211.485 -0.0220552 0.998196 0.0558491 -6.30414 -0.963795 -0.0360767 0.264193 -28.6043 
0.26641 -0.0486713 0.96263 212.216 -0.0218435 0.998163 0.0565131 -6.26767 -0.963612 -0.0360829 0.264858 -28.3882 
0.267619 -0.0500941 0.962222 212.921 -0.02228 0.998059 0.0581565 -6.23912 -0.963267 -0.0370021 0.265983 -28.1687 
0.268712 -0.0517523 0.961829 213.667 -0.0211016 0.998 0.0595939 -6.20884 -0.962989 -0.0363097 0.267083 -27.9421 
0.27048 -0.0528156 0.961276 214.399 -0.0175938 0.998056 0.059787 -6.17923 -0.962565 -0.0330837 0.269025 -27.7287 
0.273766 -0.0539041 0.960285 215.128 -0.0172414 0.997993 0.0609362 -6.14125 -0.961642 -0.0332389 0.272287 -27.5101 
0.277871 -0.0554709 0.959016 215.869 -0.0187097 0.99783 0.063137 -6.10941 -0.960436 -0.0354868 0.27623 -27.2793 
0.28269 -0.0595796 0.957359 216.6 -0.0200439 0.997484 0.0679953 -6.07326 -0.959002 -0.0384108 0.280784 -27.0343 
0.287759 -0.06271 0.955648 217.343 -0.021611 0.997175 0.0719425 -6.02899 -0.957459 -0.0413545 0.285591 -26.7958 
0.292184 -0.0628463 0.954295 218.079 -0.0220242 0.997132 0.0724107 -5.99057 -0.956108 -0.0421749 0.289962 -26.5533 
0.296674 -0.058414 0.953191 218.833 -0.0274593 0.997193 0.0696571 -5.95292 -0.954584 -0.0468393 0.294237 -26.2945 
0.301092 -0.0520081 0.952176 219.568 -0.0331586 0.997337 0.0649601 -5.90357 -0.953019 -0.0511317 0.298565 -26.0357 
0.305622 -0.0488691 0.950898 220.303 -0.0369368 0.997322 0.0631266 -5.86111 -0.951436 -0.054416 0.302998 -25.772 
0.309634 -0.049517 0.949566 221.043 -0.0385603 0.997168 0.0645731 -5.83072 -0.950074 -0.0566095 0.306847 -25.504 
0.313866 -0.0466434 0.948321 221.791 -0.0408624 0.997204 0.062572 -5.79137 -0.948588 -0.0583899 0.311082 -25.2411 
0.317666 -0.0439117 0.947185 222.529 -0.0409752 0.997358 0.05998 -5.75712 -0.947317 -0.0578647 0.315028 -24.9749 
0.322294 -0.043292 0.945649 223.275 -0.0421846 0.997305 0.0600341 -5.72017 -0.945699 -0.0592404 0.319599 -24.7032 
0.326716 -0.0449228 0.944054 224.022 -0.0420406 0.99719 0.0620007 -5.68958 -0.944187 -0.0599452 0.32391 -24.425 
0.330788 -0.0450779 0.942628 224.755 -0.0382291 0.997399 0.0611126 -5.65307 -0.942931 -0.0562511 0.328204 -24.1542 
0.334893 -0.0451418 0.941174 225.49 -0.0350045 0.997566 0.060302 -5.62466 -0.941606 -0.05314 0.332498 -23.8808 
0.339067 -0.0431228 0.939773 226.23 -0.0356432 0.997643 0.0586382 -5.59091 -0.940087 -0.0533788 0.33673 -23.5975 
0.343638 -0.0432975 0.938103 226.968 -0.040657 0.997314 0.0609236 -5.55303 -0.938222 -0.0590761 0.340955 -23.3022 
0.348315 -0.0437066 0.936358 227.713 -0.0430779 0.997111 0.0625669 -5.51965 -0.936387 -0.0621293 0.345426 -23.0053 
0.352445 -0.0411925 0.934925 228.45 -0.0405248 0.997422 0.059223 -5.49151 -0.934955 -0.0587605 0.349867 -22.7154 
0.356313 -0.0343933 0.933733 229.183 -0.0396385 0.997866 0.0518818 -5.45967 -0.933525 -0.055498 0.35419 -22.4224 
0.359511 -0.0276891 0.93273 229.902 -0.0462687 0.997801 0.0474547 -5.42414 -0.931993 -0.0602166 0.357439 -22.1147 
0.362578 -0.0291681 0.931497 230.639 -0.051666 0.997344 0.0513406 -5.39348 -0.93052 -0.0667417 0.360108 -21.7982 
0.365015 -0.0395374 0.930162 231.374 -0.0511728 0.996735 0.0624485 -5.36257 -0.929594 -0.0703936 0.3618 -21.4885 
0.366655 -0.0519162 0.928907 232.12 -0.0473174 0.996109 0.074349 -5.32051 -0.929153 -0.0712139 0.362772 -21.1823 
0.368655 -0.0598494 0.927638 232.856 -0.0486351 0.995317 0.0835442 -5.27557 -0.928293 -0.0759148 0.364018 -20.8749 
0.370732 -0.061616 0.926694 233.585 -0.0502562 0.995004 0.0862634 -5.23016 -0.927379 -0.0785527 0.365783 -20.562 
0.373674 -0.0572694 0.92579 234.308 -0.0495654 0.995433 0.0815835 -5.18407 -0.926235 -0.0763728 0.369129 -20.256 
0.377701 -0.0511245 0.924515 235.032 -0.0488932 0.99598 0.0750513 -5.13068 -0.924636 -0.0735494 0.373683 -19.9479 
0.382051 -0.0467253 0.922959 235.75 -0.0488179 0.996306 0.0706464 -5.08473 -0.922851 -0.0720475 0.378359 -19.6323 
0.386132 -0.0445421 0.921368 236.479 -0.0471179 0.996577 0.0679245 -5.03885 -0.92124 -0.0696407 0.382711 -19.3135 
0.390302 -0.0424458 0.919708 237.197 -0.0461861 0.996776 0.0656029 -4.99562 -0.919528 -0.0680826 0.387083 -18.9895 
0.394084 -0.0438693 0.918027 237.911 -0.0451323 0.996731 0.0670044 -4.95714 -0.917966 -0.067838 0.390816 -18.6643 
0.397505 -0.049204 0.91628 238.651 -0.0432774 0.996445 0.0722837 -4.91645 -0.916579 -0.0683874 0.393962 -18.3335 
0.400604 -0.0555325 0.914567 239.351 -0.0412826 0.996054 0.0785632 -4.88166 -0.915321 -0.0692284 0.39673 -18.0101 
0.402878 -0.0611225 0.913211 240.086 -0.0398586 0.995649 0.0842245 -4.83188 -0.914386 -0.0703315 0.398689 -17.6717 
0.404807 -0.0664314 0.911986 240.809 -0.0379726 0.995276 0.0893536 -4.7763 -0.913613 -0.0708014 0.400372 -17.3333 
0.406327 -0.0737384 0.910747 241.542 -0.0359159 0.994679 0.0965577 -4.72565 -0.913021 -0.0719443 0.401517 -16.9909 
0.408105 -0.0740279 0.909929 242.278 -0.0360948 0.994619 0.0971066 -4.66059 -0.912221 -0.0724733 0.403237 -16.6479 
0.409815 -0.0626272 0.910016 242.993 -0.0450893 0.99503 0.0887833 -4.60957 -0.911053 -0.0774168 0.404955 -16.2938 
0.410433 -0.0490037 0.910573 243.713 -0.0469416 0.996096 0.0747648 -4.55653 -0.910682 -0.0734297 0.40653 -15.9493 
0.411296 -0.0411915 0.910571 244.437 -0.0469034 0.996699 0.0662736 -4.50282 -0.910294 -0.0699669 0.408006 -15.6099 
0.411254 -0.0437455 0.91047 245.177 -0.0463381 0.996553 0.0688122 -4.45245 -0.910342 -0.0704888 0.407809 -15.2645 
