1 -4.23778e-08 4.22719e-08 0 -4.23778e-08 1 -4.19404e-08 0 4.22719e-08 -4.19404e-08 1 0 
0.999991 -0.00262062 -0.00338965 -0.00710322 0.00261425 0.999995 -0.00185635 -0.00754092 0.00339458 0.00184738 0.999992 0.680987 
0.999967 -0.00127476 -0.0079725 -0.0204099 0.00124754 0.999993 -0.00340763 -0.0127451 0.00797688 0.00339749 0.999962 1.38447 
0.999931 -0.000924787 -0.0116823 -0.0466269 0.000865703 0.999987 -0.00505438 -0.0126134 0.0116869 0.00504384 0.999919 2.10508 
0.999863 0.000179561 -0.0165188 -0.0720915 -0.000271094 0.999985 -0.00553398 -0.0184742 0.0165176 0.00553762 0.999848 2.8363 
0.99977 -0.000794554 -0.0214308 -0.0924154 0.000673985 0.999984 -0.00562868 -0.0303175 0.021435 0.00561286 0.999754 3.58856 
0.999654 0.000712933 -0.0262848 -0.120916 -0.000897731 0.999975 -0.00701629 -0.0321856 0.0262792 0.00703737 0.99963 4.35742 
0.999508 0.00355242 -0.0311689 -0.160091 -0.00379556 0.999963 -0.00774242 -0.0381207 0.0311403 0.00785682 0.999484 5.13516 
0.999344 0.00431633 -0.0359599 -0.194549 -0.00454625 0.99997 -0.00631221 -0.0469805 0.0359317 0.00647147 0.999333 5.92556 
0.999175 0.00357326 -0.0404408 -0.237536 -0.00372471 0.999986 -0.0036683 -0.0562616 0.0404273 0.00381582 0.999175 6.72829 
0.999034 0.00314583 -0.0438281 -0.284106 -0.00320739 0.999994 -0.0013325 -0.0609203 0.0438237 0.0014717 0.999038 7.54885 
0.998906 0.00466468 -0.0465254 -0.340972 -0.00476363 0.999987 -0.00201437 -0.0671627 0.0465155 0.00223371 0.998915 8.37658 
0.998798 0.00432073 -0.0488177 -0.393988 -0.00444226 0.999987 -0.00237937 -0.0743907 0.0488069 0.00259329 0.998805 9.20772 
0.998764 0.00118574 -0.0496805 -0.458475 -0.0013234 0.999995 -0.00273658 -0.0813312 0.0496771 0.00279886 0.998761 10.0179 
0.998649 0.00103559 -0.051944 -0.512119 -0.00113657 0.999997 -0.00191303 -0.0895545 0.051942 0.0019694 0.998648 10.8568 
0.998586 -0.000450387 -0.0531624 -0.569548 0.000332295 0.999997 -0.00222862 -0.0984024 0.0531633 0.00220772 0.998583 11.7087 
0.998501 0.00144969 -0.0547042 -0.635685 -0.00169941 0.999988 -0.00451717 -0.10914 0.0546971 0.00460328 0.998492 12.5612 
0.998423 0.0019632 -0.0561086 -0.700631 -0.00236826 0.999972 -0.00715214 -0.118086 0.056093 0.00727365 0.998399 13.4284 
0.998318 0.00561103 -0.0577037 -0.768509 -0.00611407 0.999945 -0.00854344 -0.132505 0.0576526 0.00888179 0.998297 14.3073 
0.998266 0.00665381 -0.0584885 -0.836913 -0.00713323 0.999943 -0.00799043 -0.146062 0.0584321 0.0083937 0.998256 15.196 
0.998184 0.00589882 -0.0599442 -0.900437 -0.00629997 0.999959 -0.00650386 -0.159699 0.0599035 0.00686961 0.99818 16.0867 
0.998076 0.0060804 -0.0617001 -0.963701 -0.00638982 0.999968 -0.00481742 -0.174942 0.0616689 0.00520232 0.998083 16.9852 
0.998023 0.00553294 -0.0625981 -1.03319 -0.00583845 0.999972 -0.00469729 -0.190076 0.0625705 0.0050534 0.998028 17.8934 
0.997922 0.00538742 -0.0642044 -1.10917 -0.00576082 0.999967 -0.00563073 -0.203189 0.0641721 0.00598881 0.997921 18.8044 
0.997854 0.00370872 -0.0653686 -1.17809 -0.0041258 0.999972 -0.00624535 -0.217115 0.0653437 0.00650156 0.997842 19.7194 
0.997819 0.00359912 -0.0659131 -1.24821 -0.00393256 0.99998 -0.00492861 -0.224072 0.0658942 0.00517698 0.997813 20.6438 
0.997808 0.00469973 -0.0660131 -1.32094 -0.004795 0.999988 -0.00128354 -0.240182 0.0660064 0.00159717 0.997818 21.5669 
0.997866 0.0054565 -0.065065 -1.39885 -0.00532891 0.999983 0.00213565 -0.246316 0.0650757 -0.00178445 0.997879 22.5003 
0.997979 0.00418283 -0.0633988 -1.4729 -0.00387763 0.99998 0.00493751 -0.250805 0.0634183 -0.00468178 0.997976 23.4384 
0.998073 0.00385928 -0.0619254 -1.54398 -0.00350207 0.999977 0.00587727 -0.255776 0.0619467 -0.00564917 0.998063 24.3777 
0.998146 0.00322874 -0.0607825 -1.6035 -0.00304158 0.99999 0.00317277 -0.265409 0.0607923 -0.0029821 0.998146 25.3283 
0.998195 0.00371929 -0.0599328 -1.67253 -0.00383954 0.999991 -0.00188986 -0.268586 0.0599253 0.00211648 0.998201 26.2811 
0.99827 0.00207511 -0.0587586 -1.73824 -0.00235705 0.999986 -0.004728 -0.282715 0.058748 0.00485823 0.998261 27.2333 
0.998312 -0.000196817 -0.0580786 -1.80161 -8.49857e-06 0.999994 -0.00353344 -0.298859 0.058079 0.00352788 0.998306 28.195 
0.998292 -0.00202524 -0.0583769 -1.86762 0.00212537 0.999996 0.00165456 -0.31032 0.0583734 -0.00177589 0.998293 29.1692 
0.998237 -0.00628939 -0.0590105 -1.93178 0.00660541 0.999965 0.00516315 -0.321646 0.058976 -0.00554392 0.998244 30.1374 
0.998106 -0.0130657 -0.0601139 -1.99654 0.0133747 0.999899 0.00474241 -0.334798 0.060046 -0.00553752 0.99818 31.1167 
0.998022 -0.0151915 -0.0610045 -2.07362 0.0152726 0.999883 0.000866016 -0.34438 0.0609843 -0.00179609 0.998137 32.0782 
0.997957 -0.0148333 -0.0621453 -2.15167 0.0146591 0.999887 -0.00325611 -0.352457 0.0621867 0.00233837 0.998062 33.0477 
0.997847 -0.0132084 -0.0642362 -2.2338 0.0129808 0.999908 -0.00395774 -0.365881 0.0642827 0.0031153 0.997927 34.0303 
0.997813 -0.0131099 -0.0647877 -2.31188 0.0129703 0.999912 -0.00257421 -0.378494 0.0648159 0.00172818 0.997896 35.0289 
0.997776 -0.00971441 -0.065945 -2.3995 0.00974513 0.999952 0.000145403 -0.395083 0.0659405 -0.000787809 0.997823 36.0242 
0.997683 -0.0101042 -0.0672743 -2.47555 0.0101939 0.999947 0.000991504 -0.400375 0.0672608 -0.00167508 0.997734 37.0344 
0.99763 -0.00854272 -0.068267 -2.55991 0.00880625 0.999955 0.00356153 -0.411785 0.0682336 -0.00415436 0.997661 38.026 
0.997675 -0.00792269 -0.0676941 -2.64964 0.00838318 0.999944 0.00652243 -0.426064 0.0676387 -0.00707485 0.997685 39.0042 
0.997659 -0.00180862 -0.0683591 -2.73858 0.00240272 0.99996 0.00861087 -0.432359 0.0683409 -0.00875505 0.997624 40.0017 
0.997652 -0.0021057 -0.0684594 -2.82277 0.00264999 0.999965 0.00786193 -0.436974 0.0684406 -0.00802497 0.997623 40.9955 
0.997679 -0.00193122 -0.0680609 -2.90657 0.00235973 0.999978 0.00621734 -0.443213 0.0680474 -0.0063636 0.997662 41.9912 
0.997691 0.000412706 -0.0679091 -2.99646 -0.000131898 0.999991 0.00414069 -0.455091 0.0679103 -0.00412226 0.997683 42.9843 
0.997641 0.000120923 -0.068641 -3.08733 0.000160905 0.999991 0.00410147 -0.465228 0.068641 -0.00410293 0.997633 43.9818 
0.997539 -0.00186669 -0.070081 -3.16738 0.00225473 0.999982 0.00545949 -0.475548 0.0700697 -0.00560415 0.997526 44.9809 
0.997503 -0.00134565 -0.0706119 -3.25851 0.00181278 0.999977 0.00655304 -0.486269 0.0706015 -0.00666477 0.997482 45.9546 
0.997508 0.00101643 -0.0705401 -3.34987 -0.00080804 0.999995 0.00298379 -0.500312 0.0705429 -0.00291944 0.997504 46.9217 
0.997442 0.001385 -0.0714603 -3.43435 -0.00146511 0.999998 -0.00106753 -0.510768 0.0714588 0.00116941 0.997443 47.8906 
0.997409 0.0027376 -0.0718799 -3.5217 -0.00293178 0.999992 -0.00259501 -0.517198 0.0718723 0.00279894 0.99741 48.8542 
0.997401 0.00145854 -0.0720322 -3.60164 -0.00140183 0.999999 0.000838965 -0.529207 0.0720334 -0.000735895 0.997402 49.8328 
0.997377 -0.000579971 -0.0723745 -3.67612 0.000866434 0.999992 0.00392786 -0.540681 0.0723717 -0.00398036 0.99737 50.8127 
0.997362 -0.00258582 -0.0725472 -3.7589 0.00293324 0.999985 0.00468392 -0.551633 0.0725341 -0.00488445 0.997354 51.7751 
0.997326 -0.00589337 -0.0728464 -3.83513 0.00615979 0.999975 0.00343436 -0.561147 0.0728244 -0.00387398 0.997337 52.7406 
0.99727 -0.00908136 -0.0732796 -3.91196 0.00928216 0.999954 0.00240121 -0.576962 0.0732545 -0.00307494 0.997308 53.6936 
0.997173 -0.0106103 -0.0743923 -3.99443 0.0108842 0.999935 0.00327859 -0.58129 0.0743528 -0.00407911 0.997224 54.6514 
0.997044 -0.0138702 -0.0755659 -4.0734 0.0144702 0.999868 0.0074001 -0.592721 0.0754534 -0.00847177 0.997113 55.6028 
0.996978 -0.0148389 -0.0762536 -4.15691 0.0158368 0.999796 0.0125004 -0.597577 0.0760527 -0.0136703 0.99701 56.5582 
0.996956 -0.0133908 -0.0768024 -4.24441 0.0145333 0.999792 0.0143374 -0.598625 0.0765945 -0.01541 0.996943 57.5115 
0.996871 -0.0123287 -0.0780741 -4.33347 0.013202 0.999856 0.0106794 -0.608818 0.0779312 -0.0116768 0.99689 58.4395 
0.996782 -0.0107765 -0.079429 -4.42047 0.0110432 0.999935 0.00291974 -0.61417 0.0793924 -0.00378758 0.996836 59.3619 
0.996729 -0.00895396 -0.0803133 -4.5104 0.00881711 0.999959 -0.00205739 -0.622614 0.0803285 0.00134245 0.996767 60.277 
0.996708 -0.00367417 -0.0809938 -4.60775 0.00360084 0.999993 -0.00105052 -0.637124 0.0809972 0.000755333 0.996714 61.1849 
0.996605 -0.00098547 -0.0823205 -4.70053 0.00108987 0.999999 0.00122432 -0.652226 0.0823193 -0.00130997 0.996605 62.0834 
0.99654 0.00165575 -0.0830925 -4.79221 -0.00144463 0.999995 0.00260179 -0.662406 0.0830965 -0.00247284 0.996538 62.9713 
0.996442 0.00255036 -0.0842433 -4.88153 -0.00237107 0.999995 0.00222922 -0.67222 0.0842486 -0.00202163 0.996443 63.8369 
0.99628 0.00389324 -0.0860887 -4.96315 -0.00364049 0.999989 0.00309356 -0.685837 0.0860998 -0.00276874 0.996283 64.6865 
0.996127 0.00486137 -0.0877898 -5.04195 -0.00456123 0.999983 0.00362007 -0.697582 0.087806 -0.00320571 0.996132 65.525 
0.996001 0.00494052 -0.0892075 -5.12584 -0.00457165 0.99998 0.00433969 -0.717544 0.0892273 -0.00391459 0.996004 66.3401 
0.99591 0.00467555 -0.090228 -5.2176 -0.00420244 0.999976 0.00543369 -0.724146 0.0902514 -0.00503237 0.995906 67.1499 
0.995742 0.0074024 -0.09188 -5.3018 -0.00670278 0.999946 0.0079216 -0.729703 0.0919338 -0.00727211 0.995738 67.9517 
0.995608 0.00871411 -0.0932093 -5.39021 -0.00763008 0.999899 0.0119809 -0.736624 0.0933044 -0.0112172 0.995574 68.7446 
0.995448 0.0117302 -0.0945816 -5.48693 -0.0104791 0.999851 0.0137149 -0.743719 0.0947285 -0.0126614 0.995423 69.5219 
0.995282 0.014837 -0.0958872 -5.57607 -0.0139699 0.999855 0.00970886 -0.754243 0.0960175 -0.00832361 0.995345 70.2758 
0.995163 0.0147924 -0.0971197 -5.65973 -0.0146081 0.99989 0.00260897 -0.765982 0.0971477 -0.0011777 0.995269 70.9964 
0.995015 0.014113 -0.0987223 -5.73904 -0.0144886 0.99989 -0.00308824 -0.774747 0.098668 0.00450311 0.99511 71.7031 
0.994985 0.0149275 -0.0989004 -5.82657 -0.0154667 0.999869 -0.00468694 -0.773874 0.0988176 0.00619301 0.995086 72.399 
0.99488 0.0177421 -0.099494 -5.91735 -0.017966 0.999838 -0.00135398 -0.782589 0.099454 0.00313448 0.995037 73.0738 
0.99475 0.018019 -0.100731 -5.99721 -0.0180139 0.999837 0.000960661 -0.799503 0.100732 0.000858863 0.994913 73.728 
0.994691 0.0147287 -0.101842 -6.06707 -0.0150449 0.999884 -0.00233635 -0.813113 0.101796 0.00385606 0.994798 74.3619 
0.994777 0.0065984 -0.101862 -6.12667 -0.0073853 0.999946 -0.00734923 -0.824962 0.101808 0.00806303 0.994771 74.9738 
0.994882 0.00233453 -0.101014 -6.18964 -0.0035917 0.999918 -0.0122646 -0.83413 0.100977 0.0125646 0.994809 75.5827 
0.995179 0.00492268 -0.0979543 -6.25488 -0.00618184 0.999902 -0.0125544 -0.846778 0.097883 0.0130993 0.995112 76.1679 
0.995548 0.00979527 -0.0937425 -6.32711 -0.0107472 0.999896 -0.00965466 -0.858676 0.0936382 0.0106191 0.99555 76.7422 
0.99595 0.0082225 -0.0895306 -6.37371 -0.00884705 0.999939 -0.00658032 -0.872697 0.0894711 0.00734566 0.995962 77.311 
0.996459 0.00451519 -0.083952 -6.41286 -0.00475548 0.999985 -0.00266149 -0.879793 0.0839388 0.00305121 0.996466 77.8602 
0.997117 0.00034287 -0.0758778 -6.44922 -0.000292618 1 0.000674472 -0.889361 0.0758781 -0.000650411 0.997117 78.3923 
0.997875 0.00394086 -0.0650322 -6.48828 -0.0039204 0.999992 0.000443575 -0.899854 0.0650336 -0.000187767 0.997883 78.9103 
0.998713 0.00914913 -0.0498834 -6.52189 -0.00916888 0.999958 -0.000165554 -0.90733 0.0498799 0.00062263 0.998755 79.4148 
0.999388 0.0143299 -0.0318922 -6.53949 -0.0143322 0.999897 0.000159399 -0.910695 0.0318913 0.0002977 0.999491 79.9074 
0.999866 0.0128231 -0.0101764 -6.52683 -0.0128178 0.999918 0.000592069 -0.91399 0.0101833 -0.000461634 0.999948 80.3914 
0.999823 0.00936386 0.0163241 -6.50425 -0.00938988 0.999955 0.00151287 -0.923216 -0.0163092 -0.00166596 0.999866 80.8523 
0.998916 0.00826773 0.0458019 -6.46585 -0.00842374 0.999959 0.00321214 -0.932972 -0.0457734 -0.00359456 0.998945 81.3059 
0.996838 0.00780592 0.0790794 -6.41827 -0.00818831 0.999956 0.0045112 -0.94006 -0.0790406 -0.00514454 0.996858 81.7476 
0.993149 0.00802095 0.116579 -6.34506 -0.00868161 0.999949 0.00515958 -0.946283 -0.116532 -0.00613641 0.993168 82.1816 
0.987332 0.00826268 0.15845 -6.26007 -0.0091808 0.999945 0.0050627 -0.95056 -0.1584 -0.00645335 0.987354 82.6019 
0.979032 0.00820123 0.20354 -6.14972 -0.00942185 0.999943 0.00502818 -0.95777 -0.203487 -0.00684054 0.979054 83.0122 
0.967525 0.0105464 0.252554 -6.02027 -0.01165 0.999928 0.00287436 -0.965939 -0.252505 -0.00572334 0.967578 83.4032 
0.952062 0.0114907 0.305689 -5.87273 -0.0121749 0.999926 0.000331669 -0.977692 -0.305662 -0.00403758 0.952131 83.775 
0.932316 0.0116008 0.361459 -5.7015 -0.011737 0.999929 -0.00181898 -0.985642 -0.361454 -0.00254664 0.932386 84.1305 
0.907977 0.0122333 0.418841 -5.51132 -0.0118263 0.999924 -0.00356804 -0.992542 -0.418853 -0.00171372 0.908052 84.4707 
0.87904 0.0120645 0.476595 -5.29644 -0.0107907 0.999927 -0.00540975 -1.00093 -0.476625 -0.000387474 0.879106 84.7854 
0.845357 0.0106865 0.534094 -5.06637 -0.00779051 0.99994 -0.00767694 -1.00569 -0.534144 0.00232884 0.84539 85.0843 
0.808343 0.0106435 0.588615 -4.81673 -0.00684914 0.999939 -0.00867549 -1.01693 -0.588671 0.00298122 0.808367 85.3623 
0.76812 0.00940718 0.640237 -4.55171 -0.00568694 0.999953 -0.00786988 -1.02351 -0.64028 0.00240398 0.768137 85.6276 
0.724774 0.00934362 0.688923 -4.27194 -0.00692921 0.999956 -0.00627241 -1.02651 -0.688952 -0.000227654 0.724807 85.8773 
0.678682 0.00789705 0.734389 -3.98031 -0.00593178 0.999968 -0.00527119 -1.03916 -0.734408 -0.000778812 0.678708 86.1084 
0.631077 0.0069753 0.775689 -3.67487 -0.00267315 0.999973 -0.0068175 -1.04341 -0.775716 0.0022288 0.631078 86.3165 
0.58364 0.00428221 0.812001 -3.35439 0.0028455 0.999969 -0.00731887 -1.05412 -0.812008 0.0065821 0.58361 86.4955 
0.536119 0.0062459 0.844119 -3.03035 0.000843003 0.999968 -0.0079346 -1.06601 -0.844142 0.00496546 0.536096 86.6681 
0.487913 0.00909701 0.872845 -2.70514 -0.00330505 0.999958 -0.00857443 -1.07828 -0.872886 0.00129876 0.487923 86.8285 
0.441618 0.0113819 0.897131 -2.37029 -0.0038297 0.999934 -0.0108011 -1.08587 -0.897195 0.00133419 0.441633 86.9686 
0.399069 0.00862248 0.91688 -2.02126 0.00416822 0.999928 -0.0112178 -1.09179 -0.916911 0.0082984 0.399004 87.0774 
0.359191 0.00117207 0.933263 -1.65853 0.0189212 0.999784 -0.00853805 -1.09569 -0.933072 0.0207253 0.359091 87.1665 
0.323737 -0.00250371 0.946144 -1.29807 0.0232996 0.999714 -0.00532692 -1.09856 -0.94586 0.0237692 0.323703 87.2531 
0.290182 0.00180844 0.95697 -0.937133 0.0204015 0.999759 -0.00807574 -1.10604 -0.956754 0.021867 0.290075 87.3498 
0.25887 0.0094098 0.965866 -0.573798 0.00930695 0.999882 -0.0122357 -1.12177 -0.965867 0.0121567 0.258751 87.4494 
0.230112 0.0138287 0.973066 -0.19568 0.00461571 0.999872 -0.0153013 -1.13885 -0.973153 0.0080124 0.230019 87.5376 
0.203911 0.0154052 0.978868 0.198785 0.00564144 0.999841 -0.0169105 -1.15565 -0.978973 0.00897045 0.203792 87.6088 
0.180751 0.0167767 0.983386 0.603738 0.0133975 0.99972 -0.0195179 -1.16407 -0.983438 0.0167027 0.180476 87.6586 
0.160386 0.0231752 0.986782 1.01294 0.0197267 0.999449 -0.026679 -1.16689 -0.986857 0.0237449 0.159841 87.7012 
0.140663 0.0299414 0.989605 1.4362 0.0215904 0.999212 -0.033301 -1.16688 -0.989822 0.0260502 0.139906 87.7528 
0.122926 0.030588 0.991944 1.86956 0.0187577 0.999275 -0.0331387 -1.18103 -0.992238 0.0226802 0.122263 87.8049 
0.107077 0.0262988 0.993903 2.32499 0.0177477 0.99944 -0.0283574 -1.19845 -0.994092 0.0206759 0.106551 87.8636 
0.0925649 0.0231086 0.995438 2.79565 0.0184538 0.999519 -0.0249194 -1.21333 -0.995536 0.0206762 0.0920939 87.9042 
0.0789245 0.0207321 0.996665 3.26413 0.0204561 0.999539 -0.0224119 -1.22764 -0.996671 0.0221567 0.078464 87.949 
0.0672148 0.0199713 0.997539 3.75903 0.0241827 0.999473 -0.0216395 -1.24004 -0.997445 0.0255777 0.0666964 87.974 
0.0567901 0.0205451 0.998175 4.27863 0.0273203 0.999382 -0.0221244 -1.25787 -0.998012 0.0285269 0.0561937 88.0095 
0.048906 0.0210625 0.998581 4.80455 0.0292806 0.999318 -0.0225121 -1.27419 -0.998374 0.03034 0.0482559 88.0329 
0.04322 0.0213121 0.998838 5.35024 0.0306682 0.999273 -0.0226485 -1.29068 -0.998595 0.0316115 0.042535 88.0619 
0.0376497 0.0226437 0.999034 5.91313 0.0315516 0.999218 -0.023837 -1.30671 -0.998793 0.0324186 0.0369058 88.0843 
0.0307523 0.0232192 0.999257 6.5162 0.0311878 0.999221 -0.0241782 -1.32399 -0.99904 0.0319082 0.0300042 88.1276 
0.0267054 0.0234669 0.999368 7.11818 0.0336391 0.999137 -0.0243605 -1.33976 -0.999077 0.0342684 0.0258929 88.14 
0.0237673 0.0232807 0.999446 7.74106 0.0350135 0.999096 -0.0241053 -1.3598 -0.999104 0.0355671 0.0229307 88.1581 
0.0205732 0.0228876 0.999526 8.37629 0.0361323 0.999068 -0.0236209 -1.37969 -0.999135 0.0366012 0.0197271 88.1751 
0.0179144 0.0223208 0.99959 9.01498 0.0373209 0.999039 -0.0229774 -1.39621 -0.999143 0.0377172 0.0170642 88.1999 
0.0172297 0.0220378 0.999609 9.68319 0.0425731 0.998834 -0.0227546 -1.41615 -0.998945 0.0429485 0.0162714 88.2197 
0.0181831 0.021519 0.999603 10.3695 0.0461421 0.998685 -0.0223387 -1.44082 -0.998769 0.04653 0.0171662 88.2366 
0.0206233 0.0215354 0.999555 11.078 0.0474429 0.998621 -0.0224942 -1.4603 -0.998661 0.0478857 0.0195732 88.2564 
0.0237912 0.021409 0.999488 11.7838 0.0500802 0.99849 -0.0225798 -1.48471 -0.998462 0.0505918 0.0226831 88.3049 
0.0279817 0.0208992 0.99939 12.5251 0.0503674 0.998482 -0.0222906 -1.50568 -0.998339 0.0509604 0.0268866 88.3425 
0.0320999 0.0191247 0.999302 13.2822 0.0520397 0.998429 -0.0207797 -1.52704 -0.998129 0.0526703 0.0310542 88.3724 
0.0361414 0.0176679 0.99919 14.0516 0.0519881 0.998457 -0.0195354 -1.54888 -0.997993 0.052652 0.0351671 88.4085 
0.0402622 0.0156099 0.999067 14.8332 0.0490481 0.998642 -0.01758 -1.5661 -0.997985 0.0497101 0.0394418 88.4582 
0.0443805 0.0148084 0.998905 15.6341 0.0480388 0.998702 -0.0169398 -1.58464 -0.997859 0.048738 0.0436115 88.5054 
0.0482651 0.0159125 0.998708 16.4417 0.0451962 0.998814 -0.0180985 -1.60741 -0.997811 0.0460113 0.0474887 88.5656 
0.0513056 0.0195489 0.998492 17.2513 0.0430867 0.998834 -0.0217696 -1.64005 -0.997753 0.0441386 0.0504035 88.615 
0.0525143 0.0250398 0.998306 18.0615 0.0372599 0.99894 -0.0270158 -1.66458 -0.997925 0.0386155 0.0515256 88.6814 
0.0523527 0.0283306 0.998227 18.8672 0.0347733 0.99894 -0.0301746 -1.68779 -0.998023 0.0362913 0.0513121 88.7388 
0.0522135 0.027812 0.998249 19.681 0.0325408 0.999034 -0.0295361 -1.71797 -0.998106 0.034026 0.051258 88.8072 
0.0526959 0.0260881 0.99827 20.5031 0.0298257 0.999172 -0.0276862 -1.75212 -0.998165 0.0312331 0.0518741 88.8559 
0.052492 0.0250345 0.998307 21.3306 0.0306632 0.999174 -0.0266686 -1.78034 -0.99815 0.0320112 0.051681 88.9117 
0.0529046 0.0244211 0.998301 22.1523 0.0280319 0.999271 -0.0259304 -1.81237 -0.998206 0.0293561 0.0521814 88.968 
0.0527794 0.0248434 0.998297 22.9696 0.0265464 0.999302 -0.026272 -1.84593 -0.998253 0.0278879 0.052083 89.0335 
0.0527827 0.0253596 0.998284 23.7912 0.0236537 0.999365 -0.0266378 -1.8827 -0.998326 0.0250192 0.0521494 89.0941 
0.051482 0.0268498 0.998313 24.6009 0.0208197 0.999392 -0.0279525 -1.91216 -0.998457 0.0222237 0.0508917 89.153 
0.0487982 0.0263137 0.998462 25.4181 0.0177611 0.999472 -0.0272084 -1.94668 -0.998651 0.0190615 0.0483051 89.2044 
0.0448718 0.0252259 0.998674 26.2309 0.0149184 0.999553 -0.0259185 -1.97818 -0.998881 0.0160616 0.0444754 89.2567 
0.0410318 0.0223657 0.998907 27.0347 0.0131564 0.999651 -0.0229229 -2.0163 -0.999071 0.0140826 0.0407232 89.2799 
0.0347109 0.0203009 0.999191 27.846 0.0112585 0.999722 -0.0207029 -2.04795 -0.999334 0.011968 0.0344727 89.322 
0.0272057 0.0206834 0.999416 28.6544 0.010863 0.999721 -0.0209855 -2.07474 -0.999571 0.0114276 0.0269734 89.3543 
0.0182942 0.0214084 0.999603 29.4575 0.0105326 0.999711 -0.0216036 -2.10575 -0.999777 0.0109236 0.0180635 89.3825 
0.0083239 0.0220465 0.999722 30.2612 0.0106791 0.999698 -0.022135 -2.12926 -0.999908 0.0108604 0.00808595 89.3974 
-0.00167494 0.0209046 0.99978 31.0588 0.0122922 0.999706 -0.0208825 -2.16038 -0.999923 0.0122545 -0.00193141 89.3979 
-0.0122362 0.0202452 0.99972 31.8542 0.0108619 0.999739 -0.0201127 -2.18665 -0.999866 0.0106128 -0.0124529 89.392 
-0.0232983 0.019486 0.999539 32.642 0.0124312 0.999738 -0.0192002 -2.21213 -0.999651 0.0119781 -0.0235345 89.3771 
-0.0341358 0.0198233 0.999221 33.4218 0.0125481 0.999733 -0.0194049 -2.24066 -0.999338 0.0118759 -0.0343755 89.353 
-0.0453492 0.0206005 0.998759 34.2034 0.0126686 0.999719 -0.0200452 -2.26373 -0.998891 0.0117439 -0.0455974 89.3286 
-0.0560885 0.0215497 0.998193 34.9796 0.0124294 0.999705 -0.020884 -2.29745 -0.998348 0.0112356 -0.0563398 89.2953 
-0.0663997 0.023041 0.997527 35.7475 0.0138167 0.999659 -0.0221706 -2.31677 -0.997697 0.0123104 -0.0666954 89.2506 
-0.0758217 0.02369 0.99684 36.5118 0.0141117 0.999643 -0.0226833 -2.34463 -0.997021 0.0123472 -0.076129 89.1955 
-0.0854693 0.024006 0.996051 37.2685 0.0148814 0.999629 -0.0228153 -2.37759 -0.99623 0.0128726 -0.0857948 89.1345 
-0.094887 0.0246532 0.995183 38.011 0.0160737 0.999601 -0.0232302 -2.40058 -0.995358 0.013792 -0.0952454 89.0713 
-0.103411 0.0241365 0.994346 38.754 0.0172229 0.999599 -0.022473 -2.42725 -0.99449 0.0148016 -0.103785 88.9983 
-0.11116 0.0228462 0.99354 39.4786 0.0189636 0.999602 -0.020864 -2.45337 -0.993621 0.0165218 -0.111549 88.9277 
-0.116731 0.0211948 0.992937 40.1968 0.0218566 0.999585 -0.0187673 -2.48329 -0.992923 0.0195115 -0.117146 88.8555 
-0.120116 0.0195455 0.992567 40.8998 0.024932 0.99955 -0.016666 -2.51101 -0.992447 0.0227449 -0.120549 88.7636 
-0.122592 0.0185144 0.992284 41.6019 0.0268926 0.999521 -0.0153271 -2.53337 -0.992093 0.0248061 -0.123031 88.6818 
-0.124439 0.0177791 0.992068 42.2966 0.0272468 0.999524 -0.0144951 -2.55521 -0.991853 0.0252269 -0.124864 88.6028 
-0.125492 0.0181516 0.991928 42.9678 0.0277296 0.999506 -0.0147822 -2.57878 -0.991707 0.0256508 -0.125934 88.5311 
-0.12459 0.0193744 0.992019 43.6268 0.0286536 0.999463 -0.0159211 -2.59632 -0.991794 0.0264413 -0.125078 88.4557 
-0.12162 0.0211011 0.992352 44.2705 0.0299326 0.999397 -0.0175825 -2.61648 -0.992125 0.0275653 -0.122178 88.3867 
-0.116437 0.0217563 0.99296 44.9025 0.0301139 0.999378 -0.0183658 -2.63587 -0.992741 0.0277634 -0.117019 88.3264 
-0.108507 0.0224177 0.993843 45.5086 0.0291492 0.999387 -0.0193604 -2.65725 -0.993668 0.026869 -0.109094 88.2733 
-0.0973114 0.0225377 0.994999 46.0913 0.0284291 0.999398 -0.0198571 -2.67689 -0.994848 0.0263546 -0.0978936 88.2286 
-0.0836861 0.0225895 0.996236 46.6533 0.0269214 0.999429 -0.0204005 -2.70452 -0.996128 0.0251128 -0.0842465 88.1978 
-0.0664481 0.0236954 0.997508 47.1987 0.0262417 0.999414 -0.0219926 -2.73084 -0.997445 0.0247149 -0.067031 88.1807 
-0.0450531 0.0262219 0.99864 47.7304 0.0247522 0.999378 -0.0251247 -2.75528 -0.998678 0.0235866 -0.0456742 88.1764 
-0.0206991 0.0290269 0.999364 48.2627 0.0226785 0.999335 -0.0285564 -2.77841 -0.999528 0.022073 -0.0213436 88.1916 
0.00807988 0.0304716 0.999503 48.7862 0.0206112 0.999318 -0.0306327 -2.80519 -0.999755 0.0208484 0.00744632 88.2168 
0.0416075 0.0296006 0.998695 49.3097 0.0182326 0.999372 -0.0303803 -2.83487 -0.998968 0.0194729 0.0410417 88.256 
0.0799346 0.0272439 0.996428 49.8287 0.0175955 0.999432 -0.0287376 -2.85373 -0.996645 0.0198297 0.0794098 88.3226 
0.122511 0.0235793 0.992187 50.3435 0.0153868 0.999552 -0.0256544 -2.87372 -0.992348 0.0184096 0.122094 88.4092 
0.168536 0.0190369 0.985512 50.8457 0.0126465 0.999689 -0.0214735 -2.89675 -0.985614 0.0160823 0.168243 88.5176 
0.217927 0.0158344 0.975836 51.3394 0.00835182 0.999801 -0.0180886 -2.91794 -0.975929 0.012092 0.217752 88.6495 
0.270072 0.0137132 0.962742 51.8092 0.0040586 0.999873 -0.0153808 -2.94734 -0.962831 0.00806129 0.269982 88.8125 
0.326214 0.0131288 0.945205 52.2857 0.00347067 0.99988 -0.0150862 -2.96143 -0.94529 0.0082018 0.326129 89.0012 
0.384831 0.014328 0.922876 52.7326 0.00534753 0.999828 -0.0177527 -2.97043 -0.922972 0.0117669 0.384688 89.2194 
0.445417 0.0174144 0.895154 53.1586 0.00641337 0.999723 -0.02264 -2.9876 -0.8953 0.0158251 0.445182 89.4631 
0.504893 0.0213489 0.862918 53.5522 0.00748592 0.999548 -0.0291093 -2.99628 -0.863149 0.0211568 0.504505 89.7419 
0.563205 0.0255035 0.825924 53.924 0.00341299 0.999443 -0.033189 -3.00961 -0.82631 0.021511 0.562804 90.051 
0.619182 0.0292328 0.784703 54.2727 -0.000980171 0.999335 -0.0364552 -3.01721 -0.785247 0.0218032 0.618799 90.3858 
0.672076 0.0302404 0.739865 54.587 -0.00284911 0.999264 -0.0382548 -3.034 -0.740477 0.0236021 0.671667 90.7295 
0.720979 0.028311 0.692378 54.8702 -0.00329607 0.999294 -0.0374286 -3.05422 -0.692949 0.0247031 0.720563 91.0908 
0.766634 0.0242632 0.641626 55.1407 -0.00497924 0.99948 -0.0318463 -3.07469 -0.642065 0.0212196 0.766356 91.4789 
0.808049 0.0201079 0.588771 55.3771 -0.00641893 0.999658 -0.0253312 -3.08655 -0.58908 0.0166895 0.807903 91.8937 
0.844792 0.0174233 0.534811 55.5859 -0.00867731 0.999784 -0.0188647 -3.10233 -0.535025 0.011296 0.844761 92.3184 
0.876084 0.0145436 0.481939 55.7656 -0.00997991 0.999878 -0.0120319 -3.11048 -0.482055 0.00573121 0.876122 92.7583 
0.902004 0.014851 0.431473 55.9264 -0.0133493 0.99989 -0.00650883 -3.12389 -0.431522 0.000111082 0.902102 93.1969 
0.922468 0.0164056 0.385724 56.0672 -0.0168127 0.999856 -0.00231806 -3.14409 -0.385707 -0.0043468 0.922611 93.6457 
0.937896 0.0226356 0.346176 56.1831 -0.0242176 0.999707 0.000244423 -3.15106 -0.346069 -0.00861288 0.938169 94.105 
0.949936 0.0270949 0.311266 56.2928 -0.028316 0.999599 -0.000596706 -3.15663 -0.311158 -0.00824706 0.950322 94.5709 
0.959476 0.0291563 0.280278 56.4044 -0.0302319 0.999543 -0.000486418 -3.15846 -0.280164 -0.00800668 0.959919 95.0399 
0.965651 0.0236748 0.258763 56.5072 -0.024396 0.999702 -0.000424287 -3.16059 -0.258695 -0.00590314 0.965941 95.5256 
0.969875 0.020629 0.24273 56.6184 -0.0213316 0.999772 0.000266242 -3.16849 -0.242669 -0.00543611 0.970094 96.0161 
0.972858 0.0247554 0.230074 56.7144 -0.0253722 0.999678 -0.000278142 -3.17282 -0.230007 -0.00556697 0.973173 96.5093 
0.974903 0.0299733 0.220601 56.8027 -0.0307643 0.999527 0.000149713 -3.17223 -0.220492 -0.00693266 0.975364 97.0143 
0.975962 0.0379671 0.214608 56.8893 -0.0385759 0.999255 -0.00135235 -3.17284 -0.214499 -0.00695893 0.976699 97.5353 
0.976442 0.0435694 0.211336 56.9905 -0.0435517 0.99904 -0.00474116 -3.18253 -0.21134 -0.00457466 0.977402 98.0445 
0.976496 0.045005 0.210785 57.0879 -0.0444833 0.998984 -0.00721879 -3.19423 -0.210895 -0.00232734 0.977506 98.5961 
0.976007 0.0439376 0.21326 57.2048 -0.0426543 0.999033 -0.0106175 -3.20708 -0.21352 0.00126617 0.976938 99.1311 
0.975188 0.0429458 0.217171 57.3249 -0.0402021 0.999046 -0.0170384 -3.21585 -0.217696 0.00788484 0.975985 99.6832 
0.97429 0.0431344 0.221131 57.4513 -0.0392938 0.998991 -0.0217406 -3.22354 -0.221845 0.0124925 0.975002 100.246 
0.973066 0.0478934 0.225498 57.5726 -0.0441694 0.998792 -0.0215341 -3.23415 -0.226256 0.0109939 0.974006 100.821 
0.971526 0.0508757 0.231406 57.6946 -0.0481019 0.998687 -0.0176172 -3.24827 -0.231998 0.00598445 0.972698 101.426 
0.970554 0.047647 0.236126 57.8364 -0.0459014 0.998863 -0.0128875 -3.26447 -0.236471 0.00166942 0.971637 102.033 
0.969917 0.0431166 0.239588 57.9938 -0.0425522 0.999066 -0.00753089 -3.2739 -0.239689 -0.00289075 0.970845 102.642 
0.969022 0.0406562 0.243606 58.1402 -0.0411824 0.999147 -0.00293497 -3.28415 -0.243517 -0.00718829 0.96987 103.276 
0.968412 0.036271 0.246703 58.2943 -0.0368347 0.999319 -0.00233163 -3.29293 -0.24662 -0.00682934 0.969088 103.919 
0.968436 0.0325376 0.247128 58.4506 -0.0322449 0.999466 -0.00523308 -3.30416 -0.247166 -0.00290076 0.968969 104.564 
0.968568 0.031229 0.246782 58.604 -0.0290695 0.999501 -0.0123907 -3.31268 -0.247046 0.0048273 0.968992 105.215 
0.96873 0.0335252 0.245841 58.7634 -0.0297246 0.999374 -0.0191555 -3.32423 -0.246329 0.0112489 0.969121 105.875 
0.969417 0.0360027 0.242763 58.9233 -0.0313151 0.999242 -0.023142 -3.33215 -0.243412 0.0148321 0.969809 106.552 
0.970066 0.0341017 0.240435 59.0819 -0.0304566 0.999358 -0.0188617 -3.34595 -0.240924 0.0109742 0.970482 107.256 
0.97048 0.0299558 0.239315 59.2445 -0.0280778 0.999542 -0.0112542 -3.36331 -0.239542 0.00420251 0.970877 107.965 
0.971046 0.0302589 0.236967 59.4083 -0.0297967 0.999541 -0.0055332 -3.37936 -0.237026 -0.00168791 0.971502 108.691 
0.97142 0.0331316 0.235044 59.5652 -0.0325428 0.99945 -0.00638495 -3.39157 -0.235126 -0.0014466 0.971964 109.417 
0.971723 0.0386404 0.232938 59.7174 -0.0370714 0.999251 -0.0111117 -3.40329 -0.233193 0.00216202 0.972428 110.156 
0.972633 0.039423 0.228977 59.8768 -0.0366476 0.999194 -0.0163625 -3.41436 -0.229438 0.00752318 0.973294 110.891 
0.973626 0.0376794 0.225018 60.0411 -0.0342397 0.99923 -0.0191711 -3.43163 -0.225567 0.0109609 0.974166 111.651 
0.97465 0.0352696 0.220939 60.209 -0.0321403 0.999326 -0.0177443 -3.44972 -0.221416 0.0101934 0.975126 112.42 
0.975527 0.0314063 0.217626 60.3738 -0.0286691 0.999465 -0.0157248 -3.47006 -0.218003 0.00910075 0.975906 113.207 
0.975951 0.0305501 0.215837 60.5391 -0.0283749 0.99951 -0.0131708 -3.48777 -0.216134 0.00672959 0.976341 114.001 
0.976347 0.0270115 0.214517 60.7065 -0.0252904 0.999622 -0.0107642 -3.50361 -0.214727 0.0050843 0.976661 114.807 
0.976558 0.0219194 0.214135 60.879 -0.0203548 0.999748 -0.0095095 -3.51801 -0.214289 0.00492782 0.976758 115.612 
0.976737 0.0225798 0.213247 61.0493 -0.0212977 0.999739 -0.00830867 -3.52703 -0.213379 0.00357365 0.976963 116.429 
0.976508 0.0281443 0.213637 61.2086 -0.0266156 0.999595 -0.0100297 -3.55159 -0.213832 0.00410798 0.976862 117.25 
0.976236 0.0336086 0.214089 61.3678 -0.0314584 0.999415 -0.0134441 -3.56742 -0.214415 0.00638968 0.976722 118.072 
0.975687 0.0426884 0.21497 61.5314 -0.0403973 0.99907 -0.0150424 -3.58669 -0.215412 0.00599236 0.976505 118.903 
0.974657 0.0486973 0.218339 61.6812 -0.0466792 0.998806 -0.0143956 -3.60588 -0.218779 0.00383885 0.975767 119.741 
0.973862 0.0515066 0.221224 61.8521 -0.0499748 0.998672 -0.0125202 -3.62897 -0.221575 0.0011373 0.975143 120.579 
0.97321 0.0520055 0.223961 62.0279 -0.0502853 0.998645 -0.0133814 -3.64783 -0.224353 0.0017609 0.974506 121.427 
0.972859 0.0503666 0.22585 62.2081 -0.0480167 0.99872 -0.0158899 -3.67055 -0.226361 0.00461394 0.974032 122.269 
0.972913 0.04397 0.22695 62.4076 -0.0417648 0.999022 -0.0145126 -3.69084 -0.227366 0.00464095 0.973798 123.112 
0.973165 0.0375116 0.227032 62.6029 -0.0348284 0.999268 -0.0158148 -3.71867 -0.227459 0.00748319 0.973759 123.945 
0.972945 0.0369793 0.228056 62.7904 -0.0342832 0.999288 -0.0157737 -3.74584 -0.228477 0.00752839 0.97352 124.778 
0.972381 0.03943 0.230045 62.9725 -0.0374382 0.999214 -0.0130184 -3.76593 -0.230377 0.00404636 0.973093 125.624 
0.971997 0.0414795 0.231302 63.1519 -0.0409016 0.999136 -0.00729575 -3.78704 -0.231404 -0.00236922 0.972855 126.466 
0.971661 0.0450451 0.232047 63.3305 -0.0456132 0.998955 -0.00292006 -3.81139 -0.231936 -0.00774719 0.9727 127.299 
0.971464 0.0442888 0.233016 63.5149 -0.043344 0.999018 -0.0091764 -3.83426 -0.233193 -0.00118537 0.97243 128.124 
0.971715 0.0402309 0.232703 63.7067 -0.0357414 0.999085 -0.0234794 -3.85776 -0.233435 0.0144981 0.972264 128.936 
0.971969 0.0377792 0.232052 63.8982 -0.0310585 0.998987 -0.0325494 -3.88318 -0.233047 0.0244297 0.972159 129.742 
0.972233 0.0345837 0.231445 64.0808 -0.0299187 0.999273 -0.0236369 -3.9021 -0.232094 0.0160559 0.972561 130.578 
0.972688 0.0277002 0.230458 64.2732 -0.0277735 0.99961 -0.00292679 -3.9265 -0.230449 -0.00355385 0.973078 131.416 
0.973096 0.0239192 0.229155 64.4637 -0.027498 0.999544 0.0124358 -3.9516 -0.228753 -0.0184026 0.97331 132.256 
0.973124 0.0284015 0.228524 64.6388 -0.0307254 0.999506 0.00661686 -3.96329 -0.228223 -0.0134606 0.973516 133.071 
0.97325 0.0370611 0.226738 64.799 -0.0358834 0.999312 -0.00931546 -3.97497 -0.226927 0.000930072 0.973911 133.882 
0.97361 0.0367666 0.225237 64.9778 -0.0338031 0.999284 -0.0170012 -3.99112 -0.225701 0.00893872 0.974156 134.687 
0.974361 0.0323608 0.222651 65.1638 -0.0290985 0.999416 -0.0179184 -4.01148 -0.223101 0.0109801 0.974733 135.49 
0.974991 0.0320285 0.219923 65.3343 -0.0291599 0.999442 -0.016279 -4.03877 -0.220321 0.00945886 0.975381 136.311 
0.975749 0.0315872 0.2166 65.4959 -0.0284363 0.99944 -0.0176495 -4.05947 -0.217036 0.0110621 0.976101 137.121 
0.976889 0.0326422 0.211242 65.6589 -0.0292403 0.999388 -0.0192092 -4.0849 -0.211739 0.0125884 0.977245 137.917 
0.97733 0.0373958 0.208394 65.8097 -0.0340935 0.99923 -0.0194173 -4.11134 -0.208959 0.0118721 0.977852 138.724 
0.977493 0.0437503 0.20638 65.9517 -0.0405296 0.998982 -0.0198103 -4.13471 -0.207036 0.0109999 0.978271 139.52 
0.977913 0.0448264 0.204147 66.1063 -0.0420794 0.998956 -0.0177798 -4.16037 -0.204731 0.00879663 0.978779 140.32 
0.978275 0.042507 0.202909 66.2632 -0.0407298 0.999086 -0.0129287 -4.18337 -0.203273 0.00438332 0.979112 141.132 
0.978697 0.0409203 0.201193 66.416 -0.0390434 0.999149 -0.0132903 -4.19944 -0.201565 0.00515186 0.979461 141.937 
0.979287 0.0391524 0.198656 66.5685 -0.036667 0.999197 -0.0161762 -4.22492 -0.19913 0.00855698 0.979936 142.733 
0.980378 0.0346672 0.194056 66.711 -0.0314854 0.999315 -0.019458 -4.25445 -0.194598 0.0129662 0.980797 143.504 
0.981714 0.031787 0.18769 66.8504 -0.0284915 0.999389 -0.0202312 -4.27868 -0.188218 0.0145136 0.98202 144.295 
0.983003 0.0297107 0.181167 66.9859 -0.0274324 0.99951 -0.0150695 -4.29759 -0.181526 0.00984344 0.983337 145.096 
0.984243 0.0267499 0.174786 67.1207 -0.0259916 0.99964 -0.00662684 -4.31793 -0.1749 0.00197938 0.984584 145.908 
0.984965 0.0233625 0.171168 67.2497 -0.0242057 0.999703 0.00283998 -4.33661 -0.171051 -0.00694061 0.985238 146.713 
0.985456 0.030092 0.167247 67.3558 -0.0314311 0.999491 0.00536419 -4.34767 -0.167001 -0.010543 0.9859 147.516 
0.986109 0.0327791 0.162831 67.4573 -0.0333767 0.999442 0.000934389 -4.36414 -0.162709 -0.00635624 0.986654 148.306 
0.987368 0.0333306 0.154898 67.5745 -0.0322951 0.999436 -0.00919812 -4.37694 -0.155117 0.0040794 0.987888 149.095 
0.988449 0.0301084 0.148529 67.6815 -0.0282385 0.999493 -0.0146839 -4.38465 -0.148896 0.0103199 0.988799 149.892 
0.989435 0.0292211 0.141999 67.782 -0.0275438 0.999526 -0.0137643 -4.39698 -0.142334 0.00970757 0.989771 150.707 
0.990296 0.0356394 0.134328 67.8665 -0.0345603 0.999349 -0.0103579 -4.42058 -0.13461 0.00561491 0.990883 151.529 
0.991076 0.0413495 0.126723 67.9395 -0.0401732 0.999123 -0.0118257 -4.44215 -0.127101 0.00662917 0.991868 152.337 
0.992229 0.0439336 0.116413 68.0172 -0.0421731 0.998956 -0.0175447 -4.46061 -0.117062 0.0124987 0.993046 153.141 
0.993199 0.0427909 0.10828 68.0864 -0.0408556 0.998964 -0.0200307 -4.47673 -0.109025 0.0154706 0.993919 153.955 
0.994072 0.0424258 0.1001 68.1556 -0.0408891 0.999013 -0.0173558 -4.49514 -0.100738 0.0131598 0.994826 154.777 
0.994707 0.0449083 0.0924182 68.2083 -0.0441728 0.998974 -0.00999073 -4.51931 -0.092772 0.0058554 0.99567 155.596 
0.99525 0.0483746 0.0844797 68.2518 -0.0481727 0.998829 -0.00442949 -4.53481 -0.084595 0.000338759 0.996415 156.418 
0.995943 0.0469449 0.0767734 68.3 -0.0470183 0.998894 -0.000853379 -4.54925 -0.0767284 -0.00275991 0.997048 157.247 
0.996384 0.0475486 0.0704186 68.3456 -0.0477485 0.998859 0.00115595 -4.55679 -0.0702832 -0.00451423 0.997517 158.073 
0.996738 0.0465986 0.06589 68.3923 -0.0466717 0.99891 -0.00043133 -4.57133 -0.0658382 -0.00264535 0.997827 158.894 
0.996783 0.0515426 0.0613682 68.422 -0.0512883 0.998667 -0.00571395 -4.58639 -0.0615808 0.00254803 0.998099 159.705 
0.996653 0.0579905 0.057625 68.4419 -0.0573414 0.998272 -0.0128578 -4.59341 -0.058271 0.00951039 0.998255 160.506 
0.996799 0.0586098 0.054373 68.4719 -0.0578669 0.998209 -0.0151419 -4.60947 -0.055163 0.0119469 0.998406 161.327 
0.99685 0.0604463 0.0513505 68.4976 -0.060074 0.998155 -0.00876663 -4.62996 -0.0517856 0.00565411 0.998642 162.156 
0.996833 0.0623529 0.049361 68.521 -0.0624974 0.998044 0.00138493 -4.63837 -0.049178 -0.00446556 0.99878 162.991 
0.996933 0.0633066 0.0460099 68.5468 -0.0637778 0.997925 0.0088433 -4.65019 -0.0453545 -0.0117507 0.998902 163.815 
0.997376 0.0599801 0.0405474 68.5723 -0.0602564 0.998167 0.00562324 -4.65926 -0.0401357 -0.0080518 0.999162 164.632 
0.998262 0.0477456 0.0345498 68.6053 -0.0476354 0.998857 -0.00400837 -4.66751 -0.0347016 0.00235553 0.999395 165.44 
0.998624 0.0449888 0.0269449 68.6244 -0.0447667 0.998959 -0.00879279 -4.66956 -0.0273123 0.00757438 0.999598 166.259 
0.998611 0.0486954 0.0201281 68.6186 -0.0485466 0.99879 -0.00782215 -4.67626 -0.0204846 0.00683405 0.999767 167.099 
0.998834 0.0465798 0.0126476 68.6175 -0.0465644 0.998914 -0.00151805 -4.69249 -0.0127045 0.000927266 0.999919 167.937 
0.99915 0.0409193 0.0050506 68.6168 -0.0409291 0.99916 0.00184505 -4.69898 -0.00497077 -0.00205028 0.999985 168.773 
0.999482 0.0321505 -0.00128675 68.6214 -0.0321418 0.999463 0.0063487 -4.70659 0.00149026 -0.00630414 0.999979 169.609 
0.999576 0.0281383 -0.00751831 68.6062 -0.0280931 0.999587 0.00607002 -4.71132 0.00768609 -0.00585631 0.999953 170.446 
0.999595 0.0249205 -0.0137072 68.5797 -0.0249335 0.999689 -0.000767731 -4.72144 0.0136839 0.00110911 0.999906 171.279 
0.999655 0.0155131 -0.0211859 68.5553 -0.0157423 0.999819 -0.0106915 -4.7327 0.0210162 0.0110212 0.999718 172.111 
0.999605 0.00542554 -0.0275871 68.5376 -0.00583538 0.999873 -0.0147944 -4.7407 0.0275034 0.0149495 0.99951 172.946 
0.999378 0.00899808 -0.0340889 68.4949 -0.00926582 0.999927 -0.00770176 -4.75109 0.0340172 0.00801275 0.999389 173.785 
0.999046 0.0189948 -0.0393121 68.434 -0.0187989 0.999809 0.00534805 -4.76019 0.0394062 -0.00460401 0.999213 174.636 
0.998738 0.0239967 -0.0441109 68.3762 -0.0234299 0.999637 0.0133242 -4.77207 0.0444147 -0.012274 0.998938 175.49 
0.998581 0.0237621 -0.0476485 68.3215 -0.0233065 0.999677 0.0100953 -4.77621 0.0478731 -0.0089705 0.998813 176.322 
0.998438 0.0259211 -0.0494997 68.2619 -0.0259904 0.999662 -0.000755912 -4.78315 0.0494634 0.00204116 0.998774 177.154 
0.997964 0.0361355 -0.0525619 68.1916 -0.0367078 0.999276 -0.00996273 -4.79209 0.0521639 0.0118718 0.998568 177.981 
0.997895 0.0346498 -0.0548088 68.1288 -0.0354423 0.99928 -0.0135526 -4.80647 0.0542998 0.0154665 0.998405 178.83 
0.997938 0.0292653 -0.0571167 68.0783 -0.0298153 0.999517 -0.00879857 -4.81998 0.0568317 0.0104833 0.998329 179.691 
0.997952 0.0292692 -0.0568689 68.0175 -0.0293309 0.99957 -0.00024928 -4.82881 0.0568372 0.0019167 0.998382 180.552 
0.997887 0.0310121 -0.0570883 67.9614 -0.0307735 0.999514 0.00505411 -4.8382 0.0572174 -0.00328671 0.998356 181.407 
0.997779 0.0308401 -0.059037 67.9025 -0.0306361 0.999521 0.00435965 -4.84869 0.0591432 -0.00254139 0.998246 182.259 
0.997742 0.027509 -0.0612626 67.8378 -0.0278725 0.999598 -0.00508535 -4.85762 0.0610982 0.00678133 0.998109 183.108 
0.99783 0.0170129 -0.0636088 67.7867 -0.0180722 0.999707 -0.0161135 -4.87789 0.0633161 0.017228 0.997845 183.952 
0.997823 0.00643706 -0.0656368 67.7347 -0.00777413 0.999767 -0.0201345 -4.89572 0.065492 0.0206008 0.99764 184.803 
0.997734 0.00864802 -0.066725 67.6662 -0.00972135 0.999828 -0.0157768 -4.91266 0.0665772 0.0163896 0.997647 185.655 
0.99759 0.0139868 -0.0679536 67.5876 -0.0143835 0.999882 -0.00535151 -4.93215 0.0678708 0.00631594 0.997674 186.513 
0.997464 0.0151275 -0.0695503 67.5173 -0.0152781 0.999882 -0.00163283 -4.95457 0.0695174 0.0026912 0.997577 187.362 
0.997428 0.0140084 -0.0702936 67.4469 -0.0144287 0.999881 -0.00547296 -4.9694 0.0702086 0.00647304 0.997511 188.207 
0.997457 0.0142619 -0.0698344 67.3746 -0.0151121 0.999818 -0.0116598 -4.9807 0.0696555 0.0126854 0.99749 189.043 
0.997311 0.0204548 -0.0703726 67.2961 -0.0213492 0.9997 -0.0119802 -4.99977 0.0701065 0.0134503 0.997449 189.878 
0.997248 0.0230991 -0.0704426 67.2166 -0.0237945 0.999676 -0.00904832 -5.01897 0.0702109 0.0106995 0.997475 190.72 
0.997116 0.0264524 -0.071138 67.14 -0.0269436 0.999619 -0.00595349 -5.03971 0.0709535 0.00785295 0.997449 191.549 
0.997037 0.0289262 -0.0712733 67.0665 -0.0291775 0.999571 -0.00248537 -5.06615 0.0711709 0.00455749 0.997454 192.371 
