1 -4.23778e-08 4.22719e-08 0 -4.23778e-08 1 -4.19404e-08 0 4.22719e-08 -4.19404e-08 1 0 
0.99909 -0.000441359 0.0426434 0.11499 0.000536969 0.999997 -0.00223269 -0.0491106 -0.0426422 0.00225347 0.999088 1.09417 
0.996259 -0.00468338 0.0862917 0.388675 0.00526259 0.999965 -0.00648703 -0.112678 -0.0862582 0.0069168 0.996249 2.11108 
0.991377 -0.00416224 0.130976 0.558605 0.00557715 0.99993 -0.0104386 -0.140238 -0.130923 0.011079 0.991331 3.18211 
0.984323 -0.00290044 0.176351 0.794513 0.00518354 0.999909 -0.0124875 -0.211746 -0.176298 0.0132058 0.984248 4.31799 
0.974999 -0.00555244 0.22214 1.00261 0.00851591 0.999887 -0.0123853 -0.240549 -0.222046 0.0139674 0.974936 5.29043 
0.963629 -0.00674253 0.26716 1.29673 0.0106962 0.999854 -0.0133467 -0.271681 -0.26703 0.0157188 0.96356 6.32391 
0.950106 -0.00949637 0.311783 1.46157 0.015125 0.999763 -0.0156401 -0.31505 -0.311561 0.0195754 0.950024 7.21312 
0.93514 -0.0113017 0.354098 1.81394 0.0184563 0.999688 -0.0168348 -0.356534 -0.353797 0.0222781 0.935057 8.13752 
0.91808 -0.0116575 0.396224 2.20722 0.0202478 0.999642 -0.017505 -0.387196 -0.395878 0.0240935 0.917987 9.05184 
0.898593 -0.0119547 0.43862 2.62979 0.0209049 0.99966 -0.0155817 -0.426452 -0.438285 0.0231709 0.898537 9.93264 
0.87715 -0.0120509 0.480065 3.08613 0.0214384 0.999671 -0.0140769 -0.485313 -0.479737 0.0226393 0.87712 10.7515 
0.853269 -0.0119507 0.521334 3.58903 0.0218141 0.99968 -0.0127873 -0.519617 -0.521014 0.0222833 0.853257 11.5817 
0.828053 -0.0127246 0.560506 4.22191 0.0238739 0.999636 -0.0125761 -0.564935 -0.560142 0.0237951 0.828055 12.4924 
0.800449 -0.0146819 0.599221 4.8063 0.0271459 0.999562 -0.0117711 -0.605972 -0.598786 0.0256885 0.800497 13.3553 
0.771825 -0.0132875 0.635696 5.43381 0.0275811 0.99954 -0.0125949 -0.630309 -0.635236 0.0272543 0.771837 14.1365 
0.741038 -0.0161964 0.671268 6.11283 0.0319893 0.999425 -0.0112002 -0.646301 -0.670701 0.0297732 0.74113 14.9427 
0.709261 -0.0156282 0.704773 6.8096 0.0321978 0.999429 -0.0102409 -0.684594 -0.70421 0.0299555 0.709359 15.6449 
0.675129 -0.0141377 0.737564 7.54285 0.0329558 0.999396 -0.0110097 -0.713402 -0.736963 0.03174 0.675188 16.3299 
0.639606 -0.0154674 0.768547 8.28913 0.0373167 0.999243 -0.0109458 -0.739765 -0.767796 0.0356806 0.6397 16.951 
0.603232 -0.0137573 0.797447 9.07812 0.0372473 0.999246 -0.0109374 -0.770453 -0.796695 0.0363005 0.60329 17.543 
0.565408 -0.0124513 0.824717 9.91153 0.0396889 0.999138 -0.0121252 -0.801789 -0.823856 0.0395878 0.565415 18.1253 
0.526525 -0.0110606 0.850088 10.8155 0.0444828 0.998904 -0.0145548 -0.825765 -0.848995 0.0454777 0.52644 18.7027 
0.487867 -0.01055 0.872854 11.6683 0.046559 0.998818 -0.013951 -0.84838 -0.871675 0.0474454 0.487782 19.1872 
0.449154 -0.0119975 0.893374 12.5869 0.0511188 0.998617 -0.0122898 -0.866326 -0.891991 0.0511882 0.449146 19.6595 
0.412031 -0.0128223 0.91108 13.507 0.0549072 0.998433 -0.0107799 -0.887298 -0.909514 0.0544665 0.412089 20.0632 
0.377005 -0.0106037 0.92615 14.4672 0.0562079 0.998353 -0.0114501 -0.903938 -0.924504 0.0563737 0.37698 20.4381 
0.344604 -0.0113914 0.938679 15.5394 0.0572943 0.998317 -0.00891858 -0.924603 -0.936998 0.0568544 0.344677 20.7854 
0.311713 -0.0128937 0.950089 16.6044 0.0594418 0.998214 -0.00595542 -0.935381 -0.948315 0.0583314 0.311922 21.1012 
0.279004 -0.0127105 0.960206 17.7265 0.0608617 0.998136 -0.00447189 -0.926203 -0.958359 0.0596874 0.279257 21.4709 
0.247034 -0.00979803 0.968957 18.763 0.0582972 0.998288 -0.00476824 -0.938001 -0.967252 0.0576654 0.247182 21.7507 
0.216152 -0.00839368 0.976324 19.8332 0.0586858 0.998267 -0.00441044 -0.945376 -0.974594 0.0582497 0.21627 22.0086 
0.184737 -0.0075901 0.982759 21.1139 0.0615726 0.998095 -0.0038658 -0.921657 -0.980857 0.0612251 0.184852 22.3862 
0.154748 -0.00777422 0.987923 22.1767 0.0646221 0.997907 -0.00226971 -0.930185 -0.985838 0.0641929 0.154927 22.5345 
0.12479 -0.00862885 0.992146 23.2823 0.0637269 0.997967 0.000663942 -0.939258 -0.990134 0.0631435 0.125086 22.6648 
0.0954596 -0.00886035 0.995394 24.4845 0.0639763 0.997948 0.00274758 -0.960314 -0.993375 0.0634193 0.0958305 22.7995 
0.0682414 -0.00858162 0.997632 25.5731 0.0664364 0.997782 0.00403836 -0.960061 -0.995454 0.0660035 0.0686602 22.877 
0.0428426 -0.00809042 0.999049 26.7162 0.0702487 0.997517 0.00506543 -0.963855 -0.996609 0.0699649 0.0433045 22.9288 
0.0189866 -0.00777307 0.999789 27.8662 0.0740999 0.997231 0.0063459 -0.965635 -0.99707 0.0739638 0.01951 22.9984 
-0.0014091 -0.00782834 0.999968 29.1865 0.0804555 0.996727 0.00791625 -0.940365 -0.996757 0.0804641 -0.000774657 23.0246 
-0.0194343 -0.00821238 0.999777 30.3816 0.0839723 0.99642 0.00981702 -0.933011 -0.996278 0.0841444 -0.0186751 23.0115 
-0.0350399 -0.00791701 0.999354 31.6427 0.0874331 0.99611 0.0109569 -0.9096 -0.995554 0.0877606 -0.0342114 23.0052 
-0.0497527 -0.00893798 0.998721 32.8825 0.0898862 0.995862 0.0133901 -0.912511 -0.994708 0.0904375 -0.0487434 22.9708 
-0.0634219 -0.0104433 0.997932 34.0889 0.0899927 0.995812 0.0161404 -0.908497 -0.993921 0.0908303 -0.0622165 22.9146 
-0.0757796 -0.010405 0.99707 35.2636 0.0896394 0.995826 0.0172047 -0.906307 -0.993087 0.0906806 -0.0745306 22.8446 
-0.0873891 -0.00796873 0.996142 36.5789 0.0901672 0.9958 0.0158761 -0.908724 -0.992085 0.0912068 -0.0863036 22.7561 
-0.0972884 -0.00455774 0.995246 37.8262 0.0904885 0.995807 0.0134058 -0.891775 -0.991134 0.0913626 -0.096468 22.6513 
-0.106929 -0.00215198 0.994264 39.0347 0.0922988 0.995658 0.0120813 -0.883945 -0.989973 0.0930613 -0.106266 22.5395 
-0.114396 -0.00100998 0.993435 40.3459 0.0922659 0.995666 0.0116368 -0.871224 -0.989141 0.0929913 -0.113807 22.421 
-0.120517 -0.000378376 0.992711 41.6951 0.0916384 0.995726 0.0115045 -0.867784 -0.988473 0.0923569 -0.119967 22.2898 
-0.126148 0.00120049 0.992011 43.0435 0.0921845 0.995686 0.0105175 -0.849394 -0.987719 0.0927747 -0.125715 22.1582 
-0.130237 0.0024195 0.99148 44.3463 0.0906865 0.995834 0.00948205 -0.846513 -0.987327 0.0911488 -0.129914 21.9962 
-0.13369 0.00322005 0.991018 45.8642 0.0917274 0.995742 0.00913871 -0.844081 -0.986769 0.0921252 -0.133416 21.7299 
-0.13636 0.00201961 0.990657 47.3537 0.0921245 0.99569 0.0106506 -0.851422 -0.986366 0.0927162 -0.135958 21.5109 
-0.138927 -2.65144e-05 0.990303 48.8238 0.092594 0.995619 0.0130164 -0.835616 -0.985964 0.0935045 -0.138316 21.338 
-0.140959 -0.00125686 0.990015 50.3006 0.0928889 0.995571 0.0144894 -0.820326 -0.985648 0.0940038 -0.140218 21.1153 
-0.143035 -0.000928955 0.989717 51.7159 0.0962414 0.995247 0.0148429 -0.84745 -0.985027 0.0973748 -0.142266 20.9272 
-0.144174 -0.00124036 0.989551 53.1425 0.0954042 0.995323 0.0151476 -0.834724 -0.984942 0.0965912 -0.143382 20.7585 
-0.14517 -3.45694e-05 0.989407 54.6737 0.0971407 0.995168 0.0142876 -0.832988 -0.984626 0.0981858 -0.144465 20.5783 
-0.145708 -0.000483301 0.989327 55.8974 0.096095 0.995264 0.014639 -0.849608 -0.984649 0.0972025 -0.144972 20.449 
-0.144857 0.000632368 0.989452 57.5483 0.096766 0.995215 0.0135306 -0.848317 -0.984709 0.0977054 -0.144225 20.2297 
-0.143654 0.000344402 0.989628 59.0441 0.097918 0.995098 0.0138673 -0.830704 -0.984772 0.0988945 -0.142983 20.0349 
-0.142531 -0.000918387 0.98979 60.6241 0.0968398 0.995189 0.0148684 -0.830124 -0.985042 0.0979702 -0.141756 19.8402 
-0.141795 -0.000467237 0.989896 62.2246 0.0984799 0.995032 0.0145761 -0.82292 -0.984985 0.0995517 -0.141045 19.6387 
-0.141032 0.000406688 0.990005 63.8096 0.0987269 0.995021 0.0136554 -0.794431 -0.98507 0.099666 -0.14037 19.4395 
-0.140343 0.00073873 0.990103 65.4021 0.100134 0.994883 0.0134512 -0.776253 -0.985026 0.101031 -0.139699 19.2451 
-0.139833 0.000625999 0.990175 67.0134 0.0988119 0.995017 0.0133252 -0.761465 -0.985232 0.0997044 -0.139198 19.0492 
-0.139014 -0.000970473 0.99029 68.6556 0.100783 0.994793 0.0151225 -0.743786 -0.985148 0.101907 -0.138193 18.8305 
-0.138546 -0.00353167 0.99035 70.3004 0.101602 0.994666 0.0177607 -0.741052 -0.98513 0.103082 -0.137448 18.6196 
-0.138005 -0.00263279 0.990428 71.7929 0.10465 0.99436 0.017225 -0.770524 -0.984887 0.106026 -0.136951 18.4516 
-0.1372 -0.00125121 0.990543 73.5188 0.107095 0.994118 0.0160894 -0.772381 -0.984737 0.10829 -0.136259 18.2418 
-0.135919 -0.00197749 0.990718 75.2268 0.106544 0.994169 0.0166014 -0.773893 -0.984974 0.107811 -0.134916 18.0136 
-0.135543 -0.00209405 0.990769 76.9503 0.107352 0.994079 0.0167874 -0.767285 -0.984938 0.108637 -0.134516 17.8019 
-0.135339 -0.00349111 0.990793 78.6475 0.106996 0.994094 0.0181179 -0.772113 -0.985005 0.108463 -0.134166 17.594 
-0.134732 -0.00335351 0.990876 80.3738 0.108581 0.993922 0.0181278 -0.752614 -0.984915 0.110033 -0.133549 17.3673 
-0.135239 -0.00379402 0.990806 82.1348 0.109859 0.993769 0.0188003 -0.743834 -0.984704 0.111391 -0.133979 17.1654 
-0.134764 -0.00305763 0.990873 83.8772 0.111024 0.993652 0.018166 -0.736312 -0.984638 0.112459 -0.133569 16.9408 
-0.135318 -0.00269164 0.990798 85.6624 0.11064 0.993701 0.0178101 -0.72502 -0.984605 0.112032 -0.134168 16.7187 
-0.136152 -0.00194005 0.990686 87.4795 0.109801 0.993808 0.0170362 -0.701865 -0.984584 0.111098 -0.135096 16.4776 
-0.138035 -0.00156189 0.990426 89.2615 0.109335 0.993863 0.0168051 -0.697086 -0.984374 0.110608 -0.137017 16.2692 
-0.139151 -0.00257133 0.990268 90.9737 0.108003 0.993992 0.0177573 -0.694505 -0.984364 0.109423 -0.138037 16.0554 
-0.140753 -0.00307527 0.99004 92.756 0.108033 0.993976 0.0184464 -0.69051 -0.984133 0.109553 -0.139573 15.8506 
-0.141116 -0.00443218 0.989983 94.5409 0.105629 0.994214 0.0195078 -0.682065 -0.984342 0.107324 -0.139831 15.623 
-0.142173 -0.00343521 0.989836 96.3622 0.105943 0.994197 0.0186673 -0.65949 -0.984156 0.107521 -0.140984 15.3711 
-0.144216 -0.00293317 0.989542 98.0712 0.104061 0.994406 0.0181134 -0.651423 -0.984059 0.105585 -0.143104 15.1043 
-0.148215 -0.00209662 0.988953 99.9202 0.105142 0.994297 0.0178656 -0.638369 -0.98335 0.106628 -0.14715 14.8507 
-0.151997 -0.0031919 0.988376 101.767 0.103484 0.994447 0.0191256 -0.624544 -0.982949 0.105188 -0.150822 14.5798 
-0.156497 -0.00436829 0.987669 103.653 0.101612 0.994613 0.0204994 -0.611809 -0.982438 0.103567 -0.15521 14.2964 
-0.162087 -0.00429995 0.986767 105.491 0.100639 0.994704 0.0208654 -0.609366 -0.981631 0.102689 -0.160796 14.0493 
-0.166403 -0.00214543 0.986055 107.451 0.102257 0.994568 0.0194204 -0.57976 -0.980741 0.104063 -0.16528 13.7344 
-0.171293 -0.000480858 0.98522 109.357 0.102047 0.994612 0.0182276 -0.561273 -0.979921 0.103661 -0.170321 13.4328 
-0.176024 0.000129906 0.984386 111.211 0.100592 0.994767 0.0178562 -0.51998 -0.979233 0.102165 -0.175116 13.1392 
-0.180467 -7.75907e-05 0.983581 113.127 0.0990416 0.994916 0.0182505 -0.496164 -0.978582 0.100709 -0.179541 12.8076 
-0.185398 -0.000841735 0.982663 115.068 0.0967146 0.995129 0.0190993 -0.473288 -0.977893 0.0985789 -0.184413 12.4672 
-0.190969 -0.00106212 0.981595 117.035 0.0957984 0.995205 0.0197143 -0.445773 -0.97691 0.0978001 -0.189952 12.1217 
-0.195831 -0.00107448 0.980637 119.026 0.0958391 0.995191 0.0202292 -0.418425 -0.975943 0.0979449 -0.194787 11.7356 
-0.201747 0.000399179 0.979437 120.964 0.0960286 0.99519 0.0193746 -0.399365 -0.974719 0.0979628 -0.200815 11.3709 
-0.206872 0.00166918 0.978366 122.881 0.0951565 0.995292 0.0184224 -0.369774 -0.973729 0.096909 -0.206057 10.9979 
-0.212418 0.00152802 0.977178 124.796 0.0964041 0.995153 0.0194 -0.357397 -0.972412 0.0983248 -0.211535 10.6211 
-0.21747 0.00202834 0.976065 126.779 0.0960687 0.995187 0.0193362 -0.320622 -0.971328 0.0979744 -0.216618 10.2051 
-0.222458 0.00294163 0.974938 128.833 0.0960216 0.9952 0.0189071 -0.290397 -0.970202 0.0978212 -0.221673 9.75699 
-0.226549 0.00310193 0.973995 130.794 0.0950632 0.995291 0.0189417 -0.269253 -0.969349 0.0968823 -0.225778 9.31037 
-0.230375 0.00269048 0.973098 132.723 0.0965266 0.995127 0.0201006 -0.228885 -0.968303 0.0985605 -0.229512 8.87551 
-0.23426 0.00278463 0.97217 134.732 0.0986196 0.994905 0.0209142 -0.191459 -0.967159 0.100774 -0.233341 8.40421 
-0.237225 0.00338373 0.971449 136.719 0.0991707 0.994854 0.0207518 -0.158052 -0.96638 0.101262 -0.236339 7.93579 
-0.240402 0.00385656 0.970666 138.733 0.0993878 0.994834 0.0206625 -0.13503 -0.965572 0.10144 -0.239544 7.461 
-0.243409 0.00382484 0.969916 140.771 0.0983073 0.99494 0.0207475 -0.100995 -0.964929 0.1004 -0.242553 6.96311 
-0.246503 0.00385886 0.969134 142.749 0.09617 0.995154 0.0204987 -0.099845 -0.964359 0.0982546 -0.245679 6.44219 
-0.250632 0.00480236 0.968071 144.848 0.0955939 0.995223 0.0198119 -0.0774157 -0.963351 0.0975072 -0.249893 5.93719 
-0.255418 0.0041776 0.966822 146.905 0.0945422 0.995306 0.0206757 -0.0592795 -0.962197 0.0966864 -0.254614 5.4311 
-0.260286 0.00463334 0.96552 148.863 0.0951928 0.99524 0.0208862 -0.0663071 -0.960827 0.097347 -0.259488 4.9629 
-0.264675 0.00491142 0.964325 150.845 0.0949066 0.995265 0.0209796 -0.0687757 -0.959656 0.0970736 -0.263888 4.42519 
-0.268607 0.00537708 0.963235 152.84 0.0950106 0.995256 0.0209387 -0.022792 -0.958553 0.0971418 -0.267844 3.86513 
-0.272731 0.00425953 0.962081 154.809 0.0942812 0.995295 0.0223202 -0.0180891 -0.957459 0.0967936 -0.27185 3.33363 
-0.276441 0.00422855 0.961021 156.808 0.0947835 0.995235 0.0228857 -0.00341612 -0.956345 0.0974155 -0.275525 2.78014 
-0.280469 0.00459056 0.959852 158.789 0.0956924 0.99514 0.0232019 0.00630882 -0.955081 0.098358 -0.279545 2.23054 
-0.284057 0.00577071 0.95879 160.787 0.0953833 0.995191 0.022269 0.0270251 -0.954051 0.0977782 -0.283242 1.67701 
-0.287656 0.00692423 0.957709 162.827 0.0949484 0.995254 0.0213229 0.0412467 -0.953015 0.0970666 -0.286949 1.1121 
-0.291202 0.00768382 0.956631 164.851 0.0953146 0.995225 0.0210202 0.0531955 -0.951902 0.097302 -0.290544 0.529995 
-0.294514 0.00836145 0.955611 166.93 0.0947787 0.995287 0.0205016 0.0794705 -0.950936 0.0966095 -0.293918 -0.0768282 
-0.29806 0.00834698 0.95451 169.075 0.0947584 0.995281 0.0208862 0.102982 -0.949832 0.0966733 -0.297445 -0.707686 
-0.302549 0.0086214 0.953095 171.213 0.0943984 0.995314 0.0209623 0.121607 -0.948448 0.0963128 -0.301945 -1.28798 
-0.306719 0.00911275 0.951756 173.251 0.0961291 0.995138 0.021451 0.129193 -0.946933 0.0980709 -0.306104 -1.88593 
-0.309459 0.00947534 0.950866 175.365 0.0979644 0.994947 0.0219678 0.157094 -0.945853 0.0999492 -0.308823 -2.54825 
-0.311972 0.00862673 0.950052 177.353 0.098129 0.994903 0.023189 0.170808 -0.94501 0.100462 -0.311229 -3.17139 
-0.314789 0.00858875 0.949123 179.465 0.0984387 0.994862 0.0236458 0.203423 -0.944043 0.100874 -0.314018 -3.84736 
-0.31781 0.00873221 0.948114 181.494 0.0968733 0.995024 0.0233078 0.211709 -0.943193 0.0992544 -0.317074 -4.4688 
-0.321037 0.0107301 0.947006 183.57 0.0963803 0.995114 0.0213979 0.236513 -0.94215 0.0981423 -0.320503 -5.12914 
-0.323542 0.0122911 0.946134 185.43 0.0955898 0.995225 0.0197593 0.247382 -0.941373 0.0968338 -0.323172 -5.7705 
-0.326849 0.013053 0.944986 187.324 0.0950757 0.995286 0.0191366 0.246124 -0.940282 0.0961 -0.326549 -6.38899 
-0.330185 0.0140715 0.943811 189.406 0.0948019 0.995327 0.0183261 0.22698 -0.939143 0.0955261 -0.329977 -7.05868 
-0.333522 0.0143006 0.942634 191.512 0.095731 0.99523 0.0187728 0.250253 -0.937869 0.0965004 -0.3333 -7.7779 
-0.337193 0.0132333 0.941342 193.623 0.0948471 0.995291 0.0199829 0.26481 -0.936645 0.0960217 -0.33686 -8.49714 
-0.341244 0.0125233 0.939891 195.761 0.0948599 0.995265 0.0211793 0.272852 -0.935176 0.0963854 -0.340816 -9.21544 
-0.346078 0.0119154 0.93813 197.83 0.0939514 0.995333 0.0220168 0.291536 -0.93349 0.0957581 -0.345582 -9.89646 
-0.35022 0.0118449 0.936592 199.981 0.0927016 0.995449 0.0220746 0.299792 -0.932069 0.0945546 -0.349724 -10.6202 
-0.354145 0.0122036 0.935111 202.139 0.0912758 0.995592 0.021575 0.318611 -0.930726 0.0929937 -0.353697 -11.3813 
-0.356485 0.0131583 0.934208 204.313 0.0907345 0.995662 0.0205995 0.354365 -0.929885 0.0921084 -0.356133 -12.193 
-0.360404 0.0137187 0.932695 206.369 0.0912083 0.995619 0.0205996 0.348122 -0.928326 0.0924937 -0.360076 -12.8721 
-0.362687 0.0133652 0.931815 208.471 0.0924366 0.995482 0.0217003 0.362914 -0.927315 0.0940043 -0.362284 -13.6814 
-0.365228 0.0126474 0.930832 210.525 0.0937223 0.995327 0.0232498 0.362405 -0.926188 0.0957313 -0.364706 -14.4714 
-0.368019 0.0134971 0.92972 212.674 0.0942188 0.995289 0.0228464 0.383982 -0.925032 0.0960051 -0.367557 -15.2924 
-0.370418 0.0139332 0.928761 214.823 0.0937703 0.99534 0.0224664 0.403394 -0.92412 0.0954121 -0.369999 -16.126 
-0.372709 0.0141654 0.92784 216.968 0.0941103 0.995305 0.0226082 0.424375 -0.923163 0.0957456 -0.372293 -16.9616 
-0.375754 0.0151533 0.926595 219.103 0.0934671 0.995387 0.0216246 0.431928 -0.921994 0.0947317 -0.375438 -17.7844 
-0.378892 0.016134 0.9253 221.117 0.0933704 0.995412 0.0208767 0.433036 -0.920719 0.0943057 -0.37866 -18.5685 
-0.381861 0.0164764 0.924073 223.138 0.0918242 0.99557 0.0201939 0.453228 -0.919647 0.0925635 -0.381682 -19.2871 
-0.384701 0.0175644 0.922874 225.259 0.0929502 0.995474 0.0198002 0.44998 -0.918349 0.0933985 -0.384592 -20.1298 
-0.386611 0.016885 0.922088 227.447 0.09469 0.995275 0.0214761 0.458657 -0.917369 0.0956155 -0.386383 -21.0349 
-0.390418 0.0159673 0.920499 229.463 0.0950708 0.995203 0.0230599 0.459939 -0.915716 0.0965156 -0.390063 -21.7786 
-0.394266 0.0151107 0.918872 231.464 0.0934197 0.995344 0.0237159 0.454388 -0.914236 0.0951912 -0.393842 -22.5616 
-0.397594 0.0149732 0.917439 233.472 0.0920558 0.995473 0.0236478 0.442312 -0.912932 0.0938578 -0.397173 -23.3574 
-0.401299 0.0142181 0.915837 235.499 0.0901288 0.99564 0.0240353 0.456903 -0.911502 0.0921886 -0.400831 -24.1775 
-0.405078 0.0134745 0.914183 237.585 0.0887685 0.995747 0.0246569 0.482762 -0.909963 0.0911386 -0.404551 -25.0318 
-0.408619 0.0137423 0.912601 239.669 0.0888869 0.995733 0.0248051 0.491452 -0.908366 0.0912542 -0.408097 -25.9273 
-0.412556 0.0130647 0.910839 241.7 0.0884646 0.995745 0.0257865 0.489488 -0.906626 0.0912154 -0.411956 -26.7918 
-0.416013 0.0123041 0.909275 243.75 0.0880014 0.99576 0.026788 0.481111 -0.905091 0.0911617 -0.415332 -27.6905 
-0.420481 0.0121627 0.90722 245.885 0.0872934 0.995814 0.0271084 0.485156 -0.903092 0.0905929 -0.419782 -28.5792 
-0.424661 0.0129042 0.90526 248.029 0.0875194 0.995801 0.0268608 0.525311 -0.901112 0.0906346 -0.424007 -29.5278 
-0.428069 0.0135782 0.903644 250.219 0.0879137 0.995771 0.0266834 0.558328 -0.89946 0.090865 -0.427452 -30.5107 
-0.43194 0.0130804 0.901808 252.324 0.0872751 0.995808 0.0273583 0.562183 -0.89767 0.0905225 -0.431271 -31.4978 
-0.435906 0.0132515 0.899894 254.4 0.0860209 0.995927 0.0270025 0.565817 -0.895872 0.0891803 -0.435271 -32.4265 
-0.439716 0.0133724 0.898037 256.535 0.086341 0.995887 0.0274466 0.592845 -0.893977 0.0896061 -0.439063 -33.4171 
-0.443312 0.0140931 0.896256 258.663 0.0869696 0.995835 0.0273585 0.635937 -0.892138 0.0900754 -0.442692 -34.4042 
-0.447422 0.0149106 0.894199 260.702 0.0885117 0.99569 0.0276848 0.635375 -0.889932 0.0915339 -0.446814 -35.3405 
-0.451443 0.0172031 0.892134 262.723 0.0905457 0.995536 0.0266213 0.676969 -0.887694 0.0927969 -0.450985 -36.2712 
-0.454893 0.0174366 0.890375 264.726 0.0914473 0.995438 0.0272264 0.674413 -0.885838 0.0938076 -0.454412 -37.1787 
-0.457598 0.0195571 0.888944 266.804 0.0937324 0.995248 0.0263543 0.707631 -0.884205 0.0953825 -0.457257 -38.188 
-0.460719 0.021322 0.88729 268.797 0.0956478 0.995082 0.0257521 0.691883 -0.882377 0.0967319 -0.460493 -39.1454 
-0.463215 0.022424 0.885962 270.875 0.0967197 0.994988 0.0253853 0.751105 -0.880952 0.0974488 -0.463062 -40.1973 
-0.467465 0.0231365 0.883709 273.04 0.0971214 0.99495 0.0253263 0.765955 -0.87866 0.0976662 -0.467351 -41.172 
-0.470676 0.0224462 0.88202 275.19 0.0958626 0.995059 0.0258326 0.791474 -0.877083 0.0967115 -0.470503 -42.2849 
-0.474518 0.0236211 0.879929 277.335 0.096263 0.995037 0.0252005 0.82942 -0.874966 0.0966627 -0.474437 -43.3948 
-0.478076 0.0242724 0.877983 279.436 0.0955317 0.995125 0.0245077 0.874094 -0.873108 0.0955918 -0.478064 -44.4461 
-0.481251 0.0244338 0.876242 281.496 0.0948083 0.995198 0.0243199 0.905388 -0.871441 0.094779 -0.481257 -45.4746 
-0.484738 0.0244487 0.874317 283.506 0.0957136 0.995089 0.0252395 0.923224 -0.869407 0.0959187 -0.484698 -46.448 
-0.487008 0.0247573 0.873046 285.556 0.0973395 0.994909 0.0260855 0.956816 -0.867956 0.0976858 -0.486939 -47.5348 
-0.489839 0.0250055 0.871454 287.659 0.0993496 0.994678 0.0273025 0.96937 -0.866134 0.0999525 -0.489716 -48.5872 
-0.492415 0.0250366 0.87 289.694 0.099471 0.994655 0.0276761 1.01564 -0.864658 0.100168 -0.492274 -49.6108 
-0.494232 0.0240353 0.868998 291.989 0.0980148 0.994784 0.0282302 1.08894 -0.863787 0.099127 -0.49401 -50.951 
-0.497363 0.0240752 0.867208 294.05 0.0987307 0.994691 0.0290099 1.12737 -0.861906 0.100049 -0.4971 -52.0643 
-0.499632 0.0236171 0.865915 296.234 0.0986198 0.99468 0.0297744 1.16587 -0.860605 0.100273 -0.499303 -53.2836 
-0.502174 0.023819 0.864438 298.493 0.0996681 0.994553 0.0304954 1.2043 -0.859004 0.101471 -0.501813 -54.5426 
-0.505456 0.0260091 0.86246 300.516 0.0998649 0.994592 0.0285332 1.237 -0.857054 0.100552 -0.505319 -55.6313 
-0.508683 0.0253914 0.860579 302.451 0.0984869 0.99472 0.0288657 1.2685 -0.855302 0.0994393 -0.508498 -56.7206 
-0.513144 0.0238063 0.857972 304.563 0.0958628 0.99495 0.0297273 1.34241 -0.852933 0.0975021 -0.512835 -57.9118 
-0.518196 0.0208228 0.855008 306.797 0.0929037 0.995158 0.0320703 1.38139 -0.850201 0.0960522 -0.517622 -59.1681 
-0.523244 0.0193338 0.851964 308.941 0.0909235 0.995302 0.0332551 1.44341 -0.847319 0.0948641 -0.522544 -60.4274 
-0.527876 0.0187946 0.849113 311.174 0.0909615 0.995256 0.0345194 1.48075 -0.844436 0.0954586 -0.527081 -61.7416 
-0.53228 0.0198798 0.846335 313.42 0.0927238 0.995078 0.0349424 1.54958 -0.841475 0.0970746 -0.531504 -63.1073 
-0.537168 0.0207726 0.843219 315.728 0.0942657 0.994912 0.0355419 1.61453 -0.838191 0.0985786 -0.536394 -64.4781 
-0.541049 0.0200863 0.840751 317.834 0.0937662 0.994922 0.0365718 1.66476 -0.835748 0.0986212 -0.540185 -65.8006 
-0.545223 0.0188428 0.838079 320.077 0.0946461 0.994738 0.0392081 1.69676 -0.832931 0.100698 -0.544138 -67.1802 
-0.549207 0.016844 0.835517 322.122 0.0931654 0.994798 0.0411848 1.74818 -0.830477 0.10046 -0.547919 -68.4608 
-0.552787 0.0159262 0.83317 324.157 0.0913138 0.994954 0.0415656 1.80232 -0.828304 0.0990569 -0.551452 -69.7964 
-0.556398 0.014894 0.830782 326.165 0.0891479 0.995138 0.0418643 1.85941 -0.826119 0.0973557 -0.555021 -71.1073 
-0.560038 0.0148497 0.828333 328.426 0.0907297 0.994925 0.0435063 1.93423 -0.823483 0.0995197 -0.558543 -72.5784 
-0.563949 0.0144887 0.825683 330.695 0.0914753 0.994789 0.0450223 2.02298 -0.820728 0.10092 -0.562335 -74.0862 
-0.567847 0.0141343 0.823013 332.958 0.0922136 0.994651 0.0465417 2.11585 -0.817953 0.102322 -0.566113 -75.6043 
-0.571732 0.0137866 0.820324 335.213 0.0929445 0.99451 0.0480644 2.21285 -0.815158 0.103725 -0.569875 -77.1329 
-0.575606 0.0134456 0.817617 337.461 0.0936681 0.994368 0.0495904 2.31399 -0.812345 0.105129 -0.573623 -78.6718 
-0.578669 0.0123296 0.815469 339.59 0.0906675 0.99466 0.0493 2.39825 -0.810507 0.102465 -0.576697 -80.1002 
-0.581544 0.0115217 0.813433 341.795 0.0872566 0.995015 0.0482882 2.50093 -0.808822 0.0990592 -0.57965 -81.598 
-0.585049 0.0110428 0.810922 343.876 0.0841898 0.995332 0.0471857 2.59083 -0.806616 0.0958774 -0.583248 -83.0171 
-0.587561 0.00868572 0.809133 345.94 0.0826771 0.995354 0.0493521 2.6736 -0.804945 0.0958942 -0.585549 -84.4389 
-0.591005 0.0088021 0.80662 348.137 0.0841741 0.995154 0.0508142 2.77526 -0.802264 0.0979279 -0.588882 -85.964 
-0.593711 0.00869367 0.804631 350.285 0.0827798 0.995296 0.0503267 2.88643 -0.800409 0.0964867 -0.591638 -87.51 
-0.597002 0.00724429 0.802207 352.314 0.0803671 0.995469 0.0508196 2.95718 -0.798204 0.0948104 -0.59488 -88.9369 
-0.599362 0.00380657 0.800469 354.415 0.0780625 0.9955 0.0537163 3.06632 -0.796662 0.0946822 -0.596962 -90.4603 
-0.602597 0.00168869 0.798043 356.553 0.0755434 0.995628 0.0549355 3.18235 -0.794462 0.093391 -0.60009 -92.0034 
-0.605569 0.000687454 0.795792 358.64 0.0745073 0.995656 0.0558371 3.28604 -0.792297 0.0931056 -0.60299 -93.5155 
-0.608158 0.000492552 0.793816 360.789 0.0734912 0.99574 0.0556852 3.40381 -0.790407 0.0922039 -0.605604 -95.1047 
-0.610715 0.000296661 0.791851 362.937 0.0738624 0.995661 0.0565933 3.51976 -0.788398 0.0930504 -0.608087 -96.7133 
-0.613796 -0.000992766 0.789464 365.015 0.0721154 0.995748 0.0573207 3.61649 -0.786164 0.0921157 -0.611114 -98.2908 
-0.616346 -0.00236484 0.787472 367.093 0.069585 0.99592 0.0574542 3.72492 -0.784395 0.090208 -0.613667 -99.8565 
-0.61905 -0.00555394 0.785332 369.195 0.0602268 0.996694 0.0545233 3.82468 -0.783039 0.0810507 -0.616669 -101.436 
-0.622214 -0.00332037 0.78284 371.301 0.0520818 0.9976 0.0456267 3.92807 -0.781113 0.0691613 -0.620548 -103.02 
-0.625241 0.00703278 0.7804 373.41 0.0623205 0.997216 0.0409432 4.00946 -0.777939 0.0742343 -0.623939 -104.616 
-0.626273 0.00805995 0.779562 375.427 0.0700277 0.996486 0.045955 4.0531 -0.776452 0.0833714 -0.624637 -106.069 
-0.629285 -0.00126176 0.777174 377.56 0.0685374 0.996012 0.0571123 4.15953 -0.774147 0.0892054 -0.626689 -107.67 
-0.631598 -0.0118284 0.775206 379.51 0.0623399 0.995871 0.0659867 4.25842 -0.772786 0.0900033 -0.628252 -109.192 
-0.634427 -0.0184785 0.772762 381.396 0.0556907 0.996023 0.0695385 4.35869 -0.770974 0.0871528 -0.630875 -110.709 
-0.636979 -0.0186911 0.770654 383.455 0.0549886 0.996058 0.0696083 4.50731 -0.768917 0.0867163 -0.63344 -112.331 
-0.639745 -0.0127332 0.768481 385.453 0.0612763 0.995835 0.0675115 4.63457 -0.76614 0.0902799 -0.636301 -113.92 
-0.640795 -0.00680633 0.767682 387.706 0.0651463 0.995872 0.063208 4.79925 -0.764943 0.090515 -0.637706 -115.98 
-0.640713 -0.000771888 0.76778 389.973 0.06985 0.995794 0.059291 4.93022 -0.764596 0.091618 -0.637965 -118.156 
-0.644066 -0.000793176 0.764969 391.957 0.0696781 0.995782 0.0596979 5.02639 -0.76179 0.0917511 -0.641294 -119.731 
-0.646419 -0.00279065 0.762978 393.848 0.068036 0.995799 0.0612844 5.11026 -0.759943 0.0915253 -0.643513 -121.271 
-0.649415 -0.00407819 0.760423 395.854 0.067878 0.995683 0.0633089 5.20641 -0.757398 0.0927298 -0.646335 -122.889 
-0.650649 -0.00384677 0.759369 398.075 0.0681875 0.995652 0.0634687 5.38017 -0.756311 0.0930753 -0.647557 -124.85 
-0.651239 -0.00258898 0.758868 400.366 0.0702197 0.995498 0.0636568 5.57399 -0.755617 0.0947433 -0.648126 -126.962 
-0.651826 -0.00132989 0.758367 402.654 0.0722515 0.995341 0.0638464 5.76863 -0.754919 0.0964099 -0.648693 -129.077 
-0.65241 -6.95122e-05 0.757866 404.942 0.0742828 0.995179 0.0640376 5.96412 -0.754217 0.0980752 -0.649259 -131.193 
-0.652991 0.00119215 0.757365 407.227 0.0763135 0.995013 0.0642303 6.16045 -0.753511 0.099739 -0.649825 -133.311 
-0.653904 0.000908458 0.756577 409.208 0.0776441 0.9948 0.0659127 6.29878 -0.752583 0.101844 -0.650574 -134.953 
-0.655168 0.00107902 0.755482 411.321 0.0797836 0.994506 0.0677693 6.47902 -0.751259 0.104675 -0.651654 -136.662 
-0.65754 0.00107118 0.753419 413.059 0.0756829 0.995035 0.0646368 6.59668 -0.749609 0.0995222 -0.654356 -138.03 
-0.659352 0.000294853 0.751834 414.918 0.0726012 0.995351 0.0632802 6.71021 -0.748321 0.096308 -0.656308 -139.564 
-0.660093 -0.000506589 0.751184 416.697 0.0728381 0.995244 0.0646767 6.81449 -0.747644 0.0974074 -0.656917 -141.145 
-0.663105 -0.00225705 0.748523 418.587 0.070222 0.995398 0.0652099 6.89523 -0.745226 0.0958038 -0.659894 -142.555 
-0.663666 -0.00350244 0.748021 420.614 0.0669693 0.995695 0.0640792 7.03312 -0.745025 0.0926216 -0.660575 -144.303 
-0.664221 -0.0037117 0.747527 422.657 0.0670888 0.995656 0.0645559 7.15853 -0.74452 0.0930301 -0.661087 -146.071 
-0.665563 -0.00547953 0.746321 424.633 0.0666264 0.995544 0.0667261 7.29643 -0.743361 0.0941352 -0.662233 -147.734 
-0.66645 -0.00704861 0.745516 426.732 0.0685055 0.995146 0.0706489 7.43675 -0.742395 0.0981559 -0.662732 -149.438 
-0.665429 -0.00709907 0.746427 428.741 0.0740637 0.994393 0.075484 7.60269 -0.742778 0.105512 -0.661172 -151.2 
-0.664111 -0.00827206 0.747588 430.697 0.0782319 0.99368 0.0804913 7.75454 -0.74353 0.11194 -0.659267 -152.911 
-0.66181 -0.0103293 0.7496 432.637 0.0738354 0.994145 0.0788871 7.9149 -0.746027 0.107555 -0.657173 -154.568 
-0.660938 -0.0103291 0.750369 434.698 0.0670108 0.995098 0.0727221 8.10629 -0.747443 0.0983477 -0.657006 -156.297 
-0.659897 -0.0132625 0.751239 436.515 0.0608095 0.995621 0.0709926 8.22941 -0.748891 0.0925303 -0.656201 -157.872 
-0.65783 -0.0130848 0.753053 438.586 0.0598019 0.995785 0.0695423 8.39413 -0.750789 0.090781 -0.654274 -159.591 
-0.655678 -0.0125691 0.754936 440.557 0.0621379 0.995571 0.0705436 8.53072 -0.752479 0.0931641 -0.651993 -161.28 
-0.652352 -0.0129314 0.757806 442.598 0.062847 0.995488 0.0710886 8.6833 -0.755306 0.0940006 -0.648596 -163.039 
-0.649258 -0.0124026 0.760467 444.63 0.0602443 0.995887 0.0676764 8.84798 -0.758179 0.0897532 -0.64584 -164.748 
-0.647723 -0.0172468 0.761681 446.733 0.0534866 0.996248 0.0680423 8.98566 -0.759996 0.0848123 -0.64437 -166.456 
-0.64642 -0.0236371 0.762616 448.78 0.0446278 0.996637 0.0687185 9.13374 -0.761676 0.0784548 -0.643191 -168.115 
-0.644697 -0.0265242 0.763978 450.8 0.0382512 0.997026 0.0668942 9.28586 -0.763481 0.0723496 -0.641765 -169.797 
-0.644105 -0.0268716 0.764465 452.894 0.0371869 0.997101 0.066381 9.43043 -0.764032 0.0711844 -0.641239 -171.464 
-0.642191 -0.0269509 0.766071 454.833 0.0389197 0.996946 0.0676992 9.55259 -0.765556 0.0732911 -0.639181 -173.102 
-0.640274 -0.0262586 0.767698 456.828 0.038849 0.99703 0.0665034 9.71333 -0.767164 0.0724047 -0.637352 -174.739 
-0.638959 -0.028568 0.76871 458.748 0.0370194 0.99701 0.0678232 9.8399 -0.768349 0.0717934 -0.635991 -176.325 
-0.637275 -0.0284917 0.770109 460.823 0.0349315 0.997221 0.0658004 9.98922 -0.769844 0.0688341 -0.634509 -178.026 
-0.636388 -0.0276182 0.770875 462.946 0.0340582 0.997378 0.0638495 10.1375 -0.770617 0.0668876 -0.633778 -179.738 
-0.635937 -0.0264094 0.771289 465.232 0.0348394 0.997413 0.0628774 10.2612 -0.770954 0.0668573 -0.633371 -181.367 
-0.634731 -0.0259314 0.772298 467.38 0.0366225 0.997304 0.0635854 10.4148 -0.771865 0.0686431 -0.63207 -183.099 
-0.634036 -0.0245729 0.772913 469.578 0.0406975 0.997049 0.0650837 10.5728 -0.772231 0.0727211 -0.631166 -184.874 
-0.632103 -0.0244979 0.774497 471.719 0.0410903 0.997034 0.0650725 10.7246 -0.773794 0.0729568 -0.629221 -186.608 
-0.630839 -0.0250553 0.775509 473.682 0.0410698 0.996999 0.0656194 10.8457 -0.774826 0.0732453 -0.627916 -188.19 
-0.630809 -0.0261175 0.775498 475.283 0.0409671 0.996918 0.0668982 10.894 -0.774856 0.0739699 -0.627796 -189.246 
-0.629266 -0.0266179 0.776734 477.068 0.0416727 0.99682 0.0679208 11.0062 -0.776072 0.0751088 -0.626155 -190.631 
-0.628766 -0.025605 0.777173 479.091 0.0421834 0.996863 0.0669712 11.1419 -0.776449 0.074893 -0.625713 -192.23 
-0.628773 -0.0223535 0.777267 481.08 0.0463487 0.996732 0.0661591 11.2749 -0.776206 0.0776244 -0.625682 -193.778 
-0.628478 -0.0226852 0.777496 482.974 0.0461208 0.996729 0.0663628 11.4275 -0.776459 0.0775663 -0.625376 -195.262 
-0.627705 -0.0248254 0.778055 484.898 0.0448928 0.996673 0.0680186 11.5164 -0.777155 0.0776248 -0.624503 -196.815 
-0.627543 -0.0264967 0.778131 486.582 0.0430514 0.996711 0.0686596 11.5927 -0.777391 0.0765865 -0.624338 -198.092 
-0.627313 -0.0301073 0.778185 488.308 0.0372228 0.996951 0.0685772 11.6749 -0.777877 0.0719856 -0.62428 -199.37 
-0.629013 -0.0291369 0.776848 489.297 0.0380535 0.996945 0.0682037 11.7613 -0.776463 0.0724628 -0.625983 -199.843 
-0.63117 -0.0288043 0.775109 490.351 0.0379639 0.996965 0.0679627 11.8336 -0.774715 0.0723222 -0.628161 -200.319 
-0.631484 -0.0305955 0.774785 491.234 0.0368952 0.996904 0.0694379 11.8706 -0.774511 0.0724348 -0.6284 -200.966 
-0.631783 -0.0324227 0.774467 492.49 0.0358139 0.996837 0.0709477 11.9078 -0.774318 0.0725603 -0.628623 -201.977 
-0.632652 -0.0328121 0.773741 493.701 0.0359733 0.996778 0.071684 12.0662 -0.7736 0.073185 -0.629433 -202.86 
-0.632548 -0.0330661 0.773815 494.752 0.0348556 0.996861 0.0710894 12.254 -0.773737 0.0719392 -0.629409 -204.069 
-0.632121 -0.0322051 0.7742 495.855 0.0355143 0.996882 0.070465 12.5126 -0.774055 0.0720377 -0.629007 -205.349 
-0.631695 -0.0313442 0.774583 496.96 0.0361727 0.996902 0.0698403 12.7703 -0.774373 0.0721365 -0.628604 -206.629 
-0.632146 -0.0317191 0.7742 498.531 0.0358829 0.996891 0.0701416 12.8821 -0.774018 0.0721203 -0.629042 -207.831 
-0.633199 -0.0312966 0.773356 500.031 0.0360954 0.996901 0.0698968 12.9364 -0.773147 0.0721732 -0.630107 -208.685 
-0.631875 -0.0315869 0.774426 501.889 0.0350408 0.996983 0.0692552 13.0426 -0.774277 0.0708972 -0.628862 -210.223 
-0.631016 -0.032382 0.775094 503.846 0.0345454 0.996964 0.0697752 13.1849 -0.775 0.0708052 -0.627982 -211.796 
-0.6297 -0.0329095 0.776141 505.975 0.0348337 0.996901 0.0705312 13.3372 -0.776057 0.0714494 -0.626602 -213.5 
-0.628946 -0.0347762 0.776671 508.202 0.0339699 0.996816 0.0721421 13.4469 -0.776707 0.0717569 -0.625762 -215.323 
-0.628455 -0.0346387 0.777074 510.278 0.0315261 0.997053 0.069941 13.6212 -0.777207 0.068453 -0.625511 -216.938 
-0.628385 -0.0332708 0.77719 512.252 0.0331144 0.997035 0.0694563 13.7706 -0.777197 0.0693816 -0.625421 -218.5 
-0.629019 -0.032665 0.776703 514.632 0.0319208 0.997189 0.067789 14.0237 -0.776734 0.0674336 -0.626208 -220.281 
-0.629653 -0.0320607 0.776215 517.012 0.0307285 0.997338 0.0661204 14.272 -0.776269 0.0654849 -0.626992 -222.064 
-0.630011 -0.032743 0.775895 518.9 0.0297476 0.99736 0.0662433 14.3836 -0.776016 0.0648151 -0.627374 -223.574 
-0.630289 -0.0321878 0.775693 520.889 0.0299104 0.997392 0.0656909 14.5173 -0.775784 0.0646056 -0.627682 -225.166 
-0.631106 -0.0315453 0.775055 522.905 0.0305655 0.997385 0.065483 14.6396 -0.775094 0.0650167 -0.628492 -226.797 
-0.631922 -0.0309024 0.774416 524.92 0.0312209 0.997379 0.0652757 14.7614 -0.774403 0.0654271 -0.6293 -228.429 
-0.631761 -0.0320466 0.7745 526.519 0.0306312 0.997333 0.0662527 14.8144 -0.774557 0.0655798 -0.629095 -229.818 
-0.632116 -0.0303976 0.774277 528.513 0.0302422 0.997501 0.0638507 14.9341 -0.774283 0.0637769 -0.629617 -231.436 
-0.632908 -0.0280593 0.773718 529.56 0.0303613 0.997675 0.0610169 15.0605 -0.773631 0.0621092 -0.630585 -232.106 
-0.634153 -0.0278995 0.772704 530.695 0.0302887 0.997685 0.0608804 15.1025 -0.772614 0.0620117 -0.63184 -232.75 
-0.634204 -0.0265544 0.77271 531.801 0.0308086 0.997748 0.0595741 15.2384 -0.772552 0.0615882 -0.631958 -233.502 
-0.633639 -0.0278609 0.773127 533.205 0.0313128 0.997609 0.0616138 15.2531 -0.772994 0.0632497 -0.631252 -234.811 
-0.633713 -0.0273875 0.773083 535.113 0.0312439 0.997651 0.0609544 15.3669 -0.772937 0.0627818 -0.631369 -236.344 
-0.633763 -0.0271566 0.77305 537.124 0.0310452 0.997685 0.0604992 15.4926 -0.772904 0.0623417 -0.631453 -237.933 
-0.633721 -0.0264409 0.773109 539.199 0.0337185 0.997522 0.0617551 15.6149 -0.772826 0.0652037 -0.631259 -239.616 
-0.633678 -0.0257253 0.773169 541.274 0.0363916 0.997349 0.0630103 15.7406 -0.772741 0.0680651 -0.631062 -241.298 
-0.633632 -0.02501 0.77323 543.35 0.0390644 0.997168 0.064265 15.8697 -0.772647 0.0709261 -0.630861 -242.981 
-0.633585 -0.0242949 0.773292 545.425 0.0417368 0.996978 0.065519 16.0021 -0.772547 0.0737866 -0.630656 -244.662 
-0.63362 -0.0242402 0.773265 547.487 0.0413697 0.997017 0.065153 16.1454 -0.772538 0.0732719 -0.630727 -246.273 
-0.634016 -0.0237882 0.772954 549.595 0.0432844 0.996868 0.0661832 16.2899 -0.772108 0.075418 -0.631 -247.905 
-0.633456 -0.0249824 0.773376 551.207 0.0438157 0.996717 0.0680855 16.3299 -0.772537 0.0770152 -0.630281 -249.31 
-0.632202 -0.0264524 0.774352 552.671 0.0446277 0.996515 0.0704769 16.3442 -0.773517 0.0791132 -0.628818 -250.64 
-0.632563 -0.0276929 0.774014 554.196 0.0429773 0.996566 0.0707786 16.475 -0.773315 0.078037 -0.6292 -251.581 
-0.632823 -0.027156 0.77382 556.046 0.0431735 0.996592 0.0702806 16.6894 -0.773092 0.0778837 -0.629494 -252.6 
-0.634423 -0.0252162 0.772574 558.031 0.0453679 0.99653 0.0697812 16.7999 -0.771653 0.0793209 -0.631078 -253.505 
-0.636539 -0.0231413 0.770897 560.417 0.0485098 0.996369 0.0699648 16.932 -0.769717 0.0819315 -0.633106 -254.475 
-0.634873 -0.0240192 0.772243 562.387 0.048345 0.996323 0.0707339 17.0734 -0.771103 0.0822411 -0.631377 -256.083 
-0.632055 -0.0259579 0.774488 564.478 0.0454079 0.996481 0.0704553 17.2397 -0.773592 0.0796996 -0.628652 -257.767 
-0.629223 -0.0278873 0.776724 566.575 0.0424694 0.996629 0.0701871 17.4054 -0.776063 0.0771504 -0.625918 -259.443 
-0.629014 -0.0282688 0.776879 568.087 0.0422754 0.996616 0.0704935 17.4403 -0.776243 0.0771844 -0.625691 -260.431 
-0.628548 -0.0284086 0.777252 569.713 0.0418217 0.996652 0.070248 17.535 -0.776646 0.0766603 -0.625256 -261.55 
-0.628418 -0.028271 0.777362 571.469 0.0411234 0.996734 0.0694931 17.6678 -0.776788 0.0756385 -0.625204 -262.651 
-0.629067 -0.0284945 0.776828 573.232 0.0411128 0.99671 0.0698525 17.7701 -0.776263 0.0758795 -0.625826 -263.893 
-0.630771 -0.0301362 0.775383 574.859 0.0404252 0.996612 0.0716202 17.8211 -0.774915 0.076521 -0.627416 -264.918 
-0.63076 -0.030882 0.775363 576.72 0.0389759 0.996686 0.071404 17.9343 -0.774998 0.0752593 -0.627466 -266.24 
-0.630489 -0.0304324 0.775601 578.775 0.0376138 0.996859 0.0696902 18.0818 -0.775286 0.0731122 -0.627364 -267.879 
-0.629609 -0.0291608 0.776364 580.749 0.0353519 0.997185 0.0661243 18.2468 -0.776107 0.0690785 -0.626806 -269.442 
-0.628732 -0.0278845 0.777122 582.726 0.0330856 0.997493 0.0625597 18.4029 -0.776918 0.0650449 -0.626233 -271.003 
-0.627857 -0.0266035 0.777874 584.705 0.0308149 0.997782 0.0589964 18.55 -0.777719 0.0610114 -0.625645 -272.562 
-0.626984 -0.0253178 0.778621 586.685 0.0285398 0.998054 0.0554345 18.6882 -0.778509 0.0569782 -0.625041 -274.12 
-0.627138 -0.0241335 0.778534 588.37 0.028717 0.998124 0.054073 18.7227 -0.778378 0.0562685 -0.625269 -275.419 
-0.626232 -0.0231566 0.779293 590.347 0.0288049 0.998189 0.0528084 18.8027 -0.779104 0.0555178 -0.624431 -276.92 
-0.625739 -0.0233431 0.779683 592.25 0.0292994 0.998143 0.0533979 18.8769 -0.779482 0.0562574 -0.623893 -278.472 
-0.625077 -0.0224365 0.78024 594.031 0.0305799 0.998115 0.0532003 18.937 -0.779964 0.057114 -0.623213 -279.915 
-0.624414 -0.0215307 0.780797 595.813 0.0318602 0.998086 0.0530015 18.9967 -0.780443 0.0579713 -0.622533 -281.357 
-0.623749 -0.0206256 0.781352 597.596 0.0331403 0.998055 0.0528016 19.056 -0.780921 0.0588293 -0.621853 -282.797 
-0.623573 -0.0202719 0.781502 599.635 0.033104 0.998082 0.052304 19.1518 -0.781064 0.0584862 -0.621706 -284.384 
-0.622641 -0.0199486 0.782253 601.431 0.0328914 0.998124 0.0516337 19.2015 -0.781816 0.0578786 -0.620817 -285.844 
-0.62204 -0.0200681 0.782728 603.499 0.0330396 0.998108 0.051847 19.3036 -0.782288 0.058112 -0.620201 -287.419 
-0.621137 -0.0197079 0.783454 605.54 0.0348306 0.998002 0.0527191 19.4047 -0.782928 0.060034 -0.619209 -288.97 
-0.620231 -0.0193498 0.78418 607.584 0.0366225 0.997891 0.0535889 19.5079 -0.783564 0.0619561 -0.618215 -290.519 
-0.618826 -0.0194847 0.785286 609.372 0.0369415 0.997864 0.05387 19.5717 -0.784659 0.0623459 -0.616785 -291.974 
-0.618062 -0.0187568 0.785905 611.225 0.0368726 0.997923 0.0528146 19.6455 -0.785264 0.0616211 -0.616087 -293.351 
-0.617044 -0.0188512 0.786702 613.092 0.0368952 0.997921 0.0528509 19.6774 -0.786063 0.0616369 -0.615066 -294.71 
-0.616021 -0.0186268 0.787509 615.087 0.037898 0.997862 0.0532475 19.8096 -0.786817 0.0626466 -0.613998 -296.226 
-0.615437 -0.0194917 0.787945 617.073 0.0372734 0.997856 0.0537972 19.8937 -0.787304 0.0624782 -0.613391 -297.753 
-0.615408 -0.0186028 0.787989 619.239 0.0377539 0.997878 0.053043 19.9901 -0.787304 0.0623927 -0.6134 -299.365 
-0.615924 -0.0170862 0.78762 621.549 0.0391058 0.997869 0.0522282 20.0791 -0.786834 0.0629691 -0.613944 -300.978 
-0.616438 -0.0155692 0.787249 623.858 0.0404582 0.997857 0.0514143 20.1655 -0.786363 0.0635444 -0.614488 -302.594 
