1 -4.23778e-08 4.22719e-08 0 -4.23778e-08 1 -4.19404e-08 0 4.22719e-08 -4.19404e-08 1 0 
0.999996 -0.00233539 -0.00126055 -0.0208098 0.00233888 0.999993 0.00284379 -0.0162477 0.00125398 -0.00284681 0.999995 1.53301 
0.999992 -0.00258226 -0.00293303 -0.0445094 0.00259384 0.999989 0.00398038 -0.0393847 0.00292281 -0.00398804 0.999988 3.05782 
0.99999 -0.000739296 -0.00436425 -0.0795214 0.000754006 0.999994 0.00338919 -0.049068 0.00436181 -0.00339253 0.999985 4.5801 
0.999986 -0.000189136 -0.00536557 -0.158541 0.000207547 0.999994 0.00344682 -0.0672476 0.00536497 -0.00344797 0.99998 6.10194 
0.999978 -0.000294709 -0.00662959 -0.205453 0.000317887 0.999994 0.00350807 -0.0767888 0.0066286 -0.00351018 0.999972 7.60386 
0.999965 -0.000537593 -0.00830101 -0.242267 0.000571532 0.999991 0.00409687 -0.0927581 0.00829882 -0.00410156 0.999957 9.08839 
0.999947 -0.00247907 -0.00993967 -0.282556 0.00251398 0.999991 0.00351006 -0.112056 0.00993096 -0.00353494 0.999944 10.5786 
0.999925 -0.00359801 -0.0117047 -0.31821 0.00364247 0.999986 0.00378672 -0.128765 0.011691 -0.00382916 0.999924 12.088 
0.999913 -0.00369177 -0.0126533 -0.366527 0.00373912 0.999986 0.0037274 -0.142831 0.0126394 -0.00377447 0.999913 13.593 
0.999899 -0.00333216 -0.0138122 -0.41018 0.00338489 0.999987 0.0038021 -0.163483 0.0137994 -0.00384855 0.999897 15.0429 
0.999887 -0.00223625 -0.0148577 -0.443594 0.00230016 0.999988 0.00429189 -0.175893 0.014848 -0.00432567 0.99988 16.5161 
0.99988 -0.000102338 -0.0154666 -0.490121 0.000182009 0.999987 0.0051553 -0.194376 0.015466 -0.00515758 0.999867 18.0092 
0.999867 -0.000251316 -0.0162867 -0.52389 0.000350111 0.999981 0.00606861 -0.2117 0.0162849 -0.00607359 0.999849 19.5088 
0.999859 0.000278613 -0.0167864 -0.569733 -0.000183376 0.999984 0.00567974 -0.219126 0.0167878 -0.00567594 0.999843 20.9329 
0.999842 0.00117827 -0.0177506 -0.611386 -0.00106956 0.999981 0.00613729 -0.238605 0.0177576 -0.00611742 0.999824 22.3832 
0.999831 0.0015266 -0.0183013 -0.64973 -0.00140923 0.999978 0.00642893 -0.242037 0.0183108 -0.00640214 0.999812 23.8547 
0.999824 0.00252794 -0.018598 -0.685776 -0.00238961 0.999969 0.00746069 -0.248566 0.0186164 -0.00741502 0.999799 25.3671 
0.999817 0.00266389 -0.0189283 -0.714181 -0.00254734 0.999978 0.00618365 -0.261986 0.0189444 -0.00613439 0.999802 26.8172 
0.999811 0.00324088 -0.0191515 -0.767509 -0.00316236 0.999986 0.0041332 -0.269571 0.0191647 -0.00407194 0.999808 28.215 
0.999811 0.00116861 -0.0193923 -0.800295 -0.00108952 0.999991 0.00409298 -0.287611 0.019397 -0.00407116 0.999803 29.6293 
0.999808 0.000306186 -0.0195888 -0.836786 -0.000174083 0.999977 0.00674941 -0.296595 0.0195905 -0.00674479 0.999785 31.0761 
0.999799 -0.00106522 -0.0200144 -0.874748 0.00121991 0.999969 0.00772257 -0.307916 0.0200057 -0.00774552 0.99977 32.4921 
0.999801 -0.00156997 -0.0198983 -0.918649 0.00170487 0.999976 0.00676859 -0.312788 0.0198873 -0.00680125 0.999779 33.901 
0.999813 -0.000661962 -0.0193202 -0.968737 0.00076378 0.999986 0.00526748 -0.330113 0.0193166 -0.00528133 0.999799 35.2361 
0.999824 0.000542063 -0.0187602 -1.01626 -0.000465161 0.999991 0.0041078 -0.337416 0.0187623 -0.00409844 0.999815 36.6225 
0.999838 0.00130363 -0.0179231 -1.05952 -0.00124225 0.999993 0.00344013 -0.358088 0.0179276 -0.0034174 0.999833 37.9676 
0.999864 0.00176959 -0.0164204 -1.11309 -0.00169636 0.999988 0.00447771 -0.374035 0.0164282 -0.00444933 0.999855 39.3342 
0.999883 0.00220478 -0.0150982 -1.15083 -0.00210695 0.999977 0.0064983 -0.392845 0.0151123 -0.00646581 0.999865 40.6437 
0.999908 0.00185744 -0.0134175 -1.19076 -0.00175672 0.99997 0.00752039 -0.409752 0.0134311 -0.00749622 0.999882 41.9798 
0.999932 0.002979 -0.0113098 -1.22153 -0.00288607 0.999962 0.00823196 -0.427721 0.011334 -0.00819884 0.999902 43.2705 
0.999964 0.00267033 -0.00803871 -1.24502 -0.00261038 0.999969 0.00746878 -0.43573 0.00805849 -0.00744762 0.99994 44.5437 
0.999988 0.00184157 -0.0045267 -1.27565 -0.00181358 0.999979 0.00619818 -0.462701 0.00453811 -0.00618998 0.99997 45.7633 
0.999997 0.00202063 -0.00152744 -1.28716 -0.00201456 0.99999 0.00401905 -0.470106 0.00153563 -0.00401604 0.999991 47.009 
0.999994 0.00208643 0.00257771 -1.30231 -0.00209882 0.999986 0.00477731 -0.489894 -0.00256762 -0.00478278 0.999985 48.2228 
0.999968 0.00248393 0.0076311 -1.31107 -0.00251978 0.999986 0.00468079 -0.506006 -0.00761928 -0.00469995 0.99996 49.4409 
0.999875 0.00424906 0.015202 -1.36221 -0.00430887 0.999983 0.00389804 -0.533938 -0.0151851 -0.00396314 0.999877 50.6147 
0.999726 0.00596097 0.0226262 -1.3569 -0.00604849 0.999974 0.00379757 -0.546273 -0.0226029 -0.00393347 0.999737 51.8164 
0.999512 0.00514839 0.0308171 -1.33132 -0.00531408 0.999972 0.00529433 -0.570632 -0.0307889 -0.00545559 0.999511 52.9977 
0.999112 0.00815581 0.0413337 -1.30256 -0.00840609 0.999947 0.00588267 -0.583714 -0.0412834 -0.00622498 0.999128 54.1576 
0.998467 0.00989869 0.0544567 -1.26478 -0.010212 0.999933 0.00547627 -0.588726 -0.0543988 -0.00602406 0.998501 55.355 
0.997535 0.0118596 0.0691637 -1.20109 -0.0122979 0.999907 0.00591278 -0.599467 -0.0690871 -0.00674885 0.997588 56.5108 
0.996274 0.0141274 0.0850739 -1.12302 -0.0147976 0.999864 0.00725158 -0.612731 -0.0849598 -0.00848353 0.996348 57.654 
0.994656 0.0137909 0.102315 -1.02213 -0.014688 0.99986 0.0080189 -0.62817 -0.10219 -0.00947894 0.99472 58.768 
0.992497 0.0136744 0.121498 -0.908895 -0.014645 0.999867 0.00709764 -0.637151 -0.121385 -0.0088238 0.992566 59.8579 
0.989831 0.01258 0.141692 -0.785531 -0.0135941 0.999888 0.00619064 -0.64865 -0.141599 -0.00805394 0.989891 60.9328 
0.98663 0.00980103 0.16268 -0.620051 -0.0109118 0.999923 0.00593507 -0.660563 -0.16261 -0.00763093 0.986661 61.9974 
0.982932 0.00417815 0.183923 -0.427163 -0.00569489 0.999954 0.00771865 -0.665829 -0.183882 -0.00863441 0.98291 63.0739 
0.978351 -0.00143508 0.206948 -0.212197 -0.000490087 0.999957 0.00925064 -0.679055 -0.206953 -0.00915187 0.978308 64.1132 
0.973037 -0.0068427 0.230548 0.0306245 0.00499877 0.999951 0.00858078 -0.685723 -0.230595 -0.00719704 0.973023 65.1508 
0.966756 -0.0131 0.255366 0.297073 0.0117176 0.999907 0.0069335 -0.693996 -0.255433 -0.00371079 0.96682 66.1546 
0.959442 -0.0170543 0.28139 0.581275 0.0155574 0.99985 0.00755262 -0.701095 -0.281477 -0.00286868 0.959564 67.1284 
0.951068 -0.0198902 0.308341 0.883637 0.0176715 0.999794 0.00998625 -0.709968 -0.308476 -0.00404882 0.951223 68.0754 
0.94159 -0.0242491 0.335886 1.21455 0.0210948 0.999692 0.0130369 -0.716667 -0.336099 -0.00518999 0.941812 69.0199 
0.930822 -0.0273684 0.364447 1.57091 0.0244006 0.999621 0.0127462 -0.723723 -0.364658 -0.00297176 0.931137 69.9434 
0.918898 -0.0267393 0.393587 1.94807 0.025316 0.999641 0.00880821 -0.72921 -0.393681 0.00187013 0.919245 70.8567 
0.906095 -0.0279095 0.422152 2.35502 0.0291743 0.999568 0.0034648 -0.734049 -0.422067 0.0091765 0.906518 71.728 
0.892006 -0.0300121 0.451026 2.77989 0.0329087 0.999457 0.00142098 -0.746931 -0.450824 0.0135751 0.892509 72.5883 
0.876508 -0.0305844 0.480414 3.23747 0.032305 0.999467 0.00468836 -0.755898 -0.480301 0.0114103 0.877029 73.4294 
0.858919 -0.0295188 0.51126 3.71592 0.0282806 0.999548 0.0101996 -0.759825 -0.51133 0.00569806 0.859365 74.2666 
0.839515 -0.0294928 0.542535 4.22548 0.0261359 0.999562 0.0138946 -0.763027 -0.542707 0.00251487 0.839918 75.0671 
0.818456 -0.0228698 0.574114 4.74699 0.0215657 0.999726 0.00907985 -0.767574 -0.574165 0.00494968 0.818725 75.848 
0.796568 -0.0161117 0.604334 5.29193 0.0187469 0.999822 0.0019451 -0.772589 -0.604258 0.00977996 0.796729 76.5876 
0.774347 -0.0139241 0.632607 5.86639 0.0178668 0.99984 0.00013695 -0.784745 -0.632508 0.0111966 0.774473 77.3051 
0.751233 -0.0164247 0.659833 6.47837 0.0189145 0.999815 0.00335301 -0.793916 -0.659766 0.00996146 0.751405 78.0052 
0.727147 -0.016828 0.686275 7.1039 0.0193807 0.999804 0.00398085 -0.805843 -0.686208 0.0104058 0.727331 78.6693 
0.702187 -0.0151184 0.711832 7.74019 0.0202856 0.999793 0.00122339 -0.815152 -0.711703 0.0135809 0.702349 79.305 
0.676116 -0.0128365 0.736683 8.39035 0.0201831 0.999796 -0.00110263 -0.827859 -0.736518 0.015614 0.676237 79.9081 
0.649202 -0.0103747 0.760545 9.06379 0.0181129 0.999834 -0.00182245 -0.84074 -0.7604 0.0149587 0.649283 80.4961 
0.621338 -0.00886629 0.783492 9.7501 0.0182834 0.999828 -0.00318509 -0.84818 -0.783329 0.0163039 0.621393 81.0494 
0.592593 -0.00237404 0.805498 10.4648 0.0169124 0.999812 -0.00949554 -0.8656 -0.805324 0.0192498 0.592522 81.589 
0.562623 0.00712277 0.826683 11.2022 0.0156863 0.999691 -0.0192893 -0.882834 -0.826565 0.0238202 0.562337 82.1031 
0.532185 0.015604 0.846484 11.97 0.0145946 0.999512 -0.0276006 -0.9036 -0.846502 0.0270427 0.531697 82.5863 
0.500909 0.0203339 0.865261 12.7593 0.0122921 0.999456 -0.0306037 -0.932737 -0.865413 0.0259655 0.500386 83.0434 
0.468737 0.0199881 0.883112 13.5739 0.0104382 0.999549 -0.028164 -0.963465 -0.883276 0.0224196 0.468317 83.4854 
0.435663 0.019 0.899909 14.3904 0.00548754 0.999702 -0.0237637 -0.993477 -0.900093 0.0152912 0.435429 83.8966 
0.401797 0.0202792 0.915504 15.2419 0.00124418 0.999742 -0.0226913 -1.02592 -0.915728 0.0102563 0.401668 84.2791 
0.366673 0.0231913 0.930061 16.0913 -0.00565886 0.999726 -0.0226975 -1.05614 -0.930332 0.00305947 0.366704 84.6387 
0.330881 0.025579 0.943326 16.971 -0.0110316 0.999669 -0.0232374 -1.0802 -0.943608 -0.00271763 0.331053 84.9644 
0.295183 0.0249139 0.955116 17.8707 -0.0137923 0.999667 -0.0218135 -1.10924 -0.955341 -0.00673428 0.295429 85.2567 
0.25895 0.0243303 0.965584 18.7853 -0.0143685 0.999669 -0.0213359 -1.13875 -0.965784 -0.00834904 0.259213 85.5141 
0.223148 0.023907 0.974491 19.7217 -0.014096 0.999674 -0.021297 -1.1654 -0.974682 -0.00898405 0.223413 85.7381 
0.187552 0.0229144 0.981987 20.6724 -0.011701 0.999709 -0.0210932 -1.18721 -0.982185 -0.00753419 0.187766 85.9338 
0.153684 0.0219565 0.987876 21.6376 -0.00377241 0.999759 -0.0216338 -1.21802 -0.988113 -0.000401905 0.15373 86.0735 
0.119771 0.0250481 0.992485 22.6 -0.00132028 0.999685 -0.0250706 -1.25577 -0.992801 0.00169237 0.119766 86.198 
0.0867455 0.0303527 0.995768 23.5712 -0.000494155 0.999537 -0.0304246 -1.2846 -0.99623 0.00214713 0.0867203 86.2929 
0.0575529 0.0337262 0.997773 24.5342 0.00646693 0.999396 -0.0341541 -1.32465 -0.998321 0.00841819 0.0573001 86.3551 
0.0322966 0.0316977 0.998975 25.5181 0.00864661 0.999451 -0.0319924 -1.36417 -0.999441 0.009671 0.0320048 86.3888 
0.00962124 0.0284827 0.999548 26.5057 0.0106569 0.999534 -0.028585 -1.4057 -0.999897 0.0109271 0.00931323 86.4125 
-0.00929457 0.0260186 0.999618 27.4811 0.0108067 0.999606 -0.0259179 -1.43995 -0.999898 0.0105617 -0.00957208 86.4143 
-0.0262203 0.0293709 0.999225 28.4642 0.0124159 0.999501 -0.0290533 -1.47199 -0.999579 0.0116445 -0.0265718 86.401 
-0.0414261 0.0338709 0.998567 29.447 0.0151879 0.999331 -0.0332668 -1.5067 -0.999026 0.013788 -0.0419128 86.3731 
-0.0535006 0.0389127 0.997809 30.439 0.0201187 0.99908 -0.0378836 -1.54689 -0.998365 0.0180478 -0.0542343 86.3309 
-0.0620518 0.0422281 0.997179 31.4379 0.0256447 0.998842 -0.0407028 -1.59446 -0.997743 0.0230467 -0.0630629 86.2674 
-0.067719 0.0475809 0.996569 32.4361 0.0299434 0.998509 -0.0456388 -1.64607 -0.997255 0.02675 -0.0690428 86.1985 
-0.0713749 0.0522499 0.99608 33.4214 0.0315913 0.998244 -0.0500998 -1.69714 -0.996949 0.0278916 -0.0729003 86.1335 
-0.0742049 0.0561408 0.995661 34.4297 0.0337166 0.997984 -0.053759 -1.75935 -0.996673 0.0295812 -0.0759482 86.0643 
-0.0764798 0.0592922 0.995307 35.4723 0.0343418 0.997795 -0.0568017 -1.81577 -0.996479 0.0298365 -0.0783474 85.99 
-0.0787608 0.0624693 0.994934 36.4853 0.0352921 0.997584 -0.059842 -1.88963 -0.996269 0.0304002 -0.0807752 85.9125 
-0.0803818 0.0662187 0.994562 37.4977 0.0365318 0.997316 -0.0634496 -1.95707 -0.996094 0.0312329 -0.0825852 85.8314 
-0.0825058 0.0676301 0.994293 38.5042 0.0394022 0.997136 -0.064554 -2.03049 -0.995811 0.0338512 -0.0849343 85.751 
-0.0846351 0.0662587 0.994206 39.527 0.0394006 0.997229 -0.0631061 -2.10778 -0.995633 0.0338313 -0.0870112 85.6754 
-0.0867292 0.0660728 0.994038 40.5533 0.0396895 0.997235 -0.0628224 -2.18416 -0.995441 0.0340043 -0.0891118 85.594 
-0.0885838 0.0674682 0.993781 41.5871 0.0403854 0.997126 -0.0640955 -2.25775 -0.99525 0.0344564 -0.0910539 85.5068 
-0.090648 0.0697383 0.993438 42.63 0.0390221 0.997028 -0.0664297 -2.33006 -0.995118 0.0327443 -0.0930999 85.411 
-0.0929294 0.0719033 0.993073 43.6458 0.0380675 0.996916 -0.0686193 -2.4121 -0.994945 0.0314271 -0.0953801 85.3272 
-0.095637 0.0755768 0.992543 44.6765 0.0353016 0.996744 -0.0724953 -2.48992 -0.99479 0.0281051 -0.0979936 85.2433 
-0.0977698 0.0795711 0.992023 45.7151 0.0320841 0.996532 -0.0767708 -2.57714 -0.994692 0.0243223 -0.0999838 85.1493 
-0.0996235 0.0820221 0.991639 46.7587 0.0293519 0.996405 -0.0794677 -2.659 -0.994592 0.0211896 -0.101673 85.0408 
-0.102098 0.0803718 0.991522 47.7904 0.0278274 0.996571 -0.0779158 -2.75192 -0.994385 0.0196364 -0.103985 84.9448 
-0.105351 0.0757691 0.991544 48.8292 0.0249703 0.99698 -0.0735315 -2.84696 -0.994121 0.0170125 -0.106925 84.8644 
-0.107734 0.074345 0.991396 49.8695 0.0249408 0.997088 -0.0720616 -2.92794 -0.993867 0.0169627 -0.109275 84.7656 
-0.109641 0.0744011 0.991183 50.8912 0.0247423 0.99709 -0.0721077 -3.02236 -0.993663 0.0166182 -0.111163 84.6748 
-0.110906 0.0770914 0.990836 51.9384 0.0265438 0.996861 -0.0745892 -3.10576 -0.993476 0.0180282 -0.112604 84.5735 
-0.112287 0.0798244 0.990464 52.9861 0.0266949 0.996651 -0.0772967 -3.19 -0.993317 0.017761 -0.114042 84.4809 
-0.112578 0.0805783 0.99037 54.0403 0.0252408 0.996617 -0.0782174 -3.27527 -0.993322 0.0161923 -0.114231 84.3724 
-0.112246 0.0793457 0.990507 55.1184 0.0220987 0.99676 -0.0773424 -3.36483 -0.993435 0.0132076 -0.113636 84.263 
-0.112456 0.0782822 0.990568 56.1878 0.018197 0.996887 -0.0767158 -3.46026 -0.99349 0.00939822 -0.11353 84.1603 
-0.112871 0.079346 0.990436 57.2458 0.014479 0.996832 -0.0782084 -3.55061 -0.993504 0.00551312 -0.113662 84.066 
-0.113248 0.0796764 0.990367 58.3186 0.0100102 0.99682 -0.079051 -3.6401 -0.993516 0.000961463 -0.113685 83.9654 
-0.113375 0.0792499 0.990386 59.4176 0.00667944 0.996852 -0.0790027 -3.72591 -0.99353 -0.00234171 -0.113548 83.854 
-0.113864 0.0740823 0.99073 60.5192 0.00662455 0.99725 -0.0738085 -3.81685 -0.993474 -0.00184098 -0.114042 83.7443 
-0.114434 0.0657822 0.99125 61.6134 0.0101011 0.997831 -0.0650529 -3.89056 -0.993379 0.00256845 -0.11485 83.6357 
-0.114273 0.0602588 0.99162 62.7214 0.0157697 0.998143 -0.058838 -3.96915 -0.993324 0.00891404 -0.115011 83.5159 
-0.114077 0.0627751 0.991487 63.8112 0.0238161 0.997888 -0.0604403 -4.03805 -0.993186 0.0167186 -0.115331 83.4066 
-0.113384 0.0684243 0.991192 64.908 0.029374 0.99742 -0.0654942 -4.10842 -0.993117 0.0216893 -0.115102 83.2931 
-0.113118 0.0742907 0.9908 65.9907 0.0328836 0.996934 -0.0709965 -4.18749 -0.993037 0.0245501 -0.115215 83.1965 
-0.112494 0.0786664 0.990533 67.087 0.0341495 0.996578 -0.0752682 -4.27135 -0.993065 0.025359 -0.114796 83.0898 
-0.112466 0.0756785 0.990769 68.2112 0.0310873 0.996875 -0.0726161 -4.36505 -0.993169 0.0226335 -0.114468 82.9799 
-0.112029 0.071179 0.991152 69.3582 0.0302432 0.997213 -0.068196 -4.45564 -0.993244 0.0223357 -0.11387 82.86 
-0.111968 0.0691913 0.9913 70.4914 0.0280801 0.997395 -0.0664451 -4.53324 -0.993315 0.0203961 -0.11362 82.7511 
-0.112045 0.0702554 0.991216 71.6338 0.0262813 0.997358 -0.06772 -4.60963 -0.993355 0.0184628 -0.113596 82.6422 
-0.111701 0.0749828 0.990909 72.7403 0.0276054 0.996998 -0.0723319 -4.7047 -0.993358 0.0192749 -0.113436 82.5369 
-0.111396 0.0778571 0.990721 73.8834 0.0274039 0.996788 -0.0752527 -4.78567 -0.993398 0.0187667 -0.113172 82.4294 
-0.110874 0.0770602 0.990842 75.0204 0.0278658 0.996838 -0.0744085 -4.86599 -0.993444 0.0193607 -0.112671 82.3073 
-0.110314 0.0702875 0.991408 76.1715 0.0300966 0.997275 -0.0673547 -4.95192 -0.993441 0.0224079 -0.112128 82.1991 
-0.110713 0.0690231 0.991453 77.3289 0.0290941 0.997383 -0.0661872 -5.03114 -0.993426 0.0215176 -0.112432 82.0807 
-0.110824 0.0722389 0.991211 78.459 0.0260454 0.997223 -0.0697651 -5.11493 -0.993499 0.0180849 -0.112398 81.9871 
-0.110297 0.0750944 0.991058 79.633 0.0257911 0.997022 -0.072676 -5.20464 -0.993564 0.0175446 -0.111905 81.868 
-0.110138 0.0746611 0.991108 80.8099 0.025571 0.997057 -0.0722677 -5.29536 -0.993587 0.0173842 -0.111723 81.7507 
-0.109875 0.0712857 0.991386 81.9931 0.0251075 0.997306 -0.0689287 -5.38015 -0.993628 0.0173177 -0.111369 81.6378 
-0.109311 0.0702103 0.991525 83.1805 0.0258783 0.997365 -0.067771 -5.46657 -0.993671 0.0182509 -0.11084 81.5236 
-0.108151 0.0710414 0.991593 84.3678 0.0275575 0.997274 -0.0684429 -5.54721 -0.993752 0.0199237 -0.109813 81.4045 
-0.10701 0.0712948 0.991698 85.5669 0.0301336 0.9972 -0.0684388 -5.63538 -0.993801 0.0225599 -0.108859 81.2823 
-0.10581 0.0710642 0.991844 86.7739 0.0298363 0.997221 -0.0682666 -5.71504 -0.993939 0.0223697 -0.107636 81.1725 
-0.104402 0.071556 0.991958 87.9702 0.0314425 0.997147 -0.0686211 -5.8077 -0.994038 0.0240254 -0.106354 81.0564 
-0.103567 0.0695266 0.992189 89.1804 0.0318857 0.997273 -0.0665546 -5.90012 -0.994111 0.0247439 -0.105501 80.9509 
-0.10292 0.0687504 0.992311 90.4022 0.0299034 0.997371 -0.0659995 -5.98788 -0.99424 0.0228808 -0.104706 80.8505 
-0.101499 0.0683059 0.992488 91.6203 0.0308175 0.997377 -0.0654909 -6.0685 -0.994358 0.0239387 -0.103338 80.7424 
-0.100356 0.0692454 0.992539 92.854 0.0284276 0.997367 -0.066708 -6.15569 -0.994545 0.021521 -0.10206 80.6461 
-0.0987892 0.0723408 0.992475 94.0746 0.0290101 0.997139 -0.0697932 -6.23986 -0.994685 0.021897 -0.100605 80.538 
-0.0975719 0.0712399 0.992675 95.3093 0.0263812 0.997269 -0.0689766 -6.32739 -0.994879 0.0194578 -0.0991848 80.4293 
-0.0975877 0.0698093 0.992775 96.5512 0.0226827 0.997434 -0.0679072 -6.42342 -0.994968 0.0158919 -0.0989207 80.3284 
-0.0971486 0.0705483 0.992766 97.7828 0.0203638 0.997417 -0.0688862 -6.51847 -0.995061 0.0135243 -0.0983343 80.2197 
-0.0980462 0.0704063 0.992688 99.0361 0.0168196 0.997469 -0.0690842 -6.5971 -0.99504 0.00992317 -0.0989822 80.1267 
-0.0993075 0.068278 0.992711 100.295 0.0143638 0.997637 -0.06718 -6.6855 -0.994953 0.00758761 -0.100054 80.0284 
-0.100646 0.0668256 0.992675 101.567 0.0123963 0.997748 -0.0659104 -6.77998 -0.994845 0.00567193 -0.101248 79.9185 
-0.102003 0.0666945 0.992546 102.823 0.0111134 0.997764 -0.0659031 -6.86765 -0.994722 0.00430823 -0.102516 79.8113 
-0.103198 0.0668873 0.992409 104.077 0.0114392 0.99775 -0.0660578 -6.95718 -0.994595 0.00453531 -0.103731 79.6927 
-0.105222 0.0653066 0.992302 105.34 0.0113553 0.997855 -0.064468 -7.04959 -0.994384 0.00448444 -0.105738 79.5673 
-0.108119 0.0605544 0.992292 106.603 0.0087841 0.998162 -0.0599556 -7.14338 -0.994099 0.00223403 -0.108453 79.4466 
-0.111906 0.0606289 0.991867 107.861 0.00817703 0.998159 -0.060091 -7.22547 -0.993685 0.00138598 -0.112196 79.3118 
-0.117487 0.066641 0.990836 109.089 0.00225487 0.997761 -0.0668395 -7.30906 -0.993072 -0.00561854 -0.117374 79.1931 
-0.124494 0.0699044 0.989755 110.327 0.00324793 0.997538 -0.0700457 -7.3983 -0.992215 -0.00550559 -0.124415 79.0559 
-0.133443 0.0660625 0.988852 111.585 0.00555488 0.99781 -0.0659114 -7.49344 -0.991041 -0.00330245 -0.133518 78.901 
-0.1441 0.0639965 0.987492 112.843 0.00844179 0.99795 -0.0634425 -7.58734 -0.989527 -0.00080582 -0.144344 78.73 
-0.156757 0.0652075 0.985482 114.084 0.00948169 0.997871 -0.0645192 -7.67053 -0.987592 -0.000769806 -0.157042 78.5427 
-0.17105 0.0654938 0.983083 115.307 0.0115976 0.997853 -0.06446 -7.7582 -0.985194 0.000375579 -0.171442 78.3457 
-0.185574 0.0632937 0.98059 116.541 0.0126051 0.997994 -0.0620317 -7.8468 -0.982549 0.000848969 -0.186 78.1437 
-0.201457 0.0659419 0.977275 117.76 0.0172116 0.997815 -0.0637799 -7.92887 -0.979346 0.00397158 -0.202152 77.9207 
-0.216701 0.0693869 0.973769 118.94 0.0181246 0.997585 -0.0670506 -8.01553 -0.97607 0.00311928 -0.217435 77.6771 
-0.231363 0.0734919 0.970088 120.102 0.0184706 0.997295 -0.071148 -8.10117 -0.972692 0.00145711 -0.232095 77.4087 
-0.247551 0.0715931 0.966226 121.289 0.0148978 0.997429 -0.0700883 -8.19672 -0.96876 -0.00295579 -0.247981 77.1352 
-0.263484 0.066473 0.962371 122.466 0.0102406 0.997759 -0.0661137 -8.28233 -0.964609 -0.00756462 -0.263575 76.8379 
-0.278976 0.0625043 0.958262 123.62 0.00655885 0.99798 -0.0631856 -8.37289 -0.960275 -0.0113422 -0.278823 76.5273 
-0.294212 0.0638749 0.953603 124.779 0.0046389 0.997848 -0.0654073 -8.46221 -0.955729 -0.01482 -0.293875 76.1999 
-0.307946 0.0663573 0.949087 125.941 0.00502926 0.997664 -0.0681219 -8.54237 -0.951391 -0.0162046 -0.30756 75.828 
-0.321705 0.068726 0.944342 127.101 0.00665625 0.997502 -0.0703273 -8.63629 -0.946816 -0.0163389 -0.321359 75.4521 
-0.335759 0.0689115 0.939424 128.234 0.0094081 0.997516 -0.0698103 -8.72968 -0.941901 -0.0146012 -0.335573 75.0677 
-0.349662 0.0666573 0.934501 129.366 0.00882859 0.997656 -0.0678588 -8.82592 -0.936834 -0.0154773 -0.349431 74.6555 
-0.363946 0.0653555 0.929124 130.491 0.00879985 0.997732 -0.0667346 -8.91667 -0.931378 -0.0161116 -0.363696 74.2307 
-0.378578 0.06697 0.923143 131.607 0.0076191 0.997571 -0.0692449 -9.00757 -0.925538 -0.0191811 -0.378169 73.794 
-0.393599 0.0690438 0.916686 132.695 0.0082538 0.997401 -0.0715792 -9.09969 -0.919245 -0.0206073 -0.393145 73.3511 
-0.408358 0.0708966 0.910064 133.802 0.00953551 0.997256 -0.0734104 -9.19225 -0.912772 -0.0212998 -0.407913 72.8779 
-0.422431 0.0741592 0.903356 134.881 0.0129908 0.99704 -0.0757752 -9.28349 -0.906302 -0.0202745 -0.422144 72.38 
-0.436964 0.0779836 0.896092 135.957 0.0131986 0.996683 -0.0803017 -9.37773 -0.899382 -0.0232618 -0.436544 71.8688 
-0.452349 0.0800639 0.88824 137.033 0.0141447 0.996481 -0.0826172 -9.48069 -0.891729 -0.0248079 -0.45189 71.3479 
-0.467905 0.0777171 0.880355 138.115 0.012996 0.996623 -0.0810739 -9.5834 -0.883683 -0.0264938 -0.467335 70.8005 
-0.483872 0.073708 0.872029 139.188 0.0105328 0.996865 -0.0784154 -9.68237 -0.875075 -0.0287581 -0.483132 70.2323 
-0.499982 0.0741839 0.862853 140.251 0.0103932 0.996767 -0.0796749 -9.78111 -0.865973 -0.0308682 -0.499136 69.6416 
-0.516385 0.0729785 0.853241 141.329 0.00856545 0.996752 -0.0800694 -9.88311 -0.856314 -0.0340382 -0.515333 69.0319 
-0.532016 0.0719181 0.843675 142.369 0.00840588 0.996786 -0.0796693 -9.99449 -0.846693 -0.0352935 -0.53091 68.3975 
-0.547823 0.0715875 0.833525 143.422 0.00733186 0.996705 -0.0807834 -10.0975 -0.836562 -0.0381438 -0.546543 67.7404 
-0.563668 0.0711189 0.822934 144.473 0.00692999 0.996658 -0.0813858 -10.1938 -0.825972 -0.0401716 -0.562277 67.0686 
-0.578986 0.0690208 0.812411 145.501 0.00691861 0.99679 -0.0797546 -10.291 -0.815308 -0.040556 -0.577605 66.3663 
-0.594318 0.0657708 0.801536 146.514 0.00743719 0.997057 -0.0763001 -10.397 -0.804196 -0.0393853 -0.593058 65.6412 
-0.609373 0.0641897 0.790281 147.529 0.00832823 0.997181 -0.0745733 -10.5009 -0.79284 -0.0388613 -0.60819 64.8856 
-0.62432 0.0625993 0.778656 148.535 0.00759567 0.997223 -0.0740807 -10.6006 -0.781132 -0.0403356 -0.623062 64.112 
-0.638946 0.0639215 0.766591 149.513 0.00637601 0.996947 -0.0778153 -10.7008 -0.769225 -0.044832 -0.637404 63.3252 
-0.654239 0.0636503 0.753604 150.476 0.00447035 0.99676 -0.0803067 -10.8068 -0.756274 -0.0491709 -0.652404 62.5201 
-0.670309 0.0602437 0.739633 151.449 0.00239108 0.996869 -0.0790289 -10.9148 -0.742078 -0.0512052 -0.668354 61.6738 
-0.686921 0.0523884 0.724841 152.412 -0.0014257 0.997299 -0.0734316 -11.0283 -0.72673 -0.0514751 -0.684991 60.8078 
-0.704193 0.0507395 0.708193 153.36 -0.00152564 0.997333 -0.0729723 -11.1247 -0.710007 -0.052467 -0.702237 59.9065 
-0.721815 0.0477565 0.690437 154.285 -0.00378834 0.997329 -0.0729444 -11.223 -0.692076 -0.0552679 -0.719706 58.9864 
-0.739502 0.0437479 0.671731 155.151 -0.00752172 0.997287 -0.073231 -11.3186 -0.673112 -0.059207 -0.737166 58.077 
-0.755985 0.0417592 0.653255 156.009 -0.00754379 0.997341 -0.072485 -11.4181 -0.654545 -0.0597256 -0.75366 57.118 
-0.771867 0.0438952 0.634267 156.837 -0.00501083 0.997163 -0.0751077 -11.5274 -0.635765 -0.0611513 -0.769457 56.1367 
-0.787119 0.0431357 0.615291 157.662 -0.00206376 0.997362 -0.0725614 -11.6267 -0.616797 -0.0583842 -0.784954 55.1193 
-0.801798 0.0446738 0.595923 158.453 0.00248157 0.997442 -0.0714352 -11.7398 -0.59759 -0.0557977 -0.799858 54.087 
-0.81653 0.0446289 0.575575 159.218 0.00224872 0.997246 -0.0741343 -11.8324 -0.577299 -0.0592385 -0.814381 53.0263 
-0.830124 0.0466499 0.555623 159.952 0.00381229 0.996945 -0.0780075 -11.9413 -0.557565 -0.0626377 -0.827767 51.9741 
-0.843353 0.0472304 0.535281 160.657 0.00670597 0.996977 -0.0774028 -12.0589 -0.537318 -0.0616883 -0.84112 50.9327 
-0.855372 0.0447913 0.516074 161.336 0.00711025 0.997176 -0.0747624 -12.1647 -0.517965 -0.0602802 -0.853275 49.8606 
-0.865935 0.0469339 0.49795 161.991 0.0100036 0.997013 -0.0765766 -12.2551 -0.500057 -0.061329 -0.863818 48.7565 
-0.876407 0.048958 0.479076 162.617 0.0124755 0.996793 -0.0790426 -12.3812 -0.48141 -0.0632968 -0.874207 47.7312 
-0.885991 0.0471169 0.461303 163.276 0.0108522 0.996659 -0.0809544 -12.4732 -0.463576 -0.0667187 -0.883542 46.6051 
-0.894304 0.0442529 0.445267 163.882 0.00958673 0.996764 -0.079809 -12.5975 -0.447358 -0.0671048 -0.891834 45.455 
-0.901808 0.0419942 0.43009 164.499 0.00846311 0.996792 -0.079582 -12.7212 -0.432053 -0.0681278 -0.899271 44.293 
-0.908827 0.039721 0.415278 165.079 0.00752112 0.996855 -0.0788885 -12.8335 -0.417105 -0.0685727 -0.906267 43.1182 
-0.915522 0.0371332 0.40055 165.65 0.00642543 0.996953 -0.0777369 -12.943 -0.402216 -0.0685961 -0.912971 41.9664 
-0.921329 0.0327056 0.387405 166.187 0.00426421 0.997245 -0.0740486 -13.0444 -0.388759 -0.0665712 -0.918931 40.788 
-0.926378 0.0291391 0.375466 166.683 0.00296296 0.997535 -0.0701062 -13.1582 -0.376583 -0.0638323 -0.924181 39.5967 
-0.930643 0.0292848 0.364754 167.181 0.00524365 0.997757 -0.0667276 -13.2615 -0.36589 -0.060187 -0.92871 38.3821 
-0.933691 0.0334352 0.356515 167.643 0.00948073 0.99759 -0.068728 -13.3492 -0.357954 -0.0607907 -0.931758 37.1839 
-0.93577 0.0388543 0.350463 168.091 0.0150922 0.997413 -0.0702814 -13.4457 -0.352287 -0.060478 -0.933936 35.9685 
-0.938053 0.041377 0.344013 168.561 0.017337 0.997205 -0.0726671 -13.5445 -0.346058 -0.0622014 -0.936149 34.7869 
-0.939829 0.0383184 0.33949 169.009 0.0148824 0.997339 -0.0713703 -13.6491 -0.341321 -0.0620235 -0.937898 33.5958 
-0.941639 0.0307128 0.335219 169.463 0.00831062 0.997647 -0.0680599 -13.7434 -0.33652 -0.061302 -0.939679 32.3937 
-0.943465 0.0242059 0.330586 169.918 0.00235324 0.997794 -0.0663438 -13.8388 -0.331463 -0.0618151 -0.941441 31.1825 
-0.94535 0.0172458 0.325601 170.377 -0.00523524 0.997669 -0.0680427 -13.9328 -0.326015 -0.0660288 -0.943056 29.9666 
-0.946831 0.0152529 0.321371 170.826 -0.00793676 0.997464 -0.0707252 -14.0301 -0.321635 -0.0695154 -0.944309 28.7572 
-0.947522 0.0159491 0.319293 171.255 -0.00780924 0.997302 -0.0729911 -14.1295 -0.319595 -0.0716541 -0.944841 27.5428 
-0.947911 0.016288 0.318118 171.686 -0.00803629 0.997151 -0.0750014 -14.235 -0.318433 -0.0736511 -0.94508 26.3317 
-0.947702 0.0195071 0.31856 172.107 -0.00507198 0.997084 -0.0761457 -14.3454 -0.319116 -0.0737791 -0.944839 25.1032 
-0.947512 0.0193305 0.319136 172.543 -0.00611887 0.996891 -0.0785501 -14.4417 -0.319662 -0.0763799 -0.944448 23.8888 
-0.947054 0.020516 0.320419 172.97 -0.00556484 0.996758 -0.0802691 -14.5536 -0.321027 -0.0778022 -0.943869 22.6786 
-0.946432 0.0213821 0.322194 173.397 -0.00466635 0.996795 -0.0798585 -14.6671 -0.322869 -0.0770841 -0.943299 21.4719 
-0.945695 0.0206242 0.324399 173.83 -0.00599187 0.996709 -0.0808351 -14.7707 -0.324999 -0.0783891 -0.94246 20.2818 
-0.944702 0.0186256 0.327401 174.275 -0.008597 0.996636 -0.0815041 -14.8762 -0.327818 -0.0798117 -0.941364 19.1009 
-0.943295 0.0161255 0.331563 174.722 -0.0110628 0.996737 -0.0799499 -14.9803 -0.33177 -0.0790843 -0.940039 17.9299 
-0.941504 0.0128987 0.336754 175.173 -0.0140394 0.996898 -0.0774358 -15.0899 -0.336709 -0.0776339 -0.938403 16.7572 
-0.938989 0.0104429 0.343787 175.628 -0.0163836 0.997046 -0.075035 -15.1953 -0.343556 -0.0760895 -0.936045 15.5713 
-0.936497 0.0111255 0.350498 176.078 -0.0165659 0.996977 -0.0759084 -15.2914 -0.350283 -0.0768943 -0.933482 14.4251 
-0.933535 0.0103378 0.358337 176.543 -0.0181679 0.996935 -0.0760919 -15.396 -0.358026 -0.0775447 -0.930486 13.2897 
-0.930131 0.0120354 0.367031 177.015 -0.0181609 0.996732 -0.0787074 -15.4986 -0.366779 -0.0798738 -0.926873 12.1499 
-0.926195 0.0119507 0.376856 177.504 -0.0193165 0.996681 -0.0790804 -15.598 -0.37655 -0.0805234 -0.92289 11.0086 
-0.921563 0.0128485 0.388016 178.01 -0.0201532 0.996521 -0.0808631 -15.7089 -0.387706 -0.0823402 -0.918098 9.8644 
-0.915828 0.0146573 0.401303 178.533 -0.02016 0.996395 -0.0824008 -15.8169 -0.401064 -0.0835552 -0.912231 8.69101 
-0.910367 0.01769 0.413424 179.132 -0.0180641 0.996434 -0.082414 -15.927 -0.413408 -0.0824951 -0.906801 7.50137 
-0.904125 0.0174507 0.426911 179.697 -0.0182353 0.996679 -0.0793602 -16.0434 -0.426878 -0.0795364 -0.900804 6.32813 
-0.89792 0.0191384 0.439742 180.27 -0.0181094 0.996602 -0.0803522 -16.1538 -0.439785 -0.0801133 -0.894523 5.20259 
-0.891086 0.0221896 0.453291 180.852 -0.0151703 0.996789 -0.0786171 -16.2634 -0.45358 -0.0769311 -0.887889 4.07893 
-0.88355 0.0241075 0.467716 181.445 -0.0127941 0.997059 -0.0755605 -16.3837 -0.468162 -0.0727455 -0.880643 2.96044 
-0.87612 0.0256979 0.481407 182.073 -0.0102104 0.997365 -0.0718223 -16.5052 -0.481984 -0.0678403 -0.87355 1.8698 
-0.868402 0.0289639 0.495014 182.736 -0.0057035 0.997643 -0.068379 -16.632 -0.495828 -0.0622038 -0.86619 0.764937 
-0.860004 0.0322519 0.509266 183.37 -0.00239967 0.997734 -0.067239 -16.7277 -0.510281 -0.0590479 -0.857978 -0.268711 
-0.850439 0.0343954 0.524948 184.039 -0.000948172 0.997758 -0.0669107 -16.8152 -0.526073 -0.0574012 -0.8485 -1.30252 
-0.841176 0.0372099 0.539479 184.714 0.00170548 0.997807 -0.0661632 -16.9022 -0.540758 -0.0547349 -0.839395 -2.27961 
-0.830062 0.0398613 0.556244 185.414 0.00428544 0.997869 -0.0651139 -16.9977 -0.557654 -0.0516648 -0.828464 -3.31145 
-0.819802 0.0414395 0.571146 186.143 0.00437889 0.997803 -0.0661104 -17.0798 -0.57263 -0.0516965 -0.818182 -4.29734 
-0.806617 0.0443519 0.589408 186.857 0.007178 0.997842 -0.0652626 -17.1739 -0.591031 -0.0484111 -0.805195 -5.30969 
-0.795204 0.0453646 0.604642 187.675 0.00771218 0.997873 -0.0647249 -17.2498 -0.606293 -0.0468064 -0.793863 -6.2598 
-0.78128 0.0450762 0.622551 188.496 0.00584689 0.997874 -0.0649141 -17.3427 -0.624154 -0.047076 -0.779882 -7.23242 
-0.765365 0.0469506 0.641882 189.282 0.00587792 0.997804 -0.0659759 -17.4362 -0.64357 -0.0467227 -0.76396 -8.15085 
-0.749061 0.0500061 0.660611 190.089 0.00697732 0.997687 -0.0676102 -17.5295 -0.662464 -0.0460348 -0.747678 -9.03716 
-0.732107 0.0502546 0.679333 190.918 0.00563959 0.997688 -0.0677277 -17.6236 -0.681166 -0.0457528 -0.730698 -9.91229 
-0.714388 0.0505347 0.697923 191.758 0.0037561 0.997651 -0.0683926 -17.7066 -0.69974 -0.0462373 -0.7129 -10.7232 
-0.694671 0.0494678 0.717625 192.588 0.00191548 0.997756 -0.0669239 -17.8116 -0.719325 -0.0451155 -0.693207 -11.5257 
-0.675122 0.049996 0.73601 193.437 4.09594e-05 0.997703 -0.0677349 -17.8957 -0.737706 -0.0456992 -0.673574 -12.2812 
-0.656247 0.0491699 0.752943 194.355 -0.00325572 0.997681 -0.0679899 -17.9884 -0.754539 -0.0470695 -0.654565 -13.0268 
-0.636379 0.0492622 0.769802 195.25 -0.005243 0.997659 -0.0681779 -18.0673 -0.771358 -0.0474231 -0.634632 -13.73 
-0.614425 0.0488212 0.787463 196.155 -0.00591869 0.99777 -0.0664781 -18.1629 -0.788953 -0.0455065 -0.612766 -14.4253 
-0.591713 0.0494038 0.804634 197.092 -0.00697721 0.997769 -0.0663931 -18.242 -0.806119 -0.0448997 -0.590048 -15.0917 
-0.567223 0.0526843 0.821877 198.054 -0.00547797 0.997688 -0.067735 -18.3247 -0.823546 -0.042923 -0.565623 -15.7397 
-0.541543 0.0529058 0.839006 199.032 -0.00694849 0.997702 -0.0673977 -18.409 -0.840644 -0.0423286 -0.539931 -16.3616 
-0.515321 0.0523148 0.855399 200.057 -0.0101018 0.997695 -0.0671032 -18.4847 -0.856937 -0.0432208 -0.513605 -16.9585 
-0.488452 0.0506222 0.871121 201.061 -0.0117807 0.997842 -0.0645919 -18.5697 -0.872511 -0.0418125 -0.486802 -17.4984 
-0.458913 0.0521963 0.886947 202.096 -0.0110232 0.997861 -0.0644271 -18.6504 -0.888413 -0.0393434 -0.457356 -18.0268 
-0.429064 0.0535561 0.901685 202.882 -0.0155918 0.997653 -0.0666756 -18.7266 -0.903139 -0.042667 -0.427222 -18.4917 
-0.397502 0.0557193 0.915908 203.923 -0.0133576 0.997697 -0.0664922 -18.8093 -0.917504 -0.0386651 -0.395843 -18.9534 
-0.367926 0.0560578 0.928164 204.954 -0.014091 0.99773 -0.0658451 -18.8961 -0.929748 -0.0373049 -0.366301 -19.3045 
-0.337059 0.0558002 0.939828 205.954 -0.0152187 0.997789 -0.0646996 -18.9839 -0.941361 -0.0361105 -0.335464 -19.6478 
-0.304103 0.0551633 0.951041 207.049 -0.0149174 0.997924 -0.0626527 -19.06 -0.952522 -0.0332399 -0.302648 -19.9904 
-0.269934 0.0535688 0.961387 208.157 -0.0150159 0.998096 -0.0598303 -19.1444 -0.962762 -0.0305863 -0.268616 -20.2998 
-0.235386 0.0525791 0.970479 209.294 -0.0154829 0.998206 -0.0578367 -19.2265 -0.971779 -0.0286397 -0.234149 -20.5662 
-0.201863 0.0531383 0.977971 210.415 -0.0168721 0.99819 -0.0577195 -19.2942 -0.979268 -0.0281519 -0.200601 -20.77 
-0.166896 0.0528069 0.984559 211.542 -0.0173612 0.998252 -0.0564843 -19.3715 -0.985822 -0.0265201 -0.165687 -20.953 
-0.132052 0.0532741 0.98981 212.681 -0.0177737 0.998267 -0.0561006 -19.4409 -0.991083 -0.0250007 -0.130876 -21.0924 
-0.0970408 0.054222 0.993802 213.817 -0.0197278 0.998214 -0.0563891 -19.516 -0.995085 -0.0250776 -0.0957978 -21.1922 
-0.0628435 0.0537667 0.996574 214.97 -0.0200291 0.998279 -0.0551218 -19.59 -0.997822 -0.0234245 -0.0616584 -21.253 
-0.0289974 0.0529541 0.998176 216.096 -0.0213071 0.998336 -0.0535816 -19.6624 -0.999352 -0.0228219 -0.0278209 -21.2954 
0.00393643 0.053961 0.998535 217.228 -0.023012 0.998283 -0.0538567 -19.7252 -0.999727 -0.0227663 0.00517142 -21.275 
0.0361413 0.0537777 0.997899 218.311 -0.0236394 0.998318 -0.0529442 -19.8064 -0.999067 -0.0216762 0.0373517 -21.2364 
0.066877 0.0512642 0.996443 219.425 -0.0219585 0.998513 -0.049897 -19.8788 -0.997519 -0.0185434 0.0679032 -21.1391 
0.0974035 0.0505332 0.993961 220.573 -0.0218798 0.998577 -0.0486238 -19.9444 -0.995004 -0.0170115 0.0983706 -21.0064 
0.127591 0.051215 0.990504 221.735 -0.0210161 0.998581 -0.0489256 -20.0041 -0.991604 -0.0145741 0.128486 -20.8479 
0.1574 0.0502835 0.986254 222.85 -0.0178463 0.998684 -0.0480692 -20.0704 -0.987374 -0.0100349 0.158091 -20.6509 
0.187779 0.0497546 0.98095 224 -0.0152668 0.998743 -0.0477348 -20.1301 -0.982093 -0.00601242 0.188302 -20.422 
0.218261 0.0482038 0.974699 225.155 -0.0126482 0.998835 -0.0465653 -20.1943 -0.975808 -0.0021648 0.218616 -20.1633 
0.24878 0.0469646 0.967421 226.287 -0.010738 0.998896 -0.0457314 -20.2567 -0.9685 0.000988947 0.24901 -19.8703 
0.278751 0.0465679 0.959234 227.405 -0.00822854 0.998903 -0.0461026 -20.3193 -0.960328 0.00495803 0.278828 -19.5437 
0.30768 0.0464736 0.950354 228.526 -0.00808575 0.998898 -0.0462298 -20.3798 -0.951455 0.00653964 0.307717 -19.1746 
0.336149 0.0440838 0.940776 229.625 -0.00643905 0.998988 -0.0445109 -20.4437 -0.941787 0.00890459 0.336093 -18.7757 
0.364686 0.0432213 0.930127 230.727 -0.00661717 0.999017 -0.0438281 -20.5094 -0.931107 0.00982865 0.364613 -18.3345 
0.393233 0.0438152 0.918394 231.805 -0.004477 0.998943 -0.0457413 -20.5769 -0.919428 0.0138753 0.393014 -17.8593 
0.422034 0.0447168 0.905477 232.869 -0.00298643 0.998846 -0.047936 -20.6449 -0.906575 0.0175264 0.42168 -17.3641 
0.45019 0.0430431 0.891894 233.947 -0.001453 0.998871 -0.0474725 -20.7146 -0.892931 0.0200757 0.449745 -16.8261 
0.477058 0.0401793 0.877953 234.97 2.5258e-05 0.998954 -0.0457308 -20.7781 -0.878872 0.0218384 0.476558 -16.2636 
0.502414 0.0384778 0.863771 235.984 -0.000650267 0.999026 -0.0441248 -20.8366 -0.864627 0.0216072 0.501949 -15.6539 
0.526157 0.0387145 0.849506 236.999 -0.00183939 0.999013 -0.0443889 -20.9037 -0.850385 0.0217929 0.525709 -15.0208 
0.547982 0.038903 0.835585 238.006 -0.00296177 0.999002 -0.0445691 -20.9606 -0.836485 0.0219482 0.54755 -14.3518 
0.567566 0.0378482 0.822458 238.971 -0.00346102 0.999044 -0.0435862 -21.0197 -0.823321 0.0218915 0.567154 -13.6575 
0.586283 0.0350698 0.809347 239.942 -0.00348089 0.999162 -0.0407733 -21.0852 -0.810099 0.0210874 0.585914 -12.9371 
0.604134 0.0324897 0.79622 240.911 -0.00218953 0.999232 -0.0391124 -21.1364 -0.796879 0.0218858 0.603742 -12.1939 
0.620587 0.0295133 0.783582 241.86 -0.000624678 0.99931 -0.037144 -21.1977 -0.784137 0.0225615 0.620177 -11.4233 
0.63652 0.0283869 0.770738 242.806 0.00074141 0.999299 -0.0374175 -21.2428 -0.77126 0.0243884 0.636053 -10.6304 
0.652182 0.0280432 0.757543 243.721 0.00052717 0.999298 -0.0374467 -21.3014 -0.758062 0.0248214 0.65171 -9.82511 
0.667612 0.0265892 0.744035 244.625 0.00173706 0.999304 -0.0372704 -21.3535 -0.744507 0.0261746 0.667101 -8.99135 
0.682599 0.0247476 0.730374 245.51 0.00127905 0.999384 -0.0350581 -21.4028 -0.730792 0.0248648 0.682147 -8.15049 
0.697931 0.0210296 0.715856 246.388 0.00316346 0.999468 -0.0324456 -21.4552 -0.716158 0.0249093 0.697493 -7.29021 
0.71246 0.0200157 0.701427 247.255 0.00306038 0.999495 -0.0316299 -21.5007 -0.701706 0.0246816 0.712039 -6.3894 
0.726804 0.0202662 0.686546 248.103 0.00417091 0.999416 -0.0339175 -21.5413 -0.686832 0.0275148 0.726295 -5.47251 
0.739928 0.0196934 0.672398 248.94 0.00461216 0.999399 -0.0343463 -21.5948 -0.67267 0.0285149 0.739393 -4.54453 
0.752039 0.0195594 0.658828 249.759 0.00369405 0.999419 -0.0338878 -21.6421 -0.659108 0.0279187 0.75153 -3.58353 
0.763564 0.0171231 0.645504 250.565 0.00444812 0.999485 -0.0317749 -21.6901 -0.645716 0.0271334 0.763095 -2.60981 
0.774606 0.0145649 0.632276 251.347 0.00620863 0.999511 -0.0306308 -21.7383 -0.632413 0.0276524 0.774137 -1.62693 
0.785027 0.013925 0.619305 252.131 0.00672023 0.999497 -0.0309922 -21.786 -0.619425 0.0284916 0.784538 -0.612128 
0.79438 0.012166 0.607299 252.891 0.00986642 0.999409 -0.0329271 -21.8355 -0.607341 0.0321484 0.79379 0.410214 
0.803356 0.00968591 0.595421 253.651 0.0113582 0.999437 -0.0315831 -21.8808 -0.595391 0.0321353 0.802793 1.44484 
0.81143 0.00655655 0.584412 254.391 0.0144043 0.999409 -0.0312123 -21.9268 -0.584272 0.0337446 0.810856 2.49293 
0.818296 0.00496675 0.574776 255.107 0.0158061 0.99939 -0.0311388 -21.9755 -0.57458 0.0345657 0.817718 3.54705 
0.824026 0.00345308 0.566542 255.829 0.0166693 0.999401 -0.0303368 -22.024 -0.566307 0.0344421 0.823474 4.62537 
0.82806 0.00246282 0.560633 256.544 0.0167711 0.999434 -0.0291617 -22.0626 -0.560388 0.03355 0.82755 5.7065 
0.830827 0.001869 0.556528 257.265 0.0165001 0.999472 -0.0279894 -22.1107 -0.556286 0.0324371 0.830357 6.81037 
0.833487 0.00110579 0.552538 257.98 0.0168678 0.999481 -0.027445 -22.1607 -0.552281 0.0321951 0.833036 7.93681 
0.835903 -2.7837e-06 0.548878 258.694 0.0178859 0.999469 -0.0272341 -22.2007 -0.548586 0.0325822 0.835459 9.05667 
0.838921 -0.00486851 0.544231 259.508 0.0216857 0.999465 -0.0244873 -22.2622 -0.543821 0.0323449 0.838578 10.2565 
0.840988 -0.00675864 0.541012 260.24 0.0231773 0.999454 -0.0235429 -22.3106 -0.540557 0.0323384 0.840685 11.4028 
0.843883 -0.00760527 0.536473 261.027 0.0245172 0.999402 -0.0243983 -22.3457 -0.535967 0.0337421 0.843565 12.6149 
0.846437 -0.00858056 0.53242 261.814 0.025448 0.999379 -0.0243511 -22.3913 -0.53188 0.0341606 0.84613 13.8262 
0.84874 -0.00867342 0.528739 262.519 0.0251444 0.999396 -0.0239682 -22.4368 -0.528212 0.0336375 0.848446 14.98 
0.851201 -0.00819605 0.524775 263.27 0.0242705 0.999423 -0.0237584 -22.4787 -0.524278 0.0329597 0.850909 16.1769 
0.853268 -0.00911679 0.521394 263.94 0.0252835 0.999394 -0.0239022 -22.5208 -0.52086 0.0335776 0.852981 17.3436 
0.855038 -0.00953307 0.518477 264.713 0.0251475 0.999417 -0.0230959 -22.5892 -0.517955 0.0327862 0.854779 18.5894 
