1 2.12261e-08 -2.11895e-08 0 2.12261e-08 1 2.10703e-08 0 -2.11895e-08 2.10703e-08 1 0 
1 -0.000196779 -0.000285802 -0.0227019 0.000197263 0.999999 0.00154669 -0.0202462 0.000285455 -0.00154671 0.999999 1.35071 
0.999999 -0.00139045 -0.000853599 -0.0334807 0.00139165 0.999998 0.00135233 -0.0314267 0.000851674 -0.00135347 0.999999 2.7134 
0.999997 -0.00234786 -0.000518109 -0.0649295 0.00234803 0.999997 0.000249025 -0.0518098 0.000517481 -0.000250199 1 4.04506 
0.999996 -0.00297765 -3.77877e-05 -0.092613 0.00297772 0.999995 0.0005702 -0.074705 3.60474e-05 -0.000570268 1 5.36054 
0.999994 -0.00335184 0.000235564 -0.118067 0.00335159 0.999994 0.0012206 -0.0946595 -0.000239696 -0.00121976 0.999999 6.70465 
0.999989 -0.00459412 0.000865914 -0.149077 0.00459221 0.999987 0.00223794 -0.108446 -0.000876226 -0.0022339 0.999997 8.04329 
0.99999 -0.0043494 0.000919228 -0.180454 0.00434699 0.999987 0.00265404 -0.125806 -0.000930802 -0.00264997 0.999996 9.38993 
0.999994 -0.00335004 0.00116775 -0.211555 0.00334919 0.999994 0.000765506 -0.143236 -0.00117035 -0.000761547 0.999999 10.7364 
0.999999 -0.000973128 0.00127456 -0.237506 0.000974602 0.999999 -0.00112308 -0.167677 -0.00127351 0.00112437 0.999999 12.0921 
0.999994 0.00263048 0.00226689 -0.274031 -0.00262581 0.999995 -0.00204202 -0.190053 -0.00227229 0.0020361 0.999995 13.4387 
0.999981 0.00545301 0.00301885 -0.311428 -0.00544647 0.999983 -0.00215486 -0.217381 -0.00303059 0.00213842 0.999993 14.7782 
0.999977 0.00603776 0.00320434 -0.332775 -0.00603406 0.999981 -0.00114837 -0.241662 -0.00321126 0.00112905 0.999994 16.1525 
0.999984 0.00394793 0.00415757 -0.359894 -0.00395642 0.99999 0.00204717 -0.273198 -0.00414949 -0.00206355 0.999989 17.525 
0.999991 -0.00023306 0.00434866 -0.377021 0.000215748 0.999992 0.0039907 -0.291549 -0.00434959 -0.00398969 0.999983 18.8961 
0.999987 -0.00185691 0.00474048 -0.40138 0.00184966 0.999997 0.00154225 -0.309265 -0.00474337 -0.00153342 0.999988 20.2571 
0.999981 -0.00333326 0.00510432 -0.427508 0.00333526 0.999994 -0.000375068 -0.328461 -0.00510309 0.000392127 0.999987 21.6203 
0.999981 -0.00118946 0.00604371 -0.458995 0.00120264 0.999997 -0.00217205 -0.347155 -0.00604115 0.00217932 0.999979 22.9744 
0.999977 0.00131013 0.00663462 -0.469484 -0.00130855 0.999999 -0.000236769 -0.363523 -0.00663497 0.000228123 0.999978 24.3407 
0.999973 0.00171112 0.00714507 -0.485567 -0.00173811 0.999991 0.00377817 -0.386193 -0.00713859 -0.00379045 0.999967 25.7289 
0.999972 -0.000688663 0.00747237 -0.496579 0.000647441 0.999985 0.00552337 -0.399233 -0.0074761 -0.00551834 0.999957 27.1098 
0.999966 -0.00419827 0.00706209 -0.512955 0.00417208 0.999984 0.00372491 -0.414328 -0.00707766 -0.00369528 0.999968 28.465 
0.999963 -0.00491225 0.00701476 -0.526021 0.00490045 0.999987 0.00170393 -0.435693 -0.00702307 -0.00166945 0.999974 29.8576 
0.999958 -0.00495491 0.00776962 -0.538789 0.00495995 0.999988 -0.000624636 -0.462335 -0.00776647 0.000663188 0.99997 31.2386 
0.999963 -0.00218901 0.00833634 -0.555067 0.00220052 0.999997 -0.0013667 -0.490459 -0.00833336 0.00138503 0.999964 32.6131 
0.999961 -0.00103282 0.00876312 -0.575868 0.00106284 0.999994 -0.00341694 -0.514918 -0.00875957 0.00342616 0.999956 33.9989 
0.999958 -7.01401e-05 0.00912508 -0.595329 9.51389e-05 0.999996 -0.00273448 -0.542824 -0.0091249 0.00273528 0.999955 35.3994 
0.999958 -0.000686125 0.00916236 -0.612667 0.000696371 0.999999 -0.00111045 -0.567265 -0.00916163 0.00111682 0.999957 36.8087 
0.999955 0.000553053 0.00946114 -0.645313 -0.000552866 1 -1.78257e-05 -0.584978 -0.00946119 1.26361e-05 0.999955 38.252 
0.999941 0.00309764 0.010374 -0.698073 -0.00309819 0.999995 4.13934e-05 -0.590411 -0.0103739 -7.34899e-05 0.999946 39.6779 
0.999922 0.00576387 0.0110825 -0.722918 -0.00575926 0.999983 -0.000444143 -0.606043 -0.011085 0.000380322 0.999939 41.0908 
0.999903 0.0073761 0.0118049 -0.763636 -0.0073779 0.999973 0.000112839 -0.632656 -0.0118038 -0.000199881 0.99993 42.5075 
0.999903 0.00763261 0.0116649 -0.781037 -0.00763868 0.999971 0.00047942 -0.655506 -0.011661 -0.000568436 0.999932 43.9064 
0.999905 0.00721873 0.0117681 -0.8031 -0.0072192 0.999974 1.14972e-06 -0.666866 -0.0117678 -8.6064e-05 0.999931 45.3699 
0.999905 0.00729923 0.0117375 -0.829922 -0.00728916 0.999973 -0.000897208 -0.680396 -0.0117438 0.000811607 0.999931 46.8344 
0.999914 0.00626711 0.0114912 -0.85828 -0.00626014 0.99998 -0.000638951 -0.692577 -0.011495 0.000567001 0.999934 48.2665 
0.999928 0.00616688 0.0103241 -0.864201 -0.00617375 0.999981 0.000638654 -0.723299 -0.01032 -0.000702304 0.999947 49.7136 
0.999929 0.00694391 0.00965131 -0.888558 -0.00694371 0.999976 -5.00295e-05 -0.741314 -0.00965147 -1.69482e-05 0.999953 51.1417 
0.99994 0.00670661 0.00864797 -0.9 -0.00671212 0.999977 0.000612931 -0.763595 -0.00864371 -0.000670898 0.999962 52.5884 
0.999943 0.00709888 0.00797975 -0.925455 -0.00710606 0.999974 0.000876472 -0.775646 -0.00797337 -0.000933085 0.999968 54.0413 
0.999954 0.00555801 0.00778755 -0.946652 -0.00557309 0.999983 0.00192109 -0.805051 -0.00777678 -0.00196436 0.999968 55.476 
0.999965 0.00412505 0.00724255 -0.970127 -0.00413993 0.999989 0.00204594 -0.823787 -0.00723407 -0.00207581 0.999972 56.9259 
0.999973 0.00237484 0.00692409 -0.98871 -0.00238281 0.999997 0.00114915 -0.840715 -0.00692138 -0.00116558 0.999975 58.401 
0.999968 0.00283627 0.00749845 -1.02081 -0.0028466 0.999995 0.0013728 -0.872341 -0.00749456 -0.00139406 0.999971 59.8022 
0.999963 0.00196782 0.00839285 -1.03928 -0.00198589 0.999996 0.00214973 -0.892274 -0.00838863 -0.00216628 0.999963 61.2733 
0.999959 0.000987332 0.00905566 -1.05423 -0.00101509 0.999995 0.00306628 -0.918471 -0.00905263 -0.0030753 0.999954 62.7048 
0.999953 -0.000355879 0.00972963 -1.06769 0.000333119 0.999997 0.00234507 -0.937298 -0.00973048 -0.00234168 0.99995 64.1674 
0.999948 -0.0019249 0.010025 -1.07448 0.00191087 0.999997 0.00141326 -0.953476 -0.0100277 -0.00139399 0.999949 65.6117 
0.99994 -0.000901417 0.0109492 -1.08373 0.000889794 0.999999 0.00107025 -0.979333 -0.0109502 -0.0010604 0.99994 67.0314 
0.99993 0.000315868 0.0118661 -1.09587 -0.000329131 0.999999 0.00111934 -1.01047 -0.0118658 -0.00112312 0.999929 68.4509 
0.999917 0.00342693 0.0124115 -1.11072 -0.00345604 0.999991 0.00232884 -1.03142 -0.0124035 -0.0023715 0.99992 69.892 
0.999883 0.00697179 0.0136071 -1.13946 -0.00701877 0.99997 0.00341112 -1.05038 -0.0135829 -0.00350619 0.999902 71.3034 
0.999831 0.0112668 0.0145289 -1.15707 -0.0113217 0.999929 0.00370708 -1.06877 -0.0144862 -0.0038709 0.999888 72.6947 
0.999757 0.0157491 0.0154317 -1.18456 -0.0157992 0.99987 0.0031323 -1.0873 -0.0153804 -0.00337531 0.999876 74.1338 
0.999668 0.0195453 0.0167875 -1.21193 -0.0195806 0.999806 0.00194811 -1.09628 -0.0167462 -0.00227613 0.999857 75.5356 
0.999598 0.0218622 0.0180425 -1.22783 -0.0219001 0.999758 0.00190562 -1.12172 -0.0179966 -0.00229995 0.999835 76.917 
0.999567 0.0228368 0.018579 -1.24228 -0.0228764 0.999736 0.00192248 -1.14173 -0.0185302 -0.00234663 0.999826 78.3147 
0.999596 0.021353 0.0187437 -1.24473 -0.021393 0.999769 0.0019379 -1.167 -0.018698 -0.00233807 0.999822 79.7239 
0.999583 0.021527 0.0192587 -1.24984 -0.0215402 0.999768 0.000477441 -1.193 -0.019244 -0.000892037 0.999814 81.1044 
0.999605 0.0210226 0.0186402 -1.24036 -0.0210382 0.999779 0.000643693 -1.21853 -0.0186226 -0.00103555 0.999826 82.5208 
0.999639 0.0197102 0.018285 -1.23081 -0.0197302 0.999805 0.00091413 -1.23969 -0.0182634 -0.00127452 0.999832 83.9224 
0.999645 0.0197305 0.017926 -1.25523 -0.0197399 0.999805 0.000350105 -1.25877 -0.0179157 -0.000703798 0.999839 85.3273 
0.999642 0.0199996 0.0177674 -1.2679 -0.0200103 0.9998 0.000427629 -1.27751 -0.0177554 -0.000782967 0.999842 86.701 
0.999683 0.0185238 0.017043 -1.28312 -0.0185538 0.999827 0.00160716 -1.30164 -0.0170103 -0.00192282 0.999854 88.1176 
0.999746 0.0152555 0.0165801 -1.29516 -0.0153126 0.999877 0.00332444 -1.33185 -0.0165274 -0.00357744 0.999857 89.4671 
0.999796 0.0133151 0.0152215 -1.28757 -0.0133749 0.999903 0.00383674 -1.35134 -0.015169 -0.0040395 0.999877 90.8424 
0.999836 0.0107173 0.0145908 -1.29296 -0.010778 0.999934 0.00408951 -1.36772 -0.014546 -0.00424606 0.999885 92.2506 
0.999862 0.00846817 0.0142748 -1.30038 -0.00852306 0.999957 0.00379167 -1.39251 -0.0142421 -0.00391277 0.999891 93.6278 
0.999871 0.00733256 0.0142594 -1.31644 -0.00737811 0.999968 0.00314751 -1.40026 -0.0142359 -0.00325228 0.999893 95.0158 
0.999861 0.00791833 0.0146913 -1.34665 -0.00795433 0.999966 0.00239659 -1.41043 -0.0146719 -0.00251307 0.999889 96.3662 
0.999857 0.00794919 0.0149493 -1.35563 -0.00797719 0.999967 0.00181726 -1.43443 -0.0149344 -0.00193621 0.999887 97.7197 
0.999842 0.00892429 0.0153822 -1.36563 -0.00894473 0.999959 0.00126337 -1.45412 -0.0153703 -0.00140071 0.999881 99.1 
0.999818 0.0102136 0.0161287 -1.38082 -0.0102432 0.999946 0.00175534 -1.48209 -0.01611 -0.00192019 0.999868 100.472 
0.999799 0.0108917 0.016815 -1.38993 -0.0109491 0.999935 0.00332316 -1.50266 -0.0167778 -0.00350656 0.999853 101.833 
0.999791 0.0117685 0.0166969 -1.388 -0.0118493 0.999919 0.00475188 -1.5288 -0.0166397 -0.00494869 0.999849 103.186 
0.999795 0.0109335 0.0170223 -1.39478 -0.0109901 0.999934 0.0032353 -1.5398 -0.0169858 -0.00342168 0.99985 104.565 
0.999792 0.0108714 0.0172554 -1.39836 -0.0108886 0.99994 0.000910505 -1.56386 -0.0172446 -0.00109816 0.999851 105.908 
0.999799 0.0104038 0.0171333 -1.39981 -0.0103969 0.999946 -0.000488186 -1.58283 -0.0171374 0.000309997 0.999853 107.241 
0.999815 0.00790171 0.0175637 -1.40697 -0.00792076 0.999968 0.00101777 -1.60907 -0.0175551 -0.00115666 0.999845 108.589 
0.999822 0.00478496 0.0182749 -1.41375 -0.0048456 0.999983 0.00327786 -1.63117 -0.0182589 -0.00336579 0.999828 109.923 
0.999801 0.00423494 0.0194938 -1.41409 -0.00430775 0.999984 0.00369673 -1.65454 -0.0194778 -0.00377993 0.999803 111.256 
0.999787 0.00362657 0.020337 -1.41634 -0.00366836 0.999991 0.0020202 -1.66988 -0.0203295 -0.00209433 0.999791 112.594 
0.999764 0.00539047 0.0210452 -1.41993 -0.00538466 0.999985 -0.00033064 -1.68751 -0.0210467 0.000217282 0.999779 113.964 
0.999714 0.00744473 0.0227292 -1.42028 -0.00738815 0.999969 -0.00257011 -1.70471 -0.0227477 0.00240149 0.999738 115.302 
0.999656 0.0105104 0.0240459 -1.4213 -0.010455 0.999942 -0.00242584 -1.72686 -0.0240701 0.00217364 0.999708 116.672 
0.999588 0.0114916 0.0262974 -1.42051 -0.0114795 0.999934 -0.000608597 -1.73912 -0.0263027 0.000306507 0.999654 118.041 
0.999551 0.0117331 0.027584 -1.41217 -0.0117767 0.99993 0.00142052 -1.76018 -0.0275654 -0.00174469 0.999619 119.396 
0.999524 0.0115747 0.0286039 -1.38954 -0.0116225 0.999931 0.00150637 -1.77114 -0.0285846 -0.00183806 0.99959 120.754 
0.999461 0.0129378 0.0301633 -1.38603 -0.012959 0.999916 0.000509115 -1.79028 -0.0301542 -0.000899686 0.999545 122.064 
0.999389 0.0148853 0.0316259 -1.38427 -0.0148903 0.999889 -7.71308e-05 -1.80896 -0.0316236 -0.000393794 0.9995 123.454 
0.999309 0.016641 0.0332407 -1.37832 -0.0166315 0.999862 -0.000561392 -1.82555 -0.0332454 8.202e-06 0.999447 124.826 
0.999259 0.01689 0.0345896 -1.3632 -0.0168612 0.999857 -0.00112424 -1.86149 -0.0346037 0.000540232 0.999401 126.155 
0.999187 0.0181694 0.0359766 -1.35166 -0.0181211 0.999834 -0.00166758 -1.89467 -0.036001 0.00101433 0.999351 127.511 
0.999145 0.0172435 0.0375879 -1.33711 -0.017181 0.99985 -0.00198439 -1.92341 -0.0376165 0.00133693 0.999291 128.871 
0.999086 0.0171239 0.0391564 -1.34429 -0.0170988 0.999853 -0.000974722 -1.94349 -0.0391674 0.000304347 0.999233 130.271 
0.999063 0.0156779 0.0403361 -1.32586 -0.0156869 0.999877 -9.41993e-05 -1.96763 -0.0403327 -0.000538595 0.999186 131.651 
0.999057 0.014789 0.0408165 -1.30023 -0.0148091 0.99989 0.000192107 -1.98725 -0.0408092 -0.000796342 0.999167 133.022 
0.999081 0.0125397 0.0409878 -1.27723 -0.012575 0.999921 0.000604475 -2.01438 -0.040977 -0.0011193 0.99916 134.362 
0.999096 0.0111796 0.0410209 -1.25007 -0.0112321 0.999936 0.00105097 -2.03121 -0.0410066 -0.00151074 0.999158 135.695 
0.999118 0.00980771 0.0408321 -1.22845 -0.00985866 0.999951 0.00104744 -2.05987 -0.0408199 -0.00144903 0.999166 137.053 
0.999154 0.00889956 0.040161 -1.20435 -0.00892599 0.99996 0.000479955 -2.07453 -0.0401552 -0.000837985 0.999193 138.411 
0.999202 0.00768531 0.0391867 -1.17523 -0.00774805 0.999969 0.00145052 -2.0999 -0.0391744 -0.00175295 0.999231 139.766 
0.999268 0.00521141 0.0379066 -1.15194 -0.00528614 0.999984 0.00187261 -2.12823 -0.0378963 -0.00207158 0.99928 141.085 
0.999306 0.00481957 0.0369504 -1.14057 -0.00490047 0.999986 0.00210032 -2.15351 -0.0369398 -0.00227989 0.999315 142.41 
0.999345 0.00509429 0.035835 -1.11622 -0.00514918 0.999986 0.00144086 -2.17336 -0.0358272 -0.0016244 0.999357 143.774 
0.999354 0.00524869 0.0355534 -1.11478 -0.00528288 0.999986 0.000869021 -2.18752 -0.0355484 -0.00105624 0.999367 145.107 
0.999384 0.0031421 0.0349633 -1.09739 -0.00310192 0.999995 -0.00120209 -2.21121 -0.0349669 0.00109294 0.999388 146.448 
0.999415 -0.00186593 0.034157 -1.07228 0.00191524 0.999997 -0.00140964 -2.23647 -0.0341543 0.00147428 0.999416 147.781 
0.999411 -0.00932433 0.0330283 -1.03673 0.00928787 0.999956 0.00125851 -2.25943 -0.0330387 -0.000950967 0.999454 149.123 
0.999377 -0.0163053 0.0313009 -1.0187 0.0162126 0.999863 0.003215 -2.28363 -0.0313491 -0.00270548 0.999505 150.441 
0.999347 -0.0195838 0.0303814 -0.991295 0.0195995 0.999808 -0.000217649 -2.30213 -0.0303714 0.000813009 0.999538 151.799 
0.99935 -0.0188946 0.0306947 -0.982612 0.0190086 0.999813 -0.00342628 -2.32484 -0.0306243 0.00400756 0.999523 153.146 
0.999382 -0.0155473 0.0315376 -0.96389 0.0157296 0.999861 -0.0055385 -2.35587 -0.0314471 0.00603119 0.999487 154.506 
0.999343 -0.015843 0.0325929 -0.957253 0.0160272 0.999857 -0.00539618 -2.38996 -0.0325028 0.00591505 0.999454 155.841 
0.999264 -0.0192103 0.0331982 -0.936125 0.0192874 0.999812 -0.00200124 -2.41744 -0.0331536 0.00264012 0.999447 157.195 
0.999114 -0.0250974 0.033772 -0.912779 0.025074 0.999685 0.00111631 -2.44641 -0.0337894 -0.000268484 0.999429 158.543 
0.999026 -0.0285515 0.0336541 -0.881338 0.0284893 0.999591 0.0023282 -2.46109 -0.0337069 -0.00136711 0.999431 159.893 
0.998979 -0.0298069 0.0339443 -0.85853 0.0297436 0.999555 0.00236976 -2.48452 -0.0339999 -0.00135768 0.999421 161.255 
0.998996 -0.0276479 0.0352487 -0.838691 0.0275609 0.999616 0.00295415 -2.50433 -0.0353169 -0.00197966 0.999374 162.618 
0.999048 -0.0234282 0.0367968 -0.821953 0.0233673 0.999725 0.0020847 -2.52727 -0.0368355 -0.00122284 0.999321 163.976 
0.999054 -0.021169 0.0379982 -0.814829 0.0211718 0.999776 0.000330832 -2.55795 -0.0379967 0.000474014 0.999278 165.319 
0.999089 -0.0177957 0.0387913 -0.788696 0.0178199 0.999841 -0.000276769 -2.57814 -0.0387803 0.000967816 0.999247 166.676 
0.999108 -0.0155922 0.0392452 -0.761924 0.0155794 0.999878 0.000634322 -2.59369 -0.0392504 -2.22997e-05 0.999229 168.05 
0.99913 -0.0127887 0.0397038 -0.74832 0.0127987 0.999918 2.73484e-06 -2.61337 -0.0397006 0.000505467 0.999212 169.415 
0.99914 -0.0115689 0.0398135 -0.737282 0.0116546 0.99993 -0.00192067 -2.64325 -0.0397886 0.00238307 0.999205 170.748 
0.999187 -0.00765445 0.0395948 -0.720767 0.00785428 0.999957 -0.00489274 -2.66667 -0.0395557 0.00519979 0.999204 172.111 
0.999197 -0.0021425 0.0400101 -0.710896 0.00238807 0.999979 -0.00608979 -2.70202 -0.0399962 0.00618049 0.999181 173.473 
0.999179 0.0021697 0.0404583 -0.686956 -0.00198419 0.999987 -0.00462375 -2.73323 -0.0404678 0.00453972 0.999171 174.89 
0.999144 0.00449978 0.0411275 -0.667098 -0.00437883 0.999986 -0.00302932 -2.75705 -0.0411406 0.00284668 0.999149 176.271 
0.999144 0.00526003 0.0410207 -0.632262 -0.00522974 0.999986 -0.0008444 -2.78079 -0.0410246 0.000629191 0.999158 177.688 
0.999187 0.00133699 0.040296 -0.603317 -0.00133966 0.999999 4.02936e-05 -2.80193 -0.040296 -9.42027e-05 0.999188 179.047 
0.999244 -0.00072319 0.038876 -0.582289 0.000702805 1 0.000539119 -2.83063 -0.0388764 -0.000511348 0.999244 180.412 
0.999324 -0.000862176 0.0367653 -0.551407 0.00100478 0.999992 -0.00385915 -2.85649 -0.0367618 0.00389352 0.999317 181.816 
0.999375 0.00101566 0.0353481 -0.527597 -0.000722679 0.999965 -0.00829913 -2.88224 -0.0353554 0.00826844 0.999341 183.261 
0.999371 0.00614635 0.0349232 -0.51816 -0.00583464 0.999942 -0.00901922 -2.91895 -0.0349767 0.00880983 0.999349 184.674 
0.999346 0.00934168 0.0349388 -0.507058 -0.0090676 0.999927 -0.00799357 -2.94638 -0.035011 0.00767157 0.999358 186.107 
0.99932 0.0109242 0.0352165 -0.486128 -0.0107672 0.999931 -0.00464338 -2.97082 -0.0352648 0.00426109 0.999369 187.546 
0.999315 0.0108429 0.0353849 -0.458023 -0.010756 0.999939 -0.00264435 -2.99255 -0.0354114 0.00226198 0.99937 188.972 
0.999285 0.0111589 0.0361117 -0.46016 -0.0110971 0.999937 -0.00190958 -3.01868 -0.0361307 0.00150752 0.999346 190.393 
0.999305 0.00878479 0.0362254 -0.430695 -0.00873485 0.999961 -0.00153556 -3.03349 -0.0362375 0.00121811 0.999343 191.85 
0.999322 0.00623264 0.0362782 -0.398687 -0.00620493 0.99998 -0.000875151 -3.05891 -0.036283 0.000649495 0.999341 193.295 
0.999335 0.00357287 0.0362873 -0.369255 -0.00353392 0.999993 -0.00113614 -3.07847 -0.0362912 0.00100718 0.999341 194.729 
0.999327 0.000677064 0.0366747 -0.336212 -0.000670459 1 -0.000191213 -3.0942 -0.0366749 0.000166537 0.999327 196.18 
0.999308 -0.00418391 0.0369606 -0.300328 0.00412877 0.99999 0.00156924 -3.12122 -0.0369669 -0.00141551 0.999316 197.626 
0.999276 -0.00673974 0.0374399 -0.275392 0.0066936 0.999977 0.0013588 -3.1396 -0.0374482 -0.00110716 0.999298 199.063 
0.999279 -0.00509978 0.0376334 -0.245367 0.00520975 0.999982 -0.00282362 -3.17173 -0.0376184 0.00301769 0.999288 200.504 
0.99928 0.00206144 0.0378804 -0.225679 -0.00175447 0.999965 -0.00813392 -3.19137 -0.0378959 0.00806165 0.999249 201.917 
0.999173 0.010561 0.0392602 -0.209521 -0.0102615 0.999917 -0.00782057 -3.2299 -0.0393396 0.00741128 0.999198 203.342 
0.999008 0.0190731 0.0402294 -0.187972 -0.0189174 0.999812 -0.00424817 -3.26519 -0.0403029 0.00348296 0.999181 204.789 
0.998924 0.0202124 0.0417513 -0.173773 -0.0201465 0.999795 -0.00199752 -3.29078 -0.0417832 0.00115427 0.999126 206.252 
0.999002 0.0179013 0.0409139 -0.126523 -0.0178614 0.99984 -0.00133864 -3.3119 -0.0409314 0.000606563 0.999162 207.715 
0.99909 0.0150173 0.0399238 -0.0942211 -0.0149688 0.999887 -0.00151073 -3.33223 -0.039942 0.00091178 0.999202 209.186 
0.999147 0.0132612 0.0390965 -0.0621608 -0.0131879 0.999911 -0.0021323 -3.35596 -0.0391213 0.00161492 0.999233 210.654 
0.999149 0.0141727 0.0387331 -0.0353938 -0.0140687 0.999897 -0.00295544 -3.38106 -0.038771 0.00240804 0.999245 212.108 
0.999144 0.0150687 0.0385338 -0.00567762 -0.0149674 0.999884 -0.00291482 -3.40111 -0.0385732 0.00233561 0.999253 213.583 
0.99913 0.015863 0.0385614 0.0203448 -0.0158038 0.999873 -0.00183775 -3.43181 -0.0385857 0.00122678 0.999255 215.073 
0.999149 0.015008 0.0384083 0.0501609 -0.0149293 0.999886 -0.00233283 -3.45807 -0.038439 0.00175748 0.999259 216.536 
0.999162 0.0148858 0.0381337 0.0790453 -0.0147738 0.999886 -0.00321673 -3.49079 -0.0381772 0.0026507 0.999268 218.014 
0.999186 0.0136089 0.03797 0.114282 -0.0134897 0.999903 -0.00339257 -3.51473 -0.0380125 0.00287765 0.999273 219.525 
0.999185 0.014178 0.0377876 0.137456 -0.0140612 0.999896 -0.00335254 -3.54713 -0.0378312 0.00281851 0.99928 221.035 
0.99917 0.0146138 0.0380215 0.156914 -0.014503 0.99989 -0.00318774 -3.57786 -0.038064 0.0026337 0.999272 222.486 
0.999168 0.0144036 0.0381622 0.177436 -0.0142807 0.999892 -0.00349123 -3.59773 -0.0382084 0.00294338 0.999266 223.959 
0.999147 0.0157202 0.0381933 0.183588 -0.0156037 0.999873 -0.00334544 -3.63126 -0.038241 0.00274667 0.999265 225.401 
0.999166 0.0151754 0.0379214 0.209591 -0.0150498 0.99988 -0.00359452 -3.65422 -0.0379714 0.00302085 0.999274 226.884 
0.999135 0.0166626 0.0380928 0.217675 -0.0165287 0.999856 -0.00382617 -3.68309 -0.0381511 0.00319327 0.999267 228.338 
0.999161 0.0154011 0.0379499 0.247761 -0.0152796 0.999877 -0.00348811 -3.72108 -0.037999 0.00290536 0.999274 229.845 
0.999175 0.0137591 0.0382061 0.285558 -0.0136299 0.999901 -0.00363785 -3.74835 -0.0382524 0.00311414 0.999263 231.377 
0.999199 0.0121772 0.0381228 0.31795 -0.0120631 0.999922 -0.00321903 -3.77916 -0.0381591 0.00275661 0.999268 232.868 
0.999206 0.0110953 0.0382637 0.348181 -0.0110145 0.999937 -0.00231922 -3.80935 -0.0382871 0.00189597 0.999265 234.39 
0.999189 0.0112881 0.038654 0.361818 -0.0112183 0.999935 -0.00202042 -3.8345 -0.0386744 0.00158519 0.999251 235.92 
0.999189 0.0115006 0.0385887 0.394562 -0.011417 0.999932 -0.0023833 -3.86282 -0.0386135 0.00194084 0.999252 237.443 
0.999147 0.0124695 0.0393726 0.412525 -0.012354 0.999919 -0.00317555 -3.89339 -0.0394091 0.00268647 0.99922 238.961 
0.999114 0.0135761 0.0398458 0.44265 -0.0134719 0.999905 -0.00288319 -3.91087 -0.0398812 0.00234387 0.999202 240.463 
0.999064 0.0144319 0.0407718 0.470653 -0.0144208 0.999896 -0.000565968 -3.94705 -0.0407757 -2.24809e-05 0.999168 241.969 
0.999029 0.0146002 0.0415617 0.498218 -0.0145991 0.999893 -0.000330198 -3.96885 -0.0415622 -0.000276845 0.999136 243.505 
0.998981 0.0155178 0.0423873 0.521851 -0.0154291 0.999878 -0.00241778 -3.99284 -0.0424197 0.00176136 0.999098 245.042 
0.998964 0.0153708 0.0428392 0.559483 -0.0152312 0.999878 -0.00358208 -4.02083 -0.042889 0.00292592 0.999076 246.573 
0.998943 0.0160249 0.0430945 0.59706 -0.0159078 0.999869 -0.0030576 -4.05292 -0.0431379 0.00236887 0.999066 248.089 
0.998936 0.0152419 0.0435357 0.627247 -0.0151807 0.999883 -0.00173535 -4.08644 -0.0435571 0.00107264 0.99905 249.615 
0.998971 0.0146581 0.0429089 0.674006 -0.0146494 0.999893 -0.000516094 -4.12395 -0.0429119 -0.000112984 0.999079 251.117 
0.998987 0.0145779 0.042577 0.717036 -0.0145675 0.999894 -0.000552967 -4.14891 -0.0425805 -6.77933e-05 0.999093 252.675 
0.998951 0.0165548 0.0427067 0.758751 -0.0165622 0.999863 -0.000180736 -4.17658 -0.0427039 -0.000526729 0.999088 254.217 
0.998936 0.0173612 0.0427378 0.798312 -0.0173624 0.999849 -0.000343274 -4.19584 -0.0427373 -0.00039908 0.999086 255.758 
0.998924 0.0177854 0.0428216 0.836049 -0.0177736 0.999842 -0.000655245 -4.20423 -0.0428265 -0.000106514 0.999083 257.273 
0.998952 0.0159538 0.0429057 0.880264 -0.0159625 0.999873 -0.000138691 -4.23684 -0.0429025 -0.000546297 0.999079 258.835 
0.998968 0.0140146 0.0432158 0.914253 -0.0140544 0.999901 0.000617966 -4.26537 -0.0432029 -0.00122466 0.999066 260.374 
0.998979 0.0113546 0.0437367 0.945992 -0.0114327 0.999934 0.00153646 -4.29537 -0.0437164 -0.00203488 0.999042 261.945 
0.999005 0.00972772 0.0435185 0.986379 -0.00976806 0.999952 0.000715338 -4.31308 -0.0435094 -0.00113968 0.999052 263.523 
0.999028 0.00898035 0.04316 1.03255 -0.00896953 0.99996 -0.000443312 -4.34216 -0.0431622 5.57977e-05 0.999068 265.072 
0.999005 0.00722584 0.0439997 1.07889 -0.00729793 0.999972 0.00147886 -4.36527 -0.0439878 -0.00179846 0.99903 266.658 
0.998981 0.00537183 0.0448203 1.10643 -0.00551389 0.99998 0.00304764 -4.38495 -0.044803 -0.00329162 0.99899 268.207 
0.998981 0.00443314 0.0449139 1.14348 -0.00453926 0.999987 0.00226205 -4.41251 -0.0449034 -0.00246358 0.998988 269.739 
0.998931 0.004912 0.0459638 1.17926 -0.00497406 0.999987 0.00123666 -4.43561 -0.0459572 -0.00146392 0.998942 271.265 
0.998893 0.00624237 0.046617 1.21603 -0.00629112 0.99998 0.000900038 -4.46121 -0.0466105 -0.00119227 0.998912 272.828 
0.998823 0.00766647 0.0479016 1.25114 -0.00772269 0.99997 0.000989481 -4.4881 -0.0478927 -0.0013582 0.998852 274.382 
0.998714 0.0107266 0.0495453 1.27785 -0.0107534 0.999942 0.000276671 -4.50823 -0.0495396 -0.000809056 0.998772 275.943 
0.998621 0.0119045 0.0511383 1.31421 -0.0119319 0.999929 0.00023174 -4.54182 -0.0511319 -0.000841555 0.998692 277.425 
0.998543 0.0136923 0.0521983 1.3541 -0.0137 0.999906 -0.000210683 -4.57616 -0.0521963 -0.000504697 0.998637 278.993 
0.998498 0.0130885 0.0532013 1.3993 -0.0130533 0.999914 -0.00100662 -4.59467 -0.05321 0.000310689 0.998583 280.578 
0.998448 0.0125256 0.0542738 1.4526 -0.0124525 0.999921 -0.00168364 -4.61936 -0.0542907 0.00100523 0.998525 282.166 
0.998385 0.0122653 0.0554734 1.50385 -0.0121749 0.999924 -0.00196716 -4.63651 -0.0554934 0.00128865 0.998458 283.773 
0.998332 0.0110252 0.0566792 1.54743 -0.0109933 0.999939 -0.000874397 -4.66814 -0.0566855 0.000249889 0.998392 285.352 
0.998319 0.0102303 0.0570541 1.60375 -0.010215 0.999948 -0.000559297 -4.69416 -0.0570569 -2.44121e-05 0.998371 286.942 
0.998365 0.00939296 0.0563803 1.68215 -0.0092641 0.999954 -0.00254559 -4.73183 -0.0564017 0.00201915 0.998406 288.522 
0.998389 0.00848125 0.056106 1.75463 -0.00823361 0.999955 -0.00464279 -4.76304 -0.0561429 0.00417339 0.998414 290.096 
0.99844 0.00837031 0.0552067 1.82469 -0.00812129 0.999956 -0.00473269 -4.79366 -0.0552439 0.004277 0.998464 291.649 
0.998517 0.00767101 0.0539032 1.88392 -0.0074315 0.999962 -0.00464156 -4.81918 -0.0539368 0.00423413 0.998535 293.197 
0.998542 0.00788976 0.0534065 1.91798 -0.00760974 0.999956 -0.00544372 -4.83957 -0.0534472 0.00502941 0.998558 294.684 
0.998562 0.00712218 0.0531414 1.94967 -0.00687355 0.999965 -0.00485901 -4.88652 -0.0531742 0.00448679 0.998575 296.186 
0.998603 0.00683005 0.0523985 2.00302 -0.00660575 0.999968 -0.00445171 -4.91725 -0.0524273 0.0040994 0.998616 297.753 
0.998668 0.00627413 0.0512099 2.04592 -0.00607241 0.999973 -0.00409279 -4.94655 -0.0512343 0.00377642 0.99868 299.264 
0.998741 0.00494251 0.0499195 2.11622 -0.00483245 0.999986 -0.00232423 -4.97575 -0.0499303 0.00208011 0.998751 300.847 
0.998761 0.00623458 0.0493772 2.1539 -0.00620656 0.999981 -0.000719786 -5.01268 -0.0493807 0.000412473 0.99878 302.451 
0.998708 0.00645011 0.0504095 2.18782 -0.00644261 0.999979 -0.000310408 -5.043 -0.0504105 -1.47207e-05 0.998729 304.082 
0.998644 0.00627767 0.0516847 2.22322 -0.0062509 0.99998 -0.000678737 -5.05869 -0.051688 0.000354781 0.998663 305.722 
0.998627 0.00500792 0.0521525 2.26847 -0.00496286 0.999987 -0.000992535 -5.0717 -0.0521569 0.000732387 0.998639 307.36 
0.99861 0.00218156 0.0526599 2.29806 -0.00209424 0.999996 -0.00171236 -5.1133 -0.0526635 0.00159973 0.998611 308.994 
0.998615 0.000933587 0.0526113 2.3591 -0.000739708 0.999993 -0.00370365 -5.13788 -0.0526144 0.00365964 0.998608 310.651 
0.998618 0.00097826 0.0525452 2.41304 -0.000725381 0.999988 -0.00483063 -5.16429 -0.0525493 0.00478588 0.998607 312.247 
0.998755 0.00114287 0.0498682 2.4743 -0.000867344 0.999984 -0.00554541 -5.20171 -0.0498738 0.00549529 0.99874 313.834 
0.998833 0.00201222 0.0482473 2.50059 -0.00177219 0.999986 -0.00501644 -5.23218 -0.0482568 0.00492512 0.998823 315.438 
0.99885 0.0026575 0.0478704 2.54733 -0.00260278 0.999996 -0.00120457 -5.27026 -0.0478734 0.00107863 0.998853 317.077 
0.998816 0.000638357 0.0486529 2.59373 -0.000742034 0.999998 0.00211382 -5.29867 -0.0486515 -0.00214738 0.998814 318.718 
0.998816 -0.000170541 0.048646 2.63958 5.13746e-05 0.999997 0.0024518 -5.31454 -0.0486463 -0.00244636 0.998813 320.358 
0.998787 -0.00123753 0.0492175 2.68803 0.00118545 0.999999 0.00108817 -5.32905 -0.0492188 -0.00102847 0.998788 321.991 
0.99875 -0.00206618 0.0499392 2.73072 0.00200598 0.999997 0.00125644 -5.35552 -0.0499417 -0.00115465 0.998752 323.625 
0.998692 -0.00179313 0.0511041 2.75415 0.00174422 0.999998 0.0010026 -5.36098 -0.0511058 -0.000912112 0.998693 325.27 
0.998631 -0.00120549 0.0522947 2.78251 0.00115837 0.999999 0.00093217 -5.38377 -0.0522958 -0.000870277 0.998631 326.888 
0.99859 0.000641465 0.0530887 2.81013 -0.000622692 1 -0.000369333 -5.39708 -0.0530889 0.000335795 0.99859 328.537 
0.998526 0.00130862 0.054257 2.8553 -0.00125071 0.999999 -0.00110053 -5.4189 -0.0542584 0.00103109 0.998526 330.155 
0.998481 -0.000767393 0.0550901 2.9149 0.000680626 0.999999 0.00159455 -5.46317 -0.0550913 -0.00155459 0.99848 331.793 
0.99846 -0.00222597 0.055441 2.97118 0.00208367 0.999994 0.0026251 -5.48892 -0.0554466 -0.0025055 0.998459 333.424 
0.99843 -0.00364773 0.0559023 3.01884 0.00356324 0.999992 0.00161173 -5.51333 -0.0559078 -0.00140997 0.998435 335.063 
0.998397 -0.00219458 0.056559 3.06787 0.0021052 0.999996 0.00164046 -5.54047 -0.0565624 -0.00151872 0.998398 336.669 
0.998403 -0.00124184 0.0564865 3.12664 0.00123754 0.999999 0.000111952 -5.57392 -0.0564866 -4.18286e-05 0.998403 338.296 
0.998392 0.000743824 0.0566857 3.17142 -0.000577564 0.999996 -0.00294858 -5.60072 -0.0566877 0.00291114 0.998388 339.934 
0.99841 0.00243788 0.0563205 3.22704 -0.00229177 0.999994 -0.00265795 -5.62798 -0.0563267 0.00252469 0.998409 341.535 
0.99842 0.00352775 0.056084 3.26165 -0.00355845 0.999994 0.0004483 -5.64674 -0.0560821 -0.000647122 0.998426 343.177 
0.998471 0.00424888 0.0551114 3.31639 -0.00444181 0.999984 0.00337951 -5.67225 -0.0550962 -0.00361909 0.998475 344.803 
0.998504 0.00493468 0.0544578 3.36192 -0.00504787 0.999985 0.00194185 -5.69236 -0.0544475 -0.0022138 0.998514 346.441 
0.998572 0.00396431 0.0532766 3.40836 -0.00401024 0.999992 0.000755951 -5.71406 -0.0532732 -0.000968482 0.99858 348.047 
0.998629 0.00291803 0.0522615 3.4426 -0.00300836 0.999994 0.0016508 -5.73094 -0.0522564 -0.00180572 0.998632 349.683 
0.998637 0.00148901 0.0521774 3.47802 -0.00161009 0.999996 0.00227935 -5.75746 -0.0521738 -0.00236021 0.998635 351.317 
0.998655 0.00119357 0.0518406 3.52528 -0.00126847 0.999998 0.00141289 -5.78115 -0.0518388 -0.00147671 0.998654 352.938 
0.998668 0.00051556 0.0516034 3.58061 -0.000558987 1 0.000827953 -5.81426 -0.051603 -0.000855655 0.998667 354.554 
0.998641 0.000970556 0.0521106 3.62223 -0.000998821 0.999999 0.000517195 -5.83255 -0.0521101 -0.0005685 0.998641 356.153 
0.998638 0.000156156 0.0521742 3.67888 -0.00016325 1 0.000132535 -5.8523 -0.0521742 -0.000140831 0.998638 357.765 
0.998634 -0.000192556 0.0522546 3.72826 0.000210968 1 -0.000346 -5.87609 -0.0522546 0.000356593 0.998634 359.394 
0.998622 0.000422937 0.052488 3.78007 -0.000369618 0.999999 -0.0010247 -5.90353 -0.0524884 0.00100393 0.998621 361.024 
0.998593 -0.000474447 0.0530209 3.81801 0.000521665 1 -0.000875906 -5.92593 -0.0530205 0.000902374 0.998593 362.633 
0.998567 -0.000730017 0.0535032 3.87096 0.000816547 0.999998 -0.00159462 -5.95383 -0.053502 0.00163606 0.998566 364.246 
0.998571 -0.00224092 0.053392 3.93131 0.00239041 0.999993 -0.0027353 -5.98105 -0.0533855 0.00285906 0.99857 365.863 
0.998585 -0.0037317 0.0530542 3.99676 0.00380039 0.999992 -0.00119308 -6.01014 -0.0530494 0.00139306 0.998591 367.452 
0.998576 -0.00576658 0.0530348 4.05503 0.00578285 0.999983 -0.000152565 -6.03642 -0.0530331 0.000459081 0.998593 369.051 
0.998591 -0.00619203 0.0527076 4.11534 0.0062581 0.99998 -0.00108766 -6.06172 -0.0526999 0.00141602 0.998609 370.638 
0.998595 -0.00528213 0.0527312 4.17056 0.00538912 0.999984 -0.00188622 -6.08704 -0.0527204 0.00216779 0.998607 372.241 
0.998593 -0.00304898 0.0529328 4.24403 0.00313337 0.999994 -0.00151054 -6.10475 -0.0529279 0.00167431 0.998597 373.894 
0.998563 -0.00181123 0.0535567 4.29355 0.00184409 0.999998 -0.000563212 -6.13927 -0.0535556 0.000661207 0.998565 375.515 
0.998555 -0.00208814 0.0536965 4.35774 0.00214187 0.999997 -0.000942391 -6.17043 -0.0536944 0.00105608 0.998557 377.105 
0.998577 -0.00255419 0.0532744 4.42521 0.00263476 0.999996 -0.00144136 -6.21076 -0.0532705 0.00157972 0.998579 378.739 
0.998553 -0.00208144 0.0537313 4.47 0.0021844 0.999996 -0.00185659 -6.2301 -0.0537273 0.00197132 0.998554 380.384 
0.998537 -0.00139339 0.0540634 4.53353 0.0015298 0.999996 -0.00248099 -6.2503 -0.0540598 0.00256011 0.998534 382.008 
0.998524 -0.000485551 0.0543058 4.59068 0.000598721 0.999998 -0.00206688 -6.28619 -0.0543047 0.00209638 0.998522 383.606 
0.998485 0.00223541 0.0549745 4.64807 -0.00211381 0.999995 -0.00226917 -6.31184 -0.0549793 0.00214957 0.998485 385.214 
0.998441 0.00425936 0.0556618 4.69566 -0.00410914 0.999988 -0.0028122 -6.34966 -0.0556732 0.00257913 0.998446 386.83 
0.998435 0.00567012 0.0556431 4.75833 -0.00547441 0.999978 -0.00366813 -6.37337 -0.0556628 0.00335782 0.998444 388.464 
0.998438 0.00518221 0.0556323 4.82757 -0.00500314 0.999982 -0.00335676 -6.41136 -0.0556487 0.00307322 0.998446 390.088 
0.998409 0.00619802 0.0560501 4.88443 -0.00606544 0.999978 -0.00253452 -6.43942 -0.0560647 0.00219056 0.998425 391.761 
0.998395 0.0078069 0.056098 4.95425 -0.00770088 0.999968 -0.00210499 -6.47241 -0.0561127 0.00166965 0.998423 393.386 
0.998386 0.00912912 0.0560469 5.03193 -0.00895689 0.999954 -0.00332247 -6.48658 -0.0560747 0.00281514 0.998423 395.053 
0.998367 0.00986923 0.0562739 5.08553 -0.00970131 0.999948 -0.00325571 -6.51278 -0.0563031 0.00270451 0.99841 396.655 
0.998374 0.00993944 0.0561277 5.1615 -0.00980657 0.999948 -0.00264152 -6.54702 -0.0561511 0.00208684 0.99842 398.303 
0.998415 0.00839396 0.0556561 5.25746 -0.00822867 0.999961 -0.00319767 -6.59507 -0.0556808 0.00273467 0.998445 399.902 
0.998405 0.00866181 0.0557916 5.3207 -0.00845166 0.999956 -0.00400077 -6.63367 -0.0558238 0.0035229 0.998434 401.546 
0.998369 0.00730728 0.0566189 5.37337 -0.00705175 0.999964 -0.00471099 -6.64762 -0.0566513 0.00430409 0.998385 403.252 
0.998344 0.00642241 0.0571603 5.43658 -0.00621761 0.999974 -0.00375914 -6.67397 -0.057183 0.00339756 0.998358 404.913 
0.998348 0.00500482 0.0572464 5.50736 -0.00486343 0.999985 -0.00260817 -6.69805 -0.0572586 0.00232548 0.998357 406.566 
0.998367 0.00309854 0.0570433 5.58341 -0.00293016 0.999991 -0.00303448 -6.73466 -0.0570522 0.00286242 0.998367 408.221 
0.99837 0.00137668 0.0570646 5.64992 -0.00112934 0.99999 -0.0043655 -6.74735 -0.05707 0.00429398 0.998361 409.931 
