1 2.12261e-08 -2.11895e-08 0 2.12261e-08 1 2.10703e-08 0 -2.11895e-08 2.10703e-08 1 0 
0.999997 -0.00180366 -0.00153037 -0.00800118 0.0018027 0.999998 -0.000653818 -0.0122882 0.00153151 0.000651099 0.999999 0.577291 
0.999994 -0.00228758 -0.00279284 -0.0203304 0.00228138 0.999995 -0.00223829 -0.0222286 0.0027979 0.00223195 0.999994 1.14689 
0.999987 -0.00258721 -0.00432873 -0.0409207 0.00257216 0.999991 -0.00348739 -0.0365554 0.00433767 0.00347625 0.999985 1.70759 
0.999973 -0.00444542 -0.00593083 -0.0612239 0.00441531 0.999977 -0.00508688 -0.0496979 0.00595327 0.0050606 0.99997 2.26931 
0.999947 -0.00677955 -0.00770837 -0.0674323 0.00672475 0.999952 -0.00711908 -0.061374 0.00775622 0.00706691 0.999945 2.84173 
0.999924 -0.00807932 -0.00926988 -0.0794655 0.00800623 0.999937 -0.00790013 -0.0712934 0.00933308 0.00782536 0.999926 3.42079 
0.999908 -0.00858857 -0.0105102 -0.0998744 0.00851261 0.999937 -0.00725497 -0.0845386 0.0105718 0.00716487 0.999918 4.00229 
0.999892 -0.00901402 -0.0115805 -0.121582 0.00892398 0.99993 -0.00780696 -0.0991597 0.01165 0.00770282 0.999903 4.5938 
0.999888 -0.00798147 -0.0126704 -0.14017 0.00785047 0.999916 -0.0103588 -0.114238 0.012752 0.0102583 0.999866 5.19727 
0.999887 -0.00603889 -0.013755 -0.165954 0.00584121 0.99988 -0.0143698 -0.129059 0.0138401 0.0142879 0.999802 5.80951 
0.999888 -0.00467205 -0.0142389 -0.212735 0.00440655 0.999817 -0.0186234 -0.132691 0.0143233 0.0185586 0.999725 6.42734 
0.99988 -0.00268939 -0.0152593 -0.242348 0.00240035 0.999818 -0.0189312 -0.137832 0.0153074 0.0188923 0.999704 7.06176 
0.99987 0.000577391 -0.0160944 -0.280735 -0.000772597 0.999926 -0.0121279 -0.147732 0.0160862 0.0121388 0.999797 7.70268 
0.999856 0.00103814 -0.0169206 -0.307088 -0.00106416 0.999998 -0.00153118 -0.16137 0.0169189 0.00154901 0.999856 8.37927 
0.999844 0.00274186 -0.0174266 -0.344298 -0.00265727 0.999985 0.00487288 -0.171539 0.0174396 -0.00482577 0.999836 9.0634 
0.999812 0.00481757 -0.0187774 -0.372436 -0.00474302 0.999981 0.00401043 -0.189985 0.0187963 -0.00392058 0.999816 9.74644 
0.999788 0.00678023 -0.0194188 -0.411249 -0.00684685 0.999971 -0.00336827 -0.194647 0.0193953 0.00350056 0.999806 10.4461 
0.999754 0.006705 -0.0211526 -0.426954 -0.00691368 0.999928 -0.00980969 -0.189544 0.0210853 0.00995356 0.999728 11.1696 
0.999748 0.00443253 -0.0220304 -0.458364 -0.00461246 0.999956 -0.0081251 -0.197179 0.0219934 0.00822471 0.999724 11.919 
0.999738 0.00334226 -0.0226557 -0.483711 -0.00331627 0.999994 0.0011827 -0.206386 0.0226595 -0.00110722 0.999743 12.6882 
0.999732 0.00303649 -0.0229585 -0.518504 -0.00283869 0.999959 0.00864144 -0.216085 0.0229838 -0.0085739 0.999699 13.4721 
0.99972 0.00195424 -0.0235734 -0.548867 -0.00169521 0.999938 0.0110012 -0.218311 0.0235934 -0.0109581 0.999662 14.2639 
0.999716 -0.000495064 -0.0238159 -0.58287 0.000739048 0.999947 0.0102351 -0.220586 0.0238096 -0.0102497 0.999664 15.0715 
0.999728 -0.00106571 -0.0233023 -0.613743 0.00124947 0.999968 0.00787113 -0.22333 0.0232931 -0.00789807 0.999698 15.9088 
0.999743 0.00153591 -0.0226188 -0.650807 -0.00144101 0.99999 0.00420946 -0.22392 0.022625 -0.00417574 0.999735 16.743 
0.999762 -0.00135085 -0.0217795 -0.684143 0.00132686 0.999999 -0.00111803 -0.233425 0.0217809 0.0010889 0.999762 17.5941 
0.999782 -0.00450379 -0.0203658 -0.734009 0.00435118 0.999962 -0.00753357 -0.243203 0.0203989 0.00744336 0.999764 18.4842 
0.999812 -0.00297002 -0.0191584 -0.773163 0.00271836 0.99991 -0.0131504 -0.251313 0.0191957 0.0130959 0.99973 19.3771 
0.999813 -0.00163458 -0.019258 -0.799984 0.00136057 0.999898 -0.0142352 -0.265368 0.0192793 0.0142064 0.999713 20.2762 
0.999809 -0.00172725 -0.0194764 -0.836326 0.00145792 0.999903 -0.0138365 -0.286118 0.0194983 0.0138055 0.999715 21.2063 
0.999801 -0.000327623 -0.019959 -0.8683 2.08539e-05 0.999882 -0.0153703 -0.307634 0.0199617 0.0153669 0.999683 22.1497 
0.999803 0.00259603 -0.0196639 -0.914665 -0.00293738 0.999845 -0.0173521 -0.333233 0.0196158 0.0174065 0.999656 23.1091 
0.999781 0.00625213 -0.0199493 -0.958351 -0.00661603 0.999812 -0.0182298 -0.357862 0.0198316 0.0183578 0.999635 24.0713 
0.999768 0.00805296 -0.0199946 -1.00117 -0.00842098 0.999795 -0.0183923 -0.385035 0.0198424 0.0185565 0.999631 25.0464 
0.99976 0.00864364 -0.020136 -1.0396 -0.00901652 0.999788 -0.0185034 -0.413633 0.0199718 0.0186806 0.999626 26.0283 
0.999757 0.00865163 -0.0202598 -1.07791 -0.00902624 0.999789 -0.0184746 -0.440109 0.0200956 0.0186531 0.999624 27.0187 
0.999742 0.00968747 -0.0205629 -1.12161 -0.010043 0.999801 -0.0172611 -0.476466 0.0203916 0.0174632 0.99964 28.0254 
0.999724 0.0106245 -0.0209434 -1.16195 -0.0109439 0.999825 -0.0151954 -0.507329 0.0207782 0.0154205 0.999665 29.0327 
0.999705 0.0113386 -0.0214639 -1.202 -0.0116388 0.999835 -0.013916 -0.537893 0.0213025 0.0141617 0.999673 30.0528 
0.999701 0.0112092 -0.0217224 -1.24356 -0.0115392 0.999819 -0.0151308 -0.564036 0.0215488 0.015377 0.99965 31.0796 
0.999674 0.0123863 -0.0223463 -1.28454 -0.0127499 0.999787 -0.0162076 -0.590017 0.0221407 0.0164873 0.999619 32.1026 
0.999657 0.0124888 -0.0230381 -1.32281 -0.0128381 0.999804 -0.0150766 -0.620828 0.0228453 0.0153673 0.999621 33.141 
0.999649 0.0117661 -0.0237536 -1.3609 -0.0120721 0.999845 -0.0127801 -0.645184 0.0235996 0.0130624 0.999636 34.1905 
0.999629 0.0119694 -0.0244645 -1.4008 -0.0121982 0.999883 -0.00922786 -0.669072 0.0243512 0.00952291 0.999658 35.2439 
0.999616 0.0124738 -0.0247275 -1.45234 -0.0126539 0.999894 -0.00714445 -0.690896 0.0246357 0.00745465 0.999669 36.3025 
0.999605 0.012584 -0.0251501 -1.49559 -0.0127498 0.999898 -0.0064451 -0.722868 0.0250664 0.00676326 0.999663 37.3773 
0.999591 0.0124667 -0.0257532 -1.54249 -0.0126719 0.999889 -0.00782075 -0.747814 0.0256528 0.00814393 0.999638 38.4512 
0.999565 0.0133216 -0.0263202 -1.59472 -0.0135514 0.999871 -0.00857533 -0.766161 0.0262025 0.00892831 0.999617 39.5379 
0.999539 0.0125897 -0.0276167 -1.63257 -0.0127991 0.999891 -0.0074195 -0.790526 0.0275202 0.00776959 0.999591 40.6159 
0.999515 0.0124611 -0.0285396 -1.68449 -0.0126132 0.999907 -0.0051571 -0.819435 0.0284726 0.00551461 0.999579 41.7056 
0.999496 0.0123485 -0.0292461 -1.73234 -0.0124334 0.999919 -0.002727 -0.843665 0.02921 0.00308929 0.999569 42.7862 
0.99948 0.0136686 -0.0292083 -1.80297 -0.0137655 0.9999 -0.00312089 -0.866271 0.0291627 0.00352137 0.999569 43.8887 
0.999462 0.0153634 -0.028968 -1.86559 -0.0155642 0.999856 -0.00672101 -0.896658 0.0288605 0.0071683 0.999558 44.9705 
0.999454 0.0169037 -0.0283767 -1.92931 -0.0172122 0.999795 -0.010665 -0.922782 0.0281906 0.0111477 0.99954 46.0516 
0.99947 0.0174675 -0.0274555 -1.99499 -0.0177782 0.99978 -0.0111158 -0.94814 0.0272552 0.0115981 0.999561 47.1491 
0.999464 0.0184748 -0.0270329 -2.0501 -0.0187096 0.999789 -0.00845767 -0.978327 0.0268709 0.00895895 0.999599 48.2295 
0.99946 0.0193764 -0.0265354 -2.1094 -0.0195537 0.999788 -0.00643822 -1.00585 0.026405 0.00695366 0.999627 49.3076 
0.999478 0.0179253 -0.0268742 -2.14701 -0.0180707 0.999823 -0.00517851 -1.02977 0.0267766 0.00566148 0.999625 50.3988 
0.999487 0.0183101 -0.0262845 -2.20113 -0.0184734 0.999811 -0.00598794 -1.05752 0.0261698 0.00647047 0.999637 51.489 
0.999501 0.0180931 -0.0258829 -2.25612 -0.0182992 0.999803 -0.00774676 -1.08621 0.0257376 0.00821657 0.999635 52.5986 
0.999503 0.0184111 -0.0255807 -2.30402 -0.018667 0.999778 -0.00980405 -1.1141 0.0253945 0.0102767 0.999625 53.6852 
0.999534 0.0173629 -0.0251161 -2.35372 -0.0176731 0.99977 -0.012186 -1.146 0.0248987 0.0126242 0.99961 54.7714 
0.99956 0.0156188 -0.0252364 -2.4012 -0.0160044 0.999757 -0.0151518 -1.18528 0.0249936 0.0155491 0.999567 55.8649 
0.999587 0.0137225 -0.0252668 -2.44064 -0.0141518 0.999757 -0.0168923 -1.21676 0.0250289 0.0172429 0.999538 56.9573 
0.999605 0.0120469 -0.0253753 -2.47628 -0.0124208 0.999816 -0.0146306 -1.24937 0.0251943 0.0149401 0.999571 58.0402 
0.999628 0.0104344 -0.025211 -2.51514 -0.0106539 0.999906 -0.00858994 -1.28025 0.025119 0.00885538 0.999645 59.132 
0.999638 0.00881754 -0.0254213 -2.55463 -0.00888297 0.999958 -0.00246383 -1.30839 0.0253985 0.0026888 0.999674 60.2213 
0.999652 0.00677606 -0.0254844 -2.59499 -0.00682054 0.999975 -0.00166059 -1.33102 0.0254725 0.00183387 0.999674 61.3123 
0.999676 0.00324565 -0.0252312 -2.64633 -0.00335971 0.999984 -0.00448129 -1.3544 0.0252162 0.00456465 0.999672 62.4111 
0.999677 0.00175673 -0.0253699 -2.69695 -0.00194864 0.99997 -0.00754354 -1.37764 0.0253559 0.00759058 0.99965 63.5171 
0.999663 0.00361704 -0.0257013 -2.73902 -0.00390968 0.999928 -0.0113468 -1.4083 0.0256584 0.0114435 0.999605 64.613 
0.999662 0.00375983 -0.0257284 -2.7876 -0.00417221 0.999863 -0.0159951 -1.42899 0.0256647 0.0160971 0.999541 65.6937 
0.999657 0.00670998 -0.0253045 -2.83996 -0.00712998 0.999838 -0.016546 -1.46022 0.0251894 0.0167208 0.999543 66.796 
0.999639 0.0107698 -0.0246241 -2.89068 -0.0110917 0.999854 -0.0129746 -1.4949 0.0244807 0.0132431 0.999613 67.904 
0.999627 0.0122215 -0.0244318 -2.95 -0.0124973 0.99986 -0.0111697 -1.52352 0.0242918 0.0114709 0.999639 69.0057 
0.999636 0.0112324 -0.0245417 -2.99301 -0.0114875 0.999881 -0.010282 -1.55034 0.0244233 0.0105602 0.999646 70.1084 
0.999646 0.00949256 -0.0248467 -3.02595 -0.00972647 0.999909 -0.00931206 -1.58605 0.024756 0.00955048 0.999648 71.198 
0.999652 0.00815267 -0.0250841 -3.07002 -0.00835423 0.999934 -0.00794263 -1.61417 0.0250177 0.00814947 0.999654 72.2832 
0.99965 0.00650018 -0.0256402 -3.11027 -0.00665298 0.999961 -0.00588021 -1.64055 0.0256009 0.00604878 0.999654 73.3861 
0.999629 0.00520121 -0.0267219 -3.15345 -0.0053205 0.999976 -0.00439654 -1.66322 0.0266983 0.00453713 0.999633 74.4888 
0.999607 0.00447144 -0.0276602 -3.19633 -0.00462338 0.999975 -0.00543322 -1.69553 0.0276352 0.00555901 0.999603 75.5829 
0.999588 0.00481674 -0.0282835 -3.24595 -0.0050795 0.999945 -0.00922733 -1.72473 0.0282374 0.00936724 0.999557 76.6752 
0.999565 0.00534308 -0.0290025 -3.30234 -0.00567399 0.99992 -0.0113407 -1.75338 0.0289395 0.0115004 0.999515 77.7646 
0.999529 0.00763998 -0.0297362 -3.35432 -0.00792999 0.999922 -0.0096484 -1.78334 0.0296601 0.0098797 0.999511 78.8446 
0.999504 0.00834984 -0.030364 -3.4137 -0.00852814 0.999947 -0.00574877 -1.8075 0.0303143 0.00600491 0.999522 79.9485 
0.999467 0.00972319 -0.0311646 -3.46767 -0.00977863 0.999951 -0.00162839 -1.83586 0.0311472 0.00193231 0.999513 81.0299 
0.999446 0.0104832 -0.0315867 -3.52455 -0.0105274 0.999944 -0.00123588 -1.8508 0.031572 0.00156776 0.9995 82.1101 
0.999412 0.0106151 -0.0325899 -3.58099 -0.0107433 0.999935 -0.00376049 -1.86508 0.0325479 0.00410845 0.999462 83.2114 
0.999402 0.0105547 -0.0329347 -3.63769 -0.0107089 0.999933 -0.0045102 -1.88537 0.0328849 0.00486024 0.999447 84.278 
0.999378 0.00978191 -0.0338912 -3.67814 -0.00994334 0.99994 -0.00459919 -1.9123 0.0338442 0.00493336 0.999415 85.3438 
0.999355 0.00899782 -0.034755 -3.72841 -0.0091546 0.999949 -0.00435571 -1.93885 0.034714 0.00467111 0.999386 86.3734 
0.999345 0.00779056 -0.0353315 -3.77768 -0.00789906 0.999965 -0.00293344 -1.96317 0.0353074 0.00321065 0.999371 87.4065 
0.999341 0.00788678 -0.0354275 -3.84344 -0.00790365 0.999969 -0.000337425 -1.98432 0.0354237 0.000617252 0.999372 88.3778 
0.999306 0.00706004 -0.0365796 -3.898 -0.00704569 0.999975 0.000520045 -2.00858 0.0365823 -0.000261913 0.999331 89.3608 
0.999231 0.00659947 -0.0386503 -3.95078 -0.00658718 0.999978 0.000444235 -2.02771 0.0386523 -0.000189254 0.999253 90.315 
0.999118 0.00574875 -0.0415862 -4.01326 -0.00575958 0.999983 -0.000141588 -2.05367 0.0415846 0.000381025 0.999135 91.2547 
0.998967 0.00589369 -0.0450485 -4.06998 -0.00593715 0.999982 -0.000831894 -2.07676 0.0450427 0.00109854 0.998984 92.173 
0.998834 0.00566729 -0.0479336 -4.1318 -0.00571188 0.999983 -0.000794294 -2.09368 0.0479282 0.0010672 0.99885 93.0654 
0.998672 0.00687437 -0.0510589 -4.19681 -0.00687437 0.999976 0.00017474 -2.11406 0.0510589 0.000176534 0.998696 93.931 
0.998512 0.0079925 -0.0539363 -4.26266 -0.00792921 0.999968 0.00138647 -2.13483 0.0539456 -0.000956696 0.998543 94.7713 
0.998336 0.00958805 -0.0568618 -4.32703 -0.00945555 0.999952 0.00259799 -2.14968 0.0568839 -0.00205597 0.998379 95.5927 
0.99818 0.0110017 -0.0592998 -4.39823 -0.0108059 0.999935 0.0036205 -2.16999 0.0593357 -0.00297308 0.998234 96.3753 
0.998016 0.0135809 -0.0614748 -4.4693 -0.0133782 0.999904 0.00370735 -2.18297 0.0615192 -0.00287753 0.998102 97.1382 
0.997801 0.0152933 -0.0644891 -4.52874 -0.0151548 0.999882 0.00263643 -2.20336 0.0645218 -0.00165327 0.997915 97.8582 
0.997631 0.0163395 -0.0668318 -4.5959 -0.0164242 0.999865 -0.000718875 -2.22527 0.0668109 0.00181487 0.997764 98.5601 
0.997432 0.0190427 -0.0690354 -4.66826 -0.0193989 0.999802 -0.00449362 -2.24158 0.0689361 0.00582134 0.997604 99.2513 
0.997278 0.0204705 -0.0708362 -4.73239 -0.0210308 0.999753 -0.0071734 -2.2573 0.0706719 0.00864366 0.997462 99.9071 
0.997199 0.0226331 -0.0712947 -4.79959 -0.0232726 0.999696 -0.00815156 -2.27523 0.0710885 0.00978797 0.997422 100.531 
0.997213 0.025129 -0.0702554 -4.86267 -0.0257314 0.999639 -0.00768249 -2.29338 0.070037 0.00946888 0.997499 101.133 
0.997316 0.0285671 -0.0674079 -4.91473 -0.0290504 0.999559 -0.00620112 -2.3133 0.067201 0.00814275 0.997706 101.703 
0.997607 0.0313736 -0.0616101 -4.96864 -0.0317374 0.999484 -0.00493668 -2.3277 0.0614234 0.00688026 0.998088 102.251 
0.998012 0.0320034 -0.0542952 -4.99715 -0.0322103 0.999477 -0.00294056 -2.34365 0.0541727 0.00468362 0.998521 102.779 
0.998494 0.0317244 -0.0447587 -5.01963 -0.0317665 0.999495 -0.000230009 -2.36221 0.0447288 0.00165153 0.998998 103.285 
0.998977 0.0313516 -0.0325759 -5.04249 -0.0313473 0.999508 0.00064186 -2.37044 0.0325799 0.000380005 0.999469 103.77 
0.999344 0.0304524 -0.0196189 -5.04508 -0.0304439 0.999536 0.000729262 -2.3828 0.019632 -0.000131466 0.999807 104.224 
0.999538 0.0300982 -0.00432369 -5.04707 -0.0301001 0.999547 -0.000373951 -2.3943 0.00431043 0.000503963 0.999991 104.66 
0.999493 0.0287973 0.0135837 -5.029 -0.0287534 0.999581 -0.00341378 -2.40984 -0.0136763 0.00302151 0.999902 105.092 
0.998994 0.0282827 0.0347962 -5.00605 -0.0280069 0.999573 -0.00838571 -2.41769 -0.0350186 0.00740278 0.999359 105.505 
0.997908 0.0264216 0.0589979 -4.96472 -0.0256865 0.999583 -0.0131819 -2.432 -0.0593216 0.0116389 0.998171 105.903 
0.995996 0.0238142 0.0861717 -4.91455 -0.0225141 0.999618 -0.0160273 -2.44474 -0.0865205 0.0140231 0.996151 106.298 
0.993007 0.0212156 0.116135 -4.8524 -0.019315 0.999661 -0.0174657 -2.45856 -0.116466 0.0151004 0.99308 106.681 
0.988723 0.0192036 0.148518 -4.76993 -0.0164819 0.999673 -0.019535 -2.47027 -0.148845 0.0168669 0.988717 107.052 
0.982713 0.016763 0.184374 -4.67919 -0.0130557 0.999688 -0.0213031 -2.48383 -0.184674 0.0185277 0.982625 107.413 
0.974739 0.0131881 0.222956 -4.57498 -0.00855226 0.999727 -0.0217452 -2.50228 -0.223182 0.0192892 0.974586 107.764 
0.964724 0.0111489 0.263028 -4.45138 -0.0053344 0.999726 -0.0228094 -2.51883 -0.263211 0.0206017 0.964518 108.108 
0.952323 0.012087 0.304851 -4.32271 -0.00504705 0.999702 -0.0238705 -2.53809 -0.305049 0.0211939 0.952101 108.435 
0.936901 0.0142175 0.349306 -4.19119 -0.0060852 0.999685 -0.0243676 -2.55581 -0.349542 0.0207044 0.936692 108.739 
0.918884 0.0137776 0.394287 -4.036 -0.0050606 0.999719 -0.0231395 -2.57145 -0.394495 0.0192672 0.918696 109.047 
0.898385 0.0131457 0.439012 -3.86234 -0.00383873 0.999749 -0.0220806 -2.58514 -0.439192 0.0181517 0.89821 109.341 
0.874903 0.0119969 0.484149 -3.67645 -0.00118709 0.999743 -0.0226277 -2.60294 -0.484297 0.0192223 0.874693 109.621 
0.849362 0.0124907 0.527663 -3.47932 0.000584719 0.999697 -0.0246056 -2.62271 -0.527811 0.0212076 0.849097 109.888 
0.821069 0.0147735 0.570638 -3.27177 0.00156627 0.999603 -0.0281327 -2.63828 -0.570827 0.0239927 0.82072 110.151 
0.789593 0.0195218 0.613321 -3.05112 0.000568034 0.99947 -0.032544 -2.65474 -0.613631 0.0260449 0.789163 110.41 
0.755127 0.0258915 0.655067 -2.81369 -0.00262449 0.999331 -0.0364731 -2.66966 -0.655573 0.0258226 0.75469 110.655 
0.717041 0.0308136 0.696349 -2.55624 -0.00437174 0.999202 -0.0397132 -2.67783 -0.697017 0.0254318 0.716604 110.896 
0.67694 0.0310609 0.735383 -2.27854 -0.00197666 0.999182 -0.0403835 -2.69721 -0.736036 0.0258836 0.676448 111.115 
0.63489 0.0285625 0.772074 -1.9792 0.0020733 0.99925 -0.0386716 -2.71391 -0.7726 0.026153 0.634354 111.325 
0.589931 0.0269566 0.807003 -1.67097 0.00322388 0.999356 -0.0357385 -2.72792 -0.807447 0.023685 0.589465 111.518 
0.542723 0.0254296 0.839527 -1.34791 0.0046859 0.999434 -0.0333025 -2.73953 -0.839899 0.022008 0.542297 111.698 
0.493771 0.0230279 0.869287 -1.00774 0.00666027 0.99952 -0.0302609 -2.7551 -0.869567 0.0207316 0.49338 111.863 
0.4426 0.0192047 0.896514 -0.684115 0.00966539 0.99961 -0.0261849 -2.77102 -0.896667 0.0202546 0.442242 111.986 
0.389982 0.019359 0.920619 -0.322553 0.00731269 0.999682 -0.0241192 -2.79055 -0.920793 0.0161383 0.389717 112.12 
0.33828 0.0240904 0.940737 0.0365544 0.003994 0.999627 -0.0270346 -2.8108 -0.941037 0.0129026 0.338058 112.228 
0.28712 0.0294618 0.957441 0.407579 0.00310637 0.999493 -0.0316873 -2.82284 -0.95789 0.0120722 0.286883 112.319 
0.240061 0.0313427 0.970252 0.802228 0.00485974 0.999427 -0.0334876 -2.84249 -0.970746 0.0127542 0.239771 112.392 
0.198342 0.0312182 0.979636 1.22624 0.0126333 0.999328 -0.0344035 -2.85519 -0.980051 0.0191997 0.197815 112.454 
0.163309 0.0312571 0.98608 1.6502 0.0204992 0.999175 -0.0350671 -2.86837 -0.986362 0.0259406 0.162534 112.492 
0.132873 0.0324779 0.990601 2.09443 0.0248576 0.999039 -0.0360888 -2.88299 -0.990821 0.0294192 0.131938 112.53 
0.104685 0.0312367 0.994015 2.55952 0.0229374 0.999165 -0.0338142 -2.90114 -0.994241 0.02634 0.103881 112.571 
0.0791796 0.0276707 0.996476 3.04577 0.0168018 0.999436 -0.0290879 -2.92084 -0.996719 0.0190458 0.07867 112.609 
0.055352 0.0238293 0.998183 3.55953 0.0118834 0.999629 -0.0245227 -2.93852 -0.998396 0.0132192 0.0550483 112.643 
0.0327121 0.0213715 0.999236 4.07883 0.0162652 0.999628 -0.0219123 -2.95947 -0.999333 0.0169695 0.0323523 112.649 
0.0125939 0.0220226 0.999678 4.61619 0.0240583 0.999461 -0.0223209 -2.98332 -0.999631 0.0243317 0.0120573 112.637 
-0.00471374 0.024197 0.999696 5.14981 0.0283996 0.999307 -0.0240536 -3.00881 -0.999586 0.0282776 -0.00539766 112.619 
-0.0189029 0.0298533 0.999376 5.72934 0.0293922 0.999139 -0.0292903 -3.02142 -0.999389 0.0288202 -0.019764 112.609 
-0.0301827 0.0344046 0.998952 6.32839 0.0264273 0.999086 -0.0336107 -3.03988 -0.999195 0.0253851 -0.0310643 112.61 
-0.0367418 0.0342075 0.998739 6.95476 0.029323 0.999021 -0.0331384 -3.0585 -0.998895 0.0280684 -0.0377089 112.602 
-0.0394615 0.0308448 0.998745 7.60255 0.035266 0.998944 -0.0294575 -3.08689 -0.998599 0.0340593 -0.0405075 112.579 
-0.0388473 0.0295026 0.99881 8.26882 0.0372511 0.998912 -0.0280567 -3.10719 -0.998551 0.0361168 -0.0399041 112.562 
-0.0371906 0.0291016 0.998884 8.95151 0.0355272 0.998983 -0.0277817 -3.13606 -0.998677 0.0344543 -0.0381867 112.556 
-0.0356562 0.0292786 0.998935 9.64272 0.0319056 0.999095 -0.0281444 -3.16361 -0.998855 0.0308681 -0.0365581 112.549 
-0.034394 0.0304613 0.998944 10.35 0.0307332 0.999095 -0.0294077 -3.19146 -0.998936 0.0296893 -0.0352991 112.537 
-0.0336201 0.0311705 0.998949 11.0932 0.0303602 0.999084 -0.0301529 -3.22201 -0.998973 0.0293145 -0.0345357 112.528 
-0.032233 0.0307885 0.999006 11.8516 0.0297501 0.999112 -0.0298318 -3.24918 -0.999038 0.0287589 -0.0331204 112.497 
-0.0316768 0.0297542 0.999055 12.6148 0.0287274 0.999171 -0.0288467 -3.27468 -0.999085 0.0277865 -0.0325053 112.491 
-0.0309988 0.0285222 0.999112 13.3951 0.0299153 0.999171 -0.0275957 -3.30463 -0.999072 0.0290334 -0.0318264 112.48 
-0.0315575 0.0261411 0.99916 14.1546 0.0301529 0.999228 -0.0251905 -3.33796 -0.999047 0.0293326 -0.0323214 112.466 
-0.032636 0.0242299 0.999174 14.932 0.0274181 0.999352 -0.0233386 -3.37484 -0.999091 0.0266337 -0.0332791 112.456 
-0.0335811 0.0230644 0.99917 15.7298 0.0269837 0.99939 -0.0221626 -3.40697 -0.999072 0.0262171 -0.034183 112.439 
-0.0343717 0.0206525 0.999196 16.5398 0.0294411 0.999374 -0.0196434 -3.43153 -0.998975 0.0287423 -0.0349582 112.415 
-0.0353985 0.0189851 0.999193 17.3537 0.0310559 0.999358 -0.017888 -3.45834 -0.998891 0.0303976 -0.0359653 112.396 
-0.0371609 0.0182726 0.999142 18.1881 0.0287372 0.999439 -0.0172091 -3.48962 -0.998896 0.028073 -0.0376651 112.378 
-0.0379404 0.0228351 0.999019 19.0147 0.0260255 0.999422 -0.0218559 -3.51894 -0.998941 0.0251708 -0.0385128 112.363 
-0.0393843 0.0279738 0.998833 19.8545 0.027424 0.999262 -0.0269044 -3.53533 -0.998848 0.0263324 -0.0401224 112.367 
-0.0404201 0.0296331 0.998743 20.6974 0.0276232 0.999211 -0.028529 -3.56644 -0.998801 0.0264353 -0.0412068 112.345 
-0.0418674 0.027112 0.998755 21.5438 0.0241972 0.999366 -0.0261142 -3.61006 -0.99883 0.0230737 -0.0424969 112.326 
-0.0430162 0.0229186 0.998812 22.4028 0.0216665 0.999523 -0.0220017 -3.64343 -0.998839 0.0206943 -0.0434922 112.311 
-0.0434302 0.0178098 0.998898 23.2585 0.0202336 0.999652 -0.0169434 -3.67197 -0.998852 0.0194755 -0.0437754 112.296 
-0.0436509 0.0122782 0.998971 24.1214 0.0165244 0.999797 -0.0115663 -3.69611 -0.99891 0.0160026 -0.043845 112.278 
-0.0442582 0.0107426 0.998962 24.9727 0.0137276 0.999854 -0.010144 -3.72937 -0.998926 0.0132644 -0.0443992 112.276 
-0.0431173 0.0174279 0.998918 25.8103 0.0164314 0.999725 -0.0167327 -3.76461 -0.998935 0.0156921 -0.0433918 112.248 
-0.0422518 0.0287165 0.998694 26.6469 0.0188515 0.999432 -0.0279402 -3.79365 -0.998929 0.0176463 -0.0427691 112.226 
-0.0417281 0.0340322 0.998549 27.487 0.0210106 0.999229 -0.0331773 -3.8233 -0.998908 0.0195957 -0.0424109 112.21 
-0.0405816 0.0283869 0.998773 28.3266 0.0227553 0.999363 -0.0274791 -3.85875 -0.998917 0.0216122 -0.0412017 112.191 
-0.039723 0.0205858 0.998999 29.1775 0.0250964 0.999493 -0.0195981 -3.89189 -0.998896 0.0242927 -0.0402194 112.166 
-0.0387128 0.0172579 0.999101 30.0072 0.0266687 0.999513 -0.0162316 -3.92952 -0.998894 0.0260163 -0.0391542 112.14 
-0.039056 0.0180823 0.999073 30.834 0.025852 0.99952 -0.0170798 -3.95845 -0.998903 0.025161 -0.0395047 112.127 
-0.0400548 0.018983 0.999017 31.6486 0.022586 0.999581 -0.0180881 -3.98732 -0.998942 0.0218393 -0.0404668 112.118 
-0.0417441 0.0187765 0.998952 32.4683 0.0201206 0.999636 -0.0179485 -4.02365 -0.998926 0.0193503 -0.0421067 112.093 
-0.0436914 0.0185182 0.998873 33.2798 0.0201573 0.999641 -0.0176507 -4.05697 -0.998842 0.0193634 -0.044049 112.071 
-0.045888 0.0192061 0.998762 34.0894 0.0193156 0.999645 -0.0183356 -4.0858 -0.99876 0.0184503 -0.0462427 112.049 
-0.047893 0.01946 0.998663 34.8869 0.0172049 0.999678 -0.0186547 -4.1129 -0.998704 0.0162884 -0.0482124 112.033 
-0.0500007 0.0187093 0.998574 35.6891 0.0155624 0.999718 -0.0179515 -4.13901 -0.998628 0.0146427 -0.0502777 112.013 
-0.0521391 0.0176217 0.998484 36.4921 0.016719 0.99972 -0.0167704 -4.16958 -0.9985 0.0158192 -0.0524191 111.986 
-0.0539151 0.0179151 0.998385 37.2906 0.0164763 0.999719 -0.0170492 -4.19871 -0.99841 0.0155304 -0.0541951 111.954 
-0.0555848 0.0188471 0.998276 38.074 0.0165968 0.999701 -0.0179498 -4.22888 -0.998316 0.0155704 -0.055881 111.923 
-0.0565049 0.0192151 0.998217 38.8592 0.0171636 0.999686 -0.0182718 -4.25417 -0.998255 0.0161005 -0.0568169 111.894 
-0.0574492 0.0177893 0.99819 39.6412 0.0192606 0.999675 -0.0167072 -4.28957 -0.998163 0.0182659 -0.0577731 111.856 
-0.0589484 0.0172568 0.998112 40.4166 0.0197244 0.999676 -0.0161189 -4.31752 -0.998066 0.018737 -0.0592697 111.825 
-0.0604385 0.0169253 0.998028 41.1833 0.0181094 0.99971 -0.0158571 -4.3453 -0.998008 0.0171153 -0.0607275 111.798 
-0.0616839 0.0159919 0.997968 41.9395 0.016132 0.999757 -0.0150234 -4.372 -0.997965 0.0151725 -0.0619269 111.768 
-0.0625622 0.0150177 0.997928 42.6778 0.0151199 0.999786 -0.0140977 -4.39816 -0.997927 0.0142066 -0.0627759 111.739 
-0.06327 0.014634 0.997889 43.3899 0.0153051 0.999789 -0.0136914 -4.42259 -0.997879 0.0144065 -0.0634807 111.711 
-0.0633779 0.0171265 0.997843 44.0992 0.0157283 0.999746 -0.0161602 -4.45207 -0.997866 0.0146701 -0.0636312 111.677 
-0.0638152 0.0197822 0.997766 44.8111 0.015282 0.999706 -0.0188432 -4.47691 -0.997845 0.0140454 -0.0640987 111.652 
-0.063995 0.0214994 0.997719 45.5123 0.0135089 0.999695 -0.0206754 -4.50285 -0.997859 0.0121549 -0.0642659 111.625 
-0.0638547 0.0221928 0.997712 46.2045 0.013642 0.999679 -0.0213633 -4.53229 -0.997866 0.0122467 -0.0641369 111.59 
-0.0640117 0.0220973 0.997705 46.9094 0.0149489 0.999664 -0.0211815 -4.55753 -0.997837 0.0135587 -0.0643205 111.557 
-0.0641848 0.0218545 0.997699 47.6013 0.0161266 0.999652 -0.0208598 -4.58175 -0.997808 0.0147506 -0.0645149 111.526 
-0.0642869 0.0220728 0.997687 48.2896 0.0125794 0.999694 -0.0213066 -4.60832 -0.997852 0.0111806 -0.0645449 111.495 
-0.0641218 0.0224231 0.99769 48.9808 0.0103457 0.999709 -0.0218035 -4.6373 -0.997888 0.00892372 -0.0643351 111.47 
-0.064195 0.0214118 0.997708 49.6708 0.0132269 0.9997 -0.0206035 -4.66203 -0.99785 0.0118739 -0.064459 111.439 
-0.0645842 0.0203684 0.997704 50.3418 0.0130612 0.999723 -0.0195641 -4.69469 -0.997827 0.0117677 -0.0648324 111.397 
-0.0680231 0.0197188 0.997489 51.0253 0.0100129 0.999768 -0.0190809 -4.72406 -0.997634 0.00868982 -0.0682047 111.364 
-0.0734486 0.0194146 0.99711 51.7045 0.00607453 0.999801 -0.0190195 -4.75051 -0.997281 0.00466001 -0.0735519 111.333 
-0.0787011 0.0231125 0.99663 52.3721 0.00991782 0.9997 -0.0224005 -4.77876 -0.996849 0.00812146 -0.0789067 111.28 
-0.0851234 0.0259164 0.996033 53.0468 0.0121897 0.999614 -0.0249678 -4.80072 -0.996296 0.010016 -0.0854065 111.222 
-0.0921844 0.0277502 0.995355 53.7159 0.0118229 0.999572 -0.0267727 -4.82616 -0.995672 0.00929992 -0.092473 111.168 
-0.0984922 0.0268087 0.994777 54.3947 0.00835839 0.999624 -0.0261117 -4.85582 -0.995103 0.00574293 -0.0986793 111.12 
-0.103828 0.0257052 0.994263 55.0836 0.00779991 0.999656 -0.0250301 -4.88276 -0.994565 0.00515633 -0.103993 111.058 
-0.108266 0.0262828 0.993774 55.7749 0.00559244 0.999651 -0.0258289 -4.91032 -0.994106 0.00276121 -0.108376 110.996 
-0.112039 0.0254256 0.993379 56.4772 0.00340358 0.999677 -0.0252029 -4.93653 -0.993698 0.000557342 -0.112089 110.929 
-0.114461 0.0224889 0.993173 57.1888 0.00414448 0.999746 -0.02216 -4.9617 -0.993419 0.00157971 -0.114526 110.859 
-0.115841 0.0194273 0.993078 57.9029 0.00636268 0.999803 -0.0188167 -4.98578 -0.993247 0.00413889 -0.115942 110.782 
-0.116878 0.0165438 0.993009 58.621 0.00637616 0.999853 -0.0159073 -5.01331 -0.993126 0.00447235 -0.116966 110.707 
-0.11801 0.0165837 0.992874 59.3428 0.00579839 0.999855 -0.0160111 -5.03357 -0.992996 0.0038676 -0.118089 110.636 
-0.118231 0.0204114 0.992776 60.0808 0.00796136 0.999776 -0.0196071 -5.05742 -0.992954 0.00558567 -0.118367 110.561 
-0.117764 0.0243995 0.992742 60.8121 0.0139447 0.99964 -0.0229148 -5.08287 -0.992944 0.011145 -0.118062 110.47 
-0.118206 0.0292662 0.992558 61.562 0.0210899 0.999414 -0.0269566 -5.10929 -0.992765 0.0177465 -0.118754 110.382 
-0.118727 0.0307349 0.992451 62.3159 0.0223244 0.999351 -0.0282779 -5.13745 -0.992676 0.0187986 -0.119336 110.3 
-0.119076 0.0281734 0.992485 63.0763 0.019974 0.999463 -0.025975 -5.16966 -0.992684 0.0167309 -0.119575 110.232 
-0.118898 0.0234031 0.992631 63.8348 0.0202061 0.999572 -0.0211464 -5.19804 -0.992701 0.0175429 -0.11932 110.152 
-0.118417 0.0217471 0.992726 64.583 0.0231302 0.999549 -0.0191375 -5.22848 -0.992695 0.0206957 -0.118867 110.064 
-0.119256 0.0215675 0.992629 65.3293 0.0234642 0.999546 -0.0188987 -5.25801 -0.992586 0.0210375 -0.119708 109.983 
-0.120797 0.0221774 0.99243 66.0676 0.0218045 0.999569 -0.0196829 -5.28827 -0.992438 0.0192618 -0.121228 109.91 
-0.122576 0.0230838 0.992191 66.8097 0.022085 0.999545 -0.0205265 -5.31823 -0.992213 0.0193965 -0.12303 109.829 
-0.12506 0.0233389 0.991875 67.5758 0.0229022 0.999525 -0.0206312 -5.34255 -0.991885 0.0201359 -0.125535 109.754 
-0.126652 0.0233529 0.991672 68.3103 0.0235325 0.999512 -0.020532 -5.37296 -0.991668 0.0207361 -0.12714 109.67 
-0.129065 0.0232707 0.991363 69.0616 0.0233048 0.99952 -0.0204281 -5.39804 -0.991362 0.0204669 -0.129545 109.59 
-0.130445 0.0234718 0.991178 69.8157 0.0213166 0.999555 -0.0208647 -5.42903 -0.991226 0.0184068 -0.130888 109.502 
-0.131291 0.0249133 0.991031 70.5665 0.0215535 0.99952 -0.0222712 -5.46162 -0.99111 0.0184361 -0.131764 109.414 
-0.132201 0.0258135 0.990887 71.339 0.0213092 0.999504 -0.023195 -5.4851 -0.990994 0.0180486 -0.132685 109.332 
-0.133802 0.0260072 0.990667 72.1111 0.0209117 0.999507 -0.0234148 -5.51078 -0.990787 0.0175836 -0.13428 109.251 
-0.135105 0.0241997 0.990536 72.8929 0.0210286 0.999547 -0.0215515 -5.5392 -0.990608 0.0179178 -0.135553 109.164 
-0.136283 0.0222408 0.99042 73.675 0.0186504 0.999628 -0.0198813 -5.5635 -0.990494 0.0157623 -0.136647 109.079 
-0.138113 0.020474 0.990205 74.4701 0.015795 0.999705 -0.0184674 -5.58424 -0.990291 0.0130897 -0.138395 108.993 
-0.140198 0.0197588 0.989926 75.2646 0.0175199 0.999694 -0.0174725 -5.6186 -0.989968 0.0148938 -0.140502 108.893 
-0.14199 0.0199862 0.989666 76.063 0.0184354 0.999676 -0.0175433 -5.64771 -0.989697 0.0157539 -0.142312 108.793 
-0.144222 0.0213449 0.989315 76.8669 0.0179287 0.99966 -0.0189544 -5.67094 -0.989383 0.0150035 -0.144556 108.693 
-0.145953 0.0249465 0.988977 77.6791 0.0195695 0.999559 -0.0223253 -5.70104 -0.989098 0.0160953 -0.146377 108.592 
-0.146338 0.0288429 0.988814 78.4883 0.0214586 0.999432 -0.0259769 -5.73325 -0.989002 0.0174172 -0.146874 108.484 
-0.147303 0.0327956 0.988548 79.3037 0.0223711 0.999305 -0.029819 -5.768 -0.988838 0.0177225 -0.147934 108.375 
-0.147005 0.0340626 0.988549 80.1266 0.0249222 0.999217 -0.030724 -5.80023 -0.988822 0.0201202 -0.147739 108.267 
-0.146315 0.0332074 0.988681 80.9596 0.0285841 0.999161 -0.0293292 -5.83951 -0.988825 0.0239692 -0.147142 108.151 
-0.146385 0.0312904 0.988733 81.8021 0.0293682 0.999197 -0.0272734 -5.87446 -0.988792 0.0250448 -0.147186 108.043 
-0.145842 0.0296947 0.988862 82.6481 0.0283798 0.999264 -0.0258214 -5.90902 -0.988901 0.0242978 -0.146577 107.938 
-0.144074 0.0277465 0.989178 83.4997 0.0280467 0.99932 -0.023946 -5.93957 -0.989169 0.0242932 -0.144754 107.833 
-0.142563 0.0245649 0.989481 84.3516 0.0284922 0.99938 -0.0207055 -5.9713 -0.989376 0.0252407 -0.143174 107.731 
-0.141101 0.021183 0.989769 85.212 0.0287807 0.999436 -0.0172869 -6.00238 -0.989577 0.0260471 -0.141631 107.627 
-0.13968 0.0209085 0.989976 86.0694 0.0268958 0.999488 -0.0173145 -6.03379 -0.989831 0.0242077 -0.140171 107.531 
-0.138168 0.025026 0.990093 86.9294 0.0278891 0.999383 -0.0213688 -6.06804 -0.990016 0.0246603 -0.138781 107.424 
-0.136292 0.0310933 0.990181 87.792 0.0284811 0.999217 -0.0274567 -6.10378 -0.990259 0.0244593 -0.137071 107.323 
-0.134816 0.0345289 0.990269 88.6494 0.0265681 0.999159 -0.0312218 -6.14119 -0.990514 0.0221003 -0.13562 107.222 
-0.133568 0.0320392 0.990522 89.5103 0.0250005 0.999268 -0.0289508 -6.1782 -0.990724 0.0208966 -0.134271 107.125 
-0.132229 0.029333 0.990785 90.3794 0.0256976 0.999328 -0.0261563 -6.22123 -0.990886 0.0220022 -0.132894 107.026 
-0.131578 0.0278862 0.990914 91.2499 0.0269017 0.999337 -0.024551 -6.25527 -0.990941 0.0234269 -0.132241 106.926 
-0.130662 0.027654 0.991041 92.122 0.025896 0.999365 -0.024472 -6.28699 -0.991089 0.0224665 -0.131295 106.824 
-0.130292 0.0274669 0.991095 92.9799 0.0255308 0.999378 -0.02434 -6.3279 -0.991147 0.0221321 -0.130912 106.731 
-0.128912 0.0260633 0.991314 93.8667 0.028492 0.999339 -0.0225691 -6.3558 -0.991247 0.0253351 -0.129569 106.612 
-0.127551 0.0251845 0.991512 94.7306 0.031476 0.999277 -0.0213325 -6.39705 -0.991332 0.0284879 -0.128252 106.507 
-0.126511 0.0265077 0.991611 95.5981 0.0337998 0.999178 -0.0223977 -6.43238 -0.991389 0.0306827 -0.127303 106.407 
-0.12555 0.0287133 0.991672 96.4628 0.0343436 0.999108 -0.0245805 -6.46675 -0.991493 0.0309715 -0.126424 106.309 
-0.124272 0.0302089 0.991788 97.3267 0.0315147 0.999152 -0.0264844 -6.50295 -0.991748 0.0279646 -0.125118 106.21 
-0.12338 0.0259035 0.992021 98.1922 0.0267368 0.999383 -0.0227704 -6.54168 -0.991999 0.0237141 -0.123997 106.119 
-0.123037 0.0238245 0.992116 99.05 0.0220962 0.99953 -0.0212622 -6.57893 -0.992156 0.019306 -0.123506 106.029 
-0.124026 0.02405 0.991988 99.8953 0.018977 0.999581 -0.0218614 -6.62051 -0.992098 0.0161135 -0.12443 105.942 
-0.124754 0.0288967 0.991767 100.741 0.0160978 0.999503 -0.0270971 -6.65439 -0.992057 0.0125848 -0.125157 105.846 
-0.125408 0.0312227 0.991614 101.576 0.0155923 0.999443 -0.0294972 -6.69393 -0.991983 0.0117623 -0.125825 105.753 
-0.125794 0.0316552 0.991551 102.412 0.0160493 0.999425 -0.0298704 -6.73183 -0.991927 0.0121562 -0.12623 105.66 
-0.126035 0.0312192 0.991535 103.249 0.0175832 0.999418 -0.0292324 -6.77129 -0.99187 0.01375 -0.12651 105.564 
-0.126313 0.0319959 0.991474 104.083 0.0191881 0.999372 -0.0298062 -6.8108 -0.991805 0.0152596 -0.126848 105.467 
-0.126598 0.0350912 0.991333 104.902 0.0206608 0.999251 -0.0327329 -6.85335 -0.991739 0.0163378 -0.127229 105.373 
-0.126953 0.0365111 0.991237 105.717 0.0200757 0.999212 -0.0342336 -6.89674 -0.991706 0.0155538 -0.127585 105.279 
-0.128258 0.0369233 0.991053 106.527 0.018305 0.999225 -0.0348587 -6.93679 -0.991572 0.0136703 -0.128834 105.194 
-0.130227 0.0361603 0.990825 107.333 0.0169325 0.99927 -0.034243 -6.97462 -0.99134 0.0123177 -0.130744 105.102 
-0.133357 0.0374062 0.990362 108.135 0.016909 0.999228 -0.0354642 -7.01754 -0.990924 0.0120167 -0.133886 105.01 
-0.136563 0.0401898 0.989816 108.927 0.0167457 0.999128 -0.0382575 -7.05915 -0.99049 0.0113506 -0.137117 104.918 
-0.139863 0.0415216 0.9893 109.711 0.0152186 0.999093 -0.039781 -7.1028 -0.990054 0.00949191 -0.140368 104.824 
-0.143411 0.0413712 0.988798 110.498 0.0154162 0.999098 -0.0395662 -7.1495 -0.989543 0.00956931 -0.143919 104.732 
-0.146131 0.0401645 0.98845 111.278 0.0169406 0.999131 -0.038094 -7.19226 -0.98912 0.0111783 -0.146684 104.627 
-0.148643 0.0410867 0.988037 112.057 0.0185271 0.999077 -0.0387585 -7.23615 -0.988717 0.0125442 -0.149267 104.522 
-0.150578 0.0454625 0.987552 112.827 0.0137753 0.998942 -0.0438863 -7.28308 -0.988502 0.00699554 -0.151045 104.427 
-0.152079 0.0520091 0.986999 113.589 0.0114787 0.99864 -0.0508538 -7.33767 -0.988302 0.00359571 -0.152469 104.324 
-0.154667 0.0555406 0.986404 114.352 0.016042 0.998428 -0.0537023 -7.37678 -0.987836 0.00751789 -0.155315 104.214 
-0.157273 0.0539139 0.986082 115.126 0.0179873 0.998499 -0.0517239 -7.42122 -0.987391 0.00960218 -0.158007 104.098 
-0.160505 0.0458822 0.985968 115.896 0.0162774 0.998906 -0.0438345 -7.47795 -0.986901 0.00901332 -0.161076 103.989 
-0.162884 0.0436835 0.985678 116.666 0.0154238 0.99901 -0.0417256 -7.53009 -0.986525 0.00840643 -0.163396 103.88 
-0.164339 0.0466765 0.985299 117.424 0.0150961 0.998882 -0.044802 -7.57798 -0.986288 0.00751143 -0.16486 103.76 
-0.166868 0.0500627 0.984708 118.183 0.0127757 0.998736 -0.048611 -7.62359 -0.985897 0.00446875 -0.167296 103.647 
-0.169552 0.0526504 0.984114 118.928 0.0122435 0.998607 -0.0513164 -7.6738 -0.985445 0.00334816 -0.16996 103.535 
-0.171319 0.0570976 0.98356 119.67 0.0159342 0.998349 -0.0551806 -7.72407 -0.985087 0.00621872 -0.171946 103.412 
-0.172633 0.0614463 0.983068 120.407 0.0163874 0.998093 -0.0595077 -7.77879 -0.98485 0.00583697 -0.173311 103.29 
-0.176376 0.0638324 0.982251 121.158 0.0154989 0.997952 -0.0620697 -7.82954 -0.984201 0.00427624 -0.177004 103.188 
-0.178781 0.0617174 0.981951 121.909 0.0169454 0.998076 -0.0596456 -7.88073 -0.983743 0.00597602 -0.179483 103.07 
-0.182957 0.0584649 0.981381 122.652 0.0209356 0.998236 -0.055566 -7.93526 -0.982898 0.0103796 -0.183858 102.942 
-0.188521 0.0568663 0.980421 123.384 0.0238868 0.998292 -0.0533097 -7.98792 -0.981779 0.0133692 -0.189557 102.811 
-0.194919 0.0554465 0.979251 124.117 0.0222831 0.998394 -0.0520949 -8.03976 -0.980566 0.0116664 -0.195842 102.683 
-0.203433 0.056325 0.977467 124.854 0.0212022 0.998363 -0.0531164 -8.08589 -0.978859 0.00991886 -0.204294 102.548 
-0.213913 0.0565371 0.975215 125.575 0.020516 0.998364 -0.0533789 -8.13844 -0.976637 0.00858904 -0.214723 102.399 
-0.225661 0.057603 0.972501 126.288 0.0213655 0.998303 -0.0541736 -8.18778 -0.973972 0.00855305 -0.226509 102.238 
-0.238455 0.0583357 0.9694 127.003 0.022364 0.998259 -0.0545712 -8.23894 -0.970896 0.00866689 -0.239344 102.074 
-0.249648 0.0587622 0.966552 127.702 0.02551 0.99821 -0.0540979 -8.28415 -0.968001 0.0111512 -0.2507 101.888 
-0.260991 0.0586826 0.963556 128.4 0.0287185 0.998181 -0.0530125 -8.33522 -0.964914 0.0138361 -0.262202 101.705 
-0.270929 0.05895 0.960793 129.098 0.0334854 0.998096 -0.0517964 -8.38155 -0.962017 0.0181394 -0.272387 101.507 
-0.279699 0.0598053 0.958223 129.791 0.0390859 0.99794 -0.0508752 -8.42889 -0.959292 0.0232232 -0.281461 101.307 
-0.287521 0.0595274 0.955923 130.473 0.0439813 0.997834 -0.0489086 -8.48262 -0.956764 0.0279804 -0.289517 101.111 
-0.293022 0.060463 0.954192 131.163 0.0447011 0.997773 -0.0494973 -8.5219 -0.95506 0.0281496 -0.295073 100.893 
-0.297775 0.057882 0.95288 131.844 0.048045 0.997804 -0.0455968 -8.57254 -0.953426 0.0322036 -0.299902 100.687 
-0.299291 0.0556011 0.95254 132.529 0.0546479 0.997661 -0.0410643 -8.61069 -0.952596 0.0397642 -0.30163 100.463 
-0.300614 0.0541132 0.95221 133.205 0.0608131 0.997445 -0.037485 -8.65203 -0.951805 0.0466383 -0.303136 100.252 
-0.301204 0.0528503 0.952094 133.886 0.0633474 0.997366 -0.0353227 -8.69563 -0.951453 0.0496733 -0.303759 100.04 
-0.300574 0.0583602 0.951971 134.545 0.0652124 0.997048 -0.0405335 -8.73221 -0.951526 0.049897 -0.303493 99.8362 
-0.299557 0.0615782 0.952089 135.203 0.0643471 0.996947 -0.0442338 -8.76979 -0.951906 0.0480136 -0.302605 99.6442 
-0.298917 0.0618395 0.952273 135.864 0.0658998 0.996854 -0.0440487 -8.80327 -0.952001 0.0495877 -0.302051 99.4484 
-0.297283 0.0597548 0.952918 136.513 0.0669178 0.996889 -0.0416357 -8.84869 -0.952442 0.0513896 -0.300357 99.2536 
-0.294809 0.0568159 0.953866 137.168 0.0692975 0.996874 -0.03796 -8.89342 -0.95304 0.0549096 -0.297824 99.0513 
-0.293694 0.0574982 0.954169 137.813 0.0701759 0.996793 -0.0384665 -8.93654 -0.95332 0.0556623 -0.296787 98.8639 
-0.290891 0.0603224 0.954853 138.449 0.0712893 0.996603 -0.041242 -8.97122 -0.954097 0.0560739 -0.294203 98.6745 
-0.286576 0.0617488 0.956066 139.083 0.0724245 0.996462 -0.0426489 -9.00937 -0.955316 0.0570205 -0.290034 98.4938 
-0.281256 0.0605909 0.957718 139.716 0.0735789 0.996428 -0.0414318 -9.05354 -0.956808 0.0588149 -0.28471 98.3182 
-0.27608 0.0589777 0.959324 140.341 0.0752826 0.996376 -0.0395903 -9.09319 -0.958182 0.0612903 -0.279519 98.15 
-0.271192 0.0570967 0.96083 140.967 0.0745264 0.996488 -0.0381806 -9.13117 -0.959636 0.0612529 -0.274495 97.9796 
-0.267634 0.0562022 0.96188 141.581 0.0741555 0.996538 -0.0375941 -9.17064 -0.960663 0.0612672 -0.270875 97.8237 
-0.263982 0.0551305 0.962951 142.205 0.0757199 0.996469 -0.0362916 -9.20249 -0.961551 0.0633342 -0.267224 97.6647 
-0.259851 0.0539263 0.964142 142.82 0.0795183 0.996243 -0.0342904 -9.23423 -0.962369 0.0677566 -0.263163 97.5055 
-0.256119 0.0528313 0.965201 143.435 0.0816752 0.996118 -0.0328508 -9.25907 -0.963189 0.0704192 -0.259439 97.3528 
-0.253093 0.0509869 0.966098 144.035 0.0791191 0.996356 -0.0318567 -9.29848 -0.964201 0.0683741 -0.256204 97.2093 
-0.249965 0.0517996 0.966868 144.63 0.076139 0.996527 -0.0337043 -9.33829 -0.965257 0.0651914 -0.253041 97.0791 
-0.244966 0.0551572 0.967961 145.213 0.0777817 0.99628 -0.0370863 -9.376 -0.966407 0.0662047 -0.248345 96.9376 
-0.239083 0.0585705 0.969231 145.799 0.0799325 0.995978 -0.0404697 -9.40924 -0.967704 0.0677974 -0.242803 96.7957 
-0.232295 0.0595237 0.970822 146.377 0.0791259 0.995974 -0.0421328 -9.4436 -0.969422 0.0670299 -0.23607 96.6713 
-0.224061 0.0581713 0.972838 146.965 0.0756662 0.996242 -0.0421435 -9.47582 -0.971633 0.0641682 -0.22762 96.5573 
-0.213584 0.0564277 0.975294 147.554 0.0747373 0.996349 -0.0412788 -9.51133 -0.974062 0.0640744 -0.217021 96.4484 
