1 2.12261e-08 -2.11895e-08 0 2.12261e-08 1 2.10703e-08 0 -2.11895e-08 2.10703e-08 1 0 
0.999997 0.0010359 0.00210719 -0.0319187 -0.00103375 0.999999 -0.00100185 -0.0167007 -0.00210827 0.000999711 0.999997 1.21436 
0.999993 0.00165001 0.00337964 -0.0450836 -0.00164898 0.999999 -0.000296623 -0.0409541 -0.00338017 0.00029109 0.999994 2.41798 
0.99999 0.00159751 0.00419751 -0.0523984 -0.00159604 0.999999 -0.000342962 -0.052112 -0.0041981 0.000336301 0.999991 3.64925 
0.999989 0.000725045 0.00470484 -0.0672566 -0.00072422 1 -0.000168089 -0.0756365 -0.004705 0.000164722 0.999989 4.85031 
0.999984 -0.000147052 0.00559651 -0.0810752 0.000149694 1 -0.000463962 -0.0928243 -0.00559648 0.000464835 0.999984 6.05674 
0.999981 0.000235264 0.00617844 -0.0892589 -0.000227011 0.999999 -0.00132962 -0.120729 -0.00617879 0.00132823 0.99998 7.25951 
0.999978 -0.00082012 0.00665601 -0.0928151 0.000833646 0.999998 -0.00202311 -0.140459 -0.00665438 0.00202865 0.999976 8.47539 
0.999977 -0.00145182 0.00659863 -0.105047 0.00145571 0.999999 -0.000577911 -0.160818 -0.00659783 0.000587545 0.999978 9.67149 
0.999985 -0.00238883 0.00489978 -0.101812 0.00238566 0.999997 0.000662802 -0.194978 -0.00490139 -0.000651061 0.999988 10.8856 
0.99999 -0.00328927 0.00294348 -0.12471 0.00328872 0.999995 0.000205469 -0.216925 -0.00294418 -0.000195745 0.999996 12.0956 
0.999995 -0.00297991 0.000573815 -0.139994 0.00298028 0.999995 -0.000570334 -0.235031 -0.000572155 0.000572084 1 13.3012 
0.999997 -0.00242551 -0.000736873 -0.164349 0.00242512 0.999997 -0.000589997 -0.254693 0.00073826 0.000588251 1 14.5114 
0.999999 -0.0010627 -0.00138405 -0.189445 0.00106176 0.999999 -0.000711243 -0.278094 0.00138476 0.000709815 0.999999 15.7337 
0.999996 -0.0017769 -0.00208487 -0.211226 0.00177498 0.999998 -0.000939251 -0.298256 0.0020865 0.000935589 0.999997 16.9385 
0.999993 -0.00264733 -0.00276711 -0.235178 0.00264489 0.999996 -0.000898985 -0.313699 0.00276943 0.000891702 0.999996 18.1668 
0.99999 -0.00245053 -0.00375924 -0.234477 0.00244734 0.999997 -0.000862107 -0.330096 0.0037613 0.00085294 0.999993 19.4319 
0.999989 -0.00184755 -0.00423163 -0.262088 0.0018395 0.999997 -0.00191547 -0.349038 0.00423511 0.00190771 0.999989 20.6606 
0.999987 -0.00231823 -0.00456973 -0.289618 0.00230675 0.999994 -0.00252675 -0.375239 0.00457552 0.00251622 0.999986 21.8456 
0.999982 -0.0021875 -0.00557455 -0.313273 0.002177 0.999996 -0.00189717 -0.402411 0.00557863 0.00188504 0.999983 23.0768 
0.999982 -0.00173876 -0.00582864 -0.35562 0.00172724 0.999997 -0.00198797 -0.428372 0.00583203 0.00197791 0.999981 24.2284 
0.999976 -0.00196127 -0.00669718 -0.383742 0.00194346 0.999995 -0.00267052 -0.453911 0.00670233 0.00265748 0.999974 25.4237 
0.999973 -0.00166632 -0.00711382 -0.42185 0.00165191 0.999997 -0.00203694 -0.476519 0.00711714 0.00202518 0.999973 26.6233 
0.999968 -0.00254454 -0.00764971 -0.447523 0.00254292 0.999997 -0.000226951 -0.496722 0.00765022 0.000207534 0.999971 27.8483 
0.999956 -0.0032667 -0.00877772 -0.476449 0.00326532 0.999995 -0.000176575 -0.523371 0.00877821 0.000147947 0.999962 29.051 
0.999952 -0.00370172 -0.00909648 -0.519976 0.00368838 0.999992 -0.00148817 -0.529614 0.00910187 0.00145459 0.999958 30.282 
0.999942 -0.00409277 -0.0100107 -0.550422 0.00406749 0.999989 -0.00254879 -0.55199 0.0100209 0.00250797 0.999947 31.4887 
0.999941 -0.00337906 -0.010354 -0.588929 0.00335138 0.999991 -0.00269321 -0.575842 0.0103629 0.00265839 0.999943 32.7112 
0.999937 -0.00360039 -0.0105887 -0.620867 0.00357552 0.999991 -0.0023709 -0.597956 0.010597 0.00233293 0.999941 33.9676 
0.999921 -0.00463002 -0.0117229 -0.649627 0.00460644 0.999987 -0.00204145 -0.622032 0.0117322 0.00198733 0.999929 35.1589 
0.999916 -0.00449652 -0.0121856 -0.68617 0.004471 0.999988 -0.00212435 -0.642615 0.012195 0.00206973 0.999924 36.3467 
0.999908 -0.00447152 -0.0127854 -0.712365 0.00444709 0.999988 -0.001942 -0.665538 0.0127939 0.001885 0.999916 37.5608 
0.999904 -0.00540131 -0.0127241 -0.757012 0.00538075 0.999984 -0.0016528 -0.684592 0.0127328 0.00158422 0.999918 38.7388 
0.999904 -0.00531636 -0.0128099 -0.791712 0.00531159 0.999986 -0.000409518 -0.706309 0.0128118 0.000341481 0.999918 39.9437 
0.999904 -0.00467336 -0.0130248 -0.816566 0.00468005 0.999989 0.000480707 -0.727633 0.0130224 -0.000541575 0.999915 41.186 
0.999907 -0.00422125 -0.0129552 -0.853877 0.00422097 0.999991 -5.26082e-05 -0.750746 0.0129553 -2.03767e-06 0.999916 42.4194 
0.999923 -0.00327673 -0.0119456 -0.898346 0.00327788 0.999995 7.35573e-05 -0.777156 0.0119453 -0.000112665 0.999929 43.6589 
0.999931 -0.000368424 -0.0117443 -0.930895 0.000389375 0.999998 0.00177817 -0.793984 0.0117435 -0.00178258 0.999929 44.8688 
0.999946 -0.000622955 -0.0103973 -0.959613 0.000672914 0.999988 0.00479818 -0.813988 0.0103941 -0.00480487 0.999934 46.0801 
0.999965 -0.000247212 -0.00838266 -1.00018 0.000309808 0.999972 0.00746189 -0.827143 0.00838053 -0.00746418 0.999937 47.2923 
0.999974 0.000170731 -0.00721516 -1.02598 -9.06764e-05 0.999939 0.0110884 -0.842457 0.00721657 -0.0110874 0.999913 48.5057 
0.999982 -0.00105992 -0.00596767 -1.04799 0.00113572 0.999919 0.012706 -0.858549 0.00595367 -0.0127125 0.999902 49.727 
0.999986 -0.0027389 -0.00459669 -1.06906 0.00279033 0.999933 0.0112101 -0.866036 0.00456563 -0.0112227 0.999927 50.9339 
0.999991 -0.00238236 -0.0034843 -1.09621 0.00241599 0.99995 0.00966728 -0.878342 0.00346105 -0.00967557 0.999947 52.132 
0.999993 -0.00237417 -0.0027487 -1.12492 0.00239932 0.999955 0.00916552 -0.889341 0.00272678 -0.00917202 0.999954 53.3321 
0.999993 -0.00269036 -0.00262415 -1.14967 0.00271322 0.999958 0.00872873 -0.898556 0.00260052 -0.00873575 0.999959 54.5397 
0.999988 -0.00347813 -0.00334139 -1.1785 0.00350327 0.999966 0.0075355 -0.90619 0.00331502 -0.00754708 0.999966 55.7677 
0.999983 -0.00324879 -0.00483645 -1.21031 0.0032864 0.999964 0.00777944 -0.915327 0.00481096 -0.00779516 0.999958 56.9878 
0.999974 -0.00386997 -0.00612885 -1.2392 0.00392514 0.999952 0.00900875 -0.926857 0.00609365 -0.00903253 0.999941 58.2163 
0.999965 -0.00423678 -0.00727247 -1.27201 0.00430214 0.99995 0.00898833 -0.934766 0.00723399 -0.00901925 0.999933 59.4299 
0.99996 -0.00341614 -0.00829073 -1.29907 0.00348567 0.999959 0.00838147 -0.944136 0.00826172 -0.00840999 0.999931 60.648 
0.999956 -0.00337207 -0.00873735 -1.33195 0.00344563 0.999959 0.00841216 -0.959034 0.00870858 -0.00844185 0.999926 61.865 
0.999956 -0.00358164 -0.00870003 -1.36702 0.00364962 0.999963 0.0078054 -0.970481 0.00867171 -0.00783677 0.999932 63.0797 
0.999949 -0.00472386 -0.00898528 -1.3953 0.00478753 0.999964 0.00707312 -0.987914 0.00895149 -0.00711573 0.999935 64.2835 
0.999934 -0.00556519 -0.0100225 -1.41891 0.00565021 0.999948 0.00847093 -1.0056 0.00997484 -0.00852696 0.999914 65.4861 
0.999922 -0.00656404 -0.0106757 -1.4444 0.00667234 0.999926 0.0101367 -1.0291 0.0106084 -0.0102071 0.999892 66.6965 
0.999926 -0.00614749 -0.010456 -1.48577 0.00623829 0.999943 0.00866996 -1.04553 0.0104021 -0.0087345 0.999908 67.9193 
0.99994 -0.00406839 -0.0102055 -1.52001 0.00414174 0.999966 0.00717247 -1.0511 0.0101759 -0.00721426 0.999922 69.1297 
0.99995 -0.00134506 -0.00990336 -1.56226 0.0014159 0.999974 0.00714576 -1.05977 0.00989344 -0.00715939 0.999925 70.3578 
0.999955 0.000478799 -0.00951796 -1.59946 -0.000411958 0.999975 0.00701898 -1.07429 0.00952105 -0.0070147 0.99993 71.569 
0.999958 0.00229195 -0.00882489 -1.64305 -0.00222167 0.999966 0.00796133 -1.09376 0.00884279 -0.00794136 0.999929 72.7742 
0.999964 0.00298477 -0.00789156 -1.67095 -0.00291375 0.999955 0.00899027 -1.10899 0.007918 -0.00896691 0.999928 73.9558 
0.999974 0.00485668 -0.00542148 -1.71065 -0.00480417 0.999942 0.0096495 -1.11418 0.00546799 -0.00962316 0.999939 75.1577 
0.99999 0.00336653 -0.00288584 -1.72741 -0.00334423 0.999965 0.00768445 -1.13283 0.00291156 -0.00767468 0.999966 76.3558 
1 0.000893484 0.00013632 -1.75353 -0.000893779 0.999997 0.00250067 -1.14337 -0.000134127 -0.00250075 0.999997 77.5343 
0.999995 0.00136137 0.0026973 -1.77464 -0.00136834 0.999996 0.00259976 -1.16692 -0.00269379 -0.00260339 0.999993 78.6957 
0.999985 -0.00126996 0.00542 -1.78539 0.00123506 0.999979 0.00644593 -1.1907 -0.00542811 -0.0064391 0.999965 79.8509 
0.99996 -0.000666749 0.00897486 -1.80438 0.000595492 0.999968 0.0079447 -1.20895 -0.00897992 -0.00793899 0.999928 81.0179 
0.999902 -0.00068876 0.0139796 -1.82536 0.000601161 0.99998 0.00627253 -1.21931 -0.0139837 -0.00626347 0.999883 82.1785 
0.999842 -0.00126083 0.0177242 -1.82677 0.00120919 0.999995 0.00292638 -1.23089 -0.0177278 -0.00290445 0.999839 83.3356 
0.999773 -0.00237703 0.0211667 -1.84183 0.00238685 0.999997 -0.000436236 -1.25896 -0.0211657 0.000486701 0.999776 84.5593 
0.999687 -0.00281046 0.0248726 -1.83002 0.00283829 0.999995 -0.00108203 -1.29028 -0.0248695 0.00115233 0.99969 85.6997 
0.999583 -0.00237536 0.0287729 -1.81912 0.00236813 0.999997 0.000287157 -1.30904 -0.0287735 -0.000218858 0.999586 86.8749 
0.999458 -0.00130601 0.032884 -1.81499 0.00127412 0.999999 0.000992085 -1.33797 -0.0328853 -0.000949608 0.999459 88.0563 
0.999311 -0.00118531 0.037104 -1.79583 0.00123689 0.999998 -0.00136616 -1.35306 -0.0371023 0.00141115 0.999311 89.2304 
0.999171 -0.00165471 0.0406836 -1.77597 0.00179711 0.999992 -0.00346272 -1.37998 -0.0406776 0.003533 0.999166 90.3834 
0.999037 9.0841e-06 0.043884 -1.74745 0.000152886 0.999993 -0.00368652 -1.40268 -0.0438837 0.00368972 0.99903 91.5267 
0.998875 -0.00197115 0.0473747 -1.72358 0.00208917 0.999995 -0.00244092 -1.42839 -0.0473696 0.00253719 0.998874 92.698 
0.998762 -0.00207396 0.049705 -1.67885 0.00212495 0.999997 -0.000972022 -1.44536 -0.0497029 0.00107648 0.998764 93.8637 
0.998622 -0.0029581 0.0523915 -1.62908 0.00293166 0.999996 0.000582236 -1.46331 -0.052393 -0.000427799 0.998626 95.0416 
0.998491 -0.00396914 0.0547786 -1.58874 0.00389532 0.999991 0.00145506 -1.47959 -0.054784 -0.00123944 0.998498 96.1996 
0.99835 -0.00469697 0.0572216 -1.54553 0.00473036 0.999989 -0.000447279 -1.5009 -0.0572189 0.000717261 0.998361 97.3701 
0.998229 -0.0063658 0.0591493 -1.47651 0.00663243 0.999969 -0.0043118 -1.52038 -0.0591201 0.00469651 0.99824 98.5874 
0.99812 -0.00541876 0.061043 -1.4254 0.00586342 0.999958 -0.00710687 -1.5442 -0.0610019 0.00745148 0.99811 99.7446 
0.998009 -0.00529051 0.0628488 -1.37539 0.00580712 0.999951 -0.00803933 -1.57194 -0.0628032 0.00838834 0.997991 100.932 
0.997968 -0.00583876 0.0634422 -1.32981 0.00628692 0.999957 -0.00686595 -1.62259 -0.0633995 0.0072509 0.997962 102.157 
0.997974 -0.00542016 0.0633997 -1.2945 0.00576412 0.99997 -0.00524288 -1.644 -0.0633694 0.00559774 0.997974 103.369 
0.998054 -0.00551354 0.0621147 -1.23766 0.00577394 0.999975 -0.00401273 -1.66728 -0.0620911 0.00436361 0.998061 104.574 
0.998168 -0.00514035 0.0602909 -1.19046 0.00533544 0.999981 -0.00307443 -1.69381 -0.060274 0.00339052 0.998176 105.794 
0.99829 -0.00473918 0.0582555 -1.15309 0.00490073 0.999985 -0.00262995 -1.7176 -0.0582422 0.00291099 0.998298 107.029 
0.998442 -0.00427436 0.0556272 -1.12165 0.00442902 0.999987 -0.00265642 -1.73861 -0.0556152 0.0028987 0.998448 108.241 
0.998641 -0.00285967 0.0520477 -1.09269 0.00303361 0.99999 -0.0032624 -1.76047 -0.0520379 0.0034159 0.998639 109.469 
0.998831 -0.00253441 0.0482653 -1.06129 0.00267821 0.999992 -0.00291406 -1.78336 -0.0482576 0.00303996 0.99883 110.722 
0.998991 -0.00162048 0.0448751 -1.05615 0.0017236 0.999996 -0.00225839 -1.80367 -0.0448713 0.0023335 0.99899 111.951 
0.999151 -0.00155069 0.0411694 -1.03651 0.00161734 0.999997 -0.00158469 -1.82245 -0.0411669 0.00164997 0.999151 113.177 
0.999304 -0.0017994 0.0372666 -1.02898 0.00183126 0.999998 -0.000819586 -1.84548 -0.0372651 0.000887302 0.999305 114.43 
0.999463 -0.000835929 0.0327701 -1.02233 0.000857013 0.999999 -0.000628045 -1.87493 -0.0327696 0.000655834 0.999463 115.694 
0.999604 9.26143e-06 0.0281476 -1.01503 1.32004e-05 1 -0.000796287 -1.89374 -0.0281476 0.000796385 0.999604 116.931 
0.99973 0.00068074 0.0232089 -1.00403 -0.000652581 0.999999 -0.001219 -1.91418 -0.0232097 0.00120357 0.99973 118.188 
0.999825 0.00168098 0.018623 -1.00699 -0.00164436 0.999997 -0.00197916 -1.93735 -0.0186264 0.00194824 0.999825 119.435 
0.99987 0.0034235 0.015783 -1.03691 -0.00338807 0.999992 -0.00226801 -1.95782 -0.0157907 0.00221428 0.999873 120.7 
0.999886 0.00586549 0.0138824 -1.04588 -0.00583951 0.999981 -0.00190752 -1.98579 -0.0138934 0.00182628 0.999902 121.922 
0.999885 0.00764199 0.0131366 -1.06505 -0.00761237 0.999968 -0.00229998 -2.01359 -0.0131538 0.00219976 0.999911 123.194 
0.999872 0.00999494 0.0124812 -1.08837 -0.00996506 0.999947 -0.00245114 -2.02697 -0.0125051 0.00232649 0.999919 124.447 
0.999867 0.0114732 0.0116192 -1.08837 -0.0114538 0.999933 -0.00173416 -2.04358 -0.0116384 0.00160088 0.999931 125.737 
0.999869 0.0118544 0.0110326 -1.10063 -0.0118418 0.999929 -0.00120987 -2.06714 -0.0110462 0.00107911 0.999938 126.994 
0.999829 0.0153559 0.0103308 -1.11967 -0.0153635 0.999882 0.000660758 -2.08544 -0.0103195 -0.000819321 0.999946 128.253 
0.999824 0.0164863 0.00900294 -1.10381 -0.0165241 0.999855 0.00413894 -2.12031 -0.00893344 -0.00428693 0.999951 129.527 
0.999841 0.0156556 0.00853773 -1.12008 -0.0156891 0.999869 0.00387572 -2.13467 -0.00847598 -0.00400901 0.999956 130.797 
0.999841 0.0157227 0.00839703 -1.13565 -0.0157443 0.999873 0.00252302 -2.15741 -0.00835634 -0.00265478 0.999962 132.048 
0.999895 0.0122495 0.00777704 -1.15128 -0.0122756 0.999919 0.0033151 -2.16685 -0.00773585 -0.00341018 0.999964 133.329 
0.999928 0.0101467 0.00645903 -1.15681 -0.0101807 0.999934 0.00525077 -2.1852 -0.00640538 -0.0053161 0.999965 134.599 
0.999959 0.00682862 0.00592489 -1.16608 -0.00687095 0.999951 0.00716129 -2.20047 -0.00587573 -0.00720166 0.999957 135.873 
0.999976 0.00449297 0.0052445 -1.17812 -0.00453741 0.999954 0.00850128 -2.21489 -0.00520611 -0.00852483 0.99995 137.158 
0.99998 0.00081431 0.00622623 -1.2015 -0.00085276 0.999981 0.00618208 -2.21997 -0.00622112 -0.00618722 0.999962 138.431 
0.999977 -0.00173356 0.00663399 -1.21993 0.00169857 0.999985 0.00528256 -2.23428 -0.00664309 -0.00527112 0.999964 139.704 
0.999973 -0.00251165 0.00696884 -1.23932 0.0024771 0.999985 0.00496682 -2.24713 -0.00698125 -0.00494938 0.999963 140.983 
0.99997 -0.00294844 0.00711756 -1.24262 0.00291103 0.999982 0.00526581 -2.26408 -0.007133 -0.0052449 0.999961 142.264 
0.999971 -0.00202581 0.00739045 -1.24871 0.00197272 0.999972 0.00718888 -2.27352 -0.00740485 -0.00717405 0.999947 143.55 
0.999963 -9.94206e-05 0.00858601 -1.28432 2.3643e-05 0.999961 0.00883031 -2.29297 -0.00858659 -0.00882974 0.999924 144.812 
0.999958 -0.000226207 0.00916138 -1.3032 0.000158931 0.999973 0.00734821 -2.32057 -0.00916284 -0.0073464 0.999931 146.09 
0.999951 0.000572528 0.00986825 -1.32174 -0.000626286 0.999985 0.00544964 -2.33443 -0.00986503 -0.00545552 0.999936 147.385 
0.999946 0.000235285 0.0104109 -1.33312 -0.00026371 0.999996 0.00273311 -2.3477 -0.0104102 -0.00273566 0.999942 148.658 
0.999944 -0.000976183 0.0104995 -1.34116 0.000987773 0.999999 -0.00109461 -2.37204 -0.0104984 0.00110497 0.999944 149.938 
0.99994 -0.00076264 0.010962 -1.35456 0.000819249 0.999986 -0.00515665 -2.38599 -0.010958 0.00516536 0.999927 151.237 
0.999933 -0.00117749 0.0115139 -1.36492 0.00124362 0.999983 -0.00573446 -2.41975 -0.011507 0.00574843 0.999917 152.514 
0.999933 -0.0013762 0.0114951 -1.37826 0.00143991 0.999984 -0.00553221 -2.44506 -0.0114873 0.00554844 0.999919 153.841 
0.999937 -0.000687469 0.0112449 -1.38459 0.000745486 0.999986 -0.00515218 -2.47239 -0.0112413 0.00516028 0.999924 155.137 
0.999937 0.000180635 0.0112171 -1.39286 -0.00013168 0.999991 -0.00436103 -2.49288 -0.0112179 0.00435932 0.999928 156.438 
0.999938 0.000558603 0.0110836 -1.40347 -0.000516724 0.999993 -0.00377705 -2.52514 -0.0110857 0.00377114 0.999931 157.71 
0.999946 0.000846099 0.0103978 -1.41247 -0.000806276 0.999992 -0.00382938 -2.56155 -0.010401 0.00382083 0.999939 158.983 
0.999955 0.000407242 0.00946533 -1.42352 -0.000367981 0.999991 -0.00414475 -2.57793 -0.00946698 0.00414113 0.999947 160.278 
0.999963 -0.00027871 0.00864129 -1.43411 0.000304449 0.999996 -0.00297249 -2.6076 -0.00864046 0.00297505 0.999958 161.565 
0.999964 0.000787291 0.00842732 -1.46003 -0.000766998 0.999997 -0.00240586 -2.64075 -0.00842923 0.00239935 0.999962 162.845 
0.999975 0.000405739 0.00711684 -1.4581 -0.000380533 0.999994 -0.00353677 -2.66677 -0.00711827 0.00353401 0.999968 164.116 
0.999976 0.0013284 0.00683688 -1.48238 -0.00129616 0.999988 -0.00471066 -2.69565 -0.0068431 0.00470172 0.999966 165.392 
0.999982 0.00136307 0.00579628 -1.49785 -0.00133532 0.999988 -0.00478176 -2.72363 -0.00580277 0.00477398 0.999972 166.654 
0.999986 0.00104025 0.00512455 -1.52237 -0.00101341 0.999986 -0.00522889 -2.76532 -0.00512995 0.00522367 0.999973 167.923 
0.999991 0.0014692 0.00411216 -1.53498 -0.0014439 0.99998 -0.00613795 -2.79671 -0.00412113 0.006132 0.999973 169.217 
0.999991 0.0021371 0.00360606 -1.55708 -0.00211525 0.99998 -0.00604082 -2.81802 -0.00361894 0.00603318 0.999975 170.51 
0.999993 0.00197821 0.00305012 -1.58005 -0.00196387 0.999987 -0.00468387 -2.85065 -0.00305939 0.00467789 0.999984 171.812 
0.999997 0.00156063 0.00211241 -1.59802 -0.00155147 0.99999 -0.00430919 -2.88312 -0.00211915 0.00430594 0.999989 173.085 
0.999998 0.00177434 0.00121217 -1.61747 -0.00176953 0.999991 -0.00392252 -2.9107 -0.00121916 0.00392041 0.999992 174.356 
0.999998 0.00201614 0.000616882 -1.64549 -0.00201392 0.999992 -0.0035146 -2.9421 -0.000624006 0.0035134 0.999994 175.628 
0.999998 0.00187211 0.000461435 -1.68277 -0.00187002 0.999989 -0.00439335 -2.96853 -0.000469697 0.00439252 0.99999 176.903 
0.999996 0.00295399 0.000391511 -1.7154 -0.00295201 0.999984 -0.0048791 -2.99686 -0.00040596 0.00487797 0.999988 178.187 
0.999995 0.00302826 9.84796e-06 -1.73929 -0.00302815 0.999986 -0.00437771 -3.02296 -2.3147e-05 0.0043777 0.99999 179.467 
0.999996 0.0029367 -0.000269072 -1.75633 -0.00293817 0.999979 -0.00577376 -3.04896 0.000252068 0.00577457 0.999983 180.756 
0.999998 0.00183495 -0.000433103 -1.77835 -0.00183797 0.999972 -0.00720039 -3.07922 0.000419836 0.00720121 0.999974 182.026 
0.999999 -0.00112979 -0.000841506 -1.79687 0.00112396 0.999975 -0.00694434 -3.10921 0.000849289 0.00694343 0.999976 183.305 
0.999999 -0.000860336 -0.00123905 -1.81963 0.00085643 0.999995 -0.0031834 -3.13797 0.00124174 0.00318237 0.999994 184.584 
0.999997 -0.00189545 -0.00147431 -1.83841 0.00189712 0.999998 0.00110735 -3.16321 0.00147216 -0.0011101 0.999998 185.877 
0.999999 -0.000696846 -0.000951825 -1.8681 0.000696884 1 -4.91038e-06 -3.17979 0.000951786 4.28924e-06 1 187.123 
0.999999 0.00105684 -0.000849491 -1.88632 -0.00105933 0.999995 -0.00298675 -3.20547 0.000846288 0.00298769 0.999995 188.39 
0.999999 0.00102402 -0.00118072 -1.91654 -0.00102997 0.999987 -0.00508525 -3.23154 0.00117546 0.0050865 0.999986 189.629 
0.999998 0.00115205 -0.00165552 -1.93891 -0.00116003 0.999988 -0.00485623 -3.25319 0.00164987 0.00485819 0.999987 190.88 
0.999999 0.0013041 -0.000979212 -1.97966 -0.00130745 0.999993 -0.00347325 -3.2879 0.000974634 0.00347456 0.999994 192.162 
0.999999 0.00156106 3.60639e-05 -2.03548 -0.00156096 0.999998 -0.00159031 -3.31168 -3.85887e-05 0.0015903 0.999999 193.424 
0.999999 0.000928422 0.00110125 -2.06138 -0.000927952 1 -0.000388673 -3.34432 -0.00110165 0.000387693 0.999999 194.678 
0.999995 0.0011987 0.00277697 -2.0835 -0.00119577 0.999999 -0.00104409 -3.36882 -0.00277826 0.00104081 0.999996 195.936 
0.999991 0.000788734 0.00406311 -2.09801 -0.000779086 0.999997 -0.00236509 -3.39465 -0.004065 0.00236194 0.999989 197.169 
0.999987 0.000135353 0.00508536 -2.10771 -0.000116606 0.999993 -0.00367813 -3.42645 -0.00508586 0.00367754 0.99998 198.4 
0.99998 -0.000498235 0.00632715 -2.11561 0.000525525 0.999991 -0.0043055 -3.45646 -0.00632499 0.00430878 0.999971 199.631 
0.999971 -9.81499e-06 0.00760819 -2.12173 3.73742e-05 0.999994 -0.00361656 -3.48026 -0.00760815 0.00361679 0.999965 200.887 
0.999957 -0.0010494 0.00927156 -2.1374 0.00106667 0.999998 -0.00185313 -3.50181 -0.00926964 0.00186298 0.999955 202.131 
0.999946 0.000254888 0.0103678 -2.14742 -0.000240159 0.999999 -0.00141769 -3.53089 -0.0103682 0.00141517 0.999945 203.366 
0.999937 -0.00121548 0.0111562 -2.14414 0.00123274 0.999998 -0.00153707 -3.55725 -0.0111544 0.00155077 0.999937 204.593 
0.99993 -0.000935026 0.0117662 -2.14973 0.000949643 0.999999 -0.00123307 -3.58532 -0.0117651 0.0012442 0.99993 205.81 
0.999921 -0.000939845 0.0125531 -2.14495 0.000951779 0.999999 -0.000941335 -3.61609 -0.0125523 0.00095325 0.999921 207.011 
0.999908 -0.000448695 0.0135353 -2.15536 0.00046714 0.999999 -0.00135643 -3.63841 -0.0135347 0.00136267 0.999908 208.209 
0.999894 -0.000966955 0.0145172 -2.16334 0.000984732 0.999999 -0.0012145 -3.66403 -0.0145161 0.0012287 0.999894 209.398 
0.999888 -0.00200006 0.0148566 -2.16015 0.00201865 0.999997 -0.00123339 -3.68692 -0.0148541 0.00126328 0.999889 210.578 
0.999886 -0.00232136 0.014929 -2.16487 0.00232625 0.999997 -0.000307151 -3.7169 -0.0149283 0.000341887 0.999889 211.722 
0.999891 -0.00303863 0.0144756 -2.1653 0.00302775 0.999995 0.000776292 -3.74303 -0.014478 -0.000732337 0.999895 212.868 
0.999899 -0.00263181 0.0139534 -2.16425 0.00262069 0.999996 0.000818393 -3.76375 -0.0139555 -0.000781701 0.999902 214.011 
0.999905 -0.00228649 0.0136081 -2.16989 0.00228752 0.999997 -5.66122e-05 -3.79295 -0.0136079 8.77773e-05 0.999907 215.115 
0.999916 -0.00217328 0.0127654 -2.16965 0.00218129 0.999997 -0.000610188 -3.82022 -0.0127641 0.000638023 0.999918 216.22 
0.999925 -0.00228341 0.0120445 -2.17374 0.00229071 0.999997 -0.000588963 -3.84408 -0.0120432 0.000616551 0.999927 217.302 
0.999939 -0.00321922 0.010579 -2.1817 0.00322842 0.999994 -0.000848288 -3.86281 -0.0105763 0.000882431 0.999944 218.363 
0.999956 -0.00360456 0.008608 -2.18514 0.00360339 0.999994 0.00015666 -3.8866 -0.00860855 -0.000125593 0.999963 219.419 
0.99997 -0.00487033 0.00606139 -2.18829 0.00486042 0.999987 0.00165463 -3.9068 -0.00606941 -0.00162508 0.99998 220.469 
0.999983 -0.00442344 0.00378056 -2.20178 0.00441015 0.999984 0.0035285 -3.93247 -0.00379615 -0.00351172 0.999987 221.522 
0.999992 -0.00391822 0.00119657 -2.2124 0.00391401 0.999986 0.00353399 -3.94964 -0.00121045 -0.00352923 0.999993 222.548 
0.999992 -0.00362562 -0.00151837 -2.22347 0.00363021 0.999989 0.00300409 -3.96681 0.00150742 -0.00300954 0.999994 223.566 
0.999986 -0.00321494 -0.00419596 -2.24381 0.00322819 0.99999 0.00314442 -3.98438 0.00418577 -0.00315788 0.999986 224.55 
0.999972 -0.00278272 -0.00690303 -2.26934 0.00280798 0.999989 0.00364612 -4.00174 0.00689277 -0.00366536 0.99997 225.523 
0.999949 -0.00209786 -0.0098967 -2.29031 0.00213208 0.999992 0.0034442 -4.02054 0.00988935 -0.00346508 0.999945 226.461 
0.999912 -0.00242404 -0.0130749 -2.31302 0.00245949 0.999993 0.0026929 -4.03699 0.0130682 -0.00272477 0.999911 227.378 
0.99986 -0.00242346 -0.0165863 -2.34614 0.002462 0.999994 0.00230139 -4.05766 0.0165806 -0.00234186 0.99986 228.254 
0.999797 -0.00117106 -0.02012 -2.37403 0.00121086 0.999997 0.00196366 -4.07509 0.0201176 -0.00198758 0.999796 229.122 
0.999727 -0.000871951 -0.023359 -2.41303 0.00090245 0.999999 0.00129336 -4.09515 0.0233578 -0.00131405 0.999726 229.945 
0.999678 0.00116088 -0.025366 -2.4573 -0.00112507 0.999998 0.00142439 -4.11476 0.0253676 -0.00139535 0.999677 230.777 
0.999661 0.00173367 -0.0259679 -2.493 -0.00168337 0.999997 0.00195709 -4.13471 0.0259711 -0.00191267 0.999661 231.594 
0.999669 0.00187628 -0.025655 -2.52713 -0.00180107 0.999994 0.00295306 -4.14852 0.0256604 -0.00290583 0.999667 232.384 
0.999688 0.00215392 -0.02489 -2.56671 -0.00206322 0.999991 0.00366778 -4.16382 0.0248976 -0.00361524 0.999684 233.143 
0.999698 0.00219888 -0.0244886 -2.60114 -0.00211921 0.999992 0.00327714 -4.17957 0.0244956 -0.00322421 0.999695 233.891 
0.999708 0.00242531 -0.0240309 -2.63551 -0.00239697 0.999996 0.00120642 -4.19453 0.0240337 -0.00114843 0.999711 234.625 
0.999728 0.00240633 -0.0232009 -2.66937 -0.00242099 0.999997 -0.000605326 -4.21395 0.0231993 0.000661373 0.999731 235.354 
0.999758 0.00236559 -0.0218593 -2.69821 -0.0024094 0.999995 -0.00198005 -4.22966 0.0218545 0.00203229 0.999759 236.088 
0.999777 0.00299476 -0.0208927 -2.7219 -0.00304734 0.999992 -0.00248746 -4.24568 0.020885 0.00255061 0.999779 236.815 
0.999816 0.00225311 -0.0190522 -2.74913 -0.00230581 0.999994 -0.00274665 -4.26022 0.0190458 0.00279012 0.999815 237.539 
0.99985 0.00217472 -0.0171719 -2.77578 -0.00222104 0.999994 -0.00268139 -4.2764 0.0171659 0.00271917 0.999849 238.269 
0.999881 0.00209547 -0.0153039 -2.79681 -0.00213843 0.999994 -0.00279387 -4.29261 0.0152979 0.0028263 0.999879 238.987 
0.999912 0.00184458 -0.0131053 -2.82375 -0.00188449 0.999994 -0.0030369 -4.31215 0.0130995 0.00306137 0.99991 239.717 
0.999944 0.00187309 -0.0103827 -2.84264 -0.00189843 0.999995 -0.00243531 -4.33319 0.0103781 0.00245492 0.999943 240.436 
0.999972 0.000445361 -0.00742128 -2.85137 -0.000456948 0.999999 -0.00156543 -4.35018 0.00742053 0.00156882 0.999971 241.154 
0.99999 -0.000339611 -0.00455813 -2.8644 0.000334316 0.999999 -0.00117173 -4.36581 0.00455848 0.00117024 0.999989 241.872 
0.999999 -0.000531011 -0.00157746 -2.87316 0.000528998 0.999999 -0.00130307 -4.37478 0.00157811 0.00130227 0.999998 242.594 
0.999998 -0.00107613 0.00165863 -2.88432 0.00107854 0.999998 -0.00142399 -4.39377 -0.00165714 0.00142582 0.999998 243.309 
0.999989 -0.000999091 0.0046571 -2.89414 0.00100656 0.999998 -0.00159231 -4.40658 -0.00465555 0.00159702 0.999988 244.013 
0.999973 -0.000105157 0.00740225 -2.8946 0.000123424 0.999997 -0.00246156 -4.42266 -0.00740201 0.00246245 0.99997 244.732 
0.999947 0.000198409 0.0102493 -2.89369 -0.000168472 0.999996 -0.00291748 -4.43879 -0.0102498 0.00291564 0.999943 245.444 
0.999905 0.000403562 0.0137591 -2.90032 -0.000376494 0.999998 -0.00196671 -4.45221 -0.0137599 0.00196139 0.999903 246.145 
0.999856 0.000264413 0.0169446 -2.90342 -0.000247045 0.999999 -0.00102454 -4.46844 -0.0169449 0.00102025 0.999856 246.857 
0.999801 -1.27731e-05 0.0199365 -2.90251 3.30337e-05 1 -0.00101377 -4.48168 -0.0199366 0.00101427 0.999801 247.572 
0.999748 -0.000978413 0.0224349 -2.8998 0.0010199 0.999998 -0.00183615 -4.50172 -0.0224331 0.00185861 0.999747 248.28 
0.999709 -0.000503222 0.0241111 -2.89393 0.000619933 0.999988 -0.00483153 -4.51058 -0.0241084 0.00484511 0.999698 248.991 
0.99968 -0.000388954 0.0252933 -2.88692 0.000544636 0.999981 -0.00614678 -4.5224 -0.0252904 0.00615863 0.999661 249.706 
0.999677 0.000421974 0.0254001 -2.87828 -0.000256943 0.999979 -0.00649846 -4.53602 -0.0254024 0.00648988 0.999656 250.437 
0.999673 -0.000736801 0.0255455 -2.86903 0.000917372 0.999975 -0.00705593 -4.55249 -0.0255397 0.0070771 0.999649 251.165 
0.999665 0.00128057 0.025868 -2.87591 -0.00109355 0.999973 -0.0072407 -4.57078 -0.0258766 0.00721002 0.999639 251.912 
0.99965 0.00198834 0.0263901 -2.87124 -0.00178587 0.999969 -0.00769187 -4.59227 -0.0264046 0.00764209 0.999622 252.685 
0.999642 0.00138371 0.0267352 -2.86345 -0.00114072 0.999958 -0.00910049 -4.6287 -0.0267467 0.00906677 0.999601 253.418 
0.999616 -0.00239848 0.0276046 -2.86999 0.00271341 0.999932 -0.0113753 -4.64175 -0.0275755 0.0114458 0.999554 254.188 
0.99957 -0.00513792 0.0288718 -2.86746 0.00549356 0.99991 -0.0122506 -4.6564 -0.0288063 0.012404 0.999508 254.969 
0.999552 -0.00291769 0.0297753 -2.87026 0.00316491 0.999961 -0.00825776 -4.67313 -0.0297501 0.00834834 0.999523 255.764 
0.999529 0.00124508 0.0306583 -2.87285 -0.00117405 0.999997 -0.00233343 -4.68571 -0.0306612 0.00229638 0.999527 256.572 
0.9995 0.00119824 0.0315895 -2.86373 -0.00123854 0.999998 0.00125771 -4.69994 -0.031588 -0.00129616 0.9995 257.352 
0.999435 0.000485959 0.0336007 -2.84483 -0.00046316 1 -0.000685031 -4.71379 -0.033601 0.000669124 0.999435 258.144 
0.999277 0.00207862 0.0379581 -2.8313 -0.00181668 0.999974 -0.00693286 -4.72465 -0.0379716 0.00685894 0.999255 258.939 
0.999092 0.00410176 0.0424171 -2.83408 -0.0036528 0.999937 -0.0106556 -4.73813 -0.0424581 0.0104911 0.999043 259.752 
0.99893 0.00567118 0.045901 -2.8132 -0.00519325 0.999931 -0.010524 -4.75504 -0.0459575 0.0102744 0.998891 260.577 
0.998762 0.00418207 0.0495637 -2.78878 -0.00379421 0.999962 -0.00791604 -4.77857 -0.0495949 0.00771823 0.99874 261.418 
0.998591 0.000861692 0.0530581 -2.76276 -0.000612241 0.999989 -0.00471672 -4.79441 -0.0530616 0.00467763 0.99858 262.258 
0.998439 -0.00174543 0.0558212 -2.72076 0.00191973 0.999993 -0.00306823 -4.81032 -0.0558155 0.00317065 0.998436 263.105 
0.998243 -0.00100168 0.0592482 -2.69424 0.00118062 0.999995 -0.00298443 -4.81639 -0.0592449 0.00304917 0.998239 263.949 
0.998101 0.00144606 0.0615812 -2.65455 -0.00114663 0.999987 -0.0048967 -4.83706 -0.0615875 0.00481684 0.99809 264.787 
0.997959 0.00191027 0.0638265 -2.61698 -0.001432 0.999971 -0.00753754 -4.84746 -0.0638391 0.0074308 0.997933 265.616 
0.997806 0.00279225 0.0661486 -2.56921 -0.00228506 0.999967 -0.00774128 -4.86627 -0.0661681 0.00757318 0.99778 266.463 
0.997583 0.00329105 0.0694144 -2.53486 -0.00291028 0.99998 -0.00558528 -4.88836 -0.0694314 0.0053698 0.997572 267.299 
0.997292 0.00460788 0.0733934 -2.51645 -0.00433776 0.999983 -0.00383883 -4.90691 -0.0734099 0.00351011 0.997296 268.117 
0.997079 0.00547754 0.0761788 -2.45535 -0.00516646 0.999978 -0.00427947 -4.91991 -0.0762005 0.00387343 0.997085 268.979 
0.996858 0.00590381 0.0789857 -2.40886 -0.00554293 0.999973 -0.0047868 -4.93383 -0.0790119 0.00433399 0.996864 269.822 
0.996631 0.00436395 0.0818944 -2.35448 -0.00392354 0.999977 -0.00553735 -4.9461 -0.0819167 0.00519742 0.996626 270.67 
0.996456 0.000984182 0.0841051 -2.3018 -0.000605902 0.99999 -0.00452258 -4.96597 -0.0841087 0.00445564 0.996447 271.513 
0.996359 0.000311413 0.0852588 -2.24241 0.00011019 0.999988 -0.00493971 -4.97748 -0.0852593 0.00493116 0.996347 272.374 
0.996282 0.000199947 0.0861524 -2.18855 0.0002436 0.999987 -0.00513734 -4.9904 -0.0861524 0.00513926 0.996269 273.229 
0.996189 0.000596727 0.0872163 -2.14213 -0.000131597 0.999986 -0.00533821 -5.00284 -0.0872183 0.00530643 0.996175 274.085 
0.996169 0.00136784 0.0874418 -2.09062 -0.000950406 0.999988 -0.00481476 -5.01726 -0.0874473 0.00471325 0.996158 274.941 
0.996225 0.00200417 0.0867837 -2.02604 -0.00163087 0.999989 -0.00437166 -5.03666 -0.0867915 0.00421366 0.996218 275.807 
0.996291 0.00192592 0.086025 -1.97866 -0.00146325 0.999984 -0.00544051 -5.05355 -0.0860341 0.0052945 0.996278 276.655 
0.996412 0.00246433 0.0846046 -1.92684 -0.00194418 0.999979 -0.00622929 -5.0713 -0.0846182 0.00604249 0.996395 277.506 
0.996549 0.00330277 0.0829355 -1.87331 -0.00272801 0.999972 -0.00704207 -5.08943 -0.0829564 0.00679156 0.99653 278.356 
0.99664 0.00514951 0.081749 -1.82874 -0.00454708 0.999961 -0.00755318 -5.10751 -0.0817848 0.00715612 0.996624 279.212 
0.996771 0.00603988 0.0800642 -1.78268 -0.00543634 0.999955 -0.0077535 -5.13001 -0.0801075 0.00729326 0.99676 280.064 
0.996905 0.00709791 0.078294 -1.74479 -0.00653838 0.999951 -0.00739999 -5.14609 -0.0783427 0.00686521 0.996903 280.916 
0.99709 0.00711796 0.0758975 -1.70516 -0.00667642 0.999959 -0.00606909 -5.16166 -0.0759376 0.00554474 0.997097 281.773 
0.997356 0.00567309 0.0724439 -1.67104 -0.00540451 0.999978 -0.00390227 -5.17662 -0.0724644 0.00350047 0.997365 282.63 
0.99768 0.00467341 0.0679205 -1.6407 -0.00456083 0.999988 -0.0018119 -5.20168 -0.0679282 0.00149796 0.997689 283.455 
0.997951 0.00495942 0.0637892 -1.61585 -0.00490316 0.999987 -0.00103788 -5.20847 -0.0637936 0.00072303 0.997963 284.306 
0.998236 0.00491836 0.0591607 -1.58947 -0.00491034 0.999988 -0.000280146 -5.2262 -0.0591615 -1.08073e-05 0.998248 285.128 
0.9985 0.00443675 0.054565 -1.56332 -0.00445044 0.99999 0.000130094 -5.24474 -0.0545639 -0.000372696 0.99851 285.939 
0.998746 0.00392827 0.0499055 -1.53769 -0.00395429 0.999992 0.000423357 -5.26046 -0.0499035 -0.000620126 0.998754 286.734 
0.99892 0.00484893 0.0462083 -1.52332 -0.00481713 0.999988 -0.00079862 -5.27096 -0.0462116 0.000575208 0.998932 287.522 
0.999077 0.00545689 0.0426116 -1.50834 -0.00542585 0.999985 -0.000842894 -5.28505 -0.0426156 0.000610953 0.999091 288.291 
0.999221 0.00551343 0.0390726 -1.50093 -0.00549261 0.999985 -0.000639031 -5.30674 -0.0390756 0.000423964 0.999236 289.032 
0.99936 0.00509467 0.0354218 -1.49144 -0.00507925 0.999987 -0.000524313 -5.32193 -0.035424 0.000344103 0.999372 289.759 
0.999499 0.00438869 0.0313542 -1.48765 -0.00435201 0.99999 -0.0012368 -5.33753 -0.0313593 0.00109977 0.999508 290.474 
0.999636 0.00596881 0.0262943 -1.48179 -0.0058927 0.999978 -0.00296954 -5.35229 -0.0263115 0.00281355 0.99965 291.203 
0.999768 0.0075503 0.0201785 -1.49793 -0.00746096 0.999962 -0.00449719 -5.37243 -0.0202117 0.00434563 0.999786 291.882 
0.999894 0.0084029 0.0119124 -1.51876 -0.00833388 0.999948 -0.00582849 -5.39774 -0.0119608 0.00572863 0.999912 292.565 
0.999967 0.00803902 0.00112525 -1.52463 -0.00803128 0.999945 -0.00668395 -5.4186 -0.00117896 0.00667474 0.999977 293.224 
0.999884 0.00871174 -0.0125225 -1.54368 -0.00879657 0.999939 -0.00673837 -5.44039 0.012463 0.00684779 0.999899 293.858 
0.999517 0.0100553 -0.0293983 -1.58414 -0.0102357 0.99993 -0.00599074 -5.45487 0.029336 0.0062888 0.99955 294.482 
0.998711 0.01229 -0.0492568 -1.63724 -0.0125444 0.99991 -0.00485942 -5.47695 0.0491925 0.0054711 0.998774 295.101 
0.997278 0.0138985 -0.0724155 -1.69673 -0.0142948 0.999886 -0.004958 -5.48655 0.0723383 0.00597971 0.997362 295.719 
0.995073 0.0151617 -0.0979757 -1.77869 -0.0156998 0.999866 -0.00472406 -5.49878 0.0978908 0.00623903 0.995178 296.313 
0.991858 0.0161573 -0.12632 -1.8776 -0.0168253 0.99985 -0.00422315 -5.50477 0.126233 0.00631417 0.991981 296.907 
0.987389 0.0174894 -0.157343 -1.99088 -0.0180811 0.999834 -0.00233026 -5.52329 0.157276 0.00514585 0.987541 297.47 
0.98133 0.0169274 -0.191587 -2.12066 -0.017319 0.99985 -0.000369436 -5.52648 0.191552 0.00368067 0.981476 298.026 
0.973511 0.0168263 -0.228019 -2.27236 -0.0168736 0.999856 0.00174185 -5.53369 0.228015 0.00215183 0.973655 298.569 
0.963738 0.0180691 -0.266237 -2.43917 -0.0174614 0.999837 0.00464952 -5.54133 0.266278 0.000168002 0.963896 299.101 
0.951852 0.0195014 -0.305937 -2.62574 -0.0180321 0.999808 0.00762825 -5.55125 0.306027 -0.00174422 0.952021 299.625 
0.93768 0.0198612 -0.346932 -2.81935 -0.0174947 0.999797 0.00995198 -5.55394 0.347059 -0.00326225 0.937838 300.129 
0.921042 0.0194909 -0.388975 -3.03338 -0.0159999 0.999797 0.0122126 -5.55628 0.389134 -0.00502472 0.921167 300.64 
0.901926 0.0192725 -0.431461 -3.27375 -0.0145513 0.999793 0.0142407 -5.5665 0.431646 -0.00656568 0.902019 301.102 
0.87965 0.0184182 -0.475264 -3.52755 -0.0125809 0.999801 0.0154602 -5.56404 0.475454 -0.00762029 0.879707 301.552 
0.854264 0.017517 -0.519544 -3.80035 -0.0100086 0.999801 0.0172527 -5.56516 0.519743 -0.00953842 0.85427 301.98 
0.825993 0.0178537 -0.563397 -4.10696 -0.00838728 0.999777 0.0193857 -5.56759 0.563617 -0.011287 0.825959 302.387 
0.794177 0.0191186 -0.607386 -4.42885 -0.00833783 0.999754 0.0205671 -5.56627 0.607629 -0.0112696 0.794141 302.788 
0.759513 0.0182596 -0.650236 -4.77184 -0.00568273 0.999754 0.0214368 -5.57379 0.650467 -0.0125864 0.75943 303.146 
0.720884 0.0171339 -0.692844 -5.12398 -0.00116939 0.999723 0.0235062 -5.56905 0.693055 -0.016135 0.720704 303.471 
0.678995 0.0161732 -0.733965 -5.50759 0.00551278 0.999617 0.0271269 -5.55689 0.734123 -0.0224651 0.678645 303.739 
0.631922 0.016335 -0.77486 -5.89558 0.0105289 0.999505 0.0296573 -5.54427 0.77496 -0.0268995 0.631437 303.993 
0.582361 0.0200501 -0.812683 -6.31187 0.0104523 0.999429 0.0321474 -5.53846 0.812863 -0.0272158 0.581819 304.194 
0.529833 0.0259947 -0.847703 -6.72323 0.00647201 0.999377 0.0346909 -5.52559 0.848077 -0.0238667 0.529335 304.382 
0.475445 0.030201 -0.879227 -7.14127 0.00416383 0.999322 0.0365777 -5.5172 0.879736 -0.0210516 0.474997 304.53 
0.41845 0.0321085 -0.907672 -7.56288 0.00430205 0.999294 0.0373328 -5.50117 0.90823 -0.0195267 0.418016 304.668 
0.35938 0.0343091 -0.932561 -7.97121 0.00674122 0.999202 0.0393587 -5.49624 0.933167 -0.0204313 0.358862 304.802 
0.300046 0.0379715 -0.953169 -8.37961 0.00940914 0.999041 0.0427608 -5.49544 0.953878 -0.0217987 0.299401 304.902 
0.239238 0.0418355 -0.970059 -8.79545 0.012346 0.99886 0.0461223 -5.48325 0.970882 -0.0230105 0.238449 304.985 
0.175181 0.0451376 -0.983501 -9.21638 0.015544 0.998697 0.0486037 -5.46972 0.984413 -0.023802 0.174252 305.045 
0.109631 0.0491876 -0.992755 -9.65913 0.0169569 0.998537 0.0513467 -5.45615 0.993828 -0.0224632 0.108637 305.067 
0.0433718 0.0546393 -0.997564 -10.1162 0.0196568 0.998263 0.0555323 -5.43194 0.998866 -0.0220174 0.0422224 305.052 
-0.0251168 0.0611775 -0.997811 -10.5845 0.0223879 0.99791 0.06062 -5.40747 0.999434 -0.0208162 -0.0264339 305.018 
-0.0933272 0.0676102 -0.993337 -11.0529 0.0254515 0.997528 0.0655041 -5.37861 0.99531 -0.0191685 -0.0948172 304.941 
-0.161073 0.0743638 -0.984137 -11.5275 0.0288441 0.997086 0.0706214 -5.36136 0.986521 -0.0170113 -0.162749 304.826 
-0.22819 0.0806024 -0.970275 -12.0156 0.0338849 0.996621 0.074822 -5.33627 0.973027 -0.015804 -0.23015 304.682 
-0.293098 0.0846164 -0.952331 -12.5022 0.038868 0.996307 0.0765614 -5.30017 0.955292 -0.0145751 -0.295304 304.493 
-0.355703 0.0869851 -0.930543 -12.9879 0.0432352 0.996125 0.0765888 -5.2665 0.933599 -0.0129894 -0.358085 304.272 
-0.41521 0.0873635 -0.905521 -13.4633 0.0474624 0.996103 0.0743398 -5.22522 0.908487 -0.0121115 -0.417738 304.01 
-0.471343 0.0872212 -0.877626 -13.9276 0.0504751 0.996135 0.0718904 -5.18528 0.880504 -0.0104132 -0.473924 303.715 
-0.52295 0.0869481 -0.847917 -14.4043 0.0528879 0.996177 0.0695327 -5.13964 0.850721 -0.00848243 -0.525549 303.376 
-0.569296 0.0873421 -0.81748 -14.8702 0.0553981 0.996156 0.067853 -5.10249 0.820264 -0.00665831 -0.571947 303.004 
-0.60993 0.0878603 -0.787569 -15.3257 0.0567608 0.996126 0.0671684 -5.06465 0.79042 -0.00373502 -0.612554 302.599 
-0.647106 0.0919912 -0.75683 -15.7858 0.0621491 0.995755 0.0678932 -5.02868 0.759863 -0.0031022 -0.650076 302.162 
-0.683502 0.0990257 -0.723201 -16.2432 0.0708934 0.995077 0.0692512 -4.99069 0.726498 -0.0039369 -0.687157 301.694 
-0.718866 0.104721 -0.687215 -16.7021 0.0777497 0.994497 0.0702149 -4.95001 0.690787 -0.00295561 -0.723052 301.181 
-0.751215 0.106365 -0.651431 -17.1256 0.0809172 0.994327 0.0690403 -4.91387 0.655079 -0.000847805 -0.75556 300.633 
-0.781196 0.103354 -0.615671 -17.5464 0.0811469 0.994645 0.06401 -4.87556 0.618989 4.46127e-05 -0.785399 300.041 
-0.80813 0.100886 -0.5803 -17.9479 0.0827677 0.994897 0.057701 -4.84372 0.58316 -0.00140014 -0.812356 299.412 
-0.83307 0.0961735 -0.544744 -18.3418 0.0817117 0.995362 0.0507688 -4.80535 0.5471 -0.00221797 -0.837064 298.738 
-0.855648 0.0933781 -0.509066 -18.7269 0.0818092 0.995626 0.0451216 -4.76947 0.511053 -0.00303801 -0.859544 298.033 
-0.876472 0.0918289 -0.472614 -19.1024 0.0812336 0.995774 0.0428296 -4.73648 0.474549 -0.000853149 -0.880228 297.283 
-0.895676 0.0886879 -0.435775 -19.4351 0.0790324 0.996058 0.040275 -4.71325 0.437629 0.00163302 -0.899154 296.505 
-0.913149 0.0883195 -0.397942 -19.7653 0.0800737 0.99609 0.0373293 -4.68502 0.399683 0.00222254 -0.916651 295.689 
-0.928985 0.0903228 -0.358928 -20.0679 0.0829 0.995906 0.0360522 -4.65962 0.360715 0.00373677 -0.932669 294.836 
-0.942609 0.0940291 -0.320387 -20.3389 0.0875664 0.995559 0.0345543 -4.63885 0.322213 0.00451605 -0.946657 293.95 
-0.954692 0.0949399 -0.282045 -20.5859 0.0887088 0.995449 0.0348108 -4.60965 0.284066 0.00821375 -0.95877 293.037 
-0.964459 0.0979316 -0.245414 -20.7822 0.0923048 0.995138 0.0343552 -4.5928 0.247585 0.0104813 -0.96881 292.093 
-0.972943 0.0974453 -0.20949 -20.9528 0.092723 0.995169 0.0322703 -4.57279 0.211623 0.0119726 -0.977278 291.129 
-0.979739 0.0959962 -0.175771 -21.0952 0.0925974 0.995325 0.0274568 -4.55394 0.177585 0.0106245 -0.984048 290.135 
