1 2.12261e-08 -2.11895e-08 0 2.12261e-08 1 2.10703e-08 0 -2.11895e-08 2.10703e-08 1 0 
0.999979 0.000463216 -0.0064995 -0.0101957 -0.000462322 1 0.000132496 0.000770789 0.00649952 -0.000129446 0.999979 0.0949093 
0.999909 0.00119089 -0.0134745 -0.0225976 -0.00119108 0.999999 -8.93236e-06 0.00186049 0.0134745 2.50232e-05 0.999909 0.190967 
0.999778 0.00164443 -0.0209865 -0.0357522 -0.0016559 0.999999 -0.000531062 -0.000993063 0.0209856 0.000565738 0.99978 0.29117 
0.999546 0.00213659 -0.0300462 -0.0537764 -0.00219504 0.999996 -0.00191375 -0.00112964 0.0300419 0.00197888 0.999547 0.398185 
0.99913 0.00242883 -0.0416437 -0.0715757 -0.00257842 0.99999 -0.00353977 -1.98949e-05 0.0416346 0.0036441 0.999126 0.515051 
0.998473 0.00223229 -0.0552015 -0.096049 -0.00246768 0.999988 -0.00419711 -0.00330715 0.0551914 0.00432696 0.998466 0.645547 
0.997429 0.00228395 -0.0716327 -0.12316 -0.00259272 0.999988 -0.00421833 -0.00209496 0.0716221 0.00439325 0.997422 0.790488 
0.995934 0.000664668 -0.0900868 -0.157536 -0.00106038 0.99999 -0.00434524 -0.00342965 0.090083 0.00442314 0.995924 0.944386 
0.993914 -0.000376572 -0.110159 -0.194853 -0.00012031 0.99999 -0.00450428 -0.00352828 0.110159 0.00449016 0.993904 1.11061 
0.991186 -0.000508345 -0.132476 -0.242728 -0.000112316 0.999989 -0.00467786 -0.00979304 0.132477 0.00465156 0.991175 1.28362 
0.987662 0.00294525 -0.156571 -0.303093 -0.00396203 0.999973 -0.0061826 -0.0137619 0.156548 0.0067267 0.987647 1.46106 
0.983252 0.00727891 -0.182106 -0.372966 -0.00879147 0.999933 -0.00750025 -0.021567 0.182039 0.00897566 0.98325 1.64843 
0.97787 0.0102825 -0.208961 -0.451275 -0.0123345 0.999888 -0.00851937 -0.0266059 0.20885 0.0109083 0.977887 1.8365 
0.971052 0.0109553 -0.238615 -0.529358 -0.013414 0.999872 -0.00868263 -0.0301226 0.238489 0.0116321 0.971075 2.03131 
0.962956 0.0129931 -0.269345 -0.624097 -0.015758 0.999843 -0.00810592 -0.0330181 0.269197 0.01205 0.96301 2.23397 
0.953418 0.0144676 -0.301305 -0.729075 -0.017442 0.999822 -0.00718379 -0.0329544 0.301148 0.0121046 0.953501 2.43847 
0.942023 0.0165255 -0.335141 -0.840929 -0.019722 0.999787 -0.00613679 -0.0349457 0.334968 0.0123907 0.942148 2.6445 
0.929298 0.0189895 -0.368843 -0.958089 -0.0226873 0.999726 -0.00569071 -0.0347402 0.368634 0.0136565 0.929474 2.84782 
0.915207 0.0216722 -0.402401 -1.08623 -0.0259256 0.999651 -0.005126 -0.0339239 0.402149 0.0151239 0.915449 3.04602 
0.898913 0.0223396 -0.437558 -1.22158 -0.0270139 0.999625 -0.00446087 -0.033496 0.437295 0.0158301 0.899179 3.24694 
0.880029 0.0179309 -0.474581 -1.335 -0.0228856 0.999727 -0.00466516 -0.0421722 0.474368 0.0149666 0.8802 3.41744 
0.85838 0.0125989 -0.51286 -1.48779 -0.0178083 0.999828 -0.00524418 -0.0383382 0.512705 0.0136347 0.858457 3.62468 
0.832761 0.0140339 -0.553455 -1.65677 -0.0182726 0.999831 -0.00214145 -0.0396798 0.553331 0.0118964 0.832876 3.82146 
0.803167 0.0195699 -0.595433 -1.85169 -0.0230774 0.999732 0.00172925 -0.0428767 0.595307 0.0123522 0.803404 4.00648 
0.770014 0.0226801 -0.637624 -2.05874 -0.0263856 0.999645 0.00369303 -0.0469635 0.637482 0.0139805 0.770339 4.1859 
0.733212 0.0220543 -0.679642 -2.27515 -0.0256758 0.999659 0.0047392 -0.0495643 0.679515 0.0139755 0.733529 4.36382 
0.692642 0.0178941 -0.72106 -2.50892 -0.0194794 0.999792 0.00609951 -0.0483833 0.721019 0.00982111 0.692846 4.54697 
0.649249 0.014529 -0.760437 -2.75765 -0.0142482 0.999874 0.00693883 -0.0487561 0.760442 0.00632985 0.649375 4.71808 
0.603875 0.0140461 -0.796955 -3.03366 -0.0113309 0.999895 0.00903712 -0.0471903 0.796998 0.00357296 0.603971 4.87431 
0.555423 0.0146027 -0.83144 -3.32628 -0.00874465 0.999893 0.0117196 -0.0437071 0.831522 0.000761362 0.555491 5.01365 
0.504343 0.0155657 -0.863363 -3.62607 -0.00733726 0.999879 0.0137408 -0.042482 0.863472 -0.000595321 0.504396 5.12992 
0.45132 0.017015 -0.8922 -3.94272 -0.00587127 0.999853 0.016098 -0.0404508 0.892343 -0.00202696 0.451354 5.23574 
0.396686 0.0190413 -0.917757 -4.2739 -0.00510621 0.999815 0.0185367 -0.032699 0.91794 -0.00266695 0.39671 5.32641 
0.341165 0.0209305 -0.93977 -4.65468 -0.00484242 0.999778 0.020509 -0.0249033 0.939991 -0.00244614 0.341191 5.40612 
0.285999 0.0238722 -0.957932 -5.03896 -0.00220032 0.999703 0.0242562 -0.0210385 0.958227 -0.00482945 0.285967 5.47615 
0.23235 0.0257304 -0.972292 -5.43818 0.00218243 0.999634 0.0269755 -0.0172407 0.97263 -0.00838967 0.232209 5.52966 
0.181426 0.0260985 -0.983058 -5.85471 0.00509389 0.999609 0.027478 -0.0121368 0.983391 -0.00999276 0.181222 5.56122 
0.133909 0.0268973 -0.990629 -6.31495 0.00212656 0.999622 0.0274289 0.00213008 0.990991 -0.00577957 0.133802 5.57887 
0.0916565 0.0272909 -0.995417 -6.75998 -0.000224013 0.999625 0.0273856 0.00999085 0.995791 -0.00228704 0.0916282 5.56624 
0.0543486 0.0255989 -0.998194 -7.21795 -0.00213576 0.999672 0.0255205 0.0237658 0.99852 0.000744946 0.0543854 5.53684 
0.0194298 0.0228916 -0.999549 -7.68847 -0.000939775 0.999738 0.0228777 0.0310872 0.999811 0.000494884 0.0194462 5.51879 
-0.0120522 0.0200822 -0.999726 -8.17844 -0.000398601 0.999798 0.0200885 0.0380003 0.999927 0.000640643 -0.0120418 5.48358 
-0.0387853 0.0183021 -0.99908 -8.67349 -0.000806947 0.999831 0.0183472 0.0409289 0.999247 0.00151785 -0.038764 5.4348 
-0.0592096 0.0155554 -0.998124 -9.19284 -0.00180056 0.999875 0.0156895 0.0580538 0.998244 0.0027262 -0.0591742 5.37317 
-0.0755969 0.0147854 -0.997029 -9.72637 -0.000905802 0.999889 0.0148965 0.0686447 0.997138 0.00202928 -0.0755751 5.30746 
-0.0889278 0.0153112 -0.99592 -10.2672 -0.000287995 0.999881 0.0153978 0.0731433 0.996038 0.00165615 -0.0889129 5.24768 
-0.0985954 0.0163519 -0.994993 -10.8256 -0.000996304 0.999863 0.0165306 0.0742299 0.995127 0.0026212 -0.0985656 5.17284 
-0.10536 0.0177216 -0.994276 -11.4021 -0.0032159 0.99983 0.0181614 0.072002 0.994429 0.00511102 -0.105285 5.09133 
-0.10977 0.0183415 -0.993788 -11.9987 -0.00340961 0.999817 0.0188294 0.0876239 0.993951 0.00545537 -0.109687 5.00634 
-0.111446 0.0189463 -0.99359 -12.5985 -0.000976231 0.999816 0.0191746 0.0976545 0.99377 0.00310693 -0.111407 4.93382 
-0.11023 0.0213358 -0.993677 -13.2217 0.00108209 0.999772 0.0213466 0.102763 0.993906 0.00127784 -0.110228 4.84966 
-0.108874 0.0237967 -0.993771 -13.8611 0.000625052 0.999715 0.0238705 0.108124 0.994055 0.00197775 -0.108858 4.76796 
-0.107609 0.0237501 -0.99391 -14.5159 -0.00145556 0.99971 0.0240463 0.114206 0.994192 0.00403432 -0.107543 4.68854 
-0.105997 0.0210297 -0.994144 -15.1823 -0.0031443 0.999764 0.0214838 0.123389 0.994361 0.00540315 -0.105906 4.60055 
-0.104739 0.0207196 -0.994284 -15.8668 -0.00350413 0.999769 0.021203 0.136784 0.994494 0.00570492 -0.104642 4.5143 
-0.102791 0.0233132 -0.99443 -16.5783 -0.00285281 0.999714 0.023732 0.152317 0.994699 0.00527639 -0.102695 4.42116 
-0.101085 0.02683 -0.994516 -17.292 -0.00377617 0.999619 0.0273515 0.162591 0.994871 0.00652031 -0.100945 4.33934 
-0.0990003 0.0289667 -0.994666 -18.0262 -0.00414536 0.999556 0.0295217 0.168945 0.995079 0.00704595 -0.0988362 4.24367 
-0.0971571 0.0284133 -0.994863 -18.7621 -0.00604641 0.999557 0.0291378 0.178146 0.995251 0.00884634 -0.0969422 4.15575 
-0.0955146 0.0254165 -0.995104 -19.5216 -0.00823123 0.99962 0.026322 0.188467 0.995394 0.0107051 -0.095269 4.06328 
-0.0937206 0.0246457 -0.995293 -20.2953 -0.00907072 0.999631 0.0256072 0.201649 0.995557 0.011428 -0.0934624 3.96816 
-0.092484 0.0272372 -0.995342 -21.0777 -0.00648077 0.999588 0.0279556 0.210743 0.995693 0.00903606 -0.0922694 3.89007 
-0.0914186 0.0293348 -0.99538 -21.8768 -0.00448503 0.999544 0.0298695 0.225411 0.995803 0.00719497 -0.0912453 3.80483 
-0.0901568 0.0311014 -0.995442 -22.6764 -0.0030462 0.999499 0.0315041 0.237119 0.995923 0.00587266 -0.0900169 3.71736 
-0.0897977 0.0264093 -0.99561 -23.4747 -0.0028306 0.999638 0.0267714 0.247132 0.995956 0.00522222 -0.0896904 3.63567 
-0.0892661 0.0192286 -0.995822 -24.2773 -0.000901502 0.999812 0.0193865 0.258867 0.996007 0.00262833 -0.089232 3.54367 
-0.0893867 0.0149159 -0.995885 -25.0929 0.00180096 0.999889 0.0148142 0.265756 0.995995 -0.000469316 -0.0894036 3.46176 
-0.0902066 0.0157868 -0.995798 -25.9187 0.00288909 0.999874 0.0155898 0.27285 0.995919 -0.00147061 -0.0902409 3.38053 
-0.0903269 0.0231644 -0.995643 -26.7673 0.00277451 0.999731 0.0230078 0.278187 0.995908 -0.00068416 -0.0903669 3.28551 
-0.0907639 0.0300706 -0.995418 -27.6116 0.00140453 0.999547 0.0300672 0.290491 0.995871 0.00133097 -0.090765 3.19147 
-0.0909323 0.0349641 -0.995243 -28.4633 -4.54488e-05 0.999383 0.0351137 0.310194 0.995857 0.00323824 -0.0908747 3.0882 
-0.0912625 0.0352212 -0.995204 -29.3065 -0.00213447 0.999365 0.0355642 0.320088 0.995825 0.00536995 -0.0911294 2.99009 
-0.091781 0.0317881 -0.995272 -30.1413 -0.00165673 0.999484 0.0320754 0.333929 0.995778 0.00459285 -0.0916809 2.90019 
-0.092302 0.029102 -0.995306 -30.9796 -0.00164983 0.999567 0.0293796 0.349249 0.99573 0.00435392 -0.092214 2.81013 
-0.0922205 0.030309 -0.995277 -31.828 -0.00304775 0.999523 0.0307207 0.362348 0.995734 0.00586648 -0.0920842 2.70431 
-0.0923128 0.0326823 -0.995194 -32.6653 -0.00390624 0.999442 0.0331842 0.369829 0.995722 0.00695083 -0.0921336 2.6105 
-0.0920348 0.031322 -0.995263 -33.5029 -0.0045518 0.999482 0.0318757 0.37301 0.995745 0.00746395 -0.0918445 2.50874 
-0.0913607 0.025889 -0.995481 -34.3344 -0.00515755 0.999636 0.0264704 0.388453 0.995805 0.00755263 -0.0911939 2.4057 
-0.0913035 0.0219254 -0.995582 -35.1697 -0.0067396 0.999721 0.0226347 0.392381 0.9958 0.00877649 -0.0911303 2.31101 
-0.0910201 0.0228175 -0.995588 -36.0013 -0.00614314 0.999706 0.0234735 0.399034 0.99583 0.00825264 -0.0908532 2.22203 
-0.0905621 0.0251726 -0.995573 -36.8426 -0.00484323 0.999658 0.0257164 0.406375 0.995879 0.00715076 -0.0904092 2.13 
-0.0902486 0.0301083 -0.995464 -37.684 -0.00460088 0.99952 0.0306481 0.413999 0.995909 0.007346 -0.0900667 2.04399 
-0.0897072 0.0356087 -0.995331 -38.5209 -0.00329677 0.999345 0.0360494 0.428593 0.995963 0.00651531 -0.089531 1.95323 
-0.0901709 0.039043 -0.995161 -39.3529 -0.0032992 0.999214 0.039501 0.438869 0.995921 0.00684512 -0.0899712 1.8665 
-0.0898348 0.0387066 -0.995204 -40.1808 -0.00279604 0.999231 0.0391156 0.457812 0.995953 0.00629662 -0.0896575 1.77531 
-0.0897878 0.0346045 -0.99536 -41.006 -0.00298661 0.999382 0.0350137 0.4684 0.995956 0.00611659 -0.089629 1.68465 
-0.0894973 0.0302282 -0.995528 -41.8265 -0.00405152 0.99952 0.0307136 0.481515 0.995979 0.00678223 -0.0893319 1.59354 
-0.0896543 0.0272931 -0.995599 -42.654 -0.00764808 0.999576 0.0280909 0.494859 0.995944 0.0101329 -0.0894075 1.50064 
-0.0903767 0.0253844 -0.995584 -43.4833 -0.0110402 0.999588 0.0264887 0.50401 0.995847 0.0133854 -0.0900592 1.40787 
-0.0913359 0.0236645 -0.995539 -44.3162 -0.00869786 0.999661 0.0245604 0.509207 0.995782 0.0109023 -0.0910991 1.31943 
-0.0923762 0.020535 -0.995512 -45.138 -0.00520222 0.999764 0.0211054 0.508583 0.995711 0.00712855 -0.0922475 1.23369 
-0.0934721 0.0189418 -0.995442 -45.9616 -0.00111409 0.999816 0.0191296 0.518788 0.995621 0.00289714 -0.0934338 1.15038 
-0.0956358 0.0221248 -0.995171 -46.7885 -0.00044121 0.999752 0.022269 0.527197 0.995416 0.00256884 -0.0956023 1.05709 
-0.0972901 0.0284477 -0.994849 -47.6161 0.00194502 0.999595 0.0283932 0.531022 0.995254 0.000827417 -0.097306 0.961178 
-0.0994503 0.0322145 -0.994521 -48.4355 0.00407402 0.999481 0.0319678 0.538038 0.995034 -0.000872448 -0.0995299 0.869915 
-0.101183 0.0313422 -0.994374 -49.2385 0.00418904 0.999508 0.0310778 0.546651 0.994859 -0.00102089 -0.101265 0.777409 
-0.102141 0.027365 -0.994393 -50.0381 0.000550109 0.999623 0.0274524 0.551473 0.99477 0.00225704 -0.102118 0.671948 
-0.103499 0.0234473 -0.994353 -50.8312 -0.00411649 0.999703 0.024002 0.55968 0.994621 0.00657747 -0.103372 0.568531 
-0.104919 0.0217169 -0.994244 -51.6235 -0.00828635 0.999708 0.0227107 0.567334 0.994446 0.0106215 -0.104708 0.461956 
-0.105969 0.022869 -0.994106 -52.4171 -0.00957574 0.999666 0.0240176 0.569506 0.994323 0.0120645 -0.105715 0.359333 
-0.107137 0.0244148 -0.993945 -53.203 -0.00913788 0.999632 0.0255395 0.57437 0.994202 0.0118188 -0.106874 0.263579 
-0.108258 0.0239358 -0.993835 -53.9832 -0.0106654 0.999625 0.025237 0.58211 0.994066 0.0133318 -0.107962 0.161913 
-0.108664 0.0240039 -0.993789 -54.7553 -0.0113373 0.999614 0.0253843 0.582681 0.994014 0.0140253 -0.10835 0.058202 
-0.109428 0.0254871 -0.993668 -55.5289 -0.00991005 0.999594 0.0267304 0.593896 0.993945 0.0127724 -0.10913 -0.0379183 
-0.110017 0.0281905 -0.99353 -56.3077 -0.00807178 0.999539 0.0292549 0.60608 0.993897 0.0112381 -0.109738 -0.132603 
-0.109905 0.0327454 -0.993403 -57.0778 -0.0088082 0.999386 0.0339171 0.604897 0.993903 0.0124778 -0.109549 -0.24138 
-0.110401 0.0348371 -0.993276 -57.8536 -0.00849008 0.999316 0.0359926 0.612699 0.993851 0.0124066 -0.110029 -0.350117 
-0.111457 0.0347465 -0.993162 -58.614 -0.0079346 0.999326 0.0358526 0.627293 0.993738 0.0118764 -0.111107 -0.443717 
-0.111882 0.0328241 -0.993179 -59.3619 -0.00732154 0.9994 0.0338545 0.63471 0.993695 0.0110594 -0.111575 -0.541112 
-0.112413 0.0291687 -0.993233 -60.0993 -0.00679152 0.999523 0.0301221 0.64574 0.993638 0.0101317 -0.112162 -0.634881 
-0.112688 0.0267917 -0.993269 -60.8148 -0.0074591 0.999585 0.0278083 0.644115 0.993602 0.0105426 -0.112442 -0.719776 
-0.111453 0.0245725 -0.993466 -61.533 -0.00766594 0.999643 0.0255854 0.645512 0.99374 0.0104675 -0.111225 -0.821038 
-0.109454 0.0238081 -0.993707 -62.2323 -0.00972367 0.99964 0.0250213 0.647943 0.993944 0.0124012 -0.109183 -0.910149 
-0.105369 0.0245773 -0.994129 -62.9165 -0.00984659 0.99962 0.0257567 0.654347 0.994384 0.0125028 -0.105087 -0.99835 
-0.099896 0.0260747 -0.994656 -63.5818 -0.00866403 0.999596 0.0270744 0.659325 0.99496 0.0113224 -0.0996297 -1.07116 
-0.0926202 0.0275159 -0.995321 -64.2346 -0.00800699 0.999565 0.0283783 0.663962 0.995669 0.010598 -0.0923596 -1.14303 
-0.0842775 0.0288021 -0.996026 -64.8687 -0.00894172 0.99952 0.0296598 0.667274 0.996402 0.0114059 -0.0839796 -1.19941 
-0.0726232 0.0302607 -0.9969 -65.4911 -0.0108499 0.999457 0.0311287 0.6722 0.9973 0.013077 -0.0722554 -1.25546 
-0.0577948 0.0316551 -0.997827 -66.097 -0.0138826 0.999375 0.0325083 0.680194 0.998232 0.0157313 -0.0573193 -1.29986 
-0.0395024 0.0328181 -0.99868 -66.6854 -0.01544 0.999321 0.0334499 0.68634 0.9991 0.016741 -0.0389689 -1.32595 
-0.0174504 0.0334442 -0.999288 -67.2504 -0.0163702 0.999297 0.0337304 0.693914 0.999714 0.0169472 -0.0168907 -1.33172 
0.00802245 0.0338959 -0.999393 -67.7898 -0.0156785 0.999307 0.0337671 0.697852 0.999845 0.0153981 0.00854833 -1.32009 
0.0374652 0.0333912 -0.99874 -68.3002 -0.0142301 0.999358 0.0328781 0.707282 0.999197 0.0129804 0.0379163 -1.29148 
0.0715786 0.0332732 -0.99688 -68.7926 -0.0129922 0.99939 0.0324241 0.713975 0.99735 0.0106308 0.0719672 -1.23871 
0.109406 0.0335812 -0.99343 -69.2594 -0.0124117 0.999397 0.0324161 0.720385 0.99392 0.0087837 0.109757 -1.17122 
0.150508 0.0335724 -0.988039 -69.7139 -0.0122551 0.99941 0.032092 0.719902 0.988533 0.00727849 0.15083 -1.0835 
0.195943 0.034477 -0.980009 -70.152 -0.0110661 0.999396 0.0329464 0.723758 0.980553 0.00438933 0.196206 -0.974983 
0.244731 0.0328953 -0.969033 -70.5775 -0.00790017 0.999459 0.031933 0.732656 0.969559 -0.000159437 0.244859 -0.841552 
0.295336 0.0283388 -0.954973 -70.9798 -0.000253917 0.999562 0.0295835 0.731059 0.955393 -0.00849455 0.295214 -0.682645 
0.347219 0.0232057 -0.937497 -71.3688 0.00515374 0.999632 0.0266525 0.731336 0.93777 -0.0140858 0.346971 -0.506185 
0.400239 0.0186617 -0.916221 -71.7413 0.0102213 0.99964 0.0248258 0.73694 0.916354 -0.0193011 0.399904 -0.310692 
0.451982 0.0182159 -0.891841 -72.1151 0.00975039 0.999631 0.0253589 0.744095 0.891974 -0.0201575 0.451638 -0.0939552 
0.500849 0.0170244 -0.865367 -72.4759 0.0110985 0.999598 0.0260886 0.752849 0.865464 -0.0226707 0.500459 0.144235 
0.5465 0.0126758 -0.837363 -72.8174 0.0189683 0.999442 0.0275089 0.759971 0.837244 -0.0309169 0.545955 0.40854 
0.590912 0.00640122 -0.806711 -73.1387 0.0290315 0.999152 0.0291936 0.765353 0.806214 -0.0406708 0.590225 0.697458 
0.634445 0.00168238 -0.772967 -73.4496 0.0301097 0.999185 0.0268885 0.763837 0.772382 -0.0403331 0.633877 0.98557 
0.67646 -0.00313208 -0.736473 -73.7405 0.0267609 0.999435 0.0203299 0.768085 0.735993 -0.033461 0.676162 1.27907 
0.717756 -0.0100954 -0.696222 -74.0188 0.0230623 0.999691 0.00927973 0.773778 0.695913 -0.022717 0.717767 1.59192 
0.757955 -0.0126616 -0.652184 -74.2929 0.0178396 0.99984 0.00132168 0.77761 0.652062 -0.0126364 0.75806 1.93375 
0.795895 -0.0140758 -0.605272 -74.563 0.0164893 0.999863 -0.00156977 0.783852 0.605211 -0.00873108 0.796018 2.31214 
0.8305 -0.0157229 -0.556797 -74.8059 0.0167856 0.999854 -0.00319724 0.789322 0.556766 -0.00669082 0.830642 2.72006 
0.8618 -0.0143481 -0.507045 -75.0385 0.0135865 0.999894 -0.00520223 0.786746 0.507066 -0.00240565 0.861904 3.14627 
0.888498 -0.0122249 -0.458717 -75.2619 0.0121357 0.999921 -0.00314232 0.775309 0.45872 -0.00277485 0.888577 3.6051 
0.910204 -0.00578642 -0.41412 -75.4661 0.00544189 0.999983 -0.00201179 0.77218 0.414125 -0.000422407 0.91022 4.07808 
0.928044 -0.0018037 -0.372467 -75.6617 0.000510402 0.999994 -0.0035709 0.768522 0.372471 0.00312389 0.928039 4.56776 
0.941885 0.00355722 -0.335917 -75.8451 -0.00451247 0.999988 -0.00206326 0.764057 0.335905 0.00345922 0.941889 5.09187 
0.952118 0.00422815 -0.305701 -76.0142 -0.0043767 0.99999 0.000199344 0.753413 0.305699 0.00114821 0.952127 5.64113 
0.959512 0.00343571 -0.281648 -76.1698 -0.00308301 0.999994 0.0016953 0.750278 0.281652 -0.000758285 0.959516 6.21565 
0.965465 0.00339779 -0.260511 -76.3242 -0.0025697 0.999991 0.00351912 0.749698 0.260521 -0.00272811 0.965464 6.80553 
0.970215 0.00616608 -0.242167 -76.4797 -0.004831 0.99997 0.00610628 0.746972 0.242198 -0.00475445 0.970215 7.4105 
0.973897 0.0109609 -0.226727 -76.6358 -0.00945818 0.999926 0.00771318 0.743282 0.226794 -0.00536737 0.973928 8.03298 
0.976854 0.0150152 -0.213381 -76.7851 -0.0133441 0.999868 0.00926957 0.735741 0.213492 -0.00620759 0.976925 8.66889 
0.979669 0.01352 -0.200167 -76.9266 -0.0119382 0.999887 0.00910715 0.732307 0.200267 -0.00653232 0.97972 9.32071 
0.982392 0.0133791 -0.18635 -77.0599 -0.0119721 0.999891 0.00867329 0.730883 0.186445 -0.00628953 0.982445 9.99126 
0.985034 0.0136808 -0.171819 -77.1871 -0.012253 0.999881 0.00936777 0.730319 0.171927 -0.00712222 0.985084 10.6832 
0.98733 0.0154711 -0.157922 -77.3071 -0.0140686 0.999851 0.00999502 0.726416 0.158053 -0.0076466 0.987401 11.3804 
0.989298 0.0151839 -0.145117 -77.4187 -0.0142621 0.999871 0.00738976 0.716812 0.14521 -0.00524096 0.989387 12.0858 
0.990827 0.0157432 -0.134214 -77.5262 -0.0155961 0.999876 0.00214661 0.711586 0.134231 -3.36562e-05 0.99095 12.8102 
0.992107 0.0138683 -0.124622 -77.6313 -0.0144626 0.999888 -0.00386532 0.707081 0.124554 0.0056372 0.992197 13.5529 
0.993111 0.0139124 -0.116346 -77.7311 -0.014491 0.999887 -0.0041286 0.705819 0.116275 0.00578616 0.9932 14.2965 
0.993838 0.0161328 -0.109663 -77.8277 -0.0159766 0.99987 0.00230288 0.692219 0.109686 -0.000536595 0.993966 15.0555 
0.994341 0.0208441 -0.104167 -77.9345 -0.0198701 0.999749 0.0103789 0.682834 0.104358 -0.0082503 0.994506 15.8159 
0.994726 0.0217916 -0.100222 -78.0204 -0.0204288 0.999685 0.0146043 0.666592 0.100509 -0.0124798 0.994858 16.5872 
0.99511 0.019883 -0.0967525 -78.108 -0.0186831 0.999737 0.0132909 0.668605 0.0969913 -0.0114182 0.99522 17.36 
0.995417 0.0195241 -0.0936151 -78.1914 -0.0184575 0.999755 0.0122448 0.668488 0.0938312 -0.0104608 0.995533 18.1233 
0.995685 0.0183256 -0.0909759 -78.2699 -0.0170929 0.999752 0.0143105 0.668279 0.0912155 -0.0126936 0.99575 18.894 
0.99595 0.0167011 -0.0883488 -78.3478 -0.0152751 0.999742 0.0167918 0.664767 0.0886064 -0.0153742 0.995948 19.6491 
0.996204 0.0145486 -0.0858246 -78.4181 -0.0130017 0.999743 0.0185549 0.660619 0.0860724 -0.0173685 0.996138 20.4137 
0.996449 0.013707 -0.0830719 -78.4894 -0.0125037 0.99981 0.0149878 0.656346 0.0832615 -0.0138959 0.996431 21.1655 
0.996541 0.016695 -0.081413 -78.5686 -0.0161194 0.99984 0.00772262 0.651007 0.0815289 -0.00638353 0.996651 21.9124 
0.996669 0.0169032 -0.0797792 -78.6432 -0.0169864 0.999856 -0.000365098 0.647691 0.0797615 0.00171909 0.996813 22.6543 
0.996753 0.0179382 -0.0784911 -78.7138 -0.0183213 0.999824 -0.00416368 0.632867 0.0784026 0.00558827 0.996906 23.3955 
0.996879 0.0194199 -0.0765131 -78.7848 -0.0196566 0.999804 -0.00234156 0.618302 0.0764526 0.00383828 0.997066 24.1454 
0.997006 0.0223755 -0.0740106 -78.862 -0.022314 0.99975 0.00165775 0.601858 0.0740291 -1.27555e-06 0.997256 24.8983 
0.997068 0.0260621 -0.0719501 -78.9381 -0.0256365 0.999648 0.00683183 0.587985 0.0721028 -0.00496721 0.997385 25.6544 
0.997295 0.023307 -0.0697043 -78.9987 -0.022766 0.999704 0.00854469 0.583114 0.0698828 -0.00693465 0.997531 26.4095 
0.997437 0.0198031 -0.0687522 -79.058 -0.0192711 0.999779 0.00839172 0.575705 0.0689032 -0.00704524 0.997599 27.1623 
0.997534 0.0181705 -0.0677964 -79.1175 -0.0176291 0.999808 0.00857572 0.564693 0.0679391 -0.00735934 0.997662 27.9118 
0.997602 0.0177632 -0.0668897 -79.1791 -0.0173556 0.999827 0.00666857 0.558012 0.0669966 -0.00549163 0.997738 28.6596 
0.997674 0.0147547 -0.0665433 -79.236 -0.0144493 0.999883 0.00506909 0.555025 0.0666103 -0.00409575 0.997771 29.4168 
0.99773 0.0140558 -0.0658644 -79.2955 -0.0137656 0.999893 0.00485691 0.554088 0.0659256 -0.00393917 0.997817 30.1837 
0.997725 0.016991 -0.0652413 -79.3654 -0.0166427 0.999844 0.00587657 0.543149 0.0653309 -0.00477736 0.997852 30.9523 
0.997746 0.0162818 -0.0651057 -79.4361 -0.0160025 0.99986 0.00480836 0.539295 0.0651749 -0.00375563 0.997867 31.7341 
0.997636 0.0158789 -0.0668675 -79.5013 -0.0155931 0.999867 0.0047937 0.527977 0.0669347 -0.00373965 0.99775 32.5096 
0.997551 0.013437 -0.0686419 -79.573 -0.0131053 0.9999 0.00528045 0.523082 0.068706 -0.0043679 0.997627 33.2823 
0.997317 0.015906 -0.0714549 -79.655 -0.0156064 0.999867 0.00474981 0.523357 0.0715209 -0.00362188 0.997433 34.0626 
0.997047 0.0190949 -0.0743857 -79.7337 -0.0188114 0.999813 0.0045098 0.509609 0.0744579 -0.00309714 0.997219 34.8599 
0.996885 0.0199613 -0.0762962 -79.8268 -0.0200601 0.999799 -0.000529245 0.501844 0.0762702 0.00205815 0.997085 35.6385 
0.996673 0.020518 -0.0788766 -79.9073 -0.020902 0.999773 -0.00404699 0.492557 0.0787756 0.00568225 0.996876 36.4381 
0.996541 0.0198792 -0.0806851 -79.9928 -0.0204125 0.999775 -0.00579042 0.484677 0.0805518 0.00741742 0.996723 37.2471 
0.996363 0.0204208 -0.082723 -80.0776 -0.0208492 0.999773 -0.00431842 0.47129 0.082616 0.00602747 0.996563 38.0706 
0.996194 0.0193155 -0.0849962 -80.1619 -0.0196908 0.9998 -0.00357942 0.459027 0.08491 0.00523948 0.996375 38.8996 
0.996073 0.0186174 -0.0865575 -80.2518 -0.0188409 0.999821 -0.00176663 0.444256 0.0865091 0.00339055 0.996245 39.7232 
0.995955 0.0177934 -0.0880753 -80.3375 -0.0176959 0.999842 0.0018875 0.429718 0.0880949 -0.000321256 0.996112 40.59 
0.995872 0.0175196 -0.0890615 -80.4282 -0.0169561 0.999831 0.00707855 0.414268 0.0891704 -0.00553915 0.996001 41.4337 
0.995924 0.0177274 -0.0884403 -80.5202 -0.0169855 0.999814 0.00913339 0.407737 0.0885857 -0.00759391 0.99604 42.2906 
0.99604 0.0208366 -0.0864303 -80.6161 -0.0201174 0.999755 0.00918406 0.400299 0.0866005 -0.0074089 0.996216 43.1483 
0.996193 0.020784 -0.0846613 -80.706 -0.020176 0.999764 0.00803047 0.392993 0.0848082 -0.00629173 0.996377 44.0072 
0.996368 0.0187891 -0.0830529 -80.7915 -0.0183581 0.999814 0.00594938 0.384165 0.0831492 -0.00440303 0.996527 44.8738 
0.996601 0.0151144 -0.080984 -80.8761 -0.0148087 0.999881 0.00437321 0.378029 0.0810404 -0.00315903 0.996706 45.7498 
0.996768 0.0135163 -0.0791931 -80.9585 -0.0132463 0.999905 0.00393312 0.372995 0.0792387 -0.00287135 0.996852 46.6203 
0.996885 0.0117525 -0.0779859 -81.0451 -0.0112989 0.999917 0.00625364 0.365679 0.0780528 -0.00535296 0.996935 47.4974 
0.996966 0.00920038 -0.0772984 -81.1218 -0.00853306 0.999924 0.00895841 0.354691 0.0773749 -0.00827159 0.996968 48.3683 
0.997008 0.0089243 -0.0767763 -81.2002 -0.00823244 0.999923 0.00932268 0.344555 0.0768535 -0.00866269 0.997005 49.2408 
0.997059 0.0101651 -0.0759634 -81.2748 -0.00974213 0.999935 0.00593665 0.332903 0.0760188 -0.0051791 0.997093 50.1216 
0.997055 0.0130802 -0.0755724 -81.3584 -0.0130979 0.999914 0.000260863 0.31728 0.0755693 0.000729793 0.99714 50.9861 
0.997132 0.0148147 -0.0742149 -81.4497 -0.0152504 0.99987 -0.00530843 0.303016 0.0741266 0.00642506 0.997228 51.839 
0.997108 0.01911 -0.0735521 -81.5346 -0.0199795 0.999739 -0.0111046 0.281385 0.0733206 0.0125421 0.99723 52.6848 
0.997177 0.0191196 -0.0726065 -81.6111 -0.0200379 0.999728 -0.0119416 0.259057 0.0723584 0.0133628 0.997289 53.5362 
0.997229 0.0160915 -0.0726296 -81.6838 -0.0165685 0.999845 -0.0059709 0.243526 0.0725222 0.00715776 0.997341 54.3945 
0.99719 0.0153595 -0.0733279 -81.7599 -0.0151655 0.99988 0.00320244 0.224097 0.0733682 -0.00208134 0.997303 55.252 
0.997118 0.014916 -0.0743894 -81.8394 -0.0141398 0.99984 0.0109485 0.20466 0.0745408 -0.00986501 0.997169 56.1207 
0.996987 0.0129001 -0.0764866 -81.9228 -0.0122625 0.999886 0.00880001 0.194356 0.0765914 -0.00783554 0.997032 56.9629 
0.996896 0.00829925 -0.0782907 -81.9984 -0.00790762 0.999955 0.0053105 0.186254 0.0783311 -0.00467488 0.996916 57.7979 
0.996735 0.0065929 -0.0804749 -82.0842 -0.00630752 0.999973 0.0037994 0.174578 0.0804977 -0.00327935 0.996749 58.6257 
0.99649 0.00862861 -0.0832716 -82.1713 -0.00855053 0.999963 0.00129367 0.160784 0.0832796 -0.000577073 0.996526 59.456 
0.996204 0.0101188 -0.0864559 -82.264 -0.0103248 0.999945 -0.00193577 0.145259 0.0864315 0.0028211 0.996254 60.2777 
0.995856 0.0107093 -0.0903113 -82.3551 -0.0112433 0.999922 -0.00540646 0.130298 0.0902463 0.00639949 0.995899 61.0927 
0.99554 0.0129843 -0.0934399 -82.4525 -0.0139116 0.99986 -0.00928028 0.110586 0.0933063 0.0105388 0.995582 61.9006 
0.995194 0.0172239 -0.0963959 -82.5597 -0.0182133 0.99979 -0.00939373 0.0889174 0.0962138 0.0111043 0.995299 62.7074 
0.9948 0.0207277 -0.0997176 -82.6663 -0.0216286 0.999734 -0.00796207 0.0755164 0.0995261 0.0100775 0.994984 63.5108 
0.994324 0.0238712 -0.103686 -82.7698 -0.024189 0.999706 -0.00180825 0.0538059 0.103612 0.00430609 0.994608 64.3126 
0.993879 0.024511 -0.107718 -82.8782 -0.0242633 0.999699 0.00360953 0.0382604 0.107774 -0.000973811 0.994175 65.1043 
0.993351 0.023595 -0.112683 -82.9839 -0.0229223 0.999711 0.0072616 0.0253137 0.112822 -0.00463031 0.993604 65.8956 
0.992647 0.0237281 -0.118697 -83.1013 -0.022912 0.999704 0.00823487 0.0181332 0.118857 -0.00545468 0.992896 66.6769 
0.992028 0.0217398 -0.124132 -83.2196 -0.0204303 0.999722 0.011813 0.0125709 0.124354 -0.00918276 0.992195 67.4507 
0.991192 0.0228578 -0.130442 -83.3417 -0.0215176 0.9997 0.011674 0.00349498 0.13067 -0.00876428 0.991387 68.2243 
0.990296 0.0272217 -0.136284 -83.4751 -0.0260201 0.999605 0.0105902 -0.00411514 0.136519 -0.00694121 0.990613 68.991 
0.989344 0.0292072 -0.14264 -83.6038 -0.0285193 0.99957 0.00686536 -0.0114879 0.142779 -0.00272417 0.989751 69.7584 
0.988507 0.0276877 -0.148618 -83.7378 -0.027394 0.999617 0.00402299 -0.0140897 0.148672 9.45215e-05 0.988887 70.5327 
0.987657 0.0289129 -0.153943 -83.8758 -0.0288514 0.99958 0.00263393 -0.0216643 0.153954 0.00184009 0.988076 71.2992 
0.986868 0.0304375 -0.158635 -84.0152 -0.0296008 0.999533 0.00763496 -0.026784 0.158793 -0.00283893 0.987308 72.0716 
0.98589 0.0311379 -0.164473 -84.1669 -0.0296356 0.999494 0.0115804 -0.0284604 0.16475 -0.00654273 0.986314 72.8183 
0.984884 0.0300237 -0.170592 -84.3169 -0.0280865 0.999511 0.013758 -0.037028 0.170922 -0.00875862 0.985246 73.5725 
0.983699 0.0278699 -0.177649 -84.4705 -0.0265115 0.999598 0.0100156 -0.0427892 0.177856 -0.0051426 0.984043 74.3167 
0.982235 0.0260655 -0.185838 -84.6284 -0.0259811 0.999658 0.00288992 -0.0468252 0.18585 0.00198973 0.982576 75.0565 
0.980593 0.0241692 -0.194561 -84.8001 -0.0244066 0.999701 0.00117709 -0.0568068 0.194532 0.00359439 0.98089 75.8002 
0.978381 0.0235648 -0.205464 -84.9716 -0.0232159 0.999722 0.0041085 -0.0663973 0.205504 0.000750415 0.978656 76.5387 
0.976009 0.023327 -0.216476 -85.1511 -0.0216404 0.999714 0.0101584 -0.0701081 0.216651 -0.00523003 0.976235 77.2733 
0.973352 0.0249438 -0.227954 -85.3526 -0.0214421 0.999611 0.0178251 -0.0740207 0.22831 -0.0124622 0.973509 78.0068 
0.970661 0.0255047 -0.239095 -85.5542 -0.0210475 0.999554 0.0211769 -0.0786196 0.239528 -0.0155232 0.970765 78.7375 
0.967758 0.0288698 -0.25022 -85.7702 -0.025541 0.999537 0.0165413 -0.0825851 0.250582 -0.00961709 0.968048 79.4519 
0.964602 0.0277557 -0.262245 -85.9852 -0.0267576 0.999615 0.00737684 -0.0841856 0.262349 -9.86087e-05 0.964973 80.1523 
0.961213 0.0255336 -0.274622 -86.2072 -0.0258433 0.999663 0.00249108 -0.0846883 0.274593 0.00470271 0.961549 80.8554 
0.957724 0.0238111 -0.286701 -86.4385 -0.0226333 0.999716 0.00742188 -0.0886752 0.286796 -0.000619094 0.957991 81.5718 
0.954178 0.0250177 -0.298191 -86.6807 -0.0215915 0.999658 0.0147791 -0.0932355 0.298458 -0.00766344 0.954392 82.2935 
0.950548 0.0253416 -0.309541 -86.9406 -0.0202491 0.999602 0.0196539 -0.0879789 0.309916 -0.012414 0.950683 83.0132 
0.946272 0.0225679 -0.322584 -87.1966 -0.0178353 0.999686 0.0176194 -0.0880272 0.32288 -0.0109193 0.946377 83.7201 
0.942394 0.0206537 -0.333867 -87.4631 -0.0172328 0.999764 0.0132052 -0.0912224 0.334061 -0.00669096 0.942528 84.4197 
0.939244 0.0160662 -0.342875 -87.7361 -0.0146893 0.99987 0.00661236 -0.103775 0.342936 -0.00117397 0.939358 85.1159 
0.936384 0.0118074 -0.350778 -88.0111 -0.0123937 0.999923 0.000573424 -0.108272 0.350757 0.00381054 0.936459 85.8141 
0.933669 0.0115855 -0.35795 -88.2998 -0.0130338 0.999914 -0.00163365 -0.11161 0.3579 0.00619078 0.933739 86.5092 
0.930603 0.0164085 -0.365663 -88.6017 -0.0182866 0.999831 -0.00167328 -0.125861 0.365574 0.00824394 0.930746 87.204 
0.92739 0.0164843 -0.373734 -88.8979 -0.0174363 0.999848 0.000833456 -0.140428 0.373691 0.00574364 0.927536 87.9065 
0.924041 0.0169993 -0.381915 -89.2028 -0.015378 0.999855 0.00729715 -0.145134 0.381984 -0.000869726 0.924169 88.614 
0.921308 0.0188769 -0.388374 -89.5209 -0.0139688 0.999783 0.0154571 -0.1479 0.388582 -0.00881557 0.921372 89.3243 
0.918624 0.028705 -0.394088 -89.8501 -0.0216855 0.999517 0.0222546 -0.156531 0.394537 -0.0118975 0.918803 90.0201 
0.915965 0.0351454 -0.399716 -90.1827 -0.0300518 0.999368 0.0190054 -0.157488 0.400131 -0.00539607 0.916442 90.7012 
0.91352 0.0315042 -0.405572 -90.5034 -0.0293992 0.999503 0.0114203 -0.155142 0.40573 0.00149086 0.913992 91.3869 
0.911557 0.024004 -0.410473 -90.8246 -0.0245536 0.999691 0.00393355 -0.155927 0.410441 0.00649298 0.911864 92.077 
0.909862 0.0248232 -0.414167 -91.1625 -0.025791 0.999662 0.00325605 -0.159519 0.414108 0.00771927 0.910195 92.769 
0.907587 0.0303973 -0.418762 -91.5083 -0.0296613 0.999526 0.00826868 -0.165427 0.418815 0.00491653 0.908058 93.4587 
0.905007 0.0326058 -0.424145 -91.8535 -0.0300814 0.999467 0.012648 -0.173802 0.424331 0.00131239 0.905506 94.1562 
0.902696 0.0288872 -0.429309 -92.195 -0.0269751 0.999581 0.0105396 -0.179679 0.429433 0.00206661 0.903096 94.8499 
0.900245 0.0268564 -0.434555 -92.5454 -0.0278821 0.999603 0.0040157 -0.185593 0.43449 0.00850122 0.900637 95.5384 
0.89802 0.0239392 -0.439303 -92.8996 -0.0279179 0.999607 -0.00259742 -0.191301 0.439068 0.014597 0.898335 96.2242 
0.895641 0.0245929 -0.444098 -93.2618 -0.0294491 0.999558 -0.00403924 -0.200233 0.443803 0.016696 0.895969 96.9125 
0.893474 0.0275099 -0.448271 -93.6256 -0.0306287 0.999531 0.000292354 -0.215836 0.448069 0.0134688 0.893897 97.6035 
0.89121 0.0290949 -0.452657 -93.9939 -0.0313812 0.999505 0.00245925 -0.228308 0.452504 0.0120133 0.891681 98.2931 
0.888826 0.0303905 -0.457236 -94.3683 -0.0325769 0.999464 0.00310341 -0.236914 0.457085 0.012137 0.88934 98.9766 
0.886475 0.0280957 -0.461922 -94.7292 -0.030544 0.999531 0.00217779 -0.248453 0.461767 0.0121785 0.886918 99.6493 
0.884405 0.0264747 -0.46597 -95.1006 -0.0289645 0.999579 0.0018183 -0.262066 0.465822 0.0118885 0.884799 100.32 
0.882115 0.0260413 -0.470313 -95.4698 -0.0283781 0.999595 0.00212179 -0.268272 0.470178 0.011475 0.882497 100.984 
0.879657 0.027321 -0.474824 -95.8467 -0.0295798 0.999559 0.00271444 -0.281554 0.474688 0.0116574 0.880077 101.643 
0.877266 0.0276363 -0.479209 -96.2246 -0.0299369 0.999548 0.0028404 -0.296627 0.47907 0.0118543 0.877696 102.305 
0.874601 0.0246766 -0.484215 -96.5952 -0.0288795 0.999582 -0.00122216 -0.309576 0.483982 0.0150528 0.874948 102.958 
0.872339 0.0216552 -0.488423 -96.9706 -0.027847 0.999598 -0.00541656 -0.326971 0.488109 0.0183262 0.87259 103.604 
0.870161 0.0201343 -0.492355 -97.3444 -0.0276351 0.999586 -0.00796394 -0.340086 0.491991 0.0205363 0.870358 104.237 
0.868107 0.0216265 -0.495906 -97.722 -0.0275274 0.999611 -0.00459491 -0.349125 0.495613 0.0176399 0.868364 104.873 
0.866161 0.0256265 -0.499107 -98.1019 -0.0270845 0.999624 0.00432228 -0.36075 0.49903 0.00977433 0.86653 105.504 
0.864385 0.0275821 -0.502073 -98.4725 -0.0239292 0.99962 0.0137183 -0.373074 0.502261 0.000156331 0.864716 106.141 
0.863254 0.0275362 -0.504018 -98.8471 -0.0211449 0.999607 0.0183959 -0.379721 0.504327 -0.00522286 0.863497 106.737 
0.861395 0.0243542 -0.507351 -99.206 -0.0176516 0.999682 0.0180179 -0.383239 0.507629 -0.00656496 0.861551 107.339 
0.859793 0.0225114 -0.510146 -99.5673 -0.0178334 0.999742 0.0140598 -0.380648 0.510331 -0.00299083 0.859973 107.917 
0.858025 0.0205962 -0.513194 -99.9152 -0.0171654 0.999787 0.0114253 -0.384341 0.513321 -0.000993944 0.858196 108.476 
0.856465 0.0187698 -0.515864 -100.257 -0.0158783 0.999824 0.0100167 -0.385902 0.515961 -0.000387873 0.856612 109.026 
0.855313 0.0171516 -0.517827 -100.598 -0.01433 0.999853 0.00944788 -0.388387 0.517913 -0.000660386 0.855433 109.562 
0.853779 0.0176029 -0.520339 -100.924 -0.0143404 0.999844 0.0102945 -0.392275 0.520439 -0.00132728 0.853898 110.081 
0.852468 0.0171299 -0.522499 -101.238 -0.0130299 0.999849 0.0115211 -0.397387 0.522617 -0.00301319 0.852562 110.577 
0.850862 0.0157642 -0.525154 -101.54 -0.0112232 0.999867 0.0118303 -0.398111 0.52527 -0.00417201 0.850925 111.059 
0.84979 0.0141961 -0.526931 -101.839 -0.00902223 0.999883 0.0123876 -0.411466 0.527045 -0.00577274 0.849818 111.509 
0.848522 0.0129945 -0.529001 -102.118 -0.00829109 0.999902 0.0112627 -0.41469 0.529095 -0.00517063 0.848547 111.945 
0.846948 0.0125411 -0.531528 -102.387 -0.0100832 0.999921 0.00752577 -0.41902 0.53158 -0.00101438 0.847007 112.359 
0.845744 0.00991162 -0.533497 -102.661 -0.00961154 0.999948 0.00334055 -0.42195 0.533502 0.00230252 0.845796 112.752 
0.843595 0.00592251 -0.536948 -102.919 -0.00659344 0.999978 0.000670758 -0.419959 0.53694 0.00297454 0.843615 113.134 
0.840938 0.00143058 -0.541129 -103.161 -0.00145146 0.999999 0.000388019 -0.413219 0.541129 0.000459176 0.840939 113.501 
0.837388 0.00245773 -0.546604 -103.398 -0.00167023 0.999997 0.00193754 -0.419671 0.546607 -0.000709466 0.837389 113.854 
0.833495 0.00622972 -0.552492 -103.632 -0.00493911 0.999981 0.00382421 -0.427818 0.552505 -0.00045859 0.833509 114.183 
0.829663 0.0120188 -0.558135 -103.852 -0.00899224 0.999926 0.00816538 -0.431687 0.558192 -0.00175558 0.82971 114.494 
0.825437 0.0171069 -0.564235 -104.069 -0.0105925 0.999834 0.0148177 -0.432524 0.564395 -0.0062544 0.825481 114.796 
0.820313 0.0190482 -0.571598 -104.262 -0.00983863 0.999767 0.0191971 -0.441033 0.571831 -0.0101238 0.820309 115.075 
0.814782 0.0162299 -0.57954 -104.453 -0.0054603 0.999779 0.0203218 -0.443121 0.579741 -0.0133934 0.81469 115.337 
0.807569 0.0136261 -0.589616 -104.628 -0.00161738 0.999781 0.0208898 -0.439588 0.589771 -0.0159162 0.807414 115.577 
0.798657 0.0123855 -0.60166 -104.807 0.000987458 0.99976 0.0218914 -0.439039 0.601786 -0.0180777 0.798453 115.805 
0.788274 0.0130058 -0.615187 -104.985 0.00136867 0.999737 0.0228894 -0.44189 0.615323 -0.0188851 0.788049 116.011 
0.775886 0.0143589 -0.630709 -105.157 -0.000206918 0.999747 0.0225059 -0.446456 0.630873 -0.0173315 0.775693 116.2 
0.762111 0.012824 -0.64732 -105.338 -0.000182796 0.999808 0.0195919 -0.444921 0.647447 -0.0148128 0.761967 116.369 
0.747026 0.010309 -0.664715 -105.502 -0.00104709 0.999897 0.0143306 -0.445489 0.664794 -0.0100093 0.74696 116.529 
0.73184 0.00684936 -0.681442 -105.665 -0.000739878 0.999957 0.0092562 -0.451639 0.681476 -0.00626982 0.731813 116.68 
0.716274 0.00679601 -0.697786 -105.833 -0.00483783 0.999977 0.00477312 -0.446842 0.697802 -4.304e-05 0.71629 116.821 
0.70008 0.00968867 -0.713999 -106.005 -0.0119655 0.999927 0.00183634 -0.438742 0.713964 0.0072578 0.700145 116.954 
0.682407 0.0113327 -0.730884 -106.177 -0.0146239 0.999891 0.00184985 -0.436399 0.730826 0.00942609 0.682499 117.089 
0.663301 0.0098328 -0.748289 -106.35 -0.0118779 0.999926 0.00261053 -0.427654 0.748259 0.00715658 0.663368 117.227 
0.642784 0.00905536 -0.765994 -106.524 -0.00908289 0.99995 0.00419919 -0.426014 0.765994 0.00425832 0.642834 117.358 
0.620616 0.0106109 -0.784043 -106.715 -0.00894523 0.999939 0.006452 -0.424118 0.784064 0.00300929 0.620673 117.474 
0.59651 0.0142882 -0.802479 -106.911 -0.0128397 0.999884 0.00825878 -0.406636 0.802503 0.00537715 0.596624 117.583 
0.571692 0.0184979 -0.82026 -107.107 -0.0152486 0.999813 0.0119193 -0.406649 0.820326 0.00569369 0.571867 117.686 
0.546241 0.0218326 -0.837344 -107.308 -0.0170487 0.999743 0.0149452 -0.409006 0.837455 0.00611197 0.546473 117.779 
0.52015 0.0242305 -0.853731 -107.513 -0.020316 0.999666 0.0159946 -0.398502 0.853833 0.00902488 0.520468 117.867 
0.493109 0.0282771 -0.869508 -107.718 -0.0245383 0.999526 0.0185894 -0.394264 0.869622 0.0121697 0.493569 117.948 
0.465743 0.0309577 -0.884378 -107.933 -0.0266944 0.999425 0.0209268 -0.391733 0.884517 0.0138615 0.466302 118.013 
0.436435 0.0308868 -0.899205 -108.123 -0.025684 0.999431 0.0218635 -0.399054 0.899369 0.0135533 0.43698 118.072 
0.404752 0.0272293 -0.914021 -108.348 -0.0258535 0.999498 0.0183271 -0.391612 0.914061 0.0162127 0.405252 118.13 
0.370166 0.0224052 -0.928695 -108.591 -0.0257502 0.999572 0.0138515 -0.379929 0.928609 0.0187868 0.370585 118.192 
0.330726 0.0201182 -0.943513 -108.852 -0.0255663 0.999597 0.0123524 -0.374896 0.943381 0.0200369 0.331107 118.251 
0.289011 0.0190457 -0.957136 -109.138 -0.0250962 0.999609 0.012313 -0.367778 0.956997 0.020462 0.289376 118.303 
0.245245 0.0171731 -0.969309 -109.435 -0.0246656 0.99963 0.0114697 -0.361032 0.969147 0.0210957 0.245578 118.34 
0.198327 0.0146745 -0.980026 -109.751 -0.0237321 0.999667 0.0101659 -0.353734 0.979849 0.021242 0.19861 118.362 
0.149596 0.0122806 -0.988671 -110.079 -0.0229405 0.999697 0.00894644 -0.342163 0.988481 0.0213423 0.149833 118.366 
0.0999082 0.0117978 -0.994927 -110.418 -0.022907 0.999692 0.00955406 -0.335267 0.994733 0.0218363 0.100148 118.349 
0.0482195 0.0134658 -0.998746 -110.772 -0.02165 0.999688 0.0124332 -0.33434 0.998602 0.0210234 0.048496 118.319 
-0.00486695 0.0161315 -0.999858 -111.139 -0.0183596 0.9997 0.0162183 -0.331991 0.99982 0.0184359 -0.00456932 118.277 
-0.0582558 0.0180315 -0.998139 -111.519 -0.0146647 0.999714 0.0189159 -0.327135 0.998194 0.0157394 -0.0579747 118.211 
-0.111871 0.0196749 -0.993528 -111.903 -0.0106964 0.999722 0.021002 -0.319309 0.993665 0.0129767 -0.11163 118.13 
-0.164604 0.0209442 -0.986137 -112.308 -0.00800257 0.999713 0.0225683 -0.304915 0.986327 0.0116065 -0.164389 118.016 
-0.215917 0.0229408 -0.976142 -112.725 -0.00566265 0.999678 0.0247465 -0.302543 0.976395 0.0108708 -0.215718 117.88 
-0.265515 0.0241629 -0.963804 -113.15 -0.00234574 0.999667 0.0257082 -0.289744 0.964104 0.00908678 -0.26537 117.725 
-0.313783 0.0256605 -0.949148 -113.577 0.00238697 0.999653 0.0262368 -0.277591 0.949492 0.0059671 -0.313735 117.546 
-0.360143 0.0270259 -0.932505 -114.004 0.00713441 0.999631 0.0262159 -0.267204 0.93287 0.00278866 -0.360203 117.34 
-0.404177 0.0295621 -0.914203 -114.442 0.0123249 0.999563 0.0268734 -0.26597 0.914598 -0.000405797 -0.404365 117.105 
