1 2.12261e-08 -2.11895e-08 -2.81719e-15 2.12261e-08 1 2.10703e-08 -2.22045e-16 -2.11895e-08 2.10703e-08 1 -1.79856e-14 
0.999996 0.00279978 0.000302767 -0.0233657 -0.00280022 0.999995 0.00157821 -0.0210873 -0.000298389 -0.00157901 0.999999 0.751313 
0.999985 0.0054001 0.000334878 -0.0429978 -0.00540077 0.999983 0.00214958 -0.0391811 -0.000323307 -0.00215132 0.999998 1.50675 
0.999976 0.0068124 0.000928649 -0.0628705 -0.00681435 0.999974 0.00216491 -0.0645636 -0.000913919 -0.00217114 0.999997 2.23353 
0.999964 0.00848929 0.000734137 -0.0658885 -0.0084904 0.999963 0.00158154 -0.0702297 -0.000720726 -0.00158768 0.999999 2.9847 
0.999961 0.00877766 0.00103803 -0.0784035 -0.00877905 0.999961 0.00137966 -0.0836936 -0.00102592 -0.00138868 0.999999 3.70816 
0.999959 0.00891996 0.00125814 -0.0927337 -0.00892302 0.999957 0.00248852 -0.100501 -0.00123593 -0.00249961 0.999996 4.40261 
0.999956 0.00923692 0.00186343 -0.111718 -0.0092463 0.999944 0.00510908 -0.106702 -0.00181617 -0.00512604 0.999985 5.08905 
0.999954 0.00920422 0.00269396 -0.112216 -0.00922813 0.999917 0.0090182 -0.11519 -0.00261077 -0.0090426 0.999956 5.75602 
0.999958 0.00829041 0.00390559 -0.116493 -0.00833813 0.999889 0.0123755 -0.122658 -0.0038026 -0.0124075 0.999916 6.40721 
0.999964 0.00708169 0.0046654 -0.118555 -0.00714961 0.999866 0.0147152 -0.132368 -0.00456061 -0.014748 0.999881 7.02435 
0.999955 0.00754675 0.00571028 -0.123985 -0.00763022 0.999862 0.0147485 -0.142302 -0.00559823 -0.0147914 0.999875 7.61365 
0.999944 0.00813708 0.00671403 -0.131787 -0.0082186 0.999892 0.0122106 -0.151456 -0.00661398 -0.012265 0.999903 8.16574 
0.999941 0.00825194 0.00713696 -0.126301 -0.0083189 0.999921 0.00941062 -0.156852 -0.00705879 -0.00946939 0.99993 8.70461 
0.999941 0.00640303 0.00879096 -0.12837 -0.00647435 0.999946 0.00811399 -0.162253 -0.00873858 -0.00817039 0.999928 9.2158 
0.999945 0.00220522 0.0102417 -0.120006 -0.00226518 0.99998 0.00585034 -0.171293 -0.0102286 -0.00587318 0.99993 9.69217 
0.999928 0.000966706 0.0119611 -0.112107 -0.00102229 0.999989 0.0046453 -0.174729 -0.0119566 -0.00465715 0.999918 10.1498 
0.999888 0.00509981 0.0140467 -0.115772 -0.00513512 0.999984 0.00248174 -0.182791 -0.0140339 -0.00255355 0.999898 10.5662 
0.999808 0.00957781 0.017116 -0.123676 -0.00960663 0.999953 0.00160498 -0.191652 -0.0170998 -0.00176906 0.999852 10.9532 
0.999738 0.0101342 0.0205238 -0.121345 -0.0101879 0.999945 0.00251744 -0.196059 -0.0204972 -0.00272583 0.999786 11.3093 
0.999699 0.0058577 0.0238184 -0.116915 -0.00593055 0.999978 0.00299089 -0.199184 -0.0238004 -0.00313121 0.999712 11.6252 
0.999649 0.00100852 0.0264682 -0.108628 -0.00108378 0.999995 0.00283069 -0.201846 -0.0264653 -0.00285834 0.999646 11.9073 
0.999585 -0.00253506 0.028703 -0.0941162 0.002417 0.999989 0.00414827 -0.20614 -0.0287132 -0.00407713 0.999579 12.1769 
0.999511 -0.00288752 0.03115 -0.0866651 0.00272428 0.999982 0.00528326 -0.212638 -0.0311647 -0.00519578 0.999501 12.4111 
0.999439 -0.00197435 0.0334287 -0.0877575 0.00182928 0.999989 0.00437077 -0.217491 -0.033437 -0.00430713 0.999432 12.6136 
0.999369 -0.00117496 0.035504 -0.0828417 0.00107011 0.999995 0.00297332 -0.222391 -0.0355074 -0.00293341 0.999365 12.8023 
0.999278 0.0010215 0.0379839 -0.0788435 -0.0011058 0.999997 0.00219949 -0.22841 -0.0379815 -0.00223987 0.999276 12.9759 
0.999215 0.00374056 0.0394507 -0.0739559 -0.00380959 0.999991 0.00167582 -0.235753 -0.0394441 -0.00182475 0.99922 13.1467 
0.999164 0.00489731 0.0405849 -0.0665097 -0.00492092 0.999988 0.000482875 -0.242601 -0.0405821 -0.000682145 0.999176 13.3017 
0.999086 0.00407611 0.0425485 -0.0601862 -0.00403154 0.999991 -0.0011323 -0.249256 -0.0425528 0.000959771 0.999094 13.4497 
0.999027 0.00230772 0.0440325 -0.0542236 -0.0021941 0.999994 -0.00262762 -0.251224 -0.0440384 0.00252849 0.999027 13.5943 
0.998986 0.00157403 0.0450047 -0.0458869 -0.00141346 0.999993 -0.00359854 -0.253652 -0.0450101 0.00353131 0.99898 13.7323 
0.998913 0.00225106 0.0465499 -0.0417374 -0.00201168 0.999985 -0.00518758 -0.253836 -0.0465609 0.00508834 0.998903 13.8657 
0.998864 0.00296993 0.0475705 -0.0332151 -0.00264094 0.999972 -0.0069762 -0.260778 -0.04759 0.00684268 0.998844 13.9898 
0.998824 0.00321831 0.048373 -0.028357 -0.0027731 0.999953 -0.00926701 -0.262499 -0.0484006 0.00912201 0.998786 14.1167 
0.998794 0.0025962 0.0490202 -0.0200021 -0.00203003 0.999931 -0.011595 -0.262885 -0.0490469 0.0114816 0.998731 14.2403 
0.998817 0.0016263 0.0486038 -0.0131486 -0.000974045 0.999909 -0.0134396 -0.266168 -0.0486213 0.0133764 0.998728 14.3685 
0.998931 0.0010272 0.0462069 -0.00452969 -0.000350519 0.999893 -0.0146494 -0.269048 -0.046217 0.0146176 0.998825 14.4989 
0.999061 0.000877753 0.0433252 -0.00525084 -0.000209272 0.999881 -0.0154305 -0.27587 -0.0433337 0.015407 0.998942 14.6285 
0.999221 0.00116552 0.0394546 -0.0118449 -0.000522258 0.999867 -0.0163091 -0.283187 -0.0394684 0.0162759 0.999088 14.7493 
0.999449 0.00117706 0.0331774 -0.00696113 -0.000600038 0.999849 -0.0173952 -0.285636 -0.0331929 0.0173658 0.999298 14.8768 
0.999636 0.000846104 0.026961 -0.0247964 -0.000362883 0.999839 -0.0179212 -0.292076 -0.0269719 0.0179049 0.999476 14.9923 
0.999801 0.000819658 0.0199255 -0.0327233 -0.000445038 0.999823 -0.0187961 -0.293769 -0.0199374 0.0187835 0.999625 15.1222 
0.999932 0.000615687 0.0116666 -0.0406153 -0.000384287 0.999803 -0.0198225 -0.297722 -0.0116766 0.0198167 0.999735 15.2528 
0.999999 -0.000601364 0.00157455 -0.0515602 0.000634213 0.999781 -0.020918 -0.302034 -0.00156166 0.020919 0.99978 15.3903 
0.999935 -0.00218823 -0.0112219 -0.0679762 0.00193494 0.999744 -0.0225364 -0.306063 0.0112683 0.0225133 0.999683 15.5317 
0.999612 -0.00301407 -0.0276916 -0.0882851 0.00233874 0.9997 -0.0243892 -0.311441 0.0277567 0.024315 0.999319 15.6958 
0.998901 -0.00252025 -0.0468002 -0.119249 0.00133193 0.999676 -0.0254061 -0.31561 0.0468491 0.0253159 0.998581 15.8733 
0.997654 -0.00164493 -0.0684337 -0.160082 -7.73481e-05 0.999684 -0.0251575 -0.319669 0.0684534 0.0251038 0.997338 16.0668 
0.995743 -0.0010198 -0.0921688 -0.206225 -0.00116506 0.99972 -0.0236485 -0.325741 0.0921671 0.0236552 0.995463 16.2796 
0.992883 -4.95397e-05 -0.119092 -0.258949 -0.00262628 0.999748 -0.0223118 -0.330981 0.119063 0.0224658 0.992633 16.5162 
0.988781 0.000843048 -0.149373 -0.332204 -0.00393836 0.999784 -0.0204277 -0.334424 0.149323 0.0207868 0.98857 16.7669 
0.983243 0.000836736 -0.182297 -0.417757 -0.00404859 0.999843 -0.0172476 -0.33647 0.182254 0.0176967 0.983092 17.0265 
0.975635 0.0016991 -0.219392 -0.510734 -0.00475013 0.999899 -0.0133802 -0.3386 0.219347 0.0140964 0.975545 17.299 
0.965751 0.00307909 -0.259454 -0.6247 -0.00538841 0.999952 -0.00819009 -0.341066 0.259416 0.00930768 0.965721 17.5967 
0.953487 0.00721159 -0.301349 -0.749827 -0.00855186 0.999959 -0.00312868 -0.351329 0.301313 0.00556029 0.953509 17.877 
0.938996 0.0105055 -0.343766 -0.905687 -0.0108426 0.999941 0.000941472 -0.352027 0.343756 0.00284335 0.939055 18.1784 
0.921699 0.0129988 -0.387687 -1.06648 -0.0113043 0.999914 0.00665082 -0.357375 0.387741 -0.00174746 0.921767 18.4773 
0.901811 0.0159013 -0.431838 -1.24667 -0.0109961 0.999844 0.0138534 -0.355915 0.431991 -0.00774455 0.901845 18.7857 
0.879206 0.0197164 -0.476033 -1.4337 -0.0115186 0.999731 0.0201328 -0.350113 0.476302 -0.0122176 0.879197 19.0755 
0.853465 0.0247146 -0.520563 -1.65919 -0.0138901 0.999599 0.0246846 -0.352591 0.520964 -0.0138367 0.853466 19.3776 
0.82475 0.0270372 -0.564851 -1.91078 -0.0139592 0.999525 0.0274611 -0.345547 0.565325 -0.0147637 0.824736 19.6756 
0.793038 0.0309226 -0.608386 -2.15669 -0.0165537 0.999436 0.0292206 -0.347962 0.608947 -0.013102 0.793103 19.9502 
0.75808 0.033281 -0.651311 -2.44628 -0.0166612 0.999359 0.0316732 -0.338855 0.651948 -0.0131591 0.758149 20.2401 
0.720018 0.036688 -0.692985 -2.77222 -0.0171865 0.999238 0.0350446 -0.323239 0.693743 -0.0133227 0.7201 20.5269 
0.679746 0.0377155 -0.732477 -3.11947 -0.0146764 0.999177 0.037828 -0.310181 0.7333 -0.0149633 0.67974 20.811 
0.638133 0.0372035 -0.769027 -3.49495 -0.0112413 0.999176 0.0390096 -0.299624 0.769844 -0.0162484 0.638025 21.0759 
0.594554 0.0362008 -0.80324 -3.89896 -0.00613949 0.999161 0.0404863 -0.284194 0.804032 -0.0191397 0.594278 21.3366 
0.549205 0.0363703 -0.834896 -4.31792 -0.00128914 0.999088 0.042675 -0.271128 0.835687 -0.022361 0.548751 21.5723 
0.502122 0.037612 -0.863979 -4.76733 0.000171895 0.999049 0.043592 -0.250636 0.864797 -0.0220369 0.501638 21.7838 
0.452186 0.0372432 -0.891146 -5.24354 0.00184571 0.999087 0.0426908 -0.234661 0.891922 -0.0209489 0.451704 21.9763 
0.399729 0.0362417 -0.915917 -5.73657 0.00663385 0.999078 0.0424274 -0.215709 0.916609 -0.0230355 0.39912 22.1458 
0.345751 0.0354919 -0.937655 -6.25597 0.0118286 0.99904 0.0421771 -0.198085 0.938252 -0.0256739 0.344999 22.2978 
0.291117 0.0346342 -0.95606 -6.80417 0.0141248 0.99908 0.0404936 -0.176301 0.956583 -0.0252925 0.29036 22.4289 
0.237487 0.0399195 -0.97057 -7.38035 0.0150326 0.998885 0.0447623 -0.145825 0.971274 -0.0252206 0.236622 22.5285 
0.185948 0.044549 -0.981549 -7.98238 0.0168753 0.99868 0.0485234 -0.117208 0.982415 -0.0255867 0.18495 22.5987 
0.137426 0.0462101 -0.989434 -8.60073 0.0224483 0.998509 0.0497519 -0.0974948 0.990258 -0.0290482 0.136184 22.6532 
0.0929419 0.0474892 -0.994538 -9.22851 0.024485 0.998451 0.0499642 -0.0791347 0.99537 -0.028995 0.0916352 22.6788 
0.0528841 0.0453268 -0.997571 -9.87457 0.0236542 0.998632 0.046629 -0.0520886 0.998321 -0.0260627 0.0517396 22.672 
0.0173276 0.0407706 -0.999018 -10.5372 0.0207605 0.998938 0.0411274 -0.0205351 0.999634 -0.0214527 0.0164628 22.6447 
-0.0111029 0.0403872 -0.999122 -11.2019 0.0174514 0.99904 0.0401899 0.00508048 0.999786 -0.0169898 -0.011797 22.61 
-0.0324202 0.044546 -0.998481 -11.9081 0.0166882 0.998891 0.0440224 0.0296387 0.999335 -0.0152356 -0.0331277 22.569 
-0.045436 0.0503193 -0.997699 -12.6343 0.018182 0.998607 0.049537 0.0592814 0.998802 -0.0158894 -0.0462876 22.5171 
-0.0533655 0.0532279 -0.997155 -13.3991 0.0179623 0.998468 0.0523366 0.0851334 0.998414 -0.0151182 -0.0542398 22.4544 
-0.0575307 0.0503586 -0.997073 -14.1711 0.0194422 0.998594 0.0493136 0.110271 0.998154 -0.0165482 -0.0584289 22.4041 
-0.0578443 0.0464834 -0.997243 -15.0441 0.0273217 0.998615 0.0449626 0.146046 0.997952 -0.0246455 -0.0590342 22.4015 
-0.0539404 0.0452604 -0.997518 -15.8445 0.0393377 0.998293 0.0431684 0.180662 0.997769 -0.0369115 -0.0556288 22.3653 
-0.0486203 0.0453002 -0.99779 -16.702 0.0403548 0.998244 0.0433544 0.210318 0.998002 -0.0381577 -0.050363 22.3222 
-0.0435593 0.0437973 -0.99809 -17.5739 0.0386445 0.998365 0.0421227 0.231539 0.998303 -0.0367358 -0.0451806 22.2766 
-0.0403743 0.037182 -0.998493 -18.4525 0.0422229 0.998478 0.0354742 0.270606 0.998292 -0.040727 -0.0418828 22.2403 
-0.0383159 0.0266014 -0.998912 -19.3156 0.0399328 0.998888 0.025069 0.287052 0.998467 -0.0389288 -0.0393356 22.1951 
-0.0378942 0.0180134 -0.999119 -20.2135 0.0324177 0.999333 0.0167877 0.301897 0.998756 -0.0317529 -0.0384529 22.1343 
-0.0390172 0.0150667 -0.999125 -21.146 0.0270234 0.999537 0.0140176 0.318485 0.998873 -0.0264528 -0.0394063 22.0687 
-0.0425906 0.0208029 -0.998876 -22.0952 0.0177974 0.99964 0.02006 0.328281 0.998934 -0.016923 -0.0429456 21.992 
-0.0473458 0.0287765 -0.998464 -23.0906 0.0129451 0.999519 0.0281931 0.345227 0.998795 -0.0115904 -0.0476955 21.9112 
-0.05227 0.0382973 -0.997898 -24.1147 0.0114705 0.999222 0.0377473 0.372224 0.998567 -0.00947332 -0.0526686 21.8398 
-0.0541968 0.0482461 -0.997364 -25.1518 0.0101551 0.998807 0.0477641 0.408546 0.998479 -0.00753964 -0.0546221 21.7731 
-0.0555507 0.0561807 -0.996874 -26.1741 0.0124923 0.998377 0.0555692 0.444445 0.998378 -0.00936628 -0.0561623 21.7025 
-0.0570558 0.0568212 -0.996753 -27.191 0.0136591 0.99833 0.0561292 0.489523 0.998278 -0.0104122 -0.0577367 21.6229 
-0.0585233 0.0540062 -0.996824 -28.2163 0.0124031 0.998498 0.0533687 0.53457 0.998209 -0.00924034 -0.0591053 21.5363 
-0.0613884 0.0491365 -0.996904 -29.2318 0.0120105 0.998752 0.048488 0.570135 0.998042 -0.00899671 -0.0619019 21.4506 
-0.0658166 0.0439423 -0.996864 -30.2513 0.0120606 0.998992 0.0432398 0.603547 0.997759 -0.00917686 -0.0662802 21.3604 
-0.0712437 0.0394945 -0.996677 -31.2769 0.012291 0.999175 0.0387149 0.632511 0.997383 -0.00949195 -0.0716704 21.2663 
-0.0783426 0.0375468 -0.996219 -32.3212 0.0113013 0.99926 0.0367727 0.660067 0.996862 -0.00837762 -0.0787089 21.163 
-0.085094 0.0397868 -0.995578 -33.3769 0.0118408 0.999172 0.0389184 0.694825 0.996303 -0.00847672 -0.0854946 21.0488 
-0.0915562 0.0447397 -0.994794 -34.4488 0.0107115 0.998977 0.043942 0.724684 0.995742 -0.00663257 -0.0919417 20.9254 
-0.0975012 0.0472789 -0.994112 -35.533 0.00785137 0.998876 0.0467355 0.760548 0.995204 -0.00324834 -0.0977629 20.7941 
-0.101877 0.0492767 -0.993576 -36.6286 0.00479579 0.998785 0.0490433 0.804994 0.994786 0.000231431 -0.101989 20.6436 
-0.103943 0.0501486 -0.993318 -37.7096 0.000443229 0.99873 0.0503755 0.848667 0.994583 0.00479596 -0.103833 20.4897 
-0.106062 0.0511307 -0.993044 -38.7849 -0.00375043 0.998649 0.0518199 0.890857 0.994352 0.00922051 -0.105727 20.3541 
-0.107529 0.0508156 -0.992902 -39.8805 -0.004924 0.998654 0.0516432 0.928992 0.99419 0.0104423 -0.107134 20.2078 
-0.108948 0.0496629 -0.992806 -40.9783 -0.00518247 0.998709 0.0505269 0.978239 0.994034 0.01065 -0.10855 20.058 
-0.109579 0.0489532 -0.992772 -42.096 -0.00676744 0.998727 0.0499938 1.02091 0.993955 0.0121968 -0.109108 19.9008 
-0.109352 0.0479807 -0.992844 -43.2184 -0.00927532 0.998742 0.0492873 1.06667 0.99396 0.0145986 -0.108769 19.7232 
-0.109914 0.0451179 -0.992917 -44.3193 -0.0141513 0.998797 0.0469517 1.10835 0.99384 0.0192118 -0.109144 19.5702 
-0.109918 0.0401797 -0.993128 -45.4059 -0.0192201 0.99891 0.0425408 1.14002 0.993755 0.023764 -0.109026 19.4141 
-0.109541 0.0393123 -0.993205 -46.5016 -0.0208226 0.998908 0.0418345 1.17735 0.993764 0.0252637 -0.108602 19.2776 
-0.108113 0.0435707 -0.993183 -47.6168 -0.0215579 0.998701 0.0461594 1.21197 0.993905 0.0264014 -0.107033 19.1325 
-0.106069 0.0462941 -0.993281 -48.7361 -0.0215267 0.998575 0.0488396 1.25194 0.994126 0.0265625 -0.104921 18.9842 
-0.104218 0.0459647 -0.993492 -49.8742 -0.0197448 0.998639 0.0482741 1.29921 0.994358 0.0246474 -0.103169 18.8385 
-0.101858 0.0452407 -0.99377 -50.9785 -0.0197288 0.998677 0.0474863 1.335 0.994603 0.0244428 -0.100831 18.7066 
-0.0978768 0.0456625 -0.99415 -52.1194 -0.024717 0.998527 0.048297 1.37773 0.994892 0.0292996 -0.096604 18.5631 
-0.0923553 0.0464761 -0.994641 -53.2526 -0.0293881 0.998348 0.0493781 1.41635 0.995292 0.033791 -0.0908369 18.4344 
-0.0869765 0.046223 -0.995137 -54.3808 -0.0328246 0.998248 0.0492364 1.45321 0.995669 0.0369474 -0.0853068 18.3138 
-0.0815106 0.0454895 -0.995634 -55.5048 -0.0343805 0.998235 0.0484231 1.48933 0.996079 0.0381774 -0.0798027 18.2029 
-0.0756693 0.0446692 -0.996132 -56.6343 -0.0337302 0.99831 0.0473291 1.52846 0.996562 0.0371812 -0.0740347 18.0964 
-0.070611 0.0446991 -0.996502 -57.7838 -0.0323573 0.998367 0.0470756 1.56405 0.996979 0.0355682 -0.0690494 17.9971 
-0.0657122 0.0455096 -0.9968 -58.9241 -0.0310668 0.998382 0.0476298 1.60141 0.997355 0.0340973 -0.064192 17.9097 
-0.0600584 0.0470188 -0.997087 -60.0718 -0.0296498 0.998365 0.048865 1.64278 0.997754 0.0324982 -0.0585661 17.8182 
-0.0545265 0.0482629 -0.997345 -61.2186 -0.0301884 0.998295 0.0499593 1.68408 0.998056 0.0328324 -0.0529765 17.7383 
-0.0499102 0.0476781 -0.997615 -62.3836 -0.0298797 0.998342 0.0492077 1.72409 0.998307 0.0322645 -0.0484028 17.6708 
-0.0449833 0.0431933 -0.998054 -63.5321 -0.029823 0.998562 0.0445594 1.75956 0.998543 0.0317694 -0.0436304 17.5976 
-0.0408729 0.0380968 -0.998438 -64.6849 -0.030076 0.998773 0.0393408 1.7933 0.998712 0.031637 -0.039677 17.5379 
-0.0372541 0.0375556 -0.9986 -65.8361 -0.0299942 0.998801 0.0386822 1.82292 0.998856 0.0313933 -0.036083 17.4776 
-0.0340123 0.0405614 -0.998598 -67.0011 -0.0291495 0.998711 0.0415588 1.84366 0.998996 0.0305222 -0.0327861 17.4151 
-0.031843 0.0398086 -0.9987 -68.1709 -0.0292096 0.998743 0.0407416 1.88107 0.999066 0.030469 -0.0306401 17.3566 
-0.0306019 0.0395221 -0.99875 -69.3345 -0.0313 0.99869 0.0404787 1.91268 0.999042 0.0324996 -0.0293248 17.2932 
-0.0306085 0.0407617 -0.9987 -70.5172 -0.032323 0.998605 0.0417485 1.93813 0.999009 0.0335588 -0.0292482 17.2467 
-0.0292735 0.0404827 -0.998751 -71.7169 -0.0336394 0.998574 0.0414614 1.96961 0.999005 0.0348111 -0.0278699 17.1855 
-0.0281855 0.0385961 -0.998857 -72.8844 -0.0341366 0.998634 0.0395507 1.99761 0.99902 0.0352124 -0.0268295 17.127 
-0.0277883 0.0370278 -0.998928 -74.0639 -0.0327053 0.998745 0.0379308 2.03107 0.999079 0.0337243 -0.0265425 17.0759 
-0.0269018 0.0373418 -0.99894 -75.247 -0.0294093 0.99884 0.03813 2.0558 0.999205 0.0304039 -0.0257724 17.0224 
-0.026769 0.0382535 -0.998909 -76.427 -0.0271183 0.998872 0.0389788 2.08134 0.999274 0.0281322 -0.0257014 16.9738 
-0.0267267 0.0411262 -0.998796 -77.6139 -0.0266504 0.998769 0.0418382 2.10803 0.999288 0.0277366 -0.0255978 16.9194 
-0.0262077 0.0447402 -0.998655 -78.8056 -0.0290176 0.998543 0.0454967 2.13889 0.999235 0.030171 -0.0248713 16.8651 
-0.0258806 0.0443548 -0.998681 -79.981 -0.0303772 0.998519 0.0451349 2.17621 0.999203 0.0315053 -0.0244949 16.8162 
-0.0259762 0.0421215 -0.998775 -81.1718 -0.0310897 0.998595 0.0429225 2.21561 0.999179 0.0321666 -0.0246302 16.7709 
-0.0253764 0.0396941 -0.99889 -82.3535 -0.0317414 0.998676 0.040492 2.2497 0.999174 0.0327338 -0.0240829 16.7184 
-0.0252533 0.0391111 -0.998916 -83.5263 -0.0288038 0.998791 0.0398344 2.27396 0.999266 0.0297785 -0.0240962 16.6721 
-0.0252161 0.0406819 -0.998854 -84.7097 -0.0273101 0.998771 0.0413679 2.30199 0.999309 0.0283219 -0.0240741 16.6242 
-0.0246339 0.0435009 -0.99875 -85.8958 -0.0265654 0.998672 0.0441527 2.33032 0.999344 0.0276199 -0.0234455 16.5696 
-0.0242868 0.0457709 -0.998657 -87.0634 -0.027402 0.998546 0.0464322 2.35798 0.999329 0.0284929 -0.0229972 16.5215 
-0.0241388 0.0460004 -0.99865 -88.2455 -0.0290692 0.998486 0.0466955 2.39349 0.999286 0.0301572 -0.022765 16.4664 
-0.023819 0.0436878 -0.998761 -89.4396 -0.0277837 0.99863 0.0443447 2.4343 0.99933 0.0288056 -0.0225725 16.4157 
-0.023355 0.0423602 -0.998829 -90.6137 -0.026143 0.998734 0.0429675 2.46776 0.999385 0.027116 -0.022218 16.3654 
-0.0236845 0.0437274 -0.998763 -91.7709 -0.0249925 0.998705 0.0443175 2.48933 0.999407 0.0260113 -0.0225609 16.3237 
-0.0232723 0.0465083 -0.998647 -92.9526 -0.0228623 0.998631 0.0470404 2.53114 0.999468 0.0239262 -0.0221772 16.2737 
-0.0237332 0.0488792 -0.998523 -94.1307 -0.0209175 0.998561 0.0493783 2.56828 0.9995 0.0220585 -0.0226766 16.2325 
-0.0233189 0.0508047 -0.998436 -95.306 -0.0217359 0.998446 0.0513129 2.60684 0.999492 0.0228985 -0.0221784 16.1875 
-0.022973 0.0527616 -0.998343 -96.4744 -0.0242644 0.998283 0.0533168 2.64699 0.999442 0.0254491 -0.0216533 16.1361 
-0.0228251 0.0519636 -0.998388 -97.6334 -0.0262315 0.998273 0.0525573 2.68229 0.999395 0.0273889 -0.0214226 16.0879 
-0.0232336 0.0480863 -0.998573 -98.7737 -0.0279319 0.998421 0.0487289 2.71432 0.99934 0.0290242 -0.0218538 16.0356 
-0.0230162 0.0464903 -0.998654 -99.9242 -0.029396 0.998455 0.0471586 2.74959 0.999303 0.0304418 -0.021614 15.9878 
-0.0229875 0.0447645 -0.998733 -101.099 -0.0294434 0.998533 0.0454332 2.79146 0.999302 0.0304506 -0.0216357 15.9473 
-0.023054 0.0451879 -0.998712 -102.246 -0.0281044 0.998554 0.0458295 2.82767 0.999339 0.0291249 -0.0217507 15.9026 
-0.0232192 0.0471296 -0.998619 -103.41 -0.0279804 0.998466 0.0477729 2.87074 0.999339 0.029051 -0.0218649 15.8522 
-0.0230259 0.0487541 -0.998545 -104.578 -0.0264964 0.99843 0.0493595 2.91737 0.999384 0.0275944 -0.021698 15.8027 
-0.0239891 0.0476468 -0.998576 -105.729 -0.0297299 0.998388 0.048352 2.95709 0.99927 0.0308475 -0.0225339 15.7557 
-0.0244124 0.0486227 -0.998519 -106.89 -0.0340403 0.998197 0.0494393 2.99883 0.999122 0.0351969 -0.0227133 15.7046 
-0.0247129 0.0475242 -0.998564 -108.058 -0.0368235 0.998148 0.0484158 3.03977 0.999016 0.0379672 -0.0229172 15.6447 
-0.0247443 0.0436762 -0.998739 -109.237 -0.0377606 0.998291 0.0445921 3.07903 0.99898 0.0388164 -0.0230528 15.5864 
-0.0257089 0.039405 -0.998893 -110.412 -0.0370177 0.9985 0.0403423 3.11926 0.998984 0.0380139 -0.0242116 15.5341 
-0.0267005 0.0389444 -0.998885 -111.61 -0.0344192 0.998613 0.0398538 3.14863 0.999051 0.0354449 -0.0253231 15.4813 
-0.0276971 0.0381512 -0.998888 -112.807 -0.029475 0.998806 0.0389653 3.18686 0.999182 0.0305215 -0.0265395 15.4403 
-0.0288001 0.0401052 -0.99878 -114.024 -0.0286794 0.99875 0.040931 3.22073 0.999174 0.0298232 -0.027614 15.4009 
-0.0299227 0.0438631 -0.998589 -115.256 -0.0276038 0.998619 0.0446916 3.25709 0.999171 0.0289022 -0.0286706 15.3446 
-0.0304105 0.0439895 -0.998569 -116.491 -0.0261513 0.998654 0.0447896 3.29864 0.999195 0.027476 -0.0292192 15.2801 
-0.0310681 0.0398937 -0.998721 -117.724 -0.0263005 0.998825 0.040716 3.33087 0.999171 0.0275319 -0.0299823 15.2205 
-0.0318875 0.0362504 -0.998834 -118.969 -0.0269361 0.998948 0.0371145 3.3669 0.999128 0.0280882 -0.0308775 15.1553 
-0.0328362 0.0347348 -0.998857 -120.213 -0.0257105 0.999036 0.0355862 3.39769 0.99913 0.0268496 -0.0319115 15.0932 
-0.0337618 0.0358351 -0.998787 -121.463 -0.0270941 0.998957 0.0367571 3.42816 0.999063 0.0283022 -0.0327556 15.0336 
-0.0342285 0.040043 -0.998612 -122.722 -0.031755 0.998649 0.0411329 3.46436 0.998909 0.0331189 -0.0329107 14.9559 
-0.0347383 0.0431922 -0.998463 -123.99 -0.0362735 0.998353 0.0444495 3.49855 0.998738 0.0377619 -0.0331143 14.8836 
-0.0347668 0.0427292 -0.998482 -125.249 -0.0438973 0.998056 0.0442395 3.53569 0.998431 0.0453688 -0.0328235 14.806 
-0.0347629 0.041133 -0.998549 -126.512 -0.0470833 0.997976 0.0427485 3.56565 0.998286 0.0485011 -0.0327558 14.7301 
-0.0356012 0.0397896 -0.998574 -127.77 -0.0490666 0.997932 0.0415134 3.60027 0.998161 0.0504745 -0.0335752 14.6615 
-0.036561 0.0392691 -0.99856 -129.04 -0.0489491 0.997958 0.0410377 3.63267 0.998132 0.050379 -0.0345641 14.5918 
-0.0369832 0.038834 -0.998561 -130.313 -0.0471592 0.998064 0.0405612 3.66181 0.998203 0.0485915 -0.0350802 14.5195 
-0.0367024 0.0394197 -0.998548 -131.589 -0.0474266 0.998027 0.0411424 3.69712 0.9982 0.0488678 -0.0347604 14.437 
-0.0375683 0.0446398 -0.998297 -132.855 -0.0475674 0.997789 0.0464072 3.73153 0.998161 0.0492298 -0.0353618 14.369 
-0.0393858 0.0489562 -0.998024 -134.11 -0.0456885 0.997666 0.0507417 3.76267 0.998179 0.0475968 -0.0370572 14.3215 
-0.0395047 0.0474503 -0.998092 -135.382 -0.0458707 0.997733 0.0492488 3.80643 0.998166 0.0477288 -0.0372385 14.2482 
-0.0399645 0.0457439 -0.998154 -136.672 -0.0444854 0.99788 0.0475125 3.84701 0.99821 0.0463022 -0.0378448 14.2188 
-0.0395899 0.0448648 -0.998208 -137.931 -0.0431805 0.997981 0.0465672 3.88832 0.998283 0.0449468 -0.0375727 14.163 
-0.0388543 0.0441361 -0.99827 -139.196 -0.0429185 0.998028 0.0457959 3.92095 0.998323 0.0446236 -0.0368835 14.0917 
-0.0387502 0.0458573 -0.998196 -140.466 -0.0428328 0.997952 0.0475089 3.9656 0.998331 0.0445966 -0.0367067 14.0345 
-0.0382879 0.049614 -0.998034 -141.723 -0.0437772 0.997725 0.0512781 4.00348 0.998307 0.0456545 -0.0360288 13.9661 
-0.037281 0.0503926 -0.998033 -142.981 -0.0453442 0.997614 0.0520652 4.05009 0.998276 0.0471961 -0.0349071 13.8968 
-0.0369299 0.0476972 -0.998179 -144.218 -0.0470175 0.997671 0.0494124 4.08744 0.998211 0.0487567 -0.0346013 13.8335 
-0.0370502 0.0448333 -0.998307 -145.463 -0.0459927 0.997858 0.0465201 4.12677 0.998254 0.0476384 -0.0349088 13.7692 
-0.0375849 0.0436053 -0.998342 -146.677 -0.0428625 0.998058 0.0452066 4.15712 0.998374 0.0444905 -0.0356429 13.7144 
-0.0377755 0.0432175 -0.998351 -147.918 -0.041812 0.998121 0.0447897 4.19347 0.998411 0.0434351 -0.0358975 13.6409 
-0.0384022 0.043329 -0.998323 -149.16 -0.0389693 0.998235 0.0448242 4.23289 0.998502 0.0406254 -0.0366459 13.5783 
-0.0388968 0.0422851 -0.998348 -150.412 -0.0372497 0.998348 0.0437364 4.26505 0.998549 0.0388894 -0.0372574 13.5157 
-0.039883 0.0423514 -0.998306 -151.641 -0.0361689 0.998385 0.0437997 4.30013 0.99855 0.0378545 -0.0382868 13.4597 
-0.0408825 0.0454824 -0.998128 -152.88 -0.0340644 0.998319 0.0468864 4.33236 0.998583 0.0359175 -0.0392645 13.3984 
-0.0407607 0.0469114 -0.998067 -154.13 -0.0316117 0.998337 0.0482151 4.3735 0.998669 0.0335159 -0.03921 13.324 
-0.0409714 0.0456133 -0.998119 -155.353 -0.029462 0.998468 0.0468386 4.41169 0.998726 0.0313257 -0.0395648 13.2531 
-0.0421955 0.0459161 -0.998054 -156.59 -0.0304729 0.99842 0.0472212 4.44625 0.998645 0.0324061 -0.0407296 13.1883 
-0.0430771 0.0503669 -0.997801 -157.823 -0.0314012 0.998167 0.051741 4.49007 0.998578 0.033561 -0.0414165 13.125 
-0.0429648 0.0567713 -0.997462 -159.046 -0.0360785 0.997645 0.0583358 4.5311 0.998425 0.0384934 -0.0408154 13.0497 
-0.0418951 0.0563938 -0.997529 -160.284 -0.0407448 0.997479 0.0581022 4.58831 0.998291 0.0430784 -0.0394917 12.9578 
-0.0398684 0.0519193 -0.997855 -161.517 -0.0439145 0.997593 0.0536603 4.64955 0.99824 0.0459597 -0.0374924 12.8545 
-0.0391226 0.0468561 -0.998135 -162.726 -0.0456485 0.997773 0.0486283 4.68293 0.998191 0.0474659 -0.0368965 12.7944 
-0.0383232 0.0448851 -0.998257 -163.965 -0.0483952 0.997735 0.0467195 4.72637 0.998093 0.0501013 -0.0360642 12.7189 
-0.0367133 0.0422028 -0.998434 -165.173 -0.0434927 0.998094 0.0437877 4.76098 0.998379 0.0450322 -0.0348078 12.6472 
-0.0368779 0.0375195 -0.998615 -166.399 -0.0398715 0.998444 0.0389855 4.79548 0.998524 0.041254 -0.0353245 12.5874 
-0.0378781 0.0342348 -0.998696 -167.613 -0.0335545 0.998806 0.0355112 4.82723 0.998719 0.0348559 -0.0366842 12.5344 
-0.0392636 0.0372063 -0.998536 -168.855 -0.0310018 0.99878 0.0384344 4.85919 0.998748 0.0324655 -0.0380623 12.473 
-0.038637 0.0436589 -0.998299 -170.095 -0.0313841 0.998499 0.0448823 4.89015 0.99876 0.0330649 -0.0372088 12.4013 
-0.03789 0.0467397 -0.998188 -171.32 -0.0328348 0.998308 0.0479917 4.9255 0.998742 0.0345938 -0.0362912 12.3374 
-0.0363769 0.04338 -0.998396 -172.534 -0.033942 0.998427 0.044618 4.96643 0.998762 0.0355106 -0.0348473 12.27 
-0.0361714 0.0430368 -0.998419 -173.761 -0.0365734 0.998346 0.0443587 5.00675 0.998676 0.0381201 -0.0345376 12.2046 
-0.0351813 0.0443782 -0.998395 -174.981 -0.0342097 0.998375 0.0455827 5.0347 0.998795 0.0357585 -0.033606 12.1444 
-0.0350358 0.0427483 -0.998471 -176.192 -0.0335224 0.998472 0.0439246 5.06606 0.998824 0.0350101 -0.0335493 12.0863 
-0.0340319 0.040983 -0.99858 -177.371 -0.0340367 0.998532 0.042141 5.09827 0.998841 0.0354226 -0.032587 12.0335 
-0.0325047 0.0426223 -0.998562 -178.54 -0.0356304 0.998406 0.0437755 5.12983 0.998836 0.0370021 -0.0309342 11.9711 
-0.031154 0.0446434 -0.998517 -179.674 -0.035529 0.998321 0.0457432 5.1525 0.998883 0.0369014 -0.0295156 11.9147 
-0.0307639 0.0458889 -0.998473 -180.795 -0.0361656 0.99824 0.0469925 5.18137 0.998872 0.0375561 -0.0290502 11.8566 
-0.0309093 0.0472616 -0.998404 -181.859 -0.035949 0.998183 0.048364 5.20421 0.998876 0.0373865 -0.0291541 11.8071 
-0.0312482 0.0481146 -0.998353 -182.93 -0.0352251 0.998167 0.0492081 5.2339 0.998891 0.0367048 -0.029496 11.7506 
-0.0308069 0.0469908 -0.99842 -183.956 -0.0347785 0.998239 0.0480554 5.26268 0.99892 0.036204 -0.0291184 11.7044 
-0.0299885 0.0470262 -0.998443 -184.951 -0.0355921 0.998209 0.0480842 5.2851 0.998916 0.0369787 -0.028261 11.6665 
-0.0288523 0.0475491 -0.998452 -185.912 -0.0361013 0.998167 0.0485787 5.31317 0.998932 0.0374471 -0.0270828 11.6237 
-0.0298852 0.045873 -0.9985 -186.854 -0.034206 0.998314 0.0468882 5.3357 0.998968 0.035556 -0.0282657 11.5814 
-0.0332136 0.0433386 -0.998508 -187.806 -0.0322587 0.998492 0.0444109 5.35443 0.998928 0.0336857 -0.0317654 11.5287 
-0.0389428 0.0397526 -0.99845 -188.742 -0.0315292 0.998662 0.0409908 5.37648 0.998744 0.0330767 -0.0376374 11.4866 
-0.0443762 0.0361695 -0.99836 -189.692 -0.0332741 0.998736 0.0376622 5.40986 0.998461 0.0348909 -0.0431166 11.431 
-0.0487578 0.0354197 -0.998182 -190.632 -0.0351616 0.998691 0.0371553 5.4294 0.998192 0.0369094 -0.0474485 11.3691 
-0.0526991 0.0363947 -0.997947 -191.549 -0.0365135 0.998597 0.0383466 5.44236 0.997943 0.0384594 -0.0512963 11.3138 
-0.0553699 0.0378773 -0.997747 -192.479 -0.0354085 0.998577 0.0398738 5.46745 0.997838 0.0375366 -0.0539499 11.2529 
-0.0573377 0.0395378 -0.997572 -193.421 -0.0328059 0.998601 0.0414642 5.48957 0.997816 0.0351037 -0.0559604 11.1908 
-0.0594291 0.0403799 -0.997416 -194.329 -0.0306414 0.998637 0.0422551 5.50521 0.997762 0.0330734 -0.0581108 11.1296 
-0.0606241 0.0394038 -0.997383 -195.24 -0.0308658 0.998669 0.0413307 5.52548 0.997683 0.0332907 -0.0593272 11.0568 
-0.0613983 0.0382389 -0.997381 -196.143 -0.0334212 0.998627 0.0403441 5.54551 0.997554 0.0358108 -0.060036 10.9814 
-0.0616644 0.0370811 -0.997408 -197.059 -0.0374241 0.998521 0.0394363 5.57305 0.997395 0.039759 -0.0601855 10.9061 
-0.0612098 0.0348861 -0.997515 -197.966 -0.0395445 0.99852 0.0373478 5.59841 0.997341 0.0417323 -0.0597396 10.8337 
-0.060083 0.0321784 -0.997675 -198.865 -0.0398526 0.998606 0.0346085 5.61649 0.997398 0.0418394 -0.0587168 10.756 
-0.0598203 0.0298322 -0.997763 -199.777 -0.0393829 0.998705 0.0322216 5.63088 0.997432 0.0412224 -0.0585679 10.6873 
-0.0593578 0.0292399 -0.997808 -200.702 -0.0397751 0.998708 0.0316324 5.65218 0.997444 0.0415656 -0.0581181 10.6191 
-0.0592267 0.0321831 -0.997726 -201.634 -0.0372201 0.998714 0.0344244 5.67067 0.99755 0.0391743 -0.0579527 10.5535 
-0.0593639 0.0332516 -0.997682 -202.573 -0.0364719 0.998706 0.0354559 5.69189 0.99757 0.0384922 -0.0580743 10.4821 
-0.0584458 0.0297254 -0.997848 -203.516 -0.0321794 0.998981 0.031644 5.7115 0.997772 0.0339597 -0.0574297 10.4108 
-0.0580247 0.0262111 -0.997971 -204.457 -0.0305308 0.999141 0.028017 5.73327 0.997848 0.0320946 -0.0571746 10.3422 
-0.0577729 0.0261409 -0.997987 -205.403 -0.034958 0.998991 0.0281909 5.75404 0.997718 0.0365164 -0.0568008 10.2676 
-0.0566007 0.0301521 -0.997942 -206.362 -0.0371552 0.998788 0.032285 5.76646 0.997705 0.0389061 -0.0554118 10.1941 
-0.0555962 0.02981 -0.998008 -207.313 -0.0345218 0.998899 0.0317597 5.78475 0.997856 0.0362188 -0.0545059 10.1368 
-0.0538545 0.0309985 -0.998068 -208.292 -0.033031 0.998916 0.0328072 5.81154 0.998002 0.034734 -0.0527722 10.074 
-0.0529219 0.0357239 -0.997959 -209.271 -0.0334539 0.998736 0.0375258 5.83135 0.998038 0.0353717 -0.0516599 10.014 
-0.0511334 0.040054 -0.997888 -210.266 -0.0312491 0.998642 0.0416855 5.85664 0.998203 0.0333147 -0.0498123 9.94927 
-0.049766 0.0405634 -0.997937 -211.261 -0.0306312 0.998643 0.0421196 5.88598 0.998291 0.0326641 -0.0484559 9.87864 
-0.0474994 0.0409212 -0.998033 -212.266 -0.0341792 0.998509 0.0425674 5.91976 0.998286 0.036134 -0.0460299 9.80308 
-0.0452788 0.0428809 -0.998054 -213.289 -0.0373284 0.998308 0.0445853 5.94789 0.998277 0.0392745 -0.0436015 9.74023 
-0.0416353 0.0430028 -0.998207 -214.311 -0.0381654 0.998276 0.0445976 5.97806 0.998404 0.0399538 -0.0399223 9.67556 
-0.0386805 0.040043 -0.998449 -215.336 -0.0410925 0.998288 0.0416284 6.01195 0.998406 0.042639 -0.0369688 9.61364 
-0.0357304 0.0372153 -0.998668 -216.376 -0.041094 0.998407 0.0386758 6.03763 0.998516 0.0424212 -0.0341441 9.55522 
-0.0344805 0.0366374 -0.998734 -217.409 -0.0402728 0.998465 0.0380179 6.05942 0.998594 0.0415327 -0.0329521 9.50147 
-0.0329469 0.038787 -0.998704 -218.459 -0.0417066 0.998323 0.0401481 6.08748 0.998587 0.0429753 -0.0312739 9.44609 
-0.0311542 0.0416128 -0.998648 -219.515 -0.0429959 0.998152 0.0429334 6.12078 0.998589 0.0442754 -0.0293074 9.38478 
-0.029503 0.0414125 -0.998706 -220.555 -0.0431725 0.998156 0.042665 6.14601 0.998632 0.0443754 -0.0276607 9.33755 
-0.0282725 0.0384148 -0.998862 -221.613 -0.0419784 0.998334 0.0395827 6.18003 0.998718 0.0430498 -0.0266128 9.28172 
-0.0284416 0.0354117 -0.998968 -222.685 -0.0384689 0.998593 0.0364937 6.21018 0.998855 0.0394672 -0.0270393 9.24033 
-0.0284739 0.0340985 -0.999013 -223.762 -0.0365497 0.998714 0.0351301 6.23776 0.998926 0.037514 -0.027191 9.1938 
-0.0280146 0.033034 -0.999062 -224.85 -0.0374393 0.998718 0.0340725 6.26725 0.998906 0.0383588 -0.0267419 9.13076 
-0.0280997 0.0332178 -0.999053 -225.938 -0.0366593 0.998741 0.0342386 6.28528 0.998933 0.0375867 -0.0268466 9.0863 
-0.0284144 0.0341088 -0.999014 -227.058 -0.038852 0.998625 0.0352005 6.30886 0.998841 0.039814 -0.0270501 9.03408 
-0.0287901 0.0362738 -0.998927 -228.177 -0.0400827 0.998496 0.0374134 6.33621 0.998782 0.0411169 -0.0272929 8.97665 
-0.0296985 0.0381073 -0.998832 -229.301 -0.0399131 0.998431 0.0392788 6.36068 0.998762 0.041033 -0.0281309 8.92261 
-0.0305202 0.0394138 -0.998757 -230.442 -0.040853 0.998338 0.0406457 6.3954 0.998699 0.0420428 -0.0288593 8.86876 
-0.0322903 0.0404995 -0.998658 -231.573 -0.0427146 0.99821 0.0418625 6.42436 0.998565 0.0440091 -0.0305026 8.81874 
-0.0329339 0.0389892 -0.998697 -232.755 -0.0456284 0.998138 0.040472 6.46334 0.998415 0.0469018 -0.0310936 8.74188 
-0.0337301 0.0348166 -0.998824 -233.908 -0.0441529 0.998365 0.0362916 6.48921 0.998455 0.0453251 -0.0321377 8.67242 
-0.034844 0.0285087 -0.998986 -235.07 -0.0410613 0.998708 0.029933 6.51978 0.998549 0.0420627 -0.0336284 8.60662 
-0.0370888 0.0244961 -0.999012 -236.23 -0.0364246 0.999002 0.0258481 6.53688 0.998648 0.0373473 -0.0361595 8.53868 
-0.0387579 0.0248912 -0.998939 -237.406 -0.0297845 0.999217 0.0260537 6.55148 0.998805 0.0307627 -0.0379862 8.47159 
-0.0408971 0.029309 -0.998733 -238.605 -0.0257084 0.999208 0.0303756 6.56823 0.998833 0.0269181 -0.0401113 8.40586 
-0.0429472 0.0319407 -0.998567 -239.817 -0.023388 0.999183 0.0329663 6.59021 0.998804 0.0247703 -0.042165 8.32899 
-0.0448776 0.0319486 -0.998482 -241.018 -0.0216193 0.999223 0.032944 6.60456 0.998759 0.023065 -0.0441521 8.25823 
-0.0471103 0.0324167 -0.998364 -242.236 -0.0216444 0.999206 0.0334654 6.63559 0.998655 0.0231856 -0.0463712 8.17935 
-0.0490769 0.0338983 -0.99822 -243.466 -0.0205715 0.999178 0.0349422 6.66248 0.998583 0.0222498 -0.0483392 8.09424 
-0.0510094 0.033437 -0.998138 -244.707 -0.0196082 0.999213 0.0344751 6.69153 0.998506 0.0213303 -0.0503136 8.00364 
-0.0532021 0.0321529 -0.998066 -245.94 -0.019514 0.999257 0.0332315 6.71621 0.998393 0.0212442 -0.0525351 7.91393 
-0.0553784 0.0315834 -0.997966 -247.171 -0.0193681 0.999278 0.0326997 6.74845 0.998278 0.0211396 -0.0547267 7.81701 
-0.0572838 0.0326076 -0.997825 -248.413 -0.0197895 0.999233 0.0337897 6.77108 0.998162 0.0216821 -0.0565946 7.71575 
-0.0594297 0.0328272 -0.997693 -249.662 -0.0204369 0.99921 0.0340945 6.79742 0.998023 0.022416 -0.0587118 7.61446 
-0.0616572 0.0335351 -0.997534 -250.922 -0.0213919 0.999161 0.0349121 6.82765 0.997868 0.0234918 -0.0608881 7.51099 
-0.0640785 0.0352999 -0.99732 -252.179 -0.0237967 0.999036 0.0368895 6.85506 0.997661 0.0260968 -0.0631767 7.40566 
-0.0659501 0.0360628 -0.997171 -253.438 -0.0254193 0.998962 0.0378087 6.88071 0.997499 0.0278409 -0.0649649 7.30627 
-0.0667927 0.03594 -0.997119 -254.722 -0.0281085 0.998887 0.0378865 6.91817 0.997371 0.0305581 -0.0657081 7.18833 
-0.0665567 0.0360901 -0.99713 -256.001 -0.0290943 0.998851 0.0380944 6.94748 0.997358 0.0315463 -0.0654302 7.06502 
-0.0676418 0.0350789 -0.997093 -257.249 -0.027924 0.998924 0.0370376 6.97638 0.997319 0.0303481 -0.0665895 6.98729 
-0.0675429 0.0342398 -0.997129 -258.507 -0.0252606 0.999032 0.0360162 7.00127 0.997397 0.0276207 -0.0666126 6.8816 
-0.0682156 0.0342134 -0.997084 -259.782 -0.0242017 0.999061 0.035937 7.02688 0.997377 0.0265827 -0.0673235 6.78369 
-0.0681452 0.0347052 -0.997072 -261.046 -0.0239775 0.999049 0.0364128 7.05189 0.997387 0.0263886 -0.0672483 6.67055 
-0.0683816 0.0346128 -0.997059 -262.3 -0.0232755 0.999071 0.036279 7.0783 0.997388 0.0256879 -0.0675124 6.56787 
-0.0681737 0.0353925 -0.997046 -263.57 -0.0225937 0.99906 0.0370088 7.10171 0.997418 0.02505 -0.06731 6.45989 
-0.0685129 0.0365285 -0.996981 -264.846 -0.0198489 0.999082 0.0379695 7.13053 0.997453 0.0223905 -0.067725 6.35832 
-0.0689006 0.0388666 -0.996866 -266.111 -0.0152135 0.999084 0.0400046 7.16191 0.997508 0.0179222 -0.0682462 6.26137 
-0.0692845 0.0425453 -0.996689 -267.353 -0.012022 0.998982 0.0434788 7.18739 0.997525 0.0149946 -0.0687025 6.15988 
-0.0692458 0.045374 -0.996567 -268.622 -0.00971346 0.998887 0.0461546 7.21465 0.997552 0.0128762 -0.068728 6.05577 
-0.069256 0.0437355 -0.99664 -269.853 -0.0103183 0.998954 0.0445541 7.248 0.997546 0.0133693 -0.0687322 5.9478 
-0.0689058 0.0423101 -0.996726 -271.078 -0.0129007 0.998979 0.0432976 7.27682 0.99754 0.0158419 -0.0682896 5.82908 
-0.0695377 0.045129 -0.996558 -272.321 -0.018368 0.998749 0.0465099 7.30946 0.99741 0.021539 -0.0686217 5.71644 
-0.0695422 0.0510035 -0.996274 -273.562 -0.0237499 0.998324 0.0527663 7.34497 0.997296 0.027331 -0.0682143 5.59802 
-0.0694504 0.0501709 -0.996323 -274.787 -0.0273991 0.998262 0.0521784 7.38943 0.997209 0.0309222 -0.067955 5.48249 
-0.0691273 0.0433662 -0.996665 -276.011 -0.0268631 0.998612 0.0453141 7.42902 0.997246 0.029906 -0.0678664 5.37595 
-0.0695037 0.0378716 -0.996863 -277.26 -0.023738 0.998933 0.0396054 7.46665 0.997299 0.0264163 -0.0685306 5.26622 
-0.0698642 0.0372824 -0.99686 -278.495 -0.01795 0.999093 0.0386239 7.4953 0.997395 0.0205921 -0.0691316 5.17558 
-0.0688604 0.0390465 -0.996862 -279.735 -0.014705 0.999086 0.0401494 7.5255 0.997518 0.0174236 -0.0682233 5.07172 
-0.0674695 0.041117 -0.996874 -280.981 -0.0136814 0.999018 0.0421314 7.56076 0.997628 0.0164812 -0.0668407 4.96652 
-0.0662391 0.0435262 -0.996854 -282.204 -0.0145907 0.998899 0.044585 7.58984 0.997697 0.0174981 -0.0655311 4.85515 
-0.0648213 0.0449139 -0.996886 -283.431 -0.0154797 0.998821 0.0460077 7.62494 0.997777 0.0184138 -0.0640496 4.73463 
-0.0636004 0.045778 -0.996925 -284.665 -0.0161509 0.998769 0.046893 7.66271 0.997845 0.0190837 -0.0627828 4.62708 
-0.0628253 0.0454224 -0.99699 -285.886 -0.0148832 0.99881 0.0464432 7.68913 0.997914 0.0177562 -0.0620745 4.52507 
-0.0628787 0.0439757 -0.997052 -287.104 -0.0159496 0.998857 0.0450612 7.72113 0.997894 0.018736 -0.0621054 4.42363 
-0.0624189 0.0426388 -0.997139 -288.32 -0.0157858 0.99892 0.0437031 7.76195 0.997925 0.0184685 -0.0616784 4.31337 
-0.0625315 0.0426713 -0.99713 -289.556 -0.0162042 0.998911 0.0437636 7.79045 0.997911 0.0188943 -0.0617719 4.21582 
-0.0623244 0.0422963 -0.997159 -290.795 -0.0167098 0.998917 0.0434153 7.82649 0.997916 0.0193682 -0.0615501 4.12207 
-0.0624359 0.0428526 -0.997129 -292.017 -0.0177812 0.998872 0.0440409 7.85482 0.997891 0.0204799 -0.0616034 4.01782 
-0.0622033 0.0430918 -0.997133 -293.252 -0.0168433 0.99888 0.044218 7.885 0.997921 0.0195456 -0.0614078 3.92645 
-0.0624894 0.0412794 -0.997192 -294.487 -0.0158944 0.998976 0.0423493 7.91708 0.997919 0.0184962 -0.0617693 3.83042 
-0.0622699 0.0389449 -0.997299 -295.715 -0.0155662 0.999079 0.0399863 7.94656 0.997938 0.0180142 -0.0616063 3.72188 
-0.0625479 0.0360215 -0.997392 -296.925 -0.0165494 0.999174 0.0371237 7.97217 0.997905 0.0188283 -0.0619 3.62041 
-0.0628248 0.0343617 -0.997433 -298.161 -0.0181885 0.999202 0.0355683 8.00244 0.997859 0.0203764 -0.0621496 3.51316 
-0.0631183 0.0340425 -0.997425 -299.393 -0.0215346 0.999139 0.0354637 8.03271 0.997774 0.0237176 -0.0623308 3.40053 
-0.0634781 0.0349448 -0.997371 -300.613 -0.0249202 0.99902 0.0365886 8.05331 0.997672 0.0271773 -0.062545 3.29404 
-0.0638062 0.0356765 -0.997324 -301.857 -0.0289452 0.998874 0.0375838 8.08862 0.997542 0.0312659 -0.0627017 3.18151 
-0.0641925 0.0359211 -0.997291 -303.104 -0.0304242 0.998817 0.0379344 8.10908 0.997474 0.032777 -0.0630237 3.07727 
-0.0645499 0.0334465 -0.997354 -304.346 -0.0301947 0.998915 0.0354531 8.14321 0.997458 0.0324033 -0.06347 2.97582 
-0.065557 0.0315717 -0.997349 -305.593 -0.0274657 0.999064 0.0334313 8.16559 0.997471 0.0295845 -0.0646285 2.87822 
-0.0672121 0.0311898 -0.997251 -306.853 -0.0244484 0.99916 0.0328973 8.19101 0.997439 0.0265923 -0.0663931 2.78939 
-0.068215 0.0330718 -0.997122 -308.108 -0.0218537 0.999161 0.0346345 8.2161 0.997431 0.0241534 -0.067435 2.69222 
