1 2.12261e-08 -2.11895e-08 0 2.12261e-08 1 2.10703e-08 0 -2.11895e-08 2.10703e-08 1 0 
0.999931 -0.00285475 0.0113569 0.0116813 0.00284136 0.999995 0.00119884 -0.00779408 -0.0113603 -0.00116645 0.999935 0.287013 
0.99983 -0.00475887 0.0178438 0.021061 0.00474013 0.999988 0.00109474 -0.00735243 -0.0178488 -0.00100993 0.99984 0.583865 
0.999784 -0.00734986 0.0194426 0.0308365 0.00734744 0.999973 0.000197919 -0.0176129 -0.0194436 -5.49815e-05 0.999811 0.881532 
0.999816 -0.0089348 0.0169506 0.0397642 0.00896107 0.999959 -0.00147199 -0.0182423 -0.0169367 0.00162366 0.999855 1.1914 
0.999882 -0.0117179 0.0099128 0.0357547 0.0117468 0.999927 -0.00285588 -0.0215389 -0.00987865 0.00297203 0.999947 1.51084 
0.999905 -0.0134417 -0.00302466 0.0366189 0.0134274 0.999899 -0.00474242 -0.024972 0.00308806 0.0047014 0.999984 1.84133 
0.999733 -0.0124612 -0.0194433 0.00563454 0.0123663 0.999911 -0.0049987 -0.0325562 0.0195039 0.00475697 0.999799 2.19213 
0.999198 -0.00811754 -0.0392087 -0.0275736 0.00792381 0.999956 -0.00509492 -0.0354573 0.0392483 0.00478019 0.999218 2.54368 
0.998238 -0.00462325 -0.0591619 -0.0721964 0.00427324 0.999973 -0.00604205 -0.0454588 0.0591881 0.00577864 0.99823 2.90931 
0.996805 -0.00492215 -0.0797253 -0.115259 0.00443163 0.99997 -0.00632891 -0.0518031 0.079754 0.00595542 0.996797 3.27758 
0.994886 -0.00624824 -0.100809 -0.171344 0.00568015 0.999966 -0.00592174 -0.0522347 0.100843 0.00531889 0.994888 3.65867 
0.992715 -0.00735167 -0.120265 -0.241102 0.00674193 0.999962 -0.0054764 -0.0534342 0.120301 0.00462572 0.992727 4.04583 
0.990369 -0.00661614 -0.138299 -0.318231 0.00603118 0.999971 -0.00464859 -0.0629135 0.138325 0.00376976 0.99038 4.4415 
0.988061 -0.00521949 -0.153975 -0.406925 0.00461883 0.99998 -0.00425877 -0.0666705 0.153994 0.00349678 0.988066 4.85684 
0.985872 -0.00450685 -0.167441 -0.498062 0.00383233 0.999983 -0.00435156 -0.0752056 0.167458 0.00364844 0.985873 5.27834 
0.983736 -0.00589304 -0.179526 -0.596923 0.00499681 0.999973 -0.0054442 -0.080986 0.179553 0.00445864 0.983738 5.70875 
0.981895 -0.00916144 -0.189202 -0.692855 0.00780653 0.999938 -0.00790536 -0.087414 0.189263 0.00628527 0.981906 6.14967 
0.980398 -0.00856551 -0.196841 -0.807844 0.00675363 0.999928 -0.00987441 -0.0945746 0.196912 0.0083515 0.980386 6.59686 
0.978877 -0.00772194 -0.204303 -0.921904 0.00537067 0.999913 -0.0120609 -0.0963626 0.204378 0.0107089 0.978833 7.06914 
0.977151 -0.0080231 -0.212395 -1.04387 0.00495195 0.999875 -0.0149878 -0.10589 0.212489 0.0135936 0.977069 7.5497 
0.97527 -0.0121026 -0.220684 -1.16011 0.00861369 0.999822 -0.0167652 -0.115119 0.220847 0.0144498 0.975201 8.04903 
0.973403 -0.0180292 -0.228389 -1.2881 0.0142193 0.999731 -0.0183165 -0.125089 0.228658 0.0145818 0.973398 8.56445 
0.971354 -0.0187302 -0.236899 -1.42836 0.0142563 0.999687 -0.0205847 -0.147418 0.23721 0.0166178 0.971316 9.07485 
0.969213 -0.0147812 -0.245781 -1.58598 0.00884724 0.999643 -0.0252303 -0.158063 0.246066 0.0222791 0.968997 9.60319 
0.967037 -0.0122344 -0.25434 -1.75028 0.00525526 0.999591 -0.0281017 -0.180256 0.25458 0.0258388 0.966706 10.1405 
0.964803 -0.0142264 -0.262588 -1.92089 0.0066431 0.999535 -0.0297447 -0.202929 0.262889 0.0269534 0.96445 10.7023 
0.962432 -0.0173396 -0.270968 -2.08482 0.00906384 0.999454 -0.0317634 -0.227108 0.271371 0.0281141 0.962064 11.2547 
0.960199 -0.0163508 -0.278839 -2.26031 0.00693043 0.999373 -0.0347367 -0.247029 0.279232 0.0314217 0.959709 11.8163 
0.957821 -0.0153662 -0.286953 -2.44828 0.00465933 0.999269 -0.0379579 -0.279412 0.287327 0.0350199 0.957192 12.3882 
0.955559 -0.0166253 -0.29433 -2.64939 0.00407052 0.999057 -0.043217 -0.308776 0.294771 0.0400984 0.954726 12.9811 
0.953725 -0.0185142 -0.300111 -2.85546 0.00347429 0.998714 -0.0505708 -0.343261 0.300662 0.047188 0.952563 13.5926 
0.952371 -0.0192116 -0.304336 -3.07276 0.0014527 0.998288 -0.0584724 -0.382697 0.304938 0.0552454 0.950769 14.2044 
0.951304 -0.0188022 -0.307682 -3.31577 -0.00206913 0.997726 -0.0673678 -0.427204 0.308249 0.0647239 0.949102 14.8394 
0.950029 -0.0182513 -0.311627 -3.54513 -0.00591174 0.997058 -0.0764179 -0.47699 0.312105 0.0744416 0.947127 15.4718 
0.948764 -0.0176063 -0.315496 -3.7947 -0.0094322 0.996424 -0.0839703 -0.522544 0.315846 0.0826438 0.945204 16.1292 
0.947331 -0.0158655 -0.319864 -4.05014 -0.0139546 0.995779 -0.0907205 -0.582031 0.319953 0.090406 0.94311 16.7821 
0.945639 -0.0151851 -0.324863 -4.30075 -0.0172112 0.995173 -0.0966173 -0.648388 0.324762 0.0969564 0.940813 17.4606 
0.943992 -0.0124829 -0.329731 -4.56713 -0.0224568 0.994537 -0.101943 -0.723537 0.329202 0.103638 0.938555 18.1333 
0.942128 -0.0103816 -0.335092 -4.84158 -0.0265317 0.994077 -0.105393 -0.78549 0.334202 0.108184 0.936272 18.8544 
0.940405 -0.00910607 -0.339935 -5.12199 -0.029092 0.993822 -0.107103 -0.862395 0.33881 0.11061 0.93433 19.5528 
0.938259 -0.00883673 -0.345821 -5.39689 -0.0297212 0.993918 -0.106035 -0.951441 0.344654 0.109767 0.93229 20.2455 
0.935879 -0.00799846 -0.352231 -5.6955 -0.0308801 0.994033 -0.104621 -1.03643 0.350966 0.10879 0.930047 20.9755 
0.933331 -0.0083708 -0.358919 -5.99256 -0.0305831 0.99424 -0.102716 -1.12161 0.357712 0.106845 0.9277 21.6976 
0.930218 -0.00693669 -0.366942 -6.30572 -0.0319128 0.994506 -0.0997009 -1.20631 0.365618 0.104454 0.924885 22.4335 
0.927002 -0.00499499 -0.375024 -6.63114 -0.0325714 0.995061 -0.0937651 -1.29035 0.37364 0.0991355 0.922261 23.1665 
0.923274 -0.0028272 -0.384133 -6.95073 -0.0339107 0.995469 -0.0888319 -1.36587 0.382643 0.0950424 0.918995 23.9028 
0.91965 0.000666374 -0.392738 -7.29471 -0.0369023 0.995721 -0.0847224 -1.44483 0.391001 0.092408 0.915739 24.6457 
0.916139 0.00196138 -0.400857 -7.68415 -0.0386108 0.99577 -0.0833708 -1.51286 0.398998 0.0918566 0.912339 25.4133 
0.912283 0.00233867 -0.409554 -8.05079 -0.0397458 0.995769 -0.0828479 -1.5876 0.407627 0.0918588 0.908516 26.17 
0.908453 0.00222101 -0.417982 -8.43626 -0.0399114 0.995878 -0.0814526 -1.6639 0.416078 0.0906782 0.904796 26.9486 
0.904649 0.00381862 -0.42614 -8.82757 -0.0417471 0.995944 -0.0796999 -1.73735 0.424108 0.0898905 0.901139 27.7105 
0.90098 0.0028499 -0.433851 -9.23102 -0.040436 0.996178 -0.0774299 -1.80948 0.431972 0.0873061 0.897651 28.4944 
0.897223 0.00374598 -0.441561 -9.65093 -0.0404493 0.996457 -0.073737 -1.87823 0.43972 0.0840194 0.894196 29.286 
0.893546 0.0056958 -0.448937 -10.066 -0.0404642 0.996872 -0.0678909 -1.95024 0.447145 0.0788295 0.890981 30.0666 
0.8897 0.00611477 -0.456504 -10.4985 -0.0393618 0.997214 -0.0633566 -2.02126 0.454845 0.0743372 0.887463 30.863 
0.885954 0.00591589 -0.463736 -10.93 -0.0389528 0.997335 -0.0616952 -2.09068 0.462135 0.072723 0.883823 31.6638 
0.882998 0.00475738 -0.469352 -11.4004 -0.03761 0.997451 -0.0606461 -2.14928 0.467867 0.0712028 0.880926 32.4824 
0.879998 0.00543907 -0.474947 -11.8608 -0.0378299 0.997561 -0.0586685 -2.2111 0.473469 0.0695954 0.878057 33.2978 
0.877048 0.00401802 -0.480386 -12.3393 -0.0362319 0.99767 -0.0578045 -2.26812 0.479035 0.0681027 0.87515 34.1314 
0.874833 0.00395508 -0.484409 -12.889 -0.0364393 0.997671 -0.0576629 -2.33451 0.483053 0.0680969 0.872939 34.9989 
0.872975 0.0041163 -0.487749 -13.3848 -0.0371862 0.997616 -0.0581368 -2.39616 0.486346 0.0688895 0.871046 35.8066 
0.871832 0.00339032 -0.489794 -13.8878 -0.0365942 0.997632 -0.0582321 -2.45877 0.488436 0.0686923 0.869892 36.6368 
0.87133 0.00282092 -0.49069 -14.4057 -0.0357554 0.99769 -0.057756 -2.50377 0.489394 0.0678694 0.869418 37.5078 
0.871234 0.00348151 -0.490855 -14.9493 -0.0355568 0.997796 -0.0560339 -2.5684 0.489578 0.0662719 0.869437 38.3979 
0.870588 0.0016659 -0.492009 -15.4563 -0.0332665 0.997905 -0.0554847 -2.63286 0.490886 0.0646718 0.86882 39.2951 
0.870041 -0.000435188 -0.492979 -15.9873 -0.0314772 0.99791 -0.056434 -2.69555 0.491973 0.0646175 0.868209 40.192 
0.868985 -0.00319354 -0.494828 -16.5504 -0.0284855 0.997998 -0.0564655 -2.7622 0.494017 0.0631632 0.867155 41.1104 
0.867613 -0.00317064 -0.497231 -17.1079 -0.0276826 0.998121 -0.0546677 -2.83219 0.49647 0.0611951 0.865894 42.0314 
0.865595 -0.00354899 -0.500732 -17.6768 -0.0253674 0.99838 -0.0509278 -2.89008 0.500102 0.0567852 0.864103 42.962 
0.863037 -0.0036028 -0.505128 -18.2408 -0.0231299 0.998644 -0.0466414 -2.95807 0.504611 0.0519369 0.861783 43.8478 
0.859204 -0.00357289 -0.511621 -18.7867 -0.0227238 0.998722 -0.0451364 -3.02181 0.511129 0.0504074 0.858025 44.7253 
0.854402 -0.00652348 -0.519571 -19.3753 -0.0209899 0.998672 -0.0470555 -3.0938 0.519188 0.0511101 0.85313 45.5715 
0.848579 -0.0105746 -0.528963 -19.9401 -0.0185241 0.998593 -0.04968 -3.16613 0.528745 0.051956 0.847189 46.4318 
0.842174 -0.0110851 -0.539093 -20.48 -0.0181156 0.998643 -0.0488349 -3.22993 0.538902 0.0508935 0.84083 47.2598 
0.836639 -0.00709644 -0.547709 -21.0856 -0.0199891 0.998855 -0.0434756 -3.29674 0.54739 0.0473216 0.835539 48.1318 
0.831414 -0.00359471 -0.555642 -21.7046 -0.0221301 0.998971 -0.0395765 -3.34967 0.555213 0.0452009 0.830479 49.0107 
0.827706 -0.00331416 -0.561152 -22.334 -0.0238718 0.998869 -0.0411106 -3.40066 0.560654 0.0474232 0.826691 49.8767 
0.824364 -0.00540634 -0.566034 -22.9548 -0.0244459 0.998681 -0.0451414 -3.46256 0.565531 0.0510502 0.823145 50.7347 
0.821272 -0.00739835 -0.570489 -23.5837 -0.027268 0.998264 -0.0522009 -3.523 0.569885 0.0584273 0.819645 51.5952 
0.818406 -0.007902 -0.574586 -24.2129 -0.0281283 0.998156 -0.0537915 -3.5908 0.573952 0.0601855 0.816675 52.4364 
0.815101 -0.00628833 -0.579285 -24.8503 -0.0276602 0.998378 -0.0497579 -3.65841 0.578658 0.0565809 0.813605 53.2996 
0.811869 -0.00371514 -0.583828 -25.4961 -0.027472 0.998629 -0.0445572 -3.72222 0.583193 0.0522135 0.810654 54.1681 
0.808871 -0.00233101 -0.587981 -26.1596 -0.0274378 0.998753 -0.041705 -3.77396 0.587345 0.0498669 0.807799 55.0307 
0.805979 -0.00182456 -0.591941 -26.8247 -0.0286734 0.998701 -0.0421197 -3.83471 0.591249 0.0509206 0.80488 55.8806 
0.80275 -0.00336418 -0.596306 -27.4952 -0.0280387 0.998665 -0.04338 -3.90061 0.595656 0.0515429 0.801584 56.7218 
0.798808 -0.00588027 -0.601558 -28.1638 -0.0274085 0.998558 -0.0461568 -3.96009 0.600962 0.0533582 0.797495 57.5791 
0.794956 -0.00731218 -0.606623 -28.8589 -0.0264657 0.998557 -0.0467188 -4.01422 0.60609 0.0531941 0.793616 58.4166 
0.790466 -0.00761146 -0.612459 -29.5451 -0.0255474 0.998643 -0.0453835 -4.08136 0.611973 0.0515209 0.789199 59.26 
0.785887 -0.00732941 -0.618326 -30.2451 -0.0259529 0.998658 -0.0448236 -4.13928 0.617825 0.0512737 0.784642 60.0955 
0.78095 -0.00910826 -0.624527 -30.9421 -0.0251293 0.998626 -0.0459876 -4.19974 0.624088 0.0516079 0.779648 60.9234 
0.775514 -0.0104979 -0.631243 -31.6164 -0.0246635 0.998595 -0.0469076 -4.26068 0.630848 0.0519463 0.774166 61.7224 
0.769738 -0.0115375 -0.638255 -32.319 -0.0249384 0.99853 -0.0481258 -4.31684 0.637872 0.0529614 0.768319 62.5493 
0.764342 -0.0132925 -0.644674 -33.0708 -0.0239785 0.99851 -0.0490178 -4.38196 0.644365 0.0529247 0.762885 63.3827 
0.758203 -0.0149621 -0.651847 -33.8011 -0.0235487 0.998456 -0.0503089 -4.44391 0.651594 0.0534946 0.75668 64.2089 
0.751919 -0.0167028 -0.659044 -34.5383 -0.0216442 0.998515 -0.0500007 -4.50891 0.6589 0.051861 0.75044 65.0301 
0.745805 -0.0172481 -0.665942 -35.323 -0.0201912 0.99862 -0.0484772 -4.56986 0.665859 0.0496008 0.744427 65.8599 
0.739419 -0.0176323 -0.673015 -36.1133 -0.0195226 0.998675 -0.0476131 -4.635 0.672963 0.048345 0.738095 66.6856 
0.73285 -0.0201464 -0.680092 -36.9005 -0.0171545 0.998697 -0.0480697 -4.70574 0.680174 0.0468946 0.731549 67.4982 
0.726629 -0.0211095 -0.686706 -37.713 -0.0178706 0.998609 -0.0496071 -4.7761 0.686798 0.0483178 0.725241 68.3066 
0.720844 -0.02065 -0.69279 -38.516 -0.0191528 0.998581 -0.0496933 -4.84092 0.692833 0.04909 0.719425 69.0977 
0.71568 -0.0190444 -0.698169 -39.3369 -0.0204445 0.998629 -0.0481975 -4.92398 0.698129 0.0487677 0.714309 69.8902 
0.710888 -0.0184953 -0.703062 -40.1361 -0.0216659 0.998604 -0.0481771 -4.9914 0.702972 0.049481 0.709495 70.6699 
0.706488 -0.0191803 -0.707465 -40.9495 -0.0221624 0.998543 -0.0492037 -5.05504 0.707378 0.050441 0.705033 71.4204 
0.7013 -0.0208431 -0.712562 -41.7809 -0.0228089 0.998405 -0.0516526 -5.12787 0.712501 0.0524767 0.699706 72.191 
0.696294 -0.023322 -0.717378 -42.6133 -0.0221942 0.998294 -0.0539966 -5.20247 0.717414 0.0535192 0.694589 72.9694 
0.691803 -0.0230457 -0.721718 -43.4801 -0.0240567 0.9982 -0.0549338 -5.27242 0.721685 0.0553656 0.690004 73.7376 
0.687072 -0.0234601 -0.726211 -44.3505 -0.0225666 0.998307 -0.0536006 -5.34135 0.726239 0.0532156 0.685379 74.527 
0.682213 -0.0228129 -0.730797 -45.2254 -0.0228717 0.998358 -0.0525165 -5.41655 0.730796 0.0525421 0.680571 75.3042 
0.677213 -0.0234081 -0.735414 -46.1166 -0.0228573 0.998342 -0.0528254 -5.49367 0.735432 0.0525838 0.675555 76.0904 
0.672894 -0.0243563 -0.739338 -47.0211 -0.0223179 0.998334 -0.0532007 -5.56827 0.739402 0.0522989 0.671229 76.8645 
0.6686 -0.0244032 -0.743222 -47.9257 -0.022397 0.998347 -0.0529284 -5.64355 0.743285 0.0520339 0.666949 77.6399 
0.664921 -0.0251131 -0.746492 -48.8203 -0.0215228 0.998375 -0.0527578 -5.71933 0.746604 0.0511464 0.6633 78.3865 
0.66122 -0.0273114 -0.749695 -49.7215 -0.0193209 0.998386 -0.053412 -5.80532 0.749943 0.0498019 0.659625 79.1435 
0.657156 -0.0325393 -0.753052 -50.6424 -0.0155273 0.998271 -0.0566852 -5.87649 0.753595 0.0489439 0.655515 79.9211 
0.652811 -0.0362696 -0.756652 -51.5638 -0.0114102 0.998269 -0.0576956 -5.96598 0.757435 0.0462979 0.651267 80.6804 
0.645993 -0.0398821 -0.762301 -52.4828 -0.00628706 0.998322 -0.0575581 -6.04527 0.763317 0.0419748 0.644659 81.4482 
0.638253 -0.0434535 -0.7686 -53.4299 -0.0023915 0.998289 -0.0584252 -6.11975 0.769823 0.0391282 0.637057 82.1991 
0.629622 -0.0438332 -0.775664 -54.3909 -0.000596297 0.99838 -0.0569031 -6.20542 0.776901 0.03629 0.628576 82.9465 
0.62076 -0.0425365 -0.782846 -55.3526 -0.000104913 0.998523 -0.0543386 -6.28765 0.784001 0.0338134 0.619838 83.6947 
0.611759 -0.042508 -0.789901 -56.3293 -0.000338585 0.998541 -0.053998 -6.36613 0.791044 0.0333013 0.610852 84.4169 
0.602642 -0.0434566 -0.796827 -57.3271 -0.00167013 0.998445 -0.0557154 -6.44472 0.79801 0.0349073 0.601633 85.1245 
0.592994 -0.0452457 -0.803935 -58.3273 -0.00210346 0.99833 -0.0577379 -6.52685 0.805204 0.0359293 0.591908 85.8296 
0.583364 -0.0470762 -0.810845 -59.3467 -0.0017706 0.998243 -0.0592301 -6.60575 0.812209 0.0359884 0.582256 86.5303 
0.573273 -0.0475784 -0.817982 -60.3844 0.000512855 0.998333 -0.0577092 -6.69089 0.819364 0.0326637 0.572342 87.2366 
0.563138 -0.0479248 -0.824972 -61.4205 0.00231385 0.998404 -0.0564205 -6.77812 0.82636 0.0298637 0.56235 87.9216 
0.553026 -0.048888 -0.831729 -62.4803 0.00235527 0.998365 -0.0571167 -6.85652 0.833161 0.0296281 0.552237 88.6074 
0.542893 -0.0495617 -0.838338 -63.5295 0.0012827 0.998305 -0.0581881 -6.94307 0.839801 0.0305146 0.542036 89.262 
0.532848 -0.0501175 -0.844726 -64.5902 -0.000198644 0.998237 -0.0593506 -7.02607 0.846211 0.0317927 0.531898 89.9102 
0.522965 -0.0512978 -0.850809 -65.6702 -0.000946899 0.998152 -0.0607636 -7.11209 0.852353 0.0325829 0.52195 90.5524 
0.513673 -0.0511933 -0.856458 -66.7737 -0.0025655 0.998122 -0.0611998 -7.19697 0.857982 0.033634 0.512577 91.1754 
0.504803 -0.0501286 -0.861778 -67.8854 -0.00218482 0.998235 -0.059346 -7.27773 0.863232 0.031841 0.503803 91.7983 
0.496764 -0.0485762 -0.866525 -69 -0.00177218 0.998374 -0.0569834 -7.36241 0.867884 0.029843 0.49587 92.4084 
0.489681 -0.048515 -0.870551 -70.0898 -0.0024116 0.998372 -0.0569949 -7.44642 0.871899 0.0300088 0.488766 92.9768 
0.48207 -0.0514565 -0.87462 -71.2103 -0.00106031 0.998239 -0.0593138 -7.53242 0.876132 0.0295209 0.481167 93.5737 
0.474972 -0.0556113 -0.878242 -72.3441 0.00295365 0.998096 -0.0616032 -7.62809 0.879996 0.0266658 0.474232 94.1737 
0.468942 -0.0586041 -0.881283 -73.4787 0.004098 0.99793 -0.0641804 -7.71687 0.883219 0.0264854 0.468212 94.7525 
0.463562 -0.062381 -0.883866 -74.6291 0.00651757 0.997732 -0.0669991 -7.81707 0.886041 0.0252976 0.462917 95.3325 
0.45925 -0.0633863 -0.886043 -75.7916 0.00946388 0.997743 -0.066472 -7.92325 0.888257 0.0221419 0.458813 95.9048 
0.454554 -0.0610862 -0.888622 -76.9395 0.0114305 0.997964 -0.0627556 -8.02392 0.890646 0.0183685 0.454327 96.4876 
0.450548 -0.0592486 -0.890784 -78.0916 0.0144511 0.998149 -0.0590805 -8.1199 0.892635 0.0137458 0.45057 97.0566 
0.446732 -0.0591435 -0.892711 -79.2389 0.0169841 0.998193 -0.0576327 -8.218 0.894507 0.0105845 0.446929 97.6303 
0.443961 -0.0587289 -0.894119 -80.3659 0.0182399 0.998235 -0.0565108 -8.31034 0.89586 0.00877998 0.444249 98.1741 
0.441214 -0.0581551 -0.895515 -81.494 0.0205208 0.998291 -0.0547189 -8.4004 0.897167 0.00576611 0.441654 98.7207 
0.438655 -0.0569605 -0.896849 -82.6161 0.0218871 0.99837 -0.0527032 -8.49266 0.898389 0.00348909 0.439187 99.2527 
0.436656 -0.0581041 -0.89775 -83.7804 0.0244061 0.99831 -0.0527416 -8.57343 0.899297 0.00111939 0.437337 99.7933 
0.434652 -0.0581891 -0.898717 -84.868 0.0260201 0.998305 -0.0520529 -8.66091 0.900222 -0.000759755 0.43543 100.3 
0.431697 -0.0572435 -0.9002 -85.9825 0.028765 0.99835 -0.0496903 -8.74226 0.90156 -0.00444306 0.432632 100.834 
0.430092 -0.0565622 -0.901012 -87.0836 0.0305053 0.998376 -0.0481129 -8.82296 0.90227 -0.00679263 0.431119 101.324 
0.428551 -0.05752 -0.901685 -88.1871 0.0326139 0.998306 -0.048183 -8.90308 0.902929 -0.00875854 0.429701 101.827 
0.427044 -0.0592788 -0.902286 -89.2685 0.0345387 0.99819 -0.0492327 -8.9779 0.903571 -0.0101392 0.428318 102.326 
0.426057 -0.0606932 -0.902658 -90.3409 0.0349195 0.998107 -0.0506289 -9.05897 0.904022 -0.0099495 0.427369 102.829 
0.426261 -0.0614903 -0.902508 -91.4022 0.0338073 0.998073 -0.052034 -9.13569 0.903968 -0.00833125 0.427518 103.307 
0.428358 -0.0610437 -0.901545 -92.447 0.0316465 0.998117 -0.0525461 -9.21743 0.903055 -0.00602209 0.429483 103.779 
0.431774 -0.0619979 -0.899849 -93.4719 0.0310343 0.998065 -0.0538737 -9.29669 0.901448 -0.00466488 0.432863 104.261 
0.436948 -0.0622487 -0.89733 -94.4923 0.0293532 0.998058 -0.054943 -9.37752 0.899008 -0.00233221 0.437927 104.734 
0.442679 -0.0623973 -0.894506 -95.5097 0.0291935 0.99805 -0.0551726 -9.4584 0.896205 -0.00168998 0.443638 105.216 
0.449385 -0.0617914 -0.891199 -96.5078 0.0291936 0.998088 -0.0544818 -9.53568 0.892861 -0.00153391 0.45033 105.706 
0.45704 -0.0607651 -0.887368 -97.4927 0.028295 0.998152 -0.053778 -9.61632 0.888996 -0.000529321 0.457915 106.199 
0.466029 -0.0604383 -0.882703 -98.4933 0.0279048 0.998172 -0.0536119 -9.68727 0.884329 0.00035307 0.466863 106.705 
0.475151 -0.0596273 -0.877882 -99.4598 0.027133 0.99822 -0.0531153 -9.76634 0.879486 0.00141825 0.475923 107.21 
0.484761 -0.0606669 -0.87254 -100.418 0.026321 0.998152 -0.0547773 -9.8405 0.87425 0.00358786 0.485462 107.723 
0.494901 -0.0616319 -0.866761 -101.384 0.0245806 0.998075 -0.0569341 -9.925 0.868601 0.0068713 0.495464 108.263 
0.50583 -0.0618632 -0.860412 -102.32 0.0230498 0.998038 -0.0582076 -10.0206 0.862325 0.00961086 0.506264 108.803 
0.517962 -0.0603144 -0.853274 -103.266 0.0212624 0.998111 -0.0576454 -10.0935 0.855139 0.0117155 0.518266 109.348 
0.530858 -0.0575815 -0.845503 -104.197 0.019289 0.998252 -0.0558734 -10.1734 0.847242 0.013352 0.53104 109.902 
0.543154 -0.0555059 -0.837796 -105.096 0.018785 0.998366 -0.0539655 -10.2472 0.839423 0.0135737 0.543309 110.458 
0.555099 -0.0537529 -0.830046 -105.99 0.0175844 0.998445 -0.0528986 -10.3305 0.831599 0.0147682 0.555181 111.026 
0.566605 -0.0545056 -0.822185 -106.873 0.0183824 0.998398 -0.0535192 -10.4095 0.823785 0.0152106 0.566699 111.605 
0.577294 -0.0554995 -0.814648 -107.747 0.0186351 0.998323 -0.0548072 -10.4821 0.816324 0.0164588 0.57736 112.21 
0.587702 -0.0569731 -0.807069 -108.589 0.0208338 0.998253 -0.0552983 -10.5614 0.808809 0.0156847 0.587862 112.814 
0.598167 -0.0570396 -0.799339 -109.411 0.0214375 0.998246 -0.0551911 -10.6347 0.801085 0.0158777 0.59834 113.414 
0.608205 -0.0548141 -0.791885 -110.246 0.0209831 0.998375 -0.0529912 -10.7131 0.793503 0.0156133 0.608366 114.044 
0.617692 -0.0521911 -0.784686 -111.052 0.0215147 0.998543 -0.0494791 -10.7805 0.786126 0.0136806 0.617915 114.671 
0.627306 -0.0502153 -0.777152 -111.844 0.019957 0.998628 -0.0484169 -10.8486 0.778517 0.0148627 0.627448 115.3 
0.637823 -0.0492642 -0.768606 -112.634 0.0178254 0.998629 -0.0492154 -10.9169 0.769977 0.01769 0.637827 115.921 
0.646536 -0.049128 -0.7613 -113.401 0.0165087 0.998592 -0.0504208 -10.9877 0.762705 0.0200308 0.646436 116.569 
0.655471 -0.048919 -0.753634 -114.145 0.0169354 0.998601 -0.0500905 -11.0549 0.75503 0.0200698 0.655383 117.204 
0.664314 -0.0469671 -0.745977 -114.894 0.01681 0.99871 -0.0479096 -11.1223 0.747265 0.0192871 0.664247 117.857 
0.672762 -0.0457928 -0.738441 -115.638 0.0175895 0.998791 -0.0459127 -11.1848 0.73965 0.0178995 0.672754 118.532 
0.680891 -0.0451015 -0.730995 -116.351 0.0174806 0.998819 -0.0453435 -11.2394 0.732176 0.0180958 0.680875 119.173 
0.68819 -0.0443023 -0.724176 -117.047 0.0165506 0.998833 -0.0453767 -11.3024 0.725341 0.0192423 0.68812 119.837 
0.695212 -0.0439939 -0.717457 -117.726 0.0165737 0.998841 -0.0451883 -11.3586 0.718613 0.0195245 0.695136 120.494 
0.70205 -0.0416673 -0.710907 -118.402 0.0160528 0.998959 -0.0426977 -11.4124 0.711947 0.0185639 0.701988 121.148 
0.708853 -0.0390276 -0.704276 -119.075 0.015142 0.99908 -0.0401238 -11.4641 0.705194 0.0177778 0.708792 121.822 
0.716062 -0.0379277 -0.697006 -119.723 0.0145969 0.999118 -0.0393712 -11.5133 0.697885 0.0180182 0.715984 122.475 
0.723239 -0.0368757 -0.689612 -120.342 0.0138361 0.999147 -0.0389168 -11.5711 0.690459 0.0186046 0.723132 123.12 
0.730921 -0.0344446 -0.681593 -120.96 0.0118704 0.999216 -0.0377665 -11.6222 0.682359 0.0195136 0.730757 123.771 
0.740071 -0.0315078 -0.67179 -121.568 0.0107836 0.99933 -0.0349902 -11.667 0.672442 0.0186509 0.739914 124.411 
0.749047 -0.0272034 -0.661958 -122.158 0.00866616 0.999474 -0.0312675 -11.7177 0.66246 0.0176842 0.748889 125.075 
0.759108 -0.0253162 -0.650472 -122.733 0.00720702 0.999509 -0.03049 -11.7621 0.650924 0.0184573 0.758918 125.725 
0.769133 -0.0243898 -0.638623 -123.314 0.00543663 0.999485 -0.0316239 -11.7986 0.639066 0.020851 0.768869 126.394 
0.779162 -0.0261393 -0.626278 -123.915 0.00621334 0.999403 -0.0339825 -11.8208 0.626792 0.0225866 0.778859 127.077 
0.788929 -0.0241887 -0.614008 -124.419 0.00489574 0.999441 -0.0330823 -11.8684 0.614465 0.0230936 0.788606 127.723 
0.798759 -0.0226238 -0.601226 -124.918 0.0046545 0.999495 -0.0314267 -11.9069 0.601633 0.022304 0.798461 128.391 
0.808769 -0.0205555 -0.587768 -125.428 0.00440923 0.999573 -0.0288901 -11.9425 0.588111 0.0207738 0.808514 129.071 
0.818172 -0.0195324 -0.574641 -125.903 0.00522191 0.999634 -0.0265433 -11.9747 0.574949 0.0187163 0.817975 129.745 
0.827151 -0.0186246 -0.561672 -126.405 0.00619939 0.999692 -0.0240195 -11.9974 0.561946 0.0163858 0.827011 130.5 
0.835161 -0.0173384 -0.549733 -126.867 0.0065265 0.999745 -0.0216165 -12.0282 0.549967 0.0144655 0.835061 131.189 
0.842361 -0.0179226 -0.538615 -127.331 0.00830008 0.99976 -0.0202866 -12.0561 0.538849 0.0126182 0.842308 131.901 
0.849063 -0.0181908 -0.527978 -127.774 0.00880869 0.999756 -0.0202797 -12.077 0.528218 0.012568 0.849016 132.584 
0.855572 -0.0173946 -0.517391 -128.222 0.00810274 0.999763 -0.020213 -12.1041 0.51762 0.0131014 0.85551 133.296 
0.862191 -0.0152557 -0.506353 -128.649 0.0063927 0.999795 -0.0192373 -12.1417 0.506543 0.0133493 0.862112 134.015 
0.868256 -0.0142959 -0.495911 -129.068 0.00572435 0.999807 -0.0187996 -12.1718 0.496084 0.0134842 0.86817 134.75 
0.874167 -0.0148797 -0.485398 -129.489 0.00651456 0.9998 -0.0189163 -12.199 0.485582 0.0133739 0.874089 135.492 
0.879049 -0.0159162 -0.476465 -129.907 0.00749503 0.99978 -0.0195697 -12.233 0.476672 0.0136316 0.878976 136.268 
0.883138 -0.0165273 -0.468823 -130.305 0.0081453 0.999769 -0.019901 -12.2649 0.469043 0.0137567 0.883068 137.018 
0.886437 -0.0156174 -0.462585 -130.715 0.0074958 0.999784 -0.01939 -12.2918 0.462788 0.0137206 0.886363 137.804 
0.889494 -0.0138781 -0.456736 -131.128 0.00716767 0.99984 -0.0164215 -12.3098 0.456891 0.0113331 0.889451 138.589 
0.892608 -0.00944741 -0.450734 -131.546 0.00450885 0.999918 -0.0120293 -12.3397 0.450811 0.00870524 0.892577 139.382 
0.895989 -0.00720702 -0.444017 -131.959 0.00327898 0.999948 -0.00961393 -12.356 0.444064 0.0071581 0.895967 140.195 
0.89917 -0.00460247 -0.437576 -132.397 0.00150943 0.999971 -0.00741617 -12.3714 0.437598 0.00600795 0.899151 141.057 
0.902455 -0.00252546 -0.430777 -132.833 0.000411177 0.999987 -0.00500118 -12.4017 0.430784 0.00433626 0.902444 141.933 
0.905596 -0.000769599 -0.42414 -133.233 -4.61091e-05 0.999998 -0.00191301 -12.4219 0.424141 0.00175202 0.905595 142.801 
0.90885 -0.00071434 -0.417123 -133.66 0.000833318 1 0.000103062 -12.4401 0.417123 -0.000441215 0.90885 143.708 
0.912203 -0.000857209 -0.409738 -134.047 0.00144233 0.999998 0.00111889 -12.45 0.409737 -0.00161159 0.912202 144.578 
0.915824 -0.00149891 -0.401578 -134.453 0.00215096 0.999997 0.00117278 -12.4594 0.401575 -0.00193779 0.915824 145.481 
0.919824 -0.00341037 -0.392317 -134.877 0.00407551 0.999991 0.000862523 -12.4816 0.392311 -0.00239221 0.91983 146.416 
0.923614 -0.00497944 -0.383292 -135.261 0.00534607 0.999986 -0.000108784 -12.4946 0.383287 -0.00194858 0.923627 147.35 
0.92793 -0.0058484 -0.372709 -135.652 0.0055317 0.999983 -0.00191919 -12.5158 0.372713 -0.000280787 0.927947 148.313 
0.933016 -0.00425182 -0.35981 -136.043 0.00346163 0.99999 -0.00284055 -12.5143 0.359819 0.00140479 0.933021 149.279 
0.938789 -0.000160802 -0.344493 -136.399 -0.000350764 0.999999 -0.00142275 -12.536 0.344493 0.00145655 0.938788 150.27 
0.945266 0.003233 -0.326284 -136.764 -0.00291416 0.999995 0.00146588 -12.54 0.326287 -0.000434759 0.945271 151.298 
0.951671 0.00633623 -0.307053 -137.074 -0.00570709 0.999979 0.00294669 -12.559 0.307065 -0.00105186 0.951688 152.298 
0.958138 0.00782731 -0.2862 -137.386 -0.00705846 0.999968 0.00371783 -12.5669 0.28622 -0.00154202 0.958163 153.307 
0.964204 0.00912628 -0.265006 -137.683 -0.00804725 0.999954 0.00515702 -12.5731 0.265041 -0.0028398 0.964233 154.352 
0.969769 0.00982927 -0.243828 -137.945 -0.00815281 0.999936 0.00788366 -12.5849 0.24389 -0.00565739 0.969786 155.392 
0.974887 0.0124864 -0.22235 -138.21 -0.0101141 0.999879 0.0118047 -12.6003 0.222471 -0.00925938 0.974895 156.474 
0.979636 0.014312 -0.200272 -138.451 -0.0113636 0.99981 0.0158638 -12.5979 0.200461 -0.0132649 0.979612 157.581 
0.983898 0.0162551 -0.177991 -138.675 -0.0130369 0.99973 0.0192351 -12.6127 0.178256 -0.0166049 0.983844 158.724 
0.987611 0.0180241 -0.155882 -138.881 -0.0152108 0.9997 0.019222 -12.6071 0.156181 -0.0166127 0.987589 159.871 
0.990833 0.0171169 -0.134006 -139.054 -0.0149647 0.999743 0.017051 -12.6007 0.134263 -0.0148893 0.990834 161.036 
0.993401 0.016745 -0.113463 -139.193 -0.0150183 0.999758 0.0160552 -12.5997 0.113704 -0.0142452 0.993413 162.184 
0.995451 0.0156312 -0.0939793 -139.288 -0.0139966 0.99974 0.0180275 -12.5861 0.0942365 -0.01663 0.995411 163.354 
0.997079 0.0158145 -0.0747229 -139.383 -0.014378 0.999702 0.0197223 -12.5868 0.0750125 -0.0185902 0.997009 164.573 
0.998365 0.0155465 -0.0550143 -139.453 -0.0144301 0.999683 0.0206324 -12.5807 0.0553176 -0.0198047 0.998272 165.802 
0.99921 0.0171541 -0.0358619 -139.46 -0.0163906 0.999635 0.0214777 -12.586 0.0362172 -0.0208728 0.999126 166.874 
0.999719 0.0175573 -0.0159033 -139.463 -0.017201 0.999604 0.0222704 -12.5923 0.016288 -0.0219905 0.999626 168.182 
0.999803 0.0195218 0.00363646 -139.406 -0.0195978 0.999561 0.0222323 -12.6276 -0.00320089 -0.0222992 0.999746 169.447 
0.99951 0.0207469 0.0234433 -139.393 -0.0212496 0.999545 0.0214014 -12.6356 -0.0229887 -0.021889 0.999496 170.784 
0.998877 0.020873 0.0425424 -139.327 -0.0217158 0.999575 0.0194472 -12.6571 -0.0421185 -0.0203492 0.998905 172.078 
0.997859 0.0227301 0.0613207 -139.247 -0.0238123 0.999572 0.0169753 -12.6416 -0.0609087 -0.0183991 0.997974 173.496 
0.996609 0.0231536 0.0789642 -139.011 -0.0244789 0.999575 0.0158565 -12.6896 -0.0785635 -0.0177356 0.996751 174.728 
0.994991 0.0230903 0.0972612 -138.869 -0.0244915 0.999612 0.0132382 -12.7087 -0.0969179 -0.0155539 0.995171 176.13 
0.993012 0.0238609 0.115575 -138.736 -0.024964 0.999656 0.00810694 -12.7234 -0.115341 -0.0109355 0.993266 177.484 
0.990721 0.0255517 0.13349 -138.585 -0.025981 0.999661 0.00147532 -12.7393 -0.133407 -0.00492978 0.991049 178.804 
0.988363 0.0269817 0.149702 -138.297 -0.026835 0.999635 -0.00299987 -12.7938 -0.149728 -0.00105225 0.988727 180.2 
0.985565 0.02963 0.166687 -138.087 -0.0288701 0.999559 -0.00698067 -12.8164 -0.16682 0.00206768 0.985985 181.547 
0.98248 0.0310307 0.183768 -137.852 -0.029797 0.999511 -0.00947143 -12.8674 -0.183972 0.00382979 0.982924 182.884 
0.979109 0.0301268 0.201092 -137.597 -0.0288676 0.999541 -0.00919179 -12.8909 -0.201277 0.00319475 0.979529 184.211 
0.975608 0.0289859 0.217596 -137.272 -0.0275463 0.999574 -0.00964669 -12.9317 -0.217783 0.00341746 0.975991 185.633 
0.97177 0.0290321 0.234138 -136.938 -0.0264861 0.999551 -0.0140117 -13.0053 -0.23444 0.00741477 0.972102 187.033 
0.967671 0.0302525 0.250394 -136.589 -0.0265796 0.999484 -0.0180376 -13.0591 -0.250811 0.0107991 0.967976 188.459 
0.96345 0.0325349 0.265906 -136.075 -0.0288106 0.999425 -0.0178956 -13.1369 -0.266335 0.00958063 0.963833 189.975 
0.958511 0.034477 0.282963 -135.698 -0.0305298 0.999365 -0.0183486 -13.1826 -0.283416 0.00894855 0.958955 191.337 
0.953014 0.0380469 0.300529 -135.261 -0.0333816 0.999229 -0.0206451 -13.2923 -0.301082 0.00964302 0.953549 192.785 
0.947644 0.0383191 0.317021 -134.778 -0.0323831 0.999188 -0.023974 -13.3622 -0.317682 0.0124527 0.948116 194.228 
0.941719 0.0391792 0.334111 -134.258 -0.0323525 0.999139 -0.0259745 -13.4396 -0.334841 0.0136514 0.942176 195.764 
0.935245 0.0395002 0.351791 -133.771 -0.0306148 0.999057 -0.0307869 -13.5199 -0.352675 0.0180233 0.935572 197.22 
0.928161 0.0426374 0.369729 -133.093 -0.0313716 0.998844 -0.0364325 -13.6353 -0.370855 0.0222163 0.928425 198.75 
0.919082 0.0459853 0.391374 -132.518 -0.0331809 0.998672 -0.0394205 -13.7427 -0.392667 0.0232445 0.919387 200.243 
0.908583 0.0482717 0.414905 -131.901 -0.0345293 0.99858 -0.0405644 -13.8307 -0.416274 0.0225298 0.90896 201.692 
0.896544 0.0530223 0.43977 -131.203 -0.0379013 0.998352 -0.0431013 -13.934 -0.441331 0.0219744 0.897076 203.201 
0.883556 0.0568425 0.464864 -130.489 -0.0397682 0.998128 -0.0464623 -14.0285 -0.466635 0.0225652 0.884162 204.654 
0.869541 0.0611618 0.49006 -129.741 -0.0421544 0.997872 -0.0497422 -14.1167 -0.492059 0.0225947 0.870269 206.171 
0.855511 0.0624915 0.514 -128.926 -0.0416589 0.997779 -0.051971 -14.2312 -0.516106 0.0230491 0.856215 207.589 
0.840573 0.0638192 0.537925 -128.092 -0.0412188 0.997692 -0.0539563 -14.3626 -0.540127 0.0231817 0.841264 209.045 
0.825514 0.0658735 0.560524 -127.155 -0.0398396 0.997489 -0.058552 -14.4926 -0.562974 0.0260044 0.826065 210.421 
0.81003 0.0678138 0.582454 -126.272 -0.0379183 0.997269 -0.063376 -14.6284 -0.585161 0.0292508 0.810389 211.755 
0.794728 0.0696549 0.602956 -125.338 -0.037115 0.997111 -0.0662691 -14.7751 -0.60583 0.0302872 0.795018 213.074 
0.779998 0.0707768 0.621767 -124.407 -0.0352925 0.996977 -0.0692137 -14.9151 -0.624787 0.0320428 0.780138 214.248 
0.765296 0.0707764 0.639775 -123.424 -0.0333904 0.996963 -0.0703495 -15.0647 -0.642812 0.0324758 0.765335 215.461 
0.750938 0.0713028 0.656512 -122.419 -0.0320648 0.996918 -0.0715971 -15.2174 -0.659594 0.0327141 0.75091 216.658 
0.736915 0.0716333 0.67218 -121.331 -0.0292745 0.996818 -0.0741357 -15.3612 -0.675352 0.034954 0.736667 217.875 
0.722238 0.0731508 0.687765 -120.284 -0.0273129 0.996632 -0.0773199 -15.5046 -0.691105 0.0370586 0.721804 219.085 
0.708076 0.0744726 0.702198 -119.191 -0.0245418 0.996418 -0.080929 -15.6771 -0.70571 0.0400707 0.707367 220.23 
0.693805 0.0765369 0.716084 -118.064 -0.0238761 0.996235 -0.0833468 -15.8354 -0.719767 0.0407292 0.69302 221.353 
0.679586 0.0771891 0.729523 -116.867 -0.0231403 0.99621 -0.0838501 -16.0166 -0.733231 0.040102 0.678797 222.455 
0.664273 0.0780659 0.743403 -115.714 -0.0233981 0.996216 -0.0837067 -16.1737 -0.747124 0.0382099 0.663586 223.506 
0.647549 0.0793893 0.757877 -114.551 -0.0256895 0.996267 -0.0824114 -16.3223 -0.761591 0.033896 0.647171 224.551 
0.630812 0.0803387 0.771766 -113.356 -0.0283052 0.996346 -0.0805812 -16.4929 -0.77542 0.0289866 0.630781 225.548 
0.6139 0.0819843 0.785115 -112.148 -0.0308971 0.996326 -0.0798804 -16.6567 -0.788779 0.0247808 0.614177 226.54 
0.596769 0.0849388 0.797905 -110.924 -0.0321979 0.996116 -0.0819573 -16.8366 -0.801767 0.0232187 0.597185 227.483 
0.579903 0.0887321 0.809839 -109.65 -0.0349647 0.995846 -0.0840751 -16.9943 -0.813935 0.0204397 0.580597 228.399 
0.561819 0.0884097 0.822522 -108.401 -0.0346181 0.995915 -0.0834012 -17.1619 -0.826535 0.0183823 0.562585 229.288 
0.541616 0.0876407 0.836045 -107.183 -0.0358602 0.996054 -0.0811826 -17.3073 -0.839861 0.0139891 0.542622 230.129 
0.52119 0.0855606 0.849141 -105.949 -0.0357617 0.996278 -0.0784362 -17.4711 -0.852691 0.0105135 0.52231 230.944 
0.500461 0.0840081 0.861674 -104.728 -0.0360802 0.99644 -0.0761915 -17.6254 -0.865007 0.00704158 0.501711 231.699 
0.47962 0.0827252 0.873568 -103.435 -0.0351295 0.996558 -0.0750847 -17.7783 -0.876773 0.00532415 0.480876 232.475 
0.458839 0.0821662 0.884712 -102.167 -0.0345868 0.996612 -0.0746208 -17.9194 -0.887846 0.00363963 0.460127 233.179 
0.439008 0.0810784 0.894817 -100.849 -0.0312605 0.996696 -0.0749727 -18.0508 -0.897939 0.00494119 0.440092 233.861 
0.418573 0.0813485 0.904532 -99.5729 -0.0290544 0.99667 -0.0761899 -18.195 -0.907718 0.00561044 0.419543 234.49 
0.398671 0.0801099 0.913588 -98.2393 -0.0250604 0.996757 -0.0764668 -18.3542 -0.916751 0.00759023 0.399386 235.078 
0.378074 0.0784683 0.922444 -96.949 -0.0237986 0.996896 -0.0750474 -18.4886 -0.925469 0.00642066 0.378768 235.65 
0.358253 0.0779608 0.930364 -95.6645 -0.0222664 0.996938 -0.0749653 -18.6225 -0.933359 0.00614075 0.358892 236.175 
0.338604 0.0826096 0.937296 -94.3116 -0.0228721 0.996567 -0.0795708 -18.7715 -0.940651 0.00550512 0.339331 236.71 
0.319578 0.091828 0.9431 -92.9661 -0.0241706 0.995759 -0.0887649 -18.9194 -0.947252 0.00557202 0.320442 237.204 
0.300772 0.0995921 0.948482 -91.647 -0.026274 0.99502 -0.096147 -19.0674 -0.953334 0.00399799 0.301891 237.656 
0.281083 0.103738 0.95406 -90.3374 -0.0285882 0.994604 -0.0997242 -19.2198 -0.959258 0.000755937 0.282532 238.103 
0.261352 0.104963 0.95952 -89.0614 -0.0310429 0.99447 -0.100331 -19.3813 -0.964744 -0.00356448 0.263165 238.498 
0.241218 0.10526 0.964746 -87.7801 -0.034683 0.994401 -0.0998236 -19.5346 -0.969851 -0.00938103 0.243518 238.879 
0.221995 0.105788 0.969292 -86.4576 -0.0361351 0.994307 -0.100242 -19.683 -0.974378 -0.0127722 0.224554 239.228 
0.203116 0.10439 0.973574 -85.2161 -0.0363295 0.99442 -0.0990452 -19.8349 -0.978481 -0.0152518 0.205775 239.528 
0.184651 0.104451 0.977238 -83.9919 -0.0366759 0.994376 -0.0993524 -19.981 -0.98212 -0.0174955 0.187443 239.795 
0.16637 0.105074 0.980449 -82.7536 -0.0357959 0.994295 -0.100484 -20.126 -0.985413 -0.0183786 0.169182 240.037 
0.14745 0.109155 0.983028 -81.4889 -0.0396853 0.993744 -0.104392 -20.2625 -0.988273 -0.0236192 0.15086 240.265 
0.129214 0.110881 0.985398 -80.2525 -0.0396931 0.993511 -0.106588 -20.4164 -0.990822 -0.0253408 0.132777 240.463 
0.112173 0.107646 0.987841 -78.9889 -0.0401914 0.993793 -0.103731 -20.5817 -0.992876 -0.0280669 0.115803 240.642 
0.0963849 0.102964 0.990004 -77.7568 -0.0376915 0.994299 -0.0997406 -20.7434 -0.99463 -0.0277013 0.0997162 240.799 
0.08233 0.0986264 0.991713 -76.5434 -0.0369884 0.994708 -0.0958535 -20.8902 -0.995919 -0.0287902 0.0855424 240.925 
0.0699774 0.0950414 0.993011 -75.3585 -0.0346531 0.995082 -0.0927975 -21.0292 -0.996947 -0.0279172 0.0729267 241.027 
0.0594808 0.0949815 0.9937 -74.1922 -0.0341268 0.995075 -0.09307 -21.1677 -0.997646 -0.0283759 0.0624293 241.123 
0.05083 0.0974219 0.993944 -73.0256 -0.0346064 0.994805 -0.0957365 -21.2995 -0.998108 -0.0295306 0.0539373 241.205 
0.0437411 0.0988789 0.994138 -71.8852 -0.0357566 0.994607 -0.0973523 -21.4396 -0.998403 -0.0312887 0.0470408 241.286 
0.037364 0.103183 0.99396 -70.7645 -0.0361469 0.994144 -0.101843 -21.5709 -0.998648 -0.0321234 0.040875 241.366 
0.0320929 0.111709 0.993223 -69.6476 -0.0357585 0.993227 -0.110554 -21.7136 -0.998845 -0.0319681 0.0358701 241.421 
0.0268731 0.114598 0.993048 -68.5423 -0.0374274 0.992826 -0.11356 -21.8437 -0.998938 -0.0341156 0.0309694 241.489 
0.0233981 0.106411 0.994047 -67.4384 -0.0364817 0.993748 -0.105521 -21.9782 -0.99906 -0.0337956 0.0271339 241.53 
0.0207909 0.096293 0.995136 -66.3336 -0.0352358 0.994803 -0.0955246 -22.1151 -0.999163 -0.0330784 0.0240758 241.579 
0.0195123 0.0927632 0.995497 -65.2452 -0.0349405 0.995142 -0.0920452 -22.2337 -0.999199 -0.0329872 0.0226587 241.622 
0.0193937 0.0948378 0.995304 -64.1715 -0.0354666 0.99493 -0.094111 -22.3509 -0.999183 -0.0334749 0.022659 241.672 
0.0192102 0.0978154 0.995019 -63.1132 -0.0351735 0.994653 -0.0971003 -22.471 -0.999197 -0.033133 0.022548 241.725 
0.0210855 0.100352 0.994729 -62.0604 -0.0381157 0.994307 -0.0995018 -22.5937 -0.999051 -0.0358167 0.0247904 241.766 
0.0227676 0.101222 0.994603 -61.0253 -0.0401562 0.994151 -0.100256 -22.7097 -0.998934 -0.0376569 0.0266991 241.82 
0.0259029 0.102837 0.994361 -59.9919 -0.0407345 0.993977 -0.101736 -22.8289 -0.998834 -0.0378695 0.0299359 241.873 
0.0297249 0.104034 0.994129 -58.9708 -0.0426414 0.993796 -0.102724 -22.9443 -0.998648 -0.0393376 0.0339766 241.928 
0.0336753 0.105211 0.99388 -57.9605 -0.0442358 0.993626 -0.103685 -23.0614 -0.998453 -0.0404734 0.0381147 241.999 
0.0397282 0.104501 0.993731 -56.9435 -0.0453141 0.993681 -0.102684 -23.1746 -0.998183 -0.0409506 0.0442125 242.066 
0.0458113 0.103341 0.99359 -55.9324 -0.0448707 0.993844 -0.101299 -23.2921 -0.997942 -0.0399425 0.0501663 242.147 
0.0530488 0.102545 0.993313 -54.9326 -0.0426726 0.994038 -0.100341 -23.4059 -0.99768 -0.0370643 0.0571084 242.218 
0.0599511 0.103217 0.992851 -53.9476 -0.0416083 0.994034 -0.100827 -23.5207 -0.997334 -0.0352661 0.0638881 242.308 
0.0664309 0.103561 0.992402 -52.9679 -0.0432312 0.993964 -0.10083 -23.6258 -0.996854 -0.0362046 0.070507 242.405 
0.0728358 0.102573 0.992055 -51.9899 -0.0445125 0.99404 -0.0995098 -23.7369 -0.99635 -0.036911 0.0769675 242.506 
0.079156 0.100578 0.991775 -50.9996 -0.0448777 0.994248 -0.097247 -23.843 -0.995852 -0.0368109 0.0832144 242.614 
0.0855081 0.0986467 0.991442 -50.0277 -0.0445514 0.99447 -0.0951055 -23.959 -0.995341 -0.0360378 0.0894301 242.728 
0.0921449 0.0991173 0.9908 -49.0468 -0.0447562 0.99444 -0.095319 -24.0701 -0.994739 -0.0355613 0.0960687 242.847 
0.0982293 0.101686 0.989955 -48.0711 -0.0449633 0.994204 -0.0976613 -24.1749 -0.994148 -0.0349185 0.102232 242.979 
0.104498 0.103171 0.989159 -47.1061 -0.0447964 0.994083 -0.0989524 -24.2823 -0.993516 -0.0339704 0.108502 243.108 
0.110172 0.105124 0.988338 -46.1173 -0.0469707 0.993831 -0.100472 -24.3931 -0.992802 -0.0353536 0.11443 243.262 
0.116063 0.105728 0.987599 -45.1573 -0.0487588 0.993726 -0.100653 -24.4995 -0.992044 -0.036472 0.12049 243.414 
0.121968 0.10554 0.986907 -44.1717 -0.0495723 0.993737 -0.100144 -24.6107 -0.991295 -0.0367089 0.126436 243.586 
0.12777 0.103496 0.986389 -43.2058 -0.0510533 0.993908 -0.0976718 -24.7227 -0.990489 -0.0378789 0.132275 243.74 
0.133864 0.101886 0.985748 -42.2443 -0.0513725 0.994077 -0.09577 -24.8289 -0.989667 -0.0378202 0.138305 243.903 
0.140151 0.101414 0.984923 -41.2866 -0.0519921 0.994122 -0.0949625 -24.9367 -0.988764 -0.0378992 0.1446 244.061 
0.14735 0.102366 0.983773 -40.3596 -0.0517288 0.994066 -0.0956885 -25.0453 -0.987731 -0.0367896 0.151771 244.206 
0.154229 0.102648 0.982689 -39.4127 -0.0495175 0.994142 -0.0960726 -25.1524 -0.986794 -0.0338431 0.158408 244.387 
0.163155 0.104026 0.981101 -38.4674 -0.0479852 0.994086 -0.0974227 -25.2574 -0.985433 -0.0311833 0.167181 244.557 
