1 2.12261e-08 -2.11895e-08 0 2.12261e-08 1 2.10703e-08 0 -2.11895e-08 2.10703e-08 1 0 
0.999872 0.00160405 0.0158963 0.00700884 -0.00158492 0.999998 -0.00121273 0.00033897 -0.0158983 0.00118742 0.999873 0.121824 
0.999296 0.00456806 0.0372489 0.0241676 -0.00454297 0.999989 -0.000757118 0.000755501 -0.037252 0.000587405 0.999306 0.254879 
0.997906 0.00611823 0.0643918 0.0539757 -0.00616589 0.999981 0.000542157 0.00143344 -0.0643873 -0.000938014 0.997925 0.416608 
0.995131 0.00585535 0.0983904 0.101538 -0.00616851 0.999977 0.00287941 -0.00509207 -0.0983713 -0.00347227 0.995144 0.573352 
0.990617 0.00288278 0.136636 0.161751 -0.00357465 0.999982 0.00481882 -0.00178002 -0.13662 -0.00526199 0.99061 0.733071 
0.984417 0.000130895 0.175853 0.257402 -0.00106055 0.999986 0.00519282 -0.00499885 -0.17585 -0.00529836 0.984403 0.907765 
0.975572 1.90669e-06 0.21968 0.339144 -0.00137135 0.999981 0.00608152 0.00453304 -0.219676 -0.00623418 0.975553 1.10587 
0.963328 -5.61337e-05 0.268325 0.401499 -0.00250062 0.999955 0.00918696 0.000305838 -0.268314 -0.009521 0.963285 1.27588 
0.948694 -0.00405846 0.316171 0.521932 -0.00114108 0.999867 0.0162586 -0.00205799 -0.316195 -0.0157852 0.948563 1.49636 
0.931567 -0.0134429 0.363322 0.623086 0.00490633 0.99969 0.0244086 -0.0229566 -0.363537 -0.0209557 0.931344 1.6633 
0.910068 -0.0194065 0.414004 0.741558 0.00802257 0.999541 0.0292184 -0.0349838 -0.414381 -0.0232693 0.909806 1.83602 
0.884572 -0.0201253 0.465969 0.904758 0.00554557 0.999452 0.0326393 -0.0190141 -0.46637 -0.0262877 0.884199 2.05323 
0.855779 -0.0223017 0.51686 1.01414 0.00343513 0.999293 0.0374304 -0.0135081 -0.51733 -0.0302566 0.855251 2.21122 
0.823016 -0.0272788 0.567363 1.17275 0.00434417 0.999119 0.0417361 -0.0169816 -0.568002 -0.0318847 0.82241 2.38736 
0.786312 -0.0323364 0.616983 1.35437 0.00590933 0.998977 0.0448259 -0.00911169 -0.617801 -0.0316012 0.785699 2.57544 
0.747745 -0.0359364 0.663013 1.53951 0.00627091 0.998872 0.0470683 0.00630147 -0.663957 -0.0310374 0.747127 2.72922 
0.707 -0.0386674 0.706156 1.78019 0.00687004 0.998833 0.0478156 0.0214412 -0.70718 -0.0289543 0.70644 2.93599 
0.664332 -0.0403364 0.746348 2.0557 0.0057898 0.998791 0.0488261 0.0352771 -0.747415 -0.0281155 0.663762 3.1463 
0.620907 -0.040063 0.78286 2.34153 0.000311308 0.998706 0.0508622 0.0440357 -0.783884 -0.0313369 0.620116 3.34441 
0.578271 -0.0408443 0.814822 2.65568 -0.00215762 0.998666 0.0515911 0.0635362 -0.815842 -0.0315917 0.577411 3.5463 
0.537437 -0.0425061 0.842232 3.00554 -0.00441375 0.998573 0.0532129 0.0575899 -0.843293 -0.0323159 0.536482 3.75284 
0.498151 -0.0447607 0.865935 3.39974 -0.00551375 0.998483 0.0547842 0.0715418 -0.867073 -0.0320653 0.497148 3.96716 
0.460523 -0.0448215 0.886516 3.81928 -0.00805266 0.998472 0.0546651 0.0773098 -0.887612 -0.0323133 0.459458 4.15518 
0.42363 -0.0440732 0.904762 4.26066 -0.00950222 0.998545 0.0530908 0.0970439 -0.905785 -0.0310881 0.422595 4.34755 
0.389571 -0.0428857 0.919997 4.73539 -0.00754289 0.998733 0.04975 0.116086 -0.920966 -0.0263206 0.388754 4.5396 
0.360024 -0.0408433 0.932048 5.24753 -0.00612465 0.998916 0.0461393 0.136709 -0.932923 -0.0223197 0.359384 4.71264 
0.334452 -0.0392207 0.941596 5.77314 -0.00449308 0.999056 0.04321 0.155904 -0.942402 -0.0186823 0.33396 4.88332 
0.314197 -0.0385492 0.948575 6.33792 -0.00344765 0.999122 0.0417454 0.18011 -0.949352 -0.0163866 0.313788 5.06066 
0.29952 -0.0387526 0.953303 6.93829 -0.0025136 0.999139 0.0414057 0.211909 -0.954087 -0.0147981 0.299165 5.24838 
0.287763 -0.0401708 0.956859 7.56971 -0.00119943 0.999104 0.0423051 0.238008 -0.957701 -0.0133215 0.287457 5.44847 
0.276551 -0.0415394 0.960101 8.21708 -0.00259717 0.999029 0.0439718 0.270858 -0.960996 -0.014654 0.276174 5.65288 
0.26602 -0.0432411 0.962997 8.88008 -0.00413723 0.998933 0.0459976 0.293723 -0.963959 -0.0162204 0.265557 5.84331 
0.255781 -0.0450941 0.965682 9.57927 -0.00476508 0.998841 0.0479046 0.327582 -0.966723 -0.0168547 0.25527 6.0392 
0.245476 -0.0470329 0.968261 10.2899 -0.00580806 0.998733 0.0499856 0.352226 -0.969385 -0.017894 0.244892 6.23392 
0.235039 -0.0483235 0.970784 11.029 -0.00571979 0.998677 0.0510969 0.385869 -0.971969 -0.0175624 0.234451 6.42189 
0.224862 -0.0496583 0.973124 11.7851 -0.00602489 0.998611 0.0523511 0.414235 -0.974372 -0.0176348 0.224251 6.59742 
0.213891 -0.052125 0.975466 12.5599 -0.0078099 0.998452 0.0550659 0.451466 -0.976826 -0.0193964 0.213153 6.78696 
0.202649 -0.0555851 0.977673 13.3451 -0.0092932 0.998234 0.0586804 0.490394 -0.979207 -0.0209773 0.201775 6.95648 
0.190107 -0.0594248 0.979963 14.1486 -0.01048 0.997987 0.0625508 0.524066 -0.981708 -0.0221614 0.189101 7.13107 
0.17702 -0.0613733 0.982292 14.951 -0.0108671 0.997871 0.0643051 0.566613 -0.984147 -0.0220579 0.175976 7.28901 
0.162972 -0.0619279 0.984685 15.7546 -0.0112353 0.997847 0.0646152 0.605788 -0.986567 -0.0215937 0.161925 7.4301 
0.148771 -0.060575 0.987015 16.5604 -0.0122861 0.997932 0.0630969 0.647915 -0.988795 -0.0215135 0.147719 7.55779 
0.131906 -0.0595497 0.989472 17.3655 -0.0129795 0.998005 0.0617935 0.682301 -0.991177 -0.0209937 0.13087 7.67251 
0.111473 -0.0581796 0.992063 18.1782 -0.0154677 0.998062 0.0602695 0.714775 -0.993647 -0.0220634 0.110357 7.76989 
0.0854501 -0.0567852 0.994723 19.0219 -0.0201296 0.998072 0.0587057 0.752342 -0.996139 -0.0250398 0.0841423 7.85742 
0.055028 -0.0563424 0.996894 19.8569 -0.0238725 0.998047 0.0577253 0.786947 -0.998199 -0.0269749 0.0535755 7.91587 
0.0217382 -0.0562713 0.998179 20.6981 -0.0268752 0.998021 0.0568477 0.82068 -0.999402 -0.028062 0.0201829 7.94437 
-0.0129535 -0.0556381 0.998367 21.5323 -0.0286791 0.998061 0.055249 0.850342 -0.999505 -0.0279166 -0.014524 7.94244 
-0.0470161 -0.0541169 0.997427 22.3932 -0.0289899 0.998185 0.0527915 0.884926 -0.998473 -0.0264332 -0.0484996 7.91671 
-0.0798749 -0.0521663 0.995439 23.2386 -0.0309964 0.998277 0.0498279 0.915374 -0.996323 -0.026875 -0.0813543 7.85678 
-0.11248 -0.0493557 0.992428 24.0847 -0.0332477 0.998393 0.0458842 0.937129 -0.993098 -0.0278349 -0.11394 7.7725 
-0.145128 -0.0445827 0.988408 24.9302 -0.0302473 0.998717 0.0406066 0.959286 -0.98895 -0.0240035 -0.146291 7.64944 
-0.176721 -0.0391217 0.983483 25.7402 -0.0256236 0.999054 0.0351368 0.965978 -0.983927 -0.018991 -0.177557 7.50278 
-0.207159 -0.032297 0.977774 26.5608 -0.0185488 0.999405 0.0290817 0.979142 -0.978131 -0.012112 -0.207635 7.33039 
-0.236025 -0.0271453 0.971368 27.3665 -0.0126851 0.999611 0.0248523 0.976365 -0.971664 -0.00645617 -0.236277 7.13606 
-0.263701 -0.0210749 0.964374 28.075 -0.003963 0.999777 0.020765 0.977842 -0.964596 0.00165392 -0.263725 6.95397 
-0.289744 -0.0105018 0.957047 28.8658 0.0022809 0.999929 0.011663 0.97048 -0.957102 0.00556219 -0.289699 6.70939 
-0.314729 0.00499698 0.949168 29.6519 0.00678225 0.999972 -0.00301552 0.961179 -0.949157 0.00548842 -0.314754 6.44488 
-0.339544 0.0219924 0.940333 30.4189 0.00748503 0.999758 -0.0206794 0.939402 -0.94056 1.68345e-05 -0.339626 6.17815 
-0.36526 0.0367411 0.93018 31.1344 0.00826958 0.99931 -0.0362243 0.88759 -0.930869 -0.00553908 -0.365311 5.93922 
-0.389743 0.04706 0.919721 31.8846 0.0123014 0.99887 -0.045897 0.846206 -0.920842 -0.00657421 -0.389882 5.63735 
-0.41307 0.0509464 0.909273 32.6661 0.01439 0.998675 -0.0494183 0.798057 -0.910586 -0.00732873 -0.413255 5.28848 
-0.435606 0.0506357 0.898712 33.4091 0.0179015 0.998706 -0.0475927 0.743328 -0.899959 -0.00464344 -0.435949 4.92568 
-0.455579 0.0463288 0.888989 34.1722 0.020848 0.998926 -0.041374 0.689094 -0.889951 -0.000315445 -0.456055 4.55055 
-0.4735 0.045202 0.879633 34.8837 0.0289568 0.998941 -0.0357457 0.6372 -0.880318 0.00854578 -0.474308 4.17764 
-0.48735 0.0454877 0.872021 35.5911 0.0304332 0.99892 -0.0350989 0.589981 -0.872676 0.00943293 -0.488208 3.79056 
-0.498237 0.0499176 0.865603 36.2727 0.0349498 0.998686 -0.0374752 0.548809 -0.866336 0.0115811 -0.499327 3.40546 
-0.507913 0.0524864 0.859808 36.9961 0.0361288 0.998562 -0.0396142 0.497999 -0.860651 0.0109433 -0.509078 2.99042 
-0.519211 0.0514036 0.853099 37.6604 0.0299197 0.998671 -0.0419654 0.442339 -0.854122 0.00373554 -0.520059 2.64668 
-0.530328 0.0499417 0.84632 38.3249 0.029619 0.998745 -0.0403763 0.394529 -0.847275 0.0036545 -0.531142 2.25524 
-0.539098 0.0512478 0.840683 39.0124 0.0304535 0.998681 -0.0413506 0.366547 -0.841693 0.0033097 -0.539947 1.83141 
-0.546549 0.0540736 0.83568 39.6839 0.0339513 0.998523 -0.0424058 0.307139 -0.836739 0.0051956 -0.547577 1.4191 
-0.550336 0.0568449 0.833006 40.354 0.0352073 0.998372 -0.0448694 0.255709 -0.834201 0.00463469 -0.551442 1.00505 
-0.550196 0.0586367 0.832974 41.0477 0.035149 0.998274 -0.0470562 0.198598 -0.834295 0.00338808 -0.551308 0.575592 
-0.547058 0.0589688 0.835015 41.7721 0.0373921 0.998241 -0.0459985 0.148805 -0.836259 0.00605915 -0.548301 0.117991 
-0.541392 0.0579149 0.838773 42.5112 0.0354379 0.99831 -0.0460568 0.102748 -0.840023 0.00478958 -0.542529 -0.342192 
-0.534876 0.0564068 0.843046 43.2694 0.0332344 0.998402 -0.0457155 0.0510621 -0.844277 0.00356603 -0.535895 -0.785691 
-0.528189 0.0559331 0.847283 44.0033 0.0320783 0.99843 -0.0459137 -0.00386254 -0.848521 0.00292826 -0.529154 -1.2054 
-0.522088 0.0543161 0.85116 44.7932 0.0291985 0.998523 -0.04581 -0.0603807 -0.852392 0.000935764 -0.522903 -1.66146 
-0.51894 0.0520098 0.853227 45.579 0.0251917 0.998644 -0.045552 -0.111673 -0.854439 -0.00214455 -0.519547 -2.05144 
-0.517695 0.0489626 0.854163 46.4053 0.0206801 0.998786 -0.0447189 -0.169446 -0.855315 -0.00548662 -0.518079 -2.52246 
-0.518378 0.0461675 0.853905 47.2383 0.0171188 0.998902 -0.0436147 -0.225912 -0.85498 -0.00799112 -0.518599 -3.00002 
-0.520093 0.0450965 0.852918 48.0484 0.0163089 0.998947 -0.0428727 -0.283588 -0.853954 -0.00838769 -0.520281 -3.42995 
-0.520665 0.0443031 0.852611 48.9054 0.0158819 0.998983 -0.0422102 -0.33198 -0.853613 -0.00843632 -0.520839 -3.92703 
-0.521434 0.0437632 0.852168 49.7641 0.0158107 0.999008 -0.0416297 -0.388758 -0.853145 -0.00823376 -0.521609 -4.42096 
-0.522367 0.0425699 0.851657 50.5911 0.0160119 0.999067 -0.0401171 -0.446393 -0.85257 -0.00731919 -0.522561 -4.87705 
-0.52347 0.0420809 0.851004 51.4996 0.0152355 0.999082 -0.0400314 -0.507378 -0.851908 -0.00798976 -0.523631 -5.3526 
-0.523781 0.040712 0.850879 52.3958 0.0138441 0.999132 -0.0392834 -0.559323 -0.85174 -0.00879629 -0.523891 -5.88267 
-0.523887 0.0398103 0.850857 53.2816 0.0128052 0.999162 -0.0388648 -0.612482 -0.851692 -0.00946536 -0.523958 -6.39661 
-0.523948 0.0386002 0.850875 54.1365 0.0112817 0.999199 -0.0383819 -0.679996 -0.851675 -0.0105108 -0.523964 -6.87346 
-0.523045 0.0368896 0.851506 55.0188 0.0104152 0.999265 -0.0368933 -0.736276 -0.852241 -0.0104282 -0.523045 -7.37486 
-0.521686 0.0349246 0.852422 55.8999 0.0101251 0.999345 -0.0347475 -0.791588 -0.853077 -0.00949646 -0.521698 -7.86795 
-0.519701 0.0333447 0.853697 56.7622 0.0105021 0.999412 -0.0326428 -0.850214 -0.854284 -0.00799892 -0.519745 -8.36489 
-0.518029 0.0327921 0.854734 57.6347 0.010141 0.99943 -0.0321973 -0.909215 -0.855303 -0.00801129 -0.518067 -8.85124 
-0.516774 0.0329154 0.855489 58.5032 0.0100297 0.999425 -0.0323947 -0.963846 -0.856063 -0.00816041 -0.516807 -9.32733 
-0.515972 0.0332213 0.855961 59.3959 0.0101063 0.999414 -0.0326969 -1.0202 -0.856546 -0.00822013 -0.516006 -9.84039 
-0.517785 0.0342081 0.854826 60.2597 0.00885228 0.999361 -0.03463 -1.07873 -0.855465 -0.0103637 -0.517757 -10.3158 
-0.521561 0.0352383 0.852486 61.1514 0.00690661 0.999288 -0.0370809 -1.15049 -0.853186 -0.0134522 -0.521433 -10.808 
-0.526889 0.0358028 0.84918 62.0463 0.00547622 0.999235 -0.0387315 -1.20126 -0.849916 -0.0157569 -0.526682 -11.2959 
-0.533238 0.0341454 0.845276 62.9306 0.00642208 0.99932 -0.0363167 -1.26976 -0.845941 -0.013937 -0.533094 -11.7921 
-0.539907 0.0309479 0.841156 63.8631 0.00632661 0.999445 -0.0327109 -1.3601 -0.841701 -0.0123392 -0.539803 -12.2919 
-0.54568 0.0283991 0.837512 64.7096 0.00370084 0.999498 -0.0314805 -1.4112 -0.837985 -0.0140788 -0.545511 -12.8109 
-0.551023 0.0315235 0.833894 65.5649 0.0055983 0.999403 -0.0340809 -1.46773 -0.834471 -0.014111 -0.550871 -13.3385 
-0.556278 0.0328328 0.830348 66.3997 0.00546511 0.999342 -0.0358537 -1.51988 -0.830979 -0.0154067 -0.556091 -13.8766 
-0.561074 0.0336267 0.827083 67.2181 0.00426829 0.999279 -0.0377321 -1.5752 -0.827755 -0.0176403 -0.560812 -14.3989 
-0.564993 0.0335212 0.824415 68.036 0.00268302 0.999244 -0.0387911 -1.63254 -0.825091 -0.0197048 -0.564656 -14.9293 
-0.568167 0.0330698 0.822248 68.8359 0.00374174 0.999286 -0.0376045 -1.68145 -0.822905 -0.018289 -0.567885 -15.4631 
-0.570771 0.0265029 0.820681 69.6508 0.00445886 0.999564 -0.0291786 -1.72749 -0.821097 -0.012995 -0.570641 -16.0045 
-0.57262 0.0178993 0.819626 70.4635 0.00395807 0.99981 -0.0190689 -1.77292 -0.819812 -0.00767512 -0.572582 -16.5601 
-0.574113 0.0168703 0.818603 71.2698 0.00524003 0.999843 -0.0169303 -1.81087 -0.81876 -0.00543043 -0.574111 -17.102 
-0.575241 0.0212425 0.817708 72.0566 0.00545593 0.99974 -0.0221332 -1.84903 -0.817966 -0.00827057 -0.575207 -17.633 
-0.576635 0.0276138 0.816535 72.8487 0.00710787 0.99956 -0.0287837 -1.8877 -0.816971 -0.0107939 -0.576578 -18.1733 
-0.577363 0.0316886 0.815872 73.6377 0.0124003 0.999472 -0.0300443 -1.92457 -0.816393 -0.00722941 -0.577451 -18.7079 
-0.576896 0.0334626 0.816132 74.4218 0.0156323 0.99943 -0.0299281 -1.96314 -0.816668 -0.00450733 -0.57709 -19.2686 
-0.57661 0.0298741 0.816473 75.2116 0.0137848 0.999545 -0.0268374 -2.00515 -0.816903 -0.00421983 -0.57676 -19.8077 
-0.575593 0.025041 0.817353 75.9903 0.0123358 0.999683 -0.0219399 -2.04084 -0.817643 -0.00254582 -0.57572 -20.3422 
-0.57503 0.0182444 0.817929 76.7794 0.00889909 0.999832 -0.0160454 -2.08086 -0.818084 -0.0019478 -0.575096 -20.87 
-0.5745 0.012688 0.818406 77.5704 0.000392648 0.999884 -0.0152258 -2.1104 -0.818505 -0.0084259 -0.574438 -21.3933 
-0.572681 0.0074734 0.819744 78.3582 -0.0067694 0.999881 -0.0138448 -2.13889 -0.81975 -0.0134778 -0.572562 -21.9102 
-0.571033 0.00834817 0.820885 79.1419 -0.0038432 0.99991 -0.0128422 -2.1688 -0.820918 -0.0104882 -0.57095 -22.4354 
-0.567615 0.0113201 0.823217 79.9153 0.000364791 0.999909 -0.0134982 -2.20873 -0.823294 -0.00736151 -0.567567 -22.9612 
-0.562486 0.0144888 0.82668 80.6947 0.00215841 0.999869 -0.0160555 -2.23317 -0.826804 -0.00724671 -0.562443 -23.473 
-0.554717 0.0172356 0.831861 81.4766 0.00728458 0.999848 -0.0158585 -2.25925 -0.832007 -0.00273724 -0.554758 -23.9856 
-0.546788 0.0205328 0.837019 82.2652 0.0147849 0.99978 -0.0148672 -2.29768 -0.837141 0.00424606 -0.546971 -24.4953 
-0.53689 0.0195337 0.843426 83.0584 0.0120195 0.999808 -0.0155043 -2.32601 -0.843567 0.0018135 -0.537021 -24.9888 
-0.526606 0.0171699 0.849936 83.8555 0.00960789 0.999852 -0.0142455 -2.34969 -0.850055 0.000664326 -0.526694 -25.4457 
-0.515446 0.0142355 0.856804 84.6713 0.0100597 0.999894 -0.010561 -2.37686 -0.856863 0.00317558 -0.515534 -25.9117 
-0.505152 0.0137139 0.862921 85.4824 0.0100041 0.9999 -0.0100344 -2.40635 -0.862972 0.00356385 -0.505239 -26.3536 
-0.49341 0.0128469 0.869702 86.3001 0.0103153 0.999907 -0.00891796 -2.43019 -0.869735 0.00457105 -0.493497 -26.7984 
-0.481667 0.0141777 0.87624 87.1155 0.0119801 0.999882 -0.0095928 -2.4542 -0.876273 0.00587693 -0.48178 -27.2277 
-0.47003 0.0177267 0.882472 87.9335 0.0116771 0.999836 -0.0138647 -2.48969 -0.882573 0.00378787 -0.47016 -27.6396 
-0.459102 0.0272057 0.887967 88.7504 0.0149151 0.999626 -0.0229152 -2.52078 -0.888259 0.0027237 -0.459336 -28.0439 
-0.447247 0.0317725 0.893846 89.5699 0.0146855 0.999495 -0.0281798 -2.55326 -0.89429 0.00052324 -0.447488 -28.4267 
-0.435621 0.0281273 0.899691 90.4112 0.0137782 0.999603 -0.0245796 -2.59841 -0.900025 0.0016887 -0.435836 -28.816 
-0.424179 0.0247623 0.90524 91.2473 0.0130507 0.999689 -0.0212305 -2.63758 -0.905484 0.00280847 -0.42437 -29.188 
-0.414916 0.0251315 0.909513 92.0719 0.00906138 0.999683 -0.0234893 -2.67448 -0.909815 -0.00150465 -0.415012 -29.5395 
-0.408602 0.029307 0.912242 92.9028 0.00391179 0.999531 -0.0303592 -2.71484 -0.912704 -0.00883634 -0.408526 -29.8808 
-0.403987 0.0335075 0.914151 93.7503 -0.00268094 0.999281 -0.0378126 -2.76128 -0.914761 -0.0177266 -0.403607 -30.2168 
-0.401337 0.0353469 0.915248 94.5934 -0.00659047 0.999118 -0.0414758 -2.80367 -0.915907 -0.0226777 -0.40075 -30.5488 
-0.398271 0.03444 0.916621 95.4527 -0.00997135 0.999073 -0.0418705 -2.85649 -0.917214 -0.0258157 -0.397558 -30.8816 
-0.39338 0.0341376 0.918742 96.2951 -0.0108661 0.999068 -0.0417748 -2.91325 -0.919312 -0.0264166 -0.392642 -31.219 
-0.387338 0.0303758 0.921437 97.1297 -0.0122836 0.999198 -0.0381028 -2.96017 -0.921856 -0.0260773 -0.386655 -31.5568 
-0.381937 0.0264239 0.923811 97.982 -0.0118831 0.999368 -0.0334979 -3.01443 -0.924112 -0.0237718 -0.381381 -31.8906 
-0.376181 0.0234769 0.926249 98.8228 -0.0140795 0.999419 -0.0310496 -3.06161 -0.926439 -0.0247214 -0.375632 -32.2109 
-0.370979 0.0215663 0.928391 99.6666 -0.022391 0.999232 -0.0321592 -3.10327 -0.928371 -0.0327181 -0.370211 -32.5097 
-0.364713 0.021471 0.930872 100.521 -0.0298118 0.998952 -0.0347214 -3.14683 -0.930643 -0.0404143 -0.363691 -32.8143 
-0.358317 0.0257388 0.933245 101.341 -0.0284449 0.998855 -0.0384696 -3.19444 -0.933167 -0.0403303 -0.357174 -33.109 
-0.35191 0.0290523 0.935583 102.181 -0.0270339 0.998786 -0.0411834 -3.24097 -0.935643 -0.0397853 -0.350697 -33.4007 
-0.346101 0.0270978 0.937806 103.034 -0.0288015 0.998805 -0.0394897 -3.28479 -0.937755 -0.0406777 -0.344907 -33.6834 
-0.339295 0.0222993 0.940416 103.892 -0.0288933 0.999 -0.0341129 -3.3342 -0.940236 -0.0387461 -0.338311 -33.9693 
-0.332465 0.0199508 0.942905 104.743 -0.0301128 0.999042 -0.0317562 -3.38073 -0.942635 -0.0389514 -0.331545 -34.245 
-0.325913 0.0230728 0.945118 105.594 -0.0320152 0.998859 -0.0354248 -3.42373 -0.944858 -0.0418036 -0.324802 -34.5194 
-0.319753 0.0256883 0.947153 106.456 -0.0311268 0.998808 -0.0375974 -3.46987 -0.94699 -0.0415037 -0.318572 -34.7872 
-0.313367 0.0260328 0.949275 107.302 -0.0343087 0.998661 -0.0387129 -3.51218 -0.949012 -0.0446997 -0.312055 -35.043 
-0.307039 0.0256097 0.951352 108.165 -0.0344597 0.998683 -0.0380053 -3.55858 -0.951073 -0.0444524 -0.305752 -35.29 
-0.299078 0.0256836 0.953883 109.021 -0.0303089 0.998878 -0.036398 -3.6074 -0.953747 -0.039797 -0.297964 -35.5368 
-0.291336 0.0261489 0.956263 109.864 -0.0282174 0.998957 -0.035913 -3.66051 -0.956204 -0.0374461 -0.290295 -35.7843 
-0.285242 0.0265925 0.958087 110.711 -0.0283305 0.998944 -0.0361611 -3.70241 -0.958037 -0.0374578 -0.284188 -36.0137 
-0.278679 0.0255149 0.960045 111.548 -0.0337098 0.998771 -0.0363292 -3.74651 -0.959793 -0.0424871 -0.277476 -36.2299 
-0.273005 0.0236769 0.961721 112.423 -0.0380051 0.998651 -0.0353746 -3.78999 -0.961262 -0.0462077 -0.271737 -36.4505 
-0.268323 0.0232728 0.963048 113.283 -0.0358653 0.998774 -0.0341288 -3.84378 -0.962661 -0.0436976 -0.26716 -36.6789 
-0.263973 0.023745 0.964238 114.149 -0.0343091 0.998833 -0.0339895 -3.8874 -0.96392 -0.0420544 -0.262851 -36.8978 
-0.259278 0.0247434 0.965486 115.009 -0.0331915 0.998853 -0.034512 -3.93602 -0.965232 -0.0409941 -0.25816 -37.1114 
-0.253313 0.024094 0.967084 115.872 -0.026758 0.999133 -0.0319013 -3.97742 -0.967014 -0.0339583 -0.252449 -37.3253 
-0.247832 0.0231627 0.968526 116.741 -0.0193456 0.999397 -0.0288512 -4.01774 -0.96861 -0.025887 -0.247235 -37.5448 
-0.2426 0.0218581 0.96988 117.599 -0.0175443 0.999484 -0.0269137 -4.0654 -0.969968 -0.0235451 -0.242091 -37.7508 
-0.238806 0.0237849 0.970776 118.473 -0.0194931 0.999381 -0.0292809 -4.1012 -0.970872 -0.0259159 -0.238195 -37.9416 
-0.235014 0.0255201 0.971657 119.334 -0.0203808 0.999306 -0.0311757 -4.14262 -0.971778 -0.0271299 -0.234331 -38.1305 
-0.233476 0.0246523 0.97205 120.213 -0.0233876 0.999247 -0.0309594 -4.18745 -0.972081 -0.0299622 -0.232723 -38.3241 
-0.232417 0.0231695 0.97234 121.085 -0.0235668 0.999289 -0.0294447 -4.2325 -0.972331 -0.0297584 -0.231706 -38.5126 
-0.231015 0.0192205 0.97276 121.954 -0.0219744 0.999447 -0.0249663 -4.2663 -0.972702 -0.0271434 -0.230465 -38.7076 
-0.229718 0.0137744 0.97316 122.815 -0.0223936 0.99956 -0.0194341 -4.30666 -0.973 -0.0262569 -0.229309 -38.8905 
-0.229248 0.0122958 0.97329 123.681 -0.0218171 0.999604 -0.0177669 -4.33835 -0.973124 -0.0253074 -0.228889 -39.0738 
-0.22856 0.0168544 0.973384 124.521 -0.0232768 0.99947 -0.0227716 -4.36591 -0.973252 -0.027862 -0.228046 -39.2449 
-0.228318 0.0208135 0.973364 125.375 -0.0225457 0.99939 -0.0266585 -4.40122 -0.973326 -0.0280318 -0.22771 -39.4257 
-0.227928 0.0202454 0.973468 126.231 -0.0250222 0.999332 -0.0266419 -4.43496 -0.973356 -0.0304307 -0.227269 -39.6126 
-0.227921 0.0189203 0.973496 127.066 -0.0269544 0.999305 -0.0257327 -4.47803 -0.973306 -0.032105 -0.227253 -39.776 
-0.226646 0.0196022 0.97378 127.906 -0.0225154 0.999425 -0.0253588 -4.51965 -0.973717 -0.0276725 -0.226074 -39.9708 
-0.225635 0.0224854 0.973952 128.744 -0.0227004 0.999341 -0.0283304 -4.55776 -0.973947 -0.0285014 -0.224976 -40.1486 
-0.225941 0.0230859 0.973868 129.582 -0.0315345 0.999022 -0.0309983 -4.59779 -0.973631 -0.0377142 -0.224992 -40.3114 
-0.22562 0.0245345 0.973906 130.406 -0.0362548 0.998779 -0.03356 -4.64401 -0.973541 -0.0428806 -0.224455 -40.4761 
-0.225625 0.027562 0.973824 131.198 -0.0348391 0.998732 -0.0363388 -4.69452 -0.973591 -0.0421261 -0.224379 -40.6329 
-0.225057 0.027675 0.973953 131.949 -0.0353571 0.998706 -0.0365485 -4.75237 -0.973704 -0.0426616 -0.223787 -40.8058 
-0.224245 0.0282738 0.974123 132.766 -0.0374908 0.998589 -0.0376144 -4.79786 -0.973811 -0.0449555 -0.222869 -40.9559 
-0.224324 0.0268142 0.974146 133.584 -0.0332245 0.99883 -0.0351445 -4.84942 -0.973948 -0.0402493 -0.223171 -41.0858 
-0.221057 0.024391 0.974956 134.406 -0.026391 0.999172 -0.0309806 -4.8903 -0.974904 -0.0325786 -0.22023 -41.2622 
-0.219723 0.0195167 0.975367 135.201 -0.024275 0.999381 -0.0254656 -4.92686 -0.97526 -0.0292724 -0.219113 -41.4163 
-0.216157 0.0193206 0.976168 136.002 -0.0228623 0.99943 -0.0248435 -4.9633 -0.976091 -0.0276876 -0.215592 -41.5803 
-0.211317 0.0239476 0.977124 136.793 -0.0227703 0.999308 -0.0294156 -5.00731 -0.977152 -0.0284654 -0.210625 -41.7338 
-0.205709 0.026817 0.978246 137.548 -0.0219923 0.999245 -0.0320173 -5.04674 -0.978366 -0.0281001 -0.204964 -41.863 
-0.197819 0.0273951 0.979856 138.346 -0.0229051 0.999207 -0.0325603 -5.07915 -0.979971 -0.0288848 -0.197035 -42.0049 
-0.190075 0.023067 0.981499 139.099 -0.0226248 0.999356 -0.0278681 -5.11324 -0.981509 -0.0275032 -0.18943 -42.1078 
-0.178081 0.0216255 0.983778 139.88 -0.0202149 0.999467 -0.0256296 -5.15081 -0.983808 -0.0244511 -0.177549 -42.236 
-0.164468 0.0242354 0.986085 140.681 -0.0157128 0.999507 -0.027186 -5.18651 -0.986257 -0.0199654 -0.164006 -42.3604 
-0.151209 0.0256446 0.988169 141.453 -0.0180289 0.999426 -0.0286955 -5.21346 -0.988337 -0.0221547 -0.15066 -42.4483 
-0.137075 0.0259022 0.990222 142.255 -0.0174766 0.999439 -0.0285625 -5.24675 -0.990407 -0.0212209 -0.136545 -42.5504 
-0.123169 0.0276397 0.992001 143.04 -0.0167708 0.999411 -0.0299284 -5.28556 -0.992244 -0.0203229 -0.122633 -42.636 
-0.109684 0.0335155 0.993401 143.812 -0.0199989 0.999155 -0.0359177 -5.32988 -0.993765 -0.0238066 -0.108921 -42.6964 
-0.0972337 0.0424888 0.994354 144.58 -0.0268191 0.998614 -0.0452933 -5.37058 -0.9949 -0.0310718 -0.0959594 -42.7376 
-0.083596 0.0500134 0.995244 145.336 -0.0299979 0.998161 -0.0526796 -5.41782 -0.996048 -0.034259 -0.081942 -42.7754 
-0.071195 0.0504928 0.996184 146.095 -0.0323737 0.998075 -0.0529023 -5.46174 -0.996937 -0.0360166 -0.0694233 -42.7975 
-0.0596892 0.0466061 0.997128 146.866 -0.036347 0.998146 -0.0488294 -5.51239 -0.997555 -0.0391572 -0.0578845 -42.8123 
-0.0488837 0.0436999 0.997848 147.644 -0.0407365 0.998124 -0.0457076 -5.56725 -0.997973 -0.0428832 -0.0470118 -42.8292 
-0.0401895 0.0502387 0.997928 148.396 -0.0449986 0.997631 -0.0520359 -5.61674 -0.998178 -0.0469967 -0.0378336 -42.83 
-0.0333378 0.0583222 0.997741 149.146 -0.0472163 0.997089 -0.0598617 -5.66466 -0.998328 -0.0491053 -0.030487 -42.837 
-0.0305251 0.061521 0.997639 149.899 -0.0501462 0.996753 -0.0630007 -5.70702 -0.998275 -0.0519509 -0.027341 -42.8364 
-0.0309018 0.0564601 0.997927 150.658 -0.0536287 0.996872 -0.058061 -5.7642 -0.998083 -0.0553117 -0.0277773 -42.8347 
-0.0327569 0.0521373 0.998103 151.418 -0.055108 0.997025 -0.0538896 -5.82165 -0.997943 -0.0567687 -0.0297863 -42.8379 
-0.0353447 0.0492672 0.99816 152.157 -0.0543818 0.99721 -0.0511459 -5.86753 -0.997895 -0.0560895 -0.0325668 -42.8524 
-0.0377626 0.0498692 0.998042 152.901 -0.0527466 0.997262 -0.051826 -5.91101 -0.997894 -0.0546004 -0.0350287 -42.8723 
-0.041653 0.0498933 0.997886 153.649 -0.0515491 0.997315 -0.0520164 -5.96124 -0.997801 -0.0536068 -0.0389692 -42.8862 
-0.0460512 0.0481794 0.997777 154.393 -0.052141 0.997359 -0.0505657 -6.01183 -0.997577 -0.0543536 -0.0434175 -42.9054 
-0.0527211 0.0485772 0.997427 155.126 -0.0538505 0.997225 -0.0514137 -6.04646 -0.997156 -0.0564225 -0.0499589 -42.9077 
-0.0585634 0.0469017 0.997181 155.858 -0.0545693 0.997252 -0.0501098 -6.08749 -0.996791 -0.0573501 -0.0558431 -42.9358 
-0.064629 0.0441177 0.996934 156.597 -0.0529635 0.997463 -0.0475746 -6.14353 -0.996503 -0.0558758 -0.0621284 -42.9715 
-0.0698855 0.0440637 0.996581 157.317 -0.0536796 0.99741 -0.0478646 -6.1893 -0.99611 -0.0568411 -0.0673392 -43.0116 
-0.0757346 0.0446271 0.996129 158.042 -0.0553178 0.997271 -0.048884 -6.24007 -0.995592 -0.0588059 -0.0730593 -43.0476 
-0.0793225 0.0468599 0.995747 158.754 -0.0555255 0.997136 -0.0513485 -6.2879 -0.995301 -0.0593625 -0.0764934 -43.0943 
-0.0820903 0.0495735 0.995391 159.466 -0.0557237 0.996971 -0.0542477 -6.33311 -0.995066 -0.0599201 -0.0790793 -43.1376 
-0.0845106 0.0508693 0.995123 160.177 -0.0530638 0.997049 -0.0554742 -6.37976 -0.995009 -0.0574932 -0.0815619 -43.1757 
-0.0834641 0.049425 0.995284 160.884 -0.0496726 0.997321 -0.0536916 -6.42866 -0.995272 -0.0539197 -0.0807855 -43.2276 
-0.0796369 0.0459514 0.995764 161.588 -0.0474728 0.997629 -0.0498341 -6.47701 -0.995693 -0.0512403 -0.0772666 -43.2738 
-0.071901 0.0458494 0.996357 162.287 -0.0453927 0.997757 -0.0491895 -6.52596 -0.996378 -0.0487641 -0.0696585 -43.3129 
-0.0610353 0.0468478 0.997036 162.98 -0.0440844 0.997797 -0.0495822 -6.56829 -0.997162 -0.04698 -0.0588356 -43.3369 
-0.0469643 0.0473163 0.997775 163.663 -0.0409898 0.997945 -0.0492537 -6.61046 -0.998055 -0.0432118 -0.0449283 -43.3513 
-0.0314831 0.0446351 0.998507 164.361 -0.041724 0.998073 -0.0459312 -6.6541 -0.998633 -0.0431078 -0.0295601 -43.3555 
-0.0151988 0.039247 0.999114 165.054 -0.0455286 0.998166 -0.0399023 -6.7013 -0.998847 -0.0460947 -0.013384 -43.3422 
0.000710321 0.0330609 0.999453 165.736 -0.0477276 0.998316 -0.0329893 -6.73504 -0.99886 -0.0476781 0.00228704 -43.3153 
0.0184782 0.0262965 0.999483 166.413 -0.0482786 0.998511 -0.0253784 -6.76334 -0.998663 -0.0477847 0.0197202 -43.2904 
0.0362818 0.0185535 0.999169 167.084 -0.0500252 0.998608 -0.0167266 -6.79304 -0.998089 -0.0493768 0.0371594 -43.2454 
0.0532699 0.0129355 0.998496 167.753 -0.0515822 0.998617 -0.0101851 -6.81573 -0.997247 -0.0509621 0.0538635 -43.1856 
0.0713709 0.0102885 0.997397 168.406 -0.0513308 0.99866 -0.0066284 -6.83836 -0.996128 -0.0507241 0.0718034 -43.1186 
0.089214 0.00962734 0.995966 169.051 -0.0519425 0.998638 -0.00500035 -6.84747 -0.994657 -0.0512868 0.0895926 -43.0388 
0.106608 0.00941233 0.994257 169.689 -0.0532049 0.998577 -0.00374833 -6.86005 -0.992877 -0.0524997 0.106957 -42.9497 
0.122359 0.00845522 0.99245 170.34 -0.0575659 0.998341 -0.00140808 -6.86581 -0.990815 -0.056959 0.122642 -42.8326 
0.136688 0.00487493 0.990602 170.98 -0.0598497 0.998202 0.00334605 -6.8734 -0.988805 -0.0597446 0.136734 -42.7142 
0.148706 0.00106288 0.988881 171.608 -0.0561599 0.998395 0.00737213 -6.88032 -0.987286 -0.0566317 0.148527 -42.6044 
0.160156 -0.000126584 0.987092 172.225 -0.0537009 0.998518 0.00884109 -6.8911 -0.98563 -0.0544236 0.159912 -42.5032 
0.169755 0.00362264 0.98548 172.85 -0.0579525 0.998299 0.00631298 -6.8968 -0.983781 -0.0581827 0.169677 -42.3632 
0.179109 0.0109746 0.983768 173.454 -0.0630326 0.998011 0.000342598 -6.90455 -0.981808 -0.0620708 0.179445 -42.2349 
0.188378 0.0211361 0.981869 174.053 -0.0630717 0.997965 -0.00938182 -6.91056 -0.980069 -0.0601608 0.189327 -42.1032 
0.196718 0.027068 0.980086 174.654 -0.0573982 0.998222 -0.0160481 -6.92025 -0.978779 -0.0530982 0.197922 -41.9749 
0.203021 0.0244181 0.97887 175.247 -0.0555537 0.998366 -0.0133824 -6.94212 -0.977597 -0.0516629 0.204045 -41.8282 
0.208904 0.0170728 0.977787 175.863 -0.0584867 0.998276 -0.00493482 -6.94399 -0.976186 -0.0561566 0.209543 -41.6754 
0.213317 0.00615929 0.976964 176.478 -0.0631667 0.997975 0.00750053 -6.95982 -0.974939 -0.0633115 0.213274 -41.5214 
0.215012 -0.00185647 0.97661 177.078 -0.0638973 0.997829 0.0159646 -6.96829 -0.974519 -0.0658353 0.214426 -41.3625 
0.216313 -0.00270194 0.97632 177.688 -0.0600635 0.998065 0.0160698 -6.97947 -0.974475 -0.0621174 0.215732 -41.2231 
0.21728 -0.000580118 0.976109 178.293 -0.0561428 0.998337 0.0130907 -6.97541 -0.974493 -0.0576458 0.216886 -41.0766 
0.21912 -0.000649763 0.975698 178.907 -0.0532858 0.998499 0.0126318 -6.96899 -0.974242 -0.0547587 0.218756 -40.9339 
0.220493 -0.00308116 0.975384 179.52 -0.0548971 0.998371 0.0155637 -6.96601 -0.973843 -0.0569774 0.219964 -40.7719 
0.223263 -0.00685417 0.974734 180.135 -0.0551146 0.998287 0.0196439 -6.96398 -0.973199 -0.0581078 0.222503 -40.6153 
0.22635 -0.0120579 0.973971 180.757 -0.0545652 0.998196 0.0250388 -6.96334 -0.972517 -0.0588125 0.225284 -40.4577 
0.230979 -0.0148124 0.972846 181.373 -0.0526738 0.998227 0.027705 -6.95495 -0.971532 -0.0576428 0.22979 -40.3018 
0.237351 -0.0171468 0.971273 182.003 -0.0503332 0.998284 0.0299237 -6.9456 -0.970119 -0.0559897 0.236081 -40.1359 
0.245323 -0.0202183 0.969231 182.631 -0.0487942 0.998258 0.0331743 -6.93577 -0.968213 -0.0554312 0.243909 -39.9664 
0.255207 -0.0225219 0.966624 183.259 -0.0451618 0.99836 0.0351849 -6.92949 -0.965831 -0.0526339 0.253772 -39.7897 
0.26663 -0.0208148 0.963574 183.884 -0.0463417 0.998334 0.034389 -6.92426 -0.962684 -0.0538228 0.265222 -39.6023 
0.277916 -0.0167939 0.960459 184.501 -0.0474881 0.998385 0.0311981 -6.90702 -0.959431 -0.0542808 0.276669 -39.3981 
0.289603 -0.0140218 0.957044 185.119 -0.0477981 0.998433 0.029092 -6.89538 -0.955953 -0.0541701 0.288479 -39.1844 
0.301567 -0.0139142 0.953343 185.753 -0.0458487 0.998525 0.0290768 -6.87963 -0.952342 -0.0524782 0.300484 -38.9712 
0.312779 -0.0170653 0.949673 186.387 -0.0446625 0.998468 0.032652 -6.86781 -0.948775 -0.0526276 0.311538 -38.7418 
0.323895 -0.0189639 0.945903 187.031 -0.0455321 0.998328 0.0356061 -6.86198 -0.944997 -0.0546016 0.32249 -38.4959 
0.335116 -0.0195649 0.941974 187.67 -0.0465667 0.998219 0.0372997 -6.84323 -0.941025 -0.0563643 0.333608 -38.2401 
0.344147 -0.0209474 0.938682 188.306 -0.0502214 0.997909 0.0406817 -6.82542 -0.937572 -0.0611424 0.342376 -37.9676 
0.35147 -0.0201754 0.935982 188.952 -0.0536948 0.997688 0.0416685 -6.80795 -0.934658 -0.0649025 0.349574 -37.7047 
0.356119 -0.0228421 0.934162 189.607 -0.0540393 0.997525 0.0449922 -6.78693 -0.932877 -0.066504 0.354003 -37.4431 
0.358473 -0.0267066 0.933158 190.261 -0.0511774 0.997525 0.0482086 -6.76963 -0.932136 -0.065038 0.356219 -37.1887 
0.358481 -0.0257607 0.933181 190.925 -0.0469561 0.997856 0.0455843 -6.74559 -0.932355 -0.0601596 0.356503 -36.9231 
0.357706 -0.0252873 0.933492 191.602 -0.0456552 0.997964 0.0445285 -6.72517 -0.932718 -0.0585469 0.355823 -36.6564 
0.356782 -0.0235597 0.933891 192.276 -0.0422844 0.99825 0.0413376 -6.69569 -0.93323 -0.0542375 0.355161 -36.3888 
0.356157 -0.0256736 0.934073 192.962 -0.0393265 0.998325 0.0424346 -6.6709 -0.933598 -0.0518472 0.354551 -36.1176 
0.355651 -0.0320519 0.934069 193.654 -0.0357449 0.998214 0.0478631 -6.65534 -0.933935 -0.0504107 0.35387 -35.8547 
0.354247 -0.0338652 0.934539 194.342 -0.0365856 0.998077 0.0500358 -6.62194 -0.934436 -0.0519157 0.352326 -35.5778 
0.353063 -0.0367608 0.934877 195.038 -0.0345482 0.998034 0.0522916 -6.59938 -0.934962 -0.0507606 0.351099 -35.3183 
0.351089 -0.0362315 0.935641 195.724 -0.0365804 0.997958 0.0523711 -6.56799 -0.935627 -0.052613 0.349046 -35.0389 
0.349059 -0.0365925 0.936386 196.416 -0.0382768 0.997847 0.0532629 -6.54216 -0.936319 -0.0544337 0.346907 -34.7664 
0.347306 -0.0356164 0.937075 197.112 -0.0390117 0.997865 0.0523858 -6.52102 -0.93694 -0.0547508 0.345175 -34.4941 
0.345553 -0.0321805 0.937847 197.807 -0.0389319 0.99806 0.0485913 -6.50099 -0.937591 -0.0533031 0.34363 -34.2266 
0.344963 -0.0256206 0.938266 198.493 -0.0407258 0.998277 0.0422325 -6.4759 -0.937732 -0.0527804 0.343326 -33.9618 
0.343881 -0.0225004 0.938744 199.188 -0.0445788 0.998195 0.0402555 -6.44685 -0.937955 -0.0556911 0.342257 -33.6932 
0.342743 -0.0258155 0.939074 199.852 -0.0447944 0.998036 0.0437855 -6.43366 -0.938361 -0.0570724 0.340914 -33.4516 
0.341253 -0.0290147 0.939524 200.573 -0.0460574 0.997807 0.0475436 -6.40964 -0.938843 -0.0594963 0.339168 -33.1609 
0.33937 -0.0286359 0.940217 201.294 -0.0497229 0.997593 0.0483308 -6.40683 -0.939338 -0.0631523 0.337129 -32.921 
0.334328 -0.0288819 0.942014 202.011 -0.0518296 0.997454 0.0489764 -6.38035 -0.941031 -0.0651984 0.33198 -32.6444 
0.327609 -0.0302307 0.94433 202.71 -0.0516681 0.997419 0.0498551 -6.35748 -0.9434 -0.0651247 0.325201 -32.3929 
0.317833 -0.0304848 0.947656 203.413 -0.0526005 0.997377 0.0497259 -6.33891 -0.946686 -0.0656518 0.315396 -32.134 
0.307884 -0.0292933 0.950973 204.114 -0.0492986 0.997692 0.0466932 -6.31846 -0.950146 -0.0612577 0.305729 -31.9072 
0.296681 -0.0261501 0.954618 204.813 -0.0505252 0.997795 0.0430354 -6.29878 -0.953639 -0.0610001 0.294706 -31.6741 
0.285169 -0.0265345 0.95811 205.523 -0.0527872 0.997665 0.0433415 -6.27912 -0.957022 -0.0629356 0.283103 -31.449 
0.27424 -0.0342415 0.961051 206.236 -0.0483417 0.997612 0.0493386 -6.25535 -0.960445 -0.0599895 0.27193 -31.2505 
0.265477 -0.0426804 0.963172 206.958 -0.0433487 0.997481 0.0561488 -6.22892 -0.963142 -0.0566584 0.262958 -31.0539 
0.258528 -0.0484331 0.964789 207.675 -0.0433277 0.997156 0.0616682 -6.2039 -0.965032 -0.0577451 0.255694 -30.858 
0.253665 -0.0495329 0.966023 208.383 -0.0490763 0.996743 0.0639949 -6.16961 -0.966047 -0.063642 0.250408 -30.6429 
0.251335 -0.0514103 0.966534 209.103 -0.048422 0.99667 0.0656048 -6.13174 -0.966688 -0.0632903 0.248009 -30.4468 
0.249284 -0.0522073 0.967022 209.825 -0.0475583 0.996681 0.0660683 -6.09329 -0.967262 -0.0624597 0.245973 -30.2457 
0.248289 -0.0502281 0.967383 210.544 -0.0476623 0.996812 0.0639892 -6.05732 -0.967513 -0.0619955 0.245103 -30.0418 
0.247868 -0.0485411 0.967577 211.269 -0.0508942 0.996712 0.0630406 -6.02524 -0.967456 -0.0648697 0.244583 -29.8405 
0.248394 -0.0492153 0.967408 212.001 -0.0517711 0.996607 0.0639937 -5.98723 -0.967275 -0.0659795 0.245003 -29.64 
0.24974 -0.0504836 0.966996 212.713 -0.0519668 0.996502 0.0654452 -5.94764 -0.966918 -0.066596 0.246243 -29.4345 
0.251451 -0.0515522 0.966496 213.447 -0.0526857 0.996371 0.0668529 -5.90739 -0.966435 -0.0677308 0.247823 -29.2372 
0.252845 -0.0527908 0.966066 214.185 -0.0488944 0.996537 0.0672529 -5.87477 -0.966271 -0.0642397 0.249388 -29.0361 
0.256016 -0.0536972 0.96518 214.939 -0.0478011 0.996531 0.0681208 -5.82626 -0.96549 -0.0635766 0.252561 -28.8249 
0.259568 -0.0552363 0.964144 215.677 -0.049291 0.996304 0.070349 -5.78677 -0.964466 -0.065784 0.255885 -28.5981 
0.264837 -0.0593119 0.962468 216.421 -0.0501208 0.995911 0.0751643 -5.74147 -0.96299 -0.0681459 0.260781 -28.373 
0.269648 -0.0626551 0.960919 217.171 -0.0515288 0.995513 0.0793705 -5.69074 -0.961579 -0.0709171 0.265209 -28.1416 
0.273719 -0.0624984 0.959777 217.923 -0.0528332 0.995403 0.0798858 -5.64143 -0.960358 -0.0725744 0.269158 -27.9059 
0.278042 -0.0580162 0.958815 218.662 -0.0580863 0.995332 0.07707 -5.5954 -0.958811 -0.0771227 0.273374 -27.6689 
0.283241 -0.0520485 0.957635 219.405 -0.0629842 0.995361 0.072728 -5.54039 -0.956978 -0.0809154 0.278649 -27.4331 
0.287751 -0.0490778 0.956447 220.15 -0.0668217 0.995223 0.0711712 -5.49639 -0.955371 -0.084391 0.283097 -27.1902 
0.292429 -0.0491639 0.955023 220.906 -0.0689021 0.994999 0.0723198 -5.45338 -0.953802 -0.0869514 0.287579 -26.944 
0.296223 -0.0470529 0.953959 221.655 -0.0701874 0.995013 0.0708725 -5.41217 -0.952537 -0.08795 0.291443 -26.6912 
0.299466 -0.0439642 0.953093 222.407 -0.0720816 0.99504 0.0685476 -5.36921 -0.95138 -0.0892281 0.294812 -26.4258 
0.303875 -0.0432916 0.951728 223.153 -0.073524 0.994922 0.0687317 -5.32587 -0.949871 -0.0908606 0.299149 -26.1661 
0.308327 -0.0444368 0.950242 223.904 -0.0731836 0.99484 0.0702685 -5.28123 -0.948461 -0.0912078 0.303484 -25.9043 
0.313021 -0.0450113 0.948679 224.647 -0.0688433 0.995173 0.0699326 -5.2444 -0.947248 -0.0872006 0.308411 -25.6563 
0.317552 -0.0446933 0.947187 225.4 -0.0656326 0.995457 0.0689748 -5.20342 -0.945967 -0.0840694 0.313176 -25.398 
0.321494 -0.0425428 0.945956 226.136 -0.0667276 0.995489 0.0674487 -5.15964 -0.944558 -0.0848057 0.317205 -25.1264 
0.325886 -0.0430585 0.944428 226.88 -0.0714298 0.994986 0.0700113 -5.11687 -0.942707 -0.090276 0.321176 -24.8441 
0.330497 -0.0432307 0.942817 227.628 -0.0751206 0.994576 0.071937 -5.07438 -0.940813 -0.0945999 0.325457 -24.5621 
0.335021 -0.0407732 0.941328 228.373 -0.072217 0.995013 0.0688008 -5.04089 -0.939439 -0.0910296 0.330405 -24.2899 
0.338884 -0.0336539 0.940226 229.113 -0.0718807 0.995513 0.0615407 -4.99843 -0.938078 -0.0884392 0.334944 -24.0115 
0.34218 -0.0272601 0.939239 229.824 -0.0787087 0.995235 0.0575603 -4.95648 -0.936332 -0.0936223 0.338404 -23.7175 
0.345557 -0.0288637 0.937954 230.56 -0.0836966 0.994595 0.061442 -4.91855 -0.934658 -0.0997353 0.341274 -23.4239 
0.348022 -0.0392261 0.936665 231.297 -0.082712 0.993943 0.0723569 -4.8763 -0.93383 -0.102655 0.34267 -23.1332 
0.349757 -0.0513312 0.935433 232.047 -0.0794492 0.993276 0.0842113 -4.82147 -0.933466 -0.103773 0.343327 -22.8434 
0.351651 -0.0591124 0.934263 232.785 -0.0811244 0.992326 0.093321 -4.7642 -0.932609 -0.108608 0.344157 -22.5481 
0.353631 -0.0603955 0.933433 233.518 -0.0831243 0.991936 0.0956724 -4.70383 -0.931684 -0.111424 0.345759 -22.2503 
0.356386 -0.0558546 0.932668 234.252 -0.0826837 0.99241 0.091027 -4.64721 -0.930673 -0.109557 0.349062 -21.9556 
0.360612 -0.0494685 0.931403 234.967 -0.0814204 0.993111 0.0842696 -4.58105 -0.929155 -0.106224 0.3541 -21.6649 
0.365103 -0.0455476 0.929852 235.697 -0.0808098 0.993482 0.0803942 -4.52854 -0.927453 -0.104493 0.359043 -21.366 
0.36909 -0.0435681 0.928372 236.435 -0.0787852 0.993838 0.0779629 -4.47729 -0.926048 -0.101917 0.363383 -21.0618 
0.373309 -0.0413271 0.926786 237.153 -0.0782963 0.994039 0.0758638 -4.42931 -0.924397 -0.100885 0.367848 -20.757 
0.377301 -0.0428334 0.925099 237.87 -0.0769043 0.99403 0.0773905 -4.37721 -0.922892 -0.100344 0.371755 -20.4473 
0.380544 -0.0484011 0.923495 238.609 -0.0745732 0.993771 0.0828138 -4.32601 -0.921751 -0.100382 0.374565 -20.127 
0.38405 -0.0538587 0.92174 239.34 -0.0731688 0.993382 0.0885312 -4.26898 -0.920409 -0.101443 0.377568 -19.82 
0.38612 -0.0590253 0.920558 240.067 -0.0717259 0.993008 0.0937556 -4.20767 -0.919656 -0.102229 0.379187 -19.5029 
0.388469 -0.0646278 0.919193 240.812 -0.0696482 0.992625 0.0992255 -4.14738 -0.918826 -0.102566 0.381103 -19.1818 
0.389688 -0.0711007 0.918198 241.556 -0.068635 0.992001 0.105945 -4.0753 -0.918386 -0.104306 0.381691 -18.8503 
0.391603 -0.0716876 0.917337 242.309 -0.0689158 0.991875 0.106932 -4.00487 -0.91755 -0.105094 0.383481 -18.5203 
0.393368 -0.0603368 0.917399 243.03 -0.0777505 0.992086 0.0985874 -3.94319 -0.916087 -0.110109 0.385564 -18.1841 
0.394117 -0.0464443 0.917886 243.76 -0.0798108 0.99322 0.0845249 -3.8776 -0.915588 -0.10657 0.387738 -17.8516 
0.394688 -0.0383001 0.918017 244.479 -0.0802085 0.99388 0.0759497 -3.81157 -0.915308 -0.103609 0.3892 -17.5265 
0.394523 -0.0408494 0.917978 245.223 -0.0800627 0.993684 0.0786272 -3.75984 -0.915392 -0.104516 0.388761 -17.1967 
