1 -4.23778e-08 4.22719e-08 0 -4.23778e-08 1 -4.19404e-08 0 4.22719e-08 -4.19404e-08 1 0 
0.999992 -0.00265451 -0.0031112 -0.0124341 0.00264834 0.999994 -0.00195838 -0.0069696 0.00311647 0.00195004 0.999993 0.678768 
0.999972 -0.00136847 -0.00737319 -0.0267289 0.00134212 0.999993 -0.00356593 -0.00963873 0.0073781 0.00355585 0.999966 1.37837 
0.999934 -0.00148498 -0.0113429 -0.0458808 0.00142824 0.999986 -0.00500107 -0.0132928 0.0113503 0.00498446 0.999923 2.09312 
0.999866 0.000136308 -0.016368 -0.0678784 -0.000228947 0.999984 -0.00565286 -0.0175092 0.016367 0.00565577 0.99985 2.82666 
0.999775 -0.000878378 -0.0211889 -0.0878594 0.000753213 0.999982 -0.00591041 -0.0254062 0.0211938 0.00589303 0.999758 3.57728 
0.999666 0.00087163 -0.0258286 -0.120108 -0.0010618 0.999972 -0.00734653 -0.0291518 0.0258216 0.00737142 0.999639 4.34113 
0.999516 0.00368727 -0.0308818 -0.156644 -0.00393243 0.999961 -0.00787886 -0.0398787 0.0308517 0.0079964 0.999492 5.11889 
0.999365 0.00385995 -0.0354228 -0.192412 -0.00408555 0.999972 -0.00629607 -0.0484566 0.0353976 0.0064367 0.999352 5.91227 
0.999192 0.00296485 -0.0400824 -0.233242 -0.00310031 0.99999 -0.00331567 -0.0621368 0.0400722 0.00343717 0.999191 6.71701 
0.999052 0.00250821 -0.043467 -0.28103 -0.00254445 0.999996 -0.000776589 -0.0697646 0.043465 0.000886366 0.999054 7.53099 
0.998923 0.00375698 -0.0462409 -0.331513 -0.00382481 0.999992 -0.0013769 -0.0773362 0.0462354 0.00155219 0.998929 8.35406 
0.998803 0.0031472 -0.0488109 -0.380657 -0.00322454 0.999994 -0.00150402 -0.0840905 0.0488059 0.00165953 0.998807 9.18411 
0.998731 0.000253868 -0.0503577 -0.432303 -0.000357771 0.999998 -0.00205265 -0.090808 0.0503572 0.00206798 0.998729 10.0116 
0.998611 0.000334965 -0.0526897 -0.482934 -0.000402604 0.999999 -0.00127154 -0.0992481 0.0526893 0.0012909 0.99861 10.857 
0.998533 -0.00128059 -0.0541288 -0.538938 0.00120906 0.999998 -0.00135265 -0.110289 0.0541305 0.00128514 0.998533 11.7114 
0.998438 0.000987175 -0.0558633 -0.601036 -0.00120301 0.999992 -0.00382857 -0.119215 0.0558591 0.0038897 0.998431 12.5704 
0.998355 0.00141066 -0.057321 -0.66346 -0.00177628 0.999978 -0.00632664 -0.128734 0.057311 0.00641797 0.998336 13.4418 
0.99823 0.00522172 -0.0592333 -0.72873 -0.00569619 0.999953 -0.00784277 -0.141413 0.0591896 0.00816621 0.998213 14.3234 
0.998175 0.00616577 -0.0600722 -0.799224 -0.0066286 0.99995 -0.00750694 -0.155401 0.0600229 0.00789135 0.998166 15.2064 
0.998089 0.00506881 -0.0615906 -0.862958 -0.0054501 0.999967 -0.00602288 -0.166951 0.0615582 0.00634695 0.998083 16.1022 
0.997996 0.00573238 -0.0630184 -0.932384 -0.00602467 0.999972 -0.00444777 -0.181537 0.0629912 0.00481843 0.998002 17.0016 
0.997937 0.00536266 -0.063981 -1.00217 -0.00565433 0.999974 -0.00437735 -0.1941 0.063956 0.00473 0.997941 17.9052 
0.997834 0.00530591 -0.0655637 -1.07466 -0.00566512 0.99997 -0.00529281 -0.207143 0.0655338 0.00565269 0.997834 18.8108 
0.997758 0.00330527 -0.0668376 -1.14309 -0.0036969 0.999977 -0.00573529 -0.225376 0.0668172 0.00596944 0.997747 19.7157 
0.997712 0.00322193 -0.0675322 -1.2125 -0.0035047 0.999986 -0.00406789 -0.235732 0.0675182 0.00429517 0.997709 20.6425 
0.997722 0.00446522 -0.0673103 -1.29485 -0.00451188 0.99999 -0.000539887 -0.250491 0.0673073 0.000842266 0.997732 21.573 
0.997764 0.00535167 -0.0666186 -1.36893 -0.00514729 0.999981 0.00324037 -0.260403 0.0666348 -0.00289031 0.997773 22.5115 
0.99787 0.00437816 -0.0650795 -1.43866 -0.00398814 0.999973 0.00612297 -0.265426 0.0651047 -0.00585047 0.997861 23.4521 
0.99797 0.00448104 -0.0635282 -1.509 -0.00404701 0.999968 0.00696032 -0.271104 0.0635574 -0.00668918 0.997956 24.3942 
0.998046 0.00483682 -0.0622969 -1.57831 -0.00458784 0.999981 0.00414046 -0.275367 0.0623158 -0.00384664 0.998049 25.3425 
0.998097 0.00580192 -0.0613856 -1.64977 -0.00586205 0.999982 -0.000798141 -0.278756 0.06138 0.00115638 0.998114 26.2904 
0.998177 0.00505933 -0.0601426 -1.71911 -0.00529804 0.999979 -0.00380895 -0.285897 0.0601222 0.00412056 0.998182 27.2443 
0.99824 0.0025399 -0.0592516 -1.79227 -0.00271053 0.999992 -0.00279821 -0.29574 0.0592442 0.00295381 0.998239 28.2094 
0.998216 0.000669798 -0.0597005 -1.85494 -0.000544587 0.999998 0.00211494 -0.303376 0.0597018 -0.00207874 0.998214 29.1821 
0.998155 -0.00307122 -0.0606462 -1.9164 0.00341493 0.999979 0.00556598 -0.315299 0.0606279 -0.0057629 0.998144 30.1559 
0.998038 -0.0106641 -0.0616955 -1.98239 0.0110002 0.999926 0.00511243 -0.325137 0.0616365 -0.00578115 0.998082 31.1326 
0.99795 -0.0125501 -0.0627574 -2.0589 0.0126553 0.999919 0.00127949 -0.331581 0.0627364 -0.00207117 0.998028 32.0912 
0.997871 -0.0123767 -0.0640335 -2.13621 0.0122242 0.999921 -0.00277249 -0.341342 0.0640628 0.00198374 0.997944 33.0697 
0.997748 -0.0109147 -0.066173 -2.21905 0.0107124 0.999937 -0.00340861 -0.351737 0.0662061 0.00269197 0.997802 34.0599 
0.997719 -0.010862 -0.0666163 -2.30241 0.0107421 0.99994 -0.00215715 -0.362536 0.0666358 0.00143654 0.997776 35.0513 
0.99765 -0.00764776 -0.0680855 -2.38909 0.00769529 0.99997 0.000436974 -0.374111 0.0680802 -0.000959972 0.997679 36.0495 
0.997577 -0.00757328 -0.0691506 -2.4706 0.00770598 0.999969 0.00165355 -0.384895 0.069136 -0.00218251 0.997605 37.043 
0.997507 -0.00605185 -0.0703014 -2.55404 0.00635972 0.999971 0.00415749 -0.393179 0.0702743 -0.00459431 0.997517 38.0437 
0.997529 -0.00630081 -0.0699696 -2.63708 0.00680413 0.999953 0.00695862 -0.395971 0.0699225 -0.0074176 0.997525 39.0376 
0.997503 -0.000298589 -0.0706242 -2.72967 0.000951021 0.999957 0.00920578 -0.402282 0.0706185 -0.00925004 0.99746 40.033 
0.997494 -0.000545742 -0.0707448 -2.81665 0.00115975 0.999962 0.0086396 -0.408916 0.0707375 -0.00870008 0.997457 41.0307 
0.997503 -0.000324618 -0.0706259 -2.89883 0.000811481 0.999976 0.00686611 -0.413325 0.0706221 -0.00690637 0.997479 42.0315 
0.997502 0.00183268 -0.0706174 -2.98911 -0.00150976 0.999988 0.00462706 -0.419374 0.0706251 -0.00450897 0.997493 43.0331 
0.997438 0.00149003 -0.0715249 -3.07129 -0.00115901 0.999988 0.00467043 -0.428451 0.0715311 -0.00457565 0.997428 44.0241 
0.997328 -0.000648639 -0.0730529 -3.15059 0.00107489 0.999983 0.00579683 -0.433927 0.073048 -0.00585995 0.997311 45.0172 
0.997265 -8.78191e-05 -0.0739018 -3.23355 0.00060126 0.999976 0.00692649 -0.44511 0.0738995 -0.00695207 0.997241 45.9991 
0.997236 0.00229234 -0.0742621 -3.31884 -0.0020579 0.999993 0.00323437 -0.454715 0.074269 -0.00307269 0.997233 46.9747 
0.997157 0.00281508 -0.0752938 -3.40371 -0.00290269 0.999995 -0.00105305 -0.460434 0.0752906 0.00126852 0.997161 47.9386 
0.997108 0.00388243 -0.0758993 -3.49205 -0.00407521 0.999989 -0.00238417 -0.471003 0.0758892 0.00268649 0.997113 48.9127 
0.997099 0.00258879 -0.076073 -3.57676 -0.00250466 0.999996 0.00120238 -0.4877 0.0760759 -0.00100844 0.997101 49.8927 
0.997086 0.000571795 -0.0762805 -3.65846 -0.000245977 0.999991 0.00428171 -0.499624 0.0762824 -0.00425056 0.997077 50.8658 
0.99707 -0.00141994 -0.0764746 -3.74228 0.00181444 0.999985 0.00509034 -0.511127 0.0764663 -0.00521427 0.997058 51.8307 
0.997047 -0.00477155 -0.0766424 -3.82941 0.00508423 0.999979 0.00388612 -0.520995 0.0766224 -0.0042644 0.997051 52.7947 
0.997004 -0.00733405 -0.0770013 -3.91012 0.00755332 0.999968 0.00255787 -0.530694 0.0769802 -0.00313191 0.997028 53.7532 
0.996901 -0.00901462 -0.0781493 -3.99393 0.00932476 0.99995 0.00360569 -0.537631 0.078113 -0.00432333 0.996935 54.7062 
0.996774 -0.0120881 -0.0793491 -4.07487 0.0127384 0.999889 0.00769425 -0.544592 0.0792474 -0.00868029 0.996817 55.6567 
0.996707 -0.0128714 -0.0800621 -4.16044 0.0139341 0.999822 0.0127302 -0.54948 0.0798841 -0.013804 0.996708 56.6072 
0.996689 -0.0112168 -0.0805239 -4.25174 0.0124511 0.999812 0.0148429 -0.551479 0.0803423 -0.0157965 0.996642 57.5574 
0.996584 -0.0102119 -0.0819526 -4.34059 0.0111471 0.999878 0.0109629 -0.557186 0.0818307 -0.011839 0.996576 58.4933 
0.996484 -0.0087137 -0.0833304 -4.43051 0.00900161 0.999955 0.00308092 -0.560449 0.0832999 -0.00382029 0.996517 59.4138 
0.996419 -0.00707804 -0.0842517 -4.51905 0.00694294 0.999974 -0.00189549 -0.568005 0.0842631 0.00130366 0.996443 60.3249 
0.996364 -0.00209417 -0.0851719 -4.61517 0.00200727 0.999997 -0.00110496 -0.579164 0.085174 0.00092989 0.996366 61.2298 
0.996246 0.000500975 -0.0865598 -4.70791 -0.000401604 0.999999 0.00116635 -0.592093 0.0865604 -0.0011273 0.996246 62.1325 
0.996171 0.00301102 -0.0873777 -4.80211 -0.00278194 0.999992 0.00274427 -0.606865 0.0873854 -0.00249077 0.996171 63.0172 
0.996061 0.00377492 -0.0885863 -4.89123 -0.00358117 0.999991 0.00234689 -0.616835 0.0885944 -0.00202049 0.996066 63.8872 
0.995905 0.00571976 -0.0902191 -4.98128 -0.00545198 0.99998 0.00321516 -0.631986 0.0902357 -0.00271021 0.995917 64.736 
0.995764 0.00665413 -0.0917015 -5.07085 -0.00632734 0.999972 0.00385482 -0.644694 0.0917247 -0.00325835 0.995779 65.5764 
0.995627 0.00651443 -0.09319 -5.1572 -0.00613835 0.999972 0.00432258 -0.655668 0.0932156 -0.00373173 0.995639 66.3996 
0.995497 0.00615339 -0.0945878 -5.24081 -0.00566697 0.999969 0.00541114 -0.664 0.0946183 -0.00485083 0.995502 67.207 
0.995355 0.00908036 -0.0958441 -5.33348 -0.00834481 0.999933 0.00807332 -0.672544 0.0959111 -0.0072361 0.995364 68.0042 
0.995208 0.0104205 -0.0972247 -5.42195 -0.00928696 0.999884 0.0121049 -0.678827 0.0973396 -0.0111441 0.995189 68.7969 
0.995004 0.0136414 -0.098896 -5.51449 -0.0123492 0.99983 0.0136671 -0.683059 0.0990658 -0.0123776 0.995004 69.5672 
0.994845 0.016271 -0.10009 -5.60985 -0.0153963 0.999836 0.00950615 -0.68823 0.100228 -0.00791623 0.994933 70.3214 
0.994727 0.0162912 -0.101257 -5.70435 -0.0161293 0.999867 0.00241905 -0.706941 0.101283 -0.000773182 0.994857 71.0524 
0.994579 0.0155192 -0.102816 -5.78692 -0.0159466 0.999867 -0.00333555 -0.714338 0.102751 0.00495695 0.994695 71.7638 
0.994536 0.016434 -0.103096 -5.87326 -0.0170074 0.999844 -0.00468366 -0.71903 0.103003 0.00641137 0.99466 72.4577 
0.994385 0.019082 -0.10409 -5.95778 -0.0193194 0.999812 -0.00127172 -0.730911 0.104046 0.00327545 0.994567 73.1352 
0.994272 0.0191307 -0.105155 -6.04905 -0.0191312 0.999816 0.00100561 -0.745723 0.105155 0.0010118 0.994455 73.7969 
0.994233 0.0159948 -0.106039 -6.12604 -0.0163278 0.999864 -0.0022721 -0.759566 0.105989 0.0039903 0.994359 74.4335 
0.994309 0.00787384 -0.106243 -6.18533 -0.00870738 0.999935 -0.00738326 -0.771957 0.106178 0.00826625 0.994313 75.0525 
0.994446 0.00380253 -0.10518 -6.25363 -0.00509361 0.999915 -0.0120083 -0.78792 0.105126 0.0124773 0.994381 75.6499 
0.99473 0.00627016 -0.102336 -6.31741 -0.00756503 0.999896 -0.0122691 -0.799512 0.102249 0.0129785 0.994674 76.2374 
0.995104 0.0112027 -0.0981923 -6.38882 -0.0121789 0.999882 -0.00934674 -0.814016 0.0980761 0.0104968 0.995123 76.8136 
0.995552 0.00965278 -0.0937119 -6.44229 -0.0102929 0.999927 -0.00634897 -0.823582 0.0936438 0.00728522 0.995579 77.3732 
0.996087 0.00593499 -0.0881775 -6.4847 -0.0061387 0.999979 -0.00203834 -0.838035 0.0881636 0.00257157 0.996103 77.9203 
0.996783 0.0015461 -0.0801341 -6.52177 -0.00142489 0.999998 0.00157078 -0.853448 0.0801365 -0.00145163 0.996783 78.4515 
0.997567 0.00522497 -0.0695225 -6.56193 -0.00515287 0.999986 0.00121764 -0.859402 0.069528 -0.000856519 0.99758 78.9705 
0.998469 0.0104137 -0.0543241 -6.59764 -0.0103921 0.999946 0.000682794 -0.867989 0.0543283 -0.000117295 0.998523 79.4741 
0.999221 0.0154353 -0.0363156 -6.61821 -0.0154021 0.999881 0.00119529 -0.875679 0.0363298 -0.000635103 0.99934 79.9665 
0.999803 0.0137457 -0.0142782 -6.61474 -0.013723 0.999904 0.00169256 -0.880707 0.0143002 -0.00149637 0.999897 80.4474 
0.999871 0.0103397 0.0122583 -6.59628 -0.0103746 0.999942 0.00277574 -0.889767 -0.0122288 -0.00290264 0.999921 80.9118 
0.999083 0.00925158 0.0417929 -6.55843 -0.00943543 0.999947 0.004202 -0.895881 -0.0417517 -0.00459256 0.999117 81.3669 
0.997153 0.00881858 0.0748923 -6.50843 -0.00927058 0.999941 0.00568874 -0.905112 -0.0748376 -0.00636692 0.997175 81.8145 
0.993631 0.0087724 0.112339 -6.43608 -0.00953821 0.999935 0.00628058 -0.911843 -0.112276 -0.00731216 0.99365 82.2526 
0.988023 0.00901627 0.154043 -6.34689 -0.010097 0.99993 0.00623431 -0.915743 -0.153976 -0.00771509 0.988044 82.6786 
0.979912 0.0087553 0.199238 -6.23872 -0.0102011 0.999928 0.0062309 -0.923181 -0.199169 -0.00813826 0.979931 83.0895 
0.968655 0.0110098 0.248164 -6.10946 -0.0124228 0.999914 0.00412782 -0.932247 -0.248097 -0.00708139 0.968709 83.4869 
0.953353 0.0120496 0.301618 -5.96267 -0.0130221 0.999914 0.00121346 -0.940979 -0.301578 -0.00508461 0.953428 83.8677 
0.933874 0.0121806 0.357393 -5.78982 -0.0127759 0.999918 -0.00069562 -0.950704 -0.357373 -0.00391646 0.933954 84.2276 
0.909942 0.0127576 0.41454 -5.59521 -0.0128173 0.999914 -0.00263818 -0.956952 -0.414538 -0.00291277 0.910027 84.5684 
0.88121 0.0128811 0.47255 -5.38317 -0.012165 0.999915 -0.00457143 -0.963161 -0.472569 -0.00172022 0.881292 84.8902 
0.847925 0.011182 0.529997 -5.1517 -0.0091255 0.999937 -0.00649757 -0.973202 -0.530037 0.000672908 0.847974 85.188 
0.811167 0.010898 0.584713 -4.90227 -0.00787808 0.999939 -0.007708 -0.983015 -0.584761 0.00164601 0.811204 85.4688 
0.771115 0.00944375 0.636625 -4.63757 -0.0069073 0.999955 -0.00646708 -0.994473 -0.636658 0.000589451 0.771146 85.736 
0.727992 0.00910528 0.685526 -4.35871 -0.00837466 0.999955 -0.0043883 -1.00166 -0.685535 -0.00254644 0.728035 85.9892 
0.682354 0.00795654 0.730979 -4.06586 -0.00775184 0.999963 -0.00364833 -1.01176 -0.730981 -0.00317702 0.68239 86.2175 
0.635317 0.00674781 0.772222 -3.75925 -0.00464429 0.999977 -0.00491719 -1.01877 -0.772237 -0.000462478 0.635334 86.4224 
0.587988 0.00413791 0.808859 -3.43841 0.00104345 0.999982 -0.0058743 -1.02566 -0.808869 0.00429799 0.587973 86.6059 
0.540715 0.00630203 0.841182 -3.11612 -0.00100484 0.999976 -0.0068459 -1.03533 -0.841205 0.0028564 0.540708 86.7788 
0.492907 0.00920069 0.870033 -2.78915 -0.00499114 0.999957 -0.00774709 -1.04598 -0.870067 -0.000523886 0.492932 86.9379 
0.446954 0.011422 0.894484 -2.4578 -0.00575516 0.999934 -0.00989296 -1.0545 -0.894538 -0.000726231 0.44699 87.0746 
0.404389 0.00882567 0.914544 -2.11044 0.00159165 0.999945 -0.0103537 -1.05981 -0.914585 0.00564255 0.404353 87.1865 
0.364704 0.00117482 0.931123 -1.74957 0.0169091 0.999826 -0.00788462 -1.06214 -0.93097 0.01862 0.364621 87.2768 
0.329108 -0.002305 0.94429 -1.39204 0.0209882 0.999768 -0.00487459 -1.06549 -0.944059 0.0214232 0.32908 87.3687 
0.295767 0.00191284 0.955258 -1.03241 0.0182997 0.999803 -0.0076681 -1.07127 -0.955085 0.0197489 0.295674 87.4643 
0.264712 0.00936325 0.964282 -0.66972 0.00761301 0.999901 -0.0117991 -1.08845 -0.964297 0.0104645 0.264615 87.5636 
0.236393 0.0138355 0.971559 -0.294637 0.00289828 0.999884 -0.0149441 -1.1054 -0.971653 0.00634853 0.236326 87.6482 
0.210702 0.015576 0.977426 0.0983331 0.00436131 0.999848 -0.0168736 -1.11882 -0.977541 0.00781814 0.210602 87.7158 
0.187236 0.0168236 0.982171 0.499898 0.0115577 0.999746 -0.019328 -1.12958 -0.982247 0.0149705 0.186995 87.77 
0.167016 0.0230743 0.985684 0.910792 0.0186515 0.999473 -0.0265576 -1.12915 -0.985778 0.0228201 0.166497 87.8176 
0.147389 0.0298613 0.988628 1.32815 0.0209358 0.999226 -0.0333027 -1.12932 -0.988857 0.0256062 0.146649 87.8682 
0.129713 0.0305786 0.99108 1.76645 0.0184915 0.999276 -0.0332518 -1.14405 -0.991379 0.0226398 0.129054 87.9255 
0.114465 0.0261543 0.993083 2.22224 0.0168931 0.999458 -0.0282694 -1.16675 -0.993284 0.0200121 0.113961 87.9746 
0.0998902 0.0230099 0.994732 2.69244 0.0169467 0.999548 -0.0248231 -1.18513 -0.994854 0.0193371 0.0994551 88.0186 
0.086877 0.0204239 0.99601 3.16559 0.0196227 0.999561 -0.0222084 -1.20416 -0.996026 0.0214738 0.086438 88.0491 
0.0750017 0.0196636 0.996989 3.66014 0.0234293 0.999495 -0.0214756 -1.21727 -0.996908 0.0249695 0.0745031 88.0859 
0.0649253 0.0202447 0.997685 4.17074 0.0266702 0.999402 -0.0220152 -1.23149 -0.997534 0.0280378 0.0643466 88.1114 
0.0570558 0.0207874 0.998154 4.6999 0.0284554 0.999343 -0.0224388 -1.24759 -0.997965 0.0296831 0.0564268 88.1398 
0.051474 0.0212215 0.998449 5.25501 0.0305445 0.999273 -0.0228138 -1.25939 -0.998207 0.0316714 0.0507883 88.1679 
0.0459502 0.0222794 0.998695 5.81692 0.0318633 0.99921 -0.023757 -1.27566 -0.998435 0.0329134 0.045204 88.1941 
0.0399063 0.0229296 0.99894 6.39844 0.032439 0.99918 -0.0242311 -1.29259 -0.998677 0.0333716 0.0391298 88.2208 
0.0356425 0.0230447 0.999099 6.99565 0.0347549 0.999101 -0.0242847 -1.30999 -0.99876 0.0355892 0.0348095 88.2409 
0.0328226 0.0230065 0.999196 7.613 0.0364134 0.999044 -0.0241993 -1.32829 -0.998798 0.0371784 0.0319535 88.2619 
0.0297148 0.0226593 0.999301 8.25481 0.0373164 0.999021 -0.0237627 -1.3451 -0.998862 0.0379964 0.0288402 88.2841 
0.0272896 0.0221798 0.999381 8.91144 0.0393164 0.998956 -0.0232441 -1.36405 -0.998854 0.0399264 0.026389 88.3071 
0.0267812 0.0217364 0.999405 9.58761 0.0439622 0.998771 -0.0229008 -1.38318 -0.998674 0.0445493 0.0257927 88.3246 
0.0278692 0.0215363 0.999379 10.2797 0.0474583 0.998612 -0.0228433 -1.40167 -0.998484 0.0480655 0.0268084 88.3451 
0.0303843 0.021487 0.999307 10.9919 0.0492895 0.99852 -0.0229688 -1.42331 -0.998322 0.0499532 0.0292803 88.3718 
0.0341857 0.0214418 0.999185 11.7109 0.0518341 0.998386 -0.0231982 -1.44343 -0.99807 0.0525849 0.0330192 88.4061 
0.0385842 0.0210901 0.999033 12.4482 0.052209 0.998369 -0.0230925 -1.46205 -0.99789 0.0530495 0.0374201 88.4425 
0.042561 0.0193566 0.998906 13.2027 0.0538951 0.998312 -0.0216415 -1.48382 -0.997639 0.0547572 0.0414459 88.4847 
0.0465909 0.0180194 0.998751 13.9715 0.0536651 0.998348 -0.0205156 -1.5016 -0.997471 0.0545539 0.0455469 88.532 
0.0508813 0.0158799 0.998578 14.752 0.0505106 0.998553 -0.0184533 -1.52502 -0.997426 0.0513777 0.0500056 88.5795 
0.0548428 0.0151 0.998381 15.5542 0.0495924 0.99861 -0.0178277 -1.5426 -0.997263 0.0504899 0.0540177 88.6384 
0.0589899 0.0160931 0.998129 16.3594 0.0469227 0.99872 -0.0188759 -1.56571 -0.997155 0.0479484 0.0581593 88.7003 
0.0622326 0.0202994 0.997855 17.1668 0.0449668 0.998721 -0.0231215 -1.58985 -0.997048 0.0463093 0.0612402 88.7624 
0.0633939 0.0256736 0.997658 17.9735 0.0389838 0.998842 -0.0281813 -1.61991 -0.997227 0.0406791 0.0623196 88.8374 
0.0633851 0.0289516 0.997569 18.7958 0.0363025 0.998851 -0.0312956 -1.64652 -0.997329 0.0381979 0.0622612 88.8998 
0.0636601 0.0284463 0.997566 19.609 0.0341828 0.998945 -0.0306671 -1.67958 -0.997386 0.0360519 0.0626206 88.9637 
0.0638133 0.0267751 0.997603 20.4353 0.0314805 0.999088 -0.0288287 -1.71374 -0.997465 0.0332447 0.0629122 89.0291 
0.0637604 0.0255332 0.997638 21.2636 0.0323258 0.999095 -0.0276365 -1.74789 -0.997441 0.0340115 0.0628773 89.0892 
0.0639966 0.0250587 0.997635 22.0822 0.0297538 0.999192 -0.0270066 -1.78023 -0.997506 0.0314118 0.0631994 89.1598 
0.0640474 0.0253416 0.997625 22.8999 0.0280198 0.999238 -0.0271815 -1.81541 -0.997553 0.0296942 0.0632885 89.2269 
0.0643238 0.0260532 0.997589 23.7199 0.0250618 0.999302 -0.027714 -1.84852 -0.997614 0.0267841 0.0636259 89.2918 
0.0631964 0.0274814 0.997623 24.5361 0.022236 0.999334 -0.0289372 -1.88113 -0.997753 0.0240119 0.0625432 89.3571 
0.0605528 0.027103 0.997797 25.3531 0.0189279 0.99942 -0.0282959 -1.91518 -0.997985 0.0205996 0.0600047 89.4196 
0.0567864 0.0259215 0.99805 26.1687 0.0164536 0.999503 -0.0268955 -1.9477 -0.998251 0.0179488 0.0563317 89.4781 
0.0519596 0.0236677 0.998369 26.9821 0.0145706 0.999595 -0.0244552 -1.97942 -0.998543 0.0158175 0.0515937 89.534 
0.0456356 0.0216397 0.998724 27.7922 0.0123871 0.999676 -0.0222264 -2.01237 -0.998881 0.0133856 0.0453527 89.5816 
0.0383224 0.0218809 0.999026 28.6016 0.0120844 0.999677 -0.0223588 -2.04365 -0.999192 0.0129295 0.0380456 89.6213 
0.0299224 0.0227831 0.999292 29.4052 0.0121417 0.999658 -0.0231551 -2.07414 -0.999478 0.012826 0.0296355 89.6509 
0.0198056 0.023419 0.999529 30.2078 0.0125337 0.999641 -0.0236701 -2.09893 -0.999725 0.0129966 0.0195049 89.6749 
0.00965144 0.0223046 0.999705 31.0075 0.0138269 0.999653 -0.022437 -2.12916 -0.999858 0.0140394 0.00933969 89.6885 
-0.00113343 0.0213733 0.999771 31.7997 0.0129608 0.999688 -0.0213569 -2.16037 -0.999915 0.0129336 -0.00141009 89.6955 
-0.0121248 0.0205684 0.999715 32.5877 0.0143452 0.999689 -0.020394 -2.18818 -0.999824 0.0140939 -0.0124161 89.689 
-0.0231105 0.0209354 0.999514 33.37 0.0146532 0.99968 -0.0206002 -2.21682 -0.999625 0.01417 -0.0234099 89.6764 
-0.0340736 0.0213684 0.999191 34.1468 0.0150013 0.99967 -0.0208671 -2.24706 -0.999307 0.0142781 -0.0343829 89.6539 
-0.0446331 0.022539 0.998749 34.9204 0.014731 0.999652 -0.0219011 -2.27468 -0.998895 0.013735 -0.0449496 89.6251 
-0.0548727 0.0235651 0.998215 35.6868 0.0155417 0.99962 -0.022744 -2.30179 -0.998372 0.014266 -0.0552181 89.5872 
-0.0642917 0.0242813 0.997636 36.4481 0.0165452 0.999592 -0.0232628 -2.32804 -0.997794 0.0150105 -0.0646673 89.5418 
-0.0740852 0.0247108 0.996946 37.1984 0.016979 0.999579 -0.0235144 -2.35735 -0.997107 0.0151851 -0.0744736 89.4917 
-0.0833886 0.0251504 0.9962 37.9447 0.0177172 0.999561 -0.0237523 -2.38457 -0.99636 0.0156692 -0.0837975 89.4336 
-0.0918182 0.0245233 0.995474 38.6865 0.0188607 0.99956 -0.0228845 -2.41442 -0.995597 0.0166741 -0.0922404 89.3672 
-0.0991265 0.0235862 0.994795 39.4147 0.0210612 0.999545 -0.0216002 -2.43869 -0.994852 0.0188104 -0.0995781 89.2982 
-0.104496 0.0219336 0.994283 40.1355 0.0237231 0.999527 -0.0195562 -2.46566 -0.994242 0.0215439 -0.104967 89.2304 
-0.108121 0.0203685 0.993929 40.8519 0.0268107 0.999486 -0.017566 -2.49077 -0.993776 0.0247486 -0.108612 89.1533 
-0.110764 0.0192856 0.99366 41.5572 0.0284329 0.999464 -0.0162289 -2.51373 -0.99344 0.0264551 -0.111253 89.0799 
-0.112566 0.018422 0.993473 42.2475 0.0287756 0.999469 -0.0152728 -2.53788 -0.993227 0.0268686 -0.113036 89.0075 
-0.113391 0.0190349 0.993368 42.928 0.0295591 0.999438 -0.0157772 -2.55913 -0.993111 0.027574 -0.11389 88.9376 
-0.112556 0.0200379 0.993443 43.5837 0.0304768 0.999396 -0.016705 -2.58242 -0.993178 0.0283967 -0.113099 88.8723 
-0.109601 0.0216381 0.99374 44.2253 0.0315026 0.999336 -0.0182855 -2.60619 -0.993476 0.0293013 -0.11021 88.8064 
-0.10444 0.0221749 0.994284 44.8513 0.03175 0.999316 -0.0189521 -2.62632 -0.994024 0.0295892 -0.105072 88.7517 
-0.0964287 0.0229195 0.995076 45.459 0.0309683 0.99932 -0.0200163 -2.64789 -0.994858 0.0288857 -0.0970729 88.7049 
-0.0852343 0.022814 0.9961 46.0411 0.0298326 0.999348 -0.0203358 -2.67124 -0.995914 0.0279829 -0.0858593 88.6713 
-0.0715694 0.0229986 0.99717 46.6088 0.028774 0.999366 -0.0209841 -2.69618 -0.99702 0.0271907 -0.0721857 88.6461 
-0.0543581 0.0243376 0.998225 47.1568 0.0279919 0.999347 -0.0228407 -2.72007 -0.998129 0.0267007 -0.0550039 88.6316 
-0.0330258 0.0269457 0.999091 47.6945 0.0262625 0.999315 -0.0260836 -2.74184 -0.999109 0.0253772 -0.0337108 88.6335 
-0.00837331 0.0296844 0.999524 48.2216 0.0239592 0.999278 -0.0294764 -2.76979 -0.999678 0.023701 -0.00907848 88.6508 
0.0199273 0.0313078 0.999311 48.7535 0.0220167 0.999253 -0.0317451 -2.7951 -0.999559 0.0226341 0.0192231 88.6913 
0.0535086 0.0309179 0.998089 49.2861 0.0201028 0.999285 -0.0320328 -2.8139 -0.998365 0.0217784 0.0528488 88.7404 
0.092438 0.028501 0.99531 49.8021 0.0194104 0.999349 -0.0304195 -2.83181 -0.995529 0.0221313 0.0918246 88.8021 
0.135069 0.0247458 0.990527 50.3295 0.0173246 0.999476 -0.0273319 -2.85569 -0.990685 0.0208522 0.134569 88.8899 
0.181177 0.0203292 0.98324 50.8338 0.0149101 0.999615 -0.0234152 -2.87896 -0.983337 0.0189025 0.180804 89.0024 
0.230462 0.0170947 0.972931 51.3218 0.0105873 0.999742 -0.0200738 -2.89958 -0.973024 0.014927 0.230222 89.142 
0.282801 0.015612 0.959051 51.8059 0.00702493 0.999807 -0.018347 -2.91673 -0.959153 0.0119258 0.282637 89.3111 
0.338941 0.0150546 0.940687 52.2724 0.00606822 0.999816 -0.0181875 -2.93527 -0.940788 0.0118728 0.338788 89.497 
0.39776 0.0152112 0.917363 52.7261 0.00813175 0.999765 -0.0201035 -2.95417 -0.917453 0.0154561 0.397543 89.718 
0.458178 0.0183876 0.88867 53.1531 0.00897792 0.999639 -0.0253126 -2.97147 -0.888815 0.0195761 0.457848 89.9675 
0.517646 0.0213949 0.855327 53.5495 0.0100951 0.999465 -0.0311101 -2.9895 -0.855535 0.0247387 0.517153 90.2481 
0.575317 0.025843 0.817522 53.9168 0.00574495 0.999348 -0.0356338 -3.00292 -0.81791 0.0251974 0.574794 90.5653 
0.630782 0.0286507 0.775431 54.2591 0.00165375 0.999266 -0.0382663 -3.02025 -0.775958 0.02542 0.630272 90.9058 
0.683009 0.0293894 0.729819 54.5675 -8.65355e-05 0.999193 -0.0401561 -3.03883 -0.73041 0.0273638 0.68246 91.2544 
0.731389 0.0284778 0.681365 54.8567 -0.00156368 0.999195 -0.0400833 -3.05219 -0.681958 0.028251 0.730845 91.6254 
0.77603 0.02526 0.63019 55.1134 -0.00416822 0.999381 -0.0349257 -3.07189 -0.630682 0.0244766 0.775655 92.0177 
0.816769 0.0201978 0.576611 55.3462 -0.00498618 0.999597 -0.0279517 -3.08833 -0.576943 0.0199549 0.81654 92.4323 
0.852627 0.0181003 0.522206 55.5437 -0.0079099 0.999732 -0.0217373 -3.10521 -0.522459 0.0144032 0.852542 92.8522 
0.883299 0.0144944 0.468586 55.7268 -0.00876322 0.999858 -0.0144091 -3.12 -0.468728 0.00862113 0.8833 93.2945 
0.908409 0.0148456 0.417819 55.8804 -0.0123206 0.999886 -0.0087402 -3.13763 -0.417901 0.00279181 0.908488 93.739 
0.928022 0.0169202 0.37214 56.0097 -0.016125 0.999856 -0.00524942 -3.1515 -0.372176 -0.00112925 0.928162 94.1906 
0.942879 0.0226821 0.332363 56.1178 -0.0231599 0.999729 -0.00252463 -3.16297 -0.33233 -0.00531713 0.943148 94.6537 
0.954447 0.0270705 0.297149 56.2232 -0.0272397 0.999622 -0.00357226 -3.16642 -0.297133 -0.0046848 0.954824 95.125 
0.963407 0.0289659 0.266471 56.3217 -0.0290736 0.999571 -0.00354201 -3.1694 -0.26646 -0.00433496 0.963836 95.5965 
0.969404 0.0231122 0.24438 56.427 -0.0230004 0.99973 -0.00331188 -3.17662 -0.244391 -0.00241037 0.969674 96.0765 
0.973264 0.0200383 0.228813 56.526 -0.019983 0.999797 -0.00255945 -3.18726 -0.228818 -0.00208143 0.973467 96.5623 
0.976065 0.0241141 0.216139 56.6133 -0.0240403 0.999706 -0.002971 -3.19229 -0.216147 -0.00229623 0.976358 97.0595 
0.977991 0.0297074 0.206522 56.6986 -0.0298249 0.999552 -0.00254576 -3.19473 -0.206505 -0.00366984 0.978439 97.5666 
0.978959 0.0374521 0.200589 56.7779 -0.0374421 0.999291 -0.00384513 -3.19876 -0.20059 -0.00374632 0.979668 98.0832 
0.979356 0.0429742 0.197521 56.8672 -0.0423379 0.999076 -0.00744556 -3.20647 -0.197658 -0.00107083 0.98027 98.6064 
0.979434 0.044521 0.196792 56.9627 -0.0434464 0.999008 -0.00977729 -3.22086 -0.197032 0.00102626 0.980397 99.1415 
0.979034 0.0430821 0.199089 57.0744 -0.0412539 0.99906 -0.0133244 -3.23319 -0.199476 0.00483172 0.979891 99.6744 
0.978302 0.0416939 0.202947 57.1894 -0.0384645 0.999063 -0.0198331 -3.24005 -0.203583 0.0115965 0.978989 100.222 
0.977434 0.04192 0.20704 57.3046 -0.0376572 0.998991 -0.0244897 -3.25054 -0.207858 0.0161404 0.978026 100.785 
0.976266 0.0466642 0.211488 57.4153 -0.0425098 0.998804 -0.0241511 -3.26283 -0.212362 0.0145875 0.977082 101.37 
0.974893 0.0497157 0.217051 57.536 -0.0464224 0.998717 -0.0202492 -3.27834 -0.217779 0.00966475 0.97595 101.962 
0.973916 0.0468741 0.222015 57.6622 -0.0445145 0.998886 -0.0156233 -3.29489 -0.2225 0.00533279 0.974918 102.57 
0.973251 0.0423434 0.225807 57.8043 -0.0411407 0.999103 -0.0100322 -3.30819 -0.226029 0.00047388 0.97412 103.188 
0.972494 0.0396555 0.229529 57.9479 -0.0394571 0.999206 -0.0054563 -3.32035 -0.229563 -0.0037504 0.973286 103.82 
0.972036 0.0350727 0.232196 58.1004 -0.0349185 0.999379 -0.00477589 -3.32897 -0.232219 -0.00346565 0.972657 104.444 
0.972064 0.0317444 0.232559 58.249 -0.0308014 0.999496 -0.00768641 -3.34279 -0.232686 0.000308461 0.972552 105.09 
0.972191 0.0306819 0.232172 58.3982 -0.0280067 0.999498 -0.0148111 -3.35434 -0.23251 0.00789675 0.972562 105.743 
0.972329 0.0329795 0.231274 58.5453 -0.0287897 0.999355 -0.0214693 -3.36732 -0.231833 0.0142169 0.972652 106.404 
0.972852 0.0357892 0.228643 58.6898 -0.0307984 0.999204 -0.0253604 -3.37918 -0.229369 0.01763 0.97318 107.087 
0.973486 0.034264 0.226166 58.8424 -0.0302666 0.999319 -0.0211204 -3.3936 -0.226735 0.013715 0.97386 107.788 
0.973935 0.0299479 0.224843 58.999 -0.0276023 0.999527 -0.0135698 -3.41281 -0.225143 0.00700983 0.9743 108.502 
0.974562 0.0301521 0.222079 59.1553 -0.0291942 0.999545 -0.00759578 -3.43461 -0.222206 0.000919079 0.974999 109.224 
0.974833 0.0334276 0.220415 59.3005 -0.032381 0.999441 -0.00836086 -3.44844 -0.220571 0.00101309 0.97537 109.959 
0.975136 0.0388477 0.218175 59.4454 -0.036892 0.999234 -0.0130325 -3.46024 -0.218514 0.0046595 0.975823 110.699 
0.975992 0.0397965 0.21414 59.5973 -0.0367181 0.999157 -0.0183362 -3.47315 -0.214689 0.0100331 0.976631 111.443 
0.976913 0.038391 0.210161 59.7521 -0.034722 0.999174 -0.0211219 -3.48945 -0.210798 0.013337 0.977438 112.203 
0.977838 0.0358829 0.206266 59.9074 -0.0325278 0.999278 -0.0196359 -3.50833 -0.206822 0.0124913 0.978299 112.976 
0.978693 0.0319559 0.202825 60.0622 -0.0289918 0.999425 -0.0175697 -3.53 -0.203269 0.011315 0.979057 113.763 
0.979137 0.0306945 0.20087 60.2152 -0.0283004 0.99949 -0.0147804 -3.55231 -0.201222 0.00878729 0.979506 114.557 
0.979506 0.0273606 0.199546 60.3739 -0.0253806 0.9996 -0.0124746 -3.5674 -0.199807 0.00715424 0.979809 115.36 
0.979735 0.0220023 0.199085 60.5349 -0.0201506 0.999733 -0.0113231 -3.58292 -0.199281 0.00708191 0.979917 116.168 
0.979859 0.0228233 0.198381 60.6845 -0.021326 0.999726 -0.00968189 -3.60256 -0.198547 0.00525616 0.980077 116.985 
0.979657 0.0280006 0.198714 60.8327 -0.0261958 0.999588 -0.0117068 -3.61921 -0.19896 0.00626315 0.979988 117.806 
0.979361 0.0337458 0.19928 60.9789 -0.0313641 0.999394 -0.0150972 -3.63712 -0.199669 0.00853529 0.979826 118.638 
0.97885 0.0424007 0.200139 61.1267 -0.0398283 0.999064 -0.0168645 -3.65216 -0.200667 0.00853649 0.979622 119.47 
0.978012 0.0481601 0.202909 61.2805 -0.0457983 0.998817 -0.0163221 -3.67165 -0.203455 0.0066703 0.979061 120.311 
0.977269 0.0505117 0.205897 61.4348 -0.0485958 0.998715 -0.0143554 -3.69583 -0.206358 0.00402328 0.978468 121.16 
0.976687 0.0510509 0.208511 61.5996 -0.0489524 0.998685 -0.0152159 -3.71697 -0.209014 0.00465397 0.977902 122.011 
0.976353 0.0495133 0.210437 61.7667 -0.0467522 0.998743 -0.0180787 -3.73435 -0.211067 0.0078127 0.97744 122.859 
0.976382 0.0432785 0.211673 61.9487 -0.0406537 0.999033 -0.0167392 -3.75753 -0.212193 0.0077385 0.977197 123.705 
0.976629 0.0364502 0.211819 62.1302 -0.0333847 0.99928 -0.0180321 -3.78489 -0.212324 0.010539 0.977142 124.546 
0.976384 0.0357599 0.21306 62.3044 -0.0326292 0.999302 -0.0181938 -3.81069 -0.213562 0.0108121 0.97687 125.397 
0.975863 0.0384361 0.214972 62.476 -0.0359905 0.999235 -0.015281 -3.83291 -0.215395 0.00717518 0.9765 126.249 
0.97546 0.0404669 0.216425 62.6424 -0.0392965 0.99918 -0.00971053 -3.85343 -0.216641 0.000967405 0.976251 127.096 
0.975135 0.0437848 0.217245 62.8107 -0.0436353 0.999032 -0.00548788 -3.87495 -0.217275 -0.00412819 0.976102 127.936 
0.974907 0.0431808 0.218385 62.9807 -0.0415511 0.999064 -0.0120522 -3.89812 -0.218701 0.00267555 0.975788 128.764 
0.975185 0.0387832 0.21797 63.1618 -0.033842 0.999079 -0.0263589 -3.92232 -0.218791 0.0183282 0.975599 129.572 
0.975396 0.0363931 0.217434 63.339 -0.0294003 0.998944 -0.0353109 -3.95125 -0.218489 0.0280494 0.975436 130.386 
0.97572 0.0334108 0.216456 63.518 -0.028367 0.99925 -0.026368 -3.97456 -0.217175 0.0195875 0.975936 131.209 
0.976163 0.0268084 0.215377 63.6979 -0.0262129 0.99964 -0.00562173 -4.00105 -0.21545 -0.000158002 0.976515 132.055 
0.976476 0.0230758 0.214388 63.872 -0.0257209 0.999623 0.00955594 -4.0262 -0.214087 -0.0148455 0.976702 132.895 
0.976503 0.0275071 0.213742 64.0336 -0.0289919 0.999572 0.00381391 -4.04147 -0.213546 -0.00992115 0.976883 133.71 
0.976732 0.0354179 0.211517 64.1907 -0.0336016 0.999361 -0.0121771 -4.05355 -0.211813 0.00478637 0.977298 134.512 
0.97697 0.0354759 0.210408 64.3525 -0.0319619 0.999287 -0.0200794 -4.06592 -0.21097 0.0128919 0.977407 135.326 
0.97756 0.0315128 0.208287 64.5191 -0.0277976 0.999398 -0.0207409 -4.0935 -0.208815 0.0144855 0.977848 136.145 
0.978171 0.0308835 0.205492 64.6787 -0.0275535 0.999439 -0.0190482 -4.12439 -0.205965 0.0129703 0.978473 136.97 
0.97894 0.0303782 0.201877 64.8322 -0.026802 0.999432 -0.0204256 -4.14748 -0.202383 0.0145846 0.979198 137.789 
0.979903 0.0316023 0.196957 64.9802 -0.0278151 0.999372 -0.0219666 -4.17312 -0.197527 0.0160467 0.980166 138.603 
0.98027 0.0368063 0.194207 65.1187 -0.0331503 0.999207 -0.0220435 -4.20243 -0.194864 0.0151704 0.980713 139.414 
0.980429 0.0430291 0.192114 65.2524 -0.0394541 0.99897 -0.0223977 -4.22829 -0.19288 0.0143796 0.981117 140.22 
0.980743 0.0441664 0.190242 65.3936 -0.0410252 0.998949 -0.0204207 -4.25691 -0.190944 0.0122227 0.981525 141.03 
0.981067 0.0415781 0.189155 65.5338 -0.039367 0.999106 -0.0154337 -4.2874 -0.189627 0.00769496 0.981826 141.833 
0.981484 0.0400832 0.187304 65.6776 -0.0378728 0.999164 -0.0153663 -4.3122 -0.187764 0.00798795 0.982182 142.638 
0.982034 0.0382803 0.18478 65.8187 -0.0355092 0.999202 -0.0182846 -4.34191 -0.185332 0.0113946 0.98261 143.438 
0.983117 0.0334209 0.179898 65.9602 -0.0299559 0.99931 -0.0219443 -4.36694 -0.180507 0.0161848 0.98344 144.23 
0.984411 0.0304197 0.17323 66.0969 -0.0268503 0.999377 -0.0229122 -4.391 -0.173819 0.0179037 0.984615 145.021 
0.985551 0.0285856 0.166952 66.2164 -0.0259848 0.999505 -0.0177434 -4.41109 -0.167376 0.0131488 0.985805 145.823 
0.986678 0.0256979 0.160645 66.3377 -0.0245395 0.999657 -0.00919178 -4.43448 -0.160826 0.00512711 0.986969 146.636 
0.987369 0.0227486 0.156798 66.4624 -0.0230427 0.999734 5.73854e-05 -4.4495 -0.156755 -0.00366979 0.987631 147.441 
0.987819 0.0293151 0.152819 66.5579 -0.0300693 0.999544 0.00262544 -4.46283 -0.152673 -0.00718871 0.988251 148.246 
0.988441 0.0322015 0.148147 66.6563 -0.0322391 0.999478 -0.00214851 -4.475 -0.148139 -0.00265254 0.988963 149.04 
0.989562 0.0324022 0.14042 66.7594 -0.0309732 0.999444 -0.0123512 -4.48908 -0.140742 0.00787295 0.990015 149.836 
0.990569 0.029195 0.133867 66.8609 -0.0270605 0.999476 -0.0177379 -4.4993 -0.134314 0.0139481 0.990841 150.636 
0.991493 0.0281377 0.127084 66.9514 -0.0262274 0.999517 -0.0166815 -4.51801 -0.127492 0.0132065 0.991752 151.447 
0.99224 0.0348351 0.119358 67.0261 -0.0334805 0.99935 -0.013337 -4.54063 -0.119745 0.00923724 0.992762 152.273 
0.992943 0.0401791 0.111583 67.0882 -0.0387505 0.999137 -0.0149445 -4.56259 -0.112087 0.010515 0.993643 153.083 
0.993943 0.0428851 0.101185 67.1551 -0.0409983 0.998946 -0.0206552 -4.58483 -0.101964 0.0163816 0.994653 153.89 
0.994828 0.0415066 0.0927083 67.2189 -0.0395342 0.998953 -0.0230133 -4.6058 -0.0935664 0.0192291 0.995427 154.705 
0.995542 0.0416799 0.0846151 67.2745 -0.0401001 0.99899 -0.0202874 -4.62719 -0.0853751 0.0168038 0.996207 155.529 
0.996057 0.0444852 0.0767563 67.319 -0.0436017 0.998962 -0.0131494 -4.65024 -0.0772616 0.00975077 0.996963 156.357 
0.996472 0.0481792 0.0687114 67.3513 -0.0477791 0.99883 -0.00745583 -4.66894 -0.0689901 0.00414648 0.997609 157.182 
0.997022 0.0470264 0.0611138 67.3885 -0.0468602 0.998893 -0.00415097 -4.68379 -0.0612412 0.00127472 0.998122 158.012 
0.99737 0.0476366 0.0546288 67.4217 -0.0476029 0.998864 -0.00191915 -4.69847 -0.0546581 -0.000686463 0.998505 158.84 
0.997612 0.0470125 0.0505973 67.4471 -0.0468857 0.998893 -0.00369372 -4.71326 -0.0507148 0.00131253 0.998712 159.667 
0.997604 0.0515682 0.0461264 67.4613 -0.0511963 0.998646 -0.00921035 -4.72682 -0.0465388 0.00682669 0.998893 160.486 
0.997456 0.0574651 0.0421778 67.4725 -0.0568351 0.998255 -0.0159879 -4.74259 -0.0430229 0.0135499 0.998982 161.298 
0.997507 0.0587839 0.0390422 67.4865 -0.0581045 0.998142 -0.0183179 -4.75968 -0.0400464 0.0160036 0.99907 162.115 
0.997528 0.0604064 0.0358876 67.5027 -0.0600023 0.998123 -0.0122361 -4.77678 -0.0365593 0.0100524 0.999281 162.947 
0.997464 0.0625086 0.0340259 67.5111 -0.0624834 0.998044 -0.00180731 -4.79183 -0.0340722 -0.000323406 0.999419 163.785 
0.997481 0.0638742 0.0308597 67.5207 -0.0640696 0.997931 0.00538289 -4.80454 -0.0304519 -0.00734658 0.999509 164.618 
0.997848 0.0603624 0.0256067 67.5331 -0.0604412 0.998169 0.00230746 -4.81752 -0.0254204 -0.00385027 0.999669 165.436 
0.998656 0.0478579 0.0199059 67.5469 -0.0477203 0.998834 -0.00733692 -4.82867 -0.0202337 0.00637707 0.999775 166.249 
0.998892 0.0453938 0.0124093 67.551 -0.0452433 0.998902 -0.0121561 -4.83343 -0.0129474 0.0115811 0.999849 167.069 
0.998782 0.0490301 0.00554952 67.5359 -0.0489686 0.998743 -0.0107278 -4.84741 -0.00606844 0.0104429 0.999927 167.901 
0.998896 0.0469302 -0.00179512 67.5198 -0.0469383 0.998887 -0.0047307 -4.86239 0.00157119 0.00480966 0.999987 168.738 
0.99909 0.041606 -0.00940451 67.5076 -0.0416179 0.999133 -0.00107018 -4.87313 0.00935192 0.00146052 0.999955 169.576 
0.999349 0.0326932 -0.0152356 67.4921 -0.0326512 0.999462 0.00300535 -4.87714 0.0153257 -0.00250602 0.999879 170.416 
0.99936 0.0285693 -0.0215407 67.4669 -0.0285092 0.999589 0.00309665 -4.88813 0.0216204 -0.00248064 0.999763 171.249 
0.999294 0.0252239 -0.0278417 67.4294 -0.0253332 0.999673 -0.00357951 -4.90333 0.0277424 0.00428222 0.999606 172.085 
0.999247 0.0157998 -0.0354365 67.3949 -0.0162983 0.999772 -0.0138211 -4.91311 0.0352101 0.0143881 0.999276 172.916 
0.9991 0.00562684 -0.0420425 67.3702 -0.00638238 0.99982 -0.0178564 -4.9257 0.0419345 0.0181085 0.998956 173.744 
0.998775 0.00924636 -0.0486089 67.316 -0.00976414 0.999898 -0.0104237 -4.94118 0.0485076 0.0108855 0.998763 174.583 
0.998361 0.0199892 -0.0536165 67.2408 -0.0198839 0.999799 0.00249748 -4.95331 0.0536557 -0.00142737 0.998558 175.433 
0.997978 0.0248846 -0.0584815 67.1725 -0.024314 0.99965 0.0104497 -4.96828 0.0587211 -0.00900676 0.998234 176.279 
0.997771 0.0244073 -0.0621122 67.1079 -0.0239884 0.999684 0.00748125 -4.97591 0.0622752 -0.00597469 0.998041 177.115 
0.997595 0.0260767 -0.0642204 67.0377 -0.02635 0.999647 -0.00341105 -4.981 0.0641088 0.00509497 0.99793 177.945 
0.997078 0.0363445 -0.0671861 66.9521 -0.0372873 0.999222 -0.0128307 -4.99022 0.0666676 0.0152984 0.997658 178.779 
0.996966 0.0347337 -0.0696615 66.884 -0.0359561 0.999219 -0.0163697 -5.00681 0.0690387 0.0188247 0.997436 179.62 
0.996939 0.0294194 -0.0724349 66.8271 -0.0303213 0.999475 -0.0113824 -5.02559 0.0720621 0.0135438 0.997308 180.48 
0.996951 0.0295833 -0.0722069 66.7581 -0.0298437 0.999551 -0.00252932 -5.04169 0.0720998 0.00467645 0.997386 181.336 
0.996923 0.0315754 -0.0717491 66.6717 -0.0314475 0.999501 0.00291255 -5.05569 0.0718054 -0.000647345 0.997418 182.193 
0.996803 0.031329 -0.0735016 66.5979 -0.0312698 0.999509 0.00195823 -5.06463 0.073527 0.000346325 0.997293 183.047 
0.996708 0.0279625 -0.0760992 66.528 -0.0285893 0.999566 -0.00715852 -5.08035 0.0758661 0.00931049 0.997074 183.893 
0.996771 0.0169604 -0.0784885 66.463 -0.0184725 0.999657 -0.0185784 -5.09597 0.0781466 0.0199682 0.996742 184.743 
0.996743 0.00657712 -0.0803779 66.3989 -0.00841351 0.999711 -0.0225286 -5.11485 0.0802066 0.0231314 0.99651 185.592 
0.996638 0.00907958 -0.0814301 66.3158 -0.0105796 0.999782 -0.0180073 -5.13715 0.0812489 0.0188081 0.996516 186.45 
0.996455 0.0153371 -0.0827149 66.2292 -0.0160144 0.999843 -0.0075295 -5.15959 0.0825866 0.00882736 0.996545 187.303 
0.996295 0.015837 -0.0845311 66.1452 -0.0162175 0.999861 -0.00381564 -5.1844 0.084459 0.0051723 0.996413 188.154 
0.996247 0.0146795 -0.0852963 66.0624 -0.015374 0.999854 -0.00748995 -5.20298 0.085174 0.0087731 0.996327 188.998 
0.996266 0.0147609 -0.0850636 65.9783 -0.0159848 0.999778 -0.013723 -5.21838 0.0848422 0.0150314 0.996281 189.836 
0.996121 0.0212959 -0.0853779 65.8859 -0.022589 0.999644 -0.0142068 -5.23673 0.085045 0.0160802 0.996247 190.669 
0.996029 0.0240522 -0.085718 65.7971 -0.0251 0.999623 -0.0111659 -5.25877 0.0854171 0.013273 0.996257 191.505 
0.995864 0.027769 -0.0865126 65.7082 -0.0285738 0.999559 -0.0080766 -5.27944 0.0862502 0.0105151 0.996218 192.337 
0.995759 0.0314945 -0.0864361 65.6192 -0.0320777 0.999471 -0.00536563 -5.2961 0.0862214 0.00811546 0.996243 193.166 
