1 -4.23778e-08 4.22719e-08 0 -4.23778e-08 1 -4.19404e-08 0 4.22719e-08 -4.19404e-08 1 0 
0.999053 0.000100042 0.0435021 0.0430315 -7.40983e-06 0.999998 -0.00213151 -0.0255753 -0.0435021 0.00212909 0.999051 1.01403 
0.996104 -0.00455735 0.0880679 0.140103 0.00518995 0.999962 -0.00695651 -0.0416039 -0.0880328 0.0073864 0.99609 2.00011 
0.991088 -0.00396228 0.133151 0.268479 0.00542132 0.999929 -0.0105978 -0.0714249 -0.1331 0.0112251 0.991039 3.00222 
0.983885 -0.00176346 0.178794 0.447677 0.0041591 0.999906 -0.0130255 -0.0951314 -0.178754 0.0135591 0.9838 4.06135 
0.974513 -0.00441529 0.224286 0.697339 0.00746442 0.999891 -0.0127492 -0.126163 -0.224205 0.0140983 0.97444 5.09642 
0.963054 -0.00512225 0.269259 0.963677 0.00919765 0.999861 -0.0138765 -0.153818 -0.269151 0.0158403 0.962968 6.1092 
0.949644 -0.00752412 0.313239 1.27976 0.0133053 0.999778 -0.0163229 -0.185173 -0.313047 0.0196686 0.949534 7.10263 
0.93464 -0.00937463 0.355472 1.63234 0.0167735 0.999702 -0.0177383 -0.222059 -0.3552 0.0225414 0.934519 8.03779 
0.917451 -0.00938658 0.397738 2.03833 0.0181947 0.999665 -0.0183774 -0.254508 -0.397432 0.024097 0.917315 8.97968 
0.898144 -0.0101139 0.439584 2.48636 0.0195366 0.999666 -0.0169166 -0.29252 -0.439266 0.0237815 0.898042 9.88923 
0.876399 -0.00981965 0.481486 2.96795 0.0199303 0.999675 -0.0158894 -0.328484 -0.481173 0.0235216 0.87631 10.7784 
0.852607 -0.010052 0.522456 3.53484 0.0207255 0.999679 -0.0145889 -0.363556 -0.522141 0.0232667 0.852541 11.7058 
0.827022 -0.0101684 0.562077 4.07877 0.0221067 0.999651 -0.0144428 -0.395831 -0.561734 0.0243702 0.826959 12.5355 
0.799868 -0.0122309 0.600051 4.71472 0.0257368 0.999572 -0.0139331 -0.432202 -0.599624 0.026588 0.79984 13.377 
0.771146 -0.0110921 0.636562 5.34678 0.0262025 0.999554 -0.0143252 -0.465679 -0.636119 0.0277263 0.771092 14.1616 
0.740678 -0.0144276 0.671705 6.00903 0.0309457 0.999441 -0.0126563 -0.496782 -0.671147 0.0301605 0.74071 14.8953 
0.708472 -0.0135965 0.705608 6.69914 0.0311148 0.999444 -0.0119828 -0.52799 -0.705053 0.0304443 0.708501 15.5959 
0.674433 -0.0125341 0.73823 7.42468 0.0322795 0.9994 -0.0125217 -0.561908 -0.73763 0.0322747 0.674433 16.2658 
0.639295 -0.0139403 0.768835 8.17806 0.0369778 0.999236 -0.0126298 -0.588717 -0.768072 0.036504 0.639322 16.8918 
0.6028 -0.0121989 0.797799 8.9498 0.0367212 0.999248 -0.0124667 -0.619049 -0.797047 0.0368111 0.602795 17.4834 
0.565129 -0.0113679 0.824924 9.76906 0.0398568 0.999114 -0.0135365 -0.64936 -0.824039 0.0405287 0.565081 18.0524 
0.526671 -0.00988972 0.850012 10.6017 0.0447013 0.998871 -0.0160756 -0.674324 -0.848893 0.0464632 0.526518 18.5657 
0.487944 -0.00906941 0.872828 11.4573 0.0462028 0.998812 -0.0154507 -0.698753 -0.871651 0.0478661 0.487784 19.0483 
0.449531 -0.0111098 0.893196 12.4699 0.051088 0.998606 -0.0132909 -0.752996 -0.891803 0.0516062 0.449472 19.5435 
0.412237 -0.011623 0.911002 13.507 0.0554783 0.998383 -0.0123668 -0.750061 -0.909386 0.0556389 0.412216 20.0663 
0.377681 -0.00924668 0.92589 14.5326 0.0573946 0.998261 -0.0134426 -0.757248 -0.924155 0.0582181 0.377555 20.4587 
0.344788 -0.00989566 0.938628 15.5818 0.0583948 0.998234 -0.0109263 -0.764673 -0.936862 0.0585782 0.344757 20.8402 
0.311255 -0.0118301 0.950253 16.5511 0.0607213 0.998127 -0.00746328 -0.786289 -0.948384 0.0600235 0.311391 21.1644 
0.27865 -0.0117457 0.960321 17.5514 0.0616347 0.998083 -0.00567665 -0.793721 -0.958413 0.0607709 0.27884 21.4669 
0.247296 -0.0085129 0.968903 18.6782 0.0593586 0.998216 -0.00637991 -0.7878 -0.96712 0.0590904 0.24736 21.7152 
0.216703 -0.00690641 0.976213 19.8238 0.0596768 0.998198 -0.00618539 -0.797749 -0.974412 0.0595977 0.216725 21.9662 
0.186348 -0.00664477 0.982461 20.9803 0.0620278 0.998062 -0.00501493 -0.798898 -0.980524 0.0618744 0.186399 22.204 
0.156076 -0.0069332 0.987721 22.0295 0.0636643 0.997967 -0.00305497 -0.816847 -0.985691 0.0633593 0.1562 22.3603 
0.125866 -0.0076625 0.992018 23.0983 0.0623848 0.998052 -0.000206254 -0.829699 -0.990084 0.0619127 0.126099 22.4969 
0.0965459 -0.00769542 0.995299 24.3209 0.0627433 0.998028 0.00163022 -0.821338 -0.993349 0.0622909 0.0968384 22.6425 
0.0696255 -0.00749096 0.997545 25.421 0.0660473 0.997812 0.002883 -0.824342 -0.995384 0.0656844 0.0699679 22.7153 
0.0444058 -0.00683188 0.99899 26.662 0.0701911 0.997527 0.00370175 -0.811032 -0.996545 0.0699559 0.0447755 22.7943 
0.0218349 -0.00639919 0.999741 27.9453 0.0744163 0.997216 0.00475765 -0.805792 -0.996988 0.0742932 0.0222503 22.8169 
0.00168959 -0.00648392 0.999977 29.2033 0.0803917 0.996743 0.00632704 -0.801978 -0.996762 0.0803792 0.00220534 22.823 
-0.0159213 -0.00722409 0.999847 30.5046 0.0846801 0.996371 0.00854732 -0.802602 -0.996281 0.0848033 -0.0152518 22.8091 
-0.031356 -0.00709272 0.999483 31.8119 0.0876316 0.996104 0.00981787 -0.798414 -0.995659 0.0878942 -0.0306123 22.7529 
-0.0459521 -0.00783989 0.998913 33.1096 0.0898661 0.995882 0.0119501 -0.798761 -0.994893 0.0903175 -0.0450584 22.7263 
-0.0591365 -0.00882984 0.998211 34.353 0.0901661 0.995826 0.0141503 -0.783539 -0.994169 0.0908416 -0.0580935 22.6597 
-0.0719393 -0.00885204 0.99737 35.5569 0.0895719 0.995863 0.0152993 -0.781682 -0.993379 0.0904369 -0.0708487 22.5927 
-0.0832365 -0.00577818 0.996513 36.9197 0.0891252 0.995933 0.0132192 -0.749926 -0.992536 0.0899147 -0.082383 22.4683 
-0.0940012 -0.00235837 0.995569 38.2141 0.0890515 0.995969 0.0107674 -0.739522 -0.991581 0.0896691 -0.0934123 22.3861 
-0.103215 0.000145926 0.994659 39.5144 0.090134 0.995887 0.00920696 -0.730865 -0.990567 0.0906029 -0.102804 22.2553 
-0.110877 0.0012841 0.993833 40.8735 0.0897087 0.99593 0.00872151 -0.717234 -0.989777 0.0901225 -0.110541 22.1122 
-0.117141 0.00202197 0.993113 42.222 0.0890459 0.995991 0.00847536 -0.706663 -0.989115 0.0894255 -0.116852 21.9828 
-0.122552 0.00357159 0.992456 43.5864 0.0900385 0.99591 0.00753423 -0.697097 -0.988369 0.0902826 -0.122373 21.8297 
-0.126703 0.00487778 0.991929 44.9949 0.0889685 0.996013 0.00646633 -0.714041 -0.987943 0.0890698 -0.126632 21.6309 
-0.130881 0.00561578 0.991382 46.4184 0.0898804 0.995933 0.00622427 -0.717428 -0.987315 0.0899205 -0.130854 21.4632 
-0.133803 0.00443013 0.990998 47.8462 0.090183 0.995895 0.0077243 -0.708969 -0.986896 0.0904047 -0.133654 21.2772 
-0.136585 0.00256623 0.990625 49.3516 0.0908098 0.995819 0.00994089 -0.706188 -0.986457 0.0913163 -0.136247 21.1235 
-0.138967 0.00110325 0.990296 50.8081 0.0911778 0.995766 0.0116854 -0.712186 -0.986091 0.091917 -0.138479 20.9269 
-0.1412 0.00168515 0.98998 52.3375 0.093708 0.995531 0.0116708 -0.711288 -0.985536 0.094417 -0.140727 20.7219 
-0.142339 0.00156067 0.989817 53.8409 0.0937831 0.995521 0.0119166 -0.69435 -0.985365 0.0945243 -0.141848 20.5229 
-0.143112 0.00281504 0.989702 55.3899 0.0955256 0.995366 0.0109819 -0.688867 -0.985086 0.0961135 -0.142718 20.3308 
-0.143444 0.00289099 0.989654 56.9009 0.0950651 0.995412 0.0108712 -0.676916 -0.985082 0.0956409 -0.14306 20.133 
-0.14304 0.00405538 0.989708 58.4704 0.0951895 0.995412 0.00967869 -0.692304 -0.985129 0.0955943 -0.14277 19.9515 
-0.141982 0.00388961 0.989862 60.0641 0.0955875 0.995373 0.00979936 -0.683733 -0.985243 0.0960097 -0.141697 19.7318 
-0.140838 0.00284869 0.990028 61.6472 0.094102 0.995507 0.0105221 -0.6767 -0.98555 0.0946455 -0.140473 19.5325 
-0.139763 0.0035715 0.990178 63.256 0.0951727 0.995412 0.00984314 -0.665944 -0.9856 0.0956137 -0.139462 19.3108 
-0.139152 0.00415526 0.990262 64.8458 0.0952581 0.99541 0.00920879 -0.655279 -0.985679 0.095612 -0.138909 19.1216 
-0.138102 0.00462669 0.990407 66.4804 0.0963778 0.995306 0.00878928 -0.650573 -0.985717 0.0966671 -0.1379 18.9087 
-0.137353 0.00437089 0.990512 68.1335 0.0962057 0.995321 0.00894851 -0.649724 -0.985839 0.096522 -0.137131 18.7101 
-0.136513 0.00267811 0.990635 69.7979 0.0979115 0.995136 0.0108022 -0.638601 -0.985788 0.0984692 -0.136111 18.4913 
-0.135998 0.00036783 0.990709 71.5105 0.100113 0.994886 0.0133735 -0.639246 -0.985638 0.101002 -0.13534 18.2697 
-0.135073 0.0015041 0.990834 73.1886 0.101878 0.99472 0.0123783 -0.632142 -0.985584 0.102616 -0.134513 18.0606 
-0.134464 0.00311541 0.990914 74.9078 0.104012 0.994515 0.0109872 -0.643428 -0.985445 0.104544 -0.13405 17.8509 
-0.134034 0.00282348 0.990973 76.6169 0.103388 0.994578 0.01115 -0.633264 -0.985569 0.103949 -0.133599 17.6446 
-0.133775 0.00253318 0.991008 78.2819 0.104389 0.994469 0.0115493 -0.637827 -0.985498 0.104995 -0.1333 17.4426 
-0.133295 0.00112274 0.991076 80.0286 0.104272 0.994465 0.0128975 -0.641494 -0.985576 0.105061 -0.132674 17.2146 
-0.133036 0.00126016 0.99111 81.7988 0.106071 0.994274 0.0129736 -0.639995 -0.985419 0.106854 -0.132408 16.9883 
-0.133051 0.000914373 0.991109 83.5519 0.107049 0.994163 0.0134535 -0.631067 -0.985311 0.107887 -0.132372 16.7723 
-0.132903 0.00179728 0.991127 85.3413 0.107593 0.994115 0.0126247 -0.623554 -0.985272 0.108317 -0.132314 16.5489 
-0.133395 0.00258804 0.99106 87.0904 0.107265 0.99416 0.0118414 -0.614188 -0.985241 0.107885 -0.132893 16.3344 
-0.13432 0.00309772 0.990933 88.9305 0.106764 0.994219 0.0113637 -0.611364 -0.98517 0.107322 -0.133875 16.1158 
-0.135583 0.00357808 0.990759 90.8207 0.106344 0.994269 0.0109621 -0.607937 -0.985042 0.106848 -0.135186 15.8773 
-0.136537 0.00286771 0.990631 92.6439 0.105437 0.994358 0.0116536 -0.599946 -0.985008 0.10604 -0.136069 15.6514 
-0.137766 0.00259341 0.990461 94.4999 0.105118 0.994387 0.0120174 -0.586732 -0.984871 0.105771 -0.137266 15.4221 
-0.138074 0.00145771 0.990421 96.3459 0.102975 0.9946 0.0128917 -0.57642 -0.985054 0.103768 -0.137478 15.1888 
-0.140003 0.00253928 0.990148 98.1838 0.102389 0.994673 0.0119265 -0.563377 -0.984843 0.10305 -0.139517 14.9529 
-0.142448 0.00344271 0.989796 100.089 0.101915 0.99473 0.0112074 -0.550715 -0.984541 0.102472 -0.142049 14.7002 
-0.146202 0.0042429 0.989246 101.993 0.102753 0.994647 0.0109199 -0.5455 -0.983904 0.103245 -0.145855 14.4247 
-0.150716 0.00325485 0.988572 103.872 0.100907 0.994822 0.0121087 -0.537343 -0.983414 0.101579 -0.150264 14.1633 
-0.155559 0.00236598 0.987824 105.778 0.0994368 0.994955 0.0132758 -0.528657 -0.982809 0.100291 -0.155009 13.8899 
-0.160035 0.00306776 0.987106 107.676 0.0982691 0.995077 0.0128393 -0.523527 -0.982208 0.0990568 -0.159549 13.6032 
-0.16463 0.00467545 0.986344 109.567 0.0991084 0.995006 0.0118255 -0.521534 -0.981364 0.0997018 -0.164271 13.3135 
-0.169184 0.00652303 0.985563 111.529 0.0984595 0.995088 0.0103157 -0.510811 -0.980654 0.0987833 -0.168995 12.9945 
-0.174286 0.00668731 0.984672 113.435 0.0973004 0.9952 0.0104632 -0.513879 -0.979876 0.0976326 -0.1741 12.6903 
-0.179221 0.00647614 0.983787 115.378 0.095632 0.995357 0.0108693 -0.509542 -0.97915 0.0960296 -0.179008 12.3645 
-0.184482 0.00568272 0.982819 117.365 0.0936036 0.995539 0.0118137 -0.500954 -0.978368 0.0941749 -0.184191 12.0129 
-0.19009 0.0052372 0.981753 119.326 0.0927594 0.995608 0.0126492 -0.49068 -0.977375 0.0934713 -0.189741 11.6635 
-0.195559 0.00484404 0.98068 121.303 0.0930138 0.995571 0.0136303 -0.486052 -0.976271 0.0938823 -0.195143 11.2987 
-0.201109 0.00651982 0.979547 123.291 0.0934715 0.995543 0.0125641 -0.472197 -0.975099 0.0940865 -0.200822 10.9143 
-0.206452 0.00758123 0.978427 125.262 0.0929977 0.995595 0.0119085 -0.461455 -0.974027 0.09345 -0.206248 10.524 
-0.212216 0.00761121 0.977193 127.241 0.093797 0.995511 0.0126158 -0.457287 -0.972711 0.094335 -0.211977 10.1158 
-0.217359 0.00757133 0.976062 129.226 0.0930222 0.995579 0.0129923 -0.449199 -0.971649 0.0936195 -0.217103 9.6984 
-0.222575 0.00836479 0.97488 131.218 0.0923549 0.995647 0.0125425 -0.441263 -0.970531 0.0928266 -0.222378 9.27833 
-0.227646 0.0088569 0.973704 133.25 0.0915256 0.995726 0.0123408 -0.426513 -0.969433 0.0919281 -0.227484 8.83905 
-0.231603 0.00822106 0.972776 135.277 0.0928147 0.995589 0.0136839 -0.412977 -0.968372 0.0934571 -0.231345 8.38048 
-0.235192 0.00816807 0.971915 137.274 0.0960397 0.995266 0.0148761 -0.408564 -0.967192 0.0968411 -0.234863 7.90994 
-0.238433 0.00893224 0.971118 139.304 0.0972871 0.995147 0.014733 -0.389321 -0.966274 0.0979901 -0.238145 7.42138 
-0.241051 0.00941752 0.970467 141.273 0.0977547 0.995103 0.0146243 -0.379763 -0.965577 0.0983929 -0.240791 6.94587 
-0.244313 0.00906417 0.969654 143.318 0.0966513 0.995204 0.0150491 -0.369271 -0.964868 0.0973951 -0.244017 6.46186 
-0.247926 0.00969304 0.96873 145.328 0.0960146 0.995273 0.0146142 -0.354482 -0.964009 0.0966355 -0.247684 5.96134 
-0.252035 0.0104739 0.967661 147.364 0.0946811 0.995411 0.0138861 -0.340662 -0.963075 0.095119 -0.25187 5.45594 
-0.25613 0.0102063 0.966588 149.414 0.0943738 0.995431 0.0144965 -0.32422 -0.962024 0.0949336 -0.255923 4.9454 
-0.260773 0.0106244 0.965342 151.411 0.0944768 0.99542 0.014566 -0.31373 -0.960766 0.0950008 -0.260583 4.44524 
-0.264958 0.0110765 0.964196 153.383 0.093628 0.995505 0.0142925 -0.309374 -0.959704 0.0940627 -0.264804 3.92217 
-0.269129 0.010752 0.963044 155.414 0.0927371 0.995581 0.0148006 -0.304299 -0.958629 0.0932932 -0.268936 3.38074 
-0.273424 0.0102074 0.961839 157.418 0.0933697 0.995503 0.0159776 -0.297014 -0.957351 0.0941753 -0.273147 2.8537 
-0.27756 0.0101622 0.960654 159.315 0.0940784 0.995425 0.0166518 -0.291266 -0.956091 0.0949988 -0.277247 2.33929 
-0.281836 0.0107142 0.959403 161.308 0.0955146 0.995284 0.0169437 -0.299334 -0.954696 0.0964123 -0.28153 1.79851 
-0.285196 0.0121618 0.958392 163.343 0.0957864 0.995275 0.015874 -0.278696 -0.953671 0.0963281 -0.285014 1.21882 
-0.288735 0.0134378 0.957315 165.39 0.0952423 0.995345 0.0147543 -0.276024 -0.95266 0.095437 -0.288671 0.639972 
-0.292011 0.0147046 0.956302 167.473 0.0959807 0.995285 0.0140041 -0.26046 -0.951587 0.0958759 -0.292046 0.0328269 
-0.29522 0.0153953 0.955305 169.525 0.095726 0.995316 0.0135422 -0.256517 -0.950622 0.0954455 -0.295311 -0.567495 
-0.298823 0.0151822 0.954188 171.631 0.0954294 0.995337 0.0140486 -0.252852 -0.949525 0.0952556 -0.298878 -1.18699 
-0.302622 0.0156686 0.952982 173.73 0.0955952 0.995322 0.0139917 -0.238265 -0.948305 0.0953347 -0.302704 -1.8187 
-0.306901 0.0163314 0.951601 175.804 0.0980092 0.995079 0.0145312 -0.23548 -0.946682 0.0977254 -0.306991 -2.45445 
-0.309712 0.0163844 0.950689 177.862 0.0999538 0.994873 0.0154167 -0.241593 -0.945562 0.0997998 -0.309762 -3.10048 
-0.312433 0.016239 0.949801 179.923 0.100865 0.994769 0.0161712 -0.2215 -0.94457 0.100854 -0.312436 -3.7439 
-0.315173 0.0156456 0.948905 182.008 0.100977 0.994741 0.0171377 -0.216156 -0.943647 0.101219 -0.315096 -4.40446 
-0.317854 0.0161827 0.948002 184.132 0.100115 0.994838 0.016585 -0.204555 -0.942839 0.10018 -0.317833 -5.08859 
-0.320708 0.0182015 0.947003 186.223 0.0993067 0.994951 0.0145076 -0.191048 -0.941958 0.0986965 -0.320896 -5.75356 
-0.324113 0.0200539 0.945806 188.317 0.0985841 0.995048 0.0126852 -0.183959 -0.940868 0.0973529 -0.324485 -6.43091 
-0.327735 0.0210882 0.944534 190.399 0.0976582 0.995152 0.0116671 -0.168437 -0.939709 0.0960653 -0.328206 -7.06226 
-0.331319 0.0215186 0.943273 192.405 0.0958927 0.995331 0.0109755 -0.193531 -0.938633 0.0940894 -0.331835 -7.70945 
-0.335063 0.021479 0.941951 194.497 0.09647 0.995268 0.0116206 -0.198125 -0.937244 0.0947637 -0.335549 -8.42407 
-0.338808 0.0210415 0.94062 196.655 0.0962159 0.995283 0.0123922 -0.190642 -0.935923 0.0947012 -0.339234 -9.15918 
-0.342441 0.0204014 0.939318 198.753 0.0960493 0.995286 0.0133991 -0.19269 -0.934617 0.0948092 -0.342787 -9.87985 
-0.345981 0.0202377 0.938023 200.91 0.0962252 0.995261 0.0140191 -0.19632 -0.933294 0.0951118 -0.346289 -10.6354 
-0.349918 0.0202547 0.936561 203.026 0.0948412 0.995395 0.0139074 -0.188858 -0.931967 0.0936911 -0.350227 -11.3771 
-0.353689 0.0206992 0.935134 205.181 0.0941936 0.995461 0.0135915 -0.189514 -0.930608 0.0928908 -0.354033 -12.1414 
-0.35673 0.0211746 0.933967 207.263 0.0945228 0.995431 0.0135349 -0.196844 -0.929413 0.0931095 -0.357101 -12.9076 
-0.359871 0.0220368 0.932742 209.395 0.0953695 0.995353 0.0132795 -0.192249 -0.928115 0.093734 -0.360301 -13.6892 
-0.362426 0.0216697 0.93176 211.526 0.0961589 0.995264 0.0142562 -0.193495 -0.927039 0.0947639 -0.362793 -14.4818 
-0.364819 0.0207867 0.930846 213.693 0.0970826 0.99515 0.0158261 -0.188925 -0.926003 0.0961426 -0.365068 -15.3039 
-0.367631 0.0214602 0.929724 215.799 0.0981491 0.995046 0.015842 -0.191777 -0.924778 0.0970757 -0.367915 -16.1004 
-0.370146 0.0221149 0.92871 217.79 0.0982915 0.995037 0.0154806 -0.209407 -0.923759 0.0970145 -0.370483 -16.8717 
-0.372514 0.0222194 0.92776 219.954 0.0977558 0.995091 0.0154189 -0.20263 -0.922863 0.0964378 -0.372858 -17.7142 
-0.375173 0.0233093 0.926661 222.048 0.0974446 0.995136 0.0144201 -0.210434 -0.921819 0.0957082 -0.37562 -18.5416 
-0.378309 0.0242653 0.925361 224.089 0.0969746 0.995195 0.0135488 -0.220034 -0.920586 0.0948622 -0.378844 -19.33 
-0.380787 0.0242956 0.924343 226.243 0.0948655 0.995406 0.0129167 -0.215364 -0.919784 0.0926068 -0.381342 -20.1892 
-0.384103 0.0249502 0.922953 228.33 0.095437 0.995353 0.0128103 -0.237639 -0.918345 0.0930043 -0.384699 -21.002 
-0.386355 0.0244794 0.922025 230.461 0.096773 0.995206 0.0141282 -0.225158 -0.917259 0.0946856 -0.386871 -21.9069 
-0.389255 0.0232881 0.920836 232.469 0.0972308 0.995134 0.0159342 -0.233885 -0.915984 0.0957361 -0.389625 -22.721 
-0.392602 0.0226777 0.919429 234.443 0.0959773 0.995248 0.0164351 -0.246858 -0.914687 0.0946967 -0.392913 -23.5048 
-0.395253 0.0230723 0.918283 236.585 0.0948726 0.995364 0.0158266 -0.23581 -0.91366 0.0933754 -0.395609 -24.4004 
-0.39868 0.0226264 0.916811 238.745 0.0934652 0.995493 0.0160755 -0.231252 -0.912315 0.0920989 -0.398998 -25.299 
-0.402173 0.0217206 0.915306 240.856 0.0925257 0.995565 0.0170293 -0.229702 -0.910877 0.091538 -0.402399 -26.1831 
-0.405486 0.0219519 0.913837 243.021 0.0920434 0.995611 0.0169251 -0.222762 -0.909455 0.0909756 -0.405727 -27.1079 
-0.40915 0.0215227 0.912213 245.162 0.0916036 0.99564 0.0175954 -0.220169 -0.907857 0.0907612 -0.409338 -28.0264 
-0.412986 0.020874 0.910498 247.276 0.0905222 0.995727 0.0182312 -0.212116 -0.906227 0.0899495 -0.413111 -28.9422 
-0.416836 0.0210901 0.908737 249.386 0.0899043 0.995785 0.0181286 -0.189683 -0.904525 0.089256 -0.416976 -29.8649 
-0.420444 0.0218052 0.907057 251.539 0.0898993 0.995793 0.0177321 -0.174213 -0.902854 0.0889991 -0.420635 -30.824 
-0.423954 0.0221369 0.905413 253.688 0.0898813 0.995794 0.0177396 -0.171099 -0.901213 0.0889004 -0.424161 -31.7822 
-0.427509 0.0223243 0.903735 255.873 0.0900283 0.995777 0.0179896 -0.156313 -0.899517 0.0890525 -0.427713 -32.7716 
-0.431065 0.0225714 0.902039 257.987 0.0891665 0.99586 0.0176916 -0.16889 -0.897905 0.0880578 -0.431292 -33.7211 
-0.434546 0.0229102 0.900358 260.137 0.0895923 0.995818 0.0179012 -0.152571 -0.896182 0.0884441 -0.434781 -34.722 
-0.437449 0.0233172 0.898941 262.275 0.0899977 0.99578 0.0179661 -0.138881 -0.894728 0.0887619 -0.437701 -35.7469 
-0.440854 0.024483 0.897245 264.397 0.0911419 0.995682 0.0176127 -0.120215 -0.892939 0.0895413 -0.441182 -36.7606 
-0.44427 0.0266051 0.895497 266.522 0.0931717 0.995511 0.0166475 -0.103021 -0.891035 0.090831 -0.444755 -37.7812 
-0.447206 0.0275312 0.894007 268.63 0.0945101 0.995385 0.0166232 -0.0844542 -0.889424 0.0919267 -0.447744 -38.7709 
-0.450056 0.0296922 0.892506 270.761 0.0963764 0.995224 0.0154893 -0.0695343 -0.887784 0.0929876 -0.450768 -39.8003 
-0.452487 0.0322349 0.891188 272.89 0.0980402 0.995087 0.0137854 -0.0542383 -0.886365 0.0936099 -0.453425 -40.8384 
-0.455519 0.0327434 0.889624 275.058 0.0989194 0.994996 0.0140284 -0.0500687 -0.884713 0.0943912 -0.456478 -41.8815 
-0.458347 0.0336658 0.888135 277.213 0.0989573 0.995002 0.013353 -0.0308943 -0.883247 0.0940078 -0.459388 -42.9745 
-0.461562 0.0338013 0.886464 279.412 0.0984872 0.995049 0.0133383 -0.0172313 -0.881624 0.0934618 -0.462605 -44.0792 
-0.465266 0.0353041 0.884467 281.577 0.0995101 0.994956 0.0126319 -0.00449646 -0.87956 0.0938906 -0.466432 -45.1422 
-0.468532 0.0360653 0.88271 283.707 0.0989385 0.995023 0.0118613 0.0198527 -0.877889 0.0928914 -0.469768 -46.22 
-0.471327 0.0355667 0.881241 285.839 0.0970595 0.995209 0.0117453 0.0230101 -0.876601 0.0910687 -0.472521 -47.3156 
-0.473571 0.036273 0.880008 288.038 0.0988889 0.995024 0.0122026 0.0332329 -0.875186 0.0928019 -0.474802 -48.4678 
-0.475729 0.0364065 0.878838 290.152 0.100644 0.994834 0.0132681 0.0326862 -0.873815 0.0947614 -0.476936 -49.574 
-0.477955 0.0366507 0.877619 292.21 0.102344 0.994648 0.0141991 0.0178339 -0.872402 0.0966059 -0.479148 -50.6362 
-0.480112 0.0361951 0.87646 294.326 0.102128 0.99466 0.0148677 0.0251671 -0.871242 0.0966491 -0.481245 -51.723 
-0.48218 0.0351801 0.875366 296.58 0.101037 0.994759 0.0156759 0.0678932 -0.870227 0.0960029 -0.483207 -52.9628 
-0.4846 0.0355846 0.874012 298.75 0.10226 0.994626 0.0162034 0.106967 -0.868738 0.097229 -0.485634 -54.1409 
-0.487348 0.0354193 0.872489 300.869 0.102788 0.994557 0.0170396 0.108777 -0.867137 0.0979855 -0.488336 -55.2287 
-0.489455 0.0363283 0.871272 303.1 0.102358 0.994618 0.0160303 0.133089 -0.866001 0.0970277 -0.490539 -56.4174 
-0.492156 0.0386728 0.869647 305.235 0.10237 0.994652 0.0137018 0.13736 -0.864467 0.095769 -0.493483 -57.5614 
-0.495372 0.0380817 0.867846 307.399 0.100714 0.994819 0.0138351 0.156205 -0.862823 0.0942581 -0.496641 -58.7718 
-0.500108 0.0359071 0.865218 309.522 0.0976983 0.9951 0.0151736 0.162482 -0.860434 0.0921188 -0.501165 -59.9274 
-0.505091 0.033453 0.862418 311.792 0.0953985 0.995289 0.0172648 0.18559 -0.857778 0.0909937 -0.505903 -61.1938 
-0.50987 0.0321763 0.85965 313.961 0.094487 0.995349 0.0187859 0.21004 -0.855047 0.0908041 -0.510538 -62.4305 
-0.514398 0.032042 0.856953 316.264 0.0941265 0.995373 0.0192831 0.248288 -0.85237 0.0905812 -0.515034 -63.7461 
-0.518558 0.0334562 0.854387 318.558 0.0967701 0.99511 0.0197666 0.269913 -0.849549 0.0929293 -0.51926 -65.0779 
-0.522835 0.0344921 0.851736 320.811 0.0979162 0.994997 0.0198118 0.306522 -0.846791 0.0937571 -0.523597 -66.3819 
-0.526864 0.0348883 0.849233 322.974 0.0993406 0.994837 0.0207608 0.336686 -0.844124 0.0953015 -0.52761 -67.6507 
-0.530708 0.0330645 0.84691 325.209 0.0986641 0.994855 0.0229864 0.36132 -0.841792 0.0957586 -0.53124 -69.0187 
-0.534965 0.0316863 0.844279 327.473 0.0971301 0.994977 0.0242029 0.402828 -0.839272 0.0949527 -0.535356 -70.3946 
-0.538391 0.0317616 0.842096 329.746 0.0964937 0.99504 0.0241625 0.437335 -0.837152 0.0942658 -0.538785 -71.8147 
-0.542002 0.0314126 0.83979 331.943 0.0961826 0.995053 0.0248562 0.470297 -0.834855 0.0942452 -0.542343 -73.2108 
-0.545827 0.0309085 0.837328 334.129 0.0971874 0.99491 0.0266279 0.48569 -0.832243 0.0959119 -0.546052 -74.608 
-0.550003 0.0303079 0.834612 336.364 0.0971244 0.994882 0.0278763 0.524187 -0.829496 0.0963933 -0.550132 -76.0501 
-0.553999 0.0286463 0.832024 338.628 0.0963446 0.994899 0.0298964 0.535093 -0.826924 0.0967236 -0.553933 -77.5489 
-0.557594 0.0275386 0.829656 340.764 0.0955791 0.994932 0.031212 0.578044 -0.824593 0.0967014 -0.557401 -78.9391 
-0.560475 0.0274365 0.827717 342.97 0.0964487 0.994813 0.0323334 0.635979 -0.822536 0.0979542 -0.560214 -80.3885 
-0.563578 0.0291506 0.825548 345.274 0.100876 0.994326 0.033755 0.697349 -0.81988 0.102302 -0.563321 -81.9021 
-0.566416 0.0280752 0.823641 347.444 0.0966987 0.99478 0.0325907 0.759407 -0.818427 0.0981049 -0.566174 -83.3357 
-0.569992 0.0280242 0.821172 349.561 0.0938739 0.995095 0.0312001 0.819557 -0.81627 0.0948705 -0.569827 -84.7381 
-0.5723 0.0251292 0.819659 351.81 0.0915539 0.995239 0.0334123 0.868319 -0.814917 0.0941648 -0.571876 -86.2696 
-0.575736 0.0247328 0.817262 354.047 0.0922294 0.995127 0.0348572 0.933955 -0.812417 0.0954441 -0.575212 -87.7865 
-0.578796 0.0250818 0.815087 356.21 0.0917156 0.995187 0.0345036 0.999518 -0.810299 0.0947267 -0.57831 -89.248 
-0.581764 0.0243067 0.812994 358.403 0.0899968 0.995339 0.0346417 1.05576 -0.808363 0.0933202 -0.58124 -90.7612 
-0.584903 0.0209804 0.810832 360.522 0.0880343 0.995402 0.0377483 1.12235 -0.806312 0.0934601 -0.58406 -92.2286 
-0.588204 0.0186242 0.808498 362.744 0.085313 0.995585 0.0391335 1.19902 -0.8042 0.0919939 -0.587196 -93.7733 
-0.591246 0.0179628 0.806291 364.862 0.0841661 0.995667 0.0395364 1.26471 -0.802087 0.0912382 -0.590196 -95.2787 
-0.593337 0.0186383 0.804738 366.975 0.0842556 0.995678 0.0390613 1.34384 -0.800532 0.0909803 -0.592343 -96.8127 
-0.59586 0.0181748 0.802882 369.104 0.084366 0.995629 0.0400743 1.40531 -0.798644 0.0916147 -0.594789 -98.3213 
-0.598871 0.017741 0.800649 371.243 0.0842289 0.995605 0.0409409 1.47003 -0.796404 0.0919561 -0.597733 -99.8036 
-0.600736 0.0163652 0.79928 373.385 0.0812323 0.995865 0.0406635 1.5442 -0.79531 0.0893554 -0.599581 -101.42 
-0.603376 0.012879 0.797353 375.59 0.0709751 0.996769 0.0376085 1.63703 -0.794292 0.0792843 -0.602341 -103.053 
-0.605933 0.0150429 0.795373 377.68 0.062743 0.99761 0.0289312 1.67394 -0.793037 0.0674345 -0.605429 -104.642 
-0.608445 0.0247726 0.793209 379.757 0.0727666 0.997044 0.0246783 1.69878 -0.790253 0.0727346 -0.608449 -106.182 
-0.608933 0.0259678 0.792796 381.918 0.0803343 0.996344 0.0290684 1.74632 -0.789143 0.0813895 -0.608793 -107.82 
-0.610627 0.0167065 0.791742 383.997 0.0797256 0.995995 0.0404715 1.80023 -0.787895 0.0878351 -0.609514 -109.396 
-0.614107 0.0059992 0.7892 386.098 0.0731749 0.996096 0.0493682 1.87958 -0.785823 0.088067 -0.612149 -110.948 
-0.617385 -6.60704e-05 0.786661 388.127 0.0669933 0.996363 0.0526611 1.97166 -0.783803 0.0852132 -0.615135 -112.463 
-0.619857 -0.00636255 0.784689 390.07 0.0613911 0.996509 0.0565753 2.05319 -0.78231 0.0832416 -0.617303 -113.937 
-0.622567 -0.00124402 0.782565 392.188 0.0663782 0.996311 0.0543907 2.15789 -0.779746 0.0858072 -0.620188 -115.559 
-0.624434 0.00512473 0.781061 394.319 0.0705762 0.996258 0.0498867 2.26893 -0.777883 0.0862752 -0.622459 -117.213 
-0.626879 0.00784697 0.779077 396.358 0.0717771 0.996278 0.0477202 2.35181 -0.775803 0.0858348 -0.625109 -118.789 
-0.630756 0.00766599 0.775943 398.23 0.0712002 0.996305 0.0480348 2.39719 -0.772708 0.0855456 -0.628971 -120.081 
-0.634273 0.00715138 0.773076 400.233 0.0721668 0.996139 0.0499947 2.46555 -0.769733 0.0875008 -0.63234 -121.561 
-0.636707 0.00586391 0.771083 402.324 0.0716838 0.996091 0.0516164 2.57227 -0.767767 0.0881387 -0.634638 -123.23 
-0.639325 0.00476253 0.768922 404.436 0.0715219 0.996014 0.0532982 2.68815 -0.765603 0.0890697 -0.637117 -124.972 
-0.641936 0.00366432 0.766749 406.542 0.0713543 0.995935 0.0549794 2.80864 -0.763431 0.0900041 -0.639588 -126.72 
-0.644539 0.00256929 0.764567 408.642 0.071181 0.995853 0.0566599 2.93374 -0.761251 0.0909421 -0.642049 -128.475 
-0.645928 0.00208084 0.763396 410.239 0.0727547 0.995612 0.0588456 3.00367 -0.759924 0.0935507 -0.643245 -129.76 
-0.646732 0.00121117 0.762716 412.3 0.07437 0.995334 0.0614801 3.12284 -0.759083 0.0964844 -0.643804 -131.46 
-0.648302 0.000374057 0.761383 414.122 0.0755317 0.995099 0.0638247 3.21516 -0.757628 0.0988862 -0.645152 -132.912 
-0.649852 0.000341664 0.760061 416.081 0.0741187 0.995262 0.062924 3.32356 -0.756439 0.097226 -0.646798 -134.535 
-0.651048 0.000564537 0.759037 417.613 0.0702012 0.995758 0.059473 3.44018 -0.755783 0.0920051 -0.648326 -135.954 
-0.652798 -0.000202758 0.757532 419.619 0.0669071 0.996076 0.0579234 3.55834 -0.754571 0.0884966 -0.650223 -137.582 
-0.652917 -0.000916456 0.757429 421.644 0.0665533 0.996062 0.0585752 3.68774 -0.7545 0.0886541 -0.650285 -139.32 
-0.653213 -0.00195689 0.757172 423.686 0.0647192 0.996193 0.0584079 3.80323 -0.754403 0.0871564 -0.650599 -141.05 
-0.654685 -0.0028651 0.755896 425.748 0.061893 0.996432 0.0573825 3.92589 -0.753364 0.0843522 -0.652172 -142.766 
-0.655364 -0.00316633 0.755306 427.779 0.0612876 0.996471 0.0573554 4.04612 -0.752822 0.0838796 -0.652858 -144.476 
-0.656421 -0.00462973 0.75438 429.815 0.0615625 0.996317 0.0596829 4.16506 -0.751878 0.0856187 -0.653719 -146.172 
-0.655727 -0.00656045 0.754969 431.81 0.0635212 0.995937 0.0638255 4.28339 -0.752321 0.0898087 -0.652647 -147.884 
-0.654776 -0.0078987 0.755781 433.835 0.0679283 0.995284 0.0692519 4.42074 -0.752764 0.0966835 -0.651152 -149.6 
-0.653178 -0.00835354 0.757159 435.85 0.0724902 0.994656 0.0735088 4.58082 -0.753727 0.102901 -0.649082 -151.316 
-0.651082 -0.0107964 0.758931 437.858 0.0664808 0.995245 0.0711916 4.73557 -0.75609 0.0968059 -0.647268 -152.999 
-0.649786 -0.0111189 0.760036 439.927 0.0595894 0.99607 0.0655174 4.88742 -0.757778 0.0878624 -0.64657 -154.728 
-0.648155 -0.0134843 0.761389 441.997 0.0541887 0.996492 0.0637778 5.02866 -0.759578 0.0825966 -0.645151 -156.422 
-0.645132 -0.0138655 0.763945 444.073 0.0521195 0.996708 0.0621036 5.16656 -0.762292 0.0798815 -0.642285 -158.118 
-0.642443 -0.0131975 0.76622 446.078 0.0541093 0.996575 0.0625335 5.30038 -0.764421 0.0816339 -0.639528 -159.736 
-0.63891 -0.0132356 0.769167 448.118 0.0548929 0.996519 0.0627448 5.43488 -0.76732 0.0823102 -0.63596 -161.413 
-0.636554 -0.0121599 0.771136 450.186 0.0531752 0.996804 0.0596132 5.5617 -0.769397 0.0789524 -0.633873 -163.065 
-0.635526 -0.0166795 0.771899 452.29 0.0464875 0.997126 0.0598207 5.6879 -0.770679 0.0739013 -0.632924 -164.707 
-0.634733 -0.022598 0.772401 454.377 0.037789 0.997468 0.0602363 5.81609 -0.771807 0.0674222 -0.632272 -166.355 
-0.634419 -0.0255767 0.772566 456.465 0.0314277 0.997772 0.0588403 5.9371 -0.772351 0.0616094 -0.632202 -168.011 
-0.633682 -0.0266067 0.773136 458.512 0.0292498 0.99787 0.0583146 6.05129 -0.77304 0.059567 -0.631554 -169.635 
-0.632299 -0.0270557 0.774252 460.562 0.0303296 0.997759 0.0596348 6.15774 -0.774131 0.0611898 -0.630061 -171.313 
-0.631192 -0.0278932 0.775125 462.706 0.0324347 0.99753 0.0623083 6.30368 -0.774948 0.0644694 -0.628728 -172.987 
-0.62976 -0.02982 0.776217 464.809 0.0312467 0.997482 0.0636714 6.44802 -0.776161 0.0643519 -0.627242 -174.65 
-0.628799 -0.0298595 0.776995 466.917 0.0294621 0.99763 0.0621812 6.58729 -0.77701 0.0619914 -0.626429 -176.313 
-0.627742 -0.0288028 0.777888 468.99 0.0282795 0.997812 0.0597669 6.7282 -0.777908 0.0595165 -0.625554 -177.934 
-0.62687 -0.0273651 0.778643 471.063 0.0293073 0.997847 0.0586636 6.84942 -0.778572 0.0595944 -0.624719 -179.507 
-0.62523 -0.0271783 0.779967 473.142 0.0310139 0.997739 0.0596276 6.97126 -0.779824 0.0614708 -0.622973 -181.137 
-0.623886 -0.0272396 0.78104 475.244 0.0326715 0.99761 0.0608902 7.09892 -0.780832 0.0635063 -0.621505 -182.78 
-0.623328 -0.0276131 0.781472 477.249 0.0324097 0.997605 0.0611011 7.21348 -0.781288 0.0634133 -0.620941 -184.348 
-0.622441 -0.0282943 0.782155 478.87 0.0320076 0.99759 0.0615593 7.28237 -0.782012 0.063352 -0.620035 -185.41 
-0.621713 -0.0290294 0.782707 480.908 0.0319119 0.997544 0.0623454 7.40759 -0.782595 0.0637386 -0.61926 -186.977 
-0.62086 -0.0300505 0.783345 482.965 0.0316116 0.997492 0.0633202 7.5304 -0.783284 0.0640758 -0.618354 -188.564 
-0.621016 -0.0296337 0.783237 484.867 0.0306129 0.997605 0.0620168 7.62004 -0.783199 0.0624906 -0.618622 -189.881 
-0.620786 -0.0283641 0.783466 486.869 0.0306878 0.9977 0.0604357 7.74258 -0.783379 0.0615605 -0.618488 -191.344 
-0.62065 -0.0262965 0.783646 488.61 0.0330311 0.997673 0.0596392 7.80427 -0.783391 0.0628998 -0.618338 -192.459 
-0.620268 -0.0276428 0.783903 490.725 0.0325551 0.99761 0.0609382 7.92668 -0.783714 0.063318 -0.617886 -194.07 
-0.619836 -0.0289124 0.784199 492.53 0.0315499 0.997595 0.0617173 8.01975 -0.784097 0.062996 -0.617433 -195.509 
-0.620395 -0.029747 0.783725 494.543 0.0307128 0.997592 0.0621766 8.11121 -0.783688 0.0626445 -0.617988 -196.956 
-0.621123 -0.0292612 0.783166 496.66 0.0306038 0.997635 0.0615459 8.24748 -0.783115 0.0621955 -0.618759 -198.564 
-0.621074 -0.0287032 0.783226 498.764 0.0313606 0.997619 0.0614281 8.37824 -0.783124 0.0627139 -0.618695 -200.196 
-0.620886 -0.0277968 0.783408 500.838 0.032835 0.997572 0.0614189 8.50571 -0.783213 0.0638574 -0.618466 -201.831 
-0.620188 -0.0300741 0.783876 502.835 0.0314681 0.997507 0.0631671 8.61561 -0.783822 0.0638426 -0.617695 -203.425 
-0.620298 -0.0304698 0.783774 504.966 0.0309253 0.997518 0.0632542 8.74685 -0.783756 0.0634749 -0.617816 -205.039 
-0.619505 -0.0305432 0.784398 506.992 0.0303419 0.997564 0.062807 8.87208 -0.784406 0.0627094 -0.617069 -206.635 
-0.618334 -0.0305915 0.78532 508.952 0.0305398 0.997552 0.0629048 8.98044 -0.785322 0.0628797 -0.615886 -208.154 
-0.617817 -0.0299897 0.785749 510.987 0.0314484 0.99753 0.0627999 9.10209 -0.785692 0.0635094 -0.615348 -209.745 
-0.616128 -0.0302615 0.787065 513.169 0.0315255 0.997513 0.0630316 9.2519 -0.787015 0.0636482 -0.613642 -211.511 
-0.615854 -0.0299386 0.787291 515.228 0.0316584 0.99753 0.0626981 9.37682 -0.787224 0.0635373 -0.613385 -213.076 
-0.615665 -0.0300745 0.787433 517.11 0.0305823 0.997607 0.0620128 9.49151 -0.787414 0.0622607 -0.613272 -214.52 
-0.615364 -0.030746 0.787643 519.251 0.0305564 0.997557 0.062813 9.61455 -0.78765 0.0627205 -0.612922 -216.148 
-0.6151 -0.0318695 0.787805 521.676 0.030186 0.997498 0.0639208 9.79879 -0.787871 0.0630984 -0.612599 -217.92 
-0.615793 -0.0331243 0.787211 524.348 0.0296359 0.997435 0.0651527 10.0302 -0.78735 0.0634503 -0.613232 -219.808 
-0.615352 -0.0323766 0.787587 526.449 0.0300927 0.997463 0.064516 10.1704 -0.787678 0.0634006 -0.612816 -221.39 
-0.615445 -0.0314074 0.787554 528.043 0.0311887 0.997453 0.0641509 10.2479 -0.787562 0.0640441 -0.612898 -222.48 
-0.615313 -0.0317698 0.787642 529.868 0.0314222 0.997405 0.0647778 10.3519 -0.787656 0.0646081 -0.612718 -223.851 
-0.614721 -0.0328413 0.788061 531.704 0.0308062 0.997371 0.0655941 10.4692 -0.788143 0.0645992 -0.612093 -225.317 
-0.614314 -0.0330603 0.788369 533.561 0.030392 0.997389 0.0655076 10.6045 -0.788476 0.0642024 -0.611705 -226.861 
-0.614175 -0.0325429 0.788498 535.082 0.0304597 0.997427 0.0648913 10.7203 -0.788582 0.063872 -0.611604 -228.26 
-0.613853 -0.0335532 0.788707 537.167 0.030236 0.997364 0.0659626 10.859 -0.788841 0.0643387 -0.611221 -229.849 
-0.61425 -0.0350361 0.788334 539.156 0.0302191 0.997237 0.0678663 10.9794 -0.788533 0.0655096 -0.611493 -231.249 
-0.614009 -0.0361808 0.788469 541.174 0.0315261 0.997027 0.0703014 11.1321 -0.788669 0.068023 -0.611043 -232.697 
-0.614478 -0.0350472 0.788155 542.69 0.031134 0.997157 0.0686143 11.1794 -0.788319 0.0667004 -0.61164 -233.939 
-0.614527 -0.0330359 0.788203 544.429 0.0308205 0.997355 0.0658314 11.3059 -0.788293 0.064748 -0.611884 -235.412 
-0.614418 -0.0327222 0.788302 546.393 0.0311858 0.997351 0.0657065 11.4383 -0.788364 0.0649551 -0.61177 -236.913 
-0.614432 -0.0346409 0.788209 548.314 0.0318215 0.997135 0.0686288 11.5409 -0.788328 0.0672497 -0.611569 -238.285 
-0.614385 -0.0354684 0.788209 550.414 0.0327178 0.996984 0.0703655 11.6933 -0.788328 0.06902 -0.611372 -239.889 
-0.614327 -0.0345267 0.788296 552.479 0.0333414 0.997014 0.0696516 11.8428 -0.788347 0.0690718 -0.611342 -241.45 
-0.614501 -0.0347757 0.788149 554.547 0.034439 0.996893 0.0708373 11.9529 -0.788164 0.0706727 -0.611394 -242.981 
-0.614552 -0.0335662 0.788161 556.69 0.0351933 0.996933 0.0698985 12.1273 -0.78809 0.0706944 -0.611486 -244.592 
-0.61435 -0.0337348 0.788312 558.794 0.0358873 0.996857 0.070627 12.2784 -0.788217 0.0716801 -0.611209 -246.176 
-0.614316 -0.0346473 0.788299 560.866 0.0361005 0.996755 0.0719422 12.4273 -0.788234 0.0726533 -0.611072 -247.701 
-0.614074 -0.0355305 0.788448 563.019 0.0356745 0.996716 0.0727005 12.5898 -0.788442 0.072771 -0.61079 -249.334 
-0.613959 -0.0355198 0.788538 565.158 0.035613 0.996723 0.0726259 12.7511 -0.788534 0.0726715 -0.610682 -250.948 
-0.613787 -0.0359568 0.788652 567.294 0.0340665 0.996825 0.071961 12.912 -0.788736 0.0710354 -0.610614 -252.542 
-0.612943 -0.0367411 0.789273 568.797 0.0345511 0.996716 0.0732298 12.9967 -0.789372 0.0721559 -0.609661 -253.787 
-0.61251 -0.0379988 0.789549 570.691 0.0330901 0.996736 0.0736405 13.1396 -0.78977 0.0712318 -0.609254 -255.255 
-0.61291 -0.039616 0.789159 572.357 0.0313024 0.996741 0.074348 13.2385 -0.789532 0.0702713 -0.609673 -256.372 
-0.612204 -0.0391206 0.789731 574.262 0.0308434 0.996834 0.0732897 13.3634 -0.790098 0.0692263 -0.609059 -257.855 
-0.611158 -0.037563 0.790616 576.248 0.0329622 0.996799 0.0728391 13.503 -0.790822 0.0705767 -0.607964 -259.396 
-0.610284 -0.0365579 0.791338 577.949 0.0345779 0.996753 0.0727141 13.5889 -0.791428 0.0717391 -0.607039 -260.744 
-0.610315 -0.0372676 0.791281 580.075 0.0348355 0.996664 0.0738092 13.7439 -0.791392 0.0726116 -0.606981 -262.314 
-0.609767 -0.0385668 0.791641 581.784 0.0344695 0.99658 0.0751012 13.849 -0.79183 0.0730818 -0.606353 -263.498 
-0.608706 -0.039716 0.792401 583.454 0.0335236 0.996567 0.0757011 13.9685 -0.792687 0.0726438 -0.605285 -264.641 
-0.607718 -0.0403552 0.793127 585.62 0.0323002 0.996626 0.0754587 14.1436 -0.793496 0.0714758 -0.604364 -266.235 
-0.60744 -0.0405792 0.793328 587.707 0.0315185 0.996677 0.0751138 14.2998 -0.79374 0.0706317 -0.604143 -267.768 
-0.606405 -0.041711 0.794061 589.873 0.0302373 0.996691 0.0754463 14.4791 -0.79458 0.0697614 -0.603138 -269.371 
-0.606619 -0.0422202 0.793871 591.659 0.0297535 0.996683 0.0757417 14.6005 -0.794436 0.0695668 -0.60335 -270.509 
-0.606422 -0.0431842 0.793969 593.555 0.0285275 0.9967 0.0759996 14.7252 -0.794631 0.0687378 -0.603189 -271.807 
-0.606395 -0.0442851 0.79393 595.583 0.026732 0.996748 0.0760158 14.8536 -0.794714 0.067319 -0.603239 -273.226 
-0.605908 -0.0434681 0.794346 597.78 0.02618 0.996876 0.0745204 15.0361 -0.795103 0.0659485 -0.602877 -274.925 
-0.605791 -0.0433711 0.79444 599.732 0.0270794 0.996811 0.0750681 15.1724 -0.795162 0.0669886 -0.602685 -276.398 
-0.606043 -0.0449152 0.794163 601.487 0.0270117 0.996666 0.0769812 15.2917 -0.794973 0.0681056 -0.602809 -277.596 
-0.606612 -0.0475754 0.793573 603.25 0.0258557 0.996499 0.0795051 15.4101 -0.794577 0.0687471 -0.603258 -278.718 
-0.60646 -0.0468549 0.793732 605.199 0.0252468 0.996624 0.0781219 15.5684 -0.794713 0.067417 -0.603229 -280.157 
-0.606833 -0.0450207 0.793553 606.744 0.0256988 0.996761 0.0762011 15.6353 -0.794414 0.0666347 -0.60371 -281.161 
-0.607106 -0.0413461 0.793544 608.215 0.0281615 0.996898 0.0734866 15.6879 -0.794121 0.0669616 -0.604059 -282.048 
-0.607371 -0.0376709 0.793525 609.686 0.0306252 0.997022 0.0707723 15.7355 -0.793828 0.0672869 -0.604408 -282.937 
-0.607727 -0.038562 0.793209 611.458 0.0306841 0.996934 0.071975 15.8323 -0.793553 0.0680801 -0.604681 -284.135 
-0.607943 -0.0392362 0.79301 613.071 0.0315427 0.996796 0.0735004 15.9015 -0.793354 0.0696978 -0.604758 -285.133 
-0.608159 -0.0399099 0.792811 614.684 0.0324009 0.996655 0.0750257 15.9733 -0.793153 0.0713154 -0.604832 -286.131 
-0.608376 -0.0405831 0.79261 616.296 0.0332586 0.996511 0.076551 16.0479 -0.792952 0.072933 -0.604904 -287.129 
-0.60773 -0.040007 0.793135 618.306 0.0333097 0.996567 0.0757915 16.1919 -0.793445 0.0724799 -0.604311 -288.656 
-0.607435 -0.040064 0.793358 619.891 0.0337511 0.996524 0.0761652 16.2727 -0.793652 0.0730422 -0.603971 -289.869 
-0.606188 -0.0405717 0.794286 621.917 0.0338835 0.996474 0.0767587 16.42 -0.794599 0.0734434 -0.602676 -291.416 
-0.606554 -0.0413031 0.793968 623.626 0.0331003 0.996472 0.0771245 16.5365 -0.794353 0.0730608 -0.603047 -292.573 
-0.606109 -0.0414278 0.794302 625.774 0.0329488 0.996478 0.0771148 16.7091 -0.794699 0.0729113 -0.602609 -294.139 
-0.605817 -0.0402411 0.794585 627.888 0.0331485 0.996576 0.0757442 16.8744 -0.794913 0.0722265 -0.602409 -295.712 
-0.605541 -0.0406098 0.794777 629.827 0.0331395 0.996544 0.0761682 17.0122 -0.795124 0.0724615 -0.602103 -297.141 
-0.605726 -0.0410168 0.794615 631.327 0.0331505 0.996502 0.076708 17.1543 -0.794982 0.0728059 -0.602248 -298.117 
-0.605424 -0.0411875 0.794837 632.715 0.0334071 0.996465 0.0770816 17.3665 -0.795202 0.0732202 -0.601908 -299.042 
-0.605122 -0.0413584 0.795058 634.102 0.0336638 0.996427 0.0774551 17.5793 -0.795421 0.0736344 -0.601568 -299.966 
-0.60482 -0.0415294 0.795279 635.49 0.0339206 0.996389 0.0778284 17.7927 -0.795639 0.0740485 -0.601228 -300.89 
-0.604158 -0.0416801 0.795774 637.474 0.034488 0.996328 0.0783679 17.9443 -0.796118 0.0747913 -0.600502 -302.372 
