1 -4.23778e-08 4.22719e-08 0 -4.23778e-08 1 -4.19404e-08 0 4.22719e-08 -4.19404e-08 1 0 
0.999996 -0.0024597 -0.00128573 -0.0172526 0.00246319 0.999993 0.00278257 -0.0114948 0.00127896 -0.00278581 0.999995 1.54893 
0.999991 -0.0031571 -0.00279892 -0.0490932 0.00316723 0.999988 0.00365417 -0.0279262 0.00278744 -0.00366309 0.999989 3.06714 
0.999989 -0.00225716 -0.00414604 -0.0879928 0.00227094 0.999992 0.00334169 -0.0415586 0.00413855 -0.00335115 0.999986 4.57172 
0.999983 -0.00158645 -0.00555541 -0.129651 0.00160401 0.999994 0.00317289 -0.0570119 0.00555042 -0.00318183 0.999979 6.11071 
0.999976 -0.00166483 -0.00666883 -0.172198 0.00168775 0.999993 0.00344447 -0.0743632 0.00666313 -0.00345572 0.999972 7.63186 
0.999962 -0.0020246 -0.00842566 -0.206622 0.00205672 0.999991 0.00381482 -0.0876778 0.00841795 -0.00383209 0.999957 9.15282 
0.999943 -0.00416262 -0.00982295 -0.243666 0.00419036 0.999987 0.0028142 -0.10189 0.0098112 -0.00285529 0.999948 10.6338 
0.999921 -0.0051236 -0.0114318 -0.273626 0.00516007 0.999982 0.00317072 -0.1209 0.0114154 -0.00322954 0.99993 12.0862 
0.999906 -0.004817 -0.0128155 -0.310816 0.00485961 0.999983 0.00330212 -0.141945 0.0127995 -0.00336417 0.999912 13.6012 
0.99989 -0.00443585 -0.0141152 -0.347498 0.00448245 0.999984 0.00327757 -0.159245 0.0141005 -0.00334056 0.999895 15.0807 
0.999886 -0.00291445 -0.01484 -0.391664 0.00297108 0.999988 0.0038013 -0.176504 0.0148289 -0.00384504 0.999883 16.576 
0.999879 -0.00105351 -0.0155328 -0.434615 0.00112238 0.999989 0.00443124 -0.188206 0.0155281 -0.00444822 0.999869 18.0485 
0.999867 -0.000182898 -0.0163166 -0.474961 0.000265343 0.999987 0.00505597 -0.1983 0.0163155 -0.00505971 0.999854 19.5405 
0.999862 -0.000183461 -0.0166123 -0.528883 0.000267107 0.999987 0.00503816 -0.215051 0.0166113 -0.00504198 0.999849 21.042 
0.999846 0.000221088 -0.0175707 -0.564383 -0.000127923 0.999986 0.00530802 -0.231233 0.0175717 -0.00530504 0.999831 22.5038 
0.999839 0.00137104 -0.0179112 -0.609291 -0.00126684 0.999982 0.00583213 -0.243894 0.0179189 -0.00580858 0.999822 23.9517 
0.999837 0.00212144 -0.0179064 -0.64821 -0.00199697 0.999974 0.00697066 -0.251393 0.0179208 -0.00693385 0.999815 25.4655 
0.999838 0.00220945 -0.0178846 -0.686943 -0.00211013 0.999982 0.00557468 -0.261028 0.0178967 -0.00553612 0.999824 26.9657 
0.999831 0.00252908 -0.0182251 -0.725079 -0.00246248 0.99999 0.00368092 -0.276181 0.0182343 -0.0036355 0.999827 28.408 
0.999836 0.000410581 -0.0181226 -0.760865 -0.000348668 0.999994 0.003424 -0.288377 0.0181239 -0.00341721 0.99983 29.844 
0.999834 -0.00043407 -0.018188 -0.80283 0.000544602 0.999981 0.0060773 -0.301309 0.0181851 -0.00608629 0.999816 31.2729 
0.999828 -0.00192107 -0.0184388 -0.836696 0.00205404 0.999972 0.00719966 -0.313114 0.0184245 -0.00723639 0.999804 32.6843 
0.999826 -0.00283522 -0.0184146 -0.877624 0.00295744 0.999974 0.00661804 -0.326818 0.0183954 -0.00667143 0.999808 34.1001 
0.999834 -0.00296578 -0.0179915 -0.920283 0.00305496 0.999983 0.00493586 -0.342377 0.0179766 -0.00499009 0.999826 35.4865 
0.99984 -0.00197949 -0.0177483 -0.960293 0.00205417 0.999989 0.00419527 -0.355314 0.0177399 -0.00423114 0.999834 36.8944 
0.999856 -0.00152176 -0.0169141 -1.00333 0.00157567 0.999994 0.00317955 -0.36969 0.0169092 -0.00320582 0.999852 38.268 
0.999874 -0.000662397 -0.0158533 -1.04355 0.000729512 0.999991 0.00423337 -0.386398 0.0158505 -0.00424449 0.999865 39.6073 
0.999897 -0.000271918 -0.0143631 -1.0859 0.000364133 0.999979 0.00642391 -0.407024 0.0143612 -0.00642857 0.999876 40.9464 
0.999916 -0.00120348 -0.0128801 -1.1134 0.00129956 0.999971 0.00746063 -0.422975 0.0128709 -0.00747683 0.999889 42.231 
0.999942 -0.000875992 -0.0107367 -1.14242 0.000963667 0.999966 0.00817126 -0.440536 0.0107293 -0.00818122 0.999909 43.5125 
0.999972 -0.00141152 -0.00728215 -1.18064 0.00146676 0.99997 0.00759744 -0.455223 0.0072713 -0.007608 0.999945 44.7787 
0.99999 -0.00216144 -0.00382325 -1.19782 0.00218378 0.99998 0.00587243 -0.469408 0.00381057 -0.0058808 0.999975 46.03 
0.999997 -0.00224979 -0.000783529 -1.20644 0.00225281 0.999989 0.00398077 -0.477992 0.00077465 -0.0039826 0.999992 47.2606 
0.999993 -0.00202782 0.00314547 -1.21599 0.00201337 0.999987 0.00456485 -0.492494 -0.0031546 -0.00455857 0.999985 48.4829 
0.999963 -0.00171846 0.00846294 -1.22308 0.0016807 0.999989 0.00445636 -0.508905 -0.00847042 -0.00444205 0.999954 49.7028 
0.999891 -0.000221532 0.0147531 -1.22195 0.000167502 0.999993 0.00365763 -0.525786 -0.0147537 -0.00365485 0.999884 50.9136 
0.99975 0.00128494 0.0223055 -1.22063 -0.00136596 0.999992 0.00361368 -0.536718 -0.0223006 -0.00364333 0.999745 52.1161 
0.999527 0.00212912 0.0306721 -1.20461 -0.00227318 0.999986 0.00465982 -0.551816 -0.0306617 -0.00472742 0.999519 53.298 
0.999161 0.00429815 0.0407276 -1.17063 -0.00451975 0.999975 0.00534839 -0.566311 -0.0407036 -0.00552806 0.999156 54.4693 
0.998549 0.00629788 0.0534792 -1.12682 -0.00659214 0.999964 0.0053261 -0.578873 -0.0534436 -0.00567099 0.998555 55.6321 
0.997636 0.00843054 0.0682037 -1.0714 -0.00884718 0.999944 0.00580778 -0.590059 -0.0681508 -0.00639754 0.997654 56.7792 
0.996387 0.0104568 0.0842775 -0.994229 -0.0110865 0.999914 0.00700634 -0.6027 -0.0841969 -0.00791546 0.996418 57.9242 
0.994733 0.0107925 0.10193 -0.88949 -0.0116475 0.999902 0.00779563 -0.611247 -0.101836 -0.00894188 0.994761 59.0651 
0.992621 0.0101601 0.120831 -0.770594 -0.0110978 0.999913 0.00708937 -0.624457 -0.120749 -0.0083781 0.992648 60.1591 
0.989965 0.00939518 0.140998 -0.632362 -0.0103641 0.999927 0.00613838 -0.633023 -0.14093 -0.00753818 0.989991 61.252 
0.986763 0.00647802 0.162037 -0.471759 -0.00755289 0.999953 0.00601779 -0.64443 -0.161991 -0.00716206 0.986766 62.3133 
0.983041 0.0013185 0.183383 -0.283328 -0.00287382 0.999962 0.00821526 -0.653862 -0.183365 -0.00860302 0.983007 63.3649 
0.978442 -0.00421923 0.206479 -0.0674853 0.00226808 0.99995 0.009685 -0.663118 -0.20651 -0.00900798 0.978403 64.4129 
0.973095 -0.00923805 0.230217 0.172216 0.0072737 0.999929 0.00937943 -0.672642 -0.230288 -0.00745263 0.973094 65.4376 
0.966743 -0.0154361 0.255282 0.434959 0.0139088 0.999873 0.00778662 -0.680009 -0.25537 -0.00397706 0.966835 66.4422 
0.959401 -0.0190743 0.281399 0.718714 0.017377 0.999813 0.00852591 -0.687953 -0.281509 -0.00328997 0.959553 67.4216 
0.950932 -0.0217316 0.308636 1.02072 0.0192572 0.999753 0.0110611 -0.69684 -0.3088 -0.00457496 0.951116 68.3788 
0.941457 -0.0260983 0.336121 1.35564 0.0227374 0.999644 0.0139313 -0.698217 -0.336365 -0.00547329 0.941716 69.3274 
0.930683 -0.0293494 0.364647 1.71345 0.0260494 0.999563 0.0139661 -0.7066 -0.364897 -0.00349922 0.931041 70.2475 
0.91875 -0.0285875 0.393802 2.08031 0.0266899 0.999591 0.0102954 -0.715927 -0.393935 0.00105156 0.919137 71.1342 
0.905808 -0.0296381 0.42265 2.48492 0.0303697 0.999526 0.00500385 -0.719617 -0.422598 0.00830316 0.906279 72.007 
0.891833 -0.0316918 0.451253 2.92167 0.0341203 0.999414 0.00275561 -0.728729 -0.451076 0.0129393 0.892392 72.8648 
0.876301 -0.0322152 0.480686 3.3752 0.0333511 0.999424 0.0061807 -0.738209 -0.480608 0.0106152 0.876871 73.706 
0.858698 -0.0313247 0.511523 3.84918 0.02927 0.999499 0.0120713 -0.75149 -0.511644 0.00460657 0.859185 74.5369 
0.839209 -0.0312711 0.542909 4.34868 0.0269584 0.99951 0.0158994 -0.760147 -0.543141 0.00129302 0.839641 75.3388 
0.81819 -0.0248088 0.574413 4.87295 0.0225367 0.999685 0.011075 -0.762489 -0.574506 0.00388384 0.818491 76.1129 
0.796346 -0.0177879 0.604579 5.42711 0.0193149 0.999805 0.0039747 -0.763495 -0.604532 0.00851212 0.796535 76.863 
0.774038 -0.0154087 0.632952 6.00881 0.0181789 0.999832 0.00210895 -0.769171 -0.632878 0.00987392 0.774188 77.5882 
0.750835 -0.0181628 0.66024 6.61146 0.0194325 0.999796 0.00540473 -0.780975 -0.660203 0.00877203 0.751035 78.279 
0.726618 -0.018447 0.686794 7.23988 0.0196581 0.999788 0.00605589 -0.792063 -0.68676 0.00910067 0.726827 78.9454 
0.701511 -0.016568 0.712466 7.881 0.0202261 0.99979 0.00333439 -0.800886 -0.712372 0.0120713 0.701699 79.581 
0.67539 -0.0141526 0.737325 8.53588 0.019929 0.999801 0.000935616 -0.808129 -0.737191 0.0140622 0.675538 80.1923 
0.648717 -0.0116723 0.76094 9.21796 0.0181907 0.999834 -0.000171276 -0.815764 -0.760812 0.0139531 0.648822 80.7811 
0.620927 -0.0103079 0.783801 9.91659 0.0179532 0.999838 -0.00107359 -0.829398 -0.783663 0.0147384 0.621011 81.3411 
0.592374 -0.00373808 0.805655 10.6406 0.0163377 0.999839 -0.0073737 -0.843827 -0.805498 0.0175305 0.59234 81.8805 
0.562512 0.00559888 0.82677 11.3776 0.0149878 0.999744 -0.0169677 -0.858454 -0.826653 0.021936 0.562284 82.3939 
0.531832 0.0140219 0.846734 12.1394 0.0136379 0.999591 -0.0251193 -0.881179 -0.84674 0.0249069 0.531423 82.8824 
0.500332 0.018896 0.865627 12.9262 0.0113379 0.999533 -0.0283724 -0.905547 -0.865759 0.02401 0.499885 83.345 
0.467937 0.0186075 0.883566 13.738 0.00896512 0.999627 -0.0257997 -0.936264 -0.883716 0.0199939 0.467596 83.7864 
0.434891 0.017288 0.900317 14.5659 0.00407512 0.999768 -0.0211662 -0.970241 -0.900474 0.0128739 0.434719 84.2005 
0.400637 0.0184421 0.916051 15.4131 -0.000258845 0.9998 -0.020015 -1.00182 -0.916237 0.00778163 0.400562 84.5879 
0.365689 0.0216057 0.930486 16.2798 -0.00750587 0.999766 -0.0202646 -1.02853 -0.930707 0.000426417 0.365766 84.9478 
0.329881 0.0236343 0.943726 17.1632 -0.0127601 0.999707 -0.0205761 -1.05357 -0.943936 -0.00525438 0.330086 85.2747 
0.293863 0.0230871 0.955569 18.0737 -0.015285 0.999694 -0.0194528 -1.07815 -0.955725 -0.00888946 0.294126 85.57 
0.257937 0.0225692 0.965898 18.9968 -0.0162003 0.999688 -0.0190326 -1.10682 -0.966026 -0.0107387 0.258222 85.8235 
0.222324 0.0219931 0.974725 19.9325 -0.0154742 0.999699 -0.0190272 -1.13316 -0.97485 -0.0108529 0.222597 86.0403 
0.187322 0.0207822 0.982079 20.8845 -0.0133816 0.999737 -0.0186035 -1.15539 -0.982207 -0.00965697 0.187551 86.2234 
0.153018 0.0196633 0.988028 21.8384 -0.00535483 0.999804 -0.0190685 -1.18547 -0.988209 -0.00237291 0.153093 86.3662 
0.119433 0.0232554 0.99257 22.8145 -0.00330286 0.999729 -0.0230258 -1.21235 -0.992837 -0.000528288 0.119477 86.4862 
0.0868302 0.028299 0.995821 23.7727 -0.00262018 0.999599 -0.028178 -1.24361 -0.99622 -0.000162533 0.0868696 86.5755 
0.0579125 0.031913 0.997811 24.7313 0.00411636 0.999473 -0.0322051 -1.27996 -0.998313 0.00597243 0.0577506 86.6304 
0.0322713 0.0302133 0.999022 25.7061 0.00566692 0.999521 -0.0304115 -1.31362 -0.999463 0.0066428 0.0320846 86.6724 
0.00977345 0.0271579 0.999583 26.698 0.00748798 0.999601 -0.0272316 -1.35167 -0.999924 0.00775101 0.0095662 86.6901 
-0.0089907 0.0245465 0.999658 27.6807 0.00773232 0.99967 -0.0244773 -1.38866 -0.99993 0.00750961 -0.00917754 86.6885 
-0.0255862 0.0277452 0.999287 28.6738 0.00905362 0.99958 -0.0275216 -1.42311 -0.999632 0.008343 -0.0258266 86.6693 
-0.0402933 0.0321067 0.998672 29.6607 0.011688 0.99943 -0.0316596 -1.45691 -0.999119 0.0103968 -0.0406456 86.635 
-0.0517916 0.0372543 0.997963 30.6561 0.0163178 0.999202 -0.0364538 -1.49386 -0.998525 0.0143965 -0.0523582 86.5783 
-0.0603432 0.040802 0.997343 31.6667 0.0217908 0.99898 -0.0395506 -1.53705 -0.99794 0.0193463 -0.0611708 86.5125 
-0.0663278 0.0458638 0.996743 32.662 0.0256437 0.998691 -0.0442471 -1.58978 -0.997468 0.0226254 -0.0674171 86.4508 
-0.0698162 0.0506605 0.996273 33.6597 0.0271604 0.998436 -0.0488672 -1.64148 -0.99719 0.0236474 -0.071083 86.387 
-0.0728012 0.0548053 0.995839 34.666 0.0294958 0.998171 -0.0527773 -1.69601 -0.99691 0.0255308 -0.0742845 86.3196 
-0.0750597 0.0575509 0.995517 35.6797 0.0300458 0.99801 -0.0554298 -1.76153 -0.996726 0.0257505 -0.0766395 86.2417 
-0.0772649 0.0611135 0.995136 36.6958 0.0311274 0.997781 -0.0588592 -1.82847 -0.996524 0.0264282 -0.0789958 86.1658 
-0.0792315 0.064741 0.994752 37.7175 0.0324323 0.997528 -0.0623385 -1.89566 -0.996328 0.0273229 -0.0811353 86.0919 
-0.0814779 0.066244 0.994471 38.734 0.035027 0.997363 -0.0635669 -1.96281 -0.996059 0.029654 -0.0835834 86.0149 
-0.0831696 0.0649879 0.994414 39.7856 0.0350375 0.997445 -0.0622557 -2.03335 -0.995919 0.029664 -0.0852342 85.9201 
-0.0856781 0.064687 0.994221 40.82 0.0343647 0.997488 -0.0619382 -2.10668 -0.99573 0.0288594 -0.0876858 85.8423 
-0.0874353 0.0659035 0.993988 41.8503 0.0348135 0.997402 -0.0630676 -2.18259 -0.995562 0.0290898 -0.0895025 85.7491 
-0.0897009 0.0680832 0.993639 42.8698 0.0339079 0.997291 -0.0652725 -2.25445 -0.995391 0.0278372 -0.0917665 85.6664 
-0.0923826 0.0703591 0.993235 43.9135 0.0318114 0.9972 -0.0676813 -2.32865 -0.995215 0.0253436 -0.0943621 85.5786 
-0.0946933 0.0740448 0.992749 44.9675 0.029362 0.997004 -0.0715615 -2.40303 -0.995073 0.0223727 -0.0965837 85.4864 
-0.0966515 0.0781633 0.992244 46.0186 0.0262575 0.996765 -0.0759619 -2.487 -0.994972 0.018712 -0.0983911 85.3899 
-0.0994397 0.0806435 0.99177 47.057 0.0238503 0.996617 -0.0786463 -2.5703 -0.994758 0.0158335 -0.101027 85.3043 
-0.102307 0.0792125 0.991594 48.0963 0.021864 0.996763 -0.0773697 -2.65482 -0.994512 0.0137648 -0.103708 85.2125 
-0.105215 0.0750928 0.99161 49.1477 0.0187222 0.997118 -0.0735234 -2.74091 -0.994273 0.0108293 -0.106318 85.1199 
-0.107446 0.0735707 0.991485 50.2076 0.0187564 0.997231 -0.0719645 -2.82281 -0.994034 0.0108644 -0.108528 85.013 
-0.109283 0.0739188 0.991258 51.2586 0.0180069 0.997215 -0.0723779 -2.91024 -0.993847 0.00993985 -0.11031 84.9145 
-0.110355 0.0767107 0.990927 52.3164 0.0196525 0.99699 -0.0749915 -2.99457 -0.993698 0.0111985 -0.111531 84.8059 
-0.111032 0.0796207 0.990622 53.3755 0.0202303 0.99676 -0.0778466 -3.07909 -0.993611 0.0113971 -0.112283 84.6952 
-0.111439 0.0800873 0.990539 54.4208 0.0190084 0.996737 -0.07845 -3.17096 -0.993589 0.0100863 -0.112597 84.5987 
-0.111237 0.0787617 0.990668 55.4844 0.0163514 0.996865 -0.0774184 -3.26251 -0.993659 0.00758695 -0.112176 84.4987 
-0.111362 0.0780911 0.990707 56.5555 0.0124686 0.996939 -0.0771808 -3.35467 -0.993702 0.00375768 -0.111995 84.3946 
-0.111475 0.0790232 0.99062 57.6187 0.00876032 0.996873 -0.0785362 -3.44512 -0.993729 -7.66429e-05 -0.111818 84.2991 
-0.112116 0.079097 0.990542 58.6828 0.00430273 0.996856 -0.0791143 -3.53734 -0.993686 -0.00460792 -0.112104 84.2099 
-0.112505 0.0785428 0.990542 59.7664 0.001075 0.99688 -0.0789234 -3.6314 -0.99365 -0.00781444 -0.112238 84.1116 
-0.112482 0.0734282 0.990937 60.8553 0.00163895 0.997278 -0.0737122 -3.71866 -0.993652 -0.00666718 -0.112296 84.0007 
-0.113023 0.0647752 0.991479 61.9629 0.00440147 0.997895 -0.0646928 -3.80134 -0.993583 -0.00294777 -0.11307 83.891 
-0.112753 0.0590936 0.991864 63.0787 0.0098825 0.998247 -0.0583506 -3.88501 -0.993574 0.00322292 -0.113139 83.7697 
-0.111847 0.0614588 0.991823 64.1854 0.0179406 0.998048 -0.0598215 -3.95602 -0.993563 0.0111031 -0.112732 83.6423 
-0.110573 0.0670052 0.991607 65.2909 0.023102 0.997628 -0.0648361 -4.02746 -0.993599 0.0157389 -0.111859 83.5198 
-0.109299 0.0727668 0.991342 66.3855 0.0267342 0.997171 -0.0702472 -4.10298 -0.993649 0.0188248 -0.110935 83.3968 
-0.108519 0.0770116 0.991107 67.4994 0.0276157 0.996843 -0.0744338 -4.18915 -0.993711 0.0192926 -0.110303 83.2823 
-0.108 0.0744778 0.991357 68.6308 0.0245702 0.997085 -0.0722315 -4.26966 -0.993847 0.0165569 -0.109515 83.169 
-0.107578 0.0697821 0.991745 69.7644 0.0237967 0.997429 -0.0676008 -4.35946 -0.993912 0.0163279 -0.108962 83.057 
-0.107516 0.0676927 0.991896 70.903 0.0214459 0.997605 -0.0657578 -4.44115 -0.993972 0.014202 -0.108711 82.9513 
-0.107424 0.0684421 0.991855 72.0282 0.019646 0.997579 -0.0667095 -4.52079 -0.994019 0.0123198 -0.108508 82.8457 
-0.107189 0.0735661 0.991513 73.1609 0.0211206 0.997202 -0.071705 -4.60897 -0.994014 0.0132554 -0.108443 82.7367 
-0.106277 0.0762528 0.991408 74.3091 0.0207782 0.997008 -0.0744561 -4.69366 -0.994119 0.0126868 -0.107543 82.6172 
-0.105684 0.0750646 0.991562 75.4567 0.0208772 0.997094 -0.0732583 -4.7847 -0.99418 0.0129588 -0.106944 82.5023 
-0.104617 0.0682186 0.99217 76.6274 0.0227019 0.997548 -0.0661948 -4.87303 -0.994253 0.015599 -0.105909 82.378 
-0.105031 0.0667478 0.992226 77.7749 0.0221059 0.997655 -0.0647731 -4.9577 -0.994223 0.0151309 -0.10626 82.2663 
-0.10464 0.0700077 0.992043 78.9306 0.0198828 0.997467 -0.0682933 -5.03386 -0.994311 0.0125784 -0.105767 82.1658 
-0.104452 0.0730535 0.991843 80.0823 0.0191778 0.997261 -0.071433 -5.11742 -0.994345 0.01156 -0.105567 82.0602 
-0.104122 0.0723679 0.991928 81.2592 0.0185545 0.997317 -0.0708135 -5.2079 -0.994391 0.0110316 -0.105185 81.947 
-0.103682 0.0688728 0.992223 82.4347 0.0182217 0.997564 -0.0673395 -5.30013 -0.994444 0.0110981 -0.104684 81.8357 
-0.102649 0.06776 0.992407 83.6271 0.0188893 0.99763 -0.0661629 -5.3846 -0.994538 0.0119543 -0.103686 81.7257 
-0.101802 0.0679854 0.992479 84.8105 0.0205078 0.997593 -0.0662323 -5.47366 -0.994593 0.013611 -0.102951 81.6208 
-0.100956 0.0680846 0.992558 86.0109 0.0232181 0.997545 -0.0660651 -5.55835 -0.99462 0.0163757 -0.102289 81.5114 
-0.0997973 0.0678799 0.99269 87.2107 0.0227651 0.997565 -0.0659247 -5.63812 -0.994747 0.0160195 -0.1011 81.4035 
-0.0984892 0.0684798 0.992779 88.4173 0.024034 0.997502 -0.0664214 -5.7221 -0.994848 0.0173187 -0.099889 81.2969 
-0.0974707 0.0667217 0.992999 89.6333 0.024777 0.997604 -0.064599 -5.80853 -0.99493 0.018307 -0.0988903 81.1928 
-0.0959029 0.0658914 0.993207 90.8595 0.023345 0.997681 -0.0639341 -5.8957 -0.995117 0.017055 -0.0972188 81.0812 
-0.0945091 0.0652866 0.993381 92.0821 0.0248395 0.997691 -0.0632067 -5.9785 -0.995214 0.0187015 -0.0959126 80.9724 
-0.0931109 0.0659952 0.993466 93.3115 0.0229095 0.997679 -0.064128 -6.06661 -0.995392 0.0167888 -0.0944067 80.8801 
-0.0916805 0.0684731 0.993431 94.5318 0.0236075 0.997502 -0.066575 -6.15303 -0.995509 0.0173488 -0.093068 80.779 
-0.0905145 0.0674591 0.993608 95.7636 0.0215442 0.997602 -0.0657678 -6.23711 -0.995662 0.0154535 -0.0917508 80.6815 
-0.0900498 0.0660103 0.993747 97.0079 0.0180772 0.997745 -0.0646378 -6.32555 -0.995773 0.0121436 -0.09104 80.5872 
-0.0900722 0.0672101 0.993665 98.2486 0.0156055 0.997693 -0.0660681 -6.41117 -0.995813 0.0095557 -0.0909132 80.4941 
-0.0904156 0.0665441 0.993678 99.5011 0.0127314 0.997761 -0.0656591 -6.49876 -0.995823 0.00671433 -0.0910604 80.4011 
-0.0918491 0.0640426 0.993711 100.762 0.00992978 0.997939 -0.0633973 -6.58671 -0.995723 0.00404435 -0.0922957 80.3143 
-0.0931309 0.0629102 0.993664 102.022 0.00797722 0.998017 -0.0624382 -6.67241 -0.995622 0.00211176 -0.0934481 80.2162 
-0.0947042 0.0621228 0.993565 103.281 0.00611192 0.998068 -0.0618219 -6.76226 -0.995487 0.000217801 -0.0949009 80.1138 
-0.0962029 0.0623412 0.993407 104.544 0.0063738 0.998055 -0.0620157 -6.84764 -0.995341 0.000365697 -0.0964131 80.0063 
-0.0982804 0.0610823 0.993282 105.799 0.00602801 0.998133 -0.0607842 -6.93204 -0.99514 1.36274e-05 -0.0984651 79.8962 
-0.101407 0.0563251 0.993249 107.058 0.00319515 0.998409 -0.0562915 -7.01884 -0.99484 -0.00253475 -0.101425 79.7878 
-0.105286 0.0563148 0.992846 108.312 0.0030559 0.998409 -0.0563063 -7.10115 -0.994437 -0.00289419 -0.10529 79.6662 
-0.110926 0.0621289 0.991885 109.533 -0.00162596 0.998031 -0.0626959 -7.18713 -0.993827 -0.00856735 -0.110606 79.5517 
-0.11811 0.0653461 0.990848 110.769 -0.00060731 0.997827 -0.0658789 -7.27211 -0.993 -0.00838273 -0.117814 79.4282 
-0.126603 0.0614482 0.990048 112.024 0.00142373 0.99809 -0.0617653 -7.36057 -0.991952 -0.00641013 -0.126449 79.2741 
-0.137217 0.0591154 0.988775 113.272 0.00357718 0.998241 -0.059185 -7.4523 -0.990534 -0.00458414 -0.137187 79.1103 
-0.150129 0.0600964 0.986838 114.511 0.0041078 0.99818 -0.0601623 -7.53344 -0.988658 -0.00497837 -0.150103 78.9379 
-0.164495 0.060135 0.984543 115.733 0.00615382 0.998183 -0.05994 -7.61668 -0.986359 -0.00380109 -0.164566 78.7535 
-0.179111 0.0580034 0.982117 116.95 0.00682229 0.99831 -0.0577156 -7.70015 -0.983805 -0.0036372 -0.179204 78.5492 
-0.194554 0.0603947 0.979031 118.146 0.0112725 0.998174 -0.0593356 -7.78766 -0.980827 -0.000507833 -0.19488 78.3215 
-0.209716 0.0635351 0.975696 119.315 0.0113359 0.997977 -0.0625496 -7.87309 -0.977696 -0.00205727 -0.210012 78.0869 
-0.225235 0.0672782 0.971979 120.481 0.0113437 0.997726 -0.0664318 -7.96312 -0.974238 -0.00393689 -0.225486 77.8454 
-0.241152 0.0653104 0.968287 121.668 0.00783525 0.997831 -0.0653519 -8.05049 -0.970456 -0.00817295 -0.241141 77.5719 
-0.256596 0.0596631 0.964676 122.849 0.00221711 0.998127 -0.0611423 -8.13782 -0.966516 -0.01355 -0.256247 77.274 
-0.272534 0.0557926 0.960527 124.038 -0.00198503 0.998282 -0.058549 -8.22347 -0.962144 -0.0178633 -0.271955 76.9674 
-0.287382 0.0574798 0.95609 125.198 -0.00348099 0.998128 -0.0610535 -8.30291 -0.95781 -0.0208738 -0.286644 76.6361 
-0.301852 0.0594248 0.951501 126.351 -0.00370207 0.997975 -0.0635018 -8.38548 -0.953348 -0.0226907 -0.301021 76.2898 
-0.315547 0.0614546 0.946918 127.497 -0.00238345 0.997846 -0.0655542 -8.47674 -0.948907 -0.0229424 -0.314721 75.9217 
-0.329824 0.061499 0.942037 128.649 -0.000152907 0.997872 -0.0651977 -8.56338 -0.944042 -0.0216478 -0.329113 75.5371 
-0.34351 0.0595172 0.937261 129.789 -0.000497906 0.997978 -0.0635553 -8.65091 -0.939149 -0.0222986 -0.342786 75.1332 
-0.357967 0.0581457 0.931922 130.923 -0.00103222 0.998034 -0.0626672 -8.73868 -0.933734 -0.0233947 -0.357203 74.7132 
-0.372666 0.0592155 0.926074 132.029 -0.00276824 0.997886 -0.0649214 -8.83021 -0.927961 -0.0267576 -0.371715 74.2883 
-0.387603 0.0613233 0.919784 133.14 -0.00209811 0.997723 -0.0674038 -8.917 -0.921824 -0.0280557 -0.386592 73.8427 
-0.402192 0.0628679 0.913394 134.243 -0.000984359 0.997609 -0.0690979 -9.00858 -0.915555 -0.0286897 -0.401169 73.3749 
-0.416789 0.0655011 0.90664 135.348 0.00131048 0.997443 -0.0714588 -9.09811 -0.909002 -0.0285951 -0.415809 72.8809 
-0.431386 0.0688193 0.899539 136.439 0.000705081 0.997112 -0.0759461 -9.19169 -0.902167 -0.0321278 -0.430189 72.373 
-0.44636 0.0709764 0.892034 137.519 0.00156972 0.99691 -0.0785356 -9.28812 -0.894852 -0.0336549 -0.445092 71.8463 
-0.461718 0.0682806 0.884395 138.602 0.000144468 0.997039 -0.076902 -9.3877 -0.887027 -0.0353793 -0.460361 71.3053 
-0.477842 0.0639395 0.876116 139.687 -0.00277747 0.997232 -0.0742936 -9.48663 -0.878442 -0.037934 -0.476342 70.7407 
-0.494127 0.0639288 0.867036 140.757 -0.00356838 0.997135 -0.075555 -9.58424 -0.869382 -0.0404277 -0.492484 70.1579 
-0.510112 0.0633237 0.857774 141.817 -0.00456647 0.997073 -0.0763229 -9.67793 -0.860096 -0.0428502 -0.50833 69.5492 
-0.526106 0.0625054 0.848118 142.876 -0.00481585 0.99706 -0.0764697 -9.7785 -0.850405 -0.0443156 -0.524259 68.9249 
-0.541882 0.0621718 0.838152 143.929 -0.00606129 0.996945 -0.0778694 -9.87992 -0.840433 -0.0472763 -0.539849 68.2718 
-0.55748 0.0614064 0.827916 144.974 -0.00662673 0.9969 -0.0784021 -9.98131 -0.830164 -0.0491939 -0.555345 67.5996 
-0.572887 0.0585919 0.817537 146.013 -0.00736864 0.997033 -0.0766197 -10.0836 -0.819601 -0.0499186 -0.570756 66.9016 
-0.588166 0.0550905 0.806862 147.038 -0.00739092 0.997269 -0.0734788 -10.1877 -0.808707 -0.0491811 -0.586152 66.1829 
-0.60343 0.0534949 0.795619 148.055 -0.00647536 0.997386 -0.0719722 -10.2868 -0.797389 -0.0485821 -0.601506 65.4441 
-0.618555 0.0516926 0.784039 149.068 -0.00749611 0.9974 -0.0716737 -10.3845 -0.785706 -0.0502114 -0.616559 64.6829 
-0.633573 0.0527102 0.771885 150.049 -0.00902052 0.997105 -0.0754942 -10.4839 -0.77363 -0.0547939 -0.631264 63.9088 
-0.648799 0.0522147 0.759166 151.025 -0.0111812 0.996881 -0.0781202 -10.5862 -0.760878 -0.0591727 -0.646192 63.1004 
-0.66474 0.0488956 0.745472 151.996 -0.0136014 0.996898 -0.0775152 -10.6837 -0.74695 -0.061667 -0.662014 62.267 
-0.68147 0.0411865 0.730686 152.959 -0.0172816 0.997231 -0.0723285 -10.7892 -0.731642 -0.0619172 -0.678872 61.4168 
-0.698695 0.0385044 0.714383 153.901 -0.0185436 0.99724 -0.0718865 -10.8882 -0.715179 -0.0634739 -0.696053 60.5421 
-0.71647 0.0357038 0.696704 154.825 -0.0206197 0.997169 -0.0723065 -10.9846 -0.697313 -0.0661712 -0.713705 59.6413 
-0.734307 0.0318694 0.678069 155.723 -0.0239727 0.997057 -0.0728228 -11.0854 -0.678394 -0.0697294 -0.731382 58.725 
-0.750973 0.030029 0.659649 156.596 -0.023706 0.997095 -0.0723784 -11.1844 -0.659907 -0.0699919 -0.74808 57.7585 
-0.767252 0.032262 0.640533 157.438 -0.0212532 0.996906 -0.0756694 -11.2902 -0.640993 -0.0716709 -0.764193 56.7903 
-0.782651 0.0315165 0.621663 158.256 -0.0183556 0.997114 -0.0736598 -11.3933 -0.622191 -0.0690608 -0.779814 55.7983 
-0.797575 0.0327282 0.602331 159.057 -0.014339 0.997216 -0.0731717 -11.5043 -0.603049 -0.0669967 -0.794886 54.774 
-0.812422 0.0336013 0.582101 159.832 -0.0130607 0.997039 -0.0757818 -11.6091 -0.582923 -0.0691694 -0.809577 53.7385 
-0.826586 0.035098 0.561715 160.574 -0.0121418 0.996709 -0.0801451 -11.7191 -0.56268 -0.073067 -0.823439 52.7029 
-0.840014 0.0357311 0.541387 161.3 -0.00925843 0.99674 -0.0801494 -11.8307 -0.542486 -0.072339 -0.836944 51.6346 
-0.852014 0.0337156 0.522432 162.001 -0.00820673 0.996941 -0.0777226 -11.942 -0.523455 -0.0705082 -0.849131 50.5367 
-0.86316 0.0348765 0.503724 162.667 -0.00609876 0.996819 -0.0794678 -12.0513 -0.504893 -0.0716655 -0.860202 49.4598 
-0.872719 0.0376007 0.486772 163.304 -0.00350846 0.996521 -0.0832665 -12.1586 -0.48821 -0.0743761 -0.869551 48.3404 
-0.881638 0.0354865 0.47059 163.926 -0.00503705 0.996404 -0.0845742 -12.2797 -0.4719 -0.0769342 -0.878289 47.1928 
-0.890324 0.0326624 0.454155 164.557 -0.00625616 0.996452 -0.0839284 -12.4022 -0.455285 -0.0775647 -0.88696 46.0465 
-0.89788 0.0305072 0.439181 165.165 -0.00723911 0.996438 -0.0840165 -12.5332 -0.44018 -0.078616 -0.894461 44.894 
-0.904773 0.0286068 0.424932 165.75 -0.00777655 0.996466 -0.0836411 -12.6452 -0.425823 -0.0789807 -0.901353 43.7186 
-0.911351 0.0256061 0.410833 166.31 -0.00928512 0.99653 -0.0827083 -12.7661 -0.411526 -0.0791909 -0.907951 42.5621 
-0.917423 0.0205039 0.397385 166.86 -0.0119235 0.996806 -0.0789598 -12.8818 -0.397735 -0.0771777 -0.914249 41.3889 
-0.922711 0.017288 0.385104 167.384 -0.0129815 0.997034 -0.0758624 -12.9873 -0.385273 -0.0749983 -0.91975 40.2067 
-0.927254 0.0175945 0.37402 167.886 -0.0105419 0.997273 -0.0730485 -13.0876 -0.374285 -0.0716774 -0.924539 39.0202 
-0.930434 0.0217791 0.365811 168.365 -0.00599757 0.997194 -0.074624 -13.1949 -0.36641 -0.0716266 -0.927692 37.8228 
-0.932689 0.0268735 0.359679 168.83 -0.000731012 0.997077 -0.0763925 -13.2972 -0.360681 -0.0715134 -0.929944 36.6211 
-0.934657 0.0300624 0.354276 169.298 0.0021691 0.996883 -0.0788686 -13.4024 -0.355543 -0.0729467 -0.931809 35.4293 
-0.936531 0.027356 0.349517 169.769 5.08037e-05 0.996962 -0.0778941 -13.5084 -0.350586 -0.0729324 -0.933686 34.2347 
-0.938544 0.0196255 0.344601 170.243 -0.00639756 0.997221 -0.0742176 -13.617 -0.3451 -0.071861 -0.935811 33.0414 
-0.940549 0.0131358 0.339403 170.714 -0.0123508 0.997268 -0.0728232 -13.7164 -0.339433 -0.0726857 -0.937818 31.8358 
-0.942259 0.00687888 0.334815 171.177 -0.0190895 0.99706 -0.074208 -13.8204 -0.334341 -0.0763145 -0.939357 30.6297 
-0.943625 0.00441349 0.330987 171.633 -0.0224443 0.996757 -0.0772787 -13.9215 -0.330255 -0.0803508 -0.940466 29.423 
-0.944391 0.00449366 0.328795 172.074 -0.0230464 0.996543 -0.0798156 -14.0287 -0.328017 -0.0829547 -0.941022 28.2069 
-0.944853 0.00500465 0.327456 172.517 -0.0230706 0.996382 -0.0817968 -14.1371 -0.326681 -0.0848405 -0.941319 27.0235 
-0.944956 0.00733465 0.327115 172.955 -0.0211399 0.996291 -0.0834073 -14.2519 -0.326514 -0.0857314 -0.941296 25.8258 
-0.944558 0.00811625 0.328245 173.397 -0.0210652 0.996137 -0.085248 -14.3682 -0.327669 -0.0874363 -0.940738 24.5982 
-0.944259 0.00864942 0.329089 173.839 -0.0213361 0.995945 -0.0873964 -14.4835 -0.32851 -0.0895463 -0.940246 23.397 
-0.943582 0.0101283 0.330985 174.279 -0.019787 0.996021 -0.0868881 -14.607 -0.330548 -0.0885352 -0.939627 22.1931 
-0.942828 0.00916942 0.333154 174.72 -0.0212595 0.995931 -0.0875756 -14.7256 -0.332602 -0.0896514 -0.938796 21.0054 
-0.941436 0.0078566 0.3371 175.166 -0.0231469 0.995864 -0.0878535 -14.8419 -0.336397 -0.0905113 -0.937361 19.8107 
-0.939808 0.00621625 0.341646 175.62 -0.0246017 0.996009 -0.0857973 -14.9566 -0.340816 -0.0890381 -0.935904 18.6231 
-0.937881 0.00373679 0.346937 176.086 -0.0266693 0.996207 -0.0828256 -15.0769 -0.34593 -0.0869331 -0.934224 17.4474 
-0.935287 0.00102565 0.353888 176.548 -0.0290742 0.996393 -0.0797277 -15.1944 -0.352693 -0.0848573 -0.931883 16.2735 
-0.932746 0.00336973 0.360518 177.025 -0.0271049 0.996471 -0.0794409 -15.3068 -0.359513 -0.08387 -0.929363 15.1086 
-0.929571 0.00327238 0.368628 177.501 -0.0279462 0.996457 -0.0793178 -15.4198 -0.367582 -0.0840333 -0.926187 13.9684 
-0.925821 0.00562238 0.377919 177.987 -0.0272645 0.996291 -0.0816143 -15.5289 -0.376976 -0.085864 -0.922234 12.8179 
-0.921347 0.00744529 0.38867 178.49 -0.0260662 0.996383 -0.0808768 -15.6328 -0.387866 -0.0846467 -0.917821 11.6509 
-0.916362 0.00874737 0.400256 179.001 -0.0264643 0.996251 -0.0823608 -15.7455 -0.399476 -0.0860648 -0.912695 10.5141 
-0.910576 0.0112506 0.413188 179.542 -0.0254888 0.996199 -0.0832971 -15.8545 -0.412555 -0.08638 -0.906828 9.36413 
-0.904474 0.0138212 0.426305 180.097 -0.0239134 0.99626 -0.0830359 -15.9677 -0.425858 -0.0852982 -0.90076 8.22529 
-0.89812 0.0127129 0.439567 180.671 -0.0253377 0.996425 -0.0805879 -16.0779 -0.43902 -0.0835152 -0.894587 7.08002 
-0.891752 0.0156498 0.452254 181.264 -0.0235588 0.996441 -0.0809339 -16.1853 -0.451911 -0.0828275 -0.888209 5.95958 
-0.884706 0.018335 0.465789 181.857 -0.0212674 0.996598 -0.0796242 -16.2958 -0.465664 -0.0803501 -0.881306 4.83944 
-0.877684 0.0195289 0.478841 182.475 -0.0198987 0.996823 -0.0771272 -16.4076 -0.478826 -0.0772216 -0.874507 3.75757 
-0.870426 0.0197445 0.491903 183.082 -0.0196646 0.997003 -0.0748154 -16.517 -0.491906 -0.0747943 -0.867429 2.69725 
-0.862211 0.0227358 0.506039 183.723 -0.016399 0.997216 -0.0727453 -16.6277 -0.506284 -0.0710203 -0.859437 1.61436 
-0.853037 0.0262702 0.521188 184.38 -0.0124998 0.997417 -0.0707329 -16.7348 -0.5217 -0.0668526 -0.850505 0.552355 
-0.842853 0.0287166 0.537377 185.045 -0.00994452 0.997573 -0.0689065 -16.8402 -0.538051 -0.063422 -0.840523 -0.467698 
-0.832114 0.031674 0.553699 185.737 -0.00687626 0.997702 -0.0674068 -16.9405 -0.554562 -0.0598975 -0.829984 -1.48535 
-0.820871 0.0333986 0.570136 186.456 -0.00592949 0.997736 -0.0669847 -17.0306 -0.571083 -0.0583664 -0.818815 -2.50297 
-0.808944 0.0351598 0.586833 187.179 -0.00510604 0.997752 -0.0668185 -17.1227 -0.587863 -0.0570488 -0.806946 -3.49286 
-0.796746 0.0367164 0.603198 187.938 -0.00359754 0.997847 -0.0654904 -17.2282 -0.604304 -0.0543492 -0.794898 -4.45343 
-0.782806 0.0370954 0.621159 188.708 -0.00285074 0.997997 -0.0631927 -17.3192 -0.622259 -0.0512384 -0.781132 -5.42244 
-0.767813 0.0387561 0.639501 189.495 -0.000994883 0.998095 -0.0616828 -17.4054 -0.640673 -0.0479971 -0.766312 -6.35119 
-0.751564 0.0403672 0.658423 190.243 -0.000651414 0.99808 -0.0619348 -17.4978 -0.659659 -0.0469769 -0.750095 -7.19914 
-0.735238 0.0426475 0.676466 191.057 -0.000683855 0.997971 -0.06366 -17.5871 -0.677808 -0.0472679 -0.733718 -8.04771 
-0.717806 0.0436856 0.694871 191.898 -0.000852751 0.997974 -0.0636223 -17.67 -0.696242 -0.046261 -0.716314 -8.8869 
-0.69894 0.0441487 0.713816 192.76 -0.001387 0.998007 -0.0630838 -17.7537 -0.715179 -0.0450819 -0.697486 -9.71358 
-0.67914 0.0434584 0.732721 193.639 -0.0041432 0.998003 -0.0630328 -17.8335 -0.733997 -0.0458439 -0.677603 -10.5151 
-0.659382 0.0437942 0.750531 194.548 -0.00684364 0.997911 -0.0642417 -17.9133 -0.751777 -0.0474962 -0.657705 -11.28 
-0.639015 0.0432965 0.767974 195.469 -0.00966851 0.997883 -0.0643032 -17.9966 -0.769133 -0.0485159 -0.637244 -12.0208 
-0.617687 0.0433656 0.785227 196.398 -0.0106604 0.997925 -0.0634981 -18.0831 -0.786352 -0.0475927 -0.615943 -12.7388 
-0.594546 0.0434408 0.802887 197.357 -0.0112799 0.997991 -0.0623499 -18.1628 -0.803982 -0.0461264 -0.592862 -13.4439 
-0.570799 0.044343 0.819891 198.322 -0.0117707 0.997996 -0.0621704 -18.2409 -0.821005 -0.0451375 -0.569133 -14.099 
-0.546379 0.0474008 0.836195 199.3 -0.0108094 0.997915 -0.0636311 -18.3163 -0.837468 -0.0438055 -0.544728 -14.7204 
-0.519515 0.048457 0.853086 200.298 -0.0117269 0.997892 -0.0638239 -18.3898 -0.854381 -0.0431615 -0.517852 -15.3251 
-0.492039 0.0475578 0.869273 201.327 -0.0140255 0.997944 -0.0625364 -18.4659 -0.87046 -0.0429623 -0.490361 -15.9049 
-0.463846 0.0457986 0.884731 202.37 -0.0159695 0.998068 -0.0600381 -18.5434 -0.885772 -0.0419771 -0.462218 -16.447 
-0.434738 0.0476752 0.899294 203.421 -0.017303 0.997971 -0.0612713 -18.6084 -0.90039 -0.0421975 -0.433032 -16.9284 
-0.40463 0.0502763 0.913097 204.454 -0.01876 0.997821 -0.0632547 -18.6805 -0.914288 -0.0427245 -0.402805 -17.3635 
-0.372763 0.0520224 0.926467 205.528 -0.0175602 0.997853 -0.0630962 -18.7646 -0.92776 -0.0397889 -0.371049 -17.7983 
-0.341087 0.0534278 0.938512 206.609 -0.0177859 0.997838 -0.0632692 -18.8289 -0.939863 -0.0382725 -0.339399 -18.1928 
-0.308994 0.0534397 0.949561 207.7 -0.0187724 0.997883 -0.0622679 -18.909 -0.950879 -0.0370659 -0.307336 -18.5328 
-0.275292 0.0520162 0.959952 208.806 -0.0174333 0.998101 -0.0590828 -18.9981 -0.961202 -0.0330002 -0.273863 -18.8477 
-0.241158 0.0505506 0.969168 209.924 -0.0182735 0.998229 -0.0566135 -19.0707 -0.970314 -0.0313629 -0.239807 -19.1184 
-0.206527 0.0493666 0.977195 211.072 -0.0177822 0.998372 -0.0541947 -19.1455 -0.978279 -0.0285693 -0.205313 -19.3542 
-0.17179 0.0494537 0.983891 212.213 -0.0178374 0.998419 -0.0532984 -19.2126 -0.984972 -0.0267063 -0.170637 -19.5463 
-0.136657 0.0487779 0.989417 213.325 -0.0179631 0.998501 -0.0517069 -19.2905 -0.990456 -0.0248391 -0.135576 -19.6977 
-0.101438 0.0480275 0.993682 214.437 -0.0170779 0.998603 -0.0500088 -19.3706 -0.994695 -0.0220428 -0.100476 -19.804 
-0.0666744 0.0489712 0.996572 215.567 -0.0186054 0.99856 -0.0503137 -19.4342 -0.997601 -0.0218963 -0.0656672 -19.8655 
-0.0321828 0.049031 0.998279 216.733 -0.0199264 0.998566 -0.0496875 -19.4936 -0.999283 -0.0214912 -0.0311596 -19.8961 
0.00146032 0.0482719 0.998833 217.897 -0.0217992 0.998598 -0.0482287 -19.5633 -0.999761 -0.0217033 0.00251057 -19.8873 
0.033976 0.0478357 0.998277 219.042 -0.0214765 0.998658 -0.0471231 -19.6392 -0.999192 -0.0198385 0.0349577 -19.832 
0.0666428 0.0475239 0.996644 220.186 -0.0199146 0.998729 -0.0462918 -19.6948 -0.997578 -0.0167628 0.0675046 -19.7481 
0.0981999 0.045679 0.994118 221.336 -0.0191428 0.998848 -0.0440055 -19.7541 -0.994982 -0.0147089 0.0989612 -19.623 
0.12966 0.0446041 0.990555 222.49 -0.0182193 0.998926 -0.0425963 -19.8145 -0.991391 -0.0125242 0.130333 -19.4731 
0.159861 0.0447314 0.986125 223.641 -0.0164354 0.998955 -0.0426491 -19.8723 -0.987003 -0.00938941 0.160429 -19.2814 
0.190537 0.0447726 0.980658 224.802 -0.0143237 0.99898 -0.0428262 -19.9245 -0.981575 -0.00588671 0.190984 -19.0595 
0.221033 0.0438426 0.97428 225.95 -0.0114602 0.999037 -0.0423568 -19.982 -0.975199 -0.00180327 0.221322 -18.7978 
0.251028 0.0426423 0.96704 227.081 -0.00909778 0.999089 -0.041694 -20.0333 -0.967937 0.00166842 0.251187 -18.4966 
0.281225 0.0412248 0.958756 228.223 -0.00666 0.999137 -0.0410077 -20.0914 -0.959619 0.00514705 0.281257 -18.1628 
0.310979 0.0406319 0.949548 229.35 -0.003466 0.999127 -0.0416184 -20.1481 -0.95041 0.0096513 0.310848 -17.7966 
0.339723 0.0395256 0.939694 230.453 -0.0020065 0.999145 -0.0413009 -20.2083 -0.940523 0.0121454 0.339512 -17.3952 
0.367565 0.0376385 0.929236 231.538 -0.000877277 0.999194 -0.0401253 -20.2659 -0.929997 0.0139334 0.367302 -16.9549 
0.39551 0.0369632 0.917718 232.618 -0.00094945 0.999206 -0.0398362 -20.3238 -0.918461 0.0148843 0.395231 -16.4803 
0.423821 0.0379264 0.904951 233.688 0.00105056 0.999102 -0.0423644 -20.3821 -0.905745 0.0189056 0.423401 -15.9747 
0.45226 0.0389098 0.891037 234.748 0.00266871 0.998984 -0.0449783 -20.4424 -0.891882 0.0227198 0.451697 -15.4379 
0.479686 0.0369525 0.876662 235.781 0.00444557 0.998998 -0.0445417 -20.5082 -0.877429 0.0252633 0.479041 -14.8746 
0.506289 0.0344583 0.861675 236.791 0.00562729 0.999048 -0.0432583 -20.5687 -0.862345 0.0267501 0.505613 -14.2747 
0.531319 0.0320252 0.846566 237.787 0.00585589 0.999122 -0.0414717 -20.6339 -0.847151 0.0269921 0.530665 -13.6342 
0.554039 0.0311972 0.831906 238.75 0.005534 0.999137 -0.0411542 -20.7085 -0.832472 0.0274048 0.553388 -12.9673 
0.575078 0.0311281 0.817506 239.727 0.00494482 0.999125 -0.0415222 -20.7654 -0.818084 0.0279209 0.574421 -12.2677 
0.594765 0.0297791 0.803348 240.699 0.00460715 0.999171 -0.040449 -20.8231 -0.803887 0.0277588 0.594134 -11.534 
0.613397 0.0271512 0.789308 241.665 0.00491851 0.999258 -0.0381957 -20.8803 -0.789759 0.0273113 0.612809 -10.7746 
0.631146 0.0238312 0.775297 242.627 0.00661431 0.999326 -0.0361021 -20.9363 -0.775635 0.0279138 0.630564 -9.99553 
0.647602 0.0213924 0.761678 243.572 0.00807567 0.999357 -0.0349341 -20.9865 -0.761936 0.0287745 0.647013 -9.19407 
0.662944 0.0191114 0.748425 244.476 0.0102615 0.999348 -0.0346085 -21.0394 -0.748598 0.0306235 0.662316 -8.3728 
0.678268 0.0184866 0.734582 245.371 0.0104543 0.999339 -0.0348025 -21.0922 -0.73474 0.0312849 0.677626 -7.53452 
0.692989 0.0165077 0.720759 246.234 0.0120889 0.999331 -0.0345111 -21.1458 -0.720847 0.032629 0.692326 -6.67283 
0.707499 0.0144943 0.706565 247.105 0.0118597 0.999405 -0.0323771 -21.1911 -0.706615 0.0312864 0.706907 -5.78266 
0.721782 0.0113747 0.692027 247.962 0.0130174 0.999465 -0.0300052 -21.2437 -0.691998 0.0306656 0.721248 -4.86718 
0.735822 0.00964016 0.677106 248.807 0.0138984 0.999473 -0.0293335 -21.289 -0.677032 0.0309949 0.735301 -3.93788 
0.749578 0.00921674 0.661852 249.626 0.01506 0.999407 -0.0309738 -21.3374 -0.661745 0.0331847 0.748994 -3.00307 
0.761976 0.00798452 0.647556 250.423 0.0162071 0.999376 -0.0313935 -21.3864 -0.647403 0.034416 0.761371 -2.04489 
0.773496 0.00757181 0.633756 251.202 0.0157079 0.999392 -0.0311118 -21.4325 -0.633607 0.0340198 0.772907 -1.06638 
0.784427 0.00483479 0.620203 251.973 0.0167381 0.99944 -0.0289615 -21.478 -0.619995 0.0330991 0.783907 -0.063795 
0.795 0.00218959 0.606605 252.724 0.0185365 0.999439 -0.0279012 -21.5253 -0.606325 0.0334258 0.794514 0.946191 
0.80509 0.00159617 0.59315 253.47 0.0188444 0.999423 -0.0282674 -21.5708 -0.592853 0.0339353 0.804595 1.97806 
0.814034 -0.000895368 0.580817 254.196 0.022882 0.999272 -0.0305296 -21.6134 -0.580366 0.0381423 0.813462 3.01786 
0.822659 -0.00304793 0.568527 254.919 0.024272 0.999262 -0.0297647 -21.6547 -0.568016 0.0382855 0.822126 4.0786 
0.830504 -0.00631898 0.556977 255.629 0.027191 0.999203 -0.0292084 -21.7009 -0.556349 0.0394024 0.830014 5.14519 
0.837538 -0.00788862 0.546323 256.327 0.0287424 0.999147 -0.0296365 -21.7419 -0.545623 0.0405243 0.83705 6.23037 
0.842914 -0.00936531 0.537967 257.024 0.0296602 0.999137 -0.0290796 -21.787 -0.537231 0.0404678 0.842464 7.34077 
0.846727 -0.00870688 0.531956 257.64 0.0270979 0.999274 -0.0267767 -21.8556 -0.531337 0.0370874 0.846348 8.30953 
0.849603 -0.00996283 0.527328 258.324 0.0275003 0.999298 -0.0254274 -21.9009 -0.526705 0.0361048 0.849281 9.44115 
0.852335 -0.0111613 0.522876 258.999 0.0285371 0.999275 -0.0251878 -21.9419 -0.522216 0.0363898 0.852036 10.566 
0.85459 -0.0124006 0.519155 259.67 0.0293704 0.999269 -0.0244787 -21.9834 -0.518471 0.036167 0.85433 11.7042 
0.856921 -0.0147638 0.515236 260.373 0.0306398 0.999281 -0.0223252 -22.0246 -0.514536 0.0349176 0.856758 12.8681 
0.859357 -0.0165042 0.511109 261.118 0.0322478 0.999239 -0.021954 -22.0606 -0.510357 0.0353484 0.859235 14.1012 
0.861761 -0.0181007 0.506991 261.793 0.033906 0.999184 -0.021959 -22.1031 -0.50618 0.0361134 0.861671 15.2574 
0.864056 -0.0187736 0.503046 262.47 0.0342609 0.99918 -0.021559 -22.1408 -0.502229 0.0358629 0.863991 16.4241 
0.866251 -0.0187307 0.499257 263.128 0.0338868 0.999198 -0.0213094 -22.1817 -0.498458 0.0353774 0.866192 17.5918 
0.868285 -0.0189183 0.495705 263.781 0.0337452 0.99921 -0.0209745 -22.2191 -0.494916 0.0349394 0.868238 18.7613 
0.870424 -0.0184398 0.491957 264.448 0.0329874 0.999237 -0.020911 -22.2613 -0.491196 0.0344298 0.870368 19.9491 
