1 2.12261e-08 -2.11895e-08 0 2.12261e-08 1 2.10703e-08 0 -2.11895e-08 2.10703e-08 1 0 
1 -0.00038359 0.000138145 -0.0325533 0.000383452 0.999999 0.00130454 -0.013492 -0.000138687 -0.00130444 0.999999 1.33207 
0.999999 -0.00141371 -0.000204007 -0.0560802 0.001414 0.999998 0.00123338 -0.0270331 0.00020222 -0.00123363 0.999999 2.69238 
0.999996 -0.00295222 -0.000171563 -0.0816884 0.00295229 0.999996 0.00016956 -0.0462001 0.00017102 -0.000170023 1 4.03422 
0.999994 -0.00335586 8.3718e-06 -0.106704 0.00335591 0.999994 0.000262859 -0.0645591 -9.29619e-06 -0.000262788 1 5.37311 
0.999992 -0.00390743 0.000586996 -0.140115 0.00390683 0.999992 0.00108934 -0.0808363 -0.00059129 -0.001087 0.999999 6.72961 
0.999984 -0.00557553 0.00104828 -0.162527 0.00557312 0.999982 0.00232417 -0.100344 -0.00106126 -0.00231825 0.999997 8.09589 
0.999986 -0.00516567 0.000896519 -0.183077 0.00516328 0.999983 0.00268927 -0.118184 -0.000910438 -0.00268457 0.999996 9.4664 
0.99999 -0.00442602 0.00106705 -0.214383 0.00442509 0.99999 0.000910079 -0.137373 -0.00107111 -0.000905306 0.999999 10.8209 
0.999998 -0.00173403 0.00121506 -0.242294 0.00173587 0.999997 -0.00148106 -0.154639 -0.00121253 0.00148321 0.999998 12.1832 
0.999997 0.00181519 0.00178246 -0.27505 -0.00181092 0.999996 -0.00237208 -0.177702 -0.0017868 0.00236888 0.999996 13.5307 
0.999989 0.00417297 0.00218286 -0.308623 -0.00416731 0.999988 -0.00256966 -0.198674 -0.00219359 0.00256057 0.999994 14.8909 
0.999983 0.00526886 0.00252226 -0.337172 -0.00526454 0.999985 -0.00169882 -0.22544 -0.00253121 0.00168556 0.999995 16.2415 
0.999989 0.00317876 0.0033326 -0.360251 -0.00318119 0.999995 0.000739061 -0.243067 -0.00333027 -0.000749612 0.999994 17.6039 
0.999993 -0.00102701 0.00352938 -0.378185 0.00101788 0.999996 0.00259759 -0.264501 -0.00353208 -0.00259393 0.99999 18.9704 
0.999989 -0.00322026 0.0033135 -0.392596 0.00321944 0.999995 0.000264046 -0.28412 -0.00331438 -0.000253333 0.999995 20.3336 
0.999984 -0.00448034 0.00347922 -0.407885 0.00448654 0.999988 -0.00176565 -0.304144 -0.00347131 0.00178127 0.999992 21.7109 
0.999989 -0.0018459 0.00440653 -0.43334 0.00186148 0.999992 -0.00352398 -0.325317 -0.00440003 0.00353219 0.999984 23.0833 
0.999986 0.000678957 0.00523871 -0.453663 -0.000671768 0.999999 -0.00136573 -0.351315 -0.00523967 0.00136223 0.999985 24.4627 
0.999982 0.00113651 0.0058391 -0.474192 -0.0011491 0.999997 0.0021603 -0.371208 -0.00583667 -0.00216693 0.999981 25.8485 
0.999979 -0.00107454 0.00643464 -0.493117 0.00104872 0.999991 0.00402194 -0.388949 -0.00643895 -0.00401507 0.999971 27.2208 
0.99997 -0.00492271 0.00592386 -0.499517 0.00490969 0.999986 0.00221785 -0.404821 -0.00593473 -0.00218865 0.99998 28.608 
0.999968 -0.00537575 0.00588953 -0.518103 0.00537639 0.999986 -8.57578e-05 -0.428253 -0.00588903 0.000117462 0.999983 29.993 
0.999962 -0.00569091 0.00661406 -0.535671 0.00570697 0.999981 -0.00240496 -0.454012 -0.00660029 0.00244266 0.999975 31.3744 
0.999971 -0.00244299 0.00728011 -0.554036 0.00246754 0.999991 -0.00335861 -0.4807 -0.00727188 0.00337651 0.999968 32.7493 
0.999968 -0.00175387 0.00777359 -0.581792 0.00179572 0.999984 -0.00537418 -0.507344 -0.00776408 0.00538801 0.999955 34.1616 
0.999968 -0.000716124 0.00793725 -0.597901 0.000755158 0.999988 -0.00491049 -0.535313 -0.00793368 0.00491637 0.999956 35.5683 
0.999967 -0.000970363 0.00804382 -0.613998 0.00099904 0.999993 -0.00355662 -0.565063 -0.00804035 0.00356458 0.999961 36.9732 
0.999968 0.000262268 0.00797206 -0.63281 -0.000244987 0.999998 -0.00216317 -0.591141 -0.00797265 0.00216119 0.999966 38.3767 
0.999961 0.00320159 0.00823051 -0.654596 -0.00318503 0.999993 -0.00201969 -0.614129 -0.00823696 0.00199344 0.999964 39.784 
0.999947 0.00572798 0.0085615 -0.670053 -0.00570791 0.999981 -0.00236176 -0.642892 -0.00857491 0.0023128 0.999961 41.1846 
0.999928 0.00832354 0.00867109 -0.689754 -0.00830521 0.999963 -0.00214333 -0.66557 -0.00868865 0.0020712 0.99996 42.6255 
0.999924 0.00904244 0.00843692 -0.709725 -0.00902572 0.999957 -0.00201251 -0.69116 -0.0084548 0.00193625 0.999962 44.0563 
0.999933 0.0083675 0.00802681 -0.721144 -0.00834724 0.999962 -0.00254817 -0.705754 -0.00804787 0.00248104 0.999965 45.4939 
0.999942 0.00776111 0.00749125 -0.742811 -0.00773964 0.999966 -0.00288611 -0.731514 -0.00751343 0.002828 0.999968 46.925 
0.999949 0.00722681 0.0070308 -0.766084 -0.00720753 0.99997 -0.0027573 -0.760234 -0.00705056 0.00270652 0.999972 48.3438 
0.99995 0.00771937 0.00642966 -0.790606 -0.00770924 0.999969 -0.00159237 -0.787306 -0.0064418 0.00154277 0.999978 49.7636 
0.999954 0.00800157 0.00520996 -0.80893 -0.00799191 0.999966 -0.00186436 -0.812332 -0.00522475 0.00182268 0.999985 51.194 
0.999956 0.00839487 0.00421378 -0.829158 -0.00838883 0.999964 -0.00143851 -0.836688 -0.00422574 0.00140314 0.99999 52.6248 
0.999957 0.00860845 0.00336094 -0.850801 -0.00860632 0.999963 -0.000637264 -0.859657 -0.00336634 0.000608353 0.999994 54.0891 
0.999973 0.00680064 0.00278557 -0.872407 -0.00680155 0.999977 0.000332854 -0.88403 -0.00278328 -0.00035175 0.999996 55.5322 
0.99998 0.00580759 0.00255195 -0.89641 -0.00580889 0.999983 0.000518722 -0.908243 -0.00254893 -0.000533494 0.999997 56.9664 
0.999993 0.00300036 0.0020954 -0.913311 -0.00300048 0.999996 7.21665e-05 -0.934549 -0.00209521 -7.84112e-05 0.999998 58.4107 
0.999996 0.00190894 0.00210611 -0.930168 -0.0019098 0.999998 0.000424623 -0.962992 -0.00210534 -0.000428602 0.999998 59.85 
0.999997 0.000376602 0.00261443 -0.953807 -0.00037971 0.999999 0.00120462 -0.989196 -0.00261402 -0.00120557 0.999996 61.2762 
0.999995 -0.00118553 0.00300578 -0.972741 0.00117928 0.999997 0.00209422 -1.01651 -0.0030083 -0.00209062 0.999993 62.7156 
0.999991 -0.00221729 0.00375238 -0.993958 0.00221234 0.999997 0.00133406 -1.03836 -0.00375536 -0.00132571 0.999992 64.1677 
0.999985 -0.00326472 0.00439634 -1.01294 0.00326221 0.999995 0.000588303 -1.06103 -0.00439828 -0.000573911 0.99999 65.5825 
0.999984 -0.00250567 0.00500813 -1.03182 0.00250602 0.999997 -5.55232e-05 -1.0819 -0.00500802 6.81149e-05 0.999988 67.0314 
0.999983 -0.000743719 0.00585949 -1.04578 0.000746763 1 -0.000510136 -1.10494 -0.00585915 0.000514545 0.999983 68.471 
0.999976 0.00243508 0.0065067 -1.06668 -0.00244004 0.999997 0.000761116 -1.13076 -0.00650487 -0.000776932 0.999979 69.8862 
0.999954 0.00603692 0.00741704 -1.08089 -0.00605103 0.99998 0.00188628 -1.15316 -0.00740555 -0.00193104 0.999971 71.3194 
0.99991 0.0103022 0.00858603 -1.12986 -0.0103211 0.999944 0.00216209 -1.17539 -0.00856332 -0.00225048 0.999961 72.7564 
0.99985 0.0144137 0.00962248 -1.16434 -0.0144318 0.999894 0.0018249 -1.20316 -0.0095952 -0.00196345 0.999952 74.1518 
0.999798 0.0173462 0.0101209 -1.18441 -0.0173588 0.999849 0.00116549 -1.22119 -0.0100992 -0.0013409 0.999948 75.5738 
0.999753 0.0192547 0.0110743 -1.201 -0.0192675 0.999814 0.00105286 -1.24617 -0.011052 -0.00126593 0.999938 76.9844 
0.999732 0.0198782 0.0118917 -1.23057 -0.019895 0.999801 0.00130075 -1.26766 -0.0118635 -0.00153694 0.999928 78.4082 
0.999758 0.0184778 0.0119434 -1.25172 -0.0184912 0.999829 0.00102167 -1.29054 -0.0119225 -0.00124223 0.999928 79.8462 
0.999776 0.0171689 0.0123853 -1.29282 -0.0171684 0.999853 -0.000148235 -1.2981 -0.0123861 -6.43924e-05 0.999923 81.2564 
0.999788 0.0165956 0.0122268 -1.30399 -0.016596 0.999862 -6.40046e-05 -1.32711 -0.0122263 -0.000138884 0.999925 82.6513 
0.999797 0.0162648 0.0119146 -1.31762 -0.016266 0.999868 4.47061e-06 -1.34766 -0.011913 -0.00019823 0.999929 84.0626 
0.999808 0.0155879 0.0118595 -1.34307 -0.0155842 0.999879 -0.000394415 -1.37289 -0.0118643 0.000209559 0.99993 85.4306 
0.999817 0.0155878 0.0111326 -1.35552 -0.0155865 0.999879 -0.00020271 -1.39225 -0.0111344 2.91963e-05 0.999938 86.8315 
0.999831 0.0150978 0.0104671 -1.385 -0.0151043 0.999886 0.000549859 -1.4149 -0.0104576 -0.000707823 0.999945 88.257 
0.999865 0.0131948 0.00974819 -1.4029 -0.0132075 0.999912 0.00124436 -1.43115 -0.00973095 -0.0013729 0.999952 89.6235 
0.9999 0.0112543 0.00853961 -1.4167 -0.0112697 0.999935 0.0017625 -1.45718 -0.00851926 -0.00185852 0.999962 91.0138 
0.999933 0.00850241 0.00780096 -1.42885 -0.00851768 0.999962 0.00193206 -1.47975 -0.00778428 -0.00199833 0.999968 92.4294 
0.999948 0.00717463 0.00730809 -1.43981 -0.00718368 0.999973 0.00121943 -1.49734 -0.00729919 -0.00127182 0.999973 93.8263 
0.999958 0.00595775 0.00702121 -1.44916 -0.00596341 0.999982 0.000791774 -1.51995 -0.00701641 -0.000833569 0.999975 95.2045 
0.999952 0.00677846 0.00710079 -1.47064 -0.00677818 0.999977 -5.69036e-05 -1.54144 -0.00710106 8.81226e-06 0.999975 96.5652 
0.999952 0.00659253 0.00723963 -1.49121 -0.00658806 0.999978 -0.000635053 -1.56151 -0.0072437 0.000587369 0.999974 97.9033 
0.999944 0.00750105 0.00740553 -1.51534 -0.007491 0.999971 -0.00137893 -1.58645 -0.0074157 0.00132342 0.999972 99.2608 
0.999933 0.00861678 0.00768449 -1.52926 -0.00860917 0.999962 -0.0010171 -1.61499 -0.00769301 0.000950914 0.99997 100.632 
0.999924 0.00942322 0.00800031 -1.54305 -0.00942643 0.999956 0.000368533 -1.64013 -0.00799652 -0.000443877 0.999968 101.99 
0.999905 0.0107418 0.00869966 -1.57501 -0.010757 0.999941 0.00170169 -1.66838 -0.0086809 -0.00179507 0.999961 103.314 
0.99991 0.0098531 0.00910333 -1.59806 -0.00985601 0.999951 0.000279725 -1.68867 -0.00910017 -0.000369381 0.999959 104.666 
0.999907 0.00983993 0.00944544 -1.61314 -0.00981951 0.999949 -0.00220081 -1.7082 -0.00946666 0.0021079 0.999953 106.01 
0.999913 0.00923241 0.00941075 -1.62713 -0.0091994 0.999951 -0.00354049 -1.73059 -0.00944302 0.00345365 0.999949 107.359 
0.999925 0.00746938 0.00973534 -1.63821 -0.00744604 0.999969 -0.00242787 -1.7536 -0.00975322 0.00235524 0.99995 108.717 
0.999933 0.00483799 0.0104845 -1.65303 -0.00483531 0.999988 -0.000276869 -1.78378 -0.0104858 0.000226197 0.999945 110.05 
0.99993 0.00323079 0.0114123 -1.65829 -0.00323434 0.999995 0.0002968 -1.80656 -0.0114113 -0.000333648 0.999935 111.395 
0.999924 0.00260578 0.0120617 -1.66192 -0.00259007 0.999996 -0.00131386 -1.82825 -0.0120651 0.00128256 0.999926 112.757 
0.999902 0.00486675 0.0131405 -1.67819 -0.004817 0.999981 -0.0038115 -1.8537 -0.0131588 0.00374787 0.999906 114.112 
0.999872 0.00699093 0.0144198 -1.68916 -0.00690884 0.99996 -0.00573168 -1.88382 -0.0144594 0.00563136 0.99988 115.459 
0.999822 0.0102061 0.0158661 -1.6995 -0.0101165 0.999933 -0.00571662 -1.91118 -0.0159234 0.00555513 0.999858 116.812 
0.999784 0.0112448 0.0174674 -1.70222 -0.0111763 0.99993 -0.00401512 -1.93237 -0.0175113 0.00381907 0.999839 118.182 
0.999757 0.0115881 0.0187733 -1.70667 -0.0115538 0.999931 -0.00193512 -1.95834 -0.0187945 0.00171778 0.999822 119.552 
0.999748 0.0107775 0.0196764 -1.70362 -0.0107533 0.999941 -0.00133285 -1.98452 -0.0196896 0.00112098 0.999806 120.906 
0.999722 0.0112013 0.0207286 -1.69704 -0.0111651 0.999936 -0.00186034 -2.00908 -0.0207482 0.00162843 0.999783 122.257 
0.999661 0.0134151 0.0222939 -1.70134 -0.0133646 0.999908 -0.00240962 -2.03552 -0.0223242 0.0021109 0.999749 123.634 
0.999601 0.015531 0.0235918 -1.69797 -0.0154661 0.999876 -0.00292987 -2.05918 -0.0236344 0.00256387 0.999717 124.989 
0.999558 0.0160738 0.0250219 -1.69687 -0.0159777 0.999864 -0.00403558 -2.08169 -0.0250834 0.00363405 0.999679 126.355 
0.999502 0.0176104 0.0262048 -1.69898 -0.0174835 0.999834 -0.00506235 -2.10721 -0.0262897 0.00460172 0.999644 127.705 
0.999485 0.0166784 0.0274231 -1.69443 -0.0165429 0.99985 -0.00516002 -2.1358 -0.0275051 0.00470375 0.999611 129.072 
0.999462 0.0163174 0.0284578 -1.6827 -0.0162114 0.999861 -0.00395115 -2.16965 -0.0285183 0.00348772 0.999587 130.421 
0.99944 0.0153933 0.0297064 -1.67753 -0.0153024 0.999878 -0.00328254 -2.19266 -0.0297533 0.00282617 0.999553 131.8 
0.999435 0.0147155 0.0302196 -1.67165 -0.0146275 0.999888 -0.00312872 -2.21307 -0.0302623 0.00268495 0.999538 133.153 
0.99946 0.0124192 0.0304357 -1.65534 -0.0123401 0.99992 -0.00278398 -2.24222 -0.0304678 0.00240694 0.999533 134.521 
0.999475 0.0110383 0.0304461 -1.64356 -0.0109765 0.999937 -0.0021949 -2.26636 -0.0304685 0.0018596 0.999534 135.88 
0.999504 0.00931567 0.0300924 -1.63609 -0.00924103 0.999954 -0.00261718 -2.28654 -0.0301154 0.00233784 0.999544 137.244 
0.999539 0.0080636 0.029278 -1.62427 -0.00798852 0.999965 -0.00267911 -2.31193 -0.0292987 0.00244403 0.999568 138.612 
0.999575 0.00719055 0.0282663 -1.60514 -0.0071363 0.999973 -0.00201813 -2.33139 -0.0282801 0.00181559 0.999598 139.981 
0.99961 0.00576751 0.0273138 -1.59316 -0.00571936 0.999982 -0.00183889 -2.35832 -0.027324 0.001682 0.999625 141.316 
0.999638 0.00539488 0.026353 -1.59819 -0.00534882 0.999984 -0.00181624 -2.38348 -0.0263625 0.00167466 0.999651 142.656 
0.999666 0.00520964 0.0253044 -1.59099 -0.00514924 0.999984 -0.00244981 -2.40871 -0.0253168 0.00231873 0.999677 144.009 
0.999689 0.0055246 0.024321 -1.57828 -0.00545486 0.999981 -0.00293103 -2.43359 -0.0243367 0.00279749 0.9997 145.393 
0.999718 0.00336858 0.0234972 -1.56914 -0.00325525 0.999983 -0.00485752 -2.47156 -0.0235132 0.0047797 0.999712 146.721 
0.999746 -0.00222406 0.0224433 -1.55543 0.00234248 0.999984 -0.00524979 -2.49955 -0.0224313 0.00530107 0.999734 148.083 
0.999722 -0.00977681 0.021466 -1.53531 0.00984004 0.999948 -0.00283972 -2.52679 -0.0214372 0.0030502 0.999766 149.431 
0.999668 -0.0163092 0.0199724 -1.52385 0.01634 0.999866 -0.00137577 -2.55181 -0.0199473 0.0017017 0.9998 150.77 
0.999626 -0.0193589 0.0192971 -1.51863 0.0194541 0.999799 -0.0047583 -2.57921 -0.0192011 0.00513197 0.999803 152.12 
0.999631 -0.0187965 0.0196313 -1.51274 0.0189529 0.99979 -0.00780813 -2.61048 -0.0194805 0.00817735 0.999777 153.475 
0.99967 -0.0153833 0.020578 -1.51364 0.0155868 0.999831 -0.00976401 -2.64668 -0.0204244 0.0100816 0.999741 154.832 
0.999651 -0.015547 0.021348 -1.51249 0.0157555 0.99983 -0.00963043 -2.68414 -0.0211947 0.00996346 0.999726 156.175 
0.999576 -0.0188295 0.0222042 -1.5041 0.0189723 0.999801 -0.00623523 -2.71555 -0.0220824 0.00665389 0.999734 157.534 
0.999448 -0.0243231 0.0226513 -1.48834 0.0244019 0.999697 -0.00320387 -2.74974 -0.0225665 0.00375487 0.999738 158.889 
0.999338 -0.0283427 0.0228317 -1.4777 0.0283875 0.999596 -0.00163746 -2.77872 -0.0227761 0.00228455 0.999738 160.235 
0.99928 -0.030198 0.0229906 -1.46647 0.0302425 0.999541 -0.00159054 -2.80702 -0.0229321 0.00228473 0.999734 161.591 
0.999321 -0.0275972 0.0244007 -1.4632 0.027632 0.999618 -0.00108743 -2.82934 -0.0243614 0.00176098 0.999702 162.946 
0.999387 -0.0239654 0.0255122 -1.45282 0.0240216 0.99971 -0.00189558 -2.85986 -0.0254594 0.0025073 0.999673 164.309 
0.999435 -0.0201631 0.0269092 -1.45508 0.0202849 0.999785 -0.00425989 -2.88617 -0.0268176 0.00480338 0.999629 165.654 
0.999473 -0.0168034 0.0277886 -1.44845 0.0169512 0.999843 -0.00508852 -2.91114 -0.0276988 0.00555693 0.999601 167.019 
0.999493 -0.014821 0.0281842 -1.43113 0.014935 0.999881 -0.00383731 -2.94158 -0.028124 0.00425634 0.999595 168.397 
0.999515 -0.0133223 0.0281543 -1.41714 0.0134422 0.999901 -0.00407316 -2.9751 -0.0280973 0.00444968 0.999595 169.766 
0.99955 -0.0109677 0.0279235 -1.41087 0.0111556 0.999916 -0.00658076 -3.00324 -0.027849 0.00688934 0.999588 171.121 
0.999593 -0.00689602 0.0276989 -1.40291 0.007161 0.999929 -0.00947728 -3.03237 -0.0276316 0.00967181 0.999571 172.484 
0.999624 -0.00214835 0.0273466 -1.39651 0.00244354 0.999939 -0.0107639 -3.07092 -0.0273218 0.0108267 0.999568 173.901 
0.999608 0.00297059 0.0278433 -1.38984 -0.00269503 0.999947 -0.00992776 -3.10144 -0.0278714 0.00984887 0.999563 175.262 
0.99958 0.00609469 0.0283456 -1.38768 -0.00586232 0.999949 -0.00827207 -3.13063 -0.0283946 0.00810247 0.999564 176.642 
0.999568 0.00670259 0.0286343 -1.37962 -0.00653603 0.999961 -0.00590487 -3.16524 -0.0286728 0.0057152 0.999573 178.046 
0.999603 0.0037202 0.0279143 -1.36141 -0.00357953 0.999981 -0.00508607 -3.19432 -0.0279327 0.00498418 0.999597 179.445 
0.999656 0.00179877 0.0261788 -1.34244 -0.00166478 0.999985 -0.00513745 -3.21961 -0.0261877 0.00509214 0.999644 180.856 
0.999708 0.00142915 0.024115 -1.33195 -0.00120494 0.999956 -0.00930771 -3.257 -0.0241272 0.00927598 0.999666 182.265 
0.999736 0.00336105 0.022724 -1.32845 -0.00305414 0.999904 -0.0135253 -3.29238 -0.0227673 0.0134524 0.99965 183.652 
0.999725 0.0078273 0.0221271 -1.32968 -0.00751149 0.999869 -0.0143176 -3.3271 -0.0222363 0.0141475 0.999653 185.075 
0.999696 0.0110628 0.0220364 -1.33306 -0.0107738 0.999855 -0.0131914 -3.36618 -0.0221792 0.01295 0.99967 186.5 
0.999669 0.0131628 0.0221258 -1.32936 -0.0129457 0.999867 -0.00992731 -3.39953 -0.0222536 0.00963763 0.999706 187.918 
0.999652 0.0137334 0.0225335 -1.32716 -0.0135547 0.999876 -0.00805935 -3.42912 -0.0226414 0.00775115 0.999714 189.367 
0.99966 0.0132125 0.0224702 -1.31733 -0.0130544 0.999889 -0.00716819 -3.45631 -0.0225625 0.00687247 0.999722 190.834 
0.999677 0.0114529 0.0226846 -1.30949 -0.0113057 0.999914 -0.00660297 -3.48406 -0.0227583 0.00634441 0.999721 192.28 
0.999697 0.00876973 0.0230045 -1.30275 -0.00863313 0.999945 -0.00602861 -3.51482 -0.0230561 0.00582823 0.999717 193.71 
0.999713 0.00629444 0.0231146 -1.29144 -0.00615706 0.999963 -0.00600785 -3.54464 -0.0231516 0.00586385 0.999715 195.141 
0.999718 0.00320796 0.0235509 -1.28297 -0.0030912 0.999983 -0.00499085 -3.57339 -0.0235665 0.00491668 0.99971 196.577 
0.999708 -0.000964329 0.0241642 -1.2711 0.0010532 0.999993 -0.00366334 -3.59819 -0.0241605 0.00368776 0.999701 198.026 
0.999694 -0.00298216 0.0245696 -1.2574 0.00307944 0.999988 -0.00392097 -3.62007 -0.0245577 0.00399548 0.99969 199.487 
0.999689 -0.000545324 0.0249478 -1.25001 0.000752573 0.999965 -0.00829692 -3.65364 -0.0249424 0.00831316 0.999654 200.906 
0.999657 0.00677189 0.0253008 -1.24246 -0.00642723 0.999886 -0.0136773 -3.68512 -0.0253905 0.0135101 0.999586 202.341 
0.999515 0.0156638 0.0269231 -1.25614 -0.015304 0.999792 -0.0135191 -3.7277 -0.0271293 0.0131006 0.999546 203.75 
0.999333 0.0232965 0.0281223 -1.25884 -0.0230208 0.999684 -0.0100853 -3.76575 -0.0283484 0.00943124 0.999554 205.202 
0.999274 0.0245394 0.0291358 -1.24951 -0.0243109 0.999671 -0.0081699 -3.79838 -0.0293268 0.00745569 0.999542 206.661 
0.999332 0.0227733 0.0285671 -1.22766 -0.0225603 0.999715 -0.00775395 -3.82823 -0.0287356 0.00710433 0.999562 208.123 
0.999429 0.0196975 0.0274645 -1.21048 -0.0194906 0.99978 -0.00778145 -3.86161 -0.0276118 0.00724175 0.999593 209.577 
0.999491 0.0178737 0.0264269 -1.19345 -0.0176589 0.999809 -0.00833612 -3.89594 -0.0265709 0.00786525 0.999616 211.04 
0.99949 0.0187135 0.0258942 -1.18432 -0.0184856 0.999789 -0.00901226 -3.92902 -0.0260575 0.00852903 0.999624 212.513 
0.999464 0.0200716 0.0258458 -1.17383 -0.0198482 0.999764 -0.00887213 -3.96513 -0.0260178 0.00835442 0.999627 213.982 
0.999441 0.0212054 0.0258387 -1.16551 -0.0210055 0.999748 -0.00797909 -3.99997 -0.0260014 0.00743192 0.999634 215.455 
0.999458 0.0204783 0.0257822 -1.15833 -0.0202659 0.999759 -0.00847153 -4.03649 -0.0259495 0.00794447 0.999632 216.931 
0.999467 0.0201322 0.0256912 -1.15042 -0.0198931 0.999757 -0.00952616 -4.07399 -0.0258768 0.00901005 0.999625 218.404 
0.999491 0.019316 0.0253719 -1.13854 -0.0190743 0.999771 -0.00973336 -4.11053 -0.0255541 0.0092445 0.999631 219.888 
0.999482 0.0197842 0.0253963 -1.13718 -0.0195399 0.999761 -0.00982996 -4.14526 -0.0255848 0.00932866 0.999629 221.388 
0.999484 0.0200303 0.0251191 -1.122 -0.0197824 0.999754 -0.0100755 -4.18061 -0.0253148 0.00957347 0.999634 222.89 
0.999481 0.0199521 0.0252797 -1.11628 -0.0196972 0.999753 -0.0102908 -4.21564 -0.0254788 0.00978753 0.999627 224.388 
0.999459 0.0212539 0.0250874 -1.11632 -0.0209928 0.999723 -0.0106242 -4.2527 -0.0253063 0.0100918 0.999629 225.871 
0.999462 0.0212489 0.0249688 -1.11446 -0.0209858 0.999722 -0.0107522 -4.28879 -0.0251904 0.0102224 0.99963 227.379 
0.999447 0.0219602 0.0249657 -1.1118 -0.0216974 0.999707 -0.0107464 -4.32804 -0.0251944 0.0101988 0.999631 228.876 
0.999464 0.0214626 0.0247354 -1.09619 -0.0211984 0.999716 -0.0108922 -4.3642 -0.0249622 0.0103621 0.999635 230.392 
0.999487 0.0201654 0.0248828 -1.08657 -0.0198978 0.999742 -0.010954 -4.40415 -0.0250973 0.0104533 0.99963 231.898 
0.999514 0.0189431 0.0247585 -1.07221 -0.0186791 0.999767 -0.0108491 -4.44165 -0.0249583 0.0103814 0.999635 233.411 
0.999527 0.0175481 0.0252763 -1.06627 -0.0172955 0.999799 -0.0101759 -4.48155 -0.0254499 0.00973397 0.999629 234.926 
0.999533 0.0173371 0.0251541 -1.05056 -0.0170988 0.999807 -0.0096578 -4.52947 -0.0253167 0.00922323 0.999637 236.444 
0.999523 0.0178324 0.0252001 -1.04044 -0.0175855 0.999796 -0.00998727 -4.56787 -0.0253731 0.0095394 0.999633 237.956 
0.999514 0.017958 0.0254947 -1.03 -0.0176924 0.999787 -0.0106045 -4.60562 -0.0256797 0.0101484 0.999619 239.466 
0.999468 0.0195322 0.0261233 -1.02443 -0.0192784 0.999765 -0.00992999 -4.64595 -0.0263112 0.00942113 0.999609 240.977 
0.999441 0.0196355 0.027058 -1.02123 -0.0194335 0.999781 -0.00770714 -4.68681 -0.0272034 0.00717704 0.999604 242.488 
0.999425 0.0196445 0.0276395 -1.00486 -0.0194483 0.999784 -0.00734896 -4.7228 -0.0277779 0.00680724 0.999591 244.023 
0.999397 0.0199604 0.0284005 -0.997232 -0.0197108 0.999765 -0.00904008 -4.76192 -0.0285743 0.00847488 0.999556 245.554 
0.999382 0.0202154 0.0287728 -0.979469 -0.019928 0.999749 -0.0102397 -4.80215 -0.0289726 0.00966 0.999534 247.072 
0.999335 0.0214771 0.0294556 -0.974059 -0.0211954 0.999727 -0.00984304 -4.83998 -0.029659 0.00921222 0.999518 248.596 
0.999342 0.0211347 0.0294775 -0.957272 -0.0208856 0.999744 -0.00873102 -4.87882 -0.0296545 0.00810966 0.999527 250.119 
0.999345 0.0213973 0.0291836 -0.936627 -0.0211697 0.999743 -0.00808274 -4.91999 -0.0293491 0.00745968 0.999541 251.654 
0.99934 0.0218086 0.0290682 -0.919213 -0.0215747 0.999733 -0.00833486 -4.95229 -0.0292422 0.00770226 0.999543 253.201 
0.999295 0.0235652 0.0292434 -0.903268 -0.0233361 0.999694 -0.00815015 -4.99151 -0.0294266 0.00746201 0.999539 254.742 
0.999256 0.0244531 0.029819 -0.90607 -0.0242173 0.999673 -0.00824201 -5.027 -0.0300109 0.00751378 0.999521 256.264 
0.999251 0.0244033 0.0300454 -0.890862 -0.0241772 0.999677 -0.00786538 -5.06344 -0.0302276 0.00713312 0.999518 257.81 
0.999263 0.0235015 0.0303477 -0.873322 -0.023271 0.999698 -0.00792424 -5.09894 -0.0305248 0.00721222 0.999508 259.359 
0.999311 0.0211003 0.0305467 -0.859523 -0.0208993 0.999758 -0.00688419 -5.13922 -0.0306846 0.00624108 0.99951 260.91 
0.99935 0.0188853 0.0307215 -0.837216 -0.0187118 0.999807 -0.00592484 -5.18182 -0.0308275 0.00534618 0.99951 262.447 
0.999371 0.0173652 0.0309362 -0.823703 -0.0171769 0.999832 -0.00633931 -5.2239 -0.0310411 0.00580397 0.999501 264.004 
0.999395 0.0163666 0.0306976 -0.799527 -0.0161412 0.999841 -0.00757269 -5.25494 -0.0308167 0.00707265 0.9995 265.56 
0.999397 0.0141982 0.0317015 -0.792868 -0.0140225 0.999885 -0.00575473 -5.2887 -0.0317796 0.00530676 0.999481 267.108 
0.999394 0.0123861 0.0325172 -0.775872 -0.0122595 0.999917 -0.0040887 -5.32442 -0.0325651 0.00368762 0.999463 268.658 
0.999412 0.0115148 0.0322912 -0.745419 -0.0113618 0.999923 -0.00491629 -5.35634 -0.0323454 0.00454656 0.999466 270.229 
0.999396 0.0110291 0.0329627 -0.724321 -0.0108405 0.999924 -0.00589335 -5.39154 -0.0330252 0.0055325 0.999439 271.776 
0.999361 0.0118936 0.0337097 -0.700748 -0.0116888 0.999912 -0.00626438 -5.42495 -0.0337813 0.00586639 0.999412 273.332 
0.999304 0.0138057 0.0346566 -0.677638 -0.0136002 0.999889 -0.00615617 -5.46307 -0.0347378 0.00568058 0.99938 274.876 
0.999251 0.0154657 0.0354624 -0.650876 -0.0152417 0.999862 -0.00657686 -5.49813 -0.0355593 0.00603147 0.999349 276.431 
0.999188 0.0166846 0.0366703 -0.628294 -0.0164368 0.99984 -0.00704929 -5.53031 -0.0367821 0.00644087 0.999303 278.004 
0.999128 0.0175454 0.0378829 -0.604784 -0.0172779 0.999824 -0.00737758 -5.56753 -0.0380057 0.00671665 0.999255 279.542 
0.999079 0.0183954 0.0387757 -0.580979 -0.0180882 0.999802 -0.00825722 -5.6058 -0.03892 0.00754827 0.999214 281.113 
0.999071 0.0168332 0.0396694 -0.558023 -0.0164941 0.999825 -0.00886039 -5.6315 -0.0398117 0.00819789 0.999174 282.731 
0.99905 0.0164217 0.040365 -0.519619 -0.0160747 0.999831 -0.00890525 -5.66467 -0.0405044 0.00824797 0.999145 284.299 
0.999028 0.0153303 0.0413269 -0.485778 -0.0150124 0.999855 -0.00798982 -5.70095 -0.0414435 0.00736168 0.999114 285.865 
0.999024 0.0149679 0.0415634 -0.455432 -0.0146543 0.999862 -0.00783829 -5.73064 -0.041675 0.0072216 0.999105 287.499 
0.998994 0.0156529 0.0420188 -0.42267 -0.0152441 0.999834 -0.0100301 -5.77269 -0.0421688 0.0093795 0.999067 289.058 
0.999014 0.0146954 0.041903 -0.387796 -0.0141902 0.999823 -0.012327 -5.80815 -0.0420768 0.0117202 0.999046 290.626 
0.999036 0.0146867 0.0413653 -0.351997 -0.0142014 0.999827 -0.012 -5.85776 -0.0415344 0.011401 0.999072 292.17 
0.999079 0.0139275 0.0405764 -0.332693 -0.0134408 0.999835 -0.0122429 -5.89236 -0.0407402 0.0116863 0.999101 293.712 
0.999107 0.0143927 0.0397239 -0.304196 -0.0138995 0.999823 -0.0126627 -5.94084 -0.0398992 0.0120993 0.99913 295.274 
0.999134 0.0141357 0.0391337 -0.267687 -0.0136378 0.999823 -0.0129615 -5.98182 -0.03931 0.0124166 0.99915 296.835 
0.999153 0.0143167 0.0385922 -0.23635 -0.0138497 0.999828 -0.0123394 -6.02754 -0.0387622 0.0117945 0.999179 298.398 
0.999198 0.0135796 0.0376739 -0.2067 -0.0131315 0.99984 -0.0121159 -6.06614 -0.0378325 0.0116115 0.999217 300 
0.999249 0.0127581 0.036602 -0.170688 -0.0123714 0.999865 -0.0107714 -6.11255 -0.0367346 0.0103106 0.999272 301.586 
0.999234 0.0146727 0.0362857 -0.150608 -0.0143348 0.999852 -0.00955355 -6.14753 -0.0364206 0.00902612 0.999296 303.197 
0.999205 0.0146662 0.0370642 -0.132414 -0.0143294 0.999854 -0.00933347 -6.18526 -0.0371957 0.00879499 0.999269 304.799 
0.99916 0.0152525 0.0380481 -0.114813 -0.0148905 0.999841 -0.00977752 -6.22162 -0.0381912 0.00920278 0.999228 306.417 
0.999168 0.0136899 0.0384143 -0.07451 -0.0133304 0.999865 -0.00959809 -6.27409 -0.0385406 0.00907806 0.999216 308.043 
0.999184 0.011877 0.0385994 -0.0397075 -0.0114749 0.999878 -0.0106211 -6.30752 -0.0387209 0.0101696 0.999198 309.657 
0.999191 0.0106235 0.0387853 -0.00088982 -0.0101389 0.999868 -0.0126671 -6.34571 -0.0389148 0.0122637 0.999167 311.28 
0.999212 0.0100548 0.0384022 0.0378989 -0.00954165 0.999863 -0.0135216 -6.39517 -0.0385329 0.0131446 0.999171 312.86 
0.999289 0.0106492 0.0361622 0.0675216 -0.0101343 0.999845 -0.0143912 -6.4409 -0.0363099 0.0140145 0.999242 314.48 
0.999353 0.0116838 0.0340146 0.096535 -0.0112243 0.999844 -0.0136685 -6.48841 -0.034169 0.0132779 0.999328 316.116 
0.999348 0.0127177 0.0338001 0.110957 -0.0123702 0.999869 -0.0104704 -6.52897 -0.0339289 0.0100455 0.999374 317.744 
0.999343 0.0111699 0.03447 0.141143 -0.0109207 0.999913 -0.00740816 -6.56966 -0.0345497 0.0070269 0.999378 319.381 
0.99935 0.0103764 0.0345372 0.169266 -0.0101488 0.999926 -0.00675618 -6.60592 -0.0346048 0.00640131 0.999381 321.034 
0.999336 0.00960989 0.0351441 0.190184 -0.00932981 0.999924 -0.00812354 -6.63805 -0.0352195 0.0077903 0.999349 322.686 
0.999324 0.00859244 0.0357529 0.205563 -0.00830038 0.999931 -0.00830803 -6.67099 -0.0358219 0.00800569 0.999326 324.336 
0.999302 0.00856495 0.0363533 0.229974 -0.00827578 0.999933 -0.00809631 -6.70902 -0.0364202 0.00778985 0.999306 325.986 
0.999266 0.00851793 0.0373433 0.245222 -0.00822451 0.999934 -0.00800284 -6.75024 -0.037409 0.00768988 0.99927 327.63 
0.999243 0.0100178 0.0375943 0.279611 -0.00968852 0.999913 -0.00892948 -6.79648 -0.0376805 0.00855853 0.999253 329.279 
0.999201 0.0107271 0.0385126 0.309497 -0.0103669 0.999901 -0.00954042 -6.84054 -0.0386112 0.00913358 0.999213 330.898 
0.99917 0.00954 0.0396144 0.340515 -0.00924198 0.999928 -0.00769831 -6.88292 -0.0396851 0.00732584 0.999185 332.53 
0.999166 0.00854143 0.0399323 0.371462 -0.00827265 0.999942 -0.00689007 -6.92345 -0.0399889 0.00655402 0.999179 334.164 
0.999174 0.00723249 0.0399861 0.404141 -0.00692103 0.999945 -0.00792104 -6.96084 -0.0400412 0.0076378 0.999169 335.829 
0.999153 0.00875026 0.0402016 0.436277 -0.00844044 0.999933 -0.00786901 -7.00237 -0.0402678 0.00752307 0.999161 337.455 
0.999139 0.0106553 0.0401015 0.462096 -0.0102689 0.999899 -0.00982604 -7.04878 -0.0402021 0.00940582 0.999147 339.086 
0.999132 0.0123931 0.0397668 0.491124 -0.0118928 0.999848 -0.0127909 -7.0947 -0.0399193 0.0123069 0.999127 340.709 
0.999126 0.0140345 0.039378 0.515393 -0.0135594 0.999832 -0.0123067 -7.14337 -0.0395442 0.0117621 0.999149 342.326 
0.999145 0.014567 0.0387046 0.53902 -0.0142385 0.99986 -0.00874927 -7.18578 -0.0388267 0.00819073 0.999212 343.954 
0.999148 0.015943 0.0380706 0.553055 -0.0157212 0.999858 -0.00611796 -7.22433 -0.0381628 0.00551428 0.999256 345.594 
0.99916 0.0165869 0.0374834 0.566209 -0.0163163 0.999839 -0.00751173 -7.26008 -0.037602 0.00689387 0.999269 347.248 
0.999222 0.0161896 0.0359677 0.58479 -0.0158797 0.999834 -0.00888244 -7.30189 -0.0361056 0.00830441 0.999314 348.87 
0.999301 0.0147819 0.0343349 0.609959 -0.0145391 0.999868 -0.00730884 -7.34317 -0.0344384 0.00680458 0.999384 350.491 
0.99935 0.013091 0.0335871 0.634644 -0.0128712 0.999894 -0.0067496 -7.3822 -0.033672 0.00631294 0.999413 352.139 
0.999357 0.0129684 0.033429 0.651621 -0.0127139 0.999889 -0.00781277 -7.41531 -0.0335266 0.00738277 0.999411 353.782 
0.999373 0.0121239 0.0332574 0.672474 -0.0118447 0.999893 -0.00857833 -7.45566 -0.0333579 0.00817908 0.99941 355.416 
0.999366 0.0122631 0.033427 0.691519 -0.0119759 0.99989 -0.00877722 -7.49632 -0.033531 0.00837138 0.999403 357.038 
0.999367 0.0116932 0.0336052 0.713459 -0.0113992 0.999895 -0.00892501 -7.53827 -0.0337061 0.00853633 0.999395 358.64 
0.999375 0.0109571 0.0336196 0.739488 -0.0106535 0.999901 -0.00919472 -7.58448 -0.033717 0.00883084 0.999392 360.253 
0.99937 0.0105296 0.0339006 0.754241 -0.0101941 0.999898 -0.0100532 -7.62073 -0.034003 0.00970135 0.999375 361.87 
0.99937 0.0100064 0.0340463 0.779752 -0.00967163 0.999903 -0.00998081 -7.66267 -0.0341429 0.00964528 0.99937 363.469 
0.999365 0.0102019 0.0341544 0.80688 -0.00984517 0.999895 -0.0105965 -7.70681 -0.034259 0.0102535 0.99936 365.068 
0.999367 0.0089724 0.0344264 0.830446 -0.00856085 0.99989 -0.012082 -7.74965 -0.034531 0.0117796 0.999334 366.679 
0.999374 0.00713003 0.0346611 0.850886 -0.00677487 0.999924 -0.0103522 -7.79008 -0.0347323 0.0101109 0.999346 368.292 
0.999376 0.00574872 0.0348533 0.875959 -0.00541034 0.999937 -0.00979384 -7.82934 -0.0349075 0.0095992 0.999344 369.901 
0.999374 0.00528622 0.0349912 0.898469 -0.00490421 0.999928 -0.0109929 -7.86555 -0.0350468 0.0108144 0.999327 371.511 
0.999347 0.006518 0.0355518 0.910467 -0.00611206 0.999915 -0.0115139 -7.91226 -0.0356238 0.0112891 0.999302 373.103 
0.999327 0.00776817 0.0358391 0.936144 -0.00738814 0.999915 -0.010723 -7.95545 -0.0359194 0.010451 0.9993 374.706 
0.999311 0.00914934 0.0359702 0.968371 -0.00879578 0.999912 -0.0099742 -8.0008 -0.0360583 0.00965098 0.999303 376.312 
0.99928 0.00997627 0.0366164 0.996014 -0.00960127 0.9999 -0.0104016 -8.04021 -0.0367165 0.0100426 0.999275 377.937 
0.999271 0.0100651 0.0368254 1.0206 -0.00965003 0.999888 -0.0114309 -8.08258 -0.0369364 0.0110673 0.999256 379.54 
0.999266 0.0104658 0.0368389 1.05011 -0.0100363 0.99988 -0.011825 -8.1224 -0.0369582 0.0114466 0.999251 381.161 
0.999243 0.010923 0.0373268 1.08314 -0.0104825 0.999873 -0.0119756 -8.16778 -0.0374529 0.0115753 0.999231 382.787 
0.999219 0.0122089 0.0375932 1.1123 -0.0117659 0.999859 -0.0119831 -8.21232 -0.0377343 0.0115314 0.999221 384.408 
0.999193 0.0137832 0.0377205 1.14754 -0.0133595 0.999845 -0.0114592 -8.25892 -0.0378726 0.0109461 0.999223 386.053 
0.999159 0.0151516 0.0380946 1.17505 -0.0146865 0.999815 -0.0124582 -8.30044 -0.0382763 0.0118883 0.999197 387.726 
0.999134 0.0160139 0.0384068 1.21183 -0.0155148 0.999792 -0.0132564 -8.34726 -0.0386112 0.0126491 0.999174 389.361 
0.999112 0.0169801 0.0385587 1.2439 -0.0164763 0.999775 -0.0133465 -8.39341 -0.0387767 0.0126994 0.999167 390.973 
0.999084 0.0181407 0.038754 1.27798 -0.0176688 0.999766 -0.0124828 -8.44218 -0.0389714 0.0117867 0.999171 392.595 
0.999058 0.0189937 0.0390056 1.30573 -0.0185395 0.999756 -0.0119736 -8.49715 -0.0392235 0.0112392 0.999167 394.235 
0.999005 0.0204919 0.0396042 1.33723 -0.0200022 0.999719 -0.0127203 -8.54386 -0.0398537 0.0119156 0.999135 395.893 
0.998983 0.0209405 0.0399199 1.36658 -0.0204449 0.999709 -0.0127804 -8.58228 -0.0401759 0.0119512 0.999121 397.525 
0.998996 0.0205947 0.0397861 1.40942 -0.0201194 0.999722 -0.0123085 -8.62813 -0.0400286 0.0114957 0.999132 399.176 
0.999012 0.0198549 0.0397548 1.45058 -0.0193455 0.999726 -0.013157 -8.67627 -0.0400052 0.012375 0.999123 400.806 
0.999011 0.0194089 0.0400103 1.48558 -0.0188622 0.999724 -0.0139941 -8.72511 -0.0402709 0.0132257 0.999101 402.437 
0.999016 0.0188332 0.040149 1.52011 -0.0182768 0.999732 -0.0141793 -8.77013 -0.0404053 0.0134316 0.999093 404.106 
0.99901 0.0186739 0.0403838 1.56087 -0.0181466 0.999746 -0.0133835 -8.80839 -0.0406235 0.0126374 0.999095 405.764 
0.999027 0.0165338 0.0408923 1.59718 -0.0160587 0.9998 -0.0119163 -8.85479 -0.0410811 0.0112481 0.999093 407.397 
0.999038 0.015121 0.0411724 1.63969 -0.0146039 0.999811 -0.0128295 -8.90104 -0.0413587 0.012216 0.99907 409.063 
0.999075 0.0135271 0.0408306 1.68702 -0.0129896 0.999826 -0.0133981 -8.95846 -0.0410048 0.0128554 0.999076 410.703 
