1 2.12261e-08 -2.11895e-08 0 2.12261e-08 1 2.10703e-08 0 -2.11895e-08 2.10703e-08 1 0 
0.999997 -0.00194742 -0.00149163 -0.0132936 0.00194629 0.999998 -0.000787495 -0.0105294 0.00149312 0.000784632 0.999999 0.579581 
0.999994 -0.00245315 -0.00260898 -0.0207137 0.00244713 0.999994 -0.00232548 -0.0193999 0.00261462 0.00231913 0.999994 1.16226 
0.999986 -0.00270641 -0.00452745 -0.0317989 0.00268951 0.999989 -0.00374207 -0.0317723 0.00453749 0.00372988 0.999983 1.72743 
0.999967 -0.00485466 -0.00644677 -0.0424889 0.00482067 0.999974 -0.00528496 -0.0458422 0.00647222 0.00525375 0.999965 2.2889 
0.999942 -0.00719865 -0.00806154 -0.0533878 0.00714043 0.999948 -0.00723314 -0.0570279 0.00811316 0.00717519 0.999941 2.86761 
0.999919 -0.00845544 -0.00953419 -0.0667136 0.00838023 0.999934 -0.00790505 -0.0700885 0.00960035 0.00782455 0.999923 3.45171 
0.9999 -0.00874196 -0.0110821 -0.080369 0.00866316 0.999937 -0.00714271 -0.0832849 0.0111438 0.00704604 0.999913 4.02912 
0.999882 -0.00938255 -0.0121735 -0.0967653 0.00929342 0.99993 -0.00736099 -0.100395 0.0122417 0.00724703 0.999899 4.62068 
0.999872 -0.00889013 -0.0133293 -0.11622 0.00875569 0.999911 -0.0101134 -0.115039 0.013418 0.00999543 0.99986 5.22281 
0.999869 -0.00707606 -0.0145336 -0.139284 0.00687378 0.999879 -0.013924 -0.130432 0.0146303 0.0138223 0.999797 5.83177 
0.999864 -0.00552303 -0.0155698 -0.169521 0.00524598 0.999828 -0.0177815 -0.143307 0.0156653 0.0176974 0.999721 6.44341 
0.999856 -0.00375009 -0.0165389 -0.198776 0.00345572 0.999836 -0.0177938 -0.156724 0.0166029 0.0177342 0.999705 7.07058 
0.999843 -0.0014634 -0.017682 -0.226949 0.00126904 0.999939 -0.0110007 -0.165557 0.0176969 0.0109765 0.999783 7.72094 
0.999829 -0.000705508 -0.0185015 -0.252706 0.000692937 1 -0.000688132 -0.17483 0.0185019 0.000675236 0.999829 8.391 
0.999817 0.000329761 -0.0191465 -0.284958 -0.00021266 0.999981 0.00611564 -0.190861 0.0191481 -0.0061104 0.999798 9.06887 
0.999786 0.00258158 -0.0205102 -0.315555 -0.00247953 0.999984 0.00499731 -0.201364 0.0205228 -0.00494534 0.999777 9.75895 
0.999767 0.00473732 -0.0210658 -0.350509 -0.00478403 0.999986 -0.0021694 -0.209597 0.0210552 0.00226972 0.999776 10.4542 
0.999743 0.00429495 -0.0222751 -0.377417 -0.0044798 0.999956 -0.00825701 -0.209877 0.0222387 0.00835472 0.999718 11.1733 
0.999726 0.00191242 -0.0233257 -0.408917 -0.00206754 0.999976 -0.00662984 -0.212189 0.0233124 0.00667629 0.999706 11.9175 
0.999717 0.000731405 -0.0237657 -0.438945 -0.000662503 0.999996 0.0029052 -0.224323 0.0237677 -0.00288859 0.999713 12.6886 
0.99971 0.000431345 -0.0240806 -0.47281 -0.000185972 0.999948 0.0101893 -0.22983 0.0240837 -0.0101818 0.999658 13.4733 
0.999698 -0.000463639 -0.0245663 -0.509885 0.000776858 0.999919 0.0127403 -0.235289 0.0245583 -0.0127555 0.999617 14.2661 
0.999695 -0.0024318 -0.0245954 -0.54586 0.00271826 0.999929 0.0116185 -0.231895 0.0245653 -0.0116818 0.99963 15.078 
0.999709 -0.00293107 -0.0239544 -0.581557 0.00314937 0.999954 0.00907879 -0.230274 0.0239266 -0.00915154 0.999672 15.8969 
0.999723 -0.000650824 -0.0235292 -0.617628 0.000784117 0.999984 0.00565446 -0.232756 0.0235251 -0.0056713 0.999707 16.741 
0.999736 -0.00376821 -0.0226765 -0.64989 0.00377467 0.999993 0.000239924 -0.238641 0.0226754 -0.000325414 0.999743 17.6034 
0.999732 -0.00677869 -0.0221484 -0.676347 0.00664786 0.99996 -0.00597733 -0.25022 0.022188 0.00582853 0.999737 18.4796 
0.999763 -0.00597716 -0.0209508 -0.714276 0.00573749 0.999918 -0.0114829 -0.257934 0.0210177 0.0113601 0.999715 19.3715 
0.99977 -0.00472103 -0.020917 -0.750552 0.00446351 0.999914 -0.0123433 -0.274669 0.0209734 0.0122471 0.999705 20.2792 
0.999763 -0.00449165 -0.0212832 -0.782976 0.00424369 0.999923 -0.0116835 -0.296801 0.021334 0.0115905 0.999705 21.2038 
0.999763 -0.00325878 -0.0215277 -0.817377 0.00297564 0.999909 -0.013173 -0.317966 0.0215686 0.0131058 0.999682 22.1407 
0.999773 -0.000551069 -0.0212839 -0.863019 0.000226554 0.999884 -0.0152484 -0.339867 0.0212898 0.0152401 0.999657 23.1021 
0.999764 0.00281364 -0.0215361 -0.906439 -0.00316193 0.999865 -0.0161576 -0.362824 0.0214877 0.0162219 0.999638 24.0749 
0.99976 0.00423189 -0.021503 -0.949776 -0.00458005 0.999859 -0.0161696 -0.386804 0.0214315 0.0162643 0.999638 25.0585 
0.999752 0.00497617 -0.0217234 -0.992282 -0.00532918 0.999854 -0.0162247 -0.416476 0.0216395 0.0163365 0.999632 26.048 
0.99975 0.00511557 -0.0217855 -1.033 -0.00546808 0.999855 -0.016154 -0.444257 0.0216996 0.0162691 0.999632 27.041 
0.999736 0.00614889 -0.0221572 -1.0778 -0.00647795 0.999869 -0.0148122 -0.475789 0.0220632 0.0149519 0.999645 28.0456 
0.999728 0.00648693 -0.022424 -1.12234 -0.0067752 0.999895 -0.0128049 -0.502168 0.0223385 0.0129534 0.999667 29.0592 
0.999717 0.00734999 -0.0226463 -1.16813 -0.00761491 0.999903 -0.011636 -0.529302 0.0225586 0.0118051 0.999676 30.0857 
0.999716 0.0072589 -0.0227171 -1.21431 -0.00755075 0.99989 -0.01279 -0.553564 0.0226217 0.0129579 0.99966 31.1137 
0.9997 0.00833773 -0.0230155 -1.2605 -0.00865059 0.999871 -0.0135291 -0.583716 0.0228997 0.0137242 0.999644 32.1489 
0.999691 0.00813274 -0.0234985 -1.30256 -0.00843168 0.999884 -0.0126522 -0.607975 0.0233928 0.0128464 0.999644 33.2023 
0.999683 0.0074104 -0.0240608 -1.34762 -0.00765281 0.999921 -0.0100005 -0.63345 0.0239848 0.0101815 0.999661 34.2547 
0.999673 0.00778814 -0.0243746 -1.39414 -0.00794211 0.999949 -0.00622831 -0.659486 0.0243248 0.0064199 0.999684 35.3134 
0.999658 0.00782821 -0.0249393 -1.43996 -0.00792472 0.999962 -0.0037751 -0.682878 0.0249087 0.00397149 0.999682 36.3798 
0.999648 0.00769483 -0.0253981 -1.48451 -0.00778157 0.999964 -0.00331963 -0.704372 0.0253716 0.00351614 0.999672 37.4557 
0.999635 0.00734045 -0.0260096 -1.52882 -0.00746712 0.999961 -0.00477785 -0.723675 0.0259734 0.00497036 0.99965 38.5327 
0.999619 0.00771892 -0.026518 -1.58202 -0.00785887 0.999956 -0.00517906 -0.744809 0.0264768 0.00538553 0.999635 39.6196 
0.999596 0.00764552 -0.0273849 -1.63006 -0.00775633 0.999962 -0.0039442 -0.766448 0.0273536 0.00415505 0.999617 40.7106 
0.999577 0.00769111 -0.0280586 -1.68197 -0.00774905 0.999968 -0.00195834 -0.787819 0.0280426 0.00217498 0.999604 41.799 
0.999565 0.007962 -0.0284137 -1.73425 -0.00794667 0.999968 0.00065085 -0.810376 0.028418 -0.000424729 0.999596 42.8837 
0.999543 0.00906961 -0.028847 -1.78781 -0.00905775 0.999959 0.000540109 -0.833353 0.0288507 -0.00027853 0.999584 43.9734 
0.999524 0.0102134 -0.0291083 -1.84137 -0.0103104 0.999942 -0.00318514 -0.854984 0.0290741 0.00348378 0.999571 45.0494 
0.999513 0.0114646 -0.0290216 -1.89304 -0.0116758 0.999907 -0.00711955 -0.876676 0.0289372 0.00745498 0.999553 46.1322 
0.999512 0.0119487 -0.0288641 -1.94655 -0.0121686 0.999898 -0.0074536 -0.899902 0.028772 0.00780124 0.999556 47.2153 
0.99951 0.0125701 -0.0286675 -1.9978 -0.0127106 0.999908 -0.00472527 -0.9254 0.0286054 0.00508737 0.999578 48.301 
0.999504 0.0133938 -0.0284862 -2.05213 -0.0134735 0.999906 -0.00261063 -0.947399 0.0284485 0.00299319 0.999591 49.3893 
0.999521 0.0117509 -0.0286379 -2.10068 -0.0117934 0.99993 -0.00131522 -0.96857 0.0286204 0.00165237 0.999589 50.4795 
0.99954 0.01137 -0.0281257 -2.15365 -0.0114397 0.999932 -0.00232083 -0.989006 0.0280974 0.00264156 0.999602 51.588 
0.999559 0.0101262 -0.0279204 -2.20156 -0.0102458 0.999939 -0.00414657 -1.00936 0.0278767 0.00443085 0.999602 52.6892 
0.999562 0.0102324 -0.0277882 -2.24744 -0.0104067 0.999927 -0.00613658 -1.03313 0.0277233 0.00642311 0.999595 53.7967 
0.999581 0.0090298 -0.0275181 -2.3009 -0.0092627 0.999922 -0.00834945 -1.06257 0.0274405 0.00860089 0.999586 54.8992 
0.999599 0.00741115 -0.0273218 -2.34877 -0.00773297 0.999902 -0.0116936 -1.08965 0.0272324 0.0119002 0.999558 55.9852 
0.999616 0.00592008 -0.0270546 -2.39516 -0.00628058 0.999892 -0.0132611 -1.12106 0.0269731 0.013426 0.999546 57.0759 
0.99963 0.00437817 -0.0268654 -2.443 -0.0046778 0.999927 -0.0111022 -1.14894 0.0268148 0.0112238 0.999577 58.1673 
0.999638 0.00283989 -0.0267517 -2.48647 -0.00297682 0.999983 -0.00508195 -1.17704 0.0267367 0.00515979 0.999629 59.2678 
0.999639 0.00115001 -0.0268505 -2.53105 -0.00112735 0.999999 0.000857314 -1.19802 0.0268514 -0.000826692 0.999639 60.3672 
0.999633 -0.000782459 -0.0270675 -2.57222 0.000832913 0.999998 0.00185124 -1.22082 0.0270659 -0.00187307 0.999632 61.463 
0.999638 -0.00397774 -0.0266155 -2.6282 0.00394364 0.999991 -0.00133518 -1.23339 0.0266205 0.00122978 0.999645 62.5788 
0.999618 -0.00555494 -0.0270913 -2.66312 0.00543507 0.999975 -0.00449781 -1.25141 0.0271156 0.00434889 0.999623 63.6814 
0.999623 -0.00356966 -0.0272372 -2.71828 0.0033384 0.999958 -0.00853276 -1.27875 0.0272665 0.00843865 0.999593 64.7824 
0.999628 -0.00330328 -0.0270929 -2.77 0.00295158 0.999911 -0.0130128 -1.30215 0.0271335 0.012928 0.999548 65.8734 
0.999654 -0.000309402 -0.0263111 -2.82891 -5.15604e-05 0.999906 -0.0137189 -1.3287 0.0263128 0.0137155 0.99956 66.9695 
0.999667 0.00371091 -0.0255274 -2.8839 -0.00396804 0.999942 -0.0100311 -1.36123 0.0254887 0.0101291 0.999624 68.0832 
0.999661 0.00518122 -0.0255298 -2.93497 -0.00538418 0.999954 -0.00788908 -1.39019 0.0254877 0.0080239 0.999643 69.1806 
0.999662 0.00445542 -0.0256306 -2.98091 -0.00464086 0.999963 -0.00718201 -1.41434 0.0255976 0.00729857 0.999646 70.2846 
0.999663 0.00282194 -0.0258185 -3.02295 -0.00298631 0.999976 -0.00633149 -1.44173 0.0258 0.0064065 0.999647 71.3855 
0.999653 0.00154582 -0.0262998 -3.06744 -0.00166927 0.999988 -0.00467424 -1.4718 0.0262922 0.00471656 0.999643 72.4857 
0.999635 -0.000197092 -0.0270173 -3.10864 0.000131241 0.999997 -0.00244064 -1.49667 0.0270177 0.00243625 0.999632 73.5854 
0.999613 -0.00146794 -0.0277898 -3.16204 0.00144605 0.999999 -0.000809108 -1.51893 0.0277909 0.000768652 0.999614 74.6988 
0.999588 -0.00233229 -0.0285984 -3.20824 0.00227521 0.999995 -0.00202979 -1.543 0.028603 0.00196393 0.999589 75.7932 
0.999564 -0.00216537 -0.0294512 -3.25595 0.00199291 0.999981 -0.00588553 -1.56455 0.0294633 0.00582431 0.999549 76.8813 
0.999536 -0.00183136 -0.0304182 -3.307 0.00158759 0.999966 -0.00803746 -1.58686 0.0304318 0.00798548 0.999505 77.9746 
0.999513 2.56274e-05 -0.0312001 -3.36193 -0.000224099 0.99998 -0.00635911 -1.61644 0.0311992 0.00636305 0.999493 79.0505 
0.999487 0.000928953 -0.0320268 -3.41411 -0.00099427 0.999997 -0.0020249 -1.64187 0.0320248 0.00205575 0.999485 80.1621 
0.999462 0.00240485 -0.0327014 -3.46867 -0.00234202 0.999995 0.0019582 -1.6653 0.0327059 -0.00188051 0.999463 81.2464 
0.99943 0.00330525 -0.0335891 -3.51959 -0.00322606 0.999992 0.0024105 -1.68229 0.0335967 -0.00230073 0.999433 82.3393 
0.999406 0.00311681 -0.0343093 -3.57779 -0.00310673 0.999995 0.000345901 -1.70044 0.0343102 -0.000239063 0.999411 83.4291 
0.999391 0.00297172 -0.0347766 -3.63229 -0.00298966 0.999995 -0.00046481 -1.71912 0.034775 0.000568539 0.999395 84.5006 
0.999372 0.00241824 -0.0353481 -3.68401 -0.00244287 0.999997 -0.000655029 -1.74212 0.0353464 0.000741012 0.999375 85.5559 
0.999348 0.00144354 -0.0360705 -3.74125 -0.00145444 0.999999 -0.000276982 -1.76384 0.03607 0.000329307 0.999349 86.6023 
0.999333 0.000299233 -0.0365143 -3.7925 -0.000267895 1 0.000861992 -1.77864 0.0365145 -0.000851592 0.999333 87.6311 
0.999301 0.000356322 -0.0373913 -3.84275 -0.000220601 0.999993 0.00363269 -1.80167 0.0373923 -0.00362186 0.999294 88.6543 
0.999275 -0.000166075 -0.0380773 -3.90527 0.000332977 0.99999 0.00437584 -1.82081 0.0380762 -0.00438531 0.999265 89.6406 
0.999201 -0.00090069 -0.039965 -3.96655 0.00109052 0.999988 0.00472736 -1.84121 0.0399602 -0.00476712 0.99919 90.6062 
0.999074 -0.00131053 -0.043017 -4.02644 0.00147803 0.999991 0.00386112 -1.86187 0.0430116 -0.00392108 0.999067 91.5449 
0.998927 -0.00134549 -0.0463019 -4.08751 0.00147742 0.999995 0.00281437 -1.87772 0.0462979 -0.00287972 0.998924 92.461 
0.998784 -0.00159444 -0.0492695 -4.14857 0.00174031 0.999994 0.00291697 -1.89295 0.0492645 -0.00299912 0.998781 93.354 
0.998647 5.57946e-05 -0.052 -4.226 0.000154869 0.999992 0.00404639 -1.91136 0.0519998 -0.00404892 0.998639 94.2398 
0.998482 0.000824894 -0.055071 -4.28817 -0.000541551 0.999987 0.00515904 -1.9304 0.0550745 -0.00512134 0.998469 95.0926 
0.998326 0.0022867 -0.0577984 -4.35716 -0.00191524 0.999977 0.00648063 -1.9438 0.0578118 -0.00635904 0.998307 95.9115 
0.998164 0.00345869 -0.0604642 -4.42131 -0.00302098 0.999969 0.00732841 -1.95836 0.0604876 -0.00713225 0.998144 96.707 
0.998019 0.00545245 -0.0626727 -4.49285 -0.00496734 0.999957 0.00789292 -1.976 0.0627129 -0.00756593 0.998003 97.4811 
0.997836 0.00741066 -0.0653262 -4.55889 -0.00698956 0.999953 0.00667178 -1.98971 0.0653726 -0.0062007 0.997842 98.2209 
0.99766 0.00871978 -0.0678082 -4.62619 -0.0085412 0.999959 0.00292247 -2.00491 0.0678309 -0.00233643 0.997694 98.9274 
0.997459 0.0110703 -0.0703743 -4.68911 -0.0111602 0.999937 -0.00088479 -2.01815 0.07036 0.00166797 0.99752 99.6076 
0.997311 0.012811 -0.0721514 -4.75481 -0.0131051 0.999908 -0.00360409 -2.03068 0.0720986 0.00453999 0.997387 100.256 
0.997246 0.0148983 -0.0726527 -4.82213 -0.015269 0.999873 -0.00454943 -2.04619 0.0725756 0.00564628 0.997347 100.878 
0.997256 0.0171907 -0.0720134 -4.87049 -0.0175425 0.999837 -0.00425597 -2.05921 0.0719284 0.00550763 0.997395 101.491 
0.997388 0.0210054 -0.0691042 -4.92306 -0.0212495 0.99977 -0.00280002 -2.0743 0.0690295 0.00426118 0.997606 102.065 
0.997684 0.0233653 -0.0638831 -4.96464 -0.0234959 0.999723 -0.00129493 -2.09142 0.0638351 0.00279296 0.997957 102.613 
0.998121 0.024305 -0.0562519 -5.00519 -0.0243219 0.999704 0.000384862 -2.09912 0.0562445 0.000984053 0.998417 103.141 
0.998622 0.0241632 -0.0465766 -5.03058 -0.0240551 0.999707 0.00288043 -2.11002 0.0466325 -0.00175602 0.998911 103.647 
0.999114 0.0237615 -0.0347388 -5.04834 -0.0236326 0.999712 0.00411449 -2.12053 0.0348266 -0.00328983 0.999388 104.125 
0.999512 0.022774 -0.0213711 -5.05402 -0.0226852 0.999733 0.00438915 -2.13434 0.0214653 -0.00390216 0.999762 104.582 
0.999724 0.0226596 -0.0062461 -5.05374 -0.022637 0.999737 0.00365072 -2.14708 0.00632714 -0.00350828 0.999974 105.018 
0.999702 0.0213137 0.0118733 -5.04291 -0.0213217 0.999773 0.000549184 -2.15692 -0.0118589 -0.000802137 0.999929 105.445 
0.999238 0.0207679 0.0330343 -5.01881 -0.0206407 0.999778 -0.00418582 -2.16561 -0.0331139 0.00350083 0.999445 105.855 
0.998169 0.0187874 0.0575017 -4.98395 -0.0183056 0.999793 -0.00889422 -2.17613 -0.057657 0.00782537 0.998306 106.254 
0.996285 0.0162034 0.0845813 -4.93039 -0.0153045 0.999819 -0.0112651 -2.19147 -0.0847487 0.00992881 0.996353 106.647 
0.993338 0.0135732 0.114438 -4.86314 -0.0122336 0.999848 -0.0124 -2.20262 -0.114589 0.0109174 0.993353 107.033 
0.989071 0.011437 0.146997 -4.78504 -0.00943736 0.999853 -0.0142934 -2.21362 -0.147139 0.01275 0.989034 107.406 
0.983158 0.00896146 0.182536 -4.68792 -0.00619871 0.999858 -0.0157 -2.22748 -0.182651 0.0143042 0.983074 107.773 
0.975213 0.00571159 0.221196 -4.57986 -0.00221828 0.999869 -0.0160378 -2.24055 -0.221259 0.0151496 0.975098 108.131 
0.96524 0.0036539 0.261338 -4.46046 0.000777078 0.999858 -0.0168494 -2.254 -0.261363 0.0164668 0.9651 108.471 
0.952879 0.00457104 0.303315 -4.33338 0.00084125 0.999843 -0.0177106 -2.26957 -0.303348 0.0171312 0.952726 108.803 
0.937337 0.00642708 0.348365 -4.19993 -0.000255498 0.999842 -0.0177588 -2.28715 -0.348424 0.016557 0.937191 109.127 
0.919313 0.00639947 0.393474 -4.04427 7.93321e-05 0.999865 -0.016447 -2.29889 -0.393527 0.0151512 0.919188 109.439 
0.898835 0.00563064 0.438252 -3.87297 0.00110731 0.999885 -0.0151174 -2.30984 -0.438287 0.0140734 0.898725 109.734 
0.875406 0.00446552 0.483368 -3.68824 0.00344681 0.999874 -0.0154794 -2.32273 -0.483376 0.0152169 0.87528 110.015 
0.849712 0.00501326 0.527224 -3.49194 0.0049458 0.999835 -0.0174781 -2.33609 -0.527224 0.0174589 0.849547 110.288 
0.821582 0.00716392 0.570045 -3.28368 0.00558058 0.999772 -0.0206074 -2.35199 -0.570063 0.0201119 0.821355 110.549 
0.79037 0.0120092 0.612512 -3.06138 0.00414012 0.99968 -0.0249424 -2.36442 -0.612616 0.0222496 0.790068 110.804 
0.755877 0.0184034 0.654455 -2.82267 0.000690856 0.999582 -0.0289062 -2.37328 -0.654714 0.0223017 0.755548 111.054 
0.717758 0.0230994 0.695909 -2.56749 -0.0015534 0.9995 -0.0315742 -2.38352 -0.696291 0.0215817 0.717435 111.296 
0.677724 0.0235338 0.73494 -2.28961 0.000225181 0.999481 -0.0322124 -2.39843 -0.735316 0.0219966 0.677367 111.517 
0.635707 0.0209879 0.771646 -1.99157 0.00407138 0.999525 -0.03054 -2.41144 -0.77192 0.0225562 0.635319 111.725 
0.590861 0.0191418 0.806547 -1.67903 0.00529389 0.999605 -0.0276019 -2.42136 -0.806756 0.0205786 0.590526 111.924 
0.543876 0.0176886 0.83898 -1.35425 0.00593045 0.999672 -0.0249209 -2.43278 -0.839145 0.0185294 0.543592 112.101 
0.495225 0.0151017 0.868633 -1.01755 0.00739944 0.999739 -0.0215996 -2.44713 -0.868733 0.0171241 0.494985 112.261 
0.443547 0.0114772 0.896177 -0.669412 0.00909633 0.999809 -0.0173064 -2.46367 -0.896205 0.0158281 0.443358 112.406 
0.391203 0.0116012 0.920231 -0.303012 0.0066997 0.999858 -0.0154531 -2.47743 -0.92028 0.0122106 0.39107 112.54 
0.339397 0.0165323 0.940498 0.0611697 0.00270906 0.999824 -0.0185528 -2.49271 -0.94064 0.00884462 0.339292 112.655 
0.288237 0.0217097 0.957313 0.451648 0.00218641 0.999725 -0.0233298 -2.50269 -0.957557 0.00881758 0.28811 112.756 
0.241203 0.0237762 0.970183 0.843858 0.0033831 0.999673 -0.0253399 -2.517 -0.970469 0.00939428 0.241043 112.828 
0.199683 0.0233295 0.979583 1.25438 0.0104511 0.999609 -0.0259368 -2.53187 -0.979805 0.0154168 0.199361 112.88 
0.164267 0.0231966 0.986143 1.68668 0.0172289 0.999504 -0.0263808 -2.55165 -0.986265 0.0213236 0.163786 112.922 
0.133918 0.0244151 0.990692 2.13276 0.0216287 0.999386 -0.027553 -2.56062 -0.990756 0.0251172 0.133307 112.962 
0.105499 0.0229918 0.994154 2.61047 0.0197812 0.999486 -0.0252142 -2.57394 -0.994223 0.0223257 0.10499 113.013 
0.0798939 0.0195366 0.996612 3.09386 0.0130827 0.999701 -0.0206459 -2.58976 -0.996718 0.0146879 0.0796145 113.055 
0.0560651 0.0156116 0.998305 3.60087 0.0082225 0.999837 -0.0160973 -2.60477 -0.998393 0.00911106 0.0559276 113.086 
0.0333442 0.0131164 0.999358 4.11773 0.0122844 0.999833 -0.0135325 -2.62211 -0.999368 0.0127277 0.0331775 113.093 
0.0129031 0.013867 0.999821 4.66554 0.0199029 0.999702 -0.0141221 -2.63708 -0.999719 0.0200816 0.0126232 113.093 
-0.0042998 0.0161988 0.99986 5.21969 0.0249525 0.999559 -0.0160865 -2.65314 -0.999679 0.0248798 -0.0047021 113.078 
-0.0187422 0.021803 0.999587 5.79205 0.0253539 0.999451 -0.0213246 -2.66255 -0.999503 0.0249437 -0.0192847 113.07 
-0.0295735 0.0264758 0.999212 6.39684 0.0225696 0.999412 -0.0258131 -2.67401 -0.999308 0.0217884 -0.0301537 113.063 
-0.0360665 0.0262797 0.999004 7.02167 0.0252661 0.999359 -0.0253769 -2.68749 -0.99903 0.0243256 -0.0367073 113.049 
-0.0386823 0.0228919 0.998989 7.66548 0.0312801 0.999275 -0.0216872 -2.71189 -0.998762 0.0304095 -0.0393703 113.022 
-0.0382691 0.0213202 0.99904 8.32124 0.0329304 0.999256 -0.0200634 -2.72943 -0.998725 0.032131 -0.0389427 113.006 
-0.0363308 0.0209594 0.99912 9.00427 0.031425 0.99931 -0.0198207 -2.75086 -0.998846 0.0306772 -0.0369643 112.997 
-0.0349386 0.0212605 0.999163 9.70112 0.0277987 0.999408 -0.0202936 -2.77209 -0.999003 0.0270665 -0.0355089 112.994 
-0.0337694 0.022396 0.999179 10.4157 0.0271082 0.999402 -0.0214848 -2.79125 -0.999062 0.0263604 -0.0343563 112.986 
-0.0327324 0.0232007 0.999195 11.1437 0.0267822 0.999392 -0.0223279 -2.81427 -0.999105 0.0260298 -0.0333339 112.972 
-0.03195 0.0228054 0.999229 11.8968 0.0266867 0.999403 -0.021956 -2.83638 -0.999133 0.0259646 -0.0325396 112.966 
-0.0310358 0.0213899 0.999289 12.6549 0.0258437 0.999454 -0.0205907 -2.8646 -0.999184 0.0251863 -0.0315717 112.95 
-0.0305622 0.0200516 0.999332 13.4276 0.0264857 0.999464 -0.0192442 -2.88788 -0.999182 0.0258799 -0.0310769 112.939 
-0.0310084 0.0177324 0.999362 14.2148 0.0272074 0.999487 -0.0168904 -2.91315 -0.999149 0.0266663 -0.031475 112.925 
-0.0321999 0.0161054 0.999352 15.0113 0.0244084 0.999585 -0.0153227 -2.93651 -0.999183 0.0238992 -0.0325797 112.917 
-0.033285 0.0150397 0.999333 15.8149 0.0236021 0.99962 -0.0142579 -2.95713 -0.999167 0.0231117 -0.0336273 112.903 
-0.0343946 0.0125828 0.999329 16.63 0.0260958 0.999591 -0.0116879 -2.9773 -0.999068 0.0256763 -0.0347089 112.884 
-0.0355808 0.0109066 0.999307 17.4477 0.0274492 0.999574 -0.00993212 -2.99811 -0.99899 0.0270768 -0.035865 112.864 
-0.0375462 0.00995106 0.999245 18.2757 0.024716 0.999654 -0.00902639 -3.02452 -0.998989 0.0243585 -0.0377792 112.854 
-0.038518 0.0147481 0.999149 19.1051 0.0220015 0.999661 -0.0139074 -3.04276 -0.999016 0.0214471 -0.0388294 112.842 
-0.0394487 0.0194745 0.999032 19.9312 0.0231628 0.999559 -0.0185701 -3.0633 -0.998953 0.0224078 -0.0398824 112.825 
-0.0405206 0.0211302 0.998955 20.7752 0.0233319 0.999524 -0.0201958 -3.0883 -0.998906 0.0224892 -0.0409943 112.805 
-0.0421451 0.0188361 0.998934 21.6381 0.0195001 0.999647 -0.0180268 -3.11703 -0.998921 0.0187196 -0.0424976 112.794 
-0.0429714 0.0147236 0.998968 22.4832 0.0169966 0.999758 -0.014004 -3.14341 -0.998932 0.0163773 -0.0432113 112.775 
-0.0430645 0.00935564 0.999029 23.3402 0.0157526 0.999838 -0.00868414 -3.17053 -0.998948 0.0153633 -0.0432049 112.751 
-0.0432446 0.00372191 0.999058 24.1991 0.0121927 0.999921 -0.00319732 -3.19036 -0.99899 0.0120429 -0.0432865 112.731 
-0.0430901 0.00247136 0.999068 25.0443 0.00961645 0.999952 -0.00205874 -3.21322 -0.999025 0.00951877 -0.0431117 112.714 
-0.0420949 0.00900771 0.999073 25.8828 0.0126476 0.999884 -0.00848209 -3.24226 -0.999034 0.0122788 -0.042204 112.691 
-0.0411971 0.0201303 0.998948 26.717 0.014627 0.999702 -0.0195423 -3.26514 -0.999044 0.0138065 -0.0414793 112.671 
-0.0402694 0.0253226 0.998868 27.5484 0.0169409 0.999552 -0.0246569 -3.28825 -0.999045 0.0159288 -0.0406804 112.645 
-0.0389072 0.0197301 0.999048 28.3938 0.018443 0.999649 -0.0190237 -3.31974 -0.999073 0.0176853 -0.0392574 112.628 
-0.0378275 0.0117211 0.999216 29.2334 0.0216506 0.999706 -0.0109071 -3.35037 -0.99905 0.021221 -0.0380701 112.607 
-0.0372636 0.008705 0.999268 30.0752 0.0230095 0.999704 -0.00785072 -3.3782 -0.999041 0.0227001 -0.0374529 112.585 
-0.0372682 0.00944546 0.999261 30.8968 0.0221358 0.999718 -0.00862417 -3.39991 -0.99906 0.021798 -0.0374668 112.57 
-0.0381707 0.0103851 0.999217 31.7143 0.0192591 0.999768 -0.0096551 -3.42286 -0.999086 0.0188755 -0.0383619 112.562 
-0.0400595 0.0105055 0.999142 32.53 0.0175417 0.999798 -0.00980907 -3.44751 -0.999043 0.0171337 -0.0402357 112.545 
-0.042083 0.0104902 0.999059 33.3479 0.0171751 0.999805 -0.00977457 -3.47055 -0.998967 0.0167476 -0.042255 112.526 
-0.0444664 0.0106258 0.998954 34.1622 0.0159066 0.999824 -0.00992696 -3.49667 -0.998884 0.0154486 -0.0446276 112.513 
-0.0465077 0.0109267 0.998858 34.9735 0.0143888 0.999844 -0.0102675 -3.52011 -0.998814 0.0138949 -0.0466577 112.492 
-0.0485489 0.00993221 0.998771 35.7745 0.0126626 0.999876 -0.00932765 -3.5464 -0.998741 0.0121942 -0.0486686 112.47 
-0.0506484 0.00873493 0.998678 36.5737 0.0132616 0.99988 -0.00807282 -3.57049 -0.998629 0.0128352 -0.0507581 112.447 
-0.0523405 0.00878755 0.998591 37.3594 0.0131067 0.999881 -0.00811189 -3.59488 -0.998543 0.0126636 -0.0524495 112.419 
-0.0541778 0.0096689 0.998485 38.1468 0.01293 0.999876 -0.00898075 -3.61657 -0.998448 0.0124238 -0.0542961 112.393 
-0.0550671 0.00984741 0.998434 38.9321 0.0134226 0.999868 -0.00912121 -3.63976 -0.998392 0.0128993 -0.055192 112.363 
-0.0561637 0.00865864 0.998384 39.7179 0.0152156 0.999854 -0.0078154 -3.66089 -0.998306 0.014752 -0.0562872 112.329 
-0.0578373 0.00807996 0.998293 40.4993 0.0154405 0.999855 -0.00719799 -3.68026 -0.998207 0.0149979 -0.0579536 112.302 
-0.0590422 0.0076157 0.998226 41.2677 0.0142002 0.999876 -0.00678834 -3.7021 -0.998155 0.0137742 -0.059143 112.273 
-0.0601868 0.00680951 0.998164 42.0227 0.0127038 0.999901 -0.00605531 -3.72169 -0.998106 0.012316 -0.0602673 112.245 
-0.0609128 0.00576745 0.998126 42.766 0.0116337 0.99992 -0.00506779 -3.73823 -0.998075 0.0113033 -0.060975 112.214 
-0.0614866 0.00552422 0.998093 43.4912 0.0119271 0.999917 -0.00479952 -3.75904 -0.998037 0.0116093 -0.0615474 112.181 
-0.0616792 0.0079698 0.998064 44.1979 0.0120654 0.999901 -0.0072388 -3.78152 -0.998023 0.0115955 -0.0617692 112.152 
-0.0614791 0.010668 0.998051 44.9025 0.0120689 0.999878 -0.00994406 -3.80228 -0.998035 0.0114341 -0.0616003 112.119 
-0.0613952 0.0123118 0.998038 45.6072 0.0103297 0.999878 -0.011699 -3.82282 -0.99806 0.00959113 -0.0615149 112.089 
-0.0613465 0.0132607 0.998028 46.3064 0.011097 0.999859 -0.0126029 -3.84331 -0.998055 0.0103019 -0.061485 112.057 
-0.0611603 0.0132039 0.998041 47.0046 0.0126916 0.999842 -0.0124499 -3.8637 -0.998047 0.0119053 -0.0613182 112.023 
-0.0613455 0.0124347 0.998039 47.6985 0.0133811 0.999843 -0.0116347 -3.88823 -0.998027 0.0126411 -0.0615023 111.991 
-0.0617458 0.0126971 0.998011 48.387 0.00952753 0.999881 -0.0121314 -3.90572 -0.998046 0.00875952 -0.0618594 111.97 
-0.0614342 0.0128931 0.998028 49.0771 0.00701906 0.999897 -0.0124852 -3.92955 -0.998086 0.0062382 -0.0615184 111.947 
-0.0612181 0.0116789 0.998056 49.7652 0.00935701 0.999894 -0.0111264 -3.94757 -0.998081 0.00865768 -0.0613209 111.915 
-0.0622332 0.011154 0.997999 50.4453 0.00971604 0.999897 -0.0105693 -3.96398 -0.998014 0.00903884 -0.0623352 111.886 
-0.0656969 0.0105724 0.997784 51.1182 0.00661157 0.999927 -0.0101598 -3.98746 -0.997818 0.00592945 -0.065762 111.858 
-0.070698 0.00992286 0.997448 51.7906 0.0022639 0.99995 -0.00978723 -4.01302 -0.997495 0.00156618 -0.0707169 111.825 
-0.0763775 0.0138192 0.996983 52.4649 0.00615855 0.999891 -0.0133877 -4.03041 -0.99706 0.00511745 -0.0764543 111.778 
-0.0827267 0.0167261 0.996432 53.131 0.00887616 0.999832 -0.0160462 -4.05199 -0.996533 0.00751704 -0.0828612 111.725 
-0.0901583 0.0182555 0.99576 53.8054 0.00783539 0.999814 -0.0176204 -4.07316 -0.995897 0.00621354 -0.0902846 111.677 
-0.0962569 0.0173655 0.995205 54.4863 0.00416541 0.999846 -0.0170436 -4.0944 -0.995348 0.00250487 -0.0963144 111.626 
-0.101495 0.0162253 0.994704 55.1756 0.00368494 0.999866 -0.0159335 -4.11601 -0.994829 0.00204825 -0.101541 111.567 
-0.10585 0.0168995 0.994239 55.8676 0.00156628 0.999857 -0.0168282 -4.13518 -0.994381 -0.000224016 -0.105861 111.503 
-0.110045 0.0162147 0.993794 56.5715 -0.000604749 0.999866 -0.0163807 -4.15425 -0.993927 -0.00240361 -0.11002 111.446 
-0.112426 0.0131064 0.993574 57.28 8.56301e-05 0.999913 -0.0131803 -4.17234 -0.99366 -0.00139673 -0.112417 111.376 
-0.114136 0.0101799 0.993413 57.9912 0.00235796 0.999948 -0.00997595 -4.1898 -0.993462 0.00120381 -0.114154 111.304 
-0.115366 0.00729114 0.993296 58.7118 0.00214469 0.999973 -0.00709101 -4.20999 -0.993321 0.00131225 -0.115378 111.232 
-0.116611 0.00723135 0.993151 59.4368 0.00140318 0.999974 -0.00711623 -4.22539 -0.993177 0.000563736 -0.116618 111.162 
-0.116874 0.0110674 0.993085 60.1736 0.00329096 0.999937 -0.0107564 -4.24072 -0.993141 0.00201106 -0.116903 111.086 
-0.116849 0.0149578 0.993037 60.9148 0.00930019 0.999859 -0.0139662 -4.26225 -0.993106 0.00760349 -0.116972 111.003 
-0.117292 0.0197027 0.992902 61.6614 0.016569 0.999703 -0.0178803 -4.28439 -0.992959 0.0143541 -0.117584 110.914 
-0.117964 0.0207421 0.992801 62.4112 0.0172058 0.999674 -0.0188413 -4.30534 -0.992869 0.0148593 -0.118282 110.839 
-0.118296 0.0184443 0.992807 63.1668 0.0151651 0.999744 -0.0167662 -4.32994 -0.992863 0.0130727 -0.118545 110.768 
-0.118064 0.0135232 0.992914 63.9198 0.0153011 0.999813 -0.0117978 -4.35347 -0.992888 0.0137998 -0.118249 110.691 
-0.11773 0.0113067 0.992981 64.6729 0.0172556 0.999808 -0.00933854 -4.37694 -0.992896 0.0160351 -0.117902 110.607 
-0.118569 0.01084 0.992887 65.4211 0.0174359 0.999809 -0.00883336 -4.39976 -0.992793 0.0162645 -0.118736 110.529 
-0.120232 0.0118769 0.992675 66.1653 0.016147 0.99982 -0.0100066 -4.42028 -0.992615 0.0148256 -0.120402 110.455 
-0.122287 0.0123289 0.992418 66.9068 0.0152143 0.999829 -0.0105462 -4.44265 -0.992378 0.0138092 -0.122454 110.377 
-0.124355 0.0125303 0.992159 67.648 0.016562 0.999807 -0.010551 -4.46469 -0.9921 0.0151201 -0.124538 110.294 
-0.126006 0.012713 0.991948 68.3887 0.0171943 0.999796 -0.0106293 -4.48612 -0.991881 0.0157165 -0.126198 110.209 
-0.127784 0.0124634 0.991724 69.1412 0.0170979 0.9998 -0.0103618 -4.50509 -0.991655 0.0156324 -0.127971 110.124 
-0.129515 0.0127232 0.991496 69.895 0.0148463 0.999831 -0.0108908 -4.5253 -0.991466 0.0133095 -0.129682 110.044 
-0.130415 0.0141118 0.991359 70.6507 0.0152208 0.999809 -0.0122298 -4.55149 -0.991343 0.0134944 -0.130604 109.958 
-0.131433 0.0145713 0.991218 71.4183 0.0141752 0.999817 -0.0128181 -4.57045 -0.991224 0.0123659 -0.131616 109.876 
-0.132842 0.0150492 0.991023 72.1973 0.0142316 0.999811 -0.0132749 -4.5866 -0.991035 0.0123404 -0.133031 109.794 
-0.133967 0.0135108 0.990894 72.9831 0.0146294 0.999825 -0.0116547 -4.60571 -0.990878 0.0129348 -0.134142 109.708 
-0.134938 0.0111368 0.990792 73.7617 0.0121648 0.99988 -0.00958221 -4.62548 -0.990779 0.0107598 -0.135057 109.619 
-0.136899 0.00935137 0.990541 74.5588 0.00940731 0.999923 -0.00813976 -4.64057 -0.99054 0.008204 -0.136976 109.534 
-0.138977 0.00881087 0.990257 75.351 0.0108851 0.999914 -0.00736909 -4.6593 -0.990236 0.00975493 -0.139061 109.437 
-0.140786 0.00933157 0.989996 76.1522 0.0121388 0.999897 -0.00769861 -4.68019 -0.989966 0.0109335 -0.140885 109.337 
-0.142824 0.0106372 0.989691 76.9513 0.0114481 0.999893 -0.00909475 -4.69759 -0.989682 0.0100311 -0.14293 109.235 
-0.144475 0.0143052 0.989405 77.7574 0.0131944 0.999834 -0.0125293 -4.7165 -0.989421 0.0112444 -0.144639 109.134 
-0.144964 0.0183128 0.989267 78.5711 0.0151733 0.999752 -0.0162834 -4.73884 -0.989321 0.01265 -0.145206 109.028 
-0.145924 0.0221962 0.989047 79.3896 0.0163152 0.999666 -0.0200274 -4.76502 -0.989161 0.013214 -0.146237 108.92 
-0.145802 0.0233116 0.989039 80.2232 0.0183191 0.999615 -0.0208603 -4.79108 -0.989144 0.0150769 -0.146173 108.814 
-0.145275 0.0226127 0.989133 81.0575 0.0221207 0.999563 -0.0196022 -4.82192 -0.989144 0.0190326 -0.145712 108.701 
-0.145295 0.0208604 0.989168 81.9041 0.0227673 0.999584 -0.0177358 -4.84848 -0.989126 0.0199438 -0.14571 108.595 
-0.14469 0.019273 0.989289 82.7521 0.0222156 0.999622 -0.0162251 -4.8763 -0.989228 0.0196301 -0.145063 108.494 
-0.142975 0.0166946 0.989586 83.6029 0.0211519 0.999681 -0.0138088 -4.90423 -0.9895 0.0189573 -0.143283 108.391 
-0.141312 0.0135142 0.989873 84.4619 0.0217438 0.999708 -0.0105444 -4.92878 -0.989726 0.0200336 -0.141564 108.287 
-0.139718 0.0102629 0.990138 85.3196 0.02235 0.999724 -0.00720843 -4.95056 -0.989939 0.0211225 -0.139909 108.182 
-0.138139 0.0100578 0.990362 86.1831 0.0203797 0.999766 -0.00731065 -4.97393 -0.990203 0.0191733 -0.138312 108.083 
-0.136703 0.0139969 0.990513 87.0332 0.0219297 0.999698 -0.0111001 -5.00282 -0.990369 0.0202042 -0.136969 107.98 
-0.134702 0.0204549 0.990675 87.8957 0.0230086 0.999582 -0.0175103 -5.0232 -0.990619 0.0204354 -0.135116 107.878 
-0.133402 0.0238303 0.990775 88.7559 0.02065 0.999561 -0.0212612 -5.04906 -0.990847 0.0176233 -0.133836 107.784 
-0.131938 0.0214549 0.991026 89.6149 0.0196506 0.999626 -0.0190249 -5.07846 -0.991063 0.0169642 -0.132311 107.687 
-0.130808 0.0187669 0.99123 90.4848 0.0200072 0.999667 -0.0162864 -5.1102 -0.991206 0.0177013 -0.13114 107.59 
-0.130351 0.0172298 0.991318 91.3621 0.0206034 0.99968 -0.014666 -5.13457 -0.991254 0.0185128 -0.130664 107.495 
-0.129315 0.0169637 0.991459 92.2324 0.0200957 0.999693 -0.0144835 -5.1627 -0.9914 0.0180511 -0.129616 107.396 
-0.128797 0.0167868 0.991529 93.1013 0.019576 0.999705 -0.0143823 -5.19496 -0.991478 0.0175578 -0.129088 107.299 
-0.127955 0.0149322 0.991668 93.969 0.0221161 0.999681 -0.0121992 -5.22302 -0.991533 0.0203708 -0.128244 107.2 
-0.126518 0.0141811 0.991863 94.8331 0.0250755 0.999624 -0.0110935 -5.25256 -0.991647 0.0234679 -0.126826 107.093 
-0.125725 0.0152862 0.991947 95.7015 0.0270995 0.999561 -0.0119687 -5.28079 -0.991695 0.0253765 -0.126084 106.994 
-0.124373 0.0175257 0.992081 96.5743 0.0280254 0.999507 -0.0141434 -5.30634 -0.99184 0.0260444 -0.124803 106.89 
-0.123175 0.0190202 0.992203 97.4463 0.0253266 0.999551 -0.0160169 -5.33309 -0.992062 0.0231562 -0.123601 106.792 
-0.122427 0.014747 0.992368 98.3117 0.0202027 0.999719 -0.0123638 -5.36012 -0.992272 0.0185349 -0.122691 106.705 
-0.122342 0.0127578 0.992406 99.1716 0.0156688 0.999818 -0.0109214 -5.38818 -0.992364 0.0142136 -0.122519 106.62 
-0.123287 0.0132119 0.992283 100.022 0.0123321 0.999855 -0.0117804 -5.41539 -0.992294 0.0107846 -0.123432 106.532 
-0.124211 0.0177728 0.992097 100.872 0.00942521 0.999816 -0.016731 -5.44294 -0.992211 0.00727254 -0.124355 106.443 
-0.124735 0.020263 0.991983 101.715 0.00894411 0.999774 -0.0192974 -5.47181 -0.99215 0.00646534 -0.124888 106.349 
-0.125129 0.0206795 0.991925 102.551 0.00954781 0.999762 -0.0196384 -5.50222 -0.992095 0.00701339 -0.125296 106.257 
-0.125313 0.0199033 0.991918 103.38 0.0111181 0.999764 -0.0186561 -5.53847 -0.992055 0.00869035 -0.125505 106.163 
-0.12585 0.0206187 0.991835 104.204 0.0124981 0.999738 -0.0191971 -5.57041 -0.991971 0.00998011 -0.126074 106.071 
-0.126157 0.0237833 0.991725 105.025 0.013899 0.999657 -0.0222054 -5.60261 -0.991913 0.0109826 -0.126444 105.979 
-0.126567 0.0251549 0.991639 105.838 0.0135129 0.999629 -0.0236328 -5.63617 -0.991866 0.0104088 -0.12686 105.888 
-0.127564 0.0253542 0.991506 106.644 0.0118592 0.999641 -0.0240364 -5.6703 -0.991759 0.00869234 -0.127819 105.798 
-0.129848 0.0243802 0.991234 107.454 0.0102152 0.999678 -0.0232497 -5.70201 -0.991481 0.00710671 -0.130055 105.711 
-0.132733 0.0256033 0.990821 108.257 0.0101744 0.999649 -0.0244684 -5.73651 -0.9911 0.00683323 -0.132947 105.617 
-0.136139 0.0281878 0.990289 109.051 0.00972197 0.999585 -0.0271158 -5.77131 -0.990642 0.00593604 -0.136356 105.527 
-0.139453 0.0296921 0.989784 109.842 0.00826628 0.99955 -0.0288204 -5.80387 -0.990194 0.00416273 -0.139635 105.434 
-0.142634 0.0297078 0.98933 110.625 0.00868332 0.999549 -0.0287627 -5.83936 -0.989737 0.00448813 -0.142828 105.335 
-0.145582 0.0282417 0.988943 111.412 0.00998013 0.999584 -0.0270763 -5.87754 -0.989296 0.00592797 -0.145803 105.234 
-0.148049 0.0290416 0.988554 112.191 0.0113578 0.999553 -0.0276637 -5.91511 -0.988915 0.00713215 -0.148313 105.129 
-0.149814 0.0334747 0.988147 112.964 0.00673096 0.999438 -0.0328367 -5.95336 -0.988691 0.00173178 -0.149955 105.031 
-0.151415 0.0401863 0.987653 113.729 0.00453907 0.999191 -0.0399599 -5.99768 -0.98846 -0.00156751 -0.151475 104.932 
-0.153924 0.0431619 0.98714 114.495 0.00898515 0.999065 -0.0422823 -6.03421 -0.988042 0.00236131 -0.154168 104.818 
-0.156688 0.0415932 0.986772 115.268 0.0111466 0.999124 -0.0403438 -6.06906 -0.987585 0.00467773 -0.157015 104.705 
-0.159705 0.0336009 0.986593 116.043 0.00944555 0.999427 -0.032509 -6.11584 -0.98712 0.00412705 -0.159931 104.594 
-0.161784 0.031562 0.986321 116.812 0.00852665 0.999496 -0.0305849 -6.15879 -0.986789 0.00346187 -0.161971 104.482 
-0.163244 0.0344075 0.985986 117.572 0.00823212 0.999404 -0.0335128 -6.19788 -0.986551 0.00264598 -0.16343 104.366 
-0.165946 0.0378102 0.98541 118.328 0.00557341 0.999285 -0.037404 -6.23422 -0.986119 -0.000714959 -0.166038 104.255 
-0.168435 0.0403949 0.984885 119.073 0.00500724 0.999182 -0.0401249 -6.27536 -0.9857 -0.00182691 -0.1685 104.141 
-0.169962 0.0444092 0.984449 119.813 0.00907394 0.999012 -0.0434995 -6.3223 -0.985409 0.00153955 -0.170198 104.017 
-0.171668 0.048861 0.983942 120.552 0.00936221 0.998805 -0.0479656 -6.36536 -0.98511 0.000977705 -0.171921 103.897 
-0.17518 0.0512389 0.983202 121.303 0.00845108 0.998686 -0.05054 -6.40857 -0.9845 -0.000544493 -0.175383 103.791 
-0.177446 0.0488761 0.982916 122.049 0.00950192 0.998805 -0.0479507 -6.4534 -0.984085 0.000830928 -0.177698 103.672 
-0.181082 0.0456401 0.982409 122.79 0.0137527 0.998942 -0.0438732 -6.49688 -0.983372 0.00556612 -0.181518 103.537 
-0.186955 0.0441114 0.981378 123.527 0.0158743 0.998997 -0.0418792 -6.543 -0.98224 0.00774914 -0.187468 103.409 
-0.193229 0.0428508 0.980218 124.262 0.0146596 0.99906 -0.0407847 -6.58707 -0.981044 0.00648877 -0.193675 103.28 
-0.20166 0.0431618 0.978504 124.993 0.0136956 0.999055 -0.0412458 -6.6306 -0.97936 0.00508363 -0.20206 103.143 
-0.212188 0.0435762 0.976257 125.72 0.0130588 0.999043 -0.0417549 -6.6735 -0.977142 0.00388882 -0.212553 102.998 
-0.224138 0.0446205 0.973535 126.435 0.0133488 0.998998 -0.0427142 -6.71445 -0.974466 0.00342166 -0.224509 102.842 
-0.236472 0.0454579 0.970574 127.154 0.0143609 0.998959 -0.0432884 -6.75644 -0.971532 0.00370181 -0.236879 102.673 
-0.247973 0.0457105 0.967688 127.859 0.0174265 0.998935 -0.0427209 -6.79511 -0.96861 0.00626978 -0.248505 102.492 
-0.259097 0.0458069 0.964764 128.56 0.0206407 0.998909 -0.0418848 -6.83669 -0.965631 0.00906113 -0.25976 102.308 
-0.268966 0.0458334 0.962059 129.263 0.0246583 0.998867 -0.0406932 -6.87733 -0.962834 0.0127776 -0.269791 102.11 
-0.277898 0.0465296 0.959483 129.958 0.0302048 0.998756 -0.0396858 -6.91747 -0.960136 0.0179524 -0.278957 101.912 
-0.285374 0.0466924 0.957278 130.652 0.0358509 0.998634 -0.0380221 -6.95814 -0.957746 0.0234688 -0.286658 101.705 
-0.291641 0.0467681 0.955384 131.346 0.0360994 0.998631 -0.0378654 -6.99819 -0.955846 0.0234457 -0.29293 101.502 
-0.296225 0.045083 0.954054 132.039 0.0395857 0.998607 -0.0348973 -7.03178 -0.954298 0.0274294 -0.297597 101.29 
-0.298149 0.0422026 0.953586 132.724 0.0454069 0.998518 -0.0299942 -7.0681 -0.953439 0.0343566 -0.299624 101.076 
-0.299008 0.0409602 0.953371 133.404 0.0521923 0.998285 -0.0265207 -7.10194 -0.952822 0.0418288 -0.300633 100.86 
-0.29991 0.0393118 0.953157 134.074 0.0543687 0.998231 -0.0240637 -7.13955 -0.952417 0.044605 -0.301517 100.657 
-0.299508 0.044877 0.953038 134.737 0.0568191 0.997959 -0.0291359 -7.16914 -0.9524 0.0454243 -0.301447 100.455 
-0.298389 0.0481747 0.953228 135.397 0.0568917 0.997847 -0.0326209 -7.20074 -0.952747 0.044497 -0.300488 100.262 
-0.297625 0.0479711 0.953477 136.056 0.05879 0.997762 -0.031848 -7.2329 -0.952871 0.0465761 -0.29978 100.065 
-0.295779 0.0464173 0.954128 136.716 0.0600967 0.997744 -0.0299092 -7.26526 -0.953364 0.0484934 -0.297901 99.8682 
-0.293964 0.0436729 0.954818 137.371 0.0619957 0.997723 -0.0265485 -7.30089 -0.953804 0.0513904 -0.296002 99.6751 
-0.292785 0.0442674 0.955153 138.018 0.0625765 0.997673 -0.0270563 -7.33395 -0.954129 0.0518485 -0.294873 99.4889 
-0.290269 0.046742 0.955803 138.659 0.0638249 0.997528 -0.0293994 -7.36293 -0.954814 0.0524703 -0.292535 99.3031 
-0.285953 0.0483001 0.957026 139.294 0.0653332 0.997388 -0.030816 -7.39525 -0.956014 0.0537136 -0.288362 99.1209 
-0.280614 0.0474736 0.958646 139.929 0.0660618 0.997363 -0.0300533 -7.42569 -0.957545 0.0548965 -0.28301 98.9452 
-0.275191 0.0456618 0.960305 140.56 0.0677996 0.997306 -0.0279921 -7.45921 -0.958996 0.0574051 -0.277545 98.7753 
-0.270425 0.0439211 0.961739 141.187 0.0678395 0.997345 -0.0264718 -7.48936 -0.960348 0.0580853 -0.272687 98.6078 
-0.266556 0.0428721 0.962866 141.816 0.0677746 0.997371 -0.025646 -7.52185 -0.961434 0.0584217 -0.268761 98.452 
-0.262664 0.0415399 0.963993 142.434 0.068765 0.997338 -0.02424 -7.54881 -0.962434 0.059922 -0.264822 98.296 
-0.259005 0.0402707 0.965036 143.053 0.0721443 0.997146 -0.0222479 -7.57286 -0.963178 0.0638596 -0.261171 98.1401 
-0.255107 0.0386007 0.966142 143.659 0.0740064 0.997051 -0.0202944 -7.59735 -0.964077 0.0663234 -0.257211 97.9838 
-0.252077 0.037294 0.966988 144.27 0.0720354 0.997208 -0.0196811 -7.62494 -0.965022 0.0646963 -0.254059 97.8434 
-0.248416 0.0380339 0.967907 144.864 0.0690587 0.997382 -0.021468 -7.65572 -0.966189 0.0615093 -0.250392 97.7054 
-0.243946 0.0416027 0.968896 145.459 0.0705343 0.997195 -0.0250588 -7.68061 -0.96722 0.0622274 -0.246196 97.5694 
-0.238284 0.0449332 0.970156 146.041 0.0724106 0.996971 -0.02839 -7.70581 -0.968492 0.0634846 -0.240816 97.4353 
-0.231735 0.0457607 0.971702 146.628 0.0716088 0.996985 -0.0298739 -7.73431 -0.97014 0.0626596 -0.234313 97.3121 
