1 2.12261e-08 -2.11895e-08 0 2.12261e-08 1 2.10703e-08 0 -2.11895e-08 2.10703e-08 1 0 
0.999998 0.000888817 0.00169067 -0.0189735 -0.000887081 0.999999 -0.00100206 -0.0193894 -0.0016916 0.0010006 0.999998 1.22135 
0.999995 0.00102653 0.00300204 -0.0362497 -0.00102486 0.999999 -0.000544408 -0.0394613 -0.00300264 0.00054137 0.999995 2.43582 
0.999992 0.000225023 0.00392267 -0.0516404 -0.000224157 1 -0.000210389 -0.062572 -0.00392276 0.000209551 0.999992 3.64006 
0.999989 -0.000282832 0.00475838 -0.0693061 0.000282862 1 3.43954e-06 -0.0853636 -0.00475842 -2.0515e-06 0.999989 4.85126 
0.999985 -0.000568973 0.00546416 -0.0817923 0.000568761 1 4.82777e-05 -0.105905 -0.00546423 -4.51272e-05 0.999985 6.05553 
0.999983 0.000228716 0.00587807 -0.0879602 -0.000223761 1 -0.00083636 -0.127324 -0.0058783 0.000835073 0.999982 7.26483 
0.999978 -0.000296588 0.00663142 -0.0974186 0.000306538 0.999999 -0.00149304 -0.142998 -0.00663101 0.00149509 0.999977 8.49503 
0.999979 -0.000787164 0.00645466 -0.100309 0.000786324 1 0.000139216 -0.167995 -0.00645481 -0.000134096 0.999979 9.71118 
0.999985 -0.00140685 0.00528818 -0.116885 0.00140204 0.999999 0.00092075 -0.186345 -0.00528951 -0.00091328 0.999986 10.9195 
0.999993 -0.00245639 0.0028436 -0.131108 0.00245528 0.999997 0.00040954 -0.204665 -0.00284464 -0.000402513 0.999996 12.1274 
0.999998 -0.00210855 0.000683863 -0.150319 0.00210873 0.999998 -0.000205514 -0.223417 -0.000683471 0.000206998 1 13.3319 
0.999998 -0.00195098 -0.000662013 -0.171945 0.00195087 0.999998 -0.000237737 -0.247081 0.000662433 0.000236487 1 14.5413 
0.999999 -0.000626169 -0.00140236 -0.201315 0.000625713 1 -0.000355459 -0.269818 0.00140254 0.000354623 0.999999 15.7522 
0.999997 -0.00125435 -0.00201243 -0.225087 0.00125372 0.999999 -0.00033567 -0.2919 0.00201281 0.000333188 0.999998 16.9684 
0.999995 -0.00196281 -0.00254232 -0.250566 0.00196326 0.999998 0.000156514 -0.31281 0.00254197 -0.000161462 0.999997 18.1935 
0.999992 -0.0025678 -0.00302822 -0.278657 0.00256922 0.999997 0.000452501 -0.335801 0.00302701 -0.000460235 0.999995 19.414 
0.99999 -0.00227529 -0.00386366 -0.298357 0.00227257 0.999997 -0.000719965 -0.349989 0.00386524 0.00071122 0.999992 20.648 
0.999987 -0.00275967 -0.00438742 -0.328463 0.00275249 0.999995 -0.00165185 -0.369809 0.00439192 0.0016398 0.999989 21.859 
0.999985 -0.00180864 -0.00525112 -0.355838 0.00180306 0.999998 -0.00107425 -0.389277 0.00525301 0.00106481 0.999986 23.076 
0.99998 -0.00192964 -0.00597296 -0.385967 0.00192277 0.999998 -0.00116414 -0.414552 0.00597515 0.00115267 0.999982 24.2892 
0.999976 -0.00170871 -0.00670583 -0.419135 0.00169548 0.999997 -0.00198497 -0.433706 0.00670916 0.00197359 0.999976 25.5011 
0.99997 -0.00160939 -0.00763917 -0.4457 0.00159941 0.999998 -0.00131805 -0.456534 0.00764123 0.00130584 0.99997 26.7255 
0.999959 -0.00290076 -0.0085293 -0.468549 0.00290524 0.999996 0.000508123 -0.480991 0.00852774 -0.00053284 0.999964 27.943 
0.999947 -0.00317 -0.00978167 -0.490898 0.00317594 0.999995 0.000587108 -0.498063 0.00977971 -0.0006181 0.999952 29.1707 
0.999934 -0.00409995 -0.0107124 -0.521309 0.00409822 0.999992 -0.000187337 -0.520199 0.0107131 0.000143466 0.999943 30.375 
0.999922 -0.00444492 -0.011655 -0.553466 0.00443065 0.999989 -0.00125357 -0.540391 0.0116604 0.00120187 0.999931 31.5753 
0.999921 -0.00372629 -0.0119919 -0.597715 0.00371464 0.999993 -0.00099664 -0.572431 0.0119955 0.000952058 0.999928 32.7903 
0.99991 -0.00478252 -0.0125478 -0.637427 0.00477563 0.999988 -0.00058202 -0.590574 0.0125504 0.000522087 0.999921 34.0037 
0.999902 -0.00463999 -0.0132049 -0.678133 0.00463713 0.999989 -0.000249896 -0.610153 0.0132059 0.000188681 0.999913 35.2089 
0.999893 -0.00513671 -0.0137353 -0.715425 0.00513242 0.999987 -0.000350857 -0.631083 0.0137368 0.000280367 0.999906 36.4198 
0.999881 -0.00538542 -0.0144462 -0.750991 0.00537935 0.999985 -0.000462078 -0.651554 0.0144485 0.000384354 0.999896 37.6217 
0.999872 -0.00642597 -0.0146496 -0.787726 0.00642681 0.999979 7.45618e-06 -0.670835 0.0146492 -0.000101563 0.999893 38.8355 
0.999873 -0.00621242 -0.0146683 -0.827176 0.00623253 0.99998 0.00132266 -0.692908 0.0146598 -0.00141387 0.999892 40.046 
0.999873 -0.00576765 -0.0148477 -0.859952 0.00580212 0.999981 0.00227655 -0.715247 0.0148342 -0.00236236 0.999887 41.2717 
0.999881 -0.00507294 -0.0145565 -0.905728 0.00509848 0.999986 0.00171491 -0.732885 0.0145476 -0.00178888 0.999893 42.4901 
0.999892 -0.0039304 -0.0141969 -0.943668 0.0039545 0.999991 0.00166703 -0.751352 0.0141902 -0.00172295 0.999898 43.7203 
0.999909 -0.00127288 -0.0134418 -0.987844 0.00132043 0.999993 0.00352603 -0.769846 0.0134371 -0.00354341 0.999903 44.9424 
0.999929 -0.000975945 -0.0119207 -1.02237 0.00105358 0.999978 0.0065046 -0.782279 0.011914 -0.00651665 0.999908 46.1582 
0.999951 -0.00059565 -0.0098407 -1.06417 0.000689061 0.999955 0.00948741 -0.798984 0.00983456 -0.00949369 0.999907 47.3716 
0.999966 -8.119e-05 -0.00826132 -1.09593 0.000185687 0.99992 0.0126439 -0.8029 0.00825959 -0.0126449 0.999886 48.5954 
0.999975 -0.000987998 -0.00695301 -1.12164 0.00108496 0.999902 0.0139492 -0.810435 0.00693851 -0.0139563 0.999879 49.827 
0.999977 -0.00344699 -0.00584347 -1.13867 0.00351963 0.999916 0.0124587 -0.817413 0.00579999 -0.0124789 0.999905 51.0476 
0.999985 -0.00256103 -0.00486904 -1.1649 0.00261288 0.99994 0.0106637 -0.821371 0.0048414 -0.0106762 0.999931 52.2569 
0.999989 -0.00230357 -0.00416364 -1.19075 0.00234576 0.999946 0.0101469 -0.828259 0.00414 -0.0101565 0.99994 53.4628 
0.999988 -0.00254225 -0.00407991 -1.21454 0.00258156 0.99995 0.00964774 -0.836305 0.00405513 -0.00965812 0.999945 54.6825 
0.999983 -0.00345265 -0.00469484 -1.24689 0.0034932 0.999957 0.00864711 -0.847032 0.00466474 -0.00866332 0.999952 55.8962 
0.999976 -0.0033439 -0.0061418 -1.27795 0.00339852 0.999955 0.00889764 -0.855655 0.00611172 -0.00891826 0.999942 57.1165 
0.999966 -0.00334682 -0.00756852 -1.30436 0.00342376 0.999942 0.0101705 -0.866021 0.007534 -0.010196 0.99992 58.3427 
0.999957 -0.00369178 -0.00849717 -1.33918 0.00378228 0.999936 0.0106547 -0.879193 0.00845725 -0.0106864 0.999907 59.5622 
0.999953 -0.00257925 -0.00930289 -1.37255 0.00267499 0.999944 0.010289 -0.887618 0.00927578 -0.0103134 0.999904 60.7774 
0.999951 -0.00212831 -0.00964974 -1.41365 0.0022268 0.999946 0.0102028 -0.896738 0.00962746 -0.0102238 0.999901 61.9952 
0.999947 -0.00283033 -0.00987186 -1.44204 0.00292739 0.999947 0.00982711 -0.907657 0.00984348 -0.00985545 0.999903 63.2198 
0.99994 -0.00394179 -0.010221 -1.47114 0.00403403 0.999951 0.00901569 -0.919934 0.0101849 -0.00905634 0.999907 64.4356 
0.999937 -0.00407366 -0.0104441 -1.50514 0.00418032 0.999939 0.0102067 -0.927076 0.0104018 -0.0102497 0.999893 65.6568 
0.999934 -0.00415524 -0.0107601 -1.54022 0.00428046 0.999923 0.011636 -0.937039 0.0107109 -0.0116812 0.999874 66.8653 
0.999933 -0.0035887 -0.0110012 -1.56912 0.00369963 0.999942 0.0100761 -0.947843 0.0109644 -0.0101161 0.999889 68.0797 
0.999941 -0.00149947 -0.0107251 -1.61107 0.00159358 0.99996 0.00876787 -0.954107 0.0107115 -0.00878441 0.999904 69.2816 
0.999947 0.000920635 -0.0102779 -1.65782 -0.000827602 0.999959 0.00904815 -0.963903 0.0102858 -0.00903912 0.999906 70.488 
0.99995 0.00253916 -0.00968627 -1.70033 -0.00245065 0.999955 0.00913472 -0.974665 0.00970899 -0.00911048 0.999911 71.6982 
0.999946 0.0041728 -0.0094902 -1.73537 -0.00408188 0.999946 0.00957549 -0.983635 0.0095296 -0.00953619 0.999909 72.8982 
0.999956 0.00459022 -0.00818783 -1.77292 -0.00450402 0.999935 0.0105104 -0.994189 0.0082355 -0.010473 0.999911 74.0885 
0.999963 0.00651148 -0.00559162 -1.81228 -0.00644825 0.999916 0.0112443 -1.00332 0.00566432 -0.0112078 0.999921 75.2801 
0.999983 0.0050794 -0.00273511 -1.83986 -0.00505417 0.999946 0.00913766 -1.01568 0.00278134 -0.00912364 0.999955 76.4719 
0.999998 0.00223906 0.000260307 -1.86071 -0.00224006 0.999989 0.00407865 -1.02743 -0.000251215 -0.00407918 0.999992 77.6593 
0.999991 0.00315317 0.00285783 -1.88496 -0.0031638 0.999988 0.00374008 -1.04126 -0.00284604 -0.00374904 0.999989 78.8303 
0.999982 0.00161893 0.00572109 -1.89975 -0.00166166 0.999971 0.00748042 -1.06109 -0.00570885 -0.00748975 0.999956 80.0079 
0.999955 0.00237029 0.0092039 -1.91326 -0.00245116 0.999958 0.00878981 -1.07424 -0.00918273 -0.00881193 0.999919 81.1804 
0.999902 0.00247746 0.013778 -1.92021 -0.00257461 0.999972 0.00704122 -1.08668 -0.0137602 -0.00707596 0.99988 82.3506 
0.999848 0.00146636 0.017368 -1.92171 -0.00153788 0.99999 0.00410744 -1.1031 -0.0173618 -0.00413349 0.999841 83.5066 
0.999781 2.50043e-05 0.0209266 -1.92027 -4.43583e-05 1 0.000926435 -1.12541 -0.0209267 -0.000927119 0.999781 84.674 
0.999699 -0.000628852 0.0245256 -1.91705 0.000628897 1 7.64331e-06 -1.14583 -0.0245257 7.82471e-06 0.999699 85.8535 
0.999595 -0.000986765 0.0284359 -1.90439 0.00093297 0.999998 0.0019065 -1.16801 -0.0284378 -0.00187916 0.999594 87.0324 
0.999469 0.00052058 0.0325919 -1.89691 -0.000592014 0.999997 0.0021835 -1.18075 -0.0325908 -0.00220159 0.999466 88.2136 
0.999318 0.000122187 0.036914 -1.88673 -0.000128995 1 0.000183231 -1.20383 -0.036914 -0.000187826 0.999318 89.3806 
0.999186 -7.46247e-05 0.0403315 -1.86072 0.000156285 0.999998 -0.00202051 -1.2262 -0.0403313 0.00202521 0.999184 90.5419 
0.999053 2.59635e-05 0.0435213 -1.83217 7.12778e-05 0.999998 -0.00223179 -1.24981 -0.0435213 0.00223282 0.99905 91.7032 
0.998939 -0.00151156 0.0460355 -1.787 0.00156018 0.999998 -0.00101936 -1.26767 -0.0460339 0.00109014 0.998939 92.8585 
0.998793 -0.00204384 0.0490696 -1.77173 0.00202101 0.999998 0.000515579 -1.28962 -0.0490706 -0.000415746 0.998795 94.017 
0.998653 -0.00284508 0.0518048 -1.73504 0.00273007 0.999994 0.00229165 -1.30985 -0.0518111 -0.00214709 0.998655 95.1794 
0.998508 -0.00442611 0.0544222 -1.69669 0.0042548 0.999986 0.00326421 -1.32475 -0.0544359 -0.00302775 0.998513 96.3563 
0.998382 -0.00553672 0.0565875 -1.62952 0.00549326 0.999985 0.000924255 -1.33838 -0.0565918 -0.000611868 0.998397 97.5594 
0.998249 -0.00712844 0.058723 -1.57625 0.00729376 0.99997 -0.00260069 -1.35902 -0.0587028 0.00302449 0.998271 98.7263 
0.998129 -0.00631081 0.0608233 -1.53241 0.00666304 0.999962 -0.00558927 -1.37669 -0.0607857 0.00598412 0.998133 99.9086 
0.998037 -0.00625778 0.0623063 -1.47556 0.00667372 0.999957 -0.00646917 -1.39984 -0.0622632 0.00687233 0.998036 101.097 
0.998012 -0.00607279 0.0627351 -1.42383 0.00645622 0.999962 -0.00591025 -1.42587 -0.0626969 0.00630357 0.998013 102.305 
0.998037 -0.00620979 0.0623167 -1.37027 0.00647864 0.999971 -0.00411236 -1.45042 -0.0622894 0.00450805 0.998048 103.494 
0.998119 -0.00673708 0.0609303 -1.31564 0.00691356 0.999973 -0.00268537 -1.47047 -0.0609106 0.0031016 0.998138 104.708 
0.998236 -0.00636368 0.0590264 -1.26448 0.00648988 0.999977 -0.00194569 -1.48911 -0.0590127 0.00232537 0.998255 105.927 
0.998369 -0.00605242 0.0567658 -1.22311 0.00614782 0.99998 -0.00150529 -1.50897 -0.0567556 0.00185186 0.998386 107.152 
0.998533 -0.00534158 0.0538842 -1.18107 0.00543633 0.999984 -0.00161123 -1.53021 -0.0538747 0.00190184 0.998546 108.375 
0.99871 -0.00421318 0.0505937 -1.17481 0.00432475 0.999988 -0.00209513 -1.55268 -0.0505843 0.00231127 0.998717 109.643 
0.998895 -0.00382692 0.04684 -1.14353 0.00391393 0.999991 -0.00176514 -1.57265 -0.0468328 0.00194656 0.998901 110.876 
0.999075 -0.00336166 0.0428813 -1.11472 0.00339852 0.999994 -0.000785739 -1.59567 -0.0428784 0.000930786 0.99908 112.116 
0.999246 -0.00297283 0.0387114 -1.09953 0.00297515 0.999996 -1.00861e-06 -1.61618 -0.0387112 0.000116221 0.99925 113.368 
0.999401 -0.00297765 0.0344701 -1.08163 0.00296064 0.999996 0.000545786 -1.63499 -0.0344717 -0.000443364 0.999406 114.609 
0.999545 -0.00229393 0.0300738 -1.08638 0.00227642 0.999997 0.000617835 -1.65672 -0.0300752 -0.000549052 0.999548 115.88 
0.999678 -0.00146475 0.0253317 -1.08162 0.00145407 0.999999 0.000441548 -1.67488 -0.0253323 -0.00040453 0.999679 117.111 
0.999787 -0.000855392 0.020617 -1.08473 0.000852469 1 0.000152639 -1.69513 -0.0206172 -0.00013499 0.999787 118.336 
0.999872 0.000186912 0.0160059 -1.08471 -0.000181807 1 -0.000317707 -1.71787 -0.016006 0.000314798 0.999872 119.579 
0.999914 0.00243301 0.0128933 -1.10221 -0.00242724 0.999997 -0.000459444 -1.74245 -0.0128944 0.000428151 0.999917 120.811 
0.999929 0.00444689 0.0110994 -1.12983 -0.00444462 0.99999 -0.000225634 -1.76738 -0.0111003 0.000176327 0.999938 122.031 
0.999931 0.00579861 0.0102049 -1.14296 -0.00579156 0.999983 -0.000715687 -1.78135 -0.0102089 0.000656577 0.999948 123.288 
0.999926 0.00779022 0.00935627 -1.16944 -0.00778458 0.99997 -0.000635221 -1.79916 -0.00936097 0.000562381 0.999956 124.56 
0.999923 0.00916019 0.00837482 -1.18031 -0.00916168 0.999958 0.000144586 -1.81884 -0.00837318 -0.00022126 0.999965 125.811 
0.999931 0.0087506 0.00784666 -1.19476 -0.00875659 0.999961 0.000734035 -1.84354 -0.00783998 -0.000802652 0.999969 127.068 
0.999903 0.0122561 0.0066394 -1.20799 -0.0122728 0.999922 0.0024928 -1.85719 -0.00660837 -0.002574 0.999975 128.313 
0.999893 0.0132913 0.00612819 -1.23188 -0.013325 0.999896 0.0055057 -1.87012 -0.00605442 -0.00558672 0.999966 129.585 
0.999912 0.0120889 0.00554341 -1.25071 -0.0121167 0.999914 0.00501531 -1.87986 -0.00548235 -0.00508199 0.999972 130.862 
0.99991 0.0123669 0.00517166 -1.27485 -0.0123853 0.999917 0.00355114 -1.89036 -0.00512736 -0.00361483 0.99998 132.145 
0.999942 0.00974869 0.00449996 -1.29555 -0.00976947 0.999942 0.00462783 -1.90585 -0.00445462 -0.00467148 0.999979 133.429 
0.999968 0.00741476 0.00315675 -1.30682 -0.00743572 0.99995 0.00669417 -1.92475 -0.003107 -0.00671738 0.999973 134.721 
0.999987 0.00407126 0.0030596 -1.32806 -0.00409717 0.999955 0.00852636 -1.93532 -0.00302479 -0.00853874 0.999959 136.011 
0.999994 0.00174515 0.00285189 -1.35569 -0.00177273 0.999951 0.00970979 -1.95043 -0.00283485 -0.00971475 0.999949 137.315 
0.999994 -0.00225043 0.00272406 -1.36311 0.00222893 0.999966 0.00788266 -1.9598 -0.00274175 -0.0078765 0.999965 138.592 
0.999985 -0.00476493 0.00288223 -1.38085 0.00474514 0.999965 0.00684949 -1.96955 -0.00291481 -0.00683566 0.999972 139.865 
0.999976 -0.00623284 0.0029984 -1.39544 0.00621286 0.999959 0.00663877 -1.98262 -0.00303969 -0.00661994 0.999974 141.144 
0.999975 -0.00610563 0.00357849 -1.41202 0.00608083 0.999958 0.00691384 -1.99241 -0.0036206 -0.00689186 0.99997 142.435 
0.999976 -0.00557486 0.00403427 -1.42971 0.00553908 0.999946 0.00883553 -2.00386 -0.00408335 -0.00881293 0.999953 143.723 
0.999984 -0.00322057 0.00473121 -1.44987 0.00317164 0.999942 0.010322 -2.01496 -0.00476422 -0.0103068 0.999936 145.01 
0.999978 -0.00343726 0.00559273 -1.47491 0.00338849 0.999956 0.00871401 -2.02896 -0.00562248 -0.00869483 0.999946 146.297 
0.999979 -0.00257754 0.00599244 -1.48407 0.00253792 0.999975 0.00661723 -2.03421 -0.00600939 -0.00660184 0.99996 147.602 
0.999974 -0.00256669 0.00668436 -1.49964 0.00253846 0.999988 0.00423528 -2.05119 -0.00669519 -0.00421816 0.999969 148.889 
0.999968 -0.00397632 0.00690908 -1.5144 0.00397461 0.999992 0.000267792 -2.07319 -0.00691013 -0.000240281 0.999976 150.194 
0.999966 -0.00399829 0.00719242 -1.52125 0.00402194 0.999987 -0.0032717 -2.09611 -0.00717929 0.00330056 0.999969 151.502 
0.999964 -0.00390858 0.00753209 -1.53877 0.00394049 0.999983 -0.00422052 -2.1204 -0.00751551 0.00425009 0.999963 152.797 
0.999963 -0.00394463 0.00764947 -1.55426 0.00397508 0.999984 -0.00396429 -2.15053 -0.00763375 0.00399459 0.999963 154.086 
0.999966 -0.00319796 0.007621 -1.56946 0.00322607 0.999988 -0.00367362 -2.17287 -0.00760921 0.00369812 0.999964 155.39 
0.99997 -0.00248197 0.00739377 -1.58263 0.00250201 0.999993 -0.00269638 -2.19898 -0.00738707 0.00271484 0.999969 156.665 
0.999973 -0.00221931 0.00697718 -1.59548 0.00223363 0.999995 -0.00203875 -2.22952 -0.00697267 0.00205432 0.999974 157.942 
0.999979 -0.00211696 0.00618795 -1.60377 0.00213183 0.999995 -0.00239035 -2.2575 -0.0061829 0.00240353 0.999978 159.233 
0.999983 -0.00163574 0.00554245 -1.62517 0.00164769 0.999996 -0.0021443 -2.28395 -0.00553897 0.00215344 0.999982 160.535 
0.999985 -0.00220619 0.00499072 -1.64311 0.00221072 0.999997 -0.000893851 -2.30874 -0.00498877 0.000904913 0.999987 161.812 
0.999989 -0.00147684 0.00443182 -1.66352 0.00147927 0.999999 -0.000537106 -2.33618 -0.00443106 0.000543698 0.99999 163.1 
0.999991 -0.00133313 0.00395203 -1.68178 0.00133887 0.999998 -0.00144101 -2.36265 -0.00395015 0.00144633 0.999991 164.404 
0.999994 -0.000964561 0.00344398 -1.70658 0.000973383 0.999996 -0.00254858 -2.39055 -0.00344155 0.00255195 0.999991 165.681 
0.999997 -0.000309611 0.0025636 -1.7267 0.00031657 0.999996 -0.00269792 -2.41384 -0.0025628 0.00269876 0.999993 166.954 
0.999998 -0.00106813 0.00172927 -1.74925 0.00107428 0.999993 -0.00353234 -2.44379 -0.00172553 0.00353423 0.999992 168.232 
0.999999 -0.000799841 0.0012307 -1.78172 0.000805292 0.99999 -0.0044008 -2.47694 -0.00122721 0.00440183 0.99999 169.511 
1 -0.00054278 0.000586241 -1.80804 0.000545214 0.999992 -0.0040873 -2.50378 -0.000584059 0.00408766 0.999992 170.796 
1 -0.00073619 -0.000136744 -1.83091 0.000735874 0.999996 -0.00260558 -2.53578 0.000138619 0.00260553 0.999997 172.086 
0.999999 -0.000680653 -0.000805776 -1.8561 0.000678825 0.999997 -0.00231982 -2.56123 0.00080731 0.00231932 0.999997 173.369 
0.999998 -0.000306903 -0.00199775 -1.8751 0.000302905 0.999998 -0.00202274 -2.58151 0.00199832 0.00202217 0.999996 174.654 
0.999996 -1.86051e-05 -0.00266409 -1.90266 1.37825e-05 0.999998 -0.00182617 -2.60418 0.00266408 0.00182617 0.999995 175.941 
0.999996 0.000188271 -0.00296873 -1.93575 -0.000196049 0.999997 -0.00263412 -2.63137 0.00296818 0.00263474 0.999992 177.22 
0.999992 0.0013676 -0.00365134 -1.96077 -0.00137957 0.999994 -0.00329011 -2.65385 0.00364678 0.00329516 0.999988 178.502 
0.99999 0.0016847 -0.00410801 -1.98753 -0.00169671 0.999994 -0.00293225 -2.67982 0.004103 0.00293924 0.999987 179.792 
0.99999 0.00147269 -0.00418476 -2.0126 -0.00148934 0.999991 -0.00398888 -2.70993 0.0041788 0.00399511 0.999983 181.083 
0.999991 -5.28845e-06 -0.00424636 -2.04051 -1.77528e-05 0.999985 -0.00543607 -2.73781 0.00424628 0.00543614 0.999976 182.359 
0.999985 -0.00320593 -0.0044426 -2.0665 0.00318231 0.999981 -0.00532356 -2.76569 0.00445954 0.00530939 0.999976 183.632 
0.999984 -0.00285818 -0.00481645 -2.09373 0.00285057 0.999995 -0.00159516 -2.79251 0.00482094 0.00158145 0.999987 184.905 
0.999981 -0.00370031 -0.00503776 -2.11443 0.00371458 0.999989 0.00281721 -2.81515 0.00502723 -0.00283583 0.999983 186.186 
0.999983 -0.00298843 -0.00502795 -2.13667 0.00299883 0.999993 0.0020536 -2.83643 0.00502174 -0.0020686 0.999985 187.456 
0.999988 -0.00125958 -0.00484632 -2.1701 0.00125453 0.999999 -0.00105478 -2.85616 0.0048476 0.00104873 0.999988 188.694 
0.999986 -0.00103962 -0.00527878 -2.20231 0.00102448 0.999995 -0.00287828 -2.88047 0.00528171 0.00287288 0.999982 189.94 
0.999985 -0.00129198 -0.00536025 -2.23364 0.00127774 0.999996 -0.00266832 -2.90546 0.00536363 0.00266147 0.999982 191.189 
0.999986 -0.0015683 -0.00503347 -2.26645 0.00156191 0.999998 -0.00128218 -2.93274 0.00503543 0.00127434 0.999987 192.44 
0.999988 -0.00143821 -0.00473973 -2.29698 0.00144145 0.999999 0.000671301 -2.95311 0.00473871 -0.000678083 0.999989 193.714 
0.999989 -0.00236242 -0.0041642 -2.31259 0.00236968 0.999996 0.00172874 -2.98177 0.00416005 -0.00173855 0.99999 194.989 
0.999994 -0.00223043 -0.00263058 -2.33687 0.00223326 0.999997 0.00105691 -3.00507 0.00262817 -0.00106274 0.999996 196.249 
0.999993 -0.00334278 -0.00141285 -2.35548 0.00334229 0.999994 -0.000375819 -3.02915 0.00141406 0.000371136 0.999999 197.49 
0.999993 -0.0036826 -0.000247425 -2.37521 0.00368227 0.999992 -0.00151376 -3.06623 0.000252955 0.00151288 0.999999 198.733 
0.99999 -0.00419717 0.00126332 -2.40008 0.00419961 0.999989 -0.00190823 -3.09575 -0.00125534 0.00191356 0.999997 199.978 
0.99999 -0.00358119 0.00280642 -2.42362 0.00358472 0.999993 -0.00123884 -3.12044 -0.002802 0.00124893 0.999995 201.21 
0.999982 -0.00436916 0.00406273 -2.44012 0.00436573 0.99999 0.000862551 -3.14999 -0.0040665 -0.000844756 0.999991 202.422 
0.999982 -0.00338774 0.00494838 -2.45091 0.00338191 0.999994 0.00119517 -3.17357 -0.00495244 -0.00117837 0.999987 203.647 
0.999974 -0.00372578 0.00611643 -2.46642 0.00371778 0.999992 0.00132566 -3.19896 -0.00612136 -0.00130284 0.99998 204.868 
0.99997 -0.00342157 0.00700956 -2.48011 0.00341207 0.999993 0.00137255 -3.21807 -0.00701425 -0.00134855 0.999975 206.09 
0.999961 -0.00379841 0.00801337 -2.49148 0.00378426 0.999991 0.00178543 -3.24472 -0.00802012 -0.001755 0.999966 207.305 
0.999955 -0.00334413 0.00887644 -2.50429 0.00333094 0.999993 0.0015051 -3.26448 -0.00888145 -0.00147542 0.99996 208.509 
0.999948 -0.00350555 0.00957853 -2.51201 0.00348981 0.999993 0.00166421 -3.28534 -0.00958433 -0.00163065 0.999953 209.714 
0.999939 -0.00454254 0.0100231 -2.51795 0.00452575 0.999988 0.00170108 -3.30629 -0.0100307 -0.00165557 0.999948 210.898 
0.999938 -0.00488369 0.0100047 -2.51962 0.00485978 0.999985 0.00241676 -3.32704 -0.0100164 -0.00236794 0.999947 212.07 
0.999936 -0.00547969 0.00990077 -2.53453 0.00544514 0.999979 0.00351706 -3.3498 -0.00991988 -0.00346288 0.999945 213.228 
0.999944 -0.00543576 0.00907861 -2.53547 0.00540501 0.99998 0.00341259 -3.36805 -0.00909702 -0.00336328 0.999953 214.357 
0.999947 -0.00513733 0.00889501 -2.55475 0.00511532 0.999984 0.00250096 -3.38842 -0.00890776 -0.00245528 0.999957 215.48 
0.999953 -0.00514655 0.00828052 -2.56306 0.00513135 0.999985 0.00186121 -3.4117 -0.00829002 -0.00181859 0.999964 216.591 
0.999956 -0.00524934 0.00775526 -2.57622 0.00523666 0.999985 0.00165973 -3.43257 -0.0077639 -0.001619 0.999969 217.68 
0.999963 -0.00600865 0.00619828 -2.58703 0.00599828 0.999981 0.00169699 -3.45691 -0.0062084 -0.0016597 0.999979 218.754 
0.999971 -0.00629635 0.00420443 -2.59383 0.00628631 0.999977 0.0024064 -3.47487 -0.00421953 -0.00237986 0.999988 219.816 
0.99997 -0.00753199 0.00189279 -2.60119 0.00752442 0.999964 0.00400116 -3.49284 -0.0019229 -0.00398675 0.99999 220.887 
0.999974 -0.00726361 -0.000478332 -2.61443 0.00726632 0.999957 0.00585065 -3.5159 0.000435772 -0.00585393 0.999983 221.942 
0.999971 -0.0069297 -0.00308191 -2.63143 0.00694827 0.999958 0.00604297 -3.53517 0.00303986 -0.00606417 0.999977 222.968 
0.999959 -0.00696175 -0.0058644 -2.65232 0.00699472 0.99996 0.00561314 -3.55227 0.00582504 -0.00565389 0.999967 223.976 
0.99994 -0.00675095 -0.00864061 -2.67902 0.00680138 0.99996 0.00581551 -3.56885 0.00860096 -0.00587389 0.999946 224.961 
0.999911 -0.00637664 -0.0116841 -2.70204 0.00645189 0.999959 0.00640994 -3.58718 0.0116427 -0.00648471 0.999911 225.931 
0.999871 -0.0060201 -0.014907 -2.72714 0.00611446 0.999962 0.00628965 -3.60593 0.0148685 -0.00637994 0.999869 226.871 
0.999814 -0.00581033 -0.0183785 -2.75712 0.00592277 0.999964 0.00606711 -3.62409 0.0183426 -0.00617479 0.999813 227.775 
0.999736 -0.00604963 -0.0221622 -2.78511 0.00617351 0.999966 0.00552391 -3.64107 0.022128 -0.00565923 0.999739 228.668 
0.999659 -0.00518585 -0.0255993 -2.81756 0.0053227 0.999972 0.00527893 -3.65834 0.0255711 -0.00541334 0.999658 229.54 
0.999573 -0.00479244 -0.0288148 -2.85371 0.00493192 0.999977 0.00477006 -3.67678 0.0287912 -0.00491009 0.999573 230.383 
0.999508 -0.00307856 -0.0311994 -2.89781 0.00323356 0.999983 0.00491729 -3.69469 0.0311837 -0.00501572 0.999501 231.216 
0.999481 -0.00243482 -0.0321379 -2.93177 0.00260845 0.999982 0.00536048 -3.70909 0.0321242 -0.00544148 0.999469 232.031 
0.999482 -0.00233824 -0.0320912 -2.96607 0.00254839 0.999976 0.00650786 -3.72278 0.0320752 -0.00658623 0.999464 232.823 
0.999495 -0.00235335 -0.0316874 -3.00277 0.00258582 0.99997 0.00729584 -3.73636 0.0316693 -0.00737406 0.999471 233.594 
0.999504 -0.00269664 -0.0313628 -3.04015 0.00291227 0.999972 0.00683042 -3.75042 0.0313435 -0.00691833 0.999485 234.343 
0.99952 -0.00218159 -0.0309144 -3.07712 0.0023316 0.999986 0.00481577 -3.7607 0.0309034 -0.00488549 0.99951 235.082 
0.999541 -0.0021894 -0.0302016 -3.11037 0.00227518 0.999994 0.00280502 -3.77376 0.0301952 -0.00287241 0.99954 235.815 
0.999574 -0.00235705 -0.0290848 -3.14339 0.0024025 0.999996 0.00152639 -3.78876 0.0290811 -0.00159558 0.999576 236.544 
0.999614 -0.00183786 -0.0277088 -3.17997 0.0018706 0.999998 0.00115405 -3.80339 0.0277066 -0.0012054 0.999615 237.268 
0.999658 -0.00227931 -0.0260392 -3.20683 0.00230566 0.999997 0.000980117 -3.8144 0.0260368 -0.00103978 0.99966 237.997 
0.999703 -0.00245251 -0.0242602 -3.23494 0.00247382 0.999997 0.000846873 -3.82527 0.024258 -0.000906594 0.999705 238.723 
0.999751 -0.00235606 -0.0222065 -3.26534 0.00237238 0.999997 0.000706713 -3.8397 0.0222047 -0.000759176 0.999753 239.454 
0.999797 -0.00258218 -0.0199916 -3.29531 0.00259164 0.999997 0.000445211 -3.85438 0.0199903 -0.000496889 0.9998 240.183 
0.99985 -0.00228277 -0.0171673 -3.31741 0.00229481 0.999997 0.00067946 -3.86314 0.0171657 -0.000718712 0.999852 240.913 
0.999896 -0.00344463 -0.0140338 -3.33339 0.00346448 0.999993 0.00138751 -3.87708 0.0140289 -0.00143595 0.999901 241.641 
0.999928 -0.0043688 -0.0111597 -3.34972 0.00438758 0.999989 0.00165542 -3.88816 0.0111523 -0.00170423 0.999936 242.359 
0.999958 -0.00457276 -0.00800997 -3.36503 0.0045865 0.999988 0.00169299 -3.90119 0.00800209 -0.00172962 0.999967 243.084 
0.999976 -0.00485405 -0.00498113 -3.37674 0.00486127 0.999987 0.00142915 -3.91245 0.00497408 -0.00145329 0.999987 243.778 
0.999987 -0.00480759 -0.00182038 -3.38995 0.00480954 0.999988 0.00104578 -3.92193 0.00181529 -0.00105448 0.999998 244.482 
0.999991 -0.0040572 0.00133515 -3.4048 0.00405705 0.999992 0.000147188 -3.93346 -0.00133578 -0.000141728 0.999999 245.182 
0.999984 -0.00379661 0.00428118 -3.41087 0.00379843 0.999993 -0.000407272 -3.94598 -0.00427965 0.000423569 0.999991 245.889 
0.999965 -0.00352445 0.00765448 -3.42298 0.00352082 0.999994 0.000493585 -3.95636 -0.00765621 -0.000466575 0.999971 246.59 
0.999939 -0.00301836 0.0105923 -3.42984 0.00300801 0.999995 0.000996969 -3.9667 -0.0105953 -0.000965005 0.999943 247.296 
0.999906 -0.00329686 0.0132839 -3.43377 0.00328543 0.999994 0.000885059 -3.9792 -0.0132868 -0.000841291 0.999911 248.001 
0.999867 -0.00327606 0.0159641 -3.43741 0.00328513 0.999995 -0.000539557 -3.99163 -0.0159623 0.000591971 0.999872 248.705 
0.999841 -0.00285347 0.0175919 -3.43534 0.00290573 0.999991 -0.00294326 -4.00268 -0.0175834 0.00299395 0.999841 249.418 
0.999817 -0.00421064 0.0186423 -3.43132 0.00429519 0.999981 -0.00449536 -4.01531 -0.0186231 0.00457465 0.999816 250.134 
0.999818 -0.00350828 0.0187488 -3.42708 0.00360165 0.999981 -0.00494647 -4.02716 -0.0187311 0.00501314 0.999812 250.856 
0.999811 -0.00422178 0.0189732 -3.42487 0.00432619 0.999976 -0.00546293 -4.04294 -0.0189497 0.00554402 0.999805 251.578 
0.999811 -0.00289536 0.0192477 -3.42748 0.00300624 0.999979 -0.00573191 -4.06061 -0.0192308 0.00578873 0.999798 252.332 
0.999802 -0.00220315 0.0197676 -3.43346 0.00232875 0.999977 -0.00633066 -4.07329 -0.0197533 0.00637548 0.999785 253.07 
0.999787 -0.00305551 0.0203952 -3.44343 0.003223 0.999961 -0.00818217 -4.09202 -0.0203695 0.0082462 0.999759 253.833 
0.999756 -0.00687042 0.0210158 -3.44302 0.00709178 0.99992 -0.0104748 -4.10555 -0.0209422 0.0106213 0.999724 254.609 
0.999709 -0.0100216 0.0219653 -3.44466 0.0102707 0.999884 -0.0112581 -4.12029 -0.02185 0.0114805 0.999695 255.385 
0.999713 -0.00770753 0.022665 -3.44681 0.00787462 0.999942 -0.00729003 -4.13774 -0.0226076 0.00746647 0.999717 256.163 
0.999718 -0.00375819 0.023435 -3.45605 0.00378475 0.999992 -0.0010872 -4.15474 -0.0234308 0.00117563 0.999725 256.949 
0.999688 -0.00458617 0.0245384 -3.45401 0.00452724 0.999987 0.00245845 -4.1743 -0.0245494 -0.00234656 0.999696 257.752 
0.999622 -0.00564755 0.0269139 -3.44199 0.00563616 0.999984 0.000500963 -4.18687 -0.0269164 -0.000349041 0.999638 258.543 
0.999507 -0.00440092 0.031081 -3.43299 0.00458383 0.999973 -0.00581498 -4.19489 -0.0310546 0.00595462 0.9995 259.34 
0.999394 -0.00234471 0.0347188 -3.4194 0.00267507 0.999952 -0.00947075 -4.20711 -0.034695 0.00955793 0.999352 260.149 
0.999275 -0.000803375 0.0380602 -3.40708 0.00115918 0.999956 -0.00932606 -4.224 -0.0380511 0.00936346 0.999232 260.972 
0.999127 -0.00237041 0.0417142 -3.39078 0.00267107 0.999971 -0.00715245 -4.23873 -0.0416961 0.00725767 0.999104 261.812 
0.998981 -0.0053738 0.0448063 -3.36371 0.00555787 0.999977 -0.00398354 -4.25378 -0.0447839 0.00422855 0.998988 262.65 
0.998831 -0.00767946 0.0477204 -3.3352 0.00779627 0.999967 -0.00226137 -4.27032 -0.0477015 0.00263081 0.998858 263.494 
0.998677 -0.00758087 0.0508617 -3.30705 0.00768012 0.999969 -0.00175529 -4.28637 -0.0508468 0.00214363 0.998704 264.337 
0.998556 -0.00510891 0.0534854 -3.28 0.00532627 0.999978 -0.00392135 -4.30203 -0.0534643 0.0042006 0.998561 265.181 
0.998436 -0.00417519 0.0557555 -3.24612 0.00452734 0.999971 -0.00619049 -4.31622 -0.0557281 0.00643327 0.998425 266.02 
0.998293 -0.00396129 0.0582701 -3.21342 0.00432923 0.999972 -0.00618878 -4.33457 -0.058244 0.00643053 0.998282 266.866 
0.998116 -0.00270109 0.0613006 -3.17596 0.00297744 0.999986 -0.00441641 -4.34736 -0.0612879 0.00459065 0.99811 267.729 
0.997898 -0.000953673 0.0648042 -3.14423 0.00115273 0.999995 -0.00303366 -4.36175 -0.064801 0.00310202 0.997893 268.579 
0.997699 -0.000243122 0.0677952 -3.10467 0.000457599 0.999995 -0.00314744 -4.37892 -0.0677942 0.00317126 0.997694 269.429 
0.997502 -6.92108e-05 0.0706343 -3.0616 0.000340548 0.999993 -0.00382878 -4.39245 -0.0706336 0.00384332 0.997495 270.277 
0.997301 -0.00172843 0.0733953 -3.01078 0.00203631 0.999989 -0.00411965 -4.40986 -0.0733875 0.00425803 0.997294 271.127 
0.997144 -0.00507136 0.0753504 -2.96003 0.0053409 0.99998 -0.00337553 -4.42721 -0.0753318 0.00376837 0.997151 271.973 
0.99705 -0.0057284 0.0765466 -2.91058 0.00602524 0.999975 -0.00364695 -4.44096 -0.0765239 0.00409745 0.997059 272.829 
0.996991 -0.00677343 0.0772271 -2.85791 0.00706756 0.999969 -0.00353545 -4.46126 -0.0772008 0.00407066 0.997007 273.695 
0.996938 -0.0066944 0.0779099 -2.8109 0.00699538 0.999969 -0.00359035 -4.47468 -0.0778835 0.0041244 0.996954 274.555 
0.996945 -0.00639082 0.0778486 -2.76382 0.00665132 0.999973 -0.00308683 -4.49033 -0.0778268 0.00359523 0.99696 275.411 
0.99698 -0.00598122 0.0774325 -2.71546 0.00620954 0.999977 -0.00270759 -4.50791 -0.0774146 0.00318028 0.996994 276.274 
0.997067 -0.00642912 0.0762607 -2.66632 0.00670622 0.999972 -0.00337747 -4.52796 -0.0762369 0.00387903 0.997082 277.136 
0.997191 -0.00631827 0.0746293 -2.61955 0.00665238 0.999969 -0.00422863 -4.54607 -0.0746003 0.00471326 0.997202 277.992 
0.997316 -0.00540541 0.0730209 -2.57254 0.00578629 0.999971 -0.00500486 -4.56348 -0.0729917 0.00541399 0.997318 278.853 
0.997437 -0.00430213 0.071425 -2.527 0.00469307 0.999975 -0.00530591 -4.58337 -0.0714004 0.00562756 0.997432 279.709 
0.997554 -0.00318303 0.069821 -2.49004 0.00356952 0.999979 -0.00541068 -4.6047 -0.0698024 0.00564671 0.997545 280.56 
0.997681 -0.00271747 0.0680038 -2.45525 0.00305147 0.999984 -0.00480733 -4.62821 -0.0679897 0.00500374 0.997674 281.428 
0.997851 -0.00292516 0.0654519 -2.42124 0.00315955 0.999989 -0.00347725 -4.64364 -0.0654411 0.00367661 0.99785 282.285 
0.998092 -0.0041842 0.0616092 -2.3904 0.0042694 0.99999 -0.00125063 -4.65893 -0.0616034 0.00151132 0.9981 283.132 
0.998353 -0.00522604 0.0571273 -2.3592 0.00521057 0.999986 0.000420567 -4.67444 -0.0571288 -0.000122167 0.998367 283.981 
0.998596 -0.00595736 0.0526448 -2.34414 0.00587842 0.999981 0.00165491 -4.68737 -0.0526537 -0.00134307 0.998612 284.839 
0.998828 -0.00623373 0.0480056 -2.31834 0.00613173 0.999979 0.00227276 -4.70295 -0.0480188 -0.0019757 0.998845 285.669 
0.999036 -0.00678237 0.0433793 -2.30125 0.00667198 0.999974 0.00269004 -4.71743 -0.0433965 -0.00239798 0.999055 286.481 
0.999216 -0.00756698 0.0388613 -2.29618 0.00745467 0.999968 0.00303508 -4.73671 -0.038883 -0.00274296 0.99924 287.295 
0.999358 -0.00807434 0.0349011 -2.28587 0.00798761 0.999965 0.00262496 -4.74979 -0.0349211 -0.00234446 0.999387 288.084 
0.999494 -0.00745678 0.0309324 -2.276 0.00738205 0.99997 0.00253083 -4.76408 -0.0309504 -0.00230116 0.999518 288.86 
0.999601 -0.00718524 0.0273305 -2.27412 0.00711991 0.999972 0.00248842 -4.7798 -0.0273476 -0.00229279 0.999623 289.61 
0.999686 -0.00764179 0.0238545 -2.28443 0.00758382 0.999968 0.0025214 -4.79478 -0.023873 -0.00233966 0.999712 290.353 
0.999775 -0.00844642 0.0194685 -2.27659 0.00841217 0.999963 0.00184269 -4.81022 -0.0194834 -0.00167846 0.999809 291.085 
0.999865 -0.00721064 0.0147638 -2.29172 0.00720722 0.999974 0.000287941 -4.82659 -0.0147655 -0.000181454 0.999891 291.804 
0.999948 -0.00564552 0.00844008 -2.31317 0.00565837 0.999983 -0.00149425 -4.84617 -0.00843154 0.00154197 0.999963 292.497 
0.999988 -0.00480961 0.000113749 -2.33687 0.00481 0.999983 -0.00327349 -4.86093 -9.80449e-05 0.00327404 0.999995 293.166 
0.999937 -0.00471007 -0.0102183 -2.36887 0.00466396 0.999979 -0.00453631 -4.873 0.0102394 0.00448841 0.999938 293.826 
0.999712 -0.00444751 -0.0236039 -2.40443 0.00433623 0.999979 -0.00476557 -4.88752 0.0236245 0.00466189 0.99971 294.472 
0.999188 -0.0033584 -0.0401447 -2.46256 0.00319172 0.999986 -0.0042165 -4.90553 0.0401582 0.00408499 0.999185 295.112 
0.998191 -0.00108845 -0.0601201 -2.52327 0.000877939 0.999993 -0.00352851 -4.92051 0.0601235 0.00346939 0.998185 295.749 
0.99656 0.000408283 -0.0828686 -2.60005 -0.000713784 0.999993 -0.00365747 -4.93517 0.0828665 0.00370408 0.996554 296.359 
0.994096 0.00181621 -0.108489 -2.6873 -0.00224806 0.99999 -0.00385879 -4.94475 0.108481 0.00407994 0.99409 296.964 
0.990587 0.00276487 -0.136856 -2.78838 -0.0032917 0.999988 -0.00362363 -4.95724 0.136844 0.00404005 0.990584 297.57 
0.985799 0.00387327 -0.167888 -2.91079 -0.004359 0.999987 -0.00252497 -4.96659 0.167876 0.00322098 0.985803 298.154 
0.979362 0.00350717 -0.202082 -3.05108 -0.00379518 0.999992 -0.00103796 -4.97193 0.202077 0.00178352 0.979368 298.719 
0.971001 0.00358709 -0.239049 -3.1931 -0.00353123 0.999994 0.000661797 -4.98324 0.23905 0.000201577 0.971007 299.268 
0.96079 0.00459311 -0.277238 -3.36786 -0.00386592 0.999988 0.00316943 -4.99768 0.277249 -0.00197333 0.960796 299.802 
0.948416 0.00587742 -0.316973 -3.55377 -0.00433461 0.999975 0.00557217 -5.00882 0.316998 -0.00391073 0.948418 300.329 
0.933677 0.00623303 -0.358063 -3.74907 -0.00375662 0.999964 0.00761125 -5.02176 0.358097 -0.00576129 0.933667 300.842 
0.916493 0.00601003 -0.400005 -3.95984 -0.00255182 0.999955 0.00917737 -5.0269 0.400042 -0.0073902 0.916467 301.342 
0.89655 0.00570027 -0.442906 -4.19943 -0.00111624 0.999943 0.0106098 -5.04048 0.442942 -0.00901778 0.896505 301.82 
0.873531 0.00488588 -0.486744 -4.45636 0.000729362 0.999935 0.0113461 -5.04344 0.486768 -0.0102661 0.873471 302.284 
0.847573 0.00413812 -0.530663 -4.73785 0.00294834 0.999917 0.0125064 -5.05121 0.530671 -0.0121646 0.847491 302.72 
0.81881 0.00435129 -0.574049 -5.04803 0.00452606 0.999891 0.014035 -5.05642 0.574047 -0.0140901 0.818701 303.119 
0.786459 0.00551766 -0.617618 -5.37473 0.00440206 0.999885 0.0145382 -5.06109 0.617627 -0.0141524 0.786344 303.51 
0.750507 0.00468298 -0.660846 -5.71473 0.00650633 0.999874 0.0144745 -5.06457 0.66083 -0.0151628 0.750382 303.903 
0.712254 0.00367167 -0.701912 -6.09369 0.010564 0.999817 0.0159496 -5.06241 0.701842 -0.0187751 0.712085 304.197 
0.669627 0.00307907 -0.742691 -6.47767 0.0165431 0.999682 0.0190602 -5.06448 0.742513 -0.0250496 0.669363 304.463 
0.622295 0.00361545 -0.782774 -6.88114 0.0206733 0.999565 0.0210517 -5.06028 0.78251 -0.0292828 0.62195 304.713 
0.571927 0.00739763 -0.820271 -7.29418 0.0197813 0.999544 0.0228067 -5.05872 0.820066 -0.0292697 0.57152 304.915 
0.519225 0.0136101 -0.854529 -7.71372 0.0149757 0.999575 0.0250197 -5.05468 0.854506 -0.025788 0.518801 305.092 
0.463741 0.0173259 -0.885801 -8.13274 0.0125954 0.999579 0.0261454 -5.04681 0.885881 -0.0232817 0.463328 305.255 
0.405959 0.0193038 -0.913688 -8.54001 0.0120354 0.999577 0.0264658 -5.0358 0.913812 -0.0217406 0.405555 305.395 
0.347015 0.0211815 -0.937621 -8.95258 0.0139209 0.999519 0.0277319 -5.02578 0.937756 -0.0226759 0.346553 305.514 
0.287375 0.024551 -0.957503 -9.36436 0.0159485 0.99941 0.0304121 -5.02379 0.957685 -0.0240104 0.286814 305.608 
0.226246 0.0281618 -0.973663 -9.78495 0.017987 0.999291 0.0330826 -5.01311 0.973904 -0.024998 0.225579 305.688 
0.162333 0.0314236 -0.986236 -10.2089 0.0203814 0.999173 0.0351906 -5.00363 0.986526 -0.0258134 0.161558 305.736 
0.0968219 0.0350107 -0.994686 -10.652 0.0208178 0.999091 0.0371921 -4.98729 0.995084 -0.0243081 0.096005 305.748 
0.0303294 0.040298 -0.998727 -11.1057 0.0227317 0.998901 0.0409954 -4.96896 0.999281 -0.0239461 0.0293801 305.732 
-0.0375886 0.0471479 -0.99818 -11.5692 0.0243292 0.998633 0.0462531 -4.95689 0.998997 -0.0225463 -0.0386843 305.681 
-0.106034 0.0536364 -0.992915 -12.048 0.0264058 0.998344 0.0511097 -4.93417 0.994012 -0.0207993 -0.107275 305.601 
-0.173956 0.0597822 -0.982937 -12.5329 0.0285033 0.998043 0.0556565 -4.91507 0.984341 -0.0183351 -0.175319 305.481 
-0.241022 0.0656657 -0.968296 -13.017 0.0322342 0.9977 0.0596362 -4.89215 0.969984 -0.0168386 -0.242584 305.331 
-0.306049 0.0699622 -0.949442 -13.5038 0.0362954 0.997429 0.0617986 -4.8675 0.951324 -0.015547 -0.307801 305.14 
-0.368139 0.0721449 -0.926968 -13.982 0.0396543 0.997296 0.06187 -4.83935 0.928925 -0.0139814 -0.370005 304.909 
-0.427415 0.0722808 -0.901162 -14.4588 0.0426415 0.997301 0.0597675 -4.80457 0.90305 -0.0128813 -0.429343 304.641 
-0.483363 0.0723423 -0.872426 -14.9322 0.0449487 0.997316 0.0577947 -4.77275 0.874265 -0.0112786 -0.485318 304.338 
-0.53502 0.0721922 -0.841749 -15.4042 0.0466191 0.997347 0.0559056 -4.73659 0.843552 -0.00933088 -0.536967 304.001 
-0.581342 0.0720189 -0.810466 -15.8781 0.0478842 0.997377 0.054281 -4.70153 0.812249 -0.0072527 -0.583265 303.621 
-0.621686 0.0727179 -0.779884 -16.3358 0.0488024 0.997343 0.0540913 -4.67121 0.781745 -0.00443242 -0.623582 303.209 
-0.658684 0.0760128 -0.748571 -16.7971 0.0527902 0.997101 0.0547983 -4.63738 0.750566 -0.00342247 -0.660787 302.765 
-0.695065 0.0830635 -0.714132 -17.2606 0.0609306 0.996536 0.0566072 -4.60455 0.71636 -0.00416678 -0.697719 302.292 
-0.730073 0.0887637 -0.67758 -17.7156 0.0671366 0.996048 0.0581457 -4.57049 0.680063 -0.00303973 -0.733147 301.773 
-0.762291 0.0901672 -0.640923 -18.147 0.0697751 0.995926 0.0571222 -4.53563 0.643462 -0.00117672 -0.765477 301.216 
-0.7918 0.0868822 -0.60457 -18.5627 0.0691589 0.996219 0.0525889 -4.50563 0.606853 -0.000171504 -0.794814 300.615 
-0.818373 0.0839479 -0.568524 -18.9632 0.0698244 0.996469 0.0466279 -4.47348 0.570431 -0.00153778 -0.821344 299.98 
-0.842869 0.0790742 -0.532278 -19.3521 0.0681717 0.996866 0.0401418 -4.44008 0.533784 -0.00245202 -0.845617 299.305 
-0.864813 0.076287 -0.496264 -19.7221 0.0678818 0.99708 0.0349796 -4.41056 0.497484 -0.00343647 -0.867467 298.593 
-0.885029 0.0748316 -0.459482 -20.0884 0.0669512 0.997196 0.0334463 -4.38676 0.460696 -0.0011619 -0.887557 297.837 
-0.903799 0.0712284 -0.421989 -20.4309 0.0640497 0.997459 0.0311843 -4.36716 0.423138 0.00115612 -0.906065 297.043 
-0.920647 0.0706373 -0.383952 -20.744 0.0645717 0.997501 0.0286833 -4.34132 0.385018 0.00161484 -0.922908 296.223 
-0.935962 0.0727576 -0.344502 -21.0396 0.0672635 0.997345 0.0278908 -4.31956 0.345616 0.00293235 -0.938371 295.363 
-0.949087 0.0763068 -0.305631 -21.2976 0.0714246 0.997077 0.0271424 -4.30467 0.306809 0.00393096 -0.951763 294.478 
-0.960414 0.0774525 -0.267595 -21.5216 0.0725064 0.996966 0.0283313 -4.28946 0.268977 0.00780745 -0.963115 293.564 
-0.969815 0.0799246 -0.230371 -21.71 0.0754346 0.996751 0.0282467 -4.26701 0.23188 0.0100161 -0.972693 292.626 
-0.977763 0.079224 -0.194175 -21.8646 0.0753933 0.996787 0.0270515 -4.25365 0.195694 0.0118104 -0.980594 291.667 
-0.984025 0.0782456 -0.159916 -21.9983 0.0755542 0.99688 0.0228509 -4.24065 0.161205 0.0104035 -0.986866 290.663 
