1 2.12261e-08 -2.11895e-08 0 2.12261e-08 1 2.10703e-08 0 -2.11895e-08 2.10703e-08 1 0 
0.999978 0.000336972 -0.00657536 -0.00712251 -0.000335319 1 0.00024597 -0.000435902 0.0065754 -0.000243717 0.999978 0.0948667 
0.999906 0.000930974 -0.0136915 -0.0171445 -0.000929926 1 7.97814e-05 0.000324136 0.0136915 -6.69993e-05 0.999906 0.191663 
0.999774 0.00123701 -0.0212189 -0.030579 -0.00125118 0.999999 -0.000656706 -1.97081e-05 0.0212181 0.000683149 0.999775 0.294029 
0.999533 0.00184429 -0.030519 -0.045029 -0.00190789 0.999996 -0.0020565 -0.000907878 0.030515 0.00211381 0.999532 0.404036 
0.999121 0.00213495 -0.041864 -0.0661483 -0.00228418 0.999991 -0.00351808 -0.00177246 0.041856 0.00361065 0.999117 0.521539 
0.998453 0.00192826 -0.0555738 -0.0884927 -0.00218026 0.999988 -0.00447499 -0.00122189 0.0555644 0.00458928 0.998445 0.651849 
0.997411 0.0018502 -0.0718909 -0.11772 -0.00217369 0.999988 -0.00442229 -0.00280569 0.0718818 0.00456715 0.997403 0.795327 
0.995892 0.00037542 -0.0905491 -0.150112 -0.000787643 0.99999 -0.00451724 -0.00277167 0.0905464 0.00457005 0.995882 0.953021 
0.993868 -0.000835234 -0.110571 -0.189404 0.000326185 0.999989 -0.00462219 -0.0048817 0.110574 0.00455783 0.993858 1.11881 
0.99114 -0.0010925 -0.132815 -0.237979 0.000448091 0.999988 -0.00488205 -0.00968402 0.132819 0.00477932 0.991129 1.2916 
0.987605 0.00244161 -0.15694 -0.299161 -0.00345935 0.999975 -0.00621236 -0.0156704 0.15692 0.00667832 0.987589 1.47075 
0.983212 0.00674107 -0.182341 -0.370591 -0.00830116 0.999935 -0.00779424 -0.0207548 0.182277 0.00917708 0.983204 1.65549 
0.977804 0.00970385 -0.209297 -0.449321 -0.0117812 0.999893 -0.00868118 -0.0275411 0.20919 0.0109543 0.977814 1.84601 
0.97104 0.0104825 -0.238688 -0.531444 -0.0129541 0.999878 -0.00878882 -0.030882 0.238566 0.0116263 0.971057 2.0443 
0.962942 0.01236 -0.269425 -0.622982 -0.0151724 0.99985 -0.00835847 -0.0341008 0.269282 0.0121366 0.962985 2.24353 
0.953389 0.0143441 -0.301404 -0.729477 -0.0173422 0.999823 -0.00727385 -0.03673 0.301247 0.0121619 0.953469 2.45029 
0.942073 0.0162558 -0.335014 -0.843301 -0.0195134 0.999789 -0.00636001 -0.0351925 0.33484 0.0125289 0.942192 2.65618 
0.929434 0.0184813 -0.368527 -0.96327 -0.0222095 0.999736 -0.00587705 -0.0362449 0.368321 0.0136471 0.929599 2.85869 
0.91538 0.0213744 -0.402023 -1.09558 -0.0255835 0.99966 -0.00510283 -0.0374382 0.401777 0.0149562 0.915616 3.06124 
0.899066 0.0216585 -0.437277 -1.23012 -0.0263228 0.999643 -0.00460852 -0.0339414 0.437021 0.0156537 0.899315 3.2658 
0.880319 0.0171537 -0.474073 -1.37078 -0.0222733 0.999739 -0.00518564 -0.0334854 0.47386 0.0151242 0.88047 3.47094 
0.85862 0.012045 -0.512471 -1.51747 -0.0173685 0.999834 -0.00560029 -0.0340196 0.512318 0.0137094 0.858686 3.67083 
0.833101 0.01336 -0.55296 -1.68927 -0.017619 0.999842 -0.00238824 -0.0376588 0.552841 0.0117323 0.833204 3.8714 
0.803386 0.018893 -0.595159 -1.88399 -0.0224659 0.999747 0.00141033 -0.0416582 0.595035 0.0122378 0.803606 4.06021 
0.769999 0.021677 -0.637677 -2.07858 -0.0254474 0.999671 0.00325466 -0.0424721 0.637537 0.0137212 0.770297 4.23753 
0.73313 0.0205481 -0.679779 -2.2997 -0.0245132 0.999692 0.00378122 -0.0412714 0.679647 0.0138915 0.733408 4.42497 
0.692547 0.0162546 -0.72119 -2.53529 -0.0184308 0.999818 0.00483563 -0.0385365 0.721137 0.00994328 0.692721 4.61904 
0.649194 0.0126671 -0.760518 -2.78828 -0.0130649 0.9999 0.00550169 -0.0375285 0.760511 0.0063645 0.649294 4.79213 
0.603999 0.0122876 -0.79689 -3.06216 -0.0103736 0.999918 0.00755555 -0.0365833 0.796918 0.00370315 0.604077 4.94427 
0.555468 0.0128986 -0.831438 -3.3574 -0.00779378 0.999917 0.0103054 -0.0332944 0.831501 0.000755761 0.555522 5.09071 
0.504053 0.0135481 -0.863567 -3.66665 -0.00616721 0.999908 0.0120873 -0.0294473 0.863651 -0.000766799 0.50409 5.21705 
0.451082 0.0149496 -0.892357 -3.9965 -0.00530564 0.999887 0.014069 -0.0240507 0.892467 -0.00161171 0.451111 5.32541 
0.396416 0.0171097 -0.917911 -4.33456 -0.00404895 0.999849 0.0168884 -0.02178 0.918062 -0.00297819 0.396426 5.41965 
0.340925 0.0192187 -0.939894 -4.70104 -0.00370604 0.999811 0.0190996 -0.0165863 0.940083 -0.0030282 0.340931 5.49931 
0.285905 0.0223018 -0.957998 -5.08076 -0.00158352 0.999739 0.0228009 -0.013789 0.958257 -0.00500184 0.285866 5.56652 
0.232179 0.0242686 -0.97237 -5.48068 0.00300262 0.999666 0.0256668 -0.0115624 0.972669 -0.00887889 0.232028 5.61693 
0.1811 0.0245628 -0.983158 -5.89632 0.00513951 0.999651 0.0259216 -0.00388046 0.983451 -0.0097473 0.180911 5.6527 
0.133603 0.0252591 -0.990713 -6.33705 0.00304168 0.99966 0.0258974 0.00564184 0.99103 -0.00647335 0.133481 5.66671 
0.0912385 0.0254683 -0.995503 -6.77834 0.000882689 0.99967 0.0256558 0.014302 0.995829 -0.00321947 0.091186 5.66 
0.0535356 0.0240872 -0.998275 -7.22785 -0.0006806 0.99971 0.0240853 0.0215386 0.998566 -0.000609952 0.0535365 5.63933 
0.0190498 0.021295 -0.999592 -7.70195 0.000479055 0.999773 0.021308 0.0304475 0.999818 -0.000884731 0.0190353 5.61535 
-0.0124547 0.0184978 -0.999751 -8.18983 0.000755639 0.999829 0.0184898 0.0374404 0.999922 -0.000525126 -0.0124665 5.58167 
-0.0391849 0.0166028 -0.999094 -8.69418 0.000171937 0.999862 0.0166089 0.0421377 0.999232 0.000479077 -0.0391823 5.5349 
-0.0601049 0.0142574 -0.99809 -9.20839 -6.95745e-05 0.999898 0.0142874 0.048701 0.998192 0.000928225 -0.0600978 5.47953 
-0.0765739 0.0133598 -0.996974 -9.73484 0.000592395 0.999911 0.0133536 0.0604924 0.997064 0.000431978 -0.076575 5.41943 
-0.0895649 0.0137787 -0.995886 -10.2932 0.00171826 0.999905 0.0136798 0.0665133 0.99598 -0.000485926 -0.08958 5.34761 
-0.0992478 0.0148382 -0.994952 -10.8537 0.000677178 0.99989 0.0148443 0.0676478 0.995063 0.000799546 -0.0992469 5.27286 
-0.10589 0.0160767 -0.994248 -11.4335 -0.00127097 0.999866 0.0163029 0.0689023 0.994377 0.00299001 -0.105856 5.18849 
-0.110562 0.0171346 -0.993722 -12.0238 -0.000856178 0.999849 0.0173355 0.0737795 0.993869 0.00276748 -0.110531 5.11037 
-0.111834 0.0176847 -0.99357 -12.6359 0.00149993 0.999844 0.0176275 0.0852197 0.993726 0.000481113 -0.111843 5.02774 
-0.111163 0.0198151 -0.993605 -13.2594 0.00341057 0.999803 0.0195571 0.0935488 0.993796 -0.00121468 -0.111209 4.95302 
-0.109812 0.0222929 -0.993702 -13.8988 0.00283366 0.999751 0.0221155 0.0979216 0.993948 -0.000387213 -0.109848 4.87179 
-0.108342 0.0221813 -0.993866 -14.5528 0.000578161 0.999752 0.0222496 0.102009 0.994114 0.00183599 -0.108328 4.7879 
-0.10687 0.019456 -0.994083 -15.2172 -0.00111154 0.999806 0.0196875 0.110582 0.994272 0.003209 -0.106827 4.70456 
-0.105858 0.0192362 -0.994195 -15.9012 -0.00122593 0.99981 0.0194753 0.122964 0.994381 0.00328048 -0.105814 4.6247 
-0.104106 0.0219326 -0.994324 -16.6019 -0.000869501 0.999754 0.0221434 0.134259 0.994566 0.00316986 -0.104061 4.53909 
-0.102021 0.0252827 -0.994461 -17.325 -0.00167817 0.999671 0.0255874 0.146301 0.994781 0.00427936 -0.101945 4.44637 
-0.100408 0.0275179 -0.994566 -18.0511 -0.00206272 0.99961 0.0278657 0.152991 0.994944 0.0048495 -0.100312 4.36389 
-0.098675 0.0266799 -0.994762 -18.7788 -0.00385678 0.999623 0.0271928 0.164006 0.995112 0.00651987 -0.0985349 4.2818 
-0.0970076 0.0235828 -0.995004 -19.5329 -0.00624929 0.999685 0.024303 0.17694 0.995264 0.00857569 -0.0968297 4.18909 
-0.0955329 0.0228958 -0.995163 -20.2973 -0.00713442 0.999694 0.0236849 0.190304 0.995401 0.00936264 -0.0953403 4.10149 
-0.0941928 0.0254828 -0.995228 -21.0799 -0.00405663 0.999654 0.0259801 0.200882 0.995546 0.00648444 -0.0940568 4.0185 
-0.0930119 0.0275651 -0.995283 -21.882 -0.00195938 0.99961 0.0278681 0.214251 0.995663 0.00454224 -0.0929216 3.92934 
-0.0917394 0.029297 -0.995352 -22.6806 -0.000802831 0.999565 0.029495 0.224677 0.995783 0.00350499 -0.0916759 3.84364 
-0.0912695 0.0246925 -0.99552 -23.4795 -0.000435425 0.999691 0.0248359 0.232779 0.995826 0.00270027 -0.0912306 3.75765 
-0.0910454 0.0178686 -0.995686 -24.2856 0.000951792 0.99984 0.0178561 0.236581 0.995846 0.000678068 -0.0910478 3.67267 
-0.0912474 0.0132986 -0.995739 -25.1024 0.0042178 0.999907 0.0129678 0.24554 0.995819 -0.00301652 -0.091295 3.58724 
-0.0917942 0.0141334 -0.995678 -25.9307 0.00536947 0.999892 0.0136982 0.251183 0.995764 -0.0040888 -0.0918602 3.49989 
-0.0919394 0.0215709 -0.995531 -26.7747 0.00513757 0.999762 0.0211881 0.254235 0.995751 -0.00316655 -0.0920284 3.4055 
-0.0922413 0.0286419 -0.995325 -27.6194 0.00366781 0.999589 0.0284248 0.261711 0.99573 -0.00102868 -0.0923085 3.30952 
-0.0925672 0.0338726 -0.99513 -28.4648 0.00180138 0.999425 0.0338512 0.270415 0.995705 0.00134094 -0.092575 3.21239 
-0.0931822 0.0342422 -0.99506 -29.3076 0.000128932 0.999409 0.0343798 0.280141 0.995649 0.00307533 -0.0931315 3.11802 
-0.0937003 0.0307551 -0.995125 -30.1459 0.000314826 0.999524 0.0308614 0.293621 0.9956 0.00257847 -0.0936654 3.02547 
-0.0942057 0.0280486 -0.995158 -30.9807 0.000185151 0.999604 0.0281563 0.306602 0.995553 0.00246827 -0.0941736 2.9322 
-0.0943908 0.0291821 -0.995107 -31.8212 -0.00133349 0.999566 0.0294394 0.319242 0.995534 0.00410581 -0.0943109 2.83722 
-0.0944064 0.0315343 -0.995034 -32.6592 -0.00209961 0.99949 0.0318748 0.3268 0.995532 0.0050984 -0.0942921 2.74177 
-0.0944 0.0299259 -0.995084 -33.4938 -0.00289218 0.999536 0.0303341 0.333579 0.99553 0.00574155 -0.0942697 2.6477 
-0.0939036 0.0246637 -0.995276 -34.3313 -0.00350724 0.999679 0.0251037 0.345768 0.995575 0.00584804 -0.093787 2.54477 
-0.0935269 0.0204618 -0.995407 -35.1661 -0.00475528 0.999768 0.0209982 0.353835 0.995605 0.00669737 -0.0934079 2.44292 
-0.0932133 0.0211684 -0.995421 -36.0013 -0.00421169 0.999757 0.021655 0.36131 0.995637 0.00621098 -0.0931015 2.35384 
-0.0927374 0.023635 -0.99541 -36.84 -0.00325163 0.999706 0.0240399 0.36517 0.995685 0.00546615 -0.0926332 2.25907 
-0.09221 0.0285155 -0.995331 -37.6844 -0.00299897 0.999577 0.028915 0.373454 0.995735 0.00565127 -0.0920856 2.16305 
-0.0917576 0.0342122 -0.995194 -38.5262 -0.00208238 0.999401 0.0345489 0.382772 0.995779 0.00524253 -0.0916314 2.07203 
-0.0918799 0.0373365 -0.99507 -39.3651 -0.00215523 0.999287 0.0376937 0.396181 0.995768 0.00560794 -0.0917339 1.97779 
-0.0915752 0.0371492 -0.995105 -40.1956 -0.00178999 0.999296 0.0374704 0.41243 0.995797 0.00521262 -0.0914442 1.88717 
-0.0917942 0.0325567 -0.995246 -41.0221 -0.00150983 0.99946 0.0328338 0.431062 0.995777 0.00451665 -0.0916955 1.79969 
-0.0912699 0.0282203 -0.995426 -41.8524 -0.00250751 0.999589 0.0285682 0.443275 0.995823 0.0051035 -0.0911616 1.70138 
-0.0913506 0.0253094 -0.995497 -42.6822 -0.00636477 0.999642 0.0259989 0.453341 0.995798 0.00871116 -0.0911568 1.6054 
-0.0917207 0.0234089 -0.99551 -43.5134 -0.00972556 0.999655 0.0244025 0.462987 0.995737 0.0119201 -0.0914613 1.50495 
-0.0925734 0.0218128 -0.995467 -44.343 -0.00730369 0.999718 0.0225852 0.463786 0.995679 0.0093614 -0.092388 1.41465 
-0.0935782 0.0181976 -0.995446 -45.171 -0.00389639 0.999819 0.0186439 0.468329 0.995604 0.00562334 -0.0934903 1.32238 
-0.0944649 0.0167097 -0.995388 -45.994 0.000440656 0.99986 0.016743 0.475545 0.995528 0.00114304 -0.094459 1.23324 
-0.0967269 0.0202715 -0.995105 -46.8226 0.00123595 0.999794 0.0202469 0.478431 0.99531 0.000728557 -0.0967321 1.14043 
-0.0985488 0.026516 -0.994779 -47.6504 0.00369904 0.999648 0.0262793 0.481094 0.995125 -0.0010899 -0.0986121 1.0463 
-0.100394 0.0302668 -0.994487 -48.4718 0.00541058 0.999539 0.0298744 0.486039 0.994933 -0.00238151 -0.100511 0.949732 
-0.101995 0.0294227 -0.99435 -49.2846 0.0053456 0.999564 0.0290287 0.493346 0.994771 -0.00235457 -0.102108 0.851178 
-0.103156 0.0254789 -0.994339 -50.0835 0.00204566 0.999675 0.0254034 0.496692 0.994663 0.000586489 -0.103175 0.74899 
-0.104416 0.0216546 -0.994298 -50.879 -0.00268836 0.999753 0.0220558 0.503829 0.99453 0.00497604 -0.104332 0.641555 
-0.105983 0.0200706 -0.994165 -51.6725 -0.00655105 0.999761 0.0208819 0.508228 0.994346 0.00872599 -0.105826 0.536759 
-0.107198 0.0211164 -0.994013 -52.4672 -0.0081362 0.999722 0.0221151 0.511198 0.994204 0.0104582 -0.106996 0.433999 
-0.108236 0.0226009 -0.993868 -53.2538 -0.00797315 0.99969 0.0236016 0.514263 0.994093 0.0104788 -0.108022 0.334057 
-0.109215 0.0220382 -0.993774 -54.0329 -0.00984054 0.999681 0.0232507 0.516488 0.993969 0.0123186 -0.108964 0.230961 
-0.109936 0.0219837 -0.993696 -54.8086 -0.0102445 0.999677 0.0232495 0.518732 0.993886 0.0127359 -0.109675 0.129682 
-0.110471 0.0237967 -0.993594 -55.5835 -0.0086548 0.999652 0.024904 0.523822 0.993842 0.0113506 -0.110226 0.0300868 
-0.111071 0.026678 -0.993454 -56.3574 -0.00771626 0.999586 0.0277054 0.530679 0.993783 0.0107431 -0.110819 -0.0640421 
-0.111226 0.0308988 -0.993315 -57.1256 -0.00797656 0.999457 0.031983 0.535576 0.993763 0.0114806 -0.110919 -0.167256 
-0.112024 0.0329708 -0.993158 -57.8874 -0.00792414 0.999388 0.0340714 0.543303 0.993674 0.0116868 -0.111694 -0.264639 
-0.112983 0.0329083 -0.993052 -58.6441 -0.00732008 0.999397 0.0339514 0.554326 0.99357 0.0111052 -0.112674 -0.36048 
-0.113648 0.0309807 -0.993038 -59.3927 -0.00630204 0.999471 0.0319027 0.563606 0.993501 0.00988387 -0.113392 -0.456479 
-0.114167 0.0274304 -0.993083 -60.1288 -0.00589751 0.999582 0.0282879 0.570722 0.993444 0.00908631 -0.113958 -0.550726 
-0.114062 0.0245826 -0.99317 -60.8561 -0.00601928 0.999658 0.0254345 0.576617 0.993455 0.00887932 -0.113875 -0.650967 
-0.113043 0.022227 -0.993342 -61.5676 -0.00644307 0.999712 0.0231027 0.581489 0.993569 0.0090118 -0.112867 -0.744085 
-0.111107 0.0214093 -0.993578 -62.2665 -0.00856622 0.99971 0.0224994 0.583538 0.993772 0.0110111 -0.110891 -0.834422 
-0.107192 0.0223275 -0.993988 -62.9493 -0.00882965 0.999687 0.0234078 0.584733 0.994199 0.0112857 -0.106962 -0.920418 
-0.101667 0.0238768 -0.994532 -63.6164 -0.00804581 0.99966 0.0248224 0.588048 0.994786 0.0105255 -0.10144 -0.995376 
-0.0946089 0.0253921 -0.995191 -64.2676 -0.00702335 0.999633 0.0261731 0.590815 0.99549 0.00946582 -0.0943958 -1.06461 
-0.085902 0.0267022 -0.995946 -64.9049 -0.00796921 0.99959 0.0274872 0.592406 0.996272 0.0102981 -0.085654 -1.12853 
-0.0741195 0.0283562 -0.996846 -65.5255 -0.00999968 0.999524 0.0291759 0.595884 0.997199 0.0121307 -0.0738007 -1.18628 
-0.0593041 0.0298087 -0.997795 -66.1327 -0.0129263 0.999447 0.0306264 0.601369 0.998156 0.0147141 -0.058886 -1.23117 
-0.0409429 0.0309953 -0.998681 -66.7215 -0.0143975 0.999397 0.0316078 0.607121 0.999058 0.0156726 -0.040472 -1.2595 
-0.0188442 0.031685 -0.99932 -67.2883 -0.0151562 0.999374 0.0319725 0.613221 0.999708 0.0157484 -0.0183522 -1.26823 
0.00654412 0.0318942 -0.99947 -67.829 -0.0144253 0.99939 0.0317972 0.620147 0.999875 0.0142096 0.00700022 -1.25469 
0.0358065 0.0315932 -0.998859 -68.3466 -0.0128338 0.999432 0.0311512 0.623395 0.999276 0.0117038 0.0361916 -1.22109 
0.0698705 0.0314808 -0.997059 -68.8412 -0.0116564 0.999459 0.0307397 0.632055 0.997488 0.00947437 0.0701997 -1.16744 
0.107501 0.0318471 -0.993695 -69.315 -0.0109197 0.999464 0.0308507 0.63515 0.994145 0.00753439 0.107791 -1.0933 
0.148444 0.031473 -0.98842 -69.7733 -0.0106664 0.999486 0.0302234 0.64073 0.988863 0.00605641 0.148704 -1.00193 
0.193719 0.0325008 -0.980519 -70.2197 -0.00957216 0.999466 0.0312377 0.644666 0.98101 0.00333439 0.193927 -0.887929 
0.242589 0.0313094 -0.969624 -70.6456 -0.00608207 0.999509 0.0307527 0.644277 0.97011 -0.00156289 0.24266 -0.756228 
0.293159 0.0267827 -0.955688 -71.0471 0.00170528 0.999591 0.0285361 0.641413 0.956062 -0.00999531 0.292994 -0.599424 
0.345142 0.0215948 -0.938302 -71.4421 0.00681544 0.999651 0.0255136 0.643993 0.938526 -0.0152007 0.344875 -0.423043 
0.398063 0.0168461 -0.917204 -71.8194 0.0120202 0.99965 0.0235771 0.650423 0.91728 -0.0204101 0.397721 -0.224515 
0.450083 0.0164321 -0.892836 -72.1975 0.0116509 0.999638 0.024271 0.657514 0.892911 -0.0213263 0.449728 -0.0115581 
0.499291 0.0150831 -0.866303 -72.5635 0.0130782 0.999603 0.0249415 0.666571 0.866336 -0.0237828 0.498896 0.223385 
0.544861 0.0108345 -0.838457 -72.9029 0.0208518 0.999432 0.0264648 0.671962 0.838267 -0.0319029 0.544325 0.487991 
0.589337 0.00458782 -0.807874 -73.2204 0.0311769 0.99911 0.0284171 0.67348 0.807285 -0.0419342 0.58867 0.773645 
0.63276 -4.40081e-05 -0.774348 -73.5291 0.0321189 0.999141 0.0261892 0.673496 0.773681 -0.0414426 0.632218 1.06198 
0.674866 -0.00477142 -0.737925 -73.8253 0.0288086 0.999387 0.0198847 0.677326 0.737378 -0.034678 0.67459 1.35841 
0.716285 -0.0113126 -0.697716 -74.0968 0.0247905 0.99965 0.00924211 0.679722 0.697367 -0.0239166 0.716315 1.66433 
0.756551 -0.0140198 -0.653785 -74.3685 0.0198252 0.999802 0.0015016 0.681805 0.653635 -0.0140974 0.756679 1.99868 
0.794454 -0.0150721 -0.607138 -74.6325 0.0181827 0.999834 -0.00102834 0.682889 0.607053 -0.0102224 0.794596 2.37706 
0.829231 -0.0164795 -0.558663 -74.8784 0.0182425 0.999831 -0.00241552 0.683344 0.558608 -0.00818833 0.829391 2.78563 
0.860592 -0.0150811 -0.509072 -75.1084 0.0149435 0.999879 -0.004359 0.680819 0.509076 -0.00385597 0.860713 3.19868 
0.887306 -0.0131268 -0.460994 -75.3284 0.0135678 0.999905 -0.00235744 0.672013 0.460981 -0.00416284 0.8874 3.65312 
0.909099 -0.00668699 -0.416527 -75.5332 0.00680479 0.999976 -0.00120194 0.667863 0.416525 -0.00174165 0.909123 4.12292 
0.927061 -0.00252132 -0.374903 -75.7274 0.00164325 0.999995 -0.0026619 0.665453 0.374907 0.00185173 0.92706 4.62472 
0.940915 0.00256955 -0.338632 -75.9098 -0.00309854 0.999995 -0.00102164 0.660252 0.338627 0.00201059 0.940918 5.15288 
0.951298 0.00336469 -0.308254 -76.0892 -0.00317088 0.999994 0.00112954 0.654605 0.308256 -9.70484e-05 0.951304 5.71111 
0.958858 0.00282386 -0.283873 -76.248 -0.00210736 0.999994 0.00282927 0.649356 0.283879 -0.0021146 0.958858 6.28313 
0.964849 0.00308723 -0.262787 -76.4063 -0.0018694 0.999986 0.00488407 0.646601 0.262798 -0.00422109 0.964842 6.87331 
0.969694 0.00557241 -0.24426 -76.5687 -0.00384521 0.999964 0.00754725 0.644596 0.244293 -0.00637924 0.96968 7.47954 
0.973406 0.0104418 -0.22885 -76.7253 -0.00860287 0.999922 0.00903168 0.644398 0.228927 -0.00682267 0.97342 8.10371 
0.976362 0.0140731 -0.215683 -76.8721 -0.0121142 0.999873 0.0104016 0.639564 0.215802 -0.00754284 0.976408 8.7452 
0.979177 0.012554 -0.202619 -77.0128 -0.0107458 0.999892 0.0100216 0.641664 0.202723 -0.00763556 0.979206 9.40023 
0.98193 0.0124972 -0.188832 -77.1476 -0.010864 0.999894 0.00968155 0.640936 0.188933 -0.00745509 0.981962 10.0738 
0.984625 0.012702 -0.17422 -77.2781 -0.0110868 0.999886 0.0102406 0.643789 0.174331 -0.00815155 0.984653 10.76 
0.986964 0.0140772 -0.160324 -77.3977 -0.0125012 0.999863 0.0108346 0.641792 0.160454 -0.00868904 0.987005 11.466 
0.98896 0.0142621 -0.147495 -77.514 -0.013205 0.99988 0.00814342 0.636794 0.147593 -0.0061058 0.989029 12.181 
0.990534 0.0150582 -0.136439 -77.6261 -0.0148036 0.999886 0.00287981 0.631766 0.136466 -0.000832721 0.990644 12.9026 
0.991834 0.0128764 -0.126888 -77.7289 -0.0133925 0.999905 -0.00321546 0.627469 0.126835 0.0048886 0.991912 13.638 
0.992848 0.0127059 -0.118705 -77.829 -0.0131998 0.999907 -0.00337587 0.623517 0.118651 0.00491866 0.992924 14.3934 
0.993593 0.0145849 -0.112071 -77.9288 -0.0143483 0.999893 0.00291736 0.613216 0.112101 -0.0012906 0.993696 15.1565 
0.994088 0.0193584 -0.106836 -78.0371 -0.0182728 0.999771 0.0111313 0.600212 0.107027 -0.00911324 0.994214 15.9268 
0.99452 0.0201561 -0.102581 -78.1312 -0.018745 0.999716 0.0147008 0.596723 0.102848 -0.0126973 0.994616 16.6993 
0.994886 0.0190826 -0.0991894 -78.2185 -0.0178141 0.999748 0.0136578 0.592894 0.099425 -0.0118209 0.994975 17.4629 
0.995206 0.0189206 -0.0959549 -78.3078 -0.0177783 0.999761 0.0127454 0.590512 0.0961731 -0.0109783 0.995304 18.2277 
0.995497 0.0174417 -0.0931732 -78.3879 -0.0161212 0.999759 0.0149066 0.588813 0.0934107 -0.0133374 0.995538 18.9944 
0.995745 0.0158674 -0.0907743 -78.4665 -0.014341 0.999745 0.017442 0.583643 0.0910279 -0.016066 0.995719 19.7616 
0.996028 0.0137724 -0.0879666 -78.5411 -0.0121282 0.999742 0.0191977 0.580557 0.0882083 -0.0180545 0.995938 20.5256 
0.996277 0.012875 -0.0852451 -78.6216 -0.0115798 0.99981 0.0156708 0.576331 0.0854307 -0.0146253 0.996237 21.2849 
0.996389 0.0158014 -0.0834191 -78.7034 -0.0151494 0.99985 0.00844284 0.571232 0.08354 -0.00714856 0.996479 22.0382 
0.99652 0.0162223 -0.0817665 -78.7795 -0.016216 0.999868 0.000741283 0.564645 0.0817677 0.000587265 0.996651 22.7883 
0.996607 0.0170178 -0.0805259 -78.8537 -0.0173422 0.999844 -0.00333171 0.554882 0.0804566 0.00471694 0.996747 23.54 
0.996762 0.0185628 -0.078242 -78.9322 -0.018743 0.999823 -0.00156993 0.541965 0.078199 0.00303138 0.996933 24.2977 
0.996882 0.0218661 -0.0758205 -79.0102 -0.0217427 0.999761 0.00245247 0.525535 0.0758559 -0.000796241 0.997119 25.0564 
0.996968 0.0251095 -0.0736503 -79.088 -0.0246253 0.999669 0.00747414 0.512648 0.0738135 -0.00563777 0.997256 25.8198 
0.997217 0.0225141 -0.0710734 -79.1568 -0.0219062 0.999717 0.00932102 0.506952 0.0712631 -0.00773809 0.997428 26.5763 
0.997352 0.0196596 -0.0700123 -79.2182 -0.019061 0.999776 0.00920727 0.498264 0.0701776 -0.00784835 0.997504 27.3288 
0.997468 0.0176216 -0.068895 -79.2808 -0.0170276 0.999813 0.00920004 0.489389 0.0690441 -0.00800359 0.997582 28.08 
0.997534 0.017232 -0.0680392 -79.3453 -0.016762 0.999832 0.00747214 0.482839 0.0681565 -0.00631319 0.997655 28.8308 
0.997608 0.0152548 -0.0674241 -79.404 -0.0148671 0.99987 0.0062475 0.47785 0.0675106 -0.00523011 0.997705 29.5884 
0.997665 0.0145189 -0.0667349 -79.4695 -0.014122 0.99988 0.00641445 0.47052 0.06682 -0.005457 0.99775 30.3543 
0.99767 0.0171514 -0.0660399 -79.5391 -0.0167122 0.999834 0.00719716 0.465311 0.0661524 -0.00607667 0.997791 31.1299 
0.997673 0.0169792 -0.0660287 -79.6063 -0.0165976 0.999842 0.00632302 0.459242 0.0661256 -0.00521235 0.997798 31.8981 
0.997569 0.0168189 -0.0676261 -79.6728 -0.0164363 0.999846 0.00621066 0.454512 0.06772 -0.005084 0.997691 32.6775 
0.997463 0.0142495 -0.0697501 -79.7376 -0.0138123 0.999882 0.00674471 0.449609 0.0698379 -0.00576414 0.997542 33.457 
0.997217 0.0162266 -0.0727732 -79.8138 -0.0157952 0.999854 0.00649846 0.444823 0.072868 -0.00533086 0.997327 34.2434 
0.996938 0.0198167 -0.0756432 -79.8956 -0.0194032 0.999793 0.00619693 0.436463 0.0757502 -0.00471019 0.997116 35.0296 
0.996739 0.0201633 -0.0781336 -79.9788 -0.0201202 0.999797 0.00133908 0.427126 0.0781446 0.000237396 0.996942 35.8256 
0.996516 0.0207095 -0.0807857 -80.0575 -0.0209562 0.999778 -0.00220751 0.419541 0.080722 0.00389283 0.996729 36.6321 
0.996378 0.0194629 -0.08278 -80.1427 -0.0198469 0.999796 -0.00381887 0.409743 0.0826887 0.005448 0.996561 37.4457 
0.9962 0.0194619 -0.0848991 -80.2294 -0.0197191 0.999803 -0.00219236 0.394359 0.0848397 0.00385821 0.996387 38.2688 
0.996031 0.018194 -0.0871294 -80.3149 -0.0183857 0.99983 -0.00139817 0.381941 0.0870891 0.0029946 0.996196 39.097 
0.995875 0.0171767 -0.0890903 -80.3991 -0.0172127 0.999852 0.00036409 0.371452 0.0890833 0.00117094 0.996024 39.9351 
0.995775 0.0170101 -0.0902382 -80.4924 -0.0167172 0.999852 0.00399926 0.362288 0.0902929 -0.00247378 0.995912 40.7752 
0.9957 0.0169057 -0.091078 -80.5864 -0.0161778 0.999831 0.00872391 0.354585 0.0912101 -0.00721291 0.995806 41.6269 
0.995743 0.016869 -0.0906131 -80.6777 -0.0159469 0.999814 0.0108894 0.348133 0.0907799 -0.00939803 0.995827 42.483 
0.995877 0.0196458 -0.0885584 -80.7753 -0.0187623 0.999766 0.0107975 0.344927 0.0887497 -0.00909139 0.996013 43.3393 
0.996037 0.019729 -0.0867195 -80.8676 -0.0189764 0.999775 0.0094938 0.342375 0.0868873 -0.00781051 0.996188 44.2038 
0.996232 0.0170133 -0.0850416 -80.9612 -0.0164473 0.999838 0.00735185 0.334727 0.0851528 -0.0059254 0.99635 45.0758 
0.996443 0.0129006 -0.0832806 -81.0444 -0.0124659 0.999906 0.00573759 0.328181 0.0833468 -0.00467897 0.99651 45.952 
0.996621 0.0118541 -0.0812759 -81.1307 -0.0114419 0.999919 0.00553491 0.321076 0.0813349 -0.00458621 0.996676 46.812 
0.996714 0.00942154 -0.0804524 -81.2149 -0.00880116 0.999929 0.00806188 0.311701 0.0805226 -0.00732727 0.996726 47.6871 
0.996794 0.00653353 -0.0797379 -81.2932 -0.00569548 0.999926 0.0107324 0.301593 0.0798021 -0.0102438 0.996758 48.5627 
0.996865 0.0062484 -0.0788703 -81.3791 -0.00539442 0.999925 0.0110355 0.293104 0.0789333 -0.0105754 0.996824 49.4341 
0.996941 0.00764673 -0.077786 -81.4646 -0.00706056 0.999945 0.00780747 0.283191 0.0778414 -0.00723433 0.99694 50.3008 
0.996968 0.00993097 -0.077178 -81.5513 -0.00980167 0.99995 0.00205346 0.272207 0.0771944 -0.00129072 0.997015 51.1652 
0.997039 0.0112805 -0.076065 -81.6383 -0.0115674 0.999928 -0.003334 0.256223 0.0760218 0.00420405 0.997097 52.0245 
0.997033 0.0160198 -0.0752964 -81.7269 -0.0167455 0.999819 -0.00901783 0.236164 0.0751382 0.010252 0.99712 52.8752 
0.997121 0.0163059 -0.0740575 -81.8095 -0.017082 0.999806 -0.00985919 0.215283 0.0738823 0.0110959 0.997205 53.7245 
0.997164 0.0133607 -0.074059 -81.886 -0.0136738 0.9999 -0.00372313 0.198175 0.0740018 0.00472528 0.997247 54.5814 
0.997149 0.012518 -0.0744108 -81.9695 -0.0121474 0.999912 0.00542937 0.179003 0.0744721 -0.00450995 0.997213 55.4313 
0.997067 0.0113868 -0.0756818 -82.0485 -0.0104114 0.999858 0.0132709 0.163649 0.0758221 -0.012444 0.997044 56.2853 
0.996915 0.00950051 -0.0779158 -82.1303 -0.00866887 0.999902 0.0110044 0.157492 0.0780127 -0.0102949 0.996899 57.1256 
0.996795 0.00437976 -0.0798841 -82.2052 -0.00379043 0.999965 0.00752692 0.15071 0.0799142 -0.00719995 0.996776 57.9573 
0.996597 0.00313018 -0.0823702 -82.2885 -0.00264047 0.999978 0.00605296 0.141212 0.0823873 -0.00581482 0.996583 58.7911 
0.996348 0.00526172 -0.0852191 -82.3773 -0.00496981 0.999981 0.00363676 0.128098 0.0852365 -0.00319991 0.996356 59.6184 
0.996048 0.00674998 -0.0885621 -82.4689 -0.00676276 0.999977 0.000155319 0.116169 0.0885611 0.000444263 0.996071 60.4402 
0.99568 0.00722927 -0.0925704 -82.561 -0.00755686 0.999966 -0.0031892 0.101795 0.0925442 0.003875 0.995701 61.2551 
0.995372 0.0090483 -0.0956685 -82.6577 -0.00977893 0.999927 -0.00717149 0.0836525 0.0955965 0.00807388 0.995387 62.0646 
0.995007 0.0135452 -0.098882 -82.7632 -0.0143384 0.99987 -0.00731535 0.0654109 0.0987701 0.00869668 0.995072 62.8711 
0.994608 0.0172424 -0.102268 -82.8705 -0.0179143 0.999824 -0.00565563 0.050634 0.102152 0.00745723 0.994741 63.6757 
0.994162 0.0200137 -0.106023 -82.9794 -0.0201125 0.999798 0.000136823 0.0339583 0.106004 0.00199641 0.994364 64.4812 
0.99371 0.020466 -0.110101 -83.0869 -0.0199434 0.999784 0.00584517 0.0173534 0.110197 -0.00361257 0.993903 65.2814 
0.993159 0.0204283 -0.114972 -83.1969 -0.0194888 0.999767 0.00928904 0.0100859 0.115135 -0.00698478 0.993325 66.0717 
0.992394 0.0202396 -0.12143 -83.3101 -0.0191225 0.999764 0.0103571 0.0029009 0.121611 -0.00795623 0.992546 66.8583 
0.991709 0.0180768 -0.127226 -83.425 -0.0164278 0.999767 0.0139982 -0.0031517 0.127449 -0.011792 0.991775 67.6411 
0.990836 0.0188021 -0.133754 -83.5481 -0.017137 0.999761 0.0135889 -0.00713722 0.133978 -0.0111722 0.990921 68.4278 
0.989929 0.0233014 -0.139634 -83.6818 -0.0217488 0.999684 0.0126347 -0.0145218 0.139884 -0.00947054 0.990123 69.1953 
0.989005 0.0253217 -0.145695 -83.821 -0.0243137 0.999667 0.00869511 -0.0179731 0.145867 -0.00505707 0.989291 69.9697 
0.988163 0.024267 -0.151477 -83.9567 -0.0236282 0.999703 0.00601545 -0.0263741 0.151577 -0.00236508 0.988443 70.7327 
0.987291 0.0250235 -0.156938 -84.095 -0.0245741 0.999687 0.00480311 -0.0353377 0.157009 -0.00088542 0.987597 71.5037 
0.986518 0.0272408 -0.161369 -84.2449 -0.0260328 0.999615 0.00959567 -0.0358003 0.161569 -0.00526536 0.986847 72.2635 
0.985491 0.0280792 -0.16739 -84.3951 -0.0261352 0.999563 0.0138052 -0.0403977 0.167705 -0.00923008 0.985794 73.0249 
0.984438 0.0274538 -0.173577 -84.5463 -0.0250742 0.999559 0.0158871 -0.0481188 0.173936 -0.0112875 0.984692 73.7838 
0.983245 0.0248333 -0.180592 -84.7002 -0.0230244 0.999662 0.0121058 -0.0523007 0.180831 -0.00774487 0.983484 74.5292 
0.981698 0.0231922 -0.189028 -84.8576 -0.0226513 0.999731 0.00502124 -0.0540169 0.189093 -0.000647567 0.981959 75.267 
0.979978 0.0204845 -0.198048 -85.0235 -0.0202809 0.99979 0.00305618 -0.0605616 0.198068 0.00102164 0.980188 76.0055 
0.977801 0.0202199 -0.208558 -85.2041 -0.0194008 0.999794 0.00597249 -0.0692156 0.208636 -0.00179368 0.977992 76.7461 
0.975443 0.0203529 -0.219309 -85.3918 -0.0181489 0.999763 0.0120599 -0.0709649 0.219502 -0.00778347 0.975581 77.4844 
0.972668 0.0219935 -0.231157 -85.5882 -0.017921 0.999645 0.0197029 -0.0739291 0.231509 -0.0150218 0.972717 78.2136 
0.969947 0.0226294 -0.24226 -85.7906 -0.0175162 0.999577 0.0232391 -0.0798009 0.242683 -0.0182972 0.969933 78.9389 
0.966955 0.0259907 -0.25362 -86.0035 -0.0219665 0.999584 0.0186866 -0.0829407 0.254 -0.0124979 0.967124 79.6496 
0.963791 0.0250609 -0.265479 -86.2214 -0.0233853 0.999682 0.00947117 -0.085005 0.265632 -0.00291987 0.96407 80.3484 
0.960383 0.0226121 -0.277765 -86.4461 -0.022237 0.999743 0.0045007 -0.0836123 0.277795 0.00185432 0.960638 81.0547 
0.956853 0.0213932 -0.289784 -86.6812 -0.0195832 0.999766 0.00914469 -0.0806577 0.289912 -0.00307519 0.957048 81.7683 
0.953344 0.0227747 -0.301026 -86.93 -0.0186171 0.999688 0.016673 -0.0866423 0.301312 -0.0102908 0.95347 82.4854 
0.949522 0.0227509 -0.312873 -87.1858 -0.0166804 0.999617 0.0220659 -0.0888752 0.313255 -0.0157332 0.949539 83.2014 
0.945349 0.0202229 -0.325432 -87.4474 -0.0144921 0.999694 0.0200244 -0.0870532 0.325738 -0.0142138 0.945353 83.9081 
0.941455 0.018392 -0.336636 -87.7174 -0.0140556 0.999784 0.0153139 -0.0847492 0.336845 -0.00968573 0.94151 84.6059 
0.93829 0.0142976 -0.345553 -87.9957 -0.0120843 0.99989 0.00855848 -0.0891262 0.345638 -0.00385451 0.93836 85.3016 
0.935595 0.0103634 -0.352923 -88.2823 -0.0101051 0.999946 0.00257428 -0.0922331 0.35293 0.00115787 0.935649 86.0003 
0.932814 0.0100145 -0.36022 -88.572 -0.0105224 0.999945 0.00055097 -0.0974503 0.360206 0.00327648 0.932867 86.7025 
0.929743 0.0153027 -0.367891 -88.8736 -0.0162464 0.999868 0.000531901 -0.110269 0.36785 0.00548242 0.929869 87.399 
0.926598 0.0152248 -0.375745 -89.1782 -0.0153576 0.999879 0.00264177 -0.119612 0.37574 0.00332273 0.926719 88.1013 
0.923319 0.0160146 -0.383699 -89.4848 -0.0135326 0.999866 0.00916727 -0.120971 0.383795 -0.00327181 0.923413 88.8076 
0.920398 0.0179541 -0.390572 -89.7961 -0.0121735 0.999777 0.0172711 -0.121796 0.390794 -0.0111416 0.920411 89.5126 
0.917703 0.0277475 -0.396298 -90.1283 -0.0198534 0.999515 0.0240086 -0.126824 0.396772 -0.0141648 0.917808 90.2088 
0.915038 0.0345201 -0.401887 -90.4627 -0.0285238 0.999375 0.0208967 -0.127414 0.402357 -0.00765787 0.915451 90.8912 
0.912606 0.0307147 -0.407686 -90.7888 -0.0277886 0.999528 0.0130986 -0.122562 0.407896 -0.000624769 0.913028 91.5785 
0.910671 0.022891 -0.412498 -91.1172 -0.022559 0.999729 0.00567505 -0.120947 0.412516 0.00413749 0.910941 92.2683 
0.908951 0.0234401 -0.416244 -91.4513 -0.0235215 0.999711 0.00493319 -0.122321 0.416239 0.00530671 0.90924 92.9566 
0.906772 0.0295931 -0.420581 -91.8064 -0.0279205 0.999559 0.0101347 -0.128194 0.420696 0.00255299 0.907198 93.6498 
0.904125 0.0318661 -0.426077 -92.1523 -0.0284015 0.999492 0.0144842 -0.133772 0.426322 -0.000994206 0.904571 94.3507 
0.901771 0.0281686 -0.431295 -92.4944 -0.0251526 0.999603 0.0126955 -0.142516 0.431482 -0.0006002 0.902122 95.0435 
0.899461 0.0263458 -0.436207 -92.8484 -0.0261879 0.999637 0.00637594 -0.148081 0.436217 0.00568849 0.899824 95.7269 
0.897188 0.0240432 -0.440994 -93.2038 -0.0267468 0.999642 8.5338e-05 -0.15558 0.440839 0.0117187 0.89751 96.4083 
0.894858 0.0247653 -0.445663 -93.5692 -0.0283228 0.999598 -0.00132281 -0.161815 0.445451 0.0138062 0.8952 97.0938 
0.8928 0.0280145 -0.449581 -93.9402 -0.0297478 0.999552 0.00320977 -0.176688 0.44947 0.0105084 0.893234 97.7846 
0.890692 0.0295842 -0.453643 -94.31 -0.0304825 0.999521 0.00533362 -0.186713 0.453583 0.00907758 0.891168 98.4648 
0.888334 0.030614 -0.458176 -94.6814 -0.0313456 0.999491 0.00600862 -0.196091 0.458127 0.00902422 0.888841 99.1416 
0.886061 0.0287903 -0.462674 -95.0531 -0.029663 0.999545 0.00539029 -0.207169 0.462619 0.00894822 0.886512 99.8154 
0.883875 0.026835 -0.466952 -95.4229 -0.0277845 0.999602 0.00485324 -0.216859 0.466897 0.00868443 0.884269 100.49 
0.881668 0.0264843 -0.471127 -95.7953 -0.0271365 0.999617 0.00540982 -0.22505 0.47109 0.00801513 0.882049 101.156 
0.879282 0.0276709 -0.475498 -96.1739 -0.028179 0.999585 0.00606124 -0.235487 0.475468 0.00806956 0.879696 101.815 
0.876865 0.0280316 -0.479918 -96.552 -0.0286543 0.999571 0.00602929 -0.246024 0.479881 0.00846492 0.877293 102.474 
0.87444 0.0250632 -0.484485 -96.9271 -0.0276166 0.999617 0.00186682 -0.255805 0.484347 0.0117475 0.874797 103.123 
0.872045 0.0216818 -0.488945 -97.3014 -0.0262955 0.999651 -0.00257006 -0.268795 0.488719 0.0150983 0.872311 103.765 
0.869971 0.0201503 -0.492691 -97.6805 -0.0260531 0.999647 -0.00511942 -0.281044 0.492414 0.0172899 0.870189 104.401 
0.86795 0.0217809 -0.496173 -98.062 -0.025935 0.999663 -0.00148478 -0.289583 0.495973 0.014157 0.868222 105.04 
0.865994 0.0257044 -0.499394 -98.4415 -0.0254197 0.99965 0.00737306 -0.300829 0.499408 0.00630945 0.866344 105.673 
0.864513 0.0276461 -0.50185 -98.8208 -0.0221755 0.999612 0.0168664 -0.309516 0.502122 -0.00345241 0.86479 106.303 
0.862986 0.0273241 -0.504488 -99.1937 -0.0190212 0.999586 0.0216014 -0.315508 0.504869 -0.00904574 0.863149 106.917 
0.861265 0.0243356 -0.507573 -99.5533 -0.0158529 0.999653 0.0210287 -0.315689 0.507909 -0.0100647 0.861352 107.514 
0.859596 0.0225637 -0.510476 -99.916 -0.0160194 0.999724 0.0172136 -0.313313 0.510723 -0.00661918 0.85972 108.09 
0.858008 0.0205722 -0.513224 -100.268 -0.0153442 0.999778 0.0144228 -0.31522 0.513407 -0.00449984 0.858134 108.648 
0.856551 0.018668 -0.515724 -100.615 -0.0138597 0.999817 0.0131718 -0.31745 0.515876 -0.00413453 0.856653 109.196 
0.855242 0.017197 -0.517944 -100.948 -0.0123269 0.999842 0.0128427 -0.320461 0.518083 -0.00459895 0.855318 109.726 
0.854008 0.0173482 -0.519971 -101.28 -0.0118023 0.999833 0.0139739 -0.326824 0.520126 -0.00579691 0.85407 110.236 
0.852771 0.0170217 -0.522008 -101.6 -0.0105483 0.999826 0.0153702 -0.331165 0.522179 -0.00760092 0.852802 110.737 
0.851413 0.0156027 -0.524263 -101.909 -0.00853762 0.999837 0.0158911 -0.334356 0.524426 -0.00905387 0.851408 111.212 
0.850104 0.0142039 -0.526424 -102.202 -0.00673769 0.999848 0.0160973 -0.338011 0.526572 -0.0101374 0.85007 111.669 
0.848971 0.0129337 -0.528281 -102.488 -0.00594442 0.999871 0.0149265 -0.340039 0.528406 -0.00953176 0.848939 112.107 
0.847524 0.0127304 -0.530605 -102.761 -0.00795403 0.999905 0.0112851 -0.343706 0.530698 -0.00534391 0.847544 112.528 
0.845986 0.0101521 -0.533108 -103.025 -0.00745844 0.999946 0.00720631 -0.348677 0.533153 -0.00212023 0.846016 112.923 
0.843586 0.0064484 -0.536955 -103.271 -0.00436325 0.999977 0.00515397 -0.35466 0.536976 -0.0020049 0.843595 113.306 
0.840849 0.00251036 -0.541265 -103.512 0.000588137 0.999984 0.0055515 -0.358564 0.54127 -0.00498626 0.840834 113.678 
0.837359 0.00340698 -0.546643 -103.75 0.000389709 0.999977 0.00682932 -0.358886 0.546654 -0.00593158 0.837338 114.027 
0.833363 0.00673249 -0.552685 -103.982 -0.00258725 0.999962 0.00827973 -0.358634 0.55272 -0.00547003 0.833349 114.361 
0.82951 0.0128671 -0.558344 -104.206 -0.00674472 0.999893 0.0130221 -0.368486 0.558452 -0.00703606 0.829507 114.674 
0.825465 0.0181987 -0.56416 -104.426 -0.00835458 0.999765 0.0200262 -0.373243 0.564392 -0.0118175 0.825422 114.971 
0.820372 0.0196534 -0.571493 -104.621 -0.00720256 0.999685 0.0240395 -0.374974 0.571785 -0.0156051 0.820255 115.253 
0.814777 0.0169898 -0.579525 -104.809 -0.00287424 0.999677 0.0252663 -0.375857 0.579767 -0.0189207 0.814563 115.515 
0.807564 0.0149048 -0.589591 -104.988 0.000622996 0.999659 0.0261245 -0.376066 0.589779 -0.0214645 0.807279 115.762 
0.798663 0.0133762 -0.60163 -105.169 0.00372852 0.999624 0.0271745 -0.37518 0.601768 -0.0239464 0.798312 115.991 
0.788391 0.0138562 -0.615018 -105.347 0.00425204 0.9996 0.0279713 -0.376544 0.61516 -0.0246673 0.788017 116.193 
0.776136 0.0152709 -0.63038 -105.526 0.00250002 0.999624 0.0272938 -0.375368 0.63056 -0.0227596 0.775806 116.381 
0.762012 0.0134674 -0.647423 -105.699 0.00299973 0.9997 0.0243259 -0.373518 0.647556 -0.0204787 0.761743 116.557 
0.746989 0.0111413 -0.664743 -105.863 0.00218059 0.999813 0.0192075 -0.377667 0.664833 -0.0157972 0.746825 116.718 
0.731799 0.00728801 -0.681481 -106.027 0.00244709 0.999908 0.0133211 -0.371909 0.681516 -0.011416 0.731714 116.868 
0.716167 0.00734541 -0.697891 -106.192 -0.00143231 0.999958 0.00905486 -0.368719 0.697928 -0.00548514 0.716147 117.009 
0.700269 0.0110173 -0.713794 -106.368 -0.00878488 0.999938 0.00681548 -0.36756 0.713825 0.00149797 0.700323 117.14 
0.682574 0.0127816 -0.730705 -106.538 -0.0113435 0.999912 0.00689425 -0.36614 0.730729 0.00358301 0.682658 117.277 
0.663337 0.010806 -0.748243 -106.712 -0.00806958 0.999941 0.0072871 -0.354629 0.748277 0.00120426 0.663385 117.418 
0.643187 0.0100636 -0.765643 -106.892 -0.00511141 0.999948 0.00884944 -0.353421 0.765692 -0.00177829 0.643205 117.546 
0.620665 0.011892 -0.783986 -107.077 -0.0049499 0.999925 0.0112488 -0.352933 0.78406 -0.00310104 0.620677 117.666 
0.596498 0.0162274 -0.802451 -107.274 -0.00855366 0.999867 0.0138613 -0.346084 0.802569 -0.00140428 0.596557 117.774 
0.571625 0.0203706 -0.820262 -107.471 -0.0107612 0.999792 0.0173298 -0.343333 0.820444 -0.00107912 0.571726 117.879 
0.546036 0.0230433 -0.837445 -107.671 -0.0124452 0.999734 0.0193943 -0.337081 0.837669 -0.000167737 0.546178 117.975 
0.520032 0.0260536 -0.85375 -107.877 -0.0155698 0.999658 0.0210224 -0.333738 0.854005 0.0023604 0.520259 118.062 
0.493385 0.0298553 -0.869299 -108.087 -0.0196611 0.999538 0.0231692 -0.325885 0.869589 0.00566007 0.493744 118.137 
0.465191 0.0330028 -0.884595 -108.293 -0.0219276 0.999428 0.0257557 -0.326702 0.884939 0.00741576 0.465648 118.213 
0.435417 0.032251 -0.899651 -108.506 -0.0206466 0.999453 0.0258361 -0.324608 0.899992 0.00732528 0.435845 118.282 
0.402862 0.0291937 -0.914795 -108.729 -0.0204198 0.999529 0.0229052 -0.324069 0.915033 0.00945237 0.403269 118.349 
0.368459 0.0248262 -0.929313 -108.97 -0.0196656 0.999628 0.0189076 -0.319824 0.929436 0.0113089 0.36881 118.406 
0.3289 0.0226186 -0.944094 -109.231 -0.0191803 0.999667 0.017268 -0.315602 0.94417 0.0124286 0.329225 118.466 
0.287288 0.0211891 -0.95761 -109.515 -0.018485 0.999692 0.0165747 -0.304867 0.957666 0.0129398 0.287591 118.515 
0.243771 0.019258 -0.969642 -109.815 -0.0175007 0.999727 0.0154557 -0.296616 0.969675 0.0132018 0.244042 118.549 
0.19661 0.0168998 -0.980336 -110.129 -0.0159979 0.999774 0.0140264 -0.293629 0.980351 0.0129256 0.196836 118.573 
0.147378 0.0146179 -0.988972 -110.461 -0.0150258 0.999809 0.0125389 -0.283537 0.988966 0.0130122 0.147569 118.584 
0.0969113 0.0145556 -0.995187 -110.812 -0.0140782 0.999813 0.0132523 -0.280319 0.995193 0.0127262 0.0970981 118.579 
0.0448267 0.0159752 -0.998867 -111.171 -0.0127862 0.999799 0.0154163 -0.273693 0.998913 0.0120807 0.045022 118.552 
-0.00824537 0.0182417 -0.9998 -111.542 -0.00943315 0.999788 0.0183192 -0.266465 0.999922 0.00958235 -0.00807154 118.51 
-0.0619996 0.0201693 -0.997872 -111.927 -0.00570763 0.999772 0.0205624 -0.259417 0.99806 0.00697039 -0.0618703 118.449 
-0.115738 0.0221174 -0.993034 -112.319 -0.00138028 0.999748 0.0224278 -0.257071 0.993279 0.00396646 -0.115679 118.367 
-0.16865 0.023779 -0.985389 -112.723 0.00144888 0.999714 0.0238767 -0.249188 0.985675 0.00259913 -0.168636 118.258 
-0.220092 0.0255817 -0.975144 -113.142 0.00383119 0.999671 0.0253604 -0.243415 0.975472 0.00184569 -0.220117 118.124 
-0.269448 0.0268969 -0.962639 -113.559 0.00727381 0.999638 0.0258947 -0.234295 0.962988 -2.47463e-05 -0.269546 117.967 
-0.317525 0.0284533 -0.947823 -113.983 0.0121771 0.99959 0.0259279 -0.224236 0.948172 -0.00330894 -0.317742 117.787 
-0.36396 0.0303093 -0.930921 -114.417 0.0173622 0.999518 0.0257547 -0.218944 0.931253 -0.00678918 -0.36431 117.578 
-0.407878 0.0321245 -0.912471 -114.85 0.021928 0.999437 0.0253843 -0.208581 0.912773 -0.00965495 -0.408353 117.343 
