1 2.12261e-08 -2.11895e-08 -2.47458e-15 2.12261e-08 1 2.10703e-08 -6.66134e-16 -2.11895e-08 2.10703e-08 1 -2.33147e-14 
0.999996 0.00268095 -0.000218909 -0.00519681 -0.00268056 0.999995 0.00157133 -0.0155426 0.000223079 -0.00157069 0.999999 0.794946 
0.999986 0.00525296 -0.00021598 -0.0170025 -0.00525247 0.999984 0.0019916 -0.0320286 0.000226396 -0.0019904 0.999998 1.56435 
0.999978 0.0067131 0.00011641 -0.0310384 -0.00671324 0.999976 0.00164243 -0.0476532 -0.000105424 -0.00164313 0.999999 2.31026 
0.999963 0.00862933 0.000158099 -0.0478142 -0.0086295 0.999962 0.00141471 -0.0625345 -0.000145928 -0.00141598 0.999999 3.03999 
0.999961 0.00882964 0.000232002 -0.0511801 -0.00882988 0.99996 0.00124781 -0.074095 -0.000221017 -0.00124977 0.999999 3.7706 
0.999961 0.00882218 4.58573e-05 -0.0542692 -0.00882222 0.999959 0.00227159 -0.0907152 -2.58577e-05 -0.00227186 0.999997 4.47632 
0.999954 0.0095734 0.000369124 -0.0626554 -0.00957501 0.999943 0.00477029 -0.0993323 -0.000323477 -0.00477357 0.999989 5.16617 
0.999955 0.00926928 0.00185617 -0.0764334 -0.00928499 0.999919 0.00866441 -0.107219 -0.00177575 -0.00868122 0.999961 5.84193 
0.99996 0.00847023 0.00296003 -0.0779956 -0.00850566 0.99989 0.0121821 -0.114741 -0.00285656 -0.0122068 0.999921 6.49555 
0.999965 0.0075932 0.00363224 -0.0744809 -0.00764474 0.999867 0.0144053 -0.1217 -0.00352242 -0.0144325 0.99989 7.12099 
0.999956 0.00817495 0.00471521 -0.0840013 -0.00824178 0.999863 0.0143409 -0.132573 -0.00459737 -0.0143791 0.999886 7.70729 
0.999947 0.0087742 0.00541823 -0.0802125 -0.00883697 0.999893 0.0116802 -0.137637 -0.00531521 -0.0117274 0.999917 8.27609 
0.999941 0.00887632 0.00623489 -0.0848972 -0.00893186 0.99992 0.00894519 -0.144787 -0.00615504 -0.00900031 0.999941 8.80775 
0.999946 0.00708365 0.00766869 -0.0804659 -0.00714069 0.999947 0.00744282 -0.148229 -0.0076156 -0.00749713 0.999943 9.32073 
0.999948 0.00335937 0.00966415 -0.0815891 -0.00340883 0.999981 0.00511116 -0.154236 -0.00964684 -0.0051438 0.99994 9.79971 
0.999934 0.0014642 0.0114078 -0.0779388 -0.00151055 0.999991 0.00405935 -0.162888 -0.0114018 -0.00407627 0.999927 10.2427 
0.999894 0.00550692 0.0134521 -0.0826221 -0.00553622 0.999982 0.00214506 -0.174175 -0.0134401 -0.00221926 0.999907 10.6632 
0.999814 0.0100558 0.0164545 -0.0889956 -0.010078 0.999948 0.00127 -0.182635 -0.0164409 -0.00143555 0.999864 11.0456 
0.999748 0.0103887 0.0199193 -0.0888659 -0.0104384 0.999943 0.00239509 -0.191045 -0.0198933 -0.00260237 0.999799 11.3995 
0.999716 0.00626938 0.0229772 -0.0776859 -0.00633875 0.999976 0.00294938 -0.196613 -0.0229582 -0.00309415 0.999732 11.7228 
0.999676 0.00146052 0.0254067 -0.0630076 -0.001533 0.999995 0.00283497 -0.201504 -0.0254025 -0.00287296 0.999673 12.0135 
0.999612 -0.00202684 0.0277966 -0.0526516 0.00191027 0.999989 0.00422132 -0.206864 -0.0278049 -0.00416654 0.999605 12.2779 
0.999532 -0.00245334 0.030497 -0.0493202 0.00229277 0.999983 0.00530038 -0.212794 -0.0305095 -0.00522793 0.999521 12.5082 
0.999464 -0.00184726 0.0326941 -0.0459231 0.00170171 0.999989 0.00448052 -0.220772 -0.0327021 -0.00442244 0.999455 12.7091 
0.999394 -0.000806408 0.0347929 -0.0410676 0.000701104 0.999995 0.00303993 -0.224907 -0.0347952 -0.00301365 0.99939 12.8973 
0.9993 0.00129479 0.0373765 -0.0404646 -0.00138154 0.999996 0.0022965 -0.230122 -0.0373735 -0.00234649 0.999299 13.0686 
0.999228 0.00396093 0.0390945 -0.0420405 -0.00403531 0.99999 0.00182498 -0.239677 -0.039087 -0.00198129 0.999234 13.2355 
0.999167 0.00508067 0.0404829 -0.0387091 -0.00510652 0.999987 0.000536308 -0.246937 -0.0404796 -0.000742547 0.99918 13.3947 
0.999093 0.00420758 0.0423673 -0.029214 -0.00416067 0.999991 -0.00119444 -0.250513 -0.042372 0.00101713 0.999101 13.5461 
0.999043 0.00279345 0.0436541 -0.0167225 -0.00268615 0.999993 -0.00251528 -0.253752 -0.0436609 0.00239565 0.999044 13.6961 
0.998996 0.00197499 0.0447539 -0.00830752 -0.00182034 0.999992 -0.00349519 -0.256652 -0.0447605 0.00341026 0.998992 13.8366 
0.998923 0.00254789 0.0463225 -0.00430622 -0.00232459 0.999985 -0.00487277 -0.260446 -0.0463343 0.00475989 0.998915 13.9694 
0.998864 0.00364787 0.0475106 0.00163137 -0.00332051 0.99997 -0.00696647 -0.263091 -0.0475346 0.00680084 0.998846 14.0976 
0.998819 0.00375401 0.0484505 0.00457014 -0.00331446 0.999953 -0.00914835 -0.265492 -0.0484826 0.00897699 0.998784 14.2217 
0.998784 0.00290785 0.0492223 0.0101376 -0.00235194 0.999933 -0.0113472 -0.269456 -0.049252 0.0112177 0.998723 14.3448 
0.998814 0.0018341 0.0486597 0.0183152 -0.0011911 0.999912 -0.0132391 -0.272707 -0.0486797 0.0131655 0.998728 14.4728 
0.99891 0.00126086 0.0466513 0.0214637 -0.000594934 0.999898 -0.0142848 -0.277091 -0.0466646 0.0142415 0.998809 14.6012 
0.999038 0.00153654 0.0438215 0.0210747 -0.000869339 0.999884 -0.0152395 -0.279725 -0.0438399 0.0151868 0.998923 14.7284 
0.99921 0.00192013 0.0396961 0.0173593 -0.0012768 0.999868 -0.0162244 -0.286928 -0.0397221 0.0161609 0.99908 14.8512 
0.999428 0.00190142 0.0337698 0.0192852 -0.00131008 0.999846 -0.017523 -0.287498 -0.033798 0.0174687 0.999276 14.9816 
0.999627 0.00206683 0.0272288 0.0133464 -0.0015717 0.999833 -0.0181914 -0.290312 -0.0272619 0.0181419 0.999464 15.1107 
0.999795 0.00180151 0.0201703 0.00525428 -0.00142008 0.99982 -0.0189065 -0.29466 -0.0202008 0.018874 0.999618 15.2352 
0.999925 0.00153368 0.0121741 -0.0047042 -0.00129101 0.999801 -0.0199125 -0.297638 -0.0122023 0.0198953 0.999728 15.3692 
0.999998 0.00045206 0.00208211 -0.0166655 -0.000407827 0.999776 -0.0211754 -0.299596 -0.00209126 0.0211745 0.999774 15.5095 
0.999939 -0.0011506 -0.0110216 -0.0277222 0.000900055 0.999742 -0.0227144 -0.304151 0.0110449 0.0227031 0.999681 15.6584 
0.999628 -0.00178221 -0.0272157 -0.0511177 0.00111287 0.999697 -0.0245907 -0.307347 0.0272512 0.0245513 0.999327 15.8188 
0.998916 -0.00147057 -0.0465269 -0.0813767 0.000282358 0.999674 -0.0255354 -0.312835 0.0465492 0.0254946 0.998591 15.9963 
0.997654 -0.000519262 -0.0684583 -0.118062 -0.00120301 0.999684 -0.0251149 -0.318301 0.0684496 0.0251384 0.997338 16.1937 
0.995742 -0.000100162 -0.0921887 -0.166381 -0.00209876 0.999716 -0.0237556 -0.323798 0.0921648 0.023848 0.995458 16.4028 
0.992881 0.000682351 -0.119105 -0.222455 -0.00337044 0.999744 -0.0223694 -0.329986 0.11906 0.0226116 0.99263 16.6328 
0.988796 0.00164461 -0.149263 -0.295363 -0.00473722 0.999781 -0.0203663 -0.336375 0.149197 0.0208453 0.988588 16.8829 
0.983198 0.00165113 -0.182537 -0.373851 -0.0048217 0.999845 -0.0169272 -0.344037 0.182481 0.017523 0.983053 17.1433 
0.975625 0.00271372 -0.219428 -0.472648 -0.00572169 0.999898 -0.0130741 -0.346215 0.21937 0.0140109 0.975541 17.4214 
0.965783 0.00449297 -0.259312 -0.59003 -0.00672306 0.999948 -0.00771399 -0.350902 0.259263 0.00919345 0.965763 17.708 
0.953529 0.00842203 -0.301183 -0.723706 -0.00979048 0.999948 -0.00303455 -0.352589 0.301142 0.00584231 0.953562 18.0006 
0.938988 0.0116102 -0.343753 -0.875408 -0.0119459 0.999928 0.00114102 -0.351079 0.343741 0.0030351 0.93906 18.2999 
0.921788 0.0140216 -0.38744 -1.03911 -0.0123669 0.999901 0.00676352 -0.354463 0.387497 -0.00144305 0.92187 18.6025 
0.901957 0.0172362 -0.431482 -1.22244 -0.0123104 0.999823 0.014206 -0.357348 0.43165 -0.00750146 0.90201 18.9074 
0.879617 0.0212845 -0.475207 -1.43754 -0.0129669 0.9997 0.0207746 -0.359973 0.475507 -0.0121116 0.879629 19.2087 
0.853946 0.0261072 -0.519707 -1.65978 -0.0153273 0.999569 0.025028 -0.356577 0.520137 -0.0134068 0.853978 19.5109 
0.825011 0.0292249 -0.564361 -1.90231 -0.0161355 0.999473 0.028169 -0.353181 0.564887 -0.0141335 0.825048 19.8105 
0.793235 0.0324042 -0.608053 -2.16851 -0.0183606 0.999402 0.0293076 -0.342839 0.608639 -0.0120836 0.793355 20.0998 
0.75849 0.0349919 -0.650744 -2.46057 -0.0187567 0.999316 0.0318729 -0.333551 0.651414 -0.0119694 0.758628 20.3869 
0.720656 0.0385296 -0.692221 -2.78156 -0.0194668 0.999185 0.035349 -0.318525 0.69302 -0.0119991 0.720819 20.6675 
0.680693 0.0395991 -0.731498 -3.13192 -0.017152 0.999126 0.0381262 -0.304086 0.732368 -0.0134056 0.680777 20.9465 
0.638987 0.0393005 -0.768213 -3.50848 -0.014197 0.999126 0.0393047 -0.290461 0.769086 -0.0142088 0.638987 21.2171 
0.59548 0.0382548 -0.802459 -3.91126 -0.00899096 0.99912 0.0409581 -0.275628 0.80332 -0.0171748 0.5953 21.4769 
0.550375 0.038272 -0.83404 -4.33293 -0.00429462 0.999065 0.0430106 -0.259899 0.834907 -0.02009 0.550024 21.7116 
0.50336 0.0396996 -0.863165 -4.78274 -0.00292764 0.999017 0.0442405 -0.239333 0.864072 -0.0197418 0.502981 21.9237 
0.453392 0.0392453 -0.890447 -5.25651 -0.0015875 0.999064 0.0432242 -0.218707 0.89131 -0.0181839 0.45303 22.1147 
0.400975 0.0380574 -0.915298 -5.75599 0.003298 0.99907 0.0429854 -0.196923 0.916083 -0.0202547 0.400476 22.2859 
0.347169 0.0372789 -0.937061 -6.27786 0.00810206 0.999053 0.0427468 -0.176919 0.937767 -0.0224325 0.346539 22.4394 
0.292684 0.0363362 -0.955518 -6.83688 0.0106849 0.999091 0.0412661 -0.154086 0.956149 -0.0222875 0.29203 22.5762 
0.239126 0.0420787 -0.970076 -7.41489 0.0114605 0.998869 0.0461526 -0.12751 0.970921 -0.0221538 0.238373 22.6757 
0.187387 0.0470896 -0.981157 -8.01604 0.0138766 0.998624 0.0505782 -0.101148 0.982188 -0.0230928 0.186476 22.7504 
0.138982 0.0485041 -0.989106 -8.63468 0.019026 0.998485 0.0516374 -0.0766534 0.990112 -0.0259953 0.137849 22.8036 
0.0944552 0.0499908 -0.994273 -9.26857 0.0214814 0.998404 0.0522392 -0.0587 0.995297 -0.0262926 0.0932306 22.8329 
0.0539552 0.0481175 -0.997383 -9.91731 0.0212099 0.998558 0.0493215 -0.0317883 0.998318 -0.0238155 0.0528569 22.8333 
0.0182734 0.0436452 -0.99888 -10.5787 0.0185532 0.99886 0.0439837 0.000899009 0.999661 -0.0193361 0.0174428 22.8098 
-0.0103376 0.0434344 -0.999003 -11.2682 0.0162471 0.998932 0.0432632 0.0342297 0.999815 -0.0157836 -0.0110323 22.773 
-0.0313346 0.0476011 -0.998375 -11.9795 0.0150415 0.998775 0.0471481 0.0617962 0.999396 -0.0135397 -0.0320122 22.725 
-0.044317 0.0535314 -0.997582 -12.7135 0.0166508 0.998464 0.052839 0.0908235 0.998879 -0.0142689 -0.0451403 22.674 
-0.0522771 0.0561417 -0.997053 -13.4714 0.0160846 0.998336 0.0553706 0.12267 0.998503 -0.0131425 -0.0530932 22.6141 
-0.0560687 0.0534605 -0.996995 -14.2385 0.0171462 0.99847 0.0525753 0.152057 0.99828 -0.0141468 -0.0568995 22.5505 
-0.0554361 0.0497547 -0.997222 -15.0189 0.0246566 0.998521 0.0484489 0.185861 0.998158 -0.0219022 -0.0565809 22.5015 
-0.0516094 0.0481721 -0.997505 -15.8573 0.0365028 0.99826 0.04632 0.230371 0.998 -0.0340211 -0.053278 22.4842 
-0.0463992 0.0483034 -0.997754 -16.6882 0.0368808 0.998232 0.0466114 0.264559 0.998242 -0.0346352 -0.0480986 22.442 
-0.0413452 0.0469454 -0.998041 -17.5292 0.0354019 0.998337 0.0454927 0.286842 0.998518 -0.0334517 -0.0429384 22.3868 
-0.038248 0.0406651 -0.998441 -18.392 0.0390745 0.998468 0.0391694 0.319898 0.998504 -0.0375154 -0.0397784 22.3515 
-0.0361393 0.029914 -0.998899 -19.2687 0.0369383 0.998909 0.0285779 0.344912 0.998664 -0.0358648 -0.0372048 22.3085 
-0.0355355 0.0213986 -0.999139 -20.1732 0.0293167 0.999363 0.0203607 0.365305 0.998938 -0.0285679 -0.0361402 22.2479 
-0.0370809 0.0182968 -0.999145 -21.1002 0.0238243 0.999564 0.0174203 0.389338 0.999028 -0.0231579 -0.0375007 22.1924 
-0.0404221 0.0239384 -0.998896 -22.0552 0.0148501 0.999617 0.0233547 0.405281 0.999072 -0.0138896 -0.0407621 22.1162 
-0.0455954 0.0321666 -0.998442 -23.0333 0.0099615 0.999446 0.031744 0.420012 0.99891 -0.00849856 -0.0458906 22.0433 
-0.0504097 0.0414957 -0.997866 -24.0537 0.0086327 0.999117 0.0411116 0.452002 0.998691 -0.00654182 -0.0507234 21.9713 
-0.0520665 0.0514995 -0.997315 -25.0767 0.00737198 0.998662 0.0511842 0.489563 0.998616 -0.00468716 -0.0523765 21.8969 
-0.0531458 0.0591899 -0.996831 -26.1067 0.00918148 0.998229 0.0587833 0.531854 0.998545 -0.00602826 -0.0535951 21.828 
-0.0547236 0.0600576 -0.996694 -27.1213 0.0103082 0.99817 0.0595806 0.576981 0.998448 -0.00701359 -0.0552426 21.7582 
-0.0563531 0.0573197 -0.996764 -28.1442 0.00914125 0.998338 0.0568934 0.622164 0.998369 -0.00590551 -0.0567834 21.679 
-0.0590771 0.0523817 -0.996878 -29.1564 0.00871695 0.998611 0.0519562 0.661665 0.998215 -0.00562028 -0.0594517 21.599 
-0.0636058 0.0471647 -0.99686 -30.1698 0.00900995 0.998869 0.0466849 0.698615 0.997934 -0.00601218 -0.0639588 21.5116 
-0.068895 0.0425695 -0.996715 -31.1851 0.00887884 0.999076 0.0420566 0.733979 0.997584 -0.00595215 -0.0692093 21.4127 
-0.0759559 0.0404983 -0.996288 -32.2166 0.00810385 0.999167 0.0399975 0.76689 0.997078 -0.00503569 -0.0762208 21.3113 
-0.0827034 0.0430578 -0.995644 -33.2763 0.00858167 0.99906 0.0424927 0.799249 0.996537 -0.00502996 -0.0829951 21.2051 
-0.0889834 0.047812 -0.994885 -34.3596 0.00705201 0.998852 0.047372 0.834666 0.996008 -0.00280057 -0.0892185 21.0818 
-0.0950041 0.0506248 -0.994189 -35.4334 0.00426636 0.998718 0.0504477 0.872594 0.995468 0.000551214 -0.0950983 20.9528 
-0.100112 0.0528411 -0.993572 -36.5024 0.00129403 0.998595 0.0529778 0.911711 0.994975 0.00401802 -0.100039 20.8279 
-0.102837 0.0540026 -0.993231 -37.5828 -0.00281268 0.998505 0.0545806 0.953864 0.994694 0.00840659 -0.102531 20.6902 
-0.104752 0.0551546 -0.992968 -38.6601 -0.0070646 0.998395 0.0562013 0.997689 0.994473 0.0129022 -0.104194 20.552 
-0.10619 0.0546779 -0.992841 -39.7458 -0.00866765 0.998398 0.055911 1.04193 0.994308 0.0145428 -0.105546 20.4121 
-0.107608 0.053755 -0.992739 -40.8328 -0.00885694 0.998446 0.0550241 1.08853 0.994154 0.0147137 -0.106965 20.2709 
-0.108558 0.0530814 -0.992672 -41.9302 -0.0102375 0.998461 0.0545105 1.13238 0.994037 0.0160801 -0.107848 20.1235 
-0.109245 0.0521349 -0.992647 -43.0246 -0.0126413 0.99847 0.053832 1.17643 0.993935 0.0184292 -0.108418 19.9747 
-0.109948 0.0496439 -0.992697 -44.1174 -0.0169609 0.998513 0.0518133 1.21708 0.993793 0.0225338 -0.108942 19.8249 
-0.110028 0.0447437 -0.992921 -45.2058 -0.0223333 0.998623 0.0474754 1.25348 0.993678 0.0273989 -0.108877 19.6699 
-0.109156 0.0442523 -0.993039 -46.3129 -0.0238572 0.998604 0.0471227 1.2926 0.993738 0.0288348 -0.107948 19.5229 
-0.107802 0.0485755 -0.992985 -47.4206 -0.0245399 0.998371 0.0515031 1.33038 0.993869 0.0299199 -0.106435 19.3836 
-0.106143 0.0517742 -0.993002 -48.5303 -0.0243156 0.99821 0.0546448 1.36827 0.994054 0.0299456 -0.104694 19.2481 
-0.104516 0.05146 -0.993191 -49.6352 -0.0225237 0.998282 0.054094 1.41623 0.994268 0.028024 -0.103177 19.111 
-0.102259 0.0508495 -0.993457 -50.7556 -0.0222672 0.998325 0.0533907 1.45889 0.994509 0.0275812 -0.100956 18.9812 
-0.0980735 0.0511868 -0.993862 -51.8932 -0.026704 0.998181 0.0540444 1.50645 0.994821 0.0318405 -0.0965283 18.8397 
-0.0922265 0.0521719 -0.99437 -53.039 -0.0315802 0.997971 0.0552898 1.5512 0.995237 0.0365017 -0.0903917 18.7057 
-0.086703 0.0518239 -0.994885 -54.168 -0.0352751 0.99786 0.055053 1.59617 0.99561 0.039868 -0.0846893 18.5837 
-0.0811654 0.0507693 -0.995407 -55.2993 -0.036513 0.99788 0.0538727 1.64708 0.996032 0.0407179 -0.0791396 18.4712 
-0.0757506 0.0502337 -0.995861 -56.4365 -0.0355691 0.997958 0.0530451 1.69032 0.996492 0.0394401 -0.0738092 18.3711 
-0.0707044 0.050201 -0.996233 -57.5705 -0.0335953 0.998046 0.0526766 1.73269 0.996931 0.0371932 -0.0688798 18.2767 
-0.0653015 0.0508435 -0.996569 -58.7112 -0.032512 0.998062 0.05305 1.77648 0.997336 0.0358648 -0.0635219 18.1853 
-0.060194 0.0526025 -0.9968 -59.8618 -0.0309674 0.998031 0.0545375 1.81987 0.997706 0.0341511 -0.0584465 18.1039 
-0.0547911 0.053852 -0.997045 -61.0157 -0.0314964 0.997954 0.0556319 1.86549 0.998001 0.0344515 -0.0529829 18.0243 
-0.0499821 0.0533168 -0.997326 -62.1716 -0.0304807 0.998028 0.0548818 1.90884 0.998285 0.0331423 -0.0482584 17.9537 
-0.0450672 0.0489859 -0.997782 -63.3072 -0.0304936 0.998264 0.0503869 1.94896 0.998518 0.0326968 -0.0434952 17.8797 
-0.0409422 0.0437576 -0.998203 -64.4552 -0.0300089 0.998536 0.0450031 1.98904 0.998711 0.0317975 -0.0395692 17.8184 
-0.0366301 0.0430187 -0.998403 -65.6104 -0.0303366 0.998565 0.0441387 2.03076 0.998868 0.031905 -0.0352725 17.742 
-0.0335452 0.045636 -0.998395 -66.7743 -0.0292808 0.998483 0.0466238 2.06248 0.999008 0.0307978 -0.0321581 17.6878 
-0.0315684 0.0453852 -0.998471 -67.9388 -0.0295575 0.998489 0.0463205 2.09811 0.999065 0.0309746 -0.0301792 17.6316 
-0.0304258 0.0452273 -0.998513 -69.0951 -0.0315225 0.998435 0.0461843 2.13697 0.99904 0.0328809 -0.0289525 17.571 
-0.0296447 0.0459886 -0.998502 -70.2761 -0.0328157 0.998358 0.0469562 2.17401 0.999022 0.0341586 -0.0280868 17.5145 
-0.0285444 0.0453987 -0.998561 -71.4555 -0.0336972 0.998357 0.0463527 2.21504 0.999024 0.0349718 -0.0269677 17.4572 
-0.0274268 0.0434552 -0.998679 -72.6385 -0.0340793 0.998433 0.0443804 2.25112 0.999043 0.0352515 -0.0259029 17.4004 
-0.0269559 0.0423367 -0.99874 -73.8205 -0.0326843 0.998531 0.04321 2.28529 0.999102 0.0338079 -0.0255326 17.349 
-0.0266456 0.0419092 -0.998766 -75.0088 -0.0295407 0.998651 0.0426925 2.32393 0.999208 0.0306418 -0.0253717 17.3015 
-0.0264034 0.0429116 -0.99873 -76.1966 -0.0269348 0.998685 0.0436217 2.3552 0.999288 0.0280523 -0.0252129 17.2558 
-0.0262722 0.0458422 -0.998603 -77.3804 -0.0264523 0.998566 0.0465364 2.38948 0.999305 0.027638 -0.0250219 17.2024 
-0.0258589 0.0493303 -0.998448 -78.565 -0.0291086 0.998321 0.0500779 2.42467 0.999242 0.0303584 -0.0243795 17.1483 
-0.0251603 0.0492517 -0.998469 -79.7333 -0.0315768 0.998248 0.0500365 2.46142 0.999185 0.0327874 -0.0235611 17.0929 
-0.0246788 0.0472932 -0.998576 -80.9106 -0.0330313 0.998296 0.0480963 2.49899 0.99915 0.0341713 -0.0230746 17.0371 
-0.0243047 0.0448531 -0.998698 -82.0876 -0.0327216 0.998422 0.045637 2.53369 0.999169 0.0337883 -0.0227987 16.9855 
-0.0244229 0.0443666 -0.998717 -83.2611 -0.0306839 0.998511 0.0451078 2.56632 0.999231 0.0317463 -0.0230252 16.9388 
-0.0243164 0.0461388 -0.998639 -84.4311 -0.029062 0.99848 0.0468391 2.59604 0.999282 0.0301615 -0.0229385 16.8924 
-0.0238046 0.0489668 -0.998517 -85.6178 -0.0290297 0.998345 0.0496504 2.63398 0.999295 0.0301685 -0.0223437 16.8367 
-0.0232137 0.0511297 -0.998422 -86.7901 -0.0292703 0.998228 0.0518003 2.673 0.999302 0.0304266 -0.0216759 16.7882 
-0.0232431 0.0514064 -0.998407 -87.9554 -0.0307079 0.998169 0.052109 2.71037 0.999258 0.0318702 -0.021622 16.7394 
-0.0231496 0.0492558 -0.998518 -89.1266 -0.0301335 0.998297 0.0499435 2.75153 0.999278 0.0312451 -0.021626 16.695 
-0.0229072 0.0478176 -0.998593 -90.2992 -0.0281767 0.998428 0.048456 2.79136 0.99934 0.0292471 -0.0215239 16.6542 
-0.02313 0.0488105 -0.99854 -91.4723 -0.0265712 0.998425 0.0494203 2.82895 0.999379 0.0276755 -0.0217966 16.6131 
-0.022975 0.0518068 -0.998393 -92.6464 -0.0242797 0.998333 0.0523624 2.86857 0.999441 0.0254438 -0.0216788 16.5706 
-0.0229997 0.0542356 -0.998263 -93.8287 -0.0228658 0.998238 0.054761 2.91477 0.999474 0.0240856 -0.021719 16.5255 
-0.0225089 0.0561778 -0.998167 -95.0071 -0.0233602 0.998118 0.0567018 2.95471 0.999474 0.0245937 -0.0211542 16.4805 
-0.022199 0.0580132 -0.998069 -96.1792 -0.0258974 0.997947 0.0585821 3.00069 0.999418 0.0271479 -0.0206511 16.428 
-0.0220711 0.0572034 -0.998119 -97.3385 -0.0278021 0.997941 0.057808 3.04501 0.99937 0.0290257 -0.0204353 16.3859 
-0.0222087 0.0532346 -0.998335 -98.501 -0.0303013 0.998087 0.0538955 3.09013 0.999294 0.0314478 -0.0205531 16.3342 
-0.0222601 0.0513772 -0.998431 -99.6658 -0.0314079 0.99815 0.052063 3.13741 0.999259 0.0325176 -0.0206052 16.292 
-0.0223037 0.0498757 -0.998506 -100.823 -0.0315454 0.998222 0.0505661 3.17722 0.999253 0.0326262 -0.0206907 16.2488 
-0.0225543 0.0502778 -0.998481 -101.977 -0.0302718 0.998242 0.0509497 3.22012 0.999287 0.0313749 -0.0209927 16.2102 
-0.0227203 0.0525324 -0.998361 -103.145 -0.0303012 0.998124 0.0532095 3.26047 0.999283 0.0314605 -0.0210859 16.1627 
-0.0229553 0.0547926 -0.998234 -104.305 -0.0290701 0.998038 0.0554504 3.30319 0.999314 0.0302917 -0.0213174 16.1204 
-0.0236669 0.053604 -0.998282 -105.471 -0.0327254 0.997985 0.0543639 3.35123 0.999184 0.0339558 -0.0218649 16.0692 
-0.0240131 0.0547466 -0.998212 -106.639 -0.0367923 0.997775 0.0556077 3.39949 0.999034 0.0380618 -0.0219454 16.0153 
-0.0244608 0.0537972 -0.998252 -107.805 -0.0401115 0.997694 0.05475 3.44606 0.998896 0.0413807 -0.0222466 15.9644 
-0.0247513 0.0499078 -0.998447 -108.979 -0.0407816 0.997871 0.05089 3.49202 0.998862 0.0419779 -0.0226633 15.9122 
-0.0255162 0.0459345 -0.998619 -110.155 -0.0409584 0.998057 0.0469552 3.53643 0.998835 0.0421 -0.0235852 15.8628 
-0.026524 0.0450569 -0.998632 -111.352 -0.037165 0.998249 0.0460267 3.57999 0.998957 0.038335 -0.024803 15.809 
-0.027084 0.0443284 -0.99865 -112.564 -0.0323771 0.998453 0.0451977 3.6233 0.999109 0.0335576 -0.0256068 15.7636 
-0.0279688 0.0460805 -0.998546 -113.778 -0.0314252 0.998403 0.0469541 3.66741 0.999115 0.0326928 -0.026476 15.7194 
-0.0288747 0.0499723 -0.998333 -115.007 -0.0303357 0.998246 0.0508453 3.71027 0.999123 0.0317534 -0.0273081 15.6646 
-0.0296057 0.0500131 -0.99831 -116.248 -0.0289102 0.998287 0.0508693 3.75979 0.999144 0.0303674 -0.0281091 15.6138 
-0.0303799 0.0454478 -0.998505 -117.499 -0.0288097 0.998511 0.0463246 3.81164 0.999123 0.030174 -0.0290253 15.5562 
-0.0312178 0.0415982 -0.998647 -118.764 -0.0289022 0.998678 0.042503 3.85821 0.999095 0.03019 -0.0299742 15.492 
-0.0319791 0.040259 -0.998677 -120.009 -0.0280366 0.998759 0.0411601 3.89616 0.999095 0.0293159 -0.0308107 15.4254 
-0.0326186 0.0414833 -0.998607 -121.257 -0.0299286 0.99865 0.0424627 3.93411 0.99902 0.0312721 -0.031333 15.3587 
-0.0331827 0.0459636 -0.998392 -122.516 -0.0345479 0.998292 0.0471072 3.97457 0.998852 0.0360555 -0.0315381 15.2898 
-0.03364 0.0490425 -0.99823 -123.777 -0.0399752 0.99793 0.0503749 4.01696 0.998634 0.0415991 -0.0316099 15.2174 
-0.0341255 0.048482 -0.998241 -125.035 -0.0467056 0.997654 0.0500501 4.0645 0.998326 0.0483315 -0.031781 15.1465 
-0.0343792 0.0465276 -0.998325 -126.303 -0.0500225 0.997584 0.0482156 4.10581 0.998156 0.0515964 -0.0319687 15.0788 
-0.0351787 0.0452002 -0.998358 -127.569 -0.0520574 0.997538 0.0469973 4.14841 0.998024 0.0536253 -0.0327391 15.0114 
-0.0359188 0.0447778 -0.998351 -128.853 -0.052504 0.997531 0.04663 4.18671 0.997975 0.0540924 -0.0334791 14.9406 
-0.0365383 0.0439134 -0.998367 -130.118 -0.0500474 0.9977 0.0457157 4.22603 0.998078 0.0516361 -0.0342565 14.8753 
-0.0370438 0.0443914 -0.998327 -131.385 -0.0499667 0.997681 0.0462167 4.26974 0.998064 0.0515952 -0.0347398 14.8075 
-0.037785 0.0492817 -0.99807 -132.666 -0.0493976 0.99747 0.0511222 4.31637 0.998064 0.051234 -0.035255 14.7346 
-0.0386946 0.0533189 -0.997828 -133.946 -0.0477713 0.997335 0.0551451 4.36216 0.998109 0.0498014 -0.0360444 14.6713 
-0.0389853 0.0519471 -0.997889 -135.209 -0.048387 0.997378 0.0538109 4.41181 0.998068 0.0503827 -0.0363695 14.6032 
-0.0384443 0.0504268 -0.997988 -136.466 -0.047859 0.997487 0.0522451 4.46386 0.998114 0.0497713 -0.0359343 14.5327 
-0.0374962 0.0499538 -0.998047 -137.72 -0.0469676 0.997558 0.0516939 4.50646 0.998192 0.0488143 -0.0350584 14.4663 
-0.0367754 0.0492044 -0.998112 -138.981 -0.047398 0.997577 0.0509245 4.55219 0.998199 0.0491813 -0.0343541 14.3978 
-0.0365508 0.0510276 -0.998028 -140.243 -0.0473442 0.997486 0.0527337 4.60175 0.99821 0.0491784 -0.0340431 14.3405 
-0.036027 0.054753 -0.99785 -141.509 -0.0482482 0.997238 0.0564614 4.64852 0.998185 0.0501786 -0.0332858 14.2742 
-0.0347948 0.0557572 -0.997838 -142.774 -0.0498736 0.997102 0.0574551 4.69894 0.998149 0.0517649 -0.0319132 14.2075 
-0.0341386 0.0529729 -0.998012 -144.03 -0.0517598 0.997161 0.0546982 4.74789 0.998076 0.0535243 -0.0312998 14.1402 
-0.034304 0.0499398 -0.998163 -145.278 -0.0504225 0.997392 0.0516342 4.79644 0.998139 0.0521011 -0.0316964 14.0749 
-0.0344126 0.0483546 -0.998237 -146.534 -0.0478415 0.997604 0.0499732 4.84295 0.998262 0.049477 -0.0320168 14.0169 
-0.034844 0.0478498 -0.998247 -147.78 -0.0464345 0.997697 0.0494443 4.88617 0.998313 0.048076 -0.0325418 13.9553 
-0.0352575 0.0482628 -0.998212 -149.032 -0.0441063 0.997785 0.0498 4.92699 0.998405 0.0457833 -0.0330507 13.8974 
-0.0354657 0.0468985 -0.99827 -150.283 -0.0423537 0.99793 0.0483872 4.96921 0.998473 0.0439966 -0.033406 13.8314 
-0.0356059 0.046948 -0.998263 -151.532 -0.0413317 0.997972 0.0484085 5.01298 0.998511 0.0429836 -0.0335933 13.7665 
-0.036211 0.0496915 -0.998108 -152.782 -0.0390174 0.997931 0.0510983 5.05647 0.998582 0.0407939 -0.0341973 13.7065 
-0.0366371 0.0508249 -0.998035 -154.031 -0.0365858 0.997968 0.0521645 5.10624 0.998659 0.0384251 -0.0347032 13.6495 
-0.0371031 0.0497851 -0.998071 -155.258 -0.0343375 0.998105 0.0510633 5.14464 0.998721 0.0361659 -0.0353233 13.589 
-0.0380505 0.0498019 -0.998034 -156.487 -0.0353185 0.998066 0.05115 5.19069 0.998652 0.0371953 -0.036218 13.5224 
-0.0382194 0.0543803 -0.997789 -157.737 -0.0358975 0.997799 0.0557559 5.23932 0.998624 0.0379491 -0.0361831 13.4537 
-0.0379339 0.0604328 -0.997451 -158.981 -0.0408403 0.997242 0.0619733 5.29267 0.998445 0.0430872 -0.0353612 13.3814 
-0.0371729 0.0600886 -0.997501 -160.21 -0.0453171 0.997062 0.061751 5.35077 0.998281 0.0474993 -0.0343406 13.3093 
-0.0362176 0.0562974 -0.997757 -161.446 -0.0489932 0.997111 0.0580394 5.40453 0.998142 0.0509854 -0.0333548 13.2415 
-0.0343897 0.0505803 -0.998128 -162.687 -0.0511235 0.997322 0.0523009 5.45987 0.9981 0.0528265 -0.0317117 13.165 
-0.0330689 0.0485666 -0.998272 -163.947 -0.053625 0.997294 0.0502954 5.51534 0.998013 0.0551956 -0.030375 13.08 
-0.0317618 0.0456347 -0.998453 -165.171 -0.0481477 0.997728 0.0471331 5.55632 0.998335 0.0495703 -0.0294924 13.0195 
-0.0315088 0.0410834 -0.998659 -166.395 -0.0450483 0.998081 0.042481 5.59801 0.998488 0.0463264 -0.0295976 12.9584 
-0.0320588 0.0376661 -0.998776 -167.619 -0.0379813 0.998522 0.0388756 5.63407 0.998764 0.0391811 -0.0305808 12.9109 
-0.0336057 0.0407256 -0.998605 -168.862 -0.0355418 0.998489 0.041917 5.66903 0.998803 0.0369009 -0.0321075 12.8592 
-0.033096 0.0472011 -0.998337 -170.107 -0.0360031 0.99818 0.0483872 5.70253 0.998804 0.0375447 -0.0313364 12.7992 
-0.0319121 0.0501922 -0.99823 -171.341 -0.0377384 0.997966 0.0513854 5.745 0.998778 0.0393114 -0.029953 12.7421 
-0.0302592 0.0468781 -0.998442 -172.567 -0.0387164 0.998095 0.0480351 5.78921 0.998792 0.0401096 -0.0283866 12.6815 
-0.0300533 0.0467325 -0.998455 -173.791 -0.0409502 0.99801 0.0479443 5.83166 0.998709 0.0423278 -0.0280798 12.6258 
-0.0292009 0.0479456 -0.998423 -175.011 -0.0391057 0.99803 0.0490704 5.86684 0.998808 0.040477 -0.0272684 12.5747 
-0.0286554 0.0459736 -0.998532 -176.213 -0.0390001 0.99813 0.0470743 5.90453 0.998828 0.0402918 -0.0268088 12.5184 
-0.0272642 0.0442183 -0.99865 -177.403 -0.0391254 0.998208 0.0452669 5.94364 0.998862 0.0403068 -0.0254853 12.4696 
-0.0257198 0.0460958 -0.998606 -178.563 -0.0406614 0.998061 0.047118 5.97249 0.998842 0.0418166 -0.0237957 12.4178 
-0.0247241 0.048018 -0.99854 -179.694 -0.0404145 0.997981 0.0489918 5.99724 0.998877 0.0415668 -0.0227336 12.375 
-0.024419 0.049336 -0.998484 -180.792 -0.0411068 0.997887 0.0503118 6.02622 0.998856 0.0422731 -0.0223393 12.3306 
-0.0243166 0.0504694 -0.99843 -181.871 -0.041675 0.997806 0.0514529 6.05448 0.998835 0.0428607 -0.0221599 12.2851 
-0.0245124 0.0515113 -0.998372 -182.936 -0.041093 0.997776 0.0524895 6.08338 0.998855 0.0423127 -0.0223412 12.2366 
-0.023942 0.0506576 -0.998429 -183.966 -0.0410925 0.997821 0.0516122 6.11387 0.998868 0.0422637 -0.0218082 12.1898 
-0.0225595 0.0504597 -0.998471 -184.964 -0.0417198 0.997808 0.0513688 6.14224 0.998875 0.0428149 -0.0204049 12.1466 
-0.0212163 0.0512049 -0.998463 -185.925 -0.0424021 0.997743 0.052069 6.17082 0.998875 0.0434417 -0.0189972 12.1074 
-0.0219693 0.0497827 -0.998518 -186.876 -0.0408242 0.997882 0.0506492 6.19492 0.998925 0.0418765 -0.0198904 12.0678 
-0.0253666 0.0468829 -0.998578 -187.817 -0.0385766 0.99811 0.0478408 6.21941 0.998934 0.0397353 -0.0235101 12.034 
-0.030306 0.0430932 -0.998611 -188.774 -0.0383196 0.998286 0.0442421 6.25016 0.998806 0.0396072 -0.0286027 11.9818 
-0.0355584 0.0398893 -0.998571 -189.712 -0.0400707 0.998343 0.0413071 6.2806 0.998564 0.0414823 -0.0339011 11.9294 
-0.039659 0.0388922 -0.998456 -190.644 -0.0419024 0.998299 0.0405504 6.30648 0.998334 0.043446 -0.0379618 11.8744 
-0.0430465 0.0396362 -0.998287 -191.57 -0.0436958 0.998182 0.0415163 6.32687 0.998117 0.0454081 -0.0412363 11.8223 
-0.0452472 0.0412449 -0.998124 -192.532 -0.0421909 0.998177 0.0431597 6.35691 0.998085 0.0440646 -0.0434246 11.7629 
-0.0470991 0.0427357 -0.997976 -193.468 -0.039051 0.998242 0.0445901 6.38615 0.998127 0.0410722 -0.0453474 11.7075 
-0.0487239 0.0434022 -0.997869 -194.379 -0.0374664 0.998273 0.0452492 6.40776 0.998109 0.0395913 -0.0470136 11.6515 
-0.0496435 0.0423218 -0.99787 -195.299 -0.0375082 0.998318 0.0442068 6.43174 0.998062 0.039623 -0.0479726 11.5877 
-0.0504521 0.0406939 -0.997897 -196.212 -0.0393376 0.998313 0.0426997 6.46368 0.997952 0.0414092 -0.0487662 11.5189 
-0.0504937 0.0399054 -0.997927 -197.118 -0.0429668 0.99819 0.04209 6.48604 0.9978 0.0450031 -0.0486877 11.4513 
-0.0498936 0.0377922 -0.998039 -198.032 -0.045369 0.998167 0.0400651 6.51314 0.997724 0.047279 -0.0480876 11.3871 
-0.049262 0.0352395 -0.998164 -198.944 -0.0456023 0.998256 0.0374934 6.53401 0.997744 0.0473656 -0.0475691 11.3288 
-0.0491787 0.0326305 -0.998257 -199.854 -0.0456877 0.998347 0.0348842 6.55537 0.997745 0.0473236 -0.0476066 11.2703 
-0.0485456 0.0320497 -0.998307 -200.781 -0.0459413 0.998356 0.0342853 6.5788 0.997764 0.0475279 -0.0469934 11.2059 
-0.0482865 0.034741 -0.998229 -201.712 -0.043377 0.998379 0.0368445 6.60202 0.997891 0.0450793 -0.0467013 11.15 
-0.0483282 0.0362184 -0.998175 -202.654 -0.042779 0.99835 0.038296 6.62001 0.997915 0.0445517 -0.0466991 11.086 
-0.04739 0.0325053 -0.998347 -203.597 -0.0381884 0.998681 0.0343289 6.64246 0.998146 0.0397522 -0.0460862 11.0259 
-0.0469302 0.0293152 -0.998468 -204.537 -0.036793 0.99884 0.0310555 6.66815 0.99822 0.0381941 -0.0457972 10.9627 
-0.0464093 0.0295329 -0.998486 -205.489 -0.0414706 0.998644 0.0314651 6.69229 0.998061 0.0428681 -0.0451217 10.8943 
-0.0452361 0.0335505 -0.998413 -206.451 -0.0430285 0.998443 0.0355011 6.70876 0.998049 0.0445662 -0.0437221 10.8308 
-0.0432465 0.0330355 -0.998518 -207.412 -0.0405587 0.998571 0.0347939 6.73292 0.998241 0.0420033 -0.0418449 10.7738 
-0.0412878 0.0340918 -0.998566 -208.38 -0.0392398 0.998591 0.0357152 6.76169 0.998377 0.0406582 -0.0398918 10.7189 
-0.0395204 0.0389149 -0.998461 -209.37 -0.0399178 0.998382 0.0404918 6.78826 0.998421 0.0414567 -0.037903 10.6596 
-0.0375567 0.0427864 -0.998378 -210.365 -0.0370092 0.998338 0.0441769 6.81902 0.998609 0.0386084 -0.0359108 10.6029 
-0.0365735 0.0433064 -0.998392 -211.361 -0.0364779 0.998337 0.0446402 6.8499 0.998665 0.0380519 -0.034933 10.5541 
-0.0346663 0.043828 -0.998437 -212.371 -0.0397488 0.998187 0.0451971 6.88342 0.998608 0.0412536 -0.0328614 10.4991 
-0.0320671 0.0454313 -0.998453 -213.393 -0.0426991 0.997992 0.0467817 6.91801 0.998573 0.0441332 -0.0300628 10.4457 
-0.0282096 0.0455632 -0.998563 -214.422 -0.0440386 0.997934 0.0467786 6.95302 0.998632 0.0452949 -0.0261448 10.3921 
-0.0253567 0.043093 -0.998749 -215.453 -0.0470092 0.997914 0.0442504 6.98615 0.998573 0.0480725 -0.0232781 10.342 
-0.0227849 0.0396981 -0.998952 -216.488 -0.047027 0.998063 0.0407354 7.02042 0.998634 0.0479059 -0.0208739 10.3029 
-0.0209296 0.0387738 -0.999029 -217.53 -0.0467847 0.998115 0.0397185 7.05279 0.998686 0.0475706 -0.0190761 10.2591 
-0.0195679 0.0407063 -0.99898 -218.581 -0.047035 0.998027 0.0415888 7.08405 0.998702 0.0478009 -0.0176147 10.222 
-0.0181722 0.0442674 -0.998854 -219.648 -0.0490972 0.997775 0.0451127 7.11377 0.998629 0.0498608 -0.0159583 10.1803 
-0.0165659 0.0437454 -0.998905 -220.713 -0.0491955 0.997797 0.0445127 7.1473 0.998652 0.0498791 -0.0143773 10.1374 
-0.0154445 0.0411953 -0.999032 -221.785 -0.0481315 0.997962 0.0418952 7.177 0.998722 0.048732 -0.0134303 10.0994 
-0.0154375 0.0383353 -0.999146 -222.871 -0.0457254 0.998192 0.0390052 7.20895 0.998835 0.0462885 -0.0136567 10.0642 
-0.0155697 0.0373597 -0.999181 -223.957 -0.0439492 0.99831 0.038012 7.23679 0.998912 0.0445051 -0.0139015 10.0307 
-0.0153476 0.0363275 -0.999222 -225.06 -0.0440377 0.998346 0.036972 7.26671 0.998912 0.0445709 -0.0137225 9.99179 
-0.0151368 0.0363407 -0.999225 -226.165 -0.0442831 0.998334 0.0369792 7.29411 0.998904 0.0448086 -0.0135023 9.95688 
-0.0153991 0.037377 -0.999183 -227.281 -0.0466833 0.998184 0.0380591 7.32121 0.998791 0.0472312 -0.0136263 9.91971 
-0.0159533 0.0394335 -0.999095 -228.407 -0.0471128 0.998083 0.0401458 7.35404 0.998762 0.0477107 -0.0140648 9.88319 
-0.0168529 0.0411374 -0.999011 -229.544 -0.0473766 0.997998 0.0418949 7.38786 0.998735 0.0480359 -0.0148702 9.84206 
-0.0176972 0.0429044 -0.998922 -230.698 -0.0484632 0.997868 0.0437177 7.42522 0.998668 0.0491847 -0.0155802 9.80606 
-0.0187086 0.0438535 -0.998863 -231.852 -0.0508517 0.997703 0.044755 7.46189 0.998531 0.0516312 -0.0164356 9.76177 
-0.0192822 0.0425014 -0.99891 -233.006 -0.0529821 0.997649 0.0434705 7.50091 0.998409 0.0537626 -0.016985 9.70283 
-0.0202965 0.0380325 -0.99907 -234.164 -0.0513956 0.997915 0.0390327 7.53567 0.998472 0.0521401 -0.0182995 9.65604 
-0.0215732 0.0319221 -0.999258 -235.334 -0.0485411 0.998278 0.0329388 7.56731 0.998588 0.0492157 -0.0199865 9.60882 
-0.0235175 0.0275865 -0.999343 -236.512 -0.0438234 0.99863 0.0285981 7.59423 0.998762 0.0444672 -0.0222763 9.56145 
-0.0257633 0.0278952 -0.999279 -237.703 -0.0375714 0.998877 0.0288526 7.61622 0.998962 0.0382877 -0.0246863 9.51721 
-0.028189 0.0321064 -0.999087 -238.909 -0.033351 0.998897 0.0330413 7.63866 0.999046 0.034252 -0.0270871 9.46552 
-0.0299251 0.0346552 -0.998951 -240.13 -0.0312733 0.998877 0.0355894 7.66239 0.999063 0.0323056 -0.0288077 9.40248 
-0.0319176 0.0341453 -0.998907 -241.346 -0.0296314 0.998945 0.0350934 7.68981 0.999051 0.0307191 -0.0308721 9.34279 
-0.0341653 0.0347971 -0.99881 -242.553 -0.0299521 0.998909 0.0358251 7.7199 0.998967 0.0311405 -0.0330858 9.27864 
-0.0362187 0.0363413 -0.998683 -243.777 -0.0289374 0.998881 0.037398 7.74941 0.998925 0.0302538 -0.0351266 9.21415 
-0.0384377 0.0359221 -0.998615 -245.001 -0.0278367 0.998927 0.0370048 7.77928 0.998873 0.0292206 -0.0373965 9.14429 
-0.0405426 0.0345924 -0.998579 -246.223 -0.0278044 0.998974 0.035735 7.80522 0.998791 0.0292137 -0.0395392 9.06613 
-0.0426926 0.0343263 -0.998498 -247.457 -0.0276401 0.998987 0.0355249 7.83265 0.998706 0.0291153 -0.0417005 8.9876 
-0.0450585 0.0352434 -0.998363 -248.701 -0.0280415 0.998939 0.0365293 7.86296 0.998591 0.0296416 -0.0440225 8.90811 
-0.047249 0.0357309 -0.998244 -249.953 -0.0285335 0.998904 0.0371051 7.88832 0.998476 0.0302366 -0.0461776 8.82093 
-0.0498334 0.0365753 -0.998088 -251.213 -0.02986 0.998828 0.0380933 7.91981 0.998311 0.0317012 -0.0486828 8.73611 
-0.052274 0.0382783 -0.997899 -252.471 -0.0313985 0.998708 0.0399542 7.9499 0.998139 0.0334211 -0.0510046 8.64913 
-0.0536561 0.0391257 -0.997793 -253.732 -0.0331511 0.998612 0.0409405 7.97951 0.998009 0.0352747 -0.0522845 8.55721 
-0.0548229 0.0394015 -0.997718 -254.994 -0.0356176 0.998508 0.0413898 8.01102 0.997861 0.0378055 -0.0533377 8.4656 
-0.0547873 0.0395515 -0.997714 -256.266 -0.0363368 0.998474 0.041577 8.04412 0.997837 0.0385317 -0.0532665 8.36605 
-0.0548148 0.0382533 -0.997764 -257.547 -0.0353194 0.998566 0.0402245 8.08176 0.997872 0.0374454 -0.0533851 8.26967 
-0.0547996 0.0374263 -0.997796 -258.801 -0.032335 0.998707 0.0392363 8.1104 0.997974 0.0344139 -0.0535185 8.1829 
-0.0552203 0.0372248 -0.99778 -260.075 -0.0311398 0.998755 0.0389846 8.14077 0.997989 0.0332234 -0.0539924 8.0922 
-0.0552313 0.0375104 -0.997769 -261.334 -0.0308987 0.998751 0.0392578 8.17275 0.997995 0.0329981 -0.0540033 7.99939 
-0.0551877 0.0375772 -0.997769 -262.602 -0.0299358 0.99878 0.0392711 8.1992 0.998027 0.0320363 -0.0539954 7.91233 
-0.0549155 0.0381739 -0.997761 -263.886 -0.0298458 0.99876 0.0398548 8.23322 0.998045 0.0319677 -0.0537081 7.81861 
-0.0551469 0.03937 -0.997702 -265.154 -0.0272569 0.998791 0.0409195 8.26203 0.998106 0.0294509 -0.0540072 7.73319 
-0.0554556 0.0419231 -0.997581 -266.415 -0.0228133 0.998804 0.0432427 8.29209 0.998201 0.0251562 -0.0544328 7.6531 
-0.0560519 0.0456211 -0.997385 -267.661 -0.0196103 0.998713 0.0467839 8.32367 0.998235 0.0221814 -0.0550851 7.57058 
-0.0560346 0.0482632 -0.997262 -268.918 -0.0177173 0.998626 0.0493247 8.35882 0.998272 0.0204327 -0.0551025 7.48254 
-0.055853 0.0467055 -0.997346 -270.15 -0.0183204 0.998689 0.0477944 8.39403 0.998271 0.0209413 -0.0549241 7.38904 
-0.0557774 0.0450777 -0.997425 -271.377 -0.0210374 0.998706 0.046312 8.43262 0.998222 0.0235664 -0.0547569 7.29281 
-0.0563309 0.0479387 -0.997261 -272.616 -0.0268196 0.998414 0.0495091 8.47276 0.998052 0.0295351 -0.0549558 7.19224 
-0.0563823 0.0536975 -0.996964 -273.855 -0.0318267 0.997949 0.0555505 8.51372 0.997902 0.0348622 -0.0545576 7.09298 
-0.0560483 0.05294 -0.997024 -275.077 -0.0362187 0.997828 0.0550188 8.55989 0.997771 0.0391947 -0.0540091 6.99317 
-0.0556937 0.0460876 -0.997384 -276.313 -0.0356921 0.998204 0.0481185 8.60546 0.99781 0.0382786 -0.0539487 6.90021 
-0.0565176 0.0408367 -0.997566 -277.534 -0.0326043 0.998555 0.0427244 8.63881 0.997869 0.0349397 -0.0551045 6.81634 
-0.0566963 0.0399923 -0.99759 -278.765 -0.0265086 0.998785 0.0415468 8.67241 0.99804 0.0288003 -0.0555673 6.73725 
-0.0558751 0.0420106 -0.997554 -279.992 -0.0233408 0.998786 0.0433699 8.69991 0.998165 0.0257071 -0.0548267 6.65152 
-0.0544441 0.043744 -0.997558 -281.238 -0.0223443 0.998736 0.0450152 8.74293 0.998267 0.0247406 -0.0533979 6.56595 
-0.0532948 0.0459703 -0.99752 -282.505 -0.0236422 0.998602 0.0472833 8.78366 0.998299 0.0261036 -0.0521334 6.47426 
-0.0523488 0.0474311 -0.997502 -283.732 -0.0248952 0.998499 0.048785 8.81771 0.998319 0.0273869 -0.0510894 6.38845 
-0.0517152 0.0483708 -0.99749 -284.967 -0.0256158 0.998433 0.0497447 8.85662 0.998333 0.0281241 -0.0503952 6.30367 
-0.0509482 0.0478944 -0.997552 -286.199 -0.025146 0.998471 0.0492228 8.89123 0.998385 0.0275923 -0.049666 6.21784 
-0.0508479 0.0462315 -0.997636 -287.433 -0.0260315 0.998527 0.0475996 8.93139 0.998367 0.0283903 -0.0495695 6.13748 
-0.0507578 0.045254 -0.997685 -288.668 -0.0262994 0.998566 0.0466319 8.96556 0.998365 0.0286055 -0.0494948 6.0577 
-0.0508635 0.0448186 -0.997699 -289.905 -0.0264473 0.998582 0.0462065 9.00439 0.998355 0.0287367 -0.049606 5.97765 
-0.0507406 0.044751 -0.997709 -291.132 -0.0267025 0.998578 0.046148 9.03753 0.998355 0.0289829 -0.0494734 5.89574 
-0.0506437 0.0450989 -0.997698 -292.369 -0.0272941 0.998544 0.0465226 9.07329 0.998344 0.0295874 -0.049339 5.80913 
-0.0505832 0.0452528 -0.997694 -293.596 -0.0265761 0.998558 0.0466394 9.10904 0.998366 0.028874 -0.0493076 5.73021 
-0.0506908 0.0438357 -0.997752 -294.823 -0.0263064 0.998631 0.0452108 9.1396 0.998368 0.0285391 -0.0494683 5.64746 
-0.0507401 0.041304 -0.997857 -296.054 -0.0256896 0.99876 0.0426476 9.1715 0.998381 0.0277985 -0.0496161 5.56503 
-0.0508941 0.0382651 -0.997971 -297.281 -0.0267704 0.998854 0.0396642 9.20616 0.998345 0.0287348 -0.0498114 5.47199 
-0.0510126 0.0368256 -0.998019 -298.512 -0.0282382 0.998867 0.0383002 9.23554 0.998299 0.030136 -0.0499149 5.37456 
-0.0511496 0.0368106 -0.998012 -299.756 -0.0316279 0.99876 0.0384592 9.26579 0.99819 0.0335323 -0.0499219 5.27548 
-0.0512132 0.0377754 -0.997973 -300.992 -0.0349377 0.998605 0.0395922 9.29547 0.998076 0.0368946 -0.0498219 5.17802 
-0.051466 0.038629 -0.997927 -302.237 -0.0386311 0.998427 0.0406407 9.32757 0.997927 0.0406427 -0.0498928 5.08007 
-0.0517924 0.0385871 -0.997912 -303.472 -0.0402023 0.998363 0.040691 9.35875 0.997848 0.0422259 -0.0501563 4.99031 
-0.0522396 0.0364985 -0.997967 -304.709 -0.0401655 0.998447 0.0386186 9.38787 0.997827 0.0421013 -0.0506924 4.90308 
-0.0530195 0.0343273 -0.998003 -305.958 -0.037677 0.998629 0.0363505 9.41889 0.997882 0.0395291 -0.0516535 4.82012 
-0.0538322 0.0339971 -0.997971 -307.211 -0.0349429 0.998744 0.0359083 9.44877 0.997938 0.036805 -0.0525766 4.73165 
-0.0552642 0.0358823 -0.997827 -308.474 -0.0326934 0.998753 0.0377263 9.47962 0.997936 0.0347073 -0.0540221 4.65572 
