1 2.12261e-08 -2.11895e-08 -2.30545e-15 2.12261e-08 1 2.10703e-08 -8.88178e-16 -2.11895e-08 2.10703e-08 1 -2.31482e-14 
0.999996 0.00268095 -0.000218909 -0.00519681 -0.00268056 0.999995 0.00157133 -0.0155426 0.000223079 -0.00157069 0.999999 0.794946 
0.999986 0.00525296 -0.00021598 -0.0170025 -0.00525247 0.999984 0.0019916 -0.0320286 0.000226396 -0.0019904 0.999998 1.56435 
0.999978 0.0067131 0.00011641 -0.0310384 -0.00671324 0.999976 0.00164243 -0.0476532 -0.000105424 -0.00164313 0.999999 2.31026 
0.999963 0.00862933 0.000158099 -0.0478142 -0.0086295 0.999962 0.00141471 -0.0625345 -0.000145928 -0.00141598 0.999999 3.03999 
0.999961 0.00882964 0.000232002 -0.0511801 -0.00882988 0.99996 0.00124781 -0.074095 -0.000221017 -0.00124977 0.999999 3.7706 
0.999963 0.00866316 -0.00010829 -0.0579017 -0.00866283 0.99996 0.00238237 -0.0938106 0.000128881 -0.0023813 0.999997 4.45723 
0.999956 0.00941477 0.00021458 -0.0663926 -0.00941566 0.999944 0.00488112 -0.102353 -0.000168656 -0.00488289 0.999988 5.14708 
0.999957 0.00911126 0.00170101 -0.0802733 -0.0091258 0.99992 0.00877548 -0.110167 -0.00162096 -0.00879058 0.99996 5.82284 
0.999962 0.00831275 0.00280432 -0.0819347 -0.00834659 0.99989 0.0122934 -0.117617 -0.00270186 -0.0123163 0.999921 6.47645 
0.999966 0.00743606 0.00347617 -0.0785152 -0.00748574 0.999867 0.0145166 -0.124505 -0.00336781 -0.0145421 0.999889 7.1019 
0.999958 0.00801781 0.00455916 -0.088124 -0.0080829 0.999863 0.0144524 -0.135315 -0.0044427 -0.0144886 0.999885 7.6882 
0.999949 0.00861664 0.00526259 -0.0844218 -0.00867818 0.999893 0.0117918 -0.140316 -0.00516047 -0.0118368 0.999917 8.257 
0.999944 0.00871834 0.00607969 -0.0891872 -0.00877316 0.999921 0.00905695 -0.147408 -0.00600029 -0.00910974 0.999941 8.78866 
0.999948 0.00692543 0.00751373 -0.0848342 -0.00698215 0.999947 0.00755481 -0.150792 -0.00746105 -0.00760683 0.999943 9.30164 
0.99995 0.00320079 0.00950955 -0.0860301 -0.00325052 0.999981 0.00522347 -0.156746 -0.0094927 -0.00525408 0.999941 9.78062 
0.999936 0.00130546 0.0112534 -0.0824465 -0.00135244 0.99999 0.00417193 -0.165349 -0.0112479 -0.00418684 0.999928 10.2236 
0.999897 0.00534789 0.013298 -0.0871928 -0.00537833 0.999983 0.00225796 -0.176589 -0.0132857 -0.00232921 0.999909 10.6441 
0.999818 0.00989667 0.0163005 -0.0936237 -0.00992049 0.99995 0.00138338 -0.185009 -0.0162861 -0.0015448 0.999866 11.0265 
0.999752 0.0102298 0.0197651 -0.0935471 -0.0102813 0.999944 0.00250901 -0.193379 -0.0197384 -0.00271156 0.999802 11.3804 
0.999721 0.00611049 0.022823 -0.0824158 -0.00618195 0.999976 0.00306379 -0.198909 -0.0228038 -0.00320398 0.999735 11.7037 
0.99968 0.00130159 0.0252525 -0.0677815 -0.00137647 0.999995 0.00294976 -0.203766 -0.0252486 -0.00298354 0.999677 11.9944 
0.999616 -0.00218557 0.0276422 -0.0574653 0.00206652 0.999989 0.00433648 -0.209095 -0.0276514 -0.00427765 0.999609 12.2588 
0.999536 -0.00261191 0.0303424 -0.0541684 0.00244871 0.999982 0.00541596 -0.214999 -0.0303561 -0.0053391 0.999525 12.4891 
0.999468 -0.00180931 0.0325751 -0.0535664 0.00166303 0.999988 0.0045182 -0.219219 -0.0325829 -0.00446158 0.999459 12.6932 
0.999398 -0.000768623 0.0346738 -0.0487335 0.000662351 0.999995 0.00307753 -0.223347 -0.034676 -0.00305267 0.999394 12.8813 
0.999305 0.00133249 0.0372574 -0.0481511 -0.00142039 0.999996 0.002334 -0.228555 -0.0372542 -0.00238525 0.999303 13.0527 
0.999232 0.00399859 0.0389754 -0.0497474 -0.00407422 0.99999 0.00186242 -0.238103 -0.0389676 -0.00201974 0.999238 13.2196 
0.999172 0.00511818 0.0403637 -0.0464352 -0.00514549 0.999987 0.000573687 -0.245358 -0.0403603 -0.000780861 0.999185 13.3788 
0.999098 0.00424489 0.0422481 -0.0369583 -0.00419971 0.999991 -0.00115714 -0.248928 -0.0422526 0.000978707 0.999107 13.5302 
0.999048 0.00283059 0.0435349 -0.0244848 -0.00272524 0.999993 -0.00247802 -0.252162 -0.0435416 0.00235706 0.999049 13.6802 
0.999001 0.00201201 0.0446346 -0.0160867 -0.00185946 0.999992 -0.00345798 -0.255056 -0.0446413 0.00337157 0.998997 13.8206 
0.998929 0.00258474 0.0462031 -0.0121014 -0.00236377 0.999986 -0.00483562 -0.258845 -0.046215 0.00472127 0.99892 13.9534 
0.99887 0.00368448 0.0473912 -0.00617915 -0.00335974 0.99997 -0.00692937 -0.261486 -0.0474154 0.00676235 0.998852 14.0816 
0.998824 0.00379036 0.048331 -0.00325528 -0.00335373 0.999953 -0.00911128 -0.263882 -0.0483633 0.00893852 0.99879 14.2058 
0.998789 0.00294394 0.0491028 0.00229737 -0.00239123 0.999933 -0.0113102 -0.267841 -0.0491328 0.0111791 0.99873 14.3289 
0.99882 0.00186995 0.0485401 0.0104596 -0.00123037 0.999912 -0.013202 -0.271087 -0.0485605 0.0131268 0.998734 14.4569 
0.998916 0.00129659 0.0465317 0.0135926 -0.000634131 0.999898 -0.0142477 -0.275467 -0.0465454 0.0142028 0.998815 14.5853 
0.999043 0.00157215 0.0437018 0.0131883 -0.00090843 0.999884 -0.0152023 -0.278096 -0.0437207 0.0151481 0.998929 14.7125 
0.999215 0.00195563 0.0395764 0.00945805 -0.00131574 0.999868 -0.016187 -0.285294 -0.0396028 0.0161223 0.999085 14.8352 
0.999432 0.00193676 0.03365 0.0113683 -0.0013488 0.999846 -0.0174853 -0.285859 -0.0336787 0.0174301 0.999281 14.9657 
0.999631 0.00208058 0.0270785 0.00529048 -0.00158996 0.999834 -0.0181259 -0.289608 -0.0271118 0.0180762 0.999469 15.0939 
0.999798 0.00181514 0.02002 -0.00282039 -0.00143787 0.999822 -0.0188408 -0.293949 -0.0200507 0.0188083 0.999622 15.2184 
0.999927 0.00154716 0.0120238 -0.012799 -0.00130828 0.999802 -0.0198467 -0.296917 -0.0120522 0.0198295 0.999731 15.3523 
0.999998 0.00046535 0.00193177 -0.0247814 -0.000424426 0.999777 -0.0211094 -0.298866 -0.0019412 0.0211086 0.999775 15.4927 
0.999937 -0.00113754 -0.011172 -0.0358605 0.000884324 0.999743 -0.0226482 -0.30341 0.0111948 0.022637 0.999681 15.6416 
0.999624 -0.00176943 -0.027366 -0.0592801 0.00109822 0.999699 -0.0245243 -0.306595 0.0274011 0.0244851 0.999325 15.8019 
0.99891 -0.00147082 -0.0466646 -0.0893242 0.000279229 0.999674 -0.0255323 -0.311474 0.0466869 0.0254915 0.998584 15.9801 
0.997644 -0.000519458 -0.0685958 -0.126036 -0.00120607 0.999684 -0.0251118 -0.31694 0.0685871 0.0251354 0.997328 16.1775 
0.995729 -0.00010018 -0.0923259 -0.174385 -0.00210175 0.999716 -0.0237524 -0.322437 0.092302 0.023845 0.995446 16.3866 
0.992865 0.000682503 -0.119242 -0.23049 -0.00337334 0.999744 -0.0223661 -0.328623 0.119196 0.0226088 0.992613 16.6166 
0.988776 0.00164501 -0.149399 -0.303432 -0.00474002 0.999781 -0.0203629 -0.335011 0.149333 0.0208426 0.988567 16.8667 
0.983172 0.00165198 -0.182673 -0.381957 -0.00482438 0.999845 -0.0169238 -0.342672 0.182617 0.0175203 0.983028 17.1271 
0.975595 0.00271506 -0.219562 -0.480792 -0.00572424 0.999898 -0.0130705 -0.34485 0.219505 0.0140084 0.975511 17.4052 
0.965748 0.00449497 -0.259445 -0.598214 -0.00672546 0.999948 -0.00771032 -0.349535 0.259396 0.00919115 0.965727 17.6917 
0.953488 0.00842449 -0.301314 -0.731929 -0.00979272 0.999947 -0.00303078 -0.351221 0.301273 0.00584055 0.95352 17.9844 
0.938941 0.0116131 -0.343882 -0.883673 -0.011948 0.999928 0.00114488 -0.349709 0.343871 0.00303378 0.939012 18.2836 
0.921735 0.014025 -0.387567 -1.04742 -0.0123688 0.999901 0.00676748 -0.353092 0.387624 -0.00144403 0.921817 18.5862 
0.901898 0.0172405 -0.431606 -1.23079 -0.0123121 0.999823 0.0142101 -0.355976 0.431774 -0.007502 0.90195 18.8911 
0.879429 0.02124 -0.475557 -1.44 -0.0129519 0.999702 0.0206985 -0.355707 0.475855 -0.0120434 0.879442 19.2003 
0.85374 0.0260631 -0.520047 -1.66236 -0.0153163 0.999571 0.0249513 -0.35234 0.520474 -0.0133367 0.853773 19.5024 
0.824788 0.0291811 -0.564689 -1.90501 -0.0161286 0.999475 0.0280918 -0.348974 0.565212 -0.0140621 0.824826 19.8019 
0.792995 0.0323597 -0.608369 -2.17132 -0.0183579 0.999404 0.0292301 -0.338662 0.608952 -0.0120109 0.793116 20.0911 
0.758233 0.0349473 -0.651046 -2.4635 -0.0187583 0.999318 0.0317953 -0.329406 0.651714 -0.0118957 0.758372 20.378 
0.720382 0.0384851 -0.692509 -2.7846 -0.0194727 0.999188 0.0352717 -0.314412 0.693304 -0.011924 0.720547 20.6586 
0.680404 0.039555 -0.731769 -3.13507 -0.0171622 0.999129 0.0380493 -0.300007 0.732636 -0.0133301 0.68049 20.9374 
0.638683 0.0392568 -0.768468 -3.51174 -0.0142115 0.999129 0.0392286 -0.286417 0.769339 -0.0141335 0.638685 21.2078 
0.595162 0.0382123 -0.802697 -3.91462 -0.00900966 0.999123 0.0408829 -0.27162 0.803555 -0.0170999 0.594985 21.4674 
0.550044 0.0382306 -0.83426 -4.33639 -0.00431744 0.999069 0.0429365 -0.255925 0.835125 -0.020015 0.549696 21.702 
0.503017 0.039658 -0.863366 -4.78628 -0.00295452 0.99902 0.0441678 -0.235394 0.864271 -0.0196663 0.502641 21.9139 
0.453039 0.0392032 -0.890628 -5.26013 -0.00161848 0.999067 0.0431531 -0.214803 0.891489 -0.0181085 0.45268 22.1047 
0.400611 0.0380161 -0.915459 -5.75967 0.00326295 0.999073 0.0429162 -0.193054 0.916242 -0.0201798 0.400116 22.2757 
0.346797 0.0372384 -0.937201 -6.28161 0.00806306 0.999056 0.0426798 -0.173084 0.937905 -0.0223579 0.34617 22.429 
0.292305 0.0362957 -0.955636 -6.84068 0.0106421 0.999094 0.0412014 -0.150288 0.956266 -0.0222133 0.291654 22.5656 
0.23874 0.0420382 -0.970173 -7.41873 0.0114142 0.998872 0.0460905 -0.123746 0.971016 -0.0220774 0.237991 22.6649 
0.186998 0.0470495 -0.981233 -8.01991 0.013827 0.998627 0.0505186 -0.0974182 0.982263 -0.0230143 0.18609 22.7394 
0.138589 0.0484651 -0.989163 -8.63858 0.0189736 0.998489 0.0515803 -0.0729574 0.990168 -0.0259164 0.13746 22.7923 
0.0940597 0.0499519 -0.994313 -9.27248 0.0214265 0.998408 0.0521846 -0.0550371 0.995336 -0.026213 0.0928397 22.8214 
0.0535586 0.0480776 -0.997407 -9.92122 0.0211528 0.998562 0.0492691 -0.0281574 0.998341 -0.0237367 0.0524645 22.8215 
0.0178763 0.0436035 -0.998889 -10.5826 0.0184943 0.998863 0.0439333 0.0044987 0.999669 -0.019259 0.0170495 22.7977 
-0.0107347 0.0433913 -0.999001 -11.2721 0.0161867 0.998935 0.0432145 0.0377976 0.999811 -0.0157066 -0.0114256 22.7607 
-0.0317314 0.0475572 -0.998364 -11.9833 0.0149801 0.998778 0.0471007 0.0653319 0.999384 -0.013461 -0.032405 22.7124 
-0.0447137 0.0534878 -0.997567 -12.7174 0.0165889 0.998468 0.0527925 0.0943259 0.998862 -0.0141879 -0.0455325 22.6611 
-0.0526736 0.0560976 -0.997035 -13.4752 0.0160222 0.99834 0.0553246 0.126138 0.998483 -0.0130606 -0.053485 22.6009 
-0.0564651 0.0534168 -0.996975 -14.2423 0.0170836 0.998473 0.0525295 0.155492 0.998258 -0.0140658 -0.0572915 22.537 
-0.0558329 0.0497141 -0.997202 -15.0227 0.0245941 0.998525 0.0484031 0.18926 0.998137 -0.0218227 -0.0569732 22.4877 
-0.0520067 0.0481363 -0.997486 -15.8611 0.0364405 0.998264 0.0462739 0.23373 0.997982 -0.0339423 -0.0536706 22.4701 
-0.0467966 0.0482678 -0.997738 -16.692 0.0368188 0.998237 0.046565 0.267879 0.998226 -0.0345564 -0.0484913 22.4276 
-0.0417426 0.0469093 -0.998027 -17.5329 0.0353401 0.998342 0.045446 0.290124 0.998503 -0.0333733 -0.0433312 22.372 
-0.0386457 0.0406307 -0.998427 -18.3957 0.0390129 0.998473 0.0391225 0.323139 0.998491 -0.0374395 -0.0401718 22.3364 
-0.0365368 0.0298789 -0.998886 -19.2725 0.0368768 0.998912 0.0285309 0.348112 0.998652 -0.0357932 -0.037599 22.293 
-0.0359328 0.0213606 -0.999126 -20.1769 0.0292551 0.999366 0.0203135 0.368465 0.998926 -0.0284996 -0.0365349 22.232 
-0.037478 0.0182566 -0.999131 -21.1039 0.0237627 0.999567 0.0173733 0.392455 0.999015 -0.0230908 -0.0378956 22.1762 
-0.0408187 0.0238945 -0.998881 -22.0589 0.0147883 0.999619 0.0233079 0.408356 0.999057 -0.0138203 -0.0411565 22.0996 
-0.0459918 0.0321206 -0.998425 -23.0369 0.00989945 0.999449 0.0316975 0.423042 0.998893 -0.008426 -0.0462844 22.0263 
-0.0508059 0.041449 -0.997848 -24.0573 0.00857043 0.99912 0.0410654 0.454987 0.998672 -0.00646558 -0.0511164 21.954 
-0.0524626 0.0514521 -0.997297 -25.0803 0.00730963 0.998665 0.0511381 0.492502 0.998596 -0.00460699 -0.0527686 21.8792 
-0.053542 0.0591429 -0.996813 -26.1102 0.00911909 0.998232 0.0587373 0.534746 0.998524 -0.00594507 -0.0539866 21.8099 
-0.0551198 0.0600111 -0.996675 -27.1248 0.0102457 0.998174 0.0595347 0.579827 0.998427 -0.00693005 -0.055634 21.7396 
-0.0567492 0.0572728 -0.996744 -28.1476 0.00907871 0.998342 0.0568476 0.624964 0.998347 -0.00582305 -0.057175 21.66 
-0.0594731 0.0523347 -0.996857 -29.1599 0.00865428 0.998614 0.0519106 0.66442 0.998192 -0.00553976 -0.0598436 21.5796 
-0.0640017 0.0471178 -0.996837 -30.1733 0.00894707 0.998872 0.0466395 0.701326 0.99791 -0.00593372 -0.0643511 21.4918 
-0.0692908 0.0425225 -0.99669 -31.1884 0.00881572 0.999078 0.0420115 0.736645 0.997558 -0.00587549 -0.0696018 21.3926 
-0.0763514 0.040451 -0.99626 -32.2199 0.00804042 0.999169 0.0399529 0.769511 0.997049 -0.00495985 -0.0766132 21.2907 
-0.0830987 0.0430105 -0.995613 -33.2796 0.00851793 0.999062 0.0424485 0.801824 0.996505 -0.00495311 -0.0833871 21.1841 
-0.0893785 0.0477638 -0.994852 -34.3628 0.00698799 0.998855 0.0473282 0.837195 0.995973 -0.00272185 -0.0896099 21.0604 
-0.0953988 0.0505753 -0.994154 -35.4366 0.00420208 0.99872 0.0504043 0.875078 0.99543 0.00063104 -0.0954892 20.931 
-0.100506 0.0527901 -0.993535 -36.5055 0.00122953 0.998597 0.0529347 0.914149 0.994936 0.00409872 -0.10043 20.8057 
-0.103231 0.05395 -0.993193 -37.5859 -0.0028773 0.998508 0.0545377 0.956258 0.994653 0.00848775 -0.102922 20.6676 
-0.105146 0.0551002 -0.992929 -38.6632 -0.0071293 0.998396 0.0561586 1.00004 0.994431 0.0129838 -0.104584 20.5289 
-0.106584 0.0546228 -0.992802 -39.7488 -0.00873241 0.9984 0.0558683 1.04423 0.994265 0.0146243 -0.105936 20.3886 
-0.108001 0.0536999 -0.992699 -40.8357 -0.00892176 0.998448 0.0549815 1.09079 0.994111 0.0147947 -0.107355 20.2469 
-0.108952 0.0530257 -0.992632 -41.9331 -0.0103024 0.998462 0.0544679 1.13459 0.993994 0.0161609 -0.108238 20.0991 
-0.109638 0.0520783 -0.992606 -43.0274 -0.0127061 0.998471 0.0537895 1.17859 0.99389 0.0185096 -0.108809 19.9499 
-0.110341 0.0495857 -0.992656 -44.1201 -0.0170258 0.998514 0.0517708 1.2192 0.993748 0.0226132 -0.109332 19.7997 
-0.110421 0.0446835 -0.99288 -45.2085 -0.0223982 0.998623 0.0474329 1.25556 0.993633 0.0274764 -0.109268 19.6443 
-0.109548 0.0441915 -0.992999 -46.3156 -0.023922 0.998605 0.0470801 1.29464 0.993694 0.0289121 -0.108338 19.4968 
-0.108195 0.0485143 -0.992945 -47.4232 -0.0246047 0.998372 0.0514605 1.33237 0.993825 0.0299989 -0.106825 19.357 
-0.106535 0.051713 -0.992963 -48.5328 -0.0243804 0.998211 0.0546021 1.37021 0.99401 0.0300259 -0.105084 19.2211 
-0.104909 0.0513996 -0.993153 -49.6377 -0.0225883 0.998283 0.0540511 1.41812 0.994225 0.0281041 -0.103567 19.0836 
-0.102652 0.0507893 -0.99342 -50.758 -0.0223317 0.998326 0.0533477 1.46073 0.994467 0.0276611 -0.101346 18.9533 
-0.0984664 0.0511249 -0.993826 -51.8956 -0.0267684 0.998182 0.0540011 1.50824 0.99478 0.0319205 -0.0969189 18.8114 
-0.0926193 0.0521081 -0.994337 -53.0413 -0.0316443 0.997971 0.0552461 1.55295 0.995199 0.036582 -0.0907825 18.6769 
-0.0870958 0.0517588 -0.994854 -54.1703 -0.035339 0.99786 0.055009 1.59787 0.995573 0.0399482 -0.0850803 18.5545 
-0.0815583 0.0507038 -0.995378 -55.3015 -0.0365766 0.99788 0.0538283 1.64873 0.995997 0.0407977 -0.0795308 18.4416 
-0.0761437 0.0501688 -0.995834 -56.4387 -0.0356324 0.997959 0.0530004 1.69192 0.99646 0.0395197 -0.0742006 18.341 
-0.0710979 0.0501369 -0.996209 -57.5727 -0.0336584 0.998047 0.0526316 1.73424 0.996901 0.0372728 -0.0692714 18.2461 
-0.0656951 0.05078 -0.996547 -58.7134 -0.0325749 0.998063 0.0530046 1.77798 0.997308 0.0359446 -0.0639137 18.1543 
-0.0605878 0.0525397 -0.996779 -59.8639 -0.0310301 0.998032 0.0544918 1.82132 0.99768 0.0342317 -0.0588383 18.0725 
-0.0551851 0.053789 -0.997026 -61.0178 -0.0315588 0.997955 0.0555859 1.86689 0.997977 0.0345325 -0.0533747 17.9924 
-0.0503762 0.0532543 -0.99731 -62.1737 -0.0305429 0.998028 0.0548355 1.91018 0.998263 0.0332232 -0.0486503 17.9213 
-0.0454614 0.0489237 -0.997767 -63.3092 -0.0305556 0.998265 0.0503402 1.95025 0.998499 0.032776 -0.0438876 17.8469 
-0.0413365 0.0436957 -0.998189 -64.4572 -0.0300707 0.998536 0.0449562 1.99028 0.998693 0.0318746 -0.0399621 17.7851 
-0.0370244 0.0429568 -0.998391 -65.6124 -0.0303982 0.998565 0.0440916 2.03195 0.998852 0.0319818 -0.0356655 17.7082 
-0.0339397 0.0455745 -0.998384 -66.7763 -0.0293422 0.998484 0.0465765 2.06361 0.998993 0.0308757 -0.0325509 17.6536 
-0.0319629 0.0453236 -0.998461 -67.9408 -0.0296188 0.99849 0.0462731 2.09918 0.99905 0.0310523 -0.0305722 17.5969 
-0.0309109 0.0451195 -0.998503 -69.1036 -0.0314243 0.998443 0.0460896 2.13894 0.999028 0.032802 -0.0294449 17.5349 
-0.0301297 0.0458801 -0.998493 -70.2846 -0.0327174 0.998365 0.0468616 2.17587 0.99901 0.03408 -0.0285794 17.4779 
-0.0290293 0.0452898 -0.998552 -71.4639 -0.0335988 0.998364 0.0462581 2.21678 0.999014 0.034893 -0.0274602 17.42 
-0.0279117 0.0433462 -0.99867 -72.647 -0.0339808 0.998441 0.044286 2.25275 0.999033 0.0351717 -0.0263952 17.3626 
-0.0273103 0.0422953 -0.998732 -73.8295 -0.0324699 0.99854 0.043175 2.28655 0.9991 0.0336079 -0.0258971 17.3097 
-0.0270002 0.041869 -0.998758 -75.0177 -0.0293262 0.998659 0.0426576 2.32515 0.999205 0.0304416 -0.0257361 17.2618 
-0.026758 0.0428722 -0.998722 -76.2056 -0.0267203 0.998692 0.0435868 2.35637 0.999285 0.0278525 -0.0255775 17.2157 
-0.0266268 0.045803 -0.998596 -77.3893 -0.0262378 0.998574 0.0465016 2.3906 0.999301 0.0274392 -0.0253871 17.1619 
-0.0262134 0.0492901 -0.99844 -78.5739 -0.0288942 0.998329 0.0500432 2.42575 0.999239 0.030161 -0.0247454 17.1073 
-0.0255148 0.0492107 -0.998463 -79.7422 -0.0313623 0.998257 0.0500019 2.46245 0.999182 0.0325899 -0.0239269 17.0515 
-0.0250332 0.0472517 -0.998569 -80.9195 -0.0328169 0.998305 0.0480619 2.49997 0.999148 0.0339731 -0.0234401 16.9953 
-0.0246591 0.0448117 -0.998691 -82.0964 -0.0325072 0.998431 0.0456026 2.53462 0.999167 0.0335892 -0.0231637 16.9432 
-0.0247774 0.0443259 -0.99871 -83.2699 -0.0304694 0.998519 0.0450734 2.56722 0.999229 0.031547 -0.0233901 16.8961 
-0.0246709 0.0460987 -0.998632 -84.4399 -0.0288475 0.998487 0.0468047 2.59689 0.999279 0.0299628 -0.0233038 16.8493 
-0.0241591 0.0489267 -0.99851 -85.6266 -0.0288151 0.998353 0.0496162 2.63478 0.999293 0.0299709 -0.0227095 16.7931 
-0.0235682 0.0510895 -0.998416 -86.7989 -0.0290557 0.998237 0.0517662 2.67375 0.9993 0.0302298 -0.0220422 16.7442 
-0.0235976 0.0513657 -0.998401 -87.9642 -0.0304934 0.998178 0.0520749 2.71108 0.999256 0.0316735 -0.0219883 16.695 
-0.0235042 0.0492153 -0.998512 -89.1354 -0.029919 0.998306 0.0499094 2.7522 0.999276 0.0310476 -0.0219919 16.6502 
-0.0232618 0.0477778 -0.998587 -90.308 -0.0279622 0.998436 0.0484219 2.79199 0.999338 0.0290491 -0.0218895 16.6089 
-0.0234847 0.0487713 -0.998534 -91.481 -0.0263566 0.998432 0.0493862 2.82953 0.999377 0.0274778 -0.0221624 16.5675 
-0.0233297 0.0517684 -0.998387 -92.6551 -0.0240652 0.99834 0.0523283 2.86911 0.999438 0.0252472 -0.0220452 16.5245 
-0.0233545 0.0541976 -0.998257 -93.8374 -0.0226512 0.998244 0.0547269 2.91527 0.999471 0.0238899 -0.0220858 16.479 
-0.0228637 0.0561396 -0.998161 -95.0158 -0.0231456 0.998125 0.0566678 2.95515 0.999471 0.0243987 -0.0215214 16.4335 
-0.0225537 0.0579742 -0.998063 -96.1879 -0.0256829 0.997954 0.0585482 3.00109 0.999416 0.0269536 -0.0210186 16.3807 
-0.0224257 0.0571637 -0.998113 -97.3472 -0.0275875 0.997948 0.0577741 3.04537 0.999368 0.0288311 -0.0208027 16.3381 
-0.0225632 0.0531941 -0.998329 -98.5096 -0.0300867 0.998095 0.0538616 3.09044 0.999293 0.0312518 -0.0209198 16.2859 
-0.0226145 0.0513363 -0.998425 -99.6744 -0.0311934 0.998158 0.0520291 3.13768 0.999258 0.0323209 -0.0209715 16.2433 
-0.0226582 0.0498347 -0.9985 -100.831 -0.0313309 0.998231 0.0505322 3.17744 0.999252 0.0324289 -0.0210567 16.1997 
-0.0229089 0.0502373 -0.998475 -101.986 -0.0300572 0.998251 0.0509157 3.22031 0.999286 0.0311778 -0.0213588 16.1607 
-0.0230748 0.0524918 -0.998355 -103.153 -0.0300867 0.998132 0.0531755 3.2606 0.999281 0.0312642 -0.0214524 16.1128 
-0.0233098 0.0547525 -0.998228 -104.314 -0.0288556 0.998046 0.0554163 3.30329 0.999312 0.0300962 -0.0216844 16.0701 
-0.0240213 0.0535626 -0.998276 -105.479 -0.0325109 0.997994 0.0543297 3.35128 0.999183 0.03376 -0.0222317 16.0185 
-0.0243673 0.0547037 -0.998205 -106.647 -0.0365778 0.997784 0.0555736 3.39949 0.999034 0.0378664 -0.0223124 15.9642 
-0.0248149 0.0537531 -0.998246 -107.813 -0.0398971 0.997705 0.0547158 3.44602 0.998896 0.041185 -0.0226134 15.9128 
-0.0251053 0.0498636 -0.99844 -108.987 -0.0405672 0.997882 0.0508557 3.49193 0.998861 0.0417807 -0.0230293 15.8602 
-0.0258702 0.0458901 -0.998611 -110.163 -0.040744 0.998067 0.0469207 3.53629 0.998835 0.0419013 -0.0239505 15.8103 
-0.0268782 0.0450139 -0.998625 -111.36 -0.0369506 0.998258 0.0459919 3.57981 0.998956 0.038136 -0.025168 15.7561 
-0.0274383 0.0442871 -0.998642 -112.573 -0.0321627 0.998462 0.0451628 3.62308 0.999106 0.0333583 -0.0259717 15.7102 
-0.0283232 0.0460395 -0.998538 -113.787 -0.0312109 0.998411 0.0469189 3.66714 0.999111 0.0324942 -0.0268413 15.6656 
-0.0292292 0.0499316 -0.998325 -115.015 -0.0301214 0.998254 0.0508099 3.70995 0.999119 0.0315561 -0.0276741 15.6104 
-0.0299602 0.0499729 -0.998301 -116.256 -0.0286959 0.998295 0.0508338 3.75943 0.999139 0.0301702 -0.0284751 15.5591 
-0.0307344 0.0454076 -0.998496 -117.507 -0.0285954 0.998519 0.0462889 3.81123 0.999119 0.0299751 -0.0293904 15.501 
-0.0315723 0.041558 -0.998637 -118.772 -0.028688 0.998686 0.0424671 3.85774 0.99909 0.0299897 -0.0303386 15.4364 
-0.0323336 0.0402192 -0.998668 -120.017 -0.0278224 0.998767 0.041124 3.89565 0.99909 0.0291151 -0.0311747 15.3693 
-0.032973 0.0414428 -0.998597 -121.266 -0.0297144 0.998658 0.0424265 3.93354 0.999014 0.0310717 -0.0316973 15.3022 
-0.033537 0.0459214 -0.998382 -122.524 -0.0343337 0.998301 0.047071 3.97395 0.998848 0.0358568 -0.0319033 15.2328 
-0.033994 0.0489983 -0.99822 -123.786 -0.0397611 0.99794 0.0503386 4.01628 0.998631 0.0414016 -0.0319758 15.16 
-0.0344791 0.0484354 -0.998231 -125.043 -0.0464916 0.997666 0.0500138 4.06378 0.998323 0.0481339 -0.0321468 15.0887 
-0.0347327 0.0464799 -0.998315 -126.311 -0.0498085 0.997596 0.0481793 4.10504 0.998155 0.0513981 -0.0323341 15.0205 
-0.0355322 0.0451517 -0.998348 -127.577 -0.0518435 0.997551 0.0469608 4.14758 0.998023 0.0534265 -0.0331043 14.9526 
-0.0362722 0.0447292 -0.99834 -128.861 -0.0522902 0.997544 0.0465934 4.18583 0.997973 0.0538935 -0.0338442 14.8813 
-0.0368918 0.0438657 -0.998356 -130.126 -0.0498335 0.997712 0.0456789 4.22509 0.998076 0.0514368 -0.0346215 14.8156 
-0.0373973 0.0443437 -0.998316 -131.393 -0.0497528 0.997693 0.0461798 4.26875 0.998061 0.0513961 -0.0351048 14.7473 
-0.0381385 0.0492342 -0.998059 -132.674 -0.0491838 0.997483 0.0510852 4.31533 0.998061 0.0510367 -0.035621 14.674 
-0.0390482 0.0532718 -0.997816 -133.954 -0.0475575 0.997347 0.0551079 4.36107 0.998105 0.0496055 -0.0364111 14.6102 
-0.0393388 0.0518998 -0.997877 -135.217 -0.0481732 0.997391 0.0537736 4.41067 0.998064 0.0501863 -0.036736 14.5417 
-0.0387979 0.0503797 -0.997976 -136.474 -0.0476452 0.997499 0.0522079 4.46266 0.998111 0.0495743 -0.0363005 14.4707 
-0.0378498 0.0499071 -0.998036 -137.728 -0.0467537 0.99757 0.0516569 4.50521 0.998189 0.0486172 -0.0354245 14.4039 
-0.037129 0.0491576 -0.998101 -138.989 -0.0471841 0.997589 0.0508876 4.55089 0.998196 0.048984 -0.0347201 14.3348 
-0.0369045 0.0509807 -0.998018 -140.251 -0.0471303 0.997498 0.052697 4.6004 0.998207 0.0489817 -0.0344094 14.2771 
-0.0363806 0.0547058 -0.99784 -141.516 -0.0480343 0.997251 0.0564248 4.64712 0.998183 0.0499833 -0.0336528 14.2103 
-0.0351484 0.0557094 -0.997828 -142.782 -0.0496596 0.997114 0.0574188 4.69748 0.998148 0.05157 -0.0322804 14.1431 
-0.0344921 0.0529245 -0.998003 -144.037 -0.0515458 0.997174 0.054662 4.74639 0.998075 0.0533283 -0.0316666 14.0755 
-0.0346575 0.049892 -0.998153 -145.286 -0.0502085 0.997405 0.0515979 4.79489 0.998137 0.0519041 -0.0320625 14.0097 
-0.0347663 0.0483076 -0.998227 -146.541 -0.0476276 0.997616 0.0499368 4.84135 0.99826 0.0492793 -0.0323826 13.9512 
-0.0351977 0.0478034 -0.998236 -147.788 -0.0462205 0.997709 0.0494078 4.88451 0.998311 0.0478781 -0.0329075 13.8892 
-0.0356113 0.0482172 -0.998202 -149.039 -0.0438923 0.997796 0.0497635 4.92529 0.998401 0.0455856 -0.0334165 13.8308 
-0.0358196 0.0468535 -0.998259 -150.291 -0.0421397 0.997941 0.0483506 4.96746 0.998469 0.0437983 -0.0337715 13.7643 
-0.0359598 0.0469033 -0.998252 -151.54 -0.0411177 0.997983 0.0483718 5.01118 0.998507 0.0427853 -0.0339587 13.699 
-0.0365651 0.0496477 -0.998097 -152.79 -0.0388034 0.997941 0.0510615 5.05462 0.998578 0.0405967 -0.0345633 13.6386 
-0.0369912 0.0507818 -0.998025 -154.039 -0.0363718 0.997978 0.0521276 5.10434 0.998654 0.0382282 -0.0350694 13.581 
-0.0374573 0.0497429 -0.998059 -155.266 -0.0341235 0.998114 0.0510262 5.14269 0.998715 0.0359686 -0.0356893 13.5202 
-0.0384046 0.0497593 -0.998023 -156.495 -0.0351045 0.998076 0.0511128 5.18869 0.998646 0.0369981 -0.0365839 13.4531 
-0.0385735 0.0543374 -0.997777 -157.744 -0.0356835 0.997809 0.0557186 5.23727 0.998618 0.0377535 -0.03655 13.3839 
-0.0382878 0.0603881 -0.99744 -158.989 -0.0406264 0.997253 0.0619363 5.29057 0.998441 0.0428939 -0.0357293 13.3112 
-0.0375266 0.0600424 -0.99749 -160.218 -0.0451032 0.997074 0.0617142 5.34861 0.998277 0.0473059 -0.0347087 13.2386 
-0.0365711 0.0562499 -0.997747 -161.453 -0.0487793 0.997124 0.0580028 5.40232 0.99814 0.0507907 -0.0337221 13.1703 
-0.0347431 0.0505322 -0.998118 -162.695 -0.0509096 0.997335 0.0522646 5.45761 0.998099 0.0526297 -0.032078 13.0934 
-0.0334223 0.0485176 -0.998263 -163.955 -0.0534111 0.997307 0.0502594 5.51303 0.998013 0.0549981 -0.0307409 13.008 
-0.0321155 0.0455877 -0.998444 -165.179 -0.0479336 0.99774 0.0470973 5.55395 0.998334 0.0493716 -0.0298577 12.9471 
-0.0318626 0.0410376 -0.998649 -166.402 -0.0448341 0.998092 0.0424452 5.59559 0.998486 0.046126 -0.0299619 12.8855 
-0.0324129 0.0376228 -0.998766 -167.627 -0.0377671 0.998532 0.0388396 5.63161 0.998761 0.0389794 -0.0309444 12.8376 
-0.0339599 0.0406831 -0.998595 -168.869 -0.0353276 0.998498 0.0418806 5.66651 0.998799 0.0367003 -0.0324716 12.7854 
-0.0334502 0.0471584 -0.998327 -170.114 -0.035789 0.998189 0.048351 5.69997 0.998799 0.0373465 -0.0317019 12.725 
-0.0322662 0.0501488 -0.99822 -171.349 -0.0375242 0.997976 0.0513495 5.74239 0.998775 0.0391143 -0.0303191 12.6674 
-0.0306133 0.0468344 -0.998433 -172.574 -0.0385022 0.998105 0.0479996 5.78655 0.99879 0.0399113 -0.0287521 12.6064 
-0.0304763 0.0466896 -0.998444 -173.799 -0.0408671 0.998015 0.0479169 5.82936 0.9987 0.0422639 -0.0285077 12.5509 
-0.029624 0.0479034 -0.998413 -175.019 -0.0390226 0.998034 0.0490431 5.86451 0.998799 0.0404136 -0.0276965 12.4992 
-0.0290785 0.0459315 -0.998521 -176.221 -0.038917 0.998134 0.047047 5.90217 0.998819 0.0402275 -0.0272367 12.4425 
-0.0276873 0.0441762 -0.99864 -177.41 -0.0390423 0.998213 0.0452398 5.94124 0.998854 0.0402418 -0.0259131 12.3931 
-0.0261429 0.0460531 -0.998597 -178.571 -0.0405782 0.998066 0.0470909 5.97005 0.998834 0.0417524 -0.0242236 12.3408 
-0.0251472 0.0479753 -0.998532 -179.702 -0.0403312 0.997986 0.0489648 5.99478 0.99887 0.0415034 -0.0231616 12.2975 
-0.024842 0.0492931 -0.998475 -180.799 -0.0410236 0.997892 0.0502849 6.02373 0.998849 0.0422103 -0.0227675 12.2527 
-0.0247396 0.0504262 -0.998421 -181.878 -0.0415918 0.99781 0.051426 6.05195 0.998828 0.0427984 -0.0225881 12.2068 
-0.0249355 0.0514683 -0.998363 -182.944 -0.0410097 0.997781 0.0524626 6.08083 0.998848 0.0422508 -0.0227694 12.1578 
-0.0243651 0.0506147 -0.998421 -183.974 -0.0410092 0.997826 0.0515853 6.11129 0.998862 0.0422014 -0.0222364 12.1106 
-0.0229825 0.0504165 -0.998464 -184.971 -0.0416366 0.997813 0.0513421 6.13963 0.998869 0.0427526 -0.0208331 12.0669 
-0.0216394 0.0511615 -0.998456 -185.933 -0.0423188 0.997748 0.0520423 6.16817 0.99887 0.0433797 -0.0194255 12.0273 
-0.0223924 0.0497399 -0.998511 -186.883 -0.0407409 0.997887 0.0506225 6.19225 0.998919 0.0418139 -0.0203186 11.9873 
-0.0257898 0.046841 -0.998569 -187.825 -0.0384934 0.998114 0.0478138 6.21671 0.998926 0.0396715 -0.0239381 11.9531 
-0.0307291 0.0430514 -0.9986 -188.781 -0.0382365 0.99829 0.0442147 6.24744 0.998796 0.0395417 -0.0290304 11.9005 
-0.0359814 0.0398467 -0.998558 -189.719 -0.0399878 0.998347 0.0412792 6.27785 0.998552 0.0414154 -0.0343285 11.8477 
-0.0395709 0.0385552 -0.998473 -190.637 -0.041377 0.998335 0.0401897 6.30849 0.99836 0.0429041 -0.0379097 11.7876 
-0.0429578 0.0392995 -0.998304 -191.563 -0.0431716 0.99822 0.0411539 6.32854 0.998144 0.0448663 -0.0411847 11.7355 
-0.0451591 0.0409081 -0.998142 -192.525 -0.0416675 0.998215 0.0427962 6.35822 0.99811 0.0435227 -0.0433739 11.6761 
-0.047012 0.0423986 -0.997994 -193.46 -0.0385282 0.998278 0.0442256 6.38711 0.998151 0.0405301 -0.0452975 11.6208 
-0.0486373 0.0430649 -0.997888 -194.372 -0.0369442 0.998309 0.0448838 6.40838 0.998133 0.0390492 -0.0469641 11.5648 
-0.049557 0.0419846 -0.997889 -195.292 -0.0369863 0.998354 0.0438409 6.43201 0.998086 0.0390809 -0.0479225 11.5012 
-0.0503649 0.0403568 -0.997915 -196.204 -0.038816 0.998349 0.0423334 6.4636 0.997976 0.0408672 -0.0487153 11.4323 
-0.0504053 0.0395687 -0.997945 -197.111 -0.0424453 0.998227 0.0417237 6.48562 0.997827 0.0444612 -0.0486365 11.3649 
-0.0498044 0.0374555 -0.998056 -198.025 -0.0448473 0.998205 0.0396991 6.51237 0.997752 0.0467374 -0.0480352 11.3007 
-0.0491727 0.0349029 -0.99818 -198.936 -0.0450804 0.998293 0.0371276 6.5329 0.997772 0.0468241 -0.0475154 11.2424 
-0.0490894 0.0322939 -0.998272 -199.847 -0.0451657 0.998383 0.0345184 6.55391 0.997773 0.0467822 -0.0475514 11.184 
-0.0484562 0.031713 -0.998322 -200.773 -0.0454191 0.998392 0.0339198 6.57699 0.997792 0.0469866 -0.0469379 11.1197 
-0.048198 0.0344042 -0.998245 -201.705 -0.0428547 0.998415 0.0364792 6.59987 0.997918 0.0445377 -0.0466472 11.0638 
-0.0482399 0.0358816 -0.998191 -202.647 -0.0422567 0.998387 0.0379307 6.6175 0.997942 0.04401 -0.0466458 10.9998 
-0.0473032 0.032168 -0.998363 -203.59 -0.0376656 0.998713 0.0339639 6.6396 0.99817 0.0392106 -0.0460307 10.9399 
-0.0468439 0.0289777 -0.998482 -204.53 -0.0362701 0.998871 0.0306906 6.66493 0.998244 0.0376527 -0.04574 10.8767 
-0.0463214 0.0291958 -0.9985 -205.482 -0.0409476 0.998677 0.0311006 6.68871 0.998087 0.0423268 -0.0450647 10.8083 
-0.0451477 0.0332136 -0.998428 -206.444 -0.0425051 0.998478 0.0351373 6.70482 0.998076 0.0440247 -0.0436673 10.7449 
-0.0431589 0.0326984 -0.998533 -207.405 -0.0400345 0.998605 0.0344311 6.72862 0.998266 0.0414618 -0.0417897 10.688 
-0.0412006 0.0337546 -0.998581 -208.373 -0.0387149 0.998625 0.0353534 6.75703 0.998401 0.0401166 -0.0398371 10.6331 
-0.039433 0.0385778 -0.998477 -209.363 -0.0393922 0.998418 0.0401312 6.78323 0.998445 0.0409148 -0.0378509 10.5738 
-0.0374703 0.0424491 -0.998396 -210.358 -0.0364829 0.998373 0.0438174 6.81362 0.998632 0.0380662 -0.0358606 10.5173 
-0.0364322 0.0429836 -0.998411 -211.357 -0.0358758 0.998374 0.0442911 6.84398 0.998692 0.0374324 -0.0348309 10.4689 
-0.034524 0.0435057 -0.998457 -212.367 -0.0391461 0.998227 0.0448492 6.87713 0.998637 0.0406341 -0.0327596 10.4141 
-0.0319237 0.0451094 -0.998472 -213.389 -0.0420955 0.998034 0.0464355 6.91136 0.998603 0.0435136 -0.0299621 10.3608 
-0.0280658 0.0452415 -0.998582 -214.418 -0.0434337 0.997977 0.0464348 6.94599 0.998662 0.0446754 -0.026044 10.3073 
-0.025212 0.0427716 -0.998767 -215.448 -0.0464035 0.997957 0.0439083 6.97876 0.998605 0.0474533 -0.0231757 10.2573 
-0.0226402 0.0393767 -0.998968 -216.484 -0.0464204 0.998105 0.0403947 7.01266 0.998665 0.0472871 -0.0207694 10.2183 
-0.0207849 0.0384523 -0.999044 -217.526 -0.0461774 0.998157 0.0393789 7.04466 0.998717 0.0469518 -0.0189709 10.1747 
-0.0194232 0.0403849 -0.998995 -218.576 -0.0464273 0.99807 0.0412501 7.07556 0.998733 0.0471819 -0.0175107 10.1376 
-0.0180267 0.0439463 -0.998871 -219.644 -0.0484891 0.99782 0.0447751 7.1049 0.998661 0.0492416 -0.0158565 10.096 
-0.0164204 0.0434243 -0.998922 -220.708 -0.0485868 0.997842 0.044176 7.13805 0.998684 0.0492598 -0.0142751 10.0533 
-0.0152994 0.040874 -0.999047 -221.781 -0.0475225 0.998005 0.0415591 7.16738 0.998753 0.048113 -0.0133264 10.0154 
-0.0152932 0.0380136 -0.99916 -222.867 -0.0451162 0.998233 0.0386689 7.19895 0.998865 0.0456697 -0.0135511 9.98036 
-0.0154259 0.0370377 -0.999195 -223.953 -0.04334 0.99835 0.0376755 7.22641 0.998941 0.0438864 -0.0137952 9.94697 
-0.0152038 0.0360055 -0.999236 -225.055 -0.0434285 0.998385 0.0366356 7.25594 0.998941 0.0439524 -0.0136156 9.90816 
-0.0149929 0.0360188 -0.999239 -226.16 -0.0436738 0.998374 0.0366429 7.28296 0.998933 0.04419 -0.0133954 9.87337 
-0.0152545 0.0370554 -0.999197 -227.277 -0.0460741 0.998226 0.0377228 7.30968 0.998822 0.0466126 -0.0135201 9.83634 
-0.0158085 0.039112 -0.99911 -228.403 -0.0465039 0.998125 0.0398093 7.34211 0.998793 0.0470919 -0.0139599 9.79994 
-0.016708 0.040816 -0.999027 -229.54 -0.046768 0.998041 0.0415579 7.37554 0.998766 0.0474169 -0.0147664 9.75894 
-0.017552 0.0425832 -0.998939 -230.694 -0.0478549 0.997912 0.0433802 7.41249 0.9987 0.0485655 -0.0154775 9.72307 
-0.0185625 0.0435326 -0.99888 -231.848 -0.0502438 0.997749 0.0444171 7.44876 0.998565 0.051012 -0.0163335 9.6789 
-0.0191355 0.0421809 -0.998927 -233.002 -0.0523744 0.997696 0.0431322 7.48736 0.998444 0.0531436 -0.0168822 9.62008 
-0.0201503 0.0377117 -0.999086 -234.16 -0.0507883 0.99796 0.0386935 7.52171 0.998506 0.0515216 -0.0181939 9.57343 
-0.021428 0.0316008 -0.999271 -235.33 -0.0479342 0.998318 0.0325986 7.55294 0.998621 0.0485978 -0.0198772 9.52633 
-0.0233737 0.0272645 -0.999355 -236.508 -0.0432169 0.998666 0.0282565 7.57944 0.998792 0.0438495 -0.0221643 9.4791 
-0.0256216 0.0275722 -0.999291 -237.699 -0.0369656 0.99891 0.0285095 7.60101 0.998988 0.0376699 -0.0245745 9.43501 
-0.0280487 0.0317829 -0.999101 -238.905 -0.032746 0.998929 0.0326967 7.62302 0.99907 0.0336337 -0.0269779 9.38346 
-0.0297854 0.0343314 -0.998967 -240.127 -0.0306688 0.998908 0.0352439 7.64632 0.999086 0.0316869 -0.0287 9.32056 
-0.0317785 0.0338213 -0.998923 -241.342 -0.0290275 0.998975 0.0347465 7.6733 0.999073 0.0301005 -0.0307641 9.26101 
-0.0340261 0.0344732 -0.998826 -242.549 -0.029349 0.998939 0.035477 7.70296 0.99899 0.0305218 -0.0329783 9.19701 
-0.0360799 0.0360173 -0.9987 -243.773 -0.028335 0.998912 0.0370486 7.73203 0.998947 0.0296349 -0.0350201 9.13265 
-0.0382992 0.0355979 -0.998632 -244.997 -0.0272351 0.998957 0.036654 7.76145 0.998895 0.0286017 -0.0372897 9.06293 
-0.0404042 0.0342682 -0.998596 -246.219 -0.0272035 0.999004 0.0353829 7.78694 0.998813 0.028595 -0.0394317 8.98491 
-0.0425542 0.0340021 -0.998515 -247.453 -0.0270399 0.999015 0.0351715 7.81391 0.998728 0.0284965 -0.0415929 8.90653 
-0.04492 0.0349193 -0.99838 -248.697 -0.0274422 0.998969 0.0361746 7.84377 0.998614 0.0290228 -0.0439154 8.82718 
-0.0471103 0.0354069 -0.998262 -249.949 -0.027935 0.998934 0.036749 7.86866 0.998499 0.0296178 -0.046071 8.74015 
-0.0496943 0.0362515 -0.998106 -251.209 -0.0292624 0.998859 0.0377358 7.8997 0.998336 0.0310823 -0.0485768 8.65547 
-0.0521345 0.0379548 -0.997919 -252.467 -0.0308018 0.998741 0.0395953 7.92932 0.998165 0.032802 -0.0508997 8.56864 
-0.053516 0.0388024 -0.997813 -253.728 -0.032555 0.998646 0.0405809 7.95846 0.998036 0.0346556 -0.0521803 8.47686 
-0.054682 0.0390786 -0.997739 -254.99 -0.035022 0.998544 0.0410295 7.98949 0.997889 0.0371864 -0.0532337 8.38539 
-0.0546461 0.0392287 -0.997735 -256.263 -0.0357412 0.998511 0.0412168 8.02212 0.997866 0.0379126 -0.0531627 8.28599 
-0.0546739 0.0379304 -0.997784 -257.544 -0.0347238 0.998602 0.0398642 8.05928 0.9979 0.0368264 -0.0532804 8.18975 
-0.0546597 0.0371029 -0.997815 -258.797 -0.0317393 0.99874 0.038876 8.08745 0.998001 0.033795 -0.0534132 8.10313 
-0.0550809 0.0369013 -0.9978 -260.071 -0.0305442 0.998787 0.0386239 8.11735 0.998015 0.0326045 -0.0538869 8.01258 
-0.0550919 0.0371868 -0.997789 -261.33 -0.0303031 0.998784 0.0388971 8.14885 0.998021 0.0323791 -0.053898 7.91991 
-0.0550486 0.0372535 -0.997789 -262.598 -0.0293402 0.998812 0.0389104 8.17484 0.998053 0.0314173 -0.0538902 7.833 
-0.0547764 0.0378501 -0.997781 -263.882 -0.0292501 0.998792 0.0394943 8.20837 0.99807 0.0313486 -0.0536031 7.73942 
-0.0550087 0.0390459 -0.997722 -265.151 -0.0266612 0.998821 0.0405589 8.23672 0.99813 0.0288316 -0.0539029 7.65414 
-0.0553188 0.0415985 -0.997602 -266.411 -0.0222177 0.998833 0.0428819 8.26631 0.998222 0.0245367 -0.05433 7.57421 
-0.0559161 0.0452961 -0.997408 -267.658 -0.0190149 0.998741 0.0464227 8.29743 0.998254 0.0215614 -0.0549844 7.49183 
-0.0558995 0.047938 -0.997285 -268.915 -0.0171218 0.998654 0.0489635 8.33212 0.99829 0.0198124 -0.0550034 7.40393 
-0.0557177 0.0463804 -0.997369 -270.147 -0.0177249 0.998717 0.0474333 8.36686 0.998289 0.0203212 -0.0548241 7.31057 
-0.0556412 0.0447529 -0.997447 -271.373 -0.0204418 0.998735 0.045951 8.405 0.998242 0.0229465 -0.054656 7.21447 
-0.0561928 0.0476148 -0.997284 -272.612 -0.0262244 0.998447 0.049148 8.44467 0.998076 0.0289149 -0.0548569 7.11403 
-0.0562426 0.0533744 -0.996989 -273.852 -0.0312316 0.997987 0.0551897 8.48516 0.997929 0.0342416 -0.0544624 7.01491 
-0.0559701 0.0526015 -0.997046 -275.08 -0.0354783 0.997876 0.0546369 8.53249 0.997802 0.0384315 -0.053985 6.91571 
-0.0556158 0.0457489 -0.997404 -276.317 -0.0349515 0.998248 0.0477366 8.57757 0.99784 0.0375157 -0.0539193 6.82281 
-0.0565228 0.0404056 -0.997583 -277.554 -0.0318955 0.998598 0.0422539 8.61385 0.997892 0.0342068 -0.0551548 6.74759 
-0.0567041 0.0395613 -0.997607 -278.785 -0.0257998 0.998823 0.041076 8.64686 0.998058 0.0280673 -0.0556167 6.66846 
-0.0558843 0.0415796 -0.997571 -280.012 -0.0226316 0.998823 0.0428996 8.67377 0.998181 0.0249741 -0.0548775 6.58268 
-0.0547566 0.0433687 -0.997557 -281.258 -0.0212895 0.998779 0.0445903 8.7118 0.998273 0.0236792 -0.0537664 6.50483 
-0.0536068 0.0455946 -0.997521 -282.525 -0.0225869 0.998646 0.0468598 8.75197 0.998307 0.025043 -0.0525044 6.41269 
-0.0526604 0.047055 -0.997503 -283.753 -0.0238396 0.998545 0.0483627 8.78547 0.998328 0.0263269 -0.051462 6.32645 
-0.0520265 0.0479945 -0.997492 -284.987 -0.0245599 0.998481 0.0493231 8.82384 0.998344 0.0270644 -0.0507688 6.24123 
-0.0512597 0.0475182 -0.997554 -286.22 -0.0240897 0.998518 0.048802 8.8579 0.998395 0.0265324 -0.050039 6.15497 
-0.051159 0.0458551 -0.997637 -287.453 -0.0249752 0.998574 0.0471789 8.89752 0.998378 0.0273299 -0.0499408 6.07417 
-0.0510688 0.0448774 -0.997686 -288.689 -0.0252431 0.998613 0.0462112 8.93115 0.998376 0.0275447 -0.0498651 5.99396 
-0.0511745 0.0444419 -0.9977 -289.925 -0.0253911 0.998629 0.0457857 8.96944 0.998367 0.0276758 -0.0499759 5.91346 
-0.0510515 0.0443744 -0.99771 -291.152 -0.0256462 0.998625 0.0457273 9.00204 0.998367 0.027922 -0.0498432 5.83112 
-0.0509544 0.0447221 -0.997699 -292.389 -0.0262378 0.998592 0.0461021 9.03725 0.998356 0.0285266 -0.0497092 5.74409 
-0.0508942 0.0448761 -0.997695 -293.616 -0.0255198 0.998605 0.0462189 9.07246 0.998378 0.0278133 -0.0496779 5.66473 
-0.0510019 0.0434591 -0.997753 -294.843 -0.0252501 0.998677 0.0447901 9.10248 0.998379 0.0274778 -0.0498371 5.58155 
-0.0510514 0.0409276 -0.997857 -296.074 -0.0246333 0.998804 0.0422267 9.13384 0.998392 0.0267362 -0.0499822 5.4987 
-0.051205 0.0378883 -0.997969 -297.301 -0.0257142 0.998899 0.039243 9.16794 0.998357 0.0276715 -0.0501743 5.40522 
-0.0513229 0.0364484 -0.998017 -298.532 -0.027182 0.998913 0.0378789 9.19677 0.998312 0.0290722 -0.0502763 5.30737 
-0.0514586 0.0364324 -0.99801 -299.777 -0.030572 0.998809 0.0380379 9.22646 0.998207 0.0324686 -0.0502835 5.20785 
-0.0515209 0.0373962 -0.997972 -301.012 -0.0338819 0.998658 0.0391711 9.25558 0.998097 0.0358314 -0.0501847 5.10997 
-0.0517724 0.0382487 -0.997926 -302.257 -0.0375756 0.998484 0.0402195 9.28711 0.997952 0.03958 -0.0502567 5.01158 
-0.0520982 0.0382062 -0.997911 -303.492 -0.039147 0.998422 0.0402695 9.31774 0.997874 0.0411632 -0.0505203 4.92139 
-0.0525454 0.0361177 -0.997965 -304.729 -0.0391103 0.998505 0.0381965 9.34631 0.997852 0.0410378 -0.0510542 4.83374 
-0.0533263 0.0339473 -0.998 -305.979 -0.0366221 0.998683 0.0359273 9.37678 0.997905 0.0384647 -0.0520128 4.75034 
-0.0541399 0.0336178 -0.997967 -307.231 -0.0338882 0.998796 0.0354842 9.4061 0.997958 0.0357404 -0.0529354 4.66143 
