1 2.12261e-08 -2.11895e-08 0 2.12261e-08 1 2.10703e-08 0 -2.11895e-08 2.10703e-08 1 0 
0.999932 -0.0029975 0.0112854 0.0153024 0.00298232 0.999995 0.00136535 -0.00890718 -0.0112894 -0.00133156 0.999935 0.294233 
0.999824 -0.00528227 0.0180139 0.0231165 0.00525816 0.999985 0.00138772 -0.0131156 -0.018021 -0.00129271 0.999837 0.593536 
0.999772 -0.00795794 0.0198407 0.0325239 0.00795867 0.999968 4.38653e-05 -0.0147771 -0.0198404 0.000114092 0.999803 0.896663 
0.999805 -0.00949085 0.017312 0.0375487 0.00951571 0.999954 -0.00135156 -0.0199478 -0.0172984 0.00151608 0.999849 1.20544 
0.999875 -0.0121328 0.0101118 0.0402803 0.0121615 0.999922 -0.00278476 -0.0217552 -0.0100773 0.00290743 0.999945 1.52671 
0.999901 -0.0138408 -0.00256486 0.0337022 0.0138287 0.999893 -0.00469022 -0.0256357 0.00262947 0.00465433 0.999986 1.85294 
0.999727 -0.0131155 -0.019314 0.0113746 0.0130243 0.999904 -0.00483921 -0.0322047 0.0193756 0.00458638 0.999802 2.19546 
0.999203 -0.00877238 -0.0389424 -0.0243815 0.00858396 0.999951 -0.00500399 -0.035778 0.0389843 0.00466577 0.999229 2.54938 
0.998241 -0.00527785 -0.0590598 -0.0673396 0.00492118 0.999969 -0.00618366 -0.0420944 0.0590905 0.00588218 0.998235 2.90983 
0.996814 -0.00498963 -0.0796117 -0.112903 0.00445837 0.999967 -0.00685007 -0.0423683 0.0796432 0.00647334 0.996802 3.28469 
0.994875 -0.00650234 -0.100899 -0.163991 0.0059004 0.999963 -0.00626348 -0.0433699 0.100936 0.00563608 0.994877 3.6847 
0.992656 -0.00797662 -0.120707 -0.227627 0.00736242 0.999958 -0.0055338 -0.0485335 0.120746 0.00460451 0.992673 4.07681 
0.990331 -0.0066781 -0.138561 -0.305446 0.00604786 0.999969 -0.0049693 -0.0535801 0.13859 0.0040833 0.990341 4.47967 
0.988022 -0.00528093 -0.154224 -0.390676 0.00467549 0.99998 -0.0042884 -0.058633 0.154244 0.00351601 0.988027 4.89756 
0.985781 -0.00479373 -0.167969 -0.478957 0.00409858 0.999982 -0.00448525 -0.0648317 0.167987 0.00373309 0.985782 5.32602 
0.983624 -0.00641025 -0.180121 -0.574427 0.00551222 0.99997 -0.00548604 -0.0721837 0.180151 0.00440338 0.983629 5.76258 
0.981761 -0.0100372 -0.189854 -0.669401 0.00873228 0.999932 -0.00770872 -0.0783718 0.189918 0.00591031 0.981782 6.2132 
0.980227 -0.00926581 -0.197661 -0.775452 0.00747122 0.999924 -0.00982314 -0.0825596 0.197737 0.00815218 0.980221 6.67184 
0.97869 -0.00867438 -0.205159 -0.889731 0.00643429 0.999912 -0.0115836 -0.0880852 0.205242 0.0100167 0.97866 7.14248 
0.976986 -0.00950239 -0.213091 -1.01173 0.00661208 0.999876 -0.0142725 -0.100687 0.2132 0.0125351 0.976928 7.61342 
0.975198 -0.0132377 -0.220938 -1.13094 0.00988738 0.999819 -0.0162633 -0.106478 0.221113 0.0136755 0.975152 8.11904 
0.973367 -0.0196112 -0.228413 -1.25976 0.0160503 0.999719 -0.0174371 -0.120309 0.228691 0.0133066 0.973408 8.62261 
0.971238 -0.0201493 -0.237255 -1.3953 0.0159074 0.999678 -0.0197802 -0.136614 0.237577 0.0154372 0.971246 9.14319 
0.969191 -0.015805 -0.245804 -1.55752 0.0101339 0.999653 -0.0243195 -0.14919 0.246103 0.0210793 0.969014 9.66771 
0.966989 -0.0126705 -0.254502 -1.72364 0.00586795 0.999605 -0.0274703 -0.165744 0.25475 0.0250702 0.966682 10.2108 
0.964767 -0.0147863 -0.26269 -1.89042 0.00735579 0.999545 -0.0292473 -0.184106 0.263003 0.0262845 0.964437 10.7623 
0.962466 -0.0172138 -0.270856 -2.05799 0.00901625 0.999464 -0.031481 -0.207646 0.271252 0.0278573 0.962105 11.2942 
0.960227 -0.0169306 -0.278706 -2.24644 0.00777329 0.999394 -0.0339292 -0.232181 0.279112 0.0304133 0.959777 11.8695 
0.957917 -0.0158453 -0.286607 -2.4468 0.00535653 0.999288 -0.0373436 -0.261351 0.286994 0.0342369 0.95732 12.4454 
0.955696 -0.0164992 -0.293891 -2.65088 0.00420061 0.999091 -0.0424297 -0.294291 0.294324 0.0393154 0.954897 13.0238 
0.953949 -0.0182023 -0.299418 -2.85991 0.00333073 0.998738 -0.0501042 -0.326759 0.299952 0.0467996 0.952806 13.6287 
0.952634 -0.0191663 -0.303516 -3.08606 0.00158217 0.998311 -0.0580751 -0.364708 0.304116 0.0548442 0.951055 14.2582 
0.951381 -0.0192823 -0.307413 -3.30903 -0.00134872 0.997768 -0.0667588 -0.406369 0.308014 0.0639277 0.949232 14.883 
0.950049 -0.0190424 -0.31152 -3.54121 -0.00481158 0.997125 -0.0756256 -0.454863 0.312064 0.073347 0.947226 15.516 
0.94879 -0.0183817 -0.315371 -3.77927 -0.0081516 0.996549 -0.0826089 -0.5116 0.315801 0.0809493 0.945366 16.153 
0.947253 -0.0163931 -0.320066 -4.03601 -0.0129006 0.995931 -0.0891895 -0.574912 0.320226 0.0886141 0.943188 16.8214 
0.945623 -0.0157296 -0.324884 -4.28441 -0.0159631 0.995382 -0.0946554 -0.647596 0.324873 0.0946946 0.941005 17.4707 
0.943883 -0.0134457 -0.330006 -4.54184 -0.0208599 0.994749 -0.100194 -0.717876 0.32962 0.101455 0.938647 18.1536 
0.942294 -0.0102774 -0.334629 -4.82823 -0.0258477 0.994312 -0.103324 -0.796315 0.333787 0.106011 0.936668 18.8405 
0.940521 -0.00966654 -0.339597 -5.10541 -0.0275688 0.994127 -0.10465 -0.876493 0.338614 0.107788 0.934731 19.5368 
0.938309 -0.00937284 -0.345672 -5.38217 -0.0281957 0.99423 -0.103494 -0.962791 0.344648 0.106856 0.932631 20.2399 
0.936132 -0.008742 -0.35154 -5.67862 -0.0290868 0.99434 -0.102184 -1.04353 0.350444 0.105883 0.930579 20.9523 
0.93363 -0.00850365 -0.358137 -5.98289 -0.029537 0.994487 -0.100614 -1.12444 0.357018 0.104514 0.928232 21.6834 
0.930399 -0.0075081 -0.366471 -6.29035 -0.030428 0.994757 -0.0976313 -1.20481 0.365282 0.101987 0.925293 22.412 
0.927078 -0.00561701 -0.374826 -6.60934 -0.0310333 0.995306 -0.0916719 -1.28787 0.373581 0.0966191 0.922552 23.1446 
0.923576 -0.00208879 -0.38341 -6.94406 -0.0336559 0.995684 -0.0864963 -1.368 0.381936 0.0927899 0.919519 23.8904 
0.920016 0.00197231 -0.391876 -7.28725 -0.0372706 0.995895 -0.0824887 -1.4472 0.390104 0.0904964 0.916313 24.6304 
0.916237 0.00309856 -0.400624 -7.6408 -0.0385939 0.996002 -0.080562 -1.52444 0.398773 0.0892757 0.912694 25.3828 
0.912348 0.00315705 -0.409403 -8.00442 -0.0393197 0.996024 -0.0799429 -1.59565 0.407522 0.0890334 0.908845 26.1365 
0.908519 0.00344359 -0.417828 -8.38155 -0.0400135 0.996087 -0.0787955 -1.66485 0.415922 0.088306 0.905103 26.9024 
0.904672 0.00423017 -0.426087 -8.76671 -0.0409124 0.996193 -0.0769754 -1.73771 0.424139 0.0870698 0.901401 27.6596 
0.900864 0.00353201 -0.434088 -9.16833 -0.0399085 0.996406 -0.0747148 -1.80621 0.432264 0.0846317 0.897767 28.4484 
0.897027 0.00388962 -0.441959 -9.57255 -0.0391399 0.996732 -0.0706686 -1.87455 0.44024 0.0806899 0.894247 29.2271 
0.893305 0.00619771 -0.449408 -9.99412 -0.0396072 0.9971 -0.0649779 -1.94135 0.447702 0.0758449 0.89096 30.0208 
0.889444 0.00652261 -0.456999 -10.4278 -0.0385812 0.997401 -0.060854 -2.00549 0.455414 0.0717578 0.887383 30.8288 
0.885832 0.00539906 -0.463975 -10.8697 -0.0370163 0.997568 -0.0590642 -2.06682 0.462528 0.0694957 0.883877 31.6307 
0.882696 0.00450021 -0.469923 -11.33 -0.0359615 0.997669 -0.0579954 -2.12357 0.468567 0.0680915 0.8808 32.4471 
0.879541 0.0049112 -0.475798 -11.7961 -0.0359058 0.997781 -0.056075 -2.18054 0.474466 0.0664042 0.877766 33.2682 
0.876613 0.00352966 -0.481183 -12.271 -0.0341387 0.99791 -0.0548735 -2.2395 0.479983 0.0645298 0.874901 34.1047 
0.873949 0.00256126 -0.48601 -12.7541 -0.0333079 0.997951 -0.0546356 -2.29964 0.484874 0.0639368 0.872244 34.9416 
0.872018 0.00190439 -0.489471 -13.2454 -0.0331925 0.997921 -0.0552515 -2.35904 0.488348 0.0644271 0.870267 35.7758 
0.870624 0.00178222 -0.491945 -13.7512 -0.0334735 0.997891 -0.0556249 -2.41908 0.490808 0.0648956 0.868847 36.6293 
0.870085 0.00141031 -0.492899 -14.2799 -0.0325933 0.997972 -0.0546796 -2.48033 0.491822 0.0636411 0.868367 37.5067 
0.870001 0.00183941 -0.493047 -14.8141 -0.0323466 0.998052 -0.0533534 -2.53912 0.491988 0.0623659 0.868365 38.3916 
0.869792 0.00124609 -0.493418 -15.3386 -0.0314728 0.998101 -0.0529594 -2.59799 0.492415 0.061593 0.868179 39.2673 
0.869191 -0.000524143 -0.494476 -15.8817 -0.030046 0.998096 -0.0538731 -2.65591 0.493562 0.0616831 0.86752 40.173 
0.868073 -0.0031383 -0.496427 -16.4418 -0.0274456 0.998147 -0.0543027 -2.71861 0.495678 0.0607635 0.866378 41.106 
0.866564 -0.00363451 -0.499053 -16.9906 -0.0259613 0.998291 -0.05235 -2.78247 0.49839 0.0583207 0.864989 42.0259 
0.864471 -0.00260781 -0.502677 -17.5491 -0.025087 0.998517 -0.0483232 -2.84899 0.502057 0.0543846 0.863123 42.9394 
0.861732 -0.00271704 -0.507357 -18.1015 -0.0229766 0.998751 -0.0443737 -2.91144 0.506843 0.0498956 0.860593 43.8381 
0.857729 -0.00311677 -0.514093 -18.6498 -0.0217366 0.998868 -0.0423219 -2.9754 0.513642 0.0474754 0.85669 44.73 
0.852638 -0.00682211 -0.522457 -19.22 -0.0191039 0.998839 -0.0442197 -3.0394 0.522152 0.0476844 0.851518 45.6137 
0.846652 -0.0101621 -0.532049 -19.7948 -0.0179153 0.998707 -0.0475841 -3.09656 0.531845 0.0498191 0.845375 46.4943 
0.840441 -0.010601 -0.5418 -20.3781 -0.0176777 0.99874 -0.0469634 -3.15456 0.541615 0.0490478 0.839195 47.368 
0.834679 -0.00718268 -0.550689 -20.9916 -0.0188958 0.998953 -0.0416698 -3.21633 0.550412 0.0451867 0.83367 48.2529 
0.829431 -0.00296559 -0.558601 -21.6087 -0.0215157 0.999074 -0.0372514 -3.27393 0.558195 0.0429162 0.828599 49.1349 
0.825363 -0.00324295 -0.564593 -22.2324 -0.0224033 0.999008 -0.038489 -3.33076 0.564157 0.0444162 0.824472 50.0049 
0.822208 -0.00525299 -0.569162 -22.8648 -0.0231892 0.998818 -0.0427174 -3.38636 0.568714 0.0483211 0.821115 50.8745 
0.81944 -0.00745796 -0.573117 -23.4979 -0.0256958 0.998432 -0.0497323 -3.4462 0.572589 0.0554794 0.817963 51.7004 
0.816289 -0.00860875 -0.57758 -24.1403 -0.0257582 0.998352 -0.0512843 -3.50967 0.577069 0.0567403 0.814722 52.5717 
0.812911 -0.00732931 -0.582342 -24.7901 -0.0247398 0.998584 -0.0471033 -3.57504 0.581862 0.0526979 0.811579 53.4443 
0.809895 -0.00459154 -0.586558 -25.4344 -0.0245943 0.998824 -0.0417776 -3.64032 0.58606 0.0482615 0.808829 54.2892 
0.806869 -0.0028452 -0.590724 -26.0937 -0.0249682 0.998931 -0.0389154 -3.69298 0.590203 0.046149 0.805935 55.1528 
0.803743 -0.00264297 -0.594971 -26.7556 -0.0259192 0.998885 -0.0394513 -3.74635 0.594412 0.0471299 0.802778 56.0055 
0.800269 -0.00386684 -0.599628 -27.4148 -0.0258496 0.998827 -0.0409404 -3.80453 0.599083 0.0482635 0.799231 56.8491 
0.79627 -0.00656326 -0.604906 -28.0729 -0.0247128 0.998754 -0.0433673 -3.86267 0.604436 0.0494811 0.795115 57.6855 
0.792209 -0.00785764 -0.610199 -28.7401 -0.0236557 0.99877 -0.0435731 -3.91796 0.609791 0.0489538 0.791049 58.4992 
0.787654 -0.00814904 -0.616063 -29.4237 -0.0231257 0.998817 -0.0427788 -3.97377 0.615683 0.0479418 0.786534 59.3433 
0.78282 -0.00754886 -0.622202 -30.1197 -0.0238151 0.99883 -0.0420812 -4.03377 0.621792 0.0477598 0.781725 60.1802 
0.777659 -0.0085152 -0.628628 -30.8236 -0.0238269 0.998791 -0.0430049 -4.09202 0.628234 0.0484215 0.776516 61.0143 
0.772446 -0.0099946 -0.635001 -31.515 -0.0230148 0.998779 -0.0437167 -4.15689 0.634663 0.0483833 0.771273 61.8002 
0.767189 -0.0107739 -0.641331 -32.2179 -0.0231181 0.998745 -0.0444331 -4.22016 0.641005 0.048915 0.765977 62.5925 
0.761584 -0.0119761 -0.647955 -32.9476 -0.0229924 0.998701 -0.0454834 -4.28192 0.647658 0.0495376 0.760319 63.4144 
0.755655 -0.0139978 -0.65482 -33.6869 -0.0219443 0.998669 -0.0466717 -4.34054 0.654602 0.0496373 0.754343 64.2335 
0.749515 -0.0156776 -0.661802 -34.4325 -0.0201986 0.998712 -0.0465345 -4.39829 0.661679 0.0482458 0.748233 65.0344 
0.743265 -0.015768 -0.668811 -35.1902 -0.0192901 0.998801 -0.0449855 -4.46026 0.668719 0.0463376 0.74207 65.84 
0.736823 -0.016206 -0.675891 -35.9708 -0.0187491 0.998838 -0.0443887 -4.52334 0.675825 0.0453791 0.735664 66.6606 
0.730338 -0.0179542 -0.68285 -36.7132 -0.0171442 0.998858 -0.0445995 -4.59868 0.682871 0.0442797 0.729196 67.4389 
0.724096 -0.0188349 -0.689442 -37.4815 -0.018283 0.998752 -0.0464869 -4.66462 0.689457 0.0462661 0.722848 68.2119 
0.717983 -0.0180026 -0.695828 -38.2766 -0.0195854 0.998747 -0.0460488 -4.73301 0.695785 0.0466903 0.716731 69.0028 
0.712804 -0.0175342 -0.701144 -39.0872 -0.0200305 0.998771 -0.0453408 -4.79283 0.701077 0.0463634 0.711577 69.7832 
0.707775 -0.0169212 -0.706236 -39.9082 -0.0212936 0.998748 -0.0452698 -4.85725 0.706117 0.0470791 0.706528 70.5794 
0.703285 -0.0176029 -0.71069 -40.7561 -0.0219682 0.998678 -0.0464752 -4.91849 0.710569 0.048298 0.701968 71.3688 
0.697977 -0.0192187 -0.715862 -41.5975 -0.0228808 0.998531 -0.0491166 -4.98796 0.715755 0.0506618 0.696512 72.1596 
0.692971 -0.0215597 -0.720643 -42.4502 -0.0226424 0.998409 -0.0516427 -5.05702 0.72061 0.052104 0.69138 72.9526 
0.687955 -0.0217163 -0.725428 -43.3024 -0.0235982 0.998354 -0.0522658 -5.12692 0.725369 0.0530754 0.686311 73.726 
0.683213 -0.0211749 -0.729912 -44.1699 -0.0231731 0.998447 -0.0506557 -5.20055 0.729852 0.051523 0.681661 74.5056 
0.6781 -0.0211551 -0.734665 -45.0537 -0.0226661 0.998508 -0.0496736 -5.2708 0.73462 0.0503357 0.676609 75.2895 
0.673271 -0.0219331 -0.73907 -45.9431 -0.0224742 0.998491 -0.0501052 -5.3443 0.739054 0.0503445 0.671763 76.0572 
0.668618 -0.0231591 -0.743246 -46.8388 -0.0215677 0.99849 -0.0505146 -5.40922 0.743294 0.0498051 0.667109 76.8358 
0.663966 -0.023882 -0.747382 -47.7329 -0.0203553 0.998542 -0.0499911 -5.48095 0.747486 0.0484056 0.662512 77.6099 
0.659782 -0.0248018 -0.751048 -48.6388 -0.0192692 0.998568 -0.0499034 -5.55193 0.75121 0.0473975 0.658359 78.3803 
0.655874 -0.0276284 -0.754364 -49.5491 -0.0166672 0.998556 -0.051063 -5.62446 0.754686 0.0460641 0.654467 79.1479 
0.651697 -0.0323118 -0.757791 -50.4692 -0.0134896 0.99844 -0.054174 -5.6972 0.75836 0.0455273 0.650245 79.9147 
0.647286 -0.036017 -0.761396 -51.3903 -0.0101416 0.998388 -0.0558494 -5.77148 0.76218 0.0438723 0.645877 80.6684 
0.640566 -0.0396215 -0.76688 -52.3285 -0.00539263 0.998411 -0.0560882 -5.84697 0.767884 0.0400638 0.639335 81.4332 
0.632373 -0.0433724 -0.773449 -53.2744 -0.000531367 0.998407 -0.0564217 -5.92659 0.774664 0.0360906 0.631342 82.185 
0.623355 -0.0443921 -0.780678 -54.236 0.00221207 0.998483 -0.055011 -6.0056 0.781936 0.0325645 0.622508 82.9365 
0.614791 -0.0430879 -0.787513 -55.2157 0.00249347 0.998608 -0.0526912 -6.07985 0.788686 0.0304305 0.614042 83.6727 
0.606094 -0.0426626 -0.794248 -56.1841 0.00161368 0.998624 -0.0524091 -6.15967 0.795391 0.0304833 0.605329 84.374 
0.596461 -0.0441374 -0.801428 -57.1787 0.000938221 0.998525 -0.0542939 -6.23389 0.802642 0.0316323 0.595622 85.0887 
0.586752 -0.0461695 -0.80845 -58.1885 0.00119481 0.998422 -0.0561514 -6.31484 0.809766 0.031981 0.585881 85.7859 
0.577326 -0.047771 -0.815115 -59.236 0.00143817 0.998345 -0.0574909 -6.39133 0.816512 0.0320188 0.57644 86.4897 
0.567095 -0.0485119 -0.822223 -60.2685 0.00449533 0.998431 -0.0558079 -6.47646 0.82364 0.0279523 0.566423 87.1845 
0.556809 -0.0484605 -0.829225 -61.3181 0.00557043 0.998492 -0.0546121 -6.55818 0.830622 0.0257895 0.55624 87.8714 
0.546551 -0.0489945 -0.835991 -62.3792 0.00563672 0.99848 -0.0548323 -6.64106 0.837407 0.0252564 0.545996 88.5418 
0.53639 -0.0498466 -0.842497 -63.4355 0.00454176 0.99841 -0.0561797 -6.72178 0.843958 0.0263079 0.535764 89.1927 
0.526288 -0.0502919 -0.848818 -64.5139 0.00293137 0.998351 -0.0573341 -6.804 0.850301 0.0276861 0.525567 89.8351 
0.516519 -0.0514197 -0.85473 -65.586 0.0021464 0.99827 -0.0587578 -6.89038 0.856273 0.028515 0.515736 90.4543 
0.506924 -0.051408 -0.860456 -66.6836 0.00112319 0.998259 -0.0589793 -6.97201 0.86199 0.0289316 0.506099 91.0744 
0.498168 -0.0494173 -0.865671 -67.7832 0.00038242 0.998387 -0.0567734 -7.05849 0.86708 0.0279517 0.497383 91.681 
0.490291 -0.0478623 -0.870244 -68.8932 0.000884915 0.998518 -0.0544186 -7.14202 0.871558 0.0259109 0.489606 92.2783 
0.482425 -0.0482267 -0.874609 -70.0281 0.000928754 0.998511 -0.0545465 -7.22458 0.875937 0.0255023 0.481751 92.8842 
0.474872 -0.051386 -0.878553 -71.152 0.00263585 0.998372 -0.0569694 -7.30597 0.880051 0.0247375 0.474235 93.4702 
0.468119 -0.05487 -0.88196 -72.299 0.00489938 0.998216 -0.0595022 -7.38912 0.883652 0.0235331 0.467553 94.0514 
0.462096 -0.0575442 -0.884961 -73.4449 0.00614709 0.998076 -0.0616897 -7.48406 0.886808 0.0230667 0.461561 94.6257 
0.456631 -0.0611273 -0.887554 -74.5916 0.00787464 0.997875 -0.064674 -7.57762 0.889621 0.022543 0.456142 95.1995 
0.451629 -0.0622476 -0.890032 -75.7463 0.0107979 0.997872 -0.0643106 -7.67345 0.89214 0.0194341 0.45134 95.7768 
0.447156 -0.0598747 -0.89245 -76.894 0.0124193 0.998076 -0.0607386 -7.76805 0.89437 0.0160761 0.44704 96.3416 
0.443125 -0.0578513 -0.894591 -78.0374 0.0154363 0.99826 -0.0569092 -7.86201 0.896327 0.0114088 0.443247 96.8991 
0.440012 -0.0571661 -0.89617 -79.1853 0.0169757 0.998323 -0.0553475 -7.95457 0.897831 0.00914044 0.440245 97.4325 
0.43684 -0.0572275 -0.897717 -80.3242 0.0186983 0.998336 -0.0545429 -8.04094 0.899345 0.00704079 0.437183 97.9695 
0.434065 -0.0566206 -0.899101 -81.4585 0.0205768 0.998386 -0.052939 -8.12513 0.900647 0.0044784 0.434529 98.5034 
0.431603 -0.0559361 -0.900328 -82.5933 0.0226077 0.998433 -0.0511935 -8.2093 0.90178 0.00174092 0.432191 99.0343 
0.429434 -0.0571961 -0.901285 -83.7283 0.0255194 0.998362 -0.0511975 -8.29309 0.902738 -0.00101429 0.43019 99.5527 
0.42677 -0.057466 -0.902533 -84.8525 0.0279954 0.99834 -0.0503284 -8.37497 0.903927 -0.00378806 0.42767 100.073 
0.424359 -0.0568041 -0.903711 -85.9618 0.0310419 0.998356 -0.0481767 -8.45091 0.904962 -0.00760863 0.425425 100.584 
0.422284 -0.0562144 -0.904719 -87.0773 0.0332468 0.998364 -0.0465148 -8.5305 0.905854 -0.0104364 0.423462 101.084 
0.419925 -0.0573498 -0.905745 -88.1711 0.0353929 0.998277 -0.0467998 -8.60897 0.906868 -0.0124045 0.421232 101.59 
0.418685 -0.058371 -0.906254 -89.2488 0.0362851 0.998211 -0.0475303 -8.68448 0.907406 -0.0129832 0.420054 102.069 
0.418244 -0.0595439 -0.906381 -90.3232 0.0364117 0.998146 -0.0487704 -8.76341 0.907605 -0.0126049 0.419637 102.544 
0.41867 -0.0605385 -0.906118 -91.3879 0.0359178 0.998099 -0.050088 -8.84053 0.907428 -0.0115753 0.420048 103.012 
0.420423 -0.0603756 -0.905317 -92.4311 0.0341198 0.99813 -0.0507203 -8.91828 0.906686 -0.00956525 0.421697 103.485 
0.424434 -0.0608336 -0.903413 -93.4647 0.0324221 0.998122 -0.0519787 -8.99423 0.904878 -0.00722899 0.425609 103.953 
0.429627 -0.0618163 -0.900888 -94.4899 0.0313251 0.998074 -0.0535462 -9.06827 0.902463 -0.00521549 0.430736 104.418 
0.435143 -0.0622701 -0.898205 -95.5057 0.0309933 0.99805 -0.0541771 -9.14259 0.899828 -0.00426353 0.436225 104.892 
0.441785 -0.0607015 -0.895065 -96.5041 0.0294491 0.998152 -0.0531573 -9.2241 0.896637 -0.0028747 0.442756 105.371 
0.449514 -0.0595953 -0.891283 -97.495 0.0281086 0.998222 -0.0525693 -9.29874 0.892831 -0.00142201 0.45039 105.855 
0.458441 -0.058625 -0.886789 -98.4927 0.0271289 0.99828 -0.0519709 -9.37761 0.888311 -0.000231928 0.459243 106.344 
0.46767 -0.0582395 -0.881983 -99.4726 0.0266274 0.998302 -0.0518013 -9.45228 0.883502 0.000741102 0.468427 106.848 
0.477169 -0.0594186 -0.8768 -100.44 0.0262996 0.99823 -0.053335 -9.52462 0.878418 0.00239036 0.477888 107.36 
0.487455 -0.0607066 -0.871035 -101.415 0.0244918 0.998138 -0.0558587 -9.60458 0.872805 0.00589541 0.488034 107.879 
0.498523 -0.0619528 -0.86466 -102.368 0.0235568 0.998043 -0.0579279 -9.68167 0.866557 0.00850978 0.499006 108.408 
0.510564 -0.0601528 -0.857733 -103.316 0.0212351 0.998128 -0.0573585 -9.75821 0.859577 0.0110712 0.510886 108.955 
0.523143 -0.0578439 -0.85028 -104.257 0.0197872 0.998249 -0.055736 -9.83087 0.852015 0.0123333 0.523371 109.515 
0.535385 -0.0553965 -0.84279 -105.171 0.0188669 0.998382 -0.0536383 -9.90867 0.844397 0.0128163 0.535564 110.07 
0.546925 -0.0554843 -0.835341 -106.087 0.0194163 0.998374 -0.0536007 -9.97977 0.836956 0.0130964 0.547113 110.658 
0.558334 -0.0559578 -0.827727 -106.984 0.019561 0.998333 -0.0542968 -10.0548 0.829386 0.0141246 0.558498 111.238 
0.569191 -0.0567656 -0.820244 -107.863 0.0195778 0.998267 -0.0555003 -10.131 0.821973 0.0155317 0.569315 111.827 
0.580157 -0.0581302 -0.812428 -108.719 0.0213604 0.998193 -0.0561684 -10.2067 0.814225 0.0152327 0.58035 112.418 
0.59068 -0.0579735 -0.804821 -109.559 0.0219163 0.9982 -0.0558182 -10.2837 0.806608 0.015332 0.590887 113.022 
0.600953 -0.0556394 -0.797346 -110.395 0.0209882 0.998329 -0.0538455 -10.3583 0.799009 0.0156238 0.601116 113.638 
0.610759 -0.0528138 -0.790053 -111.221 0.021039 0.998503 -0.050484 -10.4319 0.791537 0.0142117 0.610956 114.258 
0.620705 -0.0516225 -0.782343 -112.022 0.0202416 0.998553 -0.0498295 -10.4963 0.783783 0.0150936 0.620852 114.878 
0.630353 -0.051288 -0.774613 -112.808 0.0187926 0.998531 -0.0508212 -10.5664 0.776081 0.0174784 0.63039 115.501 
0.63952 -0.0509178 -0.767087 -113.584 0.0169086 0.998495 -0.0521815 -10.6332 0.768589 0.0204008 0.639418 116.137 
0.648365 -0.0503712 -0.759661 -114.347 0.0168535 0.998514 -0.0518246 -10.7001 0.761143 0.0207984 0.648251 116.786 
0.656947 -0.0485516 -0.752372 -115.091 0.0167122 0.998617 -0.0498497 -10.7648 0.753751 0.0201749 0.65685 117.439 
0.665263 -0.0467934 -0.745141 -115.82 0.0170077 0.998725 -0.0475335 -10.8305 0.746415 0.0189492 0.665211 118.084 
0.673161 -0.0460039 -0.738063 -116.526 0.0172575 0.998769 -0.0465139 -10.8982 0.739294 0.0185743 0.673126 118.713 
0.680598 -0.045886 -0.731219 -117.232 0.0168284 0.998753 -0.0470111 -10.9551 0.732464 0.0196905 0.680521 119.356 
0.687851 -0.0451847 -0.724445 -117.935 0.0164497 0.998775 -0.0466764 -11.0149 0.725666 0.0201896 0.687751 120.013 
0.69477 -0.0429507 -0.717948 -118.635 0.0162827 0.998899 -0.0440013 -11.0754 0.719047 0.0188807 0.694705 120.682 
0.701721 -0.0412359 -0.711257 -119.304 0.0164773 0.998996 -0.0416615 -11.1343 0.712261 0.0175152 0.701696 121.334 
0.708641 -0.0401253 -0.704427 -119.95 0.0159276 0.999037 -0.040884 -11.1866 0.705389 0.0177523 0.708598 121.981 
0.71581 -0.0390717 -0.697201 -120.59 0.0150747 0.999065 -0.0405114 -11.2422 0.698133 0.0184884 0.71573 122.634 
0.723432 -0.0364196 -0.689435 -121.215 0.0126601 0.99914 -0.0394954 -11.2895 0.69028 0.0198439 0.72327 123.28 
0.732513 -0.0332337 -0.679941 -121.831 0.0112968 0.999264 -0.0366712 -11.3347 0.680659 0.019181 0.732349 123.935 
0.741754 -0.0290753 -0.670042 -122.421 0.00917896 0.999406 -0.0332063 -11.3851 0.670609 0.0184806 0.74158 124.61 
0.751749 -0.0270459 -0.658895 -123.005 0.00760399 0.999448 -0.0323492 -11.4302 0.659406 0.0193083 0.751539 125.265 
0.761927 -0.0262751 -0.64713 -123.579 0.00616457 0.999426 -0.0333212 -11.4739 0.647634 0.0213991 0.761651 125.922 
0.771955 -0.0275281 -0.635081 -124.145 0.00652954 0.999353 -0.035381 -11.512 0.635644 0.0231658 0.771635 126.585 
0.782057 -0.0266572 -0.622637 -124.716 0.00614801 0.999366 -0.0350641 -11.5512 0.623177 0.0235942 0.781725 127.27 
0.792342 -0.0251242 -0.60956 -125.239 0.00595344 0.999423 -0.0334546 -11.593 0.610048 0.0228785 0.792034 127.937 
0.802336 -0.022878 -0.596435 -125.727 0.00576862 0.999516 -0.0305794 -11.6347 0.596845 0.0210944 0.802079 128.595 
0.812045 -0.0215475 -0.583197 -126.224 0.00616881 0.999579 -0.0283421 -11.6725 0.583563 0.0194175 0.811836 129.276 
0.821226 -0.020366 -0.570239 -126.74 0.0069676 0.999646 -0.0256679 -11.7019 0.57056 0.017106 0.821078 129.985 
0.829339 -0.0196968 -0.558399 -127.25 0.00781788 0.99969 -0.0236516 -11.7332 0.558691 0.0152498 0.829235 130.719 
0.836618 -0.0197998 -0.54743 -127.72 0.00933074 0.999717 -0.0218986 -11.7747 0.547708 0.0132129 0.836565 131.426 
0.843006 -0.0195798 -0.537547 -128.13 0.00950102 0.999723 -0.0215143 -11.8063 0.53782 0.0130295 0.842959 132.11 
0.849634 -0.0187877 -0.527039 -128.572 0.008755 0.99973 -0.0215242 -11.8346 0.527301 0.0136735 0.849569 132.827 
0.856347 -0.0170232 -0.51612 -129.022 0.00740715 0.999759 -0.0206851 -11.8626 0.516348 0.0138907 0.856266 133.555 
0.86241 -0.016043 -0.505956 -129.455 0.00679517 0.999775 -0.0201187 -11.8911 0.506164 0.0139125 0.862325 134.297 
0.868349 -0.0164428 -0.495681 -129.879 0.00752643 0.999772 -0.0199797 -11.9288 0.495896 0.0136187 0.868275 135.023 
0.873425 -0.0178751 -0.48663 -130.316 0.0087896 0.999742 -0.0209471 -11.9529 0.486879 0.0140185 0.873357 135.795 
0.877503 -0.0187969 -0.479203 -130.723 0.00964511 0.999721 -0.0215525 -11.9791 0.479474 0.0142905 0.87744 136.555 
0.881045 -0.0183545 -0.472675 -131.15 0.00970428 0.999738 -0.0207327 -12.0063 0.472932 0.0136795 0.880993 137.329 
0.883992 -0.0164194 -0.467215 -131.547 0.00944497 0.999806 -0.017266 -12.0378 0.467407 0.0108503 0.883975 138.108 
0.887179 -0.012428 -0.461258 -131.964 0.00725201 0.999889 -0.0129924 -12.065 0.461369 0.00818156 0.887171 138.894 
0.890476 -0.00992979 -0.454921 -132.392 0.00591036 0.99993 -0.0102569 -12.0857 0.454991 0.00644483 0.890473 139.707 
0.893719 -0.0073248 -0.448568 -132.817 0.00412063 0.999959 -0.00811882 -12.1012 0.448609 0.0054076 0.893712 140.529 
0.897126 -0.0055601 -0.441739 -133.253 0.00331756 0.999977 -0.00584899 -12.1204 0.441762 0.00378183 0.897124 141.368 
0.900319 -0.00417417 -0.43521 -133.673 0.00323075 0.999991 -0.00290769 -12.1346 0.435218 0.00121184 0.900324 142.228 
0.90366 -0.00404865 -0.428232 -134.083 0.00407645 0.999991 -0.00085217 -12.1484 0.428232 -0.000975544 0.903668 143.095 
0.907112 -0.00439134 -0.420867 -134.499 0.00496307 0.999988 0.000263138 -12.1604 0.420861 -0.00232744 0.907122 143.99 
0.910691 -0.00513167 -0.413057 -134.908 0.00579335 0.999983 0.000349439 -12.169 0.413048 -0.00271117 0.910705 144.883 
0.914615 -0.00710997 -0.404264 -135.341 0.00785042 0.999969 0.000173956 -12.1903 0.40425 -0.00333269 0.914642 145.828 
0.918688 -0.00895408 -0.394883 -135.752 0.00927074 0.999956 -0.00110618 -12.196 0.394876 -0.00264457 0.918731 146.755 
0.923141 -0.0101275 -0.384329 -136.158 0.00966933 0.999948 -0.00312469 -12.2082 0.384341 -0.000831628 0.923191 147.741 
0.928452 -0.00817291 -0.371363 -136.567 0.00732937 0.999966 -0.00368291 -12.2243 0.37138 0.000697598 0.928481 148.715 
0.93459 -0.00476813 -0.355695 -136.958 0.00414974 0.999988 -0.00250159 -12.2383 0.355703 0.00086197 0.934599 149.719 
0.941352 -0.000495311 -0.337426 -137.335 0.00086888 0.999999 0.000955994 -12.2607 0.337425 -0.00119306 0.941352 150.73 
0.948072 0.00265805 -0.318045 -137.693 -0.00193095 0.999995 0.00260127 -12.272 0.31805 -0.00185202 0.948072 151.745 
0.954726 0.00388405 -0.29746 -138.025 -0.00299543 0.99999 0.00344302 -12.2808 0.29747 -0.00239607 0.954728 152.789 
0.960969 0.00509397 -0.276611 -138.33 -0.00388697 0.99998 0.00491151 -12.2825 0.27663 -0.00364458 0.96097 153.845 
0.966916 0.00599609 -0.255024 -138.626 -0.00420192 0.999962 0.00757936 -12.2897 0.255059 -0.00625697 0.966905 154.898 
0.972401 0.00799947 -0.233177 -138.929 -0.00556371 0.999923 0.0111017 -12.2864 0.233248 -0.00949791 0.972371 156.059 
0.977387 0.0100789 -0.211216 -139.192 -0.00701003 0.999859 0.0152732 -12.281 0.21134 -0.0134472 0.97732 157.172 
0.981899 0.0119714 -0.189028 -139.441 -0.00861545 0.999791 0.018565 -12.2762 0.18921 -0.0166004 0.981796 158.331 
0.985805 0.0140525 -0.167308 -139.652 -0.0110422 0.99976 0.0189091 -12.2813 0.167533 -0.0167931 0.985723 159.477 
0.989277 0.0129704 -0.145472 -139.849 -0.0106218 0.999801 0.0169101 -12.2719 0.145662 -0.0151836 0.989218 160.65 
0.992094 0.0129273 -0.124833 -140.012 -0.0110006 0.99981 0.0161109 -12.2654 0.125017 -0.0146103 0.992047 161.829 
0.994429 0.0117362 -0.104757 -140.144 -0.00988057 0.999785 0.0182146 -12.2609 0.104948 -0.017078 0.994331 163 
0.996313 0.0122907 -0.0849063 -140.271 -0.0106367 0.999745 0.0199054 -12.2547 0.0851293 -0.0189289 0.99619 164.236 
0.997812 0.0127531 -0.0648741 -140.361 -0.0114073 0.999713 0.0210718 -12.2542 0.0651242 -0.0202856 0.997671 165.481 
0.998894 0.0143018 -0.0447918 -140.431 -0.0133343 0.999673 0.0218251 -12.2507 0.0450892 -0.0212037 0.998758 166.769 
0.999598 0.0147674 -0.024185 -140.485 -0.0142197 0.999642 0.0226632 -12.2542 0.024511 -0.0223101 0.999451 168.101 
0.999856 0.016371 -0.00443811 -140.482 -0.0162688 0.999623 0.022137 -12.2476 0.00479879 -0.0220615 0.999745 169.325 
0.999736 0.0172328 0.0151961 -140.472 -0.0175528 0.999622 0.02118 -12.2452 -0.0148254 -0.0214411 0.99966 170.639 
0.999242 0.0173153 0.034861 -140.445 -0.0179943 0.999653 0.0192608 -12.2606 -0.0345154 -0.0198735 0.999207 172 
0.998349 0.0192557 0.0541206 -140.42 -0.02019 0.999656 0.0167718 -12.2455 -0.0537791 -0.0178368 0.998394 173.346 
0.997137 0.0193265 0.0730995 -140.331 -0.0204931 0.999674 0.0152429 -12.2506 -0.0727811 -0.0166973 0.997208 174.712 
0.995594 0.0192591 0.0917715 -140.236 -0.0204836 0.999713 0.0124199 -12.2511 -0.091506 -0.014245 0.995703 176.05 
0.993687 0.020035 0.11038 -140.115 -0.0209898 0.999752 0.00749497 -12.2758 -0.110203 -0.00976448 0.993861 177.43 
0.991486 0.0217058 0.128393 -139.98 -0.0220166 0.999757 0.00100167 -12.2991 -0.12834 -0.00381987 0.991723 178.821 
0.989086 0.0234397 0.14546 -139.755 -0.0231323 0.999725 -0.00380415 -12.3282 -0.14551 0.000397836 0.989357 180.26 
0.986202 0.0258888 0.163507 -139.577 -0.0249554 0.999658 -0.00776023 -12.3469 -0.163652 0.0035728 0.986512 181.74 
0.982977 0.0280132 0.181581 -139.361 -0.0265728 0.999593 -0.0103608 -12.3954 -0.181798 0.0053593 0.983321 183.255 
0.979552 0.0274641 0.199309 -139.116 -0.0259667 0.999612 -0.0101235 -12.42 -0.19951 0.00474114 0.979884 184.676 
0.975974 0.0267186 0.216243 -138.833 -0.0250194 0.999631 -0.0105916 -12.4551 -0.216446 0.00492684 0.976282 186.059 
0.972172 0.0264531 0.232769 -138.511 -0.0235002 0.999604 -0.0154504 -12.5059 -0.233086 0.00955032 0.972409 187.457 
0.968222 0.0272621 0.248603 -138.107 -0.0231607 0.999543 -0.0194081 -12.5671 -0.249018 0.0130336 0.968411 188.951 
0.963908 0.0294476 0.264602 -137.622 -0.0252461 0.999496 -0.0192659 -12.6298 -0.265035 0.0118905 0.964165 190.515 
0.958815 0.0319682 0.282227 -137.234 -0.0275021 0.999426 -0.0197724 -12.6788 -0.282697 0.0111963 0.959144 192.015 
0.953576 0.0354484 0.29906 -136.736 -0.030146 0.999296 -0.0223265 -12.7639 -0.299641 0.0122746 0.953973 193.471 
0.947987 0.0359043 0.316277 -136.244 -0.0292361 0.999239 -0.0258048 -12.8532 -0.316963 0.015216 0.948316 194.977 
0.942124 0.0365931 0.333262 -135.738 -0.0289376 0.999192 -0.0279078 -12.93 -0.334014 0.0166488 0.942421 196.455 
0.935823 0.0367852 0.350545 -135.198 -0.026924 0.999094 -0.0329649 -13.0048 -0.35144 0.0214113 0.935966 197.974 
0.928579 0.0396425 0.369013 -134.586 -0.0273138 0.998882 -0.0385762 -13.1141 -0.370129 0.0257419 0.928624 199.502 
0.919645 0.0431563 0.390372 -133.935 -0.0292015 0.998707 -0.0416153 -13.2293 -0.391663 0.0268718 0.919716 201.079 
0.909122 0.0459716 0.413986 -133.291 -0.0309789 0.998601 -0.0428604 -13.3228 -0.415377 0.0261405 0.909274 202.596 
0.897096 0.0506124 0.438928 -132.592 -0.0342254 0.998393 -0.0451726 -13.4339 -0.440509 0.0255017 0.897386 204.092 
0.883842 0.054969 0.464545 -131.906 -0.0365587 0.998151 -0.0485534 -13.5261 -0.466355 0.0259304 0.884218 205.576 
0.870118 0.058823 0.48932 -131.212 -0.0384614 0.997928 -0.0515719 -13.6174 -0.49134 0.0260537 0.870578 206.914 
0.855932 0.0602142 0.51357 -130.443 -0.0379178 0.997832 -0.0537971 -13.7177 -0.515696 0.0265732 0.856359 208.318 
0.840941 0.0619744 0.537566 -129.615 -0.0379722 0.99773 -0.0556234 -13.8686 -0.539792 0.0263635 0.841385 209.782 
0.825774 0.0638949 0.56037 -128.773 -0.03634 0.997525 -0.060189 -13.9982 -0.562829 0.0293387 0.826053 211.111 
0.81022 0.0658486 0.582415 -127.83 -0.0342551 0.997291 -0.0651012 -14.1629 -0.585124 0.0327956 0.81028 212.527 
0.794995 0.0676115 0.602836 -126.915 -0.0331544 0.997127 -0.0681107 -14.2875 -0.605709 0.034161 0.794953 213.812 
0.780109 0.0687496 0.621855 -125.912 -0.0311007 0.996977 -0.0712059 -14.4264 -0.62487 0.0362083 0.779889 215.085 
0.765441 0.0689601 0.6398 -124.88 -0.0291365 0.996936 -0.0725952 -14.5756 -0.642846 0.0369259 0.765105 216.339 
0.751198 0.0693737 0.656421 -123.853 -0.0275935 0.996893 -0.0737787 -14.7305 -0.6595 0.0373095 0.750779 217.541 
0.737049 0.0696306 0.672243 -122.77 -0.0246871 0.996788 -0.0761799 -14.8821 -0.675389 0.0395526 0.736401 218.773 
0.722741 0.0710106 0.687461 -121.695 -0.0223874 0.996591 -0.0794055 -15.0295 -0.690756 0.0419992 0.721867 219.991 
0.708778 0.0728172 0.701663 -120.585 -0.0197794 0.996319 -0.083416 -15.1922 -0.705154 0.0452449 0.707609 221.141 
0.694584 0.0742632 0.715568 -119.453 -0.0182224 0.996155 -0.085695 -15.3604 -0.719181 0.0464831 0.693267 222.281 
0.680339 0.0748224 0.729068 -118.306 -0.0171232 0.996126 -0.0862512 -15.5233 -0.732697 0.0461961 0.678985 223.362 
0.66478 0.0758765 0.743176 -117.139 -0.0173435 0.996128 -0.0861882 -15.6796 -0.746838 0.0444069 0.663522 224.453 
0.648475 0.0772239 0.757309 -115.952 -0.0196966 0.99621 -0.084719 -15.8393 -0.760981 0.0400217 0.647538 225.506 
0.631815 0.077957 0.771189 -114.75 -0.0216829 0.996318 -0.0829503 -15.9991 -0.774816 0.0356877 0.631179 226.516 
0.614858 0.0798204 0.784588 -113.532 -0.0245316 0.996319 -0.0821362 -16.163 -0.788256 0.0312549 0.614553 227.517 
0.597791 0.0828578 0.797358 -112.328 -0.0253824 0.996102 -0.0844807 -16.3234 -0.80125 0.030263 0.597564 228.457 
0.580426 0.0863994 0.809716 -111.106 -0.0282643 0.995894 -0.0860044 -16.5066 -0.813822 0.0270332 0.580485 229.384 
0.562174 0.0864775 0.822485 -109.856 -0.0283024 0.995947 -0.0853707 -16.6702 -0.826535 0.0247149 0.562343 230.275 
0.542184 0.0853524 0.835913 -108.588 -0.0292565 0.996142 -0.0827366 -16.8378 -0.83975 0.0204027 0.54259 231.151 
0.521709 0.0836201 0.849016 -107.326 -0.0293585 0.996355 -0.0800912 -16.9907 -0.852618 0.0168584 0.522262 231.972 
0.501186 0.0821222 0.861434 -106.053 -0.0294674 0.996529 -0.0778567 -17.1426 -0.864838 0.0136365 0.501866 232.75 
0.480408 0.0811336 0.873284 -104.775 -0.0290506 0.996638 -0.0766127 -17.2957 -0.876564 0.0114359 0.48115 233.501 
0.459825 0.0804561 0.884357 -103.518 -0.0280185 0.996706 -0.0761089 -17.4388 -0.887567 0.0102185 0.460565 234.189 
0.439682 0.0795961 0.89462 -102.234 -0.025844 0.996774 -0.0759833 -17.5793 -0.897782 0.0102879 0.44032 234.864 
0.419646 0.0799127 0.904163 -100.916 -0.023504 0.99674 -0.077186 -17.7138 -0.907383 0.0111394 0.420156 235.501 
0.399647 0.0788939 0.913268 -99.5979 -0.019939 0.996802 -0.0773848 -17.865 -0.916452 0.012717 0.399942 236.104 
0.379306 0.0771847 0.922047 -98.2849 -0.018379 0.996947 -0.0758939 -18.0001 -0.925089 0.0118407 0.379566 236.675 
0.359398 0.076914 0.930009 -96.9494 -0.0175596 0.996979 -0.0756667 -18.1441 -0.933019 0.0108639 0.359663 237.216 
0.339819 0.0816373 0.936941 -95.6014 -0.0177463 0.996605 -0.0803994 -18.2824 -0.940324 0.010694 0.340114 237.747 
0.320884 0.0908135 0.942755 -94.2756 -0.0190893 0.99581 -0.0894268 -18.434 -0.946926 0.0106991 0.321274 238.23 
0.301929 0.0985592 0.948222 -92.9896 -0.0210853 0.995089 -0.0967167 -18.5787 -0.953097 0.00920801 0.302524 238.672 
0.282565 0.1027 0.953735 -91.6562 -0.0236116 0.994696 -0.100115 -18.7384 -0.958958 0.00576982 0.283491 239.111 
0.263182 0.104147 0.959108 -90.3758 -0.0265408 0.994561 -0.100714 -18.8975 -0.964381 0.00105057 0.264515 239.494 
0.243297 0.104538 0.964302 -89.0815 -0.0303441 0.994509 -0.100157 -19.053 -0.969477 -0.004893 0.245134 239.873 
0.224226 0.104929 0.968872 -87.8278 -0.0320161 0.994443 -0.100289 -19.2034 -0.974011 -0.00853213 0.226339 240.206 
0.205383 0.103359 0.973209 -86.5769 -0.0321055 0.994584 -0.0988533 -19.3561 -0.978155 -0.0109426 0.207589 240.508 
0.186958 0.103322 0.976919 -85.3428 -0.0319734 0.994567 -0.0990691 -19.5029 -0.981847 -0.0127137 0.189246 240.779 
0.168207 0.104069 0.980243 -84.1023 -0.0319794 0.994464 -0.100091 -19.6523 -0.985233 -0.0145116 0.170604 241.039 
0.149339 0.107728 0.9829 -82.8598 -0.0355674 0.993989 -0.103539 -19.7978 -0.988146 -0.0194966 0.152273 241.268 
0.130998 0.109338 0.985335 -81.6091 -0.0358084 0.993773 -0.105513 -19.9537 -0.990736 -0.0214612 0.134098 241.469 
0.114088 0.106638 0.987731 -80.3471 -0.0359667 0.994014 -0.103162 -20.1006 -0.992819 -0.0237558 0.11724 241.652 
0.0991788 0.102462 0.98978 -79.1012 -0.0335071 0.994464 -0.0995889 -20.2474 -0.994505 -0.0232876 0.102063 241.787 
0.0857179 0.098178 0.99147 -77.895 -0.0333502 0.994858 -0.0956301 -20.3885 -0.995761 -0.0248685 0.0885514 241.896 
0.0732521 0.0945469 0.992822 -76.6985 -0.0308732 0.995234 -0.0924987 -20.5343 -0.996836 -0.0238758 0.075822 242.005 
0.0625292 0.0947823 0.993532 -75.5241 -0.0308103 0.995189 -0.0930012 -20.6663 -0.997567 -0.0247957 0.0651487 242.108 
0.0540354 0.0968505 0.993831 -74.374 -0.0310829 0.994966 -0.0952711 -20.8044 -0.998055 -0.0257432 0.0567738 242.196 
0.0470489 0.0985409 0.99402 -73.2394 -0.0321634 0.994756 -0.0970914 -20.9336 -0.998375 -0.0274031 0.0499716 242.28 
0.0411331 0.102582 0.993874 -72.1066 -0.0324884 0.994327 -0.101284 -21.0728 -0.998625 -0.0281232 0.0442325 242.353 
0.0356649 0.111111 0.993168 -71.0019 -0.0320772 0.993415 -0.109986 -21.2105 -0.998849 -0.0279354 0.0389941 242.418 
0.0305582 0.113678 0.993048 -69.912 -0.033753 0.993062 -0.112641 -21.3435 -0.998963 -0.0300763 0.0341832 242.488 
0.0267649 0.105235 0.994087 -68.8076 -0.03269 0.994004 -0.104346 -21.4792 -0.999107 -0.0297039 0.0300445 242.543 
0.0241467 0.0955055 0.995136 -67.7061 -0.0314831 0.995005 -0.094729 -21.6085 -0.999213 -0.0290426 0.0270329 242.598 
0.0228131 0.092082 0.99549 -66.6207 -0.0311617 0.995331 -0.0913532 -21.7237 -0.999254 -0.0289371 0.025576 242.645 
0.0227203 0.0941492 0.995299 -65.5484 -0.0319584 0.995115 -0.0934022 -21.8422 -0.999231 -0.029686 0.0256182 242.698 
0.0232353 0.0972285 0.994991 -64.4847 -0.0315621 0.994835 -0.0964761 -21.9609 -0.999232 -0.0291623 0.026184 242.742 
0.0248425 0.0997467 0.994703 -63.434 -0.0340947 0.994516 -0.0988763 -22.0796 -0.99911 -0.0314577 0.0281071 242.792 
0.0265699 0.10068 0.994564 -62.3926 -0.0362727 0.994357 -0.0996896 -22.1956 -0.998989 -0.0334268 0.0300719 242.85 
0.0298632 0.102397 0.994295 -61.3669 -0.0371324 0.994166 -0.101269 -22.3111 -0.998864 -0.0338964 0.0334912 242.903 
0.0335077 0.103359 0.99408 -60.3557 -0.0392016 0.994009 -0.10203 -22.4291 -0.998669 -0.0355507 0.0373588 242.964 
0.0377491 0.104373 0.993822 -59.3475 -0.0405152 0.993873 -0.102839 -22.5476 -0.998466 -0.0363828 0.0417465 243.039 
0.0436193 0.103503 0.993672 -58.3299 -0.0414931 0.993948 -0.101711 -22.6612 -0.998186 -0.036794 0.04765 243.117 
0.0500761 0.102253 0.993497 -57.3265 -0.0404379 0.994137 -0.10028 -22.7763 -0.997926 -0.0351533 0.0539174 243.192 
0.0572599 0.101431 0.993193 -56.3344 -0.0385555 0.994308 -0.0993222 -22.8913 -0.997615 -0.0326059 0.0608447 243.268 
0.0643732 0.102408 0.992657 -55.3376 -0.0375081 0.994266 -0.100142 -23.0027 -0.997221 -0.0307862 0.0678452 243.355 
0.0711432 0.10226 0.992211 -54.3531 -0.0379588 0.994288 -0.099752 -23.1137 -0.996744 -0.0305664 0.0746185 243.448 
0.0774355 0.101329 0.991835 -53.3701 -0.0392623 0.99436 -0.0985212 -23.2219 -0.996224 -0.0313127 0.0809771 243.555 
0.0838872 0.0993544 0.99151 -52.3822 -0.0403619 0.994539 -0.0962431 -23.3312 -0.995658 -0.0319457 0.0874392 243.667 
0.0902421 0.0978182 0.991104 -51.4 -0.0406311 0.994698 -0.0944733 -23.4413 -0.995091 -0.0317442 0.0937381 243.786 
0.0969768 0.098456 0.990405 -50.4243 -0.0408252 0.994651 -0.0948806 -23.5479 -0.994449 -0.0312322 0.100478 243.906 
0.103516 0.100414 0.989546 -49.4587 -0.0400323 0.994505 -0.0967294 -23.6563 -0.993822 -0.0296008 0.106967 244.032 
0.110028 0.102035 0.988677 -48.4984 -0.0400562 0.994364 -0.0981645 -23.7606 -0.993121 -0.0288017 0.113495 244.16 
0.115789 0.103927 0.987822 -47.543 -0.0423926 0.994122 -0.0996202 -23.8706 -0.992369 -0.0303414 0.119514 244.307 
0.122061 0.104666 0.986988 -46.5861 -0.0444144 0.994004 -0.0999172 -23.9787 -0.991528 -0.0316404 0.125978 244.455 
0.12871 0.104404 0.986171 -45.6396 -0.0450312 0.994032 -0.0993593 -24.0847 -0.990659 -0.0316199 0.132644 244.603 
0.134853 0.102195 0.985582 -44.6844 -0.0459547 0.994242 -0.0968053 -24.1904 -0.989799 -0.0322376 0.138772 244.76 
0.140796 0.100653 0.984909 -43.7257 -0.0464259 0.994396 -0.0949854 -24.2965 -0.98895 -0.0323517 0.14468 244.929 
0.147125 0.100057 0.984044 -42.776 -0.0465901 0.994467 -0.0941511 -24.4012 -0.98802 -0.0319948 0.150972 245.096 
0.15404 0.10101 0.982888 -41.8179 -0.0459749 0.994416 -0.0949894 -24.5056 -0.986995 -0.030556 0.157823 245.271 
0.161246 0.101339 0.981698 -40.8744 -0.0438812 0.994467 -0.0954497 -24.6091 -0.985938 -0.0276871 0.164801 245.445 
0.169938 0.102883 0.980069 -39.938 -0.0426896 0.99437 -0.0969817 -24.7127 -0.98453 -0.0253578 0.173374 245.625 
