1 2.12261e-08 -2.11895e-08 0 2.12261e-08 1 2.10703e-08 0 -2.11895e-08 2.10703e-08 1 0 
0.999875 0.00145039 0.0157756 0.0104386 -0.00143442 0.999998 -0.00102088 -0.00326052 -0.0157771 0.000998167 0.999875 0.122608 
0.999297 0.00446567 0.0372132 0.0261919 -0.00444405 0.99999 -0.000662548 -0.00255179 -0.0372158 0.000496746 0.999307 0.264412 
0.997906 0.00602211 0.0644006 0.0544712 -0.00608109 0.999981 0.000720478 -0.0042628 -0.0643951 -0.00111055 0.997924 0.416804 
0.995129 0.00544216 0.0984273 0.1006 -0.00576489 0.999979 0.00299526 -0.00633039 -0.098409 -0.00354806 0.99514 0.580579 
0.990634 0.00232822 0.136521 0.160914 -0.00302419 0.999984 0.00489102 -0.00482094 -0.136508 -0.00525804 0.990625 0.748425 
0.98437 -0.000529943 0.176112 0.235607 -0.000402219 0.999986 0.00525752 -0.00117161 -0.176113 -0.00524614 0.984356 0.937539 
0.975575 -0.000852744 0.219667 0.325323 -0.00058185 0.999979 0.0064662 -0.00629107 -0.219668 -0.00643604 0.975554 1.12298 
0.963421 -0.000218089 0.267992 0.40352 -0.00231077 0.999956 0.00912106 0.00646842 -0.267982 -0.00940665 0.963378 1.30172 
0.948979 -0.00436529 0.31531 0.497347 -0.000916501 0.999862 0.0166011 0.00111872 -0.315339 -0.016043 0.948844 1.45774 
0.932024 -0.0136424 0.362141 0.631835 0.00511425 0.999687 0.0244975 0.000812396 -0.362362 -0.0209801 0.931802 1.64618 
0.9106 -0.0201274 0.412798 0.744329 0.00875621 0.999529 0.0294202 -0.0149089 -0.413195 -0.0231755 0.910348 1.81325 
0.885137 -0.0215062 0.464833 0.890924 0.00665321 0.999414 0.0335705 -0.0163355 -0.465283 -0.0266218 0.884762 2.00746 
0.85659 -0.0235346 0.51546 1.05572 0.00458909 0.999267 0.037998 -0.00798983 -0.515977 -0.0301832 0.856071 2.21621 
0.823974 -0.0281566 0.565927 1.22588 0.00513465 0.999095 0.0422321 0.000842424 -0.566604 -0.0318923 0.823373 2.40009 
0.787413 -0.0335238 0.615514 1.40938 0.00691633 0.998938 0.045559 0.00180614 -0.616388 -0.0316166 0.786808 2.58692 
0.748827 -0.0373751 0.661711 1.61779 0.00739562 0.998818 0.0480465 0.0142461 -0.662725 -0.0310847 0.748218 2.77939 
0.707931 -0.0407757 0.705103 1.83691 0.00846738 0.99875 0.0492558 0.0174277 -0.706231 -0.0288993 0.707392 2.97599 
0.665267 -0.0422178 0.745411 2.10337 0.0071439 0.998714 0.0501884 0.0372466 -0.746571 -0.0280635 0.664713 3.18351 
0.62181 -0.0421038 0.782035 2.39352 0.00187411 0.998631 0.0522749 0.0532275 -0.783166 -0.0310394 0.621038 3.39225 
0.579162 -0.0427001 0.814093 2.72146 -0.00129404 0.998578 0.0532972 0.0679059 -0.815211 -0.0319212 0.578283 3.60835 
0.538442 -0.0439916 0.841513 3.07264 -0.00307635 0.998527 0.0541683 0.0832644 -0.842657 -0.0317553 0.537514 3.80803 
0.499583 -0.0462147 0.865032 3.44688 -0.00474059 0.998415 0.0560786 0.0961457 -0.866253 -0.0321167 0.498572 3.98994 
0.461747 -0.0459457 0.885821 3.84944 -0.0076287 0.998415 0.0557624 0.116166 -0.886979 -0.0325058 0.460665 4.18931 
0.424755 -0.0451489 0.904182 4.29123 -0.008827 0.998502 0.0540053 0.137331 -0.905266 -0.0309202 0.42372 4.38891 
0.390504 -0.04371 0.919563 4.76874 -0.00776186 0.99868 0.0507669 0.159391 -0.920568 -0.0269622 0.38965 4.58853 
0.360391 -0.0419118 0.931859 5.27393 -0.0057349 0.998872 0.0471437 0.18394 -0.932784 -0.0223343 0.359744 4.77697 
0.334795 -0.0400335 0.94144 5.81402 -0.00452239 0.999017 0.0440902 0.209345 -0.94228 -0.0190187 0.334285 4.95774 
0.314391 -0.0394999 0.948471 6.38098 -0.00322226 0.999084 0.0426758 0.231542 -0.949288 -0.0164731 0.313976 5.14304 
0.299551 -0.0399761 0.953242 6.98659 -0.00219484 0.99909 0.0425886 0.257972 -0.954078 -0.0148497 0.299191 5.33532 
0.287891 -0.0413981 0.956768 7.61442 -0.00131032 0.999047 0.0436217 0.282866 -0.957662 -0.013812 0.287562 5.52677 
0.276967 -0.0430565 0.959914 8.26425 -0.00286038 0.998954 0.045633 0.309473 -0.960875 -0.0153845 0.276554 5.72075 
0.266232 -0.044772 0.962869 8.93624 -0.00405372 0.99886 0.0475664 0.338146 -0.9639 -0.0165669 0.265747 5.91855 
0.256101 -0.0464615 0.965533 9.63422 -0.00482224 0.99877 0.04934 0.368584 -0.966638 -0.0172921 0.255563 6.11424 
0.245857 -0.0485428 0.96809 10.361 -0.00580787 0.998654 0.0515504 0.395458 -0.969289 -0.0182965 0.245244 6.31222 
0.23564 -0.0501077 0.970548 11.109 -0.00582538 0.998579 0.0529694 0.427211 -0.971823 -0.0181355 0.235014 6.49903 
0.225155 -0.0511606 0.972979 11.8816 -0.00572182 0.998534 0.0538285 0.468245 -0.974306 -0.017687 0.224533 6.68956 
0.214309 -0.0539899 0.975273 12.6661 -0.00718939 0.998357 0.0568476 0.504435 -0.976739 -0.0191946 0.213569 6.88048 
0.203282 -0.0578308 0.977411 13.4511 -0.00890039 0.998104 0.0609063 0.538406 -0.97908 -0.0210805 0.202382 7.05049 
0.191055 -0.0617109 0.979638 14.2446 -0.0100177 0.997847 0.0648117 0.575914 -0.981528 -0.0221962 0.190025 7.21711 
0.178079 -0.0638618 0.981942 15.0439 -0.0109419 0.997702 0.0668712 0.614723 -0.983955 -0.0226527 0.176971 7.37196 
0.163885 -0.0642141 0.984387 15.8512 -0.0112565 0.997692 0.0669561 0.657411 -0.986415 -0.0220538 0.162784 7.51667 
0.149287 -0.0633558 0.986762 16.664 -0.0128995 0.997735 0.066012 0.693868 -0.98871 -0.0225834 0.148132 7.65338 
0.132745 -0.0622141 0.989196 17.4811 -0.0133783 0.997825 0.0645521 0.733952 -0.99106 -0.0218027 0.131624 7.7703 
0.112422 -0.0606169 0.99181 18.3041 -0.0157834 0.997903 0.0627784 0.771274 -0.993535 -0.0227118 0.111229 7.87302 
0.0865475 -0.0593782 0.994477 19.1322 -0.0203451 0.997909 0.0613538 0.809019 -0.99604 -0.0255428 0.0851585 7.96049 
0.0560285 -0.0587617 0.996699 19.9722 -0.0243199 0.99789 0.0601992 0.846688 -0.998133 -0.0276125 0.0544812 8.01799 
0.0225366 -0.058503 0.998033 20.8142 -0.0273339 0.997877 0.0591112 0.883346 -0.999372 -0.0286123 0.0208896 8.04654 
-0.0120325 -0.0577696 0.998257 21.6561 -0.0290944 0.997927 0.0573999 0.91539 -0.999504 -0.0283531 -0.0136883 8.04222 
-0.0461182 -0.0564624 0.997339 22.5022 -0.0300551 0.998028 0.0551117 0.948938 -0.998484 -0.0274335 -0.0477243 8.007 
-0.079087 -0.0544793 0.995378 23.3406 -0.0323214 0.998121 0.0520614 0.978564 -0.996344 -0.0280547 -0.0806992 7.9505 
-0.111674 -0.051537 0.992408 24.1911 -0.0349485 0.99824 0.0479072 1.00602 -0.99313 -0.0293332 -0.113278 7.86481 
-0.144079 -0.0470449 0.988447 25.0179 -0.0320406 0.998567 0.0428563 1.02629 -0.989047 -0.0254957 -0.145379 7.74461 
-0.17564 -0.0411006 0.983596 25.8446 -0.026771 0.998958 0.0369621 1.04082 -0.984091 -0.0198399 -0.176557 7.59388 
-0.20608 -0.0347813 0.977917 26.6637 -0.0204693 0.999303 0.0312284 1.05473 -0.978321 -0.0135817 -0.206648 7.41481 
-0.235039 -0.0291432 0.971549 27.4718 -0.0146846 0.999543 0.0264304 1.0622 -0.971875 -0.00805465 -0.235359 7.22026 
-0.262763 -0.0229994 0.964586 28.2756 -0.00603941 0.999736 0.0221923 1.06326 -0.964842 5.79633e-06 -0.262832 6.9968 
-0.289038 -0.0128854 0.957231 29.0653 -0.000430227 0.999911 0.0133301 1.05573 -0.957317 0.00344107 -0.289018 6.76371 
-0.314213 0.00256074 0.949349 29.8494 0.00459905 0.999989 -0.00117511 1.0383 -0.949341 0.00399686 -0.314221 6.49867 
-0.338804 0.0201152 0.940642 30.6289 0.00559532 0.999797 -0.0193649 1.02107 -0.940841 -0.00129769 -0.338847 6.22231 
-0.364128 0.0348546 0.930697 31.3933 0.00561683 0.999364 -0.0352286 0.990303 -0.931332 -0.00760014 -0.364092 5.93009 
-0.38853 0.0452427 0.920325 32.1483 0.00878591 0.99893 -0.0453978 0.954314 -0.921394 -0.00955252 -0.388512 5.61553 
-0.411617 0.0491349 0.910031 32.8952 0.0120525 0.998752 -0.0484736 0.900897 -0.911277 -0.00898442 -0.411696 5.27691 
-0.434257 0.0487539 0.899469 33.6265 0.0152259 0.998789 -0.0467863 0.85135 -0.90066 -0.00662207 -0.434474 4.92992 
-0.45426 0.0444122 0.889761 34.3544 0.0185754 0.999012 -0.0403818 0.799968 -0.890675 -0.00181621 -0.454636 4.55722 
-0.471833 0.0434027 0.880619 35.069 0.026306 0.999036 -0.0351444 0.753679 -0.881295 0.00658329 -0.47252 4.16809 
-0.485552 0.0438147 0.873109 35.7761 0.0280147 0.99901 -0.0345531 0.713839 -0.873759 0.00768257 -0.486299 3.78371 
-0.496916 0.0478481 0.866478 36.4669 0.0318116 0.998812 -0.0369122 0.670229 -0.867215 0.00922179 -0.497848 3.40613 
-0.50683 0.0502896 0.860578 37.159 0.0326876 0.9987 -0.03911 0.619939 -0.861426 0.00830811 -0.507815 3.01067 
-0.517723 0.0495231 0.854114 37.8289 0.0268911 0.998772 -0.0416105 0.566542 -0.855125 0.00142534 -0.518419 2.62989 
-0.528823 0.0479581 0.847376 38.5119 0.0261071 0.998849 -0.0402382 0.516654 -0.848331 0.000843619 -0.529466 2.22374 
-0.537328 0.0495002 0.84192 39.1912 0.0283849 0.998772 -0.0406066 0.471985 -0.842896 0.00207875 -0.538073 1.79272 
-0.544833 0.0522934 0.836912 39.8561 0.0316416 0.998625 -0.041799 0.41808 -0.837947 0.0037078 -0.545739 1.38402 
-0.54841 0.0551335 0.83439 40.5417 0.032276 0.998476 -0.044762 0.381071 -0.835587 0.00238285 -0.549354 0.951056 
-0.548257 0.057305 0.834344 41.2402 0.0325632 0.998356 -0.047172 0.32922 -0.835676 0.00130655 -0.549222 0.517612 
-0.545121 0.0574509 0.836387 41.9618 0.0345702 0.998341 -0.046044 0.280458 -0.837644 0.00381457 -0.546203 0.0618028 
-0.539368 0.0563971 0.840179 42.7056 0.0326127 0.998405 -0.0460817 0.231791 -0.841438 0.00254547 -0.540347 -0.39197 
-0.532526 0.0550987 0.844618 43.4764 0.0301742 0.998481 -0.0461112 0.187955 -0.845876 0.000930216 -0.533379 -0.85005 
-0.525453 0.0545628 0.849071 44.2556 0.0286207 0.99851 -0.0464539 0.136121 -0.850341 -0.000108384 -0.526232 -1.3092 
-0.519238 0.053173 0.852974 45.0664 0.0258444 0.998583 -0.0465175 0.0822245 -0.854239 -0.00210906 -0.519876 -1.7724 
-0.515229 0.0509008 0.85554 45.8646 0.0215644 0.998689 -0.0464309 0.0315317 -0.856781 -0.00547332 -0.515651 -2.21825 
-0.514091 0.0481137 0.856385 46.6935 0.0170924 0.998802 -0.0458543 -0.0214889 -0.857565 -0.00893564 -0.514298 -2.68429 
-0.514628 0.0454759 0.856207 47.5414 0.0138915 0.998904 -0.0447054 -0.0750234 -0.857301 -0.0111126 -0.514695 -3.15945 
-0.515704 0.0445844 0.855606 48.3999 0.0130435 0.998938 -0.0441915 -0.129053 -0.856668 -0.0116296 -0.515738 -3.64359 
-0.516604 0.0437605 0.855106 49.2945 0.0125674 0.998973 -0.0435305 -0.181231 -0.856132 -0.0117416 -0.516623 -4.14125 
-0.516943 0.0430391 0.854937 50.1805 0.0113736 0.998992 -0.043414 -0.229682 -0.855944 -0.0127189 -0.516911 -4.66064 
-0.517539 0.0420895 0.854624 51.0505 0.0116534 0.999044 -0.042145 -0.285192 -0.855581 -0.0118524 -0.517534 -5.14845 
-0.518708 0.0418903 0.853924 52.0011 0.0112166 0.999046 -0.042196 -0.338794 -0.854878 -0.0123094 -0.518684 -5.63436 
-0.519306 0.0401661 0.853644 52.8766 0.00938176 0.999103 -0.041303 -0.40004 -0.854537 -0.0134402 -0.519217 -6.1326 
-0.519315 0.0394242 0.853673 53.7296 0.00903571 0.999133 -0.0406451 -0.458741 -0.854535 -0.0133941 -0.519221 -6.63336 
-0.51883 0.0384903 0.854011 54.6136 0.0075646 0.999154 -0.0404362 -0.522562 -0.854844 -0.0145193 -0.518682 -7.14288 
-0.517839 0.0368419 0.854684 55.493 0.00698124 0.999221 -0.0388424 -0.577782 -0.855449 -0.0141474 -0.517693 -7.64903 
-0.515955 0.0347488 0.855911 56.3728 0.00713638 0.999317 -0.036269 -0.636123 -0.856586 -0.0126051 -0.515851 -8.15887 
-0.51433 0.0335047 0.856938 57.2711 0.00748608 0.999374 -0.0345805 -0.687966 -0.85756 -0.0113707 -0.514259 -8.64594 
-0.512299 0.0332034 0.858165 58.1666 0.00727202 0.999384 -0.0343262 -0.741675 -0.858776 -0.0113447 -0.512225 -9.14815 
-0.510738 0.0333353 0.85909 59.0579 0.00733315 0.999381 -0.0344194 -0.795895 -0.859705 -0.0112795 -0.510666 -9.64349 
-0.51028 0.0339419 0.859338 59.9609 0.00738788 0.999357 -0.0350853 -0.851891 -0.859977 -0.0115547 -0.510203 -10.1386 
-0.511848 0.0353328 0.858349 60.8759 0.0064018 0.999283 -0.0373166 -0.905496 -0.859052 -0.0136055 -0.511708 -10.6267 
-0.51517 0.0372308 0.856279 61.7565 0.00535644 0.999176 -0.0402212 -0.957966 -0.857071 -0.0161342 -0.514946 -11.117 
-0.519924 0.0378983 0.853372 62.6324 0.00392829 0.999111 -0.0419772 -1.00938 -0.854204 -0.0184727 -0.51961 -11.615 
-0.525338 0.0366062 0.850106 63.5012 0.00497915 0.999189 -0.0399489 -1.064 -0.850879 -0.0167539 -0.525094 -12.1311 
-0.530924 0.0343576 0.846723 64.3628 0.0059188 0.999304 -0.0368375 -1.12026 -0.847399 -0.0145463 -0.530757 -12.6524 
-0.536545 0.0319492 0.843267 65.2207 0.00279922 0.999345 -0.0360815 -1.17338 -0.843867 -0.0169989 -0.536283 -13.1665 
-0.541918 0.0350594 0.8397 66.0726 0.00482576 0.999243 -0.0386062 -1.23324 -0.840418 -0.0168692 -0.541677 -13.6854 
-0.546952 0.0364353 0.836371 66.9038 0.00508596 0.999179 -0.0402017 -1.29102 -0.837149 -0.0177347 -0.546688 -14.2134 
-0.551473 0.0373717 0.833355 67.7331 0.00396316 0.999102 -0.0421819 -1.34945 -0.834183 -0.0199595 -0.551126 -14.7355 
-0.555221 0.0376135 0.830852 68.5605 0.00267252 0.999052 -0.0434422 -1.40602 -0.831699 -0.0218995 -0.554795 -15.2658 
-0.558224 0.0370977 0.82886 69.3755 0.00387124 0.999106 -0.0421102 -1.46243 -0.829681 -0.0202982 -0.557869 -15.8022 
-0.560441 0.0303965 0.827636 70.1944 0.00476837 0.999428 -0.0334768 -1.5148 -0.828181 -0.0148153 -0.560265 -16.3439 
-0.562684 0.0217321 0.826387 71.0139 0.00404241 0.999715 -0.0235377 -1.56336 -0.826662 -0.00990372 -0.562611 -16.8826 
-0.564146 0.0206044 0.825418 71.8222 0.00546782 0.99976 -0.0212193 -1.60857 -0.825657 -0.00745755 -0.564123 -17.414 
-0.565456 0.0249496 0.824401 72.6144 0.00507285 0.999629 -0.0267732 -1.64493 -0.824763 -0.010957 -0.565372 -17.9322 
-0.56653 0.0314963 0.823439 73.4112 0.00713903 0.999419 -0.0333158 -1.68956 -0.82401 -0.0129958 -0.566426 -18.4676 
-0.56693 0.0354298 0.823004 74.2015 0.0126394 0.999331 -0.0343138 -1.73436 -0.823669 -0.00905123 -0.566999 -19.001 
-0.566674 0.0366839 0.823125 74.9937 0.0157766 0.999308 -0.0336745 -1.78352 -0.823791 -0.00609635 -0.56686 -19.5445 
-0.566346 0.0333094 0.823494 75.788 0.0142173 0.999429 -0.0306479 -1.82845 -0.824045 -0.00564946 -0.566497 -20.0722 
-0.565746 0.0286346 0.824083 76.5781 0.0130691 0.999583 -0.0257606 -1.87079 -0.824476 -0.00380392 -0.565884 -20.5937 
-0.564969 0.0218197 0.824824 77.3719 0.00949203 0.999756 -0.0199456 -1.91046 -0.825058 -0.0034394 -0.565038 -21.1148 
-0.564623 0.0160933 0.825192 78.1684 0.00100892 0.999823 -0.0188086 -1.94959 -0.825348 -0.00978725 -0.564539 -21.6226 
-0.563038 0.0107185 0.826361 78.9599 -0.00680986 0.999822 -0.0176083 -1.97966 -0.826403 -0.0155415 -0.562865 -22.1251 
-0.560908 0.0115582 0.827798 79.7511 -0.00328964 0.999864 -0.0161897 -2.01608 -0.827872 -0.0118041 -0.560793 -22.6472 
-0.558002 0.0149002 0.829706 80.5362 0.000637669 0.999846 -0.0175267 -2.05073 -0.82984 -0.00925086 -0.557925 -23.1593 
-0.552894 0.0182169 0.833053 81.3242 0.00241174 0.999792 -0.0202624 -2.0781 -0.833248 -0.00919386 -0.552823 -23.6635 
-0.545037 0.020438 0.838163 82.1154 0.00739677 0.999781 -0.019569 -2.11304 -0.838379 -0.00446616 -0.545069 -24.1693 
-0.537191 0.0238773 0.843123 82.9101 0.0147358 0.999712 -0.0189231 -2.15128 -0.843332 0.00225874 -0.537388 -24.6633 
-0.527406 0.0228813 0.849305 83.7072 0.012415 0.999738 -0.0192246 -2.18562 -0.849522 0.000404983 -0.527552 -25.1402 
-0.516538 0.0207307 0.856013 84.5162 0.00997619 0.999785 -0.0181926 -2.21452 -0.856206 -0.000857413 -0.516634 -25.6058 
-0.505168 0.0175041 0.862843 85.3275 0.0104366 0.999845 -0.0141731 -2.24882 -0.862958 0.00184531 -0.505273 -26.0603 
-0.494275 0.0169159 0.869141 86.145 0.00994423 0.999855 -0.0138048 -2.27992 -0.869249 0.00181959 -0.494372 -26.5063 
-0.482663 0.0164663 0.875652 86.9627 0.0106613 0.99986 -0.0129254 -2.30407 -0.875741 0.00309698 -0.482771 -26.9342 
-0.470542 0.0173257 0.882208 87.7893 0.0122109 0.999839 -0.013123 -2.33829 -0.882293 0.00459762 -0.470678 -27.3606 
-0.458682 0.0211959 0.888348 88.6153 0.0121187 0.999772 -0.0175972 -2.37605 -0.888518 0.00269409 -0.458834 -27.7683 
-0.447143 0.0305283 0.893941 89.4389 0.0145666 0.999533 -0.0268481 -2.40574 -0.894344 0.00101676 -0.447379 -28.1671 
-0.434448 0.0352014 0.900009 90.2696 0.0141965 0.99938 -0.0322351 -2.44108 -0.900585 -0.0012275 -0.434678 -28.5507 
-0.423176 0.0318737 0.905487 91.1154 0.0131926 0.999492 -0.0290172 -2.4872 -0.905952 -0.000333625 -0.423381 -28.9239 
-0.411768 0.0281016 0.910856 91.9598 0.0115067 0.999605 -0.0256379 -2.52974 -0.911216 -7.59124e-05 -0.411928 -29.2861 
-0.402055 0.0288687 0.91516 92.7973 0.00846938 0.999577 -0.0278108 -2.57249 -0.915576 -0.00343061 -0.402129 -29.6333 
-0.395461 0.0331 0.917886 93.6364 0.00260797 0.999387 -0.0349153 -2.61551 -0.918479 -0.0114138 -0.395304 -29.9662 
-0.390569 0.0378951 0.919794 94.4757 -0.00359432 0.999082 -0.0426879 -2.65992 -0.920567 -0.0199786 -0.390074 -30.2941 
-0.387204 0.0393783 0.921153 95.3068 -0.00715845 0.998929 -0.0457121 -2.71506 -0.921966 -0.024294 -0.386508 -30.6199 
-0.383837 0.0388604 0.922583 96.1414 -0.00877773 0.998915 -0.0457275 -2.77078 -0.923359 -0.0256501 -0.38308 -30.9434 
-0.378929 0.0391453 0.924597 96.9765 -0.00927675 0.998894 -0.0460927 -2.82543 -0.925379 -0.0260431 -0.378147 -31.2635 
-0.373237 0.0346602 0.927088 97.8305 -0.0131569 0.999004 -0.0426457 -2.87734 -0.927643 -0.0281146 -0.372409 -31.5831 
-0.368363 0.0309165 0.929168 98.6639 -0.0135397 0.999163 -0.0386132 -2.93228 -0.929583 -0.0268043 -0.367636 -31.8904 
-0.36264 0.0277572 0.931516 99.5063 -0.0153535 0.999243 -0.0357524 -2.9863 -0.931803 -0.0272673 -0.361939 -32.1955 
-0.357241 0.0260307 0.93365 100.35 -0.0239516 0.999028 -0.037018 -3.03282 -0.933705 -0.0355868 -0.35627 -32.4871 
-0.351148 0.026145 0.935955 101.2 -0.0314702 0.998716 -0.039705 -3.07881 -0.935791 -0.0433971 -0.349874 -32.7731 
-0.344701 0.03057 0.938215 102.041 -0.0297547 0.998612 -0.0434698 -3.12841 -0.938241 -0.0429004 -0.343312 -33.0616 
-0.337654 0.0335355 0.940673 102.885 -0.0283944 0.998547 -0.0457909 -3.18294 -0.940842 -0.0421713 -0.336212 -33.3502 
-0.331449 0.031724 0.94294 103.741 -0.0293635 0.998604 -0.0439182 -3.23254 -0.943016 -0.0422446 -0.330055 -33.6299 
-0.324664 0.026715 0.945452 104.597 -0.0302134 0.998798 -0.0385975 -3.28727 -0.945347 -0.0410965 -0.323466 -33.9016 
-0.317551 0.0241876 0.947933 105.466 -0.0317338 0.998844 -0.0361172 -3.33499 -0.94771 -0.0415505 -0.316416 -34.1712 
-0.311349 0.0274217 0.9499 106.326 -0.0334441 0.998648 -0.0397909 -3.38019 -0.949707 -0.0441574 -0.310011 -34.429 
-0.305 0.0300863 0.951877 107.178 -0.0326711 0.998582 -0.0420309 -3.42861 -0.951792 -0.0439183 -0.303584 -34.6829 
-0.29864 0.0304493 0.95388 108.044 -0.0358326 0.998428 -0.0430897 -3.47963 -0.953693 -0.0470483 -0.297079 -34.9241 
-0.291974 0.0297453 0.955964 108.908 -0.0364476 0.998444 -0.042199 -3.53334 -0.955732 -0.0471636 -0.290436 -35.1628 
-0.283941 0.0296389 0.958384 109.762 -0.0325211 0.998649 -0.0405192 -3.58405 -0.95829 -0.0426727 -0.282594 -35.4005 
-0.276271 0.030672 0.96059 110.619 -0.0295617 0.998747 -0.0403924 -3.6364 -0.960625 -0.039556 -0.275018 -35.6344 
-0.270009 0.0308006 0.962365 111.468 -0.0291266 0.99877 -0.0401376 -3.69448 -0.962417 -0.0388679 -0.268779 -35.8537 
-0.263348 0.0293173 0.964255 112.33 -0.0353628 0.998573 -0.0400186 -3.74634 -0.964053 -0.0446376 -0.261935 -36.0628 
-0.257824 0.0276119 0.965797 113.212 -0.0395336 0.998453 -0.0390991 -3.79107 -0.965383 -0.0482621 -0.256334 -36.2628 
-0.253205 0.0278853 0.967011 114.08 -0.036559 0.998595 -0.0383688 -3.83959 -0.966722 -0.0450681 -0.251829 -36.4726 
-0.248511 0.0279628 0.968225 114.952 -0.0349 0.998676 -0.0377999 -3.89237 -0.968 -0.0431847 -0.247206 -36.6816 
-0.244024 0.0293261 0.969326 115.822 -0.0341699 0.998662 -0.0388157 -3.93935 -0.969167 -0.0425937 -0.242696 -36.8812 
-0.238034 0.0284439 0.97084 116.694 -0.0281601 0.998949 -0.0361718 -3.98453 -0.970848 -0.0359491 -0.236983 -37.084 
-0.232827 0.0276078 0.972126 117.563 -0.0209329 0.999223 -0.0333908 -4.02628 -0.972293 -0.0281237 -0.232069 -37.2836 
-0.227749 0.026788 0.973351 118.441 -0.0189757 0.99931 -0.0319424 -4.07345 -0.973535 -0.0257449 -0.227084 -37.4799 
-0.223781 0.0285417 0.974221 119.312 -0.0206638 0.999208 -0.0340202 -4.11559 -0.97442 -0.0277442 -0.223014 -37.6569 
-0.220199 0.0303502 0.974983 120.185 -0.0223748 0.999096 -0.0361541 -4.15803 -0.975198 -0.0297762 -0.219321 -37.8373 
-0.218407 0.0296958 0.975406 121.062 -0.0251097 0.999035 -0.0360376 -4.20349 -0.975535 -0.032363 -0.21745 -38.0143 
-0.21769 0.0286699 0.975597 121.933 -0.0255144 0.99906 -0.0350525 -4.24776 -0.975684 -0.0325223 -0.216754 -38.1852 
-0.216582 0.0243212 0.975962 122.805 -0.0237751 0.999262 -0.0301779 -4.29188 -0.975975 -0.0297396 -0.215843 -38.3632 
-0.215494 0.0191966 0.976317 123.678 -0.0247788 0.999377 -0.0251192 -4.33234 -0.976191 -0.029605 -0.214884 -38.5387 
-0.214732 0.0174954 0.976516 124.547 -0.0240457 0.999442 -0.0231937 -4.37054 -0.976377 -0.0284615 -0.214191 -38.7127 
-0.2132 0.0220825 0.976759 125.405 -0.0239835 0.999325 -0.0278275 -4.41221 -0.976714 -0.0293589 -0.212526 -38.89 
-0.213215 0.0258612 0.976663 126.258 -0.024077 0.999207 -0.0317144 -4.44866 -0.976709 -0.0302771 -0.212423 -39.0612 
-0.213247 0.0252321 0.976673 127.121 -0.0268904 0.999136 -0.0316836 -4.4896 -0.976628 -0.0330195 -0.212384 -39.2299 
-0.212707 0.0241513 0.976818 127.967 -0.0292915 0.999088 -0.0310803 -4.53376 -0.976677 -0.0352235 -0.211806 -39.3958 
-0.212237 0.025002 0.976898 128.817 -0.0248766 0.999211 -0.0309776 -4.5769 -0.976901 -0.0308765 -0.211448 -39.5712 
-0.211394 0.0274452 0.977016 129.643 -0.0268581 0.999065 -0.0338757 -4.6189 -0.977032 -0.0334019 -0.210459 -39.7315 
-0.212373 0.0281717 0.976782 130.476 -0.0369489 0.998638 -0.0368355 -4.65929 -0.97649 -0.0439139 -0.211043 -39.8772 
-0.211934 0.0295979 0.976836 131.31 -0.0428264 0.9983 -0.0395398 -4.70456 -0.976345 -0.0502142 -0.210306 -40.0325 
-0.211592 0.0331151 0.976797 132.128 -0.0399062 0.9983 -0.0424884 -4.7527 -0.976543 -0.0479705 -0.209911 -40.1915 
-0.21097 0.0340934 0.976898 132.941 -0.0379152 0.998354 -0.0430303 -4.80416 -0.976757 -0.0461174 -0.20933 -40.3499 
-0.209282 0.0352677 0.977219 133.79 -0.0386628 0.99827 -0.0443074 -4.85426 -0.977091 -0.0470548 -0.207557 -40.5165 
-0.20728 0.0349867 0.977656 134.596 -0.0293285 0.998689 -0.0419575 -4.90282 -0.977842 -0.0373701 -0.205983 -40.6764 
-0.203863 0.0317751 0.978484 135.404 -0.0238709 0.999015 -0.0374152 -4.95474 -0.978708 -0.0309849 -0.202903 -40.8421 
-0.202369 0.0268934 0.97894 136.216 -0.0198127 0.999306 -0.0315485 -5.00526 -0.979109 -0.0257799 -0.201696 -40.987 
-0.198364 0.0263195 0.979775 137.008 -0.0181422 0.99937 -0.0305189 -5.04776 -0.979961 -0.0238291 -0.197761 -41.1417 
-0.193493 0.031556 0.980594 137.802 -0.0176752 0.999208 -0.0356426 -5.09022 -0.980942 -0.0242288 -0.192782 -41.2844 
-0.186601 0.0345403 0.981829 138.605 -0.0159959 0.999143 -0.0381894 -5.1338 -0.982306 -0.0228314 -0.185888 -41.4277 
-0.178391 0.035133 0.983332 139.405 -0.0154156 0.99914 -0.0384944 -5.17477 -0.983839 -0.0220257 -0.177696 -41.5549 
-0.168956 0.0307376 0.985144 140.199 -0.013836 0.999341 -0.0335534 -5.22013 -0.985526 -0.0192996 -0.16842 -41.6749 
-0.156878 0.0296476 0.987173 140.997 -0.0093617 0.99946 -0.0315043 -5.2631 -0.987574 -0.014184 -0.156516 -41.7939 
-0.143188 0.0325721 0.989159 141.785 -0.00513586 0.99942 -0.0336534 -5.29888 -0.989682 -0.00989895 -0.142938 -41.897 
-0.128968 0.0337046 0.991076 142.576 -0.00520228 0.999386 -0.0346641 -5.33951 -0.991635 -0.00962642 -0.128713 -41.9857 
-0.115433 0.0335827 0.992748 143.356 -0.00396739 0.999405 -0.0342692 -5.38104 -0.993307 -0.0078944 -0.115231 -42.0565 
-0.102001 0.0355949 0.994147 144.138 -0.00382127 0.999338 -0.0361728 -5.4215 -0.994777 -0.00748859 -0.101798 -42.1223 
-0.0884633 0.0415938 0.995211 144.905 -0.00699167 0.999077 -0.0423769 -5.47149 -0.996055 -0.010707 -0.0880908 -42.1673 
-0.0759697 0.0505382 0.995829 145.665 -0.0137274 0.998567 -0.0517244 -5.51947 -0.997016 -0.0175997 -0.0751671 -42.1952 
-0.0623757 0.0588179 0.996318 146.42 -0.0179173 0.998035 -0.060041 -5.56413 -0.997892 -0.0215964 -0.0611993 -42.2145 
-0.0492746 0.0592908 0.997024 147.185 -0.0188093 0.998004 -0.0602787 -5.61562 -0.998608 -0.0217235 -0.048061 -42.2337 
-0.037436 0.0556677 0.997747 147.963 -0.0226237 0.998144 -0.0565387 -5.66827 -0.999043 -0.0246893 -0.0361071 -42.2418 
-0.0267736 0.0531036 0.99823 148.721 -0.0267947 0.998191 -0.0538202 -5.7279 -0.999282 -0.0281883 -0.0253022 -42.2349 
-0.018016 0.0595155 0.998065 149.478 -0.0303713 0.997734 -0.060044 -5.78709 -0.999376 -0.0313943 -0.0161676 -42.2244 
-0.0114929 0.0677976 0.997633 150.227 -0.0339559 0.997097 -0.0681523 -5.83853 -0.999357 -0.0346588 -0.00915742 -42.2134 
-0.00843915 0.0706176 0.997468 150.98 -0.0371037 0.996794 -0.0708838 -5.89273 -0.999276 -0.0376079 -0.00579193 -42.1997 
-0.00894745 0.0662842 0.997761 151.734 -0.0407333 0.996948 -0.0665955 -5.94785 -0.99913 -0.0412379 -0.00622018 -42.1831 
-0.0107213 0.0615688 0.998045 152.488 -0.0418035 0.997202 -0.0619658 -6.01782 -0.999068 -0.0423862 -0.0081175 -42.174 
-0.013775 0.0587215 0.998179 153.237 -0.0406211 0.997417 -0.0592371 -6.07317 -0.99908 -0.0413631 -0.0113541 -42.1719 
-0.0163961 0.0590328 0.998121 153.979 -0.038526 0.997477 -0.0596276 -6.12553 -0.999123 -0.0394313 -0.0140805 -42.173 
-0.0200885 0.0588703 0.998064 154.721 -0.0367866 0.997546 -0.0595801 -6.18361 -0.999121 -0.0379123 -0.0178736 -42.1775 
-0.0247264 0.0573597 0.998047 155.464 -0.037738 0.997587 -0.0582682 -6.2422 -0.998982 -0.0391051 -0.0225021 -42.181 
-0.030047 0.0578605 0.997872 156.207 -0.0387144 0.997507 -0.059005 -6.28966 -0.998799 -0.040405 -0.027732 -42.1909 
-0.0360978 0.055837 0.997787 156.946 -0.0398146 0.997565 -0.0572649 -6.34429 -0.998555 -0.0417937 -0.0337868 -42.2035 
-0.04183 0.0530202 0.997717 157.68 -0.0374345 0.997807 -0.0545943 -6.40291 -0.998423 -0.0396327 -0.0397535 -42.2242 
-0.0471604 0.0532068 0.997469 158.409 -0.0376436 0.997776 -0.0550029 -6.45213 -0.998178 -0.0401423 -0.0450527 -42.2463 
-0.0524441 0.0543727 0.997143 159.133 -0.0395915 0.997618 -0.0564809 -6.50292 -0.997839 -0.0424405 -0.0501665 -42.269 
-0.056388 0.0567815 0.996793 159.857 -0.0400951 0.997447 -0.0590869 -6.55571 -0.997604 -0.0432983 -0.0539674 -42.296 
-0.0589055 0.0589022 0.996524 160.576 -0.0398816 0.997322 -0.0613067 -6.61138 -0.997467 -0.0433543 -0.0563987 -42.3269 
-0.0600918 0.0606692 0.996347 161.294 -0.036875 0.997335 -0.0629533 -6.66218 -0.997512 -0.0405232 -0.0576945 -42.3639 
-0.0590813 0.0589892 0.996509 162.007 -0.0329466 0.997593 -0.0610067 -6.71628 -0.997709 -0.0364359 -0.0569957 -42.4002 
-0.0549497 0.0550111 0.996973 162.717 -0.0306241 0.997919 -0.0567512 -6.7754 -0.998019 -0.0336498 -0.0531506 -42.4297 
-0.0475681 0.055047 0.99735 163.42 -0.0299882 0.997952 -0.0565104 -6.82925 -0.998418 -0.0325968 -0.0458199 -42.4479 
-0.0362484 0.0557367 0.997787 164.116 -0.0271956 0.998019 -0.0567375 -6.88167 -0.998973 -0.0291921 -0.0346608 -42.4602 
-0.0214425 0.0559232 0.998205 164.81 -0.024414 0.998107 -0.0564421 -6.93154 -0.999472 -0.0255804 -0.0200366 -42.4651 
-0.00600758 0.0535313 0.998548 165.502 -0.0256143 0.99823 -0.0536683 -6.97763 -0.999654 -0.0258995 -0.00462578 -42.453 
0.00997765 0.0486275 0.998767 166.189 -0.0304303 0.998369 -0.0483041 -7.02438 -0.999487 -0.0299108 0.0114411 -42.4184 
0.0263796 0.0419579 0.998771 166.871 -0.0322142 0.998636 -0.0411014 -7.06646 -0.999133 -0.0310903 0.0276952 -42.3788 
0.0435561 0.0344564 0.998457 167.55 -0.0319898 0.998941 -0.0330776 -7.10394 -0.998539 -0.0304997 0.0446122 -42.3312 
0.0614686 0.0271451 0.99774 168.226 -0.0325023 0.999154 -0.0251812 -7.13535 -0.99758 -0.030881 0.0622989 -42.2736 
0.0784954 0.0212393 0.996688 168.891 -0.0342484 0.99924 -0.0185964 -7.16589 -0.996326 -0.0326752 0.0791631 -42.1977 
0.0966904 0.0188812 0.995135 169.554 -0.0351276 0.999262 -0.0155463 -7.19342 -0.994694 -0.0334535 0.0972823 -42.1142 
0.114677 0.0173968 0.993251 170.201 -0.0335357 0.999345 -0.0136315 -7.21596 -0.992837 -0.0317461 0.115185 -42.0214 
0.132027 0.0167216 0.991105 170.842 -0.0344278 0.999332 -0.0122742 -7.23504 -0.990648 -0.032501 0.132514 -41.9125 
0.148179 0.0157871 0.988835 171.476 -0.0398395 0.999156 -0.00998175 -7.25255 -0.988158 -0.0379155 0.148683 -41.79 
0.162852 0.012028 0.986577 172.112 -0.0415262 0.999123 -0.00532626 -7.26892 -0.985776 -0.0401014 0.163209 -41.6653 
0.175144 0.00818071 0.984509 172.738 -0.0384688 0.999259 -0.00145964 -7.28311 -0.983791 -0.0376172 0.175329 -41.5401 
0.185994 0.00686629 0.982527 173.354 -0.0362059 0.999344 -0.000129907 -7.29846 -0.981884 -0.0355491 0.186121 -41.4103 
0.195764 0.0105898 0.980594 173.959 -0.0404019 0.99918 -0.00272469 -7.31452 -0.979818 -0.0390845 0.196031 -41.2656 
0.204735 0.0179071 0.978654 174.548 -0.0441673 0.998983 -0.0090392 -7.32945 -0.97782 -0.0413739 0.205318 -41.1186 
0.213826 0.0279249 0.976473 175.139 -0.0442223 0.998843 -0.0188809 -7.34223 -0.97587 -0.0391446 0.214814 -40.9686 
0.221764 0.0335378 0.974524 175.709 -0.038463 0.998931 -0.0256251 -7.35946 -0.974342 -0.0318004 0.222817 -40.8193 
0.228448 0.0315857 0.973044 176.309 -0.0379821 0.999002 -0.0235109 -7.37681 -0.972815 -0.0315872 0.22942 -40.6679 
0.234361 0.0242195 0.971848 176.921 -0.0408323 0.999053 -0.0150507 -7.39125 -0.971292 -0.0361555 0.235128 -40.4985 
0.238692 0.0136525 0.970999 177.532 -0.0453427 0.998967 -0.00289949 -7.40903 -0.970036 -0.0433357 0.239065 -40.3265 
0.240709 0.00539566 0.970582 178.141 -0.0455881 0.998944 0.00575277 -7.4292 -0.969526 -0.0456317 0.240701 -40.1568 
0.241844 0.00455944 0.970304 178.746 -0.0421839 0.999093 0.00581949 -7.44492 -0.969398 -0.0423386 0.241817 -39.9985 
0.243162 0.006494 0.969964 179.351 -0.0383905 0.999259 0.00293409 -7.45272 -0.969226 -0.0379509 0.243231 -39.8425 
0.245097 0.00601033 0.96948 179.958 -0.0350245 0.999383 0.00265899 -7.45583 -0.968866 -0.0346073 0.245156 -39.686 
0.247038 0.00374743 0.968999 180.573 -0.0368045 0.999307 0.0055184 -7.45935 -0.968307 -0.0370267 0.247005 -39.5176 
0.250031 -4.97401e-05 0.968238 181.186 -0.0371726 0.999262 0.00965057 -7.46384 -0.967524 -0.0384049 0.249844 -39.348 
0.253209 -0.00544809 0.967396 181.803 -0.0363612 0.999224 0.0151447 -7.47125 -0.966728 -0.0390105 0.252814 -39.1745 
0.257851 -0.0080079 0.966152 182.427 -0.0350974 0.999228 0.0176491 -7.46864 -0.965547 -0.0384602 0.257371 -39.0002 
0.264133 -0.0103657 0.964431 183.051 -0.0330996 0.999256 0.0198052 -7.46559 -0.963918 -0.0371535 0.263594 -38.8174 
0.272186 -0.0139029 0.962144 183.675 -0.0311928 0.999243 0.0232633 -7.46966 -0.961739 -0.0363439 0.271546 -38.6299 
0.282213 -0.0159356 0.95922 184.305 -0.0283891 0.999285 0.0249536 -7.4687 -0.958932 -0.0342736 0.281558 -38.4368 
0.293311 -0.013973 0.955915 184.925 -0.0296672 0.999279 0.0237099 -7.46783 -0.955557 -0.0353137 0.292685 -38.2278 
0.305166 -0.0102326 0.952244 185.545 -0.0308869 0.99931 0.0206367 -7.46506 -0.951798 -0.0357095 0.304639 -38.0111 
0.316751 -0.0072191 0.948481 186.181 -0.0317034 0.999332 0.0181937 -7.46076 -0.947979 -0.0358329 0.31631 -37.7706 
0.328249 -0.00704304 0.944565 186.803 -0.0300426 0.999389 0.0178921 -7.45299 -0.944114 -0.0342502 0.327836 -37.5329 
0.34001 -0.0101372 0.940367 187.437 -0.0290525 0.999351 0.0212776 -7.44757 -0.939973 -0.0345546 0.339495 -37.2929 
0.351153 -0.0116856 0.936245 188.066 -0.0300685 0.999266 0.0237498 -7.44804 -0.935835 -0.0364913 0.350544 -37.0375 
0.3624 -0.0122545 0.931942 188.7 -0.0315207 0.99918 0.025396 -7.43988 -0.93149 -0.038579 0.361717 -36.7638 
0.372193 -0.0137082 0.928054 189.343 -0.0349136 0.998977 0.0287578 -7.43196 -0.927499 -0.0431052 0.371333 -36.4855 
0.379457 -0.0125226 0.925125 189.98 -0.0387645 0.998815 0.0294201 -7.4202 -0.924397 -0.0470256 0.378522 -36.2016 
0.38383 -0.0158847 0.923267 190.633 -0.0383829 0.998713 0.0331397 -7.41317 -0.922606 -0.0481576 0.382727 -35.911 
0.38645 -0.0197891 0.922098 191.286 -0.0352 0.998725 0.0361859 -7.40051 -0.921639 -0.0464419 0.38526 -35.6307 
0.386495 -0.0187816 0.9221 191.943 -0.0308532 0.99897 0.0332793 -7.38205 -0.921775 -0.041312 0.385518 -35.3445 
0.385173 -0.0181707 0.922666 192.596 -0.0296999 0.999044 0.0320733 -7.37005 -0.922366 -0.0397568 0.384265 -35.0564 
0.385181 -0.0171944 0.922681 193.267 -0.0258667 0.999232 0.0294193 -7.3565 -0.922478 -0.0351985 0.384441 -34.7776 
0.384839 -0.0189316 0.922789 193.951 -0.0226376 0.999295 0.029942 -7.33715 -0.922706 -0.0324126 0.38414 -34.489 
0.384326 -0.0245553 0.922871 194.632 -0.0196323 0.999203 0.0347622 -7.32315 -0.922989 -0.0314781 0.383538 -34.2032 
0.382932 -0.0277578 0.923359 195.315 -0.0191677 0.999095 0.0379837 -7.31391 -0.923578 -0.0322439 0.382053 -33.9073 
0.381382 -0.0302686 0.923922 196 -0.0183863 0.999018 0.0403184 -7.30004 -0.924235 -0.0323642 0.380451 -33.6143 
0.380001 -0.0302345 0.924492 196.692 -0.0192096 0.998992 0.0405669 -7.2763 -0.924786 -0.0331746 0.379038 -33.3178 
0.377978 -0.0304581 0.925313 197.381 -0.020506 0.998938 0.041258 -7.25696 -0.925587 -0.0345691 0.376952 -33.0218 
0.376453 -0.0294552 0.925967 198.077 -0.0210762 0.998964 0.0403459 -7.24466 -0.926196 -0.0347042 0.375442 -32.731 
0.375338 -0.0256245 0.926534 198.77 -0.0209833 0.999127 0.0361326 -7.22852 -0.92665 -0.0330037 0.374473 -32.4422 
0.374822 -0.0194832 0.926892 199.448 -0.0217948 0.999318 0.0298191 -7.2138 -0.926841 -0.0313782 0.374141 -32.154 
0.373474 -0.0168823 0.927487 200.134 -0.0237424 0.999333 0.0277505 -7.19973 -0.927337 -0.0323848 0.372824 -31.8616 
0.372021 -0.0195374 0.928019 200.832 -0.0251349 0.9992 0.031112 -7.18848 -0.927884 -0.0349 0.371232 -31.5614 
0.371053 -0.0226877 0.928335 201.527 -0.0264289 0.999039 0.0349792 -7.17732 -0.928236 -0.037514 0.370096 -31.2742 
0.368561 -0.0217827 0.929348 202.211 -0.0305696 0.998901 0.0355363 -7.16641 -0.929101 -0.0415071 0.36749 -30.9843 
0.363865 -0.0217993 0.931197 202.904 -0.0328332 0.998805 0.0362116 -7.14992 -0.930873 -0.0437503 0.362714 -30.6931 
0.357233 -0.0228197 0.933736 203.602 -0.0328358 0.998777 0.0369718 -7.13284 -0.933438 -0.0438675 0.356047 -30.4162 
0.348224 -0.0232995 0.937122 204.299 -0.0323488 0.998797 0.0368534 -7.12217 -0.936853 -0.043148 0.347051 -30.1492 
0.338101 -0.0223071 0.940845 204.988 -0.0301007 0.998951 0.0345018 -7.11745 -0.940628 -0.0399852 0.337075 -29.8945 
0.327261 -0.0188154 0.944747 205.68 -0.0308337 0.999057 0.0305779 -7.09988 -0.944431 -0.039137 0.326372 -29.6455 
0.31592 -0.0187953 0.9486 206.376 -0.0340566 0.998935 0.0311348 -7.0851 -0.948175 -0.0421422 0.314943 -29.4088 
0.304916 -0.0268501 0.952001 207.086 -0.0288275 0.998884 0.0374056 -7.07079 -0.951943 -0.0388493 0.303802 -29.1794 
0.296313 -0.0353751 0.954436 207.799 -0.0247874 0.998692 0.044711 -7.05766 -0.954769 -0.0369065 0.295049 -28.9578 
0.289487 -0.0408422 0.95631 208.506 -0.0242786 0.998455 0.0499916 -7.03616 -0.956874 -0.0376898 0.288048 -28.7392 
0.284993 -0.0414032 0.957635 209.212 -0.0305005 0.998169 0.0522328 -7.00692 -0.958044 -0.0440943 0.283209 -28.5064 
0.282467 -0.0431802 0.958305 209.922 -0.0294748 0.998124 0.0536624 -6.97929 -0.958824 -0.0434037 0.280665 -28.2896 
0.280896 -0.0441999 0.95872 210.634 -0.0284161 0.998118 0.0543419 -6.95328 -0.959318 -0.0425075 0.279111 -28.0711 
0.28019 -0.0423732 0.959009 211.355 -0.0294087 0.998178 0.0526962 -6.92881 -0.959494 -0.0429682 0.278433 -27.8467 
0.279706 -0.040377 0.959236 212.075 -0.032504 0.998144 0.0514928 -6.90046 -0.959535 -0.0455819 0.277875 -27.6184 
0.280081 -0.0410262 0.959099 212.795 -0.0332394 0.998073 0.0524001 -6.87131 -0.959401 -0.0465561 0.278178 -27.3926 
0.28177 -0.0421514 0.958556 213.524 -0.0339845 0.997969 0.0538745 -6.84239 -0.95888 -0.0477563 0.279765 -27.1655 
0.283423 -0.0440818 0.957981 214.255 -0.0321009 0.997947 0.0554181 -6.81375 -0.958458 -0.0464588 0.281426 -26.9378 
0.284891 -0.0451308 0.957497 214.985 -0.0283452 0.998058 0.0554764 -6.78373 -0.958141 -0.0429451 0.283059 -26.7122 
0.288064 -0.0465629 0.956479 215.719 -0.027292 0.998012 0.0568045 -6.75009 -0.957222 -0.0424675 0.28622 -26.4798 
0.292051 -0.0482466 0.955185 216.443 -0.0284402 0.997847 0.0590972 -6.72164 -0.95598 -0.044425 0.29005 -26.2378 
0.297308 -0.0523722 0.953344 217.177 -0.0298813 0.997495 0.0641165 -6.68892 -0.954314 -0.0475495 0.294999 -25.9916 
0.302312 -0.0558683 0.951571 217.917 -0.0307326 0.997191 0.0683104 -6.64985 -0.952714 -0.0498952 0.299745 -25.7389 
0.306594 -0.0558391 0.950201 218.661 -0.0319867 0.99711 0.0689166 -6.61246 -0.951303 -0.0515232 0.303921 -25.4839 
0.310913 -0.0510314 0.949067 219.396 -0.0376269 0.997114 0.0659414 -6.57557 -0.949693 -0.0562125 0.308096 -25.2222 
0.315547 -0.0449156 0.947846 220.131 -0.042326 0.997219 0.061346 -6.53187 -0.947965 -0.0594761 0.312768 -24.9551 
0.320061 -0.0419407 0.946468 220.866 -0.0458006 0.997167 0.0596755 -6.4939 -0.946289 -0.0624486 0.317234 -24.6818 
0.324597 -0.0422595 0.944908 221.609 -0.0478041 0.996992 0.0610107 -6.46362 -0.944644 -0.0649744 0.3216 -24.4082 
0.328446 -0.0398373 0.943682 222.351 -0.0498424 0.996987 0.0594351 -6.4303 -0.943207 -0.0665566 0.325471 -24.1299 
0.3321 -0.0371845 0.942511 223.093 -0.0499682 0.997126 0.0569459 -6.39654 -0.94192 -0.0660073 0.329288 -23.8486 
0.33668 -0.0366769 0.940904 223.833 -0.0499575 0.997138 0.0567451 -6.36066 -0.940293 -0.0661102 0.333884 -23.566 
0.34134 -0.0382284 0.939162 224.578 -0.0496023 0.997048 0.0586127 -6.33004 -0.93863 -0.0665915 0.338436 -23.281 
0.345749 -0.0387092 0.937528 225.319 -0.0455499 0.997278 0.0579745 -6.30027 -0.937221 -0.0627489 0.343044 -22.9973 
0.350026 -0.0385596 0.935946 226.058 -0.0423715 0.997478 0.0569408 -6.26983 -0.935781 -0.0595883 0.34751 -22.7102 
0.353966 -0.0362974 0.934554 226.79 -0.0436224 0.997518 0.0552651 -6.23718 -0.93424 -0.0603294 0.351504 -22.4138 
0.358553 -0.0366442 0.93279 227.526 -0.0481793 0.997171 0.0576929 -6.20415 -0.932265 -0.0656271 0.355773 -22.109 
0.36321 -0.0368735 0.930977 228.259 -0.0511947 0.996917 0.0594583 -6.17311 -0.9303 -0.0692569 0.360203 -21.8005 
0.367309 -0.0347002 0.929452 228.989 -0.0479838 0.997266 0.0561947 -6.14784 -0.928861 -0.0652394 0.364639 -21.4991 
0.37101 -0.0279931 0.928207 229.716 -0.0473399 0.997676 0.0490103 -6.12157 -0.927421 -0.0621245 0.368823 -21.1934 
0.374353 -0.0211295 0.927045 230.436 -0.0541947 0.997533 0.0446206 -6.08606 -0.925701 -0.0669448 0.372285 -20.8743 
0.37754 -0.0222031 0.925727 231.174 -0.0598843 0.997034 0.0483361 -6.0529 -0.924055 -0.0736854 0.375091 -20.5512 
0.379891 -0.0323538 0.924465 231.899 -0.0591932 0.99649 0.0591988 -6.02309 -0.923136 -0.0772111 0.376642 -20.2334 
0.381795 -0.0448392 0.923159 232.64 -0.055394 0.995917 0.0712828 -5.98509 -0.922586 -0.0783528 0.377752 -19.9191 
0.38334 -0.0525634 0.92211 233.376 -0.0565998 0.995166 0.0802575 -5.94247 -0.921871 -0.0829572 0.378512 -19.5945 
0.385664 -0.0544889 0.921029 234.109 -0.0578681 0.994861 0.0830882 -5.90056 -0.920823 -0.0853423 0.380529 -19.2718 
0.388327 -0.0498019 0.920175 234.83 -0.0578083 0.995255 0.0782614 -5.8528 -0.919707 -0.0835848 0.383606 -18.9494 
0.39243 -0.0439859 0.91873 235.549 -0.0564094 0.995825 0.0717719 -5.80289 -0.918051 -0.0799904 0.38831 -18.6306 
0.396961 -0.0394006 0.91699 236.271 -0.0563418 0.996148 0.067192 -5.75594 -0.916105 -0.0783374 0.393212 -18.3046 
0.401061 -0.0375742 0.915281 236.996 -0.0544494 0.996414 0.0647637 -5.71664 -0.914432 -0.0758107 0.397576 -17.9752 
0.405082 -0.0354268 0.913594 237.712 -0.0537917 0.996595 0.0624963 -5.67701 -0.912697 -0.0744598 0.401797 -17.6392 
0.409065 -0.0368613 0.91176 238.436 -0.0524775 0.99658 0.0638348 -5.63611 -0.910995 -0.0739595 0.405732 -17.3007 
0.412619 -0.0417394 0.909947 239.167 -0.0512007 0.996308 0.068918 -5.59416 -0.909464 -0.0750268 0.408959 -16.9578 
0.41555 -0.0476656 0.908321 239.897 -0.0492423 0.995983 0.0747938 -5.55067 -0.908237 -0.0758083 0.411533 -16.6099 
0.418251 -0.0533593 0.906763 240.628 -0.047564 0.995617 0.0805274 -5.50681 -0.907085 -0.0768099 0.41388 -16.2671 
0.420199 -0.0584783 0.905546 241.362 -0.0458807 0.995276 0.0855628 -5.45089 -0.906271 -0.0775005 0.415531 -15.9115 
0.421677 -0.0652856 0.904393 242.097 -0.0441466 0.994744 0.0923914 -5.39357 -0.905671 -0.0788851 0.416578 -15.5577 
0.423247 -0.0655528 0.90364 242.824 -0.0449001 0.994636 0.0931844 -5.33474 -0.904901 -0.0800135 0.418034 -15.2007 
0.4251 -0.0538981 0.90354 243.54 -0.053866 0.99495 0.084694 -5.28419 -0.903542 -0.0846735 0.42005 -14.8377 
0.425721 -0.0402441 0.903959 244.249 -0.0559191 0.995931 0.0706738 -5.23204 -0.903125 -0.0806359 0.421738 -14.4818 
0.426502 -0.0325257 0.903902 244.97 -0.0557491 0.996508 0.062163 -5.17894 -0.902767 -0.0769044 0.4232 -14.126 
0.426592 -0.0351225 0.903762 245.705 -0.0553042 0.996363 0.0648258 -5.13464 -0.902752 -0.077636 0.423098 -13.7679 
