1 -4.23778e-08 4.22719e-08 0 -4.23778e-08 1 -4.19404e-08 0 4.22719e-08 -4.19404e-08 1 0 
0.99999 -0.00268698 -0.00346585 -0.00561539 0.00267965 0.999994 -0.00209378 -0.00332914 0.00347154 0.00208439 0.999992 0.678916 
0.999971 -0.00129785 -0.00745776 -0.0239958 0.00127052 0.999992 -0.00365756 -0.0063523 0.00746254 0.0036479 0.999965 1.37323 
0.999933 -0.00130761 -0.0115331 -0.0432861 0.00124856 0.999986 -0.00511826 -0.0102926 0.0115398 0.00510343 0.99992 2.0892 
0.999862 0.000139522 -0.016589 -0.065641 -0.000234827 0.999983 -0.00573816 -0.0151956 0.016588 0.00574118 0.999846 2.82271 
0.999776 -0.00105522 -0.0211552 -0.08861 0.000930931 0.999982 -0.00588015 -0.0250404 0.0211611 0.00585905 0.999759 3.56746 
0.999668 0.000856144 -0.0257539 -0.121158 -0.00104184 0.999973 -0.00719463 -0.0309866 0.0257472 0.00721899 0.999642 4.33224 
0.999515 0.00378349 -0.0309032 -0.156896 -0.00402706 0.999961 -0.00782076 -0.0398193 0.0308725 0.00794133 0.999492 5.11304 
0.999361 0.00415318 -0.0354901 -0.194032 -0.00438211 0.99997 -0.00637272 -0.0458245 0.0354627 0.00652409 0.99935 5.91222 
0.999198 0.00333605 -0.0399071 -0.236547 -0.00348758 0.999987 -0.00372588 -0.0547321 0.0398943 0.00386199 0.999196 6.71243 
0.999045 0.0029931 -0.0435989 -0.277987 -0.00304197 0.999995 -0.00105279 -0.0634254 0.0435956 0.00118433 0.999048 7.52958 
0.998914 0.00431219 -0.046395 -0.329531 -0.00439113 0.999989 -0.0015979 -0.0724234 0.0463877 0.00179981 0.998922 8.35515 
0.998797 0.0036833 -0.0488968 -0.37784 -0.00377745 0.999991 -0.0018316 -0.0796363 0.0488897 0.00201402 0.998802 9.18731 
0.998728 0.00100011 -0.050415 -0.43399 -0.00112569 0.999996 -0.00246093 -0.0866508 0.0504124 0.00251446 0.998725 10.0193 
0.998638 0.000854791 -0.0521653 -0.496199 -0.000943367 0.999998 -0.00167181 -0.0924369 0.0521639 0.00171866 0.998637 10.8609 
0.99856 -0.000739104 -0.0536483 -0.552452 0.000638139 0.999998 -0.00189753 -0.102258 0.0536497 0.00186047 0.998558 11.7191 
0.998466 0.00144107 -0.0553471 -0.616041 -0.00168174 0.999989 -0.00430056 -0.112267 0.0553404 0.00438695 0.998458 12.5807 
0.998391 0.00175818 -0.0566808 -0.679527 -0.00214524 0.999975 -0.0067671 -0.123946 0.0566676 0.00687771 0.998369 13.4497 
0.998285 0.00554933 -0.0582844 -0.74925 -0.00605004 0.999946 -0.00841647 -0.134764 0.0582347 0.00875457 0.998264 14.3284 
0.99822 0.00637312 -0.0592937 -0.815195 -0.00685636 0.999945 -0.00794867 -0.149769 0.0592398 0.00834098 0.998209 15.218 
0.998132 0.00533718 -0.0608554 -0.877345 -0.00573267 0.999963 -0.0063247 -0.164817 0.0608195 0.00666166 0.998126 16.1139 
0.998042 0.00600138 -0.0622568 -0.946039 -0.00631665 0.999968 -0.00486708 -0.177389 0.0622257 0.00525072 0.998048 17.0121 
0.997981 0.00528144 -0.063285 -1.01491 -0.00559633 0.999973 -0.00479833 -0.189282 0.0632581 0.00514273 0.997984 17.9137 
0.997872 0.00486329 -0.065025 -1.08296 -0.00524186 0.99997 -0.0056514 -0.201851 0.0649957 0.00598014 0.997868 18.8262 
0.997803 0.00356365 -0.0661598 -1.15334 -0.00400096 0.999971 -0.00647734 -0.211653 0.0661349 0.00672773 0.997788 19.7423 
0.997764 0.00357011 -0.0667321 -1.22311 -0.00389751 0.999981 -0.00477538 -0.224173 0.0667139 0.00502471 0.997759 20.6635 
0.997756 0.00484072 -0.0667778 -1.30007 -0.00494403 0.999987 -0.00138059 -0.237241 0.0667703 0.00170755 0.997767 21.5915 
0.997802 0.00577539 -0.0660061 -1.3728 -0.00564243 0.999982 0.00220183 -0.245711 0.0660177 -0.00182464 0.997817 22.5284 
0.997916 0.00454842 -0.0643721 -1.44738 -0.00422189 0.999977 0.00520897 -0.253391 0.0643945 -0.00492642 0.997912 23.4678 
0.998013 0.00454637 -0.062838 -1.51819 -0.00417332 0.999973 0.00606797 -0.260737 0.062864 -0.00579376 0.998005 24.4109 
0.998096 0.00461843 -0.0615104 -1.58652 -0.00443061 0.999985 0.00319093 -0.266279 0.0615243 -0.00291241 0.998101 25.3614 
0.998145 0.00545696 -0.0606337 -1.65857 -0.00556895 0.999983 -0.00167672 -0.272114 0.0606236 0.00201119 0.998159 26.3121 
0.998224 0.0047267 -0.0593779 -1.73011 -0.00501731 0.999976 -0.00474471 -0.279102 0.0593541 0.00503412 0.998224 27.2698 
0.998274 0.00209539 -0.0586897 -1.79799 -0.00230984 0.999991 -0.00358501 -0.29167 0.0586817 0.0037143 0.99827 28.2377 
0.998252 -2.3651e-05 -0.0590916 -1.86213 0.000111978 0.999999 0.00149283 -0.302923 0.0590916 -0.00149692 0.998251 29.212 
0.998199 -0.00404538 -0.0598556 -1.93051 0.00435718 0.999978 0.00508091 -0.316409 0.0598338 -0.00533265 0.998194 30.1914 
0.998064 -0.0113976 -0.0611329 -1.98859 0.0116873 0.999922 0.0043844 -0.323287 0.0610783 -0.00509048 0.99812 31.1744 
0.997967 -0.013353 -0.0623215 -2.06102 0.0134027 0.99991 0.000381369 -0.330652 0.0623109 -0.00121596 0.998056 32.1487 
0.997893 -0.0130472 -0.0635543 -2.13897 0.0128383 0.999911 -0.00369368 -0.339822 0.0635969 0.00286989 0.997971 33.1255 
0.997767 -0.0113699 -0.0658135 -2.21594 0.0111008 0.999928 -0.00445127 -0.35239 0.0658595 0.00371066 0.997822 34.1111 
0.997723 -0.0114798 -0.0664644 -2.2984 0.0113016 0.999931 -0.00305529 -0.36472 0.066495 0.0022971 0.997784 35.1067 
0.997661 -0.00848866 -0.0678303 -2.38391 0.00847211 0.999964 -0.000530364 -0.374249 0.0678324 -4.56294e-05 0.997697 36.1055 
0.997592 -0.008654 -0.0688135 -2.46941 0.00872833 0.999962 0.000780813 -0.386334 0.0688041 -0.00137965 0.997629 37.1063 
0.997533 -0.00737008 -0.0698072 -2.55872 0.00762004 0.999965 0.00331626 -0.395644 0.0697804 -0.0038401 0.997555 38.1073 
0.997544 -0.00724458 -0.0696686 -2.63709 0.00769439 0.999951 0.00619144 -0.405064 0.0696204 -0.00671238 0.997551 39.1051 
0.997534 -0.00142708 -0.0701757 -2.73434 0.00203915 0.99996 0.00865227 -0.413862 0.0701606 -0.00877411 0.997497 40.1004 
0.997525 -0.0015601 -0.0703009 -2.82003 0.00213038 0.999965 0.00803884 -0.420424 0.070286 -0.0081688 0.997493 41.1003 
0.997532 -0.00108434 -0.0702037 -2.90105 0.00152688 0.999979 0.00625145 -0.424068 0.0701955 -0.0063433 0.997513 42.1011 
0.997523 0.00112196 -0.0703296 -2.98984 -0.000834252 0.999991 0.00412131 -0.433691 0.0703337 -0.00405252 0.997515 43.098 
0.99746 0.000944352 -0.0712283 -3.072 -0.000668523 0.999992 0.00389735 -0.438736 0.0712315 -0.00383992 0.997452 44.0929 
0.997353 -0.00101709 -0.0727098 -3.15155 0.00140137 0.999985 0.00523538 -0.449004 0.0727035 -0.0053235 0.997339 45.0892 
0.997295 -0.000451258 -0.0734998 -3.23358 0.00091292 0.99998 0.00624876 -0.458852 0.0734956 -0.00629904 0.997276 46.074 
0.99728 0.00209875 -0.0736792 -3.3214 -0.00190927 0.999995 0.00264323 -0.470669 0.0736844 -0.00249546 0.997278 47.0437 
0.99722 0.00253802 -0.0744743 -3.41131 -0.00265077 0.999995 -0.00141394 -0.481341 0.0744704 0.00160734 0.997222 48.006 
0.997171 0.00331791 -0.0750935 -3.50077 -0.00354012 0.99999 -0.00282511 -0.488681 0.0750835 0.00308287 0.997172 48.9728 
0.997154 0.00218529 -0.075357 -3.58119 -0.00214281 0.999997 0.000645693 -0.502802 0.0753583 -0.000482466 0.997156 49.9569 
0.997141 0.000256734 -0.0755553 -3.66174 2.25035e-05 0.999993 0.00369601 -0.514479 0.0755558 -0.00368723 0.997135 50.928 
0.997124 -0.00150314 -0.0757685 -3.74579 0.00183922 0.999989 0.00436712 -0.525113 0.0757612 -0.00449401 0.997116 51.8906 
0.9971 -0.00459015 -0.0759579 -3.82723 0.00485286 0.999983 0.00327551 -0.536403 0.0759416 -0.00363471 0.997106 52.8491 
0.99705 -0.00749014 -0.0763856 -3.90659 0.00766327 0.999969 0.00197479 -0.547546 0.0763685 -0.00255442 0.997076 53.805 
0.996943 -0.00904973 -0.0776085 -3.98767 0.00931855 0.999952 0.00310341 -0.555754 0.0775767 -0.00381721 0.996979 54.7601 
0.996807 -0.0124125 -0.0788809 -4.06783 0.013013 0.99989 0.0071042 -0.561731 0.0787841 -0.00810808 0.996859 55.7159 
0.996741 -0.0132265 -0.0795718 -4.15124 0.0142339 0.999825 0.0121076 -0.567106 0.0793979 -0.0132008 0.996756 56.6666 
0.996716 -0.011549 -0.0801527 -4.24005 0.0127283 0.999818 0.0142192 -0.568391 0.079974 -0.0151928 0.996681 57.616 
0.996622 -0.0104408 -0.081455 -4.33278 0.0113163 0.999883 0.0102944 -0.57371 0.081338 -0.0111815 0.996624 58.5552 
0.996526 -0.00907972 -0.0827906 -4.42159 0.00931748 0.999953 0.00248688 -0.578963 0.0827642 -0.00324973 0.996564 59.4702 
0.996461 -0.0073788 -0.0837293 -4.50982 0.00721241 0.999971 -0.00228847 -0.59023 0.0837438 0.00167639 0.996486 60.382 
0.996403 -0.00256586 -0.084697 -4.60782 0.00244481 0.999996 -0.00153196 -0.60307 0.0847006 0.00131929 0.996405 61.2878 
0.996293 3.93883e-05 -0.086023 -4.70035 3.47855e-05 1 0.000861697 -0.617489 0.0860231 -0.000861582 0.996293 62.1867 
0.996212 0.00237363 -0.0869295 -4.79116 -0.00216481 0.999994 0.00249733 -0.632431 0.086935 -0.00229977 0.996211 63.0719 
0.996109 0.00312782 -0.0880733 -4.88109 -0.00294531 0.999993 0.00220298 -0.643773 0.0880796 -0.0019351 0.996111 63.9337 
0.995968 0.00499326 -0.0895674 -4.97403 -0.00475429 0.999984 0.00288206 -0.654374 0.0895805 -0.0024447 0.995977 64.7827 
0.995836 0.00576346 -0.0909813 -5.06388 -0.00546482 0.999979 0.00353208 -0.667903 0.0909998 -0.00302026 0.995846 65.6205 
0.995702 0.005565 -0.0924478 -5.15154 -0.00522371 0.999979 0.00393413 -0.677013 0.0924678 -0.00343439 0.99571 66.4478 
0.99558 0.00553059 -0.0937537 -5.23565 -0.00508901 0.999975 0.00494929 -0.685754 0.0937788 -0.00445039 0.995583 67.2467 
0.995415 0.00827913 -0.0952945 -5.32451 -0.00759674 0.999943 0.0075223 -0.691857 0.0953514 -0.00676397 0.995421 68.0442 
0.995277 0.00960513 -0.0965984 -5.41589 -0.00851504 0.999895 0.0116914 -0.701722 0.0967007 -0.0108138 0.995255 68.8324 
0.995073 0.0127404 -0.0983185 -5.50606 -0.011478 0.999844 0.0133958 -0.708132 0.098474 -0.0122014 0.995065 69.6074 
0.994904 0.0154804 -0.099633 -5.5984 -0.0146405 0.999851 0.00915624 -0.714411 0.09976 -0.00765098 0.994982 70.362 
0.994763 0.015423 -0.101039 -5.6827 -0.0153114 0.999881 0.00188071 -0.723321 0.101056 -0.0003239 0.994881 71.0898 
0.994624 0.0145804 -0.102515 -5.76716 -0.0150648 0.999879 -0.00395211 -0.730817 0.102445 0.00547516 0.994723 71.8011 
0.99457 0.0154599 -0.102917 -5.85051 -0.0160811 0.999857 -0.00520797 -0.737388 0.102822 0.00683463 0.994676 72.4934 
0.994433 0.0182109 -0.103785 -5.93691 -0.018504 0.999827 -0.00186132 -0.748536 0.103733 0.00377131 0.994598 73.1702 
0.994268 0.0183107 -0.105338 -6.01441 -0.0183652 0.999831 0.000453203 -0.765736 0.105329 0.00148386 0.994436 73.8385 
0.994225 0.0152252 -0.106229 -6.09165 -0.0156039 0.999874 -0.0027336 -0.781775 0.106174 0.00437532 0.994338 74.4727 
0.994313 0.00709442 -0.106259 -6.15498 -0.00797096 0.999938 -0.00782597 -0.793724 0.106197 0.00862836 0.994308 75.0926 
0.994434 0.00289822 -0.105322 -6.221 -0.00426277 0.99991 -0.0127325 -0.80451 0.105276 0.0131105 0.994357 75.6942 
0.994721 0.00538079 -0.10247 -6.28495 -0.00674552 0.999893 -0.0129757 -0.817937 0.102389 0.0135983 0.994651 76.2809 
0.995099 0.0103659 -0.0983332 -6.35663 -0.0114114 0.999884 -0.0100747 -0.83159 0.0982175 0.0111473 0.995102 76.8515 
0.99555 0.00873511 -0.0938267 -6.41097 -0.00942592 0.999932 -0.00692108 -0.844287 0.0937599 0.0077746 0.995564 77.4122 
0.996085 0.00510916 -0.0882528 -6.45312 -0.00536464 0.999982 -0.0026569 -0.85779 0.0882377 0.00311986 0.996094 77.9569 
0.996775 0.000746512 -0.0802466 -6.48871 -0.000685165 0.999999 0.000793027 -0.872121 0.0802472 -0.000735574 0.996775 78.4839 
0.99757 0.00442569 -0.069533 -6.52927 -0.00439854 0.99999 0.000544715 -0.880224 0.0695348 -0.000237634 0.997579 79.0002 
0.998474 0.00967734 -0.0543625 -6.56556 -0.00969487 0.999953 -5.73008e-05 -0.887182 0.0543595 0.000584165 0.998521 79.5042 
0.999234 0.0146246 -0.03629 -6.58734 -0.0146225 0.999893 0.000323749 -0.893104 0.0362909 0.000207065 0.999341 79.9975 
0.999813 0.0131607 -0.0141744 -6.58548 -0.0131514 0.999913 0.00075372 -0.896701 0.0141831 -0.000567249 0.999899 80.4795 
0.999879 0.00962711 0.0122345 -6.56518 -0.00965152 0.999951 0.00193067 -0.906971 -0.0122152 -0.0020486 0.999923 80.9454 
0.999089 0.00847316 0.0418165 -6.53134 -0.00862638 0.999957 0.00348299 -0.915042 -0.0417851 -0.00384063 0.999119 81.3998 
0.997155 0.00806513 0.0749413 -6.48136 -0.00844713 0.999953 0.00478067 -0.920313 -0.0748991 -0.00540019 0.997176 81.8466 
0.993635 0.00791817 0.112369 -6.40755 -0.00857526 0.999949 0.0053647 -0.927808 -0.112321 -0.00629423 0.993652 82.2853 
0.988009 0.0081932 0.154179 -6.3205 -0.00912168 0.999944 0.00531504 -0.932198 -0.154127 -0.00665776 0.988029 82.7119 
0.979938 0.00813246 0.199134 -6.20824 -0.00938717 0.999942 0.00535705 -0.938983 -0.199079 -0.00711896 0.979957 83.1247 
0.968665 0.0102875 0.248156 -6.08248 -0.0115054 0.999928 0.00345787 -0.950868 -0.248102 -0.00620473 0.968714 83.5172 
0.953456 0.011145 0.301326 -5.9336 -0.0119124 0.999929 0.00070896 -0.961837 -0.301297 -0.00426555 0.953521 83.8947 
0.933956 0.0114854 0.357203 -5.76264 -0.0117637 0.99993 -0.00139379 -0.968693 -0.357194 -0.00290036 0.934026 84.2535 
0.909942 0.0120856 0.414559 -5.57309 -0.0118482 0.999925 -0.00314457 -0.97585 -0.414566 -0.00205047 0.910017 84.5925 
0.881163 0.0122698 0.472652 -5.36447 -0.0112575 0.999924 -0.00497042 -0.983031 -0.472678 -0.000941174 0.881235 84.9112 
0.847853 0.0109641 0.530117 -5.13392 -0.00852407 0.999939 -0.00704826 -0.990887 -0.530162 0.00145707 0.847895 85.2106 
0.811013 0.0107242 0.584929 -4.88625 -0.00735291 0.99994 -0.00813825 -1.00096 -0.584981 0.00229925 0.811044 85.4926 
0.770902 0.0093797 0.636885 -4.62354 -0.00650122 0.999955 -0.00685772 -1.01302 -0.636921 0.00114605 0.770928 85.7601 
0.727731 0.00900927 0.685803 -4.34591 -0.00790019 0.999957 -0.00475322 -1.01954 -0.685817 -0.00195895 0.727771 86.0132 
0.682031 0.00804997 0.731279 -4.05364 -0.00721695 0.999965 -0.0042769 -1.02745 -0.731288 -0.00236067 0.682065 86.2435 
0.635021 0.00683927 0.772465 -3.74587 -0.00421249 0.999977 -0.00539079 -1.03614 -0.772483 0.000169232 0.635035 86.4486 
0.587632 0.00422565 0.809117 -3.42452 0.00125782 0.99998 -0.00613607 -1.04511 -0.809127 0.00462345 0.587615 86.6337 
0.5403 0.00631895 0.841449 -3.10252 -0.000865422 0.999975 -0.00695385 -1.0556 -0.841472 0.00302892 0.540292 86.8068 
0.492496 0.00927755 0.870265 -2.77597 -0.0048748 0.999957 -0.00790153 -1.06535 -0.870301 -0.000350924 0.49252 86.9658 
0.446603 0.0114869 0.894659 -2.44267 -0.00556407 0.999934 -0.0100612 -1.07332 -0.894715 -0.000484611 0.446637 87.1029 
0.404004 0.00891996 0.914714 -2.09668 0.00164169 0.999944 -0.0104763 -1.07959 -0.914756 0.00573411 0.403967 87.2144 
0.36424 0.00139063 0.931304 -1.7347 0.0165902 0.99983 -0.00798161 -1.08157 -0.931157 0.0183577 0.364155 87.3058 
0.328689 -0.00212952 0.944436 -1.37726 0.0206971 0.999773 -0.00494893 -1.08562 -0.944211 0.0211737 0.328658 87.3956 
0.2953 0.0020361 0.955402 -1.01955 0.0179624 0.999809 -0.00768274 -1.09161 -0.955235 0.01943 0.295207 87.4918 
0.264044 0.00983943 0.96446 -0.656586 0.00685374 0.999903 -0.0120775 -1.10676 -0.964486 0.00979915 0.263952 87.5939 
0.235641 0.014334 0.971734 -0.279636 0.00224076 0.99988 -0.0152926 -1.12226 -0.971838 0.00578097 0.23558 87.6798 
0.209802 0.0159924 0.977613 0.109979 0.00346194 0.999848 -0.0170992 -1.13784 -0.977738 0.00697187 0.209715 87.7484 
0.186304 0.017422 0.982338 0.516503 0.0108936 0.999745 -0.0197968 -1.14741 -0.982432 0.0143894 0.186067 87.8047 
0.166175 0.0236219 0.985813 0.924366 0.0176592 0.999481 -0.0269262 -1.14975 -0.985938 0.0218831 0.165672 87.8503 
0.146372 0.0304131 0.988762 1.33837 0.0199152 0.999234 -0.0336834 -1.14969 -0.989029 0.0246217 0.145654 87.9016 
0.128685 0.0313309 0.99119 1.7741 0.0175109 0.999273 -0.0338599 -1.16134 -0.991531 0.0217139 0.128043 87.9582 
0.11325 0.0267975 0.993205 2.22552 0.0157035 0.999463 -0.028757 -1.18512 -0.993442 0.0188535 0.112768 88.0072 
0.0986874 0.0235343 0.99484 2.69354 0.0158237 0.999557 -0.0252157 -1.20548 -0.994993 0.0182305 0.0982713 88.0511 
0.0853295 0.0210927 0.996129 3.17091 0.0176462 0.999587 -0.0226776 -1.22544 -0.996196 0.019513 0.084922 88.0882 
0.0736496 0.0202574 0.997078 3.66776 0.0217337 0.999524 -0.0219126 -1.23958 -0.997047 0.023284 0.0731742 88.119 
0.0634817 0.0210302 0.997761 4.17881 0.0247205 0.999438 -0.0226385 -1.25102 -0.997677 0.0261023 0.0629262 88.1464 
0.0555991 0.0215958 0.99822 4.70927 0.026939 0.99937 -0.0231212 -1.26613 -0.99809 0.0281765 0.0549823 88.1753 
0.0500021 0.0219134 0.998509 5.26073 0.0285588 0.999319 -0.0233614 -1.28153 -0.998341 0.0296843 0.0493422 88.204 
0.0444954 0.0230342 0.998744 5.82364 0.0300349 0.999251 -0.0243841 -1.29732 -0.998558 0.0310822 0.0437703 88.2297 
0.0384455 0.023782 0.998978 6.40758 0.030425 0.999225 -0.0249589 -1.31296 -0.998797 0.0313535 0.0376921 88.2562 
0.034045 0.0238676 0.999135 7.00885 0.0327974 0.99915 -0.0249856 -1.33031 -0.998882 0.0336196 0.0332332 88.2796 
0.0314025 0.0238638 0.999222 7.62928 0.0343908 0.999097 -0.0249417 -1.34839 -0.998915 0.0351473 0.0305534 88.2975 
0.0282896 0.0234237 0.999325 8.2636 0.0350048 0.999089 -0.0244092 -1.36656 -0.998987 0.0356718 0.0274438 88.3203 
0.0261285 0.0228179 0.999398 8.91848 0.0374436 0.999015 -0.0237882 -1.38736 -0.998957 0.0380426 0.0252484 88.3368 
0.0254091 0.0224828 0.999424 9.59482 0.0420311 0.998839 -0.0235383 -1.40837 -0.998793 0.042605 0.0244346 88.357 
0.026573 0.0222371 0.999399 10.2855 0.0456107 0.998684 -0.023434 -1.4281 -0.998606 0.046206 0.0255238 88.3753 
0.0286955 0.0221971 0.999342 10.992 0.0470334 0.998616 -0.0235316 -1.44785 -0.998481 0.0476776 0.0276118 88.4094 
0.0328022 0.022245 0.999214 11.7154 0.0496643 0.998481 -0.0238591 -1.4657 -0.998227 0.0504079 0.0316476 88.4349 
0.0371408 0.0218589 0.999071 12.4592 0.0502108 0.998457 -0.0237121 -1.4858 -0.998048 0.0510449 0.0359859 88.4731 
0.0412152 0.0202399 0.998945 13.2194 0.0517094 0.998412 -0.0223626 -1.50677 -0.997811 0.0525765 0.0401031 88.5121 
0.0452632 0.0188337 0.998797 13.9881 0.0516904 0.998439 -0.0211695 -1.52629 -0.997637 0.0525864 0.044219 88.5573 
0.0495835 0.0167751 0.998629 14.7765 0.0485698 0.998635 -0.0191869 -1.54807 -0.997588 0.0494546 0.048701 88.6081 
0.0535749 0.0158198 0.998438 15.5729 0.0478385 0.998686 -0.0183908 -1.5674 -0.997417 0.0487491 0.0527477 88.665 
0.0577936 0.0168531 0.998186 16.3729 0.0449743 0.998798 -0.0194675 -1.59111 -0.997315 0.0460179 0.0569662 88.7244 
0.0609114 0.0210039 0.997922 17.1809 0.0428949 0.9988 -0.0236407 -1.61736 -0.997221 0.0442457 0.0599373 88.7877 
0.0623689 0.026413 0.997704 17.9905 0.0373127 0.998889 -0.028777 -1.64553 -0.997355 0.0390218 0.0613141 88.8572 
0.0622218 0.0296054 0.997623 18.8052 0.0346574 0.998893 -0.0318048 -1.67484 -0.99746 0.0365539 0.0611269 88.9223 
0.0625164 0.0290532 0.997621 19.6251 0.0324026 0.99899 -0.0311236 -1.70898 -0.997518 0.0342713 0.0615119 88.9866 
0.0623286 0.027497 0.997677 20.45 0.0295582 0.999131 -0.0293838 -1.74377 -0.997618 0.031321 0.0614617 89.0586 
0.0622409 0.0260996 0.99772 21.2722 0.0305702 0.999139 -0.0280439 -1.77964 -0.997593 0.032246 0.0613894 89.1197 
0.0624195 0.0256085 0.997721 22.0938 0.028135 0.999228 -0.0274075 -1.813 -0.997653 0.0297817 0.0616509 89.1896 
0.0626668 0.0258929 0.997698 22.9086 0.0265103 0.999267 -0.0275989 -1.84838 -0.997682 0.0281788 0.0619345 89.2527 
0.0627816 0.0264423 0.997677 23.726 0.0235927 0.99933 -0.0279708 -1.88309 -0.997748 0.025294 0.0621158 89.32 
0.0615142 0.0279459 0.997715 24.5403 0.0207722 0.999356 -0.0292727 -1.9139 -0.99789 0.0225254 0.0608941 89.3853 
0.0588457 0.0275186 0.997888 25.3574 0.017715 0.999434 -0.028606 -1.94847 -0.99811 0.0193609 0.0583249 89.4463 
0.0550555 0.0263247 0.998136 26.1704 0.0155228 0.999509 -0.0272172 -1.98182 -0.998363 0.0169923 0.0546198 89.5029 
0.0502597 0.0238986 0.99845 26.98 0.0137657 0.999602 -0.0246192 -2.0149 -0.998641 0.0149817 0.0499107 89.5571 
0.0439386 0.0218149 0.998796 27.7951 0.0116037 0.999683 -0.0223448 -2.04777 -0.998967 0.0125715 0.0436715 89.6054 
0.0366806 0.0220185 0.999084 28.6015 0.0110864 0.999687 -0.0224389 -2.07974 -0.999265 0.0118993 0.036425 89.6402 
0.0280786 0.0230666 0.999339 29.4006 0.0110457 0.999665 -0.0233846 -2.1079 -0.999545 0.011695 0.0278144 89.6705 
0.01824 0.0236718 0.999553 30.2035 0.0116762 0.999646 -0.0238871 -2.13362 -0.999765 0.0121067 0.0179572 89.6898 
0.00809497 0.0226001 0.999712 31.0029 0.0130676 0.999657 -0.0227048 -2.16434 -0.999882 0.0132476 0.00779686 89.7011 
-0.00251203 0.0215571 0.999764 31.7963 0.0120102 0.999696 -0.0215256 -2.19467 -0.999925 0.0119533 -0.00277017 89.7042 
-0.0136591 0.0208806 0.999689 32.5872 0.0134555 0.999695 -0.0206969 -2.22217 -0.999816 0.0131686 -0.0139359 89.6972 
-0.0245524 0.0211649 0.999474 33.3694 0.0134908 0.999692 -0.0208382 -2.25122 -0.999607 0.0129721 -0.0248304 89.6837 
-0.0356772 0.0216275 0.999129 34.1455 0.013931 0.999679 -0.021142 -2.28123 -0.999266 0.0131645 -0.035967 89.6606 
-0.0461218 0.0227775 0.998676 34.9204 0.0133912 0.999664 -0.0221817 -2.30935 -0.998846 0.0123505 -0.0464113 89.6273 
-0.0564822 0.0238034 0.99812 35.6903 0.0146168 0.999628 -0.0230123 -2.33747 -0.998297 0.0132896 -0.0568092 89.5925 
-0.0661485 0.0244788 0.997509 36.4512 0.0154293 0.999605 -0.0235071 -2.36761 -0.99769 0.0138359 -0.0665 89.5472 
-0.0757721 0.0248262 0.996816 37.1996 0.0162999 0.999587 -0.0236563 -2.398 -0.996992 0.0144555 -0.0761455 89.4948 
-0.0850242 0.0253241 0.996057 37.9451 0.0172275 0.999565 -0.0239428 -2.42402 -0.99623 0.0151239 -0.0854235 89.4341 
-0.0938781 0.0247702 0.995275 38.6883 0.0183483 0.999564 -0.0231463 -2.45195 -0.995415 0.0160887 -0.0942916 89.3768 
-0.101185 0.0236842 0.994586 39.4148 0.0204107 0.999556 -0.0217262 -2.47938 -0.994658 0.0181019 -0.101623 89.305 
-0.106165 0.0221891 0.994101 40.1257 0.0233147 0.999532 -0.0198205 -2.50149 -0.994075 0.0210729 -0.106633 89.2226 
-0.10996 0.0206229 0.993722 40.8392 0.026076 0.9995 -0.0178574 -2.5262 -0.993594 0.0239487 -0.110443 89.1454 
-0.112427 0.0195737 0.993467 41.5381 0.0277188 0.999479 -0.0165554 -2.54911 -0.993273 0.0256764 -0.112911 89.0654 
-0.11399 0.018729 0.993305 42.2271 0.027754 0.999492 -0.0156607 -2.57352 -0.993094 0.025783 -0.114452 88.9859 
-0.114623 0.019168 0.993224 42.9155 0.02868 0.999461 -0.0159786 -2.59604 -0.992995 0.0266541 -0.115111 88.9106 
-0.113643 0.0201956 0.993316 43.5786 0.0295979 0.999418 -0.0169335 -2.62048 -0.993081 0.0274757 -0.114175 88.8385 
-0.110428 0.0217385 0.993646 44.225 0.0307704 0.999356 -0.0184439 -2.64411 -0.993408 0.0285382 -0.111026 88.7693 
-0.105323 0.0222811 0.994188 44.8494 0.0307772 0.999343 -0.0191362 -2.66609 -0.993962 0.0285829 -0.105939 88.7143 
-0.097335 0.0229083 0.994988 45.4494 0.0301848 0.999343 -0.0200558 -2.69029 -0.994794 0.0280814 -0.0979625 88.667 
-0.086216 0.0228685 0.996014 46.0385 0.028872 0.999374 -0.0204465 -2.71235 -0.995858 0.0269941 -0.0868223 88.6325 
-0.0724218 0.0233167 0.997101 46.6073 0.0282065 0.999375 -0.0213212 -2.73344 -0.996975 0.0265806 -0.0730342 88.6062 
-0.0552821 0.0244061 0.998172 47.1554 0.0271851 0.999367 -0.0229298 -2.7619 -0.998101 0.0258678 -0.0559106 88.5939 
-0.0337145 0.0268364 0.999071 47.7014 0.0256208 0.999334 -0.025979 -2.78531 -0.999103 0.0247211 -0.0343796 88.5872 
-0.00918822 0.0297419 0.999515 48.2328 0.0234009 0.99929 -0.0295202 -2.80873 -0.999684 0.0231183 -0.00987769 88.6064 
0.0193884 0.031488 0.999316 48.7618 0.0216961 0.999255 -0.0319071 -2.83048 -0.999577 0.0222999 0.0186908 88.6383 
0.0528523 0.0310758 0.998119 49.2897 0.0196791 0.999289 -0.0321543 -2.85207 -0.998408 0.0213415 0.0522032 88.6879 
0.091401 0.028437 0.995408 49.8098 0.0186774 0.999367 -0.0302652 -2.87646 -0.995639 0.0213579 0.090812 88.754 
0.134088 0.0244877 0.990667 50.3242 0.0164207 0.999502 -0.0269288 -2.90152 -0.990833 0.0198782 0.13362 88.8432 
0.180115 0.0200181 0.983442 50.826 0.0137697 0.999644 -0.0228699 -2.92339 -0.983549 0.0176609 0.179775 88.9589 
0.229493 0.0169272 0.973163 51.3221 0.00946701 0.999763 -0.0196225 -2.94184 -0.973264 0.0137162 0.229279 89.0947 
0.281831 0.0153117 0.959342 51.7992 0.00592794 0.999826 -0.0176995 -2.96141 -0.959446 0.0106752 0.281691 89.2601 
0.337662 0.0147818 0.941151 52.2712 0.00481664 0.999836 -0.0174317 -2.97983 -0.941255 0.0104192 0.337535 89.4529 
0.396736 0.0150073 0.91781 52.7206 0.00705129 0.999787 -0.0193958 -2.99669 -0.917906 0.0141667 0.396546 89.6684 
0.456741 0.0180931 0.889416 53.1418 0.00774781 0.999674 -0.0243149 -3.01674 -0.889566 0.0179966 0.456452 89.9211 
0.516329 0.0209708 0.856133 53.5374 0.00905885 0.99951 -0.0299462 -3.03564 -0.856342 0.0232177 0.515886 90.199 
0.574164 0.0252736 0.81835 53.9078 0.00477606 0.999403 -0.0342163 -3.05112 -0.818726 0.0235542 0.573701 90.5135 
0.629586 0.0282514 0.776417 54.2523 0.000745108 0.999316 -0.0369663 -3.06433 -0.776931 0.0238519 0.629134 90.8567 
0.682105 0.028982 0.730679 54.5698 -0.000871431 0.999246 -0.0388212 -3.08176 -0.731253 0.0258434 0.681616 91.2117 
0.730624 0.027403 0.68223 54.8578 -0.00173507 0.999265 -0.0382794 -3.09888 -0.682778 0.0267841 0.730135 91.5812 
0.775263 0.0242813 0.631172 55.1144 -0.00423161 0.999438 -0.033251 -3.11666 -0.631625 0.0231073 0.77493 91.9754 
0.816093 0.0194115 0.577595 55.3466 -0.00511774 0.999639 -0.0263646 -3.13367 -0.577898 0.0185599 0.815898 92.3802 
0.852045 0.0171137 0.523189 55.551 -0.00779106 0.999769 -0.0200148 -3.1482 -0.523411 0.0129772 0.851981 92.8093 
0.882772 0.0137199 0.469602 55.7316 -0.00868475 0.999879 -0.0128869 -3.15967 -0.469722 0.00729774 0.882784 93.247 
0.907858 0.0143685 0.419032 55.882 -0.0124096 0.999896 -0.00740031 -3.17491 -0.419094 0.00151834 0.907941 93.6936 
0.927609 0.0164468 0.373189 56.0155 -0.0160951 0.999862 -0.00405858 -3.18536 -0.373204 -0.0022418 0.927746 94.1556 
0.942492 0.0224735 0.333471 56.1254 -0.0233642 0.999726 -0.00134024 -3.19582 -0.33341 -0.00652817 0.942759 94.6146 
0.954052 0.0267665 0.298443 56.226 -0.0272719 0.999625 -0.00247212 -3.19799 -0.298397 -0.00578063 0.954424 95.0818 
0.963128 0.0287501 0.267503 56.3291 -0.0292087 0.999571 -0.0022658 -3.20315 -0.267453 -0.00563124 0.963554 95.5537 
0.969125 0.0229984 0.245496 56.4339 -0.0232228 0.999728 -0.00198148 -3.20979 -0.245475 -0.00378087 0.969395 96.0296 
0.973003 0.020021 0.229923 56.5353 -0.0202572 0.999794 -0.00133367 -3.21954 -0.229902 -0.00336001 0.973208 96.5176 
0.97581 0.024173 0.217281 56.623 -0.0244003 0.999701 -0.00163769 -3.22517 -0.217256 -0.00370371 0.976108 97.0116 
0.977797 0.0292682 0.207499 56.7105 -0.0296479 0.99956 -0.00128095 -3.22428 -0.207445 -0.00489947 0.978234 97.5164 
0.978769 0.0370267 0.201594 56.7922 -0.0372637 0.999302 -0.00262112 -3.2275 -0.20155 -0.00494672 0.979466 98.032 
0.979125 0.0430093 0.198654 56.8791 -0.0426069 0.999072 -0.00630263 -3.23531 -0.19874 -0.00229302 0.980049 98.5518 
0.979204 0.0444685 0.197944 56.976 -0.0436139 0.999011 -0.00867776 -3.24754 -0.198134 -0.000135889 0.980175 99.0846 
0.978787 0.0428681 0.200343 57.0838 -0.0412442 0.999074 -0.0122749 -3.25676 -0.200684 0.00375141 0.979649 99.6266 
0.978058 0.0414006 0.204177 57.1979 -0.0383887 0.999088 -0.0186921 -3.26565 -0.204764 0.0104438 0.978755 100.173 
0.977206 0.0414838 0.208198 57.316 -0.0374097 0.999024 -0.0234699 -3.27261 -0.208969 0.0151463 0.977805 100.736 
0.976035 0.046162 0.21266 57.4289 -0.0421837 0.99884 -0.0232097 -3.28403 -0.213484 0.0136827 0.976851 101.314 
0.97461 0.0492016 0.218438 57.5455 -0.0461052 0.998751 -0.0192533 -3.29891 -0.219112 0.00869327 0.975661 101.913 
0.97364 0.0463907 0.223321 57.6769 -0.0442181 0.998913 -0.0147228 -3.31355 -0.223762 0.00445978 0.974634 102.52 
0.972959 0.0417784 0.227167 57.8189 -0.0407727 0.999127 -0.00912023 -3.3279 -0.22735 -0.000388682 0.973813 103.138 
0.972215 0.0391823 0.230786 57.9654 -0.0391881 0.999221 -0.00456124 -3.33841 -0.230785 -0.00460963 0.972994 103.765 
0.971704 0.0343847 0.233683 58.1169 -0.0344184 0.9994 -0.00393555 -3.34893 -0.233678 -0.00421889 0.972305 104.401 
0.971762 0.0307653 0.233948 58.2696 -0.0299539 0.999527 -0.007022 -3.3596 -0.234054 -0.000184023 0.972224 105.046 
0.971886 0.0297302 0.233568 58.4194 -0.0272027 0.999531 -0.0140364 -3.37336 -0.233876 0.00728808 0.972239 105.699 
0.972008 0.0320795 0.232748 58.5647 -0.0280327 0.999393 -0.0206753 -3.38624 -0.23327 0.0135719 0.972317 106.361 
0.972544 0.034958 0.230078 58.7097 -0.030129 0.999246 -0.0244697 -3.3987 -0.23076 0.0168657 0.972864 107.042 
0.973173 0.0330055 0.227694 58.8612 -0.0291311 0.999368 -0.020357 -3.41343 -0.228222 0.0131778 0.97352 107.742 
0.97363 0.0288889 0.226297 59.0209 -0.0266887 0.999562 -0.0127772 -3.43141 -0.226567 0.00640063 0.973975 108.455 
0.974212 0.0288782 0.22378 59.1709 -0.0280529 0.999583 -0.00686743 -3.45239 -0.223884 0.000412597 0.974616 109.18 
0.974478 0.0321646 0.222166 59.3166 -0.0312641 0.999482 -0.00757016 -3.46723 -0.222295 0.000431054 0.974979 109.914 
0.974793 0.0378108 0.219883 59.4651 -0.0359719 0.999276 -0.0123625 -3.47702 -0.220192 0.00414116 0.975448 110.653 
0.975648 0.0386465 0.215909 59.6188 -0.0356538 0.999207 -0.0177407 -3.48862 -0.216423 0.00961062 0.976252 111.402 
0.976595 0.0372067 0.211843 59.7749 -0.0336313 0.999225 -0.0204573 -3.50639 -0.21244 0.0128539 0.977089 112.159 
0.977539 0.0346056 0.207894 59.9319 -0.0313413 0.999328 -0.0189766 -3.52581 -0.208411 0.0120346 0.977967 112.933 
0.978432 0.0305431 0.204296 60.0917 -0.0276695 0.999474 -0.0169086 -3.54687 -0.204705 0.0108911 0.978763 113.717 
0.978834 0.0295958 0.202502 60.2453 -0.0272859 0.999527 -0.0141899 -3.56715 -0.202826 0.00836406 0.979179 114.514 
0.979221 0.0263066 0.201083 60.4063 -0.0244222 0.999631 -0.011847 -3.58302 -0.20132 0.00668986 0.979503 115.32 
0.979432 0.0211632 0.200661 60.567 -0.0194431 0.999755 -0.01054 -3.60019 -0.200835 0.00642162 0.979604 116.121 
0.979559 0.0217825 0.199973 60.7191 -0.0203946 0.999751 -0.00899854 -3.6175 -0.20012 0.00473616 0.97976 116.94 
0.979372 0.0271914 0.200225 60.8701 -0.0255186 0.999614 -0.0109315 -3.63485 -0.200445 0.00559645 0.979689 117.765 
0.979121 0.0326455 0.200638 61.0215 -0.0303721 0.999435 -0.0144 -3.6509 -0.200995 0.00800546 0.979559 118.594 
0.978619 0.0415494 0.201443 61.1716 -0.039104 0.999105 -0.0161056 -3.6675 -0.201931 0.00788393 0.979368 119.424 
0.977731 0.0474914 0.204419 61.3222 -0.0452748 0.998854 -0.0155097 -3.68756 -0.204921 0.00590927 0.978761 120.264 
0.977007 0.0499254 0.207281 61.4806 -0.0481624 0.998748 -0.0135468 -3.71104 -0.207698 0.00325208 0.978188 121.11 
0.976441 0.0503257 0.209832 61.6461 -0.0483757 0.998725 -0.0144192 -3.73057 -0.21029 0.00392865 0.977631 121.961 
0.976109 0.0488677 0.211717 61.8161 -0.0463046 0.998782 -0.0170507 -3.75177 -0.212292 0.00683985 0.977182 122.808 
0.976097 0.0426239 0.213115 61.9961 -0.040199 0.999068 -0.0157011 -3.77479 -0.213586 0.00675869 0.976901 123.653 
0.97637 0.0358637 0.213107 62.1809 -0.0329733 0.99931 -0.0171037 -3.79873 -0.213573 0.0096726 0.976879 124.492 
0.976142 0.0350565 0.214285 62.3575 -0.0321158 0.999336 -0.0171908 -3.82517 -0.214745 0.00989862 0.97662 125.342 
0.975614 0.0377047 0.21623 62.5297 -0.0354276 0.999268 -0.0143994 -3.84414 -0.216615 0.00638767 0.976236 126.191 
0.975229 0.0396405 0.217618 62.6971 -0.0386489 0.999214 -0.00881322 -3.86464 -0.217796 0.000184141 0.975994 127.031 
0.9749 0.0431284 0.218427 62.8662 -0.0431806 0.999057 -0.0045373 -3.8867 -0.218417 -0.00500847 0.975843 127.871 
0.974668 0.0422551 0.219627 63.0387 -0.040842 0.999105 -0.0109733 -3.91015 -0.219894 0.00172529 0.975522 128.7 
0.974922 0.0380051 0.219279 63.2186 -0.0332774 0.999128 -0.025215 -3.9345 -0.220046 0.0172855 0.975336 129.513 
0.975136 0.0356469 0.218721 63.3963 -0.0288461 0.998998 -0.0342101 -3.96093 -0.219721 0.0270502 0.975188 130.322 
0.975398 0.032841 0.217993 63.5707 -0.0280107 0.99929 -0.0252126 -3.98446 -0.218666 0.0184861 0.975625 131.15 
0.975827 0.0262357 0.216963 63.7508 -0.0258933 0.999655 -0.00442182 -4.0107 -0.217004 -0.00130304 0.97617 131.992 
0.976143 0.022693 0.215939 63.9272 -0.0256193 0.999614 0.010761 -4.03518 -0.215611 -0.0160366 0.976347 132.831 
0.976163 0.0270968 0.215339 64.0895 -0.0288436 0.999571 0.00497223 -4.04931 -0.215112 -0.0110649 0.976527 133.646 
0.976382 0.0351592 0.213173 64.247 -0.0335926 0.999375 -0.0109685 -4.05987 -0.213425 0.00354836 0.976953 134.454 
0.976617 0.0354946 0.212034 64.4108 -0.0322171 0.999302 -0.0188938 -4.07287 -0.212557 0.0116208 0.97708 135.266 
0.977193 0.0313253 0.21003 64.5764 -0.0278178 0.99942 -0.019635 -4.09709 -0.210523 0.0133445 0.977498 136.084 
0.977797 0.0308146 0.207278 64.7375 -0.0276945 0.999455 -0.0179387 -4.12696 -0.207717 0.0117999 0.978118 136.908 
0.978556 0.0304881 0.203712 64.8911 -0.0271129 0.999445 -0.0193397 -4.1476 -0.204189 0.0134017 0.97884 137.722 
0.979576 0.0314617 0.1986 65.0437 -0.0278613 0.999393 -0.0208982 -4.17148 -0.199137 0.0149381 0.979858 138.531 
0.979973 0.0364939 0.195756 65.1851 -0.0330103 0.999234 -0.0210302 -4.20169 -0.196374 0.014147 0.980427 139.345 
0.980112 0.042591 0.193823 65.3153 -0.0392062 0.999005 -0.0212683 -4.228 -0.194536 0.0132462 0.980806 140.154 
0.980456 0.0438382 0.191792 65.4595 -0.0408996 0.998978 -0.0192567 -4.25322 -0.19244 0.0110361 0.981247 140.964 
0.980794 0.0414436 0.190593 65.606 -0.0394053 0.999118 -0.0144742 -4.27861 -0.191024 0.00668577 0.981562 141.769 
0.98123 0.039667 0.188717 65.751 -0.0376479 0.999189 -0.0142738 -4.30557 -0.18913 0.00690103 0.981928 142.57 
0.981802 0.038036 0.18606 65.8936 -0.0354241 0.999222 -0.0173443 -4.33016 -0.186575 0.0104375 0.982385 143.366 
0.982893 0.0330499 0.181188 66.0356 -0.0297413 0.999338 -0.0209484 -4.35656 -0.18176 0.0152012 0.983225 144.156 
0.984176 0.0301063 0.174615 66.1693 -0.0266686 0.999402 -0.0220017 -4.37761 -0.175173 0.0169967 0.984391 144.946 
0.985326 0.0280989 0.168355 66.2903 -0.0256613 0.999532 -0.0166382 -4.4047 -0.168744 0.0120738 0.985586 145.748 
0.986453 0.0253931 0.162065 66.4117 -0.0243956 0.999669 -0.00814287 -4.42498 -0.162218 0.00407882 0.986746 146.554 
0.987085 0.0224162 0.158623 66.5278 -0.02287 0.999738 0.00103484 -4.43887 -0.158559 -0.00464926 0.987339 147.365 
0.987564 0.0289593 0.154529 66.6245 -0.0298865 0.999546 0.00367951 -4.45266 -0.154352 -0.00825216 0.987981 148.171 
0.988206 0.031806 0.149789 66.7255 -0.0320017 0.999487 -0.00110542 -4.46347 -0.149747 -0.00370119 0.988717 148.968 
0.989335 0.0322158 0.142052 66.829 -0.0309349 0.999458 -0.0112173 -4.47806 -0.142336 0.00670321 0.989796 149.762 
0.990344 0.0290036 0.135564 66.9308 -0.0269855 0.999496 -0.0167016 -4.48757 -0.13598 0.012882 0.990628 150.56 
0.99126 0.0279677 0.128921 67.0231 -0.0261595 0.999534 -0.0156987 -4.50385 -0.1293 0.0121889 0.991531 151.374 
0.992003 0.0345966 0.121382 67.0985 -0.0333496 0.999368 -0.0122916 -4.52601 -0.12173 0.0081452 0.99253 152.19 
0.992739 0.0401558 0.113385 67.1662 -0.0388158 0.999148 -0.0140031 -4.54611 -0.11385 0.00950021 0.993452 153.001 
0.993739 0.0427265 0.103237 67.2305 -0.0408915 0.998967 -0.0198286 -4.56528 -0.103978 0.0154829 0.994459 153.808 
0.994653 0.0412802 0.0946591 67.2974 -0.0393399 0.998978 -0.0222747 -4.58448 -0.0954818 0.0184316 0.99526 154.625 
0.995379 0.0413045 0.0866819 67.3512 -0.0397556 0.999019 -0.0195221 -4.60599 -0.0874031 0.0159857 0.996045 155.446 
0.995892 0.0442635 0.0789896 67.395 -0.0434202 0.99898 -0.0123647 -4.62893 -0.0794563 0.00888404 0.996799 156.271 
0.996366 0.0474942 0.0707018 67.4328 -0.0471414 0.998866 -0.006653 -4.64814 -0.0709375 0.00329577 0.997475 157.099 
0.99691 0.0466023 0.0632407 67.4692 -0.0464807 0.998913 -0.00339528 -4.66204 -0.0633301 0.000445235 0.997992 157.925 
0.997251 0.0474472 0.0569154 67.5018 -0.0474517 0.998873 -0.0012736 -4.67519 -0.0569116 -0.00143071 0.998378 158.753 
0.997525 0.0466263 0.052619 67.5349 -0.0465328 0.998912 -0.00300412 -4.69039 -0.0527018 0.000548098 0.99861 159.574 
0.997535 0.0512756 0.0479121 67.5556 -0.0509358 0.998667 -0.00828879 -4.70708 -0.0482731 0.00582783 0.998817 160.39 
0.997393 0.0571851 0.0440204 67.5684 -0.0565726 0.998285 -0.0150397 -4.72241 -0.0448049 0.0125101 0.998917 161.204 
0.997456 0.0584574 0.0407993 67.588 -0.0577881 0.998177 -0.0173983 -4.73913 -0.0417419 0.0149962 0.999016 162.029 
0.997485 0.0600005 0.0377164 67.603 -0.0596117 0.998157 -0.0113542 -4.75493 -0.0383281 0.00907728 0.999224 162.861 
0.997424 0.0622127 0.0357131 67.6149 -0.0622167 0.998062 -0.00100308 -4.76915 -0.0357062 -0.00122153 0.999361 163.696 
0.997439 0.0636385 0.0326543 67.6252 -0.0638772 0.997938 0.00631599 -4.78345 -0.0321849 -0.00838576 0.999447 164.527 
0.997812 0.060178 0.0273833 67.6386 -0.0602878 0.998176 0.00319798 -4.7955 -0.0271408 -0.00484194 0.99962 165.351 
0.998634 0.0476123 0.021513 67.6591 -0.0474839 0.998851 -0.00644374 -4.80593 -0.021795 0.00541334 0.999748 166.161 
0.998879 0.0451877 0.0141005 67.664 -0.0450328 0.998923 -0.0111243 -4.81223 -0.0145879 0.0104768 0.999839 166.981 
0.99877 0.0490417 0.00730777 67.6501 -0.0489689 0.998752 -0.00984204 -4.82353 -0.00778124 0.009472 0.999925 167.816 
0.9989 0.0468896 1.06052e-05 67.6349 -0.0468893 0.998893 -0.00374829 -4.83892 -0.000186263 0.00374359 0.999993 168.652 
0.999107 0.0415556 -0.00764686 67.6244 -0.041557 0.999136 -5.28489e-06 -4.84967 0.00764012 0.000322978 0.999971 169.488 
0.999369 0.0329252 -0.0133172 67.6076 -0.0328728 0.999451 0.00414119 -4.8538 0.0134464 -0.00370089 0.999903 170.325 
0.999403 0.0284663 -0.0195759 67.5819 -0.028391 0.999588 0.00411864 -4.86219 0.0196852 -0.00356048 0.9998 171.164 
0.999345 0.0251898 -0.0259652 67.5469 -0.0252665 0.999677 -0.00262623 -4.87518 0.0258908 0.00328048 0.999659 171.998 
0.999312 0.0157559 -0.0335734 67.5158 -0.0161961 0.999786 -0.0128781 -4.88421 0.0333634 0.0134129 0.999353 172.829 
0.999189 0.00576387 -0.0398398 67.4864 -0.00644002 0.999837 -0.0168623 -4.89737 0.0397362 0.0171051 0.999064 173.658 
0.998877 0.00939686 -0.0464421 67.4353 -0.00984365 0.999907 -0.00939923 -4.91184 0.0463496 0.00984575 0.998877 174.496 
0.998459 0.0202675 -0.0516569 67.365 -0.0201129 0.999791 0.00351253 -4.92414 0.0517174 -0.00246824 0.998659 175.348 
0.998086 0.025437 -0.0563618 67.2977 -0.0248323 0.999626 0.0114055 -4.93802 0.056631 -0.00998415 0.998345 176.196 
0.997881 0.0247954 -0.0601499 67.2347 -0.0243221 0.999667 0.00858899 -4.94761 0.060343 -0.0071079 0.998152 177.034 
0.997717 0.0263958 -0.0621643 67.1644 -0.0266004 0.999643 -0.00246489 -4.95147 0.0620772 0.00411277 0.998063 177.867 
0.997192 0.0369296 -0.0651474 67.0819 -0.037776 0.999216 -0.0118065 -4.96113 0.0646604 0.0142342 0.997806 178.701 
0.997094 0.0352445 -0.0675315 67.0126 -0.0363493 0.999223 -0.0152009 -4.97842 0.0669434 0.0176114 0.997601 179.545 
0.997094 0.0300131 -0.0700194 66.954 -0.030802 0.999473 -0.0102133 -4.99549 0.0696761 0.0123403 0.997493 180.405 
0.997105 0.0302607 -0.0697511 66.8863 -0.0304367 0.999536 -0.00146116 -5.00947 0.0696745 0.00357983 0.997563 181.265 
0.997066 0.0321063 -0.0694806 66.8079 -0.0319053 0.999483 0.00400194 -5.02195 0.0695733 -0.00177348 0.997575 182.124 
0.996934 0.0318714 -0.0714656 66.7383 -0.0317215 0.999491 0.00323259 -5.03375 0.0715324 -0.000955771 0.997438 182.979 
0.99687 0.0283536 -0.0737925 66.6656 -0.0288737 0.999565 -0.00598947 -5.04733 0.0735907 0.00810131 0.997256 183.826 
0.996929 0.0172407 -0.0763873 66.6063 -0.0186125 0.999677 -0.0172827 -5.06433 0.0760648 0.0186513 0.996928 184.671 
0.99689 0.00646907 -0.078537 66.5473 -0.00817296 0.999738 -0.0213924 -5.07982 0.0783781 0.0219677 0.996682 185.519 
0.996785 0.00902682 -0.0796134 66.4675 -0.0104068 0.999802 -0.0169353 -5.1003 0.0794449 0.0177093 0.996682 186.373 
0.996625 0.0150494 -0.0806942 66.3793 -0.015622 0.999857 -0.00646935 -5.12182 0.0805854 0.00770804 0.996718 187.226 
0.996467 0.0160205 -0.0824425 66.2975 -0.0163008 0.999863 -0.00272701 -5.14473 0.0823876 0.00406116 0.996592 188.075 
0.996425 0.0149624 -0.0831459 66.2149 -0.0155509 0.999858 -0.00643368 -5.16267 0.0830379 0.00770359 0.996517 188.92 
0.996449 0.0148758 -0.0828737 66.1334 -0.0159812 0.999792 -0.0126896 -5.1762 0.0826677 0.0139689 0.996479 189.754 
0.996297 0.0215425 -0.0832394 66.041 -0.022718 0.999655 -0.0131996 -5.1929 0.0829264 0.0150417 0.996442 190.593 
0.996198 0.0242623 -0.0836644 65.9556 -0.0251908 0.999632 -0.0100594 -5.21483 0.0833897 0.0121286 0.996443 191.429 
0.99604 0.028023 -0.0843781 65.8692 -0.0287109 0.999564 -0.00694849 -5.23549 0.0841466 0.00934345 0.996409 192.263 
0.995933 0.0316127 -0.0843687 65.7836 -0.0320738 0.999477 -0.00411471 -5.25247 0.0841946 0.00680391 0.996426 193.091 
