1 -4.23778e-08 4.22719e-08 0 -4.23778e-08 1 -4.19404e-08 0 4.22719e-08 -4.19404e-08 1 0 
0.999056 -0.000647979 0.0434412 0.0390656 0.000754071 0.999997 -0.00242785 -0.0220477 -0.0434394 0.00245823 0.999053 1.01864 
0.996087 -0.00489255 0.0882366 0.139799 0.00553304 0.99996 -0.00701676 -0.0521716 -0.0881986 0.00747744 0.996075 2.03891 
0.991064 -0.0046108 0.133306 0.282671 0.00608859 0.999924 -0.0106808 -0.0988748 -0.133247 0.0113969 0.991017 3.0753 
0.983888 -0.00261768 0.178769 0.505749 0.00501501 0.999903 -0.0129602 -0.139937 -0.178717 0.0136478 0.983806 4.14681 
0.974439 -0.00508322 0.224596 0.757298 0.00808978 0.999889 -0.0124687 -0.195374 -0.224508 0.0139669 0.974372 5.22103 
0.962778 -0.00584752 0.270228 0.995451 0.00986727 0.99986 -0.0135196 -0.229216 -0.270111 0.0156828 0.962701 6.30391 
0.949434 -0.00857427 0.31385 1.30918 0.0142372 0.999774 -0.0157561 -0.263702 -0.313644 0.0194276 0.949342 7.25945 
0.934372 -0.0102732 0.356151 1.72599 0.0175766 0.999696 -0.0172768 -0.30246 -0.355865 0.0224028 0.934269 8.28531 
0.91708 -0.0101922 0.398572 2.12519 0.018892 0.999661 -0.0179058 -0.335809 -0.398255 0.0239509 0.916962 9.24556 
0.897578 -0.0108415 0.440722 2.59447 0.0200922 0.999665 -0.0163292 -0.375053 -0.440397 0.0235118 0.897495 10.2076 
0.875745 -0.0103625 0.482663 3.06949 0.020305 0.999675 -0.0153792 -0.40691 -0.482347 0.0232687 0.875671 11.0854 
0.85188 -0.0107068 0.523627 3.56699 0.0211421 0.999679 -0.0139551 -0.447245 -0.52331 0.0229586 0.851833 11.9168 
0.826298 -0.0111502 0.563123 4.11466 0.0228082 0.999646 -0.013674 -0.488272 -0.562771 0.0241426 0.82626 12.7527 
0.798917 -0.0129788 0.601302 4.71616 0.0261671 0.99957 -0.0131917 -0.51741 -0.600872 0.0262734 0.798913 13.5677 
0.769993 -0.0114694 0.637949 5.35681 0.0263858 0.999555 -0.0138768 -0.545741 -0.637507 0.0275177 0.769953 14.3753 
0.739417 -0.0148297 0.673085 6.03294 0.0313076 0.999433 -0.0123732 -0.57288 -0.67252 0.0302216 0.739462 15.1268 
0.707302 -0.014466 0.706763 6.71491 0.0317005 0.999434 -0.0112684 -0.616918 -0.7062 0.0303749 0.70736 15.8251 
0.6731 -0.0132798 0.739432 7.49088 0.0329344 0.999385 -0.0120317 -0.642441 -0.738818 0.0324512 0.673123 16.5492 
0.637709 -0.0147 0.770137 8.29753 0.0375965 0.99922 -0.0120591 -0.665851 -0.769359 0.0366446 0.637765 17.2281 
0.60094 -0.0127819 0.799192 9.09879 0.0375585 0.999219 -0.0122607 -0.687557 -0.798411 0.0373844 0.600951 17.8549 
0.563242 -0.0118603 0.826207 9.93763 0.0405606 0.999088 -0.013309 -0.715893 -0.825296 0.0410076 0.56321 18.4347 
0.524165 -0.0101585 0.851556 10.7811 0.0450408 0.99886 -0.0158087 -0.741885 -0.850425 0.0466411 0.524025 18.9619 
0.485923 -0.00948905 0.87395 11.6382 0.0472345 0.998765 -0.0154186 -0.763576 -0.872724 0.0487729 0.485771 19.4299 
0.447659 -0.0114215 0.894131 12.6106 0.0524967 0.998529 -0.0135281 -0.787512 -0.892662 0.0529949 0.4476 19.905 
0.410853 -0.012172 0.91162 13.5066 0.0562871 0.998342 -0.0120378 -0.81526 -0.909962 0.0562582 0.410857 20.3027 
0.375937 -0.00993061 0.926592 14.4342 0.0580041 0.998234 -0.0128351 -0.837362 -0.924828 0.0585713 0.375849 20.6773 
0.343014 -0.0107708 0.939268 15.439 0.0585177 0.998237 -0.00992337 -0.859201 -0.937506 0.0583677 0.34304 21.0317 
0.310038 -0.0128002 0.950638 16.4178 0.0613688 0.998093 -0.00657557 -0.881899 -0.948741 0.0603782 0.310233 21.3448 
0.277541 -0.0126483 0.96063 17.4817 0.0619981 0.998065 -0.0047711 -0.889087 -0.958711 0.0608814 0.277788 21.6259 
0.245774 -0.00986364 0.969277 18.5089 0.0601227 0.998178 -0.00508733 -0.904165 -0.967461 0.0595259 0.245919 21.885 
0.214829 -0.00818734 0.976617 19.4995 0.059729 0.998203 -0.00477052 -0.916121 -0.974824 0.0593573 0.214932 22.1101 
0.184678 -0.00796469 0.982767 20.636 0.0620167 0.998069 -0.00356534 -0.920195 -0.98084 0.0616064 0.184815 22.3272 
0.154099 -0.00845483 0.988019 21.6825 0.0638253 0.99796 -0.00141487 -0.935461 -0.985992 0.0632786 0.154324 22.496 
0.12379 -0.00931214 0.992265 22.7851 0.0622613 0.998059 0.00159905 -0.955476 -0.990353 0.0615818 0.124129 22.6373 
0.0943932 -0.00973413 0.995487 23.8571 0.0625325 0.998035 0.00382956 -0.962251 -0.993569 0.0618888 0.0948164 22.7488 
0.0669829 -0.00940918 0.99771 25.0194 0.0651393 0.997863 0.00503731 -0.960084 -0.995625 0.0646527 0.0674527 22.85 
0.0416923 -0.00891472 0.999091 26.2459 0.0693939 0.997571 0.00600525 -0.951792 -0.996718 0.0690804 0.0422096 22.9091 
0.0192691 -0.00877124 0.999776 27.4259 0.0738554 0.997242 0.00732549 -0.958562 -0.997083 0.0736977 0.0198637 22.919 
-0.00130643 -0.00914162 0.999957 28.6358 0.0794911 0.996793 0.00921647 -0.956902 -0.996835 0.0794998 -0.000575568 22.9261 
-0.0192041 -0.00985604 0.999767 29.9186 0.0837644 0.99642 0.011432 -0.952554 -0.9963 0.0839645 -0.0183097 22.9254 
-0.0348806 -0.00972874 0.999344 31.1851 0.0868163 0.996143 0.0127277 -0.937088 -0.995613 0.0872033 -0.0339015 22.8965 
-0.0492856 -0.0106577 0.998728 32.4036 0.0890303 0.995916 0.0150211 -0.926766 -0.994809 0.0896574 -0.0481354 22.8503 
-0.0630765 -0.0119029 0.997938 33.6331 0.0888314 0.995893 0.0174932 -0.920938 -0.994047 0.0897516 -0.0617601 22.805 
-0.0755146 -0.0117259 0.997076 34.8794 0.0884172 0.995913 0.0184085 -0.906812 -0.993217 0.0895488 -0.0741692 22.7254 
-0.0870622 -0.00900265 0.996162 36.1537 0.0882205 0.995961 0.016711 -0.895644 -0.992289 0.0893368 -0.0859163 22.6483 
-0.0976423 -0.00553965 0.995206 37.4572 0.0890304 0.995926 0.0142786 -0.87651 -0.991231 0.0899978 -0.0967513 22.5651 
-0.10726 -0.00324957 0.994226 38.7423 0.0902605 0.995833 0.0129924 -0.876856 -0.990125 0.0911329 -0.10652 22.4539 
-0.114457 -0.00227537 0.993425 40.1218 0.0900607 0.995856 0.0126572 -0.868307 -0.989337 0.0909173 -0.113778 22.2768 
-0.1207 -0.00157466 0.992688 41.4841 0.0898258 0.995879 0.0125015 -0.860948 -0.988617 0.0906779 -0.120061 22.1639 
-0.125903 -0.000319818 0.992042 42.8148 0.0905536 0.995821 0.0118134 -0.848395 -0.987901 0.0913204 -0.125348 22.0041 
-0.13069 0.00127721 0.991422 44.1317 0.0898808 0.995896 0.0105651 -0.840073 -0.987341 0.0904906 -0.130268 21.8472 
-0.134642 0.00202732 0.990892 45.492 0.0901136 0.995879 0.010207 -0.831305 -0.986788 0.0906672 -0.13427 21.6775 
-0.13805 0.000469949 0.990425 46.9102 0.0900902 0.99586 0.0120846 -0.837798 -0.986319 0.0908958 -0.137521 21.5037 
-0.140247 -0.00158145 0.990115 48.3945 0.0907253 0.995771 0.0144413 -0.823356 -0.985951 0.0918538 -0.13951 21.2987 
-0.142756 -0.00275128 0.989754 49.8914 0.0906982 0.995752 0.0158496 -0.800228 -0.985593 0.0920315 -0.1419 21.1206 
-0.14526 -0.00202531 0.989391 51.4089 0.0935727 0.995487 0.0157758 -0.781561 -0.984959 0.0948716 -0.144415 20.929 
-0.146365 -0.00225749 0.989228 52.9495 0.0933409 0.995504 0.0160823 -0.766027 -0.984817 0.0946894 -0.145496 20.7232 
-0.147371 -0.00124535 0.98908 54.4797 0.0951389 0.995344 0.0154287 -0.764395 -0.984495 0.0963737 -0.146567 20.5377 
-0.147375 -0.00104377 0.98908 56.0262 0.0954691 0.995315 0.0152754 -0.744763 -0.984462 0.0966778 -0.146585 20.3288 
-0.146599 0.000366089 0.989196 57.5664 0.0957995 0.995304 0.013829 -0.736066 -0.984546 0.0967918 -0.145945 20.107 
-0.145639 -0.000149578 0.989338 59.0873 0.0961056 0.995268 0.014298 -0.730191 -0.984659 0.0971632 -0.144935 19.9012 
-0.14448 -0.00113446 0.989507 60.6817 0.095248 0.99534 0.0150484 -0.711382 -0.984913 0.0964228 -0.143698 19.6995 
-0.143533 -0.000261912 0.989645 62.2902 0.096312 0.995249 0.014232 -0.691182 -0.984948 0.0973575 -0.142826 19.4892 
-0.14264 0.000366125 0.989774 63.9224 0.0960643 0.995284 0.013476 -0.667159 -0.985102 0.0970042 -0.142003 19.2746 
-0.141748 0.000862713 0.989902 65.5574 0.0972079 0.995178 0.0130522 -0.650701 -0.985118 0.0980765 -0.141148 19.0601 
-0.140942 0.000681703 0.990018 67.2851 0.0968659 0.995211 0.0131048 -0.639003 -0.985268 0.097746 -0.140333 18.8477 
-0.140322 -0.000934691 0.990105 68.986 0.0986019 0.995015 0.0149135 -0.623171 -0.985184 0.0997189 -0.13953 18.6332 
-0.139357 -0.00300207 0.990238 70.6877 0.101751 0.994659 0.0173349 -0.635572 -0.985001 0.103173 -0.138308 18.3969 
-0.138682 -0.0020193 0.990335 72.4262 0.103489 0.994493 0.0165198 -0.618953 -0.984915 0.104779 -0.137709 18.1763 
-0.138417 -0.000526169 0.990374 74.0927 0.106248 0.994221 0.0153776 -0.633661 -0.984658 0.107353 -0.137561 17.9997 
-0.138039 -0.00105825 0.990426 75.8044 0.105737 0.994269 0.0157992 -0.625341 -0.984766 0.106906 -0.137136 17.8011 
-0.137851 -0.00129068 0.990452 77.5398 0.10593 0.994244 0.0160388 -0.610594 -0.984772 0.107129 -0.136921 17.5756 
-0.137574 -0.0024116 0.990488 79.3068 0.106115 0.994206 0.0171594 -0.595944 -0.984791 0.107466 -0.136521 17.3498 
-0.136984 -0.00213857 0.990571 81.0883 0.107771 0.994029 0.0170495 -0.578596 -0.984693 0.109091 -0.135936 17.0965 
-0.136807 -0.00234473 0.990595 82.8496 0.108412 0.993955 0.0173249 -0.551465 -0.984647 0.109762 -0.135726 16.8623 
-0.136687 -0.00138678 0.990613 84.6611 0.109005 0.993905 0.0164321 -0.532481 -0.984599 0.110228 -0.135703 16.6339 
-0.137216 -0.000513243 0.990541 86.4709 0.1088 0.993941 0.0155866 -0.516342 -0.984548 0.10991 -0.136329 16.4059 
-0.138117 0.000320328 0.990416 88.3161 0.108276 0.994011 0.014778 -0.494199 -0.984479 0.10928 -0.137325 16.1692 
-0.139407 0.000844007 0.990235 90.1512 0.107682 0.994082 0.0143122 -0.482481 -0.984363 0.108626 -0.138672 15.928 
-0.140109 0.00011896 0.990136 92.0148 0.106862 0.994161 0.015002 -0.460704 -0.984353 0.10791 -0.139303 15.6824 
-0.141108 -8.18615e-05 0.989994 93.8781 0.106724 0.994171 0.0152939 -0.438526 -0.984225 0.107814 -0.140276 15.4394 
-0.141424 -0.000821159 0.989949 95.7422 0.104648 0.994384 0.0157747 -0.412492 -0.984402 0.105827 -0.140544 15.198 
-0.142872 -3.49019e-05 0.989741 97.569 0.10443 0.994417 0.0151098 -0.399895 -0.984216 0.105518 -0.142071 14.9473 
-0.145335 0.000794285 0.989382 99.4587 0.103464 0.994529 0.0143999 -0.382198 -0.983958 0.104458 -0.144622 14.6931 
-0.14929 0.00176849 0.988792 101.325 0.104361 0.994441 0.013978 -0.364762 -0.983271 0.105278 -0.148645 14.4262 
-0.153523 0.000785306 0.988145 103.203 0.102717 0.994595 0.0151681 -0.35206 -0.982792 0.103828 -0.152774 14.1536 
-0.158316 0.000117507 0.987388 105.12 0.101605 0.994693 0.0161727 -0.336187 -0.982147 0.102884 -0.157488 13.8714 
-0.163084 0.000864351 0.986612 107.017 0.100325 0.994831 0.0157117 -0.324702 -0.981498 0.101544 -0.162327 13.596 
-0.167094 0.00253352 0.985938 108.878 0.101492 0.994728 0.0146444 -0.321657 -0.980703 0.102512 -0.16647 13.291 
-0.171618 0.00422318 0.985154 110.813 0.100787 0.994819 0.0132928 -0.310068 -0.979994 0.101572 -0.171155 12.9787 
-0.176461 0.00456226 0.984297 112.738 0.0997692 0.994922 0.0132747 -0.302847 -0.979238 0.100545 -0.176021 12.6589 
-0.180878 0.00429108 0.983496 114.655 0.0982423 0.995068 0.0137264 -0.293338 -0.978587 0.0991037 -0.180407 12.3278 
-0.18599 0.00362709 0.982545 116.646 0.0964271 0.995233 0.0145791 -0.279947 -0.977808 0.0974556 -0.185453 11.9694 
-0.19152 0.00315026 0.981484 118.629 0.0956936 0.99529 0.0154784 -0.265354 -0.976812 0.0968861 -0.19092 11.6103 
-0.196799 0.00298783 0.980439 120.626 0.0957185 0.995277 0.01618 -0.245549 -0.97576 0.0970304 -0.196156 11.2376 
-0.202055 0.00459181 0.979363 122.609 0.0964411 0.995222 0.0152307 -0.230265 -0.974614 0.0975283 -0.201532 10.8547 
-0.207519 0.00561052 0.978215 124.587 0.0965653 0.995217 0.0147773 -0.219089 -0.973453 0.0975282 -0.207069 10.46 
-0.213212 0.00551402 0.97699 126.573 0.096786 0.995184 0.0155052 -0.200673 -0.9722 0.0978649 -0.212719 10.0539 
-0.218465 0.00562863 0.975828 128.559 0.0963796 0.995219 0.0158366 -0.185267 -0.971073 0.0975098 -0.217963 9.6366 
-0.223418 0.00622057 0.974703 130.538 0.0958238 0.995276 0.0156125 -0.175754 -0.970001 0.0968878 -0.222959 9.21323 
-0.228417 0.00688371 0.973539 132.511 0.0949284 0.995367 0.0152345 -0.142964 -0.968924 0.0958963 -0.228012 8.77459 
-0.232976 0.00634571 0.972462 134.501 0.0964476 0.995199 0.0166121 -0.128655 -0.967688 0.0976618 -0.232469 8.32615 
-0.236063 0.00631609 0.971717 136.586 0.0985763 0.994976 0.0174802 -0.0990343 -0.966725 0.0999148 -0.2355 7.79658 
-0.239272 0.00705623 0.970927 138.607 0.100164 0.994818 0.0174541 -0.0816405 -0.965772 0.101428 -0.238738 7.31309 
-0.242176 0.00774052 0.970201 140.628 0.100506 0.994789 0.0171509 -0.0617903 -0.965013 0.101664 -0.241692 6.82397 
-0.245258 0.00741583 0.969429 142.636 0.0991121 0.994923 0.0174636 -0.0390006 -0.964378 0.100365 -0.244747 6.33794 
-0.2489 0.00786944 0.968497 144.675 0.0975798 0.995083 0.0169921 -0.0180708 -0.963601 0.0987351 -0.248444 5.83959 
-0.25317 0.00885799 0.967381 146.735 0.0969719 0.995154 0.0162658 0.00173486 -0.962549 0.0979269 -0.252802 5.34932 
-0.257581 0.00815392 0.966222 148.806 0.0949862 0.995335 0.0169223 0.0149927 -0.961577 0.0961366 -0.257154 4.83991 
-0.262108 0.00865459 0.965 150.869 0.0960291 0.995231 0.0171572 0.0252331 -0.960249 0.0971651 -0.261689 4.33145 
-0.266926 0.00926218 0.963673 152.928 0.0956811 0.995268 0.0169366 0.0314799 -0.958956 0.0967261 -0.266549 3.83794 
-0.27124 0.00945462 0.962465 154.915 0.095179 0.995314 0.0170458 0.0522973 -0.957794 0.09623 -0.270869 3.31279 
-0.275502 0.00868007 0.961261 156.928 0.0948797 0.995322 0.0182053 0.0636743 -0.956607 0.0962197 -0.275037 2.7817 
-0.279696 0.00858735 0.96005 158.96 0.0954426 0.995255 0.0189034 0.0620251 -0.955333 0.0969169 -0.279189 2.24134 
-0.283779 0.00914932 0.958846 160.999 0.0965119 0.995149 0.0190677 0.0758297 -0.95402 0.0979511 -0.283285 1.68177 
-0.287656 0.0102964 0.957678 163.039 0.0965113 0.995164 0.0182895 0.0881435 -0.952859 0.0976879 -0.287259 1.12917 
-0.291322 0.0116744 0.956554 165.063 0.0963743 0.995196 0.0172051 0.0937439 -0.951758 0.0971995 -0.291047 0.557243 
-0.294698 0.0128259 0.955504 167.085 0.0971526 0.995131 0.0166061 0.106654 -0.950639 0.0977235 -0.294509 -0.0280287 
-0.297948 0.0134983 0.954486 169.128 0.0973395 0.995117 0.0163121 0.10968 -0.949606 0.0977694 -0.297808 -0.628483 
-0.301412 0.0133295 0.953401 171.198 0.0971866 0.995124 0.016812 0.121332 -0.948528 0.0977251 -0.301237 -1.25006 
-0.30536 0.0135369 0.952141 173.298 0.0971492 0.995124 0.0170086 0.137102 -0.947268 0.0976934 -0.305187 -1.8861 
-0.309306 0.0141309 0.950857 175.302 0.0988087 0.994955 0.0173554 0.139361 -0.945815 0.0993211 -0.309142 -2.49316 
-0.31263 0.0141124 0.94977 177.315 0.100513 0.994767 0.0183041 0.138941 -0.944542 0.101186 -0.312413 -3.11597 
-0.315398 0.013598 0.948862 179.324 0.101335 0.994663 0.0194288 0.148831 -0.943533 0.10228 -0.315092 -3.74558 
-0.318076 0.0135339 0.947969 181.412 0.101654 0.99462 0.0199085 0.188698 -0.9426 0.102698 -0.317741 -4.41027 
-0.320789 0.013893 0.947049 183.49 0.10068 0.994727 0.0195104 0.198434 -0.941784 0.101608 -0.320497 -5.08622 
-0.3234 0.0157849 0.94613 185.56 0.0996544 0.994869 0.0174651 0.216797 -0.941 0.0999343 -0.323314 -5.76901 
-0.326383 0.0175372 0.945075 187.596 0.0992173 0.99494 0.0158023 0.220458 -0.940016 0.0989254 -0.326472 -6.45127 
-0.329363 0.01833 0.944025 189.693 0.0982906 0.995045 0.0149722 0.225992 -0.939073 0.0977202 -0.329533 -7.15253 
-0.332671 0.0185918 0.942859 191.643 0.0963339 0.995245 0.0143649 0.203768 -0.938109 0.0956081 -0.332881 -7.80941 
-0.336401 0.0186041 0.941535 193.692 0.0968952 0.995182 0.0149556 0.206418 -0.936721 0.0962613 -0.336583 -8.51362 
-0.339933 0.0177649 0.940282 195.687 0.0961034 0.995244 0.0159402 0.20694 -0.935526 0.0957829 -0.340024 -9.19214 
-0.343547 0.0171098 0.93898 197.801 0.0963181 0.995204 0.0171058 0.204873 -0.934183 0.0963174 -0.343547 -9.9156 
-0.347847 0.0170225 0.937397 199.892 0.096241 0.995202 0.0176406 0.218729 -0.932598 0.0963523 -0.347816 -10.6304 
-0.351626 0.0171249 0.935984 202.005 0.0953516 0.995288 0.0176112 0.230417 -0.931272 0.0954401 -0.351602 -11.3794 
-0.355307 0.0175651 0.934585 204.16 0.0943281 0.995393 0.0171533 0.239525 -0.929978 0.0942523 -0.355327 -12.1475 
-0.358626 0.0181691 0.933305 206.319 0.0945747 0.995373 0.0169632 0.249475 -0.928678 0.0943504 -0.358685 -12.9298 
-0.361492 0.0188754 0.932184 208.413 0.0953877 0.995298 0.016837 0.249549 -0.927483 0.0950053 -0.361593 -13.7069 
-0.364118 0.0183771 0.931171 210.505 0.0961919 0.9952 0.0179734 0.253228 -0.926372 0.0961156 -0.364138 -14.4891 
-0.366906 0.0176649 0.93009 212.631 0.0971929 0.995076 0.0194419 0.263513 -0.925167 0.0975315 -0.366816 -15.2867 
-0.369984 0.0180489 0.928863 214.675 0.0977667 0.995016 0.019608 0.263121 -0.92388 0.0980665 -0.369904 -16.0514 
-0.37275 0.0189321 0.927739 216.797 0.0978524 0.995019 0.0190104 0.272864 -0.922758 0.0978675 -0.372746 -16.8723 
-0.375228 0.0190559 0.926737 218.915 0.0972167 0.995084 0.0189008 0.291294 -0.92182 0.0971864 -0.375235 -17.7063 
-0.378108 0.0202642 0.925539 221.01 0.0969159 0.995133 0.0178048 0.288623 -0.920674 0.0964316 -0.378232 -18.529 
-0.381146 0.0211416 0.924273 223.107 0.0965303 0.995184 0.0170429 0.291749 -0.919462 0.0957162 -0.381351 -19.3521 
-0.383842 0.0207351 0.923166 225.041 0.09447 0.995384 0.0169223 0.269867 -0.918553 0.093707 -0.384029 -20.09 
-0.387151 0.0213988 0.921768 227.084 0.0952197 0.995313 0.016887 0.24639 -0.917086 0.0943083 -0.387374 -20.8884 
-0.389592 0.0208545 0.920751 229.171 0.0965627 0.995158 0.0183181 0.248717 -0.915912 0.0960468 -0.389719 -21.7401 
-0.392824 0.0198412 0.919399 231.123 0.0972413 0.995058 0.0200734 0.238657 -0.914458 0.0972889 -0.392812 -22.499 
-0.395965 0.0194335 0.91806 233.05 0.0964269 0.995128 0.0205246 0.238597 -0.913189 0.0966527 -0.39591 -23.2855 
-0.398981 0.0194475 0.916753 235.118 0.0947628 0.995296 0.020128 0.241881 -0.912049 0.0949048 -0.398947 -24.1428 
-0.402703 0.0185526 0.915143 237.183 0.0929741 0.995453 0.0207318 0.245134 -0.910597 0.0934333 -0.402596 -25.008 
-0.406081 0.0178104 0.913664 239.29 0.0921966 0.995507 0.0215712 0.25924 -0.909175 0.0929964 -0.405898 -25.9032 
-0.40971 0.0179559 0.912039 241.427 0.0914367 0.995579 0.0214749 0.272755 -0.907622 0.0921923 -0.409541 -26.8135 
-0.413719 0.0174621 0.910237 243.55 0.0906466 0.995638 0.0221 0.283592 -0.905881 0.0916531 -0.413497 -27.7181 
-0.417477 0.0169878 0.908529 245.666 0.0899017 0.995692 0.022693 0.294496 -0.904229 0.0911521 -0.417206 -28.649 
-0.421622 0.0167477 0.906617 247.667 0.0888846 0.995778 0.022941 0.304372 -0.902405 0.0902568 -0.421331 -29.5163 
-0.425686 0.0173837 0.904704 249.754 0.089267 0.995745 0.0228693 0.312726 -0.900457 0.0904954 -0.425427 -30.4377 
-0.429158 0.0180911 0.903048 251.881 0.0898853 0.995692 0.0227693 0.342656 -0.898746 0.0909423 -0.428936 -31.4002 
-0.4331 0.0178509 0.901169 253.972 0.0892339 0.995741 0.0231613 0.365784 -0.896918 0.090446 -0.432849 -32.3389 
-0.436615 0.0181904 0.899465 256.101 0.0881057 0.995854 0.0226281 0.366378 -0.895324 0.0891277 -0.436407 -33.3244 
-0.440515 0.0184856 0.897555 258.182 0.0887981 0.995782 0.0230729 0.386002 -0.893343 0.0898651 -0.440298 -34.2792 
-0.444189 0.0191079 0.895729 260.274 0.0896431 0.995703 0.023213 0.415664 -0.891437 0.0906069 -0.443993 -35.2464 
-0.447738 0.0201831 0.893937 262.313 0.0912267 0.995559 0.0232144 0.435067 -0.889499 0.0919449 -0.447591 -36.2136 
-0.451418 0.0222792 0.892034 264.438 0.0929954 0.995419 0.0221995 0.459582 -0.887453 0.0929763 -0.451422 -37.2216 
-0.454385 0.0229592 0.890509 266.554 0.0941048 0.995311 0.022356 0.490238 -0.885821 0.0939595 -0.454415 -38.2344 
-0.457345 0.0250844 0.888935 268.643 0.09583 0.995171 0.021221 0.516051 -0.884111 0.094892 -0.457541 -39.2456 
-0.459992 0.0272817 0.887503 270.728 0.0971998 0.995068 0.0197904 0.52047 -0.882587 0.0953686 -0.460376 -40.2727 
-0.462688 0.0279806 0.886079 272.8 0.0983071 0.994957 0.0199146 0.544647 -0.881054 0.0963222 -0.463105 -41.33 
-0.465524 0.0289802 0.88456 275.004 0.0986734 0.994932 0.0193333 0.57298 -0.879517 0.0962827 -0.466025 -42.46 
-0.468791 0.0290464 0.882831 277.128 0.0984251 0.994953 0.0195291 0.596066 -0.877808 0.0960478 -0.469284 -43.5376 
-0.472734 0.0305797 0.880674 279.235 0.0997377 0.994832 0.0189942 0.615315 -0.875543 0.0968157 -0.473341 -44.5679 
-0.476091 0.0307918 0.878856 281.339 0.0987234 0.994941 0.0186212 0.634921 -0.873837 0.0956291 -0.476723 -45.6459 
-0.478812 0.0303724 0.877392 283.492 0.096736 0.995141 0.0183423 0.656154 -0.872572 0.093658 -0.479423 -46.7792 
-0.481675 0.030912 0.875805 285.556 0.09865 0.994938 0.0191385 0.664721 -0.87078 0.0956167 -0.482286 -47.8429 
-0.483735 0.0308843 0.874669 287.602 0.100167 0.994764 0.0202722 0.675876 -0.869464 0.0974191 -0.484296 -48.9308 
-0.486154 0.0312559 0.873314 289.708 0.101658 0.994598 0.020994 0.692645 -0.86794 0.098986 -0.486705 -50.0394 
-0.488228 0.0311721 0.872159 291.865 0.101852 0.994568 0.0214687 0.711991 -0.866752 0.0993128 -0.488751 -51.1693 
-0.490376 0.0301373 0.87099 294.093 0.100765 0.99466 0.0223151 0.752029 -0.865666 0.0987079 -0.490794 -52.3913 
-0.493335 0.0305884 0.869301 296.204 0.102774 0.994431 0.0233338 0.779175 -0.863746 0.100853 -0.493732 -53.5179 
-0.495493 0.0305045 0.868076 298.277 0.103123 0.994381 0.0239192 0.811085 -0.862468 0.101371 -0.495855 -54.6589 
-0.497444 0.0317162 0.866916 300.406 0.103194 0.994399 0.0228336 0.845952 -0.861336 0.100819 -0.497931 -55.8119 
-0.499842 0.033839 0.865455 302.55 0.102321 0.994546 0.0202085 0.871884 -0.860052 0.0986549 -0.500578 -56.998 
-0.503669 0.0332529 0.863257 304.644 0.10113 0.994658 0.0206902 0.886259 -0.857957 0.0977226 -0.504341 -58.12 
-0.508769 0.0319812 0.860309 306.794 0.0989976 0.994854 0.0215622 0.946353 -0.855192 0.0961388 -0.509317 -59.2702 
-0.513356 0.0292559 0.857677 308.991 0.0961219 0.99509 0.0235897 0.988644 -0.852776 0.0945515 -0.513647 -60.5482 
-0.51801 0.0276928 0.854926 311.237 0.0944291 0.995218 0.0249786 1.02573 -0.850146 0.0936691 -0.518148 -61.859 
-0.522353 0.0278286 0.852275 313.5 0.0948017 0.995167 0.0256088 1.07458 -0.847443 0.094174 -0.522466 -63.1971 
-0.526966 0.0297866 0.849364 315.788 0.0980203 0.994847 0.0259255 1.12463 -0.844215 0.0969168 -0.52717 -64.5216 
-0.531255 0.0308381 0.84665 318.033 0.0990626 0.994743 0.0259274 1.17066 -0.8414 0.0976455 -0.531517 -65.8512 
-0.534866 0.0302469 0.844395 320.207 0.0985624 0.99477 0.026799 1.21157 -0.839168 0.0975596 -0.53505 -67.1935 
-0.53879 0.0291455 0.841936 322.435 0.0985727 0.994717 0.0286463 1.27211 -0.836653 0.0984262 -0.538817 -68.5663 
-0.542585 0.0269694 0.839567 324.571 0.0961703 0.994907 0.0301924 1.30525 -0.834477 0.0971234 -0.542416 -69.9119 
-0.545936 0.0269888 0.837392 326.825 0.0947709 0.995055 0.0297155 1.37906 -0.832449 0.0955831 -0.545795 -71.3659 
-0.549876 0.0266865 0.83482 329.018 0.0949875 0.995003 0.030759 1.41807 -0.829827 0.0962111 -0.549663 -72.7633 
-0.553516 0.0265922 0.832414 331.248 0.0957844 0.99489 0.0319094 1.47074 -0.827312 0.0973946 -0.553235 -74.1987 
-0.557571 0.0261718 0.829716 333.433 0.0960787 0.99482 0.0331853 1.52455 -0.82455 0.0982213 -0.557198 -75.6351 
-0.561242 0.0248151 0.827279 335.588 0.0943943 0.994947 0.0341944 1.56686 -0.822251 0.0972818 -0.560749 -77.0551 
-0.564724 0.0238146 0.824936 337.77 0.0935805 0.994984 0.0353384 1.62378 -0.819957 0.0971544 -0.56412 -78.5044 
-0.567431 0.0233358 0.82309 339.878 0.0934525 0.994965 0.0362165 1.68655 -0.818101 0.0974702 -0.566755 -79.9139 
-0.570378 0.0224053 0.821077 342.011 0.09108 0.995188 0.0361141 1.74539 -0.816317 0.0953824 -0.569674 -81.3388 
-0.573902 0.021025 0.818654 344.147 0.0860971 0.995679 0.0347853 1.80593 -0.814385 0.0904471 -0.573233 -82.7212 
-0.577455 0.0204349 0.816167 346.262 0.0828951 0.995988 0.0337128 1.85809 -0.812203 0.0871239 -0.576832 -84.137 
-0.580166 0.0174983 0.81431 348.425 0.0802062 0.996137 0.0357383 1.92121 -0.81054 0.0860469 -0.579328 -85.6227 
-0.583605 0.0168518 0.811863 350.631 0.0801988 0.996093 0.0369747 1.99603 -0.808068 0.0866891 -0.582676 -87.1533 
-0.585739 0.0174096 0.810312 352.831 0.0801813 0.99611 0.036558 2.07374 -0.806524 0.0863854 -0.584857 -88.7212 
-0.588687 0.0165478 0.808192 354.994 0.0785608 0.996229 0.0368258 2.13036 -0.804535 0.0851711 -0.587767 -90.2431 
-0.592022 0.0127862 0.80582 357.189 0.0760849 0.996295 0.0400897 2.19586 -0.802322 0.0850448 -0.590802 -91.7834 
-0.595819 0.0104843 0.80305 359.339 0.0732485 0.996457 0.0413368 2.27681 -0.799772 0.0834515 -0.594476 -93.2506 
-0.59876 0.00971255 0.800869 361.513 0.0718636 0.996545 0.0416423 2.35427 -0.797698 0.0824872 -0.59739 -94.8209 
-0.601472 0.0106602 0.798822 363.574 0.0724343 0.99652 0.0412408 2.44263 -0.795603 0.0826673 -0.600151 -96.3142 
-0.604381 0.0103215 0.796628 365.682 0.072732 0.996455 0.0422692 2.50713 -0.793369 0.0834871 -0.602989 -97.8355 
-0.607342 0.0102673 0.794374 367.805 0.0728483 0.996423 0.0428176 2.59556 -0.791094 0.0838737 -0.605917 -99.3694 
-0.610248 0.00877734 0.792162 369.963 0.0697698 0.996649 0.0427045 2.65471 -0.789132 0.0813293 -0.608815 -100.937 
-0.612365 0.00503072 0.790559 372.126 0.0593655 0.997449 0.039637 2.73193 -0.788343 0.0712043 -0.611101 -102.56 
-0.615521 0.00778595 0.788082 374.201 0.0518924 0.998182 0.0306681 2.7873 -0.786411 0.0597723 -0.614805 -104.115 
-0.617682 0.0176883 0.786229 376.256 0.0618404 0.997744 0.0261365 2.8211 -0.783993 0.0647648 -0.617382 -105.69 
-0.61887 0.0189774 0.785264 378.372 0.0695826 0.997102 0.0307414 2.85873 -0.782405 0.0736656 -0.618398 -107.28 
-0.620506 0.00973887 0.784141 380.466 0.0687023 0.996753 0.0419859 2.92673 -0.781186 0.0799248 -0.619161 -108.905 
-0.623666 -0.000609921 0.78169 382.605 0.0624767 0.996762 0.0506243 3.01809 -0.77919 0.0804101 -0.621609 -110.532 
-0.626963 -0.00652339 0.779021 384.637 0.0564569 0.996955 0.0537853 3.11535 -0.777 0.0777025 -0.624686 -112.081 
-0.629238 -0.00683462 0.777183 386.706 0.0556949 0.996994 0.0538604 3.22795 -0.775215 0.0771761 -0.626965 -113.695 
-0.631711 -0.00157607 0.775202 388.806 0.0608429 0.996812 0.0516073 3.32466 -0.772812 0.0797665 -0.629602 -115.359 
-0.634061 0.00481961 0.773267 390.837 0.0653814 0.996734 0.0473988 3.40605 -0.770514 0.0806111 -0.632306 -116.909 
-0.636564 0.00768688 0.771186 392.912 0.0665359 0.996769 0.0449856 3.49006 -0.768349 0.0799478 -0.635019 -118.578 
-0.639562 0.00769698 0.768701 395.041 0.0662566 0.996781 0.045145 3.58534 -0.765879 0.0798045 -0.638013 -120.303 
-0.642073 0.00726165 0.766609 397.069 0.0673908 0.996619 0.0470027 3.66207 -0.763676 0.0818416 -0.640391 -121.95 
-0.643979 0.0062178 0.765018 399.238 0.0674885 0.99653 0.0487111 3.77207 -0.762061 0.0829989 -0.642164 -123.795 
-0.645587 0.00659195 0.763658 401.3 0.0678157 0.996507 0.0487285 3.87357 -0.76067 0.0832466 -0.643779 -125.496 
-0.647097 0.00643825 0.76238 403.13 0.0677226 0.996497 0.0490665 3.92538 -0.759394 0.0833812 -0.645266 -126.998 
-0.648497 0.00691639 0.761186 405.228 0.0683472 0.996449 0.0491747 4.03104 -0.758142 0.0839146 -0.646667 -128.69 
-0.649799 0.00613391 0.760081 407.085 0.0694466 0.996264 0.0513305 4.09205 -0.756927 0.0861396 -0.647798 -130.232 
-0.651064 0.00552644 0.759003 409.123 0.0711595 0.996014 0.0537876 4.19162 -0.75568 0.0890295 -0.648862 -131.905 
-0.652603 0.00508106 0.757683 411.069 0.072748 0.995778 0.0559811 4.29333 -0.754199 0.0916533 -0.650218 -133.507 
-0.654056 0.00551345 0.756426 412.883 0.0720888 0.995876 0.0550739 4.37521 -0.753003 0.0905513 -0.651757 -135.025 
-0.655836 0.00555585 0.754883 414.82 0.0678742 0.996357 0.0516354 4.47291 -0.751846 0.0851014 -0.653824 -136.606 
-0.657008 0.00485183 0.753868 416.858 0.0648803 0.996633 0.0501299 4.57478 -0.751087 0.0818469 -0.655111 -138.345 
-0.657996 0.00410339 0.75301 418.82 0.0646186 0.996604 0.0510343 4.65899 -0.750243 0.0822388 -0.656027 -139.992 
-0.658662 0.00269408 0.752434 420.878 0.0623127 0.996754 0.0509781 4.7663 -0.749854 0.0804636 -0.656692 -141.755 
-0.659802 0.00193765 0.751437 422.855 0.0598344 0.996957 0.0499671 4.86154 -0.749053 0.0779302 -0.65791 -143.43 
-0.66069 0.0011676 0.750658 424.833 0.0583974 0.997048 0.0498474 4.95242 -0.748384 0.0767701 -0.658808 -145.128 
-0.661161 -0.000204178 0.750244 426.865 0.0588871 0.996901 0.0521662 5.06139 -0.747929 0.0786699 -0.6591 -146.88 
-0.660614 -0.0012043 0.750724 428.833 0.0615 0.996551 0.0557167 5.17475 -0.748202 0.0829768 -0.658262 -148.583 
-0.660533 -0.0029455 0.750791 430.914 0.0651337 0.995997 0.061211 5.2899 -0.747966 0.0893337 -0.657697 -150.307 
-0.6592 -0.00384949 0.751958 432.877 0.0689678 0.995463 0.0655563 5.41551 -0.748798 0.0950756 -0.655944 -151.999 
-0.657399 -0.00633837 0.753516 434.875 0.0630541 0.995995 0.063389 5.5494 -0.7509 0.0891842 -0.654366 -153.698 
-0.65668 -0.00716734 0.754135 436.887 0.0553855 0.996796 0.0577017 5.68216 -0.752133 0.0796597 -0.654179 -155.369 
-0.655001 -0.00953779 0.755568 438.873 0.0504427 0.997138 0.0563159 5.78866 -0.753942 0.0749999 -0.652645 -157.062 
-0.652236 -0.0101984 0.757948 440.873 0.0485054 0.997299 0.0551591 5.88214 -0.756463 0.0727413 -0.649979 -158.744 
-0.649017 -0.00974951 0.760711 442.885 0.0501716 0.997193 0.0555853 6.00336 -0.759117 0.0742419 -0.646706 -160.447 
-0.646213 -0.0098749 0.763093 444.893 0.0508618 0.997136 0.055975 6.10922 -0.761461 0.0749841 -0.64386 -162.081 
-0.643169 -0.00857336 0.765676 446.932 0.0493678 0.997393 0.0526369 6.23177 -0.764131 0.0716542 -0.641069 -163.784 
-0.642055 -0.0130574 0.766547 448.972 0.0427076 0.997693 0.0527662 6.33104 -0.765468 0.0666162 -0.640016 -165.408 
-0.640811 -0.0187778 0.767468 451.04 0.0347905 0.997963 0.0534662 6.43548 -0.76691 0.0609624 -0.638853 -167.07 
-0.640249 -0.0223189 0.767843 452.858 0.0275498 0.998268 0.0519884 6.51959 -0.767673 0.0544395 -0.638525 -168.571 
-0.639266 -0.0240637 0.768609 454.869 0.0245155 0.998364 0.0516468 6.60611 -0.768595 0.0518588 -0.63763 -170.217 
-0.638497 -0.0235603 0.769264 456.909 0.0272685 0.998211 0.0532053 6.7053 -0.769141 0.0549481 -0.636712 -171.848 
-0.636937 -0.0246836 0.770521 459.007 0.0287611 0.998031 0.0557466 6.81902 -0.770379 0.0576681 -0.634972 -173.532 
-0.635137 -0.0268229 0.771934 461.087 0.027367 0.997988 0.0571949 6.93754 -0.771915 0.0574522 -0.633125 -175.212 
-0.634002 -0.0267064 0.77287 463.294 0.0257006 0.998124 0.0555727 7.06708 -0.772904 0.0550964 -0.632126 -177.009 
-0.632445 -0.0257654 0.774177 465.509 0.0248732 0.998256 0.0535425 7.19231 -0.774206 0.053119 -0.630701 -178.831 
-0.631795 -0.0241662 0.774758 467.596 0.0257839 0.998305 0.0521651 7.30177 -0.774706 0.0529339 -0.630102 -180.457 
-0.630627 -0.0233731 0.775734 469.739 0.0281301 0.998201 0.0529441 7.42051 -0.775576 0.0552095 -0.628835 -182.139 
-0.629803 -0.0235939 0.776397 471.862 0.0298402 0.998066 0.0545362 7.53345 -0.776182 0.0575149 -0.62788 -183.808 
-0.628789 -0.02368 0.777215 473.897 0.0300436 0.99805 0.0547144 7.64212 -0.776995 0.0577542 -0.626851 -185.425 
-0.627948 -0.0248173 0.777859 475.633 0.0292282 0.998034 0.0554371 7.70528 -0.777706 0.057547 -0.625988 -186.685 
-0.6278 -0.0251454 0.777968 477.481 0.0296179 0.997982 0.0561575 7.79286 -0.777811 0.0582975 -0.625789 -188.038 
-0.627026 -0.0260611 0.778562 479.554 0.0291951 0.997952 0.0569175 7.91053 -0.778451 0.058419 -0.624981 -189.649 
-0.62501 -0.0250946 0.780213 481.051 0.0287879 0.998062 0.0551626 8.10125 -0.780086 0.0569379 -0.623076 -191.227 
-0.622827 -0.0242306 0.781984 482.671 0.0280084 0.998189 0.0532376 8.30636 -0.781858 0.05506 -0.62102 -192.984 
-0.620639 -0.0233613 0.783748 484.296 0.0272234 0.998311 0.0513146 8.50663 -0.783623 0.0531842 -0.618955 -194.736 
-0.619633 -0.0246846 0.784503 485.897 0.0265206 0.998276 0.052358 8.61123 -0.784444 0.0532483 -0.61791 -196.121 
-0.618127 -0.0253188 0.78567 487.751 0.0271804 0.998195 0.0535518 8.75007 -0.785608 0.0544567 -0.616323 -197.732 
-0.617727 -0.0261147 0.785959 489.188 0.0264809 0.998191 0.0539791 8.76243 -0.785947 0.0541573 -0.615918 -198.964 
-0.617453 -0.0259634 0.786179 491.07 0.0264643 0.998204 0.05375 8.82662 -0.786163 0.0539938 -0.615657 -200.476 
-0.617514 -0.0251657 0.786157 493.014 0.0274872 0.998187 0.0535438 8.89099 -0.786079 0.0546733 -0.615703 -202.018 
-0.616476 -0.0267735 0.786919 494.592 0.0268564 0.998125 0.0549989 8.94956 -0.786916 0.0550393 -0.614601 -203.574 
-0.614992 -0.0283756 0.788023 496.384 0.0268413 0.99802 0.0568848 8.89275 -0.788077 0.0561353 -0.613012 -205.275 
-0.613505 -0.0299796 0.789121 498.18 0.0268298 0.997911 0.0587706 8.84057 -0.789234 0.0572281 -0.611419 -206.973 
-0.613476 -0.0300405 0.789142 500.149 0.025952 0.99797 0.0581649 8.95007 -0.789287 0.0561626 -0.61145 -208.44 
-0.612902 -0.0294974 0.789608 502.04 0.0259856 0.99801 0.0574529 9.0303 -0.789731 0.0557314 -0.610916 -209.92 
-0.612146 -0.0293437 0.7902 503.786 0.0264625 0.997991 0.0575596 9.06535 -0.790302 0.0561455 -0.61014 -211.321 
-0.6117 -0.0298506 0.790526 505.428 0.026236 0.997973 0.0579849 9.11517 -0.790655 0.0562096 -0.609677 -212.405 
-0.610525 -0.0301984 0.791421 506.917 0.0260154 0.997969 0.0581487 9.13563 -0.791569 0.0560904 -0.6085 -213.367 
-0.609349 -0.030546 0.792313 508.408 0.0257951 0.997965 0.0583128 9.15641 -0.792482 0.0559707 -0.607321 -214.326 
-0.608448 -0.0312646 0.792978 510.465 0.0255138 0.997936 0.058922 9.28419 -0.793184 0.0560828 -0.606395 -215.888 
-0.608464 -0.0323389 0.792922 512.491 0.0252765 0.997873 0.060094 9.39456 -0.793179 0.0566073 -0.606352 -217.411 
-0.606969 -0.0333621 0.794025 514.69 0.0257485 0.997768 0.0616054 9.54367 -0.794308 0.0578375 -0.604755 -219.115 
-0.60524 -0.0336615 0.795331 516.969 0.0274655 0.997628 0.0631244 9.71248 -0.795569 0.0600496 -0.602879 -220.911 
-0.603508 -0.0339657 0.796633 519.252 0.0291856 0.997482 0.0646394 9.88579 -0.796823 0.0622606 -0.600997 -222.702 
-0.602821 -0.0348228 0.797116 520.896 0.0289353 0.997436 0.0654562 10.0099 -0.797352 0.0625232 -0.600268 -224.097 
-0.602498 -0.0353797 0.797335 522.796 0.0286101 0.997417 0.0658767 10.1298 -0.797607 0.0625025 -0.59993 -225.539 
-0.601999 -0.0359691 0.797686 524.81 0.0278794 0.997429 0.0660159 10.2607 -0.79801 0.0619806 -0.599449 -227.059 
-0.602176 -0.0355148 0.797573 526.519 0.0280061 0.997455 0.0655601 10.3482 -0.797872 0.0618157 -0.59965 -228.382 
-0.601834 -0.0365138 0.797786 528.525 0.0277902 0.997392 0.0666139 10.4896 -0.798137 0.0622612 -0.59925 -229.897 
-0.601845 -0.0380837 0.797704 530.555 0.0274603 0.997285 0.06833 10.6255 -0.79814 0.0630293 -0.599165 -231.418 
-0.602421 -0.0393672 0.797207 532.735 0.0260979 0.997277 0.0689681 10.7769 -0.797752 0.0623533 -0.599753 -232.997 
-0.603713 -0.040935 0.79615 535.477 0.0236598 0.997321 0.0692194 11.0313 -0.796851 0.0606255 -0.601127 -234.856 
-0.604999 -0.0425056 0.795091 538.216 0.0212213 0.997358 0.0694665 11.287 -0.795943 0.0589 -0.602499 -236.72 
-0.604729 -0.0422069 0.795312 540.042 0.0214217 0.997371 0.0692184 11.4191 -0.796143 0.0588953 -0.602235 -238.121 
-0.60408 -0.0438217 0.795718 542.013 0.0222575 0.99717 0.071813 11.554 -0.796613 0.0610915 -0.601395 -239.603 
-0.603831 -0.0449663 0.795843 544.105 0.0228377 0.997022 0.0736609 11.7076 -0.796785 0.062654 -0.601006 -241.156 
-0.604064 -0.0440435 0.795717 546.171 0.0236785 0.997039 0.0731621 11.8578 -0.796584 0.063036 -0.601233 -242.66 
-0.604009 -0.0434533 0.795792 548.254 0.0239728 0.99707 0.0726393 12.018 -0.796616 0.0629522 -0.601198 -244.189 
-0.604816 -0.0423969 0.795235 550.287 0.0247505 0.997099 0.0719829 12.1987 -0.79598 0.0632189 -0.602012 -245.428 
-0.605212 -0.0423389 0.794938 552.221 0.0257036 0.997025 0.0726711 12.3211 -0.795649 0.0644142 -0.602323 -246.7 
-0.60504 -0.0434248 0.79501 554.276 0.0259167 0.996908 0.0741765 12.4721 -0.795773 0.0654838 -0.602044 -248.2 
-0.605222 -0.0448744 0.79479 556.329 0.0261119 0.996753 0.0761611 12.6262 -0.795628 0.0668479 -0.602086 -249.711 
-0.605405 -0.0463235 0.794568 558.382 0.0263066 0.996595 0.0781454 12.7853 -0.795482 0.068212 -0.602125 -251.223 
-0.604558 -0.0459056 0.795237 560.055 0.0275654 0.996534 0.0784815 12.8978 -0.796084 0.0693677 -0.601198 -252.554 
-0.602998 -0.0451724 0.796462 561.553 0.030684 0.996343 0.0797396 13.0149 -0.797152 0.0725215 -0.599407 -253.845 
-0.602617 -0.0464406 0.796678 563.316 0.0293637 0.996339 0.0802904 13.1103 -0.79749 0.0717777 -0.599047 -255.199 
-0.60191 -0.0477689 0.797134 565.035 0.0279717 0.996335 0.0808274 13.2502 -0.798074 0.070948 -0.598368 -256.522 
-0.600748 -0.0482681 0.79798 566.735 0.0278961 0.996302 0.0812653 13.4206 -0.798951 0.0710805 -0.59718 -257.835 
-0.600201 -0.0471934 0.798455 569.019 0.0293947 0.996282 0.0809821 13.596 -0.799308 0.0720759 -0.596583 -259.498 
-0.599728 -0.0462034 0.798869 570.873 0.0306117 0.996276 0.0806014 13.7352 -0.799618 0.0727937 -0.59608 -260.855 
-0.598953 -0.0469631 0.799406 573.007 0.0307584 0.996193 0.0815695 13.9068 -0.800193 0.0734447 -0.595228 -262.407 
-0.598315 -0.0480655 0.799818 575.127 0.0304413 0.996115 0.0826341 14.0817 -0.800682 0.0737888 -0.594528 -263.936 
-0.598619 -0.0470438 0.799651 576.948 0.0306329 0.996199 0.0815386 14.1914 -0.800448 0.0733063 -0.594903 -265.075 
-0.598529 -0.0474701 0.799693 578.417 0.0299568 0.996218 0.0815569 14.2682 -0.800541 0.0727704 -0.594843 -265.942 
-0.598544 -0.0472816 0.799693 579.688 0.0302382 0.996212 0.0815328 14.3414 -0.800519 0.0729823 -0.594847 -266.667 
-0.598559 -0.047093 0.799693 580.96 0.0305195 0.996205 0.0815087 14.4145 -0.800497 0.0731941 -0.59485 -267.392 
-0.598574 -0.0469044 0.799693 582.232 0.0308009 0.996198 0.0814846 14.4874 -0.800475 0.0734059 -0.594854 -268.117 
-0.598589 -0.0467158 0.799693 583.503 0.0310823 0.996192 0.0814606 14.5603 -0.800453 0.0736177 -0.594858 -268.842 
-0.598604 -0.0465272 0.799693 584.775 0.0313637 0.996185 0.0814365 14.6332 -0.800431 0.0738296 -0.594861 -269.567 
-0.598619 -0.0463387 0.799692 586.047 0.0316451 0.996178 0.0814124 14.7059 -0.800408 0.0740414 -0.594865 -270.292 
-0.598634 -0.0461501 0.799692 587.318 0.0319265 0.996171 0.0813883 14.7785 -0.800386 0.0742532 -0.594868 -271.017 
-0.598649 -0.0459615 0.799692 588.59 0.0322079 0.996164 0.0813642 14.8511 -0.800364 0.074465 -0.594872 -271.742 
-0.598663 -0.0457729 0.799692 589.861 0.0324892 0.996157 0.0813401 14.9236 -0.800341 0.0746767 -0.594876 -272.467 
-0.598678 -0.0455842 0.799691 591.133 0.0327706 0.996149 0.081316 14.996 -0.800319 0.0748885 -0.594879 -273.192 
-0.598693 -0.0453956 0.799691 592.405 0.033052 0.996142 0.0812919 15.0683 -0.800296 0.0751003 -0.594883 -273.917 
-0.598575 -0.0442264 0.799845 594.086 0.0334327 0.996226 0.0801047 15.1782 -0.800368 0.0746897 -0.594838 -275.173 
-0.598202 -0.0441813 0.800126 595.693 0.0340514 0.996176 0.0804647 15.294 -0.800621 0.0753796 -0.59441 -276.433 
-0.5972 -0.0437029 0.800901 597.183 0.0351455 0.99613 0.0805626 15.4176 -0.801322 0.07626 -0.593353 -277.685 
-0.597124 -0.0450438 0.800883 599.197 0.0348054 0.996027 0.0819695 15.5726 -0.801393 0.0768211 -0.593184 -279.084 
-0.597131 -0.0454057 0.800857 601.352 0.0347854 0.995992 0.0824056 15.7634 -0.801389 0.0770652 -0.593158 -280.635 
-0.596969 -0.0449133 0.801006 603.516 0.0347035 0.996051 0.0817133 15.952 -0.801513 0.0765781 -0.593053 -282.207 
-0.596736 -0.0442793 0.801215 605.635 0.0345251 0.996135 0.0807654 16.1314 -0.801695 0.0758577 -0.592901 -283.709 
-0.596726 -0.0413737 0.801377 607.687 0.0377787 0.996114 0.0795585 16.2763 -0.801555 0.0777496 -0.592844 -285.119 
-0.595889 -0.0417939 0.801978 609.764 0.037966 0.996062 0.080118 16.4405 -0.802168 0.0781894 -0.591956 -286.64 
-0.594573 -0.0434445 0.802867 611.841 0.0367023 0.996032 0.0810773 16.5976 -0.803203 0.0776735 -0.590619 -288.159 
-0.594586 -0.0438256 0.802837 613.919 0.0361743 0.996044 0.0811633 16.7497 -0.803218 0.0773006 -0.590648 -289.601 
-0.594207 -0.0430964 0.803157 615.9 0.0356655 0.996169 0.0798398 16.9085 -0.803521 0.0760864 -0.590393 -291.058 
-0.593308 -0.0433394 0.803808 617.808 0.0359579 0.996126 0.0802499 17.0563 -0.804172 0.0765162 -0.589451 -292.462 
-0.593308 -0.0434971 0.803799 619.822 0.0366205 0.996047 0.0809311 17.1983 -0.804142 0.0774527 -0.58937 -293.796 
-0.593011 -0.0435582 0.804015 621.97 0.0369251 0.996014 0.0811944 17.3748 -0.804347 0.0778375 -0.589039 -295.313 
-0.591514 -0.0427144 0.805162 624.108 0.0372376 0.996083 0.0801995 17.5492 -0.805434 0.0774214 -0.587606 -297.344 
-0.590993 -0.040818 0.805643 626.377 0.0385332 0.99615 0.0787367 17.753 -0.805755 0.0775769 -0.587146 -299.175 
-0.590472 -0.0381262 0.806157 628.54 0.0415009 0.996128 0.077508 17.9766 -0.80599 0.0792226 -0.586603 -301.018 
