1 -4.23778e-08 4.22719e-08 0 -4.23778e-08 1 -4.19404e-08 0 4.22719e-08 -4.19404e-08 1 0 
0.999996 -0.00231708 -0.00143478 -0.0151623 0.00232112 0.999993 0.00288466 -0.0149095 0.00142817 -0.00288806 0.999995 1.56064 
0.999991 -0.00300872 -0.00288346 -0.037921 0.00301972 0.999988 0.00385028 -0.03915 0.00287193 -0.00385903 0.999988 3.08817 
0.999989 -0.00192329 -0.00427291 -0.0712482 0.00193827 0.999992 0.00352483 -0.0527011 0.00426618 -0.00353316 0.999985 4.5989 
0.999983 -0.00144861 -0.0056256 -0.110767 0.00146767 0.999993 0.00339974 -0.0672582 0.00562073 -0.00340802 0.999978 6.11412 
0.999973 -0.00144059 -0.00722707 -0.134123 0.0014662 0.999993 0.00355021 -0.0807837 0.00722199 -0.00356079 0.999967 7.63466 
0.999961 -0.00143426 -0.00867726 -0.172694 0.00146803 0.999991 0.0038956 -0.0984696 0.00867168 -0.00390827 0.999955 9.14476 
0.999938 -0.00346753 -0.0106041 -0.202285 0.00350237 0.999988 0.00327673 -0.119129 0.0105927 -0.00331375 0.999938 10.6511 
0.999916 -0.00503734 -0.0119195 -0.24826 0.00507879 0.999981 0.00345692 -0.132846 0.0119019 -0.00351726 0.999923 12.1541 
0.999903 -0.00459461 -0.0131765 -0.28988 0.00463856 0.999984 0.00331323 -0.147425 0.0131612 -0.00337411 0.999908 13.6551 
0.999886 -0.00429286 -0.0144381 -0.326787 0.00434276 0.999985 0.00343233 -0.165253 0.0144233 -0.00349472 0.99989 15.1457 
0.999883 -0.0027639 -0.0150612 -0.372543 0.0028235 0.999988 0.00394295 -0.181747 0.0150502 -0.0039851 0.999879 16.6443 
0.999875 -0.00129637 -0.0157271 -0.415783 0.00136947 0.999988 0.00464325 -0.195422 0.0157209 -0.0046643 0.999865 18.1186 
0.999866 -0.000554705 -0.0163434 -0.462525 0.0006453 0.999984 0.00554357 -0.213642 0.0163402 -0.00555346 0.999851 19.5689 
0.999855 -0.000619526 -0.0170367 -0.502908 0.000711704 0.999985 0.00540993 -0.224599 0.0170331 -0.00542135 0.99984 21.0505 
0.99984 0.000210999 -0.0178818 -0.541195 -0.00011542 0.999986 0.00535061 -0.233762 0.0178828 -0.00534778 0.999826 22.5307 
0.999833 0.001136 -0.0182484 -0.581477 -0.00103046 0.999983 0.00579679 -0.242535 0.0182547 -0.00577711 0.999817 23.9957 
0.999828 0.00203967 -0.0184029 -0.625691 -0.00190875 0.999973 0.00713355 -0.25607 0.0184171 -0.00709728 0.999805 25.445 
0.999826 0.00166909 -0.0185653 -0.665911 -0.00156105 0.999982 0.00583669 -0.27146 0.0185748 -0.00580678 0.999811 26.9027 
0.999823 0.00190602 -0.0187019 -0.713711 -0.00183395 0.999991 0.00387421 -0.286959 0.0187092 -0.00383932 0.999818 28.3488 
0.999832 -4.8075e-05 -0.0183477 -0.765795 0.000113656 0.999994 0.00357788 -0.295507 0.0183475 -0.00357945 0.999825 29.765 
0.999834 -0.000801017 -0.0181825 -0.810452 0.000916366 0.999979 0.00634108 -0.309782 0.0181772 -0.00635678 0.999814 31.2067 
0.999829 -0.00208691 -0.0183681 -0.852097 0.00222601 0.999969 0.00755994 -0.323635 0.0183518 -0.00759962 0.999803 32.6282 
0.999834 -0.00260989 -0.0180417 -0.902561 0.0027352 0.999972 0.006929 -0.333067 0.0180232 -0.00697728 0.999813 34.0524 
0.999837 -0.00266158 -0.017857 -0.940971 0.00275368 0.999983 0.00513995 -0.344997 0.0178431 -0.00518837 0.999827 35.4425 
0.99985 -0.0016647 -0.0172331 -0.990244 0.00173872 0.999989 0.00428563 -0.357412 0.0172258 -0.00431503 0.999842 36.8222 
0.999865 -0.00091553 -0.0163819 -1.03753 0.000970452 0.999994 0.00335011 -0.375163 0.0163788 -0.00336564 0.99986 38.1809 
0.999889 -0.000175899 -0.0149163 -1.08824 0.000242074 0.99999 0.0044404 -0.394904 0.0149155 -0.00444361 0.999879 39.5368 
0.999908 0.000113269 -0.0135693 -1.1198 -2.61359e-05 0.999979 0.00642754 -0.406939 0.0135698 -0.00642668 0.999887 40.8836 
0.99993 -0.000340946 -0.0118414 -1.15592 0.00042942 0.999972 0.00747697 -0.423946 0.0118386 -0.00748162 0.999902 42.2024 
0.999954 0.000304894 -0.00962348 -1.18269 -0.000227371 0.999967 0.00806437 -0.434598 0.00962571 -0.00806189 0.999921 43.4879 
0.99998 -0.000104189 -0.00627331 -1.20976 0.000151454 0.999971 0.00754777 -0.450808 0.00627243 -0.00754865 0.999952 44.7622 
0.999996 -0.00055015 -0.00270773 -1.23256 0.000565472 0.999984 0.00569239 -0.465038 0.00270464 -0.00569398 0.99998 46.0064 
0.999999 -0.000640343 0.000725872 -1.25154 0.000637459 0.999992 0.00385016 -0.477729 -0.000728247 -0.00384978 0.999992 47.2542 
0.999988 -0.000328239 0.00484954 -1.26621 0.00030643 0.99999 0.00447962 -0.492373 -0.00485088 -0.00447817 0.999978 48.4793 
0.999947 0.00010811 0.0102639 -1.27335 -0.000151642 0.999991 0.00423234 -0.505142 -0.0102633 -0.00423376 0.999938 49.6903 
0.99986 0.00185477 0.0166168 -1.27038 -0.00190933 0.999993 0.00326288 -0.517817 -0.0166106 -0.00329424 0.999857 50.8861 
0.999704 0.00328385 0.0241148 -1.26484 -0.00336378 0.999989 0.00327116 -0.531027 -0.0241037 -0.00335139 0.999704 52.083 
0.999466 0.00421899 0.0323908 -1.24558 -0.00435902 0.999981 0.0042511 -0.54633 -0.0323722 -0.00439011 0.999466 53.2642 
0.999075 0.00634311 0.0425193 -1.21008 -0.00655466 0.999967 0.00483581 -0.560147 -0.0424871 -0.00511012 0.999084 54.4416 
0.998428 0.00870088 0.0553755 -1.16725 -0.00898498 0.999948 0.0048819 -0.574233 -0.0553301 -0.00537185 0.998454 55.6078 
0.997483 0.0108632 0.070073 -1.1065 -0.0112585 0.999923 0.00524652 -0.585421 -0.0700105 -0.0060223 0.997528 56.7589 
0.996187 0.0130778 0.0862564 -1.03202 -0.013673 0.999887 0.00631168 -0.59803 -0.086164 -0.00746708 0.996253 57.8909 
0.994482 0.0132578 0.104066 -0.931749 -0.0140721 0.999876 0.00709349 -0.61037 -0.103959 -0.00851886 0.994545 59.0201 
0.992297 0.0129161 0.123207 -0.817053 -0.0137783 0.999886 0.0061477 -0.622128 -0.123113 -0.00779801 0.992362 60.1126 
0.989609 0.0118737 0.143294 -0.675255 -0.0127455 0.999905 0.00516687 -0.633662 -0.143219 -0.00693961 0.989667 61.2036 
0.986356 0.00913595 0.16437 -0.512689 -0.0100826 0.999937 0.00492526 -0.64546 -0.164315 -0.00651541 0.986386 62.2695 
0.982576 0.00401798 0.18582 -0.322375 -0.00544926 0.999959 0.00719192 -0.659169 -0.185783 -0.00807926 0.982557 63.3315 
0.977975 -0.00164028 0.208716 -0.102205 -0.000170845 0.999962 0.00865872 -0.670381 -0.208722 -0.00850375 0.977938 64.3719 
0.972589 -0.00646358 0.23244 0.138904 0.00468355 0.999955 0.00820869 -0.679978 -0.232482 -0.00689512 0.972576 65.3982 
0.966225 -0.0125929 0.257392 0.401271 0.0112882 0.999915 0.00654578 -0.688864 -0.257452 -0.00341928 0.966285 66.3922 
0.958826 -0.0161927 0.283531 0.687142 0.0147758 0.999865 0.00713482 -0.696857 -0.283608 -0.00265173 0.958937 67.3705 
0.950323 -0.0188754 0.310692 0.995092 0.0167612 0.999815 0.00947308 -0.705217 -0.310813 -0.00379499 0.950463 68.3349 
0.940867 -0.0233369 0.337972 1.33386 0.0203692 0.999716 0.0123252 -0.710419 -0.338164 -0.00471218 0.941075 69.2772 
0.930018 -0.0263682 0.366567 1.68849 0.0235665 0.999649 0.0121168 -0.718359 -0.366758 -0.00263017 0.930313 70.1965 
0.918126 -0.025952 0.395438 2.06464 0.0246939 0.999661 0.00827177 -0.726412 -0.395518 0.00217031 0.918456 71.0891 
0.905191 -0.0271495 0.424138 2.47095 0.0286221 0.999586 0.00289928 -0.731128 -0.424041 0.00951526 0.905593 71.9622 
0.891116 -0.0290462 0.452844 2.89922 0.0322558 0.999479 0.000634466 -0.739338 -0.452627 0.0140414 0.891589 72.8177 
0.875589 -0.0296871 0.482144 3.356 0.0316838 0.99949 0.0040028 -0.752406 -0.482016 0.0117713 0.876083 73.6638 
0.858012 -0.0285535 0.512836 3.8375 0.0274084 0.999576 0.00979759 -0.763282 -0.512898 0.0056495 0.858431 74.4908 
0.838497 -0.0286604 0.544152 4.34347 0.025406 0.999586 0.0134991 -0.773015 -0.544313 0.00250573 0.838878 75.2967 
0.817549 -0.022494 0.57542 4.87121 0.0213781 0.999733 0.00870705 -0.779176 -0.575462 0.00518289 0.817812 76.0734 
0.795677 -0.0155213 0.605522 5.42153 0.0182656 0.999832 0.00162675 -0.781873 -0.605445 0.00976581 0.795827 76.8157 
0.773386 -0.0130715 0.633801 6.00265 0.0172608 0.999851 -0.000441584 -0.788105 -0.633701 0.0112814 0.773496 77.5362 
0.750305 -0.0156165 0.660907 6.61228 0.0183394 0.999828 0.00280462 -0.80126 -0.660837 0.0100163 0.750463 78.2293 
0.725931 -0.0158928 0.687584 7.23029 0.0185574 0.999822 0.00351733 -0.815901 -0.687517 0.0102064 0.726096 78.8925 
0.700851 -0.014156 0.713167 7.87594 0.0193733 0.999812 0.000806849 -0.827571 -0.713045 0.0132509 0.700993 79.5289 
0.6748 -0.0117719 0.737907 8.53285 0.0193413 0.999811 -0.00173731 -0.834616 -0.737747 0.0154444 0.6749 80.137 
0.647845 -0.00920639 0.761716 9.21006 0.0173767 0.999845 -0.0026946 -0.847308 -0.761574 0.0149817 0.647905 80.7265 
0.619923 -0.00788457 0.784623 9.91043 0.0174934 0.99984 -0.00377426 -0.861986 -0.784468 0.0160655 0.619961 81.2914 
0.591332 -0.00124548 0.806427 10.6364 0.0160109 0.99982 -0.0101963 -0.878402 -0.806269 0.018941 0.591245 81.8324 
0.561456 0.00806918 0.827467 11.3761 0.0148063 0.999694 -0.0197952 -0.897568 -0.827374 0.0233658 0.561165 82.3465 
0.530769 0.0165089 0.847356 12.1441 0.0133274 0.999524 -0.0278218 -0.921592 -0.847412 0.0260599 0.530296 82.8363 
0.49906 0.0214868 0.866301 12.9372 0.0109285 0.999457 -0.0310852 -0.949542 -0.866498 0.0249807 0.498554 83.3052 
0.466782 0.0210093 0.884123 13.7498 0.00899676 0.999553 -0.0285023 -0.983263 -0.884326 0.0212586 0.466385 83.7452 
0.433287 0.0196741 0.901041 14.5852 0.00390211 0.999711 -0.0237051 -1.02787 -0.901247 0.0137871 0.433086 84.1742 
0.39913 0.0208314 0.916657 15.4347 -0.000230941 0.999744 -0.0226191 -1.06239 -0.916894 0.00881627 0.399033 84.5559 
0.36411 0.02402 0.931046 16.2987 -0.00755253 0.999711 -0.022838 -1.09177 -0.931325 0.00128376 0.364186 84.9134 
0.328413 0.0259278 0.944178 17.1835 -0.0125931 0.999654 -0.0230711 -1.12102 -0.94445 -0.00431335 0.328626 85.2421 
0.292454 0.0252652 0.955946 18.0827 -0.0151296 0.999648 -0.0217917 -1.15008 -0.95616 -0.00809005 0.292733 85.532 
0.256316 0.0248742 0.966273 19.0025 -0.0160007 0.999641 -0.0214889 -1.17956 -0.96646 -0.00995314 0.256622 85.7887 
0.220482 0.0244771 0.975084 19.9326 -0.0154365 0.999647 -0.0216033 -1.20774 -0.975269 -0.0102887 0.220782 86.0064 
0.185147 0.0232291 0.982436 20.8741 -0.0133639 0.999688 -0.0211186 -1.23419 -0.98262 -0.00921915 0.185399 86.1902 
0.150788 0.0222345 0.988316 21.8387 -0.00525401 0.999751 -0.0216902 -1.26276 -0.988552 -0.00192202 0.150867 86.3345 
0.117386 0.0256215 0.992756 22.8132 -0.00286664 0.999672 -0.0254611 -1.29486 -0.993082 0.000142894 0.117421 86.4479 
0.0847577 0.0306541 0.99593 23.7865 -0.00211421 0.99953 -0.0305851 -1.32804 -0.996399 0.000486722 0.0847827 86.5351 
0.0557508 0.0343036 0.997855 24.7474 0.00480931 0.999389 -0.0346251 -1.36572 -0.998433 0.00672937 0.0555518 86.5896 
0.0302231 0.0325282 0.999014 25.7344 0.00683379 0.99944 -0.0327489 -1.40259 -0.99952 0.00781682 0.0299838 86.6255 
0.00775304 0.02949 0.999535 26.7178 0.00853553 0.999527 -0.0295561 -1.44214 -0.999933 0.00876072 0.00749766 86.6445 
-0.0110433 0.026953 0.999576 27.7039 0.00886741 0.9996 -0.0268557 -1.48101 -0.9999 0.00856708 -0.0112779 86.6399 
-0.0274265 0.030083 0.999171 28.6939 0.010773 0.999498 -0.0297972 -1.51642 -0.999566 0.00994689 -0.0277369 86.6171 
-0.0422104 0.0344291 0.998515 29.6805 0.013952 0.999329 -0.0338674 -1.55572 -0.999011 0.0125017 -0.0426625 86.5832 
-0.0542477 0.0393611 0.997751 30.6693 0.0187952 0.999086 -0.038392 -1.59997 -0.998351 0.0166702 -0.0549379 86.5322 
-0.0626981 0.0427063 0.997118 31.6552 0.0253978 0.998829 -0.0411827 -1.64932 -0.997709 0.0227425 -0.0637093 86.4669 
-0.0686049 0.0480703 0.996485 32.6583 0.0292961 0.998505 -0.0461508 -1.69964 -0.997214 0.026027 -0.0699106 86.3983 
-0.0721332 0.0528312 0.995995 33.6591 0.031424 0.998221 -0.0506735 -1.75352 -0.9969 0.0276429 -0.073665 86.3306 
-0.0747256 0.0567455 0.995588 34.6623 0.0337123 0.997953 -0.05435 -1.81461 -0.996634 0.0295023 -0.0764856 86.2574 
-0.0774561 0.0598365 0.995198 35.6651 0.0340846 0.997773 -0.0573385 -1.87311 -0.996413 0.0294797 -0.0793231 86.1908 
-0.0796389 0.0633051 0.994812 36.6788 0.0352866 0.997535 -0.0606537 -1.94162 -0.996199 0.0302731 -0.0816764 86.1134 
-0.0814834 0.067064 0.994416 37.6925 0.036787 0.997256 -0.0642413 -2.00913 -0.995995 0.031347 -0.0837269 86.0387 
-0.0837873 0.068256 0.994143 38.7105 0.039108 0.997108 -0.0651636 -2.08528 -0.995716 0.0334191 -0.0862143 85.9584 
-0.0858026 0.0671808 0.994045 39.7264 0.0392877 0.997176 -0.0640013 -2.15513 -0.995537 0.0335623 -0.0881997 85.8799 
-0.0880348 0.0669143 0.993867 40.7707 0.0383929 0.997228 -0.0637399 -2.22484 -0.995377 0.0325461 -0.0903598 85.7883 
-0.0903043 0.0682156 0.993575 41.786 0.0387863 0.997135 -0.0649349 -2.30125 -0.995159 0.0326733 -0.0926914 85.7099 
-0.0928349 0.070463 0.993185 42.8098 0.03747 0.997033 -0.0672337 -2.37287 -0.994976 0.030973 -0.0951997 85.631 
-0.0955899 0.072823 0.992753 43.849 0.035482 0.996936 -0.0697134 -2.44879 -0.994788 0.028561 -0.0978809 85.5431 
-0.0980259 0.0765312 0.992237 44.9023 0.0329867 0.996741 -0.0736198 -2.5258 -0.994637 0.025514 -0.100231 85.4553 
-0.100316 0.0807018 0.991677 45.9374 0.0297455 0.996503 -0.0780856 -2.61111 -0.994511 0.0216646 -0.102366 85.3646 
-0.102959 0.0830772 0.99121 46.979 0.027444 0.996364 -0.0806586 -2.70011 -0.994307 0.0188982 -0.104864 85.2718 
-0.105742 0.0815074 0.991047 48.0153 0.0254503 0.99653 -0.079243 -2.78874 -0.994068 0.0168431 -0.10745 85.1784 
-0.108525 0.0774081 0.991075 49.0628 0.0222949 0.996902 -0.075422 -2.87555 -0.993844 0.0139108 -0.109914 85.0805 
-0.110979 0.0758985 0.99092 50.1153 0.0222309 0.99702 -0.073876 -2.96091 -0.993574 0.0138304 -0.112335 84.9773 
-0.112784 0.0764121 0.990677 51.1629 0.0217926 0.996989 -0.074418 -3.04744 -0.99338 0.0131963 -0.11411 84.8716 
-0.114089 0.0790381 0.990321 52.2083 0.0231765 0.996771 -0.0768829 -3.13396 -0.9932 0.0141807 -0.115552 84.7639 
-0.11482 0.081799 0.990013 53.2664 0.0235462 0.996548 -0.0796082 -3.22174 -0.993107 0.0141705 -0.116349 84.6512 
-0.115154 0.0823807 0.989926 54.3246 0.0222942 0.996518 -0.080336 -3.31378 -0.993097 0.0128185 -0.11659 84.5416 
-0.115038 0.0810299 0.990051 55.386 0.0193255 0.996661 -0.0793255 -3.40525 -0.993173 0.0100078 -0.11622 84.4386 
-0.114998 0.0804309 0.990104 56.4567 0.0156102 0.99674 -0.079157 -3.49552 -0.993243 0.00635283 -0.115879 84.3271 
-0.115209 0.0816838 0.989977 57.5299 0.011707 0.996656 -0.0808725 -3.58744 -0.993272 0.0022725 -0.115779 84.2237 
-0.115424 0.0819181 0.989933 58.6055 0.00763523 0.996637 -0.0815828 -3.67776 -0.993287 -0.00185827 -0.115662 84.1171 
-0.115585 0.0812966 0.989965 59.6846 0.00448118 0.996678 -0.0813247 -3.77393 -0.993287 -0.00496368 -0.115565 84.0125 
-0.116097 0.0761332 0.990316 60.7835 0.00488875 0.99709 -0.0760809 -3.86573 -0.993226 -0.00399138 -0.116132 83.9072 
-0.116549 0.06746 0.990891 61.8834 0.00814298 0.997722 -0.0669673 -3.95033 -0.993151 0.000263816 -0.116833 83.7939 
-0.116151 0.0620723 0.99129 62.9987 0.0136454 0.998051 -0.0608968 -4.03314 -0.993138 0.00645332 -0.116772 83.6669 
-0.115464 0.0644144 0.991221 64.1014 0.0218955 0.997818 -0.0622926 -4.10726 -0.99307 0.0145107 -0.116623 83.5418 
-0.114292 0.0701541 0.990967 65.2005 0.0272644 0.997349 -0.0674615 -4.18168 -0.993073 0.0193078 -0.115902 83.4181 
-0.113217 0.0756019 0.99069 66.3043 0.0309555 0.996885 -0.0725372 -4.2662 -0.993088 0.0224549 -0.115204 83.2943 
-0.112583 0.0796977 0.990441 67.4147 0.031791 0.996557 -0.0765762 -4.36008 -0.993134 0.0228659 -0.114729 83.1749 
-0.112138 0.0769977 0.990705 68.5473 0.0290841 0.996821 -0.074181 -4.45052 -0.993267 0.0204953 -0.114021 83.0549 
-0.111926 0.0722717 0.991085 69.6858 0.0280478 0.997184 -0.069549 -4.5417 -0.993321 0.0200134 -0.113638 82.9386 
-0.111821 0.0700208 0.991258 70.8145 0.0256664 0.997385 -0.0675583 -4.62991 -0.993397 0.0178876 -0.113326 82.8278 
-0.11173 0.0708938 0.991206 71.9419 0.0238819 0.997355 -0.0686417 -4.71051 -0.993452 0.0160026 -0.113128 82.7188 
-0.111368 0.0760377 0.990866 73.0766 0.0249314 0.996968 -0.0737039 -4.79717 -0.993466 0.0164955 -0.112926 82.5997 
-0.1106 0.0785126 0.990759 74.2139 0.0246164 0.996785 -0.0762422 -4.88983 -0.99356 0.0159566 -0.112177 82.4836 
-0.110295 0.0775266 0.990871 75.3589 0.0248752 0.996856 -0.0752261 -4.97937 -0.993588 0.016351 -0.111877 82.3713 
-0.109362 0.0706652 0.991487 76.515 0.0266512 0.99732 -0.0681414 -5.06974 -0.993645 0.0189722 -0.110952 82.2486 
-0.109577 0.0689917 0.991581 77.6737 0.0259582 0.997447 -0.0665313 -5.16115 -0.993639 0.0184494 -0.111088 82.1234 
-0.109159 0.0720655 0.991408 78.8177 0.0233578 0.997279 -0.0699205 -5.24419 -0.99375 0.0155247 -0.110545 82.0172 
-0.108733 0.0749611 0.991241 79.9909 0.0229585 0.997076 -0.0728841 -5.33539 -0.993806 0.0148325 -0.110136 81.9022 
-0.10854 0.0743366 0.991309 81.1506 0.022203 0.997133 -0.0723424 -5.42684 -0.993844 0.014158 -0.10988 81.7804 
-0.108325 0.0707581 0.991594 82.3276 0.0216428 0.997395 -0.0688078 -5.51873 -0.99388 0.0140073 -0.109575 81.6656 
-0.107325 0.0696498 0.991781 83.5213 0.0223513 0.99746 -0.06763 -5.60428 -0.993973 0.0149092 -0.10861 81.5473 
-0.106202 0.0700545 0.991874 84.7082 0.0236959 0.99741 -0.0679085 -5.6939 -0.994062 0.0162914 -0.107587 81.4301 
-0.105305 0.0701612 0.991962 85.8987 0.0262775 0.997356 -0.0677533 -5.78189 -0.994093 0.0189315 -0.10687 81.3171 
-0.104189 0.0697058 0.992112 87.0959 0.026053 0.99739 -0.0673407 -5.86711 -0.994216 0.0188313 -0.105733 81.2032 
-0.102798 0.0706057 0.992193 88.3015 0.0273188 0.997302 -0.0681389 -5.94952 -0.994327 0.020101 -0.104449 81.0913 
-0.101833 0.0687625 0.992422 89.5147 0.0273289 0.997425 -0.066305 -6.03885 -0.994426 0.0203698 -0.10345 80.984 
-0.100625 0.068042 0.992595 90.7358 0.0258064 0.997501 -0.0657622 -6.12562 -0.99459 0.018998 -0.102129 80.8737 
-0.0991733 0.0672734 0.992793 91.9522 0.0271387 0.997524 -0.064883 -6.21303 -0.9947 0.0205084 -0.100753 80.7632 
-0.0973852 0.0681676 0.992909 93.1761 0.0250535 0.997503 -0.0660258 -6.30006 -0.994931 0.0184459 -0.0988499 80.6586 
-0.0960608 0.0708018 0.992854 94.4013 0.0254735 0.997315 -0.0686553 -6.38835 -0.995049 0.0186964 -0.0976065 80.5579 
-0.0949572 0.0696587 0.993041 95.6328 0.0234915 0.997428 -0.0677202 -6.47686 -0.995204 0.0168975 -0.0963493 80.457 
-0.0945421 0.0681129 0.993188 96.8622 0.0198037 0.997588 -0.0665296 -6.57 -0.995324 0.013379 -0.0956629 80.3578 
-0.0944702 0.0692612 0.993115 98.097 0.0174452 0.997539 -0.0679103 -6.65656 -0.995375 0.0109096 -0.0954459 80.2584 
-0.0947487 0.0689108 0.993113 99.3449 0.0145436 0.997591 -0.067834 -6.74245 -0.995395 0.00801626 -0.0955226 80.1576 
-0.0957296 0.0664965 0.993184 100.592 0.0118795 0.997771 -0.0656587 -6.83236 -0.995336 0.00551306 -0.0963062 80.0574 
-0.0971781 0.0650384 0.99314 101.852 0.00950661 0.997878 -0.0644186 -6.92408 -0.995222 0.00318133 -0.0975901 79.9559 
-0.0984612 0.0644178 0.993054 103.121 0.00786687 0.997922 -0.0639536 -7.01251 -0.99511 0.00151528 -0.0987633 79.8474 
-0.100006 0.0646291 0.992885 104.376 0.00794146 0.997908 -0.0641562 -7.10244 -0.994955 0.00146894 -0.100311 79.7384 
-0.101614 0.0635588 0.992791 105.627 0.00754186 0.997977 -0.063119 -7.18058 -0.994795 0.00107372 -0.101888 79.6155 
-0.10462 0.0589778 0.992762 106.892 0.00519403 0.998259 -0.058757 -7.26832 -0.994499 -0.000990688 -0.104744 79.4982 
-0.108968 0.0587761 0.992306 108.144 0.00470825 0.99827 -0.0586124 -7.3558 -0.994034 -0.00171485 -0.109056 79.3809 
-0.114709 0.0647646 0.991286 109.374 -6.00941e-05 0.997872 -0.0652019 -7.43962 -0.993399 -0.00753881 -0.114461 79.2662 
-0.121399 0.0680221 0.99027 110.605 0.000886069 0.997656 -0.0684209 -7.52425 -0.992603 -0.00742875 -0.121174 79.1301 
-0.130375 0.0639831 0.989398 111.859 0.00245059 0.997933 -0.0642122 -7.61911 -0.991462 -0.00594702 -0.130262 78.9819 
-0.141058 0.0616685 0.988079 113.114 0.0045248 0.998088 -0.0616474 -7.71396 -0.989991 -0.00422502 -0.141068 78.8158 
-0.154101 0.0625953 0.98607 114.344 0.00514198 0.998028 -0.0625509 -7.80056 -0.988042 -0.00456876 -0.154119 78.6392 
-0.168044 0.0627252 0.983782 115.56 0.00758106 0.998026 -0.0623385 -7.88728 -0.98575 -0.00301751 -0.168188 78.4437 
-0.182302 0.0604388 0.981383 116.771 0.00848768 0.998168 -0.0598959 -7.9775 -0.983206 -0.00258947 -0.182481 78.2317 
-0.197917 0.0629654 0.978194 117.97 0.0126397 0.998016 -0.061684 -8.06397 -0.980137 0.000155843 -0.19832 78.0035 
-0.212967 0.0661546 0.974817 119.148 0.0129606 0.997809 -0.0648835 -8.15079 -0.976973 -0.00118381 -0.213358 77.7598 
-0.228031 0.0698634 0.971144 120.318 0.0129698 0.997552 -0.0687178 -8.24447 -0.973567 -0.00307421 -0.228379 77.504 
-0.244136 0.0676595 0.967378 121.497 0.00939956 0.997681 -0.0674069 -8.33893 -0.969695 -0.00736349 -0.244205 77.2292 
-0.259814 0.0621039 0.96366 122.677 0.00377736 0.997987 -0.0632979 -8.42801 -0.965651 -0.0128056 -0.259525 76.9337 
-0.275519 0.0582378 0.95953 123.85 -3.27183e-05 0.998163 -0.0605921 -8.5137 -0.961296 -0.0167257 -0.275011 76.6244 
-0.290603 0.0598267 0.954971 125.014 -0.0017363 0.998009 -0.0630513 -8.59797 -0.956842 -0.019981 -0.28992 76.2961 
-0.30489 0.0619258 0.950372 126.178 -0.00190168 0.997842 -0.0656291 -8.68178 -0.952386 -0.0218169 -0.304114 75.9392 
-0.31866 0.0640078 0.945705 127.325 -0.000404289 0.997708 -0.0676638 -8.77426 -0.947869 -0.0219441 -0.317904 75.5687 
-0.33262 0.0640172 0.940886 128.459 0.00202533 0.997739 -0.0671696 -8.86623 -0.943059 -0.0204363 -0.331997 75.1782 
-0.346779 0.0620898 0.935889 129.599 0.00188055 0.99785 -0.0655038 -8.9561 -0.937945 -0.0209554 -0.346151 74.7751 
-0.361285 0.0608625 0.930467 130.726 0.00170731 0.997909 -0.0646111 -9.04613 -0.932454 -0.0217544 -0.360634 74.3573 
-0.375976 0.0623712 0.924528 131.84 0.000301079 0.99774 -0.0671879 -9.13257 -0.926629 -0.0249827 -0.375145 73.9233 
-0.390917 0.0647511 0.918145 132.941 0.00121599 0.997558 -0.0698339 -9.21701 -0.920425 -0.0261828 -0.390041 73.476 
-0.405546 0.0664341 0.911657 134.046 0.00236193 0.997428 -0.0716337 -9.3086 -0.914071 -0.0268975 -0.40466 73.0047 
-0.420138 0.0691306 0.904823 135.133 0.00505463 0.997257 -0.0738458 -9.40261 -0.907446 -0.0264519 -0.419335 72.5145 
-0.434894 0.0725039 0.897558 136.223 0.00482783 0.996927 -0.0781917 -9.50206 -0.900468 -0.0296718 -0.433908 72.0045 
-0.450052 0.0747783 0.889866 137.306 0.00592049 0.996716 -0.0807629 -9.60029 -0.892983 -0.031079 -0.449016 71.4732 
-0.465168 0.0724881 0.88225 138.398 0.00508179 0.996844 -0.0792242 -9.6993 -0.885208 -0.0323691 -0.464068 70.9185 
-0.481301 0.0679693 0.873916 139.483 0.00183404 0.997065 -0.0765373 -9.80369 -0.876553 -0.0352347 -0.480013 70.3524 
-0.497391 0.0680534 0.864853 140.562 0.00160872 0.996989 -0.0775258 -9.90843 -0.867525 -0.0371693 -0.496003 69.7569 
-0.513598 0.0673377 0.855384 141.63 0.000237921 0.996927 -0.0783374 -10.0034 -0.858031 -0.0400304 -0.512036 69.1457 
-0.529384 0.0665536 0.845767 142.684 -0.000118601 0.996912 -0.0785215 -10.1026 -0.848382 -0.0416684 -0.527742 68.5128 
-0.54523 0.0659491 0.835688 143.729 -0.00144087 0.996825 -0.0796055 -10.2106 -0.838285 -0.0446074 -0.543404 67.8646 
-0.560618 0.065316 0.825495 144.765 -0.00187067 0.996782 -0.0801394 -10.3129 -0.828073 -0.0464718 -0.558691 67.1886 
-0.576265 0.0624967 0.81487 145.804 -0.00245928 0.996935 -0.0781994 -10.4188 -0.817259 -0.0470675 -0.574345 66.4937 
-0.591735 0.0588959 0.803978 146.834 -0.00262404 0.997181 -0.0749805 -10.5228 -0.806128 -0.0464783 -0.589913 65.774 
-0.606968 0.0572964 0.792658 147.842 -0.00166682 0.997304 -0.0733653 -10.6247 -0.794725 -0.0458516 -0.605235 65.034 
-0.621931 0.0556442 0.781092 148.844 -0.00251529 0.997325 -0.0730512 -10.7234 -0.783068 -0.0473975 -0.620128 64.2681 
-0.636648 0.0568714 0.769055 149.832 -0.00365684 0.997043 -0.0767584 -10.8271 -0.771146 -0.0516803 -0.634557 63.4707 
-0.65199 0.0562654 0.756137 150.81 -0.00607493 0.996823 -0.0794136 -10.9277 -0.758203 -0.0563703 -0.649577 62.6581 
-0.66829 0.0532229 0.741995 151.8 -0.00766074 0.996892 -0.0784063 -11.0321 -0.743862 -0.0580823 -0.665805 61.8312 
-0.684876 0.0455437 0.727235 152.763 -0.0116856 0.99723 -0.0734573 -11.1356 -0.728566 -0.0588073 -0.682446 60.9709 
-0.701891 0.0430685 0.710981 153.692 -0.0125702 0.997266 -0.0728201 -11.2386 -0.712173 -0.0600489 -0.699431 60.0936 
-0.719596 0.0403037 0.693222 154.613 -0.0146014 0.997215 -0.0731348 -11.336 -0.694239 -0.0627495 -0.717004 59.1892 
-0.737216 0.0362347 0.674685 155.505 -0.0182208 0.997132 -0.0734616 -11.4384 -0.675411 -0.0664504 -0.734441 58.2622 
-0.754125 0.0341654 0.655842 156.367 -0.0180231 0.997193 -0.0726717 -11.5423 -0.656484 -0.0666238 -0.751392 57.3151 
-0.77036 0.0362347 0.636579 157.208 -0.0159659 0.996975 -0.07607 -11.6453 -0.637409 -0.0687648 -0.767451 56.3402 
-0.785571 0.0358698 0.617731 158.021 -0.0124882 0.997196 -0.0737856 -11.7512 -0.618646 -0.0656781 -0.78292 55.337 
-0.800314 0.0368566 0.598447 158.821 -0.00884695 0.997274 -0.0732504 -11.8598 -0.599516 -0.0639178 -0.797807 54.3047 
-0.814921 0.0381955 0.578311 159.588 -0.00704805 0.997099 -0.0757868 -11.9652 -0.579529 -0.0658362 -0.812288 53.26 
-0.828957 0.0395488 0.557912 160.334 -0.00631724 0.996771 -0.0800445 -12.076 -0.559277 -0.0698779 -0.82603 52.2164 
-0.842325 0.0397858 0.537499 161.049 -0.00394476 0.99679 -0.0799647 -12.1858 -0.538955 -0.0694766 -0.839465 51.156 
-0.854193 0.0379288 0.51857 161.737 -0.00266907 0.997003 -0.0773185 -12.2951 -0.519948 -0.067429 -0.851532 50.0667 
-0.865029 0.0394012 0.500173 162.396 -0.000328869 0.996867 -0.0790971 -12.4038 -0.501722 -0.0685858 -0.862305 48.979 
-0.874647 0.0419233 0.482944 163.032 0.00214064 0.996578 -0.082634 -12.512 -0.484755 -0.0712418 -0.871744 47.8741 
-0.884002 0.039739 0.465791 163.666 0.000531825 0.996465 -0.0840042 -12.6292 -0.467483 -0.0740121 -0.880898 46.7515 
-0.892466 0.0368272 0.449608 164.279 -0.000803086 0.996531 -0.0832195 -12.7515 -0.451113 -0.0746316 -0.889341 45.6047 
-0.900137 0.0346344 0.434227 164.902 -0.00190569 0.996511 -0.0834333 -12.8732 -0.435602 -0.0759289 -0.896931 44.4403 
-0.906986 0.0323914 0.419914 165.483 -0.00269637 0.996571 -0.0826978 -12.9977 -0.421152 -0.0761379 -0.903788 43.2535 
-0.913472 0.029703 0.405817 166.045 -0.00395214 0.996637 -0.081843 -13.118 -0.406883 -0.0763651 -0.910283 42.0811 
-0.919255 0.0246159 0.392891 166.581 -0.00666846 0.996926 -0.078063 -13.2353 -0.393605 -0.0743798 -0.916265 40.8852 
-0.92441 0.0212136 0.380808 167.094 -0.00788945 0.997175 -0.0747011 -13.3448 -0.381317 -0.0720588 -0.921631 39.7008 
-0.928982 0.0213037 0.369511 167.597 -0.00560375 0.997418 -0.0715932 -13.4474 -0.370082 -0.0685795 -0.926464 38.5164 
-0.932158 0.025578 0.361147 168.067 -0.00109543 0.997297 -0.0734605 -13.5472 -0.36205 -0.0688724 -0.929611 37.3288 
-0.93455 0.0306384 0.35451 168.536 0.00428362 0.997183 -0.074889 -13.6541 -0.355806 -0.0684689 -0.932048 36.1412 
-0.936355 0.0339496 0.349409 168.992 0.00734008 0.996989 -0.0772002 -13.7613 -0.350978 -0.0697221 -0.933784 34.9375 
-0.938149 0.0312834 0.344816 169.453 0.00532402 0.997095 -0.0759761 -13.8697 -0.346192 -0.0694411 -0.93559 33.7336 
-0.940061 0.0238699 0.34017 169.918 -0.000853984 0.997379 -0.0723468 -13.9754 -0.341005 -0.0683009 -0.937577 32.5308 
-0.941924 0.0178417 0.335352 170.379 -0.00625325 0.997483 -0.0706329 -14.0786 -0.335768 -0.0686278 -0.939441 31.32 
-0.943664 0.0112912 0.330711 170.836 -0.0133236 0.997311 -0.0720685 -14.1793 -0.330636 -0.0724147 -0.940976 30.1176 
-0.945002 0.00886655 0.326945 171.277 -0.0165362 0.997059 -0.0748357 -14.2809 -0.326647 -0.0761263 -0.942076 28.9244 
-0.945819 0.00908369 0.324566 171.718 -0.0168945 0.996878 -0.0771322 -14.3875 -0.324254 -0.0784365 -0.942713 27.7174 
-0.94615 0.00979311 0.32358 172.155 -0.0166438 0.996749 -0.078833 -14.4991 -0.323301 -0.0799734 -0.942911 26.5165 
-0.946037 0.0124083 0.323822 172.585 -0.0145671 0.996628 -0.0807466 -14.608 -0.323732 -0.0811064 -0.942666 25.3024 
-0.945681 0.0130143 0.324834 173.021 -0.0146629 0.996474 -0.082611 -14.7198 -0.324764 -0.0828867 -0.942156 24.0907 
-0.945231 0.0138876 0.326107 173.455 -0.0145339 0.996313 -0.0845558 -14.8343 -0.326079 -0.0846643 -0.941543 22.866 
-0.944616 0.0154316 0.327814 173.893 -0.0128738 0.996382 -0.0840007 -14.9517 -0.327924 -0.0835686 -0.941 21.6604 
-0.943888 0.0143162 0.329956 174.332 -0.0145308 0.996292 -0.0847951 -15.0669 -0.329946 -0.0848316 -0.94018 20.4713 
-0.942621 0.0133844 0.333596 174.775 -0.0158062 0.996287 -0.0846352 -15.1841 -0.33349 -0.0850518 -0.938909 19.2902 
-0.94092 0.011963 0.338418 175.219 -0.0170068 0.996445 -0.0825089 -15.2961 -0.338202 -0.0833896 -0.937372 18.0957 
-0.938808 0.00946913 0.344311 175.68 -0.0191352 0.996644 -0.079584 -15.4145 -0.343909 -0.0813025 -0.935477 16.8887 
-0.936368 0.00690655 0.350952 176.144 -0.0214221 0.996818 -0.0767727 -15.5239 -0.350365 -0.0794056 -0.933241 15.7134 
-0.93379 0.0091203 0.357705 176.61 -0.0194333 0.996907 -0.0761484 -15.6394 -0.357294 -0.078058 -0.930724 14.5628 
-0.93075 0.00897455 0.365545 177.089 -0.020433 0.99686 -0.0765006 -15.7434 -0.365084 -0.0786722 -0.927645 13.4153 
-0.927082 0.0118077 0.374672 177.57 -0.0190914 0.996719 -0.0786509 -15.8483 -0.374371 -0.0800689 -0.923815 12.2758 
-0.922737 0.0129056 0.385213 178.064 -0.0185201 0.9968 -0.0777583 -15.9547 -0.384984 -0.0788847 -0.919546 11.1234 
-0.917854 0.0144051 0.396656 178.578 -0.0185282 0.996697 -0.0790702 -16.0666 -0.396485 -0.0799242 -0.914555 9.97922 
-0.912082 0.0171061 0.409651 179.108 -0.0172271 0.996648 -0.0799736 -16.1768 -0.409646 -0.0799996 -0.90873 8.82106 
-0.906059 0.0194036 0.422706 179.659 -0.0159111 0.996679 -0.0798559 -16.2888 -0.422852 -0.0790799 -0.902742 7.67244 
-0.899951 0.01801 0.435619 180.226 -0.0176398 0.996824 -0.0776544 -16.3968 -0.435635 -0.0775694 -0.896775 6.54636 
-0.892981 0.0211499 0.449597 180.803 -0.0154669 0.996863 -0.0776144 -16.5103 -0.449829 -0.076262 -0.889853 5.39067 
-0.886137 0.0235083 0.462827 181.406 -0.0134691 0.996984 -0.076428 -16.6189 -0.463228 -0.0739595 -0.883148 4.26474 
-0.878749 0.0251555 0.476621 182.014 -0.0111949 0.997249 -0.0732738 -16.7364 -0.477154 -0.0697249 -0.87605 3.16582 
-0.871248 0.026915 0.490105 182.641 -0.0088226 0.997475 -0.0704621 -16.8364 -0.490764 -0.0657139 -0.868811 2.09231 
-0.862977 0.0298376 0.50436 183.267 -0.00559419 0.997629 -0.0685909 -16.9404 -0.505211 -0.0620139 -0.860765 1.02021 
-0.854715 0.0331743 0.518036 183.928 -0.00198922 0.997739 -0.0671758 -17.0359 -0.519094 -0.0584466 -0.852717 0.00234663 
-0.844647 0.0348436 0.534189 184.596 -0.000658633 0.997811 -0.0661259 -17.1354 -0.535324 -0.0562048 -0.842775 -1.02582 
-0.833797 0.0377412 0.550779 185.275 0.00198498 0.997859 -0.0653716 -17.2277 -0.552067 -0.0534133 -0.832087 -2.04498 
-0.822173 0.0400147 0.567829 185.974 0.00396181 0.997904 -0.0645857 -17.3201 -0.569223 -0.050851 -0.820609 -3.06425 
-0.81047 0.041603 0.584301 186.701 0.00490266 0.997922 -0.064253 -17.4133 -0.58576 -0.0492104 -0.808989 -4.05611 
-0.797596 0.0445752 0.601542 187.454 0.0075011 0.997922 -0.0640017 -17.4994 -0.603145 -0.0465353 -0.796273 -5.04064 
-0.783796 0.0456885 0.619335 188.216 0.00913126 0.99803 -0.062069 -17.5864 -0.620951 -0.0429941 -0.782669 -5.99802 
-0.7692 0.0469758 0.637279 188.996 0.0107728 0.998106 -0.0605706 -17.6727 -0.638917 -0.0397256 -0.768249 -6.90827 
-0.752977 0.0494535 0.656186 189.814 0.0119959 0.998038 -0.0614519 -17.7624 -0.657937 -0.0384003 -0.752093 -7.82471 
-0.736086 0.0523313 0.674862 190.642 0.0125015 0.997888 -0.0637443 -17.8437 -0.676772 -0.0384845 -0.735186 -8.70886 
-0.719518 0.0525556 0.692482 191.479 0.0118638 0.997917 -0.0634095 -17.9422 -0.694372 -0.0374088 -0.718643 -9.52698 
-0.700175 0.0529878 0.712002 192.325 0.0113735 0.997943 -0.0630833 -18.0289 -0.713881 -0.0360714 -0.699338 -10.3618 
-0.679767 0.0524037 0.731554 193.195 0.00966212 0.997997 -0.0625119 -18.118 -0.733365 -0.0354251 -0.678912 -11.1719 
-0.659771 0.053011 0.749595 194.091 0.00781073 0.997939 -0.0636991 -18.2004 -0.751426 -0.0361719 -0.658825 -11.9381 
-0.638882 0.0527635 0.767493 195.005 0.00538234 0.997927 -0.0641251 -18.2851 -0.769286 -0.0368374 -0.637842 -12.6871 
-0.617895 0.0529118 0.784478 195.938 0.00418455 0.99794 -0.0640136 -18.3692 -0.786249 -0.036271 -0.616844 -13.4061 
-0.595324 0.0530237 0.801734 196.888 0.00359984 0.997986 -0.0633301 -18.4486 -0.803478 -0.0348158 -0.594316 -14.1023 
-0.571633 0.0536182 0.818755 197.851 0.00289409 0.997988 -0.0633351 -18.5314 -0.820504 -0.0338349 -0.570638 -14.7636 
-0.546418 0.0568268 0.835582 198.836 0.00451007 0.997881 -0.0649152 -18.6142 -0.8375 -0.0317023 -0.545516 -15.4028 
-0.519963 0.0574202 0.852257 199.836 0.00398694 0.99789 -0.0647998 -18.6974 -0.85418 -0.0302956 -0.519095 -16.0023 
-0.493023 0.0560238 0.86821 200.857 0.00325316 0.998036 -0.0625539 -18.7893 -0.87001 -0.0280161 -0.492237 -16.5647 
-0.464773 0.0540828 0.883776 201.891 0.00212069 0.998198 -0.0599697 -18.8742 -0.885427 -0.0259981 -0.464051 -17.1087 
-0.435546 0.0555663 0.89845 202.954 0.00152935 0.998137 -0.0609903 -18.9474 -0.900165 -0.02519 -0.434819 -17.6068 
-0.404563 0.0583449 0.912647 204.011 0.00105412 0.997992 -0.0633338 -19.0215 -0.914509 -0.0246605 -0.403812 -18.0733 
-0.373161 0.0603248 0.925803 205.101 0.00249699 0.997945 -0.0640192 -19.0948 -0.927763 -0.0215777 -0.372545 -18.4922 
-0.340887 0.0613467 0.9381 206.178 0.0025683 0.997926 -0.0643257 -19.1671 -0.940101 -0.0195185 -0.340338 -18.8973 
-0.308143 0.0613191 0.949362 207.282 0.00136945 0.997948 -0.0640129 -19.2457 -0.951339 -0.018425 -0.307595 -19.2471 
-0.274189 0.0609594 0.959742 208.395 0.00109902 0.998008 -0.0630761 -19.318 -0.961675 -0.01624 -0.27371 -19.565 
-0.239922 0.0590976 0.968992 209.513 0.000549851 0.998153 -0.0607401 -19.4003 -0.970792 -0.0140401 -0.239512 -19.8387 
-0.205572 0.0580998 0.976916 210.637 0.00106818 0.998249 -0.0591438 -19.4773 -0.978641 -0.0111148 -0.205274 -20.0676 
-0.170275 0.0577078 0.983705 211.781 0.00123505 0.998295 -0.05835 -19.5591 -0.985396 -0.00872059 -0.170056 -20.2672 
-0.135022 0.0570794 0.989197 212.925 0.00172942 0.998351 -0.0573716 -19.6398 -0.990841 -0.00603566 -0.134898 -20.4188 
-0.0996095 0.0568564 0.993401 214.058 0.0018405 0.998375 -0.0569566 -19.7206 -0.995025 -0.00384506 -0.0995522 -20.5293 
-0.0648958 0.0569341 0.996266 215.166 0.00101656 0.998374 -0.0569884 -19.8034 -0.997891 -0.00268554 -0.0648481 -20.589 
-0.0311229 0.0569038 0.997894 216.29 -0.000524865 0.998377 -0.0569477 -19.8713 -0.999515 -0.00229613 -0.0310425 -20.6062 
0.00278266 0.0558002 0.998438 217.456 -0.00155157 0.998441 -0.0557962 -19.9522 -0.999995 -0.00139388 0.0028649 -20.6022 
0.0355001 0.0566949 0.99776 218.598 -0.00332472 0.998391 -0.0566125 -20.0218 -0.999364 -0.00130752 0.0356314 -20.5499 
0.0679191 0.0564307 0.996094 219.74 -0.00260346 0.998406 -0.0563842 -20.0965 -0.997687 0.00123628 0.0679577 -20.46 
0.099796 0.0543388 0.993523 220.887 -0.00220933 0.998517 -0.0543902 -20.1726 -0.995005 0.0032329 0.0997681 -20.3398 
0.130855 0.0532662 0.98997 222.03 -0.00106422 0.998562 -0.053588 -20.2446 -0.991401 0.00595869 0.130723 -20.1869 
0.161074 0.053305 0.985502 223.164 9.45936e-05 0.998539 -0.0540258 -20.3166 -0.986942 0.00879538 0.160834 -19.9985 
0.191179 0.0529769 0.980124 224.309 0.00209421 0.998518 -0.0543797 -20.3876 -0.981553 0.0124489 0.190785 -19.7689 
0.221299 0.0529413 0.973768 225.457 0.00344611 0.998477 -0.0550679 -20.4513 -0.9752 0.0155422 0.220779 -19.5051 
0.25128 0.0514651 0.966545 226.6 0.00544473 0.998494 -0.0545819 -20.5245 -0.967899 0.0189779 0.250622 -19.2059 
0.281388 0.0499736 0.958292 227.733 0.00766393 0.998494 -0.0543205 -20.5964 -0.959563 0.0226294 0.280581 -18.8721 
0.311059 0.0491954 0.949116 228.855 0.010463 0.998422 -0.0551802 -20.6699 -0.950333 0.0270949 0.310053 -18.5068 
0.340045 0.0479928 0.939184 229.967 0.0116932 0.998404 -0.0552528 -20.747 -0.940336 0.0297705 0.338941 -18.1049 
0.367607 0.0462532 0.92883 231.008 0.0122085 0.998436 -0.0545513 -20.8183 -0.929901 0.031393 0.366468 -17.6801 
0.395626 0.0452823 0.917295 232.081 0.0121458 0.998438 -0.0545265 -20.8952 -0.918331 0.0327133 0.394458 -17.2063 
0.424111 0.0460097 0.904441 233.151 0.0136387 0.998271 -0.0571785 -20.9733 -0.905508 0.0365854 0.42275 -16.7064 
0.452325 0.0472957 0.890598 234.198 0.0148716 0.998054 -0.0605554 -21.047 -0.891729 0.0406354 0.450742 -16.1715 
0.479796 0.0454516 0.876202 235.248 0.0160902 0.998033 -0.0605823 -21.1297 -0.877233 0.0431653 0.478121 -15.5996 
0.506758 0.042568 0.861037 236.254 0.0173111 0.998076 -0.0595313 -21.2091 -0.861915 0.0450734 0.505046 -15.0155 
0.532011 0.0406266 0.845762 237.253 0.0164217 0.998165 -0.0582772 -21.2927 -0.846578 0.0448929 0.530367 -14.3826 
0.555153 0.0407668 0.830748 238.242 0.0148612 0.998152 -0.058913 -21.3741 -0.831615 0.0450516 0.553522 -13.7106 
0.5762 0.0407039 0.816294 239.218 0.0136217 0.998142 -0.0593869 -21.4527 -0.817195 0.045338 0.574575 -13.0124 
0.595663 0.0396544 0.802255 240.182 0.0126635 0.998193 -0.058742 -21.5275 -0.803134 0.0451497 0.594085 -12.2775 
0.613938 0.0369459 0.788489 241.129 0.0127057 0.998312 -0.0566706 -21.6092 -0.789252 0.0448106 0.612433 -11.5195 
0.631365 0.0336918 0.774754 242.082 0.0140149 0.998397 -0.0548386 -21.6865 -0.775359 0.0454812 0.62988 -10.74 
0.647479 0.0314991 0.761432 243 0.014568 0.998451 -0.0536922 -21.7604 -0.761944 0.0458571 0.646018 -9.94539 
0.663162 0.0296816 0.747887 243.914 0.015949 0.998426 -0.0537671 -21.8334 -0.748306 0.0475843 0.661645 -9.12562 
0.678214 0.0290586 0.734289 244.794 0.0156904 0.998417 -0.0540035 -21.9116 -0.734697 0.0481473 0.676685 -8.28739 
0.693128 0.0281787 0.720264 245.675 0.015941 0.998392 -0.0544003 -21.9802 -0.720638 0.049188 0.691564 -7.42247 
0.707781 0.0258112 0.70596 246.542 0.0156297 0.998515 -0.0521778 -22.051 -0.706259 0.0479643 0.706327 -6.54147 
0.72206 0.0234361 0.691433 247.386 0.0157087 0.998613 -0.0502527 -22.1232 -0.691652 0.047147 0.720691 -5.63494 
0.736069 0.0219039 0.676552 248.218 0.0160185 0.998633 -0.0497594 -22.1914 -0.676717 0.0474636 0.734712 -4.71666 
0.749481 0.0217465 0.661669 249.019 0.0167205 0.99852 -0.0517572 -22.2593 -0.661815 0.0498544 0.748008 -3.78571 
0.761966 0.0205777 0.64729 249.813 0.0174389 0.998481 -0.0522708 -22.3343 -0.647382 0.0511165 0.760449 -2.83407 
0.773532 0.0199582 0.633443 250.592 0.016804 0.998507 -0.0519808 -22.4043 -0.633534 0.0508531 0.772042 -1.85166 
0.784701 0.0174198 0.619629 251.369 0.017281 0.998602 -0.0499589 -22.4757 -0.619633 0.0499106 0.783303 -0.853873 
0.795522 0.0147659 0.605745 252.127 0.0188398 0.998617 -0.0490852 -22.5461 -0.605632 0.0504604 0.794143 0.153656 
0.805508 0.0145334 0.592407 252.864 0.0185212 0.998593 -0.0496822 -22.6152 -0.592296 0.0509914 0.804105 1.1789 
0.814323 0.0118813 0.58029 253.571 0.0223895 0.998403 -0.0518615 -22.6866 -0.57998 0.0552244 0.812757 2.20923 
0.822841 0.00942205 0.568193 254.29 0.023787 0.998415 -0.051004 -22.7559 -0.567773 0.0554837 0.821313 3.26399 
0.83049 0.00636204 0.556996 254.996 0.0263141 0.99837 -0.0506383 -22.8293 -0.556411 0.0567114 0.82897 4.33693 
0.837473 0.00477862 0.546457 255.696 0.0275619 0.99832 -0.0509701 -22.9011 -0.545783 0.0577475 0.835934 5.43198 
0.842914 0.00383138 0.538034 256.379 0.027726 0.998337 -0.0505465 -22.9735 -0.537333 0.0575239 0.841406 6.52564 
0.847052 0.00240881 0.531504 257.069 0.0276959 0.998431 -0.0486638 -23.047 -0.530788 0.0559412 0.845656 7.64058 
0.850022 0.00141432 0.526745 257.747 0.0277308 0.998489 -0.0474311 -23.1182 -0.526017 0.0549245 0.848699 8.75446 
0.852617 -0.000124079 0.522536 258.423 0.028964 0.998474 -0.0470234 -23.1898 -0.521733 0.0552276 0.851319 9.88468 
0.855182 -0.00115793 0.518326 259.12 0.0295454 0.99848 -0.0465162 -23.2611 -0.517485 0.0550939 0.853917 11.0427 
0.857448 -0.00338338 0.51456 259.799 0.0306002 0.998544 -0.0444258 -23.3334 -0.51366 0.0538384 0.856303 12.1908 
0.859622 -0.00506531 0.510905 260.473 0.0320378 0.998517 -0.0440056 -23.3972 -0.509925 0.0541964 0.85851 13.3406 
0.86196 -0.00670776 0.506932 261.156 0.0337785 0.99845 -0.0442238 -23.4726 -0.505849 0.0552424 0.860851 14.5053 
0.864214 -0.00827361 0.503056 261.807 0.0350021 0.998431 -0.0437103 -23.5417 -0.501905 0.055383 0.863148 15.6511 
0.866503 -0.00839215 0.499101 262.465 0.0346519 0.998458 -0.0433718 -23.612 -0.497967 0.0548766 0.865458 16.8111 
0.868645 -0.00882964 0.495357 263.129 0.034655 0.998475 -0.0429727 -23.685 -0.494222 0.0544945 0.867626 17.9891 
0.870642 -0.00855828 0.491842 263.776 0.0339985 0.998505 -0.0428088 -23.7539 -0.49074 0.0539931 0.869631 19.1606 
