1 2.12261e-08 -2.11895e-08 0 2.12261e-08 1 2.10703e-08 0 -2.11895e-08 2.10703e-08 1 0 
1 -0.00043632 0.000314588 -0.0363596 0.000435894 0.999999 0.00148966 -0.0160268 -0.00031528 -0.00148948 0.999999 1.35681 
0.999999 -0.00137942 -6.9216e-05 -0.0550569 0.00137957 0.999998 0.00152235 -0.0339102 6.70735e-05 -0.0015224 0.999999 2.73373 
0.999996 -0.00288193 -3.97391e-05 -0.0773001 0.00288199 0.999996 0.000349947 -0.0501832 3.86881e-05 -0.000350018 1 4.07229 
0.999995 -0.00326132 0.000257598 -0.102255 0.00326123 0.999995 0.000482639 -0.0714621 -0.000259213 -0.000481754 1 5.41207 
0.999993 -0.0037531 0.000642587 -0.128413 0.00375228 0.999992 0.00133773 -0.0904371 -0.000647645 -0.00133527 0.999999 6.76075 
0.999985 -0.00536345 0.00109583 -0.14824 0.00536065 0.999982 0.00257637 -0.110717 -0.00110967 -0.00257042 0.999996 8.10895 
0.999987 -0.00509976 0.00092953 -0.171183 0.00509695 0.999982 0.00304479 -0.127944 -0.000945084 -0.00303997 0.999995 9.46183 
0.999991 -0.00418832 0.000577781 -0.197836 0.00418766 0.999991 0.00122362 -0.14758 -0.000582943 -0.00122115 0.999999 10.8507 
0.999998 -0.00137968 0.0011327 -0.235188 0.00138087 0.999999 -0.00101097 -0.167766 -0.00113134 0.00101258 0.999999 12.1904 
0.999996 0.00240084 0.00166 -0.268238 -0.00239715 0.999995 -0.002194 -0.186763 -0.0016653 0.00219006 0.999996 13.5439 
0.999987 0.00474271 0.00180193 -0.295104 -0.00473844 0.999986 -0.00234297 -0.20992 -0.00181306 0.00233444 0.999996 14.9026 
0.999981 0.00571035 0.00214186 -0.320364 -0.00570734 0.999983 -0.00138694 -0.235725 -0.00214979 0.00137473 0.999997 16.2595 
0.999991 0.00313145 0.00297596 -0.344292 -0.00313586 0.999994 0.0014936 -0.257793 -0.0029713 -0.00150288 0.999994 17.6148 
0.999995 -0.00102115 0.00302773 -0.359586 0.00101139 0.999994 0.00323698 -0.278205 -0.00303106 -0.00323386 0.99999 18.9737 
0.999991 -0.00319904 0.00296901 -0.377846 0.00319605 0.999994 0.00102704 -0.29896 -0.00297232 -0.0010175 0.999995 20.3365 
0.999986 -0.00430748 0.00308011 -0.402794 0.00431079 0.99999 -0.00105553 -0.316099 -0.00307557 0.00106883 0.999995 21.6973 
0.999991 -0.00184188 0.00390271 -0.430304 0.00185216 0.999995 -0.00262304 -0.339376 -0.0038979 0.00263029 0.999989 23.0616 
0.999988 0.000846846 0.00477756 -0.454641 -0.000843729 0.999999 -0.000645477 -0.359816 -0.00477815 0.00064148 0.999988 24.4324 
0.999985 0.00132075 0.00534735 -0.479848 -0.00133616 0.999995 0.00288618 -0.380674 -0.00534355 -0.00289324 0.999982 25.7937 
0.999982 -0.000850561 0.00602846 -0.496018 0.000822521 0.999989 0.00465932 -0.393062 -0.00603239 -0.00465423 0.999971 27.169 
0.999973 -0.00480162 0.00557298 -0.504952 0.00478523 0.999984 0.00295784 -0.411417 -0.00558713 -0.00293105 0.99998 28.5452 
0.99997 -0.00544738 0.00546452 -0.517933 0.00544301 0.999985 0.000821349 -0.436483 -0.00546895 -0.000791539 0.999985 29.9294 
0.999965 -0.00552034 0.00633507 -0.532095 0.00553061 0.999983 -0.00159807 -0.458545 -0.00632619 0.0016331 0.999979 31.313 
0.999973 -0.00189213 0.00707611 -0.554512 0.00191078 0.999995 -0.00262467 -0.481981 -0.00707115 0.00263816 0.999972 32.6874 
0.999972 -0.00096208 0.00744317 -0.573657 0.000996271 0.999989 -0.00458553 -0.51029 -0.00743872 0.00459286 0.999962 34.0799 
0.999971 -0.000171157 0.00766319 -0.594197 0.000200698 0.999993 -0.00384883 -0.540547 -0.00766252 0.0038503 0.999963 35.4874 
0.999969 0.000139196 0.0078209 -0.617099 -0.00011701 0.999996 -0.00283165 -0.56506 -0.0078213 0.00283069 0.999965 36.8772 
0.999969 0.00139899 0.00771888 -0.639932 -0.00138899 0.999998 -0.00129443 -0.590735 -0.00772072 0.00128371 0.999969 38.2725 
0.999959 0.00426259 0.00801578 -0.666582 -0.00425643 0.999991 -0.000779798 -0.620175 -0.00801907 0.000745689 0.999968 39.6828 
0.999941 0.00664275 0.008605 -0.690854 -0.00663207 0.999977 -0.00126449 -0.642619 -0.00861325 0.00120739 0.999962 41.0962 
0.99992 0.00906987 0.00879784 -0.714645 -0.00906219 0.999959 -0.000907482 -0.667169 -0.00880575 0.000827724 0.999961 42.5217 
0.999914 0.00973916 0.00875185 -0.736139 -0.00973244 0.999952 -0.000805112 -0.689434 -0.00875932 0.000719907 0.999961 43.9477 
0.999922 0.00894981 0.00871463 -0.76211 -0.00894196 0.99996 -0.000933958 -0.712243 -0.00872268 0.000856001 0.999962 45.3849 
0.999931 0.00840195 0.00825297 -0.780074 -0.00839032 0.999964 -0.00143765 -0.733017 -0.00826479 0.00136835 0.999965 46.8192 
0.999939 0.00789697 0.00775978 -0.800039 -0.00788665 0.999968 -0.00135378 -0.755635 -0.00777026 0.00129254 0.999969 48.2358 
0.999941 0.00827978 0.00709079 -0.826972 -0.00827778 0.999966 -0.000305228 -0.773641 -0.00709311 0.000246555 0.999975 49.6485 
0.999945 0.00859797 0.0060869 -0.847123 -0.00859451 0.999963 -0.000587444 -0.798872 -0.00609177 0.000535139 0.999981 51.0748 
0.999943 0.00941071 0.00513828 -0.869136 -0.00940959 0.999956 -0.000234489 -0.820036 -0.0051403 0.000186168 0.999987 52.5099 
0.999947 0.00943649 0.00419168 -0.890432 -0.0094391 0.999955 0.000614846 -0.841309 -0.00418573 -0.000654337 0.999991 53.9556 
0.999965 0.00756996 0.00358413 -0.908969 -0.00757561 0.99997 0.00157927 -0.863063 -0.00357211 -0.00160633 0.999992 55.3972 
0.999975 0.00631072 0.00326296 -0.926772 -0.00631685 0.999978 0.00188683 -0.890773 -0.00325102 -0.00190736 0.999993 56.8519 
0.999988 0.00392279 0.0028719 -0.94578 -0.00392625 0.999992 0.0012164 -0.91032 -0.00286714 -0.00122762 0.999995 58.2807 
0.999992 0.00281777 0.00286324 -0.965807 -0.00282224 0.999995 0.00157607 -0.933443 -0.00285883 -0.00158409 0.999995 59.7158 
0.999993 0.0012575 0.00342369 -0.988232 -0.00126557 0.999996 0.00236852 -0.955942 -0.00342074 -0.00237279 0.999991 61.1723 
0.999992 0.000579515 0.00401232 -1.00769 -0.000591126 0.999996 0.00290394 -0.97673 -0.00401066 -0.00290624 0.999988 62.6072 
0.999989 -0.000988817 0.00468404 -1.02416 0.000977221 0.999996 0.00248629 -1.00201 -0.00468652 -0.00248164 0.999986 64.0237 
0.999984 -0.0025329 0.00503577 -1.03913 0.00252467 0.999995 0.0016483 -1.02299 -0.00503997 -0.00163552 0.999986 65.4614 
0.999982 -0.00160494 0.00573593 -1.05501 0.0015982 0.999998 0.00118662 -1.04745 -0.00573787 -0.00117739 0.999983 66.8902 
0.999979 -0.000286283 0.00642196 -1.06892 0.000280609 1 0.000891038 -1.07235 -0.00642225 -0.000889176 0.999979 68.3242 
0.999968 0.00349229 0.00720174 -1.09948 -0.00350681 0.999992 0.00200967 -1.09644 -0.0071947 -0.00203482 0.999972 69.7409 
0.99994 0.0071005 0.00835824 -1.12264 -0.00712759 0.999969 0.00322096 -1.11707 -0.00833516 -0.0032803 0.99996 71.1583 
0.99989 0.0114669 0.00937864 -1.15249 -0.0114975 0.999929 0.00322781 -1.12699 -0.009341 -0.00333524 0.999951 72.5753 
0.999829 0.0153823 0.0102274 -1.1807 -0.0154127 0.999877 0.00290212 -1.14466 -0.0101816 -0.00305921 0.999944 73.9921 
0.999759 0.0189198 0.0111638 -1.20731 -0.0189455 0.999818 0.0021974 -1.16873 -0.0111202 -0.00240833 0.999935 75.3926 
0.999728 0.020148 0.0117896 -1.22026 -0.0201737 0.999794 0.00207588 -1.18623 -0.0117454 -0.00231311 0.999928 76.8363 
0.99971 0.0208 0.0121472 -1.22061 -0.0208296 0.99978 0.00232257 -1.2099 -0.0120963 -0.00257487 0.999924 78.2619 
0.999723 0.0201328 0.0122294 -1.23053 -0.0201559 0.999795 0.00176773 -1.22489 -0.0121913 -0.00201369 0.999924 79.7004 
0.999749 0.0186966 0.0123215 -1.24545 -0.0187113 0.999824 0.00108621 -1.25082 -0.0122991 -0.00131644 0.999924 81.0909 
0.999754 0.018599 0.012059 -1.25877 -0.0186115 0.999826 0.000927972 -1.27728 -0.0120397 -0.00115214 0.999927 82.5067 
0.999764 0.0182001 0.0118336 -1.27504 -0.018215 0.999833 0.00115292 -1.30022 -0.0118107 -0.00136816 0.999929 83.9288 
0.99977 0.0180948 0.0115251 -1.29151 -0.0181008 0.999836 0.000419508 -1.31476 -0.0115157 -0.000627984 0.999934 85.3326 
0.999777 0.0179897 0.0110827 -1.31893 -0.0179987 0.999838 0.000718128 -1.33327 -0.011068 -0.000917401 0.999938 86.7282 
0.999804 0.0170187 0.0101024 -1.33426 -0.0170342 0.999854 0.00145648 -1.34549 -0.0100762 -0.00162824 0.999948 88.1391 
0.999847 0.0147464 0.00938676 -1.35071 -0.0147707 0.999888 0.00252454 -1.36871 -0.00934852 -0.00266276 0.999953 89.5324 
0.999884 0.012735 0.00838152 -1.37506 -0.0127598 0.999914 0.00292403 -1.39244 -0.00834361 -0.0030306 0.999961 90.9308 
0.99991 0.0108888 0.00781162 -1.38963 -0.0109129 0.999936 0.0030497 -1.41781 -0.00777795 -0.00313463 0.999965 92.3274 
0.999931 0.00923779 0.00732436 -1.40344 -0.00925649 0.999954 0.00253009 -1.43421 -0.0073007 -0.00259767 0.99997 93.7281 
0.999939 0.00825115 0.00739025 -1.42504 -0.00826745 0.999963 0.00218397 -1.45973 -0.007372 -0.0022449 0.99997 95.0841 
0.999929 0.00926497 0.00745787 -1.44662 -0.00927534 0.999956 0.00136201 -1.4782 -0.00744496 -0.00143104 0.999971 96.4436 
0.999934 0.00863235 0.00761433 -1.46496 -0.00863903 0.999962 0.000849556 -1.49942 -0.00760675 -0.000915238 0.999971 97.8038 
0.999922 0.00966723 0.007869 -1.48301 -0.00966822 0.999953 9.30634e-05 -1.52394 -0.00786778 -0.000169094 0.999969 99.1743 
0.999901 0.0112307 0.00843773 -1.50399 -0.0112334 0.999937 0.000271631 -1.54855 -0.00843419 -0.000366346 0.999964 100.525 
0.999887 0.0120113 0.00899638 -1.52628 -0.0120275 0.999926 0.00175508 -1.57376 -0.00897468 -0.00186304 0.999958 101.88 
0.999874 0.0127913 0.00938633 -1.5516 -0.0128202 0.999913 0.00303424 -1.59485 -0.00934675 -0.00315415 0.999951 103.248 
0.999874 0.0122801 0.010072 -1.58088 -0.0122954 0.999923 0.0014624 -1.61303 -0.0100534 -0.00158602 0.999948 104.606 
0.999871 0.0122813 0.0103527 -1.59941 -0.012273 0.999924 -0.00085967 -1.63797 -0.0103625 0.000732542 0.999946 105.954 
0.999879 0.0115789 0.0103732 -1.61521 -0.0115575 0.999931 -0.00211276 -1.66722 -0.010397 0.00199265 0.999944 107.316 
0.999901 0.00916057 0.0106831 -1.63059 -0.00915159 0.999958 -0.000885883 -1.68935 -0.0106908 0.00078807 0.999943 108.665 
0.999913 0.00664766 0.0114159 -1.63934 -0.00666131 0.999977 0.00116147 -1.71503 -0.011408 -0.00123737 0.999934 110.023 
0.999909 0.00509669 0.0124684 -1.64849 -0.00511712 0.999986 0.00161059 -1.73419 -0.01246 -0.0016742 0.999921 111.366 
0.999901 0.00455544 0.0133388 -1.65502 -0.00455729 0.99999 0.00011152 -1.75615 -0.0133382 -0.000172256 0.999911 112.704 
0.999883 0.00597994 0.0141171 -1.6665 -0.00595318 0.99998 -0.00193384 -1.78926 -0.0141284 0.00184961 0.999899 114.049 
0.999847 0.00820938 0.0154467 -1.67549 -0.00814585 0.999958 -0.00416846 -1.81447 -0.0154803 0.00404204 0.999872 115.401 
0.99979 0.0114196 0.01702 -1.69153 -0.0113525 0.999927 -0.00403139 -1.84463 -0.0170649 0.00383736 0.999847 116.752 
0.999747 0.0127015 0.018581 -1.69076 -0.0126617 0.999917 -0.00225526 -1.8679 -0.0186081 0.00201946 0.999825 118.117 
0.999727 0.0127399 0.0196023 -1.68884 -0.0127417 0.999919 -3.40051e-05 -1.8942 -0.0196012 -0.000215729 0.999808 119.462 
0.999719 0.0118908 0.020519 -1.6908 -0.0119086 0.999929 0.000749059 -1.92895 -0.0205087 -0.000993159 0.999789 120.818 
0.999686 0.0125368 0.0216831 -1.68645 -0.0125416 0.999921 8.94125e-05 -1.95036 -0.0216804 -0.000361285 0.999765 122.166 
0.999628 0.0147898 0.0229184 -1.6881 -0.0147793 0.999891 -0.000623966 -1.97178 -0.0229252 0.000285057 0.999737 123.518 
0.999564 0.0169761 0.024154 -1.6786 -0.0169538 0.999856 -0.00112769 -1.99279 -0.0241697 0.000717734 0.999708 124.89 
0.99952 0.0175731 0.0255339 -1.68206 -0.0175244 0.999844 -0.00212731 -2.01334 -0.0255673 0.00167886 0.999672 126.247 
0.99947 0.0188813 0.0265087 -1.67739 -0.0188024 0.999818 -0.00322011 -2.03284 -0.0265647 0.00272002 0.999643 127.606 
0.999459 0.017747 0.0276945 -1.66931 -0.0176586 0.999838 -0.00343007 -2.05525 -0.0277509 0.00293921 0.999611 128.979 
0.999436 0.0173035 0.028798 -1.65906 -0.0172415 0.999849 -0.00239805 -2.08429 -0.0288352 0.00190022 0.999582 130.346 
0.999419 0.0162838 0.0299513 -1.65292 -0.0162435 0.999867 -0.0015877 -2.10717 -0.0299732 0.00110031 0.99955 131.718 
0.999414 0.0154707 0.030545 -1.63991 -0.0154425 0.99988 -0.00115595 -2.12971 -0.0305593 0.000683618 0.999533 133.087 
0.999443 0.0130916 0.0306861 -1.62561 -0.0130682 0.999914 -0.000961722 -2.1554 -0.0306961 0.000560217 0.999529 134.448 
0.999459 0.0117024 0.0307396 -1.61476 -0.0116918 0.999932 -0.000523421 -2.17437 -0.0307437 0.000163779 0.999527 135.801 
0.999493 0.00995335 0.030233 -1.59699 -0.00993659 0.99995 -0.000703289 -2.19975 -0.0302386 0.000402561 0.999543 137.158 
0.999532 0.00862997 0.0293596 -1.58524 -0.00860781 0.999963 -0.000879649 -2.22243 -0.0293661 0.000626557 0.999569 138.519 
0.999568 0.00717912 0.0285063 -1.5794 -0.00718712 0.999974 0.000179822 -2.24771 -0.0285043 -0.000384581 0.999594 139.874 
0.999602 0.00598927 0.0275823 -1.5709 -0.00599457 0.999982 0.000110788 -2.26542 -0.0275812 -0.000276046 0.99962 141.224 
0.99963 0.00583212 0.0265739 -1.5629 -0.00583839 0.999983 0.000160171 -2.28855 -0.0265726 -0.000315219 0.999647 142.589 
0.999653 0.00594127 0.025668 -1.56009 -0.00593024 0.999982 -0.000503986 -2.30775 -0.0256706 0.000351635 0.99967 143.934 
0.999684 0.00585133 0.0244649 -1.54807 -0.00582869 0.999983 -0.000994627 -2.32873 -0.0244704 0.000851755 0.9997 145.3 
0.999714 0.00365023 0.0236362 -1.5394 -0.00357768 0.999989 -0.00310925 -2.35954 -0.0236473 0.00302384 0.999716 146.649 
0.999743 -0.00187978 0.0225787 -1.52658 0.00195562 0.999993 -0.00333524 -2.38794 -0.0225723 0.00337858 0.99974 148.011 
0.999717 -0.00968425 0.0217247 -1.51223 0.00970594 0.999953 -0.000891286 -2.41171 -0.0217151 0.00110193 0.999764 149.359 
0.999667 -0.0161285 0.0201314 -1.49849 0.0161213 0.99987 0.00052267 -2.43183 -0.0201372 -0.00019791 0.999797 150.709 
0.999633 -0.0190841 0.019223 -1.48678 0.0191446 0.999812 -0.00296933 -2.45346 -0.0191628 0.0033363 0.999811 152.069 
0.999638 -0.0184456 0.0195827 -1.48308 0.0185723 0.999808 -0.00630294 -2.47859 -0.0194627 0.00666439 0.999788 153.427 
0.99967 -0.0153785 0.020558 -1.48232 0.0155521 0.999845 -0.00831011 -2.51477 -0.0204271 0.00862714 0.999754 154.783 
0.999653 -0.0153296 0.0214263 -1.48046 0.015512 0.999845 -0.00836997 -2.54769 -0.0212947 0.00869948 0.999735 156.134 
0.999576 -0.0189025 0.0221712 -1.47335 0.0190126 0.999808 -0.00476429 -2.57928 -0.0220769 0.00518384 0.999743 157.502 
0.99945 -0.0242385 0.0226166 -1.45296 0.0242864 0.999703 -0.00184534 -2.61148 -0.0225652 0.00239364 0.999743 158.865 
0.999327 -0.0285586 0.0230163 -1.4429 0.0285707 0.999592 -0.000194724 -2.6437 -0.0230014 0.000852225 0.999735 160.217 
0.999274 -0.0303447 0.0230561 -1.43051 0.0303547 0.999539 -8.21826e-05 -2.6715 -0.0230431 0.000782026 0.999734 161.57 
0.999282 -0.0285894 0.0248772 -1.43263 0.028581 0.999591 0.000692989 -2.69829 -0.0248869 1.85657e-05 0.99969 162.919 
0.999356 -0.0243483 0.0263533 -1.42546 0.0243698 0.999703 -0.000495622 -2.71967 -0.0263335 0.00113757 0.999653 164.284 
0.999413 -0.0207364 0.0272776 -1.41471 0.0208159 0.99978 -0.00262884 -2.74759 -0.0272171 0.00319515 0.999624 165.645 
0.99945 -0.0177268 0.0280444 -1.40239 0.017823 0.999836 -0.00318056 -2.77427 -0.0279835 0.00367869 0.999602 167.008 
0.999468 -0.0156109 0.0286387 -1.38932 0.0156757 0.999875 -0.0020374 -2.80091 -0.0286034 0.00248529 0.999588 168.379 
0.999504 -0.0137316 0.0283562 -1.36881 0.0138117 0.999901 -0.00262885 -2.82536 -0.0283174 0.00301924 0.999594 169.754 
0.999542 -0.0115616 0.0279844 -1.35426 0.0117068 0.999919 -0.00502888 -2.85491 -0.027924 0.00535422 0.999596 171.124 
0.999587 -0.00775247 0.0276684 -1.3525 0.00797392 0.999937 -0.00790074 -2.88478 -0.0276054 0.00811814 0.999586 172.515 
0.999611 -0.00249892 0.0277924 -1.34998 0.00275756 0.999953 -0.00927003 -2.91886 -0.027768 0.0093431 0.999571 173.891 
0.999598 0.00251153 0.0282319 -1.34607 -0.0022862 0.999965 -0.00800916 -2.95649 -0.0282511 0.00794144 0.999569 175.28 
0.999571 0.00501072 0.028872 -1.34078 -0.00483095 0.999969 -0.0062915 -2.98465 -0.0289026 0.00614936 0.999563 176.691 
0.999565 0.00607094 0.0288689 -1.32492 -0.00595114 0.999973 -0.00423236 -3.01006 -0.0288938 0.00405875 0.999574 178.104 
0.999601 0.00319963 0.0280626 -1.30287 -0.00310148 0.999989 -0.00353885 -3.03339 -0.0280736 0.00345045 0.9996 179.504 
0.999659 0.00121523 0.0261024 -1.28498 -0.00112603 0.999994 -0.00343012 -3.06035 -0.0261065 0.00339959 0.999653 180.886 
0.999704 0.00102117 0.0243262 -1.27859 -0.00083763 0.999971 -0.00755232 -3.09365 -0.0243332 0.00752975 0.999676 182.268 
0.99973 0.00324767 0.0230153 -1.27483 -0.0029729 0.999924 -0.0119608 -3.12571 -0.0230524 0.0118892 0.999664 183.658 
0.999717 0.00777068 0.0224885 -1.27589 -0.00748977 0.999893 -0.0125468 -3.16681 -0.0225837 0.0123748 0.999668 185.036 
0.999697 0.0105059 0.022253 -1.27567 -0.0102486 0.99988 -0.011643 -3.19976 -0.0223727 0.0114114 0.999685 186.509 
0.999672 0.0118505 0.0226954 -1.2956 -0.0116698 0.999899 -0.00807601 -3.23508 -0.0227888 0.00780855 0.99971 187.965 
0.999655 0.0125393 0.0230835 -1.30109 -0.0123989 0.999904 -0.00621395 -3.26595 -0.0231592 0.00592564 0.999714 189.406 
0.999665 0.0117553 0.0230687 -1.28849 -0.0116388 0.999919 -0.00517699 -3.29539 -0.0231278 0.00490681 0.999721 190.864 
0.999678 0.0102339 0.0232181 -1.27706 -0.0101262 0.999938 -0.00474609 -3.31882 -0.0232652 0.00450949 0.999719 192.307 
0.999705 0.00713724 0.0232237 -1.26005 -0.0070427 0.999967 -0.00414828 -3.3473 -0.0232526 0.00398354 0.999722 193.735 
0.999717 0.00431894 0.0234092 -1.25101 -0.00422629 0.999983 -0.00400389 -3.37594 -0.0234262 0.00390386 0.999718 195.173 
0.999716 0.00138967 0.0238006 -1.23463 -0.00131853 0.999995 -0.00300236 -3.40398 -0.0238047 0.00297017 0.999712 196.624 
0.999701 -0.00289369 0.0242863 -1.21734 0.00293121 0.999995 -0.00150738 -3.42859 -0.0242818 0.00157816 0.999704 198.081 
0.999683 -0.00551707 0.0245616 -1.1937 0.00555651 0.999983 -0.00153628 -3.45317 -0.0245527 0.00167231 0.999697 199.538 
0.999683 -0.00347868 0.0249181 -1.18193 0.00363064 0.999975 -0.00605384 -3.48023 -0.0248965 0.00614244 0.999671 200.975 
0.999676 0.0036138 0.0252078 -1.17865 -0.00333309 0.999932 -0.0111672 -3.51309 -0.0252465 0.0110796 0.99962 202.419 
0.99956 0.0126876 0.0268218 -1.18751 -0.0123857 0.999858 -0.0113897 -3.54571 -0.0269625 0.0110525 0.999575 203.868 
0.999398 0.0206444 0.0278906 -1.19159 -0.0204283 0.999759 -0.00800838 -3.58003 -0.0280492 0.00743384 0.999579 205.312 
0.999346 0.0217684 0.0288681 -1.18177 -0.0216057 0.999749 -0.00593689 -3.60862 -0.0289901 0.00530934 0.999566 206.784 
0.999401 0.0197806 0.0283865 -1.16591 -0.0196321 0.999792 -0.0054993 -3.63691 -0.0284895 0.00493876 0.999582 208.242 
0.999485 0.0168116 0.0273356 -1.14946 -0.0166647 0.999846 -0.00559113 -3.66489 -0.0274254 0.00513275 0.999611 209.702 
0.999534 0.0149207 0.0266399 -1.13841 -0.0147625 0.999872 -0.00612252 -3.69764 -0.0267279 0.00572643 0.999626 211.16 
0.999537 0.015342 0.0262896 -1.13106 -0.0151738 0.999863 -0.00658428 -3.73196 -0.0263871 0.00618236 0.999633 212.62 
0.999518 0.0167231 0.0261545 -1.12236 -0.0165598 0.999842 -0.00644632 -3.76512 -0.0262582 0.00601014 0.999637 214.081 
0.999495 0.0178018 0.0263282 -1.1173 -0.0176632 0.999829 -0.00548451 -3.7967 -0.0264214 0.00501674 0.999638 215.556 
0.99951 0.017169 0.0261881 -1.10835 -0.0170209 0.999838 -0.00586912 -3.83083 -0.0262846 0.00542054 0.99964 217.01 
0.999522 0.016832 0.02594 -1.0958 -0.0166594 0.999838 -0.00685282 -3.86266 -0.0260512 0.00641744 0.99964 218.488 
0.999545 0.0157122 0.0257425 -1.08613 -0.015535 0.999854 -0.00706811 -3.8943 -0.0258499 0.00666503 0.999644 219.97 
0.999537 0.0163933 0.0256528 -1.08313 -0.0162153 0.999843 -0.00713101 -3.92906 -0.0257657 0.00671178 0.999646 221.459 
0.999537 0.0165629 0.0255099 -1.07146 -0.0163799 0.999839 -0.00736429 -3.96207 -0.0256278 0.00694307 0.999647 222.947 
0.999543 0.016251 0.025501 -1.06768 -0.016063 0.999842 -0.00756019 -3.9934 -0.0256199 0.00714716 0.999646 224.441 
0.99953 0.0176083 0.0250974 -1.05848 -0.0174176 0.999818 -0.0077963 -4.03083 -0.0252301 0.00735554 0.999655 225.935 
0.999551 0.0167819 0.0248414 -1.04952 -0.0165925 0.999832 -0.00781281 -4.06575 -0.0249684 0.00739716 0.999661 227.431 
0.999541 0.0173501 0.0248421 -1.04388 -0.0171631 0.999823 -0.00771776 -4.10369 -0.0249717 0.00728789 0.999662 228.943 
0.999553 0.0165205 0.0249037 -1.03474 -0.01633 0.999836 -0.00783316 -4.13517 -0.025029 0.00742303 0.999659 230.444 
0.999568 0.0151001 0.0252049 -1.02812 -0.0149052 0.999858 -0.00790051 -4.17168 -0.0253206 0.00752145 0.999651 231.952 
0.99958 0.0136715 0.0255519 -1.02536 -0.0134832 0.999881 -0.0075243 -4.20913 -0.0256517 0.00717666 0.999645 233.47 
0.999585 0.0124904 0.0259669 -1.0156 -0.0123177 0.999901 -0.00679852 -4.24474 -0.0260493 0.00647588 0.99964 234.996 
0.999589 0.0119613 0.0260555 -1.00968 -0.011801 0.999911 -0.00629385 -4.28247 -0.0261285 0.00598383 0.999641 236.513 
0.999574 0.0123903 0.0264096 -1.00735 -0.0122206 0.999904 -0.00657844 -4.31621 -0.0264886 0.00625294 0.99963 238.052 
0.999557 0.0130674 0.0267576 -0.999015 -0.0128744 0.99989 -0.00736973 -4.3445 -0.026851 0.00702201 0.999615 239.565 
0.99953 0.0139923 0.027287 -0.988205 -0.0138162 0.999883 -0.00663071 -4.38177 -0.0273766 0.00625064 0.999606 241.075 
0.99951 0.0141473 0.0279327 -0.975371 -0.0140283 0.999892 -0.00445061 -4.41707 -0.0279927 0.00405662 0.9996 242.58 
0.999495 0.0139847 0.0285288 -0.96482 -0.0138793 0.999896 -0.0038886 -4.44995 -0.0285802 0.00349072 0.999585 244.1 
0.999471 0.014576 0.0290663 -0.950478 -0.014416 0.99988 -0.00570489 -4.48109 -0.029146 0.0052829 0.999561 245.608 
0.999455 0.0147342 0.0295326 -0.936128 -0.0145399 0.999871 -0.00678214 -4.52001 -0.0296288 0.00634909 0.999541 247.128 
0.999431 0.015568 0.0299158 -0.920395 -0.0153829 0.999861 -0.00640897 -4.55613 -0.0300115 0.00594518 0.999532 248.66 
0.999432 0.0149978 0.0301694 -0.914529 -0.0148497 0.999877 -0.00512804 -4.59435 -0.0302426 0.00467717 0.999532 250.187 
0.999431 0.0155869 0.0299019 -0.89393 -0.015455 0.99987 -0.00463637 -4.62477 -0.0299703 0.00417164 0.999542 251.725 
0.999448 0.0151166 0.0295777 -0.877208 -0.0149884 0.999877 -0.00455024 -4.65616 -0.0296429 0.00410445 0.999552 253.253 
0.99941 0.0166358 0.0300652 -0.869191 -0.016511 0.999854 -0.00439365 -4.68855 -0.030134 0.00389469 0.999538 254.81 
0.999378 0.0182739 0.0301513 -0.847495 -0.0181411 0.999825 -0.00466959 -4.71882 -0.0302314 0.00411975 0.999534 256.386 
0.999365 0.0185422 0.0304122 -0.836878 -0.0184139 0.99982 -0.00449252 -4.74792 -0.0304901 0.00392971 0.999527 257.93 
0.999386 0.0173363 0.0304564 -0.819996 -0.0172125 0.999843 -0.00431961 -4.77804 -0.0305265 0.00379277 0.999527 259.467 
0.999414 0.0154642 0.0305454 -0.798303 -0.0153633 0.999876 -0.00353348 -4.80866 -0.0305963 0.00306218 0.999527 261.017 
0.999441 0.0131331 0.0307536 -0.772751 -0.0130525 0.999911 -0.00281853 -4.83926 -0.030788 0.00241558 0.999523 262.565 
0.999462 0.0118892 0.0305626 -0.750139 -0.0117855 0.999924 -0.00356912 -4.87154 -0.0306028 0.00320705 0.999527 264.125 
0.999476 0.0111552 0.0303936 -0.727878 -0.0110248 0.999929 -0.00445075 -4.90711 -0.0304411 0.00411338 0.999528 265.673 
0.999479 0.0092017 0.0309459 -0.713491 -0.00912992 0.999955 -0.00245858 -4.93936 -0.0309672 0.00217481 0.999518 267.212 
0.999472 0.00736382 0.0316437 -0.698101 -0.00733619 0.999973 -0.000987918 -4.96706 -0.0316501 0.000755294 0.999499 268.753 
0.999466 0.00703056 0.031909 -0.68723 -0.00696929 0.999974 -0.00202941 -4.9944 -0.0319225 0.00180599 0.999489 270.272 
0.999452 0.00646464 0.0324579 -0.659755 -0.00636729 0.999975 -0.0031002 -5.01889 -0.0324772 0.00289187 0.999468 271.86 
0.99942 0.00741348 0.0332395 -0.640333 -0.00730417 0.999968 -0.00340735 -5.04881 -0.0332637 0.00316262 0.999442 273.404 
0.999357 0.00941369 0.0345895 -0.621152 -0.00929687 0.999951 -0.00353531 -5.08173 -0.0346211 0.00321151 0.999395 274.944 
0.999325 0.0101865 0.0353056 -0.59271 -0.0100537 0.999942 -0.00393477 -5.10118 -0.0353436 0.0035772 0.999369 276.552 
0.999278 0.0111646 0.0363303 -0.566543 -0.0110164 0.99993 -0.00427656 -5.13162 -0.0363756 0.00387328 0.999331 278.1 
0.99925 0.0115172 0.0369679 -0.526756 -0.0113592 0.999925 -0.00447957 -5.16338 -0.0370168 0.00405633 0.999306 279.618 
0.999209 0.0120905 0.0378866 -0.506825 -0.0119029 0.999916 -0.00517292 -5.19808 -0.037946 0.00471791 0.999269 281.18 
0.999179 0.0112913 0.0389073 -0.479373 -0.0110701 0.999921 -0.00589564 -5.22702 -0.0389708 0.00546014 0.999225 282.784 
0.999139 0.0109665 0.040018 -0.444931 -0.0107498 0.999926 -0.00562513 -5.26432 -0.0400768 0.00519014 0.999183 284.353 
0.999126 0.00971557 0.0406603 -0.400239 -0.00953602 0.999944 -0.00460631 -5.30405 -0.0407028 0.00421459 0.999162 285.879 
0.999117 0.00854414 0.041129 -0.363759 -0.00837662 0.999956 -0.00424247 -5.33884 -0.0411635 0.00389425 0.999145 287.464 
0.999126 0.00793082 0.0410466 -0.321861 -0.00765524 0.999947 -0.00686546 -5.37185 -0.0410989 0.00654528 0.999134 289.046 
0.999152 0.00650745 0.0406519 -0.277246 -0.00613971 0.999939 -0.0091635 -5.40246 -0.0407091 0.00890619 0.999131 290.639 
0.999174 0.00621122 0.0401537 -0.246353 -0.00585057 0.999942 -0.00909216 -5.44452 -0.0402078 0.00884977 0.999152 292.177 
0.999229 0.00522892 0.0389226 -0.211783 -0.0048759 0.999946 -0.009158 -5.47763 -0.0389684 0.00896119 0.9992 293.707 
0.999265 0.00460174 0.0380526 -0.180255 -0.00424286 0.999946 -0.00950543 -5.52046 -0.0380943 0.00933704 0.999231 295.283 
0.999287 0.00445622 0.0374799 -0.146986 -0.00409239 0.999944 -0.0097772 -5.55629 -0.0375214 0.00961689 0.99925 296.905 
0.999302 0.0038898 0.037145 -0.135202 -0.00355116 0.999952 -0.00917731 -5.59441 -0.037179 0.00903904 0.999268 298.483 
0.999347 0.00340217 0.0359707 -0.100254 -0.00307902 0.999954 -0.00903402 -5.63112 -0.0359999 0.0089174 0.999312 300.061 
0.999389 0.00257593 0.0348694 -0.0729152 -0.00231018 0.999968 -0.0076581 -5.66684 -0.0348881 0.00757291 0.999363 301.646 
0.999402 0.00424072 0.0343067 -0.0486583 -0.00402131 0.999971 -0.00646076 -5.70028 -0.0343331 0.00631899 0.999391 303.247 
0.999372 0.00457241 0.0351494 -0.0365032 -0.00434747 0.99997 -0.00647212 -5.72739 -0.035178 0.00631528 0.999361 304.874 
0.999335 0.00469221 0.036174 -0.0186489 -0.00445438 0.999968 -0.00665117 -5.76572 -0.0362041 0.00648565 0.999323 306.448 
0.999322 0.00321627 0.0366653 0.0045383 -0.00297099 0.999973 -0.00674116 -5.8039 -0.036686 0.0066277 0.999305 308.075 
0.999318 0.00125998 0.0368951 0.0293134 -0.000979611 0.999971 -0.00761491 -5.84027 -0.0369037 0.00757361 0.99929 309.674 
0.999302 -0.000254923 0.0373449 0.060895 0.000611161 0.999954 -0.00952686 -5.87704 -0.0373408 0.00954308 0.999257 311.296 
0.999313 -0.000504648 0.0370463 0.0942457 0.000895068 0.999944 -0.0105217 -5.91829 -0.037039 0.0105477 0.999258 312.896 
0.999396 -8.9143e-05 0.034743 0.123947 0.000484297 0.999935 -0.0113641 -5.96489 -0.0347397 0.0113742 0.999332 314.509 
0.999464 0.00110431 0.0327346 0.144387 -0.000751595 0.999942 -0.0107839 -6.00546 -0.0327447 0.0107535 0.999406 316.138 
0.999472 0.00239342 0.0324184 0.162255 -0.00215144 0.99997 -0.00749595 -6.04509 -0.0324354 0.00742229 0.999446 317.768 
0.999454 0.00084097 0.0330372 0.187188 -0.000692295 0.99999 -0.00451012 -6.07971 -0.0330407 0.00448483 0.999444 319.401 
0.999453 -2.53822e-05 0.0330821 0.213859 0.000151169 0.999993 -0.00379844 -6.11178 -0.0330818 0.00380141 0.999445 321.031 
0.999438 -0.00103657 0.03351 0.237198 0.00120912 0.999986 -0.0051282 -6.14288 -0.0335043 0.00516588 0.999425 322.674 
0.999419 -0.00192925 0.0340419 0.260668 0.00210743 0.999984 -0.00519779 -6.17488 -0.0340314 0.00526655 0.999407 324.319 
0.999382 -0.00191195 0.0350919 0.264442 0.00208477 0.999986 -0.00488765 -6.21187 -0.0350821 0.00495783 0.999372 325.965 
0.999357 -0.00215784 0.0357944 0.288588 0.00233474 0.999985 -0.00490001 -6.24663 -0.0357833 0.00498047 0.999347 327.609 
0.999339 -0.000772188 0.0363479 0.310661 0.000990241 0.999982 -0.00598022 -6.28087 -0.0363427 0.0060123 0.999321 329.25 
0.99931 -0.000141623 0.0371505 0.340063 0.00037876 0.99998 -0.00637502 -6.32008 -0.0371489 0.00638473 0.999289 330.888 
0.999266 -0.00165249 0.0382781 0.360522 0.00182265 0.999989 -0.00440982 -6.35711 -0.0382704 0.00447639 0.999257 332.558 
0.999248 -0.00288119 0.0386694 0.385313 0.00301949 0.999989 -0.00351728 -6.39419 -0.0386589 0.00363144 0.999246 334.209 
0.999235 -0.00391635 0.0389067 0.416036 0.00410324 0.99998 -0.00472367 -6.42557 -0.0388875 0.00487974 0.999232 335.85 
0.999228 -0.0024173 0.0392057 0.441028 0.00260227 0.999986 -0.00466637 -6.46114 -0.0391939 0.00476484 0.99922 337.491 
0.999228 -0.000820952 0.0392727 0.462352 0.00108291 0.999977 -0.00664838 -6.49867 -0.0392664 0.00668582 0.999206 339.123 
0.999245 0.000585839 0.0388385 0.489121 -0.00021622 0.999955 -0.00951921 -6.53692 -0.0388424 0.00950367 0.9992 340.762 
0.999264 0.00217905 0.038303 0.518152 -0.00183071 0.999957 -0.00912587 -6.57839 -0.0383212 0.00904907 0.999225 342.365 
0.999291 0.00244998 0.0375825 0.535309 -0.00224264 0.999982 -0.00555698 -6.61654 -0.0375955 0.0054688 0.999278 343.99 
0.999303 0.00332585 0.0371699 0.538518 -0.00321949 0.999991 -0.00291967 -6.64332 -0.0371793 0.00279801 0.999305 345.651 
0.999318 0.00391903 0.0367322 0.535023 -0.00376385 0.999984 -0.00429154 -6.67422 -0.0367484 0.0041504 0.999316 347.311 
0.999377 0.00324109 0.0351355 0.551446 -0.00304105 0.999979 -0.00574417 -6.70862 -0.0351534 0.00563379 0.999366 348.961 
0.999429 0.00203456 0.0337314 0.568398 -0.0018783 0.999987 -0.00466232 -6.74019 -0.0337405 0.00459634 0.99942 350.603 
0.999458 0.000728241 0.0329138 0.593952 -0.00058657 0.999991 -0.00431244 -6.77608 -0.0329167 0.00429083 0.999449 352.214 
0.999467 0.000443254 0.0326285 0.615089 -0.000281387 0.999988 -0.00496404 -6.8145 -0.0326303 0.00495226 0.999455 353.825 
0.999471 -0.000614779 0.0325289 0.634553 0.000804019 0.999983 -0.00580349 -6.84761 -0.0325248 0.00582662 0.999454 355.45 
0.999466 -0.000721887 0.0326742 0.655685 0.000919506 0.999981 -0.0060322 -6.88417 -0.0326693 0.00605907 0.999448 357.063 
0.999461 -0.00123876 0.0328139 0.678202 0.00144068 0.99998 -0.00612927 -6.91994 -0.0328057 0.00617328 0.999443 358.682 
0.999463 -0.00195343 0.0327202 0.702086 0.00217828 0.999974 -0.00683631 -6.95486 -0.032706 0.00690395 0.999441 360.295 
0.999453 -0.00211706 0.0329979 0.716404 0.00236395 0.99997 -0.00744328 -6.99387 -0.0329812 0.00751725 0.999428 361.911 
0.999434 -0.00273176 0.0335348 0.73177 0.00297279 0.99997 -0.00713841 -7.03544 -0.0335144 0.00723411 0.999412 363.537 
0.999431 -0.00235659 0.0336587 0.757886 0.00262181 0.999966 -0.00783651 -7.07611 -0.0336391 0.00792033 0.999403 365.152 
0.999428 -0.00383389 0.0335886 0.787861 0.00413858 0.999951 -0.00900519 -7.12028 -0.0335525 0.0091391 0.999395 366.736 
0.999417 -0.00547948 0.0337076 0.811317 0.00572944 0.999957 -0.00732216 -7.15795 -0.0336661 0.00751105 0.999405 368.321 
0.999407 -0.00675721 0.033764 0.834576 0.00697726 0.999955 -0.00640251 -7.19558 -0.0337193 0.00663433 0.999409 369.914 
0.999395 -0.00729543 0.0340176 0.853374 0.00755703 0.999943 -0.00756647 -7.22896 -0.0339605 0.007819 0.999393 371.528 
0.999401 -0.00638551 0.0340199 0.883062 0.00666896 0.999944 -0.00822357 -7.27007 -0.0339656 0.00844556 0.999387 373.13 
0.999401 -0.00459707 0.0343038 0.907791 0.00485083 0.999962 -0.00731669 -7.31036 -0.0342689 0.00747875 0.999385 374.747 
0.999385 -0.00311776 0.0349368 0.931967 0.0033557 0.999972 -0.00675276 -7.34587 -0.0349148 0.00686589 0.999367 376.377 
0.999372 -0.00311688 0.0353116 0.958235 0.00336414 0.99997 -0.00694356 -7.39001 -0.035289 0.00705803 0.999352 377.997 
0.999363 -0.0035304 0.0355145 0.980143 0.00381171 0.999962 -0.0078552 -7.43073 -0.0354854 0.00798561 0.999338 379.607 
0.999368 -0.00328773 0.0353942 1.01255 0.00357878 0.99996 -0.00816168 -7.46763 -0.035366 0.00828323 0.99934 381.23 
0.999353 -0.00311163 0.0358411 1.04369 0.00341238 0.99996 -0.00833173 -7.50689 -0.0358138 0.00844868 0.999323 382.847 
0.99935 -0.00176469 0.0360088 1.0768 0.00205979 0.999965 -0.00815855 -7.54546 -0.0359932 0.00822745 0.999318 384.471 
0.999345 -0.000180457 0.0361992 1.10675 0.000465128 0.999969 -0.00785454 -7.5826 -0.0361967 0.00786627 0.999314 386.11 
0.99934 0.000988798 0.0363232 1.14297 -0.000675435 0.999963 -0.00863716 -7.62122 -0.0363304 0.00860696 0.999303 387.759 
0.999321 0.00201071 0.0367837 1.16793 -0.0016686 0.999955 -0.00932759 -7.66103 -0.0368008 0.00925992 0.99928 389.376 
0.999313 0.00299365 0.0369449 1.20072 -0.0026478 0.999952 -0.00940527 -7.70141 -0.0369713 0.00930102 0.999273 391.003 
0.999301 0.00414168 0.0371605 1.23034 -0.00383067 0.999957 -0.00843539 -7.74498 -0.0371939 0.00828718 0.999274 392.625 
0.999278 0.00497019 0.0376711 1.25885 -0.00466823 0.999956 -0.00809806 -7.78705 -0.0377098 0.00791639 0.999257 394.243 
0.999266 0.00566755 0.0378771 1.28838 -0.00534703 0.999949 -0.00855679 -7.83023 -0.0379237 0.00834803 0.999246 395.884 
0.999257 0.00608308 0.0380661 1.32313 -0.00577166 0.999949 -0.00828446 -7.87558 -0.0381146 0.00805863 0.999241 397.496 
0.999241 0.00616315 0.0384717 1.35347 -0.00586838 0.999953 -0.00776907 -7.91603 -0.0385178 0.00753745 0.99923 399.124 
0.999255 0.00567494 0.0381673 1.39247 -0.00534985 0.999949 -0.00861315 -7.95972 -0.0382143 0.00840259 0.999234 400.756 
0.999258 0.0056251 0.0380969 1.42836 -0.0052668 0.999941 -0.00949775 -8.00327 -0.0381481 0.00929009 0.999229 402.414 
0.999257 0.00466645 0.0382514 1.46088 -0.00432557 0.99995 -0.00898842 -8.05494 -0.0382915 0.00881632 0.999228 404.045 
0.999241 0.00440584 0.0386936 1.48872 -0.00410254 0.99996 -0.0079133 -8.09033 -0.0387269 0.0077486 0.99922 405.723 
0.99923 0.00276123 0.0391338 1.51918 -0.00249426 0.999973 -0.0068682 -8.11801 -0.0391518 0.00676535 0.99921 407.372 
0.999207 0.00103244 0.0398162 1.54718 -0.000736398 0.999972 -0.007448 -8.15601 -0.0398229 0.00741281 0.999179 409.029 
0.99922 -0.000668107 0.0394879 1.59433 0.000998107 0.999965 -0.00833677 -8.19586 -0.039481 0.00836972 0.999185 410.663 
