1 2.12261e-08 -2.11895e-08 0 2.12261e-08 1 2.10703e-08 0 -2.11895e-08 2.10703e-08 1 0 
0.999997 -0.00179569 -0.00148804 -0.0111576 0.00179445 0.999998 -0.000860555 -0.00862532 0.00148954 0.000857925 0.999999 0.585741 
0.999994 -0.00227521 -0.00250424 -0.028939 0.00226967 0.999995 -0.00223026 -0.0199513 0.00250926 0.0022246 0.999994 1.16314 
0.999987 -0.00245093 -0.00437148 -0.0422698 0.00243478 0.99999 -0.00370486 -0.0307008 0.00438047 0.00369421 0.999984 1.73548 
0.999969 -0.00467436 -0.00632626 -0.0546831 0.00464019 0.999975 -0.00541165 -0.0405665 0.00635135 0.00538217 0.999965 2.30305 
0.999944 -0.00708224 -0.00785119 -0.0683263 0.00702402 0.999948 -0.00742409 -0.0505831 0.00790332 0.00736857 0.999942 2.87521 
0.999924 -0.00825421 -0.0092071 -0.0852214 0.00817899 0.999933 -0.00818181 -0.0616786 0.00927398 0.00810592 0.999924 3.45532 
0.999909 -0.00853635 -0.0104827 -0.107111 0.00845792 0.999936 -0.00750695 -0.0749797 0.0105461 0.00741765 0.999917 4.04339 
0.999895 -0.00886748 -0.0114628 -0.12775 0.00877575 0.999929 -0.00803196 -0.0883873 0.0115332 0.00793056 0.999902 4.63871 
0.99989 -0.00810044 -0.0124229 -0.151192 0.0079671 0.999911 -0.010749 -0.106069 0.0125088 0.0106489 0.999865 5.23662 
0.999889 -0.00631451 -0.0135271 -0.178381 0.00611596 0.999874 -0.0146729 -0.120682 0.013618 0.0145886 0.999801 5.84237 
0.99988 -0.00484248 -0.0146982 -0.204194 0.00456882 0.999817 -0.018598 -0.129632 0.0147856 0.0185286 0.999719 6.45846 
0.999871 -0.0031483 -0.0157279 -0.23282 0.00285848 0.999826 -0.0184184 -0.145408 0.0157831 0.0183712 0.999707 7.09148 
0.999858 -0.000617996 -0.0168601 -0.262634 0.00041899 0.99993 -0.0118069 -0.15296 0.0168662 0.0117982 0.999788 7.73938 
0.999847 0.000367201 -0.0174826 -0.294704 -0.000390906 0.999999 -0.00135491 -0.165513 0.017482 0.00136158 0.999846 8.41148 
0.999835 0.00107752 -0.0181602 -0.324993 -0.000979579 0.999985 0.00539899 -0.182151 0.0181657 -0.00538027 0.999821 9.0921 
0.99981 0.0032309 -0.0192393 -0.359952 -0.00314521 0.999985 0.00448004 -0.198595 0.0192534 -0.00441863 0.999805 9.77654 
0.999791 0.00520735 -0.0197889 -0.400069 -0.00526334 0.999982 -0.00278074 -0.207639 0.019774 0.00288435 0.9998 10.4757 
0.999767 0.00497722 -0.021024 -0.42886 -0.00516535 0.999947 -0.00890548 -0.204311 0.0209785 0.00901204 0.999739 11.1927 
0.999753 0.00275851 -0.0220325 -0.459246 -0.00292258 0.999968 -0.00741973 -0.204727 0.0220113 0.00748233 0.99973 11.933 
0.999748 0.00156208 -0.0224183 -0.49107 -0.00151653 0.999997 0.00204685 -0.21767 0.0224214 -0.00201229 0.999747 12.6984 
0.99974 0.00125134 -0.0227565 -0.524671 -0.00104003 0.999956 0.0092931 -0.223357 0.0227671 -0.00926698 0.999698 13.4864 
0.999727 5.50306e-05 -0.0233736 -0.558134 0.000221695 0.99993 0.0118347 -0.227003 0.0233726 -0.0118366 0.999657 14.2869 
0.999721 -0.00175877 -0.0235373 -0.587776 0.00201563 0.999939 0.010892 -0.230441 0.0235166 -0.0109364 0.999664 15.0975 
0.999735 -0.00196152 -0.0229497 -0.623253 0.002151 0.999964 0.00823269 -0.228773 0.0229327 -0.00827983 0.999703 15.9202 
0.999747 0.000271765 -0.0225102 -0.658041 -0.000168876 0.99999 0.0045707 -0.225504 0.0225112 -0.0045657 0.999736 16.7545 
0.999762 -0.0030824 -0.0215916 -0.6895 0.00306717 0.999995 -0.000740162 -0.23559 0.0215937 0.000673803 0.999767 17.6146 
0.999764 -0.00587157 -0.0209254 -0.716475 0.00572713 0.999959 -0.00695822 -0.246914 0.0209653 0.00683678 0.999757 18.4846 
0.999792 -0.00503379 -0.0197426 -0.750863 0.00478998 0.999912 -0.0123794 -0.257749 0.0198032 0.0122823 0.999728 19.3733 
0.999801 -0.00358902 -0.0196238 -0.786207 0.00332763 0.999906 -0.0133386 -0.273055 0.0196698 0.0132706 0.999718 20.2804 
0.999796 -0.00325173 -0.0199166 -0.821056 0.00300144 0.999916 -0.0125859 -0.298743 0.0199558 0.0125236 0.999722 21.2078 
0.999797 -0.00179896 -0.0200725 -0.855979 0.00151652 0.9999 -0.0140794 -0.320326 0.0200957 0.0140462 0.999699 22.1463 
0.999801 0.000841686 -0.0199454 -0.894869 -0.00116135 0.999871 -0.016023 -0.344381 0.0199293 0.0160431 0.999673 23.0944 
0.999786 0.00442207 -0.0201983 -0.938319 -0.00476654 0.999843 -0.0170407 -0.366483 0.0201198 0.0171333 0.999651 24.0624 
0.999774 0.00595974 -0.0204035 -0.976393 -0.0063051 0.999837 -0.0169063 -0.396376 0.0202993 0.0170311 0.999649 25.04 
0.999763 0.0067382 -0.0207069 -1.01684 -0.00708843 0.999832 -0.016889 -0.427793 0.0205896 0.0170318 0.999643 26.0302 
0.999759 0.00675742 -0.0208824 -1.05526 -0.00710752 0.999835 -0.016739 -0.456312 0.0207657 0.0168834 0.999642 27.0258 
0.999744 0.00760646 -0.0213339 -1.0978 -0.00794224 0.999845 -0.0157012 -0.484774 0.0212111 0.0158667 0.999649 28.0318 
0.999731 0.00838118 -0.0216311 -1.13812 -0.0086803 0.999868 -0.0137738 -0.513462 0.0215127 0.0139579 0.999671 29.0459 
0.999721 0.00883133 -0.0218916 -1.18327 -0.0091091 0.999879 -0.0126233 -0.540445 0.0217774 0.0128193 0.999681 30.0708 
0.999719 0.0086357 -0.0220761 -1.22501 -0.00893712 0.999868 -0.0135932 -0.56896 0.0219558 0.0137867 0.999664 31.1003 
0.999701 0.00992023 -0.0223604 -1.26886 -0.0102475 0.999841 -0.0145725 -0.596597 0.0222123 0.0147973 0.999644 32.1303 
0.999688 0.00969549 -0.0230251 -1.30765 -0.0100094 0.999858 -0.0135581 -0.624306 0.0228903 0.0137844 0.999643 33.1721 
0.999679 0.00867082 -0.023812 -1.34511 -0.00892999 0.999902 -0.0108009 -0.65408 0.0237159 0.0110102 0.999658 34.2319 
0.999666 0.00927035 -0.0241057 -1.39233 -0.00944697 0.999929 -0.00722508 -0.678591 0.024037 0.00745044 0.999683 35.2875 
0.99965 0.00946053 -0.0247099 -1.43945 -0.00958261 0.999942 -0.00482873 -0.703891 0.0246628 0.00506387 0.999683 36.353 
0.999641 0.00958018 -0.0250287 -1.48794 -0.00969737 0.999943 -0.00456671 -0.723294 0.0249835 0.00480782 0.999676 37.4257 
0.999631 0.00902078 -0.0256225 -1.53377 -0.00917791 0.99994 -0.00602327 -0.743482 0.0255666 0.00625625 0.999654 38.507 
0.999609 0.00932159 -0.0263543 -1.58372 -0.00949725 0.999933 -0.00654971 -0.764155 0.0262914 0.00679748 0.999631 39.5932 
0.99959 0.00937375 -0.0270621 -1.63183 -0.00952112 0.999941 -0.00532352 -0.789131 0.0270106 0.00557904 0.99962 40.6803 
0.999567 0.00922292 -0.027957 -1.67949 -0.00931469 0.999952 -0.00315545 -0.815284 0.0279265 0.00341454 0.999604 41.7712 
0.999551 0.00925769 -0.0284887 -1.73054 -0.00928123 0.999957 -0.000695756 -0.836631 0.028481 0.000959897 0.999594 42.855 
0.999531 0.01061 -0.0287344 -1.78608 -0.0106385 0.999943 -0.000839332 -0.860675 0.0287239 0.00114467 0.999587 43.9397 
0.999508 0.0117528 -0.0290911 -1.83815 -0.0118959 0.999918 -0.00474941 -0.881927 0.0290328 0.00509318 0.999566 45.0166 
0.999492 0.013124 -0.0290358 -1.88835 -0.013382 0.999873 -0.00871192 -0.90388 0.0289177 0.0090961 0.99954 46.1019 
0.99949 0.0135219 -0.0289287 -1.94081 -0.0137892 0.999864 -0.00906096 -0.92926 0.0288022 0.00945529 0.99954 47.1851 
0.999485 0.0142533 -0.0287671 -1.99307 -0.0144427 0.999875 -0.00638833 -0.954791 0.0286724 0.00680055 0.999566 48.2734 
0.999478 0.015065 -0.0285711 -2.04554 -0.0151944 0.999875 -0.0043181 -0.980382 0.0285025 0.00475001 0.999582 49.3629 
0.999505 0.0131936 -0.0285518 -2.09223 -0.0132863 0.999907 -0.00306182 -1.00242 0.0285087 0.0034397 0.999588 50.4478 
0.999516 0.013124 -0.028191 -2.14331 -0.0132441 0.999904 -0.00407683 -1.02315 0.0281348 0.00444827 0.999594 51.5494 
0.999531 0.0123358 -0.028038 -2.19014 -0.0125077 0.999904 -0.00596531 -1.04621 0.0279617 0.00631324 0.999589 52.6436 
0.999534 0.0124191 -0.0278948 -2.23588 -0.0126457 0.999888 -0.00796342 -1.07338 0.0277928 0.0083125 0.999579 53.7428 
0.999554 0.010871 -0.0278056 -2.28511 -0.0111651 0.999883 -0.0104433 -1.09942 0.0276888 0.0107492 0.999559 54.8416 
0.999572 0.00930971 -0.0277487 -2.33113 -0.00969195 0.99986 -0.0136741 -1.13084 0.0276175 0.0139373 0.999521 55.9278 
0.999594 0.00771465 -0.0274276 -2.38067 -0.00813754 0.999849 -0.015342 -1.16246 0.0273051 0.015559 0.999506 57.0176 
0.99961 0.00617816 -0.0272467 -2.43021 -0.00653639 0.999893 -0.0130799 -1.1942 0.0271629 0.013253 0.999543 58.1183 
0.999617 0.00465582 -0.0272941 -2.47205 -0.00485149 0.999963 -0.00710864 -1.22334 0.0272599 0.00723837 0.999602 59.2144 
0.999623 0.00299391 -0.0272857 -2.51565 -0.00302529 0.999995 -0.00111041 -1.24801 0.0272822 0.00119259 0.999627 60.3089 
0.999624 0.00120909 -0.0273781 -2.56061 -0.00121836 0.999999 -0.000323683 -1.26858 0.0273777 0.000356961 0.999625 61.411 
0.999631 -0.00177247 -0.0270961 -2.60976 0.00168037 0.999993 -0.00342288 -1.28658 0.0271019 0.00337613 0.999627 62.5123 
0.999623 -0.00320089 -0.0272749 -2.66378 0.00302184 0.999974 -0.00660462 -1.30576 0.0272952 0.00651975 0.999606 63.615 
0.999622 -0.00126291 -0.027474 -2.71246 0.00097018 0.999943 -0.0106671 -1.33342 0.0274859 0.0106364 0.999566 64.7135 
0.999628 -0.00100901 -0.0272721 -2.76881 0.000599687 0.999887 -0.0150144 -1.36157 0.0272841 0.0149925 0.999515 65.8139 
0.99964 0.00205485 -0.0267558 -2.82405 -0.00247558 0.999874 -0.0157029 -1.39101 0.0267201 0.0157636 0.999519 66.9203 
0.999648 0.00636565 -0.0257396 -2.88069 -0.0066755 0.999906 -0.0119716 -1.4255 0.0256609 0.0121393 0.999597 68.0242 
0.999636 0.00793977 -0.0258021 -2.93006 -0.00819475 0.999919 -0.00979333 -1.45876 0.0257222 0.0100012 0.999619 69.1261 
0.999638 0.00713782 -0.0259313 -2.97519 -0.00737672 0.999931 -0.00913032 -1.48461 0.0258643 0.00931835 0.999622 70.2322 
0.999649 0.00544787 -0.0259111 -3.02388 -0.00566179 0.99995 -0.00819148 -1.51345 0.0258652 0.00833536 0.999631 71.336 
0.999642 0.00433038 -0.0263984 -3.06765 -0.0045082 0.999968 -0.00668184 -1.54145 0.0263686 0.00679851 0.999629 72.4337 
0.999635 0.0025514 -0.0269124 -3.11104 -0.00267853 0.999985 -0.00469034 -1.56624 0.0269 0.00476076 0.999627 73.5308 
0.999615 0.00142057 -0.0277173 -3.1602 -0.0015046 0.999994 -0.00301255 -1.59046 0.0277128 0.00305314 0.999611 74.6361 
0.999591 0.000322423 -0.0285826 -3.20554 -0.000445464 0.999991 -0.00429994 -1.61676 0.0285809 0.00431096 0.999582 75.7304 
0.999572 0.000636806 -0.029239 -3.26087 -0.000871551 0.999968 -0.00801787 -1.64436 0.0292329 0.00803996 0.99954 76.8222 
0.999544 0.00130669 -0.0301806 -3.30836 -0.00161104 0.999948 -0.0100637 -1.67136 0.0301658 0.0101078 0.999494 77.9045 
0.999515 0.00306865 -0.0309895 -3.36287 -0.00333141 0.999959 -0.00843221 -1.70049 0.0309623 0.0085314 0.999484 78.9882 
0.999499 0.00399361 -0.0313884 -3.42712 -0.00412904 0.999982 -0.00425238 -1.72462 0.0313708 0.0043799 0.999498 80.0824 
0.999474 0.0055547 -0.0319516 -3.48859 -0.00556592 0.999985 -0.000263626 -1.74645 0.0319496 0.00044137 0.999489 81.1706 
0.999439 0.00630932 -0.0329058 -3.53639 -0.00630489 0.99998 0.00023716 -1.76626 0.0329066 -2.95171e-05 0.999458 82.2679 
0.999419 0.00621832 -0.0335058 -3.59128 -0.0062803 0.999979 -0.00174606 -1.78928 0.0334942 0.00195552 0.999437 83.3428 
0.9994 0.0064416 -0.0340326 -3.64583 -0.00653114 0.999976 -0.00252159 -1.81064 0.0340155 0.00274239 0.999418 84.4094 
0.999382 0.00549303 -0.0347324 -3.69751 -0.00559122 0.999981 -0.00273198 -1.83324 0.0347167 0.00292453 0.999393 85.4764 
0.999356 0.00459029 -0.0355876 -3.74968 -0.00467978 0.999986 -0.00243275 -1.85806 0.0355759 0.00259777 0.999364 86.5175 
0.999348 0.003144 -0.0359675 -3.80471 -0.00318364 0.999994 -0.00104584 -1.879 0.0359639 0.00115971 0.999352 87.5413 
0.999324 0.00324354 -0.0366094 -3.86124 -0.00318612 0.999994 0.00162563 -1.90089 0.0366144 -0.00150785 0.999328 88.548 
0.999298 0.00255874 -0.0373862 -3.91854 -0.00247431 0.999994 0.00230308 -1.91912 0.0373918 -0.00220892 0.999298 89.5303 
0.999211 0.00174312 -0.0396824 -3.97234 -0.00164373 0.999995 0.00253593 -1.93995 0.0396866 -0.00246866 0.999209 90.4916 
0.999087 0.000818212 -0.0427133 -4.03065 -0.0007396 0.999998 0.00185525 -1.96199 0.0427147 -0.00182193 0.999086 91.4306 
0.998953 0.000873295 -0.0457355 -4.09762 -0.000836435 0.999999 0.000824153 -1.98084 0.0457362 -0.000784992 0.998953 92.3417 
0.998805 0.000908348 -0.0488691 -4.1563 -0.000855602 0.999999 0.0010994 -2.00058 0.04887 -0.00105623 0.998805 93.2365 
0.998663 0.00200693 -0.0516464 -4.22439 -0.00188377 0.999995 0.00243247 -2.02418 0.051651 -0.00233188 0.998663 94.0957 
0.998497 0.00319011 -0.0547169 -4.29128 -0.00299871 0.999989 0.00357911 -2.04645 0.0547277 -0.00340961 0.998496 94.9492 
0.998339 0.00410671 -0.0574669 -4.3612 -0.00382534 0.99998 0.00500451 -2.06213 0.0574863 -0.00477632 0.998335 95.7835 
0.998171 0.00548012 -0.060204 -4.42452 -0.00515004 0.999971 0.00563569 -2.07324 0.060233 -0.00531528 0.99817 96.5788 
0.998 0.00771257 -0.0627413 -4.492 -0.00733783 0.999954 0.00620037 -2.09159 0.0627862 -0.00572754 0.998011 97.3462 
0.997822 0.0096314 -0.0652599 -4.56009 -0.00932637 0.999944 0.00497643 -2.10949 0.0653041 -0.00435691 0.997856 98.0868 
0.997649 0.0109565 -0.0676524 -4.63211 -0.0108983 0.99994 0.00122746 -2.12449 0.0676617 -0.000487233 0.997708 98.7974 
0.997448 0.0136213 -0.0700873 -4.69886 -0.0138272 0.999901 -0.00245363 -2.14078 0.0700469 0.00341652 0.997538 99.4779 
0.997302 0.0153662 -0.0717832 -4.76679 -0.0157864 0.999861 -0.00528989 -2.15321 0.0716919 0.00640886 0.997406 100.125 
0.997206 0.0174401 -0.0726318 -4.82721 -0.0179494 0.999819 -0.00636591 -2.16745 0.0725076 0.00765187 0.997339 100.752 
0.997232 0.0198307 -0.0716645 -4.8854 -0.0203138 0.999776 -0.00601885 -2.18389 0.071529 0.00745801 0.997411 101.352 
0.997355 0.0235467 -0.0687719 -4.93775 -0.0239174 0.999704 -0.00457178 -2.19873 0.0686438 0.00620457 0.997622 101.928 
0.997663 0.0261596 -0.0631176 -4.98662 -0.0264086 0.999646 -0.0031151 -2.21587 0.0630138 0.00477471 0.998001 102.478 
0.998083 0.0269908 -0.055694 -5.02288 -0.0271112 0.999631 -0.00140778 -2.2259 0.0556355 0.00291505 0.998447 103.004 
0.998579 0.0267814 -0.0460748 -5.04702 -0.0267616 0.999641 0.00104521 -2.2372 0.0460862 0.000189349 0.998937 103.513 
0.999061 0.0265016 -0.0342669 -5.06511 -0.0264413 0.999648 0.00221039 -2.24841 0.0343134 -0.00130221 0.99941 103.989 
0.999456 0.0255218 -0.0208872 -5.07301 -0.0254779 0.999673 0.00236716 -2.26112 0.0209408 -0.00183366 0.999779 104.443 
0.999659 0.0254463 -0.00581937 -5.06888 -0.0254372 0.999675 0.0016294 -2.2751 0.0058589 -0.00148077 0.999982 104.88 
0.999637 0.0239932 0.0122254 -5.0592 -0.0239767 0.999711 -0.00148793 -2.28724 -0.0122577 0.00119431 0.999924 105.3 
0.999169 0.0234034 0.0333845 -5.03474 -0.0232137 0.999712 -0.00605822 -2.30082 -0.0335168 0.00527825 0.999424 105.711 
0.998103 0.0214229 0.0577251 -4.99718 -0.0208323 0.999725 -0.0108142 -2.31118 -0.0579409 0.0095912 0.998274 106.109 
0.996221 0.0189986 0.0847466 -4.94311 -0.0179298 0.99975 -0.0133543 -2.3246 -0.0849791 0.0117844 0.996313 106.501 
0.993267 0.01626 0.1147 -4.87896 -0.0146847 0.999786 -0.0145653 -2.33734 -0.114912 0.0127829 0.993293 106.884 
0.989017 0.0141563 0.14712 -4.79942 -0.0118584 0.999794 -0.0164849 -2.34971 -0.147323 0.0145593 0.988981 107.255 
0.983079 0.0118703 0.1828 -4.70973 -0.00872867 0.9998 -0.0179811 -2.36358 -0.182977 0.0160813 0.982986 107.611 
0.975177 0.00838678 0.221269 -4.60338 -0.00447038 0.999825 -0.0181944 -2.38096 -0.221383 0.0167536 0.975043 107.961 
0.965185 0.00646269 0.261489 -4.48329 -0.00150238 0.999815 -0.0191648 -2.39455 -0.261564 0.0181047 0.965016 108.303 
0.952817 0.00747232 0.303452 -4.35871 -0.00139912 0.999794 -0.020226 -2.40922 -0.303541 0.0188472 0.952632 108.631 
0.937449 0.009532 0.347992 -4.22161 -0.00251143 0.999784 -0.0206199 -2.42522 -0.348114 0.0184562 0.937271 108.947 
0.919548 0.009577 0.392861 -4.06474 -0.00213068 0.99981 -0.0193857 -2.43758 -0.392972 0.016989 0.919394 109.256 
0.899128 0.00877782 0.437597 -3.89448 -0.00101498 0.999838 -0.0179703 -2.45216 -0.437684 0.0157135 0.898992 109.547 
0.875676 0.00767024 0.482838 -3.70973 0.00139081 0.99983 -0.0184053 -2.46628 -0.482897 0.0167887 0.875516 109.831 
0.850131 0.00814767 0.526509 -3.51309 0.00296771 0.99979 -0.0202634 -2.48368 -0.526563 0.0187891 0.849928 110.101 
0.822081 0.0103218 0.569278 -3.3021 0.00369822 0.999718 -0.0234668 -2.50068 -0.569359 0.0213969 0.82181 110.363 
0.790796 0.0152224 0.611891 -3.08313 0.00234832 0.999608 -0.0279026 -2.51469 -0.612076 0.0235022 0.79045 110.616 
0.756332 0.0215797 0.653832 -2.84513 -0.00070744 0.999482 -0.0321694 -2.52225 -0.654187 0.0238682 0.755956 110.867 
0.718313 0.0263258 0.695222 -2.59016 -0.00290119 0.999389 -0.034846 -2.53461 -0.695714 0.0230134 0.71795 111.107 
0.678232 0.0266859 0.734363 -2.31249 -0.000811185 0.999367 -0.0355665 -2.55004 -0.734847 0.0235267 0.677825 111.33 
0.636267 0.0241088 0.771092 -2.01443 0.00342466 0.999414 -0.0340732 -2.56329 -0.771461 0.0243204 0.635811 111.538 
0.591497 0.0222791 0.805999 -1.70215 0.00473419 0.999505 -0.0311021 -2.57604 -0.806293 0.0222126 0.591099 111.734 
0.544295 0.0209168 0.838633 -1.37849 0.00544672 0.99958 -0.028466 -2.58798 -0.838876 0.0200617 0.543952 111.917 
0.495479 0.0182176 0.868429 -1.04974 0.00668486 0.999671 -0.0247847 -2.60868 -0.868594 0.0180857 0.495194 112.077 
0.443977 0.0144966 0.895921 -0.696293 0.00919543 0.999743 -0.0207333 -2.62375 -0.895991 0.0174435 0.44373 112.222 
0.391522 0.0146213 0.920052 -0.339427 0.00642814 0.999806 -0.0186241 -2.64305 -0.920146 0.013206 0.391352 112.355 
0.33984 0.0194798 0.940282 0.0226024 0.00267412 0.999761 -0.0216785 -2.65967 -0.94048 0.00988163 0.339706 112.465 
0.288871 0.024766 0.957048 0.40404 0.00165577 0.999651 -0.0263682 -2.67195 -0.957366 0.00920169 0.28873 112.557 
0.241554 0.0268077 0.970017 0.797106 0.00319335 0.999591 -0.0284202 -2.68774 -0.970382 0.00996262 0.24137 112.636 
0.199967 0.0263197 0.979449 1.20845 0.0101268 0.99953 -0.0289268 -2.70565 -0.97975 0.0157031 0.199606 112.691 
0.164677 0.026303 0.985997 1.63856 0.017899 0.9994 -0.0296499 -2.7181 -0.986185 0.022531 0.164108 112.733 
0.13432 0.0275515 0.990555 2.08589 0.0221882 0.999279 -0.0308028 -2.73008 -0.99069 0.0261161 0.133612 112.77 
0.105925 0.0260963 0.994032 2.55779 0.0200564 0.999396 -0.0283743 -2.7472 -0.994172 0.0229423 0.105338 112.819 
0.0804792 0.0226068 0.9965 3.04444 0.0136477 0.999624 -0.0237798 -2.76354 -0.996663 0.0155137 0.0801405 112.86 
0.0565054 0.0187378 0.998226 3.54594 0.00865452 0.999777 -0.0192567 -2.77991 -0.998365 0.00972728 0.0563306 112.891 
0.033901 0.0163148 0.999292 4.06602 0.0129056 0.999776 -0.0167605 -2.79702 -0.999342 0.0134647 0.0336829 112.898 
0.013818 0.0168867 0.999762 4.60339 0.0209693 0.999633 -0.0171743 -2.81557 -0.999685 0.0212017 0.0134588 112.888 
-0.00352186 0.0193685 0.999806 5.15667 0.0260337 0.999475 -0.0192703 -2.83194 -0.999655 0.0259608 -0.00402425 112.876 
-0.0178746 0.0248494 0.999531 5.72996 0.0265299 0.999351 -0.0243704 -2.84406 -0.999488 0.0260818 -0.0185223 112.867 
-0.0288646 0.029589 0.999145 6.3285 0.0237404 0.9993 -0.0289077 -2.8573 -0.999301 0.0228857 -0.0295468 112.863 
-0.0354273 0.0294109 0.998939 6.9553 0.0259484 0.999257 -0.0284999 -2.87462 -0.999035 0.0249112 -0.0361642 112.849 
-0.0380349 0.0261775 0.998934 7.59807 0.0321088 0.999173 -0.0249612 -2.89837 -0.99876 0.0311251 -0.038844 112.824 
-0.037596 0.0246984 0.998988 8.26228 0.0342005 0.999141 -0.0234151 -2.91538 -0.998708 0.0332856 -0.0384084 112.809 
-0.0357838 0.0243286 0.999063 8.94294 0.0326561 0.999198 -0.0231621 -2.93868 -0.998826 0.0317967 -0.0365496 112.804 
-0.0344405 0.0246605 0.999102 9.6384 0.0291913 0.999294 -0.0236589 -2.96201 -0.99898 0.0283503 -0.035136 112.801 
-0.0332533 0.0259501 0.99911 10.3515 0.0283919 0.999284 -0.0250096 -2.98286 -0.999044 0.0275349 -0.0339663 112.793 
-0.0321536 0.0267334 0.999125 11.0797 0.0281826 0.999269 -0.0258303 -3.00822 -0.999086 0.0273274 -0.0328835 112.78 
-0.0312833 0.0262303 0.999166 11.8309 0.0278496 0.99929 -0.0253615 -3.03381 -0.999123 0.027033 -0.0319916 112.771 
-0.0306867 0.0250429 0.999215 12.5919 0.0268472 0.999346 -0.0242217 -3.05932 -0.999168 0.0260828 -0.031339 112.765 
-0.0302078 0.0237004 0.999263 13.3651 0.0275178 0.99936 -0.0228708 -3.08595 -0.999165 0.0268066 -0.0308407 112.755 
-0.0307255 0.0215059 0.999297 14.1565 0.0280828 0.999392 -0.0206444 -3.11236 -0.999133 0.0274287 -0.0313108 112.743 
-0.0317698 0.0197333 0.9993 14.9492 0.0257136 0.99949 -0.0189195 -3.14086 -0.999164 0.0250945 -0.032261 112.732 
-0.0330363 0.0186193 0.999281 15.7462 0.0247415 0.999535 -0.017806 -3.16708 -0.999148 0.0241355 -0.0334816 112.723 
-0.0341172 0.0161386 0.999288 16.5508 0.027247 0.999513 -0.015212 -3.1892 -0.999046 0.0267086 -0.0345403 112.706 
-0.0350252 0.0146662 0.999279 17.3894 0.0287412 0.999494 -0.0136619 -3.20873 -0.998973 0.028242 -0.035429 112.68 
-0.0366494 0.0137603 0.999233 18.2221 0.0260441 0.999579 -0.0128097 -3.23606 -0.998989 0.0255546 -0.0369924 112.663 
-0.0374199 0.0184045 0.99913 19.0477 0.023295 0.999575 -0.0175402 -3.26005 -0.999028 0.0226184 -0.0378327 112.648 
-0.0382715 0.0230543 0.999001 19.8837 0.0244141 0.999457 -0.0221295 -3.28416 -0.998969 0.0235428 -0.0388136 112.63 
-0.0392022 0.0246953 0.998926 20.7271 0.0247657 0.999412 -0.0237353 -3.31303 -0.998924 0.0238087 -0.0397907 112.608 
-0.0407343 0.0223816 0.998919 21.5781 0.0211129 0.999545 -0.0215347 -3.34525 -0.998947 0.0202129 -0.0411883 112.594 
-0.0417076 0.0180111 0.998968 22.4257 0.0182301 0.999685 -0.0172629 -3.3773 -0.998964 0.0174913 -0.0420228 112.578 
-0.0418691 0.0125681 0.999044 23.2756 0.0168354 0.999788 -0.0118718 -3.40807 -0.998981 0.0163222 -0.0420718 112.559 
-0.0419098 0.00685714 0.999098 24.1315 0.013407 0.99989 -0.00630015 -3.43174 -0.999031 0.0131309 -0.0419971 112.537 
-0.0419216 0.00566928 0.999105 24.9848 0.0108047 0.999928 -0.00522055 -3.4557 -0.999063 0.0105762 -0.0419799 112.523 
-0.0407857 0.012528 0.999089 25.8225 0.0138541 0.999832 -0.0119717 -3.4835 -0.999072 0.0133532 -0.0409524 112.5 
-0.0394701 0.0235883 0.998942 26.6547 0.0161353 0.999606 -0.0229664 -3.50903 -0.999091 0.0152117 -0.0398351 112.473 
-0.0388455 0.0288902 0.998828 27.4938 0.017893 0.999442 -0.028212 -3.53054 -0.999085 0.0167761 -0.0393407 112.456 
-0.0374889 0.0231852 0.999028 28.3412 0.0196739 0.999554 -0.0224591 -3.56746 -0.999103 0.0188128 -0.0379284 112.439 
-0.036279 0.0153567 0.999224 29.1874 0.0227958 0.999635 -0.0145354 -3.60035 -0.999082 0.0222507 -0.0366158 112.416 
-0.0357038 0.0124517 0.999285 30.0201 0.0240156 0.999644 -0.0115981 -3.6278 -0.999074 0.0235844 -0.0359902 112.397 
-0.035736 0.0131401 0.999275 30.8451 0.0230664 0.999658 -0.0123202 -3.65301 -0.999095 0.0226094 -0.0360268 112.382 
-0.0364193 0.0141806 0.999236 31.666 0.0201775 0.999706 -0.0134519 -3.6766 -0.999133 0.0196721 -0.0366947 112.368 
-0.0383006 0.014373 0.999163 32.4868 0.0183043 0.999739 -0.0136796 -3.70322 -0.999099 0.0177651 -0.0385537 112.352 
-0.0402488 0.0142655 0.999088 33.3019 0.0181106 0.999744 -0.0135452 -3.7302 -0.999026 0.0175489 -0.0404968 112.333 
-0.0421862 0.0145624 0.999004 34.1206 0.0171546 0.999757 -0.0138489 -3.75862 -0.998963 0.0165533 -0.0424257 112.31 
-0.0442071 0.0150529 0.998909 34.9297 0.0155862 0.999775 -0.0143761 -3.78108 -0.998901 0.0149337 -0.0444318 112.292 
-0.046174 0.0140223 0.998835 35.7329 0.0139698 0.999813 -0.0133902 -3.8103 -0.998836 0.0133353 -0.0463613 112.271 
-0.0481134 0.0127746 0.99876 36.5298 0.0144408 0.999823 -0.0120925 -3.83793 -0.998738 0.013841 -0.0482893 112.246 
-0.0497691 0.0130489 0.998676 37.3217 0.0146758 0.999816 -0.0123324 -3.86349 -0.998653 0.0140426 -0.0499515 112.22 
-0.0515807 0.01408 0.99857 38.1121 0.0147325 0.999803 -0.0133363 -3.88793 -0.99856 0.0140236 -0.051778 112.194 
-0.0525228 0.0143053 0.998517 38.893 0.0151404 0.999794 -0.0135271 -3.91226 -0.998505 0.0144074 -0.0527286 112.169 
-0.0535324 0.013171 0.998479 39.6745 0.0171352 0.999778 -0.0122694 -3.93806 -0.998419 0.0164523 -0.0537462 112.137 
-0.0550794 0.0124031 0.998405 40.4552 0.017203 0.999786 -0.0114712 -3.96366 -0.998334 0.0165437 -0.055281 112.109 
-0.0563308 0.0121243 0.998339 41.2229 0.0161317 0.999807 -0.0112319 -3.98717 -0.998282 0.0154722 -0.0565155 112.082 
-0.0575796 0.0113458 0.998276 41.9802 0.0146173 0.999838 -0.0105204 -4.00862 -0.998234 0.0139864 -0.0577361 112.058 
-0.0582383 0.0100302 0.998252 42.7216 0.0133064 0.999869 -0.00927009 -4.03255 -0.998214 0.0127433 -0.0583641 112.028 
-0.0590719 0.00984383 0.998205 43.4439 0.0135102 0.999868 -0.00906067 -4.05375 -0.998162 0.0129507 -0.0591971 112.003 
-0.0590965 0.0123856 0.998175 44.153 0.0139235 0.999836 -0.0115818 -4.07776 -0.998155 0.0132136 -0.0592592 111.972 
-0.0590848 0.0151421 0.998138 44.8596 0.0140237 0.999799 -0.0143371 -4.10162 -0.998154 0.0131505 -0.0592853 111.942 
-0.0591697 0.0166314 0.998109 45.5652 0.0118711 0.999802 -0.0159558 -4.12658 -0.998177 0.0109046 -0.0593555 111.917 
-0.0594409 0.0175681 0.998077 46.2776 0.0125939 0.999779 -0.016848 -4.14897 -0.998152 0.0115682 -0.059649 111.892 
-0.0593198 0.0172714 0.99809 46.9693 0.0137824 0.999769 -0.0164813 -4.17515 -0.998144 0.0127784 -0.0595442 111.859 
-0.0595679 0.0168614 0.998082 47.6649 0.0146762 0.999764 -0.0160138 -4.19777 -0.998116 0.0136941 -0.0598013 111.83 
-0.0600489 0.0170064 0.998051 48.3575 0.0107602 0.999808 -0.0163889 -4.22009 -0.998137 0.00975507 -0.0602204 111.813 
-0.0595467 0.0171314 0.998079 49.0427 0.00838367 0.999826 -0.0166612 -4.24831 -0.99819 0.00737544 -0.05968 111.783 
-0.0592164 0.01559 0.998123 49.7164 0.0102985 0.999834 -0.0150057 -4.27462 -0.998192 0.00939056 -0.0593671 111.749 
-0.0603919 0.0152858 0.998058 50.4022 0.0108925 0.999833 -0.0146539 -4.29356 -0.998115 0.00998633 -0.0605483 111.725 
-0.063923 0.0148788 0.997844 51.08 0.00801279 0.999864 -0.0143956 -4.31545 -0.997923 0.0070753 -0.0640336 111.699 
-0.0690377 0.0143103 0.997511 51.7534 0.00390823 0.999893 -0.014074 -4.34285 -0.997606 0.00292687 -0.0690863 111.67 
-0.0748264 0.018287 0.997029 52.4288 0.00798619 0.999811 -0.0177387 -4.36362 -0.997165 0.00663514 -0.0749583 111.629 
-0.0815816 0.021088 0.996444 53.1032 0.0101365 0.999742 -0.0203279 -4.38453 -0.996615 0.00844211 -0.0817743 111.581 
-0.0889292 0.0228821 0.995775 53.7815 0.00934888 0.999711 -0.0221376 -4.40558 -0.995994 0.0073407 -0.0891175 111.531 
-0.0952344 0.0220708 0.99521 54.4676 0.00576786 0.99975 -0.0216195 -4.42975 -0.995438 0.0036813 -0.0953379 111.484 
-0.10058 0.0207809 0.994712 55.1562 0.00529128 0.999779 -0.0203517 -4.45758 -0.994915 0.00321632 -0.100668 111.428 
-0.105077 0.0214692 0.994232 55.8469 0.00315562 0.999769 -0.0212552 -4.47898 -0.994459 0.000903971 -0.105121 111.368 
-0.10906 0.0208001 0.993818 56.5457 0.000960917 0.999783 -0.0208194 -4.50228 -0.994035 -0.0013156 -0.109057 111.309 
-0.111601 0.0174184 0.9936 57.2576 0.00150848 0.999848 -0.0173584 -4.52741 -0.993752 -0.000438396 -0.111611 111.24 
-0.113148 0.014287 0.993475 57.9694 0.0034683 0.999896 -0.0139843 -4.54898 -0.993572 0.00186337 -0.113186 111.166 
-0.114494 0.0114475 0.993358 58.6924 0.00341316 0.999932 -0.0111298 -4.57226 -0.993418 0.00211619 -0.114525 111.096 
-0.115656 0.0114107 0.993224 59.4181 0.00277059 0.999934 -0.0111652 -4.58961 -0.993285 0.00146049 -0.11568 111.024 
-0.115788 0.0151144 0.993159 60.1525 0.00454716 0.999882 -0.0146865 -4.60993 -0.993264 0.00281554 -0.115843 110.947 
-0.115789 0.0189279 0.993094 60.8898 0.0103094 0.999788 -0.0178534 -4.63452 -0.99322 0.00817094 -0.115959 110.866 
-0.115992 0.0236556 0.992968 61.6316 0.0175569 0.999609 -0.0217629 -4.65978 -0.993095 0.0149091 -0.116362 110.776 
-0.116596 0.0250023 0.992865 62.3797 0.0185332 0.999564 -0.0229946 -4.68369 -0.993007 0.0157199 -0.117008 110.699 
-0.116822 0.022759 0.992892 63.1334 0.0164485 0.999645 -0.0209785 -4.70917 -0.993017 0.0138809 -0.117155 110.629 
-0.116557 0.0179368 0.993022 63.885 0.0168075 0.999729 -0.0160851 -4.73662 -0.993042 0.0148154 -0.116827 110.55 
-0.116431 0.0158278 0.993073 64.6348 0.0189096 0.999727 -0.0137168 -4.76235 -0.993019 0.0171816 -0.116698 110.47 
-0.117269 0.0154114 0.992981 65.3861 0.0191943 0.999728 -0.0132493 -4.78823 -0.992915 0.0175059 -0.117533 110.391 
-0.118934 0.0163774 0.992767 66.13 0.017788 0.999739 -0.0143614 -4.81158 -0.992743 0.0159513 -0.119195 110.318 
-0.120974 0.0171628 0.992507 66.879 0.0172859 0.999735 -0.0151808 -4.83454 -0.992505 0.0153199 -0.121239 110.239 
-0.123114 0.0174428 0.992239 67.6255 0.0184313 0.999713 -0.0152872 -4.85748 -0.992221 0.0164062 -0.1234 110.159 
-0.124658 0.0176467 0.992043 68.3711 0.0189862 0.999701 -0.0153971 -4.87965 -0.992018 0.0169157 -0.124956 110.074 
-0.126569 0.0171174 0.99181 69.121 0.0188302 0.999712 -0.0148507 -4.90348 -0.991779 0.0167964 -0.126855 109.989 
-0.128055 0.0175204 0.991612 69.8703 0.0168272 0.999738 -0.0154909 -4.92713 -0.991624 0.0147024 -0.128316 109.907 
-0.129106 0.0190841 0.991447 70.6376 0.0170016 0.99971 -0.0170292 -4.95073 -0.991485 0.0146576 -0.129393 109.821 
-0.130049 0.0194986 0.991316 71.4063 0.0160881 0.999717 -0.0175532 -4.97706 -0.991377 0.0136656 -0.130326 109.739 
-0.131403 0.0198744 0.99113 72.1831 0.0161068 0.99971 -0.017911 -5.00041 -0.991198 0.0136104 -0.131685 109.656 
-0.132524 0.0181685 0.991013 72.9636 0.0165521 0.999733 -0.0161149 -5.02535 -0.991042 0.0142677 -0.132789 109.569 
-0.133702 0.016086 0.990891 73.7523 0.0142646 0.999796 -0.0143058 -5.0462 -0.990919 0.0122219 -0.133905 109.484 
-0.135261 0.0139492 0.990712 74.5408 0.0113172 0.999857 -0.0125328 -5.06961 -0.990745 0.0095169 -0.135399 109.392 
-0.137602 0.0135715 0.990395 75.3425 0.0127656 0.999847 -0.0119274 -5.09044 -0.990405 0.0110017 -0.137754 109.299 
-0.139177 0.0140119 0.990168 76.1373 0.0138767 0.999829 -0.0121981 -5.11526 -0.99017 0.0120426 -0.139347 109.196 
-0.1415 0.0153723 0.989819 76.9447 0.0133455 0.999818 -0.0136197 -5.13548 -0.989848 0.0112825 -0.14168 109.1 
-0.142912 0.0190269 0.989552 77.7524 0.0149165 0.999743 -0.0170685 -5.15849 -0.989623 0.0123214 -0.143159 108.997 
-0.143415 0.0229593 0.989396 78.5658 0.0168358 0.999643 -0.0207567 -5.18588 -0.98952 0.0136805 -0.14375 108.891 
-0.144454 0.027046 0.989142 79.3881 0.0180934 0.999532 -0.0246877 -5.21361 -0.989346 0.0143307 -0.144876 108.785 
-0.144075 0.0281013 0.989168 80.2151 0.0204377 0.999468 -0.0254171 -5.24395 -0.989356 0.0165543 -0.144572 108.676 
-0.143678 0.027532 0.989241 81.0537 0.0241789 0.999412 -0.0243033 -5.27558 -0.989329 0.0204269 -0.144259 108.571 
-0.143699 0.0256447 0.989289 81.9012 0.0247647 0.999444 -0.0223107 -5.30816 -0.989312 0.0212935 -0.144255 108.466 
-0.143058 0.0241848 0.989419 82.7515 0.0241864 0.999488 -0.0209339 -5.33643 -0.989419 0.0209357 -0.14357 108.363 
-0.141274 0.0217492 0.989732 83.6044 0.0233487 0.999554 -0.0186322 -5.36701 -0.989695 0.0204767 -0.141719 108.26 
-0.139642 0.0187218 0.990025 84.465 0.0240473 0.999591 -0.0155108 -5.39273 -0.98991 0.0216415 -0.140035 108.157 
-0.138003 0.0154446 0.990311 85.3224 0.024659 0.999622 -0.0121535 -5.41799 -0.990125 0.0227429 -0.138332 108.052 
-0.136527 0.0151208 0.990521 86.1869 0.0226631 0.99967 -0.0121367 -5.44659 -0.990377 0.0207913 -0.136824 107.958 
-0.135317 0.0192961 0.990614 87.0465 0.0235658 0.99959 -0.0162518 -5.47524 -0.990522 0.0211455 -0.135716 107.859 
-0.133402 0.0255073 0.990734 87.8967 0.0242416 0.999454 -0.0224676 -5.50279 -0.990765 0.0210197 -0.133948 107.76 
-0.13204 0.0289025 0.990823 88.7447 0.0219098 0.999416 -0.0262333 -5.53401 -0.991002 0.0182448 -0.132596 107.668 
-0.130674 0.0265115 0.991071 89.6077 0.0205051 0.999501 -0.0240333 -5.56748 -0.991213 0.0171814 -0.131153 107.573 
-0.129561 0.0239232 0.991283 90.4715 0.020766 0.999555 -0.0214087 -5.60209 -0.991354 0.0178112 -0.13 107.479 
-0.128848 0.0223459 0.991413 91.3375 0.0218909 0.999567 -0.0196846 -5.63383 -0.991423 0.0191666 -0.129282 107.381 
-0.128055 0.021951 0.991524 92.2069 0.0209798 0.999591 -0.01942 -5.66733 -0.991545 0.0183151 -0.128464 107.284 
-0.127562 0.0219016 0.991589 93.0776 0.0203355 0.999604 -0.0194626 -5.69975 -0.991622 0.0176817 -0.127956 107.191 
-0.126642 0.0200476 0.991746 93.9465 0.0233277 0.999579 -0.017227 -5.73321 -0.991674 0.0209535 -0.127057 107.089 
-0.125202 0.0193311 0.991943 94.8122 0.025933 0.999532 -0.0162057 -5.76439 -0.991792 0.0236951 -0.125645 106.984 
-0.124165 0.0206256 0.992047 95.6834 0.0281787 0.999454 -0.0172527 -5.79495 -0.991861 0.0258124 -0.124679 106.88 
-0.123021 0.0226863 0.992145 96.5482 0.0288447 0.999398 -0.0192755 -5.82771 -0.991985 0.0262468 -0.123601 106.782 
-0.122254 0.0243693 0.9922 97.4134 0.0260231 0.999434 -0.0213404 -5.85541 -0.992158 0.0232112 -0.122819 106.694 
-0.121463 0.0201708 0.992391 98.2768 0.0212899 0.999616 -0.0177119 -5.88709 -0.992368 0.0189765 -0.121846 106.607 
-0.121216 0.0180852 0.992461 99.143 0.0167745 0.999729 -0.0161688 -5.92192 -0.992484 0.0146881 -0.121487 106.516 
-0.122224 0.0184391 0.992331 99.9985 0.0133726 0.999767 -0.0169302 -5.95529 -0.992412 0.0112007 -0.122442 106.431 
-0.123421 0.0231296 0.992085 100.845 0.0101592 0.999705 -0.0220434 -5.98486 -0.992302 0.00735818 -0.123619 106.348 
-0.124127 0.0255476 0.991937 101.685 0.00936744 0.999654 -0.0245741 -6.01815 -0.992222 0.0062416 -0.124324 106.259 
-0.124454 0.0259151 0.991887 102.52 0.0103 0.999639 -0.0248252 -6.05441 -0.992172 0.00712682 -0.124676 106.166 
-0.124695 0.0251933 0.991875 103.352 0.0117943 0.999645 -0.0239079 -6.09337 -0.992125 0.00871729 -0.124948 106.071 
-0.124935 0.0260552 0.991823 104.181 0.0130926 0.999611 -0.0246106 -6.12696 -0.992079 0.00991087 -0.125227 105.976 
-0.12554 0.0293462 0.991655 105.01 0.0143939 0.999511 -0.0277564 -6.16112 -0.991984 0.0107893 -0.125901 105.89 
-0.126029 0.0308773 0.991546 105.824 0.0140448 0.999471 -0.0293389 -6.19648 -0.991927 0.0102285 -0.126396 105.8 
-0.127128 0.0312489 0.991394 106.64 0.0124819 0.999475 -0.029903 -6.23355 -0.991808 0.00857298 -0.127452 105.715 
-0.129285 0.030307 0.991144 107.446 0.0109562 0.999516 -0.0291338 -6.27016 -0.991547 0.00709258 -0.129554 105.627 
-0.13229 0.0314114 0.990713 108.246 0.0109155 0.999483 -0.0302318 -6.31149 -0.991151 0.00681479 -0.132565 105.534 
-0.135722 0.0340997 0.99016 109.041 0.0107339 0.9994 -0.0329466 -6.34839 -0.990689 0.00615673 -0.136007 105.445 
-0.138961 0.0355976 0.989658 109.834 0.00911763 0.999357 -0.0346662 -6.38571 -0.990256 0.00420609 -0.139196 105.352 
-0.142238 0.0357334 0.989187 110.622 0.00972276 0.99935 -0.0347024 -6.42453 -0.989785 0.00468161 -0.142493 105.255 
-0.145031 0.0342097 0.988836 111.405 0.010962 0.999396 -0.0329673 -6.46821 -0.989366 0.00605837 -0.145318 105.152 
-0.147446 0.0351387 0.988446 112.183 0.0125158 0.999355 -0.0336595 -6.50765 -0.988991 0.00740827 -0.14779 105.047 
-0.149345 0.0395431 0.987994 112.958 0.00791664 0.999216 -0.0387955 -6.55159 -0.988754 0.0020277 -0.149541 104.95 
-0.151057 0.046437 0.987434 113.727 0.00560175 0.99892 -0.0461202 -6.59754 -0.988509 -0.00143542 -0.151154 104.854 
-0.153596 0.0493882 0.986899 114.491 0.00997518 0.998777 -0.0484301 -6.63963 -0.988083 0.00240581 -0.153901 104.74 
-0.15598 0.0476404 0.986611 115.264 0.0122403 0.998853 -0.0462963 -6.68162 -0.987684 0.00485512 -0.156384 104.623 
-0.159121 0.0398641 0.986454 116.037 0.0106385 0.999196 -0.038663 -6.73068 -0.987202 0.00434227 -0.159417 104.517 
-0.161386 0.037757 0.986169 116.805 0.00981752 0.99928 -0.0366523 -6.77869 -0.986842 0.00376654 -0.161641 104.408 
-0.162825 0.0405995 0.985819 117.568 0.0095612 0.999171 -0.0395702 -6.82381 -0.986609 0.00298261 -0.163078 104.291 
-0.165477 0.0441576 0.985225 118.321 0.00711152 0.999025 -0.0435816 -6.86358 -0.986188 -0.00020531 -0.165629 104.177 
-0.167924 0.0466488 0.984696 119.067 0.0065738 0.998911 -0.0462011 -6.90894 -0.985778 -0.0012851 -0.168048 104.063 
-0.169806 0.050856 0.984164 119.814 0.0107311 0.998704 -0.0497558 -6.96001 -0.985419 0.00211235 -0.170132 103.946 
-0.17176 0.0554482 0.983577 120.559 0.0111483 0.99846 -0.0543404 -7.00719 -0.985076 0.00163171 -0.172113 103.832 
-0.174611 0.0577433 0.982943 121.307 0.0103465 0.998331 -0.0568093 -7.05496 -0.984583 0.00025055 -0.174917 103.716 
-0.177172 0.0553503 0.982622 122.053 0.0113402 0.998466 -0.054198 -7.10527 -0.984115 0.00154072 -0.177528 103.6 
-0.181038 0.0517746 0.982112 122.79 0.0154548 0.99864 -0.049797 -7.15928 -0.983355 0.0061632 -0.181592 103.471 
-0.186599 0.0504723 0.981139 123.527 0.0179014 0.998688 -0.0479705 -7.20595 -0.982273 0.00861253 -0.187258 103.34 
-0.192847 0.0494232 0.979983 124.264 0.0169198 0.99875 -0.04704 -7.25094 -0.981083 0.00750952 -0.193443 103.212 
-0.201319 0.0494729 0.978276 124.994 0.0158435 0.998758 -0.0472482 -7.30172 -0.979398 0.00598734 -0.201853 103.077 
-0.212154 0.0501642 0.975948 125.725 0.0152998 0.99873 -0.0480092 -7.3456 -0.977117 0.00474642 -0.212652 102.934 
-0.223974 0.0509591 0.973262 126.446 0.0158527 0.99869 -0.0486423 -7.39475 -0.974466 0.00453426 -0.224488 102.776 
-0.236385 0.0518712 0.970274 127.163 0.0170492 0.998642 -0.0492341 -7.43971 -0.97151 0.00490418 -0.236948 102.61 
-0.248186 0.0520109 0.967315 127.872 0.0204282 0.998617 -0.0484526 -7.48401 -0.968497 0.0077353 -0.248905 102.435 
-0.259257 0.0519618 0.96441 128.575 0.0237598 0.998593 -0.0474163 -7.53162 -0.965516 0.0106212 -0.260127 102.249 
-0.26928 0.052038 0.961655 129.28 0.0279056 0.998541 -0.0462199 -7.57529 -0.962658 0.0143894 -0.270339 102.053 
-0.278041 0.0527347 0.959121 129.971 0.033715 0.998412 -0.0451213 -7.62032 -0.959977 0.0197912 -0.279378 101.852 
-0.28564 0.0527796 0.956882 130.66 0.0389835 0.998296 -0.0434268 -7.66608 -0.957544 0.0248981 -0.287211 101.646 
-0.291871 0.0529055 0.954993 131.35 0.0394396 0.998286 -0.04325 -7.71106 -0.955644 0.0250411 -0.293458 101.443 
-0.296831 0.0510662 0.953564 132.04 0.0427023 0.99828 -0.0401683 -7.74967 -0.953975 0.0287962 -0.298501 101.239 
-0.298819 0.0483591 0.953084 132.725 0.048547 0.998192 -0.035427 -7.78741 -0.953074 0.0356831 -0.300626 101.025 
-0.299709 0.0470945 0.952868 133.405 0.054799 0.997982 -0.0320881 -7.82253 -0.952456 0.0425991 -0.301684 100.809 
-0.300561 0.0454996 0.952677 134.078 0.0571377 0.997926 -0.0296343 -7.86343 -0.95205 0.0455269 -0.302537 100.604 
-0.300215 0.0508864 0.952513 134.739 0.0598235 0.997615 -0.0344405 -7.90046 -0.951994 0.0466431 -0.302544 100.402 
-0.298986 0.0542883 0.952712 135.402 0.0597532 0.997486 -0.0380875 -7.93376 -0.952385 0.0455399 -0.301478 100.203 
-0.298136 0.0541996 0.952983 136.063 0.0618431 0.997386 -0.0373776 -7.96974 -0.952518 0.0477918 -0.300709 100.005 
-0.296299 0.0527829 0.953636 136.719 0.0630334 0.997376 -0.0356191 -8.00357 -0.953013 0.049557 -0.298849 99.8084 
-0.294345 0.0500576 0.954387 137.369 0.0653213 0.997346 -0.0321648 -8.04466 -0.953464 0.0528743 -0.296833 99.6127 
-0.292966 0.0506306 0.954781 138.019 0.0661647 0.997277 -0.032582 -8.08337 -0.953831 0.0536274 -0.295518 99.4239 
-0.290608 0.0531103 0.955367 138.657 0.0670125 0.997136 -0.0350481 -8.11604 -0.954493 0.0538362 -0.293335 99.2407 
-0.285954 0.0547045 0.956681 139.291 0.0688021 0.996965 -0.0364428 -8.15184 -0.95577 0.0554007 -0.28885 99.0546 
-0.280484 0.053985 0.958339 139.927 0.0701513 0.9969 -0.0356255 -8.18651 -0.957292 0.0572363 -0.283402 98.8771 
-0.274948 0.0521611 0.960043 140.559 0.0714982 0.996872 -0.0336856 -8.22217 -0.958797 0.0593796 -0.277817 98.7053 
-0.270351 0.0502123 0.961452 141.179 0.0714094 0.996934 -0.0319857 -8.25853 -0.96011 0.0600093 -0.273107 98.5412 
-0.266286 0.0494495 0.962625 141.798 0.071741 0.99693 -0.0313664 -8.2932 -0.961221 0.0607072 -0.269016 98.3815 
-0.262614 0.0478391 0.963714 142.42 0.0718323 0.996968 -0.0299154 -8.32758 -0.962223 0.0613696 -0.265254 98.227 
-0.258803 0.0465122 0.96481 143.034 0.0752036 0.996778 -0.0278805 -8.35573 -0.962998 0.0653416 -0.261467 98.0693 
-0.255048 0.0450694 0.965877 143.643 0.0771402 0.996678 -0.026137 -8.38352 -0.963846 0.0678418 -0.257677 97.9146 
-0.251761 0.0435237 0.96681 144.246 0.0754145 0.996833 -0.0252371 -8.41738 -0.964847 0.0665579 -0.254246 97.7696 
-0.248311 0.0443633 0.967664 144.841 0.0721973 0.99702 -0.0271826 -8.44969 -0.965986 0.063113 -0.250774 97.636 
-0.24385 0.0481047 0.968619 145.436 0.073702 0.9968 -0.0309497 -8.47634 -0.967008 0.0638421 -0.246615 97.5015 
-0.238145 0.0512664 0.969876 146.017 0.0751711 0.996583 -0.0342205 -8.50489 -0.968316 0.0647572 -0.241185 97.3677 
-0.231507 0.0521715 0.971433 146.605 0.0742974 0.996593 -0.0358164 -8.53488 -0.969992 0.0638832 -0.234595 97.2408 
-0.223105 0.050639 0.973478 147.2 0.0707745 0.996856 -0.0356347 -8.56652 -0.972222 0.0609472 -0.225988 97.1232 
