1 2.12261e-08 -2.11895e-08 0 2.12261e-08 1 2.10703e-08 0 -2.11895e-08 2.10703e-08 1 0 
0.999998 0.000745929 0.00180552 -0.021767 -0.000744188 0.999999 -0.000941239 -0.0241454 -0.00180626 0.000939936 0.999998 1.22609 
0.999994 0.000911308 0.00336108 -0.0497811 -0.000909442 0.999999 -0.000544018 -0.0413866 -0.00336161 0.000541 0.999994 2.4415 
0.999991 0.000264931 0.00414377 -0.0588703 -0.000263703 1 -0.000286685 -0.0613209 -0.00414388 0.000285632 0.999991 3.65091 
0.999989 8.18797e-05 0.00476011 -0.0729079 -8.14796e-05 1 -7.53027e-05 -0.0813475 -0.00476016 7.49561e-05 0.999989 4.85403 
0.999985 -0.000269585 0.00552235 -0.084792 0.000268954 1 0.000122711 -0.104345 -0.00552243 -0.000121182 0.999985 6.05762 
0.999981 0.000208157 0.00623218 -0.0987394 -0.000202504 1 -0.000900963 -0.123015 -0.00623241 0.000899726 0.99998 7.27293 
0.999978 -1.71473e-05 0.00659469 -0.0939683 2.60452e-05 0.999999 -0.0013427 -0.141204 -0.0065947 0.00134288 0.999977 8.49933 
0.999978 -0.000700526 0.00662462 -0.108086 0.000699151 1 0.000216245 -0.164452 -0.00662481 -0.000211567 0.999978 9.71302 
0.999985 -0.00119945 0.00536924 -0.122308 0.00119323 0.999999 0.00117047 -0.18555 -0.00537068 -0.001164 0.999985 10.9169 
0.999993 -0.00241606 0.00302404 -0.142627 0.00241404 0.999997 0.000685218 -0.20621 -0.00302573 -0.000677871 0.999995 12.1172 
0.999997 -0.00205192 0.00103429 -0.168077 0.00205173 0.999998 0.000227674 -0.225249 -0.0010348 -0.000225509 0.999999 13.3207 
0.999998 -0.00203693 -0.000261469 -0.19278 0.002037 0.999998 0.000134306 -0.248279 0.000261153 -0.000134796 1 14.5366 
0.999999 -0.000645586 -0.00111927 -0.216827 0.000645503 1 -0.000112944 -0.267031 0.0011193 0.000112264 0.999999 15.7572 
0.999998 -0.00106286 -0.00152063 -0.243168 0.00106268 0.999999 -0.000151126 -0.287536 0.00152075 0.000149552 0.999999 16.9685 
0.999996 -0.00197004 -0.00197316 -0.276003 0.00197098 0.999998 0.000452281 -0.311289 0.00197222 -0.000456126 0.999998 18.1842 
0.999994 -0.00237774 -0.00247865 -0.29733 0.00237969 0.999997 0.00076489 -0.33427 0.00247678 -0.000770741 0.999997 19.4028 
0.999993 -0.00197509 -0.00303712 -0.323647 0.00197467 0.999998 -0.000157545 -0.353062 0.00303739 0.000151589 0.999995 20.6138 
0.99999 -0.00253587 -0.00370724 -0.347985 0.00253265 0.999996 -0.000884076 -0.373767 0.00370942 0.00087472 0.999993 21.8138 
0.999988 -0.00184963 -0.00451369 -0.376404 0.00184783 0.999998 -0.000411365 -0.394453 0.0045144 0.000403062 0.99999 23.0338 
0.999985 -0.00163984 -0.00518323 -0.405583 0.00163714 0.999999 -0.00053391 -0.418646 0.00518406 0.000525458 0.999986 24.2394 
0.99998 -0.00183272 -0.00607811 -0.432411 0.00182593 0.999998 -0.00112977 -0.442465 0.00608013 0.00111869 0.999981 25.4438 
0.999975 -0.00153549 -0.006893 -0.463172 0.00153168 0.999999 -0.000564014 -0.461539 0.00689381 0.000553484 0.999976 26.6539 
0.999967 -0.00274947 -0.00765195 -0.489078 0.0027596 0.999995 0.00130762 -0.483532 0.00764828 -0.00132865 0.99997 27.8629 
0.999956 -0.00322601 -0.00884535 -0.51708 0.00323899 0.999994 0.00144873 -0.505203 0.00884058 -0.00147727 0.99996 29.0638 
0.999944 -0.00398721 -0.00982713 -0.545664 0.00399303 0.999992 0.000569162 -0.523357 0.00982473 -0.000608327 0.999952 30.278 
0.999926 -0.00439308 -0.0113128 -0.552495 0.00438584 0.99999 -0.00066877 -0.53713 0.0113156 0.000619147 0.999936 31.524 
0.999919 -0.00362836 -0.0122207 -0.584146 0.0036196 0.999993 -0.00074232 -0.556669 0.0122233 0.000698068 0.999925 32.7194 
0.999911 -0.00439665 -0.0125822 -0.627523 0.0043969 0.99999 -1.1148e-05 -0.583329 0.0125821 -4.41333e-05 0.999921 33.9275 
0.999903 -0.00444137 -0.0131807 -0.665627 0.00444705 0.99999 0.000398547 -0.603615 0.0131787 -0.000457081 0.999913 35.1482 
0.999895 -0.00507716 -0.0136015 -0.707741 0.00508374 0.999987 0.000445828 -0.628816 0.013599 -0.000514884 0.999907 36.3503 
0.999886 -0.00557563 -0.0140679 -0.750823 0.00558174 0.999984 0.000391798 -0.649292 0.0140655 -0.000470234 0.999901 37.5559 
0.999875 -0.0066961 -0.0143265 -0.784792 0.00671222 0.999977 0.00107493 -0.673016 0.014319 -0.00117092 0.999897 38.7712 
0.999878 -0.00645861 -0.0142417 -0.82364 0.00649133 0.999976 0.00224937 -0.691549 0.0142268 -0.0023415 0.999896 39.9889 
0.999881 -0.00621116 -0.0141504 -0.862859 0.0062556 0.999976 0.0030951 -0.712364 0.0141308 -0.00318321 0.999895 41.2147 
0.999884 -0.00565628 -0.0141734 -0.898865 0.00569461 0.99998 0.00266266 -0.731807 0.014158 -0.00274302 0.999896 42.4446 
0.999895 -0.00466486 -0.0137032 -0.942008 0.00469948 0.999986 0.00249191 -0.74741 0.0136914 -0.00255601 0.999903 43.6736 
0.999911 -0.0021205 -0.013142 -0.982358 0.00217605 0.999989 0.004211 -0.762942 0.0131329 -0.00423918 0.999905 44.897 
0.999927 -0.0024947 -0.011819 -1.01151 0.00258162 0.99997 0.00734172 -0.78317 0.0118003 -0.00737166 0.999903 46.1154 
0.999945 -0.00196574 -0.0103487 -1.04138 0.00207256 0.999945 0.0103174 -0.797796 0.0103278 -0.0103383 0.999893 47.3346 
0.99996 -0.00187631 -0.00872549 -1.07622 0.00199348 0.999908 0.0134336 -0.803372 0.00869944 -0.0134504 0.999872 48.5529 
0.999968 -0.00268155 -0.00759426 -1.10082 0.00279348 0.999887 0.0147609 -0.810269 0.00755378 -0.0147816 0.999862 49.7733 
0.99997 -0.00472382 -0.00617276 -1.12251 0.00480459 0.999902 0.0131303 -0.812774 0.00611009 -0.0131595 0.999895 50.9922 
0.999979 -0.00387209 -0.00526871 -1.14653 0.00393261 0.999926 0.0115176 -0.816663 0.00522368 -0.011538 0.99992 52.2056 
0.999984 -0.00347427 -0.00437242 -1.17401 0.00352171 0.999935 0.01088 -0.822061 0.00433429 -0.0108952 0.999931 53.4188 
0.999983 -0.00395345 -0.00435894 -1.20079 0.00399907 0.999937 0.0104974 -0.831704 0.00431712 -0.0105146 0.999935 54.6184 
0.999975 -0.00482944 -0.0051391 -1.22871 0.00487812 0.999943 0.00949335 -0.841443 0.00509292 -0.00951814 0.999942 55.8364 
0.999966 -0.00483523 -0.00661878 -1.26156 0.00490096 0.999939 0.00994503 -0.851948 0.00657024 -0.00997709 0.999929 57.0531 
0.999957 -0.00495326 -0.00787146 -1.29546 0.00504055 0.999926 0.0111029 -0.859718 0.00781584 -0.011142 0.999907 58.2708 
0.999944 -0.00534434 -0.00916632 -1.32212 0.00544949 0.999919 0.01148 -0.871072 0.00910418 -0.0115292 0.999892 59.498 
0.99994 -0.00464344 -0.0099224 -1.3604 0.00475388 0.999927 0.0111317 -0.879569 0.00986994 -0.0111782 0.999889 60.7078 
0.999935 -0.00439858 -0.0104997 -1.39636 0.00451601 0.999927 0.0111829 -0.891128 0.0104497 -0.0112296 0.999882 61.9241 
0.999929 -0.00525898 -0.0107233 -1.42802 0.00537357 0.999929 0.010682 -0.902274 0.0106663 -0.0107388 0.999885 63.1393 
0.999917 -0.00650145 -0.0111198 -1.45753 0.00661045 0.99993 0.00978993 -0.913796 0.0110553 -0.00986258 0.99989 64.3606 
0.999913 -0.00661634 -0.0113756 -1.49512 0.00674362 0.999915 0.0111838 -0.924244 0.0113006 -0.0112595 0.999873 65.5662 
0.999908 -0.00670836 -0.0117768 -1.52509 0.00685744 0.999896 0.0126614 -0.933299 0.0116906 -0.012741 0.999851 66.7817 
0.999911 -0.00606558 -0.0119014 -1.56416 0.00619744 0.99992 0.0110707 -0.942118 0.0118332 -0.0111435 0.999868 67.9897 
0.999923 -0.0044325 -0.0116255 -1.60687 0.00454662 0.999942 0.00980492 -0.948657 0.0115813 -0.00985698 0.999884 69.1951 
0.999934 -0.00222805 -0.0112686 -1.65161 0.00234287 0.999945 0.0101821 -0.961341 0.0112453 -0.0102078 0.999885 70.4102 
0.99994 -0.000383438 -0.0109473 -1.69326 0.000496729 0.999946 0.0103441 -0.971415 0.0109427 -0.0103489 0.999887 71.61 
0.99994 0.00107794 -0.0109282 -1.72804 -0.000959322 0.999941 0.0108497 -0.979619 0.0109392 -0.0108385 0.999881 72.8103 
0.999953 0.00147931 -0.00962175 -1.76305 -0.00136474 0.999928 0.0118982 -0.989653 0.00963862 -0.0118844 0.999883 74.0038 
0.999964 0.0034479 -0.00770245 -1.7938 -0.00335158 0.999917 0.0124788 -0.994318 0.00774479 -0.0124525 0.999893 75.2011 
0.999986 0.00193619 -0.00486524 -1.82284 -0.00188527 0.999944 0.0104399 -1.00607 0.00488514 -0.0104305 0.999934 76.3947 
0.999997 -0.000818718 -0.00213223 -1.84375 0.000830411 0.999985 0.00546867 -1.01555 0.00212767 -0.00547038 0.999983 77.5738 
1 -4.08048e-07 0.000186035 -1.86266 -4.97635e-07 0.999987 0.00509594 -1.02935 -0.000186078 -0.0050959 0.999987 78.7551 
0.999995 -0.00124933 0.00294697 -1.87952 0.001224 0.999962 0.00859599 -1.04286 -0.00295764 -0.0085923 0.999959 79.9353 
0.999977 -0.000949183 0.0066549 -1.89911 0.000884607 0.999953 0.00970607 -1.04518 -0.00666384 -0.00969992 0.999931 81.0948 
0.99994 -0.00077014 0.0109205 -1.91113 0.000682545 0.999968 0.00802654 -1.05532 -0.0109264 -0.00801857 0.999908 82.2589 
0.99989 -0.00122188 0.0147949 -1.92622 0.00114699 0.999987 0.005072 -1.07459 -0.014801 -0.00505443 0.999878 83.4381 
0.999824 -0.00278909 0.0185438 -1.92732 0.00275331 0.999994 0.00195725 -1.09363 -0.0185492 -0.00190581 0.999826 84.5896 
0.999749 -0.00355951 0.022126 -1.92389 0.00353656 0.999993 0.00107813 -1.11506 -0.0221297 -0.000999567 0.999755 85.7678 
0.999657 -0.00346783 0.0259759 -1.92181 0.00339405 0.99999 0.00288544 -1.13463 -0.0259857 -0.00279624 0.999658 86.9533 
0.999551 -0.00234589 0.029872 -1.9123 0.00224644 0.999992 0.00336354 -1.15475 -0.0298797 -0.00329488 0.999548 88.1212 
0.999419 -0.00290808 0.0339642 -1.89775 0.00286218 0.999995 0.00140118 -1.17529 -0.0339682 -0.00130312 0.999422 89.2815 
0.999294 -0.00304075 0.0374395 -1.87858 0.00307267 0.999995 -0.00079389 -1.19654 -0.0374369 0.000908411 0.999299 90.4419 
0.999181 -0.00335959 0.0403278 -1.84802 0.00340034 0.999994 -0.000941019 -1.2202 -0.0403244 0.00107742 0.999186 91.6061 
0.999047 -0.00427581 0.0434436 -1.82243 0.00426964 0.999991 0.000235863 -1.23543 -0.0434442 -5.01086e-05 0.999056 92.7831 
0.998927 -0.00449351 0.0460991 -1.78803 0.0044224 0.999989 0.00164525 -1.25142 -0.046106 -0.00143958 0.998936 93.9578 
0.998796 -0.00545299 0.0487471 -1.74918 0.00529076 0.99998 0.00345725 -1.2696 -0.0487651 -0.00319514 0.998805 95.1316 
0.998671 -0.00702916 0.051057 -1.7043 0.00680742 0.999967 0.00451635 -1.28607 -0.0510871 -0.00416274 0.998686 96.275 
0.998548 -0.00805117 0.0532657 -1.65882 0.0079464 0.999966 0.00217937 -1.29991 -0.0532815 -0.00175289 0.998578 97.4437 
0.998423 -0.00943624 0.0553467 -1.61065 0.00952659 0.999954 -0.00136807 -1.3204 -0.0553312 0.00189321 0.998466 98.6141 
0.998313 -0.00909265 0.057339 -1.5659 0.00934907 0.999947 -0.00420454 -1.34428 -0.0572978 0.00473356 0.998346 99.782 
0.998208 -0.00879464 0.0591868 -1.52637 0.00910527 0.999946 -0.00497991 -1.36953 -0.0591399 0.00550994 0.998235 100.964 
0.99818 -0.00875566 0.0596632 -1.4838 0.00903637 0.999949 -0.00443609 -1.39093 -0.0596213 0.0049672 0.998209 102.157 
0.998208 -0.00858685 0.0592193 -1.44682 0.00875688 0.999958 -0.00261157 -1.41359 -0.0591945 0.00312551 0.998242 103.359 
0.998277 -0.00921647 0.0579558 -1.40364 0.00930129 0.999956 -0.0011931 -1.43798 -0.0579423 0.00173014 0.998318 104.564 
0.998378 -0.00872493 0.0562545 -1.36457 0.00876432 0.999962 -0.000452735 -1.4552 -0.0562484 0.000945074 0.998416 105.797 
0.998521 -0.00838126 0.053726 -1.31623 0.00839534 0.999965 -3.56782e-05 -1.47321 -0.0537239 0.000486715 0.998556 107.021 
0.998665 -0.00770256 0.0510711 -1.29091 0.00771138 0.99997 2.51785e-05 -1.49533 -0.0510698 0.000368725 0.998695 108.236 
0.998852 -0.00627548 0.0474855 -1.26313 0.00630617 0.99998 -0.000495684 -1.514 -0.0474814 0.000794608 0.998872 109.461 
0.999022 -0.00599318 0.0437998 -1.23982 0.00600284 0.999982 -8.79534e-05 -1.53635 -0.0437985 0.000350832 0.99904 110.686 
0.999186 -0.00545249 0.039981 -1.21857 0.00541783 0.999985 0.000976142 -1.56126 -0.0399857 -0.000758696 0.9992 111.925 
0.999337 -0.00497659 0.0360596 -1.2089 0.00491286 0.999986 0.00185677 -1.58202 -0.0360684 -0.00167835 0.999348 113.158 
0.999484 -0.00510652 0.0317153 -1.19708 0.00502863 0.999984 0.00253659 -1.60355 -0.0317278 -0.00237576 0.999494 114.421 
0.999625 -0.00451496 0.0269992 -1.18288 0.00444901 0.999987 0.00250395 -1.61752 -0.0270102 -0.00238285 0.999632 115.666 
0.999748 -0.00379256 0.0221483 -1.18155 0.00374183 0.99999 0.0023336 -1.63316 -0.022157 -0.0022501 0.999752 116.907 
0.999844 -0.00318947 0.0173786 -1.18481 0.00315648 0.999993 0.00192798 -1.6485 -0.0173847 -0.00187278 0.999847 118.166 
0.999915 -0.00219983 0.0128295 -1.1964 0.00218349 0.999997 0.00129071 -1.66622 -0.0128324 -0.00126255 0.999917 119.42 
0.999955 -0.000217928 0.00950362 -1.21824 0.000207798 0.999999 0.00107142 -1.68042 -0.00950389 -0.00106936 0.999954 120.658 
0.999972 0.00165163 0.00737186 -1.23392 -0.00166127 0.999998 0.00130815 -1.70434 -0.00736973 -0.00132032 0.999972 121.905 
0.999976 0.00277453 0.00634316 -1.25119 -0.00278059 0.999996 0.000953158 -1.72233 -0.00634053 -0.000970731 0.999979 123.148 
0.999975 0.00469803 0.00523859 -1.27019 -0.00470347 0.999988 0.00103356 -1.73754 -0.00523372 -0.00105813 0.999986 124.399 
0.999971 0.00635106 0.00421241 -1.29223 -0.00635872 0.999978 0.00181573 -1.75333 -0.00420083 -0.00184242 0.99999 125.658 
0.999974 0.00617459 0.00377248 -1.31237 -0.00618282 0.999979 0.00218375 -1.76843 -0.00375896 -0.00220697 0.999991 126.922 
0.999943 0.0101882 0.00323616 -1.35101 -0.0102012 0.99994 0.00403568 -1.78161 -0.00319489 -0.00406842 0.999987 128.166 
0.999934 0.0112346 0.00251967 -1.37061 -0.0112526 0.99991 0.00728611 -1.79699 -0.00243763 -0.00731394 0.99997 129.432 
0.999946 0.0101893 0.00220857 -1.39894 -0.0102043 0.999924 0.00689902 -1.80743 -0.00213815 -0.00692114 0.999974 130.716 
0.999947 0.0100989 0.00192471 -1.42832 -0.0101091 0.999934 0.00543482 -1.81911 -0.00186974 -0.00545395 0.999983 131.994 
0.999974 0.00720925 0.000917375 -1.44658 -0.00721512 0.999952 0.00661348 -1.83158 -0.000869696 -0.00661988 0.999978 133.277 
0.999988 0.00487013 -0.000159077 -1.46631 -0.00486858 0.999953 0.00840057 -1.84004 0.000199939 -0.00839965 0.999965 134.547 
0.999999 0.00146443 -0.000396246 -1.49472 -0.00146021 0.999946 0.0103382 -1.84993 0.000411322 -0.0103376 0.999947 135.843 
1 -0.000473411 -0.000813771 -1.51696 0.000482692 0.999935 0.0113899 -1.85934 0.000808283 -0.0113902 0.999935 137.116 
0.999988 -0.0048968 -0.000744112 -1.53143 0.00490374 0.999942 0.00957454 -1.86798 0.000697142 -0.00957803 0.999954 138.396 
0.999973 -0.0073147 -0.000815601 -1.55273 0.00732146 0.999937 0.00855969 -1.87571 0.000752895 -0.00856539 0.999963 139.669 
0.999962 -0.00872059 -0.000575201 -1.57247 0.00872511 0.999927 0.00831335 -1.88716 0.00050262 -0.00831801 0.999965 140.947 
0.999961 -0.00885132 -7.5473e-05 -1.59252 0.00885168 0.999924 0.00858652 -1.89627 -5.77114e-07 -0.00858681 0.999963 142.229 
0.999967 -0.00806934 0.000486479 -1.61627 0.00806385 0.999913 0.0104678 -1.90408 -0.000570948 -0.0104635 0.999945 143.518 
0.999981 -0.00604404 0.00116256 -1.64258 0.00602973 0.99991 0.0119782 -1.91796 -0.00123489 -0.0119709 0.999928 144.813 
0.99998 -0.00600207 0.00198884 -1.66762 0.00598095 0.999927 0.0104816 -1.93246 -0.00205165 -0.0104694 0.999943 146.109 
0.999983 -0.00529891 0.00244352 -1.68973 0.00527775 0.999949 0.00860238 -1.94316 -0.00248903 -0.00858929 0.99996 147.398 
0.999979 -0.00575901 0.0028387 -1.70875 0.0057412 0.999964 0.00625746 -1.95986 -0.00287468 -0.006241 0.999976 148.665 
0.99997 -0.0070291 0.00319627 -1.72983 0.00702238 0.999973 0.00212328 -1.97627 -0.00321115 -0.00210073 0.999993 149.952 
0.999968 -0.00717484 0.00346792 -1.74504 0.00717987 0.999973 -0.00142659 -1.99571 -0.00345764 0.00145149 0.999993 151.24 
0.999966 -0.00740712 0.00369328 -1.76376 0.00741571 0.99997 -0.00230523 -2.01898 -0.00367614 0.00233259 0.999991 152.525 
0.999968 -0.00712306 0.00354917 -1.77917 0.00713004 0.999973 -0.00194465 -2.04867 -0.00353526 0.00196994 0.999992 153.793 
0.999976 -0.00613564 0.00328176 -1.78875 0.0061402 0.99998 -0.0013673 -2.07522 -0.00327335 0.00138746 0.999994 155.067 
0.99998 -0.00541509 0.00318533 -1.81433 0.00541627 0.999985 -0.000349977 -2.09849 -0.00318343 0.000367265 0.999995 156.375 
0.999984 -0.004915 0.00273177 -1.83201 0.00491447 0.999988 0.000216223 -2.12479 -0.00273284 -0.000202752 0.999996 157.649 
0.999986 -0.00477042 0.00227215 -1.85085 0.00477087 0.999989 -0.000173798 -2.14784 -0.00227134 0.000184678 0.999997 158.918 
0.999989 -0.00443066 0.00127489 -1.86513 0.00443068 0.99999 1.85511e-05 -2.16871 -0.001275 -1.28601e-05 0.999999 160.205 
0.999987 -0.00500029 0.000569299 -1.88299 0.00499966 0.999987 0.00117606 -2.18896 -0.000575215 -0.00117316 0.999999 161.497 
0.999992 -0.0040966 1.32716e-05 -1.91103 0.00409662 0.99999 0.00156537 -2.21313 -1.97265e-05 -0.00156526 0.999999 162.779 
0.999993 -0.00364987 -0.000606707 -1.93612 0.00365034 0.999993 0.000702717 -2.23727 0.000604096 -0.000704884 1 164.055 
0.999992 -0.00362967 -0.00143004 -1.96042 0.00362893 0.999993 -0.000544705 -2.2581 0.00143197 0.000539554 0.999999 165.316 
0.999994 -0.0027734 -0.00216373 -1.98661 0.00277227 0.999996 -0.000546384 -2.28169 0.0021652 0.000540425 0.999998 166.59 
0.99999 -0.00322797 -0.00298103 -2.01288 0.00322407 0.999994 -0.00132656 -2.30807 0.00298525 0.00131698 0.999995 167.863 
0.99999 -0.00270066 -0.00356404 -2.04355 0.00269253 0.999994 -0.00229666 -2.33414 0.00357018 0.00228708 0.999991 169.148 
0.999988 -0.00274162 -0.00405354 -2.07728 0.00273351 0.999994 -0.00201504 -2.35973 0.004059 0.00200398 0.99999 170.436 
0.999985 -0.00271803 -0.00477766 -2.10713 0.00271564 0.999996 -0.000514094 -2.389 0.004779 0.000501154 0.999988 171.721 
0.999981 -0.00260535 -0.00556669 -2.13747 0.00260432 0.999997 -0.000200015 -2.41119 0.00556715 0.000185556 0.999985 172.998 
0.999977 -0.00251518 -0.00626419 -2.17041 0.00251577 0.999997 7.96193e-05 -2.4317 0.00626393 -9.53345e-05 0.99998 174.286 
0.999975 -0.00198809 -0.00681572 -2.20827 0.00199092 0.999998 0.000401367 -2.45387 0.00681486 -0.000414884 0.999977 175.566 
0.999971 -0.00169365 -0.00736991 -2.24126 0.00169044 0.999999 -0.000447009 -2.47581 0.00737061 0.00043458 0.999973 176.838 
0.999969 -0.000741007 -0.0078515 -2.27761 0.00073353 0.999999 -0.000960503 -2.49697 0.00785217 0.000954757 0.999969 178.113 
0.999966 -0.000597512 -0.00827187 -2.31097 0.000593215 1 -0.000526997 -2.5197 0.00827214 0.000522114 0.999966 179.391 
0.999964 -0.000836598 -0.00844689 -2.34165 0.000823127 0.999998 -0.00160316 -2.54636 0.00844817 0.00159619 0.999963 180.679 
0.999962 -0.00214832 -0.00843667 -2.37564 0.00212172 0.999993 -0.0031655 -2.56938 0.00844337 0.00314752 0.999959 181.955 
0.99995 -0.0052434 -0.00855183 -2.40611 0.00521795 0.999982 -0.00300131 -2.59347 0.00856737 0.00295657 0.999959 183.229 
0.999947 -0.00507816 -0.0089458 -2.43974 0.00508619 0.999987 0.00087055 -2.61983 0.00894122 -0.000915962 0.99996 184.504 
0.999938 -0.00624553 -0.00918425 -2.46982 0.00629512 0.999966 0.00537548 -2.64427 0.00915032 -0.00543292 0.999943 185.774 
0.999948 -0.00492027 -0.00897106 -2.50903 0.00496246 0.999977 0.00468112 -2.66079 0.00894777 -0.00472535 0.999949 187.022 
0.999957 -0.00320429 -0.00865169 -2.54667 0.0032176 0.999994 0.00152088 -2.67853 0.00864672 -0.00154861 0.999961 188.269 
0.999957 -0.00251321 -0.00895591 -2.58405 0.0025101 0.999997 -0.00036345 -2.69692 0.00895675 0.000340996 0.99996 189.513 
0.999955 -0.0025529 -0.00915103 -2.61515 0.00255013 0.999997 -0.000318571 -2.71615 0.00915177 0.000295263 0.999958 190.77 
0.999956 -0.00285812 -0.00890196 -2.65134 0.002867 0.999995 0.000980128 -2.73984 0.00889908 -0.00100556 0.99996 192.02 
0.99996 -0.00243912 -0.00859501 -2.68209 0.00246401 0.999993 0.00288179 -2.75746 0.00858788 -0.00290281 0.999959 193.291 
0.999967 -0.00303536 -0.00756511 -2.72008 0.00306446 0.999988 0.00383143 -2.78109 0.00755335 -0.00385444 0.999964 194.549 
0.999978 -0.00293536 -0.00590733 -2.75648 0.00295519 0.99999 0.00334467 -2.80464 0.00589741 -0.00336201 0.999977 195.802 
0.999981 -0.00407169 -0.00464611 -2.78237 0.0040806 0.99999 0.00189943 -2.82758 0.00463829 -0.00191831 0.999987 197.045 
0.999986 -0.00412148 -0.00345955 -2.81521 0.00412381 0.999991 0.000654878 -2.85354 0.00345678 -0.000669093 0.999994 198.254 
0.999986 -0.00493042 -0.00203586 -2.83545 0.0049306 0.999988 6.25053e-05 -2.87359 0.00203548 -7.25001e-05 0.999998 199.506 
0.999992 -0.00385929 -0.000911797 -2.85381 0.00386003 0.999992 0.000768742 -2.89166 0.000908781 -0.000772214 0.999999 200.736 
0.99999 -0.00443256 0.000624319 -2.8795 0.00443094 0.999987 0.00263309 -2.91529 -0.000636024 -0.00263025 0.999996 201.971 
0.999993 -0.00335935 0.00156666 -2.89792 0.00335448 0.99999 0.00312683 -2.93623 -0.00157719 -0.00312151 0.999994 203.21 
0.99999 -0.00356932 0.00260455 -2.91385 0.00356099 0.999989 0.00321032 -2.95782 -0.00261603 -0.00320097 0.999991 204.44 
0.999989 -0.00327586 0.00342602 -2.92774 0.00326451 0.999989 0.00332447 -2.97732 -0.00343692 -0.00331321 0.999989 205.654 
0.999985 -0.00349168 0.00432256 -2.94166 0.00347628 0.999988 0.00357555 -2.9987 -0.00433503 -0.00356043 0.999984 206.857 
0.999982 -0.00307376 0.00521043 -2.95854 0.00305566 0.999989 0.00348704 -3.01766 -0.00522114 -0.00347101 0.99998 208.057 
0.999977 -0.0031932 0.00605713 -2.97831 0.00317148 0.999989 0.00359848 -3.03846 -0.0060686 -0.00357914 0.999975 209.26 
0.99997 -0.00433553 0.00643143 -2.98888 0.00431258 0.999984 0.00358377 -3.05862 -0.00644691 -0.00355589 0.999973 210.449 
0.999968 -0.00459957 0.00647883 -2.99448 0.00457135 0.99998 0.00437061 -3.07653 -0.00649884 -0.00434082 0.99997 211.623 
0.999967 -0.00503473 0.00632907 -3.01157 0.00500133 0.999974 0.00528884 -3.09062 -0.00635558 -0.00525697 0.999966 212.782 
0.999972 -0.00526726 0.00537485 -3.02434 0.00523932 0.999973 0.00520755 -3.11131 -0.00540218 -0.0051792 0.999972 213.889 
0.999976 -0.00486334 0.0049762 -3.04004 0.00484221 0.999979 0.00425763 -3.13027 -0.00499684 -0.00423339 0.999979 215.006 
0.999979 -0.00467163 0.00451334 -3.05747 0.00465527 0.999983 0.0036392 -3.15285 -0.0045303 -0.00361807 0.999983 216.109 
0.999981 -0.00488715 0.00364679 -3.06513 0.0048749 0.999982 0.00337189 -3.17059 -0.00366324 -0.00335401 0.999988 217.198 
0.999983 -0.00536803 0.00216158 -3.08002 0.00536053 0.99998 0.00347993 -3.19187 -0.00218026 -0.00346824 0.999992 218.266 
0.999982 -0.00598183 0.000292638 -3.08884 0.00598062 0.999974 0.00411067 -3.20758 -0.000317262 -0.0041088 0.999992 219.345 
0.999974 -0.00702182 -0.00193756 -3.10338 0.00703254 0.99996 0.00556131 -3.22009 0.00189839 -0.00557475 0.999983 220.414 
0.999963 -0.00712563 -0.00474559 -3.11286 0.00716019 0.999948 0.00729666 -3.23945 0.0046933 -0.00733033 0.999962 221.461 
0.999951 -0.006924 -0.00711905 -3.1373 0.00697617 0.999949 0.00732422 -3.25516 0.00706793 -0.00737348 0.999948 222.498 
0.999927 -0.00686357 -0.00994359 -3.16015 0.0069332 0.999952 0.00698064 -3.27161 0.00989516 -0.00704903 0.999926 223.508 
0.999893 -0.00678963 -0.0129263 -3.18415 0.00688332 0.99995 0.00721375 -3.28716 0.0128767 -0.00730192 0.99989 224.504 
0.999857 -0.00626806 -0.0157133 -3.2187 0.00639056 0.99995 0.00775506 -3.30448 0.0156638 -0.00785432 0.999847 225.466 
0.999805 -0.00601634 -0.018805 -3.24996 0.00615895 0.999953 0.0075328 -3.32025 0.0187588 -0.00764711 0.999795 226.409 
0.999735 -0.00624229 -0.0221794 -3.28156 0.00640172 0.999954 0.00712259 -3.33601 0.0221339 -0.00726264 0.999729 227.323 
0.999641 -0.00654251 -0.0259875 -3.31226 0.00671612 0.999956 0.0065972 -3.35299 0.0259432 -0.00676933 0.999641 228.212 
0.999545 -0.00565674 -0.0296267 -3.34686 0.00584887 0.999962 0.0064009 -3.36991 0.0295893 -0.00657122 0.999541 229.082 
0.999455 -0.00534118 -0.0325802 -3.39159 0.0055296 0.999969 0.00569453 -3.38619 0.0325488 -0.00587154 0.999453 229.921 
0.999361 -0.0037162 -0.0355475 -3.42643 0.00392242 0.999976 0.00573199 -3.40145 0.0355253 -0.00586772 0.999352 230.758 
0.999343 -0.00281589 -0.0361403 -3.47236 0.00304655 0.999975 0.00632767 -3.41521 0.0361216 -0.00643357 0.999327 231.565 
0.999364 -0.00264617 -0.0355702 -3.51777 0.00290694 0.999969 0.0072801 -3.42676 0.0355498 -0.00737883 0.999341 232.352 
0.999381 -0.00231525 -0.0350984 -3.55946 0.00260575 0.999963 0.00823219 -3.44142 0.035078 -0.00831851 0.99935 233.117 
0.999385 -0.0025767 -0.0349593 -3.59443 0.0028492 0.999966 0.00774591 -3.45326 0.0349382 -0.00784071 0.999359 233.869 
0.999397 -0.00206859 -0.0346549 -3.63369 0.00227025 0.999981 0.00577951 -3.46412 0.0346423 -0.00585466 0.999383 234.603 
0.999422 -0.00216932 -0.0339401 -3.66831 0.0022966 0.999991 0.00371056 -3.47621 0.0339317 -0.00378632 0.999417 235.334 
0.999462 -0.00215544 -0.0327365 -3.70654 0.00223354 0.999995 0.00234815 -3.48879 0.0327312 -0.00241997 0.999461 236.06 
0.999499 -0.00174884 -0.0316116 -3.73819 0.0018128 0.999996 0.00199323 -3.50326 0.031608 -0.0020495 0.999498 236.791 
0.999548 -0.00227206 -0.0299782 -3.76826 0.00232822 0.999996 0.00183725 -3.51387 0.0299738 -0.00190617 0.999549 237.518 
0.999601 -0.00229716 -0.0281477 -3.79883 0.00234955 0.999996 0.00182689 -3.52359 0.0281433 -0.00189225 0.999602 238.246 
0.999654 -0.00217833 -0.026207 -3.82587 0.00222157 0.999996 0.0016193 -3.53482 0.0262033 -0.00167692 0.999655 238.972 
0.999706 -0.00239938 -0.0241202 -3.85449 0.00243249 0.999996 0.00134181 -3.54712 0.0241169 -0.00140004 0.999708 239.691 
0.999773 -0.00218192 -0.0212141 -3.88285 0.00221552 0.999996 0.00155847 -3.55745 0.0212106 -0.00160507 0.999774 240.42 
0.999827 -0.00322658 -0.0182939 -3.89755 0.00326917 0.999992 0.0022963 -3.56997 0.0182863 -0.00235567 0.99983 241.147 
0.999874 -0.0043048 -0.0152719 -3.92252 0.00434797 0.999987 0.00279179 -3.58523 0.0152597 -0.00285779 0.99988 241.874 
0.999918 -0.00455059 -0.0119827 -3.94777 0.0045862 0.999985 0.00294193 -3.5986 0.0119691 -0.0029966 0.999924 242.589 
0.999947 -0.00487952 -0.00911077 -3.96137 0.00490282 0.999985 0.00253201 -3.60908 0.00909823 -0.0025765 0.999955 243.291 
0.99997 -0.00494805 -0.00603739 -3.97791 0.00496206 0.999985 0.00229994 -3.61942 0.00602587 -0.00232979 0.999979 243.99 
0.999988 -0.00396248 -0.00302519 -3.99306 0.00396621 0.999991 0.00121337 -3.628 0.00302031 -0.00122531 0.999995 244.694 
0.999992 -0.00389043 -6.97999e-05 -4.00107 0.00389052 0.999992 0.000642095 -3.6389 6.7259e-05 -0.000642319 1 245.406 
0.999989 -0.00380908 0.0028434 -4.01057 0.00380472 0.999992 0.00155084 -3.64906 -0.00284932 -0.00153997 0.999995 246.11 
0.999978 -0.00379707 0.00552282 -4.02032 0.00378488 0.99999 0.00222292 -3.66124 -0.00553125 -0.00220193 0.999982 246.817 
0.999963 -0.00414708 0.0075779 -4.0222 0.0041294 0.999989 0.002353 -3.67484 -0.00758761 -0.00232158 0.999969 247.524 
0.999943 -0.00364616 0.0100552 -4.02955 0.00364119 0.999993 0.000516428 -3.68393 -0.0100571 -0.000479743 0.999949 248.227 
0.999926 -0.00370886 0.0115685 -4.03121 0.00372894 0.999992 -0.00171154 -3.69627 -0.0115621 0.0017546 0.999932 248.937 
0.999905 -0.00570847 0.0125483 -4.03224 0.0057482 0.999979 -0.00312849 -3.70985 -0.0125303 0.00320037 0.999916 249.651 
0.999905 -0.00561933 0.0126185 -4.03285 0.00566323 0.999978 -0.0034428 -3.7227 -0.0125989 0.00351397 0.999914 250.374 
0.999896 -0.00635675 0.0129383 -4.03475 0.00640858 0.999972 -0.00396543 -3.73618 -0.0129128 0.00404798 0.999908 251.098 
0.999903 -0.00537407 0.0128593 -4.03556 0.00542959 0.999976 -0.00428349 -3.75243 -0.012836 0.00435294 0.999908 251.834 
0.999898 -0.00457877 0.0135022 -4.04887 0.0046418 0.999979 -0.00463722 -3.77431 -0.0134807 0.00469946 0.999898 252.58 
0.999887 -0.0053843 0.0140335 -4.0595 0.00547672 0.999964 -0.00655249 -3.78789 -0.0139978 0.00662865 0.99988 253.35 
0.99985 -0.00907815 0.0147463 -4.0666 0.0092087 0.999919 -0.00880649 -3.80153 -0.0146652 0.00894101 0.999853 254.127 
0.999804 -0.0121932 0.0156254 -4.06271 0.0123424 0.999879 -0.00948604 -3.81772 -0.0155079 0.00967708 0.999833 254.905 
0.999816 -0.00980652 0.0164914 -4.07573 0.00990061 0.999935 -0.00563073 -3.83267 -0.0164351 0.00579301 0.999848 255.689 
0.999837 -0.00570678 0.0171516 -4.08651 0.0056997 0.999984 0.000464294 -3.84564 -0.0171541 -0.000366417 0.999853 256.478 
0.999816 -0.0065854 0.0179949 -4.08576 0.00651143 0.99997 0.00416892 -3.86315 -0.0180219 -0.00405094 0.999829 257.269 
0.999764 -0.00763638 0.0203438 -4.08014 0.00759325 0.999969 0.00219872 -3.87428 -0.02036 -0.00204369 0.999791 258.061 
0.999677 -0.00647104 0.0245806 -4.0768 0.00657244 0.99997 -0.00404476 -3.88317 -0.0245537 0.00420505 0.99969 258.855 
0.999591 -0.00447625 0.0282388 -4.06884 0.00469419 0.99996 -0.00765433 -3.89537 -0.0282034 0.0077838 0.999572 259.669 
0.999492 -0.00284511 0.0317306 -4.06404 0.00308122 0.999968 -0.00739336 -3.91006 -0.0317086 0.00748742 0.999469 260.489 
0.999371 -0.00439852 0.0351826 -4.04961 0.00457858 0.999977 -0.0050375 -3.92723 -0.0351596 0.00519546 0.999368 261.325 
0.999239 -0.00736614 0.0383075 -4.03002 0.00743953 0.999971 -0.00177248 -3.94169 -0.0382934 0.00205617 0.999264 262.165 
0.999104 -0.00948471 0.0412565 -4.00726 0.00950202 0.999955 -0.000222598 -3.95375 -0.0412526 0.000614461 0.999149 263.004 
0.998977 -0.00842514 0.0444296 -3.98801 0.00842123 0.999965 0.000276123 -3.96535 -0.0444304 9.83534e-05 0.999013 263.835 
0.99886 -0.00675674 0.0472571 -3.97486 0.00684366 0.999975 -0.0016768 -3.98445 -0.0472447 0.00199834 0.998881 264.67 
0.998753 -0.0062675 0.0495254 -3.94719 0.00646382 0.999972 -0.00380407 -4.00312 -0.0495002 0.00411949 0.998766 265.509 
0.998614 -0.00609466 0.0522687 -3.92399 0.00630391 0.999973 -0.00383857 -4.01848 -0.0522439 0.00416279 0.998626 266.35 
0.998457 -0.00517363 0.0552855 -3.89542 0.00527751 0.999985 -0.0017323 -4.03701 -0.0552757 0.00202144 0.998469 267.202 
0.998277 -0.00391154 0.0585398 -3.863 0.0039209 0.999992 -4.42253e-05 -4.0553 -0.0585393 0.000273719 0.998285 268.055 
0.998102 -0.00326813 0.0614982 -3.82309 0.00327866 0.999995 -6.94868e-05 -4.07138 -0.0614977 0.000271027 0.998107 268.91 
0.997903 -0.00314788 0.0646436 -3.79142 0.00319241 0.999995 -0.000584962 -4.084 -0.0646415 0.000790145 0.997908 269.756 
0.9977 -0.00465032 0.0676214 -3.75216 0.00472637 0.999988 -0.000964153 -4.09648 -0.0676162 0.00128158 0.997711 270.606 
0.997534 -0.0075966 0.0697687 -3.71224 0.00763054 0.999971 -0.000219386 -4.1105 -0.069765 0.000751259 0.997563 271.465 
0.997451 -0.00847423 0.070851 -3.66781 0.00853198 0.999964 -0.000511835 -4.12113 -0.0708441 0.00111507 0.997487 272.318 
0.997394 -0.00976326 0.0714793 -3.62277 0.0098139 0.999952 -0.00035676 -4.13929 -0.0714724 0.00105736 0.997442 273.174 
0.997344 -0.00953832 0.072209 -3.584 0.00958348 0.999954 -0.000278255 -4.15169 -0.0722031 0.00096957 0.99739 274.03 
0.997353 -0.008899 0.0721591 -3.5374 0.00891358 0.99996 0.000120524 -4.16047 -0.0721573 0.000523032 0.997393 274.898 
0.997383 -0.00846314 0.0718088 -3.49679 0.00845185 0.999964 0.0004617 -4.17414 -0.0718102 0.000146467 0.997418 275.758 
0.997473 -0.00868252 0.0705165 -3.44871 0.00872847 0.999962 -0.000342815 -4.19097 -0.0705109 0.000957491 0.997511 276.617 
0.997587 -0.00843645 0.068909 -3.40905 0.00854264 0.999963 -0.00124592 -4.20406 -0.068896 0.00183162 0.997622 277.476 
0.997696 -0.00725542 0.0674603 -3.37008 0.00741787 0.99997 -0.00215723 -4.21564 -0.0674427 0.00265271 0.99772 278.348 
0.997795 -0.00651971 0.0660524 -3.33367 0.00669756 0.999975 -0.00247088 -4.2323 -0.0660347 0.00290786 0.997813 279.204 
0.997916 -0.00522367 0.06431 -3.29699 0.00540446 0.999982 -0.00263691 -4.25122 -0.0642951 0.00297902 0.997927 280.052 
0.998036 -0.00494962 0.0624464 -3.26927 0.00509697 0.999985 -0.00219986 -4.2661 -0.0624346 0.00251386 0.998046 280.908 
0.998192 -0.00512238 0.059884 -3.24105 0.00517725 0.999986 -0.000760407 -4.28323 -0.0598793 0.00106911 0.998205 281.767 
0.998411 -0.00638601 0.0559899 -3.2113 0.00631075 0.999979 0.00152178 -4.29847 -0.0559985 -0.00116598 0.99843 282.623 
0.998647 -0.00773531 0.0514212 -3.18468 0.00757751 0.999966 0.00326386 -4.31506 -0.0514447 -0.00286976 0.998672 283.47 
0.99887 -0.0080201 0.0468475 -3.16668 0.00781576 0.999959 0.00454423 -4.32772 -0.0468821 -0.0041729 0.998892 284.307 
0.999077 -0.00854676 0.0420888 -3.14256 0.00833766 0.999952 0.00514217 -4.33998 -0.0421307 -0.00478647 0.999101 285.144 
0.999253 -0.00925574 0.0375094 -3.12764 0.00905562 0.999944 0.00550264 -4.35284 -0.0375583 -0.00515882 0.999281 285.959 
0.999408 -0.0101981 0.0328723 -3.119 0.010016 0.999934 0.00569986 -4.36452 -0.0329283 -0.00536719 0.999443 286.764 
0.999532 -0.0103815 0.0287928 -3.10963 0.0102296 0.999933 0.00542064 -4.37801 -0.0288472 -0.00512352 0.999571 287.553 
0.999632 -0.00973994 0.0253204 -3.11006 0.00960932 0.99994 0.00527665 -4.38825 -0.0253703 -0.00503135 0.999666 288.327 
0.99972 -0.00965007 0.0216192 -3.11502 0.00954032 0.999941 0.00517596 -4.39804 -0.0216679 -0.00496821 0.999753 289.083 
0.999785 -0.00976326 0.0182799 -3.1251 0.0096674 0.999939 0.00532745 -4.41662 -0.0183308 -0.00514955 0.999819 289.817 
0.999843 -0.0106723 0.0141779 -3.13226 0.0106082 0.999933 0.00459136 -4.42988 -0.014226 -0.00444019 0.999889 290.547 
0.999914 -0.00932462 0.0091781 -3.13461 0.0092958 0.999952 0.00318303 -4.44508 -0.00920738 -0.0030974 0.999953 291.248 
0.999967 -0.00756932 0.00293978 -3.15699 0.0075659 0.999971 0.00118929 -4.4593 -0.00294874 -0.00116696 0.999995 291.947 
0.999961 -0.00702409 -0.00527982 -3.18447 0.00702231 0.999975 -0.000362541 -4.4756 0.00528219 0.000325493 0.999986 292.617 
0.999854 -0.00683441 -0.0156668 -3.21834 0.00681042 0.999976 -0.00158631 -4.48808 0.0156773 0.00147942 0.999876 293.266 
0.999553 -0.00656868 -0.0291813 -3.254 0.00651646 0.999977 -0.00188598 -4.50194 0.029193 0.00169502 0.999572 293.909 
0.998928 -0.00537456 -0.0459746 -3.30428 0.00531858 0.999985 -0.00134065 -4.51849 0.0459811 0.00109474 0.998942 294.544 
0.997833 -0.00292599 -0.065727 -3.38042 0.00287977 0.999996 -0.000798548 -4.52894 0.065729 0.000607583 0.997837 295.175 
0.996071 -0.00149293 -0.0885491 -3.45776 0.00140608 0.999999 -0.00104371 -4.54085 0.0885505 0.000915141 0.996071 295.792 
0.993474 -9.28254e-05 -0.114055 -3.55398 -5.17269e-05 0.999999 -0.00126478 -4.5514 0.114055 0.00126247 0.993474 296.403 
0.989841 0.00115354 -0.142177 -3.66012 -0.00128249 0.999999 -0.000815589 -4.57043 0.142176 0.000989688 0.989841 296.977 
0.984853 0.00218316 -0.173376 -3.7793 -0.00217783 0.999998 0.000220749 -4.57901 0.173376 0.000160224 0.984856 297.556 
0.97822 0.00191998 -0.207563 -3.91996 -0.00156673 0.999997 0.00186607 -4.58571 0.207566 -0.00150019 0.97822 298.12 
0.969738 0.00191535 -0.244142 -4.07612 -0.00111968 0.999994 0.00339761 -4.59271 0.244147 -0.00302138 0.969734 298.672 
0.959354 0.00312886 -0.282189 -4.252 -0.00161063 0.999983 0.00561186 -4.59995 0.282202 -0.00492921 0.959342 299.201 
0.946743 0.00450738 -0.321958 -4.44285 -0.00201633 0.999965 0.00807017 -4.61327 0.321983 -0.00699116 0.94672 299.728 
0.931943 0.0049862 -0.36257 -4.65482 -0.00143238 0.999948 0.0100698 -4.62629 0.362602 -0.0088651 0.931902 300.232 
0.914712 0.00479099 -0.404079 -4.87643 -0.000192411 0.999935 0.0114202 -4.62542 0.404107 -0.0103684 0.914653 300.722 
0.894614 0.00430496 -0.446819 -5.11766 0.00138589 0.999922 0.0124087 -4.62933 0.446838 -0.0117202 0.894538 301.201 
0.871417 0.00377843 -0.490529 -5.37849 0.00309366 0.999908 0.0131978 -4.63911 0.490534 -0.0130183 0.871325 301.663 
0.845061 0.00299369 -0.534662 -5.65409 0.00536744 0.999886 0.014082 -4.64129 0.534644 -0.0147699 0.844949 302.108 
0.815498 0.0032528 -0.578751 -5.95283 0.00693724 0.999857 0.0153945 -4.64436 0.578719 -0.0165691 0.815359 302.542 
0.783022 0.00468174 -0.621977 -6.28573 0.00655557 0.999854 0.015779 -4.64977 0.62196 -0.0164327 0.782877 302.934 
0.747777 0.00361403 -0.663941 -6.6414 0.00872692 0.999845 0.0152713 -4.64389 0.663893 -0.0172136 0.747629 303.277 
0.70915 0.00275637 -0.705052 -7.01273 0.0129346 0.999773 0.0169183 -4.64831 0.704939 -0.0211172 0.708954 303.573 
0.666127 0.00191281 -0.745836 -7.39094 0.018967 0.99963 0.0195036 -4.63941 0.745597 -0.0271381 0.665844 303.844 
0.61859 0.00250224 -0.78571 -7.79144 0.023245 0.999499 0.0214839 -4.63962 0.78537 -0.0315535 0.618221 304.089 
0.568337 0.00628335 -0.822772 -8.21979 0.0224184 0.999481 0.0231185 -4.63564 0.82249 -0.0315843 0.567901 304.288 
0.515141 0.0125812 -0.857013 -8.63843 0.0177109 0.999523 0.0253191 -4.63482 0.856922 -0.0282214 0.514672 304.474 
0.459912 0.0164381 -0.887813 -9.06121 0.0149698 0.999543 0.0262615 -4.62781 0.887838 -0.0253683 0.459456 304.627 
0.402156 0.0185419 -0.915383 -9.4729 0.0144152 0.999543 0.0265796 -4.62059 0.915458 -0.0238845 0.401705 304.763 
0.342999 0.0205788 -0.93911 -9.88206 0.0160203 0.999486 0.0277531 -4.61366 0.939199 -0.0245641 0.342494 304.883 
0.282776 0.0240224 -0.958885 -10.2933 0.0181952 0.999372 0.0304025 -4.61374 0.959014 -0.0260441 0.282161 304.988 
0.221531 0.0279191 -0.974754 -10.7093 0.0202803 0.999242 0.0332295 -4.60816 0.974943 -0.0271297 0.220797 305.066 
0.157464 0.0308528 -0.987043 -11.1385 0.0228003 0.999132 0.034868 -4.59402 0.987261 -0.0279953 0.156624 305.115 
0.0920296 0.0347063 -0.995151 -11.5776 0.0232286 0.999046 0.0369903 -4.58339 0.995485 -0.0265201 0.0911356 305.124 
0.025429 0.040145 -0.99887 -12.0311 0.0250471 0.998854 0.040782 -4.56879 0.999363 -0.0260558 0.0243944 305.106 
-0.0425679 0.0466969 -0.998002 -12.4954 0.0269637 0.998597 0.0455747 -4.55065 0.99873 -0.0249698 -0.0437673 305.055 
-0.110723 0.0532106 -0.992426 -12.9695 0.0290528 0.998312 0.0502849 -4.53006 0.993427 -0.0232651 -0.112082 304.967 
-0.178507 0.0591816 -0.982157 -13.4482 0.031136 0.998029 0.054479 -4.50867 0.983446 -0.0208555 -0.179998 304.844 
-0.245201 0.0651003 -0.967284 -13.9284 0.0347249 0.997692 0.0583443 -4.48932 0.96885 -0.0192828 -0.246896 304.688 
-0.309746 0.0692214 -0.948296 -14.4106 0.0385761 0.99744 0.0602084 -4.4642 0.950037 -0.0179322 -0.311623 304.489 
-0.371675 0.0713478 -0.925617 -14.8863 0.0418584 0.997316 0.0600666 -4.43576 0.927419 -0.0164196 -0.373664 304.258 
-0.430855 0.0719343 -0.89955 -15.3572 0.0449595 0.997291 0.0582163 -4.408 0.901301 -0.0153606 -0.432922 303.991 
-0.486489 0.0717209 -0.870738 -15.8266 0.0469833 0.99733 0.0558981 -4.37489 0.872422 -0.0137162 -0.48856 303.682 
-0.537828 0.0716883 -0.840001 -16.2958 0.0485935 0.997358 0.0540046 -4.34252 0.841653 -0.0117734 -0.53989 303.34 
-0.583954 0.0716699 -0.808617 -16.7642 0.0498853 0.997381 0.0523753 -4.31045 0.810252 -0.00975325 -0.586 302.961 
-0.624234 0.0722391 -0.77789 -17.2212 0.0506071 0.997364 0.0520099 -4.28067 0.779596 -0.00690037 -0.626244 302.547 
-0.660934 0.0760692 -0.746579 -17.672 0.0548166 0.997085 0.0530652 -4.25423 0.74844 -0.00585234 -0.663177 302.104 
-0.697021 0.0831446 -0.712214 -18.1281 0.0628681 0.996516 0.0548074 -4.22354 0.71429 -0.00657366 -0.699819 301.627 
-0.731894 0.0887504 -0.675615 -18.5807 0.0688195 0.99604 0.05629 -4.19144 0.677935 -0.00529719 -0.735103 301.107 
-0.764005 0.0904002 -0.638846 -19.0077 0.0714441 0.9959 0.0554843 -4.16185 0.641242 -0.00325146 -0.767332 300.551 
-0.793529 0.087058 -0.602273 -19.4257 0.0706882 0.996201 0.0508642 -4.13309 0.604413 -0.00221133 -0.796668 299.951 
-0.820004 0.0844039 -0.566101 -19.8242 0.0714894 0.996425 0.0450107 -4.10579 0.567876 -0.00356128 -0.823106 299.314 
-0.844108 0.0792598 -0.530282 -20.1983 0.0694614 0.996844 0.0384263 -4.07371 0.531654 -0.00439818 -0.84695 298.638 
-0.866076 0.0771165 -0.493929 -20.576 0.0696502 0.997008 0.033534 -4.05258 0.495037 -0.00535923 -0.868855 297.924 
-0.886087 0.075503 -0.457328 -20.931 0.068461 0.997141 0.0319788 -4.03185 0.458435 -0.00297312 -0.888723 297.17 
-0.904834 0.0720003 -0.419632 -21.2739 0.0656059 0.997404 0.0296712 -4.013 0.420679 -0.000682778 -0.907209 296.375 
-0.921585 0.0717665 -0.381484 -21.5848 0.0663176 0.997422 0.0274302 -3.99544 0.382469 -1.97515e-05 -0.923969 295.554 
-0.936734 0.0738545 -0.342162 -21.8718 0.0689139 0.997268 0.0265919 -3.97693 0.343191 0.00132991 -0.939265 294.698 
-0.949786 0.0773313 -0.303195 -22.1284 0.0729598 0.997003 0.0257372 -3.96166 0.304276 0.00232376 -0.952581 293.812 
-0.961038 0.078594 -0.265007 -22.3511 0.0741516 0.996888 0.0267425 -3.94411 0.266284 0.0060499 -0.963876 292.894 
-0.970415 0.0812181 -0.227374 -22.5498 0.0771516 0.996661 0.0267309 -3.92756 0.228786 0.00839781 -0.97344 291.942 
-0.978263 0.0808082 -0.190973 -22.7081 0.0773412 0.996677 0.0255515 -3.91735 0.192403 0.010226 -0.981263 290.973 
-0.984462 0.0791965 -0.156727 -22.8377 0.0768787 0.996823 0.0208056 -3.89504 0.157877 0.00843335 -0.987423 289.971 
