1 2.12261e-08 -2.11895e-08 0 2.12261e-08 1 2.10703e-08 0 -2.11895e-08 2.10703e-08 1 0 
0.999978 0.000591542 -0.00658595 -0.00787424 -0.000590401 1 0.000168791 0.000985596 0.00658601 -0.000164857 0.999978 0.0943859 
0.999906 0.0010997 -0.0136488 -0.0194806 -0.00109695 0.999999 0.000206533 -0.00190718 0.0136489 -0.000191499 0.999907 0.191816 
0.999776 0.00137423 -0.0211335 -0.0326724 -0.00138451 0.999999 -0.000473985 -0.00251865 0.0211328 0.00050318 0.999777 0.292436 
0.999533 0.00195027 -0.0304933 -0.047046 -0.00200819 0.999996 -0.00187022 -0.00193988 0.0304895 0.00193063 0.999533 0.400922 
0.99912 0.00208928 -0.0418885 -0.0671766 -0.00223208 0.999992 -0.0033636 -0.00401344 0.0418811 0.00345418 0.999117 0.518776 
0.998456 0.00198775 -0.0555172 -0.0903522 -0.00222929 0.999988 -0.0042899 -0.00383999 0.055508 0.00440708 0.998449 0.650891 
0.997407 0.00186378 -0.0719481 -0.117167 -0.00217156 0.999989 -0.00420038 -0.00530119 0.0719394 0.00434577 0.9974 0.794665 
0.995893 0.000567163 -0.0905395 -0.151398 -0.000943537 0.999991 -0.00411472 -0.0066619 0.0905363 0.00418329 0.995884 0.951328 
0.99386 -0.000707194 -0.11064 -0.188723 0.000224804 0.99999 -0.00437276 -0.00806086 0.110642 0.00432108 0.993851 1.11784 
0.991138 -0.000691288 -0.132834 -0.236793 7.99944e-05 0.999989 -0.00460751 -0.0119458 0.132836 0.00455609 0.991128 1.2916 
0.987593 0.00292051 -0.157011 -0.297506 -0.00390892 0.999974 -0.00598702 -0.0172248 0.15699 0.00652653 0.987579 1.4724 
0.983225 0.0073043 -0.182251 -0.371001 -0.00882914 0.999933 -0.00755697 -0.0214882 0.182184 0.00903936 0.983223 1.65829 
0.977814 0.0101982 -0.209228 -0.448931 -0.012226 0.99989 -0.00840082 -0.0281638 0.209119 0.0107725 0.977831 1.84845 
0.971085 0.010995 -0.238479 -0.535294 -0.0134252 0.999873 -0.00856863 -0.0310981 0.238355 0.0115226 0.97111 2.04972 
0.963006 0.0128438 -0.269172 -0.630439 -0.0155935 0.999846 -0.00807988 -0.0339505 0.269027 0.0119784 0.963058 2.25242 
0.953479 0.0146866 -0.301101 -0.737598 -0.0176213 0.99982 -0.0070328 -0.0358231 0.300943 0.0120115 0.953567 2.45722 
0.942175 0.0167932 -0.334701 -0.853432 -0.0199473 0.999783 -0.00598815 -0.0356496 0.334528 0.0123183 0.942305 2.66937 
0.92953 0.0189737 -0.368259 -0.97113 -0.0226105 0.999729 -0.00556306 -0.0375082 0.368053 0.0134976 0.929707 2.86959 
0.915431 0.0215756 -0.401897 -1.10067 -0.0257027 0.999658 -0.00487913 -0.0365195 0.401655 0.0147964 0.915672 3.07052 
0.899118 0.0218721 -0.43716 -1.23677 -0.0264389 0.999641 -0.00436324 -0.0327323 0.436908 0.0154811 0.899373 3.27646 
0.880319 0.0171658 -0.474071 -1.37529 -0.0222067 0.999741 -0.00503659 -0.0305029 0.473862 0.0149614 0.880472 3.48153 
0.858643 0.012146 -0.512429 -1.52437 -0.0173559 0.999835 -0.00538328 -0.0321264 0.512279 0.013516 0.858713 3.68404 
0.833088 0.0136413 -0.552972 -1.69339 -0.0178123 0.999839 -0.00217033 -0.0352734 0.552853 0.0116578 0.833197 3.88071 
0.803486 0.0192939 -0.595011 -1.88731 -0.0227943 0.999739 0.00163687 -0.0390649 0.594887 0.0122477 0.803716 4.06624 
0.77023 0.0221603 -0.637381 -2.09353 -0.0258754 0.999659 0.00348729 -0.0420125 0.637241 0.0138066 0.770541 4.24868 
0.733482 0.0212269 -0.679377 -2.31395 -0.0249645 0.999679 0.00428196 -0.0418755 0.67925 0.0138196 0.733777 4.43024 
0.693096 0.0169894 -0.720645 -2.54704 -0.0188222 0.999808 0.00546804 -0.041286 0.720599 0.0097743 0.693283 4.61288 
0.649844 0.0133122 -0.759951 -2.80098 -0.013445 0.999892 0.00601832 -0.0377543 0.759949 0.00630663 0.649952 4.78255 
0.604623 0.0128193 -0.796409 -3.07821 -0.010455 0.999912 0.00815758 -0.0374538 0.796443 0.00339426 0.604704 4.94135 
0.556082 0.013482 -0.831018 -3.36985 -0.00798858 0.999909 0.0108764 -0.0351828 0.831089 0.00059055 0.55614 5.0847 
0.505056 0.0141131 -0.862971 -3.6734 -0.00642285 0.9999 0.0125934 -0.0305787 0.863063 -0.000817615 0.505096 5.20306 
0.452091 0.0155519 -0.891836 -3.9902 -0.00521128 0.999877 0.0147942 -0.0278371 0.891957 -0.00204067 0.452116 5.30919 
0.3975 0.0175957 -0.917434 -4.32695 -0.00362282 0.999838 0.0176065 -0.0247231 0.917595 -0.00367483 0.397499 5.40181 
0.341988 0.0196645 -0.939499 -4.68419 -0.0029457 0.999799 0.0198544 -0.0222302 0.9397 -0.00402243 0.341977 5.47982 
0.286976 0.0227238 -0.957668 -5.06623 -0.000837689 0.999724 0.0234707 -0.0186812 0.957937 -0.00593326 0.286916 5.54592 
0.233134 0.0247197 -0.972131 -5.46887 0.0039291 0.999645 0.0263616 -0.0166553 0.972437 -0.00996532 0.232954 5.60309 
0.182368 0.0251284 -0.982909 -5.87728 0.00609939 0.999625 0.0266874 -0.0100956 0.983212 -0.010862 0.182146 5.63348 
0.134974 0.0259558 -0.990509 -6.30931 0.00404347 0.999634 0.0267459 -0.00226284 0.990841 -0.00761505 0.13482 5.64218 
0.0925306 0.0262616 -0.995364 -6.7536 0.00217681 0.999644 0.0265769 0.0065391 0.995708 -0.00462585 0.0924405 5.63935 
0.0545589 0.0247625 -0.998203 -7.2089 0.000655476 0.999691 0.0248353 0.0168306 0.99851 -0.00200924 0.0545259 5.62701 
0.0200252 0.0220883 -0.999555 -7.6756 0.00166294 0.999754 0.022126 0.0238469 0.999798 -0.00210524 0.0199835 5.60455 
-0.0115025 0.0193592 -0.999746 -8.17103 0.00224851 0.999811 0.0193345 0.0287163 0.999931 -0.0020255 -0.0115439 5.57288 
-0.0381228 0.0176013 -0.999118 -8.66852 0.00171482 0.999845 0.0175486 0.0321471 0.999272 -0.00104426 -0.0381471 5.52532 
-0.0589627 0.015197 -0.998145 -9.17913 0.00127614 0.999884 0.0151481 0.0399903 0.998259 -0.000380554 -0.0589753 5.46884 
-0.0753038 0.0143618 -0.997057 -9.70516 0.0018348 0.999897 0.0142641 0.051704 0.997159 -0.000755221 -0.0753223 5.40613 
-0.0884117 0.0148923 -0.995973 -10.2535 0.00270194 0.999888 0.014711 0.056803 0.99608 -0.0013904 -0.088442 5.34078 
-0.0980753 0.0159574 -0.995051 -10.8155 0.00141483 0.999873 0.0158952 0.0580482 0.995178 0.000151139 -0.0980854 5.26734 
-0.104909 0.0172086 -0.994333 -11.3917 1.8344e-05 0.99985 0.0173022 0.0592966 0.994482 0.00179695 -0.104893 5.18711 
-0.109582 0.0181625 -0.993812 -11.9834 0.000248237 0.999834 0.0182452 0.0653472 0.993978 0.00175269 -0.109569 5.1105 
-0.111103 0.0187617 -0.993632 -12.5907 0.00258827 0.999824 0.0185892 0.0763331 0.993806 -0.00050644 -0.111132 5.0352 
-0.110291 0.0210062 -0.993677 -13.2154 0.00461261 0.999777 0.0206232 0.0834214 0.993889 -0.00230886 -0.110363 4.95859 
-0.108952 0.0233516 -0.993773 -13.8569 0.00418481 0.999726 0.0230327 0.0918746 0.994038 -0.00164925 -0.10902 4.87618 
-0.107437 0.0231923 -0.993941 -14.509 0.00211139 0.999731 0.0230991 0.0984736 0.99421 0.000383136 -0.107457 4.79389 
-0.106044 0.0205943 -0.994148 -15.1735 0.000375262 0.999786 0.0206711 0.106282 0.994361 0.00181902 -0.106029 4.71187 
-0.104817 0.0202924 -0.994284 -15.8583 0.000488289 0.999793 0.0203533 0.120504 0.994491 0.00164792 -0.104805 4.62759 
-0.103011 0.0229629 -0.994415 -16.5616 0.000945388 0.999735 0.0229878 0.133592 0.99468 0.00142793 -0.103006 4.54135 
-0.101126 0.0263534 -0.994525 -17.2804 0.000100513 0.999649 0.026479 0.145243 0.994874 0.0025778 -0.101093 4.45416 
-0.0992521 0.0284892 -0.994654 -18.0116 -0.00020203 0.99959 0.0286507 0.152637 0.995062 0.00304464 -0.0992056 4.36395 
-0.0975493 0.027625 -0.994847 -18.7524 -0.00175341 0.999608 0.0279292 0.166786 0.995229 0.00446889 -0.0974627 4.27647 
-0.0958599 0.0246119 -0.995091 -19.5038 -0.00424623 0.999675 0.0251343 0.177138 0.995386 0.0066348 -0.0957243 4.18798 
-0.0943972 0.0241233 -0.995242 -20.2723 -0.00501824 0.999682 0.0247069 0.187566 0.995522 0.00732667 -0.0942461 4.09995 
-0.0928716 0.0265149 -0.995325 -21.062 -0.0021694 0.999638 0.0268323 0.201723 0.995676 0.00465125 -0.0927805 4.013 
-0.0919691 0.0286903 -0.995348 -21.8554 1.801e-05 0.999585 0.0288108 0.212479 0.995762 0.00263182 -0.0919315 3.93143 
-0.0906648 0.0304112 -0.995417 -22.6536 0.00123863 0.999536 0.0304242 0.222613 0.995881 0.0015255 -0.0906604 3.84374 
-0.0900866 0.0258769 -0.995598 -23.4531 0.00136444 0.999665 0.0258591 0.231369 0.995933 0.000971165 -0.0900917 3.75738 
-0.0898836 0.0190111 -0.995771 -24.2572 0.00276369 0.999819 0.0188389 0.237345 0.995948 -0.00105865 -0.0899199 3.67315 
-0.0900088 0.0145377 -0.995835 -25.074 0.0058662 0.999884 0.0140666 0.244863 0.995924 -0.00457561 -0.0900836 3.58826 
-0.090691 0.0152246 -0.995763 -25.9022 0.0071485 0.999867 0.0146363 0.254507 0.995853 -0.00579079 -0.0907878 3.50262 
-0.0907984 0.0227173 -0.99561 -26.7458 0.00653126 0.999732 0.0222157 0.257382 0.995848 -0.0044854 -0.0909224 3.4094 
-0.0911761 0.029732 -0.995391 -27.594 0.0052265 0.999555 0.0293776 0.266702 0.995821 -0.00252383 -0.0912909 3.31547 
-0.0916103 0.0350111 -0.995179 -28.4396 0.00318488 0.999387 0.034866 0.276368 0.99579 2.4592e-05 -0.0916656 3.22041 
-0.092136 0.0353 -0.995121 -29.2805 0.00176573 0.999376 0.0352874 0.288252 0.995745 0.00149417 -0.0921408 3.12708 
-0.0925893 0.0317915 -0.995197 -30.1152 0.00183014 0.999494 0.0317585 0.301577 0.995703 0.00111919 -0.0926006 3.0358 
-0.0930406 0.0290342 -0.995239 -30.955 0.00181027 0.999578 0.0289915 0.316647 0.995661 0.000895782 -0.0930539 2.93999 
-0.0932832 0.030128 -0.995184 -31.7931 0.000531626 0.999543 0.0302102 0.331897 0.99564 0.00228908 -0.0932566 2.84624 
-0.093165 0.0324416 -0.995122 -32.6341 -2.71536e-05 0.999469 0.0325858 0.3411 0.995651 0.00306292 -0.0931146 2.7493 
-0.0931353 0.0307964 -0.995177 -33.4669 -0.00090383 0.999519 0.0310153 0.348815 0.995653 0.00378813 -0.0930626 2.65614 
-0.092707 0.0255894 -0.995365 -34.299 -0.0014476 0.999665 0.0258348 0.360965 0.995692 0.003836 -0.092639 2.56046 
-0.0924693 0.0213632 -0.995486 -35.13 -0.0025672 0.999761 0.0216934 0.371912 0.995712 0.00456162 -0.0923924 2.46363 
-0.0918985 0.0220498 -0.995524 -35.9709 -0.00209436 0.999748 0.0223367 0.378641 0.995766 0.00413773 -0.0918292 2.36507 
-0.0913051 0.0245623 -0.99552 -36.8123 -0.000977574 0.999693 0.024755 0.383786 0.995823 0.00323349 -0.091253 2.26996 
-0.0908969 0.0293765 -0.995427 -37.6564 -0.000694275 0.999563 0.029562 0.393147 0.99586 0.00337823 -0.0908368 2.17764 
-0.0903788 0.0349775 -0.995293 -38.5008 0.000313623 0.999384 0.0350928 0.404986 0.995907 0.00285954 -0.0903341 2.08504 
-0.0905105 0.0381266 -0.995165 -39.3408 0.00023155 0.999268 0.0382627 0.419034 0.995896 0.00323279 -0.090453 1.99169 
-0.0901374 0.037908 -0.995208 -40.1725 0.00047363 0.999277 0.0380201 0.435139 0.995929 0.00295571 -0.0900902 1.90015 
-0.0901605 0.0334062 -0.995367 -41.001 0.000585351 0.999439 0.0334899 0.452033 0.995927 0.00243686 -0.0901295 1.80901 
-0.0897959 0.0290414 -0.995537 -41.8257 -0.00033315 0.999574 0.0291893 0.465262 0.99596 0.00295278 -0.089748 1.71689 
-0.0897818 0.0261997 -0.995617 -42.6561 -0.00427682 0.999635 0.0266911 0.474494 0.995952 0.00665449 -0.089637 1.61965 
-0.0903294 0.0243829 -0.995613 -43.4885 -0.00748204 0.999655 0.0251607 0.483425 0.995884 0.00972201 -0.0901158 1.52156 
-0.0910884 0.0226129 -0.995586 -44.3209 -0.0050508 0.999719 0.0231688 0.486972 0.99583 0.00713896 -0.0909485 1.42942 
-0.0923305 0.019039 -0.995546 -45.1479 -0.00145569 0.999814 0.0192557 0.492937 0.995727 0.00322713 -0.0922856 1.34254 
-0.0931682 0.017675 -0.995494 -45.9674 0.00292043 0.999843 0.0174789 0.496989 0.995646 -0.00127876 -0.0932052 1.25427 
-0.0954257 0.0211772 -0.995211 -46.7958 0.00353253 0.999775 0.0209355 0.501756 0.99543 -0.00151778 -0.095479 1.16365 
-0.0971854 0.0275488 -0.994885 -47.6265 0.00616094 0.999614 0.0270779 0.503823 0.995247 -0.00349781 -0.0973177 1.06991 
-0.0992066 0.0312355 -0.994577 -48.4474 0.00777554 0.999501 0.0306145 0.509349 0.995037 -0.00469617 -0.0994 0.976684 
-0.100825 0.0303368 -0.994442 -49.2556 0.00782844 0.999528 0.0296983 0.517142 0.994873 -0.00479055 -0.101015 0.8816 
-0.101808 0.0263629 -0.994455 -50.0552 0.00459016 0.999651 0.0260307 0.522089 0.994794 -0.00191455 -0.101893 0.777806 
-0.103083 0.0226123 -0.994416 -50.8507 6.36021e-06 0.999742 0.0227328 0.528772 0.994673 0.00233708 -0.103057 0.67304 
-0.104588 0.0209826 -0.994294 -51.6444 -0.00427903 0.999759 0.021548 0.533671 0.994506 0.00650832 -0.104473 0.568359 
-0.105746 0.0220365 -0.994149 -52.4367 -0.00550959 0.999726 0.0227462 0.537307 0.994378 0.00788272 -0.105596 0.466864 
-0.106876 0.0235883 -0.993993 -53.2235 -0.00520986 0.999692 0.0242837 0.540223 0.994259 0.00777393 -0.10672 0.36887 
-0.107971 0.0230492 -0.993887 -54.0021 -0.0070643 0.999688 0.0239512 0.543537 0.994129 0.00960719 -0.107775 0.267823 
-0.108674 0.0230751 -0.99381 -54.7779 -0.0078379 0.99968 0.0240685 0.544641 0.994047 0.010405 -0.108458 0.167355 
-0.109223 0.0249411 -0.993704 -55.557 -0.00581647 0.999652 0.0257297 0.550886 0.994 0.00859017 -0.10904 0.067745 
-0.109628 0.0277761 -0.993585 -56.3301 -0.00493595 0.999582 0.0284884 0.557661 0.993961 0.00802744 -0.109445 -0.0298308 
-0.109796 0.0319665 -0.99344 -57.0976 -0.00500621 0.999452 0.0327133 0.564727 0.993942 0.00856519 -0.109576 -0.132015 
-0.11052 0.0340757 -0.99329 -57.8598 -0.00510149 0.999379 0.0348522 0.573496 0.993861 0.00891919 -0.110278 -0.229323 
-0.111152 0.0340429 -0.99322 -58.6257 -0.00431226 0.999387 0.0347369 0.584047 0.993794 0.00814412 -0.110937 -0.334624 
-0.111793 0.0321514 -0.993211 -59.3707 -0.00346192 0.999458 0.0327433 0.591278 0.993726 0.00709893 -0.111621 -0.428366 
-0.112226 0.0285999 -0.993271 -60.1145 -0.00291942 0.999572 0.0291112 0.59832 0.993678 0.00616686 -0.112095 -0.526056 
-0.11226 0.0257729 -0.993345 -60.8388 -0.00317252 0.999649 0.026295 0.605941 0.993674 0.00610333 -0.112139 -0.620409 
-0.111215 0.0233828 -0.993521 -61.5518 -0.00358864 0.999707 0.0239301 0.612228 0.99379 0.00622683 -0.111099 -0.715386 
-0.109132 0.0225585 -0.993771 -62.2515 -0.00571349 0.999712 0.0233208 0.615212 0.994011 0.00822298 -0.108971 -0.807302 
-0.10521 0.0234326 -0.994174 -62.9363 -0.00595652 0.99969 0.024193 0.617837 0.994432 0.0084672 -0.105038 -0.893179 
-0.0995961 0.0250082 -0.994714 -63.6044 -0.0051284 0.999658 0.025646 0.620977 0.995015 0.00765557 -0.0994338 -0.967377 
-0.0924468 0.0265429 -0.995364 -64.2582 -0.00412449 0.999626 0.0270397 0.623963 0.995709 0.00660514 -0.0923028 -1.03776 
-0.0837643 0.027931 -0.996094 -64.8959 -0.00489113 0.999584 0.0284401 0.625534 0.996474 0.00725434 -0.0835928 -1.101 
-0.0721159 0.029505 -0.99696 -65.516 -0.0070617 0.999522 0.0300917 0.629469 0.997371 0.00921035 -0.071873 -1.15496 
-0.0573345 0.0309975 -0.997874 -66.1223 -0.0098586 0.999452 0.031613 0.635346 0.998306 0.0116502 -0.0569975 -1.19754 
-0.039075 0.0321707 -0.998718 -66.7125 -0.0114299 0.999402 0.0326399 0.642741 0.999171 0.0126907 -0.0386839 -1.22329 
-0.0169558 0.0328086 -0.999318 -67.2777 -0.0121864 0.999381 0.0330174 0.649887 0.999782 0.012738 -0.0165455 -1.23027 
0.00827569 0.0332138 -0.999414 -67.8172 -0.0115826 0.999384 0.0331169 0.654343 0.999899 0.0113018 0.0086553 -1.21309 
0.0376523 0.0327917 -0.998753 -68.3355 -0.0100933 0.999423 0.0324332 0.660279 0.99924 0.00885952 0.0379615 -1.18061 
0.0718602 0.0327837 -0.996876 -68.8299 -0.0089247 0.999441 0.0322247 0.667546 0.997375 0.00658118 0.0721126 -1.12931 
0.109473 0.0331083 -0.993438 -69.3044 -0.00822742 0.999441 0.0324017 0.672832 0.993956 0.00462637 0.109684 -1.05527 
0.150357 0.0327253 -0.98809 -69.7626 -0.00798585 0.99946 0.0318866 0.679693 0.9886 0.00309642 0.150537 -0.962753 
0.195739 0.033649 -0.980079 -70.2047 -0.00699131 0.999434 0.0329172 0.685347 0.980631 0.000408904 0.195863 -0.853716 
0.244502 0.0326512 -0.969099 -70.6296 -0.00369234 0.999457 0.0327424 0.681585 0.969642 -0.00442731 0.24449 -0.719171 
0.295071 0.0279617 -0.955066 -71.0346 0.00389235 0.999528 0.030466 0.684557 0.955467 -0.012707 0.294823 -0.561434 
0.346911 0.0228965 -0.937619 -71.4249 0.00901162 0.999574 0.0277436 0.68563 0.937855 -0.018074 0.346557 -0.381642 
0.399807 0.0181947 -0.916419 -71.8006 0.0139713 0.999566 0.0259407 0.692527 0.916493 -0.0231748 0.399379 -0.183445 
0.45169 0.017806 -0.891998 -72.1719 0.0133883 0.999553 0.0267326 0.700286 0.892075 -0.0240171 0.451249 0.0278076 
0.500736 0.0168261 -0.865437 -72.5325 0.0145107 0.999507 0.0278285 0.705546 0.865479 -0.0264928 0.500245 0.263287 
0.546254 0.0125695 -0.837525 -72.8768 0.0220053 0.999327 0.0293502 0.714577 0.837331 -0.0344626 0.54561 0.531932 
0.590584 0.00635166 -0.806951 -73.1915 0.0322496 0.998984 0.0314657 0.715692 0.806331 -0.044607 0.58978 0.819507 
0.633904 0.0016188 -0.77341 -73.4998 0.0330271 0.999029 0.0291608 0.717957 0.772706 -0.0440286 0.633235 1.10823 
0.675902 -0.00281274 -0.736986 -73.7798 0.0293428 0.999303 0.0230969 0.719454 0.736407 -0.0372365 0.675513 1.39187 
0.717266 -0.00958321 -0.696733 -74.0569 0.0252894 0.999605 0.0122856 0.72697 0.69634 -0.0264319 0.717225 1.70374 
0.75742 -0.0122717 -0.652813 -74.3301 0.020073 0.999788 0.00449534 0.732824 0.65262 -0.0165087 0.757506 2.0456 
0.795291 -0.0134831 -0.606078 -74.5939 0.0183907 0.999829 0.00188939 0.736307 0.605949 -0.0126488 0.795403 2.42497 
0.830007 -0.0149494 -0.557552 -74.8402 0.0182639 0.999833 0.000380651 0.740744 0.557454 -0.010499 0.830142 2.82768 
0.861289 -0.0135881 -0.507934 -75.0711 0.0148582 0.999888 -0.00155408 0.739879 0.507899 -0.00620842 0.861394 3.24739 
0.887825 -0.0119228 -0.460027 -75.2839 0.0136056 0.999907 0.000342807 0.732619 0.459981 -0.00656326 0.887905 3.69913 
0.909613 -0.00545147 -0.41542 -75.4941 0.00668667 0.999977 0.00151871 0.72974 0.415402 -0.00415917 0.909628 4.17667 
0.92755 -0.00132943 -0.373697 -75.6889 0.00145064 0.999999 4.30086e-05 0.73034 0.373697 -0.000581942 0.927551 4.67677 
0.941348 0.00399809 -0.337414 -75.8712 -0.00366711 0.999992 0.0016182 0.727457 0.337418 -0.00028591 0.941355 5.20236 
0.951679 0.00469989 -0.307058 -76.0451 -0.00375344 0.999986 0.00367265 0.723356 0.307071 -0.00234261 0.951684 5.75528 
0.959202 0.00402209 -0.282692 -76.2055 -0.00262732 0.999982 0.00531268 0.718187 0.282708 -0.00435316 0.959196 6.3255 
0.965167 0.0040967 -0.261604 -76.3623 -0.00226815 0.999971 0.00729119 0.718176 0.261626 -0.00644381 0.965148 6.90987 
0.969953 0.00668341 -0.243202 -76.5205 -0.00438322 0.99994 0.00999771 0.71686 0.243254 -0.00863125 0.969924 7.51544 
0.973681 0.0114408 -0.227629 -76.6852 -0.00910335 0.999895 0.0113157 0.722417 0.227735 -0.00894561 0.973682 8.14481 
0.97663 0.0151403 -0.214393 -76.8351 -0.0127524 0.99984 0.0125164 0.722641 0.214549 -0.00948982 0.976667 8.78009 
0.979407 0.0135797 -0.201441 -76.9692 -0.0112979 0.999858 0.012473 0.719342 0.201582 -0.00994022 0.979421 9.43688 
0.982129 0.0133373 -0.187736 -77.1025 -0.0112785 0.999864 0.0120302 0.720697 0.187871 -0.00969784 0.982146 10.1096 
0.98477 0.0136566 -0.173323 -77.2272 -0.0116342 0.999852 0.0126792 0.724488 0.17347 -0.0104696 0.984783 10.7994 
0.987132 0.0151586 -0.159186 -77.3513 -0.0132229 0.999825 0.013212 0.725047 0.159358 -0.0109371 0.98716 11.5025 
0.989109 0.0153987 -0.146375 -77.4671 -0.0140023 0.999846 0.0105649 0.72009 0.146515 -0.00840019 0.989173 12.2104 
0.990653 0.0159058 -0.135479 -77.5761 -0.015342 0.999869 0.00520488 0.715994 0.135544 -0.00307767 0.990767 12.9345 
0.991943 0.0141773 -0.125887 -77.6796 -0.0144112 0.999896 -0.000947225 0.715555 0.125861 0.00275382 0.992044 13.6731 
0.992947 0.0140219 -0.117731 -77.7768 -0.0142521 0.999898 -0.00111377 0.712227 0.117703 0.00278386 0.993045 14.418 
0.993683 0.0161035 -0.111058 -77.8761 -0.0156367 0.999865 0.00507249 0.70517 0.111125 -0.00330382 0.993801 15.1789 
0.994156 0.0206772 -0.105953 -77.9808 -0.0193789 0.999724 0.0132677 0.692575 0.106198 -0.0111368 0.994283 15.9545 
0.994592 0.0212101 -0.10167 -78.0742 -0.0195698 0.999662 0.0171035 0.686326 0.101998 -0.0150213 0.994671 16.7212 
0.994957 0.0200304 -0.0982786 -78.1608 -0.0185409 0.999699 0.0160461 0.685679 0.0985704 -0.0141429 0.99503 17.4859 
0.99525 0.0199087 -0.0952907 -78.2442 -0.0185547 0.999714 0.0150738 0.685887 0.0955636 -0.0132341 0.995335 18.2472 
0.995554 0.01817 -0.0924236 -78.3255 -0.0166536 0.999714 0.0171514 0.687804 0.0927087 -0.0155359 0.995572 19.0129 
0.995808 0.016323 -0.0899958 -78.4006 -0.0146061 0.999699 0.019703 0.685501 0.0902903 -0.0183059 0.995747 19.7722 
0.996094 0.0141833 -0.087154 -78.477 -0.0123603 0.999694 0.0214216 0.684949 0.0874311 -0.0202606 0.995965 20.5407 
0.996326 0.0134063 -0.0845823 -78.5522 -0.0119211 0.999766 0.0180401 0.678977 0.0848043 -0.0169655 0.996253 21.295 
0.996429 0.0161225 -0.0828759 -78.6323 -0.0152882 0.999826 0.0106908 0.67622 0.0830338 -0.00938556 0.996503 22.0461 
0.996544 0.0164975 -0.0814168 -78.7056 -0.0162959 0.999862 0.00313955 0.669232 0.0814574 -0.00180189 0.996675 22.7923 
0.996629 0.0172198 -0.0802153 -78.7775 -0.0173536 0.999849 -0.000970854 0.661305 0.0801864 0.00235964 0.996777 23.5441 
0.996758 0.0183717 -0.0783379 -78.8505 -0.0183709 0.999831 0.000729721 0.650881 0.078338 0.000711827 0.996927 24.2997 
0.996869 0.0217584 -0.0760252 -78.9252 -0.0214596 0.999758 0.00474467 0.637684 0.07611 -0.0030983 0.997095 25.0527 
0.996952 0.025183 -0.0738403 -79.004 -0.0245253 0.999651 0.00979973 0.626526 0.0740612 -0.00795886 0.997222 25.8171 
0.997199 0.022601 -0.0712987 -79.0704 -0.0218272 0.999694 0.0116124 0.621962 0.0715393 -0.0100235 0.997387 26.5737 
0.997336 0.0198232 -0.0702011 -79.1322 -0.0190652 0.999753 0.0114503 0.616381 0.0704107 -0.0100814 0.997467 27.3238 
0.997433 0.0178725 -0.0693341 -79.192 -0.0171037 0.999786 0.0116657 0.60647 0.0695277 -0.0104499 0.997525 28.0745 
0.997514 0.0171841 -0.0683406 -79.2566 -0.0165524 0.999815 0.00979811 0.603175 0.0684962 -0.00864251 0.997614 28.823 
0.997597 0.0151222 -0.0676096 -79.3188 -0.0145751 0.999857 0.00857743 0.598694 0.0677296 -0.00757137 0.997675 29.58 
0.997656 0.014051 -0.0669728 -79.3811 -0.0134985 0.999871 0.0086945 0.593591 0.0670863 -0.00777005 0.997717 30.3414 
0.997659 0.0170465 -0.0662338 -79.4514 -0.0164478 0.999819 0.00957315 0.590886 0.066385 -0.00846129 0.997758 31.1118 
0.99766 0.0169928 -0.0662225 -79.5168 -0.0164573 0.999827 0.00862278 0.587455 0.0663576 -0.00751272 0.997768 31.8871 
0.997558 0.0166934 -0.0678201 -79.5841 -0.0161471 0.999833 0.00859567 0.580719 0.0679522 -0.00747954 0.997661 32.666 
0.997458 0.0140994 -0.0698495 -79.6528 -0.0134988 0.999868 0.00906285 0.577129 0.069968 -0.00809688 0.997516 33.4454 
0.997224 0.0158248 -0.0727572 -79.7306 -0.0152154 0.999844 0.00892286 0.57198 0.072887 -0.00779102 0.99731 34.2327 
0.996948 0.0196417 -0.0755536 -79.813 -0.0190506 0.999782 0.0085365 0.568127 0.0757047 -0.00707107 0.997105 35.0194 
0.996747 0.0199602 -0.0780799 -79.8967 -0.0197374 0.999799 0.00362371 0.561786 0.0781365 -0.00207078 0.996941 35.8115 
0.996523 0.0208657 -0.0806628 -79.977 -0.0209328 0.999781 1.34297e-05 0.558544 0.0806453 0.00167516 0.996741 36.6139 
0.996389 0.0199507 -0.0825249 -80.0642 -0.0201437 0.999796 -0.00150743 0.549183 0.0824779 0.00316439 0.996588 37.4269 
0.996203 0.020085 -0.0847133 -80.1502 -0.020149 0.999797 9.96549e-05 0.536968 0.0846981 0.00160765 0.996405 38.2504 
0.996033 0.0187739 -0.0869815 -80.2344 -0.0187611 0.999824 0.000964522 0.524668 0.0869842 0.000671214 0.99621 39.0804 
0.995892 0.0180634 -0.0887332 -80.3239 -0.0178908 0.999836 0.00274039 0.516866 0.0887681 -0.00114158 0.996052 39.9112 
0.995792 0.0179226 -0.0898758 -80.4169 -0.0174259 0.999828 0.00630805 0.509921 0.0899734 -0.0047153 0.995933 40.7542 
0.995719 0.0179039 -0.0906874 -80.5112 -0.0169715 0.999795 0.0110414 0.503897 0.0908665 -0.00945501 0.995818 41.6078 
0.995779 0.0177764 -0.0900426 -80.6042 -0.0166392 0.999772 0.0133644 0.497777 0.0902596 -0.0118097 0.995848 42.4603 
0.995896 0.0208124 -0.0880755 -80.6994 -0.0197139 0.999717 0.0133226 0.497059 0.0883278 -0.0115316 0.996025 43.3186 
0.996048 0.02088 -0.0863281 -80.7889 -0.019918 0.99973 0.0119895 0.495793 0.0865551 -0.0102226 0.996195 44.1824 
0.996222 0.0182621 -0.0849045 -80.8762 -0.0174881 0.999799 0.00985088 0.491944 0.0850673 -0.0083288 0.99634 45.0516 
0.996437 0.0145941 -0.0830628 -80.9601 -0.0139526 0.999868 0.00829795 0.48784 0.0831729 -0.0071094 0.99651 45.9249 
0.996611 0.0133769 -0.081161 -81.0453 -0.0127745 0.999887 0.00793679 0.48514 0.0812579 -0.00687306 0.996669 46.7954 
0.996701 0.0109753 -0.0804185 -81.1276 -0.0101634 0.999893 0.0104979 0.477791 0.0805251 -0.00964587 0.996706 47.6737 
0.996789 0.00847952 -0.0796257 -81.207 -0.00746587 0.999887 0.0130187 0.472157 0.0797271 -0.0123824 0.99674 48.5477 
0.996862 0.00810504 -0.0787377 -81.2927 -0.00707978 0.999887 0.0132911 0.466269 0.0788364 -0.0126919 0.996807 49.4119 
0.996941 0.00945711 -0.0775827 -81.3814 -0.00870624 0.999912 0.0100104 0.460405 0.0776705 -0.00930424 0.996936 50.2737 
0.996964 0.0120002 -0.0769286 -81.4697 -0.0117127 0.999923 0.00418629 0.452139 0.0769729 -0.0032725 0.997028 51.1316 
0.99702 0.0136525 -0.0759273 -81.553 -0.0137879 0.999904 -0.0012597 0.439772 0.0759028 0.00230286 0.997113 51.9847 
0.996995 0.0181703 -0.0753052 -81.6383 -0.0187593 0.999799 -0.00712188 0.423914 0.0751606 0.00851319 0.997135 52.838 
0.997078 0.0180626 -0.0742218 -81.7185 -0.0187048 0.999793 -0.00796588 0.405102 0.0740626 0.00933095 0.99721 53.6898 
0.997126 0.0149676 -0.0742731 -81.7928 -0.0151618 0.999883 -0.00205215 0.39316 0.0742336 0.00317242 0.997236 54.5469 
0.997102 0.0140346 -0.0747743 -81.8749 -0.0135424 0.999883 0.00708555 0.377455 0.074865 -0.00605235 0.997175 55.4065 
0.997018 0.0130318 -0.076063 -81.9537 -0.011926 0.999817 0.0149728 0.362673 0.0762442 -0.0140209 0.996991 56.2611 
0.996856 0.0111712 -0.0784392 -82.0335 -0.0102187 0.999869 0.0125331 0.359243 0.0785689 -0.0116921 0.99684 57.1041 
0.996754 0.00577098 -0.0803061 -82.1093 -0.0050651 0.999947 0.00899029 0.355085 0.0803537 -0.0085543 0.99673 57.9432 
0.996575 0.00450596 -0.0825738 -82.1981 -0.00389494 0.999964 0.00755876 0.345494 0.0826048 -0.0072112 0.996556 58.7755 
0.996326 0.00669398 -0.0853848 -82.2867 -0.00627386 0.999967 0.00518731 0.332672 0.0854167 -0.00463251 0.996335 59.6032 
0.996029 0.00838331 -0.0886311 -82.3804 -0.00825288 0.999964 0.00183754 0.320326 0.0886433 -0.00109874 0.996063 60.4247 
0.995667 0.00901317 -0.0925576 -82.4741 -0.00920022 0.999956 -0.0015948 0.308849 0.0925392 0.00243949 0.995706 61.2398 
0.995356 0.0108045 -0.0956515 -82.5729 -0.0113819 0.99992 -0.00549312 0.291911 0.0955845 0.00655635 0.9954 62.0511 
0.994989 0.0155567 -0.0987709 -82.6792 -0.01617 0.999855 -0.00541277 0.271675 0.0986723 0.00698282 0.995096 62.8583 
0.994585 0.0191514 -0.102143 -82.7874 -0.019646 0.9998 -0.0038388 0.259125 0.102049 0.00582476 0.994762 63.6662 
0.994138 0.0222478 -0.105805 -82.8969 -0.0221474 0.999753 0.00212377 0.241902 0.105826 0.00023203 0.994385 64.4694 
0.993689 0.0221153 -0.109969 -83.0045 -0.0213797 0.999741 0.00786299 0.224949 0.110115 -0.00546222 0.993904 65.2677 
0.993143 0.0216051 -0.114895 -83.1125 -0.020435 0.999727 0.0113525 0.218524 0.115108 -0.00892674 0.993313 66.0623 
0.992404 0.0219547 -0.121049 -83.2289 -0.0206168 0.999712 0.0122936 0.214837 0.121284 -0.00970452 0.992571 66.8397 
0.991714 0.0199432 -0.126905 -83.3438 -0.0180678 0.99971 0.0159115 0.209185 0.127185 -0.0134867 0.991787 67.6186 
0.990854 0.0202404 -0.133412 -83.4629 -0.0182913 0.999708 0.0158187 0.201486 0.133693 -0.0132337 0.990934 68.3857 
0.989922 0.0248565 -0.139415 -83.5947 -0.0229928 0.999624 0.0149625 0.194865 0.139735 -0.0116062 0.990121 69.15 
0.988999 0.0268943 -0.145459 -83.7328 -0.0255414 0.999612 0.0111606 0.191051 0.145702 -0.00732256 0.989301 69.9162 
0.988151 0.0254323 -0.151361 -83.8676 -0.0244587 0.999667 0.00829044 0.187189 0.151522 -0.00449006 0.988444 70.6847 
0.987308 0.0264911 -0.156595 -84.0083 -0.0257015 0.999645 0.00706542 0.180631 0.156726 -0.00295098 0.987638 71.4516 
0.986528 0.0286427 -0.161066 -84.1563 -0.027089 0.999563 0.0118338 0.180595 0.161334 -0.00731125 0.986873 72.2176 
0.985472 0.029227 -0.167305 -84.3026 -0.0269017 0.999508 0.016148 0.175629 0.167695 -0.0114126 0.985773 72.9783 
0.984419 0.0286461 -0.173489 -84.4532 -0.0258743 0.999499 0.0182174 0.170932 0.173923 -0.0134447 0.984667 73.7372 
0.983236 0.0262201 -0.180443 -84.6094 -0.024029 0.999609 0.0143184 0.169732 0.180747 -0.00974248 0.983481 74.4878 
0.981701 0.0243054 -0.188871 -84.7676 -0.0233603 0.999701 0.00722873 0.168809 0.188991 -0.00268431 0.981975 75.2281 
0.979982 0.0219458 -0.197874 -84.9338 -0.0213279 0.999759 0.00525337 0.164696 0.197942 -0.000927912 0.980213 75.9642 
0.977784 0.0216643 -0.208493 -85.1111 -0.0203877 0.999758 0.00826972 0.156972 0.208621 -0.00383527 0.977989 76.7046 
0.975424 0.0216022 -0.219276 -85.2988 -0.0189384 0.999719 0.0142427 0.158542 0.219522 -0.00973985 0.975559 77.4431 
0.972676 0.0232583 -0.231001 -85.4961 -0.0186859 0.999584 0.0219621 0.156818 0.231415 -0.0170455 0.972706 78.1737 
0.969972 0.0238435 -0.242046 -85.7007 -0.0182165 0.99951 0.0254589 0.154082 0.242535 -0.0202852 0.969931 78.9011 
0.967009 0.0269892 -0.253307 -85.9141 -0.0224515 0.999532 0.0207881 0.152869 0.25375 -0.0144151 0.967163 79.6107 
0.963833 0.0262144 -0.265216 -86.1319 -0.0239313 0.999644 0.0118364 0.14968 0.265431 -0.00506132 0.964116 80.3109 
0.960431 0.023763 -0.277503 -86.357 -0.0227588 0.999718 0.00683941 0.15444 0.277587 -0.000253093 0.960701 81.0163 
0.956875 0.022696 -0.289614 -86.5905 -0.0201874 0.999728 0.0116464 0.157496 0.289799 -0.00529756 0.957073 81.7316 
0.953379 0.0239162 -0.300825 -86.8401 -0.0190548 0.999636 0.0190843 0.153467 0.301172 -0.0124624 0.953488 82.4491 
0.949532 0.023988 -0.312752 -87.0951 -0.0171829 0.999552 0.0244969 0.154446 0.313199 -0.0178866 0.949519 83.1604 
0.945373 0.0217304 -0.325265 -87.3577 -0.0152631 0.999632 0.0224219 0.160289 0.325633 -0.0162324 0.945357 83.8653 
0.941439 0.0196422 -0.336611 -87.6255 -0.014477 0.999736 0.0178479 0.162792 0.336873 -0.0119295 0.941475 84.5668 
0.938268 0.0155183 -0.345561 -87.9014 -0.0124384 0.999861 0.0111285 0.158467 0.345685 -0.00614325 0.938331 85.2634 
0.935376 0.0114091 -0.353472 -88.179 -0.0102436 0.999934 0.00516793 0.157479 0.353508 -0.00121307 0.935431 85.9651 
0.93265 0.0111174 -0.360611 -88.4695 -0.0107146 0.999938 0.00311617 0.153045 0.360623 0.000957539 0.932711 86.6654 
0.929541 0.0161062 -0.368368 -88.7726 -0.0161617 0.999865 0.00293464 0.145689 0.368365 0.00322562 0.929676 87.3604 
0.926419 0.0160976 -0.376149 -89.0765 -0.015242 0.99987 0.0052507 0.136184 0.376185 0.00086896 0.926544 88.06 
0.923121 0.0169482 -0.384137 -89.3824 -0.0134894 0.999841 0.0116969 0.136424 0.384274 -0.00561585 0.923202 88.7643 
0.920231 0.0185892 -0.390934 -89.6961 -0.011745 0.999733 0.0198909 0.135833 0.391199 -0.0137127 0.920204 89.4719 
0.917524 0.0284829 -0.39666 -90.0285 -0.0195352 0.999456 0.0265805 0.132419 0.397201 -0.0166394 0.917581 90.167 
0.914835 0.0353416 -0.402278 -90.3629 -0.0282882 0.999324 0.0234629 0.133464 0.402835 -0.010085 0.915217 90.8478 
0.912436 0.0319386 -0.407972 -90.6883 -0.0279261 0.999485 0.0157888 0.137132 0.408266 -0.00301311 0.912858 91.5281 
0.910409 0.024254 -0.412999 -91.0132 -0.0228528 0.999704 0.00833276 0.141104 0.413078 0.001852 0.910694 92.2172 
0.908798 0.0247319 -0.416504 -91.3542 -0.0237864 0.999689 0.00746005 0.145296 0.416559 0.00312751 0.909103 92.9052 
0.906437 0.0305528 -0.421236 -91.7009 -0.0279158 0.999533 0.0124266 0.144109 0.421419 0.000495289 0.906866 93.6 
0.903769 0.0328485 -0.426758 -92.0445 -0.028259 0.999455 0.0170846 0.13629 0.427087 -0.00338077 0.904204 94.2973 
0.901372 0.0291446 -0.432064 -92.3858 -0.0250704 0.999571 0.0151234 0.131027 0.432319 -0.00279977 0.901716 94.9898 
0.898976 0.0271782 -0.437154 -92.7379 -0.025968 0.999625 0.00874597 0.127808 0.437228 0.00348964 0.899344 95.6745 
0.896778 0.0246419 -0.441795 -93.0965 -0.0263418 0.99965 0.0022874 0.123612 0.441697 0.00958643 0.897113 96.3581 
0.894493 0.0253937 -0.44636 -93.4647 -0.0279224 0.99961 0.000912524 0.117658 0.446209 0.0116472 0.894853 97.0436 
0.892361 0.0281388 -0.450445 -93.8318 -0.0289142 0.999569 0.00516104 0.107308 0.450396 0.0084188 0.892789 97.7362 
0.890298 0.0297434 -0.454406 -94.2051 -0.0296458 0.999534 0.00734123 0.0996282 0.454413 0.00693539 0.890764 98.4197 
0.887905 0.0308102 -0.458994 -94.5774 -0.0304512 0.999503 0.0081854 0.0889046 0.459018 0.00670909 0.888402 99.0996 
0.885558 0.0289462 -0.463626 -94.9474 -0.0288438 0.999557 0.00731307 0.0818764 0.463632 0.00689664 0.886001 99.7775 
0.88354 0.0270794 -0.467573 -95.3218 -0.0271208 0.99961 0.00664382 0.0751991 0.46757 0.00681092 0.88393 100.447 
0.881307 0.0265383 -0.471798 -95.6966 -0.0262229 0.99963 0.00724475 0.068087 0.471815 0.0059871 0.881677 101.118 
0.878927 0.0278648 -0.476142 -96.0757 -0.0274974 0.999592 0.00773956 0.0609049 0.476163 0.00629022 0.879335 101.777 
0.876654 0.0282539 -0.480291 -96.4566 -0.0279552 0.999579 0.00777657 0.0517878 0.480308 0.00660929 0.877075 102.432 
0.874198 0.0253746 -0.484905 -96.832 -0.027054 0.999628 0.00353589 0.0451542 0.484815 0.0100276 0.874559 103.083 
0.871855 0.0221227 -0.489264 -97.2059 -0.0257904 0.999667 -0.000756749 0.0314601 0.489084 0.0132781 0.872136 103.722 
0.869802 0.0206142 -0.492971 -97.586 -0.0257145 0.999663 -0.00356884 0.022868 0.492731 0.0157807 0.870039 104.359 
0.867827 0.0223909 -0.496362 -97.9674 -0.0257089 0.99967 0.000146287 0.0148109 0.496201 0.012634 0.868116 104.995 
0.865964 0.0264579 -0.499405 -98.3507 -0.0253565 0.999638 0.00899161 0.00498239 0.499463 0.00487682 0.866322 105.625 
0.864434 0.0285481 -0.501935 -98.7281 -0.0222449 0.999581 0.018542 -0.00387254 0.502254 -0.0048628 0.864707 106.252 
0.862869 0.0278175 -0.504662 -99.0983 -0.0186861 0.999557 0.0231472 -0.00654913 0.505082 -0.0105428 0.863007 106.866 
0.86132 0.0248773 -0.507454 -99.4641 -0.0156723 0.999626 0.0224042 -0.00280318 0.507822 -0.0113441 0.861387 107.461 
0.859531 0.0227908 -0.510575 -99.8221 -0.0152707 0.999704 0.0189167 -0.00437221 0.510855 -0.00846261 0.859625 108.038 
0.857887 0.0208867 -0.513413 -100.174 -0.0148093 0.999764 0.0159268 -0.00297276 0.513625 -0.00606001 0.857994 108.601 
0.856415 0.0190336 -0.515937 -100.518 -0.0132556 0.999801 0.0148806 -0.0078219 0.516118 -0.00590487 0.856497 109.144 
0.855155 0.0175039 -0.518076 -100.853 -0.0117827 0.999828 0.0143315 -0.00740702 0.518238 -0.00615126 0.855214 109.68 
0.85371 0.0180141 -0.520437 -101.181 -0.0116283 0.999812 0.0155321 -0.0153425 0.520619 -0.00720802 0.853759 110.194 
0.852506 0.0177194 -0.522417 -101.498 -0.0103458 0.999802 0.0170286 -0.0198666 0.522615 -0.00911212 0.85252 110.692 
0.851082 0.0162639 -0.524781 -101.806 -0.00823406 0.999811 0.0176321 -0.023532 0.524968 -0.0106852 0.851055 111.17 
0.849655 0.0146119 -0.527136 -102.099 -0.0062502 0.999825 0.0176403 -0.0245334 0.527302 -0.0116934 0.849598 111.632 
0.848519 0.0134492 -0.528994 -102.384 -0.00553117 0.999848 0.0165481 -0.0275449 0.529136 -0.0111154 0.848465 112.07 
0.847242 0.0133963 -0.531038 -102.658 -0.00757786 0.999885 0.0131336 -0.0337394 0.531153 -0.00710318 0.847246 112.48 
0.845871 0.0110467 -0.533273 -102.921 -0.00741767 0.999932 0.00894756 -0.0375533 0.533336 -0.00361279 0.845896 112.87 
0.84363 0.00728117 -0.536876 -103.174 -0.0041987 0.999967 0.0069639 -0.0432983 0.536909 -0.00362073 0.843633 113.252 
0.840825 0.00314983 -0.541298 -103.41 0.000951498 0.999973 0.00729684 -0.0462188 0.541306 -0.00665036 0.840799 113.621 
0.837326 0.00403283 -0.546689 -103.647 0.000754935 0.999963 0.00853279 -0.0463145 0.546703 -0.0075574 0.837293 113.97 
0.833303 0.00762237 -0.552763 -103.879 -0.00238902 0.999945 0.0101873 -0.0496193 0.552811 -0.00716846 0.833276 114.302 
0.829505 0.0136374 -0.558333 -104.103 -0.00650079 0.99987 0.014764 -0.0545399 0.558462 -0.00861712 0.829486 114.613 
0.825328 0.0187019 -0.564345 -104.317 -0.0079361 0.999737 0.0215242 -0.0564404 0.564599 -0.0132857 0.825259 114.909 
0.820321 0.0201821 -0.571547 -104.517 -0.00692651 0.999654 0.0253578 -0.0542457 0.571861 -0.0168426 0.820178 115.193 
0.814838 0.0173176 -0.57943 -104.709 -0.00237933 0.999645 0.0265307 -0.0547018 0.579683 -0.0202395 0.81459 115.456 
0.807746 0.0154231 -0.589329 -104.89 0.000984168 0.999621 0.0275095 -0.0552569 0.58953 -0.0228006 0.807425 115.699 
0.799072 0.013811 -0.601077 -105.075 0.00425284 0.999581 0.0286212 -0.055561 0.60122 -0.0254266 0.798679 115.926 
0.7886 0.0145288 -0.614735 -105.249 0.00464246 0.999552 0.0295791 -0.0585249 0.614889 -0.0261799 0.788179 116.134 
0.776307 0.0161146 -0.630149 -105.427 0.00294638 0.99957 0.0291914 -0.0611179 0.630348 -0.0245181 0.775925 116.323 
0.762245 0.0148836 -0.647117 -105.599 0.00313549 0.999639 0.0266848 -0.0662355 0.647281 -0.0223693 0.761923 116.497 
0.747214 0.0120525 -0.664474 -105.767 0.00260666 0.999775 0.0210656 -0.0630367 0.664578 -0.0174725 0.747014 116.66 
0.732 0.0083507 -0.681254 -105.927 0.00311876 0.999873 0.0156073 -0.0629372 0.681298 -0.0135492 0.731881 116.809 
0.716494 0.0082868 -0.697544 -106.094 -0.000779924 0.999938 0.0110781 -0.0552486 0.697593 -0.00739329 0.716456 116.948 
0.700681 0.0118087 -0.713377 -106.27 -0.00794168 0.99993 0.00875169 -0.0537067 0.713431 -0.000466677 0.700726 117.078 
0.683252 0.0132038 -0.730063 -106.446 -0.0104075 0.999911 0.00834392 -0.045103 0.730108 0.0018972 0.683329 117.212 
0.664303 0.011898 -0.747369 -106.62 -0.00735279 0.999929 0.00938318 -0.0402301 0.747427 -0.00073798 0.664343 117.348 
0.643921 0.0108865 -0.765014 -106.797 -0.00417025 0.999934 0.0107194 -0.0370551 0.76508 -0.00371209 0.643924 117.481 
0.621405 0.0126478 -0.783387 -106.981 -0.00408435 0.999908 0.0129037 -0.033616 0.783479 -0.00481873 0.6214 117.6 
0.597211 0.0170405 -0.801903 -107.176 -0.00753435 0.999849 0.0156357 -0.0279754 0.802049 -0.00329596 0.597249 117.708 
0.572327 0.0208617 -0.81976 -107.371 -0.00947496 0.999778 0.0188278 -0.0219123 0.819971 -0.00300839 0.572397 117.812 
0.54674 0.0236374 -0.836969 -107.573 -0.0111601 0.999718 0.0209435 -0.0176453 0.837228 -0.00210995 0.54685 117.91 
0.520623 0.0266233 -0.853371 -107.773 -0.0141384 0.999646 0.0225612 -0.0143157 0.85367 0.000319485 0.520815 117.997 
0.493999 0.0308825 -0.868914 -107.983 -0.0183749 0.999517 0.0250777 -0.0109089 0.869268 0.00357795 0.494327 118.073 
0.465897 0.0336354 -0.8842 -108.188 -0.0204162 0.99942 0.0272608 -0.00808122 0.884604 0.00535133 0.466313 118.148 
0.436341 0.0329274 -0.899179 -108.402 -0.0193287 0.999443 0.0272195 -0.005572 0.899574 0.00550297 0.436734 118.216 
0.404067 0.0296951 -0.914247 -108.624 -0.018912 0.999531 0.0241067 -0.0033212 0.914534 0.00754958 0.404439 118.281 
0.369574 0.0252434 -0.928858 -108.868 -0.0182716 0.999635 0.019897 0.00351114 0.929022 0.00961842 0.369901 118.341 
0.330615 0.0228018 -0.94349 -109.131 -0.0180314 0.999678 0.0178412 0.0121925 0.943594 0.0111139 0.33092 118.394 
0.28919 0.0219365 -0.95702 -109.415 -0.0170825 0.999697 0.0177528 0.015473 0.957119 0.0112144 0.289477 118.443 
0.245918 0.02005 -0.969083 -109.719 -0.0164838 0.999728 0.016501 0.0247492 0.96915 0.0119163 0.246182 118.476 
0.198826 0.0171304 -0.979885 -110.036 -0.0153071 0.99978 0.0143723 0.0355519 0.979915 0.0121416 0.199044 118.501 
0.149921 0.0153064 -0.98858 -110.364 -0.0142381 0.99981 0.0133211 0.0408333 0.988595 0.0120784 0.15011 118.508 
0.100028 0.0150128 -0.994871 -110.711 -0.0134533 0.999815 0.0137347 0.0480539 0.994894 0.0120105 0.100212 118.497 
0.0480561 0.0166141 -0.998706 -111.069 -0.0122333 0.999796 0.0160436 0.0510656 0.99877 0.0114465 0.0482496 118.471 
-0.00516378 0.0188574 -0.999809 -111.447 -0.00871637 0.999783 0.018902 0.058751 0.999949 0.00881235 -0.00499829 118.431 
-0.0590785 0.0208324 -0.998036 -111.833 -0.00510983 0.999763 0.0211709 0.0660465 0.99824 0.00635058 -0.058958 118.374 
-0.112591 0.0228228 -0.993379 -112.221 -0.000689393 0.999734 0.0230469 0.0685805 0.993641 0.00327974 -0.112545 118.29 
-0.165233 0.0245924 -0.985948 -112.622 0.00245597 0.999696 0.0245237 0.0760817 0.986252 0.0016307 -0.165243 118.178 
-0.216608 0.0258928 -0.975915 -113.034 0.00439113 0.999664 0.0255482 0.0870718 0.976249 0.00124862 -0.216649 118.045 
-0.266111 0.0270274 -0.963563 -113.451 0.00768028 0.999635 0.0259181 0.10009 0.963912 -0.000503326 -0.266221 117.89 
-0.314325 0.0286826 -0.948882 -113.878 0.0126874 0.999581 0.0260123 0.108943 0.949231 -0.00386255 -0.314557 117.712 
-0.360713 0.0304746 -0.932179 -114.311 0.0178423 0.999509 0.0257716 0.114036 0.932506 -0.00733607 -0.361079 117.504 
-0.404788 0.0324367 -0.913835 -114.748 0.0226181 0.99942 0.0254558 0.122866 0.914131 -0.010365 -0.405286 117.272 
