1 2.12261e-08 -2.11895e-08 -3.4469e-15 2.12261e-08 1 2.10703e-08 -1.11022e-15 -2.11895e-08 2.10703e-08 1 -2.43694e-14 
0.999997 0.00257441 3.4113e-05 -0.0125165 -0.00257441 0.999996 0.00141973 -0.0151158 -3.05003e-05 -0.00141977 0.999999 0.787195 
0.999986 0.00521055 9.78112e-06 -0.0267658 -0.00521052 0.999985 0.00188019 -0.0320331 -2.66872e-08 -0.00188017 0.999998 1.56282 
0.999979 0.00646756 0.000340821 -0.0407805 -0.00646806 0.999978 0.0016019 -0.0500046 -0.000330495 -0.00160403 0.999999 2.30752 
0.999964 0.00844085 0.000504223 -0.0613466 -0.00844149 0.999963 0.0013611 -0.064447 -0.000492758 -0.00136527 0.999999 3.03794 
0.999964 0.00848163 0.000860805 -0.0730475 -0.00848262 0.999963 0.00120549 -0.079111 -0.000850591 -0.0012127 0.999999 3.75955 
0.999963 0.00854264 0.00109096 -0.0826744 -0.00854494 0.999961 0.00216067 -0.0934369 -0.00107251 -0.00216987 0.999997 4.46395 
0.999956 0.0093044 0.00141395 -0.0902441 -0.00931106 0.999945 0.00481082 -0.103803 -0.00136915 -0.00482373 0.999987 5.15445 
0.999955 0.00907726 0.00262935 -0.0948433 -0.00910016 0.999919 0.00884948 -0.112759 -0.00254885 -0.00887297 0.999957 5.82921 
0.999958 0.0083783 0.00375267 -0.0980148 -0.00842398 0.999888 0.0123393 -0.12124 -0.00364891 -0.0123704 0.999917 6.47522 
0.999961 0.0076026 0.00457295 -0.0993833 -0.00766824 0.999865 0.0145204 -0.128576 -0.00446199 -0.0145548 0.999884 7.09454 
0.999953 0.00798282 0.0055628 -0.102408 -0.00806193 0.999865 0.0143543 -0.137578 -0.0054475 -0.0143984 0.999882 7.68929 
0.999939 0.00883179 0.00661877 -0.108648 -0.00890837 0.999893 0.0116378 -0.143478 -0.00651532 -0.0116961 0.99991 8.25381 
0.999932 0.00893387 0.00744237 -0.11173 -0.00899988 0.99992 0.00888922 -0.14911 -0.0073624 -0.00895556 0.999933 8.79147 
0.999935 0.00727543 0.00880916 -0.106903 -0.00734025 0.999946 0.00735314 -0.151881 -0.00875523 -0.00741728 0.999934 9.30355 
0.999939 0.00346274 0.0105113 -0.099962 -0.00351588 0.999981 0.00504536 -0.15876 -0.0104937 -0.00508197 0.999932 9.78596 
0.999923 0.0015132 0.0123181 -0.095385 -0.00156051 0.999991 0.00383522 -0.165294 -0.0123122 -0.0038541 0.999917 10.2352 
0.999879 0.00581117 0.0144165 -0.10201 -0.00583822 0.999981 0.00183802 -0.17679 -0.0144056 -0.00192192 0.999894 10.6494 
0.999797 0.0102283 0.0173781 -0.105647 -0.010248 0.999947 0.00104304 -0.186235 -0.0173665 -0.00122088 0.999848 11.0325 
0.99973 0.0105703 0.0206826 -0.101289 -0.0106165 0.999941 0.00212664 -0.194407 -0.0206589 -0.0023456 0.999784 11.3914 
0.999697 0.00646308 0.0237343 -0.0893215 -0.00652816 0.999975 0.00266725 -0.198548 -0.0237165 -0.00282135 0.999715 11.7166 
0.999652 0.00150927 0.0263388 -0.0819084 -0.0015766 0.999996 0.00253732 -0.20297 -0.0263349 -0.00257792 0.99965 11.9982 
0.999584 -0.00208128 0.0287848 -0.0725318 0.0019703 0.999991 0.0038849 -0.209283 -0.0287927 -0.00382653 0.999578 12.2595 
0.999506 -0.00240035 0.0313538 -0.067419 0.00224487 0.999985 0.00499457 -0.215225 -0.0313654 -0.00492168 0.999496 12.4907 
0.999441 -0.0016214 0.0333845 -0.0616506 0.00148958 0.999991 0.00397415 -0.218395 -0.0333906 -0.00392216 0.999435 12.6979 
0.999365 -0.000504139 0.0356371 -0.059402 0.000418121 0.999997 0.00242234 -0.221369 -0.0356383 -0.00240585 0.999362 12.8869 
0.99927 0.00162582 0.0381735 -0.0573752 -0.00168752 0.999997 0.00158528 -0.226575 -0.0381708 -0.0016485 0.99927 13.061 
0.999203 0.00434527 0.039686 -0.0555908 -0.00439296 0.99999 0.00111572 -0.235331 -0.0396808 -0.00128912 0.999212 13.2272 
0.999137 0.00561415 0.0411453 -0.0537736 -0.00561021 0.999984 -0.000210112 -0.242441 -0.0411459 -2.08617e-05 0.999153 13.3831 
0.999061 0.00487278 0.0430501 -0.0466885 -0.00479569 0.999987 -0.001893 -0.24771 -0.0430588 0.00168481 0.999071 13.5349 
0.999004 0.00329159 0.0444989 -0.0387671 -0.00315011 0.99999 -0.00324815 -0.251498 -0.0445092 0.00310478 0.999004 13.6808 
0.998952 0.00255181 0.0456912 -0.0307686 -0.00236314 0.999989 -0.00418193 -0.255569 -0.0457014 0.00406961 0.998947 13.8207 
0.998892 0.00304707 0.0469616 -0.0221717 -0.00278744 0.999981 -0.00559202 -0.258017 -0.0469778 0.00545496 0.998881 13.9528 
0.998823 0.00405251 0.0483366 -0.019992 -0.00368592 0.999964 -0.00766996 -0.261098 -0.048366 0.0074828 0.998802 14.0783 
0.998789 0.0041831 0.0490258 -0.0120584 -0.00370662 0.999945 -0.00980483 -0.264723 -0.0490642 0.00961128 0.998749 14.2048 
0.99876 0.00321055 0.0496858 -0.00442686 -0.00261152 0.999923 -0.0121158 -0.268416 -0.0497209 0.011971 0.998691 14.3286 
0.998789 0.00217618 0.049145 0.00253625 -0.00149699 0.999903 -0.0138518 -0.273733 -0.0491704 0.0137615 0.998696 14.4558 
0.998893 0.00175197 0.047007 0.00831264 -0.00105366 0.999889 -0.0148751 -0.277706 -0.0470278 0.0148091 0.998784 14.5831 
0.999032 0.00186617 0.0439509 0.00991134 -0.0011686 0.999873 -0.0158909 -0.278907 -0.043975 0.0158242 0.998907 14.712 
0.999202 0.00225058 0.0398854 0.00790593 -0.00156889 0.999852 -0.0171132 -0.284021 -0.039918 0.017037 0.999058 14.8379 
0.999412 0.00252029 0.0342021 0.0032661 -0.00190458 0.999836 -0.0180215 -0.290233 -0.0342419 0.0179458 0.999252 14.9623 
0.999618 0.00235999 0.0275261 0.00135901 -0.00184311 0.999822 -0.0187863 -0.291143 -0.0275656 0.0187285 0.999445 15.0945 
0.999794 0.00232821 0.0201832 0.000238381 -0.00193305 0.999807 -0.0195738 -0.292427 -0.0202249 0.0195308 0.999605 15.2283 
0.999923 0.00226226 0.0121871 -0.0102809 -0.00201172 0.999787 -0.0205276 -0.295072 -0.0122309 0.0205016 0.999715 15.3615 
0.999997 0.00100797 0.00205698 -0.0194423 -0.000962933 0.999763 -0.0217609 -0.298245 -0.00207847 0.0217589 0.999761 15.5017 
0.99994 -0.000680162 -0.0109417 -0.0341244 0.000424281 0.999727 -0.0233752 -0.302095 0.0109545 0.0233691 0.999667 15.6521 
0.999633 -0.00119761 -0.0270694 -0.0580835 0.000513472 0.999681 -0.025268 -0.306205 0.027091 0.0252449 0.999314 15.8121 
0.998918 -0.000853553 -0.0465042 -0.0852918 -0.000367465 0.999656 -0.0262421 -0.310308 0.0465106 0.0262308 0.998573 15.9885 
0.997671 -0.000251209 -0.0682139 -0.12433 -0.00150722 0.999668 -0.0257261 -0.317287 0.0681976 0.025769 0.997339 16.1824 
0.995763 0.000363743 -0.0919588 -0.170403 -0.00261821 0.999699 -0.0243971 -0.321844 0.0919222 0.0245345 0.995464 16.3938 
0.99292 0.00122201 -0.118779 -0.226937 -0.00397696 0.999729 -0.0229601 -0.328903 0.118718 0.02327 0.992655 16.6229 
0.988865 0.00219964 -0.148798 -0.304014 -0.00537281 0.999767 -0.020927 -0.333964 0.148717 0.0214935 0.988646 16.8671 
0.983271 0.00230905 -0.182136 -0.38243 -0.00558842 0.999831 -0.017494 -0.339937 0.182065 0.0182193 0.983118 17.1266 
0.975708 0.00322003 -0.219053 -0.479297 -0.00633186 0.999889 -0.0135055 -0.344687 0.218985 0.0145645 0.97562 17.3958 
0.965865 0.00500548 -0.258999 -0.59171 -0.00739728 0.999939 -0.00826121 -0.348391 0.258941 0.00989514 0.965842 17.6771 
0.953602 0.00900023 -0.300936 -0.721237 -0.01051 0.999939 -0.00339841 -0.352682 0.300887 0.00640361 0.953638 17.9659 
0.93899 0.0128534 -0.343704 -0.853129 -0.0132558 0.999911 0.00117883 -0.362699 0.343689 0.00344922 0.939077 18.2505 
0.921815 0.0151262 -0.387335 -1.02097 -0.0135744 0.999885 0.00674196 -0.364355 0.387392 -0.000956968 0.921914 18.555 
0.901842 0.0182013 -0.431683 -1.19517 -0.0132541 0.999808 0.0144659 -0.369946 0.431863 -0.00732433 0.901909 18.8573 
0.879289 0.0223347 -0.475766 -1.3966 -0.0140265 0.999681 0.0210065 -0.369833 0.476083 -0.0117974 0.879321 19.1607 
0.853544 0.027229 -0.52031 -1.62075 -0.0164118 0.999543 0.0253855 -0.367104 0.520763 -0.0131284 0.8536 19.4622 
0.824706 0.030171 -0.564756 -1.85854 -0.0170391 0.999448 0.0285115 -0.364049 0.565304 -0.0138907 0.824765 19.7506 
0.792937 0.033443 -0.608386 -2.12562 -0.0192317 0.999369 0.0298698 -0.355133 0.609001 -0.0119845 0.793079 20.0375 
0.75813 0.0358734 -0.651116 -2.41695 -0.0194292 0.999285 0.0324334 -0.345099 0.651813 -0.011938 0.758285 20.3256 
0.720294 0.0394531 -0.692546 -2.73916 -0.0202455 0.999152 0.0358632 -0.328966 0.693374 -0.011811 0.720481 20.6057 
0.680478 0.0405537 -0.731645 -3.08899 -0.0178528 0.999089 0.0387732 -0.315216 0.732551 -0.0133223 0.680582 20.8817 
0.639132 0.0404441 -0.768033 -3.46241 -0.0151234 0.999084 0.0400259 -0.302635 0.768948 -0.0139665 0.639158 21.1423 
0.595737 0.0392885 -0.802218 -3.86227 -0.00974321 0.999083 0.0416944 -0.28754 0.803121 -0.0170227 0.595573 21.3976 
0.550638 0.0396052 -0.833804 -4.28332 -0.00499854 0.999012 0.0441515 -0.275136 0.834729 -0.0201436 0.550292 21.6325 
0.503593 0.0407811 -0.862978 -4.73249 -0.0032702 0.998968 0.0452992 -0.253313 0.863935 -0.0199902 0.503207 21.8457 
0.453764 0.0402555 -0.890212 -5.20818 -0.00237833 0.99903 0.0439639 -0.228748 0.891119 -0.017832 0.45342 22.0356 
0.401302 0.0391662 -0.915108 -5.70214 0.0027813 0.999029 0.0439777 -0.20863 0.915941 -0.0201935 0.400804 22.2079 
0.347589 0.0384609 -0.936858 -6.22241 0.00782347 0.999005 0.0439148 -0.190311 0.937614 -0.0225938 0.346942 22.3608 
0.293241 0.0373932 -0.955307 -6.77024 0.0103475 0.999052 0.0422818 -0.165526 0.955983 -0.0222837 0.292576 22.4902 
0.239644 0.043189 -0.9699 -7.34595 0.0110827 0.998823 0.0472153 -0.13889 0.970798 -0.0220639 0.238884 22.5909 
0.18815 0.0482389 -0.980955 -7.9464 0.0136328 0.998569 0.0517199 -0.113121 0.982046 -0.0231043 0.187223 22.6621 
0.139789 0.0495042 -0.988943 -8.5555 0.0187129 0.998439 0.0526247 -0.0866831 0.990005 -0.0258623 0.138644 22.7102 
0.0954035 0.0509926 -0.994132 -9.18497 0.0211301 0.998358 0.0532372 -0.0685732 0.995214 -0.0260851 0.0941694 22.7376 
0.0549376 0.0492576 -0.997274 -9.83681 0.0207601 0.99851 0.0504622 -0.042024 0.998274 -0.0234757 0.0538332 22.7396 
0.0191503 0.0447434 -0.998815 -10.499 0.0181895 0.998817 0.0450923 -0.00811144 0.999651 -0.0190314 0.0183138 22.7169 
-0.00947756 0.04458 -0.998961 -11.1865 0.0159788 0.998885 0.044425 0.0235701 0.999827 -0.0155411 -0.0101793 22.6802 
-0.0304178 0.0488903 -0.998341 -11.894 0.0148974 0.998714 0.0484547 0.0492518 0.999426 -0.0133988 -0.031107 22.6304 
-0.0433348 0.0548074 -0.997556 -12.6252 0.0164899 0.998397 0.0541373 0.0804869 0.998925 -0.0141035 -0.0441691 22.577 
-0.0511278 0.0574381 -0.997039 -13.3775 0.0161072 0.998262 0.0566826 0.110497 0.998562 -0.0131614 -0.0519641 22.5134 
-0.0551441 0.0547127 -0.996978 -14.143 0.0174123 0.998398 0.0538276 0.141459 0.998327 -0.0143914 -0.0560084 22.4593 
-0.0543326 0.0510442 -0.997217 -14.9193 0.0249371 0.99845 0.0497486 0.175132 0.998211 -0.0221647 -0.0555213 22.406 
-0.0501934 0.0496557 -0.997504 -15.7309 0.0368635 0.998175 0.0478342 0.214126 0.998059 -0.0343705 -0.0519323 22.3748 
-0.044749 0.0497868 -0.997757 -16.5722 0.0374057 0.998141 0.0481284 0.250009 0.998298 -0.0351681 -0.0465281 22.3261 
-0.0398412 0.0482057 -0.998043 -17.4221 0.0356364 0.998269 0.046794 0.278655 0.99857 -0.0337023 -0.0414901 22.2775 
-0.0367402 0.0419355 -0.998445 -18.2869 0.0392743 0.998408 0.0404887 0.312377 0.998553 -0.0377256 -0.0383287 22.2421 
-0.0345145 0.0312149 -0.998917 -19.1532 0.0370858 0.998864 0.0299319 0.338031 0.998716 -0.0360125 -0.0356329 22.1952 
-0.0339458 0.0228514 -0.999162 -20.046 0.0294247 0.999328 0.0218556 0.355683 0.99899 -0.0286581 -0.0345954 22.1342 
-0.0353172 0.0198003 -0.99918 -20.9777 0.0236277 0.999541 0.0189723 0.380756 0.999097 -0.0229382 -0.0357688 22.0753 
-0.0386603 0.0256396 -0.998923 -21.9249 0.0144369 0.999581 0.0250977 0.395079 0.999148 -0.0134511 -0.0390142 22.0011 
-0.0436833 0.0336234 -0.99848 -22.9133 0.0096316 0.999401 0.033233 0.41691 0.998999 -0.00816518 -0.043981 21.9245 
-0.0486571 0.0430588 -0.997887 -23.9235 0.0082666 0.999054 0.0427061 0.449677 0.998781 -0.00617114 -0.048967 21.8592 
-0.0504452 0.0528097 -0.99733 -24.9504 0.00728465 0.998594 0.0525082 0.49216 0.9987 -0.00461637 -0.050759 21.7918 
-0.0516615 0.0606943 -0.996819 -25.9815 0.00909167 0.998139 0.0603035 0.534409 0.998623 -0.00594733 -0.0521171 21.7236 
-0.0532925 0.0614599 -0.996686 -27.0047 0.0104119 0.998084 0.0609894 0.582638 0.998525 -0.00712707 -0.0538303 21.6568 
-0.0550319 0.0587805 -0.996753 -28.0202 0.00916595 0.998253 0.0583629 0.627273 0.998443 -0.00592432 -0.0554746 21.5807 
-0.0576479 0.0536861 -0.996892 -29.0392 0.00880317 0.998542 0.0532659 0.672323 0.998298 -0.00570511 -0.0580364 21.4969 
-0.0621445 0.048734 -0.996877 -30.0561 0.00924479 0.998792 0.0482513 0.704678 0.998024 -0.00621732 -0.06252 21.4109 
-0.0676689 0.0441482 -0.996731 -31.0796 0.00936108 0.999005 0.0436133 0.741312 0.997664 -0.00637917 -0.0680148 21.3241 
-0.0745554 0.0421483 -0.996326 -32.1101 0.00838199 0.999098 0.0416383 0.775296 0.997182 -0.0052468 -0.0748414 21.2205 
-0.0812045 0.0445611 -0.995701 -33.1718 0.00888413 0.998993 0.0439839 0.811792 0.996658 -0.0052742 -0.0815186 21.1124 
-0.0875287 0.0493238 -0.99494 -34.2492 0.00756343 0.998778 0.0488487 0.849792 0.996133 -0.00324946 -0.0877947 20.9944 
-0.0935423 0.0520189 -0.994255 -35.3222 0.00520465 0.998646 0.051759 0.888463 0.995602 -0.000333064 -0.0936864 20.8653 
-0.0983664 0.054341 -0.993666 -36.403 0.00201245 0.998517 0.0544071 0.927788 0.995148 0.00335216 -0.0983298 20.7352 
-0.101238 0.0556513 -0.993305 -37.476 -0.00237299 0.998418 0.0561797 0.969787 0.994859 0.00804467 -0.100946 20.6006 
-0.103213 0.0568296 -0.993035 -38.5563 -0.00618674 0.998311 0.0577746 1.01455 0.99464 0.0121068 -0.102687 20.4671 
-0.104773 0.0563435 -0.992899 -39.6416 -0.00769383 0.998318 0.0574629 1.0611 0.994466 0.0136598 -0.104164 20.3274 
-0.106185 0.0555366 -0.992794 -40.7253 -0.00790072 0.99836 0.056693 1.10678 0.994315 0.0138638 -0.105572 20.188 
-0.107085 0.054874 -0.992734 -41.8096 -0.00922212 0.998378 0.0561807 1.15032 0.994207 0.0151713 -0.106405 20.0451 
-0.108051 0.0540434 -0.992675 -42.9057 -0.0111545 0.998393 0.0555688 1.19302 0.994083 0.0170771 -0.107274 19.904 
-0.108719 0.0514718 -0.992739 -43.9932 -0.0159187 0.99844 0.0535108 1.23599 0.993945 0.0216207 -0.10773 19.7568 
-0.10876 0.0464091 -0.992984 -45.0868 -0.0212917 0.998572 0.0490023 1.27798 0.99384 0.0264719 -0.107617 19.6016 
-0.108162 0.0457035 -0.993082 -46.1835 -0.0226788 0.998569 0.0484261 1.32198 0.993875 0.0277598 -0.106971 19.4637 
-0.106785 0.0499228 -0.993028 -47.2903 -0.023549 0.998332 0.0527218 1.36257 0.994003 0.0290148 -0.105432 19.3246 
-0.104961 0.0531322 -0.993056 -48.406 -0.0236865 0.998155 0.0559085 1.40418 0.994194 0.0293902 -0.103508 19.186 
-0.103417 0.0528657 -0.993232 -49.5146 -0.0216977 0.998229 0.0553908 1.45346 0.994401 0.0272792 -0.102087 19.0517 
-0.101297 0.0521192 -0.99349 -50.6303 -0.0211241 0.998289 0.0545248 1.49747 0.994632 0.0265099 -0.100023 18.9236 
-0.0970763 0.052697 -0.993881 -51.7642 -0.0256172 0.998134 0.0554247 1.54281 0.994947 0.0308409 -0.0955452 18.7814 
-0.0916607 0.0535702 -0.994348 -52.8904 -0.0301794 0.997944 0.0565459 1.58645 0.995333 0.0351919 -0.0898555 18.6542 
-0.085822 0.0530035 -0.9949 -54.0174 -0.0339163 0.99785 0.0560864 1.63373 0.995733 0.0385568 -0.0838398 18.5277 
-0.0802791 0.0522438 -0.995402 -55.15 -0.0350504 0.99786 0.0551996 1.68127 0.996156 0.0393207 -0.0782761 18.4157 
-0.0746085 0.0515089 -0.995882 -56.286 -0.0344567 0.997936 0.0541965 1.72736 0.996617 0.0383584 -0.0726796 18.31 
-0.0695215 0.0513864 -0.996256 -57.4234 -0.0323831 0.99803 0.0537377 1.77303 0.997055 0.0359978 -0.0677205 18.2167 
-0.0640397 0.0521477 -0.996584 -58.5649 -0.0312668 0.998039 0.054233 1.81752 0.997457 0.0346331 -0.0622836 18.1248 
-0.0587979 0.0537716 -0.996821 -59.7186 -0.0300333 0.998001 0.0556068 1.86459 0.997818 0.0332074 -0.0570654 18.0438 
-0.0533981 0.0547432 -0.997072 -60.8804 -0.0309176 0.997927 0.0564459 1.91727 0.998095 0.0338412 -0.0515948 17.9658 
-0.0486057 0.0539372 -0.997361 -62.0295 -0.0300906 0.998009 0.0554386 1.96425 0.998365 0.0327058 -0.0468859 17.8953 
-0.0435158 0.0494703 -0.997827 -63.1803 -0.030413 0.998245 0.0508174 2.01089 0.99859 0.0325583 -0.0419349 17.8197 
-0.0392517 0.0442139 -0.998251 -64.3238 -0.0300231 0.998517 0.0454062 2.05132 0.998778 0.0317529 -0.0378661 17.7569 
-0.0355002 0.0434769 -0.998424 -65.4914 -0.0298387 0.998562 0.0445439 2.0956 0.998924 0.0313731 -0.0341519 17.6926 
-0.032365 0.0460011 -0.998417 -66.6555 -0.0291134 0.998473 0.0469475 2.12898 0.999052 0.0305868 -0.0309763 17.6353 
-0.0302354 0.045462 -0.998508 -67.8242 -0.0291807 0.998499 0.0463452 2.1698 0.999117 0.0305385 -0.0288634 17.5788 
-0.0292104 0.0451463 -0.998553 -69.0015 -0.0309969 0.998458 0.0460487 2.21156 0.999093 0.0322972 -0.027766 17.5185 
-0.028334 0.046147 -0.998533 -70.1737 -0.0320071 0.99838 0.0470482 2.24629 0.999086 0.0332932 -0.0268111 17.4608 
-0.0269772 0.0457038 -0.998591 -71.356 -0.0324876 0.998387 0.0465721 2.28471 0.999108 0.0336982 -0.0254489 17.4035 
-0.0258519 0.0434231 -0.998722 -72.5343 -0.032769 0.998482 0.0442609 2.32461 0.999129 0.0338714 -0.0243898 17.3492 
-0.0253153 0.0420431 -0.998795 -73.7134 -0.0308232 0.998607 0.0428164 2.3608 0.999204 0.03187 -0.0239841 17.3 
-0.0250876 0.0420838 -0.998799 -74.8967 -0.0278533 0.998696 0.042779 2.39292 0.999297 0.0288931 -0.0238827 17.2564 
-0.0250133 0.0432189 -0.998752 -76.0757 -0.025383 0.998716 0.043853 2.42245 0.999365 0.0264483 -0.0238841 17.2131 
-0.024881 0.0458443 -0.998639 -77.2603 -0.0253126 0.998599 0.0464732 2.45946 0.99937 0.0264345 -0.0236857 17.1621 
-0.0246019 0.0494078 -0.998476 -78.4455 -0.0277495 0.998359 0.0500858 2.49396 0.999312 0.0289394 -0.0231905 17.1119 
-0.0239234 0.0494199 -0.998492 -79.6216 -0.030083 0.99829 0.0501306 2.53117 0.999261 0.031237 -0.0223958 17.0578 
-0.0240425 0.047591 -0.998578 -80.7876 -0.0306888 0.99836 0.0483195 2.56249 0.99924 0.0318069 -0.0225425 17.0154 
-0.0239313 0.0451433 -0.998694 -81.9759 -0.0310557 0.998464 0.0458771 2.60023 0.999231 0.0321131 -0.0224926 16.9695 
-0.0240186 0.0446176 -0.998715 -83.1464 -0.0285677 0.998565 0.0452979 2.63494 0.999303 0.029619 -0.0227095 16.9242 
-0.0242512 0.0463085 -0.998633 -84.3234 -0.026747 0.998539 0.0469536 2.66709 0.999348 0.0278491 -0.0229771 16.8833 
-0.024053 0.0491261 -0.998503 -85.501 -0.0265361 0.998409 0.0497607 2.70423 0.999358 0.0276933 -0.0227111 16.8366 
-0.0235923 0.051373 -0.998401 -86.679 -0.0265035 0.998296 0.0519938 2.74437 0.99937 0.0276878 -0.0221905 16.7891 
-0.023518 0.0515445 -0.998394 -87.8463 -0.0282679 0.998236 0.0522023 2.78367 0.999324 0.0294503 -0.0220195 16.74 
-0.0231994 0.049502 -0.998505 -89.0148 -0.0276428 0.99836 0.0501371 2.81955 0.999349 0.0287647 -0.021793 16.6907 
-0.0230218 0.0481939 -0.998573 -90.1852 -0.0260661 0.998469 0.0487898 2.86051 0.999395 0.0271522 -0.0217304 16.6475 
-0.0231236 0.0492468 -0.998519 -91.3624 -0.024489 0.998458 0.0498109 2.89832 0.999433 0.0256046 -0.021882 16.6032 
-0.0232202 0.0523204 -0.99836 -92.5367 -0.022154 0.998357 0.0528356 2.93552 0.999485 0.0233445 -0.022023 16.5634 
-0.0233437 0.0549549 -0.998216 -93.7164 -0.020773 0.998246 0.0554423 2.97821 0.999512 0.0220302 -0.0221612 16.5203 
-0.0229037 0.0566108 -0.998134 -94.8912 -0.0212787 0.998142 0.0570995 3.02558 0.999511 0.0225468 -0.0216566 16.4728 
-0.0225515 0.0582877 -0.998045 -96.064 -0.0239027 0.997982 0.0588241 3.0763 0.99946 0.0251826 -0.0211128 16.4195 
-0.0224545 0.057334 -0.998103 -97.2332 -0.0257174 0.997991 0.0579062 3.12353 0.999417 0.0269689 -0.0209349 16.3751 
-0.0225804 0.0532157 -0.998328 -98.4009 -0.0278646 0.998161 0.0538371 3.17363 0.999357 0.0290337 -0.021056 16.3217 
-0.0224805 0.0513661 -0.998427 -99.5642 -0.0286195 0.998237 0.0520007 3.21873 0.999338 0.0297435 -0.0209708 16.2778 
-0.0225497 0.0499596 -0.998497 -100.722 -0.0287239 0.998306 0.0505987 3.25777 0.999333 0.0298218 -0.0210765 16.2356 
-0.0227285 0.0503852 -0.998471 -101.875 -0.0274244 0.998322 0.0510019 3.29857 0.999366 0.0285417 -0.0213086 16.1974 
-0.0230329 0.052524 -0.998354 -103.032 -0.0274051 0.998211 0.0531487 3.34023 0.999359 0.0285842 -0.0215522 16.1507 
-0.0232186 0.0545641 -0.99824 -104.205 -0.0258494 0.998143 0.05516 3.38523 0.999396 0.0270847 -0.021765 16.1113 
-0.0238232 0.0534326 -0.998287 -105.368 -0.029461 0.998099 0.0541256 3.43217 0.999282 0.0307001 -0.0222038 16.0583 
-0.0239742 0.0545356 -0.998224 -106.535 -0.0336684 0.997901 0.0553266 3.48042 0.999146 0.034935 -0.0220878 15.9978 
-0.0243695 0.0535748 -0.998266 -107.706 -0.0370272 0.997829 0.0544553 3.52662 0.999017 0.0382901 -0.0223329 15.9423 
-0.0245482 0.0494993 -0.998472 -108.897 -0.0374227 0.998028 0.0503973 3.57691 0.998998 0.0386027 -0.0226473 15.8853 
-0.0253661 0.045495 -0.998643 -110.06 -0.0374744 0.998219 0.0464275 3.61913 0.998976 0.0386012 -0.0236161 15.8348 
-0.0265638 0.0446046 -0.998652 -111.244 -0.0337669 0.998394 0.0454913 3.66071 0.999077 0.0349299 -0.025015 15.7857 
-0.0272509 0.044434 -0.998641 -112.452 -0.0292661 0.998548 0.0452285 3.69016 0.9992 0.0304588 -0.0259109 15.7373 
-0.0277191 0.0460702 -0.998554 -113.677 -0.0281555 0.998505 0.0468495 3.73674 0.999219 0.0294134 -0.0263805 15.6789 
-0.0287654 0.0500187 -0.998334 -114.903 -0.027319 0.998335 0.0508059 3.779 0.999213 0.0287349 -0.027351 15.6258 
-0.0294479 0.0499192 -0.998319 -116.152 -0.0254904 0.99839 0.0506746 3.82911 0.999241 0.0269399 -0.028128 15.5741 
-0.0303443 0.0455839 -0.9985 -117.395 -0.0252287 0.998606 0.0463555 3.87532 0.999221 0.0265975 -0.029152 15.5163 
-0.0310286 0.0416255 -0.998651 -118.653 -0.0253134 0.998779 0.0424173 3.92114 0.999198 0.0265955 -0.0299371 15.4556 
-0.0317706 0.0403441 -0.998681 -119.906 -0.0244615 0.998854 0.0411293 3.95703 0.999196 0.025736 -0.0307473 15.392 
-0.0325588 0.0414543 -0.99861 -121.159 -0.0262849 0.998758 0.0423174 3.99665 0.999124 0.0276262 -0.0314288 15.3289 
-0.0330632 0.045887 -0.998399 -122.428 -0.0309916 0.998418 0.0469142 4.03781 0.998973 0.0324932 -0.0315887 15.2581 
-0.0331708 0.0490051 -0.998248 -123.695 -0.0364744 0.998073 0.0502085 4.07971 0.998784 0.038076 -0.0313194 15.1801 
-0.0335939 0.0485407 -0.998256 -124.957 -0.0437679 0.99779 0.049991 4.12667 0.998477 0.045371 -0.0313951 15.1087 
-0.0335685 0.0465127 -0.998354 -126.226 -0.0469721 0.997739 0.0480635 4.16901 0.998332 0.0485082 -0.0313078 15.0352 
-0.03459 0.0453119 -0.998374 -127.491 -0.0491071 0.997688 0.0469822 4.21172 0.998194 0.0506524 -0.0322849 14.9722 
-0.035948 0.0447246 -0.998352 -128.748 -0.0489529 0.99772 0.046459 4.2486 0.998154 0.0505424 -0.0336767 14.919 
-0.036472 0.0435947 -0.998383 -130.039 -0.0462192 0.997905 0.0452623 4.29384 0.998265 0.0477953 -0.0343807 14.8543 
-0.0364658 0.0441868 -0.998358 -131.316 -0.0463702 0.997871 0.045859 4.33782 0.998259 0.0479664 -0.0343393 14.772 
-0.0375031 0.0493173 -0.998079 -132.591 -0.0459616 0.997639 0.0510226 4.37941 0.998239 0.0477869 -0.0351478 14.7054 
-0.0382065 0.053442 -0.99784 -133.868 -0.0444192 0.997491 0.0551241 4.42629 0.998282 0.0464294 -0.0357368 14.6334 
-0.0384626 0.051821 -0.997915 -135.148 -0.044863 0.997558 0.0535316 4.48202 0.998252 0.0468285 -0.0360438 14.5669 
-0.0378414 0.0501825 -0.998023 -136.412 -0.0444439 0.997665 0.0518497 4.53527 0.998295 0.0463182 -0.0355228 14.4974 
-0.0367729 0.0497601 -0.998084 -137.669 -0.0438202 0.997719 0.0513563 4.57727 0.998362 0.0456248 -0.0345085 14.4281 
-0.0360473 0.0490229 -0.998147 -138.922 -0.0438402 0.997757 0.050587 4.62077 0.998388 0.0455825 -0.0338173 14.3614 
-0.035567 0.0510586 -0.998062 -140.189 -0.0438388 0.997653 0.0525999 4.66697 0.998405 0.0456247 -0.0332452 14.2965 
-0.0349588 0.0545898 -0.997897 -141.452 -0.0448822 0.997414 0.0561357 4.71636 0.99838 0.0467503 -0.0324183 14.2321 
-0.033991 0.0555984 -0.997874 -142.718 -0.0463672 0.997289 0.0571452 4.76543 0.998346 0.0482111 -0.0313208 14.1727 
-0.0331183 0.052783 -0.998057 -143.97 -0.0484382 0.997346 0.0543527 4.81463 0.998277 0.0501442 -0.0304737 14.1043 
-0.0329414 0.0498461 -0.998214 -145.215 -0.0475521 0.997546 0.051382 4.86192 0.998325 0.0491598 -0.0304903 14.034 
-0.0330101 0.0483027 -0.998287 -146.462 -0.0445359 0.997768 0.0497502 4.90529 0.998462 0.0461019 -0.0307852 13.975 
-0.0334227 0.0477603 -0.9983 -147.708 -0.0429515 0.997866 0.0491776 4.94893 0.998518 0.0445221 -0.0313 13.9164 
-0.0337922 0.0481832 -0.998267 -148.963 -0.0402962 0.997959 0.0495324 4.99027 0.998616 0.0419002 -0.0317816 13.857 
-0.034275 0.0467933 -0.998316 -150.214 -0.0383744 0.998105 0.0481009 5.0299 0.998675 0.0399585 -0.0324144 13.7997 
-0.0347545 0.0471233 -0.998284 -151.459 -0.0377472 0.998113 0.0484293 5.07014 0.998683 0.0393656 -0.0329102 13.7416 
-0.0352782 0.0499835 -0.998127 -152.711 -0.0351339 0.998069 0.0512224 5.11219 0.99876 0.0368752 -0.033454 13.6835 
-0.0356142 0.0512423 -0.998051 -153.952 -0.0324324 0.998099 0.0524021 5.15711 0.998839 0.0342355 -0.0338846 13.6226 
-0.035975 0.0501097 -0.998096 -155.184 -0.0303835 0.998226 0.0512113 5.19867 0.998891 0.032168 -0.0343887 13.5625 
-0.0368456 0.0503364 -0.998052 -156.416 -0.0316463 0.998171 0.0515107 5.24204 0.99882 0.0334827 -0.0351852 13.4936 
-0.0370501 0.0550485 -0.997796 -157.663 -0.0321899 0.997898 0.0562494 5.28861 0.998795 0.034203 -0.0352002 13.4284 
-0.0366499 0.0610439 -0.997462 -158.909 -0.0370159 0.997365 0.062398 5.34539 0.998642 0.0392088 -0.0342938 13.3584 
-0.0356026 0.0609637 -0.997505 -160.142 -0.0416442 0.99718 0.0624302 5.40375 0.998498 0.043763 -0.0329634 13.2808 
-0.0344993 0.0570381 -0.997776 -161.376 -0.045217 0.997259 0.058572 5.45691 0.998381 0.0471372 -0.0318256 13.2097 
-0.0327263 0.0514059 -0.998142 -162.611 -0.047328 0.997476 0.0529234 5.51222 0.998343 0.0489721 -0.0302108 13.1382 
-0.0317602 0.0496686 -0.998261 -163.844 -0.0501129 0.997429 0.0512216 5.55891 0.998238 0.0516526 -0.0291895 13.0654 
-0.0303686 0.046802 -0.998442 -165.069 -0.0448363 0.997834 0.0481372 5.59824 0.998533 0.0462284 -0.0282044 13.0076 
-0.0304227 0.0423407 -0.99864 -166.281 -0.0414289 0.99819 0.0435837 5.63906 0.998678 0.0426985 -0.0286135 12.9535 
-0.0313151 0.0394052 -0.998733 -167.505 -0.0349008 0.99857 0.0404931 5.67057 0.9989 0.0361246 -0.0298951 12.9096 
-0.0324854 0.0421104 -0.998585 -168.748 -0.0327152 0.998532 0.0431725 5.71204 0.998937 0.0340714 -0.0310601 12.8529 
-0.0320487 0.0486275 -0.998303 -169.99 -0.0328467 0.998225 0.0496782 5.74554 0.998946 0.0343831 -0.0303945 12.7954 
-0.0306881 0.0515695 -0.998198 -171.232 -0.0345735 0.998016 0.052623 5.79215 0.998931 0.0361261 -0.0288442 12.7379 
-0.0290838 0.0482823 -0.99841 -172.454 -0.0357733 0.998143 0.0493114 5.83613 0.998937 0.0371507 -0.0273025 12.6802 
-0.0285694 0.0481529 -0.998431 -173.682 -0.0379975 0.998065 0.0492225 5.88044 0.998869 0.0393442 -0.0266844 12.6226 
-0.0276919 0.0494009 -0.998395 -174.901 -0.0360315 0.99808 0.0503846 5.91931 0.998967 0.037369 -0.0258587 12.5716 
-0.0273476 0.0474227 -0.998501 -176.102 -0.0362108 0.998172 0.0483989 5.95715 0.99897 0.0374801 -0.0255803 12.52 
-0.0258334 0.0460176 -0.998607 -177.29 -0.036106 0.998245 0.046935 5.99233 0.999014 0.0372683 -0.0241266 12.4721 
-0.0241159 0.0476516 -0.998573 -178.456 -0.0373263 0.998124 0.0485316 6.02727 0.999012 0.0384434 -0.022292 12.4193 
-0.0227158 0.0493239 -0.998525 -179.589 -0.0370203 0.998056 0.050143 6.06 0.999056 0.0381047 -0.0208456 12.372 
-0.022483 0.0507389 -0.998459 -180.688 -0.0377126 0.997957 0.0515626 6.08842 0.999036 0.0388138 -0.0205235 12.3286 
-0.0225071 0.0521624 -0.998385 -181.77 -0.0381826 0.997865 0.052996 6.11582 0.999017 0.0393137 -0.0204673 12.2855 
-0.0227668 0.0531007 -0.99833 -182.841 -0.0372344 0.997851 0.0539244 6.14942 0.999047 0.0383999 -0.0207407 12.2386 
-0.0224628 0.0522056 -0.998384 -183.867 -0.0373768 0.997894 0.0530209 6.18127 0.999049 0.0385074 -0.0204642 12.1966 
-0.0212449 0.0521567 -0.998413 -184.857 -0.0380641 0.997872 0.0529384 6.20738 0.999049 0.0391284 -0.0192144 12.1603 
-0.01995 0.0527455 -0.998409 -185.831 -0.0384447 0.997828 0.053483 6.23995 0.999062 0.0394505 -0.0178789 12.1256 
-0.0212646 0.0514176 -0.998451 -186.762 -0.036738 0.997962 0.0521749 6.26103 0.999099 0.0377906 -0.0193323 12.0968 
-0.0248088 0.0486869 -0.998506 -187.704 -0.0341617 0.998189 0.0495202 6.28294 0.999108 0.0353393 -0.0231006 12.0654 
-0.0301949 0.0451944 -0.998522 -188.641 -0.0337463 0.998362 0.0462077 6.3088 0.998974 0.0350917 -0.0286203 12.0237 
-0.0357003 0.0418792 -0.998485 -189.59 -0.0353841 0.998442 0.0431425 6.34047 0.998736 0.0368707 -0.0341629 11.9781 
-0.0399431 0.0407774 -0.99837 -190.543 -0.0372077 0.998413 0.0422678 6.37289 0.998509 0.0388354 -0.0383625 11.9256 
-0.0430347 0.0413074 -0.998219 -191.483 -0.0387307 0.998325 0.0429815 6.39935 0.998323 0.0405115 -0.0413628 11.8686 
-0.045894 0.0430777 -0.998017 -192.405 -0.0373996 0.998295 0.0448095 6.42514 0.998246 0.0393819 -0.0442047 11.8217 
-0.0478299 0.044824 -0.997849 -193.336 -0.0343627 0.998327 0.0464926 6.44786 0.998264 0.0365126 -0.0462096 11.7685 
-0.0497714 0.0453644 -0.99773 -194.263 -0.0328828 0.998352 0.047033 6.47598 0.998219 0.0351491 -0.0481976 11.7137 
-0.0507242 0.0442461 -0.997732 -195.179 -0.0333525 0.998386 0.0459707 6.50295 0.998156 0.0356087 -0.0491666 11.6476 
-0.0517417 0.0429151 -0.997738 -196.084 -0.0353305 0.998372 0.0447746 6.52915 0.998035 0.0375673 -0.0501413 11.5836 
-0.0518257 0.0420829 -0.997769 -196.994 -0.0389062 0.998268 0.0441248 6.55437 0.997898 0.0411062 -0.0500987 11.5148 
-0.0511734 0.0400744 -0.997885 -197.903 -0.0416494 0.99824 0.0422245 6.58277 0.997821 0.0437221 -0.0494142 11.4501 
-0.050173 0.0375162 -0.998036 -198.814 -0.0420963 0.998327 0.0396434 6.60516 0.997853 0.0440026 -0.0485098 11.3858 
-0.0499557 0.0348356 -0.998144 -199.726 -0.0419567 0.998436 0.0369457 6.62896 0.99787 0.0437245 -0.048416 11.3255 
-0.0494367 0.0345153 -0.998181 -200.652 -0.0421221 0.998442 0.0366105 6.65181 0.997889 0.0438554 -0.0479058 11.2619 
-0.0489363 0.0370575 -0.998114 -201.579 -0.0395237 0.998457 0.0390081 6.67769 0.99802 0.0413581 -0.0473962 11.2005 
-0.0489628 0.0384215 -0.998061 -202.517 -0.0389457 0.998427 0.0403462 6.70023 0.998041 0.0408457 -0.0473894 11.1369 
-0.0484808 0.0347839 -0.998218 -203.461 -0.0338995 0.99876 0.0364492 6.72279 0.998249 0.0356062 -0.0472416 11.084 
-0.0484446 0.0314428 -0.998331 -204.401 -0.0322186 0.998935 0.0330252 6.74988 0.998306 0.0337648 -0.04738 11.0274 
-0.0479773 0.031483 -0.998352 -205.344 -0.0367902 0.998769 0.0332642 6.77486 0.998171 0.0383255 -0.04676 10.9577 
-0.0467395 0.0355517 -0.998274 -206.305 -0.0378609 0.998585 0.0373355 6.79164 0.998189 0.0395406 -0.0453274 10.8955 
-0.0447178 0.0349953 -0.998387 -207.262 -0.0356451 0.998694 0.0366026 6.81723 0.998364 0.0372244 -0.043412 10.8344 
-0.0424391 0.0360646 -0.998448 -208.233 -0.0342846 0.998707 0.0375312 6.84786 0.998511 0.0358242 -0.0411478 10.7745 
-0.0410932 0.0407645 -0.998323 -209.221 -0.0351753 0.998489 0.0422192 6.87774 0.998536 0.0368513 -0.0395972 10.7166 
-0.0392784 0.0451038 -0.99821 -210.221 -0.0326153 0.998391 0.0463953 6.90536 0.998696 0.0343793 -0.0377441 10.6579 
-0.0381151 0.0454835 -0.998238 -211.219 -0.0323051 0.998385 0.0467237 6.94084 0.998751 0.0340291 -0.0365842 10.6027 
-0.0359993 0.0459607 -0.998294 -212.224 -0.0355797 0.99825 0.0472417 6.97779 0.998718 0.0372198 -0.034301 10.5422 
-0.0333761 0.0475289 -0.998312 -213.243 -0.0381949 0.998078 0.0487947 7.01552 0.998713 0.0397591 -0.0314965 10.4885 
-0.0297052 0.0476778 -0.998421 -214.265 -0.0396311 0.99802 0.0488377 7.05164 0.998773 0.0410193 -0.0277569 10.4344 
-0.026999 0.0449844 -0.998623 -215.288 -0.0425209 0.998031 0.0461073 7.08708 0.998731 0.0437073 -0.0250331 10.3878 
-0.0239064 0.0418044 -0.99884 -216.317 -0.0427455 0.998169 0.0427994 7.12002 0.9988 0.0437192 -0.0220757 10.3401 
-0.0224444 0.0411162 -0.998902 -217.354 -0.0423858 0.998216 0.0420404 7.15141 0.998849 0.0432829 -0.0206616 10.3 
-0.0208754 0.0431399 -0.998851 -218.411 -0.0430528 0.998103 0.0440074 7.18667 0.998855 0.043922 -0.0189785 10.2551 
-0.0193296 0.0464144 -0.998735 -219.478 -0.0452014 0.99786 0.0472485 7.22116 0.998791 0.0460576 -0.0171903 10.2094 
-0.017617 0.0461081 -0.998781 -220.546 -0.0452821 0.997874 0.0468649 7.25626 0.998819 0.0460526 -0.0154916 10.165 
-0.0166539 0.0434172 -0.998918 -221.62 -0.0442566 0.998046 0.0441171 7.29141 0.998881 0.0449435 -0.0146999 10.1273 
-0.0166813 0.0405304 -0.999039 -222.701 -0.0415152 0.998288 0.0411931 7.32574 0.998999 0.0421625 -0.0149701 10.0929 
-0.0169214 0.0395119 -0.999076 -223.793 -0.0396973 0.998405 0.0401577 7.35541 0.999069 0.0403402 -0.0153259 10.0615 
-0.0167198 0.0384978 -0.999119 -224.894 -0.0401817 0.998425 0.0391435 7.3892 0.999053 0.0408008 -0.0151466 10.0244 
-0.0166323 0.0384761 -0.999121 -226.004 -0.0402806 0.998422 0.0391197 7.42017 0.99905 0.0408959 -0.0150562 9.99866 
-0.016955 0.0392585 -0.999085 -227.117 -0.0422864 0.998307 0.0399455 7.45237 0.998962 0.0429251 -0.0152662 9.96293 
-0.0174503 0.0414071 -0.99899 -228.238 -0.0428631 0.998193 0.0421228 7.48642 0.998929 0.0435549 -0.0156439 9.9257 
-0.018152 0.0430479 -0.998908 -229.367 -0.0430321 0.998113 0.0437956 7.52074 0.998909 0.0437802 -0.0162653 9.88147 
-0.0189153 0.0447184 -0.998821 -230.517 -0.0441203 0.997989 0.0455167 7.56142 0.998847 0.0449293 -0.0169042 9.83963 
-0.019794 0.0455959 -0.998764 -231.658 -0.0466483 0.99783 0.0464778 7.60004 0.998715 0.0475106 -0.0176241 9.79155 
-0.0208298 0.0443446 -0.998799 -232.806 -0.0489477 0.997773 0.0453198 7.63752 0.998584 0.0498329 -0.0186128 9.7362 
-0.0220223 0.03988 -0.998962 -233.964 -0.0473355 0.998042 0.0408868 7.6741 0.998636 0.0481868 -0.0200914 9.69064 
-0.0230612 0.0337287 -0.999165 -235.135 -0.0443661 0.998412 0.0347273 7.70779 0.998749 0.0451299 -0.0215282 9.63786 
-0.0253349 0.0293952 -0.999247 -236.314 -0.0395185 0.998757 0.0303828 7.73521 0.998898 0.0402585 -0.0241418 9.5939 
-0.0276058 0.0298991 -0.999172 -237.499 -0.0332845 0.998971 0.0308126 7.75636 0.999065 0.0341076 -0.0265822 9.54675 
-0.0299853 0.0340773 -0.998969 -238.694 -0.0284025 0.998986 0.0349304 7.7792 0.999147 0.0294207 -0.028987 9.49785 
-0.0319948 0.0366371 -0.998816 -239.906 -0.0264036 0.998948 0.0374877 7.80614 0.999139 0.0275718 -0.0309938 9.43455 
-0.0340075 0.0362288 -0.998765 -241.102 -0.0246634 0.999008 0.0370774 7.83308 0.999117 0.0258939 -0.0330803 9.37052 
-0.0361366 0.0369208 -0.998665 -242.314 -0.0247564 0.998978 0.0378282 7.8648 0.99904 0.0260904 -0.0351856 9.30159 
-0.0381687 0.0385482 -0.998528 -243.535 -0.0237248 0.998939 0.0394709 7.89362 0.99899 0.0251965 -0.0372136 9.23003 
-0.0404998 0.0381377 -0.998451 -244.757 -0.0228289 0.998975 0.0390837 7.92497 0.998919 0.0243765 -0.0395877 9.15793 
-0.0426581 0.0368378 -0.99841 -245.99 -0.0227535 0.999025 0.0378327 7.95482 0.998831 0.0243312 -0.0417784 9.08041 
-0.0449422 0.0365486 -0.998321 -247.221 -0.0227081 0.999035 0.0375971 7.98491 0.998732 0.0243597 -0.0440689 9.00158 
-0.0471392 0.037506 -0.998184 -248.462 -0.0230553 0.998988 0.038625 8.01566 0.998622 0.0248343 -0.0462268 8.91705 
-0.0494286 0.0377764 -0.998063 -249.713 -0.0232861 0.998969 0.0389639 8.04777 0.998506 0.025167 -0.048498 8.83317 
-0.0518998 0.0386358 -0.997905 -250.972 -0.024634 0.998898 0.0399555 8.08171 0.998348 0.0266561 -0.0508909 8.74402 
-0.0540749 0.0404108 -0.997719 -252.244 -0.0266413 0.998767 0.0418972 8.11656 0.998181 0.0288461 -0.0529316 8.64933 
-0.0556126 0.0414494 -0.997592 -253.492 -0.0283277 0.99867 0.0430733 8.14528 0.998051 0.0306549 -0.0543645 8.55329 
-0.0564238 0.0414816 -0.997545 -254.77 -0.0309311 0.998584 0.0432743 8.18646 0.997928 0.0332969 -0.0550608 8.44976 
-0.0564083 0.0416107 -0.99754 -256.043 -0.0313875 0.998563 0.0434283 8.221 0.997914 0.0337601 -0.0550212 8.35552 
-0.0564598 0.0404213 -0.997586 -257.324 -0.0304125 0.998647 0.0421855 8.25756 0.997942 0.0327209 -0.0551541 8.25973 
-0.0562747 0.039687 -0.997626 -258.589 -0.0276487 0.998765 0.0412919 8.28858 0.998032 0.0299068 -0.0551079 8.17324 
-0.0565767 0.0394869 -0.997617 -259.852 -0.0267679 0.998798 0.0410517 8.32169 0.998039 0.0290268 -0.0554517 8.07923 
-0.0567333 0.0399196 -0.997591 -261.109 -0.0264891 0.998788 0.041474 8.35313 0.998038 0.0287783 -0.0556071 7.98893 
-0.0565772 0.0399101 -0.9976 -262.373 -0.0255891 0.998815 0.04141 8.38493 0.99807 0.0278706 -0.0554889 7.89527 
-0.0563323 0.0406156 -0.997586 -263.648 -0.0253104 0.998793 0.042094 8.41895 0.998091 0.0276206 -0.0552363 7.80031 
-0.056561 0.0416882 -0.997528 -264.917 -0.0227103 0.998816 0.0430297 8.45248 0.998141 0.025088 -0.0555472 7.71223 
-0.056709 0.0443229 -0.997406 -266.171 -0.0183779 0.998799 0.0454296 8.48537 0.998222 0.0209066 -0.0558263 7.62746 
-0.0571091 0.0479682 -0.997215 -267.428 -0.0148243 0.998694 0.0488883 8.52126 0.998258 0.0175751 -0.0563234 7.54093 
-0.0570598 0.0504084 -0.997097 -268.692 -0.0124999 0.99861 0.0512002 8.56261 0.998293 0.0153851 -0.0563504 7.45051 
-0.0567635 0.0487591 -0.997196 -269.926 -0.0131011 0.998684 0.0495776 8.60242 0.998302 0.0158786 -0.05605 7.35516 
-0.0567296 0.0471598 -0.997275 -271.151 -0.0155228 0.998721 0.0481112 8.64219 0.998269 0.0182098 -0.0559251 7.2579 
-0.0573323 0.0499281 -0.997106 -272.395 -0.0211339 0.998464 0.0512113 8.68622 0.998131 0.0240089 -0.0561891 7.15789 
-0.057314 0.0557069 -0.996801 -273.637 -0.0263495 0.99801 0.0572895 8.72937 0.998008 0.0295487 -0.0557321 7.05706 
-0.057134 0.0548815 -0.996857 -274.868 -0.0303302 0.997932 0.056679 8.77905 0.997906 0.0334732 -0.0553512 6.95751 
-0.0568893 0.0482419 -0.997214 -276.086 -0.0298754 0.998302 0.0499988 8.82208 0.997933 0.0326366 -0.0553514 6.86267 
-0.0575086 0.042847 -0.997425 -277.311 -0.026962 0.998648 0.0444541 8.86523 0.997981 0.0294491 -0.0562755 6.77668 
-0.0573983 0.0421232 -0.997462 -278.54 -0.0209658 0.998838 0.0433878 8.90004 0.998131 0.023403 -0.0564484 6.68939 
-0.0565362 0.0438358 -0.997438 -279.772 -0.0175379 0.998838 0.0448914 8.93569 0.998247 0.020031 -0.0557017 6.60052 
-0.0547152 0.0456973 -0.997456 -281.012 -0.0167149 0.99877 0.0466744 8.97695 0.998362 0.0192263 -0.0538841 6.50019 
-0.0538086 0.047822 -0.997406 -282.258 -0.0178704 0.998647 0.0488456 9.01883 0.998391 0.0204524 -0.0528812 6.41265 
-0.0529231 0.0491137 -0.99739 -283.478 -0.0185997 0.998568 0.0501586 9.05671 0.998425 0.0212057 -0.0519339 6.32158 
-0.0521913 0.0501742 -0.997376 -284.707 -0.0196029 0.998493 0.0512562 9.09622 0.998445 0.0222267 -0.0511291 6.23426 
-0.0516235 0.0494946 -0.997439 -285.936 -0.0193052 0.998535 0.0505481 9.13871 0.99848 0.0218653 -0.0505924 6.15357 
-0.0515535 0.047763 -0.997527 -287.155 -0.0194827 0.998618 0.048822 9.17742 0.99848 0.0219515 -0.0505517 6.06969 
-0.0513343 0.0465009 -0.997598 -288.382 -0.0202241 0.998662 0.0475911 9.22451 0.998477 0.0226186 -0.0503252 5.98474 
-0.0511354 0.0462689 -0.997619 -289.613 -0.0203177 0.998671 0.0473591 9.25804 0.998485 0.0226911 -0.0501273 5.89837 
-0.0509491 0.0461028 -0.997637 -290.833 -0.0204846 0.998676 0.047197 9.29426 0.998491 0.0228409 -0.0499372 5.81297 
-0.0510211 0.0465039 -0.997614 -292.07 -0.0210199 0.998644 0.0476269 9.3305 0.998476 0.0233998 -0.0499744 5.73196 
-0.0507908 0.0466261 -0.99762 -293.305 -0.0204131 0.998652 0.0477137 9.37153 0.998501 0.022788 -0.0497706 5.65253 
-0.0510795 0.0450682 -0.997677 -294.541 -0.0196672 0.998742 0.0461233 9.40456 0.998501 0.0219775 -0.0501289 5.57276 
-0.0510903 0.0423486 -0.997796 -295.772 -0.019407 0.99887 0.0433879 9.44456 0.998505 0.021581 -0.0502107 5.48532 
-0.0513932 0.0394073 -0.997901 -296.996 -0.0202309 0.998975 0.0404916 9.47627 0.998474 0.0222695 -0.0505433 5.3976 
-0.0518187 0.0378712 -0.997938 -298.224 -0.0218496 0.998999 0.039046 9.50832 0.998417 0.0238279 -0.0509394 5.31074 
-0.052064 0.037826 -0.997927 -299.459 -0.0250151 0.998919 0.0391687 9.54103 0.99833 0.0270026 -0.0510615 5.21233 
-0.0524042 0.0388144 -0.997871 -300.706 -0.0282924 0.998786 0.0403357 9.57071 0.998225 0.030346 -0.0512425 5.12059 
-0.0526698 0.0397587 -0.99782 -301.96 -0.0318744 0.998631 0.0414735 9.60016 0.998103 0.0339893 -0.0513304 5.02279 
-0.0529816 0.0395154 -0.997813 -303.202 -0.033313 0.998591 0.0413151 9.63498 0.99804 0.0354291 -0.0515905 4.9314 
-0.0533432 0.0374153 -0.997875 -304.444 -0.0331568 0.99868 0.0392179 9.66639 0.998026 0.0351784 -0.0520323 4.84093 
-0.0541927 0.0353606 -0.997904 -305.698 -0.0306716 0.998842 0.0370595 9.69482 0.998059 0.0326157 -0.0530454 4.75854 
-0.0554236 0.0350938 -0.997846 -306.953 -0.0277409 0.998942 0.0366732 9.7232 0.998078 0.0297137 -0.0543914 4.67646 
-0.0566804 0.0371795 -0.9977 -308.213 -0.025246 0.998934 0.0386598 9.74948 0.998073 0.0273792 -0.0556813 4.59654 
