1 2.12261e-08 -2.11895e-08 0 2.12261e-08 1 2.10703e-08 0 -2.11895e-08 2.10703e-08 1 0 
0.999933 -0.00290752 0.0111845 0.0146055 0.00289412 0.999995 0.00121723 -0.00745363 -0.011188 -0.00118474 0.999937 0.285013 
0.999834 -0.00503655 0.0175152 0.0284968 0.00501382 0.999987 0.0013437 -0.0120607 -0.0175218 -0.00125562 0.999846 0.577771 
0.999782 -0.00800786 0.0193018 0.0394642 0.00801016 0.999968 -3.92837e-05 -0.0135295 -0.0193009 0.000193927 0.999814 0.884877 
0.999817 -0.00944256 0.0166317 0.0459033 0.00946703 0.999954 -0.00139078 -0.019734 -0.0166178 0.00154802 0.999861 1.18565 
0.999882 -0.0119758 0.00958024 0.0476177 0.0120018 0.999924 -0.00265944 -0.023762 -0.00954771 0.00277415 0.999951 1.51077 
0.999899 -0.0138987 -0.00305896 0.0415156 0.0138843 0.999893 -0.00469501 -0.0260081 0.00312385 0.0046521 0.999984 1.83885 
0.999718 -0.0132424 -0.0197262 0.0199513 0.0131476 0.999901 -0.00492934 -0.032574 0.0197895 0.00466864 0.999793 2.1874 
0.99918 -0.00880841 -0.0395199 -0.0145269 0.00861371 0.99995 -0.00509504 -0.0368942 0.0395628 0.00475049 0.999206 2.54011 
0.998209 -0.00538972 -0.0595815 -0.0586901 0.00502117 0.999967 -0.00633442 -0.0418245 0.0596137 0.00602395 0.998203 2.9009 
0.996781 -0.00520977 -0.0800014 -0.106076 0.00469432 0.999967 -0.00663023 -0.0474691 0.0800332 0.00623338 0.996773 3.27505 
0.994843 -0.00667755 -0.101212 -0.160594 0.00610627 0.999964 -0.00595357 -0.0513142 0.101248 0.00530489 0.994847 3.65998 
0.992632 -0.00795158 -0.120905 -0.227804 0.00735417 0.999958 -0.00538695 -0.0542938 0.120942 0.00445816 0.99265 4.04665 
0.990309 -0.006754 -0.138718 -0.306057 0.00616155 0.99997 -0.00470023 -0.0608727 0.138745 0.00380001 0.990321 4.44519 
0.98799 -0.00556497 -0.154417 -0.390292 0.00498468 0.999979 -0.00414511 -0.0655888 0.154437 0.00332565 0.987997 4.85858 
0.985725 -0.00492831 -0.168294 -0.478834 0.0042417 0.999981 -0.00443933 -0.0707089 0.168313 0.00366215 0.985727 5.28467 
0.983556 -0.00656479 -0.180487 -0.573945 0.00567333 0.999969 -0.00545515 -0.0765959 0.180517 0.00434153 0.983562 5.71691 
0.981671 -0.0100727 -0.190316 -0.669243 0.00873828 0.999931 -0.00784962 -0.0815549 0.190382 0.00604275 0.981691 6.16919 
0.980106 -0.00935746 -0.198252 -0.777892 0.00758025 0.999924 -0.00972163 -0.0882333 0.198328 0.00802547 0.980103 6.62724 
0.978549 -0.00915261 -0.20581 -0.891806 0.00697106 0.999912 -0.0113227 -0.096214 0.205895 0.00964512 0.978527 7.09727 
0.976869 -0.00984395 -0.213612 -1.01518 0.00698558 0.999876 -0.014132 -0.106787 0.213725 0.0123129 0.976816 7.57471 
0.975117 -0.0135344 -0.221277 -1.13892 0.0102663 0.999821 -0.0159129 -0.116245 0.221453 0.0132453 0.975081 8.07746 
0.973234 -0.0195552 -0.228982 -1.26402 0.0160128 0.999722 -0.0173184 -0.126798 0.229257 0.0131882 0.973277 8.59063 
0.971128 -0.0200078 -0.237721 -1.40573 0.0157631 0.999681 -0.019744 -0.141335 0.23804 0.0154268 0.971133 9.11312 
0.969062 -0.0160219 -0.246297 -1.56773 0.0104061 0.999656 -0.0240858 -0.155247 0.246598 0.0207777 0.968895 9.64335 
0.966866 -0.0130967 -0.254947 -1.73678 0.00639173 0.999612 -0.0271105 -0.172928 0.255204 0.0245827 0.966575 10.1838 
0.964577 -0.0154974 -0.263345 -1.90109 0.00818202 0.99955 -0.0288531 -0.193931 0.263673 0.0256764 0.96427 10.7408 
0.962216 -0.0182169 -0.271676 -2.07201 0.0101635 0.999467 -0.0310213 -0.216376 0.272096 0.0270881 0.961889 11.2993 
0.95995 -0.017838 -0.279603 -2.25691 0.00877021 0.999395 -0.0336487 -0.238223 0.280034 0.029849 0.959526 11.8719 
0.957631 -0.0167153 -0.287514 -2.45725 0.0062788 0.999289 -0.0371833 -0.263027 0.287931 0.0338026 0.957054 12.459 
0.955377 -0.0176586 -0.294863 -2.66117 0.00536728 0.999085 -0.0424426 -0.291402 0.295342 0.0389661 0.954597 13.0506 
0.953598 -0.0189081 -0.30049 -2.87193 0.00402711 0.998738 -0.0500651 -0.324526 0.301057 0.0465319 0.95247 13.6599 
0.952273 -0.0196748 -0.304615 -3.08745 0.00209154 0.998318 -0.0579423 -0.366944 0.305242 0.0545398 0.950712 14.2752 
0.950992 -0.0196517 -0.308591 -3.31166 -0.00107419 0.997763 -0.0668499 -0.406587 0.309214 0.0639053 0.948843 14.9023 
0.949735 -0.0186247 -0.312501 -3.54532 -0.00545248 0.997093 -0.0759968 -0.452641 0.313008 0.0738808 0.946873 15.525 
0.94839 -0.0185186 -0.316564 -3.78295 -0.00816088 0.996537 -0.0827453 -0.510613 0.317 0.0810583 0.944955 16.1721 
0.946807 -0.016647 -0.321372 -4.03152 -0.0128052 0.995921 -0.0893146 -0.574211 0.321548 0.088679 0.942732 16.8234 
0.945185 -0.0160475 -0.32614 -4.28571 -0.0158912 0.995348 -0.0950298 -0.643232 0.326147 0.0950036 0.940533 17.4852 
0.943551 -0.0136236 -0.330947 -4.54713 -0.0208355 0.994734 -0.100352 -0.717835 0.330571 0.101583 0.938298 18.1559 
0.941816 -0.0108538 -0.335953 -4.81676 -0.0255141 0.994287 -0.10365 -0.792356 0.335158 0.106191 0.936158 18.8381 
0.940088 -0.00951253 -0.3408 -5.09521 -0.0280755 0.994056 -0.105192 -0.870303 0.339775 0.108458 0.934232 19.532 
0.937866 -0.0095394 -0.346865 -5.37425 -0.0283663 0.994169 -0.104039 -0.959043 0.345835 0.107414 0.932127 20.2219 
0.935579 -0.00900052 -0.353002 -5.66673 -0.0290486 0.994325 -0.102342 -1.04529 0.351919 0.106003 0.930009 20.9352 
0.933058 -0.00925924 -0.359606 -5.96674 -0.0288465 0.994523 -0.100454 -1.13094 0.358566 0.104103 0.927681 21.6502 
0.92986 -0.00832506 -0.36782 -6.27676 -0.0296397 0.994799 -0.097446 -1.21099 0.366718 0.101513 0.924777 22.3898 
0.926587 -0.00640286 -0.376027 -6.60286 -0.0302789 0.995339 -0.0915599 -1.29299 0.374861 0.0962239 0.922074 23.1274 
0.923024 -0.00307465 -0.384731 -6.93995 -0.0327468 0.995712 -0.0865218 -1.37052 0.383347 0.0924605 0.918965 23.8777 
0.91945 0.000660669 -0.393206 -7.28455 -0.0359404 0.995954 -0.0823676 -1.44999 0.39156 0.0898649 0.915754 24.6177 
0.915635 0.00145146 -0.402008 -7.64272 -0.0369498 0.996064 -0.0805628 -1.52477 0.400309 0.0886203 0.912085 25.3756 
0.911602 0.00152405 -0.41107 -8.00372 -0.0377646 0.996075 -0.0800551 -1.59477 0.409335 0.0885023 0.908082 26.1308 
0.907838 0.00159562 -0.419318 -8.3855 -0.0381206 0.996166 -0.0787419 -1.66668 0.417584 0.0874696 0.904418 26.8982 
0.903903 0.00262193 -0.42773 -8.77178 -0.0393228 0.996256 -0.0769922 -1.73897 0.425927 0.0864131 0.900622 27.6634 
0.900118 0.00216602 -0.435642 -9.17082 -0.0385405 0.996463 -0.0746775 -1.81098 0.433939 0.0840084 0.897017 28.4359 
0.896279 0.00249488 -0.443485 -9.58264 -0.0377684 0.996781 -0.0707221 -1.87732 0.441881 0.0801365 0.893487 29.2253 
0.892521 0.00429073 -0.450985 -10.0075 -0.0376854 0.997167 -0.0650941 -1.94106 0.449428 0.0750935 0.890155 30.0134 
0.888785 0.00483078 -0.4583 -10.4411 -0.0367882 0.99747 -0.0608297 -2.01033 0.456846 0.0709246 0.886714 30.8068 
0.885054 0.003791 -0.465472 -10.8817 -0.0353561 0.997626 -0.0591015 -2.07071 0.464143 0.0687654 0.883087 31.6125 
0.881792 0.00280105 -0.471631 -11.3405 -0.0342011 0.99773 -0.058019 -2.12881 0.470397 0.067291 0.879885 32.4317 
0.878708 0.0030606 -0.47735 -11.8111 -0.0339785 0.997844 -0.0561499 -2.1851 0.476149 0.0655591 0.876917 33.2432 
0.875682 0.00206023 -0.482884 -12.2948 -0.0326165 0.99796 -0.0548904 -2.24267 0.481785 0.0638166 0.873963 34.0792 
0.873273 0.000862869 -0.48723 -12.8213 -0.0315562 0.997999 -0.0547915 -2.30598 0.486208 0.0632231 0.871553 34.9368 
0.871286 0.000341469 -0.490776 -13.3182 -0.0314872 0.997978 -0.0552056 -2.3714 0.489765 0.063553 0.869535 35.7641 
0.870125 -3.97396e-05 -0.492832 -13.8896 -0.0317126 0.997923 -0.0560711 -2.41396 0.49181 0.0644179 0.868316 36.6756 
0.869669 -0.000201297 -0.493635 -14.4021 -0.0310458 0.997998 -0.0551025 -2.47632 0.492658 0.0632463 0.867922 37.5244 
0.86956 0.000342025 -0.493827 -14.9223 -0.0306931 0.998104 -0.0533551 -2.53998 0.492872 0.0615526 0.867922 38.3887 
0.869433 -0.000599545 -0.494051 -15.4597 -0.0292765 0.998179 -0.0527321 -2.60565 0.493184 0.0603112 0.867832 39.2692 
0.868769 -0.00302513 -0.495209 -15.9889 -0.0269228 0.998214 -0.0533298 -2.67353 0.494486 0.0596637 0.867136 40.1497 
0.867785 -0.00540673 -0.49691 -16.5288 -0.0244995 0.998259 -0.0536469 -2.7395 0.496335 0.0587281 0.866142 41.0354 
0.866526 -0.00509524 -0.499107 -17.0993 -0.0240309 0.998362 -0.0519134 -2.79944 0.498554 0.0569783 0.864984 41.9436 
0.864559 -0.0045442 -0.502511 -17.6661 -0.0226309 0.998593 -0.0479662 -2.86289 0.502022 0.0528419 0.863239 42.8642 
0.86194 -0.00467114 -0.506988 -18.2073 -0.020345 0.998834 -0.0437918 -2.93157 0.506601 0.0480606 0.86084 43.7256 
0.857867 -0.0046757 -0.513851 -18.7717 -0.0197294 0.998922 -0.0420276 -2.98761 0.513493 0.0461922 0.85685 44.6398 
0.852648 -0.00858312 -0.522415 -19.3308 -0.0168731 0.998891 -0.0439506 -3.05225 0.522213 0.0462892 0.851558 45.5175 
0.846692 -0.0117681 -0.531954 -19.9116 -0.01587 0.998752 -0.0473545 -3.1112 0.531847 0.0485368 0.845448 46.4035 
0.840466 -0.0125047 -0.54172 -20.5057 -0.0151928 0.998797 -0.0466269 -3.17073 0.541651 0.0474186 0.839265 47.2857 
0.834692 -0.00910306 -0.550642 -21.1176 -0.0164533 0.999005 -0.0414561 -3.23116 0.550472 0.043663 0.833711 48.1742 
0.82957 -0.00462125 -0.558384 -21.7485 -0.0195292 0.999114 -0.0372826 -3.28361 0.558061 0.0418333 0.828745 49.069 
0.825509 -0.00464303 -0.56437 -22.3736 -0.0208553 0.999032 -0.0387242 -3.3386 0.564004 0.0437373 0.824613 49.9368 
0.822282 -0.00648777 -0.569044 -23.0122 -0.0218061 0.998841 -0.0428984 -3.39466 0.568663 0.0476832 0.821187 50.8058 
0.819321 -0.00855385 -0.573272 -23.6399 -0.024519 0.998451 -0.0499407 -3.45381 0.572811 0.0549735 0.817842 51.655 
0.816247 -0.00972087 -0.577622 -24.2752 -0.0246071 0.998366 -0.0515744 -3.51719 0.577179 0.0563111 0.814674 52.5125 
0.81275 -0.00819118 -0.582554 -24.9195 -0.0239417 0.998587 -0.0474432 -3.58258 0.58212 0.0525069 0.811406 53.384 
0.809644 -0.005547 -0.586895 -25.5681 -0.0238915 0.998815 -0.0423995 -3.63873 0.586434 0.0483503 0.808552 54.2382 
0.806639 -0.00405497 -0.591031 -26.2215 -0.0237843 0.998944 -0.0393145 -3.69852 0.590566 0.0457699 0.80569 55.0885 
0.803504 -0.00359937 -0.595289 -26.8844 -0.0248832 0.998905 -0.0396265 -3.75396 0.59478 0.0466528 0.802534 55.9411 
0.800136 -0.00478416 -0.5998 -27.5547 -0.0251267 0.998823 -0.0414861 -3.80906 0.599293 0.0482656 0.799074 56.7919 
0.796166 -0.00762462 -0.60503 -28.2189 -0.0238807 0.998746 -0.0440112 -3.86751 0.604606 0.0494888 0.794985 57.6316 
0.792059 -0.00870013 -0.610383 -28.8986 -0.0231786 0.998749 -0.0443134 -3.92602 0.610004 0.0492467 0.790866 58.4708 
0.78765 -0.00905376 -0.616056 -29.5873 -0.0225281 0.9988 -0.0434817 -3.98254 0.615711 0.048127 0.786501 59.3113 
0.782709 -0.00881973 -0.622325 -30.2815 -0.0225947 0.998838 -0.0425736 -4.04618 0.621977 0.0473841 0.7816 60.142 
0.777425 -0.0100653 -0.628895 -30.9817 -0.0224236 0.998793 -0.043705 -4.10451 0.628576 0.0480795 0.776261 60.9738 
0.772065 -0.0113155 -0.635443 -31.7009 -0.0220684 0.998761 -0.0445984 -4.16369 0.63516 0.0484561 0.770859 61.8094 
0.766628 -0.0124329 -0.641972 -32.4203 -0.0219771 0.998719 -0.0455866 -4.2224 0.641716 0.0490567 0.765372 62.6278 
0.761103 -0.0137539 -0.648486 -33.1557 -0.0216366 0.99868 -0.0465755 -4.28528 0.64827 0.0494798 0.759801 63.4452 
0.755085 -0.0157018 -0.655438 -33.8898 -0.0206413 0.998648 -0.0477032 -4.34598 0.655301 0.0495491 0.753741 64.2602 
0.749018 -0.0170752 -0.66233 -34.6576 -0.0193433 0.998678 -0.0476216 -4.41368 0.662267 0.0484811 0.747698 65.0819 
0.742703 -0.0172183 -0.6694 -35.4362 -0.0183554 0.99877 -0.0460558 -4.47516 0.66937 0.0464929 0.741473 65.9157 
0.736418 -0.0174233 -0.676303 -36.2294 -0.0181851 0.998797 -0.0455333 -4.53733 0.676283 0.0458302 0.735215 66.7347 
0.729882 -0.0196328 -0.683291 -37.0192 -0.0162546 0.998806 -0.0460613 -4.60093 0.68338 0.044726 0.728692 67.5497 
0.723882 -0.0203007 -0.689626 -37.8016 -0.0175299 0.998703 -0.0477998 -4.66939 0.689701 0.0466905 0.722587 68.3235 
0.717711 -0.0198729 -0.696057 -38.6055 -0.0184532 0.998699 -0.0475409 -4.73139 0.696096 0.0469652 0.716411 69.1214 
0.712585 -0.0189291 -0.70133 -39.4515 -0.019298 0.998729 -0.0465638 -4.79734 0.70132 0.046715 0.711314 69.9284 
0.707578 -0.0184999 -0.706393 -40.2696 -0.0202211 0.998718 -0.0464108 -4.86274 0.706346 0.0471234 0.706297 70.7163 
0.702646 -0.0196581 -0.711268 -41.0921 -0.0199865 0.998679 -0.0473458 -4.92974 0.711259 0.0474832 0.701325 71.503 
0.697545 -0.0212459 -0.716226 -41.936 -0.0211348 0.998515 -0.0502032 -4.9931 0.71623 0.0501563 0.69606 72.2813 
0.69286 -0.0236595 -0.720684 -42.7979 -0.0209042 0.998382 -0.0528733 -5.05772 0.720769 0.0516992 0.691244 73.0565 
0.68792 -0.0240823 -0.725387 -43.6576 -0.0215997 0.998327 -0.0536278 -5.12753 0.725465 0.0525598 0.686249 73.8299 
0.683069 -0.023854 -0.729965 -44.5275 -0.0209812 0.998413 -0.0522598 -5.19601 0.730053 0.0510126 0.681484 74.6152 
0.678045 -0.0233303 -0.73465 -45.4088 -0.0211519 0.998463 -0.0512304 -5.27071 0.734716 0.0502759 0.676509 75.3937 
0.673004 -0.0244079 -0.739236 -46.2892 -0.0205356 0.998453 -0.0516624 -5.34686 0.739354 0.0499497 0.671462 76.1639 
0.668382 -0.0252847 -0.743389 -47.1837 -0.0196169 0.998475 -0.0515985 -5.42148 0.74356 0.0490705 0.666866 76.9293 
0.664054 -0.0258568 -0.747237 -48.0806 -0.0188866 0.998503 -0.0513355 -5.49322 0.747446 0.0482023 0.662572 77.6927 
0.660057 -0.0268655 -0.750735 -48.9944 -0.017557 0.998536 -0.0511695 -5.56753 0.751011 0.0469555 0.658618 78.4635 
0.656204 -0.0294753 -0.754008 -49.9057 -0.0153037 0.998511 -0.052352 -5.64083 0.754428 0.0458927 0.654776 79.2239 
0.652243 -0.0339471 -0.757249 -50.8362 -0.0122905 0.998392 -0.0553436 -5.71888 0.75791 0.0454045 0.650777 79.988 
0.647423 -0.0379228 -0.761187 -51.7588 -0.00818188 0.998358 -0.0566978 -5.79723 0.762087 0.0429355 0.64605 80.7538 
0.640862 -0.0411913 -0.76655 -52.6956 -0.00372424 0.998381 -0.0567626 -5.87597 0.767647 0.0392319 0.639671 81.5119 
0.632445 -0.0450973 -0.773291 -53.6363 0.00130556 0.998364 -0.0571556 -5.95664 0.774604 0.0351382 0.63147 82.2684 
0.623505 -0.0461212 -0.780458 -54.5943 0.0040807 0.998437 -0.0557426 -6.03636 0.781809 0.031571 0.622719 83.0087 
0.614909 -0.044565 -0.787338 -55.5783 0.00433331 0.998578 -0.0531373 -6.11624 0.788587 0.0292628 0.614227 83.7466 
0.605989 -0.0442847 -0.79424 -56.5681 0.00372019 0.998596 -0.0528407 -6.19524 0.795465 0.0290662 0.605303 84.4697 
0.596618 -0.0456966 -0.801223 -57.5779 0.00293905 0.998495 -0.0547592 -6.26864 0.80252 0.0303155 0.595855 85.1864 
0.586477 -0.0479936 -0.808543 -58.591 0.00358001 0.998387 -0.0566657 -6.34721 0.809958 0.0303386 0.585703 85.9009 
0.576804 -0.0497517 -0.815366 -59.6166 0.00422448 0.998312 -0.0579262 -6.42855 0.816872 0.0299676 0.576041 86.5943 
0.566797 -0.0507269 -0.822295 -60.6644 0.00734512 0.998374 -0.0565263 -6.50781 0.823825 0.0259991 0.566248 87.2948 
0.556674 -0.0506867 -0.829184 -61.7119 0.00849964 0.998432 -0.0553263 -6.59349 0.830688 0.023751 0.556232 87.9777 
0.546446 -0.0512898 -0.835922 -62.7742 0.00856982 0.998413 -0.0556577 -6.67513 0.83745 0.0232503 0.546019 88.648 
0.536195 -0.0524253 -0.842465 -63.8548 0.00780912 0.998335 -0.0571546 -6.75422 0.844058 0.0240672 0.535712 89.3107 
0.526404 -0.0527734 -0.848595 -64.9347 0.00619515 0.998283 -0.0582394 -6.83908 0.850212 0.0254003 0.525827 89.946 
0.516557 -0.0539992 -0.854549 -66.0275 0.00545981 0.998197 -0.059776 -6.92575 0.856236 0.0262121 0.51592 90.5784 
0.507011 -0.0537328 -0.860263 -67.1227 0.00441779 0.998204 -0.059745 -7.0131 0.861929 0.0264909 0.506337 91.1964 
0.498293 -0.0517859 -0.865461 -68.2325 0.00365496 0.998331 -0.057632 -7.09897 0.867001 0.0255545 0.497651 91.8081 
0.490264 -0.0502164 -0.870126 -69.3371 0.00463187 0.998475 -0.0550139 -7.18824 0.871562 0.0229411 0.489749 92.4101 
0.482398 -0.0505776 -0.874491 -70.4564 0.00505076 0.998476 -0.0549623 -7.27502 0.875938 0.0220969 0.481918 93.0047 
0.474647 -0.0535835 -0.878544 -71.591 0.00648798 0.998331 -0.0573842 -7.3574 0.880152 0.0215373 0.474203 93.6065 
0.467851 -0.0571211 -0.88196 -72.7267 0.00903584 0.998166 -0.0598541 -7.44161 0.883761 0.0200336 0.467509 94.1845 
0.461864 -0.0600632 -0.884915 -73.8613 0.0102756 0.998 -0.0623757 -7.53536 0.886891 0.0197161 0.461557 94.7501 
0.456294 -0.0635211 -0.887559 -75.0043 0.0123435 0.997805 -0.0650654 -7.63504 0.889743 0.0187334 0.456077 95.321 
0.451727 -0.0646274 -0.889812 -76.1488 0.0153304 0.997788 -0.064687 -7.73411 0.892025 0.0155797 0.451718 95.875 
0.447446 -0.0622969 -0.892138 -77.2988 0.0171325 0.997985 -0.0610953 -7.83149 0.894147 0.0120524 0.447612 96.4385 
0.443431 -0.0604031 -0.894271 -78.4522 0.0204791 0.998149 -0.0572648 -7.92832 0.896075 0.00707912 0.443847 96.9961 
0.440032 -0.0599541 -0.895979 -79.5929 0.0222657 0.99819 -0.0558585 -8.01954 0.897706 0.00462997 0.440571 97.5385 
0.437121 -0.0596847 -0.89742 -80.7321 0.0235294 0.998213 -0.0549273 -8.10858 0.899095 0.00289421 0.437744 98.0716 
0.434254 -0.0591662 -0.898845 -81.8634 0.025919 0.998248 -0.0531873 -8.19435 0.900417 -0.000200245 0.435027 98.6081 
0.431866 -0.0585441 -0.900036 -83.0088 0.0278028 0.998281 -0.051594 -8.27783 0.901509 -0.00274174 0.432751 99.1383 
0.429355 -0.0596204 -0.901166 -84.1434 0.0306492 0.998206 -0.0514379 -8.36442 0.902616 -0.00553481 0.430412 99.6675 
0.426969 -0.0603018 -0.902253 -85.282 0.0336052 0.998143 -0.0508077 -8.44209 0.903641 -0.00862701 0.428203 100.193 
0.424652 -0.0593085 -0.903412 -86.3975 0.0366364 0.99816 -0.0483077 -8.52503 0.904615 -0.0125838 0.426043 100.703 
0.422584 -0.0583744 -0.904442 -87.4847 0.0383381 0.998182 -0.0465118 -8.60697 0.905513 -0.0150194 0.424054 101.194 
0.420609 -0.0594888 -0.90529 -88.5744 0.0403317 0.998088 -0.0468482 -8.68652 0.906345 -0.0168071 0.422204 101.699 
0.419494 -0.0608345 -0.905718 -89.6687 0.0420187 0.997984 -0.0475703 -8.76285 0.906785 -0.0181015 0.421204 102.188 
0.41802 -0.0624937 -0.906286 -90.7328 0.0424578 0.997885 -0.0492265 -8.83591 0.907445 -0.0179011 0.419789 102.683 
0.418185 -0.0631587 -0.906164 -91.7955 0.0415488 0.997866 -0.0503759 -8.91604 0.907411 -0.0165835 0.419916 103.161 
0.419902 -0.0631861 -0.905367 -92.8364 0.0396587 0.997898 -0.0512505 -8.991 0.906703 -0.0143855 0.421525 103.633 
0.42426 -0.0633894 -0.903319 -93.8767 0.0381107 0.997913 -0.0521281 -9.07308 0.904738 -0.0123102 0.42579 104.099 
0.42911 -0.0640788 -0.900976 -94.9001 0.0366356 0.997894 -0.0535232 -9.14981 0.902509 -0.0100404 0.430554 104.568 
0.434988 -0.0643875 -0.898131 -95.9205 0.0366725 0.997879 -0.0537771 -9.22811 0.899689 -0.00954429 0.436427 105.04 
0.44156 -0.0634214 -0.894988 -96.9184 0.0357686 0.99795 -0.0530705 -9.30333 0.896519 -0.00857862 0.442923 105.517 
0.449515 -0.0622832 -0.891099 -97.9197 0.0343432 0.998034 -0.052433 -9.37802 0.892613 -0.00703372 0.45077 106.001 
0.458135 -0.0622562 -0.8867 -98.909 0.0343791 0.998039 -0.0523106 -9.45032 0.888217 -0.00651858 0.459377 106.497 
0.467342 -0.0616404 -0.881925 -99.8762 0.0334546 0.998085 -0.0520312 -9.52642 0.883443 -0.00518807 0.468509 106.998 
0.476758 -0.0629992 -0.876774 -100.849 0.0332538 0.998007 -0.0536281 -9.59858 0.878406 -0.00358845 0.477903 107.509 
0.487026 -0.0647164 -0.870986 -101.831 0.0316122 0.997904 -0.0564702 -9.67063 0.872815 -3.12269e-05 0.488051 108.03 
0.498708 -0.065565 -0.864287 -102.788 0.0299998 0.997843 -0.0583862 -9.74898 0.866251 0.00318925 0.499599 108.552 
0.510818 -0.0640698 -0.857298 -103.731 0.0281768 0.997931 -0.057791 -9.82618 0.859227 0.00536485 0.511567 109.093 
0.52338 -0.061792 -0.849856 -104.664 0.0267032 0.998067 -0.0561232 -9.90127 0.851681 0.00667997 0.524018 109.649 
0.535566 -0.0594233 -0.8424 -105.582 0.0256864 0.998206 -0.0540835 -9.97498 0.844103 0.00732709 0.536131 110.212 
0.547403 -0.0590268 -0.834785 -106.503 0.0259167 0.998227 -0.053589 -10.0491 0.836468 0.00769994 0.547962 110.791 
0.558485 -0.0597439 -0.827361 -107.396 0.0265371 0.998179 -0.0541657 -10.1251 0.82909 0.00829505 0.559053 111.386 
0.569353 -0.0605995 -0.819857 -108.266 0.026912 0.998119 -0.0550866 -10.2062 0.821653 0.0092997 0.569913 111.975 
0.580209 -0.0623122 -0.812081 -109.122 0.0289381 0.998017 -0.055904 -10.2802 0.813954 0.00893594 0.580861 112.565 
0.590803 -0.0619475 -0.804434 -109.973 0.0292749 0.998037 -0.0553561 -10.3564 0.806285 0.00915488 0.591457 113.172 
0.601363 -0.059321 -0.796771 -110.806 0.0280676 0.998193 -0.0531332 -10.4311 0.798483 0.00958898 0.601941 113.778 
0.610828 -0.0564562 -0.789748 -111.622 0.0284075 0.998375 -0.0493985 -10.5045 0.791254 0.00773924 0.611439 114.403 
0.620441 -0.0549256 -0.782328 -112.442 0.0273245 0.998453 -0.0484291 -10.5744 0.783777 0.00867073 0.620982 115.049 
0.630343 -0.0542926 -0.774416 -113.232 0.0254195 0.99846 -0.0493094 -10.6456 0.775901 0.0113967 0.630752 115.671 
0.639583 -0.0542564 -0.766805 -114.001 0.0240415 0.99843 -0.0505927 -10.7102 0.768346 0.0139231 0.639883 116.3 
0.648417 -0.0541399 -0.759358 -114.757 0.0242289 0.99843 -0.050496 -10.7732 0.7609 0.0143441 0.648711 116.942 
0.657056 -0.0523735 -0.75202 -115.483 0.0243655 0.998538 -0.0482534 -10.8368 0.753448 0.0133819 0.657372 117.567 
0.665263 -0.0506795 -0.744888 -116.209 0.0246036 0.99864 -0.0459702 -10.8986 0.746204 0.0122554 0.665604 118.214 
0.672972 -0.0504566 -0.737945 -116.927 0.0252006 0.998656 -0.0453008 -10.9597 0.739238 0.0118896 0.673339 118.87 
0.680068 -0.0498029 -0.731455 -117.623 0.0242293 0.998672 -0.0454699 -11.0213 0.732748 0.0132 0.680372 119.529 
0.687097 -0.0491481 -0.724902 -118.321 0.0239605 0.9987 -0.0450006 -11.0769 0.72617 0.0135508 0.687381 120.186 
0.693541 -0.0466916 -0.718902 -118.999 0.0233418 0.99883 -0.0423541 -11.1314 0.720039 0.0125939 0.69382 120.846 
0.700824 -0.0444741 -0.711946 -119.662 0.0229506 0.998944 -0.0398103 -11.1807 0.712965 0.0115605 0.701105 121.484 
0.707709 -0.0430636 -0.705191 -120.317 0.0220624 0.999001 -0.0388644 -11.2344 0.70616 0.0119466 0.707952 122.142 
0.714975 -0.0423575 -0.697866 -120.97 0.0215185 0.999023 -0.0385905 -11.2874 0.698819 0.0125743 0.715188 122.796 
0.722542 -0.0397679 -0.690182 -121.592 0.019358 0.999117 -0.037303 -11.3388 0.691056 0.0135925 0.722673 123.434 
0.731591 -0.0371598 -0.68073 -122.202 0.0187815 0.999233 -0.0343615 -11.3867 0.681485 0.0123534 0.731728 124.07 
0.741249 -0.0334289 -0.670398 -122.803 0.0171875 0.999377 -0.0308293 -11.4345 0.67101 0.0113298 0.741361 124.713 
0.751454 -0.0311867 -0.659048 -123.391 0.0153087 0.999438 -0.0298391 -11.4789 0.659607 0.0123336 0.751509 125.365 
0.761425 -0.0305837 -0.647531 -123.937 0.0141293 0.999432 -0.0305899 -11.5178 0.648099 0.0141429 0.761425 125.997 
0.771316 -0.031342 -0.63568 -124.523 0.014032 0.999381 -0.0322482 -11.5673 0.636298 0.0159538 0.771279 126.698 
0.781033 -0.0306107 -0.623739 -125.053 0.0138326 0.999401 -0.0317259 -11.6079 0.624336 0.0161511 0.780989 127.364 
0.791153 -0.0290056 -0.610931 -125.589 0.0134747 0.999459 -0.0300023 -11.6516 0.61147 0.0155043 0.791115 128.057 
0.801342 -0.0268827 -0.597603 -126.116 0.0134405 0.999547 -0.0269412 -11.6883 0.598056 0.0135571 0.80134 128.74 
0.810876 -0.0255733 -0.584659 -126.611 0.0138178 0.999603 -0.024559 -11.7263 0.585054 0.0118356 0.810908 129.43 
0.819947 -0.0239858 -0.571936 -127.095 0.0142662 0.999668 -0.0214715 -11.7598 0.572261 0.0094462 0.820017 130.121 
0.828233 -0.0231967 -0.559904 -127.59 0.0148646 0.999701 -0.0194291 -11.7888 0.560187 0.00776907 0.82833 130.834 
0.835269 -0.0236306 -0.549334 -128.044 0.0165051 0.999703 -0.017908 -11.817 0.549594 0.00589124 0.835411 131.533 
0.841807 -0.0234809 -0.539267 -128.499 0.0167495 0.999709 -0.0173832 -11.8456 0.539518 0.00560092 0.841955 132.24 
0.848518 -0.0228162 -0.528674 -128.949 0.0160372 0.99972 -0.0174057 -11.8673 0.528923 0.00629064 0.848646 132.949 
0.85505 -0.0207766 -0.518129 -129.379 0.0144047 0.999763 -0.0163183 -11.8971 0.518345 0.00648947 0.855147 133.665 
0.861206 -0.0196262 -0.507877 -129.812 0.0135754 0.999786 -0.0156155 -11.9247 0.508075 0.00655358 0.861288 134.408 
0.866924 -0.0202422 -0.498029 -130.237 0.0144206 0.999775 -0.0155334 -11.9503 0.498231 0.00628443 0.867021 135.152 
0.871817 -0.0217591 -0.489348 -130.661 0.015689 0.999741 -0.0165026 -11.9724 0.48958 0.00670994 0.871933 135.905 
0.8759 -0.0224731 -0.481969 -131.081 0.0163528 0.999724 -0.0168964 -11.9981 0.482215 0.00691811 0.876026 136.68 
0.879619 -0.0215652 -0.47519 -131.508 0.0158476 0.999746 -0.0160355 -12.022 0.475415 0.00657452 0.879737 137.445 
0.882668 -0.0200449 -0.469569 -131.929 0.0160049 0.999793 -0.012594 -12.0475 0.469724 0.00360102 0.882806 138.237 
0.88597 -0.0155866 -0.463481 -132.359 0.0133259 0.999878 -0.00815224 -12.0704 0.463551 0.00104641 0.886069 139.022 
0.889345 -0.0131856 -0.457047 -132.798 0.0121275 0.999913 -0.00524888 -12.0963 0.457077 -0.000874714 0.889427 139.847 
0.892565 -0.0104827 -0.450798 -133.225 0.0102137 0.999943 -0.00302966 -12.1081 0.450804 -0.0019001 0.892621 140.68 
0.895883 -0.00890586 -0.4442 -133.67 0.0095525 0.999954 -0.000782447 -12.12 0.444186 -0.00354219 0.895927 141.538 
0.899071 -0.00754069 -0.437738 -134.11 0.0094274 0.999953 0.00213721 -12.1307 0.437702 -0.00604819 0.8991 142.419 
0.902511 -0.00751605 -0.4306 -134.534 0.0103414 0.999938 0.0042211 -12.1378 0.430542 -0.00826254 0.902533 143.29 
0.906118 -0.00770895 -0.422955 -134.979 0.0110196 0.999925 0.00538271 -12.149 0.422881 -0.00953811 0.906135 144.198 
0.909772 -0.00775538 -0.415037 -135.403 0.0112614 0.999919 0.00600081 -12.168 0.414956 -0.0101332 0.909785 145.115 
0.913689 -0.0102953 -0.406283 -135.827 0.0137917 0.999889 0.00567868 -12.173 0.406179 -0.0107918 0.91373 146.042 
0.917643 -0.011911 -0.397227 -136.237 0.0150039 0.999877 0.00467923 -12.1794 0.397122 -0.0102538 0.917709 146.986 
0.922213 -0.0128214 -0.38647 -136.649 0.0150716 0.999883 0.00279268 -12.1908 0.386389 -0.00840011 0.922298 147.946 
0.927518 -0.0110789 -0.373615 -137.056 0.0128653 0.999915 0.00228786 -12.1986 0.373558 -0.00692863 0.927581 148.916 
0.93378 -0.00827027 -0.357752 -137.456 0.0101066 0.999944 0.00326336 -12.1969 0.357705 -0.00666286 0.933811 149.898 
0.940525 -0.0045975 -0.339695 -137.827 0.00722578 0.999953 0.00647262 -12.2061 0.339649 -0.00854217 0.940514 150.888 
0.947272 -0.0013666 -0.320429 -138.167 0.00429419 0.999955 0.00842991 -12.2206 0.320403 -0.00936134 0.947235 151.878 
0.953962 1.58201e-05 -0.299929 -138.52 0.00297016 0.999951 0.0094996 -12.2253 0.299914 -0.00995305 0.953914 152.925 
0.960319 0.00149707 -0.278902 -138.836 0.00172196 0.999935 0.0112963 -12.2268 0.2789 -0.0113283 0.960253 153.971 
0.966313 0.00236252 -0.257357 -139.145 0.00127659 0.999902 0.0139722 -12.222 0.257365 -0.01383 0.966215 155.048 
0.971893 0.00460305 -0.235379 -139.465 -0.000484296 0.999846 0.0175531 -12.2109 0.235423 -0.0169457 0.971745 156.207 
0.976989 0.00666233 -0.213184 -139.738 -0.00206426 0.999761 0.0217837 -12.1986 0.213278 -0.0208423 0.976769 157.318 
0.981536 0.00874074 -0.191077 -139.974 -0.00399313 0.999674 0.0252174 -12.1879 0.191235 -0.0239887 0.981251 158.439 
0.985551 0.010594 -0.16905 -140.195 -0.00637922 0.999656 0.0254554 -12.1802 0.169262 -0.0240092 0.985279 159.59 
0.989042 0.00941867 -0.147334 -140.388 -0.006013 0.999705 0.0235433 -12.1616 0.147512 -0.0223994 0.988807 160.767 
0.991936 0.00963587 -0.126373 -140.556 -0.00681 0.999717 0.0227741 -12.1458 0.126557 -0.0217298 0.991721 161.947 
0.994275 0.00834082 -0.106529 -140.685 -0.00571579 0.999673 0.0249227 -12.1358 0.106702 -0.0241711 0.993997 163.108 
0.99618 0.00878576 -0.0868809 -140.808 -0.00648455 0.999622 0.0267333 -12.1164 0.0870828 -0.0260678 0.99586 164.318 
0.997723 0.0092252 -0.0668061 -140.905 -0.00736601 0.99958 0.0280222 -12.1192 0.0670365 -0.0274662 0.997372 165.56 
0.998847 0.0108596 -0.0467554 -140.971 -0.00951075 0.999535 0.028975 -12.1132 0.0470482 -0.0284968 0.998486 166.821 
0.999592 0.0113391 -0.0262249 -141.033 -0.0105548 0.999499 0.0298524 -12.0972 0.0265502 -0.0295633 0.99921 168.122 
0.99989 0.013421 -0.00625051 -141.049 -0.0132296 0.999471 0.0297159 -12.09 0.00664597 -0.0296299 0.999539 169.405 
0.999802 0.0144344 0.0137297 -141.057 -0.014824 0.999478 0.0287152 -12.0713 -0.0133081 -0.028913 0.999493 170.77 
0.999348 0.0144188 0.0330966 -141.016 -0.0153116 0.999521 0.0268825 -12.0781 -0.0326931 -0.0273717 0.999091 172.12 
0.998512 0.0163783 0.0520148 -140.974 -0.0176739 0.999542 0.0245476 -12.0645 -0.051589 -0.0254303 0.998345 173.427 
0.997317 0.0163963 0.0713414 -140.929 -0.0180637 0.999577 0.0227907 -12.0352 -0.0709376 -0.0240183 0.997192 174.768 
0.995797 0.0165301 0.090081 -140.834 -0.0184119 0.999628 0.0201005 -12.0282 -0.0897153 -0.0216746 0.995732 176.168 
0.993931 0.0175378 0.1086 -140.71 -0.0193122 0.999696 0.015309 -12.0495 -0.108299 -0.0173134 0.993968 177.534 
0.991792 0.0191859 0.126413 -140.557 -0.0204556 0.999752 0.00875357 -12.0473 -0.126214 -0.0112675 0.991939 178.916 
0.989441 0.0212148 0.143378 -140.325 -0.0220335 0.999749 0.00412484 -12.0703 -0.143254 -0.00724037 0.989659 180.34 
0.986675 0.0236111 0.160983 -140.129 -0.0239574 0.999713 0.000210423 -12.0853 -0.160932 -0.00406432 0.986957 181.769 
0.983698 0.0255341 0.178004 -139.835 -0.0255365 0.999671 -0.00227773 -12.1258 -0.178004 -0.00230498 0.984027 183.194 
0.980328 0.0248079 0.19581 -139.598 -0.0250004 0.999686 -0.00148879 -12.1926 -0.195785 -0.00343577 0.980641 184.719 
0.976813 0.0237509 0.212775 -139.29 -0.0238551 0.999713 -0.00207768 -12.2227 -0.212763 -0.00304622 0.977099 186.209 
0.973037 0.0236944 0.229428 -138.988 -0.0227167 0.999718 -0.00690205 -12.246 -0.229527 0.00150416 0.973301 187.604 
0.969045 0.024553 0.245662 -138.668 -0.0224899 0.999684 -0.0112004 -12.2641 -0.245859 0.00532884 0.969291 188.99 
0.964844 0.0265258 0.261482 -138.226 -0.0244758 0.999639 -0.0110942 -12.3081 -0.261682 0.00430422 0.965145 190.46 
0.960164 0.0289243 0.277936 -137.684 -0.0268145 0.999576 -0.0113899 -12.3612 -0.278148 0.00348345 0.960532 192.019 
0.954934 0.0325583 0.295028 -137.173 -0.0296799 0.999458 -0.01423 -12.4155 -0.295331 0.00483233 0.955383 193.541 
0.949472 0.0331227 0.312099 -136.686 -0.0290212 0.999421 -0.0177785 -12.4807 -0.312507 0.00782273 0.949883 195.05 
0.943618 0.0338436 0.329303 -136.181 -0.0289072 0.999385 -0.0198763 -12.549 -0.329773 0.00923641 0.944015 196.559 
0.937238 0.033836 0.347045 -135.68 -0.026998 0.999335 -0.0245209 -12.6493 -0.347644 0.0136124 0.937528 198.105 
0.929865 0.0368437 0.366051 -135.093 -0.0276714 0.999159 -0.0302745 -12.7349 -0.366858 0.0180221 0.930102 199.673 
0.920921 0.0402906 0.387661 -134.511 -0.0295202 0.998996 -0.0337005 -12.7979 -0.388629 0.0195917 0.921186 201.187 
0.910561 0.0433827 0.411092 -133.807 -0.0318491 0.998884 -0.0348675 -12.8891 -0.412146 0.0186561 0.910927 202.736 
0.89843 0.0484847 0.436432 -133.124 -0.0356113 0.998657 -0.0376353 -12.958 -0.43767 0.0182708 0.89895 204.269 
0.885235 0.0527268 0.462147 -132.438 -0.0382256 0.99844 -0.0406924 -13.0676 -0.463572 0.0183565 0.885869 205.805 
0.871491 0.056678 0.487125 -131.684 -0.0403914 0.99822 -0.0438825 -13.1595 -0.488745 0.0185676 0.872229 207.293 
0.857341 0.0575986 0.511516 -130.905 -0.0396942 0.998159 -0.0458657 -13.2774 -0.513215 0.0190184 0.858049 208.772 
0.842725 0.059395 0.535057 -130.028 -0.0398134 0.99805 -0.0480833 -13.3906 -0.53687 0.0192185 0.843446 210.238 
0.827472 0.0612599 0.558156 -129.107 -0.0382382 0.997871 -0.0528319 -13.5167 -0.560204 0.022374 0.828052 211.708 
0.812149 0.0633815 0.579997 -128.234 -0.0363941 0.997649 -0.0580606 -13.6224 -0.582314 0.0260454 0.812547 213.026 
0.796961 0.0653714 0.600482 -127.262 -0.0356233 0.997483 -0.0613114 -13.7493 -0.602979 0.0274717 0.797284 214.384 
0.781305 0.0667135 0.620574 -126.245 -0.0340841 0.997348 -0.0643056 -13.9077 -0.623218 0.0290906 0.781507 215.806 
0.766846 0.0667054 0.638356 -125.236 -0.0322498 0.997333 -0.0654758 -14.055 -0.641021 0.029623 0.766952 217.028 
0.7525 0.0673884 0.655135 -124.189 -0.0311093 0.997278 -0.0668491 -14.1998 -0.657857 0.0299232 0.752548 218.261 
0.738494 0.0673721 0.670885 -123.112 -0.0281886 0.997211 -0.0691131 -14.3468 -0.67367 0.0321284 0.738334 219.475 
0.724339 0.0688157 0.686001 -122.026 -0.0261974 0.997035 -0.0723553 -14.489 -0.688946 0.0344383 0.723994 220.676 
0.710157 0.0708551 0.700468 -120.94 -0.024037 0.996783 -0.0764589 -14.6257 -0.703633 0.0374607 0.709576 221.829 
0.696078 0.0725182 0.714294 -119.799 -0.0227547 0.996614 -0.079006 -14.7784 -0.717606 0.0387408 0.695371 222.967 
0.681367 0.0733196 0.72826 -118.635 -0.0219611 0.99657 -0.0797854 -14.928 -0.731612 0.0383698 0.680641 224.109 
0.665809 0.0744447 0.742399 -117.502 -0.0226855 0.99657 -0.0795867 -15.0738 -0.745778 0.0361479 0.665214 225.165 
0.649487 0.0757979 0.756586 -116.306 -0.0251055 0.996614 -0.0782932 -15.2189 -0.759959 0.031856 0.64919 226.235 
0.632852 0.0764912 0.770485 -115.129 -0.0270802 0.996686 -0.0767048 -15.3613 -0.773799 0.0276779 0.632826 227.239 
0.615961 0.0783352 0.783872 -113.929 -0.0299926 0.996654 -0.0760312 -15.5121 -0.787205 0.0233219 0.61625 228.227 
0.598731 0.0813211 0.796812 -112.713 -0.0307695 0.996433 -0.0785736 -15.6559 -0.800359 0.022527 0.599097 229.2 
0.581569 0.084812 0.809064 -111.477 -0.0333035 0.996199 -0.0804896 -15.8185 -0.812815 0.0198656 0.582183 230.123 
0.563042 0.0848412 0.822062 -110.254 -0.0334108 0.99624 -0.0799337 -15.971 -0.825753 0.0175404 0.56376 231.01 
0.542963 0.0841738 0.835527 -108.994 -0.0346229 0.996362 -0.0778772 -16.1167 -0.839043 0.013356 0.543902 231.886 
0.522595 0.0822533 0.848604 -107.743 -0.0347776 0.996564 -0.0751775 -16.2655 -0.851871 0.00977498 0.52366 232.701 
0.501986 0.080966 0.861078 -106.447 -0.0352409 0.996696 -0.0731734 -16.408 -0.864158 0.00638685 0.503181 233.493 
0.48126 0.0798045 0.872938 -105.179 -0.0348223 0.996802 -0.0719303 -16.5525 -0.875886 0.0042195 0.482499 234.241 
0.460341 0.0794082 0.884183 -103.912 -0.0341113 0.996838 -0.0717659 -16.6856 -0.887087 0.00287617 0.461594 234.962 
0.440042 0.0784092 0.894547 -102.662 -0.0318139 0.996916 -0.0717323 -16.8234 -0.897413 0.00310623 0.44118 235.627 
0.419845 0.0787897 0.904169 -101.372 -0.0294227 0.996883 -0.0732065 -16.9475 -0.907119 0.00413231 0.420855 236.267 
0.399894 0.0781301 0.913226 -100.042 -0.0256475 0.996924 -0.07406 -17.0751 -0.916203 0.00619421 0.400667 236.875 
0.37976 0.0759915 0.921959 -98.7597 -0.0239043 0.997094 -0.0723381 -17.2142 -0.924776 0.0054324 0.380473 237.433 
0.359575 0.0756622 0.930044 -97.4161 -0.0233173 0.997125 -0.0721044 -17.3607 -0.932825 0.00424081 0.360305 237.994 
0.340085 0.0805407 0.936939 -96.0731 -0.0241624 0.996745 -0.0769113 -17.4979 -0.940084 0.00351767 0.340924 238.51 
0.321224 0.0895754 0.942757 -94.7797 -0.0250436 0.995972 -0.0860984 -17.6405 -0.946672 0.00404681 0.322173 238.984 
0.302433 0.0970588 0.948216 -93.4822 -0.027044 0.995275 -0.0932501 -17.7955 -0.952787 0.00255835 0.303629 239.431 
0.283051 0.101336 0.953736 -92.184 -0.029707 0.994852 -0.0968883 -17.9399 -0.958645 -0.000908346 0.284604 239.865 
0.263486 0.102827 0.959167 -90.8644 -0.032381 0.994685 -0.0977392 -18.0937 -0.96412 -0.00530583 0.265415 240.267 
0.243532 0.103134 0.964394 -89.5764 -0.0364137 0.994602 -0.0971687 -18.248 -0.969209 -0.0114534 0.245973 240.643 
0.22471 0.103357 0.968929 -88.3312 -0.0381501 0.99453 -0.09724 -18.3979 -0.973679 -0.0151139 0.227424 240.965 
0.205934 0.10204 0.973231 -87.0676 -0.0384019 0.994625 -0.0961576 -18.538 -0.977812 -0.0175718 0.208746 241.273 
0.187148 0.102099 0.977012 -85.8208 -0.0385653 0.994581 -0.0965478 -18.6805 -0.981575 -0.01961 0.190071 241.561 
0.168873 0.102578 0.980286 -84.5739 -0.0381151 0.994505 -0.0974997 -18.8371 -0.984901 -0.0208986 0.171854 241.809 
0.150056 0.106212 0.982956 -83.3427 -0.0417707 0.994006 -0.10103 -18.9771 -0.987795 -0.0258985 0.153594 242.037 
0.131839 0.108104 0.985359 -82.095 -0.0419675 0.993753 -0.10341 -19.1236 -0.990382 -0.0277196 0.135552 242.241 
0.114892 0.105395 0.987771 -80.851 -0.0421629 0.993977 -0.101153 -19.2694 -0.992483 -0.0300257 0.118643 242.417 
0.099247 0.10094 0.98993 -79.6258 -0.0398155 0.994448 -0.097409 -19.414 -0.994266 -0.029747 0.102715 242.576 
0.0854823 0.0968294 0.991623 -78.4064 -0.0394632 0.994814 -0.093739 -19.5547 -0.995558 -0.0311196 0.0888602 242.698 
0.0729315 0.0930083 0.992991 -77.2166 -0.0371213 0.995205 -0.0904893 -19.6997 -0.996646 -0.0302616 0.0760344 242.81 
0.0621595 0.0932327 0.993702 -76.0502 -0.0369193 0.995161 -0.0910601 -19.8298 -0.997383 -0.0310265 0.0653008 242.916 
0.0534657 0.0954641 0.993996 -74.893 -0.0372722 0.994917 -0.0935476 -19.9596 -0.997874 -0.0320468 0.0567521 243.009 
0.0464126 0.0973414 0.994168 -73.7517 -0.0384938 0.994676 -0.0955939 -20.085 -0.99818 -0.0338325 0.0499125 243.095 
0.0405335 0.101387 0.994021 -72.6286 -0.0390498 0.994239 -0.0998172 -20.2196 -0.998415 -0.0347704 0.0442591 243.167 
0.0351195 0.110152 0.993294 -71.5194 -0.0384823 0.993319 -0.108794 -20.3506 -0.998642 -0.0344035 0.0391237 243.232 
0.0302982 0.112716 0.993165 -70.4129 -0.0401773 0.992956 -0.111466 -20.4881 -0.998733 -0.0365255 0.0346134 243.291 
0.0263247 0.104162 0.994212 -69.3167 -0.0390844 0.993903 -0.103095 -20.6237 -0.998889 -0.0361442 0.0302353 243.351 
0.0238175 0.0943281 0.995256 -68.222 -0.0377805 0.994912 -0.0933913 -20.753 -0.999002 -0.0353769 0.0272601 243.404 
0.0224362 0.0907367 0.995622 -67.1381 -0.0374139 0.995251 -0.0898597 -20.871 -0.999048 -0.035234 0.0257245 243.453 
0.0224603 0.0925931 0.995451 -66.066 -0.0382942 0.995051 -0.0916918 -20.9901 -0.999014 -0.0360606 0.0258949 243.504 
0.0227198 0.0956043 0.99516 -65.004 -0.0376237 0.994794 -0.09471 -21.1064 -0.999034 -0.0352899 0.0261985 243.552 
0.0240296 0.0982242 0.994874 -63.9539 -0.0404373 0.994443 -0.0972049 -21.2232 -0.998893 -0.0378943 0.027868 243.608 
0.0257584 0.0990705 0.994747 -62.9185 -0.0426071 0.994282 -0.0979209 -21.3401 -0.99876 -0.039861 0.0298322 243.665 
0.0287428 0.100618 0.99451 -61.9045 -0.0431321 0.994119 -0.0993316 -21.4562 -0.998656 -0.0400402 0.0329136 243.723 
0.032386 0.101534 0.994305 -60.882 -0.0453179 0.993953 -0.100022 -21.5736 -0.998448 -0.0418205 0.0367914 243.781 
0.0369244 0.102604 0.994037 -59.8672 -0.0466835 0.993806 -0.100846 -21.6899 -0.998227 -0.0426815 0.0414856 243.849 
0.0431983 0.101672 0.99388 -58.8546 -0.0478775 0.993876 -0.0995906 -21.8045 -0.997919 -0.0432823 0.0478016 243.92 
0.0497616 0.100226 0.99372 -57.8362 -0.0467992 0.994093 -0.0979199 -21.9221 -0.997664 -0.0416326 0.0541582 243.99 
0.0566056 0.0995464 0.993422 -56.833 -0.0452477 0.99425 -0.0970512 -22.0335 -0.997371 -0.0394564 0.0607843 244.076 
0.0636739 0.100298 0.992918 -55.8502 -0.0440599 0.994249 -0.0976067 -22.1454 -0.996998 -0.0375329 0.0677268 244.165 
0.0702944 0.100209 0.99248 -54.8675 -0.0446928 0.994259 -0.0972231 -22.2509 -0.996525 -0.0375224 0.0743695 244.261 
0.076748 0.0991601 0.992107 -53.8773 -0.0459861 0.994335 -0.0958253 -22.361 -0.99599 -0.0382688 0.0808732 244.367 
0.0832204 0.0971122 0.991788 -52.8912 -0.0469 0.994519 -0.0934443 -22.4672 -0.995427 -0.0387383 0.0873189 244.479 
0.0896136 0.0955283 0.991385 -51.9119 -0.0467984 0.994694 -0.0916169 -22.5734 -0.994877 -0.0381851 0.0936087 244.595 
0.0963941 0.0960095 0.990702 -50.9332 -0.0467988 0.994673 -0.0918409 -22.6787 -0.994243 -0.0375107 0.100374 244.714 
0.102893 0.0982741 0.989826 -49.9651 -0.0464483 0.994497 -0.0939095 -22.7796 -0.993607 -0.0363131 0.106891 244.842 
0.109207 0.0996485 0.989012 -48.9973 -0.0464211 0.994388 -0.0950643 -22.8834 -0.992935 -0.0355293 0.11322 244.975 
0.115268 0.101591 0.988126 -48.0397 -0.0483468 0.994151 -0.0965705 -22.9887 -0.992157 -0.0366413 0.119505 245.117 
0.121329 0.102367 0.98732 -47.0796 -0.0505863 0.994013 -0.0968443 -23.0933 -0.991323 -0.0381949 0.125781 245.266 
0.127885 0.10187 0.986543 -46.1214 -0.0509585 0.994072 -0.096042 -23.1995 -0.990479 -0.0379905 0.132318 245.424 
0.133823 0.0996469 0.985983 -45.1632 -0.0520375 0.994266 -0.0934212 -23.3038 -0.989638 -0.0388061 0.138241 245.585 
0.140211 0.0981937 0.985241 -44.1992 -0.0519344 0.99443 -0.0917186 -23.4043 -0.988759 -0.038308 0.14453 245.746 
0.146482 0.097555 0.984391 -43.251 -0.0520761 0.994506 -0.0908082 -23.5062 -0.987842 -0.0379615 0.150757 245.914 
0.153584 0.098498 0.983214 -42.3052 -0.0514347 0.994468 -0.0915909 -23.6088 -0.986796 -0.0365044 0.157801 246.082 
0.160644 0.0987601 0.982059 -41.3676 -0.0493118 0.994542 -0.091949 -23.7084 -0.98578 -0.033656 0.164637 246.259 
