1 2.12261e-08 -2.11895e-08 0 2.12261e-08 1 2.10703e-08 0 -2.11895e-08 2.10703e-08 1 0 
0.999872 0.00163838 0.0159107 0.0096978 -0.00162345 0.999998 -0.000948608 -0.00184001 -0.0159123 0.000922699 0.999873 0.122287 
0.999293 0.00463254 0.0373111 0.0267274 -0.00461331 0.999989 -0.000600181 -0.00464365 -0.0373135 0.00042767 0.999304 0.25924 
0.997901 0.00616705 0.0644574 0.057873 -0.00622505 0.99998 0.000699685 -0.00313069 -0.0644518 -0.00109943 0.99792 0.414561 
0.995118 0.00558652 0.0985339 0.101608 -0.00589759 0.999979 0.0028664 2.69272e-05 -0.0985158 -0.00343348 0.99513 0.577291 
0.99064 0.00259423 0.136479 0.167122 -0.00328402 0.999983 0.00482959 -0.000577645 -0.136464 -0.00523254 0.990631 0.743567 
0.984417 -0.000514244 0.175847 0.248564 -0.000431124 0.999986 0.00533811 -0.0047801 -0.175847 -0.0053307 0.984403 0.913348 
0.975606 -0.000518203 0.219527 0.316114 -0.000910515 0.999979 0.00640716 0.00297742 -0.219526 -0.00645071 0.975585 1.07075 
0.963573 1.52024e-05 0.267444 0.415078 -0.00253512 0.999956 0.0090771 0.0100701 -0.267432 -0.00942442 0.963531 1.25437 
0.949145 -0.00422285 0.31481 0.516849 -0.00102479 0.999863 0.016502 -0.00276108 -0.314837 -0.0159854 0.949011 1.43571 
0.93211 -0.0140327 0.361902 0.617919 0.00552603 0.999684 0.0245301 -0.00864478 -0.362132 -0.0208648 0.931893 1.60531 
0.910717 -0.019081 0.41259 0.756117 0.00786481 0.999552 0.0288661 -0.0116797 -0.412956 -0.0230439 0.91046 1.79729 
0.885391 -0.0205005 0.464394 0.910476 0.00587349 0.999441 0.032922 -0.0105979 -0.464809 -0.0264212 0.885017 1.99385 
0.856917 -0.0224476 0.514966 1.07231 0.00367151 0.999292 0.0374502 -0.00915133 -0.515442 -0.030201 0.856392 2.19314 
0.824343 -0.0273458 0.565429 1.27116 0.00461238 0.999124 0.0415962 -0.00150726 -0.566071 -0.0316816 0.823747 2.40292 
0.787817 -0.0322772 0.615063 1.4592 0.00608438 0.998985 0.0446313 0.0139654 -0.61588 -0.031419 0.787213 2.59983 
0.749344 -0.0361167 0.661195 1.67767 0.00658778 0.998869 0.0470957 0.0228613 -0.662148 -0.030935 0.748735 2.79301 
0.708804 -0.0391374 0.704319 1.91747 0.00736703 0.998816 0.048088 0.0321912 -0.705367 -0.0288962 0.708253 2.99067 
0.666288 -0.0406935 0.744583 2.18021 0.00626588 0.99878 0.0489791 0.0501302 -0.745668 -0.0279687 0.66573 3.18836 
0.622796 -0.0408089 0.781319 2.47215 0.00130966 0.998692 0.0511185 0.0589494 -0.782383 -0.0308131 0.622035 3.40396 
0.580068 -0.0414698 0.813512 2.79507 -0.00195959 0.998629 0.0523037 0.0704991 -0.814566 -0.0319338 0.579191 3.6237 
0.539342 -0.0426281 0.841007 3.14718 -0.00363201 0.998591 0.0529449 0.0896795 -0.842079 -0.0316099 0.538427 3.82821 
0.500343 -0.0446577 0.864675 3.51895 -0.0051122 0.998499 0.0545275 0.108641 -0.865812 -0.0317028 0.499364 4.01834 
0.462577 -0.0444323 0.885465 3.92428 -0.00831636 0.998482 0.054448 0.120948 -0.88654 -0.0325502 0.461505 4.21531 
0.425839 -0.0435329 0.903751 4.3627 -0.00926208 0.99858 0.052465 0.143883 -0.904752 -0.0307122 0.424831 4.40427 
0.392077 -0.0420487 0.918971 4.83621 -0.00795551 0.998763 0.049094 0.168254 -0.919898 -0.0265595 0.391257 4.58603 
0.362187 -0.0402714 0.931235 5.33871 -0.00575327 0.998951 0.0454374 0.192354 -0.932088 -0.0218145 0.361575 4.76779 
0.336502 -0.0384192 0.940899 5.86928 -0.00445312 0.999091 0.042388 0.214731 -0.941672 -0.0184535 0.336025 4.95002 
0.316024 -0.037742 0.948 6.43295 -0.00316721 0.999161 0.0408347 0.241865 -0.948746 -0.0159072 0.315639 5.13944 
0.301247 -0.0382238 0.95278 7.02818 -0.00227243 0.999165 0.0408032 0.264715 -0.953543 -0.014457 0.300909 5.32771 
0.289541 -0.0396775 0.956343 7.64936 -0.00111491 0.999126 0.0417901 0.289545 -0.957165 -0.0131661 0.289243 5.52041 
0.278523 -0.0415865 0.959529 8.29322 -0.00207303 0.999034 0.0439005 0.313794 -0.960427 -0.0142164 0.278168 5.71674 
0.26809 -0.0432313 0.962424 8.96318 -0.00324743 0.998946 0.0457765 0.339418 -0.963389 -0.0153976 0.267667 5.90605 
0.257926 -0.0449399 0.965119 9.66211 -0.0038957 0.998861 0.0475522 0.370192 -0.966157 -0.0160248 0.257457 6.1001 
0.247736 -0.0468019 0.967696 10.3801 -0.00471958 0.998762 0.0495127 0.399228 -0.968816 -0.0168332 0.247209 6.29316 
0.237352 -0.0482964 0.970222 11.1241 -0.00473145 0.998694 0.0508712 0.430558 -0.971412 -0.0166649 0.236813 6.48235 
0.227165 -0.049402 0.972603 11.8847 -0.00461485 0.998647 0.0518028 0.467807 -0.973846 -0.0162562 0.226629 6.6632 
0.216597 -0.0523684 0.974856 12.6656 -0.00609417 0.998468 0.0549909 0.497761 -0.976242 -0.0178518 0.215946 6.84736 
0.205051 -0.0560204 0.977147 13.4572 -0.00779529 0.998236 0.0588653 0.53302 -0.97872 -0.0196875 0.204253 7.03026 
0.192906 -0.0598178 0.979392 14.2461 -0.00833544 0.998004 0.0625964 0.568923 -0.981182 -0.0202389 0.192022 7.1933 
0.179695 -0.0621186 0.981759 15.0501 -0.00932019 0.997852 0.0648428 0.604158 -0.983678 -0.0208021 0.17873 7.35565 
0.165655 -0.062513 0.984201 15.8556 -0.00937741 0.997844 0.064958 0.646417 -0.986139 -0.0199898 0.164712 7.50091 
0.151123 -0.061446 0.986603 16.6667 -0.0108179 0.997904 0.0638068 0.683426 -0.988456 -0.0203157 0.150142 7.63723 
0.134491 -0.0602069 0.989084 17.481 -0.0114502 0.997991 0.0623061 0.722916 -0.990849 -0.0197048 0.133531 7.75779 
0.113964 -0.0587639 0.991745 18.2984 -0.0143291 0.998048 0.060784 0.756793 -0.993382 -0.021138 0.112899 7.86277 
0.0881533 -0.0573721 0.994453 19.1312 -0.0189106 0.998064 0.0592567 0.792703 -0.995927 -0.0240294 0.0868977 7.95082 
0.0574574 -0.0568119 0.99673 19.968 -0.0229226 0.998041 0.0582081 0.825409 -0.998085 -0.0261921 0.0560425 8.01297 
0.0239544 -0.0566687 0.998106 20.8017 -0.0264296 0.998007 0.0572975 0.856168 -0.999364 -0.0277521 0.0224089 8.04774 
-0.0107511 -0.0560329 0.998371 21.6408 -0.0278918 0.998057 0.055715 0.885437 -0.999553 -0.0272473 -0.0122931 8.04858 
-0.0447292 -0.0546294 0.997504 22.4888 -0.0283788 0.99817 0.0533934 0.917881 -0.998596 -0.0259197 -0.0461976 8.01289 
-0.0777188 -0.0526135 0.995586 23.3282 -0.0301748 0.998273 0.0504 0.945319 -0.996519 -0.0261246 -0.0791722 7.95563 
-0.109937 -0.0495872 0.992701 24.1744 -0.0321846 0.998409 0.046308 0.970332 -0.993417 -0.0268587 -0.111358 7.86171 
-0.142398 -0.0453509 0.98877 25.0187 -0.0296922 0.998696 0.04153 0.98825 -0.989364 -0.0234449 -0.143559 7.74203 
-0.174041 -0.0392313 0.983957 25.8618 -0.0242227 0.999074 0.0355496 1.01 -0.98444 -0.017647 -0.17483 7.59459 
-0.204322 -0.0329295 0.97835 26.6766 -0.0181173 0.99939 0.029854 1.02141 -0.978736 -0.0116253 -0.204794 7.41921 
-0.233046 -0.0271144 0.972088 27.483 -0.0115932 0.999618 0.025103 1.0248 -0.972397 -0.00541948 -0.233271 7.21939 
-0.260797 -0.021221 0.965161 28.2901 -0.0033346 0.999772 0.021081 1.02421 -0.965388 0.00227941 -0.260808 6.99637 
-0.287002 -0.01103 0.957866 29.0808 0.0028795 0.999919 0.012377 1.00255 -0.957926 0.0063104 -0.286948 6.76125 
-0.312282 0.00428021 0.94998 29.8458 0.00713939 0.999972 -0.00215853 0.987741 -0.949963 0.0061082 -0.312304 6.51133 
-0.336893 0.0216327 0.941294 30.6131 0.00844387 0.999765 -0.0199543 0.965324 -0.941505 0.00122569 -0.336996 6.2425 
-0.362287 0.0364401 0.931354 31.362 0.00887731 0.999325 -0.0356463 0.927699 -0.932024 -0.00464627 -0.362366 5.97372 
-0.38731 0.0469125 0.920755 32.0747 0.0127579 0.998882 -0.0455264 0.89114 -0.921861 -0.00588594 -0.387475 5.73046 
-0.410569 0.0510478 0.9104 32.8376 0.0160725 0.998682 -0.0487496 0.840285 -0.911688 -0.00538266 -0.410848 5.3881 
-0.433057 0.0507493 0.899937 33.5697 0.0194861 0.998708 -0.0469423 0.792005 -0.901156 -0.00279246 -0.433486 5.03814 
-0.453189 0.0465108 0.8902 34.2954 0.0224824 0.998917 -0.0407455 0.747078 -0.891131 0.0015484 -0.453744 4.67285 
-0.47073 0.0451006 0.881124 35.0254 0.0297792 0.998936 -0.0352216 0.69654 -0.881775 0.00965937 -0.471572 4.26495 
-0.48433 0.0455979 0.873696 35.7258 0.0318105 0.998898 -0.034498 0.651731 -0.874307 0.0110843 -0.485247 3.88138 
-0.4954 0.0495801 0.867249 36.4218 0.0354312 0.998692 -0.0368551 0.608167 -0.867942 0.0124696 -0.496509 3.48773 
-0.50525 0.0520023 0.861405 37.1087 0.0365291 0.998577 -0.0388574 0.552548 -0.862199 0.0118336 -0.506431 3.09974 
-0.51605 0.0512017 0.855027 37.7964 0.0306475 0.998676 -0.0413066 0.501724 -0.85601 0.00488815 -0.516936 2.70724 
-0.527232 0.0497451 0.848264 38.4887 0.029684 0.998754 -0.0401205 0.454493 -0.849203 0.00402712 -0.528051 2.2965 
-0.53591 0.0510266 0.842732 39.1485 0.0316562 0.998685 -0.0403385 0.410289 -0.843681 0.00505981 -0.536821 1.88655 
-0.54329 0.0540737 0.837802 39.8307 0.0346585 0.998518 -0.0419716 0.369428 -0.838829 0.00623419 -0.544359 1.4614 
-0.54676 0.0568544 0.835357 40.5215 0.035318 0.99837 -0.0448325 0.328472 -0.836544 0.00499051 -0.547877 1.02286 
-0.546542 0.0590808 0.835345 41.2214 0.0351549 0.998248 -0.0476015 0.284674 -0.836694 0.00335026 -0.547661 0.5825 
-0.543236 0.059323 0.837482 41.939 0.037464 0.99822 -0.0464077 0.234535 -0.838744 0.00616509 -0.544491 0.133025 
-0.537448 0.0582007 0.841286 42.6874 0.0353799 0.998293 -0.0464604 0.186611 -0.842555 0.00479458 -0.53859 -0.325773 
-0.530661 0.0568588 0.845675 43.4521 0.0329721 0.998377 -0.0464356 0.139018 -0.846943 0.00324208 -0.531675 -0.785243 
-0.523501 0.0564327 0.850154 44.2275 0.0313472 0.998404 -0.0469707 0.0883963 -0.851448 0.0020607 -0.524435 -1.2435 
-0.517438 0.0551534 0.853942 45.0268 0.0281675 0.998478 -0.0474207 0.054862 -0.855257 -0.000483879 -0.518204 -1.68706 
-0.513699 0.0528931 0.856338 45.829 0.0240507 0.998593 -0.0472522 0.00180947 -0.857633 -0.00367784 -0.514249 -2.11943 
-0.512439 0.0501579 0.857258 46.6613 0.0196039 0.998716 -0.046716 -0.0528645 -0.8585 -0.00713345 -0.512764 -2.58823 
-0.51311 0.0474618 0.857009 47.5009 0.016295 0.998829 -0.0455597 -0.108445 -0.858168 -0.00941213 -0.513283 -3.05858 
-0.514473 0.0462172 0.85626 48.326 0.0148263 0.998877 -0.0450068 -0.160626 -0.857379 -0.0104596 -0.51458 -3.51291 
-0.515438 0.045372 0.855725 49.194 0.0142163 0.998913 -0.044401 -0.21138 -0.856809 -0.0107207 -0.515523 -3.994 
-0.516608 0.0447997 0.85505 50.0794 0.0141425 0.998941 -0.043794 -0.276514 -0.856106 -0.0105317 -0.516694 -4.45491 
-0.517146 0.0438502 0.854774 50.9608 0.0142256 0.998989 -0.0426419 -0.330554 -0.855779 -0.00989244 -0.517247 -4.95752 
-0.517806 0.0436093 0.854386 51.8325 0.0140086 0.998998 -0.0425005 -0.384228 -0.855384 -0.0100383 -0.517898 -5.44592 
-0.518213 0.0420018 0.85422 52.7195 0.0122932 0.999056 -0.0416657 -0.442849 -0.855163 -0.0110906 -0.51824 -5.95957 
-0.51856 0.0410065 0.854058 53.6152 0.0114122 0.999092 -0.0410409 -0.510242 -0.854965 -0.0115355 -0.518557 -6.46553 
-0.517947 0.0402472 0.854465 54.4972 0.0104778 0.999116 -0.0407092 -0.571703 -0.855349 -0.0121323 -0.517911 -6.97819 
-0.516717 0.0387322 0.85528 55.3852 0.00983925 0.999179 -0.0393044 -0.628612 -0.8561 -0.0118939 -0.516674 -7.49122 
-0.514832 0.0365761 0.85651 56.2595 0.00997759 0.999277 -0.0366753 -0.690558 -0.857233 -0.0103358 -0.514825 -7.99684 
-0.512914 0.0352165 0.857717 57.1534 0.0101551 0.999337 -0.0349584 -0.745114 -0.85838 -0.00922044 -0.512932 -8.48946 
-0.510779 0.0350989 0.858995 58.0371 0.0104203 0.999346 -0.0346374 -0.797137 -0.859649 -0.00874111 -0.510811 -8.98788 
-0.509183 0.0352986 0.859934 58.9304 0.010401 0.999338 -0.0348622 -0.851816 -0.860596 -0.00880702 -0.509213 -9.47891 
-0.509235 0.0360328 0.859873 59.8756 0.0104716 0.999309 -0.0356743 -0.903358 -0.860564 -0.00916235 -0.50926 -9.9584 
-0.510993 0.0372882 0.858776 60.7732 0.00946963 0.999242 -0.0377526 -0.960314 -0.859533 -0.0111591 -0.510959 -10.437 
-0.514251 0.0389702 0.856754 61.6563 0.00789003 0.99914 -0.0407108 -1.01751 -0.857603 -0.0141758 -0.514116 -10.9326 
-0.518999 0.0394292 0.853865 62.527 0.00635321 0.999086 -0.0422734 -1.07299 -0.854751 -0.0165151 -0.518775 -11.4335 
-0.524941 0.0380677 0.850287 63.4161 0.00726953 0.999163 -0.0402449 -1.13033 -0.851108 -0.014945 -0.524779 -11.9392 
-0.530792 0.0357234 0.846749 64.2924 0.00802739 0.999278 -0.0371264 -1.18911 -0.847464 -0.0129092 -0.530696 -12.4551 
-0.536251 0.0332536 0.843403 65.1558 0.0049754 0.999331 -0.036238 -1.24281 -0.844044 -0.0152364 -0.536058 -12.9726 
-0.54138 0.0365617 0.839983 66.0059 0.00704447 0.999216 -0.0389523 -1.29785 -0.840749 -0.0151707 -0.541213 -13.5007 
-0.546768 0.0384175 0.836402 66.8445 0.00754586 0.999132 -0.0409592 -1.34879 -0.83725 -0.0160838 -0.546584 -14.0206 
-0.55137 0.039263 0.833336 67.6721 0.00637601 0.999061 -0.0428525 -1.40836 -0.834236 -0.0183143 -0.551103 -14.543 
-0.555161 0.0392544 0.830816 68.4915 0.00490052 0.999023 -0.0439272 -1.4671 -0.831728 -0.0203153 -0.554811 -15.068 
-0.55856 0.0384218 0.828574 69.3071 0.00556454 0.999078 -0.0425771 -1.52604 -0.829445 -0.0191712 -0.558259 -15.5948 
-0.560903 0.0317471 0.827273 70.1245 0.00636188 0.9994 -0.0340392 -1.57947 -0.827857 -0.0138297 -0.560768 -16.132 
-0.563185 0.0229661 0.826011 70.938 0.00564776 0.999697 -0.0239445 -1.63272 -0.826311 -0.00882007 -0.563145 -16.6632 
-0.564794 0.0217449 0.824946 71.742 0.00734242 0.999746 -0.0213255 -1.68113 -0.8252 -0.00598741 -0.56481 -17.1896 
-0.566016 0.026031 0.823983 72.5412 0.00689966 0.999616 -0.02684 -1.72025 -0.824365 -0.00950666 -0.565978 -17.7175 
-0.567175 0.0325004 0.822956 73.3362 0.00866828 0.999401 -0.0334945 -1.7635 -0.823552 -0.0118636 -0.567117 -18.2493 
-0.567514 0.0364412 0.822557 74.1315 0.0139714 0.999303 -0.034632 -1.80698 -0.823245 -0.00816189 -0.567627 -18.7914 
-0.56732 0.0377627 0.822631 74.9245 0.0172802 0.999274 -0.0339543 -1.85606 -0.823316 -0.00504769 -0.56756 -19.334 
-0.567105 0.0342508 0.822933 75.7148 0.0156965 0.999403 -0.0307787 -1.90195 -0.823496 -0.00453759 -0.567304 -19.8555 
-0.566447 0.0295556 0.823568 76.5041 0.0145384 0.99956 -0.025872 -1.94452 -0.82397 -0.00268179 -0.566627 -20.3773 
-0.565683 0.0226942 0.82431 77.2954 0.010883 0.99974 -0.0200555 -1.98418 -0.824551 -0.00237413 -0.565783 -20.8966 
-0.5653 0.0168612 0.824713 78.089 0.00226385 0.999819 -0.0188894 -2.02313 -0.824882 -0.00881116 -0.565236 -21.4019 
-0.563977 0.011662 0.825708 78.8832 -0.00529222 0.999829 -0.0177359 -2.0523 -0.825773 -0.0143725 -0.563819 -21.9025 
-0.56176 0.0125381 0.827205 79.6724 -0.00182114 0.999864 -0.0163919 -2.08745 -0.827298 -0.0107148 -0.561661 -22.4271 
-0.558778 0.0156821 0.829169 80.4553 0.0021121 0.999845 -0.0174868 -2.12602 -0.829315 -0.00801993 -0.558724 -22.94 
-0.553338 0.0192044 0.832736 81.2461 0.00439462 0.999788 -0.0201367 -2.1558 -0.832945 -0.00748284 -0.553305 -23.4518 
-0.545661 0.0216037 0.837727 82.0378 0.00959242 0.999763 -0.0195342 -2.19008 -0.837951 -0.00262324 -0.545739 -23.9556 
-0.537696 0.0249535 0.84277 82.828 0.017223 0.999678 -0.0186109 -2.23006 -0.842963 0.00450801 -0.537953 -24.4509 
-0.528115 0.023981 0.848834 83.6252 0.0145618 0.99971 -0.0191837 -2.26106 -0.849048 0.00222935 -0.528311 -24.9264 
-0.517356 0.0217938 0.855493 84.4303 0.012465 0.999762 -0.0179308 -2.29084 -0.85568 0.00138707 -0.517504 -25.3892 
-0.505921 0.0187244 0.862377 85.2408 0.0128248 0.999817 -0.0141847 -2.32308 -0.862485 0.00388347 -0.506068 -25.8443 
-0.495107 0.0179462 0.868647 86.0569 0.0125057 0.99983 -0.0135285 -2.35659 -0.868742 0.00416496 -0.495248 -26.2889 
-0.483416 0.0171841 0.875222 86.8704 0.0136269 0.999834 -0.0121041 -2.38694 -0.875285 0.00607527 -0.48357 -26.7146 
-0.471689 0.0183963 0.881573 87.6945 0.0152543 0.999803 -0.0127015 -2.41654 -0.881633 0.00745656 -0.471877 -27.1369 
-0.459794 0.0221466 0.887749 88.5189 0.015085 0.99974 -0.0171274 -2.4536 -0.887897 0.00551661 -0.460008 -27.5458 
-0.448696 0.0313307 0.893135 89.3357 0.0173671 0.999502 -0.0263371 -2.48343 -0.893516 0.00369377 -0.449017 -27.9368 
-0.435983 0.0356227 0.89925 90.163 0.016579 0.999365 -0.0315506 -2.5186 -0.899802 0.00115307 -0.436297 -28.3203 
-0.424871 0.0323409 0.904676 91.0113 0.0151534 0.999476 -0.0286131 -2.56098 -0.905127 0.00155199 -0.425138 -28.6953 
-0.413545 0.0285156 0.910037 91.8543 0.0131898 0.999592 -0.0253279 -2.60291 -0.910388 0.00152892 -0.413753 -29.0575 
-0.404007 0.0292368 0.914289 92.6915 0.0103184 0.999571 -0.0274044 -2.6461 -0.914698 -0.00163754 -0.404135 -29.4031 
-0.397191 0.0336464 0.917119 93.5272 0.00565295 0.999398 -0.0342167 -2.69221 -0.917719 -0.00840616 -0.397142 -29.7393 
-0.392255 0.0385196 0.91905 94.3639 0.000128477 0.999125 -0.0418209 -2.73784 -0.919857 -0.0162864 -0.391917 -30.0711 
-0.389107 0.0402688 0.920312 95.2024 -0.00302284 0.998983 -0.0449892 -2.79053 -0.921188 -0.0202876 -0.38859 -30.3993 
-0.385643 0.03981 0.921789 96.0355 -0.00442851 0.998977 -0.0449963 -2.84662 -0.922637 -0.0214347 -0.385073 -30.7242 
-0.380674 0.0400061 0.923843 96.8714 -0.00499573 0.99896 -0.0453174 -2.89973 -0.924696 -0.0218665 -0.380079 -31.0477 
-0.374681 0.0357989 0.926463 97.7167 -0.00763403 0.999101 -0.0416931 -2.95333 -0.927122 -0.0226942 -0.374071 -31.3718 
-0.369847 0.0318781 0.928546 98.5634 -0.00889267 0.999244 -0.0378473 -3.00552 -0.92905 -0.0222549 -0.369284 -31.6831 
-0.363769 0.0288658 0.931042 99.4077 -0.0102024 0.999336 -0.0349693 -3.05797 -0.931433 -0.0222196 -0.363233 -31.9964 
-0.35824 0.0271539 0.933235 100.256 -0.018559 0.999172 -0.0361966 -3.10336 -0.933445 -0.0302869 -0.357439 -32.2905 
-0.35229 0.0272454 0.935494 101.104 -0.0256719 0.998919 -0.0387601 -3.15081 -0.935539 -0.0376707 -0.35121 -32.5744 
-0.345684 0.0313732 0.937826 101.943 -0.0238399 0.998825 -0.0422012 -3.20185 -0.938048 -0.036946 -0.34453 -32.8645 
-0.338655 0.0347865 0.940267 102.79 -0.0220595 0.998748 -0.0448952 -3.25069 -0.940652 -0.0359458 -0.337464 -33.1541 
-0.332344 0.0329172 0.942584 103.651 -0.0234248 0.998794 -0.0431395 -3.3007 -0.942867 -0.036417 -0.331172 -33.4357 
-0.325625 0.027917 0.945087 104.519 -0.0243735 0.998984 -0.0379068 -3.35412 -0.945185 -0.0353785 -0.324614 -33.7097 
-0.31873 0.0252462 0.947509 105.383 -0.0260054 0.999036 -0.035367 -3.403 -0.947489 -0.0359129 -0.317766 -33.9798 
-0.312603 0.0286289 0.949452 106.24 -0.0277122 0.998845 -0.0392423 -3.44696 -0.94948 -0.0385787 -0.311449 -34.2383 
-0.306296 0.0314241 0.951418 107.077 -0.0264929 0.998787 -0.0415177 -3.49467 -0.951568 -0.0379225 -0.305091 -34.4908 
-0.299618 0.0317524 0.953531 107.939 -0.0293678 0.998666 -0.0424833 -3.54547 -0.953607 -0.0407319 -0.298286 -34.7382 
-0.292748 0.0312974 0.955677 108.785 -0.0292395 0.998704 -0.0416632 -3.59586 -0.955742 -0.0401404 -0.291453 -34.9802 
-0.284675 0.031167 0.958117 109.661 -0.0250738 0.998887 -0.0399431 -3.64634 -0.958296 -0.0353945 -0.283577 -35.2225 
-0.27708 0.0324089 0.9603 110.525 -0.0221774 0.998949 -0.0401122 -3.69578 -0.960591 -0.0324113 -0.27607 -35.4599 
-0.270648 0.0329409 0.962115 111.378 -0.0208235 0.99898 -0.0400608 -3.7449 -0.962453 -0.030877 -0.269686 -35.6787 
-0.264169 0.0315389 0.963961 112.254 -0.0271979 0.998824 -0.0401329 -3.79941 -0.964093 -0.0368195 -0.263 -35.8848 
-0.258162 0.0297575 0.965643 113.127 -0.0308832 0.998761 -0.0390346 -3.84805 -0.965608 -0.0398994 -0.256923 -36.0926 
-0.253639 0.0298108 0.966839 113.999 -0.0283737 0.998866 -0.0382418 -3.89703 -0.966883 -0.0371324 -0.252506 -36.3039 
-0.249292 0.0300786 0.967961 114.869 -0.0264427 0.998934 -0.0378511 -3.94746 -0.968067 -0.0350314 -0.24823 -36.5027 
-0.244701 0.0314813 0.969088 115.734 -0.0255753 0.998915 -0.0389081 -3.99433 -0.969261 -0.0343055 -0.24363 -36.7001 
-0.238832 0.0306283 0.970578 116.612 -0.0196078 0.999147 -0.0363548 -4.03909 -0.970863 -0.0277136 -0.238028 -36.9047 
-0.233408 0.0296821 0.971926 117.482 -0.0122217 0.999366 -0.033455 -4.08333 -0.972302 -0.0196873 -0.232897 -37.1095 
-0.228427 0.0286134 0.973141 118.355 -0.0103741 0.99944 -0.0318218 -4.13347 -0.973506 -0.0173645 -0.228002 -37.3017 
-0.224553 0.0303623 0.973989 119.23 -0.0124927 0.999343 -0.0340328 -4.17451 -0.974382 -0.0198099 -0.224026 -37.4815 
-0.220997 0.0322743 0.97474 120.101 -0.0139649 0.999245 -0.0362518 -4.21632 -0.975175 -0.0216237 -0.220379 -37.6596 
-0.219358 0.0316431 0.975131 120.976 -0.0164491 0.999212 -0.0361248 -4.26351 -0.975506 -0.0239642 -0.218664 -37.8344 
-0.218669 0.0306183 0.975319 121.848 -0.0169529 0.999238 -0.03517 -4.30617 -0.975652 -0.024225 -0.217983 -38.007 
-0.217383 0.0263345 0.975731 122.722 -0.0153465 0.99942 -0.0303928 -4.34834 -0.975966 -0.0215809 -0.216852 -38.1905 
-0.216512 0.0212155 0.976049 123.597 -0.0163809 0.999544 -0.0253598 -4.39054 -0.976142 -0.0214793 -0.216066 -38.3657 
-0.215862 0.0195306 0.976229 124.462 -0.015662 0.999602 -0.0234613 -4.43005 -0.976298 -0.0203541 -0.21547 -38.5406 
-0.214543 0.0240901 0.976417 125.316 -0.0158979 0.999477 -0.0281521 -4.46956 -0.976585 -0.0215628 -0.214048 -38.7155 
-0.21443 0.0278441 0.976342 126.164 -0.0160417 0.999358 -0.0320236 -4.50644 -0.976608 -0.0225291 -0.213846 -38.8855 
-0.214494 0.0270085 0.976352 127.024 -0.0194885 0.9993 -0.0319246 -4.54516 -0.976531 -0.0258753 -0.213817 -39.0542 
-0.214085 0.0260642 0.976467 127.877 -0.0213043 0.999282 -0.031344 -4.59084 -0.976583 -0.0275133 -0.213376 -39.2206 
-0.213057 0.027111 0.976664 128.723 -0.0164315 0.999374 -0.0313259 -4.63383 -0.976902 -0.0227223 -0.212478 -39.4006 
-0.21243 0.0295106 0.976731 129.561 -0.0188529 0.999234 -0.0342908 -4.67245 -0.976994 -0.0256986 -0.211711 -39.5646 
-0.212753 0.0305935 0.976627 130.402 -0.0266142 0.998957 -0.0370907 -4.71755 -0.976744 -0.0338833 -0.211717 -39.7191 
-0.212388 0.0320686 0.976659 131.238 -0.0327789 0.998665 -0.0399194 -4.76336 -0.976636 -0.0404922 -0.211053 -39.8726 
-0.212311 0.0356479 0.976552 132.054 -0.0301676 0.998619 -0.0430121 -4.81178 -0.976736 -0.0385922 -0.210942 -40.031 
-0.211692 0.0366906 0.976648 132.876 -0.0277484 0.998667 -0.0435323 -4.86489 -0.976942 -0.0363159 -0.210392 -40.1929 
-0.210138 0.0378804 0.976938 133.693 -0.0282479 0.998597 -0.0447962 -4.91535 -0.977264 -0.0370098 -0.208773 -40.3507 
-0.208361 0.0371031 0.977348 134.501 -0.0203197 0.9989 -0.0422532 -4.96568 -0.977841 -0.0286633 -0.207378 -40.5136 
-0.204827 0.0339967 0.978208 135.308 -0.0150199 0.99917 -0.0378701 -5.01574 -0.978683 -0.0224494 -0.204146 -40.6783 
-0.202619 0.0296288 0.978809 136.127 -0.0105742 0.999418 -0.0324415 -5.05882 -0.979201 -0.0169234 -0.202188 -40.8393 
-0.199046 0.0292265 0.979554 136.934 -0.00936445 0.999453 -0.031723 -5.10185 -0.979945 -0.0154873 -0.198664 -40.989 
-0.194208 0.0340935 0.980368 137.725 -0.00910077 0.99929 -0.0365543 -5.15004 -0.980918 -0.0160212 -0.19376 -41.1315 
-0.187652 0.0372114 0.98153 138.52 -0.00788583 0.999193 -0.0393886 -5.19219 -0.982204 -0.0151316 -0.187207 -41.269 
-0.179664 0.0377371 0.983004 139.316 -0.00833657 0.99917 -0.0398813 -5.23333 -0.983693 -0.0153601 -0.1792 -41.3947 
-0.169965 0.0334636 0.984882 140.109 -0.00619477 0.999367 -0.0350248 -5.27838 -0.985431 -0.0120541 -0.16965 -41.5179 
-0.158223 0.0323942 0.986872 140.902 -0.00247277 0.999446 -0.0332033 -5.31926 -0.9874 -0.00769384 -0.158055 -41.6323 
-0.144323 0.035249 0.988903 141.69 0.00204785 0.999374 -0.0353233 -5.35811 -0.989529 -0.00307285 -0.144305 -41.7371 
-0.130692 0.0365451 0.990749 142.467 0.000529637 0.999323 -0.0367915 -5.39231 -0.991423 -0.00428363 -0.130623 -41.8184 
-0.116412 0.0367975 0.992519 143.268 0.00242848 0.999321 -0.0367648 -5.43262 -0.993198 -0.00186956 -0.116423 -41.9032 
-0.102988 0.0385849 0.993934 144.052 0.0029654 0.999255 -0.0384842 -5.47721 -0.994678 -0.00101601 -0.103026 -41.967 
-0.0892726 0.044986 0.994991 144.827 0.000233267 0.99898 -0.0451454 -5.52649 -0.996007 -0.00379815 -0.0891921 -42.0179 
-0.0767098 0.0539731 0.995592 145.596 -0.00725645 0.998477 -0.0546886 -5.57618 -0.997027 -0.0114196 -0.0762013 -42.05 
-0.0631361 0.0621296 0.996069 146.355 -0.0114544 0.99795 -0.0629729 -5.62403 -0.997939 -0.0153852 -0.062295 -42.0717 
-0.0500959 0.0626265 0.996779 147.127 -0.0121539 0.99792 -0.063309 -5.67848 -0.998671 -0.0152863 -0.0492305 -42.093 
-0.0382922 0.0585349 0.997551 147.891 -0.0158653 0.998121 -0.0591774 -5.73928 -0.999141 -0.0180925 -0.0372916 -42.0998 
-0.0275703 0.0562584 0.998036 148.651 -0.0198952 0.998186 -0.0568165 -5.79954 -0.999422 -0.0214226 -0.0264011 -42.0957 
-0.018563 0.0625864 0.997867 149.405 -0.0230127 0.997748 -0.063007 -5.86167 -0.999563 -0.0241332 -0.0170809 -42.0876 
-0.0121477 0.0706597 0.997427 150.157 -0.0266922 0.997122 -0.0709632 -5.9167 -0.99957 -0.0274855 -0.0102267 -42.0743 
-0.00904521 0.0735358 0.997252 150.91 -0.0294985 0.996839 -0.0737729 -5.97343 -0.999524 -0.0300847 -0.00684742 -42.0621 
-0.00931638 0.0692299 0.997557 151.665 -0.032314 0.997059 -0.069497 -6.03082 -0.999434 -0.0328826 -0.00705188 -42.0477 
-0.0113162 0.0647436 0.997838 152.42 -0.0339723 0.997301 -0.065094 -6.09859 -0.999359 -0.0346354 -0.00908618 -42.0357 
-0.0142451 0.0616937 0.997994 153.164 -0.0326081 0.997535 -0.0621307 -6.15698 -0.999367 -0.0334278 -0.0121983 -42.0337 
-0.0167408 0.0620606 0.997932 153.909 -0.0306721 0.99757 -0.0625526 -6.21125 -0.999389 -0.0316559 -0.0147966 -42.0379 
-0.0205858 0.0620955 0.997858 154.659 -0.0290334 0.997611 -0.0626791 -6.26957 -0.999366 -0.0302615 -0.0187338 -42.0406 
-0.0249546 0.0605469 0.997853 155.413 -0.0293713 0.997689 -0.0612714 -6.32914 -0.999257 -0.0308372 -0.0231186 -42.0508 
-0.0302461 0.060999 0.99768 156.154 -0.0300672 0.997629 -0.0619074 -6.37724 -0.99909 -0.0318699 -0.0283403 -42.0581 
-0.0362467 0.0590217 0.997598 156.89 -0.0312111 0.997701 -0.0601617 -6.43203 -0.998855 -0.0333168 -0.0343212 -42.0693 
-0.0423053 0.0561588 0.997525 157.623 -0.0291397 0.997925 -0.0574171 -6.49347 -0.99868 -0.0314966 -0.0405811 -42.0879 
-0.0475292 0.0561511 0.99729 158.353 -0.0295858 0.997902 -0.0575955 -6.54554 -0.998432 -0.0322431 -0.0457682 -42.1124 
-0.053049 0.0571454 0.996956 159.077 -0.0310042 0.997786 -0.0588427 -6.60067 -0.998111 -0.0340314 -0.0511598 -42.1332 
-0.0571474 0.0594576 0.996594 159.798 -0.0315704 0.997618 -0.061329 -6.65724 -0.997867 -0.0349677 -0.0551342 -42.1587 
-0.0595865 0.0617993 0.996308 160.516 -0.0316876 0.997462 -0.063766 -6.71415 -0.99772 -0.0353702 -0.057477 -42.191 
-0.0611411 0.0633192 0.996119 161.233 -0.0287093 0.997461 -0.0651666 -6.76828 -0.997716 -0.0325822 -0.0591681 -42.2262 
-0.0604259 0.0619804 0.996247 161.941 -0.0260095 0.997634 -0.0636443 -6.82156 -0.997834 -0.0297577 -0.0586708 -42.2577 
-0.0565178 0.0582493 0.996701 162.65 -0.0234376 0.997944 -0.0596509 -6.88112 -0.998126 -0.0267317 -0.0550364 -42.2879 
-0.0489739 0.0582417 0.997101 163.354 -0.0225293 0.99798 -0.0593996 -6.93844 -0.998546 -0.025373 -0.0475628 -42.3088 
-0.0375197 0.0590147 0.997552 164.053 -0.0196766 0.998018 -0.0597823 -6.99299 -0.999102 -0.0218715 -0.0362841 -42.324 
-0.0230209 0.0592456 0.997978 164.747 -0.0171902 0.998072 -0.0596477 -7.04379 -0.999587 -0.0185286 -0.021958 -42.3278 
-0.00768047 0.0567501 0.998359 165.438 -0.0181556 0.998216 -0.0568816 -7.09384 -0.999806 -0.0185627 -0.00663644 -42.3157 
0.00844592 0.0518931 0.998617 166.125 -0.0233771 0.99839 -0.0516835 -7.14272 -0.999691 -0.0229082 0.00964543 -42.2836 
0.0245875 0.0454059 0.998666 166.804 -0.0249534 0.998685 -0.0447923 -7.18677 -0.999386 -0.0238187 0.0256882 -42.2416 
0.0417771 0.0382088 0.998396 167.487 -0.024982 0.998996 -0.0371864 -7.22481 -0.998815 -0.0233884 0.0426897 -42.1966 
0.0593153 0.0307288 0.997766 168.159 -0.0257424 0.999241 -0.0292438 -7.26089 -0.997907 -0.0239503 0.0600613 -42.1361 
0.0763335 0.0248109 0.996774 168.828 -0.0273344 0.999367 -0.0227821 -7.2948 -0.996708 -0.0255072 0.0769634 -42.0621 
0.0944928 0.0225489 0.99527 169.481 -0.0280782 0.999406 -0.0199768 -7.3248 -0.99513 -0.0260578 0.0950698 -41.9797 
0.112447 0.0211298 0.993433 170.13 -0.0265366 0.999481 -0.0182547 -7.34944 -0.993303 -0.0243096 0.11295 -41.8884 
0.129823 0.0205848 0.991323 170.767 -0.0280048 0.999462 -0.0170863 -7.37165 -0.991142 -0.0255436 0.13033 -41.7834 
0.145966 0.0195741 0.989096 171.396 -0.0328453 0.999349 -0.0149298 -7.3921 -0.988744 -0.0303079 0.146514 -41.6637 
0.160359 0.0162539 0.986925 172.022 -0.0357213 0.999305 -0.0106536 -7.41088 -0.986412 -0.0335458 0.160828 -41.5356 
0.172706 0.0123195 0.984896 172.649 -0.0321787 0.999459 -0.00685896 -7.42774 -0.984448 -0.0305081 0.173009 -41.4125 
0.183445 0.0111212 0.982967 173.265 -0.0299185 0.999536 -0.00572512 -7.44583 -0.982575 -0.0283587 0.183693 -41.2843 
0.193281 0.0147291 0.981033 173.869 -0.034268 0.999379 -0.00825314 -7.46531 -0.980545 -0.0320228 0.193665 -41.1397 
0.20241 0.0217779 0.979059 174.467 -0.0383688 0.999161 -0.0142927 -7.48759 -0.978549 -0.0346723 0.203076 -40.9922 
0.211745 0.0318885 0.976805 175.057 -0.0382185 0.998973 -0.0243274 -7.50307 -0.976578 -0.0321808 0.212746 -40.8493 
0.22004 0.0375244 0.974769 175.645 -0.0324083 0.998989 -0.0311411 -7.52342 -0.974952 -0.0247383 0.221034 -40.7122 
0.226991 0.0354052 0.973253 176.257 -0.0314974 0.999083 -0.0289987 -7.54698 -0.973387 -0.0240724 0.227899 -40.5649 
0.232773 0.027909 0.972131 176.865 -0.0342375 0.999204 -0.0204881 -7.56609 -0.971928 -0.0285142 0.233543 -40.3968 
0.237195 0.0175018 0.971304 177.475 -0.0386669 0.999216 -0.00856212 -7.58706 -0.970692 -0.0355264 0.237686 -40.2273 
0.239133 0.0092357 0.970943 178.088 -0.0388516 0.999245 6.38717e-05 -7.60927 -0.970209 -0.0377379 0.239311 -40.0591 
0.240273 0.00842118 0.970669 178.689 -0.0351933 0.999381 4.12991e-05 -7.62679 -0.970067 -0.034171 0.240421 -39.9034 
0.241569 0.0102863 0.970329 179.28 -0.0315507 0.999498 -0.00274069 -7.63907 -0.969871 -0.0299525 0.241773 -39.7482 
0.243485 0.00997471 0.969853 179.893 -0.0283044 0.999594 -0.00317462 -7.64293 -0.969492 -0.0266782 0.243668 -39.5918 
0.245332 0.00764914 0.969409 180.508 -0.0300851 0.999547 -0.00027315 -7.65107 -0.968972 -0.0290977 0.245451 -39.4231 
0.248229 0.0037079 0.968694 181.12 -0.0301087 0.999539 0.00388946 -7.66264 -0.968233 -0.0301316 0.248226 -39.2522 
0.251392 -0.00145155 0.967884 181.741 -0.0294656 0.999524 0.00915225 -7.67078 -0.967437 -0.0308201 0.251229 -39.0791 
0.255944 -0.0042093 0.966683 182.364 -0.0279046 0.999542 0.0117406 -7.67529 -0.966289 -0.0299798 0.255709 -38.904 
0.262409 -0.00660327 0.964934 182.985 -0.0257463 0.999573 0.0138419 -7.67711 -0.964613 -0.0284757 0.262127 -38.7251 
0.270356 -0.00974177 0.962711 183.612 -0.0242227 0.999563 0.0169171 -7.67778 -0.962456 -0.0278931 0.270002 -38.5357 
0.280118 -0.0116652 0.959895 184.236 -0.0218353 0.99959 0.0185197 -7.68178 -0.959717 -0.0261473 0.279748 -38.3397 
0.291505 -0.00964343 0.956521 184.857 -0.0229859 0.99959 0.0170828 -7.68354 -0.956293 -0.0269662 0.291163 -38.1345 
0.303048 -0.00601345 0.952956 185.478 -0.0241203 0.999611 0.0139784 -7.68433 -0.95267 -0.0272217 0.302785 -37.9135 
0.314697 -0.00296224 0.949188 186.105 -0.0251766 0.999617 0.0114668 -7.68276 -0.948858 -0.0275059 0.314502 -37.6825 
0.326423 -0.00264423 0.94522 186.727 -0.023757 0.999657 0.0110008 -7.68086 -0.944925 -0.0260465 0.326248 -37.4532 
0.337877 -0.00593806 0.941171 187.356 -0.0227306 0.999637 0.0144672 -7.67988 -0.940916 -0.0262815 0.33762 -37.2082 
0.348735 -0.00731262 0.937193 187.989 -0.0241009 0.999569 0.0167675 -7.6847 -0.936911 -0.0284346 0.348409 -36.9448 
0.360009 -0.00771097 0.932917 188.618 -0.0256963 0.999505 0.0181775 -7.67914 -0.932595 -0.0305166 0.359633 -36.679 
0.369573 -0.00912392 0.929157 189.253 -0.0292032 0.999344 0.0214288 -7.6746 -0.928743 -0.0350538 0.369064 -36.4007 
0.376544 -0.00794874 0.926365 189.891 -0.0331925 0.999205 0.0220657 -7.66926 -0.925804 -0.039057 0.375981 -36.1141 
0.380952 -0.0111106 0.924528 190.541 -0.0331922 0.999119 0.0256839 -7.66682 -0.923999 -0.0404714 0.380248 -35.8289 
0.383182 -0.0148181 0.923554 191.197 -0.030215 0.999135 0.028567 -7.65607 -0.923179 -0.0388515 0.382403 -35.5452 
0.383114 -0.013929 0.923596 191.852 -0.0261611 0.999322 0.0259229 -7.64582 -0.923331 -0.0340937 0.382489 -35.2608 
0.382119 -0.0136904 0.924012 192.517 -0.0247351 0.999381 0.0250362 -7.64144 -0.923782 -0.0324223 0.381544 -34.9756 
0.381639 -0.0127022 0.924224 193.192 -0.0210911 0.999526 0.0224462 -7.63221 -0.924071 -0.0280592 0.38119 -34.6915 
0.381306 -0.0145256 0.924335 193.874 -0.0178437 0.999575 0.023069 -7.61972 -0.924277 -0.0252899 0.380885 -34.4047 
0.380271 -0.0201145 0.924657 194.566 -0.014659 0.999507 0.0277714 -7.60878 -0.924759 -0.0241152 0.379788 -34.1115 
0.378919 -0.0230605 0.925143 195.256 -0.0145124 0.999419 0.0308559 -7.60094 -0.925316 -0.0251179 0.378364 -33.8172 
0.377416 -0.0252983 0.925698 195.942 -0.0138975 0.99936 0.0329775 -7.59135 -0.92594 -0.0253112 0.376822 -33.5292 
0.37616 -0.0253891 0.926207 196.627 -0.0145903 0.999338 0.0333194 -7.57472 -0.92644 -0.026047 0.37554 -33.2377 
0.374275 -0.0256569 0.926963 197.32 -0.0160761 0.999287 0.0341498 -7.56191 -0.927179 -0.0276833 0.373596 -32.9437 
0.372893 -0.024746 0.927544 198.024 -0.0165588 0.999308 0.0333176 -7.5518 -0.927727 -0.0277829 0.372225 -32.6525 
0.371688 -0.0212106 0.928115 198.714 -0.0159605 0.999445 0.0292325 -7.54416 -0.928221 -0.0256785 0.371143 -32.3665 
0.371033 -0.0149994 0.928498 199.399 -0.0160797 0.999616 0.0225738 -7.53118 -0.92848 -0.0233056 0.37065 -32.0827 
0.370018 -0.0125782 0.928939 200.077 -0.0173044 0.999642 0.0204283 -7.51861 -0.928863 -0.0236336 0.369668 -31.8023 
0.368578 -0.0152056 0.929473 200.77 -0.0184947 0.999548 0.023686 -7.51274 -0.929413 -0.0259205 0.36813 -31.514 
0.36753 -0.0185117 0.929827 201.456 -0.0201145 0.99941 0.0278477 -7.50687 -0.929794 -0.0289379 0.366941 -31.2278 
0.36507 -0.0176064 0.930814 202.149 -0.0244323 0.999296 0.0284843 -7.50332 -0.93066 -0.0331407 0.364383 -30.9398 
0.360395 -0.0176477 0.932633 202.838 -0.0264539 0.999226 0.0291304 -7.49252 -0.932425 -0.0351702 0.359649 -30.6589 
0.353672 -0.0187607 0.935181 203.537 -0.0260474 0.999214 0.029896 -7.47777 -0.935007 -0.0349324 0.352905 -30.3846 
0.344587 -0.019157 0.938559 204.236 -0.0253949 0.999236 0.0297192 -7.46955 -0.938411 -0.0340754 0.343837 -30.1172 
0.334674 -0.0181446 0.942159 204.931 -0.0226555 0.999371 0.0272941 -7.46671 -0.942062 -0.0304797 0.334053 -29.8654 
0.323895 -0.0145936 0.94598 205.628 -0.0237268 0.999441 0.0235422 -7.45665 -0.945795 -0.0300702 0.323368 -29.6155 
0.312256 -0.0145723 0.949886 206.331 -0.0264116 0.999363 0.0240137 -7.44369 -0.949631 -0.0325865 0.311672 -29.368 
0.301249 -0.0225825 0.953278 207.041 -0.0212909 0.999311 0.0304013 -7.43467 -0.953308 -0.0294545 0.300561 -29.14 
0.292544 -0.0312712 0.955741 207.755 -0.0172587 0.99913 0.0379736 -7.42851 -0.956096 -0.0276038 0.29175 -28.9199 
0.28553 -0.0368307 0.957662 208.461 -0.0166017 0.998921 0.0433674 -7.41474 -0.958226 -0.0282815 0.28461 -28.7032 
0.281134 -0.0375265 0.958935 209.171 -0.0224861 0.998703 0.0456751 -7.39379 -0.959405 -0.0344035 0.279925 -28.4747 
0.278662 -0.0396944 0.959569 209.881 -0.0211733 0.998649 0.0474598 -7.37457 -0.960156 -0.0335424 0.277445 -28.26 
0.277048 -0.0404091 0.960006 210.594 -0.0205979 0.998636 0.0479795 -7.35236 -0.960635 -0.0330667 0.275838 -28.0437 
0.276286 -0.0384848 0.960305 211.306 -0.0205938 0.998731 0.0459498 -7.32943 -0.960855 -0.0324716 0.275143 -27.8276 
0.275905 -0.0364868 0.960492 212.034 -0.0234959 0.998725 0.0446884 -7.30375 -0.960898 -0.0348974 0.274696 -27.6025 
0.276365 -0.0371737 0.960333 212.759 -0.0242639 0.998663 0.0456401 -7.2804 -0.960746 -0.0359148 0.275094 -27.3796 
0.278194 -0.0386141 0.959749 213.482 -0.0245038 0.998581 0.0472792 -7.25766 -0.960212 -0.0366702 0.276853 -27.1584 
0.279414 -0.0403429 0.959323 214.209 -0.0230501 0.998547 0.0487061 -7.23468 -0.959894 -0.0357217 0.278078 -26.9303 
0.28099 -0.0414159 0.958817 214.946 -0.019405 0.998619 0.0488221 -7.21156 -0.959515 -0.0323244 0.279798 -26.7045 
0.284232 -0.0429678 0.957792 215.679 -0.0181865 0.998574 0.0501943 -7.18459 -0.958583 -0.0316857 0.283045 -26.478 
0.288277 -0.0443155 0.956521 216.416 -0.0199304 0.998434 0.0522641 -7.1575 -0.95734 -0.0341304 0.286942 -26.2388 
0.29367 -0.0483791 0.954682 217.16 -0.0216906 0.998124 0.0572528 -7.13077 -0.955661 -0.037521 0.29207 -25.9943 
0.298672 -0.0521555 0.95293 217.893 -0.0218989 0.997868 0.0614788 -7.09853 -0.954105 -0.03923 0.296893 -25.7461 
0.303026 -0.0521245 0.951556 218.63 -0.0231154 0.997807 0.0620193 -7.06798 -0.952702 -0.0407891 0.301156 -25.4951 
0.307293 -0.0476861 0.95042 219.367 -0.0284659 0.997836 0.0592689 -7.04061 -0.951189 -0.0452674 0.30527 -25.2296 
0.311862 -0.0416647 0.949213 220.1 -0.0329214 0.997964 0.0546209 -7.00119 -0.949557 -0.0482836 0.309855 -24.964 
0.316449 -0.0385601 0.947826 220.84 -0.0366419 0.997931 0.0528321 -6.96742 -0.947902 -0.0514487 0.314381 -24.6939 
0.320814 -0.0389527 0.946341 221.585 -0.0382968 0.997803 0.0540538 -6.94141 -0.946368 -0.053583 0.318618 -24.4215 
0.32494 -0.0365722 0.945027 222.319 -0.0405357 0.997795 0.0525522 -6.91789 -0.944865 -0.0553837 0.322742 -24.1529 
0.32877 -0.0338616 0.943803 223.053 -0.0405037 0.997932 0.049913 -6.89026 -0.943541 -0.0546374 0.326719 -23.8769 
0.333543 -0.0337734 0.94213 223.797 -0.0401886 0.99794 0.0500022 -6.86415 -0.941878 -0.0545407 0.331499 -23.6005 
0.338102 -0.035278 0.940448 224.544 -0.0399421 0.997859 0.0517913 -6.84048 -0.940261 -0.0550742 0.335969 -23.3148 
0.342492 -0.0356775 0.938843 225.286 -0.0361868 0.998036 0.051128 -6.8162 -0.938824 -0.0514846 0.340528 -23.0331 
0.346736 -0.0351907 0.937302 226.025 -0.0336778 0.998185 0.049935 -6.78839 -0.937358 -0.0488805 0.344921 -22.7454 
0.350901 -0.0332122 0.935823 226.757 -0.0345354 0.998232 0.0483767 -6.76278 -0.935775 -0.0492945 0.349134 -22.4546 
0.355555 -0.0335342 0.934053 227.493 -0.03922 0.997941 0.0507574 -6.73642 -0.933832 -0.0546806 0.353508 -22.1542 
0.360252 -0.0340029 0.932235 228.232 -0.0418514 0.99774 0.0525653 -6.71205 -0.931916 -0.0579521 0.358015 -21.847 
0.364512 -0.0312593 0.930674 228.977 -0.0395168 0.998017 0.0489986 -6.68745 -0.93036 -0.0546378 0.362554 -21.5477 
0.368329 -0.02484 0.929364 229.697 -0.0382864 0.99839 0.0418587 -6.66902 -0.928907 -0.0509997 0.366784 -21.2447 
0.371603 -0.0179743 0.928218 230.415 -0.0447019 0.998307 0.0372275 -6.6397 -0.927315 -0.0553269 0.37017 -20.9303 
0.374405 -0.0189442 0.927072 231.14 -0.0512508 0.99784 0.0410884 -6.61485 -0.925848 -0.0628969 0.372626 -20.6044 
0.376864 -0.0291044 0.925811 231.872 -0.0507414 0.997357 0.0520085 -6.59258 -0.924878 -0.066577 0.374391 -20.2879 
0.378986 -0.0418347 0.924456 232.621 -0.0465541 0.996851 0.0641959 -6.56188 -0.924231 -0.0673665 0.375845 -19.9777 
0.380719 -0.0498115 0.923348 233.362 -0.0476115 0.996168 0.0733712 -6.52862 -0.923464 -0.0718957 0.376888 -19.6538 
0.382977 -0.0515016 0.922321 234.094 -0.0492233 0.995888 0.0760486 -6.49095 -0.922446 -0.0745245 0.378867 -19.3319 
0.385602 -0.0468154 0.921477 234.817 -0.0489502 0.996267 0.0710989 -6.44866 -0.921366 -0.0725223 0.381871 -19.0103 
0.389688 -0.0406442 0.92005 235.535 -0.0481722 0.996758 0.0644363 -6.40043 -0.919686 -0.0694309 0.386466 -18.6921 
0.394133 -0.0363912 0.918333 236.253 -0.0476887 0.99706 0.0599782 -6.36354 -0.917815 -0.0674335 0.391239 -18.3662 
0.39836 -0.0342466 0.91659 236.985 -0.046285 0.997279 0.0573774 -6.32921 -0.916061 -0.0652812 0.395691 -18.0394 
0.402337 -0.0320948 0.914929 237.7 -0.045683 0.997436 0.0550782 -6.29332 -0.914351 -0.0639567 0.39984 -17.7062 
0.406187 -0.0336065 0.913172 238.419 -0.0445349 0.997408 0.0565161 -6.26063 -0.912704 -0.0636241 0.403637 -17.3676 
0.40959 -0.0388122 0.911444 239.15 -0.0426922 0.997184 0.0616486 -6.22715 -0.91127 -0.0641621 0.40678 -17.026 
0.412464 -0.04488 0.909868 239.874 -0.0408152 0.996872 0.0676741 -6.19549 -0.910059 -0.0650496 0.409342 -16.6782 
0.414939 -0.0503047 0.908458 240.6 -0.039351 0.996544 0.073156 -6.15297 -0.908998 -0.0661039 0.411525 -16.3329 
0.416994 -0.0555402 0.907211 241.336 -0.037357 0.996241 0.0781617 -6.10581 -0.908141 -0.0664836 0.413351 -15.9808 
0.418457 -0.062205 0.906104 242.071 -0.0362462 0.995713 0.085096 -6.0557 -0.907513 -0.0684518 0.414408 -15.6281 
0.420187 -0.0629714 0.90525 242.801 -0.0364062 0.995616 0.0861561 -6.00827 -0.906707 -0.0691584 0.416052 -15.2749 
0.421802 -0.0513019 0.905235 243.517 -0.0453457 0.995955 0.0775725 -5.96284 -0.905553 -0.0737688 0.41777 -14.9111 
0.422545 -0.037782 0.905554 244.23 -0.0473408 0.996847 0.0636809 -5.91755 -0.905105 -0.0697776 0.419424 -14.558 
0.423476 -0.0299021 0.905414 244.953 -0.0472677 0.997364 0.0550467 -5.86934 -0.904674 -0.0661078 0.420946 -14.2066 
0.423298 -0.0324821 0.905408 245.684 -0.0468574 0.997235 0.0576834 -5.8312 -0.904778 -0.0668424 0.420606 -13.8482 
