1 -4.23778e-08 4.22719e-08 0 -4.23778e-08 1 -4.19404e-08 0 4.22719e-08 -4.19404e-08 1 0 
0.999991 -0.00256712 -0.00335615 -0.0105804 0.00255986 0.999994 -0.00214131 -0.0045221 0.00336171 0.00213261 0.999992 0.680386 
0.999969 -0.00115751 -0.00773912 -0.0243234 0.00112874 0.999992 -0.00370999 -0.00717536 0.00774344 0.00370106 0.999963 1.38223 
0.999928 -0.00154165 -0.0118587 -0.0432853 0.00148165 0.999986 -0.00505943 -0.013699 0.0118664 0.00504142 0.999917 2.10004 
0.999858 6.45016e-05 -0.0168371 -0.0688325 -0.000159857 0.999984 -0.00565713 -0.020631 0.0168365 0.00565894 0.999842 2.83115 
0.999772 -0.00106822 -0.0213143 -0.098083 0.00094525 0.999983 -0.00577479 -0.0310929 0.0213202 0.00575324 0.999756 3.57681 
0.999664 0.000861419 -0.0259021 -0.133305 -0.00104591 0.999974 -0.00710681 -0.038363 0.0258954 0.00713142 0.999639 4.34226 
0.999514 0.00335862 -0.0309749 -0.169926 -0.00360898 0.999961 -0.00802756 -0.041293 0.0309469 0.00813537 0.999488 5.1199 
0.999366 0.00390407 -0.0353941 -0.214034 -0.0041375 0.99997 -0.00652203 -0.0491392 0.0353677 0.00666426 0.999352 5.91603 
0.999201 0.00274414 -0.0398774 -0.256543 -0.00289412 0.999989 -0.00370179 -0.0561741 0.0398669 0.00381416 0.999198 6.71856 
0.999045 0.00241748 -0.0436181 -0.302453 -0.00246864 0.999996 -0.00111734 -0.0651499 0.0436153 0.00122386 0.999048 7.54162 
0.998914 0.00359492 -0.046459 -0.354063 -0.00367185 0.999992 -0.00156896 -0.07537 0.0464531 0.00173777 0.998919 8.36854 
0.9988 0.00323869 -0.0488722 -0.404509 -0.00334021 0.999992 -0.00199402 -0.0795875 0.0488654 0.00215478 0.998803 9.19471 
0.998719 0.00023991 -0.0506005 -0.45465 -0.00036422 0.999997 -0.00244586 -0.0868956 0.0505998 0.00246107 0.998716 10.0296 
0.998607 0.000261537 -0.0527558 -0.510583 -0.000346654 0.999999 -0.00160271 -0.0968448 0.0527554 0.00161868 0.998606 10.8729 
0.998519 -0.00128708 -0.0543884 -0.562936 0.00118957 0.999998 -0.00182367 -0.107944 0.0543907 0.00175618 0.998518 11.7291 
0.998415 0.000800356 -0.0562805 -0.624815 -0.00103137 0.999991 -0.00407426 -0.119653 0.0562768 0.00412576 0.998407 12.592 
0.998319 0.00105195 -0.0579417 -0.682054 -0.00144631 0.999976 -0.00676329 -0.130142 0.0579332 0.00683564 0.998297 13.4614 
0.998211 0.00494383 -0.0595808 -0.753143 -0.00545271 0.99995 -0.00837994 -0.14283 0.0595365 0.00868974 0.998188 14.3395 
0.998153 0.00577898 -0.0604728 -0.821458 -0.00628807 0.999946 -0.00823017 -0.153335 0.0604221 0.00859514 0.998136 15.2263 
0.998055 0.00482127 -0.0621463 -0.88429 -0.00524756 0.999964 -0.00669677 -0.167797 0.0621118 0.00700978 0.998044 16.129 
0.997939 0.00523491 -0.0639579 -0.951772 -0.00558682 0.99997 -0.0053234 -0.180898 0.0639282 0.00566966 0.997938 17.029 
0.99788 0.00479991 -0.0649044 -1.02255 -0.00514499 0.999973 -0.00514938 -0.197602 0.0648781 0.00547231 0.997878 17.9323 
0.997758 0.00454298 -0.0667654 -1.09479 -0.00494434 0.999971 -0.00584628 -0.213496 0.0667369 0.0061632 0.997751 18.8444 
0.997692 0.00295408 -0.0678344 -1.16347 -0.00339737 0.999974 -0.00641929 -0.229235 0.0678137 0.00663485 0.997676 19.7528 
0.997652 0.00279891 -0.0684343 -1.23523 -0.00313471 0.999983 -0.00479879 -0.241709 0.0684198 0.00500195 0.997644 20.6778 
0.997644 0.00424968 -0.0684679 -1.31329 -0.00436108 0.999989 -0.00147646 -0.253939 0.068461 0.00177149 0.997652 21.6069 
0.99769 0.00504745 -0.067743 -1.39032 -0.00491887 0.999986 0.00206597 -0.261214 0.0677525 -0.00172807 0.997701 22.5455 
0.997801 0.00379223 -0.0661763 -1.46462 -0.00347097 0.999982 0.00497011 -0.267897 0.066194 -0.00472957 0.997795 23.4899 
0.997886 0.00399876 -0.0648684 -1.53701 -0.0036497 0.999978 0.00549996 -0.272459 0.0648891 -0.00525167 0.997879 24.4377 
0.997985 0.00424853 -0.0633123 -1.613 -0.00409291 0.999988 0.00258875 -0.277131 0.0633226 -0.00232449 0.99799 25.3808 
0.998032 0.00473978 -0.0625302 -1.68428 -0.00489319 0.999985 -0.00229923 -0.284215 0.0625185 0.0026006 0.99804 26.3334 
0.998127 0.00379614 -0.0610519 -1.76134 -0.0041093 0.999979 -0.00500335 -0.297095 0.0610317 0.00524478 0.998122 27.2808 
0.99817 0.00129989 -0.0604545 -1.82802 -0.00154312 0.999991 -0.00397549 -0.310928 0.0604488 0.00406142 0.998163 28.2501 
0.998163 -0.000927657 -0.0605844 -1.89936 0.000985652 0.999999 0.000928734 -0.321116 0.0605835 -0.000986829 0.998163 29.2224 
0.998098 -0.00481897 -0.0614593 -1.96789 0.00509315 0.999978 0.00430664 -0.331729 0.0614373 -0.00461156 0.9981 30.1986 
0.997971 -0.0120932 -0.0625077 -2.03144 0.0123471 0.999917 0.00367845 -0.339938 0.0624582 -0.00444286 0.998038 31.1745 
0.99786 -0.0138846 -0.0639018 -2.10188 0.0138994 0.999903 -0.000212342 -0.348096 0.0638987 -0.000676396 0.997956 32.1435 
0.997782 -0.013596 -0.0651625 -2.1779 0.0133366 0.999901 -0.00441309 -0.358183 0.0652162 0.00353417 0.997865 33.1209 
0.997654 -0.0121023 -0.0673807 -2.25752 0.011779 0.999917 -0.0051918 -0.369095 0.067438 0.00438586 0.997714 34.1044 
0.997602 -0.0123059 -0.0681049 -2.33616 0.0120495 0.999919 -0.00417339 -0.37672 0.0681508 0.00334267 0.997669 35.0983 
0.99754 -0.0091253 -0.0695065 -2.42267 0.0090526 0.999958 -0.0013596 -0.391919 0.0695161 0.000726956 0.99758 36.0903 
0.997471 -0.00866704 -0.0705387 -2.51051 0.00867644 0.999962 -0.000171909 -0.406051 0.0705376 -0.000440637 0.997509 37.0957 
0.997401 -0.00730727 -0.0716844 -2.59259 0.00748997 0.999969 0.00228144 -0.417575 0.0716656 -0.00281251 0.997425 38.089 
0.997395 -0.0068135 -0.0718042 -2.67049 0.00720025 0.999961 0.00512988 -0.43011 0.0717665 -0.00563361 0.997405 39.0968 
0.997356 -0.00146852 -0.0726611 -2.75882 0.00202226 0.999969 0.00754908 -0.438073 0.0726479 -0.00767614 0.997328 40.0947 
0.997361 -0.00162572 -0.0725875 -2.851 0.00212195 0.999975 0.00676087 -0.44316 0.0725748 -0.00689714 0.997339 41.0942 
0.997373 -0.00112664 -0.07242 -2.93536 0.00148603 0.999987 0.00491006 -0.449739 0.0724136 -0.00500487 0.997362 42.0884 
0.997356 0.00136962 -0.0726519 -3.02035 -0.00120738 0.999997 0.00227814 -0.452673 0.0726549 -0.00218448 0.997355 43.0919 
0.997291 0.000679431 -0.073559 -3.1079 -0.000498439 0.999997 0.00247994 -0.467707 0.0735606 -0.00243664 0.997288 44.0802 
0.997194 -0.000907839 -0.0748502 -3.19534 0.00118311 0.999993 0.00363441 -0.477683 0.0748465 -0.00371286 0.997188 45.0749 
0.997145 -4.32339e-05 -0.0755145 -3.28707 0.000397604 0.999989 0.0046788 -0.488814 0.0755135 -0.00469555 0.997134 46.0596 
0.997127 0.00210625 -0.075713 -3.37904 -0.00202323 0.999997 0.00117436 -0.504002 0.0757154 -0.00101789 0.997129 47.0284 
0.997051 0.00291741 -0.0766855 -3.47185 -0.00315577 0.99999 -0.00298616 -0.515265 0.0766762 0.00321927 0.997051 47.9948 
0.997016 0.00358716 -0.0771094 -3.56289 -0.00392124 0.999983 -0.00418043 -0.530227 0.0770932 0.00447023 0.997014 48.9643 
0.997007 0.00228643 -0.0772759 -3.64904 -0.0023593 0.999997 -0.000850675 -0.543504 0.0772738 0.00103036 0.997009 49.9418 
0.996995 0.000652662 -0.0774575 -3.73407 -0.000491664 0.999998 0.00209864 -0.554531 0.0774588 -0.00205433 0.996993 50.9169 
0.99695 -0.00138822 -0.0780257 -3.81532 0.00158955 0.999995 0.00251926 -0.563243 0.0780219 -0.00263569 0.996948 51.8797 
0.996899 -0.0047153 -0.0785513 -3.89432 0.00484173 0.999987 0.00142022 -0.578472 0.0785437 -0.00179623 0.996909 52.8426 
0.996864 -0.00714776 -0.0788109 -3.97814 0.00717923 0.999974 0.000117004 -0.591431 0.0788082 -0.000682527 0.996889 53.7944 
0.996774 -0.00888031 -0.0797637 -4.06692 0.00901571 0.999958 0.00133855 -0.602285 0.0797486 -0.00205344 0.996813 54.7449 
0.996653 -0.0118738 -0.0808795 -4.15218 0.0123487 0.999909 0.00537508 -0.612274 0.0808084 -0.00635593 0.996709 55.6961 
0.996589 -0.0126728 -0.0815462 -4.24069 0.0135418 0.999857 0.0101122 -0.617994 0.0814064 -0.011182 0.996618 56.6472 
0.996542 -0.0109001 -0.0823742 -4.32859 0.011963 0.999851 0.0124211 -0.625445 0.0822266 -0.0133637 0.996524 57.6022 
0.996433 -0.00990045 -0.0838044 -4.41734 0.0106348 0.999909 0.00832119 -0.634813 0.0837144 -0.00918283 0.996447 58.5382 
0.996329 -0.00841743 -0.0851889 -4.51028 0.0084976 0.999964 0.000579431 -0.642873 0.085181 -0.00130129 0.996365 59.4607 
0.996287 -0.00647351 -0.0858467 -4.60566 0.00612319 0.999972 -0.00434254 -0.655701 0.0858724 0.00380068 0.996299 60.3693 
0.99621 -0.00160218 -0.0869621 -4.7012 0.00130408 0.999993 -0.00348361 -0.672084 0.0869672 0.00335692 0.996205 61.2723 
0.996079 0.00127106 -0.0884592 -4.79647 -0.00137 0.999998 -0.00105696 -0.69042 0.0884578 0.00117392 0.996079 62.1677 
0.995983 0.00415988 -0.0894481 -4.89072 -0.00413818 0.999991 0.000428895 -0.707286 0.0894492 -5.71074e-05 0.995991 63.0542 
0.995872 0.00497367 -0.090631 -4.98298 -0.00496802 0.999988 0.000288847 -0.72137 0.0906314 0.000162514 0.995884 63.923 
0.995752 0.00639887 -0.0918576 -5.08795 -0.00633451 0.999979 0.000993041 -0.734464 0.0918622 -0.000407036 0.995772 64.7684 
0.995629 0.0070783 -0.0931238 -5.18087 -0.00694527 0.999974 0.00175341 -0.750084 0.0931339 -0.00109906 0.995653 65.6027 
0.995497 0.00682666 -0.0945489 -5.26968 -0.00663021 0.999975 0.00239264 -0.767384 0.094563 -0.00175507 0.995517 66.4229 
0.995362 0.0064899 -0.0959783 -5.35707 -0.00618679 0.999975 0.00345625 -0.776349 0.0959984 -0.00284651 0.995377 67.2306 
0.995206 0.00945896 -0.0973426 -5.45222 -0.00892694 0.999943 0.00590035 -0.784916 0.0973929 -0.00500318 0.995233 68.0293 
0.995057 0.0108765 -0.0987117 -5.5432 -0.00993087 0.9999 0.0100666 -0.794294 0.0988114 -0.00903663 0.995065 68.8226 
0.994861 0.01413 -0.100259 -5.64015 -0.0130278 0.999847 0.0116409 -0.801213 0.100408 -0.010275 0.994893 69.5992 
0.994685 0.0170213 -0.101544 -5.73606 -0.0163321 0.999838 0.00761589 -0.810602 0.101657 -0.00591708 0.994802 70.3529 
0.994562 0.0171678 -0.102718 -5.8282 -0.0172256 0.999851 0.000324761 -0.823362 0.102709 0.00144631 0.99471 71.0766 
0.994401 0.0160789 -0.104441 -5.90793 -0.0167462 0.999844 -0.00551393 -0.832177 0.104336 0.00723197 0.994516 71.7815 
0.994341 0.0169865 -0.104868 -5.99359 -0.0178113 0.999817 -0.00693304 -0.838184 0.104731 0.00876155 0.994462 72.4751 
0.994163 0.0197664 -0.106058 -6.07641 -0.0202485 0.999789 -0.00346984 -0.850161 0.105967 0.00559701 0.994354 73.164 
0.994007 0.0197575 -0.107511 -6.15639 -0.0199902 0.9998 -0.0010856 -0.869201 0.107468 0.00322818 0.994203 73.8231 
0.993958 0.0166639 -0.108486 -6.2355 -0.0172727 0.99984 -0.0046739 -0.879339 0.108391 0.00651943 0.994087 74.4662 
0.994055 0.00857768 -0.108536 -6.30209 -0.00968668 0.999906 -0.00969388 -0.894647 0.108443 0.0106875 0.994045 75.0869 
0.994183 0.00445726 -0.10761 -6.36872 -0.00605991 0.999875 -0.01457 -0.908039 0.107531 0.0151373 0.994086 75.6883 
0.994491 0.00691547 -0.104596 -6.43894 -0.00852445 0.999852 -0.0149428 -0.921319 0.104478 0.015752 0.994402 76.2777 
0.99485 0.0119974 -0.100647 -6.50817 -0.0132712 0.99984 -0.0119955 -0.936887 0.100487 0.0132694 0.99485 76.8486 
0.995319 0.010191 -0.096108 -6.56395 -0.0111087 0.999898 -0.00901765 -0.949475 0.0960063 0.010043 0.99533 77.4066 
0.995888 0.00662532 -0.0903499 -6.60979 -0.00708133 0.999964 -0.00472673 -0.965556 0.0903154 0.005347 0.995899 77.9507 
0.996597 0.00233482 -0.0823946 -6.64727 -0.0024418 0.999996 -0.00119664 -0.981918 0.0823916 0.00139367 0.996599 78.4826 
0.997408 0.00605592 -0.0717021 -6.68788 -0.00618117 0.99998 -0.00152399 -0.9911 0.0716915 0.00196316 0.997425 78.9962 
0.998341 0.0113585 -0.056449 -6.72803 -0.0114972 0.999932 -0.00213047 -0.998921 0.056421 0.00277585 0.998403 79.5001 
0.999125 0.0162768 -0.0385278 -6.74763 -0.0163586 0.999864 -0.00180639 -1.00642 0.0384933 0.00243499 0.999256 79.9937 
0.999755 0.0148672 -0.0163844 -6.74673 -0.0148926 0.999888 -0.00142223 -1.01134 0.0163615 0.0016658 0.999865 80.475 
0.999886 0.0114373 0.00981726 -6.72444 -0.0114336 0.999934 -0.00043968 -1.02122 -0.00982156 0.0003273 0.999952 80.9398 
0.999171 0.0104134 0.0393444 -6.69001 -0.0104661 0.999945 0.00113121 -1.032 -0.0393304 -0.00154214 0.999225 81.3924 
0.997327 0.00997935 0.0723856 -6.64057 -0.0101885 0.999945 0.00251917 -1.04013 -0.0723563 -0.00325002 0.997373 81.8363 
0.993878 0.00992526 0.110033 -6.57365 -0.0103252 0.999942 0.00306498 -1.04944 -0.109996 -0.00418241 0.993923 82.2722 
0.988351 0.0103111 0.15184 -6.48783 -0.0108465 0.999937 0.00269775 -1.05226 -0.151803 -0.00431334 0.988401 82.6964 
0.980354 0.0101256 0.196984 -6.37793 -0.0108652 0.999937 0.00267371 -1.06056 -0.196945 -0.00476152 0.980403 83.1103 
0.96914 0.0123437 0.246202 -6.25228 -0.0128603 0.999917 0.000489774 -1.07177 -0.246175 -0.00364095 0.969218 83.5092 
0.95412 0.0131671 0.299134 -6.09838 -0.0130322 0.999912 -0.00244628 -1.08262 -0.29914 -0.0015644 0.954208 83.8893 
0.934746 0.0135181 0.35506 -5.92598 -0.0127273 0.999909 -0.00456302 -1.09304 -0.35509 -0.000253756 0.934832 84.2526 
0.910964 0.0140326 0.412248 -5.73351 -0.0125465 0.999901 -0.00631142 -1.10227 -0.412296 0.000577135 0.91105 84.5897 
0.882403 0.0142122 0.47028 -5.52327 -0.0116307 0.999897 -0.00839466 -1.10777 -0.470351 0.00193772 0.882477 84.9093 
0.849356 0.0123467 0.527675 -5.29009 -0.00818525 0.999914 -0.0102213 -1.12036 -0.527756 0.00436232 0.849385 85.2065 
0.812608 0.0120717 0.582685 -5.04692 -0.00698945 0.999915 -0.0109684 -1.13466 -0.582768 0.00484033 0.812624 85.4858 
0.772642 0.0107282 0.634751 -4.78193 -0.00573489 0.999934 -0.0099198 -1.14432 -0.634816 0.00402418 0.772653 85.7558 
0.729545 0.010248 0.683856 -4.5055 -0.00707666 0.999947 -0.00743545 -1.15762 -0.683896 0.000585035 0.729579 86.0101 
0.68391 0.00922087 0.729508 -4.21307 -0.00626594 0.999957 -0.00676516 -1.1666 -0.729539 5.56636e-05 0.683939 86.2412 
0.636924 0.00783085 0.770887 -3.90858 -0.00285695 0.999965 -0.00779754 -1.1764 -0.770921 0.00276401 0.636924 86.4478 
0.589582 0.00510805 0.807692 -3.59113 0.00300653 0.999959 -0.00851876 -1.18537 -0.807703 0.00745083 0.589543 86.6299 
0.542213 0.00728856 0.840209 -3.27275 0.00108003 0.999955 -0.0093714 -1.19647 -0.84024 0.00598872 0.542181 86.8044 
0.494367 0.0101801 0.869194 -2.94621 -0.00290696 0.999945 -0.0100582 -1.20898 -0.869248 0.00244571 0.494369 86.9666 
0.448399 0.0123829 0.893747 -2.61277 -0.00321294 0.99992 -0.0122421 -1.21666 -0.893827 0.00261777 0.448403 87.1057 
0.405744 0.00971699 0.913935 -2.26784 0.00405358 0.999914 -0.0124308 -1.22372 -0.913978 0.00874842 0.40567 87.2181 
0.366118 0.00201148 0.930566 -1.90956 0.0193688 0.999764 -0.00978153 -1.22732 -0.930367 0.0216051 0.365993 87.3059 
0.330623 -0.00145407 0.943762 -1.5524 0.0235724 0.999699 -0.00671783 -1.23146 -0.943468 0.0244677 0.330558 87.3964 
0.297265 0.00244205 0.954792 -1.19424 0.0208854 0.999741 -0.00905956 -1.24122 -0.954566 0.0226342 0.297137 87.4936 
0.266074 0.010349 0.963897 -0.830193 0.0101533 0.999857 -0.0135379 -1.25593 -0.963899 0.0133888 0.265931 87.5964 
0.237363 0.0148435 0.971307 -0.455986 0.00523902 0.999849 -0.0165601 -1.27308 -0.971407 0.00901945 0.23725 87.6841 
0.211646 0.0165073 0.977207 -0.0686549 0.0071254 0.999805 -0.0184324 -1.28609 -0.97732 0.0108641 0.211487 87.7505 
0.188399 0.0178338 0.981931 0.332153 0.0155211 0.999656 -0.0211338 -1.29437 -0.98197 0.0192222 0.188058 87.8011 
0.168555 0.0240422 0.985399 0.737615 0.0219049 0.999364 -0.0281299 -1.29786 -0.985449 0.0263265 0.167921 87.8446 
0.148619 0.0310301 0.988408 1.15953 0.0239121 0.999102 -0.0349614 -1.29735 -0.988605 0.0288309 0.147743 87.8998 
0.131006 0.0317219 0.990874 1.59792 0.0216562 0.999158 -0.0348504 -1.31185 -0.991145 0.0260241 0.130208 87.957 
0.115439 0.0273985 0.992937 2.05286 0.0196728 0.99936 -0.029863 -1.33525 -0.99312 0.0229812 0.114826 88.0127 
0.100859 0.0241432 0.994608 2.52101 0.0204258 0.999444 -0.026332 -1.35426 -0.994691 0.0229714 0.10031 88.0581 
0.0875807 0.0218182 0.995918 2.9971 0.0228984 0.999452 -0.0239093 -1.36951 -0.995894 0.0248989 0.0870331 88.0962 
0.0760414 0.0209558 0.996884 3.49276 0.0265896 0.999381 -0.0230366 -1.38457 -0.99675 0.0282585 0.0754371 88.1253 
0.0658977 0.0216141 0.997592 4.00647 0.0299251 0.999273 -0.0236273 -1.39752 -0.997377 0.03141 0.065203 88.1548 
0.0579877 0.0222358 0.99807 4.53729 0.0319988 0.999197 -0.0241202 -1.41286 -0.997804 0.0333357 0.0572296 88.1844 
0.0523335 0.022444 0.998377 5.0822 0.0338153 0.999134 -0.0242336 -1.43193 -0.998057 0.0350287 0.0515292 88.2145 
0.0468792 0.0235446 0.998623 5.64719 0.0353958 0.999055 -0.0252165 -1.45021 -0.998273 0.0365292 0.0460015 88.2408 
0.04083 0.0240999 0.998875 6.22892 0.035815 0.999031 -0.0255678 -1.46896 -0.998524 0.0368186 0.0399274 88.2686 
0.0367445 0.0242049 0.999031 6.83252 0.0389967 0.99891 -0.0256363 -1.48669 -0.998563 0.0399009 0.0357605 88.2881 
0.0337084 0.0243479 0.999135 7.45034 0.0400366 0.998868 -0.0256922 -1.50534 -0.998629 0.040868 0.0326955 88.313 
0.0308016 0.0237521 0.999243 8.08944 0.0410595 0.998844 -0.0250083 -1.52569 -0.998682 0.0417987 0.0297907 88.3352 
0.0283191 0.023373 0.999326 8.75497 0.0432571 0.998761 -0.0245857 -1.54237 -0.998662 0.0439242 0.027273 88.3635 
0.0277506 0.0230311 0.999349 9.43062 0.0476875 0.998566 -0.0243373 -1.56281 -0.998477 0.0483319 0.0266125 88.3805 
0.0287841 0.0226634 0.999329 10.1204 0.0516008 0.998376 -0.0241282 -1.58555 -0.998253 0.0522607 0.0275679 88.4049 
0.0311507 0.0226454 0.999258 10.83 0.0530981 0.998294 -0.0242789 -1.60711 -0.998103 0.053815 0.0298951 88.4341 
0.0348717 0.0226417 0.999135 11.5532 0.0555729 0.998152 -0.0245591 -1.62757 -0.997845 0.0563813 0.033549 88.4715 
0.0393858 0.0221073 0.998979 12.2955 0.0559039 0.99814 -0.0242929 -1.65008 -0.997659 0.0568036 0.0380767 88.5065 
0.043426 0.0205046 0.998846 13.0512 0.0574082 0.998086 -0.022985 -1.67286 -0.997406 0.0583401 0.0421658 88.5448 
0.047124 0.0189973 0.998708 13.8209 0.0574331 0.998113 -0.0216961 -1.69473 -0.997236 0.0583813 0.045944 88.6018 
0.0515826 0.0168362 0.998527 14.6155 0.0545805 0.998316 -0.0196522 -1.72185 -0.997176 0.0555138 0.0505768 88.6529 
0.0553373 0.0158349 0.998342 15.4098 0.0536864 0.998381 -0.0188114 -1.74424 -0.997023 0.0546384 0.0543976 88.7167 
0.0590401 0.0168622 0.998113 16.2136 0.0509097 0.998505 -0.0198803 -1.76961 -0.996957 0.0519874 0.0580934 88.7891 
0.0622268 0.0209819 0.997841 17.0201 0.0492677 0.998495 -0.0240682 -1.79456 -0.996845 0.050659 0.0610995 88.8507 
0.0632154 0.026561 0.997646 17.8261 0.0435614 0.99862 -0.0293472 -1.81874 -0.997049 0.0453141 0.0619711 88.9316 
0.0633636 0.0298118 0.997545 18.6403 0.0409634 0.998634 -0.0324464 -1.84752 -0.997149 0.0429188 0.0620558 88.9916 
0.0635208 0.0291687 0.997554 19.4633 0.0385869 0.998753 -0.0316609 -1.88647 -0.997234 0.0405036 0.0623161 89.0593 
0.0639078 0.0273457 0.997581 20.2898 0.0359197 0.998914 -0.0296834 -1.92584 -0.997309 0.0377298 0.0628561 89.1206 
0.0636346 0.0259886 0.997635 21.1154 0.036699 0.998924 -0.0283631 -1.9601 -0.997298 0.0384171 0.0626123 89.1872 
0.0639295 0.0255123 0.997628 21.9352 0.0342662 0.999027 -0.027744 -1.99448 -0.997366 0.0359586 0.0629931 89.2593 
0.0643234 0.0256417 0.9976 22.7511 0.0324915 0.999086 -0.027775 -2.03391 -0.9974 0.0342001 0.0634314 89.3216 
0.0642024 0.0264366 0.997587 23.5696 0.0295006 0.999162 -0.0283771 -2.06608 -0.997501 0.0312513 0.0633687 89.3939 
0.0628293 0.0278524 0.997635 24.3838 0.0265117 0.999211 -0.0295661 -2.10162 -0.997672 0.0283066 0.0620413 89.4644 
0.0602346 0.0273962 0.997808 25.1988 0.0235751 0.999305 -0.0288605 -2.13625 -0.997906 0.0252618 0.0595469 89.5256 
0.0564262 0.0261695 0.998064 26.014 0.0215199 0.999392 -0.0274211 -2.16934 -0.998175 0.0230255 0.0558287 89.5842 
0.0519186 0.0239576 0.998364 26.8299 0.0199362 0.999488 -0.0250214 -2.20049 -0.998452 0.0212027 0.0514144 89.6348 
0.0455185 0.0217993 0.998726 27.6394 0.0179085 0.999583 -0.0226343 -2.23611 -0.998803 0.018916 0.0451091 89.6857 
0.0381157 0.0220997 0.999029 28.4494 0.0175929 0.999586 -0.0227833 -2.26728 -0.999118 0.0184443 0.0377111 89.7269 
0.029505 0.0231341 0.999297 29.253 0.0172946 0.999571 -0.0236511 -2.29672 -0.999415 0.0179803 0.0290922 89.759 
0.0196757 0.023662 0.999526 30.059 0.0178291 0.999553 -0.0240136 -2.32501 -0.999647 0.0182932 0.019245 89.7803 
0.00950893 0.0226536 0.999698 30.8584 0.0191883 0.999555 -0.022833 -2.35503 -0.999771 0.0193996 0.00907001 89.7916 
-0.00117985 0.0216143 0.999766 31.6557 0.0180937 0.999603 -0.0215895 -2.38644 -0.999836 0.018064 -0.00157047 89.7988 
-0.0122636 0.0209705 0.999705 32.4446 0.0193733 0.999597 -0.0207307 -2.41448 -0.999737 0.0191134 -0.0126649 89.793 
-0.0232013 0.021327 0.999503 33.2289 0.0199355 0.999583 -0.0208661 -2.44318 -0.999532 0.0194414 -0.0236168 89.7809 
-0.0342177 0.0220049 0.999172 34.0085 0.0199711 0.999573 -0.0213298 -2.4724 -0.999215 0.0192247 -0.0346426 89.7587 
-0.0447948 0.0231775 0.998727 34.7829 0.0197439 0.999556 -0.0223112 -2.50054 -0.998801 0.0187194 -0.0452325 89.73 
-0.0550562 0.024323 0.998187 35.5523 0.0209118 0.999512 -0.023202 -2.52731 -0.998264 0.0195965 -0.055538 89.6921 
-0.0645413 0.0248251 0.997606 36.3124 0.021647 0.99949 -0.0234716 -2.55839 -0.99768 0.0200803 -0.0650458 89.6486 
-0.0743651 0.0252298 0.996912 37.0659 0.0222195 0.999474 -0.0236373 -2.58886 -0.996983 0.0203931 -0.0748865 89.5993 
-0.0834892 0.0256884 0.996177 37.813 0.0229169 0.999453 -0.0238523 -2.61666 -0.996245 0.0208379 -0.0840322 89.5387 
-0.0921425 0.0253804 0.995422 38.5486 0.0239552 0.999442 -0.0232655 -2.64098 -0.995458 0.0217018 -0.0926991 89.4789 
-0.0995573 0.0240997 0.99474 39.2798 0.0256069 0.999438 -0.0216508 -2.67224 -0.994702 0.0233167 -0.100118 89.4122 
-0.104633 0.0224765 0.994257 39.9983 0.0286484 0.999398 -0.0195779 -2.69764 -0.994098 0.0264354 -0.105214 89.3355 
-0.108464 0.0206676 0.993885 40.7127 0.0317441 0.999346 -0.017317 -2.72642 -0.993593 0.0296717 -0.109049 89.2598 
-0.111056 0.0198147 0.993617 41.4141 0.0332023 0.999317 -0.0162175 -2.74626 -0.993259 0.0311893 -0.111638 89.187 
-0.112832 0.0188687 0.993435 42.1011 0.0336931 0.999317 -0.0151537 -2.77039 -0.993043 0.0317621 -0.11339 89.1137 
-0.113475 0.0190408 0.993358 42.7757 0.0345042 0.999289 -0.015213 -2.79929 -0.992941 0.0325488 -0.114051 89.0422 
-0.112656 0.0201768 0.993429 43.4344 0.0353145 0.999243 -0.0162902 -2.8172 -0.993006 0.0332473 -0.113284 88.9768 
-0.109433 0.0217431 0.993756 44.0741 0.0365935 0.999171 -0.0178319 -2.83966 -0.99332 0.0344136 -0.110138 88.9079 
-0.104312 0.0223767 0.994293 44.7012 0.0369238 0.999145 -0.0186122 -2.8611 -0.993859 0.0347716 -0.105049 88.8554 
-0.0962694 0.0232061 0.995085 45.3103 0.0364394 0.99914 -0.0197755 -2.88218 -0.994688 0.0343565 -0.0970322 88.8083 
-0.0849258 0.0231798 0.996118 45.9016 0.035403 0.999168 -0.0202325 -2.90369 -0.995758 0.0335473 -0.0856758 88.7707 
-0.0711852 0.0234812 0.997187 46.4653 0.034638 0.999178 -0.0210555 -2.92578 -0.996861 0.0330417 -0.07194 88.7451 
-0.0539788 0.0248112 0.998234 47.0108 0.0337165 0.999166 -0.0230113 -2.94937 -0.997973 0.0324149 -0.0547704 88.7352 
-0.0324769 0.0272569 0.999101 47.5485 0.0319824 0.999144 -0.0262185 -2.975 -0.998961 0.0311021 -0.0333208 88.738 
-0.00774477 0.0304566 0.999506 48.0756 0.0298431 0.999098 -0.030213 -2.99575 -0.999525 0.0295944 -0.00864671 88.7557 
0.0208336 0.0319676 0.999272 48.6038 0.0278287 0.999083 -0.0325418 -3.0224 -0.999395 0.0284864 0.0199248 88.7893 
0.0544468 0.0314594 0.998021 49.126 0.0261465 0.999116 -0.0329204 -3.04521 -0.998174 0.0278872 0.0535761 88.8375 
0.0932074 0.0290209 0.995224 49.6536 0.0250997 0.999189 -0.0314873 -3.06846 -0.99533 0.0279147 0.0924034 88.9061 
0.135899 0.0254426 0.990396 50.1604 0.0229573 0.999321 -0.0288221 -3.08777 -0.990457 0.0266537 0.135223 88.9967 
0.181793 0.0209681 0.983113 50.6678 0.0203938 0.999477 -0.0250884 -3.11296 -0.983125 0.0246103 0.181271 89.116 
0.231286 0.0179182 0.972721 51.1614 0.0157228 0.999631 -0.0221524 -3.13294 -0.972759 0.0204174 0.230919 89.253 
0.283714 0.0161639 0.958773 51.6432 0.0118889 0.999722 -0.0203724 -3.15538 -0.958835 0.0171787 0.283443 89.4206 
0.339778 0.0157567 0.940374 52.1096 0.0108696 0.999727 -0.0206787 -3.17352 -0.940443 0.0172477 0.339514 89.6092 
0.398639 0.0158096 0.916972 52.5627 0.0127458 0.999659 -0.0227764 -3.19485 -0.917019 0.0207671 0.398301 89.8311 
0.458995 0.0194458 0.888226 52.9919 0.0132514 0.999499 -0.0287297 -3.20744 -0.88834 0.024957 0.458507 90.0843 
0.518357 0.0224284 0.85487 53.388 0.0141769 0.999293 -0.0348139 -3.22698 -0.855047 0.0301654 0.517673 90.3696 
0.576139 0.0266161 0.816918 53.7512 0.00946266 0.999185 -0.0392284 -3.24708 -0.817297 0.0303312 0.575418 90.6815 
0.631432 0.0298802 0.774856 54.0919 0.00491339 0.999083 -0.0425309 -3.26119 -0.775416 0.0306625 0.630706 91.0235 
0.683669 0.0307879 0.729143 54.4036 0.00274092 0.998994 -0.0447525 -3.27998 -0.729787 0.0325944 0.682897 91.3784 
0.731848 0.0293136 0.680837 54.6878 0.00147531 0.999004 -0.0445983 -3.29863 -0.681466 0.0336436 0.731076 91.7525 
0.776489 0.0260008 0.629594 54.9449 -0.00147961 0.999221 -0.0394409 -3.32318 -0.630129 0.0296938 0.775923 92.1424 
0.817295 0.0210115 0.575836 55.1848 -0.00258809 0.999459 -0.0327958 -3.33985 -0.576214 0.0253135 0.816907 92.5618 
0.853137 0.0184979 0.521359 55.3912 -0.00549447 0.999634 -0.0264763 -3.35933 -0.521658 0.0197233 0.852926 92.9905 
0.883743 0.0153958 0.467719 55.5693 -0.00698301 0.999781 -0.0197155 -3.37397 -0.46792 0.0141573 0.883657 93.4294 
0.908809 0.0159888 0.416906 55.7238 -0.0110011 0.999836 -0.0143638 -3.39167 -0.417067 0.0084675 0.908836 93.8823 
0.928503 0.0180929 0.370884 55.8559 -0.0150728 0.999825 -0.0110405 -3.40747 -0.371019 0.0046608 0.928614 94.3364 
0.943394 0.0240198 0.330803 55.9699 -0.0224994 0.999711 -0.0084254 -3.42005 -0.330909 0.000505553 0.943662 94.8033 
0.954738 0.0286813 0.296063 56.0616 -0.0271037 0.999588 -0.00943243 -3.42942 -0.296211 0.000981034 0.955122 95.2776 
0.963696 0.0309569 0.265202 56.1625 -0.0295406 0.99952 -0.00932881 -3.43745 -0.265364 0.00115583 0.964148 95.7535 
0.969636 0.0251375 0.243256 56.2671 -0.0236556 0.999679 -0.00901211 -3.44613 -0.243405 0.00298403 0.96992 96.2353 
0.973495 0.0223398 0.227615 56.3654 -0.0209497 0.999744 -0.00852209 -3.45719 -0.227747 0.00352769 0.973714 96.7229 
0.976283 0.0262364 0.214902 56.4517 -0.024944 0.999651 -0.00872449 -3.467 -0.215055 0.003157 0.976597 97.2225 
0.978101 0.0317834 0.205688 56.525 -0.0307189 0.999493 -0.0083683 -3.47285 -0.20585 0.00186646 0.978582 97.7387 
0.979075 0.0396295 0.199606 56.607 -0.0384456 0.999212 -0.00980565 -3.47874 -0.199837 0.00192642 0.979827 98.2547 
0.979474 0.0451901 0.196438 56.6969 -0.0433948 0.998968 -0.0134364 -3.48978 -0.196843 0.00463615 0.980424 98.7771 
0.979544 0.0464781 0.19579 56.789 -0.0441866 0.998894 -0.0160584 -3.50378 -0.196319 0.00707853 0.980514 99.313 
0.979121 0.044823 0.198274 56.8956 -0.0417551 0.998935 -0.0196298 -3.51857 -0.198943 0.0109409 0.97995 99.8552 
0.978447 0.0432546 0.201915 57.0113 -0.0387398 0.998904 -0.0262604 -3.52705 -0.20283 0.0178722 0.979051 100.402 
0.977542 0.0437095 0.206159 57.1227 -0.0381454 0.998795 -0.0308896 -3.54366 -0.207261 0.0223318 0.978031 100.968 
0.97646 0.0480076 0.210286 57.2386 -0.0424927 0.998626 -0.0306694 -3.5583 -0.21147 0.0210118 0.977159 101.548 
0.975041 0.0512494 0.216027 57.3553 -0.0465351 0.998555 -0.0268571 -3.57666 -0.217091 0.0161339 0.976018 102.145 
0.974134 0.0481772 0.220777 57.4866 -0.0443203 0.998766 -0.0223936 -3.59606 -0.221583 0.0120294 0.975067 102.752 
0.973509 0.0439239 0.224391 57.632 -0.0411873 0.999009 -0.0168644 -3.61497 -0.224909 0.00717549 0.974353 103.371 
0.972706 0.0412293 0.22835 57.7707 -0.0394403 0.999145 -0.0123945 -3.63004 -0.228666 0.00304995 0.9735 104.004 
0.9722 0.0363598 0.231313 57.9183 -0.0345321 0.999332 -0.0119471 -3.63979 -0.231593 0.00362718 0.972806 104.643 
0.972265 0.0326385 0.231591 58.0674 -0.0299926 0.999438 -0.014938 -3.65661 -0.231949 0.00757765 0.972698 105.293 
0.972411 0.0314486 0.231146 58.215 -0.0270705 0.999389 -0.022089 -3.67112 -0.2317 0.0152222 0.972668 105.947 
0.972562 0.0332564 0.230254 58.3583 -0.0273847 0.999214 -0.028651 -3.69046 -0.231025 0.0215593 0.972709 106.609 
0.973113 0.0357371 0.227537 58.5015 -0.0291407 0.999054 -0.0322853 -3.71072 -0.228476 0.0247866 0.973234 107.288 
0.973821 0.0333801 0.22485 58.6572 -0.0277081 0.999214 -0.0283355 -3.72899 -0.225619 0.0213635 0.973981 107.979 
0.974245 0.0290092 0.22362 58.8106 -0.0249761 0.999471 -0.0208439 -3.7542 -0.224106 0.0147218 0.974454 108.695 
0.974837 0.0290768 0.221012 58.9637 -0.0264321 0.999539 -0.0149156 -3.78156 -0.221344 0.00869837 0.975157 109.417 
0.975135 0.0325677 0.219203 59.1101 -0.0298585 0.999431 -0.0156621 -3.80248 -0.219589 0.00872747 0.975553 110.147 
0.975457 0.0381695 0.216858 59.2529 -0.0345595 0.999194 -0.0204163 -3.82068 -0.217462 0.0124207 0.97599 110.887 
0.976225 0.0391351 0.213199 59.3988 -0.0344113 0.999074 -0.0258245 -3.83828 -0.214012 0.017874 0.976667 111.639 
0.977176 0.0378685 0.209026 59.5535 -0.0325483 0.999054 -0.028835 -3.85772 -0.20992 0.0213734 0.977485 112.401 
0.97813 0.0352452 0.204988 59.7104 -0.0302536 0.999166 -0.0274356 -3.88299 -0.205784 0.0206339 0.97838 113.175 
0.978985 0.0313485 0.201509 59.8616 -0.0268038 0.999322 -0.0252436 -3.91364 -0.202164 0.0193119 0.979161 113.954 
0.979443 0.0300381 0.199473 60.0173 -0.0260364 0.999404 -0.0226553 -3.93823 -0.200035 0.0169959 0.979641 114.754 
0.979816 0.0266603 0.198117 60.1752 -0.0230841 0.999527 -0.0203396 -3.9625 -0.198565 0.0153556 0.979967 115.557 
0.979863 0.021498 0.198508 60.3123 -0.0180458 0.999653 -0.019184 -3.98449 -0.198852 0.0152154 0.979911 116.372 
0.980033 0.0226948 0.197534 60.4683 -0.019542 0.999649 -0.0178961 -4.00604 -0.19787 0.0136785 0.980133 117.186 
0.979869 0.0279305 0.197678 60.6166 -0.0244858 0.999503 -0.0198495 -4.03078 -0.198134 0.0146096 0.980066 118.009 
0.979547 0.033463 0.198413 60.7596 -0.0294411 0.999297 -0.0231871 -4.05579 -0.19905 0.0168712 0.979844 118.842 
0.979054 0.0423594 0.199147 60.9091 -0.038091 0.998956 -0.0252183 -4.07244 -0.200007 0.0171043 0.979645 119.682 
0.97819 0.0482313 0.202033 61.0556 -0.0441634 0.998721 -0.0245973 -4.10018 -0.202961 0.0151383 0.97907 120.515 
0.977473 0.0508556 0.204843 61.2146 -0.0472024 0.998628 -0.0226848 -4.13269 -0.205716 0.0125046 0.978532 121.363 
0.976922 0.0510177 0.207416 61.3786 -0.0471799 0.998612 -0.0234113 -4.16244 -0.208322 0.0130851 0.977973 122.209 
0.976577 0.049677 0.209355 61.5442 -0.0451935 0.998636 -0.0261487 -4.19075 -0.210368 0.0160747 0.97749 123.053 
0.976596 0.0437046 0.210593 61.7264 -0.0393376 0.998916 -0.024884 -4.22058 -0.211453 0.0160173 0.977257 123.899 
0.976853 0.0370202 0.210682 61.9049 -0.0322524 0.999141 -0.0260229 -4.25717 -0.211465 0.0186254 0.977208 124.73 
0.976639 0.0360882 0.211835 62.0816 -0.0312553 0.99917 -0.0261205 -4.2921 -0.212602 0.0188893 0.976956 125.579 
0.976126 0.03896 0.213681 62.2527 -0.0347791 0.999123 -0.0232926 -4.32441 -0.214401 0.0153048 0.976626 126.427 
0.975762 0.0411601 0.214928 62.4202 -0.0382789 0.999113 -0.0175526 -4.35191 -0.21546 0.00889986 0.976472 127.271 
0.975448 0.044529 0.215681 62.5847 -0.042638 0.999 -0.0134154 -4.38093 -0.216063 0.00388973 0.976372 128.105 
0.975267 0.0436085 0.216686 62.7565 -0.040255 0.998992 -0.0198686 -4.41283 -0.217334 0.0106544 0.976039 128.939 
0.975486 0.0396965 0.216453 62.9316 -0.0330983 0.998873 -0.0340257 -4.4462 -0.217559 0.0260273 0.9757 129.756 
0.97573 0.0372393 0.215788 63.1094 -0.0285769 0.998661 -0.0431263 -4.47851 -0.217105 0.035913 0.975487 130.57 
0.976034 0.0343499 0.214889 63.2817 -0.0276454 0.999035 -0.034129 -4.51139 -0.215854 0.0273703 0.976042 131.396 
0.97649 0.0278926 0.213748 63.4608 -0.0256206 0.999582 -0.0133935 -4.54431 -0.214032 0.00760218 0.976797 132.248 
0.97683 0.0242506 0.212637 63.6349 -0.0251853 0.999681 0.00168735 -4.57663 -0.212529 -0.00700367 0.97713 133.093 
0.976886 0.0283818 0.211866 63.7964 -0.0281399 0.999595 -0.00415772 -4.59551 -0.211898 -0.00190035 0.97729 133.909 
0.977122 0.0364256 0.209539 63.9489 -0.0329218 0.999254 -0.0201872 -4.61435 -0.210118 0.0128269 0.977592 134.71 
0.977414 0.0364182 0.208171 64.1097 -0.0312385 0.999116 -0.0281167 -4.6332 -0.209011 0.0209786 0.977688 135.521 
0.978039 0.0323298 0.205901 64.2777 -0.0269319 0.999217 -0.0289665 -4.66559 -0.206676 0.022785 0.978144 136.327 
0.97868 0.0317865 0.202918 64.4365 -0.0267945 0.999268 -0.0273024 -4.70368 -0.203637 0.0212832 0.978815 137.152 
0.979416 0.0311971 0.199427 64.5851 -0.0259754 0.999249 -0.0287474 -4.73247 -0.200174 0.0229754 0.979491 137.966 
0.980374 0.032405 0.194467 64.731 -0.0270424 0.999179 -0.030169 -4.76818 -0.195285 0.024318 0.980445 138.778 
0.980784 0.0372984 0.191497 64.8664 -0.0320736 0.999026 -0.0303133 -4.80625 -0.19244 0.0235887 0.981025 139.589 
0.980968 0.043219 0.189297 64.9979 -0.0380568 0.9988 -0.0308233 -4.83729 -0.190402 0.0230326 0.981436 140.399 
0.981258 0.0448726 0.1874 65.1339 -0.0401789 0.998778 -0.0287727 -4.87334 -0.188462 0.0207038 0.981862 141.206 
0.981551 0.0427094 0.18637 65.2732 -0.0388817 0.998952 -0.0241475 -4.90712 -0.187206 0.0164555 0.982183 142.012 
0.981991 0.0410683 0.184407 65.4163 -0.037273 0.999017 -0.0240021 -4.94123 -0.185211 0.0166964 0.982557 142.816 
0.982574 0.0391593 0.181702 65.5535 -0.0348309 0.99903 -0.0269536 -4.97482 -0.182581 0.020155 0.982984 143.609 
0.983658 0.0340555 0.176798 65.692 -0.0290747 0.999106 -0.0306881 -5.00856 -0.177685 0.0250461 0.983768 144.401 
0.984914 0.0311384 0.170222 65.8245 -0.0261395 0.999161 -0.031531 -5.04148 -0.17106 0.0266057 0.984901 145.192 
0.986053 0.0299018 0.163722 65.9473 -0.0259203 0.999315 -0.0264023 -5.0661 -0.1644 0.0217903 0.986153 145.988 
0.987208 0.0270532 0.157126 66.069 -0.0245491 0.999539 -0.0178565 -5.1001 -0.157537 0.0137707 0.987417 146.795 
0.987861 0.0239828 0.15348 66.1851 -0.0229409 0.9997 -0.00855656 -5.12549 -0.153639 0.00493164 0.988115 147.606 
0.98836 0.0307124 0.148998 66.2861 -0.0301519 0.999527 -0.00602015 -5.14606 -0.149113 0.00145742 0.988819 148.4 
0.988987 0.0333378 0.144199 66.3827 -0.0321335 0.999427 -0.0106736 -5.16735 -0.144472 0.0059224 0.989491 149.194 
0.990073 0.0340215 0.136373 66.4799 -0.0314174 0.999281 -0.0212042 -5.18284 -0.136997 0.0167092 0.99043 149.987 
0.991024 0.0308545 0.130071 66.5704 -0.0276293 0.999266 -0.0265283 -5.20178 -0.130794 0.0226963 0.99115 150.789 
0.991886 0.0302282 0.123486 66.6535 -0.027254 0.999298 -0.0257055 -5.22427 -0.124177 0.0221313 0.992013 151.609 
0.992615 0.0368702 0.115564 66.7278 -0.0345179 0.999155 -0.0222924 -5.25347 -0.116288 0.0181387 0.99305 152.433 
0.993305 0.0422683 0.107508 66.7903 -0.0398999 0.998913 -0.0240878 -5.28301 -0.108409 0.0196369 0.993912 153.25 
0.994257 0.0448542 0.0971597 66.8517 -0.0421506 0.99867 -0.0297039 -5.31287 -0.0983627 0.0254379 0.994825 154.057 
0.995124 0.043311 0.0886131 66.9105 -0.0406068 0.998659 -0.0320965 -5.34067 -0.0898844 0.0283416 0.995549 154.877 
0.995826 0.0433687 0.0803146 66.9647 -0.0411174 0.998719 -0.0294784 -5.36839 -0.0814901 0.0260529 0.996333 155.7 
0.996293 0.04623 0.0725424 67.0004 -0.0447244 0.998752 -0.0222454 -5.4004 -0.0734802 0.0189185 0.997117 156.525 
0.996683 0.0496408 0.0644885 67.0308 -0.0486522 0.998674 -0.0168138 -5.42401 -0.0652376 0.0136204 0.997777 157.355 
0.997201 0.0485484 0.0568636 67.0636 -0.0478535 0.998763 -0.0135216 -5.4471 -0.0574496 0.0107625 0.99829 158.179 
0.997493 0.04946 0.0506051 67.0864 -0.0489452 0.998737 -0.0113646 -5.46957 -0.0511031 0.00885917 0.998654 159.006 
0.997751 0.0484781 0.0462894 67.1139 -0.0479193 0.998765 -0.0131077 -5.49297 -0.0468676 0.01086 0.998842 159.83 
0.997724 0.0529976 0.0416906 67.1288 -0.052261 0.998461 -0.0185655 -5.51597 -0.0426103 0.0163444 0.998958 160.642 
0.997562 0.0589197 0.0373853 67.1407 -0.0580018 0.997999 -0.0251825 -5.5417 -0.0387941 0.0229527 0.998983 161.459 
0.997607 0.0601155 0.0341511 67.1522 -0.0591867 0.997866 -0.0275887 -5.56687 -0.0357367 0.0255013 0.999036 162.278 
0.997617 0.0616151 0.0310454 67.161 -0.0609642 0.997908 -0.0214987 -5.59249 -0.032305 0.0195547 0.999287 163.111 
0.997525 0.0639761 0.0291687 67.1636 -0.0636807 0.99791 -0.0109515 -5.61985 -0.0298083 0.00906687 0.999514 163.946 
0.997508 0.0655902 0.0259883 67.17 -0.0655188 0.997845 -0.00359635 -5.64177 -0.0261681 0.00188459 0.999656 164.773 
0.997882 0.0617089 0.0205742 67.1787 -0.0615836 0.99808 -0.0066769 -5.66297 -0.0209467 0.00539564 0.999766 165.589 
0.998685 0.0491113 0.0147244 67.1913 -0.0488676 0.998669 -0.016484 -5.68031 -0.0155143 0.0157427 0.999756 166.404 
0.998892 0.0464954 0.00730272 67.1913 -0.0463326 0.998704 -0.0210815 -5.69596 -0.00827337 0.0207197 0.999751 167.222 
0.998706 0.0508554 0.000630399 67.169 -0.0508332 0.998512 -0.0197271 -5.71705 -0.00163261 0.0196695 0.999805 168.056 
0.998797 0.0485702 -0.00673126 67.1475 -0.0486576 0.998725 -0.0134728 -5.74309 0.00606839 0.013784 0.999886 168.889 
0.99897 0.0431949 -0.0139109 67.124 -0.0433328 0.999013 -0.00976304 -5.76154 0.0134756 0.0103557 0.999855 169.728 
0.999211 0.034447 -0.0197709 67.1023 -0.034568 0.999385 -0.00580766 -5.77143 0.0195588 0.00648644 0.999788 170.57 
0.999213 0.0299597 -0.0259954 67.0692 -0.0301162 0.99953 -0.00564462 -5.79323 0.0258141 0.00642298 0.999646 171.408 
0.999117 0.0263755 -0.0326904 67.0344 -0.0268029 0.99956 -0.0127034 -5.81198 0.0323411 0.0135683 0.999385 172.241 
0.999045 0.0170761 -0.0402122 66.994 -0.0179976 0.999581 -0.0226645 -5.83218 0.0398084 0.0233665 0.998934 173.075 
0.99887 0.00680054 -0.0470323 66.9623 -0.00805974 0.999613 -0.0266336 -5.85458 0.0468331 0.0269825 0.998538 173.912 
0.99852 0.0106045 -0.0533482 66.9002 -0.0116304 0.999753 -0.0189551 -5.8784 0.053134 0.0195474 0.998396 174.753 
0.998061 0.0210657 -0.0585731 66.8249 -0.0214669 0.99975 -0.00622636 -5.89705 0.0584274 0.00747159 0.998264 175.598 
0.997665 0.0263092 -0.0630219 66.7471 -0.0262597 0.999654 0.0016144 -5.91867 0.0630427 4.42221e-05 0.998011 176.445 
0.99745 0.0254545 -0.0666696 66.6756 -0.025608 0.999671 -0.00144647 -5.93306 0.066611 0.00314997 0.997774 177.288 
0.997294 0.0266986 -0.0684931 66.6003 -0.0276058 0.999543 -0.0123307 -5.94687 0.0681327 0.014188 0.997575 178.114 
0.996741 0.0369474 -0.0717099 66.513 -0.0385806 0.999024 -0.0215235 -5.96575 0.0708447 0.0242199 0.997193 178.944 
0.996617 0.0353979 -0.0741701 66.4356 -0.0373572 0.998984 -0.0251961 -5.98801 0.0732029 0.0278816 0.996927 179.787 
0.996599 0.0304868 -0.0765612 66.3695 -0.0321423 0.999273 -0.0204842 -6.01094 0.0758812 0.0228753 0.996854 180.643 
0.996622 0.030551 -0.0762344 66.2942 -0.0315304 0.999435 -0.0116764 -6.03471 0.0758347 0.0140406 0.997021 181.503 
0.99655 0.0327042 -0.0762842 66.2139 -0.0332735 0.999427 -0.00620237 -6.05621 0.0760377 0.00871913 0.997067 182.36 
0.996415 0.0328065 -0.0779845 66.1316 -0.0334598 0.999415 -0.007083 -6.07532 0.0777066 0.00966687 0.996929 183.219 
0.996332 0.0295417 -0.0803099 66.0508 -0.030941 0.999389 -0.0162333 -6.09829 0.0797814 0.0186585 0.996638 184.071 
0.996384 0.0187365 -0.0828684 65.9847 -0.021079 0.9994 -0.0274828 -6.12627 0.0823038 0.0291301 0.996181 184.922 
0.996352 0.00816572 -0.0849484 65.9159 -0.0108795 0.999443 -0.0315313 -6.15197 0.0846438 0.0323404 0.995886 185.772 
0.996265 0.0106312 -0.0856934 65.825 -0.0130134 0.999543 -0.027288 -6.17796 0.0853642 0.0283011 0.995948 186.624 
0.996071 0.0165491 -0.0870012 65.7321 -0.0180946 0.999692 -0.0170054 -6.20597 0.086693 0.0185127 0.996063 187.48 
0.995907 0.01747 -0.0886761 65.6411 -0.0187092 0.999738 -0.0131613 -6.23937 0.0884231 0.0147664 0.995973 188.332 
0.995834 0.0163026 -0.0897159 65.5571 -0.0179011 0.999694 -0.0170411 -6.26407 0.0894108 0.018576 0.995822 189.175 
0.995867 0.0164154 -0.0893233 65.4673 -0.0185482 0.999561 -0.0230984 -6.28848 0.088905 0.0246597 0.995735 190.01 
0.995698 0.0229819 -0.0897666 65.3717 -0.0252077 0.9994 -0.0237399 -6.31362 0.0891672 0.0259005 0.99568 190.842 
0.995606 0.0257114 -0.0900392 65.2779 -0.0276678 0.999406 -0.0205463 -6.34421 0.0894576 0.0229472 0.995726 191.678 
0.99542 0.0297662 -0.0908401 65.1861 -0.0314736 0.999353 -0.0174204 -6.37563 0.0902628 0.0201996 0.995713 192.509 
0.99532 0.0331025 -0.0907912 65.0924 -0.0345702 0.999295 -0.0146391 -6.40053 0.0902427 0.0177092 0.995762 193.341 
0.995134 0.0361003 -0.0916787 64.9996 -0.0376402 0.999177 -0.0151222 -6.4243 0.0910574 0.0184994 0.995674 194.16 
