1 -4.23778e-08 4.22719e-08 0 -4.23778e-08 1 -4.19404e-08 0 4.22719e-08 -4.19404e-08 1 0 
0.999093 -0.000851676 0.0425595 0.106401 0.000953892 0.999997 -0.00238351 -0.0232487 -0.0425572 0.00242187 0.999091 1.10071 
0.996178 -0.00552464 0.0871734 0.209812 0.00615949 0.999956 -0.00701637 -0.0800695 -0.0871307 0.00752642 0.996168 2.20086 
0.991214 -0.00549518 0.132151 0.335517 0.00699818 0.999916 -0.0109122 -0.108713 -0.13208 0.0117411 0.991169 3.2384 
0.98409 -0.00326842 0.177641 0.529494 0.00570686 0.999896 -0.0132181 -0.146173 -0.177579 0.0140215 0.984007 4.27288 
0.97475 -0.00618273 0.223213 0.755399 0.00936086 0.999869 -0.0131832 -0.18022 -0.223103 0.0149397 0.97468 5.31904 
0.963048 -0.00683187 0.269244 0.981661 0.0109589 0.999844 -0.0138285 -0.237847 -0.269108 0.016268 0.962973 6.43023 
0.950066 -0.0105212 0.311873 1.29024 0.0164085 0.999733 -0.0162594 -0.288 -0.311618 0.0205648 0.949985 7.29932 
0.935036 -0.0120274 0.354348 1.68492 0.0196126 0.999649 -0.0178226 -0.316534 -0.35401 0.0236144 0.934944 8.3268 
0.9179 -0.0121378 0.396626 2.0972 0.0212074 0.999604 -0.0184894 -0.351945 -0.396244 0.0253828 0.917794 9.28847 
0.898143 -0.0124949 0.439525 2.51991 0.0221985 0.99961 -0.0169445 -0.383801 -0.439142 0.0249754 0.89807 10.2432 
0.876486 -0.0122731 0.48127 2.99919 0.0227724 0.999613 -0.0159816 -0.413963 -0.480888 0.0249673 0.876427 11.1315 
0.852507 -0.01269 0.522562 3.53186 0.0239603 0.999603 -0.0148143 -0.434684 -0.522166 0.02515 0.852473 12.0638 
0.826729 -0.0125277 0.562461 4.0869 0.0251099 0.999577 -0.0146441 -0.462439 -0.56204 0.02623 0.826694 12.9244 
0.799604 -0.014317 0.600357 4.73221 0.0285525 0.999491 -0.0141933 -0.489506 -0.599848 0.0284907 0.799606 13.7509 
0.770962 -0.0135852 0.636736 5.37308 0.0296701 0.999453 -0.0146008 -0.519751 -0.63619 0.0301487 0.770943 14.5588 
0.740403 -0.0169819 0.671948 6.08291 0.0347377 0.999312 -0.0130215 -0.548207 -0.671265 0.032983 0.740484 15.3566 
0.708452 -0.0163574 0.705569 6.78256 0.0351587 0.999308 -0.0121353 -0.578936 -0.704882 0.0334042 0.708537 16.073 
0.674631 -0.0153806 0.737995 7.53044 0.0366025 0.99925 -0.0126346 -0.614818 -0.737247 0.0355361 0.674688 16.751 
0.639015 -0.0166693 0.769014 8.29592 0.0412671 0.999068 -0.0126352 -0.636136 -0.768086 0.039809 0.639107 17.4011 
0.602439 -0.0147202 0.798029 9.11906 0.0413784 0.999061 -0.0128086 -0.652618 -0.797091 0.0407375 0.602483 18.0442 
0.564674 -0.0137921 0.825198 9.9645 0.0447482 0.998901 -0.0139256 -0.667641 -0.8241 0.0447895 0.564671 18.6415 
0.525489 -0.0120704 0.850715 10.8091 0.0493483 0.998648 -0.0163133 -0.687681 -0.849368 0.0505538 0.525374 19.1891 
0.486573 -0.0110666 0.87357 11.7601 0.0510875 0.998569 -0.0158054 -0.705122 -0.872145 0.052319 0.486442 19.7484 
0.44768 -0.0133157 0.894095 12.6525 0.056392 0.998319 -0.0133681 -0.734279 -0.892414 0.0564044 0.447678 20.1963 
0.410807 -0.0141594 0.911612 13.537 0.0600164 0.998131 -0.0115425 -0.761169 -0.909745 0.0594534 0.410889 20.5891 
0.375609 -0.0118174 0.926703 14.5023 0.0614494 0.998036 -0.0121796 -0.781617 -0.924739 0.0615201 0.375597 20.9819 
0.342344 -0.0125236 0.939491 15.4811 0.0620373 0.99803 -0.00930214 -0.800662 -0.937524 0.061468 0.342447 21.334 
0.309017 -0.0139777 0.950954 16.4881 0.0645088 0.997897 -0.00629483 -0.809461 -0.948866 0.0632901 0.309268 21.6803 
0.276202 -0.0138146 0.961 17.5189 0.0650837 0.99787 -0.00436128 -0.818877 -0.958893 0.0637501 0.276513 21.973 
0.243612 -0.0107581 0.969813 18.518 0.062121 0.998058 -0.0045332 -0.837692 -0.967881 0.0613501 0.243808 22.2492 
0.212349 -0.00906122 0.977152 19.6213 0.0620473 0.998064 -0.00422874 -0.837797 -0.975222 0.0615276 0.212501 22.5386 
0.181741 -0.00877454 0.983307 20.7325 0.0640904 0.99794 -0.00294057 -0.843615 -0.981256 0.063555 0.181929 22.7624 
0.151625 -0.00908925 0.988396 21.8599 0.0658101 0.997832 -0.000919646 -0.850607 -0.986245 0.0651859 0.151894 22.9129 
0.121331 -0.00965146 0.992565 22.9435 0.0647545 0.9979 0.00178768 -0.859426 -0.990498 0.0640561 0.121701 23.0475 
0.0922389 -0.0100925 0.995686 24.0428 0.0656993 0.997831 0.00402792 -0.864387 -0.993567 0.0650443 0.0927019 23.1449 
0.0651602 -0.00983932 0.997826 25.1378 0.0684382 0.997641 0.00536824 -0.862239 -0.995525 0.0679396 0.0656799 23.215 
0.0399332 -0.0092261 0.99916 26.3131 0.0721138 0.997376 0.00632739 -0.861737 -0.996597 0.0718005 0.0404937 23.2736 
0.0166268 -0.00898838 0.999821 27.4866 0.0757044 0.9971 0.00770489 -0.863424 -0.996992 0.0755628 0.0172591 23.3064 
-0.00405204 -0.00899565 0.999951 28.718 0.0811731 0.996657 0.00929486 -0.855936 -0.996692 0.0812068 -0.00330829 23.3198 
-0.0220902 -0.00997539 0.999706 29.9805 0.0852812 0.996287 0.0118256 -0.86422 -0.996112 0.0855174 -0.0211575 23.3034 
-0.0382876 -0.00983553 0.999218 31.2728 0.0878479 0.996047 0.0131703 -0.852368 -0.995398 0.0882834 -0.0372722 23.2978 
-0.0530314 -0.0104983 0.998538 32.4965 0.0900541 0.99582 0.0152523 -0.838527 -0.994524 0.0907313 -0.0518644 23.242 
-0.0670553 -0.011451 0.997683 33.7139 0.0899735 0.995791 0.0174764 -0.830485 -0.993684 0.0909369 -0.0657428 23.2 
-0.079631 -0.011394 0.996759 34.9835 0.0896555 0.9958 0.0185456 -0.818134 -0.992784 0.0908417 -0.0782751 23.1243 
-0.0916648 -0.00862254 0.995753 36.2566 0.0899146 0.995806 0.0169001 -0.807348 -0.991722 0.0910818 -0.0905051 23.1063 
-0.102098 -0.0048933 0.994762 37.5196 0.0902832 0.995815 0.0141647 -0.785176 -0.990669 0.0912565 -0.101229 23.0023 
-0.111791 -0.00254951 0.993728 38.7467 0.091227 0.995748 0.0128174 -0.782113 -0.989535 0.0920878 -0.111084 22.8797 
-0.119617 -0.00134088 0.992819 40.0278 0.0912358 0.995753 0.012337 -0.766762 -0.988619 0.0920564 -0.118987 22.7537 
-0.12584 -0.000712681 0.99205 41.3588 0.0908009 0.995794 0.0122332 -0.759597 -0.987886 0.0916184 -0.125246 22.6026 
-0.130936 0.000832274 0.99139 42.703 0.0919099 0.995703 0.0113028 -0.743424 -0.987121 0.0925985 -0.130449 22.4348 
-0.135794 0.00253588 0.990734 44.1209 0.0910694 0.995795 0.0099334 -0.721251 -0.986543 0.0915744 -0.135454 22.2732 
-0.140338 0.00341078 0.990098 45.5312 0.0913594 0.995772 0.00951899 -0.711103 -0.98588 0.0917906 -0.140056 22.0966 
-0.143797 0.00237317 0.989604 47.0322 0.0912203 0.995771 0.010867 -0.697115 -0.985394 0.0918347 -0.143406 21.9243 
-0.146283 0.00042743 0.989243 48.461 0.0917765 0.995693 0.0131411 -0.689058 -0.984976 0.0927116 -0.145692 21.7296 
-0.148928 -0.000574212 0.988848 49.9528 0.0915005 0.995701 0.0143588 -0.664902 -0.984605 0.0926185 -0.148235 21.5446 
-0.151242 0.000276153 0.988497 51.4336 0.0942613 0.995447 0.014144 -0.650652 -0.983992 0.0953161 -0.15058 21.3469 
-0.152257 -4.81561e-05 0.988341 52.9784 0.0934628 0.995518 0.0144467 -0.629304 -0.983912 0.0945727 -0.15157 21.1333 
-0.153089 0.001185 0.988212 54.507 0.0950644 0.995379 0.0135333 -0.626078 -0.983629 0.0960155 -0.152495 20.9146 
-0.153776 0.00110403 0.988105 56.0405 0.0949656 0.995387 0.013667 -0.632642 -0.983532 0.0959376 -0.153172 20.7429 
-0.153336 0.00241369 0.988171 57.5637 0.0944912 0.99545 0.0122308 -0.626932 -0.983646 0.0952489 -0.152866 20.5301 
-0.152511 0.00277836 0.988298 59.1226 0.0955881 0.995349 0.0119526 -0.596914 -0.983668 0.0962924 -0.152067 20.3286 
-0.151791 0.00168574 0.988411 60.7375 0.0945918 0.995433 0.0128287 -0.592092 -0.983876 0.0954428 -0.151257 20.1513 
-0.151091 0.00258403 0.988516 62.3403 0.0956434 0.995343 0.0120168 -0.573657 -0.983882 0.0963607 -0.150635 19.9328 
-0.15017 0.00317875 0.988655 63.9352 0.0958606 0.99533 0.0113603 -0.573014 -0.984002 0.096479 -0.149773 19.7191 
-0.149288 0.00384898 0.988786 65.568 0.0970029 0.995226 0.0107715 -0.562385 -0.984024 0.0975232 -0.148949 19.498 
-0.147776 0.00398262 0.989013 67.2471 0.0967117 0.995258 0.0104426 -0.538583 -0.984281 0.0971923 -0.14746 19.2391 
-0.147281 0.00240978 0.989092 68.9158 0.0987557 0.995036 0.012281 -0.519736 -0.984152 0.0994872 -0.146788 19.0204 
-0.146898 0.000173907 0.989152 70.6114 0.100266 0.994852 0.0147155 -0.512595 -0.984057 0.10134 -0.146159 18.7921 
-0.145348 0.00141675 0.989379 72.3388 0.102168 0.994674 0.013585 -0.500747 -0.984091 0.103058 -0.144719 18.5102 
-0.144607 0.00346676 0.989483 74.047 0.103949 0.994514 0.0117071 -0.482796 -0.984014 0.104549 -0.144174 18.2866 
-0.143849 0.00312449 0.989595 75.7512 0.103431 0.994565 0.0118947 -0.473935 -0.98418 0.104066 -0.14339 18.0617 
-0.144183 0.00327443 0.989546 77.4594 0.103776 0.99453 0.0118298 -0.460069 -0.984094 0.104397 -0.143734 17.841 
-0.143681 0.00234681 0.989621 79.2334 0.104024 0.994493 0.0127446 -0.44605 -0.984142 0.104775 -0.143134 17.6082 
-0.144012 0.00223758 0.989573 80.967 0.105321 0.994352 0.0130789 -0.44167 -0.983955 0.106107 -0.143434 17.399 
-0.143718 0.00205845 0.989616 82.7445 0.106354 0.994238 0.0133772 -0.432228 -0.983887 0.107172 -0.143109 17.1498 
-0.143798 0.00329212 0.989601 84.5114 0.106463 0.994242 0.0121625 -0.419797 -0.983864 0.107105 -0.143321 16.9223 
-0.144279 0.003932 0.989529 86.319 0.106263 0.994271 0.0115429 -0.416985 -0.983815 0.106816 -0.143871 16.692 
-0.145238 0.00443658 0.989387 88.1623 0.105587 0.994349 0.0110408 -0.408829 -0.983747 0.10607 -0.144885 16.4462 
-0.146192 0.00531258 0.989242 89.9759 0.104905 0.99443 0.0101625 -0.399315 -0.983678 0.105262 -0.145935 16.1915 
-0.147022 0.00460407 0.989122 91.83 0.104154 0.994502 0.0108521 -0.390546 -0.983634 0.104616 -0.146694 15.9429 
-0.148157 0.0041317 0.988955 93.659 0.104384 0.994471 0.011483 -0.395105 -0.98344 0.104932 -0.147769 15.7007 
-0.148254 0.00286879 0.988945 95.4723 0.102147 0.994692 0.0124274 -0.39504 -0.98366 0.10286 -0.14776 15.4432 
-0.149961 0.00385479 0.988684 97.3003 0.1017 0.994748 0.011547 -0.381805 -0.983447 0.10228 -0.149565 15.1908 
-0.15198 0.00467806 0.988372 99.1487 0.101268 0.9948 0.0108633 -0.370214 -0.983182 0.101742 -0.151663 14.9131 
-0.155807 0.00570167 0.987771 101.036 0.102255 0.994704 0.0103875 -0.364066 -0.98248 0.102623 -0.155565 14.6272 
-0.160431 0.00473591 0.987036 102.924 0.100143 0.994906 0.0115033 -0.359104 -0.981954 0.10069 -0.160088 14.3614 
-0.165571 0.00395823 0.98619 104.822 0.0975061 0.995158 0.0123759 -0.354386 -0.981366 0.0982086 -0.165155 14.0844 
-0.17006 0.0047027 0.985422 106.717 0.09628 0.995283 0.0118658 -0.35029 -0.980719 0.0968944 -0.169711 13.7792 
-0.17464 0.00640207 0.984611 108.636 0.0975417 0.995172 0.0108301 -0.348614 -0.979789 0.097932 -0.174422 13.4709 
-0.179082 0.00835647 0.983799 110.578 0.0973142 0.995211 0.00926073 -0.341109 -0.979009 0.097396 -0.179037 13.1402 
-0.18405 0.00831192 0.982882 112.484 0.0960453 0.995331 0.00956777 -0.350233 -0.978213 0.0961622 -0.183989 12.8185 
-0.188583 0.00796344 0.982025 114.395 0.094206 0.995502 0.0100181 -0.347793 -0.977528 0.0944019 -0.188485 12.4806 
-0.193884 0.00706423 0.980999 116.349 0.0922996 0.99567 0.0110721 -0.348654 -0.976673 0.0926926 -0.193697 12.1198 
-0.199507 0.00688054 0.979872 118.355 0.0920387 0.995686 0.0117479 -0.333743 -0.975564 0.0925299 -0.199279 11.7391 
-0.204733 0.00659831 0.978796 120.326 0.0921699 0.995664 0.0125669 -0.326778 -0.974469 0.0927884 -0.204453 11.3518 
-0.21029 0.00807169 0.977606 122.299 0.0924143 0.995652 0.0116582 -0.317152 -0.973261 0.0927964 -0.210122 10.9541 
-0.215616 0.00910659 0.976436 124.27 0.0924136 0.995659 0.0111208 -0.311644 -0.972095 0.0926338 -0.215522 10.5501 
-0.221586 0.00931605 0.975096 126.257 0.0931512 0.995584 0.0116563 -0.300941 -0.970681 0.0934143 -0.221475 10.1289 
-0.226843 0.00907731 0.973889 128.235 0.0917599 0.995708 0.0120924 -0.295476 -0.969599 0.092107 -0.226702 9.70257 
-0.232272 0.00986989 0.972601 130.261 0.0911634 0.995768 0.0116661 -0.283806 -0.968369 0.0913753 -0.232188 9.25767 
-0.237564 0.0105195 0.971315 132.264 0.0904208 0.995839 0.0113299 -0.276196 -0.967154 0.0905187 -0.237527 8.81362 
-0.24172 0.0103159 0.970291 134.244 0.0915326 0.995727 0.0122164 -0.261769 -0.966019 0.0917662 -0.241632 8.34368 
-0.245428 0.0102876 0.96936 136.215 0.0937517 0.995508 0.0131715 -0.25888 -0.964871 0.0941118 -0.245291 7.86276 
-0.24845 0.011186 0.96858 138.217 0.0952142 0.995373 0.0129278 -0.249226 -0.963954 0.0954345 -0.248366 7.36121 
-0.250124 0.0120621 0.968139 140.298 0.0965775 0.995246 0.0125515 -0.241502 -0.963385 0.0966399 -0.2501 6.76868 
-0.253309 0.0118204 0.967313 142.332 0.0959708 0.9953 0.0129693 -0.240206 -0.962613 0.0961191 -0.253253 6.26404 
-0.257052 0.0122213 0.96632 144.365 0.0948898 0.995407 0.0126526 -0.240873 -0.961728 0.0949463 -0.257032 5.74102 
-0.261764 0.0130308 0.965044 146.41 0.0935605 0.995542 0.0119352 -0.236485 -0.960586 0.0934142 -0.261816 5.22862 
-0.265943 0.0127034 0.963905 148.426 0.0929912 0.995588 0.0125354 -0.240522 -0.959493 0.0929684 -0.265951 4.70068 
-0.270925 0.0131083 0.962511 150.434 0.0927106 0.995614 0.0125367 -0.243279 -0.958126 0.0926316 -0.270952 4.16781 
-0.275214 0.0136922 0.961285 152.466 0.0925571 0.995631 0.0123174 -0.242234 -0.956917 0.0923637 -0.275279 3.61229 
-0.279454 0.0139108 0.960058 154.479 0.092196 0.995663 0.0124097 -0.239011 -0.955722 0.0919814 -0.279525 3.05449 
-0.283736 0.0130802 0.958813 156.532 0.0915809 0.995706 0.0135175 -0.228498 -0.954519 0.0916443 -0.283716 2.49513 
-0.287727 0.0133687 0.957619 158.546 0.0935645 0.995512 0.0142146 -0.231635 -0.953131 0.0936891 -0.287686 1.92265 
-0.291681 0.0141011 0.956412 160.583 0.0954046 0.995334 0.0144208 -0.241412 -0.951746 0.0954524 -0.291665 1.35217 
-0.295344 0.0152143 0.95527 162.625 0.0943716 0.995448 0.0133229 -0.223347 -0.950719 0.0940852 -0.295435 0.7555 
-0.298667 0.0168251 0.954209 164.662 0.09441 0.995461 0.0119977 -0.216735 -0.949676 0.0936702 -0.2989 0.152567 
-0.302347 0.0178719 0.95303 166.697 0.0950858 0.995403 0.0114992 -0.224103 -0.948443 0.0940965 -0.302657 -0.440551 
-0.305629 0.0184709 0.951971 168.77 0.0946782 0.995446 0.0110818 -0.226833 -0.947432 0.0935179 -0.305986 -1.07412 
-0.308938 0.0190847 0.950891 170.828 0.0953408 0.995384 0.0109978 -0.213261 -0.946291 0.0940563 -0.309331 -1.72077 
-0.312931 0.0192067 0.949581 172.884 0.0945993 0.995454 0.0110402 -0.206925 -0.945053 0.0932846 -0.313326 -2.36333 
-0.316725 0.0196706 0.948313 174.99 0.0967365 0.995242 0.0116647 -0.223291 -0.943572 0.095431 -0.317121 -3.02217 
-0.319668 0.0196494 0.947326 177.064 0.0982792 0.99508 0.0125237 -0.223824 -0.942419 0.0971058 -0.320027 -3.69541 
-0.321921 0.019354 0.946569 179.222 0.0994759 0.994948 0.0134878 -0.227134 -0.941526 0.0985028 -0.32222 -4.40597 
-0.324741 0.0186292 0.945619 181.312 0.0988039 0.995004 0.0143288 -0.224034 -0.940628 0.0980841 -0.32496 -5.10058 
-0.32718 0.0193111 0.944765 183.465 0.0985761 0.995034 0.013799 -0.216882 -0.939806 0.0976459 -0.327458 -5.821 
-0.329908 0.021172 0.943776 185.535 0.0967189 0.995245 0.0114826 -0.212679 -0.939045 0.0950692 -0.330387 -6.51774 
-0.333441 0.0230263 0.94249 187.615 0.0962995 0.995305 0.00975278 -0.216324 -0.93784 0.0940132 -0.334092 -7.20611 
-0.336475 0.0235591 0.941398 189.746 0.0954987 0.995387 0.0092229 -0.227827 -0.936837 0.0930055 -0.337173 -7.92946 
-0.339937 0.0245784 0.940127 191.879 0.0940415 0.995536 0.00797698 -0.239433 -0.935734 0.0911226 -0.340731 -8.64542 
-0.343609 0.0241101 0.938803 193.983 0.0946593 0.995468 0.00908054 -0.26157 -0.93433 0.0919866 -0.344334 -9.37476 
-0.347297 0.0234406 0.937462 196.095 0.0942324 0.9955 0.010018 -0.261772 -0.933009 0.0918186 -0.347943 -10.1229 
-0.350498 0.0228372 0.936285 198.257 0.0936001 0.995552 0.0107563 -0.258504 -0.931874 0.0914065 -0.351077 -10.904 
-0.354107 0.0223474 0.934938 200.347 0.0937751 0.995524 0.0117215 -0.277768 -0.930492 0.0918246 -0.354618 -11.6567 
-0.358282 0.0221197 0.933351 202.422 0.0922149 0.995669 0.0118015 -0.290647 -0.929048 0.0902971 -0.35877 -12.3858 
-0.361798 0.0222863 0.93199 204.543 0.0913187 0.995754 0.0116388 -0.304573 -0.927773 0.089319 -0.362297 -13.1683 
-0.365381 0.0226203 0.930583 206.623 0.091371 0.995748 0.0116712 -0.334249 -0.926363 0.0892928 -0.365894 -13.9219 
-0.368265 0.0228789 0.929439 208.703 0.0918213 0.995705 0.0118716 -0.356949 -0.925175 0.0897142 -0.368784 -14.7025 
-0.370755 0.0228049 0.92845 210.818 0.0933836 0.995547 0.0128376 -0.356549 -0.924024 0.0914616 -0.371234 -15.5054 
-0.372915 0.0223103 0.927597 212.99 0.0947877 0.995397 0.0141657 -0.351263 -0.923011 0.0932074 -0.373313 -16.3584 
-0.375175 0.0235132 0.926656 215.183 0.0967637 0.99521 0.0139239 -0.341813 -0.92189 0.0948905 -0.375653 -17.2331 
-0.378228 0.0244354 0.92539 217.321 0.0962218 0.995274 0.0130472 -0.337263 -0.920698 0.0939776 -0.378792 -18.0738 
-0.380424 0.024761 0.924481 219.502 0.0962136 0.995277 0.0129346 -0.340229 -0.919794 0.0938683 -0.381009 -18.9476 
-0.383216 0.025792 0.923298 221.633 0.0956075 0.995348 0.0118773 -0.359417 -0.918697 0.0928259 -0.383899 -19.7804 
-0.386536 0.0273169 0.921869 223.578 0.0955531 0.995368 0.0105701 -0.352711 -0.917311 0.0921733 -0.387356 -20.5415 
-0.389205 0.0268762 0.920759 225.595 0.0933251 0.995581 0.0103883 -0.378317 -0.916411 0.0899731 -0.389993 -21.342 
-0.392542 0.0274632 0.919324 227.588 0.0940557 0.995512 0.0104216 -0.414095 -0.914912 0.0905586 -0.393363 -22.1203 
-0.395241 0.0270788 0.918178 229.643 0.0955711 0.995353 0.0117849 -0.418754 -0.913592 0.0924092 -0.395992 -22.9399 
-0.398341 0.0263214 0.916859 231.634 0.0963184 0.995262 0.0132745 -0.416678 -0.912166 0.0935982 -0.398989 -23.7541 
-0.401781 0.025841 0.915371 233.628 0.094726 0.995412 0.0134772 -0.430052 -0.910823 0.0921244 -0.402386 -24.5649 
-0.404564 0.0257448 0.914147 235.733 0.0934322 0.995537 0.0133123 -0.442202 -0.909724 0.0907965 -0.405163 -25.4589 
-0.408178 0.025168 0.912555 237.809 0.0920638 0.995659 0.0137193 -0.449156 -0.908248 0.0896132 -0.408723 -26.3372 
-0.411346 0.0248397 0.911141 239.91 0.0916331 0.995691 0.014224 -0.439642 -0.906862 0.0893417 -0.411849 -27.2374 
-0.414675 0.0246334 0.909636 241.981 0.0909168 0.995753 0.0144806 -0.453214 -0.905416 0.0887059 -0.415154 -28.1651 
-0.419214 0.0242256 0.907564 244.076 0.0904845 0.995782 0.0152154 -0.47332 -0.903367 0.088499 -0.419638 -29.0458 
-0.422807 0.0238089 0.905907 246.193 0.0897201 0.995843 0.0157018 -0.472749 -0.901767 0.0879169 -0.423186 -29.9938 
-0.42671 0.0237334 0.904077 248.349 0.0890253 0.995903 0.0158746 -0.467891 -0.899996 0.0872596 -0.427075 -30.9765 
-0.430304 0.0246254 0.902348 250.511 0.088979 0.995917 0.0152526 -0.456231 -0.898288 0.0868533 -0.430738 -31.9824 
-0.433764 0.0255863 0.900663 252.692 0.0899866 0.995829 0.0150482 -0.441485 -0.896522 0.087575 -0.434257 -32.9957 
-0.437691 0.0253099 0.898769 254.782 0.0896947 0.995846 0.0156367 -0.452071 -0.89464 0.0874589 -0.438144 -33.9519 
-0.441478 0.0256582 0.896905 256.849 0.0886667 0.995946 0.0151522 -0.455689 -0.892881 0.086215 -0.441963 -34.8953 
-0.445183 0.0261177 0.895058 259.001 0.0889594 0.995919 0.0151857 -0.449953 -0.891009 0.0863843 -0.44569 -35.9148 
-0.448587 0.0267644 0.893338 261.149 0.0891649 0.995905 0.0149364 -0.428788 -0.88928 0.0863547 -0.449136 -36.9355 
-0.452425 0.0277928 0.891369 263.352 0.0905063 0.995784 0.014889 -0.419843 -0.887198 0.0874107 -0.453033 -37.9545 
-0.455736 0.0301711 0.889604 265.42 0.093191 0.99555 0.0139765 -0.415543 -0.885223 0.0892726 -0.456519 -38.9831 
-0.458635 0.0309361 0.888086 267.508 0.0942454 0.995451 0.0139951 -0.409174 -0.883613 0.0901167 -0.459464 -39.9933 
-0.461279 0.0331838 0.886634 269.599 0.0958206 0.995319 0.0125999 -0.400036 -0.882066 0.0907699 -0.4623 -41.036 
-0.462724 0.0359951 0.885771 271.754 0.0977928 0.99515 0.0106468 -0.387402 -0.881092 0.0915486 -0.464 -42.1381 
-0.466141 0.0365748 0.883954 273.847 0.0984529 0.995084 0.0107448 -0.387784 -0.879215 0.0920365 -0.46745 -43.1581 
-0.469077 0.0376015 0.882356 276.006 0.0986353 0.995073 0.0100313 -0.375315 -0.877632 0.091737 -0.470474 -44.2783 
-0.472622 0.0376537 0.88046 278.199 0.0978662 0.995149 0.00997504 -0.362835 -0.875814 0.0908818 -0.474015 -45.3796 
-0.476009 0.0393358 0.87856 280.36 0.0986395 0.995083 0.00889049 -0.353585 -0.873891 0.0908927 -0.477549 -46.5138 
-0.478781 0.039507 0.877045 282.523 0.0979906 0.99515 0.00866624 -0.359477 -0.872448 0.0900914 -0.48033 -47.6747 
-0.481412 0.0394757 0.875605 284.692 0.0960414 0.995346 0.00792994 -0.34857 -0.871217 0.0879119 -0.482963 -48.8394 
-0.483503 0.0403022 0.874414 286.831 0.0974186 0.995211 0.00799727 -0.332711 -0.869905 0.089051 -0.485114 -49.9889 
-0.486159 0.0405652 0.872928 288.99 0.0991024 0.995037 0.00895324 -0.346522 -0.868233 0.090862 -0.487766 -51.0855 
-0.488376 0.0406746 0.871685 291.095 0.100193 0.994921 0.00970944 -0.349593 -0.866862 0.0920783 -0.48997 -52.2179 
-0.490905 0.0399557 0.870296 293.234 0.0995631 0.994976 0.0104803 -0.35737 -0.865505 0.0917943 -0.492417 -53.3177 
-0.492754 0.0392204 0.869284 295.416 0.0999931 0.994918 0.0117923 -0.360614 -0.864404 0.0927331 -0.494172 -54.5231 
-0.495436 0.0396657 0.867738 297.649 0.102146 0.994686 0.0128517 -0.369551 -0.862618 0.0950035 -0.496855 -55.7347 
-0.49765 0.0398866 0.86646 299.8 0.102508 0.994646 0.0130878 -0.346545 -0.861299 0.0953322 -0.499075 -56.9003 
-0.499678 0.0408621 0.865247 301.95 0.102162 0.994695 0.0120228 -0.335736 -0.860166 0.0944028 -0.501202 -58.0949 
-0.502447 0.0432195 0.863527 304.109 0.101666 0.994774 0.0093663 -0.326469 -0.85861 0.0924975 -0.504215 -59.265 
-0.505695 0.0423512 0.861672 306.183 0.0998787 0.994952 0.00971442 -0.338247 -0.856911 0.0909753 -0.507372 -60.4652 
-0.509733 0.0403287 0.859387 308.394 0.0976411 0.995158 0.0112143 -0.339093 -0.854774 0.0896278 -0.511203 -61.7281 
-0.51441 0.0377592 0.856712 310.634 0.0951749 0.995372 0.0132768 -0.328685 -0.852246 0.0883672 -0.515623 -63.0205 
-0.519183 0.0362327 0.853894 312.852 0.093481 0.995514 0.0145961 -0.32412 -0.849535 0.087401 -0.520242 -64.3114 
-0.523357 0.0360646 0.85135 315.049 0.0937501 0.995476 0.0154617 -0.315641 -0.846941 0.0879062 -0.52437 -65.6136 
-0.527523 0.0375704 0.848709 317.298 0.0964562 0.99521 0.0158976 -0.308367 -0.844047 0.0902497 -0.52862 -66.949 
-0.531547 0.0396075 0.846102 319.543 0.101015 0.994741 0.016895 -0.323499 -0.840984 0.0944495 -0.532753 -68.294 
-0.535196 0.0399916 0.843781 321.72 0.10233 0.994592 0.0177669 -0.303656 -0.838507 0.0958531 -0.536394 -69.6206 
-0.53913 0.0378419 0.841372 323.889 0.100828 0.994705 0.0198696 -0.281497 -0.836165 0.095546 -0.540091 -70.9618 
-0.542832 0.0359569 0.839071 326.015 0.0988511 0.994874 0.0213176 -0.251514 -0.834003 0.094515 -0.543604 -72.3214 
-0.546755 0.0356841 0.836532 328.196 0.0977641 0.994978 0.0214553 -0.227055 -0.831566 0.0935136 -0.547498 -73.7023 
-0.550798 0.0346858 0.833917 330.376 0.0962684 0.995108 0.0221944 -0.208971 -0.829068 0.0925045 -0.551443 -75.0935 
-0.554958 0.0338267 0.83119 332.629 0.0964587 0.99505 0.0239069 -0.193547 -0.826267 0.0934428 -0.555474 -76.5373 
-0.559421 0.0330343 0.828225 334.855 0.0950932 0.995166 0.0245372 -0.158859 -0.823411 0.0924852 -0.559858 -77.9769 
-0.562997 0.0314353 0.82586 337.025 0.0931956 0.995317 0.0256469 -0.140851 -0.821187 0.0914057 -0.563291 -79.413 
-0.566413 0.0302132 0.823567 339.181 0.0919033 0.99541 0.0266896 -0.117185 -0.818981 0.0908059 -0.56659 -80.8615 
-0.570186 0.0292242 0.820995 341.288 0.0921293 0.995337 0.0285542 -0.105592 -0.816333 0.091919 -0.57022 -82.2595 
-0.573948 0.0282403 0.818404 343.387 0.0923467 0.995262 0.0304198 -0.0892948 -0.813668 0.0930364 -0.573837 -83.6668 
-0.577698 0.0272615 0.815795 345.481 0.0925555 0.995184 0.0322862 -0.0682896 -0.810986 0.094158 -0.577439 -85.0835 
-0.580545 0.0271905 0.813774 347.664 0.0899003 0.995472 0.0308732 -0.0145834 -0.80925 0.0910818 -0.580361 -86.5956 
-0.583157 0.0244611 0.811991 349.822 0.0876929 0.995601 0.0329871 0.030764 -0.807612 0.0904425 -0.582737 -88.0546 
-0.586311 0.0238505 0.809735 352.053 0.087965 0.99553 0.0343705 0.0974928 -0.805296 0.0913801 -0.585789 -89.6238 
-0.58938 0.0234591 0.807515 354.246 0.0861645 0.995702 0.0339626 0.163258 -0.803248 0.0895961 -0.588868 -91.1662 
-0.59226 0.0223207 0.805438 356.388 0.0841783 0.99586 0.0343008 0.217753 -0.801338 0.0881154 -0.591687 -92.6998 
-0.5951 0.0189304 0.803428 358.499 0.082249 0.995908 0.0374562 0.275772 -0.799431 0.0883714 -0.594222 -94.211 
-0.598391 0.016171 0.801041 360.534 0.0789227 0.996123 0.0388472 0.331126 -0.797308 0.0864661 -0.597348 -95.6755 
-0.601432 0.0154672 0.798774 362.69 0.0772709 0.996251 0.0388895 0.406002 -0.795178 0.0851115 -0.600373 -97.2342 
-0.604094 0.0151166 0.79677 364.714 0.0762985 0.996324 0.0389452 0.460595 -0.793252 0.0843189 -0.603027 -98.7601 
-0.607366 0.014752 0.794285 366.84 0.0760414 0.996316 0.0396423 0.533673 -0.790775 0.084476 -0.60625 -100.293 
-0.610296 0.0138834 0.792052 368.96 0.0750198 0.996366 0.0403399 0.603127 -0.788613 0.0840389 -0.609119 -101.855 
-0.613295 0.012398 0.789757 370.999 0.0716935 0.996623 0.0400288 0.66757 -0.786594 0.0811699 -0.612112 -103.369 
-0.616609 0.0087265 0.787221 373.045 0.0619201 0.997378 0.0374441 0.711695 -0.784831 0.0718332 -0.615532 -104.906 
-0.619683 0.011785 0.784764 375.133 0.0546428 0.998109 0.0281594 0.767429 -0.782948 0.0603316 -0.619155 -106.494 
-0.621253 0.0219674 0.783302 377.083 0.0652438 0.997586 0.0237691 0.820385 -0.780889 0.0658723 -0.621186 -108.086 
-0.620194 0.0229346 0.784113 379.234 0.0720779 0.99701 0.0278483 0.866254 -0.78113 0.0737886 -0.619993 -109.788 
-0.62224 0.0136678 0.782707 381.387 0.070988 0.996713 0.0390295 0.926484 -0.779601 0.0798485 -0.621165 -111.443 
-0.625093 0.00303499 0.780544 383.503 0.0649047 0.996731 0.0481028 1.00629 -0.777847 0.0807298 -0.623247 -113.084 
-0.628832 -0.00200922 0.777539 385.568 0.0601181 0.996877 0.0511963 1.12533 -0.775214 0.078938 -0.626747 -114.665 
-0.631322 -0.00231773 0.775517 387.608 0.0593919 0.996914 0.0513282 1.21619 -0.773243 0.0784641 -0.629236 -116.27 
-0.634282 0.00290447 0.773096 389.653 0.0646366 0.996691 0.0492861 1.28308 -0.770395 0.0812316 -0.632371 -117.883 
-0.637711 0.00776194 0.770236 391.594 0.0702777 0.996365 0.0481451 1.31693 -0.767063 0.0848331 -0.635939 -119.395 
-0.64017 0.010651 0.768159 393.688 0.0712414 0.996418 0.0455552 1.41196 -0.764923 0.0838878 -0.638636 -121.088 
-0.642661 0.010707 0.766076 395.726 0.0711544 0.996415 0.0457651 1.48817 -0.762839 0.0839211 -0.641119 -122.738 
-0.644137 0.0106135 0.764836 397.726 0.0707794 0.996441 0.0457821 1.5466 -0.761628 0.0836246 -0.642596 -124.427 
-0.646162 0.00959526 0.763139 399.85 0.0704699 0.996399 0.0471399 1.65167 -0.759939 0.0842384 -0.644512 -126.164 
-0.647353 0.0104356 0.762118 401.81 0.0717101 0.996305 0.0472691 1.72835 -0.758809 0.0852514 -0.64571 -127.818 
-0.648798 0.0104913 0.760888 403.837 0.0718573 0.996281 0.0475346 1.78498 -0.75756 0.0855157 -0.64714 -129.388 
-0.650965 0.0101465 0.75904 405.55 0.0718513 0.996245 0.0483034 1.7951 -0.7557 0.0859818 -0.64925 -130.799 
-0.653178 0.0080917 0.757161 407.283 0.0695672 0.996355 0.0493653 1.8288 -0.754002 0.084918 -0.65136 -132.281 
-0.653534 0.0071416 0.756863 409.245 0.0708939 0.996137 0.0518159 1.92159 -0.753569 0.0875205 -0.651516 -133.962 
-0.654302 0.00647644 0.756205 411.125 0.0721424 0.995937 0.0538911 1.99373 -0.752784 0.0898155 -0.652111 -135.557 
-0.654956 0.00767678 0.755628 412.646 0.0719768 0.996036 0.0522681 2.11852 -0.752231 0.088621 -0.652912 -137.005 
-0.655996 0.00723004 0.75473 414.279 0.0678091 0.996475 0.0493924 2.14485 -0.751712 0.0835788 -0.654174 -138.413 
-0.65854 0.00587713 0.752522 416.142 0.0639248 0.996792 0.0481564 2.2036 -0.749825 0.0798178 -0.656804 -139.865 
-0.659288 0.00550119 0.75187 418.028 0.0642312 0.99673 0.0490293 2.26536 -0.749142 0.080618 -0.657486 -141.487 
-0.660024 0.00430487 0.751232 419.958 0.0627836 0.996801 0.0494488 2.33787 -0.748617 0.0798025 -0.658183 -143.136 
-0.660478 0.00320184 0.750839 421.976 0.0590561 0.997114 0.0476968 2.44014 -0.748519 0.0758443 -0.658761 -144.875 
-0.661566 0.00304133 0.749881 424.005 0.0588968 0.997113 0.0479163 2.52553 -0.74757 0.0758654 -0.659835 -146.584 
-0.661663 0.00168249 0.7498 426.055 0.0588632 0.997028 0.0497067 2.63433 -0.747487 0.0770247 -0.659795 -148.354 
-0.660853 -3.35484e-06 0.750516 427.912 0.0612866 0.99666 0.0539691 2.70349 -0.748009 0.0816622 -0.658645 -150.01 
-0.659948 0.000234508 0.751311 429.988 0.067172 0.996014 0.0586926 2.85111 -0.748303 0.0892012 -0.657333 -151.818 
-0.658259 -0.000508836 0.752791 431.99 0.0708085 0.995524 0.0625895 2.98413 -0.749454 0.0945041 -0.655277 -153.557 
-0.656078 -0.00252145 0.754688 433.998 0.0653838 0.996044 0.0601683 3.11383 -0.751855 0.0888195 -0.653318 -155.267 
-0.654991 -0.00361681 0.755628 436.053 0.0572672 0.996875 0.0544117 3.23223 -0.753463 0.0789119 -0.652737 -156.992 
-0.652829 -0.00512898 0.757488 438.071 0.0524356 0.997272 0.0519433 3.34957 -0.755688 0.0736294 -0.650779 -158.691 
-0.649574 -0.00400915 0.760288 440.067 0.0531598 0.997299 0.0506775 3.4494 -0.758438 0.0733356 -0.647606 -160.382 
-0.646676 -0.00388489 0.762755 442.114 0.05404 0.997241 0.0508952 3.55498 -0.760848 0.074132 -0.644682 -162.087 
-0.643344 -0.00428333 0.765565 444.098 0.0547046 0.997171 0.0515502 3.6417 -0.76362 0.0750445 -0.641289 -163.762 
-0.640454 -0.00310518 0.76799 446.177 0.0528824 0.99744 0.0481334 3.74427 -0.766174 0.0714404 -0.63865 -165.489 
-0.638554 -0.00739084 0.769541 448.218 0.047239 0.997692 0.0487802 3.83506 -0.768125 0.0675012 -0.636731 -167.153 
-0.636786 -0.0135438 0.770922 450.302 0.0388987 0.998008 0.0496638 3.92348 -0.770059 0.0616131 -0.634991 -168.836 
-0.636498 -0.01684 0.771094 452.37 0.0321044 0.998317 0.0483028 4.01627 -0.77061 0.0555002 -0.634886 -170.476 
-0.636051 -0.0181933 0.771433 454.448 0.0293485 0.998428 0.0477448 4.10665 -0.771089 0.0530085 -0.634517 -172.134 
-0.634877 -0.018564 0.77239 456.514 0.0304331 0.998334 0.0490093 4.19717 -0.772013 0.0546211 -0.633255 -173.812 
-0.633409 -0.0193341 0.773575 458.61 0.0330671 0.998098 0.0520212 4.28732 -0.77311 0.0585306 -0.631566 -175.489 
-0.631469 -0.0213645 0.775107 460.618 0.0314343 0.998093 0.0531198 4.38852 -0.774764 0.0579084 -0.629593 -177.101 
-0.630163 -0.0216552 0.776161 462.629 0.0292326 0.998241 0.0515852 4.48454 -0.775913 0.0551963 -0.628421 -178.718 
-0.629064 -0.0205009 0.777083 464.802 0.0281823 0.998393 0.0491535 4.59991 -0.776843 0.0528207 -0.627475 -180.444 
-0.627915 -0.0189018 0.778052 466.879 0.0294102 0.998415 0.0479902 4.6941 -0.777726 0.0530165 -0.626364 -182.082 
-0.625963 -0.0175973 0.779654 468.94 0.0321356 0.998314 0.0483333 4.81331 -0.77919 0.0553095 -0.624342 -183.731 
-0.62404 -0.0175974 0.781194 471.041 0.0339881 0.998189 0.049636 4.91664 -0.780653 0.0575262 -0.622312 -185.425 
-0.622839 -0.0175447 0.782153 473.202 0.034367 0.99817 0.0497571 5.0239 -0.781594 0.0578709 -0.621097 -187.085 
-0.62098 -0.0189169 0.783598 475.263 0.0333052 0.998169 0.0504903 5.12693 -0.783118 0.0574514 -0.619213 -188.699 
-0.618716 -0.0193546 0.785376 477.126 0.0333318 0.998149 0.0508566 5.21678 -0.784907 0.0576438 -0.616926 -190.182 
-0.616799 -0.0202991 0.786859 479.215 0.0333528 0.998095 0.0518928 5.31388 -0.786414 0.0582514 -0.614947 -191.808 
-0.615483 -0.0195089 0.787908 481.344 0.032799 0.998193 0.0503369 5.41667 -0.787467 0.0568241 -0.613732 -193.464 
-0.614484 -0.0183054 0.788717 483.463 0.0322984 0.998309 0.0483333 5.53455 -0.788268 0.0551743 -0.612853 -195.118 
-0.611406 -0.0182563 0.791106 485.646 0.0338602 0.998215 0.0492045 5.64173 -0.790592 0.056871 -0.609696 -196.876 
-0.609876 -0.019491 0.792257 487.966 0.0327574 0.998223 0.0497746 5.77385 -0.79182 0.0563086 -0.608154 -198.712 
-0.610018 -0.0212153 0.792103 490.219 0.0302739 0.998288 0.0500523 5.89653 -0.791809 0.0545129 -0.608331 -200.375 
-0.610289 -0.0217895 0.791879 492.334 0.0296003 0.998296 0.0502817 5.97969 -0.791626 0.0541262 -0.608604 -201.91 
-0.610069 -0.0211163 0.792067 494.393 0.0299004 0.998319 0.0496449 6.07585 -0.791784 0.0539699 -0.608412 -203.473 
-0.610221 -0.0206096 0.791963 496.564 0.0303997 0.998316 0.049403 6.17373 -0.791648 0.0542222 -0.608567 -205.094 
-0.609504 -0.0221725 0.792473 498.261 0.0303695 0.998222 0.0512868 6.21863 -0.792201 0.0553266 -0.607747 -206.46 
-0.608653 -0.024059 0.793072 499.91 0.0298587 0.998138 0.0531954 6.25526 -0.792874 0.0560576 -0.606801 -207.762 
-0.6078 -0.0259462 0.793666 501.561 0.0293499 0.998049 0.0551043 6.29588 -0.793548 0.0567865 -0.605853 -209.061 
-0.607417 -0.0261152 0.793953 503.711 0.0283299 0.998111 0.0545044 6.41712 -0.793877 0.0555996 -0.605531 -210.658 
-0.606047 -0.0252337 0.795029 505.518 0.0289668 0.998133 0.0537612 6.45614 -0.794901 0.0556112 -0.604185 -212.104 
-0.605934 -0.0248369 0.795127 507.513 0.0296296 0.998114 0.053757 6.53864 -0.794963 0.0561325 -0.604056 -213.603 
-0.605591 -0.0252546 0.795375 509.711 0.0296754 0.998084 0.0542854 6.63496 -0.795222 0.0564779 -0.603682 -215.23 
-0.605059 -0.0245364 0.795803 511.901 0.0300835 0.998107 0.0536467 6.76067 -0.795612 0.0564 -0.603175 -216.854 
-0.604086 -0.0245137 0.796542 513.99 0.0293435 0.998165 0.0529722 6.85711 -0.796379 0.0553731 -0.602258 -218.435 
-0.603793 -0.0255137 0.796733 516.087 0.0290054 0.998123 0.0539441 6.96111 -0.796613 0.0556806 -0.601919 -219.981 
-0.603025 -0.0263105 0.797288 518.319 0.0297445 0.998019 0.0554317 7.06104 -0.797168 0.0571416 -0.601048 -221.661 
-0.602309 -0.0275083 0.797789 520.762 0.0295814 0.99795 0.0567432 7.22512 -0.797715 0.0577767 -0.600261 -223.396 
-0.602167 -0.0269532 0.797915 522.885 0.0295967 0.997989 0.0560474 7.33953 -0.797822 0.0573656 -0.600158 -224.943 
-0.601281 -0.0251552 0.798642 524.516 0.03181 0.997958 0.0553822 7.41749 -0.798404 0.0587051 -0.599253 -226.225 
-0.599925 -0.023429 0.799713 526.025 0.0336712 0.997946 0.0544959 7.47571 -0.799347 0.0596208 -0.597904 -227.4 
-0.599697 -0.024369 0.799856 528.102 0.0331428 0.997922 0.0552523 7.57351 -0.79954 0.0596441 -0.597644 -228.914 
-0.599589 -0.0251541 0.799912 529.814 0.0316457 0.997979 0.0551031 7.67338 -0.799682 0.0583531 -0.597582 -230.307 
-0.598746 -0.0245867 0.800562 531.328 0.0317118 0.998017 0.0543683 7.78529 -0.800311 0.0579401 -0.596779 -231.715 
-0.598285 -0.0254998 0.800877 533.422 0.0321792 0.997922 0.0558127 7.88854 -0.800637 0.0591635 -0.596221 -233.241 
-0.598775 -0.0271831 0.800456 535.541 0.0318689 0.997824 0.0577248 8.01017 -0.800283 0.0600738 -0.596605 -234.777 
-0.598065 -0.0282313 0.80095 537.296 0.0308611 0.997827 0.0582144 8.11417 -0.800853 0.0595342 -0.595894 -236.305 
-0.5964 -0.0300644 0.802124 538.906 0.0288758 0.997848 0.0588702 8.19047 -0.802168 0.0582721 -0.594248 -237.834 
-0.597073 -0.0281821 0.801692 541.055 0.0284688 0.998009 0.0562858 8.302 -0.801682 0.05643 -0.595081 -239.366 
-0.596811 -0.0277883 0.8019 543.194 0.0296164 0.997956 0.056624 8.41087 -0.801835 0.0575433 -0.594768 -240.917 
-0.59684 -0.0300836 0.801796 545.156 0.0297131 0.997783 0.0595548 8.52014 -0.80181 0.0593685 -0.594623 -242.418 
-0.597563 -0.0310896 0.801219 547.126 0.0307462 0.997625 0.0616417 8.61842 -0.801232 0.0614692 -0.595188 -243.826 
-0.598272 -0.032097 0.80065 549.259 0.0316808 0.997469 0.0636601 8.76466 -0.800666 0.0634513 -0.595741 -245.288 
-0.59818 -0.0313055 0.80075 551.464 0.0325862 0.99746 0.0633385 8.90215 -0.800699 0.0639812 -0.59564 -246.899 
-0.598267 -0.0297127 0.800745 553.582 0.0347406 0.997411 0.0629662 9.03038 -0.800543 0.065489 -0.595686 -248.454 
-0.598062 -0.0301003 0.800885 555.733 0.0345979 0.997393 0.0633218 9.16561 -0.800703 0.0655793 -0.595461 -250.01 
-0.597684 -0.0306578 0.801146 557.836 0.0357585 0.997255 0.0648395 9.28637 -0.800934 0.0674013 -0.594947 -251.546 
-0.596743 -0.0319481 0.801796 559.905 0.0350953 0.997212 0.0658544 9.39818 -0.801664 0.0674374 -0.593958 -253.048 
-0.596546 -0.0319297 0.801943 562.021 0.0347547 0.997243 0.0655587 9.52675 -0.801826 0.0669801 -0.593792 -254.514 
-0.595653 -0.0316173 0.802619 564.143 0.0352086 0.997237 0.0654133 9.66827 -0.80247 0.0672228 -0.592894 -256.048 
-0.59607 -0.0327076 0.802266 566.219 0.0349165 0.997169 0.0665959 9.78106 -0.802173 0.0677082 -0.59324 -257.514 
-0.596711 -0.0346971 0.801706 567.735 0.0325155 0.997199 0.0673591 9.82969 -0.801797 0.0662618 -0.593911 -258.651 
-0.597385 -0.0363656 0.80113 569.893 0.0302172 0.997241 0.0677999 9.9751 -0.801385 0.0647106 -0.594638 -260.182 
-0.59634 -0.0357942 0.801933 571.8 0.0301715 0.9973 0.0669507 10.1101 -0.802165 0.0641209 -0.59365 -261.603 
-0.595331 -0.0342323 0.802751 573.711 0.0327021 0.997232 0.0667779 10.2016 -0.802815 0.0660066 -0.592563 -263.052 
-0.595465 -0.0333797 0.802687 575.558 0.0338138 0.99721 0.0665533 10.2575 -0.802669 0.0667721 -0.592675 -264.188 
-0.594368 -0.0346985 0.803444 577.593 0.0332471 0.997154 0.0676596 10.3852 -0.803506 0.0669269 -0.591523 -265.668 
-0.593171 -0.0353326 0.804301 579.717 0.0338154 0.997061 0.0687391 10.532 -0.804366 0.0679718 -0.590233 -267.212 
-0.592432 -0.0344488 0.804884 581.821 0.0337789 0.997144 0.0675403 10.6798 -0.804912 0.0672011 -0.589576 -268.739 
-0.590971 -0.0346936 0.805947 583.919 0.0337353 0.997138 0.0676606 10.804 -0.805987 0.0671743 -0.588109 -270.289 
-0.590005 -0.0348954 0.806645 585.973 0.0329878 0.997189 0.0672666 10.9317 -0.806726 0.0662971 -0.587195 -271.762 
-0.58831 -0.0354436 0.807858 588.07 0.0330498 0.99715 0.0678165 11.057 -0.80796 0.0665967 -0.585462 -273.291 
-0.587342 -0.0361997 0.808528 590.24 0.0323488 0.997151 0.068144 11.2047 -0.808692 0.0661788 -0.584498 -274.813 
-0.586625 -0.0372085 0.809003 592.374 0.0307537 0.9972 0.0681643 11.3527 -0.809274 0.0648667 -0.583838 -276.302 
-0.586811 -0.0383001 0.808817 594.523 0.0286743 0.997271 0.0680277 11.4927 -0.809216 0.0631117 -0.584112 -277.789 
-0.587142 -0.0368779 0.808643 596.651 0.0283721 0.99741 0.066087 11.6422 -0.808986 0.0617454 -0.584576 -279.282 
-0.587051 -0.0371997 0.808695 598.798 0.0285377 0.997372 0.0665949 11.7893 -0.809047 0.062173 -0.584446 -280.79 
-0.586892 -0.0386873 0.80874 600.77 0.0287124 0.997235 0.0685404 11.8954 -0.809156 0.0634467 -0.584159 -282.205 
-0.587053 -0.0400661 0.808557 602.827 0.0272926 0.997227 0.069231 12.0387 -0.809088 0.0627098 -0.584331 -283.638 
-0.586894 -0.0414846 0.8086 604.914 0.0259111 0.997213 0.0699678 12.2211 -0.809249 0.0620153 -0.584183 -285.081 
-0.586228 -0.0393684 0.809189 607.03 0.0264756 0.997354 0.0677035 12.3719 -0.809713 0.0611134 -0.583635 -286.61 
-0.585651 -0.0380853 0.809668 609.174 0.0269335 0.997429 0.0663989 12.5155 -0.810115 0.0606938 -0.58312 -288.083 
-0.584991 -0.0372961 0.810181 611.507 0.0281971 0.997403 0.0662744 12.7065 -0.810549 0.0616147 -0.582421 -289.822 
-0.58468 -0.0379998 0.810374 613.764 0.0285158 0.997322 0.0673401 12.8746 -0.810763 0.0624809 -0.582031 -291.447 
-0.584303 -0.0385193 0.810621 615.902 0.0291992 0.997228 0.0684335 13.0182 -0.81101 0.0636554 -0.581558 -292.962 
-0.584249 -0.0391085 0.810632 618.081 0.0288887 0.997203 0.0689305 13.1623 -0.81106 0.0636906 -0.581485 -294.486 
-0.584307 -0.0385663 0.810616 620.307 0.028718 0.997262 0.0681467 13.3241 -0.811024 0.0630979 -0.5816 -296.056 
-0.583953 -0.0379578 0.8109 622.637 0.0282442 0.997351 0.0670249 13.5152 -0.811296 0.0620426 -0.581334 -297.653 
-0.583945 -0.0363407 0.81098 625.492 0.0299866 0.99735 0.0662838 13.7816 -0.811239 0.0630246 -0.581307 -299.541 
-0.583933 -0.0347236 0.811058 628.347 0.0317288 0.997345 0.0655426 14.0452 -0.811181 0.0640065 -0.581282 -301.428 
-0.584392 -0.0350007 0.810716 630.542 0.0314578 0.997341 0.0657336 14.1924 -0.810861 0.0639176 -0.581737 -302.942 
-0.583951 -0.0356669 0.811005 632.613 0.0303351 0.997378 0.0657055 14.2981 -0.811222 0.0629707 -0.581337 -304.314 
-0.583759 -0.0341482 0.811208 635.245 0.0306027 0.99748 0.0640115 14.5122 -0.81135 0.0621925 -0.581243 -306.157 
-0.583374 -0.0348801 0.811454 637.401 0.0304527 0.997436 0.0647675 14.6325 -0.811632 0.0624947 -0.580816 -307.656 
-0.583345 -0.0343985 0.811496 639.431 0.0319733 0.997356 0.0652609 14.7726 -0.811595 0.0640159 -0.580703 -309.158 
-0.582443 -0.0347419 0.812128 641.591 0.0321282 0.997322 0.0657059 14.9032 -0.812236 0.0643622 -0.579767 -310.674 
-0.581212 -0.0335925 0.813058 643.849 0.0321416 0.99742 0.0641859 15.0599 -0.813117 0.0634387 -0.578633 -312.238 
-0.579729 -0.0323545 0.814166 645.965 0.0327026 0.997482 0.0629253 15.1885 -0.814153 0.063105 -0.577212 -313.751 
-0.578453 -0.0314223 0.81511 648.516 0.0342702 0.997439 0.0627713 15.4409 -0.814995 0.0642442 -0.575895 -315.725 
