1 -4.23778e-08 4.22719e-08 0 -4.23778e-08 1 -4.19404e-08 0 4.22719e-08 -4.19404e-08 1 0 
0.999996 -0.00219851 -0.00144277 -0.0171826 0.00220262 0.999993 0.00291293 -0.0195576 0.00143644 -0.00291618 0.999995 1.53791 
0.99999 -0.00321992 -0.00320245 -0.0349497 0.00323204 0.999987 0.00381226 -0.043997 0.00319022 -0.00382266 0.999988 3.04488 
0.999987 -0.00221501 -0.00452238 -0.0731412 0.00223001 0.999992 0.00333516 -0.0557616 0.00451504 -0.00334528 0.999984 4.53578 
0.99998 -0.00190634 -0.00606727 -0.110246 0.00192519 0.999993 0.00311581 -0.0701976 0.00606138 -0.00312752 0.999977 6.02174 
0.999967 -0.00221344 -0.0077869 -0.134142 0.00223944 0.999992 0.00334328 -0.084405 0.00777952 -0.0033607 0.999964 7.53268 
0.999949 -0.00217501 -0.00980653 -0.152412 0.00221158 0.999991 0.0037281 -0.0986469 0.00979841 -0.00374969 0.999945 9.0474 
0.999921 -0.00470443 -0.0116811 -0.184483 0.00474016 0.999984 0.00304031 -0.122623 0.0116667 -0.00309552 0.999927 10.5458 
0.999891 -0.00614168 -0.0134252 -0.217944 0.00618967 0.999974 0.00354244 -0.142323 0.0134032 -0.00362524 0.999904 12.0503 
0.999873 -0.0063371 -0.0146265 -0.263525 0.00638562 0.999974 0.00327895 -0.155107 0.0146054 -0.00337202 0.999888 13.5543 
0.999859 -0.00558107 -0.0158183 -0.305236 0.00563759 0.999978 0.00353638 -0.178023 0.0157983 -0.00362514 0.999869 15.0289 
0.999846 -0.00461211 -0.0169445 -0.34355 0.00467812 0.999982 0.00386305 -0.190016 0.0169265 -0.0039418 0.999849 16.526 
0.999841 -0.00258609 -0.0176525 -0.392299 0.00266762 0.999986 0.00460118 -0.203949 0.0176404 -0.00464762 0.999834 18.0366 
0.999825 -0.00201763 -0.0186035 -0.432976 0.00211767 0.999983 0.00536389 -0.216857 0.0185924 -0.00540244 0.999812 19.515 
0.99981 -0.00234718 -0.0193595 -0.469559 0.00244914 0.999983 0.00524916 -0.230207 0.0193469 -0.00529566 0.999799 20.971 
0.999793 -0.00184896 -0.020238 -0.511835 0.00195778 0.999984 0.0053624 -0.246244 0.0202278 -0.00540099 0.999781 22.4482 
0.999779 -0.00169039 -0.020958 -0.548893 0.0018146 0.999981 0.00591294 -0.258617 0.0209477 -0.00594975 0.999763 23.9395 
0.999775 -0.000907764 -0.0211967 -0.597494 0.00105518 0.999975 0.00694845 -0.270111 0.02119 -0.00696933 0.999751 25.404 
0.99977 -0.00109458 -0.0214187 -0.64324 0.00121745 0.999983 0.00572795 -0.285228 0.0214121 -0.0057528 0.999754 26.8454 
0.999764 -0.000626691 -0.0217045 -0.688292 0.000708361 0.999993 0.00375917 -0.296282 0.0217021 -0.00377374 0.999757 28.286 
0.999764 -0.00206791 -0.0216308 -0.733577 0.00214411 0.999991 0.00350404 -0.309308 0.0216235 -0.00354967 0.99976 29.7083 
0.999756 -0.00319588 -0.0218392 -0.774847 0.00332855 0.999976 0.00604516 -0.32029 0.0218194 -0.00611647 0.999743 31.15 
0.999748 -0.00546924 -0.0217899 -0.820993 0.00562931 0.999957 0.00729523 -0.336621 0.0217492 -0.00741613 0.999736 32.5459 
0.99974 -0.00602341 -0.0219972 -0.861659 0.00616993 0.999959 0.00660277 -0.347066 0.0219566 -0.00673686 0.999736 33.9488 
0.999742 -0.00578311 -0.0219759 -0.89782 0.0058822 0.999973 0.00445095 -0.3526 0.0219496 -0.00457915 0.999749 35.3812 
0.999763 -0.0046158 -0.0212916 -0.950492 0.0046993 0.999981 0.00387729 -0.374091 0.0212734 -0.00397651 0.999766 36.7293 
0.999777 -0.00384337 -0.0207678 -0.999942 0.00390601 0.999988 0.00298057 -0.393625 0.0207562 -0.00306111 0.99978 38.0853 
0.999803 -0.0028065 -0.0196398 -1.04326 0.00287874 0.999989 0.00365532 -0.401914 0.0196294 -0.00371123 0.9998 39.4441 
0.999826 -0.00267641 -0.0184466 -1.0845 0.00278236 0.99998 0.00572485 -0.418773 0.018431 -0.00577527 0.999813 40.7845 
0.999847 -0.00279382 -0.0172833 -1.11828 0.00290761 0.999974 0.00656692 -0.432388 0.0172646 -0.00661625 0.999829 42.1018 
0.999881 -0.00226475 -0.0152447 -1.15829 0.00237321 0.999972 0.00710584 -0.445606 0.0152283 -0.00714126 0.999858 43.4047 
0.99992 -0.00270846 -0.0123537 -1.18447 0.00278891 0.999975 0.0065058 -0.460488 0.0123359 -0.00653982 0.999902 44.6932 
0.999953 -0.00302405 -0.00916074 -1.19316 0.00306661 0.999984 0.00464487 -0.464627 0.00914664 -0.00467283 0.999947 45.9915 
0.999976 -0.00326582 -0.00603856 -1.2135 0.00328166 0.999991 0.00262924 -0.475577 0.00603001 -0.00264908 0.999978 47.2481 
0.999994 -0.0028602 -0.00186076 -1.23576 0.00286583 0.999991 0.00307825 -0.489846 0.00185203 -0.00308365 0.999993 48.4769 
0.999992 -0.00253803 0.00321077 -1.24218 0.0025285 0.999992 0.00294321 -0.507899 -0.00321813 -0.00293515 0.99999 49.702 
0.999958 -0.00132665 0.00906513 -1.24011 0.00131038 0.999997 0.00179096 -0.52021 -0.0090674 -0.00177909 0.999957 50.9056 
0.999865 -0.000195703 0.0164465 -1.24067 0.000163203 0.999998 0.00197228 -0.540194 -0.0164468 -0.00196941 0.999863 52.1003 
0.999703 0.000625745 0.024364 -1.21892 -0.000692665 0.999996 0.00273479 -0.551957 -0.0243621 -0.00275094 0.999699 53.298 
0.999405 0.00273416 0.0343749 -1.19227 -0.00284337 0.999991 0.00312604 -0.564292 -0.034366 -0.003222 0.999404 54.4747 
0.998878 0.00533655 0.0470625 -1.15112 -0.00547964 0.999981 0.00291013 -0.575093 -0.047046 -0.00316483 0.998888 55.6423 
0.998067 0.00710267 0.0617346 -1.10145 -0.00733494 0.999967 0.0035351 -0.596213 -0.0617073 -0.00398116 0.998086 56.783 
0.996944 0.00943736 0.0775498 -1.02621 -0.00982468 0.999941 0.0046132 -0.606864 -0.0775016 -0.00536109 0.996978 57.9207 
0.995431 0.00910001 0.0950482 -0.936888 -0.009649 0.999939 0.00531691 -0.622345 -0.0949939 -0.00620982 0.995458 59.0328 
0.993431 0.00861258 0.114104 -0.824743 -0.00918701 0.999948 0.00450857 -0.633731 -0.114059 -0.00552731 0.993458 60.1364 
0.990922 0.0076866 0.134218 -0.695748 -0.00825328 0.999959 0.00366552 -0.647692 -0.134184 -0.00474006 0.990945 61.2245 
0.987862 0.00485367 0.15526 -0.542991 -0.00545271 0.999979 0.00343205 -0.660042 -0.15524 -0.00423705 0.987868 62.2874 
0.984283 -0.000147188 0.1766 -0.362959 -0.000849132 0.999984 0.00556558 -0.671951 -0.176598 -0.00562814 0.984267 63.3372 
0.979844 -0.00562598 0.199684 -0.157585 0.00430841 0.999966 0.00703171 -0.684239 -0.199717 -0.00602973 0.979835 64.3796 
0.974683 -0.0110843 0.223316 0.0701519 0.00984681 0.999929 0.00665385 -0.69787 -0.223374 -0.00428651 0.974723 65.3992 
0.968573 -0.0171096 0.248138 0.326571 0.0163318 0.999853 0.00519277 -0.708673 -0.248191 -0.000977112 0.968711 66.3929 
0.961543 -0.0209177 0.273858 0.605197 0.0199856 0.999781 0.00619282 -0.722169 -0.273927 -0.000481509 0.96175 67.3623 
0.953335 -0.0238348 0.300972 0.904511 0.0222354 0.999714 0.00873858 -0.734629 -0.301094 -0.00163863 0.953593 68.3241 
0.944056 -0.0282866 0.328569 1.22883 0.0258971 0.999597 0.0116468 -0.741004 -0.328765 -0.00248638 0.944408 69.2728 
0.933529 -0.031397 0.357123 1.57793 0.0291674 0.999507 0.0116284 -0.748358 -0.357312 -0.00043918 0.933985 70.1935 
0.921809 -0.0307804 0.386421 1.95053 0.0300616 0.999517 0.00790412 -0.752799 -0.386478 0.0043303 0.922289 71.1175 
0.909186 -0.031894 0.415167 2.35 0.0338835 0.999422 0.00257513 -0.758033 -0.415009 0.011726 0.909742 71.9977 
0.895292 -0.0336131 0.44421 2.76438 0.037264 0.999305 0.000512082 -0.768733 -0.443919 0.0160945 0.895922 72.8493 
0.880044 -0.0342507 0.473654 3.21367 0.036811 0.999315 0.00386737 -0.778485 -0.473462 0.0140322 0.880702 73.6943 
0.862772 -0.0330397 0.504512 3.68409 0.0324479 0.999424 0.00996101 -0.790713 -0.50455 0.00777623 0.863347 74.5256 
0.843557 -0.0330823 0.536019 4.18359 0.0305713 0.99944 0.0135724 -0.796048 -0.536168 0.00493767 0.844097 75.332 
0.822864 -0.0267901 0.567606 4.70511 0.0263942 0.999612 0.00891595 -0.802171 -0.567624 0.00764483 0.823252 76.1115 
0.801471 -0.0200153 0.597698 5.25519 0.0236161 0.999719 0.00181018 -0.803996 -0.597567 0.0126644 0.801719 76.8611 
0.779454 -0.0175306 0.626214 5.82939 0.0227372 0.999741 -0.000313935 -0.805733 -0.626047 0.014483 0.779651 77.5897 
0.756492 -0.0201265 0.653693 6.42883 0.0238887 0.99971 0.00313444 -0.818095 -0.653566 0.0132446 0.756753 78.2903 
0.732306 -0.0202216 0.680675 7.04079 0.0238561 0.999707 0.00403364 -0.83264 -0.680557 0.0132844 0.732574 78.9625 
0.707387 -0.0183156 0.706589 7.68071 0.0245333 0.999698 0.00135222 -0.842667 -0.706401 0.0163784 0.707622 79.611 
0.681521 -0.0159466 0.731625 8.33121 0.0243677 0.999703 -0.0009094 -0.852019 -0.731393 0.0184478 0.681707 80.229 
0.654869 -0.0135794 0.755621 8.99997 0.0228894 0.999736 -0.00187106 -0.861472 -0.755396 0.018521 0.655007 80.8215 
0.627181 -0.0119656 0.778781 9.69342 0.0225957 0.999741 -0.00283677 -0.874837 -0.778545 0.0193763 0.627289 81.3944 
0.598572 -0.00557795 0.80105 10.413 0.021488 0.999728 -0.00909533 -0.888015 -0.800781 0.0226572 0.598529 81.9497 
0.568868 0.00357883 0.822421 11.1536 0.0204555 0.99962 -0.0184991 -0.906923 -0.822174 0.0273466 0.568578 82.471 
0.538406 0.0117892 0.842603 11.9138 0.0196397 0.999455 -0.0265333 -0.928349 -0.842456 0.0308342 0.537881 82.9662 
0.50677 0.0165212 0.861923 12.6996 0.0171482 0.999425 -0.0292393 -0.956264 -0.86191 0.029598 0.506196 83.4455 
0.474444 0.0164727 0.880131 13.5139 0.0150433 0.999527 -0.0268167 -0.982449 -0.880157 0.0259631 0.473972 83.9009 
0.441841 0.0152849 0.896963 14.3383 0.0105885 0.999696 -0.0222515 -1.01333 -0.897031 0.0193291 0.441545 84.3133 
0.407734 0.016596 0.91295 15.1871 0.00614628 0.999762 -0.0209192 -1.04437 -0.91308 0.0141407 0.407536 84.7083 
0.372762 0.0198576 0.927715 16.0519 -0.00072921 0.999777 -0.0211072 -1.06868 -0.927927 0.00719143 0.372693 85.076 
0.336983 0.0216638 0.941262 16.9325 -0.00560318 0.999764 -0.0210043 -1.0977 -0.941494 0.00180403 0.337024 85.4167 
0.301022 0.0211431 0.953383 17.8359 -0.00794413 0.999775 -0.0196638 -1.12283 -0.953584 -0.00165458 0.301122 85.7186 
0.265251 0.0205234 0.963961 18.747 -0.00894686 0.999783 -0.0188243 -1.15111 -0.964138 -0.00363127 0.265377 85.9814 
0.229596 0.0200212 0.97308 19.6781 -0.00797285 0.999793 -0.0186898 -1.17648 -0.973253 -0.00346714 0.229708 86.2044 
0.194176 0.018707 0.980788 20.618 -0.00596145 0.999822 -0.0178899 -1.20017 -0.980948 -0.00237314 0.194253 86.3975 
0.159623 0.0177181 0.987019 21.5679 0.00187411 0.999832 -0.0182513 -1.22816 -0.987176 0.00476309 0.159563 86.5544 
0.126179 0.0210373 0.991784 22.5306 0.00422231 0.999755 -0.0217436 -1.25759 -0.991998 0.00693121 0.12606 86.6774 
0.0931888 0.0265383 0.995295 23.497 0.00469733 0.999622 -0.0270936 -1.28186 -0.995637 0.00720004 0.0930289 86.7811 
0.0643929 0.0299091 0.997476 24.456 0.0117408 0.999459 -0.0307265 -1.31747 -0.997855 0.0136898 0.0640069 86.8412 
0.0386233 0.0282404 0.998855 25.4404 0.0132793 0.999498 -0.0287721 -1.35048 -0.999166 0.0143753 0.0382289 86.8891 
0.0164801 0.0253712 0.999542 26.4268 0.0152689 0.999555 -0.0256234 -1.38452 -0.999748 0.0156842 0.0160854 86.9099 
-0.00219176 0.0222565 0.99975 27.3995 0.0153634 0.999635 -0.0222203 -1.42464 -0.999879 0.0153108 -0.0025329 86.9187 
-0.0187558 0.0255185 0.999498 28.3832 0.0168167 0.999541 -0.0252041 -1.4571 -0.999683 0.0163355 -0.0191763 86.9078 
-0.0334612 0.0298746 0.998993 29.3691 0.0198587 0.999376 -0.0292209 -1.48801 -0.999243 0.0188609 -0.0340336 86.8826 
-0.0455282 0.0349465 0.998352 30.3528 0.024229 0.999132 -0.033869 -1.5246 -0.998669 0.0226471 -0.0463354 86.8421 
-0.0543632 0.0383205 0.997786 31.3438 0.0293546 0.998893 -0.0367637 -1.56842 -0.99809 0.027291 -0.0554278 86.7914 
-0.0601921 0.0434527 0.99724 32.341 0.0334425 0.998579 -0.0414926 -1.61519 -0.997626 0.0308527 -0.0615597 86.7334 
-0.0635393 0.0484379 0.996803 33.3455 0.0352725 0.998306 -0.0462627 -1.66195 -0.997356 0.0322202 -0.0651402 86.6731 
-0.0660953 0.0522344 0.996445 34.3449 0.0378142 0.998043 -0.04981 -1.71971 -0.997096 0.0343876 -0.0679412 86.6071 
-0.0687476 0.0550823 0.996112 35.3555 0.0379277 0.997897 -0.0525635 -1.7811 -0.996913 0.0341666 -0.0706922 86.5487 
-0.0709411 0.0583979 0.995769 36.363 0.0393574 0.997671 -0.0557056 -1.84476 -0.996704 0.0352391 -0.0730743 86.48 
-0.0727678 0.0620803 0.995415 37.379 0.0401923 0.997433 -0.059268 -1.90776 -0.996539 0.0356952 -0.0750761 86.4135 
-0.0748734 0.0633236 0.99518 38.3983 0.0433407 0.997245 -0.0601943 -1.97842 -0.996251 0.0386248 -0.0774116 86.3402 
-0.0767291 0.0621536 0.995113 39.4115 0.043204 0.997325 -0.0589606 -2.04386 -0.996115 0.0384689 -0.0792092 86.267 
-0.0788271 0.0619291 0.994963 40.4412 0.0428287 0.997357 -0.0586851 -2.11392 -0.995968 0.037987 -0.0812711 86.1954 
-0.0809108 0.0633064 0.994709 41.4679 0.0431644 0.997267 -0.0599582 -2.18262 -0.995786 0.0380848 -0.0834222 86.1182 
-0.0830828 0.0656212 0.99438 42.4983 0.0420462 0.997172 -0.0622925 -2.24856 -0.995655 0.0366345 -0.0856069 86.0412 
-0.0850495 0.0680939 0.994047 43.5353 0.0407547 0.997065 -0.0648138 -2.32063 -0.995543 0.0349998 -0.087575 85.9524 
-0.0874486 0.0717351 0.993583 44.5816 0.0384367 0.996904 -0.068592 -2.39511 -0.995427 0.0321918 -0.0899351 85.8753 
-0.0891271 0.0759199 0.993123 45.6278 0.0352777 0.996706 -0.0730279 -2.4763 -0.995395 0.0285263 -0.0915118 85.7849 
-0.0916455 0.0781906 0.992717 46.6626 0.0330734 0.996601 -0.0754434 -2.55999 -0.995242 0.0259185 -0.09392 85.7035 
-0.0940197 0.076935 0.992593 47.7114 0.031102 0.99675 -0.0743112 -2.63885 -0.995084 0.023885 -0.0961069 85.6129 
-0.0968922 0.0727852 0.99263 48.7617 0.0278275 0.997131 -0.070399 -2.72243 -0.994906 0.0208013 -0.0986396 85.5306 
-0.0988884 0.0713527 0.992537 49.8231 0.0281112 0.997228 -0.0688893 -2.80107 -0.994701 0.021089 -0.10062 85.4352 
-0.100691 0.0718973 0.992316 50.8824 0.0273309 0.997209 -0.0694786 -2.88118 -0.994542 0.020125 -0.102375 85.3385 
-0.101908 0.07478 0.991979 51.9455 0.0289091 0.996972 -0.0721866 -2.96154 -0.994374 0.0213209 -0.103761 85.2397 
-0.102604 0.0774465 0.991703 52.9996 0.0291323 0.996771 -0.0748283 -3.04383 -0.994296 0.0212129 -0.104529 85.1392 
-0.102873 0.0783659 0.991603 54.0563 0.0279833 0.996725 -0.0758677 -3.12786 -0.994301 0.0199435 -0.104729 85.044 
-0.102609 0.0773022 0.991713 55.1227 0.0251796 0.996858 -0.0750981 -3.21419 -0.994403 0.0172652 -0.104233 84.9504 
-0.102581 0.0764371 0.991783 56.1844 0.0210284 0.996987 -0.0746633 -3.3067 -0.994502 0.0131966 -0.103879 84.8605 
-0.102427 0.0777169 0.9917 57.2571 0.0170906 0.996934 -0.0763619 -3.39453 -0.994594 0.00912725 -0.103441 84.7661 
-0.102506 0.0780617 0.991665 58.3315 0.0124372 0.996939 -0.0771913 -3.48343 -0.994655 0.00442097 -0.103163 84.673 
-0.102656 0.0775683 0.991688 59.4152 0.00942964 0.996986 -0.0770067 -3.57388 -0.994672 0.00144611 -0.103078 84.5773 
-0.10295 0.072593 0.992034 60.5088 0.00980708 0.997359 -0.071965 -3.65799 -0.994638 0.00232016 -0.10339 84.4802 
-0.103241 0.0638391 0.992606 61.5982 0.0130744 0.997939 -0.0628223 -3.74043 -0.99457 0.00649192 -0.103863 84.3757 
-0.103184 0.0582661 0.992954 62.696 0.0181623 0.998227 -0.0566883 -3.82071 -0.994496 0.012185 -0.10406 84.2709 
-0.102167 0.0603295 0.992936 63.7915 0.0265775 0.997968 -0.0579006 -3.89266 -0.994412 0.0204742 -0.103563 84.1547 
-0.101257 0.0659874 0.992669 64.8836 0.0321028 0.997495 -0.0630336 -3.96297 -0.994342 0.025485 -0.103121 84.053 
-0.10036 0.0715603 0.992374 65.9916 0.0356184 0.997029 -0.0682939 -4.04031 -0.994313 0.0284928 -0.10261 83.9476 
-0.0995647 0.0759009 0.992132 67.1037 0.0365738 0.996692 -0.0725795 -4.12096 -0.994359 0.0290597 -0.102011 83.8427 
-0.0994053 0.0732103 0.99235 68.2334 0.0335001 0.99697 -0.0701954 -4.20364 -0.994483 0.0262661 -0.101557 83.753 
-0.0988822 0.0686271 0.99273 69.3736 0.0325333 0.997309 -0.0657032 -4.28854 -0.994567 0.0258 -0.100849 83.6452 
-0.0987341 0.0666476 0.992879 70.5075 0.0301088 0.997498 -0.0639636 -4.37021 -0.994658 0.0235791 -0.100494 83.5486 
-0.0989262 0.0674534 0.992806 71.6496 0.0278662 0.997496 -0.0649955 -4.45056 -0.994704 0.021236 -0.100558 83.4568 
-0.0984306 0.0727852 0.992478 72.7852 0.0291125 0.997105 -0.0702374 -4.53216 -0.994718 0.0219801 -0.100265 83.3529 
-0.0975209 0.0754255 0.992371 73.9274 0.0288899 0.996918 -0.0729321 -4.61883 -0.994814 0.0215571 -0.0993994 83.2489 
-0.0972708 0.0745138 0.992465 75.0838 0.029271 0.996976 -0.0719838 -4.70341 -0.994827 0.0220485 -0.0991577 83.1493 
-0.0966082 0.0680145 0.992996 76.2372 0.0310584 0.997383 -0.0652934 -4.78469 -0.994838 0.024533 -0.0984678 83.0493 
-0.0972413 0.0661333 0.993061 77.3796 0.0304947 0.997519 -0.0634442 -4.87171 -0.994793 0.0241137 -0.0990168 82.9547 
-0.0964734 0.069317 0.992919 78.5366 0.0282475 0.997361 -0.0668826 -4.951 -0.994935 0.0215951 -0.0981768 82.8562 
-0.0962134 0.0723947 0.992724 79.7038 0.0280845 0.997152 -0.0699958 -5.03399 -0.994964 0.0211456 -0.0979725 82.7609 
-0.0963587 0.0719133 0.992745 80.8784 0.0273225 0.997202 -0.0695842 -5.12012 -0.994972 0.0204193 -0.0980539 82.6645 
-0.0962081 0.0688458 0.992977 82.0553 0.0270495 0.997417 -0.0665329 -5.2022 -0.994994 0.0204586 -0.0978219 82.563 
-0.0945449 0.0675553 0.993226 83.2474 0.0282776 0.997474 -0.0651526 -5.28692 -0.995119 0.0219262 -0.0962164 82.4515 
-0.0930295 0.0683521 0.993314 84.4379 0.0299669 0.997381 -0.0658254 -5.36683 -0.995212 0.0236428 -0.0948341 82.341 
-0.0917133 0.0684452 0.99343 85.6311 0.0329265 0.997298 -0.065672 -5.45254 -0.995241 0.0266872 -0.0937192 82.2362 
-0.0907099 0.0681941 0.99354 86.8208 0.03257 0.997322 -0.0654802 -5.53287 -0.995345 0.0264199 -0.0926881 82.1453 
-0.0889154 0.0687004 0.993667 88.0331 0.0342409 0.99724 -0.0658835 -5.62116 -0.99545 0.028166 -0.0910224 82.0432 
-0.0879569 0.0672823 0.993849 89.2381 0.0343803 0.997327 -0.0644751 -5.70183 -0.995531 0.0284979 -0.090035 81.949 
-0.0871501 0.0663856 0.993981 90.4521 0.033328 0.997413 -0.0636928 -5.79021 -0.995637 0.0275766 -0.0891371 81.8644 
-0.0859343 0.0657801 0.994127 91.6777 0.0343057 0.997422 -0.0630327 -5.87325 -0.99571 0.0286875 -0.0879693 81.772 
-0.0839991 0.0665665 0.99424 92.9005 0.032289 0.997424 -0.0640518 -5.96285 -0.995942 0.0267227 -0.0859321 81.681 
-0.0824854 0.0694196 0.994171 94.1348 0.0327622 0.997221 -0.0669143 -6.04606 -0.996054 0.0270518 -0.0845305 81.5917 
-0.08138 0.0681798 0.994348 95.3707 0.0301622 0.997369 -0.0659185 -6.13473 -0.996227 0.0246273 -0.0832223 81.5063 
-0.0808528 0.0669279 0.994476 96.6093 0.0265125 0.997534 -0.0649783 -6.22487 -0.996373 0.0211124 -0.0824279 81.4235 
-0.0808024 0.0681956 0.994394 97.848 0.0236836 0.997506 -0.0664846 -6.31132 -0.996449 0.0181787 -0.0822161 81.3414 
-0.0811593 0.0678809 0.994387 99.0886 0.020884 0.997575 -0.0663941 -6.39623 -0.996482 0.0153783 -0.0823801 81.2605 
-0.082024 0.0650579 0.994505 100.344 0.0181243 0.997799 -0.0637787 -6.49106 -0.996465 0.0127933 -0.0830226 81.1742 
-0.0832801 0.0637796 0.994483 101.597 0.0161313 0.997905 -0.0626483 -6.57865 -0.996396 0.0108249 -0.0841345 81.0877 
-0.0845968 0.0631708 0.994411 102.859 0.0144342 0.997961 -0.0621685 -6.6656 -0.996311 0.00909426 -0.0853362 80.9978 
-0.0858462 0.063325 0.994294 104.115 0.0147161 0.99795 -0.0622874 -6.75488 -0.9962 0.009285 -0.0866021 80.901 
-0.0879233 0.0619983 0.994196 105.378 0.0143866 0.998036 -0.0609656 -6.83928 -0.996023 0.00894277 -0.0886426 80.7986 
-0.0909618 0.0574732 0.994194 106.643 0.0112698 0.998329 -0.0566812 -6.92279 -0.995791 0.00604851 -0.0914575 80.7015 
-0.0951394 0.0576544 0.993793 107.9 0.0108035 0.998322 -0.056883 -7.0028 -0.995405 0.00532464 -0.0956026 80.5947 
-0.100937 0.063857 0.992841 109.139 0.00530765 0.997958 -0.0636466 -7.08502 -0.994879 -0.00115466 -0.10107 80.4974 
-0.10816 0.067086 0.991867 110.369 0.00585755 0.997746 -0.066845 -7.17182 -0.994116 -0.00142005 -0.108309 80.3867 
-0.116633 0.0630343 0.991173 111.616 0.00790517 0.998011 -0.0625391 -7.264 -0.993144 0.000541293 -0.116899 80.247 
-0.127297 0.0608069 0.989999 112.872 0.0106691 0.998145 -0.0599355 -7.36083 -0.991807 0.0029328 -0.12771 80.0948 
-0.14048 0.0614342 0.988176 114.116 0.0102537 0.99811 -0.0605942 -7.44857 -0.99003 0.00162019 -0.140845 79.9397 
-0.154769 0.0616962 0.986022 115.343 0.0122048 0.998091 -0.0605358 -7.53238 -0.987875 0.0026651 -0.155227 79.7633 
-0.168794 0.0595998 0.983848 116.56 0.0129796 0.998218 -0.0582435 -7.61647 -0.985566 0.00293884 -0.169266 79.5667 
-0.184201 0.0620731 0.980926 117.759 0.0173494 0.998054 -0.0598991 -7.70162 -0.982735 0.00598505 -0.18492 79.3527 
-0.199396 0.0655064 0.977727 118.949 0.0184501 0.997837 -0.0630912 -7.78853 -0.979745 0.00545904 -0.200173 79.1247 
-0.214812 0.0694012 0.974186 120.124 0.0182326 0.997583 -0.0670477 -7.87566 -0.976485 0.00335926 -0.215558 78.8894 
-0.230861 0.0676206 0.970634 121.308 0.0146327 0.99771 -0.0660267 -7.96173 -0.972877 -0.00104006 -0.231322 78.6302 
-0.246403 0.0622173 0.967168 122.499 0.00950912 0.998044 -0.061781 -8.05134 -0.969121 -0.00602609 -0.246513 78.341 
-0.262149 0.0583601 0.963261 123.666 0.00568644 0.998246 -0.0589322 -8.13738 -0.965011 -0.00997148 -0.262021 78.049 
-0.27704 0.0598459 0.958993 124.832 0.00406807 0.998123 -0.0611127 -8.22136 -0.96085 -0.0130294 -0.276763 77.7319 
-0.291942 0.0617532 0.95444 125.987 0.00343026 0.997975 -0.0635207 -8.30504 -0.95643 -0.0152704 -0.291563 77.4099 
-0.305647 0.0643914 0.949965 127.131 0.00568106 0.997816 -0.0658071 -8.38903 -0.952128 -0.0147169 -0.305346 77.0566 
-0.319787 0.0640984 0.945319 128.275 0.00766723 0.997851 -0.0650668 -8.48134 -0.947458 -0.0135595 -0.319591 76.6849 
-0.33393 0.0623227 0.940535 129.42 0.00753031 0.997956 -0.0634541 -8.56774 -0.942568 -0.0141067 -0.333717 76.2974 
-0.348007 0.061043 0.935502 130.547 0.00730942 0.998024 -0.0624037 -8.65639 -0.937463 -0.0148789 -0.347766 75.8878 
-0.362953 0.0623607 0.929718 131.669 0.00598561 0.997893 -0.0645969 -8.74555 -0.931788 -0.0178807 -0.362562 75.4723 
-0.377666 0.0648317 0.923669 132.781 0.00709606 0.997719 -0.0671278 -8.82855 -0.925915 -0.0187975 -0.377265 75.0336 
-0.392444 0.0667544 0.91735 133.88 0.00854311 0.997584 -0.0689382 -8.91597 -0.919736 -0.0192174 -0.392067 74.5848 
-0.407117 0.0695026 0.910728 134.976 0.0112226 0.997406 -0.0711007 -9.00487 -0.913307 -0.0187256 -0.406841 74.1119 
-0.421614 0.0732467 0.903812 136.068 0.0110994 0.997074 -0.0756272 -9.09813 -0.906708 -0.0218537 -0.421193 73.6121 
-0.436665 0.0757405 0.89643 137.163 0.0125112 0.996864 -0.078132 -9.19382 -0.899537 -0.022902 -0.436243 73.0951 
-0.452197 0.0730838 0.888919 138.254 0.0110274 0.997019 -0.0763618 -9.29363 -0.89185 -0.0247281 -0.451655 72.5672 
-0.4682 0.0688661 0.880935 139.349 0.00805098 0.997249 -0.0736799 -9.39077 -0.883586 -0.0274045 -0.467467 72.0107 
-0.484478 0.0692582 0.872058 140.43 0.0074425 0.997151 -0.0750584 -9.48384 -0.874772 -0.0298738 -0.483613 71.4364 
-0.500496 0.0682847 0.863042 141.491 0.00612196 0.997139 -0.0753444 -9.58052 -0.865717 -0.0324261 -0.499482 70.8453 
-0.516312 0.0676007 0.853728 142.558 0.00602982 0.997142 -0.07531 -9.68041 -0.856379 -0.0337356 -0.515244 70.2221 
-0.531921 0.067457 0.844103 143.606 0.00477927 0.997045 -0.0766679 -9.7796 -0.846781 -0.036747 -0.530671 69.5831 
-0.547559 0.0667518 0.8341 144.654 0.00451606 0.997034 -0.0768266 -9.8833 -0.836755 -0.0383002 -0.546236 68.9259 
-0.562942 0.0642701 0.823994 145.696 0.00403095 0.997173 -0.075024 -9.98142 -0.826487 -0.0389127 -0.56161 68.2403 
-0.578463 0.0607563 0.813442 146.727 0.00394487 0.997419 -0.0716924 -10.0793 -0.815699 -0.0382625 -0.57721 67.5415 
-0.593675 0.0591177 0.80253 147.753 0.00487994 0.997544 -0.0698733 -10.1796 -0.80469 -0.0375657 -0.592505 66.8126 
-0.608816 0.0574541 0.791228 148.759 0.00389309 0.997578 -0.0694424 -10.2741 -0.793302 -0.0391973 -0.607565 66.073 
-0.624065 0.0585005 0.779179 149.759 0.00229689 0.997326 -0.0730393 -10.372 -0.781369 -0.0437916 -0.622531 65.3056 
-0.639651 0.0582674 0.766454 150.744 0.000239731 0.997138 -0.0756045 -10.4694 -0.768665 -0.0481767 -0.637834 64.5209 
-0.655928 0.0551099 0.752809 151.728 -0.00170387 0.99722 -0.0744869 -10.5699 -0.754822 -0.0501407 -0.654011 63.7064 
-0.67303 0.0478321 0.738067 152.702 -0.0051829 0.997577 -0.0693765 -10.6707 -0.739597 -0.0505178 -0.671151 62.881 
-0.690467 0.0452512 0.721947 153.668 -0.00666937 0.997601 -0.0689077 -10.7655 -0.723333 -0.0523934 -0.688509 61.9897 
-0.708433 0.0426928 0.704486 154.594 -0.00839763 0.997588 -0.0689 -10.86 -0.705728 -0.054727 -0.706366 61.1068 
-0.726779 0.0388781 0.68577 155.499 -0.0117942 0.997543 -0.0690529 -10.9576 -0.68677 -0.0582743 -0.724535 60.2078 
-0.744009 0.0367168 0.66716 156.387 -0.0118411 0.997608 -0.0681079 -11.0567 -0.668065 -0.0585728 -0.741794 59.2618 
-0.760656 0.0387837 0.647996 157.244 -0.010196 0.997377 -0.0716635 -11.1516 -0.649075 -0.0611182 -0.758265 58.3039 
-0.776151 0.0383485 0.62938 158.07 -0.00705054 0.997559 -0.0694765 -11.2476 -0.630508 -0.0583617 -0.773985 57.3157 
-0.790883 0.0397222 0.610676 158.868 -0.00301338 0.997626 -0.0687946 -11.3464 -0.611959 -0.0562486 -0.788886 56.2927 
-0.805686 0.0409588 0.590925 159.638 -0.00136369 0.997475 -0.0709975 -11.449 -0.592341 -0.0580075 -0.803596 55.2756 
-0.819848 0.0426503 0.57099 160.392 -0.000528363 0.997165 -0.0752422 -11.5504 -0.572581 -0.0619889 -0.817501 54.2406 
-0.833224 0.0432841 0.551238 161.129 0.00192373 0.997152 -0.0753902 -11.6502 -0.552932 -0.0617565 -0.830935 53.1527 
-0.845531 0.0410074 0.532349 161.836 0.00276982 0.99737 -0.0724291 -11.7604 -0.533919 -0.0597665 -0.843421 52.073 
-0.856511 0.0425281 0.514374 162.513 0.00519459 0.997259 -0.0738031 -11.8672 -0.516103 -0.0605412 -0.854384 50.9758 
-0.866469 0.045355 0.497165 163.165 0.00785738 0.99698 -0.0772576 -11.9694 -0.499168 -0.063035 -0.864209 49.8843 
-0.875829 0.0433932 0.480666 163.806 0.00636662 0.996902 -0.0783969 -12.0811 -0.482579 -0.0656021 -0.873392 48.7724 
-0.884658 0.0406973 0.46446 164.432 0.00517887 0.996979 -0.0774938 -12.1932 -0.466211 -0.0661502 -0.882197 47.6518 
-0.892448 0.0387123 0.449485 165.067 0.00404138 0.996958 -0.0778397 -12.3033 -0.451131 -0.0676514 -0.88989 46.4991 
-0.899768 0.036339 0.434852 165.673 0.0031615 0.997043 -0.0767777 -12.4296 -0.436356 -0.0677073 -0.897223 45.3527 
-0.906628 0.0337566 0.420579 166.273 0.00181647 0.997097 -0.0761137 -12.5351 -0.421928 -0.0682428 -0.904057 44.1818 
-0.912802 0.0282129 0.407427 166.833 -0.00143067 0.997384 -0.0722707 -12.6439 -0.4084 -0.0665517 -0.910374 43.0061 
-0.918299 0.0246647 0.395118 167.369 -0.00281749 0.997625 -0.0688236 -12.7474 -0.395877 -0.0643139 -0.916048 41.8326 
-0.922861 0.0249074 0.384327 167.876 -0.000340343 0.997853 -0.0654861 -12.844 -0.385133 -0.0605654 -0.920871 40.6541 
-0.92639 0.0286812 0.375472 168.382 0.00359479 0.997723 -0.067344 -12.9366 -0.376549 -0.061037 -0.924384 39.466 
-0.928619 0.0344938 0.369427 168.86 0.00958866 0.997568 -0.0690411 -13.0291 -0.37091 -0.0605705 -0.926691 38.2808 
-0.930674 0.0381197 0.363859 169.333 0.0129756 0.99737 -0.0713008 -13.1297 -0.36562 -0.0616365 -0.928721 37.0984 
-0.932435 0.03531 0.359608 169.812 0.0107927 0.997491 -0.0699592 -13.2285 -0.361177 -0.0613513 -0.930477 35.8974 
-0.934505 0.0280024 0.354847 170.299 0.0047151 0.997787 -0.0663221 -13.3272 -0.355919 -0.0603052 -0.932569 34.6968 
-0.936447 0.0220183 0.350118 170.775 -0.000567265 0.997932 -0.0642756 -13.425 -0.350809 -0.0603893 -0.934498 33.4977 
-0.938181 0.0153032 0.345807 171.243 -0.00794808 0.997806 -0.0657199 -13.5184 -0.346055 -0.0644057 -0.936001 32.2944 
-0.939678 0.0131113 0.34181 171.712 -0.0110368 0.997583 -0.0686073 -13.6107 -0.341883 -0.0682412 -0.937261 31.0943 
-0.940671 0.012969 0.339072 172.177 -0.0118537 0.997403 -0.0710345 -13.7064 -0.339113 -0.0708394 -0.938075 29.9014 
-0.941138 0.0132759 0.337761 172.633 -0.0121894 0.997246 -0.0731619 -13.8045 -0.337802 -0.0729725 -0.938384 28.7102 
-0.940973 0.0166176 0.338072 173.08 -0.00942373 0.997121 -0.075242 -13.9051 -0.338349 -0.0739866 -0.938108 27.4986 
-0.940803 0.0174213 0.338507 173.538 -0.00932378 0.99697 -0.0772227 -14.0093 -0.338827 -0.0758075 -0.93779 26.3024 
-0.940357 0.0184828 0.339685 173.99 -0.00904335 0.996812 -0.0792729 -14.1161 -0.340068 -0.0776167 -0.937192 25.0956 
-0.939795 0.0190495 0.341207 174.447 -0.00853371 0.996826 -0.0791572 -14.2222 -0.341631 -0.0773034 -0.936649 23.9096 
-0.939151 0.0183231 0.343015 174.906 -0.00983423 0.996733 -0.0801687 -14.3289 -0.343364 -0.0786638 -0.935902 22.7356 
-0.937817 0.0168196 0.346722 175.372 -0.0120437 0.996647 -0.0809234 -14.431 -0.346921 -0.0800672 -0.93447 21.5345 
-0.936093 0.0148984 0.351437 175.826 -0.01381 0.996776 -0.0790407 -14.5397 -0.351482 -0.0788427 -0.932869 20.3677 
-0.934209 0.012052 0.356523 176.304 -0.0163125 0.99694 -0.0764451 -14.6516 -0.356354 -0.0772314 -0.931154 19.1921 
-0.931429 0.0106903 0.363767 176.778 -0.017159 0.997167 -0.0732405 -14.7606 -0.363519 -0.0744602 -0.928606 18.011 
-0.928877 0.0122947 0.370184 177.269 -0.016221 0.99714 -0.0738197 -14.8587 -0.370033 -0.0745742 -0.926021 16.86 
-0.925686 0.0123078 0.378092 177.76 -0.017153 0.997077 -0.0744531 -14.9583 -0.377903 -0.0754056 -0.922769 15.7126 
-0.921734 0.0153651 0.387518 178.256 -0.0155418 0.996949 -0.0764963 -15.0631 -0.387511 -0.076532 -0.918683 14.5694 
-0.917334 0.0164967 0.397776 178.768 -0.0149092 0.997017 -0.0757317 -15.1673 -0.397839 -0.0754018 -0.914351 13.4279 
-0.912063 0.018898 0.409615 179.285 -0.0138193 0.996953 -0.0767661 -15.2794 -0.409818 -0.075676 -0.909023 12.2856 
-0.906018 0.020882 0.422723 179.835 -0.0135914 0.996831 -0.0783727 -15.3844 -0.42302 -0.0767524 -0.902864 11.1268 
-0.899496 0.0231421 0.436315 180.395 -0.0124476 0.996834 -0.0785336 -15.4917 -0.436751 -0.0760718 -0.89636 9.9808 
-0.893482 0.0213089 0.448592 180.975 -0.014435 0.996995 -0.0761099 -15.6028 -0.448866 -0.0744783 -0.89049 8.89743 
-0.886752 0.0238254 0.461631 181.57 -0.0130766 0.996978 -0.0765745 -15.7134 -0.462061 -0.0739391 -0.883761 7.78222 
-0.879795 0.0261655 0.474632 182.185 -0.0111751 0.997069 -0.075681 -15.8227 -0.475221 -0.0718878 -0.876925 6.67085 
-0.872049 0.0276661 0.488636 182.81 -0.00960223 0.997242 -0.0735996 -15.9294 -0.489325 -0.0688744 -0.869378 5.56605 
-0.864167 0.0288326 0.502378 183.443 -0.00771113 0.997481 -0.0705121 -16.0369 -0.503145 -0.0648082 -0.861768 4.49279 
-0.855922 0.0313096 0.516156 184.098 -0.00503023 0.997614 -0.068856 -16.1426 -0.51708 -0.0615317 -0.853722 3.4244 
-0.846707 0.0347835 0.530921 184.779 -0.0011308 0.997741 -0.0671708 -16.2428 -0.532058 -0.0574743 -0.844755 2.35974 
-0.835336 0.0376635 0.548448 185.459 0.00126034 0.997779 -0.0666008 -16.3323 -0.549738 -0.0549428 -0.833528 1.30189 
-0.824246 0.0406016 0.564775 186.171 0.00431497 0.997847 -0.0654379 -16.4295 -0.566216 -0.0514999 -0.822647 0.277646 
-0.812921 0.0421298 0.580847 186.909 0.0055486 0.997895 -0.0646135 -16.5259 -0.582347 -0.0493027 -0.811444 -0.729621 
-0.801759 0.0436306 0.596053 187.658 0.00498061 0.997785 -0.0663376 -16.6051 -0.597627 -0.0502181 -0.8002 -1.68954 
-0.788662 0.0463991 0.613074 188.422 0.0081245 0.997848 -0.0650684 -16.7045 -0.614774 -0.046336 -0.787341 -2.65951 
-0.774659 0.0471773 0.630616 189.209 0.00964022 0.997978 -0.062818 -16.7961 -0.632305 -0.0425832 -0.773548 -3.61053 
-0.759547 0.0489521 0.648607 190.008 0.0120232 0.99805 -0.0612459 -16.8855 -0.650341 -0.0387208 -0.758655 -4.51709 
-0.742688 0.0517414 0.667635 190.826 0.0134606 0.997962 -0.0623679 -16.9715 -0.669502 -0.0373332 -0.741872 -5.42486 
-0.725838 0.0544108 0.68571 191.653 0.0136737 0.997811 -0.0647019 -17.0591 -0.68773 -0.0375869 -0.724993 -6.27593 
-0.707832 0.0551442 0.704225 192.496 0.0125889 0.997775 -0.0654772 -17.1486 -0.706268 -0.0374814 -0.706951 -7.11592 
-0.688797 0.0552257 0.722847 193.372 0.0112223 0.997787 -0.0655375 -17.2363 -0.724867 -0.03703 -0.687893 -7.93415 
-0.669075 0.0544803 0.741195 194.251 0.00922215 0.997841 -0.0650199 -17.3314 -0.743137 -0.0366678 -0.668134 -8.70122 
-0.648558 0.0549965 0.759176 195.155 0.00720638 0.997785 -0.0661256 -17.4207 -0.761131 -0.0374153 -0.647518 -9.45369 
-0.628255 0.054678 0.776084 196.08 0.00407641 0.997745 -0.066995 -17.5045 -0.777997 -0.0389263 -0.627061 -10.1763 
-0.607156 0.0546445 0.792701 197.002 0.00256147 0.997762 -0.0668184 -17.5933 -0.794578 -0.0385387 -0.605938 -10.8695 
-0.584371 0.0545755 0.809649 197.967 0.00206468 0.997833 -0.0657701 -17.6807 -0.811484 -0.0367625 -0.583217 -11.5544 
-0.561124 0.0554549 0.825872 198.923 -0.000216033 0.997743 -0.0671425 -17.7616 -0.827732 -0.0378537 -0.559846 -12.1788 
-0.53544 0.0588385 0.842521 199.915 0.00115092 0.99762 -0.0689386 -17.8472 -0.844572 -0.0359428 -0.534234 -12.8008 
-0.508731 0.0598229 0.858845 200.924 -0.000333087 0.997569 -0.0696831 -17.9278 -0.860925 -0.035736 -0.507474 -13.3904 
-0.481254 0.0584319 0.874632 201.952 -0.0018084 0.997707 -0.0676494 -18.0241 -0.87658 -0.0341382 -0.480045 -13.9471 
-0.453467 0.0570506 0.889445 202.99 -0.00483602 0.997777 -0.0664649 -18.1036 -0.89126 -0.034441 -0.452183 -14.4552 
-0.423383 0.0584837 0.904061 204.051 -0.00318699 0.997812 -0.066041 -18.1878 -0.905945 -0.0308418 -0.42227 -14.9493 
-0.392353 0.0609191 0.917795 205.124 -0.00344443 0.9977 -0.0676954 -18.2749 -0.919808 -0.0297218 -0.391241 -15.4013 
-0.360582 0.0630213 0.930596 206.196 -0.00353154 0.997615 -0.0689284 -18.3603 -0.932721 -0.0281408 -0.3595 -15.8098 
-0.328802 0.0628719 0.942304 207.273 -0.000489259 0.99777 -0.0667435 -18.456 -0.944399 -0.0224064 -0.328038 -16.1757 
-0.296264 0.0625575 0.953055 208.347 -0.000179445 0.997849 -0.0655535 -18.5455 -0.955106 -0.0195921 -0.295615 -16.5064 
-0.26211 0.0618101 0.963056 209.481 0.000292158 0.997952 -0.0639702 -18.6349 -0.965038 -0.0164859 -0.261591 -16.8202 
-0.227329 0.0596783 0.971987 210.617 -6.82582e-05 0.998119 -0.0612988 -18.7222 -0.973818 -0.0140013 -0.226898 -17.0868 
-0.193034 0.0586675 0.979436 211.756 -0.000448292 0.998205 -0.0598802 -18.8054 -0.981192 -0.011998 -0.192661 -17.3001 
-0.157444 0.0583503 0.985802 212.913 0.000295363 0.998255 -0.0590403 -18.8802 -0.987528 -0.00900437 -0.157187 -17.4764 
-0.122441 0.0579848 0.99078 214.055 0.000166938 0.998293 -0.058404 -18.9588 -0.992476 -0.00698566 -0.122242 -17.6093 
-0.0864128 0.0580849 0.994565 215.205 0.000117453 0.998299 -0.0582929 -19.0357 -0.996259 -0.00492043 -0.0862727 -17.7075 
-0.0512327 0.058618 0.996965 216.339 -0.00130306 0.998271 -0.0587619 -19.1135 -0.998686 -0.00430962 -0.0510677 -17.7604 
-0.0167131 0.0576684 0.998196 217.473 -0.00190067 0.998332 -0.0577082 -19.1949 -0.999858 -0.00286171 -0.0165756 -17.7763 
0.017072 0.0566913 0.998246 218.63 -0.00332487 0.998389 -0.0566427 -19.2768 -0.999849 -0.00235203 0.017233 -17.7533 
0.0499869 0.0572051 0.99711 219.776 -0.00485991 0.99836 -0.0570333 -19.3528 -0.998738 -0.00199495 0.0501829 -17.6835 
0.082384 0.0574351 0.994944 220.905 -0.0051585 0.998349 -0.0572046 -19.428 -0.996587 -0.000419667 0.0825443 -17.5778 
0.114243 0.0555567 0.991898 222.04 -0.00448602 0.998454 -0.0554072 -19.4993 -0.993443 0.0018802 0.114315 -17.44 
0.145254 0.0544082 0.987897 223.191 -0.00339167 0.998508 -0.0544941 -19.5734 -0.989388 0.00456488 0.145222 -17.2639 
0.175478 0.0549644 0.982948 224.338 -0.00245902 0.998462 -0.055393 -19.6362 -0.98448 0.00730314 0.175343 -17.0526 
0.205696 0.0546015 0.977092 225.473 -0.000506507 0.998448 -0.0556884 -19.71 -0.978616 0.01096 0.205404 -16.8111 
0.235397 0.0544098 0.970375 226.597 0.000837261 0.99842 -0.0561855 -19.7808 -0.971899 0.0140384 0.23498 -16.5257 
0.265576 0.0526044 0.962654 227.736 0.00321697 0.998456 -0.0554484 -19.855 -0.964084 0.0178226 0.264997 -16.2078 
0.295996 0.0505276 0.953852 228.86 0.00578228 0.998487 -0.0546865 -19.935 -0.955172 0.0217024 0.295256 -15.8585 
0.325559 0.050001 0.944199 229.974 0.00846911 0.998406 -0.0557919 -20.0089 -0.945484 0.0261601 0.324617 -15.4729 
0.354127 0.049862 0.933867 231.06 0.00856996 0.998363 -0.0565555 -20.0783 -0.935158 0.028031 0.35312 -15.0542 
0.382076 0.0477724 0.922895 232.15 0.00931089 0.998413 -0.0555363 -20.1577 -0.924084 0.0298121 0.381025 -14.599 
0.410249 0.0465791 0.910783 233.222 0.00953734 0.998421 -0.0553572 -20.2359 -0.911924 0.0313967 0.409157 -14.1158 
0.438617 0.0476428 0.89741 234.287 0.0104692 0.998255 -0.0581136 -20.3137 -0.898613 0.0348847 0.437352 -13.5905 
0.466382 0.0490874 0.88322 235.313 0.0113158 0.998046 -0.0614445 -20.3861 -0.884511 0.038651 0.464916 -13.0459 
0.493419 0.0469959 0.868521 236.351 0.0128029 0.998039 -0.0612778 -20.4697 -0.869697 0.0413552 0.49185 -12.4487 
0.519852 0.0438198 0.853132 237.358 0.0145101 0.998086 -0.060107 -20.5484 -0.854133 0.0436258 0.518221 -11.824 
0.54501 0.0418234 0.837386 238.356 0.0138046 0.998172 -0.0588387 -20.6314 -0.838316 0.0436274 0.543436 -11.1702 
0.568238 0.0421953 0.821782 239.344 0.0119734 0.998155 -0.0595307 -20.7119 -0.822777 0.0436671 0.566684 -10.4869 
0.589155 0.042248 0.806915 240.316 0.0104928 0.998148 -0.0599217 -20.7913 -0.807952 0.0437699 0.58762 -9.76651 
0.608761 0.04098 0.792295 241.275 0.00987388 0.998196 -0.0592166 -20.8704 -0.793292 0.0438717 0.607258 -9.02084 
0.626985 0.0381623 0.778096 242.235 0.00987776 0.99833 -0.0569234 -20.9553 -0.778969 0.0433759 0.625561 -8.23173 
0.644283 0.0347639 0.763996 243.162 0.0111648 0.998432 -0.0548468 -21.0359 -0.764705 0.0438667 0.642885 -7.44235 
0.660411 0.0319751 0.750223 244.078 0.0122895 0.998499 -0.0533752 -21.1132 -0.750804 0.0444693 0.659027 -6.62545 
0.675968 0.0294303 0.736343 244.976 0.0142218 0.998495 -0.0529639 -21.19 -0.736794 0.046274 0.674532 -5.79428 
0.690948 0.0292281 0.722313 245.857 0.0137735 0.998469 -0.0535781 -21.2627 -0.722773 0.0469685 0.689487 -4.93752 
0.706025 0.0277497 0.707643 246.729 0.0145743 0.998451 -0.0536946 -21.3347 -0.708037 0.048223 0.704527 -4.05918 
0.720378 0.0258539 0.6931 247.581 0.0138355 0.99857 -0.0516286 -21.4043 -0.693444 0.0467815 0.71899 -3.16002 
0.734491 0.0229014 0.678232 248.41 0.0145166 0.998671 -0.0494423 -21.4785 -0.678463 0.0461605 0.733182 -2.23771 
0.748198 0.0212518 0.663135 249.22 0.0148554 0.9987 -0.0487669 -21.55 -0.663309 0.0463384 0.746909 -1.30246 
0.761737 0.0207929 0.647553 250.024 0.0157904 0.998592 -0.0506397 -21.6216 -0.647694 0.0487992 0.760336 -0.345086 
0.774337 0.020144 0.632452 250.815 0.0160158 0.998549 -0.0514134 -21.6908 -0.63257 0.0499405 0.772891 0.63099 
0.785827 0.0191991 0.618148 251.587 0.0156572 0.99858 -0.0509195 -21.766 -0.618248 0.0496923 0.784411 1.63652 
0.796589 0.0174239 0.60427 252.342 0.0155163 0.998666 -0.0492508 -21.8326 -0.604322 0.0486087 0.795256 2.65865 
0.806911 0.0149571 0.590483 253.072 0.0168588 0.998689 -0.0483353 -21.903 -0.590432 0.0489571 0.805601 3.69074 
0.816537 0.0149388 0.577099 253.788 0.0165569 0.998648 -0.0492776 -21.9688 -0.577055 0.0497919 0.815186 4.73284 
0.825422 0.0122567 0.564383 254.497 0.0202279 0.99848 -0.051268 -22.0445 -0.564153 0.053734 0.82392 5.79051 
0.833404 0.0103712 0.552567 255.182 0.021021 0.998505 -0.050446 -22.1128 -0.552264 0.0536574 0.83194 6.8656 
0.840907 0.00718645 0.541132 255.861 0.0234735 0.998486 -0.0497378 -22.1922 -0.54067 0.054527 0.839466 7.94868 
0.847587 0.00579395 0.530625 256.536 0.0244019 0.998457 -0.0498804 -22.2633 -0.530095 0.0552262 0.846138 9.04794 
0.852832 0.00424393 0.522168 257.201 0.0250896 0.998479 -0.049093 -22.3401 -0.521582 0.0549691 0.851428 10.1642 
0.856636 0.00334788 0.51591 257.86 0.0247923 0.998556 -0.0476461 -22.4087 -0.515325 0.0536059 0.855317 11.2858 
0.859279 0.00261627 0.5115 258.518 0.0244989 0.998629 -0.0462643 -22.4827 -0.51092 0.0522851 0.858037 12.4194 
0.861917 0.00134438 0.507048 259.174 0.0256173 0.998604 -0.046194 -22.5505 -0.506402 0.0528046 0.860679 13.5656 
0.863985 0.000621687 0.503517 259.82 0.0258007 0.998631 -0.0455047 -22.6238 -0.502856 0.0523064 0.862786 14.7218 
0.865997 -0.00108897 0.500048 260.468 0.0265096 0.998691 -0.0437354 -22.6915 -0.499346 0.0511307 0.864893 15.8727 
0.867951 -0.0036029 0.496637 261.102 0.0286846 0.998668 -0.0428861 -22.7704 -0.495821 0.0514688 0.866898 17.0099 
0.870164 -0.0050999 0.492736 261.734 0.030243 0.998614 -0.043073 -22.8378 -0.491833 0.0523824 0.869112 18.1602 
0.872279 -0.00571944 0.488975 262.38 0.0304761 0.998624 -0.0426856 -22.9102 -0.488058 0.0521358 0.871252 19.3295 
0.874248 -0.00565441 0.485447 263.009 0.0298787 0.998663 -0.0421769 -22.9848 -0.484559 0.0513775 0.873248 20.4976 
0.876159 -0.00701665 0.481972 263.649 0.03096 0.998649 -0.0417427 -23.0534 -0.481027 0.051495 0.875192 21.6875 
0.878229 -0.00632367 0.478199 264.278 0.0299154 0.998681 -0.0417345 -23.1211 -0.477304 0.0509579 0.877259 22.8717 
0.879557 -0.00517996 0.475764 264.915 0.0285207 0.998717 -0.0418534 -23.1823 -0.474937 0.0503816 0.878576 24.0681 
