1 2.12261e-08 -2.11895e-08 0 2.12261e-08 1 2.10703e-08 0 -2.11895e-08 2.10703e-08 1 0 
1 -0.000768595 8.34524e-05 -0.0317795 0.000768504 0.999998 0.00157985 -0.0233793 -8.47089e-05 -0.00157974 0.999999 1.33839 
0.999999 -0.00173143 -0.000286363 -0.0546689 0.00173196 0.999997 0.0016853 -0.0426005 0.000283401 -0.00168575 0.999999 2.68011 
0.999995 -0.00321863 -0.0002119 -0.0814032 0.00321878 0.999995 0.000504262 -0.0552956 0.000210234 -0.000504899 1 4.03034 
0.999994 -0.00355455 -0.000188549 -0.104538 0.00355469 0.999994 0.000540598 -0.0718696 0.000186584 -0.000541222 1 5.36732 
0.99999 -0.00439661 -0.000337905 -0.126762 0.00439707 0.99999 0.00123755 -0.0845868 0.000332418 -0.00123898 0.999999 6.70863 
0.999985 -0.00553499 0.000445038 -0.15515 0.00553386 0.999981 0.00259791 -0.108277 -0.000459451 -0.00259536 0.999997 8.0251 
0.999988 -0.0047779 0.00109333 -0.199012 0.00477514 0.999985 0.0025502 -0.115087 -0.00110554 -0.00254491 0.999996 9.37204 
0.999991 -0.0041522 0.000485374 -0.218101 0.00415194 0.999991 0.000627937 -0.13001 -0.000488019 -0.000625874 1 10.7399 
0.999999 -0.0010837 0.000354765 -0.235905 0.00108443 0.999998 -0.00194169 -0.14544 -0.000352702 0.00194212 0.999998 12.1075 
0.999997 0.00231874 0.000762134 -0.269563 -0.0023166 0.999994 -0.00274626 -0.169442 -0.00076854 0.00274453 0.999996 13.4483 
0.999988 0.00475613 0.00139108 -0.304293 -0.00475206 0.999985 -0.00288036 -0.193045 -0.0014048 0.00287376 0.999995 14.8071 
0.999982 0.00579927 0.0015296 -0.324075 -0.00579569 0.999981 -0.00230679 -0.212699 -0.00154299 0.00229793 0.999996 16.1726 
0.999991 0.00377269 0.00201165 -0.340386 -0.00377288 0.999993 0.000112115 -0.229784 -0.00201126 -0.000119661 0.999998 17.5439 
0.999997 -0.000494997 0.00253285 -0.362366 0.000490135 0.999998 0.00193637 -0.251917 -0.00253385 -0.00193508 0.999995 18.9157 
0.999993 -0.00271316 0.00255606 -0.382736 0.00271448 0.999996 -0.000494075 -0.272516 -0.00255475 0.000501052 0.999997 20.2663 
0.99999 -0.00355193 0.00286802 -0.408072 0.00355841 0.999991 -0.00224304 -0.297391 -0.00286007 0.00225327 0.999993 21.6189 
0.999991 -0.000938534 0.00419857 -0.439753 0.000955403 0.999992 -0.00400734 -0.320341 -0.00419481 0.00401135 0.999983 22.9827 
0.999987 0.00188408 0.00474751 -0.454618 -0.0018731 0.999996 -0.00230693 -0.338029 -0.00475188 0.00229805 0.999986 24.373 
0.999986 0.00209942 0.00494165 -0.461516 -0.00210577 0.999997 0.00128836 -0.364049 -0.00493897 -0.0012987 0.999987 25.7722 
0.999986 -9.75057e-05 0.00529706 -0.473461 8.03577e-05 0.999995 0.00324542 -0.382734 -0.00529739 -0.00324491 0.999981 27.1542 
0.999979 -0.00403622 0.00501694 -0.498383 0.00402843 0.999991 0.00157034 -0.40309 -0.00502327 -0.00155006 0.999986 28.5229 
0.999978 -0.00428043 0.00498255 -0.512998 0.00428417 0.999991 -0.000731797 -0.426699 -0.00497942 0.000753169 0.999987 29.9046 
0.99997 -0.00464764 0.00617092 -0.535922 0.00466722 0.999984 -0.00315513 -0.452803 -0.0061562 0.00318388 0.999976 31.2872 
0.999977 -0.00141154 0.00670119 -0.558768 0.00143685 0.999992 -0.0037667 -0.483867 -0.00669586 0.00377629 0.99997 32.6731 
0.999973 -0.000698417 0.00737081 -0.582219 0.00074071 0.999983 -0.00573103 -0.51168 -0.00736672 0.00573637 0.999956 34.0584 
0.999973 -8.00212e-05 0.00735092 -0.596572 0.000116726 0.999988 -0.00498709 -0.541116 -0.00735048 0.00498785 0.999961 35.476 
0.999973 -0.00025307 0.00730212 -0.620701 0.000279774 0.999993 -0.00365035 -0.571536 -0.00730119 0.00365233 0.999967 36.8937 
0.999972 0.00152445 0.00730186 -0.643501 -0.00150629 0.999996 -0.00248552 -0.597559 -0.00730566 0.0024745 0.99997 38.2873 
0.99996 0.00468509 0.00759904 -0.662026 -0.00466819 0.999987 -0.00223503 -0.621635 -0.00760945 0.00219951 0.999969 39.7045 
0.999944 0.00693338 0.00794885 -0.679511 -0.0069115 0.999972 -0.00277184 -0.642687 -0.00796789 0.00271679 0.999965 41.1232 
0.999918 0.00947717 0.00857916 -0.705924 -0.00945606 0.999952 -0.00249332 -0.667316 -0.00860242 0.00241204 0.99996 42.5462 
0.999911 0.0103034 0.00843052 -0.727148 -0.0102827 0.999944 -0.00248859 -0.69086 -0.00845573 0.00240173 0.999961 43.9676 
0.99992 0.0093693 0.0084504 -0.746828 -0.00934778 0.999953 -0.0025771 -0.718081 -0.00847419 0.00249795 0.999961 45.3696 
0.999935 0.00801322 0.00817433 -0.758823 -0.00799207 0.999965 -0.00261143 -0.74613 -0.00819501 0.00254597 0.999963 46.8068 
0.999943 0.00752748 0.00758101 -0.77352 -0.00750791 0.999968 -0.00260104 -0.768212 -0.00760039 0.00254401 0.999968 48.2428 
0.99995 0.00721605 0.00694907 -0.794431 -0.00720827 0.999973 -0.00113826 -0.800584 -0.00695714 0.00108816 0.999975 49.6674 
0.999956 0.00708189 0.00610061 -0.819724 -0.00707426 0.999974 -0.00126359 -0.827927 -0.00610944 0.00122042 0.999981 51.0906 
0.999966 0.0066414 0.00488176 -0.840466 -0.00663883 0.999978 -0.000533862 -0.860632 -0.00488524 0.000501477 0.999988 52.5181 
0.999971 0.00633062 0.00435174 -0.872005 -0.00633189 0.99998 0.000289296 -0.883614 -0.00434986 -0.0003168 0.999991 53.9568 
0.99998 0.0047367 0.00419326 -0.902806 -0.00474127 0.999988 0.00109086 -0.903836 -0.00418809 -0.00111068 0.999991 55.3796 
0.999986 0.00354353 0.00385481 -0.923626 -0.00354864 0.999993 0.00132975 -0.92712 -0.00385011 -0.00134337 0.999992 56.8183 
0.999994 0.00118786 0.00338925 -0.942347 -0.00118965 0.999999 0.000538214 -0.947108 -0.00338866 -0.000542201 0.999994 58.2558 
0.999994 0.000119211 0.0036138 -0.965421 -0.000123393 0.999999 0.00116875 -0.976046 -0.0036137 -0.00116914 0.999993 59.6907 
0.99999 -0.00180367 0.00399219 -0.985848 0.00179566 0.999996 0.00202073 -1.00096 -0.00399586 -0.0020135 0.99999 61.1254 
0.999986 -0.00256979 0.00469548 -1.00676 0.00255785 0.999994 0.00255572 -1.0229 -0.00470206 -0.00254363 0.999986 62.5594 
0.999979 -0.00366229 0.00533179 -1.0246 0.00365132 0.999991 0.00207452 -1.04682 -0.00533938 -0.00205497 0.999984 63.9838 
0.999969 -0.00535382 0.00578519 -1.03747 0.00534669 0.999985 0.00125421 -1.07397 -0.00579186 -0.0012232 0.999983 65.3925 
0.999966 -0.00532483 0.00635166 -1.05247 0.00531834 0.999985 0.00104485 -1.10161 -0.00635717 -0.00101099 0.999979 66.8231 
0.999967 -0.00344034 0.00740665 -1.07108 0.00343564 0.999994 0.000652557 -1.12652 -0.00740889 -0.000627046 0.999972 68.2574 
0.999967 0.000118703 0.00811246 -1.09402 -0.000133688 0.999998 0.00185193 -1.15254 -0.00811226 -0.00185291 0.999965 69.6836 
0.999958 0.00303152 0.00860433 -1.10731 -0.00306007 0.99999 0.00331197 -1.17819 -0.00859424 -0.00333812 0.999958 71.1166 
0.999924 0.00779559 0.00959498 -1.13042 -0.00783007 0.999963 0.00356592 -1.19948 -0.00956687 -0.00364074 0.999948 72.5387 
0.999872 0.0122622 0.0102905 -1.15766 -0.0122957 0.999919 0.00320018 -1.2246 -0.0102505 -0.00332626 0.999942 73.9469 
0.999835 0.0147836 0.010576 -1.17223 -0.0148129 0.999887 0.00269923 -1.25307 -0.010535 -0.0028554 0.99994 75.3633 
0.99979 0.0170032 0.0114517 -1.1937 -0.0170326 0.999852 0.0024771 -1.27518 -0.0114079 -0.00267159 0.999931 76.7746 
0.999782 0.017247 0.0117354 -1.20432 -0.0172793 0.999847 0.00265835 -1.29368 -0.0116878 -0.00286051 0.999928 78.1815 
0.999802 0.016025 0.0117934 -1.21404 -0.0160564 0.999868 0.00257518 -1.31269 -0.0117506 -0.00276399 0.999927 79.5821 
0.999823 0.0146364 0.0118517 -1.22753 -0.0146586 0.999891 0.00179756 -1.34111 -0.0118241 -0.00197093 0.999928 80.9574 
0.999833 0.0141435 0.0115847 -1.22931 -0.0141655 0.999898 0.00182792 -1.36611 -0.0115577 -0.00199168 0.999931 82.3623 
0.999824 0.0147481 0.011599 -1.252 -0.0147692 0.999889 0.00173727 -1.38286 -0.0115721 -0.00190823 0.999931 83.7398 
0.999834 0.0144881 0.0110597 -1.2604 -0.0145013 0.999894 0.00111826 -1.40087 -0.0110423 -0.00127841 0.999938 85.1266 
0.999839 0.0146251 0.0103522 -1.27331 -0.0146411 0.999892 0.0014757 -1.42721 -0.0103296 -0.00162699 0.999945 86.5274 
0.999855 0.0141407 0.00948015 -1.29484 -0.014159 0.999898 0.00186642 -1.44125 -0.00945283 -0.00200034 0.999953 87.9378 
0.999895 0.0117542 0.00845228 -1.30917 -0.0117815 0.999926 0.0031894 -1.47151 -0.0084142 -0.00328861 0.999959 89.3093 
0.999929 0.00975204 0.0069142 -1.3193 -0.00977602 0.999946 0.00345036 -1.48511 -0.00688022 -0.00351767 0.99997 90.7077 
0.999949 0.00794415 0.00620785 -1.33449 -0.00796593 0.999962 0.00349867 -1.50677 -0.00617986 -0.0035479 0.999975 92.0989 
0.999961 0.00665992 0.00572291 -1.34588 -0.00667739 0.999973 0.00304543 -1.52403 -0.00570252 -0.00308349 0.999979 93.5036 
0.999967 0.00589578 0.00563284 -1.36687 -0.00590916 0.99998 0.00236869 -1.54156 -0.0056188 -0.00240186 0.999981 94.8938 
0.999966 0.00619753 0.00549429 -1.38367 -0.00620822 0.999979 0.00193799 -1.56714 -0.00548221 -0.001972 0.999983 96.2516 
0.999966 0.00613974 0.00545504 -1.4049 -0.00614588 0.999981 0.00111784 -1.58457 -0.00544811 -0.00115129 0.999985 97.6339 
0.999962 0.00655711 0.0056681 -1.42638 -0.00656075 0.999978 0.000631249 -1.61177 -0.00566388 -0.00066837 0.999984 99.0281 
0.999951 0.00781359 0.0061636 -1.44978 -0.00781908 0.999969 0.000874628 -1.63281 -0.00615662 -0.000922737 0.999981 100.387 
0.999944 0.00833857 0.00645095 -1.47027 -0.00835593 0.999962 0.00267546 -1.66104 -0.00642844 -0.00272918 0.999976 101.751 
0.999933 0.0093896 0.0068429 -1.50106 -0.00941604 0.999948 0.00384799 -1.6825 -0.00680645 -0.00391212 0.999969 103.113 
0.999943 0.00806234 0.00703706 -1.51669 -0.00808148 0.999964 0.00270102 -1.70761 -0.00701507 -0.0027577 0.999972 104.465 
0.999936 0.00867615 0.00728442 -1.53263 -0.00867674 0.999962 5.55828e-05 -1.72565 -0.0072837 -0.000118742 0.999974 105.838 
0.999945 0.00755128 0.00733848 -1.5476 -0.00754398 0.999971 -0.00101579 -1.75096 -0.00734598 0.000960417 0.999973 107.189 
0.999953 0.00559339 0.00797853 -1.56419 -0.00559385 0.999984 4.17012e-05 -1.77173 -0.00797821 -8.62881e-05 0.999968 108.538 
0.999958 0.00333616 0.00850251 -1.57131 -0.00335169 0.999993 0.00181855 -1.78875 -0.00849642 -0.00184693 0.999962 109.898 
0.999951 0.00197202 0.00968109 -1.59003 -0.00199448 0.999995 0.00231559 -1.81038 -0.00967652 -0.00233474 0.99995 111.235 
0.999944 0.000966311 0.0105827 -1.59805 -0.00097524 0.999999 0.000842622 -1.83082 -0.0105819 -0.000852854 0.999944 112.576 
0.999934 0.00294516 0.0110824 -1.59761 -0.00292788 0.999995 -0.0015718 -1.85502 -0.011087 0.00153929 0.999937 113.929 
0.999907 0.00577705 0.0123551 -1.60583 -0.00572742 0.999975 -0.00404455 -1.8735 -0.0123782 0.00397346 0.999916 115.267 
0.999863 0.00875627 0.0140459 -1.62575 -0.00870321 0.999955 -0.00383114 -1.90464 -0.0140788 0.00370841 0.999894 116.603 
0.999829 0.0100149 0.0155715 -1.62793 -0.00998301 0.999948 -0.00211913 -1.92488 -0.0155919 0.00196335 0.999877 117.984 
0.999809 0.0102009 0.0166655 -1.63145 -0.010197 0.999948 -0.000319342 -1.94565 -0.016668 0.000149385 0.999861 119.345 
0.999801 0.00932573 0.0176341 -1.63797 -0.00933437 0.999956 0.000410443 -1.97586 -0.0176295 -0.000574923 0.999844 120.701 
0.99977 0.00999408 0.018979 -1.6408 -0.00999018 0.99995 -0.00029811 -1.99727 -0.0189811 0.000108479 0.99982 122.033 
0.999736 0.0114483 0.0199374 -1.64026 -0.0114346 0.999934 -0.000798239 -2.01791 -0.0199453 0.000570092 0.999801 123.392 
0.999677 0.0136675 0.0214223 -1.64607 -0.013644 0.999906 -0.00124265 -2.03829 -0.0214373 0.000950008 0.99977 124.742 
0.999633 0.0144569 0.0229312 -1.64468 -0.0143994 0.999893 -0.00266903 -2.05921 -0.0229674 0.00233789 0.999734 126.097 
0.999596 0.0156991 0.0236902 -1.63501 -0.0156176 0.999872 -0.00361912 -2.08158 -0.023744 0.00324772 0.999713 127.485 
0.999567 0.0154669 0.0250189 -1.62919 -0.0153725 0.999874 -0.00396164 -2.10756 -0.0250771 0.00357537 0.999679 128.834 
0.999548 0.0147824 0.0261788 -1.62932 -0.0147159 0.999888 -0.00272862 -2.1334 -0.0262163 0.00234218 0.999654 130.203 
0.999533 0.0135329 0.0273848 -1.62132 -0.0134776 0.999907 -0.00220035 -2.15291 -0.0274121 0.00183028 0.999623 131.561 
0.999529 0.0131133 0.0277619 -1.61601 -0.0130497 0.999912 -0.00247041 -2.16864 -0.0277919 0.002107 0.999612 132.934 
0.99955 0.0107986 0.027975 -1.60954 -0.0107482 0.99994 -0.00194804 -2.19966 -0.0279944 0.00164652 0.999607 134.282 
0.999572 0.00901792 0.0278302 -1.59474 -0.00898854 0.999959 -0.00117909 -2.22578 -0.0278398 0.000928471 0.999612 135.635 
0.999589 0.00742284 0.0276943 -1.58834 -0.0073869 0.999972 -0.0013984 -2.25286 -0.027704 0.00119329 0.999616 136.994 
0.999622 0.00609219 0.0268129 -1.58287 -0.00605794 0.999981 -0.00135674 -2.2801 -0.0268207 0.00119384 0.99964 138.354 
0.99965 0.00490456 0.0259991 -1.57483 -0.00488968 0.999988 -0.000634407 -2.30333 -0.0260019 0.000507099 0.999662 139.702 
0.999679 0.00370588 0.0250655 -1.56549 -0.00369438 0.999993 -0.000503109 -2.32998 -0.0250672 0.000410387 0.999686 141.049 
0.999706 0.00333992 0.0240093 -1.56262 -0.00333135 0.999994 -0.0003951 -2.35779 -0.0240105 0.000315042 0.999712 142.381 
0.999727 0.00278608 0.023211 -1.56418 -0.00277655 0.999996 -0.000441076 -2.38857 -0.0232122 0.000376551 0.999731 143.735 
0.999741 0.00287715 0.022594 -1.56851 -0.00286233 0.999996 -0.000686135 -2.41497 -0.022596 0.000621327 0.999745 145.083 
0.99976 0.000655238 0.0219065 -1.56516 -0.00059413 0.999996 -0.00279395 -2.44175 -0.0219083 0.00278031 0.999756 146.434 
0.999772 -0.00497269 0.0207723 -1.55839 0.00503698 0.999983 -0.0030416 -2.46771 -0.0207569 0.00314557 0.99978 147.78 
0.999724 -0.0123462 0.0200052 -1.5498 0.0123611 0.999923 -0.000617608 -2.49261 -0.0199961 0.000864766 0.9998 149.117 
0.999653 -0.0190998 0.0181363 -1.53515 0.0190884 0.999818 0.000803882 -2.51267 -0.0181484 -0.000457367 0.999835 150.479 
0.999602 -0.0223025 0.0172703 -1.52998 0.022346 0.999748 -0.00232369 -2.53928 -0.0172142 0.00270873 0.999848 151.823 
0.999618 -0.0213217 0.017597 -1.52855 0.0214257 0.999754 -0.00574143 -2.56272 -0.0174703 0.00611631 0.999829 153.19 
0.999671 -0.0178211 0.0184708 -1.53131 0.017969 0.999808 -0.00786875 -2.59343 -0.0183271 0.00819811 0.999798 154.55 
0.999655 -0.0178674 0.0192727 -1.53001 0.0180248 0.999805 -0.00802419 -2.6258 -0.0191257 0.00836885 0.999782 155.909 
0.999578 -0.0210408 0.0200153 -1.51779 0.021134 0.999767 -0.00445144 -2.65813 -0.019917 0.00487261 0.99979 157.292 
0.999454 -0.0262061 0.0201076 -1.49441 0.0262468 0.999654 -0.00175867 -2.68251 -0.0200546 0.00228551 0.999796 158.665 
0.999355 -0.0295494 0.020405 -1.4879 0.0295687 0.999563 -0.000639643 -2.70495 -0.0203772 0.00124262 0.999792 160.019 
0.999298 -0.031186 0.0207779 -1.48097 0.0312032 0.999513 -0.000501708 -2.73243 -0.0207522 0.00114974 0.999784 161.377 
0.999328 -0.029411 0.0218863 -1.47826 0.0294119 0.999567 0.000285294 -2.75978 -0.0218853 0.000358657 0.99976 162.73 
0.999422 -0.0249467 0.0231028 -1.47549 0.0249741 0.999688 -0.000894222 -2.78178 -0.0230733 0.00147072 0.999733 164.092 
0.999472 -0.021535 0.024318 -1.4772 0.0216082 0.999763 -0.00274799 -2.81458 -0.0242531 0.00327205 0.999701 165.449 
0.999506 -0.018927 0.025081 -1.47054 0.0190129 0.999814 -0.00318981 -2.84106 -0.025016 0.00366514 0.99968 166.813 
0.999521 -0.0169908 0.0258692 -1.47043 0.0170528 0.999852 -0.00217546 -2.86842 -0.0258284 0.0026156 0.999663 168.18 
0.999556 -0.0153574 0.0255374 -1.45778 0.0154221 0.999878 -0.00234053 -2.89755 -0.0254984 0.00273337 0.999671 169.558 
0.9996 -0.0130962 0.0250733 -1.44963 0.0132221 0.999901 -0.00486204 -2.92631 -0.0250072 0.00519166 0.999674 170.919 
0.99965 -0.00897737 0.0248691 -1.44867 0.00916817 0.999929 -0.00756708 -2.9577 -0.0247994 0.00779248 0.999662 172.275 
0.999692 -0.00341428 0.0245653 -1.44223 0.00363526 0.999953 -0.00895492 -2.99008 -0.0245336 0.00904151 0.999658 173.648 
0.999681 0.00121944 0.0252133 -1.44497 -0.00102221 0.999969 -0.00783232 -3.02792 -0.0252221 0.00780409 0.999651 175.039 
0.999644 0.00486568 0.0262451 -1.44764 -0.00470552 0.99997 -0.00615914 -3.05595 -0.0262743 0.00603349 0.999637 176.431 
0.999643 0.0050353 0.0262562 -1.43589 -0.00492924 0.999979 -0.00410112 -3.08484 -0.0262763 0.00397027 0.999647 177.822 
0.999668 0.00224826 0.0256715 -1.42694 -0.00215907 0.999992 -0.00349964 -3.11169 -0.0256792 0.00344309 0.999664 179.21 
0.99971 8.19076e-05 0.0240871 -1.4223 9.44092e-07 0.999994 -0.00343785 -3.13911 -0.0240873 0.00343692 0.999704 180.595 
0.999759 0.000201577 0.0219597 -1.40866 -3.43157e-05 0.999971 -0.0076149 -3.16943 -0.0219606 0.00761235 0.99973 181.991 
0.999781 0.00223038 0.0208018 -1.40774 -0.00198771 0.99993 -0.0116771 -3.20608 -0.0208264 0.0116333 0.999715 183.383 
0.999773 0.00660097 0.0202385 -1.41242 -0.00635834 0.999907 -0.012027 -3.24964 -0.0203161 0.0118957 0.999723 184.787 
0.999741 0.00988102 0.0205083 -1.42244 -0.00965771 0.999893 -0.0109569 -3.28574 -0.0206144 0.010756 0.99973 186.217 
0.999706 0.0117864 0.0211811 -1.42787 -0.0116285 0.999904 -0.00755996 -3.31823 -0.0212683 0.00731147 0.999747 187.629 
0.999701 0.012209 0.0211813 -1.42282 -0.0120873 0.99991 -0.00586102 -3.33923 -0.0212509 0.00560328 0.999759 189.122 
0.9997 0.0118038 0.0214476 -1.42298 -0.0117001 0.999919 -0.00495134 -3.36972 -0.0215044 0.00469896 0.999758 190.568 
0.999727 0.00905886 0.0215497 -1.41598 -0.0089699 0.999951 -0.00421921 -3.393 -0.0215869 0.0040248 0.999759 192.016 
0.999747 0.00645741 0.0215398 -1.40884 -0.00637897 0.999973 -0.00370636 -3.42137 -0.0215631 0.00356807 0.999761 193.456 
0.999761 0.00389985 0.0215222 -1.40131 -0.00382211 0.999986 -0.00365028 -3.44779 -0.0215362 0.00356719 0.999762 194.888 
0.99976 0.00036014 0.0218981 -1.3919 -0.000308348 0.999997 -0.00236651 -3.47745 -0.021899 0.00235924 0.999757 196.327 
0.999741 -0.00361727 0.0224871 -1.38601 0.00363737 0.999993 -0.000851132 -3.50184 -0.0224839 0.000932747 0.999747 197.762 
0.999721 -0.00612418 0.0228161 -1.37103 0.00614777 0.999981 -0.000961972 -3.52495 -0.0228098 0.00110201 0.999739 199.22 
0.999723 -0.00409662 0.0231855 -1.36276 0.00422219 0.999977 -0.00536765 -3.55041 -0.023163 0.0054641 0.999717 200.663 
0.999715 0.00365795 0.0235773 -1.36153 -0.00341119 0.999939 -0.0104956 -3.58089 -0.0236143 0.0104122 0.999667 202.092 
0.999613 0.012354 0.0249161 -1.36859 -0.0120987 0.999873 -0.0103681 -3.61816 -0.0250411 0.0100626 0.999636 203.522 
0.999457 0.0200415 0.0261563 -1.37638 -0.0198659 0.999779 -0.00695408 -3.65138 -0.0262899 0.00643073 0.999634 204.982 
0.999412 0.0209945 0.0271129 -1.37153 -0.020876 0.999771 -0.00464491 -3.68291 -0.0272043 0.00407621 0.999622 206.448 
0.999463 0.0189296 0.0267523 -1.35771 -0.018825 0.999814 -0.00415671 -3.70896 -0.0268261 0.00365091 0.999633 207.9 
0.999551 0.0155569 0.0256078 -1.34434 -0.0154534 0.999872 -0.00423257 -3.73767 -0.0256704 0.00383498 0.999663 209.36 
0.999603 0.0135433 0.024694 -1.33267 -0.0134343 0.999899 -0.0045717 -3.77 -0.0247535 0.00423818 0.999685 210.828 
0.999601 0.0142401 0.0244046 -1.3282 -0.0141175 0.999887 -0.00518844 -3.79936 -0.0244757 0.00484188 0.999689 212.297 
0.999582 0.015591 0.0243618 -1.31893 -0.0154745 0.999868 -0.00495974 -3.82854 -0.0244359 0.00458072 0.999691 213.772 
0.999558 0.0169339 0.0244378 -1.31396 -0.0168416 0.99985 -0.00397955 -3.8609 -0.0245016 0.00356626 0.999693 215.256 
0.999575 0.0160542 0.0243161 -1.30572 -0.0159471 0.999862 -0.00459278 -3.89108 -0.0243865 0.0042031 0.999694 216.73 
0.999579 0.0159955 0.0241886 -1.30199 -0.0158684 0.999859 -0.00543528 -3.92287 -0.0242722 0.0050492 0.999693 218.201 
0.999588 0.0155224 0.0241534 -1.29678 -0.0153881 0.999865 -0.00573555 -3.95465 -0.0242392 0.00536155 0.999692 219.674 
0.999593 0.0158623 0.0237272 -1.28764 -0.0157228 0.999858 -0.00605166 -3.98284 -0.0238198 0.00567618 0.9997 221.161 
0.999572 0.0163488 0.0242806 -1.29311 -0.0162057 0.99985 -0.00607702 -4.01892 -0.0243764 0.00568097 0.999687 222.647 
0.999572 0.016459 0.0242065 -1.28671 -0.0163114 0.999847 -0.00627817 -4.05156 -0.0243062 0.00588068 0.999687 224.131 
0.999563 0.0177955 0.0236019 -1.28485 -0.0176481 0.999824 -0.00644027 -4.08694 -0.0237124 0.00602097 0.999701 225.611 
0.999566 0.0177139 0.023559 -1.28445 -0.0175685 0.999825 -0.00636227 -4.1209 -0.0236677 0.00594565 0.999702 227.093 
0.999559 0.018229 0.0234369 -1.28789 -0.0180875 0.999817 -0.0062334 -4.15884 -0.0235463 0.00580677 0.999706 228.588 
0.999583 0.0170862 0.0233005 -1.27805 -0.0169431 0.999836 -0.00632647 -4.19018 -0.0234048 0.00592909 0.999709 230.096 
0.999588 0.0160599 0.0238062 -1.27225 -0.0159074 0.999852 -0.00658069 -4.22041 -0.0239084 0.00619932 0.999695 231.606 
0.9996 0.01495 0.0240272 -1.26576 -0.0148058 0.999871 -0.00616986 -4.25827 -0.0241164 0.00581169 0.999692 233.113 
0.999613 0.0132674 0.0244354 -1.26104 -0.0131382 0.999899 -0.00543853 -4.2917 -0.0245052 0.00511544 0.999687 234.636 
0.999614 0.013432 0.0243156 -1.25452 -0.0133121 0.999899 -0.00508532 -4.32628 -0.0243815 0.00475971 0.999691 236.163 
0.999599 0.0140201 0.024595 -1.24933 -0.0138834 0.999887 -0.00571831 -4.35442 -0.0246725 0.0053746 0.999681 237.686 
0.999571 0.0150008 0.0251427 -1.247 -0.0148454 0.99987 -0.0063542 -4.38714 -0.0252348 0.00597826 0.999664 239.206 
0.999546 0.0158978 0.0256067 -1.24008 -0.0157576 0.99986 -0.00566783 -4.42174 -0.0256933 0.0052618 0.999656 240.715 
0.999524 0.01643 0.0261273 -1.22847 -0.0163407 0.99986 -0.00362807 -4.458 -0.0261832 0.00319945 0.999652 242.229 
0.999496 0.0168788 0.0268764 -1.22067 -0.0167897 0.999853 -0.00353414 -4.47909 -0.0269321 0.00308116 0.999633 243.743 
0.999473 0.0171424 0.0275847 -1.21301 -0.0170014 0.999841 -0.00533733 -4.5081 -0.0276719 0.00486558 0.999605 245.276 
0.99944 0.017925 0.0282642 -1.20096 -0.0177309 0.999818 -0.00710252 -4.53429 -0.0283864 0.00659743 0.999575 246.82 
0.999406 0.0188288 0.028874 -1.18765 -0.0186478 0.999805 -0.00652637 -4.5705 -0.0289913 0.00598409 0.999562 248.354 
0.999409 0.018645 0.0288893 -1.17143 -0.0184892 0.999813 -0.0056495 -4.60475 -0.0289893 0.00511206 0.999567 249.887 
0.999417 0.018608 0.0286243 -1.15476 -0.0184706 0.999817 -0.00505466 -4.63824 -0.0287132 0.00452305 0.999578 251.444 
0.999411 0.0193347 0.0283636 -1.13826 -0.01919 0.999802 -0.00536509 -4.66463 -0.0284617 0.00481767 0.999583 252.997 
0.999374 0.0208712 0.0285786 -1.11951 -0.0207335 0.999772 -0.00510423 -4.69748 -0.0286787 0.00450854 0.999579 254.547 
0.999337 0.0222598 0.0287972 -1.10386 -0.0221142 0.999741 -0.00536323 -4.72539 -0.0289092 0.00472289 0.999571 256.115 
0.999305 0.0231996 0.0291644 -1.09239 -0.0230609 0.999721 -0.00508028 -4.75867 -0.0292742 0.00440423 0.999562 257.672 
0.999337 0.0218969 0.0290977 -1.06855 -0.0217475 0.999749 -0.0054402 -4.78446 -0.0292095 0.00480383 0.999562 259.227 
0.999368 0.0202525 0.0291992 -1.05637 -0.020117 0.999786 -0.00492541 -4.81212 -0.0292927 0.00433494 0.999562 260.775 
0.99941 0.0180991 0.0292039 -1.03749 -0.0179851 0.99983 -0.00415976 -4.84756 -0.0292743 0.00363211 0.999565 262.31 
0.999444 0.016765 0.0288048 -1.01716 -0.016633 0.99985 -0.00481638 -4.88345 -0.0288813 0.00433464 0.999573 263.861 
0.999469 0.0154957 0.0286594 -0.996141 -0.0153328 0.999865 -0.00589199 -4.91787 -0.0287469 0.00544947 0.999572 265.434 
0.999468 0.0134531 0.0297135 -0.985325 -0.0133317 0.999902 -0.00427919 -4.94969 -0.0297682 0.00388083 0.999549 266.995 
0.999473 0.011535 0.0303494 -0.967499 -0.0114546 0.99993 -0.00282066 -4.97562 -0.0303798 0.00247157 0.999535 268.519 
0.999475 0.0104715 0.0306534 -0.956895 -0.0103601 0.999939 -0.00378985 -5.00445 -0.0306912 0.00347033 0.999523 270.06 
0.999459 0.00987394 0.0313758 -0.939481 -0.00972464 0.999941 -0.00490623 -5.03263 -0.0314225 0.00459849 0.999496 271.6 
0.999438 0.0106506 0.0317942 -0.913536 -0.010494 0.999932 -0.00508731 -5.07061 -0.0318462 0.00475084 0.999482 273.175 
0.999392 0.0123101 0.0326235 -0.890339 -0.0121498 0.999913 -0.00510861 -5.10584 -0.0326835 0.00470918 0.999455 274.732 
0.99933 0.0142342 0.0337132 -0.88029 -0.0140523 0.999885 -0.00562519 -5.1417 -0.0337894 0.00514772 0.999416 276.272 
0.99927 0.015536 0.0349061 -0.86123 -0.0153358 0.999864 -0.0059948 -5.17695 -0.0349946 0.00545516 0.999373 277.843 
0.999232 0.0160529 0.0357443 -0.837159 -0.0158423 0.999856 -0.00616655 -5.21537 -0.0358382 0.00559558 0.999342 279.386 
0.999188 0.0164774 0.0367617 -0.814043 -0.0162296 0.999844 -0.00702792 -5.25195 -0.0368718 0.00642562 0.999299 280.935 
0.999167 0.0154179 0.0377825 -0.784417 -0.0151391 0.999856 -0.00765283 -5.28585 -0.0378951 0.0070745 0.999257 282.526 
0.999139 0.0147064 0.0387966 -0.75272 -0.0144362 0.99987 -0.00723512 -5.3259 -0.038898 0.00666885 0.999221 284.057 
0.999139 0.0135747 0.0392152 -0.715464 -0.0133369 0.999891 -0.00631769 -5.36072 -0.0392968 0.00578928 0.999211 285.651 
0.999133 0.0126132 0.0396699 -0.683302 -0.01239 0.999906 -0.00586626 -5.39809 -0.0397402 0.00536971 0.999196 287.2 
0.999143 0.0119776 0.0396118 -0.646882 -0.0116513 0.999896 -0.0084564 -5.43257 -0.039709 0.00798767 0.999179 288.761 
0.999151 0.010524 0.0398333 -0.623708 -0.0101083 0.999893 -0.0106218 -5.47255 -0.0399408 0.0102102 0.99915 290.293 
0.999167 0.0109339 0.0393297 -0.591428 -0.0105269 0.999889 -0.0105412 -5.51648 -0.0394407 0.0101185 0.999171 291.824 
0.999227 0.00983257 0.0380749 -0.556434 -0.0094523 0.999904 -0.0101534 -5.55777 -0.0381711 0.00978567 0.999223 293.38 
0.999263 0.00950685 0.0371821 -0.53254 -0.0091233 0.999904 -0.0104704 -5.60303 -0.0372781 0.0101235 0.999254 294.955 
0.999275 0.00986767 0.0367708 -0.507003 -0.00947283 0.999896 -0.0108954 -5.64037 -0.0368746 0.0105393 0.999264 296.525 
0.99931 0.0094319 0.0359369 -0.477046 -0.00907826 0.999909 -0.00998971 -5.68859 -0.0360279 0.00965661 0.999304 298.1 
0.999358 0.00804795 0.034916 -0.453866 -0.00771034 0.999922 -0.009792 -5.72674 -0.0349921 0.00951654 0.999342 299.707 
0.999381 0.0089857 0.034002 -0.427745 -0.00870769 0.999928 -0.00831445 -5.77383 -0.0340743 0.00801327 0.999387 301.261 
0.999382 0.0113492 0.0332816 -0.401152 -0.0111155 0.999912 -0.00719669 -5.80871 -0.0333604 0.00682234 0.99942 302.861 
0.999357 0.0110481 0.0341187 -0.385468 -0.0108045 0.999915 -0.0073154 -5.83591 -0.0341967 0.00694209 0.999391 304.463 
0.999315 0.0119346 0.0350451 -0.368234 -0.0116657 0.999901 -0.00786884 -5.86699 -0.0351356 0.00745466 0.999355 306.087 
0.999317 0.0104895 0.0354306 -0.348674 -0.0102179 0.999917 -0.00783551 -5.90708 -0.0355099 0.00746817 0.999341 307.701 
0.999338 0.0084052 0.0354059 -0.316495 -0.00809978 0.999929 -0.00875975 -5.94444 -0.0354771 0.00846721 0.999335 309.309 
0.999338 0.00695408 0.035724 -0.288967 -0.00658459 0.999924 -0.010449 -5.98484 -0.035794 0.0102069 0.999307 310.947 
0.999363 0.00613229 0.0351461 -0.253721 -0.00573032 0.999917 -0.011525 -6.02791 -0.0352139 0.0113163 0.999316 312.562 
0.999434 0.00673575 0.0329507 -0.225949 -0.00632701 0.999902 -0.0124919 -6.0701 -0.0330317 0.0122763 0.999379 314.202 
0.9995 0.00750065 0.0307188 -0.202456 -0.00714782 0.999907 -0.0115782 -6.11842 -0.0308029 0.0113529 0.999461 315.838 
0.999511 0.0085652 0.0300617 -0.177965 -0.00831901 0.999931 -0.00830363 -6.15446 -0.0301308 0.00804953 0.999514 317.498 
0.999509 0.00681565 0.0305884 -0.156875 -0.00665793 0.999964 -0.00525382 -6.19117 -0.0306232 0.00504763 0.999518 319.126 
0.999518 0.00589739 0.0304643 -0.131332 -0.00575668 0.999972 -0.0047032 -6.22364 -0.0304912 0.00452561 0.999525 320.767 
0.999524 0.00460253 0.0304932 -0.107906 -0.00441966 0.999972 -0.00606023 -6.25279 -0.0305202 0.00592262 0.999517 322.417 
0.999511 0.00335756 0.0310803 -0.0940555 -0.00317187 0.999977 -0.00602069 -6.29598 -0.0310998 0.00591921 0.999499 324.067 
0.999482 0.00321281 0.0320173 -0.0943497 -0.0030336 0.99998 -0.005643 -6.3337 -0.0320348 0.00554299 0.999471 325.712 
0.999454 0.00358077 0.0328382 -0.0760718 -0.0033893 0.999977 -0.00588321 -6.36888 -0.0328586 0.00576874 0.999443 327.373 
0.99943 0.00470351 0.0334374 -0.0621204 -0.00447766 0.999967 -0.00682472 -6.40638 -0.0334684 0.00667114 0.999418 329.026 
0.999402 0.00555966 0.0341153 -0.0421974 -0.00530846 0.999958 -0.00744813 -6.44311 -0.0341553 0.00726262 0.99939 330.682 
0.999361 0.0044877 0.0354741 -0.0336391 -0.0042951 0.999976 -0.00550232 -6.47985 -0.0354979 0.00534648 0.999355 332.313 
0.999355 0.00351339 0.0357257 -0.0117594 -0.00334324 0.999983 -0.00481986 -6.51324 -0.0357421 0.00469735 0.99935 333.936 
0.999354 0.00255375 0.0358624 0.0198621 -0.00234582 0.99998 -0.00583754 -6.55414 -0.0358767 0.00574968 0.99934 335.591 
0.999302 0.00410035 0.0371273 0.00832775 -0.00388591 0.999975 -0.00584502 -6.5887 -0.0371504 0.00569671 0.999293 337.196 
0.999304 0.00567832 0.0368571 0.0377552 -0.0053889 0.999954 -0.00794602 -6.62741 -0.0369005 0.00774191 0.999289 338.824 
0.999295 0.00728233 0.0368285 0.051736 -0.00689318 0.999919 -0.0106814 -6.67074 -0.0369033 0.01042 0.999265 340.438 
0.999296 0.00872919 0.0364932 0.0686144 -0.00835971 0.999912 -0.0102637 -6.71355 -0.0365796 0.00995144 0.999281 342.065 
0.999317 0.00945135 0.035729 0.0874374 -0.00922164 0.999936 -0.00658727 -6.75845 -0.035789 0.00625334 0.99934 343.686 
0.999347 0.00994552 0.0347395 0.107566 -0.00982132 0.999945 -0.00374299 -6.79668 -0.0347748 0.0033994 0.999389 345.299 
0.999375 0.0105365 0.0337423 0.13176 -0.0103714 0.999933 -0.00506409 -6.8314 -0.0337934 0.00471102 0.999418 346.903 
0.999431 0.00989989 0.0322445 0.143357 -0.00969559 0.999932 -0.00648482 -6.86964 -0.0323065 0.00616855 0.999459 348.53 
0.999493 0.00857229 0.0306714 0.166424 -0.00841869 0.999951 -0.00513202 -6.90861 -0.0307139 0.00487125 0.999516 350.154 
0.99953 0.00687015 0.0298923 0.188695 -0.00674669 0.999968 -0.0042276 -6.95294 -0.0299204 0.00402398 0.999544 351.789 
0.999543 0.00657075 0.0295052 0.202656 -0.00641562 0.999965 -0.00534806 -6.98415 -0.0295393 0.00515636 0.99955 353.409 
0.999554 0.00611135 0.0292273 0.219005 -0.00593399 0.999964 -0.00614954 -7.01971 -0.0292638 0.0059734 0.999554 355.036 
0.999555 0.00568287 0.0292962 0.239302 -0.00549836 0.999965 -0.00637337 -7.05416 -0.0293314 0.00620949 0.99955 356.665 
0.999557 0.00515679 0.0293155 0.25722 -0.00497059 0.999967 -0.00641924 -7.0919 -0.0293477 0.00627072 0.99955 358.261 
0.999557 0.00472447 0.0293762 0.276315 -0.00451594 0.999964 -0.0071592 -7.12677 -0.029409 0.00702341 0.999543 359.908 
0.999551 0.00451618 0.0296386 0.292546 -0.00428733 0.999961 -0.00777904 -7.16838 -0.0296726 0.00764851 0.99953 361.518 
0.999551 0.00390885 0.0297111 0.307296 -0.00368892 0.999965 -0.00745201 -7.21012 -0.0297393 0.0073391 0.999531 363.126 
0.999539 0.00410912 0.0300847 0.323516 -0.00386164 0.999958 -0.00827825 -7.25016 -0.0301175 0.0081583 0.999513 364.721 
0.99955 0.00311968 0.0298407 0.353215 -0.00283733 0.999951 -0.00949821 -7.29455 -0.0298689 0.0094093 0.99951 366.329 
0.999549 0.00175563 0.0299758 0.364888 -0.00152397 0.999969 -0.00774789 -7.32877 -0.0299885 0.00769875 0.999521 367.931 
0.999557 0.000244555 0.0297702 0.3905 -3.52338e-05 0.999975 -0.0070301 -7.36399 -0.0297712 0.00702598 0.999532 369.541 
0.999566 -0.000167277 0.0294644 0.413769 0.000402301 0.999968 -0.00796934 -7.40392 -0.0294621 0.00797777 0.999534 371.143 
0.999556 0.00114119 0.0297862 0.427833 -0.000886838 0.999963 -0.00854961 -7.44384 -0.0297949 0.00851944 0.99952 372.742 
0.999544 0.00276042 0.0300766 0.442638 -0.00252612 0.999966 -0.00782406 -7.47895 -0.0300972 0.00774456 0.999517 374.346 
0.99952 0.00428358 0.0306797 0.450641 -0.00405695 0.999964 -0.00744386 -7.50767 -0.0307105 0.00731586 0.999502 375.947 
0.99951 0.00422903 0.0310218 0.4719 -0.00399595 0.999963 -0.00757009 -7.5495 -0.0310527 0.00744246 0.99949 377.568 
0.999511 0.00391113 0.0310387 0.492734 -0.00365635 0.999959 -0.00825963 -7.59368 -0.0310698 0.00814214 0.999484 379.176 
0.999499 0.0044028 0.0313322 0.506141 -0.00412445 0.999952 -0.00894151 -7.62393 -0.0313701 0.00880785 0.999469 380.801 
0.999482 0.00466363 0.0318441 0.528273 -0.00437108 0.999948 -0.00924893 -7.66241 -0.0318856 0.00910499 0.99945 382.417 
0.999478 0.00577894 0.0317787 0.551663 -0.00549444 0.999944 -0.00903107 -7.7086 -0.0318291 0.0088518 0.999454 384.041 
0.999465 0.00748053 0.0318563 0.582059 -0.00718224 0.999929 -0.00946632 -7.7296 -0.0319249 0.00923249 0.999448 385.705 
0.999454 0.00848691 0.0319263 0.607254 -0.00817196 0.999917 -0.00998102 -7.77035 -0.0320084 0.00971471 0.99944 387.357 
0.999445 0.00908113 0.0320641 0.62743 -0.00874198 0.999905 -0.0107004 -7.81251 -0.0321582 0.0104142 0.999429 388.998 
0.999442 0.00962299 0.0319851 0.654914 -0.00927807 0.999897 -0.0109134 -7.85342 -0.0320869 0.0106106 0.999429 390.626 
0.999423 0.0111203 0.0320798 0.680339 -0.0107958 0.999889 -0.0102666 -7.89203 -0.0321905 0.00991439 0.999433 392.239 
0.999392 0.0123898 0.032577 0.695261 -0.0120699 0.999877 -0.0099964 -7.93563 -0.0326969 0.00959717 0.999419 393.877 
0.999374 0.0132657 0.0328065 0.718775 -0.0129207 0.999859 -0.0107041 -7.97908 -0.0329439 0.0102735 0.999404 395.51 
0.999361 0.0132504 0.0331937 0.738528 -0.0129082 0.999862 -0.0104998 -8.0245 -0.0333283 0.0100646 0.999394 397.144 
0.99937 0.0127384 0.0331264 0.770313 -0.0124087 0.999872 -0.0101363 -8.06302 -0.0332513 0.00971888 0.9994 398.799 
0.999369 0.0126429 0.0332043 0.795509 -0.0122839 0.999864 -0.0109935 -8.10976 -0.0333388 0.0105787 0.999388 400.422 
0.999364 0.0120279 0.0335624 0.81805 -0.0116311 0.99986 -0.011991 -8.15547 -0.033702 0.0115931 0.999365 402.041 
0.999364 0.0116053 0.0337097 0.842097 -0.0112034 0.999864 -0.0120871 -8.20264 -0.0338454 0.0117018 0.999359 403.688 
0.999363 0.010736 0.0340258 0.865312 -0.0103739 0.999888 -0.0108008 -8.24054 -0.034138 0.010441 0.999363 405.357 
0.999378 0.00923164 0.0340435 0.894837 -0.00891435 0.999916 -0.00945872 -8.28079 -0.034128 0.0091494 0.999376 407.035 
0.999388 0.00746116 0.0341693 0.926439 -0.00713067 0.999927 -0.00978259 -8.33071 -0.0342398 0.009533 0.999368 408.669 
0.999395 0.00627037 0.0342069 0.957613 -0.00591793 0.999929 -0.0103935 -8.37589 -0.0342696 0.0101848 0.999361 410.309 
