1 2.12261e-08 -2.11895e-08 0 2.12261e-08 1 2.10703e-08 0 -2.11895e-08 2.10703e-08 1 0 
0.999996 -0.00199665 -0.00177821 -0.00510584 0.0019955 0.999998 -0.000673641 -0.0124655 0.00177951 0.000670133 0.999998 0.569464 
0.999992 -0.00249243 -0.00300686 -0.0163515 0.00248637 0.999995 -0.0020326 -0.0252686 0.00301186 0.00202515 0.999993 1.14613 
0.999984 -0.00281814 -0.00497618 -0.0289199 0.00280144 0.99999 -0.00336828 -0.03901 0.00498558 0.00335433 0.999982 1.71237 
0.999966 -0.00485422 -0.00663328 -0.045926 0.00481959 0.999975 -0.00523415 -0.0463226 0.00665848 0.00520205 0.999964 2.27558 
0.999938 -0.00728903 -0.00845535 -0.0507803 0.00722896 0.999949 -0.0071173 -0.0587991 0.00850675 0.00705578 0.999939 2.85247 
0.999913 -0.00863467 -0.00993671 -0.062282 0.00855551 0.999932 -0.00798577 -0.0678033 0.0100049 0.0079001 0.999919 3.4326 
0.999895 -0.00892765 -0.0114007 -0.0778434 0.00884334 0.999933 -0.00742809 -0.079305 0.0114663 0.00732653 0.999907 4.0218 
0.999876 -0.00938383 -0.0126392 -0.0946286 0.00928719 0.999927 -0.00768649 -0.0961933 0.0127103 0.0075682 0.999891 4.61189 
0.999871 -0.00858653 -0.0135705 -0.119199 0.00844878 0.999913 -0.0101782 -0.114875 0.0136567 0.0100622 0.999856 5.21205 
0.999868 -0.00670405 -0.0147756 -0.142521 0.0064947 0.999878 -0.0141741 -0.127543 0.0148687 0.0140763 0.99979 5.81683 
0.99986 -0.00537726 -0.0158561 -0.165098 0.00509467 0.999828 -0.0178117 -0.144283 0.0159491 0.0177285 0.999716 6.43089 
0.999854 -0.00350829 -0.0167414 -0.195384 0.00320749 0.999834 -0.0179632 -0.153787 0.0168016 0.0179069 0.999699 7.06005 
0.999839 -0.000991743 -0.0179461 -0.224274 0.000792062 0.999938 -0.0111328 -0.164187 0.017956 0.0111168 0.999777 7.72116 
0.999822 -4.88672e-05 -0.018881 -0.249658 3.47822e-05 1 -0.000748544 -0.175248 0.018881 0.000747797 0.999821 8.38687 
0.999808 0.00108003 -0.0195595 -0.279752 -0.000967235 0.999983 0.0057731 -0.187779 0.0195653 -0.00575304 0.999792 9.07206 
0.999783 0.00337237 -0.0205428 -0.315229 -0.00327323 0.999983 0.00485556 -0.203602 0.0205587 -0.00478723 0.999777 9.7544 
0.99976 0.00549576 -0.0212252 -0.35042 -0.00554513 0.999982 -0.00227018 -0.213881 0.0212123 0.00238737 0.999772 10.4504 
0.999737 0.00517625 -0.0223385 -0.380817 -0.00536688 0.99995 -0.00848413 -0.21196 0.0222934 0.00860183 0.999715 11.1679 
0.999714 0.00289668 -0.0237484 -0.403415 -0.00306146 0.999972 -0.00690712 -0.212478 0.0237277 0.00697789 0.999694 11.9064 
0.999707 0.00159764 -0.0241512 -0.435738 -0.00153963 0.999996 0.00241848 -0.222921 0.0241549 -0.00238054 0.999705 12.6781 
0.999695 0.00149191 -0.0246689 -0.47031 -0.0012491 0.999951 0.00985344 -0.231919 0.0246824 -0.00981958 0.999647 13.4618 
0.999682 0.00055158 -0.0252309 -0.504966 -0.000236964 0.999922 0.0124691 -0.237584 0.0252358 -0.0124591 0.999604 14.2609 
0.999676 -0.00151693 -0.025403 -0.53641 0.00180643 0.999934 0.0113757 -0.235748 0.0253841 -0.0114179 0.999613 15.0729 
0.999691 -0.00187012 -0.0247957 -0.572583 0.0020933 0.999958 0.00897594 -0.236433 0.0247779 -0.00902503 0.999652 15.895 
0.999709 0.000831015 -0.0241295 -0.615898 -0.000702163 0.999986 0.0053463 -0.236605 0.0241335 -0.00532776 0.999695 16.7378 
0.999733 -0.00209699 -0.0230026 -0.653106 0.00209189 0.999998 -0.000247759 -0.242832 0.023003 0.000199617 0.999735 17.6032 
0.999736 -0.0051748 -0.0223801 -0.682713 0.00503214 0.999967 -0.00642776 -0.254562 0.0224126 0.00631349 0.999729 18.4751 
0.999761 -0.00448372 -0.0213805 -0.71906 0.00423251 0.999922 -0.0117826 -0.26524 0.0214316 0.0116894 0.999702 19.373 
0.999769 -0.00340425 -0.0212286 -0.759428 0.00313169 0.999912 -0.0128615 -0.279292 0.0212705 0.0127921 0.999692 20.2876 
0.999757 -0.00344423 -0.0217653 -0.792302 0.00317427 0.999918 -0.0124273 -0.296284 0.0218063 0.0123553 0.999686 21.2217 
0.999755 -0.00174151 -0.0220898 -0.827898 0.00143473 0.999902 -0.013898 -0.319644 0.0221118 0.0138629 0.999659 22.1665 
0.999758 0.00137133 -0.0219398 -0.867413 -0.00172357 0.99987 -0.0160462 -0.343782 0.0219149 0.0160802 0.999631 23.1238 
0.999738 0.0046698 -0.0224071 -0.909826 -0.00504682 0.999846 -0.0168008 -0.367525 0.0223252 0.0169095 0.999608 24.0965 
0.999724 0.00626739 -0.022622 -0.949831 -0.00664814 0.999837 -0.0167972 -0.392182 0.022513 0.016943 0.999603 25.0746 
0.99971 0.00685817 -0.0230739 -0.989912 -0.00725176 0.999829 -0.0170195 -0.420876 0.0229532 0.0171819 0.999589 26.0572 
0.999704 0.00676196 -0.0233839 -1.0281 -0.00715883 0.999831 -0.0169319 -0.44702 0.0232654 0.0170943 0.999583 27.0508 
0.999686 0.00758568 -0.0238836 -1.073 -0.00796263 0.999845 -0.0157294 -0.478024 0.0237605 0.0159147 0.999591 28.0571 
0.999665 0.00804065 -0.0246204 -1.11098 -0.00838325 0.999869 -0.0138454 -0.507299 0.0245058 0.0140472 0.999601 29.0733 
0.999652 0.00873765 -0.0248766 -1.16142 -0.00905543 0.999878 -0.0126918 -0.537089 0.0247626 0.0129127 0.99961 30.086 
0.999652 0.00863684 -0.0249244 -1.20941 -0.0089775 0.999867 -0.0135899 -0.568174 0.0248037 0.0138089 0.999597 31.1094 
0.999626 0.00961762 -0.0255916 -1.25266 -0.00999197 0.999844 -0.0145421 -0.595603 0.0254477 0.0147925 0.999567 32.1446 
0.999622 0.00948086 -0.0258273 -1.30219 -0.00984337 0.999854 -0.013947 -0.620115 0.0256912 0.014196 0.999569 33.1886 
0.999601 0.00903022 -0.0267468 -1.34536 -0.00933082 0.999894 -0.0111368 -0.649885 0.0266434 0.0113819 0.99958 34.2421 
0.999589 0.00943823 -0.0270797 -1.39541 -0.00964698 0.999925 -0.0075901 -0.673873 0.027006 0.00784826 0.999605 35.2964 
0.999571 0.00961319 -0.0276748 -1.4459 -0.00975823 0.999939 -0.0051122 -0.69837 0.0276239 0.00538011 0.999604 36.3652 
0.99956 0.00964839 -0.0280568 -1.49593 -0.00978672 0.999941 -0.00479851 -0.720327 0.0280088 0.00507102 0.999595 37.4366 
0.99954 0.00954182 -0.028795 -1.54453 -0.009735 0.999931 -0.00657763 -0.737814 0.0287302 0.00685497 0.999564 38.5092 
0.99951 0.0100108 -0.0296474 -1.59974 -0.0102345 0.99992 -0.00740237 -0.758344 0.0295708 0.00770222 0.999533 39.5923 
0.999486 0.00987775 -0.0304837 -1.65106 -0.0100758 0.999929 -0.00634992 -0.778981 0.0304188 0.00665385 0.999515 40.682 
0.999458 0.00965685 -0.031477 -1.70128 -0.0097958 0.999943 -0.00426447 -0.803987 0.031434 0.00457055 0.999495 41.7797 
0.99943 0.0101591 -0.0321984 -1.75408 -0.0102257 0.999946 -0.00190577 -0.82379 0.0321773 0.00223397 0.99948 42.874 
0.999411 0.0112723 -0.0324152 -1.81638 -0.0113538 0.999933 -0.00233113 -0.844484 0.0323867 0.00269783 0.999472 43.9608 
0.999389 0.0123534 -0.0326913 -1.87425 -0.0125554 0.999903 -0.00598355 -0.870276 0.0326142 0.00639039 0.999448 45.0403 
0.999374 0.0135502 -0.0326724 -1.93411 -0.0138913 0.999851 -0.0102371 -0.893879 0.0325287 0.0106846 0.999414 46.1253 
0.999368 0.0140452 -0.0326446 -1.99005 -0.0143955 0.999841 -0.0105245 -0.922949 0.0324916 0.0109879 0.999412 47.2111 
0.999359 0.0144756 -0.0327321 -2.04411 -0.0147469 0.999859 -0.00806309 -0.948698 0.0326107 0.00854066 0.999432 48.3018 
0.999362 0.0154202 -0.0322115 -2.10768 -0.0156267 0.999859 -0.00617172 -0.973443 0.0321118 0.00667119 0.999462 49.3798 
0.999383 0.013761 -0.0323291 -2.15715 -0.0139166 0.999893 -0.00459676 -1.00185 0.0322623 0.00504387 0.999467 50.4748 
0.999383 0.0141928 -0.0321297 -2.21038 -0.0143828 0.99988 -0.0056897 -1.02609 0.0320451 0.00614835 0.999468 51.5593 
0.9994 0.0133699 -0.0319592 -2.26249 -0.0136125 0.99988 -0.00738785 -1.05214 0.0318566 0.0078185 0.999462 52.6511 
0.999417 0.0133505 -0.0314111 -2.31743 -0.0136594 0.99986 -0.0096424 -1.07858 0.0312779 0.0100659 0.99946 53.7418 
0.999439 0.0118684 -0.0313092 -2.36754 -0.0122468 0.999854 -0.0119226 -1.11202 0.0311631 0.0122994 0.999439 54.8338 
0.999458 0.0103751 -0.0312371 -2.41858 -0.0108518 0.999827 -0.0151338 -1.14438 0.0310747 0.0154646 0.999397 55.927 
0.999482 0.00871634 -0.0309724 -2.47132 -0.0092423 0.999815 -0.0168806 -1.17704 0.0308195 0.0171581 0.999378 57.0229 
0.999499 0.00689416 -0.0308988 -2.5184 -0.0073579 0.999862 -0.0149212 -1.20691 0.0307916 0.0151411 0.999411 58.111 
0.999507 0.00554048 -0.0309021 -2.5674 -0.00582225 0.999942 -0.00903699 -1.23723 0.0308502 0.0092125 0.999482 59.2072 
0.99951 0.00445614 -0.0309763 -2.61628 -0.00454792 0.999986 -0.00289463 -1.26506 0.0309629 0.00303413 0.999516 60.3118 
0.999513 0.00278706 -0.0310682 -2.66601 -0.00285263 0.999994 -0.00206779 -1.28812 0.0310622 0.00215545 0.999515 61.4107 
0.999514 -0.000803579 -0.0311765 -2.71057 0.000650311 0.999988 -0.00492731 -1.3115 0.03118 0.00490468 0.999502 62.5062 
0.999497 -0.00239232 -0.0316104 -2.75818 0.00212788 0.999963 -0.00839786 -1.32997 0.0316293 0.00832642 0.999465 63.5957 
0.999489 -0.000675163 -0.0319555 -2.81124 0.000280886 0.999924 -0.0123425 -1.36058 0.0319614 0.0123272 0.999413 64.687 
0.999485 -0.000519547 -0.0320901 -2.86194 -1.69267e-05 0.99986 -0.0167165 -1.38855 0.0320942 0.0167085 0.999345 65.7779 
0.999497 0.00250167 -0.0316024 -2.91566 -0.00305598 0.999842 -0.0175051 -1.42005 0.0315536 0.0175929 0.999347 66.881 
0.999499 0.00647293 -0.0309863 -2.97432 -0.00689288 0.999886 -0.0134668 -1.46164 0.0308955 0.0136737 0.999429 67.9887 
0.999484 0.00792797 -0.0311136 -3.03114 -0.00828733 0.9999 -0.0114391 -1.49536 0.0310198 0.0116911 0.99945 69.088 
0.999484 0.00704594 -0.0313427 -3.08004 -0.00738899 0.999914 -0.010844 -1.52167 0.0312636 0.0110701 0.99945 70.1923 
0.99949 0.00547172 -0.0314604 -3.13026 -0.00579188 0.999932 -0.0100961 -1.5519 0.0314029 0.0102732 0.999454 71.296 
0.999479 0.00441657 -0.0319643 -3.17608 -0.00469731 0.999951 -0.00871453 -1.58191 0.0319242 0.00886018 0.999451 72.3928 
0.999475 0.0030198 -0.0322659 -3.23145 -0.00323931 0.999972 -0.00675453 -1.60921 0.0322445 0.00685554 0.999457 73.4898 
0.999443 0.00185076 -0.0333328 -3.27747 -0.00201992 0.999985 -0.00504317 -1.63778 0.0333229 0.00510773 0.999432 74.5881 
0.999414 0.00062281 -0.0342172 -3.32753 -0.000840448 0.99998 -0.00634772 -1.66474 0.0342125 0.0063728 0.999394 75.6803 
0.999381 0.000887179 -0.0351562 -3.38192 -0.00124473 0.999948 -0.010151 -1.6934 0.0351453 0.0101885 0.99933 76.7738 
0.999345 0.00101973 -0.0361786 -3.43666 -0.00146801 0.999922 -0.0123677 -1.72284 0.0361631 0.0124127 0.999269 77.8608 
0.999308 0.00310991 -0.0370781 -3.49481 -0.00350877 0.999937 -0.010698 -1.75471 0.0370424 0.0108208 0.999255 78.9454 
0.999281 0.00388628 -0.0377117 -3.5586 -0.00413547 0.99997 -0.00653304 -1.78165 0.0376851 0.00668434 0.999267 80.0374 
0.999243 0.00563598 -0.0384876 -3.62181 -0.00573719 0.99998 -0.00252081 -1.80725 0.0384726 0.00273976 0.999256 81.1214 
0.999195 0.00646493 -0.0396058 -3.67766 -0.00655199 0.999976 -0.00206975 -1.82993 0.0395915 0.00232762 0.999213 82.2041 
0.999153 0.00640082 -0.0406608 -3.72711 -0.00657675 0.99997 -0.00419547 -1.8516 0.0406327 0.00445937 0.999164 83.2918 
0.999112 0.00620279 -0.0416637 -3.78407 -0.00641731 0.999967 -0.00501793 -1.87429 0.0416311 0.00528088 0.999119 84.3537 
0.99909 0.00554952 -0.0422806 -3.84877 -0.00577006 0.99997 -0.00509684 -1.90222 0.042251 0.00533621 0.999093 85.4108 
0.999073 0.00395459 -0.0428727 -3.90984 -0.00417032 0.999979 -0.00494459 -1.9272 0.0428522 0.00511884 0.999068 86.4542 
0.999058 0.00266355 -0.043322 -3.97738 -0.00281829 0.99999 -0.00351204 -1.95146 0.0433122 0.00363086 0.999055 87.4743 
0.999038 0.00260394 -0.0437846 -4.04491 -0.0026391 0.999996 -0.000746114 -1.97853 0.0437825 0.000860991 0.999041 88.477 
0.998995 0.00168346 -0.0447811 -4.10628 -0.00167818 0.999999 0.000154514 -2.00305 0.0447812 -7.91648e-05 0.998997 89.4514 
0.998904 0.000928659 -0.0467933 -4.17297 -0.00091217 1 0.000372853 -2.02474 0.0467936 -0.000329718 0.998905 90.4177 
0.998745 -0.000277876 -0.0500771 -4.22993 0.000252655 1 -0.000510785 -2.04994 0.0500772 0.000497535 0.998745 91.3601 
0.998569 -8.05945e-05 -0.0534718 -4.29753 7.11109e-06 0.999999 -0.00137521 -2.07452 0.0534718 0.0013729 0.998568 92.2792 
0.998393 -0.000335104 -0.0566638 -4.36389 0.000272825 0.999999 -0.00110755 -2.09696 0.0566641 0.00109036 0.998393 93.1754 
0.998257 0.000815376 -0.0590062 -4.44254 -0.000812748 1 6.78304e-05 -2.11993 0.0590062 -1.97116e-05 0.998258 94.0463 
0.998076 0.00185374 -0.0619771 -4.51321 -0.00178937 0.999998 0.00109349 -2.14224 0.061979 -0.000980439 0.998077 94.8886 
0.997888 0.002922 -0.0648936 -4.58392 -0.00275689 0.999993 0.00263297 -2.16011 0.0649008 -0.00244846 0.997889 95.7074 
0.997723 0.00420217 -0.0673105 -4.6614 -0.00397252 0.999986 0.0035447 -2.18015 0.0673244 -0.00326919 0.997726 96.4922 
0.997559 0.00669566 -0.0695118 -4.73728 -0.00644614 0.999972 0.00381274 -2.19553 0.0695353 -0.0033553 0.997574 97.2608 
0.997372 0.00848373 -0.0719562 -4.81388 -0.00831761 0.999962 0.00260737 -2.21435 0.0719756 -0.00200197 0.997404 97.9929 
0.997189 0.00937602 -0.0743409 -4.88401 -0.00948779 0.999954 -0.00115091 -2.23332 0.0743267 0.00185305 0.997232 98.6998 
0.996981 0.0120251 -0.0767074 -4.95491 -0.0124431 0.99991 -0.00497489 -2.24828 0.0766406 0.00591439 0.997041 99.3721 
0.996812 0.0138867 -0.0785646 -5.02384 -0.0145416 0.999864 -0.00777116 -2.26323 0.078446 0.00888889 0.996879 100.031 
0.996735 0.0160596 -0.0791322 -5.09376 -0.0168015 0.999821 -0.00871953 -2.28302 0.0789779 0.0100206 0.996826 100.649 
0.99675 0.0184602 -0.0784201 -5.1525 -0.0191756 0.999781 -0.0083804 -2.29953 0.0782482 0.00985696 0.996885 101.244 
0.996886 0.02243 -0.0756037 -5.20948 -0.0230219 0.999711 -0.00696598 -2.31717 0.0754255 0.00868487 0.997114 101.815 
0.997235 0.0250373 -0.0699705 -5.26179 -0.0254883 0.99966 -0.00556035 -2.33501 0.0698075 0.00732845 0.997534 102.368 
0.997709 0.0257947 -0.0625439 -5.30304 -0.0260862 0.999652 -0.00384788 -2.34549 0.0624229 0.00547064 0.998035 102.894 
0.998273 0.0256571 -0.05285 -5.33419 -0.0257696 0.999667 -0.00144904 -2.35754 0.0527952 0.0028085 0.998601 103.396 
0.998834 0.0253937 -0.0410579 -5.35414 -0.0254293 0.999677 -0.0003456 -2.36893 0.0410358 0.00138931 0.999157 103.878 
0.999311 0.0246018 -0.0277872 -5.36392 -0.024615 0.999697 -0.000135455 -2.38435 0.0277754 0.000819387 0.999614 104.333 
0.999626 0.0242752 -0.0125846 -5.36622 -0.024289 0.999705 -0.000951981 -2.39636 0.0125578 0.00125734 0.99992 104.768 
0.999729 0.0226975 0.00515585 -5.35319 -0.0226774 0.999735 -0.00390617 -2.41071 -0.00524319 0.00378824 0.999979 105.189 
0.999409 0.0220186 0.0264133 -5.33269 -0.0217993 0.999726 -0.00855961 -2.42367 -0.0265946 0.0079788 0.999615 105.599 
0.998492 0.0202509 0.0510353 -5.30061 -0.0195804 0.999716 -0.0136041 -2.43103 -0.0512964 0.0125843 0.998604 106 
0.996777 0.0177559 0.0782388 -5.25395 -0.0165278 0.99973 -0.0163155 -2.44393 -0.0785074 0.0149698 0.996801 106.396 
0.993966 0.0146759 0.108699 -5.20335 -0.0128819 0.999769 -0.0171874 -2.46251 -0.108926 0.0156835 0.993926 106.778 
0.989867 0.0124234 0.141456 -5.12696 -0.00982301 0.99977 -0.0190664 -2.4752 -0.14166 0.0174838 0.989761 107.153 
0.984101 0.0100246 0.177327 -5.03771 -0.00648775 0.999769 -0.020514 -2.49134 -0.177491 0.0190374 0.983938 107.518 
0.9764 0.00692108 0.215861 -4.93068 -0.00244259 0.999776 -0.0210067 -2.50409 -0.215958 0.0199838 0.976198 107.873 
0.966598 0.00472351 0.256254 -4.81565 0.000871986 0.999764 -0.0217176 -2.51995 -0.256296 0.0212157 0.966366 108.218 
0.954398 0.00547663 0.298488 -4.69353 0.00123322 0.999751 -0.0222863 -2.54126 -0.298535 0.0216382 0.954153 108.549 
0.93919 0.00776461 0.343309 -4.56014 9.36924e-05 0.999739 -0.0228672 -2.554 -0.343397 0.0215089 0.938944 108.868 
0.921563 0.00763922 0.388153 -4.40402 0.000730192 0.999771 -0.0214099 -2.56863 -0.388227 0.0200141 0.921346 109.174 
0.901238 0.00701874 0.433269 -4.23571 0.00182112 0.999799 -0.0199842 -2.58291 -0.433322 0.0187996 0.901043 109.472 
0.878089 0.00557064 0.478464 -4.05129 0.00463168 0.999786 -0.0201403 -2.59898 -0.478474 0.0199011 0.877876 109.753 
0.852729 0.00613213 0.522317 -3.85672 0.00625474 0.99974 -0.0219485 -2.61601 -0.522315 0.0219831 0.852469 110.022 
0.824754 0.00831472 0.56543 -3.64804 0.00701301 0.999665 -0.0249295 -2.63382 -0.565448 0.0245261 0.824419 110.289 
0.793685 0.013085 0.608188 -3.42769 0.00580501 0.99956 -0.0290807 -2.64968 -0.608301 0.0266115 0.79326 110.545 
0.75928 0.0195836 0.650469 -3.19369 0.00263991 0.999446 -0.0331716 -2.65844 -0.650759 0.0269038 0.758808 110.795 
0.721344 0.0242447 0.692152 -2.9402 0.000356473 0.999374 -0.0353774 -2.67481 -0.692577 0.0257661 0.720884 111.036 
0.681381 0.0245577 0.731517 -2.66273 0.00261703 0.999349 -0.0359866 -2.68986 -0.731925 0.026435 0.680873 111.26 
0.639524 0.0219991 0.768457 -2.36278 0.0067865 0.99939 -0.034258 -2.70436 -0.768742 0.0271239 0.638984 111.475 
0.594752 0.020227 0.803655 -2.05231 0.00820574 0.999479 -0.0312284 -2.7157 -0.803867 0.0251677 0.594276 111.672 
0.547635 0.0189165 0.836504 -1.73048 0.00921023 0.999548 -0.0286331 -2.72547 -0.836667 0.0233849 0.547213 111.854 
0.49892 0.016248 0.866495 -1.38659 0.0112243 0.999619 -0.025207 -2.74047 -0.866575 0.0223021 0.498548 112.025 
0.447484 0.012635 0.894203 -1.03288 0.0138051 0.999683 -0.0210338 -2.75266 -0.894186 0.0217569 0.447168 112.174 
0.395095 0.0128245 0.918551 -0.680353 0.0112684 0.99976 -0.0188051 -2.76994 -0.918571 0.0177804 0.394856 112.304 
0.343384 0.0177939 0.939026 -0.315462 0.00755876 0.999736 -0.0217084 -2.78472 -0.939165 0.0145522 0.343159 112.42 
0.292572 0.0228188 0.955971 0.0606273 0.00704345 0.999637 -0.0260167 -2.79611 -0.956218 0.0143451 0.292305 112.512 
0.245569 0.0248624 0.96906 0.453499 0.00825806 0.999581 -0.0277381 -2.81208 -0.969344 0.0148142 0.24526 112.584 
0.204007 0.0244235 0.978665 0.85839 0.0154815 0.999483 -0.0281702 -2.82931 -0.978847 0.0208981 0.203523 112.639 
0.168663 0.0243308 0.985373 1.28581 0.0227658 0.999332 -0.0285722 -2.84219 -0.985411 0.0272518 0.167996 112.682 
0.13819 0.025623 0.990074 1.72955 0.0272796 0.999188 -0.0296663 -2.85373 -0.99003 0.0311085 0.137379 112.723 
0.109784 0.0244915 0.993654 2.20254 0.0248255 0.999317 -0.0273739 -2.86698 -0.993645 0.0276732 0.109101 112.776 
0.0842791 0.0209575 0.996222 2.68893 0.018613 0.999571 -0.0226026 -2.88273 -0.996268 0.0204476 0.0838529 112.819 
0.0603988 0.017131 0.998027 3.18781 0.0134345 0.999748 -0.0179735 -2.89919 -0.998084 0.0144936 0.0601535 112.849 
0.037727 0.0147681 0.999179 3.70544 0.0176441 0.999725 -0.0154423 -2.91716 -0.999132 0.0182123 0.037456 112.857 
0.0177213 0.0153762 0.999725 4.24866 0.0257 0.999544 -0.0158289 -2.93521 -0.999513 0.0259734 0.0173181 112.849 
0.000273497 0.0177481 0.999842 4.7951 0.0305318 0.999376 -0.0177481 -2.95213 -0.999534 0.0305318 -0.000268553 112.842 
-0.014785 0.022718 0.999633 5.33557 0.0305726 0.999285 -0.0222579 -2.97597 -0.999423 0.0302323 -0.015469 112.842 
-0.0255061 0.0272336 0.999304 5.92952 0.0279684 0.999257 -0.0265184 -2.99048 -0.999283 0.0272725 -0.0262488 112.833 
-0.0318617 0.0271008 0.999125 6.54641 0.0304638 0.999194 -0.0261312 -3.00411 -0.999028 0.0296046 -0.0326617 112.815 
-0.0347342 0.0238769 0.999111 7.1849 0.036656 0.999072 -0.0226016 -3.02576 -0.998724 0.0358384 -0.0355772 112.796 
-0.0340195 0.0223035 0.999172 7.84603 0.0380735 0.999054 -0.0210045 -3.04395 -0.998696 0.0373274 -0.0348365 112.776 
-0.0321229 0.0219089 0.999244 8.53502 0.0368601 0.999106 -0.0207209 -3.06622 -0.998804 0.0361666 -0.0329018 112.772 
-0.0307589 0.0223234 0.999278 9.22892 0.0333012 0.999218 -0.021297 -3.08826 -0.998972 0.0326221 -0.0314783 112.774 
-0.0295465 0.0236696 0.999283 9.94645 0.0323725 0.999218 -0.0227109 -3.10721 -0.999039 0.0316782 -0.0302896 112.77 
-0.028599 0.0242781 0.999296 10.6764 0.032283 0.999206 -0.0233519 -3.13255 -0.99907 0.0315924 -0.02936 112.764 
-0.0277275 0.023831 0.999331 11.4282 0.0317507 0.999232 -0.0229476 -3.1591 -0.999111 0.0310932 -0.0284628 112.758 
-0.0270919 0.0224371 0.999381 12.1931 0.0307137 0.999295 -0.0216026 -3.18784 -0.999161 0.0301095 -0.027762 112.758 
-0.0265994 0.0212959 0.999419 12.9728 0.0315798 0.999292 -0.0204527 -3.21043 -0.999147 0.0310175 -0.0272531 112.751 
-0.0272158 0.0189434 0.99945 13.7495 0.0320943 0.999322 -0.018067 -3.23633 -0.999114 0.0315849 -0.0278053 112.743 
-0.0280978 0.0173771 0.999454 14.5498 0.0298413 0.999418 -0.0165375 -3.26053 -0.99916 0.0293603 -0.0286 112.731 
-0.029556 0.016313 0.99943 15.3447 0.0287601 0.999467 -0.015463 -3.28293 -0.999149 0.0282867 -0.0300095 112.728 
-0.0307391 0.0138078 0.999432 16.1596 0.0312391 0.999429 -0.012847 -3.30316 -0.999039 0.0308265 -0.0311529 112.716 
-0.031827 0.0122096 0.999419 16.9793 0.0326826 0.999403 -0.0111686 -3.32398 -0.998959 0.0323082 -0.032207 112.7 
-0.0332945 0.011477 0.99938 17.8128 0.0300615 0.999493 -0.0104767 -3.34758 -0.998993 0.029694 -0.0336227 112.686 
-0.0339866 0.0160823 0.999293 18.6423 0.0275266 0.999506 -0.0151495 -3.37208 -0.999043 0.0269923 -0.0344125 112.67 
-0.0347879 0.0208636 0.999177 19.4732 0.0287373 0.99939 -0.0198675 -3.39346 -0.998982 0.0280225 -0.0353663 112.652 
-0.0356395 0.0224887 0.999112 20.3123 0.0290607 0.999347 -0.0214574 -3.42018 -0.998942 0.0282701 -0.0362698 112.633 
-0.0372693 0.0203634 0.999098 21.1549 0.0256242 0.999483 -0.0194154 -3.44747 -0.998977 0.0248775 -0.0377719 112.625 
-0.0384645 0.0162288 0.999128 22.008 0.0226646 0.999625 -0.0153642 -3.47639 -0.999003 0.0220538 -0.0388179 112.614 
-0.0385933 0.0108549 0.999196 22.8565 0.0211662 0.999726 -0.0100431 -3.50488 -0.999031 0.0207615 -0.0388125 112.596 
-0.0389983 0.00531318 0.999225 23.7138 0.0175805 0.999835 -0.00463024 -3.52569 -0.999085 0.0173863 -0.0390853 112.586 
-0.0392742 0.00386618 0.999221 24.5717 0.01512 0.99988 -0.00327439 -3.5528 -0.999114 0.0149797 -0.039328 112.579 
-0.0384762 0.010795 0.999201 25.4145 0.0177217 0.999792 -0.0101189 -3.57866 -0.999102 0.0173182 -0.0386595 112.56 
-0.0373591 0.0219805 0.99906 26.2451 0.0200841 0.999573 -0.0212407 -3.60198 -0.9991 0.0192717 -0.0377846 112.54 
-0.0371039 0.027153 0.998942 27.088 0.0216159 0.999419 -0.026363 -3.62669 -0.999078 0.0206149 -0.0376693 112.526 
-0.0358042 0.0213866 0.99913 27.9296 0.0231863 0.99952 -0.020564 -3.65799 -0.99909 0.0224299 -0.0362829 112.509 
-0.034707 0.0135682 0.999305 28.7731 0.0261823 0.999577 -0.0126625 -3.68897 -0.999055 0.0257246 -0.0350476 112.489 
-0.0342321 0.0106821 0.999357 29.6056 0.0274114 0.999577 -0.00974547 -3.71502 -0.999038 0.0270602 -0.0345105 112.472 
-0.0345149 0.0113194 0.99934 30.43 0.0260433 0.999607 -0.0104229 -3.74037 -0.999065 0.0256664 -0.0347962 112.462 
-0.0352771 0.0120575 0.999305 31.252 0.0227379 0.999678 -0.0112593 -3.76526 -0.999119 0.0223249 -0.0355399 112.451 
-0.0366621 0.012258 0.999253 32.0641 0.0207771 0.999718 -0.0115014 -3.78989 -0.999112 0.0203399 -0.0369065 112.426 
-0.0386692 0.0121533 0.999178 32.8758 0.0202244 0.999731 -0.0113773 -3.81571 -0.999047 0.0197678 -0.0389046 112.407 
-0.0404702 0.0126314 0.999101 33.6955 0.0195108 0.999739 -0.0118491 -3.84032 -0.99899 0.0190137 -0.0407061 112.386 
-0.0425391 0.0129143 0.999011 34.5031 0.0175807 0.999771 -0.0121755 -3.8646 -0.99894 0.0170454 -0.0427564 112.369 
-0.0445531 0.0120581 0.998934 35.3034 0.0156007 0.999814 -0.0113728 -3.88774 -0.998885 0.0150774 -0.044733 112.352 
-0.0466455 0.0110498 0.99885 36.1066 0.0162759 0.999815 -0.0103003 -3.91236 -0.998779 0.0157767 -0.0468167 112.332 
-0.0481842 0.0113343 0.998774 36.8956 0.0161978 0.999813 -0.0105646 -3.93422 -0.998707 0.0156689 -0.0483588 112.304 
-0.0500495 0.012411 0.99867 37.683 0.0162496 0.999801 -0.0116106 -3.95951 -0.998615 0.0156469 -0.0502412 112.283 
-0.0507848 0.0123974 0.998633 38.4642 0.0165568 0.999796 -0.0115698 -3.98751 -0.998572 0.0159466 -0.0509797 112.252 
-0.0519433 0.0111638 0.998588 39.2452 0.0181931 0.999782 -0.0102308 -4.01165 -0.998484 0.0176359 -0.0521351 112.224 
-0.0533623 0.0104146 0.998521 40.0245 0.01826 0.999789 -0.00945193 -4.0361 -0.998408 0.0177286 -0.0535412 112.198 
-0.0550185 0.0100552 0.998435 40.7983 0.0170012 0.999814 -0.00913219 -4.06022 -0.998341 0.0164722 -0.0551792 112.178 
-0.0562185 0.00898768 0.998378 41.5547 0.015004 0.999854 -0.00815605 -4.0834 -0.998306 0.0145211 -0.0563452 112.154 
-0.0569668 0.0077715 0.998346 42.3016 0.0139106 0.999879 -0.00698963 -4.1051 -0.998279 0.0134894 -0.057068 112.13 
-0.0580395 0.00759939 0.998285 43.0256 0.0141074 0.999877 -0.00679127 -4.12692 -0.998215 0.013689 -0.0581395 112.109 
-0.0581963 0.00994618 0.998256 43.7334 0.0142587 0.999857 -0.00913084 -4.15075 -0.998203 0.0137025 -0.0583298 112.081 
-0.0579777 0.0125262 0.998239 44.4328 0.0139892 0.999833 -0.0117337 -4.17565 -0.99822 0.0132843 -0.0581433 112.053 
-0.0581006 0.0142538 0.998209 45.1311 0.0121514 0.999834 -0.0135697 -4.19703 -0.998237 0.0113412 -0.0582642 112.029 
-0.0580853 0.0149683 0.998199 45.8255 0.0127654 0.999817 -0.0142497 -4.22217 -0.99823 0.0119148 -0.0582658 111.999 
-0.0576916 0.0150262 0.998221 46.5219 0.0142662 0.999797 -0.0142254 -4.24311 -0.998233 0.0134201 -0.0578943 111.964 
-0.0575424 0.0146844 0.998235 47.2127 0.0156593 0.999782 -0.0138045 -4.26359 -0.99822 0.0148373 -0.0577598 111.933 
-0.0577961 0.01483 0.998218 47.8989 0.0117426 0.999831 -0.014174 -4.28695 -0.998259 0.0109025 -0.0579605 111.912 
-0.0572065 0.0149006 0.998251 48.5765 0.00958796 0.999851 -0.0143749 -4.31437 -0.998316 0.00874885 -0.0573408 111.886 
-0.0571512 0.0136234 0.998273 49.272 0.0117319 0.999847 -0.0129732 -4.33814 -0.998297 0.0109702 -0.0573023 111.86 
-0.0580008 0.0131135 0.99823 49.9459 0.0118119 0.999853 -0.0124484 -4.35635 -0.998247 0.011069 -0.0581472 111.83 
-0.0615079 0.0127443 0.998025 50.6248 0.00913693 0.999884 -0.0122049 -4.37885 -0.998065 0.00836818 -0.0616172 111.804 
-0.066839 0.0123404 0.997687 51.3102 0.00535726 0.999914 -0.012009 -4.4035 -0.997749 0.0045422 -0.0668994 111.781 
-0.0724924 0.0160652 0.99724 51.9832 0.00891128 0.999841 -0.0154592 -4.42314 -0.997329 0.007766 -0.072624 111.739 
-0.0791424 0.0193078 0.996676 52.6608 0.0112855 0.999766 -0.0184715 -4.43712 -0.996799 0.00978616 -0.0793417 111.694 
-0.0862313 0.0208809 0.996056 53.3339 0.0109302 0.99974 -0.0200118 -4.45941 -0.996215 0.00916148 -0.0864371 111.644 
-0.0923621 0.0199616 0.995525 54.0134 0.00700688 0.999787 -0.0193969 -4.4845 -0.995701 0.00518398 -0.0924824 111.596 
-0.0976451 0.0190055 0.99504 54.6985 0.00708485 0.999806 -0.0184012 -4.50697 -0.995196 0.00525292 -0.0977608 111.541 
-0.10233 0.0197361 0.994555 55.3897 0.0046589 0.999802 -0.0193608 -4.5276 -0.99474 0.00265235 -0.102401 111.484 
-0.10618 0.0190405 0.994165 56.0886 0.00259213 0.999819 -0.0188719 -4.55044 -0.994344 0.000573184 -0.10621 111.426 
-0.108403 0.0161628 0.993976 56.7934 0.00337692 0.999868 -0.0158903 -4.56785 -0.994101 0.00163401 -0.108443 111.358 
-0.110228 0.0132653 0.993818 57.5067 0.00575418 0.999903 -0.0127082 -4.58655 -0.99389 0.0043178 -0.110293 111.29 
-0.111364 0.0105563 0.993724 58.2283 0.00560922 0.999934 -0.00999362 -4.60573 -0.993764 0.00446108 -0.111416 111.223 
-0.112512 0.0104346 0.993596 58.9543 0.00479162 0.999939 -0.00995861 -4.62346 -0.993639 0.00364047 -0.112555 111.156 
-0.112556 0.0143288 0.993542 59.6826 0.00687596 0.999883 -0.0136412 -4.64114 -0.993622 0.00529615 -0.112642 111.084 
-0.112273 0.0186666 0.993502 60.4219 0.0128614 0.999767 -0.0173309 -4.65971 -0.993594 0.010832 -0.112487 111.003 
-0.112823 0.0231574 0.993345 61.1684 0.020118 0.999577 -0.0210176 -4.68799 -0.993411 0.0176129 -0.113241 110.922 
-0.113145 0.0247622 0.99327 61.9144 0.0212554 0.999521 -0.0224968 -4.70714 -0.993351 0.018567 -0.113617 110.844 
-0.11326 0.0225698 0.993309 62.6636 0.0193787 0.999602 -0.0205031 -4.73313 -0.993376 0.0169269 -0.113652 110.774 
-0.112863 0.0175185 0.993456 63.419 0.0196074 0.999689 -0.0154008 -4.76153 -0.993417 0.0177409 -0.113172 110.699 
-0.112473 0.0154781 0.993534 64.1676 0.0218412 0.999676 -0.0131012 -4.78769 -0.993415 0.0202264 -0.112775 110.62 
-0.113144 0.0150604 0.993464 64.9148 0.0219848 0.999678 -0.0126508 -4.81404 -0.993335 0.0204098 -0.113439 110.545 
-0.114828 0.0161268 0.993255 65.661 0.0207775 0.999689 -0.0138292 -4.83586 -0.993168 0.0190494 -0.115127 110.473 
-0.11666 0.0168557 0.993029 66.4067 0.020145 0.99969 -0.0146021 -4.85932 -0.992968 0.0183011 -0.116964 110.396 
-0.118581 0.0170548 0.992798 67.1531 0.021435 0.999663 -0.0146124 -4.88411 -0.992713 0.0195478 -0.118907 110.319 
-0.120409 0.0172058 0.992575 67.899 0.02159 0.999659 -0.0147095 -4.90703 -0.99249 0.0196585 -0.12074 110.242 
-0.122271 0.0170909 0.99235 68.6427 0.0220622 0.999652 -0.0144982 -4.92996 -0.992252 0.0201207 -0.122605 110.162 
-0.123796 0.0176372 0.992151 69.3945 0.0200097 0.999683 -0.0152744 -4.95053 -0.992106 0.0179617 -0.12411 110.085 
-0.12466 0.0191664 0.992014 70.1439 0.0203882 0.999652 -0.0167519 -4.97596 -0.99199 0.0181371 -0.125007 110.004 
-0.125593 0.0194799 0.991891 70.9156 0.0190748 0.99967 -0.0172174 -5.00052 -0.991899 0.0167577 -0.125923 109.922 
-0.126907 0.0199127 0.991715 71.6895 0.0190926 0.999662 -0.017629 -5.02312 -0.991731 0.0166972 -0.127244 109.841 
-0.128137 0.0184169 0.991585 72.4735 0.0195127 0.999681 -0.0160457 -5.04329 -0.991565 0.0172924 -0.128456 109.762 
-0.12917 0.0163373 0.991488 73.2629 0.0169589 0.999754 -0.0142641 -5.0652 -0.991478 0.014972 -0.129415 109.679 
-0.131081 0.0144716 0.991266 74.0597 0.0142629 0.999818 -0.0127103 -5.08604 -0.991269 0.0124722 -0.131264 109.597 
-0.133367 0.0138092 0.990971 74.8515 0.0152814 0.999813 -0.0118757 -5.10869 -0.990949 0.0135596 -0.133553 109.507 
-0.134995 0.0141415 0.990745 75.6437 0.0166841 0.999789 -0.0119972 -5.13852 -0.990706 0.0149101 -0.135203 109.411 
-0.137428 0.0156149 0.990389 76.4463 0.0162353 0.999777 -0.0135101 -5.15806 -0.990379 0.0142226 -0.137651 109.322 
-0.139013 0.0195304 0.990098 77.2607 0.0178516 0.999693 -0.0172132 -5.17828 -0.99013 0.015282 -0.139319 109.226 
-0.13942 0.023328 0.989959 78.0688 0.0194624 0.999594 -0.020814 -5.20706 -0.990042 0.0163651 -0.139817 109.122 
-0.140461 0.027321 0.989709 78.8871 0.0208314 0.99948 -0.0246343 -5.23511 -0.989867 0.0171568 -0.140957 109.021 
-0.140285 0.0283851 0.989704 79.7204 0.022888 0.999415 -0.0254194 -5.26596 -0.989847 0.0190864 -0.140852 108.918 
-0.13961 0.0278195 0.989816 80.5561 0.0266266 0.999349 -0.0243318 -5.29802 -0.989849 0.0229585 -0.14026 108.81 
-0.139512 0.0258415 0.989883 81.3971 0.0271402 0.999384 -0.0222645 -5.33084 -0.989848 0.0237594 -0.140127 108.707 
-0.139039 0.0245425 0.989983 82.2454 0.0266402 0.999424 -0.021035 -5.35816 -0.989929 0.0234486 -0.139613 108.608 
-0.13736 0.022314 0.99027 83.0957 0.0258442 0.999487 -0.0189368 -5.38582 -0.990184 0.0229916 -0.137866 108.513 
-0.135451 0.0191927 0.990598 83.9505 0.0265716 0.999523 -0.0157323 -5.41464 -0.990428 0.0241909 -0.135896 108.409 
-0.133984 0.0159758 0.990855 84.8124 0.0270653 0.999556 -0.0124563 -5.43891 -0.990614 0.0251489 -0.134357 108.312 
-0.132101 0.0159923 0.991107 85.6863 0.025358 0.999597 -0.0127494 -5.46312 -0.990912 0.0234482 -0.132453 108.212 
-0.130744 0.0202028 0.99121 86.5481 0.0266186 0.999504 -0.0168607 -5.4946 -0.991059 0.0241802 -0.131217 108.117 
-0.128773 0.0265492 0.991319 87.3982 0.0268999 0.999367 -0.0232704 -5.52002 -0.991309 0.0236698 -0.129405 108.024 
-0.127324 0.0300069 0.991407 88.2622 0.0249432 0.999323 -0.0270431 -5.55024 -0.991548 0.0212856 -0.127986 107.932 
-0.125949 0.027488 0.991656 89.1211 0.0234654 0.999419 -0.0247228 -5.58773 -0.991759 0.0201558 -0.126521 107.841 
-0.124567 0.0251095 0.991893 89.9907 0.0245202 0.999452 -0.0222215 -5.62307 -0.991908 0.0215533 -0.125115 107.749 
-0.123768 0.0233463 0.992037 90.8508 0.0252535 0.999474 -0.0203706 -5.65839 -0.99199 0.0225312 -0.124292 107.654 
-0.122837 0.0234349 0.99215 91.728 0.0248315 0.999481 -0.0205336 -5.68411 -0.992116 0.0221143 -0.123356 107.56 
-0.12228 0.023424 0.992219 92.5992 0.0244937 0.999488 -0.0205769 -5.71989 -0.992193 0.021787 -0.122791 107.469 
-0.121264 0.0218757 0.992379 93.4744 0.0273038 0.999452 -0.0186952 -5.74766 -0.992245 0.0248287 -0.121795 107.372 
-0.119837 0.0211838 0.992568 94.3485 0.0300685 0.999391 -0.0176991 -5.78106 -0.992338 0.027724 -0.120401 107.273 
-0.118582 0.0227088 0.992685 95.2111 0.0323689 0.999296 -0.0189934 -5.80919 -0.992417 0.0298798 -0.119233 107.175 
-0.117692 0.0248836 0.992738 96.0922 0.0327464 0.99924 -0.0211644 -5.84134 -0.99251 0.0300177 -0.118417 107.084 
-0.116446 0.0265104 0.992843 96.9582 0.0303046 0.999273 -0.0231277 -5.87393 -0.992735 0.0273946 -0.117165 106.99 
-0.115591 0.0224091 0.993044 97.8252 0.0253261 0.999487 -0.0196064 -5.90867 -0.992974 0.0228836 -0.1161 106.907 
-0.115533 0.0204056 0.993094 98.6875 0.0206684 0.999622 -0.0181352 -5.94299 -0.993089 0.0184305 -0.115911 106.828 
-0.116129 0.0208309 0.993016 99.5463 0.0178658 0.999662 -0.018881 -5.98223 -0.993074 0.0155484 -0.116461 106.741 
-0.116924 0.025673 0.992809 100.391 0.0146293 0.999602 -0.0241257 -6.01188 -0.993033 0.0117033 -0.117253 106.657 
-0.117739 0.028076 0.992648 101.235 0.0140908 0.999547 -0.0265997 -6.04889 -0.992945 0.0108554 -0.118081 106.572 
-0.117912 0.0284926 0.992615 102.07 0.0149375 0.999526 -0.0269165 -6.08586 -0.992912 0.0116534 -0.118282 106.485 
-0.11827 0.0278667 0.99259 102.899 0.0165097 0.999523 -0.0260941 -6.12639 -0.992844 0.0133012 -0.118673 106.4 
-0.118599 0.0285122 0.992533 103.725 0.0179381 0.999486 -0.0265684 -6.16473 -0.99278 0.0146532 -0.11905 106.313 
-0.118817 0.031949 0.992402 104.549 0.0195268 0.999364 -0.0298352 -6.20244 -0.992724 0.0158335 -0.119365 106.223 
-0.119324 0.0331882 0.992301 105.366 0.0192268 0.999331 -0.0311113 -6.24242 -0.992669 0.0153664 -0.119882 106.139 
-0.120178 0.0334287 0.992189 106.177 0.0174747 0.999349 -0.0315533 -6.28222 -0.992599 0.0135462 -0.120684 106.054 
-0.122297 0.0323504 0.991966 106.982 0.0159297 0.999404 -0.0306289 -6.322 -0.992366 0.0120559 -0.122739 105.972 
-0.12537 0.0335217 0.991544 107.787 0.0159834 0.999368 -0.0317653 -6.36544 -0.991981 0.0118658 -0.125827 105.887 
-0.128629 0.0360755 0.991036 108.582 0.015661 0.999287 -0.0343432 -6.40912 -0.991569 0.0111031 -0.129102 105.801 
-0.132032 0.0372177 0.990547 109.368 0.0136759 0.999268 -0.0357224 -6.45252 -0.991151 0.00883006 -0.132444 105.717 
-0.135506 0.0372383 0.990077 110.154 0.0137915 0.999268 -0.0356964 -6.49475 -0.990681 0.00881758 -0.13592 105.629 
-0.138387 0.035993 0.989724 110.936 0.0152401 0.999298 -0.0342103 -6.53722 -0.990261 0.0103492 -0.138838 105.532 
-0.140709 0.0369151 0.989363 111.71 0.0170534 0.999247 -0.0348585 -6.57983 -0.989904 0.011967 -0.141233 105.43 
-0.142632 0.0411766 0.988919 112.481 0.0123183 0.999131 -0.0398251 -6.62726 -0.989699 0.00650147 -0.143016 105.339 
-0.144322 0.0481279 0.98836 113.249 0.0102531 0.998836 -0.0471408 -6.67597 -0.989478 0.00333029 -0.144647 105.244 
-0.146772 0.0512887 0.98784 114.017 0.0144066 0.99866 -0.0497099 -6.71578 -0.989065 0.00693539 -0.147314 105.137 
-0.149356 0.0494271 0.987547 114.79 0.016802 0.998733 -0.0474458 -6.76108 -0.988641 0.00950645 -0.149997 105.026 
-0.15256 0.0417579 0.987412 115.567 0.0149838 0.99909 -0.0399366 -6.80974 -0.988181 0.00870248 -0.153046 104.924 
-0.154981 0.0395048 0.987127 116.338 0.0137693 0.99919 -0.0378257 -6.86067 -0.987821 0.00772974 -0.1554 104.821 
-0.156429 0.0423874 0.986779 117.099 0.0132816 0.999079 -0.0408102 -6.90402 -0.9876 0.00672204 -0.156848 104.709 
-0.15912 0.0457858 0.986197 117.853 0.0107894 0.998945 -0.0446367 -6.94702 -0.9872 0.00353788 -0.159446 104.604 
-0.161718 0.0483292 0.985653 118.596 0.0101889 0.998829 -0.0473035 -6.99408 -0.986784 0.0023929 -0.162021 104.497 
-0.163316 0.0524637 0.985178 119.335 0.0144197 0.998605 -0.0507883 -7.04576 -0.986468 0.00591141 -0.163845 104.381 
-0.165135 0.0574171 0.984598 120.07 0.0150126 0.998335 -0.0557002 -7.0888 -0.986157 0.00558328 -0.165722 104.267 
-0.167835 0.059719 0.984005 120.81 0.0145685 0.998205 -0.0580959 -7.13766 -0.985707 0.00458495 -0.168404 104.155 
-0.170158 0.0576599 0.983729 121.556 0.0157488 0.998318 -0.0557909 -7.18533 -0.985291 0.00599931 -0.17078 104.042 
-0.174086 0.0539292 0.983253 122.299 0.0198055 0.998489 -0.0512582 -7.24326 -0.984531 0.0105505 -0.174891 103.921 
-0.179753 0.0527186 0.982298 123.037 0.0222386 0.998526 -0.04952 -7.29214 -0.98346 0.0129436 -0.18066 103.796 
-0.185996 0.0510713 0.981222 123.77 0.0209782 0.998627 -0.0480007 -7.34598 -0.982326 0.0116564 -0.186812 103.671 
-0.194299 0.0516697 0.979581 124.504 0.0200246 0.998613 -0.0487017 -7.39141 -0.980738 0.010153 -0.195065 103.537 
-0.204872 0.0524163 0.977384 125.228 0.0193569 0.998587 -0.0494959 -7.43552 -0.978597 0.00877879 -0.205597 103.398 
-0.216576 0.0535239 0.974797 125.948 0.0200049 0.99853 -0.0503824 -7.4819 -0.976061 0.00858913 -0.217328 103.242 
-0.22936 0.0541474 0.971834 126.663 0.0213906 0.998491 -0.0505842 -7.53146 -0.973107 0.00918608 -0.230172 103.086 
-0.240886 0.0542875 0.969034 127.368 0.0245824 0.998455 -0.0498249 -7.57728 -0.970242 0.011819 -0.241849 102.911 
-0.251898 0.0543508 0.966226 128.071 0.0280596 0.998412 -0.0488461 -7.62478 -0.967347 0.0148077 -0.253023 102.729 
-0.262108 0.0541891 0.963516 128.77 0.0319528 0.998362 -0.0474567 -7.67292 -0.96451 0.0183483 -0.26341 102.544 
-0.270979 0.0546659 0.961032 129.465 0.0377433 0.998222 -0.046139 -7.72044 -0.961845 0.0237698 -0.272561 102.351 
-0.278591 0.0547443 0.958849 130.154 0.0431663 0.998079 -0.0444423 -7.76655 -0.959439 0.0290087 -0.280418 102.152 
-0.285013 0.0550054 0.956944 130.85 0.0434161 0.998068 -0.0444383 -7.81168 -0.95754 0.0288812 -0.28685 101.956 
-0.289722 0.0530251 0.955641 131.535 0.0472908 0.998038 -0.0410403 -7.8549 -0.955942 0.0333027 -0.291662 101.755 
-0.291659 0.050366 0.955195 132.22 0.0535715 0.997905 -0.0362605 -7.89433 -0.955021 0.0405956 -0.293746 101.546 
-0.292755 0.049016 0.95493 132.892 0.0595989 0.997679 -0.0329388 -7.92999 -0.954328 0.0472698 -0.294997 101.341 
-0.293474 0.0476313 0.95478 133.563 0.0622133 0.997592 -0.0306444 -7.97068 -0.95394 0.0504066 -0.295731 101.139 
-0.293003 0.0530142 0.954641 134.223 0.064762 0.997269 -0.0355044 -8.00811 -0.953916 0.0514215 -0.295636 100.944 
-0.291662 0.0563351 0.954861 134.889 0.0642612 0.997163 -0.0392022 -8.04351 -0.95436 0.0499267 -0.294455 100.752 
-0.291012 0.0564295 0.955054 135.548 0.0660838 0.99706 -0.0387751 -8.07721 -0.954434 0.0518295 -0.293886 100.562 
-0.289095 0.0547493 0.955734 136.204 0.0671134 0.997066 -0.0368162 -8.11622 -0.954945 0.0534992 -0.291921 100.371 
-0.287105 0.0518848 0.956493 136.859 0.0694726 0.99703 -0.0332305 -8.15817 -0.955376 0.0569094 -0.289857 100.179 
-0.285802 0.052452 0.956852 137.506 0.0700329 0.996974 -0.0337332 -8.1967 -0.955726 0.0573701 -0.28861 99.9951 
-0.283223 0.0549605 0.957478 138.149 0.0712079 0.996806 -0.0361546 -8.23097 -0.956407 0.0579402 -0.286232 99.814 
-0.279026 0.0567347 0.958606 138.785 0.0724264 0.996653 -0.0379049 -8.26527 -0.957548 0.0588519 -0.282202 99.6392 
-0.273546 0.05581 0.960239 139.419 0.0734635 0.996611 -0.0369962 -8.3023 -0.959049 0.0604223 -0.276719 99.4677 
-0.267983 0.0540965 0.961904 140.051 0.0749496 0.996567 -0.0351652 -8.3392 -0.960504 0.0626706 -0.271118 99.2991 
-0.263399 0.0522502 0.963271 140.675 0.0743273 0.996663 -0.0337372 -8.37523 -0.961819 0.0627109 -0.266404 99.1404 
-0.259102 0.051144 0.964495 141.296 0.0746663 0.996669 -0.0327917 -8.41385 -0.96296 0.0635189 -0.262057 98.9812 
-0.255275 0.0496059 0.965595 141.923 0.075305 0.996669 -0.0312938 -8.44882 -0.963931 0.0647256 -0.25816 98.8297 
-0.251388 0.048169 0.966687 142.537 0.0787461 0.996468 -0.0291749 -8.47839 -0.964678 0.0687886 -0.254293 98.6769 
-0.247598 0.0466687 0.967738 143.144 0.0807055 0.996361 -0.0274003 -8.50742 -0.965496 0.0713175 -0.250463 98.5282 
-0.244229 0.045 0.968673 143.75 0.0787304 0.996545 -0.0264447 -8.54338 -0.966516 0.0698055 -0.246928 98.3885 
-0.240487 0.0461853 0.969553 144.349 0.0762681 0.996678 -0.0285599 -8.57518 -0.967651 0.0670777 -0.24321 98.2549 
-0.235806 0.0494196 0.970543 144.936 0.0776314 0.996472 -0.0318783 -8.60944 -0.968694 0.0678275 -0.238811 98.1213 
-0.230099 0.0526651 0.971741 145.521 0.0793601 0.996224 -0.0352003 -8.63918 -0.969926 0.0690179 -0.23341 97.9912 
-0.223209 0.0533524 0.973309 146.107 0.078319 0.996255 -0.0366492 -8.67329 -0.971619 0.0680482 -0.226552 97.8684 
-0.214738 0.051593 0.975308 146.699 0.0749954 0.996527 -0.0362033 -8.70794 -0.973788 0.0653694 -0.217861 97.7568 
