1 2.12261e-08 -2.11895e-08 0 2.12261e-08 1 2.10703e-08 0 -2.11895e-08 2.10703e-08 1 0 
0.999997 0.000871528 0.00215811 -0.0289444 -0.000868938 0.999999 -0.00118076 -0.0139698 -0.00215918 0.00117893 0.999997 1.22952 
0.999993 0.00108754 0.00358738 -0.0464175 -0.0010846 0.999999 -0.00081064 -0.02996 -0.0035883 0.000806786 0.999993 2.44179 
0.999989 0.000636848 0.0045945 -0.0639995 -0.000634735 1 -0.000451995 -0.0532069 -0.00459482 0.000449116 0.999989 3.6545 
0.999989 0.000117504 0.00478946 -0.0729487 -0.0001146 1 -0.000597738 -0.0699829 -0.00478958 0.000597224 0.999988 4.85902 
0.999985 8.29896e-05 0.00550267 -0.0856361 -8.1805e-05 1 -0.000207766 -0.0941872 -0.00550273 0.000207355 0.999985 6.06665 
0.99998 0.000583379 0.00627908 -0.101286 -0.000575857 0.999999 -0.00119278 -0.117783 -0.00627982 0.00118918 0.99998 7.27632 
0.999978 0.00019442 0.0066239 -0.109327 -0.000185178 0.999999 -0.00138932 -0.144785 -0.0066242 0.0013881 0.999977 8.48242 
0.99998 -0.00046243 0.00635296 -0.116155 0.000462584 1 -1.60768e-05 -0.163688 -0.006353 1.90573e-05 0.99998 9.69307 
0.999988 -0.00113208 0.00482609 -0.128093 0.00112824 0.999999 0.000807207 -0.186051 -0.00482705 -0.00080171 0.999988 10.9011 
0.999995 -0.00213525 0.00233352 -0.137689 0.00213521 0.999998 3.89811e-05 -0.200454 -0.00233364 -3.39562e-05 0.999997 12.1068 
0.999998 -0.00174951 0.000672364 -0.16975 0.00174993 0.999998 -0.000552515 -0.220907 -0.000671439 0.000553733 1 13.2993 
0.999999 -0.00150411 -0.000471949 -0.199424 0.00150389 0.999999 -0.0005382 -0.245308 0.000472715 0.000537532 1 14.5138 
0.999999 -0.000379734 -0.00130551 -0.224781 0.00037874 1 -0.000794016 -0.265377 0.00130577 0.000793563 0.999999 15.7207 
0.999997 -0.00117161 -0.00210412 -0.250124 0.00116981 0.999999 -0.000879991 -0.288905 0.0021051 0.000877569 0.999997 16.9271 
0.999996 -0.00153219 -0.00240017 -0.282603 0.00153112 0.999999 -0.000464944 -0.30741 0.00240084 0.000461309 0.999997 18.1424 
0.999994 -0.00209279 -0.00281462 -0.312072 0.00209174 0.999998 -0.00039124 -0.328255 0.00281539 0.000385393 0.999996 19.3536 
0.999993 -0.00184225 -0.00322905 -0.348004 0.00183788 0.999997 -0.00136911 -0.349604 0.00323152 0.0013632 0.999994 20.567 
0.99999 -0.0017324 -0.00418435 -0.356484 0.00172323 0.999996 -0.00220344 -0.368231 0.00418811 0.00219625 0.999989 21.8031 
0.999988 -0.000767084 -0.00488986 -0.389865 0.000758527 0.999998 -0.00176025 -0.389735 0.00489115 0.00175657 0.999987 23.0467 
0.999984 -0.000935432 -0.00562183 -0.423045 0.000924559 0.999998 -0.00194389 -0.415314 0.00562359 0.0019387 0.999982 24.2596 
0.999979 -0.000981673 -0.0064242 -0.457087 0.000964638 0.999996 -0.00266079 -0.437765 0.00642674 0.00265458 0.999976 25.4691 
0.999971 -0.000881982 -0.00757262 -0.484373 0.000866419 0.999998 -0.00206378 -0.459866 0.00757438 0.00205721 0.999969 26.6721 
0.999964 -0.00194234 -0.00822787 -0.515481 0.00193911 0.999998 -0.000405358 -0.478744 0.00822859 0.000389431 0.999966 27.8795 
0.999952 -0.00237356 -0.00956151 -0.537452 0.00236868 0.999997 -0.000526696 -0.500353 0.00956269 0.000504065 0.999954 29.1005 
0.999941 -0.0030438 -0.0104378 -0.568058 0.0030285 0.999994 -0.0014848 -0.521404 0.0104422 0.00145314 0.999944 30.3041 
0.999928 -0.0036418 -0.0114466 -0.601706 0.00361535 0.999991 -0.00233437 -0.549669 0.011455 0.00229286 0.999932 31.5167 
0.999919 -0.00315097 -0.0123732 -0.633698 0.00312487 0.999993 -0.00213203 -0.57788 0.0123798 0.00209323 0.999921 32.7193 
0.99991 -0.00382826 -0.0128728 -0.672099 0.00380796 0.999992 -0.00160425 -0.604568 0.0128788 0.00155512 0.999916 33.9149 
0.9999 -0.00395571 -0.0135616 -0.711673 0.00393869 0.999991 -0.00128417 -0.628366 0.0135665 0.00123067 0.999907 35.1261 
0.999891 -0.00440101 -0.0141084 -0.752118 0.00438161 0.999989 -0.00140895 -0.65162 0.0141144 0.00134702 0.9999 36.3272 
0.999875 -0.00491812 -0.0150054 -0.780367 0.00490251 0.999987 -0.00107932 -0.689816 0.0150105 0.00100566 0.999887 37.5621 
0.99987 -0.0055951 -0.0151431 -0.816517 0.00558614 0.999984 -0.000636596 -0.707681 0.0151464 0.000551964 0.999885 38.7814 
0.99988 -0.00530261 -0.0145848 -0.873677 0.00530641 0.999986 0.000218655 -0.720949 0.0145834 -0.00029598 0.999894 40.0072 
0.99988 -0.00499112 -0.0146577 -0.909735 0.00500909 0.999987 0.00118644 -0.748194 0.0146515 -0.00125968 0.999892 41.2301 
0.999884 -0.00436428 -0.0146231 -0.950026 0.00437483 0.99999 0.000686878 -0.769738 0.0146199 -0.000750729 0.999893 42.4548 
0.9999 -0.00304067 -0.0137869 -1.00546 0.00305108 0.999995 0.00073088 -0.79054 0.0137845 -0.00077283 0.999905 43.6816 
0.999912 -0.000385387 -0.0132986 -1.04409 0.000417962 0.999997 0.00244365 -0.809328 0.0132976 -0.00244895 0.999909 44.9144 
0.999929 -0.000545977 -0.0119122 -1.07963 0.000610161 0.999985 0.00538162 -0.825538 0.0119091 -0.00538846 0.999915 46.1263 
0.999948 -8.36372e-05 -0.0101723 -1.11402 0.000167492 0.999966 0.00823872 -0.842297 0.0101712 -0.00823995 0.999914 47.3403 
0.999966 0.000521718 -0.0082031 -1.15177 -0.00042756 0.999934 0.0114708 -0.851247 0.0082085 -0.0114668 0.999901 48.5597 
0.999976 -0.000467002 -0.00685938 -1.18242 0.000554245 0.999919 0.0127163 -0.859723 0.00685284 -0.0127198 0.999896 49.7791 
0.999981 -0.00228474 -0.00579632 -1.20037 0.00234914 0.999935 0.0111196 -0.862856 0.0057705 -0.011133 0.999921 50.9927 
0.999988 -0.00112711 -0.00479222 -1.22532 0.00117114 0.999957 0.00918648 -0.865685 0.00478162 -0.00919194 0.999946 52.2046 
0.999991 -0.000868742 -0.00424244 -1.24934 0.000904817 0.999964 0.00849873 -0.871906 0.00423486 -0.00850245 0.999955 53.4247 
0.99999 -0.00150489 -0.00417138 -1.2728 0.00153869 0.999966 0.00810065 -0.886618 0.00415901 -0.00810694 0.999959 54.635 
0.999986 -0.00210404 -0.00494951 -1.30459 0.00213852 0.999974 0.00696351 -0.901087 0.00493468 -0.00697395 0.999964 55.8455 
0.999978 -0.00169604 -0.00643488 -1.33701 0.00174322 0.999972 0.00732694 -0.912617 0.00642223 -0.00733795 0.999952 57.0526 
0.999969 -0.00172046 -0.00771031 -1.37244 0.00178693 0.999961 0.00861662 -0.922673 0.00769515 -0.00863009 0.999933 58.2712 
0.999961 -0.00146954 -0.00875806 -1.40591 0.00154719 0.99996 0.0088601 -0.934816 0.00874464 -0.00887326 0.999922 59.4826 
0.999954 -0.000773712 -0.00958946 -1.44152 0.000856105 0.999963 0.00858653 -0.94765 0.00958242 -0.0085943 0.999917 60.691 
0.999954 -0.000480743 -0.0095845 -1.48523 0.000561125 0.999965 0.00838139 -0.959909 0.00958009 -0.00838634 0.999919 61.9152 
0.999953 -0.00124004 -0.00960116 -1.52098 0.00131742 0.999967 0.00805304 -0.975673 0.00959081 -0.00806527 0.999922 63.1245 
0.999949 -0.00237961 -0.00985998 -1.55278 0.00244915 0.999972 0.00704251 -0.988616 0.00984291 -0.00706625 0.999927 64.3344 
0.999942 -0.00238465 -0.0105182 -1.58375 0.00247511 0.99996 0.00859214 -1.00643 0.0104972 -0.00861763 0.999908 65.5366 
0.999937 -0.00278295 -0.0108482 -1.61809 0.00289365 0.999944 0.0101974 -1.02319 0.0108191 -0.0102281 0.999889 66.7483 
0.999938 -0.00207634 -0.0109312 -1.65197 0.00216925 0.999962 0.00849106 -1.03498 0.0109131 -0.0085142 0.999904 67.9663 
0.999944 -0.000740697 -0.0105567 -1.69781 0.000819738 0.999972 0.00748103 -1.04942 0.0105508 -0.00748922 0.999916 69.1704 
0.999948 0.00140765 -0.0101135 -1.74306 -0.00133032 0.99997 0.00764393 -1.06181 0.0101239 -0.00763004 0.99992 70.3755 
0.99995 0.00333172 -0.00939823 -1.78933 -0.00325873 0.999965 0.00776583 -1.07406 0.00942373 -0.00773477 0.999926 71.5808 
0.999947 0.00487611 -0.00911664 -1.82633 -0.00480312 0.999956 0.00800567 -1.08445 0.00915524 -0.00796142 0.999926 72.7862 
0.999952 0.0056683 -0.00798441 -1.86169 -0.00559722 0.999945 0.00889125 -1.09621 0.00803433 -0.00884609 0.999929 73.9637 
0.999956 0.00739599 -0.00578923 -1.89852 -0.0073409 0.999928 0.00947311 -1.10569 0.00585884 -0.00943015 0.999938 75.154 
0.999978 0.00585127 -0.00302531 -1.92671 -0.0058291 0.999957 0.00727238 -1.12056 0.00306769 -0.00725455 0.999969 76.3468 
0.999995 0.00305592 -0.000321196 -1.94741 -0.00305506 0.999992 0.00251917 -1.13832 0.000328849 -0.00251813 0.999997 77.5289 
0.999988 0.00448069 0.00183696 -1.96505 -0.00448399 0.999988 0.00181939 -1.15092 -0.00182883 -0.00182756 0.999997 78.7106 
0.999984 0.00311425 0.00467203 -1.98139 -0.00313978 0.99998 0.00547635 -1.16928 -0.00465493 -0.00549089 0.999974 79.8893 
0.999961 0.00363223 0.00807238 -1.99484 -0.00368697 0.99997 0.00678149 -1.18539 -0.00804755 -0.00681095 0.999944 81.0684 
0.999912 0.00408547 0.0126194 -2.00532 -0.00414732 0.99998 0.00488194 -1.19812 -0.0125992 -0.00493381 0.999908 82.2376 
0.999852 0.0032809 0.0169009 -2.01575 -0.00331838 0.999992 0.00219262 -1.21911 -0.0168936 -0.00224833 0.999855 83.391 
0.999777 0.00255647 0.0209728 -2.01856 -0.00252884 0.999996 -0.00134144 -1.23842 -0.0209762 0.00128814 0.999779 84.5406 
0.999693 0.00168989 0.0247354 -2.01387 -0.00163874 0.999997 -0.00208595 -1.26262 -0.0247389 0.00204482 0.999692 85.6961 
0.999586 0.00145603 0.0287421 -2.00809 -0.00144748 0.999999 -0.000316487 -1.28844 -0.0287426 0.000274794 0.999587 86.8372 
0.999462 0.00270954 0.0326812 -1.99514 -0.00271841 0.999996 0.000228106 -1.31082 -0.0326805 -0.000316783 0.999466 87.9977 
0.999311 0.00238295 0.0370376 -1.9861 -0.00230426 0.999995 -0.00216594 -1.32792 -0.0370426 0.00207914 0.999312 89.1714 
0.999171 0.00199731 0.040662 -1.96351 -0.0018176 0.999988 -0.00445487 -1.35299 -0.0406704 0.00437731 0.999163 90.332 
0.999025 0.00244078 0.0440865 -1.93868 -0.00222869 0.999986 -0.00485824 -1.37677 -0.0440978 0.00475529 0.999016 91.4928 
0.9989 0.000901758 0.0468812 -1.90322 -0.000730268 0.999993 -0.00367403 -1.40019 -0.0468843 0.0036358 0.998894 92.6553 
0.998785 -0.000209991 0.0492767 -1.8584 0.000317756 0.999998 -0.00217822 -1.42147 -0.0492762 0.00219128 0.998783 93.8239 
0.998653 -0.00093774 0.0518838 -1.81587 0.000954255 1 -0.000292704 -1.44553 -0.0518835 0.000341861 0.998653 94.9973 
0.998536 -0.0027085 0.054031 -1.77042 0.00266896 0.999996 0.000804831 -1.4657 -0.054033 -0.000659405 0.998539 96.1659 
0.998385 -0.00319397 0.0567291 -1.73437 0.00328091 0.999994 -0.00143869 -1.4842 -0.0567241 0.00162253 0.998389 97.3519 
0.998232 -0.0042509 0.0592913 -1.69187 0.00459383 0.999974 -0.00564807 -1.49082 -0.0592658 0.0059105 0.998225 98.5576 
0.998113 -0.00323712 0.0613256 -1.64395 0.00375828 0.999958 -0.00838406 -1.51517 -0.061296 0.00859876 0.998083 99.7421 
0.998029 -0.00305672 0.0626827 -1.58763 0.00365064 0.99995 -0.00936202 -1.53622 -0.062651 0.00957244 0.99799 100.925 
0.997989 -0.00243094 0.0633359 -1.54093 0.00300828 0.999955 -0.00902119 -1.55689 -0.0633111 0.00919362 0.997952 102.08 
0.998023 -0.00217237 0.0628102 -1.49565 0.00264459 0.999969 -0.00743544 -1.57645 -0.0627921 0.00758689 0.997998 103.306 
0.998121 -0.00310978 0.0612033 -1.42643 0.00348463 0.999976 -0.00601819 -1.60015 -0.0611831 0.00622019 0.998107 104.549 
0.998233 -0.00273134 0.0593664 -1.38156 0.00304163 0.999982 -0.00513618 -1.62834 -0.0593514 0.00530772 0.998223 105.762 
0.998345 -0.00242817 0.0574558 -1.35029 0.00270282 0.999985 -0.0047022 -1.65312 -0.0574436 0.00484976 0.998337 107.005 
0.998515 -0.00188032 0.05444 -1.3052 0.00213859 0.999987 -0.00468531 -1.67828 -0.0544305 0.00479482 0.998506 108.233 
0.99871 -0.000131577 0.0507822 -1.27001 0.000407321 0.999985 -0.00541876 -1.69886 -0.0507807 0.0054325 0.998695 109.459 
0.998899 3.66371e-06 0.0469048 -1.23588 0.000220935 0.999989 -0.00478228 -1.72869 -0.0469043 0.00478742 0.998888 110.678 
0.999074 0.000725244 0.0430115 -1.20894 -0.000553203 0.999992 -0.00401063 -1.75067 -0.0430141 0.00398317 0.999067 111.903 
0.999247 0.000982233 0.038784 -1.18022 -0.000866741 0.999995 -0.00299341 -1.77942 -0.0387867 0.00295758 0.999243 113.137 
0.999397 0.000867732 0.0347075 -1.17411 -0.000790098 0.999997 -0.00224922 -1.81224 -0.0347094 0.00222048 0.999395 114.401 
0.999542 0.00164293 0.0302221 -1.17166 -0.00157363 0.999996 -0.0023153 -1.83699 -0.0302259 0.00226673 0.999541 115.664 
0.999676 0.00246789 0.0253523 -1.16991 -0.00240947 0.999994 -0.00233269 -1.85969 -0.025358 0.00227089 0.999676 116.909 
0.999787 0.00256669 0.0205032 -1.171 -0.00251452 0.999994 -0.00256791 -1.88672 -0.0205097 0.00251585 0.999787 118.159 
0.999867 0.00368934 0.0158757 -1.18215 -0.00364057 0.999989 -0.00309711 -1.91178 -0.015887 0.00303894 0.999869 119.41 
0.999912 0.00551977 0.0120757 -1.18755 -0.00548243 0.99998 -0.00311968 -1.93664 -0.0120928 0.00305324 0.999922 120.653 
0.999922 0.00740922 0.0100703 -1.21355 -0.00737856 0.999968 -0.0030739 -1.95872 -0.0100928 0.00299939 0.999945 121.943 
0.999919 0.00869646 0.00925781 -1.23606 -0.0086636 0.999956 -0.00357942 -1.9784 -0.00928857 0.00349896 0.999951 123.19 
0.9999 0.0109844 0.00894336 -1.26399 -0.0109531 0.999934 -0.00353345 -2.0015 -0.00898162 0.00343518 0.999954 124.44 
0.999893 0.0123095 0.00796443 -1.27413 -0.0122888 0.999921 -0.0026394 -2.0247 -0.00799633 0.00254128 0.999965 125.695 
0.999892 0.012585 0.00762673 -1.29197 -0.0125685 0.999919 -0.00220335 -2.05044 -0.00765388 0.00210729 0.999969 126.96 
0.999847 0.016278 0.00646544 -1.3106 -0.0162758 0.999868 -0.000385853 -2.0692 -0.00647091 0.000280605 0.999979 128.224 
0.999837 0.0170413 0.00590309 -1.32941 -0.0170579 0.999851 0.00278589 -2.08811 -0.00585478 -0.00288609 0.999979 129.492 
0.999856 0.0161264 0.00531945 -1.34986 -0.0161396 0.999867 0.00246352 -2.10516 -0.00527906 -0.00254897 0.999983 130.76 
0.99986 0.0160054 0.00483537 -1.36689 -0.01601 0.999871 0.000927549 -2.12165 -0.00481994 -0.00100479 0.999988 132.044 
0.999901 0.0133858 0.00443452 -1.39543 -0.0133943 0.999909 0.00190569 -2.14003 -0.00440864 -0.00196486 0.999988 133.344 
0.99993 0.0111758 0.0038449 -1.42671 -0.0111907 0.99993 0.00386277 -2.1571 -0.0038015 -0.00390549 0.999985 134.648 
0.999966 0.00764568 0.00316797 -1.43826 -0.00766346 0.999955 0.00564996 -2.16884 -0.00312467 -0.005674 0.999979 135.934 
0.999981 0.00551776 0.00260569 -1.45369 -0.00553499 0.999962 0.00666986 -2.18152 -0.00256884 -0.00668412 0.999974 137.203 
0.999994 0.00138228 0.00309848 -1.47419 -0.00139685 0.999988 0.00472115 -2.1949 -0.00309195 -0.0047254 0.999984 138.477 
0.999994 -0.00147667 0.00304204 -1.4913 0.00146607 0.999993 0.00349649 -2.20649 -0.00304722 -0.00349197 0.999989 139.751 
0.999991 -0.00289548 0.00322096 -1.50692 0.00288474 0.99999 0.00334601 -2.22365 -0.00323066 -0.00333665 0.999989 141.019 
0.999989 -0.00276957 0.00369978 -1.52651 0.00275603 0.99999 0.00367026 -2.24068 -0.00370995 -0.00365998 0.999986 142.299 
0.999989 -0.00202457 0.0041845 -1.54662 0.00200136 0.999983 0.00555325 -2.2556 -0.00419571 -0.00554477 0.999976 143.586 
0.999987 -0.000115803 0.00511141 -1.56741 8.04828e-05 0.999976 0.00691795 -2.26905 -0.00511213 -0.0069174 0.999963 144.884 
0.999982 0.000105074 0.00603757 -1.59757 -0.000137305 0.999986 0.00534534 -2.29301 -0.00603696 -0.00534603 0.999968 146.194 
0.999979 0.000412393 0.006537 -1.61279 -0.000433737 0.999995 0.00327052 -2.30506 -0.00653566 -0.00327325 0.999973 147.476 
0.999974 0.000466512 0.0071657 -1.63258 -0.000472503 1 0.000840404 -2.32579 -0.00716535 -0.000843726 0.999974 148.766 
0.999972 -0.000692711 0.00752224 -1.64605 0.000717716 0.999994 -0.00331632 -2.34627 -0.00751995 0.00332166 0.999966 150.06 
0.999968 -0.000591191 0.00796251 -1.66241 0.000646981 0.999975 -0.00700049 -2.37328 -0.00795821 0.00700546 0.999944 151.35 
0.999967 -0.000661459 0.00814476 -1.67576 0.000728472 0.999966 -0.00822232 -2.40133 -0.00813909 0.00822802 0.999933 152.639 
0.999965 -0.000939439 0.00827233 -1.69422 0.00100639 0.999967 -0.00808721 -2.43419 -0.0082645 0.00809529 0.999933 153.916 
0.999968 -0.00072023 0.00799632 -1.70983 0.000781334 0.999971 -0.00763572 -2.4676 -0.00799063 0.00764176 0.999939 155.207 
0.99997 9.27368e-05 0.0077767 -1.72291 -3.88831e-05 0.999976 -0.00691937 -2.49811 -0.0077772 0.0069189 0.999946 156.494 
0.999971 0.000465609 0.00758757 -1.73824 -0.000416739 0.999979 -0.0064354 -2.5289 -0.00759046 0.0064321 0.999951 157.777 
0.999974 0.000748444 0.00713693 -1.75618 -0.000700991 0.999978 -0.00664319 -2.56604 -0.00714178 0.00663806 0.999953 159.037 
0.999982 0.00083962 0.00600954 -1.764 -0.000800017 0.999978 -0.00658226 -2.59495 -0.00601497 0.00657738 0.99996 160.319 
0.999987 0.000209065 0.00518408 -1.78007 -0.000181586 0.999986 -0.00529227 -2.6289 -0.00518515 0.0052913 0.999973 161.628 
0.999988 0.001018 0.00478843 -1.80611 -0.000993843 0.999987 -0.00503553 -2.66036 -0.00479354 0.00503075 0.999976 162.895 
0.99999 0.00121458 0.00425819 -1.82893 -0.00118993 0.999983 -0.00577677 -2.69667 -0.00426518 0.00577168 0.999974 164.176 
0.999991 0.00171306 0.00388792 -1.8546 -0.00168647 0.999975 -0.00682127 -2.72959 -0.00389955 0.0068147 0.999969 165.453 
0.999993 0.00242198 0.00287243 -1.86895 -0.00240197 0.999973 -0.00693482 -2.76102 -0.00288919 0.00692792 0.999972 166.729 
0.999996 0.00188385 0.00204039 -1.89151 -0.00186804 0.999969 -0.0076991 -2.79763 -0.00205487 0.0076953 0.999968 167.994 
0.999997 0.00219638 0.00131331 -1.91524 -0.00218476 0.999959 -0.00875543 -2.82989 -0.00133253 0.00875257 0.999961 169.275 
0.999998 0.00200385 0.000915639 -1.95479 -0.00199626 0.999965 -0.00817051 -2.86889 -0.000932022 0.00816871 0.999966 170.547 
0.999998 0.00209933 0.000139391 -1.97893 -0.0020983 0.999975 -0.00676199 -2.90492 -0.000153625 0.00676172 0.999977 171.823 
0.999998 0.00200018 -0.000514523 -2.00544 -0.00200342 0.999977 -0.00646608 -2.93677 0.000501536 0.00646714 0.999979 173.106 
0.999998 0.00149113 -0.0014977 -2.02789 -0.00149999 0.999981 -0.00596419 -2.96723 0.00148874 0.00596646 0.999981 174.358 
0.999995 0.00228463 -0.00209809 -2.06102 -0.00229684 0.99998 -0.00585601 -2.99605 0.00208463 0.00586084 0.999981 175.651 
0.999995 0.00201779 -0.00231255 -2.09566 -0.00203271 0.999977 -0.0064841 -3.03221 0.00229937 0.00648882 0.999976 176.927 
0.999991 0.00321399 -0.00281904 -2.12631 -0.00323366 0.99997 -0.00701366 -3.0628 0.00279637 0.00702276 0.999971 178.205 
0.999991 0.00295975 -0.00309071 -2.16174 -0.00298035 0.999973 -0.00669584 -3.09519 0.00307077 0.00670504 0.999973 179.491 
0.99999 0.00311541 -0.00318885 -2.19046 -0.00314072 0.999963 -0.00797461 -3.12446 0.00316384 0.00798459 0.999963 180.783 
0.999993 0.00163382 -0.00343086 -2.21467 -0.00166644 0.999953 -0.00953716 -3.15802 0.00341508 0.00954286 0.999949 182.068 
0.999992 -0.000428822 -0.00401011 -2.22946 0.000391662 0.999957 -0.00927342 -3.18803 0.00401388 0.00927182 0.999949 183.357 
0.999991 -0.000360061 -0.00434991 -2.26049 0.000335333 0.999984 -0.00569385 -3.21885 0.00435185 0.00569238 0.999974 184.625 
0.99999 -0.00116923 -0.00437645 -2.29331 0.00116379 0.999999 -0.00125701 -3.25029 0.00437787 0.00125195 0.99999 185.892 
0.99999 -0.000223502 -0.00448014 -2.31874 0.000214993 0.999998 -0.00190907 -3.27618 0.00448051 0.00190813 0.999988 187.15 
0.99999 0.00185787 -0.00402574 -2.35297 -0.00187877 0.999985 -0.00520435 -3.30041 0.00401596 0.00521191 0.999978 188.391 
0.999988 0.0020448 -0.00439142 -2.38905 -0.00207729 0.99997 -0.00741712 -3.32912 0.00437608 0.0074262 0.999963 189.625 
0.999989 0.00113269 -0.00448019 -2.41823 -0.00116403 0.999975 -0.00700889 -3.36448 0.0044721 0.00701407 0.999965 190.877 
0.999991 0.00122685 -0.00395825 -2.45434 -0.00124992 0.999982 -0.00584297 -3.39552 0.00395097 0.00584791 0.999975 192.115 
0.999993 0.00165062 -0.00350624 -2.48153 -0.00166396 0.999991 -0.00381854 -3.42833 0.00349986 0.00382438 0.999987 193.383 
0.999997 0.000709777 -0.00236647 -2.50864 -0.000716743 0.999995 -0.00296187 -3.45848 0.00236432 0.0029636 0.999993 194.611 
0.999999 0.000732147 -0.000957176 -2.53588 -0.000735466 0.999994 -0.00351592 -3.48705 0.000954553 0.00351667 0.999993 195.856 
1 -0.000342462 0.000534927 -2.56107 0.000345177 0.999987 -0.00500262 -3.5169 -0.000533249 0.00500284 0.999987 197.094 
0.999998 -0.0006042 0.00177808 -2.57754 0.000615702 0.999979 -0.00645112 -3.54979 -0.00177419 0.00645225 0.999978 198.333 
0.999993 -0.00129982 0.00342318 -2.60437 0.00132327 0.999976 -0.00684556 -3.58503 -0.00341424 0.00685008 0.999971 199.562 
0.999987 -0.000761473 0.00509919 -2.62662 0.000793039 0.999981 -0.00618292 -3.6162 -0.00509443 0.00618692 0.999968 200.789 
0.999979 -0.00104986 0.00637832 -2.64202 0.00107745 0.99999 -0.00431719 -3.6474 -0.00637377 0.00432401 0.99997 202.003 
0.999972 -0.00032149 0.00747811 -2.65791 0.000350715 0.999992 -0.00390141 -3.67453 -0.00747684 0.00390396 0.999964 203.218 
0.999964 -0.000699561 0.00843587 -2.6714 0.000734046 0.999991 -0.00408043 -3.70116 -0.00843298 0.00408651 0.999956 204.444 
0.999952 -0.00117753 0.00968518 -2.69715 0.00121551 0.999992 -0.00391149 -3.73077 -0.00968054 0.00392312 0.999945 205.658 
0.999943 -0.00133154 0.0105776 -2.70183 0.00137148 0.999992 -0.00376503 -3.75949 -0.0105725 0.00377937 0.999937 206.859 
0.999931 -0.000753558 0.0117184 -2.71917 0.000800946 0.999992 -0.00403605 -3.78585 -0.0117153 0.0040452 0.999923 208.055 
0.999919 -0.00102327 0.0126664 -2.72725 0.00107414 0.999991 -0.00400689 -3.81262 -0.0126622 0.00402021 0.999912 209.236 
0.999915 -0.00213677 0.0128361 -2.72419 0.00218397 0.999991 -0.00366059 -3.84855 -0.0128282 0.00368835 0.999911 210.425 
0.999916 -0.00227159 0.0127913 -2.72675 0.00231038 0.999993 -0.0030148 -3.87374 -0.0127844 0.00304414 0.999914 211.593 
0.999918 -0.00279626 0.0124731 -2.73151 0.00282198 0.999994 -0.00204156 -3.90223 -0.0124674 0.00207663 0.99992 212.734 
0.999925 -0.00278782 0.0119032 -2.74045 0.00280985 0.999994 -0.00183112 -3.9348 -0.0118981 0.00186448 0.999928 213.846 
0.999933 -0.00244109 0.0113175 -2.7448 0.00247424 0.999993 -0.00291185 -3.96214 -0.0113104 0.0029397 0.999932 214.96 
0.999938 -0.0022171 0.0109447 -2.75631 0.00225521 0.999991 -0.0034669 -3.99206 -0.0109369 0.00349141 0.999934 216.067 
0.999946 -0.00243093 0.0101485 -2.7628 0.00246797 0.99999 -0.00363455 -4.01937 -0.0101396 0.00365944 0.999942 217.139 
0.999958 -0.00286641 0.00868339 -2.77428 0.00289842 0.999989 -0.00367047 -4.04719 -0.00867282 0.00369553 0.999956 218.206 
0.999973 -0.00291621 0.00678026 -2.78427 0.00293619 0.999991 -0.00293348 -4.0732 -0.00677169 0.00295335 0.999973 219.256 
0.999981 -0.0044549 0.00437969 -2.7914 0.00445997 0.999989 -0.00113892 -4.10441 -0.00437461 0.00115847 0.99999 220.321 
0.999991 -0.00374959 0.00199457 -2.80368 0.00374883 0.999993 0.000406007 -4.12853 -0.00199612 -0.000398483 0.999998 221.367 
0.999993 -0.00358405 -0.000867878 -2.81223 0.00358445 0.999994 0.000408575 -4.15109 0.000866366 -0.00041164 1 222.388 
0.999987 -0.00353375 -0.0037128 -2.8263 0.00353407 0.999994 6.84551e-05 -4.17459 0.0037125 -8.15333e-05 0.999993 223.406 
0.999973 -0.00353202 -0.0064868 -2.84583 0.00353258 0.999994 6.85671e-05 -4.19335 0.00648648 -9.1438e-05 0.999979 224.403 
0.99995 -0.00320381 -0.00942524 -2.87283 0.00321096 0.999995 0.000739508 -4.21738 0.00942278 -0.000769693 0.999955 225.363 
0.999918 -0.00283662 -0.0124798 -2.89873 0.00284487 0.999996 0.000640655 -4.24353 0.0124778 -0.000676064 0.999922 226.304 
0.999866 -0.00299383 -0.0160931 -2.90922 0.0029994 0.999995 0.000319059 -4.26687 0.0160921 -0.000367243 0.99987 227.255 
0.999795 -0.00296157 -0.0200224 -2.93346 0.00295673 0.999996 -0.000273391 -4.28807 0.0200231 0.000214177 0.9998 228.14 
0.999719 -0.00185627 -0.0236393 -2.96528 0.0018445 0.999998 -0.000521463 -4.3098 0.0236402 0.000477757 0.99972 229.012 
0.999643 -0.00144799 -0.0266962 -3.00135 0.00141769 0.999998 -0.00115542 -4.33016 0.0266978 0.0011172 0.999643 229.856 
0.999577 0.00049651 -0.029097 -3.04438 -0.000528445 0.999999 -0.0010913 -4.35208 0.0290964 0.00110626 0.999576 230.694 
0.999567 0.00141222 -0.0293953 -3.08992 -0.00143066 0.999999 -0.000607793 -4.37082 0.0293943 0.000649627 0.999568 231.5 
0.999574 0.00164966 -0.0291369 -3.1226 -0.00163354 0.999999 0.000575527 -4.39012 0.0291377 -0.000527642 0.999575 232.297 
0.999599 0.00192136 -0.0282439 -3.1636 -0.00188715 0.999997 0.00123663 -4.4083 0.0282461 -0.0011828 0.9996 233.064 
0.999607 0.00190908 -0.0279553 -3.19627 -0.00188075 0.999998 0.00103786 -4.42875 0.0279572 -0.000984829 0.999609 233.818 
0.999613 0.00231118 -0.0277221 -3.22391 -0.00234357 0.999997 -0.00113746 -4.44006 0.0277193 0.00120203 0.999615 234.568 
0.999627 0.00205665 -0.0272211 -3.25423 -0.00214795 0.999992 -0.00332674 -4.45604 0.027214 0.00338402 0.999624 235.298 
0.999655 0.00209938 -0.0261948 -3.28407 -0.00221914 0.999987 -0.00454535 -4.47603 0.0261849 0.00460195 0.999647 236.031 
0.999685 0.00253415 -0.024982 -3.31089 -0.00266127 0.999984 -0.00505819 -4.49189 0.0249687 0.00512312 0.999675 236.766 
0.999726 0.00190671 -0.023353 -3.33608 -0.00203063 0.999984 -0.00528551 -4.50738 0.0233425 0.00533152 0.999713 237.496 
0.999767 0.00178939 -0.021495 -3.36157 -0.00190251 0.999984 -0.0052457 -4.52464 0.0214853 0.00528541 0.999755 238.223 
0.99981 0.00190087 -0.0194166 -3.38958 -0.00200672 0.999983 -0.00543573 -4.54308 0.0194059 0.0054737 0.999797 238.948 
0.999847 0.00157397 -0.0174324 -3.41003 -0.00167372 0.999982 -0.00571126 -4.56064 0.0174231 0.0057396 0.999832 239.67 
0.999888 0.00175565 -0.0148519 -3.42637 -0.00183596 0.999984 -0.00539816 -4.57717 0.0148422 0.00542487 0.999875 240.392 
0.999932 0.000613468 -0.0116371 -3.44058 -0.000669492 0.999988 -0.00481457 -4.5895 0.011634 0.00482208 0.999921 241.115 
0.999961 -0.000466189 -0.00880713 -3.45504 0.000427437 0.99999 -0.00440626 -4.60817 0.00880906 0.00440236 0.999952 241.821 
0.999986 -6.18713e-05 -0.00538046 -3.47213 3.68028e-05 0.999989 -0.00466704 -4.62229 0.00538064 0.00466682 0.999975 242.516 
0.999998 -0.000300403 -0.0021777 -3.48641 0.000289615 0.999988 -0.00497176 -4.63726 0.00217912 0.00497116 0.999985 243.214 
0.999999 -0.000365085 0.00106557 -3.50053 0.00037047 0.999987 -0.00501753 -4.65541 -0.00106377 0.00501797 0.999987 243.912 
0.999992 0.000407128 0.00406978 -3.50866 -0.000382311 0.999981 -0.00608644 -4.66598 -0.00407222 0.00608487 0.999973 244.614 
0.999973 0.000240517 0.00728408 -3.51598 -0.000192949 0.999979 -0.00652466 -4.68417 -0.00728554 0.00652313 0.999952 245.319 
0.999949 -0.000148871 0.0101019 -3.52078 0.000203081 0.999986 -0.00536125 -4.70416 -0.010101 0.00536307 0.999935 246.03 
0.999913 0.000121392 0.0131563 -3.53028 -5.77225e-05 0.999988 -0.00483647 -4.71938 -0.0131567 0.00483533 0.999902 246.729 
0.999874 3.67803e-05 0.0158789 -3.53077 4.24814e-05 0.999988 -0.00498858 -4.73544 -0.0158789 0.00498867 0.999862 247.438 
0.99983 0.00023842 0.0184414 -3.53218 -0.000113517 0.999977 -0.00677134 -4.7503 -0.0184427 0.00676814 0.999807 248.146 
0.999792 0.000820907 0.0203926 -3.53032 -0.000637111 0.999959 -0.00901562 -4.76591 -0.0203992 0.00900079 0.999751 248.857 
0.999769 -0.00033938 0.0214857 -3.52743 0.000566893 0.999944 -0.0105818 -4.78242 -0.0214809 0.0105916 0.999713 249.569 
0.999767 6.41683e-05 0.0215893 -3.5228 0.000176638 0.999938 -0.0111499 -4.80056 -0.0215887 0.0111511 0.999705 250.289 
0.999761 -0.000806689 0.0218571 -3.51901 0.00105751 0.999934 -0.0114642 -4.82212 -0.0218465 0.0114846 0.999695 251.015 
0.999754 6.70006e-05 0.022168 -3.51593 0.000196755 0.999929 -0.0118936 -4.84199 -0.0221673 0.0118951 0.999684 251.753 
0.999739 0.000920805 0.022828 -3.51534 -0.00063977 0.999924 -0.0123133 -4.86232 -0.0228377 0.0122956 0.999664 252.488 
0.999727 -0.000300989 0.0233484 -3.50916 0.000628163 0.999902 -0.0140048 -4.88624 -0.0233419 0.0140157 0.999629 253.238 
0.999696 -0.00442804 0.0242416 -3.50824 0.00481722 0.99986 -0.0160174 -4.90936 -0.0241673 0.0161294 0.999578 253.973 
0.999642 -0.00753924 0.0256787 -3.5115 0.00797634 0.999824 -0.0169604 -4.92658 -0.0255464 0.0171592 0.999526 254.744 
0.999633 -0.00463579 0.0266929 -3.51991 0.00499425 0.999898 -0.0133762 -4.93993 -0.0266282 0.0135047 0.999554 255.536 
0.999619 -0.0010896 0.02759 -3.52713 0.0012873 0.999974 -0.00714742 -4.96296 -0.0275816 0.00718025 0.999594 256.318 
0.999584 -0.00179337 0.0287758 -3.52205 0.00190165 0.999991 -0.0037342 -4.98316 -0.0287689 0.00378741 0.999579 257.102 
0.999509 -0.00259142 0.0312211 -3.50892 0.00275688 0.999982 -0.00525642 -5.00741 -0.031207 0.00533995 0.999499 257.894 
0.999363 -0.00145851 0.0356481 -3.50044 0.00186898 0.999932 -0.0114826 -5.02197 -0.035629 0.011542 0.999298 258.684 
0.99922 0.000769252 0.0394886 -3.4906 -0.000168851 0.999884 -0.0152044 -5.03776 -0.0394958 0.0151859 0.999104 259.489 
0.999074 0.00237892 0.0429643 -3.47461 -0.00172629 0.999883 -0.0152197 -5.0569 -0.0429955 0.0151315 0.998961 260.308 
0.998924 0.000631082 0.0463791 -3.45134 -2.39116e-05 0.999914 -0.0130899 -5.07814 -0.0463834 0.0130748 0.998838 261.144 
0.998759 -0.00251204 0.0497372 -3.42419 0.00301248 0.999946 -0.00998824 -5.09899 -0.0497094 0.0101257 0.998712 261.988 
0.998608 -0.00488349 0.0525155 -3.3877 0.00532418 0.999952 -0.00825418 -5.12226 -0.0524727 0.00852234 0.998586 262.838 
0.99844 -0.00500538 0.0556032 -3.3554 0.00544462 0.999955 -0.00775015 -5.1428 -0.055562 0.00804084 0.998423 263.68 
0.998295 -0.00284153 0.0582962 -3.32879 0.00340751 0.999948 -0.00961083 -5.16885 -0.0582659 0.00979313 0.998253 264.512 
0.99817 -0.0020972 0.0604367 -3.29024 0.00282169 0.999925 -0.011904 -5.19095 -0.0604073 0.0120528 0.998101 265.339 
0.998015 -0.00141214 0.0629632 -3.24826 0.00218549 0.999923 -0.0122147 -5.20911 -0.0629411 0.0123281 0.997941 266.199 
0.997793 -0.000710577 0.0664022 -3.22273 0.00138634 0.999948 -0.0101306 -5.23432 -0.0663915 0.0102003 0.997742 267.056 
0.997554 0.000700741 0.0698989 -3.18064 -0.000109762 0.999964 -0.00845763 -5.25894 -0.0699024 0.00842931 0.997518 267.924 
0.997295 0.00114427 0.0734929 -3.14672 -0.000514517 0.999963 -0.0085867 -5.28043 -0.0735001 0.0085257 0.997259 268.779 
0.997083 0.00134605 0.0763159 -3.10047 -0.000634874 0.999956 -0.00934174 -5.2963 -0.0763251 0.00926608 0.99704 269.638 
0.996852 -0.000207682 0.0792868 -3.05216 0.000983152 0.999952 -0.00974109 -5.31475 -0.0792811 0.00978841 0.996804 270.471 
0.996672 -0.00312802 0.0814561 -2.99793 0.00389233 0.99995 -0.00922545 -5.33502 -0.0814232 0.00951184 0.996634 271.338 
0.996568 -0.00392734 0.0826871 -2.94883 0.00471577 0.999945 -0.00934148 -5.35633 -0.082646 0.0096994 0.996532 272.193 
0.996484 -0.0043293 0.0836711 -2.89979 0.00514588 0.999941 -0.00954571 -5.37428 -0.0836248 0.00994275 0.996448 273.048 
0.99643 -0.00415756 0.084319 -2.84377 0.0049937 0.99994 -0.00970735 -5.39126 -0.0842736 0.0100938 0.996392 273.903 
0.996431 -0.00395458 0.0843238 -2.78639 0.00473378 0.999948 -0.0090421 -5.41364 -0.0842837 0.00940903 0.996397 274.766 
0.996464 -0.00332546 0.083957 -2.73259 0.00407949 0.999953 -0.00881076 -5.43328 -0.0839238 0.00912215 0.99643 275.636 
0.996527 -0.00345654 0.0831936 -2.68352 0.00427532 0.999944 -0.00966524 -5.45579 -0.0831556 0.0099874 0.996487 276.495 
0.996656 -0.00369594 0.0816269 -2.63065 0.00458459 0.999932 -0.0107014 -5.47983 -0.0815819 0.0110399 0.996606 277.359 
0.996773 -0.00268102 0.0802262 -2.57957 0.00360792 0.999928 -0.0114104 -5.50571 -0.0801899 0.011663 0.996711 278.215 
0.996916 -0.00146001 0.0784586 -2.52836 0.00240999 0.999925 -0.0120142 -5.52528 -0.0784352 0.0121663 0.996845 279.074 
0.997026 0.000126472 0.07707 -2.48549 0.000820235 0.999925 -0.0122514 -5.5515 -0.0770658 0.0122782 0.99695 279.926 
0.997153 -0.000156158 0.0753995 -2.45426 0.00101001 0.999936 -0.0112857 -5.58939 -0.0753929 0.0113298 0.99709 280.755 
0.997344 -0.000717189 0.0728325 -2.41092 0.00142055 0.999953 -0.00960534 -5.61632 -0.0728222 0.00968333 0.997298 281.614 
0.997626 -0.00227304 0.0688322 -2.37281 0.00277313 0.99997 -0.00716996 -5.64061 -0.068814 0.00734386 0.997603 282.463 
0.997925 -0.00306093 0.0643123 -2.339 0.00343127 0.999978 -0.00564819 -5.66135 -0.0642936 0.00585719 0.997914 283.303 
0.998199 -0.00369128 0.0598836 -2.30949 0.00394187 0.999984 -0.0040662 -5.68802 -0.0598677 0.00429497 0.998197 284.141 
0.998465 -0.00381326 0.0552553 -2.28363 0.00401481 0.999986 -0.00353639 -5.70671 -0.0552411 0.00375284 0.998466 284.97 
0.998705 -0.00442061 0.050693 -2.2572 0.00459578 0.999984 -0.00333858 -5.72296 -0.0506775 0.00356727 0.998709 285.79 
0.998924 -0.00547548 0.0460617 -2.23915 0.00561808 0.99998 -0.00296611 -5.74428 -0.0460445 0.00322174 0.998934 286.592 
0.999091 -0.00572601 0.0422504 -2.2229 0.00587714 0.999977 -0.0034527 -5.76442 -0.0422297 0.00369791 0.999101 287.363 
0.999246 -0.0054586 0.0384306 -2.21153 0.00559703 0.999978 -0.00349438 -5.78405 -0.0384107 0.00370688 0.999255 288.138 
0.999384 -0.00530364 0.0346909 -2.2012 0.00543042 0.999979 -0.00355996 -5.8037 -0.0346714 0.0037462 0.999392 288.904 
0.999505 -0.00579142 0.0309286 -2.18969 0.00590079 0.999977 -0.00344457 -5.82115 -0.030908 0.00362541 0.999516 289.642 
0.99962 -0.00654226 0.0267842 -2.18542 0.00665442 0.99997 -0.00409891 -5.84014 -0.0267566 0.00427562 0.999633 290.362 
0.999751 -0.00508155 0.0217193 -2.17926 0.00521066 0.999969 -0.00589005 -5.85296 -0.0216888 0.0060018 0.999747 291.066 
0.999877 -0.00354819 0.0152895 -2.18675 0.00366733 0.999963 -0.00776793 -5.87105 -0.0152614 0.00782309 0.999853 291.742 
0.999973 -0.00275732 0.00682563 -2.20109 0.00282177 0.999951 -0.00944467 -5.89226 -0.0067993 0.00946372 0.999932 292.43 
0.999991 -0.00230332 -0.00352192 -2.22487 0.0022671 0.999945 -0.0102664 -5.92736 0.00354533 0.0102583 0.999941 293.079 
0.999852 -0.00192293 -0.0171027 -2.25527 0.00174429 0.999944 -0.0104565 -5.94515 0.0171218 0.0104252 0.999799 293.727 
0.999429 -0.00128066 -0.033751 -2.30763 0.000950018 0.999951 -0.00981184 -5.97005 0.0337618 0.00977422 0.999382 294.37 
0.998551 0.00115668 -0.0537981 -2.37168 -0.00165026 0.999957 -0.00913184 -5.9893 0.0537852 0.00920744 0.99851 295.009 
0.997041 0.00263747 -0.0768328 -2.43613 -0.003359 0.999951 -0.00926364 -6.00722 0.0768046 0.00949435 0.997001 295.614 
0.994714 0.00373381 -0.102613 -2.52244 -0.00473018 0.999944 -0.0094687 -6.0212 0.102572 0.00990407 0.994676 296.219 
0.991372 0.00496193 -0.130984 -2.62543 -0.00621463 0.999939 -0.00915703 -6.03525 0.130931 0.00989209 0.991342 296.83 
0.986766 0.00595048 -0.162045 -2.74249 -0.00733677 0.999941 -0.00795821 -6.05047 0.161988 0.00904182 0.986751 297.401 
0.980528 0.00554854 -0.196301 -2.88218 -0.00693196 0.999956 -0.00636129 -6.05688 0.196257 0.00759822 0.980523 297.984 
0.972469 0.00549288 -0.232967 -3.03518 -0.00674705 0.999967 -0.0045871 -6.06878 0.232934 0.00603269 0.972474 298.533 
0.962467 0.00682296 -0.271312 -3.20121 -0.00764568 0.999969 -0.00197559 -6.08228 0.27129 0.00397585 0.962489 299.079 
0.950249 0.00813671 -0.311384 -3.38374 -0.00831247 0.999965 0.000762651 -6.09944 0.311379 0.00186371 0.950284 299.615 
0.936007 0.00842988 -0.35188 -3.58939 -0.00795876 0.999964 0.0027853 -6.10722 0.351891 0.000193516 0.936041 300.111 
0.919215 0.00812628 -0.393672 -3.81185 -0.00698727 0.999966 0.00432635 -6.11094 0.393693 -0.00122611 0.919241 300.609 
0.899581 0.00793501 -0.436681 -4.04544 -0.00599707 0.999965 0.00581626 -6.12224 0.436712 -0.00261335 0.899598 301.086 
0.876856 0.00712716 -0.4807 -4.30273 -0.00452444 0.999968 0.00657297 -6.12341 0.480732 -0.0035886 0.87686 301.555 
0.851116 0.00612293 -0.524943 -4.58077 -0.00227109 0.999966 0.0079813 -6.13015 0.524974 -0.00560076 0.8511 301.994 
0.822242 0.00644469 -0.569102 -4.88254 -0.000998712 0.999951 0.00988076 -6.13909 0.569137 -0.00755596 0.822208 302.414 
0.789927 0.00769351 -0.613153 -5.20091 -0.00177406 0.999946 0.0102612 -6.13732 0.613198 -0.0070178 0.789898 302.816 
0.755046 0.00694878 -0.655635 -5.56325 0.000161012 0.999942 0.0107833 -6.14898 0.655672 -0.00824742 0.755001 303.174 
0.716031 0.00583667 -0.698044 -5.92414 0.00418523 0.999911 0.0126538 -6.15008 0.698056 -0.0119819 0.715943 303.506 
0.672907 0.00512264 -0.739709 -6.31285 0.0102399 0.999816 0.0162391 -6.15221 0.739656 -0.0185019 0.672731 303.804 
0.624919 0.00524407 -0.780672 -6.71098 0.0146711 0.999722 0.0184596 -6.14389 0.780552 -0.022989 0.624668 304.078 
0.574691 0.0088575 -0.818323 -7.13071 0.0138214 0.999694 0.0205271 -6.14167 0.818254 -0.0231071 0.574392 304.282 
0.522084 0.0151869 -0.852759 -7.56114 0.00879044 0.999693 0.0231854 -6.13825 0.852849 -0.0196008 0.52179 304.46 
0.466544 0.0189206 -0.884296 -7.98192 0.00626423 0.999675 0.0246942 -6.13128 0.884476 -0.0170603 0.466274 304.626 
0.408251 0.0207591 -0.912634 -8.40158 0.00583944 0.999662 0.0253508 -6.11986 0.912851 -0.0156787 0.407991 304.785 
0.349245 0.0225194 -0.936761 -8.8108 0.00782652 0.999606 0.026948 -6.10934 0.936999 -0.016743 0.348931 304.905 
0.289078 0.0255872 -0.956964 -9.22256 0.00994279 0.999509 0.0297282 -6.10071 0.957254 -0.0181086 0.288681 305.011 
0.228414 0.0293694 -0.973121 -9.64596 0.0121021 0.999382 0.0330026 -6.09562 0.973489 -0.019315 0.227917 305.08 
0.164306 0.0326028 -0.985871 -10.0717 0.0143702 0.999268 0.0354408 -6.08642 0.986305 -0.0199902 0.163717 305.131 
0.0986204 0.0364004 -0.994459 -10.5176 0.0149218 0.999164 0.0380524 -6.07103 0.995013 -0.0185919 0.0979949 305.149 
0.0321669 0.0422785 -0.998588 -10.9787 0.0168155 0.998941 0.0428351 -6.06464 0.999341 -0.0181696 0.0314219 305.128 
-0.0363765 0.0489536 -0.998138 -11.448 0.0187078 0.998658 0.0482973 -6.04734 0.999163 -0.016916 -0.0372435 305.088 
-0.104232 0.0554258 -0.993007 -11.925 0.0208749 0.998348 0.0535328 -6.02025 0.994334 -0.0151491 -0.105217 304.996 
-0.172001 0.0617185 -0.983162 -12.4002 0.0232226 0.998012 0.058588 -6.00153 0.984823 -0.0127544 -0.173092 304.875 
-0.239189 0.0677088 -0.968609 -12.8895 0.0271322 0.997642 0.0630382 -5.97856 0.970594 -0.0112025 -0.240462 304.723 
-0.304667 0.0719394 -0.949738 -13.3814 0.0316065 0.997358 0.0654073 -5.95099 0.951934 -0.0100904 -0.306136 304.539 
-0.366896 0.0741582 -0.927301 -13.8625 0.0353486 0.997209 0.0657628 -5.92125 0.92959 -0.0086507 -0.368494 304.31 
-0.426643 0.0746593 -0.901334 -14.3424 0.0386193 0.997182 0.0643184 -5.88903 0.903595 -0.00736789 -0.428324 304.048 
-0.482549 0.0743736 -0.872706 -14.8156 0.0407573 0.997216 0.0624485 -5.8522 0.87492 -0.00543467 -0.484236 303.742 
-0.534114 0.0744902 -0.842124 -15.2859 0.0429344 0.997215 0.0609777 -5.81579 0.844321 -0.00358703 -0.535825 303.403 
-0.580379 0.0744289 -0.810938 -15.7579 0.0446359 0.997225 0.0595812 -5.77931 0.813122 -0.00161723 -0.582091 303.025 
-0.621104 0.0749179 -0.78014 -16.2262 0.0456572 0.997189 0.0594118 -5.74452 0.782397 0.00128191 -0.622778 302.613 
-0.658009 0.0786126 -0.748895 -16.6821 0.0502433 0.996903 0.0605005 -5.70904 0.751332 0.00218294 -0.659921 302.168 
-0.694396 0.0854055 -0.714507 -17.1451 0.0584596 0.996345 0.0622796 -5.67083 0.717215 0.0014769 -0.696851 301.693 
-0.729565 0.0906461 -0.677878 -17.6058 0.0646495 0.99588 0.0635905 -5.62912 0.680849 0.002569 -0.73242 301.172 
-0.761837 0.0924709 -0.641135 -18.0398 0.0677634 0.995705 0.0630898 -5.59336 0.644215 0.00461872 -0.764831 300.613 
-0.79153 0.0886239 -0.60467 -18.4576 0.0670628 0.99605 0.0581997 -5.55091 0.60744 0.00551599 -0.794347 300.012 
-0.817979 0.085655 -0.568835 -18.8486 0.0680497 0.996317 0.0521703 -5.51293 0.571208 0.00396518 -0.820796 299.384 
-0.842403 0.0807259 -0.532767 -19.2329 0.066606 0.996732 0.0457104 -5.47485 0.534715 0.00302114 -0.845027 298.704 
-0.864614 0.0779386 -0.496354 -19.6159 0.0665025 0.996956 0.0407013 -5.44175 0.498016 0.0021821 -0.867165 297.989 
-0.884527 0.0767198 -0.460137 -19.9593 0.066071 0.997043 0.0392304 -5.4153 0.461786 0.00429867 -0.886981 297.243 
-0.90337 0.0734194 -0.42253 -20.3 0.0635962 0.997278 0.0373196 -5.39609 0.42412 0.00684208 -0.90558 296.452 
-0.920204 0.0729703 -0.384578 -20.6111 0.0644421 0.997306 0.0350357 -5.36841 0.386099 0.00745694 -0.922427 295.631 
-0.935525 0.0753609 -0.345129 -20.9086 0.067635 0.997117 0.0343914 -5.344 0.346726 0.00883124 -0.937925 294.767 
-0.948743 0.0788774 -0.306048 -21.173 0.0720489 0.996836 0.0335634 -5.32149 0.307727 0.00979263 -0.951424 293.876 
-0.9601 0.0800223 -0.267964 -21.3979 0.0734019 0.9967 0.0346504 -5.30009 0.269852 0.0135988 -0.962806 292.957 
-0.969512 0.0829181 -0.230587 -21.5946 0.0769432 0.996428 0.0348005 -5.27915 0.232649 0.0159974 -0.972429 291.998 
-0.977486 0.0823978 -0.194245 -21.7582 0.0773711 0.996445 0.0333378 -5.257 0.196302 0.0175583 -0.980386 291.021 
-0.983751 0.0810437 -0.160208 -21.885 0.0773902 0.996581 0.0289249 -5.23519 0.162004 0.0160564 -0.986659 290.024 
