1 2.12261e-08 -2.11895e-08 0 2.12261e-08 1 2.10703e-08 0 -2.11895e-08 2.10703e-08 1 0 
0.999978 0.000577659 -0.00654759 -0.00797193 -0.000575967 1 0.000253802 -0.000265512 0.00654769 -0.000249983 0.999979 0.0961731 
0.999905 0.000921086 -0.0137712 -0.016542 -0.000918174 1 0.000214735 -0.0017664 0.0137713 -0.000202028 0.999905 0.192864 
0.999774 0.00129096 -0.0212351 -0.0304692 -0.00130205 0.999999 -0.000510204 -0.00223443 0.0212344 0.00053778 0.999774 0.296152 
0.999526 0.00181169 -0.0307468 -0.0418341 -0.0018652 0.999997 -0.0017132 -0.00534672 0.0307435 0.00176978 0.999526 0.404428 
0.999111 0.00182961 -0.0421111 -0.0632012 -0.00197338 0.999992 -0.00337377 -0.00402215 0.0421046 0.00345392 0.999107 0.521857 
0.998441 0.00194594 -0.0557867 -0.0856083 -0.00218653 0.999989 -0.0042527 -0.00491322 0.0557778 0.00436809 0.998434 0.654307 
0.997385 0.00193203 -0.0722437 -0.111887 -0.00224505 0.999988 -0.00425246 -0.00495301 0.0722346 0.00440358 0.997378 0.798355 
0.995866 0.000401653 -0.0908393 -0.147579 -0.000786394 0.999991 -0.0042001 -0.00619406 0.0908367 0.00425421 0.995857 0.957 
0.99383 -0.000805598 -0.11091 -0.183892 0.000326042 0.999991 -0.00434227 -0.00816923 0.110912 0.00427936 0.993821 1.12213 
0.991069 -0.000997508 -0.133345 -0.229872 0.000369402 0.999989 -0.00473533 -0.0115637 0.133348 0.00464383 0.991058 1.29868 
0.98753 0.00257657 -0.157408 -0.29245 -0.00358105 0.999975 -0.00609835 -0.017637 0.157388 0.00658603 0.987515 1.47413 
0.98315 0.00676561 -0.182675 -0.366335 -0.00830879 0.999936 -0.00768392 -0.0224691 0.182611 0.0090723 0.983143 1.65749 
0.977722 0.00976193 -0.209677 -0.445417 -0.0117871 0.999895 -0.0084113 -0.0307973 0.209573 0.0106955 0.977734 1.84807 
0.970883 0.0104296 -0.239328 -0.524498 -0.0128319 0.999882 -0.00848202 -0.0358178 0.239211 0.0113061 0.970902 2.04666 
0.962782 0.0124103 -0.269994 -0.62268 -0.0151288 0.999854 -0.00799036 -0.0387795 0.269855 0.0117777 0.962829 2.25291 
0.953174 0.0139919 -0.302099 -0.725782 -0.0169759 0.99983 -0.00725427 -0.0377399 0.301946 0.012043 0.953249 2.46073 
0.94177 0.0161254 -0.335871 -0.838943 -0.0192697 0.999796 -0.00603055 -0.0406148 0.335706 0.0121516 0.941889 2.6691 
0.929073 0.0182176 -0.369447 -0.95865 -0.0218768 0.999744 -0.00571719 -0.0407326 0.369248 0.0133941 0.929234 2.87099 
0.914825 0.0210359 -0.403303 -1.08297 -0.025207 0.99967 -0.00503611 -0.0420031 0.403063 0.0147733 0.915053 3.07283 
0.898417 0.021206 -0.438632 -1.21685 -0.0258458 0.999655 -0.00460906 -0.0381407 0.438383 0.0154777 0.898655 3.27694 
0.879561 0.0163003 -0.475507 -1.35769 -0.0214353 0.999756 -0.00537823 -0.0366513 0.475303 0.0149231 0.879696 3.48314 
0.85781 0.0113724 -0.513841 -1.51292 -0.0167167 0.999844 -0.00577824 -0.0368531 0.513695 0.0135464 0.857866 3.69354 
0.83212 0.0129325 -0.554444 -1.68211 -0.0172948 0.999847 -0.00263468 -0.0401874 0.554325 0.0117814 0.832217 3.89439 
0.802462 0.0184365 -0.596419 -1.87768 -0.0220568 0.999756 0.00122775 -0.0464563 0.596296 0.0121699 0.802673 4.07929 
0.768953 0.0214141 -0.638946 -2.08193 -0.025245 0.999676 0.00312223 -0.0512398 0.638807 0.0137294 0.769245 4.26271 
0.732108 0.0203574 -0.680885 -2.30377 -0.0244684 0.999694 0.00358006 -0.0478072 0.680749 0.0140392 0.732382 4.44479 
0.691346 0.0162181 -0.722342 -2.53468 -0.0184603 0.999818 0.00477988 -0.0471529 0.722288 0.0100302 0.691519 4.62605 
0.647794 0.0126873 -0.76171 -2.78837 -0.0131788 0.999898 0.00544682 -0.0457645 0.761702 0.00651006 0.647895 4.79696 
0.602144 0.0123526 -0.798292 -3.06364 -0.0104312 0.999917 0.00760434 -0.0456743 0.798319 0.00374825 0.602223 4.95439 
0.553539 0.0130069 -0.832722 -3.3572 -0.00797617 0.999915 0.0103164 -0.0431958 0.832785 0.000931445 0.553595 5.09582 
0.502294 0.0136899 -0.864589 -3.66813 -0.00680609 0.999906 0.0118784 -0.0374555 0.86467 -8.19307e-05 0.50234 5.21608 
0.4496 0.0152937 -0.893099 -3.99334 -0.00619323 0.999883 0.0140046 -0.0328345 0.893209 -0.000765227 0.449642 5.31339 
0.394946 0.0172263 -0.918543 -4.34049 -0.00541047 0.999851 0.0164248 -0.0258289 0.918689 -0.00151711 0.39498 5.40484 
0.339397 0.0192282 -0.940447 -4.70384 -0.00494226 0.999814 0.0186583 -0.0208379 0.94063 -0.0016846 0.339429 5.48108 
0.284281 0.0222104 -0.958484 -5.1023 -0.00328566 0.999748 0.0221921 -0.0159154 0.958735 -0.00315949 0.284282 5.54949 
0.230472 0.024115 -0.97278 -5.50194 0.000873944 0.999687 0.0249891 -0.0136086 0.973079 -0.00660938 0.230378 5.60341 
0.179363 0.0246643 -0.983474 -5.90899 0.00356223 0.999663 0.02572 -0.0117492 0.983777 -0.00811652 0.179214 5.63365 
0.131797 0.0255082 -0.990948 -6.33416 0.00129215 0.999664 0.0259044 -0.00471448 0.991276 -0.00469454 0.13172 5.64085 
0.0893203 0.0256939 -0.995672 -6.77488 -0.000430645 0.999668 0.0257584 0.00462544 0.996003 -0.00187192 0.0893017 5.63599 
0.0514274 0.0241255 -0.998385 -7.23383 -0.00211657 0.999709 0.0240484 0.0170666 0.998675 0.000876443 0.0514635 5.61904 
0.0167564 0.0213952 -0.999631 -7.70084 -0.00157679 0.99977 0.0213718 0.0255344 0.999858 0.00121814 0.0167863 5.59706 
-0.014847 0.018612 -0.999717 -8.18829 -0.00107517 0.999826 0.01863 0.0330687 0.999889 0.00135151 -0.0148244 5.55938 
-0.0415315 0.0167835 -0.998996 -8.68698 -0.00163696 0.999856 0.016866 0.0367982 0.999136 0.00233583 -0.041498 5.51211 
-0.0624423 0.0144135 -0.997945 -9.1975 -0.00196701 0.999892 0.0145647 0.0437494 0.998047 0.00287246 -0.0624072 5.45327 
-0.0790835 0.0136019 -0.996775 -9.72506 -0.00094995 0.999905 0.0137199 0.0532581 0.996868 0.00203195 -0.0790631 5.39399 
-0.0922808 0.0142801 -0.995631 -10.2607 -0.000491563 0.999896 0.0143869 0.0531196 0.995733 0.00181709 -0.0922642 5.33113 
-0.102022 0.0152552 -0.994665 -10.8166 -0.0015674 0.999879 0.015496 0.056469 0.994781 0.00314001 -0.101986 5.25749 
-0.108668 0.0164993 -0.993941 -11.3921 -0.00325331 0.999851 0.0169531 0.0567115 0.994073 0.0050759 -0.108598 5.17037 
-0.113358 0.0174573 -0.993401 -11.9802 -0.00258387 0.999837 0.0178652 0.061792 0.993551 0.00459203 -0.113295 5.09006 
-0.114801 0.0181868 -0.993222 -12.5846 -0.000288186 0.999832 0.0183412 0.0703835 0.993389 0.00239186 -0.114776 5.00986 
-0.114023 0.0203687 -0.993269 -13.2069 0.00173792 0.999792 0.0203029 0.0789392 0.993477 0.00058882 -0.114035 4.93165 
-0.112794 0.0227712 -0.993357 -13.8462 0.00133988 0.99974 0.0227653 0.0842907 0.993618 0.00123686 -0.112795 4.84934 
-0.111321 0.022428 -0.993531 -14.4992 -0.000793703 0.999743 0.0226572 0.0912621 0.993784 0.00331082 -0.111274 4.7654 
-0.109912 0.0197249 -0.993746 -15.1627 -0.00258029 0.999794 0.0201303 0.0991752 0.993938 0.00477675 -0.109839 4.6804 
-0.108689 0.0194499 -0.993886 -15.8493 -0.00277317 0.999799 0.0198689 0.111647 0.994072 0.00491579 -0.108614 4.59205 
-0.10728 0.021948 -0.993987 -16.5483 -0.00216217 0.999749 0.0223086 0.126946 0.994226 0.00454249 -0.107206 4.50987 
-0.105466 0.0253768 -0.994099 -17.2637 -0.00285207 0.999663 0.0258214 0.136437 0.994419 0.00555857 -0.105358 4.42219 
-0.103677 0.0276078 -0.994228 -18.0021 -0.00320165 0.9996 0.0280908 0.142857 0.994606 0.00609559 -0.103547 4.32706 
-0.102176 0.0267519 -0.994407 -18.7428 -0.00469108 0.999614 0.027374 0.155862 0.994755 0.00746185 -0.102011 4.24009 
-0.100397 0.0235919 -0.994668 -19.4962 -0.00694769 0.999678 0.024412 0.169153 0.994923 0.00936158 -0.100201 4.14625 
-0.0989827 0.0229813 -0.994824 -20.2653 -0.00781251 0.999685 0.0238709 0.180516 0.995059 0.0101349 -0.0987719 4.05286 
-0.0975829 0.0252402 -0.994907 -21.0505 -0.00493876 0.999654 0.0258451 0.195058 0.995215 0.00743568 -0.0974244 3.96587 
-0.096585 0.0276671 -0.99494 -21.8418 -0.00263921 0.999603 0.0280529 0.201521 0.995321 0.00533539 -0.0964736 3.88108 
-0.0954966 0.0293513 -0.994997 -22.641 -0.00154255 0.99956 0.029634 0.212312 0.995429 0.00436481 -0.0954093 3.79255 
-0.095013 0.0246881 -0.99517 -23.4415 -0.00101404 0.99969 0.0248971 0.221766 0.995476 0.00337473 -0.0949584 3.70356 
-0.094715 0.0177144 -0.995347 -24.2471 0.00075876 0.999843 0.0177223 0.227291 0.995504 0.000923375 -0.0947136 3.61346 
-0.0949322 0.0134324 -0.995393 -25.0677 0.00403042 0.999906 0.0131089 0.231282 0.995476 -0.00276736 -0.0949775 3.5251 
-0.095416 0.0140494 -0.995338 -25.8978 0.00522459 0.999894 0.0136129 0.240858 0.995424 -0.0039013 -0.0954793 3.43136 
-0.0959645 0.021595 -0.995151 -26.7364 0.00527604 0.999762 0.0211862 0.240592 0.995371 -0.00321729 -0.0960556 3.3403 
-0.0963069 0.0285366 -0.994943 -27.5786 0.00398704 0.999592 0.0282841 0.247608 0.995344 -0.00124289 -0.0963814 3.24287 
-0.096861 0.0336666 -0.994728 -28.4218 0.00212206 0.999433 0.0336192 0.257675 0.995296 0.00114555 -0.0968774 3.14394 
-0.0973698 0.034016 -0.994667 -29.2613 0.000335159 0.999417 0.0341456 0.266316 0.995248 0.00299142 -0.0973244 3.04564 
-0.0980219 0.030386 -0.99472 -30.0979 0.000467743 0.999535 0.030487 0.279569 0.995184 0.00252316 -0.0979905 2.95151 
-0.0984535 0.0276841 -0.994757 -30.9327 0.000153859 0.999613 0.027804 0.292323 0.995142 0.00258439 -0.0984196 2.85386 
-0.0986467 0.0287596 -0.994707 -31.7702 -0.00093922 0.999579 0.0289936 0.306168 0.995122 0.00379441 -0.0985782 2.75351 
-0.0985901 0.030957 -0.994647 -32.6072 -0.00128885 0.999511 0.0312361 0.316609 0.995127 0.00436156 -0.098502 2.65389 
-0.0986185 0.0291266 -0.994699 -33.4392 -0.00181049 0.999565 0.0294486 0.325818 0.995124 0.0047051 -0.0985228 2.55858 
-0.0979648 0.0239724 -0.994901 -34.2713 -0.00274069 0.9997 0.0243579 0.333362 0.995186 0.00511297 -0.0978697 2.45359 
-0.0980157 0.019888 -0.994986 -35.1046 -0.00410999 0.999784 0.0203888 0.337001 0.995176 0.00608784 -0.0979128 2.3512 
-0.0974657 0.0207203 -0.995023 -35.9451 -0.00339579 0.999771 0.0211518 0.342823 0.995233 0.00544051 -0.097373 2.24594 
-0.0970051 0.0231976 -0.995014 -36.7828 -0.00198191 0.999722 0.0235006 0.348227 0.995282 0.00425174 -0.0969322 2.14767 
-0.0962782 0.0280033 -0.994961 -37.6216 -0.00216126 0.999596 0.0283429 0.352654 0.995352 0.00487921 -0.0961787 2.04142 
-0.0957094 0.0335753 -0.994843 -38.467 -0.00113433 0.999427 0.0338391 0.362544 0.995409 0.00436724 -0.0956164 1.94061 
-0.0960249 0.0366228 -0.994705 -39.3081 -0.00117811 0.999318 0.0369064 0.375615 0.995378 0.00471585 -0.0959163 1.84539 
-0.0956813 0.0364396 -0.994745 -40.139 -0.000775907 0.999327 0.0366821 0.390417 0.995412 0.00428166 -0.0955886 1.7488 
-0.0958542 0.0320084 -0.994881 -40.9618 -0.000548819 0.999481 0.0322093 0.404424 0.995395 0.00363345 -0.0957869 1.65478 
-0.0954702 0.0276548 -0.995048 -41.7925 -0.00153825 0.999609 0.0279291 0.412911 0.995431 0.00419707 -0.0953903 1.55657 
-0.0955577 0.0247772 -0.995116 -42.6248 -0.00521984 0.999664 0.0253917 0.422692 0.99541 0.00762075 -0.0953962 1.45511 
-0.0960895 0.0227304 -0.995113 -43.4549 -0.00867466 0.999682 0.0236724 0.432175 0.995335 0.010907 -0.0958617 1.35132 
-0.0972255 0.0209617 -0.995042 -44.2902 -0.00618305 0.999746 0.0216649 0.434867 0.995243 0.00825882 -0.0970712 1.25988 
-0.0984379 0.017433 -0.994991 -45.1158 -0.00258594 0.999839 0.0177738 0.438127 0.99514 0.00432263 -0.0983769 1.16622 
-0.0995413 0.0159723 -0.994905 -45.9362 0.00153229 0.999872 0.0158987 0.443464 0.995032 5.81358e-05 -0.0995531 1.07723 
-0.101529 0.0193505 -0.994644 -46.7599 0.00183133 0.999813 0.0192641 0.445627 0.994831 0.000134381 -0.101545 0.976283 
-0.103591 0.0259244 -0.994282 -47.5885 0.00441126 0.999662 0.0256051 0.443414 0.99461 -0.00173354 -0.10367 0.883061 
-0.105923 0.0294956 -0.993937 -48.407 0.00637281 0.99956 0.0289833 0.450882 0.994354 -0.00326413 -0.106064 0.788057 
-0.107402 0.0286192 -0.993804 -49.2123 0.00639118 0.999585 0.028095 0.456651 0.994195 -0.00333408 -0.10754 0.686124 
-0.108575 0.0247826 -0.993779 -50.0148 0.00318725 0.999693 0.0245819 0.458137 0.994083 -0.000498408 -0.108621 0.576849 
-0.10985 0.0210126 -0.993726 -50.8071 -0.00141834 0.999772 0.0212973 0.463382 0.993947 0.00374899 -0.109795 0.465216 
-0.111532 0.0192663 -0.993574 -51.6029 -0.00539745 0.999786 0.0199926 0.469089 0.993746 0.00759261 -0.111404 0.355986 
-0.112689 0.0202854 -0.993423 -52.3988 -0.00692038 0.999751 0.0211997 0.471418 0.993606 0.00926388 -0.112521 0.245198 
-0.113793 0.0218691 -0.993264 -53.1837 -0.00690737 0.999716 0.0228025 0.472743 0.993481 0.00945564 -0.113609 0.139709 
-0.114868 0.0212129 -0.993154 -53.9611 -0.00856742 0.999714 0.022344 0.475466 0.993344 0.0110754 -0.114653 0.033804 
-0.115527 0.0210001 -0.993082 -54.737 -0.00923498 0.999711 0.0222146 0.477425 0.993261 0.0117375 -0.115299 -0.0741985 
-0.116196 0.02299 -0.99296 -55.515 -0.00767925 0.999681 0.0240442 0.479594 0.993197 0.0104191 -0.115982 -0.177892 
-0.116491 0.0257778 -0.992857 -56.287 -0.00657901 0.999621 0.0267253 0.486201 0.99317 0.00964532 -0.116277 -0.282342 
-0.117207 0.0297821 -0.992661 -57.0638 -0.00663946 0.999504 0.0307714 0.497051 0.993085 0.0101974 -0.116951 -0.380541 
-0.11785 0.0317814 -0.992523 -57.8296 -0.00620365 0.999445 0.0327396 0.50484 0.993012 0.0100157 -0.117588 -0.487778 
-0.118852 0.0318219 -0.992402 -58.5808 -0.00578365 0.999447 0.0327405 0.512234 0.992895 0.00963103 -0.118603 -0.588726 
-0.119317 0.0299592 -0.992404 -59.3292 -0.00497086 0.999514 0.0307715 0.518238 0.992844 0.00860471 -0.11911 -0.693536 
-0.119947 0.0265079 -0.992426 -60.0715 -0.00438717 0.99962 0.0272303 0.523663 0.992771 0.00762017 -0.119785 -0.791117 
-0.120204 0.0234093 -0.992473 -60.7927 -0.00444792 0.999699 0.0241185 0.531865 0.992739 0.00731363 -0.120064 -0.889909 
-0.118823 0.0210305 -0.992693 -61.5094 -0.00507697 0.99975 0.0217877 0.534902 0.992903 0.00762879 -0.118687 -0.998398 
-0.116805 0.0202359 -0.992949 -62.2078 -0.00711824 0.99975 0.0212119 0.536231 0.993129 0.00954575 -0.116632 -1.09441 
-0.113118 0.0210012 -0.99336 -62.8847 -0.00725072 0.999733 0.0219616 0.537951 0.993555 0.00968687 -0.112936 -1.18184 
-0.107384 0.0225223 -0.993963 -63.5533 -0.00625525 0.999708 0.0233283 0.539858 0.994198 0.0087226 -0.107211 -1.2667 
-0.100028 0.0240843 -0.994693 -64.2119 -0.0053115 0.99968 0.0247392 0.541294 0.99497 0.00775797 -0.0998683 -1.34699 
-0.0913411 0.0253288 -0.995498 -64.8448 -0.00629272 0.999642 0.0260117 0.542154 0.9958 0.00864036 -0.091149 -1.41474 
-0.079871 0.0267759 -0.996446 -65.4622 -0.00816842 0.999588 0.0275151 0.545538 0.996772 0.0103371 -0.0796194 -1.47134 
-0.0649311 0.0282249 -0.997491 -66.0679 -0.0110795 0.999518 0.0290035 0.549329 0.997828 0.012935 -0.0645871 -1.52179 
-0.0466458 0.0292336 -0.998484 -66.6576 -0.0123207 0.999479 0.0298383 0.556027 0.998836 0.0136939 -0.0462613 -1.55318 
-0.0245831 0.0299938 -0.999248 -67.2228 -0.0132589 0.999452 0.0303261 0.559408 0.99961 0.0139945 -0.0241719 -1.56424 
0.000834329 0.030341 -0.999539 -67.7656 -0.012321 0.999464 0.0303284 0.562115 0.999924 0.0122901 0.00120771 -1.55747 
0.0299939 0.0300202 -0.999099 -68.2812 -0.0108004 0.9995 0.029708 0.565434 0.999492 0.00989964 0.0303031 -1.52515 
0.0642796 0.0300541 -0.997479 -68.7699 -0.00960703 0.999519 0.0294965 0.567911 0.997886 0.00768684 0.0645374 -1.47954 
0.101885 0.0303467 -0.994333 -69.2415 -0.00876429 0.999523 0.029607 0.572667 0.994758 0.00569817 0.102102 -1.40884 
0.142926 0.0298877 -0.989282 -69.6981 -0.008473 0.999544 0.0289736 0.577803 0.989697 0.00424114 0.143115 -1.32067 
0.188211 0.0309517 -0.981641 -70.14 -0.00725456 0.99952 0.0301245 0.579441 0.982102 0.00145166 0.188345 -1.21215 
0.237033 0.0296738 -0.971048 -70.5678 -0.00380469 0.999554 0.0296162 0.580662 0.971494 -0.00332544 0.23704 -1.08018 
0.287745 0.0251282 -0.957377 -70.9717 0.00409345 0.999614 0.027467 0.579205 0.957698 -0.0118224 0.287531 -0.92736 
0.339767 0.0200636 -0.940296 -71.3618 0.00932881 0.999651 0.024701 0.579852 0.940463 -0.0171644 0.339462 -0.753783 
0.392999 0.0153259 -0.919411 -71.7354 0.0144344 0.999635 0.0228331 0.585718 0.919425 -0.0222444 0.392635 -0.562302 
0.445093 0.0147639 -0.895363 -72.1062 0.0143092 0.999619 0.0235962 0.592568 0.89537 -0.0233144 0.444712 -0.353159 
0.494291 0.0136037 -0.86919 -72.4716 0.0157784 0.999572 0.0246171 0.598901 0.869154 -0.0258824 0.493865 -0.117794 
0.540348 0.00970715 -0.841386 -72.8171 0.0233143 0.999377 0.0265026 0.602264 0.841119 -0.0339368 0.539785 0.142945 
0.585037 0.0033243 -0.811 -73.1429 0.0339056 0.999017 0.0285537 0.605652 0.810298 -0.0442024 0.584349 0.430421 
0.628711 -0.00172167 -0.777637 -73.4518 0.0352376 0.999033 0.0262774 0.608387 0.77684 -0.0439229 0.628164 0.715133 
0.671178 -0.00653308 -0.741267 -73.7527 0.0318194 0.999293 0.0200035 0.61255 0.740613 -0.0370125 0.670912 1.00971 
0.712875 -0.0133695 -0.701164 -74.0367 0.0279938 0.999564 0.00940217 0.616006 0.700733 -0.0263308 0.712938 1.32436 
0.753414 -0.0160515 -0.657351 -74.3125 0.0228605 0.999737 0.00178916 0.622564 0.657149 -0.0163753 0.753582 1.66192 
0.791563 -0.017158 -0.610847 -74.5766 0.0212826 0.999773 -0.000503617 0.623156 0.610717 -0.0126017 0.791749 2.04061 
0.826466 -0.0181001 -0.562696 -74.8144 0.0209953 0.999779 -0.00132255 0.619067 0.562596 -0.0107209 0.826663 2.43851 
0.85813 -0.0168759 -0.513156 -75.0472 0.017737 0.999838 -0.0032203 0.619419 0.513127 -0.00633835 0.85829 2.85857 
0.88505 -0.0151203 -0.465251 -75.2659 0.0165608 0.999862 -0.000991054 0.607922 0.465202 -0.00682776 0.885179 3.31355 
0.907058 -0.00893336 -0.420911 -75.4738 0.0100338 0.99995 0.000399819 0.600656 0.420886 -0.00458594 0.907102 3.78292 
0.925331 -0.00463488 -0.379132 -75.6752 0.00465872 0.999989 -0.000854593 0.597853 0.379132 -0.000975441 0.925342 4.27764 
0.939405 0.00043921 -0.34281 -75.862 -0.000220728 1 0.000676245 0.597034 0.34281 -0.000559552 0.939405 4.80235 
0.949897 0.00142963 -0.312559 -76.0368 -0.0005705 0.999996 0.00284 0.592856 0.312562 -0.00251935 0.949894 5.35352 
0.957574 0.000446073 -0.288186 -76.2029 0.000904067 0.999989 0.00455172 0.587981 0.288185 -0.0046191 0.957564 5.92387 
0.963673 0.000716403 -0.267086 -76.3641 0.00110053 0.999977 0.00665293 0.586583 0.267084 -0.00670513 0.96365 6.51228 
0.968568 0.00332171 -0.248727 -76.5265 -0.00103131 0.999956 0.00933808 0.586257 0.248747 -0.00878801 0.968529 7.11659 
0.972361 0.00807353 -0.233344 -76.6878 -0.00570369 0.999925 0.0108288 0.586988 0.233414 -0.00919858 0.972334 7.74165 
0.975493 0.0120693 -0.2197 -76.8487 -0.00964046 0.99988 0.012124 0.583774 0.21982 -0.00970887 0.975492 8.38094 
0.97844 0.0106992 -0.206255 -76.9978 -0.00839614 0.999892 0.0120378 0.582488 0.206362 -0.0100465 0.978424 9.03748 
0.981245 0.0106252 -0.192472 -77.1361 -0.00849395 0.999893 0.0118945 0.581059 0.192577 -0.0100366 0.981231 9.70529 
0.983981 0.010985 -0.177935 -77.2657 -0.008881 0.999881 0.0126165 0.58237 0.178053 -0.0108341 0.983961 10.3908 
0.986394 0.0126763 -0.163909 -77.3903 -0.0106754 0.999857 0.0130826 0.584196 0.164051 -0.0111548 0.986389 11.0925 
0.988421 0.0131973 -0.151164 -77.5107 -0.0117841 0.999878 0.0102409 0.583011 0.151281 -0.00834097 0.988456 11.8065 
0.990036 0.0135378 -0.140162 -77.6225 -0.0129727 0.999904 0.00494435 0.577377 0.140215 -0.00307676 0.990116 12.5327 
0.991368 0.0116672 -0.130589 -77.7295 -0.0119263 0.999928 -0.00120223 0.574831 0.130566 0.00274934 0.991436 13.2745 
0.992416 0.0114202 -0.122391 -77.833 -0.0116672 0.999931 -0.00130161 0.570393 0.122367 0.00271974 0.992481 14.0267 
0.99319 0.0133196 -0.115743 -77.9349 -0.0128382 0.999906 0.00490299 0.562603 0.115797 -0.00338363 0.993267 14.7889 
0.993709 0.0176591 -0.110591 -78.0413 -0.0163244 0.999783 0.0129622 0.55498 0.110796 -0.0110753 0.993781 15.5548 
0.994169 0.0182921 -0.106275 -78.1376 -0.0165964 0.999721 0.016818 0.547677 0.106553 -0.0149561 0.994195 16.3259 
0.994532 0.0170121 -0.103034 -78.2257 -0.0154764 0.999757 0.015686 0.549042 0.103276 -0.0140056 0.994554 17.0864 
0.994845 0.0170922 -0.0999617 -78.3162 -0.0156975 0.999768 0.0147218 0.548393 0.10019 -0.0130767 0.994882 17.8508 
0.995174 0.0156032 -0.0968803 -78.4062 -0.0140303 0.999759 0.0168959 0.549607 0.0971205 -0.015455 0.995153 18.6196 
0.995441 0.0133443 -0.0944467 -78.4885 -0.0115752 0.999748 0.0192545 0.54963 0.0946797 -0.0180734 0.995344 19.3852 
0.995734 0.0110875 -0.0915992 -78.5688 -0.00919221 0.999735 0.0210866 0.547514 0.0918087 -0.0201546 0.995573 20.1517 
0.995973 0.0104022 -0.0890536 -78.6471 -0.00887473 0.999807 0.0175307 0.544783 0.0892188 -0.0166697 0.995873 20.91 
0.996102 0.013394 -0.0871915 -78.7327 -0.0125559 0.99987 0.0101531 0.542059 0.0873161 -0.00901874 0.99614 21.6601 
0.996245 0.0140051 -0.0854409 -78.8162 -0.0138412 0.999901 0.00250988 0.535775 0.0854675 -0.00131781 0.99634 22.409 
0.996336 0.014509 -0.0842875 -78.8932 -0.014709 0.99989 -0.00175306 0.528971 0.0842528 0.00298647 0.99644 23.1636 
0.996502 0.0160215 -0.0820193 -78.9736 -0.0160646 0.999871 0.000133563 0.51454 0.0820108 0.00118456 0.996631 23.9078 
0.996629 0.0193408 -0.0797295 -79.0534 -0.01908 0.99981 0.00403108 0.501276 0.0797923 -0.00249621 0.996808 24.6656 
0.996706 0.023003 -0.0777706 -79.1331 -0.0223386 0.999706 0.00940174 0.485442 0.077964 -0.00763344 0.996927 25.4283 
0.996967 0.0208489 -0.0749845 -79.2067 -0.0200585 0.999735 0.0112782 0.479138 0.0751997 -0.00973991 0.997121 26.1845 
0.99709 0.0180274 -0.0740679 -79.2712 -0.0172587 0.999791 0.0110046 0.473574 0.0742507 -0.00969418 0.997193 26.939 
0.997191 0.0163955 -0.0730854 -79.3364 -0.0156112 0.999814 0.0112894 0.463544 0.0732569 -0.0101167 0.997262 27.6868 
0.997267 0.0161297 -0.0720977 -79.4035 -0.0154913 0.999836 0.00940431 0.458793 0.0722375 -0.00826168 0.997353 28.4332 
0.997327 0.0145515 -0.0716027 -79.4651 -0.0139736 0.999866 0.008564 0.449279 0.0717177 -0.00754052 0.997397 29.1834 
0.997363 0.0130689 -0.0713869 -79.5275 -0.0124817 0.999885 0.00866547 0.444548 0.0714918 -0.00775155 0.997411 29.9416 
0.997374 0.0161209 -0.0706136 -79.6021 -0.0154811 0.999834 0.00959786 0.442442 0.0707566 -0.00847943 0.997458 30.7102 
0.997374 0.0161437 -0.0705948 -79.6755 -0.0155651 0.999841 0.00873686 0.437012 0.0707245 -0.00761505 0.997467 31.4861 
0.99724 0.0156839 -0.0725717 -79.742 -0.0150948 0.999849 0.00865789 0.432825 0.0726965 -0.00753849 0.997326 32.259 
0.997123 0.013372 -0.0746097 -79.8145 -0.0127333 0.999878 0.00902981 0.429363 0.0747214 -0.00805377 0.997172 33.0438 
0.996854 0.0150736 -0.077817 -79.8942 -0.0144317 0.999857 0.00880388 0.426907 0.0779386 -0.0076531 0.996929 33.8282 
0.996578 0.0186149 -0.0805327 -79.9836 -0.0179921 0.999802 0.00845208 0.419072 0.0806741 -0.00697416 0.996716 34.6167 
0.996373 0.0189457 -0.0829528 -80.0739 -0.0187125 0.999819 0.0035875 0.412176 0.0830056 -0.00202219 0.996547 35.4101 
0.996162 0.0196854 -0.0852822 -80.1657 -0.0197537 0.999805 4.23862e-05 0.406269 0.0852663 0.00164246 0.996357 36.2093 
0.996 0.0188669 -0.0873398 -80.2541 -0.0190847 0.999817 -0.0016603 0.400803 0.0872924 0.00332056 0.996177 37.0236 
0.995782 0.0189515 -0.0897681 -80.3413 -0.0190555 0.999818 -0.00030118 0.390059 0.089746 0.00201053 0.995963 37.8492 
0.995592 0.017371 -0.0921633 -80.4282 -0.0173776 0.999849 0.000730978 0.375873 0.092162 0.000873863 0.995744 38.6822 
0.995435 0.01664 -0.0939763 -80.5203 -0.0164829 0.999861 0.00244753 0.368885 0.094004 -0.00088731 0.995571 39.5171 
0.995324 0.0163178 -0.0952055 -80.6182 -0.015814 0.999857 0.00604371 0.360149 0.0952905 -0.00450983 0.995439 40.3559 
0.995236 0.0156444 -0.0962313 -80.7136 -0.0146814 0.999835 0.0107068 0.352284 0.0963829 -0.00924294 0.995301 41.2006 
0.995268 0.0159812 -0.095848 -80.808 -0.0148195 0.999808 0.0128197 0.348556 0.0960344 -0.0113385 0.995313 42.0532 
0.995396 0.0189474 -0.0939543 -80.9067 -0.0178193 0.999759 0.0128307 0.346331 0.0941747 -0.0110974 0.995494 42.9103 
0.995576 0.0190524 -0.0920133 -81.0061 -0.0180687 0.999771 0.0115111 0.343012 0.0922115 -0.00979757 0.995691 43.7698 
0.995762 0.0169567 -0.0903876 -81.0993 -0.0161877 0.999826 0.00923383 0.339822 0.0905284 -0.00773149 0.995864 44.6385 
0.995997 0.0132576 -0.0884006 -81.1926 -0.0126327 0.999891 0.00762475 0.333685 0.088492 -0.00647744 0.996056 45.5103 
0.996173 0.0123267 -0.0865342 -81.2826 -0.011737 0.999904 0.00731951 0.329706 0.0866161 -0.0062758 0.996222 46.3792 
0.996291 0.00990881 -0.0854741 -81.3742 -0.0091058 0.999911 0.00977904 0.322499 0.0855633 -0.00896442 0.996292 47.253 
0.996382 0.00705243 -0.0846961 -81.4569 -0.00603135 0.999906 0.0123052 0.315068 0.0847749 -0.0117498 0.996331 48.1261 
0.996444 0.0061974 -0.0840323 -81.5471 -0.00514416 0.999906 0.0127439 0.305815 0.0841033 -0.0122663 0.996382 48.9965 
0.996523 0.00770639 -0.0829603 -81.6359 -0.00694187 0.999931 0.00949952 0.296236 0.0830277 -0.00889055 0.996508 49.8629 
0.99657 0.0102193 -0.0821199 -81.7333 -0.00995337 0.999944 0.00364607 0.286812 0.0821525 -0.00281615 0.996616 50.7153 
0.996646 0.0118768 -0.0809654 -81.8243 -0.0120401 0.999926 -0.00152927 0.271021 0.0809413 0.00249901 0.996716 51.5749 
0.996642 0.0165476 -0.0801974 -81.9166 -0.0171935 0.999825 -0.00737036 0.254564 0.0800613 0.00872452 0.996752 52.431 
0.996744 0.0165233 -0.0789258 -82.0041 -0.0172281 0.999818 -0.00825769 0.235693 0.0787749 0.00959058 0.996846 53.2793 
0.996805 0.0136672 -0.078699 -82.0879 -0.0138816 0.999901 -0.0021787 0.22023 0.0786614 0.00326425 0.996896 54.1324 
0.996751 0.012981 -0.0794876 -82.1695 -0.0124611 0.999898 0.00703305 0.202523 0.0795707 -0.00601966 0.996811 54.9904 
0.996671 0.0122639 -0.0806053 -82.2539 -0.0111142 0.99983 0.0146954 0.188779 0.0807718 -0.0137506 0.996638 55.8509 
0.996506 0.0101297 -0.0829097 -82.3365 -0.00911953 0.99988 0.0125534 0.181045 0.0830269 -0.0117534 0.996478 56.6929 
0.996368 0.00517384 -0.0849908 -82.4145 -0.00441867 0.999949 0.00907055 0.175499 0.0850333 -0.00866202 0.99634 57.529 
0.996149 0.00363099 -0.0875971 -82.5016 -0.00297402 0.999967 0.00762873 0.164613 0.0876218 -0.00733879 0.996127 58.3561 
0.995912 0.00591173 -0.0901384 -82.5981 -0.00547267 0.999972 0.00511685 0.151774 0.090166 -0.00460259 0.995916 59.1816 
0.995607 0.00728267 -0.0933475 -82.6968 -0.00713841 0.999973 0.00187881 0.138069 0.0933586 -0.00120416 0.995632 60.0001 
0.995213 0.00798429 -0.0974012 -82.7956 -0.00816084 0.999966 -0.00141475 0.124812 0.0973865 0.00220289 0.995244 60.8143 
0.994892 0.00991137 -0.100456 -82.8992 -0.0105016 0.999931 -0.00534922 0.104535 0.100396 0.00637689 0.994927 61.6188 
0.99453 0.0147602 -0.103405 -83.0126 -0.015419 0.999866 -0.00557488 0.0873224 0.103309 0.00713884 0.994624 62.4263 
0.994107 0.0183456 -0.106836 -83.124 -0.0188665 0.999815 -0.00386711 0.0739284 0.106745 0.00585998 0.994269 63.2322 
0.993637 0.021623 -0.110538 -83.238 -0.0215572 0.999766 0.00178972 0.0588602 0.110551 0.000604604 0.99387 64.0389 
0.993169 0.022132 -0.114567 -83.3512 -0.021448 0.999744 0.00719925 0.0452413 0.114697 -0.00469279 0.993389 64.8418 
0.992598 0.0213592 -0.119554 -83.4624 -0.0202067 0.999737 0.0108437 0.0340768 0.119754 -0.00834756 0.992769 65.6359 
0.991812 0.020997 -0.125967 -83.5797 -0.0196437 0.999735 0.0119757 0.0278542 0.126185 -0.00940318 0.991962 66.4227 
0.991114 0.0193061 -0.13161 -83.7003 -0.0173979 0.999726 0.0156328 0.0238759 0.131875 -0.0132041 0.991178 67.2023 
0.990221 0.0196544 -0.138116 -83.8255 -0.0177067 0.999726 0.0153161 0.018129 0.138379 -0.0127207 0.990298 67.9739 
0.989268 0.0245009 -0.144044 -83.9654 -0.0226842 0.999641 0.0142413 0.012919 0.144341 -0.0108209 0.989469 68.7397 
0.988305 0.0266758 -0.15014 -84.1049 -0.0254094 0.999624 0.010347 0.00966807 0.150359 -0.00641094 0.988611 69.5068 
0.987413 0.025106 -0.156157 -84.244 -0.0241854 0.999677 0.00779243 0.00220173 0.156302 -0.00391758 0.987702 70.2714 
0.986516 0.026496 -0.161508 -84.3883 -0.0257996 0.999647 0.00640726 -0.00350281 0.161621 -0.00215397 0.986851 71.0371 
0.985683 0.028166 -0.166241 -84.5356 -0.0266551 0.999581 0.011313 -0.00510564 0.16649 -0.00671985 0.98602 71.8025 
0.984629 0.0287352 -0.172281 -84.6885 -0.0264717 0.999531 0.0154216 -0.00787167 0.172643 -0.0106239 0.984927 72.5545 
0.983546 0.0280114 -0.178476 -84.8439 -0.0252733 0.999526 0.0175969 -0.0176055 0.178884 -0.0127967 0.983787 73.3094 
0.982304 0.0256749 -0.185524 -85.0017 -0.0235184 0.999628 0.0138153 -0.0208394 0.18581 -0.00920755 0.982543 74.053 
0.980763 0.0236081 -0.193768 -85.1678 -0.0227739 0.999719 0.00653191 -0.0212839 0.193868 -0.00199336 0.981026 74.7953 
0.979007 0.020969 -0.202745 -85.34 -0.020466 0.99978 0.00457712 -0.0253663 0.202796 -0.00033161 0.979221 75.5362 
0.976785 0.0202238 -0.213266 -85.5236 -0.0191013 0.999791 0.00732267 -0.0313866 0.213369 -0.00307898 0.976967 76.2759 
0.974291 0.0204072 -0.224366 -85.712 -0.0178351 0.99975 0.0134843 -0.0335514 0.224585 -0.00913599 0.974412 77.0118 
0.971453 0.0218487 -0.236223 -85.9138 -0.0173699 0.999628 0.0210245 -0.035544 0.236595 -0.0163211 0.971471 77.7433 
0.968673 0.0222432 -0.247341 -86.1233 -0.0166924 0.99956 0.0245163 -0.0389094 0.247777 -0.0196196 0.968618 78.4641 
0.9657 0.0260013 -0.258355 -86.3463 -0.0215691 0.999568 0.0199754 -0.0425915 0.258763 -0.0137178 0.965844 79.1748 
0.962471 0.0251912 -0.270215 -86.5694 -0.0231319 0.999674 0.0108029 -0.0420176 0.270399 -0.00414686 0.96274 79.8748 
0.959063 0.0223251 -0.282311 -86.7997 -0.0215589 0.999751 0.00582031 -0.0396613 0.282371 0.000504321 0.959305 80.5745 
0.955466 0.0209254 -0.294359 -87.0407 -0.0186226 0.99977 0.0106238 -0.0393222 0.294514 -0.00466889 0.955636 81.2841 
0.951965 0.0224907 -0.305381 -87.2963 -0.0178554 0.999679 0.0179638 -0.0435063 0.305687 -0.0116481 0.952061 82.0015 
0.948111 0.0224515 -0.317145 -87.5576 -0.0159267 0.999605 0.0231511 -0.0433099 0.31754 -0.0168987 0.948094 82.7161 
0.943742 0.0199287 -0.330082 -87.818 -0.0137554 0.999684 0.0210277 -0.0390289 0.330397 -0.0153043 0.943718 83.4227 
0.93976 0.017655 -0.34138 -88.0923 -0.0128671 0.999785 0.0162844 -0.0376165 0.341594 -0.0109109 0.939784 84.1233 
0.936492 0.0132655 -0.350438 -88.3739 -0.0105235 0.999897 0.0097276 -0.0447726 0.350531 -0.00542192 0.936535 84.8209 
0.93357 0.00926898 -0.358275 -88.6543 -0.00864638 0.999957 0.00333972 -0.0426129 0.358291 -2.0033e-05 0.93361 85.5153 
0.930672 0.00916829 -0.365741 -88.9451 -0.00927616 0.999956 0.00146222 -0.0497868 0.365738 0.00203187 0.930716 86.213 
0.927703 0.0144408 -0.373039 -89.2577 -0.0150713 0.999886 0.00122617 -0.0575924 0.373014 0.00448469 0.927815 86.8999 
0.924441 0.0140251 -0.381067 -89.5646 -0.0139164 0.999899 0.00304064 -0.064248 0.381071 0.00249224 0.924543 87.6017 
0.921087 0.0148319 -0.389075 -89.8764 -0.0120266 0.999881 0.00964494 -0.0681788 0.389172 -0.00420453 0.921156 88.3052 
0.918185 0.0167525 -0.395798 -90.1995 -0.0106585 0.999788 0.017591 -0.0682571 0.396009 -0.0119332 0.918169 89.0129 
0.915444 0.026563 -0.401568 -90.5341 -0.0183231 0.999536 0.0243467 -0.0737357 0.402028 -0.01493 0.915506 89.7029 
0.912613 0.033155 -0.407477 -90.8709 -0.0268264 0.999415 0.0212366 -0.0748236 0.407943 -0.0084496 0.912968 90.3886 
0.910024 0.0291981 -0.413527 -91.1966 -0.0259917 0.999573 0.0133789 -0.0715654 0.413741 -0.0014268 0.910394 91.0739 
0.907991 0.0210296 -0.418463 -91.5271 -0.0204132 0.999774 0.00594992 -0.070575 0.418493 0.00313974 0.908215 91.7652 
0.906103 0.021776 -0.422497 -91.8625 -0.0217244 0.999752 0.00493747 -0.0689285 0.4225 0.00470467 0.906351 92.4549 
0.903684 0.0274749 -0.427317 -92.2154 -0.0255525 0.999621 0.0102336 -0.0767773 0.427437 0.00167119 0.904044 93.1516 
0.901045 0.0297179 -0.432706 -92.5695 -0.0261677 0.999557 0.0141584 -0.077584 0.432935 -0.00143438 0.901424 93.848 
0.898652 0.0258505 -0.4379 -92.9184 -0.0227758 0.999665 0.0122729 -0.0879534 0.438071 -0.00105553 0.89894 94.5387 
0.896093 0.0241502 -0.443209 -93.2713 -0.0241051 0.999693 0.00573624 -0.0927913 0.443212 0.00554345 0.8964 95.2255 
0.893803 0.0213181 -0.447954 -93.6367 -0.0241993 0.999707 -0.000709096 -0.0972285 0.447807 0.011474 0.894057 95.908 
0.891388 0.021914 -0.452711 -94.007 -0.0257875 0.999665 -0.00238557 -0.102871 0.452507 0.0138008 0.891654 96.591 
0.889243 0.0246883 -0.456769 -94.3792 -0.0268473 0.999638 0.00176376 -0.116743 0.456647 0.0106946 0.889584 97.2732 
0.887038 0.026384 -0.460943 -94.7557 -0.027613 0.99961 0.00407829 -0.129371 0.460871 0.00911048 0.88742 97.9544 
0.88446 0.027174 -0.465825 -95.1312 -0.0281371 0.999592 0.00488753 -0.142893 0.465767 0.00878419 0.884864 98.634 
0.882094 0.0252154 -0.470398 -95.5077 -0.0263731 0.999644 0.00413011 -0.154015 0.470334 0.00876276 0.882445 99.3081 
0.879829 0.0233095 -0.474719 -95.8843 -0.024715 0.999689 0.0032804 -0.161477 0.474648 0.00884651 0.880131 99.9816 
0.877491 0.0226008 -0.47906 -96.2606 -0.0237198 0.999712 0.00371628 -0.170843 0.479005 0.00810226 0.877775 100.643 
0.875105 0.0241489 -0.48333 -96.6475 -0.025306 0.999671 0.00412872 -0.180217 0.483271 0.00861814 0.875429 101.299 
0.872728 0.0246519 -0.487585 -97.0342 -0.0260515 0.999653 0.00391216 -0.189295 0.487512 0.0092881 0.873067 101.956 
0.870187 0.0215127 -0.492251 -97.4141 -0.0248193 0.999692 -0.000185655 -0.201771 0.492095 0.0123789 0.870453 102.604 
0.867672 0.0183819 -0.496798 -97.7951 -0.02388 0.999704 -0.00471737 -0.217761 0.496564 0.0159567 0.867854 103.245 
0.865451 0.0165143 -0.500721 -98.1787 -0.0233221 0.999701 -0.00733906 -0.231826 0.50045 0.0180295 0.865578 103.881 
0.863559 0.018426 -0.503911 -98.5661 -0.0234121 0.99972 -0.00356597 -0.243493 0.503704 0.0148771 0.863748 104.508 
0.861693 0.0226006 -0.506926 -98.9526 -0.0231284 0.999719 0.00525643 -0.255465 0.506902 0.00719501 0.861974 105.131 
0.860081 0.024805 -0.509554 -99.3342 -0.0201101 0.999689 0.0147208 -0.267649 0.50976 -0.00241385 0.860313 105.755 
0.858583 0.0249686 -0.512067 -99.706 -0.0173055 0.999656 0.0197274 -0.279053 0.512383 -0.00807596 0.858719 106.352 
0.856844 0.0219974 -0.515107 -100.072 -0.0142815 0.999719 0.0189362 -0.277277 0.515379 -0.00886882 0.856917 106.95 
0.855035 0.0199275 -0.518187 -100.439 -0.0141234 0.999786 0.0151436 -0.275984 0.518378 -0.00562968 0.855133 107.527 
0.853438 0.0180958 -0.52088 -100.799 -0.0138372 0.999832 0.0120632 -0.277766 0.52101 -0.00308765 0.853545 108.084 
0.852042 0.0164794 -0.523214 -101.155 -0.0128375 0.999862 0.0105865 -0.277395 0.523316 -0.0023033 0.852135 108.631 
0.850768 0.0150717 -0.525325 -101.495 -0.0115088 0.999883 0.0100484 -0.278711 0.525415 -0.00250295 0.850842 109.16 
0.849406 0.015461 -0.527513 -101.83 -0.0112988 0.999874 0.0111119 -0.288687 0.527618 -0.00347823 0.849474 109.667 
0.848244 0.0152593 -0.529386 -102.156 -0.010228 0.99987 0.0124322 -0.291675 0.529508 -0.0051309 0.84829 110.162 
0.846657 0.0141124 -0.531952 -102.465 -0.00853141 0.99988 0.0129476 -0.299726 0.532071 -0.00642381 0.846676 110.639 
0.84509 0.0123203 -0.534482 -102.756 -0.00631731 0.999895 0.0130599 -0.303231 0.534587 -0.00766024 0.845079 111.097 
0.8441 0.0112713 -0.536068 -103.048 -0.0057 0.999911 0.0120487 -0.308159 0.536156 -0.0071147 0.844089 111.527 
0.842759 0.0110891 -0.538178 -103.324 -0.00772758 0.999934 0.00850249 -0.315099 0.538236 -0.00300668 0.842789 111.943 
0.841187 0.00845083 -0.540678 -103.593 -0.00737344 0.999964 0.00415785 -0.318123 0.540694 0.00048918 0.841219 112.34 
0.839015 0.00418477 -0.544093 -103.855 -0.00391846 0.999991 0.00164873 -0.316189 0.544095 0.000748752 0.839023 112.72 
0.836326 -5.90614e-05 -0.548233 -104.103 0.00110522 0.999998 0.00157822 -0.313137 0.548232 -0.00192577 0.836324 113.091 
0.83277 0.000897272 -0.553618 -104.345 0.000825013 0.999996 0.0028617 -0.316791 0.553618 -0.00283983 0.832766 113.442 
0.828702 0.00427965 -0.559674 -104.58 -0.00219146 0.999988 0.00440168 -0.319567 0.559686 -0.00242113 0.828702 113.773 
0.824769 0.00989741 -0.565383 -104.811 -0.00620209 0.999945 0.00845719 -0.3201 0.565436 -0.00346862 0.824785 114.092 
0.820575 0.0154388 -0.571331 -105.03 -0.00807192 0.999848 0.015425 -0.32567 0.571482 -0.00804562 0.820575 114.386 
0.815532 0.0169241 -0.578465 -105.235 -0.00686658 0.999785 0.01957 -0.330768 0.578672 -0.0119878 0.815472 114.665 
0.809769 0.0143551 -0.586573 -105.427 -0.00264503 0.99978 0.020816 -0.334025 0.586743 -0.0153046 0.809629 114.93 
0.802549 0.0117468 -0.596471 -105.614 0.00103128 0.999777 0.021077 -0.326234 0.596586 -0.0175304 0.802358 115.179 
0.793816 0.0106173 -0.608066 -105.805 0.00374739 0.999743 0.0223483 -0.330979 0.608147 -0.020019 0.793572 115.403 
0.783314 0.011108 -0.621527 -105.988 0.00397767 0.99973 0.0228803 -0.330354 0.621614 -0.0203946 0.783058 115.611 
0.770676 0.0126137 -0.637103 -106.167 0.00241761 0.999739 0.0227178 -0.337107 0.637223 -0.0190483 0.770444 115.802 
0.756133 0.0109218 -0.654327 -106.339 0.00256888 0.999804 0.0196569 -0.336517 0.654413 -0.016544 0.755957 115.981 
0.741027 0.00845527 -0.671422 -106.512 0.00165586 0.999895 0.0144192 -0.338594 0.671473 -0.0117968 0.740935 116.14 
0.725545 0.00479887 -0.688159 -106.675 0.00197039 0.999957 0.0090506 -0.339137 0.688172 -0.0079225 0.725504 116.291 
0.709831 0.00460179 -0.704357 -106.842 -0.00186212 0.999987 0.00465663 -0.335864 0.704369 -0.00199377 0.709831 116.429 
0.693682 0.00755195 -0.720242 -107.017 -0.00908353 0.999957 0.00173625 -0.326432 0.720224 0.00533799 0.693721 116.559 
0.675832 0.00902115 -0.737001 -107.193 -0.0117927 0.999929 0.00142548 -0.319416 0.736962 0.00772793 0.675891 116.695 
0.656684 0.00732028 -0.75413 -107.371 -0.00882593 0.999959 0.00202103 -0.312118 0.754114 0.00532877 0.656722 116.83 
0.636081 0.00623918 -0.771597 -107.551 -0.00577564 0.999978 0.0033246 -0.308716 0.771601 0.00234181 0.636103 116.96 
0.613585 0.00812952 -0.789587 -107.74 -0.00585338 0.999966 0.00574691 -0.310582 0.789607 0.00109558 0.613612 117.077 
0.588955 0.0120552 -0.808076 -107.935 -0.00950664 0.999923 0.00798844 -0.297179 0.80811 0.00297731 0.589024 117.186 
0.563939 0.015422 -0.825673 -108.134 -0.0116986 0.999875 0.0106856 -0.286757 0.825734 0.0036333 0.564048 117.288 
0.538347 0.0180699 -0.842529 -108.337 -0.013602 0.999826 0.0127523 -0.282065 0.842613 0.00459499 0.5385 117.379 
0.512234 0.0209112 -0.858592 -108.545 -0.0168592 0.999756 0.0142911 -0.279003 0.858681 0.00715483 0.512461 117.464 
0.485203 0.0252608 -0.874036 -108.75 -0.0212528 0.999628 0.0170925 -0.280141 0.874143 0.0102825 0.48556 117.538 
0.457023 0.0279578 -0.889016 -108.962 -0.023547 0.999536 0.0193284 -0.27735 0.889143 0.0121002 0.457469 117.611 
0.427051 0.0271615 -0.903819 -109.173 -0.022835 0.999554 0.019249 -0.27435 0.903939 0.0124185 0.427481 117.679 
0.394219 0.0244627 -0.918691 -109.4 -0.0229447 0.999596 0.0167712 -0.28085 0.91873 0.0144676 0.394621 117.746 
0.359237 0.019562 -0.933041 -109.644 -0.0227411 0.999667 0.0122032 -0.270105 0.932969 0.0168346 0.359562 117.807 
0.320045 0.0165977 -0.947257 -109.906 -0.022968 0.999689 0.0097563 -0.256344 0.947124 0.0186342 0.320326 117.857 
0.278695 0.0146187 -0.960269 -110.19 -0.0225421 0.999708 0.00867679 -0.241177 0.960115 0.0192284 0.278943 117.896 
0.234489 0.0125055 -0.972038 -110.494 -0.0219297 0.999731 0.00757162 -0.232139 0.971872 0.0195411 0.2347 117.934 
0.187085 0.00903077 -0.982302 -110.812 -0.0211179 0.999764 0.00516927 -0.216842 0.982117 0.0197771 0.187232 117.958 
0.137834 0.00682085 -0.990432 -111.14 -0.0210257 0.999771 0.00395911 -0.210772 0.990232 0.0202789 0.137946 117.961 
0.0875511 0.0062631 -0.99614 -111.492 -0.0204995 0.99978 0.00448428 -0.202249 0.995949 0.0200278 0.0876602 117.948 
0.0352889 0.00725617 -0.999351 -111.855 -0.0201281 0.999776 0.0065485 -0.193827 0.999174 0.019884 0.035427 117.918 
-0.0180619 0.0099215 -0.999788 -112.225 -0.0169888 0.999803 0.0102286 -0.193431 0.999693 0.0171699 -0.0178898 117.873 
-0.0716871 0.0117227 -0.997358 -112.606 -0.0139363 0.999822 0.0127533 -0.188234 0.99733 0.0148137 -0.071511 117.807 
-0.125192 0.0133695 -0.992043 -113.002 -0.0105275 0.999835 0.0148031 -0.184298 0.992077 0.012297 -0.12503 117.717 
-0.178003 0.0150139 -0.983915 -113.406 -0.00787518 0.99983 0.0166815 -0.177482 0.983999 0.0107179 -0.177854 117.601 
-0.22896 0.0166463 -0.973293 -113.815 -0.00621175 0.999808 0.018561 -0.17366 0.973416 0.0102956 -0.228813 117.458 
-0.278288 0.0178112 -0.960333 -114.237 -0.00324754 0.999805 0.0194844 -0.164075 0.960492 0.00854102 -0.278176 117.293 
-0.326459 0.019041 -0.94502 -114.666 0.00104625 0.999804 0.0197834 -0.151527 0.945211 0.00546977 -0.326414 117.11 
-0.373011 0.0206614 -0.927597 -115.104 0.00573978 0.999784 0.0199612 -0.146225 0.927809 0.00212157 -0.373049 116.898 
-0.417014 0.0224978 -0.908621 -115.541 0.0100003 0.999747 0.0201644 -0.138508 0.908845 -0.000677556 -0.417134 116.66 
