1 2.12261e-08 -2.11895e-08 0 2.12261e-08 1 2.10703e-08 0 -2.11895e-08 2.10703e-08 1 0 
0.999998 0.000777295 0.00180649 -0.00887439 -0.000775749 0.999999 -0.000832905 -0.00732818 -0.00180718 0.000831544 0.999998 0.449534 
0.999991 0.00207675 0.00365094 -0.0174703 -0.00207014 0.999996 -0.00179949 -0.0146833 -0.00365471 0.00179196 0.999992 0.913511 
0.99998 0.0032451 0.00543892 -0.0267058 -0.00323172 0.999992 -0.00245919 -0.0207655 -0.0054469 0.00244161 0.999982 1.39108 
0.999969 0.00352267 0.00706291 -0.0340346 -0.00350527 0.999991 -0.00246822 -0.0258797 -0.00707158 0.00244343 0.999972 1.88309 
0.999958 0.00294513 0.00873321 -0.0390414 -0.00292518 0.999993 -0.00229122 -0.0335606 -0.00873994 0.00226562 0.999959 2.38323 
0.999941 0.00233483 0.0106251 -0.0417543 -0.00232448 0.999997 -0.000982393 -0.0438842 -0.0106274 0.000957679 0.999943 2.89327 
0.99992 0.00236358 0.0124109 -0.0474811 -0.00236933 0.999997 0.000452344 -0.0506569 -0.0124098 -0.000481672 0.999923 3.40391 
0.999909 0.00290583 0.0131622 -0.0483888 -0.00292861 0.999994 0.00171498 -0.0597545 -0.0131572 -0.00175333 0.999912 3.92104 
0.999895 0.00371322 0.0140278 -0.0527009 -0.00373771 0.999992 0.00172343 -0.0692978 -0.0140213 -0.00177564 0.9999 4.43901 
0.999874 0.00480267 0.0151341 -0.0569196 -0.00482101 0.999988 0.00117839 -0.0751377 -0.0151283 -0.00125116 0.999885 4.9529 
0.999864 0.00488908 0.0157826 -0.0574301 -0.00490567 0.999987 0.00101541 -0.0831054 -0.0157775 -0.00109266 0.999875 5.47615 
0.999844 0.00613467 0.0165854 -0.0595233 -0.00614168 0.999981 0.000374264 -0.0914543 -0.0165828 -0.000476026 0.999862 6.00442 
0.999823 0.00709116 0.0174452 -0.0601773 -0.00708696 0.999975 -0.000300327 -0.0993738 -0.0174469 0.000176682 0.999848 6.53865 
0.999795 0.00826722 0.0184777 -0.0619178 -0.00826005 0.999966 -0.000462162 -0.107502 -0.0184809 0.000309482 0.999829 7.07537 
0.999774 0.00885609 0.0193392 -0.0632418 -0.00883804 0.99996 -0.00101638 -0.118314 -0.0193475 0.000845275 0.999813 7.61797 
0.999737 0.0100908 0.0206045 -0.0622566 -0.0100647 0.999948 -0.00136637 -0.127515 -0.0206172 0.00115867 0.999787 8.16441 
0.999665 0.0112322 0.0233264 -0.0583368 -0.0112003 0.999936 -0.00149852 -0.135569 -0.0233418 0.0012368 0.999727 8.71534 
0.999556 0.0119705 0.0272751 -0.0531307 -0.011923 0.999927 -0.00190347 -0.145793 -0.027296 0.00157746 0.999626 9.27859 
0.999438 0.0120009 0.0312943 -0.044251 -0.0119336 0.999926 -0.00233249 -0.155699 -0.03132 0.00195777 0.999508 9.84564 
0.999281 0.0114521 0.036146 -0.0304548 -0.0113569 0.999932 -0.0028377 -0.166071 -0.0361761 0.0024252 0.999343 10.4243 
0.999046 0.0118704 0.0420191 -0.0120892 -0.0117672 0.999927 -0.00270294 -0.176772 -0.0420481 0.00220595 0.999113 11.0073 
0.998753 0.0118796 0.0484908 -0.00133493 -0.0117857 0.999928 -0.00222074 -0.187443 -0.0485137 0.00164651 0.998821 11.589 
0.998439 0.0119794 0.0545558 0.025062 -0.0118378 0.999926 -0.00291739 -0.19694 -0.0545867 0.00226705 0.998507 12.1875 
0.998098 0.0102186 0.0608007 0.0569607 -0.0100034 0.999943 -0.0038422 -0.209054 -0.0608365 0.00322671 0.998143 12.7977 
0.997712 0.00947816 0.0669474 0.0925267 -0.0092119 0.999948 -0.00428416 -0.218003 -0.0669846 0.00365768 0.997747 13.4152 
0.997249 0.0121852 0.0731098 0.130581 -0.0117593 0.999911 -0.00625209 -0.228625 -0.0731796 0.00537521 0.997304 14.0491 
0.996713 0.015965 0.0794248 0.164466 -0.0152645 0.999839 -0.00941834 -0.239665 -0.0795625 0.00817504 0.996796 14.6896 
0.996261 0.0133443 0.0853635 0.211512 -0.0125718 0.999875 -0.00958059 -0.24838 -0.0854807 0.00847163 0.996304 15.3549 
0.995902 0.00603737 0.090236 0.270535 -0.00541455 0.99996 -0.00714489 -0.250667 -0.0902756 0.00662707 0.995895 16.0299 
0.995471 0.000253962 0.0950643 0.333093 0.000101504 0.999993 -0.00373389 -0.256239 -0.0950646 0.00372667 0.995464 16.727 
0.995075 0.00156907 0.0991079 0.394051 -0.00147844 0.999998 -0.00098742 -0.250138 -0.0991094 0.000836072 0.995076 17.4337 
0.994872 0.000499208 0.101146 0.458011 -0.000375596 0.999999 -0.00124073 -0.255146 -0.101146 0.00119641 0.994871 18.1641 
0.994858 -0.00349554 0.101223 0.525578 0.00381674 0.999988 -0.00297925 -0.259737 -0.101211 0.00335031 0.994859 18.9012 
0.994959 -0.0086337 0.0999111 0.585106 0.00922122 0.999943 -0.00541966 -0.257269 -0.0998586 0.00631369 0.994982 19.6358 
0.995429 -0.0113968 0.0948268 0.65004 0.0120052 0.999911 -0.00584717 -0.269031 -0.0947518 0.0069589 0.995477 20.4098 
0.996104 -0.0106746 0.0875376 0.697139 0.0112314 0.99992 -0.00587025 -0.283382 -0.0874679 0.00683059 0.996144 21.1968 
0.996874 -0.0104192 0.0783177 0.740893 0.010787 0.999933 -0.00427372 -0.291957 -0.0782679 0.00510521 0.996919 22.01 
0.997588 -0.0105573 0.0686114 0.77988 0.0107308 0.99994 -0.00215882 -0.303532 -0.0685845 0.00288991 0.997641 22.8275 
0.998181 -0.00946313 0.0595449 0.805531 0.00942519 0.999955 0.000918761 -0.318367 -0.059551 -0.000355827 0.998225 23.6544 
0.998633 -0.00924299 0.051441 0.829571 0.00909167 0.999954 0.00317576 -0.329168 -0.051468 -0.00270369 0.998671 24.4892 
0.998973 -0.00771444 0.0446405 0.845065 0.00754946 0.999964 0.00386414 -0.337636 -0.0446687 -0.00352312 0.998996 25.3282 
0.99922 -0.00661544 0.0389288 0.860148 0.00644602 0.999969 0.004477 -0.349519 -0.0389573 -0.00422253 0.999232 26.1674 
0.999419 -0.00514406 0.0336969 0.871201 0.00499538 0.999977 0.00449617 -0.360332 -0.0337193 -0.00432519 0.999422 26.9978 
0.999575 -0.00509494 0.0287093 0.874476 0.00497037 0.999978 0.00441026 -0.374118 -0.0287312 -0.00426565 0.999578 27.8308 
0.999693 -0.0044828 0.0243558 0.868023 0.00439018 0.999983 0.00385667 -0.385711 -0.0243727 -0.00374851 0.999696 28.6626 
0.999798 -0.00324175 0.0198576 0.867208 0.00315489 0.999985 0.00440619 -0.397473 -0.0198717 -0.0043426 0.999793 29.4944 
0.999864 -0.00117338 0.0164666 0.861189 0.00108738 0.999986 0.0052335 -0.414318 -0.0164726 -0.00521484 0.999851 30.3341 
0.999901 0.00164713 0.0139685 0.851428 -0.00173275 0.99998 0.00612304 -0.42857 -0.0139582 -0.00614659 0.999884 31.1658 
0.99992 0.00275898 0.0123499 0.841186 -0.00283467 0.999977 0.00611898 -0.442158 -0.0123328 -0.00615346 0.999905 31.9883 
0.999927 0.00353849 0.0115525 0.834033 -0.00360487 0.999977 0.00573367 -0.454351 -0.011532 -0.00577486 0.999917 32.8006 
0.999927 0.00538163 0.010784 0.825053 -0.00542807 0.999976 0.00428611 -0.464446 -0.0107607 -0.0043443 0.999933 33.617 
0.999923 0.00771085 0.00975982 0.81932 -0.00775123 0.999962 0.00411062 -0.476618 -0.00972779 -0.00418591 0.999944 34.4143 
0.99991 0.00973937 0.00924222 0.805324 -0.0097826 0.999941 0.00464889 -0.488773 -0.00919645 -0.00473884 0.999947 35.2072 
0.999899 0.0113986 0.00854737 0.796847 -0.0114436 0.999921 0.00523622 -0.504949 -0.00848705 -0.00533346 0.99995 35.9892 
0.999885 0.0128001 0.00812001 0.784276 -0.0128432 0.999904 0.00527845 -0.517459 -0.0080517 -0.00538209 0.999953 36.7554 
0.999861 0.0148386 0.00756928 0.772793 -0.0148784 0.999876 0.00523303 -0.531409 -0.00749073 -0.00534488 0.999958 37.5013 
0.999825 0.0172091 0.00738458 0.761199 -0.0172512 0.999835 0.00568063 -0.544353 -0.00728565 -0.00580699 0.999957 38.2414 
0.999762 0.0204209 0.00770997 0.748154 -0.0204642 0.999775 0.00559086 -0.554348 -0.00759411 -0.00574726 0.999955 38.9649 
0.999662 0.0242502 0.00934534 0.735062 -0.0243034 0.999689 0.00562059 -0.567254 -0.00920617 -0.00584577 0.999941 39.6716 
0.999586 0.0261212 0.0120725 0.730045 -0.026176 0.999648 0.00441361 -0.580222 -0.011953 -0.00472775 0.999917 40.3741 
0.999503 0.0273107 0.0157744 0.729045 -0.027369 0.999619 0.00349977 -0.594996 -0.0156728 -0.00392971 0.999869 41.0488 
0.999422 0.0268336 0.0208529 0.730731 -0.0269142 0.999631 0.00359624 -0.604883 -0.0207487 -0.00415536 0.999776 41.7322 
0.999267 0.0278179 0.0262904 0.734286 -0.0279276 0.999603 0.00381707 -0.616966 -0.0261738 -0.00454846 0.999647 42.4019 
0.999075 0.0282544 0.0324276 0.743917 -0.0284083 0.999587 0.00429612 -0.630333 -0.0322929 -0.00521332 0.999465 43.0488 
0.998825 0.0274847 0.0399149 0.756625 -0.0276958 0.999605 0.00474647 -0.64088 -0.0397687 -0.00584632 0.999192 43.6799 
0.99846 0.0272069 0.048353 0.779957 -0.0274595 0.999613 0.0045682 -0.652172 -0.04821 -0.00588887 0.99882 44.3014 
0.997888 0.0276246 0.0587842 0.807991 -0.0279364 0.9996 0.00448988 -0.665483 -0.0586366 -0.00612258 0.998261 44.9112 
0.997128 0.0270662 0.0707359 0.843893 -0.0274269 0.999615 0.00413451 -0.673281 -0.0705968 -0.00606266 0.997487 45.5073 
0.9962 0.0257698 0.0831922 0.891065 -0.0262009 0.999648 0.00409457 -0.683006 -0.0830575 -0.00625868 0.996525 46.0921 
0.99503 0.025147 0.0963453 0.94148 -0.0256082 0.999666 0.00355406 -0.693704 -0.0962238 -0.00600358 0.995342 46.6667 
0.993476 0.0250447 0.111258 0.998506 -0.0256019 0.999666 0.00358322 -0.704565 -0.111131 -0.00640821 0.993785 47.226 
0.991518 0.0246317 0.127618 1.07019 -0.025331 0.999672 0.00385967 -0.716043 -0.127481 -0.00705957 0.991816 47.7768 
0.989078 0.0270022 0.1449 1.14941 -0.0277325 0.999611 0.00302225 -0.724955 -0.144763 -0.00700765 0.989442 48.3159 
0.985843 0.0255349 0.165718 1.24119 -0.0262554 0.999653 0.0021582 -0.736559 -0.165606 -0.0064786 0.986171 48.8411 
0.981603 0.0287419 0.18876 1.3413 -0.0294909 0.999564 0.00116011 -0.749212 -0.188644 -0.00670543 0.982023 49.3574 
0.976436 0.0276852 0.214026 1.45817 -0.0281245 0.999604 -0.000992795 -0.765388 -0.213969 -0.00504993 0.976828 49.8564 
0.970295 0.0265774 0.24046 1.5881 -0.0264424 0.999643 -0.00378837 -0.777519 -0.240475 -0.00268245 0.970652 50.3373 
0.962927 0.0255761 0.268549 1.72965 -0.0247066 0.999673 -0.00661728 -0.786272 -0.26863 -0.000262929 0.963243 50.8029 
0.954231 0.0233504 0.298157 1.88435 -0.0220263 0.999727 -0.00780034 -0.799166 -0.298258 0.000876053 0.954485 51.2527 
0.943941 0.0259081 0.329097 2.03904 -0.0238368 0.999663 -0.0103274 -0.808172 -0.329253 0.00190385 0.94424 51.6843 
0.932359 0.0261938 0.360584 2.20956 -0.0242074 0.999657 -0.0100248 -0.825865 -0.360723 0.000617907 0.932673 52.1019 
0.919253 0.025317 0.392852 2.38821 -0.023784 0.999679 -0.00876992 -0.841585 -0.392948 -0.00128177 0.91956 52.5036 
0.904217 0.0241214 0.426392 2.58325 -0.0229884 0.999705 -0.00780441 -0.862112 -0.426454 -0.00274516 0.904505 52.8804 
0.886952 0.0236544 0.461256 2.7826 -0.0224294 0.999715 -0.00813829 -0.876766 -0.461318 -0.00312742 0.88723 53.241 
0.867576 0.023326 0.496758 2.98772 -0.0215315 0.999725 -0.00933904 -0.888462 -0.496839 -0.00259361 0.867839 53.5798 
0.846283 0.0226212 0.532253 3.21171 -0.0196991 0.999744 -0.0111683 -0.901635 -0.532369 -0.00103336 0.846512 53.9047 
0.822896 0.021585 0.567783 3.44402 -0.0172209 0.999767 -0.0130489 -0.910581 -0.567932 0.000960186 0.823075 54.209 
0.797431 0.01844 0.603128 3.69102 -0.013235 0.999827 -0.0130698 -0.926677 -0.603265 0.00243993 0.797537 54.5017 
0.769329 0.0148573 0.63868 3.9483 -0.0101554 0.999888 -0.011027 -0.938608 -0.638772 0.00199739 0.769393 54.7843 
0.739337 0.0106144 0.673252 4.21812 -0.00744498 0.999944 -0.00758919 -0.946873 -0.673294 0.000598639 0.739374 55.0534 
0.707166 0.00694538 0.707013 4.49879 -0.00607054 0.999975 -0.00375137 -0.959516 -0.707021 -0.00163909 0.70719 55.3056 
0.671873 0.00465966 0.740652 4.78556 -0.00719815 0.999974 0.000238654 -0.969492 -0.740631 -0.00549165 0.671889 55.5429 
0.63406 0.000977535 0.773283 5.07902 -0.00525391 0.999982 0.00304394 -0.975278 -0.773266 -0.00599279 0.634053 55.7615 
0.59474 -0.00271573 0.803913 5.38295 -0.00262515 0.999982 0.00532025 -0.985727 -0.803914 -0.00527454 0.594723 55.9533 
0.552534 -0.00478229 0.833477 5.69773 0.000784873 0.999986 0.00521742 -0.990175 -0.83349 -0.00222861 0.55253 56.1276 
0.507579 -0.0039177 0.861597 6.02952 0.0017622 0.999992 0.00350891 -1.00021 -0.861604 -0.000262729 0.507582 56.2965 
0.460541 -0.00141871 0.887637 6.37524 0.000681078 0.999999 0.00124498 -1.0042 -0.887638 3.11963e-05 0.460542 56.456 
0.411007 0.00135673 0.911631 6.74065 -0.00234754 0.999997 -0.000429806 -1.00626 -0.911629 -0.00196343 0.411009 56.6063 
0.360775 0.00409199 0.932644 7.12617 -0.00631453 0.999978 -0.00194472 -1.00563 -0.932632 -0.00518759 0.360793 56.7382 
0.311328 0.00440677 0.950292 7.52687 -0.00858925 0.999961 -0.0018231 -1.01428 -0.950264 -0.00759471 0.311354 56.8399 
0.262886 0.00431835 0.964817 7.94002 -0.00686135 0.999973 -0.00260612 -1.01829 -0.964803 -0.00593483 0.262908 56.9261 
0.217685 0.00368289 0.976012 8.37302 -0.00498756 0.999984 -0.00266089 -1.02135 -0.976006 -0.00428868 0.2177 56.9993 
0.175896 0.00158176 0.984407 8.82438 -0.00504389 0.999987 -0.000705496 -1.02699 -0.984396 -0.00484114 0.175902 57.0607 
0.137153 -0.000536266 0.99055 9.30421 -0.00496835 0.999987 0.00122935 -1.02882 -0.990537 -0.00509 0.137149 57.1101 
0.100838 -0.00244639 0.9949 9.80385 -0.00567626 0.999979 0.00303425 -1.03499 -0.994887 -0.00595327 0.100822 57.1468 
0.0682116 -0.00370328 0.997664 10.3214 -0.00445443 0.999982 0.00401648 -1.0401 -0.997661 -0.00471799 0.0681939 57.1673 
0.0390242 -0.00415542 0.99923 10.8581 -0.00424328 0.999982 0.00432431 -1.04202 -0.999229 -0.00440877 0.0390058 57.1747 
0.0123591 -0.00209432 0.999921 11.4156 -0.0064851 0.999977 0.00217464 -1.04503 -0.999903 -0.00651147 0.0123452 57.1812 
-0.00985011 0.000572236 0.999951 11.993 -0.010344 0.999946 -0.000674085 -1.04457 -0.999898 -0.0103501 -0.00984367 57.1744 
-0.0295174 0.00136 0.999563 12.5922 -0.0104791 0.999944 -0.00166992 -1.04982 -0.999509 -0.0105238 -0.0295014 57.1573 
-0.0465414 0.00186706 0.998915 13.2097 -0.00626637 0.999978 -0.00216097 -1.05496 -0.998897 -0.00636014 -0.0465287 57.1207 
-0.0622621 0.00167166 0.998058 13.843 -0.00430156 0.999989 -0.0019432 -1.0605 -0.998051 -0.0044142 -0.0622543 57.0788 
-0.0778023 0.000477313 0.996969 14.5006 -0.00482928 0.999988 -0.00085559 -1.06804 -0.996957 -0.00488121 -0.0777991 57.0361 
-0.0923656 0.00165174 0.995724 15.1719 -0.00385021 0.999991 -0.00201593 -1.07493 -0.995718 -0.00401995 -0.0923584 56.9756 
-0.104659 0.00369532 0.994501 15.8609 -0.0024296 0.999989 -0.00397135 -1.08045 -0.994505 -0.00283188 -0.104649 56.9068 
-0.114091 0.00615847 0.993451 16.5664 0.00487343 0.999972 -0.00563917 -1.0895 -0.993458 0.00419814 -0.114117 56.8221 
-0.119811 0.00899253 0.992756 17.2888 0.012327 0.999895 -0.00756947 -1.09897 -0.99272 0.0113308 -0.119909 56.7317 
-0.122189 0.00913998 0.992465 18.0403 0.0169032 0.999832 -0.00712672 -1.10954 -0.992363 0.015905 -0.122323 56.6448 
-0.121698 0.00760388 0.992538 18.8028 0.0179997 0.999823 -0.00545266 -1.12144 -0.992404 0.0172018 -0.121813 56.5588 
-0.119074 0.00679092 0.992862 19.5879 0.021455 0.999761 -0.00426497 -1.13293 -0.992654 0.020794 -0.119191 56.4813 
-0.114417 0.00584612 0.993416 20.3753 0.0234882 0.999719 -0.00317793 -1.14688 -0.993155 0.0229699 -0.114522 56.4 
-0.110045 0.00687699 0.993903 21.1763 0.0216691 0.999755 -0.00451824 -1.15839 -0.99369 0.0210398 -0.110167 56.3313 
-0.105943 0.00789547 0.994341 21.9779 0.0213551 0.999756 -0.00566313 -1.16942 -0.994143 0.0206343 -0.106086 56.2665 
-0.101391 0.00726314 0.99482 22.7852 0.0260482 0.99965 -0.00464356 -1.18542 -0.994506 0.0254424 -0.101545 56.1934 
-0.0976706 0.00523802 0.995205 23.5965 0.0318415 0.999491 -0.00213557 -1.20102 -0.994709 0.0314802 -0.0977876 56.1209 
-0.0936349 0.00189541 0.995605 24.4087 0.0341246 0.999417 0.00130673 -1.21207 -0.995022 0.034097 -0.093645 56.051 
-0.0891154 -0.00182759 0.99602 25.2209 0.0372456 0.999293 0.00516606 -1.22919 -0.995325 0.0375578 -0.0889843 55.9929 
-0.0835452 -0.00466014 0.996493 26.0336 0.0380449 0.999245 0.0078627 -1.23891 -0.995778 0.0385683 -0.0833048 55.9347 
-0.0794867 -0.00601863 0.996818 26.8446 0.035592 0.999327 0.00887195 -1.24761 -0.9962 0.036184 -0.079219 55.8915 
-0.0757619 -0.00741201 0.997098 27.6551 0.028972 0.999534 0.00963152 -1.25204 -0.996705 0.0296177 -0.0755119 55.8582 
-0.0714859 -0.0109655 0.997381 28.4721 0.0230187 0.999655 0.0126404 -1.25622 -0.997176 0.023862 -0.0712088 55.8276 
-0.0671104 -0.0123143 0.99767 29.2815 0.0201501 0.999703 0.0136949 -1.26305 -0.997542 0.0210222 -0.0668423 55.7969 
-0.062927 -0.00855867 0.997981 30.0869 0.0208672 0.999733 0.0098895 -1.27439 -0.9978 0.0214473 -0.0627316 55.7615 
-0.0595541 -0.000536083 0.998225 30.8943 0.0215531 0.999766 0.00182281 -1.27871 -0.997992 0.0216234 -0.0595286 55.7287 
-0.0567729 0.00559879 0.998371 31.7079 0.0202413 0.999785 -0.00445565 -1.28587 -0.998182 0.0199554 -0.0568741 55.698 
-0.0551538 0.00477715 0.998466 32.5311 0.0191948 0.999809 -0.00372324 -1.29804 -0.998293 0.01896 -0.055235 55.6717 
-0.0536602 0.00117801 0.998559 33.3594 0.0220203 0.999758 3.93699e-06 -1.31065 -0.998316 0.0219888 -0.0536731 55.6382 
-0.0529446 0.000947166 0.998597 34.1851 0.0224923 0.999747 0.0002443 -1.32704 -0.998344 0.0224736 -0.0529525 55.6094 
-0.0529958 0.00356033 0.998588 35.0135 0.0203903 0.999789 -0.00248245 -1.34069 -0.998387 0.02023 -0.0530572 55.5847 
-0.053078 0.00481716 0.998579 35.8548 0.0134976 0.999901 -0.00410605 -1.35404 -0.998499 0.0132605 -0.0531378 55.5648 
-0.0538849 0.00397773 0.998539 36.6979 0.0119419 0.999923 -0.00333877 -1.36743 -0.998476 0.0117446 -0.0539283 55.5339 
-0.0551824 0.00299605 0.998472 37.5517 0.0122267 0.999923 -0.00232463 -1.38263 -0.998401 0.0120798 -0.0552147 55.5028 
-0.0567949 0.00681163 0.998363 38.4062 0.0119907 0.999909 -0.00614002 -1.40098 -0.998314 0.0116223 -0.0568714 55.4709 
-0.0582597 0.0111712 0.998239 39.267 0.0121698 0.999871 -0.0104792 -1.41165 -0.998227 0.0115378 -0.0583881 55.4386 
-0.0587899 0.0139497 0.998173 40.1347 0.0139726 0.999816 -0.0131496 -1.43195 -0.998173 0.013174 -0.058974 55.4005 
-0.0600665 0.0148958 0.998083 41.0197 0.016215 0.999771 -0.0139451 -1.45636 -0.998063 0.0153463 -0.0602943 55.3629 
-0.0607612 0.0161023 0.998022 41.9122 0.0167608 0.999745 -0.0151097 -1.48386 -0.998012 0.0158096 -0.0610156 55.3195 
-0.0620361 0.0161142 0.997944 42.8166 0.0159756 0.999758 -0.0151503 -1.50294 -0.997946 0.0150029 -0.0622785 55.2819 
-0.062759 0.0112173 0.997966 43.7255 0.0147408 0.999838 -0.0103113 -1.52587 -0.99792 0.0140636 -0.0629142 55.2371 
-0.0641245 0.00969303 0.997895 44.6542 0.014496 0.999856 -0.00878053 -1.5518 -0.997837 0.0139025 -0.0642558 55.1917 
-0.0658747 0.0129557 0.997744 45.5793 0.0150551 0.999815 -0.0119886 -1.57534 -0.997714 0.0142314 -0.0660575 55.1563 
-0.0663493 0.0169048 0.997653 46.5143 0.0159502 0.999747 -0.0158794 -1.59338 -0.997669 0.0148592 -0.0666021 55.1067 
-0.0659735 0.0182161 0.997655 47.4593 0.0189392 0.999676 -0.0170005 -1.61813 -0.997642 0.0177732 -0.0662971 55.0531 
-0.0659711 0.0147618 0.997712 48.4215 0.0234644 0.999637 -0.0132387 -1.64679 -0.997546 0.0225373 -0.0662936 54.9992 
-0.0663866 0.00930825 0.997751 49.4021 0.0251326 0.999655 -0.00765375 -1.66426 -0.997477 0.024568 -0.0665976 54.9452 
-0.0656421 0.00635755 0.997823 50.3944 0.0261136 0.999648 -0.00465125 -1.68733 -0.997502 0.0257514 -0.065785 54.8939 
-0.063979 0.00785903 0.99792 51.3822 0.0254147 0.999658 -0.00624328 -1.70578 -0.997628 0.0249624 -0.0641568 54.8491 
-0.0631069 0.0106658 0.99795 52.373 0.0251187 0.999643 -0.00909546 -1.72479 -0.997691 0.0244932 -0.0633523 54.8029 
-0.062912 0.0126015 0.99794 53.3704 0.0191205 0.999752 -0.011419 -1.75124 -0.997836 0.0183627 -0.0631374 54.7694 
-0.0635825 0.0124386 0.997899 54.3867 0.016336 0.999801 -0.0114214 -1.77266 -0.997843 0.0155755 -0.0637731 54.7327 
-0.0638243 0.00799809 0.997929 55.4131 0.0169703 0.999832 -0.00692794 -1.78936 -0.997817 0.016493 -0.0639493 54.6801 
-0.0644941 0.00195067 0.997916 56.455 0.014974 0.999887 -0.000986725 -1.81309 -0.997806 0.0148792 -0.064516 54.6327 
-0.0652397 0.00226712 0.997867 57.4887 0.0174783 0.999847 -0.00112886 -1.83463 -0.997717 0.0173673 -0.0652693 54.5805 
-0.06543 0.00566804 0.997841 58.522 0.0207779 0.999775 -0.00431654 -1.8515 -0.997641 0.0204506 -0.0655331 54.5241 
-0.0664861 0.00853662 0.997751 59.5691 0.0230634 0.999709 -0.00701648 -1.87042 -0.997521 0.022545 -0.0666637 54.4671 
-0.0685391 0.00561314 0.997633 60.6323 0.0231068 0.999725 -0.00403739 -1.89156 -0.997381 0.0227754 -0.0686499 54.4061 
-0.0711025 0.000257732 0.997469 61.6986 0.0244714 0.999699 0.00148612 -1.91267 -0.997169 0.0245151 -0.0710874 54.3458 
-0.0741218 -0.00266494 0.997246 62.7707 0.0261408 0.999648 0.00461435 -1.92711 -0.996907 0.0264109 -0.074026 54.2819 
-0.0778001 -0.00150346 0.996968 63.8419 0.0305412 0.999526 0.00389068 -1.93453 -0.996501 0.0307512 -0.0777173 54.2138 
-0.0811795 -0.00260945 0.996696 64.9142 0.0336212 0.99942 0.00535502 -1.9485 -0.996132 0.0339448 -0.0810447 54.1407 
-0.084884 -0.00465538 0.99638 65.9917 0.0373121 0.999273 0.00784765 -1.96341 -0.995692 0.0378432 -0.0846486 54.0632 
-0.0878815 -0.00417432 0.996122 67.0674 0.0412762 0.999117 0.00782844 -1.97462 -0.995275 0.0418042 -0.0876316 53.9902 
-0.09012 -0.000573414 0.995931 68.1305 0.044942 0.998979 0.00464193 -1.98812 -0.994916 0.0451775 -0.0900022 53.9073 
-0.0919486 0.00420508 0.995755 69.1956 0.0475194 0.99887 0.000169773 -2.00183 -0.994629 0.0473332 -0.0920446 53.8297 
-0.0932816 0.00708968 0.995615 70.2641 0.0508087 0.998706 -0.00235126 -2.01751 -0.994343 0.0503665 -0.093521 53.7467 
-0.0925746 0.00636348 0.995685 71.3387 0.0500917 0.998743 -0.00172567 -2.0384 -0.994445 0.0497158 -0.092777 53.6635 
-0.089966 0.00387544 0.995937 72.4174 0.0510704 0.998695 0.000727215 -2.05931 -0.994635 0.0509283 -0.0900465 53.5957 
-0.0850542 0.000817608 0.996376 73.4926 0.0544624 0.998509 0.00382979 -2.07175 -0.994887 0.0545908 -0.0849719 53.5129 
-0.0799414 -0.00223635 0.996797 74.5641 0.0542641 0.998505 0.00659211 -2.08636 -0.995321 0.0546173 -0.0797006 53.4482 
-0.0749808 -0.00560996 0.997169 75.6434 0.0555848 0.998406 0.00979658 -2.0999 -0.995635 0.056162 -0.0745495 53.3899 
-0.0701882 -0.00676626 0.997511 76.719 0.0569079 0.998321 0.010776 -2.11252 -0.995909 0.0575226 -0.0696853 53.3337 
-0.0663948 -0.00259525 0.99779 77.7933 0.057394 0.998331 0.0064158 -2.12538 -0.996141 0.0576931 -0.066135 53.2821 
-0.064169 0.00211825 0.997937 78.8651 0.0568373 0.998382 0.00153558 -2.13619 -0.996319 0.0568185 -0.0641855 53.2356 
-0.0627128 0.00203098 0.99803 79.9383 0.0574689 0.998346 0.00157957 -2.14965 -0.996376 0.0574548 -0.0627258 53.1858 
-0.0612414 -4.72636e-05 0.998123 81.0195 0.0580911 0.998305 0.00361158 -2.16758 -0.996431 0.0582032 -0.0611348 53.1365 
-0.0590804 0.00273799 0.99825 82.0928 0.0587131 0.998275 0.000736858 -2.18674 -0.996525 0.0586539 -0.0591392 53.0874 
-0.057096 0.00879557 0.99833 83.1743 0.0587508 0.998258 -0.00543485 -2.20276 -0.996639 0.0583423 -0.0575133 53.046 
-0.05521 0.0121788 0.998401 84.2712 0.0585753 0.998243 -0.00893773 -2.22087 -0.996755 0.0579882 -0.0558264 53.0192 
-0.0529664 0.0113987 0.998531 85.3609 0.0584887 0.998254 -0.00829295 -2.2517 -0.996882 0.0579635 -0.0535406 52.9831 
-0.0496246 0.00818456 0.998734 86.4505 0.0560562 0.998413 -0.00539659 -2.27895 -0.997194 0.0557174 -0.0500046 52.9541 
-0.0452984 0.00395177 0.998966 87.5435 0.0555509 0.998455 -0.00143074 -2.30171 -0.997428 0.0554286 -0.0454479 52.927 
-0.0407946 0.00167663 0.999166 88.6296 0.053921 0.998545 0.000525973 -2.32104 -0.997712 0.0538975 -0.0408256 52.9019 
-0.037228 0.00581793 0.99929 89.7023 0.0499238 0.998745 -0.00395484 -2.34302 -0.998059 0.0497411 -0.0374717 52.8824 
-0.0353971 0.0153135 0.999256 90.7842 0.0466659 0.998817 -0.0136537 -2.36931 -0.998283 0.0461479 -0.0360698 52.8701 
-0.0347234 0.0232184 0.999127 91.8711 0.0408463 0.998928 -0.0217941 -2.40233 -0.998562 0.0400538 -0.0356346 52.8665 
-0.0342836 0.0228413 0.999151 92.9563 0.0403739 0.998954 -0.0214514 -2.43785 -0.998596 0.0396042 -0.0351699 52.8527 
-0.0332401 0.0168031 0.999306 94.0678 0.0401658 0.999073 -0.0154631 -2.47595 -0.99864 0.039624 -0.0338842 52.8308 
-0.0344673 0.0105621 0.99935 95.1738 0.0418355 0.999083 -0.00911632 -2.50735 -0.99853 0.0414941 -0.0348775 52.8094 
-0.0360238 0.00481413 0.999339 96.2687 0.0407612 0.999163 -0.0033439 -2.53147 -0.998519 0.0406138 -0.0361899 52.7791 
-0.0382156 -0.000323129 0.99927 97.3736 0.0403134 0.999185 0.00186487 -2.55853 -0.998456 0.0403552 -0.0381714 52.765 
-0.0399887 0.00072441 0.9992 98.4669 0.0411378 0.999153 0.000922025 -2.5708 -0.998353 0.0411417 -0.0399846 52.7333 
-0.0418712 0.000794153 0.999123 99.5495 0.0404277 0.999182 0.00090008 -2.5951 -0.998305 0.0404299 -0.041869 52.7059 
-0.0432169 -0.000596824 0.999066 100.627 0.0418958 0.999119 0.0024092 -2.61646 -0.998187 0.0419608 -0.0431538 52.6711 
-0.0441401 0.000943328 0.999025 101.704 0.0423809 0.999101 0.000929165 -2.64171 -0.998126 0.0423806 -0.0441404 52.6402 
-0.0450559 0.0094128 0.99894 102.797 0.0431998 0.999039 -0.00746521 -2.66289 -0.99805 0.0428176 -0.0454192 52.6224 
-0.0450987 0.0172054 0.998834 103.855 0.0403452 0.999067 -0.0153877 -2.69224 -0.998168 0.0396042 -0.0457508 52.5895 
-0.0461967 0.0174412 0.99878 104.921 0.037919 0.999158 -0.0156939 -2.72596 -0.998212 0.0371477 -0.0468192 52.5606 
-0.0483275 0.0115414 0.998765 105.992 0.0334296 0.999392 -0.009931 -2.75996 -0.998272 0.0329083 -0.0486839 52.533 
-0.0511297 0.0037929 0.998685 107.055 0.0272222 0.999627 -0.00240274 -2.7852 -0.998321 0.0270636 -0.0512138 52.5032 
-0.0532397 -0.00436646 0.998572 108.111 0.0255529 0.999657 0.00573362 -2.80443 -0.998255 0.0258217 -0.0531098 52.4724 
-0.0546543 -0.0109411 0.998445 109.161 0.029116 0.999497 0.0125465 -2.82134 -0.998081 0.0297565 -0.0543083 52.4249 
-0.0562645 -0.0111857 0.998353 110.204 0.0281862 0.999521 0.0127873 -2.83082 -0.998018 0.0288593 -0.0559222 52.3825 
-0.0567561 -0.00362526 0.998382 111.237 0.0320916 0.99947 0.0054536 -2.84601 -0.997872 0.0323492 -0.0566097 52.3354 
-0.057204 0.0110191 0.998302 112.263 0.0408319 0.999128 -0.00868847 -2.86704 -0.997527 0.0402655 -0.0576041 52.2825 
-0.0584795 0.0222246 0.998041 113.292 0.0460128 0.99875 -0.0195443 -2.89084 -0.997228 0.0447798 -0.059429 52.2377 
-0.0588339 0.0190558 0.998086 114.326 0.0460241 0.998806 -0.0163566 -2.91977 -0.997206 0.0449737 -0.0596407 52.1954 
-0.0588755 0.00860805 0.998228 115.374 0.0487761 0.998793 -0.00573608 -2.95015 -0.997073 0.0483519 -0.0592243 52.1519 
-0.0582215 -0.00131498 0.998303 116.411 0.0492017 0.99878 0.00418511 -2.96997 -0.997091 0.0493618 -0.0580858 52.1035 
-0.0579362 -0.00666734 0.998298 117.439 0.0479846 0.998803 0.00945554 -2.98521 -0.997166 0.0484507 -0.0575469 52.0613 
-0.0581734 -0.0122323 0.998232 118.456 0.0460071 0.99883 0.0149208 -2.99782 -0.997246 0.0467937 -0.0575425 52.0245 
-0.0578073 -0.0156131 0.998206 119.465 0.0432375 0.9989 0.018128 -3.00522 -0.997391 0.0442079 -0.0570687 51.9878 
-0.0575994 -0.0137101 0.998246 120.464 0.0422087 0.998978 0.0161557 -3.01646 -0.997447 0.0430652 -0.0569619 51.9459 
-0.0565725 -0.00658433 0.998377 121.469 0.0400872 0.999157 0.00886103 -3.02119 -0.997593 0.0405234 -0.0562608 51.902 
-0.0559623 -0.000732824 0.998433 122.465 0.0402346 0.999186 0.00298857 -3.03374 -0.997622 0.0403388 -0.0558873 51.8562 
-0.0556508 0.00454987 0.99844 123.45 0.0405939 0.999173 -0.00229055 -3.05106 -0.997625 0.0404031 -0.0557895 51.8162 
-0.0552236 0.00909905 0.998433 124.428 0.0421085 0.99909 -0.00677597 -3.07103 -0.997586 0.0416683 -0.0555564 51.7718 
-0.0547028 0.0134254 0.998412 125.398 0.0427675 0.999024 -0.0110903 -3.09801 -0.997586 0.0420929 -0.0552235 51.7327 
-0.0546839 0.0127156 0.998423 126.363 0.0443468 0.998963 -0.0102936 -3.1237 -0.997518 0.043714 -0.0551911 51.6937 
-0.0543633 0.0064612 0.9985 127.325 0.0427763 0.999076 -0.00413593 -3.1489 -0.997605 0.0424873 -0.0545894 51.6551 
-0.054749 -0.00339532 0.998494 128.281 0.0406416 0.999158 0.00562606 -3.16944 -0.997673 0.0408884 -0.0545649 51.6221 
-0.0556501 -0.0113823 0.998385 129.223 0.0355402 0.999279 0.0133735 -3.18751 -0.997818 0.0362271 -0.0552055 51.5918 
-0.0578373 -0.0145008 0.998221 130.148 0.0309804 0.999387 0.0163128 -3.19718 -0.997845 0.0318688 -0.0573526 51.5612 
-0.0596397 -0.0119562 0.998148 131.048 0.0265647 0.999555 0.0135603 -3.20938 -0.997866 0.0273242 -0.0592956 51.5303 
-0.0608265 -0.00487498 0.998136 131.925 0.0235588 0.999703 0.00631834 -3.22107 -0.99787 0.0238992 -0.0606935 51.4982 
-0.0612658 0.00212304 0.998119 132.787 0.0257398 0.999669 -0.000546351 -3.23703 -0.99779 0.0256579 -0.0613002 51.4595 
-0.0601719 0.00779088 0.998158 133.627 0.0299737 0.999533 -0.00599467 -3.25825 -0.997738 0.0295578 -0.0603773 51.4197 
-0.056902 0.0100642 0.998329 134.454 0.0335969 0.999402 -0.00816004 -3.28225 -0.997814 0.0330764 -0.0572061 51.3812 
-0.0522514 0.00966718 0.998587 135.266 0.0375923 0.999263 -0.00770666 -3.30436 -0.997926 0.0371365 -0.0525763 51.3496 
-0.0471097 0.00477967 0.998878 136.055 0.0408243 0.999162 -0.00285561 -3.32255 -0.998055 0.0406439 -0.0472653 51.3211 
-0.0431004 0.000642641 0.999071 136.823 0.0420482 0.999115 0.00117135 -3.34527 -0.998186 0.0420596 -0.0430893 51.3018 
-0.0388208 0.000877589 0.999246 137.56 0.042991 0.999075 0.000792805 -3.36709 -0.998321 0.0429893 -0.0388226 51.2861 
-0.0340809 0.00545388 0.999404 138.266 0.04441 0.999006 -0.00393723 -3.38638 -0.998432 0.0442494 -0.0342892 51.2702 
-0.0296099 0.00938158 0.999518 138.944 0.0445684 0.998974 -0.00805613 -3.40482 -0.998567 0.0443084 -0.0299976 51.2624 
-0.0252128 0.0100392 0.999632 139.594 0.0453238 0.998933 -0.00888903 -3.42369 -0.998654 0.045083 -0.0256409 51.2583 
-0.0209198 0.00969169 0.999734 140.215 0.0420737 0.999076 -0.00880486 -3.44486 -0.998896 0.0418783 -0.0213083 51.2606 
-0.0171657 0.00884824 0.999814 140.808 0.0373604 0.999268 -0.00820193 -3.46609 -0.999154 0.0372127 -0.0174837 51.2693 
-0.0134012 0.00901477 0.99987 141.372 0.0326549 0.99943 -0.00857309 -3.48749 -0.999377 0.0325358 -0.0136879 51.2794 
-0.0105552 0.0122773 0.999869 141.921 0.0308529 0.999453 -0.0119464 -3.50405 -0.999468 0.0307228 -0.0109282 51.2871 
-0.00935086 0.0164125 0.999822 142.453 0.0303217 0.99941 -0.0161221 -3.52247 -0.999496 0.0301655 -0.00984299 51.2908 
-0.00983451 0.0175386 0.999798 142.982 0.0270346 0.999485 -0.0172672 -3.5418 -0.999586 0.0268593 -0.0103036 51.2988 
-0.0117666 0.0158464 0.999805 143.513 0.0206533 0.999665 -0.0156011 -3.55798 -0.999717 0.0204657 -0.0120899 51.3114 
-0.0139892 0.0116358 0.999834 144.043 0.015071 0.999821 -0.0114247 -3.57353 -0.999789 0.0149087 -0.0141621 51.3208 
-0.0159319 0.0065253 0.999852 144.573 0.0144951 0.999875 -0.00629444 -3.58814 -0.999768 0.0143926 -0.0160245 51.3183 
-0.0178524 0.00368582 0.999834 145.094 0.0178703 0.999835 -0.0033667 -3.60156 -0.999681 0.0178072 -0.0179153 51.3066 
-0.020108 0.00573294 0.999781 145.607 0.0202684 0.99978 -0.00532524 -3.6189 -0.999592 0.0201569 -0.0202198 51.2956 
-0.0231584 0.00890151 0.999692 146.111 0.0198368 0.999768 -0.00844261 -3.6346 -0.999535 0.0196351 -0.0233296 51.2919 
-0.0258197 0.010464 0.999612 146.607 0.0159584 0.999822 -0.010054 -3.64746 -0.999539 0.0156926 -0.0259821 51.2937 
-0.0283582 0.0125842 0.999519 147.107 0.0146437 0.999819 -0.0121724 -3.65359 -0.999491 0.0142915 -0.0285374 51.2947 
-0.030362 0.0138571 0.999443 147.603 0.0161303 0.999781 -0.0133717 -3.66496 -0.999409 0.0157153 -0.0305789 51.2857 
-0.0331342 0.0112615 0.999388 148.103 0.0169536 0.999799 -0.010704 -3.68145 -0.999307 0.0165885 -0.0333185 51.272 
-0.0359889 0.005875 0.999335 148.6 0.0160487 0.999857 -0.00530007 -3.6982 -0.999223 0.0158473 -0.036078 51.2657 
-0.0387472 0.0026335 0.999246 149.081 0.015445 0.999879 -0.00203622 -3.7092 -0.99913 0.0153544 -0.0387832 51.2605 
-0.0411963 0.00160682 0.99915 149.573 0.0130138 0.999915 -0.00107143 -3.72007 -0.999066 0.0129586 -0.0412137 51.2473 
-0.0434624 7.2025e-06 0.999055 150.061 0.011724 0.999931 0.000502868 -3.73251 -0.998986 0.0117348 -0.0434595 51.241 
-0.0445223 -0.00157253 0.999007 150.544 0.0110113 0.999937 0.00206476 -3.74413 -0.998948 0.0110923 -0.0445022 51.2257 
-0.045265 -0.00175549 0.998974 151.033 0.0107801 0.999939 0.00224569 -3.75311 -0.998917 0.0108706 -0.0452434 51.2121 
-0.0442353 0.000304547 0.999021 151.517 0.0135552 0.999908 0.000295428 -3.75404 -0.998929 0.013555 -0.0442354 51.1972 
-0.0392374 0.00315422 0.999225 151.994 0.0158751 0.999871 -0.00253284 -3.75964 -0.999104 0.0157635 -0.0392824 51.184 
-0.0322251 0.00494381 0.999468 152.463 0.016324 0.999857 -0.00441937 -3.77126 -0.999347 0.0161729 -0.0323011 51.1858 
-0.0223785 0.00486003 0.999738 152.929 0.0140158 0.999891 -0.004547 -3.78015 -0.999651 0.0139104 -0.0224442 51.1987 
-0.00694778 0.00408313 0.999968 153.385 0.0156515 0.99987 -0.00397394 -3.78489 -0.999853 0.0156234 -0.00701078 51.2123 
0.0155341 0.00399733 0.999871 153.834 0.02147 0.99976 -0.00433041 -3.79557 -0.999649 0.0215345 0.0154446 51.2308 
0.0454141 0.00456488 0.998958 154.281 0.0280399 0.99959 -0.00584246 -3.802 -0.998575 0.028276 0.0452674 51.2642 
0.0814938 0.00391121 0.996666 154.71 0.0294885 0.999545 -0.00633363 -3.80969 -0.996238 0.0299064 0.0813414 51.3279 
0.122157 0.00409418 0.992502 155.142 0.0258361 0.99964 -0.00730346 -3.82084 -0.992175 0.0265345 0.122007 51.4205 
0.163738 0.00713457 0.986478 155.558 0.0210706 0.99972 -0.0107276 -3.83411 -0.986279 0.0225422 0.163542 51.5355 
0.205541 0.0115229 0.978581 155.969 0.0205184 0.99966 -0.0160808 -3.84501 -0.978433 0.0233842 0.205235 51.6566 
0.247543 0.0154905 0.968753 156.373 0.0213674 0.999542 -0.0214427 -3.85803 -0.968641 0.0260077 0.247099 51.7953 
0.290185 0.0177507 0.956806 156.766 0.0219996 0.99944 -0.0252137 -3.86882 -0.956718 0.028366 0.289632 51.9435 
0.331505 0.0204163 0.943232 157.151 0.0177527 0.999454 -0.0278725 -3.87512 -0.943286 0.0259848 0.330962 52.1213 
0.371804 0.0238048 0.928006 157.513 0.0100505 0.999509 -0.0296656 -3.89187 -0.928257 0.0203567 0.371382 52.3179 
0.411343 0.0291184 0.911015 157.857 0.00110732 0.999473 -0.0324457 -3.90529 -0.91148 0.0143551 0.411094 52.5289 
0.450504 0.0348222 0.892095 158.208 -0.00361848 0.999302 -0.0371795 -3.92328 -0.892767 0.0135215 0.450315 52.7551 
0.488602 0.038533 0.871656 158.557 -0.0052661 0.999136 -0.0412165 -3.94221 -0.872491 0.0155482 0.488383 52.9953 
0.526178 0.0380069 0.849525 158.904 -0.00432885 0.999108 -0.0420179 -3.96045 -0.850364 0.0184314 0.525873 53.25 
0.561949 0.0365922 0.826362 159.247 -0.00633626 0.999182 -0.039936 -3.978 -0.827148 0.017206 0.561721 53.5279 
0.595399 0.0372324 0.802567 159.582 -0.0110435 0.999211 -0.0381621 -4.0011 -0.803355 0.0138585 0.59534 53.831 
0.626913 0.0412883 0.777994 159.903 -0.0184567 0.999102 -0.0381499 -4.02488 -0.77887 0.0095575 0.627112 54.1514 
0.656794 0.0448958 0.752732 160.229 -0.0240828 0.998966 -0.0385686 -4.04551 -0.753685 0.00720375 0.657196 54.4937 
0.684454 0.0457152 0.727622 160.548 -0.0243014 0.998908 -0.0398999 -4.06748 -0.728651 0.00962745 0.684817 54.8446 
0.709558 0.0436179 0.703296 160.873 -0.0196496 0.998919 -0.0421277 -4.08617 -0.704374 0.0160726 0.709648 55.2076 
0.732048 0.0449634 0.679768 161.188 -0.0212625 0.998841 -0.0431707 -4.10462 -0.680922 0.0171494 0.732155 55.5899 
0.751512 0.0492273 0.65788 161.496 -0.0283769 0.998701 -0.0423142 -4.12412 -0.659109 0.013131 0.751933 56.0063 
0.767779 0.051765 0.638621 161.802 -0.0360267 0.998642 -0.0376343 -4.15046 -0.639701 0.00588744 0.768601 56.4367 
0.780731 0.0502388 0.622844 162.117 -0.0376259 0.998734 -0.0333943 -4.17561 -0.623733 0.00263694 0.781633 56.8767 
0.79156 0.0448966 0.609439 162.441 -0.0334985 0.998986 -0.0300849 -4.19749 -0.610172 0.00339871 0.792262 57.3203 
0.800831 0.0370932 0.597741 162.774 -0.0271164 0.999302 -0.0256828 -4.22043 -0.598277 0.00435904 0.801278 57.7797 
0.808287 0.0301732 0.588016 163.117 -0.0221003 0.999537 -0.0209106 -4.24549 -0.588374 0.00390648 0.808579 58.2619 
0.814838 0.0268278 0.579067 163.451 -0.02033 0.999637 -0.0177049 -4.26552 -0.579332 0.00265419 0.815088 58.7595 
0.821782 0.0241355 0.569291 163.786 -0.0182981 0.999705 -0.0159695 -4.27979 -0.569508 0.00270656 0.821981 59.2733 
0.829145 0.0194778 0.558694 164.128 -0.0127486 0.999792 -0.0159358 -4.29804 -0.558888 0.00609056 0.829221 59.797 
0.835615 0.0198513 0.548958 164.471 -0.0110075 0.999751 -0.0193973 -4.31776 -0.549206 0.010166 0.835625 60.3481 
0.841218 0.0236969 0.540177 164.807 -0.0124584 0.999623 -0.0244506 -4.34119 -0.540553 0.0138385 0.841196 60.9108 
0.845489 0.0290174 0.533204 165.147 -0.0156443 0.99944 -0.0295834 -4.36027 -0.533764 0.0166708 0.845469 61.4887 
0.847617 0.0337097 0.529537 165.495 -0.0187547 0.99926 -0.0335916 -4.38185 -0.530277 0.0185415 0.847621 62.0812 
0.847424 0.0386361 0.529508 165.851 -0.024055 0.999119 -0.0344039 -4.41015 -0.530371 0.0164174 0.847607 62.6998 
0.845782 0.0387462 0.532121 166.225 -0.0264829 0.999179 -0.0306615 -4.43996 -0.532872 0.0118409 0.846113 63.3246 
0.843366 0.0401506 0.535837 166.604 -0.0287987 0.999149 -0.0295398 -4.47394 -0.536567 0.00948147 0.843805 63.9534 
0.840472 0.0415223 0.540261 166.994 -0.0310887 0.999112 -0.0284236 -4.51133 -0.540962 0.00709326 0.841017 64.6001 
0.837457 0.0416006 0.544918 167.401 -0.032211 0.999123 -0.0267723 -4.53772 -0.545553 0.0048683 0.838062 65.2569 
0.834189 0.0394735 0.550064 167.822 -0.0296474 0.999203 -0.0267432 -4.56266 -0.550681 0.00600097 0.834694 65.9192 
0.830866 0.0364013 0.555281 168.258 -0.0274717 0.999325 -0.0244045 -4.58955 -0.555794 0.00502242 0.831305 66.5911 
0.827059 0.0370491 0.560893 168.7 -0.0287556 0.999308 -0.0236066 -4.62223 -0.561379 0.00339528 0.827552 67.2708 
0.823657 0.0391951 0.565732 169.147 -0.0300333 0.999224 -0.0255024 -4.6505 -0.566292 0.00401444 0.824195 67.9496 
0.82066 0.0399818 0.570016 169.606 -0.0286289 0.999173 -0.0288662 -4.68076 -0.570699 0.00737043 0.821126 68.6336 
0.817805 0.0419587 0.573964 170.076 -0.0286589 0.99907 -0.0322012 -4.71772 -0.574781 0.00988517 0.818247 69.3282 
0.815037 0.0415054 0.577921 170.558 -0.0282373 0.999091 -0.0319304 -4.74836 -0.578721 0.00970553 0.815468 70.0333 
0.81265 0.0385057 0.581478 171.05 -0.0293918 0.999253 -0.0250941 -4.78241 -0.58201 0.003302 0.813175 70.7523 
0.810262 0.0348417 0.585032 171.544 -0.0291071 0.999392 -0.0192059 -4.82019 -0.585345 -0.00146672 0.810783 71.4687 
0.808421 0.0335605 0.587648 172.042 -0.0251552 0.999431 -0.0224715 -4.85989 -0.588067 0.00338405 0.808805 72.1691 
0.806999 0.0390113 0.589263 172.527 -0.0238501 0.999155 -0.0334848 -4.89493 -0.590072 0.0129682 0.807247 72.8617 
0.805571 0.0416023 0.591037 173.022 -0.021953 0.998943 -0.0403927 -4.93359 -0.592092 0.0195641 0.805633 73.5552 
0.804782 0.0378561 0.592362 173.524 -0.0175679 0.999046 -0.0399783 -4.98004 -0.59331 0.0217673 0.80468 74.2586 
0.804281 0.0323174 0.59337 174.03 -0.01515 0.999311 -0.0338915 -5.02731 -0.594057 0.0182688 0.804216 74.9619 
0.803789 0.0281063 0.594251 174.528 -0.0122399 0.999453 -0.0307154 -5.07398 -0.594789 0.0174151 0.803693 75.6583 
0.804165 0.0235622 0.593939 175.03 -0.0080131 0.999553 -0.028804 -5.11553 -0.594352 0.0184039 0.803994 76.3542 
0.804583 0.0190777 0.593533 175.534 -0.00264621 0.999589 -0.0285421 -5.15727 -0.593834 0.0213939 0.804303 77.0456 
0.805262 0.0174128 0.592663 176.024 -0.000353602 0.999583 -0.0288878 -5.20051 -0.592919 0.0230527 0.804932 77.7321 
0.806011 0.019677 0.591574 176.511 0.000270386 0.999435 -0.0336117 -5.24148 -0.591901 0.0272514 0.80555 78.4187 
0.806673 0.0194105 0.590679 176.999 0.00360218 0.999281 -0.0377569 -5.2826 -0.590987 0.0325852 0.806023 79.1008 
0.806978 0.0166675 0.590347 177.486 0.00579555 0.99933 -0.0361367 -5.32281 -0.590554 0.032583 0.80634 79.7859 
0.806756 0.0150313 0.590693 177.969 0.00341838 0.999541 -0.0301038 -5.36484 -0.590875 0.0263057 0.806334 80.4748 
0.806166 0.00968191 0.591611 178.451 0.00362322 0.999767 -0.0212986 -5.40243 -0.591679 0.0193138 0.805942 81.1613 
0.805868 0.00475798 0.592077 178.932 0.00623533 0.999844 -0.0165216 -5.4343 -0.592063 0.017006 0.805712 81.8293 
0.805188 0.0016092 0.593017 179.396 0.00938029 0.999837 -0.0154495 -5.46676 -0.592945 0.0180024 0.805042 82.4726 
0.804219 0.0053979 0.594309 179.848 0.00690544 0.999806 -0.0184253 -5.50504 -0.594293 0.0189219 0.804026 83.1092 
0.803096 0.0129468 0.595708 180.282 0.00403972 0.999623 -0.0271713 -5.54112 -0.595835 0.0242277 0.802741 83.7204 
0.801785 0.0172035 0.597365 180.721 0.00433327 0.999392 -0.0345975 -5.57686 -0.597597 0.0303284 0.801223 84.3186 
0.799778 0.016753 0.600063 181.15 0.0078976 0.99923 -0.0384233 -5.6141 -0.600244 0.0354692 0.79903 84.9031 
