1 2.12261e-08 -2.11895e-08 -5.06973e-15 2.12261e-08 1 2.10703e-08 -1.33227e-15 -2.11895e-08 2.10703e-08 1 -2.40918e-14 
0.999997 0.00245554 0.00042097 -0.0229755 -0.0024562 0.999996 0.00167413 -0.0182777 -0.0004169 -0.00167512 0.999999 0.78373 
0.999987 0.00515211 0.000465703 -0.0377036 -0.00515306 0.999984 0.00213763 -0.0340455 -0.000454725 -0.00213996 0.999998 1.5516 
0.999978 0.00658364 0.000719633 -0.0562145 -0.00658499 0.999976 0.00195176 -0.0529048 -0.000706809 -0.00195642 0.999998 2.28979 
0.999963 0.00859748 0.000708583 -0.0715919 -0.00859856 0.999962 0.0015978 -0.0674801 -0.000694861 -0.00160379 0.999999 3.02597 
0.999965 0.00829715 0.000991399 -0.0832347 -0.00829862 0.999964 0.00153345 -0.0836276 -0.000978683 -0.00154158 0.999998 3.74277 
0.999964 0.00844496 0.0011546 -0.0938792 -0.00844766 0.999961 0.00239461 -0.0964285 -0.00113437 -0.00240423 0.999997 4.45441 
0.999957 0.00919041 0.00144402 -0.102573 -0.00919758 0.999945 0.0050666 -0.107345 -0.00139741 -0.00507962 0.999986 5.14435 
0.999958 0.00880178 0.0027008 -0.110631 -0.00882565 0.999921 0.0089727 -0.11652 -0.00262165 -0.00899611 0.999956 5.81388 
0.999962 0.00795618 0.00363931 -0.109631 -0.0080015 0.999888 0.0126252 -0.128776 -0.0035385 -0.0126538 0.999914 6.45619 
0.999965 0.00710595 0.00438113 -0.108583 -0.00716995 0.999865 0.0147794 -0.13591 -0.00427556 -0.0148103 0.999881 7.07479 
0.999957 0.00744418 0.00550318 -0.118147 -0.00752367 0.999866 0.0145745 -0.143434 -0.00539398 -0.0146152 0.999879 7.67033 
0.999944 0.00851321 0.00633662 -0.119827 -0.00858837 0.999892 0.011936 -0.149442 -0.00623437 -0.0119898 0.999909 8.23155 
0.999938 0.00853925 0.00713337 -0.123607 -0.00860563 0.999919 0.00933369 -0.158054 -0.00705313 -0.00939446 0.999931 8.75978 
0.99994 0.00674534 0.008589 -0.119563 -0.00681165 0.999947 0.00771863 -0.159641 -0.00853653 -0.00777664 0.999933 9.27282 
0.999941 0.00309856 0.0103859 -0.11608 -0.00315598 0.99998 0.00552114 -0.167685 -0.0103686 -0.00555355 0.999931 9.75004 
0.999924 0.00131587 0.0122647 -0.111114 -0.00136837 0.99999 0.00427669 -0.174781 -0.012259 -0.00429311 0.999916 10.2014 
0.999883 0.00539588 0.0143402 -0.115055 -0.00543105 0.999982 0.00241819 -0.186591 -0.0143269 -0.00249575 0.999894 10.6163 
0.9998 0.00994205 0.0173565 -0.120016 -0.00996934 0.999949 0.00148908 -0.194485 -0.0173408 -0.00166177 0.999848 11.0016 
0.999734 0.00998211 0.0208075 -0.119168 -0.0100398 0.999946 0.0026742 -0.204485 -0.0207797 -0.00288235 0.99978 11.3537 
0.999691 0.00612633 0.0240894 -0.111389 -0.00619927 0.999976 0.00295598 -0.205032 -0.0240708 -0.00310436 0.999705 11.6731 
0.999642 0.00125168 0.0267458 -0.100149 -0.00132981 0.999995 0.00290556 -0.211247 -0.026742 -0.00294005 0.999638 11.9623 
0.999573 -0.00241586 0.0291295 -0.0887957 0.00228794 0.999988 0.00442554 -0.219117 -0.0291398 -0.00435696 0.999566 12.2218 
0.999492 -0.00269613 0.0317435 -0.0844942 0.00252537 0.999982 0.00541945 -0.224085 -0.0317576 -0.00533649 0.999481 12.4515 
0.999422 -0.00191031 0.0339374 -0.079639 0.00175997 0.999989 0.00446051 -0.228348 -0.0339455 -0.00439817 0.999414 12.6596 
0.999348 -0.00105072 0.0360859 -0.0759284 0.000944406 0.999995 0.00296439 -0.232691 -0.0360889 -0.00292833 0.999344 12.8464 
0.99925 0.00114859 0.0387122 -0.0749642 -0.00123647 0.999997 0.00224747 -0.238341 -0.0387095 -0.00229361 0.999248 13.019 
0.99918 0.0039857 0.0403017 -0.0727948 -0.00405549 0.99999 0.00165111 -0.246557 -0.0402948 -0.00181316 0.999186 13.1848 
0.999111 0.00536684 0.0418065 -0.0707595 -0.00538235 0.999986 0.000259491 -0.251058 -0.0418046 -0.000484237 0.999126 13.3425 
0.99903 0.00455429 0.0438073 -0.062252 -0.0044922 0.999989 -0.00151477 -0.255121 -0.0438138 0.00131655 0.999039 13.4939 
0.998967 0.0033804 0.0453097 -0.0558949 -0.00323648 0.99999 -0.00324845 -0.255196 -0.0453202 0.00309849 0.998968 13.6377 
0.998921 0.0025946 0.0463663 -0.0478684 -0.0024079 0.999989 -0.00408115 -0.260624 -0.0463764 0.00396514 0.998916 13.7777 
0.998856 0.00337407 0.0476932 -0.0372096 -0.00310346 0.999979 -0.00574585 -0.260487 -0.0477116 0.00559131 0.998846 13.9156 
0.998787 0.00430431 0.049046 -0.0351097 -0.00392843 0.999962 -0.00775677 -0.265586 -0.0490776 0.00755473 0.998766 14.0388 
0.998744 0.00413242 0.0499365 -0.0323238 -0.00365274 0.999946 -0.00969233 -0.270678 -0.0499739 0.00949779 0.998705 14.1593 
0.998718 0.00317858 0.0505271 -0.0242308 -0.00257721 0.999925 -0.0119618 -0.274994 -0.0505613 0.0118162 0.998651 14.2834 
0.998735 0.00233817 0.0502369 -0.0227294 -0.0016546 0.999906 -0.0136433 -0.280545 -0.0502641 0.013543 0.998644 14.406 
0.998849 0.00184522 0.0479291 -0.014777 -0.00112855 0.999887 -0.0149745 -0.282542 -0.0479514 0.0149032 0.998739 14.5351 
0.998977 0.00190286 0.0451724 -0.0187702 -0.00118138 0.999871 -0.0159921 -0.28463 -0.045197 0.0159224 0.998851 14.6599 
0.999158 0.00225529 0.0409635 -0.0202648 -0.00155971 0.999854 -0.0170036 -0.29084 -0.0409959 0.0169254 0.999016 14.7846 
0.999371 0.00232234 0.0353756 -0.0240218 -0.00168254 0.999835 -0.0181037 -0.295316 -0.0354119 0.0180329 0.99921 14.9128 
0.999594 0.00223473 0.0284188 -0.0243633 -0.0017026 0.999823 -0.0187334 -0.298875 -0.0284557 0.0186775 0.999421 15.0436 
0.99977 0.00218237 0.0213498 -0.032565 -0.00176243 0.999805 -0.0196667 -0.300273 -0.0213886 0.0196245 0.999579 15.1727 
0.99991 0.00227406 0.013257 -0.0383651 -0.00200003 0.999785 -0.020644 -0.301563 -0.0133011 0.0206156 0.999699 15.3057 
0.999995 0.00112141 0.00299515 -0.0465717 -0.00105526 0.999758 -0.021985 -0.303578 -0.00301912 0.0219818 0.999754 15.4473 
0.999947 -0.000454894 -0.0102693 -0.0546755 0.000212141 0.999721 -0.0236316 -0.306534 0.0102771 0.0236282 0.999668 15.6 
0.999651 -0.00111265 -0.0263979 -0.0787553 0.00043791 0.999673 -0.0255541 -0.309961 0.0264177 0.0255336 0.999325 15.7573 
0.998937 -0.000838467 -0.0460945 -0.103654 -0.000381496 0.99965 -0.0264523 -0.314205 0.0461005 0.0264418 0.998587 15.9404 
0.997697 -9.51395e-06 -0.0678245 -0.142888 -0.00177105 0.999655 -0.0261929 -0.317565 0.0678014 0.0262528 0.997353 16.1342 
0.995772 0.00045149 -0.091858 -0.185254 -0.00274235 0.999688 -0.0248149 -0.323969 0.0918181 0.024962 0.995463 16.3525 
0.992919 0.00130822 -0.11879 -0.2416 -0.00411015 0.999719 -0.0233456 -0.331545 0.118726 0.0236685 0.992645 16.5803 
0.988816 0.00231034 -0.149122 -0.309792 -0.00554585 0.999758 -0.0212852 -0.336095 0.149036 0.0218742 0.98859 16.8291 
0.983191 0.00245644 -0.182562 -0.389903 -0.00584316 0.999821 -0.0180157 -0.340593 0.182485 0.0187797 0.983029 17.092 
0.975615 0.00347056 -0.219461 -0.489574 -0.00672035 0.999879 -0.0140634 -0.345102 0.219386 0.0151954 0.97552 17.3676 
0.965733 0.00523355 -0.259485 -0.603253 -0.00776061 0.999932 -0.00871546 -0.349238 0.259421 0.0104306 0.965708 17.6527 
0.953408 0.00902174 -0.30155 -0.731356 -0.0106647 0.999936 -0.00380266 -0.35477 0.301497 0.00684148 0.953443 17.9395 
0.938857 0.0121464 -0.344093 -0.878768 -0.0127852 0.999918 0.000412572 -0.358247 0.34407 0.00401199 0.938936 18.2321 
0.921669 0.0147403 -0.387697 -1.0435 -0.0134209 0.999891 0.00611048 -0.363557 0.387745 -0.000428539 0.921767 18.5318 
0.902117 0.0181877 -0.431109 -1.23795 -0.0136707 0.999814 0.0135738 -0.36618 0.431276 -0.00635156 0.902198 18.8347 
0.87964 0.0220853 -0.475128 -1.4437 -0.0143394 0.999699 0.0199212 -0.364128 0.475424 -0.0107104 0.879691 19.1426 
0.854051 0.0270092 -0.519488 -1.66921 -0.0167641 0.999562 0.0244085 -0.363445 0.51992 -0.0121373 0.854129 19.4401 
0.82521 0.0301353 -0.564021 -1.91752 -0.0175533 0.999462 0.0277185 -0.362788 0.564553 -0.0129731 0.825295 19.7416 
0.793636 0.0332307 -0.607484 -2.19103 -0.0196657 0.999387 0.0289767 -0.35158 0.608075 -0.0110503 0.793803 20.0294 
0.758795 0.0356564 -0.650353 -2.48543 -0.0199374 0.999304 0.0315262 -0.340998 0.651024 -0.0109555 0.758978 20.323 
0.720802 0.039485 -0.692015 -2.80899 -0.0209518 0.999161 0.0351867 -0.329249 0.692824 -0.0108636 0.721025 20.6099 
0.680668 0.0403043 -0.731482 -3.15786 -0.0184954 0.999113 0.03784 -0.310979 0.732358 -0.0122274 0.68081 20.893 
0.638794 0.0401609 -0.768329 -3.53522 -0.0157222 0.99911 0.0391523 -0.301142 0.769217 -0.0129304 0.638856 21.1652 
0.595248 0.0391721 -0.802587 -3.93743 -0.0102045 0.999099 0.0411951 -0.290258 0.803477 -0.0163312 0.595112 21.4212 
0.549751 0.0392742 -0.834405 -4.36772 -0.00566124 0.999046 0.0432937 -0.271227 0.83531 -0.0190769 0.549449 21.6688 
0.502579 0.0405766 -0.863578 -4.82156 -0.00401876 0.998997 0.0446006 -0.250384 0.864522 -0.0189448 0.502238 21.8845 
0.452447 0.0399447 -0.890896 -5.2945 -0.00302399 0.999059 0.0432586 -0.226315 0.891786 -0.0168781 0.452142 22.0751 
0.399718 0.0388865 -0.915813 -5.78343 0.00239931 0.999052 0.0434682 -0.209537 0.916635 -0.0195723 0.399246 22.2465 
0.345947 0.0379192 -0.937488 -6.30783 0.00748465 0.99904 0.0431708 -0.188593 0.938224 -0.0219515 0.345331 22.3993 
0.291447 0.0369803 -0.955872 -6.8609 0.0100673 0.999079 0.0417214 -0.167191 0.956534 -0.0217826 0.290807 22.5297 
0.237425 0.0427844 -0.970463 -7.4439 0.0108097 0.998851 0.0466805 -0.140522 0.971346 -0.0215735 0.23669 22.6348 
0.186046 0.0476769 -0.981384 -8.04212 0.0128938 0.998618 0.0509585 -0.112037 0.982456 -0.0221343 0.185174 22.7014 
0.137437 0.0490748 -0.989294 -8.66261 0.0181883 0.998479 0.0520572 -0.0890882 0.990343 -0.0251482 0.136336 22.7571 
0.093139 0.0504102 -0.994376 -9.29887 0.0205393 0.998408 0.0525384 -0.066966 0.995441 -0.0253171 0.0919553 22.7793 
0.0526732 0.0486936 -0.997424 -9.95188 0.0204131 0.998549 0.0498266 -0.0421672 0.998403 -0.022985 0.0516028 22.7802 
0.0167623 0.0440533 -0.998889 -10.6181 0.0178175 0.998857 0.0443509 -0.00683516 0.999701 -0.0185411 0.0159582 22.7571 
-0.0117749 0.0438339 -0.998969 -11.3071 0.0151902 0.998931 0.0436532 0.0254924 0.999815 -0.0146605 -0.0124281 22.7154 
-0.0328424 0.0482792 -0.998294 -12.0374 0.0141288 0.998755 0.0478367 0.0488636 0.999361 -0.0125336 -0.0334836 22.6661 
-0.0459498 0.0541862 -0.997473 -12.7758 0.0157222 0.998443 0.0535146 0.0780228 0.99882 -0.0132234 -0.0467302 22.6187 
-0.0537814 0.0567023 -0.996942 -13.5287 0.0154904 0.998314 0.0559447 0.112291 0.998433 -0.0124342 -0.0545691 22.5557 
-0.0576754 0.0540263 -0.996873 -14.2938 0.01667 0.998448 0.0531472 0.141694 0.998196 -0.0135525 -0.0584865 22.4951 
-0.0567304 0.0502978 -0.997122 -15.0743 0.0242201 0.998506 0.0489896 0.177856 0.998096 -0.0213711 -0.0578638 22.4445 
-0.0528322 0.0487061 -0.997415 -15.8868 0.0362469 0.998245 0.0468266 0.221809 0.997945 -0.0336792 -0.0545049 22.4162 
-0.0473744 0.0488324 -0.997683 -16.7103 0.0365558 0.99822 0.0471229 0.254621 0.998208 -0.0342386 -0.0490751 22.3681 
-0.0423754 0.0472478 -0.997984 -17.57 0.0348815 0.998342 0.0457837 0.286859 0.998493 -0.032871 -0.0439532 22.3206 
-0.0391972 0.0409068 -0.998394 -18.4399 0.0379305 0.998503 0.0394221 0.323427 0.998511 -0.0363243 -0.0406902 22.2826 
-0.0369947 0.0299885 -0.998865 -19.3134 0.0359091 0.998944 0.0286609 0.347698 0.99867 -0.0348081 -0.0380325 22.2343 
-0.0365483 0.0213582 -0.999104 -20.2172 0.0281722 0.999396 0.0203339 0.369391 0.998935 -0.0274038 -0.037128 22.1752 
-0.0380351 0.0185431 -0.999104 -21.1438 0.0225959 0.999588 0.0176919 0.389056 0.999021 -0.0219028 -0.0384384 22.1163 
-0.0412039 0.0241327 -0.998859 -22.1 0.0131561 0.999635 0.0236087 0.403189 0.999064 -0.0121683 -0.0415063 22.0383 
-0.046234 0.0323089 -0.998408 -23.0828 0.00837622 0.999454 0.0319549 0.421067 0.998896 -0.00688545 -0.0464794 21.9602 
-0.0501592 0.0416595 -0.997872 -24.0954 0.00682818 0.999121 0.0413684 0.452556 0.998718 -0.0047386 -0.0503995 21.8684 
-0.0516627 0.0513917 -0.997341 -25.1262 0.0054212 0.998675 0.0511796 0.491118 0.99865 -0.00276267 -0.0518728 21.7945 
-0.0529735 0.059578 -0.996817 -26.1563 0.00744716 0.998215 0.0592658 0.525601 0.998568 -0.0042839 -0.0533226 21.7253 
-0.0543427 0.0601358 -0.99671 -27.1899 0.0086015 0.998176 0.0597553 0.575701 0.998485 -0.0053259 -0.0547608 21.6505 
-0.0561727 0.057605 -0.996758 -28.2107 0.00732798 0.998331 0.057283 0.618834 0.998394 -0.00408645 -0.056501 21.5718 
-0.0590446 0.0525954 -0.996869 -29.2315 0.00705632 0.998608 0.0522692 0.659362 0.99823 -0.00394797 -0.0593335 21.4909 
-0.0636534 0.047274 -0.996852 -30.2506 0.00710495 0.998874 0.0469162 0.698663 0.997947 -0.00409616 -0.0639175 21.4047 
-0.0690503 0.0427352 -0.996697 -31.2665 0.00732677 0.999077 0.0423296 0.732237 0.997586 -0.00437966 -0.0692997 21.3147 
-0.076213 0.0407626 -0.996258 -32.2984 0.00647717 0.999163 0.040386 0.764512 0.997071 -0.00337496 -0.0764132 21.2133 
-0.0824826 0.0433181 -0.995651 -33.3558 0.00687061 0.999056 0.0428971 0.796425 0.996569 -0.00330242 -0.0827024 21.0935 
-0.0882728 0.0483911 -0.99492 -34.4252 0.00546061 0.998828 0.0480967 0.828942 0.996081 -0.00118721 -0.0884335 20.9619 
-0.0942558 0.0511193 -0.994235 -35.4976 0.00294329 0.998691 0.0510694 0.868562 0.995544 0.00188731 -0.0942829 20.8283 
-0.0984192 0.0532309 -0.99372 -36.5843 -0.000383438 0.998566 0.0535284 0.913565 0.995145 0.00564929 -0.0982577 20.6819 
-0.100387 0.054621 -0.993448 -37.6691 -0.00507441 0.998451 0.0554088 0.955682 0.994936 0.0106035 -0.0999539 20.5301 
-0.10221 0.0554155 -0.993218 -38.7504 -0.00872112 0.998359 0.0565997 1.00516 0.994725 0.0144471 -0.101559 20.3893 
-0.104044 0.0550281 -0.993049 -39.8261 -0.0102461 0.998356 0.0563957 1.0466 0.99452 0.0160426 -0.103309 20.2562 
-0.105319 0.0541662 -0.992962 -40.9216 -0.0107823 0.998395 0.0556061 1.09378 0.99438 0.0165629 -0.104566 20.1093 
-0.106351 0.0534549 -0.992891 -42.0057 -0.0119213 0.998414 0.0550292 1.13614 0.994257 0.017689 -0.105545 19.9707 
-0.107121 0.0523508 -0.992867 -43.092 -0.0139747 0.998435 0.0541521 1.18146 0.994148 0.0196759 -0.106222 19.825 
-0.107776 0.0499487 -0.99292 -44.1799 -0.018386 0.998466 0.0522234 1.22146 0.994005 0.0238843 -0.106693 19.6758 
-0.108013 0.0448768 -0.993136 -45.2754 -0.0237377 0.998579 0.0477045 1.26242 0.993866 0.0287275 -0.106794 19.5226 
-0.107404 0.04427 -0.993229 -46.3801 -0.0252541 0.998564 0.0472387 1.3029 0.993895 0.0301568 -0.106131 19.3813 
-0.105579 0.048336 -0.993235 -47.4952 -0.025961 0.998344 0.0513442 1.34461 0.994072 0.0312063 -0.10415 19.2343 
-0.103409 0.0510328 -0.993329 -48.6063 -0.0260021 0.998203 0.0539901 1.39128 0.994299 0.0314117 -0.101896 19.0894 
-0.101639 0.0511161 -0.993507 -49.711 -0.0242137 0.998256 0.0538376 1.43121 0.994527 0.0295285 -0.100224 18.9533 
-0.0989034 0.0502266 -0.993829 -50.8317 -0.023889 0.998318 0.0528308 1.4794 0.99481 0.0289668 -0.0975372 18.8152 
-0.0945067 0.0507243 -0.994231 -51.9574 -0.0286373 0.998149 0.0536464 1.52294 0.995112 0.0335421 -0.0928792 18.6719 
-0.0881314 0.0511774 -0.994793 -53.095 -0.0340003 0.997943 0.0543516 1.57304 0.995528 0.0386134 -0.0862101 18.5329 
-0.0823708 0.0508765 -0.995302 -54.2168 -0.0374882 0.997831 0.0541083 1.61748 0.995896 0.0417691 -0.0802848 18.4138 
-0.0758106 0.0500933 -0.995863 -55.355 -0.039514 0.997802 0.0531988 1.66313 0.996339 0.0433837 -0.0736645 18.2919 
-0.0704231 0.0493704 -0.996295 -56.4846 -0.0387616 0.997885 0.0521891 1.70563 0.996764 0.0422933 -0.0683605 18.1949 
-0.0656731 0.0493423 -0.996621 -57.6181 -0.0371817 0.997962 0.0518588 1.74889 0.997148 0.0404618 -0.0637046 18.1097 
-0.0605333 0.0501098 -0.996908 -58.7607 -0.0360472 0.997978 0.0523524 1.79079 0.997515 0.0391049 -0.0586046 18.0243 
-0.0551823 0.0517224 -0.997136 -59.9077 -0.0349801 0.997944 0.0537002 1.83501 0.997863 0.0378432 -0.0532596 17.9458 
-0.0496316 0.0530634 -0.997357 -61.0603 -0.0352318 0.997873 0.0548441 1.87829 0.998146 0.0378607 -0.0476565 17.8673 
-0.0447681 0.0523284 -0.997626 -62.2092 -0.0350925 0.997929 0.0539191 1.92403 0.998381 0.0374231 -0.042839 17.8002 
-0.0402815 0.047748 -0.998047 -63.3616 -0.0351119 0.998173 0.0491711 1.96687 0.998571 0.037024 -0.0385314 17.7378 
-0.0358681 0.0427066 -0.998444 -64.5038 -0.0347668 0.998428 0.0439549 2.00245 0.998752 0.0362893 -0.034327 17.677 
-0.0316443 0.042218 -0.998607 -65.661 -0.0342025 0.998477 0.0432963 2.03852 0.998914 0.035525 -0.0301521 17.6143 
-0.028377 0.0449802 -0.998585 -66.815 -0.034009 0.998365 0.0459368 2.06472 0.999019 0.0352645 -0.0268008 17.5599 
-0.0264475 0.0443716 -0.998665 -67.9694 -0.0342739 0.998387 0.0452669 2.10299 0.999063 0.0354253 -0.0248841 17.5092 
-0.0252086 0.0440845 -0.99871 -69.1401 -0.0361799 0.998333 0.0449811 2.14118 0.999027 0.0372672 -0.0235716 17.4501 
-0.0239173 0.0450542 -0.998698 -70.323 -0.0374198 0.998244 0.0459298 2.17671 0.999013 0.0384696 -0.0221894 17.391 
-0.0226968 0.0446906 -0.998743 -71.5016 -0.0377817 0.998248 0.045527 2.21102 0.999028 0.0387676 -0.0209686 17.3412 
-0.0215043 0.0426481 -0.998859 -72.6928 -0.0382456 0.998323 0.0434486 2.24907 0.999037 0.0391364 -0.0198371 17.2876 
-0.0206391 0.0411846 -0.998938 -73.8934 -0.0369407 0.998438 0.0419271 2.2862 0.999104 0.0377669 -0.0190854 17.236 
-0.0201296 0.0410138 -0.998956 -75.0805 -0.0343849 0.998539 0.0416895 2.32093 0.999206 0.0351883 -0.01869 17.1936 
-0.0201156 0.0416992 -0.998928 -76.267 -0.0316213 0.998604 0.0423224 2.353 0.999298 0.0324388 -0.0187689 17.1537 
-0.0201019 0.0445547 -0.998805 -77.4498 -0.0312988 0.998489 0.0451706 2.38376 0.999308 0.0321695 -0.018677 17.1084 
-0.0201071 0.0483775 -0.998627 -78.6381 -0.0327231 0.998262 0.0490187 2.41351 0.999262 0.0336638 -0.0184891 17.0653 
-0.0194967 0.0481724 -0.998649 -79.8151 -0.0351337 0.998189 0.0488362 2.45171 0.999192 0.0360384 -0.0177689 17.017 
-0.0191855 0.0460295 -0.998756 -80.9877 -0.0361814 0.998253 0.0467014 2.4894 0.999161 0.0370324 -0.0174866 16.9696 
-0.0187488 0.0435604 -0.998875 -82.1733 -0.0357429 0.998383 0.0442098 2.5257 0.999185 0.0365316 -0.0171615 16.9253 
-0.0189642 0.0427889 -0.998904 -83.3542 -0.0337062 0.998489 0.043411 2.55825 0.999252 0.0344925 -0.0174933 16.89 
-0.0193969 0.0440637 -0.99884 -84.5309 -0.0325514 0.998471 0.0446795 2.59527 0.999282 0.0333803 -0.0179329 16.855 
-0.0192394 0.0471703 -0.998702 -85.7111 -0.0322304 0.998338 0.047774 2.62493 0.999295 0.0331077 -0.0176871 16.8129 
-0.0188239 0.0494944 -0.998597 -86.8855 -0.0326249 0.998212 0.0500903 2.65945 0.99929 0.0335221 -0.0171755 16.7725 
-0.0188612 0.04973 -0.998585 -88.0649 -0.0341507 0.998147 0.0503532 2.69561 0.999239 0.0350521 -0.0171279 16.7255 
-0.0188464 0.0474916 -0.998694 -89.2319 -0.0336789 0.998274 0.0481073 2.7319 0.999255 0.0345416 -0.0172144 16.6855 
-0.0185515 0.0461772 -0.998761 -90.402 -0.0318216 0.9984 0.0467515 2.7669 0.999321 0.0326496 -0.0170524 16.6476 
-0.0190086 0.0471758 -0.998706 -91.5708 -0.0301449 0.998405 0.0477353 2.80096 0.999365 0.0310133 -0.0175562 16.6145 
-0.0192189 0.0500058 -0.998564 -92.7423 -0.0278525 0.998334 0.0505303 2.83805 0.999427 0.0287837 -0.017794 16.5817 
-0.0193685 0.052882 -0.998413 -93.9159 -0.0268766 0.998212 0.0533927 2.87335 0.999451 0.0278681 -0.0179126 16.5434 
-0.0187389 0.0546056 -0.998332 -95.0933 -0.0274216 0.998104 0.0551078 2.91657 0.999448 0.0284086 -0.017206 16.4983 
-0.0185922 0.0564 -0.998235 -96.2717 -0.029799 0.997933 0.056938 2.9607 0.999383 0.0308051 -0.0168731 16.4544 
-0.0181174 0.0554981 -0.998294 -97.4384 -0.0321272 0.99791 0.0560598 3.00527 0.99932 0.0330881 -0.0162965 16.4069 
-0.0183084 0.051398 -0.99851 -98.601 -0.034468 0.998052 0.0520064 3.05053 0.999238 0.0353689 -0.0165011 16.3634 
-0.0183805 0.0496644 -0.998597 -99.7697 -0.0355462 0.998102 0.050294 3.09333 0.999199 0.0364208 -0.0165802 16.3278 
-0.0182878 0.0480016 -0.99868 -100.929 -0.0355328 0.998185 0.0486285 3.13392 0.999201 0.0363752 -0.016549 16.2865 
-0.0184744 0.0483565 -0.998659 -102.083 -0.0341982 0.998215 0.0489677 3.17227 0.999244 0.035057 -0.0167877 16.2504 
-0.0189069 0.0507294 -0.998533 -103.232 -0.0342703 0.998092 0.0513559 3.20866 0.999234 0.0351911 -0.0171323 16.2104 
-0.0192204 0.0526469 -0.998428 -104.397 -0.0328487 0.99804 0.0532588 3.25205 0.999276 0.0338208 -0.0174533 16.1741 
-0.0196744 0.0517228 -0.998468 -105.566 -0.0365942 0.997955 0.0524173 3.29442 0.999137 0.0375694 -0.0177414 16.1234 
-0.0200689 0.0526055 -0.998414 -106.739 -0.0405367 0.997751 0.0533854 3.34257 0.998977 0.0415438 -0.0178913 16.0755 
-0.0205078 0.0517735 -0.998448 -107.906 -0.0441495 0.997637 0.0526383 3.38353 0.998814 0.0451605 -0.0181735 16.0252 
-0.0208111 0.0479202 -0.998634 -109.083 -0.045004 0.997793 0.0488177 3.42608 0.99877 0.0459586 -0.0186086 15.9749 
-0.0214346 0.04412 -0.998796 -110.28 -0.0455926 0.997943 0.0450608 3.46701 0.99873 0.0465036 -0.0193789 15.9219 
-0.0229098 0.0432388 -0.998802 -111.467 -0.0417417 0.998152 0.0441681 3.50612 0.998866 0.0427037 -0.0210626 15.8825 
-0.0234982 0.0428642 -0.998805 -112.67 -0.0373105 0.998347 0.0437223 3.53812 0.999027 0.0382933 -0.02186 15.8383 
-0.0244206 0.0449554 -0.998691 -113.874 -0.0365595 0.99828 0.0458309 3.5728 0.999033 0.0376309 -0.022735 15.7933 
-0.0254055 0.0491593 -0.998468 -115.093 -0.0351672 0.998128 0.0500374 3.61006 0.999059 0.0363845 -0.0236292 15.7441 
-0.0259431 0.0492153 -0.998451 -116.324 -0.0337415 0.998175 0.0500784 3.65535 0.999094 0.0349885 -0.0242351 15.6898 
-0.0269735 0.0448212 -0.998631 -117.551 -0.0336398 0.998388 0.0457189 3.70109 0.99907 0.034827 -0.0254222 15.6412 
-0.0275519 0.0412172 -0.99877 -118.811 -0.0337755 0.998541 0.0421394 3.74307 0.99905 0.034895 -0.0261196 15.5732 
-0.0282811 0.0396624 -0.998813 -120.059 -0.0328631 0.998636 0.0405859 3.78286 0.99906 0.033972 -0.0269391 15.5131 
-0.0291489 0.0409757 -0.998735 -121.304 -0.0350453 0.998503 0.0419891 3.81956 0.998961 0.0362249 -0.0276693 15.4527 
-0.0298562 0.0454249 -0.998522 -122.558 -0.0394485 0.998135 0.0465868 3.85952 0.998776 0.0407812 -0.0280086 15.3878 
-0.0303736 0.0484154 -0.998365 -123.823 -0.0449683 0.997749 0.0497536 3.90241 0.998527 0.0464061 -0.028128 15.3194 
-0.0307438 0.0480316 -0.998373 -125.09 -0.0520075 0.997415 0.0495871 3.94859 0.998173 0.0534474 -0.0281664 15.2497 
-0.0310188 0.0458775 -0.998465 -126.353 -0.0548979 0.99736 0.0475322 3.99187 0.99801 0.0562881 -0.0284183 15.1854 
-0.031565 0.0445452 -0.998509 -127.628 -0.0571173 0.997293 0.0462966 4.03187 0.997868 0.0584935 -0.0289353 15.1156 
-0.0324749 0.044062 -0.998501 -128.89 -0.0569721 0.997322 0.0458629 4.0682 0.997848 0.0583762 -0.0298777 15.0518 
-0.0331188 0.0432198 -0.998517 -130.161 -0.0547493 0.997486 0.0449911 4.10586 0.997951 0.0561582 -0.0306693 14.9901 
-0.0339495 0.0439053 -0.998459 -131.425 -0.0549725 0.99744 0.0457297 4.14257 0.997911 0.0564403 -0.031449 14.9276 
-0.0352665 0.0489335 -0.998179 -132.685 -0.0548332 0.997201 0.0508228 4.18383 0.997873 0.0565258 -0.0324846 14.8655 
-0.0362045 0.0534485 -0.997914 -133.95 -0.0535127 0.997032 0.0553428 4.22237 0.997911 0.0554047 -0.0332369 14.801 
-0.0364298 0.0519692 -0.997984 -135.215 -0.0540886 0.997081 0.0538966 4.27312 0.997871 0.0559431 -0.0335125 14.7333 
-0.0360306 0.0505538 -0.998071 -136.473 -0.0537238 0.997178 0.052448 4.3198 0.997906 0.05551 -0.0332129 14.669 
-0.034841 0.0498993 -0.998146 -137.734 -0.052549 0.99728 0.0516903 4.36464 0.99801 0.0542525 -0.0321241 14.6007 
-0.0339434 0.0492386 -0.99821 -138.989 -0.052833 0.997301 0.0509902 4.40711 0.998026 0.0544693 -0.0312503 14.5329 
-0.0335229 0.0511602 -0.998128 -140.244 -0.0528936 0.997199 0.0528891 4.4536 0.998037 0.0545676 -0.030723 14.472 
-0.0329017 0.054746 -0.997958 -141.512 -0.0536153 0.996964 0.0564591 4.49986 0.99802 0.0553635 -0.0298666 14.4061 
-0.0315871 0.0559221 -0.997935 -142.763 -0.055113 0.996817 0.0576039 4.54653 0.99798 0.0568188 -0.0284045 14.3385 
-0.0308966 0.0529349 -0.99812 -144.008 -0.057058 0.996875 0.054635 4.59458 0.997893 0.0586388 -0.0277797 14.2767 
-0.0310441 0.0499204 -0.998271 -145.252 -0.0557285 0.997112 0.0515955 4.64219 0.997963 0.0572339 -0.0281725 14.216 
-0.0310219 0.0482156 -0.998355 -146.499 -0.0525827 0.997374 0.0498021 4.68769 0.998135 0.0540412 -0.0284051 14.1594 
-0.031736 0.0473179 -0.998376 -147.738 -0.0506709 0.997518 0.0488879 4.73546 0.998211 0.0521402 -0.0292596 14.1048 
-0.0319955 0.0473763 -0.998365 -148.98 -0.0479798 0.997652 0.0488801 4.77949 0.998336 0.0494653 -0.0296473 14.0455 
-0.032696 0.0461634 -0.998399 -150.221 -0.0459867 0.997805 0.047642 4.81485 0.998407 0.0474708 -0.0305013 13.9939 
-0.0330903 0.0463016 -0.998379 -151.465 -0.0452352 0.997833 0.0477756 4.85596 0.998428 0.0467428 -0.0309241 13.934 
-0.0336211 0.0491724 -0.998224 -152.711 -0.0426635 0.997808 0.0505889 4.8959 0.998524 0.0442886 -0.0314495 13.8778 
-0.0340219 0.0506555 -0.998137 -153.952 -0.0402247 0.997836 0.0520113 4.93877 0.998611 0.0419193 -0.0319107 13.8176 
-0.0343001 0.0493449 -0.998193 -155.183 -0.0377506 0.998004 0.0506327 4.9803 0.998698 0.0394191 -0.0323688 13.7556 
-0.0353199 0.0494797 -0.99815 -156.412 -0.0390274 0.997943 0.0508504 5.02423 0.998614 0.0407513 -0.0333162 13.6913 
-0.0357034 0.0543796 -0.997882 -157.651 -0.0395833 0.997658 0.0557837 5.06484 0.998578 0.0414911 -0.0334672 13.6292 
-0.0353351 0.060831 -0.997522 -158.89 -0.0448247 0.997045 0.0623897 5.11379 0.99837 0.0469183 -0.0325039 13.558 
-0.0346681 0.0604832 -0.997567 -160.121 -0.0489873 0.996864 0.062143 5.171 0.998198 0.0510225 -0.0315965 13.4877 
-0.0331465 0.0564908 -0.997853 -161.357 -0.0525606 0.996921 0.058184 5.22703 0.998068 0.0543764 -0.0300752 13.4135 
-0.0312012 0.0513394 -0.998194 -162.598 -0.0547828 0.997091 0.0529951 5.27349 0.998011 0.0563374 -0.0282979 13.3385 
-0.0306501 0.0493052 -0.998313 -163.831 -0.0567777 0.997084 0.0509877 5.32233 0.997916 0.0582448 -0.0277613 13.2755 
-0.0294461 0.0466321 -0.998478 -165.061 -0.0514398 0.997517 0.0481042 5.3599 0.998242 0.052778 -0.0269743 13.2203 
-0.0291807 0.0424316 -0.998673 -166.281 -0.0483535 0.997869 0.0438103 5.39863 0.998404 0.0495678 -0.0270668 13.1622 
-0.029922 0.0394149 -0.998775 -167.506 -0.0417977 0.998299 0.0406483 5.43254 0.998678 0.0429628 -0.0282237 13.1116 
-0.0316259 0.0423176 -0.998604 -168.738 -0.0395106 0.998269 0.0435547 5.46985 0.998719 0.0408329 -0.0298992 13.063 
-0.0310956 0.048818 -0.998324 -169.979 -0.0400768 0.997942 0.0500477 5.50403 0.998713 0.0415659 -0.0290751 13.0027 
-0.0298077 0.0516824 -0.998219 -171.22 -0.0415764 0.997734 0.0528988 5.55256 0.998691 0.0430792 -0.0275914 12.9453 
-0.0279674 0.0486128 -0.998426 -172.434 -0.0426055 0.997851 0.0497783 5.59351 0.9987 0.0439306 -0.0258361 12.8845 
-0.0275342 0.0486166 -0.998438 -173.66 -0.0445161 0.997766 0.0498115 5.63745 0.998629 0.0458181 -0.0253085 12.8309 
-0.0266401 0.0497531 -0.998406 -174.877 -0.0425373 0.9978 0.0508579 5.67607 0.99874 0.0438244 -0.0244652 12.7799 
-0.026285 0.0479239 -0.998505 -176.082 -0.0425265 0.997892 0.049014 5.71385 0.99875 0.0437513 -0.0241915 12.7292 
-0.0247997 0.0463282 -0.998618 -177.27 -0.0424451 0.997976 0.0473525 5.7526 0.998791 0.0435609 -0.0227831 12.6817 
-0.0233999 0.0481255 -0.998567 -178.425 -0.0441178 0.997818 0.0491233 5.78567 0.998752 0.0452041 -0.0212257 12.6326 
-0.0223759 0.0501839 -0.998489 -179.556 -0.0437877 0.997732 0.0511271 5.81218 0.99879 0.0448656 -0.0201277 12.5876 
-0.0219445 0.0516447 -0.998424 -180.661 -0.0441388 0.997641 0.0525743 5.84269 0.998784 0.045223 -0.0196132 12.5407 
-0.0218838 0.0529114 -0.998359 -181.744 -0.0448157 0.997543 0.0538504 5.87157 0.998756 0.0459206 -0.0194587 12.4945 
-0.022519 0.0539486 -0.99829 -182.793 -0.0442301 0.997512 0.0549042 5.90247 0.998768 0.0453909 -0.0200768 12.4555 
-0.022197 0.0532485 -0.998335 -183.821 -0.0445962 0.997534 0.0541974 5.93522 0.998759 0.045725 -0.0197676 12.4122 
-0.0210892 0.0532305 -0.99836 -184.812 -0.0456628 0.997488 0.0541486 5.96439 0.998734 0.0467299 -0.0186056 12.3764 
-0.0199269 0.0540342 -0.99834 -185.779 -0.0462888 0.997418 0.0549082 5.99544 0.998729 0.0473061 -0.0173743 12.3392 
-0.0209652 0.0525398 -0.998399 -186.729 -0.0444443 0.997582 0.0534301 6.02274 0.998792 0.0454934 -0.0185794 12.3071 
-0.0246449 0.0499503 -0.998448 -187.671 -0.0422473 0.997807 0.050961 6.04672 0.998803 0.0434377 -0.0224805 12.2742 
-0.0301915 0.0465893 -0.998458 -188.607 -0.0421721 0.997964 0.0478415 6.07201 0.998654 0.0435515 -0.0281652 12.2315 
-0.0354025 0.043513 -0.998425 -189.533 -0.0433377 0.998045 0.0450332 6.10021 0.998433 0.0448638 -0.0334475 12.1819 
-0.0395087 0.0427212 -0.998306 -190.461 -0.0456731 0.997964 0.0445142 6.1277 0.998175 0.0473545 -0.0374771 12.1235 
-0.0428083 0.043237 -0.998147 -191.385 -0.0470761 0.997866 0.0452438 6.15545 0.997974 0.0489258 -0.0406815 12.0641 
-0.0451868 0.0448983 -0.997969 -192.314 -0.0456308 0.997854 0.0469592 6.18589 0.997936 0.0476601 -0.0430411 12.0091 
-0.0472507 0.0467173 -0.99779 -193.25 -0.042408 0.997911 0.0487312 6.21099 0.997982 0.0446169 -0.0451708 11.9561 
-0.0492468 0.0468536 -0.997687 -194.167 -0.0406564 0.997977 0.0488741 6.2435 0.997959 0.0429693 -0.0472423 11.9027 
-0.0507905 0.0458023 -0.997659 -195.074 -0.0406174 0.998027 0.047887 6.26955 0.997883 0.0429545 -0.0488299 11.8468 
-0.051635 0.0441654 -0.997689 -195.982 -0.0421041 0.998037 0.0463599 6.30304 0.997778 0.0444007 -0.0496741 11.7797 
-0.0516277 0.0433751 -0.997724 -196.892 -0.0455234 0.997916 0.0457391 6.3298 0.997628 0.0477812 -0.0495455 11.7122 
-0.0511282 0.0415706 -0.997827 -197.798 -0.0482198 0.997865 0.044043 6.35474 0.997527 0.0503668 -0.0490146 11.6475 
-0.0502765 0.0387837 -0.997982 -198.705 -0.0482388 0.997985 0.0412141 6.38166 0.99757 0.0502136 -0.0483043 11.5814 
-0.0498227 0.035921 -0.998112 -199.617 -0.0480084 0.998112 0.0383174 6.40755 0.997604 0.0498269 -0.0480041 11.5175 
-0.049627 0.0353864 -0.998141 -200.542 -0.0478466 0.998141 0.0377653 6.43301 0.997621 0.0496319 -0.0478416 11.4584 
-0.0488055 0.0380007 -0.998085 -201.471 -0.0457777 0.998141 0.0402413 6.45876 0.997759 0.0476541 -0.0469751 11.3932 
-0.0492091 0.0396406 -0.998002 -202.41 -0.0452658 0.998097 0.0418763 6.47882 0.997762 0.0472361 -0.0473211 11.3342 
-0.0486221 0.0360382 -0.998167 -203.352 -0.040157 0.99847 0.0380053 6.50176 0.99801 0.0419313 -0.0471005 11.2789 
-0.0484978 0.0328218 -0.998284 -204.287 -0.0386583 0.998649 0.0347119 6.52807 0.998075 0.0402754 -0.0471634 11.2219 
-0.0481053 0.0330885 -0.998294 -205.232 -0.0435725 0.99843 0.0351927 6.54894 0.997891 0.0451912 -0.0465881 11.1487 
-0.0475723 0.0383644 -0.998131 -206.295 -0.0452723 0.998152 0.040523 6.55727 0.997841 0.0471155 -0.0457476 11.0851 
-0.0456803 0.0379309 -0.998236 -207.257 -0.0425017 0.9983 0.0398782 6.58557 0.998052 0.0442484 -0.0439905 11.0256 
-0.043543 0.0391839 -0.998283 -208.23 -0.041357 0.998303 0.0409886 6.61957 0.998195 0.0430708 -0.0418486 10.9664 
-0.0421297 0.0438151 -0.998151 -209.206 -0.0418602 0.998083 0.045579 6.64975 0.998235 0.043703 -0.0402149 10.907 
-0.0403332 0.0482017 -0.998023 -210.198 -0.0389083 0.998002 0.0497731 6.67832 0.998428 0.040839 -0.0383772 10.8505 
-0.0392608 0.0484824 -0.998052 -211.193 -0.0386665 0.998 0.050001 6.71672 0.998481 0.0405543 -0.0373076 10.7973 
-0.0371018 0.0490078 -0.998109 -212.199 -0.0417029 0.997851 0.0505453 6.75353 0.998441 0.0434994 -0.0349783 10.7374 
-0.0341802 0.050473 -0.99814 -213.218 -0.0441832 0.997671 0.0519623 6.79525 0.998439 0.0458772 -0.0318705 10.6815 
-0.0307547 0.0505555 -0.998248 -214.242 -0.0453981 0.997619 0.0519223 6.83375 0.998495 0.0469154 -0.0283863 10.6293 
-0.027979 0.0479139 -0.99846 -215.266 -0.0485061 0.997609 0.0492323 6.87203 0.998431 0.0498089 -0.025588 10.5795 
-0.0249747 0.0446999 -0.998688 -216.301 -0.0482153 0.997783 0.0458651 6.90827 0.998525 0.0492976 -0.0227641 10.532 
-0.0235019 0.0439989 -0.998755 -217.347 -0.0473239 0.997862 0.0450732 6.94278 0.998603 0.0483244 -0.0213695 10.4919 
-0.0220356 0.0461539 -0.998691 -218.396 -0.047952 0.997735 0.0471678 6.97694 0.998607 0.0489287 -0.0197725 10.4497 
-0.0209122 0.0494017 -0.99856 -219.461 -0.0493432 0.99751 0.0503832 7.01385 0.998563 0.0503258 -0.0184225 10.408 
-0.0194066 0.0489833 -0.998611 -220.526 -0.0493488 0.997535 0.0498895 7.05233 0.998593 0.0502485 -0.0169415 10.366 
-0.0185443 0.0463506 -0.998753 -221.595 -0.0483385 0.997715 0.0471999 7.08982 0.998659 0.0491536 -0.0162614 10.3268 
-0.0185403 0.0436428 -0.998875 -222.673 -0.0454194 0.997979 0.0444467 7.12429 0.998796 0.0461924 -0.0165206 10.2898 
-0.0184692 0.0426472 -0.99892 -223.759 -0.0437273 0.9981 0.0434207 7.1585 0.998873 0.044482 -0.0165693 10.2518 
-0.0185265 0.0414768 -0.998968 -224.856 -0.0438835 0.998143 0.0422564 7.19596 0.998865 0.0446211 -0.016672 10.2154 
-0.0182543 0.0412722 -0.998981 -225.953 -0.0437598 0.998157 0.0420378 7.23092 0.998875 0.0444826 -0.0164146 10.1752 
-0.0185577 0.0421357 -0.99894 -227.06 -0.0454337 0.998044 0.042942 7.26156 0.998795 0.0461824 -0.016607 10.1306 
-0.0190113 0.0442667 -0.998839 -228.176 -0.0458851 0.997928 0.0450997 7.29759 0.998766 0.0466893 -0.0169407 10.0893 
-0.0205035 0.0460532 -0.998729 -229.295 -0.0459082 0.997842 0.0469547 7.33186 0.998735 0.0468126 -0.0183451 10.0535 
-0.0213079 0.0477328 -0.998633 -230.429 -0.0470987 0.997703 0.0486933 7.37355 0.998663 0.0480719 -0.0190108 10.0105 
-0.0222832 0.0490023 -0.99855 -231.575 -0.0490519 0.997542 0.0500474 7.40441 0.998548 0.050096 -0.0198247 9.96368 
-0.0235942 0.0477473 -0.998581 -232.732 -0.0510281 0.997499 0.0489013 7.44647 0.998419 0.0521095 -0.0210987 9.91187 
-0.0245338 0.0431418 -0.998768 -233.899 -0.0496565 0.997783 0.044319 7.48823 0.998465 0.0506826 -0.0223371 9.85747 
-0.0252917 0.0370948 -0.998992 -235.073 -0.0466782 0.998178 0.0382463 7.52531 0.99859 0.0475985 -0.023514 9.7979 
-0.026752 0.0329823 -0.999098 -236.26 -0.0418925 0.998541 0.0340856 7.55457 0.998764 0.0427666 -0.0253313 9.73528 
-0.0287628 0.0335291 -0.999024 -237.446 -0.035862 0.998759 0.0345527 7.57963 0.998943 0.0368209 -0.0275247 9.68253 
-0.0310567 0.0374737 -0.998815 -238.639 -0.031593 0.998761 0.038454 7.61109 0.999018 0.0327499 -0.0298343 9.62933 
-0.0329775 0.0399537 -0.998657 -239.845 -0.0291218 0.998738 0.0409186 7.64216 0.999032 0.0304321 -0.0317723 9.56727 
-0.0347101 0.0392448 -0.998627 -241.064 -0.0278121 0.998804 0.0402184 7.67967 0.99901 0.02917 -0.0335771 9.49322 
-0.0366791 0.0399113 -0.99853 -242.281 -0.0276784 0.998778 0.0409379 7.7133 0.998944 0.0291393 -0.0355296 9.41768 
-0.038798 0.0415091 -0.998385 -243.493 -0.0267004 0.998737 0.0425613 7.74281 0.99889 0.0283086 -0.0376407 9.34609 
-0.0409645 0.0409958 -0.998319 -244.715 -0.0256633 0.998785 0.042068 7.77964 0.998831 0.0273435 -0.0398626 9.26972 
-0.043511 0.0396773 -0.998265 -245.947 -0.0257109 0.998836 0.0408206 7.81193 0.998722 0.0274424 -0.0424402 9.19629 
-0.046056 0.0392292 -0.998168 -247.182 -0.0252435 0.998864 0.0404213 7.84884 0.99862 0.027059 -0.0450134 9.11805 
-0.048554 0.0402756 -0.998008 -248.425 -0.0254229 0.998813 0.0415449 7.88119 0.998497 0.0273895 -0.0474725 9.03662 
-0.0512245 0.040652 -0.997859 -249.673 -0.0253491 0.998796 0.0419914 7.91299 0.998365 0.0274459 -0.0501323 8.95302 
-0.0537253 0.0415744 -0.99769 -250.93 -0.0264693 0.998723 0.0430428 7.94656 0.998205 0.0287207 -0.0525562 8.86105 
-0.0562923 0.043084 -0.997484 -252.189 -0.0280495 0.998606 0.0447154 7.9851 0.99802 0.0304961 -0.0550053 8.76829 
-0.0578059 0.0436773 -0.997372 -253.445 -0.029304 0.998538 0.0454268 8.0235 0.997898 0.031853 -0.0564415 8.6714 
-0.0590228 0.043866 -0.997292 -254.705 -0.031562 0.998453 0.045785 8.06345 0.997758 0.034179 -0.057547 8.57174 
-0.0590965 0.0436538 -0.997297 -255.976 -0.0319414 0.998449 0.0455969 8.10311 0.997741 0.0345497 -0.0576105 8.47004 
-0.0590537 0.0426642 -0.997343 -257.245 -0.0311449 0.998521 0.0445587 8.13758 0.997769 0.0336935 -0.0576376 8.36477 
-0.0589687 0.041673 -0.99739 -258.503 -0.0281226 0.998662 0.0433889 8.17265 0.997864 0.0306078 -0.0577179 8.27271 
-0.0597426 0.0416547 -0.997344 -259.762 -0.0267957 0.998702 0.0433165 8.20182 0.997854 0.0293124 -0.0585489 8.18376 
-0.0598065 0.0421695 -0.997319 -261.023 -0.0269347 0.998675 0.043842 8.23483 0.997847 0.0294845 -0.0585915 8.08346 
-0.0597429 0.0420999 -0.997326 -262.281 -0.0258217 0.998711 0.0437052 8.26957 0.99788 0.0283638 -0.0585788 7.98276 
-0.0594377 0.0428779 -0.997311 -263.548 -0.0252751 0.998692 0.0444436 8.30493 0.997912 0.0278488 -0.0582762 7.87847 
-0.0597415 0.0438813 -0.997249 -264.814 -0.0228047 0.998713 0.0453119 8.33827 0.997953 0.025449 -0.0586639 7.78352 
-0.0599912 0.0466723 -0.997107 -266.068 -0.0184089 0.998685 0.0478537 8.37064 0.998029 0.0212265 -0.0590531 7.69268 
-0.0606216 0.0504015 -0.996888 -267.313 -0.0153599 0.998559 0.05142 8.40777 0.998043 0.0184293 -0.0597601 7.60396 
-0.0606699 0.052769 -0.996762 -268.56 -0.0133044 0.99847 0.0536692 8.45218 0.998069 0.0165175 -0.059875 7.50969 
-0.0608062 0.051103 -0.996841 -269.791 -0.0135359 0.998555 0.0520165 8.4947 0.998058 0.0166561 -0.0600265 7.41367 
-0.0610853 0.0495069 -0.996904 -271.01 -0.0157411 0.998597 0.0505555 8.53687 0.998008 0.0187806 -0.0602203 7.31458 
-0.0614562 0.0520321 -0.996753 -272.244 -0.0215608 0.998338 0.0534442 8.58286 0.997877 0.0247753 -0.0602322 7.20605 
-0.0615061 0.0578704 -0.996428 -273.484 -0.0268698 0.99786 0.0596122 8.62919 0.997745 0.0304403 -0.0598195 7.0947 
-0.0611787 0.0571587 -0.996489 -274.729 -0.0307322 0.997778 0.0591194 8.67744 0.997654 0.0342412 -0.0592861 6.98524 
-0.0609589 0.0506362 -0.996855 -275.949 -0.0305015 0.998152 0.0525672 8.72409 0.997674 0.0336101 -0.0593017 6.88512 
-0.0613447 0.0450219 -0.997101 -277.186 -0.027256 0.998534 0.0467635 8.77144 0.997744 0.0300457 -0.0600276 6.78725 
-0.0612299 0.0442985 -0.99714 -278.421 -0.0215168 0.998724 0.0456901 8.81034 0.997892 0.0242529 -0.0601986 6.69742 
-0.0606087 0.046105 -0.997096 -279.646 -0.0179904 0.99872 0.0472736 8.84489 0.998 0.0208034 -0.0597016 6.60726 
-0.0589315 0.0480306 -0.997106 -280.879 -0.0174186 0.99864 0.049134 8.88441 0.99811 0.0202637 -0.0580148 6.51137 
-0.0576644 0.0504329 -0.997061 -282.118 -0.0184925 0.998498 0.0515751 8.92452 0.998165 0.0214123 -0.0566452 6.41194 
-0.0565442 0.0517005 -0.997061 -283.341 -0.0197821 0.998404 0.0528921 8.96708 0.998204 0.0227148 -0.0554313 6.31487 
-0.0558897 0.0529265 -0.997033 -284.565 -0.0205053 0.998323 0.0541444 9.00374 0.998226 0.0234706 -0.0547107 6.21985 
-0.0555637 0.0524637 -0.997076 -285.793 -0.0196793 0.998367 0.0536283 9.0445 0.998261 0.0226016 -0.0544405 6.13759 
-0.0556708 0.0506386 -0.997164 -287.02 -0.0205704 0.998443 0.0518519 9.09325 0.998237 0.0233988 -0.0545424 6.04922 
-0.0556494 0.0495672 -0.997219 -288.248 -0.0202864 0.998505 0.0507631 9.13185 0.998244 0.023055 -0.0545606 5.96164 
-0.0556952 0.0492566 -0.997232 -289.486 -0.0202265 0.998522 0.05045 9.17089 0.998243 0.0229804 -0.0546166 5.86982 
-0.0549484 0.0492192 -0.997275 -290.712 -0.0208232 0.998511 0.0504275 9.21179 0.998272 0.0235375 -0.0538417 5.76769 
-0.0550871 0.0493355 -0.997262 -291.946 -0.0213389 0.998492 0.0505751 9.25457 0.998254 0.0240666 -0.0539512 5.68059 
-0.0547906 0.0494651 -0.997272 -293.176 -0.0206159 0.998503 0.0506588 9.29608 0.998285 0.0233353 -0.0536888 5.59082 
-0.0547119 0.0475959 -0.997367 -294.409 -0.0204294 0.998601 0.0487754 9.33887 0.998293 0.0230443 -0.053663 5.49317 
-0.0546866 0.0451289 -0.997483 -295.635 -0.0203281 0.998721 0.0462994 9.3776 0.998297 0.022809 -0.0536992 5.39847 
-0.055052 0.0423355 -0.997586 -296.854 -0.0213828 0.998822 0.043568 9.41301 0.998255 0.0237298 -0.0540819 5.30243 
-0.0556525 0.0407483 -0.997618 -298.084 -0.0227046 0.998857 0.0420655 9.44786 0.998192 0.0249916 -0.0546637 5.21499 
-0.0560528 0.0406868 -0.997598 -299.325 -0.0259425 0.998773 0.0421923 9.48169 0.998091 0.0282452 -0.0549285 5.11182 
-0.0561511 0.0417558 -0.997549 -300.565 -0.0291931 0.998629 0.0434443 9.51411 0.997995 0.0315611 -0.0548552 5.00578 
-0.0564335 0.0427126 -0.997492 -301.804 -0.0328364 0.998465 0.044612 9.54616 0.997866 0.0352717 -0.0549443 4.90113 
-0.0565122 0.0423912 -0.997502 -303.047 -0.0344776 0.998419 0.0443835 9.58721 0.997806 0.0368997 -0.0549613 4.79785 
-0.0571029 0.0400081 -0.997566 -304.278 -0.0338768 0.998544 0.0419865 9.62404 0.997793 0.036192 -0.0556644 4.70448 
-0.0579518 0.0381995 -0.997588 -305.516 -0.0313952 0.998704 0.0400661 9.65237 0.997826 0.0336415 -0.0566774 4.61303 
-0.0592849 0.0380869 -0.997514 -306.752 -0.0287275 0.998793 0.0398431 9.68289 0.997828 0.0310182 -0.0581192 4.52271 
-0.0606028 0.0403204 -0.997347 -307.994 -0.0265171 0.998766 0.0419891 9.71138 0.99781 0.0289914 -0.0594588 4.43535 
