1 2.12261e-08 -2.11895e-08 0 2.12261e-08 1 2.10703e-08 0 -2.11895e-08 2.10703e-08 1 0 
0.999934 -0.0027772 0.0111885 0.0130494 0.00276497 0.999996 0.00111289 -0.00629571 -0.0111916 -0.00108184 0.999937 0.288208 
0.99983 -0.0047292 0.01785 0.0215964 0.00470666 0.999988 0.00130649 -0.0115349 -0.017856 -0.00122221 0.99984 0.584808 
0.999783 -0.00762554 0.0193808 0.0352477 0.00762711 0.999971 -4.78611e-06 -0.0158577 -0.0193802 0.000152646 0.999812 0.883019 
0.999816 -0.00909665 0.0168626 0.0419125 0.0091211 0.999958 -0.00137155 -0.0186031 -0.0168494 0.00152514 0.999857 1.19887 
0.999883 -0.0118474 0.00964738 0.0461648 0.0118747 0.999926 -0.00276866 -0.0214683 -0.0096139 0.00288293 0.99995 1.52047 
0.999901 -0.0136592 -0.00324657 0.0432514 0.0136445 0.999897 -0.00453407 -0.0269973 0.00330812 0.00448937 0.999984 1.84423 
0.99971 -0.0130191 -0.0202701 0.0244045 0.0129328 0.999907 -0.00438424 -0.0370114 0.0203253 0.00412086 0.999785 2.18153 
0.999163 -0.0085845 -0.0400034 -0.00835899 0.00840822 0.999954 -0.00457365 -0.0397319 0.0400407 0.00423351 0.999189 2.53981 
0.998172 -0.0050471 -0.0602272 -0.0504542 0.00471536 0.999973 -0.00564966 -0.0465907 0.060254 0.00535538 0.998169 2.89996 
0.996728 -0.00506814 -0.080665 -0.0992168 0.00457154 0.999969 -0.00634043 -0.0479001 0.0806946 0.00595096 0.996721 3.27197 
0.994738 -0.00651431 -0.102246 -0.149989 0.00595927 0.999966 -0.00573337 -0.051518 0.10228 0.00509393 0.994743 3.65877 
0.992459 -0.00806639 -0.122312 -0.21362 0.00751612 0.999959 -0.00495998 -0.0543998 0.122347 0.00400331 0.992479 4.05441 
0.990061 -0.00694762 -0.140467 -0.288917 0.00645022 0.999971 -0.00399631 -0.0647414 0.140491 0.00305059 0.990077 4.45655 
0.987747 -0.00570466 -0.155957 -0.37687 0.00515872 0.999979 -0.00390536 -0.0643326 0.155975 0.00305302 0.987756 4.86963 
0.985479 -0.00516032 -0.169717 -0.467106 0.00455102 0.999982 -0.00397917 -0.0724708 0.169734 0.00314905 0.985485 5.29479 
0.983238 -0.00692523 -0.182196 -0.558723 0.00615181 0.99997 -0.00481006 -0.0798578 0.182224 0.00360865 0.983251 5.73575 
0.981401 -0.0105085 -0.191683 -0.658059 0.00927084 0.99993 -0.00735255 -0.0835938 0.191747 0.00543878 0.981429 6.18358 
0.97991 -0.00977759 -0.199199 -0.771807 0.00806251 0.999923 -0.00941945 -0.0896766 0.199275 0.00762422 0.979914 6.63943 
0.978424 -0.00920618 -0.206401 -0.892003 0.00698228 0.99991 -0.0115007 -0.0941502 0.206488 0.00981145 0.9784 7.1142 
0.976617 -0.0101197 -0.214751 -1.01089 0.00724804 0.999874 -0.0141557 -0.105455 0.214867 0.0122682 0.976566 7.60521 
0.974849 -0.0139689 -0.222428 -1.13399 0.0107181 0.999818 -0.0158156 -0.117302 0.222608 0.0130339 0.974821 8.10329 
0.972918 -0.0201636 -0.23027 -1.26188 0.0167537 0.999719 -0.0167542 -0.132521 0.230544 0.0124426 0.972982 8.61366 
0.970785 -0.0207185 -0.239053 -1.40368 0.0165908 0.999677 -0.0192664 -0.145991 0.239375 0.0147374 0.970815 9.13389 
0.96872 -0.016996 -0.247573 -1.5652 0.0114115 0.999647 -0.0239748 -0.156453 0.247893 0.0203998 0.968573 9.66186 
0.966526 -0.0141519 -0.256179 -1.73761 0.00746499 0.999606 -0.0270564 -0.173923 0.256461 0.0242384 0.966251 10.2124 
0.96425 -0.0166951 -0.264466 -1.90042 0.00950455 0.99955 -0.0284453 -0.199007 0.264822 0.0249148 0.963975 10.7534 
0.961874 -0.0194954 -0.272797 -2.07619 0.0115343 0.99946 -0.030757 -0.218239 0.27325 0.0264379 0.96158 11.3182 
0.959555 -0.0193364 -0.280855 -2.25934 0.0103649 0.999389 -0.0333941 -0.241089 0.281329 0.0291325 0.959169 11.8917 
0.957286 -0.0185634 -0.288545 -2.46373 0.00829025 0.999289 -0.0367849 -0.268004 0.289023 0.0328216 0.956759 12.4786 
0.954894 -0.0194452 -0.296311 -2.66439 0.0071816 0.999074 -0.0424201 -0.293465 0.296862 0.0383788 0.954149 13.0745 
0.95307 -0.0207264 -0.302041 -2.87155 0.00593239 0.998741 -0.0498157 -0.328621 0.302693 0.045686 0.951992 13.6822 
0.951813 -0.0210461 -0.305956 -3.08847 0.0034172 0.998308 -0.0580411 -0.367251 0.306659 0.0541988 0.950275 14.2941 
0.950689 -0.0209703 -0.309435 -3.31916 0.000177637 0.997748 -0.0670714 -0.408918 0.310145 0.0637092 0.948552 14.9242 
0.949233 -0.0202582 -0.313921 -3.54766 -0.00381121 0.99711 -0.0758706 -0.46069 0.314551 0.0732154 0.946413 15.5611 
0.947978 -0.0198796 -0.317714 -3.78507 -0.00690737 0.996529 -0.0829633 -0.513138 0.31826 0.0808421 0.94455 16.2083 
0.946362 -0.0179129 -0.322611 -4.03445 -0.0116241 0.995928 -0.0893975 -0.579188 0.322899 0.0883525 0.942301 16.8627 
0.944809 -0.0166105 -0.327202 -4.29138 -0.0154909 0.995332 -0.0952593 -0.645216 0.327256 0.0950705 0.940141 17.5232 
0.94315 -0.0146466 -0.332045 -4.55572 -0.0198284 0.99477 -0.100201 -0.722919 0.331776 0.101088 0.937926 18.2008 
0.941443 -0.0115198 -0.336976 -4.82441 -0.0249284 0.994303 -0.103636 -0.795953 0.33625 0.105968 0.935792 18.8827 
0.939728 -0.0109617 -0.341746 -5.10396 -0.0266044 0.994112 -0.105043 -0.875008 0.340885 0.107804 0.933903 19.5792 
0.937594 -0.0100661 -0.347586 -5.39348 -0.0280193 0.994144 -0.104371 -0.956477 0.346601 0.107597 0.931821 20.2863 
0.935318 -0.00970116 -0.353677 -5.68948 -0.0286506 0.994265 -0.10304 -1.03984 0.352648 0.106508 0.929675 21.0027 
0.93275 -0.00941453 -0.360402 -5.99145 -0.0291578 0.994414 -0.101439 -1.12242 0.359344 0.105126 0.927265 21.7271 
0.929587 -0.00866239 -0.368502 -6.30634 -0.0296809 0.994718 -0.0982563 -1.20669 0.367407 0.102275 0.92442 22.4626 
0.9262 -0.00637446 -0.376978 -6.63366 -0.0308831 0.995215 -0.0927055 -1.28785 0.375764 0.0975062 0.921571 23.2117 
0.922662 -0.00287318 -0.385599 -6.96554 -0.033316 0.995639 -0.0871373 -1.37335 0.384168 0.0932449 0.918543 23.949 
0.91902 0.000892395 -0.394209 -7.31094 -0.0366735 0.995854 -0.0832426 -1.45081 0.392501 0.0909587 0.915243 24.6926 
0.915231 0.0017787 -0.402925 -7.66986 -0.0376884 0.995984 -0.0812113 -1.52857 0.401162 0.0895128 0.911623 25.4456 
0.911191 0.0015344 -0.411981 -8.03741 -0.0383413 0.995969 -0.0810914 -1.59342 0.410196 0.0896857 0.907577 26.2099 
0.907383 0.00178969 -0.420301 -8.41654 -0.0387138 0.996096 -0.0793375 -1.67184 0.418518 0.088261 0.90391 26.9723 
0.9035 0.00265364 -0.42858 -8.80889 -0.039971 0.996144 -0.0780963 -1.73801 0.42672 0.0876908 0.900123 27.7419 
0.899883 0.00189366 -0.436127 -9.21964 -0.0387355 0.996386 -0.0755987 -1.81015 0.434408 0.0849237 0.896704 28.5245 
0.895895 0.00239849 -0.444259 -9.62757 -0.038047 0.996726 -0.0713447 -1.88269 0.442633 0.0808202 0.893053 29.3132 
0.892068 0.00428374 -0.451882 -10.056 -0.0381245 0.997104 -0.0658099 -1.94627 0.450291 0.0759347 0.889647 30.1135 
0.888182 0.00450762 -0.45947 -10.4941 -0.0369985 0.997407 -0.0617353 -2.01323 0.458 0.071832 0.886045 30.9164 
0.884383 0.00333728 -0.466749 -10.9407 -0.0354384 0.997568 -0.0600151 -2.0749 0.465414 0.0696172 0.882351 31.7256 
0.881156 0.00251795 -0.472819 -11.4053 -0.0346032 0.997648 -0.0591744 -2.13148 0.471558 0.068503 0.87917 32.5418 
0.877917 0.00265335 -0.478806 -11.8763 -0.0341439 0.997786 -0.0570755 -2.19125 0.477594 0.0664559 0.876064 33.3605 
0.874883 0.00119228 -0.484333 -12.3556 -0.0322942 0.997915 -0.0558787 -2.25216 0.483257 0.0645285 0.873097 34.1931 
0.872221 -0.000115259 -0.489112 -12.8539 -0.0311599 0.997956 -0.0558018 -2.31499 0.488119 0.0639122 0.870434 35.0416 
0.870033 -0.000940631 -0.492993 -13.365 -0.0308171 0.997939 -0.0562901 -2.37596 0.49203 0.0641669 0.86821 35.9026 
0.868831 -0.00103608 -0.495109 -13.9218 -0.0314532 0.997862 -0.0572833 -2.42612 0.494109 0.0653423 0.866941 36.7821 
0.868181 -0.00120898 -0.496247 -14.4441 -0.0306592 0.997956 -0.0560695 -2.48763 0.4953 0.063893 0.866369 37.6513 
0.868003 -0.000769777 -0.496559 -14.9656 -0.0303678 0.998045 -0.0546312 -2.5475 0.49563 0.0624995 0.866282 38.5191 
0.867628 -0.00237882 -0.497208 -15.4924 -0.0282146 0.998142 -0.0540101 -2.61407 0.496412 0.0608893 0.865949 39.4042 
0.866905 -0.00492555 -0.498449 -16.0292 -0.0260055 0.998143 -0.0550925 -2.67227 0.497794 0.0607224 0.865167 40.3067 
0.865873 -0.00724499 -0.500211 -16.58 -0.0237601 0.998171 -0.0555865 -2.73824 0.499699 0.060016 0.864117 41.2113 
0.86433 -0.0080527 -0.50286 -17.1375 -0.0219545 0.998315 -0.0537228 -2.79934 0.502445 0.0574743 0.862697 42.1265 
0.862182 -0.00744852 -0.506544 -17.6924 -0.0207138 0.998537 -0.0499398 -2.86456 0.506175 0.0535497 0.860767 43.0378 
0.859302 -0.00804082 -0.511405 -18.2694 -0.018197 0.998763 -0.0462796 -2.92473 0.511144 0.0490742 0.858093 43.9638 
0.855307 -0.00853215 -0.518051 -18.8439 -0.0168444 0.998878 -0.0442615 -2.98873 0.517847 0.0465835 0.854204 44.8756 
0.850174 -0.0120311 -0.526365 -19.4288 -0.0148829 0.99879 -0.0468679 -3.04937 0.526292 0.0476797 0.848966 45.7714 
0.844339 -0.0155174 -0.535584 -20.0218 -0.0136752 0.998631 -0.050492 -3.10828 0.535634 0.0499566 0.842971 46.6562 
0.838065 -0.0161927 -0.54533 -20.6244 -0.0131854 0.998666 -0.0499172 -3.16954 0.545411 0.0490243 0.836734 47.542 
0.832336 -0.0129861 -0.554119 -21.2459 -0.0141108 0.998905 -0.0446056 -3.23257 0.554091 0.0449459 0.831242 48.4246 
0.827261 -0.00823634 -0.561757 -21.8751 -0.0173793 0.999039 -0.0402411 -3.29463 0.561548 0.0430529 0.826323 49.2936 
0.823119 -0.00884749 -0.5678 -22.5061 -0.0180902 0.998963 -0.0417907 -3.35009 0.56758 0.0446704 0.822105 50.1661 
0.819824 -0.0111318 -0.572508 -23.1441 -0.0186262 0.998764 -0.0460925 -3.40988 0.572313 0.0484514 0.818603 51.0389 
0.816503 -0.0135256 -0.577182 -23.7825 -0.0209875 0.998369 -0.0530852 -3.47211 0.576959 0.0554579 0.814888 51.9044 
0.813594 -0.0146156 -0.58125 -24.4189 -0.021149 0.998279 -0.0547049 -3.54019 0.581049 0.0568005 0.811884 52.7409 
0.8101 -0.0130338 -0.586147 -25.0676 -0.0206314 0.9985 -0.0507173 -3.6072 0.585929 0.0531792 0.808616 53.5991 
0.806742 -0.0105948 -0.59081 -25.717 -0.0203476 0.998748 -0.0456945 -3.67139 0.590554 0.0488852 0.805516 54.4567 
0.803603 -0.00903621 -0.595097 -26.3743 -0.0204055 0.998879 -0.0427225 -3.73326 0.594816 0.0464753 0.802517 55.3078 
0.800498 -0.00858959 -0.599274 -27.0334 -0.0214917 0.998843 -0.043025 -3.79601 0.59895 0.0473209 0.799387 56.1478 
0.79693 -0.00985118 -0.603991 -27.705 -0.0217476 0.998751 -0.0449845 -3.85249 0.60368 0.0489849 0.795721 56.9938 
0.792861 -0.0126325 -0.609272 -28.3728 -0.0208191 0.99864 -0.047798 -3.91172 0.609047 0.0505817 0.791519 57.8284 
0.788598 -0.0137768 -0.614755 -29.0606 -0.020222 0.998627 -0.0483199 -3.97355 0.614577 0.0505366 0.787237 58.6681 
0.784189 -0.014203 -0.620359 -29.7558 -0.0196206 0.998671 -0.0476665 -4.03338 0.620211 0.0495515 0.782868 59.5054 
0.779401 -0.0136744 -0.626376 -30.4537 -0.0200762 0.998703 -0.0467835 -4.09764 0.626204 0.0490384 0.778116 60.3338 
0.774074 -0.0150205 -0.632917 -31.1668 -0.0198872 0.998648 -0.0480227 -4.1612 0.632783 0.0497601 0.772729 61.1688 
0.76877 -0.0166368 -0.639309 -31.8823 -0.0190789 0.99862 -0.0489296 -4.22401 0.639241 0.0498129 0.767391 61.9873 
0.763204 -0.0181979 -0.645902 -32.6149 -0.0184676 0.998581 -0.0499559 -4.28636 0.645894 0.0500549 0.761784 62.8067 
0.75761 -0.0196969 -0.652411 -33.3423 -0.0177758 0.998551 -0.0507893 -4.3583 0.652466 0.0500757 0.756162 63.6121 
0.751183 -0.0216442 -0.659739 -34.0872 -0.0168462 0.998508 -0.0519395 -4.42398 0.659879 0.0501303 0.749698 64.4312 
0.74504 -0.023472 -0.666607 -34.8675 -0.0153299 0.998514 -0.0522925 -4.49008 0.666844 0.0491791 0.743573 65.2586 
0.738413 -0.0236557 -0.673933 -35.6302 -0.0143394 0.998608 -0.0507635 -4.55386 0.674196 0.0471483 0.737046 66.0755 
0.73218 -0.0238101 -0.680695 -36.4214 -0.0140897 0.998646 -0.0500872 -4.62533 0.680965 0.0462636 0.730853 66.882 
0.725457 -0.0261795 -0.68777 -37.2012 -0.0120408 0.998641 -0.0507132 -4.69423 0.688163 0.0450716 0.724155 67.6816 
0.719654 -0.0277544 -0.693778 -38.0241 -0.0123717 0.99853 -0.0527791 -4.76039 0.694223 0.046566 0.718252 68.4751 
0.713556 -0.026976 -0.700079 -38.8308 -0.0138581 0.99852 -0.0526007 -4.82768 0.700461 0.0472354 0.712126 69.2615 
0.707983 -0.0264196 -0.705736 -39.6471 -0.0140394 0.998576 -0.0514664 -4.90216 0.70609 0.0463455 0.706604 70.0584 
0.703104 -0.0257969 -0.710619 -40.4739 -0.0154811 0.99855 -0.0515667 -4.97171 0.710919 0.0472579 0.701684 70.8413 
0.698691 -0.0264513 -0.714934 -41.3199 -0.0162597 0.998471 -0.052832 -5.04156 0.715238 0.048538 0.697193 71.6172 
0.693425 -0.0281393 -0.719979 -42.1695 -0.0170943 0.998313 -0.0554815 -5.11535 0.720326 0.0507798 0.691775 72.3974 
0.688556 -0.030883 -0.724525 -43.0207 -0.0166831 0.998154 -0.0584014 -5.18669 0.724991 0.0523 0.68677 73.1713 
0.683386 -0.0312055 -0.72939 -43.8828 -0.0174975 0.998099 -0.0590956 -5.26474 0.729847 0.0531476 0.681541 73.944 
0.678541 -0.0308647 -0.733914 -44.7471 -0.0167465 0.998207 -0.0574625 -5.34365 0.734372 0.0512812 0.676807 74.7163 
0.673359 -0.0311099 -0.738661 -45.6263 -0.016056 0.998263 -0.0566801 -5.41854 0.739141 0.0500261 0.67169 75.4826 
0.668605 -0.0324113 -0.742911 -46.5167 -0.0152233 0.998244 -0.0572516 -5.49674 0.743462 0.0495883 0.666938 76.2411 
0.663929 -0.0333833 -0.74705 -47.4122 -0.0145655 0.998236 -0.0575529 -5.57433 0.747654 0.0490923 0.662272 77.0052 
0.659404 -0.0338219 -0.751028 -48.3108 -0.013946 0.998265 -0.0572007 -5.65561 0.75166 0.0481922 0.657788 77.7682 
0.655352 -0.0350118 -0.754512 -49.2308 -0.012564 0.998282 -0.0572363 -5.73238 0.755219 0.0469897 0.653786 78.5352 
0.651749 -0.037749 -0.757495 -50.155 -0.00991457 0.998251 -0.0582774 -5.8165 0.75837 0.0454925 0.650235 79.2912 
0.647672 -0.0426155 -0.760727 -51.0851 -0.00695243 0.998063 -0.0618302 -5.89641 0.761888 0.0453346 0.646121 80.0534 
0.642803 -0.0466009 -0.764613 -52.0075 -0.0027799 0.997999 -0.0631622 -5.98196 0.766027 0.0427264 0.641387 80.8042 
0.636004 -0.0502206 -0.77005 -52.9435 0.00239584 0.998004 -0.0631084 -6.06886 0.771682 0.0382924 0.634855 81.5587 
0.628005 -0.0536934 -0.776355 -53.892 0.00630585 0.997935 -0.0639173 -6.15451 0.778184 0.0352448 0.627047 82.2964 
0.619254 -0.054646 -0.783287 -54.8633 0.00859996 0.997988 -0.0628256 -6.23894 0.785144 0.0321688 0.618478 83.0336 
0.610617 -0.0532698 -0.790132 -55.8595 0.00873289 0.998127 -0.0605438 -6.32393 0.791878 0.030069 0.609939 83.7721 
0.60172 -0.0531423 -0.796937 -56.8527 0.00865195 0.998159 -0.0600279 -6.41456 0.79866 0.029225 0.601072 84.4959 
0.59239 -0.0544217 -0.803811 -57.8545 0.00717977 0.998033 -0.0622801 -6.49693 0.80562 0.031123 0.591615 85.205 
0.582088 -0.0568461 -0.811136 -58.8826 0.00789406 0.997901 -0.06427 -6.58577 0.813087 0.0310077 0.581316 85.9215 
0.572212 -0.0583324 -0.818028 -59.9241 0.00827232 0.997827 -0.065367 -6.67936 0.820064 0.0306369 0.571452 86.6248 
0.562202 -0.0590241 -0.824891 -60.9633 0.010773 0.997888 -0.0640604 -6.77277 0.82693 0.0271284 0.56165 87.3129 
0.551934 -0.0591885 -0.831785 -62.0081 0.0121087 0.997942 -0.0629772 -6.8661 0.8338 0.0246874 0.551514 87.9872 
0.541729 -0.059867 -0.838418 -63.0722 0.0120809 0.997912 -0.0634498 -6.95669 0.840466 0.0242438 0.541322 88.647 
0.531587 -0.0608985 -0.844812 -64.1434 0.0109551 0.997823 -0.065035 -7.04774 0.846933 0.0253168 0.531097 89.2929 
0.521407 -0.0616351 -0.851079 -65.2243 0.00978166 0.997754 -0.0662646 -7.13882 0.853252 0.0262259 0.520839 89.9307 
0.51143 -0.0628619 -0.857023 -66.3173 0.00864743 0.997647 -0.0680162 -7.23432 0.859282 0.0273745 0.51077 90.5577 
0.501776 -0.0626755 -0.862724 -67.4095 0.0076178 0.997653 -0.0680473 -7.33393 0.864964 0.0275725 0.501076 91.166 
0.493248 -0.0603961 -0.867789 -68.5225 0.00595807 0.997798 -0.0660579 -7.43143 0.869868 0.0274126 0.492522 91.7677 
0.484907 -0.0589903 -0.872574 -69.6464 0.00670102 0.997944 -0.0637421 -7.52991 0.87454 0.0250619 0.484306 92.3707 
0.476898 -0.0592764 -0.876957 -70.7698 0.0068909 0.997945 -0.063707 -7.62738 0.878931 0.0243388 0.476327 92.9597 
0.469287 -0.0621797 -0.880854 -71.8972 0.00834702 0.997786 -0.065987 -7.72348 0.883006 0.0236144 0.468767 93.5363 
0.462166 -0.0657567 -0.884352 -73.0425 0.0113433 0.997604 -0.0682495 -7.82445 0.886721 0.0215111 0.461804 94.1187 
0.456298 -0.0684709 -0.887189 -74.1803 0.0118767 0.997415 -0.0708695 -7.9245 0.889748 0.0218008 0.455932 94.6744 
0.45035 -0.0721679 -0.889931 -75.3223 0.0140967 0.997179 -0.0737314 -8.03314 0.892741 0.0206599 0.450097 95.2432 
0.445794 -0.0730397 -0.892151 -76.4728 0.0164381 0.997165 -0.0734233 -8.13893 0.894985 0.0180665 0.445731 95.7944 
0.441616 -0.0710156 -0.894389 -77.6141 0.0192682 0.997383 -0.0696795 -8.25021 0.896997 0.0135383 0.441828 96.3324 
0.437764 -0.0689213 -0.896444 -78.7537 0.0218481 0.997579 -0.0660276 -8.3572 0.898824 0.00931898 0.43821 96.8681 
0.43414 -0.0683118 -0.898251 -79.9056 0.0236919 0.997642 -0.0644197 -8.46398 0.900534 0.00668601 0.434735 97.4057 
0.431467 -0.0680171 -0.899561 -81.0512 0.0253821 0.997674 -0.0632613 -8.56887 0.901772 0.00446245 0.432189 97.9279 
0.428746 -0.0675369 -0.900897 -82.1849 0.0275643 0.997716 -0.0616769 -8.66371 0.903004 0.00161118 0.429629 98.4485 
0.425971 -0.0670919 -0.902246 -83.3143 0.0295677 0.997746 -0.0602338 -8.7553 0.904253 -0.00101936 0.426995 98.9688 
0.423172 -0.0687172 -0.90344 -84.4485 0.0333274 0.997626 -0.0602706 -8.84879 0.905436 -0.00460443 0.424457 99.4873 
0.421221 -0.0692725 -0.904309 -85.5921 0.0356322 0.997573 -0.0598196 -8.93975 0.906258 -0.00702522 0.422667 99.9949 
0.41885 -0.0687986 -0.905445 -86.7308 0.0391577 0.997567 -0.0576844 -9.02618 0.907211 -0.011294 0.420525 100.506 
0.417102 -0.0682083 -0.906297 -87.8492 0.0412581 0.997573 -0.0560897 -9.11744 0.907923 -0.0139969 0.418904 100.995 
0.415336 -0.0701353 -0.90696 -88.9561 0.0444309 0.997398 -0.0567821 -9.20172 0.908582 -0.0167133 0.417372 101.485 
0.413932 -0.071245 -0.907516 -90.0371 0.0458473 0.997299 -0.0573819 -9.29266 0.909153 -0.0178549 0.41608 101.964 
0.413254 -0.0724104 -0.907732 -91.109 0.0459048 0.997223 -0.0586505 -9.385 0.909458 -0.0174316 0.41543 102.434 
0.413818 -0.072981 -0.90743 -92.1714 0.0444664 0.997212 -0.0599236 -9.47308 0.909273 -0.0155526 0.41591 102.893 
0.415854 -0.0728157 -0.906512 -93.2194 0.04288 0.997251 -0.0604335 -9.56319 0.90842 -0.0137396 0.417833 103.356 
0.419633 -0.0733335 -0.904727 -94.2625 0.041093 0.997244 -0.0617727 -9.65254 0.906763 -0.011256 0.42149 103.826 
0.424692 -0.0740248 -0.902307 -95.2843 0.0400972 0.997212 -0.0629381 -9.74263 0.90445 -0.00945065 0.426476 104.285 
0.430158 -0.074336 -0.899688 -96.3139 0.0399315 0.997195 -0.0633005 -9.83036 0.90187 -0.00869655 0.43192 104.763 
0.436872 -0.0732907 -0.896533 -97.3216 0.03916 0.99728 -0.0624444 -9.91732 0.898671 -0.00782798 0.438554 105.24 
0.444623 -0.0721143 -0.89281 -98.3112 0.0379791 0.997375 -0.0616465 -10.0034 0.894912 -0.00649855 0.446195 105.723 
0.453211 -0.0716055 -0.888523 -99.3057 0.0379584 0.997415 -0.0610195 -10.0917 0.890595 -0.00607212 0.454757 106.209 
0.462539 -0.0711046 -0.883743 -100.287 0.0371112 0.997458 -0.0608304 -10.1759 0.885822 -0.00466027 0.464002 106.707 
0.472426 -0.0720722 -0.878419 -101.267 0.0368686 0.997395 -0.0620054 -10.2634 0.880599 -0.00309307 0.473852 107.209 
0.482819 -0.0734087 -0.872638 -102.24 0.0348034 0.997302 -0.0646395 -10.3492 0.875028 0.000838455 0.484071 107.723 
0.494383 -0.0740172 -0.866087 -103.185 0.0328153 0.997247 -0.0664946 -10.4367 0.868625 0.00445288 0.495451 108.241 
0.50659 -0.0725698 -0.859128 -104.131 0.0307542 0.997338 -0.06611 -10.5177 0.861638 0.00706894 0.507474 108.778 
0.519043 -0.0701596 -0.851864 -105.056 0.0293066 0.9975 -0.0642977 -10.6046 0.854245 0.00840808 0.519802 109.322 
0.531053 -0.0680826 -0.844599 -105.977 0.029137 0.997645 -0.0620992 -10.6906 0.846838 0.00836897 0.531786 109.88 
0.542446 -0.067753 -0.837354 -106.888 0.0297174 0.997666 -0.0614732 -10.7749 0.839565 0.00846197 0.543193 110.456 
0.553516 -0.0687999 -0.829992 -107.774 0.0308058 0.997591 -0.0621484 -10.8617 0.832268 0.00883164 0.554303 111.031 
0.564123 -0.0689607 -0.822806 -108.646 0.0305564 0.997567 -0.062658 -10.9516 0.825126 0.0102049 0.564857 111.614 
0.575135 -0.0701905 -0.815041 -109.505 0.0327331 0.997489 -0.0628046 -11.0396 0.817403 0.00944238 0.575989 112.198 
0.585802 -0.069361 -0.807481 -110.342 0.0328635 0.997545 -0.0618457 -11.1281 0.809788 0.00969276 0.586643 112.788 
0.596337 -0.0667937 -0.799951 -111.175 0.0315678 0.997713 -0.0597736 -11.2079 0.802113 0.0103926 0.597081 113.387 
0.606012 -0.0633371 -0.79293 -111.998 0.0314713 0.997954 -0.0556613 -11.2914 0.794833 0.00877688 0.606765 114 
0.615953 -0.061173 -0.785404 -112.801 0.0301351 0.99808 -0.0541044 -11.3704 0.787206 0.00965757 0.616614 114.613 
0.62588 -0.0600714 -0.777603 -113.589 0.0278182 0.998114 -0.054716 -11.4474 0.779423 0.0126142 0.626371 115.229 
0.635112 -0.0605288 -0.770045 -114.367 0.026826 0.998052 -0.0563258 -11.517 0.771954 0.0151161 0.635499 115.858 
0.644276 -0.059815 -0.762451 -115.131 0.0267917 0.99809 -0.055662 -11.591 0.764324 0.0154343 0.644648 116.491 
0.653389 -0.0576929 -0.754821 -115.876 0.0268444 0.99823 -0.0530603 -11.6667 0.756547 0.0144064 0.653781 117.115 
0.661836 -0.0557688 -0.747572 -116.611 0.0269587 0.998355 -0.0506104 -11.7361 0.749164 0.0133422 0.66225 117.755 
0.669749 -0.0553309 -0.740523 -117.329 0.0275252 0.998385 -0.0497035 -11.8022 0.742077 0.0129059 0.67019 118.393 
0.677296 -0.0547463 -0.733671 -118.044 0.0264522 0.998395 -0.0500803 -11.8636 0.735235 0.0145121 0.677657 119.041 
0.68451 -0.0541306 -0.726991 -118.73 0.0263599 0.998425 -0.0495216 -11.9275 0.728527 0.0147347 0.684859 119.67 
0.691611 -0.0517402 -0.720415 -119.415 0.025866 0.998565 -0.0468852 -11.9819 0.721807 0.0137921 0.691957 120.308 
0.698749 -0.0493412 -0.713663 -120.098 0.0251912 0.998697 -0.0443831 -12.038 0.714923 0.0130347 0.699082 120.969 
0.705803 -0.0478274 -0.706792 -120.749 0.0244655 0.998769 -0.0431537 -12.1012 0.707986 0.0131661 0.706104 121.616 
0.713167 -0.0472389 -0.699401 -121.395 0.0241549 0.99879 -0.04283 -12.1538 0.700578 0.013651 0.713445 122.262 
0.721011 -0.0439936 -0.691526 -122.024 0.0210783 0.998913 -0.0415719 -12.2015 0.692603 0.0153976 0.721154 122.908 
0.730184 -0.0410308 -0.682017 -122.64 0.0203569 0.999059 -0.0383097 -12.2541 0.682947 0.0140894 0.730332 123.55 
0.739874 -0.0371735 -0.671718 -123.243 0.0186147 0.999221 -0.0347944 -12.3036 0.672488 0.0132397 0.73999 124.19 
0.750203 -0.0348105 -0.660291 -123.833 0.0167812 0.999294 -0.0336166 -12.3518 0.660995 0.0141388 0.750257 124.837 
0.760323 -0.0341498 -0.648647 -124.405 0.0155871 0.999289 -0.0343397 -12.4008 0.649358 0.0159988 0.760315 125.485 
0.770569 -0.035207 -0.636384 -124.981 0.0159549 0.999226 -0.0359618 -12.4451 0.637157 0.0175577 0.770534 126.142 
0.780499 -0.0347393 -0.624191 -125.513 0.0160256 0.999239 -0.0355739 -12.4857 0.624952 0.0177624 0.780461 126.805 
0.790749 -0.0328858 -0.611256 -126.038 0.0155887 0.999314 -0.0335972 -12.5277 0.611941 0.0170383 0.79072 127.477 
0.800955 -0.0310804 -0.597918 -126.564 0.0158113 0.999401 -0.0307696 -12.5644 0.598516 0.0151913 0.800967 128.158 
0.810451 -0.0295322 -0.585061 -127.061 0.0160637 0.999473 -0.0281984 -12.603 0.585586 0.0134552 0.810499 128.85 
0.81956 -0.0281395 -0.572302 -127.546 0.0168309 0.999545 -0.025044 -12.6462 0.572746 0.0108928 0.819661 129.533 
0.827519 -0.0274854 -0.560764 -128.036 0.0176432 0.999581 -0.0229576 -12.6709 0.56116 0.00910424 0.827657 130.297 
0.834739 -0.0277968 -0.549944 -128.507 0.0193303 0.999589 -0.0211833 -12.7094 0.550307 0.00705198 0.834933 131.011 
0.8414 -0.0277861 -0.539698 -128.963 0.0196154 0.99959 -0.0208825 -12.735 0.540057 0.00698421 0.8416 131.717 
0.848179 -0.0268275 -0.52903 -129.425 0.018661 0.99961 -0.0207723 -12.761 0.529381 0.00774643 0.848349 132.447 
0.854861 -0.0251914 -0.518246 -129.878 0.0174812 0.999652 -0.0197564 -12.7913 0.518563 0.00782943 0.855004 133.176 
0.861077 -0.0239799 -0.507909 -130.34 0.0165214 0.999679 -0.0191886 -12.8205 0.508206 0.00813153 0.861197 133.932 
0.866956 -0.0249181 -0.497762 -130.774 0.0176534 0.999658 -0.019296 -12.8403 0.498073 0.00794164 0.867099 134.683 
0.872284 -0.0261982 -0.488297 -131.203 0.0187588 0.999622 -0.0201216 -12.8637 0.48864 0.00839193 0.872445 135.419 
0.876668 -0.0266484 -0.480357 -131.618 0.019151 0.999606 -0.0205031 -12.8894 0.480715 0.00877517 0.876833 136.169 
0.880179 -0.0263308 -0.473911 -132.039 0.0192525 0.999619 -0.0197826 -12.9107 0.474251 0.00828831 0.880351 136.944 
0.883293 -0.0244972 -0.468181 -132.447 0.0190823 0.999685 -0.0163061 -12.9364 0.468433 0.00546915 0.883482 137.716 
0.886372 -0.0202644 -0.46253 -132.878 0.0166704 0.999791 -0.0118564 -12.961 0.462673 0.00279869 0.886525 138.519 
0.889734 -0.0175754 -0.456142 -133.306 0.0151152 0.999845 -0.00904156 -12.9819 0.45623 0.00114998 0.889861 139.334 
0.893146 -0.0148202 -0.449524 -133.733 0.0131457 0.99989 -0.00684627 -12.9973 0.449576 0.000205444 0.893242 140.14 
0.896241 -0.0135218 -0.443362 -134.154 0.0128492 0.999907 -0.0045215 -13.0119 0.443382 -0.00164444 0.896331 140.975 
0.899454 -0.0118325 -0.436855 -134.573 0.0124529 0.999921 -0.00144378 -13.0285 0.436838 -0.00414146 0.899531 141.833 
0.902611 -0.0117315 -0.430298 -134.975 0.0132955 0.999911 0.000627955 -13.0426 0.430252 -0.00628779 0.902687 142.693 
0.906166 -0.0120791 -0.422751 -135.411 0.0141402 0.999899 0.00173956 -13.0508 0.422687 -0.00755406 0.906244 143.591 
0.909913 -0.0130717 -0.414593 -135.849 0.0151876 0.999883 0.00180695 -13.0592 0.414521 -0.0079408 0.910005 144.51 
0.913925 -0.0155669 -0.405584 -136.275 0.0176915 0.999842 0.00148973 -13.0662 0.405497 -0.00853683 0.914056 145.429 
0.917955 -0.0168114 -0.396329 -136.686 0.0187136 0.999824 0.000932943 -13.0879 0.396243 -0.00827307 0.918108 146.362 
0.92244 -0.0179385 -0.385723 -137.088 0.0190665 0.999818 -0.000901069 -13.1003 0.385669 -0.00652316 0.922614 147.303 
0.927723 -0.0161071 -0.372921 -137.484 0.0168148 0.999858 -0.00135514 -13.1105 0.37289 -0.00501334 0.927862 148.279 
0.933939 -0.0126268 -0.357209 -137.878 0.013543 0.999908 6.33832e-05 -13.1177 0.357176 -0.00489682 0.934024 149.258 
0.940689 -0.00911229 -0.339148 -138.251 0.0108998 0.999935 0.00336609 -13.1265 0.339096 -0.00686305 0.940727 150.254 
0.947456 -0.00581628 -0.319834 -138.603 0.00794138 0.999954 0.00534044 -13.1345 0.319788 -0.00759971 0.947459 151.264 
0.954124 -0.00454767 -0.299379 -138.925 0.00672327 0.999958 0.00623728 -13.1369 0.299338 -0.00796389 0.954114 152.286 
0.960586 -0.00294047 -0.277967 -139.264 0.00541993 0.999952 0.00815183 -13.1401 0.27793 -0.00933705 0.960556 153.351 
0.966549 -0.00196878 -0.256475 -139.559 0.00494515 0.999928 0.0109603 -13.144 0.256435 -0.011862 0.966489 154.418 
0.972079 0.000288047 -0.234655 -139.842 0.00325866 0.999886 0.0147266 -13.1434 0.234632 -0.01508 0.971967 155.513 
0.977133 0.00269336 -0.21261 -140.099 0.00146043 0.999811 0.0193775 -13.1422 0.212622 -0.0192449 0.976945 156.6 
0.981694 0.00459785 -0.190407 -140.345 -0.000238276 0.999737 0.0229124 -13.1361 0.190463 -0.0224476 0.981438 157.735 
0.985659 0.00607496 -0.168643 -140.556 -0.00220225 0.99973 0.0231413 -13.124 0.168738 -0.022438 0.985406 158.853 
0.989179 0.00552888 -0.146609 -140.751 -0.00242523 0.999769 0.0213396 -13.1053 0.146693 -0.0207531 0.988964 159.991 
0.992024 0.00552696 -0.125932 -140.914 -0.00291486 0.999777 0.0209167 -13.1138 0.126019 -0.0203828 0.991818 161.19 
0.994346 0.00367201 -0.106125 -141.045 -0.00123912 0.999735 0.0229812 -13.0996 0.106181 -0.0227197 0.994087 162.372 
0.996243 0.00478303 -0.0864671 -141.159 -0.00261559 0.99968 0.0251622 -13.1069 0.0865597 -0.0248414 0.995937 163.647 
0.997767 0.00527071 -0.0665818 -141.26 -0.00352102 0.999646 0.0263683 -13.09 0.0666971 -0.026075 0.997433 164.857 
0.998887 0.00672041 -0.0466821 -141.324 -0.00545479 0.999616 0.0271852 -13.0696 0.0468468 -0.0269003 0.99854 166.089 
0.999633 0.00739194 -0.0260447 -141.388 -0.00666117 0.999585 0.0280325 -13.0502 0.0262411 -0.0278487 0.999268 167.347 
0.999939 0.00931715 -0.00601494 -141.404 -0.00914521 0.999566 0.0279995 -13.0408 0.00627317 -0.0279428 0.99959 168.65 
0.999854 0.0107951 0.0132193 -141.345 -0.0111531 0.999565 0.0273172 -13.0387 -0.0129187 -0.0274606 0.999539 169.982 
0.999402 0.0109082 0.0328121 -141.338 -0.0117338 0.999617 0.025075 -13.0223 -0.032526 -0.025445 0.999147 171.257 
0.998575 0.012919 0.0517746 -141.302 -0.0141259 0.999635 0.0230146 -13.017 -0.0514585 -0.0237131 0.998394 172.585 
0.997357 0.0132402 0.0714433 -141.256 -0.0148123 0.999659 0.0215205 -13.0051 -0.071134 -0.0225218 0.997213 173.961 
0.995848 0.0134239 0.090037 -141.154 -0.0151748 0.999708 0.0187912 -12.9952 -0.0897585 -0.0200794 0.995761 175.296 
0.994012 0.014066 0.108363 -141.021 -0.0156693 0.99978 0.013959 -12.998 -0.108143 -0.0155733 0.994013 176.624 
0.991875 0.0160629 0.126199 -140.878 -0.0171432 0.999825 0.00747966 -13.0013 -0.126057 -0.00958232 0.991977 177.969 
0.989601 0.0175888 0.14276 -140.642 -0.0181673 0.999831 0.00275032 -13.0163 -0.142688 -0.00531526 0.989753 179.331 
0.986875 0.0199312 0.160252 -140.441 -0.0199906 0.999799 -0.00124139 -13.0309 -0.160245 -0.0019784 0.987075 180.739 
0.983776 0.02176 0.178078 -140.216 -0.0214432 0.999763 -0.00370315 -13.0691 -0.178117 -0.00017547 0.984009 182.164 
0.980479 0.020956 0.195505 -139.969 -0.0207427 0.99978 -0.00313875 -13.089 -0.195528 -0.000977778 0.980698 183.593 
0.977015 0.0196536 0.212263 -139.676 -0.019355 0.999807 -0.0034843 -13.1214 -0.21229 -0.00070411 0.977206 185.014 
0.973361 0.0192 0.228472 -139.291 -0.0177834 0.999808 -0.0082576 -13.1707 -0.228587 0.00397467 0.973516 186.5 
0.969379 0.0204788 0.244713 -138.958 -0.0179511 0.99976 -0.0125551 -13.1933 -0.244911 0.00777783 0.969514 187.933 
0.964945 0.0227007 0.261468 -138.62 -0.0201871 0.999721 -0.0122954 -13.2321 -0.261674 0.00658619 0.965134 189.3 
0.960205 0.0247058 0.278202 -138.181 -0.0220598 0.999677 -0.0126376 -13.2676 -0.278424 0.00599764 0.96044 190.758 
0.954997 0.0283876 0.295255 -137.712 -0.0249183 0.999569 -0.015507 -13.3155 -0.295568 0.0074519 0.955293 192.26 
0.949744 0.0287281 0.311707 -137.152 -0.0239979 0.999531 -0.0190009 -13.3799 -0.312107 0.0105657 0.949988 193.835 
0.943827 0.0297244 0.3291 -136.686 -0.0241653 0.999488 -0.0209702 -13.4375 -0.329555 0.0118395 0.944062 195.301 
0.937608 0.0301431 0.346384 -136.127 -0.0226005 0.999412 -0.0257947 -13.5102 -0.346958 0.0163569 0.937738 196.846 
0.930497 0.0333961 0.364774 -135.579 -0.0235267 0.999228 -0.031468 -13.5787 -0.365543 0.020699 0.930564 198.251 
0.921659 0.0365024 0.386279 -134.941 -0.0251875 0.999094 -0.0343144 -13.6858 -0.387182 0.0218968 0.921743 199.864 
0.911169 0.0393672 0.410147 -134.353 -0.0273191 0.999007 -0.0351964 -13.7601 -0.411126 0.0208651 0.91134 201.263 
0.89942 0.0441183 0.434854 -133.621 -0.0309092 0.998822 -0.0374057 -13.8657 -0.435992 0.0202025 0.899724 202.773 
0.886803 0.0481029 0.459638 -132.949 -0.0332321 0.998631 -0.0403942 -13.9449 -0.460951 0.020547 0.887188 204.138 
0.873272 0.0519036 0.484461 -132.227 -0.0351991 0.998432 -0.0435201 -14.0287 -0.485961 0.0209523 0.87373 205.58 
0.859395 0.0531974 0.508538 -131.485 -0.0348542 0.998355 -0.045535 -14.1108 -0.510124 0.0214078 0.859835 206.981 
0.845125 0.054569 0.531776 -130.697 -0.0345626 0.998273 -0.0475104 -14.2129 -0.53345 0.0217727 0.845551 208.29 
0.829539 0.056934 0.55554 -129.855 -0.0336742 0.998079 -0.0520044 -14.3375 -0.557433 0.0244323 0.829862 209.686 
0.81421 0.0592232 0.577542 -128.981 -0.0321506 0.997857 -0.0569983 -14.4484 -0.579679 0.0278403 0.814369 210.992 
0.79921 0.0608993 0.597959 -128.029 -0.0311631 0.997714 -0.0599609 -14.5709 -0.600244 0.0292871 0.799281 212.309 
0.783897 0.0623872 0.617748 -127.028 -0.0297461 0.99757 -0.0629993 -14.7028 -0.620178 0.0310094 0.783848 213.642 
0.769457 0.0623505 0.635647 -126.005 -0.027979 0.997559 -0.0639814 -14.8546 -0.638085 0.0314462 0.769324 214.897 
0.754501 0.0631595 0.653252 -124.985 -0.0269301 0.9975 -0.0653388 -15.0053 -0.655746 0.0317061 0.754316 216.204 
0.740094 0.063192 0.669527 -123.961 -0.0240083 0.997424 -0.0676009 -15.1259 -0.672074 0.0339568 0.739705 217.4 
0.72643 0.064327 0.684223 -122.882 -0.0215721 0.997253 -0.0708536 -15.2591 -0.686902 0.0367101 0.725823 218.562 
0.712263 0.0660787 0.698795 -121.799 -0.019229 0.997022 -0.0746796 -15.4065 -0.701649 0.0397545 0.711413 219.721 
0.698128 0.0677908 0.712757 -120.671 -0.0178846 0.996848 -0.0772932 -15.5458 -0.71575 0.0412132 0.69714 220.863 
0.683745 0.0686992 0.72648 -119.515 -0.017115 0.996794 -0.0781531 -15.6888 -0.729521 0.041003 0.682729 221.971 
0.668302 0.069468 0.740639 -118.344 -0.0173602 0.996815 -0.0778312 -15.847 -0.743687 0.0391571 0.66738 223.069 
0.652302 0.0703428 0.754688 -117.15 -0.0196355 0.996918 -0.0759488 -16.0063 -0.757705 0.0347229 0.651673 224.125 
0.635372 0.0714564 0.768893 -115.973 -0.0222842 0.996991 -0.07424 -16.1535 -0.771884 0.0300358 0.635053 225.155 
0.618213 0.0735087 0.782566 -114.762 -0.0257598 0.996977 -0.0732992 -16.3106 -0.785589 0.0251558 0.618238 226.169 
0.60139 0.0761993 0.795314 -113.558 -0.0267572 0.996804 -0.0752713 -16.4637 -0.798508 0.023987 0.601506 227.12 
0.584286 0.0797069 0.807624 -112.335 -0.0291038 0.996583 -0.0773003 -16.6116 -0.811026 0.0216606 0.584609 228.049 
0.566026 0.0798477 0.820512 -111.133 -0.02951 0.996623 -0.0766285 -16.759 -0.823859 0.0191604 0.566471 228.927 
0.546 0.078734 0.834077 -109.914 -0.0299821 0.996773 -0.0744651 -16.8969 -0.837248 0.0156505 0.546599 229.78 
0.525695 0.077061 0.847176 -108.67 -0.0302293 0.996952 -0.0719268 -17.0333 -0.850136 0.012202 0.526422 230.598 
0.505281 0.07535 0.859659 -107.415 -0.0305543 0.997118 -0.0694395 -17.1803 -0.862414 0.0088202 0.506128 231.376 
0.48456 0.0743772 0.87159 -106.163 -0.0300628 0.997206 -0.0683831 -17.3122 -0.874241 0.00693325 0.485442 232.125 
0.464131 0.0739223 0.882677 -104.877 -0.0293709 0.997248 -0.0680735 -17.444 -0.88528 0.00567001 0.465025 232.841 
0.443442 0.0731716 0.893311 -103.597 -0.0275525 0.997304 -0.0680125 -17.5737 -0.89588 0.00554661 0.444263 233.545 
0.423513 0.0732821 0.902921 -102.297 -0.0248766 0.997288 -0.0692727 -17.6958 -0.905549 0.00687629 0.424187 234.178 
0.403435 0.0723474 0.912144 -101.014 -0.0216971 0.997345 -0.0695087 -17.8435 -0.914751 0.0082514 0.403934 234.777 
0.38308 0.070176 0.921046 -99.7377 -0.0200921 0.997507 -0.067645 -17.9834 -0.923497 0.00740766 0.383535 235.346 
0.36274 0.0701325 0.929248 -98.4511 -0.019579 0.997518 -0.0676421 -18.1037 -0.931685 0.00634278 0.363212 235.888 
0.343167 0.0747327 0.936297 -97.1467 -0.0202606 0.997187 -0.0721669 -18.234 -0.939056 0.00579538 0.343715 236.409 
0.32347 0.0840063 0.942502 -95.8367 -0.0216024 0.996447 -0.0814005 -18.3664 -0.945992 0.00597032 0.324136 236.925 
0.304014 0.0918236 0.948232 -94.533 -0.0243856 0.995768 -0.0886085 -18.5086 -0.952356 0.00381496 0.304966 237.393 
0.284756 0.0955485 0.953826 -93.2426 -0.0274621 0.995425 -0.091517 -18.6665 -0.958207 -0.000134045 0.286077 237.816 
0.26498 0.097012 0.959361 -91.9618 -0.0301396 0.995273 -0.0923187 -18.8154 -0.963783 -0.0044522 0.266651 238.221 
0.245044 0.0973624 0.964611 -90.6945 -0.0344079 0.995191 -0.0917082 -18.9617 -0.968901 -0.0107177 0.247216 238.598 
0.225985 0.0977932 0.96921 -89.4161 -0.036079 0.995106 -0.0919937 -19.1011 -0.973463 -0.014179 0.228407 238.94 
0.207045 0.0961771 0.973592 -88.1638 -0.0366449 0.99522 -0.0905206 -19.245 -0.977645 -0.0169353 0.20958 239.246 
0.188405 0.0963626 0.977353 -86.9203 -0.0364749 0.995175 -0.0910885 -19.3803 -0.981414 -0.0184874 0.19101 239.519 
0.169724 0.0970154 0.980705 -85.6848 -0.0359028 0.995091 -0.092225 -19.5167 -0.984837 -0.0195573 0.172374 239.778 
0.15049 0.100856 0.983454 -84.4476 -0.0398944 0.994592 -0.0958936 -19.649 -0.987806 -0.0248033 0.1537 240.02 
0.131966 0.102825 0.985907 -83.211 -0.0401966 0.994342 -0.0983242 -19.7879 -0.990439 -0.0266546 0.135353 240.227 
0.114763 0.100234 0.988323 -81.9473 -0.0409554 0.994528 -0.0961075 -19.9284 -0.992548 -0.0294476 0.11824 240.414 
0.099019 0.0956967 0.990473 -80.7191 -0.0389114 0.994976 -0.0922416 -20.0641 -0.994325 -0.029407 0.102245 240.574 
0.0850145 0.0916482 0.992156 -79.524 -0.0387804 0.995311 -0.0886166 -20.1923 -0.995625 -0.0309425 0.08817 240.697 
0.0718701 0.0883883 0.99349 -78.3425 -0.0369763 0.995617 -0.0859026 -20.3183 -0.996728 -0.0305618 0.0748234 240.824 
0.0608104 0.0882889 0.994237 -77.1785 -0.0366973 0.995605 -0.0861658 -20.4501 -0.997475 -0.031246 0.0637831 240.937 
0.052121 0.0907119 0.994512 -76.0264 -0.0373782 0.995345 -0.0888289 -20.5725 -0.997941 -0.0325433 0.055269 241.024 
0.0453428 0.0923369 0.994695 -74.8733 -0.038645 0.995136 -0.0906162 -20.6996 -0.998224 -0.0343312 0.0486906 241.106 
0.0391315 0.0964024 0.994573 -73.7481 -0.0394825 0.994707 -0.094862 -20.8297 -0.998454 -0.0355561 0.0427306 241.186 
0.0333437 0.105067 0.993906 -72.6407 -0.0391524 0.993833 -0.103746 -20.9601 -0.998677 -0.0354545 0.0372517 241.258 
0.0281702 0.107622 0.993793 -71.5344 -0.0408586 0.99348 -0.10643 -21.0895 -0.998768 -0.0376068 0.0323838 241.324 
0.0243925 0.099333 0.994755 -70.428 -0.0400819 0.994348 -0.0983095 -21.2151 -0.998899 -0.0374736 0.0282361 241.376 
0.0217715 0.0895148 0.995748 -69.3262 -0.0390935 0.995298 -0.0886196 -21.3381 -0.998998 -0.0369979 0.0251685 241.428 
0.0205281 0.0859325 0.996089 -68.2416 -0.0383009 0.995636 -0.085104 -21.4516 -0.999055 -0.0364041 0.0237298 241.472 
0.0199422 0.0878757 0.995932 -67.1679 -0.0396299 0.995417 -0.0870367 -21.5663 -0.999015 -0.0377329 0.0233333 241.529 
0.0199639 0.0909657 0.995654 -66.1064 -0.0391673 0.995159 -0.0901351 -21.675 -0.999033 -0.0371976 0.0234302 241.579 
0.0218522 0.0934861 0.995381 -65.0475 -0.0416291 0.99484 -0.0925214 -21.7885 -0.998894 -0.039415 0.0256312 241.623 
0.023433 0.0940773 0.995289 -64.0084 -0.0436857 0.994708 -0.0929938 -21.9014 -0.998771 -0.0413008 0.0274188 241.683 
0.0264683 0.0958103 0.995048 -62.9756 -0.0448357 0.994509 -0.0945658 -22.0112 -0.998644 -0.0421106 0.0306186 241.737 
0.0296351 0.0968399 0.994859 -61.9544 -0.0471305 0.994324 -0.0953839 -22.1205 -0.998449 -0.0440615 0.0340311 241.803 
0.0341183 0.0980014 0.994601 -60.9482 -0.048426 0.994174 -0.0962981 -22.231 -0.998244 -0.0448791 0.0386653 241.869 
0.0400913 0.0971905 0.994458 -59.9319 -0.0492687 0.99424 -0.0951829 -22.3392 -0.997981 -0.0451797 0.0446489 241.937 
0.0465267 0.0958869 0.994304 -58.9202 -0.0482278 0.994437 -0.0936429 -22.4504 -0.997752 -0.0435962 0.0508922 242.011 
0.0537932 0.0949968 0.994023 -57.9184 -0.0458361 0.99465 -0.0925762 -22.5621 -0.9975 -0.0405822 0.0578597 242.085 
0.0609006 0.0959746 0.993519 -56.9342 -0.0445532 0.994636 -0.0933515 -22.6674 -0.997149 -0.0385793 0.0648499 242.171 
0.0675078 0.0957713 0.993112 -55.9423 -0.0454231 0.994645 -0.0928314 -22.7735 -0.996684 -0.0388434 0.0714966 242.267 
0.0742178 0.0944658 0.992758 -54.9541 -0.0461015 0.994764 -0.0912101 -22.8823 -0.996176 -0.0389982 0.0781842 242.37 
0.080624 0.0924384 0.992449 -53.9606 -0.0466408 0.99495 -0.0888823 -22.9851 -0.995653 -0.0391226 0.0845282 242.479 
0.0870837 0.0910224 0.992034 -52.9763 -0.0465434 0.995101 -0.087218 -23.0865 -0.995113 -0.0385773 0.0908936 242.592 
0.0937571 0.0916854 0.991364 -52.0038 -0.0467463 0.995058 -0.0876059 -23.1876 -0.994497 -0.038129 0.0975797 242.71 
0.100134 0.093824 0.99054 -51.0325 -0.046209 0.994908 -0.0895664 -23.2902 -0.9939 -0.0368032 0.10396 242.836 
0.106202 0.0954034 0.989757 -50.0685 -0.0464878 0.994775 -0.0908988 -23.3875 -0.993257 -0.036358 0.110082 242.972 
0.112173 0.0974498 0.988899 -49.1126 -0.0484486 0.994532 -0.0925093 -23.4881 -0.992507 -0.0375337 0.116281 243.11 
0.118289 0.0982685 0.988105 -48.1503 -0.0506917 0.994391 -0.0928252 -23.5883 -0.991684 -0.0391085 0.122607 243.254 
0.124557 0.0978491 0.987376 -47.2011 -0.0516371 0.994416 -0.0920327 -23.6899 -0.990868 -0.0395218 0.128914 243.408 
0.12992 0.0956365 0.986901 -46.2505 -0.0525588 0.994602 -0.0894637 -23.7894 -0.99013 -0.0402472 0.134246 243.568 
0.136109 0.0937214 0.986251 -45.2877 -0.0523886 0.994803 -0.0873042 -23.8937 -0.989308 -0.0397854 0.140311 243.73 
0.142416 0.0931085 0.985418 -44.3309 -0.0522954 0.994883 -0.0864449 -23.9889 -0.988424 -0.0392216 0.146557 243.892 
0.149326 0.094247 0.984286 -43.3866 -0.0519762 0.994819 -0.0873702 -24.0856 -0.987421 -0.0381128 0.153451 244.06 
0.156505 0.0943803 0.983157 -42.4556 -0.0493908 0.994926 -0.0876477 -24.1816 -0.986441 -0.0348416 0.160373 244.231 
0.165303 0.0956979 0.981589 -41.5213 -0.0478171 0.994888 -0.0889419 -24.2845 -0.985083 -0.0322343 0.169034 244.407 
