1 2.12261e-08 -2.11895e-08 0 2.12261e-08 1 2.10703e-08 0 -2.11895e-08 2.10703e-08 1 0 
0.999872 0.00171517 0.0159366 0.00735001 -0.00169714 0.999998 -0.00114191 0.00265571 -0.0159385 0.00111476 0.999872 0.122404 
0.999293 0.00484579 0.03728 0.0269882 -0.00482149 0.999988 -0.000740611 0.00166218 -0.0372832 0.000560384 0.999305 0.259251 
0.997893 0.006247 0.0645808 0.0548496 -0.00630493 0.99998 0.000693905 0.00248349 -0.0645752 -0.00109958 0.997912 0.412595 
0.995107 0.00607825 0.0986116 0.10536 -0.00639097 0.999976 0.00285616 0.003365 -0.0985918 -0.00347237 0.995122 0.587337 
0.990587 0.00293546 0.136852 0.165434 -0.00364098 0.999981 0.00490567 0.00320194 -0.136835 -0.00535773 0.990579 0.756222 
0.984294 1.23883e-05 0.176539 0.236466 -0.00092827 0.999987 0.00510564 0.00775204 -0.176537 -0.00518929 0.98428 0.939664 
0.975409 0.000235179 0.220403 0.317557 -0.00166545 0.999979 0.00630375 0.00911779 -0.220397 -0.00651577 0.975388 1.12634 
0.963175 0.000526263 0.268876 0.404927 -0.00307363 0.999954 0.00905345 0.0125607 -0.268859 -0.00954644 0.963132 1.32381 
0.948661 -0.00339166 0.316278 0.497732 -0.00182754 0.999867 0.016204 0.0103924 -0.316291 -0.0159501 0.948528 1.48668 
0.931557 -0.0125076 0.363379 0.627508 0.00403853 0.999702 0.024057 0.00888711 -0.363572 -0.020943 0.931331 1.67525 
0.909913 -0.0179408 0.41441 0.770293 0.00671267 0.99957 0.0285349 -0.00262228 -0.414744 -0.0231825 0.909643 1.88707 
0.884402 -0.0190833 0.466335 0.928089 0.00468312 0.999476 0.0320191 0.00805864 -0.466702 -0.0261338 0.884029 2.08735 
0.855687 -0.0215989 0.517043 1.06337 0.0031095 0.999325 0.0365998 0.00864319 -0.517485 -0.0297102 0.855177 2.26058 
0.822853 -0.0266718 0.567628 1.21 0.00421535 0.999157 0.0408378 0.00721096 -0.568239 -0.0312108 0.822271 2.42797 
0.78641 -0.0318017 0.616886 1.41195 0.00587769 0.999014 0.0440084 0.00974428 -0.617677 -0.0309827 0.785821 2.62033 
0.747677 -0.0360422 0.663083 1.62409 0.00660328 0.99888 0.0468489 0.00664142 -0.664029 -0.0306493 0.747078 2.80795 
0.706915 -0.0390688 0.706219 1.8602 0.00764126 0.998837 0.0476081 0.018417 -0.707258 -0.0282584 0.706391 3.00728 
0.664121 -0.0409703 0.746502 2.10747 0.00668838 0.998783 0.0488661 0.0225173 -0.747595 -0.0274601 0.663587 3.20205 
0.620659 -0.0410348 0.783006 2.39926 0.00159321 0.998694 0.0510754 0.0291086 -0.784079 -0.0304529 0.619914 3.40937 
0.577914 -0.0417494 0.815029 2.72182 -0.00169858 0.998627 0.0523586 0.0408718 -0.816096 -0.0316432 0.57705 3.62465 
0.537024 -0.043075 0.842466 3.07971 -0.00390968 0.998558 0.0535482 0.0509374 -0.843558 -0.0320504 0.536081 3.83362 
0.497708 -0.0452359 0.866164 3.45724 -0.00495692 0.998474 0.0549942 0.0687444 -0.867331 -0.0316645 0.496724 4.03581 
0.459829 -0.0449616 0.886869 3.86875 -0.00794928 0.998469 0.0547411 0.0848307 -0.887972 -0.0322215 0.458767 4.23046 
0.422884 -0.0441682 0.905107 4.3195 -0.00890114 0.998561 0.0528875 0.107999 -0.90614 -0.0304218 0.421883 4.42037 
0.388886 -0.0424816 0.920306 4.79501 -0.00779364 0.998749 0.0493959 0.134957 -0.921253 -0.0263819 0.388068 4.6047 
0.359073 -0.0407921 0.932418 5.30519 -0.00553752 0.998934 0.0458347 0.152038 -0.933293 -0.0216213 0.358464 4.7814 
0.333193 -0.0387199 0.942063 5.84712 -0.00429545 0.999084 0.0425827 0.183289 -0.942849 -0.0182348 0.332721 4.97617 
0.313058 -0.0382936 0.948962 6.41143 -0.00307658 0.999141 0.0413334 0.203308 -0.949729 -0.0158593 0.312671 5.14945 
0.298124 -0.038803 0.953738 7.00107 -0.00200966 0.999146 0.0412786 0.227107 -0.954525 -0.0142228 0.297791 5.34301 
0.286459 -0.0402321 0.957247 7.62568 -0.00113724 0.999103 0.0423316 0.24906 -0.958092 -0.0132149 0.286157 5.5371 
0.275466 -0.0422969 0.96038 8.27275 -0.00222466 0.999001 0.044636 0.267239 -0.961308 -0.0144322 0.275096 5.73674 
0.264864 -0.043836 0.963289 8.9494 -0.00346115 0.998917 0.046409 0.295539 -0.96428 -0.0156261 0.264425 5.93184 
0.254801 -0.0456749 0.965914 9.65247 -0.00436461 0.998819 0.0483823 0.319725 -0.966984 -0.0165437 0.254301 6.12467 
0.244119 -0.0476387 0.968574 10.384 -0.00563292 0.998706 0.0505405 0.348348 -0.969729 -0.0177938 0.243535 6.33142 
0.233831 -0.0489648 0.971043 11.1298 -0.00572128 0.998645 0.0517343 0.384077 -0.97226 -0.0176527 0.233234 6.51621 
0.223505 -0.0502364 0.973407 11.8944 -0.00578286 0.998585 0.0528636 0.417244 -0.974686 -0.0174444 0.222898 6.70076 
0.212936 -0.0526787 0.975645 12.6745 -0.00702469 0.998437 0.0554426 0.457603 -0.977041 -0.0186593 0.212234 6.8822 
0.201421 -0.0563822 0.977881 13.463 -0.00884164 0.998197 0.0593748 0.491043 -0.979465 -0.0206054 0.200559 7.0565 
0.189228 -0.0599409 0.980102 14.2704 -0.00947084 0.997977 0.0628627 0.534168 -0.981888 -0.0211778 0.188278 7.22381 
0.17608 -0.0621935 0.982409 15.0741 -0.0099535 0.997839 0.0649543 0.568848 -0.984326 -0.0212156 0.17508 7.38132 
0.162251 -0.0626519 0.984759 15.8795 -0.0104308 0.997818 0.0652014 0.608404 -0.986694 -0.0208508 0.161243 7.52315 
0.147795 -0.0614111 0.98711 16.6864 -0.0113562 0.997899 0.0637827 0.647392 -0.988953 -0.0206365 0.146787 7.65242 
0.131066 -0.0604377 0.98953 17.502 -0.0120266 0.99797 0.0625462 0.684109 -0.991301 -0.0200984 0.130074 7.77115 
0.110898 -0.0590255 0.992077 18.3232 -0.0145934 0.99803 0.061011 0.717174 -0.993725 -0.0212438 0.109818 7.8713 
0.0849705 -0.0578245 0.994704 19.1462 -0.0190088 0.998039 0.0596422 0.749775 -0.996202 -0.0239759 0.0837047 7.9583 
0.0541116 -0.0576076 0.996872 19.9783 -0.0231575 0.997994 0.0589295 0.780185 -0.998266 -0.0262739 0.0526689 8.01894 
0.0206721 -0.0571249 0.998153 20.8183 -0.0263132 0.997989 0.0576606 0.816959 -0.99944 -0.0274566 0.0191274 8.04428 
-0.0141734 -0.0564568 0.998304 21.6593 -0.0282092 0.99803 0.0560408 0.848221 -0.999502 -0.0273671 -0.0157381 8.04091 
-0.0481633 -0.0554042 0.997302 22.5053 -0.0292674 0.99811 0.0540357 0.875562 -0.998411 -0.0265859 -0.0496938 8.00518 
-0.0811725 -0.053236 0.995277 23.3474 -0.0310897 0.998222 0.050858 0.905829 -0.996215 -0.0268146 -0.0826832 7.9411 
-0.113937 -0.0505335 0.992202 24.1872 -0.0334755 0.998334 0.0470018 0.928508 -0.992924 -0.0278592 -0.115438 7.85487 
-0.146502 -0.0457681 0.988151 25.0212 -0.0302974 0.998668 0.0417634 0.952296 -0.988746 -0.02382 -0.147693 7.73238 
-0.178073 -0.0399538 0.983206 25.8498 -0.0249549 0.999037 0.0360775 0.968269 -0.983701 -0.0181113 -0.178899 7.57829 
-0.208386 -0.0336501 0.977468 26.6682 -0.0186017 0.999364 0.0304383 0.978356 -0.97787 -0.0118396 -0.208879 7.3983 
-0.237257 -0.0277713 0.97105 27.4857 -0.0123902 0.999597 0.0255605 0.985799 -0.971368 -0.00596706 -0.237506 7.1935 
-0.264901 -0.0217825 0.96403 28.2926 -0.00334447 0.99976 0.0216708 0.98369 -0.96427 0.00251646 -0.26491 6.9614 
-0.290757 -0.010641 0.956738 29.0842 0.00446517 0.999912 0.0124782 0.972177 -0.956787 0.00790011 -0.290684 6.71287 
-0.316021 0.00471576 0.948741 29.8667 0.00852686 0.999961 -0.00213007 0.958162 -0.948714 0.00741663 -0.316049 6.45196 
-0.340769 0.0221086 0.939887 30.6364 0.0100579 0.999752 -0.0198701 0.933017 -0.940093 0.00268212 -0.340907 6.1797 
-0.365706 0.0370481 0.929993 31.3984 0.010195 0.999307 -0.0358003 0.902156 -0.930675 -0.00361108 -0.36583 5.88184 
-0.390006 0.047489 0.919587 32.138 0.014143 0.99886 -0.0455846 0.859936 -0.920704 -0.00477253 -0.390233 5.57776 
-0.413345 0.0514127 0.909122 32.8901 0.0169599 0.998666 -0.0487656 0.80795 -0.910417 -0.00473837 -0.413665 5.23631 
-0.43598 0.0510171 0.898509 33.631 0.0203079 0.998695 -0.0468517 0.754417 -0.899727 -0.00217958 -0.436448 4.8838 
-0.455942 0.04674 0.888781 34.3655 0.0236588 0.998904 -0.0403943 0.705086 -0.889695 0.00261002 -0.456548 4.5043 
-0.473407 0.0455288 0.879666 35.0855 0.0313301 0.998902 -0.0348392 0.654662 -0.880286 0.0110669 -0.474314 4.10562 
-0.487105 0.0459483 0.872134 35.7852 0.033172 0.998868 -0.034098 0.610573 -0.872713 0.0123211 -0.488078 3.72484 
-0.498082 0.0501422 0.865679 36.4809 0.0372984 0.998642 -0.0363835 0.565767 -0.866328 0.0141665 -0.499275 3.32689 
-0.50794 0.0524615 0.859794 37.1716 0.0374415 0.998545 -0.0388083 0.523287 -0.860578 0.0124796 -0.509165 2.92695 
-0.518782 0.0517399 0.85334 37.8531 0.0312796 0.998647 -0.041534 0.475447 -0.854334 0.005145 -0.519698 2.53428 
-0.529993 0.0502298 0.846513 38.5246 0.0304405 0.998728 -0.0402034 0.428062 -0.847456 0.00446077 -0.530848 2.1409 
-0.538554 0.0515345 0.841013 39.2091 0.0321473 0.998658 -0.0406085 0.390541 -0.841977 0.00516642 -0.539488 1.70501 
-0.545571 0.0546288 0.836282 39.8931 0.03547 0.998484 -0.0420846 0.340649 -0.837314 0.00670277 -0.546681 1.26136 
-0.548999 0.0573838 0.833851 40.5744 0.0367116 0.998333 -0.0445326 0.293326 -0.835017 0.00616372 -0.55019 0.824605 
-0.548838 0.0596623 0.833797 41.2818 0.0362863 0.99821 -0.0475418 0.250408 -0.835141 0.00416263 -0.55002 0.375334 
-0.545635 0.0596877 0.835895 42.0198 0.0376064 0.998199 -0.0467294 0.203977 -0.837179 0.00593777 -0.546897 -0.095122 
-0.5398 0.0586607 0.839747 42.7712 0.0352961 0.998269 -0.0470455 0.162147 -0.841053 0.00424464 -0.540936 -0.561228 
-0.533112 0.0572619 0.844105 43.5385 0.0329048 0.998355 -0.0469441 0.110629 -0.845405 0.00274867 -0.534119 -1.01585 
-0.526066 0.0569523 0.848534 44.3177 0.0315058 0.998375 -0.0474767 0.0600072 -0.84986 0.00175789 -0.527006 -1.4716 
-0.51987 0.0555862 0.852435 45.111 0.0287014 0.998454 -0.0476039 0.00804 -0.853763 -0.000281743 -0.520662 -1.92467 
-0.515703 0.0532599 0.85511 45.9414 0.0238836 0.998572 -0.0477915 -0.0428638 -0.856434 -0.00422316 -0.516239 -2.40274 
-0.514795 0.050533 0.855823 46.7717 0.0195794 0.998694 -0.0471915 -0.0949685 -0.85709 -0.00753752 -0.515112 -2.86054 
-0.515003 0.0480086 0.855843 47.6213 0.0168358 0.998804 -0.045897 -0.155251 -0.857023 -0.00922826 -0.515195 -3.34653 
-0.516283 0.0469801 0.855129 48.4964 0.0153542 0.998842 -0.0456054 -0.209689 -0.856281 -0.0104155 -0.516406 -3.83613 
-0.516859 0.0459524 0.854836 49.3604 0.0156073 0.998898 -0.0442599 -0.275295 -0.855928 -0.00953446 -0.517007 -4.33529 
-0.517502 0.0453587 0.854479 50.2314 0.015235 0.998924 -0.0437995 -0.331889 -0.855546 -0.00964838 -0.517636 -4.83096 
-0.518043 0.0445256 0.854195 51.1051 0.0150631 0.998964 -0.0429365 -0.385837 -0.855222 -0.00937611 -0.518177 -5.32873 
-0.518676 0.043893 0.853844 52.0092 0.0139126 0.998982 -0.0429027 -0.444551 -0.854858 -0.0103734 -0.518759 -5.84656 
-0.51924 0.0421578 0.853588 52.9207 0.0116137 0.999038 -0.0422768 -0.504058 -0.85455 -0.0120385 -0.51923 -6.36469 
-0.519311 0.0415781 0.853573 53.8087 0.0114377 0.999064 -0.0417064 -0.563941 -0.854509 -0.0118957 -0.519301 -6.88025 
-0.519171 0.0407669 0.853698 54.6849 0.0102788 0.999087 -0.0414587 -0.627086 -0.854609 -0.0127492 -0.519116 -7.37827 
-0.517876 0.039047 0.854564 55.5687 0.00973764 0.999162 -0.0397528 -0.691927 -0.855401 -0.0122656 -0.517822 -7.88977 
-0.516558 0.0369992 0.855452 56.4577 0.00974604 0.999255 -0.0373338 -0.748525 -0.856197 -0.0109478 -0.516534 -8.38442 
-0.514463 0.0353776 0.856783 57.3295 0.00929063 0.99932 -0.0356844 -0.804778 -0.857462 -0.0103983 -0.514442 -8.88049 
-0.512449 0.0350773 0.858001 58.2154 0.00950888 0.999336 -0.0351761 -0.865163 -0.858665 -0.00986732 -0.512442 -9.37987 
-0.510692 0.0352535 0.859041 59.0986 0.0100048 0.999335 -0.0350631 -0.925337 -0.859705 -0.00931198 -0.510705 -9.87947 
-0.510241 0.0357819 0.859287 59.97 0.00907075 0.999302 -0.0362262 -0.974582 -0.859983 -0.0106897 -0.51021 -10.366 
-0.51139 0.0370144 0.858551 60.8575 0.00845376 0.99924 -0.0380444 -1.03747 -0.859307 -0.0121975 -0.511315 -10.8653 
-0.514657 0.0387096 0.856522 61.7328 0.00716656 0.99914 -0.0408489 -1.09621 -0.857366 -0.0148848 -0.514491 -11.3596 
-0.519912 0.0391301 0.853323 62.5945 0.00598629 0.999093 -0.0421672 -1.15329 -0.854199 -0.016815 -0.519674 -11.8389 
-0.525409 0.037648 0.850017 63.475 0.00708797 0.99918 -0.0398733 -1.21639 -0.850821 -0.0149249 -0.525245 -12.3604 
-0.531094 0.0353869 0.846573 64.3536 0.0079473 0.999292 -0.0367848 -1.27348 -0.847275 -0.0128082 -0.530999 -12.8847 
-0.53661 0.0327659 0.843194 65.2176 0.00510285 0.999354 -0.0355867 -1.33336 -0.843815 -0.0147935 -0.536431 -13.4054 
-0.541933 0.0357365 0.839662 66.0728 0.00626801 0.99924 -0.0384827 -1.39088 -0.840398 -0.0155921 -0.541745 -13.9272 
-0.547218 0.0371776 0.836164 66.8977 0.00718314 0.999185 -0.0397249 -1.45142 -0.836959 -0.0157319 -0.547039 -14.4423 
-0.551767 0.0383307 0.833117 67.726 0.00621122 0.999104 -0.041854 -1.50649 -0.833975 -0.017919 -0.551511 -14.9685 
-0.555307 0.0385813 0.83075 68.5503 0.00534795 0.999068 -0.0428234 -1.56387 -0.831629 -0.0193373 -0.554996 -15.5019 
-0.558627 0.0378886 0.828554 69.3632 0.00589512 0.999112 -0.0417133 -1.61948 -0.829398 -0.0184178 -0.558354 -16.0325 
-0.56096 0.0314047 0.827247 70.1863 0.00665704 0.999419 -0.0334266 -1.67033 -0.827816 -0.0132439 -0.560843 -16.5748 
-0.562957 0.0230246 0.826166 71.0115 0.00694217 0.999708 -0.0231306 -1.72823 -0.826457 -0.00728614 -0.562952 -17.1257 
-0.564378 0.0216693 0.825232 71.8199 0.00802725 0.999752 -0.020762 -1.77075 -0.825478 -0.00509326 -0.564412 -17.659 
-0.565634 0.0258698 0.824251 72.6167 0.00749534 0.999628 -0.0262305 -1.80992 -0.824622 -0.00865882 -0.565617 -18.1843 
-0.566793 0.0324447 0.823221 73.4125 0.00924094 0.999412 -0.0330262 -1.851 -0.823808 -0.0111117 -0.566759 -18.7171 
-0.567359 0.036126 0.822678 74.2077 0.0140437 0.999316 -0.0341974 -1.89282 -0.823351 -0.00784878 -0.567479 -19.2474 
-0.567598 0.0377495 0.82244 74.9995 0.0174433 0.999275 -0.0338278 -1.94057 -0.823121 -0.00485452 -0.567845 -19.778 
-0.56705 0.0344705 0.822962 75.7935 0.0155255 0.999394 -0.0311628 -1.98136 -0.823537 -0.00489397 -0.567242 -20.3118 
-0.566235 0.0301002 0.823694 76.5811 0.0144383 0.999542 -0.0266009 -2.02128 -0.824117 -0.00316964 -0.566411 -20.837 
-0.565438 0.0230516 0.824468 77.3744 0.0106707 0.99973 -0.0206336 -2.06352 -0.824722 -0.00286942 -0.565532 -21.3572 
-0.565177 0.0174324 0.824785 78.1661 0.00207973 0.999804 -0.0197064 -2.10189 -0.824967 -0.00942227 -0.565102 -21.8597 
-0.563383 0.0124361 0.826103 78.9601 -0.0053344 0.999811 -0.018689 -2.13261 -0.826179 -0.0149358 -0.56321 -22.3674 
-0.561678 0.0133264 0.827249 79.7447 -0.00218017 0.999843 -0.0175871 -2.16715 -0.827353 -0.0116818 -0.56156 -22.8777 
-0.558755 0.0164697 0.829169 80.5285 0.00188602 0.999825 -0.0185885 -2.20729 -0.829331 -0.00882259 -0.558688 -23.3872 
-0.553427 0.0198244 0.832662 81.3115 0.00394491 0.999768 -0.0211809 -2.23947 -0.832888 -0.00843732 -0.553377 -23.8904 
-0.545584 0.0221489 0.837764 82.0995 0.00850222 0.999746 -0.0208944 -2.27094 -0.838013 -0.00427682 -0.545633 -24.3967 
-0.537732 0.0254944 0.84273 82.8946 0.0155759 0.999673 -0.0203035 -2.3085 -0.842972 0.00220843 -0.537953 -24.8931 
-0.528167 0.0246104 0.848784 83.6991 0.0129298 0.999697 -0.0209403 -2.34189 -0.849042 -8.53754e-05 -0.528325 -25.3731 
-0.517354 0.0224734 0.855476 84.5041 0.010768 0.999747 -0.0197513 -2.37329 -0.855704 -0.00100665 -0.517465 -25.8322 
-0.506004 0.0194104 0.862313 85.317 0.0113775 0.99981 -0.0158291 -2.41043 -0.862456 0.00180134 -0.506129 -26.2841 
-0.495209 0.0189689 0.868567 86.1304 0.0109012 0.999819 -0.0156201 -2.44152 -0.868706 0.00173323 -0.495326 -26.723 
-0.483736 0.0182378 0.875024 86.9455 0.0110346 0.999831 -0.0147389 -2.46677 -0.875144 0.00252581 -0.483855 -27.145 
-0.471524 0.0196166 0.881635 87.7657 0.0131303 0.999798 -0.0152232 -2.49961 -0.881756 0.00439802 -0.471686 -27.5709 
-0.459997 0.0234472 0.887611 88.5969 0.0133642 0.999721 -0.0194828 -2.54031 -0.88782 0.00290022 -0.460182 -27.9758 
-0.448277 0.0328829 0.89329 89.4174 0.0160906 0.999458 -0.0287163 -2.57473 -0.89375 0.00150072 -0.448563 -28.3765 
-0.436004 0.0377919 0.899151 90.2558 0.0165163 0.999286 -0.0339917 -2.6123 -0.899793 3.01032e-05 -0.436317 -28.7593 
-0.424619 0.0344593 0.904716 91.1041 0.0148045 0.999406 -0.0311176 -2.65694 -0.905251 0.000180762 -0.424877 -29.1378 
-0.412983 0.0308321 0.910217 91.948 0.0131515 0.999525 -0.0278901 -2.70218 -0.910644 0.000452606 -0.413192 -29.5026 
-0.403544 0.0317571 0.914409 92.7842 0.0106129 0.999493 -0.0300284 -2.74813 -0.914899 -0.00241325 -0.403677 -29.8451 
-0.396944 0.0358035 0.917144 93.6221 0.00538874 0.999313 -0.0366789 -2.79781 -0.917827 -0.00961721 -0.396864 -30.1801 
-0.392321 0.0404554 0.918938 94.4481 -0.00104339 0.999012 -0.044426 -2.84447 -0.919828 -0.0183881 -0.391891 -30.5018 
-0.388819 0.0422936 0.920343 95.2872 -0.0038928 0.998861 -0.0475464 -2.89966 -0.921306 -0.0220697 -0.388212 -30.8341 
-0.385078 0.0420034 0.921928 96.1272 -0.00539203 0.998844 -0.0477599 -2.9557 -0.922868 -0.0233623 -0.384406 -31.1657 
-0.379973 0.0421621 0.924036 96.9581 -0.00584995 0.998831 -0.0479804 -3.0132 -0.924979 -0.0236368 -0.379282 -31.4891 
-0.374194 0.0377896 0.92658 97.7962 -0.0089797 0.998975 -0.0443685 -3.07009 -0.927307 -0.0249228 -0.373471 -31.8064 
-0.369094 0.0340973 0.928766 98.6435 -0.00904943 0.999148 -0.0402774 -3.12605 -0.929348 -0.023271 -0.368471 -32.1209 
-0.363267 0.0314571 0.931154 99.4987 -0.0105758 0.999226 -0.0378826 -3.17744 -0.931625 -0.0236092 -0.362654 -32.4308 
-0.357579 0.0295899 0.933414 100.344 -0.0193575 0.999048 -0.0390861 -3.22634 -0.933682 -0.0320449 -0.356666 -32.7251 
-0.351638 0.0297592 0.935663 101.191 -0.0267679 0.998766 -0.041826 -3.27453 -0.935753 -0.0397533 -0.350408 -33.0085 
-0.344896 0.0338928 0.938029 102.031 -0.0254117 0.998644 -0.0454263 -3.32838 -0.938297 -0.0395043 -0.343567 -33.3009 
-0.337959 0.0369617 0.940435 102.873 -0.0236407 0.99858 -0.0477426 -3.38409 -0.940864 -0.0383675 -0.336605 -33.5868 
-0.331953 0.0352415 0.942637 103.736 -0.0250309 0.998621 -0.0461492 -3.43408 -0.942964 -0.0389144 -0.330613 -33.8615 
-0.325136 0.0306501 0.94517 104.595 -0.0257546 0.998817 -0.0412493 -3.48692 -0.945316 -0.0377541 -0.323962 -34.1332 
-0.318364 0.027888 0.947558 105.451 -0.0273744 0.99888 -0.0385958 -3.54141 -0.947573 -0.0382263 -0.317243 -34.399 
-0.311988 0.0311061 0.949577 106.302 -0.0292914 0.998674 -0.0423382 -3.59056 -0.949634 -0.0410235 -0.310663 -34.6589 
-0.305766 0.0339305 0.951502 107.163 -0.0285097 0.99859 -0.0447713 -3.64075 -0.95168 -0.0408166 -0.304368 -34.9134 
-0.298926 0.034295 0.95366 108.017 -0.031137 0.998471 -0.0456664 -3.695 -0.953768 -0.0433449 -0.297401 -35.1585 
-0.292459 0.0335914 0.955688 108.88 -0.0312745 0.998512 -0.0446672 -3.75373 -0.955767 -0.042952 -0.290973 -35.3939 
-0.284222 0.0333901 0.958177 109.732 -0.0270782 0.998715 -0.0428349 -3.81185 -0.958376 -0.0381203 -0.282952 -35.632 
-0.276637 0.0343599 0.96036 110.591 -0.0244982 0.998784 -0.0427914 -3.8674 -0.960662 -0.0353648 -0.275459 -35.8648 
-0.27014 0.0345736 0.9622 111.45 -0.0241089 0.998799 -0.0426572 -3.92191 -0.962519 -0.034721 -0.268982 -36.0888 
-0.263587 0.0334343 0.964056 112.311 -0.0305386 0.998609 -0.0429823 -3.97107 -0.964152 -0.0407705 -0.262199 -36.2959 
-0.257707 0.0316502 0.965705 113.193 -0.0347878 0.998511 -0.0420088 -4.0224 -0.965597 -0.0444207 -0.256223 -36.4997 
-0.253532 0.0317236 0.966807 114.063 -0.032272 0.998628 -0.0412306 -4.0731 -0.966788 -0.041654 -0.252161 -36.7036 
-0.248826 0.0319074 0.968023 114.932 -0.0303866 0.998708 -0.0407295 -4.13095 -0.968071 -0.0395495 -0.247535 -36.9087 
-0.244201 0.0334263 0.969148 115.802 -0.029449 0.998689 -0.0418656 -4.17919 -0.969277 -0.0387641 -0.242897 -37.1101 
-0.238287 0.0323427 0.970656 116.674 -0.0235475 0.998959 -0.0390664 -4.22831 -0.970909 -0.0321655 -0.237278 -37.3119 
-0.232951 0.0313573 0.971983 117.543 -0.0159684 0.999222 -0.0360631 -4.27826 -0.972357 -0.0239219 -0.232269 -37.5131 
-0.227855 0.0301309 0.973229 118.42 -0.0141983 0.999312 -0.0342626 -4.33297 -0.973592 -0.0216251 -0.22727 -37.7068 
-0.223928 0.031876 0.974084 119.297 -0.0160195 0.99921 -0.0363809 -4.37818 -0.974474 -0.0237511 -0.223241 -37.8856 
-0.220403 0.0337609 0.974824 120.164 -0.0175457 0.999102 -0.0385686 -4.42322 -0.975251 -0.0256046 -0.219613 -38.0597 
-0.218618 0.0333825 0.975239 121.037 -0.0198492 0.999056 -0.0386473 -4.4707 -0.975609 -0.0278068 -0.217749 -38.2332 
-0.217381 0.0320059 0.975562 121.907 -0.0202598 0.999099 -0.0372925 -4.52203 -0.975876 -0.0278714 -0.216537 -38.4113 
-0.21641 0.0276902 0.97591 122.788 -0.0189914 0.999289 -0.0325649 -4.56654 -0.976118 -0.0255813 -0.21573 -38.5926 
-0.215331 0.0223468 0.976285 123.659 -0.0197829 0.999433 -0.02724 -4.61434 -0.976341 -0.0251794 -0.214767 -38.7656 
-0.214514 0.020444 0.976507 124.525 -0.0197489 0.999486 -0.0252634 -4.65498 -0.976521 -0.0247043 -0.214 -38.94 
-0.213208 0.0251115 0.976684 125.369 -0.0198738 0.999351 -0.0300327 -4.69773 -0.976805 -0.0258137 -0.212571 -39.1066 
-0.213714 0.0288637 0.97647 126.218 -0.0205619 0.999209 -0.0340361 -4.7367 -0.97668 -0.0273521 -0.212952 -39.2673 
-0.213623 0.028008 0.976515 127.075 -0.0241329 0.999133 -0.033936 -4.77742 -0.976618 -0.0308156 -0.212762 -39.4337 
-0.213041 0.0270573 0.976669 127.92 -0.0259823 0.999106 -0.0333464 -4.82414 -0.976698 -0.0324802 -0.212147 -39.6006 
-0.212198 0.0276288 0.976836 128.763 -0.021304 0.999232 -0.0328901 -4.87313 -0.976995 -0.0277897 -0.211446 -39.7731 
-0.211217 0.0303651 0.976967 129.601 -0.0233572 0.999075 -0.0361019 -4.91016 -0.97716 -0.0304446 -0.210313 -39.9387 
-0.211863 0.0311595 0.976803 130.439 -0.0325234 0.998713 -0.0389125 -4.95543 -0.976758 -0.0400131 -0.210577 -40.0859 
-0.211439 0.0323776 0.976855 131.267 -0.0383483 0.998407 -0.0413923 -5.00671 -0.976639 -0.0462127 -0.20986 -40.2384 
-0.211203 0.0360583 0.976777 132.095 -0.0349808 0.9984 -0.0444202 -5.05758 -0.976816 -0.0435501 -0.209603 -40.4033 
-0.210599 0.0373013 0.976861 132.926 -0.0334325 0.998412 -0.0453319 -5.10988 -0.977001 -0.0422058 -0.209018 -40.5693 
-0.209007 0.0383201 0.977163 133.736 -0.0341907 0.998335 -0.0464634 -5.16402 -0.977316 -0.043121 -0.207349 -40.7205 
-0.207295 0.0370941 0.977575 134.546 -0.0272734 0.998673 -0.043678 -5.22104 -0.977898 -0.035716 -0.206008 -40.8819 
-0.203655 0.0341602 0.978447 135.353 -0.0217525 0.998987 -0.0394048 -5.27244 -0.978801 -0.0293086 -0.202705 -41.0481 
-0.201089 0.0293208 0.979134 136.172 -0.0157995 0.999325 -0.0331702 -5.32936 -0.979446 -0.02214 -0.20049 -41.2136 
-0.197707 0.0283896 0.97985 136.957 -0.0143788 0.999389 -0.0318569 -5.38165 -0.980156 -0.0203874 -0.197178 -41.3566 
-0.193047 0.0334903 0.980618 137.749 -0.0139196 0.999223 -0.036866 -5.42535 -0.981091 -0.0207667 -0.192431 -41.4979 
-0.186159 0.0370321 0.981822 138.544 -0.0121371 0.999127 -0.039986 -5.46612 -0.982445 -0.0193602 -0.185547 -41.6364 
-0.178266 0.0376373 0.983262 139.34 -0.0125522 0.9991 -0.0405193 -5.50691 -0.983902 -0.0195653 -0.177633 -41.7623 
-0.168882 0.033225 0.985076 140.14 -0.0106601 0.999312 -0.0355327 -5.55413 -0.985579 -0.0165018 -0.168411 -41.8821 
-0.156819 0.0318594 0.987113 140.933 -0.00605927 0.99943 -0.0332195 -5.59906 -0.987609 -0.0111906 -0.156537 -41.9972 
-0.143027 0.034472 0.989118 141.719 -0.0020583 0.999381 -0.0351272 -5.63762 -0.989717 -0.00706005 -0.142868 -42.0988 
-0.128818 0.0359865 0.991015 142.501 -0.00209746 0.999329 -0.036561 -5.67675 -0.991666 -0.00678836 -0.128657 -42.1881 
-0.114729 0.0359082 0.992748 143.289 0.000476266 0.999348 -0.0360919 -5.72064 -0.993397 -0.00366797 -0.114671 -42.2661 
-0.101357 0.0378553 0.99413 144.068 0.00155325 0.999281 -0.037893 -5.76431 -0.994849 -0.00229659 -0.101343 -42.3303 
-0.0877798 0.0439876 0.995168 144.83 -0.00142119 0.999018 -0.0442831 -5.81587 -0.996139 -0.00530148 -0.0876311 -42.3752 
-0.0749977 0.0528535 0.995782 145.596 -0.00920502 0.998515 -0.0536918 -5.86602 -0.997141 -0.013193 -0.0743999 -42.4045 
-0.0612135 0.060717 0.996276 146.353 -0.0128986 0.998017 -0.0616156 -5.91775 -0.998041 -0.0166222 -0.0603089 -42.4269 
-0.0481887 0.0613254 0.996954 147.118 -0.0135615 0.997981 -0.0620441 -5.97075 -0.998746 -0.01651 -0.0472597 -42.4458 
-0.0362216 0.0576689 0.997678 147.888 -0.0178979 0.998136 -0.0583451 -6.02592 -0.999184 -0.0199697 -0.035122 -42.4533 
-0.0255981 0.0554097 0.998136 148.647 -0.0220767 0.998188 -0.0559788 -6.08559 -0.999429 -0.0234685 -0.0243285 -42.4482 
-0.0168383 0.061813 0.997946 149.4 -0.0263025 0.997714 -0.0622424 -6.147 -0.999512 -0.0272965 -0.015174 -42.4381 
-0.00998751 0.0695231 0.99753 150.149 -0.0290586 0.997139 -0.0697867 -6.2059 -0.999528 -0.0296838 -0.00793869 -42.4275 
-0.00701697 0.0724903 0.997344 150.898 -0.0324488 0.996827 -0.072681 -6.26121 -0.999449 -0.0328726 -0.00464249 -42.412 
-0.00660194 0.0677446 0.997681 151.656 -0.0340954 0.997107 -0.0679312 -6.3249 -0.999397 -0.0344648 -0.00427307 -42.4044 
-0.00833963 0.0633585 0.997956 152.404 -0.0355748 0.99734 -0.0636166 -6.39287 -0.999332 -0.0360326 -0.00606348 -42.3935 
-0.0108927 0.0606957 0.998097 153.155 -0.0337125 0.997566 -0.0610313 -6.44836 -0.999372 -0.0343131 -0.00881998 -42.3933 
-0.0138161 0.0608682 0.99805 153.897 -0.03184 0.997613 -0.0612822 -6.50222 -0.999398 -0.0326246 -0.011845 -42.3927 
-0.017132 0.0609105 0.997996 154.641 -0.0298141 0.997668 -0.0614022 -6.56242 -0.999409 -0.0308063 -0.0152761 -42.3985 
-0.021902 0.0592348 0.998004 155.385 -0.0313322 0.997712 -0.0599051 -6.62106 -0.999269 -0.0325817 -0.019996 -42.3967 
-0.0275875 0.0594606 0.997849 156.114 -0.0317906 0.997672 -0.0603289 -6.67412 -0.999114 -0.0333866 -0.025633 -42.397 
-0.0332207 0.0573545 0.997801 156.856 -0.0332945 0.997734 -0.0584592 -6.72891 -0.998893 -0.0351633 -0.0312358 -42.4145 
-0.0387992 0.054937 0.997736 157.592 -0.0307722 0.997948 -0.0561453 -6.78496 -0.998773 -0.0328809 -0.0370291 -42.4366 
-0.0444709 0.0549809 0.997497 158.322 -0.0317577 0.997902 -0.0564191 -6.83728 -0.998506 -0.0341872 -0.0426315 -42.4547 
-0.0496738 0.0561531 0.997186 159.047 -0.0333194 0.997769 -0.0578457 -6.88955 -0.99821 -0.036099 -0.047692 -42.4769 
-0.0541103 0.0586398 0.996812 159.778 -0.0339248 0.99759 -0.0605271 -6.94368 -0.997959 -0.0370918 -0.0519905 -42.495 
-0.0563075 0.0610013 0.996548 160.497 -0.0339497 0.997438 -0.0629739 -7.0003 -0.997836 -0.0373784 -0.0540922 -42.5279 
-0.0578773 0.0623344 0.996376 161.209 -0.0314377 0.99744 -0.0642271 -7.05382 -0.997829 -0.035041 -0.0557695 -42.5587 
-0.0571355 0.0608254 0.996512 161.92 -0.0282669 0.997644 -0.0625151 -7.10879 -0.997966 -0.0317401 -0.0552815 -42.5918 
-0.0527589 0.0572844 0.996963 162.631 -0.0260583 0.997934 -0.0587192 -7.16496 -0.998267 -0.0290771 -0.0511572 -42.6237 
-0.0452364 0.0572844 0.997333 163.33 -0.0248176 0.997982 -0.0584473 -7.21994 -0.998668 -0.0273953 -0.0437235 -42.6424 
-0.0341453 0.057973 0.997734 164.023 -0.0222998 0.998023 -0.058753 -7.27323 -0.999168 -0.0242554 -0.032785 -42.6513 
-0.0199144 0.0584621 0.998091 164.713 -0.0200609 0.998065 -0.0588608 -7.32248 -0.9996 -0.0211948 -0.018703 -42.651 
-0.00415972 0.056014 0.998421 165.403 -0.0207769 0.99821 -0.0560886 -7.37221 -0.999776 -0.0209774 -0.00298848 -42.6373 
0.0117102 0.0514556 0.998607 166.087 -0.0257815 0.998359 -0.0511405 -7.41946 -0.999599 -0.0251467 0.0130176 -42.6014 
0.0281317 0.0449784 0.998592 166.771 -0.0271868 0.998652 -0.0442152 -7.46392 -0.999234 -0.0259047 0.0293166 -42.561 
0.045409 0.0376896 0.998257 167.449 -0.0274037 0.998959 -0.0364695 -7.50309 -0.998593 -0.0256999 0.0463946 -42.5124 
0.0631634 0.0301752 0.997547 168.124 -0.028366 0.999193 -0.0284289 -7.53916 -0.9976 -0.0265007 0.0639684 -42.4512 
0.0801597 0.0242869 0.996486 168.789 -0.0298555 0.999313 -0.0219541 -7.57247 -0.996335 -0.0279908 0.0808297 -42.3745 
0.098424 0.0219851 0.994902 169.445 -0.030621 0.999349 -0.019054 -7.60366 -0.994673 -0.0285895 0.0990332 -42.2906 
0.116253 0.0204098 0.99301 170.096 -0.0290556 0.999431 -0.0171402 -7.62801 -0.992795 -0.0268599 0.11678 -42.1973 
0.133354 0.02006 0.990865 170.731 -0.0303643 0.999409 -0.0161464 -7.64698 -0.990603 -0.0279337 0.133885 -42.0884 
0.149407 0.0192537 0.988588 171.366 -0.0354609 0.999272 -0.0141025 -7.66556 -0.98814 -0.0329492 0.149981 -41.966 
0.164203 0.0155898 0.986303 172.001 -0.0374931 0.999251 -0.00955247 -7.68747 -0.985714 -0.0354111 0.164664 -41.8386 
0.176727 0.0117457 0.98419 172.627 -0.0338067 0.999411 -0.00585678 -7.7042 -0.983679 -0.0322372 0.17702 -41.7143 
0.187455 0.0105335 0.982217 173.244 -0.0313674 0.999497 -0.00473231 -7.71969 -0.981772 -0.0299225 0.187691 -41.5834 
0.197693 0.0143777 0.980158 173.851 -0.0357759 0.999332 -0.00744305 -7.73834 -0.979611 -0.0335946 0.198076 -41.4414 
0.206779 0.0214959 0.978152 174.448 -0.0399265 0.999111 -0.0135161 -7.75688 -0.977573 -0.0362593 0.207454 -41.2925 
0.216229 0.031624 0.97583 175.04 -0.0400559 0.998921 -0.0234965 -7.77469 -0.975521 -0.0340071 0.217263 -41.1495 
0.224917 0.0372291 0.973667 175.634 -0.0340222 0.998961 -0.0303371 -7.7918 -0.973784 -0.0263029 0.22595 -41.0107 
0.231443 0.0352393 0.97221 176.234 -0.0328516 0.999057 -0.0283918 -7.8091 -0.972294 -0.0253676 0.232382 -40.8548 
0.237386 0.0278157 0.971017 176.845 -0.0358304 0.999161 -0.0198623 -7.82756 -0.970755 -0.0300769 0.238183 -40.6844 
0.241862 0.0173199 0.970156 177.459 -0.0406401 0.999144 -0.00770568 -7.84951 -0.969459 -0.0375635 0.242359 -40.5085 
0.24414 0.00911139 0.969697 178.073 -0.0407089 0.999171 0.000860972 -7.87109 -0.968885 -0.0396855 0.244308 -40.3393 
0.244917 0.00877887 0.969504 178.681 -0.0376386 0.999291 0.000459741 -7.88225 -0.968813 -0.0366034 0.245073 -40.1744 
0.246492 0.010403 0.969089 179.28 -0.0338675 0.999424 -0.0021142 -7.89759 -0.968553 -0.0322995 0.246702 -40.0218 
0.248044 0.00999834 0.968697 179.888 -0.0306554 0.999527 -0.00246689 -7.9019 -0.968264 -0.0290839 0.248234 -39.8554 
0.249849 0.00768171 0.968254 180.5 -0.0320669 0.999486 0.000345134 -7.90907 -0.967754 -0.0311351 0.249967 -39.6825 
0.252683 0.0040325 0.967541 181.114 -0.0321805 0.999473 0.00423872 -7.91552 -0.967014 -0.0322069 0.25268 -39.5083 
0.255695 -0.00110019 0.966757 181.732 -0.0320335 0.999441 0.0096099 -7.92308 -0.966227 -0.0334258 0.255517 -39.3324 
0.26012 -0.00383572 0.965569 182.344 -0.030699 0.999454 0.0122406 -7.92616 -0.965088 -0.032826 0.259861 -39.153 
0.266583 -0.00601791 0.963793 182.972 -0.0289494 0.999479 0.0142481 -7.9242 -0.963377 -0.0316996 0.26627 -38.9679 
0.274474 -0.0090734 0.961552 183.598 -0.0274507 0.999474 0.0172671 -7.92245 -0.961203 -0.0311347 0.274081 -38.7742 
0.284172 -0.0111564 0.958708 184.223 -0.0247965 0.999512 0.0189813 -7.92832 -0.958453 -0.0291666 0.283757 -38.5734 
0.295386 -0.00934643 0.955332 184.842 -0.0260441 0.999502 0.0178314 -7.93316 -0.955023 -0.0301479 0.294996 -38.362 
0.307032 -0.00596677 0.951681 185.463 -0.0272219 0.999516 0.0150491 -7.93773 -0.95131 -0.0305271 0.306721 -38.1431 
0.319442 -0.00290561 0.947602 186.093 -0.0282165 0.999523 0.0125768 -7.93701 -0.947186 -0.0307555 0.319207 -37.9248 
0.331493 -0.00275886 0.943454 186.727 -0.0262746 0.999581 0.0121549 -7.93234 -0.943092 -0.0288181 0.331282 -37.6935 
0.342811 -0.00584281 0.939386 187.353 -0.0256951 0.999548 0.015594 -7.93161 -0.939053 -0.0294834 0.342506 -37.4443 
0.353583 -0.00716405 0.935376 187.977 -0.027062 0.999474 0.0178848 -7.93413 -0.935012 -0.0316368 0.353203 -37.1812 
0.364952 -0.00772167 0.930994 188.609 -0.0285309 0.999403 0.0194733 -7.93166 -0.930589 -0.0336689 0.364514 -36.9075 
0.374483 -0.00896883 0.92719 189.245 -0.0324418 0.999214 0.0227685 -7.9283 -0.926666 -0.0386061 0.373898 -36.6238 
0.381639 -0.00823174 0.924275 189.874 -0.0361116 0.999064 0.0238086 -7.92542 -0.923606 -0.0424633 0.380984 -36.3442 
0.386396 -0.0113773 0.922263 190.519 -0.0361639 0.998968 0.0274751 -7.92352 -0.921624 -0.0439689 0.385586 -36.0633 
0.38881 -0.0152006 0.921192 191.172 -0.0327206 0.999005 0.0302951 -7.91108 -0.920737 -0.041921 0.387926 -35.7776 
0.389132 -0.01445 0.921069 191.82 -0.0284063 0.999213 0.0276771 -7.90165 -0.920744 -0.0369342 0.388415 -35.4976 
0.38788 -0.0140024 0.921604 192.483 -0.0272134 0.999275 0.026636 -7.89503 -0.921308 -0.0354115 0.387218 -35.2056 
0.387308 -0.0129181 0.92186 193.156 -0.0235437 0.999437 0.0238968 -7.88472 -0.92165 -0.0309594 0.386786 -34.9138 
0.387128 -0.0149328 0.921905 193.837 -0.0201218 0.999494 0.0246392 -7.87371 -0.921806 -0.0280889 0.386631 -34.6234 
0.38628 -0.0209831 0.922143 194.531 -0.0168584 0.999414 0.0298033 -7.866 -0.922227 -0.0270583 0.3857 -34.3242 
0.38499 -0.0234338 0.922623 195.213 -0.0170237 0.999327 0.0324857 -7.85383 -0.922764 -0.0282131 0.384332 -34.0261 
0.383564 -0.0260467 0.923147 195.908 -0.0158473 0.999269 0.034779 -7.84298 -0.923379 -0.0279693 0.382871 -33.7278 
0.382355 -0.0261551 0.923645 196.592 -0.0167256 0.99924 0.0352195 -7.82853 -0.923864 -0.0289149 0.381627 -33.4328 
0.380462 -0.0262306 0.924424 197.276 -0.0184896 0.999182 0.0359616 -7.81504 -0.924612 -0.0307743 0.379666 -33.1359 
0.378835 -0.025202 0.925121 197.971 -0.0193855 0.999194 0.0351583 -7.80532 -0.925261 -0.0312531 0.378041 -32.8391 
0.377431 -0.0218452 0.92578 198.657 -0.0184711 0.999345 0.0311116 -7.79551 -0.925854 -0.0288426 0.37678 -32.5435 
0.377093 -0.0158621 0.926039 199.348 -0.0183053 0.99953 0.0245751 -7.78183 -0.925994 -0.0262185 0.376626 -32.2553 
0.375926 -0.0127907 0.926562 200.04 -0.0207702 0.999537 0.0222251 -7.76854 -0.926417 -0.0275999 0.375486 -31.9634 
0.374433 -0.0156248 0.927122 200.729 -0.0218527 0.999432 0.025669 -7.76166 -0.926997 -0.0298714 0.373879 -31.6698 
0.373412 -0.018662 0.927478 201.417 -0.0233129 0.999293 0.0294931 -7.75275 -0.927373 -0.0326353 0.372713 -31.3767 
0.370986 -0.0179843 0.928464 202.111 -0.0271487 0.999175 0.0302019 -7.74567 -0.928241 -0.0364111 0.370192 -31.0881 
0.366196 -0.0179299 0.930365 202.81 -0.0295898 0.999084 0.0309009 -7.73477 -0.930067 -0.0388451 0.36533 -30.7924 
0.359603 -0.0192191 0.932908 203.502 -0.0294268 0.999057 0.0319249 -7.72172 -0.932641 -0.0389328 0.358698 -30.5168 
0.350801 -0.0195146 0.936247 204.188 -0.0291693 0.99907 0.0317536 -7.71307 -0.935996 -0.0384489 0.349906 -30.2563 
0.340639 -0.0186108 0.94001 204.882 -0.026764 0.999207 0.0294815 -7.71279 -0.939813 -0.035201 0.33987 -29.9963 
0.329705 -0.0150681 0.943964 205.571 -0.027967 0.999278 0.0257193 -7.70177 -0.94367 -0.0348796 0.329046 -29.7419 
0.318406 -0.0149327 0.947837 206.265 -0.0309494 0.999179 0.0261385 -7.68956 -0.947449 -0.0376576 0.317683 -29.4997 
0.307399 -0.0228612 0.951306 206.977 -0.0263568 0.999123 0.0325272 -7.67658 -0.951216 -0.0350722 0.306527 -29.2658 
0.298944 -0.0312775 0.953758 207.688 -0.0221484 0.998966 0.0397023 -7.66368 -0.954014 -0.032993 0.297942 -29.0455 
0.291987 -0.0367971 0.955714 208.397 -0.0217701 0.998745 0.045105 -7.64836 -0.956175 -0.033976 0.29082 -28.8217 
0.287828 -0.0376177 0.956943 209.105 -0.0273612 0.998497 0.0474809 -7.6289 -0.957291 -0.0398494 0.286366 -28.5909 
0.285441 -0.0395779 0.957579 209.815 -0.0265097 0.998439 0.0491689 -7.60707 -0.95803 -0.03942 0.283946 -28.3708 
0.283916 -0.0407167 0.957984 210.531 -0.0253325 0.998431 0.0499436 -7.58604 -0.958515 -0.0384479 0.282439 -28.1496 
0.283259 -0.0388671 0.958256 211.246 -0.0252159 0.998531 0.0479545 -7.56213 -0.958712 -0.0377468 0.281863 -27.9241 
0.282774 -0.0365799 0.958489 211.967 -0.0290419 0.998488 0.0466744 -7.53447 -0.958747 -0.0410346 0.281284 -27.6941 
0.283357 -0.0371664 0.958294 212.688 -0.0298358 0.998423 0.047545 -7.51047 -0.95855 -0.0420637 0.281802 -27.466 
0.284982 -0.0387882 0.957748 213.409 -0.030247 0.998319 0.0494316 -7.48847 -0.958055 -0.0430561 0.28333 -27.235 
0.286442 -0.0405594 0.957239 214.133 -0.0290613 0.998276 0.0509945 -7.46839 -0.957657 -0.0424255 0.284769 -27.0069 
0.288054 -0.0415496 0.956712 214.86 -0.0257552 0.998361 0.051113 -7.43947 -0.957268 -0.0393636 0.286511 -26.7779 
0.29112 -0.0427063 0.955733 215.581 -0.0251739 0.998315 0.0522772 -7.40956 -0.956355 -0.0392784 0.289554 -26.5431 
0.295004 -0.0442849 0.954469 216.314 -0.0272735 0.998128 0.0547402 -7.38495 -0.955107 -0.0421803 0.293244 -26.2947 
0.299803 -0.0483665 0.952774 217.055 -0.0284796 0.997815 0.0596144 -7.35454 -0.953576 -0.0450072 0.29777 -26.0384 
0.305068 -0.0523019 0.950893 217.795 -0.0283333 0.99755 0.0639582 -7.32229 -0.951909 -0.0464536 0.302839 -25.786 
0.309382 -0.0520859 0.94951 218.529 -0.030158 0.997459 0.0645427 -7.28641 -0.950459 -0.0486037 0.307025 -25.5291 
0.313625 -0.0474184 0.948362 219.259 -0.0354086 0.997474 0.0615837 -7.25602 -0.948886 -0.0528944 0.311154 -25.2632 
0.318515 -0.0413466 0.947016 220 -0.0406584 0.997533 0.0572271 -7.21479 -0.947046 -0.0567318 0.316048 -24.998 
0.322869 -0.0381085 0.945676 220.735 -0.0445894 0.997467 0.0554192 -7.17746 -0.945393 -0.0600603 0.320352 -24.7207 
0.327257 -0.0384689 0.944152 221.475 -0.0462464 0.997322 0.056665 -7.14898 -0.943803 -0.0622076 0.324602 -24.4454 
0.331161 -0.0360446 0.942886 222.215 -0.0480912 0.997327 0.0550164 -7.11835 -0.942348 -0.0635638 0.328542 -24.1659 
0.335181 -0.0333745 0.941563 222.95 -0.0484538 0.997439 0.0526039 -7.09142 -0.940907 -0.0632541 0.332705 -23.8885 
0.339614 -0.0327679 0.939994 223.68 -0.0489285 0.997424 0.0524475 -7.0603 -0.939291 -0.0638044 0.337136 -23.6037 
0.344004 -0.0343124 0.938341 224.427 -0.0485712 0.997344 0.0542766 -7.03413 -0.937711 -0.0642477 0.341423 -23.3125 
0.348475 -0.0349122 0.936668 225.165 -0.0445884 0.997557 0.0537704 -7.00906 -0.936257 -0.0605021 0.346067 -23.0263 
0.353238 -0.0345567 0.934895 225.907 -0.0414068 0.997761 0.0525255 -6.97924 -0.934617 -0.057265 0.351016 -22.7392 
0.357364 -0.0322092 0.93341 226.64 -0.0425134 0.997808 0.0507081 -6.94821 -0.932997 -0.0578037 0.355211 -22.4421 
0.361862 -0.0325784 0.931662 227.381 -0.0470949 0.997474 0.0531716 -6.91945 -0.931042 -0.0631173 0.359413 -22.1296 
0.366534 -0.0327425 0.929829 228.116 -0.0503007 0.997222 0.054944 -6.89099 -0.929044 -0.0669098 0.363868 -21.8193 
0.370849 -0.0302519 0.9282 228.845 -0.0477635 0.997525 0.0515947 -6.86913 -0.927464 -0.063468 0.368487 -21.5176 
0.374602 -0.0234237 0.92689 229.566 -0.0472669 0.997899 0.0443212 -6.84365 -0.92598 -0.060414 0.372708 -21.2085 
0.37781 -0.0169513 0.925728 230.291 -0.0533972 0.997769 0.0400631 -6.81653 -0.924342 -0.0645675 0.376062 -20.8866 
0.380973 -0.0176297 0.924418 231.019 -0.0594387 0.997283 0.0435154 -6.78547 -0.922673 -0.0715244 0.37889 -20.5607 
0.383336 -0.0278321 0.92319 231.757 -0.0587449 0.996787 0.0544436 -6.7602 -0.921739 -0.0751029 0.380469 -20.2363 
0.385289 -0.0402907 0.921916 232.495 -0.0549986 0.996268 0.0665253 -6.72683 -0.921156 -0.0763355 0.381635 -19.9175 
0.386852 -0.0474753 0.920919 233.23 -0.0569445 0.995538 0.0752428 -6.68455 -0.920382 -0.081549 0.382422 -19.5902 
0.388863 -0.0491428 0.919984 233.953 -0.0589012 0.995207 0.0780578 -6.64763 -0.919411 -0.0845419 0.384105 -19.2604 
0.391725 -0.0445346 0.919004 234.68 -0.0583391 0.995616 0.0731142 -6.60318 -0.918231 -0.0822544 0.387409 -18.9372 
0.395783 -0.0390476 0.917514 235.393 -0.0566038 0.996159 0.0668115 -6.56111 -0.916598 -0.0783776 0.392052 -18.6143 
0.400013 -0.0345703 0.915857 236.109 -0.0563448 0.996471 0.0622225 -6.52174 -0.914776 -0.0764936 0.396654 -18.2816 
0.404267 -0.0325063 0.914063 236.832 -0.0551408 0.996684 0.0598319 -6.48452 -0.912977 -0.0745903 0.401134 -17.9487 
0.408064 -0.0302792 0.912451 237.543 -0.0541733 0.996886 0.0573084 -6.44796 -0.911345 -0.0728159 0.405153 -17.6122 
0.41174 -0.0315276 0.910756 238.253 -0.0533454 0.996854 0.0586249 -6.41188 -0.909739 -0.0727228 0.408763 -17.2704 
0.415134 -0.036818 0.909015 238.979 -0.0515713 0.996622 0.0639183 -6.37788 -0.908297 -0.0734137 0.411833 -16.9252 
0.418142 -0.0426066 0.907382 239.709 -0.0496979 0.99633 0.0696851 -6.3372 -0.907021 -0.0742333 0.41449 -16.5726 
0.420095 -0.0478548 0.906217 240.434 -0.0485931 0.99599 0.0751217 -6.29187 -0.906178 -0.0755941 0.416085 -16.2108 
0.422217 -0.0530721 0.90494 241.163 -0.0468768 0.995671 0.0802645 -6.23905 -0.905282 -0.0763097 0.417901 -15.8582 
0.423827 -0.0598085 0.903766 241.904 -0.0452124 0.995177 0.0870605 -6.18571 -0.904614 -0.0777601 0.419079 -15.5007 
0.425482 -0.0601538 0.902966 242.635 -0.0457622 0.995082 0.0878538 -6.13095 -0.903809 -0.0787019 0.420636 -15.1428 
0.427279 -0.0487914 0.902802 243.352 -0.0544948 0.995338 0.0795839 -6.08742 -0.902476 -0.0832026 0.422628 -14.7768 
0.428049 -0.0350873 0.903074 244.066 -0.0561796 0.996281 0.0653373 -6.03823 -0.902008 -0.0787018 0.424485 -14.4187 
0.429006 -0.0271516 0.902894 244.783 -0.0562636 0.996804 0.0567091 -5.9874 -0.901548 -0.0751286 0.426107 -14.065 
0.428757 -0.0294682 0.902939 245.513 -0.056279 0.996655 0.0592507 -5.94671 -0.901665 -0.0762207 0.425664 -13.7015 
