1 -4.23778e-08 4.22719e-08 0 -4.23778e-08 1 -4.19404e-08 0 4.22719e-08 -4.19404e-08 1 0 
0.999992 -0.0030825 -0.00265957 -0.0221511 0.00307859 0.999994 -0.00144181 -0.0096658 0.00266409 0.00143352 0.999995 0.649974 
0.999976 -0.0021575 -0.00660823 -0.0525223 0.00213798 0.999993 -0.00294652 -0.0161112 0.00661463 0.00293224 0.999974 1.33567 
0.999963 -0.00301641 -0.00810284 -0.12155 0.00298929 0.99999 -0.00334693 -0.0400473 0.00811294 0.00332249 0.999961 1.99132 
0.999913 -0.00178715 -0.0130816 -0.147119 0.00173779 0.999991 -0.00377709 -0.038995 0.0130884 0.00375394 0.999907 2.73343 
0.999828 -0.00366453 -0.0182025 -0.154798 0.00360286 0.999988 -0.00341535 -0.0501132 0.0182149 0.0033491 0.999828 3.48595 
0.999752 -0.00260624 -0.0221061 -0.213875 0.00250371 0.999986 -0.00466047 -0.0506234 0.022118 0.00460389 0.999745 4.23997 
0.999663 0.00144013 -0.0259273 -0.263926 -0.00160211 0.999979 -0.00622424 -0.0494074 0.0259179 0.0062636 0.999644 4.99142 
0.999517 0.00104119 -0.0310419 -0.289228 -0.00116731 0.999991 -0.00404244 -0.0657726 0.0310375 0.00407664 0.99951 5.75744 
0.999378 0.000655707 -0.0352524 -0.332223 -0.000738956 0.999997 -0.00234617 -0.0537452 0.0352509 0.00237068 0.999376 6.57039 
0.999253 0.00131775 -0.0386134 -0.379653 -0.00131855 0.999999 6.90491e-06 -0.0502856 0.0386135 4.39286e-05 0.999254 7.35548 
0.999167 0.00272386 -0.0407168 -0.445307 -0.00271318 0.999996 0.000319591 -0.0730516 0.0407176 -0.000208938 0.999171 8.17872 
0.999145 0.00253673 -0.0412682 -0.524387 -0.00254589 0.999997 -0.000167423 -0.0769836 0.0412677 0.000272259 0.999148 8.96568 
0.999054 -0.00069845 -0.0434701 -0.556594 0.000625388 0.999998 -0.0016924 -0.0648917 0.0434713 0.00166353 0.999053 9.82115 
0.999059 -0.000599762 -0.0433673 -0.627058 0.00060136 1 2.57029e-05 -0.0876144 0.0433674 -5.18438e-05 0.999059 10.6194 
0.999023 -0.00260835 -0.0441123 -0.694368 0.00261407 0.999996 7.4021e-05 -0.103388 0.044112 -0.000189347 0.999026 11.4872 
0.998876 -0.000592159 -0.0473878 -0.721616 0.000425792 0.999994 -0.00351902 -0.0996732 0.0473896 0.0034948 0.99887 12.3578 
0.998866 0.000265953 -0.0476111 -0.799526 -0.000641535 0.999969 -0.00787169 -0.084946 0.0476076 0.00789322 0.998835 13.2146 
0.998827 0.00407817 -0.0482424 -0.87618 -0.00456289 0.99994 -0.00994003 -0.0948557 0.0481991 0.0101484 0.998786 14.1013 
0.998791 0.00644422 -0.0487343 -0.944596 -0.00699926 0.999912 -0.0112255 -0.0914156 0.0486578 0.0115529 0.998749 14.9779 
0.998747 0.00532912 -0.0497555 -0.992345 -0.00582257 0.999935 -0.00977619 -0.103861 0.0497002 0.0100536 0.998713 15.8754 
0.998703 0.00650024 -0.0504986 -1.05416 -0.00698298 0.999931 -0.00938744 -0.108389 0.0504342 0.00972781 0.99868 16.7794 
0.998664 0.00588839 -0.0513396 -1.12442 -0.00637129 0.999937 -0.00924576 -0.13212 0.051282 0.00956042 0.998638 17.6799 
0.998568 0.00648983 -0.0530958 -1.17506 -0.00704876 0.999922 -0.0103448 -0.146195 0.0530246 0.0107041 0.998536 18.5713 
0.998523 0.00525637 -0.0540683 -1.24464 -0.00589343 0.999915 -0.0116283 -0.157353 0.0540026 0.0119296 0.998469 19.478 
0.998536 0.00517683 -0.0538411 -1.31371 -0.00571338 0.999935 -0.00981475 -0.182993 0.0537869 0.0101079 0.998501 20.4069 
0.998436 0.00755359 -0.0553891 -1.35431 -0.00794279 0.999945 -0.0068084 -0.190272 0.0553347 0.00723761 0.998442 21.3626 
0.998458 0.00693183 -0.0550726 -1.41815 -0.00705183 0.999973 -0.00198342 -0.222335 0.0550575 0.00236864 0.99848 22.2833 
0.998535 0.00508292 -0.0538713 -1.47484 -0.00502821 0.999987 0.00115247 -0.239188 0.0538765 -0.000879995 0.998547 23.2198 
0.998661 0.0050533 -0.0514842 -1.55728 -0.00498798 0.999986 0.00139875 -0.245859 0.0514906 -0.00114016 0.998673 24.1474 
0.998748 0.00531437 -0.0497484 -1.62876 -0.00535448 0.999985 -0.000671347 -0.266319 0.0497442 0.000936798 0.998761 25.0678 
0.998835 0.00520259 -0.0479628 -1.70163 -0.00545279 0.999972 -0.00508548 -0.286038 0.0479351 0.005341 0.998836 26.0172 
0.998884 0.00405443 -0.0470492 -1.75846 -0.00443227 0.999959 -0.00792761 -0.294713 0.0470152 0.00812721 0.998861 26.9561 
0.998935 0.00195937 -0.0461007 -1.81569 -0.00229498 0.999971 -0.00722633 -0.314645 0.0460853 0.00732435 0.998911 27.9273 
0.998982 0.000263054 -0.0451042 -1.88894 -0.000391727 0.999996 -0.00284213 -0.319948 0.0451034 0.00285682 0.998978 28.8782 
0.999002 -0.00333578 -0.0445294 -1.97766 0.00333343 0.999994 -0.000125229 -0.326988 0.0445296 -2.34173e-05 0.999008 29.8569 
0.99888 -0.0102144 -0.0461952 -2.02096 0.0102113 0.999948 -0.000299992 -0.344561 0.0461959 -0.000172145 0.998932 30.8053 
0.998856 -0.0116109 -0.0463833 -2.09589 0.0114001 0.999923 -0.00480652 -0.350393 0.0464357 0.00427216 0.998912 31.7792 
0.998789 -0.0117274 -0.0477744 -2.14859 0.0112942 0.999893 -0.00932666 -0.350543 0.0478787 0.00877571 0.998815 32.7732 
0.998697 -0.00939313 -0.0501623 -2.21488 0.00887833 0.999906 -0.0104739 -0.368312 0.050256 0.0100149 0.998686 33.7697 
0.998733 -0.0095793 -0.0494098 -2.31916 0.00909513 0.999908 -0.0100129 -0.373521 0.0495013 0.00955077 0.998728 34.7347 
0.998724 -0.00610111 -0.0501197 -2.40895 0.00574873 0.999958 -0.00717032 -0.400601 0.0501615 0.00687296 0.998717 35.7373 
0.998715 -0.00601348 -0.050327 -2.49917 0.00571708 0.999965 -0.00602977 -0.415448 0.0503616 0.00573421 0.998715 36.7182 
0.998686 -0.00338187 -0.0511372 -2.5775 0.0032014 0.999988 -0.003609 -0.433063 0.0511489 0.00344046 0.998685 37.7018 
0.998754 -0.0028081 -0.0498153 -2.65344 0.00275738 0.999996 -0.00108513 -0.43896 0.0498182 0.00094633 0.998758 38.6646 
0.998759 0.00284872 -0.0497229 -2.73666 -0.00281038 0.999996 0.000842588 -0.446596 0.0497251 -0.000701888 0.998763 39.6154 
0.998797 0.00224726 -0.0489924 -2.81755 -0.00222874 0.999997 0.00043432 -0.465718 0.0489933 -0.000324692 0.998799 40.6048 
0.998792 0.00241812 -0.0490807 -2.87813 -0.00246101 0.999997 -0.000811853 -0.486127 0.0490787 0.000931575 0.998794 41.6185 
0.998819 0.00536588 -0.0482895 -2.97209 -0.00556864 0.999976 -0.00406356 -0.47497 0.0482666 0.00432759 0.998825 42.5834 
0.998756 0.00705719 -0.0493577 -3.03378 -0.00730661 0.999961 -0.00487296 -0.485004 0.0493215 0.00522745 0.998769 43.5632 
0.998733 0.00758844 -0.0497395 -3.11644 -0.00779568 0.999962 -0.00397225 -0.499455 0.0497075 0.00435489 0.998754 44.5236 
0.998656 0.00768334 -0.0512484 -3.17065 -0.00788513 0.999962 -0.0037347 -0.509375 0.0512178 0.00413369 0.998679 45.5079 
0.998672 0.0106617 -0.0504034 -3.25414 -0.011036 0.999913 -0.00715159 -0.537887 0.0503229 0.00769826 0.998703 46.4662 
0.998664 0.0106414 -0.0505701 -3.33557 -0.0111945 0.99988 -0.0106654 -0.5617 0.0504507 0.0112172 0.998663 47.426 
0.998627 0.0115807 -0.0510906 -3.4036 -0.0122382 0.999846 -0.0125743 -0.573109 0.0509372 0.0131822 0.998615 48.3866 
0.998607 0.0105009 -0.0517039 -3.45469 -0.0110097 0.999894 -0.00956488 -0.586363 0.051598 0.0101207 0.998617 49.3755 
0.998697 0.00957293 -0.0501344 -3.54264 -0.00996019 0.999922 -0.00747874 -0.602261 0.050059 0.00796825 0.998714 50.3353 
0.998621 0.00749587 -0.0519533 -3.57788 -0.00786855 0.999945 -0.00697106 -0.620345 0.0518983 0.00737016 0.998625 51.3311 
0.998665 0.00368368 -0.0515142 -3.65367 -0.00408482 0.999962 -0.00768236 -0.648873 0.051484 0.00788245 0.998643 52.2607 
0.99862 0.000958426 -0.0524979 -3.70767 -0.00146015 0.999954 -0.00951787 -0.667593 0.0524864 0.00958131 0.998576 53.2129 
0.998636 -0.00128712 -0.0521992 -3.8061 0.00079747 0.999955 -0.00939863 -0.667911 0.052209 0.00934409 0.998592 54.1535 
0.998544 -0.00421377 -0.0537763 -3.85241 0.00396414 0.999981 -0.00474639 -0.695854 0.0537953 0.00452622 0.998542 55.1154 
0.998537 -0.00457208 -0.0538796 -3.91911 0.00455911 0.999989 -0.000362153 -0.711301 0.0538808 0.000115894 0.998547 56.0609 
0.998492 -0.00311452 -0.054806 -3.98325 0.00321153 0.999993 0.00168364 -0.725167 0.0548005 -0.0018572 0.998496 57.0138 
0.998483 -0.00184862 -0.0550347 -4.06524 0.00174628 0.999997 -0.00190617 -0.747816 0.0550382 0.00180709 0.998483 57.9544 
0.99842 -7.09427e-05 -0.0561908 -4.14247 -0.000411462 0.999963 -0.00857204 -0.778078 0.0561894 0.00858153 0.998383 58.8553 
0.998356 0.00235327 -0.0572726 -4.21654 -0.00317541 0.999893 -0.0142666 -0.785717 0.057233 0.0144249 0.998257 59.7694 
0.998337 0.00917892 -0.056913 -4.30469 -0.00997262 0.999857 -0.0136761 -0.813432 0.0567794 0.0142208 0.998285 60.6391 
0.998244 0.0109575 -0.0582146 -4.37872 -0.0116312 0.999869 -0.0112459 -0.848139 0.0580838 0.0119032 0.998241 61.5079 
0.998202 0.0124867 -0.0586203 -4.47452 -0.0129769 0.999884 -0.00798837 -0.891008 0.0585138 0.00873463 0.998248 62.3305 
0.998148 0.0120902 -0.0596186 -4.53391 -0.0126221 0.999884 -0.00855202 -0.913877 0.0595084 0.0092886 0.998185 63.1775 
0.998045 0.0150084 -0.0606631 -4.62699 -0.0155356 0.999845 -0.008227 -0.923093 0.0605304 0.00915327 0.998124 64.0006 
0.997977 0.0169384 -0.0612814 -4.69506 -0.0174723 0.999814 -0.00818495 -0.941589 0.0611315 0.00923903 0.998087 64.8342 
0.997875 0.015697 -0.0632305 -4.75829 -0.0161743 0.999844 -0.00704204 -0.975879 0.0631102 0.0080497 0.997974 65.6174 
0.99781 0.014981 -0.0644244 -4.82731 -0.0154206 0.999861 -0.00633141 -0.990452 0.0643207 0.00731093 0.997902 66.4158 
0.997721 0.0182415 -0.0649663 -4.90558 -0.0184457 0.999827 -0.00254309 -1.03436 0.0649088 0.00373556 0.997884 67.1806 
0.997529 0.0190007 -0.0676329 -4.936 -0.0189292 0.999819 0.0017003 -1.05786 0.0676531 -0.000415953 0.997709 67.951 
0.997369 0.0223829 -0.0689423 -5.00242 -0.022154 0.999746 0.00408493 -1.07353 0.0690163 -0.00254693 0.997612 68.7058 
0.997285 0.0244767 -0.0694433 -5.1083 -0.0244869 0.9997 0.000705514 -1.11424 0.0694399 0.00099677 0.997586 69.4722 
0.997153 0.0250639 -0.0711206 -5.1619 -0.0255831 0.999652 -0.00639764 -1.143 0.0709356 0.00819883 0.997447 70.1765 
0.99708 0.0247846 -0.0722289 -5.22829 -0.0256763 0.999605 -0.011442 -1.16977 0.0719168 0.013263 0.997322 70.8898 
0.997066 0.0255179 -0.0721702 -5.30089 -0.0264471 0.999579 -0.011947 -1.18388 0.0718351 0.0138206 0.997321 71.5711 
0.996939 0.0280014 -0.0729962 -5.36365 -0.0286712 0.999556 -0.0081437 -1.20326 0.0727358 0.0102116 0.997299 72.2498 
0.996787 0.0275488 -0.0752152 -5.40604 -0.028128 0.999582 -0.00665054 -1.22266 0.0750007 0.00874474 0.997145 72.9137 
0.996826 0.0247555 -0.075665 -5.46931 -0.0254992 0.999635 -0.00887647 -1.25939 0.0754177 0.0107776 0.997094 73.5319 
0.996936 0.016505 -0.0764633 -5.5095 -0.0176375 0.999744 -0.0141596 -1.27372 0.0762102 0.0154647 0.996972 74.145 
0.997077 0.0122027 -0.0754246 -5.55977 -0.0136186 0.99974 -0.0182861 -1.30193 0.075182 0.0192598 0.996984 74.753 
0.997285 0.0146383 -0.0721639 -5.60779 -0.0159747 0.999711 -0.017975 -1.32796 0.07188 0.0190789 0.997231 75.3422 
0.997463 0.0195904 -0.0684426 -5.655 -0.0206704 0.999672 -0.0151056 -1.33999 0.0681243 0.0164819 0.997541 75.9206 
0.997848 0.0183118 -0.0629538 -5.71994 -0.0191063 0.999745 -0.0120403 -1.35223 0.0627173 0.0132171 0.997944 76.4706 
0.998262 0.0142107 -0.057184 -5.75009 -0.0147602 0.999849 -0.00919781 -1.35459 0.0570447 0.0100258 0.998321 77.0159 
0.998733 0.00978822 -0.0493572 -5.76614 -0.0100809 0.999933 -0.00568312 -1.37219 0.0492983 0.0061734 0.998765 77.5442 
0.99917 0.0134835 -0.0384356 -5.80057 -0.0137175 0.999889 -0.00582723 -1.38553 0.0383529 0.00634955 0.999244 78.0562 
0.999551 0.0189097 -0.0232271 -5.81327 -0.0190738 0.999794 -0.00685766 -1.39214 0.0230927 0.00729753 0.999707 78.5556 
0.999698 0.0241393 -0.00465525 -5.83077 -0.0241731 0.999681 -0.00733007 -1.39533 0.00447691 0.00744031 0.999962 79.033 
0.999595 0.0227819 0.0170542 -5.80011 -0.0226695 0.99972 -0.00676024 -1.40402 -0.0172034 0.00637081 0.999832 79.5189 
0.998867 0.0186544 0.0437789 -5.77048 -0.0183646 0.999807 -0.00701479 -1.407 -0.0439012 0.00620278 0.999017 79.9677 
0.997087 0.0179275 0.074136 -5.73609 -0.0175321 0.999828 -0.00598276 -1.41572 -0.0742304 0.0046655 0.99723 80.4111 
0.994126 0.0169851 0.10689 -5.66736 -0.0165976 0.999852 -0.0045144 -1.429 -0.10695 0.00271369 0.994261 80.8462 
0.989261 0.0173892 0.145124 -5.60655 -0.0168981 0.999846 -0.0046166 -1.43114 -0.145181 0.00211463 0.989403 81.2702 
0.982337 0.0165903 0.186385 -5.49496 -0.016017 0.999861 -0.0045819 -1.45195 -0.186435 0.00151558 0.982466 81.6961 
0.972546 0.0165065 0.232123 -5.39098 -0.0159182 0.999863 -0.00440779 -1.46651 -0.232164 0.000591726 0.972676 82.0986 
0.959368 0.0196484 0.281473 -5.24709 -0.0183227 0.999805 -0.00734185 -1.47093 -0.281562 0.00188614 0.959541 82.5114 
0.941935 0.0203616 0.335177 -5.10874 -0.0181239 0.999788 -0.00980314 -1.4961 -0.335305 0.00315912 0.942104 82.8794 
0.920646 0.0203404 0.389868 -4.92166 -0.0170834 0.999784 -0.0118204 -1.51231 -0.390025 0.00422209 0.920795 83.2161 
0.894542 0.0216876 0.446457 -4.72704 -0.0170854 0.999751 -0.0143323 -1.52195 -0.446657 0.00519293 0.89469 83.5462 
0.863597 0.0223922 0.503685 -4.51884 -0.016154 0.999729 -0.016748 -1.53174 -0.503924 0.00632688 0.863725 83.8459 
0.827723 0.0208492 0.56075 -4.29556 -0.012567 0.999748 -0.0186214 -1.54732 -0.560996 0.00836637 0.827776 84.1303 
0.788939 0.0205572 0.614127 -4.04404 -0.0103889 0.999744 -0.0201193 -1.55941 -0.614383 0.00949277 0.78895 84.4009 
0.747117 0.0182045 0.664443 -3.78203 -0.00853002 0.999805 -0.0178016 -1.59062 -0.664637 0.00763214 0.747127 84.6372 
0.701962 0.0190274 0.71196 -3.49638 -0.00958819 0.999805 -0.0172667 -1.58666 -0.71215 0.00529414 0.702008 84.8837 
0.653659 0.0179727 0.756575 -3.18636 -0.00701093 0.999819 -0.0176939 -1.58589 -0.756756 0.00626144 0.653667 85.1348 
0.606013 0.0173149 0.795266 -2.87024 -0.00320479 0.999808 -0.0193263 -1.59611 -0.795448 0.00916331 0.605953 85.3092 
0.557625 0.0146802 0.829963 -2.54517 0.00325259 0.999797 -0.0198697 -1.6128 -0.830087 0.0137793 0.557464 85.4778 
0.508929 0.016919 0.860642 -2.22823 0.00408486 0.999748 -0.0220693 -1.61674 -0.860799 0.0147473 0.508731 85.6318 
0.459503 0.0194693 0.887963 -1.88403 0.00216897 0.999732 -0.0230424 -1.62731 -0.888173 0.012514 0.459338 85.7931 
0.412715 0.0219683 0.910595 -1.554 0.00119259 0.999695 -0.0246584 -1.64 -0.910859 0.0112629 0.412563 85.9155 
0.367888 0.0193898 0.929668 -1.21119 0.00766119 0.999685 -0.0238819 -1.65477 -0.929839 0.0159082 0.367623 86.0278 
0.326707 0.0120716 0.945049 -0.853924 0.0236254 0.999502 -0.0209346 -1.66158 -0.94483 0.0291666 0.326259 86.1082 
0.290134 0.0080312 0.956952 -0.506387 0.0273285 0.999487 -0.0166739 -1.67946 -0.956596 0.0309897 0.289766 86.1849 
0.256463 0.011332 0.966487 -0.157299 0.0253807 0.999507 -0.0184542 -1.69849 -0.966221 0.0292629 0.256049 86.2596 
0.224901 0.020707 0.974161 0.211611 0.0181395 0.999512 -0.0254338 -1.69603 -0.974213 0.0233909 0.224416 86.3467 
0.196499 0.0237354 0.980217 0.581401 0.0156815 0.999503 -0.0273461 -1.72119 -0.980379 0.0207447 0.196029 86.4107 
0.169524 0.0252757 0.985202 0.987563 0.017635 0.999433 -0.0286753 -1.74193 -0.985368 0.0222352 0.168982 86.4734 
0.147527 0.0272571 0.988682 1.37341 0.0273469 0.999126 -0.0316257 -1.74891 -0.98868 0.031703 0.146652 86.4899 
0.12646 0.0347101 0.991364 1.79475 0.0335296 0.998667 -0.039243 -1.75123 -0.991405 0.0382027 0.125127 86.5321 
0.106672 0.0408357 0.993455 2.2129 0.0336123 0.998437 -0.0446496 -1.77005 -0.993726 0.0381552 0.105132 86.5639 
0.0887682 0.0414947 0.995188 2.64336 0.0314585 0.998517 -0.0444396 -1.79694 -0.995555 0.035252 0.0873312 86.6039 
0.0732696 0.0371646 0.996619 3.08596 0.0301484 0.998766 -0.0394612 -1.82123 -0.996856 0.0329378 0.0720587 86.6394 
0.0577483 0.0331414 0.997781 3.49969 0.0280873 0.998999 -0.0348076 -1.87023 -0.997936 0.030035 0.0567597 86.674 
0.0444703 0.0309331 0.998532 3.9956 0.0295762 0.999042 -0.0322662 -1.88713 -0.998573 0.0309676 0.0435128 86.6955 
0.0330817 0.0306235 0.998983 4.50056 0.0335232 0.998934 -0.0317322 -1.8941 -0.99889 0.0345389 0.0320199 86.7033 
0.0230111 0.0323895 0.99921 5.02142 0.0375386 0.998742 -0.0332389 -1.90663 -0.99903 0.0382738 0.0217663 86.699 
0.0149149 0.0334478 0.999329 5.58806 0.0393828 0.998645 -0.0340127 -1.92523 -0.999113 0.0398637 0.0135774 86.7284 
0.00880981 0.0331655 0.999411 6.176 0.040249 0.998628 -0.0334944 -1.95348 -0.999151 0.0405203 0.00746285 86.7358 
0.00340506 0.0356454 0.999359 6.73173 0.0444976 0.998369 -0.0357618 -1.95898 -0.999004 0.0445909 0.00181336 86.7313 
-0.00319544 0.0349822 0.999383 7.31568 0.0440319 0.998423 -0.0348079 -2.00413 -0.999025 0.0438935 -0.00473074 86.7518 
-0.00757727 0.0357078 0.999333 7.92564 0.0462091 0.998307 -0.0353209 -2.02269 -0.998903 0.0459107 -0.00921447 86.7529 
-0.00963115 0.0363313 0.999293 8.54485 0.0505252 0.998081 -0.0358004 -2.04698 -0.998676 0.0501447 -0.0114483 86.7228 
-0.0117229 0.0367741 0.999255 9.16341 0.0504383 0.998073 -0.036139 -2.07259 -0.998658 0.049977 -0.0135551 86.7224 
-0.0149641 0.0350883 0.999272 9.7919 0.0518533 0.998066 -0.0342695 -2.11822 -0.998543 0.0513027 -0.0167546 86.747 
-0.015715 0.0348016 0.999271 10.466 0.0563924 0.997834 -0.0338648 -2.14428 -0.998285 0.0558191 -0.0176435 86.7485 
-0.0155719 0.0337908 0.999308 11.1426 0.0591 0.997712 -0.032816 -2.18859 -0.998131 0.0585481 -0.0175333 86.7631 
-0.0132522 0.0344823 0.999317 11.8521 0.0603889 0.997608 -0.0336226 -2.21398 -0.998087 0.0599021 -0.0153028 86.76 
-0.00927725 0.0349161 0.999347 12.5647 0.0634104 0.997399 -0.0342595 -2.22914 -0.997944 0.0630512 -0.0114672 86.7662 
-0.00592265 0.0348619 0.999375 13.3024 0.0635866 0.997383 -0.0344156 -2.25291 -0.997959 0.063343 -0.0081239 86.7908 
-0.00142954 0.0332386 0.999446 14.0686 0.0650032 0.997337 -0.0330755 -2.28143 -0.997884 0.06492 -0.00358635 86.7924 
0.00178379 0.0326427 0.999465 14.8413 0.0638987 0.997421 -0.03269 -2.30246 -0.997955 0.0639228 -0.000306638 86.8203 
0.00586354 0.0289997 0.999562 15.6082 0.0614852 0.997678 -0.0293058 -2.35511 -0.998091 0.0616301 0.00406687 86.8409 
0.00897629 0.0287407 0.999547 16.3955 0.0596935 0.997789 -0.0292263 -2.37671 -0.998176 0.0599288 0.00724081 86.8771 
0.0136345 0.0292719 0.999478 17.2 0.057641 0.997886 -0.0300117 -2.41578 -0.998244 0.0580201 0.0119185 86.893 
0.0168055 0.0331861 0.999308 17.9842 0.0556428 0.997869 -0.0340742 -2.45094 -0.998309 0.0561769 0.0149232 86.907 
0.0185277 0.0383469 0.999093 18.8045 0.0503163 0.997962 -0.0392367 -2.48372 -0.998561 0.0509976 0.0165605 86.9429 
0.0174476 0.0410686 0.999004 19.6244 0.0479064 0.997974 -0.041863 -2.52873 -0.998699 0.048589 0.0154448 86.9924 
0.0172122 0.0403424 0.999038 20.4519 0.0460242 0.998094 -0.0410973 -2.572 -0.998792 0.0466873 0.0153227 87.0249 
0.0172421 0.0385851 0.999106 21.2614 0.0434835 0.998281 -0.0393037 -2.61205 -0.998905 0.0441223 0.0155347 87.0578 
0.0160625 0.0373302 0.999174 22.0931 0.0437534 0.998319 -0.0380018 -2.66299 -0.998913 0.0443277 0.0144022 87.0998 
0.0171529 0.0368731 0.999173 22.8967 0.041005 0.998453 -0.0375505 -2.69415 -0.999012 0.0416151 0.0156144 87.1157 
0.0168132 0.0372082 0.999166 23.6979 0.0390345 0.998521 -0.0378411 -2.73775 -0.999096 0.0396382 0.0153359 87.1651 
0.0167442 0.03923 0.99909 24.5194 0.0356149 0.998572 -0.0398067 -2.76415 -0.999225 0.036249 0.0153231 87.1972 
0.0148378 0.0400703 0.999087 25.3217 0.0327596 0.998641 -0.0405391 -2.81469 -0.999353 0.0333312 0.013505 87.2327 
0.012433 0.0395372 0.999141 26.1344 0.0288448 0.998788 -0.0398823 -2.85216 -0.999506 0.0293158 0.0112775 87.2512 
0.00802677 0.0366419 0.999296 26.9598 0.0245986 0.999019 -0.0368294 -2.92011 -0.999665 0.0248769 0.00711756 87.2974 
0.00321162 0.033434 0.999436 27.7806 0.0231664 0.99917 -0.0334996 -2.96952 -0.999726 0.0232609 0.00243441 87.311 
-0.00323587 0.0313914 0.999502 28.5724 0.0205075 0.999299 -0.0313187 -3.00822 -0.999784 0.0203959 -0.00387736 87.329 
-0.00784865 0.0317745 0.999464 29.3585 0.021745 0.999264 -0.0315975 -3.05384 -0.999733 0.0214853 -0.00853381 87.2916 
-0.016661 0.0322471 0.999341 30.1475 0.0224611 0.99924 -0.0318695 -3.09405 -0.999609 0.0219153 -0.0173726 87.2785 
-0.0275477 0.0325431 0.999091 30.967 0.0223362 0.99924 -0.0319322 -3.13389 -0.999371 0.0214362 -0.0282537 87.2763 
-0.0370127 0.0309654 0.998835 31.7469 0.022992 0.999282 -0.0301274 -3.17792 -0.99905 0.0218501 -0.037698 87.2389 
-0.0483056 0.0303909 0.99837 32.5667 0.0221505 0.999324 -0.0293483 -3.21762 -0.998587 0.0206967 -0.0489461 87.2096 
-0.0596142 0.0292011 0.997794 33.3517 0.0245994 0.999311 -0.0277759 -3.26022 -0.997918 0.0228893 -0.0602915 87.1747 
-0.0705993 0.0295115 0.997068 34.129 0.0250906 0.999298 -0.027801 -3.29808 -0.997189 0.0230543 -0.0712902 87.126 
-0.0812544 0.0302872 0.996233 34.8995 0.0253508 0.999278 -0.0283121 -3.32804 -0.996371 0.0229548 -0.0819636 87.0776 
-0.0923123 0.0317067 0.995225 35.6674 0.0246476 0.999259 -0.0295491 -3.3443 -0.995425 0.0218022 -0.0930254 87.024 
-0.104406 0.0329946 0.993987 36.3441 0.0276054 0.99916 -0.0302668 -3.37224 -0.994151 0.0242794 -0.105229 87.0574 
-0.113508 0.0339826 0.992956 37.108 0.0262581 0.999168 -0.0311936 -3.39798 -0.99319 0.0225324 -0.114306 86.9523 
-0.12373 0.0329801 0.991768 37.8577 0.0265187 0.9992 -0.0299189 -3.4539 -0.991961 0.0225986 -0.124505 86.8635 
-0.133289 0.0344094 0.99048 38.6228 0.0280395 0.999128 -0.0309366 -3.48392 -0.99068 0.023649 -0.134137 86.7657 
-0.140922 0.0334162 0.989457 39.3519 0.0306697 0.999098 -0.0293738 -3.52839 -0.989546 0.026207 -0.141819 86.6507 
-0.149476 0.0332234 0.988207 40.0836 0.0314567 0.999089 -0.0288312 -3.55023 -0.988265 0.0267762 -0.150385 86.5622 
-0.154194 0.0322746 0.987513 40.807 0.0356172 0.998998 -0.0270886 -3.57498 -0.987398 0.0309956 -0.155189 86.4497 
-0.158482 0.0312854 0.986866 41.4886 0.0374853 0.998968 -0.0256493 -3.5944 -0.98665 0.032928 -0.159491 86.3508 
-0.160661 0.0301218 0.98655 42.2065 0.0398367 0.998918 -0.0240121 -3.62951 -0.986205 0.0354431 -0.161687 86.2293 
-0.161935 0.029904 0.986348 42.8922 0.0395796 0.998933 -0.0237876 -3.64755 -0.986007 0.0351872 -0.162945 86.1173 
-0.163781 0.0296535 0.986051 43.5134 0.0395531 0.998942 -0.0234716 -3.68564 -0.985703 0.0351572 -0.16478 86.0446 
-0.163166 0.0303702 0.986131 44.1755 0.040496 0.99889 -0.0240627 -3.7218 -0.985767 0.0360081 -0.164215 85.9426 
-0.159786 0.0322412 0.986625 44.8241 0.0414492 0.998804 -0.0259265 -3.74422 -0.986281 0.0367522 -0.160931 85.8389 
-0.156095 0.0324885 0.987208 45.4282 0.0426709 0.998748 -0.0261213 -3.77209 -0.98682 0.0380477 -0.157286 85.7789 
-0.147926 0.0330813 0.988445 46.013 0.0414245 0.99877 -0.0272276 -3.80177 -0.98813 0.0369182 -0.149114 85.7031 
-0.136792 0.0330759 0.990047 46.6016 0.0415082 0.998756 -0.0276319 -3.82563 -0.98973 0.0373152 -0.137995 85.6344 
-0.122699 0.0328557 0.9919 47.1582 0.0399511 0.998805 -0.0281425 -3.85458 -0.991639 0.0361745 -0.123865 85.5764 
-0.105792 0.033875 0.993811 47.6657 0.0388821 0.998796 -0.029906 -3.88638 -0.993628 0.0354776 -0.106982 85.5199 
-0.0846886 0.0365063 0.995738 48.2061 0.0364072 0.998775 -0.0335213 -3.90529 -0.995742 0.0334132 -0.085914 85.4922 
-0.0600366 0.0396524 0.997408 48.7536 0.0348904 0.998683 -0.0376031 -3.93661 -0.997586 0.0325424 -0.061341 85.4877 
-0.0307882 0.0407325 0.998696 49.2312 0.0319182 0.9987 -0.0397488 -3.97296 -0.999016 0.0306528 -0.0320483 85.4636 
0.00186588 0.039853 0.999204 49.7395 0.0299712 0.998754 -0.0398911 -4.00395 -0.999549 0.0300217 0.000669115 85.5044 
0.040525 0.0370786 0.99849 50.2558 0.0278721 0.99888 -0.0382244 -4.03592 -0.99879 0.0293791 0.0394462 85.5389 
0.0823065 0.0334256 0.996046 50.7968 0.0259186 0.999027 -0.0356674 -4.06362 -0.99627 0.0287518 0.0813602 85.6281 
0.128404 0.0290621 0.991296 51.3235 0.0220449 0.99924 -0.0321505 -4.09065 -0.991477 0.0259812 0.127666 85.7343 
0.179024 0.0255828 0.983512 51.7948 0.0183938 0.9994 -0.0293443 -4.11283 -0.983673 0.0233439 0.178446 85.8274 
0.23194 0.0230775 0.972456 52.2683 0.0127862 0.99956 -0.0267704 -4.15552 -0.972646 0.0186432 0.231542 85.9558 
0.28964 0.0217589 0.956888 52.7279 0.0120095 0.99958 -0.0263649 -4.19169 -0.95706 0.019128 0.289257 86.1009 
0.350491 0.0223201 0.9363 53.2003 0.0136869 0.999487 -0.0289501 -4.20661 -0.936466 0.0229618 0.350006 86.2884 
0.414039 0.0265075 0.909873 53.6528 0.0137578 0.999279 -0.0353728 -4.22136 -0.910155 0.0271635 0.413376 86.4888 
0.47379 0.0292116 0.880153 54.0533 0.0144304 0.999058 -0.040926 -4.25159 -0.880519 0.0320913 0.472922 86.7665 
0.534385 0.034061 0.844555 54.4366 0.00914366 0.998896 -0.0460713 -4.26864 -0.845192 0.0323421 0.533484 87.0406 
0.591839 0.0384892 0.805137 54.8083 0.00355301 0.998725 -0.0503555 -4.27497 -0.806048 0.0326629 0.590947 87.3696 
0.644755 0.0407877 0.7633 55.078 -0.000276697 0.998588 -0.0531269 -4.28767 -0.764389 0.0340426 0.643856 87.6842 
0.695448 0.0408498 0.717415 55.3749 -0.00355729 0.998566 -0.0534104 -4.3053 -0.718568 0.034592 0.694596 88.0433 
0.742221 0.0367498 0.669146 55.6447 -0.00611145 0.998825 -0.0480772 -4.32847 -0.670127 0.0315945 0.741574 88.4229 
0.78641 0.0305778 0.616947 55.9216 -0.00649936 0.999128 -0.0412354 -4.34613 -0.61767 0.0284181 0.785923 88.8183 
0.824885 0.0303494 0.564485 56.1366 -0.0117058 0.999261 -0.0366194 -4.35145 -0.565179 0.023599 0.824631 89.2327 
0.858264 0.0282894 0.512429 56.3487 -0.0141926 0.999406 -0.0314027 -4.34826 -0.513013 0.019679 0.858155 89.6647 
0.885385 0.0308862 0.463832 56.5168 -0.0208981 0.999426 -0.0266599 -4.36081 -0.464389 0.0139111 0.885522 90.1263 
0.907483 0.0333362 0.418763 56.6765 -0.0254038 0.999377 -0.0245055 -4.36055 -0.419319 0.0116001 0.907765 90.5911 
0.924321 0.0382331 0.379697 56.821 -0.0330301 0.99925 -0.0202113 -4.39821 -0.380185 0.00614023 0.92489 91.0329 
0.937771 0.0435438 0.344514 56.9526 -0.0383891 0.999026 -0.0217736 -4.40455 -0.345126 0.00719295 0.938529 91.495 
0.948354 0.0454734 0.313937 57.0752 -0.0409802 0.998941 -0.0209012 -4.41742 -0.314555 0.00695642 0.949214 91.9642 
0.955157 0.0409761 0.29325 57.1905 -0.0365905 0.999121 -0.020428 -4.43254 -0.293829 0.00878176 0.955818 92.4412 
0.95973 0.0381366 0.278325 57.3051 -0.0340799 0.999231 -0.0194011 -4.4549 -0.27885 0.00913441 0.960291 92.9181 
0.963109 0.042609 0.265717 57.4202 -0.0386769 0.999051 -0.0200159 -4.46448 -0.266318 0.00900032 0.963843 93.4057 
0.965283 0.0488324 0.256601 57.5212 -0.045045 0.998772 -0.0206212 -4.46587 -0.257292 0.00834669 0.966297 93.8993 
0.966488 0.0556301 0.250612 57.6293 -0.0520938 0.998427 -0.0207282 -4.48897 -0.251371 0.00697816 0.967866 94.4181 
0.966598 0.0620259 0.248678 57.7281 -0.0577934 0.998033 -0.0242924 -4.50827 -0.249696 0.00910894 0.968281 94.9281 
0.966586 0.0625387 0.248597 57.8415 -0.0577737 0.99798 -0.0264251 -4.5329 -0.249747 0.0111797 0.968246 95.4715 
0.965863 0.0638612 0.251058 57.9808 -0.0584903 0.997872 -0.0288051 -4.57706 -0.252363 0.0131372 0.967543 95.9998 
0.965007 0.0617047 0.254861 58.1141 -0.0542626 0.997873 -0.0361361 -4.58536 -0.256549 0.0210421 0.966302 96.5444 
0.963894 0.0615201 0.259081 58.2559 -0.0523927 0.997743 -0.041996 -4.59173 -0.26108 0.0269057 0.964942 97.1005 
0.96234 0.0658586 0.263749 58.394 -0.0566606 0.997495 -0.0423395 -4.61189 -0.265877 0.0258008 0.963662 97.6794 
0.960625 0.0692308 0.269085 58.548 -0.0610254 0.997384 -0.0387508 -4.64027 -0.271063 0.0208039 0.962337 98.2299 
0.959435 0.066583 0.273954 58.7136 -0.0595429 0.997648 -0.0339432 -4.66779 -0.27557 0.0162542 0.961144 98.8281 
0.958302 0.0619234 0.278966 58.8715 -0.0561518 0.998011 -0.0286414 -4.69051 -0.280184 0.0117827 0.959874 99.4401 
0.957436 0.0592828 0.282493 59.052 -0.0547812 0.998214 -0.023815 -4.71688 -0.2834 0.007326 0.958974 100.068 
0.956926 0.0546221 0.285146 59.235 -0.0500826 0.998476 -0.0231938 -4.73706 -0.285978 0.00791385 0.958203 100.685 
0.957196 0.0512163 0.284873 59.4256 -0.0457092 0.998618 -0.0259516 -4.76349 -0.285808 0.0118194 0.958214 101.298 
0.957161 0.0511556 0.285001 59.5989 -0.0435676 0.998508 -0.0329059 -4.79077 -0.286259 0.0190793 0.957962 101.955 
0.95762 0.0521431 0.283277 59.7841 -0.0429353 0.998331 -0.0386212 -4.83743 -0.284818 0.0248218 0.95826 102.603 
0.958391 0.055225 0.280065 59.9667 -0.0450141 0.99807 -0.0427664 -4.85102 -0.281886 0.02838 0.959028 103.265 
0.959129 0.0531366 0.277934 60.1479 -0.0438924 0.99826 -0.0393823 -4.86952 -0.279543 0.0255735 0.959792 103.945 
0.959617 0.0500838 0.276815 60.3465 -0.0433172 0.998595 -0.0305099 -4.91751 -0.277954 0.0172869 0.960439 104.652 
0.960594 0.0493853 0.273534 60.5497 -0.0439595 0.998697 -0.0259341 -4.9269 -0.274458 0.0128876 0.961513 105.344 
0.960518 0.0535864 0.27301 60.718 -0.0482509 0.998491 -0.0262256 -4.96234 -0.274003 0.0120171 0.961654 106.072 
0.960894 0.0585803 0.270651 60.89 -0.0519805 0.998151 -0.0314956 -4.98134 -0.271995 0.0161953 0.962162 106.813 
0.961854 0.0599299 0.266918 61.0803 -0.0520876 0.99798 -0.0363715 -5.01322 -0.268559 0.0210809 0.963033 107.575 
0.963434 0.0570329 0.261807 61.2811 -0.0483324 0.998048 -0.0395582 -5.04489 -0.263552 0.0254579 0.964309 108.31 
0.964613 0.0547241 0.257927 61.47 -0.0464854 0.998198 -0.0379378 -5.07929 -0.259538 0.0246054 0.965419 109.073 
0.965695 0.0505853 0.254703 61.6588 -0.0427584 0.99843 -0.0361772 -5.10979 -0.256133 0.0240454 0.966342 109.858 
0.966248 0.0488008 0.252949 61.8478 -0.0417556 0.998578 -0.03315 -5.14649 -0.254207 0.021469 0.966911 110.649 
0.966813 0.0458377 0.251338 62.0457 -0.0394087 0.998756 -0.0305558 -5.1787 -0.252426 0.0196368 0.967417 111.432 
0.967184 0.0404877 0.25083 62.2508 -0.0341916 0.998982 -0.0294101 -5.20714 -0.251766 0.0198686 0.967584 112.233 
0.967628 0.0405386 0.249103 62.4578 -0.0346064 0.999004 -0.0281497 -5.2398 -0.249997 0.0186178 0.968068 113.028 
0.96727 0.0463743 0.249477 62.635 -0.0400678 0.998737 -0.0303013 -5.2643 -0.250567 0.0193134 0.967907 113.835 
0.966691 0.0510065 0.250812 62.8102 -0.0440378 0.998474 -0.033323 -5.30891 -0.252129 0.0211678 0.967462 114.657 
0.965841 0.0594869 0.252216 62.9962 -0.0523497 0.998018 -0.0349207 -5.34263 -0.253793 0.0205243 0.967041 115.51 
0.964882 0.0658329 0.254301 63.2008 -0.0589742 0.997663 -0.0345104 -5.36803 -0.255978 0.0183012 0.966509 116.329 
0.964104 0.0678889 0.256698 63.407 -0.0616488 0.997575 -0.0322891 -5.41345 -0.258268 0.0153048 0.965952 117.164 
0.963486 0.0690883 0.25869 63.6254 -0.0624932 0.997478 -0.0336421 -5.44607 -0.260362 0.0162473 0.965374 117.985 
0.962869 0.0685992 0.261107 63.8238 -0.0611915 0.997462 -0.0364058 -5.48431 -0.262941 0.0190765 0.964623 118.811 
0.963185 0.0616714 0.261669 64.0554 -0.0542624 0.997897 -0.0354535 -5.51745 -0.263305 0.0199494 0.964506 119.626 
0.963468 0.0550116 0.262113 64.2677 -0.0470461 0.998223 -0.0365739 -5.56214 -0.263659 0.0229064 0.964344 120.445 
0.963044 0.0552631 0.263614 64.4717 -0.0473314 0.998218 -0.0363503 -5.61078 -0.265152 0.0225296 0.963943 121.252 
0.962511 0.0578647 0.264999 64.6953 -0.0507832 0.998148 -0.0335028 -5.64751 -0.266446 0.0187893 0.963666 122.083 
0.962327 0.0589453 0.265428 64.9128 -0.0534732 0.998182 -0.0278023 -5.69191 -0.266584 0.0125615 0.96373 122.902 
0.961873 0.0624552 0.266269 65.1232 -0.058165 0.998019 -0.0239768 -5.72494 -0.267239 0.00757504 0.9636 123.726 
0.96134 0.0619692 0.268301 65.3192 -0.0557135 0.997969 -0.0308751 -5.76034 -0.269669 0.0147334 0.96284 124.566 
0.961715 0.0594271 0.26753 65.5459 -0.0493581 0.997802 -0.0442124 -5.80796 -0.269569 0.0293149 0.962535 125.357 
0.962023 0.0579465 0.266748 65.758 -0.0452493 0.997542 -0.0535086 -5.85491 -0.269192 0.0394063 0.96228 126.153 
0.962609 0.0537825 0.265501 65.9873 -0.0435121 0.998065 -0.0444193 -5.88665 -0.267376 0.0312059 0.963087 126.972 
0.963218 0.046668 0.264638 66.2094 -0.0418677 0.998841 -0.0237543 -5.93281 -0.265439 0.0118007 0.964055 127.805 
0.963549 0.0432968 0.264005 66.418 -0.0427956 0.999054 -0.00765247 -5.98348 -0.264086 -0.00392477 0.964491 128.64 
0.963472 0.0490548 0.263278 66.618 -0.0470738 0.998796 -0.0138314 -6.01909 -0.263639 0.000932573 0.964621 129.432 
0.963629 0.0568121 0.261134 66.8075 -0.0508874 0.998271 -0.0294005 -6.04438 -0.262353 0.0150426 0.964855 130.261 
0.964254 0.056964 0.258784 67.0199 -0.0489681 0.998106 -0.0372453 -6.07707 -0.260416 0.0232416 0.965217 131.039 
0.964776 0.0530832 0.257661 67.2114 -0.0447178 0.998268 -0.0382233 -6.11158 -0.259244 0.0253548 0.965479 131.847 
0.965759 0.0520549 0.254166 67.4234 -0.0440831 0.998344 -0.0369648 -6.1504 -0.255669 0.0244946 0.966454 132.645 
0.966756 0.0513331 0.250496 67.6202 -0.0431529 0.998344 -0.0380439 -6.19772 -0.252034 0.0259695 0.96737 133.454 
0.96789 0.0532712 0.245664 67.8012 -0.0448427 0.998202 -0.0397805 -6.2356 -0.247342 0.0274868 0.968538 134.241 
0.968369 0.0583917 0.242595 67.9875 -0.0501603 0.997941 -0.0399759 -6.28262 -0.244429 0.0265428 0.969304 135.043 
0.968395 0.0645599 0.240922 68.15 -0.0566098 0.997603 -0.039783 -6.33504 -0.242913 0.024887 0.969729 135.836 
0.968897 0.0659746 0.238509 68.3456 -0.058635 0.997566 -0.0377463 -6.37601 -0.240419 0.0225873 0.970406 136.635 
0.969174 0.0644397 0.237801 68.5154 -0.0584119 0.997769 -0.032316 -6.43032 -0.239352 0.0174294 0.970776 137.419 
0.969975 0.0618903 0.235198 68.7069 -0.0561744 0.997942 -0.0309321 -6.48126 -0.236628 0.0167911 0.971455 138.195 
0.970771 0.0605772 0.232236 68.8945 -0.0537682 0.997921 -0.0355448 -6.49273 -0.233906 0.0220189 0.97201 139.017 
0.972145 0.055759 0.227652 69.0668 -0.0480707 0.998075 -0.0391832 -6.53188 -0.229398 0.0271483 0.972954 139.808 
0.973969 0.0530972 0.220377 69.24 -0.0453285 0.998164 -0.0401642 -6.56943 -0.222105 0.0291293 0.974588 140.553 
0.975303 0.0519243 0.214679 69.3813 -0.0454708 0.998356 -0.0348949 -6.60368 -0.216138 0.0242714 0.976061 141.34 
0.977059 0.0475091 0.207599 69.5522 -0.0430823 0.998738 -0.0257964 -6.65586 -0.208563 0.0162607 0.977874 142.123 
0.977712 0.0448792 0.205095 69.692 -0.0421268 0.998954 -0.01777 -6.65069 -0.205678 0.00873385 0.978581 142.926 
0.978 0.0516826 0.202099 69.814 -0.0497606 0.998655 -0.0145832 -6.68816 -0.202581 0.00420569 0.979256 143.721 
0.978806 0.053751 0.197612 69.9483 -0.0509616 0.998516 -0.0191781 -6.72001 -0.198349 0.00870091 0.980093 144.52 
0.980298 0.0549838 0.189714 70.0836 -0.0502307 0.998294 -0.0297761 -6.74598 -0.191028 0.0196599 0.981388 145.309 
0.981855 0.0517978 0.18242 70.2377 -0.0462448 0.998332 -0.0345676 -6.77848 -0.183906 0.0255043 0.982613 146.101 
0.98294 0.0509166 0.176736 70.3475 -0.0456602 0.998389 -0.0336853 -6.80875 -0.178166 0.0250407 0.983682 146.908 
0.983929 0.0564477 0.169405 70.4709 -0.0519812 0.998176 -0.03069 -6.82722 -0.170829 0.0213908 0.985068 147.714 
0.984893 0.0609902 0.162066 70.5638 -0.0565397 0.997889 -0.0319376 -6.86195 -0.163671 0.0222919 0.986263 148.524 
0.98644 0.0638989 0.151173 70.6731 -0.0589456 0.997574 -0.0370283 -6.90339 -0.153173 0.0276151 0.987813 149.332 
0.987692 0.0630653 0.143131 70.7698 -0.0578265 0.997506 -0.0404758 -6.92217 -0.145326 0.0317008 0.988876 150.136 
0.988834 0.0633174 0.134902 70.8673 -0.0587066 0.997556 -0.0378912 -6.95474 -0.136972 0.0295484 0.990134 150.962 
0.989611 0.0653447 0.128066 70.9414 -0.0619567 0.99762 -0.0302676 -6.99652 -0.129738 0.0220185 0.991304 151.76 
0.99047 0.068776 0.119327 71.0258 -0.0662897 0.997495 -0.0246873 -7.02997 -0.120726 0.0165418 0.992548 152.579 
0.991475 0.0669967 0.111753 71.1036 -0.0650416 0.99766 -0.0210552 -7.05602 -0.112902 0.0136071 0.993513 153.394 
0.992197 0.0670654 0.105109 71.1874 -0.0655396 0.997689 -0.0179079 -7.09218 -0.106067 0.0108793 0.994299 154.215 
0.992668 0.0653067 0.101713 71.239 -0.0635098 0.997764 -0.0208094 -7.10336 -0.102844 0.014197 0.994596 155.051 
0.992828 0.0700049 0.0969091 71.3013 -0.067818 0.997367 -0.0256843 -7.13805 -0.0984519 0.0189278 0.994962 155.848 
0.992861 0.0750599 0.0927024 71.3511 -0.0723813 0.996866 -0.0319316 -7.17425 -0.0948085 0.0249936 0.995182 156.653 
0.992937 0.07685 0.0903932 71.3951 -0.0741194 0.996697 -0.0331921 -7.21644 -0.0926453 0.0262577 0.995353 157.439 
0.99313 0.0772306 0.0879107 71.4348 -0.0750362 0.996787 -0.0280053 -7.23329 -0.0897911 0.0212163 0.995735 158.281 
0.993249 0.078698 0.0852261 71.5022 -0.0774995 0.996842 -0.0172865 -7.26387 -0.0863173 0.0105647 0.996212 159.105 
0.993269 0.0806688 0.0831158 71.5454 -0.080068 0.996734 -0.0105425 -7.28698 -0.0836947 0.00381654 0.996484 159.923 
0.993985 0.0774821 0.07739 71.6068 -0.0766341 0.996963 -0.013874 -7.30636 -0.0782298 0.00785974 0.996904 160.742 
0.995189 0.0662904 0.0721361 71.6591 -0.0648481 0.997649 -0.022159 -7.35548 -0.0734353 0.0173744 0.997149 161.544 
0.995904 0.0638548 0.0640108 71.7139 -0.0621938 0.997682 -0.0276169 -7.36136 -0.0656258 0.0235227 0.997567 162.376 
0.995973 0.0686643 0.057638 71.7334 -0.0672311 0.997387 -0.0264503 -7.38327 -0.0593035 0.0224687 0.997987 163.211 
0.996567 0.0657616 0.0502907 71.7562 -0.0648689 0.997709 -0.0191848 -7.42399 -0.051437 0.0158566 0.99855 164.021 
0.997337 0.0601195 0.0412852 71.8159 -0.0595196 0.998105 -0.0156117 -7.45084 -0.0421454 0.0131128 0.999025 164.845 
0.998038 0.0513532 0.0358097 71.8368 -0.0510051 0.998642 -0.0105717 -7.48051 -0.0363039 0.0087244 0.999303 165.655 
0.998515 0.0461679 0.0289204 71.8554 -0.045856 0.998883 -0.0113621 -7.49194 -0.0294125 0.010019 0.999517 166.493 
0.998814 0.0438235 0.0212226 71.8821 -0.0434393 0.998889 -0.0182435 -7.51319 -0.0219984 0.0172999 0.999608 167.314 
0.999262 0.0356817 0.0142446 71.8866 -0.0352828 0.999003 -0.0273428 -7.55263 -0.015206 0.0268199 0.999525 168.119 
0.999639 0.0256578 0.00790991 71.8907 -0.0253976 0.999183 -0.0314207 -7.57642 -0.00870955 0.0312084 0.999475 168.95 
0.999591 0.0285656 0.000848769 71.894 -0.0285368 0.999299 -0.0242106 -7.60262 -0.00153968 0.0241764 0.999706 169.771 
0.999187 0.0401341 -0.00376034 71.8603 -0.0401731 0.999133 -0.0109204 -7.62934 0.00331889 0.0110625 0.999933 170.622 
0.998989 0.0442548 -0.00793515 71.8258 -0.044277 0.999016 -0.00262505 -7.65951 0.00781126 0.00297366 0.999965 171.466 
0.998976 0.0436295 -0.0119423 71.8049 -0.0437035 0.999026 -0.0059983 -7.67458 0.0116691 0.006514 0.999911 172.301 
0.998825 0.0464123 -0.0139178 71.7687 -0.0466401 0.998775 -0.0165137 -7.69526 0.0131344 0.0171433 0.999767 173.118 
0.998247 0.0569608 -0.0160972 71.7055 -0.0573554 0.998035 -0.0252118 -7.72316 0.0146296 0.0260908 0.999552 173.963 
0.998269 0.0556279 -0.0191143 71.6802 -0.0561705 0.997996 -0.0291253 -7.74858 0.0174559 0.0301484 0.999393 174.819 
0.998484 0.0505548 -0.0217435 71.679 -0.0510774 0.998402 -0.0241876 -7.77632 0.020486 0.0252615 0.999471 175.668 
0.998502 0.0506562 -0.0206765 71.64 -0.0510024 0.998561 -0.0165687 -7.78486 0.0198076 0.0175984 0.999649 176.51 
0.998438 0.0523279 -0.0195651 71.59 -0.0525428 0.998562 -0.0106293 -7.81144 0.0189808 0.0116406 0.999752 177.372 
0.998421 0.0519594 -0.0213241 71.5635 -0.0522116 0.99857 -0.01144 -7.83624 0.0206993 0.0125353 0.999707 178.224 
0.998505 0.0493285 -0.0235433 71.5278 -0.0498004 0.998561 -0.0198922 -7.8609 0.0225282 0.0210348 0.999525 179.063 
0.998882 0.0393156 -0.0262546 71.5046 -0.0401511 0.998678 -0.0320893 -7.8859 0.0249584 0.0331075 0.99914 179.905 
0.999185 0.0290816 -0.0279721 71.4746 -0.0300877 0.99889 -0.0362403 -7.91584 0.0268872 0.0370523 0.998951 180.746 
0.999041 0.031034 -0.0308844 71.4672 -0.0320133 0.998983 -0.0317333 -7.94463 0.0298682 0.0326915 0.999019 181.603 
0.998814 0.0374605 -0.0310906 71.4059 -0.0381373 0.999042 -0.0214651 -7.97597 0.0302568 0.0226253 0.999286 182.457 
0.998765 0.0375749 -0.0324933 71.3665 -0.0381576 0.999118 -0.0175003 -8.02006 0.0318072 0.0187185 0.999319 183.298 
0.998829 0.0354633 -0.0329061 71.3277 -0.0362505 0.999063 -0.0236391 -8.01721 0.032037 0.0248041 0.999179 184.138 
0.998804 0.0360872 -0.0329858 71.2891 -0.0370874 0.998855 -0.030228 -8.04163 0.0318573 0.0314152 0.998999 184.974 
0.99847 0.0435752 -0.0340263 71.24 -0.0446295 0.998527 -0.0308638 -8.06699 0.0326314 0.0323351 0.998944 185.805 
0.998316 0.0469894 -0.0340009 71.1811 -0.0479469 0.99846 -0.0279119 -8.10054 0.032637 0.0294951 0.999032 186.671 
0.998023 0.0519155 -0.0354323 71.1408 -0.0527872 0.998314 -0.0241219 -8.13787 0.0341204 0.0259444 0.999081 187.502 
0.997915 0.0544485 -0.0346546 71.0844 -0.0551836 0.998263 -0.0206177 -8.17069 0.0334719 0.022487 0.999187 188.321 
0.997721 0.0573256 -0.0355749 71.041 -0.0580846 0.998097 -0.0206794 -8.20183 0.0343218 0.0226985 0.999153 189.151 
0.997778 0.0561301 -0.0358814 70.9966 -0.0570426 0.99806 -0.0249333 -8.2262 0.0344123 0.0269245 0.999045 189.955 
