1 -4.23778e-08 4.22719e-08 0 -4.23778e-08 1 -4.19404e-08 0 4.22719e-08 -4.19404e-08 1 0 
0.999028 0.000494826 0.0440808 0.110412 -0.000361093 0.999995 -0.0030437 -0.0878808 -0.044082 0.00302474 0.999023 1.19872 
0.995973 -0.00500038 0.0895101 0.197396 0.00576077 0.999949 -0.00823967 -0.125537 -0.0894643 0.00872206 0.995952 2.14129 
0.990831 -0.00567295 0.13499 0.0770552 0.0076936 0.999866 -0.0144526 -0.0191435 -0.134889 0.0153586 0.990742 2.89007 
0.983412 -0.00346027 0.181355 0.0807682 0.00668873 0.99983 -0.0171938 0.0293849 -0.181264 0.0181216 0.983267 3.7202 
0.973993 -0.0060662 0.226495 0.266097 0.00993979 0.999823 -0.0159662 -0.0264036 -0.226358 0.0178022 0.973881 4.65503 
0.962485 -0.00730981 0.271235 0.496939 0.0122246 0.99979 -0.0164354 -0.114571 -0.271057 0.0191345 0.962373 5.2797 
0.948962 -0.0096264 0.315243 0.800326 0.0165786 0.999675 -0.0193795 -0.15173 -0.314954 0.0236166 0.948813 6.26209 
0.93365 -0.0116055 0.357998 1.14254 0.0204606 0.999571 -0.0209572 -0.178519 -0.357601 0.0268915 0.933487 7.20377 
0.916741 -0.013533 0.399252 1.587 0.0238543 0.999497 -0.0208943 -0.24018 -0.398769 0.0286785 0.916603 8.14107 
0.897241 -0.0130705 0.441348 2.00983 0.0239579 0.99953 -0.0191046 -0.262189 -0.440891 0.0277151 0.897133 9.03665 
0.875514 -0.0153552 0.482948 2.44288 0.0272373 0.999474 -0.0175996 -0.358567 -0.482424 0.0285628 0.875472 9.8149 
0.851917 -0.0145965 0.523473 3.01452 0.0269811 0.999507 -0.01604 -0.404555 -0.522981 0.0277886 0.851891 10.6431 
0.825 -0.0164242 0.564893 3.34929 0.0296821 0.999457 -0.0142905 -0.54068 -0.564352 0.0285569 0.82504 11.5579 
0.79804 -0.0178376 0.60234 4.0562 0.0318075 0.999415 -0.0125454 -0.61311 -0.601764 0.0291707 0.798141 12.3869 
0.769554 -0.0163759 0.638372 4.68085 0.0325565 0.999377 -0.0136102 -0.620297 -0.637751 0.0312569 0.769608 13.1956 
0.739485 -0.0211129 0.672841 5.38725 0.0391945 0.999163 -0.0117244 -0.657413 -0.672031 0.0350416 0.739694 13.9555 
0.707064 -0.0203976 0.706856 5.96829 0.0394015 0.999167 -0.0105804 -0.690307 -0.706051 0.0353321 0.707279 14.6104 
0.671915 -0.0208972 0.740333 6.60641 0.0421764 0.999059 -0.0100786 -0.771136 -0.739426 0.0379965 0.672164 15.2676 
0.635309 -0.0234774 0.771901 7.36352 0.0483653 0.998785 -0.00942879 -0.797114 -0.770742 0.0433234 0.635672 16.0845 
0.596689 -0.020777 0.802204 8.06621 0.0469121 0.998858 -0.00902359 -0.81311 -0.8011 0.0430173 0.596982 16.6964 
0.5541 -0.0196571 0.832218 8.61618 0.0515654 0.998612 -0.0107456 -0.806692 -0.830851 0.0488678 0.554345 17.4816 
0.512668 -0.0179761 0.858398 9.39148 0.0559156 0.998357 -0.012488 -0.831808 -0.856764 0.0544 0.512831 18.1032 
0.473878 -0.0168522 0.880429 10.3097 0.0600067 0.998111 -0.0131931 -0.836553 -0.878544 0.0590836 0.473994 18.5685 
0.435935 -0.0178341 0.899801 11.2776 0.0649616 0.997819 -0.0116958 -0.815088 -0.89763 0.0635511 0.436143 18.9908 
0.39857 -0.0195474 0.91693 12.0248 0.0688089 0.997592 -0.00864283 -0.893237 -0.914553 0.0665377 0.398955 19.3476 
0.360922 -0.017292 0.932436 12.762 0.0697373 0.997529 -0.00849443 -0.948676 -0.929985 0.0680913 0.361236 19.7506 
0.328312 -0.0179014 0.9444 13.7611 0.0688911 0.997611 -0.0050394 -1.00695 -0.942054 0.0667152 0.328761 20.0099 
0.29535 -0.0195387 0.955189 14.7522 0.0724472 0.99737 -0.00199965 -1.03233 -0.952638 0.0697913 0.295989 20.2929 
0.261918 -0.01929 0.964897 15.662 0.0725711 0.997363 0.00023976 -1.04276 -0.962358 0.0699608 0.262627 20.5848 
0.230059 -0.0166603 0.973034 16.7098 0.0713607 0.99745 0.000206136 -1.05667 -0.970557 0.069389 0.230662 20.8095 
0.199748 -0.0163158 0.979711 17.4085 0.070745 0.997492 0.00218794 -1.13993 -0.97729 0.0688726 0.200402 20.9984 
0.170317 -0.016151 0.985257 18.4257 0.0733036 0.997303 0.0036767 -1.14204 -0.982659 0.0715967 0.171041 21.1758 
0.138881 -0.0163097 0.990175 19.3554 0.0740578 0.997236 0.00603863 -1.18451 -0.987536 0.0724915 0.139705 21.3689 
0.108565 -0.0162189 0.993957 20.4081 0.0715031 0.997404 0.00846514 -1.1776 -0.991514 0.070152 0.109443 21.4973 
0.0784944 -0.0177153 0.996757 21.5146 0.0708649 0.997412 0.0121462 -1.20193 -0.994393 0.0696817 0.0795466 21.6033 
0.0518129 -0.0178795 0.998497 22.7404 0.0756267 0.997039 0.0139289 -1.19321 -0.995789 0.0747913 0.0530116 21.6187 
0.0249027 -0.0176335 0.999534 23.6492 0.0775732 0.996864 0.0156536 -1.18733 -0.996676 0.0771473 0.0261925 21.6784 
1.90268e-05 -0.0186218 0.999827 24.6805 0.0826245 0.996408 0.0185564 -1.25215 -0.996581 0.0826098 0.00155757 21.8214 
-0.021411 -0.0196196 0.999578 25.7686 0.0882437 0.995868 0.0214369 -1.28892 -0.995869 0.0886654 -0.0195912 21.859 
-0.0406296 -0.0199547 0.998975 27.033 0.09404 0.995286 0.0237057 -1.25672 -0.994739 0.0949067 -0.0385615 21.9827 
-0.0553781 -0.0200468 0.998264 28.3762 0.0956604 0.995093 0.0252897 -1.27133 -0.993872 0.0968948 -0.0531886 21.8913 
-0.0744594 -0.0209781 0.997003 29.4234 0.0979644 0.994789 0.0282477 -1.28756 -0.9924 0.0997741 -0.0720163 22.0234 
-0.0896487 -0.0209685 0.995753 30.6997 0.0988317 0.994656 0.0298433 -1.23408 -0.991058 0.101087 -0.0870973 21.9917 
-0.101545 -0.0205956 0.994618 31.8476 0.0992135 0.994592 0.0307242 -1.19995 -0.989871 0.101799 -0.0989528 21.8745 
-0.115105 -0.0165722 0.993215 32.9679 0.0968944 0.994905 0.0278295 -1.16801 -0.988616 0.0994402 -0.112913 21.8074 
-0.127783 -0.0114009 0.991737 33.9679 0.0925151 0.995437 0.0233637 -1.13577 -0.987478 0.0947361 -0.126145 21.7609 
-0.140461 -0.00629019 0.990066 34.9674 0.0881914 0.995925 0.0188391 -1.1077 -0.98615 0.0899615 -0.139334 21.7009 
-0.148065 -0.0060002 0.988959 36.0263 0.0850307 0.996201 0.0187747 -1.12998 -0.985315 0.0868718 -0.146992 21.5788 
-0.15412 -0.00542516 0.988037 37.239 0.0831675 0.996365 0.0184438 -1.15545 -0.984546 0.0850152 -0.153109 21.4293 
-0.160097 -0.00416777 0.987092 38.4994 0.0834919 0.99635 0.0177483 -1.14076 -0.983564 0.0852557 -0.159164 21.2512 
-0.165051 -0.00269527 0.986281 39.7198 0.0851061 0.996227 0.0169646 -1.14108 -0.982606 0.0867386 -0.164199 21.0397 
-0.170244 -0.00206007 0.9854 41.0835 0.0824355 0.996463 0.0163252 -1.18038 -0.981948 0.0840112 -0.169472 20.9011 
-0.175058 -0.00491957 0.984546 42.4802 0.0813011 0.9965 0.0194351 -1.20519 -0.981195 0.0834469 -0.174046 20.7176 
-0.177753 -0.00779558 0.984044 43.9323 0.0809301 0.996465 0.0225128 -1.23947 -0.980741 0.0836405 -0.176494 20.5291 
-0.181986 -0.00936421 0.983256 45.2804 0.0806165 0.996446 0.0244107 -1.24065 -0.979991 0.0837091 -0.180584 20.3368 
-0.184249 -0.00954258 0.982833 46.752 0.0804485 0.996451 0.0247562 -1.22709 -0.979582 0.0836288 -0.182827 20.077 
-0.187626 -0.0110196 0.982179 48.2471 0.0811527 0.996344 0.0266811 -1.19305 -0.978882 0.0847125 -0.186046 19.9363 
-0.189241 -0.0102344 0.981877 49.7128 0.0821747 0.996273 0.0262221 -1.25274 -0.978486 0.0856478 -0.187694 19.7008 
-0.189511 -0.00888236 0.981838 51.2728 0.0838744 0.996158 0.025201 -1.21581 -0.97829 0.087127 -0.188038 19.4106 
-0.189901 -0.00869254 0.981765 52.5093 0.0837068 0.996176 0.0250113 -1.22493 -0.978228 0.0869301 -0.188448 19.2315 
-0.190918 -0.00908168 0.981564 53.9385 0.0831964 0.996209 0.0253991 -1.23402 -0.978074 0.0865117 -0.189438 19.0643 
-0.190107 -0.00936642 0.981719 55.666 0.0814437 0.996357 0.0252774 -1.17494 -0.978379 0.0847602 -0.188652 18.8776 
-0.189194 -0.00880432 0.9819 57.2537 0.0801683 0.996483 0.024382 -1.14021 -0.978662 0.0833302 -0.187823 18.6157 
-0.189462 -0.0088308 0.981848 58.7018 0.0791792 0.996566 0.0242419 -1.12103 -0.97869 0.0823349 -0.188112 18.3722 
-0.187454 -0.00741892 0.982245 60.2123 0.083012 0.996274 0.023367 -1.09554 -0.978759 0.0859184 -0.18614 18.0897 
-0.186266 -0.00790528 0.982467 61.7274 0.0825309 0.996307 0.0236636 -1.08153 -0.979027 0.0854917 -0.184926 17.8155 
-0.186327 -0.0100427 0.982436 63.3872 0.0834045 0.996176 0.0260014 -1.07217 -0.978941 0.0867844 -0.184777 17.5486 
-0.185773 -0.0129177 0.982508 64.7428 0.0834687 0.996092 0.0288785 -1.10178 -0.979041 0.0873734 -0.183969 17.2317 
-0.185017 -0.0120814 0.982661 66.2574 0.0840972 0.996062 0.02808 -1.08738 -0.97913 0.0878343 -0.183272 16.9605 
-0.187521 -0.0107912 0.982201 67.6175 0.0826404 0.996221 0.0267228 -1.06951 -0.978778 0.0861806 -0.18592 16.784 
-0.186623 -0.0100414 0.98238 69.1299 0.084402 0.996087 0.0262154 -1.04037 -0.978799 0.0878073 -0.185046 16.5067 
-0.187169 -0.0108735 0.982267 70.8554 0.085503 0.995963 0.0273175 -1.04992 -0.978599 0.0890998 -0.185484 16.2509 
-0.187329 -0.0128275 0.982213 72.6153 0.0836195 0.996077 0.0289565 -1.01873 -0.978732 0.0875566 -0.185521 15.9505 
-0.186966 -0.0130606 0.98228 74.2836 0.0876504 0.995702 0.0299223 -1.01713 -0.978448 0.0916916 -0.185017 15.6644 
-0.184024 -0.0138074 0.982825 76.0209 0.0919334 0.995276 0.0311959 -1.02571 -0.978613 0.0960953 -0.181885 15.2748 
-0.183811 -0.0138099 0.982865 77.7323 0.0914356 0.995326 0.0310848 -1.00194 -0.9787 0.0955826 -0.181689 14.9614 
-0.184249 -0.012827 0.982796 79.5208 0.0926349 0.995237 0.030356 -0.972309 -0.978504 0.0966343 -0.182183 14.664 
-0.186606 -0.0124315 0.982356 81.2739 0.0918092 0.995323 0.0300354 -0.947532 -0.978136 0.0957941 -0.184592 14.4134 
-0.18852 -0.0113559 0.982004 82.9999 0.0929624 0.995237 0.0293553 -0.927656 -0.977659 0.0968235 -0.186567 14.1379 
-0.190689 -0.0121364 0.981575 84.9356 0.0918648 0.995315 0.0301526 -0.892199 -0.977343 0.095922 -0.18868 13.8548 
-0.190061 -0.0124814 0.981693 86.6367 0.0916596 0.995326 0.0304004 -0.859448 -0.977484 0.0957595 -0.188028 13.5329 
-0.191551 -0.0148488 0.98137 88.1277 0.0884675 0.995554 0.032331 -0.875606 -0.977487 0.0930124 -0.189386 13.2951 
-0.193096 -0.0148235 0.981068 89.7287 0.0891783 0.995482 0.0325935 -0.886357 -0.977119 0.0937836 -0.190902 13.0371 
-0.193839 -0.0143663 0.980928 91.5152 0.087585 0.995646 0.0318892 -0.833796 -0.977116 0.092096 -0.191737 12.6526 
-0.19851 -0.0155954 0.979975 93.0816 0.0869757 0.995648 0.0334631 -0.86758 -0.976232 0.0918768 -0.19629 12.3574 
-0.202243 -0.0163762 0.979198 94.8868 0.0828016 0.995994 0.0337589 -0.832623 -0.975829 0.0879067 -0.200077 11.9761 
-0.210699 -0.0192778 0.977361 96.4047 0.0834639 0.9958 0.0376344 -0.889433 -0.973981 0.0895039 -0.208205 11.7904 
-0.215092 -0.0194185 0.976401 98.2679 0.0799152 0.996099 0.0374147 -0.864985 -0.973318 0.0860769 -0.212701 11.4081 
-0.22049 -0.0179923 0.975223 100.111 0.0826614 0.995888 0.0370626 -0.84892 -0.97188 0.0887852 -0.218096 11.0548 
-0.228787 -0.0168512 0.973331 101.933 0.0834279 0.995832 0.0368509 -0.845012 -0.969895 0.0896339 -0.226428 10.817 
-0.233009 -0.0191635 0.972286 103.733 0.0815437 0.9959 0.0391709 -0.854596 -0.96905 0.088411 -0.230491 10.4246 
-0.237423 -0.0216698 0.971164 105.645 0.0811094 0.995818 0.0420489 -0.846643 -0.968014 0.088754 -0.234673 9.94516 
-0.244852 -0.022423 0.969301 107.568 0.0789318 0.995953 0.0429782 -0.785371 -0.966342 0.087032 -0.242092 9.58986 
-0.249141 -0.0232584 0.968188 109.268 0.0758176 0.996175 0.0434406 -0.725403 -0.965495 0.0842286 -0.246425 9.16172 
-0.255713 -0.0243235 0.966447 111.221 0.0733209 0.996316 0.0444752 -0.663814 -0.963968 0.0822337 -0.252987 8.71376 
-0.261578 -0.0224274 0.964922 113.14 0.0762405 0.996126 0.0438205 -0.601033 -0.962166 0.0850286 -0.258855 8.24821 
-0.266524 -0.020064 0.963619 115.063 0.0791114 0.995954 0.0426183 -0.511283 -0.960576 0.0875921 -0.263858 7.72671 
-0.273521 -0.0211174 0.961634 117.048 0.0793727 0.995854 0.0444452 -0.441885 -0.958585 0.0884842 -0.270711 7.16091 
-0.276997 -0.0224518 0.960608 118.946 0.0813744 0.995587 0.0467341 -0.380918 -0.957419 0.0911141 -0.273948 6.59219 
-0.282506 -0.0240329 0.958964 120.939 0.0811719 0.995502 0.0488612 -0.391967 -0.955825 0.0916446 -0.279284 6.07853 
-0.285946 -0.0239045 0.957947 122.834 0.0782029 0.995772 0.0481917 -0.25187 -0.955049 0.0886945 -0.282868 5.46085 
-0.289911 -0.0226388 0.956786 124.935 0.081639 0.995491 0.0482916 -0.128812 -0.953565 0.0921113 -0.286756 4.84906 
-0.293049 -0.0184355 0.95592 126.6 0.0961274 0.99418 0.0486424 -0.0267341 -0.951253 0.106145 -0.289571 4.29808 
-0.296886 -0.0184093 0.954735 128.455 0.0948527 0.994301 0.0486676 0.0545654 -0.95019 0.105008 -0.293447 3.75179 
-0.298745 -0.0149962 0.954215 130.428 0.100393 0.993835 0.0470496 0.143616 -0.949038 0.109852 -0.295397 3.11259 
-0.301278 -0.0157637 0.953406 132.024 0.0988115 0.993964 0.0476589 0.203784 -0.948403 0.108566 -0.297902 2.53491 
-0.305827 -0.0141753 0.951982 133.984 0.0996872 0.993916 0.0468244 0.295311 -0.946854 0.109221 -0.302553 1.93327 
-0.311192 -0.0145808 0.950235 136.057 0.0962209 0.994261 0.0467676 0.339639 -0.945463 0.105986 -0.308003 1.33417 
-0.316024 -0.0140654 0.948647 137.992 0.100796 0.993733 0.0483122 0.391734 -0.943382 0.110888 -0.312626 0.752904 
-0.319466 -0.0134253 0.947503 139.624 0.101002 0.993721 0.0481344 0.448958 -0.9422 0.111077 -0.316104 0.118323 
-0.327744 -0.0143389 0.944658 141.56 0.100472 0.993686 0.0499413 0.466807 -0.939409 0.111279 -0.324234 -0.271904 
-0.335069 -0.0165407 0.942048 143.378 0.10115 0.993436 0.0534201 0.363772 -0.936748 0.113188 -0.331196 -0.705808 
-0.341419 -0.0164623 0.939767 145.235 0.100592 0.993464 0.0539481 0.428146 -0.934513 0.112952 -0.337532 -1.19384 
-0.345407 -0.0167527 0.938303 147.25 0.100346 0.993449 0.0546765 0.535205 -0.933073 0.113041 -0.341463 -1.89369 
-0.349647 -0.015079 0.93676 149.164 0.103332 0.99315 0.0545556 0.63 -0.931165 0.115873 -0.345694 -2.54984 
-0.352452 -0.0138624 0.935727 150.824 0.101296 0.99345 0.0528719 0.713284 -0.930331 0.113421 -0.348739 -3.17985 
-0.354343 -0.0129238 0.935026 152.673 0.100278 0.993613 0.0517354 0.803043 -0.929723 0.112095 -0.350784 -3.90434 
-0.358991 -0.0118078 0.933266 154.531 0.102575 0.993364 0.0520248 0.838985 -0.927687 0.114407 -0.355397 -4.52834 
-0.360956 -0.0122629 0.932502 156.558 0.101107 0.993505 0.0522019 0.904178 -0.927086 0.113125 -0.357372 -5.26849 
-0.366899 -0.0125162 0.930177 158.439 0.0977256 0.993858 0.0519199 1.00699 -0.925113 0.109951 -0.363422 -5.89339 
-0.370765 -0.0115752 0.928654 160.394 0.0991155 0.993718 0.0519579 1.10827 -0.923422 0.111308 -0.367289 -6.65141 
-0.376769 -0.0121142 0.926228 162.432 0.0975106 0.99384 0.0526636 1.17204 -0.921161 0.110159 -0.373267 -7.40353 
-0.381028 -0.0118856 0.924487 164.084 0.0986955 0.993681 0.0534525 1.23312 -0.919281 0.11161 -0.377447 -7.97185 
-0.384645 -0.012091 0.922985 165.679 0.097509 0.993787 0.0536543 1.31184 -0.9179 0.110637 -0.381076 -8.55794 
-0.386722 -0.013197 0.922102 167.374 0.0975475 0.993703 0.0551323 1.39321 -0.917023 0.11127 -0.382999 -9.29224 
-0.389918 -0.0136047 0.920749 169.239 0.0963509 0.9938 0.0554866 1.45138 -0.915795 0.11035 -0.38619 -10.0851 
-0.393729 -0.0131109 0.919133 170.945 0.0960837 0.993834 0.0553358 1.4841 -0.914191 0.110101 -0.390042 -10.7283 
-0.395704 -0.00839189 0.91834 172.76 0.0977681 0.993891 0.0512095 1.61548 -0.913159 0.110048 -0.392466 -11.5064 
-0.399118 -0.00966779 0.916849 174.634 0.0939023 0.994256 0.051361 1.68554 -0.912079 0.106593 -0.395917 -12.2779 
-0.405491 -0.0104626 0.914039 176.218 0.0908466 0.994523 0.0516856 1.65867 -0.909574 0.103995 -0.402319 -12.7988 
-0.413833 -0.00667069 0.910328 177.936 0.092843 0.99445 0.0494933 1.64646 -0.905606 0.105 -0.410917 -13.382 
-0.417348 -0.0086702 0.908705 179.678 0.0907689 0.994556 0.0511773 1.70346 -0.904202 0.103841 -0.414289 -14.1458 
-0.423765 -0.00863696 0.905731 181.553 0.0903268 0.994567 0.0517452 1.75623 -0.901257 0.10374 -0.420682 -14.7703 
-0.429541 -0.00775789 0.903014 183.678 0.0901368 0.994601 0.0514204 1.89041 -0.898538 0.103482 -0.426523 -15.7176 
-0.436718 -0.00801928 0.899563 185.687 0.0894118 0.994622 0.0522742 1.92016 -0.895144 0.103261 -0.433652 -16.4107 
-0.440358 -0.00799137 0.897787 187.732 0.0889018 0.994658 0.0524593 1.97902 -0.89341 0.102916 -0.437295 -17.3184 
-0.445113 -0.00732033 0.895444 189.69 0.0898882 0.994551 0.0528127 2.03662 -0.890951 0.103997 -0.44203 -18.1353 
-0.449653 -0.00546499 0.893186 191.652 0.091956 0.994385 0.0523772 2.1593 -0.888457 0.105685 -0.446626 -18.9388 
-0.454499 -0.0078569 0.890713 193.235 0.090413 0.99439 0.0549059 2.11063 -0.886147 0.105487 -0.451238 -19.6161 
-0.457468 -0.00745471 0.889195 195.028 0.0927596 0.994109 0.0560566 2.18574 -0.884375 0.108125 -0.454082 -20.465 
-0.459689 -0.00626527 0.888058 196.507 0.093684 0.994053 0.0555071 2.24953 -0.883125 0.108713 -0.456368 -21.255 
-0.460969 -0.0126393 0.887326 197.79 0.0882838 0.994285 0.0600265 2.1811 -0.883014 0.106007 -0.457219 -21.9505 
-0.462574 -0.0148349 0.886457 199.376 0.0871095 0.994262 0.0620947 2.14229 -0.882291 0.105942 -0.458627 -22.9162 
-0.466216 -0.0147302 0.884548 201.091 0.087005 0.994251 0.0624145 2.15316 -0.880382 0.106059 -0.462254 -23.8533 
-0.47094 -0.0142627 0.88205 203.16 0.0860626 0.994357 0.0620288 2.23985 -0.877957 0.105123 -0.467055 -24.7206 
-0.474888 -0.0137313 0.879939 205.074 0.0838415 0.994624 0.0607688 2.37746 -0.876043 0.102634 -0.471184 -25.6081 
-0.477011 -0.0103609 0.878836 206.724 0.0898309 0.994119 0.060478 2.42786 -0.874294 0.107795 -0.473275 -26.5155 
-0.485556 -0.0110902 0.874135 208.579 0.0909378 0.993854 0.0631223 2.46976 -0.869463 0.110141 -0.481564 -27.0611 
-0.497815 -0.0121795 0.867197 210.587 0.0923176 0.993476 0.066948 2.46749 -0.862356 0.113385 -0.493444 -27.4272 
-0.503696 -0.0130641 0.863782 212.373 0.0923734 0.993338 0.068889 2.52608 -0.858928 0.11449 -0.499134 -28.2209 
-0.510822 -0.0152612 0.859551 214.174 0.089779 0.993428 0.0709927 2.51531 -0.854986 0.113434 -0.506095 -29.0161 
-0.521101 -0.016933 0.853327 215.82 0.0943148 0.992537 0.0772906 2.36222 -0.848268 0.120758 -0.515615 -29.6183 
-0.526105 -0.0185908 0.850216 217.661 0.0921214 0.992632 0.0787085 2.46393 -0.845415 0.119732 -0.520516 -30.6445 
-0.531309 -0.0189217 0.846967 219.584 0.0912807 0.992652 0.0794375 2.61668 -0.842246 0.119518 -0.525677 -31.7591 
-0.534138 -0.0194823 0.845173 221.291 0.0900004 0.992742 0.0797629 2.77556 -0.840593 0.11867 -0.528508 -32.8766 
-0.538947 -0.0197723 0.842107 223.342 0.088628 0.992844 0.0800332 2.95876 -0.837664 0.117768 -0.533338 -34.1042 
-0.544068 -0.0206984 0.838785 224.888 0.0864607 0.992991 0.0805853 3.04584 -0.834574 0.116366 -0.538465 -34.9183 
-0.54634 -0.0200235 0.837324 226.882 0.0864821 0.993022 0.0801749 3.21054 -0.833087 0.116216 -0.540796 -36.2221 
-0.550244 -0.0186388 0.834796 229.074 0.0875628 0.992951 0.0798857 3.38462 -0.8304 0.117054 -0.544733 -37.5795 
-0.553851 -0.0175143 0.832432 231.138 0.0895912 0.99272 0.0804954 3.57805 -0.827782 0.119161 -0.54825 -38.9453 
-0.557697 -0.0179362 0.829851 232.798 0.0876399 0.992906 0.0803584 3.69321 -0.825405 0.117544 -0.552168 -39.9826 
-0.562746 -0.0175676 0.826443 234.554 0.0877918 0.992849 0.0808845 3.82558 -0.821955 0.118072 -0.55718 -41.0562 
-0.566312 -0.0171869 0.824012 236.36 0.0888988 0.992676 0.0818015 3.92959 -0.819383 0.119579 -0.560636 -42.2498 
-0.569908 -0.0185966 0.821498 238.214 0.0897595 0.992352 0.0847342 3.89261 -0.816791 0.122028 -0.56388 -43.4409 
-0.574888 -0.0181821 0.81803 239.941 0.0884674 0.992511 0.0842325 3.89844 -0.813436 0.120793 -0.568974 -44.4998 
-0.578917 -0.0193324 0.815157 241.563 0.0890749 0.992236 0.0867922 3.97876 -0.810506 0.122856 -0.572701 -45.543 
-0.582371 -0.018306 0.812717 243.261 0.0907187 0.992038 0.0873516 4.05137 -0.807846 0.1246 -0.576073 -46.6622 
-0.588144 -0.0176319 0.808564 245.109 0.0913419 0.991917 0.0880716 4.11996 -0.803581 0.125655 -0.58178 -47.6515 
-0.594053 -0.0171417 0.804243 247.186 0.0917513 0.991805 0.0889113 4.23772 -0.799176 0.126608 -0.587612 -48.7182 
-0.598349 -0.0162523 0.801071 249.068 0.0897219 0.992147 0.0871454 4.43482 -0.796196 0.124017 -0.592192 -49.9932 
-0.602948 -0.0145209 0.797648 251.365 0.0877861 0.992555 0.0844271 4.66016 -0.792936 0.120928 -0.597184 -51.6254 
-0.606978 -0.0136175 0.794602 253.273 0.0875813 0.992617 0.0839121 4.81526 -0.789878 0.120525 -0.601303 -53.0008 
-0.611765 -0.0151086 0.790895 255.112 0.0835755 0.992987 0.0836156 4.93922 -0.786612 0.117253 -0.606213 -54.3077 
-0.614238 -0.015058 0.788977 256.785 0.0812755 0.993293 0.0822325 5.12791 -0.784924 0.114635 -0.608895 -55.6131 
-0.615878 -0.0124077 0.787744 258.371 0.0845036 0.993067 0.0817087 5.33323 -0.783297 0.11689 -0.61056 -56.9174 
-0.616808 -0.0158672 0.786954 259.122 0.0818642 0.993081 0.0841877 5.38913 -0.782845 0.116351 -0.611241 -58.1195 
-0.617185 -0.0168135 0.786638 260.013 0.0831492 0.99278 0.0864571 5.48522 -0.782412 0.118768 -0.611331 -59.3527 
-0.620007 -0.0171284 0.784409 261.089 0.082043 0.992865 0.0865281 5.69715 -0.780295 0.118003 -0.614179 -60.3281 
-0.620779 -0.0156881 0.783828 262.276 0.082501 0.992941 0.0852129 6.00888 -0.779632 0.117565 -0.615103 -61.4942 
-0.62155 -0.0142483 0.783245 263.463 0.0829603 0.993015 0.0838981 6.31852 -0.778969 0.117125 -0.616026 -62.6618 
-0.62234 -0.0165629 0.782572 263.965 0.0805774 0.993109 0.0850978 6.40252 -0.778589 0.116017 -0.616716 -63.5091 
-0.619966 -0.0209985 0.784347 264.558 0.0723338 0.993855 0.0837817 6.5909 -0.781287 0.108677 -0.614638 -64.652 
-0.618184 -0.0237467 0.785674 265.244 0.0650923 0.994564 0.0812761 6.83849 -0.783333 0.101385 -0.613278 -65.8509 
-0.618304 -0.0292059 0.785396 265.949 0.0579298 0.994897 0.0826016 6.96485 -0.783801 0.0965707 -0.613457 -66.8962 
-0.619001 -0.0348863 0.784615 266.579 0.0490171 0.995349 0.0829268 7.11641 -0.783859 0.0897913 -0.614412 -67.903 
-0.617527 -0.0446917 0.785279 267.266 0.0366426 0.995666 0.08548 7.32704 -0.785696 0.0815609 -0.613213 -69.0696 
-0.61763 -0.0485275 0.78497 267.904 0.0319619 0.995721 0.0867044 7.40916 -0.785819 0.0786403 -0.613436 -69.9398 
-0.616855 -0.0480083 0.785611 268.511 0.0351346 0.995463 0.0884195 7.44448 -0.786292 0.0821442 -0.61237 -70.7251 
-0.613638 -0.0465083 0.788216 269.166 0.0395245 0.995203 0.0894917 7.51688 -0.788597 0.0860694 -0.608856 -71.6114 
-0.615638 -0.0367187 0.787173 269.851 0.0600852 0.993819 0.0933498 7.40729 -0.785735 0.104767 -0.609626 -72.3196 
-0.615703 -0.0390356 0.787011 270.856 0.0597777 0.99358 0.0960473 7.55581 -0.785708 0.106182 -0.609416 -73.4291 
-0.615278 -0.0463759 0.786944 271.649 0.0557984 0.993202 0.102157 7.62446 -0.786333 0.106765 -0.608508 -74.1854 
-0.612437 -0.0434382 0.789325 272.534 0.0639279 0.992497 0.104221 7.72169 -0.78793 0.114289 -0.605065 -75.2371 
-0.61109 -0.0429559 0.790395 273.674 0.064744 0.992468 0.103995 7.90436 -0.788909 0.114723 -0.603706 -76.4294 
-0.612038 -0.0446917 0.789564 274.74 0.0612679 0.992721 0.103683 8.07843 -0.788451 0.111833 -0.604845 -77.3891 
-0.61298 -0.0464311 0.788733 275.805 0.0577913 0.992963 0.103367 8.25164 -0.787982 0.108944 -0.605983 -78.3504 
-0.616118 -0.047989 0.786191 276.736 0.0575154 0.992736 0.10567 8.35666 -0.785551 0.110323 -0.608883 -79.1503 
-0.62042 -0.0501378 0.782665 277.641 0.0546644 0.992763 0.106929 8.4759 -0.782362 0.109125 -0.613189 -79.7735 
-0.623999 -0.0511771 0.779747 278.705 0.0538983 0.992658 0.108284 8.65546 -0.779564 0.109596 -0.616659 -80.7561 
-0.625988 -0.0521599 0.778086 279.615 0.0552496 0.992287 0.110969 8.75541 -0.777873 0.112454 -0.618278 -81.5444 
-0.630856 -0.0540258 0.774017 280.511 0.0526578 0.992292 0.112179 8.85478 -0.774111 0.111527 -0.623148 -82.2342 
-0.634206 -0.058728 0.77093 281.478 0.0445746 0.992675 0.112289 9.02248 -0.771878 0.105578 -0.626943 -83.0871 
-0.632135 -0.0669309 0.771962 282.474 0.0301287 0.993386 0.1108 9.25685 -0.774272 0.0932989 -0.625938 -84.1035 
-0.629943 -0.075101 0.773002 283.471 0.0156717 0.993882 0.109332 9.48677 -0.776484 0.080987 -0.624911 -85.1197 
-0.627628 -0.0832364 0.77405 284.469 0.00120679 0.994163 0.107884 9.71226 -0.778512 0.0686454 -0.623864 -86.1356 
-0.625193 -0.0913353 0.775107 285.468 -0.0132628 0.994229 0.106458 9.93333 -0.780357 0.0562767 -0.622796 -87.1512 
-0.622637 -0.099396 0.776172 286.469 -0.0277338 0.99408 0.105053 10.15 -0.782019 0.0438839 -0.621708 -88.1663 
-0.619962 -0.107417 0.777244 287.471 -0.0422032 0.993716 0.10367 10.3623 -0.783496 0.0314695 -0.620599 -89.181 
-0.617167 -0.115396 0.778324 288.475 -0.0566677 0.993137 0.10231 10.5702 -0.784789 0.0190364 -0.619471 -90.1952 
-0.618745 -0.112735 0.777461 289.999 -0.0537545 0.993406 0.101267 10.7942 -0.783751 0.0208662 -0.620725 -91.5812 
-0.622108 -0.114949 0.774447 291.883 -0.0568431 0.993184 0.101754 10.9623 -0.780865 0.0192802 -0.624402 -93.005 
-0.625366 -0.113622 0.772015 294.267 -0.0544509 0.993285 0.10208 11.2002 -0.77843 0.0218004 -0.627353 -94.9017 
-0.629005 -0.112015 0.769289 296.462 -0.052468 0.993425 0.101751 11.446 -0.775629 0.023639 -0.630746 -96.6212 
-0.631695 -0.108594 0.767573 298.803 -0.0466828 0.993672 0.102163 11.7491 -0.77381 0.0287036 -0.632767 -98.5073 
-0.632056 -0.115415 0.76628 300.84 -0.0584976 0.993131 0.101331 11.9354 -0.772712 0.0192215 -0.634466 -100.111 
-0.635533 -0.112509 0.763832 302.889 -0.066301 0.993624 0.0911921 12.1902 -0.769222 0.00731278 -0.63894 -101.691 
-0.639941 -0.110135 0.76049 305.069 -0.0771814 0.993883 0.0789884 12.4942 -0.764538 -0.00814781 -0.644527 -103.459 
-0.64137 -0.106812 0.75976 307.107 -0.0697997 0.994278 0.0808595 12.6916 -0.76405 -0.00117017 -0.645156 -105.126 
-0.64253 -0.114146 0.757711 309.016 -0.0685558 0.99344 0.0915228 12.9532 -0.763187 0.00686064 -0.646141 -106.774 
-0.644704 -0.123788 0.754343 310.798 -0.0738736 0.992272 0.0996956 13.1841 -0.760854 0.0085482 -0.648867 -108.337 
-0.64743 -0.13005 0.750947 312.678 -0.0793419 0.99148 0.103302 13.3443 -0.757983 0.00729912 -0.652233 -109.874 
-0.649775 -0.130104 0.748909 314.813 -0.0803883 0.99148 0.102497 13.6327 -0.755864 0.00639661 -0.654698 -111.689 
-0.651841 -0.129058 0.747293 316.963 -0.0808275 0.991623 0.100751 14.0124 -0.754036 0.00527154 -0.656812 -113.617 
-0.65514 -0.119949 0.745925 318.952 -0.0737392 0.992754 0.0948765 14.1922 -0.751901 0.00715348 -0.659238 -115.297 
-0.660909 -0.110173 0.742334 320.964 -0.0673224 0.993881 0.0875684 14.3873 -0.74744 0.00789908 -0.664282 -116.965 
-0.663056 -0.10976 0.740479 322.908 -0.0664046 0.993916 0.0878653 14.5764 -0.745619 0.0090884 -0.666311 -118.709 
-0.664824 -0.11194 0.738564 324.67 -0.0671631 0.993661 0.0901467 14.7369 -0.743974 0.0103275 -0.668129 -120.264 
-0.666101 -0.111209 0.737524 326.576 -0.0642072 0.993701 0.0918474 14.8777 -0.743093 0.0138253 -0.669045 -121.91 
-0.668087 -0.110616 0.735815 328.591 -0.0629478 0.993745 0.092237 15.0697 -0.741416 0.0153044 -0.670871 -123.555 
-0.667003 -0.111907 0.736602 330.596 -0.064449 0.993616 0.092594 15.3057 -0.742262 0.0142872 -0.669958 -125.424 
-0.665108 -0.112247 0.738263 332.504 -0.0650898 0.99359 0.092427 15.5328 -0.743905 0.0134205 -0.66815 -127.283 
-0.664711 -0.114528 0.73827 334.251 -0.0672326 0.993341 0.0935631 15.7529 -0.744069 0.0125566 -0.667984 -128.803 
-0.664953 -0.120612 0.737082 336.41 -0.0754734 0.992674 0.0943473 15.9226 -0.743062 0.00710643 -0.669184 -130.204 
-0.665143 -0.126696 0.735889 338.568 -0.0837096 0.99194 0.0951175 16.0977 -0.742009 0.00166576 -0.670388 -131.607 
-0.665282 -0.132781 0.73469 340.723 -0.0919409 0.991138 0.0958736 16.2781 -0.740909 -0.00376506 -0.671594 -133.014 
-0.665369 -0.138865 0.733485 342.875 -0.100167 0.990269 0.0966155 16.4639 -0.739764 -0.00918563 -0.672804 -134.424 
-0.665405 -0.144949 0.732274 345.025 -0.108386 0.989331 0.0973433 16.655 -0.738572 -0.0145956 -0.674017 -135.836 
-0.665389 -0.151032 0.731058 347.173 -0.116599 0.988327 0.0980568 16.8514 -0.737334 -0.0199945 -0.675232 -137.252 
-0.664338 -0.151051 0.73201 349.19 -0.112775 0.988411 0.10161 17.0586 -0.738875 -0.0150492 -0.673674 -139.118 
-0.664937 -0.151339 0.731406 351.137 -0.115452 0.988313 0.0995367 17.3275 -0.737922 -0.018257 -0.674639 -140.87 
-0.667854 -0.150384 0.728942 353.03 -0.116761 0.988418 0.0969384 17.5787 -0.735077 -0.0203716 -0.677678 -142.497 
-0.67297 -0.151269 0.724036 354.983 -0.121549 0.988174 0.0934778 17.8592 -0.729614 -0.0250981 -0.683398 -144.12 
-0.669689 -0.151058 0.727117 356.614 -0.116008 0.988354 0.0984831 18.0374 -0.733525 -0.0183986 -0.679413 -145.75 
-0.667363 -0.153566 0.728728 358.324 -0.112371 0.98807 0.10531 18.2013 -0.736206 -0.0116076 -0.676658 -147.377 
-0.668516 -0.155443 0.727272 360.366 -0.111805 0.987805 0.108356 18.5524 -0.735246 -0.0088753 -0.677743 -148.919 
-0.667044 -0.1589 0.727876 362.243 -0.122442 0.987087 0.103279 18.8571 -0.734888 -0.0202308 -0.677887 -150.457 
-0.668131 -0.157999 0.727075 364.211 -0.129153 0.986986 0.0957978 19.1239 -0.732749 -0.0298985 -0.679842 -152.009 
-0.669311 -0.158333 0.725916 366.167 -0.132575 0.9868 0.0929981 19.3732 -0.731059 -0.0339935 -0.681467 -153.612 
-0.665342 -0.157124 0.729817 367.915 -0.125407 0.987232 0.0982149 19.4716 -0.73593 -0.0261777 -0.676551 -155.348 
-0.66275 -0.1504 0.733581 369.655 -0.110371 0.988543 0.102958 19.5996 -0.740662 -0.0127307 -0.671757 -157.06 
-0.65861 -0.145471 0.738289 371.587 -0.0974183 0.989362 0.108038 19.7862 -0.746151 -0.000768065 -0.665776 -158.908 
-0.657426 -0.145253 0.739386 373.106 -0.0992545 0.989388 0.106113 19.9753 -0.746953 -0.0036259 -0.664867 -160.303 
-0.649792 -0.149197 0.745326 375.086 -0.107458 0.98873 0.104237 20.2604 -0.752478 -0.0123591 -0.658502 -162.057 
-0.64378 -0.154761 0.749398 376.982 -0.116685 0.987736 0.103741 20.5333 -0.756262 -0.0206575 -0.653943 -163.798 
-0.641936 -0.160624 0.749745 379.201 -0.126421 0.986602 0.103125 20.7822 -0.756265 -0.0285839 -0.653641 -165.586 
-0.641465 -0.165092 0.749177 381.467 -0.13494 0.985625 0.101657 21.0821 -0.755191 -0.0358845 -0.654522 -167.368 
-0.641571 -0.165399 0.749019 383.697 -0.134998 0.985581 0.102004 21.418 -0.755091 -0.0356727 -0.654649 -169.271 
-0.638731 -0.166803 0.751132 385.713 -0.13292 0.985462 0.105811 21.6323 -0.757862 -0.0322558 -0.651617 -171.081 
-0.636324 -0.169717 0.752521 388.121 -0.134986 0.984945 0.107992 21.923 -0.759519 -0.0328618 -0.649654 -173.115 
-0.633907 -0.172627 0.753898 390.534 -0.137045 0.984418 0.110178 22.2207 -0.76117 -0.0334753 -0.647687 -175.143 
-0.631479 -0.175535 0.755263 392.95 -0.139098 0.983883 0.112369 22.5254 -0.762814 -0.0340965 -0.645718 -177.165 
-0.629041 -0.178439 0.756616 395.372 -0.141143 0.983338 0.114564 22.8371 -0.764452 -0.0347252 -0.643745 -179.181 
-0.626592 -0.181339 0.757957 397.797 -0.14318 0.982785 0.116764 23.1559 -0.766082 -0.0353614 -0.641769 -181.19 
-0.624132 -0.184237 0.759286 400.227 -0.145211 0.982222 0.118968 23.4817 -0.767706 -0.0360053 -0.63979 -183.193 
-0.621662 -0.187131 0.760604 402.661 -0.147234 0.981651 0.121176 23.8146 -0.769323 -0.0366566 -0.637807 -185.189 
-0.619182 -0.190021 0.761909 405.099 -0.149251 0.981071 0.123389 24.1546 -0.770933 -0.0373155 -0.635822 -187.179 
-0.616691 -0.192908 0.763203 407.542 -0.151259 0.980481 0.125605 24.5017 -0.772537 -0.0379819 -0.633833 -189.163 
-0.61419 -0.195792 0.764484 409.988 -0.153261 0.979883 0.127827 24.8559 -0.774133 -0.0386558 -0.631842 -191.14 
-0.611679 -0.198671 0.765754 412.439 -0.155255 0.979276 0.130052 25.2173 -0.775722 -0.0393371 -0.629847 -193.111 
-0.607774 -0.194557 0.769908 414.42 -0.151066 0.980145 0.128431 25.5136 -0.779609 -0.0382498 -0.625097 -194.795 
-0.603148 -0.190068 0.774653 416.483 -0.148769 0.980958 0.124855 25.8535 -0.783633 -0.0399384 -0.619939 -196.543 
-0.598485 -0.185564 0.779347 418.558 -0.146493 0.981751 0.12126 26.1838 -0.787627 -0.0415969 -0.614747 -198.277 
-0.593785 -0.181045 0.783991 420.646 -0.144239 0.982524 0.117647 26.5045 -0.79159 -0.0432254 -0.609522 -199.997 
-0.589049 -0.176513 0.788584 422.747 -0.142008 0.983277 0.114016 26.8155 -0.795522 -0.0448236 -0.604265 -201.704 
-0.584278 -0.171966 0.793125 424.861 -0.139798 0.98401 0.110368 27.1167 -0.799422 -0.0463915 -0.598975 -203.396 
-0.57947 -0.167406 0.797615 426.988 -0.13761 0.984722 0.106702 27.4081 -0.803292 -0.047929 -0.593654 -205.073 
-0.574627 -0.162833 0.802053 429.127 -0.135445 0.985414 0.10302 27.6896 -0.80713 -0.0494359 -0.588301 -206.737 
-0.574872 -0.165362 0.801359 430.711 -0.137028 0.984991 0.104955 27.9189 -0.806688 -0.0494732 -0.588903 -207.87 
-0.576166 -0.165857 0.800328 432.374 -0.135439 0.985031 0.10663 28.1453 -0.806033 -0.046959 -0.590005 -208.982 
-0.577459 -0.166348 0.799293 434.034 -0.133852 0.985065 0.108307 28.3748 -0.805373 -0.0444439 -0.5911 -210.096 
-0.575864 -0.166258 0.800462 435.746 -0.132552 0.985136 0.109256 28.4907 -0.806729 -0.043186 -0.589342 -211.44 
-0.573666 -0.166146 0.802062 437.458 -0.131216 0.985206 0.110233 28.6047 -0.808511 -0.0420068 -0.58698 -212.813 
-0.571464 -0.166037 0.803655 439.174 -0.129878 0.985274 0.111206 28.7209 -0.810284 -0.0408271 -0.584613 -214.181 
-0.569869 -0.164522 0.805098 440.364 -0.127129 0.985608 0.111424 28.7069 -0.811842 -0.0388544 -0.582583 -215.293 
-0.567464 -0.164071 0.806886 442.182 -0.126944 0.985663 0.111147 28.9065 -0.813554 -0.039358 -0.580156 -216.559 
-0.564964 -0.16385 0.808683 443.838 -0.124928 0.985772 0.112454 29.0404 -0.815603 -0.0374946 -0.577395 -217.567 
-0.563054 -0.164184 0.809947 444.898 -0.126457 0.985641 0.11189 29.2568 -0.816688 -0.0394237 -0.575731 -218.063 
-0.561087 -0.163229 0.811503 446.087 -0.127721 0.985696 0.109958 29.5334 -0.817844 -0.0419503 -0.573909 -218.576 
-0.559119 -0.162267 0.813053 447.278 -0.12899 0.985744 0.108029 29.8078 -0.818992 -0.0444746 -0.572079 -219.087 
-0.557153 -0.16261 0.814333 448.637 -0.129632 0.985649 0.108126 29.9144 -0.820229 -0.045321 -0.570237 -220.159 
-0.557539 -0.160781 0.814432 449.946 -0.123391 0.986218 0.110224 30.0326 -0.820929 -0.0390395 -0.569694 -220.943 
-0.554773 -0.162157 0.816046 451.195 -0.12458 0.985956 0.111226 30.1598 -0.822622 -0.0399581 -0.567183 -221.793 
-0.553511 -0.163246 0.816686 451.821 -0.125679 0.985744 0.11186 30.2663 -0.823304 -0.0407246 -0.566137 -222.236 
-0.553768 -0.162198 0.816721 452.349 -0.125806 0.985883 0.110491 30.3672 -0.823112 -0.0415624 -0.566355 -222.522 
-0.554009 -0.16131 0.816733 453.176 -0.127373 0.985922 0.108325 30.5491 -0.822709 -0.044017 -0.566756 -222.796 
-0.553955 -0.164162 0.816201 454.226 -0.130584 0.985365 0.109559 30.5545 -0.822242 -0.0458918 -0.567285 -223.88 
-0.553597 -0.166919 0.815885 454.836 -0.131483 0.984938 0.112291 30.385 -0.82234 -0.0451109 -0.567206 -224.576 
-0.549506 -0.170503 0.817907 455.249 -0.132263 0.984363 0.116343 30.1092 -0.824954 -0.0442478 -0.563465 -225.279 
-0.545401 -0.174089 0.819897 455.667 -0.133023 0.983773 0.120396 29.8361 -0.827552 -0.0434013 -0.559708 -225.981 
-0.541281 -0.177675 0.821855 456.088 -0.133764 0.983168 0.124451 29.5657 -0.830134 -0.0425713 -0.555937 -226.681 
-0.537148 -0.181263 0.823781 456.514 -0.134484 0.982548 0.128507 29.2981 -0.832698 -0.041758 -0.55215 -227.38 
-0.533 -0.184852 0.825675 456.944 -0.135184 0.981912 0.132565 29.0333 -0.835246 -0.0409613 -0.548349 -228.078 
-0.528839 -0.188442 0.827537 457.378 -0.135864 0.981262 0.136623 28.7712 -0.837777 -0.0401813 -0.544533 -228.774 
-0.524665 -0.192033 0.829367 457.815 -0.136525 0.980596 0.140682 28.512 -0.84029 -0.0394179 -0.540702 -229.469 
-0.526701 -0.191018 0.82831 458.484 -0.136287 0.980795 0.139521 28.6201 -0.839054 -0.039402 -0.542619 -229.866 
-0.526646 -0.19126 0.828289 459.96 -0.135423 0.980794 0.14037 28.8166 -0.839228 -0.0382438 -0.542432 -230.479 
-0.529464 -0.190981 0.826555 461.163 -0.130284 0.981077 0.143228 28.927 -0.838268 -0.0318522 -0.544327 -230.712 
-0.532277 -0.19068 0.824816 462.366 -0.125149 0.981322 0.146099 29.0383 -0.837269 -0.02546 -0.546199 -230.95 
-0.535084 -0.190359 0.823072 463.568 -0.12002 0.981529 0.148981 29.1505 -0.83623 -0.0190675 -0.548048 -231.19 
-0.537747 -0.189844 0.821454 464.633 -0.119724 0.98164 0.14849 29.3376 -0.834562 -0.018498 -0.550603 -231.555 
-0.539643 -0.189253 0.820347 466.059 -0.121635 0.981709 0.146465 29.5878 -0.833061 -0.0207439 -0.552792 -232.007 
-0.540346 -0.188825 0.819983 467.435 -0.120823 0.981809 0.146471 29.7846 -0.832724 -0.0199276 -0.55333 -232.682 
-0.544444 -0.189211 0.817178 469.02 -0.12421 0.981672 0.144543 30.1372 -0.82955 -0.022806 -0.557967 -232.822 
-0.548655 -0.188684 0.814479 470.158 -0.124884 0.981766 0.143313 30.4017 -0.826669 -0.023086 -0.562214 -232.808 
-0.553527 -0.189781 0.810919 471.652 -0.12907 0.981474 0.141595 30.6466 -0.822769 -0.0262887 -0.567768 -232.945 
-0.556953 -0.192665 0.807888 472.941 -0.134812 0.980793 0.140961 30.8279 -0.81953 -0.0304038 -0.57223 -233.004 
-0.560348 -0.195566 0.804838 474.228 -0.140546 0.980083 0.140296 31.0126 -0.816245 -0.0345021 -0.576674 -233.069 
-0.563712 -0.198483 0.801769 475.515 -0.146274 0.979344 0.1396 31.2005 -0.812916 -0.0385832 -0.581101 -233.142 
-0.565923 -0.196552 0.800686 476.46 -0.147563 0.979632 0.136182 31.3962 -0.811145 -0.0410831 -0.5834 -233.427 
-0.569335 -0.196751 0.798214 477.606 -0.150574 0.979471 0.134031 31.6146 -0.808199 -0.0438815 -0.587273 -233.77 
-0.572566 -0.197221 0.795784 478.781 -0.156749 0.979063 0.129863 31.8404 -0.804734 -0.0503834 -0.591493 -233.812 
-0.575781 -0.197717 0.793337 479.957 -0.162899 0.978607 0.125662 32.0661 -0.801211 -0.0568801 -0.595672 -233.86 
-0.576073 -0.198712 0.792877 480.712 -0.1636 0.978403 0.126343 32.1947 -0.800859 -0.0569318 -0.596141 -234.311 
-0.577725 -0.201 0.791095 481.572 -0.160962 0.978228 0.130998 32.2949 -0.800203 -0.0516558 -0.597501 -234.721 
-0.579192 -0.201948 0.78978 481.971 -0.163309 0.977933 0.130295 32.3306 -0.798665 -0.0535125 -0.599391 -234.951 
-0.579192 -0.201948 0.78978 482.878 -0.163309 0.977933 0.130295 32.4861 -0.798665 -0.0535125 -0.599391 -235.231 
-0.583282 -0.203098 0.786469 484.607 -0.163599 0.977768 0.131166 32.6821 -0.795624 -0.0521589 -0.603541 -235.879 
-0.587942 -0.203434 0.782904 486.027 -0.161101 0.977918 0.133125 32.7628 -0.792698 -0.047857 -0.607733 -236.065 
-0.592586 -0.203746 0.779314 487.446 -0.158613 0.978055 0.135097 32.8442 -0.789737 -0.0435526 -0.611898 -236.26 
-0.59476 -0.2036 0.777693 488.464 -0.158516 0.978106 0.134839 33.0447 -0.78812 -0.0430803 -0.614012 -236.688 
-0.595443 -0.201272 0.777777 489.845 -0.156429 0.978627 0.133491 33.2813 -0.788021 -0.0421805 -0.614201 -237.759 
-0.595962 -0.200802 0.7775 491.024 -0.157142 0.978673 0.132308 33.4128 -0.787487 -0.0433276 -0.614807 -238.656 
-0.59607 -0.20117 0.777323 492.69 -0.157492 0.978592 0.13249 33.7094 -0.787336 -0.0434485 -0.614992 -239.481 
-0.596545 -0.199947 0.777274 495.022 -0.157226 0.978819 0.131125 34.2652 -0.787028 -0.0439857 -0.615347 -240.534 
-0.597021 -0.198724 0.777223 497.355 -0.156959 0.979044 0.129759 34.8175 -0.786721 -0.0445234 -0.615701 -241.589 
-0.597496 -0.1975 0.777169 499.688 -0.156692 0.979266 0.128393 35.3661 -0.786414 -0.0450617 -0.616054 -242.644 
-0.59797 -0.196277 0.777115 502.021 -0.156423 0.979488 0.127027 35.9111 -0.786107 -0.0456006 -0.616407 -243.701 
-0.598444 -0.195053 0.777058 504.354 -0.156154 0.979707 0.12566 36.4525 -0.785799 -0.0461401 -0.616758 -244.759 
-0.598918 -0.19383 0.776999 506.688 -0.155884 0.979924 0.124294 36.9903 -0.785492 -0.0466801 -0.617109 -245.818 
-0.599391 -0.192606 0.776939 509.022 -0.155614 0.980139 0.122928 37.5244 -0.785185 -0.0472207 -0.617459 -246.879 
-0.599863 -0.191382 0.776876 511.356 -0.155342 0.980353 0.121561 38.055 -0.784877 -0.0477618 -0.617808 -247.94 
-0.596963 -0.191891 0.778982 513.199 -0.156886 0.980149 0.121219 38.3089 -0.786779 -0.049848 -0.615218 -249.429 
-0.594304 -0.191044 0.78122 515.111 -0.156031 0.980309 0.121031 38.5906 -0.78896 -0.0499656 -0.61241 -250.958 
-0.591486 -0.191081 0.783347 516.817 -0.154447 0.980375 0.122522 38.7359 -0.791385 -0.0485154 -0.60939 -252.42 
-0.588101 -0.190164 0.786113 518.921 -0.151904 0.980639 0.123579 39.0308 -0.794394 -0.0467368 -0.605602 -254.048 
-0.586932 -0.189961 0.787036 520.988 -0.153305 0.980576 0.122348 39.3183 -0.79499 -0.0488466 -0.604653 -255.58 
-0.586796 -0.189865 0.78716 522.959 -0.153196 0.980596 0.12232 39.5731 -0.795111 -0.0488131 -0.604497 -256.927 
-0.58666 -0.189769 0.787285 524.929 -0.153088 0.980616 0.122293 39.8278 -0.795232 -0.0487795 -0.60434 -258.273 
-0.583286 -0.189757 0.789791 526.744 -0.153098 0.980585 0.12253 40.0067 -0.797708 -0.0494453 -0.601013 -259.75 
-0.579332 -0.189806 0.792684 528.829 -0.152126 0.9806 0.12362 40.2644 -0.800769 -0.0489711 -0.596967 -261.366 
-0.577057 -0.19054 0.794166 529.988 -0.153445 0.980381 0.123722 40.4859 -0.80216 -0.0504661 -0.594973 -262.334 
