1 -4.23778e-08 4.22719e-08 0 -4.23778e-08 1 -4.19404e-08 0 4.22719e-08 -4.19404e-08 1 0 
0.999997 -0.00233923 0.000278738 -0.0860514 0.002338 0.999989 0.00403539 -0.0454966 -0.00028809 -0.00403481 0.999992 1.44329 
0.999991 -0.00405779 0.000692589 -0.161375 0.00405458 0.999982 0.00445606 -0.0535757 -0.000710573 -0.0044533 0.99999 2.90219 
0.999996 -0.00241877 -0.00141965 -0.209519 0.0024252 0.999986 0.00460793 -0.0659029 0.00140857 -0.00461144 0.999988 4.36134 
0.99999 -0.00298159 -0.00335052 -0.218423 0.00299323 0.999989 0.0034997 -0.0661576 0.00334013 -0.00350978 0.999988 5.84934 
0.999982 -0.00285408 -0.00525722 -0.258465 0.0028726 0.99999 0.00353431 -0.0823245 0.00524717 -0.00354944 0.99998 7.43696 
0.999965 -0.000963634 -0.00828242 -0.309101 0.000992675 0.999993 0.00351311 -0.0877956 0.00827906 -0.00352129 0.999959 8.89618 
0.99995 -0.00321674 -0.00945811 -0.379547 0.00323944 0.999992 0.00239559 -0.0914766 0.00945041 -0.00242619 0.999952 10.335 
0.999928 -0.00460591 -0.0110397 -0.428446 0.00463559 0.999986 0.00267137 -0.110564 0.0110273 -0.00272244 0.999935 11.8006 
0.999927 -0.00496622 -0.0110441 -0.569561 0.00498936 0.999985 0.00207711 -0.0982942 0.0110337 -0.00213215 0.999937 13.2958 
0.999935 -0.00313537 -0.010994 -0.666427 0.00314619 0.999994 0.000974315 -0.103141 0.010991 -0.00100893 0.999939 14.7753 
0.999925 -0.001924 -0.0120819 -0.69825 0.00195234 0.999995 0.00234083 -0.137913 0.0120775 -0.00236433 0.999924 16.2999 
0.999911 -0.00164666 -0.0132051 -0.725079 0.00168041 0.999995 0.0025518 -0.148339 0.0132009 -0.00257385 0.999909 17.7861 
0.999874 -0.00152874 -0.015772 -0.736083 0.00158279 0.999993 0.00342029 -0.156915 0.0157668 -0.00344491 0.99987 19.2704 
0.99985 0.000322651 -0.0173059 -0.754203 -0.000257776 0.999993 0.00375568 -0.208462 0.0173071 -0.00375074 0.999843 20.6094 
0.999817 -0.00025224 -0.0190988 -0.78335 0.000332121 0.999991 0.00418388 -0.250835 0.0190977 -0.00418955 0.999809 22.0215 
0.999803 -0.00491515 -0.0192175 -0.884684 0.00503374 0.999968 0.00613164 -0.353336 0.0191869 -0.00622725 0.999796 23.3859 
0.999831 -0.00216125 -0.0182377 -1.04241 0.00229251 0.999971 0.0071836 -0.364753 0.0182217 -0.00722429 0.999808 24.3537 
0.999831 -0.00277673 -0.0181564 -1.08757 0.00287393 0.999982 0.00533391 -0.377485 0.0181414 -0.00538527 0.999821 25.8271 
0.999829 -0.00138832 -0.0184325 -1.14381 0.00145938 0.999991 0.00384638 -0.396559 0.018427 -0.0038727 0.999823 27.2832 
0.999844 -0.00265208 -0.0174732 -1.30527 0.00272873 0.999987 0.00436961 -0.438001 0.0174615 -0.0044167 0.999838 28.2332 
0.99982 -0.00516434 -0.0182283 -1.31517 0.00529336 0.999961 0.00704139 -0.461276 0.0181913 -0.0071367 0.999809 29.5984 
0.99977 -0.00822749 -0.0198074 -1.2998 0.00837935 0.999936 0.00760024 -0.454564 0.0197437 -0.00776455 0.999775 31.0611 
0.999742 -0.00942931 -0.0206364 -1.29211 0.00956188 0.999934 0.00633884 -0.455275 0.0205753 -0.00653462 0.999767 32.6265 
0.999735 -0.00918468 -0.0211106 -1.342 0.0092793 0.999947 0.00439207 -0.469996 0.0210692 -0.00458688 0.999767 33.9539 
0.999695 -0.0114098 -0.0218816 -1.38094 0.0114847 0.999929 0.00330501 -0.486576 0.0218424 -0.00355539 0.999755 35.3137 
0.999708 -0.0118604 -0.021026 -1.42477 0.0119139 0.999926 0.00242434 -0.493189 0.0209957 -0.00267422 0.999776 36.7703 
0.99972 -0.0126672 -0.0199952 -1.47984 0.0127392 0.999913 0.00348195 -0.531191 0.0199494 -0.00373578 0.999794 38.0526 
0.99966 -0.0165307 -0.0201468 -1.49657 0.0166573 0.999842 0.00613824 -0.566078 0.0200422 -0.00647183 0.999778 39.332 
0.999641 -0.0180053 -0.0198559 -1.50958 0.01814 0.999813 0.00663049 -0.582152 0.0197329 -0.00698838 0.999781 40.6456 
0.99962 -0.0187855 -0.0201716 -1.51668 0.0189295 0.999796 0.00697857 -0.604828 0.0200365 -0.00735784 0.999772 41.8577 
0.999671 -0.018671 -0.0175579 -1.55009 0.0187912 0.999801 0.00671165 -0.630682 0.0174291 -0.00703946 0.999823 43.1223 
0.999667 -0.020433 -0.0157655 -1.55236 0.0205128 0.999777 0.00491772 -0.636678 0.0156616 -0.00523956 0.999864 44.3968 
0.999724 -0.0192999 -0.0134107 -1.57947 0.0193413 0.999808 0.00297363 -0.640359 0.0133509 -0.00323228 0.999906 45.6155 
0.999721 -0.0192948 -0.0136394 -1.50284 0.0193379 0.999808 0.00304053 -0.658561 0.0135782 -0.00330353 0.999902 46.8694 
0.999763 -0.0196431 -0.00933488 -1.51088 0.0196688 0.999803 0.0026756 -0.661372 0.00928057 -0.00285866 0.999953 48.1094 
0.999815 -0.018834 -0.00384328 -1.53637 0.0188444 0.999819 0.00271582 -0.703679 0.00379151 -0.00278783 0.999989 49.2467 
0.99983 -0.0182067 0.00289314 -1.52561 0.0181976 0.999829 0.00311969 -0.729087 -0.00294936 -0.0030666 0.999991 50.4425 
0.999808 -0.0166126 0.010341 -1.53988 0.0165741 0.999855 0.0037816 -0.732142 -0.0104022 -0.00360957 0.999939 51.5795 
0.999691 -0.0134701 0.0208843 -1.54331 0.013369 0.999898 0.00496819 -0.753479 -0.020949 -0.00468754 0.999769 52.7108 
0.999359 -0.0113785 0.0339368 -1.52045 0.0112521 0.999929 0.00391317 -0.749324 -0.0339789 -0.00352889 0.999416 53.8054 
0.998784 -0.00998394 0.0482709 -1.47666 0.00975325 0.99994 0.00501055 -0.777748 -0.0483179 -0.00453375 0.998822 54.9737 
0.99797 -0.00777537 0.0632065 -1.40287 0.00734396 0.999948 0.00705352 -0.814338 -0.063258 -0.0065751 0.997975 56.0458 
0.996676 -0.00602148 0.081246 -1.34443 0.00539445 0.999954 0.00793393 -0.808353 -0.0812899 -0.00746936 0.996662 57.1922 
0.994927 -0.00765296 0.100305 -1.2572 0.00704592 0.999955 0.00640394 -0.798068 -0.10035 -0.00566479 0.994936 58.2826 
0.992815 -0.00803513 0.119386 -1.12952 0.00732839 0.999953 0.00635688 -0.814627 -0.119431 -0.00543638 0.992827 59.2146 
0.990132 -0.0108684 0.139714 -0.975314 0.0100383 0.999927 0.00664431 -0.835012 -0.139776 -0.00517633 0.99017 60.2332 
0.986714 -0.0154299 0.16173 -0.841681 0.0141968 0.999861 0.00877735 -0.842563 -0.161843 -0.00636478 0.986796 61.2997 
0.982661 -0.0215618 0.184151 -0.643464 0.0200101 0.999747 0.0102798 -0.855569 -0.184326 -0.00641677 0.982844 62.3175 
0.977598 -0.0266195 0.208792 -0.453418 0.025125 0.999636 0.009807 -0.868357 -0.208977 -0.00434148 0.977911 63.3028 
0.971515 -0.032807 0.234697 -0.224063 0.0317079 0.999461 0.00845574 -0.85271 -0.234848 -0.0007732 0.972032 64.3352 
0.964711 -0.037508 0.260627 0.0520918 0.0364672 0.999296 0.00882935 -0.848952 -0.260775 0.000986521 0.965399 65.319 
0.956892 -0.038778 0.287843 0.337264 0.0369099 0.999247 0.0119162 -0.859328 -0.288089 -0.00077832 0.957603 66.3075 
0.948366 -0.0434778 0.314184 0.67754 0.0408033 0.999053 0.0150871 -0.857353 -0.314543 -0.00148842 0.949242 67.2666 
0.937905 -0.0480093 0.343553 1.00442 0.0453798 0.998846 0.0156944 -0.857684 -0.34391 0.000870425 0.939002 68.1978 
0.926837 -0.0468198 0.372532 1.33928 0.0456176 0.998886 0.0120459 -0.858614 -0.372681 0.00582937 0.927941 69.0388 
0.914769 -0.0486567 0.401036 1.71707 0.0496243 0.998736 0.00798031 -0.883932 -0.400918 0.0126009 0.916027 69.8946 
0.901133 -0.0513064 0.430495 2.1242 0.0539969 0.998523 0.00597493 -0.880105 -0.430166 0.0178611 0.902573 70.7423 
0.886339 -0.0523198 0.460071 2.54443 0.0542789 0.998485 0.00897893 -0.870294 -0.459844 0.0170137 0.887837 71.5835 
0.86919 -0.0500552 0.491938 2.912 0.0482849 0.9987 0.0163056 -0.87824 -0.492114 0.00958041 0.870478 72.3741 
0.850699 -0.0516814 0.523106 3.39205 0.0478083 0.998637 0.0209144 -0.880102 -0.523474 0.00721682 0.852011 73.1686 
0.829422 -0.046394 0.556693 3.84386 0.043937 0.998876 0.0177826 -0.888701 -0.556892 0.00971008 0.830528 73.9394 
0.806935 -0.0415881 0.589174 4.2998 0.0419822 0.999033 0.0130197 -0.909617 -0.589146 0.0142287 0.807901 74.6404 
0.785661 -0.037514 0.617519 4.88785 0.0394628 0.999166 0.0104907 -0.886496 -0.617398 0.0161269 0.786486 75.3731 
0.764195 -0.0408828 0.643688 5.49718 0.0413039 0.999043 0.0144159 -0.887459 -0.643661 0.0155702 0.765152 76.0373 
0.740794 -0.0404276 0.670515 6.12406 0.0404842 0.99906 0.0155091 -0.886241 -0.670511 0.0156561 0.741734 76.7233 
0.716707 -0.0384938 0.696311 6.75454 0.0409816 0.999075 0.0130492 -0.883601 -0.696169 0.0191835 0.717621 77.3742 
0.691689 -0.0369083 0.721252 7.37956 0.0416515 0.99907 0.0111805 -0.883135 -0.720994 0.0223078 0.692582 77.9821 
0.664632 -0.0335706 0.746416 8.05333 0.038762 0.999194 0.0104244 -0.86858 -0.746164 0.0220042 0.665398 78.5917 
0.637923 -0.0301682 0.769509 8.77964 0.0376101 0.99926 0.00799656 -0.834127 -0.769181 0.0238401 0.638585 79.198 
0.609643 -0.024209 0.792306 9.47904 0.0361891 0.999341 0.00268906 -0.842293 -0.79185 0.0270334 0.610117 79.7572 
0.579698 -0.0137721 0.814715 10.1896 0.034413 0.999379 -0.00759246 -0.83374 -0.814104 0.0324381 0.579812 80.3002 
0.548729 -0.00672566 0.835973 10.9281 0.0337931 0.999329 -0.0141419 -0.853298 -0.835317 0.0360102 0.548588 80.8136 
0.518253 -0.00213239 0.855225 11.7097 0.0318945 0.999349 -0.0168359 -0.852956 -0.854632 0.0360022 0.517984 81.2915 
0.486138 -0.0022732 0.873879 12.5141 0.0289108 0.999491 -0.0134832 -0.890686 -0.873403 0.0318193 0.485957 81.7545 
0.452814 -0.00294785 0.8916 13.3535 0.0237323 0.99968 -0.00874776 -0.902427 -0.891289 0.0251208 0.452739 82.2117 
0.420381 -0.00151977 0.907346 14.2097 0.0197842 0.999776 -0.00749171 -0.920063 -0.907132 0.0211005 0.420317 82.5846 
0.385965 0.000760166 0.922513 15.0858 0.0116259 0.999916 -0.00568816 -0.948554 -0.92244 0.0129205 0.385924 82.9495 
0.35156 0.00349565 0.936159 15.9666 0.00729961 0.999952 -0.00647522 -0.934146 -0.936137 0.00911001 0.351518 83.2805 
0.314147 0.00265808 0.94937 16.8288 0.00527402 0.999976 -0.00454504 -0.958104 -0.94936 0.0064348 0.314126 83.623 
0.279033 0.00178371 0.96028 17.7357 0.00305278 0.999991 -0.00274464 -0.981932 -0.960276 0.00369736 0.279026 83.8629 
0.245311 0.000800522 0.969444 18.6521 0.00603532 0.999979 -0.00235303 -0.99266 -0.969426 0.00642812 0.245301 84.0569 
0.208437 -0.00179286 0.978034 19.6432 0.00710322 0.999975 0.000319161 -1.01916 -0.97801 0.00688066 0.208445 84.3003 
0.173382 -0.00296488 0.98485 20.5759 0.0146671 0.999892 0.000427934 -1.03176 -0.984745 0.0143707 0.173407 84.4639 
0.140011 0.000834596 0.990149 21.5322 0.0162994 0.999862 -0.00314767 -1.0349 -0.990016 0.0165795 0.139979 84.5912 
0.106771 0.00681407 0.99426 22.4854 0.0178353 0.999802 -0.00876743 -1.03162 -0.994124 0.018669 0.106628 84.7026 
0.0762261 0.0107312 0.997033 23.4215 0.0233186 0.999649 -0.0125422 -1.04054 -0.996818 0.0242055 0.0759491 84.8235 
0.0480037 0.00940322 0.998803 24.367 0.0238052 0.999661 -0.0105555 -1.05799 -0.998563 0.0242834 0.0477636 84.9426 
0.0230557 0.00656341 0.999713 25.3394 0.0238531 0.99969 -0.00711345 -1.07717 -0.999449 0.0240102 0.022892 85.0169 
0.00254932 0.00393442 0.999989 26.3307 0.0245483 0.999691 -0.00399591 -1.08797 -0.999695 0.0245583 0.00245195 85.0378 
-0.0140836 0.00891445 0.999861 27.2922 0.0252138 0.999645 -0.00855746 -1.07973 -0.999583 0.0250897 -0.0143034 85.0361 
-0.0292869 0.0120249 0.999499 28.2631 0.0280719 0.999543 -0.011203 -1.11427 -0.999177 0.0277297 -0.0296111 85.0433 
-0.046332 0.0161432 0.998796 29.0949 0.0324761 0.999365 -0.014646 -1.15301 -0.998398 0.0317584 -0.0468269 85.1249 
-0.0544889 0.020074 0.998312 30.1418 0.0385744 0.999094 -0.0179844 -1.17257 -0.997769 0.0375294 -0.0552139 85.0457 
-0.0626255 0.0255667 0.997709 31.0735 0.0407612 0.998903 -0.0230388 -1.1949 -0.997204 0.039225 -0.0635989 85.0466 
-0.0669568 0.0298584 0.997309 32.0895 0.0432656 0.998699 -0.0269954 -1.24029 -0.996817 0.0413416 -0.0681615 85.0387 
-0.0708636 0.0334895 0.996924 33.0683 0.0438267 0.998576 -0.0304298 -1.28007 -0.996523 0.0415355 -0.0722304 84.9959 
-0.0737363 0.0351795 0.996657 34.0726 0.0447216 0.998489 -0.0319356 -1.34834 -0.996274 0.0422173 -0.0751981 84.935 
-0.0750241 0.0383499 0.996444 35.0767 0.0451619 0.998365 -0.0350236 -1.40993 -0.996158 0.0423737 -0.0766335 84.8434 
-0.0768898 0.0416302 0.99617 36.0408 0.0460212 0.998211 -0.0381634 -1.46322 -0.995977 0.0429105 -0.0786681 84.7624 
-0.0793554 0.0428137 0.995926 37.031 0.0497222 0.998004 -0.0389412 -1.50346 -0.995605 0.0464295 -0.0813257 84.6965 
-0.0812413 0.0422783 0.995797 38.1302 0.050789 0.997977 -0.0382274 -1.53919 -0.9954 0.0474699 -0.0832243 84.5967 
-0.0841305 0.0422479 0.995559 39.1219 0.0509124 0.997978 -0.0380483 -1.59703 -0.995153 0.0474852 -0.0861114 84.5539 
-0.0848656 0.043911 0.995424 40.1052 0.0527379 0.997826 -0.0395208 -1.6494 -0.994996 0.0491427 -0.0869969 84.4602 
-0.0848073 0.0461679 0.995327 41.1321 0.0532552 0.997708 -0.0417408 -1.71034 -0.994973 0.0494664 -0.0870717 84.3238 
-0.0874912 0.0473376 0.99504 42.1526 0.0491977 0.997857 -0.0431458 -1.76475 -0.99495 0.0451788 -0.0896326 84.2504 
-0.0895132 0.0516876 0.994643 43.1828 0.049078 0.997668 -0.0474281 -1.81242 -0.994776 0.0445697 -0.0918412 84.1669 
-0.0907953 0.0551741 0.99434 44.1937 0.0466205 0.997605 -0.0510983 -1.8842 -0.994778 0.0417171 -0.0931501 84.0845 
-0.0952206 0.0581429 0.993757 45.1744 0.0436871 0.997575 -0.0541804 -1.93567 -0.994497 0.0382553 -0.0975298 84.0501 
-0.0978775 0.0557361 0.993636 46.1815 0.0417571 0.997781 -0.0518554 -2.01139 -0.994322 0.0364159 -0.0999877 83.9658 
-0.100398 0.0523712 0.993568 47.189 0.038635 0.998066 -0.0487044 -2.04335 -0.994197 0.0334967 -0.102227 83.8843 
-0.10126 0.0497412 0.993616 48.3066 0.0405768 0.998125 -0.0458318 -2.12126 -0.994032 0.0356769 -0.103088 83.7593 
-0.102626 0.0507705 0.993423 49.3719 0.0395409 0.998115 -0.0469256 -2.16066 -0.993934 0.0344651 -0.10444 83.6761 
-0.104226 0.0525553 0.993164 50.3702 0.041724 0.997955 -0.0484303 -2.24351 -0.993678 0.0363911 -0.106206 83.5932 
-0.105346 0.0547169 0.992929 51.3526 0.0416822 0.99785 -0.0505659 -2.31514 -0.993562 0.0360605 -0.107401 83.5154 
-0.105863 0.056983 0.992747 52.427 0.0407407 0.997767 -0.0529268 -2.34375 -0.993546 0.0348422 -0.107948 83.4421 
-0.106162 0.054936 0.99283 53.5249 0.0375316 0.997982 -0.0512079 -2.42674 -0.99364 0.0318261 -0.10801 83.3438 
-0.107349 0.0554041 0.992676 54.5894 0.0335227 0.99808 -0.0520806 -2.47231 -0.993656 0.0276864 -0.109 83.2634 
-0.108553 0.0554358 0.992544 55.6041 0.0306911 0.998155 -0.0523926 -2.56118 -0.993617 0.0247748 -0.110054 83.1908 
-0.111136 0.055647 0.992246 56.695 0.0261555 0.998249 -0.0530542 -2.63055 -0.993461 0.0200565 -0.112397 83.1706 
-0.111296 0.0553171 0.992246 57.7857 0.0222798 0.998337 -0.0531578 -2.69726 -0.993537 0.0161908 -0.112343 83.0527 
-0.113892 0.0512235 0.992172 58.8525 0.022836 0.998541 -0.048931 -2.75404 -0.993231 0.0170844 -0.114896 83.0012 
-0.115767 0.0423912 0.992371 59.9187 0.0281809 0.998827 -0.0393795 -2.82 -0.992877 0.0234071 -0.116825 82.9238 
-0.116723 0.0370828 0.992472 61.0115 0.0361831 0.998798 -0.0330638 -2.86402 -0.992505 0.0320515 -0.117924 82.8702 
-0.119254 0.0410342 0.992015 62.073 0.0437939 0.99839 -0.0360333 -2.89572 -0.991897 0.0391471 -0.120859 82.7795 
-0.117099 0.0452658 0.992088 63.1842 0.0502777 0.99795 -0.0395989 -2.96888 -0.991847 0.045243 -0.119134 82.6445 
-0.115954 0.0517212 0.991907 64.2264 0.053984 0.997495 -0.045702 -3.01948 -0.991786 0.0482478 -0.118456 82.5089 
-0.116796 0.0552338 0.991619 65.2945 0.0566336 0.997198 -0.0488741 -3.09209 -0.99154 0.0504506 -0.119597 82.4282 
-0.118504 0.0520819 0.991587 66.4165 0.0543447 0.997467 -0.0458961 -3.16377 -0.991465 0.0484486 -0.121034 82.3604 
-0.117946 0.0485767 0.991831 67.5367 0.0533326 0.997671 -0.0425206 -3.20622 -0.991587 0.0478818 -0.120262 82.2507 
-0.119273 0.0470556 0.991746 68.6675 0.0501651 0.997886 -0.0413139 -3.25013 -0.991593 0.0448235 -0.121381 82.1657 
-0.116025 0.0463679 0.992163 69.7534 0.0476265 0.99802 -0.0410722 -3.33137 -0.992104 0.0424879 -0.118004 81.9853 
-0.116172 0.0518123 0.991877 70.8609 0.0491511 0.997715 -0.0463606 -3.3824 -0.992012 0.043366 -0.118453 81.8713 
-0.116086 0.0524623 0.991853 71.9357 0.0485035 0.997712 -0.0470955 -3.4802 -0.992054 0.0426412 -0.118365 81.7992 
-0.115046 0.0525245 0.991971 73.083 0.0479454 0.997731 -0.0472691 -3.50889 -0.992202 0.0421223 -0.117303 81.6795 
-0.114802 0.0459035 0.992327 74.1812 0.0505388 0.997908 -0.0403149 -3.5683 -0.992102 0.0455228 -0.116882 81.5959 
-0.114994 0.0450223 0.992345 75.3571 0.04878 0.998023 -0.0396273 -3.59706 -0.992168 0.0438497 -0.116962 81.4488 
-0.117535 0.0482875 0.991894 76.4475 0.0468746 0.997973 -0.0430291 -3.65178 -0.991962 0.0414373 -0.11956 81.4048 
-0.118703 0.0511496 0.991611 77.6278 0.0467331 0.997853 -0.0458774 -3.69827 -0.991829 0.0408953 -0.120838 81.3233 
-0.119834 0.050577 0.991505 78.7968 0.0471183 0.997866 -0.0452068 -3.75994 -0.991675 0.0413007 -0.121961 81.2164 
-0.119696 0.0472599 0.991685 79.9483 0.0471472 0.99801 -0.0418707 -3.82472 -0.99169 0.0417434 -0.121686 81.094 
-0.117098 0.0459032 0.992059 81.0707 0.0451783 0.998143 -0.0408521 -3.89802 -0.992092 0.0400359 -0.118955 80.9437 
-0.113649 0.0468023 0.992418 82.3058 0.0485542 0.997958 -0.0415033 -3.93338 -0.992334 0.0434693 -0.11569 80.7776 
-0.113091 0.0474465 0.992451 83.4384 0.0523802 0.997755 -0.0417313 -3.98585 -0.992203 0.0472654 -0.115323 80.6736 
-0.114814 0.0471327 0.992268 84.5746 0.0503808 0.997865 -0.0415691 -4.03441 -0.992109 0.0452186 -0.116943 80.6197 
-0.112606 0.0481622 0.992472 85.7546 0.0548416 0.997603 -0.0421889 -4.07368 -0.992125 0.049678 -0.114978 80.4751 
-0.112886 0.0469393 0.992499 86.9931 0.053935 0.9977 -0.0410509 -4.12687 -0.992143 0.0488964 -0.115158 80.3719 
-0.111407 0.0469338 0.992666 88.1871 0.0531382 0.997736 -0.04121 -4.16088 -0.992353 0.0481574 -0.113648 80.2454 
-0.110982 0.0474049 0.992691 89.5668 0.054947 0.997626 -0.0414976 -4.19873 -0.992302 0.04994 -0.113324 80.2046 
-0.111408 0.0493633 0.992548 90.7888 0.0525385 0.997661 -0.0437205 -4.23155 -0.992385 0.0472762 -0.113741 80.1292 
-0.110566 0.0542305 0.992388 92.0062 0.0524197 0.997439 -0.0486663 -4.26611 -0.992485 0.0466399 -0.113125 80.0195 
-0.111161 0.0522632 0.992427 93.2748 0.0503391 0.99763 -0.0468988 -4.34073 -0.992527 0.0447446 -0.113529 79.9238 
-0.111815 0.0517206 0.992382 94.5058 0.0425383 0.997978 -0.0472194 -4.3976 -0.992818 0.0369344 -0.113789 79.8206 
-0.112177 0.0520657 0.992323 95.7781 0.0430793 0.997942 -0.0474908 -4.48599 -0.992754 0.0374213 -0.114189 79.7281 
-0.11273 0.0507486 0.992329 96.8445 0.0388225 0.998157 -0.0466365 -4.56008 -0.992867 0.0332674 -0.114493 79.5636 
-0.113829 0.04646 0.992413 98.1106 0.0347425 0.998481 -0.0427592 -4.6706 -0.992893 0.0296117 -0.115271 79.4551 
-0.113142 0.0440612 0.992601 99.3238 0.0333062 0.998623 -0.0405322 -4.74745 -0.99302 0.0284738 -0.114454 79.2912 
-0.11541 0.0434307 0.992368 100.592 0.0297759 0.998746 -0.040247 -4.79977 -0.992871 0.0249037 -0.116559 79.1879 
-0.117428 0.0437648 0.992117 101.829 0.0319763 0.998677 -0.0402696 -4.8575 -0.992566 0.0269954 -0.118672 79.063 
-0.120952 0.0436795 0.991697 103.189 0.0325016 0.99867 -0.0400227 -4.89389 -0.992126 0.0273909 -0.122211 78.977 
-0.12714 0.0384846 0.991138 104.409 0.0263315 0.999026 -0.0354133 -4.97089 -0.991535 0.0215957 -0.128029 78.8936 
-0.130375 0.0378975 0.99074 105.656 0.0257254 0.999062 -0.0348306 -5.02475 -0.991131 0.0209461 -0.131228 78.7185 
-0.136516 0.0454275 0.989596 106.926 0.0199838 0.998871 -0.0430965 -5.0584 -0.990436 0.0138926 -0.137269 78.6004 
-0.144537 0.0493156 0.98827 108.147 0.0227343 0.998659 -0.0465092 -5.11821 -0.989238 0.0157453 -0.145465 78.4526 
-0.152247 0.043877 0.987368 109.386 0.0225423 0.998908 -0.040914 -5.20199 -0.988085 0.0160285 -0.15307 78.2503 
-0.164773 0.0427346 0.985405 110.619 0.0263509 0.998895 -0.0389134 -5.24651 -0.985979 0.0195545 -0.165717 78.0726 
-0.178875 0.0437019 0.982901 111.825 0.0272544 0.99885 -0.0394511 -5.29833 -0.983494 0.0197315 -0.17986 77.8969 
-0.193509 0.044569 0.980086 113.016 0.0291843 0.998787 -0.0396574 -5.34596 -0.980664 0.0209291 -0.194575 77.6903 
-0.206427 0.0430769 0.977513 114.257 0.0324077 0.998783 -0.0371706 -5.38365 -0.977925 0.0240059 -0.207571 77.4342 
-0.222128 0.0466628 0.9739 115.496 0.0373247 0.998529 -0.0393299 -5.44698 -0.974303 0.0276143 -0.223543 77.1856 
-0.23635 0.051815 0.970285 116.683 0.0392471 0.998271 -0.0437494 -5.47078 -0.970875 0.0277407 -0.237975 76.9155 
-0.253608 0.0566588 0.965646 117.824 0.0412758 0.998008 -0.0477174 -5.51663 -0.966426 0.0277564 -0.255441 76.6798 
-0.269142 0.0539909 0.961586 119.009 0.0400395 0.998191 -0.0448395 -5.60487 -0.962268 0.0264332 -0.270817 76.3555 
-0.284124 0.0479017 0.95759 120.134 0.035178 0.998599 -0.0395156 -5.6745 -0.958142 0.0224588 -0.285412 76.0424 
-0.299005 0.0433762 0.953265 121.295 0.0291993 0.998914 -0.0362947 -5.73529 -0.953805 0.0169824 -0.299947 75.7075 
-0.3153 0.0443125 0.947957 122.454 0.0273853 0.998918 -0.0375862 -5.79282 -0.948597 0.0141092 -0.316172 75.3839 
-0.329206 0.0435325 0.943254 123.575 0.0230756 0.999009 -0.0380521 -5.85305 -0.943976 0.00923916 -0.329885 75.03 
-0.343908 0.0454634 0.937902 124.741 0.0253647 0.998912 -0.0391202 -5.92077 -0.938661 0.0103359 -0.344687 74.6222 
-0.358821 0.047695 0.932187 125.871 0.0275683 0.998799 -0.0404916 -5.95405 -0.932999 0.0111696 -0.359705 74.2336 
-0.372021 0.0466436 0.927052 126.986 0.0267001 0.998861 -0.0395421 -5.99223 -0.92784 0.0100419 -0.372842 73.7716 
-0.382528 0.0465838 0.922769 128.051 0.0274456 0.99886 -0.0390478 -6.03747 -0.923536 0.0103891 -0.383371 73.2668 
-0.397787 0.0467668 0.916285 129.188 0.0255563 0.998877 -0.0398876 -6.10928 -0.917122 0.00755014 -0.398535 72.8117 
-0.412612 0.0480305 0.90964 130.266 0.0258021 0.998824 -0.0410359 -6.18095 -0.910542 0.00653873 -0.413366 72.3551 
-0.423386 0.05136 0.904492 131.34 0.0284146 0.998653 -0.0434062 -6.21762 -0.905504 0.00732318 -0.424275 71.797 
-0.439231 0.0531577 0.8968 132.447 0.030478 0.998555 -0.0442619 -6.28171 -0.897857 0.00789148 -0.440217 71.3201 
-0.45574 0.0549125 0.888417 133.434 0.0276676 0.998487 -0.047523 -6.35725 -0.889683 0.00292224 -0.45657 70.926 
-0.470923 0.05838 0.88024 134.49 0.0293559 0.998292 -0.0505043 -6.40168 -0.881686 0.00205665 -0.471833 70.3942 
-0.485283 0.0563622 0.872539 135.575 0.0295903 0.998407 -0.0480355 -6.46934 -0.873856 0.00250789 -0.486177 69.7928 
-0.500066 0.0550765 0.864234 136.732 0.0298636 0.998479 -0.046352 -6.48375 -0.865472 0.00263009 -0.50095 69.1688 
-0.516521 0.0562162 0.854427 137.76 0.0309062 0.998416 -0.0470064 -6.54784 -0.855716 0.00212731 -0.517441 68.5828 
-0.532012 0.0558231 0.844894 138.708 0.0296221 0.998441 -0.0473157 -6.6123 -0.846218 -0.000144978 -0.532836 67.9562 
-0.548035 0.0536989 0.83473 139.766 0.0274269 0.998554 -0.0462311 -6.67398 -0.836005 -0.00244218 -0.548716 67.3225 
-0.563316 0.0535507 0.824504 140.787 0.0277656 0.998561 -0.0458856 -6.75342 -0.825774 -0.00295529 -0.563993 66.6273 
-0.578098 0.0561019 0.814036 141.831 0.029926 0.99842 -0.047557 -6.78616 -0.815418 -0.00313179 -0.578864 65.9035 
-0.593515 0.0556605 0.802896 142.876 0.029794 0.998441 -0.0471924 -6.81223 -0.804272 -0.00408791 -0.594248 65.1735 
-0.608583 0.0513225 0.791829 143.84 0.0289315 0.998678 -0.0424934 -6.87292 -0.792963 -0.00295196 -0.609263 64.447 
-0.624434 0.0472693 0.779646 144.818 0.0267917 0.998876 -0.0391031 -6.94865 -0.780618 -0.0035292 -0.624998 63.7137 
-0.638464 0.0459793 0.768277 145.702 0.0257544 0.998931 -0.0383806 -7.00069 -0.769221 -0.00471804 -0.638965 62.9624 
-0.651651 0.0468173 0.757072 146.725 0.0248549 0.998875 -0.0403765 -7.08848 -0.758111 -0.00749445 -0.652082 61.967 
-0.667075 0.0466339 0.743529 147.613 0.0211086 0.998821 -0.0437077 -7.11229 -0.744691 -0.0134615 -0.667273 61.2455 
-0.682061 0.0423464 0.730068 148.552 0.0175723 0.998983 -0.0415277 -7.20228 -0.731084 -0.0154954 -0.682111 60.3831 
-0.698462 0.034442 0.714818 149.47 0.0132653 0.999293 -0.0351871 -7.2875 -0.715524 -0.0150946 -0.698425 59.544 
-0.715931 0.0315253 0.697458 150.428 0.0107407 0.999359 -0.0341462 -7.34196 -0.698088 -0.0169551 -0.715811 58.6503 
-0.732914 0.0281904 0.679737 151.362 0.00657992 0.999388 -0.0343526 -7.36983 -0.680289 -0.0207048 -0.732651 57.615 
-0.750305 0.0250421 0.660618 152.214 0.00356211 0.999421 -0.0338395 -7.43129 -0.661083 -0.0230367 -0.749959 56.702 
-0.766816 0.0228306 0.64146 153.017 0.000638583 0.999394 -0.0348067 -7.45482 -0.641866 -0.0262807 -0.766366 55.7883 
-0.783323 0.0247124 0.621123 153.789 0.00270278 0.999335 -0.0363517 -7.55084 -0.621609 -0.0267964 -0.782869 54.9268 
-0.79906 0.0236557 0.600785 154.602 0.00333334 0.999385 -0.034917 -7.57309 -0.601241 -0.0258982 -0.798648 53.9428 
-0.812741 0.027424 0.581979 155.39 0.00946871 0.999381 -0.0338698 -7.63367 -0.582547 -0.0220168 -0.812498 52.7981 
-0.826889 0.0297112 0.561579 156.148 0.0115151 0.999288 -0.0359137 -7.69194 -0.562247 -0.02323 -0.826643 51.7253 
-0.84053 0.0302858 0.540918 156.867 0.0103935 0.999154 -0.0397919 -7.7379 -0.541665 -0.0278243 -0.840133 50.6766 
-0.853536 0.0320306 0.520049 157.686 0.0139752 0.999157 -0.0386027 -7.82015 -0.520847 -0.025681 -0.853264 49.482 
-0.866204 0.0289083 0.498854 158.362 0.0128954 0.999286 -0.0355167 -7.87331 -0.499524 -0.0243318 -0.865958 48.4886 
-0.876696 0.0308039 0.480058 159 0.0145747 0.99919 -0.0374983 -7.92499 -0.480825 -0.0258778 -0.876435 47.3773 
-0.886781 0.0327707 0.461026 159.621 0.016147 0.999071 -0.0399575 -7.98564 -0.461907 -0.0279894 -0.886487 46.3118 
-0.897113 0.0294053 0.440821 160.262 0.0123916 0.999065 -0.0414255 -8.03899 -0.441627 -0.0317009 -0.896638 45.3002 
-0.906654 0.0259987 0.421073 160.874 0.00956641 0.99911 -0.0410907 -8.10167 -0.421767 -0.0332269 -0.906095 44.259 
-0.914683 0.0248541 0.403406 161.481 0.00915204 0.999125 -0.0408053 -8.15469 -0.404068 -0.0336319 -0.914111 43.1168 
-0.92355 0.019857 0.382963 162.142 0.00514749 0.99921 -0.0393964 -8.2505 -0.383443 -0.0344132 -0.922923 42.083 
-0.930972 0.0186477 0.364614 162.813 0.00471975 0.999226 -0.0390533 -8.29215 -0.36506 -0.0346366 -0.930339 41.0236 
-0.93718 0.0129401 0.348606 163.325 0.000439933 0.999355 -0.035913 -8.32302 -0.348846 -0.0335036 -0.936581 40.0177 
-0.943042 0.0104231 0.33251 163.887 -0.000475717 0.999466 -0.0326792 -8.35422 -0.332673 -0.030976 -0.942533 38.8432 
-0.947798 0.0107129 0.318692 164.378 0.00160579 0.999583 -0.0288255 -8.41995 -0.318868 -0.026809 -0.94742 37.6434 
-0.951607 0.0129358 0.307046 164.884 0.00327146 0.999483 -0.0319692 -8.45561 -0.307301 -0.0294176 -0.951158 36.4343 
-0.953526 0.0178351 0.300784 165.299 0.00860791 0.999452 -0.0319747 -8.52793 -0.301189 -0.0278996 -0.953156 35.2184 
-0.955216 0.0214827 0.295128 165.698 0.0120115 0.999354 -0.0338676 -8.59291 -0.295665 -0.028806 -0.954857 33.9662 
-0.956687 0.0200632 0.290425 166.105 0.0112187 0.999422 -0.0320869 -8.65092 -0.290901 -0.0274389 -0.956359 32.7283 
-0.959189 0.0139678 0.282421 166.552 0.00616315 0.999575 -0.0285043 -8.70685 -0.282699 -0.0256004 -0.958867 31.5543 
-0.960488 0.00782726 0.278209 166.967 9.50327e-05 0.999614 -0.0277955 -8.734 -0.27832 -0.0266708 -0.960118 30.2559 
-0.962604 -0.00178497 0.270905 167.399 -0.0106962 0.999449 -0.0314215 -8.75475 -0.270699 -0.0331441 -0.962093 29.0878 
-0.96361 -0.00317337 0.267293 167.748 -0.0121308 0.999418 -0.031867 -8.83761 -0.267037 -0.0339498 -0.963088 27.856 
-0.964701 -0.00564425 0.263288 168.118 -0.0159686 0.999184 -0.0370898 -8.87153 -0.262864 -0.0399849 -0.964004 26.6402 
-0.965065 -0.00592414 0.261945 168.488 -0.0164153 0.999147 -0.0378809 -8.94755 -0.261497 -0.0408574 -0.964339 25.3983 
-0.965663 -0.00550301 0.259741 168.907 -0.0170444 0.998964 -0.0422028 -8.94601 -0.25924 -0.0451808 -0.964756 24.1763 
-0.96525 -0.00284304 0.261312 169.27 -0.0145503 0.998974 -0.042878 -9.02448 -0.260922 -0.0451901 -0.964301 22.8578 
-0.965382 -0.00495825 0.260793 169.639 -0.0176078 0.998777 -0.0461901 -9.08676 -0.260245 -0.0491831 -0.964289 21.6754 
-0.965504 -0.004277 0.260353 169.996 -0.0169443 0.998778 -0.0464295 -9.14415 -0.259836 -0.0492393 -0.964396 20.6368 
-0.965367 -0.00470331 0.260851 170.366 -0.0173344 0.998784 -0.046143 -9.22134 -0.260317 -0.0490666 -0.964275 19.4083 
-0.964122 -0.00527395 0.265407 170.674 -0.018196 0.998764 -0.0462524 -9.27425 -0.264835 -0.0494223 -0.963026 18.2372 
-0.964209 -0.0098869 0.264959 171.314 -0.0223845 0.998772 -0.0441901 -9.39206 -0.264197 -0.0485395 -0.963246 16.9519 
-0.963619 -0.0159906 0.2668 171.836 -0.0287063 0.998626 -0.0438281 -9.45967 -0.265733 -0.0498925 -0.962755 15.6643 
-0.963142 -0.0177044 0.26841 172.337 -0.0295725 0.998752 -0.0402378 -9.52619 -0.267363 -0.0466922 -0.962464 14.5286 
-0.961841 -0.0137425 0.273265 172.618 -0.0248299 0.999001 -0.037157 -9.62117 -0.272481 -0.0425243 -0.961221 13.615 
-0.960872 -0.0202809 0.276249 172.986 -0.0326722 0.998652 -0.0403269 -9.65005 -0.275059 -0.0477747 -0.96024 12.6977 
-0.959252 -0.022278 0.281672 173.413 -0.0367806 0.99825 -0.0463053 -9.68333 -0.280147 -0.0547785 -0.958393 11.5995 
-0.955691 -0.0235309 0.293428 173.703 -0.0381156 0.9983 -0.0440853 -9.77317 -0.291892 -0.0533162 -0.954964 10.5045 
-0.952439 -0.0236528 0.303809 174.132 -0.0393205 0.998188 -0.0455564 -9.84354 -0.302181 -0.0553356 -0.951643 9.31624 
-0.948704 -0.0193838 0.31557 174.592 -0.0366937 0.998124 -0.0490036 -9.83617 -0.314028 -0.0580694 -0.947636 8.11792 
-0.945507 -0.00816659 0.3255 175.223 -0.0251854 0.998525 -0.0481059 -9.83374 -0.324627 -0.0536823 -0.944317 6.87178 
-0.941713 -0.0120591 0.3362 175.721 -0.0291493 0.998524 -0.0458331 -9.918 -0.335151 -0.0529616 -0.940675 5.72888 
-0.937429 -0.0129838 0.347933 176.164 -0.0317259 0.998332 -0.0482238 -9.97359 -0.346727 -0.0562448 -0.936278 4.61713 
-0.934027 -0.0117369 0.357008 176.696 -0.0321019 0.998174 -0.0511711 -10.006 -0.355756 -0.0592559 -0.932698 3.45824 
-0.93004 -0.0125482 0.367243 177.169 -0.0337419 0.998111 -0.0513472 -10.0632 -0.365905 -0.0601464 -0.928707 2.40313 
-0.92698 -0.00773219 0.375032 177.715 -0.0269936 0.99857 -0.0461332 -10.1086 -0.374139 -0.052888 -0.925863 1.48116 
-0.922205 -0.00676162 0.386641 178.249 -0.026964 0.998538 -0.0468513 -10.1699 -0.385759 -0.0536319 -0.921039 0.382701 
-0.916862 -0.00643705 0.399152 178.81 -0.0299604 0.99816 -0.0527227 -10.1643 -0.398078 -0.0602981 -0.915368 -0.723768 
-0.906994 -0.00984881 0.421028 179.238 -0.0318417 0.998469 -0.0452381 -10.4103 -0.419938 -0.0544369 -0.905919 -1.85406 
-0.900396 -0.00953976 0.434967 179.78 -0.0326971 0.998416 -0.0457866 -10.4855 -0.433841 -0.0554482 -0.899282 -2.92337 
-0.8942 -0.0067377 0.447616 180.328 -0.0301416 0.998524 -0.0451836 -10.549 -0.446651 -0.0538951 -0.893084 -3.92712 
-0.89036 -0.0103135 0.455141 180.909 -0.0356495 0.998253 -0.0471181 -10.6243 -0.45386 -0.0581776 -0.889172 -4.79832 
-0.87915 -0.00199612 0.476541 181.474 -0.0225538 0.999045 -0.0374238 -10.756 -0.476011 -0.0436489 -0.878355 -5.90492 
-0.87195 -0.00209652 0.48959 182.123 -0.0202893 0.999286 -0.0318559 -10.8686 -0.489174 -0.0377102 -0.871371 -6.83676 
-0.859645 -0.00258529 0.510886 182.748 -0.0232044 0.999153 -0.0339889 -10.8903 -0.510365 -0.0410732 -0.858976 -7.88993 
-0.845516 0.00374319 0.533937 183.305 -0.0154285 0.999387 -0.0314381 -10.9637 -0.533727 -0.0348192 -0.84494 -8.92362 
-0.833616 0.00596645 0.552312 183.643 -0.00998025 0.999616 -0.025862 -11.1501 -0.552254 -0.0270712 -0.833236 -9.47955 
-0.820429 0.00600707 0.571717 184.227 -0.00913083 0.99968 -0.0236067 -11.2244 -0.571676 -0.0245879 -0.820111 -10.2875 
-0.806698 0.0050483 0.590942 184.998 -0.011924 0.999621 -0.0248172 -11.2359 -0.590844 -0.0270664 -0.806332 -11.2268 
-0.790958 0.00689905 0.611831 185.63 -0.0111803 0.999606 -0.0257252 -11.2418 -0.611768 -0.027188 -0.79057 -12.0365 
-0.770617 0.00539959 0.637275 186.485 -0.0146465 0.99955 -0.0261802 -11.2822 -0.63713 -0.0295087 -0.770191 -13.0685 
-0.757657 0.00687377 0.652616 187.333 -0.0182015 0.999333 -0.0316568 -11.2569 -0.652399 -0.0358636 -0.757027 -13.8402 
-0.740185 0.00830069 0.672352 188.195 -0.0242475 0.998944 -0.0390266 -11.215 -0.671966 -0.0451898 -0.739202 -14.7255 
-0.721779 0.010155 0.692049 189.164 -0.0259898 0.998789 -0.0417625 -11.2109 -0.691636 -0.0481295 -0.720641 -15.6351 
-0.702231 0.0118856 0.71185 189.955 -0.0248974 0.998839 -0.0412385 -11.2513 -0.711514 -0.0466821 -0.70112 -16.3642 
-0.680412 0.0158929 0.732657 190.824 -0.0239696 0.998747 -0.0439254 -11.2913 -0.732438 -0.0474488 -0.679179 -17.1774 
-0.658014 0.0158385 0.752839 191.694 -0.0252927 0.99875 -0.043119 -11.3387 -0.75258 -0.0474143 -0.656791 -17.8848 
-0.63372 0.0186941 0.773336 192.648 -0.0227247 0.998827 -0.0427671 -11.328 -0.773228 -0.0446762 -0.632552 -18.6651 
-0.612128 0.0167099 0.790582 193.521 -0.0209399 0.999083 -0.0373302 -11.367 -0.790481 -0.0394056 -0.611217 -19.1958 
-0.585331 0.0175953 0.810603 194.365 -0.0251695 0.998888 -0.0398571 -11.4121 -0.810404 -0.043732 -0.584238 -19.8147 
-0.559306 0.0204297 0.828709 195.132 -0.0276725 0.998679 -0.0432964 -11.4642 -0.828499 -0.0471484 -0.558002 -20.3684 
-0.528708 0.0252891 0.848427 195.534 -0.0143271 0.999148 -0.0387098 -11.4335 -0.848683 -0.0326216 -0.527895 -20.9199 
-0.498854 0.0232272 0.866375 196.646 -0.0272667 0.998725 -0.0424755 -11.5662 -0.866257 -0.0448122 -0.497585 -21.5685 
-0.472627 0.0215619 0.880999 197.865 -0.0265408 0.998899 -0.0386858 -11.6767 -0.880863 -0.0416663 -0.471534 -21.9781 
-0.447646 0.0194636 0.893999 199.055 -0.0349957 0.998616 -0.0392645 -11.7517 -0.893526 -0.0488627 -0.446345 -22.306 
-0.42282 0.0225865 0.905932 200.281 -0.0296121 0.998811 -0.0387228 -11.691 -0.90573 -0.0431993 -0.421648 -22.5879 
-0.39467 0.01966 0.918612 200.886 -0.0248118 0.999178 -0.0320444 -11.8037 -0.918488 -0.0354394 -0.393858 -22.8474 
-0.367748 0.0181061 0.929749 201.412 -0.0281968 0.999134 -0.0306102 -11.9275 -0.929498 -0.0374728 -0.366919 -23.0862 
-0.337012 0.0189849 0.941309 202.426 -0.0303695 0.999057 -0.0310227 -11.9712 -0.94101 -0.0390421 -0.336118 -23.4155 
-0.300626 0.0221051 0.953486 203.754 -0.029307 0.999045 -0.0324017 -11.9721 -0.953292 -0.0376846 -0.299691 -23.791 
-0.268399 0.0262042 0.962951 204.832 -0.0407129 0.998428 -0.0385174 -11.9892 -0.962447 -0.0495426 -0.26691 -24.035 
-0.236031 0.025955 0.971399 205.837 -0.0427824 0.998396 -0.0370717 -12.0534 -0.970803 -0.0503089 -0.234542 -24.2822 
-0.211927 0.0288451 0.97686 206.438 -0.0511646 0.997866 -0.0405655 -12.074 -0.975945 -0.0585775 -0.209999 -24.2419 
-0.191012 0.0334774 0.981017 207.251 -0.0636479 0.996893 -0.046412 -12.0742 -0.979522 -0.0713049 -0.188288 -24.1979 
-0.158819 0.0340469 0.98672 208.492 -0.0569883 0.997423 -0.0435889 -12.1073 -0.985662 -0.0631543 -0.156469 -24.3664 
-0.127356 0.0346117 0.991253 209.65 -0.0586138 0.997382 -0.0423565 -12.1446 -0.990124 -0.0634955 -0.124994 -24.5074 
-0.0959397 0.0368108 0.994706 210.863 -0.0589365 0.997353 -0.0425932 -12.172 -0.993641 -0.0627109 -0.0935162 -24.5844 
-0.0645845 0.0368666 0.997231 212.005 -0.0587617 0.997443 -0.0406801 -12.2424 -0.996181 -0.0612263 -0.062253 -24.6938 
-0.0330837 0.0345596 0.998855 213.168 -0.0529951 0.997935 -0.0362832 -12.3123 -0.998047 -0.0541348 -0.0311839 -24.7102 
-0.0078825 0.0358738 0.999325 214.182 -0.0493497 0.998125 -0.0362201 -12.3174 -0.99875 -0.0496019 -0.00609735 -24.6153 
0.0207214 0.0363066 0.999126 215.225 -0.0518205 0.998036 -0.0351923 -12.3616 -0.998441 -0.0510459 0.0225621 -24.5413 
0.0495539 0.0365939 0.998101 216.351 -0.0499274 0.99817 -0.0341177 -12.3958 -0.997523 -0.0481419 0.0512903 -24.4347 
0.0738245 0.0434456 0.996324 217.606 -0.0577079 0.997563 -0.0392237 -12.4083 -0.9956 -0.0546001 0.0761517 -24.1884 
0.102322 0.0432951 0.993809 218.743 -0.0590016 0.997558 -0.0373838 -12.4696 -0.993 -0.0548111 0.104626 -24.0254 
0.131171 0.0431548 0.99042 219.909 -0.0583152 0.997658 -0.035747 -12.5019 -0.989643 -0.0530676 0.13338 -23.8541 
0.159123 0.0431937 0.986313 220.991 -0.0591759 0.997663 -0.034144 -12.5302 -0.985484 -0.0529329 0.161307 -23.6279 
0.190805 0.0445503 0.980616 222.184 -0.0567183 0.997801 -0.034295 -12.592 -0.979988 -0.0490752 0.192912 -23.3998 
0.219094 0.0456755 0.974634 223.358 -0.0547501 0.997905 -0.0344585 -12.6553 -0.974166 -0.0458117 0.221136 -23.1012 
0.24442 0.0449454 0.968627 224.391 -0.0535709 0.998025 -0.0327917 -12.6987 -0.968188 -0.0438753 0.246346 -22.7266 
0.27257 0.0422498 0.961208 225.466 -0.0528024 0.998187 -0.0289022 -12.7812 -0.960686 -0.0428762 0.274306 -22.3611 
0.297272 0.0338639 0.954192 226.452 -0.0477469 0.998648 -0.0205664 -12.9369 -0.953598 -0.0394459 0.298487 -21.9271 
0.322995 0.0290166 0.945956 227.458 -0.0444986 0.99889 -0.0154465 -13.0684 -0.945354 -0.0371045 0.323928 -21.5537 
0.348288 0.0285175 0.936954 228.562 -0.0450061 0.998893 -0.0136729 -13.1016 -0.936306 -0.0374065 0.349186 -21.1415 
0.371459 0.0276738 0.928037 229.652 -0.0456716 0.99889 -0.0115061 -13.122 -0.927325 -0.0381109 0.372311 -20.6953 
0.393249 0.0251498 0.919088 230.76 -0.0442744 0.998984 -0.00839254 -13.1313 -0.918365 -0.0373917 0.393963 -20.2231 
0.413164 0.0227082 0.910373 231.951 -0.041554 0.999118 -0.00606306 -13.1412 -0.909708 -0.0353246 0.413743 -19.6719 
0.434105 0.0189062 0.900664 233.097 -0.0391408 0.999231 -0.00211013 -13.1785 -0.900011 -0.0343367 0.434512 -19.1505 
0.449639 0.020189 0.892982 234.079 -0.0386592 0.999247 -0.00312573 -13.1696 -0.892374 -0.0331166 0.450081 -18.5623 
0.467446 0.0197545 0.883801 235.145 -0.0375906 0.99929 -0.00245415 -13.1871 -0.883222 -0.0320754 0.467857 -17.9813 
0.483499 0.0183655 0.875152 236.111 -0.0369851 0.999316 -0.000537966 -13.2131 -0.874563 -0.0321075 0.483847 -17.3564 
0.500501 0.0172087 0.865565 237.098 -0.0374535 0.999297 0.00178939 -13.2164 -0.864925 -0.0333141 0.500794 -16.7565 
0.517699 0.0156594 0.855419 238.157 -0.0364485 0.999328 0.00376467 -13.2146 -0.854786 -0.0331277 0.517922 -16.0792 
0.534989 0.0138761 0.844745 239.143 -0.0357452 0.999341 0.00622217 -13.2249 -0.844103 -0.0335244 0.535132 -15.4149 
0.551716 0.015908 0.83388 240.187 -0.036022 0.99934 0.00476843 -13.2144 -0.833254 -0.0326689 0.551925 -14.675 
0.568695 0.0155429 0.822402 241.175 -0.0356985 0.999346 0.00579845 -13.2512 -0.821774 -0.0326561 0.568877 -14.0295 
0.583631 0.0155685 0.811869 242.132 -0.0356381 0.999344 0.00645567 -13.2388 -0.811236 -0.0327012 0.583803 -13.3287 
0.594142 0.0128619 0.804257 243.061 -0.0337257 0.999391 0.00893208 -13.2221 -0.803653 -0.0324311 0.594214 -12.5001 
0.607525 0.012169 0.794207 244.044 -0.0333345 0.999392 0.010186 -13.2083 -0.793601 -0.0326628 0.607562 -11.6925 
0.61993 0.0111625 0.784578 245.031 -0.0307658 0.999476 0.0100893 -13.2065 -0.784053 -0.0303928 0.619949 -10.8808 
0.631137 0.0120463 0.775578 246.014 -0.0288495 0.999552 0.00795152 -13.1903 -0.775135 -0.0273936 0.631201 -10.0428 
0.642362 0.0109042 0.766324 246.966 -0.0272211 0.999592 0.00859424 -13.1707 -0.765918 -0.0263808 0.642397 -9.23999 
0.650725 0.00787156 0.759273 247.906 -0.0208193 0.999755 0.00747805 -13.1345 -0.759028 -0.0206737 0.65073 -8.35431 
0.659299 0.00658904 0.751852 248.818 -0.0190969 0.999786 0.00798404 -13.1413 -0.751638 -0.0196219 0.659284 -7.49263 
0.668906 0.00274629 0.743341 249.824 -0.0158937 0.999817 0.0106082 -13.1684 -0.743176 -0.0189104 0.668828 -6.63391 
0.674489 0.000382729 0.738285 250.727 -0.0143536 0.999818 0.0125949 -13.1657 -0.738145 -0.0190922 0.674372 -5.82585 
0.679014 0.00176675 0.734123 251.672 -0.0177374 0.999745 0.0139997 -13.1548 -0.733911 -0.0225275 0.678872 -4.90661 
0.68296 -0.00201197 0.730453 252.611 -0.0129787 0.999805 0.0148886 -13.142 -0.730341 -0.0196487 0.6828 -4.0268 
0.686792 -0.00196844 0.726852 253.73 -0.0133919 0.999792 0.0153613 -13.1146 -0.726731 -0.020284 0.686623 -2.99542 
0.689406 -0.00767366 0.724334 254.731 -0.00664963 0.999835 0.0169212 -13.0859 -0.724344 -0.0164822 0.689241 -2.03968 
0.694505 -0.00468855 0.719472 255.582 -0.0116395 0.999775 0.0177507 -13.1531 -0.719393 -0.0207023 0.694294 -1.35473 
0.69935 -0.00756039 0.71474 256.705 -0.00801799 0.999798 0.0184209 -13.1341 -0.714735 -0.0186135 0.699148 -0.331814 
0.702899 -0.0104132 0.711214 257.76 -0.0046142 0.999805 0.0191988 -13.1269 -0.711275 -0.0167765 0.702713 0.663843 
0.706938 -0.0104711 0.707198 258.775 -0.00361515 0.999824 0.0184175 -13.1044 -0.707267 -0.0155767 0.706775 1.63391 
0.711957 -0.0131341 0.7021 259.885 -0.00176487 0.999788 0.0204924 -13.1279 -0.70222 -0.0158289 0.711784 2.68862 
0.711702 -0.0149623 0.702322 260.552 0.00439935 0.999848 0.0168425 -13.041 -0.702467 -0.00889716 0.71166 3.58298 
0.713594 -0.0135977 0.700428 261.485 0.0021938 0.99985 0.0171754 -13.0106 -0.700556 -0.0107197 0.713516 4.55931 
