1 2.12261e-08 -2.11895e-08 0 2.12261e-08 1 2.10703e-08 0 -2.11895e-08 2.10703e-08 1 0 
1 -0.000448307 0.000771175 -0.0682799 0.000446902 0.999998 0.00187636 -0.0119771 -0.000772057 -0.00187597 0.999998 1.41003 
0.999997 -0.00154322 0.00177274 -0.114689 0.00153768 0.999994 0.0031436 -0.0544918 -0.00177762 -0.00314083 0.999994 2.72041 
0.999991 -0.00383502 0.00189083 -0.160865 0.00383097 0.99999 0.00216103 -0.0982906 -0.00189914 -0.00215372 0.999996 4.0505 
0.999992 -0.00387257 0.00123699 -0.142735 0.00386915 0.999989 0.00278944 -0.122551 -0.00124782 -0.00278459 0.999995 5.54027 
0.999992 -0.0038557 0.00110283 -0.177916 0.00385152 0.999985 0.00380474 -0.131225 -0.00111752 -0.00380042 0.999992 6.81477 
0.999984 -0.00541997 0.00188128 -0.198374 0.00540887 0.999968 0.00587876 -0.168538 -0.00191313 -0.00586845 0.999981 8.08641 
0.999981 -0.00604893 0.00133741 -0.234972 0.00604042 0.999962 0.00630985 -0.173941 -0.00137557 -0.00630161 0.999979 9.42268 
0.999985 -0.00547316 0.00085867 -0.24347 0.00546906 0.999974 0.00476016 -0.197608 -0.000884743 -0.00475535 0.999988 10.7187 
0.99999 -0.000741402 0.00448701 -0.378141 0.000732187 0.999998 0.00206443 -0.225324 -0.00448857 -0.00206108 0.999988 12.0363 
0.999973 0.00507813 0.00529076 -0.409029 -0.00507742 0.999987 -0.000139105 -0.217065 -0.00529144 0.00011228 0.999986 13.3895 
0.999959 0.0058855 0.00688045 -0.452577 -0.00588374 0.999983 -0.000269204 -0.227118 -0.00688196 0.000228752 0.999976 14.6832 
0.999957 0.0068805 0.00627696 -0.465462 -0.0068759 0.999976 -0.000746484 -0.221376 -0.00628198 0.000703334 0.99998 16.0233 
0.999958 0.00487032 0.00778885 -0.48732 -0.0048872 0.999986 0.00215469 -0.234171 -0.00777829 -0.00219263 0.999967 17.4715 
0.999954 0.0023774 0.00924975 -0.523725 -0.00240241 0.999994 0.002699 -0.240905 -0.00924331 -0.00272106 0.999954 18.8182 
0.999943 -0.000306888 0.0106349 -0.561981 0.0003128 1 -0.000550172 -0.241739 -0.0106348 0.000553509 0.999943 20.122 
0.999925 -0.000886193 0.0121927 -0.581495 0.00092192 0.999995 -0.00292134 -0.265696 -0.0121901 0.0029324 0.999921 21.4645 
0.999887 0.0012544 0.0150095 -0.63406 -0.00119634 0.999992 -0.00387341 -0.287427 -0.0150142 0.00385506 0.99988 22.8045 
0.999868 0.00376734 0.0158084 -0.638058 -0.00372653 0.99999 -0.00260714 -0.310561 -0.0158181 0.00254793 0.999872 24.1457 
0.999854 0.00579402 0.0160758 -0.639251 -0.00579874 0.999983 0.00024958 -0.320089 -0.0160742 -0.000342721 0.999871 25.4851 
0.999857 0.00347433 0.0165688 -0.645166 -0.00351941 0.99999 0.00269542 -0.348125 -0.0165593 -0.0027533 0.999859 26.8361 
0.999858 -0.00127437 0.0168133 -0.672905 0.00124549 0.999998 0.00173038 -0.379499 -0.0168155 -0.00170915 0.999857 28.1559 
0.999826 -0.000485057 0.0186376 -0.726649 0.000503636 0.999999 -0.000989847 -0.370827 -0.0186371 0.000999103 0.999826 29.5849 
0.999817 -0.000904449 0.0191049 -0.723709 0.00097181 0.999993 -0.00351465 -0.397116 -0.0191016 0.00353261 0.999811 30.9991 
0.999818 -1.57373e-05 0.0190864 -0.703366 9.61816e-05 0.999991 -0.00421158 -0.413082 -0.0190862 0.00421269 0.999809 32.4278 
0.999815 0.000946699 0.0192018 -0.695301 -0.000840382 0.999984 -0.00554191 -0.453232 -0.0192067 0.00552479 0.9998 33.7773 
0.999817 0.000177983 0.0191382 -0.69455 -0.00010724 0.999993 -0.00369515 -0.492027 -0.0191388 0.00369246 0.99981 35.1418 
0.999817 -3.92945e-05 0.0191246 -0.696725 8.41855e-05 0.999997 -0.00234424 -0.524467 -0.0191245 0.00234546 0.999814 36.4808 
0.999792 0.000585116 0.0203756 -0.746909 -0.000571263 1 -0.000683597 -0.539799 -0.0203761 0.000671856 0.999792 37.8201 
0.999796 0.00150135 0.0201623 -0.758863 -0.00151992 0.999998 0.000907753 -0.563216 -0.0201609 -0.000938171 0.999796 39.2363 
0.99976 0.00390722 0.0215415 -0.755108 -0.00391846 0.999992 0.000481519 -0.581414 -0.0215395 -0.000565771 0.999768 40.6176 
0.999761 0.00378258 0.0215207 -0.764578 -0.00380757 0.999992 0.00112211 -0.579802 -0.0215164 -0.00120374 0.999768 42.0474 
0.999756 0.0046729 0.0216063 -0.764883 -0.00473451 0.999985 0.0028035 -0.627449 -0.0215929 -0.00290506 0.999763 43.3822 
0.999718 0.00464939 0.0232958 -0.79034 -0.00467766 0.999988 0.00116105 -0.619928 -0.0232901 -0.00126965 0.999728 44.8125 
0.99968 0.00418172 0.0249598 -0.829388 -0.004197 0.999991 0.000561627 -0.62148 -0.0249573 -0.000666162 0.999688 46.1802 
0.999664 0.00271673 0.0257979 -0.856963 -0.00276378 0.999995 0.00178987 -0.661642 -0.0257929 -0.00186052 0.999666 47.5577 
0.999672 0.00292796 0.0254576 -0.862968 -0.00301145 0.99999 0.0032437 -0.669093 -0.0254479 -0.00331926 0.999671 48.9476 
0.999695 0.0030311 0.0245138 -0.863548 -0.00312136 0.999989 0.00364658 -0.702238 -0.0245025 -0.00372194 0.999693 50.3821 
0.999692 0.00462517 0.0243824 -0.880391 -0.00473369 0.999979 0.00439656 -0.72141 -0.0243616 -0.00451058 0.999693 51.7126 
0.999692 0.00388341 0.0245267 -0.935501 -0.00399664 0.999982 0.00457093 -0.698058 -0.0245086 -0.0046675 0.999689 53.085 
0.999708 0.00242657 0.0240539 -0.950675 -0.00258478 0.999975 0.00655023 -0.727551 -0.0240375 -0.00661044 0.999689 54.3939 
0.999694 0.00168819 0.0246659 -0.951007 -0.00185913 0.999974 0.0069106 -0.734492 -0.0246536 -0.00695431 0.999672 55.8787 
0.99969 -0.00143324 0.0248615 -0.962809 0.00128815 0.999982 0.00585245 -0.742782 -0.0248695 -0.00581856 0.999674 57.2516 
0.999717 -0.00263741 0.023625 -0.937282 0.00249612 0.999979 0.00600979 -0.752325 -0.0236404 -0.00594908 0.999703 58.631 
0.999651 -0.00442525 0.0260466 -0.952111 0.00424349 0.999966 0.0070311 -0.76997 -0.0260769 -0.00691808 0.999636 60.0624 
0.999565 -0.00876765 0.02817 -1.00019 0.00850135 0.999918 0.0095606 -0.817627 -0.0282516 -0.00931691 0.999557 61.4834 
0.999531 -0.00948776 0.0291238 -0.970133 0.00924252 0.999921 0.0085449 -0.82041 -0.0292026 -0.00827167 0.999539 62.9195 
0.999539 -0.0117279 0.0280175 -0.86237 0.011485 0.999895 0.00881768 -0.875213 -0.028118 -0.00849179 0.999569 64.2933 
0.999533 -0.0124157 0.0279253 -0.86087 0.0121632 0.999884 0.00919294 -0.864737 -0.0280362 -0.00884894 0.999568 65.848 
0.999526 -0.008779 0.0295038 -0.871446 0.00852234 0.999925 0.00881524 -0.882065 -0.029579 -0.00855958 0.999526 67.3204 
0.999512 -0.00676594 0.030482 -0.865747 0.00646255 0.999929 0.0100422 -0.889091 -0.0305478 -0.00984023 0.999485 68.6796 
0.999541 -0.0016797 0.0302391 -0.833039 0.00135561 0.999941 0.0107362 -0.895016 -0.0302554 -0.0106903 0.999485 70.1052 
0.999505 0.00135918 0.0314296 -0.823306 -0.00171124 0.999936 0.0111787 -0.894798 -0.0314124 -0.0112269 0.999443 71.4567 
0.999497 0.00313093 0.0315485 -0.78711 -0.00355769 0.999903 0.0134815 -0.95102 -0.0315033 -0.0135869 0.999411 72.7788 
0.999452 0.00631564 0.0324961 -0.787335 -0.00675315 0.999888 0.0133725 -0.972987 -0.032408 -0.0135845 0.999382 74.0376 
0.999444 0.00591474 0.0328239 -0.758957 -0.00636486 0.999887 0.0136271 -0.971645 -0.0327396 -0.0138284 0.999368 75.3696 
0.999375 0.00811626 0.0344137 -0.775448 -0.00859725 0.999867 0.0138529 -0.979504 -0.0342967 -0.0141401 0.999312 76.7531 
0.99933 0.00836752 0.0356244 -0.775867 -0.00885257 0.99987 0.0134811 -0.980149 -0.035507 -0.0137874 0.999274 78.0903 
0.999344 0.00673019 0.0355742 -0.760477 -0.00720303 0.999887 0.0131816 -0.992451 -0.0354815 -0.0134291 0.99928 79.5241 
0.99934 0.00477828 0.0360014 -0.760949 -0.00525387 0.9999 0.0131286 -1.01018 -0.0359351 -0.013309 0.999266 80.8778 
0.999231 0.00608441 0.0387342 -0.824932 -0.0065908 0.999894 0.0129602 -1.00486 -0.0386513 -0.0132054 0.999166 82.1508 
0.999248 0.00636432 0.0382505 -0.808586 -0.00683177 0.999903 0.0121036 -0.996023 -0.0381699 -0.0123557 0.999195 83.5493 
0.999209 0.00700594 0.0391429 -0.827953 -0.00745669 0.999907 0.0113825 -0.961122 -0.0390596 -0.0116654 0.999169 84.9485 
0.99924 0.00813367 0.038125 -0.807091 -0.00851589 0.999915 0.00987499 -0.950784 -0.0380415 -0.0101921 0.999224 86.3193 
0.99935 0.00520328 0.0356787 -0.775252 -0.00554947 0.999938 0.00961209 -0.924826 -0.0356265 -0.0098038 0.999317 87.7207 
0.999372 0.00266658 0.0353395 -0.799843 -0.00300924 0.999949 0.00964784 -0.92437 -0.035312 -0.00974808 0.999329 89.1318 
0.999344 0.000739413 0.036213 -0.779674 -0.00107576 0.999956 0.0092706 -0.925771 -0.0362046 -0.00930344 0.999301 90.4492 
0.99938 -0.000214096 0.0352052 -0.740053 -8.4028e-05 0.999964 0.00846769 -0.927033 -0.0352058 -0.00846536 0.999344 91.7878 
0.999373 -0.0012314 0.0353934 -0.725156 0.000933741 0.999964 0.00842665 -0.940764 -0.0354025 -0.00838827 0.999338 93.0867 
0.999354 -0.00191867 0.0358882 -0.735035 0.00159319 0.999957 0.00909689 -0.970163 -0.0359042 -0.0090338 0.999314 94.3508 
0.99935 -0.00333876 0.0359094 -0.704071 0.00305057 0.999963 0.00807842 -0.965644 -0.0359351 -0.00796358 0.999322 95.7465 
0.999338 -0.00213972 0.0363061 -0.690419 0.00186849 0.99997 0.00750428 -0.976656 -0.0363211 -0.00743144 0.999313 97.1046 
0.999345 -0.00117888 0.0361798 -0.672976 0.000923319 0.999975 0.00708071 -0.972986 -0.0361872 -0.00704262 0.99932 98.4679 
0.999354 -0.00233974 0.0358771 -0.651679 0.00201953 0.999958 0.00896 -0.989153 -0.0358966 -0.00888171 0.999316 99.8143 
0.999328 -0.000408614 0.0366667 -0.655089 5.05645e-05 0.999952 0.00976653 -0.99478 -0.036669 -0.00975807 0.99928 101.167 
0.999328 -0.00439547 0.0363893 -0.643144 0.00405432 0.999947 0.00944475 -0.998968 -0.036429 -0.00929083 0.999293 102.499 
0.999222 -0.00336522 0.0392969 -0.728347 0.00306972 0.999967 0.0075788 -1.04419 -0.0393211 -0.00745223 0.999199 103.767 
0.999171 -0.00494777 0.0404036 -0.724455 0.00470614 0.999971 0.00607447 -1.05126 -0.0404325 -0.00587925 0.999165 105.167 
0.999162 -0.00704422 0.040317 -0.685227 0.00675038 0.99995 0.00742086 -1.06328 -0.0403673 -0.00714244 0.999159 106.484 
0.999001 -0.00684497 0.0441701 -0.723543 0.00646338 0.999941 0.00877702 -1.06515 -0.0442276 -0.00848272 0.998986 107.706 
0.998901 -0.0069676 0.0463581 -0.740011 0.0065992 0.999945 0.00809601 -1.04614 -0.046412 -0.00778114 0.998892 109.066 
0.998843 -0.0101258 0.0470068 -0.712038 0.00974316 0.999918 0.00836311 -1.08774 -0.0470876 -0.0078954 0.99886 110.348 
0.998801 -0.00873147 0.0481802 -0.684744 0.00842757 0.999943 0.00650811 -1.10018 -0.0482344 -0.00609422 0.998817 111.692 
0.998764 -0.0043586 0.0495139 -0.676723 0.00422154 0.999987 0.00287309 -1.10148 -0.0495258 -0.00266048 0.998769 113 
0.998679 -0.00373492 0.0512427 -0.657926 0.00357308 0.999988 0.00325044 -1.10754 -0.0512542 -0.00306301 0.998681 114.462 
0.998614 -0.00348078 0.0525086 -0.607357 0.00313798 0.999973 0.00661015 -1.15826 -0.0525302 -0.00643618 0.998599 115.747 
0.99849 -0.0029308 0.0548532 -0.599114 0.00247552 0.999962 0.00836678 -1.16393 -0.0548757 -0.00821832 0.998459 116.978 
0.998402 -0.00233503 0.0564562 -0.565493 0.00185348 0.999962 0.00858132 -1.17219 -0.0564741 -0.00846293 0.998368 118.315 
0.998362 -0.00130869 0.0572043 -0.496234 0.00084377 0.999966 0.00815153 -1.20522 -0.0572131 -0.00808986 0.998329 119.677 
0.99825 0.00248831 0.0590794 -0.457839 -0.00292878 0.999969 0.00737102 -1.21936 -0.0590592 -0.00753111 0.998226 120.964 
0.998134 0.00376848 0.0609412 -0.419994 -0.00422505 0.999964 0.0073655 -1.22973 -0.0609113 -0.0076092 0.998114 122.367 
0.998035 0.00445888 0.0624956 -0.383922 -0.00485604 0.999969 0.00620536 -1.25069 -0.062466 -0.00649661 0.998026 123.714 
0.99792 0.00642367 0.0641439 -0.324944 -0.00679472 0.999961 0.00556891 -1.27726 -0.0641057 -0.00599312 0.997925 125.032 
0.997739 0.00517225 0.0670046 -0.310101 -0.00555962 0.999969 0.00559675 -1.30468 -0.0669737 -0.00595658 0.997737 126.353 
0.997504 0.00598414 0.0703528 -0.347516 -0.00645273 0.999959 0.00643578 -1.31775 -0.0703114 -0.00687365 0.997501 127.561 
0.997324 0.0042267 0.0729923 -0.400376 -0.00479809 0.999959 0.00765506 -1.34648 -0.072957 -0.00798476 0.997303 128.719 
0.997311 0.00265779 0.0732358 -0.288803 -0.00327147 0.999961 0.0082615 -1.37569 -0.073211 -0.00847884 0.99728 130.192 
0.997263 0.00185079 0.0739195 -0.223529 -0.00240338 0.99997 0.00738789 -1.37543 -0.0739036 -0.00754528 0.997237 131.53 
0.997262 0.000831323 0.0739449 -0.186826 -0.00144981 0.999964 0.00831147 -1.39874 -0.0739354 -0.00839588 0.997228 132.859 
0.997233 -0.000543552 0.074332 -0.126854 -5.48447e-05 0.999968 0.00804864 -1.39915 -0.074334 -0.00803041 0.997201 134.201 
0.997277 -0.001801 0.0737292 -0.052371 0.0012909 0.999975 0.00696625 -1.39857 -0.07374 -0.00685206 0.997254 135.537 
0.997264 -0.00253406 0.0738841 -0.0144861 0.00191647 0.999963 0.00842927 -1.42981 -0.0739027 -0.00826456 0.997231 136.858 
0.997253 -0.0046003 0.0739235 0.0163851 0.00396316 0.999954 0.00876382 -1.4637 -0.0739605 -0.00844673 0.997225 138.015 
0.997303 -0.00411385 0.073286 0.0638482 0.00348013 0.999955 0.00877342 -1.4854 -0.0733189 -0.00849466 0.997272 139.283 
0.997305 -0.00214362 0.0733394 0.0866962 0.00153246 0.999964 0.00838914 -1.51255 -0.0733548 -0.0082541 0.997272 140.561 
0.997267 -0.00346073 0.0738012 0.147978 0.0028773 0.999964 0.008011 -1.51368 -0.0738263 -0.00777672 0.997241 141.882 
0.997275 -0.00548496 0.0735722 0.201143 0.00510206 0.999972 0.00539195 -1.50686 -0.0735998 -0.00500185 0.997275 143.221 
0.997406 -0.010096 0.0712686 0.334887 0.00982079 0.999943 0.00421128 -1.49461 -0.0713071 -0.0035004 0.997448 144.625 
0.997296 -0.0165672 0.0715923 0.383623 0.0161746 0.999851 0.00606172 -1.50288 -0.0716821 -0.00488732 0.997416 145.947 
0.997369 -0.0233826 0.0686171 0.470841 0.0228325 0.999701 0.00879176 -1.5486 -0.0688022 -0.00720189 0.997604 147.201 
0.997386 -0.02647 0.0672424 0.570745 0.0262044 0.999645 0.00482961 -1.54017 -0.0673464 -0.0030549 0.997725 148.589 
0.997393 -0.0258848 0.0673627 0.659834 0.0258093 0.999665 0.00199147 -1.55518 -0.0673917 -0.000247653 0.997727 149.956 
0.997389 -0.0218739 0.0688198 0.706109 0.0219625 0.999759 -0.000529936 -1.56887 -0.0687916 0.00204005 0.997629 151.291 
0.997106 -0.0191144 0.0735836 0.687439 0.0192493 0.999814 -0.0011245 -1.5727 -0.0735484 0.00253773 0.997288 152.539 
0.997047 -0.0223737 0.0734585 0.769092 0.0222877 0.99975 0.00199102 -1.58768 -0.0734847 -0.000347884 0.997296 153.878 
0.996915 -0.0289957 0.0729371 0.850785 0.028694 0.999575 0.00518217 -1.60902 -0.0730564 -0.00307329 0.997323 155.203 
0.996791 -0.0309714 0.073809 0.903389 0.0306624 0.999516 0.0053166 -1.60697 -0.0739379 -0.00303633 0.997258 156.512 
0.996654 -0.0322106 0.0751229 0.947326 0.0319163 0.999477 0.00511578 -1.61951 -0.0752485 -0.00270098 0.997161 157.83 
0.996653 -0.0291924 0.0763611 1.02508 0.0289071 0.99957 0.00483922 -1.62773 -0.0764696 -0.0026156 0.997069 159.179 
0.996663 -0.0259775 0.0773836 1.11704 0.0257079 0.99966 0.00447909 -1.64917 -0.0774736 -0.00247473 0.996991 160.523 
0.996454 -0.0204187 0.0816198 1.06209 0.0202819 0.999791 0.00250466 -1.66447 -0.0816539 -0.000840334 0.99666 161.667 
0.996458 -0.0177101 0.082209 1.13525 0.0176366 0.999843 0.00162102 -1.67665 -0.0822249 -0.000165352 0.996614 162.991 
0.996429 -0.0143862 0.0831953 1.19576 0.0143186 0.999897 0.00140974 -1.67807 -0.083207 -0.000213425 0.996532 164.302 
0.996428 -0.0103963 0.0838086 1.26435 0.0103841 0.999946 0.00058197 -1.68522 -0.0838102 0.000290428 0.996482 165.645 
0.996441 -0.00582368 0.0840893 1.34156 0.00605499 0.999979 -0.00249546 -1.69075 -0.084073 0.00299578 0.996455 166.983 
0.996353 -0.00325888 0.0852653 1.37422 0.00352723 0.999989 -0.00299626 -1.75603 -0.0852547 0.00328612 0.996354 168.239 
0.996151 0.00726731 0.087354 1.39252 -0.00671458 0.999956 -0.00661915 -1.74728 -0.0873983 0.00600717 0.996155 169.591 
0.995992 0.0100045 0.0888796 1.38897 -0.00963056 0.999943 -0.00463425 -1.7672 -0.088921 0.00375975 0.996032 171.024 
0.995862 0.0123077 0.090045 1.47163 -0.0121495 0.999924 -0.00230425 -1.81182 -0.0900665 0.00120076 0.995935 172.464 
0.996048 0.00736778 0.0885099 1.57961 -0.00753977 0.99997 0.00160953 -1.85659 -0.0884954 -0.00227048 0.996074 173.724 
0.995947 0.0108227 0.0892922 1.65257 -0.0109829 0.999939 0.00130435 -1.84055 -0.0892726 -0.00227972 0.996005 175.134 
0.996112 0.0100878 0.0875127 1.75521 -0.0102231 0.999947 0.0010981 -1.86652 -0.087497 -0.00198844 0.996163 176.482 
0.996273 0.00744763 0.0859396 1.82595 -0.00738565 0.999972 -0.00103872 -1.9256 -0.085945 0.000400165 0.9963 177.829 
0.996343 0.0098342 0.0848776 1.90416 -0.0094575 0.999944 -0.00483855 -1.95292 -0.0849204 0.00401816 0.99638 179.214 
0.996127 0.0163172 0.0864009 1.83488 -0.0157071 0.999847 -0.00773583 -1.94237 -0.0865139 0.00634879 0.99623 180.795 
0.995886 0.023093 0.0876239 1.89497 -0.0226915 0.999727 -0.00557463 -1.99575 -0.0877287 0.00356341 0.996138 182.07 
0.995804 0.0228716 0.0886086 1.97059 -0.0227333 0.999738 -0.00256917 -1.97678 -0.0886442 0.000544063 0.996063 183.469 
0.995496 0.0237534 0.0917826 1.94999 -0.0238303 0.999716 -0.000257944 -2.01774 -0.0917627 -0.00193038 0.995779 184.92 
0.995483 0.0216345 0.0924452 2.01823 -0.0218935 0.999759 0.00178919 -2.05892 -0.0923843 -0.00380502 0.995716 186.239 
0.995389 0.0219995 0.0933693 2.08825 -0.0222694 0.99975 0.00185051 -2.0919 -0.0933053 -0.00392121 0.99563 187.637 
0.995338 0.0192007 0.0945147 2.15076 -0.0196175 0.999802 0.00348316 -2.14267 -0.0944291 -0.00532103 0.995517 188.891 
0.995347 0.0158736 0.095039 2.25345 -0.0163136 0.99986 0.00385475 -2.1617 -0.0949645 -0.0053872 0.995466 190.316 
0.995272 0.0121508 0.0963625 2.32172 -0.0127174 0.999905 0.00526829 -2.19152 -0.0962894 -0.00646883 0.995332 191.733 
0.995127 0.00801885 0.0982773 2.39751 -0.00880936 0.999932 0.00761284 -2.21774 -0.0982097 -0.00844146 0.99513 193.154 
0.99495 0.00710652 0.100117 2.43844 -0.00786071 0.999944 0.00714111 -2.21029 -0.10006 -0.00789199 0.99495 194.526 
0.994769 0.0108628 0.101569 2.51517 -0.0110781 0.999937 0.00155642 -2.2011 -0.101546 -0.00267343 0.994827 195.899 
0.99457 0.0176479 0.102563 2.58706 -0.0175584 0.999844 -0.00177558 -2.25746 -0.102578 -3.48636e-05 0.994725 197.219 
0.994183 0.0273578 0.104177 2.68287 -0.0272791 0.999626 -0.00217983 -2.26747 -0.104197 -0.00067466 0.994556 198.6 
0.993686 0.035887 0.1063 2.76157 -0.0361978 0.999344 0.000995634 -2.2828 -0.106195 -0.00483713 0.994334 200.04 
0.993688 0.0359367 0.10627 2.87982 -0.0365457 0.999325 0.00378874 -2.3195 -0.106062 -0.00764848 0.99433 201.464 
0.9936 0.034366 0.107601 2.9766 -0.0350893 0.999373 0.0048362 -2.34279 -0.107367 -0.00858084 0.994182 202.909 
0.993794 0.0308768 0.106863 3.10753 -0.0315548 0.999491 0.00466017 -2.36049 -0.106665 -0.00800326 0.994263 204.349 
0.993821 0.0286733 0.107228 3.2118 -0.0293339 0.999559 0.0045885 -2.37697 -0.107049 -0.00770553 0.994224 205.794 
0.993861 0.0309183 0.106232 3.34077 -0.0314779 0.999498 0.00359551 -2.37504 -0.106068 -0.00691738 0.994335 207.273 
0.994006 0.0286641 0.105498 3.48055 -0.029231 0.999565 0.00383131 -2.40141 -0.105343 -0.00689214 0.994412 208.753 
0.99376 0.0325406 0.106685 3.58398 -0.0332178 0.999438 0.00457666 -2.42123 -0.106476 -0.00809192 0.994282 210.192 
0.993833 0.0314838 0.106321 3.71196 -0.0320819 0.999478 0.00391951 -2.44265 -0.106143 -0.0073063 0.994324 211.666 
0.993807 0.0319893 0.106418 3.84439 -0.0324176 0.999472 0.00229793 -2.44868 -0.106288 -0.00573347 0.994319 213.069 
0.993605 0.0323176 0.108187 3.92047 -0.0327834 0.999459 0.00253021 -2.48401 -0.108047 -0.00606074 0.994127 214.605 
0.993551 0.0320267 0.108768 4.04161 -0.0324749 0.99947 0.00235165 -2.50282 -0.108636 -0.00586869 0.994064 216.096 
0.993637 0.0318385 0.10804 4.20637 -0.0323291 0.999473 0.00279242 -2.54412 -0.107894 -0.00626745 0.994143 217.536 
0.99359 0.0316871 0.108509 4.3049 -0.0322044 0.999477 0.00301857 -2.58049 -0.108357 -0.00649366 0.994091 219.036 
0.993792 0.0351753 0.105551 4.46801 -0.035603 0.999364 0.00216983 -2.58963 -0.105408 -0.00591425 0.994412 220.502 
0.993827 0.0348202 0.105336 4.55974 -0.0351662 0.999381 0.00142832 -2.59883 -0.105222 -0.00512374 0.994436 221.996 
0.993563 0.0376819 0.106826 4.63565 -0.0380314 0.999276 0.00123623 -2.60732 -0.106702 -0.00529099 0.994277 223.387 
0.993574 0.0361884 0.107241 4.73845 -0.0365559 0.999331 0.00146354 -2.62799 -0.107116 -0.00537439 0.994232 224.817 
0.993541 0.0361798 0.107548 4.85452 -0.0366146 0.999327 0.0020701 -2.66175 -0.1074 -0.00599449 0.994198 226.247 
0.993656 0.0333817 0.107398 4.96775 -0.0338835 0.999422 0.00285111 -2.70526 -0.107241 -0.00647199 0.994212 227.7 
0.993609 0.033818 0.107688 5.06514 -0.0344543 0.999398 0.00405315 -2.72442 -0.107487 -0.00773754 0.994176 229.145 
0.993435 0.0343313 0.109125 5.14511 -0.0349697 0.999381 0.00394145 -2.73685 -0.108922 -0.0077316 0.99402 230.531 
0.993383 0.0339373 0.109717 5.24629 -0.0345762 0.999394 0.00392571 -2.75134 -0.109517 -0.00769328 0.993955 232.019 
0.993225 0.0357295 0.110575 5.34045 -0.0362674 0.999338 0.00285682 -2.77358 -0.110399 -0.00684768 0.993864 233.469 
0.992683 0.0359834 0.115261 5.38265 -0.0365897 0.999325 0.00314841 -2.77878 -0.11507 -0.00734271 0.99333 234.627 
0.992595 0.0376027 0.115506 5.4964 -0.0384991 0.999243 0.00553917 -2.79146 -0.11521 -0.00994497 0.993291 236.05 
0.992508 0.0382904 0.116021 5.62286 -0.0392548 0.999211 0.0060387 -2.83015 -0.115698 -0.0105478 0.993228 237.497 
0.992406 0.0391304 0.116613 5.75964 -0.03994 0.999191 0.00461325 -2.85252 -0.116338 -0.00923572 0.993167 239.023 
0.992148 0.0403689 0.118373 5.86919 -0.0411958 0.999141 0.00454607 -2.90361 -0.118088 -0.0093868 0.992959 240.485 
0.992181 0.0421424 0.11748 6.0525 -0.0429831 0.999065 0.00463085 -2.90045 -0.117176 -0.00964428 0.993064 242.049 
0.992262 0.0388261 0.117938 6.2026 -0.0396817 0.9992 0.00491458 -2.90024 -0.117653 -0.0095565 0.993009 243.58 
0.992082 0.0392842 0.119288 6.31932 -0.0403054 0.999168 0.00616004 -2.92952 -0.118946 -0.0109192 0.992841 245.125 
0.992293 0.039054 0.117596 6.50993 -0.0401315 0.999171 0.0068084 -2.94217 -0.117233 -0.0114752 0.993038 246.7 
0.992491 0.0362348 0.11683 6.71857 -0.0374096 0.999269 0.00787801 -2.95734 -0.11646 -0.0121894 0.993121 248.293 
0.992421 0.0375674 0.116998 6.87749 -0.0386689 0.999226 0.0071579 -2.94684 -0.116639 -0.0116278 0.993106 249.927 
0.992683 0.0367989 0.115009 7.03022 -0.0380633 0.999236 0.00881741 -2.98422 -0.114597 -0.0131305 0.993325 251.381 
0.992657 0.0349292 0.11581 7.18228 -0.0363368 0.999289 0.0100652 -3.01847 -0.115376 -0.0141995 0.99322 252.922 
0.992732 0.0314796 0.11616 7.31535 -0.0330525 0.999386 0.0116399 -3.03805 -0.115722 -0.0153946 0.993162 254.47 
0.992365 0.0329355 0.118858 7.41671 -0.0344291 0.999352 0.0105342 -3.04122 -0.118434 -0.0145459 0.992855 255.93 
0.992515 0.030684 0.118208 7.57871 -0.0320121 0.999444 0.00935276 -3.04057 -0.117855 -0.0130668 0.992945 257.457 
0.992345 0.0298783 0.119831 7.68588 -0.0312908 0.999461 0.00992272 -3.08141 -0.11947 -0.0135963 0.992745 258.894 
0.992366 0.0280877 0.120087 7.86039 -0.0295904 0.999504 0.0107481 -3.06656 -0.119726 -0.0142194 0.992705 260.431 
0.992413 0.027215 0.119897 8.02902 -0.0287004 0.999531 0.0106796 -3.05687 -0.11955 -0.0140396 0.992729 261.967 
0.9922 0.0275597 0.121569 8.15082 -0.0288853 0.999541 0.00915518 -3.06928 -0.121261 -0.0125953 0.992541 263.541 
0.992171 0.0239753 0.122561 8.27746 -0.0255108 0.999614 0.0109747 -3.14235 -0.122251 -0.0140153 0.9924 264.956 
0.991921 0.0265118 0.124057 8.42311 -0.027936 0.999562 0.00975484 -3.1504 -0.123744 -0.0131416 0.992227 266.474 
0.991484 0.0290725 0.126943 8.5541 -0.0305014 0.999491 0.00932709 -3.17071 -0.126608 -0.0131196 0.991866 267.983 
0.991609 0.0272822 0.126363 8.73579 -0.028766 0.999537 0.00993179 -3.17724 -0.126034 -0.0134834 0.991934 269.625 
0.99106 0.0297023 0.130071 8.828 -0.0310526 0.999483 0.00836561 -3.1709 -0.129755 -0.0123298 0.991469 271.094 
0.990667 0.0316874 0.132572 8.9508 -0.0327013 0.99945 0.00547809 -3.13029 -0.132325 -0.0097622 0.991158 272.647 
0.990332 0.0338121 0.134536 9.1014 -0.0346633 0.999391 0.00398897 -3.15111 -0.134319 -0.00861381 0.990901 274.217 
0.990274 0.0325288 0.135279 9.32285 -0.0335278 0.999425 0.00511255 -3.2113 -0.135035 -0.00959837 0.990794 275.701 
0.989922 0.03382 0.137516 9.48101 -0.0348053 0.999383 0.00476602 -3.23721 -0.13727 -0.00950422 0.990488 277.25 
0.989695 0.0318911 0.139598 9.67013 -0.032829 0.999451 0.00442031 -3.24288 -0.13938 -0.00895758 0.990198 278.823 
0.989523 0.0305942 0.141095 9.79894 -0.0315119 0.999494 0.0042742 -3.26122 -0.140893 -0.00867555 0.989987 280.289 
0.989592 0.029366 0.140875 10.0149 -0.0298565 0.999553 0.00136936 -3.27867 -0.140772 -0.00556109 0.990026 281.757 
0.989743 0.0264955 0.140379 10.2855 -0.0266635 0.999644 -0.000683939 -3.31111 -0.140348 -0.00306605 0.990098 283.391 
0.989782 0.0273259 0.139946 10.4683 -0.0276683 0.999617 0.000501768 -3.356 -0.139879 -0.00436868 0.990159 284.892 
0.990374 0.0232884 0.136445 10.7057 -0.0235794 0.999722 0.000516458 -3.367 -0.136395 -0.00372873 0.990648 286.488 
0.990211 0.0257753 0.137176 10.8513 -0.0258021 0.999666 -0.00158255 -3.36606 -0.137171 -0.00197232 0.990545 287.984 
0.990486 0.0220113 0.135842 11.0599 -0.0221004 0.999755 -0.000851931 -3.39732 -0.135827 -0.00215829 0.99073 289.596 
0.99041 0.0261003 0.135674 11.2191 -0.0261433 0.999657 -0.00146485 -3.41337 -0.135666 -0.00209613 0.990752 291.14 
0.990379 0.0241734 0.136252 11.3897 -0.0243791 0.999703 -0.000159177 -3.45754 -0.136216 -0.00316402 0.990674 292.696 
0.990522 0.0209001 0.135754 11.5739 -0.0214605 0.999766 0.0026658 -3.51763 -0.135666 -0.00555383 0.990739 294.177 
0.990478 0.0239409 0.135575 11.7566 -0.0248577 0.999678 0.00507363 -3.58001 -0.13541 -0.00839537 0.990754 295.687 
0.990334 0.0219354 0.136955 11.9285 -0.0229486 0.99972 0.00582396 -3.60369 -0.136789 -0.00891056 0.99056 297.157 
0.990017 0.0239185 0.138901 12.0988 -0.02464 0.99969 0.00347661 -3.59131 -0.138775 -0.00686437 0.9903 298.764 
0.990468 0.0201706 0.136255 12.3887 -0.0209031 0.999774 0.00394761 -3.63215 -0.136145 -0.0067581 0.990666 300.363 
0.990708 0.0174126 0.134889 12.6008 -0.0179276 0.999836 0.00260443 -3.64021 -0.134821 -0.00499842 0.990857 301.955 
0.990776 0.0154025 0.134635 12.7939 -0.0156635 0.999877 0.000879827 -3.66542 -0.134604 -0.00298051 0.990895 303.458 
0.99077 0.0148603 0.134735 12.9763 -0.0150372 0.999887 0.000295558 -3.69969 -0.134716 -0.00231883 0.990882 304.976 
0.990984 0.0186373 0.132675 13.1629 -0.0186305 0.999826 -0.0012923 -3.69491 -0.132676 -0.00119111 0.991159 306.722 
0.991174 0.0179804 0.131341 13.3219 -0.0180816 0.999836 -0.00042179 -3.72669 -0.131327 -0.00195675 0.991337 308.354 
0.991283 0.0168055 0.130675 13.496 -0.0172649 0.999848 0.00238368 -3.75541 -0.130615 -0.00461895 0.991422 309.949 
0.991212 0.0145351 0.131484 13.6676 -0.0153946 0.999866 0.00552282 -3.77463 -0.131387 -0.0074984 0.991303 311.515 
0.991198 0.0124101 0.131807 13.8303 -0.0133823 0.999889 0.00649343 -3.79045 -0.131712 -0.00820011 0.991254 313.114 
0.990827 0.00994097 0.134772 13.873 -0.0108593 0.999923 0.00608074 -3.81923 -0.134701 -0.00748844 0.990858 314.588 
0.990387 0.0072694 0.138136 13.9598 -0.0083569 0.999939 0.00729472 -3.8754 -0.138074 -0.00837894 0.990386 316.126 
0.99011 0.00636509 0.140149 14.0855 -0.00751972 0.999942 0.0077109 -3.88791 -0.140092 -0.00868849 0.9901 317.741 
0.989971 0.00499566 0.141185 14.2353 -0.00628301 0.999943 0.00867421 -3.9213 -0.141134 -0.00947424 0.989945 319.292 
0.989824 0.00767571 0.142091 14.4087 -0.00877934 0.999936 0.00714207 -3.9369 -0.142028 -0.00831682 0.989828 320.846 
0.989655 0.0103929 0.143093 14.6209 -0.0114393 0.999914 0.0064921 -3.96112 -0.143014 -0.00806179 0.989688 322.356 
0.989563 0.0103162 0.143728 14.7944 -0.0115605 0.999903 0.00782531 -3.9917 -0.143633 -0.00940518 0.989586 323.869 
0.988816 0.0140202 0.148481 14.8307 -0.0150157 0.999872 0.00558594 -3.95154 -0.148383 -0.00775296 0.9889 325.332 
0.98824 0.014973 0.152175 14.8783 -0.015781 0.999867 0.00410372 -3.98202 -0.152093 -0.0064569 0.988345 326.564 
0.987629 0.0188967 0.155666 14.9338 -0.0197288 0.999798 0.00380286 -4.02126 -0.155562 -0.00682688 0.987803 327.89 
0.987522 0.0197472 0.156238 15.1356 -0.0202874 0.999792 0.00186347 -4.03222 -0.156169 -0.00500983 0.987718 329.565 
0.987407 0.0231914 0.156493 15.3471 -0.0233194 0.999728 -0.00101844 -4.07369 -0.156474 -0.00264365 0.987679 331.236 
0.98722 0.0254458 0.157316 15.5063 -0.0257475 0.999669 -0.000119723 -4.10581 -0.157267 -0.00393227 0.987548 332.838 
0.986704 0.0279951 0.160096 15.6331 -0.0288852 0.999578 0.00323482 -4.13595 -0.159938 -0.00781617 0.987096 334.312 
0.986925 0.0274571 0.158823 15.8696 -0.0287865 0.999567 0.00607518 -4.14814 -0.158587 -0.0105677 0.987288 335.953 
0.986873 0.0290413 0.158869 16.0702 -0.0302975 0.999526 0.00549062 -4.18311 -0.158634 -0.0102318 0.987284 337.451 
0.986885 0.029503 0.158704 16.2417 -0.0305452 0.999525 0.00413125 -4.21961 -0.158507 -0.00892468 0.987318 339.016 
0.98703 0.0278873 0.158095 16.4561 -0.0289769 0.99957 0.00459086 -4.21982 -0.157899 -0.00911237 0.987413 340.609 
0.986811 0.0271006 0.15959 16.6396 -0.0284758 0.999574 0.00633671 -4.26729 -0.159351 -0.0107976 0.987163 342.166 
0.987106 0.0251 0.158089 16.8644 -0.0264488 0.99963 0.00643409 -4.30199 -0.157869 -0.0105324 0.987404 343.764 
0.986786 0.0265521 0.159836 16.9605 -0.0278939 0.999592 0.00615711 -4.31456 -0.159607 -0.0105342 0.987124 345.129 
0.9869 0.0250966 0.159369 17.1929 -0.0264147 0.999632 0.00615763 -4.33353 -0.159156 -0.0102866 0.9872 346.718 
0.98684 0.0262685 0.159553 17.3882 -0.0275381 0.999604 0.00575101 -4.34172 -0.159339 -0.0100691 0.987173 348.25 
0.986699 0.0261974 0.160435 17.5952 -0.0272304 0.99962 0.00424362 -4.33933 -0.160263 -0.00855584 0.987037 349.823 
0.986487 0.0262253 0.161727 17.8052 -0.0271995 0.999623 0.00381278 -4.38433 -0.161566 -0.00816011 0.986828 351.446 
0.986278 0.0268346 0.162898 18.0365 -0.027691 0.999612 0.00298922 -4.40077 -0.162754 -0.00745897 0.986638 353.131 
0.986276 0.0268887 0.162903 18.2719 -0.0276183 0.999616 0.00221604 -4.41015 -0.162781 -0.0066847 0.98664 354.768 
0.986134 0.0227484 0.164385 18.4736 -0.0232761 0.999728 0.00128483 -4.42198 -0.164311 -0.00509323 0.986395 356.523 
0.986212 0.0195909 0.164321 18.7348 -0.0206171 0.999777 0.00454226 -4.48675 -0.164195 -0.00786741 0.986397 358.124 
0.985807 0.0194147 0.166758 18.9112 -0.0208251 0.999761 0.00671336 -4.51369 -0.166588 -0.0100908 0.985975 359.665 
0.985695 0.0200322 0.167345 19.1351 -0.0212754 0.999758 0.0056396 -4.53967 -0.167192 -0.00911922 0.985882 361.226 
0.985649 0.0202254 0.167593 19.3734 -0.0213817 0.999758 0.00509768 -4.55942 -0.167449 -0.0086079 0.985843 362.77 
0.985598 0.0221807 0.167646 19.6108 -0.0233655 0.999714 0.00509816 -4.55956 -0.167485 -0.00894184 0.985834 364.334 
0.9856 0.0230739 0.167509 19.8277 -0.0244443 0.999682 0.00612416 -4.58467 -0.167315 -0.0101306 0.985852 365.889 
0.986076 0.0214894 0.164903 20.1685 -0.022799 0.999722 0.00605263 -4.61345 -0.164727 -0.00972793 0.986291 367.537 
0.986085 0.0223298 0.164734 20.4534 -0.0233081 0.99972 0.00400785 -4.617 -0.164598 -0.00779168 0.98633 369.245 
0.985702 0.0266513 0.166376 20.6836 -0.0275307 0.999617 0.0029817 -4.61249 -0.166233 -0.00751948 0.986058 370.891 
0.985381 0.0279371 0.168058 20.9179 -0.028527 0.999592 0.00109655 -4.59727 -0.167959 -0.00587468 0.985777 372.454 
0.985079 0.0280522 0.169803 21.1062 -0.0285074 0.999594 0.000243109 -4.58983 -0.169727 -0.00508008 0.985478 374.034 
0.984682 0.0310539 0.171574 21.3144 -0.0317639 0.999494 0.00139365 -4.63797 -0.171444 -0.00682213 0.98517 375.636 
0.984782 0.0335639 0.170524 21.5678 -0.0342744 0.999412 0.00122389 -4.66587 -0.170382 -0.00704982 0.985353 377.233 
0.984494 0.0342363 0.172042 21.8017 -0.0349863 0.999387 0.00132842 -4.70765 -0.171891 -0.0073269 0.985089 378.847 
0.984271 0.0367663 0.172796 22.0186 -0.0374836 0.999297 0.000889581 -4.72163 -0.172642 -0.00735258 0.984957 380.417 
0.984184 0.0369072 0.17326 22.2864 -0.0375834 0.999293 0.000622776 -4.73372 -0.173115 -0.0071246 0.984876 382.044 
0.983785 0.0394319 0.174962 22.5263 -0.0402872 0.999187 0.00133791 -4.79388 -0.174767 -0.00836489 0.984574 383.545 
0.983182 0.0410979 0.177944 22.7251 -0.0417317 0.999129 -0.000180969 -4.7906 -0.177797 -0.00724796 0.984041 385.1 
0.983046 0.0454038 0.17765 22.9585 -0.0461402 0.998935 1.44317e-05 -4.80591 -0.17746 -0.00821097 0.984094 386.622 
0.983252 0.0408992 0.177604 23.2186 -0.0415812 0.999135 0.000118363 -4.81266 -0.177446 -0.00750133 0.984102 388.133 
0.983067 0.041683 0.178444 23.4304 -0.0422156 0.999108 -0.000812816 -4.84774 -0.178319 -0.00673403 0.98395 389.71 
0.983425 0.038918 0.177088 23.7184 -0.0393088 0.999226 -0.00130207 -4.87386 -0.177002 -0.0056806 0.984194 391.287 
0.9833 0.0401463 0.177508 23.9704 -0.0406 0.999175 -0.00107652 -4.92353 -0.177405 -0.00614826 0.984119 392.844 
0.983303 0.0371757 0.178136 24.2466 -0.0377835 0.999286 1.95627e-05 -4.9461 -0.178008 -0.00674978 0.984006 394.525 
0.982731 0.0363828 0.181426 24.4546 -0.0374712 0.999294 0.00257472 -4.98419 -0.181204 -0.00932848 0.983401 396.159 
0.982448 0.036952 0.182841 24.7146 -0.0378457 0.999283 0.00139977 -5.01189 -0.182658 -0.00829492 0.983141 397.825 
0.983147 0.0336942 0.179685 25.0594 -0.0348695 0.999386 0.00338604 -5.08183 -0.179461 -0.00959447 0.983718 399.458 
