1 2.12261e-08 -2.11895e-08 0 2.12261e-08 1 2.10703e-08 0 -2.11895e-08 2.10703e-08 1 0 
0.999999 -0.000985438 -0.000972708 -0.0296906 0.000984557 0.999999 -0.000948379 -0.010205 0.000973599 0.000947462 0.999999 0.57544 
0.999997 -0.00180567 -0.00149462 -0.0584811 0.00180298 0.999997 -0.00182502 -0.0304615 0.00149787 0.00182236 0.999997 1.158 
0.999989 -0.00331461 -0.00322552 -0.10678 0.00330745 0.999992 -0.00223815 -0.0630168 0.00323287 0.0022275 0.999992 1.67485 
0.999972 -0.00538659 -0.00514268 -0.105144 0.00536889 0.99998 -0.00345833 -0.0742816 0.00516117 0.00343067 0.999981 2.2582 
0.999963 -0.00718993 -0.00469513 -0.164546 0.00716457 0.99996 -0.00540585 -0.0842812 0.00473377 0.00537205 0.999974 2.8483 
0.999945 -0.00902132 -0.00539423 -0.191203 0.00899276 0.999946 -0.00530235 -0.110327 0.00544173 0.00525359 0.999971 3.41966 
0.999945 -0.00977648 -0.0036755 -0.27832 0.00976053 0.999943 -0.00434214 -0.12847 0.0037177 0.00430607 0.999984 3.94465 
0.999931 -0.0104885 -0.00521781 -0.27833 0.0104676 0.999937 -0.00403487 -0.156746 0.00525976 0.00398002 0.999978 4.55179 
0.999935 -0.00957209 -0.0061629 -0.296266 0.00952428 0.999925 -0.00774695 -0.150086 0.00623655 0.0076878 0.999951 5.12363 
0.999935 -0.00914497 -0.00680168 -0.329455 0.00906087 0.999883 -0.0123005 -0.159148 0.00691334 0.0122381 0.999901 5.73075 
0.999931 -0.00850643 -0.00814378 -0.346461 0.00838776 0.99986 -0.0145021 -0.199515 0.00826596 0.0144328 0.999862 6.356 
0.999937 -0.00614405 -0.00939755 -0.370252 0.00600266 0.999869 -0.015005 -0.200834 0.00948847 0.0149477 0.999843 6.96268 
0.999936 -0.00448382 -0.0104122 -0.398589 0.00440872 0.999964 -0.00722847 -0.225268 0.0104442 0.00718214 0.99992 7.60045 
0.999908 -0.00536223 -0.0124383 -0.390552 0.00540624 0.999979 0.00350412 -0.244248 0.0124192 -0.003571 0.999917 8.25014 
0.999907 -0.0039072 -0.0130883 -0.40925 0.00403387 0.999945 0.00966274 -0.249958 0.0130498 -0.0097146 0.999868 8.94634 
0.999893 -0.00317356 -0.0142948 -0.430919 0.0032926 0.99996 0.00830824 -0.269315 0.0142678 -0.00835437 0.999863 9.59689 
0.999903 -0.000241459 -0.0139128 -0.473453 0.000261459 0.999999 0.00143272 -0.269976 0.0139124 -0.00143617 0.999902 10.2999 
0.999883 -0.000789055 -0.0152685 -0.507146 0.000714305 0.999988 -0.00490331 -0.266618 0.0152721 0.00489188 0.999871 10.9925 
0.999857 -0.00540858 -0.016041 -0.540396 0.00534557 0.999978 -0.00397102 -0.274049 0.0160621 0.00388474 0.999863 11.7233 
0.999863 -0.00523667 -0.0157171 -0.566148 0.00532262 0.999971 0.00542871 -0.290844 0.0156882 -0.00551158 0.999862 12.4708 
0.99986 -0.00550261 -0.0158348 -0.612822 0.00570853 0.999899 0.0129862 -0.310647 0.0157617 -0.0130748 0.99979 13.1973 
0.999818 -0.00780285 -0.0173921 -0.623684 0.00807316 0.999847 0.0155243 -0.313574 0.0172682 -0.0156618 0.999728 14.0374 
0.999792 -0.0104507 -0.017517 -0.650898 0.0107146 0.99983 0.015034 -0.315165 0.0173569 -0.0152185 0.999734 14.8499 
0.999804 -0.00976649 -0.0171985 -0.666831 0.00998309 0.999871 0.0125512 -0.316052 0.0170737 -0.0127204 0.999773 15.6605 
0.999813 -0.00780485 -0.0176754 -0.67442 0.00794054 0.99994 0.00761719 -0.288435 0.0176148 -0.00775607 0.999815 16.4871 
0.999828 -0.0109607 -0.0149339 -0.73182 0.0109841 0.999939 0.00148259 -0.280625 0.0149167 -0.00164633 0.999887 17.3537 
0.999829 -0.0134265 -0.0127172 -0.781091 0.0133765 0.999903 -0.00401609 -0.29878 0.0127699 0.00384533 0.999911 18.2081 
0.999865 -0.0116123 -0.0116116 -0.809615 0.0114993 0.999886 -0.00975625 -0.304579 0.0117235 0.00962145 0.999885 19.1142 
0.999873 -0.0107128 -0.0117946 -0.830148 0.010598 0.999896 -0.00976057 -0.332319 0.0118978 0.00963437 0.999883 20.0061 
0.999865 -0.0105476 -0.0125743 -0.859669 0.0104286 0.999901 -0.00949084 -0.349135 0.0126731 0.00935847 0.999876 20.9526 
0.99989 -0.00738624 -0.0129016 -0.89041 0.00724754 0.999916 -0.0107673 -0.375604 0.01298 0.0106726 0.999859 21.8921 
0.999903 -0.0060442 -0.0125887 -0.920667 0.00587134 0.999889 -0.0137263 -0.384929 0.0126702 0.0136511 0.999827 22.8298 
0.999921 -0.000985717 -0.0125069 -0.956197 0.000814558 0.999906 -0.0136862 -0.412414 0.0125192 0.013675 0.999828 23.7839 
0.999913 5.68301e-05 -0.0132147 -0.98799 -0.000238141 0.999906 -0.0137224 -0.44856 0.0132127 0.0137244 0.999819 24.7714 
0.999924 0.000876294 -0.0122685 -1.04732 -0.00105072 0.999898 -0.014222 -0.473203 0.0122547 0.0142338 0.999824 25.7592 
0.999918 0.000825525 -0.0127887 -1.07682 -0.00100446 0.999902 -0.0139948 -0.501317 0.0127759 0.0140065 0.99982 26.7266 
0.999921 0.00209429 -0.0123925 -1.1299 -0.00225347 0.999915 -0.0128482 -0.533569 0.0123645 0.0128751 0.999841 27.7305 
0.999898 0.00300545 -0.0139787 -1.1367 -0.00317007 0.999926 -0.0117725 -0.54205 0.0139422 0.0118156 0.999833 28.7439 
0.999882 0.00268962 -0.015116 -1.17201 -0.0028482 0.999941 -0.0104817 -0.577818 0.0150869 0.0105235 0.999831 29.7209 
0.999872 0.00158072 -0.015906 -1.20084 -0.00176667 0.99993 -0.0116858 -0.596006 0.0158863 0.0117125 0.999805 30.7463 
0.999872 0.00248455 -0.015827 -1.23584 -0.00268212 0.999919 -0.0124769 -0.626115 0.0157947 0.0125178 0.999797 31.7911 
0.999833 0.00249572 -0.0180812 -1.23898 -0.00272631 0.999915 -0.0127418 -0.64047 0.0180478 0.012789 0.999755 32.8789 
0.999826 0.00263965 -0.0184467 -1.28353 -0.00283707 0.999939 -0.0106863 -0.649875 0.0184174 0.0107368 0.999773 33.9245 
0.999815 0.00386945 -0.0188533 -1.32006 -0.00399734 0.999969 -0.00675263 -0.683862 0.0188265 0.00682678 0.9998 34.9723 
0.999838 0.00322055 -0.0176997 -1.40036 -0.00327863 0.999989 -0.00325574 -0.713404 0.0176889 0.00331329 0.999838 36.0476 
0.999821 0.0046835 -0.0183171 -1.42911 -0.00475397 0.999981 -0.00380814 -0.722249 0.0182989 0.00389458 0.999825 37.1411 
0.999831 0.0045468 -0.0178162 -1.50596 -0.0046423 0.999975 -0.00532467 -0.737101 0.0177916 0.00540652 0.999827 38.2555 
0.999802 0.00815236 -0.018151 -1.54652 -0.00827787 0.999942 -0.00685248 -0.751772 0.018094 0.00700141 0.999812 39.2915 
0.999773 0.00747374 -0.0199451 -1.56492 -0.00758133 0.999957 -0.00532616 -0.768589 0.0199044 0.00547621 0.999787 40.4112 
0.999773 0.00884933 -0.0193832 -1.62723 -0.00892604 0.999953 -0.00387691 -0.793544 0.0193479 0.00404909 0.999805 41.4872 
0.999757 0.00925155 -0.0199979 -1.67214 -0.00929424 0.999955 -0.00204536 -0.809858 0.019978 0.00223077 0.999798 42.5555 
0.999739 0.0105688 -0.020254 -1.72417 -0.0106108 0.999942 -0.00196959 -0.837265 0.0202319 0.00218403 0.999793 43.597 
0.999723 0.0114521 -0.0205441 -1.76257 -0.0115741 0.999916 -0.00583149 -0.866908 0.0204756 0.0060677 0.999772 44.6789 
0.999753 0.0135644 -0.0176089 -1.85903 -0.0137323 0.999861 -0.00945487 -0.896387 0.0174782 0.00969439 0.9998 45.7452 
0.999773 0.0133436 -0.0166026 -1.91609 -0.0134827 0.999875 -0.0082961 -0.950913 0.0164897 0.00851811 0.999828 46.7981 
0.999742 0.0151674 -0.0168839 -1.95333 -0.0152783 0.999862 -0.00645646 -0.960863 0.0167836 0.0067128 0.999837 47.8715 
0.999741 0.0159832 -0.016175 -2.00891 -0.0160561 0.999861 -0.00439247 -0.996765 0.0161025 0.00465109 0.99986 48.9498 
0.999781 0.0140668 -0.0155002 -2.06758 -0.0141314 0.999892 -0.00406911 -1.0039 0.0154412 0.0042873 0.999872 50.0579 
0.99973 0.0177532 -0.0150192 -2.1069 -0.017827 0.99983 -0.00479791 -1.03339 0.0149314 0.00506441 0.999876 51.1861 
0.999725 0.0181617 -0.0148517 -2.13488 -0.0182557 0.999814 -0.00622009 -1.05906 0.014736 0.00648955 0.99987 52.2852 
0.999744 0.0177197 -0.0140875 -2.17768 -0.0178449 0.999802 -0.00881637 -1.08226 0.0139285 0.00906554 0.999862 53.3791 
0.999754 0.0163117 -0.0150503 -2.21938 -0.0165032 0.999783 -0.0126851 -1.08983 0.01484 0.0129304 0.999806 54.4995 
0.999767 0.0153991 -0.0150977 -2.25535 -0.0156325 0.999758 -0.0154664 -1.13452 0.0148558 0.0156988 0.999766 55.5991 
0.999779 0.0158897 -0.0137527 -2.30032 -0.0161277 0.999719 -0.0173734 -1.16422 0.0134727 0.0175914 0.999755 56.6939 
0.999829 0.0128421 -0.013336 -2.32878 -0.0130391 0.999806 -0.0147954 -1.20611 0.0131433 0.0149667 0.999802 57.7682 
0.999843 0.0111569 -0.0137445 -2.34937 -0.0112873 0.999892 -0.00945352 -1.23515 0.0136375 0.00960722 0.999861 58.863 
0.999857 0.00993976 -0.0136694 -2.3784 -0.0100027 0.99994 -0.00454446 -1.2521 0.0136233 0.00468058 0.999896 59.9657 
0.999879 0.00720133 -0.0137718 -2.40993 -0.00724491 0.999969 -0.0031208 -1.28051 0.0137488 0.00322024 0.9999 61.0922 
0.999911 0.00328599 -0.0129522 -2.46163 -0.00337968 0.999968 -0.00722175 -1.27969 0.0129281 0.00726492 0.99989 62.1902 
0.999927 0.00540527 -0.0108354 -2.53473 -0.00552843 0.99992 -0.0113724 -1.29117 0.010773 0.0114315 0.999877 63.2876 
0.999917 0.00664674 -0.0110147 -2.55507 -0.00681347 0.999862 -0.0151738 -1.31534 0.0109123 0.0152476 0.999824 64.306 
0.999918 0.00713983 -0.0106095 -2.60302 -0.00734951 0.999776 -0.0198619 -1.34573 0.0104653 0.0199383 0.999746 65.4455 
0.99986 0.012416 -0.0112024 -2.6244 -0.0126451 0.999708 -0.0206169 -1.37881 0.0109431 0.0207557 0.999725 66.5119 
0.999752 0.0209585 -0.00758525 -2.7286 -0.0210864 0.99963 -0.0171999 -1.42041 0.00722191 0.0173556 0.999823 67.6849 
0.999692 0.02355 -0.00787826 -2.77828 -0.023669 0.999602 -0.0153792 -1.45251 0.0075129 0.015561 0.999851 68.7949 
0.999684 0.0241035 -0.00718059 -2.82747 -0.0242056 0.999602 -0.0144938 -1.49304 0.00682834 0.014663 0.999869 69.9093 
0.99972 0.0225464 -0.00720508 -2.86287 -0.0226423 0.999652 -0.0135289 -1.54016 0.0068975 0.0136883 0.999883 71.0019 
0.999757 0.0202482 -0.0086635 -2.87704 -0.0203481 0.999726 -0.011604 -1.58032 0.00842612 0.0117775 0.999895 72.0694 
0.999775 0.0190157 -0.00943372 -2.88497 -0.0191088 0.999769 -0.00987985 -1.61167 0.00924362 0.0100579 0.999907 73.1505 
0.999793 0.0177416 -0.00995166 -2.91346 -0.0178253 0.999806 -0.00838959 -1.63944 0.00980084 0.00856528 0.999915 74.2925 
0.999787 0.0172936 -0.0112543 -2.92456 -0.0173974 0.999806 -0.00919606 -1.67967 0.011093 0.00938994 0.999894 75.3643 
0.999762 0.0178247 -0.0125657 -2.94678 -0.0179816 0.99976 -0.0124855 -1.7158 0.0123401 0.0127085 0.999843 76.438 
0.999731 0.0188601 -0.0135065 -2.97743 -0.0190417 0.999728 -0.0134435 -1.76806 0.0132493 0.0136971 0.999818 77.5086 
0.999684 0.0202238 -0.0149564 -3.00111 -0.0204137 0.999712 -0.0126572 -1.79176 0.0146961 0.0129586 0.999808 78.601 
0.999654 0.0205768 -0.0163925 -2.99935 -0.0207045 0.999756 -0.0076618 -1.83998 0.0162308 0.00799859 0.999836 79.696 
0.999622 0.0221416 -0.0163187 -3.07196 -0.0221977 0.999748 -0.00326623 -1.88046 0.0162423 0.00362728 0.999862 80.7991 
0.999558 0.0244792 -0.0168668 -3.11432 -0.0245382 0.999693 -0.00329881 -1.90027 0.0167808 0.00371127 0.999852 81.8795 
0.999577 0.0230304 -0.0177811 -3.13993 -0.0231078 0.999724 -0.00416434 -1.96035 0.0176802 0.0045735 0.999833 82.961 
0.999589 0.0232541 -0.0167765 -3.21062 -0.0233308 0.999718 -0.00439275 -1.97734 0.0166696 0.00478239 0.99985 84.0221 
0.999591 0.0228776 -0.0171734 -3.26089 -0.0229369 0.999732 -0.00326455 -2.0376 0.0170941 0.00365716 0.999847 85.0456 
0.999583 0.0224884 -0.0181363 -3.28974 -0.0225349 0.999743 -0.00236666 -2.06278 0.0180784 0.00277441 0.999833 86.0921 
0.999622 0.019736 -0.0191238 -3.33459 -0.0197535 0.999805 -0.000725264 -2.10406 0.0191057 0.00110279 0.999817 87.1697 
0.999617 0.0189109 -0.0202015 -3.36611 -0.0188756 0.99982 0.00193178 -2.13017 0.0202343 -0.00154968 0.999794 88.1638 
0.999634 0.0165423 -0.0214002 -3.40374 -0.0164753 0.999859 0.0033038 -2.15712 0.0214518 -0.00294998 0.999766 89.0985 
0.999611 0.016096 -0.0227664 -3.47119 -0.0160251 0.999866 0.00329301 -2.17197 0.0228163 -0.00292686 0.999735 90.0148 
0.999561 0.0159769 -0.0249693 -3.52865 -0.0159195 0.99987 0.00249564 -2.20434 0.0250059 -0.00209701 0.999685 90.9408 
0.99947 0.0168792 -0.0278447 -3.58221 -0.0168427 0.999857 0.00154439 -2.22119 0.0278667 -0.00107455 0.999611 91.8831 
0.999354 0.0190389 -0.0304729 -3.62843 -0.0189976 0.999818 0.00164301 -2.2339 0.0304986 -0.00106299 0.999534 92.803 
0.999236 0.0216936 -0.0325061 -3.69752 -0.0216471 0.999764 0.00178065 -2.24317 0.032537 -0.00107559 0.99947 93.6851 
0.999084 0.023559 -0.035717 -3.74194 -0.0234675 0.99972 0.00297804 -2.2632 0.0357771 -0.00213708 0.999358 94.5323 
0.99903 0.024621 -0.036519 -3.83246 -0.0244954 0.999692 0.00388193 -2.26975 0.0366033 -0.00298357 0.999325 95.3766 
0.99884 0.0263171 -0.0403366 -3.86072 -0.0261434 0.999647 0.0048268 -2.28692 0.0404493 -0.00376662 0.999175 96.1951 
0.998701 0.028798 -0.0420382 -3.92945 -0.0286161 0.999578 0.00492333 -2.29795 0.0421622 -0.00371393 0.999104 96.9348 
0.998563 0.0304855 -0.0440808 -3.98834 -0.0303518 0.999532 0.00369934 -2.31595 0.044173 -0.00235605 0.999021 97.6391 
0.998323 0.0325748 -0.0478508 -4.02295 -0.0325745 0.999469 0.000785352 -2.34877 0.047851 0.000774726 0.998854 98.3397 
0.998128 0.0345228 -0.0504949 -4.07274 -0.0347153 0.999393 -0.00294168 -2.36505 0.0503627 0.00468916 0.99872 99.0249 
0.997935 0.0371206 -0.0524156 -4.12317 -0.0375164 0.999274 -0.00658882 -2.3636 0.0521329 0.00854171 0.998604 99.6589 
0.997852 0.0393203 -0.0524047 -4.18367 -0.0397714 0.99918 -0.00759251 -2.3858 0.0520631 0.00966045 0.998597 100.289 
0.997794 0.042547 -0.0509566 -4.24897 -0.0430371 0.999037 -0.00855932 -2.37813 0.0505433 0.0107335 0.998664 100.886 
0.997852 0.0455562 -0.0470696 -4.31225 -0.0459333 0.99892 -0.00696106 -2.40099 0.0467017 0.00910821 0.998867 101.467 
0.997988 0.0478408 -0.0416102 -4.33738 -0.0481209 0.998825 -0.00575671 -2.42048 0.0412858 0.00774748 0.999117 102.01 
0.998268 0.0485097 -0.0332889 -4.38514 -0.0486527 0.99881 -0.00349955 -2.44187 0.0330794 0.00511313 0.99944 102.537 
0.998529 0.0490344 -0.0231546 -4.42003 -0.0490797 0.998794 -0.00139515 -2.45588 0.0230583 0.00252956 0.999731 103.029 
0.998788 0.0480482 -0.0107216 -4.43232 -0.0480514 0.998845 -4.61691e-05 -2.47581 0.010707 0.000561344 0.999943 103.531 
0.998866 0.0475151 0.00316007 -4.44275 -0.0475161 0.99887 0.000265695 -2.49603 -0.00314392 -0.000415507 0.999995 103.984 
0.998709 0.0474678 0.018082 -4.43146 -0.0474539 0.998873 -0.00119218 -2.5128 -0.0181183 0.000332621 0.999836 104.383 
0.998214 0.0472051 0.036626 -4.42236 -0.0470222 0.998877 -0.0058368 -2.50532 -0.0368604 0.00410418 0.999312 104.806 
0.997122 0.0473918 0.0591715 -4.42229 -0.0468995 0.998853 -0.00968083 -2.52284 -0.0595624 0.0068779 0.998201 105.217 
0.995568 0.0450162 0.0825737 -4.36181 -0.0439925 0.998931 -0.0141755 -2.5528 -0.0831236 0.0104801 0.996484 105.62 
0.993301 0.0423692 0.107509 -4.2769 -0.0409401 0.999042 -0.0154654 -2.59443 -0.108061 0.0109604 0.994084 106.004 
0.989643 0.0395842 0.137989 -4.21796 -0.0375281 0.999143 -0.0174717 -2.60292 -0.138562 0.0121123 0.99028 106.377 
0.98461 0.0373677 0.170726 -4.14154 -0.0345812 0.999216 -0.0192673 -2.63036 -0.171312 0.0130669 0.98513 106.752 
0.977812 0.0346965 0.206589 -4.04528 -0.03078 0.999281 -0.0221424 -2.63492 -0.207209 0.0152923 0.978177 107.117 
0.968859 0.0309473 0.245674 -3.9352 -0.0258952 0.999382 -0.0237687 -2.64969 -0.246257 0.0166668 0.969061 107.485 
0.957695 0.0283071 0.28639 -3.82002 -0.0222335 0.999454 -0.0244376 -2.67945 -0.286925 0.0170364 0.957802 107.826 
0.943944 0.0299495 0.328744 -3.7095 -0.0228103 0.999413 -0.0255526 -2.71303 -0.329317 0.0166215 0.944073 108.151 
0.927442 0.0295994 0.372795 -3.59707 -0.021795 0.999447 -0.0251327 -2.76503 -0.373332 0.0151841 0.927574 108.429 
0.908227 0.0299712 0.417403 -3.4474 -0.020958 0.999438 -0.026161 -2.76258 -0.417953 0.0150122 0.908345 108.726 
0.886504 0.0285216 0.46184 -3.28512 -0.0188679 0.999497 -0.0255083 -2.78238 -0.462335 0.0138993 0.886596 109 
0.86207 0.026749 0.506082 -3.07707 -0.0153139 0.999525 -0.0267439 -2.8054 -0.506557 0.015305 0.862071 109.279 
0.835619 0.0271791 0.548637 -2.88055 -0.0128018 0.999468 -0.0300147 -2.81624 -0.54916 0.0180573 0.835522 109.536 
0.806608 0.0292235 0.590363 -2.66324 -0.0114858 0.999363 -0.0337763 -2.84084 -0.590975 0.0204635 0.806431 109.781 
0.77387 0.0343035 0.632415 -2.44056 -0.0109026 0.999106 -0.0408522 -2.83957 -0.633251 0.0247193 0.773552 110.043 
0.737937 0.0410143 0.673623 -2.20474 -0.0135961 0.998853 -0.0459221 -2.84774 -0.674733 0.024729 0.737648 110.281 
0.698513 0.0453874 0.714157 -1.94622 -0.0144645 0.998678 -0.049322 -2.86266 -0.715451 0.0241222 0.698246 110.522 
0.656649 0.0458136 0.752804 -1.66146 -0.0110405 0.99863 -0.0511435 -2.88418 -0.754116 0.025272 0.656255 110.749 
0.613325 0.0431181 0.788653 -1.35385 -0.00530627 0.998711 -0.050476 -2.89847 -0.789813 0.0267734 0.612763 110.955 
0.567407 0.0405719 0.822437 -1.09593 -0.00377216 0.998903 -0.0466747 -2.93293 -0.823429 0.0233812 0.566938 111.122 
0.518745 0.0392067 0.85403 -0.800527 -0.00381862 0.999044 -0.0435445 -2.95926 -0.854921 0.0193273 0.518399 111.279 
0.469746 0.036759 0.882036 -0.454599 0.000708588 0.999117 -0.0420156 -2.96256 -0.882802 0.0203617 0.469305 111.42 
0.417006 0.0334205 0.908289 -0.0841457 0.00343216 0.999259 -0.0383434 -2.98473 -0.908897 0.0191068 0.416582 111.569 
0.364128 0.0333557 0.930751 0.263964 0.00292034 0.999313 -0.0369553 -3.00968 -0.931344 0.0161746 0.363781 111.683 
0.312272 0.0389386 0.949194 0.637143 1.13717e-05 0.99916 -0.040992 -3.02176 -0.949993 0.0128115 0.312009 111.778 
0.260315 0.0445369 0.964496 1.03607 -0.00110213 0.998949 -0.0458303 -3.04129 -0.965523 0.0108673 0.26009 111.86 
0.213423 0.0464144 0.975857 1.42774 0.000716046 0.998863 -0.0476652 -3.07156 -0.97696 0.0108716 0.213147 111.918 
0.17145 0.0461544 0.984111 1.82898 0.00786482 0.998806 -0.0482137 -3.10043 -0.985162 0.0160061 0.170882 111.961 
0.137122 0.0468048 0.989448 2.26576 0.0182536 0.998594 -0.0497671 -3.10479 -0.990386 0.0248852 0.136075 111.987 
0.106714 0.0482842 0.993117 2.70928 0.0234214 0.998421 -0.0510588 -3.12764 -0.994014 0.0287088 0.105414 112.015 
0.079035 0.0468375 0.995771 3.16445 0.0228785 0.998547 -0.048784 -3.15175 -0.996609 0.0266374 0.0778486 112.037 
0.0529298 0.0429519 0.997674 3.6377 0.0165595 0.998899 -0.0438831 -3.17995 -0.998461 0.0188437 0.0521603 112.069 
0.0280872 0.0396199 0.99882 4.19027 0.0108952 0.999143 -0.039939 -3.20199 -0.999546 0.0120042 0.0276315 112.119 
0.00565727 0.0381927 0.999254 4.70521 0.0156406 0.999145 -0.0382771 -3.22589 -0.999862 0.0158455 0.00505507 112.106 
-0.0129167 0.0382808 0.999184 5.24727 0.0254259 0.998956 -0.0379434 -3.25951 -0.999593 0.0249151 -0.0138766 112.074 
-0.0317293 0.0415971 0.998631 5.79054 0.029683 0.998732 -0.0406582 -3.2834 -0.999056 0.0283523 -0.0329238 112.066 
-0.0467799 0.047585 0.997771 6.37088 0.0284784 0.998522 -0.0462856 -3.30726 -0.998499 0.0262497 -0.0480659 112.06 
-0.0578951 0.050213 0.997059 6.94927 0.0277675 0.998429 -0.0486696 -3.35583 -0.997936 0.0248681 -0.0591984 112.036 
-0.0651293 0.0505465 0.996596 7.60168 0.0288095 0.998395 -0.048755 -3.38492 -0.997461 0.025536 -0.066481 112.013 
-0.0682936 0.0479209 0.996514 8.2217 0.0350868 0.998343 -0.0456043 -3.42218 -0.997048 0.03185 -0.0698618 111.984 
-0.0687502 0.0469531 0.996528 8.89198 0.0361292 0.998354 -0.0445465 -3.45194 -0.99698 0.0329412 -0.0703334 111.964 
-0.0671738 0.0455895 0.996699 9.619 0.0350768 0.998446 -0.0433053 -3.49381 -0.997125 0.032052 -0.0686686 111.942 
-0.0652785 0.0457633 0.996817 10.2779 0.0307749 0.998565 -0.0438282 -3.53199 -0.997392 0.0278159 -0.0665932 111.901 
-0.0642694 0.0470121 0.996825 10.9824 0.0299258 0.998531 -0.0451631 -3.57719 -0.997484 0.0269282 -0.0655819 111.87 
-0.0625289 0.0474781 0.996913 11.7027 0.0302221 0.9985 -0.045658 -3.62972 -0.997586 0.0272739 -0.06387 111.818 
-0.0621198 0.0461759 0.997 12.4388 0.0293258 0.998582 -0.044422 -3.69595 -0.997638 0.0264783 -0.0633858 111.788 
-0.0621833 0.0454146 0.997031 13.1921 0.0288765 0.998628 -0.0436863 -3.7215 -0.997647 0.0260742 -0.0634094 111.776 
-0.0618516 0.0438192 0.997123 13.9479 0.0292317 0.998687 -0.0420746 -3.76013 -0.997657 0.0265452 -0.0630513 111.752 
-0.062275 0.0423283 0.997161 14.7736 0.0291566 0.998751 -0.0405748 -3.78671 -0.997633 0.026547 -0.0634313 111.719 
-0.0639415 0.0404338 0.997134 15.5696 0.0260526 0.998906 -0.038835 -3.84241 -0.997614 0.0234948 -0.064925 111.702 
-0.0648054 0.0402743 0.997085 16.3507 0.0254273 0.998928 -0.0386961 -3.87146 -0.997574 0.0228454 -0.0657599 111.656 
-0.0654773 0.0369333 0.99717 17.119 0.0290351 0.998962 -0.0350931 -3.92834 -0.997432 0.0266551 -0.0664817 111.612 
-0.0670392 0.0348755 0.997141 17.9271 0.0304327 0.998995 -0.0328943 -3.97547 -0.997286 0.0281405 -0.0680332 111.586 
-0.0677138 0.0340044 0.997125 18.7368 0.0285895 0.999075 -0.0321294 -4.01687 -0.997295 0.0263317 -0.0686233 111.523 
-0.0688014 0.0382222 0.996898 19.5275 0.0262515 0.998989 -0.0364906 -4.06401 -0.997285 0.0236595 -0.0697353 111.485 
-0.0689127 0.0425555 0.996715 20.3295 0.0279702 0.998779 -0.0407097 -4.10304 -0.997231 0.0250729 -0.0700189 111.423 
-0.0700756 0.0444879 0.996549 21.1689 0.0284845 0.998687 -0.0425803 -4.14152 -0.997135 0.0254024 -0.0712508 111.378 
-0.0728682 0.0409241 0.996502 21.9543 0.0245769 0.998928 -0.0392265 -4.21366 -0.997039 0.0216325 -0.0737959 111.367 
-0.0744405 0.0370192 0.996538 22.8147 0.0227629 0.999113 -0.0354145 -4.25622 -0.996966 0.0200479 -0.0752172 111.351 
-0.075139 0.0309145 0.996694 23.6566 0.0199213 0.999366 -0.0294955 -4.31455 -0.996974 0.0176391 -0.0757073 111.304 
-0.0753561 0.026445 0.996806 24.5308 0.0150606 0.999564 -0.0253796 -4.33141 -0.997043 0.0131 -0.0757216 111.247 
-0.0741505 0.0243795 0.996949 25.3455 0.0129736 0.99964 -0.0234803 -4.38746 -0.997163 0.0111929 -0.0744401 111.18 
-0.0733931 0.0320388 0.996788 26.1898 0.0158738 0.999395 -0.0309538 -4.4208 -0.997177 0.013551 -0.0738573 111.138 
-0.0724358 0.0435941 0.99642 27.0508 0.0176001 0.998945 -0.0424251 -4.44442 -0.997218 0.0144639 -0.0731266 111.097 
-0.0706217 0.0491677 0.996291 27.8723 0.0197821 0.998657 -0.0478822 -4.4729 -0.997307 0.0163272 -0.0714995 111.032 
-0.0704996 0.0428164 0.996593 28.7378 0.0200414 0.998938 -0.0414994 -4.53454 -0.99731 0.0170474 -0.0712828 111.002 
-0.0696769 0.036013 0.996919 29.5755 0.0246081 0.999106 -0.034372 -4.57512 -0.997266 0.0221374 -0.0705008 110.958 
-0.0690564 0.0328048 0.997073 30.4157 0.0263432 0.999171 -0.0310493 -4.62215 -0.997265 0.0241219 -0.0698633 110.907 
-0.0700681 0.0338349 0.996968 31.2539 0.0243976 0.999184 -0.0321954 -4.66187 -0.997244 0.0220677 -0.0708364 110.871 
-0.0712752 0.0348035 0.996849 32.0526 0.0221757 0.999199 -0.0332999 -4.69718 -0.99721 0.0197324 -0.07199 110.838 
-0.0743909 0.0354738 0.996598 32.8776 0.0195778 0.999226 -0.0341059 -4.73099 -0.997037 0.0169741 -0.0750279 110.815 
-0.0771633 0.034847 0.996409 33.6805 0.0186755 0.999264 -0.0335005 -4.78441 -0.996844 0.0160234 -0.0777573 110.772 
-0.0763048 0.0358688 0.996439 34.4197 0.0201252 0.999205 -0.0344272 -4.83797 -0.996881 0.0174265 -0.0769659 110.69 
-0.0777406 0.0362841 0.996313 35.2194 0.0180673 0.999225 -0.0349804 -4.8733 -0.99681 0.0152812 -0.0783359 110.638 
-0.0797696 0.0354117 0.996184 35.9863 0.0165771 0.999278 -0.0341942 -4.918 -0.996676 0.0137862 -0.080299 110.588 
-0.0809842 0.0344233 0.996121 36.7741 0.0178557 0.999293 -0.0330812 -4.96352 -0.996555 0.0151074 -0.0815416 110.542 
-0.0819728 0.034202 0.996048 37.5511 0.0175573 0.999305 -0.0328689 -5.00829 -0.99648 0.0147936 -0.0825163 110.479 
-0.0829773 0.0351483 0.995931 38.317 0.0179695 0.999268 -0.0337689 -5.0539 -0.996389 0.0150943 -0.0835482 110.416 
-0.083819 0.0349893 0.995867 39.102 0.0180493 0.999273 -0.0335898 -5.10707 -0.996318 0.0151592 -0.0843896 110.366 
-0.0837247 0.0341303 0.995904 39.8837 0.0204442 0.999262 -0.0325266 -5.14453 -0.996279 0.0176371 -0.0843607 110.292 
-0.0848957 0.0347205 0.995785 40.6196 0.0222871 0.999209 -0.0329397 -5.16747 -0.996141 0.0193967 -0.0856023 110.23 
-0.0856472 0.0335101 0.995762 41.3632 0.0201418 0.999288 -0.0318963 -5.21502 -0.996122 0.0173246 -0.0862612 110.17 
-0.0853235 0.033848 0.995778 42.108 0.0194317 0.999289 -0.0323023 -5.24178 -0.996164 0.0165935 -0.0859205 110.102 
-0.0870417 0.0327188 0.995667 42.856 0.0182797 0.999345 -0.0312416 -5.28095 -0.996037 0.0154812 -0.0875828 110.064 
-0.0872757 0.0317527 0.995678 43.57 0.0188216 0.999366 -0.0302205 -5.32496 -0.996006 0.0161027 -0.087818 110.012 
-0.087462 0.0358496 0.995523 44.2842 0.0198803 0.999216 -0.0342359 -5.35095 -0.99597 0.016797 -0.0881062 109.959 
-0.0877718 0.0383849 0.995401 45.0022 0.0194766 0.999132 -0.0368114 -5.39692 -0.99595 0.016156 -0.0884432 109.914 
-0.0869845 0.0392969 0.995434 45.7075 0.0173906 0.999129 -0.037923 -5.44172 -0.996058 0.0140125 -0.0875922 109.853 
-0.0877657 0.0395806 0.995355 46.3715 0.0165957 0.99913 -0.0382673 -5.48603 -0.996003 0.0131601 -0.0883462 109.817 
-0.0871922 0.0391202 0.995423 47.0605 0.0176953 0.999132 -0.0377159 -5.52317 -0.996034 0.0143258 -0.0878087 109.76 
-0.0879415 0.038344 0.995387 47.7443 0.0169342 0.999172 -0.0369936 -5.57678 -0.995982 0.0136028 -0.088518 109.71 
-0.0880459 0.0374321 0.995413 48.3942 0.0131919 0.99925 -0.0364095 -5.62307 -0.996029 0.00992568 -0.0884737 109.666 
-0.0885763 0.0379251 0.995347 49.0867 0.0107919 0.999253 -0.0371135 -5.6658 -0.996011 0.0074543 -0.0889194 109.634 
-0.0877415 0.0376442 0.995432 49.7418 0.0142145 0.999231 -0.0365349 -5.69545 -0.996042 0.0109439 -0.0882092 109.581 
-0.0876086 0.0353353 0.995528 50.3408 0.0141761 0.999314 -0.0342221 -5.75595 -0.996054 0.0111145 -0.0880494 109.532 
-0.08997 0.0361715 0.995287 50.9651 0.0146609 0.99928 -0.0349913 -5.79256 -0.995837 0.0114437 -0.0904356 109.479 
-0.094511 0.0369488 0.994838 51.6463 0.0116135 0.999284 -0.0360106 -5.80843 -0.995456 0.00815012 -0.0948724 109.429 
-0.100851 0.0410009 0.994056 52.3317 0.0146698 0.999103 -0.0397207 -5.8436 -0.994793 0.0105767 -0.101362 109.368 
-0.107254 0.043343 0.993286 52.9916 0.0168814 0.998985 -0.0417688 -5.886 -0.994088 0.0122882 -0.107877 109.3 
-0.113643 0.0465413 0.992431 53.633 0.0181571 0.998833 -0.0447623 -5.90769 -0.993356 0.0129327 -0.114355 109.223 
-0.119431 0.0459262 0.99178 54.3238 0.0146181 0.998903 -0.0444957 -5.94536 -0.992735 0.00918374 -0.119972 109.146 
-0.123273 0.0456329 0.991323 54.9944 0.0157914 0.998906 -0.0440182 -5.98174 -0.992247 0.0102281 -0.123859 109.053 
-0.127611 0.0459283 0.99076 55.6564 0.0128349 0.99892 -0.0446533 -6.02268 -0.991741 0.00701807 -0.128063 108.978 
-0.131808 0.044584 0.990272 56.3366 0.00954323 0.998999 -0.0437066 -6.05784 -0.991229 0.0036895 -0.132102 108.904 
-0.134729 0.0422014 0.989983 57.0389 0.0110471 0.999095 -0.0410863 -6.09472 -0.990821 0.00540088 -0.135074 108.826 
-0.136241 0.0399297 0.989871 57.7349 0.0119605 0.999181 -0.0386591 -6.10876 -0.990604 0.00657237 -0.136607 108.73 
-0.136795 0.0372992 0.989897 58.4369 0.0119692 0.99928 -0.0359987 -6.15357 -0.990527 0.00692378 -0.137143 108.643 
-0.137381 0.0379281 0.989792 59.1392 0.01098 0.999264 -0.036767 -6.18312 -0.990457 0.00581683 -0.137697 108.555 
-0.136188 0.0428287 0.989757 59.8427 0.0138135 0.99905 -0.04133 -6.2029 -0.990587 0.00804334 -0.136651 108.452 
-0.136482 0.0462977 0.98956 60.5786 0.0191554 0.998844 -0.04409 -6.24613 -0.990457 0.0129379 -0.137211 108.346 
-0.136385 0.0517171 0.989305 61.3343 0.0271821 0.998456 -0.0484482 -6.30201 -0.990283 0.0202838 -0.13758 108.218 
-0.137017 0.054098 0.98909 62.0817 0.0290944 0.998297 -0.050571 -6.33475 -0.990141 0.0218479 -0.138358 108.121 
-0.135678 0.0517487 0.989401 62.8116 0.0284274 0.998427 -0.0483224 -6.39372 -0.990345 0.0215698 -0.136936 108.026 
-0.134267 0.0468918 0.989835 63.5466 0.0289909 0.998638 -0.0433763 -6.43845 -0.990521 0.0228722 -0.135444 107.918 
-0.132046 0.0456184 0.990193 64.2522 0.0323934 0.998606 -0.0416861 -6.48446 -0.990714 0.0265712 -0.133339 107.81 
-0.133095 0.0445072 0.990104 64.9948 0.0311201 0.998686 -0.0407097 -6.53405 -0.990615 0.0253938 -0.134305 107.713 
-0.133668 0.04676 0.989923 65.7496 0.0319337 0.998571 -0.0428565 -6.57397 -0.990512 0.0258834 -0.13497 107.606 
-0.136169 0.0490647 0.98947 66.5204 0.0324782 0.998457 -0.0450408 -6.60079 -0.990153 0.0260031 -0.137552 107.534 
-0.136931 0.0485168 0.989392 67.2676 0.0343157 0.998433 -0.0442109 -6.66127 -0.989986 0.0278978 -0.138381 107.422 
-0.137378 0.0497435 0.989269 68.0117 0.0357927 0.998335 -0.0452288 -6.70835 -0.989872 0.0291952 -0.13893 107.314 
-0.138598 0.0494484 0.989113 68.7446 0.0363863 0.998333 -0.0448107 -6.76345 -0.98968 0.0297795 -0.140166 107.22 
-0.141333 0.0497191 0.988713 69.5059 0.0320527 0.998444 -0.0456266 -6.80095 -0.989443 0.0252424 -0.142706 107.145 
-0.141687 0.0509166 0.988601 70.2402 0.0321045 0.998387 -0.0468194 -6.84694 -0.989391 0.0251048 -0.143093 107.052 
-0.141946 0.0516292 0.988527 70.9738 0.0300063 0.998404 -0.0478363 -6.88569 -0.98942 0.0228719 -0.143269 106.945 
-0.145081 0.0537743 0.987957 71.7703 0.0300511 0.998301 -0.0499243 -6.8887 -0.988963 0.0224462 -0.14645 106.884 
-0.145481 0.0516371 0.988013 72.5284 0.0321115 0.998357 -0.0474494 -6.95825 -0.98884 0.0248236 -0.1469 106.781 
-0.145846 0.0492748 0.98808 73.2968 0.0300443 0.998519 -0.0453606 -7.01103 -0.988851 0.0230705 -0.14711 106.671 
-0.148149 0.0463436 0.987879 74.052 0.0266186 0.998726 -0.0428605 -7.07177 -0.988607 0.0199463 -0.149194 106.588 
-0.14928 0.046385 0.987706 74.8166 0.027745 0.998702 -0.042708 -7.11092 -0.988406 0.0210285 -0.150373 106.472 
-0.150722 0.0476152 0.987429 75.6126 0.0288647 0.998626 -0.0437491 -7.15242 -0.988155 0.0219078 -0.15189 106.346 
-0.15263 0.0487388 0.987081 76.3961 0.0289298 0.998576 -0.044833 -7.20012 -0.98786 0.0217132 -0.153822 106.239 
-0.154706 0.0537612 0.986497 77.1983 0.0299609 0.998314 -0.0497066 -7.23538 -0.987506 0.0218665 -0.156056 106.133 
-0.155457 0.05696 0.986199 77.9826 0.0321093 0.9981 -0.0525858 -7.30049 -0.987321 0.0234913 -0.156991 106.036 
-0.15618 0.0616506 0.985803 78.8029 0.0338162 0.997799 -0.0570433 -7.34515 -0.98715 0.0244271 -0.157921 105.917 
-0.155874 0.0619486 0.985833 79.6386 0.0367093 0.997705 -0.0568904 -7.41922 -0.987095 0.0273215 -0.15779 105.807 
-0.154385 0.061454 0.986098 80.439 0.040458 0.99762 -0.0558379 -7.47939 -0.987182 0.0312751 -0.156503 105.675 
-0.154831 0.0589254 0.986182 81.2765 0.0404945 0.997759 -0.0532594 -7.54185 -0.987111 0.0316888 -0.15687 105.558 
-0.15416 0.0581604 0.986333 82.1335 0.0399577 0.997816 -0.0525922 -7.58525 -0.987238 0.031304 -0.156148 105.437 
-0.152105 0.0559272 0.986781 82.96 0.0381571 0.997986 -0.0506805 -7.63644 -0.987628 0.029944 -0.153933 105.31 
-0.150715 0.0526539 0.987174 83.8158 0.0387411 0.998128 -0.0473234 -7.69733 -0.987818 0.0311119 -0.152472 105.205 
-0.15006 0.0494177 0.987441 84.6611 0.0381624 0.998295 -0.0441614 -7.74921 -0.98794 0.0310562 -0.15169 105.109 
-0.147769 0.0493871 0.987788 85.5133 0.0362412 0.998352 -0.0444937 -7.80563 -0.988358 0.0292239 -0.149315 104.984 
-0.146991 0.0534135 0.987695 86.3633 0.0374075 0.998127 -0.0484105 -7.86273 -0.98843 0.0298313 -0.148713 104.885 
-0.145078 0.0589697 0.987661 87.2077 0.0393389 0.997777 -0.0537951 -7.94449 -0.988638 0.031049 -0.147076 104.768 
-0.142766 0.0622233 0.987799 88.0309 0.0397956 0.997576 -0.0570875 -8.02583 -0.988956 0.0311599 -0.144896 104.656 
-0.142266 0.0603231 0.987989 88.8966 0.037888 0.997742 -0.0554628 -8.06894 -0.989103 0.0295424 -0.144231 104.574 
-0.141292 0.0577031 0.988285 89.6964 0.0390427 0.997848 -0.0526796 -8.13452 -0.989198 0.0311421 -0.14324 104.52 
-0.140918 0.0556468 0.988456 90.5404 0.0393398 0.997945 -0.0505725 -8.21317 -0.989239 0.031759 -0.142818 104.414 
-0.140146 0.0558648 0.988554 91.4228 0.0385401 0.997958 -0.0509325 -8.26143 -0.989381 0.030961 -0.142013 104.323 
-0.138835 0.0560641 0.988727 92.2424 0.0391062 0.997928 -0.0510945 -8.32969 -0.989543 0.0315716 -0.14074 104.213 
-0.136674 0.0546983 0.989105 93.1261 0.0426053 0.997875 -0.0492961 -8.38411 -0.989699 0.0354035 -0.138714 104.067 
-0.134247 0.0541911 0.989465 93.9753 0.0454814 0.997788 -0.0484762 -8.44829 -0.989904 0.0384945 -0.136414 103.951 
-0.132965 0.0546593 0.989612 94.8409 0.0474612 0.997684 -0.0487282 -8.5284 -0.989984 0.040489 -0.135251 103.836 
-0.131282 0.0563818 0.98974 95.7058 0.0486791 0.997544 -0.0503693 -8.59355 -0.990149 0.041567 -0.133705 103.721 
-0.130585 0.0572856 0.989781 96.5772 0.0458003 0.997612 -0.0516962 -8.66969 -0.990379 0.0385815 -0.132897 103.631 
-0.130662 0.0539138 0.98996 97.4383 0.0413276 0.997949 -0.0488941 -8.71309 -0.990565 0.034524 -0.132622 103.564 
-0.130253 0.0511541 0.99016 98.3149 0.0372354 0.998216 -0.046672 -8.79052 -0.990781 0.0307898 -0.131926 103.451 
-0.131827 0.0508961 0.989965 99.1663 0.0335273 0.998339 -0.046862 -8.86386 -0.990706 0.0270132 -0.133314 103.365 
-0.133591 0.0557838 0.989465 100.012 0.031077 0.998159 -0.0520782 -8.91972 -0.990549 0.0237924 -0.135079 103.281 
-0.133398 0.0575666 0.989389 100.853 0.0304567 0.998078 -0.0539657 -8.99285 -0.990594 0.0229346 -0.134895 103.167 
-0.133659 0.0574453 0.989361 101.689 0.031312 0.998065 -0.0537205 -9.06443 -0.990533 0.0237987 -0.135199 103.063 
-0.133891 0.0560512 0.98941 102.521 0.0317326 0.99813 -0.0522509 -9.13501 -0.990488 0.0244006 -0.135419 102.957 
-0.134637 0.0578757 0.989203 103.359 0.0335766 0.997986 -0.0538195 -9.1818 -0.990326 0.025968 -0.136309 102.857 
-0.135338 0.0608835 0.988927 104.179 0.0359715 0.997754 -0.056504 -9.25393 -0.990146 0.027926 -0.137224 102.768 
-0.135774 0.0628652 0.988743 105.007 0.0350263 0.997666 -0.0586227 -9.30205 -0.990121 0.0266726 -0.137659 102.666 
-0.13554 0.0623408 0.988809 105.77 0.0337061 0.997731 -0.0582831 -9.37671 -0.990198 0.0254292 -0.137334 102.55 
-0.138564 0.0626534 0.98837 106.573 0.0332889 0.997728 -0.0585797 -9.42051 -0.989794 0.0247847 -0.140335 102.47 
-0.141538 0.0635282 0.987892 107.365 0.0343091 0.997654 -0.0592403 -9.48355 -0.989338 0.0255089 -0.143386 102.38 
-0.147559 0.066747 0.986799 108.18 0.0340736 0.997471 -0.0623737 -9.54532 -0.988466 0.0244199 -0.14946 102.313 
-0.15049 0.0682272 0.986254 108.976 0.0324842 0.997418 -0.0640428 -9.60693 -0.988078 0.0223999 -0.152318 102.21 
-0.154059 0.0689279 0.985655 109.761 0.0328489 0.99737 -0.0646128 -9.66248 -0.987516 0.0224235 -0.155918 102.109 
-0.157654 0.0666064 0.985246 110.535 0.0330255 0.99752 -0.0621516 -9.73744 -0.986942 0.0227398 -0.159463 101.999 
-0.159411 0.066796 0.98495 111.315 0.0354585 0.997452 -0.061905 -9.81774 -0.986575 0.0250565 -0.161373 101.879 
-0.161926 0.0717157 0.984194 112.098 0.0303945 0.997245 -0.067666 -9.87999 -0.986335 0.0189572 -0.163659 101.774 
-0.16389 0.0779881 0.983391 112.846 0.0267536 0.996855 -0.0745971 -9.9507 -0.986116 0.0140835 -0.165461 101.666 
-0.166083 0.0816328 0.982727 113.611 0.0312781 0.996502 -0.077491 -10.0067 -0.985616 0.0178679 -0.168056 101.544 
-0.168695 0.0803549 0.982387 114.375 0.0335798 0.996561 -0.075748 -10.0723 -0.985096 0.02021 -0.170814 101.422 
-0.170944 0.0727428 0.982592 115.138 0.0313339 0.997168 -0.0683706 -10.1375 -0.984782 0.0191008 -0.17274 101.291 
-0.174691 0.071721 0.982008 115.915 0.0296184 0.997275 -0.0675672 -10.1966 -0.984178 0.0172821 -0.17634 101.19 
-0.175369 0.0748349 0.981654 116.656 0.029649 0.997056 -0.0707123 -10.2626 -0.984056 0.0167043 -0.177071 101.056 
-0.178831 0.0777356 0.980804 117.409 0.02721 0.996883 -0.0740487 -10.3368 -0.983503 0.0134455 -0.180389 100.94 
-0.182068 0.0800762 0.98002 118.147 0.025384 0.996729 -0.0767256 -10.4015 -0.982958 0.0109076 -0.183505 100.822 
-0.183823 0.0846389 0.979309 118.887 0.0286029 0.996325 -0.0807406 -10.4728 -0.982543 0.0131691 -0.185569 100.692 
-0.185437 0.0889296 0.978624 119.633 0.0292226 0.995955 -0.0849672 -10.5456 -0.982222 0.0128418 -0.187286 100.565 
-0.188134 0.0913455 0.977886 120.398 0.0277717 0.995762 -0.0876723 -10.6199 -0.981751 0.0106634 -0.189873 100.437 
-0.191459 0.0898345 0.977381 121.135 0.028407 0.995893 -0.0859713 -10.6837 -0.981089 0.0113044 -0.193225 100.318 
-0.194201 0.086922 0.977103 121.871 0.032698 0.996087 -0.082112 -10.748 -0.980417 0.0160031 -0.196283 100.176 
-0.200435 0.0846245 0.976045 122.605 0.0357137 0.996231 -0.0790406 -10.8374 -0.979056 0.0190157 -0.202702 100.035 
-0.208784 0.0855772 0.97421 123.339 0.0348009 0.996183 -0.0800491 -10.8772 -0.977342 0.0171904 -0.210966 99.9365 
-0.217899 0.0863739 0.972142 124.068 0.0349428 0.996128 -0.0806728 -10.9515 -0.975346 0.0163909 -0.220073 99.7959 
-0.228493 0.0871245 0.969639 124.789 0.0352424 0.996075 -0.081195 -11.0191 -0.972908 0.0156199 -0.230666 99.6342 
-0.239292 0.0885115 0.966905 125.481 0.0372221 0.995941 -0.0819576 -11.0824 -0.970234 0.0163785 -0.241615 99.4557 
-0.252948 0.0907199 0.963217 126.188 0.0394875 0.995732 -0.0834125 -11.1439 -0.966674 0.016936 -0.255451 99.2999 
-0.266223 0.0903705 0.959666 126.876 0.0422695 0.995732 -0.0820407 -11.2248 -0.962984 0.0187235 -0.268907 99.1349 
-0.27876 0.0898557 0.956148 127.577 0.046817 0.995701 -0.0799235 -11.2982 -0.959219 0.0224845 -0.281768 98.9715 
-0.287392 0.0909451 0.953486 128.272 0.0527063 0.995475 -0.0790638 -11.3563 -0.956362 0.0275323 -0.290885 98.7512 
-0.295372 0.0916571 0.950976 128.938 0.0584282 0.995257 -0.0777773 -11.4232 -0.953594 0.0325905 -0.299326 98.5331 
-0.304156 0.0919012 0.948179 129.622 0.0642623 0.995048 -0.0758299 -11.4906 -0.950452 0.037868 -0.308555 98.3396 
-0.3112 0.0909818 0.945979 130.31 0.0641477 0.995148 -0.0746079 -11.5688 -0.948177 0.0374643 -0.315526 98.1311 
-0.315794 0.0895753 0.94459 131.003 0.0665111 0.995175 -0.0721363 -11.6212 -0.946494 0.0400455 -0.320228 97.9123 
-0.319297 0.0863964 0.943708 131.699 0.0729956 0.995119 -0.0664055 -11.689 -0.944839 0.0476834 -0.324045 97.704 
-0.318837 0.0857414 0.943923 132.354 0.0800856 0.994776 -0.0633093 -11.7455 -0.94442 0.0554094 -0.324038 97.47 
-0.32051 0.0843028 0.943486 133.008 0.0823182 0.994743 -0.0609184 -11.812 -0.943662 0.0581411 -0.325765 97.2733 
-0.318094 0.0894183 0.943833 133.662 0.0847676 0.994237 -0.0656249 -11.8623 -0.944262 0.0591316 -0.323841 97.0249 
-0.315852 0.0930927 0.944231 134.325 0.0852961 0.993932 -0.0694606 -11.9181 -0.944967 0.0585999 -0.321876 96.7918 
-0.317404 0.0942918 0.943591 134.983 0.0889137 0.99362 -0.0693824 -11.9644 -0.944113 0.0618759 -0.323763 96.6206 
-0.316628 0.0928848 0.943991 135.635 0.0892759 0.993695 -0.067831 -12.0169 -0.944339 0.0627984 -0.322924 96.4114 
-0.315769 0.0894297 0.944612 136.251 0.0902334 0.993867 -0.0639291 -12.09 -0.944536 0.0650487 -0.321902 96.2256 
-0.314642 0.0908842 0.944849 136.888 0.0900954 0.993771 -0.0655874 -12.1394 -0.944925 0.06449 -0.320871 96.0242 
-0.312446 0.0937398 0.945299 137.512 0.0914407 0.993466 -0.0682926 -12.1866 -0.945524 0.0651011 -0.318976 95.829 
-0.307642 0.0960102 0.946646 138.139 0.0918053 0.99325 -0.0709018 -12.2426 -0.947063 0.0650948 -0.314379 95.6249 
-0.302486 0.0954638 0.948361 138.766 0.0930915 0.993174 -0.0702825 -12.2978 -0.948597 0.0670249 -0.309308 95.4413 
-0.299374 0.0926682 0.949625 139.385 0.0928129 0.993381 -0.0676783 -12.3599 -0.949611 0.0678763 -0.305993 95.2778 
-0.297386 0.0891009 0.950591 139.995 0.0856909 0.994109 -0.0663721 -12.4423 -0.950904 0.0617188 -0.30327 95.1235 
-0.291043 0.088746 0.952585 140.631 0.0894716 0.99385 -0.0652541 -12.4868 -0.952517 0.0662375 -0.297193 94.9233 
-0.288997 0.0869142 0.953376 141.274 0.0890909 0.99399 -0.0636106 -12.5502 -0.953175 0.0665539 -0.295004 94.7624 
-0.285389 0.0862609 0.954522 141.879 0.0893599 0.993998 -0.063111 -12.5902 -0.954237 0.0672848 -0.291384 94.5863 
-0.281793 0.0841199 0.955781 142.472 0.0917914 0.993944 -0.0604158 -12.6513 -0.955074 0.0707076 -0.287808 94.4175 
-0.280107 0.0831979 0.956357 143.107 0.0896788 0.994149 -0.0602196 -12.6978 -0.955771 0.0688971 -0.285929 94.2777 
-0.275557 0.0849814 0.957521 143.671 0.0899972 0.99399 -0.0623185 -12.7486 -0.957063 0.0690018 -0.281549 94.1138 
-0.271495 0.0889415 0.958322 144.292 0.0911118 0.993624 -0.0664058 -12.7984 -0.958118 0.0692856 -0.277867 93.9441 
-0.264729 0.0917223 0.959951 144.853 0.0926939 0.993277 -0.0693441 -12.8532 -0.959858 0.0706242 -0.271451 93.7852 
-0.258244 0.0920334 0.961686 145.434 0.0915043 0.993307 -0.0704876 -12.9072 -0.961737 0.0697954 -0.264937 93.6413 
-0.250031 0.0904159 0.964007 146.019 0.0870539 0.993697 -0.0706217 -12.9579 -0.964316 0.066263 -0.256326 93.5106 
-0.239624 0.0885942 0.966815 146.591 0.0863862 0.993824 -0.0696584 -13.0139 -0.967015 0.0668277 -0.245797 93.3804 
-0.227388 0.0864977 0.969955 147.167 0.0866201 0.993896 -0.0683261 -13.0727 -0.969944 0.068481 -0.233493 93.2597 
