1 2.12261e-08 -2.11895e-08 0 2.12261e-08 1 2.10703e-08 0 -2.11895e-08 2.10703e-08 1 0 
0.999997 0.0018809 0.00157538 -0.024765 -0.00187927 0.999998 -0.0010067 -0.0127851 -0.00157732 0.00100378 0.999998 1.21473 
0.999995 0.00176265 0.00260629 -0.0365585 -0.00175846 0.999997 -0.00159359 -0.0154534 -0.00260913 0.00158904 0.999995 2.40697 
0.999992 -0.00222289 0.00335722 -0.0962628 0.00222729 0.999997 -0.00129305 -0.069766 -0.00335438 0.00130056 0.999994 3.45928 
0.999993 -0.00130624 0.00358273 -0.100351 0.00130995 0.999999 -0.00102016 -0.0825936 -0.00358144 0.00102489 0.999993 4.6708 
0.99998 -0.00438696 0.0046364 -0.107669 0.00439015 0.99999 -0.000669242 -0.129872 -0.00463346 0.000689625 0.999989 5.88175 
0.99999 -0.00144973 0.00423994 -0.105699 0.00145341 0.999999 -0.000854961 -0.144839 -0.00423874 0.000861156 0.999991 7.10858 
0.999991 -0.00271564 0.00340677 -0.101554 0.0027185 0.999996 -0.00082241 -0.198645 -0.00340457 0.000831706 0.999994 8.2452 
0.99999 -0.00355577 0.00283189 -0.117882 0.00355702 0.999994 -0.000420953 -0.196744 -0.00283041 0.000431064 0.999996 9.38859 
0.999989 -0.0045768 0.000705852 -0.119786 0.00457605 0.999989 0.0011249 -0.223108 -0.000711035 -0.00112162 0.999999 10.5638 
0.999976 -0.00598916 -0.00347792 -0.128297 0.00598785 0.999982 -0.000399402 -0.219563 0.00348021 0.00037861 0.999994 11.7508 
0.999963 -0.00671799 -0.00537585 -0.209855 0.00672079 0.999977 0.000495982 -0.251644 0.00537235 -0.000532051 0.999985 12.8957 
0.999965 -0.00617507 -0.00571849 -0.278916 0.00616967 0.999981 -0.000969134 -0.236175 0.00572432 0.000933861 0.999983 14.037 
0.999944 -0.00556652 -0.00901132 -0.266448 0.00555817 0.999984 -0.000955526 -0.261508 0.00901646 0.000905428 0.999959 15.2027 
0.999938 -0.00521047 -0.00987735 -0.299095 0.00519493 0.999985 -0.00160264 -0.276006 0.00988551 0.00155127 0.99995 16.4384 
0.999907 -0.00804132 -0.0110159 -0.337133 0.00803587 0.999968 -0.000542226 -0.308057 0.0110198 0.000453696 0.999939 17.6308 
0.999898 -0.0077876 -0.0119868 -0.344808 0.00778521 0.99997 -0.000249957 -0.347982 0.0119883 0.000156654 0.999928 18.8397 
0.999871 -0.00754188 -0.0141564 -0.340334 0.00753642 0.999972 -0.000441872 -0.394289 0.0141593 0.000335169 0.9999 20.0788 
0.999884 -0.00551878 -0.0141643 -0.400982 0.00550203 0.999984 -0.00122425 -0.388787 0.0141708 0.00114622 0.999899 21.2612 
0.999875 -0.00484416 -0.015042 -0.45004 0.00482465 0.999988 -0.00133621 -0.396516 0.0150483 0.00126352 0.999886 22.4045 
0.999863 -0.0047137 -0.0158409 -0.503963 0.00467789 0.999986 -0.00229947 -0.423723 0.0158515 0.00222509 0.999872 23.5515 
0.999858 -0.00518721 -0.0160093 -0.578054 0.0051488 0.999984 -0.00244164 -0.458085 0.0160216 0.00235891 0.999869 24.7404 
0.999841 -0.00548419 -0.0169492 -0.631018 0.00546501 0.999984 -0.00118025 -0.483368 0.0169554 0.00108748 0.999856 25.898 
0.999821 -0.00719732 -0.0174753 -0.69287 0.00721861 0.999973 0.00115288 -0.524099 0.0174665 -0.00127878 0.999847 27.0544 
0.999831 -0.00610479 -0.0173206 -0.750892 0.00612002 0.999981 0.000823761 -0.543108 0.0173152 -0.000929582 0.99985 28.2527 
0.99983 -0.00717825 -0.0169657 -0.804692 0.00717722 0.999974 -0.000123837 -0.565776 0.0169661 2.09138e-06 0.999856 29.4933 
0.99981 -0.00864808 -0.0174565 -0.857076 0.0086457 0.999963 -0.000214031 -0.588964 0.0174576 6.311e-05 0.999848 30.661 
0.999819 -0.00840705 -0.0170415 -0.929213 0.00843353 0.999963 0.00147984 -0.629542 0.0170284 -0.00162325 0.999854 31.9273 
0.999842 -0.00833666 -0.0157065 -1.00423 0.00838066 0.999961 0.00273489 -0.652747 0.0156831 -0.00286605 0.999873 33.0964 
0.99981 -0.00850065 -0.0175308 -1.00299 0.00860111 0.999947 0.0056607 -0.713479 0.0174817 -0.00581037 0.99983 34.3489 
0.999787 -0.00994288 -0.0180849 -1.05582 0.0100405 0.999936 0.00531085 -0.72382 0.0180309 -0.00549126 0.999822 35.5567 
0.999722 -0.0126012 -0.0199279 -1.08128 0.0126821 0.999912 0.00393742 -0.721633 0.0198765 -0.00418901 0.999794 36.8887 
0.999633 -0.0150704 -0.0225028 -1.06348 0.0152166 0.999864 0.00633682 -0.774372 0.0224042 -0.00667687 0.999727 38.0664 
0.999662 -0.0137616 -0.0220729 -1.10037 0.0138895 0.999888 0.00564643 -0.754181 0.0219927 -0.00595106 0.99974 39.2828 
0.99968 -0.012278 -0.022099 -1.12703 0.0124157 0.999904 0.00610343 -0.750886 0.0220219 -0.00637581 0.999737 40.4796 
0.999698 -0.0125925 -0.0211019 -1.18588 0.0127365 0.999896 0.00670121 -0.78324 0.0210153 -0.00696791 0.999755 41.6958 
0.999687 -0.0125509 -0.0216498 -1.22839 0.0126848 0.999901 0.00605611 -0.792291 0.0215716 -0.00632879 0.999747 42.8443 
0.999705 -0.00871079 -0.0226878 -1.26758 0.0089152 0.99992 0.00892255 -0.823475 0.0226082 -0.00912213 0.999703 44.0402 
0.999674 -0.0105544 -0.0232336 -1.28067 0.0108191 0.999878 0.0112937 -0.83124 0.0231115 -0.0115413 0.999666 45.2301 
0.999732 -0.00833981 -0.0216119 -1.33621 0.0086089 0.999886 0.0123861 -0.822489 0.0215061 -0.0125687 0.99969 46.4515 
0.999774 -0.00764032 -0.0198432 -1.39256 0.00798151 0.999821 0.0171704 -0.839338 0.0197085 -0.0173249 0.999656 47.648 
0.999762 -0.0106693 -0.0190576 -1.43877 0.0110384 0.999752 0.0193659 -0.867084 0.0188462 -0.0195716 0.999631 48.838 
0.999751 -0.0135644 -0.0177417 -1.45572 0.0139014 0.999723 0.0190098 -0.888363 0.0174788 -0.0192516 0.999662 50.0856 
0.999811 -0.0104758 -0.0163729 -1.49723 0.0107409 0.999811 0.0161886 -0.865028 0.0162001 -0.0163614 0.999735 51.3126 
0.999834 -0.00828856 -0.016221 -1.52991 0.00853564 0.999848 0.0152203 -0.84981 0.0160923 -0.0153562 0.999753 52.5079 
0.999828 -0.0092719 -0.016034 -1.59787 0.00951739 0.999838 0.0153001 -0.872625 0.0158895 -0.01545 0.999754 53.6327 
0.999758 -0.0112563 -0.0188912 -1.60873 0.0115217 0.999836 0.0139969 -0.876788 0.0187305 -0.0142111 0.999724 54.8556 
0.999734 -0.0107345 -0.0204 -1.67054 0.0110218 0.999841 0.0140236 -0.887056 0.0202462 -0.0142447 0.999694 56.0635 
0.999651 -0.0132339 -0.0228542 -1.70304 0.0135891 0.999788 0.0154575 -0.896424 0.0226448 -0.0157626 0.999619 57.2433 
0.999606 -0.0123428 -0.0252285 -1.74002 0.012745 0.999793 0.0158455 -0.907207 0.0250276 -0.0161607 0.999556 58.4296 
0.99966 -0.0105122 -0.0238785 -1.81911 0.0108697 0.99983 0.0148878 -0.903498 0.0237179 -0.0151422 0.999604 59.6829 
0.999699 -0.0105095 -0.0221755 -1.89223 0.0108207 0.999844 0.0139597 -0.888446 0.0220253 -0.0141954 0.999657 60.9796 
0.999717 -0.00946927 -0.0218408 -1.95466 0.00975448 0.999868 0.0129871 -0.88282 0.0217149 -0.0131964 0.999677 62.1965 
0.999642 -0.0121393 -0.0238587 -1.95273 0.0124181 0.999856 0.0115689 -0.901667 0.0237148 -0.011861 0.999648 63.4699 
0.999642 -0.00932042 -0.0250998 -1.96912 0.00965231 0.999867 0.0131328 -0.890107 0.0249741 -0.0133703 0.999599 64.7104 
0.999656 -0.00985116 -0.0242895 -2.06008 0.0101744 0.999861 0.0132192 -0.870291 0.0241559 -0.0134617 0.999618 65.8522 
0.999669 -0.00881714 -0.024189 -2.10998 0.00912914 0.999876 0.0128166 -0.885416 0.024073 -0.0130332 0.999625 67.0076 
0.999694 -0.00804111 -0.0233738 -2.18273 0.00835072 0.999878 0.0131769 -0.912424 0.023265 -0.013368 0.99964 68.2145 
0.999735 -0.00619126 -0.0221545 -2.25395 0.00647665 0.999897 0.0128316 -0.923804 0.0220728 -0.0129716 0.999672 69.458 
0.999758 -0.00400082 -0.021656 -2.32633 0.00427953 0.999908 0.012837 -0.92767 0.0216026 -0.0129265 0.999683 70.5786 
0.999738 -0.00368531 -0.0226024 -2.36254 0.00398732 0.999903 0.0133296 -0.938198 0.0225511 -0.0134162 0.999656 71.761 
0.999765 -0.00346941 -0.0213944 -2.40141 0.00377754 0.99989 0.0143767 -0.960251 0.0213421 -0.0144541 0.999668 72.9669 
0.9998 -0.00208352 -0.0198729 -2.43652 0.00237899 0.999887 0.0148541 -0.966241 0.0198397 -0.0148984 0.999692 74.1275 
0.999839 -0.00431393 -0.0173977 -2.48154 0.00454151 0.999904 0.01306 -0.973904 0.0173397 -0.0131369 0.999763 75.3144 
0.999902 -0.00611249 -0.0125815 -2.53305 0.00621471 0.999948 0.00809867 -0.979453 0.0125313 -0.00817603 0.999888 76.5025 
0.999956 -0.00212118 -0.00913162 -2.594 0.00214665 0.999994 0.00277537 -0.896184 0.00912563 -0.0027948 0.999954 77.6571 
0.999977 -0.00256157 -0.00634198 -2.62213 0.00260035 0.999978 0.0061075 -0.919449 0.00632616 -0.0061238 0.999961 78.8469 
0.999988 -0.00477036 -0.000619598 -2.68876 0.00477529 0.999956 0.00814119 -0.945056 0.000580691 -0.00814401 0.999967 79.8686 
0.999985 -0.00411466 0.00352516 -2.67439 0.0040915 0.99997 0.00656413 -0.975744 -0.0035521 -0.00654957 0.999972 80.9855 
0.99993 -0.0055837 0.0104055 -2.76037 0.00555001 0.999979 0.00326747 -0.95869 -0.0104236 -0.00320945 0.999941 82.1003 
0.999871 -0.00693429 0.0145095 -2.78963 0.00691714 0.999975 0.00123506 -1.03978 -0.0145178 -0.00113449 0.999894 83.3743 
0.999798 -0.00903507 0.0179666 -2.74406 0.00903078 0.999959 0.00032258 -1.04643 -0.0179689 -0.00016022 0.999839 84.4547 
0.99969 -0.00861075 0.0233619 -2.78508 0.00854841 0.99996 0.00276892 -1.09302 -0.0233848 -0.00256831 0.999723 85.63 
0.999581 -0.0082873 0.0277499 -2.79924 0.00821405 0.999963 0.00275418 -1.10987 -0.0277717 -0.00252504 0.999611 86.8511 
0.999406 -0.00817223 0.0334907 -2.83575 0.00813921 0.999966 0.00112342 -1.13175 -0.0334988 -0.000850118 0.999438 87.9927 
0.999264 -0.00881553 0.0373358 -2.82903 0.00884236 0.999961 -0.000552325 -1.16362 -0.0373295 0.000882097 0.999303 89.1789 
0.999172 -0.00730469 0.0400358 -2.78755 0.00734678 0.999973 -0.000903059 -1.1739 -0.0400281 0.00119649 0.999198 90.4616 
0.999038 -0.00652288 0.0433621 -2.78017 0.00652936 0.999979 -6.7893e-06 -1.1934 -0.0433611 0.000289951 0.999059 91.5671 
0.998978 -0.0069264 0.0446574 -2.72333 0.00687031 0.999975 0.00141023 -1.2142 -0.0446661 -0.00110193 0.999001 92.7496 
0.99884 -0.00760073 0.0475449 -2.67214 0.00748595 0.999969 0.00259271 -1.22591 -0.0475632 -0.00223374 0.998866 93.9445 
0.998705 -0.00554469 0.0505641 -2.65126 0.0053732 0.999979 0.00352769 -1.26286 -0.0505826 -0.00325139 0.998715 95.1352 
0.998589 -0.00561967 0.0528091 -2.60215 0.00554857 0.999984 0.00149369 -1.28177 -0.0528167 -0.00119853 0.998604 96.2993 
0.998334 -0.00572938 0.0574119 -2.68461 0.00584585 0.999981 -0.00186017 -1.31815 -0.0574002 0.00219273 0.998349 97.2188 
0.998304 -0.00672774 0.0578306 -2.58594 0.00693607 0.99997 -0.00340174 -1.38611 -0.0578061 0.00379713 0.998321 98.4991 
0.998101 -0.00350818 0.0615054 -2.63183 0.00385244 0.999978 -0.00547883 -1.37205 -0.0614849 0.00570541 0.998092 99.6679 
0.998084 -0.0036523 0.0617589 -2.58654 0.00396621 0.99998 -0.00496022 -1.37125 -0.0617396 0.0051957 0.998079 100.749 
0.997987 -0.00220491 0.0633784 -2.66877 0.00242692 0.999991 -0.00342549 -1.39063 -0.0633704 0.00357245 0.997984 101.699 
0.997957 -0.0020937 0.0638592 -2.68046 0.00226024 0.999994 -0.00253507 -1.40599 -0.0638535 0.00267427 0.997956 102.839 
0.998054 2.45456e-05 0.0623637 -2.64021 3.22499e-05 1 -0.000909005 -1.46032 -0.0623637 0.000909288 0.998053 104.036 
0.998041 0.00132442 0.0625471 -2.6956 -0.00123975 0.999998 -0.00139184 -1.4514 -0.0625489 0.00131161 0.998041 105.236 
0.998218 0.00219192 0.0596268 -2.65203 -0.00206117 0.999995 -0.00225345 -1.46641 -0.0596315 0.00212657 0.998218 106.47 
0.99834 0.00312848 0.0575118 -2.65202 -0.00301744 0.999993 -0.00201675 -1.51005 -0.0575178 0.0018399 0.998343 107.568 
0.998436 0.00362244 0.055787 -2.67846 -0.00358541 0.999993 -0.000763147 -1.55585 -0.0557894 0.000561976 0.998442 108.683 
0.998593 0.0036352 0.0529032 -2.65678 -0.00364491 0.999993 8.793e-05 -1.57553 -0.0529026 -0.000280593 0.9986 109.907 
0.998698 0.00492976 0.0507722 -2.69873 -0.00493029 0.999988 -0.000113945 -1.58702 -0.0507722 -0.000136484 0.99871 111.102 
0.998848 0.00545628 0.0476773 -2.68437 -0.00548743 0.999985 0.000523419 -1.60686 -0.0476737 -0.0007844 0.998863 112.292 
0.999057 0.00674718 0.0429002 -2.65361 -0.00674704 0.999977 -0.000146924 -1.61998 -0.0429002 -0.000142623 0.999079 113.509 
0.999081 0.00691274 0.0423097 -2.76745 -0.00694559 0.999976 0.000630447 -1.6703 -0.0423043 -0.000923692 0.999104 114.618 
0.999111 0.010431 0.0408385 -2.81423 -0.0104492 0.999945 0.000232179 -1.69725 -0.0408338 -0.000658659 0.999166 115.754 
0.999242 0.0111011 0.0373226 -2.85433 -0.0110845 0.999938 -0.00064908 -1.72154 -0.0373276 0.000234925 0.999303 117.044 
0.999325 0.0131502 0.0343078 -2.85131 -0.0131223 0.999913 -0.00103688 -1.72921 -0.0343185 0.000586018 0.999411 118.282 
0.999368 0.0124117 0.033325 -2.862 -0.0124297 0.999923 0.000333898 -1.77998 -0.0333183 -0.000747864 0.999445 119.515 
0.999321 0.0141781 0.0340011 -2.88988 -0.0141744 0.9999 -0.000347252 -1.79737 -0.0340027 -0.000134889 0.999422 120.726 
0.999296 0.0155932 0.0341332 -2.87039 -0.0156069 0.999878 0.000138072 -1.82614 -0.034127 -0.000670648 0.999417 121.959 
0.999222 0.0185612 0.0348011 -2.89546 -0.0185911 0.999827 0.00053827 -1.82904 -0.0347851 -0.0011848 0.999394 123.184 
0.999241 0.0171239 0.0349954 -2.91385 -0.0171876 0.999851 0.00152175 -1.86301 -0.0349642 -0.00212204 0.999386 124.351 
0.999093 0.0209904 0.0370389 -3.02109 -0.0211464 0.999769 0.00382441 -1.89987 -0.0369501 -0.00460414 0.999307 125.491 
0.999101 0.0211593 0.0367327 -3.02394 -0.0213704 0.999757 0.00536568 -1.87626 -0.0366102 -0.0061458 0.999311 126.811 
0.999154 0.0195106 0.0362161 -2.98995 -0.0196958 0.999795 0.00476444 -1.87413 -0.0361158 -0.00547367 0.999333 128.035 
0.999123 0.0208696 0.0363054 -2.97299 -0.0209683 0.999777 0.00234157 -1.86341 -0.0362485 -0.00310074 0.999338 129.339 
0.999207 0.0175485 0.0357299 -2.95941 -0.0177109 0.999834 0.0042358 -1.8829 -0.0356497 -0.00486521 0.999353 130.56 
0.999282 0.0162026 0.0342613 -2.94898 -0.0164334 0.999844 0.00646947 -1.89384 -0.0341512 -0.00702781 0.999392 131.844 
0.99936 0.0113107 0.0339379 -2.87734 -0.0115704 0.999905 0.00746826 -1.89627 -0.0338502 -0.00785611 0.999396 133.227 
0.999413 0.00890807 0.0330804 -2.83627 -0.00912646 0.999938 0.00645785 -1.88453 -0.0330208 -0.00675592 0.999432 134.474 
0.999479 0.00410921 0.0320256 -2.7873 -0.00428673 0.999976 0.00547753 -1.90712 -0.0320023 -0.00561192 0.999472 135.716 
0.999456 0.00279667 0.0328763 -2.77491 -0.00294117 0.999986 0.00434907 -1.91726 -0.0328637 -0.00444335 0.99945 136.99 
0.99951 0.000592975 0.0312942 -2.72974 -0.00073386 0.99999 0.00449202 -1.94622 -0.0312912 -0.00451275 0.9995 138.302 
0.999486 0.00174443 0.0320226 -2.7002 -0.00189818 0.999987 0.00477272 -1.94041 -0.0320139 -0.00483101 0.999476 139.624 
0.999501 0.000684498 0.0315765 -2.65425 -0.000885861 0.999979 0.00636481 -1.95496 -0.0315715 -0.00638957 0.999481 140.975 
0.999482 0.00153899 0.0321529 -2.65408 -0.00179076 0.999968 0.00780443 -1.96733 -0.0321399 -0.00785792 0.999453 142.193 
0.999449 0.00141034 0.0331695 -2.63768 -0.00161855 0.999979 0.00625246 -1.98761 -0.0331601 -0.00630266 0.99943 143.527 
0.999414 0.00130064 0.0341925 -2.63255 -0.0014417 0.999991 0.0041025 -2.00175 -0.0341869 -0.00414935 0.999407 144.803 
0.999398 0.000677312 0.0346948 -2.63249 -0.000763875 0.999997 0.00248305 -2.03327 -0.0346931 -0.00250801 0.999395 146.072 
0.99937 0.000794237 0.035485 -2.61754 -0.000744449 0.999999 -0.00141505 -2.05937 -0.0354861 0.00138778 0.999369 147.319 
0.999365 -0.000381107 0.0356268 -2.58358 0.00058413 0.999984 -0.00568714 -2.07843 -0.0356241 0.00570438 0.999349 148.634 
0.99929 -4.8123e-05 0.0376824 -2.57187 0.000283174 0.999981 -0.00623124 -2.10672 -0.0376814 0.00623752 0.99927 149.888 
0.99926 -0.00111183 0.0384393 -2.56934 0.00134913 0.99998 -0.00614697 -2.13474 -0.0384318 0.00619432 0.999242 151.194 
0.999195 0.000177692 0.0401125 -2.53792 6.95563e-05 0.999981 -0.00616129 -2.14548 -0.0401129 0.00615917 0.999176 152.506 
0.999223 0.00209242 0.0393485 -2.51931 -0.00192009 0.999988 -0.00441577 -2.18614 -0.0393574 0.00433682 0.999216 153.788 
0.999235 0.0027298 0.0390096 -2.49808 -0.00254433 0.999985 -0.00480242 -2.20408 -0.0390222 0.00469954 0.999227 155.043 
0.999259 0.00256331 0.038393 -2.48723 -0.0023871 0.999986 -0.00463383 -2.23879 -0.0384044 0.00453879 0.999252 156.251 
0.999237 0.00326136 0.0389245 -2.49561 -0.0030475 0.99998 -0.005551 -2.23047 -0.0389418 0.00542818 0.999227 157.51 
0.99925 0.00274311 0.038622 -2.46715 -0.00256334 0.999986 -0.0047022 -2.255 -0.0386344 0.00459971 0.999243 158.748 
0.999258 0.00392904 0.0383044 -2.45177 -0.00377788 0.999985 -0.00401677 -2.29855 -0.0383196 0.00386912 0.999258 160.158 
0.999312 0.00364816 0.0369211 -2.42136 -0.0035039 0.999986 -0.00397012 -2.33185 -0.0369351 0.00383806 0.99931 161.344 
0.999318 0.00581495 0.0364653 -2.41621 -0.00561238 0.999968 -0.00565391 -2.34377 -0.036497 0.00544543 0.999319 162.615 
0.999419 0.00396172 0.0338553 -2.34938 -0.00373198 0.99997 -0.00684513 -2.35754 -0.0338815 0.00671485 0.999403 163.843 
0.999429 0.00493175 0.0334283 -2.3444 -0.00467876 0.99996 -0.00764074 -2.39119 -0.0334647 0.00748001 0.999412 165.109 
0.99951 0.0015239 0.0312623 -2.30454 -0.00125704 0.999963 -0.00855246 -2.42813 -0.0312743 0.00850902 0.999475 166.399 
0.999551 0.00158345 0.0299138 -2.27739 -0.00128503 0.999949 -0.0099909 -2.43794 -0.0299282 0.00994802 0.999503 167.681 
0.999584 -0.000483942 0.0288215 -2.2692 0.000728619 0.999964 -0.008478 -2.47568 -0.0288164 0.00849551 0.999549 168.925 
0.999608 0.000159317 0.027987 -2.25856 9.15677e-05 0.99996 -0.00896128 -2.48729 -0.0279873 0.00896037 0.999568 170.22 
0.999567 0.00242302 0.0293195 -2.30008 -0.00218085 0.999963 -0.00828746 -2.5281 -0.0293386 0.00821997 0.999536 171.462 
0.999574 0.00238504 0.0291008 -2.30241 -0.0021382 0.999962 -0.00850871 -2.56265 -0.02912 0.0084429 0.99954 172.749 
0.999565 0.00260488 0.0293654 -2.29113 -0.00233979 0.999956 -0.00905677 -2.60655 -0.0293877 0.00898416 0.999528 174.001 
0.999574 0.00426694 0.028877 -2.29155 -0.00399331 0.999947 -0.0095254 -2.64566 -0.0289162 0.00940606 0.999538 175.26 
0.999588 0.00383276 0.0284424 -2.27572 -0.00355791 0.999947 -0.00970629 -2.66771 -0.0284781 0.00960114 0.999548 176.537 
0.999556 0.00451672 0.0294495 -2.28751 -0.00416664 0.99992 -0.0119365 -2.68641 -0.0295011 0.0118086 0.999495 177.842 
0.999584 0.00333757 0.0286514 -2.25584 -0.00294637 0.999902 -0.0136834 -2.72453 -0.0286943 0.0135933 0.999496 179.116 
0.999584 0.000276674 0.0288533 -2.24316 0.000109066 0.999911 -0.0133651 -2.76401 -0.0288545 0.0133627 0.999494 180.373 
0.999563 -0.000161658 0.0295487 -2.25025 0.000438366 0.999956 -0.00935676 -2.80984 -0.029546 0.00936566 0.99952 181.657 
0.999547 -0.00259671 0.0299697 -2.24894 0.00273802 0.999985 -0.0046736 -2.84315 -0.0299572 0.00475358 0.99954 182.914 
0.999539 -0.0010447 0.0303494 -2.24883 0.00121885 0.999983 -0.00571858 -2.87165 -0.0303429 0.00575298 0.999523 184.179 
0.999545 -0.00279617 0.0300487 -2.24277 0.00303179 0.999965 -0.00779693 -2.93261 -0.0300259 0.00788453 0.999518 185.411 
0.9996 -0.00149875 0.0282539 -2.22589 0.00179619 0.999943 -0.0105033 -2.96451 -0.0282366 0.0105499 0.999546 186.7 
0.999594 0.000536847 0.0284747 -2.19785 -0.000225232 0.99994 -0.0109441 -2.97411 -0.028479 0.0109333 0.999535 187.976 
0.999587 -0.00158653 0.0286968 -2.18084 0.00183348 0.999962 -0.00857989 -3.0395 -0.0286821 0.00862901 0.999551 189.271 
0.999579 -0.000218355 0.0290129 -2.1582 0.000439609 0.999971 -0.00761843 -3.04382 -0.0290104 0.00762802 0.99955 190.499 
0.999542 0.000480462 0.0302661 -2.16528 -0.00029867 0.999982 -0.00600928 -3.09441 -0.0302685 0.00599753 0.999524 191.72 
0.999475 0.00015804 0.0323854 -2.1603 6.9975e-05 0.999975 -0.00703808 -3.12274 -0.0323858 0.00703669 0.999451 192.963 
0.999465 0.00113597 0.0326828 -2.11143 -0.000866815 0.999966 -0.00824695 -3.16147 -0.032691 0.00821425 0.999432 194.193 
0.999458 -0.00256954 0.032835 -2.07596 0.00292255 0.999938 -0.0107061 -3.20442 -0.0328055 0.0107963 0.999403 195.467 
0.999389 -0.00342928 0.0347822 -2.09315 0.00380424 0.999935 -0.0107184 -3.2558 -0.0347433 0.0108442 0.999337 196.593 
0.999371 -0.00117281 0.035446 -2.05325 0.00156589 0.999938 -0.0110626 -3.25177 -0.0354309 0.0111112 0.99931 197.85 
0.999301 -0.00193776 0.0373417 -2.02378 0.0022475 0.999963 -0.00825343 -3.31191 -0.0373244 0.00833163 0.999269 199.083 
0.99927 -0.00262265 0.0381092 -2.01688 0.00292958 0.999964 -0.00799913 -3.35862 -0.0380869 0.00810497 0.999242 200.291 
0.999291 -0.00414157 0.0374139 -1.97229 0.00445487 0.999956 -0.00829329 -3.38546 -0.037378 0.00845413 0.999265 201.46 
0.999303 -0.00267115 0.0372401 -1.90779 0.00294085 0.99997 -0.00718823 -3.42934 -0.0372198 0.00729278 0.999281 202.708 
0.999282 -0.000477507 0.0378892 -1.89445 0.000732838 0.999977 -0.00672415 -3.47009 -0.0378851 0.00674713 0.999259 203.858 
0.999245 -0.000977122 0.0388301 -1.88243 0.00121675 0.99998 -0.006147 -3.52166 -0.0388234 0.00618965 0.999227 205.035 
0.999226 -0.00144238 0.0392991 -1.84999 0.00168373 0.99998 -0.00610791 -3.55104 -0.0392895 0.0061694 0.999209 206.189 
0.999165 -0.00296292 0.0407394 -1.85169 0.00323548 0.999973 -0.00662495 -3.57933 -0.0407187 0.00675127 0.999148 207.345 
0.999179 -0.00168691 0.0404874 -1.82327 0.00189747 0.999985 -0.00516168 -3.62068 -0.0404782 0.00523431 0.999167 208.47 
0.999172 -0.00329878 0.0405431 -1.79936 0.00348875 0.999983 -0.00461469 -3.64969 -0.0405272 0.00475236 0.999167 209.587 
0.999179 -0.00260084 0.0404217 -1.78733 0.00279547 0.999985 -0.00475824 -3.67799 -0.0404088 0.00486737 0.999171 210.71 
0.9992 -0.00172154 0.0399571 -1.76057 0.00197517 0.999978 -0.00630777 -3.69567 -0.0399454 0.00638168 0.999182 211.785 
0.999191 -0.00101823 0.0402097 -1.74898 0.00130544 0.999974 -0.00711612 -3.72634 -0.0402015 0.00716289 0.999166 212.883 
0.999226 0.000830203 0.0393334 -1.73647 -0.00055398 0.999975 -0.00703189 -3.76172 -0.0393383 0.0070047 0.999201 213.95 
0.999305 0.000656237 0.0372799 -1.70367 -0.000385164 0.999973 -0.00727685 -3.79371 -0.0372837 0.00725748 0.999278 214.989 
0.999349 0.00143273 0.036052 -1.7125 -0.00120142 0.999979 -0.00643581 -3.8151 -0.0360605 0.00638835 0.999329 215.97 
0.999455 -0.00130969 0.0329914 -1.6838 0.0014792 0.999986 -0.00511296 -3.85087 -0.0329843 0.00515901 0.999443 216.998 
0.999556 -0.000646257 0.0297758 -1.65918 0.000762138 0.999992 -0.00387914 -3.86158 -0.0297731 0.00390016 0.999549 218.023 
0.999614 -0.00102561 0.0277476 -1.64256 0.00110195 0.999996 -0.00273427 -3.92356 -0.0277447 0.00276384 0.999611 219.036 
0.999673 -0.000147426 0.0255658 -1.64131 0.000230529 0.999995 -0.00324596 -3.95665 -0.0255653 0.00325083 0.999668 220.059 
0.999762 -0.00178497 0.0217659 -1.61931 0.00186936 0.999991 -0.00385508 -3.96525 -0.0217589 0.00389489 0.999756 221.044 
0.999829 -0.00139079 0.0184192 -1.59985 0.00144924 0.999994 -0.00315791 -3.99654 -0.0184148 0.00318411 0.999825 222.012 
0.999899 -0.000354791 0.0142433 -1.5955 0.000419764 0.99999 -0.00455589 -4.00504 -0.0142415 0.00456145 0.999888 222.926 
0.999953 -0.00132366 0.00965998 -1.57844 0.0013643 0.99999 -0.0041971 -4.03779 -0.00965437 0.00421012 0.999945 223.839 
0.999975 -6.03188e-05 0.0071195 -1.61005 9.0593e-05 0.999991 -0.00424606 -4.07156 -0.00711922 0.00424664 0.999966 224.686 
0.999997 -0.000120311 0.0025594 -1.60321 0.000133716 0.999986 -0.00522134 -4.08968 -0.00255878 0.0052217 0.999983 225.558 
1 0.000101816 -0.000241782 -1.61397 -0.00010329 0.99998 -0.00628104 -4.11248 0.000241096 0.0062811 0.99998 226.411 
0.999992 0.00348836 -0.001839 -1.64876 -0.00349856 0.999978 -0.00559854 -4.13425 0.00181939 0.00560498 0.999983 227.228 
0.999984 0.00533705 -0.00179001 -1.67554 -0.00535027 0.999958 -0.00748736 -4.13556 0.00174993 0.00749686 0.99997 228.036 
0.999975 0.0066506 -0.0023526 -1.68734 -0.00666535 0.999958 -0.00633961 -4.15877 0.0023103 0.00635517 0.999977 228.802 
0.99997 0.00761898 -0.00125597 -1.71135 -0.00762662 0.999952 -0.00622396 -4.17229 0.00120845 0.00623339 0.99998 229.551 
0.999973 0.00722613 -0.00163857 -1.71902 -0.00723774 0.999948 -0.00722155 -4.19354 0.00158625 0.00723326 0.999973 230.278 
0.999956 0.00895148 -0.00283088 -1.70458 -0.00897545 0.999923 -0.00858616 -4.21268 0.00275376 0.00861124 0.999959 231.058 
0.999966 0.00807881 -0.00146782 -1.73967 -0.00809244 0.999922 -0.00956213 -4.25381 0.00139041 0.00957373 0.999953 231.746 
0.999969 0.00782489 -5.76399e-05 -1.75556 -0.00782501 0.999909 -0.0109869 -4.27957 -2.83792e-05 0.0109871 0.99994 232.514 
0.999966 0.00814867 0.00101805 -1.76681 -0.00813638 0.999901 -0.0114991 -4.30459 -0.00111169 0.0114905 0.999933 233.218 
0.999971 0.0070182 0.00301573 -1.76914 -0.00698572 0.999919 -0.0106378 -4.3496 -0.00309019 0.0106164 0.999939 234.003 
0.999966 0.00688025 0.00455453 -1.77052 -0.00682964 0.999916 -0.0110269 -4.37414 -0.00463006 0.0109954 0.999929 234.744 
0.999948 0.00701517 0.00734465 -1.79879 -0.00693804 0.999921 -0.0104699 -4.41475 -0.00741757 0.0104184 0.999918 235.447 
0.999931 0.00668154 0.00970546 -1.79857 -0.00657218 0.999915 -0.0112521 -4.4288 -0.00977986 0.0111876 0.99989 236.154 
0.999904 0.00667729 0.0121045 -1.79097 -0.00655226 0.999925 -0.0103361 -4.45405 -0.0121727 0.0102559 0.999873 236.856 
0.999863 0.00544436 0.0156075 -1.79678 -0.00529481 0.99994 -0.00960482 -4.47221 -0.0156589 0.00952091 0.999832 237.594 
0.999823 0.004073 0.0183688 -1.80354 -0.00389382 0.999945 -0.00977769 -4.48398 -0.0184076 0.00970448 0.999784 238.262 
0.999765 0.00328657 0.0214268 -1.80101 -0.0030765 0.999947 -0.00982778 -4.51297 -0.021458 0.00975959 0.999722 238.951 
0.999709 0.00359383 0.0238449 -1.78005 -0.00332659 0.999931 -0.0112359 -4.51881 -0.0238836 0.0111533 0.999653 239.658 
0.999642 0.00371442 0.0265072 -1.77302 -0.00342947 0.999936 -0.0107857 -4.5384 -0.0265456 0.010691 0.99959 240.352 
0.999527 0.00476989 0.0303822 -1.77731 -0.00440417 0.999917 -0.0120914 -4.55935 -0.0304374 0.0119519 0.999465 241.033 
0.999394 0.00291247 0.0346865 -1.7867 -0.00255466 0.999943 -0.010354 -4.60326 -0.0347147 0.0102592 0.999345 241.732 
0.999292 0.00428146 0.0373746 -1.7738 -0.00390093 0.99994 -0.0102473 -4.61417 -0.0374163 0.0100943 0.999249 242.442 
0.999206 0.00377905 0.0396603 -1.75247 -0.00338775 0.999945 -0.00992781 -4.63382 -0.0396957 0.00978561 0.999164 243.143 
0.999051 0.00499672 0.043268 -1.75475 -0.00449156 0.999921 -0.0117635 -4.63988 -0.0433234 0.0115581 0.998994 243.824 
0.998946 0.00534568 0.0455809 -1.73147 -0.00479179 0.999914 -0.0122516 -4.66742 -0.0456425 0.0120203 0.998886 244.539 
0.998893 0.00484764 0.0467953 -1.71853 -0.00423289 0.999904 -0.0132264 -4.69503 -0.0468549 0.0130137 0.998817 245.233 
0.998934 -0.00362698 0.0460294 -1.6633 0.00433517 0.999874 -0.0152941 -4.72581 -0.0459681 0.0154774 0.998823 245.986 
0.99891 -0.00134951 0.0466667 -1.64705 0.00208715 0.999874 -0.0157605 -4.74836 -0.0466396 0.0158408 0.998786 246.697 
0.998909 0.00087326 0.0466876 -1.62463 -5.10915e-05 0.999845 -0.0176074 -4.75941 -0.0466958 0.0175858 0.998754 247.418 
0.998946 0.00438753 0.0456928 -1.59273 -0.00358341 0.999838 -0.0176645 -4.80546 -0.045763 0.0174821 0.998799 248.106 
0.998922 0.0032476 0.0463051 -1.60522 -0.00249628 0.999865 -0.016273 -4.85777 -0.0463517 0.01614 0.998795 248.813 
0.999077 0.00363031 0.0428009 -1.5757 -0.00291835 0.999857 -0.0166839 -4.87914 -0.0428554 0.0165437 0.998944 249.817 
0.999032 -0.00133769 0.0439702 -1.61478 0.00217162 0.999819 -0.0189224 -4.88451 -0.043937 0.0189997 0.998854 250.649 
0.998943 -0.00260456 0.0459008 -1.60654 0.00354012 0.999787 -0.0203118 -4.91832 -0.0458382 0.0204528 0.99874 251.326 
0.998894 -0.00252584 0.0469461 -1.59587 0.00325802 0.999874 -0.0155252 -4.9511 -0.046901 0.0156611 0.998777 252.061 
0.998873 0.0006595 0.0474659 -1.58075 -0.000225685 0.999958 -0.00914336 -4.97307 -0.04747 0.00912238 0.998831 252.778 
0.99889 -0.00206385 0.0470505 -1.54556 0.0023771 0.999975 -0.00660194 -4.98318 -0.0470358 0.0067065 0.998871 253.624 
0.998794 -0.00669138 0.0486386 -1.5205 0.00718627 0.999924 -0.0100062 -4.98758 -0.048568 0.0103437 0.998766 254.418 
0.998556 -0.00519364 0.0534735 -1.5033 0.00604889 0.999856 -0.0158436 -5.01056 -0.0533835 0.0161442 0.998444 255.192 
0.998424 -0.00240077 0.0560748 -1.46501 0.00348593 0.999808 -0.0192615 -5.03222 -0.0560179 0.0194267 0.998241 255.964 
0.998174 -0.00126952 0.0603958 -1.44993 0.00240715 0.999821 -0.0187666 -5.06357 -0.0603612 0.0188777 0.997998 256.781 
0.997925 -0.00324206 0.0643112 -1.42459 0.00427376 0.999864 -0.0159106 -5.10485 -0.0642509 0.0161525 0.997803 257.598 
0.9974 -0.00741837 0.0716788 -1.46565 0.00825889 0.999901 -0.0114362 -5.14633 -0.0715869 0.0119985 0.997362 258.369 
0.997234 -0.0118833 0.073374 -1.40044 0.0126588 0.999869 -0.0101135 -5.17083 -0.0732443 0.0110144 0.997253 259.206 
0.997113 -0.00581631 0.0757087 -1.30119 0.00663949 0.999922 -0.0106251 -5.15697 -0.075641 0.0110972 0.997073 260.143 
0.996818 -0.00355773 0.0796384 -1.27492 0.00464564 0.999898 -0.0134789 -5.17665 -0.0795824 0.013806 0.996733 260.964 
0.996562 -0.0048864 0.0827047 -1.25154 0.00620748 0.999857 -0.0157234 -5.20417 -0.0826161 0.0161827 0.99645 261.788 
0.996371 -0.00469342 0.0849897 -1.18969 0.00605331 0.999858 -0.0157495 -5.23228 -0.0849037 0.0162069 0.996257 262.621 
0.99614 -0.00331283 0.0877187 -1.12634 0.00456357 0.999891 -0.0140613 -5.2409 -0.0876626 0.0144074 0.996046 263.467 
0.995642 -0.00356538 0.0931929 -1.11739 0.00474803 0.999911 -0.0124712 -5.27401 -0.0931402 0.0128594 0.99557 264.331 
0.995388 -0.0025066 0.0958998 -1.04373 0.00372458 0.999915 -0.0125231 -5.30598 -0.0958602 0.0128226 0.995312 265.189 
0.994918 -0.00399694 0.100606 -1.02839 0.00530974 0.999904 -0.012784 -5.33285 -0.100545 0.0132533 0.994844 265.975 
0.994565 -0.00489371 0.104001 -0.956704 0.00625136 0.999899 -0.0127319 -5.36057 -0.103928 0.0133129 0.994496 266.809 
0.994251 -0.00681696 0.106859 -0.889354 0.00829252 0.999876 -0.0133699 -5.36125 -0.106754 0.0141792 0.994184 267.635 
0.994022 -0.00796049 0.108889 -0.841052 0.00945621 0.999868 -0.0132263 -5.39122 -0.10877 0.014177 0.993966 268.464 
0.993947 -0.0100019 0.109407 -0.756007 0.0114946 0.999849 -0.0130208 -5.41493 -0.10926 0.0141996 0.993912 269.317 
0.993791 -0.00898077 0.110905 -0.69305 0.0104541 0.999865 -0.0127094 -5.44236 -0.110776 0.01379 0.99375 270.148 
0.993879 -0.00849329 0.110146 -0.599404 0.00998158 0.999866 -0.0129673 -5.45238 -0.110021 0.0139874 0.993831 271.006 
0.993988 -0.00736796 0.109241 -0.512998 0.00884886 0.999875 -0.0130773 -5.46393 -0.109132 0.0139654 0.993929 271.84 
0.994138 -0.00619235 0.107943 -0.433552 0.0076793 0.999881 -0.0133647 -5.49729 -0.107847 0.0141153 0.994067 272.715 
0.994248 -0.00634924 0.106915 -0.365752 0.00803614 0.99985 -0.015354 -5.51201 -0.106802 0.0161249 0.99415 273.571 
0.994549 -0.00558572 0.104118 -0.275349 0.00734788 0.999836 -0.0165484 -5.53098 -0.104008 0.0172233 0.994427 274.444 
0.994832 -0.0073834 0.101271 -0.178534 0.0091885 0.999807 -0.0173692 -5.549 -0.101123 0.01821 0.994707 275.305 
0.994937 -0.00672953 0.100279 -0.123682 0.00851215 0.999813 -0.0173588 -5.58253 -0.100144 0.0181246 0.994808 276.158 
0.995062 -0.00688063 0.0990137 -0.0872677 0.00850516 0.999836 -0.0159939 -5.62755 -0.0988874 0.0167571 0.994958 276.99 
0.995378 -0.00460343 0.0959267 -0.0175706 0.00618387 0.99985 -0.0161842 -5.63787 -0.0958379 0.0167026 0.995257 277.817 
0.995795 -0.00668693 0.0913667 0.0454646 0.00797085 0.999875 -0.0136943 -5.66568 -0.0912637 0.014365 0.995723 278.677 
0.996151 -0.00813904 0.0872783 0.0831215 0.00919941 0.999889 -0.0117535 -5.6891 -0.0871729 0.0125112 0.996115 279.516 
0.996511 -0.00923444 0.0829465 0.123648 0.0101352 0.999894 -0.010445 -5.7123 -0.0828414 0.0112493 0.996499 280.34 
0.996848 -0.00788626 0.0789457 0.16788 0.0086184 0.999923 -0.00893701 -5.73746 -0.0788691 0.00958927 0.996839 281.177 
0.997252 -0.00704223 0.0737517 0.23554 0.00771428 0.999931 -0.00883086 -5.75783 -0.0736845 0.00937557 0.997238 282.008 
0.997584 -0.00824904 0.0689796 0.276352 0.00888635 0.999921 -0.0089367 -5.77828 -0.0689005 0.00952813 0.997578 282.795 
0.997819 -0.0083103 0.0654806 0.311182 0.0089207 0.999919 -0.00903425 -5.81066 -0.0654003 0.00959872 0.997813 283.615 
0.998081 -0.0086258 0.0613212 0.341005 0.00918512 0.999919 -0.00884439 -5.84555 -0.06124 0.0093907 0.998079 284.4 
0.998252 -0.00791794 0.058563 0.335187 0.00848765 0.999919 -0.00948504 -5.84925 -0.0584832 0.00996557 0.998239 285.114 
0.99847 -0.00898422 0.054566 0.365174 0.00948838 0.999915 -0.00898672 -5.88136 -0.0544806 0.00949075 0.99847 285.803 
0.998675 -0.00847349 0.0507574 0.382328 0.00901127 0.999906 -0.0103749 -5.90272 -0.0506647 0.0108185 0.998657 286.539 
0.998847 -0.0083932 0.0472601 0.370622 0.00894402 0.999894 -0.0114548 -5.93288 -0.047159 0.0118643 0.998817 287.214 
0.999132 -0.00567766 0.0412633 0.360653 0.00626477 0.999881 -0.0141118 -5.94993 -0.0411783 0.0143581 0.999049 287.919 
0.999471 -0.00492277 0.0321529 0.38671 0.00541253 0.99987 -0.0151618 -5.97238 -0.0320742 0.0153278 0.999368 288.586 
0.999731 -0.00316884 0.0229664 0.339502 0.00352101 0.999877 -0.0153081 -6.01399 -0.0229151 0.0153849 0.999619 289.222 
0.999955 -0.00315971 0.00890754 0.350869 0.00329755 0.999875 -0.0154981 -6.03176 -0.00885749 0.0155268 0.99984 289.877 
0.999971 -0.00234749 -0.0073101 0.289058 0.00224037 0.99989 -0.0146331 -6.06033 0.00734361 0.0146163 0.999866 290.498 
0.999644 -0.000311079 -0.026684 0.231142 -6.55134e-05 0.9999 -0.0141126 -6.08195 0.0266857 0.0141094 0.999544 291.062 
0.998763 0.000728441 -0.049715 0.189315 -0.00138131 0.999913 -0.0131 -6.13299 0.0497011 0.0131525 0.998678 291.675 
0.997234 0.00238249 -0.074288 0.102495 -0.00340948 0.9999 -0.0137012 -6.14144 0.0742479 0.0139167 0.997143 292.288 
0.994696 0.00411636 -0.102774 0.0116085 -0.00553219 0.999894 -0.0134954 -6.15671 0.102707 0.0139924 0.994613 292.878 
0.990982 0.00491352 -0.133902 -0.0985883 -0.00674854 0.999889 -0.0132541 -6.16138 0.133822 0.0140383 0.990906 293.443 
0.985911 0.00436502 -0.167213 -0.246957 -0.00642287 0.99991 -0.0117681 -6.16912 0.167147 0.0126764 0.985851 293.965 
0.979025 0.00393787 -0.203704 -0.379662 -0.00612454 0.99993 -0.0101054 -6.18817 0.20365 0.0111411 0.97898 294.499 
0.970254 0.00559041 -0.242024 -0.531818 -0.00758753 0.999944 -0.00732065 -6.19869 0.24197 0.0089393 0.970243 295.017 
0.959843 0.00541276 -0.280486 -0.741338 -0.00733897 0.999956 -0.00581766 -6.18348 0.280442 0.00764256 0.959841 295.559 
0.946876 0.00689326 -0.321524 -0.941715 -0.00842564 0.999959 -0.00337486 -6.20505 0.321488 0.00590467 0.946895 296.07 
0.931238 0.00710598 -0.364342 -1.11567 -0.00847349 0.999962 -0.00215503 -6.20057 0.364312 0.00509414 0.931263 296.558 
0.914224 0.00619852 -0.405161 -1.48103 -0.00713103 0.999974 -0.000792355 -6.19933 0.405146 0.00361366 0.914245 297.022 
0.894716 0.005314 -0.446605 -1.77516 -0.00604016 0.999982 -0.000202309 -6.1949 0.446595 0.00287862 0.894731 297.365 
0.870826 0.00439452 -0.491573 -2.06157 -0.00374753 0.99999 0.00230078 -6.22628 0.491578 -0.000161345 0.870834 297.811 
0.844225 0.00469895 -0.535968 -2.3712 -0.00310039 0.999988 0.00388352 -6.23903 0.53598 -0.0016168 0.844229 298.23 
0.813607 0.00633943 -0.58138 -2.67577 -0.00452781 0.999979 0.00456743 -6.24669 0.581397 -0.00108366 0.813619 298.647 
0.780074 0.0040516 -0.625675 -3.00677 -0.00143265 0.999988 0.00468928 -6.23064 0.625686 -0.00276156 0.78007 299.03 
0.744281 0.0023055 -0.667862 -3.36686 0.00186914 0.999983 0.00553498 -6.21575 0.667864 -0.00536786 0.744264 299.32 
0.704769 0.00157948 -0.709435 -3.74851 0.00741325 0.999927 0.0095907 -6.22026 0.709398 -0.0120184 0.704706 299.54 
0.659966 0.00198685 -0.751293 -4.16238 0.0119203 0.999843 0.0131154 -6.24035 0.751201 -0.0176113 0.659839 299.794 
0.612385 0.00598482 -0.790537 -4.56066 0.0101008 0.999831 0.0153938 -6.24745 0.790495 -0.0174119 0.612221 299.995 
0.560754 0.0117869 -0.827899 -4.9492 0.00480668 0.999836 0.0174905 -6.22652 0.827969 -0.0137872 0.560605 300.203 
0.506328 0.0150951 -0.862209 -5.34506 0.00262597 0.999815 0.0190463 -6.21459 0.862337 -0.0119078 0.506195 300.397 
0.449219 0.0165001 -0.89327 -5.73645 0.00241725 0.999803 0.0196835 -6.18749 0.893419 -0.0110014 0.44909 300.576 
0.390783 0.0182772 -0.920301 -6.12737 0.00414071 0.999758 0.0216135 -6.1942 0.920473 -0.0122568 0.390613 300.729 
0.331779 0.0203646 -0.943137 -6.50926 0.00577696 0.999704 0.0236183 -6.16692 0.94334 -0.0132845 0.331563 300.846 
0.271061 0.0254045 -0.962227 -6.91482 0.00710392 0.999572 0.0283916 -6.19237 0.962536 -0.0145314 0.270765 300.951 
0.207862 0.0277425 -0.977765 -7.34852 0.00921383 0.999498 0.0303179 -6.16965 0.978115 -0.0153108 0.207502 301.013 
0.142558 0.0320997 -0.989266 -7.78532 0.00895581 0.999391 0.0337188 -6.16933 0.989746 -0.0136665 0.142184 301.05 
0.0759227 0.0376496 -0.996403 -8.24176 0.0102934 0.999204 0.0385398 -6.14835 0.997061 -0.0131824 0.0754747 301.06 
0.00881081 0.0439698 -0.998994 -8.72294 0.0122315 0.998953 0.0440759 -6.12973 0.999886 -0.0126075 0.00826377 301.01 
-0.0598722 0.0510721 -0.996899 -9.18868 0.0138778 0.998636 0.0503276 -6.11992 0.99811 -0.0108215 -0.0604994 300.955 
-0.127486 0.0571563 -0.990192 -9.67395 0.015955 0.998327 0.0555717 -6.09741 0.991712 -0.00871388 -0.128184 300.838 
-0.194427 0.0623526 -0.978933 -10.144 0.0187594 0.998032 0.0598433 -6.06932 0.980738 -0.00672903 -0.195214 300.703 
-0.260171 0.067357 -0.96321 -10.6296 0.0229454 0.997713 0.0635721 -6.05605 0.96529 -0.00556161 -0.261122 300.533 
-0.322049 0.0691926 -0.944191 -11.1061 0.0264177 0.997594 0.0640954 -6.02379 0.946355 -0.00430149 -0.323102 300.303 
-0.382241 0.0691863 -0.921469 -11.5745 0.029734 0.997598 0.0625681 -5.99055 0.923584 -0.00348282 -0.38338 300.064 
-0.439342 0.0688372 -0.895678 -12.0579 0.0318709 0.997626 0.0610394 -5.9467 0.897754 -0.00172885 -0.440493 299.784 
-0.49193 0.0692389 -0.867877 -12.5282 0.0337711 0.9976 0.060446 -5.91457 0.869979 0.000426076 -0.493088 299.466 
-0.539093 0.0692551 -0.839394 -12.9888 0.0358667 0.997597 0.0592728 -5.87576 0.841482 0.00184731 -0.540282 299.109 
-0.58136 0.0699912 -0.810631 -13.4827 0.037161 0.997538 0.0594784 -5.83915 0.812798 0.00445451 -0.582529 298.728 
-0.620344 0.0730266 -0.780923 -13.9794 0.0413448 0.997317 0.0604191 -5.79831 0.783239 0.00519352 -0.621699 298.316 
-0.657667 0.0805409 -0.748991 -14.4305 0.0498604 0.996742 0.0634013 -5.77295 0.751657 0.00435193 -0.65954 297.868 
-0.69482 0.0847904 -0.714168 -14.9057 0.054348 0.996377 0.0654203 -5.72641 0.717127 0.00664174 -0.696911 297.374 
-0.727969 0.0878815 -0.679954 -15.2982 0.0592562 0.996105 0.0653021 -5.69676 0.683045 0.00724638 -0.730341 296.866 
-0.760234 0.0859355 -0.643941 -15.8128 0.0599552 0.996263 0.0621709 -5.6815 0.646877 0.00865682 -0.762545 296.274 
-0.788459 0.0829249 -0.609471 -16.2067 0.0609292 0.996527 0.056765 -5.64374 0.612062 0.00762233 -0.790773 295.676 
-0.814294 0.077309 -0.575281 -16.5853 0.0592129 0.996984 0.0501652 -5.5991 0.577424 0.00678523 -0.816416 295.032 
-0.838557 0.0755766 -0.539546 -17.0189 0.0600569 0.997119 0.0463311 -5.57809 0.541493 0.00644788 -0.840681 294.339 
-0.859689 0.0755583 -0.505199 -17.3712 0.0607532 0.997104 0.0457456 -5.5612 0.507192 0.00863452 -0.86179 293.612 
-0.880058 0.0710949 -0.469514 -17.7451 0.056641 0.997386 0.0448585 -5.54658 0.471476 0.0128843 -0.881785 292.839 
-0.897608 0.0710142 -0.435036 -18.0253 0.058164 0.997389 0.0428018 -5.51797 0.436939 0.0131159 -0.899395 292.037 
-0.915275 0.0731449 -0.396133 -18.3657 0.0613599 0.997216 0.0423599 -5.48243 0.398128 0.0144643 -0.917216 291.2 
-0.930658 0.0747387 -0.358175 -18.6698 0.0645744 0.9971 0.0402744 -5.42772 0.360146 0.0143528 -0.932785 290.304 
-0.944291 0.0769771 -0.319984 -18.983 0.0670215 0.996866 0.0420276 -5.4053 0.322217 0.0182404 -0.94649 289.373 
-0.955546 0.0823967 -0.283095 -19.2315 0.073095 0.996385 0.0432833 -5.395 0.285638 0.0206663 -0.958115 288.448 
-0.965803 0.0828569 -0.245683 -19.4777 0.0744325 0.996281 0.0433961 -5.38706 0.248365 0.0236253 -0.968378 287.498 
-0.973841 0.081717 -0.212028 -19.6634 0.0753488 0.996435 0.0379567 -5.3368 0.214373 0.0209878 -0.976526 286.515 
-0.98034 0.0812879 -0.179792 -19.7881 0.0762514 0.996483 0.0347603 -5.31605 0.181986 0.0203676 -0.98309 285.509 
-0.985654 0.0794941 -0.148889 -19.9182 0.0754642 0.996618 0.0325323 -5.27821 0.150972 0.0208298 -0.988319 284.457 
-0.989953 0.0783397 -0.117709 -20.0388 0.0751437 0.99668 0.0313555 -5.24944 0.119774 0.0221954 -0.992553 283.412 
-0.992914 0.0774124 -0.0901578 -20.0914 0.0750213 0.996742 0.0296195 -5.22669 0.0921571 0.0226458 -0.995487 282.339 
