1 2.12261e-08 -2.11895e-08 0 2.12261e-08 1 2.10703e-08 0 -2.11895e-08 2.10703e-08 1 0 
0.999983 0.000130938 -0.0057694 -0.0188385 -0.000128455 1 0.000423406 -0.00378531 0.00576941 -0.000422615 0.999983 0.096269 
0.999909 0.000367602 -0.0135112 -0.015755 -0.000356884 1 0.000792559 -0.0087685 0.0135114 -0.000787622 0.999908 0.191924 
0.999781 0.00108802 -0.0209163 -0.033115 -0.00108574 0.999999 0.000118751 -0.0136952 0.0209163 -9.59724e-05 0.999781 0.307055 
0.999542 0.00139039 -0.0302302 -0.0521987 -0.00143822 0.999998 -0.00156191 -0.00932532 0.0302279 0.00160471 0.999542 0.409016 
0.999195 0.00152858 -0.0401008 -0.0925246 -0.00164344 0.999995 -0.00283248 -0.00931418 0.0400962 0.00289614 0.999192 0.532954 
0.998499 0.00133133 -0.0547501 -0.105258 -0.00155373 0.999991 -0.00402048 -0.00755203 0.0547442 0.00409955 0.998492 0.666253 
0.997463 0.00175217 -0.071165 -0.13327 -0.00205989 0.999989 -0.00425147 -0.00778494 0.0711567 0.00438732 0.997456 0.804154 
0.995929 -1.73927e-05 -0.090144 -0.16376 -0.000318101 0.999993 -0.00370784 -0.0173433 0.0901434 0.00372146 0.995922 0.956266 
0.993996 -0.000451417 -0.109414 -0.210587 8.65401e-05 0.999994 -0.00333992 -0.0227066 0.109415 0.00331045 0.993991 1.12324 
0.991355 -0.000340861 -0.131207 -0.26714 -0.0001651 0.999993 -0.00384561 -0.0210591 0.131207 0.00383407 0.991348 1.29596 
0.987911 0.00280287 -0.154994 -0.33265 -0.00372077 0.999977 -0.00563265 -0.0230613 0.154975 0.00614131 0.987899 1.4725 
0.983394 0.00688126 -0.181354 -0.386907 -0.0080746 0.99995 -0.00584288 -0.0401275 0.181305 0.00721026 0.983401 1.65043 
0.977914 0.00971124 -0.208783 -0.458232 -0.0115735 0.999903 -0.00769997 -0.03453 0.208688 0.0099463 0.977932 1.83845 
0.97118 0.0110399 -0.238093 -0.540634 -0.0132793 0.999881 -0.00780377 -0.0365792 0.237979 0.0107406 0.971211 2.03175 
0.963327 0.0127111 -0.26803 -0.644956 -0.0152018 0.999858 -0.00721928 -0.0412456 0.2679 0.0110291 0.963384 2.24153 
0.953805 0.0137692 -0.300111 -0.747582 -0.0163478 0.999848 -0.00608313 -0.0460882 0.299981 0.0107083 0.953885 2.43688 
0.942298 0.0148326 -0.334446 -0.844073 -0.0177372 0.999827 -0.00563241 -0.034588 0.334304 0.0112396 0.942398 2.64006 
0.929102 0.0169801 -0.369433 -0.943106 -0.0202598 0.999782 -0.00499966 -0.0465989 0.369268 0.0121299 0.929244 2.85563 
0.914841 0.0190548 -0.403365 -1.06012 -0.0228894 0.999727 -0.00468705 -0.0382989 0.403165 0.0135207 0.915027 3.03184 
0.898633 0.0192946 -0.438277 -1.20147 -0.0236486 0.99971 -0.00447776 -0.0347134 0.438064 0.0143886 0.898829 3.24936 
0.879777 0.015474 -0.475134 -1.34257 -0.0200717 0.999788 -0.004605 -0.0414567 0.474962 0.0135882 0.879901 3.45498 
0.858034 0.0102085 -0.513491 -1.48842 -0.0148955 0.999877 -0.0050121 -0.0426798 0.513376 0.0119493 0.858081 3.64539 
0.83213 0.0111281 -0.554469 -1.66257 -0.0151081 0.999883 -0.00260644 -0.0410393 0.554375 0.0105459 0.8322 3.86768 
0.80263 0.0166653 -0.596245 -1.86012 -0.0203737 0.999792 0.000518713 -0.0367031 0.596129 0.0117314 0.802803 4.04519 
0.768822 0.0186382 -0.639191 -2.05498 -0.0224014 0.999747 0.00220713 -0.0357043 0.63907 0.0126219 0.769045 4.22674 
0.731983 0.0178267 -0.68109 -2.26304 -0.0221325 0.999752 0.00238103 -0.032489 0.680964 0.0133314 0.732196 4.39849 
0.691327 0.0140375 -0.722406 -2.49162 -0.0160377 0.999863 0.00408128 -0.0385857 0.722364 0.00876426 0.691457 4.57753 
0.647052 0.0105667 -0.762373 -2.73532 -0.0111506 0.999928 0.00439538 -0.0275095 0.762364 0.00565688 0.647124 4.74822 
0.602049 0.00970118 -0.7984 -3.01434 -0.00879073 0.999946 0.00552127 -0.0213128 0.798411 0.0036945 0.602102 4.89928 
0.553638 0.010394 -0.832693 -3.29658 -0.00620182 0.999946 0.00835824 -0.0259855 0.832734 0.000536815 0.553672 5.02745 
0.502831 0.0114241 -0.864309 -3.55196 -0.00515309 0.999935 0.0102188 -0.025599 0.864369 -0.000684411 0.502857 5.12599 
0.450187 0.0127549 -0.892843 -3.87965 -0.00463498 0.999918 0.0119475 -0.0225654 0.892923 -0.00124024 0.450209 5.22495 
0.395551 0.0152504 -0.918317 -4.1763 -0.00453883 0.999882 0.0146499 -0.0221188 0.918433 -0.00162665 0.395574 5.30649 
0.339969 0.0171708 -0.94028 -4.54193 -0.00519649 0.999852 0.0163799 -0.0144963 0.940422 -0.000682439 0.340008 5.38949 
0.28456 0.0198513 -0.958453 -4.93069 -0.00356716 0.999801 0.0196486 -0.00786337 0.958652 -0.00217219 0.284574 5.4519 
0.230422 0.0215051 -0.972853 -5.32973 0.00152306 0.999747 0.0224603 -0.0137781 0.97309 -0.00665701 0.230331 5.50892 
0.179884 0.0220248 -0.983441 -5.73664 0.00317198 0.999731 0.0229698 -0.0116797 0.983683 -0.00725131 0.179766 5.53221 
0.132723 0.02238 -0.990901 -6.16882 0.0015009 0.999739 0.0227807 0.000187985 0.991152 -0.00451071 0.132655 5.53851 
0.0903859 0.0221917 -0.99566 -6.59395 -0.00271223 0.999754 0.0220368 0.0132571 0.995903 0.000708687 0.0904238 5.52924 
0.0520883 0.0208591 -0.998425 -7.04154 -0.00398959 0.999778 0.0206792 0.0192612 0.998635 0.0029062 0.0521599 5.51997 
0.0183079 0.0168402 -0.999691 -7.53735 -0.00321987 0.999854 0.016784 0.0474135 0.999827 0.00291164 0.0183595 5.49237 
-0.0132581 0.0145479 -0.999806 -8.0159 -0.00187655 0.999892 0.014574 0.0367402 0.99991 0.00206946 -0.0132293 5.45676 
-0.041018 0.0129472 -0.999075 -8.50116 -0.00193666 0.999913 0.0130376 0.0334398 0.999157 0.00246969 -0.0409893 5.41187 
-0.0619581 0.0107396 -0.998021 -9.02646 -0.00140454 0.99994 0.0108474 0.0355971 0.998078 0.00207389 -0.0619393 5.36017 
-0.0772011 0.00976308 -0.996968 -9.56749 -0.00380816 0.999942 0.0100871 0.0489804 0.997008 0.00457539 -0.0771594 5.27256 
-0.0906758 0.00984275 -0.995832 -10.1029 0.00048024 0.999952 0.00983974 0.058782 0.99588 0.000414028 -0.0906761 5.21277 
-0.101121 0.0107857 -0.994816 -10.6327 -0.00298227 0.999933 0.0111443 0.0504644 0.99487 0.00409377 -0.101082 5.15594 
-0.107651 0.0120104 -0.994116 -11.1954 -0.00346135 0.999916 0.0124553 0.0529232 0.994183 0.00478185 -0.107601 5.07751 
-0.113081 0.0126969 -0.993505 -11.7825 -0.00253185 0.999911 0.0130669 0.0624338 0.993583 0.00399306 -0.113039 5.00884 
-0.114309 0.0135964 -0.993352 -12.3801 -0.00220998 0.9999 0.0139403 0.0615312 0.993443 0.00378884 -0.114268 4.93116 
-0.113592 0.0163137 -0.993394 -13.0049 0.000161437 0.999866 0.0164015 0.0581288 0.993528 0.00170275 -0.113579 4.86029 
-0.111893 0.0184444 -0.993549 -13.6507 -0.000383179 0.999827 0.0186041 0.0609174 0.99372 0.00246242 -0.111867 4.7684 
-0.110706 0.0185118 -0.993681 -14.3047 -0.00203917 0.99982 0.0188534 0.0632485 0.993851 0.00411351 -0.110649 4.69097 
-0.109163 0.0154982 -0.993903 -14.9636 -0.00379395 0.999865 0.0160079 0.0679607 0.994017 0.00551832 -0.109089 4.60093 
-0.1071 0.0154045 -0.994129 -15.6582 -0.00296942 0.999871 0.0158134 0.0761115 0.994244 0.00464564 -0.10704 4.50587 
-0.105299 0.0168645 -0.994298 -16.3597 -0.00142014 0.999853 0.0171091 0.109179 0.99444 0.00321365 -0.105259 4.42104 
-0.104458 0.0204003 -0.99432 -17.0813 -0.00236159 0.999782 0.0207605 0.114556 0.994527 0.00451682 -0.104387 4.34407 
-0.102119 0.022807 -0.994511 -17.8202 -0.0038149 0.999721 0.0233182 0.108412 0.994765 0.00617523 -0.102003 4.24583 
-0.10017 0.0220177 -0.994727 -18.5943 -0.00590883 0.999724 0.0227233 0.128116 0.994953 0.00815391 -0.100012 4.13845 
-0.0973447 0.0178083 -0.995091 -19.3829 -0.00915592 0.999782 0.0187879 0.153985 0.995209 0.0109399 -0.0971604 4.02205 
-0.0955718 0.0171101 -0.995276 -20.1451 -0.00971966 0.999789 0.018121 0.160399 0.995375 0.0114056 -0.0953853 3.93463 
-0.0946084 0.0197699 -0.995318 -20.903 -0.00744142 0.999761 0.0205655 0.162151 0.995487 0.00935229 -0.0944387 3.8593 
-0.0936473 0.0212222 -0.995379 -21.7332 -0.00357936 0.999759 0.0216524 0.174282 0.995599 0.00559054 -0.0935488 3.77112 
-0.0922925 0.0231425 -0.995463 -22.5735 -0.0035827 0.999716 0.0235735 0.179438 0.995726 0.00574214 -0.0921833 3.66435 
-0.0927159 0.0189269 -0.995513 -23.3564 -0.00233126 0.999812 0.0192257 0.176809 0.99569 0.00410337 -0.0926544 3.59334 
-0.092587 0.0128411 -0.995622 -24.1296 -0.00044586 0.999916 0.012938 0.16187 0.995705 0.00164183 -0.0925736 3.5081 
-0.0915524 0.0088811 -0.995761 -24.9423 0.00151643 0.99996 0.00877914 0.14846 0.995799 -0.000706208 -0.0915622 3.39353 
-0.09215 0.00904271 -0.995704 -25.7563 0.00342141 0.999956 0.00876468 0.159638 0.995739 -0.00259901 -0.0921768 3.30183 
-0.091666 0.0156131 -0.995667 -26.5974 0.00332852 0.999876 0.0153726 0.169799 0.995784 -0.00190492 -0.0917067 3.20449 
-0.0917784 0.0229732 -0.995514 -27.437 0.00271965 0.999736 0.0228199 0.168857 0.995776 -0.000613036 -0.0918166 3.10527 
-0.092112 0.0278951 -0.995358 -28.2774 -0.000410894 0.999606 0.0280522 0.170425 0.995749 0.00299297 -0.0920643 3.00022 
-0.0928655 0.0279633 -0.995286 -29.1222 -0.00174862 0.999599 0.0282476 0.172938 0.995677 0.00436365 -0.0927794 2.90369 
-0.0923298 0.0248711 -0.995418 -29.9572 -0.00271201 0.999678 0.0252291 0.171338 0.995725 0.00502902 -0.0922327 2.80557 
-0.0932764 0.0227589 -0.99538 -30.7774 -0.00330748 0.999726 0.0231682 0.17517 0.995635 0.00545328 -0.0931756 2.72239 
-0.0929798 0.0229813 -0.995403 -31.6135 -0.00434366 0.999715 0.0234866 0.189686 0.995659 0.00650752 -0.0928535 2.62074 
-0.0919666 0.0244924 -0.995461 -32.4594 -0.00439453 0.999678 0.0250022 0.205141 0.995752 0.00667399 -0.0918293 2.50869 
-0.0918137 0.022147 -0.99553 -33.3077 -0.00399621 0.999736 0.0226091 0.219996 0.995768 0.00605421 -0.091701 2.41473 
-0.0917408 0.0172741 -0.995633 -34.1217 -0.00625676 0.99982 0.0179233 0.214233 0.995763 0.00787377 -0.0916162 2.31838 
-0.0918869 0.01362 -0.995676 -34.9779 -0.00796851 0.999864 0.0144127 0.197097 0.995738 0.00925843 -0.0917659 2.22555 
-0.0912267 0.0141099 -0.99573 -35.8002 -0.00731487 0.999863 0.0148387 0.201076 0.995803 0.00863736 -0.091111 2.12436 
-0.0912941 0.0173196 -0.995673 -36.6193 -0.00629152 0.999819 0.0179685 0.183083 0.995804 0.00790476 -0.0911686 2.04454 
-0.091288 0.0220138 -0.995581 -37.4504 -0.00557114 0.999729 0.0226164 0.187668 0.995809 0.00761116 -0.0911405 1.96643 
-0.0919651 0.0277572 -0.995375 -38.2328 -0.00534326 0.999583 0.0283682 0.187899 0.995748 0.00792747 -0.0917784 1.89708 
-0.0918272 0.0308015 -0.995299 -39.0689 -0.00576795 0.999488 0.0314633 0.202235 0.995758 0.00863006 -0.0916026 1.80237 
-0.0920722 0.0300043 -0.9953 -39.8897 -0.00567824 0.999514 0.0306566 0.221625 0.995736 0.00847421 -0.091857 1.72309 
-0.0919133 0.0256128 -0.995438 -40.7216 -0.00546732 0.999641 0.0262258 0.233382 0.995752 0.00785291 -0.0917403 1.63086 
-0.0920708 0.0213926 -0.995523 -41.5472 -0.00683364 0.999732 0.0221151 0.233292 0.995729 0.00883924 -0.0919 1.54239 
-0.092447 0.0189317 -0.995538 -42.3809 -0.0108282 0.999741 0.0200171 0.231757 0.995659 0.0126304 -0.0922181 1.44754 
-0.0932679 0.0172717 -0.995491 -43.2129 -0.0137686 0.999732 0.0186352 0.2298 0.995546 0.0154446 -0.0930051 1.35584 
-0.0944246 0.0148793 -0.995421 -44.026 -0.011541 0.999805 0.0160396 0.235414 0.995465 0.0130027 -0.0942344 1.26874 
-0.0957319 0.0113306 -0.995343 -44.8678 -0.0089025 0.999886 0.0122385 0.239278 0.995367 0.0100327 -0.0956201 1.18484 
-0.0954156 0.00990804 -0.995388 -45.6862 -0.00533618 0.999931 0.0104648 0.236755 0.995423 0.00631012 -0.0953562 1.07182 
-0.0979673 0.0135698 -0.995097 -46.4936 -0.0048686 0.999889 0.0141145 0.225145 0.995178 0.00622752 -0.0978903 0.987214 
-0.100508 0.0199295 -0.994737 -47.3121 -0.000992826 0.999797 0.0201312 0.223305 0.994936 0.00301098 -0.100468 0.904768 
-0.101129 0.0235874 -0.994594 -48.1299 0.00067095 0.99972 0.0236408 0.223715 0.994873 0.00172349 -0.101117 0.79211 
-0.102715 0.0224759 -0.994457 -48.9215 0.000350283 0.999745 0.0225593 0.226382 0.994711 0.00196888 -0.102697 0.693592 
-0.104145 0.0185123 -0.99439 -49.716 -0.00258262 0.999818 0.0188839 0.219405 0.994559 0.00453484 -0.104079 0.593949 
-0.104751 0.0142793 -0.994396 -50.5127 -0.00878541 0.999845 0.015283 0.217757 0.99446 0.0103371 -0.104609 0.481582 
-0.107406 0.0119354 -0.994144 -51.3162 -0.0117226 0.999843 0.0132703 0.223968 0.994146 0.0130793 -0.107249 0.39089 
-0.107797 0.0139478 -0.994075 -52.0972 -0.0132621 0.999792 0.0154661 0.211171 0.994084 0.0148508 -0.10759 0.284669 
-0.10958 0.0149026 -0.993866 -52.881 -0.012129 0.999793 0.0163288 0.217455 0.993904 0.0138439 -0.109376 0.19423 
-0.1104 0.014527 -0.993781 -53.6499 -0.0125148 0.999794 0.0160052 0.203789 0.993808 0.014204 -0.110196 0.0966992 
-0.111822 0.0141828 -0.993627 -54.4484 -0.0113864 0.999814 0.0155526 0.209444 0.993663 0.013053 -0.11164 -0.0135022 
-0.11341 0.0156221 -0.993426 -55.191 -0.00975618 0.999811 0.0168363 0.211322 0.9935 0.0116015 -0.113236 -0.0945472 
-0.113533 0.0182352 -0.993367 -55.9609 -0.0103804 0.999755 0.0195389 0.221364 0.99348 0.0125299 -0.113316 -0.201948 
-0.113304 0.022048 -0.993316 -56.7362 -0.00981502 0.99968 0.0233088 0.237945 0.993512 0.0123904 -0.113051 -0.304818 
-0.113365 0.0237527 -0.993269 -57.5098 -0.0103995 0.999631 0.0250917 0.241698 0.993499 0.0131741 -0.113076 -0.43091 
-0.114749 0.023842 -0.993108 -58.2125 -0.0112154 0.999617 0.0252941 0.237045 0.993331 0.0140406 -0.114437 -0.50942 
-0.11635 0.021961 -0.992965 -58.9139 -0.00850042 0.999697 0.0231059 0.243073 0.993172 0.011129 -0.116128 -0.595193 
-0.116503 0.0189699 -0.993009 -59.6354 -0.00910568 0.999755 0.020167 0.235136 0.993149 0.0113916 -0.116302 -0.692503 
-0.117812 0.0162643 -0.992903 -60.3465 -0.00919453 0.999805 0.0174683 0.231122 0.992993 0.0111873 -0.11764 -0.759964 
-0.117517 0.0133212 -0.992982 -61.0414 -0.00957944 0.999848 0.014547 0.239876 0.993025 0.0112218 -0.117372 -0.836593 
-0.116237 0.0133316 -0.993132 -61.7299 -0.0120038 0.999818 0.0148263 0.227529 0.993149 0.0136447 -0.116056 -0.917801 
-0.112255 0.0128654 -0.993596 -62.4043 -0.0111246 0.999837 0.0142031 0.245964 0.993617 0.0126478 -0.112093 -1.00317 
-0.106968 0.0137613 -0.994167 -63.08 -0.0103237 0.999835 0.0149505 0.241822 0.994209 0.0118627 -0.106809 -1.08372 
-0.100545 0.0150166 -0.994819 -63.7235 -0.00865395 0.999835 0.015967 0.242312 0.994895 0.0102146 -0.100398 -1.14588 
-0.0927303 0.0165931 -0.995553 -64.3493 -0.00936051 0.999802 0.0175358 0.235693 0.995647 0.010945 -0.0925567 -1.20524 
-0.0804896 0.0179759 -0.996593 -64.9753 -0.0113587 0.999756 0.0189504 0.233875 0.996691 0.0128453 -0.0802658 -1.27061 
-0.0665238 0.0185321 -0.997613 -65.5667 -0.0141342 0.99971 0.0195136 0.248829 0.997685 0.0153986 -0.0662425 -1.30629 
-0.0491955 0.019996 -0.998589 -66.1391 -0.0157125 0.99966 0.0207916 0.246053 0.998666 0.0167132 -0.0488646 -1.31474 
-0.0278269 0.0213445 -0.999385 -66.6872 -0.0168806 0.999619 0.0218195 0.229738 0.99947 0.0174774 -0.027456 -1.31862 
-0.0024929 0.0216475 -0.999763 -67.2203 -0.0151491 0.99965 0.0216829 0.229992 0.999882 0.0151996 -0.00216408 -1.31493 
0.0267928 0.0212854 -0.999414 -67.7168 -0.0127726 0.999699 0.0209491 0.226908 0.999559 0.0122039 0.0270566 -1.29392 
0.0611869 0.0217474 -0.997889 -68.2015 -0.0111914 0.999715 0.021101 0.216657 0.998064 0.00987676 0.0614128 -1.25193 
0.0984129 0.0220379 -0.994902 -68.6636 -0.00969536 0.999729 0.0211858 0.219355 0.995098 0.00756102 0.0985999 -1.18149 
0.139648 0.0214522 -0.989969 -69.1147 -0.00853185 0.999754 0.0204607 0.219271 0.990165 0.00558902 0.139796 -1.1028 
0.18459 0.0222345 -0.982564 -69.5715 -0.00685166 0.999749 0.0213361 0.220604 0.982792 0.00279379 0.184696 -0.981729 
0.232779 0.0203919 -0.972316 -69.9599 -0.00225843 0.999789 0.0204274 0.223447 0.972527 -0.00255913 0.232776 -0.859625 
0.283443 0.015919 -0.958857 -70.3468 0.00598283 0.999813 0.0183675 0.213535 0.95897 -0.0109428 0.283295 -0.71335 
0.3361 0.0102922 -0.94177 -70.7255 0.0116651 0.999818 0.0150896 0.226137 0.941754 -0.0160574 0.335919 -0.558769 
0.389484 0.00564933 -0.921016 -71.105 0.0180076 0.999743 0.0137474 0.226716 0.920857 -0.0219396 0.389282 -0.37165 
0.442126 0.00538189 -0.896937 -71.4793 0.0184311 0.999716 0.0150838 0.22739 0.896764 -0.0232004 0.441901 -0.176213 
0.49048 0.00345961 -0.871446 -71.8381 0.0209129 0.999657 0.0157391 0.235937 0.871202 -0.0259441 0.49024 0.0737833 
0.536165 -0.00111828 -0.844113 -72.1923 0.0287765 0.999442 0.0169542 0.248949 0.843623 -0.0333808 0.535898 0.334021 
0.58116 -0.00680277 -0.813761 -72.5197 0.0391226 0.999042 0.0195884 0.24978 0.812848 -0.0432204 0.58087 0.618914 
0.624057 -0.0119796 -0.781287 -72.7999 0.041085 0.999002 0.0174989 0.246354 0.780298 -0.0430194 0.623927 0.902024 
0.666622 -0.0175905 -0.745188 -73.0853 0.0390822 0.999171 0.0113758 0.249172 0.74437 -0.0367069 0.666757 1.18381 
0.708636 -0.0236578 -0.705178 -73.3786 0.0352193 0.999378 0.00186413 0.245392 0.704695 -0.0261568 0.709028 1.50257 
0.748751 -0.0245417 -0.662397 -73.6309 0.029194 0.999566 -0.00403389 0.235804 0.662208 -0.0163176 0.749142 1.82274 
0.786776 -0.0258044 -0.616699 -73.8787 0.0280075 0.999589 -0.00609406 0.231883 0.616603 -0.0124775 0.787175 2.1947 
0.821919 -0.0269296 -0.568967 -74.1198 0.0280727 0.999583 -0.00675765 0.22962 0.568912 -0.0104182 0.822332 2.59197 
0.854068 -0.0248401 -0.519568 -74.3553 0.0243364 0.999674 -0.00778932 0.219415 0.519592 -0.00599179 0.854393 3.01141 
0.880699 -0.0247035 -0.473032 -74.5658 0.0249643 0.999672 -0.00572772 0.204271 0.473019 -0.00676449 0.881027 3.46982 
0.90338 -0.0180671 -0.428461 -74.7804 0.0176833 0.999832 -0.00487644 0.209039 0.428477 -0.00317127 0.903547 3.93735 
0.922044 -0.0130315 -0.386865 -74.985 0.0121187 0.999915 -0.00479862 0.1948 0.386895 -0.000263726 0.922124 4.41637 
0.936333 -0.0085478 -0.351008 -75.1765 0.00807522 0.999963 -0.00281025 0.185154 0.351019 -0.000203092 0.936368 4.94642 
0.946788 -0.00921451 -0.321727 -75.345 0.00947428 0.999955 -0.000758383 0.17497 0.32172 -0.00233006 0.946832 5.51066 
0.954996 -0.0118097 -0.296384 -75.5273 0.0128152 0.999917 0.00144997 0.158498 0.296342 -0.0051829 0.955068 6.07637 
0.960956 -0.0116835 -0.276453 -75.69 0.0134091 0.999901 0.00435229 0.145852 0.276375 -0.00788931 0.961018 6.67584 
0.966268 -0.00904043 -0.257382 -75.8587 0.0111131 0.999917 0.00659933 0.145626 0.257301 -0.00923698 0.966287 7.28144 
0.970215 -0.00471219 -0.242201 -76.0239 0.0068987 0.999943 0.00818026 0.146165 0.242148 -0.00960744 0.970192 7.89836 
0.973538 -0.00218598 -0.228515 -76.1921 0.00455692 0.999941 0.00984809 0.14109 0.22848 -0.0106288 0.973491 8.52481 
0.976621 -0.00335021 -0.214943 -76.3469 0.0057211 0.99993 0.010409 0.131532 0.214893 -0.0113953 0.976571 9.17542 
0.979503 -0.0033516 -0.201403 -76.4891 0.00554674 0.999931 0.0103357 0.127838 0.201354 -0.011241 0.979454 9.83356 
0.982355 -0.00320721 -0.187 -76.6162 0.0052048 0.999935 0.0101921 0.137351 0.186955 -0.0109855 0.982307 10.52 
0.985046 -0.00114475 -0.172289 -76.7611 0.00314645 0.999931 0.0113454 0.133351 0.172264 -0.0117178 0.984981 11.2085 
0.98715 -0.00132963 -0.159788 -76.8882 0.00266314 0.999963 0.00813139 0.136431 0.159772 -0.0084524 0.987118 11.8916 
0.988858 -0.00131245 -0.148857 -77.0111 0.00185398 0.999992 0.00349899 0.127722 0.148851 -0.00373593 0.988853 12.6156 
0.990266 -0.00396681 -0.139132 -77.1252 0.00379709 0.999992 -0.00148555 0.109228 0.139137 0.000942836 0.990273 13.3189 
0.991433 -0.0024273 -0.130596 -77.2336 0.00220437 0.999996 -0.00185193 0.10978 0.1306 0.00154823 0.991434 14.0872 
0.99244 0.000889847 -0.122726 -77.3669 -0.000318741 0.999989 0.00467273 0.107589 0.122729 -0.00459824 0.99243 14.8082 
0.99297 0.00453321 -0.118281 -77.4658 -0.00303181 0.999913 0.01287 0.094544 0.118329 -0.0124209 0.992897 15.5635 
0.993538 0.00499907 -0.113389 -77.5694 -0.00313381 0.999857 0.0166221 0.0874999 0.113455 -0.0161593 0.993412 16.3205 
0.994015 0.00378885 -0.109178 -77.6661 -0.00204512 0.999869 0.0160786 0.0841886 0.109224 -0.0157591 0.993892 17.0675 
0.994293 0.00250117 -0.106656 -77.7566 -0.000919767 0.999889 0.0148734 0.0786069 0.106681 -0.0146904 0.994185 17.8175 
0.994608 0.00219595 -0.103687 -77.832 -0.000345344 0.99984 0.0178623 0.0652063 0.103709 -0.0177301 0.99445 18.5654 
0.994861 -0.00217736 -0.101231 -77.9545 0.00426441 0.999783 0.0204045 0.0741726 0.101164 -0.0207313 0.994654 19.4093 
0.995145 -0.00375732 -0.0983449 -78.0404 0.00604277 0.999718 0.0229511 0.0623791 0.0982309 -0.0234339 0.994888 20.1678 
0.995485 -0.0028435 -0.0948776 -78.1363 0.00465718 0.999811 0.0188996 0.0651457 0.0948058 -0.0192561 0.99531 20.9125 
0.995695 -0.00107523 -0.0926857 -78.2314 0.00213237 0.999934 0.011307 0.062574 0.0926673 -0.0114559 0.995631 21.6682 
0.995853 -7.00968e-05 -0.0909817 -78.314 0.000399609 0.999993 0.00360309 0.058677 0.0909808 -0.00362446 0.995846 22.4117 
0.995906 -0.000698925 -0.0903887 -78.3753 0.000667508 1 -0.00037825 0.0520814 0.0903889 0.00031641 0.995907 23.1366 
0.996073 -0.000367364 -0.088537 -78.4477 0.000494157 0.999999 0.00140972 0.0440025 0.0885363 -0.00144789 0.996072 23.8581 
0.996214 0.00377348 -0.0868556 -78.5179 -0.00328405 0.999978 0.00577668 0.0245443 0.0868755 -0.00546952 0.996204 24.6089 
0.996399 0.00805784 -0.0844047 -78.6092 -0.00711334 0.999909 0.0114845 0.013244 0.0844895 -0.0108427 0.996365 25.3646 
0.996676 0.00480758 -0.0813317 -78.6991 -0.00380604 0.999915 0.0124643 0.0250328 0.0813847 -0.0121133 0.996609 26.1296 
0.996789 0.00162586 -0.0800533 -78.7813 -0.000663015 0.999927 0.0120521 0.021439 0.080067 -0.0119603 0.996718 26.8973 
0.996875 0.000211783 -0.0789911 -78.8514 0.000772105 0.999923 0.0124244 0.00642866 0.0789876 -0.0124465 0.996798 27.6496 
0.996963 -0.000522068 -0.0778736 -78.9305 0.00135459 0.999943 0.0106377 -0.000503355 0.0778635 -0.0107109 0.996907 28.3939 
0.996947 -0.00220059 -0.0780477 -78.9926 0.00291252 0.999955 0.00900844 -0.00177513 0.0780243 -0.00920821 0.996909 29.1421 
0.99712 -0.00256268 -0.0757916 -79.0938 0.00323192 0.999957 0.00870815 0.00298174 0.075766 -0.00892798 0.997086 29.9345 
0.997253 -0.000450821 -0.0740723 -79.1849 0.00106626 0.999965 0.00826879 0.0161482 0.074066 -0.00832501 0.997219 30.6894 
0.997192 0.000653385 -0.0748861 -79.2446 -7.64665e-05 0.99997 0.00770601 0.0131182 0.0748889 -0.0076786 0.997162 31.4677 
0.997066 0.00110552 -0.0765349 -79.3261 -0.000518507 0.99997 0.00768883 0.00222087 0.076541 -0.00762655 0.997037 32.2304 
0.996971 -0.00165225 -0.0777596 -79.403 0.00227565 0.999966 0.0079285 0.00552076 0.0777439 -0.00808139 0.996941 33.0236 
0.996711 -0.00100874 -0.0810309 -79.4717 0.00170663 0.999962 0.00854339 -0.0236242 0.0810192 -0.00865354 0.996675 33.8245 
0.996524 0.00246197 -0.0832716 -79.5749 -0.00177319 0.999964 0.00834397 -0.0324536 0.0832891 -0.00816726 0.996492 34.6179 
0.996319 0.00238763 -0.0856916 -79.6614 -0.00208817 0.999991 0.00358356 -0.0473989 0.0856993 -0.00339138 0.996315 35.4048 
0.99608 0.00284854 -0.0884131 -79.7505 -0.0028068 0.999996 0.000596014 -0.0621058 0.0884144 -0.000345476 0.996084 36.2066 
0.995947 0.0022593 -0.089915 -79.8441 -0.00245151 0.999995 -0.00202776 -0.060124 0.08991 0.00224002 0.995947 37.0118 
0.99581 0.00217807 -0.0914232 -79.9463 -0.00221169 0.999998 -0.00026686 -0.0726668 0.0914224 0.000467986 0.995812 37.8304 
0.995628 0.000790512 -0.0934084 -80.0447 -0.000785869 1 8.60626e-05 -0.0837148 0.0934084 -1.22355e-05 0.995628 38.654 
0.995354 -0.001137 -0.0962807 -80.1295 0.00134946 0.999997 0.00214119 -0.102327 0.0962779 -0.00226113 0.995352 39.4848 
0.995316 -0.000916692 -0.0966667 -80.2432 0.00158217 0.999976 0.00680744 -0.126629 0.0966581 -0.00692845 0.995294 40.3323 
0.995316 -0.00141654 -0.0966643 -80.3645 0.0025001 0.999935 0.0110889 -0.133096 0.0966423 -0.0112786 0.995255 41.1487 
0.995344 -0.00151662 -0.0963707 -80.4496 0.00274446 0.999917 0.0126091 -0.131292 0.0963435 -0.0128148 0.995266 42.0213 
0.995502 0.00169073 -0.0947255 -80.5481 -0.000491368 0.999919 0.0126829 -0.135473 0.0947393 -0.0125792 0.995423 42.8872 
0.995711 0.00110049 -0.0925138 -80.644 1.91907e-05 0.999927 0.0121006 -0.152815 0.0925203 -0.0120505 0.995638 43.7611 
0.995853 -0.00266422 -0.0909368 -80.735 0.00369816 0.99993 0.0112028 -0.175402 0.0909006 -0.0114926 0.995794 44.5954 
0.996082 -0.00568957 -0.0882552 -80.8391 0.00657789 0.999931 0.0097773 -0.180756 0.0881934 -0.0103195 0.99605 45.4489 
0.996259 -0.00587241 -0.0862239 -80.9366 0.00669157 0.999935 0.00921397 -0.182261 0.0861642 -0.00975643 0.996233 46.3204 
0.996281 -0.00736059 -0.0858526 -81.0188 0.008434 0.999891 0.0121464 -0.192687 0.0857538 -0.0128252 0.996234 47.1894 
0.99631 -0.0104585 -0.0851888 -81.1046 0.0117285 0.999827 0.0144207 -0.202909 0.0850232 -0.0153666 0.996261 48.0439 
0.996435 -0.0109456 -0.0836568 -81.1985 0.0122121 0.999818 0.0146417 -0.207967 0.0834813 -0.0156111 0.996387 48.9147 
0.996498 -0.00943604 -0.0830859 -81.2844 0.0104569 0.999875 0.0118594 -0.214002 0.0829635 -0.0126866 0.996472 49.7938 
0.996674 -0.00457425 -0.0813588 -81.3831 0.00518771 0.99996 0.00732992 -0.247156 0.0813219 -0.00772757 0.996658 50.6069 
0.996791 -0.0031475 -0.0799854 -81.4727 0.00329197 0.999993 0.00167379 -0.250894 0.0799795 -0.00193169 0.996795 51.4386 
0.996918 0.00167791 -0.0784289 -81.5889 -0.00198624 0.999991 -0.00385396 -0.268524 0.0784217 0.00399791 0.996912 52.3083 
0.996991 0.000440337 -0.0775134 -81.6628 -0.000773399 0.999991 -0.00426739 -0.289672 0.0775108 0.00431454 0.996982 53.1344 
0.997002 -0.00155234 -0.077359 -81.7509 0.00167224 0.999998 0.00148454 -0.299413 0.0773564 -0.00160941 0.997002 53.985 
0.996938 -0.00235762 -0.0781608 -81.836 0.0031925 0.999939 0.0105579 -0.319968 0.0781311 -0.010775 0.996885 54.8335 
0.996869 -0.00335639 -0.078997 -81.935 0.00479272 0.999827 0.0179989 -0.320993 0.0789229 -0.0183212 0.996712 55.6826 
0.996766 -0.00416464 -0.0802492 -82.0257 0.00545876 0.999859 0.0159132 -0.330339 0.0801715 -0.0162997 0.996648 56.5308 
0.996592 -0.00883742 -0.082009 -82.1096 0.0098443 0.999881 0.0118811 -0.329656 0.0818942 -0.0126478 0.996561 57.3473 
0.996426 -0.00909278 -0.0839821 -82.2042 0.0100401 0.999891 0.0108644 -0.349473 0.0838741 -0.0116687 0.996408 58.1674 
0.996238 -0.0070188 -0.086372 -82.3002 0.00785049 0.999926 0.00929285 -0.370783 0.0863004 -0.00993591 0.99622 58.9745 
0.99605 -0.00572469 -0.0886047 -82.4027 0.00615107 0.999971 0.00453943 -0.368341 0.088576 -0.00506647 0.996057 59.8004 
0.995677 -0.00395825 -0.0928015 -82.4983 0.00408282 0.999991 0.0011521 -0.379506 0.0927961 -0.00152597 0.995684 60.5967 
0.995361 -0.000986381 -0.0962095 -82.5932 0.000749774 0.999997 -0.00249583 -0.392471 0.0962116 0.00241216 0.995358 61.4095 
0.995086 0.00470073 -0.0989052 -82.708 -0.00497258 0.999985 -0.00250273 -0.404706 0.0988919 0.00298229 0.995094 62.2066 
0.994822 0.00883946 -0.101248 -82.8216 -0.00894142 0.99996 -0.000553663 -0.423127 0.101239 0.00145614 0.994861 63.0131 
0.994479 0.0134335 -0.10407 -82.9416 -0.0130037 0.999904 0.00480678 -0.431537 0.104124 -0.00342691 0.994558 63.7973 
0.994053 0.0110492 -0.10834 -83.0524 -0.0100866 0.999905 0.00942873 -0.441829 0.108433 -0.00827983 0.994069 64.5919 
0.993441 0.0109196 -0.113827 -83.1528 -0.00945414 0.999865 0.0134064 -0.451215 0.113958 -0.0122422 0.99341 65.3811 
0.992662 0.0106263 -0.120455 -83.2654 -0.00890999 0.999851 0.0147778 -0.457723 0.120594 -0.0135961 0.992609 66.171 
0.992048 0.00689406 -0.125669 -83.3893 -0.00465885 0.999826 0.0180714 -0.464453 0.125772 -0.0173422 0.991908 66.9469 
0.991283 0.00600238 -0.131611 -83.5195 -0.00373266 0.99984 0.0174853 -0.467774 0.131695 -0.0168416 0.991147 67.7124 
0.990638 0.0121692 -0.13597 -83.6744 -0.0099531 0.999807 0.0169662 -0.46607 0.13615 -0.015454 0.990568 68.4669 
0.989583 0.0151359 -0.143169 -83.7961 -0.0133818 0.999823 0.0132068 -0.474246 0.143344 -0.0111533 0.98961 69.2345 
0.989006 0.0173885 -0.146852 -83.9644 -0.0160957 0.999821 0.00998705 -0.475747 0.146999 -0.00751352 0.989108 69.9908 
0.988238 0.019886 -0.151627 -84.1096 -0.0187217 0.999783 0.0091027 -0.490456 0.151775 -0.00615688 0.988396 70.7453 
0.987672 0.0217943 -0.155015 -84.2794 -0.0200387 0.999716 0.012879 -0.477176 0.155252 -0.00961386 0.987828 71.4579 
0.986837 0.0221017 -0.160202 -84.4461 -0.0198442 0.99968 0.0156777 -0.466703 0.160497 -0.0122922 0.98696 72.1789 
0.985815 0.0248655 -0.165986 -84.5961 -0.0222085 0.999594 0.0178448 -0.472847 0.166362 -0.0139053 0.985967 72.9275 
0.984833 0.0231034 -0.17196 -84.7585 -0.0208756 0.999673 0.0147526 -0.486342 0.172245 -0.010939 0.984993 73.689 
0.983383 0.0220648 -0.180197 -84.9072 -0.0210409 0.99975 0.00759142 -0.491571 0.18032 -0.00367371 0.983601 74.4154 
0.98167 0.0205856 -0.189475 -85.0627 -0.0198462 0.999786 0.00579902 -0.499394 0.189554 -0.00193231 0.981868 75.1608 
0.979544 0.020252 -0.200211 -85.2335 -0.018939 0.999785 0.0084715 -0.498307 0.200339 -0.00450637 0.979716 75.9033 
0.977169 0.0209603 -0.211429 -85.4123 -0.0183402 0.999729 0.0143457 -0.499041 0.211672 -0.0101405 0.977288 76.6418 
0.974723 0.0228759 -0.222245 -85.6142 -0.0184143 0.999586 0.0221269 -0.490963 0.222659 -0.0174751 0.97474 77.3737 
0.971938 0.0258006 -0.233818 -85.8126 -0.0203784 0.999465 0.0255764 -0.492217 0.234353 -0.0200938 0.971944 78.1007 
0.969294 0.0292614 -0.244157 -86.0341 -0.0247591 0.999463 0.021489 -0.495382 0.244655 -0.014784 0.969498 78.8283 
0.966017 0.0313841 -0.256567 -86.2466 -0.0297192 0.999505 0.010365 -0.451962 0.256765 -0.00238772 0.966471 79.5358 
0.963163 0.0264145 -0.267618 -86.4839 -0.025699 0.999651 0.00617617 -0.462755 0.267688 0.000928917 0.963505 80.203 
0.959554 0.0245229 -0.280455 -86.6992 -0.0224144 0.999691 0.0107235 -0.458057 0.280632 -0.00400349 0.959807 80.9173 
0.956534 0.0242898 -0.290608 -86.9538 -0.0199794 0.999642 0.0177906 -0.461493 0.290936 -0.0112111 0.956677 81.5971 
0.953182 0.024858 -0.301374 -87.2151 -0.0186184 0.999549 0.0235591 -0.463206 0.301824 -0.016845 0.953215 82.3015 
0.949123 0.0220254 -0.314135 -87.4636 -0.016077 0.999639 0.021514 -0.464657 0.314496 -0.015369 0.949134 83.0042 
0.945082 0.0197791 -0.326234 -87.7149 -0.0149331 0.999738 0.0173523 -0.468076 0.326492 -0.0115276 0.94513 83.7069 
0.942215 0.0152728 -0.334661 -87.9909 -0.0127721 0.999872 0.00967177 -0.46553 0.334766 -0.00483853 0.942289 84.3928 
0.939786 0.0122536 -0.341543 -88.2728 -0.0113445 0.999925 0.00465886 -0.466991 0.341574 -0.000503648 0.939855 85.0879 
0.93779 0.0128736 -0.346963 -88.5791 -0.013097 0.999913 0.00170106 -0.459478 0.346955 0.002949 0.937877 85.7762 
0.93477 0.0172071 -0.354836 -88.8787 -0.0176618 0.999842 0.00195761 -0.473856 0.354814 0.00443718 0.934927 86.4843 
0.931709 0.0165278 -0.36283 -89.1832 -0.0167353 0.999857 0.00257127 -0.458425 0.362821 0.00367644 0.931852 87.1905 
0.928472 0.0152683 -0.371088 -89.472 -0.0126429 0.999875 0.00950657 -0.472861 0.371187 -0.0041349 0.928549 87.9057 
0.925712 0.0180916 -0.377796 -89.7693 -0.0123153 0.999768 0.0176997 -0.481421 0.378029 -0.0117321 0.92572 88.6014 
0.923179 0.0282696 -0.383331 -90.1012 -0.0203359 0.999487 0.0247341 -0.484852 0.383833 -0.0150386 0.92328 89.2985 
0.920446 0.0337626 -0.389408 -90.4198 -0.0276589 0.999391 0.0212719 -0.486878 0.389889 -0.00880905 0.92082 89.9863 
0.918709 0.0314251 -0.393683 -90.7673 -0.0279873 0.999504 0.0144718 -0.49889 0.393942 -0.00227721 0.919132 90.6951 
0.917179 0.0253191 -0.39767 -91.0883 -0.0238769 0.999678 0.00857885 -0.521843 0.397759 0.00162683 0.917488 91.3547 
0.915457 0.02499 -0.401638 -91.4122 -0.0239596 0.999684 0.00758917 -0.525363 0.401701 0.00267557 0.915767 92.0522 
0.913138 0.028787 -0.406633 -91.7421 -0.0267387 0.999585 0.0107194 -0.499138 0.406773 0.00108458 0.913529 92.7422 
0.910494 0.0328678 -0.412213 -92.0709 -0.0287215 0.999455 0.0162514 -0.520131 0.412523 -0.00295739 0.910942 93.4463 
0.908587 0.0298751 -0.416627 -92.4123 -0.026175 0.999551 0.014592 -0.530212 0.416876 -0.00235284 0.908961 94.1266 
0.905822 0.0281211 -0.422724 -92.739 -0.0273025 0.999595 0.00799218 -0.528467 0.422777 0.00430196 0.906223 94.821 
0.904212 0.0255993 -0.426315 -93.0992 -0.027048 0.999631 0.00265695 -0.548983 0.426226 0.00912856 0.904571 95.4838 
0.902446 0.0270388 -0.429954 -93.4887 -0.0291535 0.999574 0.00166961 -0.557668 0.429816 0.011028 0.902849 96.1817 
0.899874 0.0304646 -0.435084 -93.8197 -0.0304434 0.999512 0.00702041 -0.586473 0.435086 0.006928 0.900362 96.873 
0.897568 0.0310661 -0.439781 -94.1681 -0.030158 0.999504 0.00905409 -0.594674 0.439844 0.00513628 0.89806 97.571 
0.89431 0.0333818 -0.446202 -94.5086 -0.0313595 0.999437 0.0119182 -0.62411 0.446348 0.00333415 0.894853 98.2729 
0.892335 0.0307773 -0.450324 -94.8739 -0.0291751 0.999519 0.0105002 -0.626097 0.450431 0.0037686 0.892803 98.9518 
0.889738 0.0287078 -0.455569 -95.2192 -0.02781 0.999576 0.00867469 -0.617076 0.455625 0.00495123 0.890158 99.6198 
0.887338 0.0280622 -0.460266 -95.5741 -0.0264848 0.9996 0.00988548 -0.631266 0.460359 0.00341833 0.887726 100.29 
0.884649 0.0306802 -0.465247 -95.9393 -0.0292159 0.999519 0.0103591 -0.636358 0.465341 0.00442849 0.885121 100.951 
0.881844 0.031044 -0.470519 -96.3019 -0.0295468 0.999508 0.0105692 -0.645966 0.470615 0.00458197 0.882327 101.63 
0.879673 0.0276996 -0.474772 -96.6723 -0.0282727 0.999583 0.00593403 -0.648859 0.474739 0.00820315 0.880089 102.267 
0.87811 0.0244972 -0.477832 -97.0438 -0.02722 0.999629 0.00122621 -0.65581 0.477684 0.0119299 0.878451 102.891 
0.876041 0.0230235 -0.481687 -97.4139 -0.0268928 0.999638 -0.00112955 -0.661154 0.481487 0.0139435 0.876342 103.545 
0.873231 0.0258503 -0.486621 -97.7758 -0.0278455 0.999607 0.00313307 -0.677877 0.486511 0.0108144 0.873607 104.206 
0.871899 0.0313746 -0.48868 -98.17 -0.0286861 0.999504 0.0129892 -0.693738 0.488845 0.0026931 0.872366 104.834 
0.870456 0.033033 -0.491137 -98.549 -0.0263849 0.999443 0.020458 -0.677529 0.491539 -0.00484911 0.870842 105.468 
0.868787 0.0319397 -0.494155 -98.9171 -0.0232138 0.999448 0.0237863 -0.66171 0.494642 -0.00919396 0.869048 106.105 
0.867701 0.0298515 -0.496189 -99.2709 -0.0199213 0.999482 0.0252932 -0.67755 0.496687 -0.0120621 0.867846 106.675 
0.865564 0.0274115 -0.500047 -99.619 -0.0196628 0.999591 0.0207597 -0.672677 0.500412 -0.00813641 0.865749 107.257 
0.863955 0.0273906 -0.502824 -99.9564 -0.0212516 0.999613 0.0179377 -0.672611 0.503121 -0.00481149 0.864203 107.815 
0.862878 0.0258467 -0.504751 -100.305 -0.021808 0.999665 0.0139086 -0.644787 0.504942 -0.000993785 0.863153 108.357 
0.862018 0.0245994 -0.506281 -100.638 -0.0217628 0.999697 0.0115193 -0.618682 0.506411 0.00108832 0.862292 108.892 
0.860516 0.0254655 -0.508787 -100.96 -0.0222879 0.999675 0.0123393 -0.614787 0.508936 0.000721738 0.860804 109.415 
0.859976 0.026975 -0.509621 -101.277 -0.0240149 0.999635 0.0123875 -0.598685 0.509769 0.00158564 0.86031 109.898 
0.858466 0.0233952 -0.512337 -101.571 -0.0207976 0.999725 0.0108029 -0.582122 0.512449 0.00138153 0.858717 110.399 
0.858987 0.0197907 -0.511615 -101.893 -0.0183597 0.999801 0.00784956 -0.546416 0.511668 0.00265046 0.859179 110.791 
0.857561 0.019418 -0.514016 -102.152 -0.0189696 0.999801 0.0061216 -0.543124 0.514032 0.00450105 0.857759 111.227 
0.856863 0.0186538 -0.515207 -102.434 -0.0191708 0.999807 0.00431571 -0.570122 0.515188 0.006179 0.857055 111.62 
0.85586 0.0159748 -0.516961 -102.699 -0.0186491 0.999826 2.12576e-05 -0.566324 0.516871 0.00962272 0.856009 111.994 
0.854105 0.012724 -0.519945 -102.948 -0.0159449 0.999871 -0.0017237 -0.580595 0.519856 0.00976271 0.854198 112.365 
0.850913 0.00811302 -0.525245 -103.18 -0.0110584 0.999936 -0.0024698 -0.567966 0.525191 0.00790999 0.850948 112.753 
0.847839 0.00842151 -0.530187 -103.417 -0.01082 0.99994 -0.00141957 -0.56819 0.530144 0.00694024 0.847879 113.097 
0.843189 0.0129372 -0.537461 -103.632 -0.0148535 0.999889 0.000765631 -0.580752 0.537412 0.00733764 0.843288 113.455 
0.839446 0.0188283 -0.543117 -103.852 -0.0187233 0.999808 0.00572151 -0.588483 0.543121 0.00536612 0.839638 113.774 
0.835006 0.023594 -0.549734 -104.057 -0.0202947 0.999721 0.0120807 -0.594977 0.549866 0.0010693 0.835252 114.086 
0.829974 0.0250711 -0.557238 -104.244 -0.0195221 0.999683 0.0159003 -0.598442 0.55746 -0.00231834 0.8302 114.366 
0.824402 0.0214702 -0.565597 -104.425 -0.015352 0.999761 0.0155744 -0.578652 0.565796 -0.00415644 0.824535 114.631 
0.81735 0.0179058 -0.575863 -104.607 -0.0114817 0.999825 0.0147918 -0.555914 0.576027 -0.00547813 0.817412 114.881 
0.808989 0.0159886 -0.587607 -104.787 -0.00820686 0.99984 0.0159065 -0.557639 0.587767 -0.00804571 0.80899 115.093 
0.798652 0.014738 -0.601613 -104.958 -0.00715659 0.999862 0.0149936 -0.53527 0.601751 -0.00766915 0.798647 115.31 
0.786313 0.0161712 -0.617616 -105.134 -0.00914795 0.999853 0.0145327 -0.537631 0.61776 -0.00577728 0.786345 115.507 
0.773074 0.0146014 -0.634147 -105.311 -0.0102131 0.999892 0.0105722 -0.52164 0.634233 -0.00169643 0.77314 115.664 
0.757248 0.0115344 -0.653025 -105.452 -0.0116284 0.999924 0.00417741 -0.503169 0.653024 0.00443033 0.757325 115.853 
0.742451 0.00882308 -0.669842 -105.639 -0.0115579 0.999933 0.000360277 -0.521687 0.669801 0.0074745 0.742503 116.015 
0.726121 0.00805627 -0.68752 -105.771 -0.0166656 0.999844 -0.00588531 -0.49527 0.687365 0.0157314 0.726142 116.161 
0.70946 0.0115404 -0.704651 -105.924 -0.0235423 0.999696 -0.00733048 -0.494755 0.704352 0.0217898 0.709516 116.301 
0.692279 0.0112344 -0.721543 -106.092 -0.0247562 0.99966 -0.00818745 -0.476886 0.721205 0.0235307 0.692322 116.438 
0.673303 0.0106798 -0.739289 -106.245 -0.02181 0.999747 -0.00542094 -0.494114 0.739045 0.0197739 0.673366 116.57 
0.653105 0.00972807 -0.757205 -106.431 -0.0200536 0.999789 -0.0044521 -0.483307 0.757001 0.0180924 0.653163 116.711 
0.631487 0.0117584 -0.775297 -106.613 -0.020167 0.999796 -0.00126297 -0.491188 0.775124 0.016433 0.631595 116.811 
0.607856 0.0167118 -0.793872 -106.824 -0.0242704 0.999702 0.00246124 -0.492552 0.793676 0.0177715 0.60808 116.914 
0.583705 0.0202051 -0.811714 -107.015 -0.026829 0.999624 0.00558966 -0.488666 0.811522 0.0185149 0.584028 117.018 
0.558694 0.0231542 -0.82905 -107.211 -0.0276669 0.999574 0.00927196 -0.493108 0.828912 0.0177571 0.559097 117.114 
0.534517 0.0254156 -0.844776 -107.425 -0.0307415 0.999471 0.0106185 -0.475902 0.844599 0.0202939 0.535015 117.177 
0.507437 0.0303484 -0.861154 -107.62 -0.0352567 0.999274 0.0144408 -0.481994 0.860967 0.0230337 0.508139 117.261 
0.480136 0.0337388 -0.876545 -107.834 -0.0380164 0.999122 0.0176329 -0.484643 0.87637 0.024857 0.480997 117.333 
0.449444 0.0326058 -0.892713 -108.046 -0.0382794 0.999119 0.0172201 -0.477813 0.892488 0.0264331 0.450296 117.427 
0.419286 0.0300638 -0.907356 -108.273 -0.0392202 0.999118 0.0149807 -0.475743 0.907006 0.0293055 0.420096 117.469 
0.384047 0.0244782 -0.922989 -108.511 -0.0379222 0.999223 0.0107209 -0.456988 0.922534 0.0308845 0.384677 117.539 
0.344442 0.0223773 -0.938541 -108.787 -0.0378321 0.999235 0.00994013 -0.453347 0.938045 0.0320832 0.345025 117.612 
0.303173 0.0214503 -0.952694 -109.063 -0.0388899 0.999192 0.0101214 -0.441339 0.952142 0.0339817 0.303762 117.662 
0.25875 0.0173459 -0.965789 -109.38 -0.0357696 0.999325 0.00836498 -0.416658 0.965282 0.0323815 0.259196 117.718 
0.21275 0.0144642 -0.977 -109.704 -0.0359465 0.999329 0.00696712 -0.404857 0.976445 0.0336375 0.213127 117.737 
0.163614 0.0127273 -0.986442 -110.026 -0.0365113 0.99931 0.0068374 -0.393253 0.985849 0.0348977 0.163966 117.747 
0.115412 0.013068 -0.993232 -110.334 -0.034531 0.999362 0.00913614 -0.393217 0.992717 0.0332429 0.11579 117.721 
0.0643779 0.0144481 -0.997821 -110.672 -0.0341576 0.999341 0.0122663 -0.386133 0.997341 0.0332936 0.064829 117.681 
0.0117728 0.0147669 -0.999822 -111.056 -0.0337515 0.999327 0.0143622 -0.358911 0.999361 0.0335764 0.0122633 117.649 
-0.0420005 0.0159815 -0.99899 -111.448 -0.0337799 0.999278 0.0174063 -0.341239 0.998546 0.0344769 -0.0414303 117.601 
-0.0948567 0.017283 -0.995341 -111.828 -0.028644 0.999388 0.020083 -0.322139 0.995079 0.0304156 -0.0943036 117.503 
-0.14735 0.0192301 -0.988897 -112.262 -0.0246826 0.999428 0.0231126 -0.320014 0.988776 0.0278142 -0.146791 117.388 
-0.199002 0.0200073 -0.979795 -112.661 -0.0229207 0.999423 0.0250635 -0.299153 0.979731 0.0274453 -0.198429 117.259 
-0.248605 0.0193449 -0.968412 -113.078 -0.0211856 0.999453 0.0254037 -0.262197 0.968373 0.0268319 -0.248059 117.111 
-0.297572 0.0197728 -0.954494 -113.517 -0.0171193 0.999514 0.0260425 -0.240124 0.954546 0.0240898 -0.297089 116.937 
-0.344231 0.0224926 -0.938616 -113.912 -0.0114743 0.999538 0.0281606 -0.244567 0.938815 0.0204638 -0.343813 116.753 
