1 2.12261e-08 -2.11895e-08 -6.91894e-15 2.12261e-08 1 2.10703e-08 -2.22045e-15 -2.11895e-08 2.10703e-08 1 -8.9373e-15 
0.999995 0.00324054 9.25604e-05 -0.020566 -0.00324061 0.999994 0.0012519 -0.0218206 -8.85455e-05 -0.00125215 0.999999 0.692996 
0.999982 0.00591828 0.000902401 -0.0463787 -0.00592011 0.99998 0.00209102 -0.0555983 -0.00089005 -0.00209628 0.999997 1.39478 
0.999973 0.00685016 0.00284944 -0.0980857 -0.00685598 0.999974 0.00205257 -0.0831594 -0.00283535 -0.00207201 0.999994 2.10145 
0.999961 0.00853781 0.00218803 -0.0835269 -0.00854046 0.999963 0.00122306 -0.0943039 -0.00217755 -0.00124166 0.999997 2.79074 
0.999952 0.00804163 0.00560804 -0.209631 -0.00804453 0.999968 0.000501895 -0.0871415 -0.00560386 -0.000546943 0.999984 3.50521 
0.999957 0.00777907 0.00515143 -0.214246 -0.00778622 0.999969 0.00137682 -0.0977009 -0.00514061 -0.00141683 0.999986 4.21704 
0.999949 0.00868387 0.00517753 -0.210278 -0.00870542 0.999953 0.00416374 -0.110219 -0.00514117 -0.00420856 0.999978 4.91609 
0.999951 0.00751081 0.00651545 -0.212172 -0.00756622 0.999935 0.00852924 -0.133392 -0.00645101 -0.00857807 0.999942 5.56935 
0.999944 0.0069049 0.0080312 -0.236536 -0.00699918 0.999906 0.0117766 -0.1335 -0.00794917 -0.0118321 0.999898 6.22433 
0.999946 0.00626193 0.00824772 -0.238045 -0.0063728 0.999889 0.0134907 -0.131134 -0.00816237 -0.0135425 0.999875 6.84167 
0.999931 0.00722776 0.0092853 -0.239146 -0.00734658 0.999891 0.0128314 -0.13715 -0.00919159 -0.0128987 0.999875 7.4245 
0.99991 0.0079932 0.0107917 -0.259684 -0.00811307 0.999905 0.0111137 -0.160645 -0.0107019 -0.0112002 0.99988 7.9735 
0.999887 0.00849513 0.0124233 -0.291286 -0.00860536 0.999924 0.00884994 -0.17291 -0.0123472 -0.0089558 0.999884 8.47629 
0.999875 0.00627105 0.0144945 -0.274114 -0.00637773 0.999953 0.00732887 -0.18527 -0.0144479 -0.00742035 0.999868 8.99271 
0.999857 0.00313603 0.0166195 -0.275812 -0.00321295 0.999984 0.00460628 -0.181443 -0.0166049 -0.00465898 0.999851 9.462 
0.999826 0.000688667 0.0186253 -0.274035 -0.000741566 0.999996 0.00283573 -0.18268 -0.0186233 -0.002849 0.999823 9.90831 
0.999771 0.0058436 0.0205768 -0.279854 -0.00586767 0.999982 0.00111132 -0.194653 -0.02057 -0.00123176 0.999788 10.3378 
0.999638 0.0103208 0.0248296 -0.300849 -0.0103225 0.999947 -5.78727e-05 -0.202373 -0.0248289 -0.000198411 0.999692 10.715 
0.999535 0.0100461 0.0287973 -0.310225 -0.0100809 0.999949 0.00106543 -0.211482 -0.0287851 -0.00135519 0.999585 11.046 
0.999464 0.00625649 0.0321444 -0.299229 -0.00627956 0.99998 0.000618115 -0.208155 -0.0321399 -0.000819594 0.999483 11.3719 
0.999376 0.000944051 0.0353059 -0.316671 -0.000983313 0.999999 0.00109593 -0.225276 -0.0353049 -0.00112993 0.999376 11.6256 
0.999283 -0.00211213 0.0378027 -0.313081 0.00204003 0.999996 0.00194664 -0.222654 -0.0378067 -0.00186809 0.999283 11.8745 
0.999153 -0.00247678 0.0410709 -0.314083 0.00237081 0.999994 0.00262975 -0.224021 -0.0410772 -0.00253011 0.999153 12.13 
0.999044 -0.00162536 0.0436909 -0.315805 0.00154115 0.999997 0.00196207 -0.236341 -0.043694 -0.00189282 0.999043 12.3319 
0.998965 -0.00107268 0.0454706 -0.309411 0.00102486 0.999999 0.00107598 -0.25015 -0.0454717 -0.00102823 0.998965 12.5303 
0.998851 0.000462633 0.0479168 -0.300625 -0.0005039 1 0.000850056 -0.261487 -0.0479164 -0.000873184 0.998851 12.7035 
0.998747 0.00381016 0.0498969 -0.30623 -0.00380726 0.999993 -0.000152234 -0.258613 -0.0498972 -3.78864e-05 0.998754 12.8658 
0.998639 0.00518596 0.051905 -0.30722 -0.00513868 0.999986 -0.00104347 -0.271736 -0.0519098 0.000775372 0.998652 13.0209 
0.99852 0.00415024 0.0542341 -0.300859 -0.00399556 0.999988 -0.0029594 -0.27264 -0.0542457 0.00273837 0.998524 13.1741 
0.998476 0.00246308 0.055127 -0.284623 -0.00223282 0.999989 -0.00423728 -0.276469 -0.0551368 0.00410777 0.99847 13.3315 
0.998359 0.00132663 0.0572497 -0.289829 -0.00104999 0.999988 -0.00486111 -0.286623 -0.0572555 0.00479307 0.998348 13.4535 
0.998287 0.00282098 0.0584374 -0.277306 -0.00244052 0.999975 -0.00658023 -0.287075 -0.0584546 0.00642638 0.998269 13.5925 
0.99824 0.00329596 0.0592111 -0.266437 -0.00282259 0.999963 -0.00807568 -0.291793 -0.0592356 0.00789438 0.998213 13.7099 
0.998173 0.00345372 0.0603271 -0.261015 -0.00285354 0.999946 -0.0100312 -0.300008 -0.0603585 0.0098408 0.998128 13.8328 
0.998151 0.00234052 0.060733 -0.252944 -0.00152657 0.999908 -0.0134444 -0.295171 -0.060759 0.0133269 0.998064 13.9436 
0.998161 0.00136871 0.0605982 -0.253631 -0.000423243 0.999878 -0.0156117 -0.289454 -0.0606122 0.0155573 0.99804 14.0756 
0.998267 0.00203384 0.0588211 -0.261511 -0.00106957 0.999865 -0.0164194 -0.292761 -0.0588465 0.0163281 0.998134 14.1935 
0.998433 0.0017927 0.055924 -0.251434 -0.000823543 0.999849 -0.0173474 -0.298265 -0.0559467 0.0172742 0.998284 14.3227 
0.998664 0.00135158 0.051655 -0.251644 -0.000424452 0.999839 -0.0179544 -0.31322 -0.0516709 0.0179086 0.998504 14.4374 
0.998939 0.00244785 0.0459807 -0.255564 -0.00155905 0.999812 -0.0193548 -0.305837 -0.0460194 0.0192626 0.998755 14.5655 
0.999208 0.00159871 0.0397585 -0.255865 -0.000828946 0.999812 -0.0193688 -0.318611 -0.0397821 0.0193205 0.999022 14.7043 
0.999474 0.00178238 0.0323688 -0.2514 -0.00111728 0.999788 -0.0205525 -0.321499 -0.0323987 0.0205056 0.999265 14.8503 
0.999704 0.00156809 0.0242863 -0.277891 -0.00106021 0.999781 -0.0209089 -0.329023 -0.0243139 0.020877 0.999486 14.9421 
0.999899 0.000519895 0.0142137 -0.287996 -0.000208786 0.999761 -0.0218777 -0.333627 -0.0142217 0.0218726 0.99966 15.0792 
0.999999 -0.000227081 0.00140864 -0.293133 0.000261011 0.999709 -0.0241034 -0.328135 -0.00140279 0.0241038 0.999709 15.228 
0.9999 -0.000616387 -0.0141222 -0.331496 0.00024984 0.999663 -0.0259455 -0.327242 0.0141334 0.0259394 0.999564 15.3797 
0.999451 -0.000187311 -0.0331446 -0.374544 -0.000700019 0.999642 -0.0267591 -0.340412 0.0331377 0.0267676 0.999092 15.5382 
0.998499 0.000340481 -0.0547675 -0.410696 -0.00178746 0.999651 -0.0263743 -0.340796 0.0547394 0.0264326 0.998151 15.7307 
0.996873 0.000583469 -0.0790193 -0.442213 -0.0025835 0.999679 -0.0252113 -0.340693 0.0789792 0.0253366 0.996554 15.9574 
0.994303 0.000169604 -0.106592 -0.475546 -0.00273362 0.99971 -0.0239093 -0.358157 0.106557 0.0240645 0.994015 16.1768 
0.990571 0.00214545 -0.136982 -0.54106 -0.00516238 0.999752 -0.0216731 -0.37288 0.136901 0.0221759 0.990336 16.4311 
0.985139 0.00185971 -0.171748 -0.580339 -0.00493079 0.999836 -0.0174567 -0.395402 0.171687 0.0180442 0.984986 16.6721 
0.977793 0.00157869 -0.209566 -0.665489 -0.00457693 0.999894 -0.0138229 -0.390725 0.209522 0.0144751 0.977697 16.9474 
0.96822 0.00364728 -0.250075 -0.764088 -0.00610526 0.99994 -0.00905412 -0.391239 0.250027 0.0102932 0.968184 17.2271 
0.956398 0.00793573 -0.291957 -0.897027 -0.00929164 0.999952 -0.00325802 -0.410638 0.291917 0.00582878 0.956426 17.5133 
0.942231 0.0114597 -0.334767 -1.04073 -0.0118867 0.999929 0.000773349 -0.408263 0.334752 0.00325064 0.942301 17.8161 
0.925293 0.0129974 -0.37903 -1.20073 -0.01142 0.999914 0.0064097 -0.412544 0.379081 -0.0016023 0.925362 18.1213 
0.905948 0.0161248 -0.423082 -1.3914 -0.0116791 0.999846 0.0130983 -0.404356 0.423228 -0.00692514 0.905997 18.4216 
0.88422 0.0199282 -0.466645 -1.59283 -0.0124826 0.999741 0.0190414 -0.396316 0.466904 -0.0110118 0.88424 18.7126 
0.85884 0.0258102 -0.511594 -1.78181 -0.0157674 0.999589 0.0239602 -0.40758 0.512002 -0.0125114 0.858893 18.9828 
0.82985 0.0284631 -0.557261 -2.01379 -0.016651 0.999517 0.0262561 -0.400077 0.557739 -0.0125096 0.829922 19.2989 
0.798304 0.0308804 -0.601462 -2.29768 -0.0186977 0.999474 0.0264982 -0.375932 0.601964 -0.00990761 0.798462 19.602 
0.76423 0.0337599 -0.64406 -2.5783 -0.0193184 0.999379 0.0294619 -0.37663 0.644654 -0.0100735 0.764408 19.8725 
0.725603 0.0366977 -0.687135 -2.87755 -0.0203087 0.999284 0.031923 -0.344624 0.687814 -0.00920855 0.725828 20.1674 
0.685786 0.037865 -0.726818 -3.22743 -0.0176471 0.999217 0.0354053 -0.341466 0.72759 -0.0114542 0.685917 20.4473 
0.644332 0.0380678 -0.763798 -3.59808 -0.0178132 0.999236 0.034775 -0.318532 0.764539 -0.0088009 0.644518 20.7183 
0.600956 0.0363892 -0.798453 -3.9961 -0.0129492 0.999275 0.0357953 -0.297847 0.799177 -0.011172 0.600992 20.9922 
0.555243 0.0360742 -0.830906 -4.41031 -0.00743966 0.999234 0.0384108 -0.285219 0.831655 -0.0151456 0.555086 21.2278 
0.507573 0.036297 -0.860844 -4.86616 -0.00605449 0.999238 0.0385625 -0.248995 0.861588 -0.0143612 0.507406 21.4603 
0.458297 0.0369807 -0.88803 -5.31179 -0.00647256 0.999246 0.0382718 -0.242857 0.888776 -0.011792 0.458191 21.6335 
0.405814 0.0363616 -0.913232 -5.80288 0.000543155 0.999199 0.0400259 -0.238661 0.913956 -0.016739 0.405469 21.8096 
0.351357 0.036735 -0.935521 -6.31711 0.00355038 0.999171 0.0405678 -0.230308 0.936235 -0.0175752 0.350935 21.9741 
0.296053 0.0341386 -0.954561 -6.85364 0.0060795 0.999274 0.0376232 -0.183521 0.955152 -0.0169417 0.29563 22.1097 
0.24169 0.0399982 -0.969529 -7.43479 0.00692639 0.999054 0.0429428 -0.163403 0.970329 -0.0170941 0.241184 22.2188 
0.189536 0.0445123 -0.980864 -8.02838 0.00957323 0.998841 0.0471779 -0.131275 0.981827 -0.0183319 0.18889 22.3121 
0.140371 0.0454678 -0.989054 -8.64141 0.0147708 0.998738 0.0480092 -0.105116 0.989989 -0.0213482 0.139522 22.3723 
0.0964649 0.0476689 -0.994194 -9.25926 0.0179063 0.998608 0.0496179 -0.100191 0.995175 -0.0225887 0.095477 22.3934 
0.0559439 0.0444247 -0.997445 -9.90167 0.0157852 0.998845 0.0453725 -0.0569721 0.998309 -0.0182831 0.055178 22.403 
0.0206176 0.0410011 -0.998946 -10.5805 0.0146135 0.99904 0.0413066 -0.0423844 0.999681 -0.0154497 0.0199986 22.379 
-0.0075965 0.0398823 -0.999176 -11.2592 0.0116521 0.99914 0.0397923 -0.0137165 0.999903 -0.0113402 -0.00805468 22.3371 
-0.0281213 0.0439338 -0.998639 -11.9604 0.0100276 0.998996 0.0436671 0.00975597 0.999554 -0.00878594 -0.0285336 22.2898 
-0.0406742 0.0498054 -0.99793 -12.7192 0.0115682 0.998713 0.049373 0.0400681 0.999106 -0.00953602 -0.041198 22.2373 
-0.0485808 0.0523095 -0.997449 -13.4626 0.0118754 0.998587 0.0517909 0.0620438 0.998749 -0.00932907 -0.0491334 22.19 
-0.0526104 0.0502948 -0.997348 -14.2397 0.0143324 0.998666 0.0496052 0.0703594 0.998512 -0.0116846 -0.053261 22.137 
-0.0521598 0.0470652 -0.997529 -15.0239 0.0246584 0.998645 0.0458285 0.0877991 0.998334 -0.022207 -0.0532497 22.0896 
-0.0486393 0.0449335 -0.997805 -15.8517 0.0350946 0.998448 0.0432517 0.141134 0.9982 -0.0329138 -0.0501407 22.0784 
-0.0429894 0.0460533 -0.998014 -16.6533 0.03557 0.998374 0.0445378 0.153373 0.998442 -0.0335846 -0.0445576 22.0225 
-0.0399005 0.0440381 -0.998233 -17.6357 0.0326622 0.998552 0.0427466 0.217199 0.99867 -0.0308989 -0.0412811 22.0651 
-0.0358066 0.0374465 -0.998657 -18.4768 0.0366836 0.998674 0.0361319 0.244903 0.998685 -0.0353406 -0.0371328 21.9911 
-0.0338036 0.0271156 -0.999061 -19.3567 0.0342221 0.999077 0.0259581 0.254466 0.998842 -0.0333124 -0.0347004 21.9619 
-0.0333205 0.0190951 -0.999262 -20.2442 0.0260452 0.999495 0.018231 0.266475 0.999105 -0.0254185 -0.033801 21.9019 
-0.0349002 0.0162205 -0.999259 -21.1595 0.0211746 0.999656 0.0154874 0.279592 0.999167 -0.0206183 -0.0352317 21.8514 
-0.0406828 0.0221109 -0.998927 -22.0571 0.012849 0.999684 0.0216043 0.28955 0.99909 -0.0119563 -0.040954 21.8197 
-0.046741 0.0306741 -0.998436 -23.0264 0.00897641 0.999501 0.0302866 0.297597 0.998867 -0.0075467 -0.046993 21.751 
-0.0513722 0.0392032 -0.99791 -24.0548 0.00790037 0.999214 0.0388477 0.340977 0.998648 -0.00588812 -0.0516416 21.6818 
-0.0531739 0.0488064 -0.997392 -25.0967 0.0070173 0.998799 0.0485011 0.377296 0.998561 -0.00441997 -0.0534525 21.6209 
-0.0544679 0.0553137 -0.996982 -26.0967 0.00908271 0.998451 0.0548989 0.428887 0.998474 -0.00606504 -0.0548859 21.5451 
-0.0559357 0.0552368 -0.996905 -27.1157 0.00964478 0.998452 0.0547813 0.472751 0.998388 -0.00655066 -0.0563819 21.4762 
-0.0567884 0.053412 -0.996957 -28.1292 0.00888485 0.998555 0.0529916 0.50066 0.998347 -0.00584846 -0.057181 21.3973 
-0.0599939 0.048457 -0.997022 -29.1928 0.0101467 0.998799 0.0479328 0.532046 0.998147 -0.00724072 -0.0604136 21.3111 
-0.0639333 0.0431872 -0.997019 -30.2159 0.00962408 0.999043 0.0426577 0.566193 0.997908 -0.0068681 -0.0642878 21.216 
-0.0707592 0.0390661 -0.996728 -31.178 0.0118431 0.999195 0.0383221 0.58231 0.997423 -0.00909269 -0.0711649 21.1336 
-0.0769369 0.0374275 -0.996333 -32.2341 0.00994213 0.999274 0.0367703 0.605569 0.996986 -0.00707664 -0.0772532 21.0123 
-0.083363 0.0393793 -0.995741 -33.2807 0.0119852 0.999186 0.0385122 0.641948 0.996447 -0.00872361 -0.0837671 20.9053 
-0.0902264 0.0440773 -0.994945 -34.3595 0.0122444 0.998994 0.0431463 0.664965 0.995846 -0.00828958 -0.0906753 20.7929 
-0.0967816 0.0473714 -0.994178 -35.4161 0.00946461 0.998865 0.0466734 0.686249 0.995261 -0.00489234 -0.0971202 20.6805 
-0.101488 0.0492203 -0.993618 -36.4854 0.00870066 0.998781 0.0485874 0.719721 0.994799 -0.00371408 -0.101792 20.5426 
-0.105143 0.0509658 -0.99315 -37.547 0.00495736 0.9987 0.0507258 0.750628 0.994445 0.000410121 -0.105259 20.4242 
-0.108142 0.0509752 -0.992828 -38.6102 0.000782479 0.998689 0.0511909 0.799297 0.994135 0.00475905 -0.10804 20.2976 
-0.109983 0.0519656 -0.992574 -39.7128 0.000625722 0.998636 0.0522137 0.824595 0.993933 0.0051216 -0.109866 20.1556 
-0.112191 0.049998 -0.992428 -40.8369 0.00191246 0.998742 0.0500999 0.88319 0.993685 0.00372282 -0.112146 20.0372 
-0.113805 0.0492303 -0.992283 -41.9069 0.00162296 0.998779 0.0493665 0.918408 0.993502 0.00400774 -0.113746 19.9136 
-0.113371 0.049227 -0.992333 -42.9404 9.60171e-05 0.998772 0.0495355 0.933774 0.993553 0.00552064 -0.113236 19.7241 
-0.113218 0.046168 -0.992497 -44.0389 -0.00482551 0.998883 0.0470155 0.979929 0.993558 0.0101124 -0.112869 19.5526 
-0.111971 0.0419471 -0.992826 -45.147 -0.00941966 0.999019 0.0432711 1.00559 0.993667 0.0141972 -0.111466 19.3637 
-0.110011 0.041751 -0.993053 -46.2676 -0.011169 0.999002 0.0432385 1.03006 0.993868 0.0158481 -0.109435 19.1672 
-0.110749 0.046236 -0.992772 -47.3659 -0.010851 0.998802 0.0477272 1.05614 0.993789 0.0160583 -0.110114 19.0613 
-0.114582 0.050409 -0.992134 -48.3698 -0.00969389 0.998607 0.0518575 1.06434 0.993367 0.0155596 -0.113933 19.0259 
-0.113761 0.0501528 -0.992242 -49.494 -0.00680663 0.998662 0.0512578 1.10696 0.993485 0.012585 -0.113267 18.8808 
-0.111344 0.0498999 -0.992528 -50.6091 -0.00681318 0.998677 0.0509733 1.1295 0.993759 0.0124379 -0.110856 18.7386 
-0.106682 0.0494447 -0.993063 -51.7163 -0.0114818 0.998635 0.0509556 1.18752 0.994227 0.0168382 -0.105969 18.5708 
-0.10004 0.0510381 -0.993674 -52.8069 -0.0155902 0.998481 0.0528546 1.21585 0.994861 0.0207792 -0.0990924 18.406 
-0.0943595 0.0513638 -0.994212 -53.9447 -0.0202564 0.998362 0.0535007 1.24802 0.995332 0.0251875 -0.0931645 18.2691 
-0.0899003 0.0507944 -0.994655 -55.0764 -0.021558 0.998365 0.0529324 1.29515 0.995717 0.0262014 -0.0886584 18.1615 
-0.0838847 0.0495486 -0.995243 -56.1955 -0.0216538 0.998437 0.0515327 1.35081 0.99624 0.0258736 -0.0826806 18.0457 
-0.0780962 0.0484879 -0.995766 -57.3345 -0.0189751 0.998563 0.0501123 1.40597 0.996765 0.0228083 -0.0770639 17.9301 
-0.0727074 0.0508523 -0.996056 -58.4757 -0.0170392 0.99849 0.0522203 1.43668 0.997208 0.0207688 -0.0717312 17.8315 
-0.0670289 0.0525603 -0.996366 -59.5483 -0.0155539 0.998435 0.0537159 1.47369 0.99763 0.0190979 -0.0661065 17.7255 
-0.0607862 0.0524553 -0.996772 -60.6704 -0.0172436 0.998414 0.0535933 1.52814 0.998002 0.0204457 -0.0597852 17.6242 
-0.0531266 0.0502975 -0.99732 -61.9467 -0.0159545 0.998561 0.0512099 1.61636 0.99846 0.0186324 -0.0522476 17.4871 
-0.0475996 0.0462827 -0.997794 -63.0951 -0.0176887 0.99873 0.04717 1.65551 0.99871 0.019895 -0.0467205 17.4033 
-0.0437694 0.0400956 -0.998237 -64.2445 -0.0165447 0.999028 0.0408528 1.7049 0.998905 0.0183037 -0.0430635 17.3371 
-0.0402726 0.0409634 -0.998349 -65.44 -0.0177139 0.998973 0.0417036 1.73113 0.999032 0.0193642 -0.0395056 17.2522 
-0.0398033 0.0415358 -0.998344 -66.5708 -0.0193821 0.998916 0.0423323 1.77825 0.99902 0.021035 -0.038955 17.2216 
-0.0390004 0.0420553 -0.998354 -67.73 -0.0184283 0.998914 0.0427988 1.79289 0.999069 0.0200672 -0.038183 17.1743 
-0.0390394 0.0411729 -0.998389 -68.8872 -0.0210792 0.998895 0.042018 1.82228 0.999015 0.0226856 -0.0381284 17.117 
-0.0404202 0.0417793 -0.998309 -70.0614 -0.0223131 0.998839 0.0427049 1.86062 0.998934 0.0240016 -0.039441 17.0761 
-0.0404149 0.0409434 -0.998344 -71.2668 -0.0249548 0.998807 0.0419726 1.90943 0.998871 0.0266098 -0.039345 17.0184 
-0.0378067 0.0380753 -0.998559 -72.4544 -0.02514 0.998921 0.0390409 1.95511 0.998969 0.0265798 -0.0368087 16.9363 
-0.0379941 0.0362487 -0.99862 -73.6637 -0.0249436 0.998996 0.0372114 1.99721 0.998967 0.026323 -0.0370518 16.8714 
-0.0386987 0.0349725 -0.998639 -74.8415 -0.0217653 0.999121 0.0358328 2.03168 0.999014 0.0231224 -0.0379035 16.8166 
-0.0368091 0.0358305 -0.99868 -76.0291 -0.0210535 0.999107 0.0366219 2.06209 0.999101 0.0223738 -0.0360219 16.7357 
-0.038457 0.0381425 -0.998532 -77.2409 -0.0195233 0.999052 0.0389143 2.08463 0.99907 0.0209912 -0.0376758 16.6847 
-0.0366282 0.0430295 -0.998402 -78.423 -0.0219735 0.998796 0.0438526 2.08625 0.999087 0.0235447 -0.0356386 16.6008 
-0.0342994 0.0429564 -0.998488 -79.6234 -0.0243717 0.998743 0.0438045 2.11978 0.999114 0.0258373 -0.0332093 16.5087 
-0.0324741 0.0402743 -0.998661 -80.8021 -0.0258691 0.998819 0.0411219 2.15229 0.999138 0.0271699 -0.0313939 16.43 
-0.0344817 0.0387566 -0.998654 -81.9926 -0.026989 0.998847 0.039696 2.17366 0.999041 0.0283215 -0.0333959 16.386 
-0.0361186 0.0372576 -0.998653 -83.1819 -0.0255995 0.998942 0.0381942 2.19894 0.99902 0.0269446 -0.0351266 16.3577 
-0.037064 0.0381894 -0.998583 -84.3717 -0.024697 0.998929 0.0391193 2.23617 0.999008 0.026112 -0.0360812 16.3059 
-0.0380358 0.0415147 -0.998414 -85.5724 -0.0185031 0.998936 0.0422413 2.27183 0.999105 0.0200804 -0.0372272 16.2574 
-0.0369611 0.0438834 -0.998353 -86.7245 -0.0206443 0.998789 0.0446668 2.29455 0.999103 0.0222613 -0.0360104 16.1785 
-0.0347006 0.0420035 -0.998515 -87.8691 -0.0213593 0.998857 0.0427602 2.35566 0.99917 0.0228114 -0.0337638 16.0854 
-0.0360331 0.0422135 -0.998459 -88.9578 -0.0246385 0.998766 0.0431157 2.3062 0.999047 0.0261542 -0.0349486 16.0571 
-0.0365844 0.0411429 -0.998483 -90.176 -0.0194199 0.998934 0.0418731 2.34062 0.999142 0.0209224 -0.0357464 16.0241 
-0.0344498 0.0419351 -0.998526 -91.4639 -0.0182041 0.998927 0.04258 2.38335 0.999241 0.0196442 -0.0336495 15.8866 
-0.0340076 0.0443909 -0.998435 -92.6196 -0.0140038 0.998894 0.0448883 2.42761 0.999324 0.0155085 -0.0333484 15.8296 
-0.0355606 0.0475817 -0.998234 -93.7002 -0.013045 0.998759 0.0480714 2.42938 0.999282 0.0147315 -0.0348957 15.7866 
-0.036571 0.0494561 -0.998107 -94.8138 -0.0122251 0.998678 0.0499323 2.45407 0.999256 0.0140281 -0.0359181 15.7458 
-0.0368992 0.0515458 -0.997989 -95.9502 -0.013571 0.998551 0.0520766 2.49299 0.999227 0.0154653 -0.0361462 15.6863 
-0.037593 0.0505429 -0.998014 -97.075 -0.015601 0.998569 0.0511586 2.51706 0.999171 0.0174932 -0.0367507 15.6321 
-0.039064 0.0469056 -0.998135 -98.2368 -0.0160693 0.998739 0.0475629 2.54524 0.999108 0.0178973 -0.038261 15.5803 
-0.0399342 0.0461047 -0.998138 -99.3901 -0.0167909 0.998763 0.0468054 2.55678 0.999061 0.0186288 -0.0391106 15.5292 
-0.0410567 0.0435313 -0.998208 -100.565 -0.0151539 0.998908 0.0441852 2.60007 0.999042 0.0169409 -0.0403522 15.5006 
-0.041659 0.0441945 -0.998154 -101.721 -0.0147882 0.998885 0.0448441 2.64091 0.999022 0.0166291 -0.040959 15.4496 
-0.0417712 0.0460062 -0.998067 -102.892 -0.0136786 0.998819 0.0466134 2.66967 0.999034 0.0155993 -0.0410926 15.3934 
-0.0436304 0.047072 -0.997938 -103.999 -0.0117729 0.998796 0.0476272 2.72123 0.998978 0.0138267 -0.0430237 15.356 
-0.045305 0.0467417 -0.997879 -105.115 -0.014633 0.998767 0.0474476 2.73618 0.998866 0.0167516 -0.0445652 15.305 
-0.0462159 0.0484626 -0.997755 -106.237 -0.0184579 0.998611 0.0493591 2.75996 0.998761 0.0206977 -0.0452572 15.2309 
-0.0463331 0.0466939 -0.997834 -107.398 -0.0211622 0.998637 0.0477141 2.80794 0.998702 0.0233271 -0.0452818 15.1481 
-0.04791 0.0433394 -0.997911 -108.564 -0.023465 0.998734 0.0445017 2.83372 0.998576 0.0255481 -0.0468324 15.0906 
-0.048001 0.0403873 -0.99803 -109.766 -0.0254413 0.998809 0.0416424 2.8648 0.998523 0.0273901 -0.0469163 15.0009 
-0.0512674 0.0404021 -0.997867 -110.908 -0.02143 0.998907 0.0415452 2.87294 0.998455 0.0235143 -0.0503456 14.9702 
-0.0532386 0.0401322 -0.997775 -112.045 -0.015503 0.999038 0.0410102 2.89803 0.998462 0.0176519 -0.0525653 14.9225 
-0.0565405 0.0425358 -0.997494 -113.166 -0.0148322 0.998946 0.0434384 2.92185 0.99829 0.0172511 -0.05585 14.8697 
-0.0564745 0.0473431 -0.997281 -114.388 -0.0132408 0.998752 0.0481627 2.94452 0.998316 0.0159248 -0.0557772 14.7732 
-0.0578604 0.0479948 -0.99717 -115.603 -0.0130382 0.998722 0.048826 2.97579 0.99824 0.0158264 -0.0571607 14.6958 
-0.0573168 0.0439974 -0.997386 -116.84 -0.012746 0.998915 0.0447973 3.02135 0.998275 0.0152804 -0.0566938 14.5679 
-0.0580279 0.0402928 -0.997502 -118.079 -0.0129496 0.999071 0.0411095 3.0533 0.998231 0.0153028 -0.0574522 14.4673 
-0.0590411 0.0369474 -0.997572 -119.298 -0.0104352 0.999237 0.0376267 3.10947 0.998201 0.0126314 -0.0586105 14.3675 
-0.0618101 0.0389983 -0.997326 -120.476 -0.0104033 0.999157 0.0397146 3.13083 0.998034 0.0128302 -0.0613523 14.302 
-0.0626698 0.0439161 -0.997068 -121.667 -0.0154049 0.99887 0.0449638 3.15087 0.997915 0.0181777 -0.0619225 14.1821 
-0.0631777 0.0461283 -0.996936 -122.947 -0.0216703 0.998632 0.0475801 3.20699 0.997767 0.0246099 -0.0620916 14.0842 
-0.0652691 0.0462227 -0.996797 -124.165 -0.027868 0.998453 0.0481243 3.23956 0.997479 0.0309198 -0.06388 13.9951 
-0.0661441 0.04374 -0.996851 -125.383 -0.0312344 0.998458 0.0458831 3.28687 0.997321 0.034171 -0.0646759 13.9019 
-0.0671428 0.041817 -0.996867 -126.648 -0.0323209 0.998506 0.0440627 3.32815 0.99722 0.0351782 -0.0656909 13.7894 
-0.0679057 0.0413263 -0.996836 -127.92 -0.0325737 0.998517 0.043615 3.37288 0.99716 0.0354323 -0.0664589 13.6783 
-0.0693097 0.0408703 -0.996758 -129.094 -0.0303569 0.998611 0.0430572 3.39421 0.997133 0.0332428 -0.0679727 13.5594 
-0.070112 0.0397957 -0.996745 -130.334 -0.0284593 0.998717 0.0418763 3.45244 0.997133 0.0313028 -0.0688895 13.4534 
-0.0724193 0.0453236 -0.996344 -131.596 -0.030123 0.998412 0.0476071 3.48648 0.996919 0.0334605 -0.070939 13.3618 
-0.0736678 0.0508961 -0.995983 -132.851 -0.0291379 0.998161 0.0531626 3.49109 0.996857 0.0329373 -0.0720493 13.257 
-0.0731212 0.0506053 -0.996038 -134.108 -0.0309379 0.998116 0.0529821 3.51846 0.996843 0.0346894 -0.0714178 13.1258 
-0.0738585 0.0500609 -0.996011 -135.371 -0.0296557 0.998187 0.0523693 3.54646 0.996828 0.0334053 -0.0722401 13.0537 
-0.0744775 0.0497922 -0.995979 -136.594 -0.0300384 0.998187 0.0521488 3.58945 0.99677 0.0338015 -0.0728469 12.9785 
-0.074856 0.048173 -0.99603 -137.823 -0.0284262 0.998324 0.0504203 3.63859 0.996789 0.0320877 -0.0733612 12.8901 
-0.0743332 0.050058 -0.995976 -139.102 -0.0307924 0.998148 0.0524653 3.71309 0.996758 0.0345685 -0.0726541 12.8021 
-0.0743188 0.0529667 -0.995827 -140.372 -0.0311872 0.997977 0.0554086 3.76676 0.996747 0.035175 -0.0725166 12.6875 
-0.0758803 0.0558601 -0.995551 -141.646 -0.0335773 0.99772 0.0585411 3.78334 0.996551 0.0378701 -0.0738316 12.6259 
-0.0769268 0.0539321 -0.995577 -142.829 -0.0365144 0.997714 0.0568693 3.81748 0.996368 0.0407277 -0.0747816 12.5506 
-0.0775704 0.0502328 -0.995721 -144.043 -0.0337342 0.998026 0.0529771 3.86623 0.996416 0.0376994 -0.0757227 12.4393 
-0.0786006 0.0497905 -0.995662 -145.214 -0.0304132 0.998167 0.0523167 3.89211 0.996442 0.0343934 -0.0769423 12.3584 
-0.0834144 0.0496167 -0.995279 -146.381 -0.0280578 0.998247 0.0521162 3.92365 0.99612 0.0322727 -0.081876 12.3214 
-0.08369 0.051705 -0.99515 -147.65 -0.0261221 0.998196 0.0540601 3.95058 0.996149 0.0305197 -0.0821884 12.2021 
-0.0859868 0.0503066 -0.995025 -148.877 -0.0242159 0.998324 0.052566 4.00515 0.996002 0.0286155 -0.0846245 12.1386 
-0.0876131 0.0511998 -0.994838 -150.082 -0.0239986 0.99828 0.0534904 4.03595 0.995866 0.0285612 -0.0862337 12.0176 
-0.0882858 0.0552916 -0.994559 -151.299 -0.0218183 0.998111 0.0574258 4.06461 0.995856 0.0267695 -0.0869127 11.8753 
-0.0897981 0.0556809 -0.994402 -152.473 -0.0187825 0.998164 0.0575877 4.12721 0.995783 0.0238486 -0.0885874 11.7677 
-0.0906469 0.0539629 -0.99442 -153.693 -0.0176369 0.998287 0.0557805 4.19327 0.995727 0.0225948 -0.0895399 11.6379 
-0.0920534 0.0534447 -0.994319 -154.923 -0.0185068 0.998294 0.0553717 4.24659 0.995582 0.0234988 -0.0909073 11.5135 
-0.0919198 0.0568827 -0.99414 -156.152 -0.0179164 0.998111 0.0587665 4.3033 0.995605 0.0232132 -0.090727 11.3761 
-0.0928503 0.0638551 -0.99363 -157.348 -0.0242358 0.997501 0.0663685 4.33743 0.995385 0.0302438 -0.0910706 11.2466 
-0.0914517 0.0635778 -0.993778 -158.577 -0.027793 0.997408 0.0663677 4.3928 0.995422 0.0336895 -0.0894477 11.0938 
-0.0919055 0.0603593 -0.993937 -159.762 -0.0321439 0.997461 0.0635455 4.43774 0.995249 0.0377892 -0.089732 10.9691 
-0.0881781 0.0550856 -0.99458 -161.011 -0.0330101 0.99776 0.0581883 4.4922 0.995558 0.0379622 -0.0861621 10.7938 
-0.0883314 0.0534967 -0.994654 -162.216 -0.0380726 0.997646 0.0570387 4.52662 0.995363 0.0429074 -0.0860867 10.6678 
-0.0882851 0.0502336 -0.994828 -163.447 -0.0323679 0.998056 0.053269 4.58662 0.995569 0.0369034 -0.0864875 10.5486 
-0.0897934 0.0465854 -0.99487 -164.631 -0.0306736 0.998302 0.0495145 4.62578 0.995488 0.0349623 -0.088212 10.4378 
-0.0916539 0.0425653 -0.994881 -165.816 -0.0217004 0.998763 0.0447306 4.67747 0.995554 0.0256891 -0.0906168 10.3485 
-0.0950355 0.0462297 -0.9944 -167.068 -0.0188437 0.998659 0.0482286 4.70537 0.995296 0.0233217 -0.0940369 10.2516 
-0.0948129 0.0534518 -0.994059 -168.289 -0.0199149 0.998256 0.0555769 4.73345 0.995296 0.025066 -0.093583 10.1009 
-0.0953769 0.057054 -0.993805 -169.5 -0.0200161 0.998044 0.0592184 4.76951 0.99524 0.0255402 -0.0940483 9.99354 
-0.0935241 0.0534091 -0.994183 -170.709 -0.0206254 0.998242 0.0555674 4.82266 0.995403 0.0257023 -0.0922581 9.85938 
-0.0923306 0.0525893 -0.994339 -171.906 -0.0227663 0.998232 0.0549092 4.88196 0.995468 0.0277072 -0.0909701 9.71322 
-0.0917021 0.0542818 -0.994306 -173.129 -0.0217647 0.998165 0.0564998 4.92769 0.995549 0.026822 -0.0903524 9.58461 
-0.093015 0.0516832 -0.994322 -174.394 -0.0210681 0.998326 0.0538622 4.98853 0.995442 0.0259586 -0.0917704 9.48333 
-0.0906539 0.050367 -0.994608 -175.58 -0.01975 0.998433 0.0523608 5.03909 0.995687 0.0243903 -0.0895171 9.33614 
-0.089701 0.0507497 -0.994675 -176.681 -0.0238901 0.998304 0.0530893 5.07793 0.995682 0.0285251 -0.0883365 9.20294 
-0.0884841 0.0538324 -0.994622 -177.772 -0.0247009 0.998113 0.0562188 5.08758 0.995771 0.0295425 -0.0869874 9.09769 
-0.0889413 0.0547628 -0.99453 -178.896 -0.0247818 0.998057 0.0571733 5.14144 0.995729 0.0297313 -0.0874113 8.98054 
-0.0891219 0.0555501 -0.99447 -180.001 -0.0264252 0.99796 0.0581132 5.18224 0.99567 0.0314583 -0.0874722 8.85092 
-0.0863628 0.0564259 -0.994665 -181.07 -0.0249538 0.997959 0.0587795 5.22296 0.995951 0.029897 -0.0847785 8.69485 
-0.0873301 0.055858 -0.994612 -182.077 -0.0254588 0.997976 0.0582823 5.25277 0.995854 0.0304115 -0.0857313 8.59711 
-0.0856676 0.0556771 -0.994767 -183.049 -0.0260961 0.997969 0.0581037 5.28363 0.995982 0.0309371 -0.0840407 8.49636 
-0.0842428 0.0567237 -0.994829 -184.006 -0.0269644 0.997883 0.0591811 5.31987 0.99608 0.0318106 -0.0825349 8.39413 
-0.087244 0.0559919 -0.994612 -184.938 -0.0231882 0.998035 0.0582185 5.34083 0.995917 0.0281425 -0.0857742 8.34202 
-0.0897132 0.0544319 -0.994479 -185.876 -0.0224478 0.998141 0.0566574 5.35905 0.995715 0.0274069 -0.0883245 8.21225 
-0.0966523 0.0507582 -0.994023 -186.76 -0.0220125 0.998346 0.0531193 5.38276 0.995075 0.0270151 -0.0953751 8.14223 
-0.101955 0.0475638 -0.993651 -187.733 -0.0246194 0.99843 0.0503186 5.41655 0.994484 0.0295934 -0.100624 8.07432 
-0.104559 0.0456028 -0.993473 -188.647 -0.0281754 0.998411 0.0487949 5.46194 0.99412 0.0330934 -0.103108 7.93801 
-0.110862 0.0464631 -0.992749 -189.506 -0.0300285 0.998294 0.050076 5.49271 0.993382 0.0353623 -0.109278 7.86573 
-0.112446 0.0490558 -0.992446 -190.441 -0.0287005 0.998204 0.0525922 5.51483 0.993243 0.0343976 -0.110836 7.73163 
-0.116012 0.0512561 -0.991924 -191.317 -0.0254356 0.998187 0.0545546 5.54752 0.992922 0.0315592 -0.114498 7.63027 
-0.117377 0.0513072 -0.991761 -192.228 -0.023845 0.998231 0.054464 5.58479 0.992801 0.0300414 -0.115946 7.51859 
-0.119007 0.0516234 -0.99155 -193.135 -0.0252399 0.998167 0.0549973 5.60901 0.992573 0.0315717 -0.117486 7.41628 
-0.11995 0.0500167 -0.991519 -194.042 -0.0267328 0.998205 0.053588 5.64128 0.99242 0.032934 -0.118397 7.28786 
-0.121497 0.048463 -0.991408 -194.944 -0.029706 0.998182 0.0524346 5.68196 0.992147 0.0358214 -0.119836 7.18759 
-0.120141 0.0464519 -0.99167 -195.855 -0.0336753 0.998139 0.0508348 5.7091 0.992186 0.0395021 -0.118353 7.04316 
-0.118399 0.0423134 -0.992064 -196.76 -0.0347646 0.998303 0.0467285 5.75347 0.992357 0.0400213 -0.116727 6.8999 
-0.116803 0.0391855 -0.992382 -197.695 -0.0339374 0.99848 0.0434207 5.792 0.992575 0.0387506 -0.115296 6.7615 
-0.116898 0.03872 -0.992389 -198.606 -0.0331362 0.998531 0.0428629 5.81884 0.992591 0.0378946 -0.115444 6.64775 
-0.117115 0.0431102 -0.992182 -199.499 -0.0299958 0.998448 0.0469231 5.8176 0.992665 0.0352567 -0.11564 6.52855 
-0.118072 0.0453319 -0.99197 -200.399 -0.0285917 0.998388 0.0490284 5.82698 0.992593 0.034151 -0.116586 6.39767 
-0.117741 0.0408424 -0.992204 -201.31 -0.0217081 0.998809 0.0436903 5.85317 0.992807 0.026683 -0.116714 6.2992 
-0.116855 0.0358438 -0.992502 -202.195 -0.0235317 0.998968 0.0388479 5.89878 0.99287 0.0278949 -0.115891 6.17274 
-0.117367 0.0353359 -0.99246 -203.117 -0.0289292 0.998821 0.0389835 5.9191 0.992667 0.0332865 -0.116206 6.05384 
-0.116199 0.0391373 -0.992455 -204.035 -0.0270205 0.998729 0.0425483 5.94665 0.992858 0.0317607 -0.114994 5.94697 
-0.115762 0.0389016 -0.992515 -204.974 -0.0265462 0.998755 0.0422424 5.97444 0.992922 0.0312376 -0.114585 5.83923 
-0.111996 0.0402278 -0.992894 -205.917 -0.0254539 0.998736 0.0433357 6.01289 0.993383 0.0301265 -0.11083 5.67101 
-0.111902 0.0447311 -0.992712 -206.847 -0.026092 0.99851 0.0479336 6.04255 0.993377 0.0312658 -0.110568 5.55257 
-0.109514 0.0503291 -0.99271 -207.809 -0.0258378 0.998236 0.0534596 6.0526 0.993649 0.0315041 -0.108021 5.40805 
-0.109697 0.0507767 -0.992667 -208.777 -0.0257823 0.998213 0.0539095 6.09468 0.993631 0.031507 -0.108192 5.29524 
-0.108344 0.0510981 -0.992799 -209.787 -0.0313991 0.998004 0.0547925 6.13323 0.993618 0.0371095 -0.106523 5.1672 
-0.106973 0.0537579 -0.992808 -210.814 -0.0341578 0.997749 0.0577059 6.1611 0.993675 0.0400851 -0.104896 5.06917 
-0.103042 0.0539257 -0.993214 -211.863 -0.0351049 0.99771 0.0578118 6.21003 0.994057 0.0408237 -0.100913 4.94261 
-0.101304 0.0522566 -0.993482 -212.84 -0.0368871 0.997736 0.0562417 6.23467 0.994171 0.0423442 -0.0991469 4.84481 
-0.100464 0.0482099 -0.993772 -213.805 -0.0367802 0.997963 0.0521314 6.2787 0.994261 0.0417885 -0.0984866 4.78126 
-0.098516 0.0480292 -0.993976 -214.888 -0.0353806 0.998034 0.0517319 6.31888 0.994506 0.0402639 -0.096623 4.65513 
-0.0983721 0.0501634 -0.993885 -215.963 -0.0355303 0.997915 0.0538835 6.36281 0.994515 0.0406137 -0.0963847 4.56527 
-0.0965841 0.0529853 -0.993914 -217.015 -0.0369384 0.997703 0.0567768 6.40648 0.994639 0.0421974 -0.0944051 4.43939 
-0.0952492 0.0527168 -0.994057 -218.084 -0.0373941 0.997703 0.0564932 6.44868 0.994751 0.0425528 -0.0930591 4.29728 
-0.0953591 0.0501286 -0.99418 -219.102 -0.0378004 0.997829 0.0539383 6.48758 0.994725 0.042724 -0.0932572 4.1965 
-0.0936589 0.0464606 -0.99452 -220.216 -0.0352314 0.99813 0.0499472 6.56194 0.994981 0.0397164 -0.0918469 4.03749 
-0.0910486 0.0442207 -0.994864 -221.261 -0.0350906 0.998251 0.0475827 6.61568 0.995228 0.0392428 -0.0893376 3.8627 
-0.0920079 0.0433776 -0.994813 -222.381 -0.0346826 0.998305 0.0467376 6.66592 0.995154 0.0388029 -0.0903474 3.74452 
-0.0919134 0.0436354 -0.994811 -223.47 -0.0348624 0.998286 0.0470089 6.69334 0.995157 0.0390022 -0.0902347 3.62574 
-0.0919266 0.0435143 -0.994815 -224.58 -0.0382407 0.998154 0.047194 6.74225 0.995031 0.0423808 -0.0900929 3.49613 
-0.0927547 0.0453915 -0.994654 -225.692 -0.0386292 0.998044 0.0491485 6.79172 0.994939 0.0429814 -0.0908199 3.3823 
-0.0953183 0.0463482 -0.994367 -226.828 -0.0398067 0.997939 0.0503305 6.84596 0.994651 0.0443799 -0.0932769 3.28745 
-0.0965932 0.0480375 -0.994164 -227.953 -0.0394267 0.997866 0.052047 6.8927 0.994543 0.044224 -0.0944931 3.16557 
-0.0965327 0.0478389 -0.99418 -229.114 -0.0421682 0.997751 0.0521052 6.95802 0.994436 0.0469526 -0.0942983 3.01897 
-0.0971163 0.0472162 -0.994152 -230.232 -0.0434712 0.99772 0.0516322 6.99349 0.994323 0.0482314 -0.0948423 2.86969 
-0.0964998 0.0420479 -0.994444 -231.39 -0.0411651 0.998084 0.0461964 7.0494 0.994481 0.0453944 -0.094584 2.71713 
-0.0974308 0.0360671 -0.994589 -232.539 -0.0374749 0.998502 0.0398801 7.09134 0.994537 0.0411577 -0.0959332 2.57034 
-0.0991519 0.0319627 -0.994559 -233.684 -0.0315008 0.998882 0.0352421 7.12394 0.994574 0.0348238 -0.0980343 2.44645 
-0.100488 0.032864 -0.994395 -234.83 -0.0256135 0.999038 0.0356057 7.14473 0.994609 0.0290479 -0.0995491 2.28346 
-0.103327 0.0372249 -0.993951 -235.97 -0.020626 0.999004 0.0395583 7.16666 0.994434 0.0245887 -0.102456 2.13464 
-0.106949 0.0402719 -0.993449 -237.171 -0.0173577 0.998952 0.0423636 7.18934 0.994113 0.0217747 -0.106138 1.99531 
-0.108255 0.039499 -0.993338 -238.369 -0.0144923 0.999042 0.0413051 7.22946 0.994018 0.0188672 -0.107578 1.85106 
-0.111438 0.0395091 -0.992986 -239.583 -0.015192 0.999025 0.0414543 7.26751 0.993655 0.019705 -0.110729 1.71928 
-0.11276 0.0416265 -0.99275 -240.831 -0.015985 0.998917 0.0437007 7.29475 0.993494 0.0207969 -0.111972 1.54694 
-0.115723 0.0408322 -0.992442 -242.051 -0.014301 0.998983 0.0427689 7.34518 0.993179 0.0191423 -0.115022 1.39938 
-0.118114 0.0391925 -0.992226 -243.279 -0.014839 0.99904 0.0412281 7.38835 0.992889 0.0195933 -0.117419 1.23453 
-0.122637 0.0392186 -0.991676 -244.445 -0.0121242 0.999085 0.041011 7.40363 0.992378 0.0170528 -0.122049 1.10082 
-0.124784 0.0386628 -0.99143 -245.692 -0.0109758 0.999126 0.0403443 7.46598 0.992123 0.0159161 -0.12425 0.929301 
-0.127154 0.0389535 -0.991118 -246.878 -0.0104916 0.99912 0.040614 7.47471 0.991828 0.0155627 -0.126633 0.748563 
-0.130584 0.0401441 -0.990624 -248.134 -0.0112355 0.999056 0.0419669 7.5044 0.991374 0.0166104 -0.13001 0.573689 
-0.132001 0.0408789 -0.990406 -249.357 -0.0115981 0.999017 0.0427801 7.54817 0.991182 0.0171339 -0.131397 0.364458 
-0.134077 0.0410329 -0.990121 -250.591 -0.0146659 0.998951 0.0433848 7.58771 0.990862 0.0203379 -0.133334 0.185304 
-0.135829 0.0417213 -0.989853 -251.794 -0.0166648 0.998875 0.0443884 7.62398 0.990592 0.022525 -0.134981 -0.0120379 
-0.137174 0.0415984 -0.989673 -253.032 -0.0152735 0.99891 0.0441036 7.66099 0.990429 0.0211657 -0.13639 -0.187808 
-0.138175 0.0406463 -0.989573 -254.215 -0.0141038 0.998975 0.0430018 7.67041 0.990307 0.0198986 -0.13746 -0.36484 
-0.1389 0.0401457 -0.989492 -255.402 -0.0108436 0.999056 0.0420559 7.69074 0.990247 0.0165713 -0.138334 -0.519494 
-0.139484 0.0398246 -0.989423 -256.648 -0.0100022 0.999083 0.0416235 7.72488 0.990174 0.0157023 -0.138958 -0.70726 
-0.139592 0.0395086 -0.989421 -257.866 -0.00854716 0.999118 0.0411018 7.76381 0.990172 0.0141943 -0.139132 -0.89855 
-0.139185 0.0395542 -0.989476 -259.098 -0.00731579 0.999134 0.0409693 7.79048 0.990239 0.0129411 -0.138775 -1.09859 
-0.139133 0.0399381 -0.989468 -260.351 -0.00644045 0.999129 0.0412337 7.8288 0.990253 0.0121096 -0.138754 -1.29541 
-0.140283 0.0408106 -0.98927 -261.572 -0.00337974 0.999125 0.0416964 7.8655 0.990106 0.0091928 -0.140022 -1.47638 
-0.141363 0.0436144 -0.988997 -262.773 0.00146977 0.999037 0.0438471 7.89694 0.989957 0.00474481 -0.141291 -1.66348 
-0.143108 0.0468179 -0.988599 -264.044 0.00681485 0.998903 0.0463194 7.9336 0.989684 -0.000108454 -0.14327 -1.82897 
-0.143276 0.0505448 -0.988391 -265.251 0.00751121 0.998722 0.0499843 7.96263 0.989654 -0.000262427 -0.143473 -2.03841 
-0.142986 0.0491484 -0.988504 -266.43 0.00751026 0.998791 0.0485736 7.98787 0.989696 -0.000478518 -0.143183 -2.24429 
-0.143748 0.0477337 -0.988463 -267.623 0.00382178 0.998855 0.0476798 8.01902 0.989607 0.00307621 -0.143765 -2.43423 
-0.144788 0.0500957 -0.988194 -268.835 -0.00139737 0.998706 0.0508334 8.05643 0.989462 0.00874096 -0.14453 -2.64058 
-0.144153 0.0551834 -0.988016 -270.033 -0.00842956 0.998339 0.0569899 8.07926 0.98952 0.0165438 -0.143448 -2.87117 
-0.142455 0.0553328 -0.988253 -271.163 -0.0128408 0.998249 0.0577434 8.09544 0.989718 0.0209159 -0.141495 -3.13455 
-0.143086 0.0496795 -0.988463 -272.347 -0.0114657 0.998589 0.0518482 8.12004 0.989644 0.0187522 -0.142315 -3.31761 
-0.143447 0.0453728 -0.988617 -273.564 -0.00755364 0.998869 0.0469393 8.13271 0.989629 0.014201 -0.142942 -3.51921 
-0.144787 0.0454852 -0.988417 -274.72 -0.0016793 0.99893 0.046215 8.16296 0.989461 0.00835122 -0.144556 -3.68221 
-0.143288 0.0470777 -0.988561 -275.958 0.00218309 0.998881 0.0472527 8.20251 0.989679 0.00461269 -0.143231 -3.87761 
-0.140953 0.0498363 -0.988761 -277.13 0.00390802 0.998752 0.0497828 8.23652 0.990009 0.00315298 -0.140972 -4.07999 
-0.139568 0.0504937 -0.988924 -278.368 0.00249302 0.998714 0.0506417 8.3022 0.990209 0.00460259 -0.139514 -4.28272 
-0.137783 0.0517326 -0.989111 -279.588 0.0013252 0.998644 0.0520466 8.34435 0.990462 0.00586038 -0.137664 -4.49539 
-0.137235 0.0536783 -0.989083 -280.787 -2.71776e-05 0.99853 0.0541948 8.37187 0.990539 0.00746434 -0.137032 -4.69536 
-0.13683 0.0536053 -0.989143 -281.964 0.000542429 0.998539 0.0540394 8.40088 0.990594 0.00685773 -0.136659 -4.88992 
-0.136673 0.0517517 -0.989264 -283.139 -0.000178466 0.998633 0.0522665 8.45142 0.990616 0.00731999 -0.136477 -5.09291 
-0.13577 0.0508708 -0.989434 -284.338 -0.00152645 0.998669 0.0515551 8.49662 0.990739 0.00851001 -0.135512 -5.28796 
-0.136463 0.0494133 -0.989412 -285.514 -0.000504379 0.998752 0.0499493 8.55642 0.990645 0.00731532 -0.136268 -5.46007 
-0.136985 0.0502279 -0.989299 -286.739 0.00262425 0.998729 0.0503433 8.576 0.99057 0.00430015 -0.136943 -5.65433 
-0.136175 0.0488999 -0.989477 -287.959 0.00163369 0.998791 0.0491354 8.65799 0.990683 0.00507455 -0.13609 -5.86958 
-0.135283 0.048168 -0.989636 -289.167 0.000926183 0.998823 0.0484886 8.70604 0.990807 0.00564314 -0.135168 -6.05933 
-0.136716 0.0470521 -0.989492 -290.376 0.000270065 0.998873 0.0474609 8.74708 0.99061 0.00622145 -0.136574 -6.22535 
-0.136236 0.0435259 -0.98972 -291.596 -0.00024884 0.999033 0.0439698 8.79269 0.990676 0.0062366 -0.136094 -6.41382 
-0.136152 0.0411781 -0.989832 -292.769 0.000643955 0.999139 0.0414767 8.79254 0.990688 0.00500978 -0.136062 -6.61973 
-0.137279 0.0391946 -0.989757 -293.928 -0.00119367 0.99921 0.0397345 8.82932 0.990532 0.00663618 -0.137124 -6.78939 
-0.137404 0.0399411 -0.989709 -295.187 -0.00406412 0.999156 0.0408866 8.83985 0.990507 0.00964033 -0.137126 -6.98079 
-0.137803 0.0403586 -0.989637 -296.41 -0.00656898 0.99911 0.0416597 8.87634 0.990438 0.0122418 -0.137415 -7.19159 
-0.139207 0.0400755 -0.989452 -297.612 -0.0103573 0.999067 0.0419221 8.92055 0.990209 0.0160839 -0.138663 -7.37746 
-0.141189 0.0396983 -0.989186 -298.848 -0.0107836 0.999075 0.0416343 8.94519 0.989924 0.0165454 -0.14063 -7.53842 
-0.141745 0.0383554 -0.98916 -300.072 -0.0117008 0.999114 0.0404181 8.96785 0.989834 0.0173031 -0.14117 -7.73983 
-0.143145 0.0357168 -0.989057 -301.318 -0.00990244 0.999247 0.0375179 9.01633 0.989652 0.0151646 -0.142684 -7.9441 
-0.144157 0.0345643 -0.988951 -302.533 -0.0074973 0.999323 0.0360196 9.06036 0.989526 0.012607 -0.1438 -8.15606 
-0.147845 0.0370851 -0.988315 -303.792 -0.00679413 0.999235 0.0385113 9.09207 0.988987 0.0124085 -0.14748 -8.30081 
