1 2.12261e-08 -2.11895e-08 0 2.12261e-08 1 2.10703e-08 0 -2.11895e-08 2.10703e-08 1 0 
0.999994 0.00157293 0.00300248 -0.0240006 -0.00157061 0.999999 -0.000762724 -0.00411944 -0.00300372 0.000758046 0.999995 0.445344 
0.999982 0.00288162 0.00524206 -0.0423516 -0.0028675 0.999992 -0.00269055 0.00110771 -0.00524982 0.00267551 0.999983 0.901052 
0.999972 0.00411732 0.00629299 -0.0458449 -0.00409541 0.999986 -0.00348405 -0.00565927 -0.00630729 0.00345822 0.999974 1.37594 
0.99996 0.00438162 0.0078294 -0.0533309 -0.00435809 0.999986 -0.00301461 -0.0204307 -0.00784254 0.00298041 0.999965 1.8653 
0.999947 0.00471235 0.00912753 -0.0566778 -0.00469249 0.999987 -0.00219135 -0.0335168 -0.00913778 0.00214845 0.999956 2.36708 
0.999926 0.0042171 0.0113774 -0.0589484 -0.00420421 0.999991 -0.00115238 -0.0374561 -0.0113822 0.00110451 0.999935 2.89225 
0.999896 0.00500037 0.0135608 -0.0714416 -0.00500061 0.999988 -1.35463e-05 -0.0425388 -0.0135607 -5.42254e-05 0.999908 3.39508 
0.999878 0.006916 0.0139772 -0.0696931 -0.00693046 0.999976 0.000989514 -0.0449207 -0.0139701 -0.00108622 0.999902 3.9047 
0.999864 0.00793738 0.014439 -0.068381 -0.00794794 0.999968 0.00067701 -0.0516694 -0.0144332 -0.000791636 0.999896 4.42579 
0.999822 0.00910682 0.0165116 -0.0795935 -0.00911064 0.999959 0.00015865 -0.0605881 -0.0165095 -0.000309012 0.999864 4.93226 
0.999803 0.00959387 0.0173742 -0.0728245 -0.00960459 0.999954 0.00053572 -0.0670466 -0.0173683 -0.000702445 0.999849 5.47015 
0.999773 0.0115394 0.0178959 -0.0636376 -0.0115299 0.999933 -0.000630053 -0.0739229 -0.017902 0.000423613 0.99984 5.9986 
0.999714 0.0137975 0.0195177 -0.0699241 -0.0137606 0.999903 -0.00201908 -0.0763285 -0.0195437 0.00174997 0.999808 6.50958 
0.999651 0.0156684 0.021291 -0.0769581 -0.0156027 0.999873 -0.00324701 -0.0819389 -0.0213392 0.00291372 0.999768 7.03438 
0.999646 0.0160238 0.0212469 -0.0591038 -0.0159823 0.99987 -0.00212237 -0.103181 -0.0212782 0.00178208 0.999772 7.56889 
0.999598 0.0167107 0.0228985 -0.0590058 -0.0166559 0.999858 -0.0025805 -0.112564 -0.0229384 0.0021981 0.999735 8.10184 
0.999484 0.0175233 0.0269297 -0.0698787 -0.0174543 0.999844 -0.00279537 -0.116926 -0.0269745 0.00232393 0.999633 8.65714 
0.999417 0.0174372 0.0293418 -0.0206349 -0.0173644 0.999846 -0.00273331 -0.142551 -0.0293849 0.00222226 0.999566 9.084 
0.999293 0.0174908 0.0332874 -0.00793555 -0.0173796 0.999842 -0.00362462 -0.141933 -0.0333456 0.00304358 0.999439 9.64636 
0.999085 0.0182957 0.0386594 0.0115201 -0.0181352 0.999825 -0.00449738 -0.149357 -0.038735 0.00379221 0.999242 10.1971 
0.998832 0.0180712 0.0448099 0.0244752 -0.0179077 0.999831 -0.00404648 -0.160065 -0.0448755 0.00323935 0.998987 10.7929 
0.998508 0.0185756 0.0513583 0.0381396 -0.0184069 0.999824 -0.00375508 -0.177178 -0.0514191 0.00280416 0.998673 11.3625 
0.998185 0.0211901 0.0563714 0.089838 -0.0210524 0.999774 -0.00303516 -0.220503 -0.056423 0.00184294 0.998405 11.9767 
0.997777 0.0199599 0.0635843 0.120742 -0.0196996 0.999795 -0.00471772 -0.220765 -0.0636655 0.00345469 0.997965 12.5892 
0.997456 0.017745 0.0690423 0.16229 -0.0173596 0.99983 -0.00617803 -0.207864 -0.0691403 0.00496381 0.997595 13.211 
0.997037 0.0204491 0.0741618 0.236927 -0.0198766 0.999767 -0.00844879 -0.21203 -0.0743173 0.00694971 0.99721 13.8404 
0.996495 0.0236558 0.0802395 0.262666 -0.0228335 0.999677 -0.0111495 -0.222492 -0.0804774 0.00927827 0.996713 14.4472 
0.996116 0.0216006 0.0853657 0.325044 -0.0206369 0.999713 -0.0121539 -0.225264 -0.0856038 0.0103451 0.996276 15.0976 
0.995861 0.0134324 0.0898903 0.380489 -0.012597 0.999872 -0.00985443 -0.23255 -0.0900112 0.00868134 0.995903 15.7542 
0.995545 0.00886543 0.0938672 0.473612 -0.00823949 0.999941 -0.00705343 -0.227998 -0.0939242 0.00624863 0.99556 16.4866 
0.995344 0.00834183 0.0960242 0.564455 -0.00810499 0.999963 -0.00285581 -0.251745 -0.0960446 0.00206428 0.995375 17.2165 
0.994968 0.00730611 0.0999265 0.592366 -0.00702274 0.99997 -0.00318688 -0.256461 -0.0999469 0.00246912 0.99499 17.912 
0.995005 0.00414093 0.0997376 0.664886 -0.00368324 0.999982 -0.00477224 -0.266152 -0.0997556 0.00438109 0.995002 18.6276 
0.995188 -0.00273089 0.0979419 0.717645 0.00336067 0.999975 -0.00626525 -0.278966 -0.0979224 0.00656429 0.995172 19.3391 
0.995529 -0.0037247 0.0943812 0.758618 0.00446425 0.999961 -0.00762543 -0.283575 -0.0943491 0.00801272 0.995507 20.0941 
0.996047 -0.00233398 0.0887928 0.773059 0.00305004 0.999964 -0.00792912 -0.297863 -0.0887712 0.00816865 0.996019 20.8561 
0.996834 -0.00190604 0.079485 0.822388 0.00239179 0.999979 -0.00601592 -0.302788 -0.0794719 0.00618703 0.996818 21.6596 
0.99749 -0.00185037 0.07079 0.845198 0.00210826 0.999991 -0.00356778 -0.321459 -0.0707828 0.00370811 0.997485 22.4479 
0.998049 0.000137202 0.0624351 0.870542 -8.49799e-05 1 -0.000838373 -0.327167 -0.0624352 0.000831472 0.998049 23.271 
0.998602 -0.000306864 0.052853 0.915124 0.000255152 1 0.000985983 -0.332408 -0.0528533 -0.000971078 0.998602 24.1016 
0.998893 0.001671 0.047005 0.921154 -0.00175097 0.999997 0.00166113 -0.338815 -0.0470022 -0.00174155 0.998893 24.9171 
0.99915 0.00332155 0.0410866 0.942919 -0.00344876 0.99999 0.00302667 -0.360258 -0.0410762 -0.00316575 0.999151 25.7469 
0.999343 0.0033099 0.0360814 0.951429 -0.00341453 0.99999 0.00283981 -0.363949 -0.0360717 -0.00296111 0.999345 26.5884 
0.999485 0.00398903 0.0318316 0.949632 -0.00406641 0.999989 0.00236792 -0.375069 -0.0318218 -0.0024961 0.99949 27.4032 
0.99962 0.00444903 0.0271894 0.946318 -0.00450873 0.999988 0.00213628 -0.394933 -0.0271796 -0.00225802 0.999628 28.2442 
0.999698 0.00565727 0.0239092 0.93134 -0.00571871 0.999981 0.00250397 -0.406031 -0.0238946 -0.0026399 0.999711 29.0457 
0.999789 0.00676966 0.019397 0.932835 -0.00684788 0.999969 0.00397114 -0.432245 -0.0193696 -0.00410309 0.999804 29.8644 
0.999798 0.0096097 0.0176652 0.926853 -0.00968026 0.999946 0.00391532 -0.42922 -0.0176267 -0.00408549 0.999836 30.6918 
0.999817 0.00961101 0.0165195 0.897518 -0.00965529 0.99995 0.00260526 -0.430875 -0.0164937 -0.00276425 0.99986 31.4924 
0.99981 0.0116705 0.0156305 0.89204 -0.0117094 0.999929 0.00240349 -0.444447 -0.0156014 -0.00258601 0.999875 32.3062 
0.999754 0.0157553 0.0156192 0.878927 -0.0157788 0.999875 0.00138288 -0.469242 -0.0155955 -0.00162895 0.999877 33.1302 
0.99978 0.015509 0.0140946 0.886931 -0.0155196 0.999879 0.000643598 -0.471531 -0.0140829 -0.000862156 0.999901 33.9507 
0.999741 0.0186779 0.0130348 0.892892 -0.0187004 0.999824 0.00160485 -0.489507 -0.0130025 -0.00184814 0.999914 34.7292 
0.999684 0.0210362 0.0137853 0.820596 -0.0210695 0.999775 0.0022762 -0.503135 -0.0137344 -0.00256589 0.999902 35.6017 
0.99962 0.0241139 0.0133921 0.808904 -0.0241391 0.999707 0.00172944 -0.510744 -0.0133465 -0.00205201 0.999909 36.3623 
0.999538 0.0271089 0.0137546 0.787768 -0.0271283 0.999631 0.00122656 -0.511856 -0.0137163 -0.00159909 0.999905 37.1177 
0.999483 0.0288817 0.0141176 0.775951 -0.0289003 0.999582 0.001114 -0.517896 -0.0140796 -0.00152139 0.9999 37.8778 
0.999306 0.0341494 0.0148686 0.76191 -0.0341772 0.999415 0.00162379 -0.557268 -0.0148044 -0.00213079 0.999888 38.5703 
0.999144 0.0383493 0.0155222 0.77647 -0.0383769 0.999262 0.00148529 -0.566275 -0.0154538 -0.00207967 0.999878 39.2839 
0.998957 0.0419473 0.0180622 0.789871 -0.0419561 0.999119 0.000108881 -0.579481 -0.0180418 -0.000866546 0.999837 39.9941 
0.99882 0.043349 0.0218914 0.806232 -0.0433569 0.99906 -0.000109161 -0.613226 -0.0218756 -0.000840072 0.99976 40.6653 
0.998699 0.0430486 0.0273361 0.799751 -0.0430663 0.999072 6.10658e-05 -0.635072 -0.0273081 -0.00123821 0.999626 41.3399 
0.998452 0.0448351 0.0329056 0.806642 -0.0448657 0.998993 0.000193385 -0.650891 -0.0328638 -0.00166938 0.999458 42.0199 
0.998171 0.0454568 0.0398608 0.797352 -0.0455194 0.998963 0.00066689 -0.668633 -0.0397892 -0.00248007 0.999205 42.6553 
0.998006 0.043892 0.0453532 0.845576 -0.0439932 0.999031 0.00123558 -0.675372 -0.045255 -0.0032283 0.99897 43.256 
0.997489 0.0449894 0.0546987 0.85602 -0.045046 0.998985 -0.000196953 -0.672089 -0.0546521 -0.00226746 0.998503 43.8966 
0.996856 0.0449865 0.0652246 0.889276 -0.0450612 0.998984 -0.000326243 -0.688856 -0.065173 -0.00261384 0.997871 44.4936 
0.995987 0.0443889 0.077717 0.922728 -0.0444625 0.999011 -0.00078373 -0.706471 -0.0776749 -0.00267487 0.996975 45.0898 
0.994828 0.0432237 0.0919167 0.940927 -0.0432466 0.999063 -0.0017433 -0.704726 -0.0919059 -0.00224076 0.995765 45.6909 
0.993538 0.042636 0.105188 0.990586 -0.0426387 0.999088 -0.0022232 -0.722479 -0.105187 -0.0022762 0.99445 46.2583 
0.991662 0.0430449 0.121465 1.03108 -0.0429796 0.999071 -0.00315842 -0.72371 -0.121488 -0.00208838 0.992591 46.8198 
0.989765 0.0420984 0.136354 1.12646 -0.0421271 0.999109 -0.00267617 -0.747042 -0.136345 -0.00309538 0.990657 47.3577 
0.987039 0.0449164 0.15407 1.20336 -0.0448453 0.998986 -0.00393849 -0.756222 -0.15409 -0.00302182 0.988052 47.8979 
0.983661 0.0432245 0.174765 1.29587 -0.0429354 0.999063 -0.0054366 -0.767419 -0.174836 -0.00215579 0.984595 48.4118 
0.978986 0.0467456 0.1985 1.38692 -0.0462561 0.998904 -0.00710475 -0.785214 -0.198614 -0.00222634 0.980075 48.9274 
0.973709 0.0458159 0.223141 1.52484 -0.0447539 0.99895 -0.00981649 -0.800651 -0.223357 -0.000427991 0.974737 49.4314 
0.967175 0.0450432 0.250086 1.64577 -0.0431197 0.998983 -0.0131677 -0.813766 -0.250425 0.0019519 0.968134 49.8963 
0.95965 0.0432176 0.277858 1.77797 -0.0403326 0.999057 -0.0160933 -0.833165 -0.278291 0.00423724 0.960487 50.3295 
0.950592 0.041744 0.307625 1.92328 -0.0379971 0.999113 -0.0181624 -0.840064 -0.30811 0.00557619 0.951334 50.7747 
0.940034 0.0439432 0.338238 2.09231 -0.0391717 0.999013 -0.0209234 -0.854455 -0.338824 0.00641938 0.940828 51.2001 
0.927844 0.0429029 0.370494 2.23544 -0.0379582 0.999066 -0.0206306 -0.888066 -0.371033 0.00507871 0.928606 51.6032 
0.914222 0.0439074 0.402829 2.40613 -0.0387326 0.999029 -0.0209879 -0.884214 -0.403359 0.00358506 0.915035 51.9828 
0.898767 0.0428199 0.436331 2.59363 -0.0378017 0.999081 -0.020181 -0.919037 -0.436795 0.00164398 0.89956 52.3426 
0.881349 0.0417225 0.470619 2.79313 -0.0362908 0.999129 -0.0206138 -0.947476 -0.471069 0.0010888 0.882096 52.6825 
0.861867 0.040887 0.505484 3.0082 -0.0346632 0.999163 -0.021717 -0.974625 -0.505949 0.00119548 0.862562 53.0251 
0.840136 0.040778 0.540841 3.23639 -0.0331929 0.999166 -0.0237731 -0.992894 -0.541359 0.00202059 0.840789 53.341 
0.815981 0.0398965 0.5767 3.46537 -0.0303509 0.999196 -0.0261811 -1.00782 -0.577281 0.0038599 0.816536 53.652 
0.790344 0.037771 0.611497 3.71641 -0.0269339 0.999275 -0.0269117 -1.01989 -0.61207 0.00479957 0.790789 53.9348 
0.761256 0.0349296 0.64751 3.97285 -0.0231509 0.999376 -0.026693 -1.01988 -0.648039 0.00532977 0.761589 54.2224 
0.73117 0.030581 0.681509 4.24696 -0.0194801 0.999523 -0.0239515 -1.03116 -0.681917 0.00423679 0.731417 54.4924 
0.69877 0.026632 0.71485 4.52954 -0.0167689 0.999642 -0.0208503 -1.05462 -0.71515 0.00258232 0.698967 54.7329 
0.663626 0.0240874 0.747676 4.80327 -0.0184559 0.999704 -0.0158257 -1.08211 -0.747837 -0.00329665 0.663875 54.9408 
0.625769 0.0203938 0.779742 5.11015 -0.0151639 0.999787 -0.0139794 -1.09168 -0.779861 -0.00307607 0.625945 55.1602 
0.585769 0.0168563 0.810303 5.40757 -0.0109571 0.999857 -0.0128785 -1.10444 -0.810404 -0.00133467 0.58587 55.3525 
0.542651 0.0149106 0.839826 5.72919 -0.00809776 0.999889 -0.01252 -1.12259 -0.839919 -6.69981e-06 0.542712 55.5245 
0.499256 0.0161452 0.866304 6.06906 -0.00385025 0.999858 -0.0164153 -1.12373 -0.866446 0.00485995 0.499248 55.668 
0.451427 0.0179605 0.892127 6.40528 -0.005491 0.999834 -0.0173503 -1.15061 -0.892291 0.00293376 0.451451 55.8289 
0.401911 0.0203291 0.915453 6.76999 -0.00991124 0.999792 -0.0178506 -1.1784 -0.915625 -0.0018989 0.402029 55.9689 
0.351692 0.0234167 0.935823 7.15329 -0.0132564 0.999711 -0.0200334 -1.1807 -0.936022 -0.00536006 0.351901 56.0947 
0.299779 0.023651 0.953715 7.5832 -0.014143 0.999693 -0.0203456 -1.2003 -0.953904 -0.0073892 0.300022 56.2448 
0.251456 0.0235561 0.967582 7.99939 -0.0105428 0.999711 -0.0215984 -1.21499 -0.967811 -0.00476995 0.251631 56.3222 
0.206768 0.0234018 0.97811 8.43414 -0.00751618 0.999722 -0.02233 -1.21575 -0.978361 -0.00273451 0.206887 56.3885 
0.165918 0.0213249 0.985909 8.87357 -0.00435988 0.999772 -0.020891 -1.2258 -0.98613 -0.000832241 0.165973 56.4329 
0.127139 0.0194774 0.991694 9.345 -0.00301556 0.99981 -0.0192502 -1.23177 -0.99188 -0.000543056 0.127174 56.4767 
0.0916744 0.017666 0.995632 9.84227 -0.00273848 0.999843 -0.0174885 -1.24386 -0.995785 -0.00112327 0.0917084 56.497 
0.0586473 0.0163754 0.998144 10.3443 -0.000457832 0.999866 -0.0163767 -1.26325 -0.998279 0.000503466 0.058647 56.5265 
0.02893 0.0160062 0.999453 10.8687 0.000975699 0.999871 -0.016041 -1.27224 -0.999581 0.00143923 0.0289107 56.535 
0.00166869 0.0182174 0.999833 11.4027 -0.000750123 0.999834 -0.0182161 -1.28445 -0.999998 -0.000719601 0.00168208 56.5458 
-0.0203767 0.0212799 0.999566 11.9724 -0.00591107 0.999753 -0.0214044 -1.28978 -0.999775 -0.00634466 -0.0202459 56.526 
-0.0404126 0.0218167 0.998945 12.5722 -0.00680853 0.999732 -0.0221092 -1.3097 -0.99916 -0.00769484 -0.0402533 56.5113 
-0.0585639 0.0224683 0.998031 13.1736 -0.00330074 0.999737 -0.0227003 -1.32702 -0.998278 -0.00462366 -0.0584743 56.4816 
-0.074418 0.0221457 0.996981 13.7932 -0.00105517 0.999751 -0.0222859 -1.34541 -0.997227 -0.00271046 -0.0743762 56.4387 
-0.0903266 0.0210075 0.995691 14.4216 -0.00223174 0.999771 -0.021296 -1.3707 -0.99591 -0.00414572 -0.0902591 56.3929 
-0.105226 0.021701 0.994212 15.1 -0.000634885 0.99976 -0.0218893 -1.39886 -0.994448 -0.00293454 -0.105187 56.3353 
-0.116045 0.0234209 0.992968 15.7967 0.00116601 0.999725 -0.0234439 -1.41899 -0.993243 -0.00156273 -0.11604 56.24 
-0.128086 0.0271186 0.991392 16.5718 0.00893227 0.999617 -0.0261895 -1.43263 -0.991723 0.00550087 -0.128279 56.195 
-0.133599 0.0295769 0.990594 17.283 0.0166442 0.999481 -0.0275974 -1.46626 -0.990896 0.0128006 -0.134022 56.0908 
-0.135303 0.0295326 0.990364 18.0308 0.0212227 0.999413 -0.026903 -1.49439 -0.990577 0.0173781 -0.13585 55.9873 
-0.135255 0.0279145 0.990418 18.8046 0.0213257 0.999454 -0.0252569 -1.52923 -0.990581 0.0177052 -0.135776 55.8959 
-0.133153 0.026968 0.990729 19.5738 0.024257 0.999419 -0.0239444 -1.56037 -0.990799 0.0208438 -0.13373 55.8083 
-0.127962 0.0261858 0.991433 20.3109 0.0276332 0.999357 -0.0228285 -1.59996 -0.991394 0.0244753 -0.128604 55.7189 
-0.12352 0.0262757 0.991994 21.1067 0.02601 0.999392 -0.0232329 -1.63522 -0.992001 0.022932 -0.124128 55.6354 
-0.119711 0.0266173 0.992452 21.8973 0.0254473 0.999394 -0.023734 -1.6776 -0.992483 0.022414 -0.120316 55.5671 
-0.114596 0.0263049 0.993064 22.6952 0.0302403 0.999279 -0.0229799 -1.70079 -0.992952 0.0273972 -0.115308 55.4776 
-0.110347 0.0244647 0.993592 23.4825 0.0363914 0.999126 -0.0205593 -1.73533 -0.993227 0.0338895 -0.11114 55.3882 
-0.106538 0.0211248 0.994084 24.3016 0.0386005 0.999109 -0.0170946 -1.76642 -0.993559 0.0365509 -0.107258 55.3174 
-0.101951 0.0174214 0.994637 25.1003 0.0422086 0.999022 -0.0131717 -1.79566 -0.993894 0.0406394 -0.102587 55.2515 
-0.0959002 0.0144965 0.995285 25.9117 0.0430231 0.99902 -0.0104054 -1.82364 -0.994461 0.0418224 -0.0964299 55.1855 
-0.0917259 0.0133949 0.995694 26.724 0.0411441 0.999107 -0.0096505 -1.84241 -0.994934 0.0400817 -0.0921951 55.1304 
-0.0868323 0.0111921 0.99616 27.528 0.034072 0.999385 -0.00825832 -1.86567 -0.99564 0.0332241 -0.0871602 55.0712 
-0.0831127 0.00809676 0.996507 28.3223 0.0274368 0.999607 -0.00583356 -1.88217 -0.996162 0.0268561 -0.0833021 55.0281 
-0.0783354 0.00725477 0.996901 29.1305 0.0245507 0.999684 -0.00534582 -1.89746 -0.996625 0.0240558 -0.0784888 54.983 
-0.07574 0.00989522 0.997079 29.9152 0.0241074 0.999677 -0.00808972 -1.93356 -0.996836 0.0234242 -0.075954 54.9595 
-0.0720416 0.017951 0.99724 30.7111 0.0257024 0.999539 -0.0161356 -1.95368 -0.99707 0.024469 -0.0724698 54.9047 
-0.0685949 0.0238089 0.99736 31.5025 0.0246755 0.99945 -0.0221616 -1.97934 -0.997339 0.0230902 -0.0691447 54.8596 
-0.0666043 0.0229344 0.997516 32.3156 0.0221256 0.999524 -0.0215032 -2.00578 -0.997534 0.0206384 -0.06708 54.8243 
-0.0656245 0.0177456 0.997687 33.1214 0.0260514 0.999532 -0.0160648 -2.05271 -0.997504 0.0249369 -0.0660561 54.7925 
-0.0653664 0.0191348 0.997678 33.9176 0.0264742 0.999497 -0.0174351 -2.06448 -0.99751 0.0252731 -0.0658401 54.7547 
-0.0644639 0.0222017 0.997673 34.7554 0.0249532 0.999476 -0.0206294 -2.08957 -0.997608 0.0235653 -0.0649841 54.7006 
-0.0655013 0.0240573 0.997562 35.5564 0.0179615 0.999576 -0.0229264 -2.10417 -0.997691 0.016416 -0.0659056 54.6754 
-0.0669334 0.0236091 0.997478 36.3949 0.0164977 0.99961 -0.0225524 -2.12338 -0.997621 0.0149466 -0.0672968 54.6398 
-0.0673688 0.0226933 0.99747 37.2495 0.0172694 0.999618 -0.0215757 -2.1556 -0.997579 0.0157722 -0.067735 54.5844 
-0.0697792 0.0257179 0.997231 38.0915 0.017375 0.999547 -0.0245618 -2.1969 -0.997411 0.0156129 -0.0701945 54.5483 
-0.0712412 0.0296056 0.99702 38.9554 0.0165092 0.999458 -0.0284983 -2.23196 -0.997323 0.0144298 -0.0716914 54.4936 
-0.0707786 0.0315986 0.996991 39.8153 0.0179688 0.999376 -0.0303985 -2.27766 -0.99733 0.0157631 -0.0713022 54.429 
-0.0725464 0.0322935 0.996842 40.6939 0.0204439 0.999314 -0.0308857 -2.31657 -0.997156 0.0181387 -0.0731568 54.3871 
-0.0730501 0.0350097 0.996714 41.6073 0.0201479 0.999232 -0.0336215 -2.34192 -0.997125 0.0176256 -0.0736994 54.3356 
-0.0736404 0.0338293 0.996711 42.5129 0.0176892 0.999312 -0.0326106 -2.39008 -0.997128 0.0152296 -0.0741881 54.2802 
-0.0757058 0.0307498 0.996656 43.4364 0.0158373 0.999435 -0.0296325 -2.41696 -0.997004 0.013541 -0.0761501 54.2371 
-0.076936 0.0289256 0.996616 44.3503 0.0156708 0.999491 -0.0277993 -2.46292 -0.996913 0.013479 -0.0773501 54.185 
-0.0782112 0.0321666 0.996418 45.2786 0.0158591 0.999393 -0.0310178 -2.50428 -0.996811 0.0133763 -0.0786738 54.1311 
-0.0785086 0.0356927 0.996274 46.211 0.0164 0.99927 -0.0345076 -2.5458 -0.996779 0.0136298 -0.0790367 54.0717 
-0.0789981 0.0377929 0.996158 47.1461 0.0184478 0.999165 -0.036444 -2.58433 -0.996704 0.0154979 -0.0796294 54.0213 
-0.078595 0.0351641 0.996286 48.1264 0.0237036 0.999161 -0.0333956 -2.62631 -0.996625 0.0209908 -0.0793626 53.9565 
-0.0787323 0.0300758 0.996442 49.1177 0.0263071 0.999259 -0.0280822 -2.65337 -0.996549 0.0240026 -0.0794652 53.8876 
-0.0787158 0.0272578 0.996524 50.1085 0.0267564 0.999324 -0.0252208 -2.70136 -0.996538 0.0246781 -0.0793919 53.8344 
-0.07823 0.0294272 0.996501 51.0719 0.0251328 0.999305 -0.0275369 -2.73482 -0.996619 0.0228906 -0.0789152 53.7905 
-0.075822 0.0320338 0.996607 52.0989 0.0237893 0.999257 -0.0303091 -2.78311 -0.996838 0.0214105 -0.0765278 53.7211 
-0.0763483 0.0343387 0.99649 53.1051 0.0184232 0.999285 -0.0330234 -2.8276 -0.996911 0.0158372 -0.0769263 53.6917 
-0.076437 0.0336189 0.996508 54.0963 0.0163903 0.999339 -0.0324572 -2.88343 -0.99694 0.0138521 -0.0769375 53.631 
-0.0779703 0.0288567 0.996538 55.1248 0.0150595 0.999501 -0.0277642 -2.92754 -0.996842 0.0128426 -0.078366 53.5835 
-0.0789212 0.0241618 0.996588 56.1339 0.0134562 0.999641 -0.0231701 -2.97029 -0.99679 0.0115817 -0.079218 53.5291 
-0.078796 0.0250803 0.996575 57.1463 0.01404 0.999612 -0.0240466 -3.00248 -0.996792 0.0120971 -0.0791176 53.4495 
-0.0806224 0.0288026 0.996329 58.1337 0.0174642 0.99947 -0.0274802 -3.04151 -0.996592 0.0151845 -0.0810827 53.4024 
-0.0825213 0.0312338 0.9961 59.129 0.0217401 0.999327 -0.029534 -3.0896 -0.996352 0.0192181 -0.0831448 53.3387 
-0.0841652 0.0287533 0.996037 60.1796 0.0219881 0.999394 -0.0269922 -3.12334 -0.996209 0.0196291 -0.0847464 53.2576 
-0.0870762 0.0229814 0.995937 61.2496 0.0230864 0.999512 -0.0210454 -3.17587 -0.995934 0.02116 -0.0875642 53.187 
-0.0896115 0.0210856 0.995754 62.2923 0.0271484 0.999456 -0.0187208 -3.20564 -0.995607 0.0253556 -0.0901352 53.1115 
-0.0922774 0.0229706 0.995468 63.3457 0.0309453 0.999317 -0.0201908 -3.2264 -0.995252 0.0289419 -0.0929252 53.0041 
-0.0946347 0.0207551 0.995296 64.4199 0.0330678 0.999297 -0.0176944 -3.28656 -0.994963 0.0312377 -0.0952544 52.8897 
-0.0984252 0.019421 0.994955 65.4878 0.036917 0.999193 -0.0158517 -3.32097 -0.994459 0.0351705 -0.0990627 52.8104 
-0.100489 0.0194991 0.994747 66.5608 0.0403206 0.999066 -0.0155106 -3.36954 -0.994121 0.0385502 -0.101181 52.7109 
-0.102902 0.0236496 0.99441 67.6049 0.0427774 0.998898 -0.0193297 -3.39605 -0.993771 0.0405492 -0.1038 52.6239 
-0.103871 0.0289271 0.99417 68.6618 0.0458653 0.998653 -0.0242655 -3.42225 -0.993533 0.0430774 -0.105058 52.5143 
-0.104363 0.0322389 0.994017 69.7055 0.0492788 0.998414 -0.0272077 -3.46757 -0.993318 0.0461445 -0.105786 52.4003 
-0.104447 0.0305984 0.99406 70.7668 0.0488402 0.998478 -0.0256027 -3.5472 -0.993331 0.045876 -0.105783 52.3284 
-0.102503 0.0282702 0.994331 71.874 0.0504908 0.998455 -0.0231824 -3.59092 -0.99345 0.0478283 -0.103772 52.2643 
-0.0969227 0.0254196 0.994967 72.9369 0.0545538 0.998307 -0.0201907 -3.62513 -0.993796 0.0523223 -0.0981453 52.1441 
-0.0929106 0.0226804 0.995416 74.0098 0.0523179 0.998471 -0.0178667 -3.67007 -0.994299 0.050418 -0.0939551 52.0774 
-0.0893103 0.0201518 0.9958 75.095 0.0526301 0.998494 -0.015486 -3.69395 -0.994612 0.051026 -0.0902364 52.0249 
-0.0837643 0.0189872 0.996305 76.1713 0.0551095 0.998377 -0.0143934 -3.72928 -0.994961 0.0537002 -0.0846747 51.9239 
-0.0789939 0.0224688 0.996622 77.2556 0.055156 0.998313 -0.0181352 -3.77562 -0.995348 0.0535371 -0.0800999 51.8515 
-0.0770965 0.0270671 0.996656 78.3304 0.0570291 0.998115 -0.0226951 -3.81332 -0.995391 0.0550887 -0.0784947 51.7853 
-0.0760587 0.0263194 0.996756 79.3881 0.0552563 0.998227 -0.0221418 -3.87033 -0.995571 0.053393 -0.0773781 51.7306 
-0.0737429 0.0245811 0.996974 80.4189 0.0555474 0.998246 -0.0205037 -3.90769 -0.995729 0.0538673 -0.074979 51.6474 
-0.0709144 0.0280094 0.997089 81.4812 0.0578742 0.998037 -0.0239199 -3.9335 -0.995802 0.0560094 -0.0723963 51.57 
-0.0694296 0.0335864 0.997021 82.5481 0.0562202 0.997976 -0.0297036 -3.99223 -0.996001 0.0539904 -0.0711773 51.5138 
-0.0671666 0.0362292 0.997084 83.6009 0.0541765 0.997999 -0.0326129 -4.05276 -0.99627 0.051828 -0.068995 51.4582 
-0.0645139 0.0364779 0.99725 84.6668 0.0548397 0.997951 -0.0329558 -4.09579 -0.996409 0.0525628 -0.0663822 51.4008 
-0.0608801 0.0329029 0.997603 85.7442 0.0537145 0.998116 -0.0296418 -4.14823 -0.996699 0.0517811 -0.0625327 51.352 
-0.0568835 0.0290315 0.997959 86.8082 0.0525216 0.99828 -0.0260471 -4.19181 -0.996998 0.0509327 -0.0583105 51.3122 
-0.0515538 0.0255773 0.998343 87.8924 0.0500482 0.998482 -0.0229963 -4.25321 -0.997415 0.0487797 -0.0527557 51.2637 
-0.0482148 0.0293253 0.998406 88.9549 0.0463379 0.998558 -0.027092 -4.31722 -0.997762 0.0449578 -0.0495041 51.2402 
-0.0468796 0.0393139 0.998127 90.0525 0.0428006 0.998387 -0.0373138 -4.364 -0.997983 0.0409711 -0.0484866 51.2244 
-0.0465383 0.047187 0.997801 91.1306 0.0387211 0.998218 -0.0454007 -4.43677 -0.998166 0.0365231 -0.0482825 51.2256 
-0.0452544 0.0462473 0.997904 92.1839 0.0368699 0.998325 -0.0445947 -4.50148 -0.998295 0.0347745 -0.0468837 51.1702 
-0.0461906 0.0395016 0.998151 93.3533 0.035536 0.99865 -0.0378768 -4.56697 -0.9983 0.0337208 -0.047532 51.185 
-0.0480409 0.0341441 0.998262 94.4041 0.0369547 0.998792 -0.0323838 -4.6173 -0.998162 0.0353348 -0.0492447 51.1473 
-0.0507387 0.0280085 0.998319 95.4812 0.0344496 0.999061 -0.0262784 -4.66801 -0.998118 0.0330584 -0.0516559 51.1297 
-0.0526478 0.023789 0.99833 96.5902 0.0338432 0.999184 -0.0220246 -4.70803 -0.99804 0.0326271 -0.05341 51.0854 
-0.0555044 0.0244073 0.99816 97.6565 0.0333947 0.999187 -0.0225754 -4.75388 -0.9979 0.0320802 -0.0562743 51.0607 
-0.0580511 0.0248063 0.998005 98.7252 0.0323349 0.999213 -0.0229555 -4.8011 -0.99779 0.0309378 -0.0588075 51.0284 
-0.0600297 0.023658 0.997916 99.8158 0.0333692 0.999208 -0.0216813 -4.84882 -0.997639 0.0319982 -0.0607716 50.9801 
-0.0604082 0.0259982 0.997835 100.894 0.0339267 0.999137 -0.0239781 -4.89368 -0.997597 0.0324048 -0.0612381 50.9309 
-0.0617595 0.0327128 0.997555 101.924 0.0312144 0.999037 -0.0308288 -4.96614 -0.997603 0.0292341 -0.0627212 50.8843 
-0.0618172 0.0402015 0.997278 102.949 0.0282936 0.998858 -0.0385113 -5.02177 -0.997686 0.0258359 -0.062884 50.8279 
-0.0622515 0.0404115 0.997242 103.987 0.0269673 0.998883 -0.0387946 -5.08169 -0.997696 0.0244779 -0.0632718 50.7718 
-0.0653075 0.0339055 0.997289 105.057 0.0212785 0.999243 -0.0325785 -5.15342 -0.997638 0.0190932 -0.0659795 50.7313 
-0.0695217 0.0273197 0.997206 106.111 0.0141866 0.999551 -0.0263949 -5.18655 -0.99748 0.0123119 -0.0698781 50.7002 
-0.0713488 0.0176129 0.997296 107.16 0.0132377 0.999773 -0.0167096 -5.2492 -0.997364 0.0120097 -0.0715658 50.6494 
-0.0732734 0.0118239 0.997242 108.225 0.0151714 0.999827 -0.0107398 -5.28234 -0.997197 0.0143426 -0.0734402 50.5849 
-0.0755332 0.0115832 0.997076 109.289 0.0159032 0.999819 -0.0104103 -5.31613 -0.997017 0.0150704 -0.0757037 50.527 
-0.0737822 0.0199845 0.997074 110.28 0.0206597 0.999615 -0.0185066 -5.34354 -0.99706 0.0192338 -0.0741667 50.4247 
-0.0745555 0.033614 0.99665 111.295 0.0297113 0.999063 -0.0314727 -5.41422 -0.996774 0.0272653 -0.0754844 50.3653 
-0.075215 0.0449443 0.996154 112.314 0.0348495 0.998492 -0.0424184 -5.46115 -0.996558 0.0315249 -0.0766679 50.2945 
-0.0759928 0.0419448 0.996226 113.351 0.034637 0.998623 -0.0394035 -5.51697 -0.996507 0.0315119 -0.077341 50.2361 
-0.0757986 0.0310788 0.996639 114.387 0.0367138 0.998923 -0.0283577 -5.57938 -0.996447 0.0344409 -0.076858 50.1758 
-0.0768325 0.0214554 0.996813 115.418 0.0341405 0.999239 -0.0188761 -5.6211 -0.996459 0.0325814 -0.0775065 50.1404 
-0.0773946 0.0156068 0.996878 116.418 0.0338179 0.999343 -0.0130198 -5.6662 -0.996427 0.0327047 -0.0778716 50.0881 
-0.0775676 0.0101793 0.996935 117.422 0.0314736 0.999475 -0.00775635 -5.70156 -0.99649 0.0307755 -0.0778472 50.0433 
-0.0790798 0.00675475 0.996845 118.391 0.0262098 0.999645 -0.00469446 -5.72754 -0.996524 0.0257559 -0.0792288 50.0286 
-0.077699 0.00902027 0.996936 119.435 0.0262466 0.999631 -0.00699901 -5.75077 -0.996631 0.0256224 -0.0779071 49.9383 
-0.0775547 0.016011 0.99686 120.432 0.0237146 0.999618 -0.0142103 -5.78081 -0.996706 0.022538 -0.0779048 49.8894 
-0.0761971 0.0227411 0.996833 121.407 0.025844 0.999449 -0.0208252 -5.80579 -0.996758 0.0241754 -0.0767429 49.828 
-0.0766915 0.0270214 0.996689 122.391 0.0260042 0.999347 -0.0250925 -5.85845 -0.996716 0.0239937 -0.0773441 49.7871 
-0.0761417 0.0325779 0.996565 123.36 0.0274002 0.999157 -0.0305691 -5.89981 -0.99672 0.0249785 -0.0769701 49.7225 
-0.0760801 0.0368538 0.99642 124.303 0.0290337 0.998975 -0.0347314 -5.94094 -0.996679 0.0262874 -0.0770721 49.6686 
-0.0769959 0.0363851 0.996367 125.246 0.0306503 0.998948 -0.0341107 -5.98598 -0.99656 0.0279126 -0.0780301 49.6241 
-0.0769474 0.0299185 0.996586 126.177 0.0297358 0.999174 -0.0277002 -6.03004 -0.996592 0.0275029 -0.0777735 49.5723 
-0.0778074 0.0194252 0.996779 127.129 0.0277135 0.999466 -0.0173143 -6.08671 -0.996583 0.0262771 -0.0783041 49.5174 
-0.0799714 0.0111304 0.996735 128.084 0.0229746 0.999693 -0.00932003 -6.129 -0.996532 0.0221542 -0.0802025 49.4778 
-0.0826542 0.00869493 0.99654 128.999 0.0173604 0.999823 -0.00728364 -6.15175 -0.996427 0.0166983 -0.0827905 49.4257 
-0.083732 0.0112887 0.996424 129.888 0.0130794 0.999862 -0.0102285 -6.18209 -0.996403 0.0121762 -0.0838681 49.3633 
-0.085183 0.0183005 0.996197 130.763 0.00993895 0.999797 -0.0175168 -6.21477 -0.996316 0.00840902 -0.0853476 49.31 
-0.0852043 0.024773 0.996056 131.615 0.0133305 0.99963 -0.0237215 -6.25631 -0.996274 0.0112568 -0.085503 49.2507 
-0.0838281 0.0309919 0.995998 132.418 0.0175484 0.999407 -0.029621 -6.29601 -0.996326 0.0149951 -0.0843223 49.1897 
-0.0813734 0.0325845 0.996151 133.24 0.0208605 0.999302 -0.0309835 -6.3477 -0.996465 0.018259 -0.0819964 49.1436 
-0.0770063 0.0328906 0.996488 134.044 0.0252751 0.999199 -0.0310268 -6.38259 -0.99671 0.022797 -0.077776 49.0996 
-0.0725786 0.0288704 0.996945 134.823 0.026038 0.999295 -0.0270429 -6.41451 -0.997023 0.0239957 -0.0732791 49.0664 
-0.0680756 0.0252939 0.99736 135.565 0.028266 0.999326 -0.0234144 -6.43877 -0.99728 0.0265974 -0.0687447 49.0212 
-0.0655976 0.0240508 0.997556 136.283 0.0258541 0.999415 -0.0223954 -6.49467 -0.997511 0.0243219 -0.0661811 49.0039 
-0.0630712 0.0293942 0.997576 137 0.0253838 0.99929 -0.0278398 -6.53701 -0.997686 0.0235664 -0.0637726 49.0097 
-0.0599912 0.0329276 0.997656 137.696 0.0243448 0.999207 -0.0315149 -6.57762 -0.997902 0.0223971 -0.0607453 49.0047 
-0.0566917 0.0350054 0.997778 138.275 0.0259957 0.999098 -0.0335746 -6.60262 -0.998053 0.0240345 -0.0575506 48.9759 
-0.0509786 0.0364643 0.998034 138.906 0.0255192 0.999055 -0.035198 -6.61856 -0.998374 0.0236747 -0.0518609 48.9433 
-0.0461135 0.0357315 0.998297 139.488 0.0199571 0.999194 -0.0348416 -6.65581 -0.998737 0.0183165 -0.0467895 48.9283 
-0.0431493 0.0363271 0.998408 140.062 0.0168896 0.999222 -0.0356267 -6.68158 -0.998926 0.0153254 -0.0437293 48.9264 
-0.040384 0.0386775 0.998435 140.58 0.0139785 0.999175 -0.0381407 -6.72424 -0.999086 0.0124163 -0.0408913 48.9131 
-0.0396429 0.0428614 0.998294 141.1 0.012943 0.999018 -0.0423785 -6.74902 -0.99913 0.0112409 -0.0401587 48.9117 
-0.0397182 0.0437905 0.998251 141.625 0.0104688 0.999003 -0.0434069 -6.78193 -0.999156 0.00872648 -0.040137 48.8971 
-0.0421068 0.0426474 0.998203 142.207 0.00607165 0.999081 -0.0424288 -6.80668 -0.999095 0.00427419 -0.042327 48.8946 
-0.0445649 0.0380221 0.998283 142.71 0.000981075 0.999277 -0.0380162 -6.8437 -0.999006 -0.000714798 -0.04457 48.9017 
-0.0458661 0.0337177 0.998378 143.262 0.00120899 0.999431 -0.0336977 -6.86123 -0.998947 -0.000338549 -0.0458807 48.8751 
-0.0475389 0.0312001 0.998382 143.783 0.00368385 0.999511 -0.03106 -6.88962 -0.998863 0.00220133 -0.0476305 48.8475 
-0.0510431 0.0325508 0.998166 144.263 0.0073486 0.999454 -0.0322169 -6.93993 -0.998669 0.00569067 -0.0512544 48.836 
-0.0553705 0.0350988 0.997849 144.778 0.00464338 0.99938 -0.034895 -6.96902 -0.998455 0.00270123 -0.0554992 48.8362 
-0.0570904 0.0370096 0.997683 145.299 0.00158191 0.999315 -0.0369796 -6.99421 -0.998368 -0.000532939 -0.0571098 48.8071 
-0.0594981 0.037458 0.997525 145.756 0.000268777 0.999296 -0.0375084 -7.03395 -0.998228 -0.00196357 -0.0594663 48.8108 
-0.0625688 0.0390079 0.997278 146.268 0.00170486 0.999239 -0.0389775 -7.06328 -0.998039 -0.000738564 -0.0625877 48.8161 
-0.0663746 0.0369659 0.99711 146.749 0.00285948 0.999316 -0.0368573 -7.08908 -0.997791 0.000404828 -0.066435 48.8085 
-0.0688605 0.0320391 0.997112 147.227 -4.83153e-05 0.999484 -0.0321186 -7.11092 -0.997626 -0.00225988 -0.0688235 48.7814 
-0.0711053 0.031078 0.996985 147.748 0.00209533 0.999517 -0.0310074 -7.10518 -0.997467 -0.000115785 -0.0711361 48.7498 
-0.0732814 0.0308986 0.996833 148.241 0.00013516 0.99952 -0.0309719 -7.11077 -0.997311 -0.00213493 -0.0732504 48.7132 
-0.0771881 0.0295733 0.996578 148.709 -0.00207774 0.999553 -0.0298225 -7.13278 -0.997014 -0.00437257 -0.0770922 48.7344 
-0.0780207 0.0269878 0.996586 149.198 -0.00228497 0.999626 -0.0272489 -7.18 -0.996949 -0.00440315 -0.0779299 48.6913 
-0.0774708 0.0279149 0.996604 149.675 -0.00368997 0.999593 -0.0282854 -7.18675 -0.996988 -0.00586874 -0.0773363 48.6207 
-0.0762051 0.0296068 0.996653 150.148 -0.000578442 0.999558 -0.0297372 -7.20602 -0.997092 -0.00284264 -0.0761542 48.5896 
-0.0716299 0.0313839 0.996937 150.607 0.00172862 0.999507 -0.0313406 -7.24784 -0.99743 -0.000521601 -0.0716488 48.572 
-0.0648556 0.0340741 0.997313 151.072 0.00133256 0.999419 -0.0340594 -7.26558 -0.997894 -0.000879964 -0.0648634 48.5608 
-0.0558434 0.0336898 0.997871 151.543 -0.00103569 0.999428 -0.0338003 -7.28849 -0.998439 -0.00292101 -0.0557766 48.5801 
-0.0405822 0.0320382 0.998662 151.97 0.000788612 0.999487 -0.0320326 -7.31559 -0.999176 -0.000512396 -0.0405866 48.5756 
-0.0176795 0.0324008 0.999319 152.427 0.00600584 0.99946 -0.0322991 -7.3378 -0.999826 0.00543071 -0.0178645 48.5727 
0.012176 0.0342271 0.99934 152.881 0.0116761 0.999341 -0.0343694 -7.33684 -0.999858 0.0120869 0.0117683 48.6014 
0.0490048 0.0321827 0.99828 153.307 0.012138 0.999388 -0.0328142 -7.37792 -0.998725 0.0137252 0.0485842 48.6281 
0.089167 0.031577 0.995516 153.722 0.00839875 0.999438 -0.0324537 -7.40466 -0.995981 0.0112549 0.0888517 48.7081 
0.131855 0.0337459 0.990695 154.153 0.00257827 0.999405 -0.0343857 -7.44095 -0.991266 0.00708819 0.131689 48.7928 
0.173924 0.0394382 0.983969 154.555 0.000415858 0.999195 -0.0401219 -7.44575 -0.984759 0.00738735 0.173767 48.8937 
0.21719 0.0430259 0.975181 154.964 0.000536496 0.999023 -0.0441973 -7.47179 -0.976129 0.0101224 0.216955 49.0046 
0.258206 0.0448385 0.965049 155.358 -0.000289933 0.998926 -0.0463349 -7.49205 -0.96609 0.0116841 0.257942 49.1752 
0.300028 0.0475914 0.952742 155.755 -0.00515937 0.998821 -0.0482684 -7.49812 -0.953916 0.00956633 0.29992 49.3322 
0.340422 0.0512722 0.938874 156.121 -0.0140145 0.998678 -0.0494566 -7.51522 -0.940168 0.00367826 0.340691 49.5239 
0.381459 0.0554301 0.922722 156.496 -0.0228796 0.998461 -0.0505213 -7.54605 -0.924103 -0.00183973 0.38214 49.7168 
0.421341 0.0607278 0.904867 156.849 -0.0290334 0.998147 -0.0534689 -7.57562 -0.906437 -0.0037427 0.422324 49.9155 
0.46089 0.0639909 0.885147 157.225 -0.0306412 0.99795 -0.0561911 -7.60556 -0.886928 -0.00122403 0.461906 50.1403 
0.498835 0.0631111 0.864396 157.562 -0.0304719 0.998006 -0.0552811 -7.63488 -0.866161 0.00123645 0.499764 50.391 
0.534749 0.0626075 0.842688 157.855 -0.0340032 0.998038 -0.0525716 -7.64426 -0.844326 -0.000541436 0.535829 50.6548 
0.568308 0.0639146 0.82033 158.203 -0.0394392 0.997949 -0.0504308 -7.66555 -0.82187 -0.0036929 0.569663 50.9539 
0.601 0.0664582 0.796481 158.542 -0.0460573 0.997761 -0.0484994 -7.70151 -0.797921 -0.0075356 0.602716 51.2598 
0.630478 0.0697032 0.773071 158.84 -0.0519754 0.997516 -0.0475514 -7.72807 -0.774465 -0.0102006 0.632535 51.5917 
0.658867 0.0706388 0.748935 159.158 -0.0527507 0.997469 -0.0476733 -7.75106 -0.750407 -0.00809648 0.660926 51.9301 
0.684801 0.0683 0.725523 159.484 -0.0477799 0.997664 -0.0488209 -7.77631 -0.727162 -0.00123278 0.686464 52.2817 
0.707888 0.0682865 0.703016 159.803 -0.0483244 0.997666 -0.0482475 -7.80428 -0.70467 0.000181048 0.709536 52.6629 
0.728265 0.0706209 0.681647 160.115 -0.054453 0.997494 -0.0451666 -7.86829 -0.683129 -0.00422446 0.730286 53.0533 
0.744299 0.0759251 0.663517 160.441 -0.0651825 0.997032 -0.0409702 -7.86404 -0.664658 -0.0127555 0.747039 53.4789 
0.757867 0.0738608 0.648215 160.777 -0.0664567 0.997143 -0.0359208 -7.89176 -0.649016 -0.015855 0.76061 53.9056 
0.769307 0.0684781 0.635199 161.096 -0.0624036 0.997539 -0.0319615 -7.91677 -0.635825 -0.0150505 0.771687 54.3316 
0.77915 0.0604067 0.62392 161.428 -0.0559412 0.998075 -0.0267723 -7.94197 -0.624336 -0.0140431 0.78103 54.7861 
0.786327 0.0536011 0.615481 161.766 -0.0516382 0.998445 -0.0209807 -7.97016 -0.615649 -0.0152847 0.787873 55.258 
0.79323 0.0505296 0.606822 162.128 -0.0502918 0.998583 -0.0174104 -7.99437 -0.606842 -0.0167077 0.794647 55.758 
0.800898 0.0479101 0.596881 162.482 -0.048359 0.998713 -0.0152757 -8.01531 -0.596844 -0.0166302 0.802185 56.2607 
0.809393 0.0429123 0.585698 162.878 -0.0425461 0.998991 -0.0143972 -8.05274 -0.585724 -0.0132662 0.810402 56.7722 
0.815765 0.0432907 0.576762 163.217 -0.0405987 0.999021 -0.0175623 -8.06793 -0.576958 -0.0090891 0.816724 57.3248 
0.821966 0.0477096 0.567534 163.58 -0.0428017 0.998842 -0.021977 -8.10218 -0.567926 -0.00622708 0.823056 57.8647 
0.826145 0.0528671 0.560972 163.928 -0.0453565 0.998597 -0.0273132 -8.09989 -0.561629 -0.00287903 0.827384 58.4383 
0.827885 0.056484 0.558046 164.274 -0.0475686 0.998403 -0.0304856 -8.12708 -0.558877 -0.00130694 0.82925 59.0319 
0.827818 0.0604951 0.557726 164.668 -0.0524151 0.99816 -0.0304695 -8.16081 -0.558544 -0.00401013 0.829466 59.6603 
0.82606 0.0614098 0.560226 165.061 -0.0558462 0.998073 -0.0270589 -8.18896 -0.560808 -0.00893422 0.827898 60.2722 
0.822991 0.0627027 0.564583 165.465 -0.0582832 0.997965 -0.0258748 -8.22304 -0.565057 -0.011611 0.82497 60.9193 
0.820295 0.0631275 0.568446 165.882 -0.0595556 0.997915 -0.0248794 -8.25433 -0.568831 -0.0134457 0.822344 61.5416 
0.817212 0.0624607 0.572943 166.294 -0.0591198 0.997951 -0.0244688 -8.26875 -0.573297 -0.0138761 0.81923 62.1852 
0.814692 0.0589146 0.576893 166.74 -0.0553147 0.998185 -0.0238227 -8.30453 -0.57725 -0.0125025 0.816472 62.7964 
0.811112 0.0561638 0.582188 167.195 -0.0531844 0.998338 -0.0222126 -8.32255 -0.582468 -0.0129464 0.812751 63.4402 
0.807296 0.0560954 0.587474 167.65 -0.053245 0.998336 -0.0221584 -8.34414 -0.587739 -0.0133916 0.80894 64.1051 
0.803894 0.0579004 0.591948 168.108 -0.0539536 0.998246 -0.0243701 -8.36229 -0.592321 -0.0123468 0.805608 64.7612 
0.801293 0.0589786 0.595359 168.616 -0.0530161 0.998214 -0.0275326 -8.40162 -0.595919 -0.00950186 0.802988 65.4325 
0.798461 0.0612136 0.598926 169.103 -0.0529516 0.998103 -0.0314189 -8.42638 -0.599713 -0.00662724 0.800188 66.1051 
0.794888 0.0596073 0.603822 169.577 -0.0516746 0.998198 -0.0305128 -8.47522 -0.604552 -0.00694792 0.796535 66.8089 
0.79215 0.0586076 0.607507 170.114 -0.0545252 0.998194 -0.0252008 -8.48827 -0.607887 -0.0131616 0.793915 67.5199 
0.789648 0.0551022 0.611081 170.594 -0.0543024 0.998327 -0.0198505 -8.52492 -0.611153 -0.0175082 0.791319 68.2095 
0.787436 0.0544187 0.613989 171.098 -0.0509136 0.998434 -0.0231962 -8.56184 -0.61429 -0.0129948 0.788973 68.8871 
0.786335 0.0589075 0.614986 171.616 -0.0480176 0.99826 -0.0342237 -8.60295 -0.615932 -0.00261881 0.787795 69.5586 
0.785352 0.0616345 0.615973 172.155 -0.0463686 0.998093 -0.0407504 -8.64086 -0.61731 0.00344163 0.786712 70.2385 
0.784644 0.0574473 0.617279 172.659 -0.0408332 0.998324 -0.0410049 -8.67984 -0.618601 0.00696879 0.785675 70.8918 
0.784094 0.0522113 0.618442 173.181 -0.0388832 0.99863 -0.0350101 -8.72602 -0.619423 0.0034042 0.78505 71.5625 
0.783326 0.0479489 0.619759 173.701 -0.0356255 0.998845 -0.0322498 -8.76959 -0.62059 0.00318286 0.784129 72.2567 
0.783726 0.0432669 0.619597 174.22 -0.0314383 0.999055 -0.0299986 -8.81387 -0.62031 0.00403162 0.784346 72.9337 
0.784417 0.0384078 0.619044 174.735 -0.025625 0.999236 -0.0295257 -8.86547 -0.619705 0.00729747 0.784801 73.5998 
0.785415 0.0360882 0.617916 175.247 -0.0223045 0.999301 -0.0300116 -8.91645 -0.618567 0.00978931 0.785671 74.2627 
0.785874 0.0392644 0.617138 175.739 -0.0230752 0.999149 -0.0341848 -8.96551 -0.617956 0.0126244 0.786112 74.9342 
0.786428 0.0387645 0.616465 176.246 -0.0193853 0.999086 -0.0380943 -9.00398 -0.617378 0.0180081 0.78646 75.6115 
0.786931 0.034508 0.616075 176.751 -0.0157663 0.999234 -0.0358308 -9.05802 -0.61684 0.0184831 0.786872 76.2715 
0.786112 0.0327008 0.617219 177.225 -0.0188304 0.999403 -0.0289661 -9.11273 -0.617797 0.0111482 0.786258 76.9425 
0.785462 0.0269258 0.618323 177.731 -0.018233 0.999626 -0.0203687 -9.13443 -0.618641 0.00472498 0.78566 77.6099 
0.78556 0.0216863 0.618406 178.233 -0.0157299 0.999763 -0.015078 -9.1662 -0.618586 0.00211728 0.785714 78.2557 
0.784815 0.0195257 0.619423 178.707 -0.0134798 0.999805 -0.0144371 -9.18708 -0.619584 0.00298076 0.784925 78.8727 
0.783882 0.0238079 0.620454 179.186 -0.0162551 0.999709 -0.0178237 -9.22227 -0.620698 0.00388612 0.78404 79.485 
0.782415 0.031948 0.621938 179.64 -0.0195127 0.999451 -0.0267927 -9.25744 -0.622452 0.00882731 0.782608 80.0814 
0.781214 0.037119 0.623158 180.111 -0.0195723 0.999196 -0.0349815 -9.28208 -0.623956 0.0151314 0.781313 80.6683 
0.779431 0.0360478 0.625451 180.524 -0.0157979 0.999157 -0.037899 -9.32148 -0.62629 0.0196589 0.779343 81.2204 
0.777363 0.0328633 0.628193 180.965 -0.0137885 0.999285 -0.0352137 -9.36487 -0.628901 0.018712 0.77726 81.7464 
0.774559 0.0248489 0.632013 181.376 -0.00961124 0.999575 -0.0275213 -9.40842 -0.632429 0.0152424 0.774469 82.293 
0.772659 0.016321 0.634611 181.791 -0.00308226 0.999754 -0.0219589 -9.43769 -0.634814 0.0150107 0.772519 82.7967 
