1 2.12261e-08 -2.11895e-08 0 2.12261e-08 1 2.10703e-08 0 -2.11895e-08 2.10703e-08 1 0 
0.999942 -0.00288127 0.0103903 0.0350118 0.00287202 0.999996 0.000909307 0.000864112 -0.0103929 -0.000879371 0.999946 0.27689 
0.999853 -0.00458618 0.0165225 0.0502336 0.00457326 0.999989 0.000822109 -0.00757749 -0.0165261 -0.000746385 0.999863 0.556723 
0.999805 -0.00749064 0.0182526 0.063875 0.00748794 0.999972 0.000218308 -0.0201062 -0.0182537 -8.15492e-05 0.999833 0.863642 
0.999834 -0.00843835 0.0161672 0.0512789 0.00848182 0.999961 -0.0026197 -0.00477668 -0.0161445 0.00275644 0.999866 1.17687 
0.999889 -0.011759 0.00910977 0.0599291 0.0117943 0.999923 -0.00381946 -0.0160962 -0.0090642 0.00392652 0.999951 1.49781 
0.999898 -0.0137528 -0.00384758 0.0523402 0.0137297 0.999888 -0.00597344 -0.0212493 0.00392925 0.00592005 0.999975 1.81483 
0.999683 -0.0125541 -0.0218058 0.0438095 0.0124118 0.999901 -0.00665217 -0.0266591 0.0218871 0.00637946 0.99974 2.1261 
0.999168 -0.00856707 -0.0398803 -0.0171043 0.00824801 0.999933 -0.00815913 -0.019595 0.0399474 0.00782345 0.999171 2.49572 
0.998189 -0.00464368 -0.0599802 -0.0779791 0.00414343 0.999956 -0.00846262 -0.0378493 0.0600167 0.00819881 0.998164 2.86108 
0.99677 -0.00417193 -0.0802047 -0.117437 0.00338075 0.999944 -0.00999833 -0.0306135 0.0802419 0.00969492 0.996728 3.23998 
0.994671 -0.00669337 -0.102886 -0.160143 0.0057176 0.999936 -0.00977633 -0.02907 0.102945 0.00913601 0.994645 3.63999 
0.992511 -0.00765634 -0.121913 -0.230925 0.00663429 0.999939 -0.00878743 -0.0406423 0.121973 0.00791286 0.992502 4.01019 
0.990197 -0.00696132 -0.139501 -0.313594 0.00574266 0.999942 -0.00913671 -0.0387508 0.139557 0.00824609 0.99018 4.42841 
0.98806 -0.00577515 -0.15396 -0.411214 0.00472132 0.999963 -0.00720986 -0.0562 0.153996 0.00639693 0.988051 4.85377 
0.986002 -0.00532305 -0.166646 -0.51157 0.00402592 0.999959 -0.00812078 -0.0631441 0.166683 0.00733625 0.985983 5.26092 
0.983814 -0.00696506 -0.179057 -0.602002 0.005412 0.999943 -0.00916076 -0.0743595 0.179111 0.00804347 0.983796 5.69669 
0.982058 -0.00982694 -0.188324 -0.713767 0.00752951 0.999888 -0.0129111 -0.0721493 0.18843 0.0112615 0.982022 6.11739 
0.980694 -0.0103995 -0.195275 -0.829737 0.00790399 0.999877 -0.0135547 -0.0994273 0.195391 0.0117496 0.980655 6.5788 
0.979188 -0.0117253 -0.202616 -0.94462 0.00899706 0.999856 -0.014381 -0.119319 0.202755 0.0122588 0.979153 7.04982 
0.977144 -0.0129146 -0.212187 -1.03838 0.00946656 0.999806 -0.0172579 -0.13268 0.212369 0.0148548 0.977077 7.56267 
0.975835 -0.0150952 -0.217989 -1.19881 0.0112649 0.99976 -0.0188036 -0.148111 0.21822 0.0158936 0.97577 8.04564 
0.973918 -0.02107 -0.225922 -1.32995 0.017068 0.999661 -0.0196532 -0.166667 0.226259 0.0152846 0.973947 8.53711 
0.971917 -0.0239081 -0.234106 -1.47085 0.0195137 0.999588 -0.02107 -0.189548 0.234513 0.01591 0.971983 9.04116 
0.969853 -0.0195652 -0.242903 -1.64439 0.013815 0.999583 -0.0253537 -0.199768 0.243298 0.0212337 0.969719 9.62136 
0.967059 -0.0194607 -0.253807 -1.78627 0.0124647 0.999498 -0.0291439 -0.210828 0.254246 0.0250203 0.966816 10.1571 
0.965407 -0.0170828 -0.260187 -1.98066 0.00947053 0.99949 -0.0304827 -0.236456 0.260575 0.0269641 0.965077 10.7237 
0.963098 -0.0220562 -0.268245 -2.15561 0.0136168 0.999353 -0.0332819 -0.24 0.268806 0.0284011 0.962776 11.2779 
0.960822 -0.0222062 -0.276274 -2.33754 0.0125866 0.999253 -0.0365439 -0.252568 0.276879 0.0316349 0.960384 11.8485 
0.958384 -0.0213237 -0.284684 -2.54019 0.0102029 0.999128 -0.0404899 -0.274433 0.285299 0.0359003 0.957766 12.4172 
0.9565 -0.0196415 -0.291069 -2.73698 0.00625811 0.998883 -0.04684 -0.304823 0.291664 0.042981 0.955555 13.0022 
0.954764 -0.0204708 -0.296661 -2.93662 0.00445228 0.9985 -0.0545716 -0.341907 0.297333 0.0507822 0.953422 13.6117 
0.954461 -0.0211754 -0.297585 -3.17641 0.00219339 0.997949 -0.0639766 -0.374159 0.298329 0.0604105 0.952549 14.2072 
0.952985 -0.0223629 -0.30219 -3.36184 0.000645742 0.997421 -0.0717758 -0.427593 0.303016 0.0682062 0.950542 14.8082 
0.951912 -0.0199924 -0.305719 -3.58977 -0.00500036 0.996722 -0.08075 -0.484505 0.306331 0.0783956 0.948692 15.4574 
0.950756 -0.0233343 -0.30906 -3.80714 -0.00400779 0.996153 -0.0875398 -0.54051 0.309914 0.0844677 0.947005 16.0349 
0.95042 -0.0146879 -0.310621 -4.05843 -0.0154554 0.995418 -0.0943586 -0.621005 0.310584 0.0944811 0.945839 16.5294 
0.948448 -0.0146251 -0.316594 -4.27643 -0.0175968 0.994964 -0.0986789 -0.69999 0.316443 0.0991629 0.943414 17.1686 
0.946811 -0.0132665 -0.321517 -4.54061 -0.0218852 0.994182 -0.10547 -0.755962 0.321045 0.106897 0.941012 17.8426 
0.945028 -0.0113722 -0.326792 -4.77164 -0.0250484 0.993941 -0.107024 -0.878443 0.326029 0.109327 0.939017 18.4708 
0.943391 -0.00774701 -0.331592 -5.04935 -0.030126 0.993594 -0.108923 -0.958406 0.330311 0.112747 0.937114 19.1707 
0.941357 -0.00823206 -0.337312 -5.32057 -0.0302289 0.993625 -0.108611 -1.04173 0.336055 0.112439 0.935107 19.8545 
0.939226 -0.00931232 -0.343174 -5.61364 -0.0300883 0.993552 -0.109309 -1.08124 0.341979 0.112991 0.93289 20.5879 
0.937231 -0.00895926 -0.348595 -6.03541 -0.0311144 0.993534 -0.109189 -1.14722 0.347319 0.113182 0.930892 21.4655 
0.934452 -0.00642846 -0.356032 -6.34234 -0.0332662 0.993889 -0.105257 -1.25184 0.354533 0.110201 0.928527 22.1893 
0.930619 -0.00495995 -0.365955 -6.63687 -0.0339078 0.994439 -0.0997053 -1.34438 0.364414 0.105196 0.925276 22.9485 
0.927001 -0.00222 -0.375053 -6.9824 -0.0354521 0.994987 -0.0935149 -1.44181 0.37338 0.0999848 0.922274 23.7445 
0.924039 0.000344369 -0.382299 -7.36791 -0.0378792 0.995161 -0.0906599 -1.49974 0.380418 0.0982545 0.919581 24.5374 
0.921383 0.00283452 -0.388646 -7.72535 -0.0406123 0.995201 -0.0890235 -1.59711 0.386529 0.0978085 0.917076 25.1941 
0.917273 0.00702216 -0.398198 -8.04131 -0.0453993 0.995171 -0.0870305 -1.69861 0.395664 0.0979086 0.913162 25.8877 
0.913645 0.00825175 -0.40643 -8.41537 -0.0466061 0.995328 -0.0845614 -1.81754 0.403833 0.0962012 0.909761 26.6526 
0.910387 0.0101828 -0.413633 -8.81881 -0.0497539 0.995137 -0.0850077 -1.86663 0.410756 0.0979698 0.906466 27.3991 
0.907195 0.0109236 -0.420569 -9.22677 -0.0508164 0.995189 -0.0837659 -1.93332 0.417631 0.0973639 0.903385 28.1744 
0.903586 0.0141602 -0.428173 -9.62149 -0.0526589 0.995546 -0.0782039 -2.04819 0.425159 0.0932111 0.900306 28.9652 
0.899851 0.0188953 -0.435787 -10.0464 -0.0558354 0.995832 -0.0721156 -2.1362 0.432608 0.0892258 0.897156 29.7949 
0.89658 0.0187244 -0.442485 -10.5246 -0.054505 0.996176 -0.0682855 -2.19076 0.439514 0.0853411 0.894172 30.6398 
0.893277 0.0163327 -0.449209 -11.0011 -0.0514049 0.996495 -0.0659901 -2.26339 0.446557 0.082039 0.890986 31.4706 
0.8895 0.0158766 -0.45666 -11.4193 -0.0515478 0.996503 -0.0657615 -2.3098 0.454019 0.0820347 0.887207 32.3187 
0.888156 0.0155371 -0.459279 -11.9529 -0.0514986 0.996498 -0.0658774 -2.35118 0.456647 0.0821616 0.885846 33.1495 
0.885721 0.014952 -0.463978 -12.4677 -0.0513065 0.996511 -0.0658294 -2.40336 0.461375 0.0821116 0.883398 34.0077 
0.882812 0.0141558 -0.469514 -12.9891 -0.0494623 0.99679 -0.0629491 -2.50775 0.467116 0.0787955 0.880678 34.9294 
0.880978 0.013175 -0.472975 -13.5579 -0.0506511 0.996494 -0.0665864 -2.52579 0.470439 0.0826178 0.878556 35.8501 
0.879815 0.0118331 -0.47517 -14.0507 -0.0502507 0.996403 -0.0682298 -2.58193 0.472653 0.0839072 0.877245 36.7239 
0.878858 0.0109102 -0.476959 -14.5446 -0.0488502 0.996542 -0.0672173 -2.65455 0.474576 0.0823741 0.876351 37.6272 
0.878759 0.0125657 -0.4771 -15.0375 -0.0499479 0.996585 -0.0657501 -2.73662 0.474644 0.0816087 0.876386 38.4796 
0.878769 0.0127246 -0.477078 -15.5374 -0.0512458 0.996381 -0.0678185 -2.79744 0.474488 0.084045 0.876241 39.3443 
0.879784 0.0111041 -0.475244 -16.0445 -0.0491488 0.996494 -0.0677027 -2.89099 0.472826 0.0829214 0.877246 40.067 
0.879721 0.00834692 -0.475417 -16.6266 -0.0464471 0.996573 -0.0684498 -2.95364 0.473217 0.0822985 0.877094 40.9916 
0.878788 0.00722952 -0.477157 -17.1406 -0.044018 0.996851 -0.0659652 -3.04928 0.475177 0.078973 0.876339 41.8776 
0.877337 0.00886963 -0.479793 -17.663 -0.0445113 0.997023 -0.0629609 -3.1181 0.477806 0.0765942 0.87512 42.7643 
0.874639 0.0106648 -0.484658 -18.2046 -0.0463057 0.997025 -0.0616263 -3.18387 0.482558 0.0763432 0.87253 43.7202 
0.871896 0.0100258 -0.489589 -18.8327 -0.0454824 0.997127 -0.0605791 -3.23699 0.487575 0.0750864 0.869846 44.6726 
0.868088 0.00925807 -0.496324 -19.4099 -0.0462239 0.99699 -0.06225 -3.3362 0.494254 0.0769806 0.865903 45.5435 
0.862526 0.00777211 -0.505953 -20.0185 -0.0475106 0.996709 -0.0656832 -3.40788 0.503777 0.0806916 0.860057 46.4914 
0.85641 0.00505588 -0.516272 -20.5282 -0.0447405 0.996917 -0.0644542 -3.49635 0.514354 0.0782975 0.853996 47.3515 
0.850883 0.00782545 -0.525296 -21.1085 -0.0470284 0.997009 -0.0613247 -3.54886 0.523245 0.076884 0.848707 48.2479 
0.845862 0.0128695 -0.533247 -21.6759 -0.0518718 0.996955 -0.0582208 -3.60926 0.530874 0.0769072 0.843954 49.1092 
0.841548 0.0132392 -0.540021 -22.2829 -0.054212 0.996722 -0.0600462 -3.68734 0.537456 0.0798074 0.839507 50.0299 
0.838564 0.0124484 -0.544662 -22.875 -0.05629 0.996368 -0.063892 -3.77691 0.541888 0.0842366 0.836219 50.8943 
0.83557 0.0123882 -0.549244 -23.4897 -0.0606162 0.995721 -0.0697576 -3.87491 0.546029 0.0915805 0.832745 51.7946 
0.831666 0.0080133 -0.555219 -24.0675 -0.0570744 0.995834 -0.0711196 -3.93642 0.552336 0.0908366 0.828658 52.6891 
0.828786 0.0104728 -0.559468 -24.6683 -0.056862 0.996226 -0.0655859 -4.04764 0.556669 0.0861692 0.826253 53.518 
0.826354 0.0141729 -0.562973 -25.3088 -0.0588173 0.996388 -0.06125 -4.12327 0.560072 0.0837268 0.824202 54.3735 
0.823038 0.0159391 -0.567763 -25.9052 -0.0589815 0.9966 -0.0575225 -4.21035 0.564916 0.0808308 0.82118 55.2175 
0.820026 0.0153548 -0.57212 -26.5663 -0.058716 0.996623 -0.0574105 -4.28596 0.569306 0.0806708 0.818158 56.1684 
0.81683 0.0147013 -0.576692 -27.1475 -0.0584096 0.996646 -0.0573248 -4.38691 0.573915 0.080509 0.814948 56.8853 
0.812439 0.0123501 -0.582916 -27.8091 -0.0582321 0.996495 -0.0600486 -4.44825 0.580131 0.0827303 0.810311 57.7682 
0.808095 0.0141858 -0.588882 -28.2318 -0.060358 0.996442 -0.0588228 -4.56191 0.585952 0.0830781 0.806076 58.4417 
0.804475 0.0126993 -0.593851 -28.9652 -0.0573607 0.99676 -0.0563896 -4.65456 0.591211 0.0794278 0.802596 59.2962 
0.799984 0.0124865 -0.599891 -29.6314 -0.0589533 0.996582 -0.0578737 -4.69121 0.597118 0.0816636 0.797986 60.1575 
0.795076 0.0113312 -0.606405 -30.2737 -0.0590925 0.996516 -0.0588573 -4.75882 0.603625 0.08263 0.792975 60.9568 
0.790113 0.00984667 -0.612883 -30.9508 -0.0588515 0.99647 -0.0598603 -4.82127 0.61013 0.0833655 0.787903 61.7799 
0.78533 0.00922525 -0.619009 -31.733 -0.0599841 0.996318 -0.0612528 -4.89068 0.616165 0.0852344 0.782992 62.665 
0.780121 0.00774795 -0.625581 -32.4371 -0.059976 0.996244 -0.0624534 -4.9734 0.622748 0.0862411 0.777655 63.4562 
0.775794 0.0053632 -0.630964 -33.097 -0.0566799 0.996514 -0.0612197 -5.06911 0.628436 0.0832569 0.773393 64.2214 
0.769683 -0.00187869 -0.638424 -33.9132 -0.0488764 0.996887 -0.0618589 -5.09303 0.636553 0.0788156 0.767196 65.0908 
0.763789 0.00229331 -0.645461 -34.6264 -0.0508057 0.997105 -0.0565769 -5.20363 0.643463 0.076006 0.761695 65.8854 
0.757147 0.00292456 -0.653238 -35.2649 -0.0537724 0.996875 -0.0578628 -5.26982 0.651028 0.0789368 0.754938 66.6701 
0.751533 -0.000330515 -0.659695 -36.0774 -0.0498172 0.997116 -0.057252 -5.35561 0.657811 0.075891 0.74935 67.5026 
0.745712 -0.00258711 -0.666263 -36.7477 -0.0477461 0.997214 -0.0573118 -5.43997 0.664555 0.0745496 0.743511 68.0995 
0.741407 0.0024277 -0.671051 -37.7738 -0.057704 0.99652 -0.0601488 -5.50032 0.66857 0.0833171 0.738967 68.9487 
0.736242 0.00368312 -0.676709 -38.4479 -0.06014 0.996385 -0.0600078 -5.58272 0.674041 0.0848775 0.733801 69.7077 
0.733943 0.00344161 -0.679202 -39.3103 -0.0604245 0.996353 -0.0602459 -5.63491 0.676518 0.0852576 0.731474 70.3876 
0.729576 0.00465271 -0.683884 -40.0057 -0.0621108 0.996295 -0.0594825 -5.74215 0.681073 0.0858736 0.727162 71.1126 
0.723446 0.00288447 -0.690375 -40.8356 -0.0615786 0.996275 -0.0603659 -5.84347 0.687629 0.0861838 0.720929 71.9296 
0.718221 0.000469146 -0.695815 -41.6299 -0.0614142 0.99614 -0.0627202 -5.91584 0.6931 0.0877799 0.715477 72.7447 
0.714927 -0.000684465 -0.699199 -42.5529 -0.0611252 0.99611 -0.0634753 -5.98524 0.696522 0.0881189 0.712104 73.5477 
0.711117 -0.00123272 -0.703073 -43.377 -0.0611379 0.996102 -0.0635839 -6.03957 0.700411 0.0882 0.708269 74.3289 
0.706634 -0.00133056 -0.707578 -44.2521 -0.059699 0.996321 -0.061493 -6.12786 0.705056 0.0856948 0.703955 75.1211 
0.702679 -0.0036904 -0.711497 -45.2504 -0.0577186 0.996395 -0.0621714 -6.19477 0.709162 0.0847532 0.699933 75.8721 
0.699535 -0.00628128 -0.714571 -46.2499 -0.0563175 0.996367 -0.0638908 -6.23772 0.712376 0.0849367 0.696639 76.6094 
0.695014 -0.00798249 -0.718952 -47.1682 -0.0539512 0.99654 -0.0632194 -6.31439 0.716969 0.0827267 0.692179 77.4448 
0.692501 -0.00741299 -0.721378 -48.0851 -0.0557103 0.996412 -0.0637195 -6.39069 0.719262 0.0843141 0.689604 78.2373 
0.689202 -0.0103761 -0.724495 -48.9428 -0.0532507 0.996468 -0.0649281 -6.47772 0.72261 0.0833285 0.686216 78.9978 
0.685958 -0.0144477 -0.727498 -49.7839 -0.0510072 0.996389 -0.0678824 -6.5597 0.725852 0.0836722 0.682743 79.755 
0.681878 -0.0188545 -0.731223 -50.6399 -0.0474495 0.996422 -0.0699402 -6.64188 0.729925 0.0823869 0.678544 80.519 
0.676605 -0.0217391 -0.736025 -51.5555 -0.0451799 0.996455 -0.0709636 -6.72116 0.734959 0.0812679 0.673224 81.2907 
0.669606 -0.0235068 -0.742345 -52.4712 -0.04312 0.996583 -0.0704523 -6.83196 0.741464 0.0791852 0.666304 82.0672 
0.661507 -0.02601 -0.749488 -53.4007 -0.0391363 0.996839 -0.0691362 -6.91576 0.748917 0.0750663 0.658398 82.8647 
0.655032 -0.0228092 -0.755257 -54.3086 -0.0397178 0.997123 -0.0645608 -7.0305 0.754556 0.0722866 0.652242 83.5492 
0.647755 -0.0184175 -0.761626 -55.1069 -0.0473183 0.996805 -0.0643483 -7.09831 0.760378 0.0777209 0.644814 84.1236 
0.637004 -0.0228847 -0.770521 -56.1876 -0.0439501 0.996855 -0.0659413 -7.1582 0.769607 0.0758694 0.633995 85.0164 
0.630674 -0.0211748 -0.775759 -57.3959 -0.0500303 0.996439 -0.0678718 -7.26521 0.774434 0.0816165 0.627369 85.7607 
0.621531 -0.0237265 -0.78303 -58.3953 -0.0477047 0.99654 -0.0680617 -7.35697 0.781936 0.0796568 0.618249 86.5002 
0.611809 -0.0247869 -0.790617 -59.4139 -0.0451256 0.996787 -0.0661706 -7.45161 0.789717 0.0761609 0.608725 87.2788 
0.601401 -0.024412 -0.798575 -60.4635 -0.0472659 0.996695 -0.0660641 -7.52587 0.797548 0.0774764 0.598259 88.0288 
0.59143 -0.0252709 -0.80596 -61.4443 -0.0460444 0.99682 -0.0650436 -7.62776 0.805041 0.0755787 0.588385 88.715 
0.58285 -0.0245641 -0.812209 -62.4472 -0.0503366 0.996532 -0.0662608 -7.72739 0.81102 0.079504 0.579592 89.3545 
0.574364 -0.0255191 -0.818202 -63.4827 -0.0508155 0.996475 -0.066751 -7.82044 0.817021 0.0799168 0.571043 89.9806 
0.565603 -0.0256458 -0.824279 -64.4908 -0.0546722 0.996151 -0.0685084 -7.90561 0.822863 0.0838138 0.562025 90.6178 
0.554902 -0.0266889 -0.831488 -65.588 -0.0527826 0.996342 -0.0672054 -8.042 0.83024 0.0811805 0.551463 91.368 
0.546289 -0.0222552 -0.837301 -66.6696 -0.0561769 0.996423 -0.0631367 -8.16588 0.835711 0.0815279 0.543084 92.0321 
0.539143 -0.0212621 -0.841946 -67.6742 -0.0560434 0.99656 -0.0610541 -8.23773 0.840348 0.0801024 0.536096 92.6173 
0.532291 -0.025869 -0.846166 -68.7995 -0.0519874 0.996648 -0.0631728 -8.29566 0.844964 0.0776163 0.529161 93.311 
0.52691 -0.0273969 -0.849479 -69.9309 -0.0528236 0.996492 -0.0649034 -8.39956 0.848278 0.0790708 0.523615 93.9231 
0.520544 -0.0306307 -0.853286 -71.03 -0.0511058 0.996447 -0.0669467 -8.49958 0.852304 0.0784566 0.517129 94.5425 
0.515771 -0.0322502 -0.856119 -72.1508 -0.0509035 0.996372 -0.0682005 -8.58983 0.855213 0.0787554 0.512258 95.1557 
0.513543 -0.0319823 -0.857468 -72.9605 -0.0514485 0.99636 -0.0679756 -8.77498 0.85652 0.0790238 0.510028 95.4057 
0.512354 -0.031626 -0.858192 -73.7262 -0.0488529 0.99663 -0.0658936 -9.01065 0.857384 0.0756861 0.509082 95.5653 
0.509218 -0.0292988 -0.860139 -74.8067 -0.0453709 0.997117 -0.060825 -9.13785 0.859441 0.0699985 0.50642 96.1615 
0.503708 -0.0277897 -0.863427 -75.8661 -0.0404917 0.997624 -0.0557311 -9.25529 0.862925 0.0630339 0.501386 96.7965 
0.501355 -0.0274877 -0.864805 -76.9601 -0.0374074 0.997872 -0.0534035 -9.35129 0.864433 0.0591243 0.49926 97.387 
0.499462 -0.0275321 -0.865898 -78.0644 -0.0384492 0.997806 -0.0539042 -9.41804 0.865482 0.0602162 0.497307 97.9846 
0.496392 -0.0283253 -0.867636 -79.1451 -0.0350539 0.997998 -0.0526362 -9.506 0.867391 0.0565423 0.494405 98.5981 
0.49428 -0.0283071 -0.868842 -80.2608 -0.0322399 0.998185 -0.0508623 -9.58712 0.868705 0.0531516 0.492471 99.1926 
0.494457 -0.0264667 -0.868799 -81.3709 -0.0335756 0.998209 -0.0495178 -9.70259 0.868553 0.0536549 0.492683 99.7287 
0.493151 -0.0279895 -0.869493 -82.4975 -0.0315935 0.998247 -0.0500531 -9.76701 0.86937 0.0521541 0.491402 100.318 
0.490894 -0.0280857 -0.870767 -83.5373 -0.0289404 0.998403 -0.0485176 -9.84497 0.870739 0.0490173 0.489297 100.888 
0.489061 -0.0275765 -0.871814 -84.6665 -0.0268974 0.998548 -0.0466739 -9.90879 0.871835 0.046276 0.487609 101.491 
0.488691 -0.0332834 -0.871822 -85.8015 -0.019075 0.998626 -0.0488167 -9.95271 0.872248 0.0404864 0.487385 102.06 
0.487281 -0.0310586 -0.872693 -86.8919 -0.019838 0.998716 -0.0466206 -10.0648 0.87302 0.0400299 0.486039 102.644 
0.484842 -0.036118 -0.873856 -87.8719 -0.0153542 0.998641 -0.0497946 -10.12 0.874467 0.0375599 0.483629 103.22 
0.486777 -0.0391393 -0.872649 -89.0041 -0.0145212 0.998495 -0.0528839 -10.1752 0.873405 0.0384147 0.485476 103.793 
0.488596 -0.0390793 -0.871635 -89.9978 -0.0169773 0.998382 -0.0542786 -10.2524 0.872345 0.0413184 0.487142 104.329 
0.492533 -0.0390629 -0.869417 -91.0038 -0.0194053 0.998251 -0.0558448 -10.3226 0.870077 0.0443768 0.490914 104.867 
0.497285 -0.0383619 -0.866739 -91.9606 -0.019193 0.998291 -0.0551962 -10.4342 0.867375 0.0440836 0.495699 105.396 
0.50112 -0.040266 -0.864441 -92.9331 -0.0190728 0.99816 -0.0575513 -10.5017 0.865168 0.0453274 0.49943 105.981 
0.508587 -0.0398514 -0.860088 -93.9215 -0.0189917 0.998166 -0.0574792 -10.5729 0.860801 0.0455677 0.506897 106.528 
0.515982 -0.0402105 -0.855655 -94.8668 -0.0184021 0.998147 -0.0580038 -10.6447 0.856402 0.0456748 0.514286 107.072 
0.523761 -0.0418644 -0.850836 -95.8168 -0.016161 0.998124 -0.0590599 -10.7216 0.851712 0.0446837 0.522102 107.642 
0.535181 -0.0416586 -0.84371 -96.8074 -0.0190536 0.997934 -0.0613596 -10.7753 0.844523 0.0489142 0.533281 108.195 
0.546071 -0.0438852 -0.836589 -97.7524 -0.0192875 0.997704 -0.0649266 -10.8521 0.837517 0.0515903 0.543971 108.738 
0.553957 -0.0458247 -0.831283 -98.5944 -0.019422 0.997501 -0.0679301 -10.9417 0.832319 0.0537755 0.551682 109.328 
0.563781 -0.0444108 -0.82473 -99.4561 -0.0200834 0.997521 -0.0674444 -11.0689 0.82568 0.0545873 0.561491 109.914 
0.572906 -0.0436675 -0.818457 -100.299 -0.0236779 0.997281 -0.0697825 -11.1199 0.819279 0.0593582 0.570314 110.532 
0.585052 -0.0417741 -0.809919 -101.18 -0.0258211 0.997207 -0.0700861 -11.1897 0.810585 0.061917 0.582339 111.143 
0.596677 -0.0421711 -0.801373 -102.011 -0.0234261 0.997277 -0.0699227 -11.2611 0.802139 0.0604944 0.594065 111.742 
0.608413 -0.0396761 -0.792628 -102.944 -0.0276893 0.99708 -0.0711643 -11.3455 0.793137 0.0652447 0.605538 112.376 
0.618483 -0.0396899 -0.784795 -103.773 -0.0270849 0.997053 -0.0717696 -11.4514 0.785331 0.0656444 0.615586 113.005 
0.629435 -0.0409375 -0.775974 -104.605 -0.0260564 0.996938 -0.0737305 -11.5368 0.776617 0.0666276 0.62644 113.647 
0.63976 -0.0423217 -0.767409 -105.418 -0.0234647 0.996942 -0.0745419 -11.647 0.768217 0.065696 0.63681 114.282 
0.648557 -0.0442279 -0.75988 -106.221 -0.0200069 0.996975 -0.0751036 -11.7342 0.760903 0.0639119 0.64571 114.98 
0.659106 -0.0428317 -0.750829 -107.016 -0.0193566 0.99708 -0.0738713 -11.8395 0.751801 0.0632226 0.656352 115.663 
0.669234 -0.0379878 -0.74208 -107.924 -0.0223614 0.99721 -0.0712144 -11.9235 0.742715 0.0642531 0.666517 116.382 
0.677041 -0.0373793 -0.734995 -108.662 -0.0226613 0.997177 -0.0715875 -11.9941 0.735596 0.0651237 0.674283 117.113 
0.687922 -0.038286 -0.724774 -109.446 -0.0228058 0.996974 -0.0743111 -12.0596 0.725426 0.0676493 0.684968 117.771 
0.697155 -0.0363075 -0.716 -110.161 -0.0232213 0.997049 -0.0731694 -12.1704 0.716544 0.0676369 0.694255 118.427 
0.705768 -0.0367163 -0.707491 -110.878 -0.022106 0.997028 -0.0737945 -12.2651 0.708099 0.0677216 0.702859 119.135 
0.7123 -0.0352915 -0.700987 -111.531 -0.0216816 0.997152 -0.0722335 -12.3548 0.70154 0.0666505 0.709506 119.833 
0.720333 -0.0330108 -0.692842 -112.217 -0.0217968 0.997296 -0.0701783 -12.4405 0.693285 0.0656536 0.717666 120.561 
0.726967 -0.0322298 -0.685916 -112.857 -0.0213959 0.99735 -0.06954 -12.5286 0.686339 0.0652291 0.724351 121.247 
0.734798 -0.0288357 -0.677673 -113.508 -0.0237872 0.997386 -0.0682323 -12.6206 0.677869 0.0662569 0.732191 121.918 
0.742314 -0.028555 -0.669444 -114.164 -0.0235635 0.997361 -0.0686708 -12.6964 0.669638 0.0667498 0.739682 122.609 
0.748587 -0.0247313 -0.662575 -114.789 -0.0262444 0.997416 -0.066881 -12.7493 0.662516 0.0674552 0.746004 123.299 
0.755534 -0.024004 -0.654669 -115.404 -0.0248961 0.997555 -0.0653081 -12.8114 0.654636 0.0656412 0.753089 123.973 
0.761888 -0.0207032 -0.647378 -116.002 -0.0256632 0.997739 -0.0621103 -12.9204 0.6472 0.0639349 0.759634 124.648 
0.767776 -0.0234513 -0.640289 -116.573 -0.0215196 0.997822 -0.0623507 -13.0086 0.640357 0.0616502 0.7656 125.327 
0.775131 -0.022007 -0.631418 -117.158 -0.0224379 0.997804 -0.0623217 -13.057 0.631403 0.0624752 0.772934 126.015 
0.783461 -0.0189491 -0.621153 -117.706 -0.0246286 0.997803 -0.0615035 -13.1047 0.620953 0.0634837 0.781273 126.678 
0.792052 -0.0133072 -0.610309 -118.263 -0.0276354 0.997956 -0.0576245 -13.1741 0.609828 0.0625078 0.790065 127.366 
0.801188 -0.0117887 -0.598296 -118.732 -0.0289957 0.997867 -0.0584905 -13.223 0.597709 0.0642099 0.799137 128.006 
0.81055 -0.0101487 -0.585582 -119.262 -0.030523 0.997759 -0.0595414 -13.3093 0.584874 0.0661351 0.808424 128.688 
0.820337 -0.0118201 -0.571759 -119.837 -0.0283635 0.997715 -0.0613208 -13.3941 0.571177 0.0665209 0.818127 129.384 
0.828481 -0.0116567 -0.559897 -120.256 -0.0280789 0.997661 -0.0623192 -13.4088 0.559314 0.0673516 0.826216 130.088 
0.83787 -0.0113245 -0.545752 -120.726 -0.0271421 0.997684 -0.0623724 -13.4591 0.545195 0.0670729 0.835622 130.751 
0.8471 -0.00754662 -0.53138 -121.144 -0.0282874 0.997841 -0.0592658 -13.5244 0.53068 0.0652354 0.845058 131.404 
0.855137 -0.00711442 -0.518354 -121.543 -0.0263541 0.998016 -0.0571746 -13.5963 0.517733 0.0625529 0.853253 132.1 
0.863164 -0.00563968 -0.504892 -121.957 -0.0257082 0.99815 -0.0551001 -13.6546 0.504269 0.0605404 0.861422 132.818 
0.869663 -0.00636542 -0.493605 -122.346 -0.0231714 0.998288 -0.0536985 -13.714 0.493102 0.0581372 0.868027 133.532 
0.876004 -0.00928152 -0.482214 -122.727 -0.0186697 0.998413 -0.0531332 -13.7389 0.481942 0.0555478 0.874441 134.197 
0.882118 -0.00866935 -0.470949 -123.138 -0.018645 0.998404 -0.0533023 -13.7862 0.47066 0.0557998 0.880549 134.91 
0.888675 -0.00798573 -0.458468 -123.588 -0.0190909 0.998337 -0.0543944 -13.8182 0.45814 0.0570915 0.887045 135.608 
0.894158 -0.00527566 -0.447721 -123.959 -0.0207251 0.998371 -0.053155 -13.885 0.447272 0.0568081 0.892592 136.36 
0.899592 -0.00538494 -0.436698 -124.335 -0.0195121 0.99843 -0.0525064 -13.952 0.436295 0.0557552 0.898075 137.127 
0.904721 -0.00592982 -0.425962 -124.682 -0.0182239 0.998449 -0.052606 -14.0166 0.425614 0.0553565 0.90321 137.87 
0.90869 -0.0068034 -0.417416 -125.019 -0.0176628 0.998345 -0.054723 -14.0493 0.417097 0.057099 0.907066 138.657 
0.912356 -0.00830756 -0.409313 -125.367 -0.0156123 0.998361 -0.0550631 -14.1141 0.409099 0.0566275 0.910731 139.419 
0.915365 -0.00808288 -0.402543 -125.724 -0.0157701 0.998312 -0.0559061 -14.1355 0.402315 0.0575227 0.913692 140.216 
0.918504 -0.00613411 -0.395365 -126.093 -0.0158363 0.998507 -0.0522826 -14.202 0.395095 0.0542829 0.917035 140.98 
0.922048 -0.001667 -0.387072 -126.494 -0.0190391 0.998585 -0.0496539 -14.2295 0.386607 0.0531528 0.920712 141.819 
0.924361 0.000607264 -0.381519 -126.808 -0.0201481 0.998681 -0.0472261 -14.286 0.380987 0.0513409 0.923154 142.646 
0.927529 0.00632737 -0.373697 -127.173 -0.0249863 0.99867 -0.0451077 -14.3424 0.372914 0.0511761 0.926453 143.453 
0.930127 0.00573266 -0.367193 -127.512 -0.0236626 0.998736 -0.0443467 -14.3455 0.366475 0.0499369 0.929087 144.323 
0.933512 0.0059281 -0.358498 -127.876 -0.0223036 0.998887 -0.0415602 -14.3865 0.357852 0.0467928 0.932605 145.189 
0.93612 0.00615278 -0.351626 -128.138 -0.0215292 0.998974 -0.0398362 -14.4249 0.35102 0.0448618 0.935293 145.974 
0.939171 0.00501001 -0.343412 -128.486 -0.0196378 0.999041 -0.0391312 -14.4737 0.342887 0.0434948 0.938369 146.906 
0.942096 0.00357767 -0.335325 -128.787 -0.0179794 0.999044 -0.0398541 -14.4962 0.334862 0.0435753 0.941259 147.795 
0.945752 0.00154813 -0.324887 -129.139 -0.0152518 0.999098 -0.0396376 -14.5462 0.324533 0.0424425 0.944922 148.669 
0.949473 0.00174325 -0.313843 -129.488 -0.0152542 0.999059 -0.0405996 -14.6205 0.313477 0.0433357 0.948606 149.595 
0.95308 -0.000868538 -0.302719 -129.802 -0.0129613 0.998962 -0.0436736 -14.6387 0.302442 0.0455481 0.952079 150.559 
0.957363 0.00151645 -0.288883 -130.113 -0.0151674 0.998871 -0.0450216 -14.667 0.288488 0.0474837 0.956305 151.484 
0.961883 0.00317917 -0.273443 -130.345 -0.0160368 0.998867 -0.0447989 -14.7313 0.272991 0.0474765 0.960844 152.449 
0.966673 0.00563132 -0.255953 -130.377 -0.0172025 0.998927 -0.0429921 -14.7717 0.255436 0.0459624 0.965733 153.169 
0.971834 0.00750057 -0.235549 -130.624 -0.0180636 0.998924 -0.0427186 -14.7922 0.234975 0.0457703 0.970923 154.182 
0.976193 0.00624421 -0.216814 -130.868 -0.0158481 0.998967 -0.0425855 -14.8378 0.216324 0.0450078 0.975284 155.228 
0.980433 0.00789781 -0.196696 -130.952 -0.0162853 0.999024 -0.0410612 -14.9243 0.19618 0.0434611 0.979604 156.127 
0.98467 0.00879214 -0.174208 -131.19 -0.015627 0.999159 -0.0379012 -14.9804 0.173728 0.0400425 0.983979 157.173 
0.988172 0.0102337 -0.15301 -131.33 -0.0157132 0.999276 -0.0346453 -15.0377 0.152545 0.0366398 0.987617 158.129 
0.991533 0.0119317 -0.129303 -131.507 -0.0161206 0.999377 -0.0313981 -15.0565 0.128848 0.0332168 0.991108 159.279 
0.994019 0.0142609 -0.108271 -131.601 -0.0174617 0.999436 -0.0286725 -15.1183 0.107801 0.0303917 0.993708 160.396 
0.99618 0.0165123 -0.085744 -131.704 -0.0189964 0.999421 -0.0282373 -15.1749 0.085228 0.0297584 0.995917 161.498 
0.997938 0.0166496 -0.0619894 -131.826 -0.0185384 0.999377 -0.0300208 -15.2233 0.0614509 0.0311081 0.997625 162.594 
0.999017 0.0175126 -0.0407291 -131.898 -0.0187756 0.999348 -0.030838 -15.2595 0.0401625 0.0315725 0.998694 163.526 
0.999685 0.0145662 -0.0204184 -131.98 -0.0151468 0.999477 -0.0285731 -15.3169 0.0199915 0.0288735 0.999383 164.395 
0.999883 0.0152684 -0.000684043 -131.948 -0.0152811 0.999531 -0.0265429 -15.3442 0.000278413 0.0265503 0.999647 165.589 
0.999708 0.0156812 0.0183605 -131.897 -0.0152079 0.999556 -0.0256377 -15.3975 -0.0187544 0.0253511 0.999503 166.691 
0.999072 0.0186125 0.0388365 -131.813 -0.0176824 0.999552 -0.0241569 -15.449 -0.0392687 0.0234478 0.998954 167.799 
0.998049 0.020169 0.0590826 -131.737 -0.0188431 0.99956 -0.0229113 -15.5123 -0.0595187 0.0217533 0.99799 168.813 
0.996874 0.0217608 0.0759465 -131.435 -0.020105 0.999545 -0.0224985 -15.5933 -0.0764016 0.0209013 0.996858 169.699 
0.995203 0.0213167 0.0954825 -131.3 -0.0190518 0.999517 -0.0245695 -15.5969 -0.0959601 0.0226326 0.995128 170.996 
0.993111 0.0215201 0.115186 -131.211 -0.0185697 0.999473 -0.0266257 -15.6952 -0.115698 0.0243034 0.992987 172.295 
0.990676 0.0230148 0.134282 -131.054 -0.0192959 0.999395 -0.0289302 -15.7444 -0.134867 0.0260694 0.990521 173.565 
0.988152 0.022865 0.151768 -130.78 -0.018727 0.999414 -0.0286383 -15.9284 -0.152334 0.0254568 0.988001 174.639 
0.984974 0.0229359 0.171174 -130.705 -0.0178999 0.999362 -0.030906 -16.0361 -0.171773 0.0273777 0.984756 176.062 
0.981742 0.0231718 0.188803 -130.532 -0.016862 0.999247 -0.0349575 -16.1256 -0.189471 0.0311357 0.981393 177.128 
0.978137 0.0245102 0.206513 -130.328 -0.0165737 0.999059 -0.0400736 -16.2316 -0.207301 0.0357748 0.977623 178.312 
0.974242 0.0266683 0.223921 -130.073 -0.0170283 0.998848 -0.0448723 -16.3274 -0.22486 0.0399036 0.973574 179.459 
0.96985 0.0280174 0.242085 -129.819 -0.0169149 0.998713 -0.0478198 -16.4113 -0.243113 0.0422832 0.969076 180.677 
0.96527 0.0298862 0.259539 -129.507 -0.017505 0.998602 -0.0498857 -16.5063 -0.260667 0.04361 0.964443 181.867 
0.960545 0.028561 0.276653 -129.14 -0.0155454 0.998672 -0.0491263 -16.5972 -0.277689 0.0428874 0.959713 183.186 
0.955957 0.0263152 0.292326 -128.761 -0.0121549 0.998668 -0.0501514 -16.6851 -0.293256 0.0443894 0.955003 184.393 
0.950491 0.0269486 0.30958 -128.358 -0.0107054 0.998481 -0.0540481 -16.8133 -0.310566 0.0480581 0.949336 185.753 
0.945783 0.0275511 0.323629 -127.92 -0.00949606 0.998316 -0.0572366 -16.9309 -0.324661 0.0510602 0.944451 186.791 
0.939998 0.0298936 0.339867 -127.455 -0.0112301 0.998325 -0.0567494 -17.0664 -0.340995 0.0495276 0.93876 188.036 
0.93466 0.0324524 0.354059 -126.913 -0.0135164 0.998349 -0.0558255 -17.1967 -0.355287 0.0473923 0.933555 188.917 
0.927877 0.0358613 0.371157 -126.406 -0.0149847 0.998147 -0.0589801 -17.2952 -0.372584 0.0491647 0.926695 190.187 
0.920865 0.0368591 0.388134 -125.86 -0.0138816 0.99799 -0.061839 -17.4282 -0.389633 0.0515575 0.919526 191.536 
0.913759 0.0385347 0.404426 -125.229 -0.0138703 0.99787 -0.0637409 -17.5516 -0.406021 0.0526343 0.912347 192.839 
0.905505 0.0387325 0.422565 -124.743 -0.0112032 0.997661 -0.0674387 -17.7173 -0.424189 0.056332 0.90382 194.025 
0.896111 0.0433154 0.441712 -124.136 -0.0120657 0.997236 -0.0733135 -17.7964 -0.443667 0.0603674 0.894156 195.434 
0.885489 0.0460161 0.462376 -123.386 -0.0118947 0.997003 -0.0764433 -17.9305 -0.464508 0.0621899 0.883383 196.924 
0.872268 0.0491488 0.486551 -122.807 -0.013623 0.996993 -0.0762879 -18.0767 -0.488838 0.0599153 0.870315 198.227 
0.85782 0.0520305 0.51131 -122.062 -0.0150261 0.996976 -0.0762423 -18.3487 -0.51373 0.0577193 0.856008 199.558 
0.841472 0.0557767 0.537414 -121.519 -0.0162621 0.996821 -0.0779944 -18.5005 -0.540056 0.0568907 0.839704 200.678 
0.826014 0.0590663 0.560547 -120.775 -0.0169451 0.996647 -0.0800492 -18.6476 -0.563396 0.0566232 0.824245 201.832 
0.809968 0.0602182 0.583374 -119.89 -0.0153797 0.996554 -0.0815146 -18.8084 -0.586272 0.0570522 0.808103 203.069 
0.793011 0.0622187 0.606022 -118.948 -0.0143711 0.996405 -0.0834929 -18.9288 -0.609038 0.0575016 0.791054 204.42 
0.775767 0.0640294 0.627763 -118.059 -0.0125286 0.996205 -0.0861268 -19.1274 -0.630895 0.0589494 0.773625 205.586 
0.757951 0.0664611 0.648917 -117.026 -0.00854068 0.995722 -0.0920045 -19.2278 -0.652256 0.0641927 0.755276 206.973 
0.741173 0.0669784 0.667965 -116.172 -0.00651461 0.995681 -0.0926106 -19.475 -0.671283 0.064289 0.738408 208.052 
0.72432 0.0690674 0.685996 -114.998 -0.00494596 0.995465 -0.095003 -19.6328 -0.689446 0.0654197 0.721377 209.122 
0.706588 0.0667864 0.704466 -113.38 0.00203243 0.995341 -0.096401 -19.9471 -0.707622 0.0695476 0.70316 210.409 
0.688373 0.0646115 0.722474 -111.728 0.0090441 0.995183 -0.0976173 -20.2622 -0.725301 0.0737312 0.684473 211.652 
0.671767 0.0656337 0.73785 -110.653 0.0114841 0.995025 -0.0989656 -20.4686 -0.740674 0.0749553 0.667671 212.751 
0.65527 0.0681378 0.752315 -109.433 0.0123511 0.994824 -0.10086 -20.6842 -0.755294 0.0753824 0.651037 213.855 
0.63738 0.0713943 0.767235 -108.064 0.0135421 0.994507 -0.103793 -20.8961 -0.770431 0.0765454 0.632912 215.152 
0.621127 0.0727348 0.780327 -106.815 0.0160054 0.994299 -0.105419 -21.1227 -0.783546 0.0779682 0.616422 216.214 
0.603387 0.0723394 0.794161 -105.731 0.0168333 0.9945 -0.103378 -21.3323 -0.797271 0.0757451 0.59885 217.155 
0.583856 0.07319 0.808551 -104.711 0.016856 0.994621 -0.102205 -21.4952 -0.811682 0.0733018 0.579482 218.082 
0.564806 0.0737484 0.821922 -103.453 0.0142846 0.994976 -0.0990921 -21.6946 -0.8251 0.0677087 0.560915 219.057 
0.546873 0.0724599 0.834074 -102.135 0.0148664 0.99525 -0.0962093 -21.8774 -0.837084 0.0650139 0.543198 219.966 
0.529157 0.0742104 0.845272 -100.801 0.0129667 0.995345 -0.0955033 -22.004 -0.848425 0.0614967 0.525731 220.797 
0.510929 0.0772061 0.856149 -99.4235 0.011829 0.995233 -0.0968076 -22.1646 -0.859542 0.0595892 0.50758 221.622 
0.491541 0.0806897 0.867108 -98.1047 0.00891409 0.99518 -0.0976607 -22.3761 -0.870809 0.0557338 0.488453 222.449 
0.470527 0.0806579 0.878691 -96.7792 0.0100418 0.99526 -0.0967352 -22.5447 -0.882328 0.0543402 0.467487 223.239 
0.449198 0.0787448 0.889955 -95.5016 0.0105178 0.995573 -0.0933988 -22.6946 -0.89337 0.051315 0.446381 223.904 
0.428574 0.0762011 0.900288 -94.1288 0.010802 0.995934 -0.0894388 -22.8688 -0.903442 0.048056 0.426008 224.571 
0.405867 0.0751859 0.910834 -92.6965 0.00988865 0.996191 -0.086638 -23.0307 -0.913879 0.0441704 0.403577 225.266 
0.383948 0.0736508 0.920413 -91.4755 0.0115049 0.996355 -0.0845268 -23.2038 -0.923283 0.0430432 0.381701 225.815 
0.361608 0.0723713 0.929517 -90.1967 0.0137026 0.996463 -0.0829142 -23.3663 -0.93223 0.0427192 0.359337 226.367 
0.33971 0.0716913 0.937794 -89.0969 0.0138971 0.996599 -0.0812208 -23.5113 -0.940427 0.0406242 0.337559 226.813 
0.317377 0.0719826 0.945564 -87.6748 0.0157972 0.996575 -0.0811682 -23.7033 -0.948168 0.0406982 0.315153 227.353 
0.29593 0.0715534 0.952526 -86.3804 0.0190769 0.996549 -0.0807871 -23.8371 -0.955019 0.0420786 0.293544 227.785 
0.274741 0.0689325 0.959044 -85.1433 0.0189414 0.996845 -0.0770757 -24.0074 -0.961332 0.0393414 0.272568 228.179 
0.254586 0.0683854 0.964629 -83.6849 0.0212157 0.996862 -0.0762696 -24.1428 -0.966817 0.0398824 0.252336 228.566 
0.233885 0.0724363 0.969562 -82.3702 0.0211176 0.996607 -0.0795509 -24.2857 -0.972035 0.0390806 0.231562 228.981 
0.2148 0.0804938 0.973335 -81.0146 0.0203404 0.996013 -0.086858 -24.4613 -0.976446 0.0384552 0.212307 229.289 
0.194662 0.0886792 0.976853 -79.7023 0.016933 0.995453 -0.0937419 -24.6001 -0.980724 0.034789 0.192275 229.59 
0.173601 0.0921891 0.980492 -78.3937 0.0157542 0.995222 -0.0963634 -24.7594 -0.98469 0.0321757 0.171319 229.895 
0.153182 0.0927826 0.983833 -77.007 0.0114319 0.99535 -0.0956486 -24.9522 -0.988132 0.0258987 0.151409 230.172 
0.132809 0.0925553 0.986811 -75.7047 0.00784783 0.995501 -0.0944266 -25.0947 -0.991111 0.020285 0.131485 230.387 
0.113333 0.0929129 0.989203 -74.5007 0.00566094 0.995541 -0.0941567 -25.2129 -0.993541 0.0162709 0.112302 230.561 
0.0938051 0.0906896 0.991452 -73.2315 0.00488531 0.995789 -0.0915485 -25.3602 -0.995579 0.0134313 0.092967 230.717 
0.0745989 0.090585 0.993091 -71.976 0.00594701 0.995808 -0.0912795 -25.5026 -0.997196 0.0127153 0.0737474 230.845 
0.0549891 0.0912126 0.994312 -70.743 0.00565974 0.995774 -0.0916597 -25.6311 -0.998471 0.0106678 0.0542405 230.966 
0.0358745 0.0938606 0.994939 -69.5274 0.00152265 0.995573 -0.0939753 -25.7703 -0.999355 0.00488626 0.0355728 231.047 
0.0155563 0.0958312 0.995276 -68.2709 0.000306479 0.995396 -0.0958475 -25.897 -0.999879 0.00179606 0.0154553 231.127 
-0.00200441 0.0928098 0.995682 -67.0468 -0.000728421 0.995683 -0.0928114 -26.0224 -0.999998 -0.00091131 -0.00192815 231.159 
-0.0167807 0.0885325 0.995932 -65.7898 0.000871345 0.996073 -0.0885303 -26.1534 -0.999859 -0.0006178 -0.0167919 231.143 
-0.0325147 0.0845405 0.995889 -64.5766 0.00143065 0.996419 -0.0845387 -26.2876 -0.99947 -0.00132398 -0.0325192 231.203 
-0.0470898 0.0821976 0.995503 -63.3924 0.00408558 0.996616 -0.0820962 -26.3705 -0.998882 0.000201304 -0.0472663 231.222 
-0.0576526 0.082219 0.994945 -62.2561 0.00470205 0.996614 -0.0820844 -26.5063 -0.998326 -5.40996e-05 -0.057844 231.178 
-0.0659825 0.0839211 0.994285 -61.084 0.0046964 0.996472 -0.0837939 -26.6336 -0.99781 -0.000859382 -0.0661439 231.129 
-0.0735989 0.0840627 0.993739 -59.9564 0.00501519 0.99646 -0.0839214 -26.7859 -0.997275 -0.00119274 -0.07376 231.102 
-0.0792884 0.088694 0.992898 -58.8299 0.00196685 0.996046 -0.088818 -26.8906 -0.99685 -0.00508937 -0.0791493 231.001 
-0.0853776 0.0975222 0.991565 -57.71 0.00321829 0.99522 -0.0976046 -27.0197 -0.996344 -0.0051421 -0.0852834 230.956 
-0.0912728 0.0994408 0.990849 -56.6658 0.00087862 0.995009 -0.0997774 -27.1307 -0.995826 -0.00823639 -0.0909047 230.918 
-0.0949764 0.0913876 0.991276 -55.5613 0.00227189 0.995795 -0.0915865 -27.2571 -0.995477 -0.00644649 -0.0947846 230.824 
-0.0971728 0.0824158 0.991849 -54.4421 0.00289573 0.996585 -0.0825255 -27.367 -0.995263 -0.00514711 -0.0970795 230.716 
-0.100735 0.0773897 0.991899 -53.3687 0.00360547 0.996992 -0.0774209 -27.4887 -0.994907 -0.00422273 -0.100711 230.665 
-0.100031 0.0788687 0.991854 -52.331 0.00192617 0.996867 -0.079073 -27.5913 -0.994983 -0.00599924 -0.0998691 230.579 
-0.098235 0.0831638 0.991682 -51.2726 0.00279556 0.996521 -0.0832926 -27.6889 -0.995159 -0.00540995 -0.0981257 230.459 
-0.0974994 0.0861124 0.991503 -50.2061 -0.000285897 0.996247 -0.0865525 -27.7837 -0.995236 -0.00872229 -0.0971089 230.39 
-0.0965349 0.0869108 0.991528 -49.1391 -0.00276425 0.996153 -0.0875853 -27.8847 -0.995326 -0.0111959 -0.0959233 230.317 
-0.0929229 0.0868429 0.991879 -48.1263 -0.00315276 0.996158 -0.0875129 -28.0112 -0.995668 -0.0112591 -0.0922921 230.254 
-0.0916492 0.0876857 0.991923 -47.0639 -0.00665405 0.996039 -0.0886643 -28.1276 -0.995769 -0.0147263 -0.0907027 230.237 
-0.0864896 0.0903078 0.992151 -46.0649 -0.00994314 0.995755 -0.0915025 -28.205 -0.996203 -0.0177791 -0.0852245 230.162 
-0.0799601 0.0893221 0.992788 -45.0094 -0.00977568 0.995859 -0.0903857 -28.3127 -0.99675 -0.0169324 -0.0787558 230.092 
-0.0734329 0.0889876 0.993322 -43.9489 -0.00653891 0.995947 -0.0897061 -28.3934 -0.997279 -0.0130826 -0.0725534 230.034 
-0.0662468 0.0894071 0.99379 -42.8808 -0.00318173 0.995954 -0.0898138 -28.4902 -0.997798 -0.00911185 -0.0656943 229.993 
-0.0598881 0.090253 0.994117 -41.8699 -0.00184576 0.995892 -0.0905254 -28.5992 -0.998203 -0.0072563 -0.0594755 229.976 
-0.0526875 0.0900146 0.994546 -40.8798 -0.00210995 0.995917 -0.0902504 -28.7158 -0.998609 -0.00685352 -0.0522825 229.937 
-0.0475334 0.0893447 0.994866 -39.8703 -0.00335564 0.995972 -0.0896043 -28.8188 -0.998864 -0.00759761 -0.0470421 229.939 
-0.0415448 0.0865144 0.995384 -38.9111 -0.0049384 0.996214 -0.0867926 -28.9426 -0.999124 -0.00852139 -0.0409603 229.907 
-0.0367551 0.0854154 0.995667 -37.926 -0.00483927 0.996314 -0.0856494 -29.0382 -0.999313 -0.00796636 -0.0362062 229.911 
-0.0331391 0.0862921 0.995719 -36.9854 -0.00727656 0.996219 -0.0865776 -29.136 -0.999424 -0.0101145 -0.0323858 229.958 
-0.0267167 0.0884422 0.995723 -36.0559 -0.0078131 0.99603 -0.088679 -29.2353 -0.999613 -0.0101489 -0.0259196 229.962 
-0.0221223 0.0896672 0.995726 -35.0967 -0.00761494 0.995926 -0.0898544 -29.3362 -0.999726 -0.00957018 -0.0213494 229.987 
-0.015158 0.0908694 0.995747 -34.0742 -0.00852359 0.995814 -0.0910052 -29.4462 -0.999849 -0.00986681 -0.0143201 230.008 
-0.0102994 0.0917027 0.995733 -33.1209 -0.0120449 0.995702 -0.0918244 -29.5562 -0.999874 -0.0129392 -0.00915057 230.046 
-0.00433461 0.0903735 0.995899 -32.1143 -0.0129563 0.995819 -0.0904227 -29.6757 -0.999907 -0.0132951 -0.00314558 230.074 
0.00357712 0.0875695 0.996152 -31.1187 -0.0129025 0.99608 -0.0875167 -29.7804 -0.99991 -0.0125398 0.00469296 230.072 
0.0113833 0.0863929 0.996196 -30.158 -0.0115686 0.996205 -0.0862615 -29.8729 -0.999868 -0.0105427 0.0123396 230.079 
0.0183992 0.0859325 0.996131 -29.2229 -0.0128418 0.996238 -0.0857044 -29.9614 -0.999748 -0.0112152 0.0194335 230.091 
0.0237094 0.0863556 0.995982 -28.2886 -0.0115069 0.99622 -0.0861022 -30.0677 -0.999653 -0.00941925 0.0246135 230.186 
0.029136 0.0875618 0.995733 -27.3473 -0.010473 0.996128 -0.0872901 -30.148 -0.999521 -0.007885 0.0299403 230.25 
