1 2.12261e-08 -2.11895e-08 0 2.12261e-08 1 2.10703e-08 0 -2.11895e-08 2.10703e-08 1 0 
0.999873 0.000953723 0.0159205 -0.00403575 -0.000939648 0.999999 -0.000888803 -0.0020384 -0.0159214 0.000873772 0.999873 0.106141 
0.999281 0.00336278 0.0377713 0.00202635 -0.00332863 0.999994 -0.000965658 0.0198366 -0.0377744 0.000839278 0.999286 0.278481 
0.997922 0.00512229 0.0642348 0.0523108 -0.00513939 0.999987 0.000101701 0.0215713 -0.0642334 -0.000431577 0.997935 0.429575 
0.995041 0.00609062 0.0992841 0.0816775 -0.00635893 0.999977 0.0023867 0.0115168 -0.0992673 -0.00300616 0.995056 0.579302 
0.990575 0.00371303 0.136925 0.147356 -0.00431805 0.999982 0.00412214 0.0108732 -0.136907 -0.0046745 0.990573 0.739246 
0.984327 0.00124267 0.176347 0.223116 -0.00195241 0.999991 0.00385152 0.0207739 -0.17634 -0.00413542 0.984321 0.940376 
0.975124 0.00210834 0.221649 0.282376 -0.00330978 0.999982 0.00504936 0.0103234 -0.221634 -0.00565733 0.975114 1.14218 
0.96361 0.00287277 0.267298 0.438091 -0.00501104 0.999961 0.00731796 0.0287497 -0.267267 -0.00839107 0.963586 1.27455 
0.949065 -0.00172995 0.315074 0.555191 -0.00235016 0.999918 0.0125694 0.0393531 -0.31507 -0.0126697 0.948984 1.48147 
0.931844 -0.0109627 0.362693 0.691818 0.00371167 0.999779 0.020683 0.013964 -0.36284 -0.0179271 0.931679 1.69424 
0.909915 -0.0181616 0.414398 0.731355 0.00781395 0.999614 0.0266521 -0.0592677 -0.414722 -0.021013 0.909706 1.83824 
0.883963 -0.0202038 0.46712 0.82359 0.00647813 0.999499 0.0309712 -0.068554 -0.467512 -0.0243513 0.883651 2.00995 
0.855734 -0.0223301 0.516934 1.01265 0.00503773 0.999381 0.0348311 -0.0791347 -0.517391 -0.027202 0.855316 2.15709 
0.82312 -0.0259352 0.567274 1.18347 0.00473287 0.999235 0.0388167 -0.0657334 -0.567847 -0.029266 0.822614 2.34583 
0.78696 -0.0316881 0.61619 1.32447 0.00667364 0.999059 0.0428544 -0.0698855 -0.616968 -0.0296124 0.786431 2.49018 
0.749777 -0.0364848 0.660684 1.52183 0.00777156 0.998895 0.0463422 -0.093755 -0.661645 -0.0296117 0.749232 2.59492 
0.708794 -0.0391969 0.704326 1.75049 0.00876774 0.998867 0.0467654 -0.0725077 -0.705361 -0.0269716 0.708335 2.81296 
0.666538 -0.0409615 0.744345 2.02562 0.00848264 0.998841 0.0473706 -0.0614979 -0.745423 -0.0252603 0.666113 3.01067 
0.623066 -0.0405856 0.781115 2.30444 0.00230116 0.998744 0.0500577 -0.0487811 -0.782166 -0.0293918 0.622377 3.20642 
0.580481 -0.0417954 0.813201 2.64596 0.000107456 0.998686 0.051252 -0.0350056 -0.814274 -0.0296634 0.579722 3.42424 
0.539872 -0.042591 0.840669 2.98081 -0.000899422 0.998689 0.0511745 0.000901993 -0.841747 -0.0283838 0.539126 3.62417 
0.501161 -0.044671 0.8642 3.39256 -0.00192326 0.998607 0.052734 0.0225206 -0.865352 -0.0280903 0.500377 3.8116 
0.463544 -0.0434959 0.885006 3.76899 -0.00592229 0.99862 0.0521817 0.0575595 -0.886054 -0.0294298 0.462647 3.98138 
0.426059 -0.0435311 0.903647 4.199 -0.00856535 0.998603 0.0521439 0.0404434 -0.904655 -0.0299564 0.425091 4.19386 
0.391504 -0.0424881 0.919195 4.65603 -0.00483799 0.998825 0.0482295 0.0702292 -0.920164 -0.023329 0.390838 4.39015 
0.362243 -0.041525 0.931158 5.11101 -0.00159536 0.998978 0.0451701 0.0793542 -0.932082 -0.0178481 0.361807 4.52843 
0.336804 -0.0399098 0.940729 5.59113 0.00142692 0.999122 0.0418763 0.086724 -0.941574 -0.0127617 0.336565 4.68914 
0.316699 -0.0391107 0.94772 6.01675 0.000889247 0.999161 0.0409365 0.109565 -0.948526 -0.0121217 0.316468 4.87257 
0.301996 -0.038877 0.952516 6.61089 -3.38157e-05 0.999168 0.0407918 0.13894 -0.953309 -0.0123512 0.301744 5.07899 
0.290952 -0.0403879 0.955885 7.27444 0.00366835 0.999148 0.0410994 0.151039 -0.956731 -0.0084514 0.290852 5.26712 
0.279939 -0.0421998 0.95909 7.98306 0.000469885 0.999039 0.0438204 0.169885 -0.960018 -0.0118164 0.27969 5.43385 
0.268937 -0.0434523 0.962177 8.64599 -4.68021e-05 0.998981 0.0451275 0.210868 -0.963158 -0.0121815 0.268661 5.61564 
0.259448 -0.0454885 0.964685 9.33398 -0.000631801 0.998882 0.0472709 0.245892 -0.965757 -0.0128739 0.25913 5.79432 
0.248281 -0.0477026 0.967513 10.0654 -0.0019498 0.99876 0.0497437 0.251553 -0.968686 -0.0142369 0.24788 6.02147 
0.237995 -0.0486726 0.970046 10.7828 -0.000709828 0.998735 0.0502863 0.295329 -0.971266 -0.0126564 0.237659 6.20198 
0.227884 -0.0496214 0.972423 11.552 0.00101899 0.998712 0.0507242 0.33875 -0.973688 -0.0105683 0.227641 6.38061 
0.217008 -0.0517812 0.974795 12.3371 -0.000532116 0.998586 0.0531634 0.380425 -0.97617 -0.0120556 0.216674 6.57652 
0.205379 -0.0553848 0.977114 13.0788 -0.00196406 0.998372 0.0570026 0.422982 -0.978681 -0.0136262 0.204936 6.74841 
0.193016 -0.0596614 0.97938 13.8386 -0.0034302 0.998103 0.061478 0.441695 -0.98119 -0.0152257 0.192445 6.91595 
0.180829 -0.061125 0.981613 14.6365 -0.00318906 0.998025 0.0627345 0.495524 -0.983509 -0.0144747 0.180277 7.04189 
0.167532 -0.0615623 0.983943 15.3595 -0.00322386 0.998009 0.0629914 0.524627 -0.985861 -0.0137251 0.167 7.14272 
0.153336 -0.0604319 0.986324 16.1154 -0.00395235 0.998083 0.0617668 0.552679 -0.988166 -0.0133694 0.152804 7.27302 
0.136201 -0.0592443 0.988908 16.9231 -0.00437011 0.998165 0.0604007 0.589115 -0.990672 -0.0125483 0.135692 7.40488 
0.116 -0.058025 0.991553 17.7088 -0.0034393 0.998263 0.0588201 0.621457 -0.993243 -0.0102334 0.115599 7.49019 
0.0899818 -0.0570544 0.994308 18.5396 -0.00868268 0.998275 0.0580679 0.657028 -0.995906 -0.0138583 0.0893312 7.5929 
0.0593297 -0.0566543 0.996629 19.3651 -0.0115344 0.998283 0.057435 0.67488 -0.998172 -0.0149031 0.0585744 7.65093 
0.0258387 -0.0571199 0.998033 20.1953 -0.0150717 0.998231 0.0575215 0.703852 -0.999553 -0.0165283 0.024932 7.68072 
-0.00921904 -0.0561547 0.99838 21.0682 -0.0171327 0.998284 0.0559912 0.745066 -0.999811 -0.0165887 -0.0101653 7.69509 
-0.0434351 -0.0545251 0.997567 21.8937 -0.0179652 0.998391 0.053788 0.773511 -0.998895 -0.0155852 -0.0443448 7.65779 
-0.0772764 -0.052906 0.995605 22.7252 -0.0213539 0.99845 0.0513998 0.798626 -0.996781 -0.0172881 -0.0782864 7.60995 
-0.109608 -0.0497884 0.992727 23.5869 -0.0240866 0.998584 0.0474228 0.827167 -0.993683 -0.0187135 -0.110652 7.52234 
-0.142751 -0.0454203 0.988716 24.3999 -0.0212809 0.998856 0.0428137 0.84375 -0.98953 -0.014929 -0.143555 7.40135 
-0.17407 -0.0380081 0.984 25.2305 -0.0129967 0.999257 0.0362983 0.877139 -0.984648 -0.00647035 -0.174434 7.24994 
-0.205005 -0.032292 0.978228 26.0535 -0.0077752 0.999478 0.0313641 0.879198 -0.97873 -0.00117613 -0.205149 7.08623 
-0.233582 -0.0272239 0.971956 26.8636 -0.00261572 0.999622 0.0273702 0.879301 -0.972334 0.00385081 -0.233564 6.8776 
-0.262945 -0.0220366 0.964559 27.4452 0.00604904 0.999682 0.0244881 0.866445 -0.964792 0.0122737 -0.262728 6.81567 
-0.28933 -0.0123552 0.95715 28.1993 0.00958682 0.999829 0.0158041 0.870104 -0.957181 0.0137486 -0.289163 6.60025 
-0.314458 0.00363093 0.949264 28.9204 0.0143982 0.999896 0.000945068 0.859617 -0.949162 0.0139649 -0.314478 6.3549 
-0.339892 0.0200922 0.94025 29.629 0.0141288 0.999768 -0.0162566 0.833208 -0.940358 0.00775909 -0.340097 6.14347 
-0.363596 0.0366744 0.930835 30.4089 0.0208826 0.999295 -0.0312146 0.784862 -0.931323 0.00808878 -0.364105 5.82965 
-0.389383 0.0464248 0.919905 31.1656 0.0230647 0.998907 -0.0406488 0.749326 -0.920787 0.00538941 -0.390028 5.56557 
-0.41247 0.0506265 0.909563 31.923 0.026608 0.998698 -0.0435215 0.694203 -0.910583 0.00625038 -0.41328 5.2214 
-0.433777 0.0520348 0.899516 32.4998 0.0349203 0.998552 -0.040924 0.650418 -0.900343 0.0136595 -0.434966 4.87947 
-0.457873 0.0459205 0.887831 33.0648 0.0374836 0.998774 -0.0323275 0.54768 -0.888227 0.0184772 -0.459033 4.77705 
-0.476447 0.0454476 0.878028 33.7483 0.0459293 0.998586 -0.026765 0.523731 -0.878003 0.0275751 -0.47786 4.4682 
-0.491167 0.0459595 0.869852 34.3473 0.047442 0.998536 -0.0259702 0.513636 -0.869773 0.0285118 -0.492628 4.17019 
-0.502578 0.049337 0.863123 35.0279 0.0500612 0.998356 -0.0279175 0.4712 -0.863081 0.0291783 -0.504221 3.79305 
-0.511938 0.0507252 0.857524 35.7311 0.0501021 0.998319 -0.0291429 0.399386 -0.85756 0.0280443 -0.513619 3.33889 
-0.524749 0.0507686 0.849742 36.4213 0.0432414 0.998521 -0.0329542 0.36829 -0.850158 0.0194514 -0.526168 3.0479 
-0.536795 0.0493109 0.842271 37.0632 0.0412223 0.998631 -0.0321933 0.338819 -0.842705 0.0174391 -0.538093 2.6885 
-0.546825 0.0501619 0.835743 37.6078 0.0446062 0.998531 -0.0307468 0.255302 -0.836058 0.0204661 -0.54826 2.42385 
-0.555931 0.0522313 0.829586 38.2309 0.0462506 0.998421 -0.0318673 0.211608 -0.829941 0.0206528 -0.557469 2.09909 
-0.561927 0.0546432 0.82538 38.8371 0.0482247 0.998283 -0.0332581 0.162837 -0.82578 0.0211151 -0.563597 1.88112 
-0.561029 0.0559482 0.825903 39.5195 0.0485442 0.99822 -0.0346456 0.0953387 -0.826372 0.0206556 -0.562746 1.41146 
-0.558851 0.056013 0.827374 40.2334 0.0512049 0.998143 -0.0329876 0.0367345 -0.827686 0.0239305 -0.560681 1.01414 
-0.554836 0.0559285 0.830078 40.939 0.0518306 0.998123 -0.0326066 -0.00846116 -0.830344 0.0249321 -0.556694 0.671729 
-0.549407 0.0537422 0.833825 41.6551 0.0477861 0.998317 -0.0328579 -0.0437855 -0.834187 0.0217929 -0.551051 0.284458 
-0.543233 0.0535043 0.837876 42.4063 0.0474836 0.998328 -0.0329645 -0.0959143 -0.838239 0.021878 -0.544865 -0.135658 
-0.538478 0.0513609 0.841073 43.0687 0.0445144 0.998481 -0.0324737 -0.153167 -0.841463 0.0199534 -0.539946 -0.487603 
-0.535204 0.0481156 0.843351 43.8117 0.0398901 0.998702 -0.0316639 -0.229212 -0.84378 0.0166947 -0.536429 -0.887604 
-0.535235 0.0448155 0.843513 44.4784 0.0328555 0.998941 -0.0322254 -0.253084 -0.844064 0.0104659 -0.536141 -1.2583 
-0.537787 0.0398753 0.842137 45.1263 0.0247726 0.999197 -0.0314923 -0.334076 -0.842717 0.00392577 -0.538343 -1.60252 
-0.540022 0.0383382 0.840777 45.9198 0.0221522 0.999263 -0.0313368 -0.391871 -0.841359 0.00170254 -0.540473 -2.04516 
-0.541723 0.0377397 0.83971 46.6818 0.0216124 0.999287 -0.0309688 -0.419877 -0.840279 0.00137162 -0.542152 -2.46035 
-0.543558 0.0370994 0.838552 47.3133 0.0222765 0.999309 -0.0297717 -0.445899 -0.839076 0.00249738 -0.544008 -2.79485 
-0.544684 0.0361319 0.837862 48.1887 0.0195962 0.999347 -0.0303565 -0.461931 -0.838412 -0.000115763 -0.545037 -3.32822 
-0.545463 0.0361405 0.837356 49.0904 0.018758 0.999346 -0.0309128 -0.497153 -0.837925 -0.00115464 -0.545784 -3.85741 
-0.546789 0.0344688 0.836561 50.0217 0.0141265 0.99939 -0.0319444 -0.495178 -0.837151 -0.00564916 -0.546942 -4.3985 
-0.548885 0.0332093 0.835238 50.7373 0.0116894 0.999418 -0.0320553 -0.526471 -0.835816 -0.00783121 -0.548953 -4.79185 
-0.549965 0.0312811 0.834601 51.5807 0.00881226 0.99946 -0.0316531 -0.621691 -0.835141 -0.0100534 -0.549944 -5.23964 
-0.553395 0.0233009 0.832593 52.5721 0.00398642 0.999671 -0.0253271 -0.881933 -0.832909 -0.0106968 -0.553306 -5.60552 
-0.555255 0.0199939 0.83144 53.3488 0.00329417 0.999756 -0.0218415 -0.958034 -0.831674 -0.0093887 -0.555185 -5.96874 
-0.554107 0.0168883 0.832274 54.3751 0.000111357 0.999796 -0.0202134 -1.04901 -0.832446 -0.0111077 -0.553996 -6.5105 
-0.553817 0.0161905 0.832481 55.1352 0.00229016 0.999837 -0.0179217 -1.11489 -0.832635 -0.00801885 -0.553764 -6.90846 
-0.5546 0.0157683 0.831968 55.98 0.00033284 0.999825 -0.0187277 -1.16514 -0.832117 -0.0101095 -0.554508 -7.35637 
-0.555966 0.015165 0.831067 56.8179 0.000207636 0.999836 -0.0181057 -1.21786 -0.831205 -0.00989358 -0.555878 -7.80522 
-0.558718 0.0166198 0.829191 57.6894 -0.00116043 0.999783 -0.0208209 -1.25009 -0.829357 -0.0125952 -0.558577 -8.30305 
-0.562943 0.0183771 0.826291 58.6394 -0.00229678 0.999714 -0.0237989 -1.29104 -0.826492 -0.0152952 -0.56274 -8.81793 
-0.570819 0.0181569 0.820876 59.4586 -0.00659942 0.999622 -0.0266996 -1.32951 -0.82105 -0.0206579 -0.570483 -9.24522 
-0.575657 0.0180671 0.817492 60.3265 -0.00432295 0.999675 -0.0251375 -1.35551 -0.81768 -0.0180046 -0.575392 -9.81811 
-0.583585 0.0143499 0.811925 61.288 -0.00489693 0.999764 -0.0211895 -1.44705 -0.812037 -0.0163418 -0.583377 -10.3347 
-0.58923 0.0118976 0.807877 62.1184 -0.00837638 0.999748 -0.0208326 -1.48425 -0.807922 -0.0190423 -0.588982 -10.8931 
-0.593643 0.0139961 0.804607 62.9241 -0.00623539 0.999739 -0.0219909 -1.55875 -0.804705 -0.0180718 -0.5934 -11.4809 
-0.599483 0.0174971 0.800196 63.7575 -0.00449375 0.999672 -0.0252253 -1.56258 -0.800375 -0.0187181 -0.599208 -12.0412 
-0.605073 0.0175264 0.795977 64.5876 -0.00907938 0.999541 -0.0289104 -1.59293 -0.796118 -0.0247199 -0.604636 -12.5922 
-0.607963 0.0179742 0.793762 65.3587 -0.0097304 0.9995 -0.0300857 -1.62806 -0.793906 -0.0260146 -0.607484 -13.1886 
-0.611261 0.016908 0.791248 66.1246 -0.010201 0.99952 -0.029239 -1.66134 -0.791363 -0.0259441 -0.610796 -13.7707 
-0.614086 0.0104389 0.78917 66.8873 -0.00988272 0.999732 -0.0209143 -1.6986 -0.789177 -0.0206424 -0.613818 -14.3143 
-0.61622 0.00310688 0.787568 67.6694 -0.00787674 0.999918 -0.0101076 -1.74643 -0.787534 -0.012432 -0.616145 -14.8954 
-0.619036 0.00183703 0.78536 68.4257 -0.00452015 0.999972 -0.00590186 -1.80625 -0.785349 -0.00720342 -0.619011 -15.4146 
-0.61956 0.00642932 0.784923 69.1761 -0.00368102 0.999932 -0.011096 -1.8423 -0.78494 -0.00976394 -0.619494 -15.9934 
-0.62137 0.0115516 0.783432 69.9353 -0.00250369 0.999857 -0.0167285 -1.88628 -0.783513 -0.0123561 -0.621252 -16.5546 
-0.622602 0.0165571 0.782364 70.713 0.00392238 0.99983 -0.0180379 -1.91511 -0.782529 -0.00816169 -0.62256 -17.1365 
-0.622241 0.0171778 0.782638 71.4659 0.00584033 0.999833 -0.0173016 -1.95639 -0.782804 -0.00619489 -0.622237 -17.7452 
-0.623032 0.0137833 0.782075 72.2161 0.00465055 0.999892 -0.0139173 -1.98565 -0.782183 -0.00503385 -0.623029 -18.2781 
-0.623414 0.0101122 0.781827 72.9648 0.00374807 0.999944 -0.00994467 -1.99763 -0.781883 -0.00326932 -0.623417 -18.8207 
-0.622204 0.00355593 0.782847 73.7118 0.00107186 0.999993 -0.00369032 -2.03706 -0.782854 -0.00145704 -0.622204 -19.3988 
-0.622184 -0.00173355 0.78287 74.4591 -0.00714645 0.999969 -0.0034653 -2.05345 -0.782839 -0.0077508 -0.622176 -19.9327 
-0.62146 -0.00746369 0.78341 75.212 -0.0152486 0.99988 -0.00257025 -2.05965 -0.783298 -0.0135432 -0.621499 -20.4754 
-0.619744 -0.00602351 0.784781 75.9377 -0.010957 0.99994 -0.000977828 -2.08627 -0.784728 -0.00920488 -0.619772 -21.0118 
-0.618547 -0.00252579 0.785744 76.676 -0.00794938 0.999964 -0.00304341 -2.09797 -0.785708 -0.00812868 -0.618544 -21.5414 
-0.612252 0.00137409 0.790661 77.4094 -0.00357384 0.999984 -0.00450526 -2.1299 -0.790655 -0.00558406 -0.612237 -22.128 
-0.606278 0.00342888 0.795246 78.1506 -0.000297285 0.99999 -0.00453829 -2.13653 -0.795253 -0.00298789 -0.60627 -22.6507 
-0.599003 0.00712921 0.800715 78.9104 0.0072906 0.999968 -0.00344925 -2.16961 -0.800714 0.00377158 -0.599035 -23.2001 
-0.590381 0.00637942 0.8071 79.6691 0.00535734 0.999978 -0.00398512 -2.18112 -0.807107 0.00197116 -0.590402 -23.7183 
-0.581812 0.00338339 0.813316 80.4391 0.000470911 0.999993 -0.00382306 -2.18584 -0.813323 -0.00184131 -0.58181 -24.2213 
-0.572911 0.00105807 0.819617 81.1749 0.0028999 0.999996 0.000736138 -2.21809 -0.819612 0.00279854 -0.572912 -24.6498 
-0.562305 0.000849047 0.82693 81.979 0.00264267 0.999996 0.000770285 -2.22779 -0.826926 0.00261843 -0.562305 -25.1817 
-0.551359 0.000223053 0.834268 82.7052 0.00279986 0.999995 0.00158307 -2.23141 -0.834264 0.00320867 -0.551357 -25.6379 
-0.540993 0.00112477 0.841027 83.4807 0.0027889 0.999996 0.000456624 -2.2476 -0.841023 0.00259256 -0.540994 -26.1029 
-0.528419 0.00417907 0.848974 84.2465 0.00295489 0.999991 -0.00308324 -2.2821 -0.848979 0.000879367 -0.528427 -26.5679 
-0.517134 0.0152598 0.855768 85.0613 0.00965831 0.999881 -0.0119931 -2.30085 -0.85585 0.00206323 -0.51722 -27.0423 
-0.503089 0.0205985 0.863989 85.8484 0.0084897 0.999786 -0.0188925 -2.31357 -0.864193 -0.00216964 -0.503156 -27.5047 
-0.491716 0.0173223 0.870583 86.6524 0.00784926 0.99985 -0.015461 -2.35034 -0.87072 -0.000768997 -0.491778 -27.9438 
-0.483537 0.00890709 0.875279 87.4401 -0.00111474 0.999941 -0.0107915 -2.40919 -0.875323 -0.0061938 -0.483499 -28.3011 
-0.4735 0.0100187 0.880737 88.2662 -0.00243497 0.999917 -0.0126834 -2.43913 -0.88079 -0.00815018 -0.473436 -28.715 
-0.467599 0.0147893 0.883817 89.0126 -0.00107994 0.99985 -0.0173022 -2.50504 -0.88394 -0.00904499 -0.467513 -29.0885 
-0.462546 0.0191952 0.886388 89.8676 -0.00642492 0.999667 -0.025001 -2.52623 -0.886572 -0.0172591 -0.462268 -29.4967 
-0.459701 0.0211413 0.887822 90.6754 -0.0114641 0.999492 -0.0297364 -2.54953 -0.888 -0.0238479 -0.459225 -29.892 
-0.457944 0.0229899 0.888684 91.5816 -0.0119529 0.999416 -0.0320138 -2.55443 -0.888901 -0.0252828 -0.457401 -30.283 
-0.452952 0.0213849 0.891278 92.3759 -0.0159136 0.999359 -0.0320655 -2.61226 -0.891393 -0.0287076 -0.452322 -30.6733 
-0.447854 0.0166261 0.893952 93.1606 -0.0179197 0.999459 -0.0275658 -2.65355 -0.893927 -0.0283648 -0.447314 -31.048 
-0.444535 0.0117062 0.895685 93.9847 -0.0205872 0.999517 -0.0232808 -2.69693 -0.895525 -0.0287888 -0.444079 -31.4107 
-0.439532 0.00816704 0.89819 94.7937 -0.0231441 0.999524 -0.0204141 -2.74219 -0.897929 -0.0297605 -0.439134 -31.777 
-0.434835 0.00580139 0.900492 95.6228 -0.0320447 0.999246 -0.0219115 -2.77246 -0.89994 -0.0383838 -0.434321 -32.1338 
-0.428386 0.00510329 0.903581 96.4331 -0.0402804 0.998882 -0.0247384 -2.8034 -0.902697 -0.0469942 -0.427702 -32.4903 
-0.424215 0.00717279 0.905533 97.2226 -0.0417942 0.998748 -0.0274905 -2.86138 -0.904596 -0.0495079 -0.423384 -32.8058 
-0.41725 0.0119969 0.908713 98.0599 -0.0369413 0.998863 -0.0301492 -2.87098 -0.908041 -0.0461487 -0.416332 -33.1783 
-0.411429 0.00916377 0.911396 98.8931 -0.0404284 0.998782 -0.0282928 -2.92079 -0.910545 -0.0484868 -0.410557 -33.5171 
-0.406124 0.00507927 0.913804 99.7002 -0.0399862 0.998928 -0.0233236 -2.95904 -0.912943 -0.0460118 -0.405485 -33.8487 
-0.40074 0.00250311 0.916188 100.52 -0.041832 0.998903 -0.0210263 -2.99551 -0.915236 -0.0467521 -0.400196 -34.1778 
-0.394458 0.00218009 0.918912 101.393 -0.0503619 0.998443 -0.0239874 -3.06047 -0.917533 -0.0557402 -0.393734 -34.5065 
-0.388694 0.00528753 0.921352 102.154 -0.0488368 0.99846 -0.026333 -3.09372 -0.920072 -0.0552313 -0.387837 -34.818 
-0.383327 0.00496226 0.923599 103.062 -0.0548653 0.998097 -0.0281336 -3.11963 -0.921982 -0.061458 -0.382326 -35.1217 
-0.376992 0.00380793 0.926209 103.814 -0.053378 0.99824 -0.0258304 -3.17584 -0.924677 -0.059177 -0.376126 -35.4179 
-0.370385 0.00278007 0.928874 104.769 -0.0533449 0.998281 -0.0242588 -3.20127 -0.927345 -0.0585358 -0.3696 -35.72 
-0.364268 0.00171425 0.931293 105.571 -0.0560272 0.998147 -0.0237519 -3.2469 -0.929607 -0.0608298 -0.363497 -35.9798 
-0.356918 0.00285195 0.934132 106.348 -0.0528625 0.998331 -0.0232459 -3.28137 -0.932639 -0.0576774 -0.356171 -36.2919 
-0.349924 0.000551319 0.936778 107.071 -0.0566679 0.998156 -0.0217551 -3.3492 -0.935063 -0.0606979 -0.349247 -36.5352 
-0.345058 -0.00335368 0.938576 107.843 -0.0645263 0.997712 -0.0201574 -3.38714 -0.936361 -0.0675183 -0.344485 -36.7793 
-0.342912 -0.00314116 0.939362 108.62 -0.062013 0.997889 -0.0193008 -3.40181 -0.937318 -0.0648711 -0.342383 -36.9815 
-0.339902 -0.00109745 0.94046 109.42 -0.059419 0.998027 -0.0203106 -3.41747 -0.938582 -0.0627848 -0.339297 -37.2147 
-0.337233 0.000932618 0.941421 110.241 -0.0581803 0.998067 -0.0218299 -3.43633 -0.939622 -0.0621339 -0.336527 -37.4508 
-0.331114 -0.000127048 0.943591 111.08 -0.0505823 0.998565 -0.0176153 -3.48649 -0.942234 -0.0535616 -0.330645 -37.7458 
-0.325313 -0.000239468 0.945606 111.946 -0.043806 0.99893 -0.0148174 -3.5145 -0.944591 -0.0462435 -0.324976 -38.0569 
-0.322626 -0.0018027 0.946525 112.74 -0.0448015 0.998906 -0.0133682 -3.51638 -0.945466 -0.0467187 -0.322354 -38.2514 
-0.317525 5.90954e-05 0.94825 113.582 -0.0466096 0.99879 -0.0156696 -3.55043 -0.947104 -0.049173 -0.317138 -38.5291 
-0.314773 0.000748096 0.949167 114.444 -0.0485658 0.998677 -0.016893 -3.58877 -0.947924 -0.0514146 -0.31432 -38.779 
-0.315193 -0.00066296 0.949028 115.291 -0.0514709 0.99854 -0.016397 -3.62119 -0.947631 -0.0540155 -0.314766 -39.0076 
-0.313925 -0.00083365 0.949447 116.126 -0.0519045 0.998519 -0.0162849 -3.64 -0.948028 -0.0543928 -0.313504 -39.2554 
-0.31431 -0.00492802 0.949308 116.985 -0.0522844 0.998559 -0.0121273 -3.65541 -0.947879 -0.0534457 -0.314115 -39.5109 
-0.312444 -0.00877303 0.949896 117.825 -0.0515319 0.998641 -0.00772683 -3.67479 -0.948537 -0.0513642 -0.312471 -39.7825 
-0.311734 -0.0119055 0.950095 118.678 -0.0504368 0.998719 -0.00403393 -3.72825 -0.94883 -0.0491773 -0.311936 -40.0314 
-0.310028 -0.00766519 0.950697 119.533 -0.0497833 0.998727 -0.00818218 -3.76344 -0.949423 -0.0498655 -0.310015 -40.2947 
-0.312257 -0.00268213 0.949994 120.325 -0.0494815 0.998685 -0.0134446 -3.7693 -0.948708 -0.0512053 -0.311979 -40.4863 
-0.312351 -0.00340524 0.949961 121.166 -0.0448865 0.99893 -0.0111781 -3.83542 -0.948906 -0.0461319 -0.31217 -40.7384 
-0.310131 -0.0047101 0.950682 121.969 -0.045884 0.998897 -0.0100193 -3.86514 -0.949586 -0.0467284 -0.310005 -40.9954 
-0.308965 -0.00347471 0.951067 122.811 -0.0385327 0.999218 -0.00886714 -3.9185 -0.950292 -0.0393868 -0.308858 -41.2671 
-0.3087 -0.00223495 0.951157 123.615 -0.043256 0.998996 -0.0116915 -3.93941 -0.950175 -0.0447524 -0.308487 -41.4995 
-0.311586 -0.00178275 0.950216 124.364 -0.0566394 0.998255 -0.0166997 -3.91883 -0.948529 -0.059023 -0.311143 -41.6695 
-0.310035 -0.000857582 0.950725 125.171 -0.0601766 0.998012 -0.0187235 -3.96642 -0.948819 -0.0630163 -0.30947 -41.9188 
-0.31345 0.000905128 0.949604 126.022 -0.0688406 0.997347 -0.0236739 -3.96456 -0.947106 -0.0727919 -0.312556 -42.1152 
-0.312112 0.00426609 0.950036 126.827 -0.0544833 0.998264 -0.0223818 -4.00635 -0.948482 -0.0587467 -0.311338 -42.3654 
-0.312104 0.00489012 0.950035 127.592 -0.0606897 0.997842 -0.0250739 -4.01951 -0.948107 -0.0654831 -0.311134 -42.5919 
-0.307224 0.0065424 0.951615 128.464 -0.046538 0.998677 -0.0218905 -4.05263 -0.950499 -0.0510115 -0.306513 -42.9223 
-0.301417 0.00341873 0.953486 129.345 -0.0338268 0.999326 -0.0142764 -4.10846 -0.952892 -0.0365566 -0.301098 -43.2234 
-0.303159 -0.00765553 0.952909 129.956 -0.0473514 0.998854 -0.0070397 -4.20304 -0.951763 -0.0472558 -0.303173 -43.3701 
-0.308273 -0.0179172 0.951129 130.719 -0.0620604 0.998072 -0.001313 -4.25902 -0.949272 -0.0594322 -0.30879 -43.4645 
-0.304906 -0.0124807 0.952301 131.567 -0.0623144 0.998033 -0.00687166 -4.26243 -0.950342 -0.0614372 -0.305084 -43.7059 
-0.300633 -0.013507 0.953644 132.277 -0.0655513 0.997828 -0.00653199 -4.33363 -0.951485 -0.0644764 -0.300865 -43.8818 
-0.292188 -0.0162329 0.956223 133.048 -0.0785747 0.996883 -0.00708652 -4.36301 -0.953128 -0.0772055 -0.292553 -44.0962 
-0.284534 -0.0199838 0.958458 133.839 -0.0768471 0.997041 -0.0020251 -4.37661 -0.955581 -0.0742309 -0.285228 -44.3024 
-0.273156 -0.0196665 0.961769 134.733 -0.0748268 0.997196 -0.000860889 -4.36855 -0.959055 -0.0722013 -0.273862 -44.514 
-0.261274 -0.0156386 0.965138 135.501 -0.0701543 0.997532 -0.00282804 -4.35926 -0.962712 -0.0684475 -0.261726 -44.7031 
-0.248772 -0.0156754 0.968435 136.244 -0.0737964 0.997269 -0.00281474 -4.3863 -0.965747 -0.0721672 -0.24925 -44.859 
-0.235656 -0.0156139 0.971711 137.103 -0.0689216 0.997622 -0.000684346 -4.39563 -0.96939 -0.0671332 -0.236171 -45.047 
-0.225682 -0.0144886 0.974093 137.83 -0.0710957 0.997468 -0.00163551 -4.40785 -0.971603 -0.0696229 -0.226141 -45.1564 
-0.213557 -0.00879157 0.976891 138.558 -0.0733866 0.997279 -0.00706785 -4.44642 -0.97417 -0.0732001 -0.213621 -45.2686 
-0.197887 0.00152808 0.980224 139.303 -0.074048 0.997118 -0.0165032 -4.4332 -0.977424 -0.0758494 -0.197204 -45.4272 
-0.186348 0.00864272 0.982446 140.011 -0.0810632 0.996417 -0.0241415 -4.45262 -0.979134 -0.084139 -0.18498 -45.5186 
-0.175171 0.00844394 0.984502 140.685 -0.0836696 0.996218 -0.0234316 -4.49035 -0.980976 -0.0864774 -0.173802 -45.591 
-0.16141 0.00451719 0.986877 141.441 -0.0844364 0.99626 -0.0183701 -4.52005 -0.983269 -0.0862934 -0.160424 -45.7153 
-0.153241 0.00138105 0.988188 142.179 -0.0932923 0.995513 -0.0158583 -4.54786 -0.983775 -0.0946204 -0.152425 -45.7703 
-0.143111 0.00761564 0.989677 142.901 -0.0986032 0.994886 -0.0219141 -4.5735 -0.984783 -0.100721 -0.141628 -45.8639 
-0.137982 0.0126489 0.990354 143.648 -0.105557 0.994036 -0.0274028 -4.61056 -0.984794 -0.10832 -0.135824 -45.9238 
-0.136822 0.0158315 0.990469 144.372 -0.112508 0.993154 -0.0314161 -4.61657 -0.984186 -0.115734 -0.134104 -45.9639 
-0.136257 0.0110174 0.990612 145.172 -0.112683 0.993276 -0.0265464 -4.63691 -0.984244 -0.115242 -0.1341 -46.071 
-0.137104 0.00525338 0.990543 145.92 -0.113265 0.993344 -0.0209455 -4.69609 -0.98406 -0.115065 -0.135596 -46.159 
-0.140917 0.00355541 0.990015 146.662 -0.11287 0.993416 -0.0196332 -4.69933 -0.983566 -0.11451 -0.139588 -46.244 
-0.143142 0.00448862 0.989692 147.415 -0.112017 0.993491 -0.0207071 -4.71359 -0.983343 -0.113826 -0.141707 -46.3456 
-0.147707 0.0041287 0.989023 148.137 -0.111776 0.993515 -0.0208407 -4.74933 -0.982695 -0.113627 -0.146287 -46.4271 
-0.151262 0.00201706 0.988492 148.893 -0.113977 0.993293 -0.0194678 -4.78106 -0.981901 -0.11561 -0.150017 -46.5224 
-0.155663 0.00346366 0.987804 149.593 -0.111678 0.993521 -0.0210824 -4.80116 -0.981477 -0.113597 -0.154268 -46.6445 
-0.161594 -8.86227e-05 0.986857 150.301 -0.119446 0.99265 -0.0194697 -4.83752 -0.979602 -0.121022 -0.160417 -46.7426 
-0.168865 -0.00246769 0.985636 151.037 -0.115837 0.993117 -0.0173593 -4.86575 -0.978809 -0.117104 -0.167988 -46.8243 
-0.177018 -0.00224561 0.984205 151.858 -0.119412 0.992659 -0.0192125 -4.88058 -0.976937 -0.120927 -0.175987 -46.8749 
-0.180537 -0.00231724 0.983566 152.548 -0.117788 0.992852 -0.0192811 -4.91088 -0.97649 -0.119333 -0.179519 -47.0169 
-0.1843 0.000436735 0.98287 153.378 -0.115728 0.993034 -0.0221416 -4.90945 -0.976033 -0.117826 -0.182965 -47.1121 
-0.186939 0.00417114 0.982363 154.044 -0.112983 0.993264 -0.0257176 -4.91975 -0.975853 -0.115798 -0.185208 -47.2376 
-0.187814 0.00528142 0.98219 154.737 -0.112247 0.993319 -0.0268049 -4.95803 -0.97577 -0.115282 -0.185966 -47.3725 
-0.187676 0.00375215 0.982224 155.453 -0.108217 0.993826 -0.0244736 -4.98933 -0.976252 -0.110886 -0.186111 -47.4938 
-0.185905 7.7093e-05 0.982568 156.192 -0.109072 0.993818 -0.0207147 -5.02155 -0.976495 -0.111021 -0.184747 -47.5831 
-0.176798 0.000417506 0.984247 156.864 -0.106392 0.994132 -0.0195325 -5.06216 -0.97848 -0.108169 -0.175716 -47.7233 
-0.166417 0.00138139 0.986055 157.542 -0.103411 0.99446 -0.0188458 -5.08901 -0.980618 -0.105105 -0.165352 -47.8146 
-0.150622 0.000697665 0.988591 158.282 -0.10365 0.994477 -0.016494 -5.12712 -0.983143 -0.104952 -0.149718 -47.9085 
-0.138611 0.000127117 0.990347 158.866 -0.112587 0.993515 -0.0158855 -5.12849 -0.983926 -0.113702 -0.137698 -47.9631 
-0.122572 -0.00628034 0.99244 159.604 -0.114884 0.993347 -0.00790273 -5.14855 -0.985788 -0.114984 -0.122478 -47.9999 
-0.107768 -0.0103137 0.994123 160.315 -0.11763 0.993055 -0.002449 -5.13294 -0.987193 -0.117202 -0.108232 -48.0252 
-0.0875194 -0.019272 0.995976 160.959 -0.115121 0.99331 0.00910442 -5.14476 -0.989489 -0.113861 -0.0891525 -48.1063 
-0.0698145 -0.0224644 0.997307 161.576 -0.11564 0.993189 0.0142765 -5.08481 -0.990835 -0.114332 -0.0719367 -48.1361 
-0.0522158 -0.0297391 0.998193 162.226 -0.117092 0.992844 0.0234547 -5.10337 -0.991748 -0.115655 -0.0553244 -48.1673 
-0.0352157 -0.0334355 0.99882 162.918 -0.113103 0.993152 0.029258 -5.0958 -0.992959 -0.11194 -0.0387562 -48.1569 
-0.017361 -0.0341477 0.999266 163.577 -0.111418 0.993258 0.0320067 -5.06855 -0.993622 -0.11078 -0.0210487 -48.1352 
-0.00134767 -0.0337806 0.999428 164.239 -0.10894 0.993486 0.0334329 -5.0277 -0.994047 -0.108833 -0.00501895 -48.0913 
0.0161956 -0.0367522 0.999193 164.858 -0.106809 0.993543 0.0382757 -5.01569 -0.994148 -0.107343 0.0121655 -48.0807 
0.0308866 -0.0407335 0.998693 165.488 -0.107235 0.993267 0.0438287 -4.99496 -0.993754 -0.108449 0.0263106 -48.0333 
0.0429995 -0.0442927 0.998093 166.114 -0.101763 0.993627 0.0484787 -4.96581 -0.993879 -0.103653 0.0382181 -48.0069 
0.0557333 -0.0448778 0.997437 166.674 -0.0953295 0.994186 0.0500583 -4.9488 -0.993884 -0.0978751 0.0511311 -48.0287 
0.0655847 -0.0405313 0.997024 167.287 -0.102316 0.993635 0.047124 -4.91138 -0.992588 -0.105102 0.0610202 -47.9548 
0.0739497 -0.0335981 0.996696 167.925 -0.106091 0.993496 0.0413617 -4.87842 -0.991603 -0.1088 0.0699042 -47.8661 
0.0828817 -0.0229776 0.996294 168.501 -0.108237 0.993613 0.0319201 -4.88699 -0.990664 -0.110482 0.0798653 -47.7974 
0.0908857 -0.0160104 0.995733 169.107 -0.101968 0.994466 0.0252972 -4.85988 -0.990627 -0.103832 0.0887502 -47.738 
0.0981745 -0.0176132 0.995013 169.704 -0.104179 0.994168 0.0278773 -4.85074 -0.989701 -0.106396 0.095767 -47.6911 
0.103904 -0.0259922 0.994248 170.34 -0.106423 0.993629 0.0370978 -4.83529 -0.988877 -0.109666 0.100476 -47.5927 
0.108194 -0.0360637 0.993476 171.003 -0.112756 0.992448 0.0483061 -4.79476 -0.987715 -0.117247 0.10331 -47.5159 
0.110614 -0.0435412 0.992909 171.587 -0.112836 0.99203 0.0560731 -4.76558 -0.987437 -0.118238 0.10482 -47.4257 
0.111306 -0.0443717 0.992795 172.22 -0.108809 0.992453 0.0565555 -4.74448 -0.987812 -0.11432 0.105638 -47.3361 
0.110756 -0.0406446 0.993016 172.821 -0.106895 0.99288 0.0525617 -4.70319 -0.988082 -0.11197 0.105623 -47.2437 
0.11166 -0.0401459 0.992935 173.447 -0.104084 0.993215 0.051862 -4.66373 -0.988281 -0.10914 0.106723 -47.1574 
0.113603 -0.0410268 0.992679 174.079 -0.111612 0.992295 0.053784 -4.61728 -0.987237 -0.116905 0.108149 -47.0692 
0.11777 -0.0441496 0.992059 174.726 -0.109118 0.992387 0.0571179 -4.57923 -0.987028 -0.114978 0.112056 -46.9988 
0.120625 -0.0495601 0.99146 175.365 -0.106246 0.992372 0.0625321 -4.54901 -0.986996 -0.112882 0.114439 -46.8949 
0.124431 -0.0515866 0.990886 175.98 -0.106365 0.9922 0.0650119 -4.51245 -0.986511 -0.113486 0.117973 -46.7894 
0.128701 -0.0535612 0.990236 176.604 -0.105001 0.992191 0.0673141 -4.47926 -0.986109 -0.112639 0.122073 -46.6652 
0.136816 -0.056978 0.988956 177.257 -0.101889 0.99224 0.071263 -4.45017 -0.985343 -0.110513 0.129949 -46.559 
0.147811 -0.0578557 0.987322 177.917 -0.0997198 0.992328 0.0730781 -4.40721 -0.983976 -0.109257 0.140908 -46.4646 
0.159441 -0.0565134 0.985589 178.604 -0.0995579 0.99235 0.0730068 -4.37216 -0.982175 -0.109763 0.152595 -46.3419 
0.170063 -0.0521469 0.984052 179.217 -0.101781 0.992329 0.0701753 -4.33264 -0.980163 -0.112092 0.163451 -46.1816 
0.181841 -0.0490974 0.982102 179.858 -0.101872 0.992438 0.0684762 -4.28216 -0.978037 -0.1125 0.175464 -46.0231 
0.191807 -0.049755 0.980171 180.474 -0.0995458 0.992577 0.0698647 -4.26408 -0.976371 -0.110972 0.185431 -45.8188 
0.204221 -0.0528877 0.977495 181.109 -0.0994869 0.992248 0.0744711 -4.23704 -0.973856 -0.112457 0.197377 -45.6687 
0.215384 -0.055903 0.974928 181.754 -0.0980333 0.992079 0.0785443 -4.21983 -0.971596 -0.112493 0.208197 -45.5137 
0.226409 -0.056437 0.972396 182.408 -0.0988234 0.991838 0.0805751 -4.15838 -0.969006 -0.114338 0.218984 -45.305 
0.232993 -0.0587259 0.970704 182.97 -0.102464 0.991136 0.0845561 -4.12099 -0.967065 -0.119163 0.22491 -45.0743 
0.241762 -0.0583903 0.968577 183.661 -0.105594 0.990677 0.0860795 -4.07441 -0.964573 -0.123087 0.233343 -44.8869 
0.246494 -0.0619024 0.967165 184.315 -0.106413 0.990195 0.0904972 -4.0278 -0.963284 -0.125226 0.23749 -44.7096 
0.248635 -0.066031 0.966344 184.979 -0.102498 0.990278 0.0940386 -3.98048 -0.963159 -0.122429 0.23945 -44.541 
0.247628 -0.064117 0.966731 185.662 -0.0993464 0.990868 0.0911655 -3.91944 -0.963748 -0.118616 0.238997 -44.3526 
0.245927 -0.0630158 0.967238 186.326 -0.0985528 0.991087 0.0896273 -3.85853 -0.964265 -0.117366 0.237525 -44.17 
0.244073 -0.0619249 0.967778 187.013 -0.0956249 0.991559 0.0875632 -3.8059 -0.965031 -0.113915 0.236091 -43.9707 
0.244325 -0.0609913 0.967773 187.715 -0.0930784 0.991937 0.0860128 -3.73138 -0.965216 -0.111094 0.236678 -43.8062 
0.242202 -0.066251 0.967961 188.401 -0.0908425 0.991735 0.0906087 -3.67138 -0.965964 -0.109878 0.234182 -43.6084 
0.242004 -0.0700496 0.967743 189.119 -0.0888689 0.991598 0.0939998 -3.62322 -0.966197 -0.108751 0.233746 -43.4406 
0.237761 -0.072305 0.968629 189.858 -0.0862941 0.99171 0.0952099 -3.52647 -0.967483 -0.106224 0.229551 -43.2234 
0.235605 -0.0709347 0.969257 190.563 -0.0893977 0.991522 0.094295 -3.45774 -0.967728 -0.108866 0.227267 -43.0257 
0.23376 -0.0720589 0.969621 191.245 -0.0905114 0.991307 0.0954914 -3.41335 -0.968072 -0.110084 0.225206 -42.8684 
0.232956 -0.071729 0.969838 191.972 -0.0905705 0.991341 0.0950745 -3.37005 -0.968261 -0.109987 0.224442 -42.7035 
0.231256 -0.067562 0.970544 192.737 -0.091636 0.991638 0.090865 -3.31032 -0.968568 -0.10995 0.223131 -42.5211 
0.231081 -0.0603063 0.971064 193.463 -0.0929633 0.992142 0.0837376 -3.239 -0.968483 -0.109623 0.223659 -42.3442 
0.231063 -0.0576826 0.971227 194.195 -0.0966143 0.991947 0.0818985 -3.17781 -0.96813 -0.112758 0.223629 -42.1746 
0.228578 -0.0604504 0.971647 194.817 -0.102569 0.99102 0.0857849 -3.17634 -0.968107 -0.119269 0.220325 -42.046 
0.226449 -0.0620907 0.972042 195.536 -0.113305 0.989512 0.0896023 -3.13013 -0.967411 -0.130427 0.217038 -41.8432 
0.223457 -0.0600116 0.972865 196.256 -0.131751 0.987083 0.0911505 -3.13031 -0.965768 -0.148544 0.212664 -41.6376 
0.216641 -0.0608033 0.974356 197.145 -0.13217 0.987043 0.090982 -3.03814 -0.967263 -0.148491 0.205797 -41.342 
0.206133 -0.0634323 0.976466 197.781 -0.128833 0.987451 0.0913428 -3.0148 -0.970006 -0.14463 0.195374 -41.0731 
0.197271 -0.0642574 0.978241 198.48 -0.128176 0.987593 0.0907198 -2.96645 -0.971934 -0.143284 0.186588 -40.9347 
0.18781 -0.0622139 0.980233 199.154 -0.126684 0.988122 0.0869868 -2.91277 -0.974001 -0.140517 0.177697 -40.8347 
0.176992 -0.0592359 0.982428 199.966 -0.124568 0.988812 0.0820627 -2.84122 -0.976297 -0.136904 0.167633 -40.6903 
0.165202 -0.059072 0.984489 200.609 -0.128912 0.988348 0.0809356 -2.79211 -0.977799 -0.140283 0.155661 -40.5777 
0.153566 -0.0675893 0.985824 201.376 -0.123839 0.988476 0.087062 -2.74915 -0.980348 -0.135453 0.143426 -40.4627 
0.144748 -0.0760036 0.986545 202.109 -0.119408 0.988417 0.0936676 -2.70482 -0.982237 -0.13136 0.133996 -40.3521 
0.136226 -0.0816275 0.987309 202.85 -0.120141 0.987883 0.0982517 -2.64314 -0.983366 -0.132001 0.124769 -40.2365 
0.132147 -0.083341 0.98772 203.583 -0.12601 0.986962 0.100136 -2.57379 -0.983188 -0.137695 0.119923 -40.122 
0.129756 -0.0854325 0.987859 204.261 -0.124096 0.987049 0.101663 -2.52248 -0.98375 -0.13578 0.117474 -40.0262 
0.127991 -0.0849922 0.988127 204.982 -0.125546 0.986918 0.10115 -2.4365 -0.983797 -0.137001 0.115646 -39.9122 
0.128793 -0.083501 0.98815 205.726 -0.124249 0.987238 0.0996184 -2.37376 -0.983857 -0.135607 0.116775 -39.8294 
0.12705 -0.0805006 0.988624 206.467 -0.129974 0.986756 0.0970518 -2.30249 -0.983344 -0.140826 0.114905 -39.6979 
0.127134 -0.0817781 0.988509 207.221 -0.131409 0.986422 0.0985063 -2.24596 -0.983142 -0.142422 0.114661 -39.5651 
0.127549 -0.0832727 0.98833 208.04 -0.130829 0.98635 0.09999 -2.16368 -0.983166 -0.142056 0.114913 -39.4203 
0.131037 -0.0861468 0.987627 208.634 -0.130524 0.986046 0.103327 -2.14006 -0.982748 -0.142448 0.117965 -39.389 
0.132403 -0.0862624 0.987435 209.368 -0.127594 0.986434 0.103284 -2.08176 -0.982949 -0.139666 0.1196 -39.2855 
0.133618 -0.0871011 0.987198 210.14 -0.128136 0.986251 0.104361 -2.0013 -0.982714 -0.14044 0.12062 -39.1338 
0.139367 -0.0876792 0.986352 210.882 -0.130972 0.985689 0.106126 -1.91662 -0.981541 -0.143975 0.125889 -39.0392 
0.144196 -0.0926074 0.985206 211.662 -0.130721 0.985103 0.11173 -1.83619 -0.980877 -0.144898 0.129942 -38.9125 
0.147745 -0.0952415 0.984429 212.437 -0.132382 0.984492 0.115116 -1.74451 -0.980126 -0.147328 0.132845 -38.7548 
0.153449 -0.0955808 0.983523 213.17 -0.130999 0.984559 0.11612 -1.65703 -0.979435 -0.146659 0.138559 -38.6574 
0.157014 -0.090285 0.983461 213.924 -0.135476 0.98443 0.112003 -1.56383 -0.97826 -0.150821 0.142338 -38.5225 
0.161851 -0.0861472 0.983048 214.682 -0.140558 0.984013 0.109374 -1.49817 -0.976754 -0.155878 0.147155 -38.3649 
0.166248 -0.0834855 0.982544 215.432 -0.145043 0.983501 0.108108 -1.42464 -0.975359 -0.160484 0.151396 -38.2188 
0.17117 -0.0832793 0.981716 216.198 -0.144888 0.98346 0.10869 -1.34331 -0.97453 -0.160844 0.156273 -38.0779 
0.174523 -0.0816053 0.981266 216.98 -0.147538 0.983142 0.108002 -1.28157 -0.973537 -0.163623 0.159541 -37.9121 
0.179506 -0.0786319 0.980609 217.764 -0.148663 0.983185 0.106052 -1.20199 -0.972459 -0.164817 0.164798 -37.7695 
0.183912 -0.0786797 0.979789 218.544 -0.14921 0.983005 0.106946 -1.11938 -0.971552 -0.165863 0.169046 -37.6012 
0.189556 -0.0801907 0.97859 219.324 -0.149828 0.982625 0.109544 -1.05948 -0.970371 -0.167385 0.174248 -37.4477 
0.193858 -0.0794904 0.977804 220.097 -0.146868 0.983128 0.109041 -0.977054 -0.969974 -0.164747 0.178912 -37.2964 
0.196798 -0.0786546 0.977284 220.811 -0.145542 0.98339 0.108454 -0.920196 -0.969582 -0.163579 0.182081 -37.1201 
0.200108 -0.0758373 0.976835 221.543 -0.145428 0.983657 0.106158 -0.843893 -0.968921 -0.163302 0.185808 -36.9454 
0.206679 -0.0782541 0.975274 222.345 -0.148623 0.982718 0.110347 -0.786534 -0.967055 -0.167754 0.191477 -36.7947 
0.211123 -0.078517 0.974301 223.108 -0.151158 0.982155 0.111905 -0.701396 -0.965701 -0.170899 0.195487 -36.5975 
0.215453 -0.0762261 0.973535 223.86 -0.148216 0.982846 0.109757 -0.64222 -0.9652 -0.167941 0.200459 -36.4288 
0.219394 -0.0680535 0.97326 224.636 -0.147996 0.983699 0.102145 -0.549274 -0.964346 -0.166449 0.205746 -36.2485 
0.224076 -0.0621674 0.972587 225.371 -0.151935 0.983533 0.0978715 -0.483234 -0.962656 -0.1697 0.21094 -36.0785 
0.228826 -0.0636805 0.971382 226.133 -0.157536 0.982283 0.101505 -0.399201 -0.960636 -0.176255 0.214739 -35.8899 
0.230804 -0.0737948 0.970198 226.932 -0.160436 0.980585 0.112752 -0.312834 -0.959682 -0.181679 0.214484 -35.697 
0.233832 -0.083666 0.968671 227.669 -0.158553 0.979673 0.12289 -0.212893 -0.959262 -0.182322 0.215813 -35.5202 
0.234745 -0.0933518 0.967564 228.444 -0.159903 0.97811 0.133164 -0.139642 -0.958815 -0.185976 0.214679 -35.3093 
0.236017 -0.096353 0.96696 229.198 -0.159415 0.977752 0.136339 -0.0598112 -0.958584 -0.186326 0.215406 -35.0961 
0.23917 -0.092488 0.966563 229.966 -0.157568 0.978562 0.132625 0.0248493 -0.958108 -0.184019 0.219469 -34.9004 
0.242171 -0.0862774 0.96639 230.665 -0.156747 0.979475 0.126725 0.10365 -0.957488 -0.182168 0.223676 -34.6923 
0.246072 -0.0807839 0.965879 231.386 -0.156806 0.980075 0.12192 0.206021 -0.956483 -0.181457 0.228502 -34.4786 
0.249586 -0.0791642 0.965111 232.103 -0.156398 0.980273 0.120854 0.282834 -0.955639 -0.181105 0.232281 -34.2631 
0.253651 -0.0773666 0.964197 232.86 -0.154531 0.980753 0.119347 0.357321 -0.954873 -0.179271 0.236813 -34.0595 
0.256424 -0.0780974 0.963404 233.652 -0.154882 0.980531 0.12071 0.451931 -0.954075 -0.180166 0.239335 -33.8124 
0.260704 -0.0837903 0.961776 234.417 -0.151425 0.980347 0.126454 0.54739 -0.95347 -0.178604 0.242892 -33.6218 
0.264147 -0.0884683 0.960417 235.187 -0.15271 0.979387 0.132216 0.630223 -0.952316 -0.18159 0.245192 -33.4047 
0.267135 -0.0937951 0.959084 235.96 -0.150034 0.979067 0.137539 0.732064 -0.951908 -0.180637 0.24747 -33.1963 
0.268758 -0.0987555 0.958132 236.708 -0.149945 0.978314 0.142896 0.832744 -0.951465 -0.182071 0.248121 -32.971 
0.270799 -0.105416 0.956847 237.511 -0.148786 0.977458 0.149795 0.936425 -0.951068 -0.18293 0.24901 -32.7567 
0.272482 -0.106183 0.956284 238.275 -0.150017 0.977048 0.151234 1.03467 -0.950394 -0.184668 0.250299 -32.5337 
0.275282 -0.0954299 0.956616 239.035 -0.158883 0.976862 0.143171 1.131 -0.948144 -0.191402 0.25375 -32.3139 
0.277116 -0.0825167 0.957287 239.801 -0.159083 0.978615 0.130407 1.21055 -0.947576 -0.188426 0.258063 -32.1038 
0.27723 -0.0744048 0.957918 240.571 -0.159099 0.979678 0.122139 1.30314 -0.94754 -0.186264 0.259758 -31.8638 
0.277027 -0.0772027 0.957756 241.321 -0.157937 0.979551 0.124642 1.39798 -0.947793 -0.185795 0.259169 -31.6423 
0.275253 -0.0825541 0.957821 242.052 -0.160897 0.978298 0.130557 1.47599 -0.947812 -0.190047 0.255997 -31.3937 
