1 -4.23778e-08 4.22719e-08 0 -4.23778e-08 1 -4.19404e-08 0 4.22719e-08 -4.19404e-08 1 0 
0.999991 -0.00256712 -0.00335615 -0.0105804 0.00255986 0.999994 -0.00214131 -0.0045221 0.00336171 0.00213261 0.999992 0.680386 
0.999969 -0.00115751 -0.00773912 -0.0243234 0.00112874 0.999992 -0.00370999 -0.00717536 0.00774344 0.00370106 0.999963 1.38223 
0.999928 -0.00154165 -0.0118587 -0.0432853 0.00148165 0.999986 -0.00505943 -0.013699 0.0118664 0.00504142 0.999917 2.10004 
0.999858 6.45016e-05 -0.0168371 -0.0688325 -0.000159857 0.999984 -0.00565713 -0.020631 0.0168365 0.00565894 0.999842 2.83115 
0.999772 -0.00106822 -0.0213143 -0.098083 0.00094525 0.999983 -0.00577479 -0.0310929 0.0213202 0.00575324 0.999756 3.57681 
0.999664 0.000861419 -0.0259021 -0.133305 -0.00104591 0.999974 -0.00710681 -0.038363 0.0258954 0.00713142 0.999639 4.34226 
0.999514 0.00335862 -0.0309749 -0.169926 -0.00360898 0.999961 -0.00802756 -0.041293 0.0309469 0.00813537 0.999488 5.1199 
0.999366 0.00390407 -0.0353941 -0.214034 -0.0041375 0.99997 -0.00652203 -0.0491392 0.0353677 0.00666426 0.999352 5.91603 
0.999201 0.00274414 -0.0398774 -0.256543 -0.00289412 0.999989 -0.00370179 -0.0561741 0.0398669 0.00381416 0.999198 6.71856 
0.999045 0.00241748 -0.0436181 -0.302453 -0.00246864 0.999996 -0.00111734 -0.0651499 0.0436153 0.00122386 0.999048 7.54162 
0.998914 0.00359492 -0.046459 -0.354063 -0.00367185 0.999992 -0.00156896 -0.07537 0.0464531 0.00173777 0.998919 8.36854 
0.9988 0.00323869 -0.0488722 -0.404509 -0.00334021 0.999992 -0.00199402 -0.0795875 0.0488654 0.00215478 0.998803 9.19471 
0.998719 0.00023991 -0.0506005 -0.45465 -0.00036422 0.999997 -0.00244586 -0.0868956 0.0505998 0.00246107 0.998716 10.0296 
0.998606 0.00018849 -0.0527768 -0.509525 -0.000276279 0.999999 -0.00165456 -0.0955636 0.0527765 0.00166674 0.998605 10.8708 
0.998518 -0.00136013 -0.0544093 -0.561895 0.00125986 0.999997 -0.00187563 -0.106708 0.0544118 0.00180422 0.998517 11.727 
0.998413 0.000727257 -0.0563013 -0.623792 -0.000961177 0.999991 -0.00412635 -0.118463 0.0562979 0.00417384 0.998405 12.5899 
0.998318 0.000978791 -0.0579622 -0.681048 -0.00137621 0.999976 -0.0068155 -0.128998 0.0579543 0.00688372 0.998295 13.4594 
0.99821 0.00487064 -0.0596013 -0.752155 -0.00538269 0.99995 -0.00843227 -0.141733 0.0595573 0.00873791 0.998187 14.3374 
0.998152 0.00570579 -0.0604933 -0.820488 -0.00621809 0.999946 -0.00828256 -0.152285 0.0604429 0.00864333 0.998134 15.2242 
0.998054 0.00474811 -0.0621669 -0.883338 -0.00517767 0.999964 -0.00674928 -0.166795 0.0621327 0.00705794 0.998043 16.1269 
0.997938 0.00516178 -0.0639786 -0.950838 -0.00551703 0.99997 -0.00537603 -0.179945 0.063949 0.00571783 0.997937 17.027 
0.997877 0.00472956 -0.0649509 -1.02147 -0.0050783 0.999973 -0.0052039 -0.19667 0.0649246 0.00552261 0.997875 17.9305 
0.997755 0.00447259 -0.0668118 -1.09375 -0.00487774 0.999971 -0.00590093 -0.212614 0.0667835 0.00621349 0.997748 18.8426 
0.997677 0.00299859 -0.0680564 -1.16432 -0.00345605 0.999972 -0.00660386 -0.227405 0.0680348 0.00682364 0.99766 19.7617 
0.997636 0.00284378 -0.0686562 -1.23628 -0.0031935 0.999982 -0.00498332 -0.24005 0.0686409 0.00519071 0.997628 20.6867 
0.997629 0.00429527 -0.0686897 -1.31455 -0.00441988 0.999989 -0.001661 -0.252451 0.0686819 0.00196057 0.997637 21.6159 
0.997675 0.00509382 -0.0679646 -1.39179 -0.00497753 0.999986 0.00188139 -0.259899 0.0679733 -0.00153881 0.997686 22.5544 
0.997786 0.00383926 -0.0663978 -1.4663 -0.00352935 0.999982 0.00478545 -0.266757 0.0664151 -0.00454059 0.997782 23.4988 
0.997871 0.00404591 -0.0650899 -1.5389 -0.00370784 0.999979 0.00531522 -0.271493 0.0651101 -0.00506265 0.997865 24.4466 
0.997966 0.00445062 -0.0635978 -1.6168 -0.00431062 0.999988 0.00233968 -0.275791 0.0636075 -0.00206086 0.997973 25.3955 
0.998013 0.00494045 -0.0628168 -1.68836 -0.00511069 0.999984 -0.00254848 -0.28311 0.0628033 0.00286437 0.998022 26.3481 
0.998109 0.00399605 -0.061339 -1.7657 -0.00432643 0.999977 -0.00525292 -0.296223 0.0613167 0.00550828 0.998103 27.2954 
0.998152 0.00150014 -0.0607414 -1.83266 -0.0017601 0.999989 -0.00422519 -0.310297 0.0607345 0.00432421 0.998145 28.2646 
0.998145 -0.000725956 -0.0608703 -1.90427 0.000768634 0.999999 0.000679064 -0.320726 0.0608699 -0.000724678 0.998145 29.237 
0.998081 -0.00461623 -0.0617446 -1.97309 0.00487592 0.99998 0.00405716 -0.331581 0.0617247 -0.00435053 0.998084 30.2131 
0.997956 -0.0118905 -0.0627931 -2.03692 0.0121296 0.99992 0.0034292 -0.340033 0.0627474 -0.00418393 0.998021 31.189 
0.997844 -0.013683 -0.0641879 -2.10764 0.0136816 0.999906 -0.000461289 -0.348432 0.0641883 -0.000417984 0.997938 32.1579 
0.997766 -0.0133956 -0.0654495 -2.18394 0.0131184 0.999903 -0.00466175 -0.358759 0.0655057 0.00379266 0.997845 33.1353 
0.997637 -0.0119021 -0.0676677 -2.26384 0.0115603 0.999918 -0.00543998 -0.369913 0.067727 0.00464478 0.997693 34.1189 
0.997585 -0.0121055 -0.0683917 -2.34277 0.0118306 0.99992 -0.00442142 -0.377784 0.0684398 0.00360154 0.997649 35.1127 
0.997522 -0.00892409 -0.0697927 -2.42957 0.00883336 0.99996 -0.00160732 -0.393225 0.0698043 0.000986747 0.99756 36.1047 
0.997453 -0.0084655 -0.0708246 -2.5177 0.00845695 0.999964 -0.000419402 -0.407603 0.0708257 -0.000180714 0.997489 37.11 
0.997384 -0.00710671 -0.0719312 -2.60095 0.00727415 0.999971 0.00206717 -0.419892 0.0719145 -0.00258508 0.997407 38.0999 
0.997379 -0.00661224 -0.0720503 -2.6791 0.0069844 0.999963 0.00491563 -0.432642 0.0720153 -0.00540606 0.997389 39.1076 
0.997338 -0.00126675 -0.0729068 -2.76768 0.00180622 0.999971 0.00733502 -0.440816 0.0728955 -0.00744727 0.997312 40.1056 
0.997343 -0.00142415 -0.0728333 -2.8601 0.00190592 0.999977 0.0065468 -0.446114 0.0728224 -0.0066683 0.997323 41.1049 
0.997356 -0.00092553 -0.0726662 -2.94471 0.00127003 0.999988 0.00469595 -0.452904 0.0726611 -0.00477591 0.997345 42.0991 
0.997338 0.00157003 -0.0728987 -3.02995 -0.00142342 0.999997 0.00206407 -0.456051 0.0729018 -0.0019549 0.997337 43.1026 
0.997273 0.000876401 -0.0737895 -3.11774 -0.000710803 0.999997 0.00227153 -0.471318 0.0737914 -0.00221297 0.997271 44.0918 
0.997177 -0.000710574 -0.0750804 -3.20541 0.000970475 0.999994 0.00342628 -0.481499 0.0750776 -0.00348956 0.997172 45.0865 
0.997127 0.000154257 -0.0757445 -3.29737 0.000184833 0.99999 0.00447081 -0.492833 0.0757445 -0.00447205 0.997117 46.0711 
0.997109 0.00230289 -0.0759437 -3.38957 -0.00223604 0.999997 0.000966415 -0.508219 0.0759458 -0.000793896 0.997112 47.0399 
0.997033 0.00311307 -0.076917 -3.4826 -0.00336878 0.999989 -0.0031939 -0.51968 0.0769063 0.00344345 0.997032 48.0063 
0.996997 0.00378253 -0.0773411 -3.57387 -0.00413433 0.999982 -0.00438808 -0.53484 0.0773232 0.00469457 0.996995 48.9758 
0.996989 0.0024826 -0.0775069 -3.66025 -0.00257244 0.999996 -0.00105829 -0.548319 0.0775041 0.0012544 0.996991 49.9532 
0.996977 0.000849543 -0.077688 -3.74551 -0.00070484 0.999998 0.00189106 -0.559547 0.0776895 -0.00183067 0.996976 50.9283 
0.996932 -0.00119121 -0.0782561 -3.82699 0.00137626 0.999996 0.00231181 -0.568458 0.0782531 -0.0024125 0.996931 51.8911 
0.996882 -0.00451848 -0.0787819 -3.90621 0.00462833 0.999988 0.00121288 -0.583887 0.0787756 -0.00157382 0.996891 52.854 
0.996838 -0.00685067 -0.0791611 -3.98938 0.00686423 0.999976 -9.97717e-05 -0.597016 0.07916 -0.000444011 0.996862 53.8164 
0.996735 -0.00848285 -0.080289 -4.07267 0.008605 0.999962 0.00117645 -0.608878 0.0802761 -0.00186359 0.996771 54.7622 
0.996615 -0.0114741 -0.0814032 -4.15844 0.0119379 0.999915 0.00521344 -0.619018 0.0813366 -0.00616766 0.996668 55.7134 
0.996551 -0.0122706 -0.0820679 -4.24746 0.0131308 0.999864 0.00995082 -0.624888 0.0819348 -0.0109942 0.996577 56.6644 
0.996512 -0.0105557 -0.0827754 -4.33736 0.0116093 0.999857 0.0122579 -0.631978 0.0826343 -0.0131762 0.996493 57.6171 
0.996411 -0.00946075 -0.0841131 -4.42787 0.0101833 0.999915 0.00816631 -0.641232 0.0840288 -0.00899364 0.996423 58.5495 
0.996306 -0.00798017 -0.085501 -4.5211 0.00804591 0.999967 0.000425176 -0.649428 0.0854949 -0.00111163 0.996338 59.472 
0.996264 -0.00601912 -0.0861455 -4.61711 0.00565116 0.999974 -0.00451366 -0.661934 0.0861705 0.00400989 0.996272 60.3802 
0.996176 -0.00117477 -0.0873605 -4.71235 0.000853327 0.999993 -0.00371585 -0.677493 0.0873643 0.003627 0.99617 61.2841 
0.996055 0.00174652 -0.0887206 -4.80865 -0.00187592 0.999997 -0.00137431 -0.695482 0.088718 0.00153524 0.996056 62.1806 
0.995957 0.00463566 -0.0897087 -4.90314 -0.00464441 0.999989 0.000112041 -0.712623 0.0897084 0.000304968 0.995968 63.0671 
0.995846 0.00544939 -0.0908917 -4.99564 -0.00547462 0.999985 -2.74054e-05 -0.726977 0.0908903 0.000524802 0.995861 63.9359 
0.995718 0.00692808 -0.0921811 -5.09337 -0.00687781 0.999976 0.00086389 -0.742504 0.092185 -0.000226273 0.995742 64.7813 
0.995595 0.00760773 -0.0934469 -5.18656 -0.00748873 0.999971 0.00162495 -0.758224 0.0934566 -0.000918078 0.995623 65.6155 
0.995462 0.00735631 -0.0948716 -5.27565 -0.00717386 0.999972 0.00226496 -0.775624 0.0948856 -0.00157417 0.995487 66.4357 
0.995327 0.00701991 -0.0963004 -5.3633 -0.00673062 0.999972 0.00332935 -0.784687 0.0963211 -0.00266572 0.995347 67.2434 
0.995169 0.00998965 -0.0976633 -5.45872 -0.00947094 0.999938 0.0057742 -0.793346 0.0977151 -0.00482143 0.995203 68.0421 
0.995019 0.0114085 -0.0990302 -5.54997 -0.010475 0.999896 0.0099412 -0.802817 0.0991333 -0.00885443 0.995035 68.8353 
0.994803 0.0146194 -0.100763 -5.64127 -0.0135245 0.999842 0.0115416 -0.810579 0.100916 -0.0101189 0.994843 69.6135 
0.994609 0.017369 -0.102232 -5.73321 -0.016686 0.999832 0.00753285 -0.819835 0.102346 -0.00578647 0.994732 70.373 
0.994485 0.0175104 -0.10341 -5.82586 -0.0175797 0.999845 0.000242134 -0.832649 0.103398 0.00157702 0.994639 71.0966 
0.994326 0.0164072 -0.105104 -5.9076 -0.0170848 0.999839 -0.0055496 -0.842379 0.104996 0.00731371 0.994446 71.8028 
0.994265 0.0173137 -0.105531 -5.99371 -0.0181499 0.999811 -0.00696856 -0.848406 0.105391 0.0088439 0.994391 72.4963 
0.994115 0.0201894 -0.106429 -6.08267 -0.0206662 0.999781 -0.00337787 -0.863332 0.106337 0.00555737 0.994315 73.1744 
0.993959 0.0201815 -0.10788 -6.1629 -0.0204077 0.999791 -0.000993024 -0.882307 0.107838 0.00318853 0.994163 73.8334 
0.99391 0.0170866 -0.108857 -6.24225 -0.0176902 0.999833 -0.00458091 -0.892381 0.10876 0.00647863 0.994047 74.4766 
0.994011 0.00899887 -0.108909 -6.30909 -0.0101042 0.999903 -0.00960088 -0.907631 0.108812 0.0106437 0.994005 75.0972 
0.994141 0.00487678 -0.107984 -6.37594 -0.00647754 0.999874 -0.0144774 -0.920966 0.1079 0.0150919 0.994047 75.6986 
0.994448 0.00733476 -0.104972 -6.44638 -0.00894236 0.99985 -0.0148514 -0.934189 0.104847 0.0157076 0.994364 76.288 
0.994807 0.0124176 -0.101021 -6.51583 -0.0136895 0.999835 -0.0119058 -0.9497 0.100857 0.0132269 0.994813 76.8588 
0.995278 0.0106124 -0.096481 -6.57183 -0.0115274 0.999894 -0.00892986 -0.962238 0.0963761 0.00999978 0.995295 77.4168 
0.995858 0.00702807 -0.0906491 -6.61937 -0.007483 0.999961 -0.00467884 -0.977524 0.0906128 0.0053377 0.995872 77.9617 
0.996571 0.00273877 -0.0826927 -6.65702 -0.00284384 0.999995 -0.00115196 -0.993865 0.0826892 0.00138309 0.996574 78.4936 
0.997384 0.00645968 -0.0720005 -6.69778 -0.00658367 0.999977 -0.00148363 -1.00303 0.0719894 0.00195369 0.997403 79.0072 
0.998319 0.011762 -0.0567479 -6.73809 -0.0119002 0.999927 -0.00209626 -1.01082 0.0567192 0.00276797 0.998386 79.511 
0.999107 0.0166804 -0.0388269 -6.75784 -0.0167621 0.999858 -0.00177942 -1.01831 0.0387918 0.00242857 0.999244 80.0047 
0.999744 0.0152711 -0.0166835 -6.75708 -0.0152967 0.999882 -0.0014042 -1.02323 0.0166601 0.00165896 0.99986 80.4859 
0.999887 0.0116915 0.00947504 -6.73525 -0.0116885 0.999932 -0.00037565 -1.03252 -0.0094787 0.000264775 0.999955 80.9523 
0.999182 0.0106683 0.0390029 -6.70097 -0.0107228 0.999942 0.00118768 -1.04328 -0.0389878 -0.00160501 0.999238 81.4049 
0.997341 0.0102799 0.0721429 -6.65319 -0.0104918 0.999942 0.00255773 -1.05147 -0.0721123 -0.00330792 0.997391 81.8514 
0.993902 0.010226 0.109791 -6.58637 -0.0106298 0.999939 0.00309204 -1.06077 -0.109753 -0.00424032 0.99395 82.2873 
0.988385 0.0106119 0.1516 -6.50066 -0.0111519 0.999934 0.00271195 -1.0636 -0.151561 -0.00437116 0.988438 82.7115 
0.980399 0.0104265 0.196746 -6.39086 -0.0111709 0.999934 0.00267389 -1.0719 -0.196705 -0.00481938 0.980451 83.1254 
0.969196 0.0126444 0.245966 -6.26531 -0.0131656 0.999913 0.000474529 -1.08313 -0.245938 -0.00369827 0.969278 83.5244 
0.954189 0.0134672 0.298901 -6.1115 -0.0133362 0.999908 -0.00247829 -1.094 -0.298907 -0.00162152 0.954281 83.9045 
0.934828 0.0138178 0.354831 -5.9392 -0.0130289 0.999904 -0.00461297 -1.10445 -0.354861 -0.000310788 0.934919 84.2678 
0.91106 0.0143322 0.412023 -5.74682 -0.0128445 0.999897 -0.00637995 -1.11372 -0.412072 0.000520229 0.911151 84.605 
0.882514 0.0145114 0.470062 -5.53666 -0.0119236 0.999893 -0.0084823 -1.11925 -0.470135 0.00188086 0.882592 84.9247 
0.849483 0.0126453 0.527465 -5.30355 -0.00847171 0.999911 -0.0103282 -1.1319 -0.527548 0.004305 0.849514 85.2219 
0.812748 0.0123703 0.582483 -5.06045 -0.00726822 0.999912 -0.011094 -1.14626 -0.582569 0.00478294 0.812767 85.5012 
0.772795 0.011027 0.63456 -4.79554 -0.00600482 0.999931 -0.0100634 -1.15598 -0.634627 0.00396646 0.772808 85.7714 
0.72971 0.0105475 0.683676 -4.51917 -0.00733664 0.999944 -0.00759635 -1.16935 -0.683718 0.000527202 0.729746 86.0257 
0.684086 0.00952059 0.729339 -4.22679 -0.006515 0.999955 -0.0069425 -1.1784 -0.729372 -2.42016e-06 0.684117 86.2569 
0.637111 0.00812991 0.770729 -3.92236 -0.00309443 0.999963 -0.00799012 -1.18827 -0.770766 0.00270559 0.637113 86.4635 
0.58978 0.00540596 0.807546 -3.60495 0.00278102 0.999958 -0.00872524 -1.19733 -0.807559 0.00739174 0.58974 86.6457 
0.542418 0.00758683 0.840074 -3.28663 0.000866754 0.999954 -0.00959049 -1.20852 -0.840108 0.00593016 0.542387 86.8203 
0.494578 0.0104792 0.86907 -2.96013 -0.00310765 0.999942 -0.0102889 -1.22112 -0.869128 0.00238786 0.494582 86.9826 
0.448614 0.0126762 0.893636 -2.62719 -0.00344426 0.999916 -0.0124548 -1.22929 -0.893719 0.00250948 0.44862 87.1214 
0.405966 0.0100088 0.913833 -2.28228 0.00383255 0.999913 -0.0126543 -1.23644 -0.91388 0.00863949 0.405892 87.2339 
0.366348 0.00230011 0.930475 -1.92403 0.0191576 0.999766 -0.0100143 -1.24013 -0.930281 0.0214943 0.366218 87.3218 
0.330858 -0.00116614 0.94368 -1.56689 0.0233701 0.999703 -0.00695838 -1.24437 -0.943391 0.0243561 0.330787 87.4123 
0.297501 0.00273043 0.954717 -1.20876 0.0206917 0.999742 -0.00930707 -1.25423 -0.954497 0.0225236 0.297368 87.5096 
0.266344 0.0106402 0.963819 -0.845258 0.0100516 0.999854 -0.0138157 -1.26865 -0.963826 0.0133676 0.266198 87.6118 
0.237634 0.0151359 0.971237 -0.471081 0.00514554 0.999845 -0.0168408 -1.28591 -0.971341 0.00899947 0.237519 87.6995 
0.211918 0.0167992 0.977143 -0.0837716 0.00703936 0.9998 -0.0187154 -1.29903 -0.977262 0.0108446 0.211758 87.766 
0.188676 0.0181233 0.981872 0.31702 0.0154418 0.999651 -0.0214188 -1.30743 -0.981918 0.0192031 0.18833 87.8168 
0.168834 0.0243296 0.985344 0.722469 0.0218313 0.999358 -0.0284164 -1.31104 -0.985403 0.026309 0.168195 87.8604 
0.1489 0.0313167 0.988356 1.14437 0.0238444 0.999094 -0.0352493 -1.31065 -0.988565 0.0288154 0.148018 87.9157 
0.131286 0.0320093 0.990827 1.58274 0.0215936 0.999149 -0.0351394 -1.32528 -0.991109 0.0260088 0.130484 87.973 
0.11572 0.0276869 0.992896 2.03766 0.0196147 0.999353 -0.0301531 -1.34881 -0.993088 0.0229647 0.115102 88.0289 
0.10114 0.0244316 0.994572 2.50579 0.020372 0.999438 -0.0266229 -1.36796 -0.994664 0.022954 0.100586 88.0744 
0.0878632 0.022106 0.995887 2.98186 0.0228485 0.999446 -0.0242009 -1.38335 -0.99587 0.0248809 0.0873094 88.1126 
0.0763251 0.0212427 0.996857 3.47751 0.0265431 0.999375 -0.0233288 -1.39856 -0.99673 0.0282402 0.0757136 88.1419 
0.0661826 0.0219 0.997567 3.99121 0.0298815 0.999267 -0.0239199 -1.41165 -0.99736 0.0313919 0.0654797 88.1715 
0.0582734 0.0225212 0.998047 4.52202 0.0319576 0.999191 -0.0244131 -1.42715 -0.997789 0.0333178 0.0575065 88.2012 
0.0526197 0.0227289 0.998356 5.06691 0.0337757 0.999128 -0.0245268 -1.44638 -0.998043 0.0350108 0.0518062 88.2315 
0.047166 0.0238291 0.998603 5.63189 0.0353578 0.999049 -0.0255098 -1.46482 -0.998261 0.0365116 0.0462786 88.258 
0.041117 0.0243844 0.998857 6.21361 0.0357788 0.999025 -0.0258613 -1.48375 -0.998513 0.0368012 0.0402045 88.2859 
0.0370324 0.0244884 0.999014 6.8172 0.0389617 0.998904 -0.0259301 -1.50166 -0.998554 0.0398836 0.0360377 88.3056 
0.0339967 0.0246312 0.999118 7.43501 0.0400025 0.998862 -0.0259861 -1.52049 -0.998621 0.0408507 0.0329727 88.3307 
0.0310902 0.024035 0.999227 8.07409 0.0410263 0.998838 -0.0253022 -1.54102 -0.998674 0.0417812 0.030068 88.3531 
0.0286083 0.0236553 0.999311 8.73961 0.0432246 0.998755 -0.0248797 -1.5579 -0.998656 0.0439066 0.0275503 88.3815 
0.0280411 0.0233122 0.999335 9.41525 0.0476552 0.99856 -0.0246314 -1.57854 -0.99847 0.0483142 0.0268898 88.3987 
0.0290756 0.0229433 0.999314 10.1051 0.0515682 0.998371 -0.0244222 -1.60149 -0.998246 0.0522429 0.0278451 88.4233 
0.0314427 0.0229248 0.999243 10.8146 0.0530648 0.998289 -0.0245728 -1.62325 -0.998096 0.0537972 0.0301724 88.4527 
0.0351643 0.0229205 0.999119 11.5378 0.0555385 0.998147 -0.0248529 -1.64392 -0.997837 0.0563635 0.0338262 88.4903 
0.0396785 0.0223859 0.998962 12.2801 0.0558681 0.998135 -0.0245866 -1.66665 -0.997649 0.0567857 0.0383538 88.5255 
0.0437191 0.0207828 0.998828 13.0358 0.0573713 0.998081 -0.0232785 -1.68965 -0.997395 0.0583218 0.0424429 88.564 
0.047417 0.0192755 0.998689 13.8054 0.0573951 0.998109 -0.0219895 -1.71175 -0.997225 0.0583625 0.046221 88.6212 
0.0518748 0.0171152 0.998507 14.6 0.0545412 0.998312 -0.0199455 -1.7391 -0.997163 0.0554944 0.0508538 88.6725 
0.0556292 0.0161142 0.998321 15.3942 0.053646 0.998377 -0.0191045 -1.76173 -0.997009 0.0546187 0.0546744 88.7366 
0.0593311 0.0171423 0.998091 16.1981 0.0508682 0.998502 -0.0201732 -1.78733 -0.996941 0.051968 0.0583702 88.8092 
0.0625173 0.0212623 0.997817 17.0045 0.0492252 0.99849 -0.0243609 -1.81252 -0.996829 0.0506407 0.0613763 88.871 
0.0635043 0.0268429 0.99762 17.8105 0.0435187 0.998613 -0.0296399 -1.83694 -0.997032 0.0452974 0.062248 88.9521 
0.0636517 0.0300944 0.997518 18.6247 0.0409206 0.998626 -0.032739 -1.86595 -0.997133 0.042903 0.0623328 89.0123 
0.0638082 0.029452 0.997527 19.4477 0.038544 0.998746 -0.0319536 -1.90514 -0.997217 0.0404876 0.062593 89.0803 
0.0641944 0.0276298 0.997555 20.2742 0.0358767 0.998906 -0.0299761 -1.94476 -0.997292 0.0377133 0.063133 89.1419 
0.0639215 0.0262725 0.997609 21.0997 0.0366561 0.998917 -0.0286558 -1.97926 -0.997281 0.0384002 0.0628892 89.2086 
0.0642157 0.0257969 0.997602 21.9194 0.0342232 0.999021 -0.0280367 -2.01388 -0.997349 0.0359416 0.06327 89.281 
0.064609 0.0259268 0.997574 22.7354 0.0324485 0.999079 -0.0280676 -2.05354 -0.997383 0.0341831 0.0637083 89.3435 
0.0644872 0.0267226 0.997561 23.5538 0.0294575 0.999155 -0.0286697 -2.08595 -0.997484 0.0312345 0.0636456 89.416 
0.0631133 0.0281392 0.99761 24.368 0.0264691 0.999204 -0.0298588 -2.12173 -0.997655 0.0282903 0.0623182 89.4867 
0.0605178 0.0276839 0.997783 25.1829 0.0235332 0.999298 -0.0291533 -2.1566 -0.99789 0.0252453 0.0598238 89.5482 
0.0567088 0.0264579 0.99804 25.9981 0.0214791 0.999385 -0.0277141 -2.18993 -0.99816 0.0230086 0.0561057 89.607 
0.0522009 0.0242465 0.998342 26.814 0.0198968 0.999481 -0.0253146 -2.22132 -0.998438 0.0211852 0.0516914 89.6578 
0.0458002 0.0220888 0.998706 27.6235 0.017871 0.999577 -0.0229277 -2.25717 -0.998791 0.0188979 0.0453861 89.709 
0.0383975 0.0223894 0.999012 28.4334 0.0175575 0.999579 -0.023077 -2.28858 -0.999108 0.0184263 0.0379883 89.7504 
0.0297867 0.0234238 0.999282 29.237 0.0172617 0.999564 -0.0239451 -2.31826 -0.999407 0.0179626 0.0293694 89.7827 
0.0199577 0.0239516 0.999514 30.043 0.0177991 0.999546 -0.0243079 -2.34678 -0.999642 0.0182756 0.0195223 89.8042 
0.00979136 0.022943 0.999689 30.8424 0.0191613 0.999549 -0.0231276 -2.37704 -0.999768 0.0193818 0.00934732 89.8157 
-0.000897725 0.0219041 0.99976 31.6397 0.0180699 0.999597 -0.0218844 -2.40869 -0.999836 0.0180459 -0.00129317 89.8231 
-0.0119811 0.02126 0.999702 32.4286 0.0193528 0.999592 -0.0210258 -2.43696 -0.999741 0.0190951 -0.0123876 89.8175 
-0.0229187 0.0216164 0.999504 33.2129 0.0199181 0.999578 -0.0211614 -2.46589 -0.999539 0.0194232 -0.0233396 89.8057 
-0.0339352 0.0222943 0.999175 33.9925 0.019957 0.999567 -0.0216253 -2.49534 -0.999225 0.0192067 -0.0343655 89.7837 
-0.0445125 0.023467 0.998733 34.7669 0.019733 0.99955 -0.0226068 -2.52372 -0.998814 0.0187017 -0.0449555 89.7552 
-0.0547737 0.0246123 0.998195 35.5363 0.0209039 0.999505 -0.0234977 -2.55071 -0.99828 0.0195791 -0.0552611 89.7175 
-0.0642587 0.0251143 0.997617 36.2964 0.0216419 0.999483 -0.0237673 -2.58202 -0.997698 0.0200631 -0.0647691 89.6743 
-0.0740825 0.0255189 0.996925 37.0498 0.0222173 0.999467 -0.0239331 -2.6127 -0.997005 0.020376 -0.07461 89.6252 
-0.0832067 0.0259774 0.996194 37.797 0.0229174 0.999446 -0.0241481 -2.64073 -0.996269 0.0208209 -0.0837559 89.5647 
-0.0918598 0.0256691 0.995441 38.5326 0.0239583 0.999435 -0.0235613 -2.66527 -0.995484 0.0216847 -0.092423 89.5052 
-0.0992744 0.024388 0.994761 39.2638 0.0256122 0.999431 -0.0219465 -2.69675 -0.99473 0.0232993 -0.0998425 89.4386 
-0.104349 0.0227639 0.99428 39.9823 0.0286552 0.999392 -0.0198737 -2.72236 -0.994128 0.0264175 -0.104938 89.3622 
-0.10818 0.0209541 0.99391 40.6967 0.0317521 0.99934 -0.0176127 -2.75135 -0.993624 0.0296534 -0.108774 89.2867 
-0.110771 0.0201008 0.993643 41.3981 0.033211 0.999312 -0.0165132 -2.7714 -0.993291 0.0311707 -0.111363 89.214 
-0.112547 0.0191546 0.993462 42.0852 0.0337024 0.999312 -0.0154494 -2.79574 -0.993075 0.0317433 -0.113115 89.141 
-0.11319 0.0193264 0.993385 42.7598 0.0345137 0.999284 -0.0155087 -2.82483 -0.992974 0.0325299 -0.113776 89.0697 
-0.112371 0.0204622 0.993456 43.4185 0.0353237 0.999238 -0.0165859 -2.84294 -0.993038 0.0332288 -0.113008 89.0044 
-0.109147 0.0220282 0.993781 44.0582 0.0366018 0.999165 -0.0181276 -2.86559 -0.993351 0.0343956 -0.109863 88.9357 
-0.104026 0.0226617 0.994316 44.6853 0.0369305 0.999139 -0.018908 -2.88722 -0.993889 0.0347537 -0.104773 88.8834 
-0.0959833 0.0234913 0.995106 45.2945 0.0364437 0.999134 -0.0200712 -2.90848 -0.994715 0.0343389 -0.0967563 88.8364 
-0.0846397 0.0234651 0.996135 45.8858 0.035404 0.999162 -0.0205283 -2.93017 -0.995782 0.0335296 -0.0853995 88.799 
-0.070899 0.0237667 0.9972 46.4494 0.0346348 0.999172 -0.0213513 -2.95242 -0.996882 0.0330241 -0.0716635 88.7735 
-0.0536926 0.0250969 0.998242 46.995 0.0337083 0.99916 -0.023307 -2.97618 -0.997988 0.0323976 -0.0544934 88.7639 
-0.0321909 0.0275429 0.999102 47.5326 0.0319678 0.999137 -0.026514 -3.00196 -0.99897 0.0310856 -0.0330436 88.7668 
-0.00745927 0.030743 0.999499 48.0597 0.0298213 0.999089 -0.0305079 -3.02287 -0.999527 0.0295788 -0.00836927 88.7847 
0.0211184 0.0322543 0.999256 48.5879 0.0277984 0.999074 -0.032836 -3.04967 -0.99939 0.0284711 0.0202023 88.8184 
0.0547308 0.0317463 0.997996 49.1101 0.0261063 0.999107 -0.0332134 -3.07263 -0.99816 0.0278718 0.0538532 88.8668 
0.0934903 0.0293078 0.995189 49.6376 0.0250481 0.999181 -0.0317786 -3.09604 -0.995305 0.0278986 0.0926796 88.9355 
0.13618 0.0257299 0.99035 50.1444 0.0228933 0.999314 -0.0291108 -3.1155 -0.990419 0.0266367 0.135498 89.0262 
0.182071 0.021256 0.983055 50.6518 0.0203165 0.999471 -0.0253739 -3.14083 -0.983075 0.0245921 0.181543 89.1457 
0.23156 0.0182073 0.97265 51.1453 0.0156311 0.999626 -0.0224337 -3.16096 -0.972695 0.0203983 0.231189 89.2828 
0.283983 0.016454 0.958688 51.6271 0.011782 0.999717 -0.0206483 -3.18353 -0.958757 0.017159 0.283709 89.4506 
0.340042 0.0160467 0.940273 52.0934 0.0107467 0.999723 -0.0209478 -3.2018 -0.940349 0.0172279 0.339775 89.6392 
0.398896 0.0160987 0.916855 52.5464 0.0126061 0.999655 -0.0230372 -3.22326 -0.916909 0.0207474 0.398556 89.8613 
0.459244 0.0197336 0.888091 52.9756 0.0130946 0.999494 -0.0289806 -3.23597 -0.888213 0.0249383 0.458754 90.1146 
0.518598 0.0227147 0.854717 53.3716 0.0140034 0.999287 -0.0350535 -3.25562 -0.854904 0.0301475 0.51791 90.4 
0.576368 0.0269024 0.816747 53.7347 0.009273 0.999178 -0.0394553 -3.27582 -0.817137 0.0303145 0.575645 90.7121 
0.631648 0.0301663 0.774668 54.0753 0.00470844 0.999075 -0.0427442 -3.29003 -0.775241 0.0306467 0.630921 91.0541 
0.683871 0.0310735 0.728941 54.3869 0.00252168 0.998986 -0.044951 -3.3089 -0.729598 0.0325788 0.6831 91.409 
0.732037 0.0295988 0.680621 54.671 0.00124302 0.998996 -0.0447814 -3.32763 -0.681263 0.0336276 0.731266 91.7833 
0.776663 0.0262872 0.629367 54.9279 -0.00172381 0.999214 -0.0396078 -3.35224 -0.629914 0.0296769 0.776098 92.1732 
0.817454 0.0212992 0.5756 55.1677 -0.00284303 0.999453 -0.0329459 -3.36897 -0.575987 0.0252952 0.817067 92.5927 
0.85328 0.0187872 0.521115 55.374 -0.00575865 0.999629 -0.0266094 -3.3885 -0.521422 0.0197043 0.853071 93.0214 
0.883871 0.0156867 0.467468 55.552 -0.00725492 0.999777 -0.019832 -3.40318 -0.467675 0.0141374 0.883787 93.4605 
0.908921 0.0162813 0.41665 55.7064 -0.0112792 0.999832 -0.0144648 -3.42092 -0.416815 0.00844783 0.908952 93.9134 
0.928605 0.0185025 0.370608 55.8397 -0.0154638 0.999818 -0.0111693 -3.43675 -0.370747 0.0046408 0.928722 94.3542 
0.943481 0.0244305 0.330523 55.9535 -0.0228955 0.999701 -0.00853739 -3.44937 -0.330633 0.00048729 0.943759 94.8212 
0.954813 0.0290918 0.29578 56.0451 -0.0275036 0.999576 -0.00952985 -3.45877 -0.295932 0.000964137 0.955209 95.2955 
0.963761 0.0313674 0.264917 56.1458 -0.0299434 0.999507 -0.00941331 -3.46682 -0.265082 0.0011396 0.964225 95.7715 
0.969697 0.0255475 0.242969 56.2503 -0.0240603 0.999669 -0.00908745 -3.47554 -0.243121 0.0029661 0.969991 96.2532 
0.973553 0.0227496 0.227327 56.3484 -0.0213555 0.999735 -0.0085909 -3.48662 -0.227462 0.00350893 0.973781 96.7409 
0.976336 0.0266463 0.214613 56.4345 -0.0253507 0.99964 -0.00878801 -3.49645 -0.21477 0.00313939 0.97666 97.2406 
0.978149 0.0321937 0.205399 56.5078 -0.0311261 0.99948 -0.00842798 -3.50232 -0.205564 0.00185047 0.978642 97.7567 
0.979117 0.0400396 0.199315 56.5896 -0.0388531 0.999196 -0.00986279 -3.50823 -0.19955 0.00191273 0.979886 98.2728 
0.979514 0.0455993 0.196146 56.6793 -0.0438024 0.998949 -0.0134922 -3.5193 -0.196555 0.00462408 0.980482 98.7952 
0.979583 0.0468866 0.195497 56.7712 -0.0445942 0.998875 -0.0161139 -3.53332 -0.196032 0.00706684 0.980572 99.3311 
0.979162 0.0452304 0.19798 56.8777 -0.0421626 0.998917 -0.0196864 -3.54814 -0.198656 0.0109287 0.980008 99.8733 
0.978491 0.0436599 0.201618 56.9932 -0.0391471 0.998887 -0.0263185 -3.55665 -0.202543 0.0178596 0.97911 100.42 
0.977586 0.0441135 0.205861 57.1044 -0.0385524 0.998777 -0.0309495 -3.5733 -0.206974 0.0223193 0.978092 100.986 
0.976504 0.0484119 0.209988 57.2202 -0.0428994 0.998607 -0.030731 -3.58797 -0.211183 0.0210005 0.977221 101.566 
0.975086 0.0516551 0.21573 57.3367 -0.0469414 0.998535 -0.026921 -3.60636 -0.216805 0.0161236 0.976082 102.163 
0.97418 0.0485842 0.220483 57.4678 -0.0447263 0.998747 -0.0224596 -3.6258 -0.221297 0.0120182 0.975132 102.77 
0.973557 0.0443324 0.2241 57.6131 -0.0415931 0.998991 -0.0169319 -3.64475 -0.224624 0.00716306 0.974419 103.39 
0.972756 0.041639 0.228061 57.7515 -0.0398459 0.999128 -0.0124636 -3.65986 -0.228381 0.00303672 0.973567 104.022 
0.972253 0.0367695 0.231024 57.8989 -0.0349375 0.999317 -0.0120175 -3.66966 -0.231308 0.00361253 0.972874 104.661 
0.972321 0.0330471 0.231301 58.0478 -0.0303981 0.999425 -0.0150085 -3.68652 -0.231664 0.00756191 0.972766 105.312 
0.972467 0.0318549 0.230853 58.1953 -0.0274761 0.999377 -0.0221593 -3.70108 -0.231415 0.0152061 0.972736 105.965 
0.972618 0.0336608 0.229958 58.3383 -0.0277903 0.999201 -0.0287209 -3.72046 -0.230741 0.0215438 0.972777 106.627 
0.973168 0.0361405 0.22724 58.4814 -0.0295465 0.99904 -0.0323541 -3.74077 -0.228191 0.0247718 0.973301 107.307 
0.973826 0.0339614 0.224744 58.6353 -0.0283164 0.999198 -0.0282947 -3.76159 -0.225525 0.0211901 0.974007 108.003 
0.97425 0.0295913 0.223518 58.7885 -0.0255844 0.999456 -0.0208023 -3.78677 -0.224012 0.014548 0.974478 108.719 
0.974842 0.0296595 0.220914 58.9415 -0.0270402 0.999524 -0.0148723 -3.81409 -0.22125 0.00852454 0.97518 109.441 
0.975138 0.0331503 0.219105 59.0879 -0.0304665 0.999414 -0.0156177 -3.83497 -0.219494 0.00855398 0.975576 110.172 
0.975456 0.0387516 0.216757 59.2306 -0.0351674 0.999174 -0.0203705 -3.85312 -0.217367 0.0122477 0.976013 110.912 
0.976224 0.0397167 0.213094 59.3764 -0.035019 0.999054 -0.0257764 -3.87068 -0.213917 0.0177012 0.976691 111.664 
0.977177 0.0384497 0.20892 59.5311 -0.0331558 0.999036 -0.0287844 -3.89007 -0.209825 0.0212004 0.977509 112.426 
0.978131 0.0358266 0.204883 59.6878 -0.0308609 0.999148 -0.0273824 -3.91529 -0.205689 0.0204607 0.978403 113.2 
0.978987 0.0319301 0.201405 59.839 -0.027411 0.999307 -0.0251883 -3.9459 -0.202069 0.0191383 0.979184 113.979 
0.979446 0.03062 0.19937 59.9946 -0.0266435 0.999389 -0.0225987 -3.97044 -0.19994 0.0168222 0.979664 114.779 
0.97982 0.0272424 0.198015 60.1524 -0.0236911 0.999513 -0.0202821 -3.99465 -0.198471 0.0151816 0.979989 115.582 
0.979871 0.0220801 0.198407 60.2894 -0.0186529 0.999643 -0.0191268 -4.01658 -0.198759 0.0150408 0.979933 116.397 
0.98004 0.0232771 0.197433 60.4453 -0.0201491 0.999638 -0.0178383 -4.03808 -0.197777 0.0135041 0.980154 117.211 
0.979873 0.0285126 0.197576 60.5935 -0.0250928 0.999489 -0.0197918 -4.06276 -0.19804 0.0144356 0.980088 118.034 
0.979548 0.0340448 0.19831 60.7364 -0.030048 0.999281 -0.0231298 -4.08771 -0.198955 0.0166978 0.979866 118.867 
0.97905 0.0429409 0.199042 60.8859 -0.0386978 0.998934 -0.0251615 -4.1043 -0.19991 0.0169318 0.979668 119.707 
0.97817 0.0488131 0.20199 61.0326 -0.0447591 0.998695 -0.0245923 -4.13209 -0.202927 0.0150145 0.979079 120.545 
0.977451 0.0514374 0.204801 61.1916 -0.0477981 0.998599 -0.0226815 -4.16458 -0.205681 0.0123809 0.978541 121.393 
0.9769 0.0515995 0.207374 61.3555 -0.0477756 0.998584 -0.0234096 -4.19432 -0.208288 0.0129614 0.977982 122.239 
0.976557 0.0502587 0.209311 61.5211 -0.0457892 0.998609 -0.0261482 -4.22261 -0.210334 0.0159509 0.977499 123.083 
0.976579 0.0442865 0.21055 61.7032 -0.0399334 0.998892 -0.0248842 -4.25245 -0.211419 0.0158933 0.977266 123.929 
0.97684 0.0376021 0.210639 61.8817 -0.0328484 0.999121 -0.0260232 -4.28904 -0.211432 0.0185013 0.977217 124.761 
0.976627 0.0366702 0.211791 62.0583 -0.0318513 0.999151 -0.0261215 -4.32397 -0.212569 0.0187651 0.976966 125.609 
0.976112 0.039542 0.213639 62.2294 -0.035375 0.999102 -0.0232947 -4.35627 -0.214368 0.0151807 0.976635 126.457 
0.975746 0.0417423 0.214889 62.3969 -0.0388748 0.99909 -0.0175554 -4.38376 -0.215426 0.0087758 0.976481 127.301 
0.975429 0.0451113 0.215644 62.5613 -0.0432338 0.998975 -0.0134187 -4.41277 -0.216029 0.00376578 0.97638 128.135 
0.975249 0.0441906 0.216646 62.7331 -0.0408508 0.998968 -0.0198725 -4.44467 -0.2173 0.0105304 0.976048 128.97 
0.975473 0.0402781 0.216404 62.9082 -0.0336943 0.998853 -0.0340295 -4.47804 -0.217526 0.0259032 0.975711 129.786 
0.975719 0.0378204 0.215734 63.0858 -0.029173 0.998643 -0.0431298 -4.51035 -0.217073 0.0357889 0.975499 130.6 
0.976024 0.0349315 0.214841 63.2581 -0.0282415 0.999018 -0.0341319 -4.54323 -0.215822 0.027246 0.976052 131.426 
0.976482 0.0284752 0.213712 63.4371 -0.0262167 0.999566 -0.0133956 -4.57614 -0.214001 0.00747767 0.976805 132.279 
0.976821 0.0248336 0.21261 63.6112 -0.0257814 0.999666 0.00168591 -4.60846 -0.212497 -0.00712829 0.977136 133.123 
0.976876 0.0289646 0.211835 63.7727 -0.028736 0.999578 -0.00415869 -4.62733 -0.211866 -0.00202484 0.977297 133.939 
0.977108 0.0370078 0.209498 63.9251 -0.0335178 0.999234 -0.0201868 -4.64616 -0.210085 0.0127027 0.977601 134.74 
0.977402 0.037 0.208126 64.0859 -0.0318345 0.999098 -0.0281154 -4.665 -0.208979 0.0208544 0.977698 135.551 
0.978029 0.0329117 0.205855 64.2539 -0.027528 0.999201 -0.0289639 -4.69738 -0.206644 0.0226607 0.978154 136.358 
0.97867 0.0323685 0.202874 64.4126 -0.0273905 0.999252 -0.027298 -4.73547 -0.203605 0.0211588 0.978824 137.182 
0.979406 0.0317789 0.199381 64.5612 -0.0265715 0.999234 -0.0287408 -4.76425 -0.200142 0.022851 0.9795 137.996 
0.980363 0.0329868 0.194421 64.707 -0.0276384 0.999163 -0.0301594 -4.79994 -0.195253 0.0241936 0.980454 138.808 
0.980771 0.0378801 0.19145 64.8424 -0.0326695 0.999007 -0.0303019 -4.83798 -0.192408 0.0234646 0.981034 139.62 
0.980951 0.0438006 0.18925 64.9739 -0.0386525 0.998778 -0.0308106 -4.869 -0.190368 0.0229086 0.981445 140.429 
0.98124 0.0454542 0.187355 65.1098 -0.0407745 0.998754 -0.0287588 -4.90502 -0.188429 0.0205799 0.981871 141.236 
0.981533 0.0432913 0.186327 65.2491 -0.0394774 0.998929 -0.024133 -4.93879 -0.187172 0.0163315 0.982191 142.043 
0.981975 0.0416502 0.184364 65.3921 -0.0378687 0.998995 -0.0239864 -4.97288 -0.185178 0.0165724 0.982565 142.846 
0.982558 0.0397412 0.181657 65.5293 -0.0354266 0.999009 -0.0269363 -5.00645 -0.182548 0.0200309 0.982993 143.639 
0.983646 0.0346372 0.176752 65.6678 -0.0296704 0.999089 -0.0306678 -5.04017 -0.177653 0.0249219 0.983777 144.431 
0.984903 0.0317202 0.170174 65.8002 -0.0267351 0.999146 -0.0315067 -5.07307 -0.171028 0.0264813 0.98491 145.222 
0.986043 0.0304838 0.163678 65.9229 -0.0265157 0.9993 -0.0263741 -5.09766 -0.164367 0.0216658 0.986161 146.018 
0.987198 0.0276355 0.157087 66.0447 -0.0251444 0.999525 -0.0178242 -5.13163 -0.157505 0.0136461 0.987424 146.825 
0.987851 0.0245654 0.153446 66.1607 -0.0235361 0.999687 -0.00852213 -5.15699 -0.153608 0.004807 0.98812 147.636 
0.988347 0.031295 0.148966 66.2617 -0.0307468 0.999509 -0.00598302 -5.17751 -0.14908 0.001333 0.988824 148.431 
0.988972 0.0339203 0.144163 66.3583 -0.0327282 0.999408 -0.0106336 -5.19877 -0.144439 0.00579807 0.989497 149.224 
0.990059 0.0346036 0.136332 66.4554 -0.0320117 0.999263 -0.0211595 -5.21421 -0.136964 0.0165849 0.990437 150.017 
0.991012 0.0314363 0.130026 66.5459 -0.0282235 0.999251 -0.0264798 -5.2331 -0.130761 0.0225719 0.991157 150.82 
0.991873 0.0308101 0.123442 66.6289 -0.0278478 0.999283 -0.0256531 -5.25554 -0.124144 0.0220069 0.99202 151.64 
0.992599 0.0374522 0.115522 66.7032 -0.0351111 0.999136 -0.0222352 -5.28467 -0.116254 0.0180145 0.993056 152.463 
0.993285 0.04285 0.107465 66.7656 -0.0404926 0.998891 -0.0240258 -5.31416 -0.108375 0.0195129 0.993918 153.28 
0.994236 0.0454357 0.0971133 66.827 -0.0427426 0.998646 -0.0296358 -5.34395 -0.0983283 0.025314 0.994832 154.088 
0.995103 0.0438923 0.0885654 66.8857 -0.0411982 0.998638 -0.0320233 -5.37168 -0.0898502 0.0282177 0.995555 154.907 
0.995804 0.0439502 0.0802683 66.9399 -0.0417081 0.998697 -0.0294003 -5.39932 -0.0814558 0.025929 0.99634 155.731 
0.996269 0.0468117 0.0725003 66.9756 -0.0453144 0.998727 -0.0221627 -5.43125 -0.0734454 0.0187946 0.997122 156.556 
0.996656 0.0502226 0.0644496 67.0059 -0.0492414 0.998647 -0.0167263 -5.45478 -0.0652023 0.0134967 0.997781 157.385 
0.997174 0.0491303 0.0568266 67.0387 -0.048442 0.998736 -0.0134296 -5.47778 -0.0574144 0.0106387 0.998294 158.209 
0.997466 0.050042 0.0505693 67.0615 -0.0495331 0.998709 -0.0112689 -5.50016 -0.0510678 0.0087354 0.998657 159.036 
0.997724 0.04906 0.0462526 67.0889 -0.0485068 0.998738 -0.0130094 -5.52347 -0.0468324 0.0107362 0.998845 159.861 
0.997695 0.0535792 0.0416506 67.1038 -0.052848 0.998432 -0.0184646 -5.54639 -0.0425745 0.0162208 0.998962 160.672 
0.997529 0.0595008 0.0373415 67.1157 -0.0585882 0.997967 -0.0250791 -5.57202 -0.0387577 0.0228293 0.998988 161.489 
0.997573 0.0606965 0.0341059 67.1271 -0.0597728 0.997834 -0.0274833 -5.59709 -0.0357001 0.0253779 0.99904 162.309 
0.997582 0.0621963 0.0310037 67.1358 -0.0615498 0.997875 -0.0213915 -5.62261 -0.0322682 0.0194314 0.99929 163.141 
0.997489 0.0645576 0.0291331 67.1385 -0.0642659 0.997874 -0.0108432 -5.64987 -0.0297711 0.00894363 0.999517 163.976 
0.99747 0.0661719 0.025957 67.1448 -0.0661036 0.997807 -0.00348615 -5.67168 -0.0261307 0.0017614 0.999657 164.804 
0.997847 0.0622906 0.0205412 67.1535 -0.0621679 0.998044 -0.00656353 -5.69279 -0.0209098 0.00527231 0.999767 165.62 
0.998656 0.0496931 0.0146856 67.166 -0.0494518 0.998642 -0.0163672 -5.71004 -0.0154789 0.0156189 0.999758 166.435 
0.998865 0.047077 0.00726127 67.1659 -0.046916 0.998679 -0.0209604 -5.72558 -0.00823834 0.0205959 0.999754 167.253 
0.998676 0.051437 0.000589731 67.1437 -0.0514156 0.998485 -0.0196021 -5.74656 -0.00159703 0.0195458 0.999808 168.087 
0.998768 0.049152 -0.00676828 67.1221 -0.0492391 0.998698 -0.0133435 -5.77248 0.0061037 0.0136602 0.999888 168.92 
0.998944 0.043777 -0.0139458 67.0986 -0.0439135 0.998989 -0.00962956 -5.79081 0.0135102 0.0102317 0.999856 169.759 
0.99919 0.0350294 -0.0198035 67.0768 -0.0351481 0.999366 -0.00567077 -5.80058 0.0195924 0.00636215 0.999788 170.601 
0.999194 0.0305423 -0.0260278 67.0437 -0.0306955 0.999514 -0.00550412 -5.82225 0.0258471 0.00629854 0.999646 171.438 
0.999101 0.0269578 -0.032727 67.0089 -0.0273813 0.999546 -0.012559 -5.84088 0.0323736 0.0134437 0.999385 172.272 
0.999033 0.0176581 -0.0402545 66.9684 -0.018575 0.999574 -0.0225158 -5.86095 0.0398399 0.0232417 0.998936 173.106 
0.998864 0.00738251 -0.047077 66.9367 -0.00863618 0.999612 -0.026481 -5.88323 0.0468633 0.0268574 0.99854 173.943 
0.998511 0.0111868 -0.0533883 66.8746 -0.0122059 0.999749 -0.0187988 -5.90691 0.0531647 0.0194224 0.998397 174.783 
0.998046 0.0216484 -0.0586059 66.7993 -0.0220414 0.999739 -0.00606704 -5.92541 0.0584593 0.00734686 0.998263 175.629 
0.997631 0.0271221 -0.0632194 66.7208 -0.0270551 0.999632 0.00191835 -5.94856 0.0632483 -0.000203485 0.997998 176.479 
0.997416 0.0262669 -0.0668696 66.649 -0.0264022 0.999651 -0.00113961 -5.96268 0.0668164 0.00290209 0.997761 177.323 
0.997258 0.0275087 -0.0687019 66.5735 -0.0283995 0.999524 -0.0120224 -5.97621 0.0683386 0.0139404 0.997565 178.149 
0.996695 0.037755 -0.0719261 66.4861 -0.0393732 0.998999 -0.0212127 -5.99482 0.0710533 0.0239745 0.997184 178.978 
0.996572 0.0362048 -0.0743892 66.4085 -0.0381491 0.998962 -0.0248834 -6.0168 0.0734112 0.0276358 0.996919 179.821 
0.996557 0.0312949 -0.0767765 66.3422 -0.0329335 0.999254 -0.0201695 -6.03946 0.0760881 0.0226285 0.996844 180.677 
0.996581 0.031361 -0.0764425 66.2668 -0.0323217 0.999413 -0.011362 -6.06295 0.0760414 0.0137938 0.997009 181.537 
0.996507 0.0335153 -0.0764879 66.1862 -0.0340647 0.999402 -0.00588787 -6.08417 0.0762449 0.00847276 0.997053 182.394 
0.996369 0.0336079 -0.0782219 66.1066 -0.0342395 0.999391 -0.00674587 -6.10269 0.0779476 0.00939957 0.996913 183.252 
0.996288 0.030341 -0.0805546 66.0257 -0.0317201 0.99937 -0.0158944 -6.12537 0.0800217 0.0183905 0.996623 184.104 
0.996348 0.0195333 -0.083122 65.9593 -0.0218575 0.999393 -0.0271419 -6.15307 0.0825414 0.0288596 0.99617 184.955 
0.996323 0.00896188 -0.0852052 65.8903 -0.0116573 0.999445 -0.0311888 -6.17847 0.0848785 0.0320673 0.995875 185.805 
0.996234 0.0114283 -0.0859468 65.7992 -0.0137909 0.999542 -0.0269449 -6.20416 0.0855995 0.0280286 0.995935 186.657 
0.996036 0.0173486 -0.0872463 65.706 -0.0188717 0.999683 -0.0166612 -6.23185 0.0869297 0.0182416 0.996047 187.513 
0.995871 0.0182705 -0.0889181 65.6148 -0.0194856 0.999728 -0.0128158 -6.26495 0.0886599 0.0144954 0.995956 188.365 
0.995798 0.0171021 -0.089961 65.5306 -0.0186772 0.999686 -0.0166948 -6.28934 0.0896474 0.0183048 0.995805 189.208 
0.995831 0.0172135 -0.0895733 65.4406 -0.0193244 0.999554 -0.0227525 -6.31345 0.0891418 0.0243885 0.99572 190.044 
0.995656 0.0237796 -0.090017 65.3448 -0.0259838 0.999389 -0.0233936 -6.33829 0.0894058 0.0256309 0.995665 190.875 
0.995563 0.0265097 -0.0902871 65.2507 -0.0284436 0.999391 -0.0201998 -6.36857 0.0896968 0.0226782 0.995711 191.711 
0.995374 0.0305651 -0.0910854 65.1587 -0.0322492 0.999334 -0.0170733 -6.39969 0.090503 0.0199317 0.995697 192.542 
0.99527 0.0339019 -0.0910344 65.0649 -0.0353456 0.999273 -0.014292 -6.42429 0.0904838 0.017442 0.995745 193.374 
0.995082 0.0368994 -0.0919222 64.9718 -0.0384153 0.999153 -0.0147744 -6.44776 0.0912992 0.0182329 0.995656 194.193 
