1 -4.23778e-08 4.22719e-08 0 -4.23778e-08 1 -4.19404e-08 0 4.22719e-08 -4.19404e-08 1 0 
0.999093 -0.000851676 0.0425595 0.106401 0.000953892 0.999997 -0.00238351 -0.0232487 -0.0425572 0.00242187 0.999091 1.10071 
0.996178 -0.00552464 0.0871734 0.209812 0.00615949 0.999956 -0.00701637 -0.0800695 -0.0871307 0.00752642 0.996168 2.20086 
0.991214 -0.00549518 0.132151 0.335517 0.00699818 0.999916 -0.0109122 -0.108713 -0.13208 0.0117411 0.991169 3.2384 
0.984126 -0.00328028 0.177439 0.531131 0.00573185 0.999895 -0.0133061 -0.143736 -0.177376 0.0141118 0.984042 4.26829 
0.974796 -0.00619478 0.223013 0.756821 0.00938991 0.999868 -0.0132699 -0.177876 -0.222901 0.0150295 0.974725 5.31449 
0.963103 -0.00684419 0.269046 0.982855 0.010992 0.999843 -0.0139137 -0.235602 -0.268909 0.0163577 0.963027 6.42572 
0.95013 -0.0105344 0.311677 1.29125 0.0164454 0.999731 -0.0163431 -0.285832 -0.311421 0.0206537 0.950047 7.29487 
0.935109 -0.0120413 0.354156 1.68573 0.0196532 0.999646 -0.0179045 -0.314456 -0.353816 0.0237029 0.935015 8.32244 
0.91798 -0.0121367 0.39644 2.09681 0.0211656 0.999606 -0.0184081 -0.358686 -0.396061 0.0252891 0.917876 9.26256 
0.898232 -0.0124937 0.439344 2.51932 0.0221529 0.999612 -0.0168653 -0.390458 -0.438963 0.0248816 0.898161 10.2173 
0.876517 -0.0119346 0.481223 3.00441 0.0222732 0.999627 -0.0157781 -0.420974 -0.480855 0.0245481 0.876456 11.1165 
0.85254 -0.0123516 0.522516 3.53703 0.023452 0.999618 -0.0146349 -0.441486 -0.522135 0.0247308 0.852504 12.0488 
0.826764 -0.0121893 0.562417 4.09201 0.0245936 0.999592 -0.0144891 -0.469069 -0.562011 0.0258109 0.826727 12.9095 
0.799634 -0.0140655 0.600323 4.72001 0.0281055 0.999507 -0.0140185 -0.498114 -0.59983 0.028082 0.799634 13.7291 
0.770993 -0.0133337 0.636704 5.36083 0.0292155 0.999469 -0.0144469 -0.528191 -0.636173 0.0297401 0.770973 14.5371 
0.740437 -0.0167306 0.671917 6.07063 0.0342764 0.999329 -0.0128889 -0.5565 -0.671251 0.0325743 0.740514 15.3349 
0.708487 -0.0161061 0.70554 6.77025 0.0346919 0.999326 -0.0120243 -0.587114 -0.70487 0.0329955 0.708568 16.0514 
0.674668 -0.0151294 0.737966 7.51809 0.036131 0.999268 -0.0125456 -0.622907 -0.737237 0.0351275 0.674721 16.7294 
0.639054 -0.0164183 0.768986 8.28355 0.040792 0.999089 -0.0125685 -0.644154 -0.768079 0.0394004 0.639141 17.3795 
0.60248 -0.0144693 0.798003 9.10665 0.0409007 0.999082 -0.0127643 -0.660581 -0.797085 0.040329 0.602518 18.0226 
0.564716 -0.0135413 0.825174 9.95207 0.044269 0.998923 -0.0139035 -0.675573 -0.824097 0.0443811 0.564708 18.62 
0.525533 -0.0118199 0.850691 10.7966 0.0488686 0.998672 -0.0163138 -0.695604 -0.849369 0.0501455 0.525413 19.1677 
0.486619 -0.0108162 0.873547 11.7476 0.0506084 0.998593 -0.0158275 -0.713057 -0.872147 0.0519108 0.486482 19.727 
0.447727 -0.0130656 0.894075 12.64 0.0559145 0.998345 -0.0134112 -0.742256 -0.89242 0.0559962 0.447717 20.1749 
0.410856 -0.0139094 0.911594 13.5245 0.0595411 0.998158 -0.0116051 -0.769209 -0.909754 0.0590453 0.410928 20.5678 
0.375659 -0.0115675 0.926686 14.4897 0.0609768 0.998064 -0.0122604 -0.78974 -0.92475 0.0611121 0.375637 20.9606 
0.342395 -0.0122737 0.939476 15.4686 0.061568 0.998059 -0.00939969 -0.808889 -0.937537 0.06106 0.342486 21.3128 
0.309068 -0.0137279 0.950941 16.4755 0.0640432 0.997926 -0.00640883 -0.817801 -0.948881 0.0628821 0.309307 21.6591 
0.276255 -0.0135648 0.960989 17.5063 0.0646224 0.9979 -0.00449119 -0.827358 -0.958909 0.0633421 0.276551 21.9518 
0.243664 -0.0105082 0.969803 18.5054 0.0616642 0.998086 -0.0046787 -0.846313 -0.967897 0.0609422 0.243846 22.2282 
0.212402 -0.00881132 0.977143 19.6087 0.0615954 0.998091 -0.00438887 -0.846578 -0.975239 0.0611197 0.212539 22.5176 
0.181794 -0.00852473 0.9833 20.7198 0.0636438 0.997968 -0.00311474 -0.852586 -0.981275 0.0631472 0.181967 22.7414 
0.151678 -0.00883953 0.98839 21.8473 0.065369 0.99786 -0.00110737 -0.859801 -0.986266 0.0647781 0.151931 22.8919 
0.121384 -0.00940168 0.992561 22.9308 0.0643193 0.997928 0.00158658 -0.868839 -0.990519 0.0636483 0.121737 23.0266 
0.0922926 -0.00984283 0.995683 24.0301 0.0652703 0.99786 0.00381418 -0.874038 -0.99359 0.0646365 0.0927376 23.124 
0.0652147 -0.00958975 0.997825 25.1252 0.0680152 0.997671 0.00514293 -0.872138 -0.995551 0.0675319 0.0657151 23.1942 
0.0399886 -0.00897674 0.99916 26.3004 0.0716967 0.997408 0.00609146 -0.871909 -0.996624 0.0713929 0.0405286 23.2528 
0.0166832 -0.00873923 0.999823 27.4739 0.075293 0.997133 0.0074593 -0.873879 -0.997022 0.0751552 0.0172934 23.2857 
-0.00394548 -0.00877769 0.999954 28.6403 0.0806753 0.996699 0.00906736 -0.871186 -0.996733 0.0807074 -0.00322432 23.2973 
-0.0219828 -0.00975789 0.999711 29.9028 0.0847878 0.996332 0.0115892 -0.879763 -0.996156 0.085018 -0.0210748 23.281 
-0.0381796 -0.00961833 0.999225 31.1952 0.0873584 0.996093 0.012926 -0.868206 -0.995445 0.0877842 -0.0371902 23.2755 
-0.0529231 -0.0102813 0.998546 32.4188 0.0895685 0.995868 0.0150008 -0.854669 -0.994574 0.0902321 -0.0517835 23.2199 
-0.066947 -0.0112341 0.997693 33.6363 0.0894914 0.995839 0.0172182 -0.846923 -0.993735 0.0904377 -0.0656631 23.1779 
-0.0795229 -0.0111771 0.99677 34.9059 0.0891767 0.995848 0.0182813 -0.834897 -0.992836 0.0903425 -0.078196 23.1024 
-0.0915567 -0.00840565 0.995764 36.179 0.089439 0.995853 0.0166299 -0.824407 -0.991775 0.0905828 -0.0904253 23.0844 
-0.10199 -0.00467642 0.994774 37.442 0.0898106 0.995862 0.0138894 -0.802573 -0.990723 0.0907578 -0.101148 22.9805 
-0.111683 -0.00233272 0.993741 38.6691 0.0907572 0.995794 0.0125374 -0.799848 -0.989591 0.0915893 -0.111002 22.858 
-0.119509 -0.00112408 0.992832 39.9502 0.0907682 0.995799 0.0120533 -0.78485 -0.988675 0.0915581 -0.118905 22.7321 
-0.125732 -0.000495837 0.992064 41.2812 0.090335 0.99584 0.0119465 -0.778061 -0.987943 0.0911202 -0.125164 22.5812 
-0.130827 0.00104901 0.991405 42.6255 0.0914455 0.995749 0.0110136 -0.762275 -0.987179 0.0921004 -0.130367 22.4135 
-0.135686 0.00275273 0.990748 44.0433 0.0906064 0.99584 0.00964186 -0.740503 -0.9866 0.0910764 -0.135371 22.252 
-0.14023 0.00362761 0.990112 45.4536 0.0908978 0.995817 0.00922529 -0.730762 -0.985938 0.0912927 -0.139973 22.0755 
-0.143689 0.00258999 0.989619 46.9547 0.0907598 0.995817 0.0105717 -0.7172 -0.985452 0.0913367 -0.143323 21.9034 
-0.146175 0.000644155 0.989258 48.3836 0.0913167 0.995739 0.0128447 -0.709562 -0.985035 0.0922134 -0.145611 21.7088 
-0.14882 -0.000357477 0.988864 49.8753 0.0910415 0.995748 0.0140613 -0.685837 -0.984664 0.0921203 -0.148155 21.5239 
-0.151134 0.000492591 0.988513 51.3561 0.0938031 0.995494 0.0138454 -0.672019 -0.984053 0.0948181 -0.150499 21.3263 
-0.152149 0.000168364 0.988357 52.901 0.0930049 0.995565 0.0141476 -0.651127 -0.983972 0.0940746 -0.15149 21.1128 
-0.152981 0.00140136 0.988228 54.4296 0.0946068 0.995427 0.0132338 -0.648356 -0.98369 0.0955176 -0.152414 20.8943 
-0.153668 0.0013204 0.988122 55.9632 0.0945082 0.995434 0.0133672 -0.655353 -0.983593 0.0954397 -0.153091 20.7227 
-0.153227 0.00263013 0.988187 57.4864 0.0940337 0.995497 0.0119311 -0.650093 -0.983707 0.0947511 -0.152785 20.5101 
-0.152402 0.00299469 0.988314 59.0452 0.0951303 0.995397 0.0116533 -0.620528 -0.983729 0.0957946 -0.151985 20.3087 
-0.151682 0.00190217 0.988427 60.6602 0.0941337 0.995481 0.0125298 -0.616159 -0.983937 0.0949449 -0.151176 20.1315 
-0.151394 0.00280792 0.988469 62.2156 0.0948463 0.995423 0.0116989 -0.596239 -0.983913 0.0955238 -0.150967 19.9284 
-0.150473 0.00340266 0.988608 63.8105 0.0950632 0.99541 0.0110431 -0.596084 -0.984033 0.095642 -0.150106 19.7141 
-0.149591 0.00407322 0.98874 65.4432 0.0962053 0.995307 0.010455 -0.585957 -0.984056 0.096686 -0.149281 19.4925 
-0.148079 0.00420675 0.988967 67.1222 0.0959136 0.995338 0.0101273 -0.562697 -0.984314 0.096355 -0.147792 19.2331 
-0.147584 0.00263462 0.989046 68.7909 0.0979577 0.995119 0.0119662 -0.544357 -0.984187 0.0986507 -0.147121 19.0138 
-0.1472 0.00039932 0.989107 70.4864 0.0994682 0.994936 0.0144013 -0.537736 -0.984092 0.100505 -0.146495 18.7849 
-0.14565 0.00164269 0.989335 72.2137 0.10137 0.99476 0.0132719 -0.526459 -0.984129 0.102222 -0.145053 18.5025 
-0.144908 0.00369316 0.989438 73.9218 0.103151 0.9946 0.0113944 -0.509026 -0.984054 0.103712 -0.144506 18.2783 
-0.144151 0.00335074 0.98955 75.6259 0.102632 0.994652 0.0115827 -0.500684 -0.984219 0.10323 -0.143723 18.0528 
-0.144484 0.00350078 0.989501 77.334 0.102977 0.994617 0.0115175 -0.487334 -0.984134 0.10356 -0.144067 17.8315 
-0.143983 0.00257328 0.989577 79.108 0.103225 0.99458 0.0124328 -0.473854 -0.984182 0.103939 -0.143468 17.5981 
-0.144313 0.00246445 0.989529 80.8415 0.104523 0.99444 0.0127669 -0.469986 -0.983996 0.105271 -0.143768 17.3884 
-0.144019 0.00228565 0.989572 82.6189 0.105555 0.994328 0.0130654 -0.461097 -0.983929 0.106336 -0.143443 17.1386 
-0.144099 0.0035193 0.989557 84.3858 0.105665 0.994331 0.0118505 -0.449199 -0.983906 0.106269 -0.143654 16.9105 
-0.14458 0.00415909 0.989484 86.1934 0.105465 0.99436 0.0112305 -0.44693 -0.983856 0.10598 -0.144203 16.6797 
-0.145539 0.00466344 0.989341 88.0366 0.104789 0.994437 0.0107276 -0.439338 -0.983787 0.105233 -0.145218 16.4332 
-0.146493 0.00553919 0.989196 89.8501 0.104107 0.994517 0.00984842 -0.430389 -0.983718 0.104425 -0.146266 16.1779 
-0.147324 0.00483049 0.989076 91.7041 0.103356 0.994589 0.0105374 -0.422188 -0.983673 0.103779 -0.147026 15.9287 
-0.148458 0.00435821 0.988909 93.5329 0.103586 0.994558 0.0111675 -0.427303 -0.983479 0.104095 -0.148101 15.6859 
-0.148556 0.00309467 0.988899 95.3462 0.101349 0.994777 0.0121119 -0.427807 -0.983697 0.102023 -0.148093 15.4278 
-0.150263 0.00408049 0.988638 97.1741 0.100903 0.994833 0.01123 -0.415137 -0.983483 0.101444 -0.149898 15.1748 
-0.152281 0.0049036 0.988325 99.0224 0.100472 0.994884 0.0105446 -0.404137 -0.983217 0.100905 -0.151995 14.8965 
-0.156108 0.00592747 0.987722 100.909 0.10146 0.994789 0.0100657 -0.398595 -0.982515 0.101785 -0.155896 14.61 
-0.160733 0.00496112 0.986985 102.797 0.099349 0.99499 0.0111778 -0.394221 -0.981985 0.0998527 -0.16042 14.3435 
-0.165872 0.00418268 0.986138 104.695 0.0967139 0.995239 0.0120463 -0.390103 -0.981393 0.0973714 -0.165487 14.0659 
-0.170362 0.00492675 0.985369 106.59 0.0954892 0.995364 0.0115325 -0.38663 -0.980744 0.0960568 -0.170043 13.7601 
-0.174941 0.00662643 0.984556 108.509 0.0967526 0.995253 0.010493 -0.385585 -0.979813 0.097094 -0.174752 13.4512 
-0.179383 0.00858066 0.983742 110.451 0.0965266 0.99529 0.00891992 -0.378734 -0.979032 0.0965574 -0.179366 13.1199 
-0.184351 0.00853573 0.982823 112.357 0.0952594 0.99541 0.00922297 -0.388496 -0.978233 0.0953234 -0.184318 12.7975 
-0.188884 0.00818671 0.981965 114.268 0.0934215 0.99558 0.00966965 -0.386711 -0.977545 0.0935631 -0.188814 12.459 
-0.194186 0.00728698 0.980938 116.221 0.0915168 0.995746 0.0107195 -0.388253 -0.976686 0.0918539 -0.194026 12.0975 
-0.199808 0.00710323 0.979809 118.228 0.0912579 0.995762 0.0113908 -0.37405 -0.975576 0.0916913 -0.199609 11.7162 
-0.205034 0.00682109 0.978731 120.198 0.0913911 0.99574 0.0122057 -0.367791 -0.974479 0.0919499 -0.204784 11.3282 
-0.21059 0.00829447 0.977539 122.171 0.0916376 0.995728 0.0112925 -0.358881 -0.97327 0.0919574 -0.210451 10.9299 
-0.215916 0.00932931 0.976367 124.142 0.0916389 0.995734 0.0107508 -0.354094 -0.972102 0.0917945 -0.21585 10.5252 
-0.221885 0.00953902 0.975026 126.129 0.0923789 0.99566 0.0112815 -0.34413 -0.970687 0.092575 -0.221803 10.1034 
-0.227142 0.00929987 0.973817 128.107 0.0909894 0.995783 0.0117135 -0.339406 -0.969602 0.0912677 -0.22703 9.6764 
-0.23257 0.0100922 0.972527 130.132 0.090395 0.995842 0.0112828 -0.328502 -0.96837 0.0905356 -0.232515 9.23083 
-0.237863 0.0107416 0.971239 132.136 0.0896545 0.995913 0.0109424 -0.321652 -0.967152 0.0896788 -0.237854 8.78612 
-0.242018 0.0105383 0.970214 134.116 0.090768 0.995802 0.0118256 -0.308003 -0.966017 0.0909265 -0.241959 8.31552 
-0.245725 0.0105107 0.969282 136.087 0.0929888 0.995585 0.0127778 -0.3059 -0.964869 0.0932722 -0.245618 7.83395 
-0.248747 0.0114096 0.968501 138.088 0.0944527 0.99545 0.0125317 -0.297055 -0.963952 0.0945948 -0.248693 7.33174 
-0.25042 0.012286 0.968059 140.17 0.0958168 0.995325 0.012154 -0.290231 -0.963384 0.0958 -0.250427 6.73853 
-0.253605 0.0120442 0.967233 142.203 0.0952114 0.995378 0.0125693 -0.289752 -0.962611 0.0952792 -0.25358 6.23322 
-0.257348 0.0124447 0.966238 144.236 0.0941318 0.995484 0.0122496 -0.291252 -0.961723 0.0941062 -0.257358 5.70953 
-0.262059 0.0132538 0.964961 146.28 0.0928043 0.995618 0.0115285 -0.287691 -0.960579 0.0925737 -0.262141 5.19647 
-0.266239 0.0129263 0.96382 148.296 0.0922368 0.995663 0.0121254 -0.292561 -0.959484 0.092128 -0.266276 4.66787 
-0.27122 0.013331 0.962425 150.304 0.0919584 0.995689 0.0121228 -0.296154 -0.958115 0.091791 -0.271276 4.13435 
-0.275508 0.0139148 0.961198 152.336 0.0918066 0.995706 0.0119001 -0.295969 -0.956905 0.0915229 -0.275603 3.57816 
-0.279748 0.0141333 0.959969 154.349 0.0914474 0.995738 0.011989 -0.293605 -0.955708 0.0911406 -0.279849 3.01971 
-0.284031 0.0133026 0.958723 156.401 0.0908341 0.99578 0.0130936 -0.283959 -0.954503 0.0908037 -0.28404 2.45967 
-0.28802 0.0135918 0.957528 158.416 0.0928196 0.995587 0.0137876 -0.287967 -0.953115 0.0928485 -0.28801 1.88654 
-0.291973 0.0143247 0.956319 160.452 0.0946617 0.995411 0.0139907 -0.298617 -0.95173 0.0946117 -0.291989 1.31539 
-0.295636 0.0154375 0.955176 162.495 0.0936303 0.995524 0.0128898 -0.281448 -0.950701 0.0932441 -0.295758 0.718042 
-0.298959 0.0170482 0.954114 164.531 0.0936702 0.995536 0.011562 -0.275737 -0.949657 0.0928286 -0.299221 0.114439 
-0.302639 0.0180951 0.952933 166.566 0.0943478 0.995478 0.0110606 -0.283998 -0.948424 0.0932545 -0.302977 -0.479337 
-0.305921 0.0186939 0.951873 168.638 0.0939416 0.995521 0.0106406 -0.287661 -0.947411 0.0926757 -0.306306 -1.11358 
-0.309228 0.0193079 0.950792 170.696 0.0946058 0.995459 0.0105539 -0.27503 -0.94627 0.093214 -0.309651 -1.76091 
-0.313222 0.0194296 0.949481 172.752 0.0938661 0.995528 0.0105933 -0.269632 -0.94503 0.0924422 -0.313645 -2.40415 
-0.317014 0.0198942 0.948212 174.858 0.0960053 0.995318 0.0112148 -0.286959 -0.943549 0.0945886 -0.31744 -3.06367 
-0.319957 0.0198734 0.947223 176.932 0.0975495 0.995157 0.0120715 -0.288459 -0.942397 0.0962636 -0.320346 -3.73758 
-0.322209 0.0195785 0.946466 179.089 0.0987474 0.995027 0.0130339 -0.292783 -0.941504 0.0976607 -0.32254 -4.44884 
-0.32503 0.0188536 0.945516 181.179 0.0980767 0.995082 0.0138728 -0.290671 -0.940604 0.0972422 -0.32528 -5.14414 
-0.327467 0.0195353 0.94466 183.332 0.09785 0.995112 0.0133411 -0.284541 -0.939782 0.0968038 -0.327778 -5.86526 
-0.330196 0.0213954 0.94367 185.402 0.0959941 0.995321 0.0110224 -0.281324 -0.939018 0.0942263 -0.330705 -6.56268 
-0.333728 0.0232494 0.942382 187.482 0.0955763 0.995379 0.00928974 -0.285949 -0.937812 0.0931697 -0.334408 -7.25173 
-0.336763 0.0237819 0.941289 189.612 0.094777 0.99546 0.00875748 -0.298472 -0.936807 0.0921617 -0.337488 -7.97576 
-0.340224 0.0248006 0.940017 191.745 0.0933213 0.995608 0.00750882 -0.311093 -0.935702 0.0902784 -0.341044 -8.69242 
-0.343896 0.0243326 0.938692 193.849 0.0939411 0.99554 0.00860961 -0.33425 -0.934297 0.0911426 -0.344648 -9.42242 
-0.347583 0.023663 0.93735 195.961 0.093516 0.995572 0.00954426 -0.335489 -0.932974 0.0909747 -0.348257 -10.1712 
-0.350784 0.0230595 0.936172 198.122 0.0928853 0.995624 0.0102802 -0.333296 -0.931838 0.0905628 -0.351391 -10.9531 
-0.354393 0.0225699 0.934824 200.212 0.0930621 0.995597 0.0112427 -0.353596 -0.930454 0.0909811 -0.354933 -11.7065 
-0.358568 0.0223417 0.933236 202.287 0.0915039 0.99574 0.0113195 -0.367489 -0.929008 0.0894536 -0.359085 -12.4362 
-0.362084 0.0225079 0.931874 204.407 0.0906095 0.995824 0.0111541 -0.382483 -0.927731 0.0884753 -0.362611 -13.2194 
-0.365666 0.022842 0.930466 206.487 0.0906637 0.995819 0.0111837 -0.413195 -0.92632 0.088449 -0.366208 -13.9736 
-0.36855 0.0231007 0.929321 208.567 0.0911156 0.995775 0.0113819 -0.436953 -0.925132 0.0888704 -0.369098 -14.7549 
-0.371039 0.0230272 0.928332 210.682 0.0926792 0.995619 0.0123461 -0.437636 -0.923981 0.0906179 -0.371548 -15.5585 
-0.373198 0.0225331 0.927478 212.854 0.0940846 0.99547 0.0136726 -0.433487 -0.922969 0.092364 -0.373627 -16.4121 
-0.375457 0.0237366 0.926536 215.047 0.096062 0.995285 0.013429 -0.425197 -0.921848 0.0940469 -0.375967 -17.2876 
-0.37851 0.0246585 0.925269 217.184 0.0955218 0.995348 0.01255 -0.421767 -0.920655 0.0931336 -0.379104 -18.129 
-0.380706 0.0249841 0.924359 219.364 0.0955147 0.99535 0.0124357 -0.425888 -0.91975 0.0930242 -0.381322 -19.0035 
-0.383498 0.0260147 0.923175 221.495 0.0949101 0.995421 0.0113761 -0.446189 -0.918652 0.0919814 -0.384211 -19.837 
-0.386817 0.0275394 0.921745 223.44 0.0948575 0.99544 0.0100663 -0.440498 -0.917265 0.0913283 -0.387666 -20.5987 
-0.389486 0.027098 0.920633 225.457 0.0926307 0.995651 0.00988248 -0.467167 -0.916362 0.0891281 -0.390303 -21.3999 
-0.392823 0.0276852 0.919197 227.45 0.0933632 0.995583 0.00991324 -0.503985 -0.914863 0.0897134 -0.393672 -22.1788 
-0.395521 0.0273014 0.918051 229.505 0.0948803 0.995425 0.0112745 -0.50973 -0.913543 0.0915643 -0.396302 -22.9991 
-0.398621 0.0265444 0.916732 231.495 0.0956294 0.995335 0.0127619 -0.508723 -0.912116 0.0927536 -0.3993 -23.814 
-0.40206 0.0260635 0.915242 233.489 0.0940388 0.995484 0.0129621 -0.523163 -0.910771 0.0912798 -0.402696 -24.6254 
-0.404843 0.0259669 0.914017 235.593 0.0927465 0.995607 0.012795 -0.536472 -0.90967 0.0899519 -0.405473 -25.52 
-0.408457 0.0253897 0.912424 237.669 0.09138 0.995729 0.0131994 -0.544565 -0.908192 0.0887687 -0.409032 -26.399 
-0.411624 0.0250614 0.911009 239.77 0.0909511 0.995761 0.0137018 -0.536214 -0.906804 0.0884972 -0.412159 -27.2999 
-0.414953 0.0248549 0.909503 241.84 0.0902366 0.995822 0.0139558 -0.550967 -0.905357 0.0878615 -0.415462 -28.2283 
-0.419492 0.024447 0.90743 243.935 0.0898069 0.995851 0.0146873 -0.572218 -0.903306 0.0876547 -0.419947 -29.1096 
-0.423085 0.0240301 0.905771 246.052 0.0890446 0.995912 0.015171 -0.572852 -0.901704 0.0870727 -0.423495 -30.0584 
-0.426987 0.0239544 0.90394 248.208 0.088352 0.995971 0.0153409 -0.569237 -0.899931 0.0864153 -0.427383 -31.0417 
-0.43058 0.0248462 0.90221 250.369 0.0883079 0.995984 0.0147161 -0.55884 -0.898222 0.0860088 -0.431045 -32.0483 
-0.434039 0.0258074 0.900524 252.55 0.0893176 0.995897 0.0145091 -0.545368 -0.896455 0.0867302 -0.434564 -33.0624 
-0.437966 0.0255309 0.898629 254.64 0.089028 0.995915 0.0150947 -0.557162 -0.894572 0.0866141 -0.43845 -34.0192 
-0.441752 0.0258789 0.896764 256.706 0.0880022 0.996013 0.0146073 -0.561972 -0.892811 0.08537 -0.442268 -34.9633 
-0.445457 0.0263384 0.894916 258.858 0.0882973 0.995987 0.0146381 -0.557509 -0.890938 0.0855393 -0.445995 -35.9835 
-0.44886 0.0269852 0.893195 261.006 0.0885048 0.995972 0.0143863 -0.537617 -0.889208 0.0855094 -0.44944 -37.0049 
-0.452697 0.0280139 0.891224 263.209 0.0898488 0.995852 0.014336 -0.529954 -0.887126 0.0865652 -0.453337 -38.0246 
-0.456007 0.0303927 0.889457 265.276 0.0925357 0.995619 0.0134209 -0.526919 -0.885152 0.0884266 -0.456821 -39.054 
-0.458905 0.0311579 0.887939 267.364 0.0935921 0.99552 0.0134373 -0.521802 -0.883542 0.0892705 -0.459765 -40.0648 
-0.461549 0.0334058 0.886485 269.454 0.095169 0.995388 0.01204 -0.513944 -0.881995 0.089923 -0.4626 -41.1082 
-0.462993 0.0362173 0.885621 271.609 0.0971423 0.995219 0.0100856 -0.502653 -0.881022 0.0907009 -0.464298 -42.2111 
-0.466409 0.0367972 0.883803 273.701 0.0978047 0.995153 0.0101811 -0.504297 -0.879145 0.0911887 -0.467748 -43.2317 
-0.469344 0.0378238 0.882205 275.861 0.097989 0.995142 0.00946539 -0.493187 -0.877561 0.0908889 -0.470771 -44.3526 
-0.472889 0.0378757 0.880307 278.054 0.0972221 0.995218 0.00940649 -0.482056 -0.875742 0.0900336 -0.47431 -45.4546 
-0.476275 0.0395578 0.878406 280.214 0.0979976 0.995152 0.00831934 -0.474177 -0.873818 0.090044 -0.477843 -46.5896 
-0.479047 0.0397288 0.876889 282.376 0.0973505 0.995217 0.00809304 -0.481463 -0.872374 0.0892426 -0.480624 -47.7512 
-0.481678 0.0396968 0.875449 284.545 0.0954029 0.995411 0.00735481 -0.471954 -0.87114 0.087063 -0.483255 -48.9166 
-0.483769 0.0405237 0.874257 286.683 0.0967816 0.995278 0.00742057 -0.457474 -0.869828 0.0882019 -0.485406 -50.0667 
-0.486423 0.0407873 0.872771 288.842 0.0984673 0.995105 0.00837459 -0.472625 -0.868157 0.090013 -0.488058 -51.1641 
-0.48864 0.040897 0.871527 290.947 0.0995591 0.99499 0.00912919 -0.477054 -0.866787 0.0912293 -0.490263 -52.2972 
-0.491168 0.040178 0.870138 293.085 0.0989312 0.995045 0.00989826 -0.486169 -0.865428 0.0909455 -0.492709 -53.3976 
-0.493017 0.039443 0.869125 295.267 0.0993625 0.994988 0.011209 -0.490847 -0.864327 0.0918846 -0.494466 -54.6038 
-0.495698 0.039889 0.867579 297.5 0.101518 0.994758 0.0122665 -0.501234 -0.862542 0.094155 -0.497149 -55.8161 
-0.497912 0.04011 0.866299 299.651 0.101881 0.994718 0.0125009 -0.479624 -0.861222 0.0944837 -0.499368 -56.9824 
-0.499939 0.0410852 0.865085 301.8 0.101536 0.994766 0.0114343 -0.470234 -0.860088 0.0935539 -0.501494 -58.1777 
-0.502708 0.0434421 0.863364 303.959 0.101042 0.994843 0.00877566 -0.462369 -0.858531 0.0916478 -0.504505 -59.3486 
-0.505955 0.0425733 0.861508 306.032 0.0992569 0.99502 0.00912149 -0.475555 -0.85683 0.0901257 -0.507661 -60.5494 
-0.509994 0.0405504 0.859222 308.243 0.0970219 0.995226 0.0106186 -0.47789 -0.854689 0.0887787 -0.511493 -61.813 
-0.51467 0.0379805 0.856547 310.483 0.0945586 0.995438 0.0126779 -0.469001 -0.852158 0.0875188 -0.515914 -63.1062 
-0.519443 0.0364537 0.853727 312.7 0.092868 0.99558 0.0139939 -0.46595 -0.849444 0.0865529 -0.520532 -64.3978 
-0.523615 0.0362857 0.851182 314.897 0.0931401 0.995542 0.0148565 -0.45899 -0.846848 0.0870582 -0.524661 -65.7007 
-0.52778 0.0377922 0.84854 317.145 0.0958494 0.995278 0.0152893 -0.453273 -0.843955 0.0894015 -0.528911 -67.0369 
-0.531802 0.0398307 0.845931 319.39 0.100412 0.994813 0.0162838 -0.469968 -0.840895 0.093601 -0.533043 -68.3825 
-0.53545 0.0402152 0.843609 321.567 0.10173 0.994664 0.017153 -0.451662 -0.838418 0.0950046 -0.536684 -69.71 
-0.539384 0.0380654 0.841199 323.734 0.10023 0.994778 0.0192531 -0.431049 -0.836073 0.0946981 -0.540383 -71.0518 
-0.543086 0.0361801 0.838897 325.86 0.0982557 0.994946 0.0206986 -0.402619 -0.833909 0.0936676 -0.543896 -72.4121 
-0.547008 0.035907 0.836357 328.041 0.0971715 0.995049 0.0208335 -0.379742 -0.831469 0.0926662 -0.547789 -73.7937 
-0.551051 0.0349084 0.833741 330.22 0.0956786 0.995178 0.0215698 -0.363248 -0.828968 0.0916573 -0.551734 -75.1858 
-0.55521 0.0340496 0.831013 332.473 0.0958721 0.995121 0.0232795 -0.349474 -0.826166 0.092596 -0.555765 -76.6303 
-0.559671 0.0332569 0.828047 334.698 0.0945099 0.995237 0.0239067 -0.316425 -0.823308 0.0916385 -0.560148 -78.0706 
-0.563248 0.0316575 0.825681 336.868 0.0926148 0.995388 0.0250139 -0.300043 -0.821081 0.0905594 -0.563582 -79.5075 
-0.566663 0.0304352 0.823387 339.024 0.0913251 0.99548 0.0260543 -0.278011 -0.818873 0.0899599 -0.566881 -80.9567 
-0.570435 0.0294466 0.820814 341.13 0.091554 0.995409 0.0279164 -0.268001 -0.816224 0.0910734 -0.570512 -82.3554 
-0.574196 0.0284631 0.818223 343.229 0.0917744 0.995334 0.0297794 -0.253292 -0.813558 0.0921912 -0.574129 -83.7634 
-0.577945 0.0274846 0.815612 345.322 0.0919862 0.995257 0.0316433 -0.233882 -0.810875 0.0933132 -0.577732 -85.1807 
-0.58077 0.0273718 0.813607 347.499 0.0892921 0.995546 0.0302458 -0.18113 -0.809156 0.0902146 -0.580628 -86.6951 
-0.583382 0.0246422 0.811824 349.656 0.0870865 0.995675 0.032358 -0.137377 -0.807516 0.089576 -0.583005 -88.1548 
-0.586535 0.0240319 0.809567 351.887 0.0873611 0.995605 0.0337391 -0.0723496 -0.805198 0.0905138 -0.586057 -89.7246 
-0.589603 0.02364 0.807347 354.078 0.0855629 0.995775 0.0333289 -0.00825642 -0.803148 0.0887298 -0.589135 -91.2677 
-0.592483 0.0225012 0.805268 356.22 0.0835787 0.995932 0.0336649 0.0445823 -0.801235 0.0872493 -0.591954 -92.802 
-0.595323 0.019111 0.803259 358.331 0.0816515 0.995981 0.0368185 0.100969 -0.799327 0.0875062 -0.594491 -94.3139 
-0.598614 0.0163511 0.800871 360.365 0.0783275 0.996195 0.0382072 0.154743 -0.797199 0.0856016 -0.597617 -95.779 
-0.601655 0.0156469 0.798603 362.521 0.0766781 0.996322 0.0382473 0.227939 -0.795067 0.084247 -0.600642 -97.3384 
-0.604316 0.0152961 0.796598 364.544 0.0757078 0.996394 0.0383009 0.2809 -0.79314 0.0834545 -0.603295 -98.8649 
-0.607587 0.0149314 0.794113 366.671 0.0754533 0.996386 0.0389956 0.352325 -0.790661 0.0836117 -0.606518 -100.399 
-0.610517 0.0140628 0.791878 368.79 0.074434 0.996436 0.0396911 0.420101 -0.788498 0.0831748 -0.609387 -101.961 
-0.613515 0.0125766 0.789582 370.828 0.0711099 0.996691 0.0393778 0.48292 -0.786474 0.080306 -0.61238 -103.476 
-0.61683 0.00890243 0.787046 372.874 0.0613386 0.997439 0.0367905 0.525402 -0.784702 0.0709698 -0.615797 -105.013 
-0.619905 0.0119576 0.784585 374.961 0.0540634 0.998159 0.0275031 0.57944 -0.782812 0.0594667 -0.61941 -106.602 
-0.621473 0.0221416 0.783123 376.911 0.0646664 0.997639 0.0231113 0.63072 -0.780762 0.0650048 -0.621438 -108.194 
-0.620413 0.0231111 0.783934 379.062 0.0715002 0.99707 0.0271914 0.674785 -0.781009 0.0729213 -0.620248 -109.897 
-0.622459 0.013846 0.78253 381.214 0.0704118 0.99678 0.0383717 0.733253 -0.779479 0.0789842 -0.621429 -111.553 
-0.625312 0.00321345 0.780368 383.33 0.0643306 0.9968 0.0474436 0.811309 -0.777719 0.0798686 -0.623518 -113.195 
-0.629051 -0.00183127 0.777362 385.394 0.0595468 0.996945 0.0505345 0.928664 -0.77508 0.0780782 -0.62702 -114.777 
-0.631541 -0.00213991 0.77534 387.434 0.0588227 0.996982 0.0506647 1.01783 -0.773108 0.0776044 -0.629509 -116.382 
-0.634499 0.00308307 0.772917 389.478 0.0640702 0.99676 0.0486202 1.08301 -0.770263 0.0803705 -0.632641 -117.996 
-0.637926 0.00794155 0.770056 391.418 0.0697148 0.996436 0.0474765 1.11525 -0.766935 0.0839708 -0.636207 -119.508 
-0.640385 0.0108304 0.767978 393.513 0.0706807 0.996489 0.0448847 1.20849 -0.764795 0.0830247 -0.638901 -121.202 
-0.642875 0.0108863 0.765894 395.55 0.0705959 0.996485 0.0450927 1.28296 -0.762711 0.083058 -0.641384 -122.853 
-0.644351 0.0107928 0.764654 397.549 0.0702222 0.996511 0.0451087 1.33962 -0.761499 0.0827615 -0.642861 -124.543 
-0.646376 0.00977469 0.762957 399.673 0.0699145 0.99647 0.046465 1.44286 -0.759809 0.0833756 -0.644777 -126.28 
-0.647566 0.0106154 0.761935 401.633 0.0711558 0.996376 0.0465933 1.51781 -0.75868 0.0843884 -0.645975 -127.935 
-0.64901 0.0106711 0.760705 403.658 0.0713043 0.996353 0.0468578 1.57277 -0.757431 0.0846527 -0.647405 -129.505 
-0.651177 0.0103265 0.758856 405.371 0.0713002 0.996317 0.0476251 1.58141 -0.755569 0.0851189 -0.649515 -130.917 
-0.653389 0.00827133 0.756977 407.104 0.069018 0.996427 0.0486855 1.61356 -0.753869 0.0840556 -0.651626 -132.399 
-0.653745 0.00732197 0.756679 409.066 0.0703451 0.996211 0.051136 1.7046 -0.753438 0.0866586 -0.651784 -134.081 
-0.654513 0.00665745 0.756021 410.945 0.0715943 0.996013 0.0532108 1.77506 -0.752653 0.088954 -0.65238 -135.677 
-0.655167 0.00785745 0.755443 412.465 0.0714293 0.996111 0.0515872 1.89837 -0.7521 0.0877591 -0.65318 -137.126 
-0.656207 0.00740929 0.754544 414.098 0.0672623 0.996545 0.0487105 1.92323 -0.751577 0.0827166 -0.654439 -138.534 
-0.658752 0.00605532 0.752336 415.96 0.06338 0.99686 0.0474726 1.98044 -0.749686 0.0789557 -0.657067 -139.987 
-0.659499 0.00567962 0.751684 417.846 0.0636871 0.996798 0.048345 2.04051 -0.749002 0.0797561 -0.657749 -141.61 
-0.660235 0.00448306 0.751046 419.776 0.0622401 0.996869 0.048764 2.11129 -0.748476 0.0789408 -0.658447 -143.258 
-0.660689 0.00337891 0.750652 421.793 0.0585127 0.997179 0.0470116 2.21175 -0.748375 0.0749828 -0.659023 -144.998 
-0.661777 0.00321841 0.749693 423.822 0.0583545 0.997178 0.0472303 2.29535 -0.747426 0.0750039 -0.660098 -146.708 
-0.661874 0.0018599 0.749613 425.871 0.0583209 0.997094 0.0490207 2.4023 -0.747343 0.0761637 -0.660059 -148.479 
-0.661064 0.000175365 0.75033 427.728 0.0607437 0.99673 0.053284 2.46975 -0.747867 0.080802 -0.658913 -150.135 
-0.660158 0.000415351 0.751126 429.803 0.0666287 0.99609 0.0580085 2.61548 -0.748166 0.0883414 -0.657605 -151.944 
-0.658469 -0.000326506 0.752608 431.805 0.070264 0.995606 0.061907 2.74669 -0.749321 0.093645 -0.655552 -153.684 
-0.65629 -0.00234072 0.754505 433.813 0.0648368 0.996121 0.0594872 2.8746 -0.751718 0.0879606 -0.653593 -155.395 
-0.655204 -0.00343887 0.755444 435.867 0.0567188 0.996943 0.0537309 2.99119 -0.753319 0.0780526 -0.653007 -157.12 
-0.653043 -0.00495253 0.757304 437.884 0.0518849 0.997336 0.0512639 3.10675 -0.755541 0.0727702 -0.651047 -158.82 
-0.649789 -0.00383279 0.760105 439.88 0.0526062 0.997363 0.0500005 3.20481 -0.758292 0.072476 -0.647874 -160.512 
-0.646892 -0.00370831 0.762572 441.927 0.0534839 0.997305 0.0502202 3.30861 -0.760704 0.0732724 -0.64495 -162.218 
-0.64356 -0.00410649 0.765384 443.91 0.0541456 0.997236 0.0508777 3.39357 -0.763478 0.0741851 -0.641559 -163.893 
-0.640672 -0.00292935 0.767809 445.988 0.0523207 0.997502 0.0474628 3.49432 -0.76603 0.0705804 -0.638918 -165.62 
-0.638773 -0.00721614 0.769361 448.029 0.0466753 0.997751 0.0481111 3.58337 -0.767978 0.0666423 -0.637 -167.285 
-0.637007 -0.0133708 0.770742 450.113 0.0383331 0.998063 0.048996 3.67 -0.769904 0.0607557 -0.63526 -168.97 
-0.636721 -0.0166688 0.770914 452.18 0.0315383 0.998367 0.0476351 3.76106 -0.770449 0.0546435 -0.635155 -170.61 
-0.636274 -0.0180228 0.771253 454.257 0.0287819 0.998476 0.0470773 3.84969 -0.770926 0.0521522 -0.634785 -172.268 
-0.6351 -0.018393 0.772211 456.323 0.0298655 0.998384 0.0483427 3.93844 -0.771852 0.0537649 -0.633525 -173.947 
-0.633632 -0.019162 0.773397 458.418 0.0324983 0.998151 0.0513559 4.02681 -0.772951 0.0576749 -0.631838 -175.624 
-0.631693 -0.0211926 0.774929 460.426 0.0308638 0.998146 0.0524559 4.12631 -0.774604 0.0570533 -0.629868 -177.238 
-0.630387 -0.0214841 0.775984 462.437 0.0286609 0.998291 0.0509222 4.22062 -0.775752 0.0543411 -0.628694 -178.855 
-0.629288 -0.0203304 0.776906 464.609 0.0276096 0.998442 0.0484912 4.33416 -0.776681 0.0519651 -0.627747 -180.582 
-0.62814 -0.0187312 0.777875 466.685 0.0288366 0.998463 0.0473287 4.42662 -0.777566 0.0521604 -0.626634 -182.221 
-0.626188 -0.0174261 0.779478 468.746 0.0315604 0.998364 0.0476733 4.54408 -0.779033 0.0544531 -0.624613 -183.87 
-0.624265 -0.0174255 0.781018 470.847 0.0334113 0.998241 0.0489775 4.64562 -0.780498 0.0566698 -0.622585 -185.565 
-0.623065 -0.0173728 0.781977 473.007 0.0337892 0.998222 0.0490995 4.75111 -0.78144 0.0570146 -0.62137 -187.226 
-0.621206 -0.0187451 0.783423 475.068 0.0327259 0.998221 0.0498341 4.85243 -0.782964 0.0565955 -0.619487 -188.841 
-0.618942 -0.0191827 0.785202 476.93 0.0327505 0.998202 0.0502021 4.94071 -0.784753 0.056788 -0.617201 -190.324 
-0.617025 -0.020127 0.786686 479.019 0.03277 0.998149 0.0512398 5.03609 -0.78626 0.057396 -0.615224 -191.95 
-0.615711 -0.0193373 0.787735 481.147 0.032215 0.998245 0.0496848 5.13712 -0.787313 0.0559683 -0.614007 -193.607 
-0.614711 -0.0181343 0.788544 483.266 0.0317136 0.998359 0.0476818 5.25324 -0.788115 0.0543181 -0.613127 -195.262 
-0.611634 -0.0180847 0.790934 485.448 0.0332729 0.998266 0.0485554 5.35856 -0.790441 0.0560148 -0.609972 -197.021 
-0.610104 -0.0193195 0.792086 487.768 0.0321688 0.998274 0.0491266 5.48874 -0.791668 0.0554528 -0.60843 -198.858 
-0.610247 -0.0210443 0.791932 490.02 0.0296854 0.998338 0.0494041 5.60963 -0.791655 0.0536575 -0.608608 -200.522 
-0.610517 -0.0216186 0.791708 492.135 0.0290119 0.998346 0.0496334 5.69114 -0.791471 0.053271 -0.60888 -202.057 
-0.610298 -0.0209455 0.791895 494.194 0.0293118 0.998369 0.0489967 5.78563 -0.79163 0.0531145 -0.608688 -203.621 
-0.610449 -0.0204388 0.791791 496.364 0.0298113 0.998366 0.0487547 5.88177 -0.791494 0.0533666 -0.608843 -205.242 
-0.609733 -0.0220013 0.792301 498.06 0.0297805 0.998273 0.0506391 5.92523 -0.792047 0.0544716 -0.608025 -206.61 
-0.608882 -0.0238876 0.792901 499.71 0.029269 0.998189 0.0525484 5.96048 -0.792721 0.0552032 -0.60708 -207.911 
-0.608029 -0.0257746 0.793496 501.36 0.0287595 0.998102 0.0544581 5.99973 -0.793393 0.0559327 -0.606134 -209.211 
-0.607647 -0.025944 0.793783 503.509 0.0277392 0.998163 0.0538584 6.11926 -0.793722 0.0547459 -0.605811 -210.809 
-0.606277 -0.0250624 0.794859 505.316 0.0283749 0.998185 0.0531162 6.15674 -0.794747 0.0547572 -0.604465 -212.255 
-0.606164 -0.0246655 0.794957 507.31 0.0290377 0.998166 0.0531121 6.23764 -0.794809 0.0552783 -0.604336 -213.755 
-0.605821 -0.025083 0.795205 509.509 0.0290832 0.998137 0.0536408 6.33221 -0.795069 0.0556239 -0.603963 -215.383 
-0.605289 -0.0243649 0.795633 511.698 0.0294909 0.998159 0.0530024 6.45618 -0.795459 0.0555458 -0.603456 -217.008 
-0.604316 -0.0243425 0.796373 513.786 0.02875 0.998216 0.0523287 6.55093 -0.796226 0.0545188 -0.602538 -218.589 
-0.604023 -0.0253424 0.796563 515.883 0.0284117 0.998174 0.0533008 6.65327 -0.79646 0.0548267 -0.6022 -220.136 
-0.603255 -0.0261388 0.79712 518.114 0.0291502 0.998072 0.054789 6.75141 -0.797015 0.056288 -0.60133 -221.817 
-0.60254 -0.0273365 0.79762 520.557 0.0289866 0.998004 0.0561011 6.91361 -0.797562 0.0569234 -0.600545 -223.553 
-0.602397 -0.0267814 0.797747 522.68 0.0290018 0.998043 0.0554054 7.02635 -0.797669 0.0565122 -0.600442 -225.101 
-0.601511 -0.0249831 0.798473 524.311 0.0312144 0.998012 0.0547409 7.10295 -0.798254 0.0578512 -0.599536 -226.383 
-0.600155 -0.0232566 0.799545 525.819 0.0330746 0.998001 0.0538556 7.15992 -0.799199 0.0587664 -0.598186 -227.559 
-0.599928 -0.0241965 0.799688 527.896 0.0325459 0.997977 0.0546122 7.2561 -0.799392 0.05879 -0.597927 -229.073 
-0.59982 -0.0249821 0.799745 529.607 0.0310487 0.998033 0.0544631 7.3545 -0.799532 0.0574991 -0.597865 -230.467 
-0.598977 -0.0244147 0.800394 531.121 0.0311142 0.998071 0.0537289 7.46495 -0.800162 0.057086 -0.597062 -231.876 
-0.598516 -0.0253276 0.80071 533.215 0.0315812 0.997977 0.0551736 7.56656 -0.800488 0.0583097 -0.596505 -233.402 
-0.599006 -0.0270105 0.800289 535.332 0.0312713 0.997879 0.0570855 7.68653 -0.800134 0.0592206 -0.596891 -234.939 
-0.598296 -0.0280589 0.800784 537.087 0.0302629 0.997882 0.0575756 7.78895 -0.800704 0.0586813 -0.59618 -236.467 
-0.596632 -0.0298924 0.801958 538.697 0.0282762 0.997902 0.0582326 7.86368 -0.802017 0.0574198 -0.594535 -237.996 
-0.597304 -0.0280106 0.801525 540.845 0.0278698 0.998061 0.0556476 7.97355 -0.80153 0.0555769 -0.595366 -239.529 
-0.597043 -0.0276164 0.801734 542.983 0.0290172 0.99801 0.0559861 8.08075 -0.801684 0.0566902 -0.595053 -241.082 
-0.597072 -0.0299113 0.80163 544.946 0.0291139 0.997838 0.058917 8.18842 -0.801659 0.0585162 -0.59491 -242.583 
-0.597795 -0.0309167 0.801053 546.915 0.0301475 0.997682 0.0610035 8.28518 -0.801082 0.0606173 -0.595477 -243.991 
-0.598504 -0.0319235 0.800484 549.047 0.0310828 0.997528 0.0630215 8.42982 -0.800517 0.0625999 -0.596032 -245.454 
-0.598411 -0.0311318 0.800584 551.253 0.0319882 0.99752 0.0627 8.56558 -0.800551 0.0631296 -0.595931 -247.066 
-0.598498 -0.0295386 0.800579 553.37 0.0341427 0.997471 0.0623276 8.69214 -0.800396 0.0646369 -0.595976 -248.621 
-0.598292 -0.0299262 0.800719 555.52 0.0339999 0.997454 0.0626834 8.82569 -0.800556 0.0647274 -0.595752 -250.179 
-0.597914 -0.0304832 0.80098 557.623 0.0351602 0.997317 0.0642016 8.9448 -0.800788 0.0665496 -0.595238 -251.716 
-0.596974 -0.0317734 0.801631 559.691 0.0344962 0.997275 0.0652172 9.055 -0.801519 0.0665862 -0.594251 -253.218 
-0.596777 -0.0317552 0.801778 561.807 0.0341554 0.997306 0.0649216 9.18197 -0.80168 0.0661288 -0.594084 -254.685 
-0.595884 -0.0314427 0.802454 563.929 0.0346086 0.997299 0.0647769 9.32184 -0.802324 0.0663714 -0.593187 -256.219 
-0.596301 -0.0325329 0.802101 566.004 0.0343169 0.997232 0.0659592 9.43304 -0.802027 0.0668572 -0.593534 -257.686 
-0.596942 -0.0345228 0.801541 567.52 0.0319163 0.997261 0.0667219 9.48045 -0.801649 0.0654114 -0.594205 -258.824 
-0.597616 -0.0361918 0.800965 569.677 0.0296184 0.997302 0.0671622 9.6242 -0.801235 0.0638606 -0.594932 -260.355 
-0.596572 -0.0356206 0.801769 571.584 0.0295719 0.99736 0.0663137 9.75764 -0.802015 0.0632707 -0.593944 -261.777 
-0.595562 -0.0340581 0.802587 573.495 0.0321018 0.997294 0.0661417 9.84762 -0.802667 0.065156 -0.592857 -263.227 
-0.595697 -0.0332053 0.802523 575.341 0.0332136 0.997272 0.065917 9.90227 -0.802523 0.0659212 -0.592969 -264.363 
-0.594599 -0.0345241 0.80328 577.376 0.032646 0.997217 0.0670242 10.0284 -0.803359 0.0660765 -0.591818 -265.844 
-0.593403 -0.0351578 0.804137 579.5 0.0332133 0.997125 0.0681047 10.1735 -0.80422 0.0671217 -0.590529 -267.389 
-0.592664 -0.0342743 0.80472 581.603 0.0331763 0.997207 0.0669064 10.3196 -0.804766 0.0663506 -0.589872 -268.917 
-0.591203 -0.0345191 0.805784 583.701 0.0331316 0.997201 0.0670278 10.4422 -0.805842 0.0663239 -0.588404 -270.468 
-0.590237 -0.0347212 0.806482 585.754 0.0323833 0.997252 0.0666344 10.5683 -0.80658 0.0654467 -0.587491 -271.941 
-0.588543 -0.0352693 0.807696 587.851 0.0324439 0.997213 0.0671856 10.692 -0.807815 0.0657465 -0.585758 -273.471 
-0.587576 -0.0360254 0.808367 590.02 0.0317422 0.997213 0.0675139 10.838 -0.808546 0.0653289 -0.584795 -274.993 
-0.586859 -0.0370346 0.808842 592.154 0.0301464 0.997261 0.0675346 10.9844 -0.809128 0.064017 -0.584135 -276.483 
-0.587045 -0.0381268 0.808656 594.303 0.0280671 0.997331 0.0673978 11.1228 -0.809067 0.0622622 -0.584409 -277.971 
-0.587377 -0.036705 0.808481 596.43 0.0277652 0.997469 0.0654568 11.2707 -0.808837 0.0608954 -0.584871 -279.465 
-0.587285 -0.0370266 0.808533 598.576 0.0279307 0.997431 0.0659649 11.4162 -0.808898 0.0613231 -0.584742 -280.974 
-0.587126 -0.0385139 0.808579 600.549 0.0281053 0.997295 0.0679106 11.5207 -0.809007 0.0625974 -0.584456 -282.389 
-0.587287 -0.0398929 0.808395 602.605 0.0266855 0.997287 0.068601 11.6625 -0.808939 0.0618609 -0.584629 -283.823 
-0.587128 -0.0413116 0.808439 604.691 0.0253039 0.997272 0.0693379 11.8433 -0.809098 0.0611669 -0.584481 -285.267 
-0.586463 -0.0391956 0.809027 606.807 0.0258679 0.997413 0.067074 11.9924 -0.809563 0.0602642 -0.583932 -286.797 
-0.585886 -0.0379127 0.809506 608.95 0.0263254 0.997487 0.0657698 12.1344 -0.809966 0.0598442 -0.583416 -288.271 
-0.585226 -0.0371232 0.81002 611.283 0.0275885 0.997461 0.0656458 12.3235 -0.810401 0.0607649 -0.582716 -290.01 
-0.584915 -0.0378266 0.810212 613.54 0.027907 0.997382 0.0667118 12.4899 -0.810615 0.0616313 -0.582328 -291.636 
-0.584537 -0.0383458 0.81046 615.677 0.0285901 0.997289 0.0678056 12.6318 -0.810863 0.062806 -0.581856 -293.151 
-0.584483 -0.038935 0.810471 617.856 0.0282795 0.997264 0.0683026 12.7743 -0.810913 0.0628415 -0.581783 -294.676 
-0.584542 -0.0383929 0.810455 620.081 0.0281089 0.997322 0.0675188 12.9344 -0.810877 0.0622485 -0.581897 -296.247 
-0.584188 -0.0377847 0.810738 622.411 0.0276348 0.99741 0.0663972 13.1237 -0.811148 0.061193 -0.581631 -297.845 
-0.584179 -0.0361674 0.810818 625.265 0.0293772 0.99741 0.0656561 13.3881 -0.811093 0.0621745 -0.581603 -299.734 
-0.584168 -0.03455 0.810897 628.12 0.0311195 0.997405 0.0649149 13.6496 -0.811036 0.0631559 -0.581577 -301.622 
-0.584626 -0.0348271 0.810555 630.315 0.0308488 0.997401 0.0651056 13.7951 -0.810716 0.0630671 -0.582033 -303.137 
-0.584185 -0.0354935 0.810844 632.385 0.0297258 0.997437 0.0650777 13.8994 -0.811076 0.0621204 -0.581633 -304.51 
-0.583993 -0.0339751 0.811047 635.016 0.0299932 0.997538 0.0633838 14.1115 -0.811204 0.0613417 -0.581537 -306.354 
-0.583609 -0.0347069 0.811293 637.172 0.0298429 0.997494 0.0641401 14.2301 -0.811486 0.0616441 -0.581111 -307.853 
-0.583579 -0.0342249 0.811334 639.202 0.0313635 0.997416 0.0646336 14.3686 -0.81145 0.0631652 -0.580998 -309.356 
-0.582678 -0.0345682 0.811968 641.361 0.0315177 0.997382 0.0650793 14.4976 -0.812092 0.0635116 -0.580063 -310.873 
-0.581447 -0.033419 0.812898 643.618 0.0315302 0.99748 0.0635601 14.6526 -0.812973 0.0625877 -0.578928 -312.438 
-0.579964 -0.0321812 0.814006 645.735 0.03209 0.997541 0.0623006 14.7795 -0.81401 0.0622536 -0.577506 -313.952 
-0.578688 -0.0312486 0.81495 648.285 0.0336567 0.997499 0.0621475 15.0299 -0.814854 0.0633926 -0.576189 -315.927 
