1 -4.23778e-08 4.22719e-08 0 -4.23778e-08 1 -4.19404e-08 0 4.22719e-08 -4.19404e-08 1 0 
0.999996 -0.00219851 -0.00144277 -0.0171826 0.00220262 0.999993 0.00291293 -0.0195576 0.00143644 -0.00291618 0.999995 1.53791 
0.99999 -0.00321992 -0.00320245 -0.0349497 0.00323204 0.999987 0.00381226 -0.043997 0.00319022 -0.00382266 0.999988 3.04488 
0.999987 -0.00221501 -0.00452238 -0.0731412 0.00223001 0.999992 0.00333516 -0.0557616 0.00451504 -0.00334528 0.999984 4.53578 
0.99998 -0.00190634 -0.00606727 -0.110246 0.00192519 0.999993 0.00311581 -0.0701976 0.00606138 -0.00312752 0.999977 6.02174 
0.999967 -0.00221344 -0.0077869 -0.134142 0.00223944 0.999992 0.00334328 -0.084405 0.00777952 -0.0033607 0.999964 7.53268 
0.999949 -0.00217501 -0.00980653 -0.152412 0.00221158 0.999991 0.0037281 -0.0986469 0.00979841 -0.00374969 0.999945 9.0474 
0.999917 -0.00466195 -0.0119812 -0.175952 0.00470034 0.999984 0.00318493 -0.122956 0.0119662 -0.00324107 0.999923 10.5402 
0.999887 -0.00609904 -0.0137253 -0.209866 0.0061501 0.999974 0.00368714 -0.142438 0.0137025 -0.00377122 0.999899 12.0447 
0.999869 -0.00629454 -0.0149266 -0.255899 0.00634623 0.999974 0.00342369 -0.155003 0.0149047 -0.00351805 0.999883 13.5486 
0.999855 -0.00553843 -0.0161183 -0.298053 0.00559837 0.999977 0.00368116 -0.177705 0.0160976 -0.00377095 0.999863 15.0232 
0.999841 -0.00456939 -0.0172445 -0.336817 0.00463907 0.999981 0.00400788 -0.18948 0.017226 -0.00408732 0.999843 16.5203 
0.999836 -0.00254315 -0.0179525 -0.386021 0.00262866 0.999985 0.00474604 -0.203194 0.0179402 -0.00479253 0.999827 18.0309 
0.999819 -0.00197446 -0.0189034 -0.427142 0.00207885 0.999983 0.00550879 -0.215887 0.0188923 -0.00554717 0.999806 19.5093 
0.999804 -0.00230404 -0.0196594 -0.464162 0.00241044 0.999982 0.00539408 -0.229025 0.0196468 -0.0054405 0.999792 20.9653 
0.999787 -0.00180579 -0.0205379 -0.506882 0.0019192 0.999983 0.00550735 -0.244847 0.0205277 -0.00554568 0.999774 22.4425 
0.999773 -0.00164706 -0.0212579 -0.544388 0.00177612 0.99998 0.00605792 -0.257004 0.0212476 -0.00609439 0.999756 23.9338 
0.999768 -0.000864126 -0.0214966 -0.59343 0.00101674 0.999974 0.00709344 -0.268285 0.02149 -0.00711374 0.999744 25.3983 
0.999763 -0.00105131 -0.0217186 -0.639609 0.00117904 0.999982 0.00587296 -0.283192 0.0217121 -0.00589726 0.999747 26.8396 
0.999758 -0.000584012 -0.0220045 -0.685094 0.000669996 0.999992 0.00390418 -0.294037 0.0220021 -0.00391807 0.99975 28.2802 
0.999757 -0.0020253 -0.0219308 -0.730806 0.00210574 0.999991 0.00364905 -0.306856 0.0219233 -0.00369443 0.999753 29.7025 
0.99975 -0.0031525 -0.0221391 -0.77251 0.00329021 0.999975 0.00619018 -0.317628 0.0221191 -0.00626156 0.999736 31.1442 
0.999741 -0.00542547 -0.0220897 -0.819076 0.00559095 0.999957 0.00744024 -0.333756 0.0220485 -0.0075619 0.999728 32.5401 
0.999733 -0.00597984 -0.0222971 -0.860163 0.0061316 0.999958 0.00674779 -0.343997 0.0222559 -0.0068828 0.999729 33.943 
0.999735 -0.00574019 -0.0222758 -0.896754 0.00584387 0.999972 0.00459598 -0.349323 0.0222489 -0.00472502 0.999741 35.3754 
0.999756 -0.00457306 -0.0215915 -0.949833 0.00466087 0.999981 0.00402229 -0.370617 0.0215728 -0.00412203 0.999759 36.7234 
0.999771 -0.00368911 -0.0210678 -0.998246 0.00375433 0.999988 0.00306103 -0.388248 0.0210563 -0.00313951 0.999773 38.0872 
0.999798 -0.00265203 -0.0199397 -1.04198 0.00272696 0.999989 0.00373561 -0.396425 0.0199297 -0.00378932 0.999794 39.446 
0.999821 -0.00252132 -0.0187462 -1.08361 0.00263048 0.99998 0.00580496 -0.413174 0.0187313 -0.00585332 0.999807 40.7863 
0.999842 -0.00263849 -0.0175827 -1.1178 0.00275564 0.999974 0.00664685 -0.426681 0.0175648 -0.00669434 0.999823 42.1036 
0.999877 -0.00210926 -0.0155441 -1.1582 0.00222108 0.999972 0.00718546 -0.439793 0.0155286 -0.00721919 0.999853 43.4065 
0.999917 -0.00255315 -0.0126532 -1.18477 0.00263655 0.999975 0.00658498 -0.454571 0.0126361 -0.00661788 0.999898 44.695 
0.999951 -0.0028693 -0.00946053 -1.19385 0.002914 0.999985 0.00472357 -0.458609 0.00944691 -0.00475099 0.999944 45.9933 
0.999975 -0.00311167 -0.00633867 -1.21457 0.0031288 0.999991 0.00270746 -0.469459 0.00633027 -0.00272731 0.999976 47.2499 
0.999994 -0.00270592 -0.0021608 -1.2372 0.00271265 0.999991 0.00315583 -0.483629 0.00215233 -0.00316175 0.999993 48.4787 
0.999993 -0.0023838 0.0029107 -1.24399 0.00237492 0.999993 0.00302001 -0.501586 -0.0029178 -0.00301316 0.999991 49.7038 
0.999961 -0.00117276 0.00876491 -1.24229 0.00115636 0.999998 0.00186686 -0.513805 -0.00876699 -0.00185673 0.99996 50.9074 
0.99987 -4.17613e-05 0.0161464 -1.2432 8.6247e-06 0.999998 0.00204704 -0.533697 -0.0161463 -0.00204672 0.999867 52.1021 
0.99971 0.000779922 0.024064 -1.22182 -0.000847829 0.999996 0.00280833 -0.54537 -0.0240616 -0.002828 0.999706 53.2998 
0.999415 0.00288848 0.0340751 -1.19552 -0.00299926 0.99999 0.00319801 -0.557618 -0.0340654 -0.00329843 0.999414 54.4766 
0.998891 0.00549084 0.0467628 -1.15473 -0.00563643 0.99998 0.00298012 -0.568335 -0.0467454 -0.00324047 0.998901 55.6441 
0.998085 0.00725721 0.0614352 -1.1054 -0.00749274 0.999965 0.00360278 -0.589374 -0.0614068 -0.00405628 0.998104 56.7849 
0.996965 0.00959232 0.0772509 -1.0305 -0.00998353 0.999939 0.00467838 -0.599949 -0.0772013 -0.0054355 0.997001 57.9225 
0.995458 0.00932777 0.0947388 -0.941644 -0.00989324 0.999936 0.00549979 -0.617456 -0.0946813 -0.00641216 0.995487 59.0244 
0.993472 0.00893988 0.113724 -0.828283 -0.00953745 0.999943 0.00471076 -0.629187 -0.113676 -0.00576473 0.993501 60.1291 
0.990971 0.0080136 0.133839 -0.69971 -0.00860775 0.999955 0.00386056 -0.642929 -0.133802 -0.00497783 0.990995 61.2172 
0.987919 0.00518049 0.154882 -0.547365 -0.00581126 0.999976 0.00361951 -0.655073 -0.15486 -0.00447592 0.987926 62.2803 
0.98435 0.000180162 0.176224 -0.367739 -0.00121166 0.999983 0.00574524 -0.666787 -0.17622 -0.00586892 0.984333 63.3301 
0.979922 -0.00529848 0.199311 -0.162769 0.00394176 0.999966 0.0072028 -0.678891 -0.199342 -0.00627262 0.97991 64.3726 
0.974772 -0.0107575 0.222944 0.0645724 0.00947613 0.999932 0.00681602 -0.69235 -0.223003 -0.00453148 0.974807 65.3923 
0.968674 -0.0167841 0.247768 0.320606 0.0159571 0.999858 0.00534542 -0.702997 -0.247823 -0.00122438 0.968804 66.3861 
0.961537 -0.0204816 0.27391 0.594871 0.0195265 0.99979 0.0062129 -0.714827 -0.27398 -0.000625508 0.961735 67.3622 
0.953329 -0.0233988 0.301025 0.894229 0.0217759 0.999725 0.00874565 -0.727277 -0.301147 -0.00178247 0.953576 68.324 
0.94405 -0.0278507 0.328623 1.21859 0.0254376 0.999609 0.0116405 -0.733656 -0.328818 -0.00262997 0.944389 69.2726 
0.933523 -0.030961 0.357177 1.56774 0.0287083 0.99952 0.0116081 -0.741029 -0.357365 -0.000582595 0.933965 70.1934 
0.921802 -0.0303442 0.386472 1.94038 0.0296035 0.999531 0.00786938 -0.745499 -0.38653 0.00418685 0.922267 71.1174 
0.909179 -0.0314574 0.415215 2.3399 0.0334267 0.999438 0.00252603 -0.750779 -0.415061 0.0115826 0.90972 71.9975 
0.895367 -0.0334421 0.444071 2.75957 0.0370569 0.999313 0.000539425 -0.761691 -0.443784 0.0159728 0.895991 72.8519 
0.880124 -0.0340794 0.473518 3.20872 0.036603 0.999322 0.00388783 -0.771422 -0.47333 0.0139104 0.880775 73.697 
0.862856 -0.0328674 0.504379 3.67902 0.0322393 0.99943 0.00997408 -0.783635 -0.50442 0.00765459 0.863424 74.5283 
0.843742 -0.0330789 0.535729 4.18449 0.0305568 0.999441 0.0135858 -0.790889 -0.535879 0.00490724 0.84428 75.3365 
0.823059 -0.0267876 0.567323 4.70575 0.0263792 0.999612 0.00892876 -0.797 -0.567342 0.00761656 0.823447 76.1161 
0.801677 -0.0200145 0.597423 5.25557 0.0236006 0.99972 0.00182244 -0.798814 -0.597292 0.0126385 0.801924 76.8659 
0.779669 -0.0175305 0.625946 5.82952 0.0227212 0.999742 -0.000302248 -0.80054 -0.625779 0.0144579 0.779866 77.5948 
0.756717 -0.0201259 0.653433 6.42872 0.0238723 0.99971 0.00314555 -0.812891 -0.653307 0.0132186 0.756978 78.2955 
0.73254 -0.0202211 0.680423 7.04044 0.0238394 0.999708 0.00404415 -0.827427 -0.680306 0.0132584 0.732808 78.968 
0.707629 -0.0183161 0.706346 7.68015 0.0245162 0.999698 0.00136212 -0.837444 -0.706158 0.016353 0.707865 79.6167 
0.681772 -0.0159479 0.731391 8.33043 0.0243503 0.999703 -0.000900118 -0.846787 -0.731159 0.0184232 0.681958 80.2349 
0.655128 -0.0135807 0.755395 8.99899 0.0228717 0.999737 -0.00186241 -0.856233 -0.755171 0.0184972 0.655266 80.8277 
0.627449 -0.0119672 0.778566 9.69224 0.0225777 0.999741 -0.00282877 -0.869591 -0.77833 0.0193531 0.627557 81.4008 
0.598847 -0.00558063 0.800844 10.4116 0.0214697 0.999728 -0.00908799 -0.882762 -0.800575 0.0226362 0.598804 81.9564 
0.56915 0.00357452 0.822226 11.152 0.0204369 0.99962 -0.0184924 -0.901663 -0.821979 0.0273287 0.568861 82.4779 
0.538696 0.0117837 0.842418 11.912 0.0196209 0.999455 -0.0265274 -0.923084 -0.842272 0.0308191 0.538171 82.9734 
0.507066 0.0165162 0.861749 12.6977 0.0171292 0.999426 -0.0292341 -0.950994 -0.861737 0.0295846 0.506492 83.4529 
0.474747 0.0164688 0.879968 13.5119 0.0150241 0.999527 -0.0268121 -0.977174 -0.879994 0.0259497 0.474275 83.9086 
0.442152 0.0153389 0.896809 14.3363 0.0105854 0.999695 -0.0223176 -1.00752 -0.896878 0.0193608 0.441854 84.322 
0.40805 0.0166518 0.912808 15.1849 0.00614567 0.999761 -0.0209855 -1.03863 -0.912939 0.0141729 0.40785 84.7173 
0.373082 0.0199158 0.927584 16.0496 -0.000727296 0.999775 -0.0211734 -1.063 -0.927798 0.00722476 0.373013 85.0853 
0.337308 0.0217239 0.941144 16.9302 -0.00559874 0.999762 -0.0210704 -1.09208 -0.941378 0.00183798 0.337349 85.4263 
0.301351 0.0212044 0.953278 17.8334 -0.00793718 0.999774 -0.0197296 -1.11727 -0.95348 -0.00162081 0.301451 85.7285 
0.265583 0.0205854 0.963868 18.7444 -0.00893746 0.999782 -0.0188899 -1.14561 -0.964046 -0.00359771 0.265709 85.9917 
0.229931 0.0200831 0.973 19.6755 -0.00796105 0.999792 -0.018755 -1.17105 -0.973174 -0.00343375 0.230044 86.215 
0.194515 0.0187685 0.98072 20.6153 -0.00594729 0.999821 -0.0179546 -1.1948 -0.980881 -0.0023402 0.194591 86.4083 
0.159964 0.0177771 0.986963 21.5651 0.00189053 0.99983 -0.0183154 -1.22286 -0.987121 0.00479568 0.159903 86.5656 
0.126522 0.0210956 0.991739 22.5278 0.00424089 0.999753 -0.0218072 -1.25235 -0.991955 0.00696495 0.126402 86.6889 
0.0935331 0.0265965 0.995261 23.4941 0.00471801 0.99962 -0.0271565 -1.27668 -0.995605 0.00723567 0.093372 86.7929 
0.0647384 0.029965 0.997452 24.4531 0.0117633 0.999457 -0.0307888 -1.31234 -0.997833 0.0137265 0.0643507 86.8534 
0.0389693 0.0282961 0.99884 25.4375 0.0133033 0.999496 -0.0288338 -1.34542 -0.999152 0.0144115 0.0385733 86.9016 
0.0169737 0.0254388 0.999532 26.4234 0.0156097 0.999548 -0.0257043 -1.37866 -0.999734 0.0160387 0.016569 86.9198 
-0.00169811 0.0223242 0.999749 27.3961 0.0157057 0.999628 -0.0222949 -1.41886 -0.999875 0.0156639 -0.0020481 86.929 
-0.0182621 0.0255858 0.999506 28.3798 0.0171602 0.999533 -0.025273 -1.4514 -0.999686 0.0166901 -0.0186927 86.9186 
-0.0329676 0.0299405 0.999008 29.3657 0.0202032 0.999367 -0.0292847 -1.48237 -0.999252 0.0192177 -0.0335516 86.8938 
-0.0450345 0.0350106 0.998372 30.3494 0.0245742 0.999122 -0.0339285 -1.51902 -0.998683 0.0230062 -0.0458553 86.8538 
-0.0538693 0.0383823 0.99781 31.3404 0.0297003 0.99888 -0.0368201 -1.5629 -0.998106 0.0276517 -0.054949 86.8036 
-0.0596982 0.0435127 0.997268 32.3376 0.0337885 0.998565 -0.0415468 -1.60973 -0.997644 0.0312159 -0.0610828 86.7461 
-0.0630454 0.0484973 0.996832 33.3422 0.0356185 0.998292 -0.0463156 -1.65654 -0.997375 0.0325857 -0.0646651 86.6862 
-0.0656014 0.0522927 0.996475 34.3417 0.0381604 0.998027 -0.049862 -1.71435 -0.997116 0.0347549 -0.0674674 86.6207 
-0.0681732 0.054979 0.996157 35.3521 0.0377479 0.997908 -0.0524923 -1.78201 -0.996959 0.0340243 -0.0701059 86.5598 
-0.0703669 0.0582939 0.995816 36.3597 0.0391775 0.997682 -0.0556349 -1.84559 -0.996751 0.0350987 -0.0724876 86.4916 
-0.0721938 0.0619761 0.995463 37.3757 0.0400122 0.997444 -0.0591977 -1.90851 -0.996588 0.035557 -0.074489 86.4258 
-0.0742998 0.0632177 0.99523 38.3951 0.0431605 0.997257 -0.0601243 -1.9791 -0.996301 0.0384874 -0.0768245 86.3531 
-0.0761556 0.0620478 0.995163 39.4084 0.0430237 0.997337 -0.058891 -2.04447 -0.996167 0.0383308 -0.0786223 86.2805 
-0.0782536 0.0618236 0.995015 40.4381 0.0426483 0.997369 -0.0586158 -2.11446 -0.996021 0.0378488 -0.0806844 86.2094 
-0.0803374 0.0632008 0.994762 41.4648 0.0429838 0.997279 -0.0598894 -2.18309 -0.99584 0.0379473 -0.0828354 86.1329 
-0.0825094 0.0655165 0.994434 42.4952 0.0418655 0.997184 -0.0622241 -2.24895 -0.99571 0.0364984 -0.0850199 86.0565 
-0.0844788 0.0679899 0.994103 43.5323 0.0405732 0.997077 -0.0647455 -2.32095 -0.995599 0.0348643 -0.0869904 85.9683 
-0.0868777 0.0716327 0.99364 44.5787 0.0382549 0.996916 -0.0685241 -2.39536 -0.995484 0.0320584 -0.0893501 85.8918 
-0.088556 0.0758196 0.993181 45.6249 0.0350958 0.996717 -0.0729603 -2.47648 -0.995453 0.0283955 -0.0909262 85.8021 
-0.0910742 0.0780919 0.992777 46.6598 0.0328913 0.996612 -0.0753763 -2.56009 -0.995301 0.025789 -0.0933343 85.7212 
-0.0934483 0.0768374 0.992655 47.7087 0.0309198 0.996761 -0.0742445 -2.63888 -0.995144 0.0237547 -0.0955214 85.6313 
-0.0963207 0.0726893 0.992692 48.759 0.0276451 0.99714 -0.0703327 -2.72238 -0.994966 0.0206686 -0.0980548 85.5496 
-0.098317 0.0712568 0.992601 49.8204 0.0279286 0.997238 -0.0688234 -2.80096 -0.994763 0.0209554 -0.100036 85.4548 
-0.10012 0.0718019 0.992381 50.8799 0.0271481 0.997218 -0.069413 -2.88099 -0.994605 0.0199917 -0.101791 85.3588 
-0.101337 0.0746839 0.992045 51.943 0.0287263 0.996982 -0.0721213 -2.96128 -0.994437 0.0211893 -0.103176 85.2606 
-0.102033 0.0773505 0.991769 52.9971 0.0289495 0.996781 -0.0747632 -3.0435 -0.99436 0.0210829 -0.103944 85.1607 
-0.102302 0.0782706 0.991669 54.0539 0.0278004 0.996735 -0.0758026 -3.12746 -0.994365 0.0198141 -0.104144 85.0661 
-0.102038 0.0772085 0.99178 55.1204 0.0249967 0.996868 -0.0750329 -3.21371 -0.994466 0.017135 -0.103648 84.9732 
-0.102009 0.0763457 0.991849 56.1821 0.0208455 0.996996 -0.074598 -3.30615 -0.994565 0.013066 -0.103294 84.8839 
-0.101855 0.0776278 0.991766 57.2549 0.0169078 0.996942 -0.0762966 -3.3939 -0.994655 0.00899736 -0.102856 84.7902 
-0.101934 0.0779753 0.99173 58.3294 0.0122543 0.996946 -0.0771259 -3.48273 -0.994716 0.00429127 -0.102578 84.6977 
-0.102083 0.0774837 0.991754 59.4131 0.00924674 0.996993 -0.0769413 -3.5731 -0.994733 0.00131612 -0.102492 84.6026 
-0.102377 0.0725079 0.992099 60.5068 0.00962416 0.997365 -0.0718997 -3.65714 -0.994699 0.00218724 -0.102805 84.5062 
-0.102668 0.0637515 0.992671 61.5962 0.0128915 0.997945 -0.062757 -3.73951 -0.994632 0.00635385 -0.103279 84.4023 
-0.102612 0.0581752 0.993019 62.6941 0.0179793 0.998234 -0.0566229 -3.81972 -0.994559 0.0120436 -0.103477 84.2981 
-0.101596 0.0602338 0.993001 63.7897 0.0263946 0.997977 -0.0578352 -3.89159 -0.994475 0.0203341 -0.10298 84.1826 
-0.100686 0.0658888 0.992734 64.8818 0.0319201 0.997505 -0.0629681 -3.96183 -0.994406 0.0253482 -0.102538 84.0815 
-0.0997892 0.07146 0.992439 65.9899 0.0354357 0.99704 -0.0682284 -4.0391 -0.994377 0.0283593 -0.102026 83.9768 
-0.0989943 0.0758004 0.992197 67.1021 0.0363912 0.996703 -0.0725139 -4.11967 -0.994422 0.0289288 -0.101426 83.8725 
-0.0988346 0.0731113 0.992414 68.2319 0.0333175 0.996981 -0.0701297 -4.20227 -0.994546 0.0261336 -0.100972 83.7835 
-0.0983113 0.0685284 0.992793 69.3721 0.0323508 0.997319 -0.0656374 -4.28709 -0.99463 0.0256647 -0.100265 83.6764 
-0.0981629 0.0665501 0.992943 70.5061 0.0299263 0.997508 -0.0638976 -4.36868 -0.99472 0.0234427 -0.0999099 83.5805 
-0.0983548 0.0673573 0.992869 71.6482 0.0276836 0.997506 -0.0649295 -4.44895 -0.994766 0.0211001 -0.0999742 83.4893 
-0.0978593 0.0726887 0.992542 72.7839 0.02893 0.997115 -0.0701714 -4.53047 -0.99478 0.0218473 -0.0996799 83.3861 
-0.0969496 0.0753292 0.992434 73.9262 0.0287074 0.996928 -0.072866 -4.61707 -0.994875 0.0214259 -0.0988143 83.2828 
-0.0966994 0.0744173 0.992528 75.0827 0.0290885 0.996986 -0.0719177 -4.70157 -0.994888 0.0219168 -0.0985727 83.1838 
-0.096037 0.0679165 0.993058 76.2361 0.030876 0.997393 -0.0652271 -4.78277 -0.994899 0.0243975 -0.0978836 83.0845 
-0.0966701 0.0660355 0.993123 77.3785 0.0303122 0.997529 -0.063378 -4.86971 -0.994855 0.023977 -0.0984329 82.9906 
-0.0959019 0.0692207 0.992981 78.5356 0.028065 0.99737 -0.0668162 -4.94891 -0.994995 0.0214603 -0.0975924 82.8928 
-0.0956419 0.0722987 0.992787 79.7029 0.0279021 0.997162 -0.0699294 -5.03183 -0.995025 0.0210126 -0.0973877 82.7981 
-0.0957871 0.0718177 0.992808 80.8776 0.0271401 0.997211 -0.0695179 -5.11788 -0.995032 0.020286 -0.0974691 82.7024 
-0.0956365 0.0687502 0.993039 82.0545 0.0268671 0.997427 -0.0664665 -5.19987 -0.995054 0.0203235 -0.0972376 82.6016 
-0.0942559 0.0675681 0.993252 83.246 0.0278746 0.997482 -0.0652107 -5.28418 -0.995158 0.0215401 -0.095902 82.4924 
-0.0927404 0.0683644 0.993341 84.4365 0.0295638 0.997389 -0.0658829 -5.36416 -0.995251 0.023257 -0.0945194 82.3823 
-0.0909717 0.0685738 0.99349 85.6452 0.032554 0.997298 -0.0658558 -5.44777 -0.995321 0.0263511 -0.0929582 82.265 
-0.0899683 0.068323 0.993598 86.8349 0.0321973 0.997322 -0.0656637 -5.52832 -0.995424 0.0260835 -0.0919272 82.175 
-0.0881735 0.0688279 0.993724 88.0473 0.0338679 0.99724 -0.0660664 -5.61683 -0.995529 0.0278301 -0.0902612 82.0738 
-0.0872148 0.0674095 0.993906 89.2524 0.0340072 0.997328 -0.0646576 -5.69771 -0.995609 0.0281608 -0.0892742 81.9805 
-0.0864081 0.0665136 0.994037 90.4664 0.0329547 0.997414 -0.063875 -5.7863 -0.995715 0.0272388 -0.0883766 81.8969 
-0.0851921 0.0659073 0.994182 91.6921 0.0339321 0.997423 -0.0632145 -5.86956 -0.995787 0.0283494 -0.0872089 81.8055 
-0.0832571 0.0666951 0.994294 92.9149 0.031915 0.997424 -0.0642328 -5.95938 -0.996017 0.0263851 -0.0851712 81.7154 
-0.0817432 0.0695479 0.994224 94.1493 0.032388 0.997221 -0.0670947 -6.0428 -0.996127 0.0267164 -0.0837685 81.627 
-0.0806381 0.06831 0.9944 95.3852 0.0297877 0.997368 -0.0660984 -6.13169 -0.996298 0.0242909 -0.0824606 81.5425 
-0.0801113 0.0670607 0.994527 96.6239 0.0261379 0.997533 -0.0651579 -6.22205 -0.996443 0.020775 -0.0816665 81.4607 
-0.0799699 0.0682917 0.994455 97.8679 0.023502 0.997502 -0.0666111 -6.30832 -0.99652 0.0180449 -0.0813751 81.3802 
-0.080327 0.0679794 0.994448 99.1085 0.0207025 0.99757 -0.0665206 -6.39338 -0.996553 0.0152441 -0.0815392 81.3003 
-0.081192 0.0651585 0.994566 100.364 0.0179429 0.997795 -0.0639053 -6.48837 -0.996537 0.0126568 -0.0821821 81.2151 
-0.0824484 0.0638819 0.994546 101.617 0.01595 0.9979 -0.0627752 -6.57611 -0.996468 0.0106873 -0.0832942 81.1296 
-0.0837654 0.0632745 0.994474 102.879 0.0142531 0.997956 -0.0622956 -6.66322 -0.996383 0.00895611 -0.0844961 81.0408 
-0.0850149 0.0634286 0.994359 104.135 0.0145352 0.997944 -0.0624147 -6.75266 -0.996274 0.00914699 -0.0857621 80.9451 
-0.0870921 0.0621022 0.994263 105.398 0.0142059 0.998031 -0.0610933 -6.83722 -0.996099 0.00880363 -0.0878029 80.8437 
-0.0901312 0.0575795 0.994264 106.663 0.0110895 0.998323 -0.0568094 -6.92089 -0.995868 0.00590555 -0.0906186 80.7477 
-0.0943091 0.0577613 0.993866 107.92 0.0106237 0.998317 -0.057012 -7.00106 -0.995486 0.00518183 -0.094764 80.642 
-0.100108 0.0639692 0.992918 109.159 0.00512864 0.997951 -0.0637765 -7.08343 -0.994963 -0.00129223 -0.100231 80.5457 
-0.107332 0.0671985 0.99195 110.39 0.00567948 0.997738 -0.0669762 -7.1704 -0.994207 -0.00155489 -0.107471 80.4361 
-0.115805 0.0631452 0.991263 111.637 0.00772823 0.998004 -0.0626719 -7.26274 -0.993242 0.000403027 -0.116062 80.2974 
-0.12647 0.0609158 0.990098 112.893 0.0104936 0.998139 -0.0600702 -7.35974 -0.991915 0.00279266 -0.126874 80.1463 
-0.139654 0.0615441 0.988286 114.137 0.01008 0.998103 -0.0607312 -7.44765 -0.990149 0.00148057 -0.14001 79.9922 
-0.153945 0.0618053 0.986144 115.364 0.0120331 0.998085 -0.0606753 -7.53163 -0.988006 0.00252571 -0.154394 79.8168 
-0.167971 0.0597086 0.983982 116.582 0.0128099 0.998212 -0.0583855 -7.6159 -0.985709 0.00279767 -0.168436 79.6213 
-0.183381 0.0621794 0.981073 117.78 0.017182 0.998048 -0.0600437 -7.70122 -0.982892 0.00584597 -0.184091 79.4083 
-0.198578 0.0656132 0.977886 118.971 0.0182849 0.997831 -0.0632384 -7.78831 -0.979914 0.00532287 -0.199347 79.1813 
-0.213997 0.0695096 0.974358 120.146 0.0180697 0.997576 -0.0671974 -7.87561 -0.976667 0.00322638 -0.214734 78.947 
-0.230049 0.0677328 0.970819 121.33 0.0144723 0.997703 -0.0661791 -7.96185 -0.973071 -0.00117445 -0.230501 78.6888 
-0.245595 0.0623336 0.967366 122.521 0.00935123 0.998036 -0.0619358 -8.05165 -0.969327 -0.00616504 -0.245696 78.4006 
-0.261344 0.0584797 0.963472 123.688 0.00553109 0.998237 -0.0590896 -8.13788 -0.96523 -0.0101137 -0.261207 78.1096 
-0.276239 0.0599681 0.959216 124.855 0.00391518 0.998113 -0.0612724 -8.22205 -0.961081 -0.0131703 -0.275953 77.7935 
-0.291074 0.0619402 0.954693 126.008 0.00319954 0.997959 -0.0637719 -8.30467 -0.956695 -0.0155077 -0.290678 77.4709 
-0.304783 0.0645779 0.95023 127.152 0.00545398 0.997801 -0.0660615 -8.38896 -0.952406 -0.0149518 -0.304464 77.1186 
-0.318926 0.0642838 0.945597 128.296 0.00744398 0.997836 -0.0653246 -8.48157 -0.94775 -0.0137947 -0.318714 76.748 
-0.333073 0.0625087 0.940827 129.442 0.00731094 0.997941 -0.0637152 -8.56829 -0.942872 -0.0143435 -0.332845 76.3616 
-0.347155 0.0612297 0.935807 130.569 0.007094 0.998009 -0.062668 -8.65725 -0.937781 -0.0151169 -0.346898 75.953 
-0.362107 0.0625501 0.930035 131.691 0.00577445 0.997877 -0.0648646 -8.74673 -0.932119 -0.0181175 -0.361699 75.5385 
-0.376825 0.0650218 0.923999 132.804 0.00688918 0.997702 -0.0673988 -8.83005 -0.926259 -0.019032 -0.376407 75.1009 
-0.391608 0.0669449 0.917693 133.903 0.0083406 0.997567 -0.0692125 -8.91779 -0.920094 -0.0194501 -0.391214 74.6531 
-0.406286 0.0696926 0.911084 135 0.0110245 0.997388 -0.0713782 -9.00703 -0.913679 -0.0189557 -0.405994 74.1813 
-0.420789 0.0734396 0.904181 136.093 0.0109058 0.997055 -0.0759077 -9.10062 -0.907093 -0.0220803 -0.420351 73.6825 
-0.435846 0.0759343 0.896812 137.187 0.0123223 0.996845 -0.0784156 -9.19665 -0.899937 -0.0231263 -0.435407 73.1665 
-0.451385 0.0732793 0.889315 138.279 0.0108435 0.996999 -0.0766487 -9.29681 -0.892263 -0.0249548 -0.450826 72.6396 
-0.467397 0.069064 0.881346 139.375 0.00787223 0.997229 -0.0739701 -9.3943 -0.884012 -0.0276352 -0.466646 72.0842 
-0.483683 0.0694583 0.872483 140.456 0.00726917 0.99713 -0.0753518 -9.48772 -0.875213 -0.0301041 -0.4828 71.5108 
-0.499709 0.0684872 0.863481 141.518 0.00595406 0.997117 -0.0756409 -9.58476 -0.866173 -0.0326572 -0.498677 70.9207 
-0.515626 0.0675888 0.854144 142.585 0.0055325 0.997126 -0.0755632 -9.68531 -0.856796 -0.0342368 -0.514517 70.3034 
-0.531242 0.0674476 0.844531 143.634 0.00428668 0.997027 -0.0769301 -9.78481 -0.847209 -0.0372483 -0.529952 69.6652 
-0.546888 0.0667436 0.834541 144.682 0.00402843 0.997015 -0.0770979 -9.88883 -0.837196 -0.038802 -0.545525 69.0089 
-0.56228 0.0642624 0.824446 145.725 0.00354843 0.997154 -0.0753043 -9.98729 -0.826939 -0.0394166 -0.560908 68.3242 
-0.57781 0.0607481 0.813907 146.756 0.00346775 0.9974 -0.0719818 -10.0855 -0.816164 -0.0387693 -0.576518 67.6263 
-0.59303 0.0591089 0.803008 147.783 0.00440835 0.997525 -0.0701716 -10.1862 -0.805168 -0.0380739 -0.591823 66.8983 
-0.60818 0.0574465 0.791718 148.79 0.00342725 0.997559 -0.0697496 -10.2811 -0.793792 -0.0397069 -0.606892 66.1596 
-0.623439 0.0584967 0.77968 149.79 0.00183709 0.997304 -0.0733553 -10.3794 -0.78187 -0.0443002 -0.621866 65.393 
-0.639035 0.0582671 0.766968 150.775 -0.000213605 0.997113 -0.0759295 -10.4772 -0.769178 -0.0486854 -0.637178 64.6091 
-0.655323 0.0551112 0.753336 151.76 -0.00215013 0.997195 -0.0748214 -10.5781 -0.755346 -0.0506519 -0.653366 63.7955 
-0.672437 0.0478337 0.738607 152.735 -0.00562136 0.997551 -0.0697212 -10.6793 -0.740133 -0.0510351 -0.670521 62.971 
-0.689887 0.0452543 0.722501 153.702 -0.00709946 0.997573 -0.0692627 -10.7745 -0.723882 -0.0529128 -0.687892 62.0804 
-0.707867 0.0426978 0.705054 154.628 -0.00881862 0.997559 -0.0692656 -10.8695 -0.706291 -0.0552484 -0.705762 61.1983 
-0.726228 0.0388859 0.686353 155.534 -0.0122053 0.997512 -0.0694294 -10.9675 -0.687345 -0.0587987 -0.723947 60.3001 
-0.743473 0.0367248 0.667757 156.423 -0.0122425 0.997576 -0.0684947 -11.0672 -0.668654 -0.059099 -0.741221 59.3548 
-0.760135 0.0387938 0.648606 157.281 -0.0105875 0.997344 -0.0720603 -11.1626 -0.649679 -0.0616427 -0.757706 58.3977 
-0.775645 0.0383563 0.630003 158.108 -0.00743231 0.997527 -0.0698828 -11.2591 -0.631126 -0.0588866 -0.773442 57.4102 
-0.790393 0.0397284 0.611311 158.906 -0.0033854 0.997596 -0.0692098 -11.3584 -0.612591 -0.0567725 -0.788358 56.3879 
-0.805211 0.0409664 0.591572 159.677 -0.00172537 0.997445 -0.0714217 -11.4615 -0.592986 -0.0585302 -0.803083 55.3715 
-0.819389 0.0426611 0.571648 160.432 -0.000879597 0.997132 -0.075675 -11.5635 -0.573237 -0.0625101 -0.817002 54.3372 
-0.832781 0.0432947 0.551907 161.17 0.00158292 0.997119 -0.0758313 -11.6639 -0.5536 -0.0622772 -0.830451 53.2499 
-0.845103 0.0410163 0.533027 161.878 0.0024391 0.997338 -0.0728778 -11.7746 -0.534598 -0.0602892 -0.842953 52.1708 
-0.856097 0.0425378 0.515061 162.556 0.00487336 0.997227 -0.0742586 -11.882 -0.516792 -0.0610625 -0.853931 51.0742 
-0.866069 0.0453666 0.497861 163.208 0.0075452 0.996947 -0.0777193 -11.9848 -0.499867 -0.0635539 -0.863767 49.9833 
-0.875443 0.0434069 0.481369 163.85 0.00606331 0.996867 -0.0788644 -12.0971 -0.483284 -0.0661225 -0.872963 48.872 
-0.884285 0.0407114 0.46517 164.477 0.00488432 0.996944 -0.0779668 -12.2098 -0.466923 -0.0666728 -0.881781 47.7519 
-0.892087 0.0387276 0.450201 165.113 0.00375492 0.996921 -0.0783176 -12.3206 -0.451848 -0.0681756 -0.889486 46.5998 
-0.899419 0.0363543 0.435574 165.72 0.00288298 0.997007 -0.0772602 -12.4474 -0.437079 -0.0682335 -0.896831 45.454 
-0.906289 0.0337724 0.421306 166.321 0.00154572 0.997061 -0.0766006 -12.5535 -0.422655 -0.0687711 -0.903678 44.2836 
-0.912474 0.0282274 0.408159 166.882 -0.00169412 0.997348 -0.0727617 -12.663 -0.409131 -0.0670846 -0.910006 43.1085 
-0.917981 0.0246774 0.395855 167.419 -0.00307419 0.99759 -0.0693182 -12.7672 -0.396611 -0.0648498 -0.915693 41.9354 
-0.922552 0.024917 0.385067 167.927 -0.00059124 0.99782 -0.0659838 -12.8643 -0.385872 -0.0611012 -0.920527 40.7574 
-0.926088 0.0286912 0.376215 168.434 0.00334853 0.99769 -0.067844 -12.9576 -0.377293 -0.0615697 -0.924045 39.5697 
-0.928322 0.0345034 0.370172 168.912 0.00934545 0.997535 -0.0695426 -13.0508 -0.37166 -0.0610985 -0.926356 38.3849 
-0.930381 0.0381302 0.364606 169.386 0.0127352 0.997337 -0.0718037 -13.152 -0.366373 -0.0621614 -0.928389 37.203 
-0.932146 0.0353202 0.360356 169.867 0.0105547 0.997458 -0.0704632 -13.2515 -0.361929 -0.0618785 -0.930149 36.0025 
-0.93422 0.0280118 0.355596 170.354 0.00448001 0.997754 -0.0668275 -13.3508 -0.35667 -0.0608385 -0.932247 34.8023 
-0.936165 0.0220278 0.350869 170.831 -0.000799581 0.997899 -0.0647822 -13.4492 -0.351559 -0.0609274 -0.934181 33.6036 
-0.937903 0.0153159 0.34656 171.3 -0.00817782 0.997771 -0.0662276 -13.5433 -0.346802 -0.0649491 -0.935687 32.4008 
-0.939403 0.0131271 0.342563 171.77 -0.0112643 0.997545 -0.0691158 -13.6362 -0.34263 -0.0687863 -0.936949 31.2011 
-0.940399 0.0129869 0.339826 172.236 -0.0120797 0.997364 -0.0715436 -13.7326 -0.33986 -0.0713845 -0.937763 30.0086 
-0.940867 0.0132954 0.338515 172.694 -0.0124146 0.997205 -0.0736712 -13.8313 -0.338549 -0.0735173 -0.938072 28.8178 
-0.940702 0.016638 0.338826 173.142 -0.00964928 0.99708 -0.0757511 -13.9326 -0.339097 -0.0745287 -0.937794 27.6066 
-0.94053 0.0174432 0.339261 173.601 -0.00954959 0.996929 -0.0777316 -14.0375 -0.339575 -0.0763488 -0.937475 26.4109 
-0.940084 0.0185061 0.340439 174.054 -0.00926984 0.996769 -0.0797815 -14.1449 -0.340816 -0.0781571 -0.936876 25.2045 
-0.939521 0.0190725 0.34196 174.512 -0.00876105 0.996783 -0.0796654 -14.2516 -0.342379 -0.0778433 -0.936331 24.0189 
-0.938875 0.0183473 0.343768 174.971 -0.0100625 0.996689 -0.0806765 -14.359 -0.34411 -0.0792043 -0.935582 22.8453 
-0.937538 0.0168449 0.347474 175.438 -0.0122739 0.996603 -0.0814302 -14.4617 -0.347665 -0.0806088 -0.934147 21.6447 
-0.93581 0.0149227 0.352188 175.893 -0.0140427 0.996732 -0.0795464 -14.5711 -0.352224 -0.0793859 -0.932543 20.4783 
-0.933922 0.012075 0.357272 176.372 -0.0165478 0.996898 -0.0769496 -14.6836 -0.357093 -0.077777 -0.930825 19.3032 
-0.931136 0.0107111 0.364513 176.847 -0.0173982 0.997125 -0.0737434 -14.7932 -0.364256 -0.075007 -0.928273 18.1225 
-0.92858 0.0123156 0.370929 177.339 -0.0164637 0.997098 -0.0743208 -14.8919 -0.370768 -0.0751197 -0.925683 16.9719 
-0.925382 0.0123293 0.378834 177.831 -0.0173999 0.997035 -0.0749521 -14.9921 -0.378635 -0.075951 -0.922424 15.8249 
-0.921423 0.0153876 0.388257 178.328 -0.015794 0.996906 -0.0769927 -15.0976 -0.388241 -0.0770749 -0.918329 14.6822 
-0.917014 0.0165182 0.398512 178.841 -0.015167 0.996975 -0.0762252 -15.2024 -0.398565 -0.0759439 -0.91399 13.5412 
-0.911734 0.0189198 0.410346 179.358 -0.0140835 0.996912 -0.0772562 -15.3151 -0.410541 -0.0762161 -0.908651 12.3994 
-0.905678 0.0209046 0.423449 179.91 -0.0138627 0.996789 -0.0788588 -15.4207 -0.423738 -0.0772909 -0.902481 11.2411 
-0.899146 0.0231642 0.437036 180.471 -0.0127263 0.996792 -0.0790156 -15.5287 -0.437464 -0.0766084 -0.895967 10.0956 
-0.893122 0.0213297 0.449309 181.052 -0.0147203 0.996954 -0.0765881 -15.6403 -0.449574 -0.0750165 -0.890087 9.01276 
-0.886381 0.0238458 0.462342 181.647 -0.0133689 0.996938 -0.0770485 -15.7515 -0.462764 -0.0744753 -0.883348 7.89809 
-0.879414 0.0261842 0.475337 182.264 -0.0114745 0.99703 -0.0761506 -15.8615 -0.47592 -0.0724221 -0.876502 6.78727 
-0.871656 0.0276824 0.489335 182.889 -0.00990915 0.997204 -0.0740645 -15.9687 -0.490018 -0.0694077 -0.868945 5.68304 
-0.863764 0.0288456 0.503071 183.523 -0.00802543 0.997446 -0.0709723 -16.0768 -0.503833 -0.0653406 -0.861326 4.61035 
-0.855507 0.03132 0.516843 184.179 -0.00535198 0.997581 -0.0693111 -16.183 -0.517763 -0.0620623 -0.85327 3.54254 
-0.846281 0.0347906 0.5316 184.861 -0.00146052 0.99771 -0.0676203 -16.2838 -0.532735 -0.0580022 -0.844292 2.47848 
-0.834895 0.0376686 0.549118 185.542 0.000921217 0.99775 -0.0670434 -16.3739 -0.550408 -0.0554683 -0.833051 1.42123 
-0.823792 0.040604 0.565436 186.255 0.00396711 0.99782 -0.0658738 -16.4717 -0.566878 -0.0520231 -0.822157 0.397607 
-0.812455 0.0421304 0.5815 186.994 0.0051922 0.997869 -0.0650425 -16.5686 -0.583001 -0.0498248 -0.810942 -0.609014 
-0.80128 0.0436319 0.596696 187.742 0.00461614 0.997758 -0.0667598 -16.6483 -0.598271 -0.0507388 -0.799685 -1.56829 
-0.788169 0.0463973 0.613707 188.508 0.007751 0.997824 -0.0654827 -16.7481 -0.61541 -0.0468546 -0.786813 -2.53759 
-0.774153 0.0471725 0.631238 189.296 0.0092575 0.997956 -0.0632239 -16.8403 -0.632931 -0.0431013 -0.773008 -3.48793 
-0.759027 0.0489442 0.649217 190.095 0.0116311 0.99803 -0.0616428 -16.9301 -0.650956 -0.0392374 -0.758101 -4.3938 
-0.742152 0.0517324 0.668232 190.914 0.0130584 0.997943 -0.0627548 -17.0166 -0.670104 -0.0378476 -0.741302 -5.30087 
-0.725287 0.054402 0.686294 191.741 0.0132621 0.997792 -0.0650787 -17.1046 -0.688319 -0.038099 -0.724407 -6.15123 
-0.707267 0.0551353 0.704794 192.585 0.0121677 0.997756 -0.0658431 -17.1946 -0.706842 -0.0379929 -0.70635 -6.99049 
-0.688217 0.0552164 0.723401 193.462 0.0107914 0.997768 -0.0658921 -17.2827 -0.725425 -0.0375415 -0.687277 -7.80797 
-0.66848 0.0544708 0.741732 194.342 0.00878187 0.997823 -0.0653628 -17.3782 -0.743678 -0.0371799 -0.667503 -8.57428 
-0.647948 0.0549875 0.759697 195.246 0.00675688 0.997766 -0.0664563 -17.4679 -0.761655 -0.037927 -0.646872 -9.32597 
-0.627632 0.0546703 0.776588 196.172 0.00361832 0.997725 -0.0673136 -17.552 -0.778502 -0.0394382 -0.626402 -10.0478 
-0.60652 0.0546364 0.793189 197.095 0.00209498 0.997742 -0.0671246 -17.6412 -0.795066 -0.0390507 -0.605265 -10.7402 
-0.58372 0.054566 0.810119 198.06 0.00158968 0.997814 -0.066063 -17.729 -0.811953 -0.0372745 -0.582531 -11.4243 
-0.560461 0.0554464 0.826323 199.017 -0.000699169 0.997724 -0.0674217 -17.8101 -0.828181 -0.0383649 -0.559147 -12.0478 
-0.534763 0.0588283 0.842952 200.009 0.000659415 0.997602 -0.0692029 -17.8961 -0.845002 -0.0364513 -0.53352 -12.669 
-0.508041 0.0598126 0.859254 201.018 -0.000832645 0.997551 -0.0699319 -17.977 -0.861332 -0.0362437 -0.506747 -13.2578 
-0.480551 0.0584203 0.875019 202.047 -0.00231559 0.997691 -0.0678822 -18.0736 -0.876964 -0.034647 -0.479306 -13.8136 
-0.452753 0.0570393 0.88981 203.085 -0.00535029 0.99776 -0.0666816 -18.1532 -0.89162 -0.034951 -0.451433 -14.3209 
-0.422656 0.0584695 0.904402 204.146 -0.00370825 0.997797 -0.0662406 -18.2377 -0.906282 -0.0313507 -0.421508 -14.814 
-0.391616 0.060904 0.918111 205.22 -0.00397219 0.997686 -0.0678771 -18.325 -0.92012 -0.0302287 -0.390468 -15.2651 
-0.359835 0.0630049 0.930886 206.292 -0.00406524 0.997602 -0.0690919 -18.4106 -0.933007 -0.0286459 -0.358716 -15.6727 
-0.328045 0.0628509 0.942569 207.369 -0.00102821 0.99776 -0.066889 -18.5065 -0.944662 -0.0229117 -0.327245 -16.0377 
-0.295498 0.0625342 0.953294 208.444 -0.000723077 0.99784 -0.0656806 -18.5961 -0.955343 -0.0200978 -0.294815 -16.3674 
-0.261337 0.0617843 0.963268 209.578 -0.000255658 0.997945 -0.0640779 -18.6856 -0.965248 -0.0169922 -0.260784 -16.6803 
-0.226549 0.0596505 0.972171 210.715 -0.000619593 0.998114 -0.0613868 -18.7731 -0.973999 -0.0145095 -0.226085 -16.946 
-0.192248 0.0586382 0.979593 211.853 -0.00100238 0.998201 -0.0599488 -18.8563 -0.981346 -0.012507 -0.191843 -17.1583 
-0.156653 0.0583186 0.98593 213.01 -0.000260851 0.998253 -0.059089 -18.9312 -0.987654 -0.00951363 -0.156364 -17.3336 
-0.121646 0.0579515 0.99088 214.153 -0.000390652 0.998291 -0.058433 -19.0098 -0.992573 -0.00749523 -0.121416 -17.4656 
-0.0856146 0.0580499 0.994636 215.303 -0.000440822 0.998299 -0.0583017 -19.0867 -0.996328 -0.00542993 -0.0854434 -17.5628 
-0.0504324 0.0585825 0.997008 216.437 -0.0018613 0.998271 -0.058751 -19.1645 -0.998726 -0.00481868 -0.0502362 -17.6148 
-0.0159119 0.0576318 0.998211 217.571 -0.0024582 0.998332 -0.057678 -19.2459 -0.99987 -0.00337156 -0.0157437 -17.6297 
0.0178732 0.0566543 0.998234 218.728 -0.00388106 0.99839 -0.0565937 -19.3277 -0.999833 -0.00286269 0.0180643 -17.6057 
0.0507872 0.0571678 0.997072 219.874 -0.00541418 0.998361 -0.056966 -19.4036 -0.998695 -0.00250518 0.0510135 -17.535 
0.0831827 0.0573965 0.99488 221.003 -0.0057103 0.998351 -0.0571194 -19.4787 -0.996518 -0.000929714 0.0833732 -17.4284 
0.115039 0.0555162 0.991808 222.137 -0.00503482 0.998457 -0.0553044 -19.5499 -0.993348 0.00136859 0.115141 -17.2896 
0.146047 0.0543656 0.987783 223.288 -0.00393698 0.998513 -0.0543742 -19.6238 -0.98927 0.00405231 0.146044 -17.1125 
0.176266 0.0549196 0.982809 224.435 -0.00300041 0.998468 -0.0552566 -19.6865 -0.984338 0.00679105 0.176161 -16.9003 
0.20648 0.0545538 0.976929 225.571 -0.00104344 0.998456 -0.0555355 -19.7601 -0.97845 0.0104476 0.206218 -16.6578 
0.236176 0.0543596 0.970189 226.694 0.000305245 0.99843 -0.0560163 -19.8307 -0.97171 0.0135258 0.235788 -16.3715 
0.266349 0.0525512 0.962443 227.833 0.0026905 0.998468 -0.0552629 -19.9047 -0.963873 0.0173086 0.265799 -16.0526 
0.296761 0.0504713 0.953617 228.957 0.00526197 0.998501 -0.0544844 -19.9845 -0.954937 0.0211867 0.29605 -15.7024 
0.326316 0.0499411 0.94394 230.07 0.00795536 0.998423 -0.0555739 -20.0581 -0.945227 0.025644 0.325404 -15.3159 
0.354876 0.0498006 0.933586 231.155 0.00806308 0.99838 -0.0563219 -20.1272 -0.934878 0.0275149 0.3539 -14.8962 
0.382816 0.0477096 0.922592 232.246 0.00881129 0.998432 -0.0552877 -20.2063 -0.923782 0.0292942 0.381795 -14.4402 
0.410979 0.046515 0.910457 233.317 0.00904562 0.99844 -0.0550934 -20.2842 -0.9116 0.0308779 0.409917 -13.956 
0.439336 0.0475759 0.897062 234.381 0.00998601 0.998276 -0.0578346 -20.3616 -0.898267 0.0343669 0.438104 -13.4299 
0.46709 0.0490175 0.88285 235.407 0.0108416 0.99807 -0.0611508 -20.4337 -0.884143 0.0381344 0.465657 -12.8843 
0.494116 0.0469238 0.868129 236.444 0.012338 0.998063 -0.0609696 -20.5169 -0.869309 0.040837 0.49258 -12.2862 
0.520535 0.043746 0.852719 237.451 0.0140549 0.998112 -0.0597847 -20.5952 -0.853724 0.0431049 0.518938 -11.6607 
0.545681 0.0417495 0.836952 238.448 0.0133592 0.998198 -0.058503 -20.6778 -0.837886 0.0431049 0.54414 -11.006 
0.568896 0.0421213 0.82133 239.436 0.0115376 0.99818 -0.0591826 -20.7579 -0.822328 0.0431449 0.567375 -10.322 
0.589802 0.042174 0.806446 240.407 0.010066 0.998174 -0.0595626 -20.8369 -0.807485 0.0432478 0.5883 -9.60074 
0.609396 0.0409059 0.79181 241.366 0.00945606 0.998222 -0.0588471 -20.9155 -0.79281 0.0433486 0.607926 -8.85425 
0.627608 0.0380886 0.777597 242.325 0.00946863 0.998355 -0.0565443 -20.9999 -0.778471 0.0428504 0.626215 -8.06433 
0.644895 0.0346898 0.763483 243.252 0.0107643 0.998458 -0.0544586 -21.0801 -0.764195 0.0433384 0.643527 -7.27416 
0.661012 0.0319005 0.749697 244.167 0.0118973 0.998525 -0.0529785 -21.1569 -0.750281 0.0439388 0.659657 -6.45648 
0.676558 0.0293543 0.735804 245.065 0.0138381 0.998522 -0.0525592 -21.2332 -0.73626 0.0457414 0.675151 -5.62455 
0.691526 0.0291515 0.721763 245.945 0.0133982 0.998496 -0.0531656 -21.3054 -0.722227 0.0464357 0.690095 -4.76704 
0.706591 0.0276721 0.707081 246.816 0.0142078 0.998479 -0.0532743 -21.3769 -0.707479 0.0476891 0.705123 -3.88797 
0.720932 0.0257774 0.692526 247.667 0.0134777 0.998597 -0.0512008 -21.4459 -0.692874 0.046246 0.719574 -2.98808 
0.735033 0.0228254 0.677646 248.496 0.0141677 0.998698 -0.0490072 -21.5196 -0.677883 0.0456226 0.733753 -2.06507 
0.748729 0.0211757 0.662538 249.305 0.0145155 0.998726 -0.0483247 -21.5905 -0.662718 0.0457991 0.747467 -1.12913 
0.762255 0.0207149 0.646945 250.108 0.0154597 0.99862 -0.0501906 -21.6615 -0.647092 0.0482596 0.760883 -0.171075 
0.774843 0.0200651 0.631835 250.898 0.015694 0.998577 -0.050958 -21.7302 -0.631958 0.0494005 0.773426 0.805672 
0.786322 0.0191203 0.617521 251.67 0.0153438 0.998608 -0.0504582 -21.8047 -0.617627 0.0491515 0.784934 1.81186 
0.797072 0.017346 0.603635 252.424 0.0152111 0.998693 -0.0487841 -21.8708 -0.603692 0.0480664 0.795767 2.83463 
0.807383 0.0148789 0.589839 253.153 0.0165618 0.998716 -0.0478633 -21.9406 -0.589794 0.0484128 0.806101 3.86735 
0.816999 0.01486 0.576448 253.868 0.0162677 0.998676 -0.0488008 -22.0058 -0.57641 0.0492476 0.815675 4.91005 
0.825873 0.0121747 0.563724 254.576 0.0199463 0.99851 -0.0507868 -22.0809 -0.563503 0.0531876 0.8244 5.96834 
0.833845 0.0102893 0.551902 255.26 0.0207463 0.998536 -0.0499609 -22.1485 -0.551608 0.0531095 0.832411 7.04402 
0.841339 0.00710383 0.540461 255.939 0.0232055 0.998517 -0.0492489 -22.2273 -0.540009 0.0539766 0.839926 8.12768 
0.84801 0.00571076 0.529949 256.612 0.0241401 0.998488 -0.0493882 -22.2978 -0.52943 0.0546747 0.84659 9.22752 
0.853249 0.00416096 0.521488 257.277 0.0248328 0.99851 -0.0485982 -22.3739 -0.520913 0.0544163 0.851874 10.3443 
0.857048 0.00326599 0.515227 257.934 0.024539 0.998586 -0.0471493 -22.4419 -0.514652 0.0530523 0.855756 11.4665 
0.859687 0.00253544 0.510815 258.591 0.0242482 0.998658 -0.0457662 -22.5152 -0.510245 0.0517309 0.858472 12.6007 
0.862321 0.00126314 0.50636 259.247 0.0253693 0.998633 -0.0456947 -22.5823 -0.505726 0.0522494 0.86111 13.7475 
0.864387 0.000540839 0.502827 259.892 0.0255547 0.99866 -0.0450043 -22.655 -0.502178 0.0517507 0.863214 14.9043 
0.866396 -0.00116888 0.499357 260.539 0.0262656 0.99872 -0.043234 -22.722 -0.498667 0.0505736 0.865317 16.0556 
0.868347 -0.00368308 0.495944 261.172 0.0284427 0.998696 -0.0423837 -22.8002 -0.495141 0.0509097 0.867319 17.1934 
0.870557 -0.00518081 0.492041 261.804 0.0300034 0.998643 -0.0425696 -22.867 -0.491152 0.051822 0.869531 18.3443 
0.872668 -0.00580015 0.488279 262.448 0.0302387 0.998652 -0.0421811 -22.9387 -0.487376 0.0515749 0.871668 19.5141 
0.874635 -0.00573451 0.484749 263.076 0.0296433 0.998691 -0.0416714 -23.0126 -0.483875 0.0508167 0.87366 20.6828 
0.876543 -0.00709684 0.481272 263.715 0.0307266 0.998677 -0.0412362 -23.0806 -0.480342 0.0509331 0.875601 21.8732 
0.87861 -0.00640344 0.477497 264.343 0.0296842 0.998709 -0.041227 -23.1475 -0.476617 0.0503965 0.877665 23.058 
0.879937 -0.00525927 0.475062 264.979 0.0282909 0.998744 -0.0413453 -23.2081 -0.474248 0.0498211 0.87898 24.2549 
