1 2.12261e-08 -2.11895e-08 0 2.12261e-08 1 2.10703e-08 0 -2.11895e-08 2.10703e-08 1 0 
1 -0.000768595 8.34524e-05 -0.0317795 0.000768504 0.999998 0.00157985 -0.0233793 -8.47089e-05 -0.00157974 0.999999 1.33839 
0.999999 -0.00173143 -0.000286363 -0.0546689 0.00173196 0.999997 0.0016853 -0.0426005 0.000283401 -0.00168575 0.999999 2.68011 
0.999995 -0.00321863 -0.0002119 -0.0814032 0.00321878 0.999995 0.000504262 -0.0552956 0.000210234 -0.000504899 1 4.03034 
0.999994 -0.00355455 -0.000188549 -0.104538 0.00355469 0.999994 0.000540598 -0.0718696 0.000186584 -0.000541222 1 5.36732 
0.99999 -0.00439661 -0.000337905 -0.126762 0.00439707 0.99999 0.00123755 -0.0845868 0.000332418 -0.00123898 0.999999 6.70863 
0.999985 -0.00553499 0.000445038 -0.15515 0.00553386 0.999981 0.00259791 -0.108277 -0.000459451 -0.00259536 0.999997 8.0251 
0.999988 -0.0047779 0.00109333 -0.199012 0.00477514 0.999985 0.0025502 -0.115087 -0.00110554 -0.00254491 0.999996 9.37204 
0.999991 -0.0041522 0.000485374 -0.218101 0.00415194 0.999991 0.000627937 -0.13001 -0.000488019 -0.000625874 1 10.7399 
0.999999 -0.0010837 0.000354765 -0.235905 0.00108443 0.999998 -0.00194169 -0.14544 -0.000352702 0.00194212 0.999998 12.1075 
0.999997 0.00231874 0.000762134 -0.269563 -0.0023166 0.999994 -0.00274626 -0.169442 -0.00076854 0.00274453 0.999996 13.4483 
0.999988 0.00475613 0.00139108 -0.304293 -0.00475206 0.999985 -0.00288036 -0.193045 -0.0014048 0.00287376 0.999995 14.8071 
0.999982 0.00579927 0.0015296 -0.324075 -0.00579569 0.999981 -0.00230679 -0.212699 -0.00154299 0.00229793 0.999996 16.1726 
0.999991 0.00377269 0.00201165 -0.340386 -0.00377288 0.999993 0.000112115 -0.229784 -0.00201126 -0.000119661 0.999998 17.5439 
0.999997 -0.000509661 0.00251952 -0.361369 0.000504817 0.999998 0.00193984 -0.251786 -0.00252054 -0.00193852 0.999995 18.9131 
0.999993 -0.00272786 0.00254276 -0.381756 0.00272916 0.999996 -0.000490608 -0.27238 -0.00254145 0.000497586 0.999997 20.2637 
0.99999 -0.00356665 0.00285474 -0.40711 0.00357309 0.999991 -0.00223957 -0.297251 -0.00284677 0.00224979 0.999993 21.6164 
0.999991 -0.000953278 0.00418532 -0.438808 0.000970078 0.999992 -0.00400385 -0.320197 -0.00418151 0.00400791 0.999983 22.9801 
0.999987 0.00186936 0.00473424 -0.453692 -0.00185843 0.999996 -0.00230343 -0.33788 -0.00473857 0.00229465 0.999986 24.3705 
0.999986 0.00208475 0.00492832 -0.460608 -0.0020911 0.999997 0.00129186 -0.363896 -0.00492566 -0.00130211 0.999987 25.7696 
0.999986 -0.000112152 0.0052837 -0.472571 9.50292e-05 0.999995 0.00324893 -0.382576 -0.00528408 -0.00324834 0.999981 27.1517 
0.999979 -0.00405089 0.00500361 -0.497511 0.0040431 0.999991 0.00157385 -0.402928 -0.00500998 -0.00155354 0.999986 28.5203 
0.999978 -0.00429513 0.00496926 -0.512144 0.00429885 0.999991 -0.000728294 -0.426532 -0.00496613 0.000749683 0.999987 29.902 
0.99997 -0.00466237 0.00615765 -0.535086 0.00468188 0.999984 -0.00315161 -0.452631 -0.0061429 0.00318039 0.999976 31.2846 
0.999977 -0.00142535 0.00668757 -0.557945 0.00145058 0.999992 -0.0037636 -0.48369 -0.0066822 0.00377325 0.999971 32.6705 
0.999973 -0.000712253 0.00735722 -0.581415 0.000754446 0.999983 -0.00572791 -0.511499 -0.00735306 0.00573334 0.999957 34.0558 
0.999973 -9.38473e-05 0.00733733 -0.595787 0.000130461 0.999988 -0.00498397 -0.540931 -0.00733681 0.00498483 0.999961 35.4734 
0.999973 -0.000335841 0.00738531 -0.616609 0.000362309 0.999994 -0.00357697 -0.572965 -0.00738411 0.00357959 0.999966 36.8752 
0.999972 0.00144158 0.00738495 -0.639291 -0.00142376 0.999996 -0.00241215 -0.598889 -0.00738844 0.00240161 0.99997 38.2688 
0.99996 0.0046022 0.00768211 -0.657696 -0.00458568 0.999987 -0.00216163 -0.622863 -0.007692 0.00212636 0.999968 39.6861 
0.999944 0.00685053 0.00803197 -0.675062 -0.00682901 0.999973 -0.00269841 -0.643813 -0.00805028 0.00264346 0.999964 41.1048 
0.999918 0.0093943 0.00866225 -0.701355 -0.00937362 0.999953 -0.00241984 -0.668341 -0.00868462 0.00233849 0.99996 42.5277 
0.999916 0.00993869 0.00830535 -0.718925 -0.00992073 0.999948 -0.0021957 -0.695372 -0.00832678 0.00211316 0.999963 43.9675 
0.999925 0.00900459 0.00832526 -0.738771 -0.00898582 0.999957 -0.0022842 -0.722193 -0.00834551 0.00220926 0.999963 45.3695 
0.999938 0.0076485 0.0080492 -0.750937 -0.00763002 0.999968 -0.00231863 -0.74983 -0.00806672 0.00225711 0.999965 46.8068 
0.999947 0.00716276 0.00745588 -0.765808 -0.00714568 0.999972 -0.00230845 -0.771501 -0.00747225 0.0022551 0.99997 48.2428 
0.999953 0.00685151 0.0068234 -0.786886 -0.00684585 0.999976 -0.000845907 -0.803468 -0.00682908 0.000799197 0.999976 49.6674 
0.99996 0.00671733 0.00597498 -0.812349 -0.00671159 0.999977 -0.000971543 -0.830408 -0.00598141 0.000931444 0.999982 51.0906 
0.999969 0.00627693 0.00475587 -0.833259 -0.00627581 0.99998 -0.000242257 -0.862706 -0.00475734 0.000212445 0.999989 52.5181 
0.999973 0.00596625 0.00422555 -0.86497 -0.00596871 0.999982 0.000580708 -0.885283 -0.00422205 -0.000605872 0.999991 53.9568 
0.999982 0.00437243 0.00406678 -0.895944 -0.00437804 0.99999 0.00138222 -0.905103 -0.00406074 -0.00139996 0.999991 55.3796 
0.999988 0.00317928 0.00372824 -0.916936 -0.0031853 0.999994 0.00162098 -0.927979 -0.0037231 -0.0016328 0.999992 56.8183 
0.999994 0.000823509 0.00326298 -0.935832 -0.000826176 0.999999 0.000829277 -0.947557 -0.00326233 -0.000831926 0.999994 58.2558 
0.999994 -0.000245058 0.00348729 -0.959076 0.000240011 0.999999 0.00145989 -0.976087 -0.00348768 -0.001459 0.999993 59.6908 
0.99999 -0.00216783 0.00386537 -0.979675 0.00215895 0.999995 0.00231201 -1.00059 -0.0038704 -0.0023036 0.99999 61.1254 
0.999985 -0.00293388 0.00456847 -1.00076 0.00292093 0.999992 0.00284725 -1.02212 -0.00457683 -0.00283383 0.999986 62.5594 
0.999978 -0.00402644 0.00520495 -1.01877 0.00401421 0.999989 0.00236629 -1.04563 -0.00521446 -0.0023453 0.999984 63.9839 
0.999968 -0.00571808 0.00565865 -1.03181 0.00570946 0.999983 0.00154615 -1.07238 -0.00566743 -0.00151375 0.999983 65.3925 
0.999964 -0.00568911 0.00622519 -1.04697 0.00568093 0.999983 0.00133699 -1.09962 -0.00623274 -0.00130154 0.99998 66.8231 
0.999966 -0.00380467 0.00728033 -1.06576 0.00379794 0.999992 0.000945077 -1.12412 -0.00728391 -0.000917353 0.999973 68.2574 
0.999968 -0.00024548 0.0079857 -1.08887 0.000228402 0.999998 0.0021447 -1.14973 -0.00798625 -0.00214277 0.999966 69.6836 
0.999961 0.00266753 0.00847704 -1.10234 -0.00269813 0.99999 0.00360492 -1.17497 -0.00846738 -0.00362761 0.999958 71.1167 
0.999928 0.00743164 0.0094676 -1.12562 -0.00746842 0.999965 0.00385923 -1.19586 -0.00943863 -0.00392962 0.999948 72.5388 
0.999878 0.0118982 0.0101633 -1.15302 -0.0119343 0.999923 0.00349375 -1.22058 -0.010121 -0.00361457 0.999942 73.947 
0.999841 0.0144196 0.010449 -1.16776 -0.0144515 0.999891 0.0029929 -1.24865 -0.0104047 -0.00314338 0.999941 75.3634 
0.999797 0.0166392 0.0113247 -1.1894 -0.0166716 0.999857 0.00277108 -1.27036 -0.011277 -0.00295928 0.999932 76.7746 
0.99979 0.016883 0.0116083 -1.20019 -0.0169183 0.999853 0.00295244 -1.28845 -0.0115568 -0.00314817 0.999928 78.1815 
0.999809 0.015661 0.0116664 -1.21009 -0.0156954 0.999873 0.00286929 -1.30705 -0.01162 -0.00305181 0.999928 79.5821 
0.999829 0.0142722 0.0117249 -1.22373 -0.0142977 0.999896 0.00209169 -1.33508 -0.0116939 -0.00225893 0.999929 80.9575 
0.999839 0.0137793 0.011458 -1.22568 -0.0138045 0.999903 0.00212195 -1.35968 -0.0114276 -0.00227974 0.999932 82.3624 
0.999831 0.0143839 0.0114723 -1.24853 -0.0144081 0.999894 0.00203131 -1.37603 -0.0114419 -0.00219622 0.999932 83.7399 
0.999841 0.0141239 0.0109332 -1.2571 -0.0141401 0.999899 0.0014121 -1.39365 -0.0109122 -0.00156643 0.999939 85.1267 
0.999846 0.0142609 0.0102256 -1.27018 -0.0142797 0.999897 0.00176929 -1.41959 -0.0101994 -0.00191499 0.999946 86.5275 
0.999861 0.0137766 0.00935339 -1.29188 -0.0137973 0.999903 0.00215969 -1.43322 -0.00932276 -0.0022884 0.999954 87.9379 
0.999901 0.0113903 0.00832503 -1.30638 -0.0114195 0.999929 0.0034823 -1.46309 -0.00828482 -0.00357698 0.999959 89.3095 
0.999933 0.00938808 0.00678686 -1.31668 -0.00941359 0.999949 0.0037427 -1.47629 -0.00675141 -0.0038063 0.99997 90.7079 
0.999953 0.00758019 0.00608049 -1.33204 -0.00760328 0.999964 0.00379075 -1.49755 -0.00605158 -0.00383676 0.999974 92.099 
0.999965 0.0062959 0.00559572 -1.3436 -0.0063146 0.999975 0.00333734 -1.51441 -0.00557461 -0.00337252 0.999979 93.5037 
0.99997 0.00553167 0.00550589 -1.36476 -0.00554635 0.999981 0.00266057 -1.53154 -0.00549112 -0.00269098 0.999981 94.8939 
0.999969 0.00583337 0.0053675 -1.38172 -0.00584537 0.99998 0.00222982 -1.55673 -0.00535443 -0.00226108 0.999983 96.2517 
0.999969 0.00577547 0.00532855 -1.40312 -0.00578302 0.999982 0.00140966 -1.57378 -0.00532035 -0.00144038 0.999985 97.634 
0.999966 0.00619278 0.00554178 -1.42477 -0.00619795 0.99998 0.000923139 -1.60058 -0.005536 -0.000957413 0.999984 99.0282 
0.999954 0.0074493 0.0060372 -1.44833 -0.00745643 0.999972 0.0011667 -1.62123 -0.00602838 -0.00121162 0.999981 100.388 
0.999948 0.00797451 0.0063239 -1.46898 -0.00799336 0.999964 0.00296764 -1.64907 -0.00630004 -0.00301799 0.999976 101.751 
0.999937 0.00902569 0.00671541 -1.49993 -0.00905358 0.99995 0.0041403 -1.67015 -0.00667775 -0.00420079 0.999969 103.113 
0.999947 0.00769829 0.00690999 -1.51573 -0.00771908 0.999966 0.00299341 -1.69487 -0.00688675 -0.00304655 0.999972 104.466 
0.99994 0.00831176 0.00715832 -1.53183 -0.00831442 0.999965 0.000348059 -1.71252 -0.00715522 -0.000407514 0.999974 105.839 
0.999948 0.00718675 0.00721277 -1.54696 -0.00718167 0.999974 -0.000723297 -1.73745 -0.00721782 0.000671502 0.999974 107.19 
0.999956 0.00522898 0.00785243 -1.56371 -0.00523173 0.999986 0.000334429 -1.75783 -0.00785062 -0.000375454 0.999969 108.539 
0.999961 0.00297197 0.00837577 -1.571 -0.00298971 0.999993 0.00211147 -1.77447 -0.00836948 -0.00213638 0.999963 109.898 
0.999953 0.0016079 0.00955417 -1.58988 -0.00163285 0.999995 0.00260893 -1.79571 -0.00954997 -0.00262437 0.999951 111.236 
0.999945 0.000602002 0.0104563 -1.59806 -0.000613874 0.999999 0.00113629 -1.81577 -0.0104557 -0.00114261 0.999945 112.576 
0.999937 0.00258055 0.0109569 -1.59778 -0.00256666 0.999996 -0.00127795 -1.83957 -0.0109602 0.00124979 0.999939 113.929 
0.999911 0.00541214 0.0122305 -1.60617 -0.00536659 0.999979 -0.00375024 -1.85767 -0.0122506 0.00368431 0.999918 115.267 
0.999868 0.0083914 0.0139212 -1.62624 -0.00834289 0.999959 -0.00353622 -1.88842 -0.0139503 0.00341965 0.999897 116.603 
0.999834 0.00965022 0.0154462 -1.62859 -0.00962314 0.999952 -0.00182366 -1.90827 -0.0154631 0.00167476 0.999879 117.984 
0.999815 0.0098365 0.0165396 -1.63227 -0.00983742 0.999952 -2.34796e-05 -1.92865 -0.0165391 -0.00013919 0.999863 119.345 
0.999807 0.0089614 0.0175079 -1.63896 -0.0089751 0.99996 0.000706654 -1.95846 -0.0175009 -0.000863611 0.999847 120.701 
0.999776 0.00962967 0.0188531 -1.64194 -0.00963131 0.999954 -1.41615e-06 -1.97949 -0.0188523 -0.000180122 0.999822 122.033 
0.999742 0.0110838 0.0198117 -1.64157 -0.011076 0.999939 -0.000501201 -1.99974 -0.019816 0.000281678 0.999804 123.392 
0.999685 0.013303 0.0212967 -1.64754 -0.0132858 0.999911 -0.000945083 -2.01972 -0.0213074 0.000661881 0.999773 124.742 
0.999641 0.0140922 0.0228061 -1.64631 -0.0140418 0.999899 -0.00237092 -2.04025 -0.0228373 0.00204987 0.999737 126.098 
0.999605 0.0153343 0.0235654 -1.63681 -0.0152602 0.999878 -0.00332074 -2.06222 -0.0236135 0.00295986 0.999717 127.485 
0.999576 0.0151021 0.0248943 -1.63115 -0.0150155 0.999881 -0.00366279 -2.08781 -0.0249467 0.00328748 0.999683 128.834 
0.999557 0.0144177 0.0260538 -1.63145 -0.0143592 0.999894 -0.00242935 -2.11325 -0.0260861 0.0020542 0.999658 130.203 
0.999542 0.0131683 0.0272596 -1.62361 -0.0131213 0.999912 -0.00190064 -2.13236 -0.0272823 0.00154213 0.999627 131.561 
0.999537 0.0127486 0.0276368 -1.61847 -0.0126934 0.999917 -0.00217058 -2.14769 -0.0276622 0.00181881 0.999616 132.934 
0.999558 0.010434 0.0278497 -1.61215 -0.010392 0.999945 -0.00164812 -2.17832 -0.0278654 0.00135802 0.999611 134.282 
0.999579 0.0086534 0.0277046 -1.59751 -0.00863231 0.999962 -0.000879228 -2.20404 -0.0277112 0.000639744 0.999616 135.635 
0.999595 0.00705828 0.0275688 -1.59127 -0.00703062 0.999975 -0.00109858 -2.23073 -0.0275759 0.000904356 0.999619 136.995 
0.999627 0.00572763 0.0266873 -1.58597 -0.0057014 0.999983 -0.00105724 -2.25757 -0.026693 0.000904733 0.999643 138.355 
0.999655 0.00454008 0.0258733 -1.57809 -0.00453289 0.99999 -0.0003352 -2.28041 -0.0258746 0.000217846 0.999665 139.702 
0.999683 0.00334141 0.0249396 -1.56891 -0.00333731 0.999994 -0.000204235 -2.30666 -0.0249402 0.000120981 0.999689 141.049 
0.99971 0.00297546 0.0238834 -1.5662 -0.00297396 0.999996 -9.66039e-05 -2.33408 -0.0238836 2.55892e-05 0.999715 142.381 
0.999732 0.00265469 0.0230025 -1.56729 -0.00264587 0.999996 -0.000411717 -2.36225 -0.0230035 0.000350786 0.999735 143.735 
0.999744 0.00242623 0.0224912 -1.56801 -0.00241565 0.999997 -0.000495812 -2.38841 -0.0224924 0.000441396 0.999747 145.079 
0.999762 0.000204097 0.0218047 -1.56479 -0.00014731 0.999997 -0.00260394 -2.41495 -0.0218052 0.00260015 0.999759 146.43 
0.999774 -0.00535912 0.0205614 -1.55593 0.00541466 0.999982 -0.00264453 -2.44529 -0.0205469 0.00275531 0.999785 147.755 
0.999723 -0.0127322 0.0197934 -1.54761 0.0127391 0.999919 -0.000220832 -2.46967 -0.0197891 0.000472963 0.999804 149.092 
0.99965 -0.0194854 0.017924 -1.53325 0.0194671 0.99981 0.00119995 -2.48919 -0.017944 -0.00085056 0.999839 150.455 
0.999597 -0.0226888 0.0170591 -1.52835 0.022725 0.99974 -0.00192795 -2.51527 -0.017011 0.00231488 0.999853 151.798 
0.999613 -0.0217087 0.0173872 -1.5272 0.0218046 0.999748 -0.00534557 -2.53818 -0.0172668 0.00572267 0.999835 153.165 
0.999667 -0.0182086 0.0182618 -1.53023 0.0183476 0.999804 -0.00747257 -2.56836 -0.0181222 0.00780519 0.999805 154.525 
0.999652 -0.0182549 0.0190638 -1.52921 0.0184031 0.999802 -0.00762771 -2.60021 -0.0189208 0.00797592 0.999789 155.884 
0.999574 -0.0214275 0.019805 -1.51727 0.0215119 0.99976 -0.00405467 -2.63199 -0.0197134 0.00447903 0.999796 157.267 
0.999448 -0.0265923 0.0198962 -1.49418 0.0266246 0.999645 -0.00136185 -2.65583 -0.019853 0.00189087 0.999801 158.64 
0.999348 -0.0299353 0.0201932 -1.48794 0.0299464 0.999552 -0.000242716 -2.67774 -0.0201769 0.000847313 0.999796 159.994 
0.99929 -0.0315719 0.0205661 -1.48129 0.0315807 0.999501 -0.000104641 -2.70468 -0.0205526 0.000754102 0.999789 161.352 
0.999321 -0.0297967 0.0216742 -1.47886 0.029789 0.999556 0.00068278 -2.73151 -0.0216849 -3.66236e-05 0.999765 162.706 
0.999417 -0.0253327 0.0228911 -1.47637 0.0253507 0.999679 -0.000496277 -2.75297 -0.0228713 0.00107634 0.999738 164.067 
0.999469 -0.0219214 0.024107 -1.47835 0.0219844 0.999756 -0.00234959 -2.78525 -0.0240497 0.00287836 0.999707 165.424 
0.999504 -0.0193135 0.0248702 -1.47197 0.0193889 0.999808 -0.00279112 -2.8112 -0.0248115 0.00327198 0.999687 166.788 
0.99952 -0.0173771 0.025658 -1.47214 0.0174284 0.999847 -0.00177647 -2.83803 -0.0256232 0.00222284 0.999669 168.156 
0.999555 -0.0157437 0.0253263 -1.45977 0.0157979 0.999873 -0.00194167 -2.86662 -0.0252926 0.00234095 0.999677 169.533 
0.9996 -0.013483 0.0248632 -1.4519 0.0135981 0.999898 -0.00446336 -2.89485 -0.0248005 0.00479971 0.999681 170.895 
0.999652 -0.00936476 0.02466 -1.45122 0.00954424 0.999929 -0.00716848 -2.9257 -0.0245912 0.00740139 0.99967 172.251 
0.999699 -0.00396957 0.0242071 -1.44378 0.00417777 0.999955 -0.00855441 -2.95569 -0.0241721 0.00865301 0.99967 173.629 
0.999691 0.000664589 0.0248545 -1.447 -0.00047997 0.999972 -0.00743145 -2.993 -0.0248588 0.00741727 0.999663 175.021 
0.999656 0.00431146 0.0258854 -1.45016 -0.00416371 0.999975 -0.00575771 -3.02049 -0.0259096 0.00564799 0.999648 176.412 
0.999655 0.00448183 0.0258953 -1.43891 -0.00438743 0.999984 -0.00369968 -3.04884 -0.0259115 0.00358483 0.999658 177.803 
0.999678 0.00169497 0.0253103 -1.43045 -0.00161702 0.999994 -0.00309852 -3.07515 -0.0253154 0.00305664 0.999675 179.192 
0.999718 -0.000471375 0.0237259 -1.4263 0.000543639 0.999995 -0.00303759 -3.10203 -0.0237244 0.00304967 0.999714 180.576 
0.999767 -0.00035321 0.0216007 -1.41315 0.000509229 0.999974 -0.0072158 -3.1318 -0.0215976 0.00722516 0.999741 181.972 
0.99979 0.00167415 0.0204451 -1.41271 -0.00144371 0.999935 -0.0112787 -3.16791 -0.0204627 0.0112468 0.999727 183.365 
0.999784 0.00604466 0.019882 -1.41787 -0.00581415 0.999916 -0.0116289 -3.21093 -0.0199507 0.0115108 0.999735 184.768 
0.999753 0.00932513 0.0201512 -1.42839 -0.00911366 0.999903 -0.0105586 -3.24648 -0.0202477 0.0103724 0.999741 186.199 
0.99972 0.0112318 0.0208222 -1.43432 -0.0110848 0.999913 -0.00716128 -3.27842 -0.0209008 0.00692851 0.999758 187.61 
0.999715 0.011655 0.0208213 -1.4298 -0.0115436 0.999918 -0.00546234 -3.29884 -0.0208833 0.00522047 0.999768 189.103 
0.999714 0.0112501 0.0210872 -1.43047 -0.0111564 0.999927 -0.00455251 -3.32878 -0.0211369 0.004316 0.999767 190.549 
0.999739 0.00850539 0.0211888 -1.42398 -0.00842623 0.999957 -0.00382033 -3.35149 -0.0212205 0.00364084 0.999768 191.997 
0.999758 0.00590409 0.0211786 -1.41734 -0.00583527 0.999978 -0.00330749 -3.3793 -0.0211977 0.00318315 0.99977 193.437 
0.999771 0.00334652 0.0211611 -1.41032 -0.0032784 0.999989 -0.00325142 -3.40516 -0.0211718 0.00318134 0.999771 194.87 
0.999768 -0.000192753 0.0215363 -1.40142 0.000235221 0.999998 -0.00196744 -3.43426 -0.0215359 0.00197209 0.999766 196.309 
0.999747 -0.00416964 0.0221244 -1.39604 0.0041807 0.999991 -0.000451738 -3.45809 -0.0221223 0.000544161 0.999755 197.744 
0.999726 -0.00667661 0.0224535 -1.38157 0.00669096 0.999977 -0.000562399 -3.48063 -0.0224493 0.000712522 0.999748 199.201 
0.999729 -0.00465063 0.0228253 -1.37382 0.00476524 0.999976 -0.00496788 -3.50552 -0.0228017 0.00507535 0.999727 200.645 
0.999726 0.00310216 0.02322 -1.37309 -0.00286831 0.999945 -0.0100956 -3.53545 -0.02325 0.0100263 0.999679 202.074 
0.999629 0.0117984 0.0245587 -1.38065 -0.0115564 0.999884 -0.00996737 -3.57217 -0.0246735 0.0096799 0.999649 203.503 
0.999477 0.0194872 0.025797 -1.38895 -0.0193242 0.999792 -0.00655271 -3.60483 -0.0259194 0.00605082 0.999646 204.963 
0.999433 0.0204411 0.0267524 -1.38461 -0.0203346 0.999784 -0.00424301 -3.63579 -0.0268334 0.00369664 0.999633 206.43 
0.999483 0.0183763 0.0263915 -1.3713 -0.0182835 0.999826 -0.00375501 -3.66127 -0.026456 0.00327058 0.999645 207.882 
0.999569 0.0150035 0.025247 -1.35845 -0.0149114 0.999882 -0.00383148 -3.68941 -0.0253016 0.0034534 0.999674 209.341 
0.99962 0.0129898 0.0243334 -1.3473 -0.0128919 0.999908 -0.00417111 -3.72116 -0.0243854 0.00385586 0.999695 210.81 
0.999617 0.0136864 0.0240443 -1.34334 -0.013575 0.999896 -0.00478801 -3.74996 -0.0241074 0.00445982 0.999699 212.278 
0.999599 0.0150373 0.0240014 -1.33459 -0.014932 0.999878 -0.00455933 -3.77856 -0.024067 0.00419916 0.999702 213.754 
0.999576 0.0163807 0.0240769 -1.33014 -0.0162991 0.999861 -0.0035791 -3.81033 -0.0241322 0.00318519 0.999704 215.238 
0.999593 0.0155007 0.0239555 -1.32243 -0.0154046 0.999873 -0.00419239 -3.83995 -0.0240175 0.00382171 0.999704 216.711 
0.999597 0.0154417 0.0238284 -1.31921 -0.0153258 0.99987 -0.00503497 -3.87116 -0.0239031 0.00466779 0.999703 218.182 
0.999605 0.0149685 0.0237934 -1.31452 -0.0148455 0.999876 -0.00533525 -3.90237 -0.0238704 0.00497996 0.999703 219.655 
0.99961 0.0153083 0.0233674 -1.3059 -0.0151801 0.999869 -0.0056516 -3.92998 -0.0234509 0.00529471 0.999711 221.143 
0.999589 0.0157948 0.0239208 -1.31189 -0.0156632 0.999861 -0.00567665 -3.96548 -0.0240072 0.00529969 0.999698 222.629 
0.999589 0.0159049 0.0238468 -1.30602 -0.0157689 0.999858 -0.00587785 -3.99755 -0.023937 0.00549944 0.999698 224.113 
0.999581 0.0172414 0.0232423 -1.30467 -0.0171053 0.999835 -0.00604028 -4.03235 -0.0233427 0.00564022 0.999712 225.593 
0.999584 0.0171598 0.0231994 -1.30479 -0.0170257 0.999837 -0.0059623 -4.06574 -0.023298 0.00556487 0.999713 227.075 
0.999577 0.017675 0.0230772 -1.30875 -0.0175447 0.999829 -0.00583349 -4.1031 -0.0231764 0.00542619 0.999717 228.57 
0.9996 0.0165321 0.0229408 -1.29944 -0.0164002 0.999848 -0.00592664 -4.13386 -0.0230354 0.00554808 0.999719 230.077 
0.999605 0.0155057 0.0234467 -1.29417 -0.0153647 0.999863 -0.00618059 -4.16349 -0.0235394 0.00581794 0.999706 231.588 
0.999616 0.014396 0.0236675 -1.28821 -0.0142631 0.999882 -0.00576964 -4.20077 -0.0237478 0.00542989 0.999703 233.094 
0.999629 0.0127136 0.0240753 -1.28403 -0.0125957 0.999908 -0.00503809 -4.23361 -0.0241372 0.00473301 0.999697 234.618 
0.99963 0.0128783 0.0239553 -1.27804 -0.0127696 0.999908 -0.00468494 -4.2676 -0.0240135 0.00437735 0.999702 236.145 
0.999616 0.0134662 0.0242351 -1.27339 -0.013341 0.999897 -0.00531778 -4.29514 -0.0243042 0.00499246 0.999692 237.668 
0.999589 0.0144467 0.0247831 -1.27159 -0.0143032 0.99988 -0.00595337 -4.32727 -0.0248662 0.00559648 0.999675 239.188 
0.999564 0.0153439 0.0252467 -1.2652 -0.0152156 0.99987 -0.00526675 -4.36129 -0.0253243 0.00488034 0.999667 240.697 
0.999542 0.0158769 0.0257661 -1.25412 -0.0157989 0.99987 -0.00322671 -4.39695 -0.0258141 0.00281819 0.999663 242.211 
0.999515 0.0163257 0.0265152 -1.24686 -0.0162482 0.999863 -0.00313237 -4.41745 -0.0265628 0.00270006 0.999644 243.725 
0.999492 0.0165887 0.0272246 -1.23974 -0.0164602 0.999852 -0.00493518 -4.44586 -0.0273025 0.00448459 0.999617 245.258 
0.99946 0.0173706 0.027905 -1.22824 -0.01719 0.99983 -0.0067 -4.47145 -0.0280167 0.00621673 0.999588 246.802 
0.999426 0.0182747 0.0285145 -1.21546 -0.0181071 0.999817 -0.00612352 -4.50706 -0.0286212 0.00560373 0.999575 248.336 
0.999429 0.0180912 0.0285293 -1.19978 -0.0179485 0.999825 -0.00524664 -4.5407 -0.0286193 0.00473163 0.999579 249.869 
0.999439 0.0179332 0.0282704 -1.18411 -0.0178091 0.999831 -0.00463443 -4.57534 -0.0283487 0.0041284 0.99959 251.414 
0.999434 0.0186599 0.0280098 -1.16816 -0.0185284 0.999816 -0.00494503 -4.6011 -0.028097 0.0044233 0.999595 252.967 
0.999398 0.0201965 0.0282247 -1.14994 -0.0200721 0.999788 -0.00468403 -4.63331 -0.0283134 0.00411472 0.999591 254.517 
0.999362 0.021585 0.0284435 -1.13483 -0.0214528 0.999758 -0.00494288 -4.66059 -0.0285433 0.00432958 0.999583 256.085 
0.999331 0.0225249 0.0288105 -1.1239 -0.0223997 0.999738 -0.00465969 -4.69323 -0.0289079 0.00401127 0.999574 257.642 
0.999362 0.0212221 0.028744 -1.10059 -0.0210863 0.999765 -0.00501965 -4.71838 -0.0288438 0.00441039 0.999574 259.197 
0.999392 0.0195779 0.0288451 -1.08895 -0.0194558 0.999801 -0.0045048 -4.74541 -0.0289276 0.00394089 0.999574 260.745 
0.999432 0.0174246 0.0288494 -1.07059 -0.0173238 0.999843 -0.00373914 -4.78023 -0.02891 0.00323728 0.999577 262.28 
0.999466 0.0160903 0.0284507 -1.05079 -0.0159715 0.999863 -0.00439603 -4.81547 -0.0285176 0.00393932 0.999586 263.831 
0.999489 0.0148206 0.028306 -1.03031 -0.0146713 0.999877 -0.00547174 -4.84925 -0.0283837 0.0050537 0.999584 265.404 
0.999487 0.0127785 0.029359 -1.02003 -0.0126706 0.999912 -0.00385824 -4.88044 -0.0294058 0.00348431 0.999562 266.965 
0.999491 0.010861 0.0299939 -1.00273 -0.0107938 0.999939 -0.00239929 -4.90574 -0.0300182 0.00207436 0.999547 268.489 
0.999493 0.00979703 0.0302986 -0.992661 -0.00969933 0.999947 -0.00336828 -4.93395 -0.03033 0.00307274 0.999535 270.03 
0.999476 0.00919908 0.0310218 -0.975778 -0.00906421 0.999949 -0.00448417 -4.9615 -0.0310615 0.00420068 0.999509 271.57 
0.999456 0.00997569 0.0314403 -0.95037 -0.00983374 0.999941 -0.00466498 -4.99883 -0.031485 0.00435331 0.999495 273.145 
0.999412 0.0116353 0.0322696 -0.927707 -0.0114899 0.999923 -0.00468574 -5.03342 -0.0323216 0.00431225 0.999468 274.702 
0.999351 0.0135591 0.0333597 -0.918184 -0.0133929 0.999897 -0.0052016 -5.06866 -0.0334268 0.00475148 0.99943 276.242 
0.999292 0.0148609 0.0345529 -0.899662 -0.0146769 0.999877 -0.00557043 -5.10326 -0.0346314 0.0050594 0.999387 277.813 
0.999255 0.0153777 0.0353912 -0.876116 -0.0151837 0.999868 -0.00574161 -5.14104 -0.0354749 0.00520001 0.999357 279.356 
0.999212 0.015802 0.0364091 -0.85353 -0.0155716 0.999857 -0.00660232 -5.17699 -0.0365083 0.00603021 0.999315 280.905 
0.999191 0.0147422 0.0374304 -0.82445 -0.0144815 0.999869 -0.00722656 -5.21024 -0.0375321 0.00667871 0.999273 282.496 
0.999162 0.0140309 0.0384442 -0.793274 -0.013779 0.999882 -0.00680818 -5.24965 -0.0385353 0.0062728 0.999238 284.027 
0.999161 0.0128994 0.0388623 -0.756563 -0.0126798 0.999902 -0.00589047 -5.2838 -0.0389345 0.00539281 0.999227 285.622 
0.999156 0.0119381 0.0393166 -0.724931 -0.0117332 0.999916 -0.00543875 -5.32053 -0.0393783 0.00497289 0.999212 287.171 
0.999165 0.0113016 0.0392602 -0.689045 -0.0109944 0.999907 -0.00802893 -5.35436 -0.0393474 0.00759062 0.999197 288.731 
0.999172 0.00984713 0.0394832 -0.666392 -0.00945146 0.999903 -0.0101942 -5.39371 -0.0395798 0.00981259 0.999168 290.263 
0.999187 0.0102571 0.0389796 -0.63463 -0.00986986 0.9999 -0.010114 -5.437 -0.0390795 0.00972107 0.999189 291.794 
0.999246 0.00915588 0.0377245 -0.600164 -0.00879474 0.999914 -0.00972692 -5.47764 -0.0378103 0.00938785 0.999241 293.351 
0.999283 0.00883004 0.0368319 -0.576803 -0.00846535 0.999914 -0.0100446 -5.52225 -0.0369175 0.00972562 0.999271 294.926 
0.999294 0.00919072 0.0364209 -0.551802 -0.00881471 0.999906 -0.0104699 -5.55895 -0.0365138 0.0101415 0.999282 296.496 
0.999328 0.00875525 0.0355864 -0.522375 -0.00841978 0.999919 -0.00956466 -5.60652 -0.0356673 0.00925865 0.999321 298.071 
0.999375 0.00737135 0.0345653 -0.499745 -0.00705141 0.999931 -0.00936762 -5.64401 -0.034632 0.00911808 0.999359 299.678 
0.999399 0.00830963 0.0336503 -0.474148 -0.00804837 0.999937 -0.00789067 -5.69046 -0.0337137 0.00761514 0.999403 301.231 
0.999401 0.0106736 0.0329291 -0.448103 -0.0104559 0.999922 -0.00677338 -5.72468 -0.0329989 0.00642506 0.999435 302.832 
0.999376 0.0103725 0.0337663 -0.432973 -0.0101453 0.999925 -0.00689154 -5.75123 -0.0338353 0.00654471 0.999406 304.434 
0.999335 0.0112588 0.0346931 -0.416299 -0.0110068 0.999912 -0.00744437 -5.78164 -0.0347739 0.0070576 0.99937 306.058 
0.999336 0.0098136 0.0350786 -0.397289 -0.00955922 0.999927 -0.00741079 -5.82107 -0.0351488 0.00707059 0.999357 307.672 
0.999356 0.00772897 0.0350546 -0.36566 -0.00744106 0.999938 -0.00833505 -5.85776 -0.0351168 0.00806888 0.999351 309.279 
0.999354 0.00627722 0.0353738 -0.33869 -0.00592599 0.999932 -0.0100241 -5.89748 -0.0354344 0.009808 0.999324 310.918 
0.99938 0.00545504 0.0347966 -0.303993 -0.00507148 0.999926 -0.0111004 -5.93988 -0.0348546 0.0109171 0.999333 312.533 
0.99945 0.00605817 0.0326018 -0.276779 -0.00566724 0.999911 -0.0120688 -5.9814 -0.0326721 0.0118774 0.999396 314.173 
0.999515 0.0068234 0.0303693 -0.253837 -0.00648711 0.999917 -0.0111566 -6.02905 -0.030443 0.0109542 0.999477 315.809 
0.999527 0.00788911 0.0297099 -0.229916 -0.00765802 0.99994 -0.00788246 -6.0644 -0.0297704 0.00765126 0.999528 317.469 
0.999524 0.00614061 0.0302346 -0.209383 -0.00599714 0.99997 -0.00483229 -6.10045 -0.0302634 0.00464871 0.999531 319.097 
0.99954 0.00492445 0.0299413 -0.18261 -0.00479966 0.99998 -0.00423699 -6.13382 -0.0299616 0.00409137 0.999543 320.741 
0.999544 0.00362886 0.0299715 -0.160027 -0.00346265 0.999978 -0.00559399 -6.16223 -0.0299912 0.0054877 0.999535 322.392 
0.99953 0.00238389 0.0305586 -0.147005 -0.00221512 0.999982 -0.00555389 -6.20468 -0.0305713 0.00548363 0.999518 324.042 
0.999501 0.00223933 0.0314953 -0.14813 -0.00207729 0.999984 -0.0051753 -6.24168 -0.0315064 0.00510733 0.999491 325.687 
0.999474 0.00260717 0.0323164 -0.130695 -0.00243338 0.999982 -0.00541472 -6.27612 -0.03233 0.00533328 0.999463 327.348 
0.999451 0.00372945 0.0329165 -0.11758 -0.00352203 0.999974 -0.00635566 -6.31288 -0.0329394 0.00623628 0.999438 329.001 
0.999424 0.00455301 0.0336349 -0.100608 -0.00431816 0.999966 -0.00705055 -6.34529 -0.0336659 0.00690129 0.999409 330.66 
0.999382 0.00348197 0.0349917 -0.0928091 -0.00330533 0.999982 -0.00510338 -6.38143 -0.0350089 0.00498461 0.999375 332.29 
0.999376 0.00250796 0.0352427 -0.0716881 -0.00235356 0.999988 -0.00442067 -6.4142 -0.0352534 0.00433501 0.999369 333.913 
0.999373 0.00154781 0.0353804 -0.0408337 -0.00135619 0.999984 -0.00543822 -6.45447 -0.0353883 0.00538687 0.999359 335.568 
0.999324 0.00309445 0.0366453 -0.053117 -0.0028968 0.999981 -0.00544445 -6.48846 -0.0366615 0.00533465 0.999314 337.174 
0.999327 0.00467144 0.0363772 -0.0244453 -0.00439969 0.999962 -0.00754572 -6.52655 -0.0364111 0.00738063 0.99931 338.801 
0.999319 0.00627418 0.0363514 -0.0112091 -0.00590398 0.99993 -0.0102811 -6.56928 -0.0364134 0.0100595 0.999286 340.416 
0.999321 0.00772127 0.0360157 0.00491846 -0.00737039 0.999924 -0.00986376 -6.61148 -0.0360891 0.00959166 0.999303 342.042 
0.999343 0.00844521 0.0352478 0.0229949 -0.00823201 0.999947 -0.00618809 -6.65577 -0.0352982 0.0058939 0.999359 343.664 
0.999373 0.00894077 0.0342554 0.0423745 -0.00883129 0.999955 -0.00334478 -6.69339 -0.0342838 0.00304021 0.999408 345.277 
0.999401 0.00953115 0.0332595 0.0658204 -0.00938098 0.999945 -0.00466687 -6.72751 -0.0333021 0.00435211 0.999436 346.88 
0.999456 0.0088938 0.0317631 0.0766617 -0.00870458 0.999944 -0.00608909 -6.76514 -0.0318155 0.00580933 0.999477 348.508 
0.999516 0.00756681 0.0301886 0.0989752 -0.00742704 0.999961 -0.00473785 -6.80351 -0.0302233 0.00451138 0.999533 350.131 
0.99955 0.00586507 0.0294086 0.120492 -0.00575472 0.999976 -0.0038342 -6.84722 -0.0294304 0.00366328 0.99956 351.767 
0.999563 0.00556512 0.0290226 0.133693 -0.00542349 0.999973 -0.00495504 -6.87782 -0.0290494 0.00479551 0.999567 353.387 
0.999574 0.00510532 0.0287455 0.149284 -0.00494176 0.999971 -0.00575679 -6.91278 -0.0287741 0.00561233 0.99957 355.014 
0.999574 0.00467673 0.0288146 0.168821 -0.00450614 0.999972 -0.00598056 -6.94661 -0.0288418 0.00584821 0.999567 356.642 
0.999576 0.00415061 0.028834 0.185997 -0.00397839 0.999974 -0.00602641 -6.98375 -0.0288583 0.00590918 0.999566 358.239 
0.999576 0.00371793 0.0288954 0.204323 -0.00352376 0.999971 -0.00676631 -7.01801 -0.0289198 0.00666166 0.99956 359.885 
0.999569 0.00350934 0.0291584 0.21981 -0.00329525 0.999967 -0.00738589 -7.05901 -0.0291834 0.00728666 0.999548 361.495 
0.999569 0.00290216 0.0292306 0.233817 -0.00269686 0.999971 -0.00705879 -7.10015 -0.0292503 0.00697695 0.999548 363.104 
0.999557 0.00310204 0.0296051 0.249299 -0.00286973 0.999965 -0.00788466 -7.13959 -0.0296285 0.00779625 0.999531 364.699 
0.999567 0.00211199 0.0293623 0.278257 -0.00184532 0.999957 -0.00910486 -7.18338 -0.0293803 0.00904678 0.999527 366.307 
0.999565 0.000748763 0.0294956 0.289182 -0.000532008 0.999973 -0.00735441 -7.217 -0.0295004 0.00733556 0.999538 367.909 
0.999571 -0.000761994 0.0292893 0.314044 0.000956818 0.999978 -0.00663682 -7.2516 -0.0292836 0.00666204 0.999549 369.519 
0.999579 -0.00117428 0.0289844 0.336571 0.00139447 0.99997 -0.00757636 -7.29094 -0.0289747 0.00761363 0.999551 371.121 
0.99957 0.000133924 0.0293068 0.349894 0.000105205 0.999967 -0.00815632 -7.33026 -0.029307 0.00815594 0.999537 372.72 
0.99956 0.00175353 0.0295965 0.363951 -0.00153419 0.999971 -0.00743048 -7.36477 -0.0296087 0.00738185 0.999534 374.324 
0.999539 0.0032769 0.0301992 0.371202 -0.00306528 0.99997 -0.00704968 -7.3929 -0.0302215 0.0069539 0.999519 375.925 
0.999528 0.00322228 0.0305415 0.391711 -0.00300441 0.99997 -0.00717557 -7.43412 -0.0305637 0.00708047 0.999508 377.546 
0.999529 0.00290405 0.0305591 0.411804 -0.00266481 0.999966 -0.00786509 -7.47769 -0.0305809 0.00777999 0.999502 379.154 
0.999518 0.0033954 0.0308533 0.424449 -0.00313304 0.999959 -0.00854669 -7.50734 -0.0308811 0.00844594 0.999487 380.779 
0.999501 0.00365609 0.0313655 0.445831 -0.00337987 0.999955 -0.0088536 -7.54521 -0.0313965 0.00874321 0.999469 382.395 
0.999499 0.00477153 0.0312998 0.468474 -0.00450322 0.999953 -0.00863581 -7.59078 -0.0313396 0.00849057 0.999473 384.019 
0.999487 0.00647294 0.0313779 0.498079 -0.00619106 0.99994 -0.00907098 -7.61115 -0.0314347 0.0088721 0.999466 385.683 
0.999477 0.0074791 0.0314484 0.522508 -0.00718082 0.999928 -0.00958561 -7.65127 -0.0315179 0.00935481 0.999459 387.335 
0.999468 0.008073 0.0315869 0.541925 -0.0077509 0.999917 -0.0103048 -7.69281 -0.0316675 0.0100546 0.999448 388.977 
0.999466 0.00861476 0.0315082 0.568656 -0.00828697 0.99991 -0.0105179 -7.7331 -0.031596 0.0102512 0.999448 390.604 
0.999451 0.00995752 0.0316145 0.594981 -0.00964447 0.999903 -0.0100379 -7.76815 -0.0317115 0.00972751 0.99945 392.226 
0.999421 0.0112273 0.0321114 0.609171 -0.0109187 0.999893 -0.00976712 -7.81141 -0.0322177 0.0094109 0.999437 393.865 
0.999404 0.0121028 0.0323418 0.631956 -0.0117695 0.999876 -0.0104745 -7.85453 -0.0324646 0.0100877 0.999422 395.498 
0.999391 0.0120876 0.0327287 0.650981 -0.0117571 0.999878 -0.0102698 -7.89961 -0.0328489 0.00987879 0.999412 397.132 
0.999399 0.0115757 0.0326609 0.682021 -0.0112576 0.999888 -0.00990637 -7.93778 -0.032772 0.00953278 0.999417 398.787 
0.999398 0.0114799 0.0327399 0.706495 -0.0111328 0.99988 -0.0107635 -7.98418 -0.0328596 0.0103925 0.999406 400.409 
0.999393 0.0108644 0.0330992 0.728317 -0.0104801 0.999876 -0.0117606 -8.02955 -0.0332229 0.0114066 0.999383 402.029 
0.999393 0.0104418 0.0332465 0.751631 -0.0100524 0.999879 -0.0118565 -8.07637 -0.0333664 0.0115152 0.999377 403.676 
0.999391 0.00957306 0.0335612 0.774094 -0.00922296 0.999902 -0.0105699 -8.11393 -0.0336591 0.0102539 0.999381 405.345 
0.999404 0.00806924 0.0335773 0.802865 -0.0077634 0.999927 -0.00922775 -8.15382 -0.0336493 0.00896161 0.999394 407.023 
0.999412 0.00629857 0.0337035 0.833744 -0.00597973 0.999937 -0.00955147 -8.2034 -0.0337616 0.00934436 0.999386 408.657 
0.999418 0.00510747 0.0337418 0.864187 -0.00476699 0.999937 -0.0101623 -8.24822 -0.0337916 0.00999557 0.999379 410.297 
