1 2.12261e-08 -2.11895e-08 0 2.12261e-08 1 2.10703e-08 0 -2.11895e-08 2.10703e-08 1 0 
0.999996 -0.00199665 -0.00177821 -0.00510584 0.0019955 0.999998 -0.000673641 -0.0124655 0.00177951 0.000670133 0.999998 0.569464 
0.999992 -0.00249243 -0.00300686 -0.0163515 0.00248637 0.999995 -0.0020326 -0.0252686 0.00301186 0.00202515 0.999993 1.14613 
0.999984 -0.00281814 -0.00497618 -0.0289199 0.00280144 0.99999 -0.00336828 -0.03901 0.00498558 0.00335433 0.999982 1.71237 
0.999966 -0.00485422 -0.00663328 -0.045926 0.00481959 0.999975 -0.00523415 -0.0463226 0.00665848 0.00520205 0.999964 2.27558 
0.999938 -0.00728903 -0.00845535 -0.0507803 0.00722896 0.999949 -0.0071173 -0.0587991 0.00850675 0.00705578 0.999939 2.85247 
0.999913 -0.00863467 -0.00993671 -0.062282 0.00855551 0.999932 -0.00798577 -0.0678033 0.0100049 0.0079001 0.999919 3.4326 
0.999895 -0.00892765 -0.0114007 -0.0778434 0.00884334 0.999933 -0.00742809 -0.079305 0.0114663 0.00732653 0.999907 4.0218 
0.999876 -0.00938383 -0.0126392 -0.0946286 0.00928719 0.999927 -0.00768649 -0.0961933 0.0127103 0.0075682 0.999891 4.61189 
0.999871 -0.00858653 -0.0135705 -0.119199 0.00844878 0.999913 -0.0101782 -0.114875 0.0136567 0.0100622 0.999856 5.21205 
0.999868 -0.00670405 -0.0147756 -0.142521 0.0064947 0.999878 -0.0141741 -0.127543 0.0148687 0.0140763 0.99979 5.81683 
0.99986 -0.00537726 -0.0158561 -0.165098 0.00509467 0.999828 -0.0178117 -0.144283 0.0159491 0.0177285 0.999716 6.43089 
0.999854 -0.00350829 -0.0167414 -0.195384 0.00320749 0.999834 -0.0179632 -0.153787 0.0168016 0.0179069 0.999699 7.06005 
0.999839 -0.000991743 -0.0179461 -0.224274 0.000792062 0.999938 -0.0111328 -0.164187 0.017956 0.0111168 0.999777 7.72116 
0.999822 -4.88672e-05 -0.018881 -0.249658 3.47822e-05 1 -0.000748544 -0.175248 0.018881 0.000747797 0.999821 8.38687 
0.999808 0.00108003 -0.0195595 -0.279752 -0.000967235 0.999983 0.0057731 -0.187779 0.0195653 -0.00575304 0.999792 9.07206 
0.999783 0.00337237 -0.0205428 -0.315229 -0.00327323 0.999983 0.00485556 -0.203602 0.0205587 -0.00478723 0.999777 9.7544 
0.99976 0.00549576 -0.0212252 -0.35042 -0.00554513 0.999982 -0.00227018 -0.213881 0.0212123 0.00238737 0.999772 10.4504 
0.999737 0.00517625 -0.0223385 -0.380817 -0.00536688 0.99995 -0.00848413 -0.21196 0.0222934 0.00860183 0.999715 11.1679 
0.999714 0.00289668 -0.0237484 -0.403415 -0.00306146 0.999972 -0.00690712 -0.212478 0.0237277 0.00697789 0.999694 11.9064 
0.999707 0.00159764 -0.0241512 -0.435738 -0.00153963 0.999996 0.00241848 -0.222921 0.0241549 -0.00238054 0.999705 12.6781 
0.999695 0.00149191 -0.0246689 -0.47031 -0.0012491 0.999951 0.00985344 -0.231919 0.0246824 -0.00981958 0.999647 13.4618 
0.999682 0.00055158 -0.0252309 -0.504966 -0.000236964 0.999922 0.0124691 -0.237584 0.0252358 -0.0124591 0.999604 14.2609 
0.999676 -0.00151693 -0.025403 -0.53641 0.00180643 0.999934 0.0113757 -0.235748 0.0253841 -0.0114179 0.999613 15.0729 
0.999691 -0.00187012 -0.0247957 -0.572583 0.0020933 0.999958 0.00897594 -0.236433 0.0247779 -0.00902503 0.999652 15.895 
0.999709 0.000831015 -0.0241295 -0.615898 -0.000702163 0.999986 0.0053463 -0.236605 0.0241335 -0.00532776 0.999695 16.7378 
0.999733 -0.00209699 -0.0230026 -0.653106 0.00209189 0.999998 -0.000247759 -0.242832 0.023003 0.000199617 0.999735 17.6032 
0.999736 -0.0051748 -0.0223801 -0.682713 0.00503214 0.999967 -0.00642776 -0.254562 0.0224126 0.00631349 0.999729 18.4751 
0.999761 -0.00448372 -0.0213805 -0.71906 0.00423251 0.999922 -0.0117826 -0.26524 0.0214316 0.0116894 0.999702 19.373 
0.999769 -0.00340425 -0.0212286 -0.759428 0.00313169 0.999912 -0.0128615 -0.279292 0.0212705 0.0127921 0.999692 20.2876 
0.999757 -0.00344423 -0.0217653 -0.792302 0.00317427 0.999918 -0.0124273 -0.296284 0.0218063 0.0123553 0.999686 21.2217 
0.999755 -0.00174151 -0.0220898 -0.827898 0.00143473 0.999902 -0.013898 -0.319644 0.0221118 0.0138629 0.999659 22.1665 
0.999758 0.00137133 -0.0219398 -0.867413 -0.00172357 0.99987 -0.0160462 -0.343782 0.0219149 0.0160802 0.999631 23.1238 
0.999738 0.0046698 -0.0224071 -0.909826 -0.00504682 0.999846 -0.0168008 -0.367525 0.0223252 0.0169095 0.999608 24.0965 
0.999724 0.00626739 -0.022622 -0.949831 -0.00664814 0.999837 -0.0167972 -0.392182 0.022513 0.016943 0.999603 25.0746 
0.99971 0.00685817 -0.0230739 -0.989912 -0.00725176 0.999829 -0.0170195 -0.420876 0.0229532 0.0171819 0.999589 26.0572 
0.999704 0.00676196 -0.0233839 -1.0281 -0.00715883 0.999831 -0.0169319 -0.44702 0.0232654 0.0170943 0.999583 27.0508 
0.999686 0.00758568 -0.0238836 -1.073 -0.00796263 0.999845 -0.0157294 -0.478024 0.0237605 0.0159147 0.999591 28.0571 
0.999665 0.00804065 -0.0246204 -1.11098 -0.00838325 0.999869 -0.0138454 -0.507299 0.0245058 0.0140472 0.999601 29.0733 
0.999652 0.00873765 -0.0248766 -1.16142 -0.00905543 0.999878 -0.0126918 -0.537089 0.0247626 0.0129127 0.99961 30.086 
0.999652 0.00863684 -0.0249244 -1.20941 -0.0089775 0.999867 -0.0135899 -0.568174 0.0248037 0.0138089 0.999597 31.1094 
0.999626 0.00961762 -0.0255916 -1.25266 -0.00999197 0.999844 -0.0145421 -0.595603 0.0254477 0.0147925 0.999567 32.1446 
0.999622 0.00948086 -0.0258273 -1.30219 -0.00984337 0.999854 -0.013947 -0.620115 0.0256912 0.014196 0.999569 33.1886 
0.999601 0.00903022 -0.0267468 -1.34536 -0.00933082 0.999894 -0.0111368 -0.649885 0.0266434 0.0113819 0.99958 34.2421 
0.999589 0.00943823 -0.0270797 -1.39541 -0.00964698 0.999925 -0.0075901 -0.673873 0.027006 0.00784826 0.999605 35.2964 
0.999571 0.00961319 -0.0276748 -1.4459 -0.00975823 0.999939 -0.0051122 -0.69837 0.0276239 0.00538011 0.999604 36.3652 
0.99956 0.00964839 -0.0280568 -1.49593 -0.00978672 0.999941 -0.00479851 -0.720327 0.0280088 0.00507102 0.999595 37.4366 
0.99954 0.00954182 -0.028795 -1.54453 -0.009735 0.999931 -0.00657763 -0.737814 0.0287302 0.00685497 0.999564 38.5092 
0.99951 0.0100108 -0.0296474 -1.59974 -0.0102345 0.99992 -0.00740237 -0.758344 0.0295708 0.00770222 0.999533 39.5923 
0.999486 0.00987775 -0.0304837 -1.65106 -0.0100758 0.999929 -0.00634992 -0.778981 0.0304188 0.00665385 0.999515 40.682 
0.999458 0.00965685 -0.031477 -1.70128 -0.0097958 0.999943 -0.00426447 -0.803987 0.031434 0.00457055 0.999495 41.7797 
0.99943 0.0101591 -0.0321984 -1.75408 -0.0102257 0.999946 -0.00190577 -0.82379 0.0321773 0.00223397 0.99948 42.874 
0.999411 0.0112723 -0.0324152 -1.81638 -0.0113538 0.999933 -0.00233113 -0.844484 0.0323867 0.00269783 0.999472 43.9608 
0.999389 0.0123534 -0.0326913 -1.87425 -0.0125554 0.999903 -0.00598355 -0.870276 0.0326142 0.00639039 0.999448 45.0403 
0.999374 0.0135502 -0.0326724 -1.93411 -0.0138913 0.999851 -0.0102371 -0.893879 0.0325287 0.0106846 0.999414 46.1253 
0.999368 0.0140452 -0.0326446 -1.99005 -0.0143955 0.999841 -0.0105245 -0.922949 0.0324916 0.0109879 0.999412 47.2111 
0.999359 0.0144756 -0.0327321 -2.04411 -0.0147469 0.999859 -0.00806309 -0.948698 0.0326107 0.00854066 0.999432 48.3018 
0.999362 0.0154202 -0.0322115 -2.10768 -0.0156267 0.999859 -0.00617172 -0.973443 0.0321118 0.00667119 0.999462 49.3798 
0.999383 0.013761 -0.0323291 -2.15715 -0.0139166 0.999893 -0.00459676 -1.00185 0.0322623 0.00504387 0.999467 50.4748 
0.999383 0.0141928 -0.0321297 -2.21038 -0.0143828 0.99988 -0.0056897 -1.02609 0.0320451 0.00614835 0.999468 51.5593 
0.9994 0.0133699 -0.0319592 -2.26249 -0.0136125 0.99988 -0.00738785 -1.05214 0.0318566 0.0078185 0.999462 52.6511 
0.999417 0.0133505 -0.0314111 -2.31743 -0.0136594 0.99986 -0.0096424 -1.07858 0.0312779 0.0100659 0.99946 53.7418 
0.999439 0.0118684 -0.0313092 -2.36754 -0.0122468 0.999854 -0.0119226 -1.11202 0.0311631 0.0122994 0.999439 54.8338 
0.999458 0.0103751 -0.0312371 -2.41858 -0.0108518 0.999827 -0.0151338 -1.14438 0.0310747 0.0154646 0.999397 55.927 
0.999482 0.00871634 -0.0309724 -2.47132 -0.0092423 0.999815 -0.0168806 -1.17704 0.0308195 0.0171581 0.999378 57.0229 
0.999499 0.00689416 -0.0308988 -2.5184 -0.0073579 0.999862 -0.0149212 -1.20691 0.0307916 0.0151411 0.999411 58.111 
0.999507 0.00554048 -0.0309021 -2.5674 -0.00582225 0.999942 -0.00903699 -1.23723 0.0308502 0.0092125 0.999482 59.2072 
0.99951 0.00445614 -0.0309763 -2.61628 -0.00454792 0.999986 -0.00289463 -1.26506 0.0309629 0.00303413 0.999516 60.3118 
0.999513 0.00278706 -0.0310682 -2.66601 -0.00285263 0.999994 -0.00206779 -1.28812 0.0310622 0.00215545 0.999515 61.4107 
0.999514 -0.000803579 -0.0311765 -2.71057 0.000650311 0.999988 -0.00492731 -1.3115 0.03118 0.00490468 0.999502 62.5062 
0.999497 -0.00239232 -0.0316104 -2.75818 0.00212788 0.999963 -0.00839786 -1.32997 0.0316293 0.00832642 0.999465 63.5957 
0.999489 -0.000675163 -0.0319555 -2.81124 0.000280886 0.999924 -0.0123425 -1.36058 0.0319614 0.0123272 0.999413 64.687 
0.999485 -0.000519547 -0.0320901 -2.86194 -1.69267e-05 0.99986 -0.0167165 -1.38855 0.0320942 0.0167085 0.999345 65.7779 
0.999497 0.00250167 -0.0316024 -2.91566 -0.00305598 0.999842 -0.0175051 -1.42005 0.0315536 0.0175929 0.999347 66.881 
0.999499 0.00647293 -0.0309863 -2.97432 -0.00689288 0.999886 -0.0134668 -1.46164 0.0308955 0.0136737 0.999429 67.9887 
0.999484 0.00792797 -0.0311136 -3.03114 -0.00828733 0.9999 -0.0114391 -1.49536 0.0310198 0.0116911 0.99945 69.088 
0.999484 0.00704594 -0.0313427 -3.08004 -0.00738899 0.999914 -0.010844 -1.52167 0.0312636 0.0110701 0.99945 70.1923 
0.99949 0.00547172 -0.0314604 -3.13026 -0.00579188 0.999932 -0.0100961 -1.5519 0.0314029 0.0102732 0.999454 71.296 
0.999479 0.00441657 -0.0319643 -3.17608 -0.00469731 0.999951 -0.00871453 -1.58191 0.0319242 0.00886018 0.999451 72.3928 
0.999475 0.0030198 -0.0322659 -3.23145 -0.00323931 0.999972 -0.00675453 -1.60921 0.0322445 0.00685554 0.999457 73.4898 
0.999443 0.00185076 -0.0333328 -3.27747 -0.00201992 0.999985 -0.00504317 -1.63778 0.0333229 0.00510773 0.999432 74.5881 
0.999414 0.00062281 -0.0342172 -3.32753 -0.000840448 0.99998 -0.00634772 -1.66474 0.0342125 0.0063728 0.999394 75.6803 
0.999381 0.000887179 -0.0351562 -3.38192 -0.00124473 0.999948 -0.010151 -1.6934 0.0351453 0.0101885 0.99933 76.7738 
0.999345 0.00101973 -0.0361786 -3.43666 -0.00146801 0.999922 -0.0123677 -1.72284 0.0361631 0.0124127 0.999269 77.8608 
0.999308 0.00310991 -0.0370781 -3.49481 -0.00350877 0.999937 -0.010698 -1.75471 0.0370424 0.0108208 0.999255 78.9454 
0.999281 0.00388628 -0.0377117 -3.5586 -0.00413547 0.99997 -0.00653304 -1.78165 0.0376851 0.00668434 0.999267 80.0374 
0.999243 0.00563598 -0.0384876 -3.62181 -0.00573719 0.99998 -0.00252081 -1.80725 0.0384726 0.00273976 0.999256 81.1214 
0.999195 0.00646493 -0.0396058 -3.67766 -0.00655199 0.999976 -0.00206975 -1.82993 0.0395915 0.00232762 0.999213 82.2041 
0.999153 0.00640082 -0.0406608 -3.72711 -0.00657675 0.99997 -0.00419547 -1.8516 0.0406327 0.00445937 0.999164 83.2918 
0.999112 0.00620279 -0.0416637 -3.78407 -0.00641731 0.999967 -0.00501793 -1.87429 0.0416311 0.00528088 0.999119 84.3537 
0.99909 0.00554952 -0.0422806 -3.84877 -0.00577006 0.99997 -0.00509684 -1.90222 0.042251 0.00533621 0.999093 85.4108 
0.999073 0.00395542 -0.0428583 -3.91005 -0.0041713 0.999979 -0.00494969 -1.92715 0.0428378 0.00512392 0.999069 86.454 
0.999058 0.00266436 -0.0433076 -3.97757 -0.00281927 0.99999 -0.00351714 -1.95142 0.0432978 0.00363596 0.999056 87.4741 
0.999038 0.00260471 -0.0437702 -4.04508 -0.00264008 0.999996 -0.000751212 -1.97849 0.0437681 0.000866089 0.999041 88.4769 
0.998996 0.00168421 -0.0447667 -4.10644 -0.00167917 0.999999 0.000149417 -2.00301 0.0447668 -7.40531e-05 0.998998 89.4512 
0.998905 0.00092941 -0.0467789 -4.17312 -0.000913165 1 0.000367758 -2.02471 0.0467792 -0.000324596 0.998905 90.4176 
0.998746 -0.000277112 -0.0500628 -4.23007 0.000251643 1 -0.000515876 -2.04992 0.0500629 0.000502675 0.998746 91.3599 
0.99857 -7.98186e-05 -0.0534574 -4.29765 6.08155e-06 0.999999 -0.0013803 -2.0745 0.0534574 0.00137804 0.998569 92.279 
0.998394 -0.000334332 -0.0566494 -4.36399 0.00027178 0.999999 -0.00111264 -2.09694 0.0566497 0.0010955 0.998394 93.1752 
0.99822 0.000800234 -0.0596326 -4.4363 -0.000799679 1 3.24797e-05 -2.12019 0.0596325 1.53084e-05 0.99822 94.0469 
0.998035 0.00191805 -0.0626297 -4.50681 -0.00185401 0.999998 0.00108008 -2.14228 0.0626316 -0.000961796 0.998036 94.8887 
0.997845 0.00298727 -0.0655459 -4.57807 -0.00282157 0.999993 0.00261975 -2.16016 0.0655532 -0.00242912 0.997846 95.7074 
0.997679 0.00426798 -0.0679627 -4.65606 -0.00403723 0.999986 0.00353163 -2.18022 0.0679767 -0.00324901 0.997682 96.4922 
0.997513 0.00676153 -0.0701638 -4.73244 -0.00651088 0.999972 0.00379982 -2.1956 0.0701875 -0.00333349 0.997528 97.2608 
0.997324 0.00854871 -0.0726082 -4.80952 -0.00838238 0.999962 0.00259461 -2.21442 0.0726276 -0.00197899 0.997357 97.9928 
0.997139 0.00943848 -0.0749931 -4.88011 -0.00955258 0.999954 -0.00116352 -2.23341 0.0749786 0.00187661 0.997183 98.6996 
0.99693 0.0120849 -0.0773596 -4.95145 -0.012508 0.999909 -0.00498734 -2.24838 0.0772923 0.00593968 0.996991 99.3719 
0.99676 0.0139445 -0.0792169 -5.02081 -0.0146065 0.999863 -0.00778349 -2.26333 0.0790975 0.00891539 0.996827 100.03 
0.996683 0.0160985 -0.07978 -5.09188 -0.0168534 0.999819 -0.00879858 -2.28264 0.0796239 0.010114 0.996774 100.65 
0.996698 0.0184992 -0.0790679 -5.151 -0.0192275 0.999779 -0.00845949 -2.2992 0.0788939 0.00995187 0.996833 101.245 
0.996835 0.0224698 -0.0762516 -5.20836 -0.0230735 0.999709 -0.00704522 -2.31689 0.0760711 0.00878235 0.997064 101.816 
0.997188 0.025078 -0.0706187 -5.26102 -0.0255395 0.999658 -0.00563988 -2.33477 0.070453 0.00742763 0.997487 102.369 
0.997667 0.0258366 -0.0631923 -5.30262 -0.0261367 0.999651 -0.00392779 -2.34529 0.0630687 0.00557031 0.997994 102.895 
0.998237 0.0257007 -0.0534987 -5.3341 -0.0258194 0.999665 -0.00152943 -2.35738 0.0534414 0.00290808 0.998567 103.397 
0.998808 0.0254006 -0.0416716 -5.35493 -0.0254391 0.999676 -0.000395526 -2.36935 0.041648 0.00145519 0.999131 103.878 
0.999294 0.0246091 -0.0284012 -5.36499 -0.0246242 0.999697 -0.000185508 -2.38479 0.028388 0.000884777 0.999597 104.333 
0.999618 0.0242822 -0.0131989 -5.36755 -0.0242975 0.999704 -0.00100217 -2.39683 0.0131706 0.00132253 0.999912 104.768 
0.999732 0.0227029 0.00454158 -5.35478 -0.022685 0.999735 -0.0039565 -2.4112 -0.00463024 0.00385246 0.999982 105.189 
0.999425 0.0220214 0.0257992 -5.33453 -0.0218058 0.999725 -0.00861008 -2.42418 -0.0259818 0.0080426 0.99963 105.599 
0.998523 0.020251 0.0504218 -5.30269 -0.0195856 0.999715 -0.0136547 -2.43156 -0.050684 0.012647 0.998635 106 
0.996824 0.0177544 0.0776264 -5.25628 -0.0165316 0.999729 -0.0163662 -2.44448 -0.077896 0.015031 0.996848 106.395 
0.994033 0.014674 0.108089 -5.20592 -0.0128842 0.999768 -0.0172382 -2.46308 -0.108317 0.0157428 0.993992 106.778 
0.989953 0.0124205 0.140848 -5.12976 -0.00982362 0.999769 -0.0191173 -2.47579 -0.141053 0.0175417 0.989847 107.153 
0.98421 0.0100207 0.176722 -5.04073 -0.00648652 0.999768 -0.0205649 -2.49195 -0.176887 0.0190939 0.984046 107.518 
0.976532 0.00691659 0.215261 -4.93392 -0.00243936 0.999775 -0.0210575 -2.50471 -0.215359 0.0200383 0.976329 107.873 
0.966755 0.00471826 0.25566 -4.8191 0.00087732 0.999763 -0.0217682 -2.52059 -0.255702 0.0212688 0.966522 108.218 
0.954581 0.00547112 0.297901 -4.69718 0.00124078 0.99975 -0.0223367 -2.54192 -0.297949 0.0216918 0.954335 108.549 
0.939401 0.00775918 0.342732 -4.56399 0.000103621 0.999737 -0.0229171 -2.55468 -0.34282 0.0215639 0.939154 108.868 
0.921802 0.00763471 0.387587 -4.40806 0.000742513 0.999769 -0.0214593 -2.56933 -0.387661 0.020069 0.921583 109.174 
0.901504 0.00701498 0.432715 -4.23994 0.00183587 0.999798 -0.0200329 -2.58362 -0.432768 0.0188542 0.901308 109.473 
0.878383 0.0055662 0.477925 -4.05569 0.00464888 0.999785 -0.0201882 -2.59971 -0.477935 0.0199548 0.878169 109.754 
0.85305 0.0061264 0.521793 -3.86128 0.00627434 0.999738 -0.0219955 -2.61675 -0.521791 0.0220372 0.852789 110.022 
0.825102 0.00830743 0.564923 -3.65277 0.007035 0.999663 -0.0249754 -2.63458 -0.564941 0.0245815 0.824765 110.289 
0.794059 0.0130764 0.6077 -3.43257 0.0058294 0.999559 -0.0291253 -2.65046 -0.607813 0.0266698 0.793632 110.546 
0.75968 0.0195748 0.650003 -3.19873 0.0026667 0.999445 -0.0332149 -2.65922 -0.650292 0.0269661 0.759206 110.796 
0.72177 0.0242366 0.691709 -2.94538 0.000385664 0.999373 -0.0354191 -2.67561 -0.692133 0.0258312 0.721307 111.037 
0.68183 0.0245492 0.731098 -2.66806 0.00264852 0.999347 -0.0360266 -2.69067 -0.731506 0.0265004 0.68132 111.262 
0.639996 0.0219902 0.768064 -2.36824 0.00682016 0.999388 -0.0342961 -2.70519 -0.768348 0.0271877 0.639454 111.477 
0.595246 0.0202193 0.803289 -2.05788 0.00824152 0.999477 -0.0312645 -2.71654 -0.803501 0.0252304 0.594768 111.674 
0.548124 0.0189279 0.836183 -1.73535 0.00935198 0.999543 -0.028756 -2.72519 -0.836345 0.0235818 0.547697 111.857 
0.499405 0.016247 0.866216 -1.39248 0.0113267 0.999616 -0.0252793 -2.74088 -0.866294 0.022436 0.49903 112.028 
0.447984 0.0126343 0.893952 -1.03886 0.0139116 0.999681 -0.0210999 -2.7531 -0.893933 0.0218887 0.447665 112.177 
0.395609 0.012826 0.918329 -0.686401 0.0113785 0.999757 -0.018865 -2.7704 -0.918349 0.0179124 0.395367 112.308 
0.34391 0.0177972 0.938834 -0.321574 0.00767204 0.999734 -0.021762 -2.78519 -0.938971 0.014687 0.343682 112.423 
0.293107 0.0228222 0.955807 0.0544627 0.00715944 0.999635 -0.0260642 -2.7966 -0.956053 0.0144827 0.292837 112.515 
0.246111 0.0248656 0.968923 0.447293 0.00837623 0.999579 -0.0277799 -2.81259 -0.969206 0.0149529 0.245799 112.588 
0.204555 0.0244233 0.97855 0.852154 0.0156013 0.99948 -0.0282069 -2.82982 -0.978731 0.0210365 0.204067 112.643 
0.169215 0.024327 0.985279 1.27955 0.0228868 0.999329 -0.0286045 -2.84272 -0.985314 0.0273902 0.168544 112.687 
0.138744 0.025617 0.989997 1.72327 0.0274016 0.999183 -0.0296949 -2.85426 -0.989949 0.0312475 0.137929 112.728 
0.11034 0.0244874 0.993592 2.19622 0.0249483 0.999313 -0.0273989 -2.86753 -0.993581 0.0278116 0.109653 112.781 
0.0848368 0.0209575 0.996174 2.68259 0.0187364 0.999568 -0.0226245 -2.88329 -0.996219 0.0205841 0.0844075 112.824 
0.0609575 0.0171343 0.997993 3.18145 0.0135584 0.999746 -0.0179925 -2.89976 -0.998048 0.014628 0.0607097 112.855 
0.0382863 0.0147694 0.999158 3.69908 0.0177684 0.999723 -0.0154585 -2.91774 -0.999109 0.0183453 0.0380132 112.863 
0.0182213 0.0153939 0.999716 4.24688 0.0259747 0.999537 -0.0158645 -2.93534 -0.999497 0.0262563 0.017813 112.859 
0.000649687 0.0177371 0.999843 4.78835 0.0309856 0.999362 -0.0177487 -2.95277 -0.99952 0.0309923 9.96768e-05 112.856 
-0.0144088 0.0227072 0.999638 5.32881 0.0310264 0.999271 -0.0222516 -2.97661 -0.999415 0.0306946 -0.0151029 112.856 
-0.02513 0.0272239 0.999313 5.92276 0.0284222 0.999245 -0.0265072 -2.99112 -0.99928 0.0277365 -0.0258848 112.847 
-0.0314857 0.0270903 0.999137 6.53966 0.0309175 0.999181 -0.0261171 -3.00474 -0.999026 0.0300685 -0.0322975 112.829 
-0.0343583 0.023864 0.999125 7.17816 0.0371096 0.999056 -0.0225862 -3.02638 -0.99872 0.0363011 -0.0352114 112.811 
-0.0336436 0.02229 0.999185 7.8393 0.038527 0.999037 -0.0209894 -3.04456 -0.998691 0.0377895 -0.03447 112.79 
-0.031747 0.0218958 0.999256 8.52829 0.0373137 0.999089 -0.0207067 -3.06683 -0.998799 0.0366286 -0.0325351 112.787 
-0.0303829 0.0223117 0.999289 9.22218 0.0337548 0.999204 -0.0212835 -3.08888 -0.998968 0.0330842 -0.0311119 112.789 
-0.0291705 0.0236583 0.999294 9.93972 0.0328261 0.999203 -0.0226978 -3.10782 -0.999035 0.0321409 -0.0299238 112.785 
-0.0282229 0.0242668 0.999307 10.6697 0.0327367 0.999192 -0.0233393 -3.13316 -0.999065 0.0320553 -0.0289945 112.78 
-0.0273514 0.0238199 0.999342 11.4215 0.0322044 0.999218 -0.0229354 -3.15971 -0.999107 0.0315559 -0.0280972 112.774 
-0.0267159 0.0224264 0.999392 12.1864 0.0311675 0.999281 -0.0215907 -3.18844 -0.999157 0.0305717 -0.0273957 112.774 
-0.0262233 0.0212848 0.99943 12.9661 0.0320336 0.999278 -0.020441 -3.21104 -0.999143 0.0314793 -0.0268862 112.768 
-0.0268398 0.0189321 0.99946 13.7428 0.032548 0.999307 -0.0180551 -3.23693 -0.99911 0.0320459 -0.0274374 112.76 
-0.0277218 0.0173666 0.999465 14.543 0.030295 0.999404 -0.0165252 -3.26112 -0.999157 0.0298207 -0.0282314 112.748 
-0.02918 0.0163029 0.999441 15.3379 0.0292139 0.999454 -0.0154502 -3.28352 -0.999147 0.0287467 -0.0296403 112.746 
-0.0303631 0.0137968 0.999444 16.1529 0.0316928 0.999415 -0.0128336 -3.30375 -0.999036 0.0312855 -0.0307826 112.734 
-0.031451 0.012198 0.999431 16.9726 0.0331363 0.999389 -0.0111547 -3.32457 -0.998956 0.0327666 -0.031836 112.718 
-0.0329185 0.0114664 0.999392 17.8061 0.0305152 0.99948 -0.0104622 -3.34815 -0.998992 0.0301522 -0.0332513 112.704 
-0.0336106 0.0160727 0.999306 18.6356 0.0279803 0.999494 -0.0151346 -3.37265 -0.999043 0.0274522 -0.0340433 112.689 
-0.034412 0.0208537 0.99919 19.4665 0.029191 0.999377 -0.0198522 -3.39402 -0.998981 0.0284842 -0.0349992 112.671 
-0.0352635 0.0224787 0.999125 20.3056 0.0295143 0.999334 -0.0214417 -3.42073 -0.998942 0.0287324 -0.0359035 112.652 
-0.0368934 0.0203546 0.999112 21.1482 0.0260779 0.999472 -0.019399 -3.44802 -0.998979 0.025339 -0.0374047 112.644 
-0.0380885 0.0162211 0.999143 22.0013 0.0231182 0.999615 -0.0153474 -3.47694 -0.999007 0.0225139 -0.0384488 112.634 
-0.0382173 0.0108477 0.999211 22.8498 0.0216199 0.999716 -0.0100262 -3.50542 -0.999036 0.0212196 -0.038441 112.616 
-0.0386223 0.00530723 0.99924 23.7071 0.0180342 0.999827 -0.00461326 -3.52622 -0.999091 0.0178423 -0.0387113 112.606 
-0.0388982 0.00386113 0.999236 24.565 0.0155738 0.999873 -0.0032573 -3.55333 -0.999122 0.0154352 -0.0389534 112.6 
-0.0381002 0.0107891 0.999216 25.4079 0.0181754 0.999784 -0.0101021 -3.57919 -0.999109 0.0177763 -0.0382881 112.581 
-0.0369831 0.0219739 0.999074 26.2384 0.0205378 0.999564 -0.0212243 -3.6025 -0.999105 0.0197338 -0.0374183 112.562 
-0.0367279 0.0271459 0.998957 27.0813 0.0220697 0.999409 -0.0263467 -3.6272 -0.999082 0.021079 -0.0373053 112.548 
-0.0354282 0.0213787 0.999144 27.923 0.0236401 0.999509 -0.0205483 -3.65849 -0.999093 0.0228918 -0.0359162 112.532 
-0.034331 0.0135591 0.999319 28.7665 0.026636 0.999565 -0.0126474 -3.68947 -0.999056 0.0261836 -0.0346772 112.511 
-0.0338561 0.0106725 0.99937 29.599 0.0278651 0.999564 -0.00973057 -3.71551 -0.999038 0.0275181 -0.0341388 112.494 
-0.0341389 0.0113103 0.999353 30.4234 0.026497 0.999595 -0.0104079 -3.74085 -0.999066 0.0261246 -0.0344248 112.485 
-0.0349011 0.0120497 0.999318 31.2454 0.0231916 0.999668 -0.0112439 -3.76574 -0.999122 0.0227834 -0.0351689 112.475 
-0.0362861 0.012251 0.999266 32.0575 0.0212308 0.999709 -0.0114854 -3.79036 -0.999116 0.0207985 -0.0365356 112.45 
-0.0382932 0.0121464 0.999193 32.8692 0.0206781 0.999722 -0.0113604 -3.81617 -0.999053 0.0202264 -0.0385337 112.431 
-0.0400943 0.0126249 0.999116 33.6889 0.0199644 0.999731 -0.0118314 -3.84077 -0.998996 0.0194724 -0.0403355 112.41 
-0.0421631 0.0129085 0.999027 34.4965 0.0180344 0.999764 -0.0121568 -3.86505 -0.998948 0.0175043 -0.0423859 112.394 
-0.0441772 0.012053 0.998951 35.2968 0.0160544 0.999807 -0.0113533 -3.88818 -0.998895 0.015536 -0.0443622 112.377 
-0.0462696 0.0110444 0.998868 36.1 0.0167295 0.999807 -0.0102798 -3.91279 -0.998789 0.0162349 -0.0464455 112.357 
-0.0478083 0.011329 0.998792 36.889 0.0166514 0.999806 -0.0105434 -3.93464 -0.998718 0.0161272 -0.0479877 112.329 
-0.0496737 0.0124057 0.998688 37.6764 0.0167031 0.999793 -0.0115886 -3.95991 -0.998626 0.0161056 -0.0498707 112.308 
-0.050409 0.0123919 0.998652 38.4577 0.0170103 0.999789 -0.0115474 -3.98791 -0.998584 0.0164053 -0.0506091 112.278 
-0.0515675 0.0111578 0.998607 39.2387 0.0186465 0.999774 -0.0102079 -4.01203 -0.998495 0.0180942 -0.0517639 112.25 
-0.0529897 0.0104418 0.998541 40.0194 0.0187614 0.999779 -0.00945908 -4.03592 -0.998419 0.0182328 -0.0531739 112.225 
-0.054646 0.0100828 0.998455 40.7932 0.0175027 0.999805 -0.00913851 -4.06005 -0.998352 0.0169762 -0.0548119 112.205 
-0.0558461 0.00901607 0.998399 41.5496 0.0155055 0.999847 -0.00816179 -4.08325 -0.998319 0.0150248 -0.0559774 112.182 
-0.0565944 0.00780027 0.998367 42.2965 0.0144121 0.999872 -0.00699501 -4.10496 -0.998293 0.0139927 -0.0566996 112.158 
-0.0576671 0.00762809 0.998307 43.0206 0.0146089 0.99987 -0.00679611 -4.1268 -0.998229 0.0141922 -0.0577711 112.137 
-0.057824 0.00997487 0.998277 43.7283 0.0147602 0.999849 -0.00913558 -4.15064 -0.998218 0.0142065 -0.0579625 112.11 
-0.0576054 0.0125551 0.998261 44.4278 0.0144907 0.999826 -0.0117385 -4.17555 -0.998234 0.0137893 -0.0577773 112.082 
-0.0577284 0.0142834 0.99823 45.1261 0.0126529 0.999828 -0.0135744 -4.19694 -0.998252 0.0118468 -0.0578991 112.058 
-0.057713 0.0149976 0.998221 45.8205 0.0132669 0.99981 -0.0142544 -4.22209 -0.998245 0.0124206 -0.0579011 112.028 
-0.0573193 0.015055 0.998242 46.5169 0.0147676 0.99979 -0.0142303 -4.24303 -0.998247 0.013926 -0.0575296 111.994 
-0.05717 0.0147127 0.998256 47.2077 0.0161608 0.999774 -0.0138095 -4.26352 -0.998234 0.0153431 -0.0573948 111.962 
-0.0574238 0.0148597 0.998239 47.894 0.0122441 0.999825 -0.014179 -4.28689 -0.998275 0.0114083 -0.0575957 111.942 
-0.0568343 0.0149311 0.998272 48.5716 0.0100895 0.999846 -0.0143802 -4.31432 -0.998333 0.00925473 -0.0569762 111.916 
-0.0565281 0.0137881 0.998306 49.2555 0.0124627 0.999837 -0.0131035 -4.33592 -0.998323 0.0117009 -0.0566907 111.885 
-0.0573777 0.0132781 0.998264 49.9294 0.0125428 0.999842 -0.0125781 -4.35422 -0.998274 0.0117994 -0.0575352 111.855 
-0.0608854 0.0129106 0.998061 50.6083 0.00986833 0.999875 -0.012332 -4.37682 -0.998096 0.00909835 -0.0610052 111.83 
-0.0662173 0.0125091 0.997727 51.2937 0.00608936 0.999908 -0.0121323 -4.40158 -0.997787 0.00527214 -0.0662874 111.807 
-0.0718704 0.0162318 0.997282 51.9667 0.00964404 0.999832 -0.0155783 -4.4213 -0.997367 0.00849821 -0.0720148 111.766 
-0.0785202 0.0194732 0.996722 52.6444 0.0120191 0.999755 -0.0185856 -4.43536 -0.99684 0.0105203 -0.0787351 111.721 
-0.0856096 0.0210466 0.996106 53.3175 0.0116645 0.99973 -0.0201206 -4.45773 -0.996261 0.00989661 -0.0858319 111.672 
-0.0917414 0.0201298 0.995579 53.997 0.00774188 0.99978 -0.0195013 -4.48291 -0.995753 0.00591858 -0.0918771 111.624 
-0.0970247 0.0191737 0.995097 54.6821 0.0078204 0.999798 -0.0185017 -4.50545 -0.995251 0.00598693 -0.0971551 111.569 
-0.10171 0.0199059 0.994615 55.3733 0.00539492 0.999796 -0.0194579 -4.52616 -0.9948 0.00338681 -0.101797 111.513 
-0.105561 0.0192116 0.994227 56.0723 0.00332853 0.999815 -0.0189661 -4.54908 -0.994407 0.00130723 -0.105605 111.455 
-0.107784 0.0163333 0.99404 56.7772 0.00411352 0.999864 -0.0159829 -4.56656 -0.994166 0.0023663 -0.107836 111.387 
-0.109609 0.0134341 0.993884 57.4905 0.00649095 0.999897 -0.0127995 -4.58534 -0.993954 0.00504831 -0.109684 111.32 
-0.110745 0.010725 0.993791 58.2121 0.00634609 0.999929 -0.010084 -4.60459 -0.993829 0.00518993 -0.110805 111.253 
-0.111893 0.0106039 0.993664 58.9381 0.0055286 0.999934 -0.0100482 -4.62239 -0.993705 0.00436925 -0.111944 111.187 
-0.111937 0.014497 0.99361 59.6665 0.00761293 0.999877 -0.0137307 -4.64015 -0.993686 0.00602731 -0.112033 111.115 
-0.111653 0.0188313 0.993569 60.4058 0.0135983 0.999756 -0.0174205 -4.65879 -0.993654 0.0115658 -0.111882 111.035 
-0.112201 0.0233179 0.993412 61.1524 0.0208549 0.99956 -0.0211067 -4.68714 -0.993467 0.0183493 -0.112638 110.954 
-0.112523 0.0249221 0.993337 61.8985 0.0219923 0.999503 -0.0225855 -4.70636 -0.993406 0.0193043 -0.113016 110.877 
-0.112638 0.0227307 0.993376 62.6477 0.0201156 0.999586 -0.0205918 -4.73242 -0.993432 0.017663 -0.113049 110.807 
-0.112242 0.0176789 0.993524 63.4031 0.0203442 0.999673 -0.0154899 -4.76091 -0.993473 0.0184739 -0.112565 110.733 
-0.111851 0.0156369 0.993602 64.1517 0.022578 0.999658 -0.0131906 -4.78714 -0.993468 0.0209582 -0.112166 110.653 
-0.112522 0.0152192 0.993533 64.899 0.0227217 0.999661 -0.0127397 -4.81355 -0.993389 0.0211412 -0.11283 110.579 
-0.114207 0.0162864 0.993324 65.6453 0.0215145 0.999672 -0.0139168 -4.83545 -0.993224 0.0197815 -0.114519 110.508 
-0.116039 0.0170158 0.993099 66.391 0.0208822 0.999674 -0.0146884 -4.85899 -0.993025 0.0190337 -0.116357 110.431 
-0.11796 0.0172141 0.992869 67.1374 0.0221723 0.999646 -0.0146973 -4.88385 -0.992771 0.0202805 -0.1183 110.354 
-0.119788 0.0173651 0.992648 67.8834 0.0223275 0.999641 -0.014793 -4.90684 -0.992548 0.0203913 -0.120133 110.278 
-0.12165 0.0172498 0.992423 68.6271 0.0227999 0.999634 -0.0145803 -4.92984 -0.992311 0.0208534 -0.121998 110.199 
-0.123175 0.0177975 0.992225 69.3789 0.0207475 0.999667 -0.0153554 -4.95049 -0.992168 0.0186948 -0.123503 110.122 
-0.124039 0.0193266 0.992089 70.1284 0.0211261 0.999635 -0.0168322 -4.97599 -0.992052 0.0188711 -0.124402 110.041 
-0.124972 0.019641 0.991966 70.9002 0.0198127 0.999654 -0.0172971 -5.00062 -0.991962 0.0174919 -0.125318 109.96 
-0.126286 0.0200738 0.991791 71.6741 0.0198307 0.999647 -0.0177076 -5.02329 -0.991796 0.0174317 -0.12664 109.88 
-0.127517 0.0185776 0.991662 72.4581 0.0202508 0.999665 -0.0161235 -5.04354 -0.99163 0.018026 -0.12785 109.801 
-0.12855 0.0164995 0.991566 73.2476 0.0176972 0.999741 -0.0143412 -5.06553 -0.991545 0.0157043 -0.128808 109.718 
-0.130462 0.0146353 0.991345 74.0445 0.0150013 0.999806 -0.0127859 -5.08645 -0.99134 0.0132034 -0.130656 109.637 
-0.132748 0.0139722 0.991051 74.8363 0.01602 0.9998 -0.0119497 -5.10917 -0.99102 0.0142904 -0.132945 109.547 
-0.134376 0.0143037 0.990827 75.6285 0.0174228 0.999775 -0.0120699 -5.13906 -0.990777 0.0156411 -0.134595 109.451 
-0.136734 0.015727 0.990483 76.431 0.0169592 0.999765 -0.0135331 -5.15948 -0.990463 0.0149474 -0.136969 109.361 
-0.138318 0.0196417 0.990193 77.2455 0.0185756 0.999679 -0.0172351 -5.17973 -0.990214 0.0160095 -0.138639 109.265 
-0.138725 0.0234385 0.990054 78.0537 0.0201864 0.999579 -0.0208355 -5.20853 -0.990125 0.0170952 -0.13914 109.162 
-0.139766 0.0274309 0.989805 78.872 0.0215553 0.999464 -0.0246549 -5.23661 -0.98995 0.0178897 -0.140282 109.062 
-0.13959 0.0284937 0.989799 79.7054 0.0236119 0.999398 -0.02544 -5.26749 -0.989928 0.0198199 -0.140179 108.959 
-0.138915 0.0279254 0.989911 80.5412 0.0273505 0.999329 -0.024353 -5.29958 -0.989927 0.0236915 -0.139585 108.852 
-0.138816 0.0259469 0.989978 81.3823 0.027864 0.999363 -0.0222857 -5.33242 -0.989926 0.0244912 -0.139451 108.749 
-0.138344 0.024648 0.990078 82.2307 0.027364 0.999404 -0.0210566 -5.35978 -0.990006 0.0241794 -0.138936 108.652 
-0.136664 0.0224199 0.990364 83.081 0.026568 0.999467 -0.0189597 -5.38747 -0.990261 0.0237209 -0.137187 108.557 
-0.134755 0.0192977 0.990691 83.9359 0.0272954 0.999503 -0.0157566 -5.41632 -0.990503 0.024918 -0.135215 108.453 
-0.133288 0.0160802 0.990947 84.7978 0.0277891 0.999536 -0.0124817 -5.44062 -0.990688 0.0258738 -0.133673 108.357 
-0.131405 0.0160979 0.991198 85.6718 0.0260817 0.999578 -0.0127762 -5.46487 -0.990986 0.0241732 -0.131769 108.258 
-0.130048 0.0203079 0.9913 86.5336 0.0273422 0.999484 -0.0168885 -5.49639 -0.991131 0.024908 -0.130536 108.163 
-0.128076 0.0266545 0.991406 87.3838 0.0276235 0.999347 -0.0232994 -5.52185 -0.99138 0.024402 -0.128729 108.071 
-0.126627 0.030114 0.991493 88.2479 0.0256668 0.999304 -0.0270732 -5.55211 -0.991618 0.0220202 -0.127312 107.979 
-0.125253 0.0275958 0.991741 89.1069 0.0241889 0.999401 -0.024754 -5.58964 -0.99183 0.0208887 -0.125845 107.889 
-0.123871 0.0252164 0.991978 89.9765 0.0252437 0.999434 -0.0222536 -5.62502 -0.991977 0.0222846 -0.124437 107.797 
-0.123071 0.0234524 0.992121 90.8367 0.025977 0.999454 -0.0204034 -5.66038 -0.992058 0.0232612 -0.123613 107.703 
-0.122141 0.0235414 0.992234 91.7139 0.0255549 0.999462 -0.0205671 -5.68614 -0.992184 0.0228444 -0.122677 107.609 
-0.121584 0.0235307 0.992302 92.5852 0.0252171 0.99947 -0.0206108 -5.72196 -0.992261 0.022517 -0.122113 107.519 
-0.120567 0.0219803 0.992462 93.4604 0.0280271 0.999432 -0.0187298 -5.74977 -0.99231 0.0255577 -0.121114 107.422 
-0.11914 0.0212864 0.992649 94.3346 0.0307917 0.999369 -0.0177347 -5.78321 -0.9924 0.0284525 -0.11972 107.324 
-0.117884 0.0228099 0.992765 95.1973 0.033092 0.999271 -0.0190299 -5.81137 -0.992476 0.0306093 -0.118553 107.226 
-0.116994 0.0249846 0.992818 96.0784 0.0334695 0.999215 -0.0212014 -5.84356 -0.992569 0.0307487 -0.117739 107.136 
-0.115749 0.0266132 0.992922 96.9445 0.0310277 0.99925 -0.0231657 -5.87619 -0.992794 0.0281267 -0.116488 107.043 
-0.114894 0.022515 0.993123 97.8115 0.0260492 0.999468 -0.0196452 -5.91098 -0.993036 0.0236129 -0.115419 106.961 
-0.114836 0.0205146 0.993173 98.6739 0.0213917 0.999606 -0.0181741 -5.94535 -0.993154 0.0191586 -0.115229 106.883 
-0.115432 0.020942 0.993095 99.5327 0.0185891 0.999648 -0.0189195 -5.98463 -0.993141 0.0162768 -0.115781 106.796 
-0.116228 0.0257868 0.992888 100.378 0.0153527 0.99959 -0.0241636 -6.01433 -0.993104 0.012435 -0.116576 106.712 
-0.117043 0.0281903 0.992727 101.221 0.0148142 0.999535 -0.026637 -6.05138 -0.993016 0.0115888 -0.117406 106.628 
-0.117216 0.0286064 0.992694 102.057 0.0156609 0.999514 -0.0269537 -6.08839 -0.992983 0.012387 -0.117607 106.541 
-0.117574 0.0279793 0.99267 102.885 0.0172331 0.99951 -0.026131 -6.12896 -0.992915 0.0140344 -0.117998 106.457 
-0.117903 0.0286239 0.992613 103.712 0.0186615 0.999472 -0.026605 -6.16734 -0.99285 0.0153868 -0.118375 106.37 
-0.118121 0.0320598 0.992482 104.536 0.0202502 0.999349 -0.0298715 -6.20509 -0.992793 0.0165695 -0.118693 106.281 
-0.118628 0.0332994 0.99238 105.352 0.0199502 0.999316 -0.0311473 -6.2451 -0.992738 0.0161032 -0.119211 106.197 
-0.119482 0.0335411 0.99227 106.164 0.0181982 0.999335 -0.0315886 -6.28495 -0.99267 0.0142832 -0.120013 106.113 
-0.121601 0.0324639 0.992048 106.969 0.0166532 0.999391 -0.0306628 -6.32476 -0.992439 0.0127921 -0.122068 106.031 
-0.124675 0.0336354 0.991627 107.774 0.016707 0.999355 -0.0317969 -6.36824 -0.992057 0.0126028 -0.125156 105.947 
-0.127934 0.0361897 0.991122 108.57 0.0163847 0.999275 -0.0343724 -6.41196 -0.991647 0.0118419 -0.128434 105.862 
-0.131337 0.0373334 0.990635 109.355 0.0143997 0.999257 -0.0357492 -6.4554 -0.991233 0.00956964 -0.131777 105.778 
-0.134811 0.0373541 0.990167 110.141 0.0145155 0.999256 -0.0357206 -6.49765 -0.990765 0.00955717 -0.135253 105.69 
-0.137693 0.0361077 0.989817 110.923 0.0159641 0.999286 -0.0342324 -6.54015 -0.990346 0.0110879 -0.138171 105.594 
-0.140015 0.0370286 0.989457 111.697 0.0177774 0.999233 -0.0348788 -6.58279 -0.98999 0.0127064 -0.140566 105.493 
-0.141939 0.041294 0.989014 112.468 0.0130425 0.999121 -0.0398442 -6.63025 -0.98979 0.00724372 -0.142353 105.402 
-0.143629 0.0482474 0.988455 113.236 0.0109773 0.998827 -0.0471586 -6.67898 -0.989571 0.00407719 -0.14399 105.308 
-0.146079 0.0514057 0.987936 114.005 0.0151308 0.998648 -0.0497257 -6.7188 -0.989157 0.00768438 -0.146659 105.201 
-0.148662 0.0495423 0.987646 114.778 0.0175262 0.998719 -0.0474596 -6.76412 -0.988733 0.0102542 -0.14934 105.091 
-0.151867 0.0418737 0.987514 115.554 0.0157081 0.999078 -0.0399483 -6.81281 -0.988276 0.00944511 -0.152385 104.989 
-0.154289 0.0396213 0.987231 116.326 0.0144936 0.999179 -0.0378357 -6.86375 -0.987919 0.00847086 -0.154737 104.887 
-0.155737 0.0425046 0.986884 117.086 0.0140059 0.999068 -0.0408191 -6.90712 -0.987699 0.0074651 -0.156188 104.775 
-0.158429 0.0459052 0.986303 117.841 0.0115138 0.998937 -0.0446437 -6.95014 -0.987303 0.00428322 -0.158789 104.67 
-0.161027 0.0484494 0.98576 118.584 0.0109133 0.998821 -0.0473085 -6.99722 -0.98689 0.00313994 -0.161366 104.564 
-0.162624 0.0525814 0.985286 119.323 0.015144 0.998594 -0.050792 -7.0489 -0.986572 0.00666117 -0.163192 104.449 
-0.164444 0.057535 0.984707 120.058 0.0157369 0.998323 -0.0557025 -7.09195 -0.986261 0.00633632 -0.165074 104.335 
-0.167144 0.0598376 0.984115 120.798 0.0152929 0.998194 -0.0580962 -7.14082 -0.985814 0.0053395 -0.167757 104.224 
-0.169467 0.0577775 0.983841 121.544 0.0164732 0.998307 -0.0557895 -7.1885 -0.985398 0.0067525 -0.170132 104.111 
-0.173395 0.0540436 0.983368 122.287 0.0205298 0.998475 -0.0512538 -7.24644 -0.984638 0.0113012 -0.17424 103.991 
-0.179062 0.0528314 0.982418 123.026 0.0229628 0.99851 -0.0495113 -7.29531 -0.98357 0.0136934 -0.180009 103.866 
-0.185307 0.051185 0.981347 123.758 0.0217024 0.998612 -0.0479875 -7.34916 -0.982441 0.0124052 -0.186161 103.742 
-0.193611 0.0517844 0.979711 124.493 0.0207487 0.998599 -0.0486824 -7.39458 -0.980859 0.0109022 -0.194415 103.609 
-0.204185 0.052532 0.977522 125.217 0.0200807 0.998574 -0.0494689 -7.43868 -0.978726 0.0095285 -0.204949 103.469 
-0.215891 0.0536398 0.974943 125.937 0.0207284 0.998517 -0.0503466 -7.48504 -0.976197 0.00933958 -0.216683 103.314 
-0.228677 0.0542628 0.971989 126.651 0.0221135 0.998477 -0.0505389 -7.53457 -0.973251 0.00993694 -0.229529 103.158 
-0.240205 0.054401 0.969197 127.356 0.0253046 0.99844 -0.0497709 -7.58035 -0.970392 0.01257 -0.241207 102.984 
-0.251218 0.0544623 0.966397 128.06 0.0287811 0.998395 -0.0487838 -7.62781 -0.967502 0.0155586 -0.252383 102.803 
-0.261429 0.0542981 0.963694 128.76 0.0326736 0.998342 -0.0473866 -7.6759 -0.964669 0.0190991 -0.26277 102.618 
-0.270302 0.0547711 0.961216 129.454 0.0384632 0.998198 -0.0460621 -7.72338 -0.962007 0.0245208 -0.271922 102.425 
-0.277915 0.0548458 0.959039 130.144 0.0438855 0.998051 -0.0443595 -7.76942 -0.959603 0.0297597 -0.27978 102.227 
-0.284338 0.055107 0.957139 130.84 0.0441347 0.998041 -0.0443507 -7.8145 -0.957708 0.0296324 -0.286213 102.031 
-0.289048 0.0531235 0.955839 131.525 0.0480088 0.998007 -0.0409491 -7.85766 -0.95611 0.0340524 -0.291023 101.83 
-0.290985 0.0504594 0.955396 132.21 0.0542892 0.99787 -0.0361678 -7.89702 -0.955186 0.0413434 -0.293104 101.622 
-0.292081 0.0491046 0.955132 132.882 0.0603162 0.997639 -0.0328452 -7.93262 -0.95449 0.0480165 -0.294353 101.417 
-0.2928 0.0477178 0.954982 133.553 0.0629303 0.99755 -0.0305502 -7.97325 -0.954101 0.0511523 -0.295085 101.216 
-0.292328 0.0530999 0.954843 134.213 0.0654789 0.997226 -0.0354102 -8.01062 -0.954074 0.0521707 -0.294994 101.021 
-0.290987 0.0564218 0.955062 134.879 0.0649783 0.99712 -0.0391089 -8.04597 -0.954518 0.0506781 -0.293815 100.83 
-0.290337 0.0565149 0.955254 135.539 0.0668009 0.997016 -0.0386823 -8.07961 -0.95459 0.0525809 -0.293246 100.641 
-0.288419 0.0548335 0.955933 136.195 0.0678306 0.997021 -0.0367248 -8.11857 -0.955099 0.0542494 -0.291279 100.45 
-0.286429 0.0519667 0.956691 136.85 0.0701899 0.996983 -0.0331407 -8.16046 -0.955527 0.0576576 -0.289212 100.259 
-0.285125 0.0525335 0.95705 137.497 0.0707503 0.996927 -0.0336444 -8.19894 -0.955876 0.0581187 -0.287966 100.075 
-0.282546 0.0550416 0.957673 138.14 0.0719255 0.996758 -0.0360675 -8.23316 -0.956554 0.0586904 -0.285588 99.8941 
-0.278348 0.0568151 0.958798 138.776 0.0731443 0.996604 -0.0378209 -8.26741 -0.957691 0.0596032 -0.281559 99.7197 
-0.272866 0.0558894 0.960427 139.411 0.0741818 0.996561 -0.0369163 -8.3044 -0.959188 0.061173 -0.276074 99.5486 
-0.267302 0.0541743 0.962089 140.043 0.0756682 0.996516 -0.0350895 -8.34125 -0.960637 0.06342 -0.27047 99.3805 
-0.262718 0.052328 0.963453 140.667 0.0750463 0.996612 -0.033665 -8.37724 -0.96195 0.0634591 -0.265754 99.2221 
-0.258419 0.0512212 0.964674 141.288 0.0753856 0.996617 -0.0327227 -8.41582 -0.963087 0.0642664 -0.261407 99.0634 
-0.254592 0.0496822 0.965772 141.914 0.0760245 0.996617 -0.0312278 -8.45076 -0.964056 0.065472 -0.257508 98.9123 
-0.250704 0.0482424 0.966861 142.528 0.0794657 0.996412 -0.0291117 -8.4803 -0.964797 0.0695338 -0.253638 98.7599 
-0.246913 0.0467404 0.96791 143.135 0.0814252 0.996304 -0.0273401 -8.5093 -0.965611 0.0720616 -0.249806 98.6116 
-0.243645 0.0450522 0.968818 143.743 0.0795322 0.996484 -0.0263374 -8.54612 -0.966598 0.0706352 -0.246372 98.474 
-0.239903 0.0462391 0.969695 144.343 0.0770704 0.99662 -0.0284557 -8.57787 -0.967733 0.0679082 -0.242655 98.3407 
-0.235221 0.049473 0.970682 144.93 0.0784342 0.996413 -0.0317778 -8.61208 -0.968772 0.0686598 -0.238258 98.2074 
-0.229513 0.0527177 0.971877 145.515 0.0801632 0.996163 -0.0351042 -8.64177 -0.969999 0.0698519 -0.232859 98.0776 
-0.222622 0.0534056 0.973441 146.101 0.0791229 0.996194 -0.0365588 -8.67584 -0.971689 0.0688826 -0.226001 97.9551 
-0.21415 0.0516478 0.975434 146.693 0.0758002 0.996469 -0.0361201 -8.71046 -0.973855 0.066203 -0.217309 97.8439 
