1 2.12261e-08 -2.11895e-08 0 2.12261e-08 1 2.10703e-08 0 -2.11895e-08 2.10703e-08 1 0 
0.999997 0.000871528 0.00215811 -0.0289444 -0.000868938 0.999999 -0.00118076 -0.0139698 -0.00215918 0.00117893 0.999997 1.22952 
0.999993 0.00108754 0.00358738 -0.0464175 -0.0010846 0.999999 -0.00081064 -0.02996 -0.0035883 0.000806786 0.999993 2.44179 
0.999989 0.000636848 0.0045945 -0.0639995 -0.000634735 1 -0.000451995 -0.0532069 -0.00459482 0.000449116 0.999989 3.6545 
0.999989 0.000117504 0.00478946 -0.0729487 -0.0001146 1 -0.000597738 -0.0699829 -0.00478958 0.000597224 0.999988 4.85902 
0.999985 8.29896e-05 0.00550267 -0.0856361 -8.1805e-05 1 -0.000207766 -0.0941872 -0.00550273 0.000207355 0.999985 6.06665 
0.99998 0.000583379 0.00627908 -0.101286 -0.000575857 0.999999 -0.00119278 -0.117783 -0.00627982 0.00118918 0.99998 7.27632 
0.999978 0.00019442 0.0066239 -0.109327 -0.000185178 0.999999 -0.00138932 -0.144785 -0.0066242 0.0013881 0.999977 8.48242 
0.99998 -0.00045278 0.00635735 -0.115897 0.000453001 1 -2.65222e-05 -0.163355 -0.00635738 2.94435e-05 0.99998 9.694 
0.999987 -0.00131052 0.00498616 -0.135652 0.00130747 0.999999 0.000622733 -0.180525 -0.00498702 -0.000616163 0.999987 10.8914 
0.999994 -0.00231356 0.00249373 -0.145052 0.00231398 0.999997 -0.00014594 -0.195153 -0.00249343 0.000151751 0.999997 12.0972 
0.999998 -0.00192773 0.000832678 -0.176918 0.00192839 0.999998 -0.000737732 -0.215833 -0.000831296 0.000739379 0.999999 13.2897 
0.999999 -0.00168233 -0.000311638 -0.206393 0.00168214 0.999998 -0.000723622 -0.240465 0.000312813 0.000723138 1 14.5042 
0.999999 -0.000645104 -0.00162623 -0.225562 0.000643405 0.999999 -0.00107116 -0.258543 0.00162688 0.00107015 0.999998 15.7098 
0.999996 -0.00143701 -0.00242482 -0.251285 0.00143425 0.999998 -0.00115735 -0.282411 0.00242643 0.00115391 0.999996 16.9161 
0.999995 -0.00179745 -0.00272098 -0.284149 0.00179548 0.999998 -0.000742378 -0.301261 0.00272227 0.000737531 0.999996 18.1314 
0.999992 -0.00235803 -0.00313545 -0.314001 0.00235599 0.999997 -0.000668784 -0.322449 0.00313697 0.000661435 0.999995 19.3426 
0.999991 -0.00229044 -0.00358928 -0.344122 0.00228455 0.999996 -0.0016557 -0.346757 0.00359302 0.00164753 0.999992 20.5622 
0.999987 -0.00227863 -0.00449133 -0.361579 0.00226728 0.999994 -0.00253984 -0.365123 0.00449705 0.00252967 0.999987 21.7845 
0.999986 -0.00131318 -0.00519708 -0.395332 0.00130234 0.999997 -0.00209704 -0.38706 0.00519977 0.00209028 0.999984 23.028 
0.999981 -0.00148158 -0.00592895 -0.428871 0.00146812 0.999996 -0.00228107 -0.413063 0.00593226 0.00227236 0.99998 24.2409 
0.999976 -0.00152804 -0.00673092 -0.463274 0.00150793 0.999994 -0.0029984 -0.435936 0.00673543 0.00298822 0.999973 25.4504 
0.999969 -0.00159901 -0.00769865 -0.493538 0.00158044 0.999996 -0.00242361 -0.45997 0.00770245 0.00241141 0.999967 26.6545 
0.999962 -0.00265916 -0.00835508 -0.524787 0.00265289 0.999996 -0.000765649 -0.479299 0.00835705 0.000743497 0.999965 27.8619 
0.999948 -0.0030904 -0.00968864 -0.546897 0.00308198 0.999995 -0.000887939 -0.501356 0.00969129 0.000858076 0.999953 29.0829 
0.999937 -0.00376075 -0.0105643 -0.577642 0.00374148 0.999991 -0.00184666 -0.522856 0.0105711 0.00180706 0.999943 30.2865 
0.999924 -0.00435885 -0.0115725 -0.611425 0.00432796 0.999987 -0.00269695 -0.551574 0.011584 0.0026467 0.999929 31.4991 
0.999912 -0.00401097 -0.0126149 -0.642579 0.003979 0.999989 -0.00256143 -0.579829 0.012625 0.00251105 0.999917 32.7002 
0.999903 -0.00468812 -0.0131149 -0.681249 0.00466188 0.999987 -0.00203408 -0.60705 0.0131242 0.00197278 0.999912 33.8959 
0.999893 -0.00481549 -0.013804 -0.721097 0.00479232 0.999987 -0.00171459 -0.63139 0.013812 0.0016483 0.999903 35.107 
0.999883 -0.00526082 -0.0143507 -0.761815 0.00523499 0.999985 -0.00183984 -0.655182 0.0143601 0.00176454 0.999895 36.3081 
0.99987 -0.0056215 -0.0150967 -0.798936 0.00559542 0.999983 -0.00177221 -0.681229 0.0151064 0.00168755 0.999885 37.5122 
0.999864 -0.00629844 -0.0152348 -0.835186 0.00627895 0.999979 -0.00132959 -0.699952 0.0152428 0.00123379 0.999883 38.7315 
0.999874 -0.00600588 -0.0146771 -0.892449 0.00599961 0.999982 -0.00047395 -0.714096 0.0146796 0.000385876 0.999892 39.9572 
0.999875 -0.0056943 -0.0147506 -0.9286 0.00570224 0.999984 0.000493785 -0.742201 0.0147475 -0.000577792 0.999891 41.18 
0.999879 -0.00506751 -0.0147157 -0.96899 0.00506801 0.999987 -5.75386e-06 -0.764609 0.0147155 -6.87836e-05 0.999892 42.4047 
0.999897 -0.0037439 -0.0138795 -1.02452 0.00374484 0.999993 3.88284e-05 -0.786287 0.0138792 -9.07584e-05 0.999904 43.6316 
0.99991 -0.00108846 -0.0133924 -1.06326 0.00111207 0.999998 0.00175194 -0.805944 0.0133905 -0.00176663 0.999909 44.8643 
0.999927 -0.00124877 -0.0120081 -1.0989 0.00130522 0.999988 0.00469088 -0.823005 0.0120021 -0.00470617 0.999917 46.0762 
0.999947 -0.000786158 -0.0102702 -1.13338 0.000863755 0.999971 0.0075492 -0.840617 0.0102639 -0.00755762 0.999919 47.2902 
0.999964 0.000374918 -0.00846372 -1.16939 -0.000284698 0.999943 0.0106533 -0.845881 0.00846719 -0.0106505 0.999907 48.5079 
0.999975 -0.000613475 -0.00712019 -1.20036 0.000698215 0.999929 0.0118991 -0.855357 0.00711234 -0.0119037 0.999904 49.7273 
0.999979 -0.00243163 -0.00605689 -1.21862 0.00249399 0.999944 0.0103025 -0.859483 0.00603146 -0.0103174 0.999929 50.9408 
0.999986 -0.0012745 -0.00505252 -1.24389 0.0013168 0.999964 0.00836953 -0.863305 0.00504163 -0.00837603 0.999952 52.1527 
0.999989 -0.00101631 -0.00450263 -1.26823 0.00105093 0.99997 0.00768186 -0.870525 0.00449465 -0.00768646 0.99996 53.3728 
0.999989 -0.00165256 -0.00443151 -1.292 0.00168486 0.999972 0.00728378 -0.886229 0.00441931 -0.00729112 0.999964 54.5831 
0.999984 -0.00245762 -0.0051489 -1.32384 0.00248919 0.999978 0.00612578 -0.899698 0.00513369 -0.00613846 0.999968 55.7987 
0.999976 -0.00204955 -0.0066344 -1.35649 0.00209265 0.999977 0.0064887 -0.912249 0.0066209 -0.00650238 0.999957 57.0058 
0.999967 -0.00207372 -0.00791028 -1.39216 0.00213529 0.999968 0.00777794 -0.923336 0.00789385 -0.00779453 0.999939 58.2244 
0.999958 -0.00182275 -0.00895811 -1.42586 0.00189466 0.999966 0.00802106 -0.936504 0.00894314 -0.00803765 0.999928 59.4358 
0.999951 -0.00112697 -0.00978942 -1.46171 0.00120288 0.999969 0.0077472 -0.950361 0.00978034 -0.00775855 0.999922 60.6442 
0.999951 -0.000862484 -0.00982597 -1.50383 0.000937364 0.999971 0.00761435 -0.966498 0.00981907 -0.00762315 0.999923 61.8702 
0.99995 -0.00162186 -0.0098425 -1.53986 0.00169365 0.999972 0.00728599 -0.983199 0.00983037 -0.00730225 0.999925 63.0795 
0.999945 -0.00279551 -0.010082 -1.5728 0.00285895 0.999976 0.00627856 -0.997046 0.0100641 -0.00630699 0.99993 64.2886 
0.999938 -0.00280021 -0.0107408 -1.60402 0.00288441 0.999965 0.00782792 -1.01579 0.0107185 -0.00785838 0.999912 65.4908 
0.999934 -0.00319815 -0.0110714 -1.63863 0.00330269 0.99995 0.00943309 -1.03348 0.0110407 -0.00946899 0.999894 66.7025 
0.999935 -0.00249192 -0.0111538 -1.67276 0.00257823 0.999967 0.00772668 -1.04621 0.0111341 -0.00775489 0.999908 67.9205 
0.999941 -0.00115651 -0.0107788 -1.71886 0.00122899 0.999977 0.00671679 -1.06159 0.0107708 -0.0067296 0.999919 69.1245 
0.999946 0.000991868 -0.0103357 -1.76437 -0.000920743 0.999976 0.00687988 -1.07491 0.0103422 -0.00686995 0.999923 70.3296 
0.99995 0.00291596 -0.00962051 -1.8109 -0.00284862 0.999971 0.00700207 -1.0881 0.00964061 -0.00697427 0.999929 71.5349 
0.999946 0.00446041 -0.00933902 -1.84817 -0.00439281 0.999964 0.00724203 -1.09941 0.00937094 -0.00720058 0.99993 72.7402 
0.999953 0.0052528 -0.00820716 -1.88378 -0.00518605 0.999954 0.00812808 -1.11209 0.00824943 -0.00808509 0.999933 73.9178 
0.999958 0.00698063 -0.00601223 -1.92086 -0.00692808 0.999938 0.00871085 -1.12249 0.00607262 -0.00866878 0.999944 75.1081 
0.99998 0.00536973 -0.00324625 -1.95128 -0.00534826 0.999964 0.00657267 -1.13972 0.00328138 -0.00655513 0.999973 76.2961 
0.999996 0.00258727 -0.000668835 -1.97028 -0.002586 0.999995 0.00182244 -1.15772 0.000673504 -0.00182067 0.999998 77.4793 
0.999991 0.0040118 0.00148965 -1.98832 -0.00401344 0.999991 0.00112368 -1.17114 -0.00148517 -0.00112961 0.999998 78.6611 
0.999987 0.00264663 0.00432301 -2.00506 -0.00266726 0.999985 0.00478198 -1.19033 -0.00431033 -0.00479341 0.999979 79.8398 
0.999965 0.00316508 0.00772276 -2.01891 -0.0032121 0.999976 0.00608874 -1.20727 -0.00770334 -0.0061133 0.999952 81.0188 
0.999918 0.00361766 0.0122707 -2.02979 -0.0036693 0.999985 0.00419135 -1.22082 -0.0122554 -0.00423599 0.999916 82.188 
0.999859 0.00281216 0.0165534 -2.04061 -0.0028374 0.999995 0.00150408 -1.24262 -0.0165492 -0.00155079 0.999862 83.3414 
0.999785 0.0020865 0.020627 -2.04381 -0.00204505 0.999996 -0.00202802 -1.26273 -0.0206312 0.00198544 0.999785 84.491 
0.999705 0.00106688 0.0242543 -2.03172 -0.00100026 0.999996 -0.00275696 -1.28935 -0.0242572 0.00273193 0.999702 85.6447 
0.9996 0.000833875 0.02826 -2.02648 -0.000806319 0.999999 -0.000984935 -1.31595 -0.0282609 0.000961796 0.9996 86.7858 
0.999479 0.00208768 0.0321988 -2.01407 -0.00207461 0.999998 -0.000437809 -1.33912 -0.0321997 0.000370823 0.999481 87.9463 
0.99933 0.00175993 0.0365568 -2.00559 -0.00165757 0.999995 -0.00282904 -1.35702 -0.0365617 0.00276659 0.999328 89.12 
0.999191 0.00137318 0.0401827 -1.98355 -0.00116851 0.999986 -0.00511562 -1.38287 -0.0401892 0.00506457 0.999179 90.2806 
0.999047 0.00181648 0.0436075 -1.95926 -0.00157733 0.999984 -0.00551675 -1.40743 -0.0436169 0.00544275 0.999034 91.4414 
0.998923 0.00027799 0.0464016 -1.92435 -7.70747e-05 0.999991 -0.00433073 -1.43163 -0.0464024 0.00432253 0.998914 92.6039 
0.99881 -0.000470915 0.0487723 -1.88276 0.000614904 0.999996 -0.00293641 -1.45244 -0.0487707 0.00296295 0.998806 93.7679 
0.998679 -0.00119773 0.0513789 -1.84082 0.00125338 0.999999 -0.00105012 -1.4774 -0.0513776 0.00111317 0.998679 94.9413 
0.998562 -0.00296799 0.0535259 -1.79595 0.00296971 0.999996 4.8065e-05 -1.49846 -0.0535258 0.000111002 0.998567 96.1099 
0.998412 -0.0034546 0.0562246 -1.7605 0.0035837 0.999991 -0.00219464 -1.51786 -0.0562166 0.00239269 0.998416 97.2959 
0.998266 -0.00445165 0.058698 -1.72641 0.0048298 0.999969 -0.00630127 -1.52333 -0.0586681 0.00657388 0.998256 98.4912 
0.998148 -0.00343947 0.0607329 -1.6792 0.00399557 0.999951 -0.00903676 -1.54846 -0.0606989 0.00926273 0.998113 99.6757 
0.998065 -0.00325965 0.0620902 -1.62358 0.00388883 0.999942 -0.0100144 -1.57029 -0.062054 0.0102365 0.99802 100.858 
0.998026 -0.00263364 0.0627433 -1.57756 0.0032469 0.999948 -0.00967341 -1.59172 -0.0627146 0.00985807 0.997983 102.014 
0.99806 -0.00237412 0.0622173 -1.53301 0.00288287 0.999963 -0.00808779 -1.61208 -0.0621958 0.0082515 0.99803 103.239 
0.998156 -0.00331072 0.06061 -1.46452 0.00372186 0.999971 -0.00667093 -1.6366 -0.0605862 0.00688425 0.998139 104.483 
0.998267 -0.00293174 0.058773 -1.42037 0.00327766 0.999978 -0.00578936 -1.66559 -0.0587548 0.00597201 0.998255 105.695 
0.998379 -0.0026283 0.0568622 -1.38984 0.0029376 0.999981 -0.00535584 -1.69119 -0.0568471 0.00551423 0.998368 106.939 
0.998547 -0.00208042 0.0538462 -1.34547 0.00237139 0.999983 -0.00533965 -1.71715 -0.0538343 0.00545962 0.998535 108.166 
0.99874 -0.000332051 0.0501885 -1.31101 0.000637735 0.999981 -0.00607395 -1.73855 -0.0501856 0.00609834 0.998721 109.392 
0.998927 -0.000196427 0.0463109 -1.2776 0.000448804 0.999985 -0.00543836 -1.76918 -0.0463092 0.00545335 0.998912 110.611 
0.9991 0.000525631 0.0424173 -1.25138 -0.00032789 0.999989 -0.0046676 -1.79197 -0.0424194 0.00464953 0.999089 111.837 
0.99927 0.000783231 0.0381895 -1.22339 -0.00064421 0.999993 -0.00365132 -1.82154 -0.0381921 0.0036241 0.999264 113.07 
0.999418 0.000669168 0.0341128 -1.21803 -0.000570253 0.999996 -0.00290803 -1.8552 -0.0341146 0.00288693 0.999414 114.335 
0.99956 0.00144434 0.0296273 -1.21633 -0.00135674 0.999995 -0.0029751 -1.88079 -0.0296315 0.00293363 0.999557 115.598 
0.999691 0.00226929 0.0247575 -1.21531 -0.0021958 0.999993 -0.00299354 -1.90432 -0.0247641 0.00293829 0.999689 116.843 
0.999799 0.00236795 0.0199084 -1.21714 -0.00230405 0.999992 -0.00322978 -1.93218 -0.0199159 0.0031833 0.999797 118.093 
0.999877 0.00349029 0.0152809 -1.22903 -0.00343317 0.999987 -0.00375995 -1.95808 -0.0152939 0.00370706 0.999876 119.344 
0.99992 0.00532071 0.0114809 -1.23517 -0.00527754 0.999979 -0.0037833 -1.98376 -0.0115008 0.00372245 0.999927 120.586 
0.999929 0.0072102 0.00947541 -1.26193 -0.00717501 0.999967 -0.00373793 -2.00672 -0.00950209 0.00366972 0.999948 121.877 
0.999926 0.00849714 0.00866303 -1.28518 -0.00846058 0.999955 -0.00424361 -2.02723 -0.00869874 0.00417005 0.999954 123.124 
0.999907 0.0107851 0.00834857 -1.31385 -0.0107503 0.999933 -0.00419771 -2.05117 -0.00839333 0.00410761 0.999956 124.374 
0.9999 0.0121108 0.00736946 -1.32473 -0.0120866 0.999922 -0.00330386 -2.07521 -0.00740893 0.0032145 0.999967 125.629 
0.999899 0.0123865 0.00703168 -1.34332 -0.0123666 0.999919 -0.00286788 -2.10178 -0.00706668 0.00278067 0.999971 126.893 
0.999854 0.0160806 0.00587002 -1.3627 -0.0160747 0.99987 -0.00105062 -2.12139 -0.0058862 0.000956146 0.999982 128.157 
0.999844 0.0168458 0.00530705 -1.38226 -0.0168572 0.999856 0.00212102 -2.14115 -0.00527059 -0.0022101 0.999984 129.425 
0.999862 0.0159307 0.00472347 -1.40346 -0.0159393 0.999871 0.00179852 -2.15905 -0.00469425 -0.00187352 0.999987 130.694 
0.999866 0.0158088 0.00423968 -1.42126 -0.01581 0.999875 0.000262458 -2.1764 -0.00423505 -0.000329411 0.999991 131.978 
0.999906 0.0131897 0.00383864 -1.45057 -0.0131946 0.999912 0.00124052 -2.19565 -0.00382198 -0.00129101 0.999992 133.277 
0.999934 0.0109809 0.00324863 -1.48262 -0.0109913 0.999935 0.00319749 -2.2136 -0.00321335 -0.00323294 0.99999 134.581 
0.999969 0.00745183 0.00257136 -1.49493 -0.00746453 0.99996 0.00498454 -2.22619 -0.00253416 -0.00500354 0.999984 135.868 
0.999984 0.0053245 0.00200889 -1.51111 -0.00533644 0.999968 0.00600434 -2.23972 -0.00197689 -0.00601492 0.99998 137.136 
0.999996 0.00118785 0.00250204 -1.53237 -0.00119795 0.999991 0.00405571 -2.25395 -0.00249725 -0.00405865 0.999989 138.41 
0.999996 -0.00167183 0.00244585 -1.55024 0.00166494 0.999995 0.00283105 -2.2664 -0.00245061 -0.00282692 0.999993 139.684 
0.999992 -0.00309073 0.0026248 -1.5666 0.00308374 0.999992 0.0026806 -2.2844 -0.0026331 -0.00267244 0.999993 140.952 
0.999991 -0.00296463 0.00310356 -1.58695 0.00295534 0.999991 0.00300494 -2.30229 -0.00311248 -0.0029957 0.999991 142.232 
0.999991 -0.0022185 0.00358791 -1.60783 0.00220099 0.999986 0.00488804 -2.31807 -0.00359875 -0.00488006 0.999982 143.519 
0.99999 -0.00030892 0.00451456 -1.62939 0.00028073 0.99998 0.00625292 -2.33239 -0.00451645 -0.00625155 0.99997 144.817 
0.999985 -8.89819e-05 0.00544103 -1.66033 6.35576e-05 0.999989 0.00468049 -2.35723 -0.00544142 -0.00468004 0.999974 146.127 
0.999982 0.000217101 0.00594086 -1.67631 -0.000232542 0.999997 0.00260578 -2.37014 -0.00594032 -0.00260707 0.999979 147.409 
0.999978 0.000269772 0.00657004 -1.69686 -0.00027089 1 0.00017578 -2.39173 -0.00657003 -0.000177514 0.999978 148.699 
0.999976 -0.00089193 0.00692741 -1.7111 0.000919564 0.999992 -0.00398086 -2.41307 -0.00692384 0.00398718 0.999968 149.993 
0.999973 -0.000792599 0.00736841 -1.72822 0.00084912 0.99997 -0.00766493 -2.44095 -0.00736216 0.00767102 0.999944 151.283 
0.999971 -0.000863594 0.00755091 -1.74233 0.000930732 0.99996 -0.00888672 -2.46986 -0.00754298 0.00889353 0.999932 152.572 
0.99997 -0.00114149 0.00767845 -1.76155 0.00120873 0.999961 -0.00875158 -2.50357 -0.0076682 0.00876064 0.999932 153.849 
0.999972 -0.000922017 0.00740235 -1.77792 0.000983495 0.999965 -0.00830015 -2.53784 -0.00739448 0.00830725 0.999938 155.14 
0.999974 -0.000108621 0.00718259 -1.79176 0.000163136 0.999971 -0.00758385 -2.56921 -0.0071816 0.00758487 0.999945 156.427 
0.999976 0.00026454 0.00699336 -1.80785 -0.000214844 0.999975 -0.00709993 -2.60086 -0.00699511 0.00709829 0.99995 157.71 
0.999978 0.000547254 0.00654276 -1.82653 -0.000499394 0.999973 -0.0073078 -2.63885 -0.00654662 0.00730442 0.999952 158.969 
0.999985 0.000638465 0.00541535 -1.83511 -0.000599169 0.999974 -0.0072471 -2.66861 -0.00541988 0.00724379 0.999959 160.252 
0.99999 8.67471e-06 0.00458963 -1.85196 1.871e-05 0.999982 -0.00595728 -2.70344 -0.00458964 0.00595735 0.999972 161.561 
0.999991 0.000817764 0.00419393 -1.87874 -0.000793807 0.999983 -0.00570062 -2.73574 -0.00419856 0.00569728 0.999975 162.828 
0.999993 0.0010139 0.00366384 -1.90232 -0.000990244 0.999979 -0.00644196 -2.77291 -0.00367033 0.00643833 0.999973 164.109 
0.999993 0.00151177 0.00329377 -1.92874 -0.00148703 0.999971 -0.00748654 -2.80669 -0.00330504 0.00748163 0.999967 165.386 
0.999995 0.00222062 0.0022783 -1.94385 -0.0022032 0.999969 -0.00760029 -2.83897 -0.00229515 0.00759527 0.999969 166.662 
0.999998 0.00168203 0.00144642 -1.96715 -0.00166983 0.999964 -0.00836473 -2.87642 -0.00146048 0.00836233 0.999964 167.926 
0.999998 0.00199393 0.000719556 -1.99164 -0.00198702 0.999954 -0.00942119 -2.90955 -0.00073835 0.00941978 0.999955 169.208 
0.999998 0.00180175 0.000321763 -2.03194 -0.0017988 0.999959 -0.00883636 -2.9494 -0.000337713 0.00883581 0.999961 170.479 
0.999998 0.00189807 -0.00045477 -2.05683 -0.00190135 0.999971 -0.007428 -2.98629 0.000440615 0.00742889 0.999972 171.756 
0.999998 0.00179909 -0.00110874 -2.08409 -0.00180691 0.999973 -0.00713222 -3.01899 0.00109584 0.00713425 0.999974 173.038 
0.999996 0.00174797 -0.00244 -2.10244 -0.00176438 0.999976 -0.00675689 -3.04908 0.00242809 0.00676121 0.999974 174.32 
0.999992 0.00254157 -0.00304036 -2.1368 -0.0025617 0.999975 -0.00664855 -3.07891 0.00302334 0.00665633 0.999973 175.612 
0.999992 0.00227414 -0.00325497 -2.17264 -0.00229773 0.999971 -0.00727659 -3.11607 0.00323829 0.00728405 0.999968 176.888 
0.999987 0.00346984 -0.0037616 -2.20451 -0.00349908 0.999963 -0.00780601 -3.14767 0.00373434 0.00781911 0.999962 178.167 
0.999987 0.00321589 -0.00403319 -2.24116 -0.00324599 0.999967 -0.00748812 -3.18108 0.00400893 0.00750116 0.999964 179.453 
0.999987 0.00336517 -0.0037602 -2.2771 -0.00339783 0.999956 -0.00872324 -3.21238 0.00373064 0.00873595 0.999955 180.739 
0.99999 0.00188269 -0.00400261 -2.30206 -0.00192374 0.999945 -0.0102857 -3.2469 0.00398298 0.0102934 0.999939 182.024 
0.99999 -0.000999095 -0.00438192 -2.32442 0.000955717 0.999951 -0.00989981 -3.2834 0.00439156 0.00989556 0.999941 183.3 
0.999988 -0.000928999 -0.00472376 -2.35591 0.000899176 0.99998 -0.00632044 -3.31502 0.00472949 0.00631617 0.999969 184.567 
0.999987 -0.00173651 -0.00475282 -2.38919 0.00172761 0.999997 -0.00188363 -3.34727 0.00475603 0.00187544 0.999987 185.835 
0.999988 -0.000791021 -0.00485614 -2.41508 0.000778756 0.999997 -0.00253574 -3.37396 0.00485809 0.00253197 0.999985 187.093 
0.99999 0.00128912 -0.00439987 -2.44977 -0.00131472 0.999982 -0.00583077 -3.39899 0.00439223 0.00583653 0.999973 188.333 
0.999988 0.00147521 -0.00476429 -2.48629 -0.00151346 0.999967 -0.00804373 -3.42848 0.00475222 0.00805088 0.999956 189.568 
0.999988 0.000563254 -0.00485329 -2.51593 -0.00060026 0.999971 -0.00763555 -3.46465 0.00484881 0.00763841 0.999959 190.82 
0.99999 0.00042992 -0.00450703 -2.54919 -0.00045845 0.99998 -0.00634046 -3.49987 0.00450417 0.00634251 0.99997 192.052 
0.999993 0.00123878 -0.00357347 -2.58352 -0.00125452 0.999989 -0.00441757 -3.52878 0.00356792 0.00442206 0.999984 193.305 
0.999997 0.000430261 -0.00240034 -2.61443 -0.000438951 0.999993 -0.00363897 -3.55704 0.00239871 0.00364005 0.999991 194.557 
0.999999 0.000452612 -0.000990886 -2.6417 -0.00045672 0.999991 -0.00419262 -3.58645 0.000988937 0.00419311 0.999991 195.802 
1 -0.000622048 0.000501633 -2.66693 0.000624929 0.999984 -0.00567889 -3.61715 -0.000498134 0.00567925 0.999984 197.039 
0.999998 -0.000883833 0.00174519 -2.68343 0.000896293 0.999974 -0.00712704 -3.65087 -0.00173889 0.00712864 0.999973 198.278 
0.999993 -0.00157946 0.0033904 -2.71029 0.00160497 0.99997 -0.00752102 -3.68696 -0.00337846 0.00752645 0.999966 199.508 
0.999987 -0.0010411 0.00506623 -2.73258 0.00107587 0.999976 -0.0068579 -3.71897 -0.00505901 0.00686331 0.999964 200.734 
0.999979 -0.00132942 0.00634483 -2.74801 0.00136115 0.999987 -0.00499182 -3.75099 -0.00633816 0.0050004 0.999967 201.948 
0.999972 -0.000601039 0.00744451 -2.76393 0.000635157 0.999989 -0.00457573 -3.77894 -0.00744172 0.00458037 0.999962 203.163 
0.999964 -0.000979115 0.00840231 -2.77746 0.00101913 0.999988 -0.00475448 -3.80641 -0.0083976 0.00476291 0.999953 204.39 
0.999952 -0.00145708 0.00965159 -2.80324 0.00150143 0.999988 -0.00458519 -3.83685 -0.00964483 0.0045995 0.999943 205.603 
0.999943 -0.00161108 0.0105439 -2.80795 0.001658 0.999989 -0.00443847 -3.86638 -0.0105367 0.00445574 0.999935 206.805 
0.999931 -0.00103311 0.0116848 -2.82533 0.00108824 0.999988 -0.00470916 -3.89356 -0.0116799 0.0047216 0.999921 208 
0.99992 -0.00123329 0.0126162 -2.83455 0.00129269 0.999988 -0.00469778 -3.92077 -0.0126103 0.00471375 0.999909 209.182 
0.999916 -0.00234677 0.0127859 -2.83155 0.00240262 0.999988 -0.00435144 -3.95753 -0.0127756 0.00438184 0.999909 210.371 
0.999916 -0.00248156 0.0127409 -2.83416 0.002529 0.99999 -0.00370567 -3.98352 -0.0127317 0.00373762 0.999912 211.539 
0.999918 -0.00300617 0.0124226 -2.83897 0.00304038 0.999992 -0.00273249 -4.01281 -0.0124143 0.00277008 0.999919 212.68 
0.999925 -0.00299772 0.0118527 -2.84797 0.00302786 0.999992 -0.00252219 -4.04616 -0.011845 0.00255793 0.999927 213.791 
0.999933 -0.00265105 0.0112672 -2.85237 0.00269184 0.99999 -0.00360304 -4.07427 -0.0112575 0.00363317 0.99993 214.906 
0.999936 -0.00229096 0.0110993 -2.86992 0.00233552 0.999989 -0.00399931 -4.10915 -0.01109 0.00402502 0.99993 216.009 
0.999944 -0.00250476 0.0103031 -2.87625 0.00254785 0.999988 -0.00416702 -4.13703 -0.0102926 0.00419308 0.999938 217.082 
0.999957 -0.00294024 0.00883798 -2.88756 0.00297752 0.999987 -0.00420307 -4.16542 -0.00882555 0.00422924 0.999952 218.148 
0.999972 -0.00299015 0.0069348 -2.89738 0.00301428 0.999989 -0.00346623 -4.19199 -0.0069244 0.00348707 0.99997 219.198 
0.99998 -0.00452911 0.0045341 -2.90435 0.00453678 0.999988 -0.00167185 -4.22377 -0.00452651 0.00169243 0.999988 220.263 
0.99999 -0.00382405 0.00214886 -2.91647 0.00382438 0.999993 -0.000127106 -4.24845 -0.0021484 0.000135365 0.999998 221.309 
0.999993 -0.00365851 -0.000713587 -2.92485 0.00365847 0.999993 -0.000124752 -4.27155 0.000713996 0.000122183 1 222.331 
0.999987 -0.00360816 -0.00355849 -2.93876 0.00360657 0.999993 -0.00046508 -4.2956 0.0035601 0.000452282 0.999994 223.349 
0.999973 -0.00360643 -0.00633249 -2.95814 0.0036036 0.999993 -0.000465167 -4.31489 0.00633408 0.000442377 0.99998 224.346 
0.999952 -0.00327832 -0.00927098 -2.98499 0.00328041 0.999995 0.000205567 -4.33944 0.00927022 -0.000235928 0.999957 225.305 
0.99992 -0.00291112 -0.0123255 -3.01075 0.00291269 0.999996 0.000106505 -4.36609 0.0123251 -0.000142355 0.999924 226.247 
0.999868 -0.00306829 -0.0159388 -3.02109 0.00306528 0.999995 -0.000215333 -4.38993 0.0159394 0.00016649 0.999873 227.198 
0.999798 -0.00303593 -0.0198681 -3.04519 0.00302052 0.999995 -0.000808037 -4.41161 0.0198704 0.000747905 0.999802 228.083 
0.999722 -0.00193059 -0.023485 -3.07687 0.00190635 0.999998 -0.00105634 -4.4338 0.0234869 0.00101132 0.999724 228.955 
0.999647 -0.00152221 -0.0265419 -3.11281 0.00147791 0.999998 -0.00169048 -4.45462 0.0265443 0.0016507 0.999646 229.799 
0.999581 0.000422282 -0.0289427 -3.15571 -0.000469512 0.999999 -0.00162651 -4.47699 0.0289419 0.00163946 0.99958 230.636 
0.999572 0.00133792 -0.029241 -3.20112 -0.00137189 0.999998 -0.00114301 -4.49616 0.0292394 0.00118268 0.999572 231.443 
0.999579 0.00157518 -0.0289827 -3.23368 -0.00157463 0.999999 4.03207e-05 -4.51589 0.0289826 5.37601e-06 0.99958 232.24 
0.999604 0.00184678 -0.0280897 -3.27456 -0.00182776 0.999998 0.000701482 -4.53448 0.0280909 -0.00064982 0.999605 233.007 
0.999612 0.00183453 -0.0278011 -3.30711 -0.00182121 0.999998 0.00050272 -4.55534 0.027802 -0.000451851 0.999613 233.761 
0.999619 0.00252599 -0.0274998 -3.33458 -0.00257315 0.999995 -0.00168123 -4.56602 0.0274954 0.00175139 0.99962 234.512 
0.999633 0.00227194 -0.0269993 -3.36475 -0.00237726 0.99999 -0.00387063 -4.5824 0.0269902 0.00393343 0.999628 235.243 
0.99966 0.00231494 -0.0259733 -3.39442 -0.00244789 0.999984 -0.00508947 -4.60278 0.025961 0.00515136 0.99965 235.976 
0.99969 0.00274983 -0.0247606 -3.42109 -0.00288935 0.99998 -0.00560258 -4.61905 0.0247447 0.00567243 0.999678 236.711 
0.99973 0.00212243 -0.0231316 -3.44612 -0.00225782 0.99998 -0.00583027 -4.63493 0.0231187 0.00588097 0.999715 237.441 
0.999772 0.0020051 -0.0212736 -3.47145 -0.0021287 0.999981 -0.00579088 -4.65259 0.0212616 0.00583488 0.999757 238.168 
0.999814 0.00211662 -0.0191953 -3.4993 -0.00223177 0.99998 -0.00598138 -4.67142 0.0191822 0.00602314 0.999798 238.893 
0.99985 0.00178979 -0.0172111 -3.51959 -0.00189769 0.999979 -0.00625736 -4.68937 0.0171995 0.00628912 0.999832 239.615 
0.999891 0.00197139 -0.0146306 -3.53578 -0.00205851 0.99998 -0.00594484 -4.7063 0.0146185 0.00597435 0.999875 240.336 
0.999935 0.000829077 -0.0114156 -3.54983 -0.000890291 0.999985 -0.00536196 -4.71902 0.011411 0.00537181 0.999921 241.06 
0.999963 -0.000250673 -0.00858552 -3.56414 0.000208185 0.999988 -0.00495427 -4.73807 0.00858662 0.00495234 0.999951 241.766 
0.999987 0.000153703 -0.0051589 -3.58108 -0.000180569 0.999986 -0.0052158 -4.75258 0.00515799 0.0052167 0.999973 242.461 
0.999998 -8.47605e-05 -0.0019562 -3.5952 7.40013e-05 0.999985 -0.00552121 -4.76792 0.0019566 0.0055211 0.999983 243.159 
0.999999 -0.000149432 0.00128705 -3.60918 0.000156639 0.999985 -0.00556768 -4.78646 -0.00128624 0.00556792 0.999984 243.857 
0.999991 0.000623017 0.00429103 -3.61715 -0.000594485 0.999978 -0.00663722 -4.79741 -0.00429511 0.00663465 0.999969 244.559 
0.999972 0.000456503 0.00750523 -3.62432 -0.000403352 0.999975 -0.00707612 -4.81598 -0.00750832 0.00707294 0.999947 245.264 
0.999947 6.68582e-05 0.0103233 -3.62896 -5.76973e-06 0.999983 -0.00591331 -4.83636 -0.0103236 0.00591298 0.999929 245.975 
0.99991 0.000337004 0.0133778 -3.63831 -0.000264885 0.999985 -0.00538916 -4.85197 -0.0133794 0.00538518 0.999896 246.674 
0.99987 0.000252426 0.0161003 -3.63865 -0.000163175 0.999985 -0.00554184 -4.86842 -0.0161015 0.00553853 0.999855 247.383 
0.999826 0.000454459 0.0186625 -3.6399 -0.000317755 0.999973 -0.00732512 -4.88367 -0.0186654 0.00731795 0.999799 248.09 
0.999787 0.00103744 0.0206132 -3.63789 -0.000840264 0.999954 -0.00956978 -4.89967 -0.0206222 0.00955047 0.999742 248.802 
0.999764 -0.000122497 0.0217059 -3.63484 0.00036434 0.999938 -0.0111362 -4.91657 -0.0217032 0.0111415 0.999702 249.514 
0.999762 0.000281175 0.0218094 -3.63006 -2.58557e-05 0.999932 -0.0117043 -4.9351 -0.0218113 0.011701 0.999694 250.234 
0.999756 -0.000589609 0.0220772 -3.62611 0.000855156 0.999927 -0.0120187 -4.95707 -0.0220685 0.0120347 0.999684 250.959 
0.999749 0.000284171 0.022388 -3.62287 -5.41841e-06 0.999923 -0.0124481 -4.97734 -0.0223898 0.0124449 0.999672 251.698 
0.999737 0.00114249 0.0229265 -3.6205 -0.000847983 0.999917 -0.0128494 -4.99841 -0.0229393 0.0128266 0.999655 252.438 
0.999725 -7.91366e-05 0.0234465 -3.61425 0.00042022 0.999894 -0.0145409 -5.02273 -0.023443 0.0145468 0.999619 253.187 
0.999695 -0.00420599 0.0243393 -3.61326 0.00460972 0.999852 -0.0165537 -5.04624 -0.0242661 0.0166609 0.999567 253.922 
0.999641 -0.00731708 0.0257762 -3.61645 0.00776958 0.999817 -0.017497 -5.06388 -0.0256435 0.017691 0.999515 254.693 
0.999631 -0.00441399 0.0267911 -3.62478 0.00478807 0.999892 -0.013913 -5.07764 -0.0267269 0.0140362 0.999544 255.486 
0.999616 -0.00086842 0.0276897 -3.63193 0.00108163 0.99997 -0.00768445 -5.10109 -0.0276822 0.00771149 0.999587 256.267 
0.999582 -0.00157254 0.0288762 -3.62677 0.00169662 0.999989 -0.00427148 -5.1217 -0.0288692 0.00431873 0.999574 257.051 
0.999507 -0.00237043 0.0313211 -3.61357 0.00255316 0.99998 -0.0057942 -5.14638 -0.0313068 0.00587135 0.999493 257.843 
0.99936 -0.0012369 0.0357468 -3.60501 0.00166764 0.999926 -0.0120213 -5.16136 -0.0357293 0.0120732 0.999289 258.633 
0.999216 0.000991219 0.0395864 -3.59508 -0.000368101 0.999876 -0.0157438 -5.17758 -0.0395972 0.0157169 0.999092 259.438 
0.999069 0.00260088 0.0430621 -3.57902 -0.00192365 0.999874 -0.0157598 -5.19715 -0.0430977 0.0156623 0.998948 260.258 
0.998919 0.000852843 0.0464773 -3.55567 -0.000219438 0.999907 -0.0136307 -5.21884 -0.0464847 0.0136058 0.998826 261.094 
0.998755 -0.00229058 0.0498361 -3.52844 0.00281875 0.999941 -0.0105297 -5.24015 -0.0498091 0.0106571 0.998702 261.937 
0.998604 -0.00466218 0.0526148 -3.49187 0.00513196 0.999948 -0.00879617 -5.26388 -0.0525711 0.00905395 0.998576 262.787 
0.998436 -0.00478412 0.0557026 -3.45948 0.00525407 0.999952 -0.00829273 -5.28487 -0.0556603 0.00857247 0.998413 263.629 
0.99829 -0.00262009 0.0583952 -3.4328 0.00321843 0.999943 -0.0101539 -5.31137 -0.0583653 0.0103245 0.998242 264.461 
0.998164 -0.00187554 0.0605352 -3.39417 0.00263378 0.999919 -0.0124475 -5.33392 -0.060507 0.0125841 0.998088 265.288 
0.998009 -0.00119045 0.0630615 -3.3521 0.00199896 0.999917 -0.0127586 -5.35255 -0.0630411 0.0128593 0.997928 266.149 
0.997797 -0.000498498 0.0663415 -3.32175 0.00121281 0.999942 -0.0107267 -5.37632 -0.0663323 0.0107836 0.997739 267.003 
0.997558 0.000912929 0.0698386 -3.27972 -0.00028119 0.999959 -0.00905435 -5.40146 -0.069844 0.00901264 0.997517 267.871 
0.997326 0.00128126 0.073073 -3.23824 -0.000617294 0.999958 -0.00910754 -5.42769 -0.0730817 0.00903811 0.997285 268.732 
0.997115 0.00148272 0.0758959 -3.19236 -0.000736175 0.999951 -0.00986286 -5.44401 -0.0759069 0.00977857 0.997067 269.59 
0.996886 -3.40555e-05 0.0788592 -3.14126 0.00084452 0.999947 -0.0102435 -5.46499 -0.0788547 0.0102782 0.996833 270.437 
0.996707 -0.00295428 0.0810286 -3.0874 0.00375478 0.999946 -0.00972814 -5.4857 -0.0809955 0.0100004 0.996664 271.305 
0.996604 -0.00375367 0.0822596 -3.03867 0.00457884 0.999941 -0.00984434 -5.50744 -0.0822179 0.0101876 0.996562 272.16 
0.996521 -0.00415574 0.0832436 -2.99 0.00500944 0.999937 -0.0100487 -5.52581 -0.0831966 0.0104308 0.996479 273.014 
0.996467 -0.00398407 0.0838915 -2.93435 0.00485759 0.999936 -0.0102104 -5.54322 -0.0838455 0.0105819 0.996423 273.869 
0.996467 -0.00378079 0.0838964 -2.87734 0.00459767 0.999944 -0.00954518 -5.56604 -0.0838557 0.00989723 0.996429 274.733 
0.9965 -0.00315154 0.0835296 -2.82392 0.00394321 0.999949 -0.0093138 -5.58611 -0.0834961 0.00961062 0.996462 275.602 
0.996564 -0.003283 0.082766 -2.77522 0.00413865 0.99994 -0.0101682 -5.60905 -0.0827277 0.0104758 0.996517 276.462 
0.996711 -0.00345609 0.0809667 -2.72007 0.00436864 0.999929 -0.0110957 -5.63419 -0.0809226 0.0114129 0.996655 277.325 
0.996827 -0.00244159 0.0795657 -2.66955 0.00339142 0.999925 -0.0118043 -5.6604 -0.0795309 0.0120367 0.99676 278.181 
0.996968 -0.00122091 0.0777979 -2.61892 0.0021928 0.999921 -0.0124077 -5.68031 -0.0777766 0.0125407 0.996892 279.04 
0.997077 0.000365497 0.0764091 -2.57661 0.000602502 0.99992 -0.0126446 -5.70686 -0.0764077 0.0126537 0.996996 279.892 
0.997203 8.34961e-05 0.0747388 -2.54594 0.000791614 0.999932 -0.0116786 -5.74507 -0.0747347 0.0117052 0.997135 280.721 
0.997392 -0.000476444 0.0721721 -2.50317 0.00120115 0.999949 -0.00999766 -5.77233 -0.0721637 0.0100583 0.997342 281.58 
0.997672 -0.00203075 0.0681722 -2.46563 0.00255215 0.999968 -0.00756141 -5.79694 -0.0681547 0.00771783 0.997645 282.429 
0.997968 -0.00281765 0.0636524 -2.43237 0.00320852 0.999977 -0.00603864 -5.81801 -0.0636339 0.00623064 0.997954 283.269 
0.998239 -0.00344697 0.059224 -2.40343 0.00371739 0.999983 -0.00445566 -5.84501 -0.0592077 0.00466801 0.998235 284.107 
0.998502 -0.00356859 0.0545956 -2.37812 0.00378853 0.999985 -0.00392481 -5.86401 -0.0545808 0.00412581 0.998501 284.936 
0.998739 -0.00417583 0.0500332 -2.35224 0.00436773 0.999984 -0.00372595 -5.88057 -0.0500169 0.00393983 0.998741 285.755 
0.998955 -0.00523046 0.0454018 -2.33472 0.00538824 0.99998 -0.00335243 -5.9022 -0.0453834 0.0035936 0.998963 286.558 
0.99912 -0.00548131 0.0415903 -2.31898 0.00564582 0.999977 -0.00383813 -5.92263 -0.0415684 0.00406961 0.999127 287.329 
0.999273 -0.0052139 0.0377704 -2.30813 0.00536424 0.999978 -0.00387892 -5.94256 -0.0377494 0.00407876 0.999279 288.104 
0.999415 -0.00508238 0.0338212 -2.29072 0.00522207 0.999978 -0.0040421 -5.9609 -0.0337999 0.0042164 0.99942 288.876 
0.999533 -0.00557005 0.0300587 -2.27986 0.00569063 0.999976 -0.00392592 -5.97871 -0.0300362 0.00409518 0.99954 289.614 
0.999644 -0.00632146 0.025914 -2.27622 0.00644227 0.999969 -0.00457939 -5.99804 -0.0258843 0.00474474 0.999654 290.335 
0.999771 -0.00486225 0.0208487 -2.27067 0.00499608 0.999967 -0.00636944 -6.0112 -0.0208171 0.00647219 0.999762 291.039 
0.999891 -0.00333048 0.0144184 -2.27875 0.00344966 0.99996 -0.00824593 -6.0296 -0.0143904 0.00829481 0.999862 291.715 
0.999979 -0.00254104 0.00595407 -2.29369 0.00260007 0.999947 -0.0099208 -6.05114 -0.00592859 0.00993611 0.999933 292.403 
0.999987 -0.00251268 -0.00448947 -2.31745 0.00246337 0.999937 -0.0109637 -6.07622 0.00451669 0.0109525 0.99993 293.058 
0.999834 -0.00213245 -0.0180701 -2.34847 0.00193108 0.999936 -0.0111564 -6.09447 0.0180927 0.0111197 0.999775 293.706 
0.999396 -0.00148955 -0.034718 -2.40145 0.00112513 0.999944 -0.0105148 -6.11983 0.0347317 0.0104694 0.999342 294.349 
0.998499 0.000948341 -0.0547645 -2.46611 -0.00148927 0.999951 -0.00983816 -6.13954 0.0547524 0.00990499 0.998451 294.987 
0.996966 0.00242885 -0.0777977 -2.53114 -0.00321434 0.999945 -0.00997348 -6.15789 0.0777692 0.0101933 0.996919 295.593 
0.994615 0.0035248 -0.103575 -2.61804 -0.00460394 0.999938 -0.010182 -6.17231 0.103533 0.0106041 0.99457 296.198 
0.991267 0.00474601 -0.131786 -2.72618 -0.00609309 0.999933 -0.00982072 -6.18728 0.13173 0.010538 0.99123 296.802 
0.986635 0.00573524 -0.162842 -2.8437 -0.00723613 0.999937 -0.00862539 -6.20288 0.162783 0.00968851 0.986614 297.374 
0.98037 0.00533447 -0.197094 -2.98386 -0.00685461 0.999952 -0.00703157 -6.2097 0.197047 0.00824459 0.980359 297.956 
0.972282 0.00528008 -0.233753 -3.13731 -0.00669492 0.999964 -0.00525981 -6.22198 0.233717 0.00667903 0.972282 298.505 
0.962249 0.00661182 -0.272092 -3.30378 -0.00762025 0.999967 -0.00264985 -6.23587 0.272065 0.00462326 0.962268 299.051 
0.949998 0.00792729 -0.312154 -3.48673 -0.00831532 0.999965 8.79165e-05 -6.25342 0.312144 0.00251219 0.950032 299.586 
0.935723 0.00822181 -0.352639 -3.69279 -0.00799057 0.999966 0.00211131 -6.26155 0.352645 0.000842232 0.935757 300.083 
0.918897 0.00791935 -0.394417 -3.91565 -0.00704941 0.999969 0.00365448 -6.26564 0.394434 -0.000577635 0.918924 300.58 
0.899229 0.00772922 -0.437411 -4.14963 -0.0060909 0.999968 0.00514809 -6.27729 0.437437 -0.00196503 0.899247 301.057 
0.876467 0.00692216 -0.481412 -4.40729 -0.00465124 0.999972 0.00591026 -6.27881 0.481439 -0.00294094 0.876474 301.526 
0.85069 0.00591955 -0.525634 -4.68569 -0.00243165 0.99997 0.00732596 -6.2859 0.525662 -0.00495391 0.850679 301.965 
0.821857 0.0059998 -0.569662 -4.99094 -0.00104724 0.999959 0.00902088 -6.28993 0.569692 -0.00681725 0.82183 302.383 
0.789513 0.00724827 -0.613691 -5.30958 -0.00186948 0.999954 0.00940527 -6.28859 0.613731 -0.00627825 0.78949 302.785 
0.754603 0.00650437 -0.65615 -5.67216 1.8704e-05 0.999951 0.00993392 -6.30068 0.656182 -0.00750838 0.754565 303.143 
0.715557 0.0053948 -0.698533 -6.03327 0.00399424 0.999922 0.011814 -6.30219 0.698543 -0.0112436 0.71548 303.475 
0.672403 0.00468522 -0.740171 -6.42218 0.009999 0.999831 0.0154123 -6.30471 0.740118 -0.0177642 0.672242 303.772 
0.624385 0.00480972 -0.781102 -6.8205 0.0143786 0.999741 0.0176497 -6.29676 0.780985 -0.0222513 0.624154 304.046 
0.574131 0.00842325 -0.81872 -7.24037 0.0134786 0.999714 0.0197373 -6.29488 0.818652 -0.022367 0.573854 304.25 
0.521503 0.0147503 -0.853122 -7.67092 0.00839855 0.999713 0.0224187 -6.2918 0.853208 -0.0188564 0.52123 304.428 
0.465943 0.0184823 -0.884622 -8.09181 0.00582414 0.999696 0.0239541 -6.28514 0.884796 -0.0163134 0.465694 304.593 
0.407631 0.0203198 -0.912921 -8.51159 0.00535229 0.999682 0.0246408 -6.27402 0.913131 -0.0149305 0.407393 304.752 
0.348608 0.0220808 -0.937009 -8.92089 0.0072951 0.999628 0.0262706 -6.26377 0.93724 -0.0159937 0.348317 304.871 
0.288426 0.0251496 -0.957172 -9.33273 0.00936946 0.999533 0.029086 -6.2554 0.957456 -0.0173573 0.288056 304.978 
0.22775 0.0289327 -0.97329 -9.75618 0.0114896 0.999409 0.0323977 -6.25055 0.973652 -0.0185612 0.227283 305.046 
0.163633 0.0321667 -0.985997 -10.1819 0.0137194 0.999297 0.0348774 -6.24158 0.986426 -0.0192343 0.163076 305.097 
0.0979412 0.0359633 -0.994542 -10.6279 0.0142351 0.999194 0.0375334 -6.2264 0.99509 -0.0178335 0.0973503 305.114 
0.0314839 0.0418413 -0.998628 -11.089 0.0160958 0.998973 0.0423631 -6.22021 0.999375 -0.0174074 0.0307781 305.093 
-0.0370602 0.0485156 -0.998135 -11.5582 0.0179574 0.998692 0.047876 -6.20309 0.999152 -0.0161495 -0.0378829 305.053 
-0.104914 0.0549868 -0.99296 -12.0352 0.0200975 0.998384 0.0531637 -6.17615 0.994278 -0.0143784 -0.105849 304.96 
-0.172677 0.061278 -0.983071 -12.5103 0.0224218 0.998049 0.0582732 -6.15755 0.984723 -0.0119797 -0.173714 304.84 
-0.239857 0.0672674 -0.968475 -12.9996 0.0263116 0.997681 0.0627795 -6.1347 0.970452 -0.010424 -0.241071 304.687 
-0.305325 0.0714973 -0.94956 -13.4913 0.0307702 0.997397 0.0652053 -6.1072 0.951751 -0.00930932 -0.30673 304.502 
-0.36754 0.0737152 -0.927082 -13.9723 0.0345008 0.997248 0.0656166 -6.07751 0.929367 -0.00786822 -0.369072 304.273 
-0.427271 0.0742155 -0.901073 -14.452 0.0377637 0.997221 0.0642279 -6.04532 0.903335 -0.00658509 -0.428886 304.012 
-0.483158 0.0739285 -0.872406 -14.9251 0.0398976 0.997253 0.0624119 -6.00848 0.874624 -0.00465205 -0.48478 303.705 
-0.534704 0.0740438 -0.841789 -15.3951 0.042074 0.997251 0.0609928 -5.97203 0.843991 -0.00280432 -0.536349 303.365 
-0.580949 0.0739813 -0.810571 -15.8669 0.0437776 0.997259 0.0596443 -5.93548 0.812762 -0.000834557 -0.582595 302.987 
-0.621653 0.0744683 -0.779745 -16.3349 0.0448032 0.997221 0.0595186 -5.9006 0.782011 0.00206488 -0.623262 302.575 
-0.65854 0.0781625 -0.748476 -16.7905 0.0493955 0.996936 0.0606487 -5.865 0.750923 0.0029682 -0.660383 302.13 
-0.694907 0.0849561 -0.714064 -17.2532 0.0576205 0.996382 0.0624704 -5.82665 0.716788 0.00226634 -0.697288 301.654 
-0.730054 0.0901962 -0.677411 -17.7136 0.0638213 0.995918 0.0638239 -5.78476 0.680403 0.00336165 -0.732831 301.133 
-0.762303 0.0920197 -0.640646 -18.1472 0.0669476 0.995743 0.0633635 -5.74879 0.643749 0.00541247 -0.765218 300.574 
-0.791799 0.0884289 -0.604347 -18.5578 0.0664304 0.996062 0.0587101 -5.70961 0.607159 0.00633955 -0.794555 299.97 
-0.818233 0.0854606 -0.568499 -18.9486 0.0674409 0.99633 0.0527084 -5.67121 0.570917 0.0047877 -0.820994 299.342 
-0.842641 0.0805319 -0.532419 -19.3326 0.0660212 0.996745 0.0462746 -5.63267 0.534413 0.00384191 -0.845215 298.662 
-0.864837 0.0777448 -0.495997 -19.7153 0.0659425 0.996969 0.04129 -5.59908 0.497704 0.00300187 -0.867342 297.947 
-0.884734 0.0765251 -0.459771 -20.0584 0.0655357 0.997055 0.0398418 -5.57211 0.461466 0.005118 -0.887143 297.201 
-0.903561 0.0732236 -0.422156 -20.3988 0.0630869 0.997286 0.0379529 -5.55234 0.42379 0.0076602 -0.905728 296.41 
-0.920379 0.0727743 -0.384196 -20.7095 0.0639596 0.997314 0.0356896 -5.52407 0.385762 0.00827489 -0.922561 295.589 
-0.935684 0.0751644 -0.344741 -21.0066 0.0671806 0.997125 0.0350652 -5.49904 0.346385 0.00965005 -0.938043 294.724 
-0.948886 0.0786805 -0.305653 -21.2707 0.0716228 0.996843 0.0342554 -5.47587 0.307384 0.0106127 -0.951526 293.834 
-0.960201 0.0796918 -0.2677 -21.4932 0.0728802 0.996716 0.0353025 -5.45233 0.269634 0.0143874 -0.962855 292.914 
-0.969604 0.082587 -0.230321 -21.6897 0.0764469 0.996443 0.0354722 -5.43072 0.232431 0.0167867 -0.972468 291.955 
-0.977568 0.0820663 -0.193976 -21.853 0.0769001 0.996458 0.0340275 -5.40788 0.196082 0.0183474 -0.980416 290.978 
-0.983822 0.0807126 -0.159935 -21.9795 0.0769436 0.996595 0.0296307 -5.38534 0.161782 0.0168453 -0.986683 289.981 
