1 2.12261e-08 -2.11895e-08 0 2.12261e-08 1 2.10703e-08 0 -2.11895e-08 2.10703e-08 1 0 
0.999978 0.000577659 -0.00654759 -0.00797193 -0.000575967 1 0.000253802 -0.000265512 0.00654769 -0.000249983 0.999979 0.0961731 
0.999905 0.000921086 -0.0137712 -0.016542 -0.000918174 1 0.000214735 -0.0017664 0.0137713 -0.000202028 0.999905 0.192864 
0.999774 0.00129096 -0.0212351 -0.0304692 -0.00130205 0.999999 -0.000510204 -0.00223443 0.0212344 0.00053778 0.999774 0.296152 
0.999526 0.00181169 -0.0307468 -0.0418341 -0.0018652 0.999997 -0.0017132 -0.00534672 0.0307435 0.00176978 0.999526 0.404428 
0.999111 0.00182961 -0.0421111 -0.0632012 -0.00197338 0.999992 -0.00337377 -0.00402215 0.0421046 0.00345392 0.999107 0.521857 
0.998441 0.00194594 -0.0557867 -0.0856083 -0.00218653 0.999989 -0.0042527 -0.00491322 0.0557778 0.00436809 0.998434 0.654307 
0.997385 0.00198811 -0.0722438 -0.111887 -0.00230181 0.999988 -0.00425982 -0.0050249 0.0722344 0.00441501 0.997378 0.799354 
0.995865 0.000457733 -0.0908394 -0.147579 -0.000843281 0.999991 -0.00420639 -0.00626577 0.0908366 0.00426565 0.995857 0.957999 
0.99383 -0.000749518 -0.11091 -0.183891 0.000269039 0.999991 -0.00434741 -0.00824079 0.110912 0.00429079 0.993821 1.12313 
0.991069 -0.000941428 -0.133345 -0.229872 0.000312298 0.999989 -0.00473919 -0.0116347 0.133348 0.00465526 0.991058 1.29967 
0.98753 0.00263265 -0.157408 -0.29245 -0.00363823 0.999975 -0.00610081 -0.0177065 0.157388 0.00659747 0.987515 1.47513 
0.98315 0.00682168 -0.182675 -0.366335 -0.00836602 0.999936 -0.00768492 -0.0225366 0.182611 0.00908373 0.983143 1.65849 
0.977721 0.00981801 -0.209678 -0.445418 -0.0118444 0.999895 -0.00841073 -0.0308625 0.209573 0.0107069 0.977734 1.84907 
0.970882 0.0104856 -0.239328 -0.5245 -0.0128891 0.999881 -0.00847971 -0.0358808 0.23921 0.0113176 0.970902 2.04766 
0.962781 0.0124663 -0.269994 -0.622682 -0.0151859 0.999853 -0.00798623 -0.0388394 0.269855 0.0117891 0.962829 2.25391 
0.953174 0.0140631 -0.302095 -0.726007 -0.0170489 0.999828 -0.00724911 -0.0379068 0.301941 0.0120601 0.95325 2.46192 
0.94177 0.0161967 -0.335867 -0.839168 -0.0193425 0.999795 -0.0060228 -0.0407772 0.3357 0.0121686 0.94189 2.67029 
0.929074 0.0182889 -0.369443 -0.958873 -0.0219492 0.999743 -0.00570683 -0.04089 0.369243 0.0134111 0.929236 2.87218 
0.914825 0.0211071 -0.403298 -1.08319 -0.025279 0.999668 -0.0050231 -0.0421551 0.403058 0.0147903 0.915055 3.07402 
0.898417 0.0212772 -0.438628 -1.21707 -0.0259173 0.999654 -0.00459325 -0.0382867 0.438378 0.0154947 0.898657 3.27813 
0.879562 0.0163715 -0.475503 -1.35791 -0.021506 0.999754 -0.00535947 -0.0367908 0.475298 0.0149402 0.879698 3.48433 
0.857811 0.0114437 -0.513837 -1.51314 -0.0167865 0.999843 -0.00575638 -0.0369852 0.513691 0.0135635 0.857868 3.69474 
0.832122 0.0130038 -0.55444 -1.68233 -0.0173635 0.999846 -0.00260949 -0.0403108 0.554321 0.0117985 0.832219 3.89558 
0.802463 0.0185078 -0.596414 -1.8779 -0.0221242 0.999754 0.00125643 -0.046569 0.596291 0.012187 0.802676 4.08048 
0.768955 0.0214853 -0.638942 -2.08215 -0.0253107 0.999675 0.0031545 -0.0513411 0.638802 0.0137465 0.769248 4.26391 
0.732109 0.0204286 -0.680881 -2.30399 -0.0245322 0.999693 0.00361596 -0.0478958 0.680745 0.0140563 0.732385 4.44599 
0.691348 0.0162893 -0.722338 -2.5349 -0.0185219 0.999817 0.00481943 -0.0472282 0.722284 0.0100472 0.691523 4.62725 
0.647797 0.0127585 -0.761706 -2.78858 -0.013238 0.999897 0.00548991 -0.0458247 0.761698 0.00652714 0.647899 4.79816 
0.602148 0.0124238 -0.798288 -3.06385 -0.0104877 0.999916 0.00765082 -0.0457176 0.798316 0.00376533 0.602227 4.95559 
0.553897 0.0130544 -0.832483 -3.35482 -0.00849977 0.999914 0.0100246 -0.0407962 0.832542 0.00152338 0.55396 5.09011 
0.502666 0.0137369 -0.864371 -3.6657 -0.00734634 0.999906 0.0116187 -0.0351133 0.864449 0.000509704 0.50272 5.21051 
0.449876 0.0154117 -0.892958 -3.99272 -0.00673083 0.999881 0.0138661 -0.0329058 0.893065 -0.000227631 0.449927 5.31345 
0.395231 0.0173441 -0.918418 -4.33984 -0.00595544 0.999849 0.016319 -0.0259089 0.918563 -0.000980134 0.395274 5.405 
0.339689 0.0193458 -0.940339 -4.70317 -0.00549258 0.999812 0.0185852 -0.0209163 0.940522 -0.00114827 0.339731 5.48136 
0.284652 0.0223455 -0.95837 -5.09078 -0.00393287 0.999747 0.0221421 -0.0159888 0.958623 -0.00253361 0.284668 5.54202 
0.230849 0.0242488 -0.972687 -5.4904 0.00022495 0.999688 0.0249753 -0.0136618 0.97299 -0.00598427 0.230772 5.59609 
0.179745 0.0247975 -0.983401 -5.89744 0.0029134 0.999664 0.0257401 -0.0117662 0.983709 -0.00749164 0.179612 5.6265 
0.132182 0.0256427 -0.990894 -6.3226 0.000645039 0.999663 0.0259556 -0.00467819 0.991225 -0.00406999 0.132121 5.63386 
0.0897064 0.0258295 -0.995633 -6.76333 -0.00107498 0.999666 0.0258372 0.0047248 0.995968 -0.00124744 0.0897042 5.62917 
0.0518143 0.0242621 -0.998362 -7.22228 -0.00275743 0.999705 0.0241516 0.0172392 0.998653 0.00150156 0.0518659 5.61242 
0.0171439 0.021532 -0.999621 -7.6893 -0.00221369 0.999767 0.0214972 0.0257845 0.999851 0.00184435 0.0171875 5.59062 
-0.0144595 0.0187489 -0.99972 -8.17676 -0.00170779 0.999822 0.0187755 0.033409 0.999894 0.00197883 -0.0144249 5.55314 
-0.041095 0.0168047 -0.999014 -8.67916 -0.00239004 0.999854 0.0169171 0.0391246 0.999152 0.00308293 -0.0410488 5.50607 
-0.0620063 0.0144349 -0.997971 -9.1897 -0.00271885 0.999889 0.0146316 0.0461303 0.998072 0.00362063 -0.0619602 5.44746 
-0.078648 0.0136229 -0.996809 -9.7173 -0.00170057 0.999903 0.0137994 0.0556942 0.996901 0.00278048 -0.0786172 5.38842 
-0.0918458 0.0143011 -0.995671 -10.2529 -0.00124107 0.999894 0.0144762 0.0556137 0.995773 0.00256532 -0.0918184 5.32579 
-0.101588 0.0152767 -0.994709 -10.8089 -0.002316 0.999876 0.0155926 0.0590297 0.994824 0.0038878 -0.10154 5.2524 
-0.108234 0.0165217 -0.993988 -11.3844 -0.00400123 0.999847 0.0170548 0.0593494 0.994117 0.00582312 -0.108151 5.16553 
-0.112924 0.0174794 -0.99345 -11.9726 -0.00333131 0.999833 0.0179704 0.0645021 0.993598 0.00533882 -0.112847 5.08548 
-0.114367 0.018208 -0.993272 -12.577 -0.00103548 0.999829 0.0184475 0.0731661 0.993438 0.00313833 -0.114329 5.00555 
-0.113589 0.0203891 -0.993319 -13.1993 0.000990543 0.999791 0.0204086 0.0817931 0.993527 0.00133431 -0.113585 4.92762 
-0.11236 0.0227918 -0.993406 -13.8387 0.000592373 0.999738 0.0228701 0.0872194 0.993667 0.00198126 -0.112344 4.8456 
-0.110887 0.0224496 -0.99358 -14.4917 -0.00154136 0.99974 0.0227608 0.0942671 0.993832 0.00405537 -0.110823 4.76195 
-0.109478 0.0197471 -0.993793 -15.1553 -0.00332809 0.99979 0.0202329 0.102257 0.993984 0.00552252 -0.109389 4.67724 
-0.108255 0.0194722 -0.993932 -15.8419 -0.0035211 0.999794 0.0199705 0.11481 0.994117 0.00566169 -0.108164 4.5892 
-0.106846 0.0219701 -0.994033 -16.5409 -0.00291024 0.999745 0.0224092 0.130184 0.994271 0.00528725 -0.106755 4.50734 
-0.105032 0.0253994 -0.994144 -17.2563 -0.00360032 0.999658 0.0259206 0.139755 0.994462 0.00630177 -0.104904 4.41998 
-0.103241 0.0276247 -0.994273 -17.9944 -0.003941 0.999595 0.0281818 0.14647 0.994649 0.00682799 -0.10309 4.32516 
-0.10174 0.0267694 -0.994451 -18.7352 -0.00543056 0.999608 0.0274639 0.15955 0.994796 0.00819463 -0.101554 4.23853 
-0.0999607 0.0236103 -0.994711 -19.4886 -0.00768732 0.99967 0.0245005 0.172921 0.994962 0.0100958 -0.0997462 4.14502 
-0.0985464 0.023 -0.994867 -20.2577 -0.00855226 0.999676 0.0239583 0.184365 0.995096 0.0108694 -0.0983178 4.05198 
-0.0971464 0.0252577 -0.99495 -21.0429 -0.00567865 0.999648 0.0259315 0.198983 0.995254 0.00816916 -0.0969688 3.96535 
-0.0961137 0.0277091 -0.994985 -21.8374 -0.00321134 0.999599 0.0281478 0.205498 0.995365 0.00590066 -0.0959861 3.87736 
-0.0950252 0.0293928 -0.995041 -22.6366 -0.00211478 0.999556 0.0297282 0.216372 0.995473 0.00492926 -0.0949209 3.78922 
-0.0945415 0.0247292 -0.995214 -23.4372 -0.00158632 0.999686 0.024991 0.225909 0.99552 0.00394146 -0.0944726 3.7006 
-0.0942435 0.0177544 -0.995391 -24.2428 0.000186454 0.999841 0.0178161 0.231517 0.995549 0.0014935 -0.0942318 3.6109 
-0.0944912 0.0133282 -0.995437 -25.0667 0.00381947 0.999908 0.0130255 0.238013 0.995518 -0.0025712 -0.0945334 3.52405 
-0.0949751 0.0139448 -0.995382 -25.8968 0.00501359 0.999896 0.0135297 0.247522 0.995467 -0.00370542 -0.0950351 3.43068 
-0.0955236 0.0214906 -0.995195 -26.7354 0.005065 0.999765 0.0211032 0.247188 0.995414 -0.00302478 -0.09561 3.33999 
-0.0958659 0.0284332 -0.994988 -27.5777 0.00377598 0.999595 0.028201 0.254137 0.995387 -0.00105349 -0.0959344 3.24293 
-0.0964198 0.0335643 -0.994775 -28.4209 0.00191094 0.999436 0.0335363 0.264137 0.995339 0.00133264 -0.0964295 3.14438 
-0.0969284 0.0339145 -0.994713 -29.2605 0.000124001 0.99942 0.0340628 0.272711 0.995291 0.00317835 -0.0968764 3.04645 
-0.0975806 0.0302843 -0.994767 -30.0971 0.00025653 0.999538 0.0304044 0.285897 0.995228 0.00271173 -0.0975432 2.9527 
-0.0980121 0.0275823 -0.994803 -30.9319 -5.73897e-05 0.999616 0.0277214 0.298584 0.995185 0.00277417 -0.0979729 2.85543 
-0.0982053 0.0286584 -0.994753 -31.7695 -0.00115048 0.999581 0.0289111 0.312364 0.995166 0.00398371 -0.0981312 2.75544 
-0.0981486 0.030856 -0.994693 -32.6065 -0.00150011 0.999514 0.0311536 0.322739 0.995171 0.00454987 -0.0980546 2.6562 
-0.098177 0.0290258 -0.994746 -33.4386 -0.00202175 0.999567 0.029366 0.331881 0.995167 0.00489423 -0.0980758 2.56126 
-0.0975231 0.0238718 -0.994947 -34.2707 -0.0029519 0.999701 0.0242752 0.339361 0.995229 0.00530441 -0.0974235 2.45664 
-0.0975739 0.0197878 -0.995032 -35.1041 -0.0043212 0.999785 0.0203061 0.342935 0.995219 0.00628112 -0.0974674 2.35462 
-0.097024 0.0206199 -0.995068 -35.9446 -0.00360696 0.999772 0.021069 0.348691 0.995276 0.00563341 -0.0969274 2.24973 
-0.0965635 0.0230966 -0.995059 -36.7824 -0.00219304 0.999723 0.0234177 0.354029 0.995324 0.00444353 -0.0964862 2.15184 
-0.0958365 0.0279026 -0.995006 -37.6212 -0.00237233 0.999598 0.0282599 0.358391 0.995394 0.00506885 -0.0957318 2.04596 
-0.0952678 0.0334744 -0.994889 -38.4667 -0.00134535 0.999429 0.033756 0.368215 0.995451 0.00455437 -0.0951684 1.94553 
-0.0955834 0.036522 -0.994751 -39.3078 -0.00138916 0.999321 0.0368233 0.381218 0.995421 0.0049016 -0.0954677 1.85068 
-0.0952398 0.0363386 -0.994791 -40.1388 -0.000986924 0.99933 0.0365989 0.395953 0.995454 0.0044675 -0.0951401 1.75447 
-0.0954127 0.0319072 -0.994926 -40.9616 -0.000759851 0.999484 0.0321262 0.409895 0.995438 0.00382128 -0.0953392 1.66081 
-0.0950286 0.0275538 -0.995093 -41.7923 -0.00174925 0.999611 0.0278459 0.418316 0.995473 0.00438686 -0.0949434 1.56297 
-0.0951157 0.0246777 -0.99516 -42.6247 -0.00543085 0.999665 0.0253084 0.428032 0.995451 0.00781183 -0.0949498 1.46188 
-0.0956471 0.0226323 -0.995158 -43.4549 -0.0088857 0.999682 0.0235893 0.437451 0.995376 0.011099 -0.0954156 1.35846 
-0.0967835 0.0208624 -0.995087 -44.2902 -0.0063942 0.999747 0.0215821 0.440075 0.995285 0.00845161 -0.0966256 1.2674 
-0.0979963 0.017332 -0.995036 -45.1158 -0.00279718 0.99984 0.0176912 0.443269 0.995183 0.00451701 -0.0979321 1.1741 
-0.0991001 0.0158694 -0.994951 -45.9362 0.00132095 0.999874 0.0158164 0.448539 0.995077 0.000253162 -0.0991086 1.08547 
-0.101088 0.0192477 -0.994691 -46.76 0.00161983 0.999815 0.0191822 0.450638 0.994876 0.000327897 -0.1011 0.984893 
-0.10315 0.0258207 -0.994331 -47.5886 0.00419959 0.999665 0.0255236 0.448358 0.994657 -0.00154297 -0.103224 0.892039 
-0.105483 0.0293913 -0.993987 -48.4072 0.00616095 0.999563 0.0289023 0.455761 0.994402 -0.00307516 -0.105618 0.797399 
-0.106962 0.0285149 -0.993854 -49.2125 0.0061792 0.999588 0.0280144 0.461468 0.994244 -0.00314472 -0.107094 0.695825 
-0.108134 0.0246795 -0.99383 -50.0151 0.00297517 0.999695 0.0245015 0.462893 0.994132 -0.000307325 -0.108175 0.586905 
-0.109409 0.0209114 -0.993777 -50.8075 -0.00163052 0.999774 0.0212171 0.46808 0.993995 0.00394176 -0.10935 0.475625 
-0.11109 0.0191667 -0.993626 -51.6033 -0.00560976 0.999786 0.0199128 0.473726 0.993795 0.00778616 -0.110959 0.366749 
-0.112248 0.0201867 -0.993475 -52.3992 -0.00713278 0.999752 0.0211201 0.475996 0.993655 0.00945697 -0.112076 0.256315 
-0.113351 0.0217704 -0.993316 -53.1842 -0.00711986 0.999716 0.0227231 0.477261 0.993529 0.00964802 -0.113164 0.151173 
-0.114426 0.021115 -0.993207 -53.9616 -0.00878 0.999714 0.0222648 0.479926 0.993393 0.0112681 -0.114208 0.0456142 
-0.115085 0.0209024 -0.993136 -54.7376 -0.00944761 0.99971 0.0221356 0.481827 0.993311 0.0119303 -0.114855 -0.0620437 
-0.115755 0.0228917 -0.993014 -55.5156 -0.00789193 0.999682 0.0239654 0.483936 0.993247 0.010611 -0.115537 -0.165392 
-0.11605 0.0256792 -0.992911 -56.2877 -0.00679172 0.999622 0.0266466 0.490486 0.99322 0.00983594 -0.115831 -0.269498 
-0.116766 0.0296838 -0.992716 -57.0645 -0.00685223 0.999505 0.0306928 0.501275 0.993136 0.0103862 -0.116505 -0.36735 
-0.117511 0.0318024 -0.992562 -57.8283 -0.00673941 0.999439 0.0328206 0.505229 0.993049 0.0105461 -0.117231 -0.469998 
-0.118524 0.0318535 -0.99244 -58.5791 -0.00634 0.999441 0.0328354 0.512428 0.992931 0.0101839 -0.118256 -0.570357 
-0.118989 0.0299905 -0.992443 -59.3276 -0.00552717 0.999508 0.0308667 0.518512 0.99288 0.00915822 -0.118764 -0.674917 
-0.119618 0.0265389 -0.992465 -60.0699 -0.00494342 0.999614 0.0273259 0.524013 0.992808 0.00817488 -0.119441 -0.772248 
-0.119876 0.0234402 -0.992512 -60.7912 -0.00500415 0.999694 0.0242142 0.532291 0.992776 0.00786942 -0.119722 -0.870798 
-0.118495 0.0210614 -0.992731 -61.5079 -0.00563333 0.999745 0.0218826 0.535409 0.992939 0.00818539 -0.118346 -0.979047 
-0.116477 0.0202675 -0.992987 -62.2063 -0.00767478 0.999744 0.0213057 0.536812 0.993164 0.0101026 -0.116291 -1.07483 
-0.112789 0.0210328 -0.993396 -62.8832 -0.0078076 0.999726 0.0220533 0.538601 0.993588 0.0102435 -0.112594 -1.16203 
-0.107055 0.0225536 -0.993997 -63.5519 -0.00681266 0.999703 0.0234168 0.540574 0.99423 0.00927868 -0.106869 -1.24667 
-0.0996991 0.0241153 -0.994725 -64.2105 -0.00586955 0.999675 0.0248236 0.542074 0.995 0.00831352 -0.0995251 -1.32674 
-0.0910117 0.0253601 -0.995527 -64.8434 -0.00685149 0.999636 0.0260912 0.54299 0.995826 0.00919548 -0.0908048 -1.39428 
-0.0795413 0.0268077 -0.996471 -65.4608 -0.00872806 0.999581 0.0275881 0.546423 0.996793 0.0108917 -0.079274 -1.45067 
-0.0646012 0.0282576 -0.997511 -66.0666 -0.0116402 0.99951 0.0290681 0.55026 0.997843 0.0134891 -0.0642406 -1.50092 
-0.0463156 0.0292666 -0.998498 -66.6562 -0.0128824 0.99947 0.0298926 0.556993 0.998844 0.0142476 -0.045914 -1.53211 
-0.0242526 0.0300269 -0.999255 -67.2214 -0.0138217 0.999443 0.030368 0.560396 0.99961 0.014548 -0.0238241 -1.54298 
0.00116493 0.0303735 -0.999538 -67.7642 -0.0128847 0.999456 0.030356 0.563115 0.999916 0.0128435 0.00155565 -1.53603 
0.0303244 0.0300519 -0.999088 -68.2799 -0.0113647 0.999494 0.0297191 0.566429 0.999476 0.0104531 0.0306506 -1.50354 
0.0646096 0.0300851 -0.997457 -68.7685 -0.0101714 0.999513 0.0294883 0.568895 0.997859 0.00824032 0.0648842 -1.45776 
0.102214 0.030377 -0.994299 -69.2401 -0.00932793 0.999519 0.0295776 0.573624 0.994719 0.00625156 0.102448 -1.38691 
0.143254 0.0299175 -0.989234 -69.6966 -0.00903495 0.999541 0.0289209 0.578723 0.989645 0.0047947 0.143458 -1.29859 
0.188536 0.0309806 -0.981578 -70.1385 -0.0078135 0.999518 0.030046 0.580312 0.982035 0.00200485 0.188687 -1.18992 
0.237354 0.0297012 -0.970969 -70.5663 -0.00435903 0.999555 0.02951 0.581471 0.971413 -0.0027718 0.237378 -1.05781 
0.288062 0.0251527 -0.957281 -70.9701 0.00354545 0.99962 0.027332 0.579939 0.957605 -0.0112673 0.287864 -0.904852 
0.340079 0.0200864 -0.940183 -71.3602 0.00878905 0.99966 0.0245362 0.5805 0.940356 -0.0166075 0.339787 -0.731146 
0.393304 0.015347 -0.91928 -71.7337 0.013905 0.999647 0.0226377 0.586268 0.919303 -0.021686 0.392952 -0.539538 
0.44539 0.0147846 -0.895215 -72.1044 0.0137919 0.999632 0.0233708 0.593011 0.895231 -0.0227558 0.445022 -0.330268 
0.494579 0.0136235 -0.869026 -72.4698 0.0152745 0.999587 0.0243633 0.599222 0.868999 -0.0253234 0.494166 -0.0947792 
0.540627 0.00972435 -0.841206 -72.8152 0.0228248 0.999396 0.0262221 0.602447 0.840953 -0.0333767 0.540078 0.166076 
0.585306 0.00333809 -0.810806 -73.1409 0.0334323 0.999042 0.0282472 0.605683 0.810123 -0.0436403 0.584633 0.453662 
0.628969 -0.00170778 -0.777428 -73.4497 0.0347819 0.999058 0.0259452 0.608266 0.776652 -0.0433592 0.628436 0.738477 
0.671424 -0.0065169 -0.741045 -73.7505 0.0313829 0.999314 0.0196463 0.612271 0.740409 -0.0364471 0.671168 1.03316 
0.713107 -0.0133497 -0.700928 -74.0344 0.0275787 0.999579 0.00902009 0.615558 0.700512 -0.0257629 0.713175 1.34791 
0.753632 -0.0160285 -0.657101 -74.3101 0.0224687 0.999747 0.00138293 0.621933 0.656913 -0.0158064 0.753801 1.68556 
0.791766 -0.0171338 -0.610585 -74.5741 0.020916 0.999781 -0.00093267 0.62232 0.610467 -0.0120325 0.79195 2.06433 
0.826652 -0.0180752 -0.562423 -74.8117 0.0206548 0.999785 -0.00177265 0.618013 0.562334 -0.0101513 0.826848 2.46231 
0.8583 -0.0168495 -0.512872 -75.0444 0.0174235 0.999841 -0.00368963 0.618135 0.512852 -0.00576915 0.858457 2.88245 
0.885204 -0.0150941 -0.464958 -75.2629 0.0162736 0.999867 -0.00147689 0.606387 0.464918 -0.00625913 0.885332 3.33749 
0.907198 -0.00890642 -0.420611 -75.4707 0.00977088 0.999952 -9.96296e-05 0.598863 0.420591 -0.0040193 0.907241 3.80693 
0.925456 -0.00460675 -0.378826 -75.6719 0.00441884 0.999989 -0.00136551 0.595786 0.378828 -0.000410208 0.925467 4.30171 
0.939518 0.000467477 -0.342499 -75.8585 -0.000440527 1 0.000156379 0.594677 0.342499 4.00693e-06 0.939518 4.82648 
0.950001 0.00145724 -0.312244 -76.0332 -0.000773545 0.999997 0.00231337 0.590193 0.312247 -0.00195612 0.949999 5.37771 
0.95767 0.000472996 -0.287869 -76.1991 0.000714546 0.999992 0.00402008 0.585001 0.287869 -0.00405555 0.957661 5.94812 
0.963761 0.000742636 -0.266766 -76.3601 0.000922731 0.999981 0.00611725 0.583276 0.266766 -0.00614168 0.963742 6.53658 
0.96865 0.00334725 -0.248406 -76.5223 -0.00119891 0.999961 0.00879914 0.582614 0.248426 -0.00822543 0.968616 7.14094 
0.972438 0.00809893 -0.233022 -76.6834 -0.00586275 0.99993 0.0102873 0.582997 0.233089 -0.00863758 0.972417 7.76605 
0.975565 0.0120946 -0.219377 -76.8441 -0.00979195 0.999885 0.0115804 0.579428 0.219492 -0.00914922 0.975572 8.40539 
0.978508 0.0107243 -0.205931 -76.993 -0.00854012 0.999898 0.0114921 0.577776 0.206033 -0.0094864 0.978499 9.06198 
0.981309 0.0106503 -0.192146 -77.131 -0.00863024 0.999898 0.0113469 0.575974 0.192248 -0.00947644 0.981301 9.72983 
0.98404 0.0110099 -0.177609 -77.2604 -0.00900919 0.999887 0.0120669 0.576902 0.177722 -0.0102741 0.984027 10.4154 
0.986448 0.0127011 -0.163582 -77.3848 -0.0107957 0.999863 0.0125312 0.578336 0.163718 -0.0105954 0.98645 11.1171 
0.98847 0.013223 -0.150837 -77.505 -0.0118973 0.999882 0.009688 0.576753 0.150947 -0.0077817 0.988511 11.8312 
0.990082 0.0135653 -0.139834 -77.6165 -0.0130798 0.999905 0.00439017 0.570712 0.13988 -0.00251759 0.990165 12.5574 
0.991411 0.0116966 -0.130261 -77.7232 -0.0120279 0.999926 -0.00175742 0.567751 0.130231 0.00330915 0.991478 13.2993 
0.992456 0.0114496 -0.122062 -77.8265 -0.0117642 0.999929 -0.00185762 0.562891 0.122032 0.00327962 0.992521 14.0515 
0.993228 0.0133469 -0.115414 -77.9281 -0.0129315 0.999907 0.00434635 0.554675 0.115461 -0.00282439 0.993308 14.8137 
0.993745 0.0176839 -0.110262 -78.0343 -0.016415 0.999788 0.0124052 0.546623 0.110458 -0.0105176 0.993825 15.5797 
0.994203 0.0183156 -0.105945 -78.1303 -0.0166846 0.999729 0.0162606 0.538889 0.106214 -0.0143987 0.994239 16.3507 
0.994566 0.0170359 -0.102705 -78.2182 -0.0155627 0.999764 0.0151283 0.539827 0.102938 -0.0134477 0.994597 17.1113 
0.994877 0.0171163 -0.099632 -78.3084 -0.0157821 0.999775 0.0141638 0.53875 0.099852 -0.0125188 0.994924 17.8758 
0.995205 0.0156266 -0.0965504 -78.3982 -0.0141131 0.999767 0.0163376 0.539533 0.0967832 -0.0148966 0.995194 18.6445 
0.995471 0.0133668 -0.0941167 -78.4802 -0.0116567 0.999757 0.0186961 0.539127 0.0943437 -0.0175143 0.995386 19.4102 
0.995764 0.0111093 -0.0912691 -78.5603 -0.00927211 0.999746 0.020528 0.536581 0.091474 -0.0195947 0.995615 20.1767 
0.996002 0.0104251 -0.0887235 -78.6383 -0.00895317 0.999816 0.0169718 0.533424 0.0888841 -0.0161095 0.995912 20.935 
0.99613 0.0134195 -0.0868615 -78.7237 -0.0126333 0.999874 0.00959406 0.53028 0.0869793 -0.00845954 0.996174 21.6851 
0.996273 0.0140331 -0.085111 -78.807 -0.0139175 0.999901 0.00195064 0.523576 0.0851299 -0.000758794 0.99637 22.4341 
0.996363 0.0145384 -0.0839578 -78.8837 -0.0147847 0.999888 -0.00231238 0.516349 0.0839147 0.00354531 0.996467 23.1887 
0.996529 0.0160503 -0.0816894 -78.9638 -0.016139 0.99987 -0.000425933 0.501501 0.0816719 0.00174288 0.996658 23.9329 
0.996655 0.0193684 -0.0793995 -79.0434 -0.0191531 0.999811 0.00347142 0.487812 0.0794516 -0.00193901 0.996837 24.6907 
0.996731 0.0230289 -0.0774403 -79.1229 -0.0224107 0.99971 0.00884196 0.47155 0.0776214 -0.00707752 0.996958 25.4535 
0.996991 0.0208741 -0.0746541 -79.1961 -0.0201291 0.99974 0.0107183 0.464822 0.0748584 -0.00918325 0.997152 26.2096 
0.997114 0.0180527 -0.0737375 -79.2604 -0.0173288 0.999795 0.0104445 0.458834 0.073911 -0.00913656 0.997223 26.9642 
0.997215 0.0164206 -0.072755 -79.3254 -0.0156806 0.99982 0.0107293 0.448384 0.072918 -0.00955856 0.997292 27.712 
0.997291 0.0161554 -0.0717673 -79.3922 -0.0155602 0.99984 0.00884412 0.443215 0.0718987 -0.0077034 0.997382 28.4584 
0.99735 0.0145774 -0.0712723 -79.4536 -0.0140422 0.999869 0.00800378 0.43328 0.0713797 -0.0069817 0.997425 29.2087 
0.997386 0.0130948 -0.0710565 -79.5157 -0.0125502 0.999888 0.00810523 0.428123 0.0711547 -0.00719223 0.997439 29.9668 
0.997396 0.0161466 -0.0702832 -79.5901 -0.0155492 0.999838 0.00903757 0.425586 0.0704177 -0.00792115 0.997486 30.7355 
0.997397 0.0161696 -0.0702644 -79.6632 -0.0156332 0.999844 0.00817656 0.41972 0.0703856 -0.00705678 0.997495 31.5114 
0.997278 0.0157427 -0.0720379 -79.7324 -0.0151995 0.999852 0.00808178 0.414964 0.0721544 -0.00696479 0.997369 32.2878 
0.997162 0.0134305 -0.0740759 -79.8044 -0.0128391 0.999882 0.00845392 0.411048 0.0741807 -0.00747882 0.997217 33.0727 
0.996894 0.0151323 -0.0772834 -79.8838 -0.0145394 0.99986 0.00822832 0.408141 0.0773971 -0.00707907 0.996975 33.8571 
0.99662 0.018674 -0.0799992 -79.9727 -0.0181014 0.999805 0.00787682 0.399853 0.0801306 -0.00640205 0.996764 34.6456 
0.996416 0.0190074 -0.0824196 -80.0625 -0.0188231 0.999818 0.00301249 0.392501 0.0824619 -0.00145026 0.996593 35.4391 
0.996207 0.0197491 -0.0847494 -80.154 -0.0198656 0.999803 -0.000532365 0.386133 0.0847221 0.00221399 0.996402 36.2384 
0.996045 0.0189315 -0.0868072 -80.2419 -0.0191978 0.999813 -0.00223482 0.380199 0.0867486 0.00389253 0.996223 37.0527 
0.995829 0.0190154 -0.0892355 -80.3287 -0.01917 0.999816 -0.000875421 0.36898 0.0892024 0.00258246 0.99601 37.8784 
0.995648 0.0174999 -0.0915365 -80.4179 -0.0175668 0.999846 7.45726e-05 0.355407 0.0915236 0.0015338 0.995802 38.7067 
0.995492 0.0167678 -0.0933494 -80.5094 -0.0166733 0.999859 0.00179147 0.347871 0.0933663 -0.000226909 0.995632 39.5417 
0.995382 0.0164433 -0.0945782 -80.6069 -0.0160052 0.999857 0.0053879 0.338584 0.0946533 -0.00384922 0.995503 40.3805 
0.995295 0.0157669 -0.0956035 -80.7017 -0.0148733 0.999839 0.0100512 0.330165 0.0957465 -0.00858193 0.995369 41.2253 
0.995326 0.0161024 -0.0952198 -80.7956 -0.0150113 0.999813 0.012164 0.325877 0.0953979 -0.0106777 0.995382 42.078 
0.995453 0.0190687 -0.093326 -80.8937 -0.0180098 0.999764 0.0121747 0.323089 0.0935361 -0.0104385 0.995561 42.9351 
0.995631 0.0191745 -0.0913851 -80.9926 -0.0182579 0.999774 0.0108547 0.319206 0.0915726 -0.00913875 0.995757 43.7947 
0.995817 0.0170801 -0.0897596 -81.0852 -0.0163758 0.999829 0.00857712 0.315444 0.0898907 -0.00707131 0.995927 44.6635 
0.996051 0.0133819 -0.0877727 -81.178 -0.0128195 0.999894 0.00696765 0.308735 0.0878565 -0.00581489 0.996116 45.5353 
0.996225 0.012451 -0.0859062 -81.2674 -0.0119225 0.999907 0.00666206 0.304184 0.0859811 -0.00561265 0.996281 46.4042 
0.996344 0.0100315 -0.0848457 -81.3585 -0.00929065 0.999915 0.00912141 0.296402 0.08493 -0.00829975 0.996352 47.2781 
0.996434 0.00717335 -0.0840674 -81.4406 -0.00621568 0.999913 0.0116474 0.288396 0.0841436 -0.0110833 0.996392 48.1512 
0.996496 0.00631799 -0.0834036 -81.5303 -0.00532805 0.999913 0.012086 0.278571 0.0834726 -0.0115993 0.996443 49.0217 
0.996574 0.00782911 -0.0823318 -81.6186 -0.00712504 0.999936 0.00884143 0.268422 0.0823957 -0.00822448 0.996566 49.8881 
0.99662 0.0103458 -0.0814921 -81.7154 -0.010136 0.999944 0.0029878 0.258438 0.0815184 -0.00215165 0.99667 50.7406 
0.996695 0.0120067 -0.0803383 -81.8059 -0.0122218 0.999923 -0.00218776 0.242082 0.0803058 0.00316245 0.996765 51.6003 
0.99669 0.0166814 -0.0795709 -81.8976 -0.0173747 0.999817 -0.00802897 0.225062 0.0794224 0.00938495 0.996797 52.4564 
0.996791 0.0166576 -0.0782994 -81.9846 -0.0174084 0.999809 -0.00891653 0.205633 0.0781359 0.010251 0.99689 53.3048 
0.996852 0.0137975 -0.0780718 -82.0679 -0.0140619 0.999897 -0.0028376 0.189608 0.0780246 0.00392655 0.996944 54.1579 
0.9968 0.0131055 -0.0788593 -82.1489 -0.012642 0.9999 0.00637431 0.171336 0.0789348 -0.00535693 0.996865 55.0159 
0.99672 0.0123835 -0.0799761 -82.2328 -0.0112959 0.999838 0.014037 0.157026 0.0801369 -0.0130875 0.996698 55.8764 
0.996557 0.0102506 -0.0822809 -82.3148 -0.0093027 0.999886 0.0118953 0.148737 0.0823934 -0.0110889 0.996538 56.7185 
0.996421 0.00529671 -0.0843625 -82.3923 -0.00460317 0.999954 0.00841283 0.14264 0.0844031 -0.00799434 0.9964 57.5546 
0.996204 0.0037547 -0.0869691 -82.4789 -0.00316024 0.999971 0.00697148 0.131209 0.0869927 -0.00667013 0.996187 58.3817 
0.995968 0.00603716 -0.0895109 -82.5749 -0.00566056 0.999974 0.00446007 0.117829 0.0895354 -0.00393536 0.995976 59.2074 
0.995665 0.00741024 -0.0927206 -82.673 -0.0073284 0.999972 0.00122263 0.103588 0.0927271 -0.000537793 0.995691 60.0259 
0.995273 0.00811401 -0.0967749 -82.7714 -0.00835349 0.999963 -0.00207015 0.0897972 0.0967545 0.00286881 0.995304 60.8402 
0.994954 0.0100437 -0.0998305 -82.8744 -0.0106963 0.999925 -0.00600401 0.0689932 0.0997626 0.00704157 0.994986 61.6447 
0.994593 0.014893 -0.10278 -82.9874 -0.0156156 0.999859 -0.00622909 0.0512534 0.102673 0.00780042 0.994685 62.4522 
0.994172 0.0184776 -0.10621 -83.0982 -0.0190653 0.999808 -0.00452064 0.0373328 0.106106 0.00651927 0.994333 63.2583 
0.993703 0.0217517 -0.109912 -83.2117 -0.0217585 0.999763 0.00113693 0.0217379 0.109911 0.0012618 0.993941 64.0649 
0.993238 0.0222573 -0.113941 -83.3244 -0.021652 0.999744 0.00654729 0.00759468 0.114058 -0.00403592 0.993466 64.868 
0.992671 0.0214822 -0.118927 -83.4351 -0.020414 0.99974 0.0101927 -0.00408846 0.119115 -0.00769021 0.992851 65.6621 
0.991889 0.0211194 -0.125341 -83.5519 -0.0198552 0.999739 0.0113262 -0.010824 0.125548 -0.0087456 0.992049 66.4489 
0.991194 0.0194261 -0.130984 -83.6721 -0.0176132 0.999733 0.0149845 -0.0153101 0.13124 -0.0125455 0.991271 67.2286 
0.990306 0.0197746 -0.137491 -83.7968 -0.0179262 0.999732 0.0146692 -0.0215588 0.137744 -0.0120623 0.990394 68.0004 
0.989356 0.0246224 -0.143419 -83.9362 -0.0229076 0.999645 0.0135957 -0.0272648 0.143703 -0.0101656 0.989569 68.7662 
0.988396 0.0268 -0.149516 -84.0752 -0.0256367 0.999624 0.00970275 -0.0310126 0.14972 -0.00575702 0.988712 69.5334 
0.987508 0.0252318 -0.155535 -84.2138 -0.0244166 0.999676 0.00714961 -0.0389742 0.155665 -0.00326263 0.987805 70.2981 
0.986614 0.0266229 -0.160886 -84.3576 -0.0260343 0.999644 0.00576569 -0.0451741 0.160982 -0.00149992 0.986956 71.0638 
0.985784 0.0282901 -0.165619 -84.5045 -0.0268929 0.999581 0.0106726 -0.0472717 0.165851 -0.00606689 0.986132 71.8294 
0.984734 0.0288568 -0.171659 -84.6569 -0.0267135 0.999534 0.0147827 -0.0505228 0.172005 -0.00997135 0.985046 72.5814 
0.983655 0.0281316 -0.177854 -84.8118 -0.0255192 0.999531 0.0169596 -0.0607434 0.178248 -0.0121436 0.983911 73.3364 
0.982418 0.0257974 -0.184904 -84.9692 -0.0237688 0.999631 0.0131797 -0.0644561 0.185176 -0.00855298 0.982668 74.0801 
0.980882 0.0237351 -0.19315 -85.1348 -0.0230294 0.999717 0.00589837 -0.0653775 0.193235 -0.00133744 0.981152 74.8226 
0.979132 0.0210971 -0.202128 -85.3065 -0.0207273 0.999777 0.00394594 -0.069935 0.202166 0.000326012 0.979351 75.5636 
0.976917 0.0203502 -0.21265 -85.4896 -0.0193694 0.99979 0.00669435 -0.0764283 0.212741 -0.00242088 0.977106 76.3034 
0.97443 0.0205297 -0.223751 -85.6776 -0.0181105 0.999753 0.0128591 -0.0790628 0.22396 -0.00847803 0.974562 77.0394 
0.9716 0.0219667 -0.235609 -85.8789 -0.0176529 0.999636 0.0204028 -0.0815203 0.235972 -0.0156642 0.971634 77.771 
0.968827 0.0223591 -0.246728 -86.088 -0.0169826 0.99957 0.023898 -0.0853427 0.247156 -0.0189629 0.96879 78.4919 
0.96586 0.0261209 -0.257744 -86.3105 -0.0218662 0.999573 0.0193604 -0.0894732 0.25814 -0.0130635 0.966019 79.2027 
0.962638 0.0253168 -0.269607 -86.5332 -0.0234365 0.999673 0.0101914 -0.0893405 0.269777 -0.00349197 0.962916 79.9029 
0.959238 0.0224537 -0.281707 -86.763 -0.0218711 0.999747 0.00521268 -0.0874242 0.281752 0.00116107 0.959486 80.6027 
0.955648 0.0210507 -0.293757 -87.0036 -0.0189425 0.99977 0.0100202 -0.0875304 0.2939 -0.00401124 0.955828 81.3125 
0.952155 0.0226117 -0.304779 -87.2587 -0.0181823 0.999684 0.0173639 -0.0921633 0.305076 -0.0109915 0.952265 82.0301 
0.948309 0.0225691 -0.316545 -87.5196 -0.0162611 0.999613 0.0225555 -0.092413 0.316932 -0.0162421 0.948309 82.7448 
0.943948 0.0200474 -0.329486 -87.7796 -0.0140978 0.999692 0.0204367 -0.0885728 0.329794 -0.0146461 0.943939 83.4515 
0.939973 0.0177764 -0.340786 -88.0534 -0.0132165 0.999789 0.0156975 -0.0875955 0.340993 -0.0102511 0.94001 84.1523 
0.936711 0.0133904 -0.349847 -88.3346 -0.0108785 0.999899 0.00914396 -0.0951837 0.349934 -0.00475937 0.936762 84.8501 
0.933794 0.00939729 -0.357687 -88.6145 -0.00900622 0.999956 0.00275905 -0.0934542 0.357697 0.000645072 0.933838 85.5447 
0.930901 0.00929789 -0.365155 -88.9049 -0.00964063 0.999953 0.00088444 -0.101059 0.365146 0.00269704 0.930947 86.2426 
0.927936 0.0145719 -0.372455 -89.2171 -0.0154402 0.999881 0.000651278 -0.109286 0.37242 0.00514649 0.92805 86.9296 
0.924679 0.0141549 -0.380484 -89.5235 -0.0142904 0.999895 0.00246897 -0.116373 0.380479 0.00315431 0.924784 87.6317 
0.92133 0.0149576 -0.388494 -89.8349 -0.0124056 0.999882 0.00907656 -0.120736 0.388584 -0.00354298 0.921407 88.3353 
0.918433 0.0168733 -0.395217 -90.1575 -0.0110416 0.999794 0.0170255 -0.121248 0.395423 -0.0112729 0.91843 89.0432 
0.915694 0.0266819 -0.400989 -90.4917 -0.01871 0.999542 0.0237837 -0.127147 0.401439 -0.0142761 0.915774 89.7334 
0.912866 0.0332779 -0.4069 -90.8281 -0.0272169 0.999416 0.0206761 -0.128652 0.40735 -0.00779989 0.913239 90.4194 
0.91028 0.0293255 -0.412952 -91.1533 -0.0263858 0.99957 0.0128209 -0.125812 0.413151 -0.000774493 0.910662 91.1049 
0.908251 0.0211599 -0.41789 -91.4834 -0.0208102 0.999769 0.00539398 -0.125243 0.417908 0.00379731 0.908482 91.7964 
0.906366 0.0219073 -0.421926 -91.8184 -0.0221238 0.999746 0.00438331 -0.124016 0.421914 0.00536177 0.90662 92.4864 
0.903999 0.027728 -0.426635 -92.1727 -0.0260698 0.999613 0.0097277 -0.132703 0.426739 0.00232851 0.904372 93.1829 
0.901364 0.0299687 -0.432024 -92.5263 -0.026688 0.999551 0.0136557 -0.133893 0.432239 -0.000778798 0.901759 93.8796 
0.898975 0.0261016 -0.437221 -92.8748 -0.023299 0.999659 0.0117732 -0.144643 0.437379 -0.000396961 0.899277 94.5706 
0.89642 0.0244063 -0.442533 -93.2271 -0.0246312 0.999683 0.00523956 -0.149859 0.442521 0.00620331 0.896737 95.2577 
0.894133 0.0215786 -0.447281 -93.592 -0.0247279 0.999694 -0.00120299 -0.154667 0.447118 0.012136 0.894393 95.9404 
0.891722 0.0221763 -0.452041 -93.9617 -0.0263186 0.99965 -0.00287664 -0.16068 0.451819 0.0144623 0.891993 96.6236 
0.889579 0.0249483 -0.456099 -94.3335 -0.0273807 0.999624 0.00127513 -0.174921 0.45596 0.011354 0.889928 97.3061 
0.887377 0.0266427 -0.460274 -94.7095 -0.0281488 0.999597 0.00359216 -0.187916 0.460184 0.00976861 0.88777 97.9876 
0.884788 0.027123 -0.465204 -95.0834 -0.028306 0.999589 0.00444345 -0.201865 0.465134 0.00923658 0.885192 98.6657 
0.882425 0.0251644 -0.469779 -95.4594 -0.0265442 0.999641 0.0036869 -0.213327 0.469703 0.00921655 0.882776 99.3401 
0.880163 0.0232585 -0.474102 -95.8355 -0.0248882 0.999686 0.00283804 -0.221128 0.474019 0.00930166 0.880466 100.014 
0.877828 0.0225494 -0.478444 -96.2114 -0.0238953 0.999709 0.00327478 -0.230828 0.478379 0.00855792 0.878112 100.676 
0.875445 0.0240978 -0.482716 -96.5978 -0.0254836 0.999668 0.00368808 -0.240533 0.482645 0.00907269 0.875769 101.332 
0.873071 0.0246013 -0.486973 -96.9841 -0.0262312 0.99965 0.00347239 -0.249943 0.486888 0.00974229 0.87341 101.989 
0.870534 0.0214642 -0.49164 -97.3635 -0.0250013 0.999687 -0.000624459 -0.262746 0.491473 0.0128353 0.870798 102.637 
0.868021 0.018336 -0.496189 -97.744 -0.0240643 0.999697 -0.00515521 -0.279061 0.495944 0.0164153 0.8682 103.279 
0.865803 0.0164698 -0.500114 -98.1272 -0.0235084 0.999693 -0.00777605 -0.293448 0.499832 0.0184895 0.865925 103.914 
0.863913 0.0183793 -0.503305 -98.5142 -0.0236 0.999714 -0.00400228 -0.305432 0.503087 0.0153357 0.8641 104.542 
0.86205 0.0225485 -0.506322 -98.9003 -0.0233179 0.999717 0.00482078 -0.317721 0.506287 0.00765067 0.862331 105.166 
0.86044 0.0247462 -0.508951 -99.2814 -0.020301 0.999692 0.0142857 -0.330221 0.509148 -0.00195975 0.860677 105.789 
0.858943 0.0249058 -0.511466 -99.6528 -0.0174978 0.999661 0.019293 -0.341928 0.511773 -0.00762198 0.859087 106.387 
0.857206 0.0219341 -0.514507 -100.018 -0.0144753 0.999724 0.0185025 -0.340455 0.514771 -0.00841273 0.857287 106.985 
0.855399 0.0198664 -0.517588 -100.385 -0.0143187 0.999789 0.0147105 -0.339455 0.517771 -0.0051721 0.855503 107.562 
0.853804 0.0180365 -0.520282 -100.745 -0.0140339 0.999834 0.0116308 -0.341521 0.520405 -0.00262877 0.853915 108.12 
0.852409 0.0164206 -0.522617 -101.1 -0.0130353 0.999864 0.0101545 -0.341429 0.522713 -0.00184328 0.852507 108.667 
0.851137 0.0150128 -0.524729 -101.44 -0.0117077 0.999885 0.00961693 -0.343014 0.524813 -0.00204193 0.851215 109.196 
0.849777 0.0154014 -0.526918 -101.775 -0.0114988 0.999877 0.010681 -0.353248 0.527017 -0.00301748 0.849849 109.704 
0.848615 0.0151985 -0.528792 -102.1 -0.010429 0.999874 0.0120017 -0.356488 0.528908 -0.00467001 0.848667 110.198 
0.84703 0.0140507 -0.531359 -102.409 -0.00873367 0.999884 0.0125177 -0.364781 0.531473 -0.00596211 0.847054 110.676 
0.845465 0.0122578 -0.53389 -102.699 -0.00652085 0.999899 0.0126306 -0.36852 0.533991 -0.00719728 0.84546 111.134 
0.844476 0.0112092 -0.535476 -102.991 -0.00590434 0.999915 0.0116198 -0.373667 0.535561 -0.006651 0.84447 111.564 
0.843136 0.0110298 -0.537587 -103.267 -0.00793298 0.999936 0.00807409 -0.380819 0.537642 -0.00254284 0.84317 111.98 
0.841566 0.00839402 -0.540089 -103.535 -0.00758008 0.999964 0.00373005 -0.384045 0.540101 0.000954883 0.8416 112.377 
0.839396 0.00412815 -0.543505 -103.797 -0.00412684 0.999991 0.00122177 -0.382306 0.543505 0.00121746 0.839405 112.758 
0.83671 -0.000117559 -0.547647 -104.045 0.000894737 0.999999 0.00115229 -0.379442 0.547646 -0.00145408 0.836709 113.129 
0.833158 0.000838134 -0.553034 -104.287 0.000611789 0.999997 0.00243714 -0.383276 0.553034 -0.00236881 0.833155 113.48 
0.829095 0.0042208 -0.559092 -104.522 -0.00240778 0.999989 0.00397869 -0.386222 0.559103 -0.00195249 0.829096 113.811 
0.825166 0.00983784 -0.564805 -104.753 -0.00642135 0.999947 0.00803572 -0.386919 0.564854 -0.00300394 0.825185 114.131 
0.820976 0.015376 -0.570756 -104.971 -0.00829427 0.999853 0.0150052 -0.39264 0.570903 -0.00758487 0.820983 114.424 
0.815937 0.0168586 -0.577894 -105.176 -0.00709261 0.999791 0.0191521 -0.397882 0.578097 -0.0115281 0.815887 114.704 
0.810181 0.0142873 -0.586006 -105.367 -0.0028752 0.999788 0.0204004 -0.401275 0.586173 -0.0148431 0.81005 114.969 
0.802967 0.0116774 -0.59591 -105.555 0.000796056 0.999786 0.0206643 -0.393611 0.596024 -0.0170671 0.802786 115.218 
0.794242 0.0105461 -0.607511 -105.745 0.00350621 0.999753 0.0219391 -0.398473 0.607592 -0.019555 0.794009 115.442 
0.783749 0.0110366 -0.620979 -105.928 0.00372953 0.99974 0.0224753 -0.397957 0.621066 -0.0199309 0.783505 115.65 
0.771122 0.0125432 -0.636563 -106.107 0.00216139 0.999749 0.0223178 -0.404811 0.636683 -0.0185856 0.770901 115.842 
0.756592 0.010853 -0.653798 -106.28 0.00230371 0.999812 0.0192627 -0.404315 0.653884 -0.0160801 0.756424 116.021 
0.741498 0.00838986 -0.670903 -106.452 0.00138178 0.999901 0.0140312 -0.406476 0.670954 -0.0113311 0.741412 116.179 
0.726027 0.00473617 -0.68765 -106.614 0.00168754 0.999961 0.00866889 -0.4071 0.687664 -0.00745423 0.725991 116.33 
0.710325 0.00454325 -0.703859 -106.782 -0.0021535 0.999989 0.00428138 -0.403902 0.703871 -0.00152536 0.710327 116.469 
0.694187 0.00749854 -0.719755 -106.956 -0.00938332 0.999955 0.00136769 -0.394541 0.719733 0.00580432 0.694226 116.599 
0.676349 0.00896943 -0.736527 -107.132 -0.0121015 0.999926 0.00106437 -0.387599 0.736482 0.00819321 0.676408 116.735 
0.657214 0.00726687 -0.753669 -107.311 -0.00914383 0.999957 0.00166797 -0.380375 0.753649 0.00579526 0.657252 116.87 
0.636622 0.00618368 -0.771151 -107.491 -0.00610297 0.999977 0.00298026 -0.377045 0.771152 0.00280907 0.636645 117 
0.614139 0.00807314 -0.789157 -107.679 -0.00619049 0.999966 0.00541214 -0.378977 0.789174 0.00156151 0.614168 117.117 
0.589522 0.0120001 -0.807663 -107.874 -0.0098539 0.999922 0.00766421 -0.365637 0.807693 0.00344047 0.589594 117.227 
0.564518 0.0153675 -0.825278 -108.073 -0.0120557 0.999874 0.0103721 -0.355275 0.825333 0.00409407 0.564632 117.329 
0.538939 0.018016 -0.842152 -108.276 -0.0139684 0.999825 0.0124499 -0.350637 0.842229 0.00505388 0.539096 117.42 
0.512837 0.0208591 -0.858233 -108.483 -0.0172347 0.999753 0.0140001 -0.347627 0.858313 0.00761169 0.51307 117.506 
0.485818 0.0252109 -0.873697 -108.689 -0.0216372 0.999625 0.0168133 -0.348811 0.873792 0.0107362 0.486181 117.579 
0.457647 0.0279091 -0.888696 -108.9 -0.0239401 0.999532 0.0190616 -0.346067 0.888812 0.012552 0.458101 117.653 
0.427687 0.027113 -0.90352 -109.112 -0.0232368 0.99955 0.0189954 -0.343111 0.903628 0.0128709 0.428124 117.72 
0.394864 0.0244157 -0.918415 -109.338 -0.0233553 0.999591 0.0165323 -0.349656 0.918443 0.0149219 0.395273 117.788 
0.359892 0.0195167 -0.93279 -109.583 -0.0231604 0.99966 0.01198 -0.338954 0.932706 0.0172924 0.360222 117.849 
0.32071 0.0165536 -0.947033 -109.844 -0.0233963 0.999681 0.00955078 -0.325231 0.946888 0.0190941 0.320995 117.899 
0.279369 0.014575 -0.960073 -110.129 -0.0229789 0.9997 0.00849004 -0.310099 0.959909 0.0196896 0.27962 117.938 
0.235171 0.0124621 -0.971874 -110.432 -0.0223746 0.999722 0.00740506 -0.301096 0.971696 0.0200038 0.235385 117.976 
0.187775 0.0089875 -0.982171 -110.751 -0.0215703 0.999755 0.00502451 -0.285829 0.981975 0.0202423 0.187923 118 
0.138529 0.00677793 -0.990335 -111.078 -0.0214848 0.999762 0.00383713 -0.279779 0.990125 0.0207456 0.138642 118.004 
0.0882507 0.00622001 -0.996079 -111.431 -0.0209641 0.999771 0.00438568 -0.27127 0.995878 0.0204949 0.0883608 117.991 
0.0359907 0.00721298 -0.999326 -111.793 -0.0205973 0.999767 0.00647435 -0.262854 0.99914 0.0203505 0.0361309 117.961 
-0.0173599 0.0098764 -0.999801 -112.164 -0.0174613 0.999796 0.0101795 -0.262459 0.999697 0.0176345 -0.0171839 117.916 
-0.0709869 0.0116759 -0.997409 -112.545 -0.0144107 0.999815 0.0127297 -0.257253 0.997373 0.0152771 -0.0708055 117.851 
-0.124495 0.013321 -0.992131 -112.941 -0.0110026 0.99983 0.014805 -0.253297 0.992159 0.0127592 -0.124328 117.761 
-0.177312 0.0149643 -0.984041 -113.345 -0.00834947 0.999826 0.0167088 -0.24645 0.984119 0.0111789 -0.177156 117.645 
-0.228277 0.0165963 -0.973455 -113.754 -0.00668397 0.999804 0.018613 -0.242584 0.973573 0.0107555 -0.228122 117.503 
-0.277614 0.0177601 -0.960529 -114.176 -0.00371651 0.999802 0.0195604 -0.232945 0.960686 0.00900008 -0.277493 117.338 
-0.325796 0.0189877 -0.94525 -114.606 0.000581715 0.999802 0.019883 -0.220336 0.94544 0.00592797 -0.325742 117.155 
-0.372361 0.0206058 -0.927859 -115.043 0.00528078 0.999784 0.0200838 -0.214959 0.928073 0.00257863 -0.372389 116.944 
-0.416377 0.0224402 -0.908915 -115.481 0.00954767 0.999748 0.0203089 -0.207154 0.909142 -0.000221805 -0.416487 116.706 
