1 2.12261e-08 -2.11895e-08 0 2.12261e-08 1 2.10703e-08 0 -2.11895e-08 2.10703e-08 1 0 
0.999998 0.000777295 0.00180649 -0.00887439 -0.000775749 0.999999 -0.000832905 -0.00732818 -0.00180718 0.000831544 0.999998 0.449534 
0.999991 0.00218436 0.00363281 -0.0177037 -0.00217791 0.999996 -0.00176775 -0.0135635 -0.0036367 0.00175987 0.999992 0.912377 
0.99998 0.0033527 0.00542072 -0.0269484 -0.00333954 0.999992 -0.00242765 -0.0196294 -0.00542885 0.00240954 0.999982 1.38994 
0.999969 0.00363027 0.0070447 -0.0342866 -0.00361314 0.999991 -0.00243685 -0.0247269 -0.00705353 0.00241136 0.999972 1.88196 
0.999957 0.00305274 0.00871503 -0.0393032 -0.00303311 0.999993 -0.00226003 -0.0323913 -0.00872191 0.00223354 0.99996 2.3821 
0.999941 0.00244246 0.0106071 -0.0420264 -0.00243247 0.999997 -0.000951406 -0.0426981 -0.0106094 0.00092559 0.999943 2.89214 
0.99992 0.00247124 0.012393 -0.047763 -0.00247737 0.999997 0.000483138 -0.0494538 -0.0123918 -0.00051376 0.999923 3.40277 
0.999909 0.00301351 0.0131445 -0.048681 -0.00303668 0.999994 0.00174569 -0.0585347 -0.0131392 -0.00178541 0.999912 3.91991 
0.999895 0.0038209 0.0140101 -0.0530034 -0.0038458 0.999991 0.00175405 -0.0680609 -0.0140033 -0.0018077 0.9999 4.43788 
0.999874 0.00491034 0.0151163 -0.0572319 -0.00492913 0.999987 0.00120889 -0.0738838 -0.0151102 -0.0012832 0.999885 4.95177 
0.999863 0.00499675 0.0157648 -0.0577527 -0.00501381 0.999987 0.00104584 -0.0818347 -0.0157594 -0.0011247 0.999875 5.47501 
0.999843 0.00624232 0.0165675 -0.0598563 -0.00624984 0.99998 0.000404607 -0.0901663 -0.0165647 -0.000508046 0.999863 6.00329 
0.999822 0.00719881 0.0174272 -0.0605208 -0.00719515 0.999974 -0.000270077 -0.0980686 -0.0174287 0.00014468 0.999848 6.53752 
0.999795 0.00837486 0.0184597 -0.0622717 -0.00836827 0.999965 -0.000432024 -0.10618 -0.0184627 0.0002775 0.99983 7.07423 
0.999773 0.00896372 0.0193212 -0.0636066 -0.00894628 0.99996 -0.000986339 -0.116974 -0.0193293 0.000813304 0.999813 7.61684 
0.999736 0.0102521 0.0205826 -0.0629802 -0.0102268 0.999947 -0.00133313 -0.125938 -0.0205952 0.00112233 0.999787 8.16344 
0.999664 0.0113936 0.0233045 -0.0590736 -0.0113625 0.999934 -0.00146573 -0.133972 -0.0233197 0.00120048 0.999727 8.71437 
0.999555 0.0121319 0.0272532 -0.0538814 -0.0120853 0.999925 -0.00187131 -0.144176 -0.0272739 0.00154116 0.999627 9.27762 
0.999437 0.0121622 0.0312722 -0.0450156 -0.0120961 0.999924 -0.002301 -0.154063 -0.0312979 0.00192147 0.999508 9.84467 
0.99928 0.0116134 0.0361239 -0.0312336 -0.0115195 0.99993 -0.00280699 -0.164416 -0.036154 0.00238889 0.999343 10.4234 
0.999045 0.0120318 0.041997 -0.0128823 -0.0119299 0.999925 -0.00267318 -0.175099 -0.042026 0.00216965 0.999114 11.0063 
0.998752 0.012041 0.0484688 -0.00214239 -0.0119487 0.999926 -0.00219204 -0.18575 -0.0484916 0.00161021 0.998822 11.588 
0.998438 0.0121408 0.0545337 0.0242401 -0.012001 0.999924 -0.00288968 -0.19523 -0.0545646 0.00223075 0.998508 12.1866 
0.998097 0.0103799 0.0607784 0.0561236 -0.0101667 0.999941 -0.00381551 -0.207327 -0.0608145 0.00319037 0.998144 12.7967 
0.997711 0.00963947 0.0669251 0.0916747 -0.00937537 0.999947 -0.00425848 -0.216258 -0.0669626 0.00362132 0.997749 13.4143 
0.997249 0.0123465 0.0730872 0.129714 -0.0119229 0.99991 -0.00622742 -0.226864 -0.0731575 0.00533891 0.997306 14.0481 
0.996712 0.0161261 0.0794017 0.163582 -0.0154282 0.999837 -0.00939471 -0.237886 -0.0795403 0.00813883 0.996798 14.6886 
0.996252 0.0133553 0.0854562 0.208337 -0.0125943 0.999876 -0.00943691 -0.251019 -0.0855716 0.00832533 0.996297 15.3593 
0.995894 0.00604812 0.0903287 0.267422 -0.00543775 0.999961 -0.00700133 -0.253209 -0.0903675 0.00648143 0.995887 16.0343 
0.995462 0.000264436 0.0951569 0.330045 7.7617e-05 0.999994 -0.00359044 -0.25868 -0.0951573 0.00358157 0.995456 16.7314 
0.995066 0.00157927 0.0992006 0.391069 -0.00150291 0.999999 -0.000844064 -0.252477 -0.0992018 0.00069085 0.995067 17.4381 
0.994862 0.000509447 0.101238 0.455097 -0.000400359 0.999999 -0.00109742 -0.25738 -0.101239 0.00105129 0.994862 18.1685 
0.994848 -0.0034851 0.101316 0.522733 0.00379197 0.999989 -0.00283594 -0.261864 -0.101305 0.00320556 0.99485 18.9056 
0.99495 -0.00888107 0.0999797 0.582896 0.00944017 0.999942 -0.00511999 -0.262407 -0.0999285 0.006038 0.994976 19.6435 
0.995419 -0.0116441 0.0948955 0.647885 0.0122257 0.99991 -0.00554862 -0.273939 -0.0948224 0.00668341 0.995472 20.4174 
0.996095 -0.0109219 0.0876063 0.695041 0.0114541 0.999919 -0.00557332 -0.28806 -0.0875384 0.00655505 0.99614 21.2045 
0.996866 -0.0106666 0.0783861 0.738852 0.0110124 0.999931 -0.00397886 -0.2964 -0.0783383 0.00482965 0.996915 22.0176 
0.99758 -0.0108049 0.0686793 0.777896 0.010959 0.999938 -0.00186617 -0.307739 -0.068655 0.00261435 0.997637 22.8351 
0.998174 -0.00971095 0.0596121 0.803607 0.00965607 0.999953 0.00120933 -0.322339 -0.0596211 -0.00063146 0.998221 23.662 
0.998628 -0.00949097 0.0515077 0.827706 0.0093249 0.999951 0.00346444 -0.332904 -0.051538 -0.00297934 0.998667 24.4969 
0.998968 -0.00796248 0.044707 0.843259 0.00778466 0.999961 0.00415123 -0.341137 -0.0447383 -0.00379888 0.998992 25.3359 
0.999216 -0.00686352 0.0389952 0.858402 0.00668285 0.999966 0.00476274 -0.352784 -0.0390266 -0.00449836 0.999228 26.1751 
0.999415 -0.00539215 0.0337632 0.869513 0.00523371 0.999975 0.00478066 -0.363364 -0.0337882 -0.00460112 0.999418 27.0054 
0.999572 -0.00501707 0.0288357 0.871819 0.00488324 0.999977 0.00471136 -0.37657 -0.0288588 -0.00456849 0.999573 27.8408 
0.999691 -0.00440487 0.0244822 0.865469 0.00430436 0.999982 0.00415814 -0.387909 -0.0245001 -0.00405144 0.999692 28.6726 
0.999795 -0.00316389 0.0199841 0.864758 0.00307042 0.999984 0.00470805 -0.399419 -0.0199987 -0.00464568 0.999789 29.5044 
0.999862 -0.00109563 0.0165931 0.858844 0.00100394 0.999984 0.00553565 -0.416009 -0.016599 -0.00551818 0.999847 30.3441 
0.999899 0.00172476 0.0140951 0.849186 -0.00181543 0.999978 0.00642539 -0.430007 -0.0140837 -0.00645028 0.99988 31.1759 
0.999918 0.00283661 0.0124765 0.839048 -0.00291686 0.999975 0.00642147 -0.443345 -0.012458 -0.00645729 0.999902 31.9984 
0.999925 0.00361617 0.0116791 0.831996 -0.00368681 0.999975 0.00603622 -0.455291 -0.011657 -0.00607879 0.999914 32.8106 
0.999923 0.0057751 0.011017 0.819373 -0.00582672 0.999972 0.00466286 -0.467396 -0.0109898 -0.00472665 0.999928 33.6201 
0.999918 0.0083139 0.00978944 0.816078 -0.00835653 0.999956 0.00432662 -0.477816 -0.00975308 -0.00440802 0.999943 34.4186 
0.999904 0.0103424 0.00927217 0.802097 -0.0103878 0.999934 0.0048652 -0.489787 -0.00922129 -0.00496101 0.999945 35.2115 
0.999891 0.0120016 0.00857767 0.793631 -0.0120486 0.999913 0.00545295 -0.505784 -0.00851152 -0.00555567 0.999948 35.9935 
0.999877 0.0134031 0.00815033 0.781073 -0.0134481 0.999895 0.00549544 -0.518116 -0.00807586 -0.00560432 0.999952 36.7597 
0.999852 0.0154415 0.00759958 0.769602 -0.0154831 0.999865 0.00545035 -0.531894 -0.00751443 -0.00556717 0.999956 37.5056 
0.999814 0.017812 0.00741515 0.75802 -0.0178559 0.999823 0.00589807 -0.544666 -0.00730883 -0.00602933 0.999955 38.2458 
0.999749 0.0210238 0.00774048 0.744989 -0.021069 0.999761 0.00580809 -0.554493 -0.00761657 -0.00596968 0.999953 38.9693 
0.999647 0.0248531 0.00937587 0.731909 -0.0249084 0.999673 0.00583683 -0.567234 -0.00922778 -0.00606827 0.999939 39.676 
0.99957 0.026724 0.0121023 0.726902 -0.0267816 0.999631 0.00462821 -0.580043 -0.0119742 -0.0049503 0.999916 40.3785 
0.999485 0.0279135 0.0158036 0.725912 -0.0279754 0.999602 0.00371212 -0.594667 -0.0156938 -0.00415228 0.999868 41.0532 
0.999405 0.0274364 0.0208822 0.727611 -0.0275216 0.999614 0.00380551 -0.604403 -0.0207698 -0.00437792 0.999775 41.7366 
0.99925 0.0284207 0.0263198 0.731176 -0.0285362 0.999585 0.00402303 -0.61634 -0.0261946 -0.00477104 0.999646 42.4063 
0.999056 0.0288572 0.0324573 0.740817 -0.0290181 0.999569 0.00449834 -0.62957 -0.0323136 -0.0054359 0.999463 43.0532 
0.998807 0.0280875 0.0399449 0.753536 -0.0283071 0.999587 0.00494411 -0.639983 -0.0397896 -0.00606889 0.99919 43.6843 
0.998455 0.0277657 0.0481318 0.782937 -0.0280283 0.999596 0.00478889 -0.652415 -0.0479795 -0.0061305 0.99883 44.3067 
0.997886 0.0281835 0.0585631 0.810826 -0.0285074 0.999583 0.00470461 -0.66559 -0.0584061 -0.00636411 0.998273 44.9165 
0.997128 0.027625 0.0705148 0.846591 -0.0280005 0.999599 0.00434238 -0.67326 -0.0703666 -0.00630432 0.997501 45.5126 
0.996204 0.0263288 0.0829713 0.893626 -0.0267771 0.999632 0.00429526 -0.682866 -0.0828277 -0.00650064 0.996543 46.0974 
0.995037 0.0257059 0.0961244 0.943906 -0.026187 0.99965 0.00374712 -0.69345 -0.0959945 -0.00624569 0.995362 46.672 
0.993486 0.0256037 0.111037 1.0008 -0.0261835 0.99965 0.00376757 -0.704204 -0.110902 -0.00665034 0.993809 47.2313 
0.991532 0.0251908 0.127398 1.07236 -0.0259156 0.999656 0.00403442 -0.715586 -0.127252 -0.00730179 0.991844 47.7821 
0.989095 0.0275613 0.144681 1.15145 -0.02832 0.999594 0.00318677 -0.724409 -0.144534 -0.00724933 0.989473 48.3212 
0.985865 0.0260939 0.165499 1.24311 -0.0268462 0.999637 0.00231029 -0.735933 -0.165378 -0.00672062 0.986207 48.8465 
0.981628 0.0293009 0.188541 1.34309 -0.0300851 0.999547 0.00129832 -0.748515 -0.188417 -0.0069467 0.982065 49.3628 
0.976468 0.0282439 0.213806 1.45985 -0.0287221 0.999587 -0.000869956 -0.764632 -0.213743 -0.00529145 0.976876 49.8619 
0.970334 0.0271355 0.24024 1.58966 -0.0270431 0.999628 -0.00368181 -0.776716 -0.240251 -0.00292423 0.970707 50.3428 
0.962973 0.0261337 0.268329 1.7311 -0.0253102 0.999658 -0.00652821 -0.785432 -0.268408 -0.000504937 0.963305 50.8084 
0.954286 0.0239078 0.297939 1.88569 -0.0226325 0.999714 -0.00772996 -0.798301 -0.298039 0.000633532 0.954554 51.2582 
0.944001 0.0264652 0.328879 2.04027 -0.0244449 0.999648 -0.0102768 -0.807286 -0.329036 0.00166192 0.944316 51.6899 
0.932426 0.0267512 0.36037 2.2107 -0.0248168 0.999642 -0.00999462 -0.824971 -0.360508 0.000376042 0.932756 52.1076 
0.919328 0.0258748 0.392641 2.38925 -0.0243941 0.999664 -0.00876101 -0.840691 -0.392736 -0.00152384 0.91965 52.5093 
0.904299 0.0246796 0.426185 2.58419 -0.0235984 0.999691 -0.00781794 -0.861233 -0.426246 -0.0029875 0.904602 52.8862 
0.887042 0.0242127 0.461053 2.78345 -0.0230385 0.999701 -0.00817554 -0.875909 -0.461113 -0.00336987 0.887335 53.2468 
0.867675 0.0238841 0.496558 2.98849 -0.0221386 0.999711 -0.0094009 -0.887635 -0.496639 -0.00283614 0.867952 53.5856 
0.846391 0.023179 0.532057 3.2124 -0.0203031 0.999731 -0.0112552 -0.900853 -0.532174 -0.00127605 0.846634 53.9106 
0.823013 0.0221424 0.567591 3.44464 -0.0178206 0.999755 -0.0131615 -0.909853 -0.567743 0.00071726 0.823206 54.2149 
0.797559 0.0189971 0.602942 3.69157 -0.0138293 0.999817 -0.0132084 -0.926014 -0.603083 0.00219629 0.797675 54.5077 
0.769542 0.015373 0.638411 3.94644 -0.0107288 0.99988 -0.0111446 -0.939037 -0.638506 0.00172692 0.769615 54.7843 
0.739563 0.0111306 0.672995 4.21616 -0.0080124 0.999938 -0.00773294 -0.947367 -0.67304 0.00032671 0.739607 55.0535 
0.707405 0.00746237 0.70677 4.49674 -0.00663064 0.99997 -0.00392143 -0.960085 -0.706778 -0.00191228 0.707433 55.3058 
0.672123 0.00517796 0.740422 4.78342 -0.0077493 0.99997 4.14909e-05 -0.970144 -0.740399 -0.00576562 0.672142 55.5432 
0.634321 0.00149602 0.773068 5.07681 -0.00579454 0.999979 0.0028195 -0.976022 -0.773048 -0.00626802 0.634317 55.7619 
0.595013 -0.0021975 0.803713 5.38066 -0.00315392 0.999982 0.00506914 -0.986574 -0.80371 -0.00555103 0.594996 55.9538 
0.552819 -0.00426509 0.833291 5.69538 0.000269737 0.999988 0.00493942 -0.991137 -0.833302 -0.00250582 0.552813 56.1282 
0.507874 -0.00340117 0.861425 6.02711 0.00126252 0.999994 0.00320399 -1.00129 -0.861431 -0.000539639 0.507875 56.2973 
0.460845 -0.000902274 0.88748 6.37277 0.000198512 1 0.000913644 -1.00542 -0.887481 -0.000244861 0.460845 56.4568 
0.411317 0.00187385 0.91149 6.73813 -0.00281115 0.999996 -0.000787192 -1.00763 -0.911488 -0.00223854 0.411321 56.6073 
0.36109 0.00461019 0.932519 7.1236 -0.00675799 0.999974 -0.0023268 -1.00716 -0.932506 -0.00546176 0.361112 56.7393 
0.311649 0.00492579 0.950185 7.52426 -0.00901204 0.999957 -0.00222793 -1.01599 -0.950155 -0.00786876 0.31168 56.8411 
0.263212 0.00483681 0.964726 7.93738 -0.00726313 0.999969 -0.00303181 -1.02019 -0.964711 -0.00620892 0.263239 56.9274 
0.218016 0.00420079 0.975936 8.37035 -0.00536909 0.999981 -0.00310483 -1.02346 -0.97593 -0.00456298 0.218035 57.0008 
0.17623 0.00209986 0.984347 8.82169 -0.00540616 0.999985 -0.00116529 -1.02931 -0.984334 -0.00511617 0.176239 57.0624 
0.137489 -1.80884e-05 0.990503 9.3015 -0.00531231 0.999986 0.000755695 -1.03137 -0.990489 -0.00536576 0.137487 57.112 
0.101176 -0.00192792 0.994867 9.80113 -0.00600266 0.999979 0.00254833 -1.03779 -0.994851 -0.00622968 0.101162 57.1488 
0.0685503 -0.00318523 0.997643 10.3187 -0.00476475 0.999982 0.00352014 -1.04316 -0.997636 -0.00499482 0.0685339 57.1695 
0.0393635 -0.00363748 0.999218 10.8554 -0.00453897 0.999982 0.00381912 -1.04536 -0.999215 -0.00468576 0.0393463 57.1771 
0.0126975 -0.00157566 0.999918 11.4128 -0.0067672 0.999976 0.00166173 -1.04865 -0.999897 -0.00678775 0.0126865 57.1838 
-0.00951375 0.00109219 0.999954 11.9903 -0.0106146 0.999943 -0.00119312 -1.04849 -0.999898 -0.0106255 -0.00950162 57.1772 
-0.0291812 0.00188001 0.999572 12.5895 -0.0107395 0.99994 -0.00219418 -1.05406 -0.999516 -0.0107989 -0.0291593 57.1603 
-0.0462033 0.00238567 0.998929 13.207 -0.00651778 0.999975 -0.00268959 -1.05952 -0.998911 -0.00663507 -0.0461866 57.1239 
-0.0619233 0.00218961 0.998079 13.8403 -0.00454462 0.999987 -0.00247572 -1.06541 -0.998071 -0.0046892 -0.0619125 57.0822 
-0.0774641 0.00099542 0.996995 14.4979 -0.00506402 0.999986 -0.00139183 -1.0733 -0.996982 -0.00515662 -0.077458 57.0398 
-0.0920273 0.00216956 0.995754 15.1692 -0.00407709 0.999988 -0.00255554 -1.08055 -0.995748 -0.00429496 -0.0920174 56.9795 
-0.104321 0.00421272 0.994535 15.8582 -0.00264979 0.999986 -0.00451372 -1.08644 -0.99454 -0.00310619 -0.104308 56.9109 
-0.113749 0.00667346 0.993487 16.5637 0.0046584 0.99997 -0.00618361 -1.09588 -0.993499 0.00392468 -0.113776 56.8264 
-0.119465 0.00950504 0.992793 17.2862 0.0121151 0.999894 -0.00811514 -1.10575 -0.992764 0.0110583 -0.119568 56.7363 
-0.121562 0.00959621 0.992537 18.0363 0.0171213 0.999825 -0.00756968 -1.12014 -0.992436 0.0160733 -0.121705 56.6443 
-0.121071 0.0080593 0.992611 18.7988 0.0182176 0.999817 -0.00589573 -1.13238 -0.992477 0.0173691 -0.121195 56.5589 
-0.118445 0.00724407 0.992934 19.584 0.0216717 0.999754 -0.00470862 -1.14422 -0.992724 0.0209608 -0.118573 56.4818 
-0.113787 0.0062979 0.993485 20.3714 0.0237028 0.999713 -0.0036226 -1.15853 -0.993222 0.0231361 -0.113903 56.401 
-0.109356 0.0073185 0.993976 21.1706 0.0218363 0.999749 -0.00495856 -1.17059 -0.993763 0.0211625 -0.109489 56.3313 
-0.105254 0.00833725 0.99441 21.9722 0.0215205 0.99975 -0.00610412 -1.18198 -0.994213 0.0207577 -0.105407 56.2671 
-0.1007 0.00770159 0.994887 22.7796 0.0262115 0.999644 -0.00508531 -1.19834 -0.994572 0.0255654 -0.100866 56.1946 
-0.0969766 0.00567227 0.995271 23.5909 0.0320032 0.999484 -0.00257794 -1.2143 -0.994772 0.0316019 -0.0971082 56.1226 
-0.0929397 0.00232784 0.995669 24.4032 0.0342845 0.999412 0.000863696 -1.22571 -0.995081 0.0342163 -0.0929649 56.0533 
-0.0884186 -0.00139758 0.996082 25.2155 0.0374035 0.999289 0.00472229 -1.24319 -0.995381 0.0376745 -0.0883035 55.9957 
-0.0828477 -0.00423083 0.996553 26.0281 0.0382003 0.999243 0.00741804 -1.25328 -0.99583 0.0386832 -0.0826233 55.938 
-0.07879 -0.00558766 0.996876 26.8391 0.0357456 0.999325 0.00842666 -1.26235 -0.99625 0.0362979 -0.0785371 55.8955 
-0.0750679 -0.00697646 0.997154 27.6497 0.029124 0.999534 0.00918566 -1.26714 -0.996753 0.0297306 -0.0748298 55.8627 
-0.0707943 -0.010526 0.997435 28.4667 0.0231687 0.999657 0.0121939 -1.27169 -0.997222 0.0239725 -0.0705262 55.8326 
-0.0664198 -0.0118728 0.997721 29.2761 0.0202982 0.999706 0.0132478 -1.27889 -0.997585 0.0211319 -0.0661593 55.8025 
-0.0622359 -0.00811745 0.998028 30.0815 0.0210134 0.999735 0.00944174 -1.29059 -0.99784 0.0215596 -0.0620488 55.7676 
-0.0588626 -9.49691e-05 0.998266 30.889 0.0216978 0.999764 0.00137456 -1.29528 -0.99803 0.0217411 -0.0588466 55.7353 
-0.0560819 0.00604105 0.998408 31.7026 0.0203847 0.99978 -0.00490428 -1.3028 -0.998218 0.0200772 -0.0561927 55.7052 
-0.0544632 0.0052201 0.998502 32.5258 0.0193375 0.999804 -0.00417211 -1.31534 -0.998329 0.0190814 -0.0545535 55.6795 
-0.0529682 0.00161887 0.998595 33.3541 0.0221624 0.999754 -0.000445154 -1.32833 -0.99835 0.0221077 -0.0529911 55.6466 
-0.0522524 0.00138769 0.998633 34.1798 0.022634 0.999744 -0.000204894 -1.34509 -0.998377 0.0225923 -0.0522705 55.6184 
-0.0523046 0.00400241 0.998623 35.0082 0.0205321 0.999785 -0.00293162 -1.35911 -0.99842 0.0203505 -0.0523755 55.5941 
-0.0523899 0.00526405 0.998613 35.8496 0.0136394 0.999897 -0.00455521 -1.37284 -0.998534 0.0133819 -0.0524563 55.5748 
-0.0531975 0.00442566 0.998574 36.6927 0.0120841 0.99992 -0.00378782 -1.38661 -0.998511 0.0118654 -0.0532467 55.5445 
-0.0544949 0.00344376 0.998508 37.5465 0.0123695 0.99992 -0.0027735 -1.4022 -0.998437 0.0121999 -0.0545331 55.514 
-0.0561076 0.00725964 0.998398 38.401 0.0121341 0.999905 -0.00658864 -1.42094 -0.998351 0.011745 -0.0561903 55.4827 
-0.0575723 0.0116193 0.998274 39.2618 0.0123139 0.999865 -0.0109276 -1.432 -0.998265 0.0116635 -0.0577076 55.451 
-0.0581017 0.0143966 0.998207 40.1295 0.014117 0.999808 -0.0135979 -1.45268 -0.998211 0.0133016 -0.0582938 55.4135 
-0.0593774 0.0153412 0.998118 41.0146 0.01636 0.999763 -0.0143932 -1.47749 -0.998102 0.0154745 -0.0596142 55.3764 
-0.0600719 0.0165474 0.998057 41.907 0.0169061 0.999736 -0.0155577 -1.50541 -0.998051 0.0159386 -0.0603358 55.3337 
-0.0613472 0.0165598 0.997979 42.8114 0.0161214 0.999748 -0.0155981 -1.52488 -0.997986 0.015132 -0.0615987 55.2967 
-0.0620707 0.0116636 0.998004 43.7204 0.0148869 0.999831 -0.0107591 -1.54823 -0.997961 0.0141894 -0.0622339 55.2525 
-0.0634363 0.0101395 0.997934 44.6491 0.0146428 0.99985 -0.00922807 -1.57458 -0.997879 0.0140272 -0.0635753 55.2077 
-0.0651863 0.0134019 0.997783 45.5742 0.0152026 0.999807 -0.0124358 -1.59853 -0.997757 0.0143583 -0.0653775 55.173 
-0.0656606 0.0173505 0.997691 46.5093 0.016098 0.999737 -0.0163266 -1.617 -0.997712 0.0149888 -0.0659226 55.124 
-0.0652834 0.0186598 0.997692 47.4542 0.0190867 0.999666 -0.0174477 -1.64217 -0.997684 0.0179036 -0.0656178 55.071 
-0.0652791 0.0152022 0.997751 48.4165 0.0236119 0.999628 -0.0136859 -1.67126 -0.997588 0.0226654 -0.0656137 55.0178 
-0.0656938 0.0097473 0.997792 49.3971 0.0252804 0.999648 -0.00810094 -1.68917 -0.99752 0.0246924 -0.0659171 54.9645 
-0.0649489 0.00679579 0.997865 50.3895 0.026261 0.999642 -0.00509858 -1.71268 -0.997543 0.0258738 -0.0651041 54.9139 
-0.063286 0.00829781 0.997961 51.3773 0.0255614 0.999651 -0.00669084 -1.73159 -0.997668 0.0250858 -0.063476 54.8697 
-0.062414 0.0111049 0.997989 52.3681 0.025265 0.999635 -0.00954313 -1.75104 -0.997731 0.0246185 -0.0626718 54.8242 
-0.0622218 0.0130449 0.997977 53.3655 0.0192667 0.999744 -0.0118667 -1.77795 -0.997876 0.0184894 -0.0624572 54.7914 
-0.0628935 0.0128839 0.997937 54.3819 0.0164826 0.999794 -0.011869 -1.79982 -0.997884 0.0157021 -0.0630929 54.7553 
-0.063135 0.00844274 0.997969 55.4082 0.0171169 0.999826 -0.00737553 -1.81699 -0.997858 0.0166165 -0.0632686 54.7035 
-0.0638057 0.00239644 0.99796 56.4502 0.015121 0.999885 -0.00143425 -1.84118 -0.997848 0.0149986 -0.0638346 54.6568 
-0.0645502 0.00271118 0.997911 57.4839 0.0176255 0.999843 -0.00157627 -1.86319 -0.997759 0.0174869 -0.0645879 54.6053 
-0.0647391 0.00610996 0.997884 58.5173 0.0209253 0.99977 -0.00476391 -1.88052 -0.997683 0.0205726 -0.0648521 54.5495 
-0.0657943 0.00897707 0.997793 59.5644 0.0232112 0.999703 -0.00746368 -1.89991 -0.997563 0.0226689 -0.0659831 54.4933 
-0.0678473 0.00605344 0.997677 60.6276 0.0232555 0.99972 -0.0044843 -1.92153 -0.997425 0.0228973 -0.067969 54.433 
-0.0704102 0.00069684 0.997518 61.694 0.0246213 0.999696 0.00103958 -1.94312 -0.997214 0.0246333 -0.070406 54.3734 
-0.073429 -0.00222714 0.997298 62.7661 0.0262921 0.999646 0.00416826 -1.95804 -0.996954 0.0265271 -0.0733444 54.3103 
-0.0771055 -0.00106869 0.997022 63.8373 0.030694 0.999523 0.00344515 -1.96594 -0.99655 0.0308682 -0.0770359 54.2429 
-0.0804838 -0.00217691 0.996754 64.9097 0.0337755 0.999417 0.00491 -1.98039 -0.996184 0.034061 -0.0803634 54.1705 
-0.0841869 -0.00422557 0.996441 65.9872 0.0374681 0.99927 0.0074032 -1.99578 -0.995745 0.037958 -0.0839672 54.0938 
-0.0871828 -0.00374728 0.996185 67.0629 0.0414335 0.999114 0.00738446 -2.00747 -0.99533 0.0419193 -0.0869503 54.0215 
-0.08942 -0.000148746 0.995994 68.1261 0.0451003 0.998974 0.00419832 -2.02145 -0.994972 0.045295 -0.0893215 53.9394 
-0.0912476 0.00462822 0.995818 69.1912 0.0476784 0.998863 -0.00027352 -2.03564 -0.994686 0.0474541 -0.0913645 53.8625 
-0.0925792 0.00751067 0.995677 70.2597 0.0509683 0.998696 -0.00279431 -2.0518 -0.9944 0.0504893 -0.0928413 53.7801 
-0.0918725 0.00678494 0.995748 71.3344 0.0502511 0.998734 -0.00216885 -2.07316 -0.994502 0.0498381 -0.0920972 53.6977 
-0.0892634 0.00429605 0.995999 72.4131 0.0512286 0.998687 0.000283604 -2.09456 -0.99469 0.0510489 -0.0893662 53.6306 
-0.0843498 0.00123563 0.996435 73.4884 0.0546184 0.998502 0.00338538 -2.10748 -0.994938 0.0547093 -0.0842909 53.5485 
-0.0792369 -0.00181834 0.996854 74.5599 0.0544178 0.998499 0.00614689 -2.12258 -0.995369 0.0547337 -0.079019 53.4846 
-0.0742754 -0.00519305 0.997224 75.6393 0.0557362 0.998402 0.00935058 -2.1366 -0.995679 0.056276 -0.0738673 53.427 
-0.069482 -0.00635032 0.997563 76.7149 0.0570572 0.998318 0.0103293 -2.1497 -0.99595 0.0576359 -0.0690028 53.3716 
-0.0656882 -0.00217943 0.997838 77.7893 0.0575416 0.998325 0.00596853 -2.16305 -0.99618 0.0578092 -0.0654528 53.3207 
-0.0634625 0.00253469 0.997981 78.8611 0.0569839 0.998375 0.00108801 -2.17433 -0.996356 0.0569379 -0.0635038 53.2749 
-0.062006 0.00244697 0.998073 79.9343 0.0576149 0.998338 0.00113179 -2.18828 -0.996411 0.057574 -0.062044 53.2258 
-0.0605343 0.0003682 0.998166 81.0155 0.0582364 0.998298 0.00316357 -2.2067 -0.996466 0.0583211 -0.0604527 53.1773 
-0.0583729 0.00315313 0.99829 82.0888 0.0588574 0.998266 0.000288552 -2.22634 -0.996558 0.0587736 -0.0584573 53.129 
-0.0563885 0.00921092 0.998366 83.1703 0.0588942 0.998247 -0.00588339 -2.24285 -0.99667 0.0584662 -0.0568321 53.0882 
-0.0545025 0.0125944 0.998434 84.2673 0.0587179 0.998231 -0.00938649 -2.26145 -0.996786 0.0581144 -0.0551456 53.0623 
-0.0522588 0.0118143 0.998564 85.3569 0.0586303 0.998242 -0.00874205 -2.29278 -0.996911 0.0580892 -0.0528596 53.0269 
-0.0486732 0.00861057 0.998778 86.4467 0.0564516 0.998388 -0.00585613 -2.32142 -0.997218 0.0560976 -0.0490808 52.9963 
-0.044347 0.00437807 0.999007 87.5396 0.0559444 0.998432 -0.00189209 -2.3447 -0.997449 0.0558049 -0.0445224 52.9702 
-0.0398437 0.0021044 0.999204 88.6257 0.0543124 0.998524 6.2807e-05 -2.36453 -0.997729 0.0542717 -0.0398992 52.9461 
-0.0362787 0.00624965 0.999322 89.6985 0.0503136 0.998724 -0.00441932 -2.38701 -0.998074 0.0501192 -0.0365468 52.9276 
-0.0344492 0.0157486 0.999282 90.7804 0.047055 0.998793 -0.0141187 -2.41383 -0.998298 0.0465348 -0.0351486 52.9163 
-0.033778 0.0236591 0.999149 91.8672 0.0412351 0.998902 -0.0222592 -2.44736 -0.998578 0.0404481 -0.0347165 52.9137 
-0.0333384 0.0232825 0.999173 92.9525 0.0407625 0.998929 -0.0219166 -2.4834 -0.998613 0.0399981 -0.0342517 52.9009 
-0.032295 0.0172444 0.99933 94.0639 0.040554 0.99905 -0.0159289 -2.52202 -0.998655 0.0400123 -0.0329636 52.88 
-0.0335214 0.0110016 0.999377 95.1699 0.0422242 0.999062 -0.00958179 -2.55394 -0.998546 0.0418767 -0.0339545 52.8596 
-0.0352083 0.00530303 0.999366 96.2678 0.0408711 0.999157 -0.00386196 -2.57667 -0.998544 0.0407092 -0.0353954 52.8335 
-0.0374003 0.000165983 0.9993 97.3727 0.0404244 0.999182 0.00134702 -2.6043 -0.998482 0.0404465 -0.0373764 52.8203 
-0.0391731 0.00121288 0.999232 98.466 0.0412497 0.999149 0.00040438 -2.61714 -0.998381 0.0412338 -0.0391897 52.7895 
-0.041056 0.0012832 0.999156 99.5486 0.0405406 0.999178 0.000382647 -2.64201 -0.998334 0.0405221 -0.0410742 52.763 
-0.042401 -0.000109023 0.999101 100.626 0.0420094 0.999115 0.00189191 -2.66392 -0.998217 0.0420519 -0.042359 52.729 
-0.0433126 0.00162645 0.99906 101.705 0.042655 0.99909 0.000222775 -2.68688 -0.998151 0.0426245 -0.0433426 52.6979 
-0.0442279 0.0100955 0.99897 102.798 0.0434744 0.999021 -0.00817123 -2.70884 -0.998075 0.0430683 -0.0446235 52.6811 
-0.0442727 0.0178907 0.998859 103.856 0.0406199 0.999045 -0.0160936 -2.73894 -0.998193 0.039861 -0.0449571 52.649 
-0.045303 0.0180818 0.99881 104.918 0.0381772 0.999137 -0.0163561 -2.77419 -0.998244 0.0373908 -0.0459542 52.6192 
-0.0474367 0.0121857 0.9988 105.99 0.0336893 0.999376 -0.0105927 -2.80891 -0.998306 0.0331464 -0.0478176 52.5925 
-0.050243 0.00444254 0.998727 107.052 0.0274838 0.999618 -0.00306383 -2.83486 -0.998359 0.0272949 -0.0503459 52.5637 
-0.0523542 -0.00371572 0.998622 108.108 0.0258159 0.999654 0.00507304 -2.85479 -0.998295 0.0260459 -0.0522402 52.5338 
-0.0537666 -0.0102939 0.998501 109.158 0.0293799 0.999498 0.0118862 -2.8724 -0.998121 0.0299749 -0.0534371 52.4871 
-0.0553775 -0.0105377 0.99841 110.201 0.0284512 0.999522 0.0121275 -2.88257 -0.99806 0.0290776 -0.0550512 52.4457 
-0.0558666 -0.00298033 0.998434 111.235 0.0323569 0.999465 0.00479395 -2.89844 -0.997914 0.032574 -0.0557402 52.3995 
-0.0563089 0.0116569 0.998345 112.261 0.0410974 0.999111 -0.00934784 -2.92015 -0.997567 0.040503 -0.0567379 52.3475 
-0.0575811 0.0228583 0.998079 113.29 0.0462791 0.998724 -0.0202031 -2.94464 -0.997268 0.0450269 -0.0585655 52.3035 
-0.0579356 0.0196893 0.998126 114.324 0.0462906 0.998783 -0.0170153 -2.97425 -0.997247 0.0452181 -0.0587765 52.2621 
-0.0579754 0.00923861 0.998275 115.372 0.0490426 0.998776 -0.00639503 -3.00533 -0.997113 0.0485872 -0.0583575 52.2195 
-0.0573211 -0.000685303 0.998356 116.408 0.0494678 0.99877 0.00352585 -3.02583 -0.99713 0.0495885 -0.0572167 52.172 
-0.0570366 -0.00603686 0.998354 117.436 0.0482505 0.998797 0.00879615 -3.04176 -0.997205 0.0486728 -0.0566766 52.1308 
-0.057275 -0.0116003 0.998291 118.454 0.0462732 0.998827 0.0142614 -3.05504 -0.997286 0.047011 -0.056671 52.0948 
-0.0569107 -0.0149789 0.998267 119.463 0.0435034 0.998901 0.0174686 -3.06311 -0.997431 0.0444222 -0.0561965 52.0589 
-0.0567035 -0.0130749 0.998305 120.461 0.0424745 0.998977 0.0154962 -3.07502 -0.997487 0.0432812 -0.0560901 52.018 
-0.0556778 -0.00594671 0.998431 121.467 0.0403523 0.999152 0.0082013 -3.08042 -0.997633 0.0407456 -0.0553906 51.9749 
-0.0550675 -9.50295e-05 0.998483 122.463 0.0404993 0.999177 0.00232872 -3.09363 -0.997661 0.0405661 -0.0550183 51.93 
-0.0547558 0.00518759 0.998486 123.448 0.0408584 0.999161 -0.00295043 -3.1116 -0.997664 0.040635 -0.0549218 51.8908 
-0.0543275 0.00973562 0.998476 124.426 0.0423727 0.999074 -0.0074359 -3.13222 -0.997624 0.0419042 -0.0546897 51.8473 
-0.0538063 0.0140615 0.998452 125.396 0.0430314 0.999005 -0.0117503 -3.15985 -0.997624 0.0423325 -0.0543578 51.809 
-0.0537865 0.0133503 0.998463 126.361 0.0446106 0.998944 -0.0109536 -3.18618 -0.997556 0.0439529 -0.0543253 51.7708 
-0.0534668 0.00709704 0.998544 127.323 0.04304 0.999062 -0.00479612 -3.21202 -0.997642 0.0427209 -0.0537221 51.7331 
-0.0538539 -0.00275802 0.998545 128.279 0.0409055 0.999151 0.00496586 -3.23319 -0.997711 0.0411134 -0.0536953 51.7009 
-0.0547583 -0.0107408 0.998442 129.221 0.0358048 0.999278 0.0127135 -3.25189 -0.997858 0.0364451 -0.0543342 51.6714 
-0.0569485 -0.0138555 0.998281 130.146 0.0312464 0.999389 0.0156534 -3.26217 -0.997888 0.0320841 -0.0564808 51.6417 
-0.0587539 -0.0113068 0.998209 131.046 0.0268319 0.999557 0.0129014 -3.27497 -0.997912 0.0275419 -0.0584245 51.6115 
-0.0599427 -0.00422254 0.998193 131.923 0.0238268 0.9997 0.00565978 -3.28725 -0.997917 0.024123 -0.0598241 51.5802 
-0.0603806 0.00277393 0.998172 132.785 0.0260081 0.999661 -0.00120476 -3.30378 -0.997837 0.0258878 -0.0604323 51.5423 
-0.0592839 0.00843828 0.998206 133.625 0.0302412 0.999521 -0.00665331 -3.32555 -0.997783 0.0297925 -0.0595107 51.5032 
-0.0560115 0.0107084 0.998373 134.452 0.0338622 0.999388 -0.00881952 -3.35011 -0.997856 0.0333131 -0.0563398 51.4654 
-0.0513581 0.0103078 0.998627 135.264 0.0378546 0.999248 -0.00836737 -3.37275 -0.997963 0.0373729 -0.0517097 51.4345 
-0.0462141 0.00541718 0.998917 136.053 0.0410831 0.99915 -0.00351773 -3.39147 -0.998086 0.040876 -0.0463974 51.4067 
-0.0422039 0.00127889 0.999108 136.821 0.0423043 0.999105 0.000508156 -3.4147 -0.998213 0.042288 -0.0422202 51.388 
-0.0379236 0.001513 0.99928 137.558 0.0432443 0.999065 0.000128522 -3.43702 -0.998345 0.043218 -0.0379535 51.373 
-0.0331826 0.00608815 0.999431 138.264 0.0446602 0.998992 -0.00460265 -3.45678 -0.998451 0.044482 -0.033421 51.3577 
-0.0287114 0.0100158 0.999538 138.942 0.0448156 0.998957 -0.0087226 -3.47567 -0.998583 0.0445444 -0.0291303 51.3505 
-0.0243137 0.0106727 0.999647 139.592 0.045568 0.998916 -0.00955657 -3.49498 -0.998665 0.0453196 -0.0247737 51.3469 
-0.0200227 0.0103281 0.999746 140.214 0.0423151 0.999059 -0.00947345 -3.51657 -0.998904 0.0421147 -0.0204409 51.3497 
-0.0162715 0.0094888 0.999823 140.806 0.0375993 0.999254 -0.00887145 -3.5382 -0.99916 0.0374483 -0.0166161 51.359 
-0.01251 0.00965951 0.999875 141.37 0.0328913 0.999416 -0.00924351 -3.55998 -0.999381 0.0327716 -0.0128204 51.3695 
-0.00966511 0.0129236 0.99987 141.919 0.0310875 0.999437 -0.0126175 -3.57691 -0.99947 0.0309615 -0.0100614 51.3777 
-0.00846112 0.0170593 0.999819 142.451 0.0305554 0.999392 -0.0167934 -3.59569 -0.999497 0.0304078 -0.00897723 51.3819 
-0.00894692 0.0181883 0.999795 142.98 0.0272686 0.999467 -0.0179383 -3.61538 -0.999588 0.0271025 -0.00943812 51.3903 
-0.0108832 0.0165018 0.999805 143.511 0.0208887 0.999649 -0.0162718 -3.63192 -0.999723 0.0207075 -0.0112241 51.4033 
-0.0131095 0.0122961 0.999839 144.041 0.0153079 0.99981 -0.012095 -3.64783 -0.999797 0.0151469 -0.0132953 51.4133 
-0.0150526 0.00718612 0.999861 144.571 0.0147333 0.999867 -0.00696432 -3.6628 -0.999778 0.0146264 -0.0151565 51.4112 
-0.0169708 0.00434365 0.999847 145.093 0.0181098 0.999828 -0.00403614 -3.67657 -0.999692 0.0180385 -0.0170466 51.4 
-0.019225 0.00638868 0.999795 145.605 0.0205094 0.999772 -0.00599412 -3.69425 -0.999605 0.02039 -0.0193516 51.3894 
-0.0222757 0.0095577 0.999706 146.109 0.0200798 0.999757 -0.00911072 -3.71029 -0.99955 0.019871 -0.0224622 51.3861 
-0.0249396 0.0111237 0.999627 146.605 0.0162032 0.999811 -0.0107214 -3.72349 -0.999558 0.0159298 -0.0251152 51.3883 
-0.0274791 0.013245 0.999535 147.105 0.0148903 0.999807 -0.0128392 -3.72995 -0.999512 0.0145305 -0.027671 51.3898 
-0.0294819 0.0145167 0.99946 147.601 0.0163782 0.999767 -0.014038 -3.74165 -0.999431 0.0159555 -0.0297128 51.3812 
-0.0322536 0.0119204 0.999409 148.102 0.0172033 0.999787 -0.0113697 -3.75847 -0.999332 0.0168264 -0.0324518 51.3679 
-0.035109 0.00653454 0.999362 148.598 0.0163003 0.999849 -0.00596503 -3.77556 -0.999251 0.0160805 -0.0352102 51.362 
-0.0378678 0.00329348 0.999277 149.079 0.0156984 0.999873 -0.00270051 -3.78689 -0.999159 0.0155848 -0.0379147 51.3572 
-0.0403186 0.00226892 0.999184 149.571 0.0132689 0.999911 -0.00173511 -3.79808 -0.999099 0.0131881 -0.0403451 51.3445 
-0.0425856 0.000670377 0.999093 150.059 0.0119806 0.999928 -0.000160232 -3.81085 -0.999021 0.0119629 -0.0425906 51.3387 
-0.043646 -0.000908787 0.999047 150.542 0.0112686 0.999936 0.00140193 -3.82279 -0.998984 0.011319 -0.043633 51.3238 
-0.0443889 -0.00109155 0.999014 151.031 0.0110378 0.999938 0.00158305 -3.8321 -0.998953 0.0110972 -0.0443741 51.3106 
-0.0433573 0.000966123 0.999059 151.515 0.0138123 0.999905 -0.000367472 -3.83335 -0.998964 0.0137833 -0.0433665 51.2961 
-0.0383577 0.00381385 0.999257 151.992 0.0161289 0.999865 -0.003197 -3.83926 -0.999134 0.0159943 -0.038414 51.2833 
-0.0313449 0.00560307 0.999493 152.461 0.0165731 0.99985 -0.00508528 -3.8512 -0.999371 0.0164053 -0.031433 51.2856 
-0.0214997 0.00552128 0.999754 152.927 0.0142584 0.999885 -0.00521534 -3.86041 -0.999667 0.0141427 -0.0215759 51.2988 
-0.00606762 0.00474287 0.99997 153.383 0.0158837 0.999863 -0.00464594 -3.86546 -0.999855 0.0158551 -0.00614213 51.3128 
0.016418 0.00465187 0.999854 153.832 0.021687 0.999752 -0.00500746 -3.87645 -0.99963 0.021766 0.0163131 51.3317 
0.0463014 0.00521344 0.998914 154.279 0.0282366 0.99958 -0.00652569 -3.88318 -0.998528 0.028508 0.0461348 51.3654 
0.0823801 0.00455832 0.996591 154.708 0.0296603 0.999535 -0.00702352 -3.89118 -0.99616 0.0301378 0.0822066 51.4296 
0.123037 0.00474428 0.992391 155.14 0.0259796 0.999631 -0.0079998 -3.90264 -0.992062 0.0267661 0.122868 51.5226 
0.16461 0.0077882 0.986328 155.556 0.0211847 0.99971 -0.0114294 -3.91622 -0.986131 0.0227765 0.164397 51.6379 
0.206406 0.0121758 0.978391 155.966 0.0206026 0.999647 -0.0167867 -3.92742 -0.97825 0.0236223 0.206082 51.7594 
0.24842 0.0160409 0.96852 156.367 0.0214786 0.999526 -0.0220636 -3.94198 -0.968414 0.0262834 0.247958 51.8987 
0.291052 0.0182989 0.956532 156.761 0.0220832 0.999422 -0.0258388 -3.95304 -0.956453 0.0286438 0.290479 52.0472 
0.332357 0.0209667 0.942921 157.145 0.0178091 0.999435 -0.0285006 -3.95961 -0.942985 0.0262649 0.331796 52.2254 
0.372605 0.0242177 0.927674 157.503 0.0102279 0.999492 -0.0302006 -3.97764 -0.927934 0.020741 0.372167 52.4202 
0.412231 0.0295168 0.910601 157.845 0.00122807 0.999456 -0.032953 -3.99132 -0.911079 0.0147025 0.411971 52.6295 
0.451371 0.0352214 0.891641 158.196 -0.00351986 0.999283 -0.0376915 -4.00954 -0.892329 0.0138744 0.451172 52.856 
0.489449 0.0389301 0.871163 158.545 -0.00518968 0.999115 -0.0417322 -4.02868 -0.872017 0.0159047 0.489218 53.0965 
0.527004 0.0384013 0.848995 158.892 -0.00427501 0.999086 -0.0425364 -4.04715 -0.849852 0.0187874 0.526686 53.3516 
0.562751 0.0369878 0.825798 159.234 -0.00630458 0.999161 -0.0404563 -4.06493 -0.826602 0.0175606 0.562513 53.6298 
0.596176 0.0376312 0.801971 159.568 -0.0110332 0.999191 -0.0386833 -4.08826 -0.802778 0.0142138 0.596109 53.9332 
0.627664 0.0416912 0.777368 159.889 -0.0184672 0.999081 -0.0386711 -4.11228 -0.778266 0.00991664 0.627857 54.2539 
0.657518 0.0453009 0.752076 160.215 -0.0241137 0.998945 -0.039089 -4.13315 -0.753053 0.00756636 0.657916 54.5965 
0.685153 0.046118 0.726938 160.533 -0.0243517 0.998886 -0.0404187 -4.15536 -0.727992 0.00999084 0.685513 54.9478 
0.710235 0.0440145 0.702588 160.859 -0.019718 0.998896 -0.0426444 -4.17431 -0.703689 0.0164339 0.710318 55.3111 
0.732778 0.0453604 0.678954 161.176 -0.021244 0.998814 -0.0438019 -4.19116 -0.680136 0.0176734 0.732873 55.6962 
0.75221 0.0496 0.657055 161.482 -0.028432 0.998677 -0.042839 -4.2148 -0.65831 0.0135425 0.752625 56.1108 
0.768452 0.0521455 0.637779 161.788 -0.0360951 0.99862 -0.0381576 -4.24142 -0.638888 0.00630161 0.769274 56.5415 
0.781387 0.0506229 0.62199 162.102 -0.037705 0.998713 -0.0339161 -4.26685 -0.622906 0.0030495 0.782291 56.9819 
0.792203 0.0452799 0.608575 162.426 -0.0335867 0.998967 -0.0306053 -4.28901 -0.609332 0.00380561 0.792906 57.4258 
0.801463 0.0374756 0.596869 162.758 -0.0272124 0.999286 -0.0262019 -4.31225 -0.597425 0.00475766 0.801911 57.8856 
0.808911 0.0305562 0.587137 163.101 -0.0222028 0.999524 -0.0214286 -4.33761 -0.587512 0.00429774 0.809204 58.3682 
0.815453 0.0272122 0.578183 163.434 -0.0204383 0.999625 -0.0182217 -4.35795 -0.578462 0.00304189 0.815704 58.866 
0.822387 0.0245199 0.5684 163.768 -0.0184126 0.999695 -0.016485 -4.37254 -0.56863 0.00309139 0.822587 59.3802 
0.829741 0.0198585 0.557796 164.11 -0.0128697 0.999782 -0.0164498 -4.3911 -0.558001 0.00647041 0.829815 59.9043 
0.8362 0.0202277 0.548051 164.452 -0.0111347 0.99974 -0.0199098 -4.41116 -0.548311 0.0105462 0.836208 60.4557 
0.841794 0.0240692 0.539262 164.787 -0.0125908 0.999609 -0.0249617 -4.43492 -0.539653 0.0142228 0.841768 61.0188 
0.846056 0.0293866 0.532283 165.127 -0.0157808 0.999423 -0.0300933 -4.45434 -0.53286 0.0170608 0.846031 61.5971 
0.848179 0.0340769 0.528612 165.475 -0.0188932 0.99924 -0.0341008 -4.47627 -0.529372 0.0189365 0.848178 62.1899 
0.847985 0.0390055 0.528583 165.829 -0.0241935 0.999098 -0.0349132 -4.50492 -0.529468 0.0168176 0.848163 62.8089 
0.846344 0.0391205 0.531198 166.203 -0.0266198 0.99916 -0.0311713 -4.53511 -0.531971 0.0122412 0.846674 63.4341 
0.843932 0.0405274 0.534917 166.581 -0.0289334 0.99913 -0.0300501 -4.56946 -0.53567 0.00988332 0.84437 64.0633 
0.841042 0.0419017 0.539345 166.971 -0.0312206 0.999094 -0.0289346 -4.60723 -0.540069 0.00749657 0.841588 64.7104 
0.838031 0.0419824 0.544006 167.377 -0.0323401 0.999104 -0.0272841 -4.63402 -0.544664 0.0052717 0.838638 65.3677 
0.834769 0.0398541 0.549155 167.797 -0.0297734 0.999185 -0.0272558 -4.65936 -0.549794 0.00640211 0.835276 66.0303 
0.831453 0.036783 0.554377 168.232 -0.0275946 0.999309 -0.0249179 -4.68666 -0.55491 0.00542031 0.831893 66.7028 
0.827651 0.0374326 0.559993 168.674 -0.0288751 0.999292 -0.0241209 -4.71975 -0.560499 0.00379385 0.828146 67.3829 
0.824254 0.0395779 0.564835 169.12 -0.0301497 0.999207 -0.0260173 -4.74844 -0.565417 0.00441529 0.824794 68.0622 
0.821278 0.0403466 0.5691 169.582 -0.0287148 0.999155 -0.0293967 -4.78037 -0.569805 0.00780124 0.821743 68.7504 
0.818427 0.0423207 0.57305 170.051 -0.0287422 0.999051 -0.0327321 -4.81777 -0.573891 0.0103181 0.818867 69.4455 
0.815663 0.0418676 0.57701 170.532 -0.028318 0.999072 -0.0324616 -4.84887 -0.577834 0.010138 0.816092 70.1511 
0.81328 0.038875 0.580573 171.023 -0.0294704 0.999237 -0.0256258 -4.88338 -0.581126 0.00373122 0.813805 70.8706 
0.810895 0.0352163 0.584131 171.516 -0.0291835 0.999379 -0.019738 -4.92162 -0.584463 -0.00104148 0.81142 71.5876 
0.809059 0.0339297 0.586748 172.014 -0.0252299 0.999417 -0.0230038 -4.96178 -0.587186 0.00380788 0.809443 72.2885 
0.807639 0.0393699 0.588361 172.498 -0.0239234 0.999135 -0.0340171 -4.99727 -0.589191 0.0133979 0.807883 72.9816 
0.806215 0.0419536 0.590134 172.993 -0.0220251 0.998919 -0.040925 -5.03639 -0.591213 0.0199966 0.806268 73.6757 
0.805429 0.0382049 0.59146 173.494 -0.0176392 0.999023 -0.0405108 -5.0833 -0.59243 0.0221957 0.805316 74.3796 
0.804937 0.0328357 0.592451 173.994 -0.0153914 0.999287 -0.0344722 -5.12934 -0.593161 0.0186293 0.804868 75.0771 
0.804447 0.0286256 0.593334 174.491 -0.0124808 0.999432 -0.0312964 -5.17651 -0.593893 0.017771 0.804348 75.774 
0.804825 0.0240805 0.593023 174.992 -0.00825434 0.999534 -0.0293849 -5.21855 -0.593455 0.0187547 0.804649 76.4704 
0.805246 0.0195926 0.592617 175.495 -0.00288784 0.999572 -0.0291229 -5.26079 -0.592934 0.0217398 0.804958 77.1624 
0.805925 0.0179259 0.591746 175.985 -0.000595895 0.999566 -0.0294683 -5.30452 -0.592017 0.0233967 0.805586 77.8495 
0.806673 0.0201853 0.590654 176.471 2.73606e-05 0.999415 -0.0341919 -5.34597 -0.590999 0.0275978 0.8062 78.5366 
0.807336 0.0199127 0.589756 176.958 0.0033585 0.999259 -0.0383367 -5.38757 -0.590083 0.0329313 0.806671 79.2193 
0.807641 0.0171698 0.589424 177.444 0.00555156 0.99931 -0.0367165 -5.42827 -0.589648 0.032926 0.806989 79.9048 
0.807419 0.0155407 0.589774 177.926 0.00317462 0.999524 -0.0306837 -5.47079 -0.58997 0.026647 0.806985 80.5943 
0.806829 0.0101993 0.590697 178.408 0.00338004 0.999755 -0.021879 -5.50886 -0.590775 0.0196492 0.806597 81.2813 
0.806533 0.00527797 0.591166 178.888 0.00599243 0.999836 -0.0171021 -5.5412 -0.591159 0.0173359 0.806369 81.9498 
0.805856 0.00212808 0.592107 179.351 0.00913804 0.99983 -0.0160302 -5.57413 -0.59204 0.0183288 0.8057 82.5936 
0.804887 0.00591573 0.593398 179.802 0.00666415 0.999797 -0.0190064 -5.61286 -0.59339 0.0192525 0.804685 83.2307 
0.803765 0.0134586 0.594795 180.235 0.00379954 0.999608 -0.0277528 -5.64936 -0.594935 0.0245667 0.803398 83.8424 
0.802456 0.0177083 0.596449 180.673 0.00409437 0.999373 -0.0351794 -5.68554 -0.596697 0.030672 0.80188 84.441 
0.800453 0.017252 0.599147 181.102 0.00766063 0.99921 -0.0390059 -5.7232 -0.599346 0.0358123 0.799688 85.026 
0.798071 0.0139378 0.602403 181.517 0.00947697 0.999318 -0.0356764 -5.76808 -0.602489 0.0341813 0.797395 85.5899 
