1 2.12261e-08 -2.11895e-08 0 2.12261e-08 1 2.10703e-08 0 -2.11895e-08 2.10703e-08 1 0 
0.999934 -0.0027772 0.0111885 0.0130494 0.00276497 0.999996 0.00111289 -0.00629571 -0.0111916 -0.00108184 0.999937 0.288208 
0.999826 -0.00482343 0.0180101 0.0217964 0.00480725 0.999988 0.000943921 -0.00533026 -0.0180145 -0.000857135 0.999837 0.601771 
0.999779 -0.00771955 0.019541 0.0354959 0.00772824 0.99997 -0.000367197 -0.00976038 -0.0195377 0.000518176 0.999809 0.899978 
0.999813 -0.00919044 0.017023 0.0422116 0.00922132 0.999956 -0.00173421 -0.0126203 -0.0170063 0.0018909 0.999854 1.21583 
0.999881 -0.011941 0.00980789 0.0465157 0.0119723 0.999923 -0.00313203 -0.0156022 -0.00976978 0.00324912 0.999947 1.53742 
0.999901 -0.0137525 -0.00308589 0.0436547 0.0137374 0.999894 -0.00489868 -0.0212494 0.00315289 0.00485584 0.999983 1.86118 
0.999712 -0.0131124 -0.0201095 0.0248627 0.0130194 0.999904 -0.00475037 -0.0313882 0.0201698 0.00448723 0.999787 2.19849 
0.999168 -0.00867785 -0.0398428 -0.00784304 0.00848766 0.999952 -0.00494143 -0.0342423 0.0398837 0.00459919 0.999194 2.55677 
0.998181 -0.00514028 -0.0600667 -0.0498799 0.00478734 0.99997 -0.00601896 -0.0412363 0.0600958 0.0057205 0.998176 2.91692 
0.996741 -0.00516123 -0.0805046 -0.0985828 0.00463593 0.999967 -0.00671112 -0.0426858 0.0805365 0.00631608 0.996732 3.28894 
0.994754 -0.00660753 -0.102086 -0.149292 0.00601561 0.999963 -0.00610538 -0.0464494 0.102123 0.00545928 0.994757 3.67574 
0.992478 -0.00815978 -0.122152 -0.21286 0.00756493 0.999957 -0.00533305 -0.0494813 0.12219 0.00436891 0.992497 4.07139 
0.990083 -0.00704117 -0.140308 -0.288091 0.0064922 0.999969 -0.00437022 -0.0599764 0.140335 0.00341601 0.990098 4.47354 
0.987772 -0.00579821 -0.155798 -0.375979 0.00519484 0.999977 -0.00427988 -0.0597264 0.155819 0.00341824 0.98778 4.88664 
0.985506 -0.00525386 -0.169558 -0.466146 0.00458192 0.99998 -0.00435416 -0.068028 0.169578 0.00351419 0.985511 5.31181 
0.983267 -0.00701869 -0.182038 -0.557691 0.00617794 0.999968 -0.0051854 -0.0755843 0.182068 0.00397406 0.983278 5.75278 
0.981431 -0.0106016 -0.191525 -0.656955 0.00929334 0.999927 -0.00772812 -0.0794928 0.191593 0.00580475 0.981457 6.20063 
0.979942 -0.0098704 -0.199041 -0.770629 0.00808212 0.999919 -0.00979517 -0.0857523 0.199121 0.00799007 0.979942 6.65649 
0.978457 -0.00929864 -0.206243 -0.890749 0.00699912 0.999905 -0.0118765 -0.0904102 0.206334 0.0101772 0.978429 7.13127 
0.97665 -0.0102118 -0.214593 -1.00956 0.00726166 0.999868 -0.0145317 -0.101905 0.214713 0.0126341 0.976596 7.6223 
0.974884 -0.0140608 -0.22227 -1.13258 0.0107288 0.999811 -0.0161917 -0.113945 0.222456 0.0134004 0.974851 8.1204 
0.972953 -0.0202556 -0.230113 -1.26038 0.0167613 0.999713 -0.0171303 -0.129362 0.230394 0.0128101 0.973013 8.63079 
0.970822 -0.0208101 -0.238896 -1.40209 0.016595 0.999669 -0.0196425 -0.143035 0.239226 0.015105 0.970847 9.15104 
0.968759 -0.0170867 -0.247415 -1.56353 0.0114123 0.999638 -0.024351 -0.153705 0.247742 0.0207667 0.968604 9.67902 
0.966566 -0.014242 -0.256021 -1.73586 0.00746251 0.999596 -0.0274325 -0.171391 0.256309 0.0246048 0.966282 10.2296 
0.964292 -0.0167851 -0.264309 -1.89858 0.00949881 0.999539 -0.0288213 -0.196688 0.264671 0.0252816 0.964007 10.7706 
0.961917 -0.0195852 -0.27264 -2.07425 0.0115252 0.999449 -0.031133 -0.216142 0.2731 0.0268052 0.961612 11.3354 
0.959599 -0.0194257 -0.280699 -2.2573 0.0103527 0.999376 -0.0337699 -0.239218 0.281179 0.0294997 0.959202 11.909 
0.957332 -0.0186521 -0.288389 -2.4616 0.00827503 0.999275 -0.0371606 -0.266366 0.288873 0.0331887 0.956792 12.4959 
0.95494 -0.019533 -0.296154 -2.66216 0.0071633 0.999058 -0.0427956 -0.292063 0.296711 0.0387459 0.954181 13.0918 
0.953118 -0.020813 -0.301884 -2.86922 0.0059118 0.998722 -0.0501909 -0.32746 0.302543 0.0460532 0.952023 13.6995 
0.951862 -0.0211313 -0.305798 -3.08604 0.00339504 0.998287 -0.0584161 -0.366333 0.306508 0.0545659 0.950303 14.3114 
0.950739 -0.021054 -0.309277 -3.31663 0.000154107 0.997723 -0.0674461 -0.408252 0.309993 0.064076 0.948577 14.9416 
0.949284 -0.0203402 -0.313762 -3.54501 -0.00383649 0.997082 -0.076245 -0.460277 0.314398 0.0735819 0.946435 15.5785 
0.94803 -0.0199603 -0.317555 -3.78232 -0.00693411 0.996497 -0.0833373 -0.512983 0.318106 0.0812083 0.944571 16.2257 
0.946415 -0.0179924 -0.322452 -4.03158 -0.0116527 0.995894 -0.0897711 -0.579295 0.322743 0.0887182 0.94232 16.8801 
0.944863 -0.0166889 -0.327042 -4.28841 -0.0155212 0.995296 -0.0956326 -0.645588 0.327099 0.0954358 0.940159 17.5406 
0.943205 -0.0147239 -0.331886 -4.55263 -0.0198605 0.994731 -0.100574 -0.723562 0.331618 0.101453 0.937943 18.2182 
0.941499 -0.0115963 -0.336816 -4.82121 -0.0249623 0.994263 -0.104008 -0.79687 0.33609 0.106332 0.935808 18.9002 
0.939786 -0.0110379 -0.341587 -5.10064 -0.0266402 0.994071 -0.105416 -0.876205 0.340725 0.108168 0.93392 19.5967 
0.937652 -0.0101423 -0.347427 -5.39003 -0.0280573 0.994104 -0.104743 -0.957959 0.346441 0.10796 0.931839 20.3038 
0.935377 -0.00977759 -0.353518 -5.68591 -0.028691 0.994225 -0.103412 -1.04161 0.352487 0.106872 0.929694 21.0202 
0.93281 -0.0094912 -0.360244 -5.98775 -0.0292009 0.994375 -0.101811 -1.12448 0.359184 0.10549 0.927286 21.7446 
0.929648 -0.00873954 -0.368345 -6.30253 -0.0297273 0.99468 -0.0986278 -1.20905 0.367247 0.102639 0.924443 22.4801 
0.926264 -0.00645243 -0.376821 -6.62972 -0.0309328 0.995178 -0.0930767 -1.29051 0.375605 0.0978697 0.921598 23.2292 
0.922727 -0.00295186 -0.385444 -6.96146 -0.0333691 0.995605 -0.0875082 -1.37632 0.384008 0.0936081 0.918573 23.9666 
0.919087 0.000813323 -0.394055 -7.30674 -0.03673 0.995821 -0.0836131 -1.45408 0.39234 0.0913213 0.915276 24.7102 
0.915299 0.00169939 -0.402771 -7.66554 -0.0377484 0.995952 -0.0815813 -1.53214 0.401002 0.0898753 0.911658 25.4633 
0.911261 0.00145512 -0.411828 -8.03296 -0.038405 0.995936 -0.0814607 -1.59731 0.410036 0.0900483 0.907613 26.2276 
0.907454 0.00171017 -0.420148 -8.41195 -0.0387809 0.996064 -0.0797063 -1.67605 0.418358 0.0886236 0.903948 26.99 
0.903572 0.00257401 -0.428428 -8.80418 -0.0400415 0.996112 -0.0784645 -1.74253 0.42656 0.0880533 0.900163 27.7597 
0.899956 0.00181357 -0.435976 -9.2148 -0.0388091 0.996355 -0.0759665 -1.81499 0.434249 0.0852864 0.896746 28.5423 
0.89597 0.00231771 -0.444109 -9.62259 -0.038124 0.996697 -0.0717119 -1.88786 0.442476 0.0811829 0.893098 29.3311 
0.892143 0.00420215 -0.451733 -10.0509 -0.0382046 0.997076 -0.0661765 -1.95177 0.450134 0.0762972 0.889695 30.1313 
0.888259 0.00442534 -0.459322 -10.4889 -0.0370818 0.997381 -0.0621014 -2.01907 0.457844 0.0721946 0.886097 30.9343 
0.884461 0.00325463 -0.466602 -10.9353 -0.0355247 0.997543 -0.0603805 -2.08107 0.465259 0.0699801 0.882404 31.7436 
0.881235 0.00243511 -0.472672 -11.3998 -0.034692 0.997623 -0.0595392 -2.13799 0.471404 0.068866 0.879225 32.5599 
0.877997 0.00257017 -0.47866 -11.8707 -0.0342353 0.997762 -0.0574397 -2.19811 0.477441 0.066819 0.876119 33.3786 
0.874963 0.00110878 -0.484188 -12.3498 -0.032388 0.997892 -0.0562423 -2.25936 0.483105 0.0648919 0.873154 34.2112 
0.872302 -0.000198863 -0.488968 -12.8479 -0.0312556 0.997932 -0.0561649 -2.32255 0.487968 0.0642758 0.870492 35.0598 
0.870114 -0.00102419 -0.492849 -13.3589 -0.0309145 0.997915 -0.0566528 -2.38388 0.491879 0.0645306 0.868269 35.9208 
0.868913 -0.00111945 -0.494964 -13.9155 -0.0315515 0.997838 -0.0576457 -2.43442 0.493959 0.065706 0.866999 36.8004 
0.868263 -0.00129259 -0.496103 -14.4377 -0.030758 0.997933 -0.0564318 -2.49628 0.49515 0.0642568 0.866428 37.6697 
0.868085 -0.000853616 -0.496415 -14.9591 -0.0304666 0.998022 -0.0549935 -2.55653 0.49548 0.0628632 0.866342 38.5376 
0.867711 -0.00246293 -0.497064 -15.4858 -0.0283138 0.998119 -0.0543724 -2.62347 0.496263 0.0612533 0.866009 39.4227 
0.866988 -0.00500968 -0.498305 -16.0223 -0.0261053 0.99812 -0.0554545 -2.68204 0.497646 0.0610868 0.865227 40.3253 
0.865955 -0.00732924 -0.500068 -16.5731 -0.0238607 0.998149 -0.0559484 -2.74839 0.499552 0.0603808 0.864177 41.2299 
0.864413 -0.00813737 -0.502717 -17.1304 -0.0220562 0.998293 -0.0540844 -2.80988 0.502299 0.0578393 0.862758 42.1452 
0.862265 -0.00753384 -0.506401 -17.6851 -0.0208171 0.998517 -0.0503011 -2.87549 0.506029 0.0539147 0.86083 43.0566 
0.859386 -0.00812688 -0.511263 -18.262 -0.0183023 0.998744 -0.0466403 -2.93605 0.511 0.0494394 0.858158 43.9826 
0.855392 -0.00861862 -0.51791 -18.8363 -0.0169525 0.99886 -0.0446214 -3.00044 0.517704 0.0469488 0.854271 44.8945 
0.850259 -0.0121174 -0.526225 -19.421 -0.0149946 0.998772 -0.0472267 -3.06145 0.526151 0.0480455 0.849033 45.7904 
0.844427 -0.0156033 -0.535444 -20.0139 -0.0137909 0.998611 -0.0508495 -3.12075 0.535494 0.0503229 0.843039 46.6753 
0.838153 -0.0162787 -0.545192 -20.6164 -0.0133053 0.998647 -0.0502733 -3.18239 0.545272 0.0493907 0.836803 47.5611 
0.832427 -0.0130728 -0.553981 -21.2377 -0.0142343 0.998887 -0.0449605 -3.24579 0.553953 0.0453119 0.831314 48.4437 
0.827353 -0.00832339 -0.561621 -21.8668 -0.0175061 0.999022 -0.040595 -3.30823 0.561409 0.0434182 0.826398 49.3129 
0.823212 -0.00893427 -0.567664 -22.4976 -0.0182195 0.998945 -0.0421436 -3.36407 0.567442 0.0450357 0.822181 50.1854 
0.819917 -0.011218 -0.572372 -23.1355 -0.0187576 0.998745 -0.0464446 -3.42424 0.572175 0.0488171 0.818678 51.0583 
0.816598 -0.0136106 -0.577047 -23.7737 -0.0211208 0.998348 -0.0534364 -3.48684 0.576821 0.0558238 0.814961 51.924 
0.813689 -0.0147004 -0.581115 -24.41 -0.0212841 0.998256 -0.0550553 -3.55529 0.580911 0.0571665 0.811957 52.7605 
0.810196 -0.0131192 -0.586013 -25.0586 -0.0207687 0.998479 -0.0510671 -3.62267 0.585791 0.0535451 0.808691 53.6188 
0.806838 -0.0106809 -0.590676 -25.7078 -0.0204868 0.998729 -0.0460435 -3.68723 0.590417 0.0492508 0.805594 54.4764 
0.8037 -0.00912269 -0.594965 -26.365 -0.0205466 0.998861 -0.0430709 -3.74947 0.59468 0.0468406 0.802597 55.3276 
0.800596 -0.00867593 -0.599142 -27.024 -0.0216346 0.998825 -0.0433726 -3.81259 0.598814 0.0476861 0.799467 56.1677 
0.797029 -0.00993725 -0.603859 -27.6954 -0.0218926 0.998732 -0.0453312 -3.86944 0.603544 0.0493504 0.795801 57.0138 
0.79296 -0.0127183 -0.609141 -28.3631 -0.0209663 0.99862 -0.0481437 -3.92904 0.608913 0.0509475 0.791599 57.8485 
0.788698 -0.0138626 -0.614624 -29.0508 -0.0203717 0.998607 -0.0486646 -3.99125 0.614443 0.0509027 0.787318 58.6883 
0.784291 -0.0142889 -0.620229 -29.7458 -0.0197728 0.998651 -0.0480101 -4.05144 0.620079 0.0499176 0.78295 59.5257 
0.779503 -0.0137604 -0.626247 -30.4436 -0.020231 0.998684 -0.0471259 -4.11607 0.626072 0.0494045 0.778199 60.3541 
0.774177 -0.0151064 -0.632789 -31.1565 -0.0200449 0.998629 -0.0483638 -4.18 0.632651 0.0501264 0.772813 61.1893 
0.768874 -0.0167227 -0.639182 -31.8719 -0.0192395 0.9986 -0.0492693 -4.24318 0.639111 0.0501794 0.767476 62.0078 
0.763309 -0.0182838 -0.645775 -32.6043 -0.0186311 0.998561 -0.0502942 -4.30589 0.645765 0.0504216 0.761869 62.8274 
0.757716 -0.0197828 -0.652285 -33.3315 -0.0179422 0.998531 -0.0511262 -4.3782 0.652338 0.0504426 0.756248 63.6328 
0.751291 -0.02173 -0.659614 -34.0763 -0.017016 0.998488 -0.0522747 -4.44424 0.659752 0.0504975 0.749785 64.452 
0.745148 -0.023558 -0.666483 -34.8565 -0.0155028 0.998494 -0.0526261 -4.51071 0.666719 0.0495466 0.743661 65.2795 
0.738523 -0.0237421 -0.67381 -35.619 -0.0145155 0.998588 -0.0510954 -4.57486 0.674072 0.0475159 0.737136 66.0965 
0.732291 -0.0238966 -0.680573 -36.4101 -0.0142688 0.998626 -0.0504175 -4.6467 0.680843 0.0466313 0.730944 66.9032 
0.725568 -0.0262662 -0.687649 -37.1898 -0.0122232 0.998622 -0.0510417 -4.71598 0.688042 0.0454396 0.724247 67.7028 
0.719766 -0.0278409 -0.693658 -38.0126 -0.0125569 0.99851 -0.0531061 -4.7825 0.694103 0.0469342 0.718344 68.4965 
0.71367 -0.0270624 -0.69996 -38.8192 -0.0140462 0.9985 -0.052926 -4.85015 0.700342 0.0476035 0.712219 69.283 
0.708097 -0.0265061 -0.705617 -39.6353 -0.01423 0.998557 -0.0517903 -4.92499 0.705972 0.0467135 0.706698 70.08 
0.703219 -0.0258832 -0.710502 -40.462 -0.0156739 0.99853 -0.0518892 -4.99491 0.710801 0.0476258 0.701779 70.8629 
0.698808 -0.0265374 -0.714817 -41.3078 -0.0164546 0.998451 -0.0531533 -5.06512 0.71512 0.048906 0.697288 71.639 
0.693542 -0.0282251 -0.719863 -42.1573 -0.0172914 0.998292 -0.0558012 -5.13928 0.720208 0.051148 0.69187 72.4193 
0.688674 -0.0309685 -0.72441 -43.0084 -0.0168824 0.998132 -0.0587197 -5.21097 0.724875 0.0526686 0.686864 73.1933 
0.683505 -0.0312908 -0.729275 -43.8703 -0.0176991 0.998077 -0.0594125 -5.28939 0.729731 0.0535163 0.681637 73.9661 
0.67866 -0.0309503 -0.7338 -44.7345 -0.0169502 0.998186 -0.0577781 -5.36867 0.734257 0.0516498 0.676904 74.7385 
0.673479 -0.0311958 -0.738548 -45.6136 -0.0162619 0.998242 -0.0569943 -5.44391 0.739027 0.0503947 0.671788 75.5049 
0.668726 -0.0324973 -0.742799 -46.5038 -0.0154313 0.998223 -0.0575645 -5.52248 0.743349 0.0499572 0.667036 76.2635 
0.66405 -0.0334693 -0.746938 -47.3992 -0.0147754 0.998215 -0.0578645 -5.60043 0.747542 0.0494613 0.662371 77.0277 
0.659526 -0.0339081 -0.750917 -48.2977 -0.0141578 0.998245 -0.057511 -5.68207 0.751549 0.0485613 0.657888 77.7908 
0.655475 -0.0350981 -0.754401 -49.2175 -0.0127775 0.998261 -0.0575455 -5.75921 0.755109 0.047359 0.653886 78.558 
0.651871 -0.0378356 -0.757385 -50.1417 -0.0101295 0.998231 -0.0585856 -5.84369 0.758262 0.0458623 0.650335 79.3141 
0.647795 -0.0427021 -0.760617 -51.0716 -0.00716904 0.998042 -0.0621371 -5.92396 0.761781 0.045705 0.64622 80.0764 
0.642926 -0.0466879 -0.764504 -51.9939 -0.00299848 0.997979 -0.0634678 -6.00988 0.765923 0.0430975 0.641487 80.8273 
0.636127 -0.0503084 -0.769942 -52.9298 0.00217456 0.997985 -0.0634122 -6.09713 0.771581 0.038664 0.634955 81.582 
0.628129 -0.0537816 -0.776248 -53.8781 0.00608145 0.997917 -0.0642187 -6.18314 0.778086 0.035617 0.627148 82.3198 
0.619379 -0.0547347 -0.783182 -54.8493 0.0083722 0.997971 -0.0631246 -6.26794 0.785048 0.0325411 0.61858 83.0571 
0.610743 -0.0533588 -0.790029 -55.8453 0.00850186 0.998111 -0.0608403 -6.35329 0.791783 0.0304411 0.610044 83.7957 
0.601705 -0.0532943 -0.796938 -56.8434 0.00850295 0.998142 -0.0603297 -6.44385 0.798673 0.0295244 0.60104 84.5255 
0.592375 -0.0545737 -0.803812 -57.8453 0.00702725 0.998015 -0.0625801 -6.52658 0.805632 0.0314223 0.591583 85.2345 
0.582074 -0.056998 -0.811136 -58.8733 0.00773774 0.997883 -0.064568 -6.6158 0.813099 0.031307 0.581283 85.951 
0.572198 -0.0584843 -0.818028 -59.9149 0.0081124 0.997809 -0.0656631 -6.70976 0.820076 0.0309362 0.571418 86.6542 
0.562187 -0.059176 -0.824891 -60.9541 0.0106095 0.997871 -0.0643546 -6.80353 0.826942 0.0274277 0.561617 87.3423 
0.551918 -0.0593403 -0.831785 -61.9989 0.0119416 0.997925 -0.0632693 -6.89722 0.833813 0.0249867 0.551481 88.0166 
0.541714 -0.0600188 -0.838418 -63.063 0.0119102 0.997896 -0.0637399 -6.98817 0.840479 0.0245431 0.541288 88.6764 
0.531571 -0.0610504 -0.844811 -64.1341 0.0107809 0.997806 -0.065323 -7.07958 0.846945 0.025616 0.531063 89.3222 
0.521391 -0.0617869 -0.851078 -65.2151 0.00960405 0.997737 -0.0665505 -7.17102 0.853264 0.0265251 0.520805 89.96 
0.511414 -0.0630138 -0.857021 -66.308 0.00846648 0.997629 -0.0683 -7.26687 0.859293 0.0276737 0.510735 90.5868 
0.50176 -0.0628274 -0.862722 -67.4003 0.00743368 0.997635 -0.068329 -7.36683 0.864975 0.0278716 0.501041 91.1952 
0.493233 -0.060548 -0.867788 -68.5132 0.00577118 0.997781 -0.0663378 -7.46467 0.869878 0.0277119 0.492488 91.7968 
0.484892 -0.0591422 -0.872572 -69.6371 0.00651146 0.997927 -0.0640202 -7.56351 0.87455 0.0253612 0.484272 92.3997 
0.476883 -0.0594282 -0.876956 -70.7605 0.0066988 0.997929 -0.0639833 -7.66133 0.878941 0.0246381 0.476293 92.9887 
0.469271 -0.0623315 -0.880852 -71.8879 0.00815255 0.997769 -0.0662617 -7.75777 0.883017 0.0239135 0.468732 93.5653 
0.462149 -0.0659084 -0.88435 -73.0332 0.0111467 0.997587 -0.0685227 -7.85909 0.886732 0.0218102 0.461769 94.1476 
0.456282 -0.0686227 -0.887185 -74.171 0.0116782 0.997398 -0.0711413 -7.95948 0.889759 0.0220998 0.455896 94.7032 
0.450333 -0.0723196 -0.889927 -75.313 0.0138965 0.997161 -0.0740019 -8.06847 0.892753 0.0209587 0.45006 95.272 
0.445777 -0.0731913 -0.892147 -76.4634 0.0162365 0.997149 -0.0736928 -8.17459 0.894997 0.0183653 0.445694 95.8231 
0.441598 -0.0711671 -0.894386 -77.6048 0.0190654 0.997368 -0.0699481 -8.28621 0.897011 0.0138372 0.441793 96.3611 
0.437746 -0.0690728 -0.896442 -78.7444 0.0216441 0.997565 -0.0662955 -8.39354 0.898838 0.00961798 0.438175 96.8967 
0.434122 -0.0684633 -0.898249 -79.8963 0.0234868 0.997629 -0.0646868 -8.50065 0.900548 0.00698505 0.434701 97.4343 
0.431448 -0.0681686 -0.899559 -81.0419 0.0251762 0.997662 -0.0635279 -8.60587 0.901787 0.0047615 0.432155 97.9565 
0.428727 -0.0676883 -0.900895 -82.1756 0.0273577 0.997705 -0.0619428 -8.70104 0.90302 0.00191025 0.429595 98.477 
0.425952 -0.0672433 -0.902244 -83.3049 0.0293602 0.997736 -0.0604992 -8.79296 0.904269 -0.000720272 0.426962 98.9972 
0.423152 -0.0688685 -0.903438 -84.4392 0.0331191 0.997616 -0.0605354 -8.88677 0.905453 -0.0043054 0.424424 99.5157 
0.4212 -0.0694238 -0.904307 -85.5827 0.0354234 0.997565 -0.060084 -8.97807 0.906276 -0.00672622 0.422634 100.023 
0.418829 -0.0689498 -0.905444 -86.7214 0.0389482 0.99756 -0.0579483 -9.06482 0.907229 -0.010995 0.420493 100.534 
0.417081 -0.0683595 -0.906295 -87.8398 0.0410482 0.997567 -0.0563533 -9.1564 0.907942 -0.0136978 0.418872 101.023 
0.415314 -0.0702864 -0.906959 -88.9467 0.0442205 0.997392 -0.0570453 -9.24099 0.908603 -0.0164144 0.417339 101.513 
0.41391 -0.0713961 -0.907514 -90.0277 0.0456366 0.997294 -0.0576448 -9.33224 0.909173 -0.017556 0.416048 101.992 
0.413232 -0.0725614 -0.90773 -91.0996 0.0456938 0.997217 -0.0589133 -9.42489 0.909479 -0.0171328 0.415397 102.462 
0.413796 -0.073132 -0.907427 -92.162 0.0442556 0.997206 -0.0601865 -9.51327 0.909293 -0.0152538 0.415877 102.921 
0.415832 -0.0729668 -0.90651 -93.21 0.0426697 0.997244 -0.0606968 -9.60367 0.90844 -0.0134408 0.417799 103.384 
0.419612 -0.0734846 -0.904724 -94.253 0.0408838 0.997236 -0.0620368 -9.69332 0.906782 -0.0109572 0.421457 103.854 
0.424671 -0.074176 -0.902304 -95.2749 0.0398895 0.997203 -0.0632033 -9.7837 0.904469 -0.00915184 0.426442 104.313 
0.430137 -0.0744872 -0.899685 -96.3045 0.0397254 0.997187 -0.063567 -9.87173 0.901889 -0.00839774 0.431886 104.791 
0.436851 -0.0734419 -0.896531 -97.3122 0.0389559 0.997271 -0.0627124 -9.95899 0.89869 -0.00752914 0.43852 105.268 
0.444688 -0.0724989 -0.892747 -98.3067 0.038309 0.997346 -0.0619111 -10.0468 0.894866 -0.00666906 0.446285 105.752 
0.453275 -0.0719901 -0.888459 -99.3012 0.0382909 0.997386 -0.061281 -10.1355 0.890548 -0.00624269 0.454846 106.238 
0.462603 -0.0714891 -0.883679 -100.282 0.0374464 0.99743 -0.0610884 -10.2199 0.885775 -0.00483088 0.464091 106.736 
0.472489 -0.0724565 -0.878353 -101.262 0.0372067 0.997366 -0.0622596 -10.3077 0.880551 -0.00326358 0.473941 107.239 
0.482883 -0.0737927 -0.87257 -102.235 0.0351445 0.997273 -0.0648897 -10.3938 0.87498 0.000668072 0.484159 107.752 
0.494447 -0.0744008 -0.866018 -103.181 0.0331598 0.997219 -0.0667402 -10.4816 0.868575 0.00428256 0.495539 108.271 
0.506654 -0.0729532 -0.859057 -104.126 0.0311021 0.997312 -0.0663508 -10.5628 0.861588 0.00689847 0.507561 108.807 
0.519107 -0.070543 -0.851793 -105.05 0.029658 0.997475 -0.0645335 -10.6499 0.854194 0.00823738 0.519888 109.352 
0.531116 -0.068466 -0.844528 -105.972 0.0294916 0.99762 -0.0623301 -10.7362 0.846786 0.00819806 0.531871 109.909 
0.542508 -0.0681365 -0.837283 -106.883 0.0300751 0.997642 -0.0616993 -10.8208 0.839512 0.00829103 0.543278 110.485 
0.553578 -0.0691833 -0.829919 -107.769 0.0311666 0.997566 -0.0623697 -10.9078 0.832214 0.0086608 0.554387 111.061 
0.564183 -0.0693439 -0.822732 -108.641 0.0309199 0.997542 -0.0628746 -10.998 0.82507 0.010034 0.564941 111.644 
0.575195 -0.0705738 -0.814966 -109.5 0.0330995 0.997464 -0.0630162 -11.0862 0.817347 0.00927168 0.576072 112.228 
0.58586 -0.0697443 -0.807405 -110.336 0.0332327 0.997519 -0.0620526 -11.1749 0.80973 0.00952198 0.586725 112.818 
0.596395 -0.067177 -0.799875 -111.17 0.0319397 0.997689 -0.0599758 -11.2549 0.802055 0.0102216 0.597162 113.417 
0.60607 -0.0637206 -0.792855 -111.992 0.0318456 0.997931 -0.055859 -11.3386 0.794774 0.00860549 0.606845 114.03 
0.616011 -0.0615565 -0.785329 -112.796 0.0305119 0.998059 -0.0542974 -11.4178 0.787147 0.00948597 0.616693 114.643 
0.625938 -0.0604546 -0.777526 -113.583 0.0281974 0.998093 -0.0549043 -11.495 0.779363 0.0124425 0.626449 115.26 
0.63517 -0.0609118 -0.769967 -114.361 0.0272074 0.998031 -0.0565096 -11.5648 0.771893 0.0149444 0.635577 115.889 
0.644332 -0.060198 -0.762373 -115.124 0.0271754 0.99807 -0.0558413 -11.639 0.764263 0.0152626 0.644725 116.522 
0.653445 -0.058076 -0.754743 -115.87 0.0272301 0.998211 -0.053235 -11.7149 0.756484 0.0142344 0.653857 117.146 
0.661891 -0.0561521 -0.747494 -116.604 0.0273464 0.998335 -0.0507808 -11.7844 0.749101 0.0131701 0.662325 117.786 
0.669804 -0.0557143 -0.740445 -117.323 0.0279147 0.998366 -0.0498698 -11.8507 0.742013 0.0127337 0.670264 118.423 
0.67735 -0.0551295 -0.733592 -118.037 0.0268434 0.998376 -0.0502426 -11.9123 0.735171 0.0143398 0.67773 119.072 
0.684564 -0.0545138 -0.726912 -118.723 0.0267527 0.998407 -0.0496801 -11.9764 0.728462 0.0145624 0.684932 119.701 
0.691664 -0.0521235 -0.720336 -119.408 0.0262604 0.998548 -0.0470399 -12.0309 0.721742 0.0136196 0.692029 120.34 
0.698802 -0.0497246 -0.713584 -120.091 0.025587 0.99868 -0.0445339 -12.0871 0.714857 0.0128619 0.699152 121 
0.705856 -0.0482108 -0.706713 -120.743 0.0248629 0.998753 -0.0433007 -12.1505 0.707919 0.0129932 0.706174 121.647 
0.713219 -0.0476223 -0.699322 -121.388 0.0245538 0.998775 -0.0429727 -12.2031 0.700511 0.013478 0.713514 122.293 
0.721063 -0.0443769 -0.691447 -122.017 0.0214788 0.998899 -0.0417103 -12.251 0.692536 0.0152244 0.721223 122.939 
0.730099 -0.0416016 -0.682074 -122.645 0.0208751 0.999037 -0.0385892 -12.3054 0.683023 0.0139356 0.730264 123.588 
0.73979 -0.0377443 -0.671778 -123.247 0.0191368 0.999202 -0.0350666 -12.3551 0.672565 0.0130864 0.739922 124.229 
0.750121 -0.0353815 -0.660353 -123.837 0.0173074 0.999276 -0.0338807 -12.4035 0.661074 0.0139857 0.750191 124.875 
0.760244 -0.0347209 -0.648709 -124.409 0.0161174 0.999271 -0.0345957 -12.4528 0.649438 0.0158457 0.76025 125.523 
0.770491 -0.0357783 -0.636446 -124.986 0.0164891 0.999208 -0.0362093 -12.4973 0.637238 0.0174045 0.770471 126.18 
0.780422 -0.0353106 -0.624255 -125.518 0.0165637 0.999221 -0.035813 -12.5381 0.625034 0.0176093 0.780399 126.843 
0.790652 -0.0336285 -0.611341 -126.044 0.0162418 0.999291 -0.0339631 -12.5736 0.61205 0.0169238 0.790638 127.526 
0.800859 -0.0318229 -0.598007 -126.571 0.0164704 0.99938 -0.0311245 -12.6106 0.598626 0.015077 0.800886 128.207 
0.810357 -0.0302745 -0.585153 -127.068 0.0167285 0.999453 -0.0285427 -12.6495 0.585697 0.0133411 0.81042 128.899 
0.819468 -0.0288815 -0.572397 -127.553 0.017501 0.999525 -0.0253779 -12.693 0.572858 0.0107789 0.819584 129.582 
0.827427 -0.0282271 -0.560863 -128.043 0.0183179 0.999561 -0.023282 -12.718 0.561274 0.00899042 0.827581 130.346 
0.834648 -0.0285383 -0.550045 -128.514 0.0200092 0.999569 -0.0214989 -12.7567 0.550421 0.00693812 0.834859 131.059 
0.84131 -0.0285275 -0.5398 -128.97 0.0202981 0.999569 -0.0211898 -12.7826 0.540172 0.00687034 0.841527 131.765 
0.848091 -0.0275691 -0.529133 -129.433 0.0193475 0.999591 -0.0210709 -12.8089 0.529498 0.00763269 0.848277 132.496 
0.854775 -0.0259331 -0.51835 -129.885 0.0181715 0.999634 -0.0200463 -12.8394 0.51868 0.00771592 0.854933 133.224 
0.860993 -0.0247216 -0.508015 -130.347 0.0172152 0.999662 -0.0194702 -12.8688 0.508325 0.00801818 0.861128 133.98 
0.866873 -0.0256597 -0.497869 -130.782 0.0183505 0.99964 -0.0195695 -12.8889 0.498192 0.00782816 0.867032 134.732 
0.872202 -0.02694 -0.488404 -131.211 0.0194588 0.999603 -0.0203875 -12.9126 0.488759 0.00827828 0.872379 135.467 
0.876586 -0.0273901 -0.480465 -131.626 0.0198533 0.999587 -0.0207626 -12.9385 0.480835 0.00866146 0.876768 136.218 
0.879978 -0.0265512 -0.474272 -132.047 0.0194163 0.999613 -0.0199359 -12.9655 0.474618 0.00833461 0.880153 136.998 
0.883094 -0.0247165 -0.468545 -132.455 0.0192472 0.999679 -0.0164584 -12.9914 0.468801 0.00551622 0.883286 137.769 
0.886176 -0.0204825 -0.462896 -132.886 0.0168363 0.999786 -0.0120077 -13.0161 0.463042 0.00284753 0.886332 138.572 
0.889541 -0.0177929 -0.456509 -133.315 0.0152821 0.999841 -0.0091916 -13.0371 0.4566 0.00119994 0.889671 139.386 
0.892956 -0.0150373 -0.449893 -133.742 0.0133138 0.999887 -0.00699507 -13.0526 0.449948 0.000256549 0.893055 140.192 
0.896053 -0.0137382 -0.443734 -134.163 0.0130182 0.999904 -0.00466914 -13.0674 0.443756 -0.00159279 0.896146 141.028 
0.89927 -0.0120478 -0.437228 -134.583 0.0126231 0.999919 -0.00159019 -13.0841 0.437212 -0.00408911 0.899349 141.886 
0.902429 -0.0119459 -0.430673 -134.985 0.0134667 0.999909 0.000482786 -13.0983 0.430628 -0.00623539 0.902508 142.746 
0.906051 -0.0122543 -0.422991 -135.425 0.0142963 0.999896 0.00165517 -13.1117 0.422927 -0.00754684 0.906132 143.642 
0.909982 -0.0133111 -0.414434 -135.867 0.0153372 0.999881 0.00156129 -13.1137 0.414364 -0.00777695 0.910078 144.55 
0.913992 -0.0158063 -0.405424 -136.292 0.0178435 0.99984 0.00124556 -13.1209 0.405339 -0.00837256 0.914128 145.47 
0.91802 -0.0170508 -0.396167 -136.703 0.018868 0.999822 0.000690318 -13.1429 0.396085 -0.00810857 0.918178 146.403 
0.922559 -0.0179085 -0.38544 -137.108 0.0189528 0.99982 -0.00109047 -13.1583 0.38539 -0.00629909 0.922732 147.353 
0.927838 -0.0160767 -0.372636 -137.503 0.0167037 0.999859 -0.0015461 -13.1688 0.372609 -0.00478982 0.927976 148.33 
0.934049 -0.0125963 -0.356923 -137.897 0.0134351 0.99991 -0.000129421 -13.1762 0.356892 -0.00467436 0.934134 149.309 
0.940793 -0.00908245 -0.33886 -138.27 0.0107957 0.999937 0.00317124 -13.1852 0.338809 -0.00664166 0.940832 150.305 
0.947554 -0.00578667 -0.319543 -138.622 0.00784126 0.999956 0.00514351 -13.1934 0.319499 -0.00737933 0.947558 151.315 
0.954216 -0.00451817 -0.299086 -138.943 0.00662741 0.99996 0.00603824 -13.196 0.299047 -0.0077439 0.954207 152.337 
0.960671 -0.00291139 -0.277673 -139.282 0.00532855 0.999954 0.0079507 -13.1995 0.277637 -0.00911755 0.960643 153.402 
0.966628 -0.00194047 -0.256178 -139.576 0.00485828 0.99993 0.0107572 -13.2036 0.25614 -0.0116428 0.96657 154.469 
0.972151 0.000315367 -0.234356 -139.86 0.00317638 0.99989 0.0145215 -13.2031 0.234335 -0.0148615 0.972042 155.565 
0.977199 0.0027194 -0.21231 -140.116 0.0013828 0.999815 0.0191707 -13.2022 0.212323 -0.0190271 0.977014 156.651 
0.981747 0.00477561 -0.190131 -140.361 -0.000461146 0.999742 0.0227296 -13.1961 0.190191 -0.022227 0.981496 157.779 
0.985705 0.00625272 -0.168366 -140.572 -0.00242103 0.999734 0.0229536 -13.1842 0.168464 -0.0222178 0.985457 158.897 
0.989219 0.00570711 -0.146331 -140.766 -0.00263976 0.999773 0.021147 -13.1657 0.146419 -0.0205327 0.98901 160.035 
0.992058 0.00570529 -0.125653 -140.928 -0.00312533 0.99978 0.0207197 -13.1744 0.125744 -0.0201624 0.991858 161.234 
0.994375 0.00384969 -0.105845 -141.06 -0.00144561 0.999739 0.0227801 -13.1604 0.105906 -0.0224989 0.994122 162.417 
0.996267 0.00496011 -0.0861865 -141.173 -0.00281807 0.999685 0.024957 -13.168 0.0862831 -0.0246209 0.995966 163.691 
0.997785 0.00544744 -0.0663006 -141.273 -0.00371937 0.999651 0.0261592 -13.1514 0.0664199 -0.0258546 0.997457 164.901 
0.998899 0.0068969 -0.0464004 -141.337 -0.00564894 0.99962 0.0269722 -13.1312 0.0465688 -0.0266803 0.998559 166.134 
0.999639 0.00756816 -0.0257627 -141.401 -0.00685088 0.99959 0.0278155 -13.1121 0.0259626 -0.0276289 0.999281 167.391 
0.999939 0.00949335 -0.00573286 -141.416 -0.00933055 0.999571 0.0277788 -13.103 0.00599406 -0.0277235 0.999598 168.695 
0.999849 0.0109714 0.0135013 -141.357 -0.0113342 0.999569 0.0270929 -13.1012 -0.0131983 -0.0272418 0.999542 170.027 
0.999391 0.0110851 0.0330935 -141.35 -0.0119104 0.99962 0.0248472 -13.0851 -0.0328055 -0.0252262 0.999143 171.301 
0.998558 0.0130964 0.0520554 -141.313 -0.0142982 0.999638 0.0227835 -13.0802 -0.0517383 -0.0234949 0.998384 172.63 
0.997334 0.0134179 0.0717235 -141.267 -0.01498 0.999661 0.021286 -13.0686 -0.0714136 -0.0223037 0.997197 174.006 
0.99582 0.0136023 0.0903163 -141.165 -0.0153381 0.99971 0.0185536 -13.0589 -0.0900378 -0.0198613 0.99574 175.341 
0.993979 0.0142456 0.108641 -141.031 -0.0158281 0.999781 0.0137184 -13.062 -0.108422 -0.0153553 0.993986 176.669 
0.991837 0.0162442 0.126476 -140.888 -0.0172977 0.999824 0.00723626 -13.0657 -0.126336 -0.00936489 0.991943 178.013 
0.989558 0.0177713 0.143035 -140.652 -0.0183177 0.999829 0.00250436 -13.081 -0.142966 -0.00509824 0.989714 179.375 
0.986827 0.0201146 0.160526 -140.45 -0.0201365 0.999796 -0.00148997 -13.096 -0.160523 -0.00176205 0.987031 180.783 
0.983722 0.0219439 0.17835 -140.224 -0.0215847 0.999759 -0.00395433 -13.1346 -0.178394 4.03702e-05 0.983959 182.208 
0.980442 0.0212623 0.195655 -139.958 -0.0210423 0.999773 -0.00320303 -13.1676 -0.195679 -0.000976598 0.980668 183.643 
0.976976 0.0199599 0.212412 -139.665 -0.0196535 0.999801 -0.0035537 -13.2001 -0.212441 -0.00070273 0.977174 185.064 
0.97332 0.019507 0.228619 -139.28 -0.0180806 0.999802 -0.00833196 -13.2496 -0.228737 0.00397612 0.97348 186.55 
0.969336 0.0207864 0.244858 -138.946 -0.0182471 0.999754 -0.0126344 -13.2723 -0.245061 0.00777908 0.969477 187.983 
0.964938 0.0231444 0.261456 -138.558 -0.0206079 0.99971 -0.0124392 -13.3158 -0.261668 0.00661508 0.965135 189.447 
0.960197 0.0251495 0.27819 -138.119 -0.022478 0.999666 -0.0127887 -13.3516 -0.278419 0.00602654 0.960441 190.905 
0.954987 0.0288313 0.295242 -137.65 -0.0253337 0.999556 -0.0156655 -13.3997 -0.295563 0.00748082 0.955294 192.407 
0.949735 0.0291717 0.311692 -137.09 -0.0244106 0.999518 -0.0191666 -13.4644 -0.312101 0.0105946 0.94999 193.981 
0.943819 0.030168 0.329084 -136.623 -0.0245747 0.999474 -0.0211434 -13.5222 -0.329549 0.0118684 0.944064 195.448 
0.937601 0.0305866 0.346366 -136.064 -0.0230068 0.999398 -0.0259754 -13.5952 -0.346952 0.0163858 0.93774 196.993 
0.930489 0.0338395 0.364754 -135.517 -0.0239292 0.999212 -0.0316567 -13.664 -0.365538 0.020728 0.930566 198.398 
0.921651 0.0369457 0.386258 -134.879 -0.0255855 0.999077 -0.0345124 -13.7714 -0.387177 0.0219258 0.921745 200.011 
0.91116 0.0398105 0.410126 -134.291 -0.0277117 0.998989 -0.0354047 -13.846 -0.41112 0.0208941 0.911342 201.41 
0.899409 0.0445616 0.434831 -133.559 -0.0312959 0.998802 -0.0376246 -13.952 -0.435987 0.0202315 0.899726 202.92 
0.886791 0.0485461 0.459614 -132.887 -0.0336125 0.998609 -0.0406237 -14.0315 -0.460947 0.020576 0.887189 204.285 
0.873259 0.0523467 0.484436 -132.165 -0.0355728 0.998409 -0.0437603 -14.1157 -0.485956 0.0209813 0.873731 205.726 
0.859382 0.0536404 0.508512 -131.423 -0.035221 0.99833 -0.0457854 -14.1982 -0.510119 0.0214369 0.859837 207.128 
0.845113 0.055012 0.531749 -130.635 -0.0349225 0.998248 -0.0477708 -14.3007 -0.533445 0.0218017 0.845553 208.437 
0.829552 0.0572074 0.555491 -129.752 -0.0340752 0.998071 -0.0518997 -14.4672 -0.557389 0.024125 0.829901 209.924 
0.814225 0.0594964 0.577492 -128.879 -0.0325543 0.997849 -0.0569044 -14.578 -0.579636 0.0275332 0.81441 211.229 
0.798793 0.0612413 0.598481 -127.921 -0.0318123 0.997713 -0.0596339 -14.7153 -0.600765 0.0285961 0.798914 212.591 
0.783467 0.0627304 0.618259 -126.92 -0.0304034 0.99757 -0.0626888 -14.8467 -0.620689 0.0303175 0.783471 213.924 
0.769016 0.0626939 0.636148 -125.896 -0.0286432 0.997559 -0.0636861 -14.998 -0.638588 0.0307543 0.768934 215.177 
0.754048 0.0635032 0.653742 -124.875 -0.0276011 0.9975 -0.065059 -15.1482 -0.656239 0.0310137 0.753916 216.484 
0.739631 0.0635371 0.670007 -123.85 -0.0246852 0.997425 -0.0673358 -15.2683 -0.67256 0.0332644 0.739295 217.679 
0.725842 0.0648498 0.684797 -122.778 -0.0224699 0.99725 -0.0706222 -15.3994 -0.687494 0.0358733 0.725303 218.835 
0.711664 0.066604 0.699355 -121.695 -0.0201313 0.99702 -0.0744667 -15.5464 -0.702231 0.0389164 0.710885 219.994 
0.697273 0.0684185 0.713533 -120.57 -0.0187573 0.996835 -0.0772536 -15.6761 -0.71656 0.0404829 0.69635 221.156 
0.682874 0.0693267 0.727239 -119.413 -0.0179883 0.996781 -0.0781308 -15.819 -0.730314 0.0402717 0.681923 222.264 
0.667415 0.0700934 0.74138 -118.242 -0.0182338 0.9968 -0.0778272 -15.9771 -0.744463 0.0384249 0.666557 223.36 
0.651397 0.0709629 0.755411 -117.046 -0.0205088 0.9969 -0.0759632 -16.1364 -0.75846 0.0339896 0.650833 224.415 
0.634449 0.0720711 0.769597 -115.868 -0.023157 0.996969 -0.0742734 -16.2837 -0.772618 0.0293012 0.634195 225.443 
0.617271 0.0741177 0.783251 -114.656 -0.0266315 0.996951 -0.0733516 -16.4408 -0.7863 0.0244187 0.617363 226.456 
0.600432 0.0768068 0.795978 -113.451 -0.0276275 0.996775 -0.075342 -16.594 -0.799198 0.0232469 0.600618 227.406 
0.583313 0.0803115 0.808267 -112.227 -0.0299724 0.99655 -0.0773892 -16.742 -0.811694 0.0209164 0.583708 228.333 
0.5649 0.0804654 0.821227 -111.008 -0.0303613 0.996587 -0.0767628 -16.8897 -0.824601 0.0184297 0.565415 229.22 
0.544856 0.0793471 0.834767 -109.788 -0.0308299 0.996735 -0.0746198 -17.0278 -0.837963 0.0149213 0.545524 230.071 
0.524533 0.0776695 0.84784 -108.543 -0.031073 0.996913 -0.0721019 -17.1644 -0.850823 0.0114749 0.525327 230.888 
0.504103 0.0759541 0.860297 -107.287 -0.0313936 0.997079 -0.0696347 -17.3117 -0.863073 0.00809527 0.505015 231.665 
0.483366 0.0749788 0.872202 -106.034 -0.0308971 0.997166 -0.0685983 -17.4439 -0.874873 0.00620957 0.484313 232.412 
0.462923 0.0745223 0.88326 -104.747 -0.0302 0.997207 -0.0683081 -17.576 -0.885884 0.00494692 0.46388 233.126 
0.442221 0.0737714 0.893867 -103.466 -0.0283759 0.997264 -0.0682664 -17.706 -0.896457 0.0048245 0.443104 233.828 
0.42228 0.0738837 0.903449 -102.165 -0.0256941 0.997248 -0.0695448 -17.8285 -0.906101 0.00615403 0.423016 234.46 
0.402192 0.0729508 0.912644 -100.882 -0.0225085 0.997307 -0.0697989 -17.9766 -0.915279 0.00753036 0.402751 235.057 
0.381826 0.0707784 0.92152 -99.6048 -0.0208968 0.99747 -0.0679533 -18.1169 -0.923998 0.00668945 0.382339 235.625 
0.361475 0.0707335 0.929695 -98.3175 -0.0203767 0.997479 -0.067968 -18.2376 -0.932159 0.00562461 0.362005 236.165 
0.341892 0.0753327 0.936715 -97.0125 -0.0210513 0.997146 -0.0725091 -18.3684 -0.939504 0.00507124 0.342502 236.685 
0.322185 0.0846062 0.942889 -95.7019 -0.0223857 0.996401 -0.0817587 -18.5012 -0.946412 0.00523418 0.322919 237.198 
0.302559 0.0924116 0.94864 -94.3949 -0.0251576 0.995716 -0.0889737 -18.6445 -0.952799 0.00305434 0.303588 237.67 
0.283291 0.0961303 0.954204 -93.104 -0.0282264 0.995368 -0.0918972 -18.8028 -0.958618 -0.00090008 0.284693 238.091 
0.263505 0.0975872 0.959709 -91.8227 -0.0308959 0.995213 -0.0927143 -18.9522 -0.964163 -0.00522035 0.265259 238.495 
0.243559 0.0979281 0.96493 -90.5549 -0.0351557 0.995127 -0.092119 -19.0991 -0.969249 -0.0114863 0.245815 238.87 
0.224492 0.0983535 0.9695 -89.2761 -0.0368185 0.995039 -0.0924189 -19.239 -0.97378 -0.0149482 0.226999 239.21 
0.205546 0.0967334 0.973855 -88.0234 -0.0373758 0.995153 -0.0909601 -19.3834 -0.977934 -0.0177022 0.208165 239.514 
0.1869 0.0969166 0.977587 -86.7795 -0.0371973 0.995106 -0.0915418 -19.5193 -0.981675 -0.0192545 0.18959 239.786 
0.168214 0.0975676 0.98091 -85.5437 -0.0366164 0.995021 -0.0926919 -19.6563 -0.98507 -0.0203253 0.170949 240.043 
0.148973 0.1014 0.983628 -84.3062 -0.0405986 0.994517 -0.0963738 -19.7891 -0.988007 -0.0255768 0.152273 240.282 
0.130445 0.103366 0.986053 -83.0694 -0.0408916 0.994265 -0.0988173 -19.9286 -0.990612 -0.027431 0.133924 240.488 
0.113238 0.100771 0.988444 -81.8055 -0.0416416 0.994451 -0.0966126 -20.0698 -0.992695 -0.0302201 0.116806 240.674 
0.0974932 0.096234 0.990573 -80.5771 -0.0395895 0.994901 -0.092758 -20.2061 -0.994449 -0.030173 0.100806 240.831 
0.0834869 0.0921834 0.992236 -79.3819 -0.039451 0.995237 -0.0891428 -20.3349 -0.995728 -0.0317025 0.086726 240.953 
0.0703419 0.0889242 0.993552 -78.2003 -0.03764 0.995546 -0.0864378 -20.4615 -0.996813 -0.0313171 0.0733757 241.078 
0.0592812 0.0888238 0.994282 -77.0363 -0.037355 0.995533 -0.0867084 -20.5939 -0.997542 -0.0320012 0.0623344 241.189 
0.0505907 0.0912447 0.994543 -75.8841 -0.0380311 0.995272 -0.089377 -20.7169 -0.997995 -0.0333019 0.0538216 241.275 
0.0438114 0.0928668 0.994714 -74.7309 -0.0392941 0.99506 -0.0911684 -20.8446 -0.998267 -0.0350921 0.0472441 241.355 
0.0375993 0.0969303 0.994581 -73.6057 -0.040128 0.994628 -0.0954179 -20.9754 -0.998487 -0.0363229 0.0412869 241.434 
0.0318113 0.105594 0.9939 -72.4982 -0.0397947 0.993749 -0.104304 -21.1064 -0.998701 -0.0362339 0.0358146 241.504 
0.0266367 0.108146 0.993778 -71.3919 -0.0414979 0.993394 -0.106992 -21.2364 -0.998784 -0.0383898 0.0309486 241.568 
0.0228593 0.0998578 0.994739 -70.2855 -0.0407191 0.994266 -0.0988745 -21.3626 -0.998909 -0.0382446 0.0267944 241.618 
0.0202387 0.0900409 0.995732 -69.1837 -0.0397293 0.995222 -0.0891872 -21.4862 -0.999006 -0.0377547 0.0237192 241.669 
0.0189957 0.0864596 0.996074 -68.0991 -0.0389359 0.995562 -0.0856726 -21.6004 -0.999061 -0.0371557 0.0222777 241.712 
0.0184091 0.0884007 0.995915 -67.0254 -0.0402645 0.995341 -0.0876055 -21.7156 -0.999019 -0.0384873 0.0218827 241.767 
0.018431 0.0914914 0.995635 -65.9638 -0.039802 0.995082 -0.0907037 -21.8249 -0.999038 -0.0379565 0.0219819 241.815 
0.0203181 0.0940082 0.995364 -64.905 -0.0422648 0.99476 -0.0930884 -21.939 -0.9989 -0.0401775 0.0241848 241.858 
0.0218979 0.0945965 0.995275 -63.8658 -0.0443223 0.994627 -0.0935597 -22.0525 -0.998777 -0.0420641 0.0259729 241.916 
0.0249326 0.0963282 0.995037 -62.833 -0.045474 0.994426 -0.0951295 -22.1628 -0.998654 -0.0428765 0.0291741 241.969 
0.0280985 0.0973547 0.994853 -61.8118 -0.0477705 0.99424 -0.0959454 -22.2727 -0.998463 -0.0448288 0.0325873 242.034 
0.0325812 0.0985148 0.994602 -60.8056 -0.0490685 0.994088 -0.0968565 -22.3837 -0.998264 -0.045648 0.0372225 242.098 
0.0385541 0.0977035 0.994469 -59.7892 -0.0499146 0.994154 -0.0957375 -22.4925 -0.998009 -0.0459474 0.0432056 242.165 
0.0449904 0.0964024 0.994325 -58.7775 -0.0488772 0.994353 -0.0941936 -22.6042 -0.997791 -0.044362 0.0494482 242.237 
0.0522586 0.095517 0.994055 -57.7756 -0.0464896 0.994569 -0.0931223 -22.7165 -0.997551 -0.0413468 0.0564154 242.31 
0.0593674 0.0964979 0.993561 -56.7913 -0.0452107 0.994555 -0.0938929 -22.8223 -0.997212 -0.0393455 0.0634069 242.394 
0.0659748 0.0962941 0.993164 -55.7994 -0.0460842 0.994565 -0.0933685 -22.929 -0.996757 -0.0396092 0.0700538 242.489 
0.0726851 0.0949885 0.992821 -54.8111 -0.0467662 0.994684 -0.0917428 -23.0383 -0.996258 -0.0397621 0.076741 242.59 
0.0790918 0.092961 0.992523 -53.8175 -0.047309 0.994871 -0.0894108 -23.1416 -0.995744 -0.0398836 0.083084 242.697 
0.0855524 0.0915459 0.992119 -52.833 -0.047215 0.995024 -0.0877424 -23.2435 -0.995214 -0.0393363 0.089449 242.81 
0.0922265 0.0922096 0.991459 -51.8604 -0.0474214 0.99498 -0.0881257 -23.3451 -0.994608 -0.0388889 0.0961362 242.926 
0.0986049 0.0943501 0.990644 -50.8891 -0.0468875 0.99483 -0.0900818 -23.4481 -0.994021 -0.0375663 0.102519 243.051 
0.104673 0.0959301 0.989869 -49.9248 -0.0471694 0.994696 -0.0914099 -23.546 -0.993387 -0.0371234 0.108643 243.185 
0.110644 0.0979746 0.989019 -48.9689 -0.0491333 0.994452 -0.093016 -23.647 -0.992645 -0.038302 0.114844 243.322 
0.11676 0.0987908 0.988235 -48.0063 -0.0513794 0.994309 -0.0933275 -23.7477 -0.99183 -0.0398779 0.121172 243.464 
0.123029 0.0983708 0.987516 -47.057 -0.0523279 0.994334 -0.0925307 -23.8497 -0.991023 -0.0402907 0.12748 243.617 
0.128393 0.0961572 0.987051 -46.1062 -0.0532523 0.994521 -0.089958 -23.9497 -0.990293 -0.0410128 0.13281 243.775 
0.134582 0.0942429 0.986411 -45.1432 -0.0530852 0.994723 -0.0877943 -24.0545 -0.989479 -0.0405483 0.138875 243.936 
0.140892 0.0936309 0.985588 -44.1862 -0.0529952 0.994804 -0.0869307 -24.1501 -0.988606 -0.0399836 0.145121 244.097 
0.147803 0.094771 0.984466 -43.2418 -0.0526794 0.99474 -0.087851 -24.2472 -0.987613 -0.0388764 0.152018 244.263 
0.154985 0.0949094 0.983347 -42.3105 -0.0500976 0.994849 -0.0881236 -24.3437 -0.986646 -0.0356055 0.158942 244.433 
