1 2.12261e-08 -2.11895e-08 0 2.12261e-08 1 2.10703e-08 0 -2.11895e-08 2.10703e-08 1 0 
0.999872 0.00171517 0.0159366 0.00735001 -0.00169714 0.999998 -0.00114191 0.00265571 -0.0159385 0.00111476 0.999872 0.122404 
0.999293 0.00484579 0.03728 0.0269882 -0.00482149 0.999988 -0.000740611 0.00166218 -0.0372832 0.000560384 0.999305 0.259251 
0.997893 0.006247 0.0645808 0.0548496 -0.00630493 0.99998 0.000693905 0.00248349 -0.0645752 -0.00109958 0.997912 0.412595 
0.995107 0.00607825 0.0986116 0.10536 -0.00639097 0.999976 0.00285616 0.003365 -0.0985918 -0.00347237 0.995122 0.587337 
0.990587 0.00293546 0.136852 0.165434 -0.00364098 0.999981 0.00490567 0.00320194 -0.136835 -0.00535773 0.990579 0.756222 
0.984294 1.23883e-05 0.176539 0.236466 -0.00092827 0.999987 0.00510564 0.00775204 -0.176537 -0.00518929 0.98428 0.939664 
0.975409 0.000235179 0.220403 0.317557 -0.00166545 0.999979 0.00630375 0.00911779 -0.220397 -0.00651577 0.975388 1.12634 
0.963175 0.000526263 0.268876 0.404927 -0.00307363 0.999954 0.00905345 0.0125607 -0.268859 -0.00954644 0.963132 1.32381 
0.948661 -0.00339166 0.316278 0.497732 -0.00182754 0.999867 0.016204 0.0103924 -0.316291 -0.0159501 0.948528 1.48668 
0.931557 -0.0125076 0.363379 0.627508 0.00403853 0.999702 0.024057 0.00888711 -0.363572 -0.020943 0.931331 1.67525 
0.909913 -0.0179408 0.41441 0.770293 0.00671267 0.99957 0.0285349 -0.00262228 -0.414744 -0.0231825 0.909643 1.88707 
0.884402 -0.0190833 0.466335 0.928089 0.00468312 0.999476 0.0320191 0.00805864 -0.466702 -0.0261338 0.884029 2.08735 
0.855687 -0.0215989 0.517043 1.06337 0.0031095 0.999325 0.0365998 0.00864319 -0.517485 -0.0297102 0.855177 2.26058 
0.822853 -0.0266718 0.567628 1.21 0.00421535 0.999157 0.0408378 0.00721096 -0.568239 -0.0312108 0.822271 2.42797 
0.78641 -0.0318017 0.616886 1.41195 0.00587769 0.999014 0.0440084 0.00974428 -0.617677 -0.0309827 0.785821 2.62033 
0.747677 -0.0360422 0.663083 1.62409 0.00660328 0.99888 0.0468489 0.00664142 -0.664029 -0.0306493 0.747078 2.80795 
0.706915 -0.0390688 0.706219 1.8602 0.00764126 0.998837 0.0476081 0.018417 -0.707258 -0.0282584 0.706391 3.00728 
0.664121 -0.0409703 0.746502 2.10747 0.00668838 0.998783 0.0488661 0.0225173 -0.747595 -0.0274601 0.663587 3.20205 
0.620659 -0.0410348 0.783006 2.39926 0.00159321 0.998694 0.0510754 0.0291086 -0.784079 -0.0304529 0.619914 3.40937 
0.577914 -0.0417494 0.815029 2.72182 -0.00169858 0.998627 0.0523586 0.0408718 -0.816096 -0.0316432 0.57705 3.62465 
0.537024 -0.043075 0.842466 3.07971 -0.00390968 0.998558 0.0535482 0.0509374 -0.843558 -0.0320504 0.536081 3.83362 
0.497708 -0.0452359 0.866164 3.45724 -0.00495692 0.998474 0.0549942 0.0687444 -0.867331 -0.0316645 0.496724 4.03581 
0.459829 -0.0449616 0.886869 3.86875 -0.00794928 0.998469 0.0547411 0.0848307 -0.887972 -0.0322215 0.458767 4.23046 
0.422884 -0.0441682 0.905107 4.3195 -0.00890114 0.998561 0.0528875 0.107999 -0.90614 -0.0304218 0.421883 4.42037 
0.388886 -0.0424816 0.920306 4.79501 -0.00779364 0.998749 0.0493959 0.134957 -0.921253 -0.0263819 0.388068 4.6047 
0.359073 -0.0407921 0.932418 5.30519 -0.00553752 0.998934 0.0458347 0.152038 -0.933293 -0.0216213 0.358464 4.7814 
0.333193 -0.0387199 0.942063 5.84712 -0.00429545 0.999084 0.0425827 0.183289 -0.942849 -0.0182348 0.332721 4.97617 
0.313058 -0.0382936 0.948962 6.41143 -0.00307658 0.999141 0.0413334 0.203308 -0.949729 -0.0158593 0.312671 5.14945 
0.298124 -0.038803 0.953738 7.00107 -0.00200966 0.999146 0.0412786 0.227107 -0.954525 -0.0142228 0.297791 5.34301 
0.286459 -0.0402321 0.957247 7.62568 -0.00113724 0.999103 0.0423316 0.24906 -0.958092 -0.0132149 0.286157 5.5371 
0.275466 -0.0422969 0.96038 8.27275 -0.00222466 0.999001 0.044636 0.267239 -0.961308 -0.0144322 0.275096 5.73674 
0.264864 -0.043836 0.963289 8.9494 -0.00346115 0.998917 0.046409 0.295539 -0.96428 -0.0156261 0.264425 5.93184 
0.254801 -0.0456749 0.965914 9.65247 -0.00436461 0.998819 0.0483823 0.319725 -0.966984 -0.0165437 0.254301 6.12467 
0.244119 -0.0476387 0.968574 10.384 -0.00563292 0.998706 0.0505405 0.348348 -0.969729 -0.0177938 0.243535 6.33142 
0.233831 -0.0489648 0.971043 11.1298 -0.00572128 0.998645 0.0517343 0.384077 -0.97226 -0.0176527 0.233234 6.51621 
0.223505 -0.0502364 0.973407 11.8944 -0.00578286 0.998585 0.0528636 0.417244 -0.974686 -0.0174444 0.222898 6.70076 
0.212936 -0.0526787 0.975645 12.6745 -0.00702469 0.998437 0.0554426 0.457603 -0.977041 -0.0186593 0.212234 6.8822 
0.201421 -0.0563822 0.977881 13.463 -0.00884164 0.998197 0.0593748 0.491043 -0.979465 -0.0206054 0.200559 7.0565 
0.189228 -0.0599409 0.980102 14.2704 -0.00947084 0.997977 0.0628627 0.534168 -0.981888 -0.0211778 0.188278 7.22381 
0.17608 -0.0621935 0.982409 15.0741 -0.0099535 0.997839 0.0649543 0.568848 -0.984326 -0.0212156 0.17508 7.38132 
0.162251 -0.0626519 0.984759 15.8795 -0.0104308 0.997818 0.0652014 0.608404 -0.986694 -0.0208508 0.161243 7.52315 
0.147795 -0.0614111 0.98711 16.6864 -0.0113562 0.997899 0.0637827 0.647392 -0.988953 -0.0206365 0.146787 7.65242 
0.131066 -0.0604377 0.98953 17.502 -0.0120266 0.99797 0.0625462 0.684109 -0.991301 -0.0200984 0.130074 7.77115 
0.110898 -0.0590255 0.992077 18.3232 -0.0145934 0.99803 0.061011 0.717174 -0.993725 -0.0212438 0.109818 7.8713 
0.0849705 -0.0578245 0.994704 19.1462 -0.0190088 0.998039 0.0596422 0.749775 -0.996202 -0.0239759 0.0837047 7.9583 
0.0541116 -0.0576076 0.996872 19.9783 -0.0231575 0.997994 0.0589295 0.780185 -0.998266 -0.0262739 0.0526689 8.01894 
0.0206721 -0.0571249 0.998153 20.8183 -0.0263132 0.997989 0.0576606 0.816959 -0.99944 -0.0274566 0.0191274 8.04428 
-0.0141734 -0.0564568 0.998304 21.6593 -0.0282092 0.99803 0.0560408 0.848221 -0.999502 -0.0273671 -0.0157381 8.04091 
-0.0481633 -0.0554042 0.997302 22.5053 -0.0292674 0.99811 0.0540357 0.875562 -0.998411 -0.0265859 -0.0496938 8.00518 
-0.0811725 -0.053236 0.995277 23.3474 -0.0310897 0.998222 0.050858 0.905829 -0.996215 -0.0268146 -0.0826832 7.9411 
-0.113937 -0.0505335 0.992202 24.1872 -0.0334755 0.998334 0.0470018 0.928508 -0.992924 -0.0278592 -0.115438 7.85487 
-0.146502 -0.0457681 0.988151 25.0212 -0.0302974 0.998668 0.0417634 0.952296 -0.988746 -0.02382 -0.147693 7.73238 
-0.178073 -0.0399538 0.983206 25.8498 -0.0249549 0.999037 0.0360775 0.968269 -0.983701 -0.0181113 -0.178899 7.57829 
-0.208386 -0.0336501 0.977468 26.6682 -0.0186017 0.999364 0.0304383 0.978356 -0.97787 -0.0118396 -0.208879 7.3983 
-0.237257 -0.0277713 0.97105 27.4857 -0.0123902 0.999597 0.0255605 0.985799 -0.971368 -0.00596706 -0.237506 7.1935 
-0.264901 -0.0217825 0.96403 28.2926 -0.00334447 0.99976 0.0216708 0.98369 -0.96427 0.00251646 -0.26491 6.9614 
-0.290757 -0.010641 0.956738 29.0842 0.00446517 0.999912 0.0124782 0.972177 -0.956787 0.00790011 -0.290684 6.71287 
-0.316021 0.00471576 0.948741 29.8667 0.00852686 0.999961 -0.00213007 0.958162 -0.948714 0.00741663 -0.316049 6.45196 
-0.340769 0.0221086 0.939887 30.6364 0.0100579 0.999752 -0.0198701 0.933017 -0.940093 0.00268212 -0.340907 6.1797 
-0.365706 0.0370481 0.929993 31.3984 0.010195 0.999307 -0.0358003 0.902156 -0.930675 -0.00361108 -0.36583 5.88184 
-0.390006 0.047489 0.919587 32.138 0.014143 0.99886 -0.0455846 0.859936 -0.920704 -0.00477253 -0.390233 5.57776 
-0.413345 0.0514127 0.909122 32.8901 0.0169599 0.998666 -0.0487656 0.80795 -0.910417 -0.00473837 -0.413665 5.23631 
-0.43598 0.0510171 0.898509 33.631 0.0203079 0.998695 -0.0468517 0.754417 -0.899727 -0.00217958 -0.436448 4.8838 
-0.455942 0.04674 0.888781 34.3655 0.0236588 0.998904 -0.0403943 0.705086 -0.889695 0.00261002 -0.456548 4.5043 
-0.473407 0.0455288 0.879666 35.0855 0.0313301 0.998902 -0.0348392 0.654662 -0.880286 0.0110669 -0.474314 4.10562 
-0.487167 0.0459274 0.872101 35.7872 0.0330181 0.998871 -0.0341591 0.611186 -0.872685 0.0121539 -0.488133 3.72232 
-0.498143 0.0501214 0.865645 36.4828 0.0371453 0.998645 -0.0364466 0.566329 -0.866299 0.013999 -0.49933 3.32432 
-0.508001 0.0524406 0.859759 37.1736 0.0372891 0.998548 -0.0388731 0.523799 -0.860549 0.012312 -0.509219 2.92434 
-0.518842 0.0517185 0.853304 37.855 0.031128 0.998649 -0.0416007 0.47591 -0.854303 0.0049774 -0.519751 2.53163 
-0.530053 0.0502084 0.846477 38.5264 0.0302898 0.99873 -0.0402721 0.428475 -0.847423 0.00429326 -0.5309 2.13822 
-0.538614 0.0515131 0.840977 39.2109 0.0319973 0.99866 -0.0406787 0.390897 -0.841945 0.00499883 -0.53954 1.70229 
-0.54563 0.0546075 0.836245 39.8949 0.0353206 0.998487 -0.0421562 0.340947 -0.837281 0.00653499 -0.546733 1.25859 
-0.549058 0.0573625 0.833814 40.5762 0.0365625 0.998335 -0.0446047 0.293567 -0.834984 0.00599577 -0.550241 0.821797 
-0.548897 0.0596409 0.833759 41.2835 0.0361372 0.998212 -0.047614 0.250591 -0.835108 0.00399455 -0.550071 0.372484 
-0.545694 0.0596663 0.835858 42.0215 0.037457 0.998202 -0.046801 0.204099 -0.837147 0.00576969 -0.546948 -0.0980159 
-0.53986 0.0586392 0.83971 42.7729 0.0351462 0.998271 -0.047116 0.162208 -0.841021 0.00407662 -0.540987 -0.564168 
-0.533172 0.0572403 0.844068 43.5401 0.0327544 0.998357 -0.0470134 0.110632 -0.845373 0.00258073 -0.534171 -1.01883 
-0.526126 0.0569306 0.848499 44.3193 0.0313548 0.998377 -0.0475447 0.0599528 -0.849828 0.00158997 -0.527058 -1.47463 
-0.519931 0.0555644 0.852399 45.1126 0.0285499 0.998455 -0.0476708 0.00792858 -0.853731 -0.000449582 -0.520714 -1.92775 
-0.515764 0.0532378 0.855075 45.9429 0.0237317 0.998572 -0.0478576 -0.0430356 -0.856402 -0.00439085 -0.516291 -2.40586 
-0.514856 0.0505107 0.855788 46.7732 0.0194274 0.998694 -0.0472575 -0.0951974 -0.857057 -0.00770504 -0.515165 -2.86372 
-0.515063 0.0479861 0.855808 47.6228 0.0166839 0.998804 -0.0459629 -0.155541 -0.85699 -0.00939563 -0.515247 -3.34976 
-0.516343 0.0469575 0.855094 48.4978 0.0152023 0.998841 -0.0456716 -0.210041 -0.856247 -0.0105828 -0.516458 -3.83941 
-0.516919 0.04593 0.854801 49.3618 0.0154555 0.998898 -0.0443262 -0.275709 -0.855895 -0.00970169 -0.517059 -4.33861 
-0.517562 0.0453362 0.854444 50.2328 0.0150832 0.998924 -0.0438659 -0.332366 -0.855513 -0.00981558 -0.517689 -4.83434 
-0.518103 0.0445032 0.85416 51.1065 0.0149114 0.998964 -0.043003 -0.386377 -0.855188 -0.00954325 -0.51823 -5.33216 
-0.518736 0.0438705 0.853808 52.0106 0.0137609 0.998982 -0.0429693 -0.445156 -0.854824 -0.0105405 -0.518811 -5.85005 
-0.5193 0.0421352 0.853553 52.922 0.011462 0.999037 -0.0423434 -0.504728 -0.854515 -0.0122055 -0.519283 -6.36823 
-0.519371 0.0415555 0.853538 53.81 0.011286 0.999063 -0.041773 -0.564677 -0.854474 -0.0120626 -0.519353 -6.88385 
-0.519231 0.0407442 0.853662 54.6862 0.0101272 0.999086 -0.0415253 -0.627884 -0.854574 -0.0129161 -0.519169 -7.38191 
-0.517936 0.0390243 0.854529 55.5699 0.00958589 0.999161 -0.0398192 -0.69279 -0.855366 -0.0124324 -0.517875 -7.89346 
-0.516618 0.0369767 0.855417 56.4588 0.00959418 0.999254 -0.0373999 -0.749449 -0.856162 -0.0111145 -0.516588 -8.38816 
-0.514523 0.035355 0.856747 57.3307 0.00913861 0.999319 -0.0357502 -0.805765 -0.857428 -0.0105648 -0.514496 -8.88429 
-0.512509 0.0350548 0.857966 58.2165 0.00935671 0.999335 -0.0352415 -0.866213 -0.858631 -0.0100339 -0.512496 -9.38372 
-0.510753 0.035231 0.859006 59.0997 0.00985245 0.999334 -0.0351282 -0.926449 -0.859671 -0.00947854 -0.51076 -9.88338 
-0.510302 0.0357594 0.859252 59.971 0.00891841 0.999302 -0.0362912 -0.975755 -0.859949 -0.0108563 -0.510264 -10.37 
-0.511451 0.0369917 0.858516 60.8585 0.00830151 0.999239 -0.0381096 -1.03871 -0.859273 -0.0123642 -0.511369 -10.8693 
-0.514717 0.0386868 0.856487 61.7338 0.00701456 0.999138 -0.0409147 -1.09751 -0.857332 -0.0150516 -0.514545 -11.3637 
-0.519971 0.0391071 0.853288 62.5955 0.00583469 0.999091 -0.0422339 -1.15465 -0.854164 -0.0169817 -0.519727 -11.843 
-0.525468 0.0376251 0.849981 63.4759 0.0069368 0.999178 -0.039941 -1.21781 -0.850785 -0.0150916 -0.525297 -12.3646 
-0.531154 0.0353642 0.846537 64.3544 0.00779659 0.99929 -0.0368535 -1.27497 -0.847239 -0.0129748 -0.531053 -12.8889 
-0.53667 0.0327431 0.843157 65.2184 0.00495259 0.999352 -0.0356564 -1.33492 -0.843778 -0.0149599 -0.536484 -13.4097 
-0.541992 0.0357136 0.839625 66.0735 0.0061182 0.999238 -0.0385534 -1.3925 -0.840361 -0.0157586 -0.541797 -13.9315 
-0.547277 0.0371547 0.836126 66.8985 0.00703377 0.999183 -0.0397965 -1.45311 -0.836922 -0.0158986 -0.547091 -14.4466 
-0.551826 0.0383077 0.833079 67.7268 0.00606224 0.999102 -0.0419263 -1.50825 -0.833937 -0.0180857 -0.551563 -14.9729 
-0.555365 0.0385582 0.830712 68.551 0.00519928 0.999066 -0.0428965 -1.5657 -0.831591 -0.0195041 -0.555047 -15.5064 
-0.558685 0.0378655 0.828515 69.3638 0.00574675 0.99911 -0.0417869 -1.62138 -0.82936 -0.0185845 -0.558405 -16.037 
-0.561018 0.0313819 0.827209 70.1869 0.00650888 0.999418 -0.0335006 -1.6723 -0.827778 -0.0134103 -0.560895 -16.5793 
-0.563015 0.0230022 0.826127 71.0121 0.00679418 0.999708 -0.023205 -1.73027 -0.826419 -0.0074519 -0.563006 -17.1303 
-0.564435 0.0216471 0.825193 71.8204 0.0078794 0.999752 -0.0208367 -1.77286 -0.82544 -0.00525893 -0.564466 -17.6637 
-0.565692 0.0258473 0.824212 72.6172 0.0073476 0.999627 -0.0263054 -1.8121 -0.824584 -0.00882477 -0.565671 -18.189 
-0.566851 0.0324221 0.823182 73.4129 0.00909331 0.999411 -0.0331013 -1.85325 -0.82377 -0.0112781 -0.566812 -18.7218 
-0.567417 0.0361036 0.822639 74.2081 0.0138961 0.999316 -0.0342726 -1.89514 -0.823313 -0.00801539 -0.567531 -19.2522 
-0.567656 0.0377273 0.822401 74.9999 0.0172958 0.999275 -0.0339031 -1.94296 -0.823084 -0.00502124 -0.567897 -19.7828 
-0.567108 0.0344483 0.822923 75.7939 0.0153779 0.999394 -0.031238 -1.98382 -0.8235 -0.00506049 -0.567294 -20.3167 
-0.566293 0.0300782 0.823655 76.5814 0.0142906 0.999542 -0.0266759 -2.02381 -0.82408 -0.00333588 -0.566464 -20.8419 
-0.565496 0.0230296 0.824429 77.3747 0.0105229 0.99973 -0.0207085 -2.06612 -0.824684 -0.00303519 -0.565586 -21.3622 
-0.565235 0.0174099 0.824746 78.1663 0.00193194 0.999803 -0.0197812 -2.10455 -0.824928 -0.00958766 -0.565157 -21.8647 
-0.56344 0.0124132 0.826064 78.9603 -0.00548235 0.999809 -0.0187634 -2.13534 -0.826139 -0.0151008 -0.563265 -22.3725 
-0.561735 0.0133038 0.82721 79.7449 -0.00232827 0.999841 -0.0176612 -2.16994 -0.827314 -0.0118469 -0.561615 -22.8829 
-0.558813 0.0164473 0.829131 80.5286 0.00173766 0.999824 -0.0186622 -2.21015 -0.829292 -0.00898792 -0.558743 -23.3924 
-0.553485 0.019802 0.832623 81.3116 0.00379608 0.999767 -0.0212536 -2.2424 -0.83285 -0.00860288 -0.553432 -23.8957 
-0.545642 0.0221268 0.837726 82.0995 0.00835272 0.999745 -0.0209658 -2.27393 -0.837977 -0.00444253 -0.545688 -24.402 
-0.537792 0.0254727 0.842693 82.8947 0.0154257 0.999673 -0.0203734 -2.31156 -0.842937 0.00204249 -0.538009 -24.8985 
-0.528227 0.0245886 0.848747 83.6991 0.0127789 0.999698 -0.0210086 -2.34501 -0.849007 -0.00025125 -0.528381 -25.3785 
-0.517414 0.0224515 0.855441 84.5041 0.0106162 0.999747 -0.0198177 -2.37646 -0.855669 -0.00117238 -0.517522 -25.8377 
-0.506065 0.0193887 0.862278 85.3169 0.0112248 0.999811 -0.0158934 -2.41367 -0.862422 0.00163581 -0.506187 -26.2896 
-0.49527 0.0189472 0.868533 86.1303 0.0107478 0.999819 -0.0156825 -2.44481 -0.868673 0.00156773 -0.495384 -26.7286 
-0.483797 0.0182162 0.87499 86.9454 0.0108803 0.999831 -0.0147992 -2.47011 -0.875112 0.00236036 -0.483914 -27.1506 
-0.471586 0.0195951 0.881603 87.7656 0.0129752 0.999799 -0.0152815 -2.50301 -0.881725 0.00423248 -0.471745 -27.5765 
-0.460059 0.0234256 0.887579 88.5967 0.0132084 0.999722 -0.019539 -2.54375 -0.88779 0.00273442 -0.460241 -27.9815 
-0.44834 0.0328612 0.893259 89.4172 0.0159341 0.999459 -0.0287705 -2.57822 -0.893721 0.00133431 -0.448621 -28.3823 
-0.436067 0.0377701 0.899121 90.2555 0.016359 0.999286 -0.0340438 -2.61583 -0.899765 -0.000136627 -0.436374 -28.7651 
-0.424683 0.0344375 0.904687 91.1039 0.0146466 0.999407 -0.0311676 -2.66051 -0.905224 1.42455e-05 -0.424935 -29.1437 
-0.413047 0.0308103 0.910189 91.9477 0.012993 0.999525 -0.0279381 -2.7058 -0.910617 0.000286324 -0.413251 -29.5085 
-0.403609 0.0317352 0.914381 92.7839 0.0104539 0.999493 -0.0300747 -2.75178 -0.914872 -0.00257959 -0.403736 -29.851 
-0.397008 0.0357811 0.917117 93.6218 0.00522938 0.999312 -0.0367241 -2.80151 -0.9178 -0.00978381 -0.396922 -30.1861 
-0.392386 0.0404323 0.918912 94.4477 -0.00120298 0.99901 -0.0444703 -2.8482 -0.9198 -0.0185549 -0.391948 -30.5078 
-0.388884 0.0422703 0.920317 95.2869 -0.00405256 0.998859 -0.0475901 -2.90342 -0.921278 -0.0222367 -0.388269 -30.8402 
-0.385142 0.0419799 0.921902 96.1268 -0.00555196 0.998841 -0.0478029 -2.9595 -0.92284 -0.0235293 -0.384463 -31.1719 
-0.380038 0.0421387 0.924011 96.9577 -0.00601012 0.998828 -0.0480225 -3.01703 -0.924952 -0.0238038 -0.379339 -31.4953 
-0.374258 0.0377661 0.926555 97.7958 -0.00914013 0.998972 -0.0444097 -3.07396 -0.927279 -0.0250895 -0.373528 -31.8126 
-0.369159 0.0340739 0.928742 98.6431 -0.00921008 0.999145 -0.0403177 -3.12995 -0.929321 -0.0234374 -0.368529 -32.1272 
-0.363332 0.0314336 0.931129 99.4983 -0.0107367 0.999223 -0.0379219 -3.18137 -0.931598 -0.0237755 -0.362713 -32.4371 
-0.357644 0.0295659 0.93339 100.343 -0.0195186 0.999044 -0.0391244 -3.23031 -0.933654 -0.0322111 -0.356725 -32.7315 
-0.351703 0.0297346 0.935639 101.191 -0.0269292 0.99876 -0.0418631 -3.27853 -0.935724 -0.0399194 -0.350466 -33.015 
-0.344961 0.0338682 0.938006 102.031 -0.0255733 0.998639 -0.0454622 -3.3324 -0.938269 -0.0396706 -0.343625 -33.3074 
-0.338024 0.0369372 0.940412 102.873 -0.0238025 0.998574 -0.0477773 -3.38814 -0.940836 -0.0385341 -0.336663 -33.5934 
-0.332019 0.035217 0.942615 103.735 -0.025193 0.998615 -0.0461829 -3.43816 -0.942936 -0.0390809 -0.330672 -33.8681 
-0.325202 0.0306257 0.945149 104.594 -0.0259169 0.998811 -0.0412818 -3.49102 -0.945289 -0.0379202 -0.324022 -34.1399 
-0.318429 0.0278635 0.947537 105.45 -0.0275369 0.998874 -0.0386272 -3.54554 -0.947547 -0.0383923 -0.317303 -34.4057 
-0.312054 0.0310814 0.949556 106.302 -0.0294542 0.998668 -0.0423685 -3.59471 -0.949608 -0.0411896 -0.310723 -34.6657 
-0.305832 0.0339059 0.951482 107.162 -0.0286726 0.998584 -0.0448005 -3.64492 -0.951654 -0.0409829 -0.304427 -34.9203 
-0.298992 0.0342702 0.95364 108.016 -0.0313001 0.998465 -0.0456944 -3.6992 -0.953742 -0.0435113 -0.29746 -35.1654 
-0.292525 0.0335666 0.955669 108.879 -0.0314379 0.998506 -0.0446942 -3.75794 -0.955741 -0.0431183 -0.291033 -35.4008 
-0.284288 0.0333657 0.958158 109.731 -0.0272418 0.99871 -0.0428604 -3.81609 -0.958352 -0.0382867 -0.283012 -35.639 
-0.276704 0.0343356 0.960342 110.591 -0.024662 0.998779 -0.0428157 -3.87165 -0.960639 -0.0355312 -0.275519 -35.8718 
-0.270207 0.0345493 0.962182 111.449 -0.0242728 0.998794 -0.0426804 -3.92619 -0.962496 -0.0348874 -0.269042 -36.0958 
-0.263654 0.0334097 0.964039 112.31 -0.0307027 0.998603 -0.0430044 -3.97536 -0.964129 -0.0409368 -0.26226 -36.303 
-0.257774 0.0316253 0.965688 113.193 -0.034952 0.998505 -0.0420298 -4.0267 -0.965573 -0.0445869 -0.256283 -36.5069 
-0.253599 0.0316989 0.96679 114.062 -0.0324362 0.998622 -0.041251 -4.07742 -0.966765 -0.0418202 -0.252222 -36.7109 
-0.248893 0.0318828 0.968006 114.931 -0.030551 0.998702 -0.0407491 -4.13529 -0.968049 -0.0397157 -0.247596 -36.916 
-0.244268 0.0334018 0.969132 115.802 -0.0296135 0.998684 -0.0418843 -4.18354 -0.969255 -0.0389304 -0.242958 -37.1174 
-0.238355 0.0323186 0.97064 116.673 -0.0237121 0.998955 -0.0390842 -4.23267 -0.970889 -0.0323318 -0.237339 -37.3193 
-0.233019 0.0313338 0.971967 117.542 -0.0161331 0.999219 -0.03608 -4.28263 -0.972338 -0.0240882 -0.232331 -37.5206 
-0.227923 0.0301076 0.973214 118.419 -0.0143631 0.999309 -0.0342786 -4.33736 -0.973573 -0.0217913 -0.227333 -37.7143 
-0.223996 0.0318526 0.974069 119.296 -0.0161844 0.999206 -0.0363963 -4.38258 -0.974456 -0.0239174 -0.223303 -37.8932 
-0.220471 0.0337373 0.97481 120.163 -0.0177107 0.999098 -0.0385834 -4.42763 -0.975233 -0.025771 -0.219675 -38.0673 
-0.218686 0.0333588 0.975225 121.037 -0.0200142 0.999052 -0.0386618 -4.47512 -0.97559 -0.0279731 -0.217811 -38.2409 
-0.217449 0.0319821 0.975548 121.906 -0.0204248 0.999095 -0.0373067 -4.52646 -0.975858 -0.0280377 -0.216599 -38.419 
-0.216478 0.0276666 0.975895 122.787 -0.0191564 0.999286 -0.0325791 -4.57098 -0.9761 -0.0257473 -0.215793 -38.6004 
-0.215399 0.0223233 0.976271 123.658 -0.0199479 0.99943 -0.027254 -4.61879 -0.976322 -0.025345 -0.214831 -38.7734 
-0.214582 0.0204205 0.976493 124.524 -0.0199139 0.999482 -0.0252772 -4.65943 -0.976503 -0.0248698 -0.214064 -38.9478 
-0.213276 0.0250879 0.97667 125.368 -0.0200389 0.999348 -0.0300463 -4.70219 -0.976787 -0.0259795 -0.212634 -39.1145 
-0.213782 0.02884 0.976456 126.217 -0.020727 0.999205 -0.0340497 -4.74118 -0.976661 -0.0275182 -0.213015 -39.2753 
-0.213691 0.027984 0.9765 127.074 -0.0242979 0.999128 -0.0339496 -4.7819 -0.976599 -0.0309816 -0.212825 -39.4417 
-0.213109 0.0270333 0.976654 127.919 -0.0261473 0.999101 -0.03336 -4.82863 -0.976679 -0.0326462 -0.21221 -39.6087 
-0.212266 0.0276051 0.976822 128.762 -0.021469 0.999228 -0.0329035 -4.87763 -0.976976 -0.0279557 -0.211509 -39.7812 
-0.211285 0.0303411 0.976953 129.6 -0.0235223 0.999071 -0.0361151 -4.91468 -0.977141 -0.0306108 -0.210375 -39.9468 
-0.211931 0.0311349 0.976789 130.438 -0.0326884 0.998707 -0.0389258 -4.95995 -0.976738 -0.0401793 -0.210639 -40.0941 
-0.211506 0.0323525 0.976841 131.266 -0.0385133 0.9984 -0.0414055 -5.01124 -0.976618 -0.0463789 -0.209922 -40.2467 
-0.21127 0.0360335 0.976763 132.094 -0.0351458 0.998394 -0.0444333 -5.06212 -0.976796 -0.0437165 -0.209665 -40.4116 
-0.210667 0.0372766 0.976847 132.925 -0.0335975 0.998406 -0.0453449 -5.11442 -0.97698 -0.0423723 -0.209079 -40.5777 
-0.209075 0.0382953 0.97715 133.735 -0.0343557 0.998328 -0.0464762 -5.16857 -0.977296 -0.0432876 -0.20741 -40.729 
-0.207363 0.0370698 0.977562 134.545 -0.0274385 0.998668 -0.0436905 -5.2256 -0.977879 -0.0358826 -0.20607 -40.8904 
-0.203723 0.0341363 0.978433 135.352 -0.0219177 0.998982 -0.0394167 -5.27701 -0.978783 -0.0294751 -0.202767 -41.0566 
-0.201158 0.0292975 0.979121 136.171 -0.0159647 0.999322 -0.0331818 -5.33394 -0.979429 -0.0223061 -0.200553 -41.2221 
-0.197775 0.0283664 0.979837 136.956 -0.0145441 0.999386 -0.0318679 -5.38624 -0.98014 -0.0205535 -0.197241 -41.3652 
-0.193116 0.0334671 0.980605 137.748 -0.0140849 0.999221 -0.0368762 -5.42994 -0.981075 -0.0209331 -0.192494 -41.5066 
-0.186228 0.037009 0.981809 138.543 -0.0123025 0.999124 -0.0399951 -5.47072 -0.98243 -0.0195269 -0.185609 -41.6451 
-0.178334 0.0376142 0.983251 139.339 -0.0127176 0.999098 -0.040527 -5.51151 -0.983888 -0.019732 -0.177695 -41.7711 
-0.16895 0.0332021 0.985065 140.139 -0.0108256 0.99931 -0.0355389 -5.55873 -0.985565 -0.0166682 -0.168474 -41.8909 
-0.156888 0.0318368 0.987103 140.932 -0.00622486 0.999429 -0.0332237 -5.60366 -0.987597 -0.011357 -0.1566 -42.006 
-0.143096 0.0344497 0.989109 141.718 -0.00222393 0.99938 -0.0351291 -5.64222 -0.989706 -0.00722656 -0.142931 -42.1077 
-0.128888 0.0359643 0.991007 142.5 -0.00226311 0.999329 -0.0365606 -5.68135 -0.991657 -0.00695497 -0.12872 -42.1971 
-0.114798 0.0358862 0.99274 143.288 0.000310645 0.999349 -0.0360891 -5.72523 -0.993389 -0.00383457 -0.114735 -42.2751 
-0.101427 0.0378333 0.994123 144.067 0.00138768 0.999281 -0.037888 -5.7689 -0.994842 -0.00246332 -0.101406 -42.3394 
-0.0878495 0.0439654 0.995163 144.829 -0.00158667 0.999018 -0.0442758 -5.82045 -0.996133 -0.0054686 -0.0876935 -42.3843 
-0.0750673 0.0528308 0.995778 145.594 -0.00937039 0.998514 -0.0536823 -5.87058 -0.997134 -0.0133606 -0.0744607 -42.4137 
-0.061283 0.0606941 0.996273 146.352 -0.0130638 0.998015 -0.0616037 -5.92231 -0.998035 -0.0167904 -0.0603685 -42.4361 
-0.0482583 0.0613025 0.996952 147.117 -0.0137265 0.99798 -0.0620301 -5.97529 -0.998741 -0.0166782 -0.0473193 -42.455 
-0.0362912 0.0576457 0.997677 147.887 -0.0180628 0.998134 -0.0583291 -6.03044 -0.999178 -0.0201377 -0.0351822 -42.4626 
-0.0256676 0.0553863 0.998135 148.646 -0.0222414 0.998185 -0.055961 -6.09009 -0.999423 -0.0236363 -0.0243891 -42.4575 
-0.0169077 0.0617893 0.997946 149.399 -0.026467 0.997711 -0.0622231 -6.15149 -0.999507 -0.0274646 -0.0152336 -42.4475 
-0.0100568 0.0694993 0.997531 150.148 -0.0292229 0.997135 -0.0697662 -6.21037 -0.999522 -0.0298524 -0.00799704 -42.4369 
-0.00708621 0.0724663 0.997346 150.897 -0.032613 0.996823 -0.07266 -6.26567 -0.999443 -0.0330414 -0.00470036 -42.4214 
-0.00667114 0.0677204 0.997682 151.655 -0.0342596 0.997103 -0.0679102 -6.32933 -0.999391 -0.0346332 -0.00433174 -42.4139 
-0.00840879 0.0633342 0.997957 152.402 -0.0357391 0.997336 -0.0635958 -6.39729 -0.999326 -0.0362008 -0.00612288 -42.403 
-0.0109619 0.0606716 0.998098 153.154 -0.0338768 0.997562 -0.061011 -6.45276 -0.999366 -0.0344811 -0.00887981 -42.4029 
-0.0138853 0.0608441 0.998051 153.896 -0.0320044 0.997608 -0.0612624 -6.50661 -0.999391 -0.0327927 -0.0119048 -42.4024 
-0.0172013 0.0608866 0.997997 154.64 -0.0299786 0.997664 -0.061383 -6.56679 -0.999403 -0.0309744 -0.0153359 -42.4081 
-0.0219713 0.0592108 0.998004 155.384 -0.0314968 0.997708 -0.0598866 -6.62541 -0.999262 -0.0327497 -0.020056 -42.4064 
-0.0276567 0.0594365 0.997849 156.113 -0.0319553 0.997668 -0.0603114 -6.67846 -0.999107 -0.0335545 -0.0256929 -42.4068 
-0.0332898 0.0573303 0.9978 156.855 -0.0334592 0.99773 -0.0584425 -6.73324 -0.998886 -0.0353312 -0.031296 -42.4243 
-0.0388684 0.0549129 0.997734 157.591 -0.030937 0.997944 -0.0561296 -6.78927 -0.998765 -0.0330486 -0.0370897 -42.4464 
-0.0445401 0.0549568 0.997495 158.321 -0.0319226 0.997898 -0.0564043 -6.84157 -0.998497 -0.0343549 -0.0426921 -42.4646 
-0.0497429 0.0561288 0.997184 159.046 -0.0334844 0.997765 -0.0578318 -6.89384 -0.998201 -0.0362668 -0.0477523 -42.4868 
-0.0541794 0.0586155 0.996809 159.777 -0.0340898 0.997585 -0.0605139 -6.94795 -0.997949 -0.0372597 -0.0520503 -42.505 
-0.0563766 0.0609769 0.996546 160.496 -0.0341147 0.997433 -0.0629611 -7.00456 -0.997827 -0.0375464 -0.0541516 -42.5379 
-0.0579465 0.0623102 0.996373 161.208 -0.0316028 0.997436 -0.0642146 -7.05807 -0.997819 -0.0352092 -0.0558287 -42.5688 
-0.0572047 0.0608014 0.996509 161.918 -0.028432 0.99764 -0.0625025 -7.11303 -0.997958 -0.0319082 -0.055341 -42.6019 
-0.0528282 0.0572606 0.996961 162.63 -0.0262234 0.997931 -0.0587059 -7.16919 -0.998259 -0.029245 -0.0512173 -42.6338 
-0.0453058 0.0572607 0.997331 163.328 -0.0249826 0.997979 -0.0584328 -7.22416 -0.998661 -0.0275632 -0.0437837 -42.6525 
-0.0342148 0.0579496 0.997733 164.022 -0.0224646 0.998021 -0.0587366 -7.27743 -0.999162 -0.0244234 -0.0328452 -42.6615 
-0.0199839 0.0584388 0.998091 164.712 -0.0202255 0.998062 -0.0588421 -7.32667 -0.999596 -0.0213628 -0.0187632 -42.6613 
-0.00422924 0.0559907 0.998422 165.402 -0.0209411 0.998207 -0.0560673 -7.37638 -0.999772 -0.0211452 -0.00304915 -42.6476 
0.0116408 0.0514321 0.998609 166.086 -0.0259453 0.998356 -0.0511166 -7.42361 -0.999596 -0.0253142 0.0129561 -42.6118 
0.0280623 0.0449548 0.998595 166.77 -0.0273503 0.998649 -0.0441886 -7.46805 -0.999232 -0.0260718 0.0292539 -42.5714 
0.0453397 0.037666 0.998261 167.448 -0.0275667 0.998956 -0.0364402 -7.5072 -0.998591 -0.0258665 0.0463307 -42.5228 
0.0630942 0.0301516 0.997552 168.123 -0.0285284 0.99919 -0.0283966 -7.54324 -0.9976 -0.0266669 0.0639032 -42.4617 
0.0800906 0.0242631 0.996492 168.788 -0.0300174 0.999309 -0.0219191 -7.57652 -0.996336 -0.0281566 0.0807636 -42.385 
0.0983551 0.0219613 0.994909 169.444 -0.0307822 0.999345 -0.0190161 -7.60769 -0.994675 -0.0287552 0.0989667 -42.3011 
0.116184 0.0203861 0.993018 170.095 -0.0292161 0.999427 -0.0170993 -7.63201 -0.992798 -0.0270254 0.116713 -42.2079 
0.133286 0.0200363 0.990875 170.73 -0.030524 0.999404 -0.0161028 -7.65095 -0.990608 -0.0280992 0.133818 -42.099 
0.149339 0.0192296 0.988599 171.365 -0.0356199 0.999267 -0.0140563 -7.6695 -0.988144 -0.0331146 0.149914 -41.9766 
0.164134 0.0155656 0.986315 172 -0.0376514 0.999246 -0.00950393 -7.69137 -0.985719 -0.0355762 0.164597 -41.8493 
0.176659 0.0117216 0.984202 172.626 -0.0339644 0.999406 -0.00580625 -7.70807 -0.983686 -0.0324021 0.176952 -41.7251 
0.187387 0.0105096 0.98223 173.243 -0.0315245 0.999492 -0.00468007 -7.72352 -0.98178 -0.0300874 0.187623 -41.5941 
0.197626 0.0143535 0.980173 173.85 -0.0359324 0.999327 -0.00738915 -7.74213 -0.979619 -0.0337597 0.198008 -41.4522 
0.206712 0.0214716 0.978166 174.447 -0.0400825 0.999106 -0.0134608 -7.76063 -0.977581 -0.0364248 0.207387 -41.3033 
0.216162 0.0315999 0.975846 175.039 -0.0402114 0.998916 -0.0234396 -7.77841 -0.975529 -0.0341733 0.217198 -41.1604 
0.224734 0.0372123 0.973709 175.63 -0.034248 0.998955 -0.0302726 -7.79455 -0.973818 -0.0265443 0.225773 -41.0213 
0.23126 0.0352227 0.972254 176.23 -0.033077 0.999051 -0.0283258 -7.81181 -0.97233 -0.0256086 0.232206 -40.8656 
0.237203 0.0277982 0.971062 176.841 -0.0360553 0.999154 -0.019795 -7.83022 -0.970791 -0.0303165 0.238005 -40.6953 
0.24168 0.017301 0.970202 177.455 -0.0408646 0.999136 -0.0076374 -7.85212 -0.969495 -0.0378011 0.242178 -40.5195 
0.243958 0.00909211 0.969743 178.069 -0.0409333 0.999161 0.000929697 -7.87366 -0.968922 -0.0399216 0.244125 -40.3504 
0.244735 0.00876017 0.969551 178.677 -0.037863 0.999283 0.000528642 -7.88477 -0.968851 -0.0368394 0.244891 -40.1857 
0.24631 0.0103851 0.969136 179.276 -0.0340918 0.999417 -0.00204492 -7.90007 -0.968591 -0.0325359 0.24652 -40.0332 
0.247863 0.00998105 0.968744 179.884 -0.0308796 0.99952 -0.00239725 -7.90433 -0.968303 -0.0293202 0.248052 -39.8668 
0.249668 0.00766403 0.968301 180.496 -0.0322909 0.999478 0.000415169 -7.91146 -0.967793 -0.031371 0.249785 -39.694 
0.252502 0.00401463 0.967588 181.111 -0.0324043 0.999466 0.00430938 -7.91785 -0.967054 -0.0324421 0.252497 -39.52 
0.255514 -0.0011183 0.966805 181.729 -0.0322571 0.999433 0.00968122 -7.92537 -0.966267 -0.03366 0.255333 -39.3442 
0.259939 -0.00385372 0.965617 182.341 -0.0309223 0.999446 0.0123129 -7.9284 -0.96513 -0.0330597 0.259676 -39.1649 
0.266402 -0.00603569 0.963843 182.968 -0.0291722 0.999472 0.0143219 -7.92638 -0.96342 -0.0319329 0.266085 -38.9799 
0.274294 -0.00909108 0.961603 183.595 -0.027673 0.999467 0.0173427 -7.92458 -0.961248 -0.0313674 0.273896 -38.7864 
0.283992 -0.0111737 0.958762 184.219 -0.025018 0.999505 0.0190591 -7.9304 -0.9585 -0.0293989 0.283572 -38.5856 
0.295207 -0.00936392 0.955388 184.839 -0.0262646 0.999495 0.0179118 -7.93518 -0.955072 -0.0303806 0.294812 -38.3743 
0.306853 -0.00598434 0.951738 185.46 -0.0274414 0.999509 0.0151322 -7.9397 -0.951361 -0.0307604 0.306538 -38.1556 
0.319264 -0.00292322 0.947661 186.09 -0.0284349 0.999515 0.0126628 -7.93892 -0.947239 -0.0309894 0.319026 -37.9374 
0.331317 -0.00278727 0.943516 186.723 -0.0265474 0.999572 0.0122751 -7.93518 -0.943146 -0.0291149 0.331101 -37.7062 
0.342635 -0.00587134 0.93945 187.35 -0.0259665 0.999539 0.0157174 -7.93436 -0.93911 -0.0297796 0.342325 -37.4572 
0.353408 -0.00719298 0.935442 187.974 -0.0273319 0.999464 0.0180113 -7.93679 -0.93507 -0.0319328 0.353022 -37.1942 
0.364778 -0.00775098 0.931062 188.606 -0.0287993 0.999393 0.0196031 -7.93422 -0.930649 -0.0339647 0.364334 -36.9207 
0.37431 -0.00899907 0.92726 189.242 -0.0327088 0.999203 0.022901 -7.93076 -0.926727 -0.0389016 0.373717 -36.637 
0.381466 -0.00826269 0.924346 189.871 -0.0363775 0.999051 0.0239431 -7.92779 -0.923667 -0.0427589 0.380804 -36.3576 
0.386224 -0.0114086 0.922334 190.516 -0.0364292 0.998955 0.0276109 -7.92578 -0.921685 -0.0442639 0.385405 -36.0767 
0.388638 -0.0152315 0.921265 191.169 -0.0329855 0.998992 0.0304317 -7.91324 -0.9208 -0.0422153 0.387744 -35.7912 
0.388959 -0.0144799 0.921141 191.817 -0.0286713 0.999202 0.0278138 -7.90371 -0.920809 -0.0372287 0.388234 -35.5113 
0.387708 -0.014032 0.921676 192.48 -0.0274785 0.999264 0.0267723 -7.897 -0.921373 -0.0357061 0.387037 -35.2195 
0.387136 -0.0129469 0.921932 193.153 -0.0238089 0.999428 0.024033 -7.88658 -0.921715 -0.0312542 0.386606 -34.9278 
0.386955 -0.014961 0.921977 193.834 -0.020387 0.999485 0.0247753 -7.87547 -0.921873 -0.0283833 0.386451 -34.6375 
0.386108 -0.0210112 0.922214 194.528 -0.0171238 0.999405 0.0299392 -7.86766 -0.922295 -0.0273516 0.385518 -34.3385 
0.384817 -0.0234621 0.922695 195.21 -0.0172893 0.999318 0.0326212 -7.85538 -0.922831 -0.0285059 0.384149 -34.0404 
0.383391 -0.0260749 0.923218 195.905 -0.0161131 0.99926 0.0349141 -7.84443 -0.923446 -0.0282616 0.382687 -33.7423 
0.382182 -0.0261835 0.923716 196.589 -0.0169916 0.99923 0.0353542 -7.82987 -0.923931 -0.0292072 0.381443 -33.4474 
0.380289 -0.0262593 0.924495 197.274 -0.0187559 0.999172 0.0360958 -7.81628 -0.924677 -0.0310666 0.379482 -33.1506 
0.378662 -0.0252309 0.925191 197.969 -0.019652 0.999184 0.0352919 -7.80645 -0.925326 -0.0315455 0.377857 -32.8541 
0.377258 -0.0218736 0.92585 198.655 -0.0187378 0.999336 0.0312449 -7.79654 -0.925919 -0.0291357 0.376597 -32.5585 
0.37692 -0.01589 0.92611 199.346 -0.018572 0.999522 0.0247084 -7.78276 -0.92606 -0.0265128 0.376445 -32.2705 
0.375752 -0.0128189 0.926632 200.037 -0.0210371 0.999529 0.022358 -7.76937 -0.926481 -0.0278947 0.375305 -31.9787 
0.374363 -0.015914 0.927146 200.728 -0.021631 0.999431 0.0258889 -7.76343 -0.92703 -0.029747 0.373805 -31.6861 
0.373342 -0.0189514 0.9275 201.417 -0.0230915 0.999292 0.0297132 -7.75435 -0.927406 -0.0325105 0.37264 -31.3931 
0.370917 -0.018274 0.928486 202.11 -0.0269279 0.999174 0.0304226 -7.74711 -0.928275 -0.0362864 0.370119 -31.1045 
0.366127 -0.0182197 0.930386 202.81 -0.0293701 0.999084 0.0311228 -7.73605 -0.930101 -0.0387205 0.365257 -30.8089 
0.359534 -0.0195089 0.932928 203.502 -0.0292087 0.999056 0.0321484 -7.72283 -0.932675 -0.0388081 0.358625 -30.5333 
0.350732 -0.0198044 0.936266 204.187 -0.0289533 0.999069 0.0319791 -7.71402 -0.936028 -0.0383241 0.349832 -30.2729 
0.340569 -0.0189004 0.94003 204.882 -0.0265504 0.999206 0.0297093 -7.71357 -0.939845 -0.0350763 0.339796 -30.0129 
0.329621 -0.0153554 0.943988 205.571 -0.0277545 0.999278 0.0259461 -7.70228 -0.943705 -0.0347523 0.328957 -29.7579 
0.318323 -0.0152203 0.94786 206.265 -0.0307396 0.99918 0.0263678 -7.68991 -0.947484 -0.0375304 0.317594 -29.5159 
0.307314 -0.0231485 0.951327 206.977 -0.0261498 0.999121 0.0327589 -7.67675 -0.951249 -0.0349442 0.306439 -29.282 
0.298858 -0.0315645 0.953775 207.688 -0.0219434 0.998961 0.0399358 -7.66368 -0.954045 -0.0328642 0.297855 -29.0618 
0.2919 -0.0370842 0.95573 208.397 -0.0215667 0.998739 0.04534 -7.64819 -0.956206 -0.0338467 0.290732 -28.8381 
0.287633 -0.0377826 0.956995 209.107 -0.0273491 0.99849 0.0476408 -7.6268 -0.95735 -0.039876 0.286165 -28.604 
0.285246 -0.0397426 0.95763 209.817 -0.0264981 0.998431 0.0493288 -7.60485 -0.958088 -0.0394462 0.283745 -28.384 
0.28372 -0.0408812 0.958035 210.533 -0.0253211 0.998423 0.0501035 -7.5837 -0.958573 -0.0384738 0.282238 -28.163 
0.283064 -0.0390315 0.958307 211.248 -0.0252046 0.998524 0.0481144 -7.55967 -0.95877 -0.0377731 0.281662 -27.9376 
0.282579 -0.0367449 0.95854 211.969 -0.0290307 0.998481 0.0468344 -7.53189 -0.958805 -0.0410614 0.281083 -27.7078 
0.283162 -0.0373317 0.958345 212.69 -0.0298245 0.998416 0.0477049 -7.50777 -0.958608 -0.0420904 0.2816 -27.4798 
0.284788 -0.0389537 0.957799 213.411 -0.0302354 0.998312 0.0495915 -7.48565 -0.958114 -0.0430825 0.283129 -27.2489 
0.286247 -0.0407247 0.95729 214.135 -0.0290494 0.998268 0.0511544 -7.46545 -0.957715 -0.0424515 0.284569 -27.021 
0.287859 -0.0417143 0.956764 214.862 -0.0257431 0.998353 0.0512728 -7.43641 -0.957327 -0.0393894 0.286311 -26.7922 
0.290925 -0.042871 0.955785 215.584 -0.0251613 0.998307 0.052437 -7.40638 -0.956415 -0.039304 0.289353 -26.5575 
0.294781 -0.0443909 0.954533 216.315 -0.0272326 0.998124 0.0548282 -7.38115 -0.955177 -0.0421567 0.293019 -26.3099 
0.29958 -0.0484731 0.952839 217.057 -0.0284382 0.997811 0.0597022 -7.35068 -0.953647 -0.0449826 0.297546 -26.0537 
0.304846 -0.0524088 0.950959 217.796 -0.0282915 0.997546 0.0640457 -7.31836 -0.951981 -0.0464281 0.302615 -25.8015 
0.309211 -0.0522934 0.949555 218.532 -0.0297361 0.997467 0.0646153 -7.28339 -0.950528 -0.0482158 0.306873 -25.5448 
0.313689 -0.0475486 0.948335 219.268 -0.0349477 0.997491 0.0615733 -7.25217 -0.948883 -0.0524569 0.31124 -25.2813 
0.318579 -0.0414766 0.946989 220.009 -0.0401976 0.997552 0.0572143 -7.21095 -0.947044 -0.056294 0.316132 -25.0161 
0.322934 -0.0382383 0.945649 220.743 -0.0441288 0.997488 0.0554043 -7.17365 -0.945392 -0.0596223 0.320435 -24.7387 
0.32733 -0.0386043 0.944121 221.484 -0.045807 0.997342 0.0566619 -7.14533 -0.943799 -0.0617945 0.324691 -24.4634 
0.331234 -0.0361799 0.942855 222.225 -0.0476518 0.997348 0.0550116 -7.11472 -0.942345 -0.0631504 0.328631 -24.1838 
0.335253 -0.0335099 0.941532 222.959 -0.0480145 0.997461 0.0525971 -7.0878 -0.940904 -0.0628405 0.332793 -23.9065 
0.339687 -0.0329032 0.939963 223.689 -0.0484892 0.997446 0.0524387 -7.0567 -0.939288 -0.0633908 0.337224 -23.6215 
0.344076 -0.0344477 0.93831 224.436 -0.048132 0.997366 0.0542657 -7.03054 -0.937707 -0.0638342 0.341512 -23.3303 
0.348547 -0.0350478 0.936636 225.174 -0.0441492 0.997578 0.0537573 -7.00549 -0.936251 -0.0600886 0.346155 -23.0441 
0.352944 -0.0346889 0.935001 225.916 -0.0411133 0.997772 0.0525372 -6.97583 -0.934741 -0.0569836 0.350731 -22.7535 
0.35707 -0.0323416 0.933518 226.649 -0.0422199 0.99782 0.0507185 -6.9448 -0.933123 -0.057523 0.354926 -22.4567 
0.361569 -0.0327125 0.931771 227.39 -0.0468014 0.997488 0.0531807 -6.91603 -0.93117 -0.0628366 0.35913 -22.1444 
0.366242 -0.0328778 0.929939 228.124 -0.0500071 0.997236 0.0549517 -6.88757 -0.929175 -0.0666292 0.363586 -21.8343 
0.370558 -0.0303861 0.928312 228.854 -0.0474699 0.997539 0.0516009 -6.86572 -0.927596 -0.063188 0.368204 -21.5329 
0.374327 -0.0235492 0.926998 229.575 -0.0469852 0.997912 0.0443237 -6.84021 -0.926106 -0.0601467 0.372439 -21.2241 
0.377656 -0.0172208 0.925786 230.3 -0.0529386 0.99779 0.0401554 -6.81471 -0.924432 -0.0641747 0.37591 -20.9026 
0.380821 -0.0179002 0.924476 231.028 -0.05898 0.997306 0.0436063 -6.78359 -0.922766 -0.0711318 0.37874 -20.5768 
0.383184 -0.0281032 0.923245 231.765 -0.058286 0.996809 0.0545335 -6.75826 -0.921831 -0.0747085 0.380323 -20.2525 
0.385135 -0.0405619 0.921968 232.504 -0.0545393 0.996287 0.0666145 -6.72482 -0.921247 -0.0759391 0.381493 -19.9339 
0.386699 -0.0477472 0.920969 233.239 -0.0564851 0.995557 0.0753314 -6.68247 -0.920475 -0.0811516 0.382284 -19.6067 
0.388712 -0.0494153 0.920033 233.962 -0.0584417 0.995228 0.0781455 -6.6455 -0.919504 -0.0841443 0.383969 -19.277 
0.391573 -0.0448067 0.919056 234.689 -0.0578793 0.995636 0.0732003 -6.60099 -0.918325 -0.0818575 0.387271 -18.9539 
0.395631 -0.0393191 0.917568 235.402 -0.0561436 0.996179 0.0668955 -6.55886 -0.916692 -0.0779815 0.391912 -18.6311 
0.399861 -0.0348416 0.915913 236.118 -0.0558842 0.996491 0.0623043 -6.51944 -0.91487 -0.0760982 0.396511 -18.2985 
0.404116 -0.0327772 0.914121 236.842 -0.0546799 0.996705 0.0599114 -6.48216 -0.913072 -0.0741951 0.400992 -17.9658 
0.407912 -0.0305499 0.91251 237.553 -0.053712 0.996906 0.0573859 -6.44554 -0.91144 -0.0724211 0.405009 -17.6293 
0.411589 -0.0317983 0.910815 238.262 -0.0528837 0.996874 0.0587005 -6.40941 -0.909834 -0.0723278 0.40862 -17.2877 
0.414982 -0.0370888 0.909073 238.989 -0.0511093 0.996641 0.0639924 -6.37536 -0.908393 -0.0730178 0.411693 -16.9425 
0.41799 -0.0428774 0.907439 239.719 -0.0492357 0.996348 0.0697577 -6.33463 -0.907117 -0.0738364 0.414352 -16.5901 
0.419943 -0.0481258 0.906274 240.443 -0.0481307 0.996007 0.0751934 -6.28926 -0.906273 -0.0751965 0.41595 -16.2284 
0.422065 -0.0533431 0.904995 241.173 -0.0464142 0.995687 0.0803351 -6.23638 -0.905377 -0.0759112 0.417768 -15.8759 
0.423675 -0.0600797 0.90382 241.913 -0.0447497 0.995191 0.0871304 -6.183 -0.904708 -0.0773606 0.418949 -15.5186 
0.425329 -0.0604252 0.903019 242.645 -0.0452993 0.995097 0.0879229 -6.12818 -0.903904 -0.0783023 0.420506 -15.1607 
0.427129 -0.0490637 0.902859 243.362 -0.054032 0.995357 0.0796521 -6.08461 -0.902575 -0.082805 0.422495 -14.7949 
0.427899 -0.035359 0.903135 244.075 -0.0557167 0.996302 0.0654049 -6.03538 -0.902108 -0.0783064 0.424347 -14.4369 
0.428856 -0.0274227 0.902956 244.793 -0.0558007 0.996826 0.056776 -5.98451 -0.901648 -0.0747344 0.425965 -14.0833 
0.428607 -0.0297395 0.903001 245.523 -0.0558162 0.996678 0.0593177 -5.94376 -0.901765 -0.0758261 0.425523 -13.7199 
