1 -4.23778e-08 4.22719e-08 0 -4.23778e-08 1 -4.19404e-08 0 4.22719e-08 -4.19404e-08 1 0 
0.999991 -0.00259191 -0.00339694 -0.00642772 0.00258503 0.999995 -0.00200142 -0.00659008 0.0034022 0.00199254 0.999992 0.675759 
0.999971 -0.00146688 -0.00747168 -0.0254991 0.00143904 0.999992 -0.00371851 -0.00843549 0.00747716 0.00370757 0.999965 1.37076 
0.99993 -0.00147293 -0.0117728 -0.040096 0.00141064 0.999985 -0.00529021 -0.0098932 0.0117805 0.00527315 0.999917 2.08949 
0.999857 -0.000343176 -0.0168995 -0.0598285 0.000246901 0.999984 -0.00569369 -0.0174687 0.0169013 0.00568862 0.999841 2.82149 
0.999767 -0.0014578 -0.02154 -0.0852324 0.00132976 0.999981 -0.00595337 -0.0255341 0.0215483 0.00592326 0.99975 3.57295 
0.999653 0.000111531 -0.0263418 -0.116235 -0.000296908 0.999975 -0.00703038 -0.035383 0.0263404 0.00703567 0.999628 4.34059 
0.999509 0.00265243 -0.031204 -0.155999 -0.00289555 0.999966 -0.00774599 -0.0420808 0.0311824 0.00783245 0.999483 5.11912 
0.999353 0.00326457 -0.0358161 -0.191389 -0.00348291 0.999976 -0.00603316 -0.0535555 0.0357956 0.00615392 0.99934 5.90686 
0.999173 0.0021602 -0.0405947 -0.228763 -0.00230412 0.999991 -0.00349668 -0.0596049 0.0405868 0.00358724 0.999169 6.71921 
0.999021 0.00157 -0.0442029 -0.272138 -0.00160772 0.999998 -0.000815821 -0.0695601 0.0442016 0.000886002 0.999022 7.53419 
0.998888 0.00299531 -0.0470408 -0.324679 -0.00307117 0.999994 -0.00153873 -0.0751409 0.047036 0.0016814 0.998892 8.3635 
0.998765 0.0028543 -0.0496099 -0.375316 -0.00295288 0.999994 -0.00191215 -0.0810292 0.0496043 0.0020562 0.998767 9.19197 
0.998687 -0.000315866 -0.0512276 -0.42438 0.000189656 0.999997 -0.00246694 -0.0861538 0.0512284 0.00245389 0.998684 10.0246 
0.998574 -0.000182214 -0.0533791 -0.481664 9.39094e-05 0.999999 -0.00165525 -0.0954087 0.0533794 0.00164779 0.998573 10.8725 
0.998499 -0.00192037 -0.0547288 -0.538562 0.00181475 0.999996 -0.00197804 -0.101894 0.0547325 0.00187567 0.998499 11.729 
0.998409 0.000127729 -0.056392 -0.602953 -0.000375317 0.99999 -0.00437845 -0.112674 0.056391 0.00439256 0.998399 12.5867 
0.998325 0.000499202 -0.0578478 -0.664687 -0.000899466 0.999976 -0.00689199 -0.125393 0.0578431 0.0069324 0.998302 13.4551 
0.998204 0.00444299 -0.0597364 -0.731725 -0.00495471 0.999952 -0.00841949 -0.139874 0.0596962 0.00870027 0.998179 14.3354 
0.998144 0.00524783 -0.0606656 -0.800437 -0.00573784 0.999952 -0.00790441 -0.154924 0.0606213 0.00823774 0.998127 15.2184 
0.998061 0.00420436 -0.0620927 -0.867728 -0.00461165 0.999969 -0.00641619 -0.168479 0.0620639 0.00669002 0.99805 16.1148 
0.997959 0.00471217 -0.0636805 -0.933673 -0.00503425 0.999975 -0.004897 -0.180737 0.0636559 0.00520751 0.997958 17.0192 
0.997899 0.00428697 -0.0646528 -1.00341 -0.00461765 0.999977 -0.00496484 -0.193436 0.0646302 0.00525286 0.997895 17.9207 
0.997771 0.00413514 -0.0666068 -1.07016 -0.00452993 0.999973 -0.00577598 -0.207801 0.0665812 0.00606474 0.997762 18.8264 
0.997686 0.0028555 -0.0679281 -1.13938 -0.00330063 0.999974 -0.00644048 -0.22083 0.067908 0.0066497 0.997669 19.7392 
0.997662 0.00294025 -0.0682834 -1.21701 -0.00327979 0.999983 -0.00485981 -0.232296 0.068268 0.00507231 0.997654 20.6604 
0.997662 0.00407813 -0.068213 -1.29804 -0.00418549 0.99999 -0.00142987 -0.246273 0.0682066 0.00171194 0.99767 21.5854 
0.997716 0.00510431 -0.0673558 -1.37545 -0.0049831 0.999986 0.00196863 -0.253907 0.067365 -0.00162858 0.997727 22.5233 
0.99783 0.00393559 -0.0657271 -1.44962 -0.00361268 0.999981 0.00503227 -0.263956 0.0657457 -0.00478399 0.997825 23.4628 
0.997886 0.00427974 -0.0648402 -1.51403 -0.00390524 0.999975 0.00590268 -0.269052 0.064864 -0.00563707 0.997878 24.407 
0.997986 0.00461243 -0.0632598 -1.59274 -0.00442821 0.999985 0.00305332 -0.275616 0.063273 -0.00276713 0.997992 25.3531 
0.998051 0.00522329 -0.0621873 -1.66978 -0.00534912 0.999984 -0.00185577 -0.280606 0.0621767 0.00218471 0.998063 26.3023 
0.998118 0.00427071 -0.0611681 -1.73579 -0.0045811 0.999977 -0.00493374 -0.288937 0.0611457 0.00520458 0.998115 27.2573 
0.99818 0.00139037 -0.0602853 -1.80795 -0.00162381 0.999991 -0.00382207 -0.301993 0.0602795 0.00391292 0.998174 28.2264 
0.998141 -4.62749e-05 -0.0609509 -1.87223 0.000106964 0.999999 0.000993786 -0.310255 0.0609509 -0.000998545 0.99814 29.2077 
0.998092 -0.00409748 -0.0616056 -1.93982 0.00438849 0.99998 0.00459054 -0.322969 0.0615857 -0.00485222 0.99809 30.1804 
0.997962 -0.0112496 -0.0628091 -2.00276 0.0115075 0.999927 0.003746 -0.328892 0.0627625 -0.00446122 0.998018 31.1604 
0.997846 -0.0138524 -0.0641191 -2.07233 0.0138839 0.999904 4.76998e-05 -0.339159 0.0641124 -0.000937909 0.997942 32.1229 
0.997787 -0.0128991 -0.0652254 -2.15279 0.0126415 0.999911 -0.00435871 -0.344586 0.0652759 0.00352443 0.997861 33.0908 
0.997653 -0.0114477 -0.0675106 -2.2329 0.0111433 0.999926 -0.00488263 -0.360648 0.0675616 0.00411879 0.997707 34.0708 
0.997615 -0.0114509 -0.0680591 -2.31628 0.0112232 0.99993 -0.00372523 -0.37146 0.0680971 0.00295242 0.997674 35.0626 
0.997568 -0.00795459 -0.0692483 -2.40727 0.00789052 0.999968 -0.00119753 -0.382509 0.0692557 0.000648122 0.997599 36.063 
0.997512 -0.00769227 -0.0700797 -2.49724 0.00769152 0.99997 -0.000279396 -0.391658 0.0700799 -0.000260405 0.997541 37.0571 
0.997431 -0.00637886 -0.0713493 -2.57883 0.00655378 0.999976 0.00221894 -0.402383 0.0713336 -0.00268094 0.997449 38.0487 
0.997464 -0.00640659 -0.0708772 -2.6666 0.00679003 0.999963 0.00517143 -0.413574 0.0708415 -0.00563966 0.997472 39.0349 
0.99745 -0.000426145 -0.0713643 -2.76584 0.000963427 0.999971 0.00749562 -0.421852 0.0713591 -0.00754535 0.997422 40.0302 
0.997442 -0.000585949 -0.071474 -2.85119 0.00106884 0.999977 0.00671921 -0.427515 0.0714685 -0.00677851 0.99742 41.0267 
0.997432 -0.000390154 -0.071612 -2.92808 0.00074017 0.999988 0.00486234 -0.429406 0.0716093 -0.00490295 0.997421 42.024 
0.997442 0.0017864 -0.071452 -3.02341 -0.0015986 0.999995 0.00268654 -0.438727 0.0714565 -0.00256553 0.99744 43.0177 
0.9974 0.00149638 -0.0720524 -3.11307 -0.00131489 0.999996 0.00256731 -0.445968 0.072056 -0.00246598 0.997397 44.0124 
0.997294 -0.000495467 -0.0735166 -3.19662 0.00079645 0.999991 0.00406592 -0.459879 0.073514 -0.00411356 0.997286 45.0108 
0.997256 0.00033004 -0.0740318 -3.28528 4.57459e-05 0.999987 0.00507535 -0.470653 0.0740326 -0.0050649 0.997243 46.0009 
0.997227 0.0027262 -0.0743669 -3.37203 -0.00261923 0.999995 0.00153702 -0.487692 0.0743708 -0.00133807 0.99723 46.976 
0.997155 0.00335937 -0.075297 -3.46124 -0.00358097 0.99999 -0.0028071 -0.497333 0.0752869 0.00306867 0.997157 47.9485 
0.99711 0.00445286 -0.075835 -3.55066 -0.0047709 0.99998 -0.00401215 -0.511944 0.0758157 0.00436227 0.997112 48.9206 
0.997105 0.00313649 -0.0759747 -3.63561 -0.00318292 0.999995 -0.00048899 -0.527251 0.0759728 0.000729309 0.99711 49.9002 
0.997088 0.00131997 -0.07625 -3.71662 -0.00112371 0.999996 0.00261779 -0.539727 0.0762532 -0.00252457 0.997085 50.8749 
0.997062 -0.000668819 -0.0765976 -3.79814 0.000923184 0.999994 0.00328649 -0.552488 0.076595 -0.00334764 0.997057 51.8389 
0.997052 -0.0038615 -0.0766343 -3.88084 0.00404184 0.999989 0.00219934 -0.565043 0.0766251 -0.00250268 0.997057 52.7975 
0.997008 -0.00658687 -0.07701 -3.96231 0.00666831 0.999977 0.000801423 -0.57659 0.0770031 -0.00131264 0.99703 53.7573 
0.996898 -0.00820145 -0.0782728 -4.04443 0.00837962 0.999963 0.00194916 -0.587006 0.078254 -0.0025991 0.99693 54.7139 
0.996766 -0.0113983 -0.0795449 -4.12498 0.0119079 0.999911 0.0059358 -0.595237 0.0794703 -0.00686391 0.996814 55.6642 
0.996694 -0.0122176 -0.0803218 -4.20839 0.0131536 0.999851 0.0111347 -0.603619 0.0801739 -0.0121545 0.996707 56.6168 
0.996681 -0.010752 -0.0806927 -4.30061 0.0118556 0.999842 0.013211 -0.606664 0.080538 -0.0141239 0.996651 57.5631 
0.996568 -0.00955531 -0.0822263 -4.38911 0.0103575 0.999903 0.00933532 -0.615823 0.0821292 -0.010155 0.99657 58.4994 
0.996467 -0.00797935 -0.0836027 -4.47896 0.00813728 0.999966 0.0015495 -0.620165 0.0835876 -0.00222441 0.996498 59.4248 
0.996413 -0.00652382 -0.0843691 -4.57248 0.00625269 0.999974 -0.00347652 -0.627594 0.0843897 0.00293643 0.996428 60.3349 
0.996338 -0.00166253 -0.0854897 -4.66637 0.00145872 0.999996 -0.00244543 -0.645044 0.0854935 0.00231168 0.996336 61.2437 
0.99622 0.00100483 -0.0868558 -4.76011 -0.000999257 0.999999 0.00010856 -0.664471 0.086856 -2.14457e-05 0.996221 62.139 
0.996137 0.00338251 -0.0877474 -4.85283 -0.00323165 0.999993 0.00186218 -0.684049 0.0877531 -0.00157151 0.996141 63.0235 
0.99604 0.00414568 -0.0888073 -4.94463 -0.00401953 0.999991 0.00160029 -0.695845 0.0888132 -0.00123708 0.996047 63.8891 
0.9959 0.00560318 -0.0902906 -5.0392 -0.00541008 0.999982 0.0023841 -0.708179 0.0903025 -0.00188593 0.995913 64.7421 
0.995779 0.00651609 -0.0915546 -5.13294 -0.0062546 0.999975 0.00314362 -0.726224 0.0915729 -0.0025578 0.995795 65.5798 
0.99565 0.00652244 -0.0929442 -5.21984 -0.00618162 0.999973 0.00395521 -0.745959 0.0929676 -0.00336354 0.995663 66.3961 
0.995519 0.00638116 -0.0943469 -5.30623 -0.00595174 0.999971 0.00483305 -0.754455 0.094375 -0.00424996 0.995528 67.2023 
0.995352 0.00886739 -0.0958954 -5.39874 -0.00818187 0.999938 0.00754025 -0.761673 0.0959564 -0.00672069 0.995363 68.0057 
0.995207 0.0105414 -0.0972218 -5.48937 -0.0094426 0.999886 0.0117557 -0.772452 0.0973347 -0.0107815 0.995193 68.7896 
0.995002 0.0134488 -0.0989484 -5.58273 -0.0121888 0.999837 0.0133277 -0.775458 0.0991116 -0.0120552 0.995003 69.5673 
0.99483 0.016441 -0.100217 -5.67515 -0.0155833 0.999835 0.00933571 -0.785272 0.100354 -0.00772582 0.994922 70.3149 
0.994687 0.0165547 -0.101605 -5.76241 -0.0164399 0.999863 0.00196723 -0.79311 0.101624 -0.000286487 0.994823 71.0413 
0.994575 0.0156888 -0.102832 -5.85318 -0.0161648 0.999862 -0.003796 -0.798343 0.102758 0.00543757 0.994691 71.7525 
0.994546 0.0166038 -0.102971 -5.94337 -0.0172251 0.999838 -0.00514724 -0.805247 0.102869 0.00689277 0.994671 72.4437 
0.994396 0.0192863 -0.10394 -6.02731 -0.0195647 0.999807 -0.00165805 -0.818732 0.103888 0.00368223 0.994582 73.1244 
0.994247 0.0195149 -0.105318 -6.10868 -0.0195538 0.999809 0.000663924 -0.835783 0.105311 0.00139917 0.994438 73.7797 
0.994183 0.016652 -0.106409 -6.18299 -0.0170252 0.999852 -0.00259936 -0.848706 0.10635 0.00439579 0.994319 74.4153 
0.994298 0.00859642 -0.10629 -6.25115 -0.00945805 0.999926 -0.0076042 -0.862073 0.106217 0.00856605 0.994306 75.032 
0.994423 0.00447271 -0.105366 -6.318 -0.0058362 0.999903 -0.0126349 -0.870688 0.105299 0.0131793 0.994353 75.632 
0.994735 0.00690634 -0.102243 -6.38734 -0.00824552 0.999886 -0.0126804 -0.888253 0.102144 0.0134566 0.994679 76.2155 
0.995116 0.0120576 -0.0979695 -6.46352 -0.013061 0.999868 -0.00960688 -0.904719 0.0978408 0.0108395 0.995143 76.785 
0.995582 0.0102194 -0.0933339 -6.51938 -0.0108802 0.999919 -0.00657347 -0.916269 0.0932593 0.00755984 0.995613 77.3435 
0.996136 0.00664454 -0.0875724 -6.56704 -0.00689302 0.999973 -0.00253443 -0.927491 0.0875532 0.00312818 0.996155 77.8865 
0.996807 0.00220147 -0.0798117 -6.59715 -0.00211242 0.999997 0.00120128 -0.94433 0.0798142 -0.00102894 0.996809 78.42 
0.997586 0.00588785 -0.0691888 -6.63576 -0.00583158 0.999982 0.00101641 -0.954185 0.0691937 -0.00061056 0.997603 78.9335 
0.998474 0.0110885 -0.0540979 -6.66963 -0.0110788 0.999938 0.000480575 -0.963636 0.0541 0.000119413 0.998535 79.4347 
0.999218 0.0162619 -0.0360303 -6.69123 -0.0162414 0.999868 0.000862344 -0.968222 0.0360396 -0.000276571 0.99935 79.9304 
0.999792 0.0147184 -0.0140989 -6.68424 -0.0147035 0.999891 0.00116962 -0.970082 0.0141146 -0.000962156 0.9999 80.4101 
0.999861 0.011254 0.0123044 -6.66332 -0.0112814 0.999934 0.00214807 -0.9805 -0.0122794 -0.00228666 0.999922 80.8785 
0.999069 0.0102253 0.041904 -6.62695 -0.0103873 0.999939 0.00364889 -0.987226 -0.041864 -0.00408084 0.999115 81.3277 
0.997135 0.00993441 0.0749916 -6.57552 -0.0103364 0.999934 0.00497355 -0.993395 -0.0749372 -0.00573452 0.997172 81.7783 
0.993583 0.00980201 0.112682 -6.50863 -0.0104627 0.999931 0.00527255 -0.998172 -0.112622 -0.00641775 0.993617 82.2115 
0.987978 0.0100824 0.154262 -6.41827 -0.0109936 0.999927 0.00505413 -1.00194 -0.1542 -0.00668935 0.988017 82.6381 
0.97988 0.0099001 0.199342 -6.30591 -0.0111174 0.999926 0.00498785 -1.00931 -0.199277 -0.00710374 0.979917 83.0509 
0.968562 0.0122097 0.248473 -6.18113 -0.0133127 0.999907 0.00275891 -1.01989 -0.248417 -0.00598009 0.968635 83.4454 
0.95329 0.0130418 0.301774 -6.03494 -0.0136942 0.999906 4.60854e-05 -1.03084 -0.301745 -0.00417656 0.953379 83.819 
0.933755 0.0134963 0.357658 -5.86424 -0.0135535 0.999905 -0.00234712 -1.03541 -0.357656 -0.00265593 0.93385 84.1779 
0.909781 0.0139711 0.414853 -5.66954 -0.0134516 0.999901 -0.0041746 -1.04396 -0.41487 -0.00178251 0.909879 84.5209 
0.880954 0.0142762 0.472987 -5.45925 -0.0128064 0.999898 -0.00632768 -1.04939 -0.473029 -0.000482944 0.881047 84.8413 
0.84769 0.0125617 0.530343 -5.22726 -0.00961985 0.999919 -0.00830802 -1.0596 -0.530405 0.00194075 0.847742 85.1376 
0.811019 0.0120853 0.584895 -4.9781 -0.00817487 0.999923 -0.00932556 -1.07186 -0.584963 0.00278171 0.811055 85.4165 
0.771067 0.0107064 0.636664 -4.71554 -0.00725968 0.999941 -0.0080234 -1.08442 -0.636712 0.00156456 0.7711 85.6808 
0.728048 0.0103692 0.685448 -4.43551 -0.00854634 0.999945 -0.00604945 -1.0907 -0.685473 -0.00145382 0.728097 85.9337 
0.68213 0.00911888 0.731174 -4.14401 -0.00773167 0.999956 -0.0052581 -1.10245 -0.73119 -0.00206652 0.682171 86.1656 
0.635014 0.00796496 0.772459 -3.83523 -0.00445101 0.999968 -0.00665193 -1.10911 -0.772488 0.000785808 0.635029 86.3747 
0.587669 0.00537734 0.809083 -3.51343 0.0010322 0.999972 -0.00739589 -1.11917 -0.8091 0.00518144 0.587648 86.557 
0.540404 0.00728676 0.841374 -3.19021 -0.000980351 0.999967 -0.00803072 -1.13192 -0.841405 0.00351496 0.540393 86.7289 
0.492552 0.0102449 0.870223 -2.86242 -0.00483101 0.999947 -0.00903789 -1.14225 -0.87027 0.00024755 0.492575 86.8897 
0.446457 0.0125233 0.894717 -2.53251 -0.00550815 0.999921 -0.0112474 -1.15099 -0.894788 9.32344e-05 0.446491 87.0283 
0.404008 0.00993043 0.914702 -2.18479 0.00165865 0.999931 -0.0115884 -1.15736 -0.914754 0.00619897 0.403964 87.1391 
0.36407 0.00247262 0.931368 -1.82625 0.0165644 0.999821 -0.00912944 -1.15952 -0.931224 0.0187513 0.363964 87.2299 
0.328539 -0.00113589 0.94449 -1.46893 0.0208761 0.999764 -0.00605944 -1.16365 -0.94426 0.021708 0.328485 87.3203 
0.295191 0.00318147 0.955433 -1.10861 0.0179608 0.999799 -0.00887845 -1.17054 -0.955269 0.0197811 0.295074 87.4172 
0.264204 0.010863 0.964405 -0.743704 0.00732143 0.999885 -0.0132685 -1.18544 -0.964439 0.0105664 0.264094 87.5169 
0.235569 0.0151294 0.97174 -0.366295 0.00229325 0.999867 -0.0161234 -1.20539 -0.971855 0.0060266 0.235503 87.606 
0.209788 0.0168664 0.977601 0.0208014 0.00380519 0.999829 -0.0180666 -1.22023 -0.977739 0.00751009 0.209688 87.6721 
0.18642 0.0182222 0.982301 0.433531 0.0115185 0.999719 -0.0207313 -1.22845 -0.982403 0.0151793 0.186157 87.7306 
0.16614 0.0245 0.985798 0.840039 0.0187878 0.999431 -0.0280053 -1.23 -0.985923 0.0231737 0.165585 87.7772 
0.146428 0.0313856 0.988723 1.25729 0.0208571 0.999176 -0.0348064 -1.23072 -0.989001 0.0257185 0.145653 87.827 
0.128694 0.0320264 0.991167 1.69674 0.0184087 0.999229 -0.0346772 -1.24567 -0.991513 0.0227088 0.128005 87.8832 
0.112989 0.0279737 0.993202 2.16593 0.0160415 0.999422 -0.0299739 -1.26543 -0.993467 0.0193192 0.112475 87.9423 
0.0985408 0.0247674 0.994825 2.63635 0.0165836 0.99951 -0.0265268 -1.28347 -0.994995 0.0191118 0.0980818 87.986 
0.084973 0.0224591 0.99613 3.10451 0.0177688 0.999553 -0.0240521 -1.30384 -0.996225 0.0197439 0.084536 88.0278 
0.0732974 0.0215558 0.997077 3.6034 0.0215359 0.999499 -0.0231914 -1.32084 -0.997077 0.0231728 0.0727964 88.0582 
0.0630463 0.0222644 0.997762 4.11236 0.0248172 0.999407 -0.0238694 -1.33589 -0.997702 0.0262665 0.0624563 88.0842 
0.0552044 0.0227527 0.998216 4.64712 0.027294 0.999332 -0.0242877 -1.35102 -0.998102 0.028586 0.0545465 88.1127 
0.0496628 0.0232217 0.998496 5.18839 0.0286308 0.999286 -0.0246642 -1.36623 -0.998356 0.0298126 0.0489625 88.1376 
0.0440576 0.0243084 0.998733 5.7556 0.0296847 0.999231 -0.0256301 -1.3836 -0.998588 0.0307763 0.0433021 88.1648 
0.0381144 0.0249969 0.998961 6.34173 0.0305766 0.99919 -0.0261693 -1.39948 -0.998805 0.0315423 0.0373192 88.1923 
0.0338674 0.0251111 0.999111 6.92762 0.0329074 0.999114 -0.0262267 -1.4169 -0.998884 0.0337664 0.033011 88.2078 
0.0312433 0.0247664 0.999205 7.54722 0.0350964 0.999049 -0.02586 -1.4391 -0.998895 0.0358764 0.0303444 88.2234 
0.0281488 0.0244003 0.999306 8.18856 0.0360846 0.999026 -0.02541 -1.45816 -0.998952 0.0367748 0.0272409 88.2457 
0.0258351 0.0236996 0.999385 8.84581 0.0380997 0.998969 -0.0246748 -1.47892 -0.99894 0.0387137 0.0249055 88.2658 
0.0251492 0.0235791 0.999406 9.52121 0.04241 0.998797 -0.024632 -1.49783 -0.998784 0.0430043 0.024119 88.2859 
0.0260827 0.0231579 0.999391 10.2122 0.0459745 0.998646 -0.0243406 -1.51926 -0.998602 0.0465814 0.0249827 88.3078 
0.0285475 0.0231019 0.999325 10.9192 0.0476502 0.998565 -0.0244456 -1.53949 -0.998456 0.0483159 0.0274057 88.3337 
0.0325322 0.0231272 0.999203 11.646 0.0498782 0.998449 -0.0247338 -1.56082 -0.998225 0.0506431 0.0313282 88.3628 
0.0369302 0.0226911 0.99906 12.3895 0.0505127 0.998422 -0.0245438 -1.58061 -0.99804 0.0513716 0.0357257 88.3978 
0.0408352 0.0211202 0.998943 13.1412 0.0518523 0.998385 -0.0232282 -1.60274 -0.997819 0.052746 0.0396741 88.44 
0.044735 0.0196674 0.998805 13.9054 0.0515458 0.998429 -0.0219687 -1.62548 -0.997668 0.0524669 0.0436509 88.4896 
0.0487561 0.0176332 0.998655 14.6922 0.0485106 0.998622 -0.0200011 -1.64752 -0.997632 0.0494205 0.0478335 88.5455 
0.0530189 0.0164787 0.998457 15.4925 0.0478304 0.998674 -0.0190222 -1.6713 -0.997447 0.0487652 0.0521605 88.5991 
0.0572257 0.0174382 0.998209 16.2952 0.0450208 0.998785 -0.0200293 -1.69682 -0.997346 0.0460863 0.0563711 88.6581 
0.0600144 0.0217868 0.99796 17.0981 0.0430344 0.998776 -0.0243927 -1.71842 -0.997269 0.0444105 0.0590034 88.727 
0.0612328 0.0272835 0.99775 17.9107 0.0371257 0.998872 -0.0295926 -1.74615 -0.997433 0.0388542 0.0601508 88.8003 
0.060844 0.0304503 0.997683 18.7261 0.0345913 0.99887 -0.0325961 -1.77461 -0.997548 0.0364944 0.0597219 88.8694 
0.0613849 0.0298836 0.997667 19.5479 0.0323259 0.998968 -0.0319116 -1.81115 -0.99759 0.0342093 0.0603556 88.9258 
0.061213 0.0285109 0.997717 20.3639 0.0295827 0.999101 -0.0303655 -1.84415 -0.997686 0.031374 0.0603145 88.995 
0.0609938 0.0272908 0.997765 21.1902 0.0304268 0.999111 -0.0291877 -1.87698 -0.997674 0.0321391 0.0601092 89.0586 
0.0611529 0.02677 0.997769 22.0102 0.027727 0.999209 -0.0285081 -1.91171 -0.997743 0.0294085 0.0603622 89.1258 
0.0612965 0.0271854 0.997749 22.8305 0.0261788 0.999241 -0.0288344 -1.94489 -0.997776 0.0278873 0.0605383 89.1905 
0.0613431 0.0278144 0.997729 23.6479 0.02328 0.9993 -0.0292896 -1.98141 -0.997845 0.0250238 0.0606526 89.2555 
0.0599925 0.0290614 0.997776 24.4594 0.0202225 0.999335 -0.0303228 -2.01686 -0.997994 0.0219967 0.059365 89.322 
0.0575555 0.0289423 0.997923 25.2785 0.017158 0.999403 -0.0299749 -2.04908 -0.998195 0.0188476 0.0570245 89.3788 
0.0532492 0.0276526 0.998198 26.0856 0.0144217 0.999491 -0.0284578 -2.08626 -0.998477 0.0159111 0.0528233 89.4395 
0.0486338 0.0253142 0.998496 26.901 0.0125732 0.999584 -0.0259543 -2.11845 -0.998737 0.0138165 0.0482953 89.4887 
0.0423641 0.0233468 0.998829 27.708 0.0106242 0.99966 -0.0238169 -2.15288 -0.999046 0.0116207 0.0421016 89.5348 
0.035009 0.0237237 0.999105 28.5168 0.0105824 0.999653 -0.0241076 -2.18123 -0.999331 0.0114169 0.0347458 89.5714 
0.0262726 0.0247331 0.999349 29.3253 0.0103197 0.999634 -0.0250115 -2.21021 -0.999601 0.0109701 0.0260078 89.6054 
0.0164386 0.0253907 0.999542 30.1285 0.011044 0.999612 -0.0255742 -2.23694 -0.999804 0.0114593 0.0161518 89.6231 
0.00603343 0.0245345 0.999681 30.9314 0.0124384 0.99962 -0.0246082 -2.26676 -0.999904 0.0125829 0.00572597 89.6389 
-0.00460156 0.0236846 0.999709 31.7213 0.0112376 0.999657 -0.0236317 -2.29763 -0.999926 0.0111256 -0.00486615 89.6412 
-0.0157312 0.0227578 0.999617 32.5084 0.0129677 0.999661 -0.0225548 -2.32906 -0.999792 0.0126079 -0.0160209 89.6332 
-0.0267959 0.0231038 0.999374 33.2901 0.0129722 0.999657 -0.0227626 -2.36083 -0.999557 0.0123541 -0.0270864 89.6185 
-0.0376975 0.0238901 0.999003 34.0725 0.0136546 0.999633 -0.02339 -2.38825 -0.999196 0.0127593 -0.0380099 89.5934 
-0.0482529 0.0249691 0.998523 34.8399 0.0131893 0.999616 -0.0243592 -2.42063 -0.998748 0.0119944 -0.0485637 89.5591 
-0.0585186 0.0260756 0.997946 35.6089 0.0140278 0.999581 -0.0252958 -2.44855 -0.998188 0.0125187 -0.0588599 89.5193 
-0.0674631 0.026822 0.997361 36.3746 0.0145906 0.999558 -0.0258942 -2.47851 -0.997615 0.0128052 -0.0678247 89.4583 
-0.0773309 0.0273996 0.996629 37.1356 0.0153539 0.999536 -0.0262883 -2.50565 -0.996887 0.0132693 -0.0777158 89.4065 
-0.0868433 0.0279021 0.995831 37.877 0.0161337 0.999516 -0.0265985 -2.53511 -0.996091 0.0137565 -0.0872514 89.352 
-0.0953542 0.0274995 0.995063 38.6106 0.0172163 0.999514 -0.0259728 -2.56293 -0.995294 0.0146547 -0.0957813 89.2824 
-0.102854 0.0263207 0.994348 39.3328 0.0190904 0.999518 -0.0244829 -2.59457 -0.994513 0.0164644 -0.103307 89.2141 
-0.108084 0.0249221 0.993829 40.0509 0.0219311 0.999502 -0.0226793 -2.61941 -0.9939 0.0193445 -0.108577 89.1386 
-0.112208 0.0231407 0.993415 40.7572 0.0248214 0.999482 -0.0204785 -2.65065 -0.993375 0.0223602 -0.112724 89.0705 
-0.114807 0.0222926 0.993138 41.4682 0.0266283 0.999458 -0.0193563 -2.67272 -0.993031 0.0242233 -0.115338 88.9933 
-0.116546 0.0214842 0.992953 42.1613 0.0267401 0.999471 -0.0184867 -2.69705 -0.992825 0.0243972 -0.117059 88.9183 
-0.117341 0.0220183 0.992847 42.8417 0.0273594 0.999446 -0.0189312 -2.7194 -0.992715 0.0249424 -0.117879 88.8434 
-0.116555 0.0230023 0.992918 43.5002 0.0284041 0.9994 -0.0198183 -2.74621 -0.992778 0.025893 -0.117139 88.7752 
-0.113845 0.0243123 0.993201 44.1465 0.0293737 0.999346 -0.0210959 -2.77753 -0.993064 0.0267724 -0.114485 88.7184 
-0.108695 0.0251715 0.993756 44.7729 0.0290551 0.999333 -0.0221348 -2.7963 -0.99365 0.0264678 -0.109354 88.6611 
-0.100811 0.0256824 0.994574 45.3685 0.0279614 0.999345 -0.0229714 -2.82311 -0.994512 0.0254939 -0.101463 88.6144 
-0.0895504 0.025634 0.995652 45.9526 0.0268878 0.999367 -0.0233114 -2.84871 -0.995619 0.0246833 -0.0901829 88.5755 
-0.0757498 0.0260207 0.996787 46.5205 0.0261062 0.999368 -0.0241042 -2.87207 -0.996785 0.0241964 -0.0763813 88.5462 
-0.0585547 0.0273571 0.997909 47.0608 0.025374 0.999342 -0.0259076 -2.89637 -0.997962 0.0238039 -0.0592104 88.5305 
-0.0371145 0.0297796 0.998867 47.5998 0.0236184 0.999303 -0.0289151 -2.92396 -0.999032 0.0225185 -0.037792 88.53 
-0.012455 0.0327593 0.999386 48.1358 0.0215542 0.99924 -0.032486 -2.94721 -0.99969 0.0211363 -0.0131517 88.5445 
0.0161885 0.0344358 0.999276 48.6665 0.019783 0.9992 -0.0347538 -2.97019 -0.999673 0.0203313 0.0154943 88.5749 
0.0499807 0.0336946 0.998182 49.1833 0.0173413 0.999251 -0.0345991 -2.99787 -0.9986 0.0190391 0.0493589 88.6152 
0.088626 0.0312028 0.995576 49.7046 0.016263 0.999331 -0.0327683 -3.0217 -0.995932 0.0190951 0.0880592 88.6814 
0.131426 0.0271657 0.990954 50.2096 0.0136247 0.99948 -0.0292066 -3.05086 -0.991232 0.01734 0.130988 88.7671 
0.177366 0.0228627 0.983879 50.713 0.0110718 0.99962 -0.0252245 -3.0732 -0.984083 0.0153673 0.177046 88.8775 
0.226631 0.019706 0.973781 51.2086 0.00639537 0.999744 -0.0217199 -3.09503 -0.97396 0.0111501 0.226446 89.0202 
0.279049 0.0181201 0.960106 51.6835 0.00291261 0.999801 -0.0197159 -3.11144 -0.960272 0.00829811 0.278941 89.183 
0.335135 0.017676 0.942004 52.1532 0.00220864 0.999806 -0.0195465 -3.12877 -0.942167 0.00863125 0.335032 89.3708 
0.394799 0.0180822 0.918589 52.6095 0.00414561 0.999761 -0.0214618 -3.14451 -0.918758 0.0122812 0.39463 89.5797 
0.454911 0.0217923 0.89027 53.0304 0.00464764 0.999629 -0.0268442 -3.15754 -0.890525 0.0163493 0.454641 89.8309 
0.51415 0.0246402 0.857346 53.4247 0.005778 0.999465 -0.0321899 -3.17753 -0.85768 0.0215042 0.513733 90.1144 
0.572084 0.0293848 0.819669 53.792 0.00109765 0.99933 -0.0365918 -3.18926 -0.820194 0.0218333 0.571668 90.4258 
0.627488 0.0326726 0.777941 54.1326 -0.00331554 0.999222 -0.039292 -3.203 -0.778619 0.0220759 0.627108 90.7651 
0.680103 0.0339882 0.732328 54.4565 -0.0054545 0.999132 -0.0413055 -3.21669 -0.733096 0.0240975 0.679698 91.1234 
0.728657 0.0321663 0.684123 54.7426 -0.00626582 0.999168 -0.0403056 -3.23539 -0.68485 0.0250823 0.728252 91.4943 
0.773651 0.0280081 0.632993 55.008 -0.00807747 0.999377 -0.0343473 -3.2594 -0.633561 0.0214598 0.773395 91.8882 
0.814679 0.0232499 0.579445 55.2455 -0.00912165 0.999586 -0.0272833 -3.27509 -0.57984 0.0169416 0.814554 92.3 
0.850738 0.0210215 0.525169 55.4503 -0.0119184 0.999714 -0.0207098 -3.29017 -0.525454 0.0113594 0.850746 92.7278 
0.881698 0.017779 0.47148 55.639 -0.012992 0.999826 -0.0134066 -3.30307 -0.471636 0.00569505 0.881775 93.1704 
0.906901 0.0182007 0.42095 55.7924 -0.0164977 0.999834 -0.00768736 -3.31662 -0.42102 2.69249e-05 0.907051 93.622 
0.926606 0.0201873 0.375492 55.9212 -0.0201999 0.999788 -0.00390352 -3.33049 -0.375491 -0.00396793 0.926817 94.0759 
0.941613 0.0263859 0.335662 56.0336 -0.0275199 0.99962 -0.00137907 -3.33664 -0.335571 -0.00793892 0.941981 94.5419 
0.953331 0.0304902 0.300382 56.1412 -0.0312786 0.999508 -0.00218545 -3.34189 -0.300301 -0.00731213 0.953816 95.0083 
0.962444 0.0326681 0.269507 56.2462 -0.0333633 0.999441 -0.00200225 -3.34593 -0.269422 -0.00706468 0.962996 95.4781 
0.96848 0.0274294 0.247577 56.3501 -0.027876 0.99961 -0.00170221 -3.35277 -0.247527 -0.00525296 0.968867 95.9613 
0.972376 0.024472 0.232133 56.447 -0.0249042 0.999689 -0.00106953 -3.35935 -0.232087 -0.00474115 0.972683 96.4514 
0.975232 0.028685 0.219318 56.5377 -0.029088 0.999576 -0.00139253 -3.36572 -0.219265 -0.00502156 0.975652 96.9411 
0.977153 0.0340095 0.209799 56.6212 -0.0345728 0.999402 -0.000983812 -3.36656 -0.209707 -0.00629208 0.977744 97.447 
0.97815 0.0416473 0.203685 56.7053 -0.0420295 0.999113 -0.00245121 -3.3672 -0.203606 -0.00616319 0.979033 97.9712 
0.978441 0.0475925 0.200968 56.7887 -0.0473348 0.99886 -0.00609099 -3.37343 -0.201029 -0.00355319 0.979579 98.499 
0.978558 0.0490166 0.200053 56.8889 -0.0483223 0.998797 -0.00835511 -3.38836 -0.200221 -0.00149112 0.979749 99.0292 
0.978177 0.0472799 0.202323 57.0007 -0.0458102 0.998879 -0.0119435 -3.39888 -0.202661 0.00241435 0.979246 99.5744 
0.97739 0.0458799 0.206407 57.1085 -0.0429586 0.998903 -0.0186156 -3.40543 -0.207034 0.00932772 0.978289 100.135 
0.97654 0.0459816 0.210367 57.2283 -0.0420253 0.998846 -0.0232414 -3.41391 -0.211193 0.0138554 0.977346 100.695 
0.975324 0.0509021 0.21483 57.339 -0.0470536 0.998628 -0.0229941 -3.42777 -0.215705 0.0123181 0.976381 101.28 
0.973876 0.0538911 0.220595 57.4591 -0.0508958 0.998518 -0.0192441 -3.44059 -0.221305 0.00751399 0.975176 101.873 
0.972985 0.0506737 0.225238 57.5974 -0.0485944 0.998709 -0.0147702 -3.45453 -0.225695 0.0034258 0.974192 102.475 
0.972318 0.0464795 0.228991 57.7426 -0.0456237 0.998918 -0.00903347 -3.47022 -0.229163 -0.00166406 0.973387 103.093 
0.971542 0.0438664 0.232771 57.8876 -0.0440043 0.999021 -0.00460349 -3.48117 -0.232745 -0.0057705 0.972521 103.726 
0.971049 0.0390734 0.235662 58.038 -0.0391769 0.999223 -0.00424499 -3.48621 -0.235644 -0.00511047 0.971826 104.364 
0.971132 0.0358201 0.235839 58.1939 -0.0351368 0.999357 -0.0071011 -3.49951 -0.235941 -0.00139057 0.971766 105.001 
0.971255 0.0348388 0.235479 58.346 -0.0324172 0.999374 -0.0141487 -3.51216 -0.235825 0.00610835 0.971776 105.657 
0.971366 0.0367022 0.234735 58.4928 -0.0327724 0.99925 -0.020622 -3.53022 -0.235316 0.0123386 0.97184 106.32 
0.971982 0.0395182 0.231711 58.6441 -0.0347802 0.999095 -0.0244994 -3.54081 -0.232469 0.0157539 0.972476 107 
0.972648 0.0378553 0.22918 58.7983 -0.0340796 0.999211 -0.0204123 -3.55175 -0.229772 0.0120436 0.97317 107.699 
0.973087 0.0337367 0.227953 58.9556 -0.0316824 0.999418 -0.0126667 -3.5716 -0.228248 0.00510366 0.97359 108.413 
0.973618 0.0338622 0.225657 59.1101 -0.0331688 0.999426 -0.00686504 -3.59093 -0.22576 -0.000800917 0.974183 109.144 
0.973963 0.0368622 0.223691 59.2623 -0.0360672 0.99932 -0.00764033 -3.60562 -0.22382 -0.000626573 0.97463 109.871 
0.974287 0.0424365 0.221276 59.4108 -0.0407183 0.999095 -0.0123232 -3.61686 -0.221598 0.0029963 0.975133 110.611 
0.975163 0.0429235 0.217288 59.5629 -0.0400348 0.999042 -0.0176817 -3.63048 -0.217838 0.00854345 0.975947 111.356 
0.976128 0.0415378 0.213188 59.7182 -0.0380705 0.999068 -0.0203458 -3.64721 -0.213834 0.0117438 0.976799 112.114 
0.977074 0.0392146 0.209255 59.8766 -0.0360272 0.99917 -0.019024 -3.66494 -0.209827 0.0110489 0.977676 112.881 
0.977975 0.035079 0.205752 60.0377 -0.0322908 0.999336 -0.0168954 -3.687 -0.206208 0.00987936 0.978458 113.678 
0.978425 0.0340577 0.203778 60.1962 -0.0318243 0.999392 -0.014228 -3.70576 -0.204138 0.00743586 0.978914 114.474 
0.978837 0.0304002 0.202371 60.3554 -0.0285761 0.99952 -0.0119301 -3.72355 -0.202636 0.00589456 0.979236 115.279 
0.979086 0.0252164 0.201879 60.5173 -0.0236193 0.999668 -0.0103168 -3.74805 -0.202072 0.00533269 0.979356 116.092 
0.979244 0.0259004 0.201021 60.6758 -0.0246509 0.999658 -0.00871741 -3.76543 -0.201178 0.00358105 0.979548 116.91 
0.978989 0.0314283 0.201476 60.8208 -0.0298807 0.999496 -0.0107192 -3.78293 -0.201712 0.00447367 0.979435 117.733 
0.97861 0.0370722 0.202355 60.9625 -0.0349197 0.999289 -0.0141985 -3.79882 -0.202738 0.00682857 0.979209 118.559 
0.978078 0.0461233 0.203068 61.1163 -0.0438232 0.998914 -0.0158117 -3.81798 -0.203577 0.0065659 0.979037 119.395 
0.977119 0.0519558 0.20625 61.2637 -0.049886 0.998639 -0.0152272 -3.84162 -0.20676 0.00458978 0.978381 120.238 
0.976404 0.054671 0.208917 61.4269 -0.0531038 0.998503 -0.0131083 -3.8669 -0.209321 0.0017047 0.977845 121.075 
0.97578 0.0552697 0.211655 61.5869 -0.0535481 0.998469 -0.0138625 -3.88902 -0.212097 0.0021929 0.977246 121.92 
0.975499 0.0536506 0.213361 61.7627 -0.0512571 0.998545 -0.0167385 -3.90711 -0.213949 0.00539207 0.97683 122.768 
0.975511 0.0473993 0.21478 61.9451 -0.0451758 0.998863 -0.0152526 -3.92987 -0.215259 0.00517617 0.976543 123.617 
0.975812 0.0405276 0.214824 62.1289 -0.0378622 0.999146 -0.0165099 -3.95644 -0.215309 0.0079768 0.976513 124.454 
0.975556 0.0397956 0.216119 62.3073 -0.0370552 0.999173 -0.0167194 -3.9816 -0.216606 0.00830231 0.976224 125.304 
0.974995 0.0424466 0.218133 62.4779 -0.0404078 0.999088 -0.0138015 -4.0031 -0.21852 0.00464209 0.975821 126.152 
0.974606 0.0444831 0.219464 62.6484 -0.043742 0.999009 -0.00823784 -4.0231 -0.219613 -0.00157124 0.975586 126.995 
0.974279 0.0477572 0.220228 62.8198 -0.048045 0.998837 -0.00405263 -4.04486 -0.220166 -0.00663254 0.97544 127.837 
0.974074 0.0469769 0.221296 62.9935 -0.0458046 0.998896 -0.0104297 -4.06591 -0.221542 2.2866e-05 0.975151 128.667 
0.974372 0.0428042 0.22083 63.1738 -0.0382767 0.998961 -0.0247433 -4.09028 -0.22166 0.0156565 0.974998 129.477 
0.974611 0.040602 0.220193 63.3566 -0.0339872 0.998852 -0.0337488 -4.11728 -0.221311 0.0254081 0.974872 130.289 
0.974888 0.0377323 0.219473 63.5317 -0.0331213 0.999147 -0.0246527 -4.14243 -0.220216 0.0167644 0.975307 131.113 
0.975303 0.0313859 0.218631 63.7104 -0.0312987 0.999503 -0.00386371 -4.16915 -0.218644 -0.00307465 0.9758 131.963 
0.975669 0.0277047 0.217492 63.8911 -0.0309194 0.999457 0.0113909 -4.19291 -0.217058 -0.0178385 0.975996 132.802 
0.975704 0.0323369 0.216694 64.0559 -0.0344216 0.99939 0.00585156 -4.21139 -0.216373 -0.0131684 0.976222 133.613 
0.975939 0.0403266 0.214281 64.2147 -0.0390282 0.999185 -0.0102891 -4.21975 -0.214521 0.00167849 0.976718 134.416 
0.976197 0.0400799 0.213149 64.3793 -0.0370076 0.999146 -0.0183865 -4.22619 -0.213704 0.0100607 0.976847 135.238 
0.97682 0.0359277 0.211026 64.5502 -0.0326278 0.999285 -0.0191001 -4.25314 -0.211562 0.0117719 0.977294 136.051 
0.977447 0.0355198 0.20817 64.7115 -0.0326398 0.999318 -0.0172551 -4.28259 -0.208641 0.0100712 0.97794 136.871 
0.978225 0.0350034 0.204575 64.867 -0.0318452 0.999318 -0.0187111 -4.30317 -0.205091 0.0117889 0.978672 137.684 
0.9793 0.0356738 0.199244 65.0302 -0.0323251 0.999276 -0.0200362 -4.33462 -0.199814 0.0131808 0.979745 138.505 
0.979725 0.0398912 0.196335 65.1669 -0.0366788 0.999127 -0.0199728 -4.36894 -0.19696 0.0123665 0.980333 139.312 
0.979897 0.045933 0.194143 65.301 -0.0428134 0.998878 -0.0202368 -4.39524 -0.194855 0.011518 0.980764 140.119 
0.980202 0.0471548 0.192303 65.443 -0.0444503 0.998843 -0.0183568 -4.41978 -0.192946 0.00944535 0.981164 140.926 
0.980563 0.0450646 0.190961 65.5889 -0.0432795 0.998972 -0.0135109 -4.44464 -0.191374 0.00498353 0.981505 141.726 
0.980971 0.0436924 0.189176 65.733 -0.0419199 0.999032 -0.0133628 -4.4698 -0.189577 0.00517818 0.981852 142.523 
0.981549 0.0419483 0.18655 65.876 -0.0395716 0.999081 -0.0164478 -4.49291 -0.187068 0.00876223 0.982308 143.321 
0.982645 0.0373749 0.181693 66.0183 -0.0343122 0.999212 -0.019972 -4.51886 -0.182296 0.013391 0.983152 144.11 
0.983966 0.0345535 0.174976 66.1549 -0.0313769 0.999289 -0.0208899 -4.54216 -0.175574 0.0150646 0.984351 144.897 
0.985124 0.0326128 0.168722 66.275 -0.0304204 0.999416 -0.0155643 -4.56299 -0.169131 0.0102001 0.985541 145.689 
0.986274 0.0296986 0.162426 66.3958 -0.0289352 0.999556 -0.00706415 -4.58415 -0.162564 0.00226727 0.986695 146.493 
0.986938 0.0265024 0.158906 66.5151 -0.0271911 0.999628 0.00216018 -4.59784 -0.158789 -0.00645285 0.987291 147.29 
0.987431 0.0331769 0.154526 66.6175 -0.0343627 0.999397 0.00500762 -4.6139 -0.154267 -0.0102547 0.987976 148.086 
0.988078 0.0360488 0.149675 66.7212 -0.0365401 0.999332 0.000532822 -4.63043 -0.149556 -0.00599569 0.988735 148.88 
0.989212 0.036322 0.141917 66.8216 -0.0353139 0.99933 -0.00961731 -4.64045 -0.142172 0.00450182 0.989832 149.669 
0.990236 0.0330378 0.135429 66.9218 -0.0312979 0.999398 -0.0149578 -4.65112 -0.135842 0.010573 0.990674 150.469 
0.991147 0.0319863 0.128861 67.0099 -0.0304235 0.999438 -0.0140794 -4.66281 -0.129239 0.0100342 0.991563 151.281 
0.991894 0.0386591 0.12104 67.0898 -0.0376562 0.999235 -0.0105636 -4.6839 -0.121356 0.00591998 0.992591 152.095 
0.992637 0.0439663 0.112862 67.1611 -0.0428524 0.999006 -0.0122786 -4.70101 -0.113289 0.0073517 0.993535 152.903 
0.993634 0.0466417 0.102543 67.2271 -0.0450233 0.998823 -0.0180424 -4.71974 -0.103264 0.0133106 0.994565 153.711 
0.994552 0.0449351 0.0940616 67.292 -0.0432065 0.998859 -0.020336 -4.73856 -0.094868 0.016161 0.995359 154.529 
0.99529 0.0448394 0.0859438 67.3493 -0.0434767 0.998898 -0.0176651 -4.75752 -0.0866411 0.0138452 0.996143 155.352 
0.995815 0.0474346 0.0781193 67.3907 -0.0467628 0.998852 -0.0104089 -4.77886 -0.0785232 0.00671215 0.99689 156.184 
0.996277 0.0506637 0.069749 67.43 -0.0504686 0.998715 -0.00455842 -4.79797 -0.0698903 0.00102124 0.997554 157.015 
0.996825 0.0495482 0.0623265 67.4666 -0.0495686 0.99877 -0.00122063 -4.81075 -0.0623103 -0.00187276 0.998055 157.842 
0.997157 0.0504064 0.0560014 67.4978 -0.0505329 0.998722 0.000841611 -4.8209 -0.0558873 -0.00366921 0.99843 158.669 
0.997418 0.0496036 0.0519321 67.5261 -0.0496317 0.998767 -0.000751588 -4.83444 -0.0519053 -0.00182791 0.99865 159.483 
0.997413 0.0541628 0.0472649 67.5459 -0.0539278 0.998525 -0.00623679 -4.84687 -0.0475329 0.00367168 0.998863 160.298 
0.997271 0.0598739 0.0432008 67.559 -0.0593655 0.998152 -0.0129592 -4.86211 -0.0438968 0.0103591 0.998982 161.118 
0.997318 0.0611326 0.0402336 67.5725 -0.0605647 0.998049 -0.0151891 -4.87924 -0.0410836 0.0127115 0.999075 161.937 
0.997304 0.0631301 0.0374061 67.5846 -0.0628335 0.997983 -0.00905587 -4.89568 -0.0379023 0.00668102 0.999259 162.764 
0.997248 0.0651636 0.0353437 67.5969 -0.0652314 0.99787 0.000764655 -4.89995 -0.0352185 -0.00306815 0.999375 163.61 
0.997304 0.065877 0.0323106 67.6055 -0.0661784 0.997773 0.0083446 -4.91292 -0.0316889 -0.0104605 0.999443 164.443 
0.997691 0.062335 0.0269427 67.618 -0.0624935 0.998032 0.00507648 -4.92193 -0.0265731 -0.00674858 0.999624 165.266 
0.99851 0.0503147 0.0210982 67.6372 -0.0502319 0.998728 -0.0044369 -4.93253 -0.0212945 0.00337041 0.999767 166.073 
0.998762 0.0478311 0.0136737 67.6431 -0.0477076 0.998819 -0.00922428 -4.93491 -0.0140986 0.00856044 0.999864 166.9 
0.998652 0.051482 0.00666038 67.6301 -0.0514287 0.998645 -0.00795204 -4.94654 -0.00706065 0.0075987 0.999946 167.738 
0.998761 0.0497513 -0.000796141 67.6148 -0.0497527 0.99876 -0.00170813 -4.96015 0.000710259 0.00174555 0.999998 168.577 
0.99899 0.0441333 -0.00838532 67.604 -0.0441195 0.999024 0.00183457 -4.96927 0.00845819 -0.00146284 0.999963 169.412 
0.999272 0.0355106 -0.0139292 67.5823 -0.0354281 0.999353 0.00613463 -4.97396 0.0141381 -0.00563676 0.999884 170.256 
0.999308 0.0311865 -0.0202631 67.5553 -0.0310711 0.999499 0.00598998 -4.97975 0.0204398 -0.00535632 0.999777 171.098 
0.999251 0.0279163 -0.0267875 67.5255 -0.0279505 0.999609 -0.000899189 -4.98959 0.026752 0.00164716 0.999641 171.925 
0.999235 0.0184784 -0.034456 67.4936 -0.0188644 0.999762 -0.0109084 -4.99998 0.0342464 0.01155 0.999347 172.748 
0.999123 0.00837161 -0.0410166 67.4645 -0.00898935 0.999849 -0.0148976 -5.01132 0.0408858 0.0152531 0.999047 173.58 
0.998796 0.0118433 -0.0476092 67.4097 -0.0122232 0.999896 -0.00769487 -5.02114 0.0475132 0.00826746 0.998836 174.421 
0.998345 0.0227356 -0.0528186 67.3366 -0.0224926 0.999733 0.00519329 -5.03166 0.0529227 -0.00399675 0.998591 175.27 
0.997967 0.0276856 -0.0574022 67.2667 -0.0269702 0.999549 0.013202 -5.04466 0.0577419 -0.0116271 0.998264 176.121 
0.997764 0.0270287 -0.0611298 67.2022 -0.0264586 0.999599 0.0101185 -5.04925 0.0613788 -0.00847859 0.998078 176.96 
0.997586 0.0284539 -0.0633504 67.1372 -0.0285496 0.999592 -0.000604708 -5.05455 0.0633074 0.00241179 0.997991 177.783 
0.997038 0.0387433 -0.0664432 67.0535 -0.0394826 0.999172 -0.00984875 -5.06428 0.0660067 0.0124428 0.997742 178.612 
0.996943 0.0371625 -0.0687311 66.9804 -0.0381651 0.999182 -0.0133302 -5.07896 0.0681796 0.0159125 0.997546 179.461 
0.996966 0.0318394 -0.0710239 66.9167 -0.0325167 0.999436 -0.00839836 -5.09347 0.0707165 0.0106823 0.997439 180.321 
0.996988 0.0322592 -0.0705215 66.8448 -0.0322992 0.999478 0.000575383 -5.1093 0.0705034 0.00170405 0.99751 181.173 
0.996928 0.034538 -0.0702914 66.7653 -0.0341853 0.999396 0.0062159 -5.12367 0.0704637 -0.00379396 0.997507 182.029 
0.996806 0.0345177 -0.0720147 66.6883 -0.0342076 0.999399 0.00553668 -5.13343 0.0721626 -0.00305563 0.997388 182.881 
0.99675 0.0306793 -0.0744876 66.6178 -0.0310487 0.999511 -0.00380458 -5.14301 0.0743346 0.00610487 0.997215 183.727 
0.99678 0.0199039 -0.0776752 66.5694 -0.0211113 0.999668 -0.0147524 -5.16265 0.0773559 0.0163446 0.996869 184.57 
0.996788 0.0091429 -0.0795621 66.5028 -0.0106625 0.999768 -0.0186943 -5.17777 0.0793729 0.0194825 0.996655 185.425 
0.996677 0.0117094 -0.0806127 66.4208 -0.0129169 0.999812 -0.0144736 -5.19316 0.0804282 0.0154667 0.99664 186.279 
0.996485 0.0177529 -0.0818665 66.3311 -0.0181376 0.999828 -0.00395758 -5.2113 0.0817822 0.00542845 0.996635 187.138 
0.996304 0.0189988 -0.083769 66.2491 -0.0190638 0.999818 2.48174e-05 -5.23509 0.0837544 0.00157215 0.996485 187.986 
0.99626 0.0176295 -0.0845869 66.1678 -0.0180335 0.999829 -0.00401352 -5.24775 0.0845018 0.00552383 0.996408 188.831 
0.996282 0.0179556 -0.0842603 66.083 -0.0188645 0.999772 -0.0100012 -5.26122 0.0840616 0.0115535 0.996393 189.667 
0.996097 0.0247003 -0.0847431 65.9907 -0.025685 0.999614 -0.0105488 -5.27581 0.0844499 0.0126842 0.996347 190.504 
0.995973 0.0274274 -0.0853593 65.9062 -0.0281639 0.999576 -0.0074347 -5.29595 0.0851193 0.00980873 0.996322 191.341 
0.995809 0.0308795 -0.0860895 65.8193 -0.0313918 0.999496 -0.00460236 -5.31267 0.0859041 0.00728549 0.996277 192.173 
0.995674 0.0347674 -0.08616 65.7322 -0.0350302 0.999385 -0.00153826 -5.32641 0.0860536 0.00454972 0.99628 192.999 
