1 -4.23778e-08 4.22719e-08 0 -4.23778e-08 1 -4.19404e-08 0 4.22719e-08 -4.19404e-08 1 0 
0.999052 -0.00025345 0.0435362 0.0541216 0.000367438 0.999996 -0.00261225 -0.0137047 -0.0435353 0.00262568 0.999048 1.03542 
0.996066 -0.00496189 0.088471 0.151036 0.00561934 0.999958 -0.0071847 -0.0627718 -0.0884316 0.0076535 0.996053 2.09321 
0.991101 -0.00431369 0.133044 0.3234 0.00583139 0.999922 -0.0110207 -0.0871117 -0.132986 0.0116983 0.991049 3.15132 
0.983823 -0.00215588 0.179129 0.489553 0.0045549 0.999905 -0.012983 -0.144327 -0.179084 0.0135888 0.98374 4.2048 
0.974413 -0.00470154 0.224715 0.709624 0.00776446 0.999888 -0.0127489 -0.176491 -0.22463 0.0141674 0.974341 5.18534 
0.962729 -0.00547151 0.270413 0.996722 0.00963991 0.999854 -0.0140896 -0.197962 -0.270296 0.0161711 0.962641 6.28319 
0.949533 -0.00804351 0.313564 1.32406 0.0138988 0.999768 -0.0164427 -0.228501 -0.313359 0.019971 0.949425 7.25359 
0.934471 -0.00995672 0.355899 1.67508 0.0174394 0.999689 -0.0178228 -0.265981 -0.35561 0.0228615 0.934355 8.18033 
0.917272 -0.00996232 0.398136 2.10983 0.0189295 0.999648 -0.0185986 -0.296389 -0.39781 0.0245964 0.917138 9.16774 
0.897648 -0.0104788 0.440588 2.54637 0.020238 0.999643 -0.0174577 -0.323461 -0.440247 0.0245874 0.89754 10.1181 
0.875884 -0.0104269 0.482409 3.01953 0.0208452 0.999651 -0.0162411 -0.360735 -0.482071 0.0242811 0.875796 10.9897 
0.851702 -0.0107642 0.523916 3.52704 0.021671 0.999657 -0.014691 -0.412011 -0.523578 0.0238661 0.851643 11.869 
0.826029 -0.0114548 0.56351 4.09364 0.0236267 0.999618 -0.0143139 -0.447903 -0.563131 0.0251376 0.825985 12.7403 
0.798787 -0.0131337 0.601471 4.68162 0.0267968 0.999546 -0.0137618 -0.479541 -0.601017 0.0271101 0.798776 13.5345 
0.770204 -0.0121962 0.637681 5.30138 0.0274153 0.999526 -0.0139961 -0.520037 -0.637208 0.028262 0.770173 14.2912 
0.739637 -0.0156333 0.672824 5.9726 0.0325108 0.999393 -0.012518 -0.545781 -0.67222 0.0311328 0.739697 15.0363 
0.707469 -0.0146266 0.706593 6.68403 0.0324157 0.999405 -0.0117682 -0.576979 -0.706 0.0312303 0.707523 15.7613 
0.673131 -0.0132351 0.739405 7.44256 0.0333249 0.999367 -0.0124497 -0.604696 -0.738772 0.0330209 0.673146 16.4779 
0.637378 -0.0143276 0.770418 8.21074 0.0373936 0.999224 -0.0123536 -0.636572 -0.769643 0.0366826 0.637419 17.1171 
0.600794 -0.0124689 0.799306 9.0135 0.0371982 0.999231 -0.0123722 -0.665697 -0.798538 0.0371658 0.600796 17.7326 
0.56339 -0.0117469 0.826108 9.90172 0.0398551 0.999121 -0.0129735 -0.725529 -0.825229 0.0402337 0.563363 18.3072 
0.52489 -0.0105431 0.851105 10.7644 0.0451996 0.998858 -0.0155021 -0.748694 -0.849969 0.0466064 0.524767 18.8185 
0.486649 -0.00977572 0.873543 11.5973 0.0468618 0.99879 -0.0149294 -0.771303 -0.87234 0.0482011 0.486518 19.2866 
0.447743 -0.0114097 0.894089 12.5264 0.0516602 0.998578 -0.0131275 -0.786829 -0.892668 0.0520666 0.447696 19.7869 
0.410859 -0.0120834 0.911619 13.4811 0.0555586 0.998386 -0.0118064 -0.813509 -0.910004 0.055499 0.410867 20.203 
0.375669 -0.0096622 0.926703 14.4562 0.0568045 0.998305 -0.0126189 -0.834543 -0.925011 0.0573815 0.375581 20.582 
0.342782 -0.0107233 0.939354 15.4054 0.0578106 0.99828 -0.00969998 -0.858923 -0.937634 0.0576296 0.342813 20.9193 
0.309464 -0.0126499 0.950827 16.3799 0.0600028 0.998179 -0.00624919 -0.88204 -0.949016 0.0589861 0.309659 21.2395 
0.276397 -0.0125685 0.960961 17.3934 0.0607097 0.998146 -0.00440695 -0.898209 -0.959124 0.0595577 0.276648 21.5489 
0.244482 -0.00961518 0.969606 18.4854 0.059123 0.998238 -0.00500862 -0.900168 -0.96785 0.0585506 0.24462 21.8315 
0.213346 -0.00835991 0.976941 19.6209 0.0590579 0.998245 -0.00435504 -0.924368 -0.97519 0.0586252 0.213465 22.121 
0.182852 -0.00825618 0.983106 20.6323 0.0609721 0.998135 -0.00295817 -0.944106 -0.981248 0.0604829 0.183015 22.3063 
0.152032 -0.00867011 0.988337 21.6834 0.0631099 0.998006 -0.000953102 -0.957155 -0.986359 0.0625188 0.152276 22.4769 
0.121555 -0.00911564 0.992543 22.738 0.0611744 0.998126 0.00167487 -0.963535 -0.990698 0.0605146 0.121885 22.6182 
0.0924207 -0.00980603 0.995672 23.8297 0.0618172 0.998079 0.00409162 -0.976617 -0.993799 0.0611715 0.0928494 22.7234 
0.0652793 -0.00948492 0.997822 24.9894 0.0640001 0.997936 0.00529892 -0.976784 -0.995812 0.0635148 0.0657516 22.8223 
0.0402669 -0.00947158 0.999144 26.0965 0.0685782 0.997623 0.00669329 -0.98161 -0.996833 0.06825 0.0408207 22.8581 
0.017355 -0.00894701 0.999809 27.3265 0.0728088 0.997316 0.00766078 -0.963397 -0.997195 0.072662 0.0179599 22.914 
-0.00303257 -0.00873009 0.999957 28.6648 0.0782951 0.99689 0.00894067 -0.944642 -0.996926 0.0783189 -0.00233962 22.9191 
-0.0210699 -0.00912872 0.999736 29.9947 0.0823326 0.996546 0.0108347 -0.927333 -0.996382 0.0825391 -0.0202455 22.9124 
-0.0371122 -0.00868898 0.999273 31.1918 0.0849973 0.996311 0.0118199 -0.913346 -0.99569 0.0853742 -0.0362368 22.8784 
-0.0520744 -0.00937054 0.998599 32.4998 0.0875368 0.996064 0.0139115 -0.904022 -0.994799 0.0881386 -0.0510492 22.8531 
-0.0658212 -0.0107859 0.997773 33.7347 0.0873049 0.996044 0.0165265 -0.90906 -0.994005 0.0881983 -0.0646192 22.809 
-0.078864 -0.0106243 0.996829 34.9877 0.0868114 0.996071 0.0174842 -0.893017 -0.993098 0.0879149 -0.0776319 22.7486 
-0.0911782 -0.00746624 0.995807 36.232 0.0868222 0.996104 0.015418 -0.869185 -0.992042 0.0878639 -0.0901748 22.6986 
-0.101487 -0.00432427 0.994827 37.5007 0.0873869 0.996086 0.0132444 -0.86295 -0.990991 0.0882791 -0.100712 22.5886 
-0.111125 -0.00191959 0.993804 38.771 0.0878107 0.996068 0.0117427 -0.851169 -0.989919 0.0885716 -0.11052 22.4703 
-0.118462 -0.00112698 0.992958 40.0965 0.0876655 0.996082 0.0115891 -0.844799 -0.989081 0.088421 -0.117899 22.3095 
-0.124613 -0.000474149 0.992205 41.4443 0.0871137 0.996133 0.0114168 -0.841905 -0.988374 0.0878574 -0.12409 22.1588 
-0.130417 0.00105213 0.991459 42.8054 0.0875244 0.996107 0.0104559 -0.832426 -0.987588 0.0881405 -0.130002 22.0284 
-0.135464 0.00258008 0.990779 44.1833 0.0865342 0.996206 0.00923709 -0.830488 -0.986996 0.0869875 -0.135173 21.8846 
-0.139819 0.00344161 0.990171 45.5572 0.0871453 0.996156 0.008843 -0.823754 -0.986335 0.0875252 -0.139581 21.7225 
-0.143304 0.00243533 0.989676 46.959 0.0866202 0.99619 0.0100911 -0.811382 -0.985881 0.087172 -0.142969 21.5515 
-0.145562 0.00039741 0.989349 48.4012 0.0874922 0.996087 0.0124725 -0.805166 -0.985473 0.0883758 -0.145028 21.3579 
-0.148494 -0.00105203 0.988913 49.8409 0.0859393 0.996202 0.0139642 -0.810049 -0.985172 0.0870601 -0.147839 21.1739 
-0.151203 -0.000326879 0.988503 51.2667 0.0882529 0.996002 0.0138286 -0.79528 -0.984555 0.0893291 -0.15057 20.99 
-0.152487 -0.000417617 0.988305 52.7273 0.0874487 0.996072 0.0139134 -0.780537 -0.984429 0.0885476 -0.151851 20.7993 
-0.153516 0.000671487 0.988146 54.2359 0.0895549 0.995894 0.0132362 -0.775536 -0.98408 0.0905253 -0.152945 20.5851 
-0.154085 0.00106635 0.988057 55.7408 0.0893255 0.995919 0.0128551 -0.76286 -0.984012 0.0902395 -0.153551 20.3935 
-0.153386 0.00209806 0.988164 57.276 0.0899816 0.995873 0.0118528 -0.762226 -0.984061 0.0907346 -0.152942 20.1689 
-0.152662 0.00183633 0.988277 58.814 0.0903112 0.99584 0.0121002 -0.759651 -0.984143 0.0910997 -0.152193 19.9541 
-0.150894 0.000711712 0.98855 60.4022 0.0895656 0.995897 0.0129544 -0.755361 -0.984484 0.0904948 -0.150339 19.7167 
-0.149764 0.00147571 0.988721 62.019 0.0908436 0.995789 0.012274 -0.737102 -0.984539 0.0916572 -0.149268 19.475 
-0.148748 0.00231282 0.988872 63.6594 0.0906656 0.995817 0.0113089 -0.714381 -0.98471 0.0913389 -0.148335 19.2462 
-0.147802 0.00271934 0.989013 65.2809 0.091705 0.995726 0.0109669 -0.712713 -0.984756 0.0923184 -0.147419 19.0202 
-0.146583 0.00250163 0.989195 66.9305 0.0918646 0.99571 0.0110947 -0.701986 -0.984923 0.0924983 -0.146184 18.7877 
-0.14588 0.00078692 0.989302 68.5775 0.0932444 0.995559 0.0129577 -0.687156 -0.984898 0.0941372 -0.145306 18.5669 
-0.145561 -0.00110128 0.989349 70.2723 0.09479 0.995383 0.0150542 -0.679213 -0.984798 0.0959716 -0.144785 18.3486 
-0.145129 0.000144851 0.989413 72.0241 0.096115 0.995272 0.0139526 -0.656464 -0.984733 0.0971224 -0.144457 18.1241 
-0.144666 0.00158441 0.989479 73.7307 0.0975819 0.995147 0.0126734 -0.652428 -0.984657 0.0983887 -0.144119 17.9059 
-0.143967 0.0010959 0.989582 75.4106 0.0969041 0.995209 0.0129956 -0.649428 -0.984826 0.0977655 -0.143383 17.6761 
-0.144133 0.000867497 0.989558 77.1051 0.0973652 0.99516 0.0133092 -0.64517 -0.984757 0.0982668 -0.14352 17.4551 
-0.143582 -0.000337825 0.989638 78.8264 0.0975037 0.99513 0.014486 -0.637444 -0.984823 0.0985734 -0.14285 17.2062 
-0.143363 -9.58435e-05 0.98967 80.6102 0.0990811 0.994974 0.0144491 -0.625124 -0.984698 0.100129 -0.142633 16.9633 
-0.143683 -0.000496714 0.989624 82.4015 0.100763 0.994795 0.015129 -0.61983 -0.98448 0.101891 -0.142885 16.7455 
-0.143069 0.000207972 0.989713 84.1775 0.101393 0.994741 0.0144478 -0.610671 -0.984505 0.102417 -0.142338 16.4782 
-0.143648 0.000575503 0.989629 85.9515 0.101052 0.994781 0.0140895 -0.613873 -0.984456 0.102028 -0.142957 16.2419 
-0.144911 0.00107499 0.989444 87.7426 0.100484 0.994845 0.0136357 -0.607532 -0.984329 0.101399 -0.144272 16.0201 
-0.145805 0.00150264 0.989312 89.5771 0.0998138 0.994918 0.0131993 -0.594249 -0.984265 0.100672 -0.145214 15.764 
-0.146442 0.000739417 0.989219 91.4058 0.0989291 0.994997 0.0139014 -0.579496 -0.98426 0.0998983 -0.145782 15.5043 
-0.147643 4.25051e-06 0.989041 93.215 0.0994952 0.994927 0.0148482 -0.584359 -0.984023 0.100597 -0.146894 15.2699 
-0.147369 -0.00123286 0.989081 95.0725 0.0971574 0.995145 0.0157164 -0.579378 -0.984298 0.0984127 -0.146534 14.9786 
-0.150367 -0.000703637 0.98863 96.8673 0.0970191 0.995162 0.0154644 -0.588003 -0.983858 0.0982414 -0.149571 14.7942 
-0.152908 -0.000284994 0.98824 98.7357 0.0954468 0.995321 0.0150552 -0.582455 -0.98362 0.0966264 -0.152166 14.5345 
-0.156412 0.000400413 0.987692 100.609 0.0961741 0.995254 0.0148267 -0.570928 -0.982998 0.0973095 -0.155708 14.2317 
-0.16055 -0.000415131 0.987027 102.489 0.0950897 0.995342 0.0158859 -0.557512 -0.982436 0.0964066 -0.159763 13.9435 
-0.165357 -0.00138528 0.986233 104.363 0.0933151 0.995491 0.0170439 -0.542346 -0.981809 0.0948487 -0.164482 13.6575 
-0.169496 -0.000790677 0.985531 106.266 0.0925129 0.995571 0.0167094 -0.52937 -0.981179 0.0940065 -0.168672 13.3438 
-0.173757 0.000651995 0.984788 108.169 0.0931929 0.995523 0.0157839 -0.521638 -0.980369 0.0945178 -0.17304 13.0227 
-0.177959 0.00284886 0.984034 110.113 0.0933496 0.995535 0.0139997 -0.500042 -0.9796 0.0943506 -0.17743 12.6832 
-0.183363 0.00301927 0.983041 112.01 0.0919983 0.995659 0.014102 -0.493608 -0.978731 0.0930239 -0.182845 12.379 
-0.188352 0.00267052 0.982098 114.004 0.0898737 0.995847 0.0145284 -0.476539 -0.977981 0.0910013 -0.187809 12.0341 
-0.193809 0.00200251 0.981037 115.964 0.0878819 0.996013 0.0153284 -0.465619 -0.977095 0.0891862 -0.193213 11.6851 
-0.199174 0.00173431 0.979963 117.95 0.0874949 0.996036 0.0160202 -0.444679 -0.97605 0.0889325 -0.198536 11.3049 
-0.204562 0.00169006 0.978852 119.911 0.0880799 0.995974 0.0166874 -0.431636 -0.974883 0.0896308 -0.203887 10.9188 
-0.209731 0.0030887 0.977754 121.859 0.0886127 0.99594 0.0158614 -0.41979 -0.973735 0.0899681 -0.209153 10.5246 
-0.215253 0.00434151 0.976549 123.81 0.0891284 0.995904 0.0152182 -0.410247 -0.972482 0.090314 -0.214758 10.1232 
-0.221028 0.00439476 0.975257 125.761 0.0902554 0.995791 0.0159678 -0.39791 -0.971082 0.0915516 -0.220495 9.70326 
-0.226338 0.00443043 0.974039 127.752 0.0892702 0.995875 0.0162139 -0.382485 -0.969949 0.0906225 -0.2258 9.27775 
-0.231708 0.00514695 0.972772 129.765 0.0881923 0.995979 0.015737 -0.366178 -0.968779 0.0894373 -0.23123 8.82784 
-0.237126 0.00556271 0.971463 131.765 0.0873705 0.996053 0.0156228 -0.346083 -0.967542 0.0885818 -0.236676 8.38801 
-0.241624 0.00512171 0.970356 133.776 0.088482 0.995936 0.0167757 -0.333516 -0.966327 0.0899125 -0.241095 7.93126 
-0.245505 0.00531221 0.969381 135.78 0.0921899 0.995581 0.0178921 -0.330729 -0.965002 0.0937597 -0.24491 7.44894 
-0.248292 0.00635574 0.968664 137.807 0.0938635 0.995431 0.017528 -0.30384 -0.964127 0.0952743 -0.247754 6.92253 
-0.251204 0.00699346 0.967909 139.809 0.0941079 0.995413 0.0172319 -0.283055 -0.963348 0.0954166 -0.25071 6.42269 
-0.253925 0.00677689 0.9672 141.829 0.0931976 0.995494 0.0174925 -0.264273 -0.962723 0.0945825 -0.253412 5.90386 
-0.257393 0.00715356 0.96628 143.8 0.0915198 0.995658 0.0170075 -0.251077 -0.961963 0.0928114 -0.25693 5.39522 
-0.261711 0.00769736 0.965116 145.793 0.0911667 0.995694 0.0167804 -0.251614 -0.960831 0.0923781 -0.261286 4.90075 
-0.265999 0.00759163 0.963943 147.857 0.0906426 0.995735 0.0171707 -0.232589 -0.959702 0.0919417 -0.265553 4.36495 
-0.270301 0.00788617 0.962744 149.902 0.0904922 0.995748 0.0172501 -0.229369 -0.958514 0.0917835 -0.269865 3.81864 
-0.274864 0.00825004 0.961448 151.977 0.0899063 0.995802 0.017158 -0.217928 -0.95727 0.0911564 -0.274452 3.2843 
-0.279137 0.00834447 0.960215 154.003 0.089705 0.995816 0.0174235 -0.196519 -0.956052 0.0909997 -0.278717 2.72187 
-0.283578 0.00789185 0.958917 156.053 0.0894047 0.995828 0.0182438 -0.1771 -0.954772 0.0909052 -0.283101 2.17068 
-0.2881 0.00843227 0.957563 158.1 0.0902236 0.995752 0.0183767 -0.136509 -0.953341 0.0916891 -0.287637 1.6138 
-0.292553 0.00928452 0.956204 160.167 0.0913382 0.995652 0.0182775 -0.122124 -0.951877 0.0926851 -0.292129 1.0279 
-0.295724 0.0105231 0.955215 162.227 0.0916702 0.995637 0.0174116 -0.105108 -0.950865 0.0927138 -0.295399 0.419925 
-0.299339 0.0116745 0.954075 164.222 0.0912845 0.995689 0.0164566 -0.103413 -0.94977 0.0920184 -0.299114 -0.156077 
-0.302997 0.0127626 0.952906 166.278 0.0925523 0.995578 0.0160948 -0.0918195 -0.948487 0.0930703 -0.302838 -0.756577 
-0.306311 0.0132421 0.951839 168.286 0.0920779 0.995627 0.0157803 -0.0869576 -0.947468 0.0924771 -0.306191 -1.37046 
-0.309706 0.0132481 0.95074 170.332 0.092369 0.995593 0.0162163 -0.0815374 -0.946335 0.0928412 -0.309565 -2.00597 
-0.313756 0.0133663 0.94941 172.455 0.091963 0.995628 0.0163744 -0.0752927 -0.94504 0.0924481 -0.313613 -2.65778 
-0.317535 0.014219 0.94814 174.502 0.09393 0.995441 0.016529 -0.0643416 -0.943583 0.0943073 -0.317424 -3.29895 
-0.321058 0.0143451 0.946951 176.595 0.0955764 0.995271 0.0173275 -0.0594529 -0.942224 0.0960693 -0.320911 -3.95812 
-0.323557 0.0138675 0.946107 178.718 0.0964704 0.995166 0.0184051 -0.0452642 -0.941278 0.0972264 -0.323331 -4.65522 
-0.326148 0.0132644 0.945226 180.87 0.0956443 0.995233 0.0190356 -0.0120169 -0.940468 0.0966139 -0.325862 -5.37852 
-0.328742 0.0137341 0.94432 182.948 0.0944679 0.995358 0.0184103 0.00457055 -0.939683 0.0952602 -0.328514 -6.08134 
-0.331878 0.0152228 0.9432 184.985 0.0925384 0.995572 0.0164928 0.0096055 -0.938773 0.0927558 -0.331817 -6.75367 
-0.334942 0.0167146 0.942091 187.049 0.0916728 0.995677 0.014927 0.0127833 -0.937769 0.0913638 -0.335026 -7.45283 
-0.338169 0.017561 0.940921 189.142 0.0910462 0.995746 0.0141379 0.0213424 -0.936671 0.0904484 -0.338329 -8.16671 
-0.342054 0.0179424 0.939509 191.228 0.0885623 0.995983 0.0132225 0.0175681 -0.935498 0.0877279 -0.342269 -8.87473 
-0.345932 0.0180434 0.938086 193.33 0.0894617 0.995894 0.0138349 0.0213527 -0.933985 0.0887087 -0.346126 -9.58615 
-0.349654 0.0174175 0.936717 195.47 0.089535 0.995872 0.0149037 0.0139605 -0.932591 0.0890801 -0.34977 -10.3518 
-0.353541 0.0166943 0.93527 197.567 0.0892164 0.995884 0.0159483 0.00839226 -0.931155 0.0890798 -0.353575 -11.0819 
-0.357459 0.0163629 0.933785 199.639 0.0896386 0.995831 0.016864 0.00240085 -0.929617 0.0897315 -0.357436 -11.8231 
-0.361289 0.0164298 0.932309 201.604 0.0883363 0.995951 0.0166808 0.0127725 -0.92826 0.0883833 -0.361277 -12.5659 
-0.365068 0.0169243 0.930827 203.729 0.087428 0.996039 0.016179 0.0151829 -0.926866 0.0872868 -0.365102 -13.3458 
-0.368316 0.0173436 0.929539 205.849 0.0874397 0.99604 0.0160622 0.00638745 -0.92558 0.0871946 -0.368374 -14.1513 
-0.370951 0.0179708 0.928479 207.973 0.0878478 0.996008 0.0158195 0.0103305 -0.924488 0.087433 -0.371049 -14.963 
-0.373301 0.0178589 0.927538 210.113 0.0892961 0.995864 0.0167639 0.0206141 -0.923403 0.0890836 -0.373352 -15.7932 
-0.375618 0.0171798 0.926615 212.254 0.0904959 0.99573 0.0182226 0.0250893 -0.922346 0.0906997 -0.375569 -16.6328 
-0.378959 0.017546 0.925247 214.292 0.0905859 0.995722 0.0182193 0.0154597 -0.920969 0.0907187 -0.378927 -17.3811 
-0.381781 0.0183965 0.92407 216.466 0.0904344 0.995748 0.0175396 0.0275362 -0.919818 0.090264 -0.381821 -18.2406 
-0.384545 0.0184283 0.922922 218.574 0.0901042 0.995776 0.0176598 0.0219399 -0.918698 0.0899502 -0.384581 -19.0728 
-0.387571 0.0195103 0.921633 220.697 0.0894867 0.99585 0.0165501 0.022476 -0.917486 0.0888883 -0.387709 -19.9256 
-0.390796 0.0203939 0.920251 222.67 0.0886559 0.99594 0.0155775 0.0259673 -0.916198 0.0876733 -0.391018 -20.7312 
-0.393171 0.020233 0.919243 224.726 0.086502 0.996138 0.0150724 0.0176439 -0.915387 0.0854424 -0.393403 -21.5563 
-0.396636 0.0207374 0.917742 226.816 0.0866885 0.996123 0.014957 0.00253764 -0.913874 0.0854902 -0.396896 -22.3989 
-0.399302 0.0198751 0.916604 228.87 0.0882049 0.99596 0.0168291 -0.0158612 -0.912566 0.0875688 -0.399442 -23.2389 
-0.402545 0.0190556 0.915202 230.83 0.0887573 0.995885 0.0183037 -0.0139223 -0.911087 0.0885989 -0.40258 -24.0287 
-0.405601 0.0186499 0.91386 232.821 0.087964 0.995948 0.0187162 -0.0257887 -0.909808 0.0879781 -0.405598 -24.8698 
-0.408542 0.0186014 0.91255 234.778 0.0868622 0.996047 0.0185842 -0.0466329 -0.908597 0.0868586 -0.408543 -25.6789 
-0.412369 0.0179761 0.910839 236.876 0.0849855 0.996204 0.018815 -0.0436766 -0.907044 0.0851668 -0.412332 -26.5723 
-0.415661 0.0168803 0.909363 238.931 0.0839541 0.996271 0.019881 -0.0464335 -0.905637 0.0846085 -0.415528 -27.4671 
-0.420093 0.016792 0.907325 240.854 0.0842484 0.996232 0.0205697 -0.0920397 -0.903562 0.085082 -0.419925 -28.2065 
-0.424084 0.0164541 0.905473 242.992 0.0835362 0.996283 0.0210204 -0.0782938 -0.901762 0.0845542 -0.423883 -29.1608 
-0.427702 0.0160634 0.903777 244.921 0.0824992 0.996363 0.0213328 -0.043999 -0.900147 0.0836849 -0.427472 -30.0598 
-0.431787 0.0161207 0.901831 246.943 0.0822688 0.996376 0.0215786 -0.0416097 -0.898216 0.08351 -0.431549 -30.9357 
-0.435745 0.016911 0.899911 249.061 0.0823939 0.996375 0.021172 -0.0186229 -0.896291 0.0833728 -0.435559 -31.9089 
-0.439297 0.0176203 0.898169 251.224 0.0827601 0.99635 0.0209318 0.00235545 -0.894521 0.0835279 -0.439152 -32.9194 
-0.443674 0.0178462 0.89601 253.35 0.0830559 0.996318 0.0212824 0.0220676 -0.892331 0.0838615 -0.443523 -33.8142 
-0.446991 0.0180493 0.894356 255.445 0.0818321 0.996429 0.0207896 0.0198053 -0.890788 0.0824798 -0.446871 -34.8164 
-0.45031 0.0182513 0.892686 257.587 0.082374 0.996376 0.0211817 0.0347066 -0.889064 0.0830724 -0.450182 -35.8708 
-0.45416 0.0189207 0.890719 259.71 0.0825752 0.996365 0.0209386 0.0750888 -0.887085 0.0830609 -0.454072 -36.871 
-0.457537 0.0199815 0.888966 261.808 0.0845283 0.996197 0.0211136 0.0857672 -0.885164 0.0848031 -0.457486 -37.8994 
-0.461274 0.021953 0.886986 263.799 0.085871 0.996105 0.0200032 0.105291 -0.883092 0.0853933 -0.461363 -38.8748 
-0.463817 0.022912 0.885635 265.852 0.0877519 0.995938 0.020191 0.12771 -0.881574 0.0870811 -0.463943 -39.9143 
-0.466331 0.0249299 0.884259 267.892 0.0895349 0.9958 0.0191433 0.137526 -0.880068 0.0880991 -0.466604 -40.9527 
-0.468922 0.027631 0.882807 269.921 0.0914438 0.995658 0.0174092 0.163451 -0.878493 0.0888908 -0.469413 -41.9828 
-0.471884 0.0277853 0.881222 271.925 0.0919072 0.995608 0.0178233 0.165878 -0.876857 0.0894013 -0.472366 -43.0222 
-0.474866 0.0288275 0.879586 274.061 0.0919176 0.995622 0.0169934 0.196452 -0.875245 0.088919 -0.475436 -44.1393 
-0.477783 0.0288383 0.878004 276.226 0.0913195 0.995677 0.01699 0.226492 -0.873718 0.0882965 -0.478351 -45.3032 
-0.481467 0.0300587 0.875949 278.375 0.0919528 0.995629 0.0163764 0.241959 -0.871627 0.0884306 -0.482126 -46.4214 
-0.484319 0.0303992 0.874363 280.485 0.0908276 0.995743 0.0156911 0.263003 -0.870164 0.0870158 -0.485019 -47.565 
-0.487059 0.030295 0.872843 282.647 0.0889654 0.995921 0.0150771 0.28965 -0.868826 0.0849963 -0.487768 -48.7293 
-0.48957 0.0309557 0.871414 284.698 0.0914419 0.995682 0.0160028 0.285828 -0.867156 0.0875183 -0.490286 -49.8308 
-0.492675 0.0311129 0.869657 286.794 0.0928525 0.995535 0.0169861 0.280608 -0.865245 0.0891185 -0.493364 -50.8771 
-0.495021 0.0309875 0.868328 288.921 0.0936014 0.99545 0.0178368 0.302718 -0.863824 0.0901064 -0.49567 -52.0568 
-0.496492 0.0310267 0.867486 291.127 0.0934329 0.995465 0.0178708 0.34837 -0.862998 0.0899245 -0.49714 -53.2917 
-0.498913 0.0299811 0.866133 293.304 0.0929514 0.995488 0.0190835 0.361469 -0.861653 0.0900294 -0.499449 -54.4682 
-0.501461 0.0309463 0.864626 295.482 0.0948692 0.995301 0.0193983 0.419007 -0.859963 0.091754 -0.502041 -55.6953 
-0.50412 0.0306638 0.863089 297.606 0.0958931 0.995177 0.0206533 0.409875 -0.858294 0.093176 -0.504629 -56.8402 
-0.506089 0.0314591 0.861907 299.785 0.094772 0.995311 0.0193192 0.449138 -0.857258 0.0914619 -0.506698 -58.0688 
-0.508654 0.0339017 0.860303 301.947 0.0947884 0.995355 0.0168199 0.477465 -0.855737 0.0901023 -0.509505 -59.2788 
-0.51214 0.033084 0.858265 304.033 0.0930195 0.995517 0.0171313 0.489056 -0.85385 0.088609 -0.512921 -60.472 
-0.515712 0.0325259 0.856144 306.022 0.091934 0.99561 0.0175534 0.513408 -0.851815 0.0877613 -0.516438 -61.5841 
-0.519274 0.0319643 0.854009 308.007 0.0908468 0.995703 0.017971 0.538793 -0.849765 0.0869159 -0.519947 -62.7044 
-0.524048 0.0316486 0.851101 310.222 0.0908772 0.995682 0.0189307 0.571293 -0.846827 0.0872663 -0.524661 -64.0102 
-0.528229 0.0316285 0.848513 312.438 0.0916713 0.995589 0.0199576 0.590949 -0.844139 0.0883265 -0.528798 -65.3356 
-0.532168 0.0331393 0.84599 314.716 0.0936789 0.995403 0.0199362 0.632908 -0.84144 0.0898609 -0.532826 -66.7414 
-0.535973 0.034938 0.843512 317.02 0.097413 0.995029 0.0206831 0.648884 -0.838596 0.0932546 -0.536712 -68.1942 
-0.540259 0.0352171 0.840761 319.181 0.0990923 0.994835 0.0220042 0.669849 -0.835644 0.0952009 -0.540959 -69.4697 
-0.544545 0.0342312 0.838033 321.348 0.0992823 0.994773 0.0238789 0.709659 -0.832835 0.096205 -0.545097 -70.8136 
-0.548382 0.0325553 0.835594 323.548 0.0981995 0.994835 0.0256868 0.728268 -0.830442 0.0961411 -0.548747 -72.199 
-0.552079 0.0326453 0.833153 325.778 0.0971786 0.994942 0.0254095 0.77165 -0.82811 0.0949927 -0.552459 -73.6235 
-0.55632 0.0321495 0.830346 327.923 0.0964314 0.994998 0.026083 0.816547 -0.825354 0.0945819 -0.556637 -75.0035 
-0.559945 0.0318902 0.827916 330.118 0.0966623 0.994949 0.0270515 0.863292 -0.822872 0.0951756 -0.5602 -76.4633 
-0.564222 0.0306348 0.825055 332.294 0.0957976 0.994991 0.0285674 0.893248 -0.820047 0.0951567 -0.56433 -77.9156 
-0.567945 0.0298891 0.822523 334.475 0.0948589 0.995058 0.0293405 0.934304 -0.817582 0.0946875 -0.567974 -79.3412 
-0.57144 0.0288494 0.820136 336.538 0.0936436 0.995146 0.0302417 0.980585 -0.815283 0.0940819 -0.571368 -80.7156 
-0.574555 0.0282901 0.817977 338.73 0.0935168 0.995126 0.0312701 1.02416 -0.813106 0.094461 -0.5744 -82.1798 
-0.577098 0.0268937 0.816232 340.892 0.0904594 0.995412 0.0311597 1.06468 -0.811649 0.0918181 -0.576883 -83.6777 
-0.578562 0.0257056 0.815233 343.09 0.0886125 0.995568 0.0314954 1.11889 -0.810811 0.0904619 -0.578275 -85.2306 
-0.582059 0.024939 0.812764 345.24 0.0855535 0.99586 0.0307118 1.16006 -0.808633 0.0874109 -0.581783 -86.7023 
-0.584863 0.0218696 0.810837 347.356 0.0821213 0.996096 0.0323684 1.22206 -0.806964 0.0855181 -0.584376 -88.1609 
-0.58804 0.0212449 0.808553 349.534 0.0817328 0.996099 0.0332695 1.27563 -0.804692 0.0856491 -0.587482 -89.696 
-0.590341 0.0210654 0.806879 351.663 0.0812302 0.996135 0.0334245 1.31952 -0.803056 0.0852748 -0.589771 -91.2424 
-0.593675 0.0203504 0.804448 353.808 0.0793986 0.996283 0.033392 1.38093 -0.800778 0.083696 -0.593084 -92.737 
-0.596461 0.0166366 0.802469 355.903 0.0765371 0.996408 0.0362313 1.4373 -0.798984 0.0830292 -0.595592 -94.2485 
-0.599487 0.0142843 0.800257 358.091 0.0739815 0.996549 0.0376328 1.50463 -0.796958 0.0817646 -0.598475 -95.8171 
-0.602491 0.0135175 0.798011 360.253 0.073079 0.996591 0.0382927 1.57718 -0.794773 0.0813889 -0.601425 -97.3916 
-0.605027 0.0134547 0.796091 362.461 0.0723977 0.996645 0.0381778 1.64836 -0.792906 0.0807338 -0.603971 -99.0122 
-0.607826 0.0128979 0.793965 364.542 0.0721708 0.996627 0.0390608 1.70806 -0.790784 0.0810433 -0.606707 -100.55 
-0.61044 0.0120684 0.791971 366.757 0.0713157 0.99666 0.0397816 1.78015 -0.788846 0.0807642 -0.609262 -102.2 
-0.613005 0.0102414 0.790013 368.797 0.0677187 0.996917 0.0396221 1.83959 -0.787172 0.0777871 -0.611809 -103.748 
-0.614382 0.00621649 0.788984 371.009 0.0576346 0.997651 0.0370194 1.89531 -0.786901 0.0682169 -0.613297 -105.469 
-0.618342 0.00914752 0.785856 373.144 0.0501542 0.998353 0.0278421 1.9457 -0.784307 0.0566299 -0.617782 -107.015 
-0.621011 0.0193105 0.783564 375.214 0.0604942 0.997895 0.0233518 1.98791 -0.781464 0.0619028 -0.620872 -108.608 
-0.622287 0.0205848 0.782518 377.347 0.0681925 0.997279 0.0279949 2.01683 -0.779813 0.0707828 -0.621998 -110.185 
-0.624304 0.0109895 0.781104 379.266 0.0671771 0.996952 0.0396654 2.02786 -0.778288 0.0772356 -0.623139 -111.675 
-0.626878 0.000135302 0.779117 381.395 0.0603754 0.997001 0.0484049 2.12329 -0.776775 0.0773835 -0.625006 -113.335 
-0.630512 -0.00647065 0.776153 383.449 0.0536996 0.997205 0.0519366 2.19968 -0.77432 0.0744257 -0.628402 -114.886 
-0.633343 -0.00676027 0.773842 385.522 0.0529881 0.997236 0.0520794 2.2889 -0.772055 0.0739885 -0.631234 -116.485 
-0.636108 -0.000841985 0.771599 387.668 0.0589961 0.997019 0.0497244 2.37949 -0.769341 0.0771515 -0.634162 -118.176 
-0.637579 0.00563435 0.770364 389.761 0.0634943 0.996955 0.0452584 2.46463 -0.767764 0.0777696 -0.635996 -119.885 
-0.64008 0.008237 0.768264 391.823 0.0644074 0.996998 0.0429717 2.53613 -0.765604 0.0769872 -0.638689 -121.559 
-0.642895 0.0109357 0.765876 393.846 0.0657637 0.996994 0.0409678 2.58105 -0.763126 0.0767049 -0.641681 -123.218 
-0.647141 0.010609 0.762296 395.445 0.0655305 0.996976 0.0417561 2.70277 -0.759548 0.0769757 -0.64588 -124.204 
-0.651453 0.00959257 0.758628 397.183 0.0660067 0.996845 0.0440768 2.71587 -0.755812 0.0787885 -0.650031 -125.383 
-0.652815 0.0105172 0.757444 399.191 0.0677716 0.996705 0.0445707 2.78265 -0.754479 0.0804296 -0.651377 -127.07 
-0.654778 0.0110959 0.75574 401.09 0.0682418 0.996676 0.0444918 2.86961 -0.752734 0.0807053 -0.653359 -128.593 
-0.656736 0.0116753 0.75403 402.984 0.0687121 0.996647 0.0444141 2.95635 -0.750983 0.0809794 -0.655337 -130.122 
-0.657849 0.0113405 0.753064 405.055 0.0701767 0.99646 0.0462978 3.0495 -0.749873 0.0833046 -0.656316 -131.898 
-0.659907 0.0113428 0.751262 406.924 0.0733051 0.996088 0.0493517 3.09456 -0.747763 0.0876388 -0.658156 -133.453 
-0.66218 0.012807 0.749235 409.124 0.0763594 0.995802 0.0504653 3.24932 -0.745444 0.0906283 -0.660378 -135.32 
-0.663621 0.012971 0.747956 410.977 0.0750384 0.995961 0.0493056 3.306 -0.744296 0.0888457 -0.661914 -136.891 
-0.665272 0.0130936 0.746486 412.741 0.0711804 0.996404 0.045959 3.36254 -0.7432 0.0837105 -0.663812 -138.37 
-0.665967 0.0138961 0.745852 414.511 0.0683096 0.996762 0.0424223 3.44187 -0.742847 0.0792007 -0.664759 -139.893 
-0.666663 0.0146943 0.745214 416.28 0.0654409 0.997099 0.0388819 3.51304 -0.742481 0.0746886 -0.66569 -141.418 
-0.667167 0.013741 0.744781 418.237 0.0637917 0.997211 0.0387456 3.57254 -0.742171 0.0733607 -0.666183 -143.128 
-0.668892 0.0127712 0.74325 420.185 0.0609913 0.997424 0.0377507 3.62479 -0.740853 0.0705829 -0.667948 -144.745 
-0.67015 0.0117055 0.742133 422.133 0.0588041 0.99757 0.0373659 3.6985 -0.739892 0.0686812 -0.66921 -146.398 
-0.670991 0.010798 0.741386 424.171 0.0600938 0.997396 0.0398612 3.76638 -0.739026 0.0712993 -0.669893 -148.159 
-0.670125 0.00887246 0.742195 426.121 0.062099 0.997093 0.0441494 3.82519 -0.739646 0.0756752 -0.668728 -149.919 
-0.670164 0.00755616 0.742175 428.038 0.0660586 0.996587 0.0495027 3.90859 -0.739268 0.082202 -0.668376 -151.596 
-0.669327 0.00634892 0.74294 429.98 0.0689547 0.996178 0.0536093 4.01411 -0.739761 0.0871114 -0.667207 -153.268 
-0.66685 0.00383518 0.745182 431.966 0.0633155 0.996662 0.0515304 4.11986 -0.742497 0.0815447 -0.664868 -155.031 
-0.66586 0.00333781 0.746069 433.963 0.0565698 0.997337 0.0460261 4.20899 -0.743928 0.072852 -0.664276 -156.769 
-0.664647 0.000938974 0.747156 435.979 0.0511527 0.99771 0.0442499 4.29615 -0.745404 0.0676297 -0.663173 -158.487 
-0.661658 0.000562597 0.749805 438.02 0.0498764 0.997818 0.0432641 4.37372 -0.748145 0.0660237 -0.660242 -160.263 
-0.658554 0.00130977 0.752532 440.04 0.0522483 0.997665 0.043987 4.45305 -0.750717 0.0682863 -0.657085 -162.03 
-0.655453 0.0005516 0.755236 442.032 0.0524275 0.99762 0.044772 4.52961 -0.753414 0.0689411 -0.653922 -163.738 
-0.652622 0.00171029 0.757681 444.13 0.0501898 0.997899 0.0409779 4.62712 -0.756019 0.064771 -0.651337 -165.501 
-0.6503 -0.00251981 0.759673 446.152 0.0442413 0.998172 0.0411826 4.70421 -0.758388 0.06039 -0.648999 -167.177 
-0.649725 -0.00935813 0.760112 448.188 0.0345291 0.998529 0.041808 4.77658 -0.759385 0.0534097 -0.648446 -168.851 
-0.650163 -0.0127691 0.759687 450.225 0.0276269 0.9988 0.040432 4.8551 -0.759292 0.0472752 -0.649031 -170.494 
-0.648289 -0.0139013 0.761268 451.977 0.0249602 0.998908 0.0394965 4.95226 -0.760985 0.0446065 -0.647234 -172.173 
-0.647863 -0.0138656 0.76163 454.013 0.0265459 0.998816 0.0407642 5.02628 -0.761294 0.0466278 -0.646728 -173.841 
-0.646764 -0.015426 0.762534 455.771 0.0282936 0.998622 0.0442 5.03402 -0.762165 0.0501619 -0.645437 -175.375 
-0.645081 -0.0176543 0.76391 457.669 0.0269986 0.998582 0.0458764 5.12254 -0.763637 0.0502185 -0.64369 -177.01 
-0.644006 -0.0185756 0.764795 459.663 0.0241801 0.998711 0.0446182 5.18746 -0.764638 0.0472272 -0.642727 -178.663 
-0.641962 -0.0177876 0.76653 461.647 0.0228996 0.99884 0.0423566 5.25743 -0.766394 0.0447445 -0.64081 -180.326 
-0.640623 -0.016213 0.767685 463.695 0.0239299 0.99887 0.0410645 5.33591 -0.767483 0.0446775 -0.639511 -182.019 
-0.63914 -0.0159916 0.768924 465.803 0.0256059 0.998787 0.0420561 5.42527 -0.768664 0.0465688 -0.637955 -183.77 
-0.637056 -0.0156394 0.770659 467.97 0.0283784 0.99864 0.0437245 5.52402 -0.770295 0.049725 -0.635746 -185.569 
-0.635487 -0.016013 0.771945 470.058 0.0280794 0.998644 0.0438313 5.60608 -0.771601 0.0495301 -0.634176 -187.27 
-0.635117 -0.0172094 0.772224 471.786 0.026518 0.998677 0.0440658 5.68692 -0.77196 0.0484648 -0.633821 -188.499 
-0.634176 -0.0182522 0.772973 473.832 0.0256914 0.998672 0.0446597 5.7646 -0.772762 0.0481809 -0.632864 -190.133 
-0.634033 -0.0200864 0.773045 475.543 0.0246573 0.998629 0.0461711 5.75205 -0.772912 0.0483353 -0.632669 -191.275 
-0.632478 -0.0188236 0.77435 477.595 0.0246877 0.998707 0.044442 5.83788 -0.774185 0.0472255 -0.631195 -192.92 
-0.631297 -0.0157186 0.775382 479.675 0.0280069 0.99868 0.0430477 5.9311 -0.775036 0.0488919 -0.630023 -194.555 
-0.630104 -0.012616 0.776408 481.756 0.0313237 0.998641 0.0416481 6.02047 -0.775879 0.0505626 -0.628852 -196.186 
-0.629108 -0.0142224 0.777188 483.88 0.0302977 0.998624 0.0427996 6.1018 -0.776727 0.0504726 -0.627812 -197.864 
-0.629062 -0.0147632 0.777215 485.887 0.0298598 0.998623 0.0431367 6.17348 -0.776781 0.0503432 -0.627755 -199.414 
-0.62837 -0.0157492 0.777755 487.45 0.0289554 0.998629 0.0436156 6.17878 -0.777375 0.049927 -0.627053 -200.775 
-0.627378 -0.0158774 0.778553 489.024 0.029751 0.998573 0.0443385 6.17894 -0.778146 0.0509797 -0.62601 -202.104 
-0.627658 -0.0154502 0.778336 490.983 0.0301958 0.998567 0.044172 6.24765 -0.777904 0.0512274 -0.626292 -203.64 
-0.628501 -0.0171601 0.777619 492.839 0.0292636 0.998527 0.0456868 6.30901 -0.777258 0.0514702 -0.627073 -204.656 
-0.628105 -0.018031 0.777919 494.799 0.0288192 0.998506 0.046413 6.41618 -0.777594 0.0515713 -0.626648 -205.776 
-0.627374 -0.0180583 0.778509 496.61 0.028753 0.998512 0.0463325 6.47714 -0.778187 0.0514523 -0.625921 -207.248 
-0.627389 -0.018368 0.778489 498.187 0.0273287 0.998586 0.0455853 6.60008 -0.778226 0.0498748 -0.626 -208.648 
-0.627944 -0.0172716 0.778066 499.847 0.0281593 0.998595 0.0448931 6.83657 -0.777748 0.0501002 -0.626576 -209.952 
-0.626814 -0.0162084 0.779 501.853 0.0295557 0.998569 0.0445586 6.9296 -0.778608 0.0509539 -0.625439 -211.563 
-0.625435 -0.0130586 0.780167 503.97 0.0337982 0.998468 0.0438074 7.02422 -0.779544 0.0537669 -0.624036 -213.328 
-0.624397 -0.0123379 0.781009 505.784 0.0341398 0.998489 0.0430674 7.09108 -0.78036 0.0535546 -0.623033 -214.711 
-0.625107 -0.011579 0.780453 507.741 0.0342262 0.998522 0.0422279 7.25204 -0.779788 0.053109 -0.623787 -215.65 
-0.625237 -0.0121708 0.78034 509.854 0.0341107 0.998497 0.042904 7.33624 -0.779689 0.0534432 -0.623882 -217.273 
-0.623226 -0.0131604 0.781931 511.924 0.0340637 0.998453 0.0439545 7.42144 -0.781299 0.0540291 -0.621814 -218.911 
-0.622628 -0.0136337 0.782399 514.25 0.0348531 0.998373 0.0451329 7.56862 -0.781742 0.0553701 -0.621139 -220.6 
-0.622611 -0.0126072 0.78243 516.731 0.0376275 0.998231 0.0460261 7.77321 -0.781626 0.0580972 -0.621036 -222.3 
-0.6225 -0.0118714 0.782529 518.597 0.038616 0.998201 0.0458621 7.8451 -0.781666 0.0587674 -0.620922 -223.797 
-0.622616 -0.0123827 0.78243 519.791 0.038331 0.998192 0.046299 7.92469 -0.781588 0.0588179 -0.621015 -224.987 
-0.623106 -0.0137205 0.782017 521.155 0.0374016 0.998179 0.0473143 7.8969 -0.781243 0.0587306 -0.621458 -226.098 
-0.623385 -0.0147938 0.781775 522.806 0.0360711 0.998212 0.0476524 7.9264 -0.781083 0.0579053 -0.621737 -227.502 
-0.623827 -0.014313 0.781432 524.97 0.0355767 0.998276 0.0466861 8.03095 -0.780753 0.0569248 -0.622242 -229.133 
-0.623997 -0.0152433 0.781278 527.065 0.0364357 0.998155 0.0485754 8.10928 -0.780577 0.0587773 -0.62229 -230.749 
-0.624253 -0.0163546 0.781051 529.356 0.0389692 0.997884 0.0520409 8.2032 -0.78025 0.0629236 -0.622295 -232.435 
-0.623229 -0.0170813 0.781853 531.144 0.0385802 0.997872 0.0525537 8.25753 -0.781087 0.0629171 -0.621244 -233.916 
-0.621683 -0.0171073 0.783082 532.953 0.0388635 0.997856 0.0526527 8.28709 -0.782304 0.0631666 -0.619685 -235.371 
-0.620135 -0.0171337 0.784308 534.764 0.039147 0.99784 0.0527511 8.31688 -0.783518 0.0634161 -0.618124 -236.822 
-0.618584 -0.0171607 0.785531 536.578 0.0394306 0.997824 0.0528489 8.3469 -0.784729 0.0636655 -0.616561 -238.27 
-0.619101 -0.0190689 0.785079 538.407 0.0399253 0.997648 0.0557165 8.42197 -0.784295 0.0658387 -0.616884 -239.563 
-0.619719 -0.0198922 0.784571 540.533 0.0409295 0.997499 0.0576202 8.53994 -0.783755 0.0678205 -0.617355 -241.137 
-0.620185 -0.0201898 0.784196 542.77 0.0448208 0.997124 0.0611185 8.68677 -0.783174 0.0730531 -0.617496 -242.74 
-0.619401 -0.0202785 0.784813 544.491 0.0446196 0.997141 0.06098 8.74403 -0.783806 0.0727891 -0.616725 -244.158 
-0.618059 -0.0216868 0.785832 546.179 0.0436151 0.997134 0.0618215 8.77671 -0.784921 0.0724835 -0.615342 -245.575 
-0.617608 -0.0221051 0.786175 548.235 0.0437399 0.997092 0.0623969 8.89383 -0.785269 0.0729241 -0.614846 -247.131 
-0.618885 -0.0231895 0.785139 549.856 0.0443014 0.996942 0.0643657 8.96007 -0.784232 0.0746177 -0.615965 -248.208 
-0.61966 -0.0244403 0.784489 551.771 0.0460867 0.996657 0.0674537 9.00644 -0.783516 0.0779529 -0.616463 -249.563 
-0.62041 -0.0247607 0.783886 553.978 0.0453481 0.996697 0.0673737 9.14008 -0.782965 0.0773471 -0.617238 -251.176 
-0.620307 -0.0242425 0.783984 555.985 0.0463003 0.996648 0.0674524 9.25707 -0.782991 0.07814 -0.617105 -252.684 
-0.620307 -0.0242425 0.783984 558.106 0.0463003 0.996648 0.0674524 9.35912 -0.782991 0.07814 -0.617105 -254.223 
-0.620647 -0.0262648 0.78365 559.535 0.043601 0.996736 0.0679382 9.40458 -0.782877 0.0763336 -0.617476 -255.242 
-0.619184 -0.0281111 0.784742 560.948 0.0420546 0.996738 0.0688874 9.45118 -0.784119 0.0756561 -0.615982 -256.612 
-0.619617 -0.0273751 0.784427 562.463 0.0424028 0.996765 0.0682792 9.49028 -0.783758 0.0755689 -0.616452 -257.543 
-0.619615 -0.0272411 0.784433 563.819 0.0432561 0.996694 0.0687798 9.46556 -0.783713 0.0765486 -0.616388 -258.407 
-0.619613 -0.0271071 0.784439 565.175 0.0441094 0.996622 0.0692803 9.44151 -0.783667 0.0775281 -0.616324 -259.271 
-0.620131 -0.0279913 0.783998 566.744 0.0437087 0.996578 0.070154 9.51635 -0.783279 0.0777723 -0.616786 -260.287 
-0.620673 -0.0298714 0.7835 568.616 0.0424372 0.996529 0.071611 9.42377 -0.78292 0.0776966 -0.617251 -261.422 
-0.619791 -0.0291601 0.784225 570.592 0.0422047 0.996625 0.070413 9.55753 -0.783631 0.0767393 -0.616468 -262.973 
-0.619809 -0.0293584 0.784203 572.307 0.041807 0.996645 0.0703545 9.68561 -0.783638 0.0763915 -0.616503 -264.124 
-0.617987 -0.0295833 0.785631 574.302 0.0417272 0.996649 0.0703523 9.82983 -0.78508 0.076259 -0.614682 -265.664 
-0.616972 -0.0303128 0.786401 576.357 0.0415097 0.996613 0.070982 9.97791 -0.78589 0.0764372 -0.613624 -267.224 
-0.61659 -0.0306413 0.786688 578.316 0.0411757 0.99662 0.0710907 10.0946 -0.786207 0.0762263 -0.613244 -268.606 
-0.616754 -0.0319847 0.786506 580.304 0.0393182 0.996675 0.0713637 10.224 -0.786174 0.0749378 -0.613446 -270.03 
-0.615907 -0.0326878 0.78714 582.398 0.0376001 0.996781 0.0708142 10.3806 -0.786921 0.0732116 -0.612696 -271.62 
-0.616216 -0.0322855 0.786915 584.485 0.0363674 0.996927 0.0693802 10.5226 -0.786737 0.0713713 -0.613148 -273.171 
-0.615834 -0.0321145 0.787221 586.585 0.0370649 0.996882 0.069663 10.6765 -0.787003 0.0720792 -0.612724 -274.765 
-0.617555 -0.0329744 0.785836 588.602 0.0380385 0.996699 0.0717152 10.7665 -0.785608 0.0741801 -0.614262 -275.734 
-0.617255 -0.0346627 0.785999 590.589 0.0366153 0.996681 0.0727082 10.9006 -0.78591 0.0736592 -0.613937 -277.257 
-0.616729 -0.0338163 0.786449 592.514 0.0362528 0.996797 0.0712901 11.0503 -0.786341 0.0724776 -0.613527 -278.782 
-0.616667 -0.0318684 0.786579 594.297 0.0371057 0.996893 0.0694796 11.1364 -0.786349 0.0720324 -0.613568 -280.22 
-0.615856 -0.0310184 0.787247 595.942 0.0370206 0.996982 0.0682429 11.2233 -0.786988 0.0711722 -0.612849 -281.413 
-0.617846 -0.0310759 0.785685 597.153 0.0368748 0.996974 0.0684305 11.3276 -0.785434 0.0712515 -0.61483 -281.865 
-0.618857 -0.0313891 0.784876 598.044 0.0375623 0.996876 0.0694844 11.4034 -0.784605 0.0724827 -0.615744 -282.295 
-0.619241 -0.0325591 0.784525 599.134 0.0383586 0.996692 0.0716415 11.4829 -0.784263 0.0744567 -0.615944 -282.797 
-0.619626 -0.0337281 0.784172 600.224 0.0391537 0.996504 0.0737986 11.5646 -0.78392 0.0764308 -0.61614 -283.299 
-0.620919 -0.0333454 0.783165 601.004 0.0385261 0.996589 0.0729773 11.634 -0.782927 0.0754854 -0.617517 -283.719 
-0.621672 -0.0335535 0.782558 601.75 0.0352742 0.996869 0.0707646 11.7179 -0.782483 0.0715965 -0.618542 -284.145 
-0.623095 -0.0338314 0.781414 602.603 0.035276 0.996832 0.0712867 11.7656 -0.78135 0.0719835 -0.619927 -284.56 
-0.624902 -0.0341494 0.779956 602.949 0.0348886 0.996823 0.0715974 11.7966 -0.779923 0.0719529 -0.621725 -284.884 
-0.625999 -0.0352048 0.779029 603.646 0.0335955 0.996835 0.0720436 11.8424 -0.7791 0.0712711 -0.622835 -285.282 
-0.62749 -0.0354217 0.777818 604.42 0.0326449 0.996889 0.0717337 11.9016 -0.77794 0.070404 -0.624382 -285.678 
-0.628771 -0.0350156 0.776801 605.427 0.0317598 0.996995 0.0706486 11.9676 -0.776941 0.0690929 -0.62577 -286.269 
-0.6291 -0.0353741 0.776519 607.063 0.03194 0.996944 0.0712917 12.0313 -0.776668 0.0696516 -0.626047 -287.345 
-0.628869 -0.0358179 0.776685 609.119 0.0325015 0.996854 0.0722872 12.1742 -0.776831 0.0707027 -0.625727 -288.952 
-0.628241 -0.0354714 0.77721 611.139 0.0333679 0.996812 0.072466 12.3294 -0.777303 0.0714599 -0.625055 -290.549 
-0.627983 -0.0344183 0.777466 613.245 0.0336665 0.996885 0.0713254 12.4982 -0.777499 0.0709657 -0.624868 -292.184 
-0.627806 -0.0313587 0.777738 615.907 0.0365551 0.996898 0.0697033 12.7664 -0.777511 0.0721904 -0.624712 -294.175 
-0.627621 -0.0282992 0.778004 618.571 0.039443 0.9969 0.0680802 13.0289 -0.777519 0.0734154 -0.624559 -296.165 
