1 -4.23778e-08 4.22719e-08 0 -4.23778e-08 1 -4.19404e-08 0 4.22719e-08 -4.19404e-08 1 0 
0.999997 -0.0020819 -0.00131247 -0.0238499 0.00208575 0.999993 0.00300257 -0.019 0.0013063 -0.00300538 0.999995 1.54901 
0.999991 -0.00278688 -0.00310964 -0.0394135 0.00279826 0.999989 0.00368915 -0.0347225 0.00309941 -0.0036979 0.999988 3.08891 
0.999987 -0.00209741 -0.00472626 -0.0591156 0.00211301 0.999992 0.00331513 -0.0483805 0.00471936 -0.00332516 0.999983 4.58676 
0.99998 -0.00131058 -0.00613802 -0.105051 0.00133102 0.999993 0.00334201 -0.0652008 0.00613368 -0.0033502 0.999975 6.12051 
0.999972 -0.000630897 -0.00740357 -0.152689 0.000657192 0.999993 0.0035611 -0.0772618 0.00740136 -0.00356595 0.999966 7.64254 
0.999957 -0.000707025 -0.0092745 -0.188926 0.00074452 0.999991 0.00404899 -0.0972411 0.00927164 -0.0040558 0.999949 9.12833 
0.999933 -0.00269492 -0.0112662 -0.211598 0.00273141 0.999991 0.0032317 -0.112484 0.0112574 -0.00326234 0.999931 10.6007 
0.999912 -0.00417167 -0.0125603 -0.252884 0.00421629 0.999985 0.00353481 -0.12988 0.0125455 -0.00358755 0.999915 12.1248 
0.999894 -0.00428656 -0.0139025 -0.290073 0.00433205 0.999985 0.00324996 -0.140235 0.0138885 -0.00330992 0.999898 13.639 
0.999878 -0.00378591 -0.01518 -0.330263 0.00383291 0.999988 0.00307393 -0.152674 0.0151682 -0.00313182 0.99988 15.1516 
0.999868 -0.00260943 -0.0160472 -0.36916 0.00266439 0.999991 0.00340922 -0.166786 0.0160382 -0.00345161 0.999865 16.6582 
0.999857 -0.000361055 -0.0169164 -0.411828 0.000434175 0.99999 0.00432394 -0.184597 0.0169148 -0.00433075 0.999847 18.1474 
0.999846 0.000598806 -0.0175301 -0.466268 -0.000510025 0.999987 0.00507329 -0.195968 0.017533 -0.00506365 0.999833 19.6458 
0.99983 0.000231128 -0.0184565 -0.492569 -0.000137516 0.999987 0.00507768 -0.212393 0.0184575 -0.00507437 0.999817 21.1465 
0.999811 0.000942895 -0.0194107 -0.534868 -0.000842474 0.999986 0.0051853 -0.226553 0.0194154 -0.00516806 0.999798 22.6129 
0.999804 0.00100604 -0.0197598 -0.583702 -0.000892058 0.999983 0.00578058 -0.239069 0.0197653 -0.0057619 0.999788 24.0835 
0.999797 0.00152178 -0.0200796 -0.626131 -0.00137579 0.999972 0.00728677 -0.256925 0.0200902 -0.00725775 0.999772 25.5487 
0.999791 0.00186847 -0.0203655 -0.671104 -0.00175217 0.999982 0.00573135 -0.267174 0.0203759 -0.00569456 0.999776 27.0087 
0.999775 0.00226223 -0.0210753 -0.703491 -0.00218146 0.99999 0.00385855 -0.277586 0.0210839 -0.0038118 0.99977 28.4302 
0.999773 0.000131964 -0.0213121 -0.740688 -5.60573e-05 0.999994 0.00356615 -0.288433 0.0213125 -0.00356423 0.999766 29.8762 
0.999776 -0.000531646 -0.0211436 -0.786186 0.000662991 0.99998 0.00620945 -0.303478 0.0211399 -0.00622216 0.999757 31.3047 
0.999783 -0.00195853 -0.020731 -0.846692 0.00211683 0.999969 0.0076211 -0.323201 0.0207155 -0.00766341 0.999756 32.6953 
0.99978 -0.00280434 -0.0207613 -0.891018 0.00295525 0.999969 0.00724607 -0.339895 0.0207405 -0.00730592 0.999758 34.0925 
0.999797 -0.00247454 -0.0199728 -0.944793 0.00257609 0.999984 0.00506422 -0.348088 0.0199601 -0.00511473 0.999788 35.4825 
0.999804 -0.00169694 -0.0197039 -0.987483 0.00178353 0.999989 0.00438238 -0.363534 0.0196964 -0.00441675 0.999796 36.8555 
0.999823 -0.000680374 -0.0188038 -1.03342 0.000746611 0.999993 0.00352016 -0.380765 0.0188014 -0.00353366 0.999817 38.2198 
0.999844 0.000354259 -0.0176822 -1.07533 -0.000278146 0.999991 0.0043115 -0.391025 0.0176837 -0.00430599 0.999834 39.5628 
0.999867 0.000815713 -0.016263 -1.11657 -0.000709444 0.999978 0.00654421 -0.410712 0.0162681 -0.00653189 0.999846 40.8949 
0.999889 0.000361787 -0.0148934 -1.14941 -0.00024633 0.99997 0.007759 -0.435125 0.0148958 -0.00775455 0.999859 42.1607 
0.99992 0.000833101 -0.0126011 -1.1799 -0.000729835 0.999966 0.00820405 -0.44568 0.0126076 -0.00819428 0.999887 43.4534 
0.99995 0.000272359 -0.0100159 -1.18598 -0.000195293 0.99997 0.00770296 -0.457586 0.0100178 -0.0077007 0.99992 44.7454 
0.999978 8.64549e-06 -0.00661272 -1.21487 3.09831e-05 0.999982 0.00600539 -0.471194 0.00661274 -0.00600555 0.99996 46.0106 
0.999994 -7.06681e-05 -0.00341473 -1.22544 8.4154e-05 0.999992 0.00397407 -0.476538 0.00341451 -0.00397442 0.999986 47.2724 
1 0.000147568 0.000238597 -1.23542 -0.000148729 0.99999 0.00451806 -0.49352 -0.000237843 -0.00451818 0.99999 48.4923 
0.999985 0.000316497 0.00551136 -1.24457 -0.000341336 0.99999 0.00449114 -0.509632 -0.00550979 -0.00449304 0.999975 49.7156 
0.999928 0.00231025 0.0118081 -1.25152 -0.00235036 0.999991 0.00337726 -0.522487 -0.0118001 -0.00340485 0.999924 50.9276 
0.999815 0.00335436 0.0189576 -1.25025 -0.00342184 0.999988 0.00352342 -0.54135 -0.0189454 -0.00358772 0.999814 52.1117 
0.999618 0.00424653 0.0273101 -1.23539 -0.00437134 0.99998 0.00450887 -0.553976 -0.0272903 -0.00462661 0.999617 53.2897 
0.999266 0.00649798 0.0377516 -1.21054 -0.00669575 0.999964 0.00511235 -0.568819 -0.037717 -0.00536145 0.999274 54.4685 
0.998691 0.00884978 0.0503859 -1.16836 -0.0091178 0.999945 0.00509018 -0.584154 -0.050338 -0.005543 0.998717 55.611 
0.997821 0.0105042 0.0651334 -1.11109 -0.0108835 0.999926 0.00546885 -0.597102 -0.065071 -0.00616589 0.997861 56.7664 
0.99662 0.0125897 0.0811725 -1.04101 -0.0131772 0.999891 0.00670441 -0.608865 -0.0810792 -0.00775146 0.996677 57.8963 
0.995037 0.0124122 0.0987274 -0.949206 -0.0132194 0.999884 0.00752448 -0.622088 -0.0986225 -0.00879233 0.995086 59.0105 
0.992949 0.0120817 0.117925 -0.841014 -0.0129656 0.999893 0.00673101 -0.635024 -0.117831 -0.0082126 0.993 60.0991 
0.990406 0.0112827 0.137726 -0.704679 -0.0122223 0.999907 0.00597756 -0.649683 -0.137646 -0.00760361 0.990452 61.1684 
0.987295 0.00836012 0.158678 -0.542724 -0.00938824 0.999939 0.0057302 -0.656643 -0.158621 -0.00714718 0.987314 62.2303 
0.983686 0.00301986 0.179869 -0.35364 -0.00454052 0.999957 0.00804267 -0.671711 -0.179837 -0.00872824 0.983658 63.2878 
0.979176 -0.00234589 0.202999 -0.143693 0.000438064 0.999955 0.00944217 -0.683875 -0.203012 -0.00915669 0.979133 64.322 
0.973928 -0.00768116 0.226728 0.0944409 0.00580966 0.999943 0.00892012 -0.69344 -0.226783 -0.00737042 0.973917 65.3477 
0.967739 -0.0137808 0.251579 0.351816 0.0123198 0.999897 0.00738119 -0.704521 -0.251655 -0.00404374 0.967809 66.3389 
0.960572 -0.0177285 0.277466 0.633479 0.0161735 0.999838 0.00789168 -0.711729 -0.277561 -0.00309299 0.960703 67.3084 
0.952216 -0.0205011 0.304735 0.930419 0.0182336 0.999781 0.010285 -0.71989 -0.304879 -0.00423726 0.952382 68.2687 
0.94277 -0.0247909 0.332519 1.25674 0.0216137 0.999678 0.0132506 -0.726338 -0.332741 -0.00530535 0.943003 69.2154 
0.93209 -0.0276645 0.361169 1.60457 0.0245955 0.999612 0.0130921 -0.733912 -0.36139 -0.00331997 0.932409 70.1417 
0.92027 -0.0268422 0.390361 1.97463 0.0252639 0.999639 0.00917793 -0.739064 -0.390466 0.00141582 0.920616 71.0454 
0.907476 -0.0280151 0.419168 2.37427 0.0290436 0.99957 0.00392816 -0.746522 -0.419098 0.00860938 0.9079 71.9209 
0.893588 -0.0300988 0.447877 2.79643 0.032749 0.999462 0.00182717 -0.7576 -0.447691 0.0130347 0.894093 72.7747 
0.878352 -0.0308507 0.477018 3.25653 0.0324471 0.999461 0.00489292 -0.763098 -0.476912 0.0111801 0.87888 73.6274 
0.860789 -0.0295268 0.508105 3.73317 0.0278896 0.999552 0.0108371 -0.774267 -0.508198 0.00484232 0.861227 74.4752 
0.841474 -0.0298092 0.539475 4.23898 0.0259125 0.999554 0.0148128 -0.782935 -0.539676 0.00151448 0.841871 75.2757 
0.820704 -0.0238436 0.570855 4.75593 0.022018 0.999706 0.010101 -0.789826 -0.570929 0.0042791 0.820988 76.0444 
0.798979 -0.0166826 0.601127 5.30767 0.0187983 0.999819 0.00276153 -0.792016 -0.601064 0.0090937 0.799149 76.7967 
0.77672 -0.0146095 0.629676 5.88853 0.018047 0.999837 0.000936205 -0.799853 -0.629587 0.0106365 0.776857 77.523 
0.753731 -0.0168702 0.656966 6.49725 0.0188321 0.999814 0.00406809 -0.809378 -0.656913 0.00930576 0.753909 78.2216 
0.72961 -0.0170406 0.683652 7.11717 0.0188672 0.99981 0.00478546 -0.822043 -0.683604 0.00940703 0.729793 78.8887 
0.704897 -0.0153349 0.709144 7.75755 0.0198418 0.999801 0.00189705 -0.830323 -0.709032 0.0127335 0.705061 79.5221 
0.678803 -0.0129125 0.734207 8.39715 0.0196664 0.999806 -0.000598953 -0.838902 -0.734057 0.0148458 0.678926 80.1288 
0.651968 -0.0104663 0.758174 9.07068 0.0177584 0.999841 -0.00146847 -0.851872 -0.758038 0.0144213 0.65205 80.7244 
0.624074 -0.00885835 0.781315 9.76397 0.0174044 0.999845 -0.0025659 -0.864856 -0.781171 0.0151996 0.624132 81.2932 
0.595957 -0.00253162 0.803012 10.4919 0.0161264 0.999831 -0.00881627 -0.881233 -0.802854 0.0182038 0.595897 81.83 
0.565859 0.00681397 0.824473 11.2292 0.0146187 0.999726 -0.0182957 -0.901327 -0.824372 0.0224055 0.565605 82.3511 
0.535125 0.0153206 0.844634 11.996 0.0132899 0.999559 -0.0265508 -0.921627 -0.844668 0.0254331 0.534686 82.8513 
0.503686 0.0202183 0.86365 12.7896 0.0110249 0.999494 -0.0298283 -0.947953 -0.863816 0.0245457 0.503209 83.3236 
0.471243 0.0200774 0.881775 13.598 0.00861974 0.999588 -0.0273667 -0.979603 -0.881961 0.020497 0.470876 83.7706 
0.438086 0.0188895 0.898735 14.4257 0.00384107 0.999731 -0.0228847 -1.01201 -0.898925 0.0134775 0.437895 84.1921 
0.404648 0.0198415 0.914257 15.2839 -0.000485785 0.999769 -0.0214824 -1.0513 -0.914472 0.00824863 0.404564 84.5574 
0.369629 0.0231766 0.92889 16.1499 -0.00766687 0.999731 -0.0218934 -1.07722 -0.929148 0.000970742 0.369707 84.924 
0.333862 0.0254236 0.942279 17.0295 -0.0128251 0.999666 -0.022428 -1.10515 -0.942535 -0.004597 0.334076 85.2592 
0.298103 0.0245395 0.954218 17.9263 -0.0151795 0.999665 -0.0209662 -1.13549 -0.954413 -0.00823445 0.298376 85.5545 
0.26206 0.0245038 0.96474 18.8534 -0.016051 0.99965 -0.0210305 -1.15947 -0.964918 -0.0099738 0.262362 85.8144 
0.226107 0.0236938 0.973814 19.7892 -0.0153923 0.999666 -0.020749 -1.19159 -0.973981 -0.0102978 0.226397 86.0455 
0.191102 0.0224743 0.981313 20.7213 -0.0132982 0.999705 -0.020306 -1.2164 -0.98148 -0.00916919 0.191344 86.2284 
0.156964 0.021413 0.987372 21.6994 -0.00527304 0.999769 -0.0208437 -1.24421 -0.98759 -0.00193475 0.157041 86.3815 
0.123714 0.0247562 0.992009 22.6662 -0.00284129 0.999693 -0.0245938 -1.27527 -0.992314 0.000223998 0.123746 86.4978 
0.0909216 0.0298373 0.995411 23.6175 -0.00200119 0.999554 -0.0297788 -1.30579 -0.995856 0.000715524 0.0909408 86.5963 
0.0618752 0.0334725 0.997522 24.5846 0.00473977 0.999416 -0.0338302 -1.34145 -0.998073 0.00682128 0.0616805 86.6563 
0.0361528 0.0317067 0.998843 25.5601 0.00644449 0.999468 -0.0319599 -1.37831 -0.999325 0.00759248 0.0359293 86.7008 
0.0137958 0.0285685 0.999497 26.5435 0.00857419 0.999552 -0.0286885 -1.41759 -0.999868 0.00896565 0.0135447 86.7221 
-0.00494344 0.0261513 0.999646 27.5286 0.00855168 0.999622 -0.0261085 -1.453 -0.999951 0.00841958 -0.00516521 86.7272 
-0.0219396 0.0292358 0.999332 28.5127 0.0100822 0.999528 -0.0290203 -1.49011 -0.999708 0.00943875 -0.022224 86.7155 
-0.0366764 0.0339084 0.998752 29.505 0.0125354 0.999361 -0.0334688 -1.52198 -0.999248 0.0112922 -0.037078 86.688 
-0.0485731 0.0390362 0.998056 30.4932 0.0170765 0.999122 -0.0382469 -1.56232 -0.998674 0.0151856 -0.049197 86.6421 
-0.057437 0.0424187 0.997447 31.4763 0.0219545 0.998909 -0.0412167 -1.61121 -0.998108 0.0195311 -0.0583056 86.5919 
-0.0636438 0.0474798 0.996842 32.4795 0.0261312 0.998604 -0.0458955 -1.6658 -0.99763 0.0231278 -0.0647957 86.5363 
-0.0674225 0.0520874 0.996364 33.4704 0.0275387 0.998353 -0.0503279 -1.72156 -0.997344 0.0240453 -0.0687459 86.4799 
-0.07065 0.0560954 0.995923 34.4701 0.0299353 0.998087 -0.0540938 -1.78009 -0.997052 0.0259915 -0.0721941 86.426 
-0.0732681 0.059145 0.995557 35.4766 0.0298422 0.997923 -0.0570894 -1.83929 -0.996866 0.0255268 -0.0748809 86.3606 
-0.0751998 0.0623331 0.995218 36.481 0.0312285 0.997702 -0.0601291 -1.91279 -0.996679 0.0265575 -0.0769735 86.2811 
-0.0770894 0.0655508 0.994867 37.4902 0.0329659 0.997458 -0.0631672 -1.98889 -0.996479 0.0279272 -0.0790544 86.2123 
-0.0789913 0.0672072 0.994607 38.5151 0.0355942 0.997279 -0.0645609 -2.05755 -0.99624 0.0303025 -0.0811685 86.1307 
-0.0809453 0.0655761 0.994559 39.5289 0.0357837 0.997381 -0.0628499 -2.13636 -0.996076 0.0305016 -0.0830799 86.0582 
-0.0830404 0.0654932 0.994392 40.5477 0.0355557 0.997397 -0.062722 -2.20837 -0.995912 0.0301478 -0.0851529 85.9856 
-0.0850359 0.0668798 0.994131 41.5968 0.0352337 0.997322 -0.0640808 -2.27584 -0.995755 0.0295778 -0.0871647 85.8931 
-0.0874363 0.0690123 0.993777 42.6146 0.034263 0.997215 -0.0662366 -2.35105 -0.995581 0.0282583 -0.0895574 85.8192 
-0.0899776 0.0717033 0.993359 43.6554 0.032778 0.997078 -0.0690028 -2.42176 -0.995404 0.0263517 -0.0920649 85.7338 
-0.0923415 0.0752787 0.992878 44.7056 0.030468 0.996885 -0.072749 -2.50073 -0.995261 0.0235333 -0.0943474 85.6439 
-0.0940335 0.0791754 0.992416 45.7479 0.0275607 0.996658 -0.0769025 -2.59046 -0.995187 0.0201203 -0.0959014 85.5455 
-0.0967729 0.0815588 0.991959 46.7852 0.025014 0.996521 -0.0794936 -2.67365 -0.994992 0.0171201 -0.0984764 85.4626 
-0.099277 0.0800029 0.991838 47.8246 0.0231987 0.996678 -0.0780713 -2.76294 -0.994789 0.0152587 -0.100803 85.3653 
-0.102252 0.0759533 0.991855 48.8796 0.020339 0.997032 -0.0742531 -2.84947 -0.994551 0.0125809 -0.103493 85.274 
-0.10469 0.0744746 0.991712 49.928 0.0202385 0.997145 -0.0727462 -2.93423 -0.994299 0.0124549 -0.105899 85.1782 
-0.106603 0.0747872 0.991485 50.9786 0.0191003 0.997137 -0.0731599 -3.01899 -0.994118 0.0111386 -0.107726 85.0822 
-0.107884 0.0775092 0.991137 52.0366 0.0208088 0.996914 -0.075696 -3.10417 -0.993946 0.012458 -0.109164 84.9805 
-0.108601 0.0802887 0.990838 53.0908 0.0211558 0.996694 -0.0784445 -3.19263 -0.99386 0.0124427 -0.109941 84.879 
-0.109089 0.0811648 0.990713 54.1352 0.0196122 0.996643 -0.0794911 -3.27931 -0.993838 0.0107584 -0.110315 84.7811 
-0.108739 0.0798098 0.990861 55.2042 0.0166814 0.996778 -0.0784558 -3.372 -0.99393 0.00799771 -0.10972 84.6821 
-0.108599 0.0789812 0.990943 56.2788 0.0129823 0.996866 -0.0780307 -3.46849 -0.994001 0.0043907 -0.109284 84.5752 
-0.108504 0.0799971 0.990872 57.3505 0.00932236 0.996795 -0.0794545 -3.56053 -0.994052 0.000616152 -0.108902 84.4755 
-0.109024 0.0801697 0.990801 58.4093 0.00511856 0.996774 -0.0800899 -3.65237 -0.994026 -0.00366023 -0.109083 84.3827 
-0.109784 0.0795906 0.990764 59.492 0.00175655 0.996803 -0.0798812 -3.74722 -0.993954 -0.00702932 -0.109573 84.29 
-0.110002 0.0744516 0.991139 60.5822 0.00237045 0.997207 -0.0746445 -3.83752 -0.993929 -0.00586156 -0.109871 84.187 
-0.110496 0.0656811 0.991704 61.6876 0.00539732 0.997839 -0.0654861 -3.92368 -0.993862 -0.00188342 -0.110612 84.0838 
-0.110354 0.059969 0.992081 62.7841 0.0111718 0.99819 -0.0590956 -4.00775 -0.99383 0.00456198 -0.110824 83.9727 
-0.109552 0.0623404 0.992024 63.8858 0.0195363 0.997973 -0.0605569 -4.08117 -0.993789 0.0127464 -0.110548 83.849 
-0.108482 0.0677443 0.991787 64.9799 0.0248505 0.997548 -0.0654197 -4.15606 -0.993788 0.0175496 -0.109899 83.7401 
-0.107317 0.0732819 0.99152 66.0831 0.0285362 0.997096 -0.0706054 -4.23877 -0.993815 0.0207171 -0.109096 83.6289 
-0.106559 0.0774756 0.991283 67.1903 0.0290547 0.996776 -0.0747817 -4.32788 -0.993882 0.0208328 -0.108467 83.5159 
-0.106477 0.0746352 0.99151 68.3128 0.0260625 0.997046 -0.0722532 -4.42071 -0.993973 0.0181479 -0.108108 83.4154 
-0.106246 0.0699387 0.991877 69.4502 0.0252051 0.997392 -0.0676278 -4.51154 -0.99402 0.0178152 -0.107732 83.3084 
-0.105738 0.0681177 0.992058 70.5945 0.0228346 0.997554 -0.0660614 -4.5905 -0.994132 0.0156681 -0.107034 83.1988 
-0.105391 0.0689015 0.992041 71.7393 0.0211589 0.997526 -0.0670347 -4.67293 -0.994206 0.0139256 -0.106589 83.0893 
-0.105444 0.073658 0.991693 72.8716 0.0220082 0.997181 -0.0717256 -4.7688 -0.994182 0.0142623 -0.106768 82.9909 
-0.104526 0.076599 0.991568 74.0256 0.0218427 0.996966 -0.0747135 -4.85094 -0.994282 0.013849 -0.105882 82.8768 
-0.103868 0.075446 0.991725 75.1761 0.0225328 0.997041 -0.0734905 -4.94196 -0.994336 0.014713 -0.105261 82.7636 
-0.102796 0.0686244 0.992332 76.3488 0.0247082 0.997486 -0.0664213 -5.02758 -0.994395 0.0176909 -0.104234 82.6442 
-0.10318 0.0668908 0.992411 77.4892 0.0234942 0.997622 -0.0647994 -5.11823 -0.994385 0.0166299 -0.104507 82.5338 
-0.102788 0.0701664 0.992225 78.6469 0.0209964 0.99744 -0.0683601 -5.19868 -0.994482 0.0138066 -0.103998 82.4363 
-0.103003 0.0737168 0.991946 79.8139 0.0205504 0.997195 -0.071973 -5.27133 -0.994469 0.0129715 -0.104229 82.347 
-0.102947 0.073408 0.991974 81.0138 0.0195249 0.99723 -0.0717707 -5.35619 -0.994495 0.0119796 -0.104095 82.2372 
-0.102739 0.0697187 0.992262 82.2009 0.0194416 0.997491 -0.0680732 -5.451 -0.994518 0.0122974 -0.103837 82.1254 
-0.101909 0.0685665 0.992428 83.394 0.0208871 0.997549 -0.0667756 -5.54041 -0.994574 0.0139239 -0.103091 82.0226 
-0.100671 0.0688578 0.992534 84.585 0.0222741 0.997508 -0.0669437 -5.62897 -0.99467 0.0153685 -0.101954 81.914 
-0.0999877 0.0691612 0.992582 85.7662 0.0249872 0.997441 -0.0669827 -5.71186 -0.994675 0.0181044 -0.10146 81.8086 
-0.0987254 0.0689518 0.992723 86.9578 0.0250227 0.997453 -0.066792 -5.79223 -0.9948 0.0182466 -0.100199 81.7033 
-0.0973837 0.0695604 0.992813 88.1721 0.0263204 0.997386 -0.0672991 -5.87963 -0.994899 0.0195774 -0.0989599 81.5981 
-0.0961508 0.0674924 0.993076 89.3793 0.0267532 0.997513 -0.0652038 -5.97219 -0.995007 0.0202986 -0.0977173 81.4899 
-0.0952458 0.0667633 0.993212 90.5911 0.0249842 0.997594 -0.064662 -6.05845 -0.99514 0.0186558 -0.0966847 81.3895 
-0.0937745 0.0659526 0.993406 91.8223 0.0258575 0.997628 -0.0637921 -6.14563 -0.995258 0.019705 -0.0952574 81.284 
-0.0924174 0.0669025 0.99347 93.0508 0.0238917 0.997602 -0.0649583 -6.23203 -0.995434 0.0177324 -0.0937941 81.1902 
-0.0908921 0.0693751 0.993441 94.2761 0.0246994 0.997421 -0.0673933 -6.31989 -0.995554 0.0184119 -0.0923711 81.0903 
-0.0899474 0.0683828 0.993596 95.5078 0.0222099 0.99753 -0.066643 -6.4036 -0.995699 0.0160733 -0.091244 80.9978 
-0.0893423 0.0669629 0.993747 96.7346 0.0187734 0.997673 -0.0655398 -6.49656 -0.995824 0.0128005 -0.0903916 80.901 
-0.089139 0.0678351 0.993706 97.9768 0.0155718 0.997651 -0.0667076 -6.58863 -0.995897 0.00952753 -0.089986 80.8116 
-0.0895006 0.0674084 0.993703 99.2257 0.0132841 0.997699 -0.0664831 -6.67384 -0.995898 0.00725014 -0.0901902 80.7199 
-0.0907343 0.0652519 0.993735 100.475 0.0101675 0.99786 -0.0645945 -6.75952 -0.995823 0.00424286 -0.0912035 80.6288 
-0.0922033 0.0639953 0.993682 101.731 0.00761447 0.997949 -0.0635637 -6.84378 -0.995711 0.00170558 -0.0925014 80.5371 
-0.0935309 0.0636221 0.993581 103 0.00587513 0.997974 -0.0633504 -6.93041 -0.995599 -8.77864e-05 -0.0937152 80.4359 
-0.0950915 0.0638326 0.99342 104.26 0.00562427 0.99796 -0.0635861 -7.01916 -0.995453 -0.000459229 -0.0952565 80.3302 
-0.0969108 0.0624551 0.993332 105.532 0.00568937 0.998048 -0.0621966 -7.10826 -0.995277 -0.000376084 -0.097077 80.2108 
-0.100218 0.0576042 0.993297 106.788 0.00281718 0.998335 -0.0576122 -7.19801 -0.994961 -0.00297547 -0.100213 80.1076 
-0.104905 0.0573326 0.992828 108.044 0.00224765 0.998348 -0.0574139 -7.28378 -0.99448 -0.00379149 -0.104861 80 
-0.110497 0.0632406 0.991862 109.28 -0.00329991 0.997945 -0.0639961 -7.36835 -0.993871 -0.0103444 -0.110061 79.8912 
-0.117475 0.0664387 0.990851 110.513 -0.00204503 0.997741 -0.0671432 -7.45386 -0.993074 -0.00991398 -0.117074 79.7644 
-0.126275 0.0622965 0.990037 111.766 -0.000996931 0.998018 -0.0629259 -7.55024 -0.991995 -0.00893296 -0.125963 79.6186 
-0.136833 0.0598233 0.988786 113.002 0.00103376 0.998183 -0.0602488 -7.64635 -0.990593 -0.00722186 -0.136646 79.4533 
-0.149698 0.0604284 0.986883 114.235 0.00117711 0.998141 -0.0609392 -7.73473 -0.988731 -0.00796082 -0.149491 79.2811 
-0.163748 0.0605967 0.984639 115.449 0.00332234 0.99814 -0.0608751 -7.81803 -0.986497 -0.00669684 -0.163644 79.093 
-0.178337 0.0579119 0.982264 116.675 0.00352031 0.998298 -0.0582181 -7.90799 -0.983963 -0.00692455 -0.178237 78.8933 
-0.193969 0.0603743 0.979148 117.87 0.00795029 0.998168 -0.0599722 -7.99305 -0.980975 -0.00384822 -0.194094 78.6705 
-0.208557 0.0637923 0.975927 119.058 0.00838217 0.99795 -0.0634406 -8.07833 -0.977974 -0.00505056 -0.208664 78.4237 
-0.223611 0.0679562 0.972306 120.241 0.00851935 0.997665 -0.0677693 -8.15996 -0.974641 -0.00687056 -0.223668 78.1674 
-0.239638 0.0658188 0.968628 121.422 0.00501424 0.99777 -0.0665585 -8.25326 -0.970849 -0.011093 -0.239434 77.8972 
-0.255433 0.0604367 0.964936 122.596 8.81223e-05 0.998046 -0.0624872 -8.343 -0.966827 -0.0158762 -0.254939 77.6091 
-0.271575 0.0568069 0.960739 123.769 -0.00401124 0.998181 -0.0601547 -8.42406 -0.962409 -0.0201902 -0.270853 77.3155 
-0.286143 0.0586275 0.956392 124.928 -0.00529029 0.998014 -0.0627618 -8.5078 -0.958172 -0.0230184 -0.285265 76.9775 
-0.300335 0.0607989 0.951894 126.081 -0.00522149 0.997847 -0.0653815 -8.59275 -0.953819 -0.0246066 -0.299371 76.6283 
-0.314097 0.0627906 0.947312 127.24 -0.00356795 0.997725 -0.0673153 -8.68762 -0.949384 -0.0245235 -0.313159 76.2638 
-0.328328 0.0630659 0.942456 128.372 -0.00098839 0.997745 -0.0671101 -8.77704 -0.944563 -0.0229657 -0.327526 75.8842 
-0.342436 0.0609387 0.937563 129.508 -0.0012742 0.997863 -0.0653235 -8.87213 -0.93954 -0.0235638 -0.341627 75.4899 
-0.357242 0.0594393 0.932118 130.627 -0.00211095 0.997919 -0.0644444 -8.96197 -0.934009 -0.0249899 -0.356373 75.0866 
-0.372127 0.0609706 0.926177 131.74 -0.00353604 0.99774 -0.0671024 -9.04792 -0.928175 -0.0282456 -0.37107 74.6635 
-0.38714 0.0634024 0.919838 132.858 -0.00252522 0.997556 -0.0698222 -9.13585 -0.922017 -0.0293537 -0.386034 74.2174 
-0.401748 0.0650988 0.913433 133.963 -0.00103171 0.997437 -0.0715394 -9.2266 -0.91575 -0.0296832 -0.400651 73.754 
-0.41669 0.0676284 0.906529 135.051 0.0014646 0.997277 -0.0737252 -9.32248 -0.909047 -0.0293929 -0.415655 73.2814 
-0.431405 0.0710202 0.899359 136.141 0.00113405 0.996938 -0.0781819 -9.41968 -0.902158 -0.0327081 -0.430165 72.7737 
-0.44655 0.0735344 0.891732 137.218 0.00248012 0.996715 -0.0809497 -9.51709 -0.894755 -0.0339364 -0.445265 72.2512 
-0.462079 0.0710599 0.883987 138.307 0.00122679 0.996835 -0.07949 -9.61816 -0.886838 -0.0356462 -0.460703 71.7111 
-0.478191 0.0668114 0.875711 139.391 -0.0016293 0.997033 -0.0769573 -9.72026 -0.878254 -0.0382271 -0.476663 71.14 
-0.494527 0.0667722 0.866594 140.454 -0.00242453 0.996935 -0.0781988 -9.82076 -0.869159 -0.0407724 -0.492849 70.5582 
-0.510618 0.065934 0.857276 141.513 -0.00371846 0.996877 -0.0788858 -9.92234 -0.859799 -0.0434683 -0.508778 69.9557 
-0.526632 0.0650058 0.847604 142.572 -0.00404765 0.996869 -0.0789683 -10.0267 -0.850084 -0.045018 -0.52472 69.3274 
-0.542354 0.06452 0.837669 143.615 -0.00558981 0.996748 -0.080392 -10.1304 -0.840131 -0.0482833 -0.54023 68.6802 
-0.55763 0.0637993 0.827634 144.642 -0.0058193 0.996717 -0.0807542 -10.2377 -0.830069 -0.0498472 -0.555428 68.012 
-0.572827 0.0612704 0.817383 145.678 -0.0058766 0.99687 -0.078843 -10.3448 -0.819655 -0.0499668 -0.570674 67.3101 
-0.588123 0.0580305 0.806687 146.696 -0.00560258 0.997106 -0.0758133 -10.4477 -0.808752 -0.049107 -0.586096 66.5896 
-0.603265 0.0561366 0.795563 147.714 -0.00522309 0.99722 -0.0743267 -10.5525 -0.797524 -0.0489939 -0.601294 65.8511 
-0.618151 0.0544603 0.78417 148.724 -0.00592684 0.997246 -0.0739304 -10.6566 -0.786037 -0.0503478 -0.616126 65.0841 
-0.633022 0.0555101 0.772141 149.708 -0.00741662 0.996945 -0.0777519 -10.7603 -0.774098 -0.0549453 -0.630676 64.3071 
-0.648312 0.0551276 0.759376 150.687 -0.00981508 0.996687 -0.0807351 -10.8587 -0.761311 -0.0597949 -0.645624 63.4921 
-0.664256 0.0518625 0.745704 151.649 -0.0117107 0.996746 -0.0797537 -10.9628 -0.747414 -0.0617095 -0.661487 62.6678 
-0.681004 0.0441605 0.730947 152.626 -0.0153651 0.997098 -0.0745555 -11.0741 -0.732118 -0.0620037 -0.67835 61.8245 
-0.698591 0.041498 0.714317 153.568 -0.0162076 0.997143 -0.0737796 -11.1819 -0.715337 -0.0631192 -0.695923 60.9717 
-0.716339 0.0388441 0.696671 154.481 -0.0180403 0.997084 -0.0741439 -11.2796 -0.697519 -0.0656802 -0.713549 60.0752 
-0.734322 0.0347643 0.67791 155.402 -0.0216698 0.996978 -0.0745998 -11.3828 -0.678455 -0.0694704 -0.73135 59.143 
-0.751398 0.0331725 0.659015 156.264 -0.0208632 0.997042 -0.0739755 -11.4866 -0.65952 -0.0693341 -0.748483 58.2313 
-0.767647 0.0351946 0.639906 157.107 -0.0187873 0.996826 -0.0773629 -11.5906 -0.640597 -0.0714094 -0.764549 57.257 
-0.782805 0.0346272 0.621303 157.918 -0.0156122 0.997043 -0.0752389 -11.6964 -0.622071 -0.0685973 -0.77995 56.2581 
-0.79778 0.0359591 0.601875 158.718 -0.0115328 0.997127 -0.0748603 -11.8033 -0.602838 -0.0666634 -0.795074 55.2364 
-0.812539 0.0370478 0.581727 159.486 -0.00982579 0.996966 -0.077217 -11.9165 -0.582823 -0.0684578 -0.80971 54.1967 
-0.826323 0.0385352 0.561876 160.224 -0.00913439 0.996608 -0.0817839 -12.0204 -0.563122 -0.0727124 -0.823169 53.1489 
-0.8397 0.0392736 0.541628 160.938 -0.00609937 0.996636 -0.0817224 -12.1345 -0.543016 -0.0719259 -0.836636 52.1019 
-0.851635 0.0370181 0.522827 161.626 -0.0051008 0.99687 -0.078891 -12.2517 -0.524111 -0.0698531 -0.84878 51.0175 
-0.862515 0.0388071 0.504541 162.291 -0.00206839 0.996776 -0.0802037 -12.3712 -0.506027 -0.0702204 -0.859654 49.9434 
-0.872205 0.0416204 0.487366 162.928 0.00062151 0.996467 -0.0839846 -12.4777 -0.48914 -0.0729489 -0.869149 48.8478 
-0.881783 0.0393562 0.47001 163.591 -0.00125127 0.996314 -0.0857736 -12.5862 -0.471653 -0.0762218 -0.878483 47.7241 
-0.890687 0.0362552 0.45317 164.229 -0.00262954 0.996387 -0.0848829 -12.7167 -0.45461 -0.0767957 -0.887374 46.5977 
-0.898194 0.0343331 0.438256 164.835 -0.0032852 0.996393 -0.0847909 -12.8438 -0.439586 -0.0775985 -0.894842 45.443 
-0.905505 0.031816 0.423141 165.453 -0.0041809 0.996468 -0.0838716 -12.9768 -0.424315 -0.0777153 -0.902174 44.2607 
-0.912008 0.0290738 0.409141 166.007 -0.00540703 0.996546 -0.0828679 -13.1033 -0.410137 -0.0777884 -0.9087 43.0871 
-0.918115 0.0239124 0.395592 166.566 -0.00812691 0.996832 -0.079117 -13.2202 -0.396231 -0.0758534 -0.915012 41.9209 
-0.923436 0.020633 0.383198 167.088 -0.00913698 0.997088 -0.0757061 -13.3325 -0.383644 -0.073411 -0.920559 40.7421 
-0.927929 0.0207761 0.372176 167.588 -0.00685841 0.997325 -0.0727738 -13.4374 -0.372693 -0.0700815 -0.925305 39.5501 
-0.931237 0.0247712 0.36357 168.071 -0.00230308 0.997267 -0.073846 -13.5518 -0.364406 -0.0696054 -0.928635 38.3569 
-0.933661 0.0298152 0.356914 168.537 0.00290026 0.997126 -0.0757091 -13.6541 -0.358146 -0.0696515 -0.931064 37.1694 
-0.935624 0.0329083 0.351461 169.004 0.00560119 0.996904 -0.078432 -13.7541 -0.352954 -0.0714143 -0.932911 35.9871 
-0.937526 0.0297132 0.346643 169.469 0.00306291 0.997013 -0.077177 -13.862 -0.3479 -0.0712938 -0.934817 34.7974 
-0.939552 0.0223848 0.341673 169.933 -0.00299883 0.997284 -0.0735837 -13.9676 -0.342392 -0.0701603 -0.936934 33.6106 
-0.941398 0.0163582 0.3369 170.398 -0.00851277 0.997353 -0.0722139 -14.0692 -0.33719 -0.07085 -0.938767 32.397 
-0.943059 0.00994028 0.332476 170.854 -0.0153685 0.997184 -0.0734059 -14.1728 -0.332269 -0.0743358 -0.940251 31.1802 
-0.944588 0.00741149 0.328174 171.317 -0.0186121 0.996927 -0.0760861 -14.2789 -0.32773 -0.077978 -0.941548 29.9713 
-0.945308 0.00777148 0.326087 171.757 -0.018897 0.996732 -0.0785359 -14.3849 -0.325632 -0.0804027 -0.942072 28.7619 
-0.945606 0.00807985 0.325213 172.192 -0.0193017 0.996537 -0.0808816 -14.4849 -0.32474 -0.0827593 -0.942175 27.5792 
-0.945559 0.0107092 0.325276 172.626 -0.0172476 0.996405 -0.0829429 -14.5924 -0.324995 -0.0840375 -0.941975 26.3854 
-0.945297 0.0112535 0.326017 173.067 -0.0174229 0.996236 -0.0849067 -14.7072 -0.325745 -0.0859422 -0.941543 25.1896 
-0.94498 0.0119816 0.326908 173.505 -0.0173261 0.996093 -0.0865921 -14.828 -0.326668 -0.0874918 -0.941081 23.9827 
-0.944453 0.0138831 0.328353 173.94 -0.0152049 0.996192 -0.0858543 -14.9483 -0.328295 -0.0860779 -0.940645 22.7862 
-0.943698 0.013025 0.330552 174.376 -0.0163574 0.996165 -0.0859517 -15.0736 -0.330404 -0.0865193 -0.939866 21.5899 
-0.942465 0.0106865 0.334134 174.827 -0.0196114 0.996 -0.087171 -15.1815 -0.33373 -0.0887085 -0.938486 20.3998 
-0.940663 0.00963021 0.339206 175.271 -0.0204384 0.996175 -0.0849604 -15.2995 -0.338726 -0.086852 -0.936868 19.1987 
-0.939081 0.00635605 0.343636 175.741 -0.0232572 0.996362 -0.081986 -15.424 -0.342907 -0.0849836 -0.935517 18.036 
-0.936529 0.00396242 0.350568 176.202 -0.0255712 0.996501 -0.0795759 -15.5318 -0.349656 -0.0834895 -0.93315 16.8514 
-0.934112 0.00607369 0.356928 176.675 -0.0240077 0.996523 -0.0797879 -15.6412 -0.356171 -0.0830998 -0.930718 15.6861 
-0.931073 0.00636201 0.364778 177.148 -0.024502 0.9965 -0.0799195 -15.7505 -0.36401 -0.0833487 -0.927658 14.5435 
-0.927545 0.00874562 0.373608 177.634 -0.023566 0.996368 -0.0818303 -15.861 -0.372966 -0.0847057 -0.92397 13.3977 
-0.923384 0.00990108 0.383749 178.128 -0.0230174 0.996441 -0.081094 -15.9696 -0.383186 -0.0837138 -0.91987 12.2438 
-0.918341 0.0110023 0.395638 178.641 -0.0234666 0.996341 -0.0821772 -16.0914 -0.395095 -0.0847509 -0.914723 11.0942 
-0.912457 0.0138044 0.40894 179.165 -0.0221987 0.996289 -0.0831625 -16.2013 -0.408571 -0.0849601 -0.908764 9.94148 
-0.907061 0.0153791 0.420718 179.724 -0.0219086 0.996254 -0.0836521 -16.3091 -0.420428 -0.0850949 -0.903326 8.81801 
-0.901009 0.0138802 0.433578 180.297 -0.0238108 0.996399 -0.0813786 -16.4219 -0.433146 -0.0836467 -0.897434 7.68404 
-0.894934 0.0172985 0.445862 180.889 -0.0215465 0.996407 -0.0819066 -16.5304 -0.445677 -0.0829078 -0.891346 6.54486 
-0.888387 0.0189843 0.458703 181.48 -0.0205918 0.996491 -0.0811225 -16.6376 -0.458634 -0.0815137 -0.884879 5.43389 
-0.881906 0.0200992 0.470997 182.091 -0.019481 0.996683 -0.0790088 -16.7453 -0.471023 -0.0788538 -0.878589 4.38015 
-0.874802 0.021997 0.483981 182.7 -0.0164123 0.99705 -0.0749814 -16.8683 -0.484203 -0.0735371 -0.87186 3.32743 
-0.867304 0.0244456 0.497178 183.319 -0.0141131 0.997184 -0.07365 -16.9611 -0.497578 -0.0708936 -0.864517 2.3083 
-0.858107 0.0278881 0.512712 183.954 -0.010433 0.997371 -0.0717115 -17.0719 -0.513364 -0.0668853 -0.85556 1.24005 
-0.848541 0.0298807 0.528285 184.623 -0.00953684 0.997378 -0.0717316 -17.1626 -0.529044 -0.0659054 -0.846031 0.212502 
-0.838672 0.0319209 0.5437 185.308 -0.00779926 0.997475 -0.0705928 -17.2642 -0.54458 -0.0634447 -0.836306 -0.788354 
-0.827629 0.0336272 0.560268 185.998 -0.006744 0.997536 -0.0698342 -17.3612 -0.561236 -0.0615752 -0.825362 -1.7913 
-0.816284 0.0354458 0.576563 186.719 -0.00582228 0.99756 -0.0695708 -17.4587 -0.577622 -0.0601464 -0.814085 -2.78171 
-0.803584 0.038645 0.593935 187.474 -0.00346772 0.997569 -0.0695997 -17.5405 -0.595181 -0.0579888 -0.801497 -3.78474 
-0.790749 0.039369 0.610873 188.231 -0.00176169 0.997779 -0.0665844 -17.6438 -0.612138 -0.0537277 -0.788923 -4.7176 
-0.775497 0.0407306 0.630036 189.006 -0.000370049 0.997887 -0.064967 -17.7371 -0.631351 -0.0506148 -0.773843 -5.67622 
-0.759372 0.0435804 0.649196 189.799 0.000726044 0.99781 -0.0661337 -17.8227 -0.650656 -0.0497487 -0.757741 -6.57835 
-0.7424 0.0464894 0.668341 190.603 0.00147851 0.997701 -0.0677571 -17.9171 -0.669955 -0.0493147 -0.740762 -7.45887 
-0.724628 0.0471872 0.687522 191.441 0.000533995 0.997691 -0.0679125 -18.0089 -0.689139 -0.0488442 -0.722981 -8.33101 
-0.707065 0.0473364 0.705562 192.286 -0.00023078 0.997741 -0.0671701 -18.104 -0.707148 -0.0476565 -0.705457 -9.12746 
-0.687396 0.0459598 0.724827 193.119 -0.0010868 0.997929 -0.0643074 -18.217 -0.726282 -0.0449923 -0.685922 -9.9022 
-0.667147 0.0459577 0.743507 193.995 -0.00281275 0.997932 -0.0642081 -18.3151 -0.744921 -0.0449276 -0.665638 -10.6699 
-0.646084 0.0459207 0.761884 194.903 -0.00480985 0.997924 -0.0642263 -18.3992 -0.763251 -0.0451601 -0.644521 -11.432 
-0.625589 0.04662 0.778759 195.825 -0.0053991 0.99793 -0.0640779 -18.4719 -0.780134 -0.044291 -0.624042 -12.1424 
-0.603191 0.046776 0.796224 196.769 -0.00672629 0.997945 -0.0637223 -18.5435 -0.797568 -0.0437923 -0.601637 -12.8489 
-0.57953 0.0477803 0.813549 197.739 -0.00753217 0.997923 -0.0639743 -18.624 -0.814916 -0.0432028 -0.577966 -13.5227 
-0.554658 0.0514079 0.830489 198.729 -0.00536921 0.997848 -0.0653536 -18.7048 -0.832061 -0.0407079 -0.553188 -14.1753 
-0.528408 0.0522685 0.84738 199.724 -0.00524217 0.997883 -0.0648209 -18.789 -0.848974 -0.038694 -0.527016 -14.787 
-0.500956 0.051215 0.863956 200.742 -0.00671449 0.997987 -0.0630537 -18.8745 -0.865447 -0.0373881 -0.499604 -15.3702 
-0.474049 0.0496482 0.879098 201.733 -0.00899413 0.998084 -0.0612182 -18.9461 -0.880453 -0.0369271 -0.472694 -15.878 
-0.447116 0.0505963 0.893043 202.658 -0.0098548 0.99806 -0.0614801 -19.0259 -0.894421 -0.0362895 -0.44575 -16.28 
-0.416518 0.0534271 0.907556 203.711 -0.012159 0.997855 -0.0643233 -19.0932 -0.909046 -0.0378268 -0.414975 -16.7559 
-0.384983 0.055837 0.921233 204.788 -0.0110223 0.997819 -0.0650852 -19.1591 -0.922858 -0.0352108 -0.383528 -17.1997 
-0.355007 0.0567265 0.933141 205.826 -0.0111177 0.99783 -0.0648888 -19.2334 -0.934797 -0.0334104 -0.353607 -17.5559 
-0.324128 0.056178 0.944344 206.838 -0.0122679 0.997902 -0.0635749 -19.3232 -0.945934 -0.0321915 -0.322758 -17.8811 
-0.290686 0.0555664 0.955204 207.951 -0.0115448 0.998036 -0.0615714 -19.4019 -0.956749 -0.0289256 -0.289473 -18.211 
-0.258366 0.0532799 0.964577 208.912 -0.0111011 0.998248 -0.0581133 -19.4917 -0.965983 -0.0257224 -0.257322 -18.4476 
-0.224049 0.0524823 0.973164 210.043 -0.010808 0.998354 -0.0563292 -19.5647 -0.974518 -0.0231385 -0.223113 -18.6989 
-0.188627 0.0516438 0.98069 211.175 -0.00974159 0.998469 -0.0544538 -19.6483 -0.982 -0.0198249 -0.187835 -18.9204 
-0.153414 0.050965 0.986847 212.311 -0.00903914 0.998555 -0.052975 -19.7257 -0.988121 -0.0170473 -0.152732 -19.0966 
-0.118327 0.0511885 0.991654 213.455 -0.0094467 0.998567 -0.0526726 -19.7966 -0.99293 -0.0156005 -0.117674 -19.2229 
-0.0829451 0.0513088 0.995232 214.591 -0.0107382 0.99857 -0.0523759 -19.8728 -0.996496 -0.0150313 -0.0822755 -19.3116 
-0.0481699 0.0510141 0.997535 215.737 -0.0116508 0.998598 -0.0516311 -19.9409 -0.998771 -0.0141092 -0.047508 -19.3681 
-0.0149543 0.0504761 0.998613 216.907 -0.0130242 0.99863 -0.0506721 -20.0054 -0.999803 -0.0137639 -0.0142764 -19.3678 
0.0186715 0.0511563 0.998516 218.064 -0.0136646 0.99861 -0.0509057 -20.0665 -0.999732 -0.0126938 0.0193446 -19.3488 
0.0507329 0.0516957 0.997373 219.202 -0.0136747 0.998602 -0.0510639 -20.1255 -0.998619 -0.0110481 0.0513689 -19.2711 
0.0822256 0.0495733 0.99538 220.346 -0.0127442 0.998733 -0.0486876 -20.1959 -0.996532 -0.00868193 0.0827532 -19.161 
0.113338 0.0486748 0.992363 221.493 -0.0118546 0.998794 -0.0476364 -20.2579 -0.993486 -0.00636508 0.113778 -19.0199 
0.143658 0.0497634 0.988375 222.643 -0.012044 0.998749 -0.0485352 -20.3163 -0.989554 -0.00493153 0.144078 -18.8494 
0.173999 0.0495698 0.983497 223.788 -0.0100629 0.99877 -0.0485593 -20.3799 -0.984694 -0.00144763 0.174283 -18.6461 
0.204196 0.04882 0.977712 224.929 -0.00719257 0.998803 -0.0483711 -20.4413 -0.978903 0.00284494 0.204303 -18.4026 
0.234313 0.0463553 0.971055 226.064 -0.00349672 0.998896 -0.0468407 -20.5112 -0.972155 0.00757988 0.234217 -18.1216 
0.264015 0.0444629 0.963493 227.196 -0.000811687 0.998947 -0.0458766 -20.5762 -0.964518 0.0113301 0.263773 -17.8008 
0.293387 0.0444212 0.954961 228.304 0.00188267 0.998891 -0.0470432 -20.6327 -0.955992 0.0155997 0.292978 -17.445 
0.322265 0.0436067 0.945645 229.416 0.0028458 0.998889 -0.0470319 -20.6963 -0.946645 0.0178478 0.321783 -17.0673 
0.349808 0.0411856 0.935915 230.482 0.00420969 0.998954 -0.0455332 -20.7626 -0.936812 0.0198678 0.349269 -16.6529 
0.378187 0.0403265 0.92485 231.568 0.00449943 0.998959 -0.0453979 -20.8277 -0.925718 0.0213302 0.377612 -16.203 
0.406757 0.041417 0.912597 232.639 0.00616819 0.998824 -0.0480796 -20.8911 -0.913516 0.0251858 0.406023 -15.72 
0.435598 0.0428942 0.899118 233.701 0.00660374 0.998685 -0.0508437 -20.9608 -0.900117 0.0280849 0.434742 -15.2132 
0.463362 0.0414132 0.885201 234.747 0.00803393 0.99867 -0.0509272 -21.0275 -0.886133 0.0307094 0.462413 -14.6617 
0.491184 0.0386026 0.8702 235.797 0.00945773 0.998722 -0.0496425 -21.1011 -0.871005 0.0326137 0.490191 -14.0957 
0.516332 0.0364335 0.855613 236.788 0.00905106 0.998807 -0.0479931 -21.1703 -0.85634 0.0325246 0.515386 -13.4806 
0.539475 0.0367188 0.841201 237.789 0.00749107 0.9988 -0.0484023 -21.24 -0.841968 0.0324133 0.538552 -12.8234 
0.560583 0.0365285 0.827292 238.781 0.00661702 0.998797 -0.0485851 -21.3107 -0.828072 0.0327102 0.559667 -12.139 
0.580142 0.0355206 0.813741 239.745 0.00574391 0.998845 -0.0476958 -21.3768 -0.814495 0.0323443 0.579268 -11.426 
0.599053 0.0331976 0.800021 240.715 0.00549131 0.998946 -0.0455642 -21.4438 -0.80069 0.0316885 0.59824 -10.6914 
0.616659 0.0297959 0.786666 241.672 0.00710752 0.999032 -0.0434112 -21.5083 -0.787198 0.0323611 0.615851 -9.9339 
0.633574 0.0273194 0.7732 242.625 0.00842725 0.999073 -0.0422058 -21.5692 -0.773636 0.0332564 0.632756 -9.15086 
0.649433 0.0255888 0.759988 243.565 0.010113 0.999055 -0.0422801 -21.6256 -0.760352 0.0351438 0.64856 -8.33836 
0.664808 0.0253413 0.746584 244.473 0.00982432 0.999041 -0.0426588 -21.686 -0.74695 0.0356946 0.663921 -7.51339 
0.680126 0.0244122 0.732688 245.354 0.0103917 0.999024 -0.0429326 -21.7414 -0.733021 0.0368134 0.679209 -6.67466 
0.695249 0.0223646 0.718421 246.24 0.0100428 0.999116 -0.0408218 -21.7971 -0.718699 0.0355962 0.69441 -5.80743 
0.710129 0.0198122 0.703792 247.103 0.0107422 0.999183 -0.0389667 -21.8531 -0.703989 0.0352317 0.709336 -4.92154 
0.724009 0.0180222 0.689555 247.938 0.0112543 0.999217 -0.0379323 -21.9153 -0.689699 0.0352237 0.723239 -4.01091 
0.737848 0.0176007 0.674737 248.759 0.0124262 0.999136 -0.0396514 -21.9717 -0.674852 0.0376411 0.736992 -3.09115 
0.750401 0.0172862 0.660756 249.57 0.0126192 0.999101 -0.0404691 -22.0266 -0.660862 0.0387062 0.749509 -2.14025 
0.762333 0.0170175 0.646961 250.364 0.0118438 0.99912 -0.0402366 -22.082 -0.647076 0.0383361 0.761461 -1.17545 
0.773663 0.0151421 0.633417 251.143 0.0123383 0.999165 -0.0389558 -22.126 -0.633477 0.0379539 0.77283 -0.193992 
0.784452 0.0123283 0.620067 251.909 0.0141679 0.999185 -0.0377901 -22.1881 -0.620028 0.0384295 0.783638 0.807278 
0.794478 0.0119795 0.607174 252.663 0.0143032 0.999159 -0.038429 -22.245 -0.607124 0.0392155 0.793639 1.82357 
0.803728 0.00963133 0.594919 253.415 0.0179725 0.99902 -0.0404543 -22.3033 -0.594726 0.0432064 0.802767 2.85473 
0.812422 0.0074726 0.583022 254.15 0.0192726 0.999027 -0.0396604 -22.3558 -0.582751 0.0434573 0.811488 3.8969 
0.82047 0.00407451 0.571675 254.885 0.0222574 0.998989 -0.0390641 -22.4138 -0.571256 0.0447749 0.819549 4.96307 
0.827221 0.00211388 0.561872 255.591 0.0240336 0.998944 -0.0391422 -22.4702 -0.561362 0.045883 0.826297 6.04102 
0.832582 0.000620308 0.553901 256.294 0.0251366 0.998927 -0.0389023 -22.5259 -0.553331 0.0463125 0.831673 7.13775 
0.836576 -1.64226e-05 0.547851 256.993 0.0244437 0.999005 -0.0372961 -22.5835 -0.547305 0.0445924 0.835744 8.24081 
0.839185 -0.000706255 0.543846 257.692 0.0243651 0.999044 -0.0362995 -22.6385 -0.5433 0.0437128 0.8384 9.36188 
0.841751 -0.00166585 0.539863 258.394 0.0252588 0.999022 -0.0363008 -22.6958 -0.539274 0.0441925 0.84097 10.4875 
0.844292 -0.00268474 0.535876 259.091 0.0258218 0.99903 -0.0356782 -22.7532 -0.53526 0.04396 0.843542 11.6131 
0.84676 -0.00639663 0.531936 259.833 0.0283857 0.999046 -0.0331721 -22.8193 -0.531217 0.0431881 0.846134 12.7836 
0.848824 -0.00718779 0.528627 260.561 0.0289985 0.999035 -0.0329795 -22.87 -0.52788 0.0433231 0.848213 13.9555 
0.85105 -0.00809046 0.525022 261.244 0.0302104 0.998979 -0.0335767 -22.9213 -0.524214 0.0444365 0.850426 15.0955 
0.853223 -0.0090741 0.521467 261.948 0.0307937 0.998981 -0.0330015 -22.9766 -0.520636 0.0442155 0.852633 16.2673 
0.855796 -0.00860146 0.517242 262.641 0.0297772 0.999023 -0.0326544 -23.0368 -0.516456 0.0433474 0.855216 17.414 
0.85785 -0.00950989 0.513813 263.313 0.0302833 0.999027 -0.03207 -23.0936 -0.513008 0.0430712 0.857303 18.5651 
0.859949 -0.00880186 0.510305 263.993 0.0292374 0.999059 -0.032038 -23.1501 -0.509542 0.042471 0.859397 19.7318 
