1 2.12261e-08 -2.11895e-08 0 2.12261e-08 1 2.10703e-08 0 -2.11895e-08 2.10703e-08 1 0 
1 -0.000546801 -5.18819e-05 -0.0194962 0.00054692 0.999999 0.00149532 -0.0163367 5.10218e-05 -0.0014953 0.999999 1.34025 
0.999998 -0.00182183 -0.000376189 -0.0498515 0.00182246 0.999997 0.00158356 -0.035264 0.00037326 -0.0015842 0.999999 2.67883 
0.999995 -0.00302083 9.5313e-05 -0.083309 0.00302082 0.999995 0.000540628 -0.0567597 -9.6988e-05 -0.000540295 1 4.01583 
0.999993 -0.00378906 0.000527137 -0.107147 0.00378876 0.999993 0.000660782 -0.0718834 -0.000529679 -0.000658738 1 5.36676 
0.99999 -0.00436034 0.000818231 -0.136009 0.00435905 0.999989 0.00163024 -0.0927882 -0.000825373 -0.00162662 0.999998 6.71337 
0.999981 -0.00601042 0.00146409 -0.165985 0.0060064 0.999978 0.00276653 -0.109052 -0.00148073 -0.00275764 0.999995 8.03778 
0.999984 -0.00527818 0.00188997 -0.206981 0.00527231 0.999981 0.00311983 -0.123128 -0.00190644 -0.00310977 0.999993 9.3992 
0.999988 -0.00465991 0.00164289 -0.232463 0.00465797 0.999988 0.00120446 -0.1388 -0.00164852 -0.00119676 0.999998 10.7572 
0.999997 -0.00182911 0.00183099 -0.257705 0.0018307 0.999998 -0.000841352 -0.164111 -0.00182949 0.000844743 0.999998 12.1357 
0.999995 0.00168412 0.00284285 -0.292686 -0.0016791 0.999997 -0.00175238 -0.185317 -0.00284583 0.00174763 0.999994 13.4816 
0.999987 0.00398733 0.00315679 -0.324006 -0.00398259 0.999991 -0.00149138 -0.212261 -0.00316275 0.00147883 0.999994 14.8457 
0.999982 0.00481705 0.00355148 -0.346672 -0.00481488 0.999988 -0.00060544 -0.235105 -0.0035544 0.000588371 0.999994 16.2026 
0.99999 0.00214526 0.00389869 -0.359929 -0.00215443 0.999995 0.00236103 -0.257041 -0.00389365 -0.00236936 0.99999 17.5817 
0.999988 -0.00180183 0.00463919 -0.385643 0.00178165 0.999989 0.00435897 -0.276838 -0.00464703 -0.00435061 0.99998 18.9491 
0.999982 -0.00390067 0.00466653 -0.401979 0.00389104 0.99999 0.00208076 -0.292247 -0.00467465 -0.00206252 0.999987 20.3182 
0.999979 -0.00462982 0.00457051 -0.418138 0.00463044 0.999989 -0.000114662 -0.309215 -0.00456997 0.000135865 0.99999 21.6839 
0.999983 -0.00215597 0.00544131 -0.441817 0.00216481 0.999996 -0.00161157 -0.331857 -0.00543786 0.00162336 0.999984 23.0553 
0.999978 0.000835131 0.00662983 -0.467492 -0.000836845 1 0.000262102 -0.347693 -0.00662965 -0.000267602 0.999978 24.4209 
0.999974 0.00136578 0.00706491 -0.485505 -0.00139038 0.999993 0.00348469 -0.361236 -0.00706015 -0.00349438 0.999969 25.7883 
0.999972 -0.000666689 0.00745357 -0.490627 0.000627931 0.999986 0.00520686 -0.374751 -0.00745698 -0.005202 0.999959 27.1716 
0.999968 -0.00402376 0.0069775 -0.500029 0.0040007 0.999987 0.00332143 -0.387964 -0.00699081 -0.00329336 0.99997 28.5442 
0.99997 -0.00443946 0.00640791 -0.515811 0.00443386 0.99999 0.000894438 -0.406995 -0.00641185 -0.000865957 0.999979 29.9208 
0.999965 -0.00462453 0.00702588 -0.530533 0.00463385 0.999988 -0.00130468 -0.432884 -0.00701981 0.00133723 0.999975 31.3069 
0.999971 -0.00127115 0.00757775 -0.552275 0.0012868 0.999997 -0.00205566 -0.459259 -0.00757516 0.00206539 0.999969 32.6905 
0.999969 -0.000868013 0.00778644 -0.570173 0.000900198 0.999991 -0.0041254 -0.482834 -0.00778284 0.00413233 0.999961 34.0784 
0.999967 0.00014204 0.00818212 -0.590791 -0.000113428 0.999994 -0.00349206 -0.507395 -0.00818261 0.00349106 0.99996 35.4787 
0.999964 0.000242322 0.00850031 -0.606464 -0.000222774 0.999997 -0.00229554 -0.532054 -0.00850089 0.0022936 0.999961 36.8901 
0.999962 0.000813879 0.00865074 -0.626528 -0.000807873 0.999999 -0.000692835 -0.555902 -0.00865134 0.000685862 0.999962 38.3081 
0.999952 0.00381087 0.00907761 -0.645823 -0.00380592 0.999993 -0.000557371 -0.573025 -0.00907971 0.000522837 0.999959 39.7352 
0.999931 0.00643271 0.00979626 -0.668596 -0.00642422 0.999979 -0.000893704 -0.597826 -0.00980184 0.000830751 0.999952 41.1428 
0.999917 0.00821838 0.00989436 -0.678424 -0.00821523 0.999966 -0.000355363 -0.621369 -0.00989699 0.000274091 0.999951 42.5753 
0.999907 0.00923449 0.010058 -0.701135 -0.00923373 0.999957 -0.000116947 -0.646374 -0.0100587 2.4105e-05 0.999949 43.9846 
0.999918 0.00802309 0.00997796 -0.722435 -0.00802158 0.999968 -0.000187896 -0.664541 -0.00997919 0.000107884 0.99995 45.4009 
0.999925 0.00764054 0.00960916 -0.737442 -0.00763583 0.999971 -0.000522044 -0.687437 -0.00961291 0.000448672 0.999954 46.8448 
0.999931 0.00723649 0.00927841 -0.763106 -0.0072318 0.999974 -0.000534778 -0.703814 -0.00928208 0.000467683 0.999957 48.2616 
0.999948 0.00608855 0.00818572 -0.767168 -0.00609653 0.999981 0.000954811 -0.71883 -0.0081798 -0.00100462 0.999966 49.669 
0.999948 0.00701681 0.00736636 -0.785499 -0.00702005 0.999975 0.000420249 -0.735853 -0.00736327 -0.000471898 0.999973 51.0931 
0.999958 0.006682 0.00627725 -0.802432 -0.00669064 0.999977 0.00136331 -0.766297 -0.00626804 -0.00140521 0.999979 52.5235 
0.999959 0.00718074 0.00554135 -0.825735 -0.00719074 0.999973 0.00179493 -0.787086 -0.00552835 -0.00183466 0.999983 53.9611 
0.999969 0.00559574 0.00552496 -0.854563 -0.00561275 0.99998 0.00307598 -0.814387 -0.00550767 -0.00310685 0.99998 55.4286 
0.999976 0.00431476 0.00537188 -0.873739 -0.00433162 0.999986 0.00313962 -0.836762 -0.0053583 -0.00316278 0.999981 56.8664 
0.999987 0.00201681 0.00461105 -0.874587 -0.00202922 0.999994 0.00269683 -0.858642 -0.00460563 -0.00270611 0.999986 58.3117 
0.999988 0.00106325 0.00481815 -0.892756 -0.00107793 0.999995 0.00305373 -0.882589 -0.00481492 -0.00305884 0.999984 59.7466 
0.999984 0.000254296 0.00566663 -0.910499 -0.000276469 0.999992 0.00391991 -0.910427 -0.00566563 -0.00392138 0.999976 61.1858 
0.99998 -0.000688522 0.00628327 -0.928483 0.000660142 0.99999 0.00452448 -0.932137 -0.00628637 -0.0045202 0.99997 62.6229 
0.999976 -0.0019185 0.00668547 -0.938562 0.001893 0.999991 0.00382428 -0.950503 -0.00669278 -0.00381149 0.99997 64.0692 
0.999967 -0.0035469 0.00733865 -0.962499 0.00352597 0.99999 0.00286909 -0.972993 -0.00734879 -0.00284308 0.999969 65.5009 
0.999965 -0.00325268 0.00776857 -0.979696 0.00323409 0.999992 0.00240881 -0.989886 -0.00777638 -0.00238356 0.999967 66.9491 
0.999962 -0.0016282 0.00858141 -0.994726 0.00161018 0.999997 0.00211128 -1.01283 -0.00858486 -0.00209734 0.999961 68.3584 
0.99996 0.00134998 0.0088587 -0.996912 -0.00138068 0.999993 0.00346507 -1.03555 -0.008854 -0.00347712 0.999955 69.8304 
0.999935 0.0048125 0.010293 -1.02721 -0.00485986 0.999978 0.00458502 -1.04773 -0.0102708 -0.0046347 0.999937 71.264 
0.999907 0.00847107 0.0107171 -1.04454 -0.00852701 0.99995 0.0051889 -1.06352 -0.0106727 -0.00527975 0.999929 72.7077 
0.999854 0.0127441 0.0113968 -1.05817 -0.0127998 0.999906 0.00482883 -1.08396 -0.0113342 -0.00497396 0.999923 74.1356 
0.999796 0.0161617 0.0121118 -1.07946 -0.0162086 0.999861 0.00379086 -1.09612 -0.0120489 -0.00398636 0.99992 75.5594 
0.999754 0.0178134 0.0132394 -1.09863 -0.0178635 0.999834 0.00367766 -1.11359 -0.0131717 -0.00391321 0.999906 76.9655 
0.999747 0.0179495 0.01354 -1.09951 -0.0180083 0.999829 0.00423128 -1.13365 -0.0134618 -0.004474 0.999899 78.4061 
0.999763 0.0170173 0.013579 -1.10303 -0.0170738 0.999846 0.00406369 -1.15746 -0.0135078 -0.00429453 0.9999 79.8191 
0.999784 0.0157911 0.0135002 -1.11314 -0.0158353 0.99987 0.00317779 -1.17683 -0.0134483 -0.00339084 0.999904 81.2576 
0.999792 0.0153602 0.0134475 -1.1259 -0.0154021 0.999877 0.00302535 -1.1998 -0.0133994 -0.0032318 0.999905 82.6686 
0.999801 0.0148761 0.0132977 -1.13231 -0.0149223 0.999883 0.00338041 -1.21982 -0.0132459 -0.00357813 0.999906 84.0767 
0.999805 0.0148938 0.0129589 -1.14264 -0.0149287 0.999885 0.00260461 -1.22497 -0.0129187 -0.00279752 0.999913 85.4801 
0.999812 0.0149021 0.0124036 -1.15088 -0.0149395 0.999884 0.00292413 -1.24697 -0.0123586 -0.00310885 0.999919 86.8827 
0.999824 0.0144648 0.0119206 -1.17776 -0.0145069 0.999889 0.00345756 -1.26372 -0.0118693 -0.00362985 0.999923 88.2884 
0.999875 0.0116073 0.0107447 -1.18382 -0.0116577 0.999921 0.00464635 -1.28041 -0.01069 -0.00477099 0.999932 89.6772 
0.999911 0.00949535 0.00942719 -1.18888 -0.00954204 0.999942 0.00492474 -1.29319 -0.00937993 -0.00501421 0.999943 91.0642 
0.999934 0.00717174 0.00894956 -1.20499 -0.00721816 0.999961 0.00516997 -1.31372 -0.00891217 -0.00523419 0.999947 92.4439 
0.999945 0.00570216 0.00880318 -1.22576 -0.00574433 0.999972 0.00477694 -1.33117 -0.00877574 -0.0048272 0.99995 93.8344 
0.999949 0.00475633 0.0088996 -1.2381 -0.00479626 0.999979 0.00447588 -1.3531 -0.00887816 -0.0045183 0.99995 95.199 
0.999947 0.00515114 0.00897113 -1.25682 -0.0051849 0.99998 0.00374895 -1.36784 -0.00895168 -0.00379523 0.999953 96.574 
0.999949 0.00453102 0.00904251 -1.27007 -0.00455916 0.999985 0.00309829 -1.38518 -0.00902838 -0.00313932 0.999954 97.9273 
0.999949 0.00488601 0.00885413 -1.28721 -0.00490925 0.999985 0.00260991 -1.40182 -0.00884129 -0.0026532 0.999957 99.3101 
0.999932 0.00686357 0.00943946 -1.30803 -0.00688964 0.999973 0.00273694 -1.42192 -0.00942045 -0.00280175 0.999952 100.682 
0.999921 0.00716432 0.010322 -1.34019 -0.00720814 0.999965 0.00421773 -1.43997 -0.0102915 -0.00429176 0.999938 102.024 
0.999911 0.00813087 0.0105369 -1.35629 -0.00819236 0.99995 0.00580981 -1.46528 -0.0104891 -0.00589558 0.999928 103.371 
0.999908 0.007274 0.0114165 -1.40121 -0.00732224 0.999964 0.00419338 -1.47686 -0.0113856 -0.00427655 0.999926 104.762 
0.999903 0.00724698 0.0118766 -1.41962 -0.00726811 0.999972 0.00174115 -1.49393 -0.0118637 -0.00182726 0.999928 106.102 
0.999906 0.00650276 0.0121143 -1.43943 -0.00651079 0.999979 0.00062737 -1.51295 -0.01211 -0.000706143 0.999926 107.461 
0.999914 0.00422239 0.0124218 -1.45191 -0.00424693 0.999989 0.00195323 -1.53464 -0.0124135 -0.00200578 0.999921 108.794 
0.999913 0.00157459 0.013068 -1.45816 -0.00162854 0.99999 0.00412236 -1.55567 -0.0130614 -0.00414325 0.999906 110.143 
0.9999 -0.000231296 0.0141515 -1.46421 0.000163188 0.999988 0.00481678 -1.57948 -0.0141525 -0.00481394 0.999888 111.488 
0.999884 -0.000786965 0.0152218 -1.47026 0.000738657 0.999995 0.00318173 -1.59196 -0.0152243 -0.00317008 0.999879 112.822 
0.999876 0.000883639 0.0157285 -1.46982 -0.000901856 0.999999 0.00115384 -1.61711 -0.0157275 -0.00116784 0.999876 114.164 
0.999841 0.00355406 0.0174525 -1.47863 -0.00353009 0.999993 -0.00140208 -1.63101 -0.0174574 0.00134029 0.999847 115.513 
0.999802 0.00645333 0.0188237 -1.48414 -0.00643396 0.999979 -0.00108679 -1.65408 -0.0188304 0.000965509 0.999822 116.88 
0.999754 0.00784231 0.0207544 -1.49934 -0.00785795 0.999969 0.000674379 -1.67993 -0.0207485 -0.000837259 0.999784 118.239 
0.999718 0.00789935 0.0224052 -1.50402 -0.0079658 0.999964 0.00287995 -1.70094 -0.0223817 -0.00305757 0.999745 119.571 
0.9997 0.00724226 0.0234026 -1.50351 -0.00732319 0.999968 0.00337604 -1.72008 -0.0233775 -0.00354637 0.99972 120.921 
0.999663 0.00791041 0.0247324 -1.50943 -0.00798431 0.999964 0.00289238 -1.74377 -0.0247087 -0.00308884 0.99969 122.258 
0.99961 0.00933469 0.0263053 -1.50607 -0.00939945 0.999953 0.00234094 -1.76357 -0.0262823 -0.00258725 0.999651 123.622 
0.999543 0.0113712 0.0280078 -1.50325 -0.0114302 0.999933 0.00194883 -1.78336 -0.0279838 -0.00226803 0.999606 124.979 
0.999479 0.0119887 0.029974 -1.50904 -0.0120236 0.999927 0.000985982 -1.8075 -0.02996 -0.00134582 0.99955 126.342 
0.999419 0.0134036 0.0313236 -1.50502 -0.0134217 0.99991 0.000367648 -1.8339 -0.0313159 -0.000787808 0.999509 127.699 
0.999378 0.0126887 0.0329101 -1.49971 -0.012703 0.999919 0.000225605 -1.86192 -0.0329047 -0.000643481 0.999458 129.062 
0.999339 0.0121957 0.0342448 -1.48746 -0.0122517 0.999924 0.00142771 -1.88197 -0.0342248 -0.00184628 0.999412 130.425 
0.999309 0.0110749 0.035486 -1.4724 -0.0111649 0.999935 0.00234094 -1.90459 -0.0354578 -0.00273548 0.999367 131.792 
0.99929 0.0102191 0.036262 -1.46046 -0.0103239 0.999943 0.00270467 -1.92613 -0.0362324 -0.00307708 0.999339 133.157 
0.999299 0.00821777 0.0365201 -1.44252 -0.00833235 0.999961 0.00298743 -1.95002 -0.0364941 -0.00328959 0.999328 134.511 
0.999285 0.00717662 0.0371177 -1.43355 -0.00730572 0.999968 0.00334477 -1.9643 -0.0370925 -0.00361351 0.999305 135.857 
0.999318 0.0054722 0.0365186 -1.40053 -0.00559305 0.999979 0.00320909 -1.98478 -0.0365004 -0.00341111 0.999328 137.224 
0.999354 0.00411953 0.0356943 -1.37405 -0.00422228 0.999987 0.00280483 -1.99556 -0.0356823 -0.00295369 0.999359 138.6 
0.999387 0.00320519 0.0348495 -1.35524 -0.00334017 0.999987 0.00381692 -2.01664 -0.0348369 -0.00393095 0.999385 139.915 
0.999428 0.0017809 0.0337755 -1.33267 -0.00191184 0.999991 0.00384617 -2.03032 -0.0337684 -0.0039085 0.999422 141.27 
0.999461 0.00168158 0.0327986 -1.31827 -0.00180964 0.999991 0.00387671 -2.04865 -0.0327918 -0.00393393 0.999455 142.621 
0.999488 0.00178106 0.0319458 -1.30335 -0.00188 0.999994 0.0030687 -2.06478 -0.0319402 -0.00312715 0.999485 143.98 
0.999511 0.00190578 0.0312148 -1.29216 -0.00198907 0.999995 0.00263887 -2.08725 -0.0312097 -0.00269962 0.999509 145.335 
0.999543 -0.000613113 0.0302334 -1.27219 0.000599207 1 0.00047043 -2.11196 -0.0302338 -0.000452058 0.999543 146.692 
0.999547 -0.00548295 0.029591 -1.2648 0.00548029 0.999985 0.000172406 -2.13232 -0.0295915 -1.01193e-05 0.999562 148.018 
0.999494 -0.0138201 0.0286382 -1.23608 0.0137484 0.999902 0.00270031 -2.15693 -0.0286727 -0.00230517 0.999586 149.367 
0.999421 -0.0206627 0.0270431 -1.21414 0.0205475 0.999779 0.00453425 -2.17972 -0.0271308 -0.00397592 0.999624 150.705 
0.999382 -0.0234544 0.0261711 -1.19718 0.0234308 0.999725 0.001213 -2.19765 -0.0261924 -0.000598997 0.999657 152.044 
0.999396 -0.0226877 0.0263083 -1.18044 0.0227467 0.999739 -0.0019409 -2.22131 -0.0262574 0.00253819 0.999652 153.382 
0.99944 -0.0195198 0.0271812 -1.1689 0.0196363 0.999799 -0.0040259 -2.24758 -0.0270972 0.00455742 0.999622 154.729 
0.999412 -0.0196969 0.0280707 -1.15817 0.019807 0.999797 -0.00364668 -2.27929 -0.0279932 0.00420057 0.999599 156.068 
0.99932 -0.023078 0.0287536 -1.1388 0.023089 0.999733 -5.02324e-05 -2.30679 -0.0287448 0.000714133 0.999587 157.424 
0.999168 -0.028289 0.0293638 -1.1211 0.0282244 0.999598 0.00261241 -2.32682 -0.029426 -0.00178141 0.999565 158.755 
0.999048 -0.0320474 0.0296121 -1.10195 0.0319325 0.999481 0.00434878 -2.35211 -0.0297361 -0.00339901 0.999552 160.097 
0.998978 -0.0337807 0.0300293 -1.08771 0.0336715 0.999424 0.00413656 -2.36684 -0.0301518 -0.00312116 0.999541 161.454 
0.998986 -0.0324575 0.0311967 -1.07561 0.0323078 0.999464 0.00529217 -2.39326 -0.0313518 -0.00427887 0.999499 162.808 
0.999055 -0.0285564 0.0327578 -1.06897 0.0284178 0.999585 0.00469019 -2.41819 -0.0328782 -0.00375481 0.999452 164.153 
0.999114 -0.0248741 0.0339398 -1.06114 0.0247994 0.999689 0.00262075 -2.43991 -0.0339945 -0.0017767 0.99942 165.491 
0.999165 -0.0216714 0.0346323 -1.03965 0.0216205 0.999765 0.00184312 -2.45507 -0.0346641 -0.00109277 0.999398 166.858 
0.999191 -0.0193041 0.0352679 -1.0189 0.0192284 0.999812 0.0024854 -2.4692 -0.0353093 -0.0018052 0.999375 168.232 
0.999219 -0.01741 0.0354736 -0.997377 0.0173439 0.999847 0.00217209 -2.48953 -0.035506 -0.0015551 0.999368 169.602 
0.999263 -0.0155383 0.0350974 -0.971552 0.0155523 0.999879 -0.000125347 -2.51362 -0.0350912 0.000671142 0.999384 170.98 
0.999305 -0.0119097 0.0353316 -0.962861 0.012009 0.999925 -0.00259778 -2.53776 -0.035298 0.00302031 0.999372 172.342 
0.999358 -0.00679868 0.0351774 -0.947838 0.00694345 0.999968 -0.00399355 -2.56493 -0.0351491 0.00423528 0.999373 173.721 
0.999345 -0.00159929 0.0361481 -0.944462 0.00171554 0.999994 -0.00318395 -2.58549 -0.0361428 0.00324392 0.999341 175.112 
0.999335 0.000444248 0.0364711 -0.920311 -0.000417598 1 -0.000737162 -2.62163 -0.0364715 0.000721483 0.999334 176.508 
0.999333 0.00148428 0.036488 -0.88844 -0.00152888 0.999998 0.00119575 -2.63928 -0.0364862 -0.00125069 0.999333 177.925 
0.999355 -0.00208597 0.0358549 -0.864471 0.00200752 0.999996 0.00222505 -2.66214 -0.0358594 -0.00215159 0.999355 179.309 
0.999405 -0.00386643 0.0342764 -0.83573 0.0037932 0.99999 0.00220264 -2.67879 -0.0342846 -0.00207127 0.99941 180.704 
0.999466 -0.00469642 0.0323268 -0.807666 0.004762 0.999987 -0.00195044 -2.70507 -0.0323173 0.00210338 0.999475 182.1 
0.99952 -0.00275601 0.0308585 -0.794129 0.00294417 0.999977 -0.00605257 -2.73559 -0.0308411 0.00614056 0.999505 183.501 
0.999528 0.00231059 0.0306361 -0.791843 -0.00210563 0.999975 -0.00671916 -2.76826 -0.0306509 0.00665152 0.999508 184.883 
0.999509 0.00554422 0.0308531 -0.796898 -0.005369 0.999969 -0.00575772 -2.8001 -0.0308842 0.00558928 0.999507 186.319 
0.999491 0.00763672 0.0309821 -0.784308 -0.0075622 0.999968 -0.00252025 -2.81996 -0.0310004 0.00228472 0.999517 187.745 
0.999489 0.00771844 0.0310178 -0.763701 -0.00770337 0.99997 -0.00060381 -2.83976 -0.0310216 0.000364601 0.999519 189.198 
0.999491 0.00728149 0.0310731 -0.741496 -0.00728191 0.999974 -9.83882e-05 -2.84487 -0.031073 -0.000127892 0.999517 190.645 
0.999497 0.00545567 0.0312361 -0.718235 -0.00548405 0.999985 0.000824296 -2.86904 -0.0312312 -0.000995141 0.999512 192.088 
0.9995 0.00308057 0.0314633 -0.702515 -0.00311645 0.999995 0.00109283 -2.88919 -0.0314598 -0.0011903 0.999504 193.527 
0.999502 0.00020329 0.0315519 -0.68427 -0.000247072 0.999999 0.00138511 -2.912 -0.0315517 -0.00139218 0.999501 194.98 
0.999475 -0.00276032 0.0322888 -0.663532 0.00268157 0.999993 0.00248323 -2.9307 -0.0322955 -0.0023953 0.999476 196.431 
0.999439 -0.00735211 0.0326617 -0.635613 0.00722351 0.999966 0.00405509 -2.95006 -0.0326904 -0.00381684 0.999458 197.876 
0.99939 -0.00957857 0.0335908 -0.628904 0.00944966 0.999947 0.00399567 -2.96763 -0.0336273 -0.00367577 0.999428 199.31 
0.999401 -0.00763739 0.0337474 -0.603088 0.00766271 0.99997 -0.000619585 -2.98563 -0.0337417 0.000877851 0.99943 200.75 
0.999414 -0.000706341 0.0342225 -0.587231 0.000893634 0.999985 -0.00545652 -3.01473 -0.0342182 0.00548395 0.999399 202.184 
0.999333 0.00847714 0.0355226 -0.577549 -0.00828292 0.99995 -0.00561001 -3.04086 -0.0355684 0.00531208 0.999353 203.624 
0.999189 0.0163848 0.0367812 -0.570031 -0.0163206 0.999865 -0.00204452 -3.06759 -0.0368097 0.00144261 0.999321 205.059 
0.999141 0.0175069 0.037574 -0.544323 -0.0175179 0.999847 -3.47177e-05 -3.08595 -0.0375688 -0.000623487 0.999294 206.551 
0.999184 0.0155922 0.0372629 -0.51659 -0.015612 0.999878 0.000240801 -3.10207 -0.0372547 -0.000822312 0.999306 208.005 
0.999271 0.0123176 0.0361378 -0.490524 -0.0123302 0.999924 0.000128132 -3.12174 -0.0361335 -0.000573584 0.999347 209.467 
0.999335 0.0101621 0.0350217 -0.458958 -0.0101573 0.999948 -0.000313946 -3.14963 -0.0350231 -4.19475e-05 0.999387 210.924 
0.999333 0.0109104 0.0348592 -0.441394 -0.0108941 0.99994 -0.000657928 -3.17704 -0.0348644 0.00027777 0.999392 212.383 
0.999316 0.0124187 0.0348286 -0.421925 -0.0124104 0.999923 -0.000453512 -3.20301 -0.0348316 2.10059e-05 0.999393 213.841 
0.999293 0.0136382 0.0350471 -0.405851 -0.0136719 0.999906 0.000723082 -3.23252 -0.035034 -0.00120169 0.999385 215.315 
0.999328 0.0123558 0.0345227 -0.376124 -0.0123748 0.999923 0.000336504 -3.25935 -0.0345159 -0.000763448 0.999404 216.782 
0.999323 0.0126218 0.0345467 -0.358229 -0.0126048 0.99992 -0.000709321 -3.28444 -0.034553 0.000273428 0.999403 218.252 
0.999339 0.011564 0.0344712 -0.336629 -0.0115429 0.999933 -0.000809869 -3.30591 -0.0344783 0.000411478 0.999405 219.732 
0.999335 0.0124239 0.0342696 -0.317768 -0.0123937 0.999923 -0.00109249 -3.32858 -0.0342805 0.000667078 0.999412 221.23 
0.999334 0.0123403 0.0343343 -0.305519 -0.0123054 0.999924 -0.0012283 -3.34884 -0.0343469 0.000805022 0.99941 222.734 
0.999339 0.0120513 0.0343039 -0.286311 -0.0120174 0.999927 -0.0011941 -3.37597 -0.0343158 0.000781111 0.999411 224.221 
0.999317 0.0135587 0.034363 -0.279986 -0.0135199 0.999908 -0.00135914 -3.4005 -0.0343783 0.000893669 0.999409 225.701 
0.999321 0.0130137 0.0344743 -0.27595 -0.0129802 0.999915 -0.00119355 -3.43096 -0.034487 0.000745297 0.999405 227.221 
0.999296 0.0136946 0.0349162 -0.271689 -0.0136693 0.999906 -0.000962646 -3.46516 -0.0349262 0.00048473 0.99939 228.682 
0.99929 0.0134258 0.0352047 -0.256494 -0.0134001 0.99991 -0.00096587 -3.4897 -0.0352146 0.000493479 0.99938 230.194 
0.999307 0.0118918 0.0352768 -0.231079 -0.0118644 0.999929 -0.000984256 -3.51658 -0.0352861 0.000565076 0.999377 231.705 
0.999307 0.0110921 0.0355391 -0.211428 -0.0110742 0.999938 -0.000700489 -3.54388 -0.0355448 0.000306478 0.999368 233.243 
0.99932 0.0101968 0.0354227 -0.16696 -0.0102041 0.999948 2.64892e-05 -3.56737 -0.0354206 -0.000387885 0.999372 234.782 
0.999309 0.010465 0.0356755 -0.147977 -0.0104718 0.999945 5.23859e-06 -3.58977 -0.0356735 -0.00037878 0.999363 236.305 
0.999306 0.0105521 0.0357263 -0.125689 -0.010557 0.999944 -5.19391e-05 -3.61487 -0.0357249 -0.000325217 0.999362 237.827 
0.999289 0.0115187 0.0358979 -0.0944948 -0.0114908 0.999934 -0.000984397 -3.63974 -0.0359069 0.000571243 0.999355 239.326 
0.999247 0.0125583 0.0367104 -0.0839179 -0.0125503 0.999921 -0.000448146 -3.66022 -0.0367132 -1.28771e-05 0.999326 240.861 
0.999223 0.012529 0.0373812 -0.0576871 -0.012599 0.999919 0.00163872 -3.68458 -0.0373577 -0.00210837 0.9993 242.369 
0.999198 0.0121922 0.0381529 -0.0345277 -0.0122894 0.999922 0.00231444 -3.70851 -0.0381218 -0.00278141 0.999269 243.876 
0.999169 0.0128031 0.0387016 -0.00533803 -0.0128331 0.999918 0.000527547 -3.72841 -0.0386917 -0.00102373 0.999251 245.394 
0.999156 0.0128189 0.0390346 0.0299742 -0.012803 0.999918 -0.000655654 -3.75617 -0.0390399 0.000155381 0.999238 246.922 
0.99913 0.0134094 0.039488 0.0549111 -0.0134012 0.99991 -0.000470426 -3.77629 -0.0394908 -5.91279e-05 0.99922 248.448 
0.999158 0.0128573 0.0389511 0.0975145 -0.0128923 0.999917 0.000647055 -3.79992 -0.0389396 -0.00114864 0.999241 249.998 
0.99918 0.0128049 0.0384061 0.137434 -0.0128646 0.999916 0.00130769 -3.82886 -0.0383862 -0.00180066 0.999261 251.533 
0.999168 0.0133845 0.0385276 0.166632 -0.0134351 0.999909 0.00105599 -3.84837 -0.03851 -0.0015727 0.999257 253.098 
0.999137 0.0146519 0.0388698 0.197542 -0.0147041 0.999891 0.00105818 -3.86651 -0.0388502 -0.00162877 0.999244 254.641 
0.99912 0.0158055 0.0388644 0.227851 -0.0158473 0.999874 0.000767832 -3.88289 -0.0388474 -0.00138301 0.999244 256.194 
0.999108 0.0159388 0.0391 0.256877 -0.015992 0.999872 0.00105071 -3.90636 -0.0390783 -0.00167502 0.999235 257.749 
0.999127 0.0145579 0.0391655 0.293207 -0.014619 0.999892 0.00127412 -3.93171 -0.0391428 -0.00184553 0.999232 259.288 
0.999159 0.0128718 0.0389282 0.331066 -0.0129559 0.999914 0.00190859 -3.95145 -0.0389004 -0.0024113 0.99924 260.839 
0.999152 0.0101578 0.0399017 0.346509 -0.0102811 0.999943 0.00288805 -3.97904 -0.0398701 -0.00329579 0.999199 262.377 
0.999154 0.00792637 0.040363 0.365561 -0.0080585 0.999963 0.00311309 -4.01565 -0.0403369 -0.00343568 0.99918 263.897 
0.999149 0.0068491 0.0406864 0.38536 -0.00693222 0.999974 0.00190344 -4.03413 -0.0406724 -0.00218382 0.99917 265.437 
0.999141 0.00470962 0.0411791 0.423774 -0.0048751 0.99998 0.00392018 -4.05632 -0.0411599 -0.00411752 0.999144 266.991 
0.999109 0.00357612 0.0420497 0.45522 -0.00379695 0.999979 0.00517389 -4.07101 -0.0420304 -0.0053289 0.999102 268.543 
0.999112 0.00213249 0.0420773 0.500055 -0.00231566 0.999988 0.00430582 -4.08447 -0.0420677 -0.00439939 0.999105 270.117 
0.999094 0.00246709 0.0424821 0.548222 -0.00259732 0.999992 0.00301156 -4.10189 -0.0424744 -0.00311913 0.999093 271.692 
0.999076 0.00329671 0.0428614 0.597621 -0.00341225 0.999991 0.0026237 -4.12236 -0.0428524 -0.00276748 0.999078 273.263 
0.998997 0.00513275 0.0444755 0.623846 -0.00525683 0.999983 0.00267439 -4.14559 -0.0444611 -0.00290547 0.999007 274.791 
0.998938 0.00659314 0.0456102 0.655692 -0.00669738 0.999975 0.00213406 -4.16221 -0.045595 -0.00243722 0.998957 276.332 
0.998869 0.00814525 0.0468447 0.690855 -0.00823753 0.999965 0.0017782 -4.18835 -0.0468286 -0.00216203 0.998901 277.878 
0.998827 0.00910854 0.0475484 0.735014 -0.00918525 0.999957 0.00139607 -4.21295 -0.0475337 -0.00183113 0.998868 279.412 
0.998804 0.00803289 0.0482384 0.77037 -0.00809596 0.999967 0.00111321 -4.23592 -0.0482278 -0.00150237 0.998835 281.042 
0.998756 0.00655277 0.0494351 0.822666 -0.00659098 0.999978 0.000610858 -4.2608 -0.04943 -0.000935882 0.998777 282.575 
0.998696 0.00596596 0.0507087 0.867566 -0.00600813 0.999982 0.0006802 -4.27891 -0.0507037 -0.000983936 0.998713 284.147 
0.998666 0.0044951 0.0514384 0.921098 -0.00460624 0.999987 0.00204333 -4.31033 -0.0514286 -0.0022775 0.998674 285.681 
0.998654 0.00361331 0.0517358 0.973739 -0.00373284 0.999991 0.00221476 -4.33123 -0.0517274 -0.00240486 0.998658 287.282 
0.998672 0.00295051 0.0514293 1.04185 -0.00295147 0.999996 -5.63832e-05 -4.3642 -0.0514293 -9.54429e-05 0.998677 288.886 
0.998669 0.00318522 0.0514778 1.0946 -0.00305606 0.999992 -0.00258675 -4.38433 -0.0514857 0.00242603 0.998671 290.458 
0.998691 0.00285464 0.0510674 1.1449 -0.00271552 0.999992 -0.00279258 -4.40391 -0.051075 0.00265029 0.998691 291.995 
0.998753 0.00146217 0.0499094 1.19071 -0.00133405 0.999996 -0.00259941 -4.4336 -0.049913 0.00252962 0.99875 293.542 
0.998798 0.00196037 0.0489862 1.23382 -0.00180792 0.999993 -0.00315538 -4.45908 -0.0489921 0.00306307 0.998795 295.101 
0.998827 0.00284983 0.048344 1.27756 -0.00269759 0.999991 -0.00321321 -4.48738 -0.0483528 0.00307907 0.998826 296.663 
0.998858 0.00240929 0.0477217 1.32358 -0.00227721 0.999993 -0.00282096 -4.51463 -0.0477283 0.00270911 0.998857 298.23 
0.998875 0.00141474 0.0474021 1.33483 -0.00129563 0.999996 -0.00254256 -4.5378 -0.0474056 0.00247833 0.998873 299.805 
0.998913 0.000740845 0.046602 1.37974 -0.000690952 0.999999 -0.00108579 -4.56281 -0.0466029 0.00105245 0.998913 301.447 
0.998942 0.00216833 0.0459305 1.42499 -0.00218453 0.999998 0.000303556 -4.59031 -0.0459298 -0.00040353 0.998945 303.057 
0.998882 0.00322638 0.0471554 1.45889 -0.00323973 0.999995 0.000207603 -4.61123 -0.0471545 -0.000360101 0.998888 304.661 
0.998858 0.00309822 0.0476734 1.51747 -0.00310436 0.999995 5.56312e-05 -4.63389 -0.047673 -0.000203522 0.998863 306.339 
0.998843 0.00161658 0.0480713 1.56832 -0.00161853 0.999999 2.51952e-06 -4.65656 -0.0480713 -8.02803e-05 0.998844 307.944 
0.998858 -0.0015682 0.0477553 1.62373 0.00158828 0.999999 -0.000381701 -4.70191 -0.0477547 0.000457155 0.998859 309.58 
0.998843 -0.00265483 0.0480105 1.67906 0.00277821 0.999993 -0.00250224 -4.72269 -0.0480035 0.00263277 0.998844 311.254 
0.998852 -0.00287535 0.0478075 1.73054 0.00304761 0.999989 -0.00352982 -4.74995 -0.0477968 0.00367151 0.99885 312.866 
0.998972 -0.0023944 0.0452737 1.77987 0.00259786 0.999987 -0.00443465 -4.78147 -0.0452625 0.00454774 0.998965 314.466 
0.999042 -0.00147663 0.0437336 1.79922 0.00164368 0.999992 -0.00378317 -4.80763 -0.0437276 0.00385147 0.999036 316.09 
0.999043 -0.000530228 0.043726 1.81754 0.000546559 1 -0.000360529 -4.83799 -0.0437258 0.000384124 0.999044 317.725 
0.999018 -0.00248537 0.044247 1.86788 0.00236563 0.999993 0.0027595 -4.86114 -0.0442536 -0.00265207 0.999017 319.365 
0.999009 -0.00304958 0.0444002 1.91401 0.00291002 0.999991 0.00320858 -4.87778 -0.0444096 -0.00307615 0.999009 321.021 
0.998983 -0.00392435 0.0449088 1.94563 0.00384268 0.999991 0.00190559 -4.89796 -0.0449159 -0.00173104 0.998989 322.652 
0.998953 -0.00472781 0.0455048 1.98414 0.00464577 0.999987 0.00190948 -4.92227 -0.0455133 -0.00169603 0.998962 324.3 
0.998924 -0.00484512 0.0461167 2.02124 0.00474665 0.999986 0.00224538 -4.94926 -0.046127 -0.00202402 0.998934 325.939 
0.998877 -0.00475706 0.0471317 2.05494 0.00464851 0.999986 0.00241334 -4.97409 -0.0471426 -0.0021915 0.998886 327.578 
0.998851 -0.00300722 0.0478381 2.09521 0.00294564 0.999995 0.00135878 -4.99936 -0.0478419 -0.00121627 0.998854 329.252 
0.998807 -0.00225376 0.0487736 2.13442 0.0022161 0.999997 0.000827177 -5.02383 -0.0487754 -0.000718062 0.99881 330.898 
0.998752 -0.00367065 0.0498186 2.18658 0.00353422 0.99999 0.00282719 -5.0501 -0.0498285 -0.00264755 0.998754 332.528 
0.998728 -0.00468256 0.0502102 2.23542 0.00450409 0.999983 0.00366788 -5.07437 -0.0502266 -0.00343702 0.998732 334.149 
0.998697 -0.00600771 0.0506745 2.27678 0.00587582 0.999979 0.00275196 -5.10023 -0.05069 -0.00245058 0.998711 335.773 
0.998695 -0.00473315 0.050858 2.32724 0.00458524 0.999985 0.00302535 -5.12879 -0.0508716 -0.00278816 0.998701 337.375 
0.998676 -0.00218609 0.0513935 2.35589 0.00216405 0.999998 0.000485434 -5.14423 -0.0513945 -0.000373532 0.998678 339.004 
0.998686 -0.000939415 0.0512491 2.40773 0.00104698 0.999997 -0.00207123 -5.18157 -0.051247 0.00212221 0.998684 340.655 
0.998692 0.000589244 0.0511252 2.44397 -0.000511029 0.999999 -0.00154209 -5.20988 -0.0511261 0.00151398 0.998691 342.255 
0.998702 0.0018902 0.0509084 2.48084 -0.00198501 0.999996 0.00181257 -5.23878 -0.0509049 -0.00191123 0.998702 343.874 
0.998718 0.00268988 0.0505562 2.52152 -0.00292422 0.999985 0.00456258 -5.25962 -0.0505432 -0.00470453 0.998711 345.504 
0.998758 0.00294034 0.0497472 2.56348 -0.00310003 0.99999 0.00313404 -5.27245 -0.0497375 -0.00328432 0.998757 347.131 
0.998832 0.00211319 0.0482724 2.60389 -0.0022132 0.999996 0.00201945 -5.29972 -0.048268 -0.00212389 0.998832 348.749 
0.998903 0.000786188 0.0468264 2.63884 -0.000946198 0.999994 0.00339595 -5.32368 -0.0468235 -0.00343649 0.998897 350.391 
0.998913 -0.000702021 0.0466073 2.67041 0.000525193 0.999993 0.00380707 -5.34038 -0.0466097 -0.00377842 0.998906 352.027 
0.998932 -0.00109131 0.0461831 2.71902 0.000957389 0.999995 0.0029228 -5.36238 -0.0461861 -0.00287542 0.998929 353.659 
0.998938 -0.00195873 0.0460298 2.75673 0.00185914 0.999996 0.00220743 -5.38434 -0.046034 -0.00211946 0.998938 355.283 
0.998937 -0.00219024 0.0460494 2.80549 0.00208798 0.999995 0.00226951 -5.41155 -0.0460542 -0.0021709 0.998937 356.873 
0.998914 -0.00272688 0.0465207 2.84497 0.00262656 0.999994 0.0022183 -5.43253 -0.0465265 -0.00209366 0.998915 358.484 
0.998907 -0.00358441 0.0466023 2.89397 0.00350371 0.999992 0.00181412 -5.45937 -0.0466085 -0.00164881 0.998912 360.082 
0.998893 -0.00370102 0.0468979 2.93193 0.00364746 0.999993 0.00122851 -5.48403 -0.0469021 -0.00105605 0.998899 361.708 
0.998879 -0.00435892 0.0471452 2.97625 0.00428647 0.99999 0.0016387 -5.51294 -0.0471519 -0.00143473 0.998887 363.308 
0.998845 -0.00359789 0.047924 3.01316 0.00356336 0.999993 0.000806911 -5.5404 -0.0479266 -0.000635167 0.998851 364.925 
0.998834 -0.00475195 0.048039 3.05505 0.00478067 0.999988 -0.000481998 -5.5631 -0.0480362 0.000711136 0.998845 366.503 
0.99882 -0.00683084 0.0480845 3.10117 0.00675922 0.999976 0.00165271 -5.58722 -0.0480947 -0.0013257 0.998842 368.104 
0.998819 -0.00831076 0.0478647 3.16007 0.00821198 0.999964 0.00226097 -5.60969 -0.0478818 -0.00186519 0.998851 369.727 
0.998787 -0.00839395 0.0485125 3.18878 0.00834563 0.999964 0.00119932 -5.63116 -0.0485209 -0.000792961 0.998822 371.334 
0.998788 -0.00792307 0.048574 3.24092 0.00788764 0.999969 0.000921958 -5.65764 -0.0485798 -0.000537665 0.998819 372.928 
0.998781 -0.00638528 0.0489495 3.2823 0.00630238 0.999978 0.00184852 -5.68438 -0.0489603 -0.00153772 0.9988 374.509 
0.998766 -0.00524279 0.0493812 3.32986 0.00510897 0.999983 0.00283662 -5.70936 -0.0493953 -0.00258079 0.998776 376.112 
0.998739 -0.00513095 0.0499413 3.3821 0.00499759 0.999984 0.00279559 -5.7415 -0.0499548 -0.00254243 0.998748 377.721 
0.998738 -0.00637099 0.0498088 3.42872 0.00627 0.999978 0.00218427 -5.769 -0.0498217 -0.00186918 0.998756 379.305 
0.998737 -0.00585677 0.0499025 3.47936 0.00577603 0.999982 0.00176292 -5.79168 -0.0499119 -0.00147241 0.998753 380.939 
0.998699 -0.00530472 0.0507204 3.52479 0.00522959 0.999985 0.00161463 -5.81595 -0.0507283 -0.00134725 0.998712 382.552 
0.998693 -0.00433361 0.0509288 3.57757 0.00425189 0.99999 0.0017136 -5.84016 -0.0509357 -0.00149477 0.998701 384.184 
0.998668 -0.00212476 0.0515451 3.62184 0.0020344 0.999996 0.00180627 -5.86105 -0.0515488 -0.00169896 0.998669 385.796 
0.99866 -0.000788283 0.0517477 3.6838 0.000724698 0.999999 0.00124834 -5.88123 -0.0517487 -0.00120913 0.998659 387.45 
0.998683 -0.000333179 0.0513035 3.75583 0.00032682 1 0.000133196 -5.89738 -0.0513036 -0.000116213 0.998683 389.104 
0.998677 0.000646264 0.0514171 3.81324 -0.000653637 1 0.000127434 -5.92981 -0.051417 -0.000160833 0.998677 390.712 
0.998656 0.00180906 0.0517882 3.86816 -0.00183825 0.999998 0.000516929 -5.94509 -0.0517872 -0.000611393 0.998658 392.338 
0.998649 0.00245011 0.0519059 3.92932 -0.00250976 0.999996 0.00108486 -5.9763 -0.0519031 -0.00121362 0.998651 393.975 
0.998599 0.00362355 0.0527875 3.97073 -0.00365041 0.999993 0.000413192 -5.9954 -0.0527857 -0.000605269 0.998606 395.608 
0.998567 0.00415772 0.0533522 4.02025 -0.00418514 0.999991 0.000402971 -6.01933 -0.0533501 -0.000625639 0.998576 397.216 
0.99855 0.00374166 0.05371 4.07972 -0.00379964 0.999992 0.000978176 -6.04338 -0.053706 -0.0011808 0.998556 398.857 
0.998545 0.00324658 0.0538312 4.14145 -0.00325629 0.999995 9.33228e-05 -6.07195 -0.0538306 -0.000268436 0.99855 400.523 
0.998531 0.00361217 0.0540555 4.20524 -0.00355583 0.999993 -0.0011377 -6.0978 -0.0540593 0.000943855 0.998537 402.188 
0.998494 0.00183146 0.0548269 4.2416 -0.00177741 0.999998 -0.00103383 -6.12489 -0.0548287 0.000934865 0.998495 403.846 
0.998475 0.000424377 0.055208 4.29718 -0.000444078 1 0.000345359 -6.15193 -0.0552079 -0.000369308 0.998475 405.49 
0.998476 -0.00118094 0.0551733 4.36384 0.0010686 0.999997 0.00206637 -6.1818 -0.0551757 -0.00200423 0.998475 407.155 
0.998453 -0.00250547 0.0555416 4.42259 0.0024383 0.999996 0.00127777 -6.21117 -0.0555446 -0.00114033 0.998456 408.802 
0.998452 -0.00363186 0.0554977 4.48528 0.00359111 0.999993 0.000834714 -6.23987 -0.0555004 -0.000634082 0.998459 410.442 
