1 2.12261e-08 -2.11895e-08 0 2.12261e-08 1 2.10703e-08 0 -2.11895e-08 2.10703e-08 1 0 
0.999997 -0.00167654 -0.00155089 -0.00766332 0.0016753 0.999998 -0.000831542 -0.0113378 0.00155224 0.000828984 0.999998 0.5795 
0.999995 -0.00235281 -0.00229478 -0.0313465 0.00234771 0.999995 -0.00224173 -0.0237351 0.0023 0.00223637 0.999995 1.14605 
0.999988 -0.00261449 -0.00404571 -0.0465794 0.00260065 0.999991 -0.00343203 -0.039164 0.0040546 0.00342151 0.999986 1.71598 
0.999971 -0.00483386 -0.00591187 -0.0598241 0.00480328 0.999975 -0.00518238 -0.0470513 0.00593673 0.00515387 0.999969 2.2834 
0.999948 -0.00708249 -0.00735678 -0.0739794 0.00703162 0.999951 -0.00692377 -0.0626567 0.00740541 0.00687172 0.999949 2.85044 
0.999931 -0.00803575 -0.00859168 -0.0946924 0.00796811 0.999937 -0.00788319 -0.0711292 0.00865444 0.00781423 0.999932 3.43355 
0.999915 -0.00829946 -0.0100892 -0.105948 0.00822749 0.999941 -0.00715834 -0.0844193 0.010148 0.00707476 0.999924 4.025 
0.9999 -0.008633 -0.0111958 -0.125335 0.0085473 0.999934 -0.0076836 -0.0978953 0.0112614 0.00758718 0.999908 4.6186 
0.999893 -0.00799878 -0.0122155 -0.147139 0.00787426 0.999917 -0.0102116 -0.117936 0.0122961 0.0101144 0.999873 5.21901 
0.999899 -0.00578578 -0.0130166 -0.176514 0.00560018 0.999883 -0.0142542 -0.132348 0.0130976 0.0141799 0.999814 5.82002 
0.999885 -0.00451632 -0.0144967 -0.19527 0.00425381 0.999827 -0.0180915 -0.144103 0.0145759 0.0180278 0.999731 6.44485 
0.999874 -0.00301151 -0.0155594 -0.222085 0.00272863 0.999831 -0.0181724 -0.154531 0.0156114 0.0181277 0.999714 7.07763 
0.999859 -0.000310226 -0.0167812 -0.247565 0.000119504 0.999935 -0.0113676 -0.167932 0.0167836 0.011364 0.999795 7.72848 
0.999846 0.000506978 -0.0175713 -0.273885 -0.000516856 1 -0.00055998 -0.185816 0.017571 0.000569018 0.999845 8.40102 
0.999831 0.00168538 -0.018315 -0.302534 -0.00157828 0.999982 0.00585854 -0.197739 0.0183245 -0.0058286 0.999815 9.07819 
0.999799 0.00398225 -0.0196728 -0.328668 -0.00388331 0.99998 0.00506272 -0.212735 0.0196925 -0.00498526 0.999794 9.7658 
0.999773 0.0062527 -0.0203675 -0.36225 -0.0063033 0.999977 -0.00242347 -0.217071 0.0203518 0.00255134 0.99979 10.4741 
0.99975 0.00602831 -0.021553 -0.3882 -0.00621478 0.999944 -0.00859762 -0.217748 0.0214999 0.00872945 0.999731 11.1872 
0.999727 0.00372392 -0.0230557 -0.407914 -0.0038892 0.999967 -0.00712992 -0.216828 0.0230284 0.00721768 0.999709 11.9385 
0.999716 0.00250831 -0.023689 -0.436469 -0.0024627 0.999995 0.00195259 -0.222598 0.0236937 -0.00189365 0.999718 12.7036 
0.999711 0.0020951 -0.0239488 -0.471166 -0.00186744 0.999953 0.00952298 -0.231264 0.0239676 -0.00947546 0.999668 13.4846 
0.999703 0.00116498 -0.024324 -0.506505 -0.000874896 0.999928 0.0119316 -0.231923 0.0243361 -0.0119067 0.999633 14.2795 
0.999696 -0.00118273 -0.0246134 -0.537088 0.00144695 0.999942 0.0107179 -0.229586 0.0245992 -0.0107502 0.99964 15.0803 
0.999713 -0.00173232 -0.0238946 -0.572058 0.00192828 0.999965 0.00817846 -0.228156 0.0238796 -0.00822215 0.999681 15.9111 
0.999722 0.000546781 -0.0235748 -0.604767 -0.000434839 0.999989 0.00475143 -0.228832 0.0235771 -0.00473982 0.999711 16.7461 
0.999736 -0.00260239 -0.0228443 -0.634275 0.00259441 0.999997 -0.000380484 -0.240429 0.0228452 0.000321158 0.999739 17.5994 
0.999735 -0.00480342 -0.0225121 -0.655733 0.00465382 0.999967 -0.00669456 -0.249536 0.0225434 0.00658806 0.999724 18.4684 
0.999763 -0.00368691 -0.0214375 -0.69268 0.00343036 0.999922 -0.011994 -0.264702 0.02148 0.0119177 0.999698 19.3574 
0.99977 -0.00240221 -0.0213187 -0.727805 0.00212611 0.999914 -0.012966 -0.279992 0.0213479 0.0129178 0.999689 20.2685 
0.999763 -0.00201834 -0.0217005 -0.762862 0.00175382 0.999924 -0.0122039 -0.306524 0.0217235 0.012163 0.99969 21.1982 
0.999763 -0.000445452 -0.0217752 -0.799422 0.000144985 0.999905 -0.0138001 -0.325929 0.0217793 0.0137937 0.999668 22.1351 
0.999755 0.00263554 -0.0219592 -0.836704 -0.0029827 0.999871 -0.0157936 -0.350006 0.0219147 0.0158553 0.999634 23.0904 
0.999745 0.00604601 -0.0217406 -0.889192 -0.00640776 0.999842 -0.01661 -0.375313 0.0216367 0.0167452 0.999626 24.0598 
0.999731 0.0079405 -0.021794 -0.931368 -0.00830229 0.999828 -0.0165623 -0.402578 0.0216587 0.0167388 0.999625 25.0336 
0.999718 0.00894964 -0.0220106 -0.975743 -0.00932163 0.999814 -0.0168584 -0.432034 0.0218556 0.0170589 0.999616 26.0215 
0.999715 0.0085463 -0.0223102 -1.01506 -0.00892152 0.99982 -0.0167753 -0.459784 0.0221627 0.0169696 0.99961 27.0165 
0.999697 0.00938288 -0.0227749 -1.05547 -0.00973664 0.999833 -0.0154739 -0.491927 0.0226259 0.015691 0.999621 28.0147 
0.999678 0.0103177 -0.0231765 -1.09751 -0.0106372 0.99985 -0.0137069 -0.519441 0.0230315 0.0139491 0.999637 29.0261 
0.999654 0.0109365 -0.0239067 -1.13486 -0.0112345 0.99986 -0.0123688 -0.548466 0.0237681 0.0126331 0.999638 30.0431 
0.999651 0.0107067 -0.0241362 -1.17728 -0.0110326 0.999849 -0.0134105 -0.575645 0.0239889 0.0136721 0.999619 31.0705 
0.999618 0.0122452 -0.0247855 -1.21886 -0.0126028 0.999818 -0.0143276 -0.601789 0.0246055 0.0146345 0.99959 32.1096 
0.999616 0.0116713 -0.0251334 -1.26518 -0.0120045 0.999842 -0.0131496 -0.634325 0.0249759 0.0134463 0.999598 33.1502 
0.999604 0.0109376 -0.0259177 -1.305 -0.0112154 0.999881 -0.0105976 -0.660233 0.0257986 0.0108841 0.999608 34.2049 
0.999583 0.0113342 -0.026578 -1.34993 -0.0115248 0.999909 -0.00703395 -0.681278 0.0264958 0.00733736 0.999622 35.2656 
0.999558 0.0115534 -0.0273775 -1.39687 -0.0116916 0.99992 -0.00489431 -0.701976 0.0273187 0.00521228 0.999613 36.3363 
0.99955 0.0113481 -0.0277753 -1.44179 -0.0114651 0.999926 -0.00405825 -0.729853 0.0277272 0.00437491 0.999606 37.4096 
0.999547 0.0108722 -0.0280674 -1.49627 -0.011029 0.999924 -0.00543867 -0.751832 0.0280061 0.00574581 0.999591 38.4901 
0.999517 0.0113909 -0.0289046 -1.54868 -0.0115648 0.999916 -0.00585852 -0.772974 0.0288354 0.00619002 0.999565 39.5781 
0.999506 0.0110307 -0.0294398 -1.60413 -0.0111693 0.999927 -0.00454837 -0.796241 0.0293874 0.00487499 0.999556 40.6678 
0.999486 0.0108334 -0.0301806 -1.65654 -0.0109132 0.999937 -0.00248095 -0.818696 0.0301518 0.00280908 0.999541 41.7582 
0.999484 0.0110753 -0.0301396 -1.71868 -0.0110824 0.999939 -6.8741e-05 -0.838238 0.0301369 0.000402766 0.999546 42.8412 
0.999466 0.0124659 -0.0302136 -1.77932 -0.0124816 0.999922 -0.000333148 -0.857755 0.030207 0.000710127 0.999543 43.9265 
0.999444 0.0137129 -0.0303911 -1.83631 -0.0138427 0.999896 -0.00406437 -0.884723 0.0303322 0.00448285 0.99953 45.0025 
0.999438 0.0147125 -0.0301302 -1.89587 -0.0149519 0.999858 -0.00773857 -0.909586 0.0300121 0.00818476 0.999516 46.0776 
0.999435 0.0152394 -0.0299749 -1.95149 -0.0154878 0.999848 -0.00807224 -0.932977 0.0298472 0.00853196 0.999518 47.1638 
0.999436 0.0158339 -0.0296126 -2.00842 -0.0160024 0.999857 -0.00546232 -0.957615 0.0295218 0.00593316 0.999547 48.2461 
0.999433 0.016283 -0.0294882 -2.06148 -0.0163825 0.999861 -0.00313703 -0.983608 0.029433 0.00361838 0.99956 49.3353 
0.999454 0.0150433 -0.0294307 -2.11219 -0.0151087 0.999884 -0.0020034 -1.00444 0.0293971 0.00244701 0.999565 50.4231 
0.999468 0.0148904 -0.0290035 -2.1639 -0.0149752 0.999884 -0.00271076 -1.02939 0.0289597 0.00314369 0.999576 51.5186 
0.999484 0.0140036 -0.0289104 -2.21485 -0.014149 0.999888 -0.00483377 -1.0457 0.0288394 0.00524037 0.99957 52.6243 
0.999489 0.014144 -0.0286562 -2.26064 -0.0143459 0.999874 -0.00685421 -1.07294 0.0285556 0.00726185 0.999566 53.7251 
0.999522 0.0126648 -0.0282153 -2.3202 -0.0129307 0.999874 -0.00926265 -1.09872 0.0280943 0.00962311 0.999559 54.8333 
0.999532 0.0110655 -0.0285054 -2.36329 -0.011422 0.999858 -0.0123753 -1.13311 0.0283643 0.0126951 0.999517 55.9225 
0.99956 0.00949616 -0.0281005 -2.41619 -0.00990081 0.999849 -0.0142975 -1.1584 0.0279604 0.0145694 0.999503 57.012 
0.999576 0.0079317 -0.0280027 -2.46273 -0.00826398 0.999897 -0.0117718 -1.19159 0.0279064 0.0119982 0.999539 58.101 
0.999586 0.00600982 -0.028127 -2.50329 -0.00617583 0.999964 -0.00582052 -1.22155 0.0280909 0.00599187 0.999587 59.1924 
0.999598 0.00444283 -0.0279945 -2.55469 -0.00443624 0.99999 0.000295981 -1.24667 0.0279955 -0.000171629 0.999608 60.2973 
0.999606 0.00284003 -0.0279201 -2.60546 -0.00281043 0.999995 0.00109765 -1.26713 0.027923 -0.0010187 0.99961 61.3953 
0.999609 -0.000637861 -0.0279416 -2.646 0.000583111 0.999998 -0.00196905 -1.28467 0.0279428 0.00195203 0.999608 62.5023 
0.999588 -0.00228882 -0.0285965 -2.68807 0.00214615 0.999985 -0.00502033 -1.30512 0.0286075 0.00495694 0.999578 63.5953 
0.999585 -0.000498368 -0.0287916 -2.73713 0.000238327 0.999959 -0.009036 -1.33119 0.0287949 0.00902544 0.999545 64.6837 
0.999581 -0.000197803 -0.0289509 -2.78742 -0.000190148 0.99991 -0.0133984 -1.35643 0.0289509 0.0133983 0.999491 65.7826 
0.999585 0.00279821 -0.0286824 -2.84126 -0.00319824 0.999898 -0.0139121 -1.38487 0.0286405 0.0139981 0.999492 66.9016 
0.999584 0.00651516 -0.0281046 -2.89399 -0.00680042 0.999926 -0.0100677 -1.42098 0.0280369 0.0102546 0.999554 68.0253 
0.999571 0.00803706 -0.0281751 -2.94402 -0.0082676 0.999933 -0.00807681 -1.44834 0.0281083 0.00830633 0.99957 69.1266 
0.999563 0.00748011 -0.0286091 -2.9885 -0.00768896 0.999945 -0.00719848 -1.4772 0.0285536 0.00741535 0.999565 70.2321 
0.999574 0.00571357 -0.0286298 -3.03372 -0.00589948 0.999962 -0.00641458 -1.5053 0.028592 0.00658079 0.99957 71.327 
0.999571 0.00454964 -0.0289481 -3.08558 -0.00469763 0.999976 -0.00504802 -1.53016 0.0289244 0.00518188 0.999568 72.4316 
0.999561 0.00296283 -0.0294756 -3.12809 -0.00305072 0.999991 -0.00293885 -1.55688 0.0294666 0.00302753 0.999561 73.5275 
0.999534 0.00177167 -0.0304748 -3.17565 -0.00180628 0.999998 -0.00110959 -1.58378 0.0304728 0.00116416 0.999535 74.6326 
0.999501 0.000916492 -0.0315814 -3.21731 -0.000985687 0.999997 -0.00217684 -1.611 0.0315792 0.00220692 0.999499 75.7231 
0.999479 0.00133418 -0.0322445 -3.27527 -0.00152954 0.999981 -0.00603611 -1.63402 0.0322358 0.00608233 0.999462 76.8123 
0.99944 0.00185765 -0.0333994 -3.32771 -0.00213294 0.999964 -0.00820975 -1.65849 0.033383 0.00827644 0.999408 77.9005 
0.999424 0.00393753 -0.0337113 -3.39723 -0.00416532 0.999969 -0.00669087 -1.68336 0.0336838 0.00682748 0.999409 78.9902 
0.999393 0.00463088 -0.0345284 -3.45764 -0.00471995 0.999986 -0.00249984 -1.70677 0.0345163 0.00266134 0.999401 80.0937 
0.999357 0.0060387 -0.0353431 -3.51565 -0.00598828 0.999981 0.00153091 -1.72828 0.0353516 -0.00131824 0.999374 81.18 
0.999323 0.00683846 -0.0361588 -3.57368 -0.00677087 0.999975 0.00199004 -1.74579 0.0361714 -0.00174382 0.999344 82.2558 
0.999304 0.00663359 -0.0367187 -3.63568 -0.00664532 0.999978 -0.000198638 -1.76301 0.0367165 0.00044255 0.999326 83.3342 
0.999271 0.00660265 -0.0375994 -3.69416 -0.00664156 0.999978 -0.000911284 -1.7846 0.0375925 0.00116038 0.999293 84.3992 
0.999247 0.00621904 -0.0382936 -3.74677 -0.00626956 0.99998 -0.00120039 -1.806 0.0382853 0.00143961 0.999266 85.4544 
0.999229 0.00509633 -0.0389275 -3.80437 -0.00514087 0.999986 -0.00104528 -1.82612 0.0389216 0.00124464 0.999242 86.4949 
0.999219 0.00395611 -0.039313 -3.86605 -0.00394897 0.999992 0.000258237 -1.84286 0.0393137 -0.000102747 0.999227 87.5222 
0.999201 0.00428262 -0.0397325 -3.9292 -0.00416869 0.999987 0.00294872 -1.8651 0.0397445 -0.00278069 0.999206 88.5315 
0.999178 0.00378801 -0.0403611 -3.99135 -0.00363019 0.999986 0.00398176 -1.88574 0.0403755 -0.00383192 0.999177 89.5095 
0.999094 0.00291489 -0.0424537 -4.0482 -0.00274208 0.999988 0.00412718 -1.90479 0.0424651 -0.00400699 0.99909 90.4784 
0.998985 0.00242986 -0.0449878 -4.1168 -0.00228562 0.999992 0.00325643 -1.92548 0.0449953 -0.00315025 0.998982 91.4083 
0.998823 0.00199925 -0.0484714 -4.17543 -0.00188798 0.999996 0.00234025 -1.94398 0.0484758 -0.00224594 0.998822 92.3227 
0.998669 0.00180885 -0.051552 -4.23999 -0.00168569 0.999996 0.00243153 -1.95988 0.0515561 -0.00234135 0.998667 93.2084 
0.998497 0.00291543 -0.0547225 -4.30323 -0.00273119 0.99999 0.00344056 -1.97631 0.0547319 -0.00328589 0.998496 94.0824 
0.998326 0.00373744 -0.0577108 -4.37004 -0.00347479 0.999983 0.00465016 -1.99847 0.0577272 -0.00444181 0.998323 94.9281 
0.998141 0.00446858 -0.0607788 -4.43422 -0.00409843 0.999972 0.00621277 -2.0149 0.0608048 -0.00595208 0.998132 95.7465 
0.997979 0.00619678 -0.0632364 -4.50585 -0.00577112 0.99996 0.00691115 -2.02766 0.0632766 -0.00653219 0.997975 96.5483 
0.997819 0.00819283 -0.0654923 -4.57835 -0.0077193 0.999942 0.00747951 -2.04403 0.0655497 -0.00695761 0.997825 97.3167 
0.997621 0.00960179 -0.0682603 -4.64419 -0.00917919 0.999937 0.00650134 -2.0622 0.0683184 -0.00585926 0.997646 98.0588 
0.997434 0.010656 -0.0707943 -4.70956 -0.0104921 0.999941 0.00268628 -2.0761 0.0708187 -0.00193656 0.997487 98.7676 
0.997244 0.0132533 -0.0730038 -4.78293 -0.013382 0.99991 -0.00127443 -2.08665 0.0729802 0.00224789 0.997331 99.4469 
0.997093 0.014893 -0.0747236 -4.85007 -0.0152242 0.999877 -0.00386538 -2.10302 0.0746567 0.0049918 0.997197 100.102 
0.997032 0.0171357 -0.0750552 -4.92299 -0.0175558 0.999834 -0.00494118 -2.11476 0.074958 0.00624422 0.997167 100.726 
0.997055 0.019421 -0.0741972 -4.98324 -0.0198108 0.999794 -0.00452198 -2.13235 0.074094 0.00597861 0.997233 101.319 
0.997189 0.0231287 -0.0712686 -5.03755 -0.0234064 0.999721 -0.00306426 -2.14784 0.0711778 0.00472383 0.997452 101.889 
0.997503 0.0255304 -0.0658534 -5.08176 -0.025694 0.999669 -0.0016402 -2.16362 0.0657897 0.00332818 0.997828 102.443 
0.997935 0.0264181 -0.0585417 -5.11944 -0.0264374 0.99965 0.000445328 -2.1766 0.058533 0.00110332 0.998285 102.971 
0.998453 0.0264429 -0.0489078 -5.14825 -0.0263381 0.999649 0.00278483 -2.18636 0.0489642 -0.00149234 0.998799 103.476 
0.998981 0.0258438 -0.0370046 -5.16433 -0.0257211 0.999662 0.00378463 -2.19377 0.0370898 -0.00282893 0.999308 103.963 
0.999404 0.0250082 -0.0237825 -5.16982 -0.0249231 0.999682 0.00386545 -2.20579 0.0238715 -0.00327037 0.99971 104.418 
0.999652 0.0249954 -0.00844664 -5.17172 -0.024969 0.999683 0.00320989 -2.2186 0.00852415 -0.00299782 0.999959 104.855 
0.999676 0.023564 0.00958266 -5.16169 -0.023567 0.999722 0.000201596 -2.23128 -0.00957529 -0.000427324 0.999954 105.279 
0.999256 0.0230594 0.0309048 -5.14246 -0.0229333 0.999727 -0.0044281 -2.2418 -0.0309985 0.0037161 0.999513 105.691 
0.998255 0.0208942 0.0552281 -5.10503 -0.0204265 0.999751 -0.00901833 -2.25641 -0.0554028 0.00787452 0.998433 106.093 
0.996453 0.0185546 0.0820856 -5.04852 -0.0176439 0.999775 -0.0118052 -2.26534 -0.0822862 0.010315 0.996555 106.485 
0.993555 0.0158849 0.112237 -4.98945 -0.0145099 0.99981 -0.0130568 -2.27759 -0.112423 0.0113441 0.993596 106.866 
0.989392 0.013503 0.144642 -4.90937 -0.0114488 0.999822 -0.0150244 -2.29017 -0.144819 0.0132091 0.98937 107.24 
0.983541 0.010901 0.180355 -4.81685 -0.0080519 0.999831 -0.0165215 -2.30515 -0.180505 0.0147974 0.983463 107.605 
0.975726 0.00750441 0.218868 -4.71094 -0.00392954 0.999852 -0.0167639 -2.32088 -0.218962 0.015497 0.97561 107.957 
0.965812 0.00542238 0.259189 -4.59754 -0.000874088 0.999844 -0.01766 -2.33244 -0.259244 0.0168297 0.965665 108.294 
0.953481 0.00619277 0.30139 -4.47322 -0.000676975 0.99983 -0.018402 -2.35064 -0.301453 0.017342 0.953323 108.628 
0.9382 0.00833341 0.345992 -4.33611 -0.00191662 0.99982 -0.0188839 -2.36513 -0.346087 0.0170538 0.938047 108.944 
0.920392 0.00831735 0.390909 -4.18207 -0.00157553 0.999845 -0.0175639 -2.37736 -0.390995 0.0155498 0.920262 109.251 
0.900035 0.00766302 0.435751 -4.00968 -0.000561174 0.999865 -0.0164242 -2.38885 -0.435818 0.0145378 0.899917 109.546 
0.876687 0.00630714 0.481019 -3.82789 0.00183416 0.999863 -0.016453 -2.40649 -0.481057 0.0153064 0.876556 109.826 
0.85114 0.00678868 0.524894 -3.63307 0.00342403 0.999823 -0.0184833 -2.42171 -0.524927 0.0175291 0.850967 110.097 
0.823202 0.00898047 0.567678 -3.42405 0.0041204 0.999754 -0.0217908 -2.43757 -0.567734 0.0202773 0.822963 110.355 
0.791979 0.0137507 0.610393 -3.20331 0.00276363 0.999655 -0.0261056 -2.45251 -0.610542 0.022362 0.791668 110.611 
0.757687 0.019993 0.652312 -2.96549 -0.000368243 0.999544 -0.0302076 -2.46072 -0.652618 0.0226477 0.757348 110.859 
0.719647 0.0248295 0.693896 -2.71068 -0.00264643 0.999451 -0.0330184 -2.47114 -0.694336 0.0219252 0.719317 111.102 
0.679694 0.0251709 0.733064 -2.43333 -0.000191676 0.999417 -0.0341388 -2.48153 -0.733496 0.0230634 0.679302 111.324 
0.637892 0.0224766 0.769798 -2.13447 0.00414507 0.999459 -0.032617 -2.49349 -0.770115 0.023997 0.637454 111.531 
0.593057 0.0206621 0.804895 -1.82157 0.00522289 0.999551 -0.0295072 -2.50709 -0.805144 0.0217033 0.592683 111.732 
0.545993 0.0190606 0.837573 -1.49871 0.00592672 0.999628 -0.0266119 -2.52142 -0.837769 0.019494 0.545677 111.911 
0.497402 0.0166083 0.867361 -1.15959 0.00750599 0.999697 -0.0234467 -2.53457 -0.867488 0.0181728 0.497127 112.074 
0.445755 0.0128852 0.895062 -0.807068 0.00961431 0.99977 -0.0191805 -2.54997 -0.895104 0.0171552 0.445528 112.224 
0.39322 0.0130603 0.919352 -0.443783 0.0072774 0.999824 -0.017316 -2.56729 -0.919416 0.0134995 0.393055 112.363 
0.34147 0.0180025 0.93972 -0.0752088 0.00310726 0.99979 -0.0202823 -2.58211 -0.939888 0.00984577 0.341342 112.48 
0.290416 0.0232878 0.956617 0.314749 0.00252279 0.999682 -0.025102 -2.58944 -0.956897 0.00970339 0.290265 112.58 
0.243347 0.0254926 0.969604 0.707291 0.00367624 0.999623 -0.0272045 -2.6043 -0.969932 0.0101846 0.243161 112.653 
0.201726 0.0249644 0.979124 1.12653 0.0112376 0.99955 -0.0278004 -2.61949 -0.979378 0.0166111 0.201355 112.715 
0.166594 0.0249859 0.985709 1.55201 0.0188392 0.999416 -0.0285173 -2.63212 -0.985846 0.0233208 0.166026 112.754 
0.136085 0.0261234 0.990353 1.99668 0.0232567 0.999293 -0.0295549 -2.64454 -0.990424 0.0270543 0.135382 112.794 
0.107821 0.0246143 0.993866 2.45973 0.0208747 0.999417 -0.0270164 -2.66128 -0.993951 0.0236596 0.107245 112.839 
0.0823051 0.0211201 0.996383 2.94134 0.0147227 0.999641 -0.0224052 -2.67537 -0.996498 0.0165135 0.0819646 112.88 
0.058596 0.0173297 0.998131 3.44557 0.00963496 0.999793 -0.0179241 -2.69046 -0.998235 0.0106672 0.0584168 112.908 
0.035791 0.0149514 0.999247 3.96352 0.0133095 0.999792 -0.0154363 -2.70862 -0.999271 0.013852 0.0355845 112.917 
0.0153383 0.0156166 0.99976 4.49667 0.020757 0.999658 -0.0159334 -2.7262 -0.999667 0.0209964 0.0150089 112.911 
-0.00226915 0.0179898 0.999836 5.05736 0.0256748 0.99951 -0.0179256 -2.74515 -0.999668 0.0256299 -0.00272992 112.907 
-0.0164884 0.0233994 0.99959 5.61983 0.026031 0.999397 -0.0229655 -2.75903 -0.999525 0.0256417 -0.0170876 112.891 
-0.0272496 0.0278688 0.99924 6.21553 0.0231409 0.999361 -0.0272411 -2.77741 -0.999361 0.022381 -0.027877 112.879 
-0.0335239 0.0274556 0.999061 6.83985 0.0257733 0.999314 -0.0265977 -2.79416 -0.999106 0.0248575 -0.0342086 112.861 
-0.0362371 0.0242728 0.999048 7.48407 0.0317794 0.999227 -0.0231245 -2.81642 -0.998838 0.0309111 -0.0369805 112.84 
-0.0356202 0.0227771 0.999106 8.15265 0.033527 0.999205 -0.021584 -2.83263 -0.998803 0.0327282 -0.0363555 112.825 
-0.0338742 0.0225587 0.999172 8.84627 0.0326574 0.999236 -0.021453 -2.85136 -0.998892 0.0319036 -0.0345851 112.821 
-0.0324604 0.022622 0.999217 9.53766 0.0290862 0.999342 -0.0216799 -2.87925 -0.99905 0.0283597 -0.033097 112.817 
-0.0312145 0.0239358 0.999226 10.2552 0.0281483 0.999338 -0.0230591 -2.89709 -0.999116 0.0274068 -0.0318675 112.81 
-0.0303011 0.0247094 0.999235 10.988 0.0282212 0.999317 -0.0238556 -2.92204 -0.999142 0.0274768 -0.0309778 112.804 
-0.0292866 0.0242622 0.999277 11.7345 0.0276932 0.999341 -0.0234521 -2.94701 -0.999187 0.0269863 -0.0299392 112.794 
-0.0287547 0.0229771 0.999322 12.4931 0.0267104 0.999396 -0.0222102 -2.97192 -0.99923 0.0260536 -0.0293511 112.792 
-0.0282109 0.0218178 0.999364 13.2733 0.027638 0.999397 -0.0210383 -2.99366 -0.99922 0.0270269 -0.0287969 112.784 
-0.0287951 0.0193733 0.999398 14.0623 0.0280673 0.999434 -0.0185653 -3.02306 -0.999191 0.0275158 -0.0293225 112.775 
-0.0301185 0.0178467 0.999387 14.8586 0.0253724 0.999532 -0.0170846 -3.04642 -0.999224 0.0248423 -0.0305573 112.773 
-0.0312924 0.0165559 0.999373 15.6562 0.0247638 0.999569 -0.0157837 -3.07702 -0.999203 0.0242544 -0.0316889 112.765 
-0.0324254 0.0140445 0.999376 16.4704 0.0271551 0.999545 -0.0131658 -3.09603 -0.999105 0.0267112 -0.032792 112.744 
-0.0335235 0.0125291 0.999359 17.2918 0.0285048 0.999527 -0.011575 -3.1173 -0.999031 0.0280985 -0.0338648 112.723 
-0.0354149 0.0117267 0.999304 18.1279 0.0260877 0.999601 -0.0108056 -3.14076 -0.999032 0.0256868 -0.0357067 112.715 
-0.0365168 0.0166038 0.999195 18.9575 0.022862 0.999614 -0.0157752 -3.15759 -0.999072 0.0222675 -0.0368823 112.705 
-0.0371898 0.0209646 0.999088 19.7846 0.0240954 0.999508 -0.0200764 -3.18555 -0.999018 0.0233268 -0.0376767 112.687 
-0.0382581 0.0223814 0.999017 20.6317 0.0240958 0.999479 -0.0214689 -3.21348 -0.998977 0.0232508 -0.0387775 112.666 
-0.0395459 0.0202132 0.999013 21.4918 0.020621 0.999599 -0.0194087 -3.24355 -0.999005 0.0198331 -0.0399468 112.646 
-0.0406017 0.0159698 0.999048 22.3499 0.0180935 0.99972 -0.0152452 -3.27121 -0.999012 0.0174573 -0.0408793 112.634 
-0.0407474 0.0104526 0.999115 23.2024 0.0164947 0.999816 -0.00978713 -3.30146 -0.999033 0.0160813 -0.0409124 112.614 
-0.0410747 0.00485641 0.999144 24.0615 0.0127186 0.99991 -0.00433723 -3.32277 -0.999075 0.0125296 -0.0411328 112.598 
-0.0412494 0.0033448 0.999143 24.9163 0.00979829 0.999948 -0.00294293 -3.34748 -0.999101 0.0096685 -0.04128 112.586 
-0.0405302 0.0101363 0.999127 25.7641 0.0126885 0.999873 -0.00962911 -3.3756 -0.999098 0.0122871 -0.0406536 112.566 
-0.0394764 0.0213352 0.998993 26.5927 0.0147729 0.999675 -0.0207659 -3.40169 -0.999111 0.0139383 -0.0397787 112.548 
-0.0391166 0.0264717 0.998884 27.4247 0.0165152 0.99953 -0.0258421 -3.42426 -0.999098 0.0154859 -0.0395354 112.534 
-0.0376752 0.0209762 0.99907 28.2742 0.018292 0.999627 -0.0202981 -3.4562 -0.999123 0.0175103 -0.0380448 112.513 
-0.036424 0.0130394 0.999251 29.1017 0.0212552 0.999699 -0.0122704 -3.48684 -0.99911 0.0207924 -0.0366902 112.493 
-0.0360449 0.00983097 0.999302 29.9407 0.0225354 0.999705 -0.00902205 -3.51569 -0.999096 0.0221944 -0.0362558 112.479 
-0.0362765 0.0107564 0.999284 30.7642 0.0216361 0.999716 -0.00997555 -3.53719 -0.999108 0.0212587 -0.0364989 112.466 
-0.0369769 0.0115299 0.99925 31.5772 0.0186246 0.999768 -0.0108467 -3.56326 -0.999143 0.0182095 -0.0371831 112.451 
-0.0386859 0.0120821 0.999178 32.3941 0.0168171 0.999793 -0.0114384 -3.58015 -0.99911 0.0163608 -0.0388811 112.434 
-0.0410965 0.0120089 0.999083 33.2127 0.01612 0.999806 -0.0113544 -3.60524 -0.999025 0.0156386 -0.0412821 112.419 
-0.0431392 0.0124082 0.998992 34.0289 0.0156294 0.999809 -0.0117434 -3.63068 -0.998947 0.0151071 -0.0433249 112.405 
-0.0451608 0.0126746 0.998899 34.8282 0.0138247 0.999832 -0.0120614 -3.65669 -0.998884 0.0132648 -0.0453284 112.386 
-0.0471953 0.012065 0.998813 35.6444 0.0120617 0.999861 -0.0115077 -3.67714 -0.998813 0.0115042 -0.0473343 112.368 
-0.0491053 0.0106525 0.998737 36.4418 0.0126549 0.99987 -0.0100423 -3.70279 -0.998713 0.0121458 -0.0492337 112.343 
-0.0514822 0.0110236 0.998613 37.2437 0.0122757 0.999871 -0.0104045 -3.72443 -0.998599 0.011723 -0.0516109 112.327 
-0.0527849 0.0119286 0.998535 38.0319 0.0120005 0.999864 -0.0113101 -3.75027 -0.998534 0.0113859 -0.0529209 112.292 
-0.0537234 0.0122448 0.998481 38.8183 0.012767 0.999852 -0.0115746 -3.77268 -0.998474 0.0121258 -0.0538718 112.27 
-0.0548609 0.0110762 0.998433 39.6058 0.0145774 0.999841 -0.0102908 -3.79834 -0.998388 0.01399 -0.0550136 112.238 
-0.0559363 0.0101973 0.998382 40.3929 0.0154629 0.999837 -0.00934581 -3.8222 -0.998315 0.0149151 -0.0560849 112.205 
-0.057252 0.00973183 0.998312 41.161 0.0137853 0.999865 -0.00895635 -3.8453 -0.998265 0.0132493 -0.0573784 112.179 
-0.0585777 0.00873383 0.998245 41.9151 0.0119278 0.999897 -0.00804831 -3.86874 -0.998212 0.0114354 -0.0586758 112.154 
-0.0592262 0.00756333 0.998216 42.6554 0.0108334 0.999917 -0.00693342 -3.88891 -0.998186 0.0104034 -0.0593033 112.126 
-0.0598454 0.00696165 0.998183 43.3732 0.0108925 0.999921 -0.00632068 -3.91367 -0.998148 0.0104944 -0.0599165 112.096 
-0.0602647 0.0094607 0.998138 44.0792 0.0107626 0.999903 -0.00882758 -3.93616 -0.998124 0.0102105 -0.0603607 112.07 
-0.0600406 0.0119471 0.998124 44.7784 0.0106647 0.999879 -0.0113265 -3.96043 -0.998139 0.00996463 -0.0601608 112.04 
-0.0601149 0.0134814 0.9981 45.4758 0.00906956 0.999875 -0.0129591 -3.98513 -0.99815 0.0082733 -0.0602296 112.014 
-0.0599746 0.0142537 0.998098 46.1712 0.00964794 0.99986 -0.0136991 -4.0087 -0.998153 0.00880799 -0.0601037 111.982 
-0.0599181 0.0141128 0.998104 46.876 0.0111089 0.999848 -0.0134705 -4.03026 -0.998142 0.0102807 -0.0600658 111.951 
-0.0601676 0.0137209 0.998094 47.5606 0.0119019 0.999844 -0.0130275 -4.04984 -0.998117 0.0110954 -0.0603215 111.923 
-0.0603888 0.0139116 0.998078 48.2536 0.00820359 0.999876 -0.0134402 -4.0701 -0.998141 0.00737618 -0.0604954 111.9 
-0.0597711 0.014156 0.998112 48.9384 0.00554043 0.999889 -0.0138494 -4.09249 -0.998197 0.00470218 -0.0598429 111.872 
-0.0598978 0.0125961 0.998125 49.6175 0.00726084 0.999899 -0.0121827 -4.11698 -0.998178 0.0065175 -0.0599833 111.845 
-0.0606457 0.0119247 0.998088 50.3006 0.00757427 0.999905 -0.0114862 -4.13837 -0.998131 0.0068632 -0.0607303 111.813 
-0.064128 0.0112744 0.997878 50.9751 0.00476737 0.999928 -0.0109911 -4.16408 -0.99793 0.00405242 -0.0641771 111.784 
-0.0692802 0.0108201 0.997539 51.6472 0.00101252 0.999941 -0.0107758 -4.18762 -0.997597 0.000263474 -0.0692871 111.754 
-0.0750086 0.0147732 0.997073 52.3258 0.00452268 0.999885 -0.0144746 -4.20398 -0.997173 0.00342373 -0.0750668 111.71 
-0.0813651 0.0177017 0.996527 52.9987 0.00692842 0.999828 -0.0171946 -4.22011 -0.99666 0.00550532 -0.0814738 111.657 
-0.0885379 0.0193125 0.995886 53.6702 0.00609371 0.999804 -0.0188467 -4.23989 -0.996054 0.00439998 -0.0886383 111.608 
-0.0946562 0.0185293 0.995338 54.3529 0.00260747 0.999828 -0.0183649 -4.26373 -0.995507 0.000856954 -0.0946882 111.558 
-0.0998683 0.0174067 0.994848 55.0402 0.00224085 0.999848 -0.0172692 -4.28557 -0.994998 0.000504656 -0.0998922 111.499 
-0.104343 0.0181228 0.994376 55.7364 -9.51625e-05 0.999834 -0.0182322 -4.30716 -0.994541 -0.00199703 -0.104324 111.437 
-0.108458 0.017336 0.99395 56.4422 -0.00233393 0.999841 -0.0176933 -4.32802 -0.994098 -0.0042388 -0.1084 111.381 
-0.111207 0.0143674 0.993693 57.1602 -0.00187258 0.999891 -0.0146666 -4.34428 -0.993796 -0.0034918 -0.111168 111.318 
-0.112604 0.011239 0.993576 57.871 0.000110758 0.999936 -0.0112984 -4.36444 -0.99364 -0.0011622 -0.112598 111.244 
-0.113804 0.00865316 0.993466 58.5934 0.000304772 0.999962 -0.00867479 -4.3824 -0.993503 -0.000684444 -0.113802 111.173 
-0.114781 0.0083636 0.993356 59.3183 -0.000677621 0.999964 -0.00849749 -4.40403 -0.993391 -0.00164847 -0.114771 111.099 
-0.115228 0.0118298 0.993269 60.0587 0.001036 0.99993 -0.0117889 -4.42335 -0.993339 -0.000329387 -0.115232 111.03 
-0.115124 0.0158954 0.993224 60.7946 0.00691991 0.999861 -0.0151995 -4.44225 -0.993327 0.00512319 -0.115218 110.948 
-0.115356 0.0208021 0.993106 61.5372 0.0146506 0.999708 -0.0192386 -4.46624 -0.993216 0.0123303 -0.115627 110.861 
-0.116064 0.0219554 0.992999 62.2856 0.0152215 0.999678 -0.0203238 -4.48834 -0.993125 0.0127561 -0.116361 110.786 
-0.116099 0.0199081 0.993038 63.037 0.0142032 0.99973 -0.0183817 -4.51648 -0.993136 0.0119703 -0.11635 110.712 
-0.115636 0.015155 0.993176 63.7896 0.0147815 0.999799 -0.013535 -4.54178 -0.993182 0.0131155 -0.115837 110.632 
-0.115281 0.013305 0.993244 64.5387 0.0173995 0.999784 -0.0113731 -4.56487 -0.993181 0.0159709 -0.115488 110.55 
-0.116039 0.0131242 0.993158 65.288 0.0177089 0.999781 -0.0111426 -4.58763 -0.993087 0.0162947 -0.116246 110.472 
-0.117571 0.0137813 0.992969 66.0292 0.0163973 0.999794 -0.0119345 -4.6137 -0.992929 0.0148788 -0.117772 110.399 
-0.11959 0.0146931 0.992715 66.7691 0.0158384 0.999792 -0.0128898 -4.6353 -0.992697 0.0141815 -0.119798 110.323 
-0.121287 0.0149997 0.992504 67.517 0.0175891 0.999761 -0.0129599 -4.65819 -0.992462 0.0158853 -0.121522 110.238 
-0.122845 0.0150716 0.992312 68.2593 0.0180652 0.999753 -0.0129481 -4.68133 -0.992262 0.0163357 -0.123087 110.153 
-0.12471 0.0145863 0.992086 69.0069 0.0175649 0.999768 -0.0124913 -4.70324 -0.992038 0.0158681 -0.124937 110.08 
-0.126329 0.0149568 0.991876 69.7582 0.0152865 0.999797 -0.0131292 -4.72451 -0.991871 0.0135037 -0.126532 110.003 
-0.127466 0.0164286 0.991707 70.5158 0.0155471 0.999773 -0.0145639 -4.74853 -0.991721 0.0135617 -0.127692 109.919 
-0.128234 0.0168658 0.991601 71.2809 0.0145113 0.99978 -0.0151283 -4.77237 -0.991638 0.0124494 -0.128451 109.837 
-0.129515 0.0172515 0.991427 72.0519 0.0144007 0.999776 -0.0155155 -4.7921 -0.991473 0.0122678 -0.129735 109.753 
-0.130649 0.0155572 0.991307 72.8366 0.0150068 0.999793 -0.0137125 -4.81457 -0.991315 0.0130848 -0.130855 109.668 
-0.131659 0.0130453 0.991209 73.6186 0.0124457 0.999856 -0.011506 -4.84144 -0.991217 0.0108215 -0.131803 109.582 
-0.133249 0.0111826 0.99102 74.41 0.0096214 0.999904 -0.00998919 -4.85808 -0.991036 0.00820395 -0.133344 109.495 
-0.13562 0.0105078 0.990705 75.206 0.0111183 0.999897 -0.00908328 -4.88142 -0.990699 0.00978304 -0.135723 109.404 
-0.137448 0.0110475 0.990447 76.0002 0.0122292 0.999881 -0.00945561 -4.90382 -0.990433 0.0108127 -0.137567 109.308 
-0.139427 0.012321 0.990156 76.8028 0.0115308 0.999875 -0.0108182 -4.92235 -0.990165 0.00990892 -0.139552 109.205 
-0.14088 0.0158541 0.9899 77.6097 0.0130957 0.999814 -0.0141491 -4.94699 -0.98994 0.0109701 -0.141061 109.104 
-0.1414 0.0198922 0.989753 78.4233 0.0151442 0.999725 -0.017929 -4.97093 -0.989837 0.0124538 -0.141662 109.002 
-0.142621 0.0238967 0.989489 79.2392 0.0161843 0.999631 -0.0218089 -4.9952 -0.989645 0.0129038 -0.142955 108.904 
-0.142182 0.0249862 0.989525 80.0691 0.0183682 0.999576 -0.0226007 -5.0252 -0.98967 0.0149624 -0.14258 108.795 
-0.141585 0.0241584 0.989631 80.8972 0.0221155 0.99953 -0.021236 -5.05891 -0.989679 0.0188795 -0.142052 108.687 
-0.141447 0.0224103 0.989692 81.7438 0.0228258 0.999552 -0.0193712 -5.08633 -0.989683 0.0198506 -0.141895 108.581 
-0.140939 0.0207511 0.989801 82.5893 0.022345 0.999592 -0.0177746 -5.11393 -0.989766 0.0196119 -0.141346 108.482 
-0.139096 0.0184006 0.990108 83.4405 0.0210291 0.999657 -0.0156238 -5.14122 -0.990056 0.0186479 -0.139435 108.38 
-0.137338 0.0150099 0.990411 84.2983 0.0214074 0.999697 -0.0121821 -5.16886 -0.990293 0.0195291 -0.137617 108.277 
-0.135877 0.0118031 0.990655 85.1632 0.021814 0.999722 -0.00891916 -5.19014 -0.990486 0.0203982 -0.136097 108.178 
-0.134173 0.0116397 0.99089 86.0266 0.0197627 0.999764 -0.00906788 -5.21184 -0.990761 0.018366 -0.134371 108.085 
-0.13274 0.0156884 0.991027 86.8905 0.0203652 0.999707 -0.013098 -5.23818 -0.990942 0.0184439 -0.133021 107.984 
-0.130791 0.0221033 0.991164 87.7439 0.0214567 0.99958 -0.0194596 -5.26335 -0.991178 0.018722 -0.13121 107.888 
-0.12933 0.0255134 0.991273 88.5994 0.0193238 0.999544 -0.0232051 -5.29242 -0.991413 0.0161541 -0.129764 107.796 
-0.127916 0.0232662 0.991512 89.4617 0.0175542 0.999621 -0.0211918 -5.31874 -0.99163 0.0146945 -0.128276 107.704 
-0.126611 0.0207261 0.991736 90.3231 0.018172 0.999662 -0.0185717 -5.35037 -0.991786 0.0156705 -0.126945 107.608 
-0.125849 0.0192015 0.991864 91.1955 0.0188781 0.999678 -0.0169575 -5.37725 -0.99187 0.0165904 -0.126171 107.51 
-0.124761 0.0189145 0.992007 92.0605 0.0187509 0.999685 -0.0167026 -5.40713 -0.99201 0.0165172 -0.125076 107.414 
-0.124185 0.0186604 0.992084 92.9294 0.0179234 0.999702 -0.0165601 -5.44197 -0.992097 0.015725 -0.124483 107.322 
-0.123375 0.0168737 0.992217 93.8032 0.0207775 0.99968 -0.0144171 -5.46963 -0.992143 0.0188371 -0.123686 107.226 
-0.121878 0.0162153 0.992413 94.6717 0.0235122 0.999633 -0.0134457 -5.49803 -0.992267 0.0216951 -0.122214 107.124 
-0.121034 0.0175267 0.992494 95.5542 0.0258199 0.999561 -0.0145027 -5.52866 -0.992313 0.0238707 -0.121434 107.029 
-0.119814 0.0196193 0.992603 96.4229 0.0265824 0.99951 -0.0165471 -5.55639 -0.99244 0.0244031 -0.120277 106.933 
-0.118619 0.0209942 0.992718 97.2871 0.0235845 0.999554 -0.0183206 -5.58903 -0.99266 0.0212396 -0.119062 106.838 
-0.117691 0.016592 0.992912 98.1482 0.0185253 0.999723 -0.01451 -5.62031 -0.992878 0.0166863 -0.117965 106.755 
-0.117527 0.014461 0.992964 99.0093 0.0143343 0.999815 -0.0128641 -5.65586 -0.992966 0.0127215 -0.117713 106.67 
-0.118183 0.0147462 0.992882 99.8664 0.0109297 0.999849 -0.0135487 -5.68628 -0.992932 0.0092507 -0.118327 106.582 
-0.119074 0.0194584 0.992695 100.709 0.00805473 0.999794 -0.0186313 -5.71532 -0.992853 0.00577737 -0.119207 106.499 
-0.119614 0.0216522 0.992584 101.55 0.00775794 0.999752 -0.0208736 -5.75001 -0.99279 0.00520362 -0.119753 106.411 
-0.119953 0.0219881 0.992536 102.387 0.00843891 0.999741 -0.0211278 -5.78331 -0.992744 0.00584157 -0.120108 106.324 
-0.11993 0.0212635 0.992555 103.224 0.0100632 0.999745 -0.0202016 -5.81918 -0.992731 0.0075655 -0.120113 106.23 
-0.120232 0.0220333 0.992501 104.053 0.0116273 0.999716 -0.0207849 -5.85105 -0.992678 0.00904109 -0.120454 106.138 
-0.120561 0.0252681 0.992384 104.874 0.0130481 0.99963 -0.0238674 -5.8851 -0.99262 0.0100713 -0.120846 106.05 
-0.121207 0.0266516 0.992269 105.69 0.0127204 0.999599 -0.0252946 -5.9183 -0.992546 0.00955614 -0.121497 105.966 
-0.122557 0.0270499 0.992093 106.511 0.0111324 0.999603 -0.0258794 -5.95257 -0.992399 0.00787264 -0.122809 105.89 
-0.124606 0.0259382 0.991867 107.317 0.00972323 0.999642 -0.02492 -5.98697 -0.992159 0.00653898 -0.124813 105.802 
-0.127615 0.0272054 0.991451 108.117 0.00953443 0.999611 -0.0262021 -6.02339 -0.991778 0.00610913 -0.127825 105.715 
-0.131128 0.0298087 0.990917 108.914 0.0091041 0.999542 -0.0288634 -6.06041 -0.991324 0.00523661 -0.131339 105.633 
-0.134527 0.0312697 0.990416 109.698 0.00761314 0.999505 -0.0305225 -6.09472 -0.990881 0.00343408 -0.134698 105.545 
-0.137892 0.0312483 0.989954 110.483 0.00797376 0.999505 -0.0304391 -6.13005 -0.990415 0.00369634 -0.138073 105.454 
-0.14064 0.0302641 0.989598 111.266 0.00942085 0.999528 -0.0292288 -6.16388 -0.990016 0.00521212 -0.140858 105.354 
-0.14323 0.031083 0.989201 112.043 0.0108168 0.999496 -0.0298402 -6.2014 -0.98963 0.006426 -0.143494 105.254 
-0.144878 0.0352239 0.988822 112.816 0.00596811 0.999379 -0.0347255 -6.2461 -0.989432 0.000870432 -0.144998 105.16 
-0.146338 0.0419995 0.988343 113.581 0.00382735 0.999115 -0.0418905 -6.29078 -0.989227 -0.00234743 -0.146369 105.061 
-0.148659 0.0452702 0.987852 114.346 0.0082053 0.998974 -0.0445451 -6.32643 -0.988855 0.00148359 -0.148878 104.948 
-0.151105 0.0435576 0.987558 115.115 0.0103637 0.999044 -0.0424784 -6.36352 -0.988463 0.00381607 -0.151412 104.837 
-0.154137 0.0357592 0.987402 115.887 0.00880978 0.999355 -0.0348168 -6.41077 -0.98801 0.00333222 -0.154353 104.733 
-0.15632 0.0336322 0.987134 116.659 0.00770945 0.999431 -0.0328303 -6.45657 -0.987676 0.00247822 -0.15649 104.625 
-0.158013 0.0367321 0.986754 117.421 0.00725251 0.999324 -0.0360386 -6.49455 -0.98741 0.00146186 -0.158173 104.516 
-0.160698 0.0401894 0.986185 118.175 0.00462871 0.99919 -0.0399651 -6.5324 -0.986993 -0.00185753 -0.160754 104.412 
-0.163124 0.0425739 0.985687 118.924 0.00399466 0.999089 -0.0424916 -6.57728 -0.986598 -0.00299392 -0.163145 104.3 
-0.164863 0.0466531 0.985213 119.665 0.00778413 0.998911 -0.0459991 -6.6254 -0.986286 8.54549e-05 -0.165047 104.182 
-0.166815 0.0514714 0.984644 120.417 0.00824282 0.998674 -0.0508083 -6.66736 -0.985954 -0.000359358 -0.167018 104.073 
-0.169459 0.0538592 0.984064 121.159 0.00770086 0.998548 -0.0533258 -6.71259 -0.985507 -0.0014584 -0.169628 103.957 
-0.172143 0.051508 0.983724 121.904 0.00825071 0.998672 -0.0508468 -6.76 -0.985037 -0.00063649 -0.172339 103.85 
-0.175878 0.0480992 0.983236 122.648 0.0127558 0.998833 -0.0465805 -6.80771 -0.984329 0.0043495 -0.176286 103.721 
-0.181734 0.0469544 0.982226 123.389 0.0149968 0.998876 -0.0449756 -6.84977 -0.983233 0.00655666 -0.182234 103.599 
-0.187963 0.0458775 0.981104 124.125 0.0136902 0.998934 -0.0440884 -6.89296 -0.982081 0.00514449 -0.188391 103.472 
-0.196328 0.0464021 0.97944 124.855 0.0126321 0.998916 -0.0447927 -6.93538 -0.980457 0.00357833 -0.196701 103.339 
-0.20677 0.0468142 0.977269 125.576 0.0120249 0.998901 -0.0453062 -6.98072 -0.978316 0.00238354 -0.207106 103.197 
-0.219029 0.0478692 0.974543 126.294 0.0126177 0.998851 -0.0462273 -7.02376 -0.975637 0.00217133 -0.219382 103.051 
-0.231522 0.0483687 0.971627 127.007 0.0134231 0.998827 -0.0465242 -7.07008 -0.972737 0.00227082 -0.2319 102.888 
-0.243647 0.0487394 0.968639 127.721 0.0166168 0.9988 -0.0460773 -7.11135 -0.969722 0.00486912 -0.244164 102.719 
-0.254389 0.0486992 0.965875 128.428 0.0201159 0.998782 -0.0450603 -7.15788 -0.966893 0.00796658 -0.255058 102.533 
-0.26464 0.0487717 0.963113 129.129 0.0242543 0.998741 -0.0439113 -7.20114 -0.964042 0.011739 -0.265489 102.345 
-0.27308 0.0492674 0.960729 129.831 0.0303244 0.998632 -0.0425916 -7.2482 -0.961513 0.0175025 -0.274201 102.142 
-0.280763 0.0492623 0.958512 130.523 0.0353319 0.998536 -0.0409699 -7.29095 -0.959127 0.0223632 -0.282092 101.942 
-0.287309 0.049273 0.95657 131.214 0.0351458 0.998546 -0.040879 -7.33422 -0.957193 0.0218744 -0.288623 101.747 
-0.291835 0.0471166 0.955308 131.903 0.0390646 0.99854 -0.037315 -7.37626 -0.955671 0.0264289 -0.293249 101.54 
-0.293392 0.0448634 0.954939 132.588 0.0452411 0.998431 -0.0330069 -7.4074 -0.954921 0.0335185 -0.294961 101.324 
-0.294633 0.0435479 0.954618 133.269 0.0515127 0.998232 -0.0296386 -7.4431 -0.954221 0.0404424 -0.296356 101.118 
-0.295347 0.0420695 0.954463 133.94 0.0537562 0.998179 -0.0273621 -7.48044 -0.953877 0.043227 -0.297071 100.915 
-0.294526 0.047432 0.954466 134.603 0.0563976 0.997889 -0.0321869 -7.51438 -0.953978 0.0443497 -0.29658 100.711 
-0.293214 0.0507489 0.954699 135.264 0.0565242 0.997764 -0.0356779 -7.54746 -0.954374 0.0435023 -0.295427 100.519 
-0.292444 0.0504259 0.954952 135.928 0.0587681 0.997669 -0.0346844 -7.58584 -0.954475 0.0459774 -0.294725 100.325 
-0.290388 0.0488228 0.955663 136.591 0.0596216 0.99768 -0.0328527 -7.62046 -0.95505 0.0474381 -0.292625 100.129 
-0.288655 0.0460098 0.956327 137.244 0.0616684 0.997664 -0.0293847 -7.66008 -0.955445 0.0504931 -0.290818 99.9412 
-0.287456 0.046534 0.956663 137.888 0.0622948 0.997613 -0.0298076 -7.69705 -0.955766 0.0510268 -0.289668 99.7569 
-0.285051 0.0492739 0.957245 138.528 0.0635207 0.997454 -0.0324282 -7.72709 -0.956405 0.0515612 -0.287455 99.5791 
-0.280229 0.0509975 0.958578 139.167 0.065217 0.997292 -0.0339917 -7.75887 -0.957715 0.0529901 -0.282796 99.3938 
-0.275077 0.0499279 0.960125 139.802 0.0661445 0.997267 -0.0329088 -7.79419 -0.959144 0.0544545 -0.277627 99.2254 
-0.269466 0.0483741 0.961794 140.431 0.0682284 0.997187 -0.0310387 -7.82789 -0.96059 0.0572578 -0.272008 99.0539 
-0.264884 0.046393 0.963164 141.058 0.0681002 0.997248 -0.0293062 -7.86056 -0.961873 0.0578289 -0.267314 98.8957 
-0.260895 0.0452905 0.964304 141.681 0.0675588 0.997306 -0.0285623 -7.89618 -0.963 0.0576955 -0.263252 98.7413 
-0.257088 0.0440408 0.965384 142.301 0.0686834 0.997268 -0.0272044 -7.92481 -0.963944 0.0593119 -0.259411 98.5879 
-0.253446 0.0427277 0.966406 142.917 0.0719866 0.997087 -0.0252053 -7.95169 -0.964667 0.06318 -0.255783 98.4378 
-0.249855 0.0409401 0.967417 143.52 0.0732673 0.997041 -0.0232709 -7.98087 -0.965507 0.0650657 -0.252116 98.2905 
-0.246347 0.0395697 0.968374 144.129 0.0721231 0.997144 -0.0223978 -8.0101 -0.966495 0.0643245 -0.248497 98.1455 
-0.24346 0.0403306 0.969072 144.719 0.0689024 0.99733 -0.0241963 -8.04404 -0.967461 0.0608806 -0.245589 98.0251 
-0.238776 0.0438057 0.970086 145.31 0.0702551 0.997143 -0.027735 -8.07184 -0.96853 0.0615311 -0.241171 97.8927 
-0.23345 0.0469066 0.971237 145.897 0.0722325 0.996913 -0.0307845 -8.10141 -0.969682 0.0629682 -0.236117 97.7657 
-0.226721 0.0478961 0.972781 146.472 0.0714558 0.996916 -0.0324305 -8.12729 -0.971335 0.0621582 -0.229445 97.6474 
