1 2.12261e-08 -2.11895e-08 0 2.12261e-08 1 2.10703e-08 0 -2.11895e-08 2.10703e-08 1 0 
0.999997 0.0010861 0.0022223 -0.0263386 -0.00108364 0.999999 -0.00108918 -0.016904 -0.00222353 0.00108681 0.999997 1.22331 
0.999993 0.00140168 0.00335717 -0.043392 -0.00139963 0.999999 -0.000599918 -0.0385724 -0.00335805 0.000595258 0.999994 2.42276 
0.999991 0.000612547 0.00427962 -0.0569021 -0.000612316 1 -4.54926e-05 -0.0643805 -0.00427969 4.29138e-05 0.999991 3.62578 
0.999989 -1.39321e-05 0.00468965 -0.0684429 1.42496e-05 1 -5.85909e-05 -0.0846565 -0.00468969 5.86991e-05 0.999989 4.82663 
0.999985 -0.000231421 0.00543117 -0.0816203 0.00023065 1 0.000150453 -0.106927 -0.00543125 -0.000149156 0.999985 6.03551 
0.999983 0.000235807 0.00576404 -0.0789239 -0.000230604 1 -0.000895895 -0.126101 -0.00576429 0.000894593 0.999983 7.25108 
0.999979 -0.000131734 0.00648956 -0.091461 0.000140816 0.999999 -0.00139237 -0.146854 -0.00648941 0.0013933 0.999978 8.46974 
0.999979 -0.000550928 0.00649233 -0.106009 0.000551745 1 -0.000117517 -0.163242 -0.0064923 0.000121139 0.999979 9.66925 
0.999987 -0.00135169 0.00497098 -0.115847 0.00134807 0.999999 0.000740672 -0.182206 -0.00497202 -0.000733919 0.999987 10.872 
0.999993 -0.00196141 0.00311001 -0.147032 0.00196059 0.999998 0.000282063 -0.205322 -0.0031106 -0.000275921 0.999995 12.077 
0.999998 -0.001474 0.00119786 -0.163751 0.0014744 0.999999 -0.000299522 -0.22309 -0.00119746 0.000301329 0.999999 13.2882 
0.999999 -0.00148669 -4.64026e-05 -0.190604 0.00148672 0.999999 -0.000257628 -0.246333 4.67432e-05 0.000257601 1 14.4995 
1 -0.00026803 -0.000883318 -0.221006 0.000267588 1 -0.00054764 -0.264696 0.000883422 0.000547446 1 15.7098 
0.999999 -0.000806351 -0.00144388 -0.246915 0.000805593 1 -0.000555329 -0.28865 0.00144429 0.000554208 0.999999 16.924 
0.999997 -0.00128117 -0.00201327 -0.276042 0.00128112 0.999999 -4.66062e-05 -0.309858 0.00201328 4.40691e-05 0.999998 18.1389 
0.999997 -0.00124645 -0.0022285 -0.302139 0.00124625 0.999999 -0.000110269 -0.326513 0.00222859 0.000107533 0.999998 19.3717 
0.999996 -0.0010442 -0.00258683 -0.330651 0.00104186 0.999999 -0.000923412 -0.350652 0.00258775 0.000920756 0.999996 20.5891 
0.999994 -0.00179659 -0.00289151 -0.358169 0.00179177 0.999997 -0.00168424 -0.372845 0.00289448 0.00167909 0.999994 21.7694 
0.999993 -0.000324474 -0.00382135 -0.381116 0.000318734 0.999999 -0.00151359 -0.390218 0.0038218 0.00151241 0.999992 22.9871 
0.99999 -0.000443854 -0.00444894 -0.414589 0.000437714 0.999999 -0.00139051 -0.417819 0.00444951 0.00138859 0.999989 24.1936 
0.999985 -0.000874756 -0.00544221 -0.43121 0.000863405 0.999997 -0.00209568 -0.433392 0.00544398 0.00209099 0.999983 25.3766 
0.999981 -0.000332709 -0.0061806 -0.459515 0.000324379 0.999999 -0.00135562 -0.457939 0.006181 0.00135363 0.99998 26.5895 
0.999976 -0.00114808 -0.00688506 -0.478839 0.00114969 0.999999 0.000225017 -0.473582 0.00688475 -0.000232885 0.999976 27.8265 
0.999967 -0.00172026 -0.00789345 -0.507048 0.0017236 0.999998 0.000410672 -0.498907 0.00789269 -0.000424222 0.999969 29.0439 
0.999957 -0.00270954 -0.00890623 -0.535357 0.00270583 0.999996 -0.000434143 -0.519748 0.00890733 0.000410068 0.99996 30.2601 
0.999946 -0.0033042 -0.00982757 -0.567799 0.00329101 0.999994 -0.00136213 -0.539745 0.00983197 0.00132976 0.999951 31.4771 
0.999942 -0.00282931 -0.0104419 -0.60142 0.00281361 0.999995 -0.00152216 -0.553176 0.0104461 0.00149273 0.999944 32.6777 
0.999941 -0.00266272 -0.01049 -0.64778 0.00265195 0.999996 -0.00104441 -0.572277 0.0104927 0.00101657 0.999944 33.9093 
0.999939 -0.00307548 -0.010616 -0.69317 0.00306841 0.999995 -0.000686586 -0.599138 0.010618 0.000654012 0.999943 35.1264 
0.99993 -0.00363266 -0.0112559 -0.72313 0.00362484 0.999993 -0.000718603 -0.623512 0.0112584 0.000677795 0.999936 36.3233 
0.999916 -0.00477759 -0.0120695 -0.75407 0.0047689 0.999988 -0.000752086 -0.649577 0.0120729 0.000694507 0.999927 37.5249 
0.999905 -0.00594873 -0.012434 -0.783852 0.00594672 0.999982 -0.00020218 -0.672259 0.0124349 0.000128262 0.999923 38.7335 
0.999904 -0.00568991 -0.0126335 -0.816585 0.00570329 0.999983 0.00101973 -0.692944 0.0126275 -0.00109164 0.99992 39.9338 
0.999907 -0.00550521 -0.0125074 -0.855435 0.00552947 0.999983 0.0019028 -0.716529 0.0124967 -0.00197174 0.99992 41.1569 
0.999908 -0.00503229 -0.012568 -0.893336 0.00505112 0.999986 0.00146403 -0.739347 0.0125604 -0.00152734 0.99992 42.3697 
0.999921 -0.00412707 -0.0118561 -0.936788 0.00414805 0.99999 0.00174146 -0.764098 0.0118487 -0.00179046 0.999928 43.6059 
0.999936 -0.00157506 -0.0112019 -0.979477 0.0016103 0.999994 0.00313395 -0.777395 0.0111968 -0.00315175 0.999932 44.8195 
0.999945 -0.00189624 -0.0103285 -1.00097 0.00195889 0.99998 0.00605468 -0.792739 0.0103168 -0.00607453 0.999928 46.0256 
0.999959 -0.001933 -0.00879726 -1.03116 0.00201393 0.999956 0.00919505 -0.815093 0.00877905 -0.00921235 0.999919 47.2384 
0.999976 -0.0011239 -0.00686559 -1.06787 0.00121105 0.999919 0.0126967 -0.822801 0.00685072 -0.0127047 0.999896 48.466 
0.999983 -0.00178607 -0.00550729 -1.08791 0.00186231 0.999902 0.0138609 -0.827088 0.00548195 -0.0138708 0.999889 49.6977 
0.999985 -0.00366604 -0.00403391 -1.10848 0.00371462 0.99992 0.0120915 -0.826017 0.00398921 -0.0121062 0.999919 50.9181 
0.999991 -0.00296432 -0.00317381 -1.13149 0.00299731 0.999941 0.0104279 -0.831007 0.00314267 -0.0104373 0.999941 52.1197 
0.999994 -0.00269244 -0.002262 -1.16247 0.00271493 0.999947 0.00997972 -0.840495 0.00223497 -0.00998575 0.999948 53.3181 
0.999994 -0.00278302 -0.002293 -1.17826 0.00280453 0.999952 0.00941398 -0.846726 0.00226665 -0.00942031 0.999953 54.5395 
0.999988 -0.00369201 -0.00308449 -1.20354 0.00371762 0.999958 0.00832729 -0.857884 0.00305358 -0.00833861 0.999961 55.7579 
0.999983 -0.00349993 -0.00472354 -1.23157 0.00354083 0.999956 0.00866921 -0.867305 0.00469295 -0.00868574 0.999951 56.9641 
0.999975 -0.00346552 -0.00610952 -1.25953 0.00352559 0.999945 0.00984149 -0.878079 0.00607504 -0.00986275 0.999933 58.1815 
0.999969 -0.0036201 -0.00693119 -1.29373 0.0036917 0.99994 0.010339 -0.889574 0.0068933 -0.0103642 0.999923 59.3903 
0.999966 -0.00281506 -0.00780134 -1.32505 0.00289202 0.999947 0.00986604 -0.899152 0.00777311 -0.00988822 0.999921 60.6102 
0.999965 -0.00261805 -0.00794724 -1.36356 0.0026967 0.999947 0.00989654 -0.911694 0.00792087 -0.00991759 0.999919 61.8277 
0.999965 -0.00310015 -0.00782132 -1.39511 0.00317403 0.99995 0.00944577 -0.921389 0.0077916 -0.00947022 0.999925 63.0476 
0.999959 -0.00431354 -0.00794507 -1.42207 0.00438142 0.999954 0.00854034 -0.933096 0.00790782 -0.00857476 0.999932 64.2722 
0.999954 -0.00447243 -0.00849215 -1.45168 0.00455587 0.999941 0.00982688 -0.943607 0.00844766 -0.00986508 0.999916 65.4801 
0.999949 -0.00511379 -0.00876749 -1.48362 0.00521601 0.999918 0.0116712 -0.962623 0.00870705 -0.0117163 0.999893 66.6945 
0.999951 -0.00421599 -0.0090143 -1.51596 0.00430595 0.999941 0.00997864 -0.971271 0.00897165 -0.0100169 0.99991 67.9058 
0.999959 -0.00257432 -0.00863849 -1.55861 0.00265249 0.999956 0.00904516 -0.988402 0.00861478 -0.00906766 0.999922 69.1135 
0.999965 -0.000504255 -0.0082995 -1.59875 0.000581809 0.999956 0.0093396 -0.997165 0.00829439 -0.00934407 0.999922 70.3098 
0.999968 0.00124762 -0.00796646 -1.63937 -0.00117188 0.999954 0.00949961 -1.00938 0.0079779 -0.00948992 0.999923 71.497 
0.999968 0.00350516 -0.00713401 -1.68097 -0.00343456 0.999945 0.009879 -1.01686 0.0071682 -0.00985415 0.999926 72.6972 
0.999975 0.00374547 -0.00606628 -1.71166 -0.00367972 0.999935 0.0108072 -1.02719 0.00610632 -0.0107846 0.999923 73.882 
0.999974 0.00612538 -0.00379178 -1.74209 -0.00608208 0.999917 0.0113191 -1.03004 0.00386075 -0.0112957 0.999929 75.0835 
0.999986 0.00528711 -0.000586587 -1.76791 -0.00528168 0.999947 0.00884069 -1.03592 0.000633254 -0.00883742 0.999961 76.2802 
0.999996 0.00218975 0.00200073 -1.7827 -0.00219768 0.99999 0.00399321 -1.04931 -0.00199201 -0.00399755 0.99999 77.4601 
0.999985 0.0031699 0.00441736 -1.79879 -0.00318526 0.999989 0.00348353 -1.06292 -0.00440631 -0.00349751 0.999984 78.6341 
0.99997 0.00260343 0.00734267 -1.81433 -0.00265376 0.999973 0.00685892 -1.07815 -0.00732466 -0.00687815 0.99995 79.8146 
0.999934 0.00365471 0.0108873 -1.8331 -0.00374067 0.999962 0.00788966 -1.08688 -0.0108581 -0.00792982 0.99991 81.0184 
0.999868 0.00417714 0.0157336 -1.84512 -0.00427217 0.999973 0.00601399 -1.09868 -0.0157081 -0.00608037 0.999858 82.1675 
0.999806 0.0032441 0.0194529 -1.8446 -0.00330717 0.999989 0.0032126 -1.11812 -0.0194423 -0.00327626 0.999806 83.3314 
0.999726 0.00205166 0.0233302 -1.85226 -0.00204546 0.999998 -0.000287772 -1.14112 -0.0233308 0.000240014 0.999728 84.5095 
0.999639 0.0012049 0.02685 -1.84692 -0.00117634 0.999999 -0.00107777 -1.16397 -0.0268513 0.00104583 0.999639 85.7119 
0.999519 0.00102737 0.0309987 -1.84085 -0.00105339 0.999999 0.000824553 -1.18977 -0.0309979 -0.000856769 0.999519 86.8867 
0.999394 0.00210992 0.0347566 -1.82486 -0.00214961 0.999997 0.00110599 -1.2076 -0.0347542 -0.00117999 0.999395 88.0756 
0.999237 0.00209936 0.0389961 -1.80683 -0.0020622 0.999997 -0.000992025 -1.23095 -0.0389981 0.000910892 0.999239 89.2464 
0.999102 0.00154704 0.0423475 -1.77601 -0.00140815 0.999994 -0.0033083 -1.25252 -0.0423524 0.00324574 0.999098 90.4115 
0.99898 0.00141865 0.0451309 -1.73134 -0.00126046 0.999993 -0.00353256 -1.27728 -0.0451356 0.00347212 0.998975 91.5854 
0.998838 -2.89662e-05 0.0481971 -1.69727 0.000142155 0.999997 -0.00234412 -1.29837 -0.0481969 0.00234829 0.998835 92.7546 
0.998694 -0.00100602 0.0510829 -1.66598 0.00106248 0.999999 -0.0010774 -1.31704 -0.0510818 0.0011303 0.998694 93.9181 
0.998564 -0.00170638 0.0535498 -1.62028 0.00168681 0.999999 0.000411529 -1.33395 -0.0535504 -0.000320568 0.998565 95.0955 
0.998424 -0.00304725 0.056036 -1.57334 0.00297347 0.999995 0.00140073 -1.35495 -0.05604 -0.00123186 0.998428 96.2652 
0.998279 -0.00430563 0.0584887 -1.53062 0.00437363 0.99999 -0.00103393 -1.37056 -0.0584837 0.001288 0.998288 97.419 
0.998124 -0.00567348 0.0609561 -1.47729 0.00595154 0.999973 -0.00438047 -1.39492 -0.0609296 0.00473508 0.998131 98.5982 
0.998003 -0.00461111 0.063003 -1.42863 0.00508707 0.99996 -0.00739561 -1.41533 -0.0629664 0.00770138 0.997986 99.7646 
0.997888 -0.00438522 0.0648072 -1.38007 0.00492942 0.999954 -0.00823912 -1.4416 -0.0647681 0.00854122 0.997864 100.949 
0.99786 -0.00444873 0.0652394 -1.32395 0.004946 0.99996 -0.00746209 -1.47512 -0.0652036 0.00776883 0.997842 102.132 
0.997894 -0.00451672 0.0647041 -1.27711 0.00488936 0.999972 -0.00560123 -1.49906 -0.064677 0.00590583 0.997889 103.335 
0.99797 -0.00490361 0.0634923 -1.22065 0.00520064 0.999976 -0.00451304 -1.52019 -0.0634687 0.00483413 0.997972 104.536 
0.998091 -0.00500928 0.0615598 -1.16519 0.00523209 0.99998 -0.00345803 -1.54847 -0.0615413 0.00377356 0.998097 105.762 
0.998239 -0.00465868 0.0591357 -1.11294 0.00484009 0.999984 -0.00292414 -1.57136 -0.0591212 0.00320525 0.998246 106.986 
0.998405 -0.00373566 0.0563282 -1.07064 0.00392048 0.999987 -0.00317023 -1.58904 -0.0563157 0.00338605 0.998407 108.215 
0.998592 -0.0022104 0.0530013 -1.04464 0.00240599 0.999991 -0.00362603 -1.61423 -0.0529928 0.00374849 0.998588 109.429 
0.998805 -0.00247172 0.0488041 -0.996792 0.0026403 0.999991 -0.00338909 -1.63359 -0.0487954 0.00351394 0.998803 110.654 
0.998959 -0.00153866 0.0455937 -0.984637 0.00165611 0.999995 -0.00253752 -1.6537 -0.0455897 0.00261043 0.998957 111.869 
0.999126 -0.00120225 0.0417726 -0.963838 0.00127186 0.999998 -0.00163867 -1.67617 -0.0417706 0.0016904 0.999126 113.086 
0.999296 -0.00075873 0.0375211 -0.95021 0.000808116 0.999999 -0.00129991 -1.69579 -0.0375201 0.00132936 0.999295 114.356 
0.999447 0.000206576 0.0332623 -0.953752 -0.000160062 0.999999 -0.00139976 -1.71741 -0.0332626 0.0013937 0.999446 115.594 
0.999591 0.00100799 0.0285864 -0.95479 -0.000969551 0.999999 -0.00135686 -1.73802 -0.0285877 0.00132863 0.99959 116.859 
0.999713 0.00125067 0.0239158 -0.96073 -0.00120699 0.999998 -0.00183868 -1.76161 -0.0239181 0.00180933 0.999712 118.131 
0.999806 0.00198533 0.0195838 -0.965086 -0.00193811 0.999995 -0.00242806 -1.78568 -0.0195886 0.00238968 0.999805 119.365 
0.999856 0.00414297 0.0164657 -0.980625 -0.00410194 0.999988 -0.00252216 -1.813 -0.016476 0.0024543 0.999861 120.602 
0.999878 0.00589034 0.0144559 -0.988783 -0.00585799 0.99998 -0.00227632 -1.84081 -0.0144691 0.0021914 0.999893 121.849 
0.999883 0.00728348 0.0134245 -0.999583 -0.00724776 0.99997 -0.00270475 -1.86036 -0.0134439 0.00260718 0.999906 123.117 
0.999884 0.00941323 0.0119368 -0.990633 -0.0093821 0.999952 -0.00265775 -1.87732 -0.0119613 0.00254549 0.999925 124.395 
0.99988 0.0107512 0.0111359 -0.998777 -0.0107326 0.999941 -0.0017289 -1.89931 -0.0111539 0.00160921 0.999937 125.669 
0.999887 0.0107379 0.0105394 -1.00506 -0.0107229 0.999941 -0.0014736 -1.91692 -0.0105546 0.00136046 0.999943 126.938 
0.999833 0.0152122 0.0101111 -1.03216 -0.0152166 0.999884 0.000366942 -1.92898 -0.0101044 -0.000520695 0.999949 128.186 
0.999828 0.0159433 0.00945877 -1.04394 -0.0159772 0.999866 0.00352206 -1.9474 -0.00940139 -0.00367254 0.999949 129.453 
0.999851 0.0148399 0.00881273 -1.05744 -0.0148694 0.999884 0.00329459 -1.96479 -0.00876286 -0.00342509 0.999956 130.719 
0.999851 0.0150832 0.00835307 -1.06913 -0.0150986 0.999884 0.00178855 -1.97992 -0.00832517 -0.00191436 0.999964 132.003 
0.999896 0.0122159 0.00769271 -1.0862 -0.0122368 0.999922 0.00268581 -1.99151 -0.00765934 -0.00277962 0.999967 133.272 
0.99993 0.0101938 0.00602571 -1.0874 -0.0102221 0.999937 0.00469586 -2.00741 -0.0059775 -0.00475708 0.999971 134.554 
0.999964 0.00659848 0.00529807 -1.09358 -0.00663267 0.999957 0.0064703 -2.02029 -0.00525519 -0.00650516 0.999965 135.832 
0.999978 0.00480819 0.00468117 -1.10831 -0.00484359 0.99996 0.00758919 -2.03446 -0.00464453 -0.00761165 0.99996 137.116 
0.999988 0.000653396 0.00483961 -1.12009 -0.000680863 0.999984 0.00568474 -2.04406 -0.00483586 -0.00568792 0.999972 138.387 
0.999984 -0.00188426 0.00525986 -1.14406 0.00186054 0.999988 0.00451918 -2.0568 -0.00526835 -0.00450928 0.999976 139.668 
0.999982 -0.00266406 0.00540689 -1.15731 0.00264105 0.999987 0.00426646 -2.07129 -0.00541824 -0.00425206 0.999976 140.951 
0.999979 -0.00311275 0.00569413 -1.1685 0.00308769 0.999986 0.0044125 -2.08695 -0.00570782 -0.00439479 0.999974 142.238 
0.999976 -0.00272014 0.00632049 -1.19199 0.00267885 0.999975 0.00654005 -2.10589 -0.00633817 -0.00652292 0.999959 143.505 
0.999974 -0.000225153 0.0071826 -1.2159 0.000168509 0.999969 0.00789187 -2.11941 -0.00718419 -0.00789042 0.999943 144.771 
0.99997 -2.34071e-05 0.00776609 -1.23191 -2.53224e-05 0.99998 0.00627996 -2.13705 -0.00776613 -0.00627992 0.99995 146.056 
0.999965 0.000243041 0.00833854 -1.24812 -0.000278637 0.999991 0.00427301 -2.14798 -0.00833747 -0.00427515 0.999956 147.353 
0.999958 0.000387759 0.00912604 -1.26775 -0.000402119 0.999999 0.0015765 -2.16648 -0.00912546 -0.00158006 0.999957 148.641 
0.999954 -0.000553843 0.00958167 -1.28355 0.000576835 0.999997 -0.00239245 -2.1932 -0.00958036 0.00239791 0.999951 149.922 
0.99995 -0.00040688 0.0100139 -1.2928 0.000467852 0.999981 -0.00608286 -2.21662 -0.0100113 0.00608728 0.999931 151.21 
0.999944 -0.000727075 0.0105811 -1.31892 0.000797872 0.999977 -0.00668419 -2.25278 -0.010576 0.0066923 0.999922 152.504 
0.999946 -0.000675225 0.0104162 -1.32328 0.000743369 0.999978 -0.00653543 -2.2856 -0.0104116 0.00654286 0.999924 153.762 
0.999948 0.000249969 0.0102132 -1.32909 -0.000187032 0.999981 -0.00615859 -2.30595 -0.0102146 0.0061564 0.999929 155.117 
0.999951 0.000624609 0.00987056 -1.33159 -0.000571357 0.999985 -0.00539262 -2.33139 -0.00987382 0.00538676 0.999937 156.431 
0.999956 0.00092264 0.00937044 -1.33569 -0.000878578 0.999989 -0.00470069 -2.36321 -0.00937472 0.00469229 0.999945 157.691 
0.99996 0.00120041 0.00882953 -1.34904 -0.0011545 0.999986 -0.00519792 -2.39199 -0.00883569 0.00518756 0.999948 158.97 
0.999969 0.001597 0.00769876 -1.35341 -0.00155881 0.999987 -0.00495889 -2.41988 -0.00770661 0.00494678 0.999958 160.249 
0.999974 0.00138543 0.00702258 -1.36359 -0.00135827 0.999992 -0.0038653 -2.4482 -0.00702792 0.0038557 0.999968 161.535 
0.999977 0.00204267 0.00644102 -1.38617 -0.00202002 0.999992 -0.00351407 -2.47621 -0.00644818 0.00350102 0.999973 162.834 
0.999979 0.00260056 0.0059846 -1.40566 -0.0025742 0.999987 -0.00440037 -2.5051 -0.00599601 0.00438491 0.999972 164.12 
0.999977 0.00359006 0.00573274 -1.43469 -0.0035579 0.999978 -0.00560213 -2.53424 -0.00575276 0.00558164 0.999968 165.395 
0.999981 0.00407746 0.00468833 -1.44688 -0.00405158 0.999977 -0.00550758 -2.56555 -0.00471072 0.00548852 0.999974 166.664 
0.999984 0.00400398 0.00389523 -1.46742 -0.00397958 0.999973 -0.00624082 -2.59512 -0.00392016 0.00622527 0.999973 167.937 
0.999985 0.00435129 0.00329052 -1.48826 -0.00432701 0.999964 -0.00733693 -2.6214 -0.00332237 0.00732263 0.999968 169.233 
0.999987 0.00447668 0.00238268 -1.50273 -0.00445948 0.999964 -0.00715976 -2.65142 -0.00241469 0.00714909 0.999972 170.528 
0.999989 0.00439902 0.00178491 -1.5279 -0.00438857 0.999974 -0.00579509 -2.68306 -0.0018104 0.00578723 0.999982 171.817 
0.999988 0.00475749 0.00113343 -1.55027 -0.00475131 0.999974 -0.00535961 -2.71412 -0.00115894 0.00535421 0.999985 173.097 
0.999989 0.00476144 0.000248886 -1.572 -0.00476012 0.999977 -0.00489424 -2.74841 -0.000272226 0.00489304 0.999988 174.373 
0.999987 0.00498741 -0.000662637 -1.59091 -0.00499039 0.999977 -0.0046296 -2.77632 0.00063949 0.00463289 0.999989 175.658 
0.999987 0.00489833 -0.00111598 -1.61815 -0.00490412 0.999974 -0.00529043 -2.80862 0.00108999 0.00529587 0.999985 176.93 
0.999981 0.00597919 -0.0017283 -1.64473 -0.00598886 0.999966 -0.00567029 -2.84156 0.00169429 0.00568057 0.999982 178.208 
0.999978 0.00628955 -0.00206886 -1.67009 -0.00630067 0.999965 -0.00543528 -2.86828 0.00203456 0.00544823 0.999983 179.494 
0.99998 0.00606553 -0.00199782 -1.70018 -0.00607794 0.999962 -0.00628881 -2.90527 0.00195956 0.00630087 0.999978 180.779 
0.999986 0.00466315 -0.00253905 -1.71981 -0.00468271 0.999959 -0.00777077 -2.93436 0.00250267 0.00778259 0.999967 182.047 
0.999996 0.00172382 -0.00237603 -1.74979 -0.00174168 0.99997 -0.00755526 -2.9675 0.0023629 0.0075594 0.999969 183.32 
0.999994 0.00225951 -0.00270733 -1.77354 -0.00227038 0.999989 -0.00403312 -2.99548 0.00269815 0.00403929 0.999988 184.602 
0.999994 0.00209666 -0.00270776 -1.78888 -0.00209574 0.999998 0.000328795 -3.0168 0.0027084 -0.000323076 0.999996 185.909 
0.99999 0.00327656 -0.0030008 -1.80377 -0.00327848 0.999994 -0.000647843 -3.03775 0.00299862 0.000657717 0.999995 187.176 
0.999985 0.00490514 -0.00260916 -1.83759 -0.00491454 0.999981 -0.00362419 -3.06477 0.00259129 0.003637 0.99999 188.416 
0.999981 0.00513534 -0.0032824 -1.86323 -0.0051532 0.999972 -0.00547005 -3.09072 0.00325418 0.0054869 0.99998 189.665 
0.99998 0.00533078 -0.00339504 -1.89302 -0.00534885 0.999971 -0.00534797 -3.11942 0.00336639 0.00536606 0.99998 190.91 
0.999982 0.00506549 -0.00307393 -1.92443 -0.00507707 0.99998 -0.00378358 -3.15596 0.00305466 0.00379917 0.999988 192.164 
0.999982 0.0053303 -0.00273123 -1.9575 -0.00533503 0.999984 -0.00174106 -3.18377 0.00272187 0.00175564 0.999995 193.417 
0.999988 0.00461641 -0.00180262 -1.98388 -0.00461757 0.999989 -0.000665905 -3.21516 0.00179948 0.000674262 0.999998 194.671 
0.99999 0.00442222 0.000645366 -2.01448 -0.00442137 0.999989 -0.00125294 -3.23817 -0.000650942 0.00125012 0.999999 195.912 
0.999993 0.00338964 0.00187686 -2.03403 -0.00338473 0.999991 -0.00258674 -3.26609 -0.00188565 0.00258041 0.999995 197.152 
0.999989 0.0033796 0.00335139 -2.06317 -0.00336599 0.999986 -0.00404713 -3.29153 -0.00336507 0.00403585 0.999986 198.371 
0.999983 0.00287091 0.00500198 -2.07988 -0.00284757 0.999985 -0.00465969 -3.31969 -0.00501532 0.00464541 0.999977 199.593 
0.999975 0.00316643 0.00630203 -2.09497 -0.00314237 0.999988 -0.00381687 -3.35344 -0.00631408 0.00379702 0.999973 200.822 
0.999967 0.00299049 0.00753541 -2.10344 -0.00297587 0.999994 -0.00194511 -3.37796 -0.00754122 0.00192266 0.99997 202.048 
0.999954 0.00413078 0.00864003 -2.11925 -0.00411788 0.99999 -0.00150463 -3.40801 -0.0086462 0.00146903 0.999962 203.273 
0.999949 0.00326442 0.00953128 -2.11969 -0.00324996 0.999994 -0.00152794 -3.4356 -0.00953625 0.00149693 0.999953 204.518 
0.999938 0.00350477 0.010571 -2.12879 -0.00348858 0.999993 -0.00154539 -3.45738 -0.0105764 0.00150846 0.999943 205.734 
0.999927 0.00328679 0.0115942 -2.13788 -0.00327271 0.999994 -0.00122943 -3.48741 -0.0115982 0.00119144 0.999932 206.937 
0.999914 0.00353265 0.0126212 -2.14749 -0.00351399 0.999993 -0.00149714 -3.51212 -0.0126264 0.0014527 0.999919 208.146 
0.999898 0.00350139 0.013848 -2.16982 -0.00347995 0.999993 -0.00156896 -3.53796 -0.0138534 0.00152066 0.999903 209.365 
0.999895 0.00222921 0.0143539 -2.17567 -0.00221051 0.999997 -0.00131602 -3.56648 -0.0143568 0.00128419 0.999896 210.533 
0.999891 0.00217232 0.014638 -2.18228 -0.00216446 0.999998 -0.000549514 -3.59283 -0.0146392 0.000517812 0.999893 211.703 
0.999896 0.00163924 0.014329 -2.18262 -0.00164512 0.999999 0.000401475 -3.61567 -0.0143283 -0.000424964 0.999897 212.854 
0.999902 0.00203991 0.013849 -2.18865 -0.00204531 0.999998 0.000378941 -3.63757 -0.0138483 -0.000407188 0.999904 213.986 
0.999907 0.00242142 0.0133937 -2.19458 -0.00241662 0.999997 -0.000371732 -3.66651 -0.0133946 0.000339372 0.99991 215.09 
0.999912 0.00262188 0.0129774 -2.19926 -0.00260978 0.999996 -0.000945851 -3.6939 -0.0129799 0.000911942 0.999915 216.184 
0.999918 0.0027265 0.0124998 -2.20832 -0.00271256 0.999996 -0.00112868 -3.71739 -0.0125029 0.00109473 0.999921 217.26 
0.999934 0.00256271 0.0112049 -2.21726 -0.00255186 0.999996 -0.000979165 -3.74228 -0.0112074 0.000950549 0.999937 218.331 
0.999955 0.0019779 0.00927953 -2.22205 -0.00197586 0.999998 -0.000225308 -3.7649 -0.00928 0.000207004 0.999957 219.383 
0.999975 0.000416263 0.00710966 -2.23267 -0.000426841 0.999999 0.00149238 -3.78796 -0.00710908 -0.00149533 0.999974 220.431 
0.99999 0.000483367 0.00454843 -2.24303 -0.000497841 0.999995 0.00319082 -3.81173 -0.00454691 -0.00319301 0.999985 221.467 
0.999997 0.00063698 0.00225911 -2.25875 -0.000644319 0.999994 0.00326847 -3.83283 -0.00225705 -0.00326987 0.999992 222.502 
0.999999 0.000982821 -0.000433568 -2.27646 -0.000981506 0.999995 0.00292389 -3.85473 0.000436397 -0.00292342 0.999996 223.503 
0.999994 0.000999023 -0.00318161 -2.29592 -0.00098936 0.999995 0.00302407 -3.87075 0.00318458 -0.00302086 0.99999 224.48 
0.999983 0.00162815 -0.00567625 -2.32252 -0.00160765 0.999992 0.00360573 -3.89111 0.00568204 -0.0035965 0.999977 225.431 
0.999965 0.00196947 -0.00813106 -2.35365 -0.00194049 0.999992 0.003565 -3.91246 0.00813797 -0.00354906 0.999961 226.363 
0.999932 0.0015493 -0.0116022 -2.37686 -0.001512 0.999994 0.00321972 -3.93347 0.0116071 -0.00320191 0.999928 227.271 
0.999891 0.00181124 -0.014684 -2.40836 -0.0017707 0.999995 0.00277084 -3.95389 0.0146889 -0.00274449 0.999888 228.156 
0.999834 0.00287813 -0.017975 -2.44059 -0.00283329 0.999993 0.00251723 -3.9709 0.0179821 -0.00246584 0.999835 229.026 
0.999782 0.00325373 -0.0206494 -2.47612 -0.00321333 0.999993 0.00198735 -3.99182 0.0206557 -0.00192052 0.999785 229.874 
0.999727 0.00517394 -0.0227953 -2.51832 -0.00512757 0.999985 0.00209008 -4.00987 0.0228057 -0.00197258 0.999738 230.701 
0.999712 0.00609503 -0.0232241 -2.55477 -0.00603762 0.999979 0.00253956 -4.02553 0.023239 -0.00239857 0.999727 231.506 
0.999719 0.00594514 -0.022963 -2.58598 -0.00585886 0.999976 0.00382107 -4.04317 0.0229852 -0.00368542 0.999729 232.295 
0.999737 0.00598649 -0.0221233 -2.6228 -0.00588981 0.999973 0.00443096 -4.05704 0.0221492 -0.00429945 0.999745 233.059 
0.999744 0.00606578 -0.0218217 -2.65397 -0.00597746 0.999974 0.00410835 -4.07212 0.021846 -0.00397682 0.999753 233.804 
0.999749 0.00672658 -0.0213909 -2.68392 -0.00667513 0.999975 0.00247387 -4.08917 0.021407 -0.00233042 0.999768 234.546 
0.999767 0.00656802 -0.0205442 -2.71142 -0.00656651 0.999978 0.000139062 -4.10224 0.0205446 -4.08373e-06 0.999789 235.276 
0.999792 0.00655474 -0.0193407 -2.73987 -0.00657594 0.999978 -0.00103483 -4.11943 0.0193334 0.00116184 0.999812 236.001 
0.999809 0.007398 -0.0181025 -2.76461 -0.0074283 0.999971 -0.00160927 -4.13136 0.01809 0.00174348 0.999835 236.735 
0.999841 0.00705402 -0.0163857 -2.78638 -0.0070844 0.999973 -0.00179934 -4.14439 0.0163725 0.00191518 0.999864 237.467 
0.999872 0.0067195 -0.0145242 -2.80793 -0.00674641 0.999976 -0.0018077 -4.15978 0.0145116 0.0019055 0.999893 238.193 
0.999898 0.00689371 -0.0125333 -2.83038 -0.00692039 0.999974 -0.00208979 -4.17274 0.0125185 0.00217636 0.999919 238.921 
0.999921 0.00671548 -0.0106039 -2.84195 -0.00674162 0.999974 -0.00243555 -4.18768 0.0105872 0.00250689 0.999941 239.652 
0.999947 0.00687238 -0.00765768 -2.86267 -0.00688891 0.999974 -0.00213971 -4.20258 0.00764273 0.0021924 0.999968 240.383 
0.999973 0.0058963 -0.00435859 -2.87744 -0.00590182 0.999982 -0.00126389 -4.21961 0.00435102 0.00128962 0.99999 241.089 
0.999987 0.00498169 -0.000948123 -2.90016 -0.00498256 0.999987 -0.000968144 -4.23432 0.000943246 0.000972897 0.999999 241.815 
0.999987 0.00471276 0.00210973 -2.90828 -0.00471087 0.999989 -0.000879484 -4.24945 -0.00211389 0.000869576 0.999997 242.527 
0.999977 0.00443101 0.005153 -2.91628 -0.004425 0.99999 -0.00117002 -4.26395 -0.00515817 0.00114723 0.999986 243.224 
0.999957 0.00425167 0.00823578 -2.92191 -0.00424064 0.99999 -0.00135118 -4.2769 -0.00824149 0.00131624 0.999965 243.92 
0.999925 0.00503696 0.0111748 -2.92646 -0.00501379 0.999985 -0.00209611 -4.29354 -0.0111853 0.00203996 0.999935 244.626 
0.999883 0.0055167 0.0142609 -2.92784 -0.00547803 0.999981 -0.00274625 -4.30688 -0.0142758 0.00266785 0.999895 245.341 
0.999829 0.00599212 0.0174959 -2.93285 -0.00595845 0.99998 -0.00197388 -4.31712 -0.0175075 0.00186933 0.999845 246.038 
0.999779 0.00574409 0.0202175 -2.93001 -0.00571746 0.999983 -0.00137288 -4.33079 -0.0202251 0.00125702 0.999795 246.75 
0.999723 0.00531274 0.0229177 -2.92459 -0.00528266 0.999985 -0.00137116 -4.34767 -0.0229247 0.00124975 0.999736 247.466 
0.999657 0.00481782 0.0257402 -2.92156 -0.00474191 0.999984 -0.00300793 -4.36284 -0.0257543 0.00288489 0.999664 248.17 
0.99962 0.00478692 0.027148 -2.91265 -0.00463992 0.999974 -0.00547359 -4.37599 -0.0271735 0.00534559 0.999616 248.878 
0.999586 0.00397723 0.0284878 -2.90312 -0.00378686 0.99997 -0.00673188 -4.39077 -0.0285138 0.00662125 0.999572 249.596 
0.999591 0.00379668 0.0283538 -2.89421 -0.00359566 0.999968 -0.00713597 -4.40605 -0.02838 0.00703115 0.999573 250.313 
0.999587 0.00332482 0.0285344 -2.88389 -0.00310782 0.999966 -0.0076444 -4.42389 -0.0285588 0.0075526 0.999564 251.039 
0.99958 0.00406517 0.02871 -2.87368 -0.00384249 0.999962 -0.00780553 -4.44354 -0.0287407 0.00769197 0.999557 251.778 
0.999559 0.00469218 0.0293208 -2.87503 -0.00445235 0.999956 -0.00823814 -4.46011 -0.0293582 0.00810401 0.999536 252.56 
0.999544 0.00422958 0.0299033 -2.86441 -0.00392319 0.999939 -0.010296 -4.48121 -0.0299451 0.010174 0.9995 253.322 
0.999521 0.000253678 0.030941 -2.86664 0.000124977 0.999925 -0.012234 -4.49773 -0.0309418 0.0122321 0.999446 254.082 
0.999475 -0.00263564 0.0322809 -2.86573 0.00305616 0.999911 -0.0129829 -4.51785 -0.0322438 0.0130748 0.999395 254.862 
0.999444 -0.00042846 0.0333394 -2.87071 0.000727887 0.99996 -0.00896828 -4.54006 -0.0333342 0.0089876 0.999404 255.659 
0.99941 0.00329448 0.0341971 -2.8706 -0.00320496 0.999991 -0.00267092 -4.5623 -0.0342057 0.00255979 0.999412 256.447 
0.999369 0.00233957 0.0354493 -2.86272 -0.00236637 0.999997 0.000715276 -4.57625 -0.0354476 -0.000798669 0.999371 257.241 
0.999294 0.00200153 0.0375211 -2.83654 -0.00196056 0.999997 -0.0011274 -4.59234 -0.0375233 0.00105308 0.999295 258.038 
0.999122 0.00335543 0.0417677 -2.82273 -0.00305612 0.999969 -0.00722669 -4.60473 -0.0417907 0.00709273 0.999101 258.827 
0.998937 0.00555872 0.0457665 -2.80802 -0.00507227 0.99993 -0.0107372 -4.62074 -0.045823 0.0104937 0.998895 259.635 
0.998753 0.00715385 0.0494197 -2.79047 -0.00663666 0.999922 -0.0106205 -4.63886 -0.0494919 0.0102794 0.998722 260.464 
0.998572 0.00559239 0.0531301 -2.76658 -0.00515345 0.999952 -0.00839417 -4.65548 -0.0531745 0.00810842 0.998552 261.298 
0.998414 0.00249022 0.0562505 -2.72701 -0.00219403 0.999983 -0.00532597 -4.67151 -0.0562628 0.00519415 0.998403 262.138 
0.998255 0.000214839 0.0590465 -2.6883 2.84794e-06 0.999993 -0.00368586 -4.69076 -0.0590469 0.00367964 0.998248 262.973 
0.998064 0.000255302 0.0621916 -2.64972 -5.76268e-05 0.999995 -0.00317956 -4.7095 -0.0621921 0.00316986 0.998059 263.814 
0.997887 0.00261935 0.0649263 -2.6216 -0.0022781 0.999983 -0.00532868 -4.72602 -0.0649392 0.00516955 0.997876 264.645 
0.997728 0.00312859 0.0672958 -2.58486 -0.00263034 0.999969 -0.00749056 -4.74321 -0.0673172 0.00729657 0.997705 265.474 
0.99756 0.00384149 0.0697105 -2.53624 -0.00330708 0.999964 -0.00777929 -4.75808 -0.069738 0.00752981 0.997537 266.32 
0.997347 0.00475679 0.0726354 -2.49041 -0.00434895 0.999974 -0.00577138 -4.77786 -0.072661 0.00544022 0.997342 267.175 
0.997072 0.00606199 0.0762275 -2.45076 -0.00577709 0.999976 -0.00395676 -4.80404 -0.0762497 0.00350484 0.997083 268.032 
0.99682 0.00674722 0.0793977 -2.40511 -0.00644336 0.999971 -0.00408208 -4.82165 -0.079423 0.00355756 0.996835 268.886 
0.996567 0.0070549 0.0824955 -2.3517 -0.00669324 0.999967 -0.0046592 -4.83633 -0.0825257 0.00409108 0.996581 269.748 
0.996325 0.00536877 0.0854906 -2.30234 -0.00496237 0.999975 -0.00496512 -4.85614 -0.0855152 0.00452267 0.996327 270.589 
0.99616 0.00215941 0.0875202 -2.24463 -0.00177819 0.999989 -0.00443303 -4.86871 -0.0875288 0.00426042 0.996153 271.443 
0.996067 0.00149102 0.0885939 -2.18316 -0.00107247 0.999988 -0.00477124 -4.88015 -0.0886 0.0046575 0.996056 272.298 
0.995971 0.00115046 0.0896736 -2.12937 -0.000709495 0.999988 -0.00494863 -4.89573 -0.0896782 0.00486511 0.995959 273.147 
0.995897 0.00131187 0.0904878 -2.07427 -0.000871363 0.999988 -0.00490693 -4.91322 -0.0904932 0.00480799 0.995886 274.007 
0.995883 0.00183653 0.0906307 -2.01746 -0.00143362 0.999989 -0.0045101 -4.92718 -0.090638 0.00436164 0.995874 274.862 
0.995884 0.00255593 0.0906059 -1.96233 -0.00218548 0.999989 -0.00418707 -4.94455 -0.0906156 0.00397186 0.995878 275.725 
0.995988 0.00214222 0.0894616 -1.90018 -0.00170934 0.999987 -0.00491461 -4.96654 -0.089471 0.00474201 0.995978 276.584 
0.996141 0.00226401 0.0877399 -1.84415 -0.00177096 0.999982 -0.00569635 -4.98475 -0.0877513 0.00551902 0.996127 277.434 
0.99629 0.00321737 0.085995 -1.7855 -0.00267617 0.999976 -0.00640739 -5.00446 -0.0860136 0.00615352 0.996275 278.289 
0.996385 0.00507307 0.084798 -1.74403 -0.00451776 0.999967 -0.00673872 -5.02543 -0.0848295 0.0063313 0.996375 279.146 
0.996544 0.00545234 0.0828894 -1.68617 -0.00490077 0.999965 -0.00685573 -5.04389 -0.0829239 0.00642586 0.996535 280.008 
0.996688 0.00587404 0.0811041 -1.64246 -0.00537311 0.999965 -0.00639273 -5.06162 -0.0811388 0.00593582 0.996685 280.863 
0.9969 0.00575372 0.0784661 -1.5955 -0.00538132 0.999973 -0.00495613 -5.07913 -0.0784926 0.00451856 0.996905 281.721 
0.997185 0.00443098 0.0748548 -1.55844 -0.00425344 0.999988 -0.00253045 -5.10058 -0.0748651 0.00220498 0.997191 282.569 
0.997513 0.00314403 0.0704074 -1.51653 -0.00309222 0.999995 -0.000844308 -5.11887 -0.0704097 0.000624534 0.997518 283.406 
0.997828 0.00270436 0.0658166 -1.47717 -0.00273843 0.999996 0.000428179 -5.13485 -0.0658152 -0.000607442 0.997832 284.242 
0.998114 0.00283647 0.0613165 -1.44734 -0.00290766 0.999995 0.00107254 -5.15089 -0.0613132 -0.00124877 0.998118 285.071 
0.998375 0.00268113 0.0569309 -1.42146 -0.00276106 0.999995 0.00132606 -5.16121 -0.0569271 -0.00148106 0.998377 285.888 
0.998632 0.00130331 0.0522801 -1.39618 -0.0013914 0.999998 0.00164936 -5.17798 -0.0522779 -0.0017198 0.998631 286.681 
0.998808 0.00116643 0.0488073 -1.39359 -0.00123052 0.999998 0.00128395 -5.19387 -0.0488058 -0.00134243 0.998807 287.473 
0.998986 0.00154509 0.0449891 -1.37823 -0.0015993 0.999998 0.00117006 -5.20805 -0.0449872 -0.00124078 0.998987 288.258 
0.999125 0.00161374 0.0417958 -1.38521 -0.00165209 0.999998 0.000884134 -5.21873 -0.0417943 -0.000952369 0.999126 289.051 
0.999273 0.00115228 0.038109 -1.36869 -0.0011973 0.999999 0.00115957 -5.23905 -0.0381077 -0.00120432 0.999273 289.803 
0.999416 0.000425358 0.0341785 -1.36869 -0.000440451 1 0.000435324 -5.25454 -0.0341784 -0.000450083 0.999416 290.516 
0.999565 0.00221707 0.0294203 -1.36416 -0.00218152 0.999997 -0.00123903 -5.26499 -0.029423 0.00117435 0.999566 291.219 
0.999714 0.00407137 0.0235465 -1.38923 -0.00399857 0.999987 -0.00313611 -5.2836 -0.023559 0.0030411 0.999718 291.897 
0.999873 0.00477144 0.0152005 -1.39839 -0.00469785 0.999977 -0.00487061 -5.29703 -0.0152235 0.00479863 0.999873 292.569 
0.999977 0.00475614 0.00484247 -1.41675 -0.00472861 0.999973 -0.005673 -5.31803 -0.00486937 0.00565001 0.999972 293.224 
0.999948 0.00512443 -0.00883949 -1.43837 -0.00517684 0.999969 -0.0059213 -5.33493 0.00880883 0.0059668 0.999943 293.867 
0.99966 0.00618276 -0.0253277 -1.48395 -0.00631171 0.999968 -0.00501645 -5.3516 0.0252958 0.00517465 0.999667 294.49 
0.998948 0.00863891 -0.0450479 -1.54941 -0.00884536 0.999951 -0.00438656 -5.35882 0.0450078 0.00478045 0.998975 295.122 
0.997631 0.0099594 -0.068072 -1.6126 -0.0102729 0.999938 -0.00425737 -5.37402 0.0680254 0.00494662 0.997671 295.721 
0.995524 0.0113386 -0.093822 -1.69178 -0.0117827 0.999922 -0.00418152 -5.38453 0.0937672 0.00526833 0.99558 296.321 
0.992472 0.0128242 -0.121799 -1.79838 -0.0133801 0.999904 -0.00374764 -5.39353 0.121739 0.00534916 0.992548 296.918 
0.988095 0.0135372 -0.153246 -1.90451 -0.0140476 0.999899 -0.00224825 -5.40698 0.1532 0.00437427 0.988185 297.504 
0.982206 0.0132697 -0.187338 -2.03557 -0.0135403 0.999908 -0.00016526 -5.41692 0.187318 0.00269898 0.982296 298.052 
0.974531 0.0131485 -0.223865 -2.18823 -0.0131313 0.999913 0.00156577 -5.41801 0.223866 0.00141379 0.974619 298.603 
0.964949 0.014346 -0.262044 -2.3557 -0.0136651 0.999897 0.00442053 -5.42655 0.262081 -0.00068468 0.965046 299.141 
0.953182 0.0157146 -0.301989 -2.53564 -0.0142524 0.999874 0.00704492 -5.42874 0.302061 -0.00241097 0.953286 299.666 
0.939221 0.0159109 -0.342944 -2.73295 -0.0135201 0.999865 0.00936125 -5.4318 0.343047 -0.00415559 0.939309 300.166 
0.922803 0.0157067 -0.384952 -2.94712 -0.0122702 0.99986 0.0113819 -5.43797 0.385077 -0.00577974 0.922867 300.665 
0.903601 0.0154037 -0.428097 -3.17376 -0.0108495 0.999856 0.0130759 -5.44406 0.428237 -0.00717068 0.903638 301.143 
0.881301 0.0146141 -0.472329 -3.42293 -0.00902927 0.99986 0.0140888 -5.44292 0.472469 -0.00815164 0.88131 301.611 
0.855948 0.013458 -0.516887 -3.69675 -0.0064666 0.999862 0.0153245 -5.43365 0.517022 -0.00977439 0.855916 302.057 
0.82723 0.0133565 -0.561705 -3.98685 -0.0044298 0.999841 0.0172508 -5.43979 0.561846 -0.0117821 0.827158 302.506 
0.795209 0.0146077 -0.606159 -4.30518 -0.0046894 0.999828 0.0179427 -5.43531 0.606317 -0.0114256 0.795141 302.921 
0.760161 0.0136193 -0.649592 -4.64178 -0.00211971 0.999827 0.0184818 -5.43798 0.649732 -0.0126721 0.760058 303.303 
0.722499 0.0125703 -0.691258 -5.01531 0.00190377 0.999795 0.0201707 -5.42614 0.691369 -0.0158893 0.722327 303.599 
0.680275 0.0114701 -0.732867 -5.39338 0.00858966 0.999684 0.0236193 -5.41861 0.732907 -0.0223626 0.679962 303.88 
0.633555 0.0118617 -0.773607 -5.78236 0.0129884 0.999579 0.0259635 -5.41011 0.773588 -0.0264972 0.633134 304.125 
0.58353 0.0153949 -0.811946 -6.2005 0.0126076 0.999528 0.0280124 -5.39999 0.811994 -0.0265827 0.583061 304.347 
0.531658 0.0216795 -0.846682 -6.62375 0.00786854 0.999503 0.0305335 -5.39291 0.846923 -0.0228955 0.531223 304.519 
0.476936 0.0260898 -0.878551 -7.03145 0.0051729 0.999459 0.0324885 -5.39199 0.878923 -0.0200395 0.476543 304.675 
0.419787 0.0281791 -0.907185 -7.44728 0.00499012 0.999431 0.0333535 -5.38007 0.907609 -0.0185283 0.419408 304.818 
0.360859 0.0302721 -0.932129 -7.84256 0.00712607 0.999354 0.0352141 -5.37346 0.932593 -0.0193497 0.36041 304.948 
0.301016 0.033628 -0.953026 -8.25057 0.00973568 0.999218 0.0383329 -5.36702 0.953569 -0.0208171 0.300453 305.059 
0.240327 0.037349 -0.969973 -8.66353 0.0123095 0.999062 0.0415189 -5.35576 0.970614 -0.021918 0.239642 305.138 
0.176493 0.0406958 -0.98346 -9.08451 0.0152151 0.998913 0.0440657 -5.34505 0.984184 -0.0227407 0.175682 305.195 
0.111051 0.0447923 -0.992805 -9.52249 0.0160678 0.998772 0.0468589 -5.33117 0.993685 -0.0211559 0.110195 305.214 
0.0444401 0.0504858 -0.997736 -9.97514 0.0183836 0.998512 0.0513439 -5.31494 0.998843 -0.0206236 0.0434458 305.207 
-0.0239529 0.0565695 -0.998111 -10.4476 0.0210386 0.998205 0.0560699 -5.28477 0.999492 -0.0196558 -0.0251001 305.169 
-0.0922692 0.0635587 -0.993704 -10.9212 0.0238026 0.997816 0.0616116 -5.26474 0.99545 -0.0179678 -0.0935805 305.092 
-0.16028 0.0696219 -0.984613 -11.4033 0.026755 0.997449 0.0661742 -5.23751 0.986709 -0.0157369 -0.161734 304.979 
-0.227475 0.0755451 -0.970849 -11.8872 0.0309989 0.997043 0.0703201 -5.2126 0.97329 -0.0140991 -0.229145 304.834 
-0.292698 0.0800337 -0.95285 -12.3779 0.0359765 0.996707 0.0726662 -5.1824 0.955528 -0.0130109 -0.294613 304.648 
-0.3551 0.0824638 -0.931184 -12.8604 0.0403508 0.996525 0.0728628 -5.15065 0.933957 -0.0117004 -0.357194 304.425 
-0.4143 0.0829669 -0.906351 -13.3213 0.0442387 0.996495 0.0709968 -5.11507 0.909065 -0.0106818 -0.416518 304.164 
-0.470608 0.0824905 -0.878478 -13.7971 0.0467943 0.996552 0.0685098 -5.07235 0.881101 -0.00886645 -0.472846 303.867 
-0.522476 0.0825273 -0.848651 -14.2734 0.0492895 0.996564 0.0665658 -5.03289 0.851228 -0.00705048 -0.524749 303.533 
-0.568314 0.0836379 -0.81855 -14.7095 0.0518811 0.996483 0.065798 -5.00924 0.821175 -0.00507332 -0.570654 303.169 
-0.609195 0.0844685 -0.788509 -15.1707 0.0533978 0.996424 0.0654865 -4.97667 0.791221 -0.00221058 -0.611526 302.767 
-0.646424 0.0884 -0.75784 -15.629 0.0584479 0.996084 0.0663355 -4.94024 0.760737 -0.00141329 -0.649059 302.333 
-0.683178 0.0954817 -0.723983 -16.0957 0.0671454 0.995429 0.0679202 -4.90337 0.727158 -0.00221053 -0.686466 301.866 
-0.718719 0.101064 -0.687916 -16.5574 0.073847 0.994879 0.0690079 -4.86028 0.691368 -0.00120329 -0.722502 301.356 
-0.751199 0.103116 -0.651972 -16.9831 0.0772641 0.994669 0.0682934 -4.82901 0.655538 0.000927917 -0.755162 300.81 
-0.781068 0.100014 -0.616385 -17.4032 0.0772929 0.994984 0.0635015 -4.79376 0.619644 0.00195687 -0.784881 300.217 
-0.808336 0.0969344 -0.580686 -17.8159 0.0783801 0.995291 0.0570368 -4.75418 0.58348 0.000590732 -0.812127 299.589 
-0.833223 0.0923437 -0.545172 -18.2092 0.0773374 0.995727 0.0504609 -4.71852 0.547502 -0.000117021 -0.836804 298.915 
-0.855713 0.0902822 -0.509514 -18.5904 0.0781361 0.995916 0.045242 -4.68859 0.511517 -0.00109722 -0.859272 298.211 
-0.876579 0.0880965 -0.473126 -18.9648 0.0770382 0.996111 0.0427452 -4.64859 0.475052 0.00102077 -0.879957 297.463 
-0.895735 0.084787 -0.43643 -19.2988 0.0747072 0.996393 0.0402434 -4.62568 0.438268 0.00344298 -0.898838 296.683 
-0.913318 0.0844506 -0.398396 -19.6301 0.0757469 0.996419 0.0375687 -4.59851 0.400142 0.00413496 -0.916444 295.866 
-0.928958 0.0871382 -0.359782 -19.9227 0.0793035 0.996182 0.0365105 -4.57535 0.36159 0.00538471 -0.932322 295.01 
-0.942649 0.0907148 -0.321222 -20.1952 0.0837833 0.995856 0.035367 -4.55526 0.323099 0.00642564 -0.946343 294.127 
-0.954626 0.0918507 -0.283288 -20.4369 0.0851683 0.995722 0.035843 -4.52769 0.285368 0.0100895 -0.958365 293.208 
-0.964655 0.0948719 -0.245846 -20.652 0.088745 0.995407 0.0359082 -4.51236 0.248124 0.0128214 -0.968644 292.258 
-0.973213 0.094116 -0.20976 -20.8289 0.0889354 0.995456 0.0340162 -4.49149 0.212008 0.0144499 -0.977161 291.295 
-0.979879 0.0927978 -0.176709 -20.9479 0.0890521 0.995604 0.0290285 -4.46264 0.178626 0.0127081 -0.983835 290.314 
