1 2.12261e-08 -2.11895e-08 0 2.12261e-08 1 2.10703e-08 0 -2.11895e-08 2.10703e-08 1 0 
0.999978 0.000574078 -0.00657003 -0.00898502 -0.000572718 1 0.000202356 -6.91466e-05 0.00657011 -0.000198547 0.999978 0.0944226 
0.999907 0.00096607 -0.0135857 -0.0209264 -0.00096393 1 0.000161026 -0.00152003 0.0135858 -0.000147873 0.999908 0.193394 
0.999778 0.00139196 -0.0210394 -0.0351812 -0.00140632 0.999999 -0.000669936 0.000270405 0.0210384 0.000699418 0.999778 0.292213 
0.999536 0.00195917 -0.0304122 -0.0485532 -0.00201689 0.999996 -0.00186856 -0.00291063 0.0304083 0.00192907 0.999536 0.39757 
0.999117 0.00197672 -0.0419574 -0.0667017 -0.00212592 0.999992 -0.00351282 -0.00214382 0.0419501 0.00359896 0.999113 0.51969 
0.998453 0.00195889 -0.0555763 -0.0894683 -0.00219623 0.999989 -0.00421057 -0.00566139 0.0555674 0.00432615 0.998446 0.649383 
0.997418 0.00192608 -0.0717904 -0.122015 -0.00224384 0.999988 -0.00434641 -0.00378064 0.0717811 0.00449632 0.99741 0.790087 
0.995875 0.000218033 -0.0907372 -0.149768 -0.000597937 0.999991 -0.00416015 -0.00753516 0.0907354 0.00419729 0.995866 0.949132 
0.993856 -0.000898344 -0.11068 -0.189812 0.000435726 0.999991 -0.00420426 -0.0097988 0.110683 0.00413025 0.993847 1.11811 
0.991115 -0.00109081 -0.133007 -0.23882 0.000502288 0.99999 -0.00445848 -0.0149706 0.133011 0.0043521 0.991105 1.29068 
0.987575 0.00268671 -0.157126 -0.299693 -0.00365482 0.999976 -0.00587303 -0.0189779 0.157106 0.00637437 0.987561 1.46508 
0.98314 0.00684383 -0.182725 -0.367487 -0.00832234 0.999939 -0.00732608 -0.0271714 0.182664 0.00872331 0.983137 1.65127 
0.977701 0.00962241 -0.209781 -0.444594 -0.0115965 0.999899 -0.00818255 -0.0338066 0.209681 0.0104329 0.977714 1.84098 
0.970893 0.0103956 -0.239288 -0.526802 -0.0127523 0.999884 -0.00830272 -0.0379756 0.239174 0.0111126 0.970913 2.03686 
0.962792 0.0123528 -0.269962 -0.622611 -0.0150493 0.999855 -0.00792094 -0.0389864 0.269825 0.011689 0.962839 2.24235 
0.953218 0.0141033 -0.301955 -0.729625 -0.0169673 0.999833 -0.00686407 -0.0416085 0.301807 0.0116664 0.953298 2.44559 
0.941736 0.0158323 -0.33598 -0.835137 -0.018912 0.999804 -0.00589623 -0.0418952 0.335821 0.0119068 0.941851 2.65118 
0.929006 0.0181973 -0.369618 -0.954139 -0.0216931 0.999751 -0.00530344 -0.0457786 0.369429 0.0129451 0.929169 2.85188 
0.914764 0.0209851 -0.403444 -1.08012 -0.0249921 0.999677 -0.00466868 -0.0456419 0.403216 0.0143537 0.914992 3.05481 
0.898465 0.0216203 -0.438514 -1.21626 -0.0259108 0.999657 -0.00380184 -0.0477953 0.438281 0.0147781 0.898717 3.25482 
0.879503 0.016849 -0.475595 -1.35505 -0.0217286 0.999753 -0.00476366 -0.0418278 0.475397 0.0145237 0.879652 3.46263 
0.857766 0.0118161 -0.513904 -1.50166 -0.0167531 0.999847 -0.00497371 -0.0472292 0.513767 0.0128758 0.857833 3.66131 
0.832151 0.0135575 -0.554384 -1.6728 -0.017457 0.999846 -0.00175234 -0.0499289 0.554275 0.0111361 0.832259 3.85926 
0.802358 0.0187965 -0.596548 -1.86876 -0.0219463 0.999757 0.00198326 -0.0533621 0.59644 0.0115008 0.802575 4.04807 
0.769323 0.0223465 -0.638469 -2.07114 -0.0255526 0.999665 0.00419874 -0.0616051 0.638349 0.0130844 0.769636 4.21826 
0.732589 0.021461 -0.680333 -2.29351 -0.0248092 0.999681 0.00481997 -0.059482 0.680219 0.0133475 0.732887 4.39899 
0.692177 0.0175622 -0.721514 -2.52425 -0.0187965 0.999803 0.00630366 -0.0618468 0.721483 0.00919878 0.692371 4.57517 
0.648624 0.0139662 -0.760981 -2.77698 -0.0133737 0.999886 0.00695173 -0.0591736 0.760992 0.00566811 0.648737 4.75014 
0.603079 0.0137197 -0.797563 -3.05066 -0.0105782 0.999902 0.00920158 -0.0605043 0.797611 0.00288755 0.603165 4.90761 
0.55456 0.014316 -0.832021 -3.34055 -0.00806399 0.999898 0.0118297 -0.0557329 0.832105 0.000149154 0.554619 5.04792 
0.503418 0.0148714 -0.863915 -3.65064 -0.0068995 0.999889 0.0131915 -0.0477058 0.864016 -0.000680225 0.503465 5.16905 
0.450439 0.0163696 -0.892657 -3.96962 -0.00539193 0.999864 0.0156147 -0.0470303 0.892791 -0.00222028 0.450466 5.27575 
0.395868 0.018499 -0.918121 -4.3151 -0.00469657 0.999825 0.0181202 -0.0399676 0.918296 -0.00286114 0.395885 5.36692 
0.3403 0.0201954 -0.9401 -4.68209 -0.00414487 0.999792 0.0199773 -0.0313138 0.940308 -0.00290163 0.340313 5.44749 
0.285203 0.02346 -0.95818 -5.06717 -0.00142949 0.99971 0.0240513 -0.0317978 0.958466 -0.00548974 0.285153 5.51318 
0.231588 0.0250877 -0.97249 -5.46613 0.00222577 0.999651 0.0263184 -0.0234254 0.972811 -0.00825953 0.231452 5.56055 
0.180711 0.0257274 -0.9832 -5.87903 0.00507474 0.99962 0.0270898 -0.0219876 0.983523 -0.00988487 0.180512 5.58965 
0.133094 0.0266107 -0.990746 -6.31746 0.00302764 0.999624 0.0272559 -0.0144696 0.991099 -0.00662717 0.132963 5.60261 
0.0905748 0.0265596 -0.995535 -6.76063 0.000796839 0.999642 0.0267417 -0.00169009 0.995889 -0.00321536 0.0905212 5.59874 
0.0528133 0.0250465 -0.99829 -7.21778 -0.000523194 0.999686 0.0250539 0.00981948 0.998604 -0.000800835 0.0528098 5.58282 
0.0179246 0.022252 -0.999592 -7.69881 0.000105858 0.999752 0.0222575 0.0199547 0.999839 -0.000504729 0.0179178 5.56779 
-0.013605 0.0194635 -0.999718 -8.18488 0.000281786 0.999811 0.0194615 0.028198 0.999907 -1.68916e-05 -0.0136079 5.53158 
-0.0402552 0.0176723 -0.999033 -8.68778 -0.000417851 0.999843 0.0177035 0.0332773 0.999189 0.00113015 -0.0402415 5.48459 
-0.0611123 0.0150174 -0.998018 -9.20062 -0.0010476 0.999885 0.0151096 0.0443734 0.99813 0.00196895 -0.0610895 5.42741 
-0.0777343 0.014212 -0.996873 -9.72858 -0.000458 0.999898 0.0142909 0.0541093 0.996974 0.0015675 -0.0777199 5.36737 
-0.090326 0.0145494 -0.995806 -10.2672 -0.00084051 0.999892 0.0146853 0.0614433 0.995912 0.00216349 -0.090304 5.29651 
-0.100006 0.0155992 -0.994865 -10.8219 -0.00169717 0.999873 0.0158483 0.0645788 0.994985 0.00327341 -0.0999665 5.22587 
-0.106699 0.0169676 -0.994147 -11.3993 -0.00381543 0.99984 0.0174743 0.0629956 0.994284 0.00565762 -0.106617 5.14142 
-0.111478 0.0178493 -0.993607 -11.9853 -0.00339073 0.999826 0.0183415 0.0689254 0.993761 0.00541376 -0.111398 5.06385 
-0.112785 0.0185525 -0.993446 -12.5981 -0.00101709 0.999823 0.018787 0.0771242 0.993619 0.00312935 -0.112746 4.98379 
-0.112079 0.0206732 -0.993484 -13.2232 0.00118888 0.999786 0.0206702 0.0877815 0.993699 0.00113562 -0.11208 4.90581 
-0.110722 0.0233243 -0.993578 -13.8634 0.000624449 0.999726 0.023399 0.0901373 0.993851 0.00197039 -0.110707 4.82213 
-0.109206 0.0231534 -0.99375 -14.5143 -0.00178061 0.999723 0.0234882 0.0965641 0.994018 0.00433456 -0.109134 4.73761 
-0.10781 0.0205175 -0.99396 -15.1779 -0.00320014 0.999775 0.0209847 0.105414 0.994166 0.0054432 -0.10772 4.65409 
-0.106717 0.0203505 -0.994081 -15.8649 -0.00350433 0.999777 0.0208433 0.115479 0.994283 0.00570797 -0.106622 4.56965 
-0.104835 0.0230296 -0.994223 -16.559 -0.00331401 0.999718 0.0235064 0.127156 0.994484 0.0057592 -0.104729 4.4901 
-0.102759 0.0264371 -0.994355 -17.2797 -0.00449339 0.999624 0.0270416 0.137005 0.994696 0.00724684 -0.102602 4.39855 
-0.101137 0.0285793 -0.994462 -18.0149 -0.00463486 0.999563 0.0291973 0.145172 0.994862 0.00756216 -0.100961 4.31057 
-0.0992242 0.0276846 -0.99468 -18.7536 -0.00657739 0.999573 0.0284769 0.15964 0.995043 0.00936804 -0.0989997 4.22035 
-0.0975666 0.0246571 -0.994924 -19.5061 -0.00871255 0.999634 0.0256282 0.174119 0.995191 0.0111688 -0.097316 4.1278 
-0.0961187 0.0239612 -0.995081 -20.275 -0.0096231 0.999641 0.0250006 0.187773 0.995323 0.0119788 -0.0958536 4.03872 
-0.0947197 0.0263749 -0.995155 -21.0539 -0.00669163 0.99961 0.0271299 0.20301 0.995482 0.00922898 -0.0945063 3.95625 
-0.0938588 0.0285219 -0.995177 -21.8429 -0.00425319 0.999569 0.0290489 0.214396 0.995576 0.00695922 -0.0936971 3.87693 
-0.0926256 0.0303297 -0.995239 -22.6406 -0.00295918 0.999523 0.0307356 0.223981 0.995697 0.00579203 -0.0924917 3.79121 
-0.0923539 0.0257704 -0.995393 -23.4381 -0.00271277 0.999655 0.0261324 0.230383 0.995723 0.00511375 -0.0922522 3.70825 
-0.0919855 0.0187377 -0.995584 -24.2449 -0.00105958 0.999821 0.0189153 0.238572 0.99576 0.00279487 -0.0919491 3.61741 
-0.0922342 0.0144218 -0.995633 -25.058 0.00209897 0.999896 0.0142891 0.243909 0.995735 -0.000771817 -0.0922548 3.53296 
-0.0927048 0.0152162 -0.995577 -25.8853 0.00300324 0.999883 0.0150024 0.251266 0.995689 -0.00159912 -0.0927397 3.44316 
-0.0929486 0.0225485 -0.995416 -26.7322 0.00284037 0.999746 0.0223813 0.255444 0.995667 -0.000746995 -0.092989 3.34933 
-0.0931643 0.0296536 -0.995209 -27.574 0.00120062 0.999559 0.0296708 0.263108 0.99565 0.00156943 -0.0931588 3.25134 
-0.0935454 0.0349286 -0.995002 -28.4181 -0.00066211 0.999382 0.0351447 0.273244 0.995615 0.00394646 -0.0934645 3.15215 
-0.0940662 0.0351779 -0.994944 -29.2607 -0.00220146 0.999366 0.0355424 0.285158 0.995564 0.0055337 -0.0939291 3.05626 
-0.0945183 0.0317053 -0.995018 -30.0949 -0.00196225 0.999485 0.032034 0.298822 0.995521 0.00498031 -0.0944073 2.96513 
-0.095026 0.0291448 -0.995048 -30.9308 -0.00205048 0.999564 0.0294729 0.31173 0.995473 0.00484105 -0.0949248 2.87064 
-0.0955064 0.030384 -0.994965 -31.7687 -0.00324932 0.999519 0.030835 0.325123 0.995424 0.00617794 -0.0953618 2.77837 
-0.0952867 0.0325357 -0.994918 -32.6097 -0.00414743 0.999444 0.0330809 0.335956 0.995441 0.00727856 -0.0950988 2.67562 
-0.0952825 0.0311257 -0.994964 -33.4427 -0.00515272 0.999482 0.0317605 0.340268 0.995437 0.00815303 -0.0950728 2.58179 
-0.0948415 0.0261016 -0.99515 -34.275 -0.00603204 0.999623 0.0267938 0.348213 0.995474 0.00854399 -0.0946483 2.48027 
-0.094597 0.0219006 -0.995275 -35.112 -0.0072327 0.999717 0.0226857 0.358974 0.995489 0.00934457 -0.0944118 2.37533 
-0.0940886 0.0226358 -0.995306 -35.9449 -0.00666658 0.999705 0.0233661 0.363036 0.995542 0.00883381 -0.0939099 2.2783 
-0.0936106 0.0252653 -0.995288 -36.7858 -0.00542339 0.99965 0.0258862 0.366912 0.995594 0.0078211 -0.0934408 2.18014 
-0.093459 0.0300602 -0.995169 -37.6286 -0.00522576 0.999516 0.0306822 0.378347 0.995609 0.00806809 -0.0932566 2.093 
-0.0929194 0.0354965 -0.995041 -38.4662 -0.0041259 0.999342 0.0360353 0.393028 0.995665 0.00745385 -0.0927118 2.00074 
-0.0932574 0.0387751 -0.994887 -39.3035 -0.00419414 0.999217 0.039337 0.405499 0.995633 0.0078412 -0.0930218 1.90959 
-0.0929971 0.0383771 -0.994927 -40.1377 -0.00384065 0.999236 0.0389023 0.424954 0.995659 0.00743901 -0.0927786 1.81728 
-0.0930269 0.0339551 -0.995084 -40.9616 -0.00378919 0.999399 0.0344566 0.440777 0.995656 0.00697599 -0.0928424 1.72664 
-0.0928832 0.0295763 -0.995238 -41.7819 -0.00477724 0.999534 0.0301498 0.45388 0.995666 0.00755494 -0.0926986 1.63858 
-0.0929822 0.0265449 -0.995314 -42.6085 -0.00845508 0.999587 0.0274487 0.468328 0.995632 0.0109677 -0.0927194 1.54332 
-0.0936554 0.0246445 -0.9953 -43.4356 -0.0116395 0.999598 0.0258462 0.47733 0.995537 0.0140055 -0.093331 1.44748 
-0.0945053 0.022723 -0.995265 -44.2609 -0.00935027 0.999675 0.0237115 0.483733 0.99548 0.0115469 -0.0942621 1.35618 
-0.0955935 0.019276 -0.995234 -45.0824 -0.00613115 0.999782 0.019953 0.487364 0.995402 0.00800933 -0.0954544 1.26427 
-0.0966739 0.0177657 -0.995158 -45.9052 -0.00185892 0.999836 0.0180298 0.494711 0.995314 0.00359297 -0.096625 1.177 
-0.0987855 0.0213345 -0.99488 -46.7295 -0.00126621 0.999767 0.021565 0.497673 0.995108 0.00339007 -0.0987355 1.08119 
-0.100628 0.0275276 -0.994543 -47.5605 0.00144519 0.99962 0.0275219 0.503891 0.994923 0.0013322 -0.100629 0.983428 
-0.102818 0.0311378 -0.994213 -48.379 0.00330573 0.999515 0.030962 0.510488 0.994695 -0.000103098 -0.102871 0.890623 
-0.104415 0.0303781 -0.99407 -49.1865 0.00338388 0.999539 0.0301898 0.517661 0.994528 -0.000211522 -0.104469 0.792839 
-0.105652 0.0261307 -0.99406 -49.9912 9.15023e-05 0.999655 0.0262681 0.525455 0.994403 0.00268435 -0.105618 0.687322 
-0.107032 0.022221 -0.994007 -50.7809 -0.00456532 0.999729 0.0228405 0.533244 0.994245 0.00698266 -0.106901 0.582241 
-0.108568 0.0205686 -0.993876 -51.5746 -0.00852283 0.99973 0.0216207 0.538851 0.994053 0.010818 -0.108364 0.474253 
-0.109583 0.021753 -0.99374 -52.3685 -0.0100303 0.999685 0.0229892 0.540165 0.993927 0.0124868 -0.109331 0.369238 
-0.110958 0.0232674 -0.993553 -53.1558 -0.00963101 0.999654 0.0244859 0.545041 0.993779 0.0122859 -0.110695 0.270357 
-0.112051 0.022732 -0.993442 -53.9387 -0.0111649 0.999646 0.0241333 0.549364 0.99364 0.0137958 -0.111758 0.164351 
-0.112705 0.0224302 -0.993375 -54.7122 -0.0118659 0.999644 0.023918 0.555798 0.993558 0.014483 -0.112398 0.0605299 
-0.113345 0.0241752 -0.993262 -55.49 -0.00981719 0.999628 0.0254504 0.565335 0.993507 0.0126357 -0.113065 -0.0405482 
-0.113497 0.026778 -0.993177 -56.2692 -0.00848798 0.999574 0.0279204 0.575962 0.993502 0.011599 -0.113222 -0.148847 
-0.113617 0.0312225 -0.993034 -57.0415 -0.00869448 0.999437 0.0324186 0.579254 0.993487 0.0123172 -0.113281 -0.253536 
-0.114654 0.0333107 -0.992847 -57.8038 -0.00882547 0.999364 0.0345486 0.586517 0.993366 0.0127235 -0.114287 -0.34975 
-0.115555 0.0331956 -0.992746 -58.5621 -0.00798435 0.999378 0.0343467 0.599569 0.993269 0.0118954 -0.115218 -0.451013 
-0.116033 0.0313292 -0.992751 -59.3125 -0.00699632 0.999452 0.0323584 0.603967 0.993221 0.0107003 -0.115751 -0.5493 
-0.116497 0.0277993 -0.992802 -60.0516 -0.00654388 0.999565 0.0287566 0.612897 0.99317 0.00984687 -0.116264 -0.647996 
-0.116403 0.0250661 -0.992886 -60.7733 -0.00712057 0.999635 0.0260713 0.616551 0.993177 0.0101047 -0.116182 -0.74682 
-0.115605 0.0226808 -0.993036 -61.4775 -0.00763468 0.999689 0.0237216 0.622466 0.993266 0.0103239 -0.115396 -0.835665 
-0.113508 0.0218499 -0.993297 -62.1745 -0.00975998 0.999685 0.0231058 0.624498 0.993489 0.0123173 -0.113259 -0.929757 
-0.109721 0.0227882 -0.993701 -62.8546 -0.0100331 0.999661 0.0240327 0.626194 0.993912 0.0126068 -0.109456 -1.01524 
-0.103947 0.0242828 -0.994286 -63.5235 -0.00893802 0.999639 0.0253479 0.629662 0.994543 0.0115218 -0.103692 -1.09688 
-0.0969389 0.0258096 -0.994956 -64.1742 -0.00803228 0.999611 0.026713 0.632178 0.995258 0.0105813 -0.0966938 -1.16663 
-0.0881512 0.0270055 -0.995741 -64.8112 -0.00895209 0.999571 0.0279019 0.635738 0.996067 0.0113736 -0.0878716 -1.23527 
-0.0766203 0.0286876 -0.996648 -65.43 -0.010873 0.999503 0.0296057 0.638508 0.997001 0.013105 -0.0762703 -1.29053 
-0.0616687 0.0299822 -0.997646 -66.0345 -0.0142173 0.999421 0.0309144 0.645014 0.997995 0.0160903 -0.0612068 -1.33662 
-0.0433912 0.0312006 -0.998571 -66.6255 -0.0158673 0.999365 0.0319149 0.649629 0.998932 0.0172295 -0.0428685 -1.36401 
-0.0212343 0.0319966 -0.999262 -67.1901 -0.0168589 0.999334 0.0323572 0.653435 0.999632 0.0175336 -0.0206807 -1.37332 
0.0040106 0.032424 -0.999466 -67.7293 -0.0163255 0.999343 0.0323545 0.656313 0.999859 0.0161871 0.0045373 -1.35821 
0.0332333 0.0319159 -0.998938 -68.246 -0.0148123 0.999396 0.0314378 0.663553 0.999338 0.0137518 0.033686 -1.32611 
0.0675477 0.0319227 -0.997205 -68.7378 -0.0134755 0.999426 0.031081 0.669482 0.997625 0.0113385 0.0679391 -1.27777 
0.105131 0.0321838 -0.993937 -69.209 -0.0127989 0.999437 0.0310082 0.674481 0.994376 0.00946142 0.105484 -1.20603 
0.146139 0.0320011 -0.988746 -69.6646 -0.0125559 0.999456 0.0304919 0.676532 0.989184 0.00795861 0.146461 -1.11692 
0.191582 0.0330431 -0.98092 -70.1076 -0.0115929 0.99944 0.0314028 0.679426 0.981408 0.00535558 0.191858 -1.00948 
0.240561 0.031757 -0.970114 -70.5363 -0.00817985 0.999496 0.0306904 0.680304 0.9706 0.000552515 0.2407 -0.878447 
0.291239 0.0273942 -0.956258 -70.9385 -0.000577433 0.999595 0.0284598 0.678288 0.95665 -0.00773639 0.291137 -0.721446 
0.343297 0.0224196 -0.938959 -71.3238 0.00462725 0.999663 0.0255608 0.677118 0.939216 -0.0131197 0.343077 -0.549655 
0.396335 0.0176534 -0.917936 -71.7039 0.0099998 0.999673 0.0235429 0.682693 0.918051 -0.01851 0.396029 -0.350683 
0.448501 0.0172734 -0.893615 -72.0795 0.00954919 0.999664 0.024116 0.691095 0.893731 -0.0193493 0.448185 -0.139587 
0.497585 0.0161657 -0.867264 -72.4371 0.0110446 0.999627 0.0249696 0.695188 0.867345 -0.022003 0.497221 0.0922542 
0.543382 0.0117995 -0.839403 -72.7821 0.0187551 0.999481 0.0261906 0.702891 0.839276 -0.0299745 0.542878 0.356211 
0.587852 0.0056515 -0.808949 -73.0985 0.0289866 0.999186 0.0280447 0.704169 0.808449 -0.0399348 0.58721 0.643633 
0.631403 0.00101877 -0.775454 -73.4064 0.0299488 0.999221 0.0256981 0.70487 0.774876 -0.0394497 0.630881 0.927766 
0.673579 -0.0042051 -0.739104 -73.705 0.026877 0.999462 0.0188078 0.714092 0.738627 -0.0325333 0.673329 1.22605 
0.71527 -0.0109522 -0.698762 -73.9892 0.0230623 0.999703 0.00793801 0.719384 0.698467 -0.0217928 0.71531 1.53887 
0.755554 -0.0136547 -0.654944 -74.2671 0.018085 0.999836 1.78786e-05 0.722318 0.654837 -0.0118581 0.755677 1.88324 
0.793622 -0.0147029 -0.608233 -74.5324 0.0165072 0.99986 -0.0026312 0.723304 0.608187 -0.007952 0.793754 2.26146 
0.828391 -0.016003 -0.559922 -74.775 0.016535 0.999855 -0.00411365 0.722389 0.559906 -0.00585053 0.828535 2.66532 
0.859913 -0.0147767 -0.510227 -75.0159 0.0134399 0.99989 -0.00630693 0.722279 0.510264 -0.00143395 0.860017 3.09761 
0.886716 -0.0131014 -0.46213 -75.2358 0.012532 0.999912 -0.00430177 0.70966 0.462145 -0.0019769 0.886802 3.55375 
0.908619 -0.00659606 -0.417575 -75.4452 0.005769 0.999978 -0.00324283 0.705319 0.417587 0.000537556 0.908637 4.03587 
0.926634 -0.00240685 -0.375956 -75.6411 0.000714241 0.999989 -0.00464153 0.700245 0.375963 0.00403253 0.926626 4.53434 
0.940558 0.00273721 -0.339623 -75.8248 -0.00400421 0.999987 -0.00302998 0.694767 0.33961 0.00420984 0.940557 5.0636 
0.950964 0.00358953 -0.309281 -75.9997 -0.00411219 0.999991 -0.00103813 0.687932 0.309275 0.0022591 0.95097 5.61395 
0.95856 0.00257184 -0.28488 -76.1613 -0.00251354 0.999997 0.000570147 0.681119 0.284881 0.000169584 0.958563 6.18269 
0.964576 0.00284306 -0.263792 -76.3203 -0.00219761 0.999994 0.00274174 0.675488 0.263798 -0.00206486 0.964576 6.77492 
0.969389 0.00562461 -0.245466 -76.479 -0.00442819 0.999976 0.00542557 0.670541 0.245491 -0.00417246 0.96939 7.38176 
0.9731 0.0102785 -0.230154 -76.6348 -0.00890118 0.999936 0.00702144 0.667787 0.230212 -0.00478387 0.973129 8.00794 
0.976124 0.0139059 -0.21677 -76.7902 -0.0123985 0.999889 0.00831191 0.661536 0.216861 -0.00542578 0.976187 8.64561 
0.978937 0.0121349 -0.203803 -76.9292 -0.0107381 0.999911 0.00795813 0.660818 0.203881 -0.00560201 0.97898 9.30359 
0.981683 0.0122889 -0.190127 -77.0637 -0.0110676 0.999911 0.00748359 0.659976 0.190202 -0.00524221 0.981731 9.97918 
0.984385 0.0125606 -0.175582 -77.1937 -0.0112584 0.999901 0.00841078 0.656963 0.17567 -0.00630264 0.984429 10.6623 
0.98673 0.0136407 -0.161796 -77.3119 -0.0123459 0.999883 0.00900549 0.652369 0.1619 -0.00688843 0.986783 11.3644 
0.988745 0.0136617 -0.148984 -77.4316 -0.0128985 0.999898 0.00608762 0.648125 0.149052 -0.00409739 0.988821 12.0789 
0.990315 0.0141347 -0.138115 -77.5434 -0.014146 0.9999 0.000899719 0.640364 0.138114 0.00106281 0.990416 12.804 
0.991624 0.0121 -0.128594 -77.6482 -0.0128834 0.999903 -0.00526211 0.635525 0.128518 0.0068748 0.991683 13.544 
0.992651 0.0120191 -0.120417 -77.7472 -0.0127777 0.999903 -0.00552965 0.62845 0.120339 0.0070277 0.992708 14.2965 
0.993397 0.0136107 -0.113915 -77.8463 -0.0136091 0.999907 0.000791375 0.6185 0.113915 0.000764171 0.99349 15.0611 
0.993898 0.0182744 -0.108778 -77.9548 -0.0174219 0.99981 0.00878182 0.610942 0.108918 -0.00683307 0.994027 15.8326 
0.994325 0.0191729 -0.104645 -78.0462 -0.0179462 0.999759 0.0126514 0.598507 0.104862 -0.0107016 0.994429 16.5987 
0.994721 0.0178574 -0.101053 -78.1409 -0.0168052 0.999795 0.0112532 0.599274 0.101233 -0.00949556 0.994817 17.3635 
0.99502 0.0177172 -0.0980838 -78.2266 -0.0167739 0.999805 0.0104335 0.593418 0.0982495 -0.00873628 0.995124 18.1228 
0.995322 0.0158923 -0.0952979 -78.3111 -0.0147556 0.999812 0.0126204 0.593845 0.0954805 -0.0111551 0.995369 18.8903 
0.995601 0.0139855 -0.0926503 -78.3938 -0.0126575 0.999809 0.0149058 0.590552 0.092841 -0.0136674 0.995587 19.66 
0.995907 0.0116545 -0.089628 -78.4755 -0.0102032 0.99981 0.0166325 0.588117 0.0898047 -0.0156499 0.995836 20.4297 
0.996135 0.0105648 -0.0871956 -78.549 -0.0094597 0.99987 0.0130767 0.582444 0.0873223 -0.0122013 0.996105 21.1855 
0.996246 0.0136712 -0.0854855 -78.632 -0.0132379 0.999897 0.00563317 0.577415 0.0855536 -0.00448033 0.996324 21.9345 
0.99638 0.0140655 -0.0838379 -78.71 -0.0142849 0.999896 -0.00201844 0.566811 0.0838008 0.00320879 0.996477 22.6829 
0.996467 0.0150781 -0.0826227 -78.7848 -0.0156215 0.99986 -0.0059351 0.553453 0.0825216 0.00720486 0.996563 23.4316 
0.996617 0.0165181 -0.0805135 -78.8626 -0.0169068 0.999849 -0.00414903 0.536572 0.0804327 0.00549625 0.996745 24.1877 
0.996751 0.02006 -0.0780102 -78.9444 -0.0201289 0.999797 -9.74937e-05 0.517652 0.0779924 0.00166748 0.996953 24.948 
0.99683 0.0231755 -0.0761074 -79.0168 -0.0228511 0.999726 0.00513015 0.50073 0.0762054 -0.00337471 0.997086 25.7011 
0.997071 0.0203721 -0.0737227 -79.0829 -0.0199023 0.999777 0.00710126 0.492569 0.0738508 -0.00561316 0.997254 26.4496 
0.997213 0.0173448 -0.0725641 -79.1502 -0.0168952 0.999834 0.00680457 0.484716 0.0726701 -0.00555958 0.997341 27.2049 
0.997322 0.0156536 -0.0714371 -79.2149 -0.0151854 0.99986 0.00709077 0.47161 0.0715381 -0.00598694 0.99742 27.9564 
0.997415 0.0149413 -0.0702853 -79.2818 -0.0146218 0.99988 0.0050579 0.466553 0.0703524 -0.00401708 0.997514 28.7058 
0.9975 0.0131181 -0.0694397 -79.349 -0.0128873 0.99991 0.00377066 0.459671 0.0694829 -0.0028663 0.997579 29.4626 
0.997552 0.0124856 -0.068809 -79.4133 -0.0122473 0.999917 0.00388437 0.452289 0.0688518 -0.00303209 0.997622 30.2234 
0.997562 0.0154639 -0.0680528 -79.484 -0.0151671 0.999873 0.00487536 0.444296 0.0681195 -0.00383127 0.99767 30.9933 
0.997561 0.0151504 -0.0681387 -79.5527 -0.014922 0.999881 0.00385994 0.437806 0.068189 -0.00283372 0.997668 31.7675 
0.997451 0.0148079 -0.0697984 -79.6244 -0.0145735 0.999886 0.00386619 0.428587 0.0698477 -0.00283909 0.997554 32.5456 
0.997356 0.0121402 -0.0716461 -79.6968 -0.0118582 0.99992 0.00435939 0.420179 0.0716933 -0.00349822 0.997421 33.318 
0.997113 0.0137837 -0.0746711 -79.7775 -0.0135134 0.9999 0.00412351 0.413721 0.0747205 -0.0031025 0.9972 34.0985 
0.996849 0.017489 -0.0773761 -79.86 -0.0172494 0.999844 0.00376303 0.403419 0.0774298 -0.00241643 0.996995 34.9006 
0.996668 0.018208 -0.0795122 -79.9515 -0.0183798 0.99983 -0.00142888 0.398626 0.0794726 0.00288558 0.996833 35.6837 
0.996462 0.0188713 -0.0818956 -80.0387 -0.0193245 0.999802 -0.00474505 0.385526 0.0817898 0.00631089 0.99663 36.4881 
0.99633 0.0176973 -0.0837489 -80.127 -0.0182917 0.999813 -0.00633622 0.37507 0.083621 0.00784492 0.996467 37.3019 
0.996124 0.0180072 -0.0860964 -80.212 -0.0184745 0.999819 -0.00463464 0.356319 0.0859973 0.00620731 0.996276 38.1265 
0.995959 0.0166447 -0.088251 -80.3015 -0.0170691 0.999846 -0.00405658 0.343139 0.0881698 0.0055466 0.99609 38.955 
0.995813 0.0160203 -0.089999 -80.393 -0.0162926 0.999865 -0.00229295 0.331821 0.0899501 0.00374972 0.995939 39.7902 
0.995695 0.0157762 -0.0913392 -80.4867 -0.0157004 0.999876 0.00154774 0.317732 0.0913522 -0.000106975 0.995819 40.6309 
0.995635 0.0152286 -0.0920865 -80.5842 -0.014706 0.999872 0.00635052 0.305983 0.0921713 -0.00496853 0.995731 41.4793 
0.995706 0.0154495 -0.0912779 -80.6805 -0.01472 0.999854 0.00865908 0.296577 0.0913983 -0.00727824 0.995788 42.3306 
0.995847 0.0182761 -0.0891843 -80.7813 -0.0175898 0.999809 0.00847484 0.293018 0.0893221 -0.00687087 0.995979 43.1885 
0.996021 0.0184336 -0.0871976 -80.8751 -0.0178843 0.999815 0.00707588 0.28655 0.0873119 -0.00548821 0.996166 44.0528 
0.996183 0.0159917 -0.0858113 -80.9619 -0.0156242 0.999866 0.00495178 0.277813 0.0858789 -0.0035921 0.996299 44.9224 
0.996404 0.0122111 -0.083849 -81.0465 -0.0119766 0.999923 0.00329858 0.270405 0.0838828 -0.00228245 0.996473 45.7896 
0.996604 0.0112527 -0.0815708 -81.1405 -0.0110354 0.999934 0.00311453 0.261184 0.0816005 -0.00220375 0.996663 46.6413 
0.996671 0.0084042 -0.081089 -81.2219 -0.00797824 0.999953 0.00557514 0.249413 0.081132 -0.00490959 0.996691 47.525 
0.996767 0.00590247 -0.080126 -81.3047 -0.00527384 0.999954 0.00805441 0.239056 0.0801698 -0.00760576 0.996752 48.3981 
0.996843 0.0053352 -0.0792223 -81.391 -0.00467123 0.999952 0.00856356 0.224657 0.0792641 -0.00816642 0.99682 49.2588 
0.996922 0.00653728 -0.0781221 -81.4756 -0.00614358 0.999967 0.00527829 0.212573 0.078154 -0.00478205 0.99693 50.1306 
0.996962 0.00957095 -0.0772995 -81.5663 -0.00962898 0.999954 -0.000378544 0.198509 0.0772922 0.00112175 0.997008 51.0006 
0.997042 0.0115075 -0.0759906 -81.6555 -0.0119985 0.99991 -0.00600853 0.185996 0.0759146 0.00690258 0.99709 51.8562 
0.997032 0.0158837 -0.0753328 -81.7411 -0.0168314 0.999787 -0.0119616 0.165866 0.0751267 0.0131941 0.997087 52.7011 
0.997125 0.0159788 -0.0740682 -81.8245 -0.0169553 0.999777 -0.0125743 0.139542 0.0738507 0.0137941 0.997174 53.5521 
0.997189 0.0132531 -0.07375 -81.903 -0.0137949 0.999881 -0.00684184 0.125756 0.0736505 0.00784002 0.997253 54.4063 
0.997143 0.0125892 -0.0744773 -81.9818 -0.0124597 0.99992 0.0022029 0.106009 0.074499 -0.00126859 0.99722 55.2627 
0.99708 0.0118749 -0.075435 -82.0672 -0.0111573 0.999889 0.00992641 0.0883096 0.0755445 -0.00905574 0.997101 56.1214 
0.996929 0.00994524 -0.0776806 -82.1488 -0.00937323 0.999926 0.0077242 0.0768708 0.0777516 -0.00697232 0.996948 56.9617 
0.996815 0.00484463 -0.0796082 -82.2239 -0.00452254 0.999981 0.00422531 0.0694967 0.0796271 -0.00385178 0.996817 57.802 
0.996604 0.00361411 -0.0822635 -82.3054 -0.003399 0.99999 0.00275434 0.0562366 0.0822726 -0.00246533 0.996607 58.6334 
0.996366 0.00544694 -0.0850014 -82.3957 -0.00543617 0.999985 0.000357694 0.0407358 0.085002 0.000105732 0.996381 59.4533 
0.996086 0.00716618 -0.0880953 -82.4904 -0.00744149 0.999968 -0.00279758 0.0215296 0.0880725 0.00344223 0.996108 60.2727 
0.995754 0.00754843 -0.091744 -82.5889 -0.00817003 0.999946 -0.00640214 0.00628123 0.0916907 0.00712455 0.995762 61.0884 
0.995463 0.00981254 -0.0946412 -82.6874 -0.0108154 0.999891 -0.0100896 -0.0164424 0.0945318 0.0110674 0.99546 61.9001 
0.99512 0.0146117 -0.0975796 -82.7952 -0.0156611 0.999827 -0.00999759 -0.0398821 0.0974167 0.0114771 0.995178 62.7044 
0.994726 0.0182072 -0.100944 -82.9027 -0.0191603 0.999781 -0.00848031 -0.0548577 0.100767 0.0103697 0.994856 63.507 
0.994262 0.0211211 -0.104866 -83.0083 -0.0215011 0.999766 -0.0024954 -0.074959 0.104789 0.00473587 0.994483 64.3128 
0.9938 0.0215594 -0.109075 -83.1148 -0.0213365 0.999767 0.00320976 -0.095436 0.109118 -0.000862542 0.994028 65.111 
0.993259 0.0208866 -0.114017 -83.2221 -0.0202446 0.999772 0.00678598 -0.10689 0.114133 -0.00443197 0.993456 65.9052 
0.992482 0.0204022 -0.120679 -83.3332 -0.0195852 0.999777 0.0079526 -0.117866 0.120814 -0.00552925 0.99266 66.6917 
0.991819 0.0173548 -0.126467 -83.4484 -0.0160257 0.999805 0.0115195 -0.126496 0.126642 -0.00939855 0.991904 67.4731 
0.990983 0.018314 -0.132733 -83.5717 -0.0169354 0.99979 0.0115076 -0.135908 0.132916 -0.00915589 0.991085 68.2352 
0.990074 0.0229895 -0.138655 -83.7071 -0.021751 0.999709 0.0104408 -0.144435 0.138854 -0.00732126 0.990286 69.0088 
0.989162 0.0247794 -0.144726 -83.8418 -0.0240687 0.999688 0.00665916 -0.150516 0.144845 -0.00310358 0.989449 69.7826 
0.988288 0.0237604 -0.150739 -83.9744 -0.0234487 0.999718 0.00384493 -0.158903 0.150787 -0.000265221 0.988566 70.5492 
0.987431 0.0250875 -0.156047 -84.1156 -0.0249894 0.999684 0.00259067 -0.166487 0.156062 0.00134145 0.987746 71.3116 
0.986663 0.0267501 -0.160565 -84.2621 -0.0258886 0.999637 0.00745547 -0.171188 0.160706 -0.00319921 0.986997 72.0761 
0.985717 0.0272979 -0.166181 -84.4211 -0.0257238 0.999602 0.0116171 -0.177908 0.166432 -0.00717628 0.986027 72.8207 
0.984697 0.0268607 -0.172195 -84.5722 -0.0248427 0.999595 0.0138635 -0.187582 0.172497 -0.00937349 0.984965 73.5792 
0.983474 0.0244255 -0.179396 -84.7231 -0.0229707 0.999684 0.0101822 -0.195608 0.179588 -0.00589301 0.983724 74.3275 
0.982005 0.0218619 -0.187584 -84.8856 -0.021743 0.99976 0.00269107 -0.193476 0.187598 0.00143605 0.982245 75.071 
0.980288 0.0198554 -0.196576 -85.0513 -0.0200601 0.999798 0.000949709 -0.204167 0.196555 0.0030124 0.980488 75.8082 
0.978084 0.0190046 -0.207344 -85.2281 -0.0186398 0.999819 0.00371315 -0.212735 0.207377 0.000233125 0.978261 76.5524 
0.975718 0.0188713 -0.218217 -85.4122 -0.0170956 0.999804 0.0100224 -0.218713 0.218364 -0.00604845 0.975849 77.2909 
0.972979 0.0207862 -0.229958 -85.6127 -0.0172187 0.999698 0.0175094 -0.2202 0.230252 -0.0130767 0.973043 78.0288 
0.970296 0.0212172 -0.240988 -85.8154 -0.0166801 0.999643 0.0208516 -0.22466 0.241344 -0.0162125 0.970304 78.7526 
0.96736 0.0243122 -0.252239 -86.0302 -0.0208525 0.999648 0.0163803 -0.232605 0.252549 -0.0105858 0.967526 79.4644 
0.964162 0.0237947 -0.264247 -86.2461 -0.0226911 0.999716 0.00722825 -0.236556 0.264344 -0.000973107 0.964428 80.1652 
0.960816 0.021418 -0.276359 -86.4714 -0.0216456 0.999763 0.00222697 -0.235712 0.276341 0.00384229 0.961052 80.8727 
0.95724 0.0202245 -0.288588 -86.703 -0.0189871 0.999795 0.00708672 -0.238058 0.288672 -0.0013042 0.957427 81.5819 
0.95379 0.0210849 -0.299735 -86.9527 -0.0175162 0.99974 0.0145884 -0.247087 0.299964 -0.00866405 0.953911 82.2993 
0.949962 0.0210254 -0.311657 -87.206 -0.0155848 0.99968 0.0199377 -0.249028 0.311977 -0.0140829 0.949985 83.0147 
0.945785 0.0186173 -0.32426 -87.4662 -0.0135568 0.999749 0.0178583 -0.248845 0.324511 -0.0124941 0.9458 83.7205 
0.941935 0.0167179 -0.335379 -87.737 -0.0129856 0.999826 0.0133681 -0.251242 0.335544 -0.00823668 0.941988 84.4245 
0.938663 0.0124802 -0.344611 -88.0106 -0.0108838 0.999919 0.00656671 -0.258119 0.344666 -0.0024132 0.938722 85.1205 
0.935854 0.0086974 -0.352281 -88.29 -0.00903201 0.999959 0.000693692 -0.262709 0.352272 0.00253265 0.935894 85.8194 
0.93311 0.00851775 -0.359491 -88.5793 -0.00968554 0.999952 -0.0014475 -0.269913 0.359461 0.00483258 0.933148 86.5198 
0.93004 0.0133883 -0.367216 -88.8827 -0.0149843 0.999887 -0.00149563 -0.281746 0.367154 0.0068935 0.930135 87.2144 
0.926853 0.0132469 -0.37519 -89.1834 -0.0140337 0.999901 0.00063538 -0.292942 0.375161 0.00467644 0.926948 87.9164 
0.923531 0.0140636 -0.383267 -89.4883 -0.0122394 0.999899 0.00719788 -0.298646 0.383329 -0.00195647 0.92361 88.6205 
0.920646 0.015787 -0.390079 -89.8031 -0.0106704 0.999826 0.0152806 -0.30277 0.390252 -0.00990573 0.920655 89.3267 
0.918027 0.0254972 -0.395698 -90.1367 -0.0183174 0.999592 0.0219132 -0.309899 0.396095 -0.0128687 0.918119 90.02 
0.91534 0.0317334 -0.401429 -90.4678 -0.0264232 0.999475 0.0187592 -0.313753 0.401814 -0.00656393 0.915698 90.6989 
0.912898 0.0281661 -0.407214 -90.7932 -0.0259163 0.999603 0.0110407 -0.31126 0.407363 0.000474504 0.913266 91.3871 
0.910926 0.0204539 -0.412062 -91.1183 -0.0208005 0.999777 0.00364413 -0.310103 0.412044 0.0052516 0.911149 92.0755 
0.909075 0.0210533 -0.4161 -91.4496 -0.0217984 0.999758 0.00296028 -0.314739 0.416062 0.00637923 0.909314 92.7662 
0.906842 0.0269692 -0.420606 -91.7991 -0.0259816 0.99963 0.00807873 -0.321267 0.420669 0.00360196 0.907207 93.4561 
0.904247 0.0294299 -0.425994 -92.1463 -0.0267026 0.999567 0.0123743 -0.327816 0.426174 0.000185823 0.904641 94.1549 
0.901993 0.0259729 -0.430968 -92.4911 -0.0237046 0.999662 0.0106335 -0.3384 0.431099 0.000624621 0.902305 94.8469 
0.899552 0.0239806 -0.436155 -92.8412 -0.0245821 0.999689 0.00426511 -0.345775 0.436121 0.00688497 0.899862 95.5296 
0.897304 0.0213143 -0.440898 -93.1976 -0.0249065 0.999687 -0.00236139 -0.35098 0.44071 0.0131002 0.897554 96.2131 
0.89494 0.0223653 -0.445625 -93.5628 -0.026827 0.999633 -0.00370591 -0.361919 0.445379 0.0152714 0.895212 96.9006 
0.892967 0.0252813 -0.449411 -93.9344 -0.0280164 0.999607 0.000564259 -0.374399 0.449249 0.0120871 0.893325 97.5869 
0.890891 0.0268686 -0.453423 -94.3045 -0.0287766 0.999582 0.00269183 -0.387126 0.453305 0.0106499 0.891292 98.2673 
0.888407 0.0276896 -0.458221 -94.6738 -0.0294833 0.99956 0.00323921 -0.396308 0.458109 0.0106322 0.888833 98.949 
0.885963 0.0260066 -0.463027 -95.0398 -0.0278674 0.999608 0.00282253 -0.411886 0.462918 0.0104027 0.88634 99.6286 
0.88383 0.0238833 -0.467198 -95.4094 -0.0258786 0.999663 0.00214668 -0.423175 0.467092 0.0101932 0.88415 100.295 
0.881479 0.0232583 -0.47165 -95.7825 -0.0250344 0.999683 0.00250964 -0.430981 0.471559 0.0095953 0.881782 100.969 
0.879151 0.0246407 -0.475906 -96.1649 -0.0264045 0.999647 0.00298042 -0.441662 0.475811 0.00994588 0.879491 101.631 
0.876799 0.0249828 -0.480208 -96.5426 -0.0268338 0.999635 0.00301069 -0.454698 0.480108 0.0102461 0.877149 102.287 
0.874313 0.0223366 -0.484849 -96.9156 -0.0261162 0.999658 -0.00104109 -0.468322 0.48466 0.0135727 0.874597 102.936 
0.87207 0.0191792 -0.489005 -97.2927 -0.0249167 0.999676 -0.00522739 -0.486928 0.488747 0.0167431 0.872265 103.576 
0.870041 0.0175538 -0.492667 -97.6729 -0.0245768 0.999668 -0.0077839 -0.50093 0.492366 0.0188805 0.870183 104.211 
0.868081 0.0192034 -0.496051 -98.05 -0.0244588 0.999692 -0.00410197 -0.511298 0.49582 0.0156937 0.868284 104.844 
0.866057 0.023183 -0.499407 -98.4294 -0.0241899 0.999697 0.00445745 -0.5208 0.49936 0.00822027 0.866356 105.477 
0.864368 0.025634 -0.502206 -98.8004 -0.0214252 0.99967 0.01415 -0.534041 0.502403 -0.00147087 0.864632 106.102 
0.862867 0.025505 -0.504787 -99.1734 -0.0185714 0.999652 0.0187632 -0.538909 0.50509 -0.00681549 0.86304 106.714 
0.861174 0.0222219 -0.507825 -99.5316 -0.0151773 0.999723 0.0180092 -0.538022 0.508084 -0.00780158 0.861272 107.309 
0.859362 0.0203806 -0.510961 -99.8938 -0.015139 0.999782 0.0144164 -0.540381 0.511143 -0.00465341 0.859483 107.889 
0.857724 0.0185997 -0.513773 -100.247 -0.01485 0.999825 0.0114043 -0.541081 0.513895 -0.00215211 0.85785 108.449 
0.856341 0.0168294 -0.516137 -100.594 -0.0134286 0.999857 0.0103219 -0.545915 0.516236 -0.00190805 0.856444 108.997 
0.855015 0.0153911 -0.518376 -100.928 -0.0121281 0.99988 0.00968329 -0.547921 0.518462 -0.00199242 0.855098 109.531 
0.853676 0.0156631 -0.520569 -101.257 -0.0119242 0.999873 0.0105303 -0.553963 0.520668 -0.00278203 0.853755 110.043 
0.8524 0.0154559 -0.522662 -101.575 -0.0107371 0.99987 0.0120567 -0.558731 0.52278 -0.00466518 0.852455 110.541 
0.851103 0.0141613 -0.524808 -101.893 -0.00905497 0.999883 0.0122957 -0.557331 0.524921 -0.00571275 0.851132 111.026 
0.849674 0.0124551 -0.527161 -102.185 -0.0069146 0.999898 0.0124795 -0.564301 0.527262 -0.00695834 0.849674 111.484 
0.848417 0.0114727 -0.529204 -102.466 -0.00651074 0.999916 0.0112393 -0.564898 0.529289 -0.00609001 0.84842 111.925 
0.847267 0.0114428 -0.531045 -102.747 -0.00844773 0.999932 0.00806813 -0.579301 0.531101 -0.00234968 0.847305 112.335 
0.846062 0.00936602 -0.533002 -103.02 -0.0081677 0.999956 0.00460635 -0.59797 0.533022 0.000456194 0.846101 112.716 
0.843628 0.00514708 -0.536903 -103.267 -0.00475922 0.999986 0.00210833 -0.596216 0.536907 0.000776647 0.843641 113.103 
0.840865 0.000787385 -0.541244 -103.506 0.000300068 0.999998 0.00192089 -0.593259 0.541245 -0.00177757 0.840863 113.476 
0.837257 0.00178586 -0.546807 -103.743 5.38541e-05 0.999994 0.00334838 -0.597356 0.54681 -0.00283285 0.837252 113.831 
0.833524 0.00546517 -0.552456 -103.98 -0.00315077 0.999982 0.00513852 -0.602178 0.552474 -0.00254237 0.833526 114.155 
0.82973 0.0113444 -0.55805 -104.203 -0.00726573 0.999928 0.00952425 -0.607155 0.558117 -0.00384787 0.829753 114.464 
0.825433 0.0162326 -0.564267 -104.415 -0.00888102 0.999836 0.0157712 -0.604105 0.56443 -0.00800679 0.825442 114.768 
0.820536 0.0180973 -0.571309 -104.616 -0.00812756 0.999767 0.0199964 -0.607432 0.571538 -0.0117644 0.820492 115.046 
0.815202 0.0152403 -0.578976 -104.815 -0.00351584 0.999766 0.0213662 -0.613296 0.579166 -0.0153822 0.815065 115.309 
0.808189 0.0130909 -0.588778 -104.999 -8.5484e-05 0.999756 0.0221112 -0.612219 0.588923 -0.0178197 0.807992 115.553 
0.799446 0.0110469 -0.600637 -105.182 0.00297969 0.999746 0.0223532 -0.602373 0.600731 -0.0196598 0.799209 115.781 
0.789343 0.0116047 -0.613843 -105.366 0.0035557 0.999718 0.0234719 -0.607576 0.613943 -0.02071 0.789079 115.985 
0.777163 0.0130224 -0.629165 -105.548 0.00164268 0.999741 0.0227216 -0.605668 0.629298 -0.0186919 0.77694 116.173 
0.763171 0.0115474 -0.646093 -105.72 0.00158218 0.999804 0.019738 -0.606225 0.646194 -0.0160856 0.763003 116.345 
0.748164 0.00898829 -0.663453 -105.885 0.000927605 0.999893 0.0145923 -0.611462 0.663513 -0.0115328 0.748075 116.509 
0.733028 0.0056661 -0.680175 -106.049 0.00101464 0.999955 0.00942344 -0.614837 0.680198 -0.00759773 0.73299 116.659 
0.717294 0.00560237 -0.696749 -106.212 -0.00275104 0.999983 0.00520841 -0.612989 0.696766 -0.00181913 0.717297 116.802 
0.70153 0.00903868 -0.712582 -106.386 -0.0102395 0.999944 0.00260302 -0.607777 0.712566 0.00547041 0.701584 116.931 
0.684126 0.0107897 -0.729284 -106.561 -0.0130717 0.999911 0.00253123 -0.603419 0.729247 0.00780138 0.684206 117.062 
0.664843 0.00901741 -0.746929 -106.731 -0.0101221 0.999944 0.00306229 -0.593814 0.746914 0.00552456 0.664897 117.206 
0.644854 0.00825156 -0.764261 -106.912 -0.00726432 0.999963 0.00466701 -0.593047 0.764271 0.00254235 0.64489 117.33 
0.622555 0.0101744 -0.78251 -107.094 -0.00717785 0.999948 0.00729092 -0.59534 0.782543 0.00107779 0.622595 117.446 
0.598216 0.0144679 -0.801205 -107.289 -0.0108703 0.999892 0.00993941 -0.588958 0.801261 0.00276351 0.598308 117.559 
0.573434 0.0182728 -0.819048 -107.486 -0.0132712 0.999827 0.0130144 -0.580701 0.819144 0.0034069 0.573578 117.663 
0.547756 0.0210198 -0.836374 -107.686 -0.0148385 0.999771 0.0154082 -0.578988 0.836506 0.00397063 0.547943 117.761 
0.521875 0.023665 -0.852694 -107.891 -0.0179194 0.999699 0.0167776 -0.573194 0.852834 0.00652394 0.522142 117.848 
0.494708 0.0283099 -0.868598 -108.095 -0.0222419 0.999554 0.0199103 -0.577133 0.868774 0.0094695 0.495118 117.932 
0.467397 0.030823 -0.88351 -108.307 -0.024238 0.999463 0.0220458 -0.572726 0.883715 0.0111105 0.467893 117.996 
0.437331 0.0305128 -0.898783 -108.513 -0.0230394 0.999476 0.0227207 -0.577473 0.899005 0.010771 0.437805 118.069 
0.405239 0.0271651 -0.913807 -108.739 -0.0232794 0.999541 0.0193902 -0.573189 0.913914 0.0134153 0.405685 118.132 
0.37028 0.0224599 -0.928649 -108.981 -0.0228035 0.999626 0.0150841 -0.564072 0.92864 0.0155911 0.370654 118.199 
0.33105 0.0201014 -0.943399 -109.249 -0.0227073 0.999653 0.0133318 -0.557283 0.94334 0.0170086 0.331392 118.258 
0.289317 0.0183772 -0.957057 -109.534 -0.0222992 0.999674 0.0124545 -0.541389 0.956974 0.0177383 0.289632 118.309 
0.24557 0.0164596 -0.969239 -109.833 -0.0215743 0.999701 0.0115108 -0.534695 0.969139 0.018084 0.245852 118.347 
0.198589 0.0138343 -0.979985 -110.149 -0.0205513 0.999739 0.00994849 -0.528096 0.979867 0.0181644 0.198822 118.369 
0.150169 0.0116637 -0.988592 -110.473 -0.0199558 0.999762 0.00876413 -0.519919 0.988459 0.0184121 0.150366 118.369 
0.099995 0.0111246 -0.994926 -110.821 -0.0194772 0.999768 0.00922121 -0.51181 0.994797 0.0184564 0.100188 118.362 
0.0480904 0.0129305 -0.998759 -111.177 -0.018281 0.99976 0.0120632 -0.513012 0.998676 0.0176783 0.0483152 118.332 
-0.00518727 0.015398 -0.999868 -111.554 -0.0147115 0.999772 0.0154729 -0.508885 0.999878 0.0147898 -0.00495956 118.294 
-0.0589549 0.01716 -0.998113 -111.934 -0.0114415 0.999775 0.0178644 -0.500188 0.998195 0.0124731 -0.0587453 118.234 
-0.11247 0.018366 -0.993485 -112.326 -0.00786935 0.999781 0.0193732 -0.48828 0.993624 0.00999703 -0.112301 118.148 
-0.164991 0.020536 -0.986081 -112.73 -0.00478263 0.999755 0.021621 -0.484853 0.986284 0.00828338 -0.164852 118.032 
-0.216509 0.0224132 -0.976023 -113.145 -0.00254657 0.99972 0.0235223 -0.483058 0.976277 0.00757835 -0.216392 117.901 
-0.265743 0.0238412 -0.963749 -113.56 0.000908402 0.9997 0.0244801 -0.475505 0.964043 0.00562999 -0.265685 117.74 
-0.314058 0.0252369 -0.949068 -113.995 0.0057539 0.999679 0.0246787 -0.465045 0.949386 0.00228973 -0.314102 117.561 
-0.360639 0.0268009 -0.93232 -114.433 0.0104003 0.999641 0.0247131 -0.457304 0.932648 -0.000783898 -0.360788 117.356 
-0.404651 0.0284761 -0.914028 -114.867 0.0148366 0.999588 0.0245734 -0.448254 0.914351 -0.00361743 -0.404906 117.118 
