1 2.12261e-08 -2.11895e-08 0 2.12261e-08 1 2.10703e-08 0 -2.11895e-08 2.10703e-08 1 0 
0.999998 0.000567614 0.00186045 -0.0104294 -0.000565982 1 -0.000854589 -0.0049079 -0.00186098 0.000853576 0.999998 0.44962 
0.999991 0.00195449 0.00370304 -0.0184111 -0.00194748 0.999996 -0.00188389 -0.0105971 -0.00370675 0.00187671 0.999991 0.911258 
0.999979 0.00325996 0.00566341 -0.0297262 -0.00324564 0.999992 -0.00252935 -0.0172114 -0.00567165 0.00251096 0.999981 1.39 
0.999969 0.00333814 0.00713817 -0.0351814 -0.00332016 0.999991 -0.00252362 -0.0242727 -0.00714657 0.00249988 0.999971 1.87959 
0.999959 0.00269003 0.00870162 -0.0371559 -0.00267025 0.999994 -0.00227894 -0.0315597 -0.00870774 0.00225565 0.99996 2.38107 
0.999939 0.00258228 0.0107517 -0.0337957 -0.00256671 0.999996 -0.00145707 -0.0351725 -0.0107555 0.00142943 0.999941 2.89989 
0.999922 0.00228402 0.0122813 -0.0351823 -0.00228497 0.999997 6.68283e-05 -0.0426394 -0.0122811 -9.48435e-05 0.999925 3.41145 
0.999911 0.00295781 0.0130419 -0.0365518 -0.00297163 0.999995 0.0010442 -0.0498862 -0.0130388 -0.00108282 0.999914 3.92608 
0.999899 0.0038671 0.0136613 -0.0401517 -0.00388193 0.999992 0.00106228 -0.058368 -0.0136571 -0.00111516 0.999906 4.44063 
0.999882 0.00452886 0.0146611 -0.0379875 -0.00453568 0.99999 0.000434988 -0.0644925 -0.014659 -0.000501393 0.999892 4.96607 
0.999869 0.00492134 0.0154093 -0.0407316 -0.00492667 0.999988 0.000310638 -0.0726269 -0.0154076 -0.000386472 0.999881 5.48419 
0.99985 0.00621476 0.0161695 -0.0436758 -0.00620862 0.999981 -0.000427192 -0.0803717 -0.0161719 0.000326779 0.999869 6.00699 
0.999829 0.00722756 0.0170006 -0.0450556 -0.00721003 0.999973 -0.00108975 -0.0894833 -0.0170081 0.000967033 0.999855 6.53351 
0.999794 0.00888816 0.0182303 -0.0489818 -0.00886798 0.99996 -0.00118533 -0.102273 -0.0182401 0.00102346 0.999833 7.07061 
0.999776 0.00927391 0.0190154 -0.049156 -0.00924184 0.999956 -0.0017715 -0.111409 -0.019031 0.00159541 0.999818 7.60778 
0.999746 0.0100866 0.0201803 -0.0461934 -0.0100448 0.999947 -0.0021687 -0.119826 -0.0202011 0.00196549 0.999794 8.15549 
0.999669 0.011773 0.0228878 -0.0435412 -0.0117274 0.999929 -0.00212092 -0.129495 -0.0229112 0.00185185 0.999736 8.71184 
0.999577 0.0120623 0.026455 -0.0322756 -0.012004 0.999925 -0.00235808 -0.140178 -0.0264815 0.00203956 0.999647 9.26746 
0.999464 0.0122349 0.0303613 -0.0223844 -0.0121519 0.999922 -0.00291439 -0.147187 -0.0303946 0.00254392 0.999535 9.83871 
0.999314 0.0123155 0.0349343 0.0132354 -0.0122022 0.99992 -0.00345314 -0.15933 -0.0349741 0.00302453 0.999384 10.4157 
0.999087 0.0127822 0.0407704 0.0307471 -0.0126541 0.999914 -0.00339521 -0.172728 -0.0408103 0.00287623 0.999163 11.0041 
0.998822 0.0121903 0.0469776 0.0472615 -0.0120683 0.999923 -0.00287894 -0.184848 -0.0470091 0.00230865 0.998892 11.5925 
0.998522 0.0122644 0.0529401 0.0737848 -0.0121044 0.999921 -0.0033407 -0.201244 -0.0529769 0.002695 0.998592 12.1986 
0.998189 0.00995176 0.0593346 0.0971191 -0.00971562 0.999944 -0.00426634 -0.211258 -0.0593737 0.00368218 0.998229 12.8171 
0.997822 0.00884505 0.0653734 0.133544 -0.00855624 0.999952 -0.00469577 -0.221339 -0.0654119 0.00412623 0.99785 13.4416 
0.997354 0.0116435 0.0717586 0.171949 -0.011177 0.999914 -0.0068985 -0.229803 -0.0718327 0.00607824 0.997398 14.0757 
0.996837 0.0153053 0.0779803 0.206 -0.0146107 0.999848 -0.00946941 -0.254199 -0.0781135 0.00830016 0.99691 14.7242 
0.996407 0.0125343 0.0837624 0.259807 -0.011757 0.999883 -0.00976633 -0.26373 -0.0838751 0.00874649 0.996438 15.3927 
0.996096 0.00499189 0.088136 0.328488 -0.00437902 0.999965 -0.00714513 -0.268551 -0.0881686 0.00673132 0.996083 16.0778 
0.995676 -0.000464552 0.0928918 0.395343 0.000819292 0.999993 -0.00378028 -0.276169 -0.0928894 0.00384008 0.995669 16.7733 
0.995257 -0.000274974 0.0972815 0.447138 0.000291589 1 -0.000156119 -0.290393 -0.0972815 0.000183784 0.995257 17.4878 
0.995052 -0.00187987 0.0993382 0.510742 0.00191373 0.999998 -0.000245156 -0.295122 -0.0993376 0.00043409 0.995054 18.2245 
0.995019 -0.00541821 0.0995347 0.579921 0.00563633 0.999982 -0.00190995 -0.306548 -0.0995226 0.00246149 0.995032 18.9662 
0.995133 -0.0107372 0.0979507 0.641651 0.0111861 0.999929 -0.00403468 -0.304998 -0.0979005 0.00511078 0.995183 19.7124 
0.995566 -0.0129357 0.0931763 0.698822 0.0134073 0.9999 -0.00443617 -0.315647 -0.0931097 0.00566578 0.99564 20.4739 
0.996225 -0.0124145 0.0859139 0.745782 0.0128647 0.999906 -0.00468807 -0.326455 -0.0858477 0.00577567 0.996292 21.2612 
0.996966 -0.0122651 0.0768653 0.78751 0.0125314 0.999917 -0.00298271 -0.334868 -0.0768223 0.00393693 0.997037 22.0681 
0.997671 -0.0124045 0.0670744 0.824123 0.0124965 0.999922 -0.00095056 -0.346963 -0.0670574 0.00178658 0.997748 22.8813 
0.998251 -0.0115898 0.0579772 0.848691 0.0114895 0.999932 0.00206438 -0.356434 -0.0579972 -0.0013946 0.998316 23.7121 
0.998681 -0.0110729 0.0501449 0.871366 0.0108763 0.999932 0.00419219 -0.367248 -0.0501879 -0.00364123 0.998733 24.5427 
0.999014 -0.00938369 0.043384 0.885767 0.00918137 0.999946 0.00486143 -0.373133 -0.0434273 -0.00445827 0.999047 25.3845 
0.999252 -0.00828666 0.0377719 0.900513 0.00809281 0.999953 0.0052833 -0.381412 -0.037814 -0.00497362 0.999272 26.2211 
0.999445 -0.00704335 0.0325497 0.905987 0.00687239 0.999962 0.00536226 -0.391961 -0.0325863 -0.00513555 0.999456 27.0602 
0.999596 -0.0066944 0.027624 0.907929 0.00655251 0.999965 0.0052251 -0.40399 -0.027658 -0.00504194 0.999605 27.8991 
0.999717 -0.00681294 0.0228007 0.909906 0.00670947 0.999967 0.00461322 -0.413532 -0.0228314 -0.00445889 0.999729 28.737 
0.999811 -0.00595149 0.0185272 0.904414 0.00585157 0.999968 0.00544473 -0.428152 -0.0185591 -0.00533524 0.999814 29.5732 
0.999882 -0.0042327 0.0147952 0.900995 0.00414157 0.999972 0.00618812 -0.437624 -0.014821 -0.00612607 0.999871 30.4024 
0.999922 -0.00184688 0.0123158 0.887662 0.00175757 0.999972 0.00726165 -0.451022 -0.0123289 -0.0072394 0.999898 31.219 
0.999942 0.000488707 0.0107355 0.878994 -0.000562787 0.999976 0.00690247 -0.452447 -0.0107319 -0.00690807 0.999919 32.0548 
0.99995 0.00144915 0.00988857 0.868898 -0.00151404 0.999977 0.00656211 -0.463602 -0.00987888 -0.00657671 0.99993 32.8803 
0.999955 0.00314424 0.00900422 0.860349 -0.00319032 0.999982 0.00511331 -0.474176 -0.00898802 -0.00514176 0.999946 33.6887 
0.999949 0.00565583 0.00838175 0.84823 -0.00569687 0.999972 0.00488516 -0.485345 -0.00835392 -0.00493262 0.999953 34.4905 
0.999942 0.00753321 0.00768941 0.833915 -0.00757648 0.999956 0.00561912 -0.499478 -0.00764678 -0.00567701 0.999955 35.2834 
0.999933 0.0091359 0.00715181 0.821672 -0.00918158 0.999937 0.00638624 -0.515009 -0.00709307 -0.00645143 0.999954 36.0628 
0.999927 0.0101576 0.00653547 0.812523 -0.010199 0.999928 0.00634909 -0.527474 -0.00647055 -0.00641524 0.999959 36.8284 
0.999907 0.012316 0.00586381 0.799207 -0.0123529 0.999904 0.00631085 -0.53702 -0.00578556 -0.00638266 0.999963 37.5827 
0.999881 0.0142736 0.00586306 0.790429 -0.0143113 0.999877 0.00645201 -0.546128 -0.00577029 -0.00653511 0.999962 38.3394 
0.999834 0.017148 0.00610413 0.777499 -0.0171879 0.999831 0.00654653 -0.557351 -0.00599088 -0.00665032 0.99996 39.0602 
0.99976 0.0205536 0.00763161 0.764895 -0.0206029 0.999767 0.00644849 -0.569042 -0.00749733 -0.00660413 0.99995 39.7705 
0.999698 0.0223268 0.0102695 0.760845 -0.0223818 0.999736 0.00527237 -0.580413 -0.0101491 -0.00550058 0.999933 40.4734 
0.999612 0.024037 0.0140817 0.757049 -0.0241003 0.9997 0.00434414 -0.59203 -0.0139731 -0.00468179 0.999891 41.1629 
0.999541 0.0235155 0.0190989 0.758143 -0.0236078 0.999711 0.0046246 -0.604529 -0.0189847 -0.00507332 0.999807 41.8363 
0.999395 0.024585 0.0246006 0.761549 -0.0247111 0.999683 0.00483572 -0.613565 -0.024474 -0.00544066 0.999686 42.4964 
0.99922 0.0248161 0.030707 0.770604 -0.0249839 0.999675 0.00509396 -0.617857 -0.0305706 -0.00585712 0.999515 43.1487 
0.998979 0.0244021 0.0380307 0.788826 -0.0246374 0.99968 0.00573126 -0.630624 -0.0378788 -0.00666235 0.99926 43.7824 
0.998608 0.0244894 0.0467125 0.808816 -0.0247746 0.999678 0.00553783 -0.640343 -0.0465619 -0.00668736 0.998893 44.4035 
0.99804 0.0252602 0.0572473 0.832137 -0.0256093 0.999658 0.00537351 -0.650759 -0.057092 -0.00682901 0.998346 45.0082 
0.997299 0.024475 0.0692567 0.868894 -0.0248884 0.999677 0.00511234 -0.659465 -0.0691093 -0.00682218 0.997586 45.6079 
0.996371 0.0233592 0.0818521 0.914684 -0.0238484 0.999703 0.00500361 -0.665659 -0.0817109 -0.00693745 0.996632 46.1954 
0.995235 0.0226917 0.0948289 0.967829 -0.0232088 0.999721 0.00435383 -0.673745 -0.0947037 -0.0065339 0.995484 46.7731 
0.993716 0.0225069 0.109644 1.02807 -0.0231401 0.999722 0.00450652 -0.685632 -0.109512 -0.00701533 0.993961 47.335 
0.991755 0.022249 0.126202 1.09535 -0.0230398 0.999723 0.00481039 -0.694558 -0.12606 -0.00767836 0.991993 47.8849 
0.989319 0.0247394 0.14365 1.16996 -0.0256029 0.999664 0.00416541 -0.704056 -0.143499 -0.00779874 0.98962 48.423 
0.986121 0.0231628 0.164406 1.26044 -0.0240571 0.999705 0.00345085 -0.713904 -0.164278 -0.00735806 0.986387 48.9542 
0.981936 0.0263209 0.187376 1.36142 -0.0272479 0.999626 0.002373 -0.72484 -0.187244 -0.00743571 0.982285 49.4654 
0.976889 0.0252485 0.212252 1.48459 -0.0258428 0.999666 2.59824e-05 -0.736439 -0.21218 -0.00551054 0.977215 49.9618 
0.97078 0.0243421 0.238733 1.61323 -0.0243507 0.999699 -0.00291346 -0.744778 -0.238732 -0.00298496 0.971081 50.4451 
0.963449 0.0233061 0.266877 1.75093 -0.0226642 0.999728 -0.00548546 -0.755261 -0.266932 -0.000763552 0.963715 50.9087 
0.954803 0.020867 0.296505 1.90634 -0.0199137 0.999782 -0.00623533 -0.773338 -0.29657 4.90563e-05 0.955011 51.3586 
0.944668 0.0226904 0.327241 2.06376 -0.0210473 0.999742 -0.0085619 -0.785645 -0.327351 0.00120065 0.944902 51.7863 
0.933106 0.0233717 0.358842 2.23059 -0.0218318 0.999727 -0.008343 -0.798002 -0.358939 -4.92392e-05 0.933361 52.1998 
0.920045 0.0223368 0.391175 2.41239 -0.0214594 0.999748 -0.00661454 -0.818934 -0.391224 -0.00230869 0.920293 52.6035 
0.904908 0.021393 0.42507 2.60176 -0.0208645 0.999765 -0.00589902 -0.833926 -0.425097 -0.00353077 0.905141 52.9842 
0.887734 0.0205909 0.459896 2.80118 -0.020174 0.99978 -0.00582124 -0.851799 -0.459915 -0.00411023 0.887954 53.3434 
0.868526 0.0204297 0.495223 3.01344 -0.0195827 0.999784 -0.00690016 -0.864838 -0.495257 -0.00370482 0.868739 53.6809 
0.847208 0.0194926 0.530904 3.23142 -0.0176456 0.999808 -0.00855023 -0.877409 -0.530968 -0.00212426 0.847389 54.0012 
0.823996 0.0182397 0.566302 3.4653 -0.0153229 0.999834 -0.00990737 -0.891246 -0.566388 -0.000513732 0.824138 54.3032 
0.798616 0.0153163 0.601646 3.71548 -0.011442 0.999882 -0.0102663 -0.902473 -0.601733 0.00131478 0.798697 54.5968 
0.770704 0.0114036 0.637092 3.97476 -0.00831055 0.999935 -0.00784483 -0.915865 -0.637139 0.000751485 0.770748 54.8753 
0.741044 0.00695126 0.671421 4.24595 -0.0058055 0.999975 -0.00394523 -0.924512 -0.671432 -0.000974318 0.741066 55.1402 
0.708864 0.00337882 0.705337 4.52619 -0.00435623 0.99999 -0.000412228 -0.931146 -0.705332 -0.00278038 0.708872 55.3933 
0.673716 0.00104671 0.73899 4.81314 -0.00508022 0.999982 0.00321517 -0.935466 -0.738973 -0.00592032 0.673709 55.6291 
0.635939 -0.00262041 0.771735 5.10792 -0.00390404 0.999971 0.00661251 -0.945835 -0.77173 -0.00721802 0.63591 55.8479 
0.596945 -0.00622989 0.802258 5.40806 -0.00118663 0.999962 0.00864815 -0.952326 -0.802282 -0.00611444 0.596914 56.033 
0.55478 -0.00840379 0.831955 5.72609 0.00153092 0.999958 0.00908002 -0.960686 -0.831996 -0.00376374 0.55477 56.2104 
0.509904 -0.00731442 0.8602 6.05591 0.00270231 0.999973 0.00690112 -0.964847 -0.860227 -0.00119436 0.50991 56.3794 
0.463048 -0.004711 0.886321 6.40268 0.00200477 0.999989 0.00426786 -0.963166 -0.886331 -0.000199341 0.463052 56.5383 
0.413547 -0.00190983 0.910481 6.77112 -0.00266758 0.999991 0.00330927 -0.971068 -0.910479 -0.00379731 0.413538 56.6945 
0.363343 0.000419481 0.931656 7.1444 -0.00748533 0.999969 0.00246907 -0.974621 -0.931626 -0.00787086 0.363334 56.8241 
0.313373 0.000835578 0.94963 7.54765 -0.00979078 0.999949 0.0023511 -0.979819 -0.94958 -0.0100344 0.313365 56.9363 
0.265148 0.000906308 0.964207 7.95729 -0.00796015 0.999968 0.00124909 -0.980001 -0.964175 -0.00800642 0.265146 57.0214 
0.21979 -6.51969e-05 0.975547 8.38157 -0.00671052 0.999976 0.00157875 -0.988527 -0.975524 -0.00689342 0.219784 57.0973 
0.177703 -0.00225495 0.984082 8.84637 -0.00696593 0.999969 0.00354929 -0.992978 -0.98406 -0.00748576 0.177682 57.1705 
0.13916 -0.00466371 0.990259 9.3242 -0.00677949 0.999961 0.00566216 -0.996354 -0.990247 -0.0075014 0.139123 57.2195 
0.102921 -0.00634937 0.994669 9.82157 -0.0077558 0.999944 0.0071856 -0.998688 -0.994659 -0.00845401 0.102866 57.2554 
0.0703331 -0.00767165 0.997494 10.3401 -0.00682044 0.999943 0.00817144 -1.00184 -0.9975 -0.00737807 0.0702768 57.2776 
0.0410432 -0.00824831 0.999123 10.8744 -0.00668481 0.999941 0.00852971 -1.00474 -0.999135 -0.00702904 0.0409856 57.2873 
0.014402 -0.00600855 0.999878 11.4345 -0.00921913 0.999939 0.00614175 -1.00232 -0.999854 -0.00930646 0.0143457 57.2949 
-0.00825591 -0.00369945 0.999959 12.0143 -0.0133511 0.999904 0.00358906 -1.00151 -0.999877 -0.0133209 -0.00830451 57.2917 
-0.0277921 -0.00291576 0.99961 12.6119 -0.0133807 0.999907 0.00254465 -1.00241 -0.999524 -0.0133048 -0.0278285 57.2745 
-0.0450909 -0.00230788 0.99898 13.2244 -0.00984041 0.99995 0.001866 -1.00554 -0.998934 -0.00974623 -0.0451113 57.2431 
-0.0609498 -0.00241638 0.998138 13.862 -0.00726129 0.999972 0.00197746 -1.00739 -0.998114 -0.00712724 -0.0609656 57.2056 
-0.076279 -0.00338374 0.997081 14.5236 -0.0080483 0.999964 0.00277785 -1.00905 -0.997054 -0.00781292 -0.0763034 57.1601 
-0.0907892 -0.00230536 0.995868 15.1981 -0.00715138 0.999973 0.00166295 -1.01393 -0.995844 -0.00697085 -0.0908033 57.1017 
-0.102823 -0.000429616 0.9947 15.8902 -0.00550019 0.999985 -0.000136624 -1.01754 -0.994684 -0.00548509 -0.102824 57.0301 
-0.112313 0.00233577 0.99367 16.6019 0.00207768 0.999996 -0.00211576 -1.02044 -0.993671 0.00182689 -0.112317 56.9463 
-0.118068 0.0050061 0.992993 17.3224 0.0100661 0.999942 -0.00384422 -1.02865 -0.992955 0.00954165 -0.118111 56.8566 
-0.120397 0.00514565 0.992713 18.0707 0.0146211 0.999887 -0.00340953 -1.03764 -0.992618 0.0141041 -0.120459 56.7694 
-0.120308 0.00344244 0.992731 18.8302 0.0153392 0.999881 -0.00160826 -1.04813 -0.992618 0.0150342 -0.120346 56.6925 
-0.117387 0.00260198 0.993083 19.5973 0.0188761 0.999822 -0.000388362 -1.05473 -0.992907 0.0186999 -0.117415 56.6077 
-0.113077 0.00152519 0.993585 20.3869 0.0205226 0.999789 0.000800959 -1.06624 -0.993374 0.0204816 -0.113085 56.5332 
-0.108519 0.00260843 0.994091 21.1835 0.0194872 0.99981 -0.000496088 -1.07237 -0.993903 0.0193182 -0.10855 56.4629 
-0.104389 0.00347578 0.99453 21.9806 0.0188403 0.999821 -0.00151668 -1.08347 -0.994358 0.018579 -0.104436 56.3981 
-0.0997898 0.0028038 0.995005 22.7837 0.0235613 0.999722 -0.000454074 -1.09472 -0.99473 0.0233983 -0.0998282 56.3274 
-0.0958593 0.000783031 0.995395 23.595 0.0292957 0.999569 0.00203499 -1.10643 -0.994964 0.0293559 -0.0958409 56.2515 
-0.0915002 -0.00260924 0.995802 24.404 0.031662 0.999483 0.00552822 -1.11636 -0.995302 0.0320349 -0.0913704 56.1785 
-0.0864715 -0.00611058 0.996236 25.2137 0.0346439 0.999358 0.0091368 -1.12404 -0.995652 0.0353036 -0.0862043 56.1128 
-0.0812519 -0.00924699 0.996651 26.0213 0.0354702 0.999297 0.0121633 -1.13703 -0.996062 0.0363397 -0.0808668 56.0615 
-0.0768516 -0.0107642 0.996984 26.827 0.0332408 0.999358 0.0133522 -1.14346 -0.996488 0.0341667 -0.0764444 56.014 
-0.0730588 -0.0122514 0.997252 27.6365 0.0265271 0.999547 0.014223 -1.14587 -0.996975 0.0274933 -0.0727007 55.9827 
-0.0687759 -0.0156879 0.997509 28.4477 0.0206608 0.99964 0.017146 -1.14654 -0.997418 0.0217886 -0.068427 55.9534 
-0.06453 -0.0171083 0.997769 29.2603 0.0178638 0.999673 0.0182964 -1.14893 -0.997756 0.0190046 -0.0642033 55.9245 
-0.0603275 -0.0132501 0.998091 30.0678 0.018526 0.999725 0.0143916 -1.15465 -0.998007 0.0193588 -0.0600654 55.8907 
-0.0570859 -0.00550102 0.998354 30.8769 0.0194372 0.999789 0.0066204 -1.15859 -0.99818 0.0197832 -0.056967 55.8602 
-0.0543056 0.000547441 0.998524 31.6928 0.0177977 0.999842 0.000419821 -1.16025 -0.998366 0.0177942 -0.0543067 55.8312 
-0.0523586 0.000171972 0.998628 32.5192 0.0172098 0.999852 0.000730176 -1.16459 -0.99848 0.0172244 -0.0523538 55.8037 
-0.0507788 -0.00381743 0.998703 33.3454 0.0198815 0.999791 0.0048325 -1.17896 -0.998512 0.0201011 -0.0506923 55.7685 
-0.0497001 -0.00414961 0.998756 34.1714 0.0210282 0.999765 0.00520025 -1.19228 -0.998543 0.0212604 -0.0496012 55.7369 
-0.0496711 -0.00165046 0.998764 34.9944 0.0185952 0.999824 0.00257703 -1.20323 -0.998593 0.0187002 -0.0496317 55.7127 
-0.0499415 -0.000410353 0.998752 35.8308 0.0115991 0.999932 0.000990878 -1.21348 -0.998685 0.0116341 -0.0499334 55.698 
-0.0509051 -0.00111317 0.998703 36.6759 0.00991561 0.99995 0.00162001 -1.21875 -0.998654 0.00998522 -0.0508915 55.6723 
-0.0520822 -0.00229004 0.99864 37.5247 0.0101636 0.999944 0.00282313 -1.23322 -0.998591 0.0102968 -0.0520561 55.6426 
-0.0539166 0.00171777 0.998544 38.3738 0.00959962 0.999953 -0.00120182 -1.24527 -0.998499 0.00952085 -0.0539305 55.6162 
-0.0556302 0.00581384 0.998435 39.2437 0.00963143 0.99994 -0.00528593 -1.25404 -0.998405 0.00932229 -0.0556828 55.5929 
-0.0564198 0.00872399 0.998369 40.1163 0.0106095 0.999911 -0.00813785 -1.26788 -0.998351 0.0101331 -0.0565073 55.5575 
-0.0574836 0.00976562 0.998299 40.9995 0.0124425 0.999882 -0.0090646 -1.28718 -0.998269 0.0119002 -0.0575983 55.5172 
-0.0583745 0.0111682 0.998232 41.8935 0.0123956 0.999868 -0.0104616 -1.30551 -0.998218 0.011763 -0.0585052 55.4794 
-0.0595337 0.0109964 0.998166 42.7946 0.0118654 0.999877 -0.0103075 -1.32072 -0.998156 0.01123 -0.0596568 55.4435 
-0.0607277 0.00629793 0.998135 43.7171 0.00972293 0.999936 -0.0057177 -1.34135 -0.998107 0.00935757 -0.0607851 55.4061 
-0.0621801 0.00448686 0.998055 44.6461 0.00989569 0.999944 -0.00387879 -1.36612 -0.998016 0.00963526 -0.062221 55.3656 
-0.0633844 0.00779579 0.997959 45.5733 0.010534 0.999919 -0.00714201 -1.38334 -0.997934 0.0100598 -0.0634614 55.32 
-0.0640656 0.0116728 0.997877 46.5062 0.0115092 0.999874 -0.0109572 -1.39771 -0.997879 0.0107828 -0.0641918 55.2752 
-0.0637697 0.0128752 0.997882 47.4485 0.0146751 0.999821 -0.0119623 -1.41761 -0.997857 0.0138812 -0.0639472 55.2257 
-0.0634007 0.0093585 0.997944 48.4155 0.0191823 0.999783 -0.00815702 -1.43864 -0.997804 0.0186257 -0.0635665 55.169 
-0.0636153 0.0039456 0.997967 49.3914 0.0212454 0.999771 -0.00259841 -1.45067 -0.997748 0.0210369 -0.0636845 55.1155 
-0.0625594 0.00106553 0.998041 50.3771 0.0224918 0.999747 0.000342524 -1.46855 -0.997788 0.0224692 -0.0625675 55.0641 
-0.0609901 0.00283473 0.998134 51.3697 0.0218528 0.99976 -0.00150401 -1.47913 -0.997899 0.0217203 -0.0610374 55.0247 
-0.0601506 0.00573516 0.998173 52.3672 0.0218551 0.999751 -0.00442719 -1.49195 -0.99795 0.0215489 -0.060261 54.9847 
-0.0598154 0.00769185 0.99818 53.3668 0.0163395 0.999844 -0.0067255 -1.51374 -0.998076 0.0159075 -0.0599318 54.9506 
-0.060575 0.00748605 0.998136 54.379 0.0132335 0.99989 -0.00669605 -1.52976 -0.998076 0.0128032 -0.0606674 54.9191 
-0.0613813 0.00280608 0.99811 55.3971 0.0127704 0.999916 -0.00202577 -1.54672 -0.998033 0.0126219 -0.061412 54.88 
-0.0620328 -0.00290738 0.99807 56.4375 0.0106012 0.999937 0.00357176 -1.56078 -0.998018 0.0108023 -0.0619981 54.8348 
-0.0625126 -0.00249098 0.998041 57.4725 0.0124025 0.999918 0.00327254 -1.57367 -0.997967 0.0125828 -0.0624766 54.7811 
-0.0627814 0.000545126 0.998027 58.4978 0.0146272 0.999893 0.00037403 -1.59218 -0.99792 0.0146219 -0.0627827 54.7262 
-0.063395 0.00369853 0.997982 59.5365 0.0172075 0.999849 -0.00261234 -1.60127 -0.99784 0.0170071 -0.0634491 54.6627 
-0.0656157 0.000546853 0.997845 60.5918 0.0174883 0.999847 0.000602075 -1.61911 -0.997692 0.0174901 -0.0656152 54.6104 
-0.0684071 -0.00456272 0.997647 61.6584 0.0189139 0.999804 0.00586952 -1.6325 -0.997478 0.0192709 -0.0683074 54.5564 
-0.0714132 -0.00756393 0.997418 62.7398 0.0204528 0.99975 0.00904603 -1.64565 -0.997237 0.021046 -0.0712406 54.4961 
-0.0752511 -0.00646849 0.997144 63.8179 0.0247389 0.999659 0.00835181 -1.64891 -0.996858 0.0252967 -0.0750654 54.4312 
-0.0786458 -0.00732608 0.996876 64.8963 0.0279285 0.999564 0.00954922 -1.65516 -0.996511 0.0285922 -0.0784069 54.3579 
-0.0823299 -0.00945949 0.99656 65.9635 0.0318152 0.99942 0.0121151 -1.66594 -0.996097 0.0327032 -0.0819813 54.2867 
-0.08506 -0.00902012 0.996335 67.0286 0.0352027 0.999308 0.0120524 -1.67227 -0.995754 0.0360989 -0.0846835 54.2073 
-0.0873811 -0.00559446 0.996159 68.093 0.0392239 0.999189 0.00905215 -1.6842 -0.995402 0.0398642 -0.0870908 54.1292 
-0.0890961 -0.000892722 0.996023 69.1588 0.0417576 0.999117 0.00463083 -1.69466 -0.995147 0.0420041 -0.0889802 54.0509 
-0.0901129 0.00176447 0.99593 70.2314 0.0453154 0.99897 0.00233037 -1.71008 -0.9949 0.0453409 -0.0901 53.964 
-0.0893841 0.00121575 0.995997 71.3042 0.0438982 0.999032 0.00272015 -1.72108 -0.995029 0.0439656 -0.0893509 53.8854 
-0.0864247 -0.00116036 0.996258 72.3773 0.0452544 0.998963 0.00508934 -1.735 -0.99523 0.0455249 -0.0862825 53.8071 
-0.0820663 -0.00471393 0.996616 73.4474 0.0484178 0.998789 0.00871121 -1.74883 -0.99545 0.0489689 -0.0817386 53.7373 
-0.0766752 -0.00765917 0.997027 74.5255 0.0486646 0.99875 0.0114149 -1.75806 -0.995868 0.0493951 -0.0762066 53.6739 
-0.0716706 -0.0108824 0.997369 75.5964 0.050394 0.998624 0.0145174 -1.76432 -0.996155 0.0513018 -0.0710235 53.6166 
-0.0669244 -0.0121308 0.997684 76.6622 0.0511944 0.998567 0.0155757 -1.7731 -0.996444 0.0521182 -0.0662075 53.561 
-0.0630658 -0.00828985 0.997975 77.73 0.051593 0.998601 0.0115554 -1.78497 -0.996675 0.0522173 -0.0625499 53.5137 
-0.0608037 -0.00340591 0.998144 78.7942 0.0504932 0.998703 0.00648373 -1.78894 -0.996872 0.0507937 -0.0605529 53.4655 
-0.059508 -0.00334512 0.998222 79.8752 0.0510879 0.998674 0.00639222 -1.79337 -0.99692 0.0513775 -0.0592582 53.4224 
-0.0579359 -0.00532743 0.998306 80.9482 0.051527 0.998637 0.00831956 -1.80829 -0.99699 0.0519218 -0.0575824 53.3731 
-0.0561115 -0.00230727 0.998422 82.0074 0.0513886 0.998665 0.00519592 -1.81827 -0.997101 0.051599 -0.0559181 53.3313 
-0.0541131 0.00357827 0.998528 83.0851 0.0517021 0.998662 -0.000776826 -1.83081 -0.997195 0.051584 -0.0542257 53.2938 
-0.052024 0.00672118 0.998623 84.1661 0.0506402 0.998709 -0.00408357 -1.84993 -0.997361 0.0503581 -0.0522972 53.2622 
-0.0496285 0.00605073 0.998749 85.2507 0.050841 0.998701 -0.00352407 -1.87096 -0.997473 0.0506026 -0.0498717 53.2295 
-0.0460647 0.0028418 0.998934 86.3351 0.0487852 0.998809 -0.000591736 -1.89253 -0.997747 0.0487059 -0.0461484 53.2022 
-0.0419975 -0.00148834 0.999117 87.4255 0.0484482 0.99882 0.00352444 -1.91185 -0.997942 0.0485534 -0.0418758 53.1819 
-0.0374725 -0.0039536 0.99929 88.5156 0.0469521 0.998881 0.00571268 -1.92724 -0.998194 0.0471328 -0.037245 53.1665 
-0.0337531 -6.65922e-05 0.99943 89.5966 0.0427039 0.999087 0.00150882 -1.94897 -0.998517 0.0427305 -0.0337195 53.1483 
-0.0320656 0.00949355 0.999441 90.6753 0.0392749 0.999195 -0.00823109 -1.96654 -0.998714 0.038989 -0.0324126 53.1419 
-0.0312317 0.0171882 0.999364 91.7458 0.0334957 0.999309 -0.0161405 -2.00031 -0.998951 0.0329703 -0.0317858 53.1347 
-0.0307301 0.0170082 0.999383 92.8493 0.0327068 0.999337 -0.0160016 -2.02573 -0.998992 0.0321949 -0.031266 53.1237 
-0.030049 0.0107155 0.999491 93.9528 0.0324911 0.999425 -0.00973792 -2.06023 -0.99902 0.032182 -0.0303798 53.1106 
-0.0311512 0.00472562 0.999504 95.0553 0.0339428 0.999417 -0.00366729 -2.0823 -0.998938 0.0338118 -0.0312934 53.0879 
-0.0329259 -0.00103195 0.999457 96.1537 0.032526 0.999469 0.00210353 -2.09573 -0.998928 0.0325776 -0.0328748 53.0627 
-0.034675 -0.00580288 0.999382 97.2609 0.0321846 0.999458 0.00692006 -2.11121 -0.99888 0.0324047 -0.0344694 53.0394 
-0.0370635 -0.0053468 0.999299 98.3433 0.0326895 0.999444 0.00656006 -2.12733 -0.998778 0.0329097 -0.0368681 53.0228 
-0.0388688 -0.00497871 0.999232 99.4192 0.0326255 0.999448 0.00624892 -2.13955 -0.998712 0.0328434 -0.0386849 52.997 
-0.0407313 -0.00627349 0.99915 100.505 0.0339326 0.999395 0.00765836 -2.15293 -0.998594 0.0342157 -0.0404938 52.9723 
-0.041704 -0.00445373 0.99912 101.588 0.0347204 0.99938 0.00590418 -2.16857 -0.998527 0.034936 -0.0415234 52.9448 
-0.0420841 0.00376229 0.999107 102.661 0.035866 0.999354 -0.00225244 -2.18717 -0.99847 0.0357392 -0.0421919 52.9124 
-0.0424617 0.0117016 0.99903 103.721 0.0329105 0.999405 -0.0103072 -2.20758 -0.998556 0.0324409 -0.0428215 52.8865 
-0.0436154 0.0119746 0.998977 104.793 0.0305429 0.999477 -0.0106471 -2.23484 -0.998581 0.0300472 -0.0439583 52.859 
-0.0460865 0.00605566 0.998919 105.873 0.0259818 0.999651 -0.00486135 -2.26246 -0.9986 0.0257297 -0.0462277 52.8386 
-0.0490616 -0.00154518 0.998795 106.934 0.019862 0.9998 0.00252241 -2.28224 -0.998598 0.0199618 -0.0490211 52.815 
-0.0511353 -0.00985602 0.998643 107.997 0.0178889 0.999782 0.0107833 -2.29816 -0.998532 0.018416 -0.0509478 52.7864 
-0.0527453 -0.0164849 0.998472 109.056 0.0212202 0.99962 0.0176249 -2.3089 -0.998383 0.0221174 -0.0523755 52.7452 
-0.0548382 -0.0165191 0.998359 110.093 0.0198726 0.999647 0.0176321 -2.31237 -0.998298 0.0208068 -0.0544906 52.7118 
-0.0560986 -0.00917487 0.998383 111.123 0.0235122 0.999668 0.0105079 -2.32642 -0.998148 0.0240637 -0.0558642 52.6741 
-0.0564776 0.00540619 0.998389 112.146 0.0319584 0.999483 -0.00360423 -2.34189 -0.997892 0.0317033 -0.0566211 52.6191 
-0.0577096 0.01673 0.998193 113.175 0.0374077 0.999194 -0.0145841 -2.35929 -0.997632 0.0364985 -0.0582889 52.5744 
-0.0578417 0.0136999 0.998232 114.205 0.0372755 0.999238 -0.0115538 -2.38013 -0.99763 0.0365413 -0.0583083 52.527 
-0.0577354 0.00327718 0.998327 115.247 0.0394648 0.999221 -0.00099774 -2.40188 -0.997552 0.0393411 -0.0578197 52.4816 
-0.0574415 -0.00670959 0.998326 116.28 0.0398817 0.999164 0.00900997 -2.4185 -0.997552 0.0403325 -0.0571259 52.4408 
-0.0573574 -0.0119226 0.998283 117.3 0.0376181 0.999193 0.0140949 -2.42833 -0.997645 0.038362 -0.0568625 52.403 
-0.0574917 -0.0173852 0.998195 118.315 0.0348963 0.999202 0.0194127 -2.43201 -0.997736 0.0359494 -0.0568392 52.3674 
-0.0571547 -0.020803 0.998149 119.324 0.0321525 0.999226 0.0226666 -2.43566 -0.997848 0.0333884 -0.0564416 52.3283 
-0.0576655 -0.0189072 0.998157 120.321 0.0302312 0.999329 0.020676 -2.44173 -0.997878 0.0313677 -0.0570552 52.3017 
-0.0568728 -0.012005 0.998309 121.312 0.0280372 0.999514 0.0136168 -2.44298 -0.997988 0.0287642 -0.0565086 52.2622 
-0.0568166 -0.00578554 0.998368 122.299 0.0275861 0.999592 0.00736258 -2.44658 -0.998003 0.0279594 -0.0566339 52.2259 
-0.0568474 -0.000803506 0.998383 123.277 0.0276478 0.999615 0.00237879 -2.46325 -0.998 0.0277383 -0.0568033 52.1885 
-0.0565927 0.00375227 0.99839 124.251 0.0295576 0.999561 -0.00208118 -2.47892 -0.99796 0.0293922 -0.0566788 52.1459 
-0.0563968 0.00808314 0.998376 125.215 0.0291885 0.999553 -0.00644382 -2.50431 -0.997982 0.0287777 -0.0566075 52.1102 
-0.056291 0.00755782 0.998386 126.183 0.0306287 0.999514 -0.00583941 -2.52207 -0.997945 0.0302505 -0.0564951 52.0694 
-0.0562177 0.00149829 0.998417 127.148 0.0292198 0.999573 0.000145298 -2.54001 -0.997991 0.0291818 -0.0562375 52.0327 
-0.0568298 -0.00818957 0.99835 128.107 0.027035 0.999587 0.00973869 -2.55484 -0.998018 0.0275439 -0.0565849 51.9985 
-0.0576951 -0.0161955 0.998203 129.047 0.0216453 0.999613 0.0174695 -2.56691 -0.9981 0.0226143 -0.0573222 51.9672 
-0.0602663 -0.0191131 0.997999 129.97 0.0164848 0.999661 0.0201404 -2.57179 -0.998046 0.0176656 -0.0599308 51.9379 
-0.0617089 -0.016777 0.997953 130.873 0.0118493 0.999776 0.0175404 -2.57942 -0.998024 0.0129074 -0.0614963 51.9009 
-0.0629708 -0.00921423 0.997973 131.753 0.00842582 0.999917 0.00976388 -2.58413 -0.99798 0.00902358 -0.0628879 51.8658 
-0.0636891 -0.00169221 0.997968 132.618 0.0101676 0.999946 0.00234449 -2.59217 -0.997918 0.0102963 -0.0636684 51.825 
-0.0624918 0.00405419 0.998037 133.459 0.0139412 0.999898 -0.00318878 -2.6098 -0.997948 0.0137146 -0.0625419 51.7826 
-0.0595893 0.00647424 0.998202 134.282 0.0172076 0.999837 -0.00545757 -2.63129 -0.998075 0.0168515 -0.059691 51.7443 
-0.0549694 0.00573347 0.998472 135.088 0.0217019 0.999754 -0.00454602 -2.65229 -0.998252 0.0214188 -0.0550803 51.71 
-0.0499185 0.000656125 0.998753 135.882 0.0246995 0.999695 0.000577796 -2.67115 -0.998448 0.0246975 -0.0499195 51.6792 
-0.0459738 -0.00343697 0.998937 136.648 0.0261397 0.999648 0.00464248 -2.69097 -0.998601 0.0263254 -0.0458678 51.6584 
-0.0417995 -0.00311913 0.999121 137.392 0.0262579 0.999646 0.00421935 -2.70935 -0.998781 0.0264112 -0.0417028 51.6442 
-0.0372615 0.00115569 0.999305 138.098 0.0279037 0.999611 -0.000115547 -2.731 -0.998916 0.02788 -0.0372792 51.627 
-0.0328762 0.00510959 0.999446 138.777 0.0279324 0.999601 -0.00419152 -2.74679 -0.999069 0.0277791 -0.0330058 51.6181 
-0.0285264 0.00566296 0.999577 139.429 0.0295312 0.999552 -0.00482 -2.76225 -0.999157 0.0293812 -0.0286809 51.6132 
-0.0243263 0.00561741 0.999688 140.051 0.0264436 0.999638 -0.00497361 -2.78009 -0.999354 0.0263144 -0.024466 51.6161 
-0.0203693 0.00442086 0.999783 140.645 0.0220099 0.99975 -0.00397225 -2.80027 -0.99955 0.0219242 -0.0204615 51.6222 
-0.0169381 0.00481889 0.999845 141.209 0.0172209 0.999842 -0.00452709 -2.82098 -0.999708 0.0171415 -0.0170184 51.6331 
-0.014018 0.00805661 0.999869 141.751 0.015348 0.999852 -0.00784125 -2.8343 -0.999784 0.0152361 -0.0141396 51.6356 
-0.0126454 0.0118464 0.99985 142.289 0.0149816 0.99982 -0.0116565 -2.85263 -0.999808 0.0148319 -0.0128206 51.6316 
-0.0130612 0.0131209 0.999829 142.822 0.0118855 0.999845 -0.0129659 -2.86662 -0.999844 0.0117141 -0.0132151 51.6363 
-0.0147787 0.0113661 0.999826 143.354 0.00604953 0.999918 -0.0112777 -2.88104 -0.999873 0.00588181 -0.0148463 51.6443 
-0.016991 0.00695068 0.999832 143.884 0.000237104 0.999976 -0.00694761 -2.89444 -0.999856 0.000119017 -0.0169923 51.6522 
-0.0191834 0.00182478 0.999814 144.416 -0.000759935 0.999998 -0.00183965 -2.90645 -0.999816 -0.000795085 -0.019182 51.6492 
-0.0212374 -0.00118774 0.999774 144.936 0.00281122 0.999995 0.00124776 -2.92103 -0.999771 0.00283709 -0.021234 51.6363 
-0.0234713 0.00107212 0.999724 145.45 0.00512298 0.999986 -0.000952088 -2.93614 -0.999711 0.00509922 -0.0234765 51.6223 
-0.0265322 0.00425883 0.999639 145.956 0.00462167 0.999981 -0.00413758 -2.95053 -0.999637 0.00451022 -0.0265514 51.6163 
-0.0293417 0.00568116 0.999553 146.45 0.00083425 0.999984 -0.00565908 -2.96084 -0.999569 0.00066783 -0.0293459 51.6168 
-0.0315309 0.00747826 0.999475 146.952 0.000112773 0.999972 -0.00747838 -2.9683 -0.999503 -0.000123087 -0.0315308 51.6091 
-0.033559 0.00891269 0.999397 147.448 0.00162641 0.999959 -0.00886305 -2.977 -0.999435 0.00132799 -0.0335721 51.5978 
-0.0366298 0.00615357 0.99931 147.94 0.00204034 0.999979 -0.00608286 -2.99269 -0.999327 0.00181611 -0.0366416 51.5898 
-0.0393711 0.000899185 0.999224 148.44 0.00110325 0.999999 -0.000856371 -3.00671 -0.999224 0.00106868 -0.0393721 51.5809 
-0.0417176 -0.00215999 0.999127 148.936 -3.64713e-05 0.999998 0.00216039 -3.0112 -0.999129 5.3686e-05 -0.0417176 51.5684 
-0.0443876 -0.00323506 0.999009 149.43 -0.00237627 0.999992 0.0031327 -3.01978 -0.999012 -0.00223486 -0.0443949 51.5558 
-0.0467109 -0.00474766 0.998897 149.924 -0.00347939 0.999983 0.00459016 -3.03099 -0.998902 -0.00326114 -0.0467266 51.5471 
-0.0478518 -0.00656108 0.998833 150.414 -0.00410467 0.999971 0.00637195 -3.04315 -0.998846 -0.00379497 -0.0478773 51.5323 
-0.0488138 -0.00654071 0.998787 150.901 -0.00477848 0.999969 0.00631496 -3.04548 -0.998797 -0.00446442 -0.0488435 51.5208 
-0.0480194 -0.0045023 0.998836 151.388 -0.00195392 0.999988 0.0044136 -3.04503 -0.998845 -0.00173971 -0.0480277 51.5063 
-0.0431463 -0.00209864 0.999067 151.857 0.000575181 0.999998 0.00212548 -3.05486 -0.999069 0.00066635 -0.043145 51.4937 
-0.0360203 -0.000187697 0.999351 152.329 0.000691974 1 0.000212802 -3.06174 -0.999351 0.000699189 -0.0360202 51.4921 
-0.0259133 -0.000290066 0.999664 152.793 -0.00122018 0.999999 0.000258575 -3.06972 -0.999663 -0.00121307 -0.0259136 51.4994 
-0.0108849 -0.00121891 0.99994 153.25 0.00040508 0.999999 0.00122343 -3.07335 -0.999941 0.000418373 -0.0108844 51.5169 
0.0114859 -0.000830381 0.999934 153.7 0.00605257 0.999981 0.00076094 -3.07389 -0.999916 0.00604343 0.0114907 51.5363 
0.0414231 -0.000147612 0.999142 154.144 0.0129858 0.999916 -0.000390603 -3.0762 -0.999057 0.0129908 0.0414216 51.5648 
0.077558 -0.000901024 0.996987 154.578 0.0145225 0.999895 -0.000226043 -3.08518 -0.996882 0.0144963 0.0775629 51.6251 
0.118293 -0.00115205 0.992978 155.002 0.0113183 0.999936 -0.000188182 -3.09758 -0.992914 0.0112611 0.118299 51.7107 
0.160035 0.00198177 0.987109 155.417 0.00705726 0.99997 -0.0031517 -3.10455 -0.987086 0.00747068 0.160016 51.8221 
0.201788 0.00682909 0.979406 155.834 0.00656328 0.999944 -0.00832449 -3.10624 -0.979407 0.0081079 0.201731 51.9416 
0.244176 0.0106381 0.969673 156.234 0.00808024 0.999883 -0.0130042 -3.11619 -0.969697 0.0110105 0.244062 52.0729 
0.286455 0.0132029 0.958003 156.626 0.00911992 0.999822 -0.0165062 -3.11965 -0.95805 0.0134652 0.286283 52.2286 
0.328024 0.0150714 0.944549 157.015 0.00607707 0.999818 -0.0180637 -3.12871 -0.94465 0.0116654 0.327873 52.4032 
0.368297 0.0190086 0.929514 157.374 -0.00171002 0.999803 -0.0197684 -3.13599 -0.929707 0.00569117 0.368257 52.5982 
0.408112 0.0242566 0.91261 157.735 -0.0100458 0.999706 -0.022079 -3.14414 -0.912877 -0.000157206 0.408235 52.8102 
0.447372 0.0304496 0.89383 158.087 -0.0147877 0.999536 -0.0266492 -3.15383 -0.894226 -0.00129554 0.447614 53.0343 
0.485601 0.0337234 0.87353 158.434 -0.0153028 0.99943 -0.0300769 -3.16864 -0.874046 0.00123793 0.485841 53.2695 
0.523412 0.0328699 0.851446 158.789 -0.0137333 0.999451 -0.0301413 -3.18237 -0.851969 0.00408317 0.523576 53.5242 
0.55926 0.0317425 0.828385 159.146 -0.0152196 0.999491 -0.028024 -3.19011 -0.828853 0.00306501 0.559458 53.8078 
0.592722 0.032475 0.804752 159.481 -0.0194786 0.999473 -0.0259862 -3.20483 -0.805172 -0.000272859 0.593042 54.1124 
0.624288 0.036677 0.780333 159.804 -0.0263756 0.999317 -0.0258684 -3.21773 -0.780749 -0.00443238 0.624829 54.4345 
0.654141 0.0402596 0.7553 160.119 -0.0317907 0.999163 -0.0257252 -3.23613 -0.755704 -0.00718354 0.654874 54.7665 
0.681976 0.041114 0.730218 160.451 -0.0317162 0.999142 -0.0266345 -3.25483 -0.730687 -0.00499565 0.682695 55.1188 
0.707217 0.0392095 0.705908 160.778 -0.0265409 0.99923 -0.0289118 -3.26261 -0.706498 0.00171148 0.707713 55.4794 
0.729704 0.0402017 0.68258 161.096 -0.0274091 0.999188 -0.0295474 -3.27688 -0.683213 0.00285198 0.730213 55.8658 
0.749452 0.044437 0.660566 161.405 -0.0343105 0.999011 -0.0282771 -3.29198 -0.661169 -0.00147204 0.750236 56.2758 
0.765897 0.0466704 0.641267 161.716 -0.0412355 0.998874 -0.0234467 -3.31154 -0.641639 -0.00848518 0.766959 56.7063 
0.778942 0.0447932 0.625494 162.038 -0.0422493 0.998928 -0.0189216 -3.32547 -0.625671 -0.0116878 0.78 57.1477 
0.789683 0.0395484 0.612239 162.36 -0.0379352 0.999158 -0.015612 -3.33795 -0.612341 -0.0108968 0.790518 57.5931 
0.799075 0.0318371 0.600388 162.701 -0.0315702 0.999441 -0.0109801 -3.35378 -0.600402 -0.0101805 0.799634 58.0519 
0.80633 0.0252584 0.590926 163.037 -0.0267681 0.999622 -0.00620188 -3.36755 -0.590859 -0.0108172 0.806702 58.5306 
0.812914 0.0218417 0.581973 163.373 -0.024834 0.999688 -0.00282987 -3.37821 -0.581853 -0.0121523 0.813203 59.0298 
0.819835 0.0191389 0.57228 163.705 -0.0227291 0.999741 -0.000873356 -3.38538 -0.572148 -0.0122914 0.820058 59.5427 
0.827274 0.0147446 0.561605 164.052 -0.0171967 0.999852 -0.000918757 -3.39409 -0.561535 -0.00889764 0.827405 60.0659 
0.833614 0.0151281 0.55214 164.391 -0.0152042 0.999875 -0.00444025 -3.40151 -0.552138 -0.00469339 0.83374 60.6222 
0.839225 0.0191938 0.543446 164.727 -0.0164955 0.999816 -0.00983869 -3.40722 -0.543534 -0.000707493 0.839387 61.1898 
0.843541 0.0247686 0.536493 165.072 -0.0198521 0.999691 -0.0149393 -3.41738 -0.536698 0.00195142 0.843773 61.7674 
0.845726 0.0290522 0.532827 165.425 -0.022519 0.99957 -0.0187581 -3.4294 -0.533143 0.0038655 0.846017 62.3587 
0.845711 0.0340441 0.532554 165.787 -0.0279526 0.999419 -0.0194994 -3.44737 -0.532909 0.0016046 0.846171 62.9701 
0.844 0.0339908 0.535265 166.165 -0.0303371 0.999418 -0.0156303 -3.46825 -0.535485 -0.00304639 0.84454 63.5945 
0.841545 0.0352532 0.539035 166.552 -0.0325474 0.999364 -0.0145457 -3.48891 -0.539205 -0.00530322 0.842158 64.2302 
0.838635 0.0369994 0.543436 166.947 -0.0351743 0.999287 -0.0137543 -3.50741 -0.543557 -0.00758015 0.839338 64.8747 
0.83564 0.0371305 0.548022 167.355 -0.0364485 0.999262 -0.0121259 -3.52324 -0.548068 -0.00984164 0.836376 65.5259 
0.83238 0.0346025 0.553124 167.776 -0.0335153 0.999365 -0.0120824 -3.53605 -0.553191 -0.00848098 0.833011 66.1834 
0.828975 0.0317204 0.558386 168.21 -0.0318591 0.999447 -0.00947814 -3.55716 -0.558378 -0.00993252 0.829527 66.8463 
0.825059 0.0325073 0.564111 168.654 -0.0332135 0.999408 -0.00901407 -3.57248 -0.56407 -0.0112989 0.82565 67.5305 
0.821643 0.034608 0.568951 169.107 -0.0345476 0.999344 -0.0108964 -3.58934 -0.568955 -0.010703 0.822299 68.2094 
0.818822 0.0355164 0.572947 169.574 -0.0333263 0.999342 -0.0143201 -3.60721 -0.573079 -0.00736858 0.819467 68.8856 
0.816026 0.0373513 0.576808 170.044 -0.0333109 0.99929 -0.0175833 -3.63153 -0.577055 -0.0048655 0.816691 69.5714 
0.813279 0.0374978 0.580664 170.53 -0.0334984 0.999284 -0.0176131 -3.64351 -0.580909 -0.0051269 0.813953 70.2705 
0.81096 0.034262 0.584098 171.025 -0.0344979 0.999347 -0.0107228 -3.66741 -0.584084 -0.0114543 0.811612 70.9875 
0.808499 0.0305447 0.587704 171.521 -0.0342261 0.999402 -0.00485713 -3.68975 -0.587502 -0.0161878 0.809061 71.7012 
0.806752 0.028923 0.590181 172.026 -0.0298228 0.999521 -0.00821699 -3.71638 -0.590137 -0.0109717 0.807229 72.3989 
0.805554 0.0338937 0.591552 172.52 -0.0281371 0.999425 -0.018947 -3.74096 -0.591853 -0.0013817 0.806045 73.0818 
0.804122 0.0365516 0.59334 173.017 -0.0261043 0.999316 -0.0261831 -3.76511 -0.593891 0.00556574 0.804526 73.7777 
0.803289 0.0328973 0.59468 173.521 -0.0219719 0.999431 -0.0256082 -3.80124 -0.595184 0.00750458 0.803555 74.4801 
0.802655 0.0272042 0.595823 174.03 -0.0193821 0.999621 -0.0195305 -3.83581 -0.596129 0.00412797 0.802878 75.186 
0.802004 0.0231691 0.596869 174.534 -0.0164963 0.999725 -0.0166412 -3.86796 -0.59709 0.00350019 0.802166 75.891 
0.802327 0.0184278 0.596601 175.041 -0.0121227 0.99982 -0.0145794 -3.89739 -0.596762 0.00446504 0.802406 76.5872 
0.802684 0.0141304 0.596237 175.548 -0.0068571 0.999872 -0.0144647 -3.92666 -0.596365 0.00752219 0.802678 77.2778 
0.80348 0.0121894 0.595207 176.046 -0.00436704 0.999884 -0.0145816 -3.96116 -0.595316 0.00911676 0.80344 77.9686 
0.804036 0.0148247 0.594396 176.53 -0.00406019 0.999803 -0.0194435 -3.98822 -0.594567 0.0132199 0.803937 78.6556 
0.804528 0.0146758 0.593733 177.014 -0.00103719 0.999728 -0.0233057 -4.02285 -0.593914 0.0181343 0.804324 79.3357 
0.8048 0.0119687 0.593426 177.506 0.00128432 0.999759 -0.0219056 -4.04807 -0.593545 0.0183918 0.80459 80.0207 
0.804524 0.0104837 0.593827 177.987 -0.00132526 0.999873 -0.0158566 -4.07862 -0.593918 0.0119701 0.804436 80.7036 
0.804004 0.00437154 0.594608 178.475 -0.000479525 0.999977 -0.00670333 -4.10934 -0.594623 0.0051044 0.803988 81.3875 
0.803813 -0.00055317 0.594882 178.961 0.00204024 0.999996 -0.00182683 -4.13253 -0.594879 0.00268215 0.803811 82.0503 
0.803294 -0.00353146 0.595572 179.432 0.00500267 0.999987 -0.000817944 -4.15 -0.595561 0.00363652 0.803302 82.6879 
0.802312 5.49814e-05 0.596905 179.88 0.00283906 0.999988 -0.00390807 -4.17436 -0.596898 0.00483017 0.802303 83.3179 
0.801142 0.00778614 0.598424 180.321 -0.000236082 0.999919 -0.0126939 -4.19849 -0.598474 0.0100284 0.801079 83.9383 
0.79977 0.0119655 0.600187 180.755 8.32674e-05 0.999799 -0.0200432 -4.22704 -0.600307 0.01608 0.799608 84.5361 
