1 2.12261e-08 -2.11895e-08 0 2.12261e-08 1 2.10703e-08 0 -2.11895e-08 2.10703e-08 1 0 
0.999931 -0.00276365 0.0113902 0.0118442 0.00274994 0.999996 0.00122285 -0.00781577 -0.0113935 -0.0011914 0.999934 0.291373 
0.999827 -0.00506289 0.017909 0.0197608 0.00504057 0.999987 0.00129324 -0.0118432 -0.0179154 -0.00120271 0.999839 0.590658 
0.999777 -0.00805098 0.0195225 0.0325993 0.00805187 0.999968 3.52545e-05 -0.0147748 -0.0195222 0.000121988 0.999809 0.893405 
0.999812 -0.00930835 0.0170093 0.0416844 0.009335 0.999955 -0.00148532 -0.0162308 -0.0169947 0.00164387 0.999854 1.20245 
0.999879 -0.0119147 0.00998731 0.0405091 0.0119436 0.999925 -0.00282715 -0.0190976 -0.00995292 0.00294614 0.999946 1.51934 
0.999902 -0.0137334 -0.00268747 0.0368231 0.0137211 0.999895 -0.00458939 -0.0228091 0.00275018 0.00455211 0.999986 1.85367 
0.999731 -0.0128279 -0.0193389 0.0126607 0.0127299 0.999906 -0.00518662 -0.0240907 0.0194035 0.00493908 0.9998 2.19376 
0.999203 -0.00842219 -0.0390124 -0.023908 0.00823114 0.999953 -0.00505605 -0.0314268 0.0390531 0.00473095 0.999226 2.54848 
0.998259 -0.00469078 -0.0587937 -0.0695481 0.00433726 0.999972 -0.00613977 -0.0383454 0.0588208 0.00587412 0.998251 2.91399 
0.99683 -0.00454173 -0.0794318 -0.112561 0.00403576 0.999971 -0.00652973 -0.0433425 0.0794591 0.0061885 0.996819 3.2819 
0.994896 -0.00618042 -0.100713 -0.166925 0.00560649 0.999966 -0.00598117 -0.0454392 0.100746 0.00538605 0.994898 3.66574 
0.99269 -0.00750491 -0.120463 -0.23396 0.00691317 0.999962 -0.00532971 -0.0502757 0.120498 0.00445801 0.992704 4.0534 
0.990268 -0.00682999 -0.139005 -0.301279 0.00624233 0.99997 -0.00466347 -0.056157 0.139032 0.00375042 0.990281 4.45963 
0.988006 -0.00558243 -0.154314 -0.391241 0.00496752 0.999978 -0.00437036 -0.058091 0.154335 0.00355143 0.988012 4.87405 
0.985736 -0.00480059 -0.168229 -0.477035 0.0041142 0.999982 -0.00442861 -0.0659193 0.168247 0.00367336 0.985738 5.29221 
0.983589 -0.00628489 -0.180315 -0.574028 0.0054588 0.999972 -0.00507742 -0.0760157 0.180342 0.00400984 0.983596 5.72496 
0.981742 -0.00985432 -0.189965 -0.672126 0.00854934 0.999934 -0.00768809 -0.0795402 0.190028 0.00592369 0.981761 6.1691 
0.980214 -0.00920203 -0.197728 -0.780898 0.00746873 0.999927 -0.00951025 -0.0889683 0.197801 0.00784535 0.980211 6.62387 
0.978608 -0.00860945 -0.205552 -0.892787 0.00638864 0.999914 -0.0114656 -0.0929759 0.205633 0.00990713 0.978579 7.09687 
0.97688 -0.00892239 -0.2136 -1.01424 0.0059529 0.999877 -0.0145414 -0.101108 0.213704 0.0129337 0.976813 7.57723 
0.97505 -0.012699 -0.221621 -1.13435 0.00932908 0.999825 -0.016246 -0.110925 0.221789 0.0137732 0.974998 8.07755 
0.973234 -0.0189274 -0.229037 -1.2635 0.0154167 0.999735 -0.0171082 -0.127128 0.2293 0.0131193 0.973267 8.58341 
0.971181 -0.019264 -0.237563 -1.40383 0.0149738 0.999691 -0.0198509 -0.139541 0.237872 0.0157217 0.971169 9.10685 
0.969128 -0.0141973 -0.24615 -1.56847 0.00845486 0.999667 -0.0243704 -0.151339 0.246414 0.021537 0.968925 9.62898 
0.966975 -0.011112 -0.25463 -1.73753 0.00427386 0.999616 -0.027393 -0.168713 0.254837 0.0254001 0.96665 10.1745 
0.964636 -0.0132344 -0.263255 -1.90355 0.00570835 0.999553 -0.0293329 -0.187132 0.263525 0.0267928 0.96428 10.7337 
0.962256 -0.0164925 -0.271644 -2.07298 0.00831011 0.999477 -0.0312449 -0.211451 0.272018 0.0278082 0.96189 11.2954 
0.960157 -0.0155614 -0.279027 -2.26179 0.00636168 0.999407 -0.0338464 -0.235447 0.279388 0.0307228 0.959687 11.8657 
0.957705 -0.0148359 -0.28737 -2.45343 0.00424035 0.999289 -0.0374582 -0.261471 0.287722 0.0346554 0.957087 12.4517 
0.955419 -0.0158447 -0.294829 -2.65547 0.00339963 0.999083 -0.042676 -0.290628 0.295235 0.0397712 0.954597 13.0396 
0.953652 -0.0169423 -0.300433 -2.86507 0.00197426 0.998745 -0.0500554 -0.32497 0.300904 0.0471424 0.952488 13.6457 
0.952301 -0.0184135 -0.304604 -3.08417 0.000707797 0.998308 -0.0581358 -0.361376 0.305159 0.0551472 0.950703 14.2609 
0.951201 -0.0185615 -0.308013 -3.31323 -0.00223657 0.997748 -0.0670332 -0.403028 0.308564 0.064451 0.949018 14.8877 
0.949887 -0.0178137 -0.312085 -3.54662 -0.00620159 0.997105 -0.0757901 -0.453543 0.312531 0.0739276 0.947026 15.5277 
0.948539 -0.0174314 -0.316182 -3.78274 -0.00923856 0.996535 -0.0826555 -0.508771 0.316527 0.081323 0.945091 16.1719 
0.947009 -0.0149357 -0.32086 -4.03406 -0.0145804 0.99589 -0.0893915 -0.568787 0.320876 0.0893329 0.942899 16.8286 
0.945388 -0.0141688 -0.325639 -4.28013 -0.0178625 0.995301 -0.0951645 -0.637428 0.325457 0.0957842 0.940693 17.473 
0.943829 -0.0120204 -0.330216 -4.5504 -0.022643 0.994636 -0.100925 -0.701434 0.329658 0.102733 0.938494 18.1599 
0.94214 -0.00949336 -0.335084 -4.81945 -0.0269406 0.994221 -0.103915 -0.779551 0.334134 0.10693 0.93644 18.8417 
0.940446 -0.00806244 -0.339849 -5.10093 -0.0294765 0.994019 -0.105151 -0.864608 0.338664 0.108906 0.934583 19.5468 
0.938222 -0.00768122 -0.34595 -5.3784 -0.0302903 0.994093 -0.10422 -0.9509 0.344707 0.10826 0.932447 20.2463 
0.935867 -0.00749067 -0.352274 -5.66785 -0.0306627 0.99425 -0.102601 -1.03586 0.351017 0.106823 0.930256 20.9652 
0.933484 -0.00713724 -0.358547 -5.97429 -0.0311012 0.994424 -0.100768 -1.12072 0.357267 0.105216 0.928057 21.6867 
0.930353 -0.00580911 -0.366619 -6.29288 -0.0324521 0.994646 -0.0981126 -1.19707 0.365226 0.103177 0.925183 22.4293 
0.927157 -0.00354032 -0.374655 -6.60993 -0.033425 0.995187 -0.0921207 -1.28318 0.373178 0.0979333 0.922576 23.1467 
0.923524 -8.23614e-05 -0.38354 -6.94371 -0.0359939 0.995568 -0.0868835 -1.36828 0.381847 0.0940441 0.919428 23.9014 
0.920013 0.00387385 -0.391869 -7.29316 -0.0395231 0.99577 -0.0829469 -1.44414 0.38989 0.0918002 0.916274 24.6463 
0.916065 0.00497014 -0.400999 -7.65057 -0.0408655 0.995875 -0.0810121 -1.52052 0.398943 0.0905994 0.912489 25.4113 
0.912195 0.00535783 -0.409722 -8.01335 -0.0420026 0.99587 -0.0804908 -1.59376 0.407599 0.0906327 0.908652 26.1591 
0.908434 0.00542341 -0.417993 -8.39058 -0.0424582 0.995942 -0.0793533 -1.66118 0.415866 0.0898345 0.904978 26.9153 
0.904572 0.00647154 -0.426272 -8.78836 -0.0436722 0.996031 -0.0775533 -1.73519 0.424079 0.0887688 0.901264 27.6929 
0.900723 0.00528854 -0.434361 -9.18025 -0.042184 0.996265 -0.0753459 -1.80439 0.43234 0.086189 0.897582 28.4668 
0.896972 0.00641176 -0.44204 -9.59766 -0.0421164 0.996586 -0.0710057 -1.87817 0.440076 0.0823073 0.89418 29.2589 
0.893223 0.00885978 -0.449526 -10.0198 -0.0428562 0.996931 -0.0655081 -1.94276 0.447566 0.0777784 0.890862 30.0537 
0.889478 0.00850151 -0.456898 -10.4393 -0.0408818 0.997298 -0.061031 -2.01206 0.455145 0.0729646 0.887423 30.8354 
0.885881 0.00833272 -0.463839 -10.876 -0.040333 0.997436 -0.0591129 -2.08066 0.462157 0.071075 0.883945 31.6271 
0.882958 0.00669175 -0.469404 -11.3668 -0.0385812 0.99755 -0.058351 -2.12583 0.467864 0.0696317 0.881053 32.4549 
0.879739 0.00716417 -0.475403 -11.8322 -0.0385647 0.997667 -0.05633 -2.185 0.47389 0.0678895 0.877963 33.2785 
0.876927 0.00566699 -0.48059 -12.3249 -0.0366481 0.997808 -0.0551055 -2.24191 0.479225 0.0659363 0.875212 34.1235 
0.874264 0.00463045 -0.485429 -12.8083 -0.0357395 0.997855 -0.0548489 -2.30183 0.484133 0.0653014 0.872554 34.9566 
0.872381 0.00399791 -0.48881 -13.2956 -0.0356218 0.997828 -0.0554134 -2.3631 0.487527 0.0657539 0.870629 35.7706 
0.871036 0.00305017 -0.49121 -13.8582 -0.0351115 0.99781 -0.0560655 -2.4055 0.489963 0.0660822 0.869235 36.6799 
0.870688 0.00351527 -0.491822 -14.382 -0.0353245 0.997839 -0.0554041 -2.4633 0.490565 0.0656131 0.868931 37.5345 
0.870481 0.00394761 -0.492186 -14.9124 -0.0348799 0.997949 -0.0536847 -2.52578 0.490964 0.0638989 0.868833 38.434 
0.870265 0.00323886 -0.492574 -15.4384 -0.0336993 0.998027 -0.0529767 -2.59172 0.49143 0.0627032 0.868657 39.3134 
0.86964 0.00083682 -0.493686 -15.9732 -0.0317633 0.998022 -0.0542602 -2.64579 0.492664 0.062868 0.867946 40.2142 
0.868644 -0.00254066 -0.49543 -16.5589 -0.0281895 0.998113 -0.0545437 -2.70568 0.494634 0.0613451 0.866934 41.1659 
0.867276 -0.0026681 -0.49782 -17.1203 -0.0271602 0.998243 -0.0526673 -2.77157 0.497086 0.0591981 0.86568 42.0855 
0.865291 -0.00218668 -0.501266 -17.692 -0.0257333 0.998478 -0.0487768 -2.83534 0.50061 0.0551054 0.863917 43.0148 
0.862485 -0.00229341 -0.506078 -18.243 -0.0235393 0.998726 -0.0446429 -2.90215 0.505535 0.0504166 0.861332 43.9215 
0.858684 -0.00306844 -0.512496 -18.7951 -0.0217745 0.998861 -0.0424636 -2.96683 0.512042 0.0476222 0.857639 44.7936 
0.853572 -0.00610045 -0.52094 -19.3685 -0.020295 0.998783 -0.0449502 -3.0256 0.52058 0.0489407 0.852409 45.6935 
0.847793 -0.00924876 -0.530246 -19.9381 -0.0190497 0.998672 -0.0478773 -3.08996 0.529985 0.0506911 0.846491 46.5562 
0.84181 -0.00932544 -0.539694 -20.5353 -0.0192713 0.998694 -0.0473158 -3.14886 0.53943 0.0502315 0.840531 47.4344 
0.836006 -0.00583253 -0.54869 -21.1396 -0.0205843 0.998906 -0.0419814 -3.21338 0.548335 0.0463912 0.834971 48.3164 
0.830847 -0.00142157 -0.556499 -21.7562 -0.0235492 0.999011 -0.0377107 -3.26851 0.556002 0.044437 0.829992 49.1931 
0.826913 -0.000994157 -0.562329 -22.3854 -0.0254262 0.99891 -0.0391557 -3.32558 0.561754 0.0466763 0.825986 50.063 
0.823703 -0.00297703 -0.567014 -23.0093 -0.026289 0.99871 -0.0434337 -3.38196 0.566412 0.0506827 0.822562 50.917 
0.820838 -0.00506698 -0.571138 -23.652 -0.0288906 0.998312 -0.0503783 -3.44619 0.57043 0.057853 0.819306 51.7691 
0.817772 -0.00642691 -0.575506 -24.2782 -0.0287787 0.99823 -0.0520411 -3.51097 0.574822 0.0591202 0.81614 52.617 
0.814345 -0.00488899 -0.58036 -24.9153 -0.0280702 0.998463 -0.0477984 -3.57846 0.579702 0.0552152 0.812956 53.4648 
0.811271 -0.00309154 -0.584662 -25.5617 -0.0265637 0.998759 -0.0421407 -3.64637 0.584067 0.0497184 0.810182 54.3132 
0.808278 -0.00121385 -0.5888 -26.2136 -0.0270628 0.998864 -0.0392098 -3.70263 0.588179 0.0476271 0.807327 55.1591 
0.805098 -0.000754836 -0.593141 -26.8745 -0.0281449 0.998824 -0.0394736 -3.76038 0.592473 0.0484741 0.80413 56.0102 
0.801609 -0.00225715 -0.597845 -27.5279 -0.0278678 0.998765 -0.0411368 -3.82176 0.597199 0.0496362 0.800556 56.851 
0.797733 -0.00504956 -0.60299 -28.1962 -0.0265539 0.998701 -0.0434931 -3.88198 0.602426 0.0507076 0.796562 57.6916 
0.793401 -0.00654244 -0.608665 -28.8751 -0.0255363 0.998704 -0.0440218 -3.93741 0.608164 0.0504701 0.792205 58.5463 
0.788762 -0.00689974 -0.61466 -29.5524 -0.0248459 0.998762 -0.043095 -3.99699 0.614196 0.0492635 0.787614 59.3916 
0.784064 -0.00614054 -0.620649 -30.2498 -0.0259118 0.998756 -0.0426158 -4.05014 0.620139 0.0494957 0.782929 60.228 
0.778784 -0.00767092 -0.627246 -30.9413 -0.0250308 0.998749 -0.0432923 -4.1149 0.626793 0.0494158 0.777617 61.0482 
0.773475 -0.00915076 -0.633761 -31.6513 -0.024256 0.998736 -0.0440238 -4.17812 0.633363 0.0494239 0.772275 61.8652 
0.768129 -0.0099059 -0.640219 -32.3644 -0.0248031 0.99867 -0.0452107 -4.23648 0.639815 0.0506071 0.766861 62.6727 
0.762484 -0.0116969 -0.646902 -33.0774 -0.0235927 0.998669 -0.0458655 -4.30521 0.646577 0.0502339 0.761193 63.4899 
0.75654 -0.0133979 -0.65381 -33.8194 -0.0228425 0.998639 -0.0468958 -4.3676 0.653548 0.0504133 0.755204 64.3146 
0.750223 -0.0153748 -0.661007 -34.5658 -0.0210192 0.99867 -0.0470848 -4.42803 0.660851 0.049218 0.748901 65.1456 
0.744478 -0.0150852 -0.667476 -35.3806 -0.020519 0.998756 -0.0454584 -4.48618 0.667331 0.0475388 0.743242 65.9661 
0.738322 -0.0152134 -0.674277 -36.1122 -0.0197987 0.998826 -0.0442152 -4.56349 0.674158 0.0459949 0.737153 66.7237 
0.732087 -0.0175306 -0.680985 -36.9136 -0.0181163 0.998814 -0.0451882 -4.61926 0.68097 0.0454187 0.730902 67.5392 
0.725972 -0.0187012 -0.68747 -37.7184 -0.0184358 0.998742 -0.046637 -4.68627 0.687477 0.0465313 0.724714 68.3424 
0.719753 -0.0179098 -0.693999 -38.5254 -0.0199811 0.998719 -0.0464962 -4.7455 0.693943 0.0473327 0.718473 69.1531 
0.714694 -0.0172054 -0.699226 -39.3481 -0.0202321 0.998771 -0.0452557 -4.81655 0.699145 0.0464908 0.713467 69.9475 
0.709878 -0.0167033 -0.704126 -40.1615 -0.0216126 0.998731 -0.0454812 -4.88042 0.703993 0.0475041 0.708617 70.7332 
0.705066 -0.0176788 -0.708921 -41.007 -0.0215957 0.99869 -0.0463833 -4.94662 0.708812 0.048013 0.703761 71.5403 
0.700221 -0.0188366 -0.713677 -41.8298 -0.0228346 0.99855 -0.0487595 -5.01817 0.71356 0.050439 0.698776 72.3043 
0.695371 -0.0213757 -0.718333 -42.6832 -0.0223529 0.998431 -0.0513491 -5.08582 0.718303 0.0517636 0.693802 73.0896 
0.690326 -0.0222188 -0.723157 -43.5421 -0.0225273 0.998384 -0.0521796 -5.15215 0.723147 0.0523117 0.68871 73.8757 
0.685312 -0.0218599 -0.727922 -44.3949 -0.0220811 0.998466 -0.0507732 -5.22376 0.727915 0.0508688 0.683778 74.6549 
0.680463 -0.0218929 -0.732455 -45.2634 -0.021379 0.998535 -0.0497075 -5.29761 0.73247 0.0494833 0.678998 75.426 
0.675127 -0.0231074 -0.737339 -46.1475 -0.0203096 0.998548 -0.0498895 -5.36814 0.737422 0.0486569 0.673678 76.2109 
0.670735 -0.0246074 -0.741289 -47.052 -0.0187156 0.99857 -0.0500823 -5.43508 0.741461 0.0474657 0.669315 76.9793 
0.666393 -0.0248755 -0.745186 -47.9599 -0.018374 0.998592 -0.0497658 -5.50463 0.745374 0.0468557 0.664997 77.7598 
0.662493 -0.0254859 -0.748634 -48.8606 -0.0171736 0.998642 -0.0491946 -5.58672 0.748871 0.0454479 0.661156 78.5244 
0.658844 -0.0284187 -0.751743 -49.7808 -0.0143969 0.998627 -0.0503697 -5.65997 0.752142 0.0440086 0.65753 79.2988 
0.654654 -0.0327026 -0.755221 -50.6755 -0.0116565 0.998508 -0.0533418 -5.73478 0.755839 0.0437237 0.653297 80.0496 
0.649958 -0.0371957 -0.75906 -51.5943 -0.00688891 0.998472 -0.0548262 -5.80674 0.759939 0.0408638 0.648708 80.8104 
0.643403 -0.0402368 -0.764469 -52.5035 -0.00251744 0.998501 -0.0546735 -5.88876 0.765523 0.0371017 0.642337 81.5574 
0.635574 -0.0437345 -0.7708 -53.445 0.00143244 0.998459 -0.0554705 -5.96527 0.772039 0.0341516 0.634658 82.303 
0.626649 -0.0445779 -0.778025 -54.4054 0.00420605 0.998542 -0.0538249 -6.04389 0.77929 0.030457 0.625923 83.0529 
0.617984 -0.0429642 -0.785016 -55.3925 0.00424625 0.998674 -0.0513149 -6.1222 0.78618 0.0283785 0.617346 83.8007 
0.609189 -0.0428897 -0.791865 -56.385 0.00390458 0.998687 -0.0510879 -6.19725 0.793016 0.0280303 0.608556 84.5271 
0.599924 -0.0442563 -0.798832 -57.3768 0.00330165 0.998597 -0.0528441 -6.27375 0.80005 0.029065 0.599228 85.2381 
0.589932 -0.0466829 -0.806102 -58.3933 0.00365885 0.998472 -0.0551457 -6.34795 0.807445 0.0295828 0.589201 85.955 
0.580459 -0.0480844 -0.812868 -59.4254 0.00386735 0.998407 -0.0562982 -6.42887 0.81428 0.0295352 0.57972 86.651 
0.570258 -0.0489714 -0.820004 -60.4622 0.00700257 0.998475 -0.05476 -6.50943 0.821436 0.0254853 0.569732 87.3586 
0.560242 -0.0490377 -0.826877 -61.5069 0.00830085 0.998528 -0.0535933 -6.59255 0.828288 0.0231615 0.559824 88.0461 
0.549582 -0.0501368 -0.833934 -62.559 0.00937434 0.998505 -0.053853 -6.6721 0.835387 0.0217791 0.54923 88.7313 
0.539949 -0.050616 -0.840175 -63.6302 0.00842988 0.998465 -0.0547346 -6.76101 0.841656 0.0224714 0.539547 89.3797 
0.530373 -0.050772 -0.846243 -64.7214 0.00673805 0.998426 -0.0556795 -6.84942 0.847737 0.023829 0.529881 90.0209 
0.520436 -0.0517175 -0.852333 -65.809 0.00530867 0.998341 -0.0573354 -6.93249 0.853884 0.0253147 0.519847 90.6632 
0.510841 -0.0517993 -0.858113 -66.9021 0.00472526 0.998337 -0.0574508 -7.01809 0.859662 0.0252935 0.510236 91.2927 
0.501841 -0.0498091 -0.863525 -68.014 0.0040193 0.998464 -0.0552567 -7.10515 0.864951 0.0242593 0.50127 91.9192 
0.49374 -0.0482972 -0.868268 -69.1267 0.00477199 0.998592 -0.0528329 -7.19274 0.869597 0.0219424 0.493275 92.5295 
0.485917 -0.0489169 -0.872635 -70.2462 0.00520346 0.998577 -0.0530793 -7.27204 0.87399 0.0212514 0.48548 93.1286 
0.478786 -0.0518662 -0.876398 -71.3481 0.00689735 0.998445 -0.055321 -7.35567 0.877904 0.0204422 0.478399 93.6923 
0.47173 -0.0554559 -0.879997 -72.495 0.00939591 0.99828 -0.0578731 -7.43798 0.881693 0.0190322 0.47144 94.2959 
0.465396 -0.0583041 -0.88318 -73.6286 0.0106905 0.998126 -0.0602589 -7.52666 0.885038 0.0186027 0.465147 94.8698 
0.460479 -0.0618198 -0.885515 -74.7695 0.0125763 0.997926 -0.0631276 -7.62402 0.887581 0.0179325 0.460302 95.4298 
0.455541 -0.063055 -0.887979 -75.9245 0.0159143 0.997906 -0.0626967 -7.7205 0.890072 0.0144295 0.455591 96.0106 
0.451011 -0.0604879 -0.890466 -77.0583 0.0176966 0.998111 -0.0588368 -7.817 0.892343 0.0107779 0.45123 96.5757 
0.446903 -0.0588 -0.892648 -78.2065 0.0209445 0.998252 -0.0552704 -7.9056 0.894337 0.00600446 0.447353 97.1362 
0.443185 -0.0582947 -0.894533 -79.3361 0.0225915 0.998293 -0.0538638 -7.99714 0.896145 0.00366289 0.443746 97.6814 
0.440084 -0.0584935 -0.896049 -80.4685 0.0241619 0.998286 -0.0533006 -8.07792 0.897631 0.00180655 0.440743 98.225 
0.43735 -0.0580292 -0.897417 -81.5986 0.026682 0.998314 -0.0515502 -8.16374 0.898896 -0.00139932 0.438161 98.7657 
0.434483 -0.0576034 -0.898836 -82.7325 0.0291885 0.998329 -0.0498703 -8.24612 0.900207 -0.00456783 0.435438 99.3062 
0.431886 -0.058603 -0.900022 -83.8573 0.0319903 0.998254 -0.0496483 -8.33157 0.901361 -0.00734952 0.433007 99.8386 
0.429478 -0.0591806 -0.901136 -84.9928 0.0342269 0.9982 -0.0492428 -8.40644 0.902429 -0.00969439 0.43073 100.359 
0.427768 -0.0588027 -0.901974 -86.1186 0.0379277 0.998171 -0.0470866 -8.48176 0.903093 -0.0140676 0.429215 100.869 
0.425166 -0.058474 -0.903225 -87.2107 0.0405032 0.998141 -0.0455531 -8.55797 0.904209 -0.0172158 0.426744 101.376 
0.423577 -0.059754 -0.903887 -88.3165 0.042822 0.998027 -0.0459103 -8.63406 0.904847 -0.0192597 0.4253 101.876 
0.422398 -0.0615509 -0.904318 -89.3961 0.0442903 0.997902 -0.047233 -8.70257 0.905328 -0.0201013 0.424238 102.368 
0.421782 -0.0631853 -0.904493 -90.4914 0.0451899 0.997794 -0.0486302 -8.78205 0.905571 -0.0203626 0.423707 102.864 
0.421873 -0.0641355 -0.904384 -91.5635 0.0441712 0.997764 -0.050153 -8.8524 0.905578 -0.0187894 0.423763 103.35 
0.423712 -0.0638602 -0.903543 -92.6016 0.0422422 0.997819 -0.0507142 -8.9313 0.904811 -0.0166794 0.425486 103.827 
0.428076 -0.0640156 -0.901473 -93.6457 0.0393808 0.997862 -0.05216 -9.00493 0.902884 -0.0131722 0.429682 104.296 
0.433526 -0.0648163 -0.898807 -94.6791 0.0385556 0.997831 -0.0533606 -9.08423 0.900316 -0.0115208 0.435084 104.763 
0.43893 -0.0648693 -0.896177 -95.6927 0.0381889 0.997836 -0.0535238 -9.1628 0.897709 -0.0107307 0.440457 105.246 
0.445414 -0.0632534 -0.893087 -96.688 0.0374537 0.997945 -0.0520005 -9.24869 0.894541 -0.0102877 0.446868 105.731 
0.453258 -0.0619471 -0.889224 -97.6806 0.0356107 0.998044 -0.0513764 -9.32275 0.890668 -0.0083791 0.454577 106.221 
0.46182 -0.0617546 -0.884821 -98.6746 0.0353184 0.998063 -0.0512241 -9.39352 0.88627 -0.00759406 0.463106 106.721 
0.470945 -0.0615773 -0.880011 -99.66 0.0350698 0.998079 -0.051071 -9.46902 0.881465 -0.00681013 0.4722 107.234 
0.480726 -0.062328 -0.874653 -100.629 0.0344196 0.998043 -0.0522032 -9.54669 0.876195 -0.00500977 0.48193 107.747 
0.490127 -0.0635255 -0.869333 -101.578 0.032843 0.997978 -0.0544093 -9.62905 0.871032 -0.00188404 0.491222 108.282 
0.501645 -0.0644877 -0.862667 -102.535 0.0310457 0.997917 -0.056545 -9.70403 0.864517 0.00158349 0.502602 108.81 
0.513703 -0.0631708 -0.85564 -103.495 0.0292511 0.997996 -0.0561193 -9.77531 0.85747 0.00380028 0.514521 109.367 
0.526268 -0.0604474 -0.848168 -104.432 0.0274667 0.998158 -0.0540945 -9.8537 0.849875 0.00517187 0.526958 109.926 
0.538266 -0.0584127 -0.840748 -105.353 0.0273328 0.99828 -0.0518585 -9.92912 0.842332 0.00493374 0.538937 110.495 
0.549388 -0.0585024 -0.833517 -106.265 0.0279339 0.998274 -0.0516545 -9.99778 0.8351 0.00509497 0.550074 111.091 
0.560983 -0.0587204 -0.825742 -107.158 0.0279202 0.998256 -0.0520202 -10.0753 0.827357 0.00612753 0.561644 111.67 
0.572355 -0.059675 -0.817832 -108.037 0.027747 0.998187 -0.0534165 -10.146 0.819536 0.00788088 0.572973 112.257 
0.583049 -0.0610744 -0.810138 -108.893 0.0301376 0.99811 -0.0535554 -10.226 0.811878 0.0068099 0.583788 112.862 
0.593432 -0.0610032 -0.802569 -109.733 0.0306195 0.998113 -0.053226 -10.3002 0.804302 0.00701179 0.59418 113.475 
0.603813 -0.058608 -0.794969 -110.564 0.0295696 0.998254 -0.0511355 -10.3729 0.796578 0.00736943 0.604491 114.095 
0.613695 -0.0560457 -0.787552 -111.394 0.0301054 0.998413 -0.0475921 -10.4447 0.788969 0.00549752 0.614408 114.724 
0.623398 -0.0538028 -0.780051 -112.2 0.0282251 0.998528 -0.046315 -10.5112 0.781395 0.00685572 0.623999 115.357 
0.632941 -0.0532818 -0.772364 -112.983 0.0261632 0.998531 -0.0474437 -10.5805 0.773758 0.00982157 0.633405 115.989 
0.642208 -0.0532089 -0.764682 -113.762 0.0247891 0.998508 -0.0486605 -10.6465 0.76613 0.0122944 0.642568 116.621 
0.650995 -0.0532537 -0.757212 -114.512 0.0250815 0.9985 -0.0486599 -10.7071 0.758667 0.0126854 0.651355 117.257 
0.66009 -0.0514792 -0.74942 -115.262 0.0255179 0.99861 -0.0461203 -10.7795 0.750753 0.01132 0.660486 117.899 
0.668502 -0.0487325 -0.742112 -115.989 0.0248826 0.998758 -0.0431713 -10.8486 0.743294 0.0103945 0.668884 118.538 
0.676385 -0.0483768 -0.734958 -116.693 0.0257025 0.998783 -0.0420883 -10.9116 0.7361 0.00957772 0.676805 119.173 
0.6834 -0.0484106 -0.728437 -117.407 0.0251496 0.998768 -0.0427816 -10.9615 0.72961 0.0109171 0.683776 119.849 
0.690404 -0.0473868 -0.721871 -118.097 0.024734 0.998815 -0.0419109 -11.0203 0.723001 0.0110807 0.690758 120.499 
0.697256 -0.0453108 -0.715389 -118.797 0.0243808 0.998922 -0.0395062 -11.0701 0.716407 0.0101042 0.697609 121.174 
0.704378 -0.0426486 -0.708542 -119.473 0.0237753 0.999051 -0.0364993 -11.1245 0.709426 0.00886353 0.704724 121.829 
0.711383 -0.0416004 -0.701573 -120.123 0.0231975 0.999093 -0.0357203 -11.169 0.702422 0.00913615 0.711702 122.491 
0.71848 -0.0406214 -0.69436 -120.745 0.0223004 0.999125 -0.0353758 -11.2134 0.69519 0.00993233 0.718758 123.142 
0.726185 -0.0377166 -0.686464 -121.371 0.0196196 0.999224 -0.0341459 -11.2588 0.687219 0.0113282 0.726362 123.794 
0.735086 -0.0350723 -0.677066 -121.995 0.0188948 0.999333 -0.0312519 -11.3043 0.677711 0.0101799 0.735258 124.458 
0.744464 -0.0311422 -0.666936 -122.589 0.0168604 0.99947 -0.0278493 -11.3464 0.66745 0.00948802 0.744594 125.115 
0.754569 -0.0289111 -0.655584 -123.168 0.0150883 0.999529 -0.0267127 -11.3885 0.656047 0.0102649 0.75465 125.756 
0.764263 -0.0285969 -0.64427 -123.745 0.0140006 0.999517 -0.0277569 -11.4197 0.644753 0.0121935 0.764294 126.457 
0.77419 -0.0296806 -0.632257 -124.316 0.0141105 0.999461 -0.0296405 -11.46 0.632796 0.014026 0.774191 127.135 
0.783787 -0.028438 -0.620378 -124.794 0.0134571 0.999494 -0.028815 -11.508 0.620884 0.0142364 0.783773 127.769 
0.793913 -0.0272332 -0.607422 -125.32 0.0134901 0.99954 -0.0271817 -11.5396 0.607882 0.0133858 0.793914 128.442 
0.803834 -0.0247938 -0.594337 -125.818 0.0131546 0.999628 -0.0239098 -11.5839 0.594708 0.0114013 0.803861 129.125 
0.813335 -0.0233478 -0.581328 -126.315 0.0134404 0.999682 -0.0213457 -11.6216 0.581641 0.009548 0.81339 129.825 
0.822422 -0.021836 -0.568459 -126.826 0.0138752 0.999736 -0.0183285 -11.6557 0.568709 0.00718636 0.822507 130.538 
0.830519 -0.021114 -0.55659 -127.299 0.014564 0.999763 -0.0161939 -11.6816 0.5568 0.00534323 0.83063 131.225 
0.837833 -0.021593 -0.545499 -127.765 0.0162988 0.999761 -0.0145413 -11.7098 0.545683 0.00329227 0.837985 131.933 
0.844373 -0.0212833 -0.535333 -128.213 0.0163123 0.999769 -0.0140188 -11.7395 0.535507 0.00310461 0.844525 132.632 
0.851035 -0.0203025 -0.524717 -128.66 0.0153133 0.999787 -0.0138475 -11.7621 0.524886 0.00374959 0.851164 133.346 
0.857687 -0.018667 -0.513833 -129.115 0.0140966 0.999819 -0.0127923 -11.786 0.513979 0.00372856 0.857795 134.086 
0.863883 -0.0176915 -0.503382 -129.553 0.0133582 0.999836 -0.0122148 -11.811 0.503516 0.00382792 0.863978 134.825 
0.869589 -0.0182006 -0.493441 -129.961 0.0140784 0.999828 -0.0120683 -11.832 0.493575 0.00354765 0.869696 135.557 
0.874598 -0.0196872 -0.484449 -130.387 0.0152673 0.999798 -0.0130674 -11.8538 0.484608 0.00403254 0.874722 136.319 
0.878924 -0.0203437 -0.476528 -130.812 0.0158037 0.999784 -0.0135335 -11.874 0.476701 0.00436405 0.879055 137.088 
0.882208 -0.0194061 -0.470461 -131.208 0.0152554 0.999804 -0.0126342 -11.8976 0.470613 0.003969 0.882331 137.839 
0.885127 -0.0173068 -0.465027 -131.622 0.0146678 0.999849 -0.00929251 -11.9139 0.465118 0.00140417 0.885248 138.627 
0.888365 -0.013144 -0.458951 -132.053 0.0122618 0.999913 -0.00490228 -11.9311 0.458975 -0.00127251 0.888448 139.422 
0.891809 -0.010703 -0.452285 -132.478 0.010849 0.999939 -0.00227095 -11.9467 0.452281 -0.00288152 0.891871 140.228 
0.895008 -0.00765401 -0.445984 -132.904 0.00863993 0.999963 0.000177263 -11.9619 0.445966 -0.00401187 0.895041 141.064 
0.89831 -0.00620791 -0.439319 -133.338 0.00806053 0.999965 0.00235165 -11.9661 0.439289 -0.00565361 0.898328 141.913 
0.901635 -0.00432567 -0.432476 -133.76 0.00731982 0.999959 0.00525873 -11.9759 0.432436 -0.00790706 0.90163 142.763 
0.904859 -0.0042591 -0.42569 -134.149 0.00823402 0.999938 0.00749787 -11.9868 0.425631 -0.0102896 0.904838 143.613 
0.908424 -0.00459388 -0.418025 -134.563 0.00899496 0.999923 0.00855851 -11.987 0.417954 -0.0115348 0.908395 144.501 
0.9122 -0.0056579 -0.409706 -134.982 0.0100004 0.999914 0.008457 -11.9794 0.409623 -0.0118116 0.912178 145.4 
0.916034 -0.00835491 -0.401013 -135.378 0.0125795 0.99989 0.00790312 -11.9788 0.400903 -0.012284 0.916038 146.321 
0.920055 -0.0100925 -0.39166 -135.805 0.0138377 0.999882 0.0067409 -11.9815 0.391546 -0.0116216 0.920085 147.274 
0.924526 -0.0110685 -0.380959 -136.204 0.014001 0.99989 0.00492681 -11.9927 0.380863 -0.00988871 0.924579 148.229 
0.929795 -0.00934306 -0.367959 -136.614 0.011783 0.999921 0.00438473 -12.0021 0.367889 -0.00841251 0.929832 149.212 
0.935851 -0.00589051 -0.352348 -136.995 0.00842619 0.999949 0.0056632 -12.0054 0.352296 -0.00826881 0.935852 150.201 
0.942373 -0.00243743 -0.334555 -137.318 0.0057118 0.999945 0.00880371 -12.003 0.334515 -0.0102072 0.942335 151.132 
0.949117 0.000304816 -0.314925 -137.694 0.00308185 0.999943 0.0102558 -11.9992 0.31491 -0.0107044 0.949061 152.201 
0.955843 0.0019507 -0.293871 -138.032 0.00142986 0.999935 0.0112881 -12.0061 0.293874 -0.0112098 0.955778 153.228 
0.96207 0.00330405 -0.272782 -138.329 0.000250718 0.999916 0.0129955 -12.0083 0.272802 -0.0125709 0.961988 154.244 
0.967852 0.00431407 -0.251484 -138.621 -0.0003298 0.999874 0.0158829 -11.9998 0.25152 -0.0152893 0.967731 155.331 
0.973225 0.00680479 -0.229755 -138.898 -0.00233629 0.999803 0.0197152 -11.9996 0.229844 -0.0186505 0.973049 156.461 
0.978129 0.00907008 -0.207802 -139.165 -0.00417468 0.999704 0.0239843 -11.9872 0.207958 -0.0225921 0.977877 157.586 
0.982597 0.0110716 -0.185421 -139.406 -0.00605302 0.9996 0.0276097 -11.9804 0.185653 -0.0260068 0.982271 158.732 
0.986366 0.0125009 -0.16409 -139.588 -0.00810452 0.999591 0.0274345 -11.9577 0.164366 -0.0257306 0.986064 159.845 
0.989647 0.0112817 -0.143076 -139.743 -0.00768351 0.999641 0.025676 -11.9543 0.143314 -0.0243108 0.989379 160.96 
0.992423 0.0115164 -0.122325 -139.905 -0.00851781 0.999651 0.0250077 -11.9374 0.12257 -0.0237763 0.992175 162.144 
0.99471 0.010575 -0.102177 -140.044 -0.0078157 0.999595 0.0273675 -11.9293 0.102425 -0.0264241 0.99439 163.318 
0.996507 0.0109857 -0.0827876 -140.13 -0.00859516 0.999537 0.0291762 -11.9222 0.0830698 -0.0283627 0.99614 164.538 
0.997917 0.011697 -0.0634392 -140.183 -0.0097731 0.999485 0.0305524 -11.9136 0.0637639 -0.0298687 0.997518 165.745 
0.998972 0.0133763 -0.0433215 -140.252 -0.012018 0.999433 0.0314632 -11.9038 0.0437177 -0.0309102 0.998566 167.035 
0.999641 0.0135169 -0.0231212 -140.293 -0.0127678 0.999399 0.032243 -11.8815 0.0235431 -0.0319362 0.999213 168.264 
0.999867 0.0159637 -0.00324711 -140.288 -0.015851 0.999356 0.0321922 -11.8767 0.00375889 -0.0321364 0.999476 169.544 
0.999722 0.0168954 0.0164571 -140.279 -0.0174038 0.99936 0.0312602 -11.8549 -0.0159184 -0.0315379 0.999376 170.869 
0.999209 0.017108 0.0359049 -140.249 -0.018165 0.999405 0.0293221 -11.8463 -0.035382 -0.0299511 0.998925 172.186 
0.998351 0.0189063 0.054204 -140.184 -0.0203977 0.999425 0.0270968 -11.8413 -0.0536606 -0.0281577 0.998162 173.436 
0.997141 0.0189523 0.0731493 -140.113 -0.0208753 0.999454 0.025615 -11.8267 -0.0726239 -0.0270687 0.996992 174.772 
0.995613 0.0190008 0.0916229 -139.996 -0.021176 0.999515 0.0228276 -11.814 -0.0911448 -0.0246676 0.995532 176.14 
0.9937 0.0200298 0.110267 -139.86 -0.022124 0.999597 0.0178021 -11.8161 -0.109866 -0.0201294 0.993743 177.551 
0.991519 0.0220264 0.128083 -139.712 -0.0236883 0.999654 0.0114664 -11.8206 -0.127786 -0.0144031 0.991697 178.909 
0.989102 0.0233754 0.145367 -139.537 -0.0245999 0.999675 0.00663208 -11.8245 -0.145165 -0.0101358 0.989356 180.255 
0.986315 0.0258458 0.162834 -139.332 -0.0266824 0.99964 0.00295299 -11.8486 -0.162699 -0.00725733 0.986649 181.631 
0.983181 0.0278832 0.180491 -139.116 -0.028398 0.999597 0.000268427 -11.8637 -0.18041 -0.00538945 0.983577 183.024 
0.979833 0.0273662 0.197934 -138.819 -0.0281025 0.999605 0.000911768 -11.9099 -0.197831 -0.0064558 0.980215 184.531 
0.976267 0.0262704 0.214973 -138.53 -0.0270382 0.999634 0.00063141 -11.9427 -0.214878 -0.00642888 0.97662 185.971 
0.972438 0.025893 0.23172 -138.213 -0.0255739 0.999663 -0.00438106 -11.9737 -0.231756 -0.00166564 0.972773 187.379 
0.96866 0.0269445 0.246924 -137.855 -0.0257691 0.999636 -0.0079906 -12.0304 -0.247049 0.0013772 0.969002 188.711 
0.964341 0.029167 0.26305 -137.499 -0.0281192 0.999575 -0.00774758 -12.0651 -0.263164 7.46017e-05 0.964751 190.087 
0.959516 0.0315892 0.279877 -137.007 -0.0305513 0.999501 -0.00807084 -12.1181 -0.279992 -0.000806483 0.960002 191.581 
0.954287 0.0349191 0.296846 -136.586 -0.0331553 0.99939 -0.0109755 -12.1455 -0.297049 0.000631811 0.954862 192.98 
0.948828 0.0353476 0.313808 -136.082 -0.0322562 0.999367 -0.0150396 -12.1805 -0.314141 0.00414777 0.949367 194.516 
0.942842 0.0366639 0.331216 -135.601 -0.0328391 0.999314 -0.0171388 -12.2285 -0.331617 0.00528241 0.943399 195.963 
0.936385 0.0372042 0.348997 -135.102 -0.0314564 0.99926 -0.0221242 -12.2934 -0.349562 0.0097386 0.936863 197.494 
0.928561 0.040227 0.368995 -134.598 -0.0322374 0.999094 -0.0277947 -12.3788 -0.369778 0.0139137 0.929016 199.031 
0.919465 0.0441334 0.390687 -134.033 -0.034633 0.998909 -0.031333 -12.4345 -0.391643 0.0152789 0.91999 200.475 
0.908696 0.0470602 0.414797 -133.377 -0.0370284 0.998795 -0.0321985 -12.5444 -0.415812 0.0138995 0.909344 202.052 
0.896143 0.0521561 0.440689 -132.782 -0.0409461 0.998551 -0.0349154 -12.623 -0.441871 0.0132448 0.896981 203.423 
0.883326 0.0565098 0.465341 -132.044 -0.0436027 0.998308 -0.0384638 -12.693 -0.466727 0.013686 0.884295 204.856 
0.869435 0.0604091 0.490341 -131.276 -0.0459312 0.998081 -0.0415201 -12.7949 -0.491908 0.0135771 0.870541 206.348 
0.855312 0.0614066 0.514462 -130.498 -0.0452923 0.998012 -0.0438234 -12.8913 -0.51613 0.0141815 0.856393 207.774 
0.840495 0.063301 0.53811 -129.664 -0.0455314 0.997891 -0.0462705 -12.9832 -0.539904 0.0143893 0.841604 209.194 
0.82513 0.0653356 0.561152 -128.786 -0.0442665 0.997713 -0.0510744 -13.0993 -0.563206 0.0173028 0.826136 210.577 
0.808941 0.0672686 0.584029 -127.912 -0.0424903 0.997524 -0.0560415 -13.2349 -0.586353 0.0205187 0.809796 212.002 
0.794279 0.0685275 0.603677 -127 -0.0412138 0.997407 -0.058996 -13.3663 -0.606154 0.0219795 0.795044 213.2 
0.779284 0.0699653 0.622753 -126.032 -0.0399928 0.997275 -0.061997 -13.4998 -0.625393 0.0234077 0.779959 214.462 
0.764623 0.0699849 0.640667 -125.03 -0.0382686 0.997263 -0.0632658 -13.6418 -0.643341 0.023857 0.765208 215.695 
0.750154 0.0707901 0.657463 -124.045 -0.0371675 0.997195 -0.064962 -13.7619 -0.660218 0.0242953 0.750681 216.881 
0.736006 0.0709034 0.673252 -122.99 -0.0343868 0.997132 -0.0674207 -13.8945 -0.676101 0.0264712 0.736333 218.078 
0.721751 0.072628 0.688332 -121.905 -0.0328231 0.996952 -0.0707747 -14.0307 -0.691375 0.0284885 0.721935 219.272 
0.70763 0.0742343 0.702673 -120.825 -0.0301045 0.99673 -0.0749833 -14.1767 -0.705942 0.0319068 0.707551 220.41 
0.693586 0.0757517 0.71638 -119.7 -0.0289163 0.996582 -0.0773846 -14.3307 -0.719794 0.0329578 0.693405 221.515 
0.679018 0.0769183 0.730081 -118.56 -0.0290746 0.996533 -0.0779495 -14.4923 -0.733546 0.0317023 0.6789 222.595 
0.663297 0.0782814 0.744251 -117.402 -0.0299569 0.996494 -0.0781143 -14.6418 -0.747757 0.0295176 0.663316 223.677 
0.646866 0.0791956 0.758481 -116.233 -0.0321016 0.996539 -0.0766744 -14.7906 -0.761928 0.0252496 0.647169 224.72 
0.629905 0.0800539 0.772535 -115.055 -0.0342383 0.996569 -0.0753523 -14.9269 -0.775917 0.0210146 0.630485 225.73 
0.612908 0.0818034 0.785908 -113.849 -0.0372655 0.996512 -0.0746623 -15.0817 -0.789275 0.0164739 0.613819 226.713 
0.595505 0.0849049 0.798852 -112.643 -0.0382841 0.996269 -0.0773481 -15.2291 -0.802439 0.0154778 0.596534 227.673 
0.57841 0.0881495 0.81097 -111.427 -0.0401733 0.996016 -0.0796105 -15.3792 -0.814757 0.0134682 0.579647 228.577 
0.560226 0.0881664 0.823634 -110.199 -0.0404417 0.996045 -0.0791142 -15.531 -0.827352 0.0110127 0.561576 229.452 
0.540314 0.087185 0.836934 -108.971 -0.0412275 0.996166 -0.0771564 -15.6736 -0.840453 0.00718404 0.541837 230.289 
0.519342 0.085719 0.850257 -107.721 -0.0418652 0.996314 -0.0748723 -15.8187 -0.853541 0.00328814 0.521016 231.122 
0.498107 0.0844199 0.862996 -106.475 -0.0423047 0.99643 -0.073055 -15.9426 -0.866083 -0.000119523 0.4999 231.905 
0.47744 0.0835618 0.874682 -105.169 -0.0419255 0.9965 -0.0723147 -16.0858 -0.877664 -0.00214555 0.479272 232.686 
0.456489 0.0834195 0.88581 -103.923 -0.0419978 0.996506 -0.072201 -16.2226 -0.888737 -0.00424313 0.458397 233.374 
0.436316 0.0819952 0.89605 -102.685 -0.0393926 0.996625 -0.0720169 -16.3697 -0.898931 -0.00387559 0.438073 234.011 
0.416419 0.0818866 0.905478 -101.381 -0.0366126 0.996638 -0.0732929 -16.5058 -0.908435 -0.00263137 0.418017 234.64 
0.396124 0.0806873 0.914645 -100.079 -0.0330145 0.996739 -0.0736311 -16.6563 -0.917603 -0.0010295 0.397496 235.254 
0.3757 0.0787817 0.923387 -98.7538 -0.0316027 0.99689 -0.0721946 -16.7975 -0.926202 -0.00205796 0.377021 235.828 
0.355408 0.0785842 0.931402 -97.4323 -0.0309153 0.996903 -0.0723138 -16.934 -0.9342 -0.00309369 0.356736 236.373 
0.335817 0.0832721 0.938239 -96.0922 -0.0316513 0.99652 -0.077116 -17.0804 -0.941395 -0.00379957 0.337284 236.895 
0.316778 0.0923005 0.943998 -94.7828 -0.0327351 0.995725 -0.0863732 -17.2201 -0.947935 -0.0035407 0.318445 237.37 
0.297643 0.100059 0.949419 -93.4853 -0.0350535 0.994967 -0.0938699 -17.3691 -0.954034 -0.0053408 0.299652 237.816 
0.277869 0.10409 0.954963 -92.1641 -0.0378316 0.994527 -0.0973948 -17.5292 -0.959874 -0.00906477 0.280286 238.25 
0.25833 0.105248 0.960306 -90.8864 -0.0403694 0.994355 -0.0981203 -17.6866 -0.965213 -0.0134196 0.261121 238.639 
0.238314 0.105721 0.965417 -89.6121 -0.0446909 0.994198 -0.0978403 -17.8375 -0.970159 -0.0198286 0.241656 239.008 
0.218996 0.10598 0.969953 -88.3227 -0.0463228 0.994092 -0.0981582 -17.9884 -0.974625 -0.0234346 0.222612 239.353 
0.199897 0.104436 0.974235 -87.074 -0.0467426 0.994188 -0.0969836 -18.1405 -0.978701 -0.0261516 0.203617 239.651 
0.181281 0.104424 0.977872 -85.8261 -0.0470846 0.994128 -0.0974314 -18.2851 -0.982304 -0.0283802 0.185133 239.921 
0.163243 0.105049 0.980977 -84.6103 -0.0464847 0.99403 -0.0987116 -18.4286 -0.98549 -0.0294864 0.167152 240.153 
0.144195 0.108607 0.983571 -83.3785 -0.0503499 0.993477 -0.102319 -18.5703 -0.988268 -0.0347687 0.148722 240.375 
0.125892 0.110193 0.985905 -82.1427 -0.0507625 0.993225 -0.104529 -18.7241 -0.990744 -0.0368876 0.130633 240.572 
0.109156 0.107271 0.98822 -80.8887 -0.0511816 0.993448 -0.102185 -18.8775 -0.992706 -0.0394245 0.113931 240.738 
0.0935801 0.102875 0.990283 -79.6586 -0.0489588 0.993919 -0.0986267 -19.0195 -0.994407 -0.0392536 0.0980477 240.885 
0.0794786 0.0986679 0.991941 -78.4677 -0.0486006 0.99429 -0.0950073 -19.1607 -0.995651 -0.0406579 0.0838201 241.013 
0.0663611 0.0952066 0.993243 -77.2834 -0.0464952 0.994651 -0.0922351 -19.2965 -0.996712 -0.0400603 0.0704328 241.133 
0.0559661 0.0952352 0.99388 -76.1134 -0.0462388 0.99462 -0.0927023 -19.4305 -0.997361 -0.0407676 0.0600685 241.225 
0.0468695 0.097678 0.994114 -74.9487 -0.046717 0.994333 -0.0954969 -19.5612 -0.997808 -0.0419661 0.0511671 241.316 
0.0399979 0.0992114 0.994262 -73.812 -0.0480806 0.994097 -0.0972606 -19.6943 -0.998042 -0.0439145 0.044532 241.392 
0.0338497 0.103662 0.994036 -72.6807 -0.048604 0.9936 -0.101961 -19.8239 -0.998244 -0.0448628 0.0386714 241.464 
0.0282449 0.112054 0.993301 -71.5784 -0.0477749 0.992713 -0.110629 -19.9639 -0.998459 -0.0443302 0.0333925 241.528 
0.0234965 0.114973 0.993091 -70.4766 -0.0498294 0.992265 -0.113698 -20.0927 -0.998481 -0.0468136 0.0290438 241.583 
0.0199587 0.10623 0.994141 -69.3713 -0.048639 0.993265 -0.10516 -20.2333 -0.998617 -0.0462552 0.0249912 241.626 
0.0175717 0.0965136 0.995177 -68.2658 -0.0476815 0.994279 -0.0955846 -20.3623 -0.998708 -0.0457719 0.0220731 241.671 
0.016355 0.092924 0.995539 -67.1764 -0.046989 0.994643 -0.0920684 -20.4815 -0.998762 -0.0452736 0.0206338 241.711 
0.0161445 0.0949799 0.995348 -66.1032 -0.0479653 0.994406 -0.0941119 -20.5992 -0.998719 -0.0462228 0.0206099 241.759 
0.0164667 0.0978516 0.995065 -65.0382 -0.0472538 0.994164 -0.096981 -20.7211 -0.998747 -0.0454236 0.0209944 241.802 
0.0179914 0.100234 0.994801 -63.9897 -0.0498999 0.993812 -0.0992319 -20.8438 -0.998592 -0.0478551 0.0228817 241.85 
0.019206 0.101445 0.994656 -62.9283 -0.0521605 0.993586 -0.100328 -20.956 -0.998454 -0.0499548 0.0243742 241.917 
0.0228427 0.103184 0.9944 -61.8882 -0.0531596 0.993378 -0.101857 -21.0755 -0.998325 -0.0505352 0.0281766 241.953 
0.026233 0.104554 0.994173 -60.8512 -0.0553067 0.993144 -0.102986 -21.1901 -0.998125 -0.0522829 0.0318357 242.02 
0.0303957 0.105582 0.993946 -59.839 -0.0562002 0.993013 -0.103764 -21.3039 -0.997957 -0.052706 0.036117 242.091 
0.0362135 0.104577 0.993857 -58.8412 -0.0571171 0.993101 -0.102416 -21.4206 -0.997711 -0.0530574 0.0419368 242.161 
0.042731 0.103147 0.993748 -57.8133 -0.0559063 0.993345 -0.100701 -21.5413 -0.997521 -0.0512537 0.0482131 242.238 
0.0495594 0.102418 0.993506 -56.8235 -0.0542353 0.993537 -0.0997158 -21.6552 -0.997298 -0.0489413 0.0547937 242.31 
0.0560718 0.10341 0.993057 -55.8354 -0.0533605 0.993511 -0.100445 -21.7654 -0.997 -0.0473579 0.0612259 242.409 
0.0627082 0.103202 0.992682 -54.8508 -0.0535605 0.993554 -0.0999094 -21.8787 -0.996594 -0.0469034 0.0678315 242.502 
0.0693088 0.101959 0.992371 -53.8688 -0.0545348 0.993663 -0.0982825 -21.9887 -0.996104 -0.0473069 0.0744298 242.598 
0.0755984 0.0996315 0.992148 -52.8843 -0.0549134 0.993902 -0.0956233 -22.0993 -0.995625 -0.0472532 0.0806085 242.712 
0.0816615 0.098401 0.991791 -51.9123 -0.0555787 0.994015 -0.0940454 -22.2047 -0.995109 -0.0474426 0.0866418 242.828 
0.0882625 0.0989813 0.991167 -50.9271 -0.0557676 0.993981 -0.0942962 -22.3121 -0.994535 -0.0469522 0.0932512 242.944 
0.095006 0.101153 0.990324 -49.9563 -0.0555059 0.993815 -0.0961845 -22.4205 -0.993928 -0.0458308 0.100033 243.056 
0.101205 0.102667 0.989554 -48.9908 -0.0554856 0.993695 -0.0974223 -22.5266 -0.993317 -0.0450463 0.106263 243.183 
0.107442 0.104648 0.988689 -48.0144 -0.0574097 0.993439 -0.0989122 -22.6326 -0.992552 -0.046133 0.112745 243.318 
0.113421 0.105238 0.987958 -47.0579 -0.059555 0.993307 -0.0989702 -22.7394 -0.991761 -0.0476125 0.11893 243.463 
0.119872 0.104841 0.987238 -46.0901 -0.0600145 0.993355 -0.0982037 -22.8467 -0.990974 -0.0474768 0.125367 243.615 
0.125927 0.102793 0.9867 -45.1272 -0.0609115 0.993542 -0.0957315 -22.9494 -0.990168 -0.0480462 0.131375 243.764 
0.132267 0.101048 0.98605 -44.1734 -0.0608614 0.993741 -0.0936724 -23.057 -0.989344 -0.0476226 0.137589 243.918 
0.13862 0.100488 0.985234 -43.2298 -0.0603333 0.993848 -0.0928781 -23.1526 -0.988506 -0.0465677 0.14383 244.077 
0.145172 0.101513 0.984185 -42.2891 -0.0603958 0.993777 -0.0935932 -23.2552 -0.987561 -0.0458536 0.150399 244.253 
0.152216 0.101771 0.983094 -41.3539 -0.0585353 0.993867 -0.0938226 -23.3555 -0.986612 -0.0432643 0.15724 244.422 
0.160599 0.103609 0.981567 -40.4182 -0.0570251 0.993788 -0.095569 -23.454 -0.985371 -0.0406257 0.165509 244.602 
