1 2.12261e-08 -2.11895e-08 0 2.12261e-08 1 2.10703e-08 0 -2.11895e-08 2.10703e-08 1 0 
0.999871 0.00158344 0.0159686 0.00122881 -0.00156894 0.999998 -0.000917969 -0.00194886 -0.01597 0.000892839 0.999872 0.120546 
0.999293 0.00415978 0.037373 0.0149415 -0.00413727 0.999991 -0.000678529 0.00122312 -0.0373756 0.000523468 0.999301 0.26099 
0.997887 0.00585074 0.0647056 0.0442059 -0.00591048 0.999982 0.000732538 -0.00257616 -0.0647002 -0.00111339 0.997904 0.41808 
0.995125 0.00530502 0.0984842 0.0980032 -0.00562915 0.99998 0.00301403 -0.00742129 -0.0984663 -0.00355367 0.995134 0.574399 
0.990564 0.00233905 0.137033 0.153291 -0.00305351 0.999983 0.00500417 -0.00509419 -0.137019 -0.00537534 0.990554 0.745878 
0.984296 -0.00048903 0.176526 0.235244 -0.000461749 0.999986 0.00534519 -0.00287012 -0.176526 -0.00534272 0.984281 0.926661 
0.975467 -0.0005188 0.220147 0.3251 -0.000940447 0.999978 0.00652388 -0.000584262 -0.220145 -0.00657083 0.975445 1.11425 
0.963389 -8.40883e-05 0.268106 0.430287 -0.00249337 0.999954 0.00927327 0.00197846 -0.268095 -0.00960222 0.963345 1.31192 
0.948841 -0.00411655 0.315728 0.554702 -0.00112126 0.999865 0.0164064 -0.000716461 -0.315752 -0.015921 0.948708 1.52077 
0.931725 -0.0139957 0.362896 0.647818 0.00538542 0.99968 0.0247275 -0.0185482 -0.363126 -0.0210849 0.931502 1.67352 
0.910274 -0.0196819 0.413539 0.785224 0.00829311 0.999536 0.0293173 -0.0221571 -0.413924 -0.0232572 0.910014 1.86222 
0.884628 -0.0208356 0.465831 0.92708 0.00605067 0.99943 0.033212 -0.0226674 -0.466258 -0.0265617 0.88425 2.0659 
0.855921 -0.0229455 0.516597 1.08104 0.00411716 0.999286 0.0375636 -0.00828103 -0.51709 -0.0300245 0.855404 2.26952 
0.823151 -0.0281476 0.567125 1.2436 0.00512653 0.999098 0.0421466 -0.0202896 -0.5678 -0.0317856 0.822553 2.44439 
0.786525 -0.0335507 0.616646 1.41171 0.00680012 0.998933 0.045677 -0.0193315 -0.617521 -0.0317328 0.785914 2.62733 
0.747607 -0.0375267 0.66308 1.62958 0.00732771 0.998808 0.0482653 -0.0138052 -0.664101 -0.0312246 0.746991 2.83595 
0.707026 -0.040524 0.706025 1.86579 0.00816585 0.998758 0.0491487 -0.00381231 -0.70714 -0.0289841 0.706479 3.02288 
0.664273 -0.0424833 0.746281 2.12557 0.00709099 0.998697 0.0505407 0.00397224 -0.747456 -0.028281 0.663709 3.22274 
0.620481 -0.0423952 0.783075 2.41824 0.00169901 0.998608 0.0527179 0.0133652 -0.78422 -0.03138 0.619689 3.4462 
0.578035 -0.0428132 0.814888 2.74922 -0.00136693 0.998571 0.0534333 0.0372625 -0.816011 -0.0320002 0.57715 3.64934 
0.53725 -0.0441068 0.842269 3.10781 -0.00304767 0.998524 0.0542335 0.0535988 -0.843417 -0.0317039 0.536323 3.85296 
0.497897 -0.0461634 0.866007 3.49871 -0.00458082 0.998428 0.055856 0.072337 -0.867224 -0.0317776 0.496903 4.06224 
0.460144 -0.0456902 0.886668 3.91895 -0.00799655 0.998421 0.0555989 0.0904649 -0.887808 -0.0326738 0.459052 4.25912 
0.423052 -0.045086 0.904983 4.35824 -0.00929095 0.998493 0.054088 0.10515 -0.906058 -0.0312902 0.421995 4.45164 
0.388814 -0.0438611 0.920272 4.82712 -0.00821341 0.998661 0.0510675 0.124605 -0.92128 -0.0274143 0.387933 4.64343 
0.358549 -0.0414945 0.932588 5.33041 -0.00621731 0.998883 0.0468346 0.164591 -0.93349 -0.0225907 0.357891 4.8294 
0.332892 -0.0400978 0.942112 5.86929 -0.00496044 0.999007 0.0442722 0.177772 -0.942952 -0.0194111 0.332362 5.00889 
0.312302 -0.0392291 0.949173 6.43308 -0.00394659 0.999085 0.0425906 0.208331 -0.949975 -0.0170471 0.311861 5.19756 
0.297668 -0.0395782 0.953849 7.03329 -0.00276557 0.9991 0.0423189 0.236753 -0.954666 -0.0152349 0.297291 5.37853 
0.286191 -0.0411647 0.957288 7.65944 -0.0018413 0.999051 0.0435112 0.259153 -0.958171 -0.0142151 0.285843 5.56699 
0.275396 -0.042899 0.960373 8.30682 -0.00309036 0.998959 0.0455089 0.286258 -0.961326 -0.0155009 0.274977 5.75642 
0.26512 -0.0449468 0.963167 8.98815 -0.00405789 0.998852 0.0477291 0.310392 -0.964207 -0.0165624 0.264633 5.94281 
0.25487 -0.0463467 0.965864 9.6785 -0.00480993 0.998778 0.0491953 0.346495 -0.966963 -0.0171841 0.254336 6.13654 
0.244721 -0.0480997 0.9684 10.4063 -0.00588045 0.998677 0.0510896 0.379526 -0.969576 -0.0181973 0.244114 6.32883 
0.23399 -0.0494834 0.970979 11.1453 -0.00603983 0.998611 0.0523471 0.412697 -0.97222 -0.0181132 0.233366 6.52198 
0.223511 -0.0506471 0.973385 11.9071 -0.00633012 0.998553 0.0534102 0.445494 -0.974681 -0.0180994 0.222867 6.70885 
0.212679 -0.0535656 0.975653 12.6835 -0.00744096 0.998379 0.0564354 0.477801 -0.977094 -0.0192624 0.211936 6.88886 
0.20126 -0.0569777 0.977879 13.47 -0.00925883 0.998152 0.0600645 0.517528 -0.979494 -0.0211426 0.200361 7.06051 
0.189075 -0.0607519 0.980082 14.2741 -0.00979846 0.997918 0.0637478 0.559029 -0.981914 -0.0216564 0.188086 7.225 
0.17613 -0.0631047 0.982342 15.0664 -0.0105304 0.997765 0.0659836 0.59441 -0.984311 -0.0219661 0.175072 7.37725 
0.161728 -0.063677 0.984779 15.8742 -0.0109446 0.997739 0.0663125 0.633526 -0.986775 -0.0215026 0.160665 7.52314 
0.147391 -0.0624174 0.987107 16.6768 -0.0117537 0.997826 0.0648503 0.678406 -0.989008 -0.0211605 0.146337 7.64923 
0.131002 -0.0615207 0.989471 17.4871 -0.0125265 0.99789 0.0637026 0.711756 -0.991303 -0.0207398 0.129955 7.7611 
0.110362 -0.0600983 0.992073 18.3121 -0.0150297 0.997955 0.0621267 0.748623 -0.993778 -0.021767 0.109233 7.86547 
0.084667 -0.0587009 0.994679 19.1457 -0.0197795 0.997967 0.0605787 0.783456 -0.996213 -0.0248032 0.0833338 7.94757 
0.0539195 -0.0581134 0.996853 19.9777 -0.0235455 0.997954 0.0594512 0.819615 -0.998268 -0.026677 0.0524408 8.00634 
0.0204909 -0.0578161 0.998117 20.8243 -0.0265546 0.997943 0.0583512 0.856313 -0.999437 -0.0277002 0.0189135 8.03174 
-0.0141005 -0.0573137 0.998257 21.6775 -0.0283161 0.997978 0.0568978 0.888338 -0.9995 -0.0274645 -0.0156949 8.02725 
-0.0479105 -0.0559474 0.997284 22.5188 -0.0296186 0.998071 0.0545687 0.920193 -0.998412 -0.0269237 -0.0494752 7.99111 
-0.080966 -0.053915 0.995258 23.3602 -0.0312594 0.998182 0.0515305 0.946365 -0.996227 -0.0269389 -0.0825042 7.92694 
-0.11357 -0.0509654 0.992222 24.207 -0.0336685 0.998307 0.0474243 0.973085 -0.992959 -0.0280207 -0.115094 7.84233 
-0.146113 -0.0460902 0.988194 25.0377 -0.0303958 0.998652 0.0420838 0.997402 -0.988801 -0.023888 -0.147317 7.72065 
-0.177305 -0.0401255 0.983338 25.8654 -0.0241688 0.999045 0.0364086 1.01326 -0.983859 -0.0173107 -0.178105 7.56286 
-0.20763 -0.0336997 0.977627 26.6881 -0.0178699 0.99937 0.0306541 1.02671 -0.978044 -0.0111054 -0.208102 7.37986 
-0.236469 -0.0281161 0.971232 27.5119 -0.0118425 0.99959 0.0260538 1.03192 -0.971567 -0.00534092 -0.236705 7.17449 
-0.263983 -0.0220659 0.964275 28.3141 -0.00348144 0.999754 0.0219248 1.03537 -0.964521 0.0024307 -0.263995 6.94624 
-0.290305 -0.0117879 0.956862 29.1045 0.00215396 0.999914 0.0129718 1.02512 -0.956932 0.00582682 -0.290255 6.70773 
-0.31595 0.00350251 0.948769 29.8701 0.00635594 0.999979 -0.00157493 1.01018 -0.948755 0.00553271 -0.315966 6.46962 
-0.340715 0.020883 0.939935 30.6216 0.00707066 0.999782 -0.0196495 0.993438 -0.94014 -4.89391e-05 -0.340788 6.2159 
-0.366087 0.03534 0.929909 31.3438 0.00705681 0.999355 -0.035201 0.950219 -0.930554 -0.00632445 -0.366101 5.9438 
-0.390406 0.0455241 0.919517 32.0943 0.0107625 0.998934 -0.0448865 0.904459 -0.92058 -0.00762769 -0.39048 5.62997 
-0.413707 0.0496888 0.909053 32.8233 0.0132137 0.998732 -0.0485771 0.863765 -0.910314 -0.00808477 -0.413839 5.30638 
-0.436407 0.0492092 0.898403 33.5575 0.0165212 0.998773 -0.0466816 0.811951 -0.899598 -0.00552952 -0.436685 4.95452 
-0.456495 0.044935 0.888591 34.2822 0.0194685 0.998989 -0.0405161 0.769104 -0.889513 -0.00119585 -0.456909 4.58531 
-0.47409 0.04358 0.879397 34.9902 0.0275397 0.99902 -0.0346612 0.709876 -0.880046 0.00778583 -0.474825 4.2011 
-0.487755 0.0440852 0.871867 35.6965 0.0294822 0.998986 -0.0340194 0.665978 -0.872483 0.00911135 -0.48856 3.80765 
-0.498678 0.0483 0.865441 36.393 0.0337604 0.998771 -0.0362879 0.618969 -0.86613 0.0111217 -0.499695 3.40901 
-0.508416 0.0507447 0.859615 37.0783 0.0346646 0.998659 -0.0384505 0.5723 -0.860414 0.0102494 -0.509493 3.01304 
-0.5192 0.0500512 0.853186 37.7666 0.0283719 0.998743 -0.0413245 0.529233 -0.854182 0.00275082 -0.519967 2.61453 
-0.530372 0.0487682 0.846361 38.4548 0.0277852 0.998808 -0.0401407 0.484299 -0.84731 0.00222682 -0.531095 2.20105 
-0.539103 0.0500596 0.840751 39.1051 0.0299001 0.99874 -0.0402941 0.440342 -0.841709 0.00341586 -0.539921 1.80233 
-0.546619 0.0528131 0.835714 39.7827 0.0326845 0.998594 -0.0417282 0.393769 -0.836743 0.00450547 -0.547577 1.38335 
-0.550247 0.0556949 0.833143 40.4646 0.0335076 0.998442 -0.0446151 0.349742 -0.83433 0.00336727 -0.551256 0.95334 
-0.549899 0.0578407 0.833226 41.1597 0.0335278 0.998324 -0.0471743 0.299914 -0.834558 0.00199521 -0.550916 0.50524 
-0.546726 0.0579035 0.835307 41.8701 0.0354156 0.998312 -0.0460228 0.253702 -0.836562 0.00442112 -0.547854 0.0641211 
-0.541077 0.0567389 0.839057 42.5952 0.0334013 0.998384 -0.0459737 0.205972 -0.840309 0.00315024 -0.542098 -0.377798 
-0.534211 0.0553546 0.843537 43.3596 0.0308922 0.998466 -0.0459573 0.157807 -0.844787 0.00150783 -0.535101 -0.834745 
-0.527859 0.0546507 0.847572 44.1402 0.0297895 0.998505 -0.0458301 0.0993531 -0.84881 0.00105695 -0.528697 -1.24786 
-0.521773 0.0532162 0.851423 44.939 0.0268033 0.998582 -0.0459883 0.0499022 -0.852663 -0.00117449 -0.522459 -1.70448 
-0.51769 0.0507865 0.85406 45.7432 0.0222466 0.998698 -0.0459025 -0.00377218 -0.855279 -0.00476341 -0.518146 -2.16183 
-0.516471 0.0480397 0.854956 46.5695 0.0179416 0.998813 -0.0452846 -0.0583861 -0.856117 -0.00804889 -0.51672 -2.63167 
-0.517129 0.0454555 0.854699 47.4271 0.0150119 0.998917 -0.0440425 -0.112331 -0.855776 -0.00994503 -0.517252 -3.10868 
-0.519683 0.0444106 0.853204 48.273 0.0136573 0.998952 -0.0436784 -0.157769 -0.85425 -0.0110465 -0.519745 -3.4971 
-0.520774 0.0434382 0.852589 49.1093 0.0134168 0.998998 -0.0427023 -0.212048 -0.853589 -0.0107993 -0.520835 -3.9656 
-0.522578 0.0428862 0.851512 49.9489 0.0132053 0.999021 -0.0422113 -0.26563 -0.852489 -0.0108143 -0.522633 -4.39027 
-0.523485 0.0418832 0.851005 50.8304 0.0131239 0.999069 -0.0410974 -0.320007 -0.851934 -0.0103454 -0.523548 -4.88109 
-0.524815 0.0413456 0.850212 51.7756 0.0120245 0.99908 -0.0411626 -0.37386 -0.851132 -0.0113794 -0.524829 -5.37724 
-0.525676 0.0398527 0.849751 52.6922 0.00992787 0.999121 -0.0407164 -0.42441 -0.850627 -0.0129675 -0.52561 -5.89048 
-0.526059 0.0388949 0.849558 53.5817 0.0087791 0.999149 -0.0403074 -0.486453 -0.850403 -0.0137457 -0.525953 -6.41563 
-0.52593 0.0380406 0.849677 54.4659 0.00741806 0.999167 -0.0401417 -0.544614 -0.850495 -0.0148088 -0.525774 -6.92036 
-0.525868 0.0364199 0.849786 55.3069 0.00730717 0.999239 -0.0383032 -0.600354 -0.850535 -0.0139329 -0.525734 -7.37512 
-0.524714 0.0339874 0.8506 56.1574 0.007489 0.999348 -0.0353112 -0.667201 -0.851246 -0.0121581 -0.524627 -7.85853 
-0.523547 0.0319179 0.851399 56.9924 0.00718453 0.999428 -0.0330493 -0.736277 -0.851967 -0.011186 -0.523476 -8.3242 
-0.521483 0.0316287 0.852675 57.8878 0.00740608 0.999443 -0.0325433 -0.79544 -0.853229 -0.0106558 -0.521427 -8.83547 
-0.519749 0.0319123 0.853723 58.7559 0.00794774 0.99944 -0.0325206 -0.849744 -0.854282 -0.0101174 -0.519712 -9.33219 
-0.520443 0.0323947 0.853282 59.6895 0.00736604 0.999413 -0.0334498 -0.901279 -0.853865 -0.0111234 -0.520376 -9.79988 
-0.521664 0.0333431 0.852499 60.557 0.00640705 0.999361 -0.0351665 -0.96239 -0.853127 -0.0128831 -0.521544 -10.3014 
-0.525573 0.0352392 0.850018 61.4552 0.00481252 0.999249 -0.0384502 -1.01396 -0.850735 -0.0161176 -0.525348 -10.7895 
-0.530328 0.0352949 0.847058 62.3289 0.00281558 0.999201 -0.0398715 -1.07393 -0.847788 -0.01876 -0.530003 -11.3016 
-0.536258 0.0339349 0.843371 63.1874 0.00337963 0.99927 -0.0380589 -1.12608 -0.844047 -0.0175591 -0.535982 -11.8123 
-0.542051 0.0319505 0.839738 64.04 0.0046628 0.999376 -0.0350146 -1.17713 -0.840333 -0.0150642 -0.541862 -12.3376 
-0.547845 0.0293464 0.836065 64.9198 0.00172065 0.999422 -0.0339528 -1.23444 -0.836578 -0.0171623 -0.547579 -12.867 
-0.553361 0.0327182 0.832299 65.7738 0.00364612 0.999314 -0.0368595 -1.28602 -0.832933 -0.017362 -0.553101 -13.3966 
-0.558623 0.0345215 0.828703 66.6118 0.00388856 0.999232 -0.039004 -1.33274 -0.829412 -0.0185661 -0.558328 -13.9332 
-0.563285 0.0353051 0.825508 67.4317 0.0027924 0.999162 -0.0408265 -1.39176 -0.826258 -0.0206919 -0.562912 -14.4664 
-0.567193 0.0350604 0.822838 68.2478 0.00100784 0.999122 -0.0418769 -1.45041 -0.823584 -0.022923 -0.566731 -14.9995 
-0.570153 0.0348679 0.820798 69.0437 0.00267118 0.999172 -0.0405898 -1.50302 -0.821534 -0.0209499 -0.569775 -15.5362 
-0.572406 0.0280729 0.819489 69.8619 0.00330488 0.999485 -0.0319304 -1.55572 -0.819963 -0.0155689 -0.572204 -16.0901 
-0.574421 0.019452 0.818329 70.6709 0.00270084 0.999757 -0.0218688 -1.60523 -0.818555 -0.0103517 -0.574334 -16.6403 
-0.575538 0.0187069 0.817561 71.4668 0.00479267 0.999798 -0.0195028 -1.64966 -0.817761 -0.00730633 -0.575512 -17.1853 
-0.576607 0.0231657 0.816693 72.2557 0.00473403 0.999676 -0.0250137 -1.68735 -0.817008 -0.0105568 -0.57653 -17.7236 
-0.5781 0.0294841 0.815433 73.037 0.00666511 0.999484 -0.0314137 -1.73019 -0.815939 -0.0127253 -0.577999 -18.2508 
-0.578428 0.0335982 0.815041 73.8271 0.0117635 0.999391 -0.0328491 -1.76579 -0.815648 -0.00941308 -0.578471 -18.8023 
-0.578422 0.0346785 0.815 74.6063 0.0151532 0.99938 -0.0317693 -1.82119 -0.815597 -0.00602615 -0.578589 -19.3444 
-0.57827 0.031517 0.815237 75.3855 0.0137755 0.999488 -0.0288688 -1.86297 -0.81573 -0.00546367 -0.578408 -19.8663 
-0.57748 0.0266128 0.815971 76.1671 0.0126206 0.99964 -0.0236713 -1.90722 -0.816307 -0.00337167 -0.577608 -20.405 
-0.576972 0.0199232 0.816521 76.9523 0.00888678 0.999796 -0.0181156 -1.94422 -0.816716 -0.00319594 -0.577031 -20.9291 
-0.576781 0.0144376 0.816771 77.7364 0.000145541 0.999846 -0.0175709 -1.97345 -0.816899 -0.0100157 -0.576694 -21.4369 
-0.575256 0.00888197 0.817925 78.5211 -0.00762671 0.999839 -0.0162213 -2.00675 -0.817938 -0.0155695 -0.575096 -21.9509 
-0.573491 0.00974123 0.819154 79.3038 -0.00414356 0.999882 -0.0147913 -2.04047 -0.819202 -0.0118769 -0.573383 -22.4794 
-0.570599 0.0132549 0.821122 80.0739 -0.000382251 0.999865 -0.0164058 -2.06965 -0.821229 -0.00967502 -0.570517 -22.9952 
-0.565103 0.016316 0.824859 80.8546 0.00178855 0.999826 -0.0185516 -2.10297 -0.825019 -0.00900827 -0.565034 -23.5196 
-0.557689 0.0189714 0.829833 81.6383 0.00706131 0.999811 -0.0181119 -2.13484 -0.83002 -0.00424109 -0.557718 -24.0279 
-0.549764 0.0226791 0.835012 82.4251 0.0146394 0.999739 -0.0175146 -2.17207 -0.835192 0.00259522 -0.549953 -24.5353 
-0.540315 0.0215713 0.841186 83.2129 0.0120229 0.999767 -0.0179152 -2.20278 -0.841377 0.000433626 -0.540448 -25.0197 
-0.529473 0.0193791 0.848105 84.0154 0.00956134 0.999812 -0.0168764 -2.23016 -0.848273 -0.000826596 -0.529559 -25.4988 
-0.518341 0.0160483 0.855023 84.8238 0.00983656 0.99987 -0.0128038 -2.26484 -0.855117 0.00177377 -0.518432 -25.9642 
-0.507695 0.0155002 0.861398 85.6344 0.00912231 0.999879 -0.0126155 -2.2942 -0.861489 0.0014531 -0.507775 -26.4184 
-0.495424 0.0147214 0.868527 86.4486 0.009683 0.999888 -0.0114245 -2.32007 -0.868597 0.00274995 -0.495511 -26.8729 
-0.483679 0.0158029 0.875103 87.2592 0.0113705 0.999866 -0.0117712 -2.35048 -0.875172 0.00425682 -0.483794 -27.3041 
-0.472552 0.0195213 0.881086 88.0759 0.0110791 0.999807 -0.0162097 -2.38637 -0.881233 0.00210167 -0.472678 -27.7115 
-0.461395 0.028811 0.886727 88.8895 0.0138697 0.999585 -0.0252609 -2.41793 -0.887086 0.000643344 -0.461603 -28.1169 
-0.448854 0.0333981 0.892981 89.718 0.0130993 0.99944 -0.0307954 -2.44972 -0.893509 -0.00212515 -0.44904 -28.5165 
-0.437841 0.0304188 0.898538 90.5574 0.0125166 0.999537 -0.0277389 -2.49437 -0.898965 -0.000898599 -0.438019 -28.9002 
-0.426315 0.0266023 0.904183 91.3932 0.011774 0.999646 -0.0238595 -2.53999 -0.904498 0.000474195 -0.426478 -29.2763 
-0.416794 0.0273725 0.908589 92.2245 0.00858225 0.99962 -0.026178 -2.57791 -0.90896 -0.00311311 -0.416871 -29.6336 
-0.410187 0.0312972 0.911464 93.054 0.00314698 0.999454 -0.0329023 -2.62226 -0.911996 -0.0106277 -0.410062 -29.978 
-0.405505 0.0358535 0.913389 93.8797 -0.00223472 0.999189 -0.0402135 -2.67179 -0.91409 -0.0183479 -0.405096 -30.3154 
-0.402426 0.0373567 0.91469 94.7061 -0.00563737 0.999047 -0.0432821 -2.71934 -0.915435 -0.0225743 -0.401832 -30.653 
-0.398873 0.0370135 0.916259 95.5354 -0.0068156 0.999038 -0.0433245 -2.77506 -0.916981 -0.0235258 -0.398237 -30.9968 
-0.393789 0.0373852 0.918441 96.3689 -0.00697911 0.999022 -0.0436576 -2.83067 -0.919175 -0.0236018 -0.393143 -31.3341 
-0.388133 0.0334909 0.920995 97.2271 -0.00917468 0.99915 -0.0401994 -2.8764 -0.921558 -0.0240525 -0.387496 -31.6726 
-0.382909 0.0299224 0.923301 98.0593 -0.00878284 0.999312 -0.0360281 -2.92891 -0.923744 -0.0219047 -0.382383 -31.9986 
-0.377573 0.0268247 0.925591 98.904 -0.0121154 0.999352 -0.0339046 -2.97634 -0.925901 -0.0240153 -0.377003 -32.3184 
-0.372304 0.0249648 0.927775 99.7619 -0.0199381 0.999192 -0.0348873 -3.02213 -0.927897 -0.0314867 -0.371505 -32.6197 
-0.366314 0.0247793 0.930161 100.601 -0.0276805 0.998913 -0.0375119 -3.06925 -0.930079 -0.0394885 -0.36523 -32.919 
-0.35998 0.0287821 0.932516 101.437 -0.0260033 0.998826 -0.0408668 -3.12036 -0.932597 -0.0389598 -0.358809 -33.219 
-0.353194 0.0321261 0.934998 102.275 -0.02387 0.998775 -0.0433343 -3.17003 -0.935246 -0.0376239 -0.351994 -33.5174 
-0.347035 0.029965 0.937374 103.132 -0.0254556 0.99882 -0.0413535 -3.21877 -0.937507 -0.0382125 -0.345863 -33.8068 
-0.340345 0.0250659 0.939967 103.987 -0.0260682 0.999009 -0.0360791 -3.27104 -0.939939 -0.0367826 -0.339354 -34.0927 
-0.333432 0.0226153 0.942503 104.839 -0.0279796 0.999035 -0.0338702 -3.31856 -0.942359 -0.0376643 -0.332477 -34.3761 
-0.32717 0.0258361 0.944612 105.68 -0.0290917 0.998877 -0.0373963 -3.36299 -0.944518 -0.0397154 -0.326051 -34.6491 
-0.32131 0.0286451 0.946541 106.553 -0.0288357 0.998783 -0.0400146 -3.40452 -0.946535 -0.0401512 -0.320093 -34.9147 
-0.315704 0.0287845 0.948421 107.42 -0.0336327 0.998572 -0.041502 -3.44462 -0.948262 -0.0450002 -0.314285 -35.1563 
-0.308806 0.0280927 0.95071 108.283 -0.033996 0.998599 -0.0405501 -3.49675 -0.950517 -0.0448424 -0.307418 -35.4164 
-0.300712 0.0280305 0.953303 109.147 -0.0297225 0.998807 -0.0387442 -3.54841 -0.953252 -0.0399854 -0.29952 -35.6684 
-0.292904 0.0289134 0.955705 109.953 -0.0271391 0.998889 -0.0385375 -3.60075 -0.955757 -0.0372247 -0.291794 -35.9216 
-0.286782 0.0294187 0.957544 110.825 -0.0265289 0.998901 -0.0386347 -3.64798 -0.957628 -0.0364823 -0.285687 -36.1515 
-0.279791 0.0281679 0.959648 111.676 -0.0322852 0.998728 -0.0387279 -3.69333 -0.959518 -0.0418181 -0.278525 -36.3786 
-0.273929 0.0263449 0.961389 112.548 -0.0360832 0.998639 -0.0376468 -3.73962 -0.961073 -0.0450025 -0.272606 -36.599 
-0.26925 0.0265833 0.962703 113.412 -0.0329654 0.998779 -0.0367992 -3.78915 -0.962506 -0.0416441 -0.268045 -36.8245 
-0.265031 0.026908 0.963864 114.28 -0.0313052 0.998844 -0.0364924 -3.83724 -0.963732 -0.0398456 -0.263882 -37.0401 
-0.259951 0.028142 0.965212 115.149 -0.0305289 0.998836 -0.0373444 -3.8844 -0.965139 -0.0391746 -0.258789 -37.2646 
-0.253869 0.0274495 0.966849 116.022 -0.0241124 0.999107 -0.0346965 -3.92987 -0.966938 -0.0321214 -0.25298 -37.4877 
-0.248559 0.0266605 0.96825 116.889 -0.0164988 0.99936 -0.0317524 -3.97213 -0.968476 -0.0238673 -0.24796 -37.7045 
-0.243583 0.0257929 0.969537 117.758 -0.0143926 0.99944 -0.0302044 -4.01913 -0.969773 -0.0213114 -0.243075 -37.9101 
-0.239669 0.0272433 0.970472 118.631 -0.0163797 0.999351 -0.0320991 -4.06289 -0.970717 -0.0235892 -0.239067 -38.1039 
-0.236032 0.0290733 0.97131 119.5 -0.0180671 0.999248 -0.0342999 -4.10271 -0.971577 -0.0256446 -0.235329 -38.2973 
-0.234366 0.0284145 0.971733 120.37 -0.0202631 0.999213 -0.0341051 -4.14831 -0.971937 -0.0276834 -0.233606 -38.486 
-0.233511 0.0273596 0.971969 121.238 -0.0206649 0.999239 -0.0330918 -4.19155 -0.972134 -0.0278129 -0.232768 -38.6712 
-0.232172 0.022983 0.972403 122.105 -0.0188282 0.999427 -0.0281171 -4.23549 -0.972493 -0.0248366 -0.231606 -38.8678 
-0.231269 0.0174928 0.972733 122.976 -0.0200795 0.99954 -0.0227487 -4.27818 -0.972683 -0.0247931 -0.230811 -39.0533 
-0.230563 0.015481 0.972934 123.835 -0.0193966 0.999602 -0.0205018 -4.31966 -0.972864 -0.0235986 -0.230171 -39.2376 
-0.229402 0.0204626 0.973117 124.677 -0.0192359 0.999488 -0.0255517 -4.35441 -0.973142 -0.0245803 -0.228891 -39.4199 
-0.22917 0.023895 0.973093 125.52 -0.0191078 0.999396 -0.0290409 -4.39489 -0.973199 -0.025249 -0.228575 -39.6049 
-0.22882 0.0231625 0.973193 126.375 -0.0213217 0.999358 -0.0287984 -4.43718 -0.973235 -0.0273398 -0.22818 -39.7902 
-0.228687 0.02183 0.973255 127.229 -0.0234987 0.999334 -0.0279364 -4.48568 -0.973216 -0.0292589 -0.228021 -39.9716 
-0.227878 0.022914 0.97342 128.06 -0.0188906 0.999431 -0.0279486 -4.5234 -0.973507 -0.0247574 -0.227315 -40.1561 
-0.226934 0.0255749 0.973574 128.903 -0.0204235 0.99931 -0.0310115 -4.56233 -0.973696 -0.0269213 -0.226255 -40.3394 
-0.227167 0.0261117 0.973506 129.729 -0.0281185 0.999048 -0.0333582 -4.60896 -0.97345 -0.0349514 -0.226217 -40.5004 
-0.227199 0.0271184 0.973471 130.552 -0.0342514 0.998771 -0.0358171 -4.65563 -0.973246 -0.0414803 -0.225991 -40.6604 
-0.226708 0.0303784 0.973489 131.365 -0.0310033 0.998782 -0.0383877 -4.70464 -0.973469 -0.0388842 -0.22549 -40.8368 
-0.226387 0.0307685 0.973551 132.143 -0.031282 0.998756 -0.0388393 -4.76256 -0.973535 -0.0392474 -0.225143 -40.9982 
-0.22506 0.0318365 0.973825 132.954 -0.0324708 0.998666 -0.0401529 -4.80777 -0.973804 -0.0406577 -0.223726 -41.1622 
-0.223153 0.0316349 0.97427 133.766 -0.0231131 0.999021 -0.0377325 -4.85604 -0.974509 -0.0309385 -0.222203 -41.3374 
-0.219985 0.0284402 0.975089 134.566 -0.0181127 0.999284 -0.0332321 -4.90501 -0.975335 -0.024972 -0.219313 -41.5124 
-0.218206 0.0236795 0.975615 135.365 -0.0143711 0.999519 -0.0274739 -4.94788 -0.975797 -0.0200156 -0.217761 -41.6742 
-0.214898 0.0231405 0.976362 136.145 -0.0119292 0.999583 -0.0263164 -4.98921 -0.976564 -0.0173026 -0.214532 -41.8328 
-0.210322 0.0281355 0.977227 136.936 -0.0120252 0.999436 -0.031363 -5.03105 -0.977558 -0.0183476 -0.209865 -41.9831 
-0.203976 0.0309957 0.978485 137.716 -0.0105013 0.999372 -0.0338464 -5.07094 -0.97892 -0.0171792 -0.203522 -42.1304 
-0.195999 0.0318105 0.980088 138.502 -0.0122024 0.999317 -0.0348748 -5.10497 -0.980528 -0.0187948 -0.195477 -42.2645 
-0.185973 0.0277776 0.982162 139.308 -0.00854029 0.999517 -0.0298855 -5.14465 -0.982518 -0.0139458 -0.185646 -42.4154 
-0.174628 0.0263465 0.984282 140.096 -0.00509467 0.999604 -0.0276605 -5.18631 -0.984621 -0.0098449 -0.174425 -42.5365 
-0.160567 0.0289636 0.9866 140.877 -0.00062537 0.999566 -0.0294459 -5.22146 -0.987025 -0.00534504 -0.160479 -42.658 
-0.147486 0.030225 0.988602 141.637 -0.00272973 0.999517 -0.0309659 -5.25232 -0.98906 -0.00726565 -0.147332 -42.7386 
-0.133726 0.0300072 0.990564 142.429 -0.00221683 0.99953 -0.030578 -5.29322 -0.991016 -0.00628499 -0.133597 -42.831 
-0.1203 0.0321457 0.992217 143.22 -0.00233066 0.999464 -0.032663 -5.32774 -0.992735 -0.00624188 -0.12016 -42.9116 
-0.106502 0.0383794 0.993572 143.992 -0.00622083 0.99921 -0.0392639 -5.37471 -0.994293 -0.0103625 -0.106179 -42.9736 
-0.0943597 0.047668 0.994396 144.751 -0.0136675 0.998697 -0.0491711 -5.41565 -0.995444 -0.0182307 -0.0935853 -43.0098 
-0.080716 0.0551012 0.995213 145.518 -0.017675 0.998235 -0.056702 -5.46742 -0.99658 -0.0221671 -0.0795996 -43.0462 
-0.0670888 0.0559141 0.996179 146.28 -0.0176679 0.998205 -0.0572177 -5.5129 -0.997591 -0.0214391 -0.0659805 -43.085 
-0.0555278 0.0523052 0.997086 147.052 -0.0230335 0.998294 -0.0536513 -5.56027 -0.998191 -0.0259455 -0.0542283 -43.1021 
-0.0452244 0.0496305 0.997743 147.819 -0.026984 0.99834 -0.0508833 -5.61735 -0.998612 -0.0292243 -0.0438101 -43.1079 
-0.0360152 0.0558789 0.997788 148.574 -0.030436 0.997911 -0.0569844 -5.67296 -0.998888 -0.032421 -0.0342393 -43.113 
-0.0293743 0.0639603 0.99752 149.325 -0.0345315 0.99729 -0.0649624 -5.72378 -0.998972 -0.0363541 -0.027086 -43.1152 
-0.0264331 0.0667182 0.997422 150.075 -0.0384501 0.996964 -0.0677066 -5.77547 -0.998911 -0.0401406 -0.0237875 -43.1098 
-0.026021 0.062191 0.997725 150.844 -0.0403722 0.997183 -0.0632102 -5.8323 -0.998846 -0.0419252 -0.023437 -43.1162 
-0.0280888 0.0574111 0.997955 151.596 -0.0421135 0.997395 -0.0585642 -5.90063 -0.998718 -0.0436724 -0.0255979 -43.1162 
-0.0309397 0.0544911 0.998035 152.34 -0.0410298 0.997602 -0.0557394 -5.95129 -0.998679 -0.0426737 -0.0286298 -43.1244 
-0.0338058 0.0548711 0.997921 153.082 -0.0392398 0.997649 -0.0561853 -6.00212 -0.998658 -0.0410576 -0.0315731 -43.1387 
-0.0376311 0.0546807 0.997795 153.822 -0.0377806 0.99771 -0.0561009 -6.06156 -0.998577 -0.0398084 -0.035479 -43.1513 
-0.0427309 0.0533779 0.99766 154.564 -0.039171 0.997715 -0.0550585 -6.11218 -0.998318 -0.0414321 -0.0405424 -43.1604 
-0.0479554 0.054011 0.997388 155.306 -0.0394596 0.997655 -0.0559226 -6.15378 -0.99807 -0.0420383 -0.0457117 -43.1834 
-0.0538004 0.0522338 0.997185 156.05 -0.0400931 0.997713 -0.0544245 -6.20034 -0.997747 -0.0429083 -0.0515831 -43.2106 
-0.0597778 0.0496336 0.996977 156.789 -0.0379151 0.997929 -0.0519543 -6.2548 -0.997491 -0.0409062 -0.0577721 -43.2432 
-0.0650326 0.0495297 0.996653 157.512 -0.0386542 0.997893 -0.0521135 -6.30479 -0.997134 -0.0419139 -0.062981 -43.2818 
-0.0709101 0.0510065 0.996178 158.235 -0.0403452 0.997728 -0.0539577 -6.34938 -0.996667 -0.0440171 -0.0686911 -43.3113 
-0.0744758 0.053118 0.995807 158.954 -0.0406764 0.997588 -0.0562551 -6.4022 -0.996393 -0.0446955 -0.0721354 -43.3551 
-0.0769182 0.0557237 0.995479 159.675 -0.0415157 0.997392 -0.0590386 -6.45193 -0.996173 -0.0458692 -0.0744041 -43.4004 
-0.0783934 0.0577508 0.995248 160.396 -0.0390664 0.997376 -0.0609513 -6.49817 -0.996157 -0.043659 -0.0759316 -43.4483 
-0.0775248 0.0560943 0.995411 161.113 -0.0349318 0.99765 -0.058941 -6.55085 -0.996378 -0.0393408 -0.0753831 -43.4958 
-0.073444 0.052602 0.995911 161.819 -0.0327918 0.997941 -0.0551274 -6.60686 -0.99676 -0.0367065 -0.0715678 -43.5399 
-0.0659883 0.0526172 0.996432 162.522 -0.0318709 0.997988 -0.05481 -6.66028 -0.997311 -0.035374 -0.0641786 -43.5718 
-0.0548571 0.0532585 0.997073 163.214 -0.0295255 0.998053 -0.0549353 -6.71399 -0.998058 -0.0324527 -0.0531779 -43.5947 
-0.040339 0.053101 0.997774 163.902 -0.0269583 0.998166 -0.0542117 -6.76524 -0.998822 -0.0290851 -0.0388335 -43.6097 
-0.0251652 0.0505006 0.998407 164.596 -0.0281784 0.998291 -0.051205 -6.81203 -0.999286 -0.0294221 -0.0236991 -43.6069 
-0.00899669 0.0454242 0.998927 165.285 -0.0329332 0.998412 -0.0456973 -6.85706 -0.999417 -0.033309 -0.00748645 -43.5887 
0.00761602 0.0383671 0.999235 165.976 -0.0343968 0.998682 -0.0380837 -6.90091 -0.999379 -0.0340804 0.00892569 -43.5625 
0.0247897 0.0311978 0.999206 166.655 -0.0354121 0.998913 -0.0303101 -6.93507 -0.999065 -0.0346326 0.0258675 -43.5263 
0.042357 0.0234786 0.998827 167.332 -0.0352094 0.999138 -0.0219927 -6.96913 -0.998482 -0.0342366 0.0431472 -43.4767 
0.0596217 0.0174789 0.998068 167.999 -0.037121 0.999194 -0.0152811 -6.99951 -0.997531 -0.0361381 0.0602225 -43.4154 
0.0774863 0.0153575 0.996875 168.657 -0.0378634 0.999205 -0.0124503 -7.02399 -0.996274 -0.0367803 0.0780062 -43.3418 
0.095192 0.0140718 0.99536 169.307 -0.0365243 0.999276 -0.0106341 -7.04167 -0.994789 -0.0353425 0.0956371 -43.259 
0.112467 0.0134527 0.993564 169.951 -0.0372328 0.999263 -0.00931516 -7.05785 -0.992958 -0.0359456 0.112885 -43.1603 
0.128673 0.0122576 0.991611 170.581 -0.0427317 0.999063 -0.00680471 -7.07647 -0.990766 -0.0414977 0.129077 -43.0552 
0.143265 0.00847944 0.989648 171.21 -0.0437804 0.999039 -0.00222205 -7.08799 -0.988716 -0.0430088 0.143499 -42.9375 
0.155609 0.00442475 0.987809 171.851 -0.0407693 0.999167 0.00194679 -7.10379 -0.986977 -0.0405752 0.15566 -42.8199 
0.166569 0.00340843 0.986024 172.466 -0.0384092 0.999258 0.00303434 -7.11359 -0.985281 -0.0383778 0.166576 -42.7058 
0.176485 0.00723209 0.984277 173.072 -0.0428359 0.999082 0.000339831 -7.12251 -0.983371 -0.0422223 0.176633 -42.5733 
0.185491 0.0143318 0.982541 173.671 -0.0466089 0.998897 -0.00577116 -7.13086 -0.98154 -0.0447246 0.185954 -42.43 
0.194677 0.0241739 0.980569 174.272 -0.0464839 0.9988 -0.0153946 -7.14951 -0.979765 -0.0425837 0.195568 -42.2943 
0.202991 0.0299582 0.978722 174.871 -0.0404196 0.998936 -0.0221937 -7.16355 -0.978346 -0.0350544 0.203986 -42.1629 
0.20947 0.0282485 0.977407 175.471 -0.0399422 0.998996 -0.0203123 -7.174 -0.976999 -0.034785 0.210388 -42.0174 
0.215414 0.0208196 0.976301 176.079 -0.0428899 0.99901 -0.0118404 -7.19071 -0.97558 -0.0393229 0.216094 -41.8659 
0.2197 0.0101369 0.975515 176.687 -0.0474461 0.998874 0.000306021 -7.20881 -0.974413 -0.0463516 0.219934 -41.7064 
0.221808 0.00210101 0.975088 177.303 -0.0480724 0.998805 0.00878316 -7.2239 -0.973905 -0.0488229 0.221644 -41.5502 
0.222684 0.00130417 0.97489 177.902 -0.0443528 0.998977 0.00879471 -7.23721 -0.973881 -0.0451975 0.222514 -41.4008 
0.223906 0.00366543 0.974604 178.507 -0.0411203 0.999138 0.00568936 -7.23871 -0.973743 -0.0413498 0.223864 -41.2542 
0.225673 0.00329184 0.974197 179.121 -0.0380683 0.99926 0.00544205 -7.24066 -0.973459 -0.0383141 0.225632 -41.1037 
0.227393 0.00128275 0.973802 179.741 -0.0398754 0.999173 0.00799521 -7.23744 -0.972986 -0.0406488 0.227256 -40.9433 
0.230009 -0.00256622 0.973185 180.352 -0.0404143 0.999109 0.0121864 -7.24211 -0.972349 -0.0421336 0.2297 -40.7801 
0.233131 -0.00775543 0.972415 180.978 -0.0397283 0.999057 0.0174926 -7.24785 -0.971634 -0.0427104 0.232603 -40.6188 
0.237834 -0.0106527 0.971247 181.606 -0.0381037 0.999068 0.0202885 -7.2478 -0.970558 -0.0418334 0.237207 -40.4559 
0.244289 -0.0131139 0.969614 182.23 -0.0357346 0.999108 0.022516 -7.24601 -0.969044 -0.0401491 0.243602 -40.2886 
0.25204 -0.0161688 0.967582 182.859 -0.0342922 0.999083 0.0256278 -7.24206 -0.967109 -0.0396397 0.251255 -40.1125 
0.261869 -0.0178106 0.964939 183.492 -0.0318416 0.999126 0.0270829 -7.2348 -0.964578 -0.0378173 0.261073 -39.9274 
0.27319 -0.0161039 0.961825 184.118 -0.033036 0.999113 0.0261116 -7.23564 -0.961393 -0.0389083 0.272416 -39.7332 
0.284909 -0.0123997 0.958474 184.743 -0.0338577 0.999162 0.0229904 -7.22927 -0.957957 -0.0390019 0.28425 -39.5257 
0.297092 -0.0096152 0.9548 185.368 -0.0345119 0.999188 0.0208009 -7.22225 -0.954225 -0.0391318 0.296519 -39.3161 
0.30851 -0.00915734 0.951177 185.987 -0.0329025 0.999253 0.020292 -7.21265 -0.950652 -0.0375563 0.307978 -39.0918 
0.319958 -0.0123922 0.947351 186.625 -0.0318699 0.999208 0.0238344 -7.20673 -0.946896 -0.037818 0.31931 -38.8599 
0.331069 -0.0142177 0.943499 187.257 -0.0322717 0.999131 0.0263801 -7.19904 -0.943054 -0.039182 0.330323 -38.6139 
0.342403 -0.0147694 0.939437 187.894 -0.0341143 0.999022 0.02814 -7.19205 -0.938934 -0.0416834 0.341564 -38.3561 
0.351856 -0.0160653 0.935916 188.539 -0.0376098 0.998803 0.0312841 -7.17929 -0.935298 -0.0462071 0.35083 -38.0819 
0.358921 -0.015421 0.933241 189.174 -0.0411144 0.998632 0.032314 -7.17084 -0.932462 -0.0499678 0.357795 -37.8101 
0.363623 -0.0185571 0.931361 189.825 -0.0412332 0.998501 0.0359932 -7.16178 -0.930633 -0.0514909 0.362313 -37.5426 
0.366126 -0.0225456 0.930292 190.484 -0.0378896 0.998516 0.0391109 -7.1473 -0.929794 -0.0495679 0.364729 -37.2779 
0.366233 -0.0216584 0.930271 191.145 -0.0335528 0.998772 0.0364624 -7.1293 -0.929918 -0.0445669 0.365056 -37.0098 
0.365307 -0.0213988 0.930641 191.823 -0.0321281 0.99885 0.0355786 -7.11669 -0.930333 -0.0428968 0.364199 -36.7348 
0.364553 -0.0198667 0.930971 192.502 -0.0285705 0.999063 0.0325076 -7.09583 -0.930744 -0.0384491 0.363644 -36.4591 
0.364009 -0.0216304 0.931144 193.188 -0.0258377 0.999111 0.03331 -7.07818 -0.931037 -0.0361838 0.363127 -36.1809 
0.363203 -0.026818 0.931324 193.878 -0.0228638 0.999028 0.0376841 -7.05838 -0.93143 -0.0349806 0.362237 -35.9026 
0.361672 -0.0299274 0.931825 194.561 -0.0230618 0.998892 0.0410325 -7.04704 -0.93202 -0.0363298 0.360581 -35.6205 
0.36017 -0.0323507 0.932326 195.257 -0.0223548 0.998812 0.0432937 -7.03022 -0.932619 -0.036435 0.359019 -35.343 
0.358568 -0.031762 0.932963 195.948 -0.0240531 0.998775 0.0432469 -7.00372 -0.933194 -0.0379476 0.357365 -35.0598 
0.356349 -0.0322474 0.933796 196.641 -0.0255433 0.998695 0.0442363 -6.98297 -0.934004 -0.0396158 0.35506 -34.7793 
0.354546 -0.0310239 0.934524 197.344 -0.0265211 0.998714 0.0432167 -6.96681 -0.934662 -0.0401069 0.353267 -34.4981 
0.352965 -0.027396 0.935235 198.042 -0.0260258 0.998897 0.0390832 -6.95067 -0.935275 -0.0381352 0.351862 -34.2194 
0.352051 -0.0213006 0.935738 198.729 -0.0263937 0.999118 0.0326734 -6.93197 -0.935609 -0.0362003 0.351178 -33.9459 
0.35137 -0.0186854 0.93605 199.425 -0.0285194 0.999123 0.03065 -6.91792 -0.935802 -0.0374651 0.350529 -33.6751 
0.350162 -0.0210566 0.936453 200.126 -0.0301933 0.998974 0.0337524 -6.90287 -0.936203 -0.0400934 0.349167 -33.4004 
0.349111 -0.024833 0.936752 200.806 -0.0308423 0.998803 0.0379724 -6.89284 -0.936574 -0.0421482 0.347927 -33.1364 
0.346802 -0.0239015 0.937634 201.509 -0.0352522 0.998637 0.0384953 -6.88012 -0.937276 -0.0464038 0.345486 -32.86 
0.341876 -0.023735 0.939445 202.209 -0.0380275 0.998513 0.0390661 -6.86374 -0.938975 -0.0490805 0.340465 -32.5856 
0.335025 -0.0253183 0.941869 202.905 -0.0358168 0.998574 0.0395827 -6.83737 -0.941528 -0.0469959 0.33364 -32.3333 
0.325759 -0.0258722 0.945099 203.607 -0.0355691 0.998583 0.0395964 -6.8254 -0.944784 -0.0465152 0.324377 -32.0767 
0.31531 -0.0245797 0.94867 204.307 -0.0331232 0.99877 0.036887 -6.81844 -0.94841 -0.0430538 0.314108 -31.8333 
0.304633 -0.0213229 0.952231 205.001 -0.0339824 0.99887 0.0332388 -6.80439 -0.951864 -0.0424847 0.303564 -31.6077 
0.293099 -0.0213489 0.955844 205.707 -0.0371462 0.998742 0.0336976 -6.78497 -0.95536 -0.0453827 0.291937 -31.3777 
0.282155 -0.0295472 0.958914 206.421 -0.0323542 0.998664 0.0402921 -6.77153 -0.958823 -0.0423935 0.280822 -31.1679 
0.273123 -0.0379238 0.961231 207.138 -0.0282882 0.998474 0.0474309 -6.75543 -0.961563 -0.0401459 0.271634 -30.959 
0.266373 -0.0434548 0.96289 207.851 -0.0278217 0.99822 0.0527459 -6.73435 -0.963468 -0.0408394 0.26469 -30.7588 
0.262029 -0.0444288 0.964037 208.562 -0.0334978 0.997919 0.0550952 -6.70724 -0.964478 -0.0467297 0.259996 -30.5467 
0.259445 -0.0463311 0.964646 209.279 -0.0325591 0.997861 0.0566833 -6.6807 -0.965209 -0.0461142 0.257382 -30.3455 
0.257674 -0.0472032 0.965078 209.996 -0.0315913 0.99786 0.0572415 -6.64962 -0.965715 -0.0452377 0.255631 -30.1393 
0.256929 -0.0450339 0.96538 210.71 -0.0322195 0.997959 0.0551287 -6.61974 -0.965893 -0.0452683 0.254954 -29.9339 
0.255887 -0.0428779 0.965755 211.431 -0.0360302 0.997899 0.0538516 -6.58639 -0.966035 -0.0485763 0.253804 -29.7164 
0.256472 -0.0436896 0.965564 212.162 -0.0360481 0.997851 0.0547255 -6.55511 -0.965879 -0.0488423 0.254345 -29.5088 
0.258404 -0.0449534 0.964991 212.889 -0.0369796 0.997724 0.0563807 -6.52653 -0.965329 -0.0502539 0.256153 -29.3031 
0.25993 -0.046855 0.96449 213.619 -0.0351699 0.9977 0.0579466 -6.50075 -0.964987 -0.0489831 0.257684 -29.0979 
0.261599 -0.0478038 0.963992 214.359 -0.0315581 0.997815 0.0580451 -6.47068 -0.964661 -0.0456063 0.259519 -28.8926 
0.264899 -0.0487886 0.963041 215.102 -0.0307328 0.997785 0.0590023 -6.43024 -0.963786 -0.0452265 0.262812 -28.6766 
0.268667 -0.0502889 0.961919 215.847 -0.0325413 0.997592 0.0612428 -6.39849 -0.962683 -0.047756 0.266384 -28.4459 
0.274087 -0.0544893 0.96016 216.593 -0.0332348 0.997261 0.0660821 -6.36075 -0.96113 -0.0500229 0.271526 -28.219 
0.279295 -0.0582028 0.95844 217.344 -0.0338572 0.996944 0.0704073 -6.32046 -0.959608 -0.0521145 0.276471 -27.984 
0.283361 -0.0583253 0.957238 218.09 -0.0345678 0.996879 0.0709734 -6.2825 -0.95839 -0.0532007 0.28046 -27.744 
0.287986 -0.0539558 0.956114 218.838 -0.0398828 0.99687 0.0682687 -6.24888 -0.956804 -0.0577928 0.284932 -27.5004 
0.292494 -0.04803 0.95506 219.581 -0.0445556 0.996969 0.0637831 -6.20148 -0.955229 -0.0612095 0.289468 -27.2474 
0.297081 -0.0448716 0.953797 220.322 -0.0481503 0.99692 0.0618979 -6.15757 -0.953637 -0.0643143 0.294006 -26.9928 
0.301346 -0.0451271 0.952447 221.067 -0.050193 0.996744 0.0631065 -6.12465 -0.952193 -0.066823 0.298099 -26.7369 
0.305605 -0.0426861 0.951201 221.834 -0.0520877 0.996749 0.061465 -6.08886 -0.950733 -0.0683298 0.302388 -26.4774 
0.309527 -0.039741 0.95006 222.575 -0.0526376 0.996878 0.0588486 -6.05131 -0.949433 -0.0682241 0.306469 -26.2221 
0.314377 -0.0391168 0.948492 223.325 -0.0530505 0.996865 0.0586954 -6.01493 -0.947815 -0.0687704 0.311317 -25.9593 
0.31874 -0.0404127 0.94698 224.081 -0.0534016 0.996738 0.0605104 -5.9804 -0.946337 -0.0698573 0.315542 -25.6847 
0.323313 -0.0409983 0.945404 224.824 -0.0489475 0.996999 0.0599751 -5.94952 -0.945025 -0.0656659 0.320336 -25.4232 
0.327509 -0.0407202 0.94397 225.564 -0.0460396 0.997196 0.0589897 -5.91809 -0.943726 -0.0627796 0.324716 -25.1529 
0.331615 -0.0385259 0.942628 226.3 -0.0470115 0.99725 0.057297 -5.8839 -0.942243 -0.0633149 0.328892 -24.8761 
0.336343 -0.0389316 0.940935 227.045 -0.0512839 0.996905 0.0595792 -5.84803 -0.940342 -0.0682938 0.333305 -24.5892 
0.341003 -0.0392901 0.939241 227.795 -0.0541502 0.996646 0.0613515 -5.81473 -0.938501 -0.0717811 0.337732 -24.2966 
0.345149 -0.0370717 0.937815 228.525 -0.0508695 0.997012 0.0581335 -5.78924 -0.937168 -0.0677709 0.342232 -24.0117 
0.349334 -0.0304021 0.936505 229.258 -0.0494507 0.997482 0.0508277 -5.75985 -0.935693 -0.0640666 0.346951 -23.732 
0.352643 -0.0239828 0.93545 229.993 -0.0554305 0.997381 0.0464666 -5.72794 -0.934115 -0.0682386 0.35039 -23.4315 
0.356087 -0.0257131 0.934099 230.724 -0.0601917 0.996914 0.0503879 -5.70148 -0.932512 -0.0741675 0.353441 -23.1297 
0.358206 -0.0360421 0.932947 231.462 -0.0594583 0.996346 0.0613205 -5.67172 -0.931748 -0.0774367 0.354754 -22.823 
0.360103 -0.0483064 0.931661 232.209 -0.0559723 0.995741 0.0732632 -5.62856 -0.931232 -0.0785295 0.355865 -22.5255 
0.36196 -0.0564689 0.930482 232.941 -0.0564257 0.995006 0.0823345 -5.58898 -0.930484 -0.0823049 0.356966 -22.2229 
0.363914 -0.0582281 0.929611 233.677 -0.0584318 0.994651 0.0851764 -5.54478 -0.929598 -0.0853157 0.358565 -21.9113 
0.366843 -0.0538036 0.928726 234.41 -0.0577395 0.995085 0.0804549 -5.4977 -0.928489 -0.0831385 0.361934 -21.6087 
0.371166 -0.0480493 0.927323 235.145 -0.0563276 0.995656 0.0741355 -5.44797 -0.926857 -0.0797504 0.366847 -21.3071 
0.375601 -0.0431605 0.925776 235.853 -0.0569254 0.995955 0.0695278 -5.40242 -0.925032 -0.0788149 0.371625 -20.9978 
0.379811 -0.040843 0.924162 236.589 -0.0557286 0.9962 0.06693 -5.35697 -0.923384 -0.0769229 0.376091 -20.6862 
0.383736 -0.0387372 0.92263 237.303 -0.0547978 0.996404 0.0646259 -5.31675 -0.921816 -0.0753574 0.380233 -20.3683 
0.387709 -0.0402695 0.920902 238.034 -0.053274 0.996397 0.0659997 -5.27556 -0.920241 -0.0746487 0.384167 -20.0452 
0.390898 -0.0453927 0.919314 238.762 -0.0519804 0.996101 0.0712866 -5.24038 -0.918965 -0.075652 0.387014 -19.7182 
0.394001 -0.0512094 0.917682 239.495 -0.0500507 0.99577 0.0770559 -5.19406 -0.917746 -0.0762908 0.389771 -19.3903 
0.396538 -0.0569399 0.916251 240.239 -0.0481927 0.995407 0.0827161 -5.14391 -0.916753 -0.0769566 0.391972 -19.0615 
0.398528 -0.0622274 0.915043 240.972 -0.0464049 0.99505 0.087879 -5.08964 -0.915982 -0.0774847 0.393667 -18.7261 
0.399898 -0.0688478 0.91397 241.711 -0.0450817 0.99449 0.0946383 -5.03131 -0.91545 -0.079049 0.394591 -18.3867 
0.401528 -0.069483 0.913207 242.449 -0.0454447 0.994378 0.0956406 -4.97352 -0.914718 -0.0799028 0.396113 -18.048 
0.403308 -0.0585047 0.913192 243.169 -0.0541001 0.994684 0.0876188 -4.92588 -0.913464 -0.0847412 0.397999 -17.7018 
0.403992 -0.0449074 0.91366 243.888 -0.0558537 0.99572 0.0736376 -4.87293 -0.913056 -0.0807803 0.399754 -17.3642 
0.404834 -0.0368751 0.913646 244.614 -0.0558412 0.996325 0.0649552 -4.81548 -0.912683 -0.0773152 0.401287 -17.0287 
0.404717 -0.0393975 0.913593 245.36 -0.0557612 0.996149 0.0676596 -4.77072 -0.91274 -0.078326 0.400961 -16.6863 
