1 -4.23778e-08 4.22719e-08 0 -4.23778e-08 1 -4.19404e-08 0 4.22719e-08 -4.19404e-08 1 0 
0.999991 -0.00256712 -0.00335615 -0.0105804 0.00255986 0.999994 -0.00214131 -0.0045221 0.00336171 0.00213261 0.999992 0.680386 
0.999969 -0.00115751 -0.00773912 -0.0243234 0.00112874 0.999992 -0.00370999 -0.00717536 0.00774344 0.00370106 0.999963 1.38223 
0.999928 -0.00154165 -0.0118587 -0.0432853 0.00148165 0.999986 -0.00505943 -0.013699 0.0118664 0.00504142 0.999917 2.10004 
0.999858 6.45016e-05 -0.0168371 -0.0688325 -0.000159857 0.999984 -0.00565713 -0.020631 0.0168365 0.00565894 0.999842 2.83115 
0.999772 -0.00106822 -0.0213143 -0.098083 0.00094525 0.999983 -0.00577479 -0.0310929 0.0213202 0.00575324 0.999756 3.57681 
0.999664 0.000861419 -0.0259021 -0.133305 -0.00104591 0.999974 -0.00710681 -0.038363 0.0258954 0.00713142 0.999639 4.34226 
0.999514 0.00335862 -0.0309749 -0.169926 -0.00360898 0.999961 -0.00802756 -0.041293 0.0309469 0.00813537 0.999488 5.1199 
0.999366 0.00390407 -0.0353941 -0.214034 -0.0041375 0.99997 -0.00652203 -0.0491392 0.0353677 0.00666426 0.999352 5.91603 
0.999201 0.00274414 -0.0398774 -0.256543 -0.00289412 0.999989 -0.00370179 -0.0561741 0.0398669 0.00381416 0.999198 6.71856 
0.999045 0.00241748 -0.0436181 -0.302453 -0.00246864 0.999996 -0.00111734 -0.0651499 0.0436153 0.00122386 0.999048 7.54162 
0.998914 0.00359492 -0.046459 -0.354063 -0.00367185 0.999992 -0.00156896 -0.07537 0.0464531 0.00173777 0.998919 8.36854 
0.9988 0.00323869 -0.0488722 -0.404509 -0.00334021 0.999992 -0.00199402 -0.0795875 0.0488654 0.00215478 0.998803 9.19471 
0.998719 0.00023991 -0.0506005 -0.45465 -0.00036422 0.999997 -0.00244586 -0.0868956 0.0505998 0.00246107 0.998716 10.0296 
0.998606 0.00018849 -0.0527768 -0.509525 -0.000276279 0.999999 -0.00165456 -0.0955636 0.0527765 0.00166674 0.998605 10.8708 
0.998518 -0.00136013 -0.0544093 -0.561895 0.00125986 0.999997 -0.00187563 -0.106708 0.0544118 0.00180422 0.998517 11.727 
0.998413 0.000727257 -0.0563013 -0.623792 -0.000961177 0.999991 -0.00412635 -0.118463 0.0562979 0.00417384 0.998405 12.5899 
0.998318 0.000978791 -0.0579622 -0.681048 -0.00137621 0.999976 -0.0068155 -0.128998 0.0579543 0.00688372 0.998295 13.4594 
0.99821 0.00487064 -0.0596013 -0.752155 -0.00538269 0.99995 -0.00843227 -0.141733 0.0595573 0.00873791 0.998187 14.3374 
0.998152 0.00570579 -0.0604933 -0.820488 -0.00621809 0.999946 -0.00828256 -0.152285 0.0604429 0.00864333 0.998134 15.2242 
0.998054 0.00474811 -0.0621669 -0.883338 -0.00517767 0.999964 -0.00674928 -0.166795 0.0621327 0.00705794 0.998043 16.1269 
0.997938 0.00516178 -0.0639786 -0.950838 -0.00551703 0.99997 -0.00537603 -0.179945 0.063949 0.00571783 0.997937 17.027 
0.997863 0.00482569 -0.0651558 -1.01765 -0.00517572 0.999973 -0.00520318 -0.197289 0.065129 0.0055292 0.997861 17.9301 
0.997741 0.00456858 -0.0670167 -1.09012 -0.00497516 0.99997 -0.00590002 -0.213231 0.0669878 0.00622003 0.997734 18.8423 
0.997675 0.00297957 -0.0680857 -1.15902 -0.00342826 0.999973 -0.006473 -0.229019 0.0680647 0.00669128 0.997658 19.7506 
0.997634 0.00282481 -0.0686856 -1.23101 -0.00316563 0.999983 -0.00485248 -0.241543 0.0686708 0.00505834 0.997626 20.6756 
0.997627 0.00427639 -0.0687191 -1.30931 -0.004392 0.999989 -0.00153015 -0.253823 0.0687119 0.00182825 0.997635 21.6047 
0.997673 0.00507504 -0.0679941 -1.38658 -0.00494975 0.999986 0.00201226 -0.261148 0.0680034 -0.00167111 0.997684 22.5432 
0.997784 0.00382058 -0.0664274 -1.46111 -0.00350177 0.999982 0.00491635 -0.267882 0.066445 -0.00467293 0.997779 23.4876 
0.997869 0.00402724 -0.0651195 -1.53374 -0.00368043 0.999978 0.00544616 -0.272494 0.0651401 -0.00519498 0.997863 24.4354 
0.997964 0.00443186 -0.0636273 -1.61168 -0.00428341 0.999988 0.00247066 -0.276668 0.0636376 -0.00219318 0.997971 25.3843 
0.998011 0.00492154 -0.0628462 -1.68326 -0.00508359 0.999984 -0.00241747 -0.283862 0.0628334 0.00273206 0.99802 26.3369 
0.998107 0.00397707 -0.0613684 -1.76063 -0.00429952 0.999978 -0.00512187 -0.296851 0.0613467 0.00537594 0.998102 27.2842 
0.998151 0.0014812 -0.0607708 -1.82762 -0.00173327 0.99999 -0.00409413 -0.310797 0.0607642 0.0041918 0.998143 28.2535 
0.998144 -0.000744753 -0.0608998 -1.89926 0.000795484 0.999999 0.000810124 -0.321099 0.0608992 -0.000857151 0.998143 29.2258 
0.998079 -0.00463492 -0.0617741 -1.96811 0.00490289 0.999979 0.0041882 -0.331826 0.0617535 -0.00448311 0.998081 30.202 
0.997954 -0.0119092 -0.0628226 -2.03197 0.0121567 0.99992 0.00356021 -0.34015 0.0627753 -0.00431673 0.998018 31.1778 
0.997842 -0.0137018 -0.0642174 -2.10271 0.0137088 0.999906 -0.000330319 -0.348422 0.0642159 -0.000550827 0.997936 32.1468 
0.997764 -0.0134145 -0.0654788 -2.17904 0.0131459 0.999903 -0.00453082 -0.358621 0.0655334 0.00365983 0.997844 33.1242 
0.997635 -0.0119211 -0.0676971 -2.25897 0.011588 0.999919 -0.00530911 -0.369646 0.0677549 0.00451199 0.997692 34.1077 
0.997583 -0.0121244 -0.0684211 -2.33793 0.0118585 0.99992 -0.00429057 -0.377387 0.0684677 0.00346874 0.997647 35.1016 
0.997519 -0.00894294 -0.0698221 -2.42476 0.00886139 0.99996 -0.00147651 -0.392698 0.0698326 0.000854037 0.997558 36.0935 
0.997451 -0.00848431 -0.0708541 -2.51292 0.00848511 0.999964 -0.000288617 -0.406945 0.0708541 -0.000313411 0.997487 37.0989 
0.997379 -0.00712379 -0.0719994 -2.59531 0.00729851 0.999971 0.00216495 -0.418584 0.0719819 -0.00268485 0.997402 38.0922 
0.997374 -0.00662913 -0.0721186 -2.67353 0.00700877 0.999963 0.00501341 -0.431235 0.0720828 -0.0055058 0.997383 39.0999 
0.997333 -0.0012835 -0.0729751 -2.76218 0.00183067 0.999971 0.00743278 -0.439311 0.0729635 -0.00754664 0.997306 40.0979 
0.997338 -0.00144095 -0.0729016 -2.85467 0.00193037 0.999976 0.00664456 -0.444512 0.0728904 -0.00676768 0.997317 41.0972 
0.997351 -0.000942463 -0.0727345 -2.93935 0.00129447 0.999988 0.00479372 -0.451204 0.0727291 -0.00487526 0.99734 42.0914 
0.997333 0.0015529 -0.0729669 -3.02466 -0.00139897 0.999997 0.00216183 -0.454253 0.0729701 -0.00205408 0.997332 43.0949 
0.997267 0.000862793 -0.0738739 -3.11253 -0.000690134 0.999997 0.00236381 -0.469399 0.0738758 -0.00230645 0.997265 44.0832 
0.997171 -0.000724074 -0.0751648 -3.20028 0.000991262 0.999993 0.00351854 -0.479489 0.0751619 -0.00358318 0.997165 45.0779 
0.997121 0.000140841 -0.0758289 -3.29233 0.000205682 0.999989 0.00456305 -0.490731 0.0758288 -0.0045656 0.99711 46.0625 
0.997103 0.00228917 -0.0760281 -3.38461 -0.00221517 0.999997 0.00105865 -0.506028 0.0760304 -0.000887256 0.997105 47.0313 
0.997026 0.00309899 -0.0770013 -3.47772 -0.00334782 0.99999 -0.00310169 -0.5174 0.076991 0.00335016 0.997026 47.9977 
0.996991 0.00376834 -0.0774254 -3.56907 -0.00411334 0.999982 -0.00429587 -0.532471 0.0774079 0.00460134 0.996989 48.9672 
0.996982 0.0024687 -0.0775913 -3.65554 -0.00255143 0.999996 -0.000966087 -0.545859 0.0775887 0.00116105 0.996985 49.9446 
0.996971 0.000835903 -0.0777724 -3.74087 -0.000683811 0.999998 0.00198326 -0.556997 0.077774 -0.00192416 0.996969 50.9197 
0.996926 -0.0012048 -0.0783405 -3.82244 0.00139734 0.999996 0.00240399 -0.56582 0.0783373 -0.00250616 0.996924 51.8825 
0.996875 -0.00453214 -0.0788662 -3.90174 0.00464946 0.999988 0.00130506 -0.58116 0.0788595 -0.00166775 0.996884 52.8453 
0.99684 -0.00696496 -0.0791261 -3.98586 0.00698693 0.999976 1.88808e-06 -0.594227 0.0791242 -0.000554818 0.996865 53.7971 
0.996751 -0.00869707 -0.0800786 -4.07494 0.0088233 0.99996 0.00122361 -0.605188 0.0800649 -0.00192628 0.996788 54.7476 
0.99663 -0.0116892 -0.0811937 -4.1605 0.0121562 0.999912 0.00526036 -0.615285 0.0811251 -0.00622973 0.996684 55.6988 
0.996566 -0.0124867 -0.0818594 -4.24932 0.0133492 0.999861 0.00999758 -0.621112 0.0817233 -0.0110561 0.996594 56.6499 
0.996527 -0.0107723 -0.0825673 -4.33902 0.0118277 0.999854 0.0123045 -0.62816 0.0824229 -0.0132384 0.996509 57.6025 
0.996418 -0.00977347 -0.0839981 -4.42795 0.0104993 0.999911 0.00820472 -0.637637 0.0839105 -0.00905734 0.996432 58.5384 
0.996314 -0.00829198 -0.0853836 -4.52107 0.00836198 0.999965 0.000463148 -0.645802 0.0853768 -0.0011755 0.996348 59.4609 
0.996273 -0.00633033 -0.0860264 -4.61697 0.00596727 0.999972 -0.00447589 -0.658278 0.0860525 0.00394578 0.996283 60.3691 
0.996195 -0.00145891 -0.0871417 -4.71267 0.00114802 0.999993 -0.00361679 -0.674779 0.0871465 0.0035029 0.996189 61.2721 
0.996063 0.00141471 -0.0886385 -4.80811 -0.00152627 0.999998 -0.00118989 -0.693233 0.0886367 0.00132041 0.996063 62.1675 
0.995966 0.00430375 -0.0896271 -4.90252 -0.00429458 0.999991 0.000296113 -0.710215 0.0896277 8.99049e-05 0.995975 63.054 
0.995855 0.00511751 -0.0908101 -4.99494 -0.00512457 0.999987 0.000156251 -0.724413 0.0908098 0.000309672 0.995868 63.9228 
0.995734 0.00654281 -0.0920365 -5.10007 -0.00649123 0.999978 0.000860637 -0.737615 0.0920403 -0.000259623 0.995755 64.7682 
0.995612 0.00722236 -0.0933026 -5.19313 -0.00710215 0.999973 0.0016212 -0.753343 0.0933119 -0.000951526 0.995636 65.6024 
0.995479 0.00697084 -0.0947276 -5.2821 -0.00678728 0.999974 0.00226066 -0.770751 0.094741 -0.00160758 0.995501 66.4226 
0.995344 0.00663428 -0.0961568 -5.36963 -0.00634405 0.999974 0.00332449 -0.779822 0.0961765 -0.00269908 0.995361 67.2303 
0.995187 0.00960372 -0.0975207 -5.46493 -0.00908439 0.999942 0.00576881 -0.788491 0.0975706 -0.00485522 0.995217 68.029 
0.995037 0.011022 -0.0988892 -5.55605 -0.0100885 0.9999 0.00993529 -0.797972 0.0989889 -0.00888843 0.995049 68.8223 
0.994841 0.0142757 -0.100436 -5.65314 -0.0131857 0.999847 0.0115098 -0.804991 0.100585 -0.0101262 0.994877 69.5989 
0.994648 0.0170268 -0.101904 -5.74482 -0.0163472 0.999838 0.00750063 -0.814277 0.102015 -0.00579473 0.994766 70.3584 
0.994525 0.0171706 -0.103079 -5.83723 -0.0172409 0.999851 0.000209518 -0.827121 0.103067 0.00156872 0.994673 71.082 
0.994363 0.0160796 -0.104802 -5.91721 -0.0167616 0.999844 -0.00562915 -0.836017 0.104695 0.00735398 0.994477 71.7869 
0.994303 0.0169866 -0.105229 -6.00312 -0.0178268 0.999816 -0.00704824 -0.842105 0.10509 0.00888389 0.994423 72.4805 
0.994125 0.0197677 -0.106419 -6.08619 -0.0202641 0.999788 -0.00358503 -0.854161 0.106325 0.00572036 0.994315 73.1694 
0.993968 0.0197597 -0.107872 -6.16641 -0.020006 0.999799 -0.00120077 -0.873278 0.107826 0.00335152 0.994164 73.8284 
0.993919 0.0166649 -0.108846 -6.24575 -0.0172887 0.999839 -0.00478905 -0.88349 0.108749 0.00664165 0.994047 74.4715 
0.994016 0.00857711 -0.108896 -6.31257 -0.0097026 0.999905 -0.00980903 -0.89887 0.108802 0.0108068 0.994005 75.0922 
0.994144 0.00445508 -0.10797 -6.37942 -0.00607573 0.999874 -0.0146852 -0.912331 0.107891 0.0152551 0.994046 75.6935 
0.994453 0.00691306 -0.104957 -6.44985 -0.00853992 0.99985 -0.015058 -0.92568 0.104837 0.0158707 0.994363 76.2829 
0.994813 0.0119959 -0.101008 -6.51929 -0.0132862 0.999838 -0.0121108 -0.941314 0.100846 0.0133899 0.994812 76.8537 
0.995284 0.0101907 -0.0964689 -6.57527 -0.0111232 0.999896 -0.00913298 -0.953966 0.0963659 0.0101629 0.995294 77.4117 
0.995862 0.00660624 -0.0906388 -6.62281 -0.00707765 0.999963 -0.0048796 -0.969362 0.0906033 0.00550083 0.995872 77.9566 
0.996573 0.00231689 -0.0826838 -6.66044 -0.0024369 0.999996 -0.00134948 -0.985805 0.0826804 0.00154626 0.996575 78.4886 
0.997387 0.00603782 -0.0719915 -6.7012 -0.00617463 0.999979 -0.00167677 -0.995066 0.07198 0.00211682 0.997404 79.0021 
0.998325 0.0113402 -0.0567386 -6.7415 -0.0114883 0.999931 -0.00228313 -1.00296 0.0567089 0.00293105 0.998386 79.506 
0.999116 0.0162515 -0.0387626 -6.76299 -0.0163411 0.999864 -0.00199507 -1.00966 0.038725 0.00262665 0.999246 80.0004 
0.999752 0.0148421 -0.0166193 -6.76221 -0.014871 0.999888 -0.00161046 -1.01468 0.0165936 0.00185713 0.999861 80.4817 
0.999889 0.0114125 0.00958232 -6.74003 -0.0114071 0.999935 -0.000627287 -1.02463 -0.00958876 0.000517828 0.999954 80.9465 
0.999181 0.0103891 0.0391096 -6.70569 -0.0104341 0.999945 0.000944467 -1.0355 -0.0390976 -0.00135185 0.999234 81.3991 
0.997344 0.0099554 0.0721511 -6.65636 -0.0101503 0.999946 0.0023336 -1.04372 -0.0721239 -0.00305983 0.997391 81.843 
0.993904 0.00990153 0.109799 -6.58954 -0.01028 0.999943 0.00288097 -1.0531 -0.109765 -0.00399224 0.99395 82.2789 
0.988387 0.0102874 0.151608 -6.50382 -0.0107936 0.999938 0.00251582 -1.05601 -0.151573 -0.00412308 0.988437 82.7031 
0.980401 0.010102 0.196754 -6.39402 -0.010804 0.999938 0.00249439 -1.06438 -0.196717 -0.0045713 0.98045 83.1171 
0.969198 0.0123199 0.245974 -6.26847 -0.0127901 0.999918 0.000313774 -1.07566 -0.24595 -0.00345022 0.969276 83.516 
0.954191 0.0131427 0.29891 -6.11465 -0.0129524 0.999913 -0.00261815 -1.08658 -0.298918 -0.00137348 0.954278 83.8961 
0.934829 0.0134934 0.354841 -5.94234 -0.0126375 0.999909 -0.00472988 -1.09706 -0.354872 -6.27449e-05 0.934915 84.2595 
0.911061 0.0140077 0.412034 -5.74995 -0.0124466 0.999902 -0.00647239 -1.10635 -0.412084 0.000768266 0.911146 84.5967 
0.882513 0.014187 0.470073 -5.53979 -0.0115206 0.999897 -0.00854883 -1.1119 -0.470146 0.00212889 0.882586 84.9163 
0.849481 0.0123209 0.527476 -5.30667 -0.00806515 0.999914 -0.0103678 -1.12455 -0.527558 0.00455306 0.849507 85.2135 
0.812745 0.0120459 0.582494 -5.06357 -0.00685992 0.999915 -0.0111067 -1.13889 -0.582578 0.005031 0.812759 85.4928 
0.772791 0.0107026 0.63457 -4.79865 -0.00559657 0.999934 -0.0100493 -1.14859 -0.634635 0.00421454 0.7728 85.763 
0.729706 0.0102231 0.683685 -4.52227 -0.00693018 0.999947 -0.00755563 -1.16194 -0.683726 0.000775285 0.729738 86.0173 
0.684082 0.00919614 0.729347 -4.22989 -0.00611202 0.999958 -0.00687564 -1.17095 -0.72938 0.000245674 0.684109 86.2485 
0.637105 0.00780548 0.770738 -3.92546 -0.00269641 0.999965 -0.00789817 -1.18078 -0.770772 0.0029537 0.637104 86.4551 
0.589772 0.00508157 0.807554 -3.60804 0.00317282 0.999958 -0.00860958 -1.18978 -0.807564 0.00763988 0.589731 86.6373 
0.54241 0.00726243 0.840082 -3.28971 0.00125126 0.999954 -0.00945252 -1.20091 -0.840113 0.00617828 0.542377 86.8119 
0.494571 0.0101548 0.869078 -2.96321 -0.00273147 0.999945 -0.0101296 -1.21344 -0.869133 0.00263595 0.494572 86.9742 
0.448607 0.0123518 0.893644 -2.63026 -0.00307689 0.99992 -0.0122762 -1.22154 -0.893724 0.00275753 0.448609 87.113 
0.405956 0.00968441 0.913841 -2.28535 0.00419109 0.999914 -0.0124585 -1.22861 -0.913883 0.00888757 0.40588 87.2255 
0.366333 0.00197592 0.930481 -1.9271 0.0195073 0.999762 -0.00980324 -1.2322 -0.930279 0.0217425 0.366208 87.3134 
0.330841 -0.00149029 0.943685 -1.56996 0.0237116 0.999696 -0.00673428 -1.23634 -0.943388 0.0246043 0.330776 87.4039 
0.297486 0.00240625 0.954723 -1.21182 0.0210251 0.999738 -0.0090711 -1.24611 -0.954495 0.0227717 0.297357 87.5012 
0.266332 0.0103159 0.963826 -0.848315 0.0103772 0.999854 -0.0135691 -1.26044 -0.963826 0.0136157 0.266186 87.6034 
0.237623 0.0148115 0.971244 -0.474131 0.00546372 0.999847 -0.0165846 -1.27761 -0.971342 0.00924748 0.237506 87.6911 
0.211907 0.0164749 0.977151 -0.086817 0.00735066 0.999803 -0.0184509 -1.29062 -0.977262 0.0110926 0.211744 87.7576 
0.18864 0.0178194 0.981885 0.314025 0.0154866 0.999657 -0.0211173 -1.29954 -0.981924 0.0191896 0.188299 87.8087 
0.168796 0.024026 0.985358 0.719476 0.02187 0.999365 -0.0281141 -1.30302 -0.985408 0.0262954 0.168164 87.8523 
0.148861 0.0310133 0.988372 1.14138 0.023877 0.999104 -0.0349463 -1.30251 -0.98857 0.0288015 0.147987 87.9075 
0.131248 0.0317058 0.990842 1.57975 0.0216208 0.999159 -0.034836 -1.317 -0.991114 0.0259949 0.130452 87.9648 
0.115682 0.0273832 0.992909 2.03468 0.0196371 0.999361 -0.0298492 -1.34039 -0.993092 0.0229509 0.115071 88.0207 
0.101102 0.0241279 0.994583 2.50282 0.0203899 0.999446 -0.0263187 -1.3594 -0.994667 0.0229404 0.100554 88.0662 
0.0878244 0.0218024 0.995897 2.9789 0.0228624 0.999453 -0.0238965 -1.37465 -0.995873 0.0248673 0.0872779 88.1044 
0.0762852 0.0209392 0.996866 3.47455 0.0265534 0.999382 -0.0230242 -1.3897 -0.996732 0.0282266 0.0756821 88.1337 
0.0661416 0.0215967 0.997576 3.98826 0.0298888 0.999274 -0.0236152 -1.40264 -0.997362 0.0313783 0.0654481 88.1633 
0.0582317 0.022218 0.998056 4.51907 0.0319624 0.999198 -0.0241084 -1.41797 -0.997791 0.0333041 0.0574749 88.193 
0.0525775 0.0224257 0.998365 5.06397 0.0337789 0.999136 -0.0242221 -1.43704 -0.998045 0.0349972 0.0517746 88.2232 
0.0471233 0.023526 0.998612 5.62896 0.0353593 0.999057 -0.0252051 -1.45531 -0.998263 0.036498 0.046247 88.2497 
0.0410742 0.0240813 0.998866 6.21068 0.0357784 0.999033 -0.0255566 -1.47406 -0.998515 0.0367876 0.0401729 88.2776 
0.0369886 0.0241855 0.999023 6.81428 0.0389601 0.998912 -0.0256253 -1.49178 -0.998556 0.0398699 0.0360061 88.2973 
0.0339526 0.0243282 0.999127 7.43209 0.0399999 0.99887 -0.0256813 -1.51043 -0.998623 0.040837 0.0329411 88.3223 
0.0310457 0.0237322 0.999236 8.07119 0.0410228 0.998845 -0.0249975 -1.53077 -0.998676 0.0417676 0.0300363 88.3447 
0.0285633 0.0233525 0.999319 8.73671 0.0432204 0.998763 -0.024575 -1.54744 -0.998657 0.0438929 0.0275186 88.3731 
0.0279947 0.0230096 0.999343 9.41235 0.0476508 0.998568 -0.0243267 -1.56787 -0.998472 0.0483006 0.0268581 88.3903 
0.029028 0.022641 0.999322 10.1022 0.0515641 0.998378 -0.0241175 -1.59061 -0.998248 0.0522293 0.0278135 88.4149 
0.0313946 0.0226225 0.999251 10.8117 0.0530615 0.998296 -0.0242681 -1.61215 -0.998098 0.0537836 0.0301407 88.4442 
0.0351155 0.0226183 0.999127 11.5349 0.0555363 0.998155 -0.0245482 -1.6326 -0.997839 0.0563499 0.0337946 88.4818 
0.0396296 0.0220838 0.99897 12.2772 0.0558673 0.998143 -0.0242818 -1.65511 -0.997651 0.0567721 0.0383222 88.517 
0.0436697 0.0204807 0.998836 13.0329 0.0573717 0.998088 -0.0229737 -1.67788 -0.997397 0.0583082 0.0424112 88.5555 
0.0473676 0.0189734 0.998697 13.8026 0.0573967 0.998116 -0.0216847 -1.69974 -0.997227 0.058349 0.0461894 88.6127 
0.0518263 0.0168129 0.998514 14.5971 0.0545441 0.998318 -0.0196407 -1.72685 -0.997165 0.055481 0.0508221 88.664 
0.055581 0.0158119 0.998329 15.3914 0.0536501 0.998383 -0.0187997 -1.74923 -0.997012 0.0546053 0.0546428 88.728 
0.0592837 0.0168398 0.998099 16.1953 0.0508734 0.998507 -0.0198685 -1.77459 -0.996944 0.0519545 0.0583386 88.8006 
0.0624705 0.0209599 0.997827 17.0017 0.0492314 0.998498 -0.0240562 -1.79953 -0.996832 0.0506272 0.0613447 88.8624 
0.0634592 0.0265402 0.997631 17.8077 0.0435251 0.998621 -0.0293352 -1.82371 -0.997035 0.0452836 0.0622165 88.9434 
0.0636074 0.0297916 0.99753 18.6219 0.0409271 0.998635 -0.0324344 -1.85247 -0.997135 0.0428891 0.0623013 89.0036 
0.0637646 0.0291491 0.997539 19.4449 0.0385506 0.998755 -0.031649 -1.89141 -0.99722 0.0404738 0.0625615 89.0716 
0.0641516 0.0273268 0.997566 20.2714 0.0358834 0.998915 -0.0296714 -1.93077 -0.997295 0.0376995 0.0631015 89.1331 
0.0638784 0.0259695 0.99762 21.097 0.0366627 0.998925 -0.0283511 -1.96502 -0.997284 0.0383865 0.0628577 89.1999 
0.0641734 0.0254938 0.997613 21.9167 0.0342299 0.999029 -0.027732 -1.99939 -0.997351 0.0359279 0.0632384 89.2722 
0.0645673 0.0256236 0.997584 22.7326 0.0324552 0.999087 -0.027763 -2.03881 -0.997385 0.0341694 0.0636767 89.3346 
0.0644464 0.0264193 0.997571 23.5511 0.0294643 0.999163 -0.0283651 -2.07097 -0.997486 0.0312207 0.063614 89.4072 
0.0630734 0.0278358 0.997621 24.3653 0.0264754 0.999212 -0.0295542 -2.1065 -0.997658 0.0282765 0.0622867 89.4779 
0.0604787 0.0273803 0.997794 25.1803 0.0235387 0.999307 -0.0288487 -2.14111 -0.997892 0.0252315 0.0597923 89.5393 
0.0566704 0.0261542 0.99805 25.9954 0.0214835 0.999393 -0.0274094 -2.1742 -0.998162 0.0229949 0.0560741 89.5981 
0.0521629 0.0239428 0.998351 26.8113 0.0198998 0.999489 -0.0250099 -2.20533 -0.99844 0.0211716 0.0516598 89.6489 
0.0457629 0.021785 0.998715 27.6209 0.017872 0.999584 -0.0226229 -2.24094 -0.998792 0.0188843 0.0453545 89.7 
0.0383602 0.0220855 0.99902 28.4308 0.0175563 0.999586 -0.0227723 -2.27211 -0.99911 0.0184127 0.0379566 89.7414 
0.0297495 0.02312 0.99929 29.2344 0.0172579 0.999571 -0.0236404 -2.30154 -0.999408 0.0179489 0.0293378 89.7737 
0.0199203 0.0236478 0.999522 30.0404 0.0177923 0.999553 -0.0240032 -2.32982 -0.999643 0.018262 0.0194907 89.7952 
0.00975356 0.0226392 0.999696 30.8398 0.0191513 0.999556 -0.022823 -2.35983 -0.999769 0.0193681 0.00931566 89.8066 
-0.000935188 0.0216002 0.999766 31.6371 0.0180567 0.999604 -0.0215799 -2.39123 -0.999836 0.0180323 -0.00132485 89.814 
-0.0120189 0.0209562 0.999708 32.426 0.0193362 0.999598 -0.0207215 -2.41927 -0.999741 0.0190815 -0.0124193 89.8084 
-0.0229567 0.0213126 0.999509 33.2103 0.0198982 0.999584 -0.0208573 -2.44796 -0.999538 0.0194097 -0.0233713 89.7965 
-0.0339732 0.0219905 0.999181 33.9899 0.0199337 0.999574 -0.0213215 -2.47717 -0.999224 0.0191931 -0.0343971 89.7745 
-0.0445504 0.0231632 0.998738 34.7643 0.0197065 0.999557 -0.0223032 -2.50531 -0.998813 0.018688 -0.0449871 89.746 
-0.054812 0.0243086 0.998201 35.5338 0.0208743 0.999513 -0.0231944 -2.53207 -0.998278 0.0195654 -0.0552927 89.7083 
-0.0642972 0.0248105 0.997622 36.2939 0.0216094 0.999491 -0.0234643 -2.56315 -0.997697 0.0200493 -0.0648006 89.6651 
-0.0741212 0.0252152 0.99693 37.0473 0.0221819 0.999475 -0.0236304 -2.5936 -0.997002 0.0203623 -0.0746415 89.6159 
-0.0832455 0.0256736 0.996198 37.7945 0.0228792 0.999454 -0.0238458 -2.6214 -0.996266 0.0208072 -0.0837874 89.5554 
-0.091899 0.0253654 0.995445 38.5301 0.0239174 0.999443 -0.0232593 -2.64572 -0.995481 0.021671 -0.0924545 89.4959 
-0.099314 0.0240844 0.994765 39.2613 0.0255691 0.999439 -0.0216449 -2.67698 -0.994728 0.0232856 -0.099874 89.4293 
-0.10439 0.0224604 0.994283 39.9798 0.0286106 0.999399 -0.0195722 -2.70237 -0.994125 0.0264039 -0.10497 89.3528 
-0.108221 0.0206507 0.993912 40.6942 0.0317063 0.999347 -0.0173114 -2.73115 -0.993621 0.0296398 -0.108805 89.2773 
-0.110813 0.0197974 0.993644 41.3956 0.0331645 0.999318 -0.016212 -2.75098 -0.993288 0.0311572 -0.111394 89.2046 
-0.112589 0.0188512 0.993463 42.0827 0.0336553 0.999319 -0.0151483 -2.77511 -0.993071 0.0317297 -0.113147 89.1316 
-0.113232 0.0190231 0.993386 42.7573 0.0344664 0.99929 -0.0152076 -2.804 -0.992971 0.0325164 -0.113807 89.0602 
-0.112413 0.0201589 0.993457 43.416 0.0352767 0.999245 -0.0162848 -2.82191 -0.993035 0.0332152 -0.11304 88.9949 
-0.10919 0.021725 0.993783 44.0558 0.0365557 0.999173 -0.0178264 -2.84437 -0.993348 0.034382 -0.109894 88.9262 
-0.104069 0.0223585 0.994319 44.6828 0.036886 0.999146 -0.0186065 -2.8658 -0.993886 0.0347401 -0.104805 88.8739 
-0.0960262 0.023188 0.995109 45.292 0.0364017 0.999142 -0.0197694 -2.88688 -0.994713 0.0343252 -0.0967878 88.8269 
-0.0846823 0.0231619 0.996139 45.8833 0.0353653 0.99917 -0.020226 -2.90839 -0.99578 0.033516 -0.0854311 88.7895 
-0.0709414 0.0234635 0.997204 46.4469 0.0346004 0.999179 -0.0210485 -2.93047 -0.99688 0.0330104 -0.0716951 88.764 
-0.0537347 0.0247936 0.998247 46.9925 0.0336791 0.999168 -0.0230036 -2.95406 -0.997987 0.0323839 -0.0545251 88.7543 
-0.0322326 0.0272396 0.999109 47.5301 0.0319451 0.999146 -0.0262101 -2.97968 -0.99897 0.0310718 -0.0330752 88.7572 
-0.0075003 0.0304397 0.999508 48.0573 0.0298061 0.999099 -0.0302036 -3.00042 -0.999527 0.0295649 -0.00840083 88.7751 
0.021078 0.031951 0.999267 48.5854 0.0277919 0.999084 -0.0325314 -3.02707 -0.999391 0.0284572 0.0201707 88.8087 
0.054691 0.0314429 0.998008 49.1077 0.0261101 0.999117 -0.0329087 -3.04987 -0.998162 0.0278579 0.0538217 88.8571 
0.0934509 0.0290044 0.995201 49.6352 0.0250637 0.99919 -0.0314743 -3.07311 -0.995308 0.0278848 0.0926482 88.9258 
0.136142 0.0254264 0.990363 50.142 0.0229219 0.999322 -0.0288075 -3.09242 -0.990424 0.0266229 0.135467 89.0166 
0.182034 0.0209524 0.983069 50.6494 0.0203592 0.999478 -0.0250721 -3.11759 -0.983081 0.0245785 0.181512 89.136 
0.231524 0.0179035 0.972664 51.1429 0.015689 0.999632 -0.0221344 -3.13757 -0.972703 0.0203848 0.231158 89.2731 
0.283949 0.01615 0.958703 51.6247 0.0118561 0.999722 -0.0203527 -3.16 -0.958766 0.0171456 0.283678 89.4408 
0.340131 0.0155555 0.940249 52.0844 0.0103289 0.999741 -0.0202763 -3.17994 -0.940321 0.0166083 0.339882 89.6277 
0.398982 0.0156072 0.916826 52.5375 0.0122317 0.999676 -0.0223406 -3.20104 -0.916877 0.0201278 0.398662 89.8499 
0.459327 0.0192418 0.888059 52.9666 0.0127676 0.999519 -0.0282607 -3.21338 -0.888175 0.0243193 0.458861 90.1032 
0.518677 0.0222225 0.854681 53.3626 0.0137261 0.999317 -0.0343132 -3.23266 -0.85486 0.0295289 0.518017 90.3886 
0.576446 0.0264102 0.816708 53.7257 0.00904748 0.99921 -0.0386978 -3.25249 -0.817085 0.0296963 0.575752 90.7008 
0.631723 0.0296741 0.774626 54.0662 0.00453602 0.999108 -0.0419729 -3.26632 -0.775181 0.0300289 0.631025 91.0428 
0.683943 0.0305812 0.728894 54.3779 0.00240318 0.999021 -0.0441696 -3.28482 -0.729531 0.0319612 0.683201 91.3978 
0.732105 0.0291064 0.680569 54.662 0.00117815 0.999031 -0.0439938 -3.30317 -0.68119 0.0330099 0.731362 91.7721 
0.776727 0.0257951 0.629308 54.9188 -0.00173494 0.999245 -0.0388174 -3.32742 -0.629834 0.0290587 0.776186 92.1621 
0.817513 0.0208074 0.575534 55.1586 -0.00280068 0.999479 -0.0321564 -3.34377 -0.575903 0.0246763 0.817145 92.5816 
0.853335 0.0182958 0.521042 55.3648 -0.00566485 0.99965 -0.0258242 -3.36293 -0.521332 0.019085 0.85314 93.0104 
0.883921 0.0151958 0.467389 55.5428 -0.00711275 0.999793 -0.019054 -3.37725 -0.467582 0.0135178 0.883846 93.4494 
0.908968 0.0157909 0.416566 55.6971 -0.0110931 0.999845 -0.013696 -3.39463 -0.416717 0.00782819 0.909002 93.9024 
0.928646 0.0178965 0.370535 55.8291 -0.0151312 0.999832 -0.0103689 -3.41011 -0.370659 0.00402229 0.92876 94.3565 
0.943523 0.023825 0.330448 55.9429 -0.0225291 0.999716 -0.00775192 -3.42237 -0.330539 -0.000130643 0.943792 94.8235 
0.954855 0.0284863 0.295704 56.0344 -0.0271088 0.999594 -0.00875832 -3.43142 -0.295833 0.000346677 0.955239 95.2978 
0.963801 0.0307619 0.26484 56.1352 -0.029524 0.999527 -0.00865489 -3.43912 -0.264981 0.000522375 0.964253 95.7737 
0.969733 0.0249418 0.242892 56.2395 -0.0236237 0.999686 -0.00833874 -3.44747 -0.243023 0.00234828 0.970017 96.2555 
0.973585 0.0221438 0.227249 56.3377 -0.0209069 0.999751 -0.00784932 -3.45819 -0.227366 0.00289083 0.973805 96.7433 
0.976369 0.0260406 0.214535 56.4237 -0.0248925 0.999658 -0.00805234 -3.46766 -0.214671 0.00252168 0.976683 97.2429 
0.978185 0.0315882 0.205321 56.4969 -0.0306611 0.9995 -0.00769666 -3.47316 -0.205461 0.00123333 0.978664 97.7591 
0.979157 0.0394343 0.199238 56.5787 -0.0383838 0.999221 -0.00913439 -3.4787 -0.199443 0.00129644 0.979909 98.2751 
0.979557 0.0449939 0.196071 56.6684 -0.043331 0.998979 -0.0127654 -3.48939 -0.196445 0.00400842 0.980507 98.7976 
0.979626 0.046281 0.195423 56.7603 -0.0441224 0.998908 -0.0153874 -3.50303 -0.195921 0.00645133 0.980598 99.3335 
0.979204 0.0446245 0.197908 56.8667 -0.0416927 0.998951 -0.0189587 -3.51744 -0.198547 0.010313 0.980037 99.8757 
0.978531 0.0430534 0.201551 56.9822 -0.03868 0.998924 -0.0255892 -3.52555 -0.202435 0.0172438 0.979144 100.422 
0.977627 0.0435067 0.205796 57.0934 -0.0380886 0.998817 -0.0302182 -3.54178 -0.206867 0.0217036 0.978128 100.989 
0.976548 0.0478053 0.209923 57.2091 -0.0424388 0.998649 -0.0299978 -3.55602 -0.211074 0.0203853 0.977257 101.568 
0.975132 0.051049 0.215663 57.3255 -0.0464852 0.998576 -0.0261851 -3.57397 -0.216693 0.0155087 0.976117 102.166 
0.974226 0.0479783 0.220413 57.4566 -0.0442735 0.998783 -0.0217213 -3.59295 -0.221187 0.0114029 0.975165 102.773 
0.973602 0.0437267 0.224027 57.6018 -0.0411427 0.999022 -0.0161918 -3.61143 -0.224515 0.00654725 0.974448 103.392 
0.9728 0.0410336 0.227985 57.7402 -0.0393983 0.999155 -0.0117217 -3.62607 -0.228273 0.00242061 0.973594 104.025 
0.972294 0.0361639 0.230948 57.8876 -0.0344921 0.999341 -0.0112742 -3.63538 -0.231203 0.00299589 0.972901 104.664 
0.972359 0.0324411 0.231227 58.0364 -0.0299528 0.999449 -0.0142652 -3.65175 -0.231562 0.00694488 0.972795 105.315 
0.972503 0.0312483 0.230783 58.1838 -0.0270305 0.999405 -0.0214162 -3.66581 -0.231315 0.014589 0.972769 105.968 
0.972655 0.0330537 0.229892 58.3269 -0.0273443 0.999234 -0.0279783 -3.6847 -0.230641 0.0209269 0.972814 106.63 
0.973205 0.0355333 0.227176 58.4699 -0.0290985 0.999076 -0.0316129 -3.70449 -0.22809 0.0241552 0.97334 107.31 
0.973912 0.0331775 0.224487 58.6253 -0.0276639 0.999234 -0.027663 -3.72228 -0.225233 0.0207311 0.974084 108 
0.974334 0.0288091 0.223256 58.7784 -0.0249309 0.999486 -0.0201714 -3.747 -0.223722 0.0140877 0.974551 108.716 
0.974926 0.028879 0.220647 58.9312 -0.0263849 0.99955 -0.0142432 -3.77386 -0.220959 0.00806419 0.97525 109.438 
0.975224 0.0323699 0.218838 59.0774 -0.0298102 0.999443 -0.0149897 -3.79428 -0.219201 0.00809468 0.975646 110.169 
0.975545 0.0379703 0.216493 59.2199 -0.0345098 0.999209 -0.0197442 -3.81198 -0.217072 0.0117902 0.976084 110.909 
0.976312 0.0389339 0.212835 59.3655 -0.0343592 0.999093 -0.0251526 -3.82907 -0.213622 0.0172439 0.976764 111.661 
0.977262 0.0376659 0.208663 59.52 -0.0324933 0.999075 -0.0281634 -3.84798 -0.209531 0.0207428 0.977582 112.423 
0.978213 0.035043 0.204624 59.6765 -0.0301958 0.999186 -0.0267642 -3.87272 -0.205395 0.0200023 0.978475 113.197 
0.979066 0.0311467 0.201144 59.8274 -0.0267435 0.99934 -0.0245724 -3.90284 -0.201777 0.0186787 0.979253 113.976 
0.979523 0.0298372 0.199108 59.9828 -0.0259746 0.999421 -0.0219841 -3.92689 -0.199648 0.0163622 0.979731 114.776 
0.979895 0.02646 0.197751 60.1404 -0.0230213 0.999541 -0.0196685 -3.9506 -0.19818 0.0147205 0.980055 115.579 
0.979942 0.0212977 0.198142 60.2773 -0.0179832 0.999667 -0.0185129 -3.97204 -0.19847 0.0145783 0.979998 116.394 
0.980112 0.022495 0.197167 60.4329 -0.0194787 0.999662 -0.0172251 -3.99304 -0.197488 0.0130419 0.980218 117.209 
0.979926 0.0277336 0.197423 60.5755 -0.0244384 0.999519 -0.0191088 -4.01926 -0.197858 0.0139004 0.980132 118.03 
0.979605 0.0332655 0.198159 60.7182 -0.0293944 0.999316 -0.0224463 -4.04364 -0.19877 0.0161637 0.979913 118.863 
0.979114 0.0421619 0.198893 60.8675 -0.0380451 0.998976 -0.0244776 -4.05966 -0.199721 0.0163994 0.979715 119.703 
0.97824 0.0480346 0.20184 61.0141 -0.0441087 0.998741 -0.0239064 -4.08689 -0.202734 0.0144832 0.979127 120.541 
0.977523 0.0506595 0.204651 61.173 -0.0471497 0.998646 -0.0219937 -4.1188 -0.205488 0.01185 0.978588 121.39 
0.976973 0.0508214 0.207223 61.3368 -0.047129 0.99863 -0.0227201 -4.14795 -0.208094 0.0124306 0.97803 122.235 
0.976628 0.0494801 0.209163 61.5022 -0.045144 0.998656 -0.0254575 -4.17566 -0.210142 0.0154199 0.977549 123.079 
0.976646 0.0435077 0.210402 61.6843 -0.0392888 0.998935 -0.0241926 -4.2049 -0.21123 0.0153611 0.977316 123.925 
0.976902 0.0368227 0.210491 61.8626 -0.0322036 0.99916 -0.0253315 -4.2409 -0.211247 0.0179678 0.977268 124.757 
0.976688 0.0358907 0.211643 62.0391 -0.0312073 0.999189 -0.0254291 -4.27523 -0.212384 0.0182314 0.977016 125.605 
0.976176 0.0387632 0.213489 62.2101 -0.0347324 0.999141 -0.022601 -4.30695 -0.214181 0.0146475 0.976684 126.454 
0.975813 0.0409646 0.214735 62.3774 -0.038233 0.999127 -0.0168609 -4.33385 -0.215238 0.00824305 0.976527 127.297 
0.9755 0.0443345 0.215487 62.5418 -0.0425925 0.999011 -0.0127236 -4.36228 -0.215838 0.00323367 0.976424 128.132 
0.975318 0.0434127 0.216493 62.7134 -0.0402105 0.999007 -0.0191768 -4.39359 -0.217111 0.00999812 0.976096 128.966 
0.975536 0.0394976 0.216263 62.8884 -0.0330538 0.998897 -0.0333342 -4.42639 -0.217341 0.0253703 0.975766 129.783 
0.975779 0.0370384 0.2156 63.0659 -0.0285321 0.998692 -0.0424351 -4.45812 -0.21689 0.0352557 0.975559 130.597 
0.976083 0.0341507 0.214699 63.2381 -0.0275997 0.99906 -0.0334376 -4.49042 -0.215639 0.0267122 0.976108 131.423 
0.976538 0.0276973 0.213554 63.417 -0.0255736 0.999592 -0.0127018 -4.52274 -0.213819 0.00694238 0.976849 132.275 
0.976878 0.0240582 0.21244 63.591 -0.0251372 0.999681 0.00237903 -4.55446 -0.212315 -0.00766426 0.977171 133.12 
0.976935 0.0281883 0.21167 63.7523 -0.0280914 0.999599 -0.00346608 -4.57276 -0.211683 -0.00256005 0.977335 133.936 
0.97717 0.0362293 0.209346 63.9046 -0.032872 0.999269 -0.0194958 -4.59104 -0.209899 0.012169 0.977647 134.737 
0.977462 0.0362202 0.20798 64.0653 -0.031188 0.999137 -0.0274255 -4.60932 -0.208794 0.0203208 0.977748 135.548 
0.978085 0.0321315 0.20571 64.2331 -0.0268797 0.999239 -0.0282755 -4.64114 -0.206461 0.0221264 0.978204 136.355 
0.978726 0.0315885 0.202726 64.3918 -0.0267401 0.999288 -0.0266115 -4.67865 -0.203422 0.0206244 0.978874 137.179 
0.979461 0.0309987 0.199235 64.5402 -0.0259186 0.99927 -0.0280567 -4.70688 -0.199959 0.0223165 0.97955 137.993 
0.980418 0.0322064 0.194276 64.686 -0.0269821 0.999201 -0.0294786 -4.74201 -0.19507 0.0236593 0.980504 138.806 
0.980829 0.0370999 0.191305 64.8212 -0.0320113 0.999048 -0.0296231 -4.77951 -0.192222 0.0229312 0.981083 139.617 
0.981014 0.0430207 0.189105 64.9525 -0.0379932 0.998823 -0.0301333 -4.81 -0.190179 0.0223764 0.981494 140.426 
0.981304 0.0446748 0.187208 65.0884 -0.0401139 0.9988 -0.0280827 -4.84547 -0.188238 0.020048 0.981919 141.233 
0.981596 0.0425124 0.186177 65.2276 -0.0388159 0.998971 -0.0234575 -4.8787 -0.186982 0.0157991 0.982236 142.04 
0.982036 0.0408712 0.184214 65.3704 -0.0372058 0.999036 -0.0233123 -4.91224 -0.184989 0.0160396 0.98261 142.844 
0.982617 0.0389616 0.181509 65.5075 -0.0347618 0.99905 -0.026264 -4.94528 -0.18236 0.0194978 0.983038 143.636 
0.983699 0.0338567 0.176606 65.6459 -0.0290021 0.999129 -0.0299989 -4.97846 -0.177468 0.0243879 0.983824 144.429 
0.984953 0.0309394 0.170029 65.7782 -0.0260623 0.999184 -0.0308423 -5.01083 -0.170845 0.0259468 0.984956 145.22 
0.986091 0.0297037 0.163529 65.9008 -0.0258384 0.999335 -0.0257141 -5.0349 -0.164184 0.021131 0.986203 146.016 
0.987244 0.0268566 0.156931 66.0224 -0.0244624 0.999553 -0.0171687 -5.06833 -0.157322 0.0131107 0.98746 146.823 
0.987896 0.0237879 0.153283 66.1384 -0.0228515 0.999708 -0.00786905 -5.09317 -0.153425 0.00427098 0.988151 147.634 
0.988396 0.0305183 0.148801 66.2393 -0.0300594 0.999534 -0.00533304 -5.11318 -0.148894 0.000798229 0.988853 148.428 
0.989022 0.0331428 0.144001 66.3357 -0.0320378 0.999437 -0.009987 -5.13393 -0.144251 0.0052638 0.989527 149.222 
0.990107 0.0338244 0.136178 66.4326 -0.0313164 0.999299 -0.0205185 -5.14887 -0.136776 0.0160508 0.990472 150.015 
0.991056 0.0306561 0.129876 66.523 -0.0275241 0.999287 -0.0258433 -5.16726 -0.130576 0.0220373 0.991193 150.817 
0.991916 0.03003 0.123292 66.606 -0.0271442 0.999318 -0.0250212 -5.18919 -0.123959 0.0214722 0.992055 151.638 
0.992646 0.0366728 0.115368 66.6801 -0.0344027 0.999174 -0.0216089 -5.21782 -0.116065 0.017481 0.993088 152.461 
0.993335 0.0420706 0.107313 66.7424 -0.0397793 0.998934 -0.0234053 -5.24681 -0.108183 0.0189804 0.99395 153.278 
0.994285 0.0446554 0.0969652 66.8037 -0.0420232 0.998695 -0.0290229 -5.27612 -0.0981346 0.0247822 0.994864 154.085 
0.99515 0.0431116 0.0884189 66.8623 -0.0404735 0.998687 -0.0314166 -5.30337 -0.0896571 0.0276855 0.995588 154.905 
0.99585 0.0431698 0.0801197 66.9163 -0.0409784 0.998745 -0.0287996 -5.33052 -0.0812623 0.0253968 0.996369 155.729 
0.996317 0.0460325 0.072346 66.9519 -0.04458 0.998773 -0.0215676 -5.36198 -0.0732499 0.0182629 0.997146 156.554 
0.996705 0.0494444 0.0642909 66.9821 -0.0485022 0.998693 -0.0161371 -5.38503 -0.0650047 0.0129656 0.997801 157.383 
0.997222 0.0483525 0.0566652 67.0148 -0.0476982 0.998779 -0.0128461 -5.40756 -0.0572171 0.0101075 0.998311 158.207 
0.997513 0.0492646 0.0504062 67.0374 -0.0487857 0.998752 -0.01069 -5.42948 -0.0508699 0.00820428 0.998672 159.034 
0.99777 0.0482822 0.0460909 67.0647 -0.0477569 0.998782 -0.0124338 -5.45232 -0.0466349 0.0102048 0.99886 159.858 
0.997743 0.0528007 0.0414931 67.0795 -0.0520958 0.998482 -0.0178925 -5.47479 -0.0423747 0.0156904 0.998978 160.67 
0.997581 0.0587215 0.037189 67.0913 -0.057834 0.998025 -0.0245103 -5.49997 -0.0385548 0.0223002 0.999008 161.487 
0.997626 0.0599169 0.0339554 67.1026 -0.0590169 0.997894 -0.026917 -5.52459 -0.0354965 0.0248491 0.999061 162.307 
0.997635 0.0614177 0.0308483 67.1112 -0.0607921 0.997933 -0.0208275 -5.54965 -0.0320637 0.0189028 0.999307 163.139 
0.997543 0.0637808 0.0289696 67.1137 -0.063507 0.997928 -0.0102806 -5.57646 -0.0295652 0.00841545 0.999527 163.974 
0.997526 0.0653964 0.0257877 67.1199 -0.0653426 0.997859 -0.00292589 -5.59782 -0.0259237 0.00123354 0.999663 164.802 
0.997898 0.0615143 0.0203742 67.1285 -0.0614039 0.998095 -0.00600742 -5.61848 -0.0207049 0.00474365 0.999774 165.618 
0.998697 0.0489145 0.0145263 67.1409 -0.0486842 0.998689 -0.0158156 -5.63528 -0.0152808 0.0150878 0.999769 166.433 
0.998902 0.0462976 0.00710553 67.1407 -0.0461443 0.998726 -0.0204146 -5.65038 -0.00804154 0.0200643 0.999766 167.251 
0.998716 0.0506579 0.000432929 67.1183 -0.0506405 0.998535 -0.0190615 -5.67092 -0.00139782 0.019015 0.999818 168.085 
0.998804 0.0483833 -0.0069725 67.0978 -0.0484699 0.998742 -0.0128225 -5.69604 0.00634342 0.013145 0.999893 168.917 
0.998974 0.0430088 -0.0141529 67.0741 -0.0431403 0.999027 -0.0091141 -5.71395 0.0137472 0.00971523 0.999858 169.756 
0.999212 0.0342618 -0.0200135 67.0522 -0.0343715 0.999396 -0.00515985 -5.7233 0.0198248 0.0058436 0.999786 170.598 
0.999212 0.0297745 -0.026238 67.0189 -0.0299156 0.99954 -0.00499804 -5.74455 0.0260772 0.00577895 0.999643 171.436 
0.999114 0.0261885 -0.0329317 66.984 -0.0265981 0.999573 -0.0120582 -5.76277 0.0326019 0.0129234 0.999385 172.269 
0.999039 0.0168867 -0.0404515 66.9433 -0.0177879 0.999599 -0.022021 -5.78243 0.0400635 0.0227193 0.998939 173.103 
0.99886 0.00661029 -0.0472708 66.9114 -0.00784552 0.999631 -0.0259916 -5.80429 0.0470817 0.0263328 0.998544 173.94 
0.998509 0.010416 -0.053588 66.8491 -0.0114122 0.999767 -0.0183144 -5.82757 0.0533849 0.0188985 0.998395 174.781 
0.99805 0.0208802 -0.0588153 66.7737 -0.0212453 0.999759 -0.00558667 -5.84569 0.0586845 0.00682525 0.998253 175.627 
0.997638 0.0263557 -0.0634349 66.695 -0.0262567 0.999652 0.00239504 -5.86845 0.0634761 -0.000723871 0.997983 176.476 
0.997421 0.0254998 -0.0670827 66.6231 -0.0256022 0.999672 -0.000665847 -5.88218 0.0670438 0.00238151 0.997747 177.32 
0.997265 0.0267393 -0.0689066 66.5474 -0.0275988 0.999552 -0.0115501 -5.89534 0.068567 0.0134202 0.997556 178.146 
0.99671 0.0369839 -0.0721237 66.4598 -0.0385714 0.99904 -0.0207431 -5.91358 0.0712874 0.0234567 0.99718 178.975 
0.996607 0.0354126 -0.0742943 66.3792 -0.037303 0.999011 -0.0242114 -5.93633 0.0733635 0.0269005 0.996942 179.82 
0.996589 0.0305021 -0.0766854 66.313 -0.0320854 0.999295 -0.0194995 -5.95843 0.0760366 0.0218933 0.996865 180.676 
0.996612 0.0305674 -0.0763584 66.2376 -0.0314736 0.999447 -0.0106916 -5.98134 0.0759895 0.0130586 0.997023 181.536 
0.996539 0.0327213 -0.0764081 66.1572 -0.0332165 0.999434 -0.00521748 -6.002 0.0761943 0.00773734 0.997063 182.393 
0.996402 0.032814 -0.0781414 66.0777 -0.0333902 0.999424 -0.00607695 -6.01996 0.0778971 0.00866416 0.996924 183.251 
0.996319 0.0295478 -0.0804669 65.9968 -0.0308693 0.999407 -0.0152275 -6.04207 0.0799693 0.0176553 0.996641 184.103 
0.996371 0.0187409 -0.0830254 65.9305 -0.0210048 0.999429 -0.0264774 -6.0692 0.0824818 0.0281252 0.996196 184.954 
0.996338 0.00816964 -0.0851054 65.8616 -0.0108029 0.999476 -0.0305262 -6.09403 0.0848115 0.0313337 0.995904 185.804 
0.996251 0.0106357 -0.0858503 65.7706 -0.0129361 0.999571 -0.0262828 -6.11917 0.085534 0.0272948 0.995961 186.656 
0.996057 0.0165552 -0.0871581 65.6775 -0.018016 0.99971 -0.0160001 -6.14631 0.086868 0.0175072 0.996066 187.512 
0.995893 0.0174767 -0.0888329 65.5864 -0.0186288 0.999752 -0.0121561 -6.17885 0.0885986 0.0137609 0.995972 188.364 
0.99582 0.0163087 -0.0898727 65.5022 -0.0178198 0.999713 -0.016036 -6.2027 0.0895855 0.0175704 0.995824 189.207 
0.995853 0.0164206 -0.0894802 65.4123 -0.0184673 0.999585 -0.0220935 -6.22626 0.0890804 0.0236542 0.995743 190.043 
0.995683 0.0229869 -0.0899234 65.3166 -0.0251266 0.999426 -0.022735 -6.25057 0.0893493 0.0248963 0.995689 190.874 
0.995592 0.0257168 -0.0901961 65.2226 -0.0275863 0.999428 -0.0195414 -6.28031 0.0896421 0.0219433 0.995732 191.71 
0.995406 0.0297721 -0.0909969 65.1307 -0.0313914 0.999372 -0.0164155 -6.31089 0.0904511 0.0191965 0.995716 192.541 
0.995305 0.0331087 -0.090948 65.0369 -0.034488 0.999312 -0.0136341 -6.33495 0.0904341 0.0167066 0.995762 193.374 
0.995119 0.0361064 -0.0918355 64.9439 -0.0375572 0.999195 -0.0141173 -6.3579 0.0912519 0.0174974 0.995674 194.193 
