1 -4.23778e-08 4.22719e-08 0 -4.23778e-08 1 -4.19404e-08 0 4.22719e-08 -4.19404e-08 1 0 
0.999093 -0.000851676 0.0425595 0.106401 0.000953892 0.999997 -0.00238351 -0.0232487 -0.0425572 0.00242187 0.999091 1.10071 
0.996178 -0.00552464 0.0871734 0.209812 0.00615949 0.999956 -0.00701637 -0.0800695 -0.0871307 0.00752642 0.996168 2.20086 
0.991214 -0.00549518 0.132151 0.335517 0.00699818 0.999916 -0.0109122 -0.108713 -0.13208 0.0117411 0.991169 3.2384 
0.984126 -0.00328028 0.177439 0.531131 0.00573185 0.999895 -0.0133061 -0.143736 -0.177376 0.0141118 0.984042 4.26829 
0.974796 -0.00619478 0.223013 0.756821 0.00938991 0.999868 -0.0132699 -0.177876 -0.222901 0.0150295 0.974725 5.31449 
0.963103 -0.00684419 0.269046 0.982855 0.010992 0.999843 -0.0139137 -0.235602 -0.268909 0.0163577 0.963027 6.42572 
0.95013 -0.0105344 0.311677 1.29125 0.0164454 0.999731 -0.0163431 -0.285832 -0.311421 0.0206537 0.950047 7.29487 
0.935109 -0.0120413 0.354156 1.68573 0.0196532 0.999646 -0.0179045 -0.314456 -0.353816 0.0237029 0.935015 8.32244 
0.91798 -0.0121367 0.39644 2.09681 0.0211656 0.999606 -0.0184081 -0.358686 -0.396061 0.0252891 0.917876 9.26256 
0.898232 -0.0124937 0.439344 2.51932 0.0221529 0.999612 -0.0168653 -0.390458 -0.438963 0.0248816 0.898161 10.2173 
0.876584 -0.0122719 0.481093 2.99843 0.022723 0.999615 -0.0159046 -0.420541 -0.480712 0.0248735 0.876525 11.1058 
0.852613 -0.0126889 0.522389 3.53091 0.0239073 0.999605 -0.0147398 -0.44118 -0.521996 0.0250562 0.85258 12.0381 
0.826842 -0.0125268 0.562294 4.08577 0.0250534 0.99958 -0.0145722 -0.468861 -0.561875 0.0261362 0.826809 12.8989 
0.799725 -0.0143165 0.600195 4.73092 0.0284928 0.999494 -0.0141241 -0.495856 -0.599689 0.0283966 0.799729 13.7255 
0.771091 -0.013585 0.63658 5.37162 0.0296072 0.999456 -0.0145344 -0.526031 -0.636037 0.0300547 0.771073 14.5336 
0.740539 -0.0169823 0.671798 6.08129 0.0346718 0.999315 -0.0129581 -0.554419 -0.671118 0.0328884 0.740621 15.3315 
0.708595 -0.0163579 0.705426 6.7808 0.03509 0.999311 -0.0120751 -0.585087 -0.704742 0.0333097 0.708681 16.0481 
0.67478 -0.0153815 0.737858 7.52854 0.036531 0.999253 -0.0125776 -0.620911 -0.737114 0.0354418 0.674838 16.7262 
0.63917 -0.0166711 0.768884 8.29389 0.041193 0.999072 -0.0125816 -0.642175 -0.767961 0.0397144 0.639264 17.3765 
0.602601 -0.0147222 0.797907 9.1169 0.0413019 0.999065 -0.0127586 -0.658604 -0.796973 0.0406434 0.602646 18.0197 
0.564841 -0.0137949 0.825084 9.96222 0.0446695 0.998905 -0.0138791 -0.673577 -0.82399 0.0446956 0.564839 18.6172 
0.525661 -0.0120743 0.850609 10.8067 0.0492675 0.998653 -0.0162707 -0.693573 -0.849266 0.0504602 0.525548 19.165 
0.48675 -0.0110709 0.873471 11.7576 0.0510048 0.998574 -0.0157665 -0.710969 -0.872051 0.0522256 0.48662 19.7245 
0.44786 -0.0133209 0.894004 12.6499 0.0563078 0.998324 -0.0133328 -0.74009 -0.892329 0.0563106 0.44786 20.1726 
0.410991 -0.0141652 0.911529 13.5343 0.0599308 0.998136 -0.0115107 -0.766949 -0.909667 0.0593594 0.411074 20.5655 
0.375796 -0.0118236 0.926627 14.4995 0.0613626 0.998041 -0.0121511 -0.787368 -0.924669 0.0614266 0.375785 20.9585 
0.342534 -0.0125298 0.939422 15.4783 0.0619496 0.998036 -0.00927673 -0.806387 -0.937461 0.0613744 0.342638 21.3108 
0.309209 -0.0139842 0.950891 16.4852 0.0644203 0.997903 -0.00627252 -0.815161 -0.94881 0.0631962 0.309461 21.6573 
0.276397 -0.0138213 0.960944 17.5159 0.0649945 0.997876 -0.00434202 -0.824556 -0.958843 0.0636562 0.276708 21.9502 
0.243808 -0.0107642 0.969764 18.515 0.0620312 0.998064 -0.00451699 -0.843353 -0.967837 0.0612568 0.244004 22.2267 
0.212547 -0.00906743 0.977109 19.6182 0.061957 0.99807 -0.00421543 -0.843438 -0.975185 0.0614347 0.212698 22.5163 
0.18194 -0.00878115 0.98327 20.7294 0.0639997 0.997946 -0.00293008 -0.849243 -0.981225 0.0634621 0.182128 22.7403 
0.151824 -0.00909619 0.988366 21.8568 0.0657191 0.997838 -0.000911936 -0.856227 -0.98622 0.0650929 0.152094 22.891 
0.121531 -0.00965817 0.992541 22.9403 0.0646633 0.997905 0.00179261 -0.865041 -0.990479 0.0639631 0.121901 23.0258 
0.0924402 -0.0100995 0.995667 24.0396 0.065608 0.997837 0.00403018 -0.87 -0.993554 0.0649512 0.0929029 23.1235 
0.0653619 -0.00984682 0.997813 25.1346 0.0683469 0.997647 0.00536802 -0.867852 -0.995518 0.0678466 0.0658811 23.1938 
0.0401351 -0.00923438 0.999152 26.3098 0.0720226 0.997383 0.00632486 -0.867353 -0.996595 0.0717076 0.0406951 23.2526 
0.0168289 -0.00899742 0.999818 27.4833 0.0756133 0.997107 0.00770023 -0.869044 -0.996995 0.0754699 0.0174605 23.2857 
-0.00385003 -0.00900584 0.999952 28.7147 0.0810822 0.996664 0.00928833 -0.861562 -0.9967 0.081114 -0.00310698 23.2993 
-0.0218883 -0.00998645 0.99971 29.9773 0.0851904 0.996295 0.0118175 -0.869855 -0.996124 0.0854244 -0.0209565 23.2832 
-0.0380858 -0.00984715 0.999226 31.2696 0.0877572 0.996055 0.0131607 -0.858012 -0.995413 0.0881905 -0.0370714 23.2778 
-0.0528298 -0.0105104 0.998548 32.4932 0.0899637 0.995828 0.0152414 -0.844183 -0.994543 0.0906382 -0.0516639 23.2223 
-0.0668539 -0.0114632 0.997697 33.7107 0.0898832 0.995799 0.0174642 -0.836153 -0.993706 0.0908437 -0.0655427 23.1805 
-0.0794298 -0.0114062 0.996775 34.9803 0.0895654 0.995808 0.0185322 -0.823817 -0.992809 0.0907485 -0.0780752 23.1051 
-0.0914637 -0.00863473 0.995771 36.2534 0.0898246 0.995814 0.0168856 -0.81304 -0.991749 0.0909891 -0.0903053 23.0873 
-0.101898 -0.00490553 0.994783 37.5164 0.0901934 0.995824 0.0141493 -0.790886 -0.990698 0.0911646 -0.10103 22.9835 
-0.111591 -0.00256191 0.993751 38.7435 0.0911374 0.995756 0.0128011 -0.787842 -0.989566 0.0919963 -0.110884 22.8612 
-0.119416 -0.00135327 0.992843 40.0247 0.0911463 0.995761 0.01232 -0.772511 -0.988652 0.0919652 -0.118787 22.7355 
-0.125639 -0.000724983 0.992076 41.3557 0.0907115 0.995802 0.0122156 -0.765368 -0.98792 0.0915274 -0.125046 22.5847 
-0.130735 0.000819773 0.991417 42.7 0.0918206 0.995712 0.0112847 -0.749217 -0.987156 0.0925078 -0.13025 22.4172 
-0.135594 0.00252359 0.990761 44.1179 0.0909801 0.995803 0.00991486 -0.727068 -0.986578 0.091484 -0.135254 22.2558 
-0.140138 0.00339845 0.990126 45.5282 0.0912703 0.995781 0.00950004 -0.716945 -0.985916 0.0917004 -0.139857 22.0795 
-0.143598 0.00236082 0.989633 47.0292 0.0911313 0.99578 0.0108477 -0.702983 -0.985431 0.0917443 -0.143207 21.9075 
-0.146083 0.000414907 0.989272 48.4581 0.0916875 0.995701 0.0131216 -0.694952 -0.985014 0.0926207 -0.145494 21.7131 
-0.148729 -0.000586716 0.988878 49.9499 0.0914116 0.99571 0.0143391 -0.670823 -0.984644 0.0925275 -0.148037 21.5284 
-0.151043 0.000263101 0.988527 51.4307 0.0941724 0.995456 0.0141241 -0.656599 -0.984031 0.0952253 -0.150381 21.331 
-0.152058 -6.10568e-05 0.988372 52.9757 0.0933739 0.995526 0.0144267 -0.635281 -0.983951 0.0944818 -0.151372 21.1177 
-0.15289 0.00117181 0.988242 54.5042 0.0949755 0.995388 0.0135132 -0.632085 -0.983669 0.0959249 -0.152296 20.8993 
-0.153577 0.00109085 0.988136 56.0378 0.0948768 0.995395 0.0136469 -0.638674 -0.983571 0.095847 -0.152973 20.7279 
-0.153136 0.00240065 0.988202 57.5611 0.0944024 0.995459 0.0122107 -0.632993 -0.983686 0.0951585 -0.152668 20.5155 
-0.152311 0.00276511 0.988329 59.1199 0.0954992 0.995358 0.0119325 -0.603003 -0.983708 0.0962021 -0.151868 20.3143 
-0.151591 0.00167267 0.988442 60.7349 0.0945029 0.995442 0.0128087 -0.598207 -0.983915 0.0953523 -0.151058 20.1372 
-0.151303 0.00257836 0.988484 62.2903 0.0952155 0.995385 0.0119778 -0.577861 -0.983891 0.0959313 -0.15085 19.9344 
-0.150382 0.0031731 0.988623 63.8852 0.0954326 0.995371 0.0113217 -0.577269 -0.984011 0.0960495 -0.149989 19.7203 
-0.1495 0.00384356 0.988754 65.518 0.096575 0.995268 0.0107332 -0.566692 -0.984034 0.0970935 -0.149164 19.4988 
-0.147988 0.00397712 0.988981 67.197 0.0962837 0.995299 0.010405 -0.542958 -0.984291 0.0967626 -0.147675 19.2396 
-0.147494 0.00240478 0.98906 68.8657 0.0983278 0.995079 0.0122436 -0.524161 -0.984163 0.099058 -0.147004 19.0205 
-0.14711 0.000169307 0.98912 70.5613 0.0998384 0.994895 0.0146784 -0.517074 -0.984068 0.100912 -0.146376 18.7918 
-0.145561 0.00141252 0.989348 72.2886 0.10174 0.994719 0.0135485 -0.505302 -0.984104 0.102629 -0.144936 18.5096 
-0.144819 0.00346285 0.989452 73.9968 0.103521 0.994559 0.0116709 -0.487403 -0.984028 0.10412 -0.144389 18.2856 
-0.144061 0.00312048 0.989564 75.7009 0.103003 0.99461 0.0118588 -0.478594 -0.984193 0.103637 -0.143606 18.0603 
-0.14421 0.00319738 0.989542 77.4215 0.103778 0.994529 0.0119104 -0.471785 -0.98409 0.10441 -0.143753 17.8329 
-0.143709 0.00226977 0.989617 79.1955 0.104026 0.994492 0.0128253 -0.457622 -0.984137 0.104789 -0.143153 17.6 
-0.144039 0.00216057 0.98957 80.9291 0.105323 0.994351 0.0131595 -0.453102 -0.983951 0.10612 -0.143453 17.3908 
-0.143746 0.00198147 0.989613 82.7065 0.106356 0.994237 0.0134578 -0.443514 -0.983883 0.107185 -0.143128 17.1416 
-0.143826 0.00321514 0.989598 84.4735 0.106465 0.994241 0.0122431 -0.43094 -0.983859 0.107119 -0.14334 16.9141 
-0.144307 0.00385501 0.989525 86.2811 0.106265 0.99427 0.0116236 -0.427981 -0.98381 0.10683 -0.14389 16.6838 
-0.145265 0.00435957 0.989383 88.1244 0.105589 0.994348 0.0111215 -0.419676 -0.983742 0.106084 -0.144904 16.4379 
-0.146219 0.00523555 0.989238 89.938 0.104907 0.994429 0.0102432 -0.410014 -0.983674 0.105276 -0.145954 16.1831 
-0.14705 0.00452702 0.989119 91.7921 0.104155 0.994501 0.0109328 -0.401094 -0.98363 0.10463 -0.146713 15.9345 
-0.148184 0.00405465 0.988951 93.621 0.104385 0.99447 0.0115637 -0.405503 -0.983435 0.104946 -0.147788 15.6923 
-0.148281 0.00279169 0.988941 95.4343 0.102148 0.99469 0.0125081 -0.405292 -0.983656 0.102873 -0.147779 15.4348 
-0.149988 0.00377767 0.988681 97.2624 0.101701 0.994747 0.0116277 -0.391907 -0.983443 0.102294 -0.149584 15.1823 
-0.152007 0.00460093 0.988369 99.1107 0.10127 0.994799 0.0109439 -0.380165 -0.983178 0.101756 -0.151682 14.9046 
-0.155834 0.00562457 0.987767 100.998 0.102256 0.994703 0.0104682 -0.373864 -0.982476 0.102636 -0.155584 14.6187 
-0.160458 0.00465875 0.987032 102.886 0.100143 0.994905 0.011584 -0.368747 -0.981949 0.100704 -0.160107 14.3528 
-0.165597 0.003881 0.986186 104.784 0.0975064 0.995157 0.0124566 -0.363875 -0.981361 0.0982222 -0.165174 14.0758 
-0.170087 0.00462544 0.985418 106.679 0.09628 0.995283 0.0119465 -0.359624 -0.980714 0.096908 -0.16973 13.7706 
-0.174667 0.00632484 0.984607 108.598 0.0975413 0.995172 0.0109108 -0.357792 -0.979784 0.0979456 -0.17444 13.4622 
-0.179109 0.00827922 0.983794 110.54 0.0973135 0.99521 0.00934142 -0.350128 -0.979005 0.0974096 -0.179056 13.1315 
-0.184077 0.00823464 0.982877 112.446 0.0960442 0.99533 0.00964845 -0.359095 -0.978208 0.0961757 -0.184008 12.8098 
-0.18861 0.00788611 0.98202 114.357 0.0942045 0.995502 0.0100987 -0.356499 -0.977523 0.0944154 -0.188504 12.4718 
-0.193911 0.00698686 0.980994 116.31 0.0922977 0.995669 0.0111528 -0.3572 -0.976668 0.0927061 -0.193716 12.1109 
-0.199533 0.00680316 0.979867 118.317 0.0920362 0.995685 0.0118285 -0.342124 -0.975559 0.0925435 -0.199298 11.7302 
-0.204759 0.00652094 0.978791 120.288 0.0921671 0.995663 0.0126476 -0.334996 -0.974463 0.092802 -0.204472 11.3428 
-0.210316 0.00799432 0.977601 122.26 0.092411 0.995652 0.0117389 -0.325208 -0.973256 0.09281 -0.210141 10.9452 
-0.215642 0.00902921 0.976431 124.232 0.0924099 0.995658 0.0112014 -0.319538 -0.97209 0.0926474 -0.215541 10.5411 
-0.221612 0.0092387 0.975091 126.219 0.093147 0.995583 0.0117369 -0.308671 -0.970676 0.0934279 -0.221494 10.1199 
-0.226869 0.00899992 0.973884 128.197 0.0917552 0.995707 0.012173 -0.303043 -0.969593 0.0921206 -0.226721 9.69349 
-0.232297 0.00979248 0.972595 130.222 0.0911582 0.995767 0.0117466 -0.291206 -0.968364 0.0913888 -0.232207 9.24856 
-0.23759 0.0104421 0.971309 132.226 0.0904153 0.995839 0.0114104 -0.28343 -0.967148 0.0905322 -0.237546 8.80447 
-0.241746 0.0102385 0.970285 134.206 0.0915267 0.995727 0.0122968 -0.26884 -0.966013 0.0917798 -0.24165 8.33449 
-0.245454 0.0102102 0.969354 136.177 0.0937454 0.995508 0.0132519 -0.265788 -0.964865 0.0941253 -0.245309 7.85353 
-0.248476 0.0111088 0.968574 138.179 0.0952077 0.995372 0.0130083 -0.255968 -0.963948 0.095448 -0.248384 7.35194 
-0.25015 0.0119848 0.968133 140.26 0.0965709 0.995246 0.0126319 -0.24807 -0.963379 0.0966534 -0.250119 6.75938 
-0.253336 0.0117432 0.967307 142.294 0.095964 0.995299 0.0130497 -0.246605 -0.962607 0.0961326 -0.253272 6.2547 
-0.257079 0.012144 0.966314 144.327 0.0948826 0.995407 0.0127329 -0.247103 -0.961721 0.0949598 -0.25705 5.73163 
-0.26179 0.0129535 0.965038 146.371 0.0935529 0.995542 0.0120155 -0.242546 -0.96058 0.0934276 -0.261835 5.2192 
-0.265969 0.0126261 0.963899 148.387 0.0929833 0.995588 0.0126157 -0.246415 -0.959487 0.0929819 -0.26597 4.69121 
-0.27095 0.0130309 0.962505 150.395 0.0927023 0.995614 0.012617 -0.249005 -0.958119 0.092645 -0.27097 4.15831 
-0.27524 0.0136148 0.961279 152.428 0.0925484 0.995631 0.0123976 -0.247791 -0.956911 0.0923771 -0.275297 3.60275 
-0.27948 0.0138334 0.960052 154.441 0.0921869 0.995663 0.0124898 -0.2444 -0.955716 0.0919949 -0.279543 3.04491 
-0.283762 0.0130028 0.958806 156.493 0.0915714 0.995706 0.0135976 -0.233716 -0.954512 0.0916578 -0.283734 2.48551 
-0.287752 0.0132914 0.957613 158.508 0.0935547 0.995511 0.0142947 -0.236685 -0.953124 0.0937025 -0.287704 1.913 
-0.291707 0.0140239 0.956405 160.544 0.0953945 0.995334 0.0145009 -0.246292 -0.951739 0.0954658 -0.291683 1.34247 
-0.29537 0.015137 0.955263 162.587 0.0943613 0.995448 0.0134029 -0.228056 -0.950712 0.0940986 -0.295453 0.745763 
-0.298693 0.0167478 0.954202 164.623 0.0943994 0.995461 0.0120777 -0.221274 -0.949669 0.0936836 -0.298918 0.142791 
-0.302373 0.0177946 0.953023 166.659 0.0950749 0.995403 0.0115792 -0.228473 -0.948436 0.0941098 -0.302675 -0.450367 
-0.305655 0.0183936 0.951964 168.732 0.094667 0.995446 0.0111617 -0.231029 -0.947424 0.0935313 -0.306005 -1.08397 
-0.308964 0.0190074 0.950884 170.79 0.0953292 0.995384 0.0110776 -0.217284 -0.946284 0.0940696 -0.309349 -1.73066 
-0.312957 0.0191294 0.949575 172.846 0.0945875 0.995454 0.0111201 -0.210776 -0.945045 0.093298 -0.313344 -2.37326 
-0.316751 0.0195933 0.948306 174.952 0.0967243 0.995242 0.0117444 -0.226965 -0.943564 0.0954444 -0.317139 -3.03215 
-0.319694 0.0195721 0.947318 177.026 0.0982667 0.99508 0.0126034 -0.227324 -0.942411 0.0971191 -0.320045 -3.70543 
-0.321947 0.0192768 0.946561 179.184 0.0994633 0.994949 0.0135675 -0.230453 -0.941519 0.0985161 -0.322238 -4.41602 
-0.324767 0.018552 0.945612 181.274 0.0987911 0.995004 0.0144084 -0.227177 -0.94062 0.0980974 -0.324978 -5.11068 
-0.327206 0.0192339 0.944757 183.427 0.098563 0.995034 0.0138786 -0.219844 -0.939799 0.0976593 -0.327476 -5.83114 
-0.329934 0.0210947 0.943768 185.496 0.0967056 0.995246 0.0115622 -0.215467 -0.939038 0.0950825 -0.330405 -6.52792 
-0.333466 0.022949 0.942483 187.577 0.0962859 0.995305 0.00983232 -0.218937 -0.937832 0.0940265 -0.33411 -7.21633 
-0.336501 0.0234818 0.94139 189.707 0.0954848 0.995387 0.00930239 -0.23026 -0.93683 0.0930188 -0.337191 -7.93972 
-0.339963 0.024501 0.94012 191.841 0.0940273 0.995537 0.00805643 -0.241687 -0.935727 0.0911358 -0.340749 -8.65573 
-0.343634 0.0240328 0.938796 193.945 0.0946448 0.995469 0.00915993 -0.263647 -0.934322 0.0919999 -0.344352 -9.3851 
-0.347322 0.0233632 0.937455 196.057 0.0942177 0.9955 0.0100973 -0.26367 -0.933001 0.0918318 -0.347961 -10.1333 
-0.350524 0.0227598 0.936277 198.218 0.0935851 0.995552 0.0108356 -0.26022 -0.931866 0.0914197 -0.351095 -10.9145 
-0.354132 0.0222701 0.93493 200.308 0.0937598 0.995525 0.0118008 -0.279308 -0.930483 0.0918379 -0.354636 -11.6672 
-0.358307 0.0220423 0.933343 202.384 0.0921992 0.99567 0.0118807 -0.292012 -0.92904 0.0903104 -0.358788 -12.3963 
-0.361823 0.0222088 0.931982 204.504 0.0913027 0.995754 0.0117179 -0.305758 -0.927765 0.0893323 -0.362315 -13.1788 
-0.365406 0.0225429 0.930575 206.585 0.0913547 0.995749 0.0117502 -0.335258 -0.926354 0.0893061 -0.365912 -13.9325 
-0.368291 0.0228015 0.929431 208.664 0.0918048 0.995705 0.0119505 -0.357782 -0.925167 0.0897275 -0.368802 -14.7131 
-0.370781 0.0227275 0.928442 210.78 0.0933668 0.995548 0.0129165 -0.357203 -0.924015 0.0914749 -0.371252 -15.5161 
-0.37294 0.0222329 0.927589 212.952 0.0947707 0.995397 0.0142446 -0.351732 -0.923003 0.0932207 -0.373331 -16.3691 
-0.3752 0.0234359 0.926647 215.145 0.0967466 0.99521 0.0140027 -0.342096 -0.921881 0.0949038 -0.375671 -17.2439 
-0.378253 0.0243581 0.925382 217.283 0.0962045 0.995275 0.013126 -0.337365 -0.92069 0.0939908 -0.378809 -18.0846 
-0.380449 0.0246837 0.924472 219.463 0.096196 0.995277 0.0130134 -0.340144 -0.919785 0.0938815 -0.381027 -18.9584 
-0.383241 0.0257146 0.92329 221.594 0.0955897 0.995349 0.011956 -0.359152 -0.918688 0.0928391 -0.383917 -19.7913 
-0.386562 0.0272396 0.921861 223.54 0.095535 0.995369 0.0106488 -0.352281 -0.917302 0.0921865 -0.387374 -20.5524 
-0.38923 0.0267988 0.920751 225.557 0.0933068 0.995582 0.0104668 -0.377715 -0.916403 0.0899863 -0.390011 -21.3529 
-0.392567 0.0273858 0.919315 227.549 0.0940371 0.995513 0.0105001 -0.413324 -0.914903 0.0905717 -0.393381 -22.1313 
-0.395266 0.0270014 0.91817 229.605 0.0955523 0.995354 0.0118633 -0.417809 -0.913583 0.0924224 -0.39601 -22.9509 
-0.398367 0.0262441 0.916851 231.595 0.0962993 0.995263 0.0133529 -0.415563 -0.912157 0.0936114 -0.399007 -23.7652 
-0.401806 0.0257636 0.915362 233.589 0.0947066 0.995413 0.0135555 -0.428767 -0.910814 0.0921376 -0.402403 -24.576 
-0.404589 0.0256674 0.914138 235.694 0.0934126 0.995537 0.0133905 -0.440738 -0.909715 0.0908097 -0.405181 -25.4701 
-0.408203 0.0250906 0.912546 237.77 0.0920438 0.995659 0.0137975 -0.447514 -0.908239 0.0896265 -0.40874 -26.3484 
-0.41137 0.0247623 0.911132 239.871 0.0916129 0.995692 0.0143022 -0.437821 -0.906852 0.0893549 -0.411867 -27.2487 
-0.4147 0.024556 0.909627 241.942 0.0908963 0.995754 0.0145586 -0.451216 -0.905407 0.0887192 -0.415171 -28.1764 
-0.419239 0.0241481 0.907555 244.037 0.0904636 0.995782 0.0152933 -0.471143 -0.903358 0.0885123 -0.419655 -29.0571 
-0.422832 0.0237314 0.905897 246.154 0.089699 0.995844 0.0157796 -0.47039 -0.901758 0.0879302 -0.423203 -30.0052 
-0.426735 0.0236559 0.904067 248.31 0.0890038 0.995903 0.0159523 -0.465347 -0.899986 0.0872729 -0.427092 -30.9879 
-0.430328 0.0245479 0.902339 250.472 0.0889572 0.995917 0.0153303 -0.453501 -0.898279 0.0868666 -0.430755 -31.9938 
-0.433788 0.0255088 0.900654 252.653 0.0899645 0.99583 0.0151258 -0.438568 -0.896512 0.0875882 -0.434274 -33.0072 
-0.437716 0.0252324 0.898759 254.743 0.0896722 0.995847 0.0157142 -0.448975 -0.894631 0.0874721 -0.438161 -33.9634 
-0.441502 0.0255807 0.896896 256.81 0.0886439 0.995947 0.0152296 -0.452415 -0.892871 0.0862282 -0.44198 -34.9069 
-0.445208 0.0260402 0.895049 258.962 0.0889363 0.99592 0.015263 -0.446494 -0.891 0.0863976 -0.445707 -35.9264 
-0.448611 0.0266869 0.893329 261.11 0.0891415 0.995906 0.0150136 -0.425145 -0.88927 0.0863679 -0.449153 -36.9471 
-0.45245 0.0277154 0.891359 263.313 0.0904826 0.995785 0.0149661 -0.41601 -0.887188 0.0874239 -0.45305 -37.9662 
-0.45576 0.0300937 0.889594 265.381 0.093167 0.995551 0.0140535 -0.411532 -0.885213 0.0892858 -0.456536 -38.9949 
-0.458659 0.0308586 0.888076 267.469 0.0942211 0.995452 0.014072 -0.404983 -0.883603 0.0901298 -0.459481 -40.005 
-0.461304 0.0331064 0.886624 269.56 0.0957961 0.99532 0.0126768 -0.395664 -0.882055 0.090783 -0.462317 -41.0478 
-0.462749 0.0359177 0.885761 271.715 0.0977682 0.995151 0.0107236 -0.382844 -0.881081 0.0915616 -0.464017 -42.15 
-0.466166 0.0364975 0.883944 273.808 0.098428 0.995085 0.0108215 -0.383045 -0.879205 0.0920495 -0.467467 -43.17 
-0.469102 0.0375242 0.882347 275.967 0.0986101 0.995075 0.010108 -0.37039 -0.877622 0.09175 -0.470491 -44.2902 
-0.472647 0.0375763 0.88045 278.16 0.0978407 0.995151 0.0100516 -0.357719 -0.875804 0.0908948 -0.474031 -45.3915 
-0.476034 0.0392584 0.87855 280.321 0.0986137 0.995085 0.00896692 -0.348282 -0.87388 0.0909056 -0.477566 -46.5258 
-0.478806 0.0394296 0.877035 282.484 0.0979646 0.995151 0.00874259 -0.353986 -0.872438 0.0901044 -0.480347 -47.6868 
-0.481437 0.0393982 0.875595 284.653 0.0960152 0.995348 0.00800621 -0.342891 -0.871206 0.0879249 -0.48298 -48.8515 
-0.483528 0.0402248 0.874404 286.792 0.0973922 0.995213 0.00807348 -0.326845 -0.869894 0.0890639 -0.485131 -50.001 
-0.486183 0.0404879 0.872918 288.951 0.0990757 0.995039 0.00902936 -0.34047 -0.868222 0.090875 -0.487783 -51.0977 
-0.488401 0.0405973 0.871675 291.055 0.100166 0.994923 0.0097855 -0.343358 -0.866852 0.0920912 -0.489987 -52.2301 
-0.490929 0.0398784 0.870286 293.195 0.099536 0.994978 0.0105563 -0.35095 -0.865495 0.0918072 -0.492433 -53.3299 
-0.492779 0.0391431 0.869273 295.376 0.0999658 0.99492 0.0118683 -0.354004 -0.864393 0.0927461 -0.494189 -54.5354 
-0.49546 0.0395884 0.867728 297.61 0.102119 0.994688 0.0129276 -0.362746 -0.862607 0.0950164 -0.496871 -55.747 
-0.497675 0.0398093 0.866449 299.761 0.10248 0.994648 0.0131636 -0.339553 -0.861288 0.0953451 -0.499091 -56.9127 
-0.499703 0.0407848 0.865236 301.91 0.102134 0.994697 0.0120985 -0.328557 -0.860155 0.0944157 -0.501218 -58.1073 
-0.502472 0.0431422 0.863517 304.07 0.101638 0.994777 0.0094419 -0.319103 -0.858599 0.0925104 -0.504232 -59.2775 
-0.505719 0.0422739 0.861662 306.144 0.0998503 0.994954 0.00978992 -0.330698 -0.8569 0.0909882 -0.507389 -60.4777 
-0.509758 0.0402513 0.859376 308.355 0.0976124 0.99516 0.0112896 -0.331351 -0.854762 0.0896407 -0.51122 -61.7406 
-0.514434 0.0376818 0.856701 310.595 0.0951457 0.995374 0.013352 -0.320748 -0.852235 0.0883802 -0.51564 -63.0331 
-0.519207 0.0361553 0.853883 312.813 0.0934514 0.995516 0.0146712 -0.315989 -0.849524 0.087414 -0.520258 -64.3241 
-0.523381 0.0359871 0.851339 315.01 0.0937202 0.995477 0.0155366 -0.307317 -0.846929 0.0879192 -0.524386 -65.6263 
-0.527547 0.037493 0.848698 317.259 0.0964259 0.995212 0.0159723 -0.299846 -0.844036 0.0902627 -0.528637 -66.9617 
-0.531571 0.0395303 0.84609 319.503 0.100984 0.994743 0.0169696 -0.31478 -0.840972 0.0944624 -0.532769 -68.3067 
-0.53522 0.0399144 0.843769 321.681 0.102299 0.994594 0.0178413 -0.294746 -0.838495 0.095866 -0.53641 -69.6335 
-0.539155 0.0377646 0.84136 323.849 0.100796 0.994707 0.019944 -0.272397 -0.836153 0.095559 -0.540107 -70.9746 
-0.542856 0.0358796 0.839059 325.975 0.0988194 0.994875 0.0213918 -0.242226 -0.833991 0.094528 -0.54362 -72.3343 
-0.546779 0.0356068 0.83652 328.157 0.0977321 0.99498 0.0215294 -0.217574 -0.831554 0.0935267 -0.547514 -73.7152 
-0.550822 0.0346085 0.833905 330.336 0.096236 0.995109 0.0222683 -0.199297 -0.829056 0.0925176 -0.551459 -75.1065 
-0.554982 0.0337494 0.831177 332.59 0.0964259 0.995051 0.0239807 -0.183675 -0.826255 0.0934559 -0.55549 -76.5504 
-0.559444 0.032957 0.828213 334.815 0.09506 0.995167 0.0246108 -0.14879 -0.823399 0.0924983 -0.559873 -77.99 
-0.563021 0.0313579 0.825848 336.985 0.0931621 0.995319 0.0257203 -0.130589 -0.821175 0.0914188 -0.563306 -79.4261 
-0.566436 0.0301358 0.823554 339.142 0.0918695 0.995411 0.0267629 -0.106732 -0.818969 0.090819 -0.566606 -80.8747 
-0.570209 0.0291468 0.820982 341.248 0.0920952 0.995339 0.0286274 -0.0949526 -0.816321 0.0919321 -0.570236 -82.2727 
-0.573971 0.028163 0.818391 343.348 0.0923123 0.995263 0.0304928 -0.0784688 -0.813656 0.0930495 -0.573852 -83.6801 
-0.577721 0.0271842 0.815781 345.441 0.0925208 0.995185 0.032359 -0.0572776 -0.810973 0.0941712 -0.577455 -85.0968 
-0.580546 0.0270721 0.813777 347.618 0.0898239 0.995476 0.0309633 -0.00262976 -0.809258 0.0910723 -0.580351 -86.6104 
-0.583157 0.0243427 0.811994 349.775 0.0876162 0.995605 0.033077 0.0429573 -0.807621 0.090433 -0.582727 -88.0694 
-0.586311 0.0237321 0.809738 352.007 0.0878879 0.995534 0.03446 0.109933 -0.805304 0.0913705 -0.585779 -89.6385 
-0.58938 0.0233407 0.807519 354.199 0.0860872 0.995705 0.0340519 0.175941 -0.803256 0.0895866 -0.588858 -91.1809 
-0.59226 0.0222023 0.805441 356.341 0.0841006 0.995864 0.0343898 0.230674 -0.801346 0.0881058 -0.591677 -92.7144 
-0.5951 0.018812 0.803431 358.453 0.082171 0.995911 0.037545 0.288927 -0.79944 0.0883618 -0.594212 -94.2256 
-0.59839 0.0160526 0.801044 360.487 0.0788443 0.996126 0.0389357 0.344506 -0.797316 0.0864565 -0.597338 -95.6901 
-0.601431 0.0153488 0.798777 362.643 0.0771922 0.996254 0.0389777 0.41962 -0.795187 0.0851018 -0.600363 -97.2488 
-0.604093 0.0149982 0.796773 364.667 0.0762195 0.996327 0.039033 0.474436 -0.793261 0.0843092 -0.603017 -98.7746 
-0.607365 0.0146335 0.794288 366.794 0.0759621 0.996319 0.0397299 0.54775 -0.790783 0.0844663 -0.60624 -100.308 
-0.610295 0.013765 0.792055 368.914 0.0749401 0.996368 0.0404271 0.617437 -0.788622 0.0840292 -0.60911 -101.869 
-0.613293 0.0122796 0.78976 370.953 0.0716134 0.996625 0.0401158 0.682106 -0.786602 0.0811602 -0.612103 -103.383 
-0.616606 0.00860813 0.787225 372.999 0.0618397 0.99738 0.0375307 0.726457 -0.784839 0.0718235 -0.615523 -104.92 
-0.619679 0.0116667 0.784768 375.086 0.0545621 0.998111 0.0282457 0.782421 -0.782956 0.0603219 -0.619145 -106.509 
-0.621251 0.0218491 0.783307 377.036 0.0651629 0.997589 0.0238552 0.835591 -0.780898 0.0658627 -0.621177 -108.1 
-0.620193 0.0228163 0.784118 379.188 0.0719972 0.997013 0.0279345 0.881696 -0.781139 0.0737791 -0.619983 -109.802 
-0.622238 0.0135494 0.782711 381.341 0.070907 0.996716 0.0391155 0.942164 -0.77961 0.0798388 -0.621155 -111.457 
-0.62509 0.00291658 0.780547 383.457 0.0648234 0.996732 0.0481885 1.0222 -0.777856 0.0807199 -0.623237 -113.098 
-0.628829 -0.00212763 0.777541 385.521 0.0600364 0.996878 0.0512816 1.14147 -0.775222 0.0789281 -0.626738 -114.68 
-0.631319 -0.00243614 0.775519 387.562 0.0593099 0.996915 0.0514134 1.23256 -0.773252 0.0784542 -0.629227 -116.284 
-0.63428 0.00278606 0.773098 389.607 0.0645542 0.996692 0.0493709 1.29967 -0.770404 0.0812218 -0.632362 -117.898 
-0.63771 0.00764352 0.770239 391.548 0.070195 0.996367 0.0482295 1.33373 -0.767072 0.0848233 -0.635929 -119.409 
-0.640169 0.0105326 0.768162 393.642 0.0711584 0.99642 0.0456394 1.42899 -0.764932 0.0838781 -0.638627 -121.102 
-0.64266 0.0105886 0.766078 395.68 0.0710712 0.996417 0.045849 1.50542 -0.762848 0.0839114 -0.64111 -122.752 
-0.644136 0.0104951 0.764839 397.679 0.070696 0.996443 0.0458658 1.56408 -0.761637 0.0836149 -0.642587 -124.441 
-0.646161 0.00947684 0.763142 399.804 0.0703863 0.996401 0.0472234 1.66938 -0.759948 0.0842287 -0.644503 -126.178 
-0.647352 0.0103172 0.762121 401.764 0.0716263 0.996307 0.0473524 1.74627 -0.758818 0.0852417 -0.6457 -127.832 
-0.648797 0.0103729 0.760891 403.79 0.0717734 0.996284 0.0476178 1.80312 -0.757569 0.085506 -0.64713 -129.402 
-0.650964 0.0100281 0.759042 405.504 0.0717671 0.996247 0.0483863 1.81343 -0.755708 0.0859721 -0.649241 -130.813 
-0.653177 0.00797328 0.757164 407.237 0.0694828 0.996357 0.0494481 1.84732 -0.754011 0.0849082 -0.651351 -132.295 
-0.653533 0.00702318 0.756865 409.199 0.0708095 0.996139 0.0518986 1.94033 -0.753578 0.0875107 -0.651507 -133.976 
-0.654301 0.00635801 0.756207 411.079 0.0720579 0.995939 0.0539737 2.01267 -0.752793 0.0898058 -0.652102 -135.571 
-0.654955 0.00755835 0.75563 412.6 0.0718922 0.996038 0.0523507 2.13763 -0.75224 0.0886113 -0.652903 -137.019 
-0.655995 0.00711162 0.754732 414.233 0.0677244 0.996477 0.0494748 2.16414 -0.751721 0.083569 -0.654165 -138.427 
-0.658538 0.00575872 0.752525 416.096 0.0638398 0.996794 0.0482385 2.22309 -0.749834 0.079808 -0.656795 -139.879 
-0.659286 0.00538278 0.751872 417.982 0.0641462 0.996731 0.0491113 2.28506 -0.749151 0.0806082 -0.657477 -141.501 
-0.660022 0.00418646 0.751235 419.912 0.0626985 0.996803 0.0495307 2.35778 -0.748626 0.0797927 -0.658174 -143.149 
-0.660475 0.00308344 0.750841 421.93 0.0589709 0.997116 0.0477787 2.46027 -0.748528 0.0758345 -0.658752 -144.889 
-0.661563 0.00292294 0.749883 423.959 0.0588115 0.997114 0.0479981 2.54588 -0.747579 0.0758556 -0.659826 -146.598 
-0.66166 0.00156409 0.749802 426.009 0.0587779 0.997029 0.0497885 2.6549 -0.747496 0.0770149 -0.659786 -148.368 
-0.66085 -0.00012177 0.750518 427.866 0.0612013 0.996661 0.054051 2.72427 -0.748018 0.0816523 -0.658636 -150.024 
-0.659946 0.000116074 0.751313 429.942 0.0670869 0.996014 0.0587746 2.87211 -0.748312 0.0891913 -0.657324 -151.832 
-0.658258 -0.000627281 0.752792 431.944 0.0707235 0.995525 0.0626717 3.00535 -0.749463 0.0944943 -0.655268 -153.57 
-0.656077 -0.00263989 0.75469 433.952 0.0652991 0.996045 0.0602507 3.13528 -0.751864 0.0888096 -0.653309 -155.281 
-0.654988 -0.00373522 0.75563 436.007 0.0571827 0.996875 0.0544942 3.2539 -0.753472 0.078902 -0.652728 -157.006 
-0.652825 -0.00524736 0.75749 438.025 0.0523512 0.997273 0.052026 3.37146 -0.755697 0.0736195 -0.65077 -158.705 
-0.649571 -0.00412753 0.76029 440.021 0.0530758 0.997299 0.0507607 3.47151 -0.758446 0.0733257 -0.647597 -160.396 
-0.646673 -0.00400328 0.762757 442.069 0.0539563 0.997241 0.0509786 3.57731 -0.760857 0.0741221 -0.644673 -162.101 
-0.64334 -0.00440172 0.765567 444.052 0.0546213 0.997171 0.051634 3.66424 -0.763629 0.0750345 -0.64128 -163.776 
-0.64045 -0.00322356 0.767993 446.131 0.0527994 0.99744 0.0482175 3.76704 -0.766182 0.0714305 -0.638641 -165.502 
-0.63855 -0.0075092 0.769543 448.172 0.0471562 0.997692 0.0488646 3.85806 -0.768134 0.0674912 -0.636722 -167.166 
-0.63678 -0.0136621 0.770924 450.256 0.0388161 0.998007 0.0497483 3.94671 -0.770067 0.0616031 -0.634981 -168.85 
-0.636492 -0.0169583 0.771096 452.324 0.0320218 0.998315 0.0483874 4.03973 -0.770618 0.0554901 -0.634877 -170.49 
-0.636044 -0.0183116 0.771435 454.402 0.029266 0.998427 0.0478293 4.13033 -0.771097 0.0529984 -0.634508 -172.147 
-0.634871 -0.0186822 0.772392 456.469 0.0303507 0.998333 0.049094 4.22108 -0.772022 0.054611 -0.633246 -173.826 
-0.633403 -0.0194524 0.773577 458.564 0.0329849 0.998097 0.0521061 4.31146 -0.773118 0.0585205 -0.631556 -175.502 
-0.631463 -0.0214828 0.775108 460.572 0.0313522 0.998091 0.0532048 4.41288 -0.774772 0.0578983 -0.629584 -177.114 
-0.630156 -0.0217735 0.776163 462.584 0.0291507 0.998239 0.0516703 4.50913 -0.775921 0.0551861 -0.628412 -178.731 
-0.629057 -0.0206192 0.777085 464.756 0.0281005 0.998392 0.0492389 4.62473 -0.776851 0.0528106 -0.627466 -180.458 
-0.627909 -0.01902 0.778054 466.833 0.0293286 0.998413 0.0480757 4.71915 -0.777734 0.0530064 -0.626354 -182.095 
-0.625957 -0.0177156 0.779656 468.894 0.0320542 0.998313 0.048419 4.83858 -0.779199 0.0552994 -0.624333 -183.744 
-0.624034 -0.0177157 0.781196 470.996 0.0339069 0.998187 0.0497219 4.94215 -0.780661 0.0575161 -0.622302 -185.439 
-0.622834 -0.017663 0.782155 473.156 0.0342859 0.998168 0.0498431 5.04964 -0.781603 0.0578608 -0.621087 -187.099 
-0.620974 -0.0190352 0.7836 475.217 0.0332244 0.998167 0.0505765 5.1529 -0.783127 0.0574413 -0.619204 -188.713 
-0.61871 -0.0194729 0.785378 477.08 0.0332512 0.998148 0.050943 5.24295 -0.784916 0.0576337 -0.616916 -190.195 
-0.616793 -0.0204173 0.786861 479.169 0.0332724 0.998094 0.0519794 5.34029 -0.786422 0.0582413 -0.614938 -191.821 
-0.615477 -0.0196272 0.78791 481.298 0.0327187 0.998192 0.0504236 5.44331 -0.787475 0.056814 -0.613722 -193.477 
-0.614477 -0.0184237 0.788719 483.417 0.0322183 0.998307 0.0484201 5.56143 -0.788276 0.0551642 -0.612844 -195.131 
-0.6114 -0.0183746 0.791108 485.6 0.0337804 0.998213 0.0492917 5.66884 -0.7906 0.0568609 -0.609687 -196.889 
-0.609869 -0.0196093 0.792259 487.92 0.0326778 0.998221 0.0498619 5.80122 -0.791828 0.0562985 -0.608144 -198.725 
-0.610012 -0.0213336 0.792105 490.173 0.0301943 0.998286 0.0501395 5.92415 -0.791817 0.0545028 -0.608322 -200.388 
-0.610282 -0.0219077 0.791881 492.289 0.0295206 0.998294 0.0503689 6.00754 -0.791634 0.0541161 -0.608594 -201.923 
-0.610062 -0.0212346 0.792069 494.347 0.0298207 0.998317 0.0497321 6.10393 -0.791792 0.0539598 -0.608403 -203.486 
-0.610214 -0.0207279 0.791965 496.518 0.03032 0.998314 0.0494903 6.20204 -0.791656 0.0542121 -0.608557 -205.106 
-0.609498 -0.0222908 0.792474 498.215 0.0302899 0.99822 0.0513741 6.24713 -0.792209 0.0553164 -0.607738 -206.473 
-0.608646 -0.0241773 0.793073 499.865 0.0297792 0.998135 0.0532828 6.28394 -0.792883 0.0560475 -0.606791 -207.775 
-0.607793 -0.0260645 0.793667 501.516 0.0292705 0.998047 0.0551918 6.32475 -0.793556 0.0567763 -0.605843 -209.074 
-0.607411 -0.0262335 0.793955 503.665 0.0282506 0.998109 0.054592 6.44623 -0.793885 0.0555894 -0.605521 -210.671 
-0.60604 -0.0253519 0.79503 505.472 0.0288875 0.998131 0.0538489 6.48544 -0.794909 0.055601 -0.604175 -212.117 
-0.605928 -0.0249552 0.795128 507.467 0.0295504 0.998112 0.0538446 6.56817 -0.794971 0.0561223 -0.604046 -213.615 
-0.605585 -0.0253728 0.795376 509.666 0.0295962 0.998082 0.0543732 6.66473 -0.79523 0.0564677 -0.603672 -215.243 
-0.605052 -0.0246546 0.795804 511.855 0.0300044 0.998104 0.0537344 6.79068 -0.79562 0.0563898 -0.603165 -216.867 
-0.604079 -0.0246319 0.796543 513.945 0.0292645 0.998162 0.0530601 6.88735 -0.796387 0.0553629 -0.602248 -218.447 
-0.603786 -0.025632 0.796734 516.041 0.0289264 0.99812 0.054032 6.99158 -0.796621 0.0556704 -0.60191 -219.993 
-0.603018 -0.0264288 0.79729 518.273 0.0296656 0.998017 0.0555196 7.09176 -0.797176 0.0571314 -0.601038 -221.674 
-0.602302 -0.0276266 0.79779 520.716 0.0295026 0.997948 0.0568312 7.25611 -0.797723 0.0577664 -0.600251 -223.409 
-0.60216 -0.0270714 0.797916 522.84 0.0295179 0.997987 0.0561355 7.37075 -0.797829 0.0573554 -0.600149 -224.956 
-0.601274 -0.0252735 0.798643 524.471 0.0317313 0.997956 0.0554704 7.44889 -0.798412 0.0586949 -0.599243 -226.237 
-0.599919 -0.0235473 0.799714 525.98 0.0335927 0.997944 0.0545841 7.50728 -0.799355 0.0596106 -0.597894 -227.413 
-0.599691 -0.0244872 0.799857 528.057 0.0330642 0.99792 0.0553406 7.60531 -0.799548 0.0596339 -0.597634 -228.927 
-0.599583 -0.0252724 0.799913 529.768 0.0315672 0.997977 0.0551914 7.70537 -0.79969 0.0583429 -0.597572 -230.32 
-0.598739 -0.0247049 0.800563 531.283 0.0316334 0.998015 0.0544567 7.81744 -0.800319 0.0579299 -0.596769 -231.728 
-0.598279 -0.0256181 0.800878 533.377 0.0321008 0.99792 0.0559011 7.92092 -0.800645 0.0591533 -0.596212 -233.254 
-0.598768 -0.0273014 0.800457 535.495 0.0317905 0.997821 0.0578132 8.04278 -0.800291 0.0600636 -0.596596 -234.79 
-0.598058 -0.0283496 0.800951 537.25 0.0307828 0.997824 0.0583028 8.14698 -0.800861 0.059524 -0.595884 -236.317 
-0.596393 -0.0301827 0.802125 538.861 0.0287976 0.997845 0.0589587 8.22345 -0.802176 0.0582619 -0.594239 -237.846 
-0.597066 -0.0283003 0.801693 541.01 0.0283906 0.998006 0.0563743 8.33521 -0.80169 0.0564197 -0.595072 -239.378 
-0.596804 -0.0279065 0.801901 543.148 0.0295382 0.997953 0.0567126 8.44433 -0.801843 0.0575331 -0.594759 -240.93 
-0.596833 -0.0302018 0.801797 545.111 0.0296349 0.99778 0.0596433 8.55381 -0.801818 0.0593583 -0.594613 -242.43 
-0.597556 -0.0312079 0.801219 547.081 0.0306679 0.997622 0.0617302 8.65231 -0.80124 0.061459 -0.595178 -243.838 
-0.598266 -0.0322153 0.80065 549.213 0.0316024 0.997465 0.0637485 8.79879 -0.800674 0.063441 -0.595732 -245.3 
-0.598173 -0.0314237 0.80075 551.419 0.0325079 0.997457 0.0634269 8.93652 -0.800707 0.063971 -0.595631 -246.911 
-0.598261 -0.029831 0.800745 553.537 0.0346622 0.997408 0.0630546 9.06499 -0.800551 0.0654787 -0.595677 -248.466 
-0.598056 -0.0302186 0.800885 555.687 0.0345196 0.99739 0.0634102 9.20045 -0.800711 0.0655691 -0.595452 -250.022 
-0.597678 -0.0307761 0.801145 557.79 0.0356802 0.997252 0.064928 9.32145 -0.800942 0.0673911 -0.594937 -251.559 
-0.596737 -0.0320664 0.801796 559.859 0.0350171 0.997209 0.0659429 9.43349 -0.801672 0.0674272 -0.593948 -253.06 
-0.59654 -0.032048 0.801943 561.975 0.0346765 0.99724 0.0656473 9.56229 -0.801834 0.0669698 -0.593782 -254.526 
-0.595647 -0.0317356 0.802619 564.098 0.0351305 0.997234 0.065502 9.70405 -0.802477 0.0672125 -0.592885 -256.06 
-0.596064 -0.0328259 0.802266 566.174 0.0348384 0.997166 0.0666845 9.81706 -0.802181 0.0676979 -0.593231 -257.526 
-0.596705 -0.0348153 0.801705 567.69 0.0324373 0.997195 0.0674477 9.86586 -0.801805 0.0662515 -0.593902 -258.664 
-0.597378 -0.0364839 0.801129 569.847 0.0301389 0.997238 0.0678884 10.0115 -0.801393 0.0647002 -0.594628 -260.194 
-0.596333 -0.0359125 0.801933 571.754 0.0300933 0.997296 0.0670392 10.1467 -0.802173 0.0641106 -0.59364 -261.615 
-0.595324 -0.0343506 0.802751 573.666 0.0326241 0.997228 0.0668666 10.2384 -0.802823 0.0659963 -0.592554 -263.064 
-0.595459 -0.033498 0.802687 575.512 0.0337357 0.997206 0.066642 10.2945 -0.802677 0.0667618 -0.592665 -264.2 
-0.594361 -0.0348168 0.803444 577.548 0.0331692 0.997151 0.0677484 10.4225 -0.803514 0.0669166 -0.591513 -265.68 
-0.593164 -0.0354508 0.8043 579.672 0.0337375 0.997058 0.068828 10.5695 -0.804374 0.0679615 -0.590223 -267.224 
-0.592425 -0.0345671 0.804883 581.776 0.0337012 0.997141 0.0676293 10.7175 -0.80492 0.0671908 -0.589567 -268.751 
-0.590964 -0.0348119 0.805946 583.874 0.0336578 0.997134 0.0677497 10.842 -0.805995 0.067164 -0.588099 -270.301 
-0.589998 -0.0350137 0.806645 585.927 0.0329103 0.997186 0.0673558 10.9699 -0.806733 0.0662868 -0.587186 -271.774 
-0.588304 -0.0355619 0.807858 588.025 0.0329725 0.997147 0.0679058 11.0954 -0.807968 0.0665864 -0.585452 -273.303 
-0.587336 -0.036318 0.808528 590.195 0.0322717 0.997147 0.0682334 11.2433 -0.8087 0.0661685 -0.584488 -274.824 
-0.586618 -0.0373267 0.809003 592.329 0.0306766 0.997196 0.0682538 11.3916 -0.809282 0.0648564 -0.583829 -276.314 
-0.586804 -0.0384184 0.808817 594.478 0.0285972 0.997267 0.0681171 11.5319 -0.809223 0.0631013 -0.584102 -277.801 
-0.587135 -0.0369962 0.808643 596.606 0.0282949 0.997407 0.0661765 11.6816 -0.808994 0.0617351 -0.584566 -279.294 
-0.587044 -0.037318 0.808694 598.752 0.0284606 0.997368 0.0666844 11.829 -0.809055 0.0621626 -0.584437 -280.802 
-0.586885 -0.0388056 0.80874 600.725 0.0286353 0.997231 0.0686299 11.9352 -0.809164 0.0634364 -0.584149 -282.216 
-0.587046 -0.0401844 0.808556 602.782 0.0272154 0.997223 0.0693204 12.0788 -0.809096 0.0626995 -0.584322 -283.65 
-0.586886 -0.0416028 0.8086 604.868 0.0258339 0.997208 0.0700572 12.2614 -0.809257 0.0620049 -0.584173 -285.093 
-0.586221 -0.0394866 0.809188 606.984 0.0263985 0.99735 0.067793 12.4124 -0.809721 0.0611031 -0.583625 -286.622 
-0.585644 -0.0382036 0.809667 609.128 0.0268565 0.997426 0.0664885 12.5562 -0.810123 0.0606835 -0.583111 -288.095 
-0.584984 -0.0374144 0.810181 611.462 0.0281202 0.997399 0.0663641 12.7475 -0.810557 0.0616044 -0.582411 -289.834 
-0.584673 -0.038118 0.810373 613.718 0.0284389 0.997319 0.0674297 12.9159 -0.81077 0.0624705 -0.582021 -291.459 
-0.584296 -0.0386375 0.81062 615.856 0.0291223 0.997224 0.0685232 13.0597 -0.811018 0.063645 -0.581549 -292.973 
-0.584242 -0.0392267 0.810631 618.036 0.0288118 0.997199 0.0690202 13.2041 -0.811068 0.0636803 -0.581475 -294.497 
-0.5843 -0.0386845 0.810615 620.261 0.0286412 0.997258 0.0682364 13.3661 -0.811032 0.0630876 -0.58159 -296.068 
-0.583946 -0.038076 0.810899 622.592 0.0281674 0.997348 0.0671147 13.5574 -0.811304 0.0620323 -0.581325 -297.665 
-0.583938 -0.0364589 0.810979 625.447 0.0299098 0.997346 0.0663736 13.8242 -0.811247 0.0630143 -0.581298 -299.552 
-0.583927 -0.0348419 0.811058 628.302 0.031652 0.997342 0.0656324 14.0881 -0.811189 0.0639962 -0.581272 -301.439 
-0.584386 -0.035119 0.810716 630.497 0.031381 0.997338 0.0658234 14.2355 -0.810869 0.0639073 -0.581728 -302.953 
-0.583944 -0.0357851 0.811005 632.568 0.0302583 0.997374 0.0657953 14.3415 -0.81123 0.0629604 -0.581328 -304.325 
-0.583752 -0.0342664 0.811208 635.199 0.030526 0.997476 0.0641013 14.5558 -0.811358 0.0621822 -0.581233 -306.168 
-0.583367 -0.0349983 0.811454 637.355 0.030376 0.997432 0.0648574 14.6764 -0.81164 0.0624844 -0.580806 -307.667 
-0.583339 -0.0345168 0.811495 639.386 0.0318966 0.997352 0.0653508 14.8167 -0.811603 0.0640056 -0.580693 -309.169 
-0.582437 -0.0348602 0.812128 641.546 0.0320515 0.997318 0.0657958 14.9476 -0.812244 0.0643519 -0.579757 -310.686 
-0.581206 -0.0337107 0.813058 643.803 0.0320652 0.997417 0.0642759 15.1045 -0.813125 0.0634284 -0.578623 -312.249 
-0.579723 -0.0324728 0.814166 645.92 0.0326262 0.997479 0.0630155 15.2333 -0.81416 0.0630947 -0.577202 -313.763 
-0.578447 -0.0315406 0.81511 648.471 0.034194 0.997436 0.0628616 15.486 -0.815003 0.064234 -0.575885 -315.737 
