1 -4.23778e-08 4.22719e-08 0 -4.23778e-08 1 -4.19404e-08 0 4.22719e-08 -4.19404e-08 1 0 
0.999996 -0.00219851 -0.00144277 -0.0171826 0.00220262 0.999993 0.00291293 -0.0195576 0.00143644 -0.00291618 0.999995 1.53791 
0.99999 -0.00321992 -0.00320245 -0.0349497 0.00323204 0.999987 0.00381226 -0.043997 0.00319022 -0.00382266 0.999988 3.04488 
0.999987 -0.00221501 -0.00452238 -0.0731412 0.00223001 0.999992 0.00333516 -0.0557616 0.00451504 -0.00334528 0.999984 4.53578 
0.99998 -0.00190634 -0.00606727 -0.110246 0.00192519 0.999993 0.00311581 -0.0701976 0.00606138 -0.00312752 0.999977 6.02174 
0.999967 -0.00221344 -0.0077869 -0.134142 0.00223944 0.999992 0.00334328 -0.084405 0.00777952 -0.0033607 0.999964 7.53268 
0.999949 -0.00217501 -0.00980653 -0.152412 0.00221158 0.999991 0.0037281 -0.0986469 0.00979841 -0.00374969 0.999945 9.0474 
0.999917 -0.00466195 -0.0119812 -0.175952 0.00470034 0.999984 0.00318493 -0.122956 0.0119662 -0.00324107 0.999923 10.5402 
0.999887 -0.00609904 -0.0137253 -0.209866 0.0061501 0.999974 0.00368714 -0.142438 0.0137025 -0.00377122 0.999899 12.0447 
0.999869 -0.00629454 -0.0149266 -0.255899 0.00634623 0.999974 0.00342369 -0.155003 0.0149047 -0.00351805 0.999883 13.5486 
0.999855 -0.00553843 -0.0161183 -0.298053 0.00559837 0.999977 0.00368116 -0.177705 0.0160976 -0.00377095 0.999863 15.0232 
0.999841 -0.00456939 -0.0172445 -0.336817 0.00463907 0.999981 0.00400788 -0.18948 0.017226 -0.00408732 0.999843 16.5203 
0.999836 -0.00254315 -0.0179525 -0.386021 0.00262866 0.999985 0.00474604 -0.203194 0.0179402 -0.00479253 0.999827 18.0309 
0.999819 -0.00197446 -0.0189034 -0.427142 0.00207885 0.999983 0.00550879 -0.215887 0.0188923 -0.00554717 0.999806 19.5093 
0.999804 -0.00230404 -0.0196594 -0.464162 0.00241044 0.999982 0.00539408 -0.229025 0.0196468 -0.0054405 0.999792 20.9653 
0.999787 -0.00180579 -0.0205379 -0.506882 0.0019192 0.999983 0.00550735 -0.244847 0.0205277 -0.00554568 0.999774 22.4425 
0.999773 -0.00164706 -0.0212579 -0.544388 0.00177612 0.99998 0.00605792 -0.257004 0.0212476 -0.00609439 0.999756 23.9338 
0.99977 -0.00068333 -0.0214291 -0.592596 0.000831898 0.999976 0.00692873 -0.262085 0.0214239 -0.00694505 0.999746 25.4287 
0.999765 -0.000870431 -0.0216513 -0.638682 0.000994158 0.999983 0.00570828 -0.277228 0.0216461 -0.00572855 0.999749 26.8701 
0.999759 -0.000403001 -0.0219376 -0.684074 0.000485068 0.999993 0.00373956 -0.288307 0.021936 -0.00374939 0.999752 28.3107 
0.999759 -0.00184427 -0.021864 -0.729694 0.00192082 0.999992 0.00348441 -0.301357 0.0218575 -0.00352566 0.999755 29.733 
0.999752 -0.00297165 -0.0220718 -0.771305 0.00310526 0.999977 0.00602558 -0.312366 0.0220534 -0.00609271 0.999738 31.1746 
0.999744 -0.00524471 -0.0220222 -0.817781 0.00540602 0.999959 0.00727564 -0.32872 0.0219832 -0.00739291 0.999731 32.5706 
0.999736 -0.00579903 -0.0222297 -0.858777 0.00594663 0.999961 0.00658323 -0.33919 0.0221907 -0.00671377 0.999731 33.9734 
0.999738 -0.00555923 -0.0222088 -0.895274 0.00565891 0.999974 0.0044314 -0.344752 0.0221837 -0.00455601 0.999743 35.4058 
0.999759 -0.00439206 -0.0215246 -0.948267 0.00447601 0.999982 0.00385759 -0.366264 0.0215074 -0.00395309 0.999761 36.7539 
0.999773 -0.00361985 -0.0210011 -0.998039 0.00368274 0.999989 0.00296075 -0.38582 0.0209902 -0.00303751 0.999775 38.1099 
0.999799 -0.00258282 -0.0198729 -1.04168 0.00265549 0.99999 0.00363525 -0.394133 0.0198634 -0.00368738 0.999796 39.4687 
0.999822 -0.00245225 -0.0186793 -1.08323 0.00255913 0.99998 0.00570452 -0.411015 0.018665 -0.0057514 0.999809 40.8091 
0.999843 -0.00256947 -0.0175158 -1.11733 0.00268441 0.999975 0.00654632 -0.424655 0.0174986 -0.0065924 0.999825 42.1264 
0.999878 -0.00204028 -0.0154771 -1.15765 0.00215005 0.999973 0.00708479 -0.437896 0.0154623 -0.00711729 0.999855 43.4293 
0.999918 -0.00248413 -0.0125862 -1.18412 0.00256581 0.999976 0.0064841 -0.452803 0.0125699 -0.00651595 0.9999 44.7178 
0.999952 -0.00280015 -0.00939367 -1.19312 0.00284359 0.999985 0.00462247 -0.456972 0.00938067 -0.00464904 0.999945 46.0161 
0.999976 -0.00304239 -0.00627195 -1.21376 0.0030587 0.999992 0.00260613 -0.467949 0.00626405 -0.00262534 0.999977 47.2726 
0.999994 -0.00263667 -0.00209405 -1.23631 0.00264297 0.999992 0.00305421 -0.482242 0.00208607 -0.00305981 0.999993 48.5015 
0.999993 -0.00231453 0.00297745 -1.24302 0.00230576 0.999993 0.00291805 -0.500324 -0.0029841 -0.00291124 0.999991 49.7265 
0.99996 -0.00110342 0.00883157 -1.24124 0.00108779 0.999998 0.00176449 -0.512665 -0.00883341 -0.0017549 0.999959 50.9301 
0.999868 2.75656e-05 0.016213 -1.24208 -5.91795e-05 0.999998 0.00194417 -0.532678 -0.0162129 -0.00194495 0.999867 52.1248 
0.999708 0.000849196 0.0241307 -1.22061 -0.000914817 0.999996 0.00270492 -0.544475 -0.0241282 -0.00272629 0.999705 53.3225 
0.999413 0.00295772 0.0341418 -1.19424 -0.00306521 0.99999 0.00309394 -0.556845 -0.0341322 -0.00319686 0.999412 54.4993 
0.998887 0.00556009 0.0468294 -1.15337 -0.00570105 0.99998 0.00287522 -0.567683 -0.0468124 -0.00313908 0.998899 55.6668 
0.99808 0.0073264 0.0615018 -1.10397 -0.00755581 0.999965 0.00349694 -0.588842 -0.061474 -0.003955 0.998101 56.8076 
0.99696 0.00966141 0.0773176 -1.02899 -0.0100449 0.999939 0.00457155 -0.599538 -0.0772686 -0.00533438 0.996996 57.9453 
0.995451 0.0093968 0.0948054 -0.94006 -0.00995274 0.999936 0.0053919 -0.617163 -0.0947485 -0.00631103 0.995481 59.0471 
0.993464 0.00900895 0.113791 -0.826626 -0.00959488 0.999943 0.00460176 -0.629015 -0.113743 -0.00566357 0.993494 60.1518 
0.990961 0.00808273 0.133905 -0.697981 -0.00866296 0.999955 0.00375041 -0.642876 -0.133869 -0.00487661 0.990987 61.2399 
0.987909 0.00524965 0.154948 -0.545566 -0.00586412 0.999977 0.00350822 -0.655139 -0.154926 -0.00437451 0.987916 62.303 
0.984338 0.000249234 0.17629 -0.365871 -0.0012621 0.999983 0.00563283 -0.666972 -0.176286 -0.00576718 0.984322 63.3528 
0.979909 -0.00522944 0.199376 -0.160833 0.00389398 0.999967 0.00708923 -0.679197 -0.199407 -0.00617051 0.979897 64.3953 
0.974758 -0.0106883 0.22301 0.0665755 0.00943112 0.999933 0.00670133 -0.692775 -0.223066 -0.00442901 0.974793 65.4149 
0.968658 -0.0167147 0.247833 0.322675 0.015915 0.99986 0.00522962 -0.703541 -0.247886 -0.00112151 0.968789 66.4087 
0.96152 -0.0204122 0.273975 0.597004 0.0194875 0.999791 0.00609601 -0.71549 -0.274042 -0.000522406 0.961717 67.3848 
0.953311 -0.0233294 0.301089 0.896425 0.0217403 0.999726 0.0086277 -0.728059 -0.301208 -0.00167918 0.953557 68.3466 
0.94403 -0.0277814 0.328686 1.22085 0.0254055 0.999611 0.0115216 -0.734557 -0.328878 -0.0025264 0.944369 69.2952 
0.933502 -0.0308916 0.35724 1.57006 0.0286798 0.999523 0.0114883 -0.742048 -0.357424 -0.000478823 0.933942 70.2159 
0.921778 -0.0302744 0.386534 1.94276 0.0295788 0.999532 0.00774868 -0.746637 -0.386588 0.00429058 0.922242 71.1399 
0.909154 -0.0313872 0.415276 2.34233 0.0334057 0.999439 0.00240461 -0.752035 -0.415118 0.0116864 0.909692 72.02 
0.89534 -0.0333716 0.44413 2.76206 0.0370398 0.999314 0.0004174 -0.763063 -0.443839 0.0160767 0.895962 72.8743 
0.880096 -0.034009 0.473577 3.21127 0.03659 0.999323 0.00376531 -0.772911 -0.473384 0.0140143 0.880744 73.7194 
0.862825 -0.0327975 0.504438 3.68162 0.0322307 0.999432 0.00985118 -0.785241 -0.504474 0.00775848 0.863392 74.5507 
0.843612 -0.0328463 0.535948 4.18101 0.0303637 0.999448 0.0134582 -0.790716 -0.536094 0.00491985 0.844144 75.3571 
0.82292 -0.0265542 0.567536 4.70246 0.026191 0.999618 0.00879393 -0.796951 -0.567552 0.00762756 0.823302 76.1367 
0.80153 -0.0197798 0.597628 5.25248 0.0234175 0.999724 0.00168073 -0.798895 -0.597496 0.0126477 0.801772 76.8863 
0.779514 -0.0172953 0.626145 5.82661 0.0225434 0.999746 -0.000450466 -0.800757 -0.625978 0.0144665 0.779706 77.615 
0.756555 -0.0198911 0.653627 6.42599 0.0236999 0.999715 0.00299106 -0.81325 -0.6535 0.0132279 0.756811 78.3156 
0.732372 -0.0199862 0.680612 7.03788 0.0236727 0.999712 0.00388352 -0.82793 -0.680493 0.0132677 0.732634 78.9879 
0.707455 -0.0180805 0.706527 7.67775 0.0243553 0.999703 0.00119559 -0.838098 -0.706339 0.0163618 0.707685 79.6364 
0.681591 -0.0157117 0.731565 8.32819 0.0241955 0.999707 -0.00107234 -0.847595 -0.731333 0.0184315 0.681771 80.2545 
0.654941 -0.0133445 0.755562 8.99689 0.0227232 0.99974 -0.00204007 -0.857198 -0.755338 0.0185049 0.655073 80.8471 
0.627255 -0.0117307 0.778725 9.69029 0.0224357 0.999744 -0.00301168 -0.870718 -0.77849 0.0193603 0.627358 81.42 
0.598647 -0.00534337 0.800995 10.4098 0.0213344 0.999729 -0.00927594 -0.884059 -0.800728 0.0226418 0.598599 81.9754 
0.568945 0.00381296 0.822367 11.1503 0.0203086 0.999619 -0.0186852 -0.903134 -0.822125 0.027332 0.568651 82.4968 
0.538485 0.012023 0.842549 11.9105 0.0194997 0.999453 -0.0267247 -0.924732 -0.842409 0.0308203 0.537956 82.992 
0.50685 0.0167551 0.861871 12.6963 0.0170154 0.999422 -0.0294357 -0.952826 -0.861866 0.0295845 0.506272 83.4714 
0.474525 0.0167069 0.880083 13.5106 0.0149179 0.999524 -0.0270179 -0.979197 -0.880115 0.0259496 0.47405 83.9269 
0.441922 0.0155197 0.896919 14.3349 0.0104705 0.999693 -0.0224571 -1.01026 -0.896992 0.0193155 0.441624 84.3393 
0.407816 0.0168313 0.912909 15.1836 0.00603615 0.999758 -0.0211292 -1.0415 -0.913044 0.0141273 0.407616 84.7344 
0.372843 0.0200935 0.927677 16.0484 -0.000831283 0.999772 -0.0213211 -1.06601 -0.927894 0.00717826 0.372775 85.1021 
0.337064 0.0219002 0.941227 16.929 -0.00569699 0.999758 -0.021222 -1.09523 -0.941464 0.00179101 0.337108 85.4429 
0.301104 0.0213799 0.953352 17.8323 -0.00802961 0.99977 -0.0198849 -1.12057 -0.953558 -0.00166764 0.301206 85.7449 
0.265334 0.0207603 0.963933 18.7434 -0.00902403 0.999778 -0.0190485 -1.14906 -0.964114 -0.00364438 0.265462 86.0079 
0.229679 0.0202581 0.973055 19.6745 -0.00804173 0.999789 -0.0189166 -1.17465 -0.973233 -0.0034803 0.229794 86.2309 
0.194261 0.0189438 0.980767 20.6144 -0.00602206 0.999818 -0.0181191 -1.19856 -0.980931 -0.00238641 0.19434 86.4241 
0.15971 0.0179542 0.987001 21.5642 0.00182158 0.999827 -0.0184824 -1.22678 -0.987162 0.00474973 0.15965 86.5811 
0.126268 0.0212733 0.991768 22.5269 0.00417763 0.99975 -0.0219764 -1.25643 -0.991987 0.00691815 0.126147 86.7041 
0.0932775 0.0267742 0.99528 23.4933 0.0046604 0.999616 -0.0273277 -1.28093 -0.995629 0.00718746 0.0931169 86.8079 
0.0644836 0.0301444 0.997463 24.4523 0.0117107 0.999452 -0.0309616 -1.31676 -0.99785 0.0136775 0.0640952 86.8681 
0.0387144 0.0284756 0.998844 25.4367 0.0132552 0.999491 -0.0290079 -1.35001 -0.999162 0.0143629 0.0383173 86.9161 
0.0167191 0.0256188 0.999532 26.4226 0.0155654 0.999544 -0.0258795 -1.38342 -0.999739 0.0159908 0.0163127 86.934 
-0.00195278 0.0225041 0.999745 27.3952 0.0156647 0.999625 -0.0224709 -1.42379 -0.999875 0.0156168 -0.00230457 86.943 
-0.0185165 0.0257659 0.999496 28.379 0.017122 0.999529 -0.0254496 -1.4565 -0.999682 0.0166422 -0.0189489 86.9323 
-0.0332213 0.0301213 0.998994 29.3649 0.0201677 0.999362 -0.0294618 -1.48764 -0.999244 0.0191686 -0.0338076 86.9073 
-0.0452873 0.0351923 0.998354 30.3486 0.0245408 0.999117 -0.0341061 -1.52447 -0.998672 0.0229559 -0.0461109 86.867 
-0.0541211 0.0385651 0.997789 31.3395 0.0296685 0.998875 -0.0369979 -1.56853 -0.998093 0.0276005 -0.0552043 86.8166 
-0.0599491 0.0436964 0.997244 32.3367 0.0337577 0.998559 -0.0417247 -1.61553 -0.99763 0.0311634 -0.0613378 86.7588 
-0.0632959 0.0486813 0.996807 33.3413 0.0355884 0.998284 -0.0464937 -1.66253 -0.99736 0.0325319 -0.0649198 86.6987 
-0.0658514 0.0524772 0.996448 34.3407 0.0381307 0.998019 -0.0500401 -1.72052 -0.997101 0.0347001 -0.0677219 86.6329 
-0.0685037 0.0553251 0.996116 35.3513 0.0382448 0.997873 -0.0527926 -1.78214 -0.996917 0.0344797 -0.0704739 86.5748 
-0.0706969 0.0586404 0.995773 36.3588 0.039675 0.997646 -0.0559339 -1.84603 -0.996708 0.0355529 -0.072857 86.5062 
-0.0725234 0.0623226 0.995418 37.3748 0.0405103 0.997406 -0.0594957 -1.90927 -0.996544 0.0360099 -0.07486 86.44 
-0.0746282 0.0635651 0.995183 38.3941 0.0436591 0.997218 -0.0604212 -1.98016 -0.996255 0.0389397 -0.0771958 86.367 
-0.076484 0.0623952 0.995116 39.4073 0.0435229 0.997298 -0.0591869 -2.04584 -0.99612 0.0387835 -0.078993 86.294 
-0.0785821 0.0621708 0.994967 40.437 0.0431481 0.99733 -0.0589108 -2.11613 -0.995973 0.0383016 -0.0810549 86.2225 
-0.0806658 0.063548 0.994713 41.4637 0.0434843 0.99724 -0.0601832 -2.18507 -0.995792 0.0383997 -0.0832064 86.1456 
-0.0828381 0.0658632 0.994384 42.4941 0.0423666 0.997144 -0.0625167 -2.25124 -0.995662 0.0369499 -0.0853919 86.0688 
-0.0848052 0.0683363 0.994051 43.5311 0.0410755 0.997037 -0.0650373 -2.32355 -0.99555 0.0353157 -0.0873609 85.9802 
-0.0872049 0.071978 0.993587 44.5774 0.0387581 0.996876 -0.0688147 -2.39827 -0.995436 0.0325085 -0.0897222 85.9033 
-0.0888842 0.0761636 0.993126 45.6236 0.0355995 0.996678 -0.07325 -2.4797 -0.995406 0.028844 -0.0913003 85.8132 
-0.0914031 0.078435 0.99272 46.6584 0.0333958 0.996574 -0.0756647 -2.56362 -0.995254 0.0262367 -0.0937094 85.732 
-0.0937778 0.0771798 0.992597 47.7072 0.031425 0.996723 -0.0745318 -2.64272 -0.995097 0.0242029 -0.0958959 85.6416 
-0.0966513 0.0730309 0.992635 48.7575 0.0281511 0.997106 -0.0706188 -2.72653 -0.99492 0.0211184 -0.0984275 85.5596 
-0.0986474 0.0715984 0.992543 49.8189 0.0284352 0.997204 -0.0691085 -2.80542 -0.994716 0.0214058 -0.100407 85.4643 
-0.100451 0.0721432 0.992323 50.8782 0.0276553 0.997185 -0.0696972 -2.88576 -0.994558 0.0204419 -0.102163 85.3679 
-0.101667 0.0750255 0.991985 51.9413 0.0292338 0.996947 -0.0724047 -2.96636 -0.994389 0.0216384 -0.103549 85.2693 
-0.102363 0.077692 0.991708 52.9954 0.0294571 0.996745 -0.0750462 -3.04889 -0.994311 0.021531 -0.104318 85.169 
-0.102633 0.0786117 0.991608 54.0521 0.0283082 0.996699 -0.0760855 -3.13315 -0.994316 0.0202618 -0.104519 85.0741 
-0.102369 0.0775487 0.991719 55.1185 0.0255044 0.996833 -0.075316 -3.21972 -0.994419 0.0175832 -0.104023 84.9807 
-0.102342 0.0766846 0.991789 56.1802 0.0213533 0.996964 -0.0748813 -3.31247 -0.99452 0.0135145 -0.103669 84.891 
-0.102189 0.0779653 0.991705 57.2529 0.0174155 0.996911 -0.0765801 -3.40054 -0.994612 0.00944542 -0.103231 84.7969 
-0.102269 0.0783112 0.991669 58.3273 0.0127622 0.996918 -0.0774096 -3.48968 -0.994675 0.00473922 -0.102954 84.704 
-0.102419 0.0778185 0.991693 59.411 0.00975462 0.996966 -0.077225 -3.58038 -0.994693 0.00176426 -0.102868 84.6085 
-0.102714 0.0728431 0.99204 60.5046 0.0101321 0.99734 -0.0721833 -3.66473 -0.994659 0.00263725 -0.103179 84.5116 
-0.103003 0.0640884 0.992614 61.594 0.0133995 0.997921 -0.0630406 -3.74742 -0.994591 0.00680713 -0.103648 84.4074 
-0.102946 0.0585142 0.992964 62.6918 0.0184873 0.998208 -0.0569066 -3.82794 -0.994515 0.0124989 -0.103843 84.3027 
-0.101926 0.0605754 0.992946 63.7874 0.0269022 0.997947 -0.0581191 -3.90013 -0.994428 0.0207886 -0.103347 84.1868 
-0.101015 0.0662321 0.992678 64.8794 0.0324274 0.997471 -0.0632521 -3.97069 -0.994356 0.0258005 -0.102907 84.0853 
-0.100117 0.0718041 0.992381 65.9874 0.0359426 0.997003 -0.0685125 -4.04828 -0.994326 0.0288096 -0.102398 83.9802 
-0.0993217 0.0761446 0.992138 67.0996 0.0368979 0.996664 -0.0727982 -4.12917 -0.994371 0.0293773 -0.1018 83.8755 
-0.0991631 0.0734546 0.992356 68.2293 0.0338242 0.996944 -0.0704144 -4.21211 -0.994496 0.0265832 -0.101345 83.7861 
-0.0986401 0.0688717 0.992737 69.3695 0.0328573 0.997284 -0.0659225 -4.29726 -0.99458 0.0261161 -0.100635 83.6785 
-0.0984926 0.0668927 0.992887 70.5033 0.0304328 0.997474 -0.064183 -4.37918 -0.994672 0.0238948 -0.10028 83.5822 
-0.0986852 0.0676991 0.992813 71.6454 0.0281902 0.997473 -0.0652148 -4.45979 -0.994719 0.0215519 -0.100344 83.4905 
-0.0981893 0.0730307 0.992484 72.781 0.0294365 0.99708 -0.0704567 -4.54165 -0.994732 0.0222971 -0.100052 83.3869 
-0.0972797 0.0756709 0.992376 73.9233 0.0292137 0.996893 -0.0731517 -4.62858 -0.994828 0.0218748 -0.0991881 83.2832 
-0.0970295 0.0747592 0.99247 75.0797 0.0295946 0.996951 -0.0722035 -4.71342 -0.994841 0.0223659 -0.0989461 83.1838 
-0.0963665 0.0682594 0.993003 76.2331 0.0313819 0.997358 -0.0655134 -4.79496 -0.994851 0.0248491 -0.098254 83.084 
-0.0969997 0.0663783 0.993068 77.3754 0.0308183 0.997495 -0.0636641 -4.88224 -0.994807 0.0244293 -0.0988024 82.9897 
-0.0962323 0.0695625 0.992925 78.5325 0.028571 0.997337 -0.0671027 -4.96178 -0.994949 0.0219114 -0.0979635 82.8915 
-0.0959723 0.0726404 0.99273 79.6997 0.0284079 0.997127 -0.0702159 -5.04504 -0.994978 0.0214626 -0.0977602 82.7964 
-0.0961178 0.0721591 0.992751 80.8743 0.027646 0.997177 -0.0698043 -5.13144 -0.994986 0.0207362 -0.0978415 82.7002 
-0.0959674 0.0690917 0.992984 82.0511 0.027373 0.997394 -0.0667531 -5.21378 -0.995008 0.0207748 -0.0976085 82.599 
-0.0946375 0.0679099 0.993193 83.2425 0.0284191 0.997448 -0.065493 -5.2986 -0.995106 0.0220276 -0.0963259 82.4898 
-0.0931214 0.0687068 0.993281 84.4329 0.0301079 0.997354 -0.066166 -5.37893 -0.995199 0.0237441 -0.0949437 82.3791 
-0.0918043 0.0688002 0.993397 85.6261 0.0330671 0.997271 -0.0660127 -5.46504 -0.995228 0.0267885 -0.0938287 82.2742 
-0.090801 0.0685491 0.993507 86.8157 0.0327102 0.997295 -0.0658211 -5.54579 -0.995332 0.0265212 -0.0927977 82.1831 
-0.0890059 0.0690556 0.993634 88.028 0.0343805 0.997212 -0.0662246 -5.63449 -0.995437 0.0282673 -0.091132 82.0809 
-0.0880474 0.0676375 0.993817 89.233 0.0345196 0.9973 -0.0648163 -5.71558 -0.995518 0.0285992 -0.0901444 81.9866 
-0.0872409 0.0667407 0.993949 90.447 0.0334669 0.997386 -0.0640342 -5.80437 -0.995625 0.027678 -0.0892465 81.9019 
-0.0860248 0.0661354 0.994095 91.6725 0.0344442 0.997395 -0.0633743 -5.88784 -0.995697 0.0287891 -0.0880787 81.8094 
-0.0840903 0.0669215 0.994208 92.8952 0.0324268 0.997398 -0.0643936 -5.97786 -0.99593 0.0268242 -0.0860416 81.7182 
-0.0825765 0.0697746 0.994139 94.1296 0.0328996 0.997193 -0.0672563 -6.06149 -0.996041 0.027153 -0.0846403 81.6287 
-0.081472 0.0685346 0.994316 95.3654 0.0302991 0.997342 -0.0662606 -6.15059 -0.996215 0.0247286 -0.083332 81.5432 
-0.0809461 0.0672824 0.994445 96.6039 0.0266493 0.997508 -0.0653206 -6.24116 -0.996362 0.0212138 -0.0825375 81.4603 
-0.0808968 0.0685498 0.994362 97.8427 0.0238204 0.99748 -0.0668269 -6.32804 -0.996438 0.01828 -0.0823258 81.3781 
-0.0812546 0.0682349 0.994355 99.0832 0.0210209 0.997549 -0.0667364 -6.41338 -0.996472 0.0154796 -0.0824898 81.297 
-0.0821203 0.0654117 0.994473 100.339 0.0182615 0.997775 -0.0641209 -6.50865 -0.996455 0.012895 -0.0831321 81.2106 
-0.0833771 0.0641332 0.994452 101.591 0.016269 0.997881 -0.0629904 -6.59667 -0.996385 0.0109267 -0.0842438 81.1239 
-0.0846944 0.0635243 0.99438 102.853 0.0145723 0.997938 -0.0625105 -6.68405 -0.9963 0.00919613 -0.0854455 81.0339 
-0.0859437 0.0636785 0.994263 104.109 0.0148547 0.997926 -0.0626291 -6.77377 -0.996189 0.00938686 -0.0867114 80.937 
-0.0880209 0.0623518 0.994165 105.372 0.0145258 0.998013 -0.0613071 -6.8586 -0.996013 0.00904477 -0.0887517 80.8344 
-0.0910605 0.0578265 0.994165 106.637 0.0114101 0.998308 -0.0570224 -6.94255 -0.99578 0.00615101 -0.0915662 80.7372 
-0.0952381 0.0580076 0.993763 107.894 0.0109453 0.998301 -0.0572236 -7.02299 -0.995394 0.00542712 -0.0957113 80.6303 
-0.101038 0.0642093 0.992808 109.133 0.00545139 0.997936 -0.0639862 -7.10564 -0.994868 -0.00105286 -0.10118 80.5328 
-0.108261 0.0674383 0.991832 110.364 0.00600375 0.997722 -0.0671835 -7.19287 -0.994104 -0.0013186 -0.108419 80.422 
-0.116732 0.0633869 0.991138 111.61 0.00805426 0.997989 -0.0628765 -7.28547 -0.993131 0.000643185 -0.117008 80.2821 
-0.127396 0.0611598 0.989964 112.866 0.0108218 0.998123 -0.0602713 -7.38272 -0.991793 0.00303494 -0.127818 80.1298 
-0.140579 0.0617869 0.98814 114.11 0.0104109 0.998088 -0.0609279 -7.47089 -0.990015 0.00172225 -0.140953 79.9745 
-0.154867 0.062049 0.985985 115.337 0.0123668 0.998069 -0.0608672 -7.55511 -0.987858 0.00276714 -0.155335 79.798 
-0.168891 0.0599527 0.98381 116.554 0.0131463 0.998197 -0.0585726 -7.63961 -0.985547 0.00304111 -0.169374 79.6013 
-0.184296 0.0624262 0.980886 117.753 0.0175213 0.998031 -0.0602254 -7.72516 -0.982714 0.00608705 -0.185027 79.3872 
-0.19949 0.0658594 0.977684 118.943 0.018627 0.997813 -0.0634148 -7.81247 -0.979723 0.00556066 -0.200281 79.159 
-0.214906 0.0697539 0.97414 120.118 0.0184145 0.997558 -0.0673683 -7.89999 -0.976461 0.00346045 -0.215666 78.9236 
-0.230956 0.0679729 0.970587 121.302 0.0148199 0.997687 -0.0663444 -7.98644 -0.972851 -0.000938672 -0.23143 78.6642 
-0.2465 0.0625692 0.967121 122.493 0.00970144 0.998023 -0.0620958 -8.07644 -0.969094 -0.00592411 -0.246619 78.3749 
-0.262246 0.0587117 0.963213 123.659 0.00588387 0.998226 -0.059244 -8.16286 -0.964983 -0.00986908 -0.262127 78.0827 
-0.277138 0.0601971 0.958943 124.826 0.00427031 0.998103 -0.0614213 -8.24722 -0.960821 -0.0129272 -0.276869 77.7655 
-0.291968 0.062167 0.954405 125.978 0.00355694 0.997949 -0.0639153 -8.33002 -0.956421 -0.0152665 -0.291591 77.4419 
-0.305672 0.0648052 0.949929 127.122 0.00581341 0.997789 -0.0661997 -8.41448 -0.952119 -0.0147131 -0.305373 77.0884 
-0.319811 0.0645122 0.945283 128.266 0.00780542 0.997825 -0.0654574 -8.50726 -0.947449 -0.0135556 -0.319619 76.7168 
-0.333954 0.0627366 0.940499 129.411 0.00767434 0.99793 -0.0638426 -8.59413 -0.942558 -0.0141028 -0.333744 76.3292 
-0.348031 0.0614569 0.935466 130.539 0.00745927 0.997999 -0.06279 -8.68324 -0.937453 -0.014875 -0.347793 75.9196 
-0.362978 0.0627744 0.929681 131.66 0.00614163 0.997868 -0.0649807 -8.77287 -0.931778 -0.0178768 -0.362589 75.504 
-0.37769 0.0652453 0.92363 132.772 0.00725816 0.997692 -0.0675091 -8.85633 -0.925904 -0.0187936 -0.377292 75.0653 
-0.392467 0.067168 0.91731 133.871 0.0087113 0.997557 -0.0693168 -8.94421 -0.919725 -0.0192136 -0.392093 74.6165 
-0.407139 0.0699161 0.910686 134.967 0.0113968 0.997377 -0.0714765 -9.03356 -0.913295 -0.0187219 -0.406868 74.1436 
-0.421635 0.07366 0.903769 136.059 0.0112796 0.997044 -0.076 -9.12727 -0.906695 -0.0218501 -0.42122 73.6437 
-0.436685 0.0761537 0.896385 137.154 0.0126977 0.996833 -0.0785016 -9.22341 -0.899525 -0.0228985 -0.436269 73.1267 
-0.452218 0.073497 0.888874 138.245 0.0112203 0.996989 -0.0767282 -9.32367 -0.891837 -0.0247245 -0.451681 72.5988 
-0.468222 0.0692792 0.880891 139.34 0.00825041 0.997221 -0.0740429 -9.42126 -0.883572 -0.0274008 -0.467492 72.0423 
-0.4845 0.0696713 0.872012 140.421 0.00764864 0.997123 -0.0754176 -9.51477 -0.874758 -0.0298701 -0.483639 71.4679 
-0.500518 0.0686977 0.862996 141.482 0.0063347 0.99711 -0.0756998 -9.6119 -0.865703 -0.0324223 -0.499507 70.8768 
-0.516426 0.0677979 0.853644 142.548 0.00591416 0.997119 -0.0756152 -9.71251 -0.856311 -0.034001 -0.515339 70.2584 
-0.532034 0.0676538 0.844016 143.597 0.00466924 0.997022 -0.0769751 -9.81208 -0.84671 -0.0370124 -0.530765 69.6192 
-0.547671 0.0669484 0.834011 144.644 0.00441177 0.997011 -0.0771358 -9.91615 -0.836682 -0.0385655 -0.546329 68.9619 
-0.563052 0.0644666 0.823903 145.687 0.00393241 0.99715 -0.0753351 -10.0147 -0.826412 -0.0391777 -0.561702 68.2762 
-0.578573 0.060953 0.81335 146.717 0.00385225 0.997397 -0.0720054 -10.1129 -0.815622 -0.0385271 -0.577301 67.5773 
-0.593782 0.0593145 0.802436 147.743 0.00479322 0.997522 -0.070188 -10.2136 -0.804611 -0.0378301 -0.592595 66.8483 
-0.608922 0.0576506 0.791132 148.749 0.00381237 0.997557 -0.0697587 -10.3085 -0.793221 -0.0394615 -0.607654 66.1086 
-0.62417 0.0586964 0.77908 149.749 0.00222232 0.997303 -0.073357 -10.4068 -0.781285 -0.0440559 -0.622617 65.3411 
-0.639754 0.0584627 0.766353 150.734 0.00017158 0.997114 -0.0759235 -10.5046 -0.768579 -0.0484409 -0.637918 64.5562 
-0.65603 0.0553049 0.752706 151.718 -0.00176516 0.997196 -0.0748073 -10.6056 -0.754733 -0.0504045 -0.654093 63.7417 
-0.67313 0.0480272 0.737962 152.692 -0.00523682 0.997554 -0.0696984 -10.7067 -0.739505 -0.0507807 -0.671233 62.9162 
-0.690566 0.045446 0.72184 153.657 -0.00671558 0.997578 -0.0692308 -10.8019 -0.723238 -0.052656 -0.688588 62.0247 
-0.708529 0.0428873 0.704377 154.583 -0.00843568 0.997565 -0.0692241 -10.8969 -0.705631 -0.0549892 -0.706443 61.1417 
-0.726874 0.0390721 0.685658 155.488 -0.0118236 0.99752 -0.069378 -10.9949 -0.686669 -0.058536 -0.72461 60.2426 
-0.744101 0.0369107 0.667046 156.376 -0.0118623 0.997585 -0.0684336 -11.0944 -0.667961 -0.0588342 -0.741867 59.2965 
-0.760745 0.0389773 0.647879 157.233 -0.0102089 0.997353 -0.0719896 -11.1897 -0.64897 -0.0613799 -0.758334 58.3385 
-0.776237 0.0385424 0.629262 158.059 -0.00705555 0.997536 -0.0698029 -11.2862 -0.630402 -0.0586233 -0.774052 57.3503 
-0.790966 0.0399165 0.610556 158.857 -0.00301064 0.997604 -0.0691209 -11.3854 -0.611852 -0.0565105 -0.788951 56.3272 
-0.805766 0.0411529 0.590803 159.626 -0.00135292 0.997452 -0.0713236 -11.4884 -0.592233 -0.0582694 -0.803657 55.31 
-0.819925 0.0428437 0.570865 160.38 -0.000509642 0.99714 -0.0755679 -11.5902 -0.57247 -0.062251 -0.817559 54.2749 
-0.833298 0.0434776 0.551111 161.117 0.00195021 0.997127 -0.0757154 -11.6905 -0.55282 -0.0620187 -0.83099 53.187 
-0.845602 0.0412011 0.532221 161.824 0.00280368 0.997346 -0.0727536 -11.801 -0.533806 -0.0600285 -0.843474 52.1072 
-0.856579 0.0427218 0.514244 162.501 0.00523525 0.997235 -0.0741268 -11.9082 -0.515989 -0.0608033 -0.854434 51.0099 
-0.866535 0.0455482 0.497033 163.152 0.00790441 0.996955 -0.0775804 -12.0109 -0.499053 -0.0632974 -0.864256 49.9184 
-0.875893 0.0435861 0.480532 163.793 0.00641981 0.996876 -0.0787187 -12.123 -0.482462 -0.0658642 -0.873437 48.8064 
-0.88472 0.0408901 0.464326 164.419 0.00523805 0.996954 -0.0778146 -12.2355 -0.466093 -0.0664119 -0.882239 47.6857 
-0.892508 0.0389049 0.44935 165.053 0.00410601 0.996932 -0.0781594 -12.3461 -0.451012 -0.0679129 -0.88993 46.5329 
-0.89981 0.0363048 0.434768 165.649 0.00303055 0.997028 -0.0769836 -12.4748 -0.436271 -0.067953 -0.897246 45.3958 
-0.906668 0.0337224 0.420494 166.249 0.00168884 0.997082 -0.0763217 -12.5805 -0.421841 -0.0684883 -0.904079 44.2248 
-0.912841 0.0281789 0.407342 166.809 -0.00155518 0.997369 -0.0724806 -12.6897 -0.408312 -0.0667967 -0.910395 43.0492 
-0.918337 0.0246309 0.395032 167.345 -0.00293911 0.99761 -0.0690352 -12.7935 -0.395788 -0.0645586 -0.91607 41.8756 
-0.922898 0.0248739 0.38424 167.851 -0.000459482 0.997839 -0.0656992 -12.8903 -0.385044 -0.0608102 -0.920892 40.6971 
-0.926426 0.0286477 0.375385 168.358 0.00347764 0.997709 -0.0675581 -12.9832 -0.376461 -0.0612821 -0.924403 39.5089 
-0.928655 0.0344603 0.36934 168.835 0.00947281 0.997554 -0.069256 -13.076 -0.370823 -0.0608162 -0.92671 38.3237 
-0.930709 0.0380861 0.363772 169.308 0.0128609 0.997356 -0.0715163 -13.1768 -0.365534 -0.0618824 -0.928739 37.1413 
-0.93247 0.0352764 0.359521 169.787 0.0106791 0.997477 -0.0701753 -13.2759 -0.36109 -0.061597 -0.930495 35.9403 
-0.934539 0.0279689 0.354759 170.274 0.00460274 0.997773 -0.0665388 -13.3749 -0.35583 -0.0605503 -0.932587 34.7396 
-0.936481 0.0219848 0.35003 170.749 -0.000678443 0.997918 -0.0644929 -13.473 -0.350719 -0.0606338 -0.934516 33.5405 
-0.938214 0.0152694 0.345719 171.217 -0.00805815 0.997791 -0.0659377 -13.5666 -0.345962 -0.0646495 -0.936018 32.3372 
-0.93971 0.0130771 0.341722 171.686 -0.0111459 0.997566 -0.0688255 -13.6592 -0.34179 -0.0684848 -0.937278 31.1371 
-0.940703 0.0129346 0.338984 172.151 -0.0119622 0.997386 -0.071253 -13.7552 -0.339019 -0.0710829 -0.93809 29.9442 
-0.94117 0.0132412 0.337672 172.608 -0.0122975 0.997228 -0.0733805 -13.8536 -0.337708 -0.073216 -0.938399 28.7529 
-0.941006 0.0165828 0.337984 173.055 -0.009532 0.997103 -0.0754605 -13.9545 -0.338256 -0.0742305 -0.938122 27.5413 
-0.940835 0.0173864 0.338419 173.512 -0.00943216 0.996952 -0.0774411 -14.0589 -0.338734 -0.0760513 -0.937803 26.3451 
-0.94039 0.0184477 0.339597 173.964 -0.00915203 0.996793 -0.0794912 -14.166 -0.339975 -0.0778607 -0.937206 25.1383 
-0.939828 0.0190144 0.341119 174.421 -0.00864275 0.996807 -0.0793753 -14.2724 -0.341539 -0.0775473 -0.936663 23.9522 
-0.939184 0.0182879 0.342928 174.879 -0.00994368 0.996714 -0.0803866 -14.3794 -0.343271 -0.0789077 -0.935916 22.7782 
-0.93785 0.0167842 0.346635 175.345 -0.0121539 0.996628 -0.0811408 -14.4817 -0.346828 -0.0803109 -0.934484 21.5772 
-0.936126 0.0148632 0.35135 175.799 -0.0139213 0.996757 -0.0792575 -14.5907 -0.351388 -0.0790863 -0.932883 20.4103 
-0.934242 0.012017 0.356436 176.277 -0.016425 0.996922 -0.0766614 -14.7029 -0.35626 -0.0774748 -0.931169 19.2347 
-0.931463 0.0106555 0.363679 176.751 -0.0172731 0.997149 -0.073456 -14.8121 -0.363425 -0.0747035 -0.928623 18.0535 
-0.928912 0.0122599 0.370097 177.242 -0.0163366 0.997122 -0.0740344 -14.9105 -0.369939 -0.0748176 -0.926038 16.9025 
-0.925722 0.0122729 0.378005 177.733 -0.0172704 0.997059 -0.0746668 -15.0103 -0.37781 -0.075649 -0.922787 15.7551 
-0.921771 0.0153301 0.387432 178.229 -0.0156615 0.99693 -0.0767087 -15.1155 -0.387419 -0.0767756 -0.918701 14.6119 
-0.917372 0.0164618 0.39769 178.741 -0.0150313 0.996999 -0.0759428 -15.2199 -0.397747 -0.0756456 -0.914371 13.4704 
-0.912102 0.0188631 0.40953 179.258 -0.0139441 0.996935 -0.0769755 -15.3323 -0.409727 -0.07592 -0.909043 12.328 
-0.906058 0.020847 0.422638 179.808 -0.0137193 0.996813 -0.0785803 -15.4375 -0.42293 -0.0769966 -0.902885 11.1692 
-0.899538 0.0231071 0.436231 180.368 -0.0125786 0.996816 -0.0787393 -15.5451 -0.436661 -0.0763161 -0.896383 10.0232 
-0.893525 0.0212741 0.448509 180.948 -0.0145688 0.996977 -0.0763138 -15.6564 -0.448777 -0.0747225 -0.890514 8.93981 
-0.886796 0.0237907 0.461548 181.542 -0.0132135 0.996961 -0.0767764 -15.7673 -0.461972 -0.0741836 -0.883786 7.82457 
-0.879841 0.0261309 0.47455 182.158 -0.0113149 0.997053 -0.0758808 -15.8769 -0.475134 -0.0721325 -0.876952 6.71316 
-0.872096 0.0276318 0.488555 182.782 -0.00974527 0.997226 -0.0737973 -15.9838 -0.489238 -0.0691193 -0.869407 5.60833 
-0.864216 0.0287987 0.502297 183.415 -0.00785731 0.997466 -0.0707076 -16.0916 -0.50306 -0.0650533 -0.861799 4.53504 
-0.855972 0.031276 0.516076 184.07 -0.00517957 0.9976 -0.0690491 -16.1975 -0.516997 -0.0617771 -0.853755 3.46661 
-0.846758 0.0347503 0.530842 184.751 -0.00128352 0.997728 -0.0673613 -16.2979 -0.531976 -0.05772 -0.84479 2.40191 
-0.835389 0.0376306 0.54837 185.431 0.00110364 0.997766 -0.0667881 -16.3877 -0.549658 -0.0551888 -0.833565 1.34402 
-0.8243 0.040569 0.564697 186.143 0.00415457 0.997836 -0.0656221 -16.4851 -0.566138 -0.0517462 -0.822685 0.319726 
-0.812977 0.0420974 0.580771 186.881 0.0053846 0.997884 -0.0647945 -16.5818 -0.58227 -0.0495492 -0.811484 -0.687588 
-0.801817 0.0435981 0.595977 187.629 0.0048132 0.997774 -0.0665155 -16.6611 -0.597551 -0.0504647 -0.800241 -1.64756 
-0.788721 0.0463669 0.613 188.394 0.00795329 0.997838 -0.0652427 -16.7607 -0.6147 -0.0465829 -0.787384 -2.61758 
-0.77472 0.0471455 0.630544 189.181 0.00946514 0.997969 -0.0629884 -16.8526 -0.632233 -0.0428302 -0.773593 -3.56865 
-0.75961 0.0489207 0.648536 189.979 0.0118442 0.998042 -0.0614122 -16.9421 -0.650271 -0.0389679 -0.758702 -4.47527 
-0.742753 0.0517101 0.667565 190.797 0.0132773 0.997955 -0.0625297 -17.0284 -0.669434 -0.0375806 -0.741921 -5.3831 
-0.725904 0.0543795 0.685642 191.624 0.0134865 0.997803 -0.064859 -17.1161 -0.687663 -0.0378345 -0.725043 -6.23423 
-0.7079 0.0551129 0.704159 192.467 0.0123977 0.997767 -0.0656294 -17.2058 -0.706203 -0.0377291 -0.707003 -7.07427 
-0.688867 0.0551945 0.722783 193.343 0.0110271 0.997779 -0.0656846 -17.2936 -0.724803 -0.0372777 -0.687946 -7.89257 
-0.669147 0.0544491 0.741132 194.222 0.00902307 0.997834 -0.0651617 -17.389 -0.743075 -0.0369155 -0.668189 -8.65969 
-0.648631 0.0549652 0.759116 195.126 0.0070035 0.997778 -0.0662619 -17.4784 -0.761071 -0.037663 -0.647575 -9.41223 
-0.62833 0.0546466 0.776025 196.051 0.00386999 0.997737 -0.0671258 -17.5623 -0.777937 -0.0391739 -0.627119 -10.1349 
-0.607233 0.0546131 0.792645 196.973 0.00235161 0.997754 -0.0669436 -17.6513 -0.79452 -0.0387864 -0.605998 -10.8282 
-0.584449 0.0545443 0.809595 197.938 0.00185135 0.997825 -0.0658894 -17.7389 -0.811428 -0.0370101 -0.583279 -11.5132 
-0.561204 0.0554236 0.82582 198.894 -0.000432671 0.997736 -0.0672556 -17.8198 -0.827678 -0.0381014 -0.559909 -12.1376 
-0.535521 0.0588073 0.842472 199.885 0.000930901 0.997613 -0.0690451 -17.9056 -0.844521 -0.0361908 -0.534298 -12.7597 
-0.508814 0.0597918 0.858798 200.894 -0.000556337 0.997562 -0.0697826 -17.9863 -0.860876 -0.0359841 -0.50754 -13.3494 
-0.481338 0.0584009 0.874587 201.922 -0.00203469 0.997701 -0.0677418 -18.0828 -0.876533 -0.0343862 -0.480112 -13.9062 
-0.453553 0.0570196 0.889404 202.961 -0.00506511 0.99777 -0.0665501 -18.1623 -0.891215 -0.0346889 -0.452252 -14.4144 
-0.42347 0.0584531 0.904022 204.021 -0.00341881 0.997806 -0.0661186 -18.2466 -0.905904 -0.0310899 -0.422341 -14.9085 
-0.392442 0.0608886 0.917759 205.094 -0.00367876 0.997694 -0.067765 -18.3338 -0.919769 -0.02997 -0.391313 -15.3606 
-0.360672 0.0629909 0.930563 206.166 -0.00376812 0.99761 -0.0689899 -18.4193 -0.932685 -0.0283892 -0.359573 -15.7692 
-0.328892 0.0628421 0.942274 207.243 -0.0007278 0.997766 -0.066797 -18.515 -0.944367 -0.0226548 -0.328112 -16.1352 
-0.296356 0.0625279 0.953029 208.317 -0.000419686 0.997846 -0.0655989 -18.6046 -0.955078 -0.0198406 -0.295691 -16.4659 
-0.262203 0.0617808 0.963033 209.451 5.04507e-05 0.997949 -0.0640071 -18.694 -0.965013 -0.0167343 -0.261669 -16.7798 
-0.227423 0.0596492 0.971967 210.588 -0.000311134 0.998118 -0.0613269 -18.7814 -0.973796 -0.0142496 -0.226976 -17.0465 
-0.193128 0.0586386 0.97942 211.726 -0.000692009 0.998204 -0.0598998 -18.8645 -0.981173 -0.0122461 -0.192741 -17.2599 
-0.157539 0.0583217 0.985789 212.883 5.10928e-05 0.998255 -0.0590512 -18.9394 -0.987513 -0.00925249 -0.157267 -17.4363 
-0.122537 0.0579565 0.99077 214.025 -7.75644e-05 0.998293 -0.0584062 -19.018 -0.992464 -0.00723375 -0.122323 -17.5693 
-0.0865086 0.0580567 0.994558 215.175 -0.00012697 0.9983 -0.0582863 -19.0949 -0.996251 -0.00516854 -0.0863542 -17.6676 
-0.0513286 0.0585899 0.996962 216.309 -0.00154709 0.998272 -0.0587466 -19.1726 -0.998681 -0.00455777 -0.0511493 -17.7206 
-0.0168092 0.0576405 0.998196 217.443 -0.00214403 0.998332 -0.0576845 -19.254 -0.999856 -0.00310979 -0.0166575 -17.7366 
0.016976 0.0566634 0.998249 218.6 -0.00356729 0.99839 -0.0566108 -19.3359 -0.999849 -0.00260002 0.0171508 -17.7136 
0.049891 0.0571773 0.997117 219.746 -0.00510115 0.998361 -0.0569935 -19.4118 -0.998742 -0.00224298 0.0501009 -17.6439 
0.0822884 0.0574074 0.994954 220.876 -0.00539832 0.998351 -0.057157 -19.487 -0.996594 -0.000667722 0.0824625 -17.5384 
0.114147 0.0555291 0.991911 222.01 -0.0047242 0.998456 -0.055352 -19.5582 -0.993452 0.0016323 0.114234 -17.4006 
0.145159 0.054381 0.987913 223.161 -0.003628 0.998511 -0.0544314 -19.6322 -0.989402 0.00431708 0.14514 -17.2246 
0.175383 0.0549375 0.982966 224.308 -0.00269332 0.998465 -0.0553232 -19.695 -0.984497 0.0070553 0.175262 -17.0134 
0.205602 0.0545749 0.977113 225.444 -0.000738548 0.998452 -0.0556115 -19.7687 -0.978635 0.0107122 0.205324 -16.772 
0.235304 0.0543834 0.970399 226.568 0.000607675 0.998425 -0.0561015 -19.8393 -0.971922 0.0137906 0.2349 -16.4867 
0.265484 0.0525784 0.962681 227.707 0.00299012 0.998462 -0.0553574 -19.9135 -0.964111 0.017575 0.264918 -16.1688 
0.295904 0.050502 0.953882 228.831 0.00555844 0.998493 -0.0545883 -19.9934 -0.955201 0.021455 0.295177 -15.8197 
0.325468 0.0499758 0.944231 229.944 0.00824844 0.998414 -0.0556869 -20.0672 -0.945517 0.0259127 0.32454 -15.4342 
0.354037 0.049837 0.933902 231.03 0.00835259 0.998371 -0.0564438 -20.1364 -0.935194 0.0277837 0.353044 -15.0155 
0.381987 0.0477476 0.922933 232.121 0.00909698 0.998422 -0.0554181 -20.2156 -0.924123 0.0295649 0.38095 -14.5605 
0.410161 0.0465545 0.910824 233.192 0.00932717 0.99843 -0.0552325 -20.2937 -0.911965 0.0311496 0.409083 -14.0773 
0.43853 0.0476185 0.897454 234.257 0.0102631 0.998265 -0.0579825 -20.3713 -0.898658 0.0346376 0.43728 -13.5521 
0.466297 0.0490634 0.883267 235.284 0.0111139 0.998057 -0.0613071 -20.4436 -0.884558 0.0384038 0.464846 -13.0075 
0.493336 0.0469722 0.86857 236.321 0.0126053 0.99805 -0.0611342 -20.527 -0.869748 0.0411083 0.491781 -12.4104 
0.519769 0.0437964 0.853183 237.329 0.014317 0.998098 -0.0599575 -20.6055 -0.854187 0.0433791 0.518154 -11.7858 
0.544929 0.0417999 0.83744 238.327 0.013616 0.998184 -0.0586834 -20.6883 -0.838371 0.0433809 0.54337 -11.1321 
0.568158 0.0421718 0.821838 239.315 0.0117893 0.998166 -0.0593702 -20.7686 -0.822835 0.0434205 0.566619 -10.4489 
0.589077 0.0422245 0.806973 240.286 0.0103128 0.99816 -0.0597566 -20.8479 -0.808011 0.0435234 0.587557 -9.72858 
0.608684 0.0409565 0.792355 241.246 0.00969803 0.998208 -0.0590471 -20.9267 -0.793353 0.0436253 0.607196 -8.98298 
0.62691 0.0381388 0.778158 242.206 0.00970589 0.998341 -0.0567499 -21.0114 -0.779031 0.0431297 0.6255 -8.19394 
0.644209 0.0347404 0.76406 243.133 0.0109968 0.998444 -0.0546695 -21.0918 -0.76477 0.0436208 0.642825 -7.40463 
0.660338 0.0319517 0.750288 244.049 0.0121254 0.99851 -0.0531943 -21.1689 -0.75087 0.0442237 0.658967 -6.5878 
0.675897 0.029407 0.736409 244.948 0.0140616 0.998507 -0.0527796 -21.2454 -0.736862 0.0460286 0.674474 -5.7567 
0.690878 0.0292049 0.722381 245.829 0.0136171 0.998481 -0.0533906 -21.3179 -0.722843 0.0467231 0.689431 -4.9 
0.705956 0.0277267 0.707713 246.701 0.0144218 0.998463 -0.0535038 -21.3897 -0.708109 0.0479778 0.704472 -4.02173 
0.720311 0.0258307 0.69317 247.552 0.013687 0.998582 -0.0514348 -21.4591 -0.693516 0.0465364 0.718936 -3.12263 
0.734425 0.0228781 0.678304 248.382 0.0143721 0.998683 -0.0492454 -21.533 -0.678537 0.0459157 0.733129 -2.20038 
0.748134 0.0212285 0.663208 249.192 0.014715 0.998711 -0.048567 -21.6042 -0.663385 0.0460937 0.746857 -1.2652 
0.761674 0.0207699 0.647627 249.996 0.0156541 0.998604 -0.050437 -21.6756 -0.647771 0.0485546 0.760286 -0.307882 
0.774276 0.0201211 0.632528 250.787 0.0158836 0.998562 -0.0512081 -21.7445 -0.632648 0.049696 0.772843 0.668134 
0.785767 0.0191762 0.618225 251.559 0.0155288 0.998593 -0.0507118 -21.8194 -0.618327 0.0494479 0.784364 1.67361 
0.79653 0.0174008 0.604348 252.314 0.0153915 0.998678 -0.0490409 -21.8858 -0.604402 0.0483644 0.79521 2.69568 
0.806854 0.0149341 0.590562 253.045 0.0167378 0.998701 -0.0481232 -21.9559 -0.590513 0.0487131 0.805556 3.72772 
0.816481 0.0149159 0.577179 253.76 0.0164393 0.99866 -0.0490635 -22.0214 -0.577137 0.0495478 0.815142 4.76976 
0.825367 0.0122342 0.564463 254.469 0.0201137 0.998493 -0.0510522 -22.0969 -0.564237 0.0534902 0.823878 5.82739 
0.83335 0.0103487 0.552648 255.155 0.0209099 0.998519 -0.0502286 -22.1648 -0.552349 0.0534138 0.8319 6.90243 
0.840854 0.00716399 0.541214 255.834 0.0233654 0.9985 -0.0495188 -22.244 -0.540757 0.0542838 0.839426 7.98546 
0.847535 0.00577156 0.530708 256.508 0.0242966 0.998471 -0.0496602 -22.3149 -0.530183 0.0549831 0.846099 9.08467 
0.852781 0.00422152 0.522251 257.174 0.0249866 0.998492 -0.0488717 -22.3913 -0.52167 0.0547261 0.85139 10.2009 
0.856586 0.00332533 0.515994 257.832 0.0246908 0.99857 -0.047424 -22.4597 -0.515413 0.053363 0.855279 11.3224 
0.859229 0.0025936 0.511584 258.491 0.0243986 0.998641 -0.0460416 -22.5334 -0.511008 0.0520422 0.857999 12.456 
0.861867 0.00132176 0.507132 259.148 0.0255182 0.998617 -0.0459709 -22.6008 -0.506492 0.0525618 0.860641 13.6022 
0.863936 0.000599015 0.503601 259.794 0.0257025 0.998643 -0.0452811 -22.6738 -0.502945 0.0520637 0.862749 14.7584 
0.865948 -0.00111176 0.500132 260.441 0.0264123 0.998704 -0.0435114 -22.7412 -0.499436 0.0508882 0.864855 15.9091 
0.867902 -0.00362566 0.496721 261.076 0.0285882 0.99868 -0.0426618 -22.8198 -0.495911 0.0512266 0.866861 17.0463 
0.870116 -0.00512257 0.49282 261.708 0.0301476 0.998627 -0.0428482 -22.8869 -0.491924 0.0521402 0.869075 18.1966 
0.872231 -0.00574212 0.48906 262.353 0.0303817 0.998636 -0.0424604 -22.9591 -0.488149 0.0518937 0.871216 19.3658 
0.8742 -0.00567717 0.485532 262.983 0.0297852 0.998676 -0.0419513 -23.0333 -0.484651 0.0511354 0.873212 20.5339 
0.876112 -0.0070394 0.482057 263.623 0.0308674 0.998661 -0.0415167 -23.1017 -0.481119 0.0512531 0.875156 21.7238 
0.878182 -0.00634648 0.478284 264.252 0.0298238 0.998693 -0.0415081 -23.169 -0.477396 0.0507159 0.877224 22.9079 
0.879511 -0.00520282 0.47585 264.889 0.0284297 0.998729 -0.0416268 -23.23 -0.475028 0.0501395 0.878541 24.1043 
