1 2.12261e-08 -2.11895e-08 0 2.12261e-08 1 2.10703e-08 0 -2.11895e-08 2.10703e-08 1 0 
1 -0.000768595 8.34524e-05 -0.0317795 0.000768504 0.999998 0.00157985 -0.0233793 -8.47089e-05 -0.00157974 0.999999 1.33839 
0.999999 -0.00173143 -0.000286363 -0.0546689 0.00173196 0.999997 0.0016853 -0.0426005 0.000283401 -0.00168575 0.999999 2.68011 
0.999995 -0.00321863 -0.0002119 -0.0814032 0.00321878 0.999995 0.000504262 -0.0552956 0.000210234 -0.000504899 1 4.03034 
0.999994 -0.00355455 -0.000188549 -0.104538 0.00355469 0.999994 0.000540598 -0.0718696 0.000186584 -0.000541222 1 5.36732 
0.99999 -0.00439661 -0.000337905 -0.126762 0.00439707 0.99999 0.00123755 -0.0845868 0.000332418 -0.00123898 0.999999 6.70863 
0.999985 -0.00553499 0.000445038 -0.15515 0.00553386 0.999981 0.00259791 -0.108277 -0.000459451 -0.00259536 0.999997 8.0251 
0.999988 -0.0047779 0.00109333 -0.199012 0.00477514 0.999985 0.0025502 -0.115087 -0.00110554 -0.00254491 0.999996 9.37204 
0.999991 -0.0041522 0.000485374 -0.218101 0.00415194 0.999991 0.000627937 -0.13001 -0.000488019 -0.000625874 1 10.7399 
0.999999 -0.0010837 0.000354765 -0.235905 0.00108443 0.999998 -0.00194169 -0.14544 -0.000352702 0.00194212 0.999998 12.1075 
0.999997 0.00231874 0.000762134 -0.269563 -0.0023166 0.999994 -0.00274626 -0.169442 -0.00076854 0.00274453 0.999996 13.4483 
0.999988 0.00475613 0.00139108 -0.304293 -0.00475206 0.999985 -0.00288036 -0.193045 -0.0014048 0.00287376 0.999995 14.8071 
0.999982 0.00579927 0.0015296 -0.324075 -0.00579569 0.999981 -0.00230679 -0.212699 -0.00154299 0.00229793 0.999996 16.1726 
0.999991 0.00377269 0.00201165 -0.340386 -0.00377288 0.999993 0.000112115 -0.229784 -0.00201126 -0.000119661 0.999998 17.5439 
0.999997 -0.00043286 0.00253483 -0.363028 0.000428089 0.999998 0.00189929 -0.251703 -0.00253569 -0.00189815 0.999995 18.9176 
0.999993 -0.00265102 0.00255788 -0.383396 0.00265243 0.999996 -0.000531164 -0.27235 -0.00255651 0.000537987 0.999997 20.2681 
0.99999 -0.00348979 0.00286973 -0.408732 0.00349638 0.999991 -0.00228015 -0.297274 -0.00286179 0.0022902 0.999993 21.6208 
0.999991 -0.000876387 0.00420017 -0.440411 0.000893418 0.999991 -0.00404453 -0.320272 -0.00419664 0.00404829 0.999983 22.9845 
0.999987 0.00194622 0.00474922 -0.455275 -0.00193507 0.999995 -0.00234416 -0.338009 -0.00475381 0.00233498 0.999986 24.3749 
0.999985 0.00216156 0.00494358 -0.462172 -0.00216773 0.999997 0.00125112 -0.364081 -0.00494091 -0.00126178 0.999987 25.7741 
0.999986 -3.53714e-05 0.00529911 -0.474115 1.84136e-05 0.999995 0.00320816 -0.382816 -0.00529924 -0.00320798 0.999981 27.1561 
0.999979 -0.00380503 0.00519992 -0.502868 0.00379735 0.999992 0.00149414 -0.402202 -0.0052056 -0.00147432 0.999985 28.515 
0.999979 -0.00404883 0.005165 -0.517235 0.0040531 0.999992 -0.00080799 -0.425912 -0.00516173 0.000828949 0.999986 29.8967 
0.99997 -0.00441559 0.0063528 -0.539914 0.00443623 0.999985 -0.0032316 -0.452114 -0.00633848 0.00325972 0.999975 31.2793 
0.999976 -0.00117938 0.00688293 -0.562513 0.0012059 0.999992 -0.00384329 -0.483277 -0.00687838 0.00385154 0.999969 32.6652 
0.999971 -0.000465904 0.00755209 -0.585718 0.000509814 0.999983 -0.00580777 -0.511188 -0.0075493 0.0058115 0.999955 34.0505 
0.999972 0.000152356 0.00753238 -0.599819 -0.000114172 0.999987 -0.00506383 -0.540727 -0.0075331 0.00506286 0.999959 35.4681 
0.999972 -2.09352e-05 0.00748389 -0.623697 4.88721e-05 0.999993 -0.00372707 -0.571248 -0.0074838 0.00372738 0.999965 36.8858 
0.99997 0.00175637 0.00748389 -0.646248 -0.00173719 0.999995 -0.00256225 -0.597371 -0.0074884 0.00254922 0.999969 38.2794 
0.999958 0.00491696 0.00778113 -0.664519 -0.00489906 0.999985 -0.00231183 -0.621548 -0.00779243 0.00227365 0.999967 39.6966 
0.999941 0.00716534 0.00813082 -0.68175 -0.00714234 0.99997 -0.00284872 -0.642703 -0.00815104 0.00279052 0.999963 41.1153 
0.999915 0.00970907 0.00876119 -0.707909 -0.00968685 0.99995 -0.00257035 -0.667432 -0.00878575 0.0024853 0.999958 42.5383 
0.999907 0.0105353 0.00861255 -0.728879 -0.0105135 0.999941 -0.00256558 -0.691079 -0.00863912 0.00247484 0.99996 43.9596 
0.999917 0.00960122 0.00863241 -0.748309 -0.00957859 0.999951 -0.0026541 -0.7184 -0.00865751 0.00257123 0.999959 45.3617 
0.999931 0.00824515 0.00835634 -0.760048 -0.0082229 0.999963 -0.00268836 -0.746554 -0.00837823 0.0026195 0.999962 46.7989 
0.99994 0.00775941 0.00776302 -0.774488 -0.00773878 0.999967 -0.00267783 -0.768741 -0.00778358 0.00261763 0.999966 48.2349 
0.999947 0.00744771 0.00713142 -0.795146 -0.00743919 0.999972 -0.00121491 -0.801214 -0.00714031 0.00116183 0.999974 49.6595 
0.999954 0.00731357 0.00628293 -0.820186 -0.00730525 0.999972 -0.00134004 -0.828658 -0.0062926 0.00129412 0.999979 51.0827 
0.999964 0.00687296 0.00506425 -0.840675 -0.00686992 0.999976 -0.000610032 -0.861465 -0.00506837 0.000575261 0.999987 52.5102 
0.999968 0.00656202 0.00453442 -0.871956 -0.00656302 0.999978 0.000213248 -0.884548 -0.00453296 -0.000242959 0.99999 53.9489 
0.999978 0.00496797 0.00437613 -0.902502 -0.00497241 0.999987 0.00101485 -0.90487 -0.00437107 -0.00103655 0.99999 55.3717 
0.999985 0.00377475 0.00403773 -0.923064 -0.0037798 0.999992 0.00125382 -0.928257 -0.00403301 -0.00126902 0.999991 56.8104 
0.999993 0.00141923 0.003572 -0.941528 -0.00142085 0.999999 0.00046239 -0.948349 -0.00357138 -0.000467419 0.999994 58.2479 
0.999993 0.000350467 0.00379668 -0.964347 -0.000354576 0.999999 0.00109287 -0.977389 -0.00379634 -0.00109417 0.999992 59.6829 
0.99999 -0.00157257 0.00417527 -0.984517 0.0015645 0.999997 0.00194477 -1.0024 -0.00417836 -0.00193817 0.999989 61.1175 
0.999985 -0.00233878 0.00487869 -1.00517 0.00232675 0.999994 0.00247959 -1.02445 -0.0048845 -0.00246816 0.999985 62.5515 
0.999979 -0.0034312 0.00551488 -1.02276 0.00342027 0.999992 0.00199825 -1.04847 -0.00552174 -0.0019793 0.999983 63.9759 
0.999969 -0.00512258 0.00596809 -1.03538 0.00511568 0.999986 0.00117784 -1.07572 -0.00597409 -0.00114723 0.999982 65.3846 
0.999966 -0.00509354 0.00653451 -1.05012 0.00508737 0.999987 0.000968343 -1.10347 -0.0065394 -0.000935024 0.999978 66.8152 
0.999966 -0.00320899 0.00758941 -1.06848 0.00320475 0.999995 0.000575804 -1.12848 -0.00759126 -0.00055142 0.999971 68.2495 
0.999966 0.000349834 0.0082955 -1.09116 -0.000364528 0.999998 0.00177501 -1.1546 -0.0082949 -0.00177793 0.999964 69.6757 
0.999956 0.00326238 0.0087877 -1.1042 -0.00329087 0.999989 0.00323494 -1.18035 -0.0087771 -0.00326368 0.999956 71.1087 
0.99992 0.00802638 0.00977842 -1.12706 -0.00806079 0.999961 0.00348867 -1.20175 -0.00975008 -0.00356717 0.999946 72.5308 
0.999867 0.0124931 0.0104739 -1.15404 -0.0125263 0.999917 0.00312277 -1.22697 -0.010434 -0.00325351 0.99994 73.939 
0.999829 0.0150145 0.0107593 -1.16835 -0.0150435 0.999883 0.00262175 -1.25554 -0.0107187 -0.00278311 0.999939 75.3554 
0.999784 0.017299 0.0115196 -1.18512 -0.0173276 0.999847 0.00239521 -1.27572 -0.0114764 -0.00259425 0.999931 76.7709 
0.999776 0.0175427 0.0118033 -1.19566 -0.0175742 0.999842 0.00257638 -1.29433 -0.0117563 -0.00278319 0.999927 78.1778 
0.999796 0.0163207 0.0118613 -1.20529 -0.0163514 0.999863 0.00249319 -1.31344 -0.0118191 -0.00268659 0.999927 79.5784 
0.999818 0.0149321 0.0119193 -1.21869 -0.0149536 0.999887 0.00171555 -1.34196 -0.0118924 -0.00189343 0.999928 80.9538 
0.999828 0.0144392 0.0116524 -1.22039 -0.0144605 0.999894 0.00174599 -1.36708 -0.011626 -0.00191415 0.999931 82.3587 
0.999819 0.0150439 0.0116666 -1.24299 -0.0150641 0.999885 0.00165534 -1.38392 -0.0116404 -0.00183074 0.999931 83.7362 
0.999829 0.0147839 0.0111271 -1.2513 -0.0147963 0.99989 0.00103648 -1.40205 -0.0111106 -0.0012009 0.999938 85.123 
0.999834 0.0149209 0.0104198 -1.26412 -0.0149361 0.999888 0.00139413 -1.42849 -0.0103979 -0.00154949 0.999945 86.5238 
0.99985 0.0144365 0.00954784 -1.28556 -0.0144541 0.999894 0.00178511 -1.44263 -0.0095211 -0.00192281 0.999953 87.9342 
0.999891 0.0120499 0.00852036 -1.29981 -0.0120767 0.999922 0.0031084 -1.473 -0.00848228 -0.00321091 0.999959 89.3057 
0.999925 0.0100477 0.00698236 -1.30985 -0.0100714 0.999944 0.00336981 -1.48671 -0.00694815 -0.00343984 0.99997 90.7041 
0.999946 0.00823983 0.00627602 -1.32495 -0.00826136 0.99996 0.00341832 -1.50847 -0.00624765 -0.00346995 0.999975 92.0953 
0.999959 0.00695564 0.00579095 -1.33626 -0.00697286 0.999971 0.00296523 -1.52584 -0.0057702 -0.00300545 0.999979 93.5 
0.999965 0.00619155 0.00570068 -1.35716 -0.00620464 0.999978 0.00228852 -1.54347 -0.00568643 -0.00232377 0.999981 94.8901 
0.999963 0.00649333 0.00556201 -1.37388 -0.00650371 0.999977 0.00185786 -1.56915 -0.00554986 -0.00189393 0.999983 96.2479 
0.999964 0.00643559 0.00552251 -1.39502 -0.00644137 0.999979 0.00103772 -1.58669 -0.00551575 -0.00107321 0.999984 97.6303 
0.99996 0.00685299 0.00573542 -1.41641 -0.00685622 0.999976 0.000551065 -1.61399 -0.00573156 -0.000590324 0.999983 99.0244 
0.999948 0.00810945 0.006231 -1.43972 -0.00811451 0.999967 0.000794298 -1.63512 -0.0062244 -0.000844776 0.99998 100.384 
0.999942 0.00863431 0.00651889 -1.46013 -0.00865134 0.999959 0.00259505 -1.66345 -0.00649626 -0.00265125 0.999975 101.747 
0.999929 0.00968526 0.00691118 -1.49084 -0.00971141 0.999946 0.00376745 -1.68501 -0.00687435 -0.00383426 0.999969 103.109 
0.99994 0.00835808 0.007105 -1.50639 -0.00837684 0.999962 0.00262044 -1.71023 -0.00708286 -0.00267975 0.999971 104.462 
0.999933 0.00897206 0.00735157 -1.52224 -0.00897208 0.99996 -2.50786e-05 -1.72837 -0.00735155 -4.08402e-05 0.999973 105.835 
0.999942 0.00784727 0.00740532 -1.53712 -0.00783932 0.999969 -0.00109647 -1.75378 -0.00741373 0.0010384 0.999972 107.186 
0.99995 0.00588931 0.00804568 -1.55363 -0.00588914 0.999983 -3.91652e-05 -1.77465 -0.00804581 -8.17703e-06 0.999968 108.535 
0.999957 0.00363197 0.00857019 -1.56067 -0.00364694 0.999992 0.00173753 -1.79178 -0.00856385 -0.00176867 0.999962 109.894 
0.99995 0.0022678 0.00974891 -1.5793 -0.00228964 0.999995 0.00223422 -1.81351 -0.00974384 -0.00225639 0.99995 111.232 
0.999943 0.00126219 0.0106501 -1.58724 -0.00127032 0.999999 0.000760987 -1.83405 -0.0106492 -0.000774431 0.999943 112.573 
0.999933 0.0032412 0.0111491 -1.58671 -0.00322292 0.999993 -0.00165358 -1.85836 -0.0111544 0.00161758 0.999937 113.925 
0.999904 0.00607324 0.012421 -1.59485 -0.00602235 0.999973 -0.00412671 -1.87694 -0.0124458 0.00405155 0.999914 115.264 
0.999859 0.00905244 0.0141119 -1.61469 -0.008998 0.999952 -0.0039138 -1.90818 -0.0141467 0.00378631 0.999893 116.6 
0.999825 0.0103109 0.015638 -1.61678 -0.0102777 0.999945 -0.00220223 -1.92853 -0.0156598 0.00204117 0.999875 117.98 
0.999805 0.0104968 0.0167326 -1.62021 -0.0104915 0.999945 -0.000402771 -1.9494 -0.0167359 0.000227184 0.99986 119.342 
0.999797 0.00962161 0.0177013 -1.62666 -0.00962886 0.999954 0.000326729 -1.97972 -0.0176974 -0.000497065 0.999843 120.697 
0.999766 0.01029 0.0190461 -1.6294 -0.0102846 0.999947 -0.00038222 -2.00123 -0.019049 0.000186292 0.999819 122.029 
0.999731 0.0117442 0.0200043 -1.62877 -0.0117289 0.999931 -0.000882631 -2.02198 -0.0200134 0.000647806 0.9998 123.389 
0.999672 0.0139635 0.0214891 -1.6345 -0.0139381 0.999902 -0.00132748 -2.04246 -0.0215056 0.00102757 0.999768 124.739 
0.999627 0.014753 0.0229975 -1.63302 -0.0146934 0.999888 -0.0027543 -2.06349 -0.0230356 0.0024154 0.999732 126.094 
0.99959 0.0159952 0.0237562 -1.62327 -0.0159116 0.999867 -0.00370462 -2.08597 -0.0238123 0.00332514 0.999711 127.481 
0.999561 0.0157631 0.0250849 -1.61737 -0.0156663 0.999869 -0.00404753 -2.11206 -0.0251455 0.00365281 0.999677 128.83 
0.999542 0.0150785 0.0262451 -1.61742 -0.0150097 0.999883 -0.00281485 -2.138 -0.0262846 0.00241967 0.999652 130.199 
0.999528 0.0138289 0.0274513 -1.60933 -0.0137713 0.999903 -0.00228693 -2.15763 -0.0274803 0.00190785 0.999621 131.557 
0.999523 0.0134093 0.0278283 -1.60393 -0.0133433 0.999908 -0.0025571 -2.17346 -0.0278601 0.0021846 0.999609 132.931 
0.999545 0.0110946 0.0280415 -1.59737 -0.0110418 0.999937 -0.00203479 -2.20459 -0.0280624 0.00172428 0.999605 134.278 
0.999567 0.0093139 0.027897 -1.58249 -0.00928215 0.999956 -0.0012658 -2.23082 -0.0279076 0.00100635 0.99961 135.631 
0.999585 0.00771885 0.027761 -1.57601 -0.00768053 0.999969 -0.00148507 -2.25801 -0.0277717 0.00127127 0.999614 136.991 
0.999618 0.0063882 0.0268796 -1.57046 -0.00635166 0.999979 -0.00144315 -2.28536 -0.0268883 0.00127191 0.999638 138.351 
0.999647 0.00520053 0.026066 -1.56234 -0.00518346 0.999986 -0.000720582 -2.3087 -0.0260694 0.000585257 0.99966 139.698 
0.999676 0.00400184 0.0251324 -1.55292 -0.00398825 0.999992 -0.00058901 -2.33546 -0.0251346 0.000488626 0.999684 141.045 
0.999704 0.00363587 0.0240763 -1.54996 -0.00362531 0.999993 -0.00048069 -2.36337 -0.024078 0.000393305 0.99971 142.377 
0.999724 0.00308204 0.023278 -1.55144 -0.00307057 0.999995 -0.000526432 -2.39426 -0.0232796 0.000454852 0.999729 143.731 
0.999738 0.00317313 0.022661 -1.55568 -0.00315641 0.999995 -0.000771309 -2.42076 -0.0226633 0.000699621 0.999743 145.08 
0.999758 0.00095136 0.0219728 -1.55225 -0.00088827 0.999996 -0.00287892 -2.44765 -0.0219755 0.00285875 0.999754 146.43 
0.999773 -0.00463423 0.0208212 -1.54594 0.00470006 0.999984 -0.00311187 -2.47391 -0.0208065 0.00320906 0.999778 147.774 
0.999727 -0.0120079 0.0200549 -1.53729 0.0120242 0.999928 -0.000687622 -2.49889 -0.0200453 0.00092862 0.999799 149.11 
0.999659 -0.0187616 0.0181865 -1.52258 0.0187514 0.999824 0.000734498 -2.51904 -0.0181971 -0.000393182 0.999834 150.473 
0.999609 -0.0219642 0.0173194 -1.51735 0.0220089 0.999755 -0.00239278 -2.54573 -0.0172627 0.00277307 0.999847 151.817 
0.999624 -0.0209832 0.017645 -1.51586 0.0210886 0.999761 -0.00581063 -2.56926 -0.0175189 0.0061806 0.999827 153.184 
0.999676 -0.0174825 0.0185181 -1.51856 0.017632 0.999813 -0.00793825 -2.60006 -0.0183759 0.00826223 0.999797 154.544 
0.99966 -0.0175288 0.0193199 -1.51721 0.0176879 0.999811 -0.00809396 -2.63252 -0.0191745 0.00843297 0.999781 155.903 
0.999584 -0.0207024 0.0200637 -1.50492 0.0207971 0.999774 -0.00452146 -2.66493 -0.0199656 0.00493689 0.999789 157.286 
0.999462 -0.0258678 0.0201569 -1.48149 0.02591 0.999663 -0.00182872 -2.68941 -0.0201028 0.00235004 0.999795 158.659 
0.999364 -0.0292112 0.0204547 -1.47492 0.0292319 0.999572 -0.000709792 -2.71194 -0.0204253 0.00130731 0.999791 160.012 
0.999307 -0.0308479 0.0208277 -1.46793 0.0308665 0.999523 -0.000571983 -2.73951 -0.0208002 0.00121451 0.999783 161.371 
0.999337 -0.0290729 0.0219363 -1.46516 0.0290752 0.999577 0.000214646 -2.76694 -0.0219333 0.000423342 0.999759 162.724 
0.999429 -0.0246085 0.0231524 -1.46233 0.0246374 0.999696 -0.00096528 -2.78903 -0.0231217 0.00153519 0.999732 164.086 
0.999478 -0.0211966 0.024367 -1.46398 0.0212716 0.99977 -0.00281945 -2.82192 -0.0243016 0.00333635 0.999699 165.442 
0.999511 -0.0185886 0.0251298 -1.45726 0.0186764 0.99982 -0.00326153 -2.84848 -0.0250647 0.00372931 0.999679 166.807 
0.999525 -0.0166524 0.0259183 -1.4571 0.0167163 0.999858 -0.00224745 -2.87594 -0.0258773 0.00267968 0.999662 168.174 
0.99956 -0.015019 0.0255865 -1.44438 0.0150856 0.999883 -0.00241241 -2.90516 -0.0255474 0.00279738 0.99967 169.551 
0.999603 -0.0127576 0.0251216 -1.43618 0.0128855 0.999905 -0.00493376 -2.93401 -0.0250563 0.00525555 0.999672 170.913 
0.999652 -0.0086387 0.0249164 -1.43516 0.00883156 0.999932 -0.00763873 -2.96548 -0.0248488 0.00785617 0.99966 172.269 
0.999692 -0.00307554 0.0246122 -1.42866 0.00329861 0.999954 -0.00902647 -2.99795 -0.0245833 0.00910492 0.999656 173.642 
0.99968 0.00155813 0.0252606 -1.43134 -0.00135881 0.999968 -0.00790409 -3.03587 -0.0252721 0.00786727 0.99965 175.033 
0.999641 0.00520427 0.0262929 -1.43395 -0.00504204 0.999968 -0.00623125 -3.06399 -0.0263246 0.00609649 0.999635 176.425 
0.99964 0.0053738 0.0263047 -1.42215 -0.00526575 0.999977 -0.00417324 -3.09297 -0.0263266 0.00403326 0.999645 177.815 
0.999666 0.00258673 0.0257202 -1.41314 -0.00249563 0.999991 -0.00357156 -3.11992 -0.0257292 0.00350622 0.999663 179.204 
0.999709 0.000420381 0.0241359 -1.40844 -0.000335734 0.999994 -0.00350924 -3.14742 -0.0241373 0.00350015 0.999703 180.589 
0.999758 0.000540251 0.022007 -1.39474 -0.000371145 0.99997 -0.00768557 -3.17784 -0.0220105 0.00767558 0.999728 181.985 
0.999779 0.00256924 0.0208478 -1.39376 -0.00232462 0.999928 -0.0117474 -3.21458 -0.0208765 0.0116964 0.999714 183.377 
0.99977 0.00693983 0.0202844 -1.39838 -0.00669528 0.999904 -0.0120971 -3.25822 -0.0203664 0.0119586 0.999721 184.78 
0.999737 0.0102198 0.0205545 -1.40835 -0.00999462 0.999889 -0.0110271 -3.2944 -0.020665 0.0108188 0.999728 186.211 
0.999701 0.0121251 0.0212285 -1.41372 -0.0119654 0.999899 -0.00763037 -3.32698 -0.0213189 0.00737412 0.999746 187.622 
0.999696 0.0125476 0.0212292 -1.4086 -0.0124242 0.999905 -0.00593142 -3.34808 -0.0213016 0.00566591 0.999757 189.116 
0.999695 0.0121423 0.0214959 -1.4087 -0.0120369 0.999915 -0.00502184 -3.37867 -0.0215551 0.0047616 0.999756 190.562 
0.999723 0.00939735 0.0215982 -1.40164 -0.00930675 0.999948 -0.00428975 -3.40203 -0.0216374 0.00408759 0.999758 192.009 
0.999744 0.00679588 0.0215884 -1.39443 -0.00671582 0.99997 -0.00377689 -3.4305 -0.0216135 0.00363098 0.99976 193.449 
0.999758 0.00423833 0.0215709 -1.38683 -0.00415896 0.999984 -0.00372081 -3.45701 -0.0215864 0.00363024 0.99976 194.882 
0.999759 0.000698561 0.0219473 -1.37736 -0.000645182 0.999997 -0.00243717 -3.48677 -0.0219489 0.00242246 0.999756 196.321 
0.999741 -0.00327892 0.0225367 -1.37141 0.00330058 0.999994 -0.000921983 -3.51125 -0.0225336 0.00099617 0.999746 197.756 
0.999722 -0.00578583 0.0228657 -1.35637 0.00581101 0.999983 -0.00103293 -3.53446 -0.0228594 0.00116556 0.999738 199.213 
0.999723 -0.00375805 0.0232336 -1.34803 0.00388544 0.999978 -0.00543874 -3.56001 -0.0232127 0.00552755 0.999715 200.657 
0.999713 0.00399675 0.0236236 -1.34674 -0.0037479 0.999937 -0.0105668 -3.59059 -0.0236644 0.0104752 0.999665 202.086 
0.999608 0.0126927 0.0249625 -1.35374 -0.0124353 0.999868 -0.0104397 -3.62794 -0.0250917 0.0101253 0.999634 203.515 
0.999449 0.02038 0.0262039 -1.36147 -0.0202024 0.999771 -0.00702617 -3.66125 -0.0263411 0.00649296 0.999632 204.975 
0.999403 0.0213329 0.0271612 -1.35656 -0.0212123 0.999764 -0.00471732 -3.69287 -0.0272555 0.00413839 0.99962 206.442 
0.999455 0.019268 0.0268008 -1.34267 -0.0191614 0.999808 -0.004229 -3.71902 -0.0268772 0.0037132 0.999632 207.894 
0.999544 0.0158953 0.0256563 -1.32924 -0.0157899 0.999866 -0.00430447 -3.74783 -0.0257213 0.00389744 0.999662 209.353 
0.999598 0.0138818 0.0247424 -1.31751 -0.0137709 0.999894 -0.00464329 -3.78026 -0.0248043 0.00430074 0.999683 210.822 
0.999595 0.0145787 0.0244527 -1.31298 -0.0144541 0.999882 -0.00525994 -3.80971 -0.0245266 0.0049044 0.999687 212.29 
0.999575 0.0159294 0.02441 -1.30364 -0.0158111 0.999862 -0.00503122 -3.83899 -0.0244868 0.00464318 0.999689 213.766 
0.999551 0.0172724 0.0244864 -1.29861 -0.0171782 0.999844 -0.00405106 -3.87144 -0.0245526 0.00362865 0.999692 215.25 
0.999569 0.0163927 0.0243645 -1.29031 -0.0162837 0.999857 -0.00466425 -3.90172 -0.0244375 0.00426553 0.999692 216.723 
0.999573 0.016334 0.0242367 -1.28651 -0.016205 0.999854 -0.0055067 -3.9336 -0.0243231 0.00511164 0.999691 218.194 
0.999581 0.015861 0.0242014 -1.28124 -0.0157247 0.99986 -0.00580696 -3.96548 -0.0242901 0.00542401 0.99969 219.667 
0.999586 0.0162009 0.023775 -1.27203 -0.0160595 0.999852 -0.00612293 -3.99377 -0.0238708 0.00573862 0.999699 221.154 
0.999565 0.0166873 0.0243285 -1.27745 -0.0165423 0.999844 -0.00614847 -4.02993 -0.0244273 0.00574338 0.999685 222.641 
0.999565 0.0167975 0.0242543 -1.27099 -0.0166481 0.999841 -0.0063496 -4.06267 -0.0243572 0.00594309 0.999686 224.125 
0.999556 0.0181341 0.0236497 -1.26906 -0.0179847 0.999817 -0.0065115 -4.09815 -0.0237634 0.00608331 0.999699 225.605 
0.999558 0.0180525 0.0236068 -1.2686 -0.0179052 0.999819 -0.00643348 -4.1322 -0.0237187 0.006008 0.999701 227.087 
0.999552 0.0185675 0.0234847 -1.27197 -0.0184242 0.99981 -0.00630456 -4.17023 -0.0235973 0.00586909 0.999704 228.582 
0.999576 0.0174248 0.0233483 -1.26207 -0.0172797 0.99983 -0.00639759 -4.20168 -0.0234558 0.00599146 0.999707 230.089 
0.999581 0.0163985 0.0238539 -1.2562 -0.0162441 0.999846 -0.00665199 -4.232 -0.0239594 0.00626176 0.999693 231.599 
0.999593 0.0152886 0.024075 -1.24965 -0.0151424 0.999866 -0.00624123 -4.26996 -0.0241673 0.00587418 0.999691 233.106 
0.999608 0.013606 0.0244835 -1.24487 -0.0134748 0.999894 -0.00551004 -4.30349 -0.0245559 0.00517801 0.999685 234.63 
0.999608 0.0137705 0.0243638 -1.23828 -0.0136487 0.999894 -0.00515679 -4.33817 -0.0244323 0.00482228 0.99969 236.157 
0.999593 0.0143586 0.024643 -1.23302 -0.01422 0.999882 -0.00578987 -4.3664 -0.0247233 0.00543713 0.99968 237.679 
0.999565 0.0153394 0.0251905 -1.23063 -0.015182 0.999864 -0.00642594 -4.39922 -0.0252857 0.00604075 0.999662 239.199 
0.999539 0.0162363 0.0256547 -1.22364 -0.0160941 0.999854 -0.00573973 -4.43392 -0.0257442 0.00532423 0.999654 240.708 
0.999517 0.0167685 0.0261759 -1.21197 -0.0166772 0.999854 -0.00370015 -4.47028 -0.0262342 0.00326186 0.999651 242.222 
0.999489 0.0172172 0.0269251 -1.20411 -0.0171261 0.999847 -0.00360647 -4.49146 -0.0269831 0.00314355 0.999631 243.737 
0.999465 0.0174809 0.0276328 -1.19638 -0.0173378 0.999835 -0.0054099 -4.52058 -0.0277229 0.00492795 0.999604 245.269 
0.999432 0.0182636 0.0283117 -1.18427 -0.0180672 0.999811 -0.00717531 -4.54687 -0.0284375 0.00665977 0.999573 246.814 
0.999398 0.0191674 0.0289217 -1.17089 -0.018984 0.999798 -0.00659937 -4.58318 -0.0290424 0.00604638 0.99956 248.347 
0.999401 0.0189835 0.0289373 -1.1546 -0.0188254 0.999806 -0.00572251 -4.61753 -0.0290404 0.00517436 0.999565 249.88 
0.999409 0.0189464 0.0286725 -1.13786 -0.0188069 0.99981 -0.00512757 -4.65112 -0.0287643 0.00458535 0.999576 251.437 
0.999403 0.0196732 0.0284117 -1.1213 -0.0195263 0.999795 -0.00543792 -4.67762 -0.0285129 0.00487994 0.999582 252.99 
0.999365 0.0212097 0.0286268 -1.10248 -0.0210698 0.999765 -0.00517713 -4.71057 -0.0287299 0.00457073 0.999577 254.541 
0.999328 0.0225982 0.0288453 -1.08676 -0.0224504 0.999733 -0.0054362 -4.73859 -0.0289605 0.004785 0.999569 256.109 
0.999296 0.023538 0.0292126 -1.07523 -0.0233971 0.999713 -0.00515338 -4.77197 -0.0293255 0.0044663 0.99956 257.665 
0.999328 0.0222354 0.0291457 -1.05132 -0.0220837 0.999741 -0.00551327 -4.79787 -0.0292608 0.00486596 0.99956 259.22 
0.99936 0.020591 0.0292474 -1.03907 -0.0204533 0.999778 -0.00499852 -4.82563 -0.0293439 0.00439715 0.99956 260.769 
0.999402 0.0184375 0.0292524 -1.02012 -0.0183213 0.999823 -0.00423287 -4.86118 -0.0293254 0.00369444 0.999563 262.304 
0.999437 0.0171035 0.0288531 -0.999727 -0.0169693 0.999844 -0.00488936 -4.89717 -0.0289323 0.00439703 0.999572 263.855 
0.999462 0.0158342 0.0287074 -0.978644 -0.0156691 0.999859 -0.00596492 -4.93169 -0.0287978 0.00551193 0.99957 265.427 
0.999462 0.0137916 0.0297619 -0.967761 -0.0136679 0.999897 -0.00435248 -4.96362 -0.0298189 0.00394339 0.999548 266.988 
0.999467 0.0118735 0.0303983 -0.949868 -0.0117908 0.999926 -0.00289416 -4.98965 -0.0304305 0.00253424 0.999534 268.512 
0.999471 0.0108121 0.0306875 -0.940576 -0.010702 0.999936 -0.00374552 -5.02256 -0.0307261 0.00341516 0.999522 270.052 
0.999454 0.0102146 0.0314096 -0.923117 -0.0100666 0.999938 -0.00486214 -5.05065 -0.0314573 0.00454334 0.999495 271.592 
0.999427 0.011216 0.031924 -0.899682 -0.0110575 0.999926 -0.0051367 -5.08623 -0.0319793 0.0047808 0.999477 273.16 
0.999381 0.0128755 0.0327532 -0.876299 -0.0127132 0.999906 -0.00515847 -5.12152 -0.0328166 0.00473892 0.99945 274.716 
0.999318 0.0147996 0.0338427 -0.866065 -0.0146156 0.999877 -0.00567567 -5.15743 -0.0339226 0.0051772 0.999411 276.257 
0.999256 0.0161014 0.0350354 -0.846816 -0.0158991 0.999855 -0.00604595 -5.19274 -0.0351277 0.00548447 0.999368 277.827 
0.999218 0.0166183 0.0358735 -0.822562 -0.0164055 0.999846 -0.00621817 -5.23122 -0.0359714 0.00562482 0.999337 279.371 
0.999174 0.017043 0.0368904 -0.799262 -0.0167928 0.999834 -0.00708011 -5.26786 -0.0370049 0.00645481 0.999294 280.92 
0.999153 0.0159836 0.0379109 -0.769444 -0.0157023 0.999847 -0.0077056 -5.30183 -0.0380283 0.00710383 0.999251 282.51 
0.999125 0.015272 0.0389252 -0.737566 -0.0149993 0.999861 -0.00728846 -5.34195 -0.0390311 0.00669828 0.999216 284.042 
0.999126 0.0141402 0.0393443 -0.700117 -0.0138999 0.999883 -0.00637127 -5.37683 -0.0394298 0.00581885 0.999205 285.636 
0.999121 0.0131787 0.0397992 -0.667772 -0.0129531 0.999899 -0.00592009 -5.41428 -0.0398732 0.00539941 0.99919 287.185 
0.999131 0.0125434 0.0397396 -0.631164 -0.0122144 0.999889 -0.0085102 -5.44882 -0.039842 0.00801745 0.999174 288.745 
0.99914 0.0110901 0.0399599 -0.607809 -0.0106713 0.999886 -0.0106757 -5.48887 -0.0400738 0.0102401 0.999144 290.278 
0.999155 0.0115 0.0394564 -0.575351 -0.01109 0.999882 -0.0105949 -5.53286 -0.0395737 0.0101484 0.999165 291.808 
0.999216 0.0103986 0.0382018 -0.540173 -0.0100155 0.999898 -0.0102063 -5.57422 -0.038304 0.00981574 0.999218 293.365 
0.999253 0.0100729 0.0373088 -0.516096 -0.00968651 0.999898 -0.0105229 -5.61954 -0.0374111 0.0101537 0.999248 294.94 
0.999265 0.0104338 0.0368973 -0.490371 -0.0100361 0.99989 -0.0109476 -5.65695 -0.0370075 0.0105693 0.999259 296.51 
0.9993 0.00999793 0.036064 -0.460232 -0.00964154 0.999903 -0.0100414 -5.70524 -0.0361609 0.00968673 0.999299 298.085 
0.999349 0.00861397 0.0350431 -0.436861 -0.00827367 0.999917 -0.00984315 -5.74345 -0.035125 0.00954684 0.999337 299.692 
0.999372 0.00955153 0.0341299 -0.41056 -0.00927106 0.999922 -0.00836508 -5.79061 -0.0342072 0.00804345 0.999382 301.245 
0.999371 0.0119149 0.0334102 -0.383775 -0.0116789 0.999906 -0.00724692 -5.82555 -0.0334934 0.0068522 0.999415 302.846 
0.999346 0.0116138 0.0342472 -0.367893 -0.0113679 0.999908 -0.0073661 -5.85281 -0.0343297 0.006972 0.999386 304.448 
0.999303 0.0125004 0.0351733 -0.350461 -0.012229 0.999894 -0.00792006 -5.88394 -0.0352686 0.00748445 0.99935 306.072 
0.999306 0.0110552 0.0355588 -0.330709 -0.0107812 0.999911 -0.00788695 -5.9241 -0.0356429 0.00749815 0.999337 307.686 
0.999328 0.00897109 0.0355337 -0.298338 -0.00866309 0.999924 -0.00881118 -5.96153 -0.03561 0.00849747 0.99933 309.293 
0.999329 0.00752019 0.0358508 -0.270616 -0.00714789 0.999919 -0.0105006 -6.00199 -0.0359269 0.0102373 0.999302 310.932 
0.999355 0.00669854 0.0352723 -0.235179 -0.00629366 0.999913 -0.0115762 -6.04513 -0.0353468 0.0113468 0.999311 312.547 
0.999426 0.00730213 0.0330763 -0.207213 -0.00689045 0.999898 -0.0125419 -6.08739 -0.0331646 0.0123068 0.999374 314.187 
0.999492 0.00806691 0.030845 -0.18353 -0.00771136 0.999903 -0.011627 -6.13578 -0.0309358 0.0113833 0.999457 315.822 
0.999488 0.00919885 0.0306591 -0.175497 -0.00894913 0.999926 -0.00827096 -6.17548 -0.0307329 0.00799239 0.999496 317.463 
0.999486 0.00744751 0.0311877 -0.153449 -0.00728807 0.99996 -0.00522148 -6.21213 -0.0312254 0.00499154 0.9995 319.091 
0.999496 0.00652894 0.031064 -0.126937 -0.00638682 0.999969 -0.00467078 -6.24452 -0.0310935 0.00447007 0.999507 320.732 
0.999503 0.00523493 0.031092 -0.102534 -0.00504981 0.999969 -0.00602783 -6.2736 -0.0311226 0.00586787 0.999498 322.383 
0.99949 0.00398996 0.0316791 -0.087716 -0.00380204 0.999975 -0.00598866 -6.31671 -0.0317022 0.0058652 0.99948 324.032 
0.999461 0.00384498 0.0326164 -0.0870421 -0.0036638 0.999978 -0.00561156 -6.35435 -0.0326373 0.00548907 0.999452 325.677 
0.999432 0.00421308 0.0334371 -0.0677848 -0.00401953 0.999975 -0.00585228 -6.38946 -0.0334609 0.0057146 0.999424 327.338 
0.999406 0.00533635 0.0340356 -0.0528603 -0.0051079 0.999964 -0.00679417 -6.42688 -0.0340707 0.00661633 0.999398 328.991 
0.999378 0.00619286 0.0347131 -0.0319617 -0.00593872 0.999955 -0.00741801 -6.46354 -0.0347575 0.00720729 0.99937 330.648 
0.999336 0.00511975 0.0360731 -0.0224434 -0.00492541 0.999973 -0.00547306 -6.5002 -0.0361002 0.00529179 0.999334 332.278 
0.999331 0.00414505 0.0363252 0.000393672 -0.00397356 0.999981 -0.00479075 -6.53352 -0.0363444 0.00464325 0.999329 333.901 
0.99933 0.00318604 0.0364613 0.0329874 -0.00297614 0.999979 -0.00580853 -6.57435 -0.0364791 0.00569616 0.999318 335.556 
0.999277 0.00473262 0.0377261 0.0223993 -0.00451626 0.999973 -0.0058168 -6.60882 -0.0377527 0.00564226 0.999271 337.162 
0.999278 0.0063118 0.0374545 0.0527836 -0.00601924 0.999951 -0.00791763 -6.64747 -0.0375027 0.00768651 0.999267 338.789 
0.999268 0.0079174 0.0374242 0.0677106 -0.00752351 0.999915 -0.0106529 -6.69072 -0.0375054 0.0103636 0.999243 340.404 
0.999268 0.00936397 0.0370892 0.0855426 -0.00899003 0.999907 -0.0102351 -6.73346 -0.0371817 0.00989419 0.99926 342.03 
0.999289 0.0100839 0.0363274 0.105315 -0.00985193 0.99993 -0.00655817 -6.77829 -0.036391 0.00619566 0.999318 343.651 
0.999319 0.0105764 0.0353397 0.126392 -0.0104516 0.999939 -0.00371327 -6.81645 -0.0353768 0.00334142 0.999369 345.264 
0.999348 0.0111682 0.0343416 0.151531 -0.0110016 0.999927 -0.00503374 -6.8511 -0.0343954 0.00465268 0.999398 346.868 
0.999405 0.0105324 0.032843 0.164086 -0.0103258 0.999926 -0.00645353 -6.88926 -0.0329085 0.0061106 0.99944 348.495 
0.999469 0.00920403 0.0312708 0.188107 -0.00904883 0.999946 -0.00509973 -6.92817 -0.0313161 0.0048141 0.999498 350.119 
0.999507 0.0075014 0.0304923 0.211336 -0.00737681 0.999964 -0.00419482 -6.97242 -0.0305227 0.00396786 0.999526 351.754 
0.999521 0.00720268 0.0301044 0.226254 -0.00704573 0.999961 -0.00531503 -7.00355 -0.0301416 0.00510042 0.999533 353.375 
0.999532 0.00674377 0.0298261 0.243562 -0.0065641 0.99996 -0.00611633 -7.03905 -0.0298662 0.00591773 0.999536 355.001 
0.999533 0.00631543 0.0298948 0.264819 -0.00612846 0.999961 -0.00634021 -7.07343 -0.0299338 0.00615408 0.999533 356.63 
0.999536 0.00578939 0.0299141 0.283675 -0.0056007 0.999964 -0.00638609 -7.11109 -0.02995 0.00621563 0.999532 358.226 
0.999536 0.00535752 0.0299743 0.303741 -0.00514606 0.999961 -0.00712609 -7.14589 -0.0300114 0.00696858 0.999525 359.873 
0.99953 0.00514961 0.0302363 0.320917 -0.00491745 0.999958 -0.00774609 -7.18742 -0.030275 0.0075938 0.999513 361.483 
0.99953 0.0045421 0.0303091 0.336611 -0.00431905 0.999963 -0.00741911 -7.22909 -0.0303417 0.00728476 0.999513 363.091 
0.999518 0.00474286 0.0306821 0.353767 -0.00449178 0.999956 -0.00824559 -7.26906 -0.0307199 0.00810384 0.999495 364.686 
0.99953 0.00375416 0.0304373 0.384407 -0.00346746 0.999949 -0.00946539 -7.31339 -0.0304714 0.00935544 0.999492 366.294 
0.999533 0.00213445 0.0304711 0.401419 -0.00190199 0.999969 -0.00765425 -7.34985 -0.0304865 0.00759277 0.999506 367.906 
0.999542 0.000623037 0.0302657 0.42782 -0.000413233 0.999976 -0.00693639 -7.38491 -0.0302694 0.00692074 0.999518 369.516 
0.999551 0.000211677 0.0299596 0.451873 2.43301e-05 0.999969 -0.0078755 -7.42469 -0.0299603 0.00787274 0.99952 371.117 
0.99954 0.00152041 0.0302812 0.466718 -0.00126484 0.999963 -0.00845591 -7.46445 -0.030293 0.00841376 0.999506 372.716 
0.999528 0.00313926 0.0305718 0.48231 -0.00290415 0.999966 -0.00773047 -7.49939 -0.0305951 0.00763807 0.999503 374.321 
0.999503 0.0046622 0.0311751 0.491101 -0.00443504 0.999963 -0.00735048 -7.52795 -0.0312082 0.00720861 0.999487 375.922 
0.999493 0.00460771 0.0315171 0.513152 -0.00437406 0.999963 -0.00747685 -7.56962 -0.0315504 0.00733524 0.999475 377.542 
0.999494 0.00429016 0.0315338 0.53477 -0.00403446 0.999959 -0.00816639 -7.61363 -0.0315676 0.00803508 0.999469 379.15 
0.999482 0.00478216 0.031827 0.548976 -0.0045026 0.999951 -0.00884839 -7.64372 -0.0318678 0.00870054 0.999454 380.775 
0.999464 0.00504313 0.0323388 0.571899 -0.00474927 0.999947 -0.009156 -7.68204 -0.0323833 0.00899755 0.999435 382.391 
0.99946 0.00615832 0.0322734 0.596081 -0.00587263 0.999943 -0.00893812 -7.72806 -0.0323267 0.00874381 0.999439 384.015 
0.999446 0.00786009 0.0323509 0.627299 -0.00756043 0.999928 -0.0093734 -7.7489 -0.0324222 0.00912365 0.999433 385.679 
0.999435 0.00886671 0.0324207 0.653302 -0.00855016 0.999915 -0.00988812 -7.78949 -0.0325056 0.00960537 0.999425 387.331 
0.999425 0.00946128 0.0325582 0.674281 -0.00912019 0.999902 -0.0106075 -7.83148 -0.0326554 0.0103045 0.999414 388.973 
0.999422 0.0100032 0.0324792 0.70256 -0.00965627 0.999895 -0.0108205 -7.87223 -0.032584 0.0105007 0.999414 390.6 
0.999403 0.0115001 0.0325741 0.728774 -0.011174 0.999886 -0.0101738 -7.91068 -0.0326874 0.00980375 0.999418 392.213 
0.999371 0.0127696 0.0330714 0.744497 -0.0124482 0.999874 -0.00990375 -7.95411 -0.0331937 0.00948589 0.999404 393.852 
0.999352 0.0136458 0.0333006 0.768809 -0.013299 0.999855 -0.0106115 -7.99741 -0.0334407 0.0101618 0.999389 395.485 
0.999339 0.0136303 0.0336879 0.789359 -0.0132865 0.999858 -0.0104074 -8.04266 -0.033825 0.00995294 0.999378 397.118 
0.999349 0.0131181 0.0336207 0.821954 -0.012787 0.999868 -0.0100438 -8.08102 -0.033748 0.00960743 0.999384 398.773 
0.999347 0.0130232 0.0336983 0.847941 -0.0126622 0.99986 -0.0109011 -8.1276 -0.0338356 0.0104673 0.999373 400.396 
0.999343 0.0124086 0.034056 0.871272 -0.0120094 0.999857 -0.0118988 -8.17314 -0.0341989 0.011482 0.999349 402.016 
0.999343 0.0119861 0.0342032 0.896122 -0.0115817 0.999861 -0.0119949 -8.22015 -0.0343423 0.0115909 0.999343 403.662 
0.999342 0.0111162 0.0345199 0.920155 -0.0107523 0.999885 -0.0107087 -8.25788 -0.034635 0.0103305 0.999347 405.332 
0.999357 0.00961115 0.034538 0.950501 -0.00929274 0.999913 -0.00936662 -8.29797 -0.0346251 0.00903969 0.99936 407.009 
0.999368 0.00784088 0.0346637 0.982899 -0.00750908 0.999925 -0.00969054 -8.34774 -0.0347372 0.00942417 0.999352 408.643 
0.999376 0.00665041 0.0347011 1.01487 -0.00629634 0.999927 -0.0103014 -8.39275 -0.0347671 0.0100765 0.999345 410.284 
