1 2.12261e-08 -2.11895e-08 0 2.12261e-08 1 2.10703e-08 0 -2.11895e-08 2.10703e-08 1 0 
0.999996 -0.00199665 -0.00177821 -0.00510584 0.0019955 0.999998 -0.000673641 -0.0124655 0.00177951 0.000670133 0.999998 0.569464 
0.999992 -0.00249243 -0.00300686 -0.0163515 0.00248637 0.999995 -0.0020326 -0.0252686 0.00301186 0.00202515 0.999993 1.14613 
0.999984 -0.00281814 -0.00497618 -0.0289199 0.00280144 0.99999 -0.00336828 -0.03901 0.00498558 0.00335433 0.999982 1.71237 
0.999966 -0.00485422 -0.00663328 -0.045926 0.00481959 0.999975 -0.00523415 -0.0463226 0.00665848 0.00520205 0.999964 2.27558 
0.999938 -0.00728903 -0.00845535 -0.0507803 0.00722896 0.999949 -0.0071173 -0.0587991 0.00850675 0.00705578 0.999939 2.85247 
0.999913 -0.00863467 -0.00993671 -0.062282 0.00855551 0.999932 -0.00798577 -0.0678033 0.0100049 0.0079001 0.999919 3.4326 
0.999895 -0.00892765 -0.0114007 -0.0778434 0.00884334 0.999933 -0.00742809 -0.079305 0.0114663 0.00732653 0.999907 4.0218 
0.999876 -0.00938383 -0.0126392 -0.0946286 0.00928719 0.999927 -0.00768649 -0.0961933 0.0127103 0.0075682 0.999891 4.61189 
0.999871 -0.00858653 -0.0135705 -0.119199 0.00844878 0.999913 -0.0101782 -0.114875 0.0136567 0.0100622 0.999856 5.21205 
0.999868 -0.00670405 -0.0147756 -0.142521 0.0064947 0.999878 -0.0141741 -0.127543 0.0148687 0.0140763 0.99979 5.81683 
0.99986 -0.00537726 -0.0158561 -0.165098 0.00509467 0.999828 -0.0178117 -0.144283 0.0159491 0.0177285 0.999716 6.43089 
0.999854 -0.00350829 -0.0167414 -0.195384 0.00320749 0.999834 -0.0179632 -0.153787 0.0168016 0.0179069 0.999699 7.06005 
0.999839 -0.000991743 -0.0179461 -0.224274 0.000792062 0.999938 -0.0111328 -0.164187 0.017956 0.0111168 0.999777 7.72116 
0.999822 -4.88672e-05 -0.018881 -0.249658 3.47822e-05 1 -0.000748544 -0.175248 0.018881 0.000747797 0.999821 8.38687 
0.999808 0.00108003 -0.0195595 -0.279752 -0.000967235 0.999983 0.0057731 -0.187779 0.0195653 -0.00575304 0.999792 9.07206 
0.999783 0.00337237 -0.0205428 -0.315229 -0.00327323 0.999983 0.00485556 -0.203602 0.0205587 -0.00478723 0.999777 9.7544 
0.99976 0.00549576 -0.0212252 -0.35042 -0.00554513 0.999982 -0.00227018 -0.213881 0.0212123 0.00238737 0.999772 10.4504 
0.999737 0.00517625 -0.0223385 -0.380817 -0.00536688 0.99995 -0.00848413 -0.21196 0.0222934 0.00860183 0.999715 11.1679 
0.999714 0.00289668 -0.0237484 -0.403415 -0.00306146 0.999972 -0.00690712 -0.212478 0.0237277 0.00697789 0.999694 11.9064 
0.999707 0.00159764 -0.0241512 -0.435738 -0.00153963 0.999996 0.00241848 -0.222921 0.0241549 -0.00238054 0.999705 12.6781 
0.999695 0.00149191 -0.0246689 -0.47031 -0.0012491 0.999951 0.00985344 -0.231919 0.0246824 -0.00981958 0.999647 13.4618 
0.999682 0.00055158 -0.0252309 -0.504966 -0.000236964 0.999922 0.0124691 -0.237584 0.0252358 -0.0124591 0.999604 14.2609 
0.999676 -0.00151693 -0.025403 -0.53641 0.00180643 0.999934 0.0113757 -0.235748 0.0253841 -0.0114179 0.999613 15.0729 
0.999691 -0.00187012 -0.0247957 -0.572583 0.0020933 0.999958 0.00897594 -0.236433 0.0247779 -0.00902503 0.999652 15.895 
0.999709 0.000831015 -0.0241295 -0.615898 -0.000702163 0.999986 0.0053463 -0.236605 0.0241335 -0.00532776 0.999695 16.7378 
0.999733 -0.00209699 -0.0230026 -0.653106 0.00209189 0.999998 -0.000247759 -0.242832 0.023003 0.000199617 0.999735 17.6032 
0.999736 -0.0051748 -0.0223801 -0.682713 0.00503214 0.999967 -0.00642776 -0.254562 0.0224126 0.00631349 0.999729 18.4751 
0.999761 -0.00448372 -0.0213805 -0.71906 0.00423251 0.999922 -0.0117826 -0.26524 0.0214316 0.0116894 0.999702 19.373 
0.999769 -0.00340425 -0.0212286 -0.759428 0.00313169 0.999912 -0.0128615 -0.279292 0.0212705 0.0127921 0.999692 20.2876 
0.999757 -0.00344423 -0.0217653 -0.792302 0.00317427 0.999918 -0.0124273 -0.296284 0.0218063 0.0123553 0.999686 21.2217 
0.999755 -0.00174151 -0.0220898 -0.827898 0.00143473 0.999902 -0.013898 -0.319644 0.0221118 0.0138629 0.999659 22.1665 
0.999758 0.00137133 -0.0219398 -0.867413 -0.00172357 0.99987 -0.0160462 -0.343782 0.0219149 0.0160802 0.999631 23.1238 
0.999738 0.0046698 -0.0224071 -0.909826 -0.00504682 0.999846 -0.0168008 -0.367525 0.0223252 0.0169095 0.999608 24.0965 
0.999724 0.00626739 -0.022622 -0.949831 -0.00664814 0.999837 -0.0167972 -0.392182 0.022513 0.016943 0.999603 25.0746 
0.99971 0.00685817 -0.0230739 -0.989912 -0.00725176 0.999829 -0.0170195 -0.420876 0.0229532 0.0171819 0.999589 26.0572 
0.999704 0.00676196 -0.0233839 -1.0281 -0.00715883 0.999831 -0.0169319 -0.44702 0.0232654 0.0170943 0.999583 27.0508 
0.999686 0.00758568 -0.0238836 -1.073 -0.00796263 0.999845 -0.0157294 -0.478024 0.0237605 0.0159147 0.999591 28.0571 
0.999665 0.00804065 -0.0246204 -1.11098 -0.00838325 0.999869 -0.0138454 -0.507299 0.0245058 0.0140472 0.999601 29.0733 
0.999652 0.00873765 -0.0248766 -1.16142 -0.00905543 0.999878 -0.0126918 -0.537089 0.0247626 0.0129127 0.99961 30.086 
0.999652 0.00863684 -0.0249244 -1.20941 -0.0089775 0.999867 -0.0135899 -0.568174 0.0248037 0.0138089 0.999597 31.1094 
0.999626 0.00961762 -0.0255916 -1.25266 -0.00999197 0.999844 -0.0145421 -0.595603 0.0254477 0.0147925 0.999567 32.1446 
0.999622 0.00948086 -0.0258273 -1.30219 -0.00984337 0.999854 -0.013947 -0.620115 0.0256912 0.014196 0.999569 33.1886 
0.999601 0.00903022 -0.0267468 -1.34536 -0.00933082 0.999894 -0.0111368 -0.649885 0.0266434 0.0113819 0.99958 34.2421 
0.999589 0.00943823 -0.0270797 -1.39541 -0.00964698 0.999925 -0.0075901 -0.673873 0.027006 0.00784826 0.999605 35.2964 
0.999571 0.00961319 -0.0276748 -1.4459 -0.00975823 0.999939 -0.0051122 -0.69837 0.0276239 0.00538011 0.999604 36.3652 
0.99956 0.00964839 -0.0280568 -1.49593 -0.00978672 0.999941 -0.00479851 -0.720327 0.0280088 0.00507102 0.999595 37.4366 
0.99954 0.00954182 -0.028795 -1.54453 -0.009735 0.999931 -0.00657763 -0.737814 0.0287302 0.00685497 0.999564 38.5092 
0.99951 0.0100108 -0.0296474 -1.59974 -0.0102345 0.99992 -0.00740237 -0.758344 0.0295708 0.00770222 0.999533 39.5923 
0.999486 0.00987775 -0.0304837 -1.65106 -0.0100758 0.999929 -0.00634992 -0.778981 0.0304188 0.00665385 0.999515 40.682 
0.999458 0.00965685 -0.031477 -1.70128 -0.0097958 0.999943 -0.00426447 -0.803987 0.031434 0.00457055 0.999495 41.7797 
0.99943 0.0101591 -0.0321984 -1.75408 -0.0102257 0.999946 -0.00190577 -0.82379 0.0321773 0.00223397 0.99948 42.874 
0.999411 0.0112723 -0.0324152 -1.81638 -0.0113538 0.999933 -0.00233113 -0.844484 0.0323867 0.00269783 0.999472 43.9608 
0.999389 0.0123534 -0.0326913 -1.87425 -0.0125554 0.999903 -0.00598355 -0.870276 0.0326142 0.00639039 0.999448 45.0403 
0.999374 0.0135502 -0.0326724 -1.93411 -0.0138913 0.999851 -0.0102371 -0.893879 0.0325287 0.0106846 0.999414 46.1253 
0.999368 0.0140452 -0.0326446 -1.99005 -0.0143955 0.999841 -0.0105245 -0.922949 0.0324916 0.0109879 0.999412 47.2111 
0.999359 0.0144756 -0.0327321 -2.04411 -0.0147469 0.999859 -0.00806309 -0.948698 0.0326107 0.00854066 0.999432 48.3018 
0.999362 0.0154202 -0.0322115 -2.10768 -0.0156267 0.999859 -0.00617172 -0.973443 0.0321118 0.00667119 0.999462 49.3798 
0.999383 0.013761 -0.0323291 -2.15715 -0.0139166 0.999893 -0.00459676 -1.00185 0.0322623 0.00504387 0.999467 50.4748 
0.999383 0.0141928 -0.0321297 -2.21038 -0.0143828 0.99988 -0.0056897 -1.02609 0.0320451 0.00614835 0.999468 51.5593 
0.9994 0.0133699 -0.0319592 -2.26249 -0.0136125 0.99988 -0.00738785 -1.05214 0.0318566 0.0078185 0.999462 52.6511 
0.999417 0.0133505 -0.0314111 -2.31743 -0.0136594 0.99986 -0.0096424 -1.07858 0.0312779 0.0100659 0.99946 53.7418 
0.999439 0.0118684 -0.0313092 -2.36754 -0.0122468 0.999854 -0.0119226 -1.11202 0.0311631 0.0122994 0.999439 54.8338 
0.999458 0.0103751 -0.0312371 -2.41858 -0.0108518 0.999827 -0.0151338 -1.14438 0.0310747 0.0154646 0.999397 55.927 
0.999482 0.00871634 -0.0309724 -2.47132 -0.0092423 0.999815 -0.0168806 -1.17704 0.0308195 0.0171581 0.999378 57.0229 
0.999499 0.00689416 -0.0308988 -2.5184 -0.0073579 0.999862 -0.0149212 -1.20691 0.0307916 0.0151411 0.999411 58.111 
0.999507 0.00554048 -0.0309021 -2.5674 -0.00582225 0.999942 -0.00903699 -1.23723 0.0308502 0.0092125 0.999482 59.2072 
0.99951 0.00445614 -0.0309763 -2.61628 -0.00454792 0.999986 -0.00289463 -1.26506 0.0309629 0.00303413 0.999516 60.3118 
0.999513 0.00278706 -0.0310682 -2.66601 -0.00285263 0.999994 -0.00206779 -1.28812 0.0310622 0.00215545 0.999515 61.4107 
0.999514 -0.000803579 -0.0311765 -2.71057 0.000650311 0.999988 -0.00492731 -1.3115 0.03118 0.00490468 0.999502 62.5062 
0.999497 -0.00239232 -0.0316104 -2.75818 0.00212788 0.999963 -0.00839786 -1.32997 0.0316293 0.00832642 0.999465 63.5957 
0.999489 -0.000675163 -0.0319555 -2.81124 0.000280886 0.999924 -0.0123425 -1.36058 0.0319614 0.0123272 0.999413 64.687 
0.999485 -0.000519547 -0.0320901 -2.86194 -1.69267e-05 0.99986 -0.0167165 -1.38855 0.0320942 0.0167085 0.999345 65.7779 
0.999497 0.00250167 -0.0316024 -2.91566 -0.00305598 0.999842 -0.0175051 -1.42005 0.0315536 0.0175929 0.999347 66.881 
0.999499 0.00647293 -0.0309863 -2.97432 -0.00689288 0.999886 -0.0134668 -1.46164 0.0308955 0.0136737 0.999429 67.9887 
0.999484 0.00792797 -0.0311136 -3.03114 -0.00828733 0.9999 -0.0114391 -1.49536 0.0310198 0.0116911 0.99945 69.088 
0.999484 0.00704594 -0.0313427 -3.08004 -0.00738899 0.999914 -0.010844 -1.52167 0.0312636 0.0110701 0.99945 70.1923 
0.99949 0.00547172 -0.0314604 -3.13026 -0.00579188 0.999932 -0.0100961 -1.5519 0.0314029 0.0102732 0.999454 71.296 
0.999479 0.00441657 -0.0319643 -3.17608 -0.00469731 0.999951 -0.00871453 -1.58191 0.0319242 0.00886018 0.999451 72.3928 
0.999475 0.0030198 -0.0322659 -3.23145 -0.00323931 0.999972 -0.00675453 -1.60921 0.0322445 0.00685554 0.999457 73.4898 
0.999443 0.00185076 -0.0333328 -3.27747 -0.00201992 0.999985 -0.00504317 -1.63778 0.0333229 0.00510773 0.999432 74.5881 
0.999414 0.00062281 -0.0342172 -3.32753 -0.000840448 0.99998 -0.00634772 -1.66474 0.0342125 0.0063728 0.999394 75.6803 
0.999381 0.000887179 -0.0351562 -3.38192 -0.00124473 0.999948 -0.010151 -1.6934 0.0351453 0.0101885 0.99933 76.7738 
0.999345 0.00101973 -0.0361786 -3.43666 -0.00146801 0.999922 -0.0123677 -1.72284 0.0361631 0.0124127 0.999269 77.8608 
0.999289 0.00313324 -0.0375719 -3.48846 -0.00353577 0.999937 -0.010653 -1.75491 0.0375361 0.0107783 0.999237 78.945 
0.999262 0.00391165 -0.0382053 -3.55279 -0.00416244 0.99997 -0.006488 -1.7818 0.0381788 0.00664229 0.999249 80.0371 
0.999224 0.00566329 -0.0389811 -3.61653 -0.00576412 0.99998 -0.00247576 -1.80735 0.0389663 0.00269857 0.999237 81.121 
0.999175 0.00649245 -0.0400993 -3.67291 -0.00657887 0.999976 -0.00202466 -1.82998 0.0400852 0.00228684 0.999194 82.2037 
0.999132 0.00642729 -0.0411543 -3.7229 -0.00660359 0.99997 -0.00415035 -1.8516 0.0411263 0.00441856 0.999144 83.2914 
0.999092 0.00622885 -0.0421572 -3.78039 -0.0064441 0.999967 -0.00497278 -1.87424 0.0421248 0.00523998 0.999099 84.3533 
0.999068 0.00560052 -0.0427962 -3.84303 -0.00582177 0.99997 -0.00504802 -1.90287 0.0427666 0.0052925 0.999071 85.4084 
0.999051 0.00400654 -0.0433738 -3.90485 -0.00422299 0.999979 -0.00490084 -1.92775 0.0433533 0.0050794 0.999047 86.4516 
0.999036 0.00271624 -0.0438231 -3.9729 -0.00287093 0.99999 -0.00346826 -1.95196 0.0438132 0.00359077 0.999033 87.4717 
0.999015 0.00265802 -0.0442856 -4.04093 -0.00269172 0.999996 -0.000702313 -1.97899 0.0442835 0.000820869 0.999019 88.4744 
0.998973 0.00200898 -0.0452624 -4.10308 -0.00200426 0.999998 0.000148776 -2.00199 0.0452625 -5.78627e-05 0.998975 89.4475 
0.998881 0.0012543 -0.0472745 -4.17025 -0.00123826 0.999999 0.000367772 -2.02368 0.0472749 -0.00030878 0.998882 90.4139 
0.998721 4.73664e-05 -0.0505585 -4.22767 -7.34462e-05 1 -0.000514793 -2.04888 0.0505585 0.000517892 0.998721 91.3562 
0.998543 0.000244226 -0.0539534 -4.29572 -0.000319002 0.999999 -0.00137811 -2.07345 0.0539529 0.00139336 0.998543 92.2753 
0.998366 -1.01479e-05 -0.0571452 -4.36252 -5.32955e-05 0.999999 -0.00110941 -2.09589 0.0571452 0.00111069 0.998365 93.1714 
0.998228 0.00114087 -0.0594872 -4.4416 -0.00113887 0.999999 6.67377e-05 -2.11886 0.0594872 1.17223e-06 0.998229 94.0423 
0.998045 0.0021797 -0.0624577 -4.51268 -0.00211549 0.999997 0.00109336 -2.14116 0.0624599 -0.000959055 0.998047 94.8846 
0.997856 0.00324866 -0.0653736 -4.5838 -0.00308302 0.999992 0.0026338 -2.15902 0.0653816 -0.00242656 0.997857 95.7034 
0.997689 0.00452922 -0.0677901 -4.66166 -0.00429864 0.999985 0.00354632 -2.17906 0.0678051 -0.00324667 0.997693 96.4881 
0.997523 0.00702275 -0.0699912 -4.73791 -0.00677225 0.99997 0.00381508 -2.19443 0.0700159 -0.00333158 0.99754 97.2567 
0.997334 0.00881016 -0.072436 -4.81487 -0.00864371 0.999959 0.00261051 -2.21323 0.072456 -0.00197739 0.99737 97.9887 
0.99715 0.0097006 -0.0748218 -4.88535 -0.00981387 0.999951 -0.00114699 -2.2322 0.074807 0.00187806 0.997196 98.6956 
0.99694 0.0123477 -0.0771894 -4.95658 -0.0127692 0.999906 -0.00497019 -2.24715 0.0771207 0.00594068 0.997004 99.3679 
0.99677 0.0142078 -0.0790475 -5.02582 -0.0148677 0.999859 -0.00776586 -2.26208 0.078926 0.00891606 0.996841 100.026 
0.996692 0.016362 -0.0796108 -5.09679 -0.0171146 0.999815 -0.0087808 -2.28138 0.0794523 0.0101143 0.996787 100.646 
0.996706 0.0187627 -0.0788986 -5.15582 -0.0194887 0.999774 -0.0084419 -2.29793 0.0787224 0.00995176 0.996847 101.241 
0.996842 0.0227331 -0.0760819 -5.21308 -0.0233347 0.999703 -0.00702836 -2.3156 0.0758995 0.00878156 0.997077 101.812 
0.997194 0.025341 -0.0704485 -5.26565 -0.0258007 0.999651 -0.0056245 -2.33347 0.0702814 0.00742638 0.9975 102.365 
0.997671 0.0260993 -0.0630216 -5.30716 -0.0263981 0.999644 -0.00391435 -2.34398 0.062897 0.00556893 0.998005 102.891 
0.99824 0.0259629 -0.0533273 -5.33856 -0.0260809 0.999659 -0.00151853 -2.35606 0.0532696 0.00290673 0.998576 103.393 
0.998807 0.0257002 -0.041535 -5.35874 -0.0257397 0.999669 -0.000418771 -2.36749 0.0415104 0.00148741 0.999137 103.875 
0.99929 0.0249086 -0.0282645 -5.36874 -0.0249245 0.999689 -0.000212743 -2.38295 0.0282504 0.000917114 0.9996 104.33 
0.999613 0.0245817 -0.0130624 -5.37125 -0.0245973 0.999697 -0.00103397 -2.39499 0.0130329 0.00135491 0.999914 104.765 
0.999725 0.0230029 0.0046772 -5.35843 -0.0229842 0.999728 -0.00399362 -2.40939 -0.00476783 0.00388506 0.999981 105.186 
0.999414 0.0223219 0.0259334 -5.33813 -0.0221041 0.999718 -0.00865355 -2.42239 -0.0261193 0.00807529 0.999626 105.596 
0.99851 0.0205521 0.0505544 -5.30623 -0.0198828 0.999708 -0.0137055 -2.42979 -0.0508213 0.01268 0.998627 105.997 
0.996809 0.0180559 0.0777578 -5.25977 -0.0168274 0.999724 -0.0164251 -2.44274 -0.0780329 0.0150642 0.996837 106.392 
0.99404 0.0150339 0.107977 -5.20484 -0.013236 0.999762 -0.0173474 -2.46072 -0.108212 0.0158149 0.994002 106.775 
0.989965 0.0127801 0.140736 -5.12872 -0.0101717 0.999763 -0.019238 -2.47348 -0.140948 0.0176135 0.98986 107.15 
0.984226 0.0103802 0.17661 -5.03974 -0.00682995 0.999762 -0.0206981 -2.4897 -0.176783 0.0191654 0.984063 107.515 
0.976554 0.00727597 0.21515 -4.93297 -0.00277731 0.999771 -0.0212042 -2.50253 -0.215255 0.0201095 0.976351 107.87 
0.966783 0.00507751 0.255549 -4.81819 0.000545753 0.999759 -0.0219287 -2.51847 -0.255599 0.0213398 0.966547 108.215 
0.954613 0.00583032 0.297792 -4.69632 0.000916589 0.999746 -0.0225116 -2.53987 -0.297847 0.0217629 0.954365 108.545 
0.939438 0.00811839 0.342624 -4.56317 -0.000211914 0.999733 -0.0231072 -2.55269 -0.34272 0.0216352 0.939188 108.865 
0.921843 0.00799409 0.387481 -4.40728 0.000436502 0.999765 -0.0216644 -2.56743 -0.387563 0.0201404 0.921623 109.171 
0.90155 0.0073745 0.432612 -4.23919 0.00154038 0.999794 -0.0202529 -2.5818 -0.432672 0.0189255 0.901353 109.469 
0.878436 0.0059256 0.477824 -4.05498 0.00436494 0.999782 -0.0204229 -2.59797 -0.477841 0.0200259 0.878218 109.75 
0.853108 0.00648557 0.521694 -3.8606 0.00600265 0.999735 -0.0222443 -2.61511 -0.5217 0.0221083 0.852843 110.019 
0.825164 0.0086663 0.564827 -3.65212 0.00677645 0.999659 -0.0252378 -2.63302 -0.564852 0.0246529 0.824824 110.286 
0.794126 0.013435 0.607605 -3.43196 0.00558509 0.999552 -0.029401 -2.649 -0.607728 0.0267417 0.793695 110.543 
0.75975 0.0199334 0.64991 -3.19814 0.00243783 0.999436 -0.0335034 -2.65787 -0.650211 0.0270386 0.759273 110.793 
0.721843 0.0245952 0.691619 -2.94483 0.000173447 0.999362 -0.0357201 -2.67437 -0.692057 0.0259043 0.721378 111.034 
0.681909 0.0249078 0.731013 -2.66754 0.00245352 0.999337 -0.036339 -2.68955 -0.731433 0.0265735 0.681395 111.259 
0.64008 0.0223487 0.767983 -2.36774 0.00664289 0.999379 -0.0346189 -2.70419 -0.76828 0.0272605 0.639534 111.473 
0.595334 0.0205781 0.803215 -2.05742 0.0080829 0.999468 -0.0315969 -2.71566 -0.803438 0.025303 0.594851 111.671 
0.548241 0.0192688 0.836099 -1.73572 0.00910875 0.999538 -0.0290081 -2.72557 -0.836271 0.0235193 0.547812 111.853 
0.499527 0.0165881 0.86614 -1.39288 0.0110983 0.999612 -0.0255449 -2.74138 -0.866227 0.0223731 0.499149 112.023 
0.44811 0.0129754 0.893884 -1.03928 0.0136991 0.999678 -0.0213785 -2.7537 -0.893873 0.0218253 0.447788 112.172 
0.395738 0.0131677 0.918269 -0.686852 0.0111824 0.999754 -0.0191553 -2.77111 -0.918296 0.017849 0.395493 112.303 
0.34404 0.0181394 0.93878 -0.322046 0.00749242 0.999729 -0.0220628 -2.78603 -0.938925 0.0146242 0.34381 112.419 
0.293239 0.0231644 0.955758 0.053975 0.00699619 0.999628 -0.0263741 -2.79756 -0.956014 0.0144206 0.292968 112.511 
0.246245 0.0252077 0.96888 0.44679 0.0082283 0.999571 -0.0280974 -2.81367 -0.969173 0.0148911 0.245932 112.584 
0.204693 0.0247645 0.978513 0.851637 0.0154671 0.999473 -0.0285304 -2.83105 -0.978704 0.0209747 0.204202 112.638 
0.169356 0.0246674 0.985246 1.27902 0.0227643 0.999322 -0.0289327 -2.84409 -0.985292 0.0273284 0.16868 112.682 
0.138888 0.0259567 0.989968 1.72273 0.0272893 0.999177 -0.0300267 -2.85578 -0.989932 0.0311859 0.138065 112.723 
0.110483 0.0248277 0.993568 2.19567 0.0248455 0.999307 -0.0277338 -2.86921 -0.993567 0.0277498 0.10979 112.777 
0.085049 0.0212507 0.99615 2.68151 0.018765 0.999561 -0.0229256 -2.88542 -0.9962 0.0206426 0.0846129 112.819 
0.0611685 0.0174288 0.997975 3.18035 0.0135942 0.99974 -0.0182928 -2.90204 -0.998035 0.0146857 0.0609157 112.849 
0.0384842 0.0150501 0.999146 3.69798 0.0177895 0.999718 -0.0157438 -2.92043 -0.999101 0.0183802 0.0382056 112.858 
0.0184812 0.0156522 0.999707 4.24119 0.0258513 0.999536 -0.0161274 -2.93864 -0.999495 0.0261418 0.018068 112.851 
0.00103481 0.0180207 0.999837 4.78764 0.0306883 0.999366 -0.0180439 -2.95572 -0.999529 0.0307019 0.000481129 112.844 
-0.0140238 0.0229908 0.999637 5.3281 0.0307335 0.999273 -0.0225512 -2.97973 -0.999429 0.0304061 -0.0147201 112.844 
-0.0247457 0.0275086 0.999315 5.92205 0.0281325 0.999245 -0.0268099 -2.99441 -0.999298 0.0274498 -0.0255009 112.836 
-0.0311008 0.0273741 0.999141 6.53895 0.0306298 0.999182 -0.0264217 -3.00822 -0.999047 0.0297817 -0.0319138 112.818 
-0.0339717 0.0241454 0.999131 7.17745 0.0368228 0.99906 -0.0228916 -3.03005 -0.998744 0.0360131 -0.0348288 112.8 
-0.0332566 0.0225708 0.999192 7.83859 0.03824 0.999042 -0.0212946 -3.04843 -0.998715 0.0375009 -0.0340878 112.78 
-0.0313603 0.0221772 0.999262 8.52758 0.0370261 0.999093 -0.0210114 -3.07091 -0.998822 0.0363399 -0.032153 112.777 
-0.0299972 0.0225944 0.999295 9.22147 0.0334668 0.999207 -0.0215878 -3.09316 -0.99899 0.0327956 -0.0307296 112.779 
-0.028785 0.0239413 0.999299 9.93899 0.0325377 0.999206 -0.0230018 -3.11231 -0.999056 0.0318528 -0.0295411 112.775 
-0.0278375 0.0245498 0.999311 10.6689 0.0324479 0.999194 -0.023643 -3.13787 -0.999086 0.0317674 -0.0286116 112.77 
-0.0269661 0.0241031 0.999346 11.4207 0.0319154 0.99922 -0.0232388 -3.16465 -0.999127 0.0312679 -0.0277143 112.764 
-0.0263309 0.02271 0.999395 12.1856 0.0308783 0.999283 -0.0218939 -3.19361 -0.999176 0.0302831 -0.0270132 112.765 
-0.025838 0.0215681 0.999433 12.9653 0.0317442 0.999281 -0.0207441 -3.21643 -0.999162 0.0311903 -0.0265041 112.759 
-0.0264543 0.0192152 0.999465 13.742 0.0322589 0.999311 -0.0183583 -3.24256 -0.999129 0.031756 -0.027056 112.752 
-0.027337 0.0176505 0.99947 14.5423 0.0300061 0.999408 -0.0168287 -3.26699 -0.999176 0.0295302 -0.0278504 112.74 
-0.0287955 0.0165873 0.999448 15.3372 0.0289254 0.999457 -0.015754 -3.28962 -0.999167 0.0284558 -0.0292597 112.738 
-0.0299779 0.0140802 0.999451 16.1521 0.0314047 0.99942 -0.0131378 -3.3101 -0.999057 0.0309937 -0.0304027 112.726 
-0.0310655 0.0124809 0.999439 16.9719 0.0328485 0.999395 -0.0114592 -3.33116 -0.998977 0.0324741 -0.0314566 112.711 
-0.0325337 0.0117502 0.999402 17.8053 0.0302279 0.999485 -0.0107672 -3.355 -0.999013 0.0298595 -0.0328722 112.697 
-0.0332265 0.0163576 0.999314 18.6349 0.0276932 0.999497 -0.0154398 -3.37974 -0.999064 0.0271612 -0.0336628 112.682 
-0.0340276 0.0211381 0.999197 19.4657 0.0289041 0.999379 -0.0201576 -3.40136 -0.999003 0.028195 -0.0346174 112.665 
-0.0348791 0.022763 0.999132 20.3048 0.0292277 0.999336 -0.0217473 -3.42833 -0.998964 0.0284438 -0.0355212 112.646 
-0.0365099 0.0206403 0.99912 21.1474 0.0257917 0.999473 -0.0197051 -3.45587 -0.999 0.0250496 -0.037023 112.639 
-0.0377059 0.0165078 0.999153 22.0005 0.0228324 0.999617 -0.0156538 -3.48504 -0.999028 0.0222228 -0.0380684 112.629 
-0.0378352 0.011135 0.999222 22.8491 0.0213341 0.999719 -0.0103327 -3.51378 -0.999056 0.0209266 -0.0380621 112.611 
-0.0382411 0.00559581 0.999253 23.7063 0.0177485 0.99983 -0.00491977 -3.53484 -0.999111 0.0175471 -0.038334 112.601 
-0.0385177 0.00415063 0.999249 24.5642 0.0152882 0.999877 -0.00356388 -3.5622 -0.999141 0.0151394 -0.0385765 112.595 
-0.037719 0.0110777 0.999227 25.4071 0.0178896 0.999786 -0.0104085 -3.58831 -0.999128 0.0174832 -0.0379091 112.577 
-0.0366012 0.0222616 0.999082 26.2376 0.0202516 0.999563 -0.0215304 -3.61188 -0.999125 0.019445 -0.0370361 112.558 
-0.0363456 0.0274331 0.998963 27.0806 0.0217834 0.999407 -0.0266527 -3.63683 -0.999102 0.0207921 -0.0369216 112.545 
-0.0350454 0.0216653 0.999151 27.9222 0.0233534 0.99951 -0.0208539 -3.66837 -0.999113 0.0226028 -0.0355342 112.528 
-0.0339039 0.0138198 0.99933 28.7616 0.02649 0.999566 -0.0129243 -3.7001 -0.999074 0.0260341 -0.0342553 112.507 
-0.0334288 0.0109327 0.999381 29.5941 0.027719 0.999566 -0.0100075 -3.72637 -0.999057 0.0273673 -0.0337173 112.491 
-0.0337119 0.0115711 0.999365 30.4185 0.026351 0.999596 -0.0106848 -3.75194 -0.999084 0.0259741 -0.0340032 112.482 
-0.0344749 0.0123118 0.99933 31.2405 0.0230458 0.999668 -0.0115209 -3.77705 -0.99914 0.0226332 -0.0347472 112.472 
-0.0364423 0.0124846 0.999258 32.0582 0.0207181 0.999717 -0.0117347 -3.80132 -0.999121 0.0202751 -0.0366906 112.461 
-0.0384495 0.01238 0.999184 32.8699 0.0201659 0.999729 -0.0116107 -3.82733 -0.999057 0.019703 -0.0386887 112.442 
-0.0402507 0.0128583 0.999107 33.6896 0.0194527 0.999738 -0.0120827 -3.85213 -0.999 0.018949 -0.0404903 112.421 
-0.04232 0.0131416 0.999018 34.4972 0.0175231 0.999769 -0.0124091 -3.8766 -0.99895 0.0169808 -0.0425405 112.404 
-0.0443346 0.0122858 0.998941 35.2975 0.0155436 0.999812 -0.0116066 -3.89993 -0.998896 0.0150126 -0.0445172 112.388 
-0.0464268 0.0112773 0.998858 36.1006 0.0162193 0.999813 -0.0105342 -3.92473 -0.99879 0.0157117 -0.046601 112.367 
-0.0479655 0.0115619 0.998782 36.8896 0.0161415 0.999811 -0.0107986 -3.94678 -0.998719 0.0156039 -0.0481431 112.34 
-0.0498309 0.0126386 0.998678 37.6771 0.0161938 0.999799 -0.0118447 -3.97225 -0.998626 0.0155821 -0.0500255 112.319 
-0.0505661 0.0126249 0.998641 38.4583 0.0165012 0.999794 -0.0118039 -4.00044 -0.998584 0.0158819 -0.050764 112.288 
-0.0517242 0.011391 0.998596 39.2393 0.0181377 0.999781 -0.010465 -4.02476 -0.998497 0.0175709 -0.0519195 112.26 
-0.0531464 0.010675 0.99853 40.02 0.0182529 0.999786 -0.0097169 -4.04884 -0.99842 0.0177096 -0.0533299 112.235 
-0.054803 0.0103159 0.998444 40.7938 0.0169946 0.999811 -0.00939717 -4.07316 -0.998353 0.0164531 -0.0549679 112.215 
-0.0560035 0.0092488 0.998388 41.5502 0.0149977 0.999852 -0.00842105 -4.09654 -0.998318 0.0145019 -0.0561339 112.192 
-0.056752 0.00803284 0.998356 42.2971 0.0139045 0.999877 -0.00725463 -4.11844 -0.998292 0.0134699 -0.0568568 112.168 
-0.0578247 0.00786069 0.998296 43.0212 0.0141016 0.999876 -0.00705628 -4.14045 -0.998227 0.0136695 -0.0579284 112.146 
-0.0579815 0.0102075 0.998266 43.7289 0.0142529 0.999854 -0.00939584 -4.16447 -0.998216 0.0136834 -0.0581186 112.119 
-0.057763 0.0127876 0.998248 44.4283 0.0139834 0.99983 -0.0119987 -4.18955 -0.998232 0.0132658 -0.057932 112.091 
-0.0578864 0.0145156 0.998218 45.1266 0.0121455 0.999831 -0.0138347 -4.21112 -0.998249 0.0113231 -0.0580529 112.067 
-0.0578709 0.0152299 0.998208 45.821 0.0127596 0.999813 -0.0145146 -4.23645 -0.998243 0.0118968 -0.0580545 112.037 
-0.0574768 0.0152876 0.99823 46.5174 0.0142602 0.999793 -0.0144904 -4.25757 -0.998245 0.0134021 -0.057683 112.003 
-0.0573272 0.0149455 0.998244 47.2082 0.0156533 0.999779 -0.0140695 -4.27823 -0.998233 0.0148193 -0.0575485 111.971 
-0.057582 0.0150919 0.998227 47.8945 0.0117367 0.999827 -0.014439 -4.30177 -0.998272 0.0108844 -0.0577491 111.951 
-0.0569929 0.0151629 0.998259 48.572 0.00958189 0.999847 -0.0146399 -4.32937 -0.998329 0.00873084 -0.0571295 111.925 
-0.0569371 0.0138853 0.998281 49.2676 0.0117258 0.999844 -0.0132382 -4.35333 -0.998309 0.0109519 -0.057091 111.899 
-0.0577867 0.0133753 0.998239 49.9414 0.0118061 0.99985 -0.0127134 -4.37171 -0.998259 0.0110506 -0.0579359 111.869 
-0.0612945 0.0130068 0.998035 50.6204 0.009132 0.999881 -0.0124699 -4.39439 -0.998078 0.00834972 -0.061406 111.844 
-0.0666267 0.0126037 0.997698 51.3057 0.00535375 0.99991 -0.0122741 -4.41923 -0.997764 0.00452365 -0.0666882 111.821 
-0.0722792 0.0163277 0.997251 51.9787 0.00890927 0.999837 -0.0157243 -4.43905 -0.997345 0.00774824 -0.0724129 111.779 
-0.0789287 0.0195699 0.996688 52.6563 0.0112853 0.999761 -0.0187365 -4.45321 -0.996816 0.00976908 -0.0791306 111.733 
-0.0860178 0.0211431 0.996069 53.3295 0.0109319 0.999735 -0.0202768 -4.47567 -0.996234 0.00914474 -0.0862261 111.684 
-0.0921498 0.0202247 0.99554 54.0089 0.00701016 0.999782 -0.0196619 -4.50095 -0.995721 0.00516704 -0.0922715 111.636 
-0.0974329 0.0192686 0.995056 54.694 0.00708954 0.999801 -0.0186662 -4.5236 -0.995217 0.00523578 -0.0975501 111.581 
-0.102118 0.0199997 0.994571 55.3852 0.00466483 0.999797 -0.0196258 -4.54441 -0.994761 0.00263536 -0.102191 111.525 
-0.105969 0.0193045 0.994182 56.0841 0.00259909 0.999814 -0.0191368 -4.56744 -0.994366 0.00055605 -0.106 111.467 
-0.108192 0.0164267 0.993994 56.789 0.00338447 0.999864 -0.0161552 -4.58504 -0.994124 0.00161627 -0.108233 111.399 
-0.110016 0.0135286 0.993838 57.5023 0.00576222 0.999899 -0.0129732 -4.60393 -0.993913 0.00429945 -0.110083 111.331 
-0.111153 0.0108196 0.993744 58.2239 0.00561756 0.999932 -0.0102586 -4.6233 -0.993787 0.00444215 -0.111206 111.264 
-0.1123 0.0106981 0.993617 58.9498 0.00480026 0.999936 -0.0102235 -4.64121 -0.993663 0.00362151 -0.112344 111.198 
-0.112344 0.0145919 0.993562 59.6782 0.00688462 0.99988 -0.0139061 -4.6591 -0.993646 0.00527802 -0.112431 111.125 
-0.11206 0.0189285 0.993521 60.4175 0.0128699 0.999762 -0.0175958 -4.67786 -0.993618 0.0108148 -0.112277 111.044 
-0.112608 0.0234178 0.993364 61.164 0.0201268 0.999571 -0.0212825 -4.70634 -0.993436 0.0175966 -0.113031 110.964 
-0.11293 0.0250224 0.993288 61.91 0.0212642 0.999515 -0.0227616 -4.72569 -0.993375 0.0185511 -0.113407 110.886 
-0.113045 0.0228303 0.993328 62.6592 0.0193876 0.999596 -0.020768 -4.75188 -0.993401 0.0169105 -0.113442 110.815 
-0.112648 0.0177789 0.993476 63.4146 0.0196161 0.999685 -0.0156657 -4.78048 -0.993441 0.0177234 -0.112961 110.742 
-0.112257 0.0157379 0.993555 64.1632 0.0218498 0.999672 -0.0133661 -4.80684 -0.993439 0.0202086 -0.112564 110.662 
-0.112928 0.0153203 0.993485 64.9105 0.0219936 0.999675 -0.0129157 -4.83338 -0.99336 0.0203918 -0.113229 110.587 
-0.114613 0.0163869 0.993275 65.6567 0.0207868 0.999685 -0.0140941 -4.8554 -0.993193 0.0190316 -0.114917 110.516 
-0.116445 0.017116 0.99305 66.4024 0.0201548 0.999686 -0.014867 -4.87907 -0.992993 0.0182835 -0.116754 110.438 
-0.118366 0.0173148 0.992819 67.1488 0.0214453 0.999659 -0.0148773 -4.90406 -0.992738 0.0195303 -0.118697 110.361 
-0.120194 0.0174658 0.992597 67.8947 0.0216007 0.999655 -0.0149743 -4.92717 -0.992515 0.019641 -0.12053 110.285 
-0.122055 0.0173507 0.992372 68.6384 0.0220735 0.999647 -0.014763 -4.9503 -0.992278 0.0201032 -0.122395 110.205 
-0.123581 0.0178976 0.992173 69.3902 0.0200213 0.999679 -0.0155392 -4.97107 -0.992133 0.0179443 -0.1239 110.128 
-0.124445 0.0194267 0.992036 70.1397 0.0204001 0.999647 -0.0170167 -4.9967 -0.992017 0.01812 -0.124797 110.047 
-0.125378 0.0197405 0.991913 70.9114 0.0190869 0.999665 -0.0174822 -5.02147 -0.991925 0.0167407 -0.125713 109.966 
-0.126692 0.0201733 0.991737 71.6852 0.0191051 0.999657 -0.0178937 -5.04427 -0.991758 0.0166802 -0.127034 109.885 
-0.127923 0.0186774 0.991608 72.4692 0.0195255 0.999676 -0.0163104 -5.06465 -0.991592 0.0172752 -0.128246 109.806 
-0.128956 0.0165984 0.991511 73.2587 0.016972 0.99975 -0.0145289 -5.08678 -0.991505 0.0149543 -0.129205 109.723 
-0.130868 0.0147331 0.99129 74.0555 0.0142765 0.999814 -0.012975 -5.10782 -0.991297 0.0124541 -0.131054 109.642 
-0.133153 0.0140705 0.990996 74.8473 0.0152956 0.999809 -0.0121404 -5.13069 -0.990977 0.0135413 -0.133343 109.551 
-0.134781 0.0144025 0.990771 75.6395 0.0166988 0.999785 -0.0122618 -5.16073 -0.990735 0.014892 -0.134993 109.455 
-0.137215 0.0158761 0.990414 76.4421 0.0162506 0.999773 -0.0137747 -5.18048 -0.990408 0.0142047 -0.137442 109.367 
-0.138799 0.0197914 0.990123 77.2565 0.0178673 0.999688 -0.0174778 -5.20092 -0.990159 0.0152649 -0.139109 109.271 
-0.139205 0.0235886 0.989983 78.0647 0.0194782 0.999588 -0.0210786 -5.22991 -0.990072 0.0163489 -0.139607 109.167 
-0.140246 0.0275815 0.989733 78.8829 0.0208475 0.999473 -0.0248988 -5.25818 -0.989897 0.0171415 -0.140747 109.066 
-0.140069 0.0286452 0.989727 79.7163 0.022904 0.999408 -0.0256839 -5.28926 -0.989877 0.0190712 -0.140642 108.964 
-0.139394 0.0280787 0.989839 80.552 0.0266425 0.999342 -0.0245964 -5.32154 -0.989879 0.0229432 -0.14005 108.856 
-0.139295 0.0261006 0.989907 81.393 0.027156 0.999377 -0.022529 -5.35458 -0.989879 0.0237438 -0.139917 108.753 
-0.138823 0.0248016 0.990007 82.2414 0.0266559 0.999418 -0.0212995 -5.38213 -0.989958 0.0234327 -0.139403 108.655 
-0.137144 0.0225733 0.990294 83.0917 0.0258595 0.999481 -0.0192014 -5.41001 -0.990214 0.0229751 -0.137656 108.559 
-0.135235 0.0194517 0.990623 83.9464 0.0265864 0.999519 -0.0159969 -5.43906 -0.990457 0.0241738 -0.135687 108.455 
-0.133767 0.0162346 0.99088 84.8084 0.0270797 0.999552 -0.0127209 -5.46356 -0.990643 0.0251311 -0.134147 108.359 
-0.131989 0.0162208 0.991119 85.6797 0.0251889 0.999598 -0.0130051 -5.48718 -0.990931 0.0232487 -0.132344 108.26 
-0.130632 0.0204313 0.99122 86.5415 0.0264492 0.999504 -0.0171163 -5.51888 -0.991078 0.023981 -0.131107 108.165 
-0.12866 0.0267776 0.991327 87.3917 0.02673 0.999366 -0.0235255 -5.54451 -0.991328 0.0234714 -0.129295 108.072 
-0.127212 0.0302357 0.991415 88.2557 0.0247729 0.99932 -0.027298 -5.57495 -0.991566 0.0210876 -0.127874 107.98 
-0.125837 0.0277168 0.991664 89.1146 0.0232947 0.999417 -0.0249775 -5.61265 -0.991777 0.0199574 -0.126409 107.889 
-0.124456 0.0253382 0.991902 89.9841 0.0243492 0.999451 -0.0224759 -5.64821 -0.991926 0.0213547 -0.125004 107.798 
-0.123656 0.0235749 0.992045 90.8443 0.0250823 0.999473 -0.0206249 -5.68375 -0.992008 0.0223324 -0.124182 107.702 
-0.122726 0.0236635 0.992159 91.7215 0.0246601 0.99948 -0.0207878 -5.7097 -0.992134 0.0219155 -0.123245 107.609 
-0.122168 0.0236527 0.992228 92.5927 0.0243221 0.999487 -0.020831 -5.74569 -0.992211 0.0215882 -0.122681 107.518 
-0.121151 0.022104 0.992388 93.4679 0.027132 0.999452 -0.0189491 -5.77368 -0.992263 0.0246298 -0.121685 107.42 
-0.119724 0.0214118 0.992576 94.342 0.0298963 0.999392 -0.0179527 -5.80731 -0.992357 0.027525 -0.120292 107.322 
-0.118468 0.0229366 0.992693 95.2046 0.0321964 0.999296 -0.0192468 -5.83566 -0.992436 0.029681 -0.119123 107.224 
-0.117578 0.0251114 0.992746 96.0857 0.0325737 0.99924 -0.0214177 -5.86803 -0.992529 0.0298192 -0.118307 107.133 
-0.116333 0.0267384 0.99285 96.9516 0.0301316 0.999272 -0.0233808 -5.90084 -0.992753 0.0271962 -0.117054 107.039 
-0.115479 0.0226376 0.993052 97.8187 0.0251528 0.999486 -0.0198593 -5.93579 -0.992991 0.0226847 -0.115989 106.957 
-0.115421 0.0206346 0.993102 98.681 0.0204951 0.999621 -0.018388 -5.97033 -0.993105 0.0182314 -0.115801 106.878 
-0.116018 0.0210603 0.993024 99.5397 0.0176927 0.99966 -0.0191339 -6.00979 -0.99309 0.0153493 -0.116351 106.791 
-0.116814 0.0259028 0.992816 100.385 0.0144564 0.999598 -0.0243788 -6.03965 -0.993049 0.0115047 -0.117142 106.706 
-0.117629 0.0283058 0.992654 101.228 0.013918 0.999543 -0.0268529 -6.07687 -0.99296 0.0106571 -0.117969 106.621 
-0.117803 0.0287224 0.992622 102.064 0.0147647 0.999522 -0.0271698 -6.11405 -0.992927 0.0114551 -0.11817 106.535 
-0.11816 0.0280963 0.992597 102.892 0.0163371 0.999519 -0.0263474 -6.15479 -0.99286 0.0131029 -0.118562 106.45 
-0.118489 0.0287416 0.992539 103.718 0.0177656 0.999482 -0.0268218 -6.19334 -0.992796 0.0144549 -0.118938 106.363 
-0.118706 0.0321783 0.992408 104.543 0.0193543 0.99936 -0.0300886 -6.23126 -0.992741 0.0156357 -0.119253 106.274 
-0.119213 0.0334176 0.992306 105.359 0.0190544 0.999326 -0.0313648 -6.27144 -0.992686 0.0151687 -0.11977 106.189 
-0.120068 0.0336582 0.992195 106.17 0.0173026 0.999344 -0.0318069 -6.31145 -0.992615 0.0133485 -0.120572 106.105 
-0.122187 0.0325801 0.991972 106.975 0.0157581 0.999399 -0.0308829 -6.35143 -0.992382 0.0118581 -0.122627 106.022 
-0.12526 0.0337515 0.99155 107.781 0.0158125 0.999362 -0.0320198 -6.39507 -0.991998 0.0116681 -0.125714 105.937 
-0.128519 0.0363053 0.991042 108.576 0.015491 0.999281 -0.0345982 -6.43896 -0.991586 0.0109057 -0.128989 105.852 
-0.131923 0.0374477 0.990552 109.362 0.0135067 0.999261 -0.035978 -6.48255 -0.991168 0.00863281 -0.132331 105.767 
-0.135396 0.0374683 0.990083 110.148 0.0136233 0.999261 -0.0359526 -6.52498 -0.990698 0.00862032 -0.135807 105.68 
-0.138277 0.0362229 0.989731 110.93 0.0150726 0.999292 -0.034467 -6.56765 -0.990279 0.0101518 -0.138726 105.583 
-0.1406 0.0371448 0.98937 111.704 0.0168865 0.999241 -0.0351156 -6.61047 -0.989923 0.0117698 -0.14112 105.481 
-0.142524 0.0414069 0.988925 112.474 0.012152 0.999123 -0.0400825 -6.65809 -0.989717 0.00630467 -0.142902 105.39 
-0.144214 0.0483584 0.988364 113.242 0.0100872 0.998825 -0.0473984 -6.707 -0.989495 0.00313429 -0.144532 105.295 
-0.146663 0.0515188 0.987844 114.011 0.0142413 0.998649 -0.0499679 -6.747 -0.989084 0.00673977 -0.147198 105.188 
-0.149246 0.0496569 0.987553 114.784 0.0166374 0.998723 -0.0477042 -6.7925 -0.98866 0.00931061 -0.149881 105.078 
-0.15245 0.0419879 0.987419 115.56 0.01482 0.999082 -0.0401957 -6.84137 -0.9882 0.00850575 -0.152933 104.975 
-0.154872 0.039735 0.987135 116.332 0.0136061 0.999182 -0.0380852 -6.89249 -0.987841 0.00753274 -0.155286 104.873 
-0.156321 0.0426176 0.986787 117.092 0.0131188 0.99907 -0.0410699 -6.93604 -0.987619 0.00652537 -0.156734 104.761 
-0.159012 0.0460163 0.986204 117.847 0.0106274 0.998935 -0.0448968 -6.97924 -0.98722 0.00334161 -0.159332 104.655 
-0.16161 0.0485598 0.985659 118.59 0.0100275 0.998818 -0.0475639 -7.0265 -0.986804 0.00219693 -0.161906 104.548 
-0.163207 0.0526939 0.985184 119.329 0.0142587 0.998594 -0.051049 -7.07836 -0.986489 0.00571592 -0.163729 104.433 
-0.164931 0.0573802 0.984635 120.068 0.0145901 0.998339 -0.0557349 -7.12656 -0.986197 0.00517354 -0.165494 104.317 
-0.167631 0.0596823 0.984042 120.808 0.0141462 0.998209 -0.0581317 -7.17544 -0.985748 0.00417575 -0.168175 104.206 
-0.169954 0.0576229 0.983766 121.554 0.0153266 0.998323 -0.0558277 -7.22312 -0.985333 0.00558963 -0.170552 104.093 
-0.173882 0.0538912 0.983291 122.298 0.0193835 0.998495 -0.0512968 -7.28108 -0.984576 0.01014 -0.174665 103.973 
-0.179549 0.0526801 0.982338 123.036 0.0218167 0.998533 -0.049561 -7.32999 -0.983507 0.0125328 -0.180435 103.847 
-0.185793 0.0510331 0.981263 123.768 0.0205567 0.998634 -0.0480443 -7.38386 -0.982374 0.0112452 -0.186588 103.723 
-0.194097 0.0516318 0.979623 124.502 0.0196034 0.998619 -0.0487488 -7.42932 -0.980787 0.00974198 -0.194841 103.589 
-0.20467 0.0523787 0.977429 125.226 0.0189362 0.998592 -0.0495476 -7.47346 -0.978648 0.0083679 -0.205373 103.45 
-0.216374 0.0534864 0.974844 125.947 0.0195849 0.998535 -0.0504391 -7.51988 -0.976114 0.0081785 -0.217105 103.294 
-0.229159 0.0541097 0.971884 126.661 0.0209713 0.998496 -0.0506465 -7.56948 -0.973163 0.0087756 -0.229949 103.138 
-0.240686 0.0542492 0.969086 127.366 0.0241639 0.998462 -0.0498922 -7.61535 -0.970302 0.0114086 -0.241626 102.963 
-0.251698 0.054312 0.966281 128.07 0.027642 0.99842 -0.0489182 -7.6629 -0.967411 0.0143972 -0.252802 102.782 
-0.261909 0.0541495 0.963572 128.769 0.031536 0.998372 -0.0475333 -7.71109 -0.964577 0.0179378 -0.26319 102.597 
-0.270781 0.0546252 0.96109 129.463 0.0373273 0.998234 -0.0462196 -7.75867 -0.961917 0.0233595 -0.272342 102.404 
-0.278393 0.0547025 0.958908 130.153 0.0427511 0.998093 -0.0445263 -7.80484 -0.959515 0.0285985 -0.280201 102.205 
-0.284816 0.0549636 0.957005 130.849 0.0430014 0.998082 -0.0445251 -7.85003 -0.957617 0.0284711 -0.286633 102.009 
-0.289526 0.0529824 0.955703 131.534 0.0468766 0.998054 -0.0411291 -7.89331 -0.956022 0.0328922 -0.291446 101.808 
-0.291463 0.0503218 0.955258 132.218 0.0531577 0.997924 -0.0363503 -7.9328 -0.955104 0.0401846 -0.293533 101.6 
-0.292559 0.0489704 0.954993 132.891 0.0591853 0.9977 -0.0330291 -7.96852 -0.954414 0.0468586 -0.294785 101.395 
-0.293279 0.0475851 0.954842 133.562 0.0617998 0.997615 -0.0307349 -8.00927 -0.954028 0.0499952 -0.29552 101.193 
-0.292807 0.0529677 0.954703 134.222 0.0643485 0.997293 -0.0355949 -8.04676 -0.954004 0.0510113 -0.295423 100.998 
-0.291467 0.056289 0.954923 134.888 0.0638476 0.997186 -0.0392923 -8.08222 -0.954448 0.0495172 -0.29424 100.806 
-0.290817 0.0563829 0.955116 135.548 0.0656702 0.997084 -0.0388649 -8.11598 -0.954522 0.0514201 -0.293671 100.617 
-0.288899 0.0547024 0.955795 136.204 0.0666997 0.99709 -0.0369051 -8.15505 -0.955033 0.0530894 -0.291707 100.425 
-0.286909 0.0518373 0.956554 136.858 0.0690588 0.997056 -0.0333186 -8.19705 -0.955465 0.056499 -0.289645 100.234 
-0.285606 0.0524043 0.956913 137.505 0.069619 0.997 -0.0338207 -8.23564 -0.955815 0.0569599 -0.288398 100.05 
-0.283027 0.0549127 0.957539 138.148 0.0707938 0.996832 -0.0362411 -8.26996 -0.956496 0.0575306 -0.286018 99.869 
-0.27883 0.0566867 0.958666 138.784 0.0720119 0.99668 -0.0379897 -8.30431 -0.957637 0.0584427 -0.281987 99.6944 
-0.273349 0.0557617 0.960297 139.419 0.0730486 0.996639 -0.0370786 -8.34139 -0.959137 0.060013 -0.276504 99.523 
-0.267786 0.0540478 0.961961 140.051 0.0745343 0.996595 -0.0352451 -8.37833 -0.960591 0.0622609 -0.270903 99.3546 
-0.263202 0.0522014 0.963327 140.674 0.0739116 0.996691 -0.0338151 -8.41441 -0.961905 0.0623008 -0.26619 99.196 
-0.258904 0.0510951 0.964551 141.296 0.0742503 0.996698 -0.0328677 -8.45307 -0.963045 0.0631086 -0.261843 99.037 
-0.255078 0.0495567 0.96565 141.922 0.0748887 0.996698 -0.0313681 -8.48809 -0.964016 0.064315 -0.257947 98.8856 
-0.25119 0.048119 0.966741 142.536 0.0783296 0.996498 -0.0292475 -8.5177 -0.964763 0.0683777 -0.25408 98.733 
-0.2474 0.0466182 0.967791 143.143 0.0802888 0.996393 -0.0274714 -8.54677 -0.965581 0.0709064 -0.250251 98.5844 
-0.244031 0.0449498 0.968725 143.749 0.0783135 0.996576 -0.0265142 -8.58277 -0.9666 0.0693939 -0.246716 98.4448 
-0.240289 0.0461356 0.969605 144.349 0.0758508 0.996708 -0.0286278 -8.6146 -0.967733 0.0666663 -0.242997 98.3114 
-0.235608 0.0493698 0.970594 144.936 0.0772138 0.996503 -0.0319443 -8.6489 -0.968776 0.0674169 -0.238596 98.1779 
-0.2299 0.0526151 0.971791 145.52 0.0789421 0.996255 -0.0352639 -8.67867 -0.970007 0.068608 -0.233193 98.0479 
-0.22301 0.0533026 0.973358 146.106 0.0779006 0.996285 -0.0367099 -8.71281 -0.971699 0.0676385 -0.226334 97.9252 
-0.214538 0.0515437 0.975355 146.699 0.0745764 0.996556 -0.0362602 -8.74749 -0.973864 0.0649592 -0.217643 97.8138 
-0.203882 0.0496689 0.977735 147.287 0.0736633 0.996659 -0.0352696 -8.78035 -0.97622 0.0648323 -0.20686 97.7077 
