1 2.12261e-08 -2.11895e-08 0 2.12261e-08 1 2.10703e-08 0 -2.11895e-08 2.10703e-08 1 0 
0.999997 0.000871528 0.00215811 -0.0289444 -0.000868938 0.999999 -0.00118076 -0.0139698 -0.00215918 0.00117893 0.999997 1.22952 
0.999993 0.00108754 0.00358738 -0.0464175 -0.0010846 0.999999 -0.00081064 -0.02996 -0.0035883 0.000806786 0.999993 2.44179 
0.999989 0.000636848 0.0045945 -0.0639995 -0.000634735 1 -0.000451995 -0.0532069 -0.00459482 0.000449116 0.999989 3.6545 
0.999989 0.000117504 0.00478946 -0.0729487 -0.0001146 1 -0.000597738 -0.0699829 -0.00478958 0.000597224 0.999988 4.85902 
0.999985 8.29896e-05 0.00550267 -0.0856361 -8.1805e-05 1 -0.000207766 -0.0941872 -0.00550273 0.000207355 0.999985 6.06665 
0.99998 0.000583379 0.00627908 -0.101286 -0.000575857 0.999999 -0.00119278 -0.117783 -0.00627982 0.00118918 0.99998 7.27632 
0.999978 0.00019442 0.0066239 -0.109327 -0.000185178 0.999999 -0.00138932 -0.144785 -0.0066242 0.0013881 0.999977 8.48242 
0.99998 -0.00046243 0.00635296 -0.116155 0.000462584 1 -1.60768e-05 -0.163688 -0.006353 1.90573e-05 0.99998 9.69307 
0.999987 -0.00132016 0.00498177 -0.135916 0.00131707 0.999999 0.000633165 -0.180845 -0.00498265 -0.000626553 0.999987 10.8905 
0.999994 -0.00232321 0.00248935 -0.145321 0.0023236 0.999997 -0.000135531 -0.195461 -0.00248907 0.000141357 0.999997 12.0963 
0.999998 -0.00193738 0.000828301 -0.177192 0.00193803 0.999998 -0.00072734 -0.216129 -0.000826932 0.000728986 0.999999 13.2888 
0.999999 -0.00169198 -0.000316015 -0.206673 0.0016918 0.999998 -0.00071324 -0.240748 0.000317179 0.000712747 1 14.5033 
0.999999 -0.000529771 -0.00122088 -0.230374 0.000528621 0.999999 -0.000976952 -0.260557 0.00122136 0.000976348 0.999999 15.7102 
0.999997 -0.00132164 -0.00201947 -0.255611 0.00131954 0.999999 -0.00106305 -0.284309 0.00202083 0.00106042 0.999997 16.9165 
0.999996 -0.00168225 -0.00231559 -0.287984 0.0016808 0.999998 -0.000648044 -0.303042 0.00231663 0.000644192 0.999997 18.1319 
0.999994 -0.00224286 -0.00273005 -0.317348 0.00224134 0.999997 -0.000574403 -0.324112 0.00273129 0.000568322 0.999996 19.343 
0.999993 -0.00199224 -0.00314433 -0.353175 0.00198741 0.999997 -0.00155233 -0.345689 0.00314737 0.00154611 0.999994 20.5565 
0.99999 -0.00188231 -0.00409951 -0.361547 0.00187258 0.999995 -0.00238681 -0.364543 0.00410394 0.00237915 0.999989 21.7926 
0.999988 -0.000917039 -0.00480508 -0.39482 0.000907751 0.999998 -0.00194373 -0.386279 0.00480681 0.00193938 0.999987 23.0362 
0.999984 -0.00108537 -0.00553703 -0.427893 0.00107365 0.999997 -0.00212747 -0.412085 0.00553928 0.00212153 0.999982 24.249 
0.999979 -0.00106711 -0.00636165 -0.460672 0.00104896 0.999995 -0.00286144 -0.434541 0.00636463 0.00285475 0.999976 25.4674 
0.999971 -0.000967455 -0.00751013 -0.487882 0.000950515 0.999997 -0.00226453 -0.456884 0.00751225 0.00225737 0.999969 26.6703 
0.999965 -0.00202792 -0.00816551 -0.518913 0.00202308 0.999998 -0.000606159 -0.476007 0.00816668 0.00058966 0.999967 27.8777 
0.999952 -0.00245913 -0.00949915 -0.540805 0.00245237 0.999997 -0.00072761 -0.497862 0.00950086 0.000704321 0.999955 29.0987 
0.999941 -0.00312931 -0.0103754 -0.571334 0.00311202 0.999994 -0.00168578 -0.519157 0.0103805 0.00165344 0.999945 30.3023 
0.999928 -0.00372725 -0.0113841 -0.604905 0.00369866 0.99999 -0.00253544 -0.547667 0.0113934 0.00249319 0.999932 31.5149 
0.999914 -0.00393722 -0.0124941 -0.635922 0.00390449 0.999989 -0.00264665 -0.572425 0.0125043 0.00259769 0.999918 32.7139 
0.999905 -0.00461444 -0.0129941 -0.674449 0.00458732 0.999987 -0.00211926 -0.599747 0.0130036 0.0020595 0.999913 33.9095 
0.999895 -0.00474185 -0.0136831 -0.714153 0.0047177 0.999987 -0.00179973 -0.624188 0.0136914 0.00173503 0.999905 35.1207 
0.999885 -0.00518717 -0.0142298 -0.754727 0.00516033 0.999985 -0.00192493 -0.64808 0.0142396 0.00185132 0.999897 36.3217 
0.999873 -0.00556482 -0.0149078 -0.793193 0.005538 0.999983 -0.00184281 -0.675109 0.0149178 0.00176006 0.999887 37.5323 
0.999867 -0.00624185 -0.0150458 -0.829213 0.00622152 0.99998 -0.00140018 -0.693918 0.0150542 0.00130643 0.999886 38.7516 
0.999877 -0.00594944 -0.0144881 -0.886246 0.00594222 0.999982 -0.000544575 -0.708146 0.014491 0.000458459 0.999895 39.9774 
0.999878 -0.00563804 -0.0145616 -0.922167 0.00564484 0.999984 0.000423164 -0.736337 0.0145589 -0.000505268 0.999894 41.2002 
0.999882 -0.00501116 -0.0145266 -0.962326 0.00501062 0.999987 -7.63766e-05 -0.75883 0.0145268 3.62266e-06 0.999895 42.4249 
0.9999 -0.00368755 -0.0136904 -1.01763 0.0036875 0.999993 -3.18423e-05 -0.780593 0.0136904 -1.86019e-05 0.999906 43.6518 
0.999912 -0.00103243 -0.0132033 -1.05613 0.00105476 0.999998 0.00168124 -0.800335 0.0132015 -0.00169498 0.999911 44.8846 
0.999929 -0.0011933 -0.0118188 -1.09154 0.00124802 0.999989 0.0046201 -0.817481 0.0118131 -0.00463448 0.99992 46.0964 
0.999949 -0.000731223 -0.0100807 -1.1258 0.000806672 0.999972 0.00747832 -0.835178 0.0100749 -0.00748603 0.999921 47.3104 
0.999967 -0.000153537 -0.00813088 -1.16318 0.000240792 0.999942 0.0107263 -0.845664 0.00812873 -0.0107278 0.999909 48.5302 
0.999976 -0.00114235 -0.006788 -1.19374 0.00122361 0.999928 0.0119727 -0.855062 0.00677379 -0.0119807 0.999905 49.7496 
0.999979 -0.00295997 -0.00572386 -1.21158 0.0030193 0.999942 0.0103767 -0.859103 0.00569277 -0.0103937 0.99993 50.9631 
0.999987 -0.0018022 -0.00471847 -1.23643 0.00184204 0.999963 0.00844423 -0.862844 0.00470303 -0.00845277 0.999953 52.175 
0.99999 -0.00154378 -0.00416822 -1.26036 0.00157612 0.999969 0.00775685 -0.869983 0.00415607 -0.0077633 0.999961 53.3952 
0.999989 -0.0021799 -0.00409689 -1.28371 0.00221005 0.999971 0.00735881 -0.885606 0.00408068 -0.00736774 0.999965 54.6055 
0.999984 -0.00298457 -0.00481366 -1.31514 0.00301443 0.999976 0.00620044 -0.898998 0.004795 -0.0062148 0.999969 55.821 
0.999977 -0.00257662 -0.00629936 -1.34737 0.002618 0.999975 0.00656257 -0.911473 0.00628225 -0.00657887 0.999959 57.0282 
0.999968 -0.00260122 -0.00757592 -1.38262 0.00266073 0.999966 0.00785114 -0.922484 0.0075552 -0.007871 0.999941 58.2468 
0.99996 -0.00235033 -0.00862388 -1.41591 0.00242018 0.999964 0.00809371 -0.935575 0.00860451 -0.00811421 0.99993 59.4581 
0.999954 -0.00165446 -0.00945505 -1.45134 0.00172846 0.999968 0.00781941 -0.949358 0.00944177 -0.00783535 0.999925 60.6666 
0.999954 -0.00138993 -0.00949153 -1.49303 0.00146295 0.999969 0.00768654 -0.965422 0.00948051 -0.00770003 0.999925 61.8927 
0.999953 -0.00214919 -0.00950789 -1.52864 0.00221924 0.999971 0.00735817 -0.982048 0.00949175 -0.00737888 0.999928 63.102 
0.999947 -0.00328867 -0.0097658 -1.56031 0.00335079 0.999974 0.0063474 -0.99585 0.00974463 -0.00637974 0.999932 64.3119 
0.999941 -0.00310088 -0.0103886 -1.59058 0.00318153 0.999965 0.00775225 -1.01147 0.0103642 -0.0077848 0.999916 65.5189 
0.999936 -0.00349939 -0.0107198 -1.62475 0.00359979 0.99995 0.00935731 -1.02926 0.0106864 -0.00939527 0.999899 66.7305 
0.999938 -0.00279255 -0.0108016 -1.65844 0.00287532 0.999967 0.00765088 -1.04208 0.0107798 -0.00768142 0.999912 67.9485 
0.999945 -0.00145678 -0.0104263 -1.70411 0.00152611 0.999977 0.0066411 -1.05757 0.0104164 -0.0066566 0.999924 69.1526 
0.99995 0.000691546 -0.00998323 -1.74919 -0.000623589 0.999977 0.00680432 -1.07098 0.00998766 -0.00679771 0.999927 70.3577 
0.999954 0.0026156 -0.00926809 -1.79529 -0.00255141 0.999973 0.00692672 -1.08427 0.00928592 -0.00690271 0.999933 71.563 
0.999951 0.00415997 -0.00898667 -1.83212 -0.00409558 0.999966 0.00716677 -1.09569 0.00901614 -0.00712957 0.999934 72.7684 
0.999957 0.00495205 -0.00785508 -1.86731 -0.00488874 0.999956 0.00805316 -1.10846 0.00789457 -0.00801437 0.999937 73.9459 
0.999962 0.00671327 -0.00560657 -1.90637 -0.00666424 0.99994 0.00871076 -1.11959 0.00566467 -0.00867302 0.999946 75.133 
0.999983 0.00516894 -0.00284114 -1.93432 -0.00515031 0.999966 0.00651189 -1.13539 0.00287466 -0.00649711 0.999975 76.3257 
0.999997 0.00238839 -0.000262776 -1.95283 -0.00238789 0.999996 0.00176218 -1.15346 0.000266941 -0.0017615 0.999998 77.509 
0.999991 0.00381321 0.00189585 -1.97039 -0.00381519 0.999992 0.00106384 -1.16696 -0.00189182 -0.00107103 0.999998 78.6907 
0.999986 0.00244655 0.00472848 -1.98664 -0.00246884 0.999986 0.00472271 -1.18622 -0.0047169 -0.00473427 0.999978 79.8694 
0.999963 0.00296447 0.00812795 -2.00001 -0.00301348 0.999977 0.00603014 -1.20324 -0.00810993 -0.00605437 0.999949 81.0485 
0.999914 0.00341781 0.0126762 -2.01041 -0.00347042 0.999985 0.00413366 -1.21686 -0.012662 -0.00417725 0.999911 82.2177 
0.999853 0.00261339 0.0169595 -2.02076 -0.00263827 0.999996 0.00144723 -1.23873 -0.0169557 -0.00149172 0.999855 83.3711 
0.999777 0.00188917 0.0210338 -2.02349 -0.0018457 0.999996 -0.00208405 -1.25891 -0.0210377 0.0020448 0.999777 84.5207 
0.999696 0.000869859 0.0246612 -2.01092 -0.000800702 0.999996 -0.00281227 -1.28559 -0.0246636 0.00279171 0.999692 85.6744 
0.999589 0.000636131 0.0286665 -2.00522 -0.000606539 0.999999 -0.00103944 -1.31226 -0.0286671 0.00102167 0.999589 86.8155 
0.999467 0.00188969 0.0326051 -1.99233 -0.00187462 0.999998 -0.00049153 -1.3355 -0.032606 0.000430187 0.999468 87.9759 
0.999315 0.00156292 0.0369635 -1.98337 -0.00145734 0.999995 -0.00288189 -1.35347 -0.0369679 0.00282609 0.999313 89.1496 
0.999175 0.00117711 0.0405898 -1.96085 -0.00096809 0.999986 -0.00516774 -1.37938 -0.0405953 0.00512422 0.999163 90.3102 
0.99903 0.00162056 0.0440147 -1.93609 -0.00137674 0.999984 -0.00556819 -1.404 -0.044023 0.00550223 0.999015 91.471 
0.998904 8.16136e-05 0.0468084 -1.9007 0.000123662 0.99999 -0.0043816 -1.42827 -0.0468084 0.00438262 0.998894 92.6335 
0.99879 -0.000667845 0.0491788 -1.85863 0.000815761 0.999995 -0.00298681 -1.44914 -0.0491766 0.00302335 0.998786 93.7975 
0.998672 -0.00145347 0.0514915 -1.80048 0.00151429 0.999998 -0.00114142 -1.47184 -0.0514898 0.00121792 0.998673 94.9855 
0.998555 -0.00322384 0.0536382 -1.75547 0.00323082 0.999995 -4.26778e-05 -1.49301 -0.0536378 0.000215953 0.99856 96.1542 
0.998405 -0.0037102 0.0563375 -1.71988 0.00384505 0.99999 -0.00228467 -1.51253 -0.0563285 0.00249769 0.998409 97.3402 
0.998252 -0.0047688 0.058902 -1.67785 0.00516012 0.999966 -0.00649259 -1.52019 -0.058869 0.00678523 0.998243 98.5458 
0.998135 -0.00375607 0.0609378 -1.63038 0.00432629 0.999948 -0.00922741 -1.54555 -0.0609 0.00947387 0.998099 99.7304 
0.998051 -0.00357605 0.0622954 -1.57452 0.0042198 0.999939 -0.0102046 -1.56761 -0.0622551 0.0104476 0.998006 100.913 
0.998012 -0.00295012 0.0629484 -1.52826 0.003578 0.999945 -0.00986338 -1.58927 -0.0629159 0.010069 0.997968 102.068 
0.998046 -0.00269093 0.0624218 -1.48346 0.00321387 0.999961 -0.00827795 -1.60988 -0.0623971 0.00846243 0.998016 103.294 
0.998143 -0.00362781 0.0608142 -1.41471 0.00405255 0.999968 -0.00686162 -1.63463 -0.0607874 0.00709536 0.998126 104.537 
0.998254 -0.00324902 0.0589768 -1.3703 0.003608 0.999976 -0.00598066 -1.66386 -0.058956 0.00618305 0.998241 105.75 
0.998366 -0.00294567 0.057066 -1.33951 0.00326758 0.999979 -0.00554777 -1.68972 -0.0570485 0.00572521 0.998355 106.993 
0.998535 -0.0023978 0.05405 -1.29489 0.00270079 0.999981 -0.00553258 -1.71592 -0.0540358 0.00567049 0.998523 108.221 
0.998729 -0.0006493 0.0503925 -1.26017 0.000966423 0.99998 -0.00626808 -1.73756 -0.0503875 0.00630886 0.99871 109.447 
0.998918 -0.000513808 0.0465147 -1.2265 0.000776737 0.999984 -0.00563377 -1.76844 -0.0465111 0.00566384 0.998902 110.666 
0.999091 0.000208087 0.042621 -1.20003 -7.20814e-07 0.999988 -0.00486428 -1.79149 -0.0426216 0.00485987 0.99908 111.891 
0.999263 0.000465477 0.0383928 -1.17178 -0.000317876 0.999993 -0.00384939 -1.8213 -0.0383944 0.00383439 0.999255 113.125 
0.999411 0.000351265 0.0343159 -1.16616 -0.00024473 0.999995 -0.00310743 -1.85522 -0.0343169 0.00309725 0.999406 114.39 
0.999554 0.00112645 0.0298306 -1.16419 -0.00103212 0.999994 -0.00317596 -1.88108 -0.029834 0.00314379 0.99955 115.652 
0.999687 0.0019514 0.0249607 -1.16291 -0.00187216 0.999993 -0.00319597 -1.90488 -0.0249668 0.00314828 0.999683 116.897 
0.999796 0.00205011 0.0201117 -1.16448 -0.0019814 0.999992 -0.00343379 -1.933 -0.0201186 0.00339328 0.999792 118.148 
0.999875 0.00317255 0.0154844 -1.17611 -0.00311146 0.999987 -0.00396544 -1.95916 -0.0154969 0.00391681 0.999872 119.398 
0.999919 0.00500298 0.0116844 -1.18198 -0.00495662 0.99998 -0.00399002 -1.98511 -0.0117042 0.00393182 0.999924 120.641 
0.999929 0.00689246 0.00967895 -1.20848 -0.0068545 0.999969 -0.00394529 -2.00834 -0.00970588 0.0038787 0.999945 121.931 
0.999927 0.00817951 0.00886673 -1.23147 -0.00814024 0.999957 -0.00445123 -2.02912 -0.0089028 0.00437877 0.999951 123.178 
0.999913 0.0103418 0.00823912 -1.25083 -0.0103065 0.999938 -0.00431341 -2.05623 -0.00828326 0.00422815 0.999957 124.444 
0.999906 0.0116676 0.00725961 -1.26184 -0.0116429 0.999926 -0.00341999 -2.08042 -0.00729902 0.00333519 0.999968 125.699 
0.999905 0.0119434 0.00692163 -1.28056 -0.0119229 0.999925 -0.00298416 -2.10716 -0.0069568 0.00290139 0.999972 126.963 
0.999861 0.0156377 0.00575917 -1.30007 -0.0156312 0.999877 -0.00116741 -2.12693 -0.00577676 0.00107727 0.999983 128.227 
0.999852 0.0164032 0.00519479 -1.31976 -0.0164138 0.999863 0.00200397 -2.14685 -0.00516125 -0.0020889 0.999985 129.496 
0.999869 0.0154881 0.00461136 -1.3411 -0.015496 0.999879 0.00168122 -2.1649 -0.0045848 -0.00175241 0.999988 130.764 
0.999873 0.015366 0.00412825 -1.35902 -0.0153667 0.999882 0.000144937 -2.18241 -0.00412558 -0.000208315 0.999992 132.048 
0.999912 0.0127471 0.00372678 -1.38847 -0.0127513 0.999918 0.00112282 -2.20183 -0.0037122 -0.0011702 0.999992 133.347 
0.99994 0.0105385 0.0031359 -1.42066 -0.0105481 0.99994 0.00307953 -2.21995 -0.0031033 -0.00311238 0.99999 134.651 
0.999972 0.00700953 0.00245784 -1.43311 -0.00702139 0.999964 0.00486628 -2.23271 -0.00242368 -0.00488336 0.999985 135.938 
0.999986 0.00488231 0.00189491 -1.44943 -0.00489335 0.999971 0.00588583 -2.2464 -0.00186616 -0.00589498 0.999981 137.206 
0.999997 0.000745436 0.00238894 -1.47082 -0.000754796 0.999992 0.00393742 -2.26079 -0.00238602 -0.00393917 0.999989 138.48 
0.999995 -0.00211438 0.00233328 -1.48882 0.00210809 0.999994 0.00271273 -2.27339 -0.00233905 -0.00270776 0.999994 139.754 
0.999991 -0.0035333 0.0025123 -1.50532 0.0035269 0.999991 0.00256236 -2.29155 -0.00252137 -0.00255344 0.999994 141.022 
0.99999 -0.00340716 0.00299091 -1.52581 0.00339857 0.99999 0.00288692 -2.3096 -0.00300076 -0.00287668 0.999991 142.302 
0.99999 -0.00266082 0.00347443 -1.54682 0.00264428 0.999985 0.00477023 -2.32555 -0.00348712 -0.00476095 0.999983 143.589 
0.99999 -0.000751087 0.00440048 -1.56852 0.000724123 0.999981 0.00613553 -2.34003 -0.00440505 -0.00613224 0.999972 144.887 
0.999986 -0.000531327 0.00532764 -1.59959 0.000507059 0.99999 0.00456351 -2.36504 -0.00533005 -0.0045607 0.999975 146.197 
0.999983 -0.000225479 0.00582839 -1.61571 0.000211017 0.999997 0.00248901 -2.37811 -0.00582898 -0.00248769 0.99998 147.479 
0.999979 -0.000173079 0.00645865 -1.63639 0.000172742 1 5.92931e-05 -2.39986 -0.0064587 -5.81342e-05 0.999979 148.769 
0.999977 -0.00152658 0.00664783 -1.65125 0.00155343 0.999991 -0.00402876 -2.42382 -0.00664166 0.00403904 0.99997 150.062 
0.999974 -0.00142827 0.00709117 -1.66871 0.001483 0.999969 -0.00771255 -2.45177 -0.00707998 0.00772291 0.999945 151.352 
0.999972 -0.00149961 0.00727445 -1.68317 0.00156462 0.999959 -0.00893422 -2.48076 -0.00726079 0.0089454 0.999934 152.641 
0.999971 -0.00177747 0.0074019 -1.70272 0.00184263 0.99996 -0.008799 -2.51455 -0.00738601 0.00881243 0.999934 153.918 
0.999973 -0.00155787 0.00712552 -1.71944 0.00161738 0.999964 -0.00834775 -2.5489 -0.0071123 0.00835909 0.99994 155.209 
0.999976 -0.000744273 0.0069053 -1.73363 0.000797011 0.999971 -0.00763159 -2.58035 -0.00689946 0.00763695 0.999947 156.496 
0.999977 -0.000370977 0.00671576 -1.75006 0.000419022 0.999974 -0.00714778 -2.61207 -0.00671298 0.00715048 0.999952 157.779 
0.99998 -8.83206e-05 0.00626529 -1.76906 0.000134451 0.999973 -0.00735594 -2.65014 -0.00626451 0.00735668 0.999953 159.038 
0.999987 2.90802e-06 0.00513784 -1.77799 3.46207e-05 0.999973 -0.00729596 -2.67997 -0.00513777 0.00729608 0.99996 160.321 
0.999991 -0.000626525 0.0043113 -1.79518 0.000652459 0.999982 -0.00600666 -2.71488 -0.0043075 0.00600946 0.999973 161.629 
0.999992 0.000182636 0.00391544 -1.82231 -0.000160077 0.999983 -0.00575025 -2.74727 -0.00391647 0.00574962 0.999976 162.897 
0.999994 0.00037857 0.00338582 -1.84622 -0.000356541 0.999979 -0.00649193 -2.78451 -0.00338824 0.00649072 0.999973 164.178 
0.999995 0.000876144 0.00301641 -1.87298 -0.000853347 0.999971 -0.00753674 -2.81838 -0.00302297 0.00753417 0.999967 165.455 
0.999997 0.00158497 0.00200102 -1.88843 -0.00156957 0.99997 -0.00765113 -2.85074 -0.00201312 0.00764801 0.999969 166.731 
0.999999 0.00104616 0.00116962 -1.91206 -0.00103624 0.999964 -0.0084161 -2.88827 -0.00117842 0.00841492 0.999964 167.995 
0.999999 0.00135777 0.000443427 -1.93689 -0.00135347 0.999954 -0.00947302 -2.92148 -0.000456312 0.00947245 0.999955 169.277 
0.999999 0.00123082 -0.000289828 -1.96697 -0.00123332 0.999959 -0.00894208 -2.96094 0.000278768 0.00894248 0.99996 170.563 
0.999999 0.001328 -0.00106716 -1.99263 -0.00133596 0.999971 -0.00753416 -2.99798 0.00105708 0.00753562 0.999971 171.84 
0.999998 0.0012292 -0.0017213 -2.02066 -0.00124159 0.999973 -0.00723875 -3.03084 0.00171232 0.00724091 0.999972 173.122 
0.999995 0.00117831 -0.00305277 -2.03979 -0.0011992 0.999976 -0.00686418 -3.06107 0.00304457 0.00686784 0.999972 174.404 
0.999991 0.00197198 -0.00365319 -2.07492 -0.00199659 0.999975 -0.00675618 -3.09106 0.00363974 0.00676346 0.999971 175.696 
0.999991 0.00170416 -0.00386745 -2.11154 -0.00173264 0.999971 -0.00738433 -3.12838 0.00385471 0.00739101 0.999965 176.972 
0.999986 0.00289953 -0.00437377 -2.14417 -0.00293404 0.999964 -0.00791404 -3.16013 0.00435063 0.00792681 0.999959 178.251 
0.999985 0.00279831 -0.00466103 -2.17938 -0.00283318 0.999968 -0.00750258 -3.19374 0.00463984 0.00751572 0.999961 179.534 
0.999986 0.00294681 -0.00438752 -2.21612 -0.00298502 0.999957 -0.00873759 -3.22508 0.00436155 0.00875061 0.999952 180.82 
0.999988 0.00146335 -0.00462928 -2.24187 -0.00151093 0.999946 -0.0103002 -3.25962 0.00461391 0.0103071 0.999936 182.105 
0.999986 -0.000598966 -0.00520857 -2.2582 0.00054671 0.99995 -0.0100365 -3.29062 0.00521427 0.0100336 0.999936 183.394 
0.999985 -0.000525914 -0.00554896 -2.29075 0.000490123 0.999979 -0.00645702 -3.3224 0.0055522 0.00645425 0.999964 184.661 
0.999984 -0.00132976 -0.00557622 -2.32509 0.00131856 0.999997 -0.0020202 -3.35481 0.00557885 0.00201286 0.999982 185.929 
0.999984 -0.000384816 -0.00567981 -2.35202 0.000369685 0.999996 -0.00267227 -3.38167 0.00568078 0.00267017 0.99998 187.187 
0.999985 0.0016926 -0.00522487 -2.38774 -0.00172373 0.999981 -0.00596748 -3.40685 0.00521463 0.00597644 0.999969 188.427 
0.999983 0.00187686 -0.00559018 -2.42529 -0.00192252 0.999965 -0.00818029 -3.43651 0.00557459 0.00819094 0.999951 189.662 
0.999983 0.000965247 -0.00567902 -2.45597 -0.00100933 0.999969 -0.00777207 -3.47283 0.00567131 0.00777772 0.999954 190.914 
0.999985 0.000832983 -0.00533224 -2.49026 -0.000867473 0.999979 -0.00647713 -3.50821 0.00532669 0.00648171 0.999965 192.146 
0.999989 0.00164343 -0.00439791 -2.52563 -0.00166341 0.999988 -0.00455462 -3.53728 0.00439033 0.00456193 0.99998 193.399 
0.999994 0.000703352 -0.00325816 -2.55384 -0.000715357 0.999993 -0.00369796 -3.56834 0.00325549 0.00370031 0.999988 194.627 
0.999998 0.000725228 -0.00184886 -2.58219 -0.000733042 0.999991 -0.00425201 -3.59782 0.00184572 0.0042534 0.999989 195.872 
0.999999 -0.00106312 -0.000609126 -2.60627 0.00105962 0.999983 -0.00579078 -3.63159 0.000615229 0.00579017 0.999983 197.105 
0.999999 -0.00132652 0.000635073 -2.62414 0.00133112 0.999973 -0.00723839 -3.66546 -0.000625496 0.00723927 0.999974 198.344 
0.999995 -0.00202259 0.00228046 -2.65235 0.00203998 0.999969 -0.00763164 -3.7017 -0.002265 0.0076363 0.999968 199.574 
0.999991 -0.00148349 0.003956 -2.67599 0.00151107 0.999975 -0.0069678 -3.73385 -0.00394561 0.00697376 0.999968 200.8 
0.999985 -0.0014989 0.00528384 -2.69463 0.00152473 0.999987 -0.0048792 -3.77416 -0.0052765 0.00488722 0.999974 202.025 
0.999981 -0.000581145 0.00619131 -2.70787 0.000608791 0.99999 -0.00445748 -3.80193 -0.0061887 0.00446121 0.999971 203.236 
0.999974 -0.00095945 0.00714912 -2.72293 0.000992653 0.999989 -0.00463626 -3.82925 -0.00714463 0.00464327 0.999964 204.462 
0.999965 -0.000904686 0.00827089 -2.74183 0.000943181 0.999989 -0.00464646 -3.85534 -0.00826663 0.00465415 0.999955 205.679 
0.999957 -0.00105849 0.00916333 -2.74821 0.00109981 0.999989 -0.00450025 -3.88494 -0.00915851 0.00451018 0.999948 206.88 
0.999947 -0.000480884 0.0103041 -2.76725 0.000530117 0.999989 -0.00477158 -3.91217 -0.0103017 0.00477683 0.999936 208.076 
0.999936 -0.000750561 0.0112521 -2.77701 0.000804011 0.999988 -0.00474267 -3.9398 -0.0112484 0.00475145 0.999925 209.257 
0.999933 -0.00186359 0.011422 -2.77564 0.00191396 0.999989 -0.00439642 -3.97661 -0.0114137 0.00441802 0.999925 210.446 
0.999933 -0.0019975 0.0113773 -2.77986 0.00204033 0.999991 -0.00375062 -4.00264 -0.0113697 0.00377362 0.999928 211.614 
0.999936 -0.0025208 0.0110594 -2.78623 0.0025517 0.999993 -0.00277729 -4.03197 -0.0110523 0.00280537 0.999935 212.755 
0.999942 -0.00251206 0.0104895 -2.79676 0.00253916 0.999994 -0.0025667 -4.06535 -0.0104831 0.00259323 0.999942 213.867 
0.999949 -0.00216685 0.0099035 -2.80269 0.00220311 0.999991 -0.00364727 -4.09351 -0.00989555 0.00366894 0.999944 214.981 
0.999953 -0.00194364 0.00953053 -2.81577 0.00198381 0.999989 -0.00420222 -4.12424 -0.0095223 0.00422097 0.999946 216.088 
0.99996 -0.00215771 0.00873428 -2.82379 0.00219598 0.999988 -0.00436965 -4.15233 -0.00872479 0.00438869 0.999952 217.16 
0.99997 -0.00259324 0.00726915 -2.83679 0.00262535 0.999987 -0.00440517 -4.18093 -0.00725767 0.00442417 0.999964 218.227 
0.999982 -0.00264199 0.0053662 -2.84826 0.00266173 0.99999 -0.00366766 -4.20771 -0.0053565 0.00368192 0.999979 219.277 
0.999987 -0.00417814 0.00296611 -2.85691 0.00418375 0.99999 -0.00187244 -4.23969 -0.0029583 0.00188487 0.999994 220.342 
0.999994 -0.00347064 0.000581404 -2.87068 0.00347087 0.999994 -0.000326856 -4.26458 -0.000580309 0.000328914 1 221.387 
0.999992 -0.00330508 -0.00228104 -2.88067 0.00330439 0.999995 -0.00032349 -4.28788 0.00228205 0.000315992 0.999997 222.409 
0.999982 -0.00325524 -0.00512604 -2.89618 0.00325193 0.999995 -0.000662809 -4.31213 0.00512813 0.00064617 0.999987 223.427 
0.999964 -0.00325349 -0.00790002 -2.91713 0.00324841 0.999995 -0.000661912 -4.33161 0.00790209 0.000636268 0.999969 224.424 
0.999937 -0.00292432 -0.0108382 -2.9455 0.00292465 0.999996 9.86697e-06 -4.35634 0.0108381 -4.15219e-05 0.999941 225.383 
0.9999 -0.00255727 -0.0138927 -2.97273 0.00255633 0.999997 -8.81073e-05 -4.38316 0.0138929 5.26266e-05 0.999904 226.325 
0.999843 -0.00271492 -0.0175061 -2.98458 0.00270822 0.999996 -0.000408657 -4.4072 0.0175071 0.000361225 0.999847 227.275 
0.999767 -0.00268348 -0.0214354 -3.01007 0.00266269 0.999996 -0.000999956 -4.42904 0.021438 0.000942689 0.99977 228.161 
0.999685 -0.00157855 -0.0250523 -3.04313 0.00154784 0.999998 -0.00124696 -4.4514 0.0250542 0.00120783 0.999685 229.033 
0.999604 -0.00117117 -0.0281093 -3.08039 0.00111881 0.999998 -0.00188001 -4.47236 0.0281114 0.00184786 0.999603 229.877 
0.999534 0.000773338 -0.03051 -3.12461 -0.000829062 0.999998 -0.00181517 -4.49489 0.0305085 0.00183966 0.999533 230.714 
0.999524 0.00168969 -0.0308081 -3.1713 -0.0017315 0.999998 -0.00133157 -4.5142 0.0308057 0.00138432 0.999524 231.521 
0.999531 0.0019288 -0.0305494 -3.20512 -0.00193419 0.999998 -0.000148328 -4.53408 0.030549 0.000207389 0.999533 232.317 
0.999558 0.00220143 -0.0296562 -3.2472 -0.00218715 0.999998 0.000512512 -4.55281 0.0296572 -0.000447381 0.99956 233.084 
0.999566 0.00218886 -0.0293677 -3.28094 -0.00218054 0.999998 0.000313647 -4.5738 0.0293683 -0.000249431 0.999569 233.838 
0.999573 0.00287686 -0.0290672 -3.3096 -0.00293242 0.999994 -0.00187041 -4.58463 0.0290616 0.0019549 0.999576 234.59 
0.999588 0.0026194 -0.0285675 -3.34091 -0.00273643 0.999988 -0.00405999 -4.60115 0.0285565 0.00413653 0.999584 235.321 
0.999617 0.00266049 -0.0275419 -3.37175 -0.00280687 0.999982 -0.00527919 -4.62166 0.0275273 0.00535452 0.999607 236.053 
0.999649 0.00309455 -0.0263295 -3.39957 -0.00324811 0.999978 -0.00579274 -4.63806 0.0263109 0.00587627 0.999637 236.788 
0.999692 0.00246683 -0.0247006 -3.42575 -0.00261627 0.999978 -0.00602102 -4.65408 0.0246852 0.00608383 0.999677 237.518 
0.999736 0.00234957 -0.0228427 -3.45222 -0.00248678 0.999979 -0.00598229 -4.67187 0.0228281 0.00603756 0.999721 238.245 
0.999781 0.0024608 -0.0207645 -3.48122 -0.00258946 0.999978 -0.00617353 -4.69084 0.0207488 0.00622599 0.999765 238.97 
0.999821 0.00213354 -0.0187804 -3.50265 -0.00225499 0.999977 -0.00645022 -4.70893 0.0187662 0.00649146 0.999803 239.692 
0.999866 0.00231564 -0.0161999 -3.51998 -0.00241532 0.999978 -0.00613862 -4.72599 0.0161853 0.00617697 0.99985 240.413 
0.999915 0.00117428 -0.0129848 -3.53516 -0.00124648 0.999984 -0.00555689 -4.73886 0.012978 0.00557264 0.9999 241.137 
0.999948 9.5187e-05 -0.0101546 -3.55059 -0.000147449 0.999987 -0.00515021 -4.75804 0.0101539 0.00515148 0.999935 241.843 
0.999977 -2.44441e-05 -0.00685436 -3.57058 -1.14788e-05 0.999986 -0.00524699 -4.77407 0.00685435 0.00524699 0.999963 242.557 
0.999993 -0.000263424 -0.00365163 -3.58588 0.000243191 0.999985 -0.00555186 -4.78944 0.00365299 0.00555098 0.999978 243.255 
1 -0.000328175 -0.000408372 -3.60104 0.000325926 0.999984 -0.00559778 -4.80799 0.000410161 0.00559769 0.999984 243.953 
0.999997 0.000442465 0.00259581 -3.6102 -0.000425108 0.999978 -0.00666681 -4.81897 -0.00259874 0.00666573 0.999974 244.654 
0.999983 0.000275208 0.00581012 -3.61856 -0.000233881 0.999975 -0.00710517 -4.83756 -0.00581197 0.00710374 0.999958 245.36 
0.999963 -0.00011247 0.00862801 -3.62441 0.000163783 0.999982 -0.00594188 -4.85796 -0.00862723 0.00594311 0.999945 246.071 
0.99994 -0.000216781 0.0109728 -3.62919 0.000279673 0.999984 -0.00572647 -4.8721 -0.0109715 0.00572924 0.999923 246.77 
0.999906 -0.000301727 0.0136956 -3.63123 0.000382299 0.999983 -0.00587766 -4.88879 -0.0136936 0.00588239 0.999889 247.479 
0.999868 -0.000103973 0.0162588 -3.63417 0.000228579 0.999971 -0.00765954 -4.90428 -0.0162576 0.00766228 0.999839 248.186 
0.999834 0.00047364 0.0182109 -3.63387 -0.000293277 0.999951 -0.00990313 -4.92053 -0.0182147 0.00989619 0.999785 248.897 
0.999813 -0.000690116 0.0193045 -3.63253 0.000911687 0.999934 -0.011469 -4.93767 -0.0192954 0.0114845 0.999748 249.61 
0.999812 -0.000287789 0.0194084 -3.62947 0.000521527 0.999927 -0.012037 -4.95645 -0.0194035 0.0120449 0.999739 250.33 
0.999806 -0.00115937 0.0196763 -3.62726 0.00140262 0.999923 -0.0123512 -4.97866 -0.0196605 0.0123764 0.99973 251.055 
0.9998 -0.00028658 0.0199874 -3.62578 0.000542157 0.999918 -0.0127805 -4.99919 -0.0199821 0.0127888 0.999719 251.793 
0.999787 0.00056635 0.0206475 -3.62679 -0.000293773 0.999913 -0.0132 -5.02018 -0.0206532 0.0131911 0.9997 252.529 
0.999776 -0.000659193 0.0211686 -3.62224 0.000974607 0.999889 -0.0148912 -5.04477 -0.0211564 0.0149085 0.999665 253.278 
0.999745 -0.00479084 0.0220625 -3.62292 0.00516439 0.999844 -0.0169035 -5.06854 -0.0219781 0.0170132 0.999614 254.013 
0.999693 -0.00790427 0.0235 -3.62786 0.00832472 0.999806 -0.017846 -5.08646 -0.0233545 0.0180362 0.999565 254.784 
0.999687 -0.00499287 0.024513 -3.638 0.0053436 0.999884 -0.0142615 -5.10052 -0.024439 0.0143881 0.999598 255.577 
0.999676 -0.00143289 0.025408 -3.64692 0.0016375 0.999966 -0.00803245 -5.12425 -0.0253957 0.00807149 0.999645 256.358 
0.999644 -0.00212925 0.0265927 -3.64354 0.0022529 0.999987 -0.00461883 -5.14515 -0.0265826 0.00467713 0.999636 257.142 
0.999578 -0.0027899 0.0289176 -3.63064 0.00297893 0.999975 -0.00649438 -5.16652 -0.0288988 0.00657782 0.999561 257.936 
0.999443 -0.00167129 0.0333463 -3.62397 0.00209651 0.999917 -0.0127195 -5.18206 -0.0333223 0.0127824 0.999363 258.726 
0.999308 0.000548079 0.0371879 -3.61598 6.34648e-05 0.999865 -0.0164404 -5.19885 -0.0371919 0.0164314 0.999173 259.53 
0.999171 0.00215787 0.0406639 -3.60188 -0.00148965 0.999864 -0.0164548 -5.219 -0.0406939 0.0163807 0.999037 260.35 
0.999028 0.000414771 0.0440786 -3.58054 0.00021692 0.999897 -0.0143243 -5.24128 -0.04408 0.01432 0.998925 261.186 
0.998871 -0.00272155 0.0474364 -3.55532 0.00325741 0.999932 -0.0112218 -5.26318 -0.0474026 0.0113637 0.998811 262.03 
0.998726 -0.0050893 0.0502146 -3.52079 0.00557253 0.99994 -0.0094871 -5.2875 -0.0501633 0.00975487 0.998693 262.88 
0.998584 -0.00540833 0.0529271 -3.48754 0.00588874 0.999943 -0.00892428 -5.31157 -0.0528758 0.00922335 0.998559 263.714 
0.998447 -0.00324918 0.0556212 -3.46316 0.00385481 0.999934 -0.0107837 -5.33861 -0.0555826 0.0109814 0.998394 264.546 
0.998327 -0.00251092 0.057763 -3.42682 0.00327151 0.999909 -0.0130759 -5.36168 -0.0577249 0.013243 0.998245 265.373 
0.998179 -0.00182659 0.06029 -3.38714 0.00263828 0.999907 -0.0133854 -5.38086 -0.06026 0.0135202 0.998091 266.234 
0.997977 -0.00112888 0.0635692 -3.35915 0.0018542 0.999934 -0.0113514 -5.40518 -0.0635522 0.0114464 0.997913 267.088 
0.997749 0.000287464 0.0670659 -3.31952 0.000362396 0.999953 -0.00967684 -5.43087 -0.0670656 0.0096794 0.997702 267.956 
0.997526 0.00065572 0.070301 -3.28042 2.83089e-05 0.999953 -0.00972793 -5.45765 -0.0703041 0.00970589 0.997478 268.817 
0.997322 0.000855124 0.073125 -3.23692 -8.88168e-05 0.999945 -0.0104814 -5.47452 -0.07313 0.0104469 0.997268 269.676 
0.997101 -0.000722594 0.0760843 -3.18813 0.00155276 0.99994 -0.0108519 -5.49613 -0.0760719 0.0109386 0.997042 270.519 
0.996927 -0.00364203 0.0782538 -3.13668 0.00446432 0.999937 -0.010335 -5.51738 -0.0782113 0.0106527 0.99688 271.387 
0.996826 -0.00444194 0.0794852 -3.09032 0.00528911 0.999931 -0.0104504 -5.53965 -0.0794334 0.0108376 0.996781 272.242 
0.996745 -0.00484468 0.0804695 -3.04402 0.00572031 0.999927 -0.010654 -5.55856 -0.0804121 0.0110797 0.9967 273.097 
0.996694 -0.00467343 0.0811177 -2.99075 0.00556885 0.999926 -0.0108153 -5.5765 -0.0810612 0.0112313 0.996646 273.952 
0.996693 -0.00446048 0.0811357 -2.93669 0.00530147 0.999934 -0.0101522 -5.59974 -0.0810851 0.0105488 0.996651 274.815 
0.996726 -0.00383044 0.0807686 -2.88567 0.00464678 0.99994 -0.00992108 -5.62036 -0.0807258 0.010264 0.996684 275.684 
0.996787 -0.00396429 0.0800055 -2.83933 0.00484175 0.99993 -0.010776 -5.64384 -0.0799572 0.0111288 0.996736 276.544 
0.996926 -0.00406466 0.0782406 -2.78852 0.00499642 0.999919 -0.0117163 -5.66923 -0.0781867 0.0120713 0.996866 277.404 
0.997036 -0.00318835 0.0768712 -2.74147 0.00415737 0.999914 -0.0124483 -5.6952 -0.0768249 0.0127311 0.996963 278.263 
0.997174 -0.00196905 0.0751034 -2.69315 0.00295761 0.99991 -0.0130531 -5.71568 -0.075071 0.0132384 0.99709 279.122 
0.997279 -0.000382953 0.0737146 -2.65314 0.00136643 0.999911 -0.0132911 -5.7428 -0.073703 0.0133557 0.997191 279.975 
0.997401 -0.000662389 0.0720432 -2.62469 0.00155445 0.999923 -0.0123264 -5.78157 -0.0720295 0.0124064 0.997325 280.804 
0.997583 -0.00121787 0.0694747 -2.58423 0.00196231 0.999941 -0.0106474 -5.8094 -0.0694577 0.010758 0.997527 281.663 
0.997851 -0.00276584 0.0654723 -2.54897 0.0033107 0.999961 -0.0082142 -5.83459 -0.0654471 0.00841334 0.997821 282.512 
0.998135 -0.00354871 0.0609506 -2.51798 0.0039641 0.99997 -0.00669487 -5.85622 -0.0609251 0.00692403 0.998118 283.352 
0.998393 -0.0041738 0.0565203 -2.49128 0.00447005 0.999977 -0.00511524 -5.88378 -0.0564977 0.00535971 0.998388 284.19 
0.998644 -0.00429395 0.0518908 -2.46821 0.00453813 0.999979 -0.00458787 -5.90335 -0.0518701 0.00481717 0.998642 285.019 
0.998867 -0.00490068 0.0473277 -2.44454 0.00511429 0.999977 -0.00439243 -5.92047 -0.0473051 0.00462954 0.99887 285.839 
0.99907 -0.00595437 0.0426954 -2.42918 0.00613169 0.999973 -0.00402236 -5.94265 -0.0426704 0.00428046 0.99908 286.641 
0.999225 -0.0062065 0.0388839 -2.41552 0.00638671 0.999969 -0.0045109 -5.96361 -0.0388547 0.00475578 0.999234 287.412 
0.999367 -0.00593912 0.0350636 -2.40676 0.00610255 0.999971 -0.00455452 -5.98407 -0.0350356 0.00476565 0.999375 288.187 
0.999493 -0.0057843 0.0313235 -2.39899 0.00593196 0.999972 -0.00462199 -6.00454 -0.0312959 0.00480549 0.999499 288.953 
0.9996 -0.00627167 0.0275607 -2.38997 0.00639833 0.999969 -0.00450848 -6.02279 -0.0275316 0.00468306 0.99961 289.691 
0.999701 -0.00702469 0.0234162 -2.38812 0.00714754 0.999961 -0.00516486 -6.04256 -0.0233791 0.00533073 0.999713 290.412 
0.999816 -0.00556981 0.0183519 -2.38433 0.00569838 0.99996 -0.00695848 -6.05613 -0.0183124 0.00706182 0.999807 291.115 
0.999921 -0.0040426 0.0119226 -2.39408 0.00414817 0.999952 -0.00883946 -6.07495 -0.0118864 0.00888826 0.99989 291.792 
0.999989 -0.00325726 0.00345929 -2.41073 0.00329353 0.999939 -0.0105202 -6.09691 -0.00342486 0.0105315 0.999939 292.48 
0.99997 -0.00323143 -0.00698348 -2.4361 0.00315053 0.999928 -0.0115703 -6.12241 0.00702032 0.011548 0.999909 293.134 
0.999785 -0.00285162 -0.0205635 -2.46874 0.00260994 0.999927 -0.0117723 -6.14107 0.0205956 0.0117162 0.999719 293.783 
0.999305 -0.0022071 -0.0372108 -2.5233 0.00179365 0.999936 -0.0111419 -6.16685 0.037233 0.0110675 0.999245 294.425 
0.99836 0.000232189 -0.0572554 -2.58955 -0.000833457 0.999945 -0.0104786 -6.18699 0.0572498 0.0105091 0.998305 295.063 
0.996771 0.00171198 -0.0802846 -2.65608 -0.00257348 0.99994 -0.0106289 -6.20575 0.0802616 0.0108012 0.996715 295.669 
0.994356 0.0028069 -0.106056 -2.74448 -0.00398024 0.999933 -0.0108538 -6.2206 0.106019 0.0112147 0.994301 296.274 
0.990917 0.00403505 -0.134416 -2.84958 -0.00550456 0.999929 -0.010563 -6.23554 0.134364 0.011207 0.990869 296.884 
0.986203 0.00502654 -0.165461 -2.96861 -0.00667119 0.999934 -0.00938577 -6.2516 0.165403 0.0103602 0.986172 297.455 
0.979847 0.0046296 -0.199697 -3.11032 -0.0063165 0.99995 -0.00781117 -6.25889 0.199651 0.00891519 0.979827 298.037 
0.971661 0.00457937 -0.236336 -3.26521 -0.00618646 0.999963 -0.00605907 -6.27164 0.2363 0.00734949 0.971652 298.586 
0.961592 0.00570358 -0.274424 -3.44048 -0.00697317 0.999969 -0.00365122 -6.2805 0.274394 0.00542463 0.961602 299.118 
0.949245 0.00702416 -0.314459 -3.62471 -0.00771077 0.99997 -0.000939684 -6.29863 0.314442 0.00331675 0.949271 299.654 
0.934872 0.00732273 -0.354911 -3.83196 -0.0074307 0.999972 0.00105871 -6.30734 0.354909 0.00164752 0.9349 300.149 
0.918001 0.00688476 -0.396519 -4.06052 -0.00647514 0.999976 0.00237159 -6.30507 0.396526 0.000390438 0.918024 300.644 
0.898233 0.00669779 -0.439469 -4.29557 -0.00557791 0.999977 0.00383949 -6.31742 0.439485 -0.000997391 0.89825 301.12 
0.875369 0.00589296 -0.483419 -4.5543 -0.0042037 0.999981 0.00457787 -6.31966 0.483437 -0.00197513 0.875377 301.588 
0.849489 0.00489496 -0.527583 -4.83369 -0.00205286 0.99998 0.00597241 -6.32745 0.527602 -0.0039904 0.849482 302.026 
0.820554 0.00497948 -0.571547 -5.1399 -0.000740198 0.999971 0.00764929 -6.33219 0.571568 -0.00585356 0.820534 302.444 
0.788111 0.00622671 -0.615502 -5.45945 -0.00163782 0.999967 0.00801898 -6.33157 0.615532 -0.00531171 0.788094 302.845 
0.753101 0.00548562 -0.657882 -5.82283 0.00017385 0.999964 0.00853699 -6.34437 0.657904 -0.00654354 0.753073 303.202 
0.713955 0.00438462 -0.700178 -6.18471 0.00406868 0.999938 0.0104105 -6.34657 0.70018 -0.0102814 0.713893 303.534 
0.670699 0.00369003 -0.74172 -6.57428 0.00998923 0.999852 0.0140069 -6.34977 0.741662 -0.0168036 0.670563 303.83 
0.622584 0.00382488 -0.782544 -6.97324 0.0142802 0.999766 0.0162478 -6.3425 0.782423 -0.0212905 0.622384 304.102 
0.572246 0.00743868 -0.820049 -7.39358 0.0132924 0.999743 0.0183444 -6.34125 0.819975 -0.0213979 0.572 304.305 
0.519544 0.0137577 -0.854333 -7.82454 0.00812508 0.999746 0.0210404 -6.33877 0.854405 -0.0178729 0.5193 304.482 
0.463914 0.0174839 -0.885708 -8.24581 0.00546315 0.99973 0.0225961 -6.33271 0.885863 -0.0153214 0.463693 304.647 
0.405538 0.0193182 -0.913874 -8.66596 0.00490404 0.999716 0.023309 -6.32218 0.914065 -0.0139343 0.405329 304.805 
0.346458 0.0210818 -0.937829 -9.07555 0.00676288 0.999665 0.0249702 -6.31247 0.938041 -0.0149935 0.3462 304.923 
0.286228 0.0241537 -0.957857 -9.48763 0.00875576 0.999575 0.0278221 -6.30463 0.958121 -0.0163502 0.285895 305.029 
0.225513 0.0279397 -0.973839 -9.91124 0.0107977 0.999456 0.0311751 -6.30028 0.97418 -0.0175456 0.225089 305.096 
0.161365 0.0311753 -0.986402 -10.3371 0.0129491 0.999348 0.0337028 -6.2918 0.98681 -0.0182114 0.160856 305.146 
0.095653 0.0349689 -0.9948 -10.7831 0.0133887 0.999247 0.0364125 -6.27709 0.995325 -0.016802 0.0951128 305.162 
0.0291842 0.040846 -0.998739 -11.2442 0.0151766 0.999032 0.0413015 -6.27136 0.999459 -0.0163627 0.0285361 305.14 
-0.0393611 0.0475178 -0.998095 -11.7134 0.0169675 0.998756 0.0468802 -6.25468 0.999081 -0.0150899 -0.0401184 305.099 
-0.107205 0.0539852 -0.99277 -12.1902 0.0190421 0.998453 0.052238 -6.22815 0.994055 -0.0133042 -0.108068 305.005 
-0.174949 0.0602713 -0.982731 -12.665 0.0213054 0.998123 0.0574224 -6.20992 0.984347 -0.0108915 -0.175905 304.883 
-0.2421 0.0662575 -0.967986 -13.1539 0.0251394 0.997759 0.0620078 -6.18743 0.969925 -0.00932246 -0.243224 304.73 
-0.30753 0.0704851 -0.948924 -13.6453 0.0295481 0.997479 0.0645157 -6.16027 0.95108 -0.00819837 -0.308837 304.544 
-0.369698 0.0726999 -0.926304 -14.1257 0.0332357 0.997331 0.0650097 -6.13086 0.928557 -0.00675235 -0.371127 304.313 
-0.429372 0.0731973 -0.900157 -14.6049 0.0364616 0.997303 0.0637048 -6.09891 0.902392 -0.0054681 -0.430882 304.051 
-0.485196 0.0729058 -0.871361 -15.0773 0.0385651 0.997333 0.0619717 -6.06227 0.873555 -0.00353569 -0.486713 303.744 
-0.536674 0.0730169 -0.840625 -15.5466 0.0407174 0.997329 0.0606334 -6.02598 0.842807 -0.00168771 -0.538214 303.403 
-0.582849 0.0729498 -0.8093 -16.0176 0.042403 0.997336 0.0593612 -5.98956 0.811474 0.000281915 -0.584389 303.024 
-0.623484 0.0734303 -0.778381 -16.4846 0.0434157 0.997295 0.0593061 -5.95477 0.78063 0.00318242 -0.624985 302.61 
-0.660304 0.0771227 -0.747028 -16.9393 0.0479996 0.997013 0.0605038 -5.91922 0.749463 0.00409391 -0.662034 302.164 
-0.696602 0.0839185 -0.712534 -17.4009 0.0562195 0.996467 0.0623962 -5.88089 0.715252 0.00340705 -0.698858 301.688 
-0.731672 0.0891565 -0.675801 -17.8601 0.0624186 0.996007 0.0638215 -5.83898 0.678793 0.00451389 -0.734316 301.165 
-0.76384 0.0909755 -0.638962 -18.2925 0.0655464 0.995832 0.06343 -5.80293 0.642069 0.00656871 -0.766619 300.605 
-0.793423 0.0871254 -0.602403 -18.7086 0.0648639 0.99617 0.0586437 -5.76008 0.605205 0.00745516 -0.796035 300.003 
-0.819767 0.0841607 -0.56648 -19.0978 0.0658727 0.996435 0.0527121 -5.72162 0.568897 0.00589602 -0.822388 299.374 
-0.84408 0.0792338 -0.530331 -19.4802 0.0644544 0.996844 0.0463466 -5.68296 0.532329 0.00493808 -0.846523 298.693 
-0.866182 0.0764486 -0.493846 -19.8611 0.06438 0.997065 0.0414288 -5.64922 0.495564 0.00409116 -0.868562 297.977 
-0.885987 0.0752234 -0.457568 -20.2024 0.06398 0.997147 0.0400451 -5.62203 0.459275 0.00620426 -0.888273 297.23 
-0.904715 0.0719152 -0.419904 -20.5407 0.0615408 0.997373 0.0382214 -5.60199 0.421549 0.00873827 -0.906764 296.438 
-0.921437 0.0714643 -0.381898 -20.8494 0.0624259 0.997399 0.0360222 -5.57338 0.38348 0.00935184 -0.923502 295.616 
-0.936646 0.0738511 -0.342403 -21.1444 0.0656626 0.997212 0.0354626 -5.54795 0.344067 0.0107329 -0.938884 294.751 
-0.949756 0.0773651 -0.30328 -21.4062 0.0701227 0.996934 0.0347153 -5.52433 0.305036 0.0117042 -0.952269 293.859 
-0.960976 0.078367 -0.2653 -21.6264 0.0713994 0.996804 0.0358216 -5.50025 0.267259 0.0154814 -0.9635 292.939 
-0.970289 0.0812565 -0.227897 -21.8205 0.0749874 0.996533 0.0360482 -5.47803 0.230036 0.0178877 -0.973018 291.98 
-0.978161 0.0807317 -0.19153 -21.9814 0.075463 0.996546 0.0346575 -5.45452 0.193666 0.0194472 -0.980875 291.003 
-0.984328 0.0793817 -0.157468 -22.1054 0.0755292 0.996683 0.0303101 -5.43125 0.159351 0.0179417 -0.987059 290.006 
-0.989208 0.0776871 -0.124227 -22.2096 0.0750093 0.996841 0.0260973 -5.405 0.125862 0.0164976 -0.991911 288.973 
