1 2.12261e-08 -2.11895e-08 0 2.12261e-08 1 2.10703e-08 0 -2.11895e-08 2.10703e-08 1 0 
0.999978 0.000577659 -0.00654759 -0.00797193 -0.000575967 1 0.000253802 -0.000265512 0.00654769 -0.000249983 0.999979 0.0961731 
0.999905 0.000921086 -0.0137712 -0.016542 -0.000918174 1 0.000214735 -0.0017664 0.0137713 -0.000202028 0.999905 0.192864 
0.999774 0.00129096 -0.0212351 -0.0304692 -0.00130205 0.999999 -0.000510204 -0.00223443 0.0212344 0.00053778 0.999774 0.296152 
0.999526 0.00181169 -0.0307468 -0.0418341 -0.0018652 0.999997 -0.0017132 -0.00534672 0.0307435 0.00176978 0.999526 0.404428 
0.999112 0.00181408 -0.0420984 -0.0635642 -0.00195679 0.999993 -0.0033499 -0.00439822 0.0420919 0.00342935 0.999108 0.521394 
0.998442 0.00193042 -0.055774 -0.0859696 -0.00216961 0.999989 -0.00422906 -0.00528638 0.0557651 0.00434352 0.998435 0.653845 
0.997386 0.00191651 -0.072231 -0.112247 -0.00222775 0.999989 -0.00422911 -0.00532305 0.072222 0.00437901 0.997379 0.797894 
0.995867 0.000386134 -0.0908266 -0.147937 -0.000768655 0.999991 -0.00417706 -0.00656076 0.0908241 0.00422966 0.995858 0.956539 
0.993832 -0.000821118 -0.110897 -0.184247 0.000344242 0.999991 -0.0043196 -0.00853244 0.1109 0.00425482 0.993823 1.12167 
0.991071 -0.00101302 -0.133332 -0.230225 0.00038811 0.999989 -0.00471308 -0.0119233 0.133336 0.00461929 0.99106 1.29822 
0.987532 0.00256108 -0.157395 -0.292801 -0.0035618 0.999975 -0.00607656 -0.0179932 0.157376 0.00656145 0.987517 1.47367 
0.983127 0.00677147 -0.182797 -0.363778 -0.0083168 0.999936 -0.00768872 -0.0228667 0.182733 0.00907932 0.983121 1.65655 
0.977696 0.00976759 -0.209799 -0.442884 -0.0117953 0.999895 -0.00841588 -0.0311955 0.209695 0.0107028 0.977708 1.84712 
0.970853 0.0104351 -0.239448 -0.52199 -0.0128402 0.999882 -0.00848635 -0.0362167 0.239331 0.0113136 0.970872 2.0457 
0.962748 0.0124158 -0.270114 -0.620198 -0.0151372 0.999854 -0.00799442 -0.039179 0.269975 0.0117854 0.962795 2.25194 
0.953137 0.0140126 -0.302213 -0.723549 -0.0170006 0.999829 -0.00725893 -0.0382504 0.30206 0.0120566 0.953213 2.45993 
0.941729 0.0161461 -0.335984 -0.836735 -0.0192945 0.999796 -0.00603433 -0.0411252 0.335818 0.0121654 0.941848 2.66829 
0.929029 0.0182381 -0.369558 -0.956466 -0.0219017 0.999744 -0.00572008 -0.0412429 0.369359 0.0134081 0.92919 2.87017 
0.914776 0.0210562 -0.403412 -1.08081 -0.025232 0.999669 -0.00503809 -0.042513 0.403172 0.0147877 0.915005 3.07199 
0.898364 0.0212262 -0.438739 -1.21472 -0.0258709 0.999655 -0.00461005 -0.0386501 0.43849 0.0154921 0.898603 3.27608 
0.879504 0.0163206 -0.475612 -1.35558 -0.0214603 0.999755 -0.00537819 -0.03716 0.475408 0.014937 0.879639 3.48226 
0.857748 0.0113929 -0.513944 -1.51083 -0.0167417 0.999843 -0.00577709 -0.0373609 0.513797 0.0135596 0.857804 3.69265 
0.832054 0.0129532 -0.554544 -1.68005 -0.0173197 0.999847 -0.00263233 -0.0406938 0.554425 0.0117948 0.83215 3.89348 
0.80239 0.0184572 -0.596514 -1.87564 -0.0220816 0.999755 0.00123138 -0.0469606 0.596391 0.012184 0.802602 4.07836 
0.768876 0.0214346 -0.639038 -2.07991 -0.0252696 0.999676 0.00312719 -0.0517418 0.638898 0.0137439 0.769169 4.26176 
0.732026 0.0203778 -0.680972 -2.30178 -0.0244927 0.999694 0.00358638 -0.0483064 0.680836 0.0140535 0.732301 4.4438 
0.691259 0.016239 -0.722425 -2.53271 -0.0184842 0.999818 0.00478761 -0.0476492 0.722371 0.010044 0.691433 4.62504 
0.647703 0.0127086 -0.761787 -2.78642 -0.0132021 0.999898 0.00545593 -0.0462572 0.761779 0.00652346 0.647804 4.79592 
0.602049 0.0123742 -0.798363 -3.0617 -0.0104539 0.999916 0.0076148 -0.0461628 0.798391 0.00376161 0.602128 4.95332 
0.553794 0.0130051 -0.832552 -3.35269 -0.0084682 0.999914 0.00998661 -0.041255 0.832611 0.00151974 0.553857 5.0878 
0.502559 0.0136878 -0.864434 -3.66359 -0.00731712 0.999906 0.0115789 -0.0355867 0.864512 0.00050615 0.502612 5.20816 
0.449874 0.0152914 -0.892961 -3.98877 -0.00672129 0.999883 0.0137362 -0.031024 0.893067 -0.000177652 0.449924 5.30558 
0.395228 0.0172238 -0.918422 -4.33589 -0.00595374 0.999851 0.0161888 -0.0240734 0.918564 -0.000930149 0.395271 5.39713 
0.339861 0.0192986 -0.940278 -4.69289 -0.00544605 0.999813 0.018552 -0.0206689 0.94046 -0.00118426 0.339903 5.47106 
0.284828 0.022298 -0.958319 -5.08049 -0.00388835 0.999748 0.0221062 -0.0157577 0.958571 -0.00257015 0.284843 5.53178 
0.231027 0.0242006 -0.972646 -5.4801 0.000267405 0.999689 0.024937 -0.0134478 0.972947 -0.00602116 0.230949 5.58593 
0.179925 0.024749 -0.983369 -5.88713 0.0029538 0.999665 0.0256996 -0.0115704 0.983676 -0.00752862 0.179791 5.61641 
0.132363 0.0255949 -0.990871 -6.31229 0.00068344 0.999664 0.0259133 -0.0045021 0.991201 -0.00410713 0.132301 5.62385 
0.0898888 0.0257822 -0.995618 -6.75302 -0.00103842 0.999667 0.0257933 0.00487999 0.995951 -0.00128461 0.0898856 5.61924 
0.0519973 0.0242153 -0.998354 -7.21197 -0.00272257 0.999706 0.0241063 0.0173722 0.998644 0.00146467 0.0520479 5.60257 
0.017327 0.0214853 -0.999619 -7.67899 -0.00218042 0.999768 0.0214507 0.0258949 0.999848 0.00180796 0.0173698 5.58085 
-0.0142764 0.0187022 -0.999723 -8.16647 -0.00167601 0.999823 0.018728 0.0334952 0.999897 0.00194295 -0.0142425 5.54346 
-0.0409613 0.0168742 -0.999018 -8.66518 -0.00223497 0.999853 0.01698 0.0372976 0.999158 0.00292834 -0.0409176 5.49647 
-0.0618727 0.0145045 -0.997979 -9.17573 -0.0025625 0.999889 0.0146912 0.0443297 0.998081 0.00346634 -0.0618287 5.43793 
-0.0785145 0.0136924 -0.996819 -9.70333 -0.00154325 0.999903 0.0138563 0.0539211 0.996912 0.0026263 -0.0784858 5.37896 
-0.0917125 0.0143706 -0.995682 -10.239 -0.001083 0.999894 0.0145311 0.0538682 0.995785 0.00241105 -0.0916872 5.3164 
-0.101454 0.0153464 -0.994722 -10.795 -0.0021574 0.999875 0.0156459 0.0573114 0.994838 0.0037334 -0.101409 5.24308 
-0.108101 0.0165916 -0.994002 -11.3705 -0.00384229 0.999846 0.017107 0.0576576 0.994133 0.00566856 -0.108021 5.1563 
-0.112791 0.0175493 -0.993464 -11.9587 -0.00317212 0.999833 0.0180219 0.0628389 0.993614 0.00518414 -0.112717 5.07632 
-0.114234 0.0182776 -0.993286 -12.5631 -0.000876209 0.999829 0.0184987 0.0715325 0.993454 0.00298355 -0.114198 4.99647 
-0.113456 0.0204584 -0.993332 -13.1854 0.00114977 0.99979 0.0204601 0.0801907 0.993542 0.00117924 -0.113455 4.91862 
-0.112227 0.0228612 -0.99342 -13.8248 0.000751538 0.999737 0.0229217 0.0856487 0.993682 0.00182588 -0.112215 4.83668 
-0.110754 0.0225193 -0.993593 -14.4778 -0.00138227 0.999739 0.0228127 0.0927288 0.993847 0.00390004 -0.110693 4.75312 
-0.109345 0.019817 -0.993806 -15.1414 -0.00316908 0.999789 0.0202849 0.100752 0.993999 0.00536754 -0.109259 4.6685 
-0.108122 0.0195421 -0.993946 -15.828 -0.00336215 0.999794 0.0200228 0.113339 0.994132 0.00550674 -0.108034 4.58055 
-0.106726 0.0220373 -0.994044 -16.527 -0.00279324 0.999744 0.0224635 0.128908 0.994285 0.00517409 -0.106637 4.49856 
-0.104912 0.0254666 -0.994155 -17.2425 -0.00348342 0.999657 0.0259751 0.138517 0.994475 0.00618821 -0.104787 4.41128 
-0.10324 0.0276889 -0.994271 -17.976 -0.00356167 0.999596 0.0282071 0.146948 0.99465 0.0064534 -0.1031 4.32098 
-0.101739 0.0268337 -0.994449 -18.7168 -0.00505127 0.999609 0.0274897 0.160043 0.994798 0.00782004 -0.101563 4.23434 
-0.0999599 0.0236745 -0.99471 -19.4703 -0.00730809 0.999672 0.024527 0.173428 0.994965 0.00972118 -0.0997541 4.14083 
-0.0985456 0.0230642 -0.994865 -20.2393 -0.00817307 0.999679 0.0239854 0.184886 0.995099 0.0104948 -0.0983255 4.04778 
-0.0971455 0.025322 -0.994948 -21.0246 -0.00529948 0.999649 0.0259591 0.199522 0.995256 0.00779456 -0.0969772 3.96115 
-0.0961474 0.0277479 -0.99498 -21.8159 -0.00300005 0.999599 0.0281666 0.206078 0.995363 0.00569317 -0.0960255 3.87671 
-0.0950589 0.0294317 -0.995037 -22.6152 -0.00190351 0.999556 0.0297472 0.216965 0.99547 0.00472184 -0.0949607 3.78854 
-0.0945752 0.0247681 -0.99521 -23.4157 -0.00137506 0.999686 0.0250102 0.226514 0.995517 0.00373386 -0.0945114 3.6999 
-0.0942771 0.0177933 -0.995387 -24.2213 0.000397706 0.999841 0.0178353 0.232135 0.995546 0.00128563 -0.0942691 3.61016 
-0.0944941 0.0135097 -0.995434 -25.042 0.00366942 0.999906 0.013222 0.236224 0.995519 -0.00240322 -0.0945348 3.52216 
-0.0949778 0.0141262 -0.995379 -25.8721 0.00486364 0.999894 0.0137262 0.245899 0.995468 -0.00353744 -0.0950364 3.42879 
-0.0955263 0.021672 -0.995191 -26.7108 0.00491515 0.999761 0.0212998 0.245732 0.995415 -0.00285679 -0.09561 3.3381 
-0.0958688 0.0286146 -0.994983 -27.553 0.00362619 0.99959 0.0283977 0.252851 0.995387 -0.000885507 -0.0959333 3.24104 
-0.096423 0.0337456 -0.994768 -28.3963 0.00176127 0.999429 0.033733 0.26302 0.995339 0.00150062 -0.0964275 3.14249 
-0.096932 0.0340958 -0.994707 -29.2358 -2.55721e-05 0.999413 0.0342596 0.271763 0.995291 0.00334633 -0.0968742 3.04455 
-0.0975842 0.0304656 -0.994761 -30.0724 0.000107087 0.999532 0.0306012 0.285117 0.995227 0.00287971 -0.0975417 2.9508 
-0.0980158 0.0277637 -0.994798 -30.9072 -0.000206748 0.99961 0.0279184 0.297972 0.995185 0.00294215 -0.0979718 2.85353 
-0.0982091 0.0288397 -0.994748 -31.7449 -0.0012998 0.999575 0.029108 0.31192 0.995165 0.00415169 -0.09813 2.75354 
-0.0981525 0.0310374 -0.994687 -32.5819 -0.00164944 0.999507 0.0313505 0.322463 0.99517 0.00471785 -0.098053 2.6543 
-0.098181 0.0292071 -0.99474 -33.414 -0.00217107 0.999561 0.029563 0.331773 0.995166 0.00506221 -0.0980744 2.55936 
-0.0975273 0.0240531 -0.994942 -34.246 -0.00310135 0.999696 0.0244721 0.339421 0.995228 0.0054724 -0.097423 2.45474 
-0.0975783 0.0199692 -0.995028 -35.0794 -0.00447065 0.99978 0.020503 0.343163 0.995218 0.0064491 -0.0974676 2.35271 
-0.0970282 0.0208012 -0.995064 -35.92 -0.00375651 0.999767 0.0212658 0.34909 0.995275 0.0058014 -0.0969275 2.24782 
-0.0965675 0.0232779 -0.995054 -36.7577 -0.00234268 0.999718 0.0236144 0.354596 0.995324 0.00461152 -0.0964858 2.14992 
-0.0958406 0.0280839 -0.995 -37.5965 -0.00252212 0.999592 0.0284565 0.359128 0.995394 0.00523683 -0.0957306 2.04404 
-0.0952717 0.0336557 -0.994882 -38.442 -0.00149525 0.999422 0.0339525 0.369122 0.99545 0.00472234 -0.0951663 1.94362 
-0.0955872 0.0367033 -0.994744 -39.2831 -0.001539 0.999313 0.0370198 0.382294 0.99542 0.00506957 -0.0954651 1.84876 
-0.0952436 0.0365199 -0.994784 -40.1141 -0.00113683 0.999322 0.0367954 0.397196 0.995453 0.00463547 -0.0951375 1.75255 
-0.0954165 0.0320885 -0.99492 -40.9369 -0.000909723 0.999477 0.0323227 0.411303 0.995437 0.00398926 -0.0953374 1.6589 
-0.0950325 0.0277351 -0.995088 -41.7676 -0.0018992 0.999605 0.0280424 0.419891 0.995472 0.00455485 -0.0949423 1.56105 
-0.0951203 0.024859 -0.995155 -42.6 -0.00558077 0.999659 0.0255049 0.429775 0.99545 0.00797981 -0.0949491 1.45996 
-0.0956524 0.0228137 -0.995153 -43.4302 -0.00903552 0.999676 0.0237858 0.439362 0.995374 0.0112669 -0.0954153 1.35654 
-0.0967883 0.0210438 -0.995083 -44.2655 -0.00654379 0.999741 0.0217788 0.442153 0.995284 0.00861959 -0.0966255 1.26547 
-0.0980004 0.0175134 -0.995032 -45.0911 -0.00294654 0.999836 0.0178881 0.445512 0.995182 0.00468499 -0.0979327 1.17217 
-0.0991035 0.0160508 -0.994948 -45.9115 0.00117181 0.999871 0.0160135 0.450946 0.995076 0.000421149 -0.0991096 1.08355 
-0.101091 0.0194291 -0.994687 -46.7353 0.00147108 0.999811 0.0193796 0.453212 0.994876 0.000495886 -0.1011 0.982963 
-0.103153 0.0260021 -0.994326 -47.5639 0.00405125 0.999661 0.0257214 0.451097 0.994657 -0.00137498 -0.103224 0.890105 
-0.105485 0.0295726 -0.993981 -48.3825 0.00601308 0.999558 0.0291004 0.458665 0.994403 -0.00290718 -0.105617 0.795463 
-0.106964 0.0286962 -0.993849 -49.1878 0.00603162 0.999584 0.0282127 0.464535 0.994245 -0.00297673 -0.107093 0.693887 
-0.108137 0.0248609 -0.993825 -49.9904 0.00282783 0.999691 0.0246999 0.466124 0.994132 -0.000139337 -0.108174 0.584965 
-0.109413 0.0210928 -0.993773 -50.7828 -0.00177761 0.999769 0.0214158 0.471473 0.993995 0.00410974 -0.10935 0.473683 
-0.111095 0.0193481 -0.993621 -51.5786 -0.00575651 0.999781 0.0201117 0.477282 0.993793 0.00795414 -0.110959 0.364805 
-0.112253 0.020368 -0.993471 -52.3745 -0.0072793 0.999746 0.0213192 0.479714 0.993653 0.00962495 -0.112076 0.254368 
-0.113356 0.0219517 -0.993312 -53.1595 -0.00726616 0.999711 0.0229224 0.48114 0.993528 0.009816 -0.113164 0.149224 
-0.114432 0.0212963 -0.993203 -53.9369 -0.00892607 0.999708 0.0224642 0.483964 0.993391 0.0114361 -0.114208 0.0436627 
-0.115091 0.0210838 -0.993131 -54.7128 -0.00959355 0.999705 0.0223351 0.486023 0.993309 0.0120983 -0.114854 -0.0639977 
-0.11576 0.0230731 -0.993009 -55.4909 -0.00803775 0.999676 0.024165 0.488291 0.993245 0.0107789 -0.115537 -0.167348 
-0.116055 0.0258605 -0.992906 -56.263 -0.00693748 0.999616 0.0268462 0.494998 0.993219 0.0100039 -0.115831 -0.271457 
-0.116601 0.03013 -0.992722 -57.0338 -0.00700601 0.99949 0.0311583 0.49984 0.993154 0.0105881 -0.11633 -0.375668 
-0.117244 0.0321291 -0.992583 -57.7996 -0.00656995 0.99943 0.0331268 0.507935 0.993081 0.0104052 -0.116966 -0.482432 
-0.118173 0.0322918 -0.992468 -58.5512 -0.00629793 0.999427 0.0332681 0.515905 0.992973 0.0101819 -0.117902 -0.58352 
-0.118637 0.0304284 -0.992471 -59.2997 -0.00548489 0.999495 0.0312994 0.522315 0.992923 0.00915691 -0.11841 -0.687812 
-0.119267 0.0269765 -0.992496 -60.042 -0.00490087 0.999603 0.0277586 0.52814 0.99285 0.00817481 -0.119087 -0.784879 
-0.119524 0.0238777 -0.992544 -60.7634 -0.00496149 0.999684 0.024647 0.536733 0.992819 0.00787044 -0.119368 -0.883172 
-0.118143 0.0214991 -0.992764 -61.4801 -0.00559127 0.999735 0.0223155 0.540164 0.992981 0.00818727 -0.117992 -0.991165 
-0.116126 0.0207059 -0.993019 -62.1785 -0.0076336 0.999735 0.0217386 0.541871 0.993205 0.0101048 -0.115937 -1.0867 
-0.112439 0.0214712 -0.993427 -62.8555 -0.00776803 0.999717 0.0224864 0.543955 0.993628 0.0102454 -0.11224 -1.17366 
-0.106703 0.0229917 -0.994025 -63.5242 -0.00677559 0.999693 0.0238501 0.546221 0.994268 0.00928003 -0.106515 -1.25806 
-0.0993471 0.024553 -0.99475 -64.1828 -0.00583569 0.999664 0.0252571 0.548007 0.995036 0.00831431 -0.0991704 -1.3379 
-0.0906598 0.0257981 -0.995548 -64.8157 -0.00682141 0.999625 0.026525 0.549199 0.995859 0.00919583 -0.0904498 -1.40521 
-0.0791899 0.0272463 -0.996487 -65.4332 -0.00870297 0.999569 0.0280222 0.552902 0.996822 0.0108915 -0.0789187 -1.46138 
-0.0642507 0.0286971 -0.997521 -66.039 -0.0116216 0.999497 0.0295025 0.557003 0.997866 0.0134884 -0.0638849 -1.51142 
-0.0459652 0.0297063 -0.998501 -66.6286 -0.0128718 0.999457 0.0303273 0.563992 0.99886 0.0142466 -0.0455579 -1.54239 
-0.0239024 0.0304667 -0.99925 -67.1939 -0.0138207 0.99943 0.0308028 0.567641 0.999619 0.0145466 -0.0234677 -1.55306 
0.00151563 0.0308127 -0.999524 -67.7366 -0.0128948 0.999443 0.0307906 0.570595 0.999916 0.012842 0.00191211 -1.54592 
0.0306756 0.0304903 -0.999064 -68.2523 -0.0113874 0.99948 0.0301533 0.574134 0.999465 0.0104518 0.0310068 -1.51324 
0.0649608 0.0305227 -0.997421 -68.7409 -0.010209 0.9995 0.0299214 0.576812 0.997836 0.00823898 0.0652399 -1.4673 
0.102564 0.0308139 -0.994249 -69.2124 -0.00938187 0.999506 0.030009 0.581745 0.994682 0.00625012 0.102802 -1.39627 
0.143602 0.0303539 -0.98917 -69.669 -0.00910669 0.999528 0.0293497 0.587042 0.989594 0.00479342 0.143811 -1.30779 
0.188882 0.031416 -0.981497 -70.1108 -0.00790486 0.999504 0.0304711 0.588823 0.981968 0.00200319 0.189037 -1.19896 
0.237699 0.0301349 -0.970871 -70.5385 -0.00447152 0.999542 0.02993 0.590166 0.971329 -0.00277301 0.237725 -1.0667 
0.288405 0.0255834 -0.957167 -70.9423 0.00341104 0.999609 0.0277456 0.588808 0.957502 -0.0112668 0.288205 -0.913599 
0.340418 0.0205152 -0.940051 -71.3323 0.00863219 0.999652 0.0249418 0.589537 0.940235 -0.0166053 0.340122 -0.739753 
0.393638 0.0157739 -0.91913 -71.7057 0.0137251 0.999641 0.0230337 0.595466 0.919163 -0.0216821 0.39328 -0.548013 
0.445715 0.0152112 -0.895046 -72.0764 0.0135896 0.999625 0.0237559 0.602368 0.895072 -0.0227516 0.445341 -0.33861 
0.494895 0.0140492 -0.868839 -72.4416 0.0150511 0.999581 0.0247365 0.608736 0.868823 -0.0253189 0.494476 -0.102991 
0.540936 0.0101471 -0.841002 -72.787 0.0225817 0.999392 0.0265827 0.612108 0.84076 -0.0333708 0.540378 0.157988 
0.585609 0.003757 -0.810585 -73.1126 0.0331701 0.999041 0.0285942 0.615483 0.809915 -0.0436321 0.584922 0.445689 
0.629261 -0.00128877 -0.777193 -73.4213 0.034501 0.999059 0.0262773 0.618198 0.776428 -0.0433492 0.628713 0.730615 
0.671701 -0.00609531 -0.740797 -73.722 0.0310838 0.999317 0.0199621 0.62233 0.74017 -0.0364354 0.671432 1.0254 
0.713369 -0.0129242 -0.70067 -74.0057 0.0272619 0.999585 0.0093181 0.625738 0.700258 -0.0257488 0.713425 1.34025 
0.753875 -0.0155993 -0.656832 -74.2813 0.0221347 0.999754 0.0016615 0.63223 0.656644 -0.0157913 0.754035 1.678 
0.791992 -0.0167033 -0.610303 -74.5452 0.0205658 0.999788 -0.0006747 0.632727 0.610185 -0.012017 0.792168 2.05687 
0.826862 -0.017644 -0.562129 -74.7827 0.02029 0.999793 -0.00153595 0.62852 0.562039 -0.0101355 0.827048 2.45493 
0.85849 -0.0164168 -0.512567 -75.0152 0.0170453 0.999849 -0.00347478 0.628739 0.512547 -0.00575376 0.85864 2.87516 
0.885377 -0.0146615 -0.464643 -75.2336 0.0158842 0.999873 -0.00128314 0.617082 0.464602 -0.00624436 0.885497 3.33027 
0.907352 -0.008473 -0.420287 -75.4412 0.00937236 0.999956 7.46265e-05 0.609644 0.420268 -0.00400675 0.907391 3.79978 
0.925593 -0.00417203 -0.378497 -75.6422 0.00401277 0.999991 -0.00120959 0.60665 0.378498 -0.000399181 0.925602 4.29464 
0.93964 0.000902352 -0.342164 -75.8287 -0.000852364 1 0.000296359 0.605617 0.342164 1.32253e-05 0.93964 4.81948 
0.950112 0.00189142 -0.311905 -76.0031 -0.00118965 0.999996 0.00244009 0.601204 0.311908 -0.00194725 0.95011 5.37077 
0.957772 0.000906421 -0.287526 -76.1688 0.000295338 0.999991 0.00413613 0.596078 0.287527 -0.00404634 0.957764 5.94123 
0.963856 0.00117531 -0.26642 -76.3296 0.000501074 0.999981 0.00622407 0.594418 0.266422 -0.00613256 0.963837 6.52975 
0.968738 0.00377917 -0.248057 -76.4916 -0.00162251 0.999959 0.00889792 0.593821 0.248081 -0.00821723 0.968705 7.13417 
0.972518 0.0085307 -0.232671 -76.6525 -0.00628786 0.999926 0.0103794 0.594268 0.232742 -0.00863109 0.9725 7.75934 
0.975639 0.0125261 -0.219024 -76.8129 -0.0102183 0.99988 0.0116664 0.590762 0.219144 -0.00914415 0.97565 8.39874 
0.978577 0.0111557 -0.205577 -76.9616 -0.00896761 0.999893 0.0115723 0.589169 0.205684 -0.00948084 0.978573 9.05538 
0.981373 0.0110818 -0.191792 -77.0994 -0.00905882 0.999894 0.011421 0.587421 0.191898 -0.00947086 0.981369 9.72328 
0.984099 0.011441 -0.177253 -77.2285 -0.00943881 0.999882 0.0121347 0.588398 0.177371 -0.0102687 0.98409 10.4089 
0.986502 0.0131321 -0.163225 -77.3527 -0.0112263 0.999858 0.0125929 0.58988 0.163367 -0.0105905 0.986509 11.1106 
0.988519 0.0136551 -0.15048 -77.4726 -0.0123286 0.999877 0.00974416 0.588342 0.150595 -0.00777703 0.988565 11.8248 
0.990126 0.0139992 -0.139479 -77.5839 -0.0135117 0.999899 0.00444153 0.582343 0.139527 -0.00251304 0.990215 12.551 
0.991452 0.0121326 -0.129909 -77.6903 -0.0124603 0.999921 -0.00171024 0.579421 0.129877 0.00331436 0.991525 13.2929 
0.992495 0.0118856 -0.121709 -77.7933 -0.012197 0.999924 -0.00181401 0.574599 0.121679 0.00328493 0.992564 14.0452 
0.993263 0.0137807 -0.115058 -77.8947 -0.0133646 0.999901 0.00438706 0.56642 0.115107 -0.00281976 0.993349 14.8074 
0.993777 0.0181149 -0.109903 -78.0006 -0.0168482 0.999781 0.0124436 0.558407 0.110104 -0.0105145 0.993865 15.5734 
0.994234 0.0187452 -0.105584 -78.0963 -0.0171179 0.999721 0.0162972 0.550707 0.10586 -0.0143958 0.994277 16.3445 
0.994596 0.0174659 -0.102344 -78.184 -0.0159962 0.999757 0.0151634 0.551676 0.102584 -0.0134443 0.994634 17.1052 
0.994906 0.0175466 -0.0992713 -78.2739 -0.0162157 0.999768 0.0141976 0.550631 0.0994973 -0.0125155 0.994959 17.8696 
0.995234 0.016056 -0.0961887 -78.3634 -0.0145468 0.99976 0.0163701 0.551445 0.0964284 -0.0148928 0.995229 18.6384 
0.9955 0.0137953 -0.0937538 -78.4452 -0.0120905 0.999752 0.0187275 0.551068 0.0939888 -0.0175097 0.995419 19.4041 
0.995793 0.011537 -0.0909054 -78.525 -0.00970601 0.999742 0.0205582 0.54855 0.091119 -0.0195893 0.995647 20.1706 
0.996029 0.0108542 -0.0883613 -78.6027 -0.00938715 0.999811 0.0170009 0.54542 0.0885291 -0.0161039 0.995943 20.929 
0.996155 0.0138513 -0.0865024 -78.6878 -0.0130673 0.999868 0.00962233 0.542305 0.0866242 -0.00845493 0.996205 21.6792 
0.996297 0.0144677 -0.0847551 -78.7708 -0.0143516 0.999895 0.00197815 0.535631 0.0847748 -0.000754411 0.9964 22.4281 
0.996387 0.0149745 -0.0836037 -78.8473 -0.0152188 0.999882 -0.00228538 0.528429 0.0835595 0.00354951 0.996497 23.1828 
0.996551 0.0164858 -0.0813345 -78.9271 -0.0165732 0.999863 -0.000399917 0.513609 0.0813167 0.00174655 0.996687 23.927 
0.996675 0.0198025 -0.0790428 -79.0065 -0.0195873 0.999802 0.00349644 0.499948 0.0790963 -0.00193653 0.996865 24.6849 
0.996749 0.0234611 -0.0770812 -79.0857 -0.0228449 0.9997 0.00886612 0.483713 0.0772661 -0.00707634 0.996985 25.4476 
0.997009 0.0213056 -0.0742941 -79.1587 -0.0205633 0.999731 0.0107412 0.477009 0.074503 -0.00918131 0.997179 26.2038 
0.997133 0.0184842 -0.0733776 -79.2227 -0.0177631 0.999787 0.0104671 0.471043 0.0735555 -0.00913361 0.997249 26.9584 
0.997234 0.016852 -0.072395 -79.2874 -0.016115 0.999812 0.0107515 0.460614 0.0725625 -0.00955502 0.997318 27.7062 
0.997309 0.0165874 -0.0714081 -79.354 -0.0159946 0.999833 0.00886581 0.455466 0.0715431 -0.00769977 0.997408 28.4527 
0.99737 0.0150098 -0.0709134 -79.4151 -0.0144766 0.999863 0.00802525 0.445551 0.0710241 -0.00697751 0.99745 29.2029 
0.997406 0.0135271 -0.0706975 -79.477 -0.0129846 0.999883 0.00812661 0.440414 0.0707991 -0.00718751 0.997465 29.9611 
0.997415 0.0165786 -0.0699238 -79.5511 -0.0159836 0.999831 0.00905862 0.437902 0.0700621 -0.00791752 0.997511 30.7298 
0.997416 0.0166019 -0.0699054 -79.6239 -0.0160676 0.999837 0.0081976 0.432061 0.0700301 -0.00705316 0.99752 31.5057 
0.997283 0.0161421 -0.0718825 -79.6899 -0.0155983 0.999845 0.00811963 0.427462 0.0720024 -0.00697628 0.99738 32.2787 
0.997168 0.0138299 -0.0739204 -79.7618 -0.0132379 0.999876 0.00849259 0.423583 0.0740287 -0.00748995 0.997228 33.0635 
0.9969 0.0155318 -0.077128 -79.841 -0.0149381 0.999854 0.00826828 0.420714 0.0772451 -0.00709046 0.996987 33.848 
0.996625 0.0190736 -0.079844 -79.9299 -0.0184999 0.999798 0.00791786 0.412469 0.0799788 -0.00641398 0.996776 34.6365 
0.996421 0.0194077 -0.0822664 -80.0196 -0.0192215 0.999811 0.0030545 0.40516 0.08231 -0.00146224 0.996606 35.43 
0.996211 0.0201499 -0.0845976 -80.1109 -0.0202639 0.999795 -0.000489426 0.398836 0.0845703 0.00220189 0.996415 36.2293 
0.996051 0.0193326 -0.0866561 -80.1987 -0.019596 0.999806 -0.00219106 0.392945 0.0865968 0.00388056 0.996236 37.0436 
0.995835 0.0194164 -0.0890839 -80.2854 -0.0195681 0.999808 -0.000830688 0.381768 0.0890506 0.00257047 0.996024 37.8693 
0.995647 0.0178351 -0.0914788 -80.3717 -0.0178915 0.99984 0.000202704 0.367145 0.0914677 0.00143492 0.995807 38.7023 
0.995492 0.0171029 -0.0932911 -80.4632 -0.0169978 0.999854 0.00192019 0.35972 0.0933103 -0.000325747 0.995637 39.5372 
0.995382 0.0167782 -0.0945188 -80.5606 -0.0163296 0.999851 0.00551702 0.350548 0.0945973 -0.00394804 0.995508 40.3761 
0.995295 0.0161015 -0.0955425 -80.6554 -0.0151976 0.999833 0.0101807 0.342244 0.0956903 -0.0086807 0.995373 41.2209 
0.995327 0.0164369 -0.0951581 -80.7492 -0.0153355 0.999807 0.0122933 0.338071 0.0953418 -0.0107765 0.995386 42.0736 
0.995452 0.0194032 -0.0932643 -80.8473 -0.0183343 0.999756 0.0123034 0.335399 0.0934803 -0.0105375 0.995565 42.9308 
0.99563 0.0195091 -0.0913238 -80.9461 -0.0185827 0.999767 0.0109828 0.331634 0.0915168 -0.00923772 0.995761 43.7903 
0.995817 0.0174148 -0.0896991 -81.0387 -0.0167008 0.999823 0.00870466 0.327988 0.0898347 -0.00717016 0.995931 44.6591 
0.996051 0.0137167 -0.0877126 -81.1314 -0.0131447 0.999888 0.00709455 0.321395 0.0878001 -0.00591353 0.996121 45.5309 
0.996226 0.0127858 -0.0858463 -81.2208 -0.012248 0.999902 0.00678835 0.316959 0.0859246 -0.00571124 0.996285 46.3999 
0.996345 0.0103661 -0.084785 -81.3119 -0.00961628 0.999911 0.00924735 0.309294 0.0848732 -0.0083982 0.996356 47.2737 
0.996437 0.00750784 -0.0840059 -81.3939 -0.00654141 0.999909 0.0117731 0.301401 0.0840866 -0.0111816 0.996396 48.1469 
0.996499 0.00665245 -0.0833418 -81.4835 -0.00565387 0.999909 0.0122115 0.29169 0.0834155 -0.0116975 0.996446 49.0173 
0.996577 0.00816377 -0.0822712 -81.5718 -0.00745099 0.999932 0.00896655 0.281656 0.0823388 -0.00832281 0.99657 49.8838 
0.996622 0.0106808 -0.0814334 -81.6686 -0.010462 0.99994 0.00311264 0.271788 0.0814618 -0.00225013 0.996674 50.7363 
0.996696 0.012342 -0.0802813 -81.759 -0.012548 0.999919 -0.00206328 0.255547 0.0802493 0.00306388 0.99677 51.596 
0.996688 0.0170171 -0.0795159 -81.8507 -0.017701 0.999812 -0.00790475 0.238641 0.0793664 0.00928613 0.996802 52.4521 
0.996789 0.0169933 -0.0782447 -81.9376 -0.0177349 0.999804 -0.00879272 0.219324 0.0780799 0.0101522 0.996895 53.3004 
0.996852 0.0141329 -0.078015 -82.0209 -0.0143884 0.999893 -0.00271387 0.203411 0.0779683 0.00382788 0.996949 54.1536 
0.9968 0.0134403 -0.0787994 -82.1019 -0.0129683 0.999895 0.0064983 0.18525 0.0788784 -0.00545556 0.996869 55.0116 
0.996721 0.0127179 -0.0799137 -82.1857 -0.0116221 0.999832 0.0141613 0.171052 0.0800803 -0.0131861 0.996701 55.8721 
0.996558 0.0105851 -0.0822193 -82.2677 -0.00962865 0.999881 0.0120204 0.162873 0.0823367 -0.0111874 0.996542 56.7142 
0.996424 0.00563139 -0.084302 -82.3451 -0.00492887 0.999951 0.00853861 0.156883 0.0843459 -0.00809252 0.996404 57.5504 
0.996208 0.00408946 -0.0869091 -82.4317 -0.00348561 0.999969 0.00709812 0.145563 0.0869354 -0.00676822 0.996191 58.3775 
0.995971 0.00637208 -0.0894517 -82.5276 -0.00598561 0.999972 0.00458754 0.132296 0.0894783 -0.00403359 0.995981 59.2031 
0.995667 0.00774535 -0.0926625 -82.6257 -0.00765304 0.99997 0.00135115 0.118168 0.0926702 -0.000636101 0.995697 60.0216 
0.995276 0.00844932 -0.096718 -82.724 -0.0086776 0.999961 -0.00194031 0.104489 0.0966977 0.00277047 0.99531 60.8359 
0.994956 0.0103792 -0.0997749 -82.827 -0.01102 0.999922 -0.00587318 0.0837989 0.0997061 0.00694312 0.994993 61.6404 
0.994593 0.0152286 -0.102725 -82.94 -0.0159389 0.999854 -0.0060973 0.0661759 0.102617 0.00770169 0.994691 62.448 
0.994172 0.0188131 -0.106154 -83.0507 -0.0193881 0.999802 -0.00438774 0.0523713 0.106051 0.00642034 0.99434 63.254 
0.993702 0.0220868 -0.109854 -83.1642 -0.0220808 0.999755 0.00127104 0.0368934 0.109856 0.00116269 0.993947 64.0607 
0.993237 0.0225922 -0.113881 -83.2768 -0.0219737 0.999736 0.0066827 0.0228665 0.114002 -0.00413506 0.993472 64.8638 
0.992671 0.0218169 -0.118867 -83.3875 -0.0207351 0.999732 0.0103298 0.0112982 0.11906 -0.00778931 0.992857 65.6579 
0.991889 0.0214539 -0.12528 -83.5043 -0.0201754 0.999731 0.0114653 0.00467883 0.125492 -0.00884468 0.992055 66.4447 
0.991196 0.0197604 -0.130921 -83.6244 -0.0179326 0.999725 0.0151254 0.000309315 0.131184 -0.0126445 0.991277 67.2244 
0.990308 0.020109 -0.137428 -83.7491 -0.0182446 0.999724 0.0148122 -0.00582205 0.137688 -0.0121613 0.990401 67.9962 
0.989356 0.0249568 -0.143358 -83.8884 -0.0232251 0.999636 0.0137406 -0.0114064 0.143648 -0.0102648 0.989576 68.7621 
0.988396 0.0271347 -0.149456 -84.0274 -0.0259533 0.999615 0.00984962 -0.0150325 0.149665 -0.00585641 0.988719 69.5292 
0.987509 0.0255667 -0.155475 -84.166 -0.0247323 0.999668 0.00729841 -0.0228729 0.15561 -0.00336194 0.987813 70.2939 
0.986614 0.0269578 -0.160827 -84.3097 -0.0263492 0.999635 0.0059162 -0.0289496 0.160928 -0.0015993 0.986965 71.0597 
0.985785 0.0286248 -0.165558 -84.4565 -0.0272071 0.999571 0.0108246 -0.0309231 0.165797 -0.00616637 0.986141 71.8252 
0.984735 0.0291912 -0.171597 -84.6089 -0.0270267 0.999523 0.0149366 -0.0340495 0.171951 -0.0100709 0.985054 72.5773 
0.983656 0.0284659 -0.177792 -84.7638 -0.0258314 0.99952 0.0171155 -0.0441443 0.178193 -0.0122431 0.983919 73.3323 
0.982421 0.0261319 -0.184843 -84.9211 -0.0240799 0.999621 0.0133378 -0.0477314 0.185121 -0.00865232 0.982678 74.076 
0.980886 0.0240701 -0.193091 -85.0867 -0.0233392 0.999709 0.00605913 -0.0485246 0.193181 -0.00143667 0.981162 74.8185 
0.979137 0.0214322 -0.20207 -85.2584 -0.0210357 0.99977 0.00410953 -0.0529521 0.202112 0.000226931 0.979363 75.5595 
0.976922 0.0206851 -0.212591 -85.4414 -0.019676 0.999783 0.00686125 -0.0593116 0.212687 -0.00251992 0.977117 76.2993 
0.974437 0.0208643 -0.22369 -85.6294 -0.0184151 0.999746 0.0130295 -0.0618111 0.223905 -0.00857707 0.974573 77.0353 
0.971607 0.0223008 -0.235546 -85.8306 -0.0179554 0.999627 0.0205769 -0.0641296 0.235917 -0.0157633 0.971645 77.7669 
0.968835 0.022693 -0.246664 -86.0397 -0.0172831 0.999561 0.0240755 -0.0678113 0.247102 -0.019062 0.968802 78.4879 
0.965868 0.0264552 -0.257682 -86.2621 -0.0221647 0.999563 0.0195413 -0.0717976 0.258086 -0.0131628 0.966032 79.1987 
0.962645 0.0256517 -0.269548 -86.4848 -0.0237327 0.999665 0.010376 -0.0715218 0.269724 -0.00359128 0.962931 79.8989 
0.959247 0.0227889 -0.281649 -86.7146 -0.022165 0.99974 0.005401 -0.06946 0.281699 0.00106191 0.959502 80.5987 
0.955659 0.0213856 -0.293698 -86.9551 -0.019234 0.999763 0.0102122 -0.0694161 0.293847 -0.00411032 0.955844 81.3085 
0.952166 0.0229461 -0.304718 -87.2102 -0.0184715 0.999675 0.0175593 -0.0738933 0.305022 -0.0110907 0.952281 82.0261 
0.948322 0.0229032 -0.316483 -87.4711 -0.0165479 0.999604 0.0227544 -0.0739856 0.316879 -0.0163413 0.948325 82.7408 
0.943962 0.0203816 -0.329424 -87.7309 -0.0143819 0.999684 0.0206395 -0.0699891 0.32974 -0.0147451 0.943957 83.4476 
0.939988 0.0181109 -0.340726 -88.0048 -0.0134982 0.999782 0.0159037 -0.0688514 0.34094 -0.01035 0.940028 84.1484 
0.936728 0.0137253 -0.34979 -88.2859 -0.0111582 0.999894 0.00935288 -0.0762771 0.349881 -0.00485801 0.936781 84.8462 
0.933812 0.00973247 -0.357632 -88.5658 -0.00928419 0.999953 0.00297032 -0.0743858 0.357644 0.000546651 0.933858 85.5408 
0.930918 0.00963319 -0.3651 -88.8561 -0.0099169 0.99995 0.00109793 -0.0818251 0.365093 0.00259863 0.930968 86.2387 
0.927952 0.0149073 -0.372401 -89.1683 -0.0157148 0.999876 0.000866932 -0.0898797 0.372367 0.00504778 0.928072 86.9258 
0.924696 0.0144902 -0.38043 -89.4747 -0.0145631 0.99989 0.00268699 -0.0967956 0.380427 0.00305562 0.924806 87.6279 
0.921348 0.0152925 -0.388437 -89.786 -0.0126763 0.999876 0.00929694 -0.100985 0.388531 -0.00364172 0.921428 88.3315 
0.918452 0.0172077 -0.395158 -90.1086 -0.0113108 0.999787 0.0172478 -0.10132 0.395371 -0.0113717 0.918451 89.0394 
0.915711 0.0270161 -0.400928 -90.4428 -0.0189776 0.999532 0.0240077 -0.107039 0.401388 -0.0143755 0.915795 89.7297 
0.912881 0.0336124 -0.40684 -90.7791 -0.0274829 0.999404 0.0209018 -0.108364 0.4073 -0.00789964 0.91326 90.4156 
0.910295 0.0296605 -0.412895 -91.1043 -0.0266504 0.99956 0.0130484 -0.105348 0.4131 -0.000874029 0.910685 91.1012 
0.908268 0.0214952 -0.417836 -91.4343 -0.0210737 0.999762 0.00562295 -0.104601 0.417857 0.00369823 0.908505 91.7927 
0.906383 0.0222427 -0.421872 -91.7692 -0.0223863 0.999739 0.00461345 -0.103195 0.421864 0.00526264 0.906644 92.4827 
0.904015 0.0280632 -0.426579 -92.1236 -0.026331 0.999604 0.00995919 -0.111695 0.426689 0.00222906 0.904396 93.1792 
0.90138 0.0303037 -0.431967 -92.4771 -0.0269478 0.99954 0.0138887 -0.112698 0.43219 -0.00087837 0.901782 93.8759 
0.898993 0.0264366 -0.437165 -92.8255 -0.0235575 0.99965 0.0120077 -0.123264 0.43733 -0.00049632 0.899301 94.5669 
0.896437 0.0247417 -0.44248 -93.1779 -0.0248883 0.999675 0.00547564 -0.128294 0.442472 0.00610405 0.896762 95.254 
0.894151 0.0219144 -0.44723 -93.5427 -0.0249839 0.999687 -0.000965547 -0.132913 0.447069 0.0120369 0.894419 95.9368 
0.891739 0.0225122 -0.45199 -93.9124 -0.0265733 0.999643 -0.00263783 -0.138735 0.45177 0.0143632 0.892019 96.6201 
0.889596 0.025284 -0.456047 -94.2841 -0.0276342 0.999617 0.00151508 -0.152785 0.455911 0.0112548 0.889954 97.3026 
0.887394 0.0269783 -0.460221 -94.6601 -0.0284012 0.999589 0.00383331 -0.165588 0.460136 0.00966922 0.887796 97.9841 
0.884839 0.0276807 -0.465074 -95.0351 -0.028801 0.999574 0.00469734 -0.180467 0.465006 0.00923825 0.88526 98.6626 
0.882478 0.0257221 -0.469649 -95.411 -0.027038 0.999627 0.00394335 -0.191723 0.469575 0.00921851 0.882844 99.3371 
0.880217 0.0238163 -0.473973 -95.787 -0.0253808 0.999673 0.00309691 -0.199319 0.473892 0.00930389 0.880534 100.011 
0.877884 0.023107 -0.478315 -96.1628 -0.0243866 0.999696 0.00353608 -0.208813 0.478252 0.00856025 0.878181 100.673 
0.875501 0.0246555 -0.482587 -96.5492 -0.0259736 0.999655 0.00395177 -0.218307 0.482518 0.0090748 0.875839 101.329 
0.873126 0.0251591 -0.486844 -96.9353 -0.0267199 0.999636 0.00373847 -0.227506 0.486761 0.00974433 0.873481 101.986 
0.870591 0.0220224 -0.491515 -97.3147 -0.0254886 0.999675 -0.000355773 -0.240102 0.491347 0.0128378 0.870869 102.634 
0.868079 0.0188947 -0.496066 -97.6951 -0.0245502 0.999687 -0.00488398 -0.256208 0.495818 0.0164183 0.868271 103.276 
0.865862 0.0170289 -0.499993 -98.0782 -0.0239931 0.999684 -0.00750262 -0.270385 0.499707 0.0184927 0.865997 103.912 
0.863973 0.0189379 -0.503182 -98.4651 -0.0240837 0.999703 -0.00372707 -0.282158 0.502962 0.0153386 0.864172 104.539 
0.86211 0.023106 -0.506195 -98.8511 -0.0238006 0.999704 0.00509768 -0.294235 0.506162 0.007653 0.862404 105.163 
0.860502 0.0253023 -0.508819 -99.2322 -0.0207828 0.999678 0.0145641 -0.306527 0.509023 -0.00195773 0.860751 105.787 
0.859007 0.0254611 -0.511331 -99.6035 -0.0179788 0.999647 0.0195728 -0.318031 0.511648 -0.00761999 0.859161 106.385 
0.857272 0.0224893 -0.514373 -99.969 -0.0149553 0.999712 0.018784 -0.316357 0.514647 -0.00841031 0.857361 106.982 
0.855466 0.0204221 -0.517456 -100.336 -0.0147977 0.999778 0.0149937 -0.315157 0.517648 -0.00516938 0.855578 107.56 
0.853871 0.0185926 -0.520152 -100.695 -0.014512 0.999824 0.0119155 -0.317026 0.520282 -0.00262578 0.853991 108.118 
0.852478 0.0169768 -0.522488 -101.051 -0.0135127 0.999854 0.0104405 -0.316739 0.522589 -0.00184006 0.852583 108.665 
0.851206 0.015569 -0.5246 -101.39 -0.0121843 0.999877 0.00990414 -0.318137 0.52469 -0.00203851 0.851291 109.194 
0.849846 0.0159574 -0.526789 -101.725 -0.0119748 0.999868 0.0109694 -0.328188 0.526895 -0.00301411 0.849925 109.701 
0.848686 0.0157543 -0.528663 -102.05 -0.0109043 0.999865 0.0122912 -0.33125 0.528785 -0.00466661 0.848743 110.196 
0.847102 0.0146064 -0.531229 -102.359 -0.00920811 0.999876 0.0128086 -0.339374 0.53135 -0.00595855 0.847131 110.674 
0.845538 0.0128132 -0.533761 -102.649 -0.00699443 0.999892 0.012923 -0.342953 0.533869 -0.00719346 0.845537 111.132 
0.84455 0.0117648 -0.535348 -102.941 -0.00637737 0.999909 0.0119131 -0.34794 0.535439 -0.00664702 0.844548 111.562 
0.843209 0.011586 -0.537461 -103.217 -0.00840528 0.99993 0.0083685 -0.354942 0.53752 -0.00253884 0.843247 111.978 
0.84164 0.0089507 -0.539965 -103.485 -0.00805153 0.99996 0.00402586 -0.358021 0.539979 0.000959263 0.841678 112.375 
0.839472 0.00468488 -0.543383 -103.747 -0.00459709 0.999988 0.0015195 -0.356137 0.543383 0.00122246 0.839484 112.756 
0.836789 0.000438791 -0.547525 -103.995 0.000425952 0.999999 0.00145234 -0.353138 0.547525 -0.00144847 0.836788 113.127 
0.833238 0.00139435 -0.552912 -104.237 0.000144949 0.999996 0.00274021 -0.356839 0.552914 -0.00236334 0.833235 113.478 
0.829174 0.00477707 -0.55897 -104.471 -0.00287239 0.999987 0.00428515 -0.359657 0.558983 -0.00194751 0.829177 113.809 
0.825244 0.0103939 -0.564681 -104.702 -0.0068838 0.999942 0.00834538 -0.360226 0.564735 -0.00299977 0.825267 114.129 
0.821054 0.0159314 -0.570629 -104.921 -0.00875443 0.999844 0.0153182 -0.365828 0.570784 -0.0075815 0.821065 114.423 
0.816017 0.0174134 -0.577766 -105.125 -0.00755001 0.999782 0.0194691 -0.370957 0.577979 -0.0115249 0.81597 114.702 
0.810263 0.0148416 -0.585878 -105.317 -0.00332944 0.99978 0.020722 -0.374245 0.586056 -0.0148396 0.810134 114.968 
0.803053 0.0122314 -0.595782 -105.504 0.000345776 0.99978 0.0209914 -0.366479 0.595908 -0.0170632 0.802872 115.216 
0.794331 0.0110997 -0.607384 -105.694 0.00306072 0.999747 0.0222727 -0.371236 0.607477 -0.0195509 0.794096 115.44 
0.783841 0.0115901 -0.620854 -105.878 0.00328981 0.999734 0.0228165 -0.370619 0.620953 -0.0199269 0.783595 115.648 
0.771215 0.0130969 -0.63644 -106.056 0.00172861 0.999742 0.0226677 -0.377374 0.636572 -0.0185818 0.770993 115.84 
0.756687 0.0114072 -0.653677 -106.229 0.00187892 0.999806 0.0196223 -0.376784 0.653774 -0.0160761 0.756519 116.019 
0.741595 0.00894473 -0.670788 -106.401 0.000965289 0.999896 0.0144004 -0.37885 0.670847 -0.0113267 0.741509 116.178 
0.726127 0.00529163 -0.68754 -106.564 0.00127956 0.999958 0.00904749 -0.379384 0.687559 -0.00744933 0.72609 116.329 
0.710425 0.00509958 -0.703754 -106.731 -0.00255283 0.999986 0.00466909 -0.376094 0.703768 -0.00152042 0.710428 116.467 
0.694286 0.00805592 -0.719654 -106.906 -0.00977376 0.999951 0.00176434 -0.366636 0.719633 0.00580883 0.69433 116.598 
0.676449 0.00952713 -0.736428 -107.081 -0.0124821 0.999921 0.00147045 -0.359598 0.736384 0.00819751 0.676514 116.734 
0.657317 0.00782425 -0.753573 -107.26 -0.00951388 0.999953 0.0020837 -0.352275 0.753554 0.00579981 0.65736 116.869 
0.63673 0.00674063 -0.771058 -107.44 -0.00646167 0.999973 0.00340584 -0.348845 0.77106 0.00281377 0.636756 116.999 
0.61425 0.00862991 -0.789065 -107.628 -0.00653677 0.999962 0.00584787 -0.350673 0.789085 0.00156594 0.614282 117.116 
0.589633 0.0125571 -0.807574 -107.823 -0.0101866 0.999915 0.00811037 -0.337225 0.807607 0.00344433 0.589711 117.226 
0.564631 0.0159245 -0.82519 -108.022 -0.0123745 0.999865 0.0108282 -0.326753 0.825251 0.00409744 0.564751 117.328 
0.539053 0.0185732 -0.842067 -108.225 -0.0142732 0.999815 0.0129155 -0.322003 0.842151 0.00505687 0.539218 117.419 
0.512951 0.0214166 -0.858151 -108.433 -0.017525 0.999742 0.0144748 -0.318877 0.858239 0.00761427 0.513194 117.504 
0.485932 0.0257688 -0.873617 -108.638 -0.0219125 0.99961 0.0172968 -0.319948 0.873722 0.0107382 0.486307 117.578 
0.457762 0.0284672 -0.888619 -108.849 -0.0241998 0.999516 0.0195536 -0.317086 0.888745 0.0125536 0.45823 117.651 
0.427804 0.0276712 -0.903448 -109.061 -0.0234799 0.999534 0.0194959 -0.314013 0.903566 0.0128725 0.428255 117.719 
0.394984 0.0249742 -0.918349 -109.287 -0.0235802 0.999577 0.0170412 -0.320432 0.918385 0.0149239 0.395406 117.787 
0.360014 0.0200756 -0.932731 -109.532 -0.023366 0.999649 0.0124971 -0.309594 0.932654 0.0172951 0.360357 117.848 
0.320834 0.0171128 -0.946981 -109.793 -0.0235802 0.999671 0.010076 -0.295727 0.946842 0.0190973 0.321132 117.898 
0.279495 0.0151343 -0.960028 -110.078 -0.0231398 0.999692 0.00902279 -0.280437 0.959868 0.0196931 0.279759 117.937 
0.235299 0.0130214 -0.971836 -110.381 -0.0225109 0.999715 0.00794463 -0.271264 0.971662 0.0200076 0.235525 117.975 
0.187905 0.00954685 -0.982141 -110.7 -0.0216803 0.999749 0.00557008 -0.255821 0.981948 0.0202466 0.188065 117.999 
0.13866 0.00733735 -0.990313 -111.027 -0.0215675 0.999758 0.00438752 -0.249588 0.990105 0.0207502 0.138785 118.003 
0.0883828 0.0067794 -0.996064 -111.38 -0.0210189 0.999767 0.00493956 -0.240883 0.995865 0.0204996 0.0885047 117.99 
0.0361236 0.00777235 -0.999317 -111.742 -0.020623 0.999763 0.00703032 -0.232266 0.999135 0.020355 0.0362753 117.96 
-0.0172252 0.0104354 -0.999797 -112.113 -0.0174573 0.99979 0.0107361 -0.231663 0.999699 0.0176387 -0.0170394 117.916 
-0.0708509 0.0122346 -0.997412 -112.494 -0.0143769 0.999808 0.0132852 -0.226245 0.997383 0.015281 -0.0706614 117.851 
-0.124358 0.0138793 -0.99214 -112.89 -0.0109389 0.999822 0.0153579 -0.222068 0.992177 0.0127629 -0.124184 117.76 
-0.177175 0.0155224 -0.984057 -113.294 -0.00825637 0.999817 0.0172575 -0.214995 0.984145 0.0111824 -0.177014 117.645 
-0.22814 0.0171543 -0.973477 -113.703 -0.00656245 0.999795 0.0191561 -0.210901 0.973606 0.0107587 -0.227981 117.502 
-0.277477 0.0183178 -0.960558 -114.125 -0.00356745 0.999792 0.0200966 -0.201027 0.960726 0.00900311 -0.277354 117.338 
-0.325659 0.019545 -0.945285 -114.555 0.000757676 0.999791 0.020411 -0.188177 0.945487 0.00593082 -0.325606 117.155 
-0.372223 0.0211626 -0.927902 -114.992 0.00548276 0.999773 0.0206023 -0.182555 0.928127 0.00258124 -0.372255 116.944 
-0.416241 0.0229965 -0.908964 -115.43 0.00977425 0.999736 0.0208172 -0.174506 0.909202 -0.000219455 -0.416355 116.706 
