1 2.12261e-08 -2.11895e-08 0 2.12261e-08 1 2.10703e-08 0 -2.11895e-08 2.10703e-08 1 0 
0.999998 0.000777295 0.00180649 -0.00887439 -0.000775749 0.999999 -0.000832905 -0.00732818 -0.00180718 0.000831544 0.999998 0.449534 
0.999991 0.00218436 0.00363281 -0.0177037 -0.00217791 0.999996 -0.00176775 -0.0135635 -0.0036367 0.00175987 0.999992 0.912377 
0.99998 0.0033527 0.00542072 -0.0269484 -0.00333954 0.999992 -0.00242765 -0.0196294 -0.00542885 0.00240954 0.999982 1.38994 
0.999969 0.00363027 0.0070447 -0.0342866 -0.00361314 0.999991 -0.00243685 -0.0247269 -0.00705353 0.00241136 0.999972 1.88196 
0.999957 0.00305274 0.00871503 -0.0393032 -0.00303311 0.999993 -0.00226003 -0.0323913 -0.00872191 0.00223354 0.99996 2.3821 
0.999941 0.00244246 0.0106071 -0.0420264 -0.00243247 0.999997 -0.000951406 -0.0426981 -0.0106094 0.00092559 0.999943 2.89214 
0.999919 0.0024247 0.0124993 -0.0475131 -0.00243092 0.999997 0.000486377 -0.0493619 -0.0124981 -0.000516681 0.999922 3.40525 
0.999908 0.00296684 0.0132507 -0.0483757 -0.00299023 0.999994 0.00174896 -0.0584415 -0.0132455 -0.00178838 0.999911 3.92239 
0.999893 0.00377423 0.0141163 -0.0526426 -0.00379936 0.999991 0.00175736 -0.0679665 -0.0141096 -0.00181076 0.999899 4.44036 
0.999872 0.00486372 0.0152225 -0.0568162 -0.00488269 0.999987 0.00121225 -0.0737882 -0.0152165 -0.00128638 0.999883 4.95425 
0.999862 0.00495014 0.015871 -0.057281 -0.00496738 0.999987 0.00104924 -0.0817377 -0.0158656 -0.00112789 0.999874 5.47749 
0.999842 0.00619579 0.0166738 -0.0593281 -0.00620341 0.999981 0.00040804 -0.090068 -0.016671 -0.000511368 0.999861 6.00577 
0.999821 0.00715234 0.0175335 -0.0599354 -0.00714872 0.999974 -0.000266605 -0.097969 -0.017535 0.000141256 0.999846 6.54 
0.999793 0.00832841 0.018566 -0.0616289 -0.00832185 0.999965 -0.000428503 -0.106078 -0.018569 0.000273952 0.999828 7.07671 
0.999772 0.00891732 0.0194275 -0.0629056 -0.00889986 0.99996 -0.000982779 -0.116871 -0.0194355 0.000809693 0.999811 7.61932 
0.999734 0.010152 0.0206927 -0.0618727 -0.0101266 0.999948 -0.00133284 -0.126053 -0.0207052 0.00112298 0.999785 8.16576 
0.999662 0.0112935 0.0234147 -0.0579047 -0.0112622 0.999936 -0.00146516 -0.134088 -0.0234298 0.001201 0.999725 8.71669 
0.999553 0.0120318 0.0273633 -0.0526495 -0.0119851 0.999926 -0.00187035 -0.144293 -0.0273839 0.00154161 0.999624 9.27994 
0.999435 0.0120622 0.0313824 -0.0437203 -0.0119959 0.999925 -0.00229963 -0.15418 -0.0314079 0.00192191 0.999505 9.84699 
0.999277 0.0115135 0.0362342 -0.0298736 -0.0114193 0.999931 -0.00280514 -0.164532 -0.036264 0.00238939 0.999339 10.4257 
0.999042 0.0119318 0.0421072 -0.0114571 -0.0118297 0.999927 -0.00267074 -0.175215 -0.042136 0.00217011 0.99911 11.0086 
0.998748 0.0119409 0.0485789 -0.000652107 -0.0118485 0.999927 -0.00218895 -0.185866 -0.0486016 0.00161066 0.998817 11.5903 
0.998433 0.0120408 0.0546438 0.0257972 -0.0119008 0.999925 -0.00288598 -0.195344 -0.0546745 0.0022312 0.998502 12.1889 
0.998092 0.0102801 0.0608886 0.057749 -0.0100666 0.999942 -0.00381119 -0.207439 -0.0609243 0.00319101 0.998137 12.799 
0.997705 0.00953964 0.0670353 0.093369 -0.00927525 0.999948 -0.00425354 -0.216368 -0.0670724 0.00362205 0.997742 13.4166 
0.997242 0.0122468 0.0731976 0.131479 -0.0118229 0.999911 -0.00622186 -0.22697 -0.0732673 0.00533933 0.997298 14.0504 
0.996705 0.0160268 0.0795123 0.165419 -0.0153282 0.999838 -0.00938851 -0.23799 -0.07965 0.00813884 0.99679 14.6909 
0.996244 0.013256 0.0855667 0.210249 -0.0124943 0.999878 -0.00943011 -0.25112 -0.0856813 0.00832564 0.996288 15.3616 
0.995884 0.00594861 0.090439 0.269409 -0.00533777 0.999961 -0.00699404 -0.253305 -0.0904771 0.00648255 0.995877 16.0366 
0.995452 0.000164602 0.0952668 0.332109 0.00017756 0.999994 -0.00358266 -0.258772 -0.0952668 0.00358332 0.995445 16.7337 
0.995052 0.00138006 0.0993512 0.393837 -0.00131313 0.999999 -0.000738596 -0.254651 -0.0993521 0.000604519 0.995052 17.4402 
0.994847 0.000310291 0.101389 0.457976 -0.000210799 1 -0.000991566 -0.259478 -0.101389 0.000965123 0.994846 18.1706 
0.994832 -0.00368393 0.101467 0.525725 0.00398152 0.999988 -0.00273007 -0.263885 -0.101455 0.00312 0.994835 18.9077 
0.994933 -0.00907946 0.100131 0.585999 0.00962986 0.999941 -0.00501438 -0.264352 -0.10008 0.00595326 0.994962 19.6456 
0.995402 -0.0118424 0.0950471 0.651108 0.0124159 0.999908 -0.00544398 -0.275805 -0.094974 0.00659908 0.995458 20.4195 
0.99608 -0.0111202 0.087758 0.698386 0.0116451 0.999917 -0.00547007 -0.289849 -0.08769 0.00647061 0.996127 21.2065 
0.996852 -0.0108652 0.0785376 0.742321 0.0112043 0.99993 -0.00387738 -0.29811 -0.07849 0.00474518 0.996904 22.0196 
0.997568 -0.0110038 0.0688305 0.781491 0.0111519 0.999936 -0.00176656 -0.309371 -0.0688067 0.0025299 0.997627 22.8372 
0.998163 -0.00991035 0.0597628 0.80733 0.00984988 0.999951 0.00130718 -0.323895 -0.0597729 -0.00071608 0.998212 23.664 
0.998618 -0.00969073 0.0516579 0.831557 0.00951949 0.999948 0.00356071 -0.334383 -0.0516898 -0.00306399 0.998659 24.4989 
0.99896 -0.00816236 0.0448572 0.847239 0.0079799 0.999959 0.00424617 -0.34254 -0.04489 -0.00388376 0.998984 25.3379 
0.999209 -0.00706351 0.0391453 0.862511 0.00687864 0.999965 0.00485657 -0.354112 -0.0391783 -0.00458341 0.999222 26.1771 
0.999409 -0.00559216 0.0339134 0.87375 0.00542999 0.999973 0.00487346 -0.364619 -0.0339398 -0.00468639 0.999413 27.0075 
0.999566 -0.00521707 0.0289859 0.876184 0.00507997 0.999976 0.0048032 -0.377752 -0.0290103 -0.00465382 0.999568 27.8429 
0.999686 -0.00460479 0.0246325 0.869963 0.00450149 0.999981 0.00424912 -0.389021 -0.0246516 -0.00413686 0.999688 28.6746 
0.999792 -0.0033639 0.0201343 0.86938 0.00326796 0.999983 0.00479813 -0.40046 -0.0201501 -0.00473129 0.999786 29.5065 
0.999859 -0.00129578 0.0167431 0.863596 0.00120179 0.999983 0.00562506 -0.416978 -0.0167502 -0.00560411 0.999844 30.3462 
0.999897 0.00152447 0.014245 0.854067 -0.00161736 0.999978 0.00651431 -0.430907 -0.0142347 -0.00653664 0.999877 31.1779 
0.999917 0.00263633 0.0126263 0.844055 -0.00271864 0.999975 0.00651007 -0.444176 -0.0126089 -0.00654381 0.999899 32.0004 
0.999924 0.00341594 0.011829 0.837129 -0.00348853 0.999975 0.00612467 -0.456053 -0.0118078 -0.00616543 0.999911 32.8127 
0.999925 0.00525948 0.0110607 0.828376 -0.00531143 0.999975 0.00467702 -0.465831 -0.0110359 -0.00473538 0.999928 33.6291 
0.999921 0.0077983 0.00983334 0.825123 -0.00784124 0.99996 0.00434014 -0.476246 -0.00979914 -0.00441686 0.999942 34.4277 
0.999908 0.00982678 0.00931579 0.811184 -0.00987249 0.999939 0.00487846 -0.488217 -0.00926733 -0.00496994 0.999945 35.2206 
0.999897 0.011486 0.00862099 0.802763 -0.0115333 0.999919 0.00546585 -0.504212 -0.00855755 -0.00556468 0.999948 36.0026 
0.999883 0.0128875 0.00819363 0.790247 -0.0129328 0.999901 0.00550812 -0.516545 -0.00812188 -0.0056134 0.999951 36.7688 
0.999859 0.0149259 0.0076429 0.778817 -0.0149678 0.999873 0.00546275 -0.530322 -0.00756043 -0.00557633 0.999956 37.5147 
0.999823 0.0172964 0.00745824 0.767276 -0.0173406 0.999832 0.00591037 -0.543094 -0.00735481 -0.00603861 0.999955 38.2548 
0.999759 0.0205082 0.00778362 0.754283 -0.0205538 0.999772 0.00582056 -0.552921 -0.00766252 -0.0059791 0.999953 38.9783 
0.999659 0.0243375 0.00941899 0.741242 -0.0243933 0.999685 0.00585015 -0.565663 -0.00927369 -0.00607787 0.999939 39.685 
0.999583 0.0262086 0.0121461 0.736275 -0.0262665 0.999644 0.00464293 -0.578469 -0.0120201 -0.00495998 0.999915 40.3876 
0.999499 0.0273981 0.0158478 0.735323 -0.0274604 0.999616 0.00372875 -0.593087 -0.0157396 -0.00416202 0.999868 41.0622 
0.999419 0.026921 0.0209264 0.737058 -0.0270067 0.999628 0.00382476 -0.602817 -0.0208156 -0.00438764 0.999774 41.7456 
0.999263 0.0279053 0.0263639 0.740661 -0.0280213 0.999599 0.00404508 -0.614746 -0.0262405 -0.00478081 0.999644 42.4154 
0.99907 0.0283417 0.0325011 0.750338 -0.0285034 0.999584 0.00452354 -0.627965 -0.0323594 -0.00544569 0.999462 43.0623 
0.99882 0.027572 0.0399884 0.763092 -0.0277926 0.999601 0.00497317 -0.638367 -0.0398354 -0.00607864 0.999188 43.6934 
0.998454 0.0272942 0.0484264 0.786468 -0.0275582 0.999609 0.00479408 -0.649519 -0.0482767 -0.00612117 0.998815 44.3148 
0.997882 0.0277118 0.0588576 0.814545 -0.0280375 0.999596 0.00471472 -0.662691 -0.0587032 -0.00635491 0.998255 44.9247 
0.99712 0.0271534 0.0708092 0.850491 -0.0275307 0.999611 0.00435811 -0.670355 -0.0706634 -0.00629495 0.99748 45.5207 
0.996192 0.0258571 0.0832655 0.897704 -0.0263075 0.999645 0.00431686 -0.679949 -0.0831243 -0.00649089 0.996518 46.1055 
0.995021 0.0252342 0.0964185 0.94816 -0.0257177 0.999662 0.00377492 -0.690519 -0.0962907 -0.00623575 0.995334 46.6802 
0.993466 0.0251319 0.111331 1.00523 -0.0257147 0.999662 0.00380241 -0.701256 -0.111198 -0.00664037 0.993776 47.2394 
0.991506 0.0247189 0.12769 1.07695 -0.0254474 0.999668 0.00407698 -0.712614 -0.127547 -0.0072917 0.991806 47.7902 
0.989065 0.0270894 0.144973 1.15621 -0.0278526 0.999607 0.00323749 -0.721409 -0.144828 -0.00723994 0.98943 48.3293 
0.985828 0.0256222 0.165791 1.24803 -0.0263801 0.999649 0.00237086 -0.7329 -0.165672 -0.00671079 0.986158 48.8545 
0.981586 0.0288292 0.188832 1.34817 -0.0296205 0.99956 0.00136979 -0.745443 -0.188709 -0.00693783 0.982009 49.3708 
0.976418 0.0277726 0.214097 1.46508 -0.0282595 0.9996 -0.000786527 -0.761515 -0.214033 -0.00528226 0.976812 49.8699 
0.970275 0.0266649 0.24053 1.59505 -0.0265829 0.99964 -0.00358585 -0.773546 -0.24054 -0.00291472 0.970635 50.3507 
0.962905 0.0256638 0.268619 1.73663 -0.024853 0.999671 -0.00641892 -0.782204 -0.268695 -0.000495124 0.963225 50.8163 
0.954207 0.0234382 0.298226 1.89136 -0.0221788 0.999725 -0.0076066 -0.795008 -0.298323 0.000644008 0.954465 51.2661 
0.943915 0.0259959 0.329165 2.04607 -0.0239956 0.999661 -0.0101387 -0.803928 -0.329317 0.00167163 0.944218 51.6977 
0.93233 0.0262816 0.360652 2.21663 -0.0243724 0.999655 -0.00984155 -0.82154 -0.360786 0.000385671 0.932649 52.1153 
0.919222 0.0254046 0.392918 2.3953 -0.0239552 0.999676 -0.00859255 -0.837183 -0.393009 -0.00151395 0.919533 52.517 
0.904184 0.0242089 0.426457 2.59037 -0.023166 0.999703 -0.00763345 -0.85764 -0.426515 -0.00297725 0.904476 52.8938 
0.886916 0.0237419 0.46132 2.78974 -0.0226136 0.999713 -0.00797436 -0.872228 -0.461377 -0.00335949 0.887198 53.2543 
0.867537 0.0234135 0.496821 2.99489 -0.0217222 0.999722 -0.0091827 -0.883865 -0.496898 -0.00282566 0.867805 53.5931 
0.846243 0.0227089 0.532314 3.2189 -0.019896 0.999741 -0.0110199 -0.896982 -0.532426 -0.00126536 0.846476 53.918 
0.822853 0.0216729 0.567842 3.45124 -0.017424 0.999765 -0.0129091 -0.905879 -0.567988 0.000728261 0.823037 54.2223 
0.797386 0.0185279 0.603186 3.69826 -0.0134439 0.999826 -0.012939 -0.921929 -0.60332 0.00220823 0.797496 54.515 
0.769357 0.0149036 0.638645 3.95322 -0.010356 0.999887 -0.0108581 -0.934837 -0.638735 0.00173994 0.769425 54.7915 
0.739367 0.0106609 0.673219 4.22302 -0.00765312 0.999943 -0.00742959 -0.943045 -0.673259 0.000340987 0.739406 55.0607 
0.707197 0.0069919 0.706982 4.50369 -0.00628589 0.999974 -0.00360165 -0.955636 -0.706988 -0.00189691 0.707223 55.3128 
0.671906 0.00470635 0.740622 4.79044 -0.00742054 0.999972 0.000377704 -0.965564 -0.740599 -0.00574957 0.671922 55.5502 
0.634094 0.00102425 0.773255 5.0839 -0.00548297 0.99998 0.00317171 -0.971307 -0.773236 -0.00625088 0.634087 55.7687 
0.594776 -0.00266905 0.803887 5.38781 -0.00286029 0.999981 0.00543644 -0.98172 -0.803887 -0.00553279 0.594757 55.9606 
0.552571 -0.00473574 0.833453 5.70259 0.000544056 0.999986 0.00532135 -0.986138 -0.833466 -0.00248696 0.552566 56.135 
0.507617 -0.00387124 0.861574 6.03437 0.00151621 0.999992 0.00359993 -0.996142 -0.861581 -0.000521042 0.507619 56.3039 
0.460581 -0.00137226 0.887617 6.38008 0.000430556 0.999999 0.00132265 -1.00011 -0.887618 -0.000227007 0.460581 56.4633 
0.411047 0.00140327 0.911613 6.74548 -0.00260196 0.999997 -0.00036604 -1.00215 -0.91161 -0.00222151 0.41105 56.6137 
0.360816 0.00413867 0.932628 7.13099 -0.00657203 0.999977 -0.00189489 -1.0015 -0.932614 -0.00544554 0.360835 56.7456 
0.311047 0.00450661 0.950384 7.52813 -0.00883263 0.999959 -0.00185085 -1.00831 -0.950354 -0.00781868 0.311074 56.8505 
0.2626 0.00441868 0.964895 7.9413 -0.00710302 0.999971 -0.00264615 -1.01234 -0.964879 -0.00615878 0.262624 56.9366 
0.217396 0.00378371 0.976076 8.37432 -0.00522711 0.999983 -0.00271213 -1.01544 -0.976069 -0.00451244 0.217412 57.0097 
0.175605 0.00168242 0.984459 8.8257 -0.00528104 0.999986 -0.000766896 -1.0211 -0.984447 -0.00506429 0.175611 57.0709 
0.13686 -0.00043568 0.99059 9.30555 -0.00520291 0.999986 0.00115869 -1.02297 -0.990577 -0.00531253 0.136856 57.1202 
0.100544 -0.00234606 0.99493 9.8052 -0.00590807 0.999978 0.00295506 -1.02919 -0.994915 -0.00617523 0.100528 57.1567 
0.0679163 -0.00360258 0.997685 10.3227 -0.00468353 0.999981 0.00392975 -1.03435 -0.99768 -0.00493957 0.0678982 57.1771 
0.0387284 -0.00405464 0.999242 10.8594 -0.00446975 0.999981 0.00423092 -1.03632 -0.99924 -0.00463022 0.0387096 57.1843 
0.0120629 -0.00199416 0.999925 11.4169 -0.00670899 0.999975 0.00207524 -1.03938 -0.999905 -0.00673352 0.0120492 57.1907 
-0.0101467 0.000671263 0.999948 11.9944 -0.0105656 0.999944 -0.000778429 -1.03898 -0.999893 -0.0105729 -0.010139 57.1837 
-0.0298138 0.00145897 0.999554 12.5936 -0.0106986 0.999941 -0.00177861 -1.0443 -0.999498 -0.0107469 -0.0297965 57.1664 
-0.0468373 0.00196727 0.998901 13.211 -0.00648402 0.999976 -0.00227338 -1.04951 -0.998882 -0.00658337 -0.0468234 57.1296 
-0.0625576 0.00177245 0.99804 13.8443 -0.00451742 0.999988 -0.00205902 -1.05513 -0.998031 -0.00463737 -0.0625488 57.0875 
-0.0780975 0.000577961 0.996946 14.5019 -0.00504331 0.999987 -0.00097476 -1.06275 -0.996933 -0.00510404 -0.0780936 57.0447 
-0.0926603 0.00175264 0.995696 15.1731 -0.00406248 0.99999 -0.00213822 -1.06971 -0.99569 -0.00424312 -0.0926522 56.984 
-0.104954 0.00379657 0.99447 15.8621 -0.00264034 0.999988 -0.00409625 -1.07532 -0.994474 -0.00305565 -0.104942 56.915 
-0.114274 0.0062198 0.99343 16.5629 0.0041969 0.999975 -0.00577797 -1.08443 -0.99344 0.00350905 -0.114297 56.8279 
-0.119994 0.00905518 0.992733 17.2853 0.0116513 0.999902 -0.00771221 -1.09401 -0.992706 0.0106413 -0.120088 56.7374 
-0.122371 0.00920347 0.992442 18.0368 0.0162279 0.999842 -0.00727111 -1.10469 -0.992352 0.0152155 -0.122501 56.6503 
-0.12188 0.00766761 0.992515 18.7993 0.0173243 0.999834 -0.00559669 -1.11669 -0.992394 0.0165125 -0.121993 56.5642 
-0.119256 0.00685531 0.99284 19.5844 0.0207793 0.999774 -0.00440722 -1.12828 -0.992646 0.0201049 -0.119372 56.4865 
-0.114599 0.00591092 0.993394 20.3718 0.0228119 0.999734 -0.003317 -1.14234 -0.99315 0.022281 -0.114703 56.4051 
-0.110227 0.00694143 0.993882 21.1727 0.0209921 0.999769 -0.00465435 -1.15394 -0.993685 0.0203507 -0.110348 56.3363 
-0.106126 0.00795983 0.994321 21.9743 0.0206776 0.999769 -0.00579645 -1.16506 -0.994138 0.019945 -0.106266 56.2713 
-0.101573 0.00732839 0.994801 22.7816 0.0253701 0.999667 -0.00477379 -1.18116 -0.994505 0.0247534 -0.101725 56.1981 
-0.0978527 0.00530437 0.995187 23.5928 0.0311631 0.999512 -0.00226324 -1.19686 -0.994713 0.0307917 -0.0979703 56.1255 
-0.093817 0.00196225 0.995588 24.4051 0.0334457 0.99944 0.00118189 -1.20801 -0.995028 0.033409 -0.0938301 56.0554 
-0.0892974 -0.00176012 0.996003 25.2173 0.0365663 0.999319 0.0050444 -1.22521 -0.995334 0.0368706 -0.0891722 55.9971 
-0.0837271 -0.00459248 0.996478 26.0299 0.0373649 0.999272 0.00774491 -1.23503 -0.995788 0.0378817 -0.0834946 55.9388 
-0.0796689 -0.00595142 0.996804 26.8409 0.0349115 0.999352 0.00875695 -1.24381 -0.99621 0.0354976 -0.0794095 55.8955 
-0.0759447 -0.00734599 0.997085 27.6514 0.0282909 0.999554 0.00951905 -1.24831 -0.996711 0.0289314 -0.075703 55.8621 
-0.0716691 -0.0109006 0.997369 28.4684 0.022337 0.999672 0.0125309 -1.25256 -0.997178 0.0231763 -0.0714021 55.8313 
-0.0672938 -0.0122499 0.997658 29.2778 0.0194679 0.999718 0.0135884 -1.25946 -0.997543 0.0203368 -0.0670363 55.8005 
-0.0631104 -0.00849416 0.99797 30.0832 0.0201845 0.999748 0.00978578 -1.27087 -0.997802 0.0207611 -0.0629231 55.7649 
-0.0597375 -0.000471535 0.998214 30.8906 0.0208701 0.999781 0.00172127 -1.27527 -0.997996 0.0209357 -0.0597146 55.7319 
-0.0569565 0.00566303 0.998361 31.7042 0.019558 0.999798 -0.00455536 -1.28249 -0.998185 0.0192665 -0.0570557 55.7011 
-0.0553374 0.00484121 0.998456 32.5274 0.0185114 0.999821 -0.00382183 -1.29473 -0.998296 0.0182713 -0.0554172 55.6747 
-0.0538436 0.00124263 0.998549 33.3557 0.0213368 0.999772 -9.35879e-05 -1.30742 -0.998321 0.0213008 -0.0538578 55.641 
-0.053128 0.00101187 0.998587 34.1814 0.0218086 0.999762 0.000147268 -1.32388 -0.99835 0.0217857 -0.0531374 55.6121 
-0.0531793 0.00362463 0.998578 35.0098 0.0197067 0.999803 -0.00257955 -1.33759 -0.998391 0.0195415 -0.0532403 55.5872 
-0.053262 0.00488017 0.998569 35.8511 0.0128139 0.999909 -0.0042032 -1.35101 -0.998498 0.0125717 -0.0533197 55.5672 
-0.054069 0.00404046 0.998529 36.6942 0.0112583 0.999931 -0.00343647 -1.36447 -0.998474 0.0110559 -0.0541107 55.5361 
-0.0553664 0.00305885 0.998461 37.548 0.0115432 0.99993 -0.00242321 -1.37975 -0.998399 0.0113913 -0.0553979 55.5049 
-0.0569789 0.00687434 0.998352 38.4025 0.0113073 0.999917 -0.00623973 -1.39817 -0.998311 0.0109331 -0.0570519 55.4729 
-0.0584437 0.0112339 0.998228 39.2632 0.0114866 0.999878 -0.0105799 -1.40892 -0.998225 0.0108479 -0.0585656 55.4404 
-0.0589738 0.0140127 0.998161 40.1309 0.0132895 0.999824 -0.0132508 -1.42929 -0.998171 0.0124836 -0.0591496 55.4022 
-0.0602502 0.0149592 0.998071 41.0159 0.015532 0.999781 -0.0140472 -1.45378 -0.998062 0.0146557 -0.0604693 55.3644 
-0.0609449 0.0161658 0.99801 41.9084 0.0160779 0.999755 -0.0152122 -1.48137 -0.998012 0.0151188 -0.0611899 55.3209 
-0.0622198 0.0161775 0.997931 42.8128 0.0152928 0.999767 -0.0152537 -1.50052 -0.997945 0.0143121 -0.0624527 55.2831 
-0.0629428 0.0112805 0.997953 43.7217 0.014058 0.999847 -0.0104152 -1.52354 -0.997918 0.0133737 -0.0630918 55.2382 
-0.0643083 0.00975615 0.997882 44.6504 0.0138134 0.999865 -0.00888529 -1.54956 -0.997835 0.0132128 -0.0644344 55.1926 
-0.0660584 0.0130189 0.997731 45.5755 0.0143727 0.999824 -0.0120946 -1.57318 -0.997712 0.0135411 -0.0662339 55.1571 
-0.0665329 0.016968 0.99764 46.5105 0.0152679 0.999756 -0.0159858 -1.59131 -0.997667 0.0141682 -0.0667758 55.1073 
-0.066157 0.0182799 0.997642 47.4554 0.0182568 0.999687 -0.0171067 -1.61616 -0.997642 0.017082 -0.06647 55.0535 
-0.0661544 0.0148265 0.997699 48.4177 0.0227821 0.999651 -0.0133448 -1.64491 -0.997549 0.0218469 -0.0664691 54.9995 
-0.0665697 0.00937334 0.997738 49.3983 0.0244504 0.999671 -0.00776011 -1.66248 -0.997482 0.0238785 -0.066777 54.9453 
-0.0658251 0.00642285 0.997811 50.3906 0.0254313 0.999665 -0.00475706 -1.68564 -0.997507 0.0250625 -0.0659664 54.8939 
-0.0641621 0.00792419 0.997908 51.3783 0.0247323 0.999674 -0.00634797 -1.70419 -0.997633 0.0242732 -0.0643372 54.8488 
-0.0632901 0.0107309 0.997938 52.3692 0.0244361 0.999659 -0.00919961 -1.72329 -0.997696 0.0238035 -0.0635307 54.8025 
-0.0630956 0.0126655 0.997927 53.3665 0.0184378 0.999764 -0.011523 -1.74982 -0.997837 0.0176726 -0.0633142 54.7688 
-0.0637662 0.012502 0.997887 54.3828 0.0156534 0.999811 -0.0115258 -1.77133 -0.997842 0.0148854 -0.0639499 54.7319 
-0.064008 0.00806169 0.997917 55.4092 0.0162877 0.999843 -0.00703249 -1.78813 -0.997817 0.0158037 -0.0641292 54.6792 
-0.0646779 0.00201397 0.997904 56.4511 0.0142915 0.999897 -0.00109167 -1.81195 -0.997804 0.0141909 -0.0647 54.6316 
-0.0654233 0.00233089 0.997855 57.4848 0.0167958 0.999858 -0.00123433 -1.83359 -0.997716 0.016679 -0.0654532 54.5792 
-0.0656134 0.00573237 0.997829 58.5181 0.0200955 0.999788 -0.00442218 -1.85056 -0.997643 0.0197618 -0.0657147 54.5226 
-0.0666693 0.00860133 0.997738 59.5652 0.0223811 0.999724 -0.0071229 -1.86958 -0.997524 0.0218556 -0.0668435 54.4655 
-0.0687223 0.0056779 0.99762 60.6283 0.0224248 0.99974 -0.00414516 -1.89083 -0.997384 0.0220865 -0.0688317 54.4043 
-0.0712856 0.000322811 0.997456 61.6947 0.0237897 0.999716 0.00137668 -1.91204 -0.997172 0.0238273 -0.071273 54.3438 
-0.0743047 -0.00259951 0.997232 62.7667 0.0254595 0.999666 0.0045029 -1.9266 -0.996911 0.0257236 -0.0742137 54.2797 
-0.0779826 -0.00143723 0.996954 63.8379 0.0298603 0.999547 0.00377671 -1.93413 -0.996507 0.0300639 -0.0779044 54.2114 
-0.0813619 -0.00254264 0.996681 64.9102 0.0329408 0.999444 0.00523877 -1.94821 -0.99614 0.0332577 -0.0812328 54.1382 
-0.085066 -0.00458786 0.996365 65.9876 0.0366322 0.999299 0.00772894 -1.96324 -0.995702 0.0371565 -0.0848383 54.0604 
-0.0880632 -0.00410607 0.996106 67.0633 0.0405969 0.999146 0.0077077 -1.97456 -0.995287 0.0411176 -0.0878212 53.9873 
-0.0903015 -0.000504554 0.995914 68.1265 0.044263 0.99901 0.00451957 -1.98818 -0.99493 0.0444903 -0.0901897 53.9042 
-0.0921298 0.00427433 0.995738 69.1915 0.0468407 0.998902 4.60205e-05 -2.00202 -0.994645 0.0466453 -0.0922289 53.8264 
-0.0934625 0.00715948 0.995597 70.26 0.0501303 0.99874 -0.00247602 -2.01782 -0.99436 0.0496781 -0.0937036 53.7432 
-0.0927556 0.00643317 0.995668 71.3345 0.0494132 0.998777 -0.00184992 -2.03883 -0.994462 0.0490275 -0.09296 53.6598 
-0.090147 0.00394534 0.995921 72.4132 0.0503916 0.998729 0.000604826 -2.05985 -0.994653 0.0502405 -0.0902313 53.5918 
-0.085235 0.000888181 0.996361 73.4884 0.0537831 0.998546 0.00371086 -2.07242 -0.994908 0.0539037 -0.0851588 53.5088 
-0.0801224 -0.00216577 0.996783 74.5599 0.0535842 0.998542 0.00647678 -2.08714 -0.995344 0.0539308 -0.0798895 53.4439 
-0.0751617 -0.0055391 0.997156 75.6392 0.0549043 0.998445 0.00968477 -2.10078 -0.995659 0.0554761 -0.0747407 53.3855 
-0.0703691 -0.00669516 0.997499 76.7148 0.056227 0.998361 0.0106675 -2.1135 -0.995935 0.056837 -0.0698773 53.3291 
-0.0665757 -0.00252412 0.997778 77.7891 0.0567127 0.998371 0.00630975 -2.12647 -0.996168 0.0570068 -0.066324 53.2773 
-0.0643499 0.00218922 0.997925 78.8609 0.0561557 0.998421 0.00143086 -2.13737 -0.996346 0.0561313 -0.0643712 53.2305 
-0.0628937 0.00210207 0.998018 79.9341 0.0567873 0.998385 0.00147585 -2.15093 -0.996403 0.0567675 -0.0629115 53.1806 
-0.0614223 2.39663e-05 0.998112 81.0152 0.0574093 0.998345 0.00350895 -2.16896 -0.99646 0.0575164 -0.061322 53.1311 
-0.0592612 0.0028093 0.998239 82.0885 0.0580311 0.998315 0.000635591 -2.18821 -0.996554 0.0579666 -0.0593244 53.0818 
-0.0572769 0.00886683 0.998319 83.17 0.0580686 0.998297 -0.005535 -2.20433 -0.996668 0.0576539 -0.0576942 53.0402 
-0.055391 0.01225 0.99839 84.2669 0.057893 0.998282 -0.00903672 -2.22252 -0.996785 0.0572992 -0.056005 53.0133 
-0.0531473 0.0114698 0.998521 85.3566 0.0578061 0.998293 -0.00839038 -2.25345 -0.996912 0.0572747 -0.0537196 52.977 
-0.0495611 0.00826437 0.998737 86.4463 0.0556286 0.998436 -0.00550134 -2.28168 -0.997221 0.0552857 -0.0499434 52.9455 
-0.0452349 0.0040316 0.998968 87.5393 0.0551229 0.998478 -0.00153353 -2.30455 -0.997454 0.0549966 -0.0453883 52.9185 
-0.0407312 0.00175656 0.999169 88.6253 0.0534925 0.998568 0.000425166 -2.32398 -0.997737 0.0534653 -0.0407669 52.8934 
-0.037165 0.00589812 0.999292 89.6981 0.0494948 0.998766 -0.00405421 -2.34605 -0.998083 0.0493091 -0.037411 52.874 
-0.0353343 0.0153939 0.999257 90.78 0.0462367 0.998836 -0.0137524 -2.37244 -0.998305 0.0457164 -0.036005 52.8618 
-0.0346611 0.0232991 0.999128 91.8669 0.0404169 0.998943 -0.0218927 -2.40555 -0.998582 0.0396228 -0.0355662 52.8583 
-0.0342213 0.0229221 0.999151 92.9521 0.0399444 0.99897 -0.0215497 -2.44117 -0.998616 0.0391731 -0.0351017 52.8445 
-0.0331779 0.0168839 0.999307 94.0636 0.0397363 0.999089 -0.0155609 -2.47937 -0.998659 0.0391924 -0.0338185 52.8227 
-0.0344049 0.0106428 0.999351 95.1696 0.0414061 0.9991 -0.00921457 -2.51087 -0.99855 0.0410622 -0.0348146 52.8014 
-0.0360912 0.00494316 0.999336 96.2674 0.0400523 0.999192 -0.00349591 -2.53319 -0.998546 0.0398995 -0.03626 52.7744 
-0.038283 -0.000194116 0.999267 97.3723 0.0396048 0.999214 0.00171145 -2.56039 -0.998482 0.0396413 -0.0382452 52.7603 
-0.040056 0.000853477 0.999197 98.4656 0.0404295 0.999182 0.000767321 -2.57283 -0.998379 0.0404278 -0.0400577 52.7285 
-0.0419386 0.000923171 0.99912 99.5481 0.0397197 0.999211 0.000744039 -2.59729 -0.99833 0.0397159 -0.0419421 52.7011 
-0.0432841 -0.000467702 0.999063 100.626 0.0411881 0.999149 0.00225225 -2.6188 -0.998213 0.041247 -0.043228 52.6662 
-0.0441959 0.00126828 0.999022 101.704 0.0418333 0.999124 0.000582301 -2.64136 -0.998147 0.0418182 -0.0442103 52.6342 
-0.045057 0.00954117 0.998939 102.792 0.0426037 0.999063 -0.00762068 -2.66653 -0.998076 0.0422151 -0.0454213 52.6142 
-0.0451002 0.0173337 0.998832 103.85 0.039749 0.999089 -0.0155433 -2.69603 -0.998191 0.0390015 -0.0457481 52.5813 
-0.0461985 0.0175696 0.998778 104.916 0.0373229 0.999178 -0.0158502 -2.72991 -0.998235 0.036545 -0.0468163 52.5524 
-0.0483298 0.0116697 0.998763 105.988 0.0328337 0.99941 -0.0100884 -2.76407 -0.998292 0.0323056 -0.0486845 52.5248 
-0.0511329 0.00392125 0.998684 107.05 0.0266267 0.999642 -0.00256167 -2.78946 -0.998337 0.0264607 -0.051219 52.495 
-0.053243 -0.00423812 0.998573 108.106 0.0249577 0.999673 0.00557356 -2.80884 -0.99827 0.0252189 -0.0531199 52.4642 
-0.0546572 -0.0108128 0.998447 109.156 0.0285211 0.999516 0.0123857 -2.82591 -0.998098 0.0291538 -0.0543224 52.4167 
-0.0562675 -0.0110573 0.998355 110.199 0.0275916 0.99954 0.0126256 -2.83555 -0.998034 0.0282566 -0.0559365 52.3744 
-0.0567586 -0.00349691 0.998382 111.233 0.0314971 0.99949 0.00529146 -2.8509 -0.997891 0.0317464 -0.0566195 52.3273 
-0.0572054 0.0111475 0.9983 112.258 0.0402377 0.999151 -0.0088512 -2.87209 -0.997551 0.0396629 -0.0576054 52.2744 
-0.0584802 0.022353 0.998038 113.287 0.0454189 0.998774 -0.0197081 -2.89606 -0.997255 0.0441773 -0.0594238 52.2295 
-0.0588347 0.0191842 0.998083 114.321 0.0454303 0.998831 -0.0165205 -2.92514 -0.997233 0.0443712 -0.0596374 52.1872 
-0.0588759 0.00873643 0.998227 115.37 0.0481823 0.998821 -0.00589978 -2.95568 -0.997102 0.0477495 -0.0592274 52.1438 
-0.0582219 -0.00118659 0.998303 116.406 0.0486078 0.99881 0.00402209 -2.97566 -0.99712 0.0487595 -0.0580949 52.0954 
-0.0579367 -0.00653896 0.998299 117.434 0.0473907 0.998833 0.00929284 -2.99106 -0.997195 0.0478484 -0.0575592 52.0532 
-0.0581741 -0.0121039 0.998233 118.451 0.0454132 0.998859 0.0147581 -3.00382 -0.997273 0.0461915 -0.0575581 52.0163 
-0.0578084 -0.0154848 0.998208 119.46 0.0426434 0.998929 0.0179656 -3.01137 -0.997417 0.0436056 -0.0570862 51.9796 
-0.0576007 -0.0135818 0.998247 120.459 0.0416146 0.999006 0.0159934 -3.02277 -0.997472 0.0424629 -0.0569782 51.9378 
-0.056574 -0.00645595 0.998378 121.464 0.0394928 0.999182 0.00869909 -3.02766 -0.997617 0.0399209 -0.0562728 51.8939 
-0.0559638 -0.000604449 0.998433 122.461 0.0396401 0.99921 0.00282686 -3.04036 -0.997646 0.0397362 -0.0558956 51.848 
-0.0556523 0.00467824 0.998439 123.446 0.0399994 0.999197 -0.00245221 -3.05783 -0.997649 0.0398005 -0.0557947 51.808 
-0.0552248 0.00922742 0.998431 124.423 0.041514 0.999114 -0.00693749 -3.07795 -0.997611 0.0410658 -0.0555589 51.7637 
-0.054704 0.0135537 0.998411 125.393 0.0421729 0.999047 -0.0112516 -3.10508 -0.997612 0.0414904 -0.0552234 51.7246 
-0.0546849 0.012844 0.998421 126.358 0.0437523 0.998988 -0.0104549 -3.13092 -0.997545 0.0431114 -0.0551915 51.6856 
-0.0543645 0.00658957 0.998499 127.32 0.0421817 0.999101 -0.00429687 -3.15627 -0.99763 0.0418848 -0.0545935 51.647 
-0.0547504 -0.00326695 0.998495 128.276 0.0400469 0.999183 0.00546513 -3.17695 -0.997697 0.0402859 -0.0545749 51.614 
-0.0556522 -0.0112539 0.998387 129.218 0.0349456 0.999302 0.0132122 -3.19516 -0.997839 0.0356245 -0.0552201 51.5837 
-0.05784 -0.0143724 0.998222 130.143 0.0303861 0.999408 0.0161502 -3.20496 -0.997863 0.0312662 -0.057369 51.5532 
-0.059643 -0.0118278 0.99815 131.043 0.0259706 0.999573 0.0133966 -3.2173 -0.997882 0.0267215 -0.0593103 51.5222 
-0.0608301 -0.00474665 0.998137 131.92 0.0229648 0.999717 0.00615376 -3.22912 -0.997884 0.0232963 -0.0607039 51.4901 
-0.0612692 0.00225138 0.998119 132.782 0.025146 0.999684 -0.000711292 -3.24521 -0.997805 0.0250551 -0.0613064 51.4515 
-0.0601747 0.00791923 0.998156 133.622 0.0293797 0.999549 -0.00615906 -3.26656 -0.997755 0.0289549 -0.0603803 51.4116 
-0.0569044 0.0101925 0.998328 134.449 0.0330024 0.999421 -0.00832254 -3.2907 -0.997834 0.0324736 -0.0572078 51.3731 
-0.0522532 0.00979555 0.998586 135.261 0.0369972 0.999284 -0.0078664 -3.31292 -0.997948 0.0365338 -0.0525783 51.3416 
-0.0471111 0.00490805 0.998878 136.05 0.0402284 0.999186 -0.00301219 -3.33123 -0.998079 0.0400413 -0.0472702 51.3131 
-0.0431017 0.000771018 0.99907 136.818 0.0414517 0.99914 0.00101727 -3.35406 -0.99821 0.041457 -0.0430966 51.2937 
-0.038822 0.00100597 0.999246 137.555 0.0423939 0.999101 0.000641275 -3.37599 -0.998346 0.0423868 -0.0388297 51.2781 
-0.0340818 0.00558226 0.999403 138.261 0.0438123 0.999031 -0.00408605 -3.39538 -0.998458 0.0436469 -0.0342934 51.2622 
-0.0296108 0.00950995 0.999516 138.939 0.04397 0.998999 -0.00820237 -3.41391 -0.998594 0.0437059 -0.0299994 51.2544 
-0.0252137 0.0101676 0.99963 139.589 0.0447248 0.998959 -0.00903265 -3.43287 -0.998681 0.0444805 -0.0256422 51.2503 
-0.0209211 0.00982006 0.999733 140.21 0.041474 0.9991 -0.00894588 -3.45412 -0.998921 0.0412758 -0.0213095 51.2526 
-0.0171675 0.0089766 0.999812 140.803 0.0367601 0.999289 -0.00834067 -3.47542 -0.999177 0.03661 -0.0174853 51.2613 
-0.0134037 0.00914312 0.999868 141.367 0.0320539 0.999448 -0.00870954 -3.49688 -0.999396 0.031933 -0.0136893 51.2714 
-0.0105579 0.0124056 0.999867 141.916 0.0302515 0.999469 -0.0120812 -3.51351 -0.999487 0.03012 -0.0109276 51.2791 
-0.00935363 0.0165408 0.999819 142.448 0.0297201 0.999426 -0.0162562 -3.53199 -0.999515 0.0295627 -0.00983986 51.2829 
-0.00983771 0.017667 0.999796 142.977 0.026433 0.999499 -0.0174016 -3.55138 -0.999602 0.0262564 -0.0102998 51.2908 
-0.0117706 0.0159747 0.999803 143.508 0.0200519 0.999675 -0.0157366 -3.56763 -0.99973 0.0198627 -0.0120871 51.3034 
-0.013994 0.011764 0.999833 144.038 0.0144699 0.999829 -0.0115614 -3.58324 -0.999797 0.0143056 -0.0141618 51.3129 
-0.0159367 0.00665359 0.999851 144.568 0.0138942 0.999883 -0.0064323 -3.59792 -0.999777 0.0137896 -0.0160273 51.3103 
-0.0178567 0.00381413 0.999833 145.09 0.0172697 0.999845 -0.0035057 -3.61142 -0.999691 0.0172042 -0.0179198 51.2987 
-0.0201121 0.00586125 0.999781 145.602 0.0196682 0.999792 -0.00546562 -3.62882 -0.999604 0.019554 -0.0202232 51.2877 
-0.0231625 0.00902982 0.999691 146.106 0.019237 0.999778 -0.00858485 -3.64459 -0.999547 0.0190322 -0.0233311 51.284 
-0.0258243 0.0105923 0.99961 146.602 0.0153589 0.99983 -0.0101978 -3.65752 -0.999549 0.0150896 -0.0259826 51.2858 
-0.028363 0.0127124 0.999517 147.102 0.0140446 0.999826 -0.0123178 -3.66371 -0.999499 0.0136885 -0.0285366 51.2868 
-0.0303666 0.0139854 0.999441 147.598 0.0155315 0.999788 -0.0135183 -3.67515 -0.999418 0.0151123 -0.0305774 51.2778 
-0.0331387 0.0113898 0.999386 148.099 0.0163552 0.999807 -0.0108523 -3.69171 -0.999317 0.0159855 -0.0333186 51.2641 
-0.0359935 0.00600329 0.999334 148.595 0.0154507 0.999866 -0.00544995 -3.70853 -0.999233 0.0152442 -0.0360814 51.2578 
-0.0387519 0.00276179 0.999245 149.076 0.0148474 0.999887 -0.00218773 -3.7196 -0.999139 0.0147514 -0.0387885 51.2526 
-0.0412013 0.00173511 0.999149 149.568 0.0124166 0.999922 -0.00122439 -3.73053 -0.999074 0.0123556 -0.0412196 51.2394 
-0.0434676 0.000135482 0.999055 150.056 0.0111271 0.999938 0.000348566 -3.74304 -0.998993 0.0111318 -0.0434664 51.2331 
-0.0445276 -0.00144425 0.999007 150.539 0.0104146 0.999944 0.00190984 -3.75473 -0.998954 0.0104892 -0.04451 51.2179 
-0.0452703 -0.00162721 0.998973 151.028 0.0101834 0.999946 0.00209032 -3.76378 -0.998923 0.0102676 -0.0452513 51.2042 
-0.0442402 0.000432836 0.999021 151.513 0.0129584 0.999916 0.000140662 -3.76479 -0.998937 0.0129519 -0.0442421 51.1893 
-0.039242 0.00328252 0.999224 151.989 0.0152776 0.99988 -0.00268464 -3.77045 -0.999113 0.0151604 -0.0392874 51.1761 
-0.0322296 0.00507211 0.999468 152.458 0.0157255 0.999866 -0.00456699 -3.78213 -0.999357 0.0155699 -0.0323051 51.178 
-0.0223834 0.00498832 0.999737 152.924 0.0134158 0.999899 -0.00468871 -3.79107 -0.999659 0.0133074 -0.0224481 51.1908 
-0.00695244 0.00421142 0.999967 153.38 0.0150494 0.999878 -0.00410637 -3.79586 -0.999863 0.0150204 -0.00701498 51.2044 
0.0155302 0.00412566 0.999871 153.829 0.0208651 0.999772 -0.00444929 -3.80659 -0.999662 0.0209316 0.0154406 51.2229 
0.045411 0.00469323 0.998957 154.276 0.0274319 0.999606 -0.00594325 -3.81305 -0.998592 0.0276732 0.0452644 51.2563 
0.0814909 0.00403956 0.996666 154.705 0.0288773 0.999562 -0.00641236 -3.82077 -0.996256 0.0293036 0.0813386 51.32 
0.122153 0.00422252 0.992502 155.137 0.0252221 0.999655 -0.00735714 -3.83192 -0.992191 0.0259317 0.122005 51.4127 
0.163734 0.00726289 0.986478 155.553 0.0204548 0.999733 -0.0107555 -3.84517 -0.986293 0.0219393 0.163542 51.5277 
0.205537 0.0116513 0.97858 155.964 0.019902 0.999673 -0.0160825 -3.85604 -0.978447 0.0227813 0.205238 51.6488 
0.24756 0.0155188 0.968748 156.365 0.020809 0.999556 -0.0213299 -3.87027 -0.968649 0.0254391 0.247127 51.7877 
0.290201 0.0177789 0.956801 156.759 0.0214469 0.999455 -0.0250764 -3.88099 -0.956725 0.0277976 0.289662 51.9359 
0.331521 0.0204446 0.943226 157.143 0.0172064 0.999468 -0.0277112 -3.8872 -0.943291 0.0254164 0.330993 52.1138 
0.371819 0.0238332 0.927999 157.506 0.00951153 0.99952 -0.0294809 -3.90384 -0.928256 0.0197883 0.371414 52.3104 
0.411464 0.0291272 0.910961 157.848 0.000543338 0.999481 -0.032203 -3.9172 -0.911426 0.0137453 0.411234 52.5195 
0.450621 0.0348311 0.892035 158.199 -0.00417139 0.99931 -0.0369126 -3.93506 -0.892706 0.0129126 0.450456 52.7457 
0.488717 0.0385416 0.871591 158.548 -0.00580697 0.999145 -0.0409259 -3.95384 -0.872423 0.0149399 0.488523 52.9859 
0.52629 0.0380152 0.849455 158.895 -0.00485654 0.999118 -0.0417041 -3.97193 -0.850291 0.017823 0.52601 53.2408 
0.562058 0.0366007 0.826288 159.237 -0.00685007 0.999192 -0.0395999 -3.98931 -0.82707 0.0165973 0.561854 53.5186 
0.595504 0.0372413 0.802488 159.572 -0.0115431 0.999219 -0.0378051 -4.01223 -0.803269 0.01325 0.595469 53.8218 
0.627016 0.0412977 0.777911 159.893 -0.0189415 0.999107 -0.0377731 -4.03582 -0.778776 0.00894954 0.627238 54.1423 
0.656893 0.0449055 0.752645 160.219 -0.0245525 0.99897 -0.0381731 -4.05624 -0.753584 0.00659636 0.657319 54.4846 
0.68455 0.0457247 0.727531 160.538 -0.024756 0.998913 -0.0394872 -4.07799 -0.728546 0.0090202 0.684938 54.8356 
0.70965 0.0436265 0.703202 160.864 -0.0200896 0.998928 -0.0416995 -4.09647 -0.704268 0.015465 0.709766 55.1987 
0.732214 0.0449735 0.679588 161.182 -0.0215845 0.998849 -0.0428454 -4.11283 -0.680733 0.0167035 0.732342 55.5835 
0.751667 0.0492098 0.657705 161.488 -0.0287444 0.998709 -0.0418729 -4.13597 -0.658917 0.0125691 0.752111 55.9979 
0.767929 0.0517491 0.638441 161.794 -0.0363828 0.998646 -0.0371837 -4.16206 -0.639501 0.00532614 0.768772 56.4284 
0.780878 0.0502237 0.622661 162.108 -0.0379726 0.998736 -0.0329364 -4.18696 -0.623529 0.00207523 0.781798 56.8685 
0.791704 0.0448814 0.609254 162.433 -0.0338373 0.998988 -0.0296211 -4.20858 -0.609968 0.0028356 0.792421 57.3122 
0.800971 0.0370777 0.597554 162.765 -0.0274482 0.999305 -0.025214 -4.23124 -0.598074 0.00379392 0.801432 57.7717 
0.808425 0.0301578 0.587827 163.108 -0.0224263 0.99954 -0.0204377 -4.25602 -0.588172 0.00333961 0.808729 58.254 
0.814974 0.0268127 0.578877 163.442 -0.0206508 0.999638 -0.0172284 -4.27576 -0.579129 0.00208648 0.815233 58.7516 
0.821916 0.0241204 0.569099 163.777 -0.0186131 0.999707 -0.0154892 -4.28974 -0.569305 0.00213819 0.822123 59.2655 
0.8293 0.0194139 0.558467 164.122 -0.0129835 0.999796 -0.0154758 -4.30747 -0.558653 0.00558329 0.829382 59.7911 
0.835766 0.0197863 0.548729 164.465 -0.011237 0.999758 -0.0189346 -4.32689 -0.54897 0.00965885 0.835786 60.3423 
0.841367 0.0236309 0.539947 164.8 -0.0126831 0.999632 -0.0239856 -4.35002 -0.540315 0.0133325 0.841357 60.9051 
0.845637 0.0289506 0.532973 165.14 -0.0158653 0.99945 -0.0291166 -4.36877 -0.533523 0.0161663 0.845631 61.4831 
0.847764 0.0336425 0.529306 165.489 -0.0189737 0.999271 -0.0331239 -4.39003 -0.530034 0.0180384 0.847784 62.0757 
0.847572 0.0385694 0.529277 165.844 -0.0242741 0.999129 -0.0339363 -4.41799 -0.530125 0.0159158 0.84777 62.6945 
0.84593 0.0386808 0.53189 166.218 -0.0267034 0.999187 -0.0301945 -4.44746 -0.532625 0.0113392 0.846275 63.3194 
0.843516 0.0400858 0.535606 166.597 -0.0290212 0.999156 -0.0290737 -4.48109 -0.53632 0.00898022 0.843967 63.9483 
0.840623 0.0414582 0.540031 166.987 -0.0313137 0.999119 -0.0279587 -4.51813 -0.540714 0.0065924 0.84118 64.5951 
0.837609 0.0415371 0.544689 167.393 -0.0324385 0.999127 -0.0263086 -4.54416 -0.545306 0.00436746 0.838226 65.2521 
0.834343 0.0394097 0.549836 167.814 -0.0298777 0.999208 -0.026281 -4.56873 -0.550436 0.0054995 0.834859 65.9144 
0.831021 0.0363378 0.555053 168.25 -0.0277049 0.999329 -0.0239437 -4.59525 -0.555551 0.00452005 0.83147 66.5865 
0.827215 0.036986 0.560666 168.692 -0.0289919 0.999312 -0.0231474 -4.62755 -0.561136 0.00289309 0.827718 67.2664 
0.823815 0.0391319 0.565506 169.139 -0.0302723 0.999228 -0.0250445 -4.65545 -0.56605 0.00351289 0.824364 67.9453 
0.820835 0.0399033 0.569771 169.601 -0.0288426 0.99918 -0.0284246 -4.68657 -0.570437 0.00689827 0.821312 68.6332 
0.81798 0.0418795 0.57372 170.071 -0.0288749 0.999078 -0.0317608 -4.72316 -0.574521 0.00941365 0.818436 69.328 
0.815213 0.0414262 0.577677 170.553 -0.0284554 0.999099 -0.031491 -4.75342 -0.578461 0.00923387 0.815658 70.0332 
0.812828 0.0384285 0.581235 171.044 -0.0296117 0.999257 -0.0246555 -4.78708 -0.581751 0.00282935 0.813362 70.7523 
0.810401 0.034771 0.584842 171.538 -0.0293662 0.999393 -0.0187255 -4.82419 -0.585139 -0.0019994 0.810931 71.4702 
0.808561 0.0334887 0.587459 172.036 -0.0254159 0.999435 -0.021992 -4.86348 -0.587864 0.00285104 0.808955 72.1707 
0.807139 0.0389373 0.589076 172.52 -0.024112 0.999164 -0.0330059 -4.89811 -0.589869 0.0124366 0.807403 72.8634 
0.805712 0.0415268 0.59085 173.016 -0.0222161 0.998956 -0.0399146 -4.93636 -0.591891 0.0190333 0.805793 73.5571 
0.804923 0.03778 0.592175 173.518 -0.0178317 0.99906 -0.0395007 -4.98239 -0.593111 0.0212355 0.80484 74.2606 
0.804429 0.0324075 0.593164 174.018 -0.0155848 0.999319 -0.0334621 -5.02757 -0.593844 0.0176735 0.804386 74.9577 
0.803938 0.0281967 0.594045 174.516 -0.0126751 0.999461 -0.0302863 -5.07387 -0.594579 0.0168187 0.803861 75.6543 
0.804314 0.0236523 0.593733 175.018 -0.00844808 0.999562 -0.0283747 -5.11504 -0.594144 0.0178063 0.804161 76.3503 
0.804733 0.019167 0.593328 175.521 -0.00308091 0.9996 -0.0281126 -5.15642 -0.593629 0.0207952 0.80447 77.0418 
0.805412 0.0175017 0.592457 176.012 -0.000787817 0.999595 -0.0284578 -5.19929 -0.592715 0.0224536 0.805099 77.7285 
0.80616 0.0197649 0.591368 176.498 -0.000163284 0.999449 -0.0331813 -5.23989 -0.591698 0.0266529 0.805719 78.4153 
0.806822 0.0194969 0.590472 176.986 0.003169 0.999298 -0.0373261 -5.28064 -0.590786 0.0319868 0.806194 79.0975 
0.807127 0.016754 0.59014 177.473 0.0053626 0.999348 -0.0357057 -5.32048 -0.590353 0.0319838 0.806511 79.7827 
0.806906 0.0151194 0.590487 177.956 0.00298526 0.999555 -0.0296728 -5.36215 -0.590673 0.0257059 0.806501 80.4718 
0.806315 0.00977179 0.591405 178.438 0.00318967 0.999777 -0.020868 -5.39937 -0.591478 0.0187126 0.806104 81.1584 
0.806017 0.00484846 0.591872 178.918 0.00580157 0.999854 -0.0160911 -5.43088 -0.591863 0.0164035 0.805871 81.8266 
0.805339 0.00169943 0.592812 179.383 0.00894606 0.999847 -0.0150195 -5.463 -0.592747 0.0173991 0.805201 82.47 
0.80437 0.00548789 0.594104 179.834 0.00647049 0.999817 -0.017996 -5.50094 -0.594094 0.0183196 0.804187 83.1068 
0.803247 0.0130355 0.595503 180.268 0.00360395 0.999636 -0.026743 -5.53669 -0.595635 0.0236274 0.802908 83.7181 
0.801937 0.0172906 0.597159 180.706 0.00389656 0.999408 -0.0341703 -5.57211 -0.597397 0.0297293 0.801395 84.3164 
0.79993 0.0168388 0.599857 181.135 0.00745948 0.99925 -0.0379976 -5.60904 -0.600047 0.0348701 0.799204 84.901 
0.797544 0.0135232 0.603109 181.551 0.00927183 0.999356 -0.0346688 -5.65321 -0.60319 0.0332418 0.796905 85.4646 
