1 2.12261e-08 -2.11895e-08 0 2.12261e-08 1 2.10703e-08 0 -2.11895e-08 2.10703e-08 1 0 
0.999934 -0.0027772 0.0111885 0.0130494 0.00276497 0.999996 0.00111289 -0.00629571 -0.0111916 -0.00108184 0.999937 0.288208 
0.99983 -0.0047292 0.01785 0.0215964 0.00470666 0.999988 0.00130649 -0.0115349 -0.017856 -0.00122221 0.99984 0.584808 
0.999783 -0.00762554 0.0193808 0.0352477 0.00762711 0.999971 -4.78611e-06 -0.0158577 -0.0193802 0.000152646 0.999812 0.883019 
0.999816 -0.00909665 0.0168626 0.0419125 0.0091211 0.999958 -0.00137155 -0.0186031 -0.0168494 0.00152514 0.999857 1.19887 
0.999883 -0.0118474 0.00964738 0.0461648 0.0118747 0.999926 -0.00276866 -0.0214683 -0.0096139 0.00288293 0.99995 1.52047 
0.999901 -0.0136592 -0.00324657 0.0432514 0.0136445 0.999897 -0.00453407 -0.0269973 0.00330812 0.00448937 0.999984 1.84423 
0.99971 -0.0130191 -0.0202701 0.0244045 0.0129328 0.999907 -0.00438424 -0.0370114 0.0203253 0.00412086 0.999785 2.18153 
0.999163 -0.0085845 -0.0400034 -0.00835899 0.00840822 0.999954 -0.00457365 -0.0397319 0.0400407 0.00423351 0.999189 2.53981 
0.998172 -0.0050471 -0.0602272 -0.0504542 0.00471536 0.999973 -0.00564966 -0.0465907 0.060254 0.00535538 0.998169 2.89996 
0.996728 -0.00506814 -0.080665 -0.0992168 0.00457154 0.999969 -0.00634043 -0.0479001 0.0806946 0.00595096 0.996721 3.27197 
0.994738 -0.00651431 -0.102246 -0.149989 0.00595927 0.999966 -0.00573337 -0.051518 0.10228 0.00509393 0.994743 3.65877 
0.992459 -0.00806639 -0.122312 -0.21362 0.00751612 0.999959 -0.00495998 -0.0543998 0.122347 0.00400331 0.992479 4.05441 
0.990061 -0.00694762 -0.140467 -0.288917 0.00645022 0.999971 -0.00399631 -0.0647414 0.140491 0.00305059 0.990077 4.45655 
0.987747 -0.00570466 -0.155957 -0.37687 0.00515872 0.999979 -0.00390536 -0.0643326 0.155975 0.00305302 0.987756 4.86963 
0.985479 -0.00516032 -0.169717 -0.467106 0.00455102 0.999982 -0.00397917 -0.0724708 0.169734 0.00314905 0.985485 5.29479 
0.983238 -0.00692523 -0.182196 -0.558723 0.00615181 0.99997 -0.00481006 -0.0798578 0.182224 0.00360865 0.983251 5.73575 
0.981401 -0.0105085 -0.191683 -0.658059 0.00927084 0.99993 -0.00735255 -0.0835938 0.191747 0.00543878 0.981429 6.18358 
0.97991 -0.00977759 -0.199199 -0.771807 0.00806251 0.999923 -0.00941945 -0.0896766 0.199275 0.00762422 0.979914 6.63943 
0.978424 -0.00920618 -0.206401 -0.892003 0.00698228 0.99991 -0.0115007 -0.0941502 0.206488 0.00981145 0.9784 7.1142 
0.976617 -0.0101197 -0.214751 -1.01089 0.00724804 0.999874 -0.0141557 -0.105455 0.214867 0.0122682 0.976566 7.60521 
0.974849 -0.0139689 -0.222428 -1.13399 0.0107181 0.999818 -0.0158156 -0.117302 0.222608 0.0130339 0.974821 8.10329 
0.972918 -0.0201636 -0.23027 -1.26188 0.0167537 0.999719 -0.0167542 -0.132521 0.230544 0.0124426 0.972982 8.61366 
0.970785 -0.0207185 -0.239053 -1.40368 0.0165908 0.999677 -0.0192664 -0.145991 0.239375 0.0147374 0.970815 9.13389 
0.96872 -0.016996 -0.247573 -1.5652 0.0114115 0.999647 -0.0239748 -0.156453 0.247893 0.0203998 0.968573 9.66186 
0.966526 -0.0141519 -0.256179 -1.73761 0.00746499 0.999606 -0.0270564 -0.173923 0.256461 0.0242384 0.966251 10.2124 
0.96425 -0.0166951 -0.264466 -1.90042 0.00950455 0.99955 -0.0284453 -0.199007 0.264822 0.0249148 0.963975 10.7534 
0.961874 -0.0194954 -0.272797 -2.07619 0.0115343 0.99946 -0.030757 -0.218239 0.27325 0.0264379 0.96158 11.3182 
0.959555 -0.0193364 -0.280855 -2.25934 0.0103649 0.999389 -0.0333941 -0.241089 0.281329 0.0291325 0.959169 11.8917 
0.957286 -0.0185634 -0.288545 -2.46373 0.00829025 0.999289 -0.0367849 -0.268004 0.289023 0.0328216 0.956759 12.4786 
0.954894 -0.0194452 -0.296311 -2.66439 0.0071816 0.999074 -0.0424201 -0.293465 0.296862 0.0383788 0.954149 13.0745 
0.95307 -0.0207264 -0.302041 -2.87155 0.00593239 0.998741 -0.0498157 -0.328621 0.302693 0.045686 0.951992 13.6822 
0.951813 -0.0210461 -0.305956 -3.08847 0.0034172 0.998308 -0.0580411 -0.367251 0.306659 0.0541988 0.950275 14.2941 
0.950689 -0.0209703 -0.309435 -3.31916 0.000177637 0.997748 -0.0670714 -0.408918 0.310145 0.0637092 0.948552 14.9242 
0.949233 -0.0202582 -0.313921 -3.54766 -0.00381121 0.99711 -0.0758706 -0.46069 0.314551 0.0732154 0.946413 15.5611 
0.947978 -0.0198796 -0.317714 -3.78507 -0.00690737 0.996529 -0.0829633 -0.513138 0.31826 0.0808421 0.94455 16.2083 
0.946362 -0.0179129 -0.322611 -4.03445 -0.0116241 0.995928 -0.0893975 -0.579188 0.322899 0.0883525 0.942301 16.8627 
0.944809 -0.0166105 -0.327202 -4.29138 -0.0154909 0.995332 -0.0952593 -0.645216 0.327256 0.0950705 0.940141 17.5232 
0.94315 -0.0146466 -0.332045 -4.55572 -0.0198284 0.99477 -0.100201 -0.722919 0.331776 0.101088 0.937926 18.2008 
0.941443 -0.0115198 -0.336976 -4.82441 -0.0249284 0.994303 -0.103636 -0.795953 0.33625 0.105968 0.935792 18.8827 
0.939728 -0.0109617 -0.341746 -5.10396 -0.0266044 0.994112 -0.105043 -0.875008 0.340885 0.107804 0.933903 19.5792 
0.937594 -0.0100661 -0.347586 -5.39348 -0.0280193 0.994144 -0.104371 -0.956477 0.346601 0.107597 0.931821 20.2863 
0.935318 -0.00970116 -0.353677 -5.68948 -0.0286506 0.994265 -0.10304 -1.03984 0.352648 0.106508 0.929675 21.0027 
0.93275 -0.00941453 -0.360402 -5.99145 -0.0291578 0.994414 -0.101439 -1.12242 0.359344 0.105126 0.927265 21.7271 
0.929587 -0.00866239 -0.368502 -6.30634 -0.0296809 0.994718 -0.0982563 -1.20669 0.367407 0.102275 0.92442 22.4626 
0.9262 -0.00637446 -0.376978 -6.63366 -0.0308831 0.995215 -0.0927055 -1.28785 0.375764 0.0975062 0.921571 23.2117 
0.922662 -0.00287318 -0.385599 -6.96554 -0.033316 0.995639 -0.0871373 -1.37335 0.384168 0.0932449 0.918543 23.949 
0.91902 0.000892395 -0.394209 -7.31094 -0.0366735 0.995854 -0.0832426 -1.45081 0.392501 0.0909587 0.915243 24.6926 
0.915231 0.0017787 -0.402925 -7.66986 -0.0376884 0.995984 -0.0812113 -1.52857 0.401162 0.0895128 0.911623 25.4456 
0.911191 0.0015344 -0.411981 -8.03741 -0.0383413 0.995969 -0.0810914 -1.59342 0.410196 0.0896857 0.907577 26.2099 
0.907383 0.00178969 -0.420301 -8.41654 -0.0387138 0.996096 -0.0793375 -1.67184 0.418518 0.088261 0.90391 26.9723 
0.9035 0.00265364 -0.42858 -8.80889 -0.039971 0.996144 -0.0780963 -1.73801 0.42672 0.0876908 0.900123 27.7419 
0.899883 0.00189366 -0.436127 -9.21964 -0.0387355 0.996386 -0.0755987 -1.81015 0.434408 0.0849237 0.896704 28.5245 
0.895895 0.00239849 -0.444259 -9.62757 -0.038047 0.996726 -0.0713447 -1.88269 0.442633 0.0808202 0.893053 29.3132 
0.892068 0.00428374 -0.451882 -10.056 -0.0381245 0.997104 -0.0658099 -1.94627 0.450291 0.0759347 0.889647 30.1135 
0.888182 0.00450762 -0.45947 -10.4941 -0.0369985 0.997407 -0.0617353 -2.01323 0.458 0.071832 0.886045 30.9164 
0.884383 0.00333728 -0.466749 -10.9407 -0.0354384 0.997568 -0.0600151 -2.0749 0.465414 0.0696172 0.882351 31.7256 
0.881156 0.00251795 -0.472819 -11.4053 -0.0346032 0.997648 -0.0591744 -2.13148 0.471558 0.068503 0.87917 32.5418 
0.877917 0.00265335 -0.478806 -11.8763 -0.0341439 0.997786 -0.0570755 -2.19125 0.477594 0.0664559 0.876064 33.3605 
0.874883 0.00119228 -0.484333 -12.3556 -0.0322942 0.997915 -0.0558787 -2.25216 0.483257 0.0645285 0.873097 34.1931 
0.872221 -0.000115259 -0.489112 -12.8539 -0.0311599 0.997956 -0.0558018 -2.31499 0.488119 0.0639122 0.870434 35.0416 
0.870033 -0.000940631 -0.492993 -13.365 -0.0308171 0.997939 -0.0562901 -2.37596 0.49203 0.0641669 0.86821 35.9026 
0.868831 -0.00103608 -0.495109 -13.9218 -0.0314532 0.997862 -0.0572833 -2.42612 0.494109 0.0653423 0.866941 36.7821 
0.868181 -0.00120898 -0.496247 -14.4441 -0.0306592 0.997956 -0.0560695 -2.48763 0.4953 0.063893 0.866369 37.6513 
0.868003 -0.000769777 -0.496559 -14.9656 -0.0303678 0.998045 -0.0546312 -2.5475 0.49563 0.0624995 0.866282 38.5191 
0.867628 -0.00237882 -0.497208 -15.4924 -0.0282146 0.998142 -0.0540101 -2.61407 0.496412 0.0608893 0.865949 39.4042 
0.866905 -0.00492555 -0.498449 -16.0292 -0.0260055 0.998143 -0.0550925 -2.67227 0.497794 0.0607224 0.865167 40.3067 
0.865873 -0.00724499 -0.500211 -16.58 -0.0237601 0.998171 -0.0555865 -2.73824 0.499699 0.060016 0.864117 41.2113 
0.86433 -0.0080527 -0.50286 -17.1375 -0.0219545 0.998315 -0.0537228 -2.79934 0.502445 0.0574743 0.862697 42.1265 
0.862182 -0.00744852 -0.506544 -17.6924 -0.0207138 0.998537 -0.0499398 -2.86456 0.506175 0.0535497 0.860767 43.0378 
0.859302 -0.00804082 -0.511405 -18.2694 -0.018197 0.998763 -0.0462796 -2.92473 0.511144 0.0490742 0.858093 43.9638 
0.855307 -0.00853215 -0.518051 -18.8439 -0.0168444 0.998878 -0.0442615 -2.98873 0.517847 0.0465835 0.854204 44.8756 
0.850174 -0.0120311 -0.526365 -19.4288 -0.0148829 0.99879 -0.0468679 -3.04937 0.526292 0.0476797 0.848966 45.7714 
0.844339 -0.0155174 -0.535584 -20.0218 -0.0136752 0.998631 -0.050492 -3.10828 0.535634 0.0499566 0.842971 46.6562 
0.838065 -0.0161927 -0.54533 -20.6244 -0.0131854 0.998666 -0.0499172 -3.16954 0.545411 0.0490243 0.836734 47.542 
0.832336 -0.0129861 -0.554119 -21.2459 -0.0141108 0.998905 -0.0446056 -3.23257 0.554091 0.0449459 0.831242 48.4246 
0.827261 -0.00823634 -0.561757 -21.8751 -0.0173793 0.999039 -0.0402411 -3.29463 0.561548 0.0430529 0.826323 49.2936 
0.823119 -0.00884749 -0.5678 -22.5061 -0.0180902 0.998963 -0.0417907 -3.35009 0.56758 0.0446704 0.822105 50.1661 
0.819824 -0.0111318 -0.572508 -23.1441 -0.0186262 0.998764 -0.0460925 -3.40988 0.572313 0.0484514 0.818603 51.0389 
0.816503 -0.0135256 -0.577182 -23.7825 -0.0209875 0.998369 -0.0530852 -3.47211 0.576959 0.0554579 0.814888 51.9044 
0.813594 -0.0146156 -0.58125 -24.4189 -0.021149 0.998279 -0.0547049 -3.54019 0.581049 0.0568005 0.811884 52.7409 
0.8101 -0.0130338 -0.586147 -25.0676 -0.0206314 0.9985 -0.0507173 -3.6072 0.585929 0.0531792 0.808616 53.5991 
0.806742 -0.0105948 -0.59081 -25.717 -0.0203476 0.998748 -0.0456945 -3.67139 0.590554 0.0488852 0.805516 54.4567 
0.803603 -0.00903621 -0.595097 -26.3743 -0.0204055 0.998879 -0.0427225 -3.73326 0.594816 0.0464753 0.802517 55.3078 
0.800498 -0.00858959 -0.599274 -27.0334 -0.0214917 0.998843 -0.043025 -3.79601 0.59895 0.0473209 0.799387 56.1478 
0.79693 -0.00985118 -0.603991 -27.705 -0.0217476 0.998751 -0.0449845 -3.85249 0.60368 0.0489849 0.795721 56.9938 
0.792861 -0.0126325 -0.609272 -28.3728 -0.0208191 0.99864 -0.047798 -3.91172 0.609047 0.0505817 0.791519 57.8284 
0.788598 -0.0137768 -0.614755 -29.0606 -0.020222 0.998627 -0.0483199 -3.97355 0.614577 0.0505366 0.787237 58.6681 
0.784189 -0.014203 -0.620359 -29.7558 -0.0196206 0.998671 -0.0476665 -4.03338 0.620211 0.0495515 0.782868 59.5054 
0.779401 -0.0136744 -0.626376 -30.4537 -0.0200762 0.998703 -0.0467835 -4.09764 0.626204 0.0490384 0.778116 60.3338 
0.774074 -0.0150205 -0.632917 -31.1668 -0.0198872 0.998648 -0.0480227 -4.1612 0.632783 0.0497601 0.772729 61.1688 
0.76877 -0.0166368 -0.639309 -31.8823 -0.0190789 0.99862 -0.0489296 -4.22401 0.639241 0.0498129 0.767391 61.9873 
0.763204 -0.0181979 -0.645902 -32.6149 -0.0184676 0.998581 -0.0499559 -4.28636 0.645894 0.0500549 0.761784 62.8067 
0.75761 -0.0196969 -0.652411 -33.3423 -0.0177758 0.998551 -0.0507893 -4.3583 0.652466 0.0500757 0.756162 63.6121 
0.751183 -0.0216442 -0.659739 -34.0872 -0.0168462 0.998508 -0.0519395 -4.42398 0.659879 0.0501303 0.749698 64.4312 
0.74504 -0.023472 -0.666607 -34.8675 -0.0153299 0.998514 -0.0522925 -4.49008 0.666844 0.0491791 0.743573 65.2586 
0.738413 -0.0236557 -0.673933 -35.6302 -0.0143394 0.998608 -0.0507635 -4.55386 0.674196 0.0471483 0.737046 66.0755 
0.73218 -0.0238101 -0.680695 -36.4214 -0.0140897 0.998646 -0.0500872 -4.62533 0.680965 0.0462636 0.730853 66.882 
0.725457 -0.0261795 -0.68777 -37.2012 -0.0120408 0.998641 -0.0507132 -4.69423 0.688163 0.0450716 0.724155 67.6816 
0.719654 -0.0277544 -0.693778 -38.0241 -0.0123717 0.99853 -0.0527791 -4.76039 0.694223 0.046566 0.718252 68.4751 
0.713556 -0.026976 -0.700079 -38.8308 -0.0138581 0.99852 -0.0526007 -4.82768 0.700461 0.0472354 0.712126 69.2615 
0.707983 -0.0264196 -0.705736 -39.6471 -0.0140394 0.998576 -0.0514664 -4.90216 0.70609 0.0463455 0.706604 70.0584 
0.703104 -0.0257969 -0.710619 -40.4739 -0.0154811 0.99855 -0.0515667 -4.97171 0.710919 0.0472579 0.701684 70.8413 
0.698691 -0.0264513 -0.714934 -41.3199 -0.0162597 0.998471 -0.052832 -5.04156 0.715238 0.048538 0.697193 71.6172 
0.693425 -0.0281393 -0.719979 -42.1695 -0.0170943 0.998313 -0.0554815 -5.11535 0.720326 0.0507798 0.691775 72.3974 
0.688556 -0.030883 -0.724525 -43.0207 -0.0166831 0.998154 -0.0584014 -5.18669 0.724991 0.0523 0.68677 73.1713 
0.683386 -0.0312055 -0.72939 -43.8828 -0.0174975 0.998099 -0.0590956 -5.26474 0.729847 0.0531476 0.681541 73.944 
0.678541 -0.0308647 -0.733914 -44.7471 -0.0167465 0.998207 -0.0574625 -5.34365 0.734372 0.0512812 0.676807 74.7163 
0.673359 -0.0311099 -0.738661 -45.6263 -0.016056 0.998263 -0.0566801 -5.41854 0.739141 0.0500261 0.67169 75.4826 
0.668605 -0.0324113 -0.742911 -46.5167 -0.0152233 0.998244 -0.0572516 -5.49674 0.743462 0.0495883 0.666938 76.2411 
0.663929 -0.0333833 -0.74705 -47.4122 -0.0145655 0.998236 -0.0575529 -5.57433 0.747654 0.0490923 0.662272 77.0052 
0.659404 -0.0338219 -0.751028 -48.3108 -0.013946 0.998265 -0.0572007 -5.65561 0.75166 0.0481922 0.657788 77.7682 
0.655352 -0.0350118 -0.754512 -49.2308 -0.012564 0.998282 -0.0572363 -5.73238 0.755219 0.0469897 0.653786 78.5352 
0.651749 -0.037749 -0.757495 -50.155 -0.00991457 0.998251 -0.0582774 -5.8165 0.75837 0.0454925 0.650235 79.2912 
0.647672 -0.0426155 -0.760727 -51.0851 -0.00695243 0.998063 -0.0618302 -5.89641 0.761888 0.0453346 0.646121 80.0534 
0.642803 -0.0466009 -0.764613 -52.0075 -0.0027799 0.997999 -0.0631622 -5.98196 0.766027 0.0427264 0.641387 80.8042 
0.636004 -0.0502206 -0.77005 -52.9435 0.00239584 0.998004 -0.0631084 -6.06886 0.771682 0.0382924 0.634855 81.5587 
0.628005 -0.0536934 -0.776355 -53.892 0.00630585 0.997935 -0.0639173 -6.15451 0.778184 0.0352448 0.627047 82.2964 
0.619254 -0.054646 -0.783287 -54.8633 0.00859996 0.997988 -0.0628256 -6.23894 0.785144 0.0321688 0.618478 83.0336 
0.610617 -0.0532698 -0.790132 -55.8595 0.00873289 0.998127 -0.0605438 -6.32393 0.791878 0.030069 0.609939 83.7721 
0.601578 -0.0532051 -0.79704 -56.8577 0.00873733 0.998158 -0.0600358 -6.41413 0.798766 0.0291522 0.600935 84.5017 
0.592247 -0.0544848 -0.803912 -57.8597 0.00726504 0.998032 -0.0622889 -6.49651 0.805724 0.03105 0.591477 85.2106 
0.581944 -0.0569091 -0.811235 -58.8878 0.00797922 0.9979 -0.06428 -6.58537 0.81319 0.0309344 0.581176 85.927 
0.572067 -0.0583953 -0.818126 -59.9295 0.00835735 0.997826 -0.065378 -6.67898 0.820164 0.0305633 0.571311 86.6301 
0.562055 -0.0590864 -0.824987 -60.9688 0.0108579 0.997886 -0.0640724 -6.7724 0.827029 0.0270546 0.561509 87.3181 
0.551785 -0.0592504 -0.831879 -62.0137 0.0121934 0.99794 -0.0629902 -6.86575 0.833897 0.0246137 0.551371 87.9922 
0.54158 -0.0599289 -0.83851 -63.0779 0.0121654 0.99791 -0.0634638 -6.95636 0.840561 0.0241699 0.541177 88.6518 
0.531436 -0.0609606 -0.844902 -64.1492 0.0110395 0.997821 -0.0650501 -7.04743 0.847026 0.0252427 0.530951 89.2975 
0.521256 -0.0616973 -0.851168 -65.2302 0.00986587 0.997752 -0.0662807 -7.13853 0.853344 0.0261517 0.520693 89.9351 
0.511277 -0.0629243 -0.857109 -66.3233 0.00873144 0.997645 -0.0680333 -7.23405 0.859372 0.0273001 0.510622 90.5619 
0.501622 -0.062738 -0.862809 -67.4157 0.00770161 0.997651 -0.0680653 -7.33369 0.865052 0.0274981 0.500927 91.1701 
0.493094 -0.0604585 -0.867873 -68.5287 0.0060417 0.997796 -0.0660767 -7.43121 0.869955 0.0273387 0.492373 91.7716 
0.484752 -0.0590523 -0.872656 -69.6527 0.00678447 0.997942 -0.0637617 -7.52972 0.874625 0.0249882 0.484155 92.3743 
0.476743 -0.0593382 -0.877038 -70.7763 0.00697416 0.997943 -0.0637273 -7.62722 0.879015 0.024265 0.476176 92.9632 
0.46913 -0.0622414 -0.880933 -71.9037 0.00843011 0.997784 -0.0660081 -7.72335 0.883089 0.0235401 0.468615 93.5396 
0.462008 -0.065818 -0.88443 -73.0491 0.0114262 0.997601 -0.0682713 -7.82435 0.886802 0.0214362 0.461652 94.1218 
0.45614 -0.0685323 -0.887265 -74.187 0.0119595 0.997412 -0.0708918 -7.92443 0.889828 0.0217255 0.45578 94.6772 
0.450191 -0.0722291 -0.890006 -75.3291 0.0141793 0.997176 -0.0737542 -8.0331 0.89282 0.0205838 0.449944 95.2459 
0.445635 -0.0731004 -0.892225 -76.4797 0.0165206 0.997162 -0.0734465 -8.13891 0.895062 0.0179903 0.445578 95.7968 
0.441456 -0.0710755 -0.894464 -77.6211 0.0193506 0.99738 -0.0697031 -8.25022 0.897074 0.0134625 0.441675 96.3347 
0.437604 -0.0689805 -0.896518 -78.7608 0.0219304 0.997575 -0.0660515 -8.35725 0.8989 0.0092435 0.438056 96.8702 
0.43398 -0.0683705 -0.898325 -79.9128 0.023774 0.997638 -0.064444 -8.46406 0.900609 0.00661064 0.43458 97.4076 
0.431306 -0.0680755 -0.899634 -81.0585 0.0254642 0.997671 -0.0632858 -8.56898 0.901847 0.00438713 0.432034 97.9296 
0.428585 -0.0675947 -0.900969 -82.1923 0.0276463 0.997712 -0.0617016 -8.66385 0.903078 0.00153594 0.429473 98.45 
0.42581 -0.0671493 -0.902318 -83.3217 0.0296496 0.997742 -0.0602588 -8.75548 0.904327 -0.00109452 0.426839 98.9701 
0.42301 -0.0687739 -0.903512 -84.456 0.0334092 0.997621 -0.0602958 -8.849 0.905509 -0.00467987 0.424301 99.4884 
0.421058 -0.0693288 -0.90438 -85.5997 0.035714 0.997569 -0.0598449 -8.94 0.90633 -0.00710076 0.422511 99.9958 
0.418688 -0.0688542 -0.905516 -86.7385 0.0392394 0.997562 -0.0577099 -9.02646 0.907282 -0.0113694 0.420369 100.506 
0.416939 -0.0682634 -0.906367 -87.857 0.0413398 0.997568 -0.0561155 -9.11775 0.907994 -0.0140722 0.418747 100.995 
0.415173 -0.0701899 -0.907031 -88.9639 0.0445124 0.997392 -0.0568079 -9.20207 0.908653 -0.016789 0.417215 101.485 
0.413768 -0.0712994 -0.907586 -90.045 0.0459288 0.997294 -0.0574079 -9.29304 0.909223 -0.0179308 0.415923 101.964 
0.413091 -0.0724648 -0.907802 -91.117 0.0459863 0.997217 -0.0586765 -9.38541 0.909528 -0.0175077 0.415273 102.434 
0.413655 -0.0730357 -0.9075 -92.1795 0.044548 0.997207 -0.0599496 -9.47352 0.909343 -0.0156288 0.415753 102.893 
0.415691 -0.0728708 -0.906582 -93.2276 0.0429616 0.997246 -0.0604593 -9.56366 0.908491 -0.0138158 0.417676 103.355 
0.419471 -0.073389 -0.904798 -94.2707 0.0411747 0.997239 -0.0617982 -9.65304 0.906835 -0.0113322 0.421334 103.825 
0.424529 -0.0740807 -0.902379 -95.2926 0.0401791 0.997207 -0.0629631 -9.74316 0.904522 -0.009527 0.42632 104.285 
0.429997 -0.074392 -0.89976 -96.3223 0.0400135 0.997191 -0.063325 -9.83092 0.901943 -0.00877295 0.431765 104.763 
0.436711 -0.0733468 -0.896607 -97.3301 0.0392422 0.997275 -0.0624683 -9.91791 0.898746 -0.00790421 0.438399 105.239 
0.444463 -0.0721706 -0.892885 -98.3197 0.0380615 0.997371 -0.0616697 -10.004 0.894988 -0.00657458 0.446041 105.722 
0.453051 -0.071662 -0.8886 -99.3144 0.038041 0.99741 -0.0610419 -10.0924 0.890673 -0.00614806 0.454604 106.208 
0.46238 -0.0711613 -0.883822 -100.296 0.0371941 0.997454 -0.060852 -10.1766 0.885901 -0.00473612 0.46385 106.705 
0.472268 -0.0721292 -0.878499 -101.276 0.0369517 0.99739 -0.062026 -10.2641 0.88068 -0.00316909 0.473701 107.208 
0.482662 -0.0734664 -0.87272 -102.249 0.0348868 0.997297 -0.0646591 -10.35 0.875112 0.000762205 0.483921 107.721 
0.494227 -0.0740755 -0.866171 -103.194 0.0328989 0.997243 -0.0665131 -10.4375 0.86871 0.00437653 0.495302 108.239 
0.506436 -0.0726286 -0.859213 -104.14 0.0308381 0.997335 -0.0661273 -10.5185 0.861726 0.00699283 0.507326 108.775 
0.51889 -0.0702187 -0.851952 -105.065 0.0293908 0.997497 -0.0643139 -10.6053 0.854335 0.00833239 0.519655 109.32 
0.530901 -0.0681416 -0.84469 -105.986 0.0292213 0.997641 -0.0621142 -10.6914 0.84693 0.00829364 0.53164 109.877 
0.542295 -0.0678121 -0.837447 -106.897 0.0298019 0.997663 -0.0614871 -10.7757 0.839659 0.0083867 0.543049 110.453 
0.553367 -0.068859 -0.830086 -107.784 0.0308905 0.997588 -0.0621611 -10.8625 0.832364 0.00875619 0.55416 111.028 
0.564396 -0.0697583 -0.822552 -108.661 0.0309505 0.997511 -0.0633594 -10.946 0.824924 0.0103015 0.56515 111.609 
0.575404 -0.0709883 -0.814783 -109.52 0.0331365 0.997432 -0.0635005 -11.0348 0.817198 0.00953943 0.576279 112.193 
0.586068 -0.0701588 -0.807219 -110.356 0.0332761 0.997488 -0.0625364 -11.124 0.809579 0.00978952 0.58693 112.783 
0.596601 -0.0675914 -0.799687 -111.189 0.0319894 0.997658 -0.060459 -11.2044 0.8019 0.0104885 0.597366 113.383 
0.606273 -0.0641355 -0.792666 -112.012 0.0319012 0.997902 -0.0563416 -11.2886 0.794616 0.00887149 0.607047 113.996 
0.616213 -0.0619713 -0.785138 -112.815 0.0305735 0.99803 -0.0547794 -11.3684 0.786986 0.00975141 0.616894 114.61 
0.626139 -0.0608686 -0.777332 -113.602 0.0282652 0.998065 -0.0553854 -11.446 0.779199 0.0127076 0.626648 115.226 
0.635369 -0.061325 -0.76977 -114.38 0.0272809 0.998002 -0.0569899 -11.5164 0.771726 0.0152097 0.635773 115.855 
0.64453 -0.0606112 -0.762173 -115.143 0.0272546 0.998041 -0.0563206 -11.591 0.764093 0.0155277 0.644919 116.488 
0.65364 -0.0584895 -0.754542 -115.888 0.0273151 0.998183 -0.0537134 -11.6673 0.756313 0.014499 0.65405 117.113 
0.662084 -0.056566 -0.747292 -116.623 0.0274367 0.998309 -0.0512583 -11.7374 0.748927 0.0134341 0.662516 117.753 
0.669995 -0.0561282 -0.740241 -117.341 0.0280101 0.998339 -0.0503463 -11.8041 0.741837 0.0129976 0.670454 118.391 
0.67754 -0.055543 -0.733386 -118.055 0.0269436 0.99835 -0.0507182 -11.8661 0.734992 0.0146036 0.677918 119.04 
0.684752 -0.0549273 -0.726704 -118.741 0.0268576 0.99838 -0.0501546 -11.9306 0.728281 0.014826 0.685118 119.669 
0.691851 -0.0525374 -0.720127 -119.426 0.0263699 0.998523 -0.0475134 -11.9856 0.721559 0.0138825 0.692214 120.307 
0.698987 -0.0501387 -0.713375 -120.108 0.0257013 0.998656 -0.0450064 -12.0423 0.714672 0.0131243 0.699336 120.968 
0.706039 -0.0486249 -0.706502 -120.76 0.0249818 0.998729 -0.043772 -12.1061 0.707732 0.0132551 0.706356 121.615 
0.7134 -0.0480363 -0.699109 -121.405 0.0246777 0.998751 -0.0434428 -12.1592 0.700322 0.0137398 0.713695 122.261 
0.721157 -0.0453009 -0.691289 -122.039 0.0224032 0.998863 -0.0420855 -12.2082 0.69241 0.0148632 0.721352 122.912 
0.730329 -0.0423387 -0.681782 -122.655 0.0216886 0.999011 -0.0388057 -12.2613 0.682751 0.0135541 0.730525 123.555 
0.740018 -0.0384818 -0.671485 -123.257 0.0199533 0.999179 -0.0352717 -12.3113 0.672291 0.0127034 0.740178 124.195 
0.750346 -0.0361188 -0.660058 -123.847 0.0181271 0.999255 -0.0340732 -12.3598 0.660796 0.0136018 0.750442 124.842 
0.760466 -0.0354575 -0.648409 -124.419 0.0169399 0.999252 -0.0347755 -12.4093 0.649157 0.0154616 0.760497 125.49 
0.770604 -0.036383 -0.636274 -124.98 0.0171779 0.999192 -0.0363306 -12.4533 0.637082 0.0170667 0.770607 126.145 
0.780533 -0.0359153 -0.624082 -125.513 0.0172543 0.999206 -0.0359235 -12.4941 0.624876 0.0172714 0.780533 126.807 
0.790761 -0.0342333 -0.611167 -126.039 0.0169341 0.999276 -0.0340622 -12.5297 0.611891 0.0165856 0.790768 127.49 
0.800965 -0.0324281 -0.597832 -126.565 0.0171643 0.999365 -0.031212 -12.5668 0.598465 0.0147384 0.801013 128.172 
0.810461 -0.0308801 -0.584978 -127.062 0.0174237 0.999439 -0.0286191 -12.6058 0.585534 0.0130022 0.810544 128.864 
0.819568 -0.0294876 -0.572223 -127.547 0.0181974 0.999511 -0.0254433 -12.6493 0.572693 0.0104397 0.819704 129.547 
0.827525 -0.0288337 -0.560688 -128.037 0.0190151 0.999547 -0.0233377 -12.6744 0.561107 0.00865106 0.827698 130.311 
0.834742 -0.0291453 -0.549869 -128.508 0.0207071 0.999553 -0.0215455 -12.7131 0.550252 0.00659882 0.834973 131.025 
0.841402 -0.0291345 -0.539623 -128.964 0.0209965 0.999554 -0.0212279 -12.7391 0.540001 0.00653104 0.841639 131.73 
0.848182 -0.0281759 -0.528955 -129.426 0.0200463 0.999576 -0.0211001 -12.7653 0.529326 0.0072932 0.848387 132.461 
0.854865 -0.0265399 -0.518172 -129.879 0.0188707 0.999621 -0.0200667 -12.7959 0.518508 0.00737609 0.855041 133.19 
0.861082 -0.0253284 -0.507836 -130.34 0.0179145 0.99965 -0.0194821 -12.8254 0.508151 0.00767811 0.861234 133.946 
0.866958 -0.0262665 -0.497688 -130.775 0.0190499 0.999627 -0.0195732 -12.8455 0.498017 0.00748828 0.867135 134.697 
0.872285 -0.0275466 -0.488222 -131.204 0.0201582 0.999589 -0.0203836 -12.8691 0.488583 0.00793866 0.872481 135.433 
0.876668 -0.0279967 -0.480281 -131.619 0.0205526 0.999573 -0.0207524 -12.895 0.480657 0.00832193 0.876869 136.183 
0.880178 -0.0276792 -0.473835 -132.039 0.0206559 0.999586 -0.0200215 -12.9165 0.474193 0.00783505 0.880386 136.958 
0.883292 -0.0258459 -0.468111 -132.447 0.0204873 0.999653 -0.0165359 -12.9425 0.468376 0.00501576 0.883515 137.73 
0.886374 -0.0216133 -0.462465 -132.878 0.018077 0.999764 -0.0120772 -12.9673 0.462617 0.00234502 0.886555 138.534 
0.889737 -0.0189245 -0.45608 -133.306 0.0165233 0.999821 -0.0092522 -12.9884 0.456174 0.000696136 0.889891 139.348 
0.893152 -0.0161694 -0.449465 -133.733 0.0145555 0.999869 -0.00704645 -13.0039 0.44952 -0.000248575 0.89327 140.154 
0.896247 -0.0148712 -0.443307 -134.154 0.0142602 0.999887 -0.00471196 -13.0188 0.443327 -0.00209853 0.896358 140.989 
0.89946 -0.0131819 -0.436803 -134.573 0.0138653 0.999903 -0.001624 -13.0355 0.436782 -0.00459566 0.899556 141.848 
0.902615 -0.0130811 -0.430249 -134.975 0.0147092 0.999892 0.000458013 -13.0498 0.430197 -0.00674198 0.90271 142.708 
0.906169 -0.0134288 -0.422703 -135.411 0.0155552 0.999878 0.00158142 -13.0581 0.42263 -0.00800823 0.906267 143.605 
0.909914 -0.0144214 -0.414546 -135.849 0.016604 0.999861 0.00166153 -13.0667 0.414464 -0.00839491 0.910027 144.524 
0.913953 -0.0168576 -0.405471 -136.286 0.0190485 0.999818 0.00136828 -13.0771 0.405374 -0.00897409 0.914107 145.458 
0.91798 -0.0181021 -0.396214 -136.697 0.0200717 0.999798 0.000825213 -13.0989 0.396119 -0.00871016 0.918158 146.391 
0.922463 -0.019229 -0.385606 -137.099 0.0204258 0.999791 -0.000993138 -13.1114 0.385544 -0.00696011 0.922663 147.331 
0.927748 -0.0173974 -0.372802 -137.495 0.0181753 0.999834 -0.00142839 -13.1218 0.372765 -0.00545054 0.92791 148.308 
0.933966 -0.0139172 -0.357091 -137.888 0.0149046 0.999889 1.3107e-05 -13.129 0.357051 -0.00533448 0.93407 149.287 
0.940717 -0.010403 -0.339034 -138.261 0.0122622 0.999919 0.00334205 -13.1379 0.338972 -0.00730117 0.940768 150.283 
0.947485 -0.00710709 -0.319721 -138.614 0.00930399 0.999942 0.00534428 -13.1459 0.319664 -0.00803825 0.947497 151.293 
0.954152 -0.00583854 -0.299266 -138.935 0.0080855 0.999948 0.00627042 -13.1482 0.299214 -0.0084026 0.954149 152.315 
0.960613 -0.0042315 -0.277857 -139.274 0.00678109 0.999943 0.00821541 -13.1515 0.277806 -0.00977596 0.960587 153.38 
0.966574 -0.0032601 -0.256367 -139.569 0.00630456 0.999919 0.0110543 -13.1553 0.25631 -0.012301 0.966516 154.447 
0.972103 -0.00100362 -0.234551 -139.852 0.00461562 0.999879 0.014851 -13.1545 0.234508 -0.0155193 0.97199 155.542 
0.977158 0.00140126 -0.212512 -140.109 0.00281424 0.999805 0.0195326 -13.1531 0.212498 -0.0196844 0.976963 156.629 
0.981718 0.00330544 -0.190313 -140.354 0.00111167 0.999733 0.0230981 -13.1469 0.190338 -0.0228874 0.981452 157.764 
0.985682 0.00478256 -0.168548 -140.566 -0.000856731 0.999727 0.0233568 -13.1346 0.168614 -0.0228779 0.985417 158.882 
0.9892 0.00423664 -0.146512 -140.76 -0.00108486 0.999766 0.0215851 -13.1156 0.146569 -0.021193 0.988973 160.02 
0.992042 0.00423476 -0.125833 -140.923 -0.00157991 0.999774 0.0211901 -13.1238 0.125895 -0.0208227 0.991825 161.219 
0.99436 0.00237957 -0.106029 -141.054 9.01097e-05 0.999729 0.0232812 -13.1092 0.106056 -0.0231594 0.99409 162.402 
0.996257 0.00349039 -0.0863738 -141.167 -0.00129253 0.999674 0.0254883 -13.1161 0.0864346 -0.0252812 0.995937 163.676 
0.997779 0.00397796 -0.0664899 -141.268 -0.00220473 0.999641 0.0267207 -13.0989 0.0665722 -0.0265148 0.997429 164.886 
0.998899 0.00542759 -0.0465911 -141.332 -0.00414577 0.999611 0.0275638 -13.0779 0.0467225 -0.0273403 0.998534 166.118 
0.999645 0.00609904 -0.0259548 -141.397 -0.00536024 0.999581 0.028438 -13.0581 0.0261173 -0.0282887 0.999259 167.376 
0.99995 0.00802426 -0.00592492 -141.412 -0.00785267 0.999565 0.0284311 -13.0481 0.00615043 -0.0283831 0.999578 168.68 
0.999866 0.00950227 0.0133102 -141.353 -0.00986909 0.999566 0.0277735 -13.0454 -0.0130406 -0.0279011 0.999526 170.011 
0.999412 0.00961559 0.0329058 -141.346 -0.010459 0.999619 0.0255564 -13.0284 -0.0326475 -0.0258855 0.999132 171.286 
0.998586 0.0116266 0.0518709 -141.31 -0.0128605 0.999641 0.0235201 -13.0225 -0.0515788 -0.0241539 0.998377 172.614 
0.997366 0.0119479 0.0715413 -141.264 -0.0135571 0.999665 0.0220509 -13.01 -0.0712539 -0.0229627 0.997194 173.991 
0.995855 0.0121318 0.0901383 -141.162 -0.0139297 0.999716 0.0193449 -12.9993 -0.0898781 -0.0205203 0.995741 175.325 
0.994018 0.0127743 0.10847 -141.028 -0.0144346 0.99979 0.0145356 -13.0013 -0.108262 -0.0160143 0.993993 176.654 
0.99188 0.014772 0.126315 -140.885 -0.0159192 0.999841 0.00807838 -13.0039 -0.126176 -0.0100236 0.991957 177.998 
0.989606 0.0162984 0.142882 -140.649 -0.0169536 0.999851 0.00336942 -13.018 -0.142805 -0.00575671 0.989734 179.36 
0.98688 0.0186413 0.160378 -140.448 -0.0187881 0.999823 -0.000600898 -13.0317 -0.160361 -0.00242015 0.987055 180.768 
0.98379 0.020542 0.178145 -140.218 -0.020332 0.999789 -0.00300409 -13.0693 -0.178169 -0.000666608 0.984 182.207 
0.980513 0.0198605 0.195449 -139.952 -0.0198065 0.999801 -0.00223087 -13.1009 -0.195455 -0.00168373 0.980711 183.642 
0.977048 0.0185581 0.212208 -139.659 -0.0184346 0.999827 -0.00256052 -13.132 -0.212218 -0.00141016 0.977221 185.063 
0.973394 0.0181042 0.228422 -139.275 -0.0168784 0.999831 -0.00731867 -13.1799 -0.228516 0.00326859 0.973535 186.55 
0.969413 0.0193828 0.244668 -138.941 -0.0170621 0.999787 -0.0116012 -13.2011 -0.244841 0.00707186 0.969538 187.982 
0.965022 0.0217411 0.261266 -138.552 -0.0194408 0.999746 -0.0113858 -13.243 -0.261447 0.00590839 0.9652 189.446 
0.960287 0.0237464 0.278002 -138.114 -0.0213295 0.999704 -0.0117152 -13.2771 -0.278198 0.00532031 0.960509 190.905 
0.955085 0.027428 0.295059 -137.645 -0.0242047 0.999601 -0.0145717 -13.3236 -0.295341 0.00677545 0.955368 192.406 
0.949835 0.0277679 0.311515 -137.085 -0.0233007 0.999566 -0.0180535 -13.3863 -0.311881 0.00988934 0.95007 193.981 
0.943923 0.0287639 0.328911 -136.619 -0.0234856 0.999524 -0.0200102 -13.4424 -0.32933 0.0111634 0.944149 195.448 
0.937706 0.0291817 0.346201 -136.061 -0.0219387 0.999451 -0.0248224 -13.5135 -0.346736 0.0156809 0.937832 196.993 
0.9306 0.0324339 0.364599 -135.513 -0.0228844 0.999273 -0.030483 -13.5806 -0.365323 0.0200239 0.930666 198.398 
0.921768 0.0355401 0.386109 -134.875 -0.0245685 0.999143 -0.0333148 -13.6859 -0.386962 0.0212225 0.921852 200.011 
0.911286 0.0384052 0.40998 -134.288 -0.0267264 0.999058 -0.0341811 -13.7588 -0.410906 0.0201915 0.911454 201.411 
0.899303 0.0432301 0.435184 -133.612 -0.0303866 0.998874 -0.0364319 -13.8528 -0.436269 0.0195395 0.899604 202.907 
0.88668 0.047215 0.459967 -132.939 -0.0327371 0.998687 -0.0394063 -13.9305 -0.461223 0.0198828 0.887061 204.272 
0.873142 0.051016 0.484789 -132.216 -0.0347324 0.998492 -0.0425187 -14.0127 -0.486227 0.020287 0.873597 205.713 
0.859257 0.05231 0.508863 -131.474 -0.0344157 0.998416 -0.0445211 -14.0933 -0.510385 0.0207422 0.859696 207.114 
0.844704 0.0537997 0.532524 -130.644 -0.0344278 0.998337 -0.0462493 -14.2221 -0.534126 0.0207333 0.845151 208.536 
0.829121 0.0559973 0.556258 -129.76 -0.0336242 0.998165 -0.0503649 -14.386 -0.558057 0.0230549 0.829482 210.022 
0.813773 0.0582895 0.578252 -128.885 -0.032145 0.997949 -0.0553585 -14.4944 -0.580293 0.0264614 0.813978 211.327 
0.798322 0.0600354 0.599231 -127.926 -0.0314437 0.997817 -0.058078 -14.6292 -0.601409 0.027523 0.798467 212.688 
0.782978 0.0615262 0.618999 -126.923 -0.030074 0.997677 -0.0611243 -14.7579 -0.621322 0.0292432 0.78301 214.02 
0.768509 0.0614901 0.636877 -125.898 -0.02835 0.997666 -0.0621144 -14.9067 -0.63921 0.0296801 0.768459 215.273 
0.753526 0.0622996 0.65446 -124.876 -0.0273444 0.997608 -0.0634811 -15.0543 -0.65685 0.0299388 0.753427 216.58 
0.739002 0.0625034 0.670797 -123.803 -0.0247289 0.997533 -0.0657045 -15.1884 -0.673249 0.0319678 0.738725 217.84 
0.725312 0.0636431 0.685473 -122.721 -0.0223308 0.997369 -0.0689725 -15.3186 -0.688058 0.0347195 0.724824 219.001 
0.711119 0.0654 0.700024 -121.636 -0.0200261 0.997144 -0.072815 -15.463 -0.702787 0.0377614 0.710398 220.159 
0.696714 0.0672161 0.714193 -120.511 -0.0186858 0.996963 -0.0756004 -15.59 -0.717105 0.0393266 0.695855 221.321 
0.682303 0.0681242 0.727888 -119.353 -0.0179498 0.99691 -0.0764766 -15.7303 -0.730849 0.0391148 0.681418 222.427 
0.666833 0.0688893 0.742016 -118.18 -0.0182301 0.996928 -0.0761724 -15.8857 -0.744984 0.0372673 0.66604 223.523 
0.650806 0.0697551 0.756033 -116.984 -0.0205404 0.997024 -0.0743085 -16.0424 -0.758966 0.0328312 0.650302 224.577 
0.63385 0.0708594 0.770203 -115.804 -0.0232252 0.997089 -0.0726195 -16.1871 -0.773107 0.0281418 0.633651 225.604 
0.616666 0.072902 0.783842 -114.591 -0.0267361 0.997068 -0.0716993 -16.3415 -0.786771 0.0232577 0.616807 226.616 
0.599818 0.0755904 0.796558 -113.385 -0.0277672 0.996894 -0.0736925 -16.4922 -0.799655 0.0220839 0.600054 227.565 
0.582691 0.0790935 0.808836 -112.161 -0.030147 0.996672 -0.0757431 -16.6377 -0.812135 0.0197508 0.583136 228.492 
0.564405 0.0792293 0.821687 -110.957 -0.0305878 0.996707 -0.0750948 -16.7828 -0.824931 0.0172503 0.56497 229.368 
0.544353 0.0781085 0.835212 -109.736 -0.0310966 0.99685 -0.0729574 -16.9183 -0.83828 0.0137424 0.545068 230.218 
0.524022 0.0764285 0.848268 -108.49 -0.0313797 0.997022 -0.0704461 -17.0525 -0.851126 0.0102969 0.52486 231.035 
0.503585 0.0747106 0.860709 -107.233 -0.0317397 0.997181 -0.0679862 -17.1973 -0.863362 0.00691824 0.504537 231.811 
0.48284 0.073734 0.872599 -105.979 -0.0312825 0.997265 -0.0669584 -17.3271 -0.87515 0.00503308 0.483826 232.557 
0.462388 0.0732767 0.883644 -104.692 -0.0306234 0.997305 -0.0666775 -17.4567 -0.886149 0.00377067 0.463386 233.27 
0.441677 0.0725257 0.894238 -103.411 -0.0288372 0.99736 -0.066646 -17.5844 -0.896711 0.00364868 0.442603 233.972 
0.421727 0.0726388 0.903809 -102.109 -0.0261913 0.997346 -0.0679352 -17.7045 -0.906345 0.00497815 0.42251 234.603 
0.401629 0.0717068 0.912991 -100.825 -0.0230412 0.997406 -0.0682008 -17.8504 -0.915513 0.00635502 0.402239 235.2 
0.381255 0.0695336 0.921851 -99.5474 -0.0214649 0.997564 -0.0663671 -17.9884 -0.924221 0.00551533 0.381819 235.767 
0.360899 0.069488 0.930013 -98.2596 -0.0209795 0.997573 -0.0663946 -18.1069 -0.932369 0.00445051 0.36148 236.306 
0.341311 0.0740873 0.937026 -96.9541 -0.0216869 0.997244 -0.070949 -18.2354 -0.9397 0.00389454 0.341978 236.825 
0.321602 0.0833618 0.943198 -95.643 -0.0230538 0.996511 -0.080213 -18.3661 -0.946594 0.00405232 0.322402 237.338 
0.302135 0.0911752 0.948895 -94.3383 -0.025861 0.995833 -0.0874509 -18.5066 -0.952914 0.00188261 0.303234 237.804 
0.282868 0.0948924 0.954453 -93.047 -0.0289603 0.995485 -0.0903889 -18.6629 -0.958722 -0.00207319 0.284339 238.224 
0.263082 0.0963475 0.959951 -91.7653 -0.0316607 0.995327 -0.0912212 -18.8102 -0.964254 -0.00639399 0.264903 238.627 
0.243139 0.0966854 0.965161 -90.4971 -0.035951 0.995235 -0.0906414 -18.9551 -0.969325 -0.01266 0.245456 239.002 
0.224072 0.0971094 0.969723 -89.218 -0.0376426 0.995143 -0.090957 -19.093 -0.973846 -0.016122 0.226639 239.342 
0.205124 0.0954877 0.974067 -87.9649 -0.0382282 0.995252 -0.0895141 -19.2355 -0.977989 -0.0188753 0.207801 239.645 
0.186476 0.0956702 0.97779 -86.7208 -0.0380771 0.995203 -0.0901122 -19.3696 -0.981721 -0.0204276 0.189224 239.916 
0.167788 0.0963209 0.981106 -85.4847 -0.0375233 0.995118 -0.0912793 -19.5047 -0.985109 -0.0214987 0.170583 240.173 
0.148551 0.100152 0.98382 -84.2469 -0.0415327 0.994613 -0.0949789 -19.6358 -0.988032 -0.0267515 0.15191 240.412 
0.130022 0.102117 0.986239 -83.0098 -0.0418516 0.994361 -0.0974402 -19.7734 -0.990627 -0.0286063 0.133563 240.618 
0.112815 0.0995202 0.98862 -81.7456 -0.0426254 0.99454 -0.095252 -19.9128 -0.992701 -0.0313944 0.116441 240.803 
0.0970666 0.0949827 0.990735 -80.517 -0.0405948 0.994985 -0.0914128 -20.0475 -0.99445 -0.0313456 0.100436 240.96 
0.0830595 0.090931 0.992387 -79.3217 -0.0404752 0.995315 -0.0878115 -20.1747 -0.995722 -0.0328735 0.0863508 241.081 
0.0699118 0.0876716 0.993693 -78.1398 -0.0386818 0.99562 -0.08512 -20.2996 -0.996803 -0.0324869 0.0729968 241.206 
0.0588504 0.0875709 0.994418 -76.9755 -0.0384113 0.995606 -0.0854022 -20.4304 -0.997528 -0.0331709 0.0619555 241.316 
0.0501605 0.0899915 0.994679 -75.8232 -0.0390987 0.995346 -0.0880801 -20.552 -0.997976 -0.0344725 0.0534456 241.402 
0.0433827 0.091613 0.994849 -74.6698 -0.0403704 0.995134 -0.0898787 -20.6781 -0.998243 -0.0362633 0.04687 241.482 
0.0371715 0.0956764 0.994718 -73.5444 -0.0412124 0.994706 -0.0941351 -20.8074 -0.998459 -0.0374956 0.0409177 241.56 
0.031383 0.104341 0.994046 -72.4367 -0.0408865 0.993838 -0.103029 -20.9369 -0.998671 -0.0374097 0.0354558 241.63 
0.0262104 0.106893 0.993925 -71.3302 -0.0425962 0.993483 -0.105722 -21.0655 -0.998749 -0.0395664 0.0305929 241.693 
0.022432 0.0986034 0.994874 -70.2236 -0.0418222 0.994346 -0.097608 -21.1903 -0.998873 -0.0394183 0.026429 241.743 
0.0198101 0.0887856 0.995854 -69.1217 -0.0408358 0.99529 -0.0879229 -21.3124 -0.99897 -0.0389247 0.0233424 241.794 
0.0185661 0.0852042 0.996191 -68.0369 -0.0400441 0.995626 -0.0844096 -21.4252 -0.999025 -0.0383244 0.0218968 241.836 
0.0179812 0.0871449 0.996033 -66.963 -0.0413733 0.995406 -0.0863431 -21.539 -0.998982 -0.0396567 0.0215041 241.891 
0.0180026 0.0902361 0.995758 -65.9013 -0.0409108 0.995152 -0.0894415 -21.647 -0.999001 -0.0391271 0.0216069 241.938 
0.0198927 0.0927523 0.995491 -64.8423 -0.0433711 0.99483 -0.0918241 -21.7597 -0.998861 -0.0413489 0.0238126 241.981 
0.0214751 0.0933399 0.995403 -63.8029 -0.0454265 0.994695 -0.0922934 -21.8719 -0.998737 -0.0432356 0.0256013 242.039 
0.0245114 0.0950714 0.995169 -62.77 -0.0465742 0.994495 -0.0938599 -21.9809 -0.998614 -0.0440486 0.0288043 242.091 
0.0276802 0.0960972 0.994987 -61.7486 -0.0488667 0.994308 -0.0946722 -22.0894 -0.998422 -0.0460011 0.0322186 242.156 
0.0321645 0.0972571 0.994739 -60.7422 -0.0501588 0.994157 -0.0955783 -22.1991 -0.998223 -0.0468207 0.0368549 242.22 
0.0381387 0.0964456 0.994607 -59.7256 -0.0509972 0.994222 -0.0944528 -22.3065 -0.99797 -0.0471199 0.0428368 242.286 
0.0445737 0.0951451 0.994465 -58.7138 -0.0499516 0.994422 -0.0929019 -22.4169 -0.997757 -0.0455341 0.0490777 242.358 
0.0518392 0.0942608 0.994197 -57.7118 -0.0475547 0.994639 -0.0918231 -22.5279 -0.997523 -0.0425187 0.0560438 242.43 
0.0590451 0.0952109 0.993705 -56.7193 -0.0461598 0.994637 -0.0925575 -22.634 -0.997188 -0.0404042 0.0631234 242.511 
0.0656538 0.0950071 0.993309 -55.7272 -0.0470243 0.994646 -0.0920267 -22.7393 -0.996734 -0.0406678 0.0697699 242.606 
0.0723652 0.0937012 0.992967 -54.7387 -0.0476972 0.994763 -0.0903946 -22.8472 -0.996237 -0.0408204 0.0764555 242.707 
0.0787727 0.0916735 0.992669 -53.745 -0.0482313 0.994947 -0.0880565 -22.9491 -0.995725 -0.0409413 0.0827962 242.814 
0.0852334 0.0902584 0.992264 -52.7604 -0.0481285 0.995099 -0.086382 -23.0496 -0.995198 -0.0403936 0.0891597 242.926 
0.091908 0.0909223 0.991608 -51.7876 -0.0483258 0.995057 -0.0867593 -23.1499 -0.994594 -0.0399464 0.0958476 243.042 
0.098286 0.0930635 0.990797 -50.816 -0.0477831 0.994911 -0.0887098 -23.2516 -0.99401 -0.0386244 0.102233 243.166 
0.104355 0.0946438 0.990027 -49.8516 -0.0480566 0.994779 -0.0900326 -23.348 -0.993378 -0.038182 0.108358 243.3 
0.110329 0.0966882 0.989181 -48.8955 -0.0500121 0.994536 -0.0916334 -23.4477 -0.992636 -0.0393612 0.114562 243.437 
0.116448 0.097504 0.988399 -47.9328 -0.0522496 0.994393 -0.0919394 -23.547 -0.991822 -0.0409373 0.12089 243.58 
0.122718 0.0970838 0.987682 -46.9832 -0.0531892 0.994417 -0.091137 -23.6477 -0.991015 -0.0413498 0.127197 243.732 
0.128083 0.0948697 0.987216 -46.0323 -0.0541061 0.9946 -0.0885595 -23.7462 -0.990286 -0.0420713 0.132525 243.89 
0.134273 0.0929554 0.986575 -45.0691 -0.0539302 0.994801 -0.0863904 -23.8496 -0.989476 -0.0416063 0.138588 244.05 
0.140582 0.0923435 0.985753 -44.1119 -0.0538312 0.994881 -0.0855214 -23.9439 -0.988605 -0.0410415 0.144834 244.211 
0.147494 0.0934841 0.984635 -43.1673 -0.0535055 0.99482 -0.0864361 -24.0396 -0.987615 -0.0399346 0.151732 244.377 
0.154673 0.0936235 0.98352 -42.2359 -0.0509136 0.994932 -0.086703 -24.1348 -0.986653 -0.0366639 0.158656 244.546 
0.163472 0.094946 0.981969 -41.3012 -0.0493315 0.9949 -0.0879838 -24.2367 -0.985314 -0.0340591 0.167322 244.721 
