1 -4.23778e-08 4.22719e-08 0 -4.23778e-08 1 -4.19404e-08 0 4.22719e-08 -4.19404e-08 1 0 
0.99999 -0.0027568 -0.00343784 -0.00622955 0.00274949 0.999994 -0.00210701 -0.00451957 0.00344372 0.00209745 0.999992 0.684194 
0.99997 -0.00144551 -0.00756822 -0.0203041 0.00141669 0.999992 -0.00380018 -0.00586295 0.00757374 0.00378926 0.999964 1.38592 
0.99993 -0.00137742 -0.0117091 -0.0366384 0.00131402 0.999984 -0.00541374 -0.00885597 0.0117165 0.00539789 0.999917 2.10518 
0.999858 -0.000113614 -0.0168364 -0.0573622 1.42044e-05 0.999983 -0.00589946 -0.0170196 0.0168368 0.0058983 0.999841 2.83683 
0.999768 -0.00128913 -0.0214792 -0.0794699 0.00116262 0.999982 -0.00589739 -0.0276569 0.0214865 0.00587096 0.999752 3.58369 
0.999659 0.000393902 -0.0261241 -0.112541 -0.000581727 0.999974 -0.0071793 -0.0354495 0.0261206 0.00719196 0.999633 4.34929 
0.99951 0.00299277 -0.031155 -0.150044 -0.00323575 0.999965 -0.00774891 -0.0447586 0.0311308 0.00784583 0.999484 5.12902 
0.999359 0.00320775 -0.0356484 -0.187586 -0.00343269 0.999975 -0.00624832 -0.0546313 0.0356275 0.0063666 0.999345 5.9198 
0.999188 0.00253043 -0.0402066 -0.2291 -0.00267512 0.99999 -0.00354315 -0.0646509 0.0401974 0.00364775 0.999185 6.72135 
0.999045 0.00215481 -0.0436305 -0.274466 -0.00219597 0.999997 -0.000893535 -0.0737871 0.0436285 0.000988408 0.999047 7.53508 
0.998912 0.00356323 -0.0464948 -0.325867 -0.00363516 0.999992 -0.00146078 -0.0819427 0.0464893 0.00162813 0.998917 8.35791 
0.998797 0.00302365 -0.048945 -0.375633 -0.00311768 0.999993 -0.00184327 -0.0868551 0.0489392 0.00199356 0.9988 9.18641 
0.998715 0.000136243 -0.0506756 -0.42358 -0.000254505 0.999997 -0.00232563 -0.093962 0.0506753 0.00233545 0.998712 10.0195 
0.998601 9.63312e-05 -0.0528752 -0.477366 -0.000173802 0.999999 -0.001459 -0.10318 0.0528751 0.00146606 0.9986 10.8601 
0.998516 -0.00144667 -0.0544413 -0.531555 0.00135134 0.999997 -0.00178638 -0.110842 0.0544438 0.00171007 0.998515 11.714 
0.998422 0.000867105 -0.0561436 -0.595765 -0.00110155 0.999991 -0.00414357 -0.122409 0.0561396 0.00419879 0.998414 12.5738 
0.998336 0.00124236 -0.0576481 -0.657292 -0.00163305 0.999976 -0.00672911 -0.132752 0.0576384 0.00681197 0.998314 13.446 
0.998219 0.00504153 -0.0594424 -0.725467 -0.00554172 0.999951 -0.00825147 -0.144808 0.059398 0.0085661 0.998198 14.3271 
0.998159 0.00593342 -0.0603591 -0.795228 -0.00641778 0.999949 -0.0078326 -0.159153 0.0603096 0.00820546 0.998146 15.2175 
0.998075 0.00486362 -0.061831 -0.860381 -0.00525697 0.999967 -0.00619917 -0.173658 0.0617989 0.0065122 0.998067 16.1135 
0.997983 0.00552009 -0.0632421 -0.928802 -0.00583056 0.999972 -0.00472447 -0.186984 0.0632143 0.00508359 0.997987 17.0147 
0.997915 0.00493479 -0.0643518 -0.996223 -0.00524293 0.999976 -0.00461899 -0.200211 0.0643275 0.00494666 0.997916 17.9204 
0.997803 0.00455724 -0.0660946 -1.0666 -0.00493273 0.999973 -0.00551776 -0.213402 0.0660678 0.00583157 0.997798 18.8255 
0.997726 0.00305205 -0.0673319 -1.13517 -0.00348128 0.999974 -0.00625725 -0.225752 0.0673112 0.00647733 0.997711 19.7408 
0.997694 0.00308444 -0.0677944 -1.21004 -0.00340816 0.999983 -0.00465863 -0.235877 0.067779 0.00487885 0.997688 20.6624 
0.997684 0.00430376 -0.0678853 -1.28599 -0.0043961 0.99999 -0.00120974 -0.249622 0.0678795 0.00150528 0.997692 21.593 
0.997738 0.00524048 -0.0670234 -1.36167 -0.00508218 0.999984 0.00253336 -0.260107 0.0670357 -0.00218709 0.997748 22.5315 
0.997855 0.00435647 -0.0653091 -1.43589 -0.0040177 0.999978 0.00531878 -0.26378 0.0653309 -0.00504507 0.997851 23.4685 
0.997944 0.00433189 -0.0639483 -1.50594 -0.00395328 0.999974 0.00604728 -0.269686 0.0639729 -0.00578213 0.997935 24.4117 
0.998027 0.00476262 -0.0625999 -1.57632 -0.00457057 0.999984 0.00321195 -0.275475 0.0626143 -0.00291958 0.998033 25.3574 
0.998084 0.00552456 -0.0616196 -1.65137 -0.00563667 0.999983 -0.00164425 -0.282157 0.0616095 0.00198834 0.998098 26.3033 
0.998158 0.00468242 -0.0604915 -1.71947 -0.00496849 0.999977 -0.00457818 -0.292119 0.0604688 0.00487021 0.998158 27.254 
0.998213 0.00198902 -0.0597283 -1.78983 -0.00220302 0.999991 -0.00351592 -0.302218 0.0597208 0.00364113 0.998208 28.2249 
0.998189 9.48441e-05 -0.060152 -1.85607 -1.04233e-05 0.999999 0.00140514 -0.311806 0.0601521 -0.00140205 0.998188 29.2023 
0.998129 -0.00393762 -0.0610205 -1.92205 0.00425038 0.999978 0.00499789 -0.323081 0.0609996 -0.00524798 0.998124 30.1829 
0.998002 -0.0113937 -0.0621478 -1.98532 0.0116866 0.999922 0.00435136 -0.330912 0.0620935 -0.00506904 0.998057 31.1624 
0.997892 -0.0135577 -0.0634607 -2.05564 0.0136228 0.999907 0.000594582 -0.33926 0.0634468 -0.00145793 0.997984 32.1359 
0.997799 -0.0136324 -0.064887 -2.12938 0.0134352 0.999904 -0.00347293 -0.346988 0.0649282 0.00259343 0.997886 33.1145 
0.997673 -0.0120123 -0.0671093 -2.20985 0.0117605 0.999922 -0.00414529 -0.359938 0.067154 0.00334632 0.997737 34.1008 
0.997636 -0.0119748 -0.0676662 -2.28913 0.0118148 0.999926 -0.00276393 -0.373962 0.0676944 0.00195785 0.997704 35.0845 
0.997576 -0.00875093 -0.0690291 -2.37768 0.00875855 0.999962 -0.000191131 -0.385856 0.0690282 -0.000414014 0.997615 36.0804 
0.997505 -0.00892614 -0.0700248 -2.46347 0.00902904 0.999958 0.00115422 -0.399521 0.0700117 -0.00178368 0.997544 37.0762 
0.997463 -0.00743806 -0.0707948 -2.55806 0.00773056 0.999963 0.00385962 -0.414597 0.0707636 -0.0043972 0.997483 38.0674 
0.99749 -0.0074655 -0.0704168 -2.64088 0.00797057 0.999944 0.00689538 -0.424308 0.0703615 -0.00743942 0.997494 39.0622 
0.99746 -0.00162443 -0.0712137 -2.73134 0.00228003 0.999956 0.0091269 -0.428575 0.0711958 -0.00926617 0.997419 40.0601 
0.997445 -0.00169685 -0.0714136 -2.81784 0.00230554 0.999962 0.00844302 -0.433515 0.0713966 -0.00858619 0.997411 41.0616 
0.997457 -0.00161359 -0.0712514 -2.90165 0.00210673 0.999974 0.00684766 -0.442983 0.0712387 -0.00698045 0.997435 42.0642 
0.997453 0.000631354 -0.0713284 -2.99141 -0.000300551 0.999989 0.00464953 -0.449019 0.0713306 -0.00461634 0.997442 43.0676 
0.997386 0.000141274 -0.0722576 -3.07255 0.000191028 0.999989 0.00459305 -0.455749 0.0722576 -0.00459493 0.997375 44.0603 
0.997283 -0.00175583 -0.0736435 -3.15546 0.00218795 0.999981 0.00578865 -0.463045 0.073632 -0.00593414 0.997268 45.0525 
0.997222 -0.00134142 -0.0744772 -3.24134 0.00185618 0.999975 0.00684398 -0.47333 0.0744662 -0.00696329 0.997199 46.0424 
0.997202 0.00115425 -0.074746 -3.32931 -0.000915372 0.999994 0.00323109 -0.483358 0.0747494 -0.00315372 0.997197 47.017 
0.997134 0.0016839 -0.0756299 -3.41862 -0.00177038 0.999998 -0.00107538 -0.489724 0.075628 0.00120611 0.997135 47.9863 
0.997081 0.00250239 -0.0763052 -3.5075 -0.00268043 0.999994 -0.00222976 -0.502835 0.0762992 0.0024277 0.997082 48.9581 
0.997069 0.00129855 -0.0764976 -3.59248 -0.00120998 0.999998 0.00120514 -0.516427 0.0764991 -0.00110913 0.997069 49.9371 
0.997068 -0.000578821 -0.0765149 -3.68046 0.000908907 0.99999 0.00428031 -0.526019 0.0765118 -0.00433739 0.997059 50.9088 
0.997045 -0.00263262 -0.0767759 -3.76533 0.00302524 0.999983 0.00499902 -0.537813 0.0767615 -0.0052166 0.997036 51.8734 
0.997015 -0.00567783 -0.0770011 -3.84797 0.00599149 0.999975 0.00384404 -0.547638 0.0769774 -0.004294 0.997024 52.8349 
0.996959 -0.00850419 -0.0774556 -3.92672 0.00872369 0.999959 0.00249704 -0.557222 0.0774313 -0.00316524 0.996993 53.7956 
0.996856 -0.0100255 -0.0785999 -4.00971 0.0103444 0.99994 0.00365179 -0.566597 0.0785586 -0.00445347 0.996899 54.7467 
0.996732 -0.0131961 -0.0796874 -4.09311 0.0138643 0.999873 0.00783882 -0.575234 0.0795739 -0.00891811 0.996789 55.7013 
0.996663 -0.0140633 -0.0804005 -4.17899 0.0151377 0.999804 0.0127705 -0.577952 0.0802052 -0.0139451 0.996681 56.6564 
0.996645 -0.0123878 -0.0809013 -4.27031 0.0136429 0.999795 0.0149801 -0.581673 0.0806992 -0.0160337 0.996609 57.6076 
0.996542 -0.0113725 -0.0823111 -4.36069 0.0123092 0.999865 0.0108828 -0.584192 0.0821763 -0.0118585 0.996547 58.5455 
0.996437 -0.00988308 -0.0837584 -4.44777 0.0101739 0.999944 0.00304744 -0.588982 0.0837236 -0.00388883 0.996481 59.4615 
0.996384 -0.00818948 -0.0845648 -4.53855 0.00807415 0.999966 -0.00170473 -0.599773 0.0845759 0.00101569 0.996416 60.3729 
0.996322 -0.00313789 -0.0856306 -4.63314 0.00306125 0.999995 -0.00102542 -0.610018 0.0856334 0.000759429 0.996326 61.2776 
0.996204 -0.000586251 -0.0870443 -4.72744 0.000710577 0.999999 0.00139825 -0.623981 0.0870435 -0.00145489 0.996203 62.1753 
0.996128 0.00196905 -0.0878893 -4.82096 -0.0017101 0.999994 0.00302253 -0.641516 0.0878948 -0.00286062 0.996126 63.055 
0.996026 0.00251926 -0.0890278 -4.91172 -0.00228874 0.999994 0.00269223 -0.64952 0.0890341 -0.00247786 0.996025 63.9234 
0.995874 0.00433108 -0.0906472 -5.00446 -0.00403934 0.999986 0.00340251 -0.659526 0.0906608 -0.00302241 0.995877 64.7786 
0.995745 0.00505544 -0.0920157 -5.09382 -0.00469619 0.99998 0.00412119 -0.67432 0.0920348 -0.00367161 0.995749 65.6167 
0.995613 0.00495453 -0.0934362 -5.18112 -0.00455052 0.999979 0.00453733 -0.683279 0.0934569 -0.00409232 0.995615 66.4419 
0.995477 0.0046923 -0.0948886 -5.26652 -0.00417839 0.999975 0.00561481 -0.69198 0.0949127 -0.00519302 0.995472 67.2486 
0.995319 0.00740034 -0.0963594 -5.35919 -0.00663765 0.999944 0.00823401 -0.698078 0.096415 -0.00755595 0.995312 68.049 
0.995175 0.00903277 -0.0976954 -5.44831 -0.00787295 0.999894 0.0122516 -0.70539 0.0977958 -0.0114235 0.995141 68.8308 
0.99497 0.0120564 -0.0994438 -5.53768 -0.0107277 0.999846 0.0138858 -0.710436 0.099596 -0.0127493 0.994946 69.6057 
0.99479 0.0146142 -0.10089 -5.6249 -0.0136969 0.999858 0.00977982 -0.717404 0.101019 -0.00834708 0.994849 70.3571 
0.994661 0.0146238 -0.102156 -5.71473 -0.0144405 0.999892 0.00253416 -0.728067 0.102183 -0.00104552 0.994765 71.0822 
0.994517 0.0137065 -0.103674 -5.79897 -0.0141296 0.999894 -0.00334666 -0.733781 0.103618 0.00479309 0.994606 71.7955 
0.994485 0.0146411 -0.103851 -5.88816 -0.01521 0.999873 -0.00468674 -0.737903 0.10377 0.00624038 0.994582 72.4887 
0.994324 0.0171997 -0.10499 -5.97088 -0.0174296 0.999847 -0.00127195 -0.749573 0.104953 0.00309459 0.994472 73.1675 
0.99417 0.0173736 -0.106412 -6.05082 -0.0173614 0.999849 0.00104259 -0.765678 0.106414 0.000810858 0.994321 73.8276 
0.994121 0.0142751 -0.107327 -6.12777 -0.014612 0.99989 -0.00235257 -0.777235 0.107282 0.00390692 0.994221 74.4647 
0.994206 0.00615439 -0.107314 -6.19313 -0.00699291 0.999948 -0.00743843 -0.789411 0.107262 0.00814568 0.994197 75.0804 
0.994323 0.00212679 -0.106385 -6.25857 -0.0034373 0.99992 -0.012136 -0.804732 0.106351 0.0124326 0.994251 75.6799 
0.994641 0.00446874 -0.103292 -6.32964 -0.00578496 0.999906 -0.0124459 -0.816525 0.103227 0.0129767 0.994573 76.2682 
0.995014 0.00940624 -0.0992941 -6.3994 -0.0104075 0.9999 -0.00956942 -0.829505 0.0991943 0.010555 0.995012 76.8404 
0.995452 0.00784164 -0.0949395 -6.45048 -0.00848589 0.999944 -0.00638321 -0.842077 0.0948842 0.00715974 0.995462 77.4026 
0.995994 0.00414742 -0.0893193 -6.49388 -0.0043629 0.999988 -0.00221644 -0.853486 0.0893091 0.00259717 0.996 77.9483 
0.99669 -0.000298289 -0.0812984 -6.5315 0.000413418 0.999999 0.00140029 -0.868738 0.0812979 -0.00142935 0.996689 78.4802 
0.997498 0.00339573 -0.0706142 -6.57268 -0.00332912 0.999994 0.00106212 -0.874821 0.0706175 -0.00082447 0.997503 78.9951 
0.998426 0.00857735 -0.0554228 -6.60948 -0.00856935 0.999963 0.000383464 -0.881969 0.0554241 9.19917e-05 0.998463 79.4966 
0.999207 0.0135727 -0.037433 -6.6304 -0.0135555 0.999908 0.000715444 -0.887046 0.0374394 -0.00020754 0.999299 79.9897 
0.999809 0.0120789 -0.0153836 -6.62787 -0.0120608 0.999926 0.0012753 -0.892246 0.015398 -0.00108961 0.999881 80.47 
0.999903 0.00846877 0.0110571 -6.60868 -0.00849623 0.999961 0.00243087 -0.901646 -0.011036 -0.00252466 0.999936 80.9345 
0.999147 0.00746869 0.0406176 -6.57316 -0.00763228 0.999963 0.00387166 -0.906658 -0.0405871 -0.00417845 0.999167 81.3904 
0.997263 0.00714621 0.0735895 -6.52176 -0.00755922 0.999957 0.00533417 -0.91413 -0.0735481 -0.00587593 0.997274 81.838 
0.993768 0.00705569 0.11124 -6.4538 -0.00777716 0.999951 0.00605232 -0.922363 -0.111192 -0.00687982 0.993775 82.2743 
0.988207 0.0073136 0.152948 -6.36505 -0.00834701 0.999946 0.00611502 -0.9272 -0.152895 -0.00731964 0.988215 82.7024 
0.980168 0.00696658 0.198045 -6.25521 -0.0083784 0.999945 0.00629128 -0.935476 -0.19799 -0.00782589 0.980173 83.1133 
0.968953 0.00927693 0.247071 -6.12926 -0.0106818 0.999933 0.00434598 -0.945586 -0.247014 -0.00685029 0.968988 83.5079 
0.953797 0.0102842 0.300275 -5.98146 -0.0112531 0.999935 0.00149712 -0.953372 -0.30024 -0.00480703 0.953851 83.8847 
0.934368 0.0106591 0.35615 -5.80982 -0.0111488 0.999938 -0.000678009 -0.958863 -0.356135 -0.00333721 0.934428 84.2443 
0.910429 0.0114543 0.413506 -5.61766 -0.0114427 0.999931 -0.00250499 -0.964397 -0.413507 -0.00245108 0.910498 84.5875 
0.881729 0.0115586 0.471614 -5.40665 -0.0108092 0.999932 -0.00429824 -0.971083 -0.471632 -0.00130794 0.881795 84.9095 
0.848598 0.00973663 0.528949 -5.17594 -0.00776109 0.999952 -0.00595562 -0.982746 -0.528981 0.000948651 0.848633 85.2047 
0.811867 0.0094487 0.583766 -4.92803 -0.00667645 0.999954 -0.00689999 -0.993478 -0.583804 0.00170435 0.811893 85.4872 
0.771922 0.00815997 0.635665 -4.66302 -0.00575731 0.999966 -0.00584523 -1.00323 -0.635691 0.0008523 0.771943 85.7551 
0.728886 0.00783658 0.68459 -4.38465 -0.00737877 0.999966 -0.00359066 -1.01021 -0.684595 -0.00243429 0.728919 86.0084 
0.683204 0.00680321 0.730195 -4.0928 -0.00679925 0.999972 -0.00295517 -1.01853 -0.730195 -0.00294583 0.683232 86.2394 
0.636214 0.00559819 0.771492 -3.7865 -0.0037191 0.999984 -0.00418936 -1.02564 -0.771504 -0.000203961 0.636225 86.4451 
0.588869 0.00293293 0.808223 -3.46637 0.00173576 0.999986 -0.0048936 -1.03402 -0.808227 0.00428454 0.588856 86.6305 
0.54159 0.00511506 0.840627 -3.1449 -0.00039617 0.999983 -0.00582959 -1.04374 -0.840643 0.00282419 0.541583 86.8033 
0.493669 0.00808675 0.869612 -2.81899 -0.00456729 0.999967 -0.00670627 -1.0534 -0.869638 -0.000661124 0.49369 86.9649 
0.447816 0.0103308 0.894066 -2.48608 -0.00533482 0.999946 -0.00888222 -1.06035 -0.89411 -0.000792102 0.447847 87.1014 
0.405225 0.00778727 0.914184 -2.13904 0.00177744 0.999955 -0.00930587 -1.06602 -0.914215 0.00539586 0.405193 87.2142 
0.365444 0.000258422 0.930833 -1.77664 0.0169377 0.999832 -0.0069274 -1.0657 -0.930679 0.0182977 0.365379 87.3055 
0.329913 -0.00338698 0.944005 -1.41683 0.0209755 0.999773 -0.00374357 -1.07036 -0.943778 0.021036 0.329909 87.3981 
0.296583 0.000762241 0.955007 -1.05746 0.0180302 0.999817 -0.00639749 -1.07706 -0.954837 0.0191164 0.296515 87.495 
0.265315 0.00856655 0.964124 -0.696846 0.00669287 0.99992 -0.0107265 -1.0918 -0.964138 0.00929865 0.265237 87.5967 
0.236838 0.0130282 0.971462 -0.321214 0.00220978 0.9999 -0.0139484 -1.10742 -0.971547 0.00545022 0.236786 87.6834 
0.211077 0.0147657 0.977358 0.0718961 0.00357989 0.999867 -0.015879 -1.12067 -0.977463 0.00685051 0.210996 87.754 
0.187695 0.0159748 0.982097 0.471813 0.0108061 0.999774 -0.0183276 -1.13197 -0.982168 0.0140526 0.18748 87.8057 
0.167479 0.0221533 0.985627 0.879548 0.0176886 0.999519 -0.0254713 -1.13201 -0.985717 0.0217003 0.167006 87.8522 
0.147842 0.0290617 0.988584 1.29808 0.0200493 0.999275 -0.0323744 -1.13071 -0.988808 0.0246068 0.147152 87.9016 
0.130293 0.0297834 0.991028 1.73567 0.0181177 0.99931 -0.0324144 -1.14334 -0.99131 0.0221786 0.129664 87.9575 
0.114657 0.0254204 0.99308 2.18726 0.0156044 0.999503 -0.0273865 -1.16632 -0.993283 0.0186365 0.114203 88.0108 
0.10025 0.0221664 0.994715 2.65612 0.0161182 0.999584 -0.0238994 -1.18512 -0.994832 0.018429 0.0998515 88.0542 
0.0868675 0.0197684 0.996024 3.14053 0.0180216 0.999608 -0.0214114 -1.20115 -0.996057 0.0198099 0.0864773 88.0923 
0.0752346 0.0189904 0.996985 3.63896 0.0220001 0.999544 -0.0206994 -1.21385 -0.996923 0.0234911 0.0747825 88.123 
0.0650383 0.0196104 0.99769 4.14292 0.0252361 0.999455 -0.0212903 -1.22728 -0.997564 0.0265625 0.0645079 88.1518 
0.0572005 0.0200715 0.998161 4.67143 0.0272933 0.999393 -0.0216605 -1.24244 -0.997989 0.028482 0.0566179 88.1783 
0.0516642 0.0204508 0.998455 5.22005 0.0290107 0.999338 -0.0219701 -1.25694 -0.998243 0.030101 0.0510367 88.2046 
0.0460366 0.0216196 0.998706 5.78637 0.030115 0.999281 -0.0230203 -1.2714 -0.998486 0.0311358 0.0453525 88.2329 
0.0402357 0.0222648 0.998942 6.36569 0.0306846 0.999253 -0.0235077 -1.28763 -0.998719 0.031598 0.0395224 88.2564 
0.0358753 0.0223293 0.999107 6.96744 0.0331231 0.999174 -0.0235203 -1.30299 -0.998807 0.0339373 0.0351061 88.2786 
0.0330976 0.0222849 0.999204 7.58962 0.0347835 0.99912 -0.0234353 -1.3195 -0.998847 0.0355315 0.0322933 88.2991 
0.0300721 0.0217939 0.99931 8.2261 0.0355502 0.999106 -0.0228593 -1.33892 -0.998915 0.0362131 0.0292704 88.3164 
0.0277013 0.021135 0.999393 8.88115 0.0376399 0.999045 -0.022171 -1.35852 -0.998907 0.0382312 0.0268794 88.3406 
0.027098 0.0207915 0.999416 9.55614 0.042117 0.998872 -0.0219222 -1.37711 -0.998745 0.0426865 0.0261917 88.3605 
0.0282657 0.0204868 0.99939 10.2469 0.0457524 0.998716 -0.0217671 -1.3963 -0.998553 0.0463398 0.0272921 88.3805 
0.0305932 0.0205882 0.99932 10.9564 0.0472309 0.998641 -0.0220202 -1.41267 -0.998415 0.0478724 0.0295793 88.41 
0.0344982 0.0205757 0.999193 11.677 0.0496953 0.998516 -0.0222776 -1.43206 -0.998168 0.0504237 0.0334245 88.4424 
0.0388627 0.0201864 0.999041 12.4193 0.0501642 0.998496 -0.0221269 -1.451 -0.997985 0.050976 0.0377916 88.48 
0.043002 0.0184495 0.998905 13.1799 0.0517665 0.998445 -0.0206696 -1.47317 -0.997733 0.0525987 0.0419801 88.5196 
0.0470194 0.0170572 0.998748 13.9533 0.0516517 0.998475 -0.0194843 -1.49078 -0.997558 0.0525032 0.0460667 88.5676 
0.05133 0.0149507 0.99857 14.7401 0.0485745 0.998667 -0.0174491 -1.51294 -0.9975 0.0494006 0.0505353 88.619 
0.0554234 0.0139562 0.998365 15.5409 0.0478725 0.998715 -0.0166187 -1.53194 -0.997315 0.0487153 0.0546841 88.675 
0.0596243 0.0149678 0.998109 16.3446 0.0450675 0.998828 -0.0176709 -1.55422 -0.997203 0.0460358 0.0588799 88.7379 
0.0626498 0.0191123 0.997852 17.1483 0.0429994 0.998836 -0.021831 -1.57795 -0.997109 0.0442748 0.0617551 88.8034 
0.0640178 0.0244837 0.997648 17.954 0.0373186 0.998941 -0.0269102 -1.60425 -0.997251 0.0389536 0.0630363 88.8743 
0.0637309 0.0277306 0.997582 18.77 0.0345978 0.998951 -0.0299791 -1.63189 -0.997367 0.0364248 0.0627047 88.9435 
0.0639502 0.0272062 0.997582 19.5885 0.0325009 0.999041 -0.0293296 -1.66499 -0.997424 0.034298 0.0630047 89.0106 
0.0639517 0.0256421 0.997623 20.4122 0.0296436 0.99918 -0.0275824 -1.69723 -0.997513 0.0313371 0.0631392 89.0778 
0.0640271 0.0243209 0.997652 21.2412 0.0305556 0.999186 -0.0263194 -1.73052 -0.99748 0.032169 0.0632319 89.1353 
0.0643281 0.0237005 0.997647 22.0611 0.0279615 0.999283 -0.0255424 -1.76407 -0.997537 0.0295388 0.0636193 89.2052 
0.0643304 0.0240416 0.997639 22.877 0.0261857 0.999325 -0.0257708 -1.79703 -0.997585 0.0277817 0.0636574 89.2735 
0.0644263 0.0247938 0.997614 23.696 0.0232311 0.999383 -0.0263381 -1.8297 -0.997652 0.0248726 0.0638105 89.3417 
0.0633793 0.0261843 0.997646 24.5123 0.0205417 0.99941 -0.0275357 -1.86148 -0.997778 0.0222386 0.062804 89.4055 
0.060647 0.0257192 0.997828 25.3282 0.0173014 0.999491 -0.0268137 -1.89465 -0.998009 0.01889 0.0601711 89.4684 
0.0568972 0.0246089 0.998077 26.1412 0.014988 0.999562 -0.0255 -1.92447 -0.998267 0.01641 0.0565034 89.5259 
0.0521353 0.0221022 0.998395 26.9523 0.013143 0.999653 -0.0228165 -1.9577 -0.998553 0.0143115 0.0518268 89.581 
0.0459504 0.0201633 0.99874 27.7671 0.0111595 0.999723 -0.0206967 -1.98719 -0.998881 0.0120965 0.0457127 89.6301 
0.0385107 0.020527 0.999047 28.5757 0.0107647 0.999722 -0.0209559 -2.01616 -0.9992 0.0115614 0.038279 89.671 
0.029846 0.0213997 0.999325 29.3792 0.010703 0.999707 -0.0217276 -2.04612 -0.999497 0.0113443 0.0296082 89.7042 
0.0200638 0.0219707 0.999557 30.1868 0.0112824 0.99969 -0.0222002 -2.071 -0.999735 0.0117228 0.0198097 89.7248 
0.0097649 0.0210091 0.999732 30.9835 0.0126325 0.999697 -0.0211318 -2.09939 -0.999872 0.0128355 0.00949654 89.7395 
-0.000908265 0.0201181 0.999797 31.7768 0.0116933 0.999729 -0.0201062 -2.12823 -0.999931 0.0116727 -0.00114327 89.7455 
-0.0119079 0.0192359 0.999744 32.5624 0.0130501 0.999733 -0.0190804 -2.15557 -0.999844 0.0128196 -0.0121558 89.7391 
-0.0228346 0.019611 0.999547 33.3453 0.0132957 0.999725 -0.0193108 -2.18223 -0.999651 0.0128487 -0.023089 89.7256 
-0.0337973 0.0201319 0.999226 34.1223 0.0137338 0.999712 -0.0196773 -2.21055 -0.999334 0.0130582 -0.034064 89.7034 
-0.0444608 0.0214246 0.998781 34.8927 0.0133962 0.999693 -0.0208479 -2.23648 -0.998921 0.012453 -0.0447342 89.6751 
-0.054767 0.0224433 0.998247 35.6586 0.0143948 0.999661 -0.0216854 -2.26301 -0.998395 0.0131819 -0.0550715 89.6375 
-0.0642133 0.0231296 0.997668 36.4209 0.0152127 0.999638 -0.0221962 -2.29076 -0.99782 0.0137519 -0.0645419 89.5907 
-0.0739284 0.0236753 0.996982 37.1758 0.0159744 0.999618 -0.0225535 -2.31629 -0.997136 0.0142589 -0.0742784 89.5402 
-0.0832908 0.0240352 0.996235 37.9233 0.0167911 0.999601 -0.0227126 -2.34394 -0.996384 0.0148362 -0.0836611 89.4836 
-0.0918583 0.0235412 0.995494 38.6639 0.0180441 0.999596 -0.0219732 -2.37024 -0.995609 0.0159444 -0.0922459 89.4186 
-0.099264 0.0224028 0.994809 39.3906 0.0199549 0.99959 -0.0205194 -2.39609 -0.994861 0.0178145 -0.0996703 89.3513 
-0.104727 0.0207937 0.994283 40.1113 0.0227113 0.999571 -0.0185122 -2.42283 -0.994242 0.0206427 -0.105154 89.2824 
-0.108396 0.0192289 0.993922 40.8239 0.0256335 0.999534 -0.016542 -2.44709 -0.993777 0.0236846 -0.108838 89.207 
-0.110996 0.018279 0.993653 41.5261 0.0275589 0.999503 -0.0153083 -2.46776 -0.993439 0.0256848 -0.111444 89.1316 
-0.112724 0.0173721 0.993474 42.2182 0.0277725 0.999512 -0.0143265 -2.49217 -0.993238 0.0259763 -0.113152 89.0595 
-0.113425 0.017796 0.993387 42.8934 0.028686 0.999481 -0.0146299 -2.51437 -0.993132 0.0268369 -0.113877 88.9892 
-0.112457 0.0188991 0.993477 43.5529 0.0295446 0.999441 -0.0156683 -2.53493 -0.993217 0.0275899 -0.112952 88.9193 
-0.109492 0.0204508 0.993777 44.1943 0.0306195 0.999383 -0.0171927 -2.55775 -0.993516 0.0285465 -0.11005 88.8582 
-0.104264 0.0210183 0.994327 44.8225 0.0309294 0.999362 -0.0178815 -2.57871 -0.994069 0.0288895 -0.104847 88.8016 
-0.0962463 0.0217315 0.99512 45.4278 0.0303648 0.99936 -0.0188873 -2.60005 -0.994894 0.0283988 -0.0968446 88.7547 
-0.0850522 0.021573 0.996143 46.012 0.0291505 0.999391 -0.0191545 -2.62413 -0.99595 0.0274089 -0.0856293 88.7169 
-0.0713209 0.0218233 0.997215 46.575 0.028346 0.999401 -0.0198439 -2.64625 -0.99705 0.0268518 -0.0718968 88.6944 
-0.0540528 0.0231354 0.99827 47.1222 0.0275371 0.999386 -0.0216703 -2.66964 -0.998158 0.0263181 -0.0546567 88.681 
-0.0327122 0.0255376 0.999138 47.6592 0.025897 0.999359 -0.0246954 -2.69299 -0.999129 0.0250668 -0.0333526 88.6831 
-0.0080888 0.0285792 0.999559 48.1882 0.0239993 0.999309 -0.0283779 -2.71503 -0.999679 0.0237592 -0.0087691 88.7023 
0.0205916 0.0302864 0.999329 48.7167 0.0222878 0.999279 -0.0307442 -2.73758 -0.999539 0.0229059 0.0199017 88.7322 
0.0540894 0.0296923 0.998094 49.2524 0.020189 0.999321 -0.0308229 -2.76087 -0.998332 0.0218177 0.0534532 88.7836 
0.0924999 0.0273058 0.995338 49.7728 0.0191778 0.99939 -0.0291992 -2.77905 -0.995528 0.0217893 0.0919197 88.8535 
0.13498 0.0234386 0.990571 50.2913 0.0168709 0.999521 -0.0259494 -2.80369 -0.990705 0.0202145 0.13452 88.9498 
0.180949 0.0190962 0.983307 50.7967 0.014448 0.999652 -0.0220724 -2.82506 -0.983386 0.0182008 0.18061 89.0643 
0.230186 0.0158266 0.973018 51.2889 0.0101242 0.999775 -0.018657 -2.84366 -0.973094 0.0141456 0.229974 89.2054 
0.282599 0.0145901 0.959127 51.771 0.00694068 0.999827 -0.0172544 -2.85587 -0.959213 0.011533 0.282448 89.373 
0.338554 0.014011 0.940843 52.2379 0.0058632 0.999838 -0.0169995 -2.87501 -0.940929 0.0112716 0.338417 89.5627 
0.397503 0.0140644 0.917493 52.6905 0.00814207 0.999789 -0.0188535 -2.89418 -0.917565 0.0149646 0.397304 89.7811 
0.457567 0.0171152 0.889011 53.1168 0.00900424 0.999674 -0.0238803 -2.91357 -0.88913 0.0189317 0.457264 90.0354 
0.516969 0.0202479 0.855765 53.5097 0.0101557 0.999505 -0.029784 -2.92987 -0.855944 0.0240883 0.516507 90.3145 
0.574893 0.0245229 0.817861 53.8814 0.00606037 0.999396 -0.0342262 -2.94451 -0.818206 0.0246329 0.574397 90.6288 
0.630359 0.0274555 0.775818 54.2316 0.00199085 0.999314 -0.0369825 -2.95877 -0.776301 0.0248568 0.629872 90.9748 
0.682722 0.0285163 0.730121 54.5494 0.00015046 0.999233 -0.0391678 -2.97344 -0.730678 0.0268505 0.682194 91.334 
0.73112 0.0272029 0.681706 54.8373 -0.00100964 0.999247 -0.0387915 -2.99024 -0.682248 0.0276729 0.730597 91.7058 
0.775834 0.0241398 0.630475 55.0991 -0.00358805 0.99942 -0.033851 -3.00713 -0.630926 0.0240006 0.775471 92.0994 
0.8166 0.0190901 0.576888 55.3316 -0.00437115 0.999629 -0.0268918 -3.02497 -0.577187 0.0194382 0.81638 92.5121 
0.852551 0.0164683 0.522384 55.5386 -0.00669024 0.999765 -0.0205994 -3.03941 -0.522601 0.0140671 0.852461 92.9417 
0.883172 0.0132814 0.468861 55.7197 -0.00780652 0.999877 -0.0136188 -3.05136 -0.468984 0.0083675 0.883167 93.3842 
0.908289 0.0138335 0.418114 55.8737 -0.0114791 0.999901 -0.00814593 -3.067 -0.418185 0.00259923 0.908358 93.8303 
0.927977 0.016171 0.372287 56.0059 -0.0154789 0.999868 -0.0048483 -3.07989 -0.372316 -0.00126352 0.928105 94.2807 
0.942884 0.0219859 0.332393 56.1176 -0.0226078 0.999742 -0.00199706 -3.09203 -0.332352 -0.00563174 0.943139 94.7433 
0.954449 0.0262543 0.297215 56.2222 -0.0265267 0.999643 -0.00311755 -3.0949 -0.297191 -0.00490867 0.954805 95.2125 
0.963484 0.0281046 0.266288 56.3231 -0.0283368 0.999594 -0.00297154 -3.10039 -0.266263 -0.00468278 0.963889 95.6863 
0.969457 0.0225472 0.244221 56.4306 -0.022552 0.999742 -0.00277719 -3.10638 -0.24422 -0.00281536 0.969716 96.1641 
0.973312 0.0196906 0.228637 56.5299 -0.01974 0.999803 -0.00207153 -3.11693 -0.228633 -0.00249712 0.973509 96.6535 
0.976102 0.0236425 0.216024 56.617 -0.0236784 0.999717 -0.00242262 -3.1218 -0.21602 -0.00275044 0.976385 97.1496 
0.978036 0.0291543 0.206389 56.7011 -0.0293633 0.999567 -0.00205158 -3.12335 -0.206359 -0.00405382 0.978468 97.656 
0.979004 0.0368853 0.200476 56.7814 -0.0369286 0.999312 -0.0035255 -3.12454 -0.200468 -0.00395189 0.979692 98.1759 
0.979384 0.0427664 0.197426 56.8708 -0.0422072 0.999084 -0.00704169 -3.13434 -0.197546 -0.00143634 0.980292 98.6937 
0.979493 0.0439748 0.196619 56.9678 -0.0429305 0.999032 -0.00957257 -3.14436 -0.19685 0.000935224 0.980433 99.229 
0.979084 0.0424966 0.198967 57.0762 -0.0406847 0.999085 -0.0131883 -3.15574 -0.199345 0.0048175 0.979917 99.7669 
0.978336 0.0412281 0.202877 57.1888 -0.0380372 0.999084 -0.0196043 -3.16447 -0.2035 0.0114627 0.979008 100.316 
0.977505 0.0413147 0.206828 57.3062 -0.0370623 0.999015 -0.0243947 -3.1728 -0.207632 0.0161804 0.978073 100.878 
0.97631 0.0461782 0.211393 57.4147 -0.0420434 0.998827 -0.0240155 -3.18712 -0.212254 0.0145588 0.977106 101.465 
0.974916 0.0493444 0.217033 57.5336 -0.046063 0.998735 -0.0201559 -3.20105 -0.217753 0.00965304 0.975956 102.056 
0.973979 0.046097 0.221899 57.6598 -0.043746 0.998922 -0.0155014 -3.21706 -0.222374 0.00539083 0.974946 102.659 
0.973318 0.0416439 0.225648 57.8042 -0.040442 0.999132 -0.00994903 -3.23075 -0.225866 0.000557862 0.974158 103.277 
0.972556 0.0392046 0.229341 57.9486 -0.0390362 0.999224 -0.00527327 -3.24477 -0.22937 -0.00382414 0.973332 103.903 
0.972028 0.0345385 0.232311 58.0962 -0.034355 0.999398 -0.00483763 -3.25085 -0.232338 -0.00327878 0.97263 104.541 
0.972117 0.0308981 0.232453 58.2492 -0.0298999 0.999522 -0.00781783 -3.2639 -0.232583 0.000649463 0.972576 105.185 
0.972241 0.0300262 0.232045 58.3988 -0.0273443 0.999517 -0.0147667 -3.27706 -0.232376 0.0080116 0.972593 105.833 
0.972345 0.0322707 0.231307 58.5416 -0.0280386 0.999374 -0.0215618 -3.28889 -0.231858 0.0144799 0.972642 106.496 
0.97288 0.0349457 0.228656 58.6845 -0.0299408 0.999231 -0.0253221 -3.30266 -0.229365 0.0177891 0.973178 107.177 
0.973495 0.0332669 0.226274 58.8366 -0.0292197 0.999348 -0.0212133 -3.3153 -0.226832 0.0140393 0.973833 107.882 
0.973944 0.0291638 0.224906 58.9939 -0.0267863 0.999548 -0.0136159 -3.3347 -0.225202 0.00723668 0.974285 108.595 
0.974543 0.0292447 0.222284 59.1489 -0.0282131 0.999571 -0.00781593 -3.35464 -0.222417 0.00134555 0.97495 109.321 
0.974811 0.0326558 0.220629 59.295 -0.0315455 0.999466 -0.0085557 -3.37012 -0.22079 0.00138028 0.97532 110.054 
0.975145 0.0381451 0.21826 59.4422 -0.036108 0.999259 -0.0133164 -3.38096 -0.218606 0.00510439 0.9758 110.792 
0.97599 0.038887 0.214313 59.5922 -0.0357412 0.999189 -0.0185359 -3.39721 -0.21486 0.010431 0.976589 111.537 
0.97695 0.0372789 0.210187 59.7483 -0.0335362 0.999209 -0.0213443 -3.41467 -0.210816 0.0138034 0.977428 112.297 
0.977866 0.0348489 0.206309 59.9014 -0.031452 0.999311 -0.0197234 -3.43696 -0.206854 0.0127979 0.978288 113.07 
0.978742 0.0309358 0.202748 60.0591 -0.0279189 0.999453 -0.0177245 -3.45729 -0.203185 0.0116872 0.97907 113.855 
0.979171 0.0297245 0.200847 60.217 -0.0272598 0.999515 -0.015027 -3.47754 -0.201196 0.00923888 0.979507 114.654 
0.979518 0.026328 0.199628 60.3719 -0.024276 0.999624 -0.0127205 -3.49293 -0.199887 0.00761375 0.979789 115.466 
0.97974 0.0211543 0.199154 60.5339 -0.0192303 0.999748 -0.0115907 -3.50802 -0.199348 0.00752603 0.9799 116.271 
0.979933 0.0209008 0.19823 60.6922 -0.0193285 0.999764 -0.00986383 -3.53945 -0.198389 0.00583433 0.980106 117.097 
0.979741 0.0264087 0.198522 60.8407 -0.0245504 0.999629 -0.0118173 -3.55798 -0.19876 0.00670402 0.980025 117.914 
0.97948 0.0318142 0.199017 60.9884 -0.0293757 0.999453 -0.0151947 -3.57594 -0.199391 0.00903662 0.979878 118.741 
0.978973 0.0405585 0.199918 61.1364 -0.0379759 0.999138 -0.0167382 -3.59869 -0.200424 0.00879411 0.97967 119.569 
0.978094 0.0464739 0.202909 61.2832 -0.0441214 0.998896 -0.0161049 -3.61986 -0.203434 0.00679939 0.979065 120.406 
0.977375 0.048933 0.205777 61.4395 -0.0470374 0.998794 -0.0140976 -3.64366 -0.206218 0.00409936 0.978497 121.252 
0.976808 0.0494753 0.208321 61.605 -0.0473936 0.998764 -0.0149756 -3.66538 -0.208805 0.0047551 0.977946 122.098 
0.976483 0.0480935 0.210164 61.7738 -0.0453713 0.998812 -0.0177589 -3.6853 -0.210768 0.0078058 0.977505 122.943 
0.97647 0.0418213 0.211557 61.9538 -0.0392337 0.999095 -0.0164165 -3.70828 -0.212052 0.00773004 0.977228 123.791 
0.976711 0.0349896 0.211685 62.1354 -0.0319405 0.999331 -0.0178079 -3.7335 -0.212166 0.0106318 0.977176 124.635 
0.976478 0.0343157 0.212869 62.3112 -0.0312182 0.999352 -0.0178965 -3.76097 -0.213345 0.0108301 0.976917 125.484 
0.975957 0.036964 0.214804 62.4813 -0.0345453 0.99929 -0.0150052 -3.78185 -0.215207 0.00722386 0.976542 126.331 
0.975527 0.039223 0.216353 62.6443 -0.0380677 0.99923 -0.00950685 -3.80044 -0.216559 0.00103805 0.976269 127.175 
0.975209 0.0425574 0.217155 62.8107 -0.0424158 0.999086 -0.00531572 -3.82276 -0.217183 -0.00402694 0.976123 128.015 
0.974989 0.041788 0.218289 62.9811 -0.040203 0.999123 -0.0116999 -3.84715 -0.218587 0.00263136 0.975814 128.844 
0.975234 0.0374769 0.217979 63.1606 -0.0325818 0.999131 -0.0260094 -3.87052 -0.218764 0.0182631 0.975607 129.656 
0.975439 0.0351516 0.217448 63.338 -0.028195 0.998989 -0.0350133 -3.89842 -0.218459 0.0280223 0.975444 130.466 
0.97572 0.0322354 0.216636 63.5127 -0.0272278 0.999289 -0.0260614 -3.92174 -0.217322 0.01953 0.975904 131.294 
0.976149 0.0258285 0.21556 63.6925 -0.0252767 0.999666 -0.00531707 -3.94816 -0.215625 -0.000258466 0.976476 132.136 
0.976483 0.022144 0.214452 63.8683 -0.0248433 0.999642 0.00989925 -3.97387 -0.214156 -0.0149942 0.976684 132.981 
0.976507 0.0265182 0.213849 64.0292 -0.0280495 0.999598 0.00412887 -3.98735 -0.213654 -0.0100303 0.976858 133.795 
0.976714 0.0346214 0.211734 64.1829 -0.032864 0.99939 -0.0118152 -3.99845 -0.212013 0.00458164 0.977256 134.6 
0.976948 0.0347255 0.210633 64.3441 -0.0312392 0.999315 -0.0198576 -4.01036 -0.211178 0.0128198 0.977363 135.414 
0.977541 0.0306074 0.20851 64.5116 -0.0269315 0.999428 -0.0204465 -4.03767 -0.209016 0.0143718 0.977806 136.232 
0.978125 0.0301901 0.205813 64.6695 -0.0269189 0.999463 -0.0186768 -4.0699 -0.206267 0.0127279 0.978413 137.055 
0.978875 0.0295097 0.20232 64.82 -0.025971 0.99946 -0.0201241 -4.09107 -0.202805 0.0144445 0.979113 137.87 
0.979859 0.0307034 0.197318 64.9703 -0.0269577 0.999402 -0.0216422 -4.11873 -0.197865 0.0158869 0.980101 138.684 
0.980249 0.0357656 0.194506 65.1109 -0.0321434 0.999247 -0.0217482 -4.14837 -0.195137 0.0150665 0.98066 139.496 
0.980421 0.0415826 0.192473 65.2436 -0.0380203 0.999031 -0.0221669 -4.17062 -0.193208 0.014415 0.981052 140.303 
0.980752 0.0429289 0.19048 65.3856 -0.0398164 0.999004 -0.0201393 -4.19784 -0.191155 0.0121674 0.981484 141.111 
0.981074 0.0407892 0.189286 65.531 -0.0385804 0.999138 -0.0153413 -4.22507 -0.189749 0.00774816 0.981802 141.917 
0.981468 0.0391414 0.187583 65.6731 -0.0369156 0.9992 -0.015346 -4.24843 -0.188034 0.00813683 0.982129 142.719 
0.982022 0.0374332 0.185017 65.8118 -0.0346661 0.999234 -0.01817 -4.27866 -0.185555 0.0114295 0.982567 143.516 
0.983104 0.0325057 0.18014 65.9536 -0.0290408 0.99934 -0.0218395 -4.30436 -0.180731 0.016239 0.983398 144.306 
0.984388 0.0296279 0.173502 66.0892 -0.026061 0.9994 -0.0228014 -4.32905 -0.174074 0.0179236 0.984569 145.096 
0.98554 0.0277939 0.167149 66.2112 -0.0252489 0.999531 -0.0173325 -4.3554 -0.167552 0.0128615 0.985779 145.897 
0.986654 0.0252112 0.160864 66.3324 -0.0240977 0.99967 -0.0088699 -4.37679 -0.161034 0.004875 0.986937 146.706 
0.987313 0.0222046 0.157228 66.4526 -0.0225325 0.999746 0.000303074 -4.39167 -0.157181 -0.00384205 0.987562 147.515 
0.987782 0.0287523 0.153169 66.5494 -0.0295386 0.999559 0.00285924 -4.40278 -0.153019 -0.00734878 0.988196 148.32 
0.988407 0.0316861 0.148483 66.649 -0.0317636 0.999494 -0.0018508 -4.41612 -0.148467 -0.0028871 0.988913 149.115 
0.989546 0.0320042 0.14062 66.7527 -0.030611 0.999459 -0.0120604 -4.4292 -0.140929 0.00762972 0.98999 149.906 
0.99053 0.0287512 0.134255 66.8501 -0.0266326 0.999491 -0.0175511 -4.43859 -0.134692 0.0138093 0.990791 150.708 
0.991457 0.0279546 0.127404 66.9413 -0.0260503 0.999523 -0.0165897 -4.45545 -0.127807 0.013129 0.991712 151.518 
0.992203 0.034427 0.119784 67.0151 -0.0330715 0.999365 -0.0132877 -4.4753 -0.120166 0.00922254 0.992711 152.34 
0.992915 0.039795 0.111962 67.0779 -0.0383674 0.999153 -0.0148783 -4.49746 -0.112459 0.0104771 0.993601 153.152 
0.99393 0.0424586 0.101492 67.1471 -0.0405657 0.998963 -0.0206451 -4.51864 -0.102263 0.0164026 0.994622 153.957 
0.99481 0.0410043 0.0931229 67.2079 -0.0390169 0.998972 -0.0230654 -4.53821 -0.0939729 0.0193123 0.995387 154.774 
0.995532 0.0409888 0.0850615 67.2625 -0.0394046 0.999019 -0.0202217 -4.56068 -0.0858068 0.0167795 0.99617 155.596 
0.996025 0.0438716 0.0775211 67.3033 -0.0429841 0.99899 -0.013082 -4.58446 -0.0780167 0.00969776 0.996905 156.423 
0.996485 0.0472251 0.0691895 67.3399 -0.0468251 0.998876 -0.00739322 -4.60459 -0.0694608 0.00412735 0.997576 157.253 
0.997038 0.0461407 0.0615315 67.3779 -0.0459826 0.998934 -0.0039843 -4.62017 -0.0616497 0.00114304 0.998097 158.082 
0.997386 0.0468445 0.0550204 67.4133 -0.0468112 0.998902 -0.0018944 -4.63429 -0.0550487 -0.000686202 0.998483 158.908 
0.997651 0.0458141 0.050934 67.4396 -0.045685 0.998949 -0.00369864 -4.64718 -0.0510499 0.00136295 0.998695 159.736 
0.99765 0.0505361 0.0462699 67.459 -0.0501624 0.998699 -0.00920518 -4.66249 -0.0466748 0.00686246 0.998886 160.554 
0.997507 0.056422 0.0423776 67.4701 -0.0557894 0.998315 -0.0159658 -4.67844 -0.0432069 0.0135617 0.998974 161.37 
0.997561 0.0577778 0.0391587 67.4874 -0.0570955 0.9982 -0.0183279 -4.69544 -0.0401471 0.0160473 0.999065 162.191 
0.997568 0.0596472 0.0360618 67.5016 -0.0592408 0.998169 -0.0122376 -4.71307 -0.0367256 0.0100714 0.999275 163.021 
0.997513 0.0616792 0.0341196 67.5108 -0.0616472 0.998096 -0.00199098 -4.72605 -0.0341774 -0.000117438 0.999416 163.86 
0.997534 0.062957 0.0310108 67.5207 -0.0631495 0.99799 0.00526652 -4.73866 -0.0306168 -0.00721193 0.999505 164.694 
0.997903 0.0593917 0.0257257 67.5325 -0.0594682 0.998228 0.00221545 -4.753 -0.0255484 -0.00374074 0.999667 165.515 
0.998697 0.0470269 0.0198173 67.5528 -0.0468875 0.998872 -0.00744499 -4.76376 -0.0201449 0.00650602 0.999776 166.329 
0.998928 0.0446147 0.0123681 67.5571 -0.0444646 0.998937 -0.0121683 -4.76933 -0.0128978 0.0116052 0.999849 167.152 
0.998816 0.0483159 0.00568902 67.539 -0.0482521 0.998776 -0.0108705 -4.78118 -0.00620719 0.0105831 0.999925 167.989 
0.998924 0.0463315 -0.00179186 67.5246 -0.0463397 0.998914 -0.0047698 -4.79623 0.00156901 0.00484762 0.999987 168.825 
0.999126 0.040742 -0.00929524 67.509 -0.0407529 0.999169 -0.000981855 -4.80982 0.0092476 0.00135972 0.999956 169.663 
0.999378 0.0319118 -0.0150013 67.4906 -0.0318697 0.999487 0.0030461 -4.81369 0.0150909 -0.00256621 0.999883 170.503 
0.99939 0.02759 -0.0213931 67.4674 -0.0275312 0.999616 0.00304342 -4.82376 0.021469 -0.00245267 0.999766 171.34 
0.99932 0.0243144 -0.0277061 67.4309 -0.0244261 0.999695 -0.00370045 -4.8387 0.0276077 0.00437461 0.999609 172.175 
0.999266 0.0149724 -0.0352707 67.3974 -0.0154717 0.999783 -0.013922 -4.84843 0.0350547 0.0144574 0.999281 173.006 
0.999114 0.00462312 -0.0418349 67.37 -0.00537976 0.999824 -0.0179899 -4.8604 0.0417444 0.0181989 0.998962 173.837 
0.99879 0.00826308 -0.0484779 67.3172 -0.00878961 0.999905 -0.0106564 -4.87526 0.0483853 0.0110696 0.998767 174.675 
0.998378 0.0189339 -0.0536887 67.2468 -0.0188391 0.99982 0.00227193 -4.88799 0.0537222 -0.00125688 0.998555 175.522 
0.998004 0.0242677 -0.0583047 67.1737 -0.0237112 0.999667 0.0102183 -4.90401 0.0585334 -0.0088155 0.998246 176.372 
0.997786 0.0236523 -0.0621555 67.1107 -0.023244 0.999703 0.00728569 -4.91294 0.0623094 -0.0058249 0.99804 177.207 
0.997618 0.0252909 -0.0641806 67.0403 -0.0255753 0.999666 -0.0036122 -4.9196 0.0640679 0.00524494 0.997932 178.039 
0.997113 0.0355566 -0.0670971 66.9547 -0.036502 0.99925 -0.0129153 -4.9301 0.0665876 0.0153271 0.997663 178.872 
0.996997 0.033931 -0.0696036 66.887 -0.0351485 0.999248 -0.0163416 -4.94848 0.0689968 0.0187389 0.997441 179.712 
0.996989 0.0287588 -0.0720078 66.8246 -0.0296546 0.999495 -0.0114012 -4.96666 0.0716436 0.0135021 0.997339 180.57 
0.997013 0.029017 -0.0715782 66.7512 -0.0292807 0.999568 -0.00263731 -4.98329 0.0714709 0.00472521 0.997431 181.432 
0.996982 0.0306117 -0.0713368 66.6707 -0.0304839 0.999531 0.00288076 -4.99727 0.0713916 -0.000697528 0.997448 182.288 
0.996854 0.0303607 -0.0732072 66.5973 -0.030294 0.999539 0.00202324 -5.00777 0.073235 0.000200779 0.997315 183.142 
0.996786 0.0269456 -0.075438 66.5235 -0.027562 0.999595 -0.00713966 -5.0225 0.0752151 0.00919585 0.997125 183.988 
0.996822 0.0158187 -0.0780788 66.464 -0.0173261 0.999676 -0.0186662 -5.0367 0.0777583 0.0199596 0.996772 184.835 
0.996763 0.0052212 -0.0802235 66.4028 -0.00706324 0.999717 -0.0226937 -5.05503 0.0800824 0.0231868 0.996518 185.688 
0.996672 0.00774171 -0.0811485 66.3191 -0.00924324 0.999793 -0.0181432 -5.07828 0.0809913 0.0188328 0.996537 186.545 
0.996505 0.0140996 -0.0823395 66.232 -0.014765 0.999863 -0.00747631 -5.1041 0.0822229 0.00866583 0.996576 187.395 
0.996338 0.0151532 -0.0841445 66.1491 -0.0155404 0.999871 -0.00394696 -5.12728 0.084074 0.00524005 0.996446 188.246 
0.996283 0.0138944 -0.0850166 66.0684 -0.0146101 0.999863 -0.00780063 -5.14457 0.0848966 0.00901364 0.996349 189.088 
0.996305 0.0140313 -0.0847254 65.9841 -0.0152597 0.999787 -0.0138678 -5.16121 0.0845129 0.0151094 0.996308 189.923 
0.996157 0.020553 -0.0851436 65.8928 -0.0218587 0.999657 -0.0144302 -5.17819 0.0848178 0.0162357 0.996264 190.757 
0.996061 0.0235381 -0.0854895 65.8042 -0.0245865 0.999635 -0.0112304 -5.20155 0.085194 0.0132879 0.996276 191.594 
0.995902 0.027114 -0.086282 65.7164 -0.0279266 0.999576 -0.00822302 -5.22173 0.0860226 0.0105988 0.996237 192.426 
0.995792 0.030974 -0.08625 65.6289 -0.0315636 0.999487 -0.00547907 -5.2384 0.0860361 0.00817828 0.996258 193.254 
