1 -4.23778e-08 4.22719e-08 0 -4.23778e-08 1 -4.19404e-08 0 4.22719e-08 -4.19404e-08 1 0 
0.999059 -0.000695627 0.0433749 0.0517294 0.000809028 0.999996 -0.00259895 -0.0165979 -0.0433728 0.00263151 0.999055 1.06946 
0.99604 -0.00503433 0.0887604 0.129216 0.00572373 0.999955 -0.00751523 -0.0310149 -0.0887185 0.00799344 0.996025 2.15181 
0.990986 -0.00446574 0.133891 0.263093 0.00604345 0.999917 -0.0113802 -0.0575402 -0.133829 0.0120867 0.990931 3.2178 
0.983728 -0.00218299 0.179652 0.457082 0.00473237 0.999894 -0.0137638 -0.085464 -0.179603 0.0143899 0.983634 4.28981 
0.974239 -0.00472946 0.22547 0.673353 0.00798995 0.999876 -0.0135509 -0.115167 -0.225378 0.0150033 0.974156 5.2938 
0.962781 -0.00562031 0.270225 1.01924 0.00992115 0.999845 -0.0145529 -0.172078 -0.270101 0.0166921 0.962687 6.38238 
0.949337 -0.00815455 0.314154 1.34742 0.0142303 0.999753 -0.017052 -0.1975 -0.313937 0.0206585 0.949219 7.42937 
0.934326 -0.0101288 0.356276 1.70326 0.0179053 0.999668 -0.0185363 -0.23226 -0.355969 0.0236981 0.934197 8.3734 
0.916938 -0.00999731 0.398904 2.10569 0.0192482 0.99963 -0.0191923 -0.259861 -0.398564 0.0252763 0.916792 9.3527 
0.89735 -0.0101714 0.441202 2.54568 0.0199253 0.999649 -0.0174799 -0.298722 -0.440869 0.0244766 0.897237 10.2732 
0.875406 -0.00977777 0.483289 3.02074 0.0202555 0.999659 -0.0164652 -0.331137 -0.482964 0.024203 0.875306 11.1611 
0.851494 -0.0100432 0.524268 3.53613 0.0211928 0.999659 -0.0152706 -0.362943 -0.523936 0.0241135 0.851416 12.0202 
0.825971 -0.0102958 0.563618 4.12161 0.0228633 0.999622 -0.0152454 -0.395325 -0.563248 0.0254784 0.825895 12.9026 
0.798639 -0.0121606 0.601687 4.72489 0.0262467 0.999548 -0.0146366 -0.429851 -0.601237 0.0274816 0.798598 13.7074 
0.76997 -0.0111528 0.637982 5.36429 0.0269043 0.999525 -0.0149975 -0.467078 -0.637512 0.028712 0.769905 14.5023 
0.739423 -0.0144069 0.673086 6.03588 0.0317149 0.999406 -0.0134492 -0.498784 -0.672493 0.0312915 0.739441 15.2454 
0.707479 -0.0135528 0.706604 6.73215 0.031775 0.999415 -0.0126454 -0.53149 -0.706019 0.0313987 0.707496 15.9491 
0.673432 -0.0123706 0.739146 7.50036 0.0330167 0.999365 -0.0133558 -0.5604 -0.738511 0.0333983 0.673413 16.6455 
0.637633 -0.0135073 0.770222 8.27103 0.0373608 0.999212 -0.0134065 -0.586762 -0.769434 0.0373245 0.637635 17.3104 
0.601102 -0.0118834 0.799084 9.05447 0.0375348 0.999206 -0.0133758 -0.616394 -0.798291 0.0380337 0.60107 17.903 
0.563317 -0.0111488 0.826166 9.85597 0.0406349 0.999073 -0.0142247 -0.651023 -0.825241 0.0415842 0.563247 18.4554 
0.524688 -0.0095481 0.851241 10.7147 0.0453791 0.998829 -0.0167674 -0.673962 -0.850084 0.0474262 0.524507 18.9713 
0.486 -0.00874601 0.873915 11.5888 0.0471026 0.998759 -0.0161993 -0.697908 -0.872689 0.0490365 0.485808 19.4518 
0.447396 -0.0105258 0.894274 12.5266 0.0522598 0.99853 -0.0143922 -0.714273 -0.892807 0.0531735 0.447289 19.945 
0.410791 -0.0113343 0.911659 13.548 0.0564197 0.998322 -0.0130109 -0.744262 -0.909982 0.0567803 0.410741 20.3769 
0.375868 -0.00898701 0.92663 14.4861 0.057829 0.998231 -0.0137758 -0.769067 -0.924867 0.0587639 0.375723 20.7564 
0.342529 -0.00969973 0.939457 15.4735 0.0585977 0.99822 -0.0110585 -0.781604 -0.937678 0.0588378 0.342488 21.1341 
0.30942 -0.0115626 0.950855 16.4586 0.0610791 0.998103 -0.00773884 -0.801919 -0.948962 0.0604719 0.309539 21.4487 
0.276229 -0.0113503 0.961025 17.4881 0.0616318 0.998081 -0.00592707 -0.81386 -0.959114 0.0608669 0.276398 21.7708 
0.243943 -0.00842007 0.969753 18.489 0.0593734 0.998216 -0.0062684 -0.827105 -0.96797 0.0591067 0.244008 22.0383 
0.213001 -0.00698672 0.977027 19.5035 0.0592083 0.998229 -0.00576972 -0.845377 -0.975256 0.0590771 0.213037 22.2666 
0.18303 -0.00689429 0.983083 20.691 0.0611666 0.998118 -0.00438832 -0.870209 -0.981203 0.060935 0.183107 22.4601 
0.152501 -0.00719355 0.988277 21.8604 0.0624926 0.998043 -0.00237868 -0.882796 -0.986326 0.0621228 0.152652 22.6558 
0.122227 -0.0077743 0.992472 23.0454 0.0611411 0.998129 0.000288738 -0.886404 -0.990617 0.0606455 0.122474 22.7992 
0.0927901 -0.00818285 0.995652 24.1141 0.0616946 0.998092 0.00245318 -0.893396 -0.993772 0.0611987 0.0931179 22.9079 
0.0660247 -0.00795172 0.997786 25.2859 0.0646193 0.997903 0.00367664 -0.894244 -0.995723 0.0642335 0.0664001 22.9806 
0.0409656 -0.00756042 0.999132 26.5379 0.0687577 0.997622 0.00472976 -0.895568 -0.996792 0.0685043 0.041388 23.0426 
0.0179751 -0.00702293 0.999814 27.7342 0.07303 0.997313 0.00569232 -0.886732 -0.997168 0.0729141 0.0184397 23.0897 
-0.00240547 -0.00715612 0.999971 29.0391 0.0786407 0.996876 0.00732306 -0.886636 -0.9969 0.0786561 -0.0018352 23.0937 
-0.0201769 -0.00773825 0.999766 30.3288 0.0827995 0.996522 0.00938409 -0.878415 -0.996362 0.0829695 -0.019466 23.0765 
-0.0359527 -0.00783474 0.999323 31.6177 0.0859352 0.996241 0.0109022 -0.878894 -0.995652 0.0862689 -0.0351443 23.047 
-0.0505387 -0.00835441 0.998687 32.919 0.0881904 0.996021 0.0127949 -0.863098 -0.994821 0.0887212 -0.0496009 23.0137 
-0.0640325 -0.00979292 0.9979 34.1757 0.088678 0.99594 0.0154638 -0.87434 -0.994 0.089482 -0.0629042 22.9553 
-0.0764338 -0.00987433 0.997026 35.4687 0.0887735 0.995912 0.0166688 -0.879715 -0.993115 0.0897836 -0.0752448 22.8684 
-0.0878676 -0.00715555 0.996106 36.6987 0.0885222 0.995962 0.0149631 -0.869063 -0.992191 0.0894923 -0.0868794 22.7805 
-0.0980139 -0.00388561 0.995177 37.9831 0.0889618 0.995955 0.0126503 -0.857614 -0.991201 0.0897727 -0.0972718 22.6701 
-0.107874 -0.00136588 0.994164 39.3079 0.0900078 0.995879 0.0111346 -0.84252 -0.990082 0.0906836 -0.107306 22.5605 
-0.115297 -0.000333113 0.993331 40.6395 0.0897942 0.995902 0.0107564 -0.830686 -0.989264 0.0904356 -0.114795 22.4133 
-0.121086 0.000273321 0.992642 41.9584 0.0897679 0.995905 0.0106759 -0.817536 -0.988575 0.0904001 -0.120615 22.2566 
-0.12607 0.0017359 0.99202 43.3257 0.0911968 0.995784 0.00984714 -0.806418 -0.98782 0.0917104 -0.125697 22.0755 
-0.130366 0.00309658 0.991461 44.7069 0.0912897 0.995785 0.00889343 -0.818489 -0.987254 0.0916695 -0.130099 21.8924 
-0.134091 0.00407492 0.990961 46.1311 0.0912839 0.995791 0.00825718 -0.797846 -0.986756 0.091566 -0.133899 21.6823 
-0.137314 0.00289606 0.990523 47.5668 0.0912133 0.995784 0.00973322 -0.790259 -0.986319 0.0916854 -0.137 21.4962 
-0.139926 0.000929279 0.990161 48.9744 0.0916706 0.995717 0.01202 -0.782011 -0.985909 0.0924507 -0.139412 21.3215 
-0.14239 -0.00038863 0.989811 50.4582 0.0916852 0.995695 0.0135803 -0.775142 -0.985555 0.0926847 -0.141741 21.1296 
-0.144663 0.0003072 0.989481 51.922 0.0939402 0.995487 0.013425 -0.752966 -0.985012 0.0948941 -0.144039 20.9309 
-0.145697 0.000103769 0.989329 53.3825 0.0942006 0.995458 0.0137683 -0.743289 -0.984834 0.0952014 -0.145045 20.7258 
-0.146489 0.0012606 0.989211 54.9243 0.095925 0.995304 0.0129367 -0.734898 -0.98455 0.0967852 -0.145922 20.5215 
-0.146406 0.0013833 0.989223 56.4751 0.0964011 0.995259 0.0128757 -0.727945 -0.984516 0.0972474 -0.145846 20.3044 
-0.145948 0.0028523 0.989288 57.9954 0.0960658 0.995311 0.0113026 -0.713708 -0.984617 0.0966863 -0.145537 20.1005 
-0.145163 0.00225803 0.989405 59.5696 0.0967832 0.995234 0.0119283 -0.722744 -0.984663 0.0974894 -0.144689 19.9031 
-0.14388 0.00106593 0.989594 61.1441 0.0960471 0.995293 0.0128924 -0.71548 -0.984923 0.0969027 -0.143305 19.693 
-0.142865 0.00179167 0.98974 62.7534 0.0971336 0.995196 0.0122193 -0.704118 -0.984964 0.0978828 -0.142353 19.473 
-0.141865 0.0022484 0.989883 64.3338 0.0969417 0.995222 0.0116326 -0.696322 -0.985128 0.0976113 -0.141405 19.2623 
-0.140961 0.00256991 0.990012 65.9332 0.0981329 0.995108 0.0113892 -0.688906 -0.98514 0.0987581 -0.140523 19.0544 
-0.140194 0.00244978 0.990121 67.5953 0.0978139 0.995139 0.0113875 -0.67485 -0.985281 0.098444 -0.139752 18.8514 
-0.139653 0.000791881 0.9902 69.2718 0.0996486 0.994934 0.0132582 -0.664684 -0.985174 0.100524 -0.139025 18.6429 
-0.139194 -0.00130637 0.990264 70.9478 0.100687 0.994798 0.015465 -0.651093 -0.985133 0.101859 -0.138338 18.4269 
-0.138429 -0.000254246 0.990372 72.6819 0.102404 0.994636 0.0145687 -0.636014 -0.985064 0.103434 -0.137661 18.2022 
-0.137683 0.00119705 0.990476 74.4036 0.104919 0.994391 0.0133825 -0.649506 -0.984904 0.105762 -0.137036 17.9738 
-0.137314 0.000700245 0.990527 76.0374 0.103531 0.994533 0.013649 -0.646573 -0.985102 0.104424 -0.136635 17.7666 
-0.137574 0.000596632 0.990491 77.7719 0.103839 0.994498 0.0138236 -0.637943 -0.985033 0.104754 -0.136879 17.5647 
-0.137479 -0.000516859 0.990504 79.5184 0.103596 0.994508 0.0148977 -0.623242 -0.985072 0.10466 -0.136671 17.345 
-0.137228 -0.000242606 0.990539 81.2835 0.105101 0.994351 0.014804 -0.608048 -0.984948 0.106138 -0.136427 17.1203 
-0.137173 -0.000442949 0.990547 83.0705 0.106022 0.994249 0.0151267 -0.588414 -0.984857 0.107095 -0.136337 16.8893 
-0.137172 0.000544295 0.990547 84.8665 0.10639 0.994223 0.0141865 -0.573058 -0.984817 0.10733 -0.136437 16.66 
-0.137661 0.00131476 0.990478 86.6567 0.106633 0.994207 0.0135005 -0.559902 -0.984723 0.107476 -0.137003 16.4296 
-0.138537 0.00198408 0.990355 88.5012 0.105865 0.994298 0.012817 -0.541962 -0.984683 0.10662 -0.137957 16.1932 
-0.139537 0.00237791 0.990214 90.3395 0.105407 0.994351 0.0124656 -0.537831 -0.984591 0.106115 -0.138999 15.9444 
-0.14055 0.0015468 0.990072 92.1574 0.104199 0.994468 0.0132382 -0.525015 -0.984575 0.105025 -0.139933 15.7118 
-0.141494 0.00128662 0.989938 94.038 0.103949 0.99449 0.0135651 -0.507283 -0.984466 0.104823 -0.140848 15.4609 
-0.141908 0.000159708 0.98988 95.8603 0.101547 0.994726 0.0143971 -0.497247 -0.984657 0.102562 -0.141176 15.2279 
-0.143604 0.000933404 0.989635 97.7162 0.101427 0.994748 0.0137795 -0.49027 -0.984424 0.102354 -0.142944 14.9788 
-0.145852 0.00176554 0.989305 99.5897 0.100693 0.994832 0.0130696 -0.475089 -0.984169 0.101522 -0.145276 14.7224 
-0.149882 0.00246936 0.988701 101.484 0.101513 0.99475 0.0129044 -0.464691 -0.983479 0.102301 -0.149346 14.4553 
-0.154333 0.00159732 0.988017 103.37 0.0998196 0.994907 0.0139838 -0.456959 -0.982963 0.100782 -0.153707 14.1858 
-0.159413 0.000896349 0.987212 105.273 0.0982619 0.995048 0.0149636 -0.44168 -0.98231 0.0993907 -0.158711 13.9133 
-0.163986 0.00168327 0.986461 107.145 0.0970932 0.99517 0.0144422 -0.433031 -0.981673 0.098147 -0.163357 13.6285 
-0.168695 0.00337417 0.985662 109.063 0.0974951 0.995147 0.0132795 -0.421905 -0.980835 0.0983375 -0.168206 13.327 
-0.173127 0.00502951 0.984887 110.993 0.0968529 0.995227 0.0119428 -0.416713 -0.980126 0.0974568 -0.172788 13.0079 
-0.177867 0.0053158 0.98404 112.898 0.0958778 0.995321 0.0119532 -0.412252 -0.979373 0.0964737 -0.177544 12.689 
-0.182877 0.00487846 0.983124 114.838 0.0940002 0.995493 0.0125456 -0.403735 -0.978632 0.0947082 -0.182511 12.361 
-0.188127 0.00415214 0.982136 116.798 0.0919832 0.99567 0.0134098 -0.391572 -0.977828 0.0928628 -0.187694 12.0142 
-0.193531 0.00363574 0.981087 118.777 0.0911873 0.995731 0.0142976 -0.378089 -0.976847 0.0922297 -0.193036 11.6473 
-0.198826 0.00345392 0.980029 120.742 0.0914138 0.995699 0.0150366 -0.365999 -0.975762 0.0925778 -0.198287 11.2774 
-0.204354 0.00511594 0.978884 122.722 0.091945 0.995666 0.0139909 -0.350984 -0.974569 0.0928626 -0.203939 10.888 
-0.209699 0.00604861 0.977747 124.711 0.0917349 0.995692 0.0135148 -0.338019 -0.973453 0.0925276 -0.20935 10.4878 
-0.215655 0.00615829 0.97645 126.715 0.0923844 0.995623 0.0141243 -0.323313 -0.97209 0.0932548 -0.21528 10.0702 
-0.220872 0.00623983 0.975283 128.691 0.0919377 0.99566 0.0144508 -0.308805 -0.97096 0.092857 -0.220487 9.64932 
-0.226076 0.00695804 0.974085 130.683 0.0913554 0.995719 0.0140901 -0.300463 -0.969816 0.0921733 -0.225743 9.22344 
-0.230736 0.00724022 0.972989 132.664 0.0904583 0.995801 0.0140414 -0.288106 -0.968802 0.0912548 -0.230422 8.76801 
-0.234948 0.00663822 0.971985 134.679 0.0912497 0.995711 0.0152565 -0.26878 -0.967715 0.0922778 -0.234546 8.30341 
-0.238747 0.0063458 0.971061 136.742 0.0933079 0.995502 0.0164352 -0.25798 -0.966589 0.0945315 -0.238265 7.81558 
-0.242112 0.00680117 0.970224 138.731 0.0939838 0.995437 0.016475 -0.240704 -0.965685 0.0951742 -0.241647 7.34418 
-0.244962 0.00749796 0.969504 140.768 0.0945934 0.995384 0.0162025 -0.223221 -0.964907 0.0956777 -0.24454 6.8531 
-0.248089 0.00717164 0.968711 142.794 0.0935147 0.99548 0.0165794 -0.202966 -0.964213 0.0947018 -0.247638 6.36033 
-0.251793 0.00781824 0.96775 144.856 0.092629 0.995571 0.0160575 -0.182946 -0.963338 0.0936849 -0.251402 5.85367 
-0.255908 0.00867455 0.966662 146.886 0.0915398 0.995684 0.0152986 -0.164484 -0.962357 0.0924031 -0.255597 5.33995 
-0.259812 0.00833649 0.965623 148.942 0.090615 0.995761 0.0157843 -0.147421 -0.961398 0.0916009 -0.259466 4.81822 
-0.26391 0.00854563 0.964509 150.833 0.0900358 0.995813 0.0158127 -0.150644 -0.960336 0.0910135 -0.263575 4.26638 
-0.268496 0.00885722 0.96324 152.845 0.0891221 0.995897 0.0156845 -0.147736 -0.959149 0.0900572 -0.268184 3.73273 
-0.273182 0.0090112 0.96192 154.817 0.0884425 0.995956 0.0157873 -0.131433 -0.957888 0.0893874 -0.272874 3.21505 
-0.277264 0.00798967 0.96076 156.802 0.088044 0.995969 0.0171259 -0.132915 -0.956751 0.0893376 -0.27685 2.67144 
-0.281136 0.00804418 0.959634 158.77 0.0886603 0.995906 0.0176258 -0.120671 -0.955563 0.0900367 -0.280699 2.10912 
-0.285016 0.00876838 0.958482 160.793 0.0898069 0.995804 0.0175953 -0.109773 -0.954306 0.0910933 -0.284608 1.5398 
-0.288773 0.0100541 0.957345 162.855 0.0901086 0.995791 0.0167224 -0.092654 -0.953148 0.091094 -0.288464 0.965924 
-0.292223 0.0117091 0.956278 164.906 0.0901679 0.995808 0.0153607 -0.0831968 -0.95209 0.0907144 -0.292054 0.372035 
-0.29577 0.0127267 0.955174 166.994 0.0906675 0.995771 0.0148076 -0.0736807 -0.950947 0.0909829 -0.295673 -0.223281 
-0.298903 0.0135243 0.954188 169.065 0.0904742 0.995797 0.0142272 -0.0640191 -0.949985 0.090582 -0.29887 -0.837535 
-0.302107 0.0136773 0.953176 171.161 0.0911006 0.995735 0.0145861 -0.0521787 -0.948911 0.0912414 -0.302064 -1.47832 
-0.305922 0.0138465 0.951956 173.282 0.0907132 0.995769 0.0146679 -0.0397441 -0.947725 0.0908422 -0.305884 -2.12983 
-0.309431 0.0145497 0.95081 175.331 0.0927486 0.995577 0.0149493 -0.0290808 -0.946388 0.0928121 -0.309412 -2.77697 
-0.3127 0.0146193 0.949739 177.428 0.09418 0.995432 0.0156858 -0.0185425 -0.945171 0.0943514 -0.312648 -3.42439 
-0.315236 0.014102 0.948908 179.544 0.0950591 0.99533 0.0167876 -0.0120465 -0.94424 0.0954945 -0.315105 -4.1001 
-0.317767 0.0136131 0.948071 181.618 0.09468 0.995355 0.017442 0.0010688 -0.94343 0.0953059 -0.31758 -4.77233 
-0.320499 0.0140331 0.947145 183.717 0.0940774 0.995418 0.0170859 -0.000220104 -0.942566 0.0945809 -0.320351 -5.45066 
-0.323369 0.0160041 0.946138 185.799 0.0932356 0.995531 0.0150262 0.0125376 -0.941669 0.0930727 -0.323416 -6.12774 
-0.326565 0.0179675 0.945004 187.898 0.0926347 0.995614 0.013082 0.023715 -0.940624 0.0918123 -0.326797 -6.81507 
-0.329667 0.0188656 0.943909 190.001 0.0918632 0.995697 0.0121832 0.0316492 -0.939617 0.0907269 -0.329982 -7.51668 
-0.332544 0.0197122 0.942881 192.105 0.0900086 0.995881 0.0109248 0.0375148 -0.938782 0.0885004 -0.332949 -8.24221 
-0.336042 0.0198456 0.941638 194.248 0.0912701 0.995759 0.0115852 0.0326515 -0.937414 0.0898365 -0.336428 -8.96921 
-0.339262 0.0192682 0.940494 196.387 0.0907396 0.995798 0.012331 0.043868 -0.936305 0.0895236 -0.339585 -9.73598 
-0.342936 0.0185316 0.939176 198.526 0.0902347 0.995832 0.0132991 0.0480616 -0.935015 0.089307 -0.343178 -10.4769 
-0.346723 0.0183606 0.937788 200.677 0.0903454 0.995813 0.0139063 0.0547389 -0.933606 0.0895464 -0.346931 -11.2405 
-0.350325 0.018137 0.936452 202.742 0.0892761 0.995907 0.0141095 0.0502237 -0.932364 0.0885457 -0.350511 -11.9811 
-0.353897 0.0188462 0.935094 204.889 0.0888255 0.995955 0.0135442 0.0540618 -0.931057 0.0878535 -0.35414 -12.7592 
-0.356951 0.0193356 0.933923 206.963 0.0890485 0.995937 0.0134153 0.0489965 -0.929869 0.0879531 -0.357223 -13.5241 
-0.359628 0.02028 0.932875 209.114 0.0900414 0.995852 0.0130622 0.0520396 -0.928741 0.088695 -0.359962 -14.3251 
-0.362075 0.019978 0.931935 211.248 0.0907581 0.995776 0.0139147 0.0561724 -0.92772 0.0896189 -0.362359 -15.1213 
-0.36443 0.0192609 0.931031 213.397 0.0918113 0.995658 0.0153394 0.0572588 -0.926694 0.0910694 -0.364616 -15.9426 
-0.366838 0.0200195 0.930069 215.532 0.0929951 0.99555 0.0152501 0.0617833 -0.925625 0.0920862 -0.367067 -16.7722 
-0.369436 0.0206402 0.929027 217.672 0.0925636 0.995598 0.0146895 0.0627951 -0.924634 0.0914209 -0.36972 -17.5914 
-0.371886 0.0207788 0.928046 219.794 0.0922498 0.995628 0.0146742 0.060264 -0.923683 0.0910692 -0.372176 -18.4081 
-0.374397 0.0219218 0.927009 221.975 0.0919064 0.995675 0.0135731 0.0634971 -0.922702 0.0902798 -0.374793 -19.2613 
-0.377315 0.0231525 0.925795 224.151 0.0915952 0.995719 0.0124292 0.0715588 -0.921544 0.0894881 -0.377821 -20.1148 
-0.379779 0.0232333 0.924785 226.263 0.0896143 0.995907 0.0117815 0.0699619 -0.920727 0.0873484 -0.380306 -20.9453 
-0.383005 0.0241102 0.923431 228.352 0.090224 0.995856 0.0114204 0.0547906 -0.919329 0.0876897 -0.383593 -21.7608 
-0.385638 0.0232615 0.922357 230.479 0.0914484 0.995723 0.0131228 0.036621 -0.918107 0.0894087 -0.386116 -22.603 
-0.388337 0.0224062 0.921245 232.54 0.0919479 0.995658 0.0145432 0.0386564 -0.916918 0.0903542 -0.388711 -23.4589 
-0.39155 0.0221066 0.919891 234.566 0.0909183 0.995749 0.0147695 0.0389365 -0.915654 0.0894179 -0.391896 -24.2737 
-0.394506 0.0222981 0.918623 236.677 0.08948 0.995887 0.0142539 0.0386461 -0.914526 0.0878216 -0.394879 -25.1368 
-0.39828 0.0214499 0.917013 238.744 0.0876823 0.996039 0.0147841 0.0305435 -0.913063 0.086294 -0.398583 -25.9835 
-0.401778 0.0205192 0.915507 240.831 0.0868933 0.996092 0.0158084 0.0228951 -0.911605 0.0859029 -0.40199 -26.8485 
-0.405398 0.0207353 0.913905 242.979 0.0859548 0.996178 0.0155265 0.0306142 -0.91009 0.084849 -0.405631 -27.7602 
-0.408966 0.0203141 0.912323 245.055 0.0854953 0.996208 0.0161429 0.0375942 -0.908536 0.0846013 -0.409152 -28.666 
-0.412743 0.0199753 0.910628 247.172 0.0848436 0.996256 0.0166017 0.0437922 -0.906887 0.0841132 -0.412892 -29.5761 
-0.41644 0.0200301 0.908942 249.298 0.0842094 0.996309 0.0166259 0.0563666 -0.905255 0.0834652 -0.41659 -30.506 
-0.420058 0.0206484 0.907262 251.43 0.0842485 0.996311 0.0163316 0.0611581 -0.903578 0.0832958 -0.420248 -31.4645 
-0.423555 0.0211665 0.905623 253.562 0.0844952 0.996292 0.0162322 0.0684833 -0.901921 0.0833961 -0.423772 -32.4289 
-0.427623 0.0208114 0.903717 255.696 0.0839359 0.99633 0.0167728 0.0626043 -0.900052 0.0830268 -0.427801 -33.3631 
-0.431054 0.0215331 0.902069 257.82 0.0833085 0.996395 0.0160242 0.0705483 -0.898472 0.0820573 -0.431294 -34.3429 
-0.434675 0.0216446 0.900327 259.934 0.0839902 0.996328 0.0165975 0.0618312 -0.896662 0.0828332 -0.434897 -35.3225 
-0.438062 0.0220711 0.898673 262.069 0.0845666 0.996277 0.0167541 0.0768496 -0.894958 0.0833372 -0.438298 -36.3341 
-0.441647 0.0232723 0.896887 264.216 0.0858305 0.996174 0.0164162 0.0954991 -0.893074 0.0842305 -0.441955 -37.3378 
-0.445189 0.0255516 0.895072 266.335 0.0880995 0.995993 0.0153861 0.102251 -0.891092 0.0857051 -0.445656 -38.3406 
-0.448081 0.0262788 0.893606 268.43 0.0895112 0.995864 0.0155975 0.109941 -0.8895 0.0869767 -0.44858 -39.3285 
-0.4509 0.0285344 0.892118 270.548 0.0910816 0.995742 0.0141862 0.131818 -0.887915 0.0876521 -0.451579 -40.3465 
-0.453464 0.0309661 0.890736 272.656 0.0925304 0.995631 0.0124933 0.142912 -0.886458 0.0880855 -0.454348 -41.3685 
-0.456428 0.0315662 0.8892 274.757 0.093687 0.99552 0.0127492 0.143903 -0.884814 0.0891256 -0.457341 -42.3959 
-0.459342 0.0324593 0.887666 276.933 0.0938904 0.995508 0.0121829 0.159391 -0.883283 0.0889395 -0.460326 -43.4933 
-0.46236 0.0326395 0.886091 279.128 0.0932135 0.995574 0.0119661 0.179584 -0.881779 0.0881283 -0.463356 -44.6096 
-0.465905 0.0340657 0.884178 281.292 0.0940392 0.995505 0.0111976 0.187634 -0.879823 0.0883645 -0.467015 -45.7068 
-0.469624 0.0344844 0.882193 283.396 0.0935654 0.995553 0.0108927 0.184897 -0.877894 0.0876583 -0.470762 -46.7283 
-0.47227 0.0341797 0.880791 285.568 0.0918432 0.995717 0.0106058 0.188343 -0.876656 0.0859035 -0.473387 -47.8406 
-0.475027 0.0345912 0.879291 287.69 0.0935842 0.995546 0.0113931 0.182268 -0.87498 0.0876998 -0.476149 -48.9143 
-0.477375 0.035103 0.877998 289.823 0.0956646 0.995339 0.0122192 0.197044 -0.873476 0.0898265 -0.478508 -50.0202 
-0.479764 0.0353137 0.876687 291.953 0.0969803 0.995202 0.0129845 0.200604 -0.872021 0.0912509 -0.480886 -51.1178 
-0.481798 0.0350353 0.875581 294.082 0.0969809 0.995194 0.0135432 0.199623 -0.870899 0.0914398 -0.48288 -52.2288 
-0.483961 0.0344364 0.874412 296.33 0.09677 0.995203 0.0143658 0.217368 -0.869723 0.0915694 -0.484971 -53.4266 
-0.48656 0.0347371 0.872956 298.51 0.0982607 0.995045 0.0151722 0.235716 -0.868104 0.0931595 -0.487563 -54.5994 
-0.488745 0.0345151 0.871744 300.674 0.0985545 0.995005 0.0158593 0.249825 -0.866842 0.0936655 -0.489705 -55.7568 
-0.490709 0.0354359 0.870603 302.867 0.0983229 0.995043 0.014918 0.264088 -0.865758 0.0929206 -0.491761 -56.9516 
-0.493188 0.0378423 0.869099 305.009 0.0982258 0.995087 0.0124121 0.272202 -0.86436 0.0914895 -0.494482 -58.1057 
-0.496817 0.0370846 0.867063 307.141 0.0967565 0.995225 0.0128742 0.267561 -0.862445 0.0902901 -0.498032 -59.2599 
-0.501152 0.0356103 0.864626 309.346 0.0948909 0.995389 0.0140045 0.289481 -0.860141 0.0890635 -0.50222 -60.4724 
-0.505901 0.0330893 0.861957 311.567 0.0922765 0.995606 0.0159391 0.311711 -0.857642 0.087602 -0.506731 -61.7196 
-0.510525 0.0320356 0.859266 313.839 0.091347 0.995671 0.0171517 0.334216 -0.854997 0.0872477 -0.511241 -63.0179 
-0.51481 0.0320056 0.856707 316.133 0.0917968 0.995616 0.0179671 0.356413 -0.852376 0.0878926 -0.515491 -64.348 
-0.519189 0.0333516 0.854009 318.415 0.0940168 0.995403 0.0182833 0.386881 -0.849473 0.0897837 -0.519937 -65.6842 
-0.523149 0.034 0.851562 320.686 0.0947863 0.995326 0.018491 0.413213 -0.846953 0.09039 -0.523927 -67.0378 
-0.526842 0.0344248 0.849266 322.932 0.0960143 0.995194 0.0192225 0.449232 -0.844523 0.0916689 -0.527616 -68.3714 
-0.530643 0.0331657 0.846946 325.167 0.0960718 0.995148 0.0212232 0.477173 -0.842133 0.0926296 -0.531254 -69.7251 
-0.534837 0.0315201 0.844367 327.412 0.0944066 0.995276 0.0226452 0.505716 -0.839665 0.0918253 -0.535286 -71.0873 
-0.538608 0.0313888 0.841972 329.586 0.0936426 0.995345 0.0227964 0.530641 -0.837337 0.0911227 -0.53904 -72.4277 
-0.542513 0.0313915 0.839461 331.841 0.0937066 0.995326 0.023339 0.566727 -0.834805 0.0913247 -0.542919 -73.8317 
-0.546183 0.0311282 0.837087 334.062 0.094486 0.995221 0.0246416 0.595775 -0.83232 0.0925519 -0.546514 -75.2508 
-0.550497 0.0308163 0.834268 336.276 0.0948642 0.995155 0.0258375 0.63299 -0.82943 0.0933657 -0.550753 -76.6466 
-0.554905 0.0320868 0.831294 338.458 0.096177 0.99503 0.0257933 0.720433 -0.826335 0.0942643 -0.555234 -78.0053 
-0.55843 0.0312117 0.828964 340.585 0.0957972 0.995033 0.0270691 0.751002 -0.824002 0.0945287 -0.558646 -79.3877 
-0.561287 0.0308948 0.827044 342.699 0.0965998 0.994918 0.0283932 0.790117 -0.821964 0.0958291 -0.561419 -80.7564 
-0.564068 0.0295946 0.825198 344.861 0.0937707 0.995188 0.0284063 0.819533 -0.820387 0.0934025 -0.564129 -82.1934 
-0.566908 0.0288391 0.823276 347.054 0.0901649 0.995555 0.0272136 0.867987 -0.818831 0.0896583 -0.566989 -83.6456 
-0.570218 0.0278039 0.821023 349.2 0.0861969 0.995935 0.0261383 0.902022 -0.816959 0.0856742 -0.570297 -85.0907 
-0.57273 0.0248178 0.819368 351.377 0.0838543 0.996072 0.0284434 0.930185 -0.815444 0.084998 -0.572562 -86.5691 
-0.576376 0.0243117 0.816823 353.631 0.0842539 0.995998 0.0298075 0.982729 -0.81283 0.0860008 -0.576118 -88.095 
-0.579529 0.0247918 0.814574 355.861 0.0836587 0.996066 0.0292034 1.04272 -0.810646 0.0850705 -0.579324 -89.6032 
-0.582971 0.0239684 0.812139 358.013 0.0816784 0.99623 0.0292291 1.08927 -0.808377 0.0833739 -0.582731 -91.0659 
-0.586079 0.0202974 0.809999 360.206 0.0789776 0.996357 0.0321774 1.1481 -0.806395 0.0828303 -0.585547 -92.6082 
-0.589252 0.0179468 0.80775 362.331 0.076537 0.996497 0.0336932 1.19867 -0.804316 0.0816766 -0.588562 -94.0913 
-0.592298 0.0170074 0.805539 364.475 0.0749661 0.996603 0.0340798 1.25454 -0.802224 0.0805735 -0.591561 -95.6031 
-0.594761 0.0172267 0.803718 366.548 0.0748189 0.996617 0.0340056 1.29956 -0.800413 0.0803586 -0.594038 -97.1176 
-0.59683 0.0163851 0.802201 368.663 0.0740996 0.996644 0.0347727 1.35365 -0.798939 0.0801962 -0.596041 -98.6794 
-0.599701 0.0155906 0.800072 370.806 0.07338 0.996669 0.035581 1.40251 -0.796852 0.0800473 -0.598848 -100.238 
-0.602309 0.0140102 0.79814 372.967 0.0700588 0.996916 0.0353698 1.45074 -0.795183 0.0772203 -0.601433 -101.818 
-0.604548 0.0106536 0.796497 375.146 0.0601132 0.997669 0.032282 1.50976 -0.794297 0.067396 -0.60378 -103.45 
-0.607655 0.0134799 0.794086 377.395 0.0525179 0.998349 0.0232407 1.55381 -0.792462 0.0558261 -0.60736 -105.097 
-0.610244 0.0236693 0.79186 379.35 0.0631215 0.997828 0.0188184 1.57292 -0.789695 0.0614672 -0.610412 -106.513 
-0.610989 0.0245167 0.79126 381.498 0.0703587 0.997246 0.0234299 1.60185 -0.788506 0.0699874 -0.611031 -108.142 
-0.613185 0.0151391 0.789794 383.547 0.0695338 0.99697 0.0348747 1.62293 -0.786873 0.076302 -0.61238 -109.672 
-0.616217 0.004488 0.787563 385.712 0.063142 0.997046 0.0437227 1.69696 -0.785041 0.076671 -0.614681 -111.311 
-0.619099 -0.00145679 0.785311 387.715 0.057301 0.997249 0.047023 1.76884 -0.78322 0.0741111 -0.617312 -112.806 
-0.621691 -0.00231065 0.783259 389.806 0.0558848 0.997316 0.0472991 1.84526 -0.781267 0.0731777 -0.619893 -114.404 
-0.62386 0.00308854 0.78153 391.971 0.0612387 0.997111 0.0449436 1.94465 -0.779133 0.0758984 -0.622247 -116.1 
-0.625726 0.00948731 0.779985 394.04 0.0656145 0.997022 0.0405105 2.01149 -0.777279 0.0765269 -0.624485 -117.714 
-0.627057 0.0124489 0.778874 396.503 0.0668038 0.997048 0.0378464 2.13872 -0.776103 0.0757636 -0.626038 -119.869 
-0.628552 0.013148 0.777656 398.966 0.0677873 0.996978 0.0379339 2.25047 -0.774807 0.0765586 -0.627544 -122.084 
-0.631066 0.0121028 0.775634 401.048 0.0681497 0.996877 0.0398925 2.3147 -0.772729 0.0780341 -0.62992 -123.731 
-0.63409 0.0112913 0.773176 402.893 0.068679 0.996764 0.0417679 2.36006 -0.770203 0.0795856 -0.632814 -125.133 
-0.635905 0.0114604 0.771682 404.954 0.0688357 0.996747 0.0419212 2.43245 -0.768691 0.0797772 -0.634625 -126.768 
-0.637119 0.0117944 0.770675 407.163 0.0691534 0.996725 0.0419154 2.5271 -0.767657 0.0799999 -0.635848 -128.56 
-0.638527 0.011936 0.769507 409.444 0.0693052 0.996709 0.0420484 2.62256 -0.766472 0.0801799 -0.637253 -130.422 
-0.639972 0.0111421 0.768317 411.4 0.070233 0.996558 0.0440487 2.67801 -0.765182 0.0821512 -0.638551 -131.998 
-0.64115 0.0106843 0.767341 413.406 0.0726588 0.996256 0.0468382 2.74615 -0.763968 0.0857844 -0.639526 -133.601 
-0.643029 0.00999688 0.765777 415.232 0.0736534 0.996087 0.0488438 2.82958 -0.762292 0.08781 -0.641249 -135.019 
-0.644648 0.0103911 0.764409 417.124 0.0727903 0.996199 0.0478441 2.88479 -0.761006 0.0864842 -0.642954 -136.548 
-0.646204 0.010585 0.763091 419.081 0.0689303 0.996626 0.0445474 2.96186 -0.760045 0.0813868 -0.644754 -138.136 
-0.647366 0.00976215 0.762117 421.074 0.0660046 0.996879 0.043297 3.02538 -0.759316 0.0783322 -0.64599 -139.787 
-0.648648 0.00893327 0.761036 423.083 0.0654248 0.996884 0.0440612 3.10428 -0.758271 0.0783709 -0.647211 -141.424 
-0.649804 0.0083007 0.760056 425.169 0.0643762 0.996948 0.04415 3.17817 -0.757371 0.0776184 -0.648356 -143.144 
-0.65125 0.00738939 0.758828 427.185 0.0615004 0.997177 0.0430711 3.26284 -0.756367 0.0747183 -0.649866 -144.803 
-0.651598 0.00694259 0.758532 429.223 0.0606277 0.997236 0.0429533 3.3481 -0.756137 0.0739764 -0.650218 -146.513 
-0.652161 0.0061811 0.758055 431.258 0.0623029 0.997021 0.04547 3.42683 -0.755516 0.0768828 -0.650603 -148.212 
-0.652398 0.00501595 0.75786 433.33 0.0648435 0.996681 0.0492234 3.52193 -0.755097 0.0812556 -0.650558 -149.949 
-0.651303 0.0035291 0.758809 435.357 0.0690572 0.996115 0.0546406 3.62134 -0.755669 0.0879889 -0.649017 -151.656 
-0.649877 0.00231492 0.760035 437.315 0.0725565 0.995617 0.0590078 3.72614 -0.756568 0.0934934 -0.647197 -153.304 
-0.64818 -0.000109608 0.761487 439.288 0.0666453 0.996155 0.0568721 3.83469 -0.758565 0.0876129 -0.64568 -154.948 
-0.646885 -0.000622322 0.762587 441.349 0.0591507 0.996946 0.0509896 3.95277 -0.76029 0.078092 -0.644873 -156.653 
-0.645366 -0.00293577 0.763868 443.388 0.054349 0.997282 0.0497504 4.04403 -0.761938 0.0736226 -0.643452 -158.318 
-0.642432 -0.00297691 0.766337 445.444 0.0529862 0.997427 0.0482937 4.13783 -0.764509 0.0716307 -0.640621 -160.006 
-0.63881 -0.00246237 0.76936 447.379 0.0548866 0.997301 0.048765 4.2346 -0.767404 0.0733792 -0.636951 -161.651 
-0.635284 -0.00219953 0.772275 449.373 0.056079 0.997225 0.0489715 4.33146 -0.770239 0.0744193 -0.633398 -163.312 
-0.632692 -0.00129777 0.774402 451.421 0.0538323 0.997506 0.045653 4.42363 -0.77253 0.0705722 -0.631044 -164.941 
-0.631165 -0.0057376 0.775627 453.53 0.04743 0.997816 0.0459772 4.51067 -0.774197 0.0658073 -0.629514 -166.612 
-0.630386 -0.0119148 0.77619 455.622 0.0384614 0.998175 0.0465588 4.59923 -0.775328 0.0592034 -0.628778 -168.243 
-0.630055 -0.0149278 0.776407 457.704 0.031876 0.998475 0.0450648 4.68737 -0.775896 0.053142 -0.628618 -169.864 
-0.629735 -0.0157221 0.776651 459.816 0.0303582 0.998533 0.0448292 4.7676 -0.776217 0.0518082 -0.628334 -171.504 
-0.628368 -0.0155378 0.777761 461.844 0.0325606 0.998399 0.0462519 4.84811 -0.777234 0.0543876 -0.626856 -173.112 
-0.627495 -0.0165706 0.778444 463.901 0.0341937 0.998222 0.0488121 4.94742 -0.777869 0.0572472 -0.625813 -174.706 
-0.626122 -0.0188157 0.779498 466.016 0.0328744 0.998183 0.0505003 5.04527 -0.779032 0.0572449 -0.624366 -176.358 
-0.624753 -0.0191591 0.780588 468.147 0.0301176 0.998364 0.0486093 5.14566 -0.780242 0.0538782 -0.623153 -178.031 
-0.623559 -0.0185067 0.781557 470.226 0.0284743 0.998519 0.0463621 5.24096 -0.781257 0.0511638 -0.622108 -179.647 
-0.622161 -0.0171494 0.782701 472.325 0.0293197 0.998548 0.0451845 5.32408 -0.78234 0.0510606 -0.620755 -181.286 
-0.620883 -0.0167851 0.783724 474.412 0.0314575 0.998432 0.0463048 5.406 -0.783272 0.0534038 -0.619381 -182.92 
-0.61964 -0.0167497 0.784707 476.494 0.0332381 0.998315 0.0475554 5.49562 -0.784182 0.0555494 -0.61804 -184.506 
-0.618431 -0.0169958 0.785655 478.551 0.0353284 0.998154 0.0494015 5.55905 -0.785045 0.0583074 -0.616689 -186.041 
-0.616908 -0.0179886 0.78683 479.935 0.0345209 0.998158 0.0498858 5.59504 -0.786278 0.057937 -0.61515 -187.182 
-0.615158 -0.0192707 0.788168 481.531 0.0326217 0.998223 0.0498674 5.66683 -0.787729 0.0563878 -0.613436 -188.464 
-0.614332 -0.0202618 0.788787 483.522 0.0324004 0.998179 0.0508749 5.75141 -0.788382 0.0568111 -0.612557 -189.984 
-0.613912 -0.0193806 0.789136 485.597 0.031774 0.998282 0.0492356 5.84565 -0.788734 0.0553004 -0.612242 -191.502 
-0.613708 -0.0194944 0.789292 487.685 0.0307351 0.998347 0.0485556 5.91163 -0.788934 0.054058 -0.612095 -192.959 
-0.612801 -0.0204363 0.789973 489.783 0.0302683 0.998325 0.049306 6.01057 -0.789658 0.0541259 -0.611156 -194.542 
-0.611746 -0.0233327 0.79071 491.951 0.0267038 0.998386 0.0501207 6.10599 -0.790604 0.0517761 -0.610135 -196.136 
-0.610679 -0.0262258 0.791444 494.12 0.0231402 0.998434 0.0509397 6.20384 -0.79154 0.049422 -0.609116 -197.727 
-0.609602 -0.0291157 0.792173 496.292 0.0195774 0.998467 0.0517632 6.30413 -0.792466 0.0470636 -0.608097 -199.315 
-0.609057 -0.0288878 0.7926 498.127 0.0192806 0.998502 0.051208 6.36627 -0.792892 0.0464704 -0.607587 -200.784 
-0.608551 -0.0282975 0.79301 500.221 0.0199773 0.998501 0.0509606 6.46249 -0.793263 0.0468543 -0.607074 -202.392 
-0.608511 -0.0292073 0.793007 502.127 0.0201735 0.99843 0.0522532 6.55472 -0.793289 0.0477944 -0.606967 -203.854 
-0.607773 -0.0310765 0.793502 504.251 0.0192172 0.998366 0.0538188 6.66885 -0.793878 0.0479586 -0.606183 -205.469 
-0.607269 -0.031533 0.79387 506.368 0.0184387 0.998383 0.0537609 6.77664 -0.794282 0.0472852 -0.605706 -207.064 
-0.607038 -0.0315787 0.794045 508.354 0.0179278 0.998412 0.0534116 6.86498 -0.794471 0.0466583 -0.605507 -208.564 
-0.605861 -0.0331165 0.794881 510.099 0.0144855 0.998508 0.0526408 6.92595 -0.795438 0.0434073 -0.604478 -209.92 
-0.606414 -0.0329058 0.794467 511.591 0.01505 0.998489 0.0528436 6.95516 -0.795006 0.0440019 -0.605003 -210.844 
-0.607425 -0.0321218 0.793727 513.178 0.0170025 0.998427 0.0534177 6.98506 -0.794195 0.0459426 -0.605924 -211.898 
-0.607323 -0.0319922 0.79381 514.721 0.01684 0.998446 0.0531232 7.00895 -0.794276 0.0456308 -0.605841 -213.136 
-0.607112 -0.032137 0.793966 516.361 0.0172233 0.998415 0.0535823 7.03696 -0.79443 0.0462052 -0.605596 -214.419 
-0.606905 -0.0327339 0.7941 518.321 0.0172223 0.998375 0.0543169 7.11704 -0.794588 0.0466414 -0.605355 -215.919 
-0.605724 -0.033628 0.794964 520.474 0.0174539 0.998304 0.0555285 7.23209 -0.795483 0.0475102 -0.60411 -217.54 
-0.606187 -0.0349845 0.794552 522.68 0.0172602 0.998218 0.0571203 7.34749 -0.795135 0.0483398 -0.604503 -219.092 
-0.605646 -0.0339989 0.795007 524.811 0.0175645 0.998272 0.0560724 7.48326 -0.79554 0.047924 -0.604002 -220.674 
-0.605384 -0.0329573 0.795251 526.703 0.0190498 0.998256 0.055872 7.55754 -0.795705 0.0489735 -0.603701 -222.104 
-0.604681 -0.0332093 0.795775 528.738 0.0197505 0.998198 0.0566645 7.66214 -0.796223 0.0499809 -0.602935 -223.642 
-0.604719 -0.0339764 0.795713 530.488 0.0194191 0.998164 0.0573787 7.75558 -0.796202 0.0501501 -0.602949 -224.974 
-0.604195 -0.034593 0.796085 531.686 0.0184517 0.998182 0.0573788 7.85565 -0.796623 0.0493571 -0.602458 -226.265 
-0.603306 -0.0346716 0.796756 532.786 0.0183126 0.998189 0.0573034 7.9738 -0.797299 0.0491622 -0.601578 -227.541 
-0.602417 -0.03475 0.797425 533.888 0.0181733 0.998196 0.0572282 8.09177 -0.797975 0.0489671 -0.600698 -228.815 
-0.602763 -0.0364545 0.797087 535.45 0.018159 0.99807 0.0593783 8.04273 -0.797714 0.0502654 -0.600938 -229.83 
-0.602719 -0.0379403 0.797051 536.884 0.0194085 0.997876 0.0621761 7.94156 -0.797718 0.0529443 -0.600702 -230.713 
-0.602676 -0.039426 0.797011 538.319 0.0206582 0.997673 0.0649732 7.84489 -0.797718 0.0556226 -0.600459 -231.596 
-0.602647 -0.0379745 0.797104 539.434 0.0203074 0.997814 0.0628897 7.78335 -0.797749 0.0540874 -0.600559 -232.69 
-0.602129 -0.0364603 0.797566 540.546 0.0200873 0.997949 0.0607857 7.66027 -0.798146 0.0526218 -0.600162 -233.776 
-0.601612 -0.034945 0.798024 541.658 0.0198658 0.998079 0.0586816 7.5339 -0.798542 0.0511569 -0.599762 -234.861 
-0.601094 -0.0334286 0.798479 542.77 0.0196429 0.998205 0.0565773 7.40424 -0.798937 0.0496927 -0.599358 -235.946 
-0.600576 -0.0319111 0.79893 543.882 0.0194186 0.998326 0.0544729 7.27129 -0.799332 0.0482293 -0.598951 -237.029 
-0.600059 -0.0303926 0.799378 544.996 0.019193 0.998443 0.0523684 7.13505 -0.799726 0.0467666 -0.598541 -238.111 
-0.599541 -0.028873 0.799823 546.109 0.018966 0.998556 0.0502638 6.99551 -0.800119 0.0453047 -0.598128 -239.193 
-0.599024 -0.0273523 0.800264 547.223 0.0187376 0.998664 0.0481591 6.85269 -0.800512 0.0438435 -0.597711 -240.274 
-0.598507 -0.0258306 0.800701 548.338 0.0185079 0.998767 0.0460544 6.70657 -0.800904 0.0423832 -0.597291 -241.354 
-0.59799 -0.0243078 0.801135 549.453 0.0182768 0.998866 0.0439496 6.55717 -0.801295 0.0409236 -0.596868 -242.433 
-0.597473 -0.022784 0.801565 550.568 0.0180443 0.998961 0.0418447 6.40448 -0.801686 0.0394648 -0.596441 -243.511 
-0.596956 -0.0212591 0.801992 551.684 0.0178105 0.999051 0.0397398 6.24851 -0.802076 0.0380068 -0.596011 -244.588 
-0.59644 -0.0197332 0.802415 552.8 0.0175753 0.999137 0.0376348 6.08924 -0.802465 0.0365496 -0.595578 -245.664 
-0.595923 -0.0182063 0.802835 553.916 0.0173387 0.999218 0.0355298 5.92669 -0.802854 0.0350932 -0.595142 -246.739 
-0.595984 -0.0198391 0.802751 555.809 0.0155675 0.999221 0.0362524 5.94453 -0.802845 0.0341027 -0.595211 -247.955 
-0.595769 -0.0192258 0.802926 557.729 0.0152131 0.999264 0.0352151 5.98181 -0.803012 0.033195 -0.595038 -249.265 
-0.595352 -0.0174138 0.803276 559.903 0.0175006 0.999247 0.0346327 6.04643 -0.803274 0.0346764 -0.594599 -250.827 
-0.594445 -0.016783 0.803961 561.711 0.0183229 0.99924 0.0344073 6.06749 -0.803927 0.0351842 -0.593686 -252.172 
-0.593342 -0.0174226 0.804761 563.437 0.0187101 0.999197 0.0354267 6.07808 -0.804733 0.0360774 -0.59254 -253.486 
-0.592501 -0.018707 0.805353 565.198 0.01862 0.999145 0.0369072 6.09181 -0.805355 0.0368632 -0.591646 -254.81 
-0.592106 -0.0174673 0.805671 567.002 0.0186914 0.999198 0.0353997 6.1426 -0.805643 0.0360195 -0.591305 -256.052 
-0.591259 -0.0180511 0.806279 569.09 0.0177616 0.999215 0.0353954 6.18941 -0.806286 0.0352486 -0.590475 -257.554 
-0.589917 -0.018612 0.807249 571.233 0.0162505 0.999258 0.0349144 6.23983 -0.8073 0.0337148 -0.589177 -259.116 
-0.589534 -0.01924 0.807514 573.39 0.0159815 0.999243 0.0354755 6.29076 -0.807585 0.0338193 -0.58878 -260.631 
-0.589562 -0.0199271 0.807477 575.739 0.014906 0.999257 0.0355431 6.36089 -0.807585 0.0329911 -0.588827 -262.183 
-0.588879 -0.0206847 0.807956 577.65 0.0136561 0.999275 0.0355359 6.43137 -0.808106 0.0319599 -0.58817 -263.586 
-0.588713 -0.0214869 0.808056 579.816 0.0120779 0.999301 0.0353716 6.48733 -0.808252 0.0305834 -0.588042 -265.096 
-0.589048 -0.0202939 0.807843 581.967 0.0118627 0.99936 0.0337547 6.54972 -0.808011 0.0294663 -0.58843 -266.611 
-0.589031 -0.0201985 0.807858 584.114 0.0128053 0.999329 0.0343224 6.60448 -0.808009 0.0305618 -0.588377 -268.132 
-0.588749 -0.0215321 0.808029 586.225 0.0128285 0.99927 0.0359754 6.66641 -0.808214 0.0315463 -0.588044 -269.668 
-0.58767 -0.0223999 0.80879 588.476 0.0142388 0.999175 0.0380186 6.77371 -0.808975 0.0338586 -0.586867 -271.384 
-0.587415 -0.0214341 0.809002 590.64 0.0137032 0.999242 0.0364243 6.84243 -0.80917 0.0324821 -0.586676 -272.915 
-0.587454 -0.0196276 0.809019 592.763 0.0140368 0.999308 0.0344367 6.89676 -0.809136 0.0315861 -0.586772 -274.425 
-0.586099 -0.0180055 0.810039 594.868 0.0149218 0.999344 0.0330099 6.94925 -0.810102 0.0314343 -0.585445 -275.957 
-0.585649 -0.0175392 0.810375 596.892 0.0158037 0.999329 0.0330499 7.02863 -0.810411 0.0321626 -0.584979 -277.497 
-0.585574 -0.0181053 0.810417 598.96 0.0163086 0.999285 0.0341086 7.08565 -0.810455 0.0331899 -0.58486 -278.966 
-0.585785 -0.0187521 0.810249 601.189 0.0169564 0.99923 0.0353847 7.149 -0.810289 0.0344668 -0.585016 -280.531 
-0.585865 -0.0189597 0.810186 603.58 0.0171961 0.99921 0.0358181 7.23547 -0.810226 0.0349166 -0.585077 -282.186 
-0.585627 -0.0186152 0.810366 605.842 0.0166873 0.999247 0.0350134 7.30901 -0.810408 0.0340276 -0.584876 -283.831 
-0.585208 -0.0183661 0.810675 607.867 0.0164017 0.999271 0.0344788 7.34711 -0.810717 0.0334737 -0.584481 -285.272 
-0.584916 -0.0183748 0.810886 609.961 0.0168315 0.999253 0.0347842 7.38022 -0.810919 0.0339943 -0.58417 -286.585 
-0.584436 -0.0189082 0.811219 612.044 0.0167364 0.999235 0.035348 7.43437 -0.811267 0.0342356 -0.583673 -288.05 
-0.58406 -0.0193669 0.811479 614.283 0.0160605 0.999244 0.0354075 7.49523 -0.811551 0.0337129 -0.583308 -289.619 
-0.583425 -0.0190679 0.811943 616.449 0.0164054 0.999244 0.0352546 7.56789 -0.812001 0.0338887 -0.582671 -291.162 
-0.582601 -0.0168097 0.812584 618.542 0.0203948 0.999169 0.035292 7.64943 -0.812502 0.0371336 -0.581774 -292.661 
-0.581495 -0.016998 0.813372 620.611 0.0209111 0.999139 0.0358299 7.69614 -0.813281 0.0378434 -0.580639 -294.147 
-0.581026 -0.0171709 0.813704 622.752 0.0217511 0.999093 0.0366144 7.75485 -0.813594 0.0389729 -0.580125 -295.633 
-0.580391 -0.0173649 0.814153 624.872 0.0216231 0.999091 0.036724 7.82102 -0.814051 0.0389188 -0.579488 -297.134 
-0.580049 -0.0162388 0.814419 627.181 0.0218643 0.999131 0.035494 7.89245 -0.814288 0.038395 -0.57919 -298.721 
-0.579978 -0.0147447 0.814498 629.604 0.0222284 0.999177 0.033916 7.97532 -0.814329 0.0377755 -0.579173 -300.374 
-0.579217 -0.0145525 0.815044 632.133 0.0231785 0.999142 0.0343115 8.03928 -0.814844 0.0387653 -0.578383 -302.196 
