1 -4.23778e-08 4.22719e-08 0 -4.23778e-08 1 -4.19404e-08 0 4.22719e-08 -4.19404e-08 1 0 
0.999997 -0.00212435 -0.00148893 -0.0124361 0.00212829 0.999994 0.00270927 -0.0118797 0.00148325 -0.00271251 0.999995 1.54423 
0.999991 -0.00274305 -0.00322218 -0.0289601 0.00275435 0.99999 0.00353615 -0.0307224 0.00321254 -0.00354507 0.999988 3.07565 
0.999987 -0.00184706 -0.00479435 -0.0586013 0.00186344 0.999992 0.00343137 -0.0501924 0.00478806 -0.00344034 0.999983 4.59235 
0.999978 -0.00154973 -0.00644275 -0.0899695 0.00157102 0.999993 0.00331383 -0.0671959 0.00643765 -0.00332397 0.999974 6.10936 
0.999967 -0.00141447 -0.00795582 -0.118063 0.00144282 0.999993 0.00356963 -0.0837139 0.0079508 -0.00358107 0.999962 7.62548 
0.999952 -0.00159354 -0.00967564 -0.156241 0.00163135 0.999991 0.00390924 -0.100636 0.00966941 -0.00392492 0.999945 9.1327 
0.999926 -0.00387798 -0.0114802 -0.190476 0.00391562 0.999987 0.00326519 -0.117794 0.0114675 -0.00330999 0.999929 10.6285 
0.999902 -0.00528571 -0.0129448 -0.227657 0.00533155 0.99998 0.00351591 -0.132705 0.0129261 -0.00358467 0.99991 12.1297 
0.999883 -0.00496931 -0.0144576 -0.263057 0.00502077 0.999981 0.00353115 -0.152302 0.0144399 -0.00360342 0.999889 13.6314 
0.999868 -0.00458092 -0.0155899 -0.308577 0.00463702 0.999983 0.00357004 -0.168853 0.0155734 -0.00364194 0.999872 15.1202 
0.999864 -0.00287721 -0.0162373 -0.358111 0.00294478 0.999987 0.00414424 -0.187896 0.0162252 -0.00419158 0.999859 16.5985 
0.999857 -0.00075118 -0.0168957 -0.405474 0.000830179 0.999989 0.00467413 -0.193704 0.0168921 -0.00468757 0.999846 18.1042 
0.999843 0.000133537 -0.0177052 -0.449044 -3.62394e-05 0.999985 0.00550037 -0.20682 0.0177058 -0.00549895 0.999828 19.6008 
0.999835 0.000161851 -0.0181521 -0.492554 -6.24389e-05 0.999985 0.00548168 -0.21842 0.0181528 -0.00547973 0.99982 21.0901 
0.999821 0.00103362 -0.0189052 -0.536435 -0.00092825 0.999984 0.0055859 -0.230977 0.0189108 -0.00556743 0.999806 22.5582 
0.999816 0.00160684 -0.019124 -0.589564 -0.00149071 0.99998 0.00608949 -0.242599 0.0191334 -0.00605994 0.999798 24.0205 
0.99981 0.00258418 -0.0193388 -0.630368 -0.00244367 0.99997 0.00729018 -0.252404 0.0193571 -0.00724162 0.999786 25.4866 
0.999808 0.00245316 -0.0194604 -0.67741 -0.00233829 0.99998 0.00592735 -0.263618 0.0194746 -0.00588079 0.999793 26.9413 
0.999803 0.00307383 -0.0196229 -0.72189 -0.00299702 0.999988 0.00394664 -0.277174 0.0196349 -0.00388713 0.9998 28.3742 
0.99981 0.00070013 -0.0194751 -0.768192 -0.000625759 0.999992 0.00382888 -0.294766 0.0194777 -0.00381605 0.999803 29.7996 
0.999815 -5.16077e-05 -0.0192075 -0.814477 0.000177299 0.999978 0.00654658 -0.30814 0.0192068 -0.00654886 0.999794 31.2137 
0.999814 -0.00169177 -0.0191947 -0.856588 0.0018397 0.999969 0.00769625 -0.320348 0.0191811 -0.00773022 0.999786 32.6285 
0.999813 -0.002154 -0.0192203 -0.895719 0.00229211 0.999972 0.00717084 -0.332759 0.0192044 -0.00721364 0.999789 34.0198 
0.999819 -0.00235916 -0.018876 -0.939881 0.0024608 0.999982 0.00536749 -0.345881 0.0188631 -0.00541305 0.999807 35.4069 
0.999827 -0.00160205 -0.0185218 -0.982043 0.00168708 0.999988 0.00458054 -0.360662 0.0185143 -0.00461108 0.999818 36.7772 
0.999837 -0.000915509 -0.0180158 -1.0215 0.000981706 0.999993 0.00367054 -0.376198 0.0180124 -0.00368771 0.999831 38.1425 
0.99986 -0.000420398 -0.0167021 -1.0642 0.000498373 0.999989 0.00466976 -0.390209 0.0167 -0.00467751 0.99985 39.5092 
0.999884 3.6291e-05 -0.0152192 -1.10877 6.84679e-05 0.999976 0.00688828 -0.4083 0.0152192 -0.00688861 0.99986 40.8298 
0.999907 -0.000554441 -0.0136099 -1.14576 0.000663126 0.999968 0.00798867 -0.425431 0.0136051 -0.00799703 0.999875 42.1371 
0.999935 1.21631e-05 -0.0114168 -1.17636 8.55999e-05 0.999963 0.00856993 -0.437299 0.0114165 -0.00857043 0.999898 43.4288 
0.999967 -0.000368117 -0.00806846 -1.2014 0.00043279 0.999968 0.00802574 -0.450266 0.00806533 -0.00802906 0.999935 44.7216 
0.999989 -0.00111248 -0.00443335 -1.22642 0.00113965 0.99998 0.00615095 -0.462999 0.00442651 -0.00615603 0.999971 45.9738 
0.999999 -0.00129225 -0.0010184 -1.24966 0.00129672 0.999989 0.00448764 -0.47848 0.00101267 -0.00448904 0.999989 47.2334 
0.999994 -0.00088304 0.00318223 -1.26644 0.00086676 0.999987 0.00508704 -0.492969 -0.00318659 -0.00508434 0.999982 48.4612 
0.999965 -0.000433752 0.00836526 -1.27295 0.000392188 0.999988 0.00495942 -0.507215 -0.00836722 -0.00495605 0.999953 49.6774 
0.999889 0.00121628 0.0148636 -1.27883 -0.00127623 0.999991 0.00401923 -0.520284 -0.0148585 -0.00403784 0.999881 50.8886 
0.999747 0.00246659 0.0223441 -1.27578 -0.00255881 0.999988 0.0040961 -0.534325 -0.0223336 -0.00415232 0.999742 52.0913 
0.999521 0.00364931 0.0307206 -1.26185 -0.00380815 0.99998 0.00511074 -0.550491 -0.0307012 -0.00522536 0.999515 53.2681 
0.999142 0.00579577 0.041009 -1.23613 -0.00604041 0.999965 0.00584201 -0.566908 -0.0409736 -0.00608479 0.999142 54.4519 
0.998522 0.00795612 0.0537649 -1.19246 -0.00827989 0.999949 0.00580028 -0.581017 -0.0537159 -0.00623696 0.998537 55.6078 
0.997598 0.0100732 0.0685263 -1.13541 -0.0105251 0.999925 0.00623559 -0.590971 -0.0684583 -0.00694194 0.99763 56.7671 
0.99635 0.0120895 0.0845042 -1.05698 -0.0127636 0.999891 0.00744004 -0.601955 -0.0844049 -0.00849154 0.996395 57.8974 
0.994702 0.0122866 0.102064 -0.95745 -0.0131893 0.99988 0.00817378 -0.612349 -0.101951 -0.00947671 0.994744 59.0121 
0.992583 0.011733 0.121002 -0.83758 -0.012725 0.999891 0.00742763 -0.623727 -0.120901 -0.00891237 0.992624 60.1162 
0.989949 0.0107213 0.141019 -0.699529 -0.0117425 0.99991 0.00641051 -0.633199 -0.140938 -0.00800206 0.989986 61.1966 
0.986769 0.00787132 0.161939 -0.5364 -0.008982 0.999941 0.00612711 -0.640973 -0.161881 -0.00750066 0.986782 62.2674 
0.98304 0.00284895 0.183367 -0.348424 -0.00446673 0.999955 0.00840964 -0.652159 -0.183335 -0.00908615 0.983008 63.3247 
0.978457 -0.00272335 0.206433 -0.133465 0.000709096 0.999951 0.00983033 -0.65987 -0.20645 -0.00947224 0.978411 64.3752 
0.973104 -0.00770595 0.230235 0.102747 0.00570153 0.99994 0.00936956 -0.670025 -0.230294 -0.00780494 0.97309 65.401 
0.966778 -0.0137325 0.255247 0.365047 0.0121526 0.999896 0.0077653 -0.678607 -0.255327 -0.00440548 0.966845 66.4061 
0.959447 -0.0174962 0.281344 0.648107 0.0157559 0.99984 0.0084461 -0.686499 -0.281447 -0.00367081 0.95957 67.384 
0.951008 -0.0200197 0.308518 0.953287 0.0175315 0.999788 0.0108348 -0.693443 -0.30867 -0.00489521 0.951157 68.3477 
0.941531 -0.0245791 0.336029 1.28951 0.0211701 0.99968 0.013805 -0.69888 -0.336261 -0.00588418 0.94175 69.2963 
0.930773 -0.0276384 0.36455 1.64625 0.0243636 0.999611 0.0135799 -0.705815 -0.364783 -0.0037581 0.931085 70.2179 
0.918824 -0.0270233 0.39374 2.01638 0.0251827 0.999634 0.00984096 -0.713622 -0.393862 0.000873272 0.919169 71.1087 
0.905939 -0.0281843 0.42247 2.42076 0.028942 0.99957 0.00462143 -0.718234 -0.422418 0.00804034 0.906365 71.9816 
0.891912 -0.0300142 0.451211 2.85122 0.0324989 0.999469 0.00224294 -0.724445 -0.451039 0.0126633 0.892414 72.8416 
0.876399 -0.0305703 0.480614 3.31095 0.0318746 0.999477 0.00544999 -0.730179 -0.48053 0.0105429 0.876915 73.6966 
0.858869 -0.0294614 0.511348 3.78833 0.0276396 0.999556 0.0111655 -0.7384 -0.511449 0.00454368 0.859301 74.5228 
0.839408 -0.0295539 0.542698 4.29712 0.0255466 0.999562 0.0149196 -0.745412 -0.542901 0.00134037 0.839796 75.3295 
0.818411 -0.0232806 0.574162 4.82544 0.021416 0.99972 0.0100091 -0.748923 -0.574235 0.00410464 0.81868 76.1079 
0.796607 -0.0163292 0.604277 5.37432 0.0182795 0.999829 0.00292038 -0.753612 -0.604221 0.00871943 0.796769 76.8542 
0.774305 -0.0140514 0.632656 5.95154 0.0174519 0.999847 0.000847232 -0.757656 -0.632572 0.010385 0.774432 77.5753 
0.751259 -0.016471 0.659801 6.55785 0.0184824 0.999821 0.00391457 -0.766557 -0.659748 0.00925383 0.75143 78.2678 
0.726982 -0.0168666 0.68645 7.17893 0.0187207 0.999813 0.00473991 -0.781826 -0.686402 0.00940498 0.727162 78.9322 
0.701825 -0.0149111 0.712193 7.82157 0.0193495 0.999811 0.00186503 -0.788696 -0.712086 0.0124716 0.701981 79.5763 
0.675869 -0.0125286 0.736915 8.48021 0.0192412 0.999815 -0.000649097 -0.79652 -0.736771 0.0146178 0.675985 80.1808 
0.649043 -0.0102713 0.760682 9.15647 0.0175636 0.999845 -0.00148545 -0.808365 -0.760549 0.0143244 0.649123 80.7681 
0.621359 -0.00899814 0.783474 9.86402 0.0176345 0.999841 -0.00250265 -0.822397 -0.783327 0.0153712 0.621419 81.3319 
0.592758 -0.00233368 0.805377 10.5854 0.0159685 0.999833 -0.00885584 -0.838822 -0.805222 0.01811 0.592696 81.8737 
0.562839 0.00701156 0.826537 11.325 0.0145358 0.999725 -0.0183791 -0.857021 -0.826439 0.0223588 0.562583 82.3921 
0.532268 0.0152672 0.846438 12.094 0.0134714 0.999558 -0.0265004 -0.880665 -0.846469 0.025508 0.531827 82.8822 
0.50066 0.0202326 0.865408 12.8839 0.0109455 0.999499 -0.0296999 -0.908494 -0.865575 0.0243418 0.500188 83.3507 
0.468394 0.019722 0.883299 13.6951 0.00887733 0.999595 -0.0270261 -0.942199 -0.883475 0.0205002 0.46803 83.7905 
0.435225 0.0185461 0.90013 14.524 0.00391957 0.999739 -0.0224937 -0.977765 -0.900313 0.0133179 0.435039 84.2105 
0.400903 0.0198174 0.915906 15.3708 -0.000231215 0.999768 -0.0215308 -1.00852 -0.916121 0.00841995 0.400814 84.5997 
0.366041 0.0228661 0.930318 16.233 -0.00732728 0.999738 -0.0216895 -1.03745 -0.93057 0.00112254 0.366113 84.9568 
0.330235 0.0248219 0.943572 17.1147 -0.0123297 0.999682 -0.0219829 -1.06487 -0.943818 -0.00437443 0.330436 85.2861 
0.294388 0.024422 0.955374 18.0234 -0.0150073 0.999668 -0.0209301 -1.08808 -0.955568 -0.00817599 0.294657 85.5781 
0.258411 0.0239618 0.965738 18.9434 -0.0156167 0.999665 -0.020625 -1.11746 -0.965909 -0.00975187 0.258699 85.833 
0.222692 0.0234634 0.974606 19.8828 -0.0150994 0.999673 -0.0206168 -1.14459 -0.974772 -0.0101248 0.222973 86.0535 
0.187457 0.0222384 0.982021 20.8238 -0.0128126 0.999714 -0.0201933 -1.16828 -0.982189 -0.00879689 0.187688 86.2384 
0.153202 0.0211526 0.987968 21.7828 -0.00450932 0.999775 -0.0207062 -1.19637 -0.988184 -0.00128283 0.153263 86.382 
0.119708 0.0245617 0.992505 22.7486 -0.00225652 0.999698 -0.0244676 -1.22765 -0.992806 0.000689361 0.119727 86.4982 
0.0871509 0.0297639 0.99575 23.7144 -0.00146168 0.999556 -0.0297498 -1.25742 -0.996194 0.00113725 0.0871557 86.5892 
0.0579812 0.033385 0.997759 24.6711 0.00529384 0.999416 -0.0337482 -1.29513 -0.998304 0.00723873 0.0577706 86.6474 
0.032601 0.0316235 0.998968 25.6514 0.00705751 0.999467 -0.0318697 -1.33126 -0.999443 0.00808921 0.0323604 86.6825 
0.0101883 0.0285628 0.99954 26.6427 0.00876464 0.999551 -0.0286525 -1.36974 -0.99991 0.00905253 0.0099334 86.6992 
-0.00863639 0.0258793 0.999628 27.6293 0.0093792 0.999623 -0.0257982 -1.40862 -0.999919 0.00915291 -0.00887587 86.6986 
-0.0251144 0.0290738 0.999262 28.6144 0.0111407 0.999523 -0.0288014 -1.44488 -0.999622 0.0104091 -0.0254263 86.6781 
-0.0398809 0.0333873 0.998646 29.6034 0.0139841 0.999362 -0.0328528 -1.48176 -0.999106 0.012655 -0.0403224 86.6482 
-0.0518587 0.0384145 0.997915 30.5864 0.0184822 0.999126 -0.0375007 -1.52344 -0.998483 0.0164989 -0.0525234 86.6004 
-0.060525 0.0419309 0.997285 31.5942 0.0241824 0.998886 -0.0405306 -1.56736 -0.997874 0.0216637 -0.0614716 86.5402 
-0.0663901 0.0473095 0.996671 32.6041 0.0279301 0.998572 -0.0455393 -1.61581 -0.997403 0.0248138 -0.0676167 86.4751 
-0.0697774 0.0521003 0.996201 33.6074 0.0297536 0.9983 -0.0501261 -1.66823 -0.997119 0.0261429 -0.071209 86.4085 
-0.0725681 0.0561457 0.995782 34.608 0.0316588 0.998041 -0.053966 -1.72642 -0.996861 0.0276091 -0.0742034 86.3381 
-0.0751815 0.0589713 0.995425 35.6119 0.0318391 0.997883 -0.0567123 -1.78973 -0.996661 0.0274298 -0.0768999 86.27 
-0.0775164 0.0624295 0.995034 36.6143 0.0329068 0.997654 -0.0600303 -1.85745 -0.996448 0.0280901 -0.0793889 86.1994 
-0.0791541 0.0661433 0.994666 37.6215 0.0344449 0.997382 -0.0635829 -1.92425 -0.996267 0.0292283 -0.0812252 86.1224 
-0.0814168 0.06767 0.99438 38.6378 0.0370812 0.997207 -0.0648264 -1.99372 -0.99599 0.0315949 -0.0836987 86.0448 
-0.0835944 0.0663758 0.994287 39.6646 0.037205 0.997291 -0.0634484 -2.06718 -0.995805 0.0316885 -0.0858375 85.9721 
-0.0859196 0.066263 0.994096 40.7059 0.0367358 0.997318 -0.0633027 -2.13827 -0.995625 0.03108 -0.0881234 85.8899 
-0.0878476 0.0674803 0.993846 41.7309 0.036776 0.997242 -0.0644603 -2.2134 -0.995455 0.030887 -0.090087 85.8046 
-0.0904533 0.0696816 0.99346 42.7586 0.0355303 0.99714 -0.0667048 -2.28582 -0.995267 0.0292643 -0.0926704 85.7267 
-0.0932029 0.071765 0.993057 43.794 0.0338943 0.997049 -0.0688725 -2.3686 -0.99507 0.0272398 -0.0953603 85.6467 
-0.0955926 0.0753064 0.992568 44.8345 0.0315401 0.996863 -0.0725948 -2.44991 -0.994921 0.0243661 -0.0976678 85.5578 
-0.0978036 0.0795058 0.992025 45.8735 0.0282875 0.996623 -0.0770856 -2.53371 -0.994804 0.0205227 -0.0997223 85.468 
-0.100376 0.0818671 0.991576 46.909 0.0262693 0.99648 -0.0796128 -2.61907 -0.994603 0.0180568 -0.102173 85.3775 
-0.103318 0.0805302 0.991383 47.9602 0.0240136 0.996628 -0.0784537 -2.70163 -0.994358 0.015701 -0.104903 85.2839 
-0.106016 0.0762673 0.991435 49.0142 0.0210954 0.997002 -0.0744398 -2.79045 -0.994141 0.0130229 -0.107307 85.1857 
-0.108648 0.0746716 0.991272 50.0603 0.0212412 0.997121 -0.0727842 -2.8748 -0.993853 0.0131479 -0.109922 85.0905 
-0.110488 0.0752284 0.991026 51.112 0.0202443 0.997095 -0.0734321 -2.95782 -0.993671 0.0119493 -0.11169 84.9856 
-0.111857 0.0779679 0.990661 52.1658 0.0219825 0.996867 -0.0759744 -3.04315 -0.993481 0.0132789 -0.113221 84.8825 
-0.112659 0.0807004 0.990351 53.2275 0.0220128 0.996654 -0.07871 -3.12947 -0.99339 0.012933 -0.114059 84.774 
-0.11282 0.0813539 0.990279 54.2905 0.02065 0.996619 -0.0795222 -3.22079 -0.993401 0.0114776 -0.114118 84.6608 
-0.112658 0.0801002 0.9904 55.3558 0.0177304 0.996749 -0.0785969 -3.31013 -0.993475 0.00870557 -0.113712 84.5585 
-0.112927 0.0794247 0.990424 56.4177 0.0138303 0.996829 -0.0783615 -3.40287 -0.993507 0.00484872 -0.113668 84.4576 
-0.112924 0.0805901 0.99033 57.4859 0.0102522 0.996747 -0.0799433 -3.49171 -0.993551 0.00112561 -0.113383 84.3572 
-0.113204 0.0806871 0.99029 58.5662 0.00591958 0.996734 -0.0805356 -3.58629 -0.993554 -0.00325487 -0.113312 84.2577 
-0.113906 0.0802525 0.990245 59.6373 0.00231452 0.996751 -0.0805136 -3.67756 -0.993489 -0.00687902 -0.113721 84.163 
-0.114442 0.0750519 0.990591 60.7295 0.00256944 0.997161 -0.0752529 -3.76638 -0.993427 -0.00606683 -0.11431 84.0623 
-0.114685 0.0664641 0.991176 61.8301 0.0057736 0.997787 -0.0662394 -3.8522 -0.993385 -0.00187402 -0.114815 83.9459 
-0.114243 0.061087 0.991573 62.9399 0.0113482 0.998123 -0.0601831 -3.93348 -0.993388 0.00437709 -0.114721 83.8183 
-0.113566 0.0633502 0.991509 64.0392 0.019589 0.997914 -0.0615159 -4.00906 -0.993337 0.0124365 -0.11457 83.6935 
-0.112451 0.0690547 0.991255 65.1461 0.0248273 0.997466 -0.066671 -4.08042 -0.993347 0.0171129 -0.11388 83.5734 
-0.111674 0.0747695 0.990928 66.2552 0.028365 0.996999 -0.0720311 -4.16094 -0.99334 0.0200637 -0.113459 83.4604 
-0.111023 0.0790298 0.99067 67.3653 0.0290939 0.996664 -0.0762475 -4.25138 -0.993392 0.0203573 -0.112952 83.3462 
-0.11078 0.0763159 0.99091 68.4964 0.0262019 0.996925 -0.0738499 -4.33667 -0.993499 0.0177827 -0.112439 83.2354 
-0.110564 0.0716162 0.991285 69.6279 0.025391 0.997278 -0.0692172 -4.42841 -0.993545 0.0175169 -0.112081 83.1221 
-0.110474 0.0694327 0.991451 70.7653 0.0231143 0.997466 -0.0672785 -4.51393 -0.99361 0.0154842 -0.111799 83.0103 
-0.110386 0.0702141 0.991405 71.9019 0.0211504 0.997441 -0.0682867 -4.5967 -0.993664 0.0134307 -0.111589 82.8994 
-0.110211 0.0752266 0.991057 73.0272 0.0223602 0.997067 -0.0731963 -4.68663 -0.993657 0.0140933 -0.111569 82.7904 
-0.10949 0.0778478 0.990935 74.1753 0.0217593 0.996877 -0.0759105 -4.77274 -0.99375 0.0132506 -0.110842 82.6752 
-0.109014 0.0769911 0.991054 75.326 0.0221365 0.996937 -0.0750132 -4.85996 -0.993794 0.013761 -0.110384 82.5569 
-0.107725 0.070139 0.991703 76.4922 0.0242313 0.997397 -0.0679097 -4.95091 -0.993885 0.0167147 -0.109144 82.4306 
-0.108397 0.068614 0.991737 77.6444 0.0234298 0.997514 -0.0664529 -5.03696 -0.993832 0.016033 -0.109735 82.3175 
-0.107948 0.0717621 0.991563 78.7977 0.0211243 0.997332 -0.0698799 -5.11933 -0.993932 0.0134027 -0.109176 82.2121 
-0.107487 0.0747143 0.991395 79.9619 0.0205709 0.997126 -0.072916 -5.20935 -0.993994 0.0125565 -0.108715 82.0989 
-0.107472 0.074263 0.991431 81.1327 0.0198619 0.997168 -0.0725397 -5.29966 -0.99401 0.0118957 -0.108642 81.9842 
-0.107565 0.0706929 0.991681 82.3075 0.0194997 0.997427 -0.0689875 -5.39284 -0.994007 0.0119168 -0.108667 81.8807 
-0.106581 0.0695165 0.991871 83.4941 0.020428 0.997495 -0.0677157 -5.48021 -0.994094 0.0130447 -0.107734 81.7652 
-0.10542 0.0698472 0.991972 84.6839 0.0221485 0.997448 -0.0678791 -5.56896 -0.994181 0.0148149 -0.106697 81.6512 
-0.104208 0.0699415 0.992093 85.884 0.0247382 0.997398 -0.0677171 -5.65649 -0.994248 0.0174859 -0.105667 81.5314 
-0.103047 0.0694927 0.992246 87.0856 0.0245835 0.99743 -0.0673028 -5.74351 -0.994373 0.0174576 -0.104491 81.4206 
-0.101742 0.0702271 0.992329 88.2909 0.0257477 0.997357 -0.0679432 -5.83066 -0.994478 0.0186375 -0.103281 81.3088 
-0.100886 0.0682027 0.992557 89.4988 0.0259356 0.997489 -0.0659054 -5.92085 -0.99456 0.0190936 -0.102402 81.2033 
-0.0995875 0.0674307 0.992741 90.7174 0.0246017 0.997563 -0.0652904 -6.00869 -0.994725 0.0179211 -0.101004 81.0957 
-0.0982543 0.0666071 0.99293 91.9419 0.0257838 0.997593 -0.0643686 -6.09675 -0.994827 0.019277 -0.0997352 80.9874 
-0.0965999 0.0675624 0.993027 93.1699 0.0237546 0.997566 -0.0655604 -6.1831 -0.99504 0.0172558 -0.0979697 80.8833 
-0.0949268 0.0702432 0.993003 94.3951 0.0244757 0.99737 -0.0682125 -6.27085 -0.995183 0.0178293 -0.0963965 80.7765 
-0.0938171 0.0691847 0.993183 95.6258 0.0220821 0.997482 -0.0673984 -6.35643 -0.995344 0.0156084 -0.0951086 80.6784 
-0.0934985 0.067653 0.993318 96.8609 0.018499 0.997634 -0.0662058 -6.44924 -0.995447 0.0121852 -0.0945289 80.5824 
-0.0931814 0.0686588 0.993279 98.0917 0.0159665 0.997594 -0.0674593 -6.54081 -0.995521 0.00957328 -0.0940535 80.4813 
-0.0933822 0.0680757 0.9933 99.3378 0.0131786 0.997657 -0.0671354 -6.62922 -0.995543 0.00682109 -0.0940605 80.3798 
-0.0943823 0.0655572 0.993375 100.593 0.0104756 0.99784 -0.0648566 -6.72064 -0.995481 0.00428488 -0.0948652 80.2792 
-0.0955792 0.0640805 0.993357 101.848 0.00868598 0.997941 -0.0635406 -6.8109 -0.995384 0.00255512 -0.0959391 80.1771 
-0.0969124 0.0634783 0.993266 103.115 0.00704684 0.997983 -0.0630923 -6.90035 -0.995268 0.000884971 -0.0971643 80.0695 
-0.0984499 0.063544 0.993111 104.371 0.00711618 0.997979 -0.06315 -6.98959 -0.995116 0.00085005 -0.0987031 79.9588 
-0.10054 0.0623283 0.992979 105.634 0.00703995 0.998055 -0.0619343 -7.07412 -0.994908 0.00076364 -0.100784 79.8433 
-0.103509 0.0577337 0.992951 106.896 0.0043917 0.998331 -0.0575887 -7.15808 -0.994619 -0.00160018 -0.103589 79.7283 
-0.107716 0.0576273 0.99251 108.155 0.0041058 0.998336 -0.0575201 -7.24353 -0.994173 -0.0021208 -0.107774 79.6078 
-0.113335 0.0636075 0.991519 109.384 -0.000640355 0.997944 -0.0640929 -7.32711 -0.993557 -0.00789889 -0.113061 79.4906 
-0.120253 0.0665879 0.990508 110.614 0.000211843 0.99775 -0.0670491 -7.41721 -0.992743 -0.00785298 -0.119996 79.3607 
-0.129083 0.0628684 0.989639 111.878 0.00203003 0.998003 -0.0631351 -7.50541 -0.991632 -0.00614068 -0.128953 79.2155 
-0.1398 0.0603921 0.988336 113.133 0.00404546 0.998165 -0.0604205 -7.60136 -0.990171 -0.00444852 -0.139788 79.056 
-0.152682 0.0614078 0.986366 114.371 0.0047012 0.998101 -0.0614108 -7.68504 -0.988264 -0.00473918 -0.15268 78.8793 
-0.166988 0.061696 0.984027 115.591 0.00680834 0.998089 -0.0614224 -7.76893 -0.985935 -0.00355723 -0.167089 78.6907 
-0.180969 0.0598707 0.981665 116.813 0.00792094 0.998202 -0.0594191 -7.85065 -0.983457 -0.00297726 -0.181117 78.4733 
-0.196648 0.0620742 0.978507 118.011 0.0117624 0.998071 -0.0609515 -7.94073 -0.980403 -0.00047637 -0.196999 78.2482 
-0.211843 0.0654315 0.975111 119.185 0.012218 0.997856 -0.0643034 -8.02614 -0.977227 -0.00170824 -0.212188 78.0092 
-0.226732 0.069281 0.97149 120.357 0.012322 0.997591 -0.0682666 -8.11655 -0.973879 -0.0035075 -0.227039 77.7497 
-0.242901 0.0672374 0.967718 121.537 0.00877393 0.997706 -0.0671188 -8.20611 -0.970011 -0.00781255 -0.242934 77.4782 
-0.258669 0.0616818 0.963995 122.717 0.00325584 0.998009 -0.0629847 -8.29724 -0.965961 -0.0131535 -0.258355 77.1843 
-0.274373 0.0577068 0.95989 123.887 -0.000657552 0.998186 -0.0601971 -8.38428 -0.961623 -0.0171476 -0.273838 76.8743 
-0.28917 0.0593235 0.955438 125.051 -0.00215391 0.998035 -0.0626204 -8.46785 -0.957275 -0.0201659 -0.288474 76.5416 
-0.303419 0.0612316 0.950888 126.203 -0.00266191 0.997875 -0.0651067 -8.54926 -0.952853 -0.0222858 -0.302611 76.1919 
-0.317197 0.0632837 0.946246 127.357 -0.00115432 0.997745 -0.0671149 -8.64135 -0.948359 -0.0223809 -0.316408 75.82 
-0.331364 0.0634611 0.941366 128.502 0.00122914 0.997764 -0.0668305 -8.72792 -0.943502 -0.0209881 -0.330701 75.4313 
-0.345139 0.0612949 0.936548 129.642 0.000784303 0.997884 -0.0650202 -8.82073 -0.938551 -0.0217064 -0.344457 75.0267 
-0.359614 0.0598927 0.931177 130.767 0.000317708 0.997946 -0.0640646 -8.90977 -0.933101 -0.0227427 -0.358895 74.61 
-0.374411 0.0614602 0.925224 131.887 -0.00122586 0.997767 -0.0667752 -8.99411 -0.927262 -0.0261356 -0.3735 74.1795 
-0.389014 0.0636241 0.919032 132.986 -0.000426159 0.9976 -0.0692438 -9.08205 -0.921232 -0.0273284 -0.388053 73.7279 
-0.403601 0.0652937 0.912602 134.084 0.000592193 0.997469 -0.0711038 -9.17228 -0.914935 -0.0281571 -0.402618 73.255 
-0.417972 0.0679793 0.905913 135.179 0.00345477 0.997308 -0.0732437 -9.2668 -0.908453 -0.027484 -0.417081 72.759 
-0.432716 0.0714314 0.898696 136.272 0.0029846 0.996964 -0.077805 -9.3613 -0.901525 -0.0309852 -0.431615 72.2498 
-0.447605 0.0738474 0.891177 137.352 0.00440388 0.996754 -0.0803842 -9.46129 -0.894221 -0.0320557 -0.446477 71.7192 
-0.462906 0.0712577 0.883538 138.442 0.00302504 0.996885 -0.0788143 -9.56142 -0.886402 -0.0338109 -0.46168 71.1729 
-0.478991 0.0669484 0.875263 139.537 0.000272238 0.997099 -0.0761186 -9.66436 -0.87782 -0.0362218 -0.477619 70.6035 
-0.495095 0.0670458 0.866248 140.612 -0.000608328 0.996991 -0.0775128 -9.76041 -0.868839 -0.0389031 -0.493564 70.015 
-0.511257 0.0661607 0.856878 141.679 -0.00199882 0.996938 -0.0781677 -9.85853 -0.859426 -0.0416765 -0.509559 69.4069 
-0.527005 0.0651334 0.847362 142.735 -0.00281234 0.99692 -0.0783784 -9.9594 -0.849857 -0.0436889 -0.525199 68.775 
-0.542897 0.0646666 0.837306 143.78 -0.00420125 0.996809 -0.0797094 -10.0635 -0.839789 -0.0467917 -0.540893 68.1325 
-0.558461 0.0638893 0.827067 144.825 -0.00468626 0.996771 -0.080163 -10.1687 -0.829517 -0.0486438 -0.556358 67.4602 
-0.573954 0.0611492 0.816601 145.86 -0.00514233 0.996919 -0.0782662 -10.2738 -0.818871 -0.0491204 -0.571871 66.7655 
-0.589312 0.0577352 0.80584 146.886 -0.00503222 0.997162 -0.0751228 -10.3776 -0.80789 -0.0483259 -0.587349 66.0476 
-0.604373 0.0562429 0.794714 147.9 -0.00394753 0.997281 -0.0735809 -10.4775 -0.796692 -0.0476074 -0.602507 65.3068 
-0.619255 0.0544704 0.783298 148.9 -0.00483893 0.997307 -0.0731781 -10.5793 -0.785175 -0.0491063 -0.617324 64.545 
-0.634367 0.0556003 0.771029 149.893 -0.00616782 0.997014 -0.0769711 -10.6826 -0.773007 -0.0535835 -0.63213 63.7618 
-0.649863 0.0551647 0.758047 150.878 -0.0085331 0.99677 -0.0798525 -10.7835 -0.760004 -0.0583616 -0.647293 62.9561 
-0.665995 0.0518439 0.744152 151.853 -0.0103523 0.996843 -0.0787136 -10.8908 -0.745884 -0.0601265 -0.663356 62.1291 
-0.682641 0.0443494 0.729407 152.831 -0.0140954 0.997172 -0.0738217 -10.9929 -0.730618 -0.0606749 -0.680085 61.2684 
-0.699781 0.0417937 0.713134 153.766 -0.0151286 0.997196 -0.0732868 -11.0956 -0.714197 -0.0620734 -0.697187 60.3922 
-0.717307 0.0391961 0.695653 154.676 -0.0169571 0.997139 -0.0736681 -11.1947 -0.69655 -0.064639 -0.71459 59.4919 
-0.734877 0.0354475 0.677273 155.578 -0.0203585 0.99703 -0.0742733 -11.2917 -0.677894 -0.06837 -0.731973 58.5446 
-0.751686 0.0332364 0.658683 156.447 -0.0203194 0.997088 -0.0735003 -11.398 -0.659208 -0.0686331 -0.748822 57.5894 
-0.767777 0.035482 0.639734 157.284 -0.0180424 0.996872 -0.0769437 -11.5003 -0.640463 -0.0706179 -0.764735 56.6203 
-0.783214 0.0347587 0.62078 158.103 -0.0149651 0.997093 -0.0747102 -11.6056 -0.621572 -0.0678041 -0.780417 55.6282 
-0.798442 0.0358275 0.601005 158.927 -0.0112659 0.997164 -0.0744104 -11.7112 -0.601967 -0.0661833 -0.795774 54.6046 
-0.813068 0.0367856 0.581005 159.689 -0.00979477 0.996996 -0.0768306 -11.8216 -0.582086 -0.0681593 -0.810265 53.5684 
-0.82706 0.0384668 0.560796 160.432 -0.00864975 0.996667 -0.0811212 -11.9325 -0.562047 -0.0719428 -0.82397 52.5213 
-0.840359 0.038814 0.540638 161.15 -0.00610028 0.996692 -0.0810377 -12.0444 -0.541996 -0.0713988 -0.837343 51.4456 
-0.852244 0.0367444 0.521852 161.841 -0.00509902 0.996899 -0.0785205 -12.1561 -0.52312 -0.0695795 -0.849414 50.345 
-0.863042 0.0383304 0.503676 162.5 -0.00250997 0.996779 -0.080157 -12.2683 -0.505126 -0.070443 -0.860166 49.2577 
-0.872787 0.0409508 0.486381 163.144 0.000130786 0.996494 -0.0836651 -12.3793 -0.488102 -0.0729582 -0.869732 48.1571 
-0.881847 0.038869 0.469931 163.772 -0.00143122 0.996371 -0.0850978 -12.4986 -0.471534 -0.0757158 -0.878591 47.0052 
-0.890402 0.0361688 0.453735 164.398 -0.00263032 0.996412 -0.0845891 -12.6175 -0.455167 -0.0765118 -0.887113 45.8433 
-0.898006 0.033947 0.438672 165.007 -0.00370904 0.9964 -0.0846999 -12.7435 -0.439968 -0.077688 -0.894646 44.6937 
-0.904927 0.0318173 0.424376 165.589 -0.00442808 0.996443 -0.0841499 -12.8645 -0.425544 -0.0780287 -0.901567 43.5233 
-0.911326 0.0291678 0.41065 166.137 -0.00565091 0.996507 -0.0833209 -12.9816 -0.411646 -0.0782531 -0.907978 42.3548 
-0.917349 0.0237514 0.397375 166.676 -0.00870478 0.996783 -0.0796737 -13.0972 -0.397989 -0.0765476 -0.914191 41.186 
-0.922529 0.0205277 0.385381 167.187 -0.0096074 0.997053 -0.0761075 -13.2132 -0.385808 -0.0739139 -0.919614 40.0211 
-0.927167 0.0207576 0.374074 167.698 -0.00712812 0.997306 -0.0730089 -13.3194 -0.374581 -0.0703578 -0.924521 38.8329 
-0.930414 0.0248237 0.365668 168.181 -0.00286869 0.99718 -0.0749938 -13.4191 -0.366498 -0.0708243 -0.927719 37.64 
-0.93274 0.0298319 0.359314 168.652 0.00240645 0.997064 -0.0765341 -13.5238 -0.360542 -0.0705218 -0.930073 36.4463 
-0.934691 0.0331229 0.353915 169.113 0.00534517 0.996846 -0.0791783 -13.6279 -0.355421 -0.0721155 -0.93192 35.2606 
-0.936524 0.0302282 0.349299 169.577 0.00306488 0.996944 -0.0780579 -13.7369 -0.350591 -0.0720325 -0.933754 34.0713 
-0.938415 0.0228598 0.344753 170.045 -0.00308883 0.997214 -0.0745309 -13.8439 -0.345496 -0.0710058 -0.93573 32.8713 
-0.940262 0.0166449 0.340043 170.51 -0.00857696 0.997329 -0.0725349 -13.9528 -0.340342 -0.0711184 -0.937608 31.6607 
-0.941886 0.0103849 0.335771 170.972 -0.0153524 0.997147 -0.073906 -14.0571 -0.335581 -0.0747659 -0.93904 30.4486 
-0.943275 0.00817658 0.331911 171.425 -0.018337 0.996888 -0.0766713 -14.162 -0.331505 -0.0784084 -0.94019 29.2472 
-0.943921 0.0086655 0.330058 171.863 -0.0184208 0.996716 -0.0788491 -14.2708 -0.329658 -0.0805072 -0.940661 28.0356 
-0.944245 0.00962292 0.329103 172.303 -0.0180212 0.996564 -0.080845 -14.381 -0.32875 -0.0822683 -0.940827 26.8346 
-0.944296 0.0121484 0.328873 172.743 -0.0159837 0.996446 -0.0827024 -14.4931 -0.328709 -0.0833521 -0.940746 25.636 
-0.943932 0.0133813 0.329867 173.183 -0.0153177 0.996327 -0.0842491 -14.6108 -0.329783 -0.0845783 -0.94026 24.4311 
-0.943564 0.0144513 0.330875 173.626 -0.0148834 0.996188 -0.0859527 -14.7295 -0.330856 -0.0860264 -0.939752 23.2219 
-0.942957 0.0159608 0.332532 174.07 -0.013217 0.996268 -0.0852981 -14.8519 -0.332653 -0.0848275 -0.939226 22.0151 
-0.942166 0.0153026 0.334797 174.514 -0.0142551 0.996223 -0.0856506 -14.9715 -0.334843 -0.0854696 -0.93839 20.8161 
-0.941119 0.0137684 0.337793 174.969 -0.0162833 0.996165 -0.0859702 -15.0881 -0.337682 -0.0864086 -0.937286 19.6481 
-0.939259 0.0124457 0.342984 175.418 -0.0172951 0.996356 -0.0835169 -15.2075 -0.342774 -0.0843759 -0.935621 18.448 
-0.937333 0.00968274 0.348299 175.881 -0.0198668 0.996502 -0.0811679 -15.3167 -0.347867 -0.083001 -0.933863 17.2698 
-0.93467 0.0075048 0.355437 176.35 -0.0217525 0.996697 -0.0782456 -15.4306 -0.35485 -0.0808654 -0.931419 16.0786 
-0.931853 0.00990592 0.3627 176.819 -0.0198031 0.996749 -0.0781012 -15.5398 -0.362295 -0.0799614 -0.928627 14.904 
-0.928488 0.010477 0.371214 177.302 -0.0198927 0.996764 -0.0778885 -15.6486 -0.370829 -0.079703 -0.925275 13.7342 
-0.924604 0.0134326 0.380692 177.794 -0.0185724 0.9966 -0.0802725 -15.7566 -0.380476 -0.0812906 -0.921211 12.5697 
-0.920206 0.0148269 0.391154 178.297 -0.0175104 0.996723 -0.0789752 -15.869 -0.391043 -0.0795227 -0.91693 11.423 
-0.915242 0.0165044 0.402567 178.823 -0.0173144 0.996626 -0.0802241 -15.9817 -0.402533 -0.0803947 -0.911868 10.2825 
-0.90939 0.0186725 0.415525 179.367 -0.0166676 0.996553 -0.08126 -16.0915 -0.41561 -0.0808228 -0.905945 9.12289 
-0.903229 0.0210378 0.428642 179.924 -0.0154251 0.996561 -0.0814149 -16.1995 -0.428881 -0.0801481 -0.899798 7.97767 
-0.897042 0.0198154 0.4415 180.499 -0.016687 0.996763 -0.0786414 -16.315 -0.441629 -0.077912 -0.893808 6.85422 
-0.890472 0.0226435 0.454474 181.088 -0.0150225 0.996754 -0.0790963 -16.4228 -0.454789 -0.0772604 -0.887241 5.72994 
-0.883585 0.0248326 0.467612 181.686 -0.0132266 0.996871 -0.0779316 -16.5314 -0.468084 -0.075044 -0.880492 4.62454 
-0.876213 0.026062 0.481218 182.301 -0.0117866 0.997079 -0.0754616 -16.6453 -0.481779 -0.0717924 -0.873347 3.52865 
-0.868651 0.0278301 0.494643 182.925 -0.00926558 0.997334 -0.0723844 -16.7512 -0.495339 -0.0674599 -0.866077 2.46546 
-0.86026 0.0309233 0.508916 183.569 -0.00606645 0.997467 -0.0708639 -16.851 -0.509819 -0.0640487 -0.857894 1.38483 
-0.850818 0.0345511 0.524323 184.227 -0.00233781 0.997577 -0.0695306 -16.9515 -0.525455 -0.0603837 -0.848676 0.316444 
-0.840282 0.0371447 0.540876 184.917 -7.89033e-05 0.997642 -0.0686358 -17.0446 -0.54215 -0.0577161 -0.838297 -0.736296 
-0.829481 0.0398832 0.557109 185.612 0.00277148 0.997729 -0.0673006 -17.1449 -0.558528 -0.0542805 -0.827708 -1.74813 
-0.818161 0.0418369 0.573466 186.326 0.00400872 0.99774 -0.0670705 -17.2367 -0.574976 -0.0525755 -0.816479 -2.75169 
-0.806203 0.0438126 0.590014 187.066 0.00517194 0.997738 -0.0670219 -17.3275 -0.591616 -0.0509817 -0.804606 -3.74516 
-0.793349 0.0464043 0.606996 187.819 0.00721887 0.997737 -0.0668411 -17.416 -0.608725 -0.0486465 -0.791889 -4.71793 
-0.779538 0.0468422 0.624601 188.579 0.00917328 0.997946 -0.0633928 -17.5233 -0.626287 -0.0436874 -0.778367 -5.65936 
-0.76464 0.0482642 0.642648 189.359 0.0115439 0.998057 -0.061221 -17.6157 -0.644354 -0.0393933 -0.763712 -6.56904 
-0.748018 0.0512087 0.6617 190.171 0.0134157 0.997982 -0.0620677 -17.7037 -0.663543 -0.0375506 -0.747195 -7.47235 
-0.730841 0.0542388 0.680389 190.994 0.014266 0.997834 -0.0642208 -17.7891 -0.682398 -0.0372288 -0.730032 -8.34707 
-0.713184 0.0547123 0.698839 191.835 0.0133668 0.997829 -0.0644792 -17.878 -0.70085 -0.0366443 -0.712367 -9.18777 
-0.694811 0.0547938 0.717102 192.697 0.0129102 0.997883 -0.0637394 -17.9706 -0.719077 -0.0350288 -0.694047 -9.99292 
-0.674578 0.0545243 0.736187 193.578 0.0116121 0.997929 -0.0632695 -18.0584 -0.738112 -0.0341315 -0.673814 -10.7973 
-0.653626 0.0548905 0.754825 194.474 0.00940525 0.997878 -0.064421 -18.1435 -0.756759 -0.0350079 -0.652755 -11.5752 
-0.632343 0.0548235 0.772746 195.401 0.00667397 0.997841 -0.0653319 -18.2243 -0.774659 -0.0361549 -0.631344 -12.3285 
-0.611081 0.0548789 0.789664 196.335 0.00573962 0.997875 -0.0649073 -18.3117 -0.791547 -0.0351312 -0.610097 -13.0354 
-0.588154 0.0548201 0.806889 197.297 0.00582404 0.997961 -0.0635564 -18.3986 -0.808728 -0.0326816 -0.587274 -13.7329 
-0.564262 0.0554314 0.823733 198.265 0.00552776 0.997975 -0.0633702 -18.4849 -0.825577 -0.031204 -0.563426 -14.3831 
-0.539177 0.0584306 0.840163 199.242 0.00695033 0.997865 -0.0649379 -18.5688 -0.842164 -0.0291736 -0.538432 -14.996 
-0.512092 0.0593263 0.856879 200.252 0.00621094 0.997841 -0.065374 -18.6474 -0.858908 -0.0281555 -0.511355 -15.5976 
-0.484618 0.0580954 0.872794 201.291 0.00483186 0.997955 -0.0637436 -18.7361 -0.874712 -0.026674 -0.483908 -16.1684 
-0.456418 0.0563938 0.887977 202.341 0.00276481 0.998074 -0.0619649 -18.8151 -0.889761 -0.0258268 -0.455695 -16.703 
-0.426969 0.0578729 0.902413 203.387 0.00219244 0.998013 -0.0629666 -18.8903 -0.904264 -0.0249063 -0.426247 -17.1864 
-0.395887 0.060388 0.916312 204.463 0.0021839 0.997894 -0.0648211 -18.9721 -0.918297 -0.0236607 -0.395185 -17.6507 
-0.363623 0.0621524 0.92947 205.532 0.00441267 0.997875 -0.0650003 -19.0538 -0.931536 -0.0195341 -0.363125 -18.0831 
-0.331797 0.0616145 0.941336 206.589 0.00722615 0.998001 -0.0627765 -19.1577 -0.943323 -0.0140268 -0.331579 -18.4513 
-0.298688 0.0616934 0.952354 207.708 0.00659895 0.998018 -0.0625819 -19.2376 -0.954328 -0.0124079 -0.298503 -18.7994 
-0.265394 0.0607075 0.962227 208.827 0.00732574 0.998114 -0.0609511 -19.318 -0.964112 -0.00912701 -0.265338 -19.0995 
-0.230965 0.0586082 0.971195 209.955 0.00748124 0.998261 -0.0584625 -19.4042 -0.972933 -0.00623703 -0.231002 -19.3673 
-0.196181 0.0572326 0.978896 211.093 0.00816094 0.998356 -0.0567349 -19.4858 -0.980534 -0.00314156 -0.196325 -19.5946 
-0.16116 0.0570421 0.985278 212.23 0.00865769 0.998372 -0.0563841 -19.5614 -0.98689 -0.000556611 -0.161391 -19.7755 
-0.125604 0.0561997 0.990487 213.374 0.0092547 0.998417 -0.0554761 -19.6405 -0.992037 0.00219866 -0.125925 -19.9185 
-0.0897577 0.0563102 0.99437 214.537 0.0094584 0.998404 -0.0556849 -19.7133 -0.995919 0.00440701 -0.090147 -20.0234 
-0.0549623 0.0573244 0.996841 215.664 0.00739377 0.998347 -0.0570034 -19.781 -0.998461 0.00423738 -0.0552953 -20.0774 
-0.0202861 0.0567153 0.998184 216.818 0.00688228 0.998374 -0.0565863 -19.8575 -0.99977 0.00572187 -0.0206434 -20.0985 
0.0136737 0.0555007 0.998365 217.972 0.00593461 0.998436 -0.055586 -19.9369 -0.999889 0.00668498 0.0133229 -20.0828 
0.0464705 0.0558864 0.997355 219.107 0.00471254 0.99841 -0.0561652 -20.0125 -0.998908 0.0073101 0.0461332 -20.0191 
0.0794704 0.0555695 0.995287 220.253 0.00567898 0.998403 -0.056197 -20.0856 -0.996821 0.0101182 0.079028 -19.9283 
0.111703 0.0533103 0.992311 221.423 0.00684102 0.998495 -0.0544128 -20.1587 -0.993718 0.0128665 0.11117 -19.7946 
0.142782 0.0522061 0.988376 222.568 0.00774413 0.998518 -0.0538606 -20.2325 -0.989724 0.0153445 0.142166 -19.6281 
0.172925 0.052172 0.983552 223.72 0.00911522 0.998468 -0.0545659 -20.3049 -0.984893 0.0184011 0.172185 -19.4221 
0.203048 0.0517729 0.977799 224.86 0.0108554 0.998421 -0.0551191 -20.377 -0.979108 0.0218062 0.202166 -19.1843 
0.233306 0.0508792 0.971071 226.011 0.0135613 0.998363 -0.0555675 -20.448 -0.972309 0.0261332 0.232234 -18.9062 
0.263357 0.0488881 0.963459 227.163 0.0161254 0.998352 -0.0550665 -20.526 -0.964563 0.0300383 0.262135 -18.5926 
0.293244 0.0472721 0.954868 228.285 0.0183189 0.998316 -0.0550489 -20.5999 -0.955862 0.0336349 0.291884 -18.2446 
0.322652 0.0469373 0.945353 229.394 0.0206463 0.998183 -0.056607 -20.6715 -0.946292 0.0377824 0.321097 -17.8646 
0.351293 0.0456941 0.93515 230.476 0.0216796 0.998143 -0.0569163 -20.752 -0.936014 0.040268 0.34965 -17.4598 
0.379179 0.0440481 0.924274 231.564 0.0220366 0.998153 -0.0566095 -20.827 -0.925061 0.041833 0.377508 -17.008 
0.407251 0.0432553 0.912291 232.651 0.0219126 0.998127 -0.0571071 -20.9027 -0.913053 0.0432476 0.40554 -16.5199 
0.435571 0.0446573 0.899046 233.718 0.0226595 0.997908 -0.0605463 -20.9788 -0.899869 0.0467442 0.433648 -16.0007 
0.463507 0.0455256 0.884923 234.767 0.0238824 0.997675 -0.0638355 -21.0605 -0.885771 0.0507223 0.461341 -15.4509 
0.490741 0.0438116 0.870203 235.804 0.0249616 0.997618 -0.0643034 -21.1454 -0.870948 0.0532779 0.488479 -14.8727 
0.517693 0.0411062 0.854578 236.83 0.025587 0.997654 -0.0634888 -21.2336 -0.855184 0.0547338 0.515427 -14.2602 
0.542743 0.0388846 0.838998 237.825 0.0250263 0.997735 -0.062431 -21.3188 -0.839526 0.0548809 0.540541 -13.614 
0.565747 0.0389182 0.82366 238.807 0.0235787 0.997713 -0.063338 -21.4063 -0.824241 0.0552541 0.563536 -12.9336 
0.586576 0.0387186 0.808968 239.785 0.022312 0.997705 -0.0639303 -21.4918 -0.809586 0.0555497 0.584366 -12.2163 
0.60633 0.0371565 0.794344 240.754 0.0215501 0.997773 -0.0631216 -21.5815 -0.794921 0.0553907 0.604179 -11.4733 
0.624642 0.0344588 0.780151 241.702 0.0214119 0.997894 -0.0612204 -21.6669 -0.780618 0.0549453 0.622589 -10.7057 
0.641993 0.0311226 0.766079 242.641 0.0226487 0.99797 -0.0595237 -21.7512 -0.766376 0.0555645 0.639985 -9.91868 
0.658635 0.0287701 0.751912 243.587 0.0234598 0.997998 -0.0587356 -21.8277 -0.752097 0.056325 0.656642 -9.1036 
0.674161 0.0267518 0.7381 244.491 0.0250096 0.997944 -0.0590129 -21.9051 -0.738161 0.0582437 0.672106 -8.27424 
0.689339 0.0262274 0.723964 245.37 0.0246957 0.997913 -0.0596666 -21.9863 -0.724018 0.0590093 0.687252 -7.42774 
0.704164 0.0249921 0.709597 246.244 0.025133 0.997877 -0.0600861 -22.0645 -0.709592 0.0601448 0.702041 -6.5512 
0.718744 0.0225941 0.694907 247.104 0.0246083 0.998019 -0.057902 -22.146 -0.694839 0.0587172 0.716765 -5.65414 
0.732884 0.0194103 0.680077 247.946 0.0252192 0.998131 -0.0556657 -22.2336 -0.679886 0.0579475 0.731025 -4.73216 
0.746675 0.0176591 0.664954 248.768 0.0256103 0.998143 -0.0552654 -22.3116 -0.664696 0.0582949 0.744836 -3.79535 
0.759937 0.0174592 0.649762 249.568 0.0262295 0.998001 -0.0574936 -22.3876 -0.649467 0.0607344 0.75796 -2.84373 
0.772139 0.0168158 0.635231 250.35 0.0263115 0.997946 -0.0584 -22.4673 -0.634909 0.0618067 0.770111 -1.87347 
0.783693 0.0160094 0.620942 251.117 0.0256896 0.997977 -0.0581532 -22.5479 -0.620617 0.0615259 0.781696 -0.884554 
0.794521 0.0132656 0.607092 251.874 0.0261904 0.998082 -0.0560855 -22.6295 -0.606672 0.0604611 0.79265 0.123899 
0.805167 0.0105979 0.592954 252.623 0.027527 0.998095 -0.0552178 -22.7106 -0.592409 0.0607817 0.803341 1.14836 
0.814811 0.0101006 0.579639 253.345 0.0273706 0.998063 -0.0558675 -22.7904 -0.579081 0.0613865 0.812956 2.18718 
0.823684 0.00751012 0.566999 254.057 0.0309239 0.997829 -0.0581402 -22.8692 -0.566205 0.0654229 0.821664 3.23904 
0.832057 0.00479987 0.55467 254.76 0.0323335 0.997842 -0.0571384 -22.9509 -0.553747 0.0654768 0.830106 4.30498 
0.839449 0.00137295 0.543436 255.442 0.0351452 0.997766 -0.05681 -23.0317 -0.5423 0.0667882 0.837526 5.37753 
0.846267 -0.000266013 0.532759 256.121 0.036301 0.997704 -0.0571647 -23.1122 -0.531521 0.0677163 0.844334 6.47574 
0.85173 -0.00194609 0.523978 256.795 0.0371141 0.997705 -0.0566238 -23.1943 -0.522665 0.0676751 0.849848 7.59052 
0.855561 -0.0026349 0.517695 257.458 0.0363879 0.99782 -0.0550574 -23.2752 -0.516422 0.0659428 0.853792 8.71827 
0.858147 -0.00341318 0.513392 258.115 0.0361668 0.997895 -0.0538197 -23.357 -0.512128 0.0647529 0.856465 9.86503 
0.860696 -0.00497406 0.509095 258.773 0.0374035 0.997868 -0.0534865 -23.4353 -0.507743 0.0650775 0.859047 11.0003 
0.863025 -0.00627759 0.505122 259.429 0.0382035 0.99787 -0.0528713 -23.5148 -0.503714 0.0649266 0.861427 12.1474 
0.865181 -0.00824935 0.501392 260.087 0.0390522 0.997936 -0.050968 -23.5888 -0.499937 0.0636769 0.863718 13.3049 
0.867345 -0.0100286 0.497606 260.763 0.0405036 0.997903 -0.050488 -23.6608 -0.496056 0.0639454 0.865932 14.4891 
0.869614 -0.0107713 0.493615 261.424 0.0413399 0.99784 -0.0510556 -23.7344 -0.491999 0.0648046 0.86818 15.6662 
0.871776 -0.0120491 0.489756 262.065 0.0421587 0.997834 -0.0504947 -23.8122 -0.488087 0.0646674 0.870396 16.8331 
0.874156 -0.0117662 0.485502 262.747 0.0414787 0.997862 -0.0505002 -23.8914 -0.48387 0.0642831 0.872776 18.0423 
0.876303 -0.0123201 0.481602 263.404 0.0416304 0.99787 -0.0502222 -23.9749 -0.479958 0.0640592 0.87495 19.2372 
0.878245 -0.0118125 0.478065 264.035 0.0406791 0.997917 -0.0500736 -24.0552 -0.476477 0.0634241 0.876896 20.4257 
0.879974 -0.0120463 0.47487 264.726 0.0405571 0.997933 -0.0498407 -24.1459 -0.473288 0.0631178 0.878643 21.6614 
