1 2.12261e-08 -2.11895e-08 0 2.12261e-08 1 2.10703e-08 0 -2.11895e-08 2.10703e-08 1 0 
1 -0.000411252 -2.55153e-05 -0.0217507 0.000411326 0.999999 0.00126889 -0.0141969 2.4951e-05 -0.00126886 0.999999 1.35378 
0.999999 -0.00136349 -0.000165323 -0.0555997 0.00136373 0.999998 0.00123245 -0.0313883 0.0001636 -0.00123263 0.999999 2.69635 
0.999996 -0.00286174 -0.000329252 -0.0716302 0.00286181 0.999996 8.10076e-05 -0.0497847 0.000328976 -8.19074e-05 1 4.05386 
0.999995 -0.0031075 -0.000226936 -0.091641 0.00310756 0.999995 8.74276e-05 -0.0667988 0.000226621 -8.80902e-05 1 5.40993 
0.999993 -0.00372688 -0.000189663 -0.115891 0.00372711 0.999993 0.00100408 -0.0867585 0.000185878 -0.00100474 1 6.75569 
0.999986 -0.00521177 0.000258809 -0.139364 0.00521123 0.999984 0.00219598 -0.106057 -0.000270292 -0.00219456 0.999998 8.10477 
0.999989 -0.00477345 0.000278663 -0.168785 0.00477274 0.999985 0.00264611 -0.125133 -0.000291333 -0.00264471 0.999997 9.44705 
0.999992 -0.00402336 -0.000207515 -0.187472 0.00402354 0.999992 0.000694907 -0.140069 0.000204675 -0.000695694 1 10.8256 
0.999999 -0.00122624 -4.296e-05 -0.217091 0.00122622 0.999998 -0.00159112 -0.159178 4.48687e-05 0.00159111 0.999999 12.1823 
0.999997 0.00226088 0.000680584 -0.255744 -0.00225909 0.999994 -0.00254522 -0.182226 -0.000686376 0.00254372 0.999997 13.5276 
0.999988 0.00487922 0.00105233 -0.291582 -0.00487633 0.999985 -0.00269093 -0.207129 -0.00106549 0.00268581 0.999996 14.8765 
0.999982 0.00589799 0.00133182 -0.315977 -0.00589529 0.999981 -0.00198423 -0.227621 -0.00134354 0.00197639 0.999997 16.2522 
0.999993 0.00339012 0.00140259 -0.321196 -0.00339122 0.999994 0.000813203 -0.246757 -0.00139987 -0.000817912 0.999999 17.6263 
0.999999 -0.000573044 0.00162629 -0.340075 0.000568811 0.999996 0.00262802 -0.267456 -0.00162783 -0.00262705 0.999995 18.9955 
0.999995 -0.00288767 0.00129763 -0.355448 0.00288733 0.999996 0.00029198 -0.287051 -0.00129851 -0.00028819 0.999999 20.3607 
0.999991 -0.00398804 0.00116995 -0.375434 0.00399021 0.99999 -0.00182055 -0.305935 -0.00116272 0.00182525 0.999998 21.7232 
0.999997 -0.00162785 0.00191393 -0.401616 0.00163415 0.999993 -0.00327489 -0.332605 -0.00190863 0.00327805 0.999993 23.0865 
0.999995 0.00100602 0.00293981 -0.430975 -0.00100185 0.999999 -0.00140631 -0.352236 -0.00294126 0.0014034 0.999995 24.4599 
0.999993 0.00158686 0.0033829 -0.452059 -0.00159364 0.999997 0.00201417 -0.370581 -0.00337973 -0.0020195 0.999992 25.8438 
0.999992 -0.000801088 0.0039392 -0.470788 0.000785373 0.999992 0.00400012 -0.390108 -0.00394241 -0.00399695 0.999984 27.2127 
0.999983 -0.00472978 0.00339977 -0.483586 0.00472235 0.999986 0.00220432 -0.408391 -0.00341019 -0.00218819 0.999992 28.5808 
0.999982 -0.00498943 0.00325162 -0.501849 0.00499042 0.999988 -0.000283382 -0.425566 -0.00325021 0.000299646 0.999995 29.9578 
0.999978 -0.00516821 0.00407099 -0.518629 0.00517929 0.999983 -0.00270458 -0.449588 -0.00405699 0.00272565 0.999988 31.3445 
0.999988 -0.00164856 0.00465621 -0.541 0.00166504 0.999992 -0.00352835 -0.47915 -0.0046504 0.0035361 0.999983 32.7308 
0.999988 -0.000601689 0.00489469 -0.559378 0.000629624 0.999984 -0.00569898 -0.504631 -0.00489122 0.00570203 0.999972 34.1239 
0.999987 0.000571536 0.00507316 -0.576517 -0.000544971 0.999986 -0.00522782 -0.531491 -0.00507612 0.00522502 0.999974 35.5251 
0.999987 0.000610497 0.00511118 -0.5963 -0.000590262 0.999992 -0.0039512 -0.561103 -0.00511359 0.00394817 0.999979 36.9238 
0.999986 0.00172177 0.00492477 -0.620449 -0.00170975 0.999996 -0.00243514 -0.588873 -0.00492899 0.00242672 0.999985 38.3239 
0.999975 0.00478612 0.00521962 -0.646781 -0.00477416 0.999986 -0.00229296 -0.611665 -0.00523056 0.00226803 0.999984 39.7442 
0.999955 0.00749607 0.00578226 -0.675261 -0.00747959 0.999968 -0.0028579 -0.633224 -0.00580354 0.00281456 0.999979 41.1677 
0.999935 0.00976275 0.0059796 -0.699964 -0.00974777 0.999949 -0.00252173 -0.657421 -0.00600396 0.00246332 0.999979 42.5881 
0.999927 0.0105653 0.00594475 -0.72093 -0.0105503 0.999941 -0.00253908 -0.680428 -0.00597127 0.00247622 0.999979 44.0142 
0.999938 0.00967208 0.0055507 -0.732642 -0.00965742 0.99995 -0.00265338 -0.707009 -0.00557612 0.00259965 0.999981 45.4525 
0.999947 0.00884831 0.00524141 -0.763686 -0.00883237 0.999956 -0.00304873 -0.730181 -0.0052682 0.00300232 0.999982 46.8865 
0.999955 0.00821482 0.00481582 -0.790404 -0.0082016 0.999963 -0.00275029 -0.757409 -0.00483827 0.00271071 0.999985 48.2903 
0.999955 0.0086126 0.00401393 -0.811699 -0.00860588 0.999962 -0.00167997 -0.781741 -0.00402829 0.00164539 0.999991 49.7163 
0.999949 0.00961921 0.00312498 -0.836889 -0.00961255 0.999952 -0.00212466 -0.804191 -0.00314531 0.00209455 0.999993 51.1309 
0.999947 0.0101165 0.00170915 -0.848974 -0.0101135 0.999947 -0.00175525 -0.829194 -0.00172686 0.00173791 0.999997 52.571 
0.999948 0.0101524 0.000533447 -0.864809 -0.0101519 0.999948 -0.00095161 -0.854865 -0.000543123 0.000946187 0.999999 54.0324 
0.99996 0.00889484 0.000113256 -0.896556 -0.00889478 0.99996 -0.000141498 -0.87417 -0.000114553 0.000140527 1 55.4737 
0.999971 0.00767257 -0.000293986 -0.917933 -0.00767255 0.999971 -5.38684e-05 -0.900467 0.000293522 5.61645e-05 1 56.9214 
0.999988 0.00484803 -0.000691871 -0.940781 -0.00484834 0.999988 -0.000512842 -0.928592 0.000689334 0.000516232 1 58.3595 
0.999991 0.0041447 -0.000681615 -0.966403 -0.00414484 0.999991 -0.000271147 -0.95388 0.000680443 0.000274012 1 59.8125 
0.999996 0.00293449 -1.31546e-05 -0.994746 -0.00293444 0.999996 0.000406408 -0.978831 1.43047e-05 -0.000406326 1 61.2485 
0.999998 0.00210669 0.000675789 -1.01979 -0.00210741 0.999997 0.00113296 -1.00746 -0.000673443 -0.00113434 0.999999 62.6862 
0.999999 0.000912496 0.00149184 -1.04629 -0.000913183 1 0.000488493 -1.03239 -0.00149143 -0.000489812 0.999999 64.1131 
0.999998 -0.000574372 0.00182174 -1.06343 0.000574995 1 -0.000318135 -1.05808 -0.0018216 0.000319225 0.999998 65.5363 
0.999997 0.000258435 0.00259168 -1.08729 -0.000256105 1 -0.000883034 -1.08251 -0.00259194 0.000882409 0.999996 66.9798 
0.999993 0.00178368 0.00331305 -1.10341 -0.00177984 0.999998 -0.00114647 -1.11083 -0.00331513 0.00114061 0.999994 68.4114 
0.999981 0.00481596 0.00395938 -1.13217 -0.0048162 0.999988 6.17934e-05 -1.13657 -0.00395908 -8.08194e-05 0.999992 69.8462 
0.999951 0.0085704 0.00503553 -1.15902 -0.00857582 0.999963 0.00106384 -1.15526 -0.00502626 -0.00110692 0.999987 71.2839 
0.999906 0.0123647 0.00586734 -1.18916 -0.0123728 0.999923 0.00134433 -1.17862 -0.0058503 -0.00141676 0.999982 72.6957 
0.999846 0.0163259 0.0065205 -1.20538 -0.0163326 0.999866 0.000983233 -1.202 -0.00650362 -0.00108954 0.999978 74.1095 
0.999777 0.0198833 0.00715558 -1.22614 -0.0198859 0.999802 0.00030795 -1.22935 -0.00714808 -0.000450135 0.999974 75.5221 
0.999737 0.0214775 0.00810095 -1.24915 -0.0214818 0.999769 0.000442061 -1.25683 -0.00808963 -0.000615925 0.999967 76.9237 
0.999724 0.0218572 0.00858278 -1.26547 -0.0218638 0.999761 0.000680583 -1.27902 -0.0085659 -0.000868006 0.999963 78.3295 
0.999746 0.0208249 0.00862475 -1.27429 -0.0208292 0.999783 0.000414988 -1.30545 -0.00861428 -0.000594488 0.999963 79.7351 
0.999777 0.0194354 0.00828674 -1.28481 -0.0194301 0.999811 -0.000722954 -1.32109 -0.00829926 0.000561823 0.999965 81.1759 
0.999782 0.0192298 0.00815833 -1.3029 -0.0192244 0.999815 -0.000736703 -1.34961 -0.00817103 0.000579745 0.999966 82.5955 
0.999788 0.0188445 0.00825407 -1.34134 -0.0188405 0.999822 -0.000559654 -1.37255 -0.00826319 0.000404067 0.999966 84.0051 
0.999796 0.0186257 0.00779907 -1.35392 -0.0186182 0.999826 -0.00103133 -1.39831 -0.00781697 0.000885953 0.999969 85.397 
0.9998 0.018594 0.00738498 -1.38285 -0.0185886 0.999827 -0.000784858 -1.42001 -0.00739834 0.000647465 0.999972 86.7971 
0.999818 0.0178917 0.00657781 -1.4056 -0.0178927 0.99984 9.93697e-05 -1.44528 -0.00657502 -0.000217005 0.999978 88.2052 
0.99986 0.0157132 0.00571868 -1.42503 -0.0157189 0.999876 0.000964496 -1.46595 -0.00570286 -0.00105421 0.999983 89.5911 
0.999901 0.01337 0.00438221 -1.43901 -0.0133765 0.999909 0.00147639 -1.48871 -0.00436212 -0.00153482 0.999989 90.9677 
0.999927 0.0114541 0.003766 -1.46007 -0.0114595 0.999933 0.00144647 -1.50783 -0.00374922 -0.00148948 0.999992 92.369 
0.999945 0.00986815 0.0035213 -1.48514 -0.00987166 0.999951 0.000993271 -1.53037 -0.00351137 -0.00102794 0.999993 93.7631 
0.999954 0.00903151 0.00338488 -1.50659 -0.00903353 0.999959 0.000595936 -1.55742 -0.0033794 -0.000626444 0.999994 95.1371 
0.999949 0.00950315 0.00343262 -1.53383 -0.00950302 0.999955 -4.111e-05 -1.5816 -0.0034329 8.52955e-06 0.999994 96.502 
0.99995 0.00938288 0.0035677 -1.55623 -0.00938064 0.999956 -0.000632274 -1.60528 -0.00357352 0.000598817 0.999993 97.8661 
0.99994 0.0102887 0.00388768 -1.58593 -0.0102839 0.999946 -0.00123578 -1.63303 -0.00390023 0.00119576 0.999992 99.2228 
0.999926 0.0114197 0.00423178 -1.61279 -0.0114158 0.999934 -0.00094069 -1.65729 -0.00424229 0.000892353 0.999991 100.596 
0.999916 0.0121652 0.00449907 -1.63355 -0.0121665 0.999926 0.000287668 -1.67915 -0.00449528 -0.00034234 0.99999 101.96 
0.999904 0.0129699 0.00488523 -1.66204 -0.0129781 0.999914 0.00166049 -1.70351 -0.00486332 -0.00172369 0.999987 103.33 
0.999907 0.0124567 0.00560394 -1.69957 -0.0124584 0.999922 0.000273305 -1.72941 -0.00560015 -0.000343054 0.999984 104.687 
0.999907 0.0123823 0.00578778 -1.71841 -0.0123696 0.999921 -0.00221927 -1.75065 -0.00581485 0.00214751 0.999981 106.044 
0.999914 0.0117066 0.00591584 -1.74188 -0.0116864 0.999926 -0.00342528 -1.77767 -0.00595555 0.00335589 0.999977 107.38 
0.999935 0.00948092 0.00630166 -1.76377 -0.00946762 0.999953 -0.0021306 -1.80191 -0.0063216 0.00207085 0.999978 108.73 
0.999949 0.00716947 0.00709435 -1.78323 -0.00716834 0.999974 -0.000178664 -1.82602 -0.00709549 0.000127842 0.999975 110.084 
0.999951 0.00554174 0.00817223 -1.79797 -0.00554468 0.999985 0.000342252 -1.84913 -0.00817025 -0.000387506 0.999967 111.429 
0.999949 0.00469549 0.00899032 -1.81134 -0.00468632 0.999989 -0.0010363 -1.87485 -0.00899512 0.000994153 0.999959 112.768 
0.999928 0.00689498 0.00985262 -1.82238 -0.00686103 0.99997 -0.003471 -1.90118 -0.0098763 0.00340319 0.999945 114.125 
0.999898 0.00907965 0.0110222 -1.83195 -0.00901761 0.999943 -0.00566115 -1.92542 -0.0110731 0.00556122 0.999923 115.474 
0.999846 0.0121458 0.0126478 -1.85102 -0.0120753 0.999911 -0.00563331 -1.95458 -0.0127151 0.00547976 0.999904 116.855 
0.999805 0.0135025 0.0144132 -1.8633 -0.0134495 0.999903 -0.00376496 -1.98322 -0.0144626 0.00357042 0.999889 118.215 
0.999784 0.0136783 0.0156663 -1.87032 -0.0136561 0.999906 -0.00151831 -2.01202 -0.0156856 0.00130408 0.999876 119.582 
0.999776 0.0132058 0.0165428 -1.87298 -0.0131878 0.999912 -0.00119107 -2.03576 -0.0165571 0.000972682 0.999862 120.923 
0.999752 0.013583 0.0176221 -1.8752 -0.0135553 0.999907 -0.00168694 -2.0613 -0.0176434 0.00144769 0.999843 122.259 
0.999698 0.0156412 0.0189713 -1.87899 -0.0156006 0.999876 -0.00228565 -2.0869 -0.0190048 0.00198903 0.999817 123.605 
0.999634 0.0178298 0.0203284 -1.88133 -0.0177758 0.999838 -0.0028315 -2.10739 -0.0203756 0.00246915 0.999789 124.98 
0.999593 0.0186004 0.0216222 -1.88655 -0.0185207 0.999821 -0.00387698 -2.13379 -0.0216905 0.00347499 0.999759 126.311 
0.999542 0.0198848 0.0228108 -1.89055 -0.0197794 0.999793 -0.00483669 -2.15683 -0.0229023 0.00438333 0.999728 127.682 
0.999523 0.0193135 0.0241011 -1.89035 -0.0191932 0.999802 -0.00521075 -2.18092 -0.024197 0.00474573 0.999696 129.059 
0.999505 0.018645 0.02536 -1.88912 -0.0185471 0.99982 -0.00409229 -2.20961 -0.0254318 0.00361995 0.99967 130.442 
0.999492 0.0176374 0.0265647 -1.89304 -0.0175569 0.999841 -0.00325866 -2.23403 -0.026618 0.00279065 0.999642 131.803 
0.999492 0.0167292 0.0271317 -1.88742 -0.0166569 0.999857 -0.0028881 -2.26144 -0.0271762 0.00243474 0.999628 133.154 
0.99952 0.0144852 0.0273827 -1.87832 -0.0144181 0.999893 -0.00264471 -2.29026 -0.0274181 0.00224867 0.999622 134.514 
0.999539 0.0131606 0.0273643 -1.86743 -0.0131095 0.999912 -0.00204216 -2.31449 -0.0273889 0.00168253 0.999623 135.871 
0.999553 0.0118217 0.0274434 -1.87423 -0.0117592 0.999928 -0.00243557 -2.33537 -0.0274703 0.00211181 0.99962 137.224 
0.999591 0.0105283 0.0266033 -1.86939 -0.0104605 0.999942 -0.00268568 -2.35659 -0.0266301 0.00240634 0.999643 138.584 
0.999628 0.00932756 0.0256333 -1.86222 -0.00928371 0.999955 -0.00182744 -2.38174 -0.0256492 0.00158883 0.99967 139.934 
0.999666 0.00785178 0.0246423 -1.84914 -0.00781219 0.999968 -0.0017008 -2.4044 -0.0246549 0.00150777 0.999695 141.306 
0.999699 0.00757561 0.0233402 -1.84288 -0.00753706 0.99997 -0.00173732 -2.42979 -0.0233527 0.00156092 0.999726 142.655 
0.999727 0.00747369 0.0221456 -1.83358 -0.00742052 0.999969 -0.00248014 -2.453 -0.0221635 0.00231517 0.999752 144.011 
0.999745 0.00761887 0.0212368 -1.83285 -0.00755971 0.999967 -0.00286249 -2.47781 -0.0212579 0.00270126 0.99977 145.362 
0.999771 0.00564088 0.0206654 -1.83111 -0.00553652 0.999972 -0.0051014 -2.50952 -0.0206936 0.00498586 0.999773 146.709 
0.999808 0.00023657 0.0196204 -1.81951 -0.000129773 0.999985 -0.00544208 -2.53827 -0.0196215 0.00543853 0.999793 148.073 
0.999797 -0.00761048 0.0186739 -1.80644 0.00766411 0.999967 -0.00279968 -2.57107 -0.018652 0.00294227 0.999822 149.42 
0.999756 -0.0141911 0.0169029 -1.79245 0.0142166 0.999898 -0.00138907 -2.59511 -0.0168815 0.00162908 0.999856 150.774 
0.999719 -0.0174919 0.0159766 -1.78336 0.0175699 0.999834 -0.00475294 -2.6243 -0.0158909 0.00503236 0.999861 152.128 
0.999725 -0.0167059 0.01647 -1.78778 0.0168379 0.999827 -0.00790477 -2.65387 -0.0163351 0.00817995 0.999833 153.48 
0.999758 -0.0133027 0.0175476 -1.79335 0.0134812 0.999858 -0.0100873 -2.68766 -0.017411 0.0103215 0.999795 154.834 
0.999742 -0.0132626 0.0184492 -1.79819 0.0134512 0.999858 -0.0101342 -2.72319 -0.0183123 0.0103798 0.999778 156.187 
0.999678 -0.0167003 0.0190892 -1.78521 0.0168292 0.999837 -0.00660704 -2.7606 -0.0189757 0.00692621 0.999796 157.56 
0.999576 -0.0216015 0.0195232 -1.77129 0.0216811 0.999757 -0.00387448 -2.78893 -0.0194348 0.00429617 0.999802 158.923 
0.99949 -0.0250575 0.0197926 -1.76285 0.0251136 0.999681 -0.00259098 -2.81535 -0.0197214 0.00308677 0.999801 160.27 
0.999444 -0.026729 0.0199475 -1.75627 0.026786 0.999638 -0.0025918 -2.84385 -0.0198711 0.00312471 0.999798 161.637 
0.999472 -0.0245483 0.0212797 -1.75687 0.0245963 0.999696 -0.00199465 -2.86828 -0.0212243 0.00251704 0.999772 162.992 
0.999533 -0.0204163 0.0227304 -1.75754 0.0204883 0.999786 -0.00293605 -2.89624 -0.0226657 0.00340043 0.999737 164.351 
0.999569 -0.0170411 0.0239071 -1.76095 0.0171639 0.999841 -0.0049398 -2.92884 -0.0238191 0.00534805 0.999702 165.697 
0.999603 -0.0135872 0.0246808 -1.74999 0.013733 0.999889 -0.00574709 -2.95341 -0.0246 0.0060838 0.999679 167.064 
0.999609 -0.0120435 0.0252294 -1.74617 0.012159 0.999916 -0.00442772 -2.98749 -0.025174 0.00473279 0.999672 168.428 
0.999632 -0.0101822 0.0251508 -1.73526 0.0103033 0.999936 -0.00468819 -3.0194 -0.0251015 0.00494564 0.999673 169.806 
0.999659 -0.00745889 0.0250224 -1.7282 0.00764605 0.999943 -0.00739058 -3.04728 -0.0249659 0.00757943 0.99966 171.173 
0.999688 -0.00368494 0.0247222 -1.72772 0.00393614 0.999941 -0.0101183 -3.0832 -0.0246835 0.0102125 0.999643 172.537 
0.999692 0.00120922 0.0248092 -1.74194 -0.000927603 0.999935 -0.0113578 -3.12051 -0.0248214 0.0113313 0.999628 173.921 
0.999665 0.00580052 0.0252191 -1.73832 -0.00553925 0.99993 -0.0104155 -3.15219 -0.0252778 0.0102724 0.999628 175.308 
0.999633 0.00830083 0.0257694 -1.73402 -0.00808582 0.999932 -0.0084351 -3.18937 -0.0258377 0.00822369 0.999632 176.701 
0.999621 0.0090394 0.0259947 -1.72706 -0.00887814 0.999941 -0.0063108 -3.22014 -0.0260502 0.00607767 0.999642 178.106 
0.999663 0.0056073 0.0253618 -1.71367 -0.00547578 0.999971 -0.00525051 -3.25357 -0.0253906 0.00510991 0.999665 179.507 
0.999717 0.00352782 0.0235399 -1.69882 -0.00340691 0.999981 -0.00517262 -3.28297 -0.0235577 0.00509099 0.99971 180.899 
0.99976 0.00327287 0.02165 -1.69261 -0.00306882 0.999951 -0.00944922 -3.31622 -0.0216799 0.00938056 0.999721 182.286 
0.99978 0.00563789 0.0202122 -1.691 -0.00535824 0.99989 -0.0138615 -3.34845 -0.0202881 0.0137502 0.9997 183.692 
0.999754 0.0104598 0.0195537 -1.69672 -0.0101736 0.999841 -0.0146799 -3.38345 -0.0197041 0.0144774 0.999701 185.106 
0.999713 0.0139984 0.0194202 -1.7019 -0.0137305 0.99981 -0.0138574 -3.42095 -0.0196106 0.0135868 0.999715 186.541 
0.999679 0.0157716 0.0198208 -1.71046 -0.015565 0.999823 -0.0105303 -3.45712 -0.0199834 0.0102185 0.999748 187.972 
0.999667 0.0162854 0.0200026 -1.70661 -0.0161153 0.999833 -0.0086371 -3.48783 -0.0201399 0.00831192 0.999763 189.416 
0.999673 0.0158012 0.0201252 -1.70438 -0.0156478 0.999848 -0.00775407 -3.51523 -0.0202447 0.00743666 0.999767 190.865 
0.999698 0.0138214 0.0203235 -1.70382 -0.0136795 0.999881 -0.00710183 -3.54551 -0.0204193 0.00682171 0.999768 192.305 
0.999727 0.0113982 0.0203877 -1.68854 -0.0112654 0.999915 -0.00661466 -3.57522 -0.0204614 0.00638322 0.99977 193.747 
0.999751 0.00882413 0.0205207 -1.68594 -0.00868673 0.999939 -0.00677328 -3.60197 -0.0205793 0.00659338 0.999767 195.178 
0.999766 0.00558295 0.0209145 -1.67533 -0.00546613 0.999969 -0.00563632 -3.63514 -0.0209454 0.00552072 0.999765 196.63 
0.999768 0.00152042 0.0214992 -1.66478 -0.00143208 0.999991 -0.00412201 -3.66231 -0.0215053 0.00409031 0.99976 198.084 
0.999764 -0.00123303 0.0216964 -1.6468 0.00132656 0.99999 -0.00429499 -3.69066 -0.0216909 0.0043228 0.999755 199.548 
0.999757 0.0010728 0.0220051 -1.64168 -0.000876493 0.99996 -0.00892651 -3.72018 -0.0220139 0.00890509 0.999718 200.991 
0.999716 0.00834867 0.022303 -1.63961 -0.00803349 0.999867 -0.0141823 -3.75488 -0.0224185 0.0139992 0.999651 202.427 
0.999566 0.0173807 0.0238041 -1.6532 -0.0170436 0.999753 -0.0142938 -3.79347 -0.0240467 0.013882 0.999614 203.868 
0.999386 0.0247125 0.0248528 -1.65876 -0.0244539 0.999644 -0.0106575 -3.83334 -0.0251074 0.0100432 0.999634 205.336 
0.999338 0.0256187 0.0258217 -1.65274 -0.0254047 0.99964 -0.00858082 -3.86959 -0.0260322 0.00791919 0.99963 206.797 
0.999401 0.0235346 0.0253724 -1.63915 -0.0233385 0.999696 -0.0079989 -3.90198 -0.025553 0.00740199 0.999646 208.263 
0.999495 0.0204241 0.0243419 -1.62427 -0.0202344 0.999763 -0.0080097 -3.93478 -0.0244998 0.00751315 0.999672 209.731 
0.99954 0.0190083 0.0236326 -1.61959 -0.018809 0.999786 -0.00862375 -3.96807 -0.0237916 0.00817532 0.999684 211.195 
0.999543 0.0194252 0.0231507 -1.61406 -0.0192206 0.999775 -0.00902225 -4.00712 -0.0233207 0.0085732 0.999691 212.66 
0.999511 0.0210119 0.0231469 -1.61062 -0.0208067 0.999742 -0.00906673 -4.04017 -0.0233314 0.00858073 0.999691 214.13 
0.999476 0.0224871 0.0232784 -1.61009 -0.0223007 0.999717 -0.0082337 -4.07601 -0.023457 0.0077103 0.999695 215.6 
0.999487 0.0220198 0.0232512 -1.60625 -0.0218223 0.999724 -0.0087112 -4.11438 -0.0234366 0.00819938 0.999692 217.077 
0.999507 0.0215289 0.0228445 -1.596 -0.0213108 0.999725 -0.00974596 -4.15132 -0.0230481 0.00925436 0.999692 218.55 
0.99952 0.0209895 0.022799 -1.59399 -0.020767 0.999735 -0.00995091 -4.18805 -0.0230018 0.00947271 0.999691 220.034 
0.999514 0.0213814 0.0226794 -1.59308 -0.0211538 0.999724 -0.0102264 -4.2201 -0.0228919 0.00974175 0.999691 221.538 
0.999506 0.0217572 0.0226739 -1.58929 -0.0215255 0.999714 -0.0104128 -4.26003 -0.022894 0.00991964 0.999689 223.032 
0.99951 0.0216819 0.022573 -1.58691 -0.0214495 0.999715 -0.0104838 -4.3003 -0.0227939 0.00999455 0.99969 224.526 
0.999491 0.0227978 0.0223068 -1.58384 -0.0225605 0.999687 -0.010834 -4.33665 -0.0225468 0.0103253 0.999693 226.022 
0.999502 0.0224582 0.0221491 -1.58576 -0.0222224 0.999694 -0.0108305 -4.37734 -0.0223856 0.010333 0.999696 227.514 
0.999492 0.0233046 0.0217193 -1.57408 -0.0230708 0.999674 -0.0109511 -4.4134 -0.0219675 0.0104445 0.999704 229.028 
0.999504 0.022798 0.0217306 -1.56787 -0.0225632 0.999685 -0.0109864 -4.45074 -0.0219743 0.0104907 0.999704 230.549 
0.999526 0.0215223 0.0220167 -1.56709 -0.021282 0.999712 -0.0110895 -4.49031 -0.0222491 0.0106157 0.999696 232.055 
0.999549 0.0203401 0.0220801 -1.56154 -0.0201038 0.999739 -0.0108668 -4.5276 -0.0222954 0.010418 0.999697 233.571 
0.999571 0.0189334 0.0223614 -1.55519 -0.018713 0.999775 -0.0100252 -4.5691 -0.0225462 0.00960253 0.9997 235.081 
0.99957 0.0188214 0.0224782 -1.54787 -0.0186064 0.99978 -0.00973484 -4.61101 -0.0226565 0.00931246 0.9997 236.601 
0.999561 0.0191991 0.0225535 -1.54317 -0.0189774 0.99977 -0.0100027 -4.64994 -0.0227404 0.00957032 0.999696 238.13 
0.999547 0.0195877 0.0228725 -1.53945 -0.019347 0.999756 -0.0106966 -4.68831 -0.0230765 0.0102493 0.999681 239.661 
0.999506 0.0208258 0.0235299 -1.53887 -0.0205908 0.999736 -0.0101809 -4.72624 -0.0237357 0.00969145 0.999671 241.187 
0.999488 0.0208527 0.0242679 -1.52834 -0.0206642 0.999755 -0.00799305 -4.76421 -0.0244287 0.00748752 0.999674 242.708 
0.999466 0.0210853 0.0249474 -1.51956 -0.0209008 0.999752 -0.0076303 -4.80245 -0.0251021 0.00710484 0.99966 244.216 
0.999441 0.021346 0.0257319 -1.5153 -0.0211129 0.999734 -0.00929395 -4.84094 -0.0259235 0.00874552 0.999626 245.744 
0.999419 0.0216307 0.0263305 -1.50525 -0.0213583 0.999716 -0.0105818 -4.88034 -0.026552 0.0100133 0.999597 247.271 
0.999387 0.022616 0.0267112 -1.49481 -0.022345 0.999696 -0.0103972 -4.91558 -0.0269383 0.00979403 0.999589 248.815 
0.9994 0.0219924 0.026773 -1.48761 -0.0217506 0.99972 -0.00928741 -4.95854 -0.0269698 0.00869955 0.999598 250.352 
0.999398 0.0222549 0.0266102 -1.47354 -0.0220253 0.999718 -0.00888941 -4.99657 -0.0268005 0.00829801 0.999606 251.892 
0.999385 0.0229532 0.0264943 -1.46412 -0.0227256 0.999703 -0.00885929 -5.03698 -0.0266899 0.00825179 0.99961 253.428 
0.999344 0.0244761 0.0267118 -1.45318 -0.0242514 0.999668 -0.00870133 -5.07491 -0.026916 0.00804786 0.999605 254.96 
0.999311 0.0256009 0.0268845 -1.44476 -0.0253794 0.999641 -0.00854905 -5.11791 -0.0270937 0.00786088 0.999602 256.514 
0.999294 0.0259127 0.0272087 -1.43695 -0.0256952 0.999635 -0.00831139 -5.15535 -0.0274141 0.00760643 0.999595 258.065 
0.999325 0.0244208 0.0274371 -1.42356 -0.0242075 0.999674 -0.00807798 -5.19439 -0.0276254 0.00740839 0.999591 259.604 
0.999366 0.0227158 0.0274181 -1.40567 -0.0225219 0.999719 -0.00736151 -5.2308 -0.0275777 0.00673938 0.999597 261.155 
0.999408 0.0205158 0.0276207 -1.3863 -0.0203376 0.999771 -0.00671324 -5.26585 -0.0277521 0.00614757 0.999596 262.71 
0.999443 0.01926 0.0272493 -1.3611 -0.0190667 0.999791 -0.00733276 -5.30394 -0.0273849 0.00680917 0.999602 264.262 
0.999462 0.0184259 0.0271515 -1.34899 -0.0182043 0.999799 -0.00838583 -5.34054 -0.0273006 0.00788708 0.999596 265.789 
0.999471 0.0167903 0.0278447 -1.33857 -0.0166121 0.99984 -0.00661896 -5.375 -0.0279514 0.00615294 0.99959 267.329 
0.999494 0.0146826 0.0282179 -1.31415 -0.014548 0.999882 -0.00496936 -5.40812 -0.0282875 0.00455638 0.999589 268.889 
0.999508 0.0138166 0.028144 -1.2957 -0.0136524 0.999889 -0.00601732 -5.43582 -0.0282241 0.00563017 0.999586 270.436 
0.999494 0.0135763 0.0287709 -1.27642 -0.0133775 0.999885 -0.00708867 -5.46913 -0.0288639 0.00670024 0.999561 271.998 
0.999449 0.0149108 0.0296688 -1.26543 -0.0146947 0.999864 -0.00748731 -5.50681 -0.0297765 0.00704725 0.999532 273.558 
0.999374 0.0172317 0.0308941 -1.25647 -0.0170046 0.999827 -0.00759828 -5.54706 -0.0310198 0.00706823 0.999494 275.094 
0.999313 0.0190605 0.0317897 -1.24034 -0.0188141 0.999791 -0.00803173 -5.58444 -0.0319362 0.00742816 0.999462 276.646 
0.999241 0.0207469 0.0329737 -1.22764 -0.0204862 0.999756 -0.00822293 -5.62815 -0.0331364 0.00754122 0.999422 278.182 
0.99919 0.0214859 0.0340309 -1.20661 -0.0212074 0.999739 -0.00852324 -5.66593 -0.0342052 0.00779466 0.999384 279.723 
0.999147 0.0221159 0.0348616 -1.18698 -0.0217996 0.999718 -0.00942832 -5.70544 -0.0350603 0.00866035 0.999348 281.279 
0.999132 0.0213267 0.035772 -1.16115 -0.0209911 0.999732 -0.00972837 -5.75056 -0.03597 0.00896908 0.999313 282.819 
0.999108 0.0207736 0.0367563 -1.1337 -0.0204412 0.999747 -0.0093966 -5.79342 -0.0369423 0.00863692 0.99928 284.374 
0.99911 0.0194435 0.0374269 -1.10274 -0.0191349 0.99978 -0.00858696 -5.82836 -0.0375857 0.0078632 0.999263 285.947 
0.999101 0.018868 0.0379693 -1.08292 -0.0185591 0.999792 -0.00847179 -5.86348 -0.0381213 0.00775954 0.999243 287.509 
0.999104 0.0184966 0.0380689 -1.05063 -0.018086 0.999775 -0.0110999 -5.90034 -0.0382657 0.0104015 0.999214 289.104 
0.999132 0.017151 0.0379725 -1.02105 -0.0166589 0.999774 -0.0132346 -5.942 -0.0381909 0.0125906 0.999191 290.676 
0.999162 0.0168142 0.0373299 -0.986638 -0.0163388 0.999782 -0.0130044 -5.98916 -0.0375404 0.0123836 0.999218 292.234 
0.999231 0.0152722 0.0361179 -0.949853 -0.0148135 0.999807 -0.0129325 -6.03178 -0.0363084 0.0123876 0.999264 293.789 
0.999269 0.0152799 0.0350304 -0.934444 -0.0148177 0.9998 -0.0134155 -6.0797 -0.0352285 0.0128867 0.999296 295.331 
0.999287 0.0152507 0.0345466 -0.910942 -0.0147888 0.999798 -0.0135851 -6.12322 -0.0347469 0.0130645 0.999311 296.89 
0.999319 0.0149431 0.0337373 -0.881869 -0.0145122 0.99981 -0.0129793 -6.16931 -0.0339249 0.0124809 0.999346 298.44 
0.999365 0.014457 0.0325612 -0.854036 -0.0140483 0.99982 -0.0127451 -6.21362 -0.0327396 0.0122796 0.999389 300.012 
0.999397 0.0140708 0.0317517 -0.838053 -0.0137155 0.999841 -0.0113792 -6.25463 -0.0319068 0.0109369 0.999431 301.596 
0.999379 0.0158893 0.0314507 -0.831054 -0.0155768 0.999827 -0.0101534 -6.29137 -0.0316067 0.00965721 0.999454 303.211 
0.999346 0.01618 0.0323286 -0.81914 -0.015868 0.999825 -0.00988296 -6.33849 -0.0324829 0.00936355 0.999428 304.807 
0.999317 0.0165434 0.0330586 -0.790105 -0.0162089 0.999815 -0.0103595 -6.3734 -0.0332239 0.00981657 0.9994 306.423 
0.999318 0.0155142 0.0335178 -0.767861 -0.015168 0.999829 -0.0105565 -6.41631 -0.0336759 0.010041 0.999382 308.047 
0.999338 0.0136935 0.0337041 -0.741789 -0.0133053 0.999843 -0.0117119 -6.4518 -0.0338592 0.0112558 0.999363 309.673 
0.999346 0.0120678 0.0340753 -0.716813 -0.0116049 0.999838 -0.0137491 -6.48927 -0.0342357 0.0133447 0.999325 311.311 
0.999361 0.0115393 0.0338256 -0.687704 -0.0110496 0.999832 -0.0146293 -6.54005 -0.0339888 0.0142462 0.999321 312.91 
0.999434 0.0120616 0.0314089 -0.665741 -0.0115795 0.999813 -0.0154858 -6.5891 -0.0315899 0.0151134 0.999387 314.514 
0.999488 0.0130462 0.0292094 -0.645583 -0.0126175 0.999811 -0.0148129 -6.63839 -0.0293972 0.0144368 0.999464 316.141 
0.999486 0.0139475 0.0288781 -0.631833 -0.0136204 0.999841 -0.0114891 -6.68442 -0.0290338 0.0110899 0.999517 317.779 
0.999484 0.0125811 0.0295508 -0.610417 -0.0123325 0.999887 -0.00857787 -6.72438 -0.0296554 0.00820905 0.999527 319.416 
0.999494 0.0117436 0.0295662 -0.590981 -0.0115148 0.999903 -0.00789322 -6.76053 -0.029656 0.00754882 0.999532 321.06 
0.999493 0.0106569 0.0300069 -0.572699 -0.010388 0.999905 -0.00909904 -6.80047 -0.030101 0.00878276 0.999508 322.712 
0.999484 0.00979363 0.0305804 -0.558798 -0.00951725 0.999913 -0.00916871 -6.83965 -0.0306675 0.00887298 0.99949 324.359 
0.999468 0.00968056 0.0311532 -0.542698 -0.00940741 0.999916 -0.00890131 -6.88087 -0.0312368 0.00860354 0.999475 326.02 
0.999454 0.00962117 0.0316245 -0.521758 -0.00934683 0.999918 -0.00880996 -6.92532 -0.0317067 0.0085096 0.999461 327.658 
0.999419 0.0111523 0.0322083 -0.50527 -0.0108413 0.999893 -0.00981191 -6.96739 -0.0323143 0.00945707 0.999433 329.289 
0.999382 0.011957 0.0330714 -0.48867 -0.0116177 0.999878 -0.0104329 -7.01184 -0.0331922 0.0100423 0.999399 330.935 
0.999361 0.0105299 0.0341446 -0.467594 -0.0102445 0.999911 -0.00851954 -7.05443 -0.0342313 0.00816434 0.999381 332.59 
0.999367 0.00918962 0.0343602 -0.449477 -0.00892797 0.99993 -0.00775934 -7.09313 -0.0344291 0.00744771 0.999379 334.268 
0.99937 0.00805646 0.0345587 -0.425521 -0.00775691 0.999931 -0.00879207 -7.13556 -0.0346272 0.00851851 0.999364 335.895 
0.999357 0.00947807 0.0345716 -0.396517 -0.00918144 0.99992 -0.00872769 -7.17768 -0.0346516 0.00840471 0.999364 337.523 
0.999341 0.0112501 0.0345181 -0.378833 -0.0108868 0.999884 -0.0106928 -7.22378 -0.0346344 0.01031 0.999347 339.148 
0.999329 0.0128531 0.0342853 -0.363787 -0.012393 0.999831 -0.0135983 -7.2686 -0.0344543 0.0131643 0.99932 340.782 
0.999327 0.0142875 0.0337997 -0.346164 -0.0138485 0.999817 -0.0131856 -7.31452 -0.033982 0.0127086 0.999342 342.406 
0.999345 0.0148387 0.0330165 -0.32704 -0.01452 0.999846 -0.00987151 -7.35659 -0.033158 0.00938569 0.999406 344.036 
0.999359 0.015991 0.0320218 -0.309058 -0.0157704 0.99985 -0.00712989 -7.39751 -0.032131 0.00662037 0.999462 345.659 
0.999365 0.0165786 0.0315463 -0.319145 -0.016317 0.999831 -0.00852925 -7.43068 -0.0316824 0.00800913 0.999466 347.332 
0.999424 0.0159762 0.0299526 -0.305252 -0.0156817 0.999827 -0.0100427 -7.46998 -0.0301079 0.00956722 0.999501 348.942 
0.999488 0.0146018 0.0284714 -0.293013 -0.0143558 0.999858 -0.00882231 -7.50865 -0.0285962 0.00840911 0.999556 350.574 
0.999527 0.012917 0.0279022 -0.278226 -0.012688 0.999885 -0.00836946 -7.54703 -0.0280071 0.00801152 0.999576 352.208 
0.999539 0.0127124 0.0275717 -0.266347 -0.0124637 0.99988 -0.00917357 -7.58943 -0.0276851 0.00882573 0.999578 353.827 
0.999553 0.011867 0.0274237 -0.253407 -0.0115984 0.999883 -0.00993133 -7.63219 -0.0275384 0.00960887 0.999575 355.454 
0.999549 0.0117774 0.0276342 -0.245338 -0.0115034 0.999883 -0.0100512 -7.67468 -0.0277494 0.00972878 0.999568 357.073 
0.999553 0.0111918 0.0277359 -0.232365 -0.0109156 0.99989 -0.0100888 -7.71824 -0.0278458 0.00978158 0.999564 358.678 
0.999558 0.0106749 0.0277654 -0.218664 -0.0103842 0.99989 -0.0105926 -7.76301 -0.0278754 0.0102996 0.999558 360.283 
0.999548 0.0102022 0.0282907 -0.206192 -0.00989454 0.999891 -0.0109906 -7.80969 -0.0283998 0.0107057 0.999539 361.886 
0.999547 0.00938681 0.028597 -0.190233 -0.00908242 0.999901 -0.0107541 -7.85433 -0.0286951 0.0104896 0.999533 363.493 
0.999535 0.00990517 0.0288344 -0.176586 -0.00957424 0.999887 -0.0115911 -7.89669 -0.028946 0.0113097 0.999517 365.112 
0.999546 0.00837813 0.0289349 -0.156244 -0.00801166 0.999887 -0.0127567 -7.94656 -0.0290385 0.0125192 0.9995 366.695 
0.999549 0.00694545 0.0292339 -0.143405 -0.00662728 0.999918 -0.0109649 -7.99382 -0.0293077 0.0107663 0.999512 368.31 
0.999551 0.0054805 0.0294713 -0.126936 -0.00517827 0.999933 -0.0103203 -8.03289 -0.029526 0.0101631 0.999512 369.916 
0.999552 0.00490331 0.0295198 -0.110429 -0.00456601 0.999924 -0.0114814 -8.07263 -0.0295739 0.0113416 0.999498 371.532 
0.999537 0.00599788 0.0298354 -0.0962605 -0.00563669 0.99991 -0.0121741 -8.11524 -0.0299058 0.0120003 0.999481 373.134 
0.999514 0.00759651 0.0302197 -0.0815837 -0.00725301 0.999908 -0.0114589 -8.15906 -0.030304 0.0112342 0.999478 374.739 
0.99949 0.00917702 0.0305735 -0.0602456 -0.00885072 0.999903 -0.0107895 -8.20163 -0.0306696 0.0105135 0.999474 376.362 
0.999472 0.00931847 0.0311196 -0.0427255 -0.00897664 0.999898 -0.0111047 -8.24699 -0.0312199 0.0108195 0.999454 377.978 
0.999468 0.00941755 0.0312303 -0.0228893 -0.00904431 0.999886 -0.0120695 -8.29113 -0.0313404 0.0117807 0.999439 379.586 
0.999469 0.00941587 0.0312104 0.00538485 -0.00903802 0.999884 -0.0122243 -8.3389 -0.0313219 0.0119357 0.999438 381.214 
0.999443 0.00970433 0.0319278 0.0294788 -0.00931652 0.999881 -0.0122717 -8.38716 -0.0320431 0.0119675 0.999415 382.853 
0.999426 0.0112104 0.0319572 0.051601 -0.0108252 0.999867 -0.0121975 -8.4299 -0.0320898 0.0118446 0.999415 384.491 
0.9994 0.0125982 0.0322496 0.0789439 -0.0122143 0.999853 -0.0120714 -8.46921 -0.032397 0.0116702 0.999407 386.134 
0.999369 0.0138557 0.032719 0.0977824 -0.0134419 0.999827 -0.0128306 -8.51488 -0.0328912 0.0123827 0.999382 387.767 
0.999348 0.0148253 0.0329174 0.121494 -0.0143837 0.999804 -0.0136115 -8.55738 -0.0331128 0.0131291 0.999365 389.394 
0.999323 0.0157842 0.0332418 0.145312 -0.0153339 0.999788 -0.0137559 -8.60469 -0.0334519 0.0132369 0.999353 391.023 
0.999296 0.0169116 0.033492 0.168754 -0.0164847 0.99978 -0.0129808 -8.6494 -0.0337042 0.0124196 0.999355 392.657 
0.999279 0.0176348 0.0336188 0.195397 -0.0172255 0.999774 -0.0124235 -8.70597 -0.0338304 0.0118355 0.999358 394.304 
0.999239 0.0184935 0.0343502 0.209436 -0.0180497 0.99975 -0.0131839 -8.74891 -0.0345855 0.0125539 0.999323 395.942 
0.999233 0.0186813 0.0344077 0.235341 -0.0182469 0.99975 -0.012893 -8.79962 -0.03464 0.0122553 0.999325 397.571 
0.99924 0.0185013 0.0343135 0.2645 -0.0180868 0.99976 -0.0123491 -8.84401 -0.0345338 0.0117191 0.999335 399.224 
0.999232 0.0185493 0.0345303 0.28726 -0.018089 0.999744 -0.0135959 -8.88451 -0.0347737 0.0129608 0.999311 400.907 
0.999238 0.0180637 0.0345933 0.318652 -0.0175704 0.99974 -0.0145107 -8.93536 -0.0348465 0.0138918 0.999296 402.564 
0.999228 0.0178131 0.0350137 0.343896 -0.0173074 0.999742 -0.0146914 -8.98029 -0.0352664 0.0140741 0.999279 404.2 
0.99923 0.0175372 0.0351039 0.37715 -0.0170594 0.999758 -0.0138631 -9.0169 -0.0353386 0.0132537 0.999288 405.866 
0.999259 0.0151774 0.0353646 0.40151 -0.0147588 0.999818 -0.0120657 -9.07183 -0.0355414 0.0115349 0.999302 407.529 
0.99926 0.0139583 0.0358454 0.424971 -0.0135068 0.999827 -0.0128059 -9.12082 -0.036018 0.0123124 0.999275 409.17 
0.999277 0.0126278 0.0358563 0.456173 -0.0121477 0.999834 -0.0135736 -9.17067 -0.0360218 0.0131283 0.999265 410.837 
