1 2.12261e-08 -2.11895e-08 0 2.12261e-08 1 2.10703e-08 0 -2.11895e-08 2.10703e-08 1 0 
0.999997 -0.00172759 -0.00170776 -0.00446433 0.00172643 0.999998 -0.000704566 -0.0122282 0.00170893 0.000701658 0.999998 0.582878 
0.999994 -0.00223567 -0.00262186 -0.0255243 0.00223001 0.999995 -0.00217642 -0.0230624 0.00262667 0.0021706 0.999994 1.15694 
0.999986 -0.00269958 -0.00463815 -0.0367316 0.00268305 0.99999 -0.00357699 -0.0339152 0.00464772 0.00356454 0.999983 1.72919 
0.999966 -0.00483662 -0.0066099 -0.0478691 0.0048026 0.999975 -0.00515966 -0.0470904 0.00663465 0.00512779 0.999965 2.29421 
0.999942 -0.00706354 -0.00816911 -0.0601153 0.00700492 0.99995 -0.0071874 -0.0562491 0.00821942 0.0071298 0.999941 2.8631 
0.999916 -0.00876022 -0.00952003 -0.0802746 0.00868627 0.999932 -0.00778671 -0.0703825 0.00958755 0.00770341 0.999924 3.43866 
0.999901 -0.00894234 -0.0108751 -0.0986655 0.0088655 0.999936 -0.00709664 -0.0829229 0.0109378 0.00699957 0.999916 4.02487 
0.999887 -0.00915568 -0.0118971 -0.12146 0.00906687 0.999931 -0.0075006 -0.0983716 0.0119649 0.00739193 0.999901 4.61935 
0.999881 -0.00866914 -0.0127786 -0.147778 0.00853834 0.999911 -0.0102584 -0.112085 0.0128663 0.0101481 0.999866 5.22415 
0.999881 -0.00680296 -0.0138433 -0.174738 0.00660682 0.999878 -0.0141684 -0.12739 0.0139379 0.0140753 0.999804 5.8292 
0.999875 -0.00539859 -0.0148348 -0.203307 0.00513229 0.999826 -0.0179339 -0.139886 0.014929 0.0178556 0.999729 6.44352 
0.999866 -0.00364777 -0.0159562 -0.230375 0.0033606 0.999833 -0.0179901 -0.150714 0.0160191 0.0179341 0.999711 7.07399 
0.999855 -0.00127567 -0.016993 -0.26155 0.00108344 0.999935 -0.0113193 -0.159494 0.0170063 0.0112993 0.999792 7.72591 
0.999844 -0.000366034 -0.017658 -0.288861 0.000348019 0.999999 -0.00102565 -0.168613 0.0176583 0.00101938 0.999844 8.39832 
0.999828 0.000508312 -0.0185336 -0.315719 -0.000400445 0.999983 0.00582106 -0.185053 0.0185362 -0.0058126 0.999811 9.07942 
0.999802 0.00257032 -0.0197506 -0.346097 -0.00247531 0.999985 0.00483117 -0.199621 0.0197627 -0.00478128 0.999793 9.77149 
0.999783 0.00465043 -0.0203176 -0.38351 -0.00469917 0.999986 -0.00235424 -0.207631 0.0203063 0.00244925 0.999791 10.4702 
0.99976 0.00455786 -0.0214082 -0.413446 -0.00474253 0.999952 -0.00858507 -0.203874 0.021368 0.00868459 0.999734 11.1839 
0.99974 0.0021823 -0.0227098 -0.438708 -0.00233961 0.999973 -0.00690444 -0.206776 0.0226941 0.00695581 0.999718 11.9267 
0.999734 0.000999126 -0.0230531 -0.472187 -0.000947765 0.999997 0.00223692 -0.213365 0.0230552 -0.00221444 0.999732 12.696 
0.999725 0.000449147 -0.0234545 -0.503599 -0.000218765 0.999952 0.00982235 -0.221938 0.0234578 -0.00981447 0.999677 13.4764 
0.99971 -0.000654579 -0.0240828 -0.535845 0.000950583 0.999924 0.0122799 -0.224576 0.0240729 -0.0122992 0.999635 14.2757 
0.999701 -0.00267536 -0.0243134 -0.566588 0.00295192 0.999931 0.0113445 -0.226376 0.0242813 -0.0114129 0.99964 15.0904 
0.999712 -0.00299023 -0.0238083 -0.599629 0.0032008 0.999956 0.00880943 -0.225299 0.0237808 -0.00888305 0.999678 15.9186 
0.999728 -0.00064179 -0.0233024 -0.638282 0.000763707 0.999986 0.00522161 -0.224782 0.0232987 -0.00523795 0.999715 16.7554 
0.999741 -0.00393881 -0.0224347 -0.667395 0.00393583 0.999992 -0.000178862 -0.232366 0.0224352 9.05593e-05 0.999748 17.6149 
0.999738 -0.00658681 -0.0219272 -0.693428 0.00644726 0.999959 -0.00643087 -0.242974 0.0219687 0.00628786 0.999739 18.4856 
0.99977 -0.00558875 -0.0206878 -0.728903 0.00534348 0.999915 -0.0118942 -0.252924 0.0207525 0.011781 0.999715 19.3745 
0.999779 -0.00423311 -0.0205747 -0.764196 0.00397179 0.999911 -0.0127278 -0.269274 0.0206268 0.0126433 0.999707 20.2803 
0.999772 -0.0041302 -0.0209726 -0.797555 0.00387747 0.99992 -0.0120792 -0.291574 0.0210208 0.0119951 0.999707 21.2085 
0.999774 -0.00272034 -0.0210755 -0.837247 0.00243724 0.999907 -0.0134485 -0.313529 0.0211101 0.0133941 0.999687 22.1526 
0.999783 0.000214187 -0.0208445 -0.880125 -0.000540058 0.999878 -0.0156311 -0.336531 0.0208385 0.015639 0.999661 23.1083 
0.99977 0.00359839 -0.0211666 -0.922801 -0.00394902 0.999855 -0.0165489 -0.359689 0.021104 0.0166287 0.999639 24.0811 
0.999761 0.00533046 -0.0212205 -0.962476 -0.00567859 0.99985 -0.0163813 -0.389469 0.0211299 0.0164979 0.999641 25.0572 
0.999754 0.00605351 -0.0213233 -1.00596 -0.00640499 0.999844 -0.0164563 -0.418981 0.0212203 0.0165888 0.999637 26.0461 
0.999752 0.00613302 -0.0214081 -1.04548 -0.0064836 0.999845 -0.0163474 -0.447496 0.0213045 0.0164822 0.999637 27.0414 
0.999736 0.00707239 -0.0218604 -1.08532 -0.00740615 0.999857 -0.015227 -0.477223 0.0217495 0.0153849 0.999645 28.0486 
0.999724 0.00764365 -0.0222094 -1.12559 -0.00793834 0.999881 -0.0132132 -0.506053 0.0221057 0.0133859 0.999666 29.0607 
0.999708 0.00834009 -0.0226702 -1.16708 -0.00861229 0.999892 -0.0119376 -0.534726 0.0225681 0.0121294 0.999672 30.0796 
0.999706 0.00827944 -0.0228084 -1.21075 -0.00857637 0.999879 -0.0129533 -0.561757 0.0226983 0.0131452 0.999656 31.1089 
0.999686 0.00945748 -0.0231921 -1.25343 -0.00978185 0.999855 -0.0139144 -0.589399 0.0230571 0.0141369 0.999634 32.1464 
0.999676 0.00905215 -0.0237847 -1.29405 -0.00936177 0.999872 -0.0129407 -0.615382 0.0236645 0.0131592 0.999633 33.1934 
0.999667 0.00813144 -0.0244792 -1.33578 -0.00838386 0.999913 -0.0102283 -0.642707 0.0243938 0.0104301 0.999648 34.2477 
0.999654 0.00859822 -0.0248417 -1.38227 -0.00876256 0.99994 -0.00651581 -0.667692 0.0247842 0.00673127 0.99967 35.3082 
0.999639 0.00850253 -0.025469 -1.42727 -0.00860843 0.999955 -0.00405284 -0.692107 0.0254333 0.00427067 0.999667 36.3767 
0.999628 0.00842892 -0.0259524 -1.47097 -0.00852355 0.999957 -0.00353923 -0.715854 0.0259214 0.00375916 0.999657 37.4511 
0.999613 0.0080103 -0.0266508 -1.51643 -0.00814849 0.999954 -0.0050822 -0.733908 0.0266088 0.00529744 0.999632 38.531 
0.99959 0.00828652 -0.0274009 -1.56765 -0.00844457 0.999948 -0.00565908 -0.752756 0.0273525 0.00588819 0.999609 39.6189 
0.99957 0.00807196 -0.0281809 -1.61631 -0.00819983 0.999957 -0.00442625 -0.775443 0.0281439 0.00465547 0.999593 40.7084 
0.999548 0.00807779 -0.0289672 -1.66645 -0.00814444 0.999964 -0.00218518 -0.800754 0.0289484 0.00242016 0.999578 41.7983 
0.99953 0.0080744 -0.0295657 -1.71888 -0.00806749 0.999967 0.000351512 -0.822144 0.0295675 -0.000112784 0.999563 42.8875 
0.999507 0.00933235 -0.0299868 -1.77255 -0.0093305 0.999956 0.000200007 -0.844403 0.0299873 7.99259e-05 0.99955 43.9716 
0.999487 0.0106314 -0.0302141 -1.82805 -0.0107458 0.999936 -0.00362518 -0.866565 0.0301736 0.00394803 0.999537 45.0469 
0.999477 0.0118743 -0.0300843 -1.8842 -0.0121059 0.999898 -0.0075303 -0.888442 0.0299918 0.0078906 0.999519 46.1224 
0.999481 0.0123074 -0.0297633 -1.93945 -0.0125499 0.999889 -0.00797563 -0.911029 0.0296618 0.00834506 0.999525 47.2038 
0.999477 0.0128949 -0.029669 -1.9932 -0.0130557 0.999901 -0.00523262 -0.936973 0.0295985 0.00561727 0.999546 48.2889 
0.999476 0.013371 -0.0294767 -2.04596 -0.0134654 0.999905 -0.00301032 -0.962102 0.0294336 0.00340571 0.999561 49.3796 
0.999493 0.0119781 -0.0294884 -2.09531 -0.0120409 0.999926 -0.00195494 -0.981681 0.0294627 0.00230906 0.999563 50.4678 
0.999511 0.0121072 -0.0288484 -2.15183 -0.0121962 0.999921 -0.00291444 -1.00378 0.0288108 0.00326489 0.99958 51.5637 
0.999528 0.0112903 -0.0285782 -2.20462 -0.0114298 0.999924 -0.00472599 -1.02647 0.0285226 0.00505044 0.99958 52.6637 
0.999534 0.0114456 -0.0283034 -2.25422 -0.0116427 0.999909 -0.0068122 -1.04997 0.0282228 0.00713859 0.999576 53.759 
0.999552 0.01001 -0.028191 -2.2998 -0.0102717 0.999905 -0.00915526 -1.07738 0.0280966 0.00944077 0.999561 54.854 
0.999566 0.00841411 -0.0282198 -2.34642 -0.00876664 0.999885 -0.0123936 -1.10802 0.0281122 0.0126357 0.999525 55.9437 
0.999583 0.00688028 -0.0280387 -2.39647 -0.00727887 0.999874 -0.0141403 -1.13685 0.0279379 0.0143385 0.999507 57.041 
0.999594 0.00509445 -0.0280173 -2.44234 -0.00542821 0.999915 -0.0118512 -1.167 0.0279545 0.0119985 0.999537 58.1358 
0.999608 0.00368571 -0.0277617 -2.48823 -0.00385163 0.999975 -0.00592668 -1.19589 0.0277391 0.00603132 0.999597 59.2266 
0.99961 0.00197868 -0.0278468 -2.53333 -0.00197654 0.999998 0.0001026 -1.21779 0.0278469 -4.74764e-05 0.999612 60.3302 
0.999612 0.000275047 -0.0278653 -2.57869 -0.000248759 1 0.000945349 -1.23876 0.0278655 -0.000938007 0.999611 61.4283 
0.999608 -0.00303507 -0.0278347 -2.62171 0.00297844 0.999993 -0.00207749 -1.25628 0.0278408 0.00199381 0.99961 62.5292 
0.999597 -0.00450885 -0.028033 -2.66722 0.00436344 0.999977 -0.00524784 -1.27509 0.0280559 0.00512345 0.999593 63.6244 
0.999596 -0.00255022 -0.0283049 -2.71602 0.00228856 0.999954 -0.00927437 -1.30196 0.0283272 0.00920589 0.999556 64.7157 
0.999598 -0.00219925 -0.0282682 -2.76586 0.00181628 0.999906 -0.0135677 -1.33145 0.0282954 0.0135109 0.999508 65.8021 
0.999628 0.00105507 -0.0272721 -2.83632 -0.0014449 0.999897 -0.0142798 -1.36001 0.0272542 0.0143139 0.999526 66.9165 
0.999636 0.00478855 -0.0265453 -2.88881 -0.00507284 0.99993 -0.0106543 -1.39161 0.0264924 0.0107851 0.999591 68.0193 
0.999627 0.00621128 -0.0266114 -2.9431 -0.00644034 0.999943 -0.00853199 -1.42071 0.0265569 0.00870023 0.999609 69.1239 
0.99963 0.00572874 -0.0265833 -2.99007 -0.00594111 0.999951 -0.00791856 -1.4451 0.0265366 0.00807361 0.999615 70.2233 
0.999634 0.00396551 -0.0267633 -3.0362 -0.00415339 0.999967 -0.00696961 -1.47218 0.0267347 0.00707826 0.999618 71.3232 
0.999623 0.00250453 -0.027332 -3.07978 -0.00265685 0.999981 -0.00553975 -1.49744 0.0273176 0.00561032 0.999611 72.4292 
0.999612 0.000830838 -0.0278454 -3.12384 -0.000927205 0.999994 -0.00344955 -1.52322 0.0278423 0.00347407 0.999606 73.5312 
0.999586 -0.000285473 -0.0287802 -3.1676 0.000233373 0.999998 -0.00181505 -1.54645 0.0287806 0.00180762 0.999584 74.6311 
0.999564 -0.00121396 -0.0295113 -3.21505 0.0011229 0.999995 -0.00310323 -1.57034 0.0295148 0.00306878 0.99956 75.7234 
0.999528 -0.000953944 -0.0307075 -3.25384 0.000743168 0.999976 -0.00687605 -1.5951 0.0307132 0.00685002 0.999505 76.8181 
0.999508 -0.000531632 -0.0313598 -3.31588 0.000249418 0.999959 -0.00900381 -1.61741 0.0313632 0.0089916 0.999468 77.913 
0.999488 0.00131175 -0.0319551 -3.3812 -0.00155082 0.999971 -0.00745929 -1.64353 0.0319443 0.00750507 0.999462 79.0111 
0.999473 0.00225629 -0.0323739 -3.44638 -0.00236078 0.999992 -0.00319098 -1.66756 0.0323664 0.00326577 0.999471 80.0996 
0.999459 0.00389545 -0.0326743 -3.51139 -0.00387104 0.999992 0.000808948 -1.69175 0.0326771 -0.000681983 0.999466 81.1973 
0.999426 0.00504277 -0.0334903 -3.56361 -0.00500072 0.999987 0.00133798 -1.71193 0.0334965 -0.0011697 0.999438 82.278 
0.999404 0.00475575 -0.0341839 -3.61892 -0.00478178 0.999988 -0.000681195 -1.73154 0.0341802 0.000844292 0.999415 83.3609 
0.999384 0.00456157 -0.0347985 -3.67206 -0.00461308 0.999988 -0.0014012 -1.75327 0.0347917 0.00156091 0.999393 84.4277 
0.999367 0.00377572 -0.0353675 -3.72592 -0.00383004 0.999992 -0.00146934 -1.77696 0.0353616 0.00160391 0.999373 85.4844 
0.999348 0.00291806 -0.0359926 -3.78529 -0.00296461 0.999995 -0.0012413 -1.7996 0.0359888 0.00134724 0.999351 86.5273 
0.999333 0.00175466 -0.036482 -3.83914 -0.00175227 0.999999 9.63718e-05 -1.81708 0.036482 -3.23385e-05 0.999334 87.5573 
0.999314 0.00178496 -0.0369982 -3.89867 -0.00167775 0.999994 0.00292728 -1.84068 0.0370032 -0.00286315 0.999311 88.5592 
0.999282 0.000819276 -0.0378829 -3.95285 -0.000674896 0.999993 0.00382275 -1.86252 0.0378857 -0.00379439 0.999275 89.5449 
0.999196 4.83039e-05 -0.0401033 -4.00887 0.000116889 0.999992 0.00411579 -1.8823 0.0401031 -0.00411712 0.999187 90.5118 
0.999065 -0.000838071 -0.0432317 -4.06663 0.000982687 0.999994 0.00332303 -1.90228 0.0432286 -0.00336237 0.99906 91.4537 
0.99891 -0.000921976 -0.046662 -4.12495 0.00103309 0.999997 0.00235622 -1.92171 0.0466596 -0.00240182 0.998908 92.3755 
0.998779 -0.00100549 -0.0493927 -4.19453 0.00113332 0.999996 0.0025593 -1.93908 0.0493899 -0.00261211 0.998776 93.2875 
0.998613 0.000617858 -0.0526396 -4.25185 -0.000442238 0.999994 0.00334706 -1.95233 0.0526413 -0.0033191 0.998608 94.1672 
0.998442 0.00177117 -0.0557787 -4.31448 -0.00151639 0.999988 0.00460897 -1.97238 0.0557862 -0.00451716 0.998433 95.0133 
0.998271 0.00243326 -0.0587332 -4.37924 -0.00207467 0.999979 0.00616498 -1.99005 0.0587469 -0.00603242 0.998255 95.8389 
0.998116 0.00417842 -0.0612183 -4.44747 -0.00376248 0.999969 0.00690747 -2.00279 0.0612452 -0.00666407 0.998101 96.6327 
0.997956 0.00612101 -0.0636157 -4.51615 -0.0056707 0.999958 0.00725618 -2.01811 0.0636574 -0.00688055 0.997948 97.4009 
0.997776 0.00791673 -0.0661906 -4.58571 -0.00752718 0.999953 0.00613203 -2.03525 0.066236 -0.00562012 0.997788 98.1397 
0.997595 0.00920527 -0.0686981 -4.65247 -0.00905886 0.999956 0.00244186 -2.05158 0.0687175 -0.00181362 0.997635 98.8427 
0.997399 0.0116272 -0.0711374 -4.71872 -0.0117442 0.99993 -0.00122814 -2.06901 0.0711182 0.00206044 0.997466 99.5202 
0.997236 0.0133679 -0.0730918 -4.78334 -0.0136945 0.999898 -0.00396952 -2.0811 0.0730313 0.00495955 0.997317 100.168 
0.99715 0.0154738 -0.0738384 -4.8506 -0.0158929 0.999861 -0.00509206 -2.09432 0.0737493 0.0062511 0.997257 100.779 
0.997163 0.0179951 -0.0730882 -4.9085 -0.0183797 0.999821 -0.00459329 -2.11026 0.0729924 0.00592364 0.997315 101.366 
0.997291 0.0218875 -0.0702206 -4.96206 -0.0221581 0.99975 -0.00307725 -2.12736 0.0701357 0.00462491 0.997527 101.939 
0.997604 0.0245073 -0.0646897 -5.00859 -0.0246756 0.999694 -0.00180544 -2.14024 0.0646256 0.00339742 0.997904 102.485 
0.998037 0.0253213 -0.0572746 -5.04558 -0.0253548 0.999679 0.000140086 -2.15292 0.0572597 0.00131242 0.998358 103.011 
0.998544 0.02516 -0.0477075 -5.06982 -0.0250599 0.999682 0.00269459 -2.16465 0.0477601 -0.00149509 0.998858 103.516 
0.999044 0.0248449 -0.0359836 -5.08607 -0.0247252 0.999687 0.00376654 -2.1738 0.0360659 -0.0028732 0.999345 103.992 
0.999455 0.0240181 -0.0226485 -5.09432 -0.0239383 0.999706 0.00378907 -2.18259 0.0227328 -0.0032448 0.999736 104.449 
0.99969 0.0237631 -0.00738061 -5.09551 -0.0237414 0.999714 0.00300797 -2.19541 0.00744993 -0.00283177 0.999968 104.888 
0.999694 0.0223356 0.0106356 -5.08459 -0.0223377 0.999751 7.75289e-05 -2.20868 -0.0106312 -0.000315038 0.999943 105.308 
0.999262 0.021738 0.0316565 -5.05776 -0.0216044 0.999756 -0.00455489 -2.22027 -0.0317478 0.00386765 0.999488 105.719 
0.998231 0.019774 0.0560634 -5.02196 -0.0192812 0.999771 -0.00931609 -2.2297 -0.0562348 0.00821869 0.998384 106.12 
0.996377 0.0173719 0.0832493 -4.97077 -0.0164367 0.999794 -0.0119058 -2.24193 -0.083439 0.0104944 0.996458 106.512 
0.993472 0.0146804 0.113126 -4.90465 -0.0132823 0.999826 -0.0131021 -2.25369 -0.113299 0.011514 0.993494 106.898 
0.989257 0.0124789 0.145652 -4.82598 -0.0104203 0.999835 -0.0148879 -2.26595 -0.145814 0.0132103 0.989224 107.271 
0.983357 0.0099577 0.181413 -4.73192 -0.00711198 0.999841 -0.01633 -2.28021 -0.181547 0.014768 0.983271 107.639 
0.975472 0.00671721 0.220023 -4.62344 -0.00313831 0.999857 -0.0166113 -2.29569 -0.220103 0.0155134 0.975353 107.996 
0.965497 0.00470538 0.260373 -4.50562 -0.000126987 0.999845 -0.0175978 -2.30686 -0.260416 0.0169576 0.965348 108.341 
0.953158 0.00562576 0.30242 -4.37974 -4.4523e-05 0.99983 -0.0184588 -2.32285 -0.302472 0.0175808 0.952996 108.673 
0.937846 0.00753912 0.346969 -4.24172 -0.0010883 0.999823 -0.0187829 -2.33838 -0.347049 0.0172379 0.937689 108.992 
0.919884 0.00758771 0.392117 -4.08838 -0.000778246 0.999846 -0.0175218 -2.35021 -0.39219 0.0158129 0.919748 109.301 
0.89954 0.00694324 0.436784 -3.91618 0.000198341 0.999867 -0.0163025 -2.3608 -0.436839 0.0147514 0.899419 109.595 
0.876202 0.00568525 0.481911 -3.73178 0.00261284 0.99986 -0.0165462 -2.37657 -0.481938 0.015757 0.876064 109.875 
0.850611 0.00624576 0.525758 -3.53679 0.00409356 0.999821 -0.0185002 -2.39131 -0.525779 0.0178887 0.850433 110.147 
0.822534 0.00845772 0.568654 -3.32823 0.00466797 0.999755 -0.0216215 -2.40848 -0.568697 0.0204389 0.822293 110.411 
0.791323 0.0133831 0.611251 -3.10666 0.00329562 0.999653 -0.0261535 -2.41914 -0.611389 0.0227103 0.791004 110.668 
0.756832 0.0196481 0.653314 -2.87027 -5.49121e-05 0.99955 -0.0299972 -2.43086 -0.65361 0.022667 0.756492 110.917 
0.718883 0.0244716 0.694701 -2.61464 -0.00230169 0.999458 -0.0328252 -2.44 -0.695128 0.0219985 0.71855 111.158 
0.678811 0.0248588 0.733893 -2.3368 -5.57578e-05 0.999429 -0.0338015 -2.45255 -0.734314 0.0229039 0.678424 111.382 
0.63693 0.0223202 0.770598 -2.0379 0.00385986 0.999476 -0.0321398 -2.46591 -0.770912 0.0234453 0.63651 111.59 
0.592087 0.0205335 0.805612 -1.72554 0.00496631 0.999563 -0.0291269 -2.47881 -0.805859 0.0212466 0.591726 111.788 
0.544979 0.0191037 0.838232 -1.39937 0.00554248 0.999637 -0.0263856 -2.49139 -0.838431 0.0190255 0.544675 111.972 
0.496307 0.0165874 0.867988 -1.06185 0.00697091 0.999709 -0.0230904 -2.50699 -0.868119 0.0175106 0.496047 112.135 
0.444852 0.0127865 0.895513 -0.713811 0.00888413 0.999786 -0.0186885 -2.52555 -0.89556 0.0162695 0.444643 112.275 
0.392473 0.0129268 0.919673 -0.35652 0.00615125 0.999842 -0.0166787 -2.54315 -0.919743 0.0122031 0.392331 112.406 
0.340644 0.017915 0.940022 0.0134443 0.0023478 0.999799 -0.0199049 -2.55634 -0.940189 0.0089875 0.340534 112.525 
0.289796 0.0230836 0.95681 0.393677 0.00174812 0.999695 -0.0246476 -2.56704 -0.957087 0.0088154 0.289667 112.615 
0.242709 0.0251977 0.969772 0.782847 0.00303493 0.999638 -0.0267333 -2.5813 -0.970094 0.0094316 0.242545 112.688 
0.200991 0.0247656 0.97928 1.2008 0.010135 0.999574 -0.0273589 -2.59754 -0.979541 0.0154239 0.200654 112.749 
0.165813 0.0247652 0.985846 1.62841 0.0177781 0.999447 -0.028097 -2.60903 -0.985997 0.0221853 0.165281 112.788 
0.135178 0.0261009 0.990478 2.08644 0.0222326 0.999321 -0.0293682 -2.61901 -0.990572 0.0259908 0.134506 112.837 
0.107005 0.0245684 0.993955 2.55108 0.0200945 0.999437 -0.0268672 -2.63547 -0.994055 0.0228479 0.106451 112.88 
0.081632 0.02095 0.996442 3.0272 0.0130878 0.99967 -0.02209 -2.65592 -0.996577 0.0148445 0.0813309 112.916 
0.0575977 0.01703 0.998195 3.54253 0.00851671 0.99981 -0.0175489 -2.66952 -0.998304 0.00951211 0.0574417 112.955 
0.0350789 0.0146368 0.999277 4.05974 0.0126172 0.999807 -0.0150874 -2.68693 -0.999305 0.0131373 0.0348874 112.962 
0.0147904 0.0150274 0.999778 4.59524 0.0200591 0.999681 -0.0153227 -2.71031 -0.999689 0.0202812 0.0144843 112.955 
-0.00250225 0.017381 0.999846 5.14772 0.0251825 0.999533 -0.0173125 -2.72684 -0.99968 0.0251353 -0.00293878 112.942 
-0.016988 0.0228695 0.999594 5.72106 0.0256748 0.999419 -0.0224291 -2.73904 -0.999526 0.0252834 -0.0175653 112.936 
-0.0279073 0.0275704 0.99923 6.31119 0.0226317 0.999381 -0.0269425 -2.75432 -0.999354 0.0218624 -0.028514 112.929 
-0.0344148 0.0274076 0.999032 6.94251 0.0251475 0.999331 -0.0265495 -2.76908 -0.999091 0.0242094 -0.0350811 112.915 
-0.0369237 0.0241757 0.999026 7.58392 0.0314378 0.999241 -0.023019 -2.7911 -0.998824 0.0305572 -0.0376557 112.888 
-0.036547 0.0224023 0.999081 8.2423 0.0329386 0.999233 -0.0212007 -2.81315 -0.998789 0.0321335 -0.0372568 112.874 
-0.0346021 0.0221751 0.999155 8.9295 0.0317814 0.999273 -0.021077 -2.83208 -0.998896 0.0310252 -0.0352817 112.867 
-0.0331682 0.0224217 0.999198 9.62132 0.0281479 0.999373 -0.0214912 -2.85713 -0.999053 0.0274125 -0.0337785 112.863 
-0.0320231 0.0237604 0.999205 10.3336 0.0274108 0.999362 -0.0228857 -2.87484 -0.999111 0.0266561 -0.032654 112.858 
-0.0310718 0.0244918 0.999217 11.0615 0.0272592 0.999349 -0.0236473 -2.89921 -0.999145 0.0265031 -0.0317191 112.847 
-0.030063 0.0238918 0.999262 11.8089 0.0271206 0.999366 -0.0230783 -2.925 -0.99918 0.0264068 -0.0306919 112.838 
-0.0294035 0.0227443 0.999309 12.5743 0.0261653 0.999416 -0.0219768 -2.94867 -0.999225 0.025501 -0.0299814 112.831 
-0.0289292 0.0213781 0.999353 13.3542 0.0268368 0.999428 -0.0206027 -2.9734 -0.999221 0.0262234 -0.0294864 112.821 
-0.0293929 0.0191819 0.999384 14.1423 0.0275543 0.999451 -0.0183728 -2.99897 -0.999188 0.0269973 -0.0299054 112.808 
-0.030496 0.0175284 0.999381 14.9367 0.0252661 0.99954 -0.0167601 -3.0242 -0.999216 0.0247393 -0.0309248 112.8 
-0.0316538 0.0164175 0.999364 15.7359 0.0242622 0.999583 -0.0156526 -3.04757 -0.999204 0.0237513 -0.032039 112.789 
-0.03264 0.0139455 0.99937 16.5461 0.0267357 0.999557 -0.0130748 -3.06737 -0.99911 0.0262921 -0.0329984 112.769 
-0.0339212 0.0123664 0.999348 17.3684 0.0280181 0.999542 -0.0114177 -3.08803 -0.999032 0.0276126 -0.0342521 112.755 
-0.0356614 0.0114234 0.999299 18.1952 0.0253239 0.999624 -0.0105233 -3.1147 -0.999043 0.0249308 -0.0359372 112.741 
-0.0365634 0.0161818 0.9992 19.0233 0.022417 0.999631 -0.0153684 -3.13423 -0.99908 0.0218371 -0.0369127 112.73 
-0.0372792 0.0208388 0.999088 19.8551 0.0235604 0.999523 -0.0199687 -3.1574 -0.999027 0.0227945 -0.0377524 112.709 
-0.0382525 0.0224388 0.999016 20.7007 0.0238776 0.999483 -0.021535 -3.18412 -0.998983 0.0230303 -0.0387685 112.688 
-0.039714 0.0201685 0.999008 21.5532 0.0205855 0.999601 -0.0193621 -3.21247 -0.998999 0.0197961 -0.0401133 112.676 
-0.0409661 0.0158976 0.999034 22.4025 0.0175437 0.999731 -0.0151892 -3.24218 -0.999007 0.0169045 -0.0412339 112.665 
-0.0412764 0.010594 0.999092 23.2552 0.0159655 0.999823 -0.00994208 -3.2683 -0.99902 0.0155406 -0.0414382 112.647 
-0.0414561 0.00495753 0.999128 24.1229 0.012338 0.999914 -0.00444946 -3.28862 -0.999064 0.0121428 -0.0415137 112.629 
-0.041414 0.00378958 0.999135 24.9748 0.00988631 0.999945 -0.00338283 -3.31129 -0.999093 0.00973766 -0.0414492 112.614 
-0.0402525 0.0104524 0.999135 25.8102 0.0126668 0.99987 -0.00994978 -3.3399 -0.999109 0.0122553 -0.0403797 112.59 
-0.0391052 0.0215511 0.999003 26.6434 0.0147112 0.999671 -0.0209896 -3.36257 -0.999127 0.0138758 -0.0394094 112.568 
-0.0384592 0.0267563 0.998902 27.4785 0.0168966 0.999516 -0.0261221 -3.38496 -0.999117 0.0158734 -0.0388927 112.549 
-0.0370382 0.0211461 0.99909 28.3237 0.0184535 0.99962 -0.0204732 -3.41788 -0.999143 0.0176784 -0.0374143 112.531 
-0.0359923 0.0131879 0.999265 29.1664 0.0213652 0.999695 -0.0124239 -3.45081 -0.999124 0.0209023 -0.0362631 112.508 
-0.0354996 0.0101229 0.999318 29.9967 0.02235 0.999707 -0.00933281 -3.477 -0.99912 0.0220035 -0.0357155 112.491 
-0.0354894 0.010692 0.999313 30.8237 0.021211 0.999726 -0.00994314 -3.5032 -0.999145 0.0208436 -0.0357065 112.474 
-0.0362795 0.0113968 0.999277 31.6452 0.0184423 0.999772 -0.0107328 -3.53134 -0.999172 0.0180396 -0.0364815 112.46 
-0.0380568 0.0116717 0.999207 32.4638 0.0161602 0.999808 -0.0110632 -3.55334 -0.999145 0.0157263 -0.0382381 112.443 
-0.0400784 0.0115449 0.99913 33.2757 0.0158518 0.999815 -0.0109169 -3.57965 -0.999071 0.0154005 -0.0402539 112.427 
-0.0421016 0.0118447 0.999043 34.0808 0.0147397 0.999828 -0.0112328 -3.60578 -0.999005 0.0142527 -0.042269 112.407 
-0.0441961 0.0122078 0.998948 34.8919 0.0132015 0.999845 -0.0116346 -3.62779 -0.998936 0.0126734 -0.0443504 112.391 
-0.0462033 0.0112538 0.998869 35.696 0.0113034 0.999878 -0.0107423 -3.65201 -0.998868 0.0107943 -0.0463249 112.372 
-0.0481858 0.0101414 0.998787 36.494 0.012061 0.999882 -0.00957056 -3.67684 -0.998766 0.0115852 -0.0483024 112.347 
-0.0500884 0.010238 0.998692 37.2839 0.0119109 0.999883 -0.00965279 -3.70228 -0.998674 0.0114119 -0.0502045 112.324 
-0.051815 0.0113055 0.998593 38.0746 0.0119454 0.999871 -0.0107001 -3.72321 -0.998585 0.0113742 -0.0519434 112.297 
-0.0526557 0.0114441 0.998547 38.858 0.0124157 0.999865 -0.0108044 -3.74724 -0.998536 0.0118288 -0.0527907 112.268 
-0.0538338 0.0103374 0.998496 39.6405 0.0144283 0.99985 -0.00957346 -3.77012 -0.998446 0.0138912 -0.0539749 112.239 
-0.0553158 0.00956263 0.998423 40.4164 0.0146302 0.999855 -0.00876574 -3.79424 -0.998362 0.0141223 -0.0554476 112.21 
-0.0564847 0.00919475 0.998361 41.1841 0.0133254 0.999876 -0.00845474 -3.81593 -0.998315 0.012826 -0.0566002 112.182 
-0.0576491 0.00840782 0.998302 41.9379 0.0117531 0.999901 -0.00774254 -3.83609 -0.998268 0.0112867 -0.0577422 112.156 
-0.0585282 0.00718703 0.99826 42.6795 0.010598 0.999922 -0.0065776 -3.85614 -0.99823 0.0101945 -0.0585998 112.131 
-0.059252 0.0069097 0.998219 43.3971 0.0108052 0.999922 -0.00628007 -3.87725 -0.998185 0.0104139 -0.0593221 112.103 
-0.0594877 0.00936762 0.998185 44.1046 0.0108663 0.999903 -0.00873611 -3.90011 -0.99817 0.0103269 -0.0595837 112.076 
-0.0593245 0.0121504 0.998165 44.8089 0.0110663 0.999873 -0.0115134 -3.92123 -0.998177 0.010363 -0.0594514 112.045 
-0.0593971 0.0137939 0.998139 45.5132 0.0092985 0.999869 -0.0132644 -3.94307 -0.998191 0.00849333 -0.0595176 112.02 
-0.0594024 0.0146295 0.998127 46.2097 0.00979744 0.999853 -0.0140717 -3.96578 -0.998186 0.0089432 -0.059537 111.99 
-0.059304 0.0143887 0.998136 46.9009 0.0112728 0.999842 -0.0137434 -3.9889 -0.998176 0.0104367 -0.0594569 111.959 
-0.0594144 0.0139466 0.998136 47.5923 0.0122718 0.999837 -0.0132398 -4.01026 -0.998158 0.0114623 -0.0595759 111.927 
-0.0597209 0.0138662 0.998119 48.2788 0.00811497 0.999877 -0.013405 -4.03458 -0.998182 0.00729914 -0.0598261 111.906 
-0.0593092 0.0141249 0.99814 48.9638 0.00548703 0.999889 -0.0138236 -4.05637 -0.998225 0.00465695 -0.0593802 111.882 
-0.0592087 0.0126043 0.998166 49.651 0.00707868 0.9999 -0.0122063 -4.07922 -0.998221 0.00634298 -0.0592921 111.853 
-0.0601242 0.0121066 0.998118 50.3334 0.0077659 0.999902 -0.0116604 -4.09768 -0.998161 0.0070502 -0.0602123 111.823 
-0.0636518 0.01173 0.997903 51.0127 0.0046558 0.999924 -0.0114567 -4.11788 -0.997961 0.00391679 -0.0637015 111.797 
-0.0688122 0.0112843 0.997566 51.6916 0.000783562 0.999936 -0.011257 -4.14265 -0.997629 7.03211e-06 -0.0688166 111.768 
-0.074541 0.0151933 0.997102 52.3631 0.00459846 0.999879 -0.0148918 -4.16048 -0.997207 0.00347508 -0.0746018 111.725 
-0.0810234 0.0182394 0.996545 53.037 0.00691407 0.999819 -0.0177372 -4.17578 -0.996688 0.00545306 -0.0811348 111.676 
-0.0883711 0.0198167 0.995891 53.7135 0.0061787 0.999794 -0.0193461 -4.19745 -0.996069 0.00444367 -0.0884753 111.628 
-0.094615 0.0190043 0.995333 54.3951 0.00249133 0.999819 -0.0188531 -4.22084 -0.995511 0.000695918 -0.0946452 111.58 
-0.0999405 0.0178216 0.994834 55.087 0.00229732 0.999841 -0.0176805 -4.24422 -0.994991 0.000518455 -0.0999656 111.524 
-0.104428 0.0185897 0.994359 55.7817 0.000184602 0.999826 -0.0186725 -4.26437 -0.994532 -0.00176638 -0.104413 111.464 
-0.108412 0.017985 0.993943 56.4833 -0.00201071 0.99983 -0.0183108 -4.28453 -0.994104 -0.00398364 -0.108357 111.406 
-0.110908 0.0147833 0.993721 57.1969 -0.00127433 0.999886 -0.0150173 -4.3052 -0.99383 -0.00293186 -0.110876 111.337 
-0.112585 0.0116751 0.993574 57.9127 0.000673999 0.999932 -0.0116734 -4.32538 -0.993642 -0.000644585 -0.112585 111.266 
-0.113853 0.00866823 0.99346 58.6324 0.000400788 0.999962 -0.00867899 -4.34832 -0.993498 -0.000589965 -0.113852 111.196 
-0.115013 0.00850264 0.993328 59.3577 -0.000424425 0.999963 -0.00860854 -4.36529 -0.993364 -0.00141169 -0.115005 111.126 
-0.115116 0.012199 0.993277 60.0896 0.00140666 0.999926 -0.0121176 -4.38369 -0.993351 2.26479e-06 -0.115125 111.05 
-0.115015 0.0161825 0.993232 60.8289 0.00742156 0.999853 -0.0154309 -4.40398 -0.993336 0.00559655 -0.115118 110.968 
-0.115343 0.0208714 0.993106 61.5688 0.0147418 0.999705 -0.0192979 -4.42855 -0.993216 0.0124143 -0.115617 110.882 
-0.116225 0.0219571 0.99298 62.3199 0.0150844 0.999679 -0.0203396 -4.4515 -0.993108 0.0126146 -0.116519 110.807 
-0.116407 0.019707 0.993006 63.075 0.0131439 0.999746 -0.0182999 -4.47545 -0.993115 0.0109218 -0.116636 110.735 
-0.115982 0.0149878 0.993138 63.831 0.0135495 0.999817 -0.0135062 -4.49919 -0.993159 0.01189 -0.116164 110.656 
-0.115798 0.0127494 0.993191 64.5787 0.0155134 0.999819 -0.0110257 -4.52451 -0.993152 0.014131 -0.115975 110.577 
-0.116631 0.012358 0.993099 65.3265 0.0157699 0.99982 -0.0105895 -4.54787 -0.99305 0.014426 -0.116804 110.5 
-0.118283 0.0131693 0.992893 66.0698 0.0143973 0.99983 -0.0115462 -4.57162 -0.992876 0.0129292 -0.118452 110.427 
-0.120395 0.0139151 0.992629 66.8103 0.0136948 0.99983 -0.012355 -4.59216 -0.992632 0.0121064 -0.120565 110.351 
-0.12241 0.0142113 0.992378 67.5552 0.0152186 0.999807 -0.0124404 -4.61348 -0.992363 0.0135798 -0.122602 110.268 
-0.124001 0.0143374 0.992178 68.2948 0.0157844 0.999798 -0.0124748 -4.63603 -0.992157 0.014114 -0.124203 110.184 
-0.125907 0.013933 0.991944 69.0448 0.0157522 0.999803 -0.0120439 -4.65691 -0.991917 0.0141089 -0.126102 110.102 
-0.127399 0.0143014 0.991749 69.7981 0.0135286 0.999828 -0.01268 -4.67843 -0.991759 0.0118015 -0.12757 110.019 
-0.128466 0.0156991 0.99159 70.5644 0.0137871 0.999806 -0.0140429 -4.70473 -0.991618 0.0118671 -0.128657 109.935 
-0.129432 0.0162727 0.991455 71.3322 0.0125752 0.999812 -0.0147682 -4.72202 -0.991509 0.0105562 -0.129612 109.855 
-0.130599 0.0166638 0.991295 72.1029 0.0125938 0.999806 -0.0151477 -4.74152 -0.991355 0.0105059 -0.130784 109.769 
-0.13175 0.015037 0.991169 72.8822 0.0129851 0.999825 -0.0134422 -4.76291 -0.991198 0.0110994 -0.131922 109.683 
-0.132904 0.0128756 0.991045 73.6686 0.010659 0.999876 -0.0115609 -4.78246 -0.991072 0.00902704 -0.133025 109.599 
-0.134551 0.0109347 0.990846 74.4591 0.00790923 0.999919 -0.00996077 -4.80153 -0.990875 0.0064966 -0.134626 109.512 
-0.136861 0.0104852 0.990535 75.2592 0.00934363 0.999913 -0.0092934 -4.82117 -0.990546 0.00798329 -0.136947 109.419 
-0.138326 0.0109221 0.990327 76.051 0.0106285 0.999898 -0.00954305 -4.8443 -0.99033 0.0092056 -0.138428 109.316 
-0.140789 0.012264 0.989964 76.8581 0.0100738 0.999889 -0.0109542 -4.86185 -0.989988 0.00843044 -0.140897 109.223 
-0.142302 0.0158595 0.989696 77.6659 0.0115568 0.99983 -0.0143602 -4.88428 -0.989756 0.00939423 -0.142462 109.122 
-0.142942 0.019881 0.989531 78.4774 0.0136104 0.999743 -0.01812 -4.90763 -0.989638 0.0108778 -0.143176 109.018 
-0.143875 0.0238389 0.989309 79.2945 0.0147082 0.999651 -0.0219491 -4.93352 -0.989487 0.011393 -0.144175 108.912 
-0.143545 0.0248886 0.989331 80.127 0.0169158 0.999599 -0.0226926 -4.96107 -0.989499 0.0134779 -0.143908 108.804 
-0.143019 0.0243519 0.98942 80.962 0.0206551 0.999553 -0.0216156 -4.99106 -0.989504 0.0173452 -0.143458 108.694 
-0.14299 0.0225021 0.989468 81.8066 0.0212051 0.999582 -0.0196676 -5.02013 -0.989497 0.0181695 -0.143407 108.589 
-0.142476 0.0209522 0.989576 82.6565 0.02063 0.999622 -0.0181946 -5.0473 -0.989583 0.0178226 -0.142855 108.49 
-0.140649 0.0185035 0.989887 83.5082 0.0197191 0.999679 -0.0158848 -5.07594 -0.989863 0.0172855 -0.140969 108.387 
-0.139137 0.0153209 0.990155 84.37 0.0200944 0.999718 -0.0126452 -5.10152 -0.990069 0.0181371 -0.139405 108.286 
-0.137483 0.0119936 0.990432 85.2293 0.0206433 0.999744 -0.00924082 -5.12467 -0.990289 0.0191753 -0.137695 108.183 
-0.135922 0.0117512 0.99065 86.0895 0.0188592 0.999779 -0.00927192 -5.14908 -0.99054 0.0174226 -0.136113 108.087 
-0.134633 0.0159366 0.990767 86.947 0.0198557 0.999713 -0.0133824 -5.17652 -0.990697 0.0178706 -0.134911 107.988 
-0.132807 0.0222755 0.990892 87.8154 0.020585 0.999594 -0.0197122 -5.20167 -0.990928 0.0177796 -0.133212 107.892 
-0.131214 0.0258084 0.991018 88.6718 0.0186044 0.999549 -0.0235672 -5.22935 -0.99118 0.0153449 -0.131635 107.794 
-0.129892 0.0233569 0.991253 89.5338 0.0168724 0.99963 -0.0213434 -5.25957 -0.991385 0.0139524 -0.130238 107.7 
-0.128604 0.0206465 0.991481 90.3917 0.0174497 0.999676 -0.0185537 -5.29344 -0.991543 0.0149149 -0.128923 107.605 
-0.127797 0.0191295 0.991616 91.2514 0.0185777 0.999685 -0.0168908 -5.32199 -0.991626 0.0162633 -0.128112 107.506 
-0.127035 0.0186093 0.991724 92.1192 0.0176978 0.999707 -0.0164921 -5.35702 -0.99174 0.0154562 -0.127328 107.415 
-0.12657 0.0185397 0.991784 92.9868 0.0170578 0.999718 -0.016511 -5.38743 -0.991811 0.0148279 -0.12685 107.321 
-0.125649 0.016772 0.991933 93.8539 0.0197635 0.999701 -0.0143998 -5.41642 -0.991878 0.0177948 -0.125943 107.22 
-0.12425 0.0159555 0.992123 94.7218 0.0223062 0.999663 -0.0132832 -5.44812 -0.992 0.0204801 -0.124564 107.118 
-0.123423 0.0173502 0.992203 95.5935 0.0245249 0.999595 -0.0144287 -5.47598 -0.992051 0.0225529 -0.123798 107.021 
-0.122435 0.0194011 0.992287 96.4611 0.0251589 0.999548 -0.0164388 -5.50492 -0.992158 0.0229522 -0.122867 106.926 
-0.121346 0.021019 0.992388 97.3236 0.0224274 0.999579 -0.0184289 -5.53081 -0.992357 0.0200204 -0.121766 106.834 
-0.120667 0.0167086 0.992552 98.1859 0.0172733 0.999742 -0.0147296 -5.56045 -0.992543 0.0153673 -0.120925 106.75 
-0.12068 0.0147914 0.992581 99.049 0.0127387 0.99983 -0.0133506 -5.58995 -0.99261 0.0110331 -0.120848 106.666 
-0.121371 0.0151096 0.992492 99.8991 0.00939271 0.999857 -0.0140731 -5.62057 -0.992563 0.00761413 -0.121496 106.576 
-0.122395 0.0197335 0.992285 100.748 0.00646125 0.999797 -0.0190858 -5.65054 -0.99246 0.00407538 -0.122498 106.489 
-0.123139 0.0221847 0.992142 101.59 0.00577316 0.999749 -0.0216383 -5.68123 -0.992373 0.00306328 -0.123236 106.402 
-0.123374 0.0226274 0.992102 102.431 0.00657357 0.999737 -0.021984 -5.71333 -0.992338 0.00380939 -0.12349 106.307 
-0.123619 0.0218995 0.992088 103.26 0.00818019 0.999745 -0.0210492 -5.74986 -0.992296 0.00551339 -0.123766 106.215 
-0.124085 0.0227122 0.992012 104.085 0.0094907 0.999719 -0.0217015 -5.78206 -0.992226 0.00672204 -0.124266 106.123 
-0.12425 0.0258725 0.991914 104.904 0.0108149 0.999636 -0.0247192 -5.81766 -0.992192 0.00765609 -0.124484 106.03 
-0.124841 0.0271964 0.991804 105.717 0.0105482 0.999604 -0.0260826 -5.85452 -0.992121 0.00720559 -0.125079 105.945 
-0.125884 0.0275542 0.991662 106.531 0.00893426 0.999605 -0.0266408 -5.8889 -0.992005 0.00550613 -0.12608 105.859 
-0.128015 0.0265075 0.991418 107.338 0.00743391 0.99964 -0.0257674 -5.92323 -0.991744 0.0040715 -0.128166 105.772 
-0.131224 0.027711 0.990965 108.142 0.00731727 0.999609 -0.0269837 -5.96087 -0.991326 0.00371026 -0.131375 105.685 
-0.134519 0.0304067 0.990444 108.938 0.00702941 0.999533 -0.029731 -5.99567 -0.990886 0.00296286 -0.13467 105.595 
-0.137803 0.0318192 0.989948 109.727 0.00551757 0.999493 -0.0313578 -6.03112 -0.990444 0.00114089 -0.137909 105.502 
-0.14102 0.0319262 0.989492 110.51 0.00603533 0.999489 -0.0313886 -6.06758 -0.989988 0.0015455 -0.14114 105.405 
-0.143898 0.0305523 0.989121 111.293 0.0073427 0.999529 -0.0298055 -6.10595 -0.989565 0.00297387 -0.144054 105.304 
-0.146122 0.0313636 0.988769 112.068 0.00895006 0.999498 -0.0303813 -6.1449 -0.989226 0.00441017 -0.146329 105.197 
-0.148111 0.0356754 0.988327 112.844 0.0043336 0.999363 -0.0354243 -6.18832 -0.988961 -0.000963715 -0.148171 105.104 
-0.149789 0.0426058 0.9878 113.612 0.00203555 0.999082 -0.0427837 -6.23175 -0.988716 -0.00439784 -0.149739 105.006 
-0.152311 0.0455876 0.987281 114.376 0.00651732 0.99896 -0.0451215 -6.271 -0.988311 -0.000438056 -0.152449 104.894 
-0.154955 0.0438113 0.98695 115.147 0.0085375 0.999038 -0.0430075 -6.31025 -0.987885 0.00176184 -0.15518 104.782 
-0.15804 0.0358713 0.986781 115.922 0.00696807 0.999356 -0.0352124 -6.35832 -0.987408 0.00131097 -0.158188 104.675 
-0.160268 0.0336038 0.986501 116.688 0.0057266 0.999435 -0.033114 -6.40519 -0.987057 0.000342181 -0.16037 104.565 
-0.161702 0.0366077 0.98616 117.449 0.00549624 0.99933 -0.0361953 -6.44481 -0.986824 -0.000432688 -0.161795 104.45 
-0.164493 0.039951 0.985569 118.201 0.00301083 0.999195 -0.0400008 -6.48369 -0.986374 -0.00361248 -0.164481 104.341 
-0.166934 0.0424244 0.985055 118.948 0.0023215 0.999088 -0.0426353 -6.5266 -0.985965 -0.00483046 -0.16688 104.229 
-0.168419 0.046547 0.984616 119.689 0.00608996 0.998915 -0.0461812 -6.57471 -0.985697 -0.00178152 -0.168519 104.106 
-0.170123 0.0509962 0.984102 120.427 0.00641565 0.998696 -0.0506433 -6.62053 -0.985402 -0.00230193 -0.170228 103.987 
-0.173253 0.0534145 0.983428 121.177 0.00579414 0.998566 -0.0532159 -6.66402 -0.98486 -0.00352169 -0.173314 103.878 
-0.175673 0.0510391 0.983125 121.924 0.00672539 0.998694 -0.0506456 -6.71172 -0.984426 -0.00228515 -0.175787 103.761 
-0.179337 0.0477021 0.982631 122.665 0.0107528 0.998859 -0.0465274 -6.7594 -0.983729 0.00222198 -0.179645 103.629 
-0.185087 0.0463026 0.981631 123.406 0.0131941 0.998916 -0.0446301 -6.80558 -0.982634 0.00469131 -0.185497 103.5 
-0.191229 0.0450279 0.980512 124.136 0.011885 0.99898 -0.0435581 -6.85143 -0.981474 0.00332381 -0.191569 103.371 
-0.199702 0.0452892 0.97881 124.867 0.0108311 0.998972 -0.0440122 -6.8976 -0.979797 0.00181228 -0.199987 103.237 
-0.210351 0.0457441 0.976555 125.594 0.0100664 0.998953 -0.0446249 -6.94153 -0.977574 0.000443484 -0.210591 103.094 
-0.222363 0.0467728 0.973842 126.311 0.0105302 0.998906 -0.0455722 -6.98307 -0.974907 0.00012122 -0.222612 102.941 
-0.234645 0.0476039 0.970915 127.021 0.0116924 0.998866 -0.0461486 -7.0279 -0.972011 0.000523762 -0.234935 102.775 
-0.246323 0.0477133 0.968013 127.731 0.0148387 0.998856 -0.0454577 -7.07045 -0.969074 0.00316682 -0.246749 102.598 
-0.257229 0.0477508 0.96517 128.432 0.0181902 0.998841 -0.0445687 -7.11521 -0.966179 0.00609222 -0.257799 102.412 
-0.267058 0.0478088 0.962494 129.134 0.0223166 0.998808 -0.0434205 -7.15729 -0.963422 0.00988377 -0.267806 102.216 
-0.275883 0.0484998 0.959967 129.831 0.0281545 0.998705 -0.0423656 -7.1994 -0.960779 0.0153395 -0.276891 102.017 
-0.283359 0.0485621 0.957784 130.518 0.0332515 0.998614 -0.0407948 -7.2425 -0.958437 0.0202881 -0.284581 101.812 
-0.289764 0.0488211 0.955852 131.211 0.0337132 0.998599 -0.0407843 -7.28351 -0.956504 0.020407 -0.291004 101.614 
-0.294442 0.0470088 0.954512 131.901 0.0375319 0.998588 -0.0376018 -7.32093 -0.954932 0.0247531 -0.295791 101.407 
-0.296445 0.0442759 0.954023 132.586 0.0433658 0.998519 -0.0328657 -7.3575 -0.954065 0.0316291 -0.297925 101.195 
-0.297386 0.0429745 0.95379 133.266 0.0497629 0.998326 -0.0294653 -7.39274 -0.95346 0.0387008 -0.299027 100.98 
-0.298372 0.041375 0.953552 133.94 0.0520593 0.998278 -0.027026 -7.43108 -0.953029 0.0415775 -0.300012 100.778 
-0.297843 0.046778 0.953468 134.605 0.0546329 0.997997 -0.0318964 -7.46577 -0.95305 0.0425906 -0.299802 100.575 
-0.296569 0.0500717 0.953698 135.269 0.0542756 0.997894 -0.0355141 -7.49829 -0.953468 0.0412302 -0.298662 100.38 
-0.295981 0.0500676 0.953881 135.928 0.0563703 0.9978 -0.0348816 -7.53163 -0.953529 0.0434463 -0.298152 100.19 
-0.294087 0.0484349 0.954551 136.586 0.057745 0.997791 -0.0328382 -7.56657 -0.954033 0.0454632 -0.296235 99.9942 
-0.292111 0.0454346 0.955305 137.241 0.0597101 0.997789 -0.0291971 -7.60655 -0.954519 0.0485125 -0.294178 99.7996 
-0.290826 0.0461256 0.955663 137.887 0.0606203 0.997719 -0.0297075 -7.64258 -0.954854 0.0492929 -0.292959 99.614 
-0.288196 0.0486207 0.956336 138.528 0.0617957 0.997573 -0.0320948 -7.67351 -0.955576 0.0498479 -0.290501 99.4282 
-0.283786 0.0502082 0.957572 139.164 0.0634112 0.997425 -0.0335052 -7.70674 -0.956789 0.0512124 -0.286239 99.2478 
-0.278635 0.0494119 0.959125 139.796 0.0643541 0.997392 -0.0326878 -7.73958 -0.958239 0.0526157 -0.281088 99.0787 
-0.27302 0.0475243 0.960834 140.425 0.0659258 0.997355 -0.0305979 -7.77474 -0.959747 0.0549898 -0.275431 98.9076 
-0.268432 0.0456128 0.962218 141.053 0.0655104 0.99743 -0.0290063 -7.80739 -0.961068 0.0552491 -0.270731 98.7456 
-0.26421 0.0447982 0.963424 141.672 0.0657637 0.997433 -0.0283445 -7.84022 -0.96222 0.0558694 -0.266478 98.5851 
-0.260418 0.0432283 0.964528 142.293 0.0664312 0.997432 -0.0267668 -7.87061 -0.963208 0.0571041 -0.262621 98.4301 
-0.256736 0.0418064 0.965577 142.908 0.0697095 0.997263 -0.0246433 -7.89775 -0.963964 0.060983 -0.258948 98.276 
-0.252794 0.0403182 0.96668 143.521 0.0720925 0.997139 -0.0227358 -7.9256 -0.964831 0.0639429 -0.254977 98.1196 
-0.249548 0.0389342 0.967579 144.126 0.0702149 0.997289 -0.0220205 -7.95655 -0.965813 0.0624433 -0.251605 97.9777 
-0.245877 0.0396818 0.968489 144.722 0.0672036 0.997455 -0.0238072 -7.98833 -0.966969 0.0592323 -0.247918 97.8421 
-0.241234 0.0432449 0.969503 145.312 0.0686285 0.997266 -0.027407 -8.01585 -0.968037 0.059924 -0.243542 97.7054 
-0.235687 0.0463698 0.970722 145.897 0.0700954 0.997071 -0.0306096 -8.04247 -0.969298 0.0608289 -0.238246 97.5746 
-0.229121 0.0473444 0.972246 146.487 0.0693693 0.997071 -0.0322056 -8.07077 -0.970923 0.0600651 -0.231734 97.4522 
